0.908742 9.9973E-05 9.9973E-05 0.0909585 9.9973E-05
0.960838 9.9982E-05 0.0338725 0.00508939 9.9982E-05
0.846175 0.0519615 9.9991E-05 0.0302832 0.0714801
0.788346 0.103591 9.9991E-05 0.10767 0.000293808
0.873154 0.0476273 0.00861015 9.9991E-05 0.0705088
0.693093 0.0190714 0.104275 0.0572638 0.126297
0.890358 9.9982E-05 0.0747627 0.0346789 9.9982E-05
0.775989 0.0265942 0.0679733 0.120595 0.00884816
0.847008 9.9982E-05 0.12035 0.0324419 9.9982E-05
0.758171 0.0503427 0.0622852 9.9991E-05 0.129101
0.800042 9.9991E-05 0.112845 0.0541658 0.0328478
9.9991E-05 0.0724497 0.152498 0.496444 0.278508
0.0754315 0.0204356 0.00803428 0.330895 0.565203
0.0250336 0.109209 0.10397 0.475056 0.286731
0.030432 0.207563 9.9991E-05 0.429446 0.332459
0.105186 0.160849 0.0706433 0.23575 0.427571
0.079331 0.0997506 0.0321901 0.17723 0.611498
0.059408 0.0640548 0.150635 0.247528 0.478374
0.168046 0.084304 0.0768613 0.356474 0.314315
0.0271603 0.0979266 0.163423 0.71139 9.9991E-05
0.0166073 0.117778 0.134011 0.363105 0.368499
0.0766276 0.101313 0.200502 0.118502 0.503056
0.050302 0.067756 0.0492847 0.251517 0.581141
0.0219013 0.106606 0.12311 0.423163 0.325219
0.12742 0.109276 0.0914586 0.108812 0.563033
0.0413056 0.114587 0.0287382 0.300796 0.514573
0.00636509 0.13945 0.0956325 0.519555 0.238997
0.015649 0.235088 0.0836017 0.39595 0.269711
0.00754275 0.0338095 0.132404 0.547403 0.27884
0.816751 0.0945331 9.9982E-05 9.9982E-05 0.0885158
0.82875 0.0265674 9.9982E-05 9.9982E-05 0.144483
0.754412 0.127732 9.9991E-05 0.0302523 0.0875032
0.783561 0.0702289 0.0161348 9.9991E-05 0.129976
0.0406677 9.9991E-05 0.0701937 0.201852 0.687187
0.107198 0.0420483 0.194344 0.0807326 0.575677
0.0190885 9.9982E-05 0.323484 9.9982E-05 0.657228
0.0985971 9.9991E-05 0.0592452 0.602123 0.239934
9.9991E-05 0.00171884 0.436526 0.0624091 0.499246
0.0490167 0.117302 0.109233 0.199522 0.524927
0.0591212 0.0654871 0.181051 9.9991E-05 0.69424
0.160287 9.9991E-05 0.179438 0.0280692 0.632106
0.1771 9.9991E-05 0.0938534 0.0347226 0.694224
9.9982E-05 9.9982E-05 0.426686 0.24208 0.331034
0.0527775 0.0905649 0.166536 0.1025 0.587622
0.088382 0.174566 0.236238 0.0122424 0.488572
0.144489 0.0966998 0.151664 0.0667005 0.540446
9.9982E-05 9.9982E-05 0.460114 0.0450961 0.49459
0.0333966 0.0332007 0.223158 0.0129145 0.69733
0.151984 0.0337863 0.147749 0.0656654 0.600815
0.0847793 9.9991E-05 0.836809 0.0487361 0.0295756
9.9982E-05 9.9982E-05 0.273861 0.497792 0.228146
9.9991E-05 0.0933561 0.599779 0.23673 0.0700348
0.0831209 0.114235 0.0526475 0.218681 0.531316
0.166943 0.0893833 0.0685979 0.0858743 0.589201
0.0972672 0.0928603 0.0868748 0.210747 0.512251
0.0985589 0.0173585 0.29595 0.370407 0.217726
0.0599934 0.0521487 0.10241 0.181107 0.604341
0.0529203 0.149404 0.248199 0.104119 0.445358
0.127023 0.0211554 0.186324 0.211193 0.454305
0.194753 0.113297 0.31305 0.333478 0.0454229
0.0343686 0.0919682 0.0716101 0.21737 0.584683
0.0851327 0.0644092 0.136424 0.2641 0.449934
0.0388538 9.9991E-05 0.288251 0.580482 0.0923138
9.9991E-05 0.0579752 0.0950763 0.315617 0.531232
0.00707705 0.185042 0.117144 0.127073 0.563663
0.073971 0.0840559 0.0732375 0.207662 0.561074
0.0856845 0.0558153 0.244012 0.279351 0.335137
9.9991E-05 0.0329406 0.141765 0.275131 0.550063
0.11264 0.0363473 0.117569 0.0730246 0.660419
0.0418176 9.9991E-05 0.22058 0.426263 0.311239
9.9982E-05 9.9982E-05 0.156705 0.134099 0.708996
9.9982E-05 9.9982E-05 0.402162 0.134878 0.46276
0.142852 9.9991E-05 0.167652 0.0827913 0.606605
9.9982E-05 9.9982E-05 0.796262 0.00651682 0.197021
9.9982E-05 9.9982E-05 0.783613 0.0250817 0.191106
9.9982E-05 9.9982E-05 0.483264 0.0490555 0.467481
9.9982E-05 9.9982E-05 0.203277 0.1714 0.625123
0.194476 0.00882802 0.0932668 0.0821553 0.621274
9.9991E-05 0.0217256 0.297781 0.140799 0.539594
0.0356422 0.0144266 0.353427 0.243425 0.35308
0.0231174 9.9991E-05 0.262315 0.356497 0.357971
0.128864 0.00656564 0.216574 0.0353239 0.612673
0.0206579 9.9991E-05 0.333132 0.114619 0.531491
0.110255 9.9991E-05 0.286691 0.0854563 0.517498
9.9982E-05 9.9982E-05 0.37203 0.0315871 0.596183
9.9982E-05 9.9982E-05 0.802455 0.0745468 0.122798
9.9991E-05 0.0600098 0.186941 0.0541065 0.698842
0.828766 9.9982E-05 9.9982E-05 0.0548867 0.116147
0.930058 9.9973E-05 9.9973E-05 9.9973E-05 0.0696423
0.873867 0.0416923 9.9991E-05 0.0187946 0.0655459
0.927369 0.0268348 9.9982E-05 9.9982E-05 0.0455959
0.866595 0.0359407 0.00354414 0.0405058 0.0534145
0.925531 0.0421173 9.9982E-05 9.9982E-05 0.0321521
0.926021 9.9973E-05 9.9973E-05 9.9973E-05 0.0736795
0.162122 0.08658 0.1353 0.0646644 0.551333
0.0399704 0.154865 0.131618 0.167126 0.50642
9.9982E-05 9.9982E-05 0.582939 0.154223 0.262638
0.111527 0.0607154 0.182309 0.0294623 0.615986
0.014564 9.9991E-05 0.231203 0.139525 0.614608
0.0681282 0.0599134 0.206578 9.9991E-05 0.66528
0.0334458 0.0355598 0.317153 0.0250485 0.588793
0.0482693 0.0292476 0.299996 9.9991E-05 0.622388
0.0148247 9.9991E-05 0.530734 0.329683 0.124659
0.22447 9.9982E-05 0.193168 9.9982E-05 0.582162
0.150684 9.9982E-05 0.0956903 9.9982E-05 0.753425
0.110864 0.0655438 0.130606 0.0755868 0.617399
0.00357151 9.9991E-05 0.497623 0.00301293 0.495692
0.0536108 9.9982E-05 0.278995 9.9982E-05 0.667194
0.0455174 9.9991E-05 0.270985 0.087117 0.596281
9.9991E-05 0.039255 0.396762 0.0185741 0.545309
0.118673 9.9991E-05 0.132351 0.225729 0.523147
0.147206 0.0305889 0.030341 0.189024 0.60284
0.0703133 0.0145237 0.294164 0.31181 0.30919
0.114631 0.17933 0.0423526 0.319138 0.344548
0.152054 0.0997207 0.0850088 0.221873 0.441344
0.0853857 0.115525 0.052627 0.161586 0.584876
0.0551888 0.00195498 0.0882407 0.319748 0.534867
0.0186561 0.081686 0.0290689 0.271341 0.599248
9.9982E-05 0.0504267 9.9982E-05 0.476406 0.472968
0.0488608 0.0951005 0.181776 0.192075 0.482187
0.062139 0.128094 0.086897 0.146177 0.576693
0.0911394 0.00227584 0.111214 0.157661 0.63771
9.9973E-05 9.9973E-05 9.9973E-05 0.401057 0.598643
0.0200668 0.0818035 0.0898429 0.135973 0.672314
0.0831826 0.06421 0.0711102 0.171879 0.609618
0.0102336 0.0661423 0.037662 0.271963 0.613999
0.059364 0.134607 0.0651902 0.270921 0.469918
9.9991E-05 0.178535 0.0927601 0.16233 0.566274
0.09964 0.00468034 0.183865 0.236807 0.475009
0.0289779 0.0565886 0.0108351 0.210082 0.693516
0.0586228 0.0495919 9.9991E-05 0.202187 0.689498
9.9991E-05 0.114435 0.152772 0.440949 0.291743
9.9991E-05 0.139179 0.353051 0.391174 0.116497
0.0676804 0.0632903 0.0978666 0.238613 0.532549
9.9991E-05 0.0951128 0.523473 0.322264 0.0590509
9.9982E-05 9.9982E-05 0.175602 0.508586 0.315612
9.9982E-05 9.9982E-05 0.162158 0.340521 0.497121
9.9982E-05 9.9982E-05 0.119549 0.491985 0.388266
0.0114575 9.9991E-05 0.139738 0.490109 0.358595
0.0824452 0.0489274 0.0417448 0.195102 0.631781
0.145238 0.0421904 9.9991E-05 0.160568 0.651904
0.114963 0.0559082 0.0447728 0.236867 0.547489
9.9991E-05 0.0947695 0.390981 0.340618 0.173532
0.225383 9.9991E-05 0.0641562 0.140874 0.569487
0.0676469 0.101975 0.315771 0.0718731 0.442734
0.198501 0.000903933 0.633466 0.121586 0.0455422
0.113488 0.089953 0.193495 9.9991E-05 0.602965
0.11468 0.0685018 0.304026 0.128349 0.384444
0.0773063 0.17993 0.224669 0.0931099 0.424985
0.143787 0.0382009 0.434547 0.0979463 0.285518
0.12235 9.9991E-05 0.476645 0.139589 0.261316
0.112475 9.9991E-05 0.269114 0.169455 0.448856
0.0296997 0.133394 0.247636 0.135863 0.453407
0.144278 0.129243 0.14897 0.183987 0.393522
0.0787022 0.221897 0.585015 0.0937711 0.0206142
0.168138 9.9991E-05 0.19691 0.0202466 0.614605
0.00543145 9.9991E-05 0.435184 0.147172 0.412112
9.9991E-05 0.0562999 0.334955 0.129824 0.478821
0.0443755 0.158611 0.175554 0.0871156 0.534344
0.331657 0.293172 0.186563 0.0469116 0.141697
0.566069 0.16778 0.265952 9.9982E-05 9.9982E-05
0.491969 0.165098 0.342733 9.9982E-05 9.9982E-05
0.424304 0.379164 0.130822 0.0346157 0.0310937
0.0169822 0.0245104 0.278014 9.9991E-05 0.680393
0.100721 0.0207993 0.197526 0.0835466 0.597407
9.9982E-05 0.683624 9.9982E-05 0.0623266 0.25385
0.013187 0.480155 0.00780826 0.11865 0.3802
0.153129 0.402385 0.018896 0.0555334 0.370057
0.0431959 0.0683169 0.547276 9.9991E-05 0.341111
9.9991E-05 0.127332 0.222599 0.139391 0.510578
0.0325923 0.0380703 0.654446 9.9991E-05 0.274792
0.00961742 0.0928715 0.319316 9.9991E-05 0.578096
0.0652822 0.0114694 0.367409 0.0721944 0.483645
0.0401205 0.109464 0.292313 0.0120826 0.546019
9.9991E-05 0.0358757 0.67381 0.0461359 0.244079
0.0294505 0.191865 0.184138 0.00198041 0.592565
0.106388 0.112927 0.239509 0.0268611 0.514315
9.9973E-05 0.994888 9.9973E-05 0.00481178 9.9973E-05
9.9982E-05 0.908926 9.9982E-05 0.0203543 0.0705202
9.9991E-05 0.646828 0.0888834 0.0647934 0.199395
9.9973E-05 0.672523 9.9973E-05 9.9973E-05 0.327177
9.9982E-05 0.814504 9.9982E-05 0.041765 0.143531
9.997E-05 0.9996 9.997E-05 9.997E-05 9.997E-05
9.9982E-05 0.982771 0.0045208 0.012508 9.9982E-05
9.9973E-05 0.926384 9.9973E-05 9.9973E-05 0.0733164
9.9982E-05 0.968054 9.9982E-05 0.023847 0.00789856
9.997E-05 0.9996 9.997E-05 9.997E-05 9.997E-05
9.997E-05 0.9996 9.997E-05 9.997E-05 9.997E-05
0.00685735 0.827646 0.0183025 0.013027 0.134167
0.0382996 0.78309 9.9991E-05 0.0912643 0.0872463
9.9973E-05 0.983714 9.9973E-05 0.0159857 9.9973E-05
0.0655021 0.440461 0.114344 0.0718673 0.307826
0.0281218 0.634623 9.9991E-05 0.0364891 0.300666
0.0383879 0.762665 9.9991E-05 0.0626505 0.136197
0.00177792 0.92491 9.9982E-05 9.9982E-05 0.0731117
9.9973E-05 0.987128 9.9973E-05 9.9973E-05 0.0125722
0.066896 0.913857 9.9982E-05 9.9982E-05 0.0190473
9.997E-05 0.9996 9.997E-05 9.997E-05 9.997E-05
9.9991E-05 0.632496 0.0303456 0.0451033 0.291955
9.9991E-05 0.919398 0.0147857 0.0387385 0.0269774
0.392259 0.0510685 0.556472 9.9982E-05 9.9982E-05
0.207819 0.121083 0.101596 0.123283 0.446218
0.284218 0.0330158 0.206272 0.00938002 0.467114
0.228058 0.162632 0.437666 0.0353424 0.136302
0.186289 0.16375 0.0243616 0.168105 0.457494
0.294179 0.15404 0.391936 9.9991E-05 0.159745
0.206105 0.0550471 0.204768 0.0816957 0.452385
0.166016 0.241361 0.302227 9.9991E-05 0.290296
0.232364 0.152172 0.12212 9.9991E-05 0.493244
0.161996 0.28415 0.218323 9.9991E-05 0.335432
0.25579 0.0237092 0.134272 0.0263491 0.55988
0.871476 9.9991E-05 0.0374332 0.00327327 0.0877175
0.912104 0.0561933 0.0315024 9.9982E-05 9.9982E-05
0.967593 9.9991E-05 0.00102042 0.0276944 0.00359172
0.978085 9.9982E-05 9.9982E-05 0.0145029 0.00721194
0.856406 0.0317031 9.9982E-05 0.111691 9.9982E-05
0.908628 0.0843089 0.00686323 9.9982E-05 9.9982E-05
0.920544 0.0515795 9.9982E-05 9.9982E-05 0.0276766
0.914886 9.9973E-05 0.0848139 9.9973E-05 9.9973E-05
0.953641 9.9982E-05 0.0101694 9.9982E-05 0.0359896
0.865334 0.108488 0.00943517 0.0166429 9.9991E-05
0.620173 9.9982E-05 0.101272 0.278355 9.9982E-05
0.618152 9.9991E-05 0.00843623 0.360076 0.0132361
0.55302 9.9982E-05 0.142537 0.304243 9.9982E-05
0.484958 9.9982E-05 0.143383 0.371459 9.9982E-05
0.0746463 0.0123899 0.171001 0.176614 0.565349
0.03373 9.9991E-05 0.184268 0.142528 0.639374
0.00841289 0.0155176 0.159312 0.199393 0.617364
0.0678443 9.9991E-05 0.212642 0.209117 0.510297
9.9991E-05 0.047462 0.128309 0.670997 0.153132
0.0825383 0.0897483 0.0722055 0.0718477 0.68366
9.9991E-05 0.0800105 0.217877 0.098015 0.603997
9.9982E-05 9.9982E-05 0.27393 0.139093 0.586776
9.9982E-05 0.0205493 0.434951 9.9982E-05 0.5443
0.052697 0.0332284 0.127145 0.0774208 0.709509
9.9982E-05 9.9982E-05 0.272992 0.205099 0.52171
9.9982E-05 9.9982E-05 0.783709 0.167737 0.0483539
0.126454 0.0220298 0.114938 0.119385 0.617193
0.0295316 9.9991E-05 0.552123 0.0330765 0.385169
9.9982E-05 9.9982E-05 0.340653 0.040189 0.618959
9.9982E-05 9.9982E-05 0.415587 0.283391 0.300822
0.136988 9.9991E-05 0.128401 0.72678 0.00773044
0.126536 9.9991E-05 0.136665 0.683645 0.0530551
0.0705415 9.9982E-05 0.136996 0.792262 9.9982E-05
0.115011 9.9982E-05 0.0926069 0.792182 9.9982E-05
0.0155335 0.0612181 0.105283 0.799206 0.0187596
0.0929212 0.0137156 0.0124259 0.781521 0.0994163
0.913503 0.0262811 9.9982E-05 9.9982E-05 0.0600161
0.865948 0.0236023 9.9991E-05 0.0372895 0.0730601
0.764784 0.110568 9.9991E-05 0.0101991 0.114349
0.750282 0.121574 9.9991E-05 0.08464 0.0434046
0.855104 0.0570519 9.9982E-05 9.9982E-05 0.0876438
0.399199 9.9982E-05 0.0888604 0.51174 9.9982E-05
0.507446 9.9982E-05 0.115982 0.376372 9.9982E-05
0.453364 9.9982E-05 0.123776 0.42266 9.9982E-05
0.811812 0.0573592 9.9991E-05 0.0243719 0.106357
0.37986 9.9982E-05 0.126763 0.493177 9.9982E-05
0.180149 0.4681 0.135555 9.9991E-05 0.216096
0.128522 0.205455 9.9991E-05 0.0892239 0.5767
0.190787 0.30655 9.9982E-05 9.9982E-05 0.502463
0.267429 0.213988 0.116142 0.0528435 0.349598
0.0955579 0.211018 0.0901055 0.0374021 0.565917
0.462248 0.347717 0.189835 9.9982E-05 9.9982E-05
9.9982E-05 9.9982E-05 0.153177 0.296412 0.550212
0.00591249 0.0745419 0.367016 0.189699 0.36283
0.113331 0.00486615 0.0447708 0.554624 0.282408
9.9991E-05 0.0382812 0.245984 0.182357 0.533277
9.9973E-05 9.9973E-05 0.85393 0.14577 9.9973E-05
0.0688921 0.0645167 0.0478121 0.274943 0.543836
0.0939688 9.9991E-05 0.211009 0.162189 0.532733
0.0728372 9.9991E-05 0.068548 0.42017 0.438345
0.119526 0.104943 9.9991E-05 0.273898 0.501533
9.9991E-05 0.014995 0.576374 0.276447 0.132083
0.0428006 0.0851732 0.321767 0.17234 0.377919
9.9991E-05 0.0720263 0.0974503 0.31144 0.518984
0.222042 0.223793 0.142983 0.082314 0.328869
9.9991E-05 0.0278774 0.205826 0.359315 0.406882
0.0213218 0.117304 0.176141 0.293481 0.391752
0.0430686 0.193266 0.152367 0.104486 0.506813
0.0185115 9.9991E-05 0.12357 0.228812 0.629007
0.0499433 0.0996646 0.0526034 0.171814 0.625975
0.152852 9.9991E-05 0.0712186 0.198492 0.577337
0.0354308 0.1002 0.116497 0.165108 0.582763
0.803616 0.103403 9.9982E-05 9.9982E-05 0.0927817
0.851426 0.0519121 0.0105492 9.9991E-05 0.0860128
0.793913 9.9991E-05 0.0617198 0.0776844 0.0665832
0.824124 9.9991E-05 0.0976827 0.0150334 0.0630603
0.84601 0.00831453 9.9982E-05 9.9982E-05 0.145475
9.9991E-05 0.0839813 0.109597 0.663965 0.142357
0.0820488 0.0884376 0.211079 0.137959 0.480476
0.256579 0.13366 0.120068 9.9991E-05 0.489592
9.9991E-05 0.154936 0.00771872 0.282463 0.554782
0.0440634 0.0446245 0.0750646 0.328378 0.507869
9.9991E-05 0.15049 0.233904 0.364784 0.250723
0.117011 0.0113552 0.22484 0.646694 9.9991E-05
0.0431255 0.0161122 9.9991E-05 0.350931 0.589731
0.0848625 0.00856068 0.171634 0.526879 0.208064
9.9991E-05 0.115474 0.214521 0.236287 0.433617
0.110938 0.0217436 0.189746 0.548564 0.129008
0.101535 0.0939745 9.9991E-05 0.261593 0.542798
0.0196638 0.0825969 0.0999353 0.621619 0.176185
0.0400692 0.0877613 0.234034 0.300007 0.338128
0.0197491 0.112331 0.304855 0.111172 0.451893
0.080177 0.00513562 0.49033 0.107418 0.316939
0.137481 0.0750919 0.170592 0.0157151 0.60112
0.15372 0.108408 0.13288 0.0407798 0.564213
0.0621765 9.9991E-05 0.469937 0.0533256 0.414461
0.121781 0.0992628 0.185376 0.0728031 0.520777
0.104944 9.9982E-05 0.245522 9.9982E-05 0.649334
9.9982E-05 9.9982E-05 0.721642 0.0933079 0.18485
0.0292631 9.9991E-05 0.661701 0.0116429 0.297293
0.035694 9.9991E-05 0.386432 0.0658814 0.511892
0.0451976 9.9991E-05 0.658345 0.0805257 0.215832
0.0364268 9.9991E-05 0.301497 0.109545 0.552431
9.9991E-05 0.0586597 0.15444 0.612635 0.174166
9.9991E-05 0.0426763 0.317003 0.340256 0.299965
9.9982E-05 0.121276 9.9982E-05 0.52688 0.351643
9.9991E-05 0.142515 0.0848035 0.145819 0.626762
9.9982E-05 9.9982E-05 0.116684 0.547962 0.335154
0.0703739 0.148549 0.263754 0.142279 0.375045
9.9991E-05 0.124112 0.0737719 0.234817 0.567199
0.111889 0.0792314 0.101714 0.190698 0.516468
9.9991E-05 0.151632 0.0447282 0.364059 0.439481
0.047347 0.0493905 0.118445 0.310441 0.474377
9.9991E-05 0.0978807 0.0941755 0.531223 0.276621
0.0136565 0.132603 0.13563 0.463641 0.25447
9.9991E-05 0.120672 0.0806379 0.242746 0.555844
0.0554614 0.0650208 0.0491809 0.193864 0.636473
0.0683871 0.0122131 0.144812 0.29255 0.482038
9.9991E-05 0.118773 0.117785 0.222413 0.540929
0.0814716 0.0660108 0.0306555 0.475355 0.346507
0.0169555 9.9991E-05 0.0871251 0.259265 0.636554
0.0666399 0.100337 0.0888104 0.227346 0.516866
0.0652506 0.179174 0.0804782 0.125378 0.549719
0.389097 0.066042 9.9982E-05 9.9982E-05 0.544661
0.101157 0.305262 0.0999241 0.0606629 0.432995
0.186346 0.200957 0.142873 9.9991E-05 0.469725
0.070222 0.128864 0.0705964 0.0776841 0.652633
0.224436 0.235693 0.00291918 9.9991E-05 0.536851
9.9991E-05 0.0555179 0.180002 0.2292 0.53518
0.0982991 0.210363 0.0615256 0.124073 0.505739
0.244597 0.195356 0.535816 0.0241316 9.9991E-05
0.122497 0.180895 0.0430516 0.177335 0.476222
0.114124 0.225285 0.0347583 0.123706 0.502127
0.0692191 0.260755 0.0926836 0.106309 0.471033
0.175872 0.178786 0.191605 0.0994991 0.354238
0.175023 0.19638 0.0692009 9.9991E-05 0.559296
0.178008 0.224044 0.11244 9.9991E-05 0.485409
0.54371 0.175976 0.280115 9.9982E-05 9.9982E-05
0.170033 0.307629 0.0472484 9.9991E-05 0.47499
0.152027 0.280901 0.0229203 0.0582799 0.485872
0.118462 0.203891 0.133191 0.0619556 0.4825
0.232184 0.22855 0.0082515 9.9991E-05 0.530914
0.172986 0.118721 0.0927144 0.0658177 0.549761
0.0479889 0.120285 0.352391 9.9991E-05 0.479235
0.0786195 0.0837214 0.16728 0.126792 0.543586
9.9991E-05 0.00676535 0.712782 0.148859 0.131493
9.9982E-05 9.9982E-05 0.784597 0.0727865 0.142417
0.0765639 0.0832436 0.187154 0.0862887 0.566749
0.104733 0.369538 0.204146 9.9991E-05 0.321483
0.140567 0.388403 0.175842 9.9991E-05 0.295088
0.22615 0.341497 0.279709 0.000527931 0.152116
0.233711 0.305537 0.151827 9.9991E-05 0.308825
0.092938 0.147924 0.630458 9.9991E-05 0.12858
0.118828 0.145124 0.527161 9.9991E-05 0.208788
0.0262586 0.209326 0.231954 0.00570568 0.526755
0.0267427 0.185906 0.299417 9.9991E-05 0.487835
0.0513518 0.195892 0.539807 0.0131311 0.199819
0.103633 0.22405 0.0945759 0.0742222 0.503519
9.9982E-05 0.160064 0.282715 9.9982E-05 0.557021
0.0606006 0.201379 0.208618 0.0743006 0.455101
9.9982E-05 9.9982E-05 0.446835 0.111621 0.441344
9.9991E-05 0.061688 0.369529 0.174137 0.394546
0.0639255 0.0978308 0.230056 0.158478 0.44971
0.0993762 0.0664898 0.307806 0.105054 0.421274
0.0910606 0.150151 0.224499 0.050077 0.484212
0.0432109 0.0324821 0.380181 9.9991E-05 0.544026
9.9982E-05 9.9982E-05 0.573016 0.129826 0.296958
0.0814502 0.0357644 0.26517 9.9991E-05 0.617515
9.9982E-05 9.9982E-05 0.632111 0.0381933 0.329496
0.0981325 9.9982E-05 0.387229 9.9982E-05 0.514439
0.0873006 0.116025 0.199069 0.0717009 0.525905
0.025713 0.0734054 0.3476 0.0683267 0.484955
0.170823 0.196849 0.0553317 0.0519324 0.525064
0.192876 0.180181 0.210073 0.0470323 0.369838
0.185628 0.27601 0.198812 0.0322537 0.307296
0.200951 0.289023 0.121027 0.081246 0.307753
0.154066 0.176813 0.1311 0.119756 0.418265
0.130488 0.235557 0.171921 0.100598 0.361436
0.194703 0.174765 0.586297 0.0441348 9.9991E-05
0.0549581 0.305279 0.0173292 0.0644317 0.558002
0.398743 0.192614 0.408443 9.9982E-05 9.9982E-05
0.0842478 0.192208 0.169162 9.9991E-05 0.554283
9.9973E-05 9.9973E-05 0.761954 9.9973E-05 0.237746
0.00393051 9.9991E-05 0.881937 0.0422859 0.0717465
9.9991E-05 0.00403937 0.447435 0.018145 0.530281
0.101449 9.9982E-05 0.195583 9.9982E-05 0.702768
9.9982E-05 9.9982E-05 0.42025 0.093258 0.486292
0.0286358 0.0111144 0.291729 0.0269814 0.64154
9.9973E-05 9.9973E-05 0.314854 9.9973E-05 0.684846
0.818595 0.0147626 0.0283487 0.000660269 0.137633
0.735178 0.0739784 9.9991E-05 0.141259 0.049484
0.921582 0.0522566 9.9982E-05 0.025961 9.9982E-05
0.952989 9.9982E-05 0.00380705 9.9982E-05 0.0430039
0.0566184 9.9991E-05 0.200862 0.0640784 0.678341
0.117764 0.0469017 0.163774 9.9991E-05 0.671461
9.9982E-05 9.9982E-05 0.247944 0.117222 0.634634
0.0854684 9.9991E-05 0.183368 0.0125924 0.718471
0.0836138 0.0941011 0.0849509 0.137724 0.59961
0.0221423 9.9991E-05 0.468671 0.139918 0.369168
9.9982E-05 9.9982E-05 0.193691 0.0421242 0.763985
0.0101247 9.9991E-05 0.475585 0.0469278 0.467263
0.244404 0.174256 9.9991E-05 0.0456857 0.535555
9.9991E-05 0.0474872 0.349371 0.0742797 0.528762
9.9982E-05 9.9982E-05 0.291534 0.214917 0.493349
9.9991E-05 0.0568816 0.260156 0.0178697 0.664992
0.00587883 9.9991E-05 0.334086 0.109605 0.55033
0.0138555 9.9982E-05 0.306291 9.9982E-05 0.679653
0.114734 9.9991E-05 0.120225 0.0720387 0.692903
9.9973E-05 9.9973E-05 0.676092 9.9973E-05 0.323608
9.9991E-05 0.012079 0.537644 0.0132667 0.43691
9.9982E-05 9.9982E-05 0.41293 0.115867 0.471002
9.9973E-05 9.9973E-05 0.929465 9.9973E-05 0.0702351
0.0439905 9.9991E-05 0.330182 0.0784037 0.547324
9.9982E-05 9.9982E-05 0.713954 0.00373096 0.282115
0.00538076 9.9991E-05 0.882116 0.0239176 0.088486
0.00147061 0.139359 0.270242 9.9991E-05 0.588828
0.0333847 9.9991E-05 0.37976 0.195915 0.39084
0.013386 0.0400395 0.280151 0.0984239 0.567999
0.112212 0.087572 0.127701 0.0546211 0.617894
0.0309923 9.9991E-05 0.192364 0.150927 0.625617
9.9991E-05 0.135945 0.302224 0.315096 0.246635
0.0363882 9.9991E-05 0.139932 0.12671 0.696869
9.9991E-05 0.0322567 0.217632 0.199281 0.55073
9.9982E-05 9.9982E-05 0.523635 0.0149573 0.461208
0.087159 0.0729202 0.147741 0.132391 0.559788
0.666529 9.9982E-05 0.086291 0.24698 9.9982E-05
0.771725 9.9991E-05 0.0511297 0.120411 0.0566343
0.816361 9.9982E-05 0.0526424 0.130796 9.9982E-05
0.816139 9.9982E-05 0.0413224 0.142339 9.9982E-05
0.74399 9.9982E-05 9.9982E-05 0.201123 0.0546871
0.0283128 9.9991E-05 0.390782 0.249397 0.331408
9.9982E-05 9.9982E-05 0.415153 0.235797 0.348849
9.9973E-05 9.9973E-05 0.647062 9.9973E-05 0.352638
0.152527 0.0839709 0.138253 9.9991E-05 0.625149
0.129823 0.0658031 0.215561 9.9991E-05 0.588712
0.00781475 9.9991E-05 0.484056 0.00926224 0.498767
0.0419488 0.0432193 0.239057 0.0128608 0.662914
0.0186465 9.9982E-05 0.318197 9.9982E-05 0.662956
0.0203424 9.9991E-05 0.187531 0.0957088 0.696318
0.103874 9.9991E-05 0.104235 0.0794853 0.712305
9.9982E-05 9.9982E-05 0.434452 0.149197 0.416151
0.00300068 9.9991E-05 0.331758 0.156383 0.508758
9.9982E-05 9.9982E-05 0.25144 0.269147 0.479213
0.187326 9.9991E-05 0.124252 0.0087395 0.679582
0.0251583 9.9991E-05 0.292238 0.0783012 0.604203
9.9991E-05 0.0367489 0.246836 0.105803 0.610513
0.0289663 0.501981 0.0429797 0.0744042 0.351669
0.117741 0.504306 0.00797437 0.0411925 0.328786
0.143534 0.477279 9.9982E-05 9.9982E-05 0.378987
0.101952 0.554805 0.0381183 9.9991E-05 0.305025
0.154193 0.374569 0.0554064 0.0676272 0.348204
0.0110211 0.0601452 0.331804 9.9991E-05 0.59693
0.287279 0.686382 0.0261386 9.9982E-05 9.9982E-05
0.206947 0.463448 9.9982E-05 9.9982E-05 0.329406
0.17939 0.223277 0.250371 0.0423439 0.304618
0.215327 9.9982E-05 0.205508 9.9982E-05 0.578965
0.144195 0.0353006 0.334245 0.0447208 0.441539
0.17867 0.0402655 0.0955459 0.00746239 0.678056
0.105973 0.0388006 0.0983107 0.159257 0.597658
0.179018 0.461584 0.014219 9.9991E-05 0.345079
0.132587 0.377895 0.026927 0.087812 0.374779
0.0611209 0.566589 9.9991E-05 0.0152282 0.356962
0.0534924 0.454897 0.0302425 0.110385 0.350983
0.105659 0.597083 0.0211665 9.9991E-05 0.275991
0.259311 0.232586 0.015215 0.00608677 0.486801
0.133882 0.621427 0.0571932 0.042088 0.14541
0.113993 0.386868 9.9991E-05 0.0724546 0.426584
0.160053 0.00354902 0.300894 9.9991E-05 0.535404
0.207809 0.409739 0.022563 0.0793684 0.28052
0.156291 0.657717 9.9982E-05 9.9982E-05 0.185793
0.119386 0.428007 0.0399031 0.124739 0.287964
0.22351 9.9991E-05 0.295569 0.193075 0.287746
0.0374646 0.156756 0.164051 0.0549048 0.586824
0.189695 0.325594 0.0440682 0.0247744 0.415868
0.110969 0.0784363 0.151518 0.0909687 0.568108
0.233831 0.0242835 0.146754 0.0421311 0.553
0.244086 0.214307 0.107216 0.0281533 0.406238
0.276125 0.297708 0.03946 9.9991E-05 0.386607
0.0922026 0.173495 0.175348 0.0408437 0.518111
0.127992 0.381968 9.9991E-05 0.0643276 0.425613
0.0972575 0.519082 9.9982E-05 9.9982E-05 0.38346
0.236711 0.631902 0.00226383 9.9991E-05 0.129023
0.105764 0.102823 0.151646 0.0420724 0.597694
0.182959 9.9991E-05 0.221249 0.0859997 0.509692
0.19056 0.0369313 0.588271 9.9991E-05 0.184138
0.149459 0.070329 0.12126 0.0863772 0.572574
0.16765 9.9991E-05 0.198652 0.169197 0.464401
0.156945 0.209001 0.141029 9.9991E-05 0.492926
0.148645 0.115948 0.123307 0.112585 0.499514
0.34555 0.233182 0.421069 9.9982E-05 9.9982E-05
0.353579 0.158693 0.487528 9.9982E-05 9.9982E-05
0.186721 0.188846 0.385475 0.0148253 0.224133
0.381992 0.253709 0.364099 9.9982E-05 9.9982E-05
0.457694 0.258938 0.283169 9.9982E-05 9.9982E-05
0.147468 0.263762 0.32064 0.0202003 0.24793
0.255155 0.177799 0.183477 9.9991E-05 0.383469
0.312458 0.158145 0.236032 0.0865978 0.206767
0.328429 0.22761 0.387113 9.9991E-05 0.0567475
0.152788 0.114473 0.204832 0.00729608 0.520611
0.240438 0.185197 0.478304 9.9991E-05 0.0959615
0.488227 0.127022 0.384551 9.9982E-05 9.9982E-05
0.239608 0.120692 0.068134 0.0520952 0.51947
0.152327 0.308702 0.154254 0.0702247 0.314493
0.392168 0.139287 0.0317399 0.0189384 0.417867
0.208398 0.290885 9.9982E-05 9.9982E-05 0.500518
0.160599 0.169587 9.9991E-05 0.0504505 0.619264
0.171435 0.252409 0.096247 9.9991E-05 0.479809
0.380166 0.195892 9.9982E-05 9.9982E-05 0.423742
0.287465 0.130022 0.00927878 0.00977148 0.563463
0.285938 0.235202 0.0286354 0.0345807 0.415644
0.276922 0.284073 0.132288 0.0123993 0.294318
0.103139 0.194981 0.246521 0.141328 0.314032
0.226173 0.107046 0.0154831 0.0645204 0.586778
0.121158 0.22642 0.0543566 0.046713 0.551352
0.0571341 0.162621 0.0805442 0.161122 0.538578
0.281037 0.306126 9.9991E-05 0.0636241 0.349113
0.180615 0.185893 0.143336 9.9991E-05 0.490055
0.40546 0.281049 0.182243 9.9991E-05 0.131148
0.164408 0.238236 9.9991E-05 0.0272466 0.57001
0.29371 0.346213 0.153483 9.9991E-05 0.206494
0.764836 0.00452316 0.0732441 0.157296 9.9991E-05
0.142191 9.9991E-05 0.0543829 0.716787 0.0865392
0.00604206 9.9973E-05 9.9973E-05 0.993658 9.9973E-05
0.0124099 9.9973E-05 9.9973E-05 0.98729 9.9973E-05
9.9973E-05 0.0110535 9.9973E-05 0.988647 9.9973E-05
9.9973E-05 0.039924 9.9973E-05 0.959776 9.9973E-05
9.9973E-05 9.9973E-05 9.9973E-05 0.947071 0.0526294
0.0187027 9.9973E-05 9.9973E-05 0.980997 9.9973E-05
0.185382 0.0106597 9.9982E-05 0.803758 9.9982E-05
0.931074 0.00114321 9.9991E-05 0.0211986 0.0464839
0.815748 0.0130964 9.9991E-05 0.139958 0.0310978
0.93999 0.0165777 9.9982E-05 9.9982E-05 0.043232
0.825364 9.9982E-05 9.9982E-05 0.133752 0.0406844
0.898183 0.0283514 9.9982E-05 0.0732656 9.9982E-05
0.942209 9.9982E-05 0.0031276 0.0544632 9.9982E-05
0.739243 0.074541 9.9991E-05 0.0902747 0.095841
0.899823 0.0550126 0.0231805 9.9991E-05 0.0218844
0.713769 0.0454773 9.9991E-05 0.157646 0.0830077
0.921875 0.0667239 0.00832437 9.9991E-05 0.002977
0.979855 9.9973E-05 9.9973E-05 0.019845 9.9973E-05
0.812501 0.0597382 0.0357969 0.0493197 0.042644
0.968655 9.9973E-05 9.9973E-05 9.9973E-05 0.0310447
0.93477 9.9973E-05 9.9973E-05 9.9973E-05 0.0649304
0.854122 0.045861 9.9991E-05 0.0106428 0.0892739
0.856069 0.0283331 9.9982E-05 9.9982E-05 0.115398
0.756114 0.167981 9.9982E-05 9.9982E-05 0.075705
0.799246 0.0983485 9.9982E-05 9.9982E-05 0.102205
0.804388 0.039665 9.9982E-05 9.9982E-05 0.155747
0.166038 0.0790722 0.215279 0.128882 0.410729
0.114102 9.9991E-05 0.11317 0.0440421 0.728586
0.157925 0.0391295 0.130913 0.0636798 0.608352
0.111559 0.0553167 0.697602 9.9991E-05 0.135422
0.175195 9.9991E-05 0.146983 0.107489 0.570234
0.191604 0.0904461 0.618856 9.9991E-05 0.0989941
0.151339 0.028425 0.218549 9.9991E-05 0.601588
0.0953626 9.9991E-05 0.280106 0.101518 0.522913
0.111292 9.9991E-05 0.193769 0.098348 0.59649
0.0652078 0.0472594 0.190844 0.0349942 0.661695
0.0772971 0.0213896 0.223107 0.16553 0.512677
0.133543 9.9991E-05 0.164551 0.0435729 0.658233
0.151311 9.9991E-05 0.103329 0.0754812 0.669779
9.9991E-05 0.0910367 0.350191 0.511351 0.0473212
0.106177 9.9982E-05 0.8163 0.0773234 9.9982E-05
0.133169 0.0368346 0.658762 9.9991E-05 0.171134
0.116513 0.0626132 0.0666483 0.100492 0.653734
0.211206 9.9991E-05 0.23957 0.00495763 0.544167
0.151178 9.9982E-05 0.233629 9.9982E-05 0.614993
0.124847 0.028413 0.153726 9.9991E-05 0.692913
0.23707 0.109077 0.0428933 9.9991E-05 0.61086
0.0958831 0.217108 9.9991E-05 0.115317 0.571593
0.388671 0.213493 0.0782766 0.184262 0.135297
0.0986179 0.0741857 9.9991E-05 0.219218 0.607879
0.202133 0.166797 0.137924 0.0846509 0.408495
0.439934 0.211364 0.348503 9.9982E-05 9.9982E-05
0.247165 0.212512 0.189076 9.9991E-05 0.351147
0.323034 0.24555 0.0905849 0.070924 0.269907
0.337021 0.129225 9.9991E-05 0.146223 0.387431
0.137934 0.219918 0.109573 0.0846315 0.447943
0.225915 0.177664 0.125671 9.9991E-05 0.47065
0.160354 0.181582 0.0659586 9.9991E-05 0.592006
0.149287 0.255627 0.237162 9.9991E-05 0.357824
0.491747 0.142936 0.0264225 0.0183271 0.320567
