0.0273734 9.9982E-05 9.9982E-05 0.05065 0.921777
9.9982E-05 0.0642826 9.9982E-05 0.0380868 0.897431
0.0812706 9.9991E-05 0.0868992 0.0197404 0.81199
0.081691 9.9982E-05 9.9982E-05 0.123807 0.794302
0.0233931 9.9991E-05 0.0831714 0.00736769 0.885968
0.0543184 0.0999537 0.110216 0.100767 0.634745
0.017264 0.116254 0.00449086 0.025151 0.83684
0.0376843 0.0281007 9.9991E-05 0.211316 0.722799
9.9982E-05 0.0741823 9.9982E-05 0.114088 0.811529
0.0895884 0.0638791 0.0685822 0.0537849 0.724165
9.999E-05 0.0106834 0.0589481 0.1733 0.756968
0.060236 0.116983 0.303616 0.519065 9.9991E-05
0.0692349 0.0540064 0.504398 0.31338 0.0589811
0.198035 0.13167 0.165676 0.476543 0.0280761
0.192397 0.115805 0.323979 0.362204 0.00561554
0.119244 0.11113 0.424918 0.222126 0.122584
0.0904848 0.0493395 0.612297 0.1309 0.116979
0.148028 0.144104 0.474346 0.233422 9.9991E-05
0.0882377 0.0298281 0.364725 0.362157 0.155052
0.0793083 0.186593 0.011763 0.693383 0.0289522
0.145609 0.135067 0.378066 0.341158 9.9991E-05
0.109753 0.236436 0.469785 0.14096 0.0430651
0.0508026 0.0831811 0.578606 0.229677 0.0577326
0.102102 0.143184 0.322431 0.432182 9.9991E-05
0.0481372 0.0338254 0.707011 0.146164 0.0648631
0.144172 0.000464042 0.534581 0.244204 0.0765784
0.125901 0.099804 0.235244 0.526257 0.0127938
0.231769 0.0752069 0.236143 0.456781 9.9991E-05
0.0410844 0.244387 0.228223 0.448901 0.0374046
0.0553486 9.9982E-05 0.0918183 9.9982E-05 0.852633
9.9973E-05 9.9973E-05 0.150473 9.9973E-05 0.849227
9.9982E-05 9.9982E-05 0.166045 0.00101988 0.832735
0.131086 9.9982E-05 0.127478 9.9982E-05 0.741236
0.00277559 0.168349 0.705067 0.118786 0.00502184
0.0847457 0.151589 0.593474 0.0884645 0.0817274
9.9973E-05 0.236765 0.762935 9.9973E-05 9.9973E-05
9.9991E-05 0.168145 0.224929 0.514813 0.0920136
0.0249435 0.457655 0.478773 0.0208873 0.0177416
0.0573175 0.0659255 0.55312 0.227843 0.0957944
0.0610206 0.129732 0.729453 9.9991E-05 0.079694
9.9991E-05 0.106063 0.687898 0.0862915 0.119648
9.9991E-05 0.020659 0.687586 0.130115 0.161539
9.9991E-05 0.485203 0.333286 0.177438 0.00397265
0.15356 0.216966 0.535073 9.9991E-05 0.0943006
0.0878267 0.174969 0.59582 0.0242563 0.117128
0.016304 0.113484 0.645203 9.9991E-05 0.224909
9.9973E-05 0.443813 0.555888 9.9973E-05 9.9973E-05
0.0368244 0.18364 0.698118 9.9991E-05 0.0813181
0.0402067 0.184603 0.67188 9.9991E-05 0.10321
9.9982E-05 0.839839 9.9982E-05 0.0573819 0.102579
9.9982E-05 0.253185 0.244512 0.502103 9.9982E-05
0.0433548 0.635341 0.107327 0.180098 0.0338792
0.0199794 0.12988 0.668442 0.0713821 0.110316
0.113972 0.0624448 0.637975 0.0550213 0.130587
0.132345 0.0703726 0.676492 0.0753092 0.045482
0.00558971 0.318052 0.247497 0.343857 0.0850033
0.0437916 0.101794 0.634361 0.191078 0.028975
0.102099 0.151501 0.542296 0.0847155 0.119388
0.0296559 0.189865 0.430002 0.27563 0.0748476
0.0786291 0.268473 0.0769425 0.38991 0.186045
0.0448815 0.186876 0.591033 0.0930714 0.0841379
0.064355 0.124255 0.434485 0.297418 0.0794864
9.9991E-05 0.302067 0.0909037 0.582343 0.0245862
0.0373811 0.162408 0.544377 0.255734 9.9991E-05
0.110069 0.223752 0.583046 0.00918028 0.0739523
0.0856412 9.9991E-05 0.686133 0.109488 0.118637
0.0899398 0.283351 0.312101 0.290427 0.0241814
0.111659 0.228723 0.50193 0.157588 9.9991E-05
0.0671382 9.9991E-05 0.673388 0.178672 0.0807017
9.9991E-05 0.314397 0.262329 0.36653 0.0566446
9.9982E-05 0.186468 0.69282 0.120512 9.9982E-05
9.9982E-05 0.398638 0.420053 0.181109 9.9982E-05
0.134936 0.159084 0.554664 0.0593508 0.0919651
9.9982E-05 0.794547 0.16091 0.044343 9.9982E-05
9.9982E-05 0.771676 0.193652 0.034472 9.9982E-05
9.9982E-05 0.483195 0.485874 0.0307303 9.9982E-05
9.9991E-05 0.249484 0.695162 0.0099617 0.0452918
0.086768 0.112907 0.603935 0.0455092 0.150881
0.0381083 0.287157 0.594587 0.0761918 0.00395575
0.0226444 0.343181 0.33651 0.297564 9.9991E-05
9.9991E-05 0.192571 0.423771 0.352928 0.0306296
0.0802721 0.173192 0.632332 0.065489 0.048715
0.017366 0.380746 0.493589 0.108199 9.9991E-05
9.9991E-05 0.282623 0.578576 0.0746712 0.0640299
9.9982E-05 0.448634 0.543103 0.00806298 9.9982E-05
9.9982E-05 0.756774 0.148231 0.0947956 9.9982E-05
0.0836504 0.158176 0.677923 0.0704532 0.00979761
0.0358909 9.9991E-05 0.139803 0.059912 0.764295
9.9973E-05 9.9973E-05 0.0825011 9.9973E-05 0.917199
0.0887223 9.9982E-05 0.0554612 9.9982E-05 0.855617
0.0145163 0.0043055 0.0646695 9.9991E-05 0.916409
0.00682399 9.9982E-05 0.10062 9.9982E-05 0.892356
0.00911704 0.00802348 0.0492542 9.9991E-05 0.933505
0.00191824 9.9982E-05 0.0639231 9.9982E-05 0.933959
0.0179012 0.12193 0.675606 0.0600373 0.124525
0.0777289 0.185046 0.554558 0.0920086 0.0906588
9.9982E-05 0.592318 0.258873 0.148609 9.9982E-05
0.0323101 0.0970711 0.609244 0.178643 0.0827321
0.0168215 0.205892 0.564067 0.171442 0.0417776
0.00275304 0.158109 0.742687 9.9991E-05 0.0963517
0.0293962 0.266787 0.681638 9.9991E-05 0.0220787
0.0691989 0.256881 0.627567 0.0381228 0.00823033
9.9991E-05 0.550103 0.140586 0.306273 0.00293817
0.123529 0.0755911 0.574781 0.0338596 0.192239
9.9991E-05 0.137972 0.727588 0.0586969 0.075643
0.11998 0.0362942 0.649887 0.0970688 0.0967699
9.9991E-05 0.470934 0.48298 0.0298369 0.0161491
9.9973E-05 0.27842 0.72128 9.9973E-05 9.9973E-05
9.9991E-05 0.235114 0.596129 0.131962 0.0366945
0.0844543 0.384342 0.51356 0.0175433 9.9991E-05
9.9991E-05 0.151913 0.573791 0.191141 0.0830545
0.102087 0.0544147 0.538259 0.185886 0.119354
0.0794134 0.310636 0.220253 0.346368 0.0433287
0.150204 0.0208605 0.375234 0.363781 0.08992
0.105134 0.0874343 0.530149 0.171451 0.105832
0.0895957 0.107563 0.646932 0.0533338 0.102575
9.9991E-05 0.0364289 0.549806 0.37231 0.0413558
0.0339966 0.0202603 0.605642 0.306999 0.033102
0.0416307 9.9991E-05 0.484199 0.424871 0.0491999
0.00784934 0.131549 0.581642 0.134228 0.144732
0.11312 0.0906424 0.506804 0.235085 0.0543484
0.0157034 0.0894901 0.683904 0.195887 0.0150156
9.9982E-05 0.0252259 0.61823 0.356344 9.9982E-05
0.114281 0.0253263 0.601799 0.198404 0.0601901
0.105591 0.12142 0.5426 0.181467 0.0489222
0.107592 9.9982E-05 0.623522 0.268686 9.9982E-05
0.128614 0.0858303 0.528227 0.151957 0.105371
0.198004 0.0871635 0.469964 0.244768 9.9991E-05
0.0309685 0.179668 0.417027 0.280984 0.0913525
0.12286 9.9991E-05 0.605729 0.234091 0.0372201
0.128631 0.0347365 0.650482 0.148273 0.0378773
0.105886 0.250658 0.208153 0.435203 9.9991E-05
0.0929653 0.414931 0.127268 0.340162 0.0246731
0.0683191 0.0550828 0.626142 0.199326 0.0511297
0.134272 0.431409 0.0370226 0.397196 9.9991E-05
9.9991E-05 0.166882 0.363816 0.425718 0.043484
9.9982E-05 0.129927 0.565833 0.30404 9.9982E-05
9.9982E-05 0.110921 0.387984 0.500895 9.9982E-05
9.9991E-05 0.131056 0.338043 0.490338 0.0404629
0.0882503 0.168954 0.605905 0.126353 0.0105384
0.160557 0.0992624 0.473787 0.163325 0.103069
0.136679 9.9991E-05 0.529729 0.303215 0.0302769
0.102147 0.330618 0.154425 0.412711 9.9991E-05
0.0790997 0.140002 0.521114 0.0554921 0.204292
0.074885 0.311477 0.53192 0.00814819 0.0735702
9.9991E-05 0.667526 0.0428634 0.12139 0.168121
0.0236627 0.103542 0.732052 9.9991E-05 0.140643
0.02086 0.408611 0.416333 0.00162695 0.15257
0.156479 0.179049 0.449858 0.0793544 0.135259
9.9991E-05 0.480901 0.315132 0.00440808 0.199459
9.9991E-05 0.465111 0.252659 0.159327 0.122803
9.9991E-05 0.198231 0.563898 0.190387 0.0473839
0.0745946 0.191614 0.568698 0.0211464 0.143947
0.090395 0.224384 0.468904 0.103896 0.11242
0.138461 0.578186 0.113457 0.0606082 0.109288
0.0476493 0.241233 0.643777 0.0109313 0.0564088
9.9982E-05 0.445454 0.459112 0.0952348 9.9982E-05
9.9982E-05 0.328301 0.53918 0.132319 9.9982E-05
0.110685 0.131237 0.599026 0.0458788 0.113174
0.281529 0.184882 0.135435 0.059256 0.338898
0.210197 0.213228 9.9982E-05 9.9982E-05 0.576375
0.180542 0.343356 9.9982E-05 9.9982E-05 0.475902
0.341137 0.140544 0.0333706 0.0573026 0.427646
0.028186 0.239232 0.732382 9.9982E-05 9.9982E-05
0.110403 0.131203 0.567125 0.105003 0.0862665
0.674376 9.9973E-05 0.325324 9.9973E-05 9.9973E-05
0.437363 9.9982E-05 0.412742 0.149695 9.9982E-05
0.431381 0.0228189 0.386142 0.111416 0.048241
0.0178096 0.511829 0.443925 0.0175624 0.00887464
0.0579347 0.187137 0.5302 0.111664 0.113063
0.0477193 0.633096 0.270339 0.0214653 0.0273809
0.0702279 0.272712 0.607334 0.0287925 0.0209335
9.9991E-05 0.293808 0.597991 0.0492384 0.0588626
0.101942 0.250114 0.609576 0.00590284 0.0324656
0.0674371 0.608314 0.243602 0.0805473 9.9991E-05
0.0836043 0.0706631 0.672408 0.0734392 0.0998857
0.0934144 0.171538 0.638433 0.0804839 0.0161302
0.993535 0.00616459 9.9973E-05 9.9973E-05 9.9973E-05
0.927569 9.9982E-05 0.0664688 0.00576235 9.9982E-05
0.641869 0.0518131 0.186902 0.0174949 0.101921
0.729423 9.9973E-05 0.270277 9.9973E-05 9.9973E-05
0.806456 0.0507514 0.142593 9.9982E-05 9.9982E-05
0.9996 9.997E-05 9.997E-05 9.997E-05 9.997E-05
0.980856 9.9973E-05 9.9973E-05 0.0188444 9.9973E-05
0.883862 9.9973E-05 0.115838 9.9973E-05 9.9973E-05
0.976545 9.9973E-05 9.9973E-05 0.0231551 9.9973E-05
0.9996 9.997E-05 9.997E-05 9.997E-05 9.997E-05
0.9996 9.997E-05 9.997E-05 9.997E-05 9.997E-05
0.758287 0.00859234 0.156597 0.0029074 0.0736163
0.814162 9.9982E-05 0.100835 9.9982E-05 0.0848028
0.9996 9.997E-05 9.997E-05 9.997E-05 9.997E-05
0.438442 0.0351093 0.31815 0.103719 0.10458
0.732421 9.9982E-05 0.20746 0.0599185 9.9982E-05
0.785941 9.9982E-05 0.14406 9.9982E-05 0.0697994
0.905559 9.9982E-05 0.0766263 9.9982E-05 0.0176151
0.9996 9.997E-05 9.997E-05 9.997E-05 9.997E-05
0.861546 9.9982E-05 0.0577095 9.9982E-05 0.0805443
0.9996 9.997E-05 9.997E-05 9.997E-05 9.997E-05
0.599178 9.9991E-05 0.241327 0.0963756 0.0630188
0.913145 9.9991E-05 0.0163324 0.0629186 0.00750439
0.0432528 0.547728 9.9982E-05 9.9982E-05 0.408819
0.10635 0.123484 0.430673 0.179511 0.159982
0.124879 0.21592 0.40532 0.0304404 0.223441
0.101805 0.390597 0.199163 9.9991E-05 0.308334
0.139344 0.127568 0.43601 0.0734314 0.223646
0.135689 0.345395 0.200432 9.9991E-05 0.318384
0.145871 0.143766 0.430909 0.0898978 0.189556
0.215268 0.326015 0.279242 9.9991E-05 0.179374
0.190199 0.165898 0.41475 0.0163382 0.212814
0.250802 0.227764 0.31017 9.9991E-05 0.211164
0.119617 0.21026 0.444138 0.0143486 0.211637
9.9991E-05 0.0384045 0.0632241 0.0756793 0.822592
0.0708691 0.00763987 9.9982E-05 9.9982E-05 0.921291
9.9973E-05 9.9973E-05 9.9973E-05 0.0694524 0.930248
9.9982E-05 9.9982E-05 0.0032447 0.0483737 0.948182
0.0453575 9.9991E-05 0.0195719 0.0552511 0.87972
0.0713491 0.0170169 9.9982E-05 9.9982E-05 0.911434
0.0985684 9.9991E-05 0.0133347 0.00353172 0.884465
9.9982E-05 0.0691292 0.0134354 9.9982E-05 0.917236
0.0116667 9.9982E-05 0.0530769 9.9982E-05 0.935056
0.102857 0.00833504 9.9991E-05 0.0498565 0.838851
0.00534692 0.158373 9.9991E-05 0.220941 0.615239
9.9982E-05 0.0215778 9.9982E-05 0.386338 0.591884
9.9982E-05 0.122604 9.9982E-05 0.325513 0.551683
9.9982E-05 0.149851 9.9982E-05 0.371039 0.47891
0.0187886 0.0692476 0.612923 0.217716 0.0813247
0.112629 0.202059 0.543265 0.129834 0.0122121
9.9991E-05 0.0428688 0.654017 0.219429 0.0835854
9.9991E-05 0.171114 0.48206 0.312632 0.034094
9.9982E-05 0.0454135 0.263594 0.690792 9.9982E-05
0.0934727 0.16464 0.657771 0.0544962 0.0296197
9.9982E-05 0.23164 0.699437 0.0687236 9.9982E-05
9.9982E-05 0.282621 0.643278 0.0739011 9.9982E-05
9.9982E-05 0.4104 0.541844 0.0475568 9.9982E-05
0.106655 0.0787743 0.681422 0.112732 0.0204164
9.9991E-05 0.212275 0.603012 0.169912 0.0147009
9.9982E-05 0.850289 0.0467218 0.10279 9.9982E-05
9.9991E-05 0.0276269 0.618978 0.282027 0.0712682
0.00556721 0.559138 0.419514 0.0135223 0.00225843
9.9982E-05 0.30804 0.643226 0.0485343 9.9982E-05
9.9982E-05 0.481886 0.252285 0.265629 9.9982E-05
9.9982E-05 0.0594031 9.9982E-05 0.774305 0.166092
0.0171763 0.141769 0.0342713 0.719381 0.0874028
9.9982E-05 0.0959532 9.9982E-05 0.882606 0.0212409
9.9982E-05 0.0713657 9.9982E-05 0.823563 0.104871
0.0496742 0.0772592 9.9982E-05 0.872867 9.9982E-05
0.0735654 0.0263418 0.0617398 0.801102 0.0372509
9.9973E-05 9.9973E-05 0.0899386 9.9973E-05 0.909762
0.0507346 9.9991E-05 0.037003 0.109252 0.80291
0.118044 9.9982E-05 0.111184 9.9982E-05 0.770573
0.139626 9.9982E-05 9.9982E-05 0.138427 0.721747
0.0339935 0.00285154 0.132572 0.018374 0.812209
9.9973E-05 9.9973E-05 9.9973E-05 0.611275 0.388425
9.9982E-05 0.099596 9.9982E-05 0.452846 0.447358
9.9982E-05 0.0731559 9.9982E-05 0.506025 0.420619
0.0261993 9.9991E-05 0.14368 0.00339916 0.826622
9.9982E-05 0.0493255 9.9982E-05 0.596477 0.353998
0.450018 0.134835 0.196628 9.9991E-05 0.218418
0.22453 9.9991E-05 0.54827 0.0686469 0.158453
0.303582 9.9982E-05 0.525402 9.9982E-05 0.170816
0.307066 0.197054 0.210931 9.9991E-05 0.284849
0.213908 0.133514 0.503357 9.9991E-05 0.149121
0.356492 0.176925 9.9982E-05 9.9982E-05 0.466383
9.9991E-05 0.0680497 0.495041 0.416204 0.0206051
0.02082 0.313786 0.431753 0.227708 0.00593218
9.9991E-05 0.00497665 0.344999 0.559306 0.0906187
0.00827155 0.280325 0.516478 0.194825 9.9991E-05
9.9973E-05 0.890863 9.9973E-05 0.108837 9.9973E-05
0.0913847 0.150964 0.623028 0.095879 0.0387442
0.0289405 0.151932 0.533496 0.285531 9.9991E-05
9.9991E-05 0.0986192 0.379144 0.489109 0.0330272
0.0255453 0.0873589 0.552058 0.189031 0.146007
0.0533715 0.511349 0.161402 0.273777 9.9991E-05
0.0890939 0.26525 0.473456 0.154855 0.0173444
0.0639449 0.0500694 0.596302 0.289584 9.9991E-05
0.236434 0.0416136 0.416515 0.212048 0.09339
0.0372704 0.265073 0.401713 0.295844 9.9991E-05
9.9982E-05 0.12579 0.552447 0.321564 9.9982E-05
0.217308 0.117828 0.440633 0.224132 9.9991E-05
0.0446464 0.158093 0.567243 0.229917 9.9991E-05
0.0389372 0.0234624 0.721549 0.180522 0.0355298
0.212988 0.127924 0.480487 0.122748 0.055853
0.160637 0.0755662 0.52149 0.21135 0.0309573
0.118436 9.9982E-05 0.110406 9.9982E-05 0.770957
0.04602 0.0296129 0.077645 9.9991E-05 0.846622
9.9991E-05 0.0791822 0.0609987 0.0699032 0.789816
0.0558135 0.0445342 0.0266032 0.0705946 0.802454
9.9973E-05 9.9973E-05 0.141142 9.9973E-05 0.858558
0.0881465 0.109372 0.18069 0.621691 9.9991E-05
0.064938 0.119408 0.620412 0.14572 0.0495222
0.217363 0.0270441 0.49185 0.030917 0.232826
0.132766 0.0100947 0.659479 0.177327 0.0203325
0.0640082 0.0714239 0.550941 0.265936 0.0476918
0.109422 0.268785 0.245861 0.334217 0.0417149
9.9991E-05 0.189471 0.0268927 0.641093 0.142444
0.0917117 0.00451272 0.518075 0.363489 0.0222109
0.0560914 0.162262 0.173256 0.59533 0.0130602
0.0603219 0.274747 0.417713 0.167654 0.0795644
0.00866975 0.197781 0.124519 0.544516 0.124514
0.142968 9.9991E-05 0.58713 0.173948 0.0958549
9.9991E-05 0.143252 0.256613 0.540989 0.0590469
0.131673 0.176856 0.28161 0.375885 0.0339759
0.134821 0.274356 0.452774 0.137949 9.9991E-05
0.0610386 0.49568 0.277967 0.123196 0.0421179
0.0134863 0.175669 0.667549 0.0836701 0.0596255
0.0804299 0.125121 0.566841 0.104969 0.122639
9.9991E-05 0.433567 0.441034 0.06311 0.0621896
0.0862583 0.194513 0.57098 0.0729527 0.0752955
9.9991E-05 0.2108 0.65719 0.031308 0.100602
9.9982E-05 0.755979 0.15834 0.0854811 9.9982E-05
9.9973E-05 0.653285 0.346415 9.9973E-05 9.9973E-05
9.9991E-05 0.345069 0.572395 0.0788125 0.00362404
9.9991E-05 0.599353 0.25166 0.113689 0.0351987
9.9991E-05 0.289147 0.541845 0.14637 0.0225373
9.9982E-05 0.161282 0.168781 0.669737 9.9982E-05
0.046238 0.273143 0.291892 0.388627 9.9991E-05
0.0597728 9.9991E-05 0.421846 0.475959 0.042322
0.049394 0.0813243 0.656597 0.200991 0.0116929
9.9982E-05 0.127285 0.349324 0.523191 9.9982E-05
0.115116 0.152384 0.484981 0.240298 0.00722097
0.151784 9.9991E-05 0.551049 0.293691 0.00337475
0.135496 0.115603 0.488636 0.260165 9.9991E-05
0.10994 9.9982E-05 0.508973 0.380886 9.9982E-05
0.0307928 0.130789 0.488784 0.349534 9.9991E-05
0.115003 0.0884122 0.265813 0.530672 9.9991E-05
0.13154 0.074805 0.357359 0.436196 9.9991E-05
0.156328 0.0354882 0.509946 0.298138 9.9991E-05
0.0467181 0.0572323 0.548427 0.235719 0.111903
9.9991E-05 0.141614 0.509442 0.238107 0.110736
0.121161 0.0607506 0.520322 0.297666 9.9991E-05
0.043339 0.0584306 0.397512 0.408619 0.0920996
0.0102133 9.9991E-05 0.62564 0.285108 0.0789388
0.148881 9.9991E-05 0.460281 0.368333 0.0224054
0.176753 0.0741998 0.473164 0.186796 0.089087
0.182427 0.0445329 0.425514 9.9991E-05 0.347426
0.232737 0.150056 0.504659 9.9991E-05 0.112447
0.172201 0.165679 0.476457 0.0330203 0.152642
0.134094 0.070974 0.647481 0.0270419 0.120409
0.308008 0.0671776 0.415528 0.0274342 0.181851
0.100537 0.238809 0.486435 0.174119 9.9991E-05
0.149345 0.084744 0.540967 0.0694401 0.155504
0.201036 0.517349 9.9982E-05 9.9982E-05 0.281416
0.187818 0.0590251 0.533872 0.122467 0.0968179
0.216027 0.095549 0.517935 0.0921872 0.0783015
0.295606 0.0827897 0.45524 0.0888643 0.0775002
0.156698 0.156392 0.359837 0.0749715 0.252102
0.184221 9.9991E-05 0.49339 0.0395475 0.282742
0.166427 0.162332 0.511734 9.9991E-05 0.159406
0.207613 0.300545 9.9982E-05 9.9982E-05 0.491642
0.26605 0.0626672 0.386235 0.0748342 0.210213
0.250628 0.115838 0.463302 9.9991E-05 0.170132
0.166985 0.141237 0.595619 9.9991E-05 0.0960597
0.22943 9.9982E-05 0.617477 9.9982E-05 0.152893
0.165484 0.0876857 0.486548 0.0868536 0.173429
0.0681894 0.310187 0.492413 0.12911 9.9991E-05
0.121381 0.140757 0.533649 0.138054 0.0661595
0.0293832 0.82023 0.0791673 0.07112 9.9991E-05
9.9982E-05 0.821726 0.0947764 0.083298 9.9982E-05
0.156139 0.199666 0.52431 0.0593988 0.0604856
0.387953 0.0982544 0.401723 9.9991E-05 0.111969
0.378276 0.182238 0.306662 9.9991E-05 0.132723
0.344413 0.289101 0.143349 0.0342477 0.18889
0.368807 0.137328 0.287962 0.0244341 0.181468
0.170751 0.670109 0.0703657 9.9991E-05 0.0886747
0.133336 0.533074 0.184265 9.9991E-05 0.149224
0.224421 0.149488 0.518546 0.107445 9.9991E-05
0.176391 0.267788 0.452669 0.0555233 0.047629
0.161454 0.509159 0.261645 9.9991E-05 0.0676413
0.123679 0.196034 0.609436 9.9991E-05 0.0707511
0.169795 0.285915 0.544091 9.9982E-05 9.9982E-05
0.188631 0.155073 0.46107 0.108132 0.0870939
9.9982E-05 0.492228 0.405274 0.102298 9.9982E-05
0.134053 0.44983 0.311873 0.0666419 0.0376023
0.00717763 0.214235 0.662395 0.0615493 0.0546427
0.055383 0.247287 0.433963 0.22205 0.0413171
0.14728 0.272067 0.460687 0.0155993 0.104367
0.0591598 0.450023 0.490618 9.9982E-05 9.9982E-05
0.0272768 0.587555 0.289919 0.0951495 9.9991E-05
9.9982E-05 0.209801 0.695235 9.9982E-05 0.0947644
0.0307304 0.579268 0.2811 0.108801 9.9991E-05
0.0264489 0.383433 0.528757 0.00984138 0.0515193
0.0801948 0.179556 0.632941 0.0459049 0.0614026
0.0542538 0.305519 0.601574 0.0385528 9.9991E-05
0.175136 0.100402 0.529465 9.9991E-05 0.194898
0.350808 0.196341 0.205984 0.129739 0.117128
0.304123 0.187293 0.293731 0.0712525 0.143601
0.208756 0.166546 0.33377 0.101541 0.189387
0.227379 0.0999956 0.481713 0.0783553 0.112557
0.270813 0.155233 0.364047 0.0754555 0.134452
0.20889 0.583145 9.9982E-05 9.9982E-05 0.207765
0.239754 0.00268917 0.609107 0.0901032 0.0583473
0.190765 0.431416 9.9982E-05 9.9982E-05 0.377619
0.270612 0.113602 0.524034 0.00667044 0.0850815
9.9973E-05 0.76602 0.23368 9.9973E-05 9.9973E-05
0.00665328 0.916742 0.0271029 0.0494023 9.9991E-05
0.0157927 0.438984 0.545024 9.9982E-05 9.9982E-05
0.0355315 0.262123 0.672331 9.9991E-05 0.0299144
9.9973E-05 0.472459 0.527241 9.9973E-05 9.9973E-05
9.9982E-05 0.353831 0.620784 9.9982E-05 0.0251858
0.0557704 0.305874 0.613985 0.0242709 9.9991E-05
0.066952 0.0290847 0.0739079 9.9991E-05 0.829955
0.106556 0.0258923 0.00733909 0.134672 0.725541
0.037768 9.9982E-05 9.9982E-05 0.0498238 0.912208
9.9973E-05 9.9973E-05 0.0716385 9.9973E-05 0.928062
0.0235861 0.153385 0.619537 0.149496 0.0539956
0.130576 0.283851 0.495266 0.090207 9.9991E-05
9.9991E-05 0.250562 0.665763 0.0507353 0.032839
9.9982E-05 0.154346 0.717732 9.9982E-05 0.127722
0.0928861 0.145326 0.632442 0.07839 0.0509559
9.9982E-05 0.43148 0.414056 0.154264 9.9982E-05
0.0109479 0.18282 0.806032 9.9982E-05 9.9982E-05
9.9982E-05 0.454778 0.526497 9.9982E-05 0.0185246
0.123883 0.037194 0.506737 0.0179948 0.314192
0.113119 0.293418 0.475763 0.117599 9.9991E-05
9.9982E-05 0.309911 0.533014 0.156876 9.9982E-05
9.9991E-05 0.163755 0.770306 0.0340361 0.0318027
9.9991E-05 0.251488 0.625919 0.110362 0.0121307
9.9982E-05 0.23465 0.757128 9.9982E-05 0.00802186
0.123867 0.094162 0.676449 0.0753344 0.0301873
9.9973E-05 0.665633 0.334067 9.9973E-05 9.9973E-05
0.0253171 0.505743 0.424369 0.0377693 0.00680118
9.9982E-05 0.357556 0.571122 0.0711222 9.9982E-05
9.9973E-05 0.890922 0.108779 9.9973E-05 9.9973E-05
0.0462804 0.199114 0.60134 0.153166 9.9991E-05
9.9982E-05 0.686014 0.270951 0.0428348 9.9982E-05
9.9982E-05 0.857653 0.0990801 9.9982E-05 0.0430667
9.9991E-05 0.190366 0.706172 0.0350088 0.0683534
9.9991E-05 0.44763 0.373595 0.152088 0.0265876
0.0956011 0.200989 0.463377 0.239934 9.9991E-05
0.11899 0.141402 0.625621 9.9991E-05 0.113888
9.9991E-05 0.188174 0.683869 0.123993 0.0038644
0.083578 0.267326 0.289699 0.359297 9.9991E-05
0.049233 0.293664 0.611079 0.0407365 0.00528698
0.0681444 0.119984 0.622299 0.114552 0.0750207
9.9991E-05 0.509081 0.483794 0.00421422 0.00281092
0.0734086 0.122296 0.574224 0.166574 0.0634969
9.9982E-05 0.0441646 9.9982E-05 0.295602 0.660034
9.9991E-05 0.0261235 0.075288 0.122516 0.775972
9.9982E-05 0.0514572 9.9982E-05 0.133189 0.815153
9.9982E-05 0.0150583 9.9982E-05 0.174318 0.810424
9.9982E-05 9.9982E-05 0.032539 0.23611 0.731151
9.9991E-05 0.38993 0.337579 0.237269 0.0351223
9.9991E-05 0.436437 0.387302 0.172334 0.00382707
9.9973E-05 0.667172 0.332528 9.9973E-05 9.9973E-05
0.109212 0.0534259 0.62673 0.160644 0.0499878
0.0335446 0.134778 0.632975 9.9991E-05 0.198602
9.9982E-05 0.448233 0.537934 9.9982E-05 0.0136329
0.0591941 0.183251 0.75315 9.9991E-05 0.00430572
0.00326562 0.379104 0.540685 9.9991E-05 0.0768455
0.0273062 0.214126 0.652917 0.0250242 0.0806259
9.9991E-05 0.106437 0.707145 0.10628 0.0800375
9.9982E-05 0.376955 0.463863 0.158982 9.9982E-05
9.9982E-05 0.284257 0.585316 0.130227 9.9982E-05
9.9982E-05 0.283559 0.564982 0.151259 9.9982E-05
0.0219505 0.106809 0.661951 0.0890717 0.120218
9.9991E-05 0.267277 0.589112 0.11856 0.024951
0.0165989 0.224568 0.578306 0.168348 0.0121794
0.481846 0.0241164 0.379932 0.0754737 0.038632
0.470495 0.0264502 0.356279 9.9991E-05 0.146676
0.539511 9.9982E-05 0.360969 9.9982E-05 0.0993203
0.50632 0.0271559 0.271266 9.9991E-05 0.195158
0.267059 9.9982E-05 0.605719 9.9982E-05 0.127023
9.9982E-05 0.291199 0.628073 9.9982E-05 0.0805282
0.652084 0.036413 0.0592069 9.9991E-05 0.252196
0.526688 0.0671128 0.262264 9.9991E-05 0.143836
0.21326 0.207225 0.34342 0.0795578 0.156537
9.9991E-05 0.0356686 0.648171 0.0458775 0.270183
0.0695351 0.269332 0.42697 0.122161 0.112001
0.206473 0.128187 0.4665 0.118487 0.0803536
0.096998 0.0831339 0.584519 0.0913679 0.143981
0.465165 9.9982E-05 0.297412 9.9982E-05 0.237223
0.35672 9.9991E-05 0.393573 0.0215676 0.228039
0.60955 9.9982E-05 0.338679 9.9982E-05 0.0515717
0.269525 0.0321895 0.534363 9.9991E-05 0.163823
0.503978 0.0328819 0.342375 0.00122386 0.119541
0.402436 0.078025 0.364882 9.9991E-05 0.154557
0.605435 0.0259271 0.272104 9.9991E-05 0.0964332
0.416193 9.9991E-05 0.445998 0.0632411 0.0744684
0.124532 0.189409 0.613596 0.0285215 0.0439416
0.351949 0.0391363 0.383876 9.9991E-05 0.224939
0.709227 0.00507507 0.158251 0.00736411 0.120083
0.33533 9.9991E-05 0.440812 0.0842963 0.139462
9.9991E-05 0.268968 0.253896 0.296494 0.180542
0.124763 0.103532 0.581335 0.141834 0.0485366
0.309278 9.9991E-05 0.414656 0.134315 0.141651
0.0550377 0.017006 0.641989 0.125075 0.160892
0.0437377 0.179618 0.529222 0.0899549 0.157468
0.243459 0.0393858 0.427315 0.0697602 0.22008
0.371086 0.103127 0.317494 9.9991E-05 0.208193
0.176996 0.0959291 0.579807 0.0673431 0.0799249
0.326087 0.0506706 0.428653 9.9991E-05 0.19449
0.548655 0.0166599 0.395752 9.9991E-05 0.0388329
0.616651 0.0237317 0.143002 9.9991E-05 0.216515
0.105133 0.121502 0.644735 9.9991E-05 0.128531
9.9991E-05 0.195361 0.556539 0.0738511 0.17415
0.0871919 0.58483 0.162187 9.9991E-05 0.165691
0.110045 0.114279 0.601153 0.0579632 0.11656
0.0014515 0.155641 0.486357 0.203817 0.152733
0.126853 0.185552 0.428909 0.0100423 0.248644
0.177111 0.107489 0.450742 0.158066 0.106593
0.222191 0.397069 9.9982E-05 9.9982E-05 0.38054
0.148387 0.470149 9.9982E-05 9.9982E-05 0.381263
0.0925166 0.295465 0.298915 0.110438 0.202664
0.236451 0.410382 9.9982E-05 9.9982E-05 0.352967
0.228259 0.27196 9.9982E-05 9.9982E-05 0.499581
0.120949 0.296578 0.358845 9.9991E-05 0.223528
0.143291 0.137799 0.449419 0.0301252 0.239365
0.212722 0.319673 0.15684 9.99973E-05 0.310664
0.211929 0.401072 0.0458447 9.9991E-05 0.341054
0.132733 0.140445 0.527012 0.0319324 0.167878
0.15359 0.39623 0.203301 9.9991E-05 0.24678
0.0747369 0.415654 9.9982E-05 9.9982E-05 0.509409
0.13066 0.0714061 0.581045 0.0213517 0.195537
0.319051 0.234102 0.18529 0.0844902 0.177067
0.21135 0.0153743 0.389803 0.0371573 0.346316
0.314164 9.9982E-05 0.537582 9.9982E-05 0.148054
0.254835 9.9991E-05 0.528711 0.033693 0.182662
0.317656 0.0316475 0.502846 0.0154117 0.132438
0.233588 9.9982E-05 0.404987 9.9982E-05 0.361224
0.194031 9.9991E-05 0.544128 0.0118044 0.249936
0.283515 9.9991E-05 0.493156 0.016941 0.206288
0.304957 0.117023 0.28735 0.0642133 0.226456
0.147593 0.156623 0.366795 0.172718 0.156272
0.16922 0.0750982 0.57811 0.0319014 0.14567
0.247209 0.055953 0.525262 0.0300809 0.141495
0.139091 9.9991E-05 0.5939 0.152038 0.11487
0.326573 0.0114597 0.314345 0.0610509 0.286571
0.219186 0.00742597 0.516931 0.0509999 0.205458
0.250016 0.203385 0.146932 9.9991E-05 0.399567
0.216804 0.0572884 0.492233 0.027157 0.206517
0.352729 0.14404 0.181322 9.9991E-05 0.321808
0.0106636 0.0520101 9.9991E-05 0.171538 0.765688
9.9991E-05 0.075156 0.0524741 0.792812 0.0794576
9.997E-05 9.997E-05 9.997E-05 0.9996 9.997E-05
9.997E-05 9.997E-05 9.997E-05 0.9996 9.997E-05
9.9973E-05 9.9973E-05 0.0151063 0.984594 9.9973E-05
0.0480718 9.9982E-05 0.00242348 0.949305 9.9982E-05
9.9973E-05 9.9973E-05 0.0296476 0.970052 9.9973E-05
9.9973E-05 9.9973E-05 9.9973E-05 0.977295 0.0224047
9.9973E-05 9.9973E-05 9.9973E-05 0.822131 0.177569
0.0160366 9.9991E-05 0.044908 0.0205528 0.918403
9.9982E-05 9.9982E-05 0.0485001 0.151169 0.800131
0.0251751 9.9991E-05 0.0475108 0.0194281 0.907786
9.9991E-05 0.0172524 0.0448654 0.11679 0.820993
0.047365 9.9991E-05 0.019927 0.0416557 0.890952
0.0117603 0.0222428 9.9991E-05 0.0676159 0.898281
0.128276 9.9991E-05 0.01619 0.096472 0.758962
0.0646791 9.9991E-05 0.0614116 0.0139031 0.859906
0.0882839 0.0151999 0.0555546 0.147932 0.69303
0.0506409 0.00985114 0.00208735 9.9991E-05 0.937321
9.9982E-05 0.020285 0.0122021 9.9982E-05 0.967313
0.052784 0.0340632 0.0383507 0.0135011 0.861301
0.00651546 9.9982E-05 9.9982E-05 0.0369468 0.956338
0.0115384 9.9982E-05 0.0466365 9.9982E-05 0.941625
0.0300736 9.9982E-05 0.0599171 9.9982E-05 0.909809
0.028489 9.9982E-05 0.118511 9.9982E-05 0.8528
0.148821 9.9982E-05 0.0761959 9.9982E-05 0.774783
0.067347 9.9982E-05 0.145971 9.9982E-05 0.786482
0.0735418 9.9982E-05 0.10788 9.9982E-05 0.818379
0.0637716 0.294753 0.353142 0.116902 0.171432
9.9991E-05 0.0383903 0.8178 0.0286631 0.115046
0.103164 0.0437811 0.61649 0.0927514 0.143813
0.0264834 0.675109 0.158836 0.0305526 0.109019
9.9991E-05 0.0919011 0.618577 0.113089 0.176333
0.00335895 0.547235 0.205928 9.9991E-05 0.243378
0.0777242 0.216783 0.620271 9.9991E-05 0.0851213
9.9991E-05 0.262045 0.50413 0.124199 0.109527
0.0206 0.181446 0.596605 0.109348 0.0920019
0.0618865 0.150453 0.637111 0.0794174 0.0711319
9.9991E-05 0.215003 0.494377 0.164083 0.126436
0.0814835 0.124391 0.616573 0.123391 0.0541614
9.9991E-05 0.056765 0.640663 0.132359 0.170113
0.0586816 0.403396 0.075562 0.46226 9.9991E-05
9.9991E-05 0.771999 0.00114808 0.123194 0.103559
0.00818629 0.618066 0.214764 0.0124639 0.14652
0.154903 0.0804946 0.584902 0.0795393 0.100161
0.0216486 0.196994 0.585277 0.0511284 0.144952
0.0191249 0.232846 0.580919 9.9991E-05 0.16701
0.0696256 0.155342 0.634747 9.9991E-05 0.140186
0.180217 0.00841288 0.548564 0.0694991 0.193307
0.202367 0.0139561 0.559775 0.0186259 0.205276
0.134596 0.102526 0.160123 0.176994 0.425762
0.0839383 9.9991E-05 0.678922 0.106228 0.130812
0.167124 0.0687732 0.469167 0.136851 0.158084
0.187964 0.365126 9.9982E-05 9.9982E-05 0.44671
0.21182 0.132161 0.353274 9.9991E-05 0.302646
0.264943 0.05915 0.262668 0.0963153 0.316924
0.037088 9.9991E-05 0.518815 0.100847 0.34315
0.220545 0.0179173 0.500905 0.0872261 0.173407
0.176678 0.0255371 0.563188 0.0150073 0.21959
0.173578 0.062575 0.613696 9.9991E-05 0.150051
0.175399 0.128846 0.456027 0.00446878 0.235259
0.141773 9.9991E-05 0.356013 0.0408066 0.461307
