9.9991E-05 0.902081 0.0166184 0.0466888 0.0345123
0.00695365 0.972562 9.9982E-05 0.0202843 9.9982E-05
9.999E-05 0.805266 0.0558574 0.048963 0.089814
9.999E-05 0.768237 0.0501028 0.104402 0.0771584
0.010339 0.871679 0.07188 9.9991E-05 0.046002
0.18408 0.603372 0.0789616 0.0614123 0.0721745
0.0942985 0.871078 0.00375645 0.0215595 0.00930755
0.0689689 0.770726 0.0429703 0.117234 9.9991E-05
0.0779734 0.852313 9.9982E-05 0.0695138 9.9982E-05
0.0695748 0.686188 0.10404 0.0917462 0.0484511
0.0913007 0.751148 0.0126528 0.144799 9.9991E-05
0.0973605 9.9991E-05 0.29795 0.516457 0.0881322
9.9991E-05 0.0392562 0.530297 0.29364 0.136707
0.117785 0.0185168 0.33292 0.419466 0.111312
0.0137191 0.0109574 0.33752 0.396226 0.241578
0.0540244 0.165895 0.418562 0.20656 0.154958
0.0317097 0.0307241 0.596137 0.161905 0.179525
0.126298 9.9991E-05 0.492028 0.240926 0.140647
0.0581281 0.144287 0.416773 0.307422 0.0733907
0.204945 0.00830494 9.9991E-05 0.669749 0.116901
0.183606 0.0764891 0.403221 0.269756 0.0669288
0.243182 0.0106229 0.392982 0.226665 0.126548
0.112677 0.0216194 0.643008 0.156441 0.0662553
0.175914 9.9991E-05 0.385263 0.33555 0.103173
0.0219668 0.126048 0.605138 0.0727736 0.174074
0.0154277 0.0256567 0.667767 0.201907 0.0892412
0.146273 0.0238696 0.237713 0.465097 0.127047
0.0731316 9.9991E-05 0.221607 0.512996 0.192165
0.192865 9.9991E-05 0.266443 0.471236 0.0693565
9.9982E-05 0.845742 0.0799591 9.9982E-05 0.074099
9.9982E-05 0.864791 0.0901406 9.9982E-05 0.0448683
9.9982E-05 0.804087 0.181485 9.9982E-05 0.0142277
0.000110947 0.758825 0.161669 9.9991E-05 0.079295
0.0950994 0.0645865 0.706155 0.134059 9.9991E-05
0.0889584 0.168009 0.603583 0.139349 9.9991E-05
0.223886 0.00443247 0.742659 0.0289223 9.9991E-05
0.0572077 0.087037 0.224625 0.611189 0.0199408
0.411833 9.9991E-05 0.51794 0.0231569 0.046971
0.0852735 0.0303047 0.718287 0.093131 0.0730033
0.0839067 0.0778467 0.761449 9.9991E-05 0.0766973
0.0786966 0.180605 0.702689 0.03791 9.9991E-05
0.0695009 0.1874 0.72162 0.0213788 9.9991E-05
0.390222 0.017221 0.404794 0.187663 9.9991E-05
0.181677 0.0440229 0.647881 0.0289612 0.0974577
0.112997 0.097648 0.703643 9.9991E-05 0.0856121
0.155852 0.11689 0.609602 9.9991E-05 0.117557
0.460823 9.9973E-05 0.538877 9.9973E-05 9.9973E-05
0.131439 0.0485644 0.743771 0.0143052 0.0619208
0.113235 0.135423 0.642527 0.03537 0.0734453
0.883404 0.0696085 0.00596569 0.040922 9.9991E-05
0.192978 9.9982E-05 0.299585 0.507238 9.9982E-05
0.54843 0.0341974 0.113225 0.27072 0.0334277
0.0286673 0.1113 0.616506 0.180135 0.0633918
0.0563757 0.10564 0.681564 0.0689098 0.0875106
0.124088 0.043995 0.702961 0.0659051 0.0630506
0.288323 0.0744797 0.320067 0.317031 9.9991E-05
0.0632292 0.0376519 0.677899 0.196453 0.0247665
0.0302663 0.0794812 0.524103 0.116753 0.249397
0.196586 0.133046 0.48584 0.184428 9.9991E-05
0.269167 0.232741 0.117507 0.311166 0.0694187
0.0781247 0.0174487 0.666645 0.164477 0.0733042
0.0764054 0.041149 0.415856 0.340585 0.126004
0.319465 0.0308561 0.119867 0.529713 9.9991E-05
0.0732658 0.00166144 0.60193 0.257236 0.0659068
0.119775 9.9991E-05 0.646401 0.0792903 0.154434
0.152976 0.0535439 0.527422 0.10294 0.163117
0.259801 0.0563804 0.321424 0.298462 0.0639324
0.126122 0.0382363 0.489607 0.220044 0.125991
0.0832582 0.0172265 0.61037 0.174823 0.114322
0.306447 9.99872E-05 0.300336 0.393016 9.99872E-05
0.150717 9.9982E-05 0.778878 0.0702049 9.9982E-05
0.360031 9.9982E-05 0.418694 0.221075 9.9982E-05
0.128646 0.117007 0.631528 0.122718 9.9991E-05
0.757621 9.9982E-05 0.225144 0.0170355 9.9982E-05
0.723202 9.9982E-05 0.199313 0.077285 9.9982E-05
0.48395 9.9982E-05 0.497266 0.0185843 9.9982E-05
0.216236 0.0403784 0.595101 0.148185 9.9991E-05
0.0124573 0.10008 0.65686 0.124576 0.106027
0.290635 9.9991E-05 0.562627 0.112637 0.0340021
0.311271 0.0275271 0.411961 0.24914 9.9991E-05
0.224725 0.00487045 0.441989 0.328316 9.9991E-05
0.10574 0.133204 0.605764 0.0746123 0.0806799
0.379774 0.000661798 0.563651 0.0558135 9.9991E-05
0.23641 0.0570016 0.583262 0.123227 9.9991E-05
0.367623 9.9973E-05 0.632077 9.9973E-05 9.9973E-05
0.748982 9.9982E-05 0.16769 0.0831288 9.9982E-05
0.131383 0.0329999 0.774617 0.0167221 0.0442783
9.9991E-05 0.782675 0.0694632 0.0978344 0.0499278
9.9973E-05 0.923576 0.0761237 9.9973E-05 9.9973E-05
9.9982E-05 0.871633 0.0893541 9.9982E-05 0.0388132
0.0165782 0.922008 0.0557939 9.9991E-05 0.00551988
9.9982E-05 0.913354 0.0854546 9.9982E-05 0.000991593
9.9982E-05 0.897081 0.0658139 9.9982E-05 0.0369048
9.9973E-05 0.906601 0.0930994 9.9973E-05 9.9973E-05
0.0284176 0.102841 0.631702 0.108646 0.128393
0.05418 0.0475548 0.644734 0.176029 0.0775024
0.59314 9.9982E-05 0.294459 0.112202 9.9982E-05
0.0611661 0.100983 0.652613 0.0986889 0.0865495
0.222749 9.9991E-05 0.538165 0.167391 0.071595
0.090796 0.0730215 0.798357 0.00259514 0.0352308
0.260445 0.0177501 0.721605 9.9982E-05 9.9982E-05
0.230443 0.0616997 0.686094 9.9991E-05 0.0216633
0.548745 0.0259448 0.140067 0.285143 9.9991E-05
0.0858027 0.188675 0.620189 0.0718017 0.0335316
0.0818909 0.12237 0.79554 9.9982E-05 9.9982E-05
0.0505831 0.0755472 0.628437 0.175105 0.0703275
0.455113 0.0222819 0.513331 9.9991E-05 0.00917427
0.274007 9.9982E-05 0.690479 0.0353142 9.9982E-05
0.23173 0.028457 0.649174 0.0905393 9.9991E-05
0.417172 9.9991E-05 0.512173 0.00322573 0.0673293
0.0670263 0.0649542 0.672921 0.194999 9.9991E-05
0.0247245 0.157881 0.671735 0.132616 0.0130434
0.332336 0.0322593 0.260013 0.293049 0.0823428
0.0366356 0.105031 0.496732 0.3137 0.0479019
0.026447 0.110889 0.683801 0.120541 0.0583226
0.110591 0.116751 0.675617 0.00969285 0.0873488
0.0351831 0.00312075 0.568922 0.364168 0.0286068
0.0260696 9.9991E-05 0.472823 0.352987 0.148021
0.0275465 0.0167831 0.542201 0.35919 0.0542788
0.175073 0.14973 0.591466 0.0603872 0.0233445
0.0144822 0.0381631 0.551957 0.301403 0.093995
0.026847 0.0576729 0.664186 0.212547 0.038748
9.9982E-05 0.00437949 0.573476 0.421945 9.9982E-05
0.0493181 9.9991E-05 0.624219 0.139799 0.186565
0.0702849 0.0818503 0.554113 0.133984 0.159768
9.9982E-05 9.9982E-05 0.583288 0.291418 0.125095
0.133417 0.00574578 0.60323 0.102608 0.154999
0.0368197 0.0127661 0.581083 0.272425 0.0969057
0.160003 0.0833133 0.356834 0.33008 0.0697695
9.9991E-05 0.0448586 0.707315 0.223735 0.0239908
0.0707832 0.00746354 0.606609 0.136282 0.178862
0.202381 9.9991E-05 0.283165 0.410671 0.103684
0.47605 0.0101033 0.148565 0.288469 0.0768126
0.154106 0.0470694 0.592008 0.157341 0.049476
0.489927 9.9991E-05 0.153261 0.313322 0.0433904
0.112439 0.0146317 0.4092 0.463629 9.9991E-05
0.131513 9.9982E-05 0.567716 0.300571 9.9982E-05
0.0576628 9.9982E-05 0.440392 0.501745 9.9982E-05
0.0772388 9.9991E-05 0.428313 0.428526 0.0658222
0.0336427 0.0034973 0.640629 0.220552 0.101679
0.0910413 0.126204 0.638268 0.077789 0.0666971
9.9982E-05 0.10744 0.655779 0.236581 9.9982E-05
0.430624 9.9991E-05 0.087274 0.309898 0.172103
0.0273973 0.210411 0.615503 0.0733255 0.0733634
0.272379 0.0438353 0.5516 0.0680449 0.0641409
0.597476 0.185339 0.0567491 0.160336 9.9991E-05
0.0634077 0.150431 0.752536 9.9991E-05 0.0335252
0.389218 0.100325 0.416516 0.0159392 0.0780016
0.241724 0.159343 0.512369 9.9991E-05 0.0864649
0.40352 0.105398 0.271348 0.189481 0.0302526
0.418791 0.134203 0.281557 0.165349 9.9991E-05
0.27003 0.0620036 0.515753 0.152113 9.9991E-05
0.145292 0.123211 0.487518 0.101129 0.14285
0.134519 0.20631 0.480905 0.105928 0.0723375
0.558233 0.0727095 0.0471249 0.142953 0.17898
0.121471 0.162017 0.652836 0.00776449 0.0559114
0.377261 9.9982E-05 0.429283 0.193255 9.9982E-05
0.22724 0.00326789 0.556344 0.180314 0.0328346
0.24197 0.123325 0.515983 0.071162 0.0475602
0.220094 0.355161 0.0668164 0.0267826 0.331146
0.249761 0.571346 9.9982E-05 9.9982E-05 0.178693
0.331697 0.514361 9.9982E-05 9.9982E-05 0.153742
0.160149 0.421093 9.9991E-05 0.0421576 0.3765
0.248244 9.9982E-05 0.710439 9.9982E-05 0.041117
0.164551 0.10466 0.608062 0.0789566 0.0437709
9.9982E-05 9.9982E-05 0.297614 0.0141812 0.688005
9.9991E-05 0.116738 0.330516 0.0681376 0.484508
0.0251055 0.141832 0.375087 0.0695756 0.388399
0.53477 0.0145205 0.402594 9.9991E-05 0.0480155
0.12188 9.9991E-05 0.596262 0.186493 0.095265
0.618387 0.0670639 0.251476 0.0329671 0.0301061
0.230529 0.0812675 0.678774 0.00932931 9.9991E-05
0.316436 0.0513146 0.517514 0.0935387 0.0211966
0.212066 0.0734905 0.635434 0.00132183 0.0776871
0.547972 0.0199372 0.267235 0.102575 0.0622804
0.172926 0.0185497 0.674805 0.0399559 0.0937636
0.178368 0.144814 0.59691 9.9991E-05 0.0798081
9.9973E-05 9.9973E-05 0.00517458 9.9973E-05 0.994526
9.99734E-05 9.99734E-05 0.0752038 9.99734E-05 0.924496
9.9991E-05 0.121252 0.263823 0.0145789 0.600246
9.9982E-05 9.9982E-05 0.30216 0.0491774 0.648463
0.0383373 9.9991E-05 0.112689 0.00382689 0.845047
9.997E-05 9.997E-05 9.997E-05 9.997E-05 0.9996
9.9973E-05 9.9973E-05 9.9973E-05 0.0466241 0.953076
9.9973E-05 9.9973E-05 0.116084 9.9973E-05 0.883616
9.9973E-05 9.9973E-05 0.00673506 9.9973E-05 0.992965
9.997E-05 9.997E-05 9.997E-05 9.997E-05 0.9996
9.997E-05 9.997E-05 9.997E-05 9.997E-05 0.9996
9.9982E-05 9.9982E-05 0.147676 0.0320046 0.820119
9.9991E-05 0.0811473 0.144879 0.00352082 0.770353
9.997E-05 9.997E-05 9.997E-05 9.997E-05 0.9996
0.0358734 0.0425474 0.300365 0.136913 0.484301
0.00861097 0.106073 0.219158 9.9991E-05 0.666058
9.9982E-05 9.9982E-05 0.173241 0.0418751 0.784684
9.9991E-05 0.00855167 0.116634 0.0131206 0.861594
9.997E-05 9.997E-05 9.997E-05 9.997E-05 0.9996
9.9982E-05 0.0306303 0.0578629 9.9982E-05 0.911307
9.997E-05 9.997E-05 9.997E-05 9.997E-05 0.9996
9.9991E-05 0.0773882 0.240064 0.0307566 0.651691
0.0762546 9.9982E-05 0.0365529 9.9982E-05 0.886993
0.558179 0.384326 9.9982E-05 9.9982E-05 0.0572942
0.134933 0.129853 0.403746 0.171413 0.160055
0.129977 0.333209 0.519261 0.0174531 9.9991E-05
0.35744 0.276662 0.189979 0.0310457 0.144874
0.142037 0.144129 0.48851 0.0778532 0.14747
0.365314 0.312247 0.211311 9.9991E-05 0.111028
0.11114 0.171676 0.551118 0.0622482 0.103818
0.283458 0.161751 0.367144 9.9991E-05 0.187547
0.129546 0.127611 0.392569 0.102142 0.248132
0.194378 0.169698 0.337592 9.9991E-05 0.298232
0.0926233 0.223281 0.63994 9.9991E-05 0.0440554
0.0352382 0.864275 0.0505219 0.0498651 9.9991E-05
0.0100746 0.934995 9.9982E-05 9.9982E-05 0.0547309
9.9982E-05 0.960656 0.0154232 0.0237211 9.9982E-05
9.9982E-05 0.956437 0.00557135 0.0377912 9.9982E-05
9.9982E-05 0.904254 9.9982E-05 0.0656725 0.0298731
0.0152701 0.868487 9.9982E-05 9.9982E-05 0.116043
9.9991E-05 0.888879 0.0249475 0.0225933 0.0634797
0.0587424 0.877592 0.0348942 0.0286712 9.9991E-05
0.00199005 0.941672 0.0339101 9.9991E-05 0.0223279
0.0174254 0.848586 9.9991E-05 0.021694 0.112194
0.0909684 0.601202 9.9982E-05 0.307629 9.9982E-05
0.00995041 0.579324 9.9991E-05 0.397912 0.012714
0.118728 0.501257 9.9982E-05 0.379815 9.9982E-05
0.164752 0.481058 0.015248 0.338842 9.9991E-05
0.138867 0.0736458 0.658913 0.128474 9.9991E-05
0.191355 9.9991E-05 0.554728 0.176958 0.0768592
0.11228 0.0910238 0.657593 0.108981 0.030123
0.0597069 0.0322333 0.51761 0.39035 9.9991E-05
0.146946 9.9982E-05 0.269485 0.583369 9.9982E-05
0.118679 0.0352958 0.729118 0.0207696 0.0961377
0.172777 9.9991E-05 0.705441 0.0799543 0.0417272
0.179374 9.9991E-05 0.609918 0.141371 0.0692368
0.448178 9.9982E-05 0.546921 9.9982E-05 0.00470045
0.0731552 0.139514 0.680169 0.0560317 0.0511306
0.283726 0.00155118 0.580047 0.134576 9.9991E-05
0.747388 9.9982E-05 0.095518 0.156894 9.9982E-05
0.0990204 0.0741471 0.579264 0.172096 0.0754718
0.555415 0.0139485 0.406108 0.0244285 9.9991E-05
0.240573 9.9982E-05 0.692604 0.0666233 9.9982E-05
0.394718 0.016488 0.330157 0.258537 9.9991E-05
0.0979157 0.0894352 0.0277315 0.784818 9.9991E-05
0.02455 0.0995878 0.104452 0.77131 9.9991E-05
0.0862734 0.0339375 0.000631098 0.879058 9.9991E-05
0.078136 0.0849996 9.9982E-05 0.836664 9.9982E-05
0.0742632 0.00367166 0.0863765 0.835589 9.9991E-05
0.017043 0.0215389 0.102231 0.802565 0.056622
9.9982E-05 0.886958 0.094648 9.9982E-05 0.0181938
9.9991E-05 0.810783 0.0654276 0.0833558 0.0403336
9.9982E-05 0.783639 0.0979275 9.9982E-05 0.118233
9.9991E-05 0.748118 0.0279293 0.0691994 0.154653
0.0307111 0.822459 0.0509918 0.0209412 0.0748968
0.0403035 0.373254 9.9982E-05 0.586242 9.9982E-05
0.108635 0.464211 9.9982E-05 0.426954 9.9982E-05
0.133165 0.413921 9.9982E-05 0.452714 9.9982E-05
9.9991E-05 0.822759 0.114987 0.0133266 0.0488273
0.106238 0.359479 9.9982E-05 0.534083 9.9982E-05
0.128799 0.220853 0.22246 9.9991E-05 0.427788
9.9991E-05 0.126615 0.629188 0.000167458 0.243929
9.9982E-05 0.21835 0.516654 9.9982E-05 0.264796
0.151326 0.225929 0.261168 0.0285555 0.333021
0.0254488 0.200359 0.600586 9.9991E-05 0.173506
0.202123 0.472048 9.9982E-05 9.9982E-05 0.32563
0.0400124 0.0552895 0.56165 0.342948 9.9991E-05
0.332736 9.9991E-05 0.390303 0.236288 0.0405729
0.0789083 0.0581515 0.365428 0.497413 9.9991E-05
0.258129 9.9991E-05 0.48515 0.181989 0.0746322
0.797099 9.9973E-05 9.9973E-05 0.202601 9.9973E-05
0.0919857 0.117979 0.524986 0.104821 0.160228
0.173507 9.9991E-05 0.572564 0.209271 0.044558
0.0488892 0.05676 0.419972 0.474278 9.9991E-05
0.0325389 0.0813395 0.608127 0.171942 0.106052
0.49723 9.9982E-05 0.197854 0.304717 9.9982E-05
0.129186 0.0206543 0.584889 0.222076 0.0431945
0.0413908 9.9991E-05 0.50692 0.343738 0.107851
0.112813 0.147763 0.411525 0.124156 0.203743
0.176659 9.9991E-05 0.390281 0.360395 0.0725649
0.100215 0.0184531 0.505518 0.335017 0.0407963
0.219752 9.9991E-05 0.509798 0.139267 0.131083
0.262563 0.0113872 0.583511 0.142438 9.9991E-05
0.0284067 0.0385046 0.593948 0.152937 0.186204
0.0430616 0.129035 0.527408 0.130719 0.169777
0.00891106 0.038252 0.661761 0.200504 0.0905716
9.9982E-05 0.773615 0.103926 9.9982E-05 0.122258
0.0492145 0.844106 0.0673067 9.9991E-05 0.039273
0.0831853 0.76918 0.0279541 0.0759594 0.0437213
0.0466096 0.836954 0.0807626 0.0185014 0.0171724
9.9982E-05 0.853017 0.120485 9.9982E-05 0.0262984
0.0716031 9.9991E-05 0.181552 0.635558 0.111187
0.0834759 0.0113507 0.507637 0.231241 0.166295
0.06102 0.241063 0.535577 9.9991E-05 0.16224
0.0525032 0.0386664 0.698104 0.128611 0.0821156
0.0394665 0.0419302 0.648829 0.235557 0.0342171
0.187417 0.0606326 0.294091 0.339514 0.118345
0.206675 0.112642 0.0476818 0.632901 9.9991E-05
0.0271057 0.0171663 0.548547 0.329128 0.0780528
0.143092 0.0642113 0.0757839 0.57995 0.136963
0.240678 0.0162468 0.390231 0.228185 0.124659
0.126718 0.137225 0.203994 0.531963 9.9991E-05
9.9991E-05 0.0870013 0.557408 0.227076 0.128415
0.110687 0.0794248 0.240604 0.551764 0.0175202
0.192108 9.9991E-05 0.349195 0.345257 0.11334
0.165673 0.110959 0.540661 0.10582 0.0768869
0.455529 0.0489994 0.265737 0.145608 0.0841267
0.15842 0.0631062 0.708169 0.0702054 9.9991E-05
0.087335 0.211573 0.696388 9.9991E-05 0.00460345
0.434697 0.0376034 0.417165 0.106424 0.00411044
0.1164 0.107223 0.511921 0.155794 0.108662
0.237207 0.0962246 0.616432 0.050036 9.9991E-05
0.729928 9.9982E-05 0.189727 0.0801447 9.9982E-05
0.627232 0.0572645 0.315304 9.9982E-05 9.9982E-05
0.299805 0.0587757 0.605398 0.0359216 9.9991E-05
0.550428 0.0371106 0.234244 0.178117 9.9991E-05
0.221058 0.0240488 0.553558 0.201235 9.9991E-05
0.189675 9.9991E-05 0.138967 0.610203 0.0610547
0.303067 9.9991E-05 0.319637 0.349538 0.0276582
0.0975595 9.9991E-05 0.369694 0.374552 0.158094
9.9991E-05 0.00993668 0.697886 0.190365 0.101713
0.141477 9.9982E-05 0.349723 0.5086 9.9982E-05
0.169841 0.0638938 0.523873 0.155771 0.0866215
0.0696347 0.0540021 0.573052 0.179202 0.124109
0.0834409 0.00846414 0.581653 0.22424 0.102202
0.0145819 9.9991E-05 0.528374 0.316236 0.140709
0.0466113 0.0313724 0.579503 0.328363 0.0141499
0.102495 9.9991E-05 0.324397 0.480032 0.0929757
0.167279 9.9991E-05 0.342922 0.41122 0.0784795
0.0396681 0.00331102 0.651378 0.237323 0.0683202
0.0934706 0.0880995 0.607743 0.139494 0.0711934
0.107322 0.0845932 0.543353 0.261124 0.0036085
0.158957 0.0108254 0.58769 0.190018 0.0525097
0.0179078 0.0404153 0.398465 0.447649 0.0955624
9.9982E-05 9.9982E-05 0.688021 0.228113 0.0836654
0.024762 0.0219809 0.599516 0.240709 0.113032
9.9991E-05 0.0843298 0.637565 0.192998 0.0850076
0.0146496 0.341619 0.378919 0.0632101 0.201603
0.245528 0.128278 0.33233 9.9991E-05 0.293764
9.9991E-05 0.205847 0.547945 0.104223 0.141885
0.126614 0.0903138 0.543742 0.0607245 0.178606
0.0820302 0.16303 0.464599 0.0277415 0.262599
0.204926 9.9991E-05 0.523639 0.23769 0.0336458
0.078735 0.135882 0.626004 0.0176447 0.141734
0.517632 0.257709 0.0338039 9.9991E-05 0.190755
0.0150149 0.0803197 0.458881 0.193996 0.251788
0.0588211 0.101125 0.534867 0.085404 0.219784
0.0313348 0.0723012 0.392556 0.14056 0.363249
0.25903 0.181915 0.338518 0.0467143 0.173824
0.0112457 0.261891 0.544464 0.00679502 0.175605
0.0637066 0.188415 0.55831 9.9991E-05 0.189469
0.277578 0.52748 9.9982E-05 9.9982E-05 0.194743
0.0252915 0.171709 0.450725 0.018045 0.33423
0.0660983 0.160554 0.459049 0.00760692 0.306692
0.0992114 0.16864 0.652908 9.9991E-05 0.0791404
0.00976957 0.206674 0.534722 0.00696235 0.241872
0.0301306 0.168373 0.534548 0.0683472 0.198602
0.333152 0.0028764 0.49279 0.0367935 0.134388
0.224544 0.046368 0.576614 0.0776657 0.0748091
0.778623 9.9991E-05 0.114113 0.103255 0.00390944
0.770538 0.00508749 0.101326 0.122949 9.9991E-05
0.192943 0.0679374 0.539341 0.0491131 0.150666
0.124224 0.0838536 0.378969 0.0320763 0.380877
0.207021 0.0637996 0.250137 9.9991E-05 0.478943
0.284216 0.226975 0.145236 9.9991E-05 0.343473
0.0896618 0.249889 0.321164 9.9991E-05 0.339186
0.676708 0.0754239 0.0733974 9.9991E-05 0.174371
0.562099 0.0966003 0.188276 9.9991E-05 0.152925
0.202574 0.0110531 0.532979 0.0785676 0.174827
0.237687 0.0704091 0.495994 0.0279337 0.167977
0.428004 0.0708468 0.303849 0.0322942 0.165006
0.15417 0.00180715 0.59665 0.110341 0.137032
0.198107 0.0418949 0.614077 9.9991E-05 0.145821
0.203946 0.0795857 0.372309 0.163877 0.180282
0.495616 0.00408392 0.38901 0.11119 9.9991E-05
0.387769 0.00129838 0.31862 0.118233 0.17408
0.226764 0.0198343 0.642429 0.0187261 0.0922458
0.338254 0.0330527 0.326764 0.239948 0.0619815
0.217292 0.0497587 0.597198 0.0263684 0.109382
0.359315 0.0423919 0.598093 9.9982E-05 9.9982E-05
0.587883 9.9982E-05 0.315549 0.0963679 9.9982E-05
0.175405 0.109669 0.699241 9.9991E-05 0.0155852
0.533658 9.9991E-05 0.272409 0.143171 0.0506619
0.479511 0.0556533 0.429194 0.00465725 0.0309842
0.188202 0.0443611 0.660458 9.9991E-05 0.106878
0.23904 9.9991E-05 0.529122 0.112333 0.119405
0.110498 0.177459 0.515072 9.9991E-05 0.196871
0.126495 0.178993 0.433898 0.0910007 0.169614
0.127327 0.188837 0.382882 9.9991E-05 0.300854
0.133662 0.170096 0.319686 0.084203 0.292353
9.9991E-05 0.124492 0.438421 0.155449 0.281538
0.125815 0.20576 0.46842 9.9991E-05 0.199906
0.520008 0.226826 9.9991E-05 0.0682022 0.184864
9.9991E-05 0.0167679 0.584797 0.0837714 0.314564
0.432902 0.384063 9.9982E-05 9.9982E-05 0.182835
0.178051 0.00571165 0.452444 0.0288672 0.334926
0.798794 9.9973E-05 0.200906 9.9973E-05 9.9973E-05
0.942496 9.9982E-05 0.0331563 0.0241477 9.9982E-05
0.438245 9.9982E-05 0.559651 9.9982E-05 0.00190348
0.215449 0.0351796 0.679957 9.9991E-05 0.0693146
0.448069 9.9982E-05 0.519112 0.0326188 9.9982E-05
0.284726 0.0358729 0.609624 0.00542727 0.0643497
0.304457 9.9991E-05 0.585694 0.0140928 0.0956562
0.00815486 0.811479 0.106795 0.0438395 0.0297316
9.9982E-05 0.72337 9.9982E-05 0.159523 0.116907
9.9982E-05 0.892173 9.9982E-05 0.0239004 0.0837269
9.9973E-05 0.959147 0.0405534 9.9973E-05 9.9973E-05
0.18142 0.0406882 0.680452 0.0841865 0.0132532
0.210114 0.0498053 0.653108 0.0711401 0.0158326
0.199838 9.9982E-05 0.717682 0.0822798 9.9982E-05
0.0646105 0.175366 0.742059 0.0166693 0.00129463
0.148281 0.0906135 0.574836 0.0872973 0.0989723
0.351747 0.0179802 0.473062 0.15711 9.9991E-05
0.101087 0.0226549 0.812401 0.0637567 9.9991E-05
0.45732 0.00815878 0.534321 9.9982E-05 9.9982E-05
9.9982E-05 0.267897 0.553268 9.9982E-05 0.178635
0.282207 9.9991E-05 0.545947 0.105538 0.0662077
0.250875 9.9982E-05 0.525905 0.22302 9.9982E-05
0.223017 9.9982E-05 0.758114 0.0186693 9.9982E-05
0.31881 9.9982E-05 0.594767 0.0862225 9.9982E-05
0.316061 9.9973E-05 0.683639 9.9973E-05 9.9973E-05
0.155958 0.0966069 0.674892 0.0724428 9.9991E-05
0.649893 9.9973E-05 0.349808 9.9973E-05 9.9973E-05
0.454511 0.00273778 0.39649 0.106937 0.0393237
0.413873 0.0249169 0.486463 0.0746477 9.9991E-05
0.918435 9.9973E-05 0.0812654 9.9973E-05 9.9973E-05
0.17428 9.9982E-05 0.63866 0.18686 9.9982E-05
0.712507 9.9973E-05 0.287193 9.9973E-05 9.9973E-05
0.855043 9.9982E-05 0.0940859 0.0506711 9.9982E-05
0.225391 0.0670699 0.676834 0.00451769 0.0261876
0.432253 9.9982E-05 0.432002 0.135545 9.9982E-05
0.225792 0.0178074 0.604757 0.102125 0.0495184
0.0969194 0.0747003 0.740122 0.0413149 0.046943
0.131549 9.9991E-05 0.747174 0.0996752 0.0215024
0.232868 9.9991E-05 0.386912 0.285524 0.0945963
0.242157 0.000655727 0.70552 0.0414764 0.010191
0.176886 0.0357708 0.533214 0.162975 0.0911539
0.468023 9.9973E-05 0.531677 9.9973E-05 9.9973E-05
0.183522 0.0849562 0.650228 0.0177807 0.0635129
0.0635558 0.632375 9.9982E-05 0.30387 9.9982E-05
0.0634859 0.751965 0.0787955 0.104028 0.00172547
0.0195528 0.810083 9.9982E-05 0.170164 9.9982E-05
0.0242691 0.806836 9.9982E-05 0.168695 9.9982E-05
9.9982E-05 0.705481 0.0167876 0.277531 9.9982E-05
0.33901 9.9982E-05 0.400542 0.260247 9.9982E-05
0.458111 0.0166152 0.380176 0.144998 9.9991E-05
0.611072 9.9973E-05 0.388629 9.9973E-05 9.9973E-05
0.133791 0.179462 0.589908 9.9991E-05 0.0967391
0.0183596 0.193918 0.706926 0.0806964 9.9991E-05
0.435076 0.00428985 0.522425 0.0142676 0.0239417
0.126195 9.9991E-05 0.701599 0.0678604 0.104246
0.334128 0.029261 0.568046 9.9991E-05 0.0684652
0.17659 0.0390935 0.707192 0.0638721 0.0132522
0.118842 0.0891278 0.777573 9.9991E-05 0.014357
0.412667 9.9982E-05 0.409853 0.17728 9.9982E-05
0.276629 0.00671764 0.577142 0.139411 9.9991E-05
0.261785 9.9982E-05 0.546128 0.191887 9.9982E-05
0.0910946 0.175364 0.676955 0.0175257 0.0390602
0.258765 9.9982E-05 0.616499 0.124537 9.9982E-05
0.265494 0.0735586 0.612983 0.0387572 0.00920706
0.00419802 0.0584753 0.374042 0.0811021 0.482183
0.0540727 0.106426 0.376148 9.9991E-05 0.463253
0.00600677 0.0523382 0.438121 0.0294134 0.474121
0.029788 0.16442 0.209832 9.9991E-05 0.595861
0.0241609 0.145313 0.340404 0.0354001 0.454722
0.319714 0.0684463 0.589648 9.9991E-05 0.0220919
0.0448097 0.241968 0.0378336 9.9991E-05 0.675289
0.0184579 0.161693 0.336073 0.0102176 0.473559
0.157526 0.177568 0.424491 9.9991E-05 0.240316
0.129504 0.144498 0.603137 0.0659363 0.0569248
0.271223 0.118555 0.459777 0.11789 0.0325558
0.08632 0.194189 0.623445 0.0222133 0.0738327
0.074897 0.147984 0.644302 0.0773292 0.0554877
9.9982E-05 0.173611 0.359045 9.9982E-05 0.467144
9.9991E-05 0.164965 0.413074 0.0942723 0.327589
9.9982E-05 0.0792572 0.413646 9.9982E-05 0.506897
9.9991E-05 0.155946 0.404568 0.0873273 0.35206
0.0256478 0.0926703 0.256771 0.0535978 0.571313
0.128657 0.155726 0.322188 9.9991E-05 0.393328
0.0174256 0.138681 0.132726 0.0408432 0.670324
9.9991E-05 0.0937627 0.482671 0.0447743 0.378692
0.155054 0.120564 0.685934 0.0383487 9.9991E-05
0.0298552 0.223484 0.396545 0.0521561 0.297959
0.0348528 0.155386 0.110078 9.9991E-05 0.699583
0.0351369 0.125561 0.311195 0.0945485 0.433558
0.284259 0.198436 0.300483 0.216722 9.9991E-05
0.160015 0.0331956 0.585721 0.0566757 0.164392
0.0690531 0.151525 0.369715 0.0654413 0.344266
0.0484484 0.143338 0.685296 0.0649573 0.0579602
0.15878 0.167992 0.582893 0.0902344 9.9991E-05
0.0792897 0.128775 0.321156 0.164922 0.305857
0.118416 0.254315 0.283285 9.9991E-05 0.343884
0.0988602 0.176581 0.538723 0.0584236 0.127412
0.0282982 0.116921 0.398402 0.0230139 0.433365
9.9991E-05 0.117786 0.368287 0.00724581 0.506581
9.9982E-05 0.228187 0.0894207 9.9982E-05 0.682192
0.13509 0.141574 0.650388 0.0404471 0.0325014
0.175928 0.172158 0.591025 0.0607878 9.9991E-05
0.602705 0.150119 0.189128 9.9991E-05 0.057947
0.10162 0.143648 0.591079 0.0673749 0.0962785
0.0686485 0.149273 0.474491 0.276921 0.0306667
0.103113 0.224542 0.44907 9.9991E-05 0.223175
0.199597 0.14307 0.378806 0.0552824 0.223245
0.419719 0.340523 9.9982E-05 9.9982E-05 0.239558
0.49051 0.379878 9.9982E-05 9.9982E-05 0.129411
0.316482 0.162668 0.256469 0.0877344 0.176648
0.384679 0.35149 9.9982E-05 9.9982E-05 0.263631
0.295514 0.457728 9.9982E-05 9.9982E-05 0.246558
0.366333 0.0857541 0.356631 9.9991E-05 0.191182
0.222646 0.203709 0.34616 9.9991E-05 0.227384
0.273103 0.318892 0.146408 0.0204864 0.241111
0.370774 0.315094 0.072374 9.9991E-05 0.241658
0.128348 0.157704 0.487761 0.0515342 0.174654
0.436084 0.201367 0.107662 0.0232755 0.231611
0.424131 0.457011 9.9982E-05 9.9982E-05 0.118657
0.0214753 0.200936 0.556276 0.0977615 0.123551
0.173072 0.170495 0.248251 0.0963703 0.311812
9.9991E-05 0.29745 0.444279 0.0714071 0.186763
9.9991E-05 0.130719 0.489251 0.00218278 0.377747
9.9991E-05 0.190186 0.551532 0.0671628 0.191019
0.0781846 0.141839 0.473202 9.9991E-05 0.306674
9.9991E-05 0.353634 0.274035 0.073077 0.299154
9.9982E-05 0.283605 0.591473 9.9982E-05 0.124722
9.9991E-05 0.213843 0.463675 0.0367394 0.285642
0.0788493 0.246693 0.352813 0.0632033 0.258442
0.183832 0.205909 0.466128 0.0720495 0.072082
0.115552 0.175447 0.464338 0.0637095 0.180952
0.0659889 0.143326 0.641418 9.9991E-05 0.149167
0.04774 0.212937 0.644365 0.00456941 0.0903885
9.9991E-05 0.291159 0.327976 0.0368993 0.343866
0.0118775 0.226469 0.536936 0.0319707 0.192747
0.227963 0.373543 0.151419 9.9991E-05 0.246975
0.104703 0.156906 0.503846 0.0354 0.199145
0.207835 0.269113 0.127649 9.9991E-05 0.395304
0.0685606 0.799405 9.9982E-05 0.131834 9.9982E-05
0.0715922 0.0142846 0.0447039 0.796863 0.072556
0.00363583 9.9973E-05 9.9973E-05 0.996064 9.9973E-05
9.997E-05 9.997E-05 9.997E-05 0.9996 9.997E-05
9.9982E-05 9.9982E-05 0.0437211 0.948463 0.0076159
9.9973E-05 9.9973E-05 9.9973E-05 0.965396 0.0343045
9.9982E-05 0.00704063 0.097984 0.894775 9.9982E-05
9.9973E-05 0.0501937 9.9973E-05 0.949506 9.9973E-05
9.9973E-05 0.204537 9.9973E-05 0.795163 9.9973E-05
0.0156489 0.915521 0.00265003 0.0471472 0.0190324
9.9991E-05 0.813876 0.0433593 0.120827 0.021838
9.9991E-05 0.925263 0.0166458 0.0279118 0.0300794
9.9982E-05 0.813641 0.0378058 0.148353 9.9982E-05
9.9982E-05 0.887728 9.9982E-05 0.027781 0.0842911
0.0550063 0.88059 9.9991E-05 0.0507955 0.0135081
9.9982E-05 0.761829 9.9982E-05 0.044695 0.193276
9.9982E-05 0.858433 0.0462256 9.9982E-05 0.0951412
9.9991E-05 0.726676 0.113187 0.153779 0.00625798
0.0198815 0.920888 9.9982E-05 9.9982E-05 0.059031
0.0111967 0.935289 0.00905216 0.0443621 9.9991E-05
0.0521492 0.82694 9.9991E-05 0.0376402 0.0831703
9.9982E-05 0.937071 9.9982E-05 0.0484315 0.0142976
9.9982E-05 0.928891 0.0656628 9.9982E-05 0.00524623
9.9991E-05 0.868423 0.0345614 0.0445122 0.052403
9.9982E-05 0.868805 0.0912426 9.9982E-05 0.0397527
9.9982E-05 0.773118 0.0768803 9.9982E-05 0.149802
9.9982E-05 0.731772 0.130245 9.9982E-05 0.137784
9.9982E-05 0.827088 0.0773439 9.9982E-05 0.0953684
0.248318 0.198288 0.458974 0.0733959 0.0210247
0.128056 0.0704446 0.801299 9.9982E-05 9.9982E-05
0.0502698 0.118238 0.712456 0.0438988 0.0751377
0.6851 0.0974752 0.175794 9.9991E-05 0.0415308
0.095999 0.156618 0.650673 0.0883285 0.00838146
0.581886 0.205401 0.184837 9.9991E-05 0.0277766
0.0765995 0.11699 0.724784 9.9991E-05 0.0815265
0.204548 0.112627 0.497252 0.175688 0.00988494
0.161616 0.151022 0.634333 0.0398917 0.013137
0.21572 0.0711379 0.609995 0.037038 0.0661094
0.173538 0.101678 0.560088 0.164597 9.9991E-05
0.211482 0.110653 0.677665 9.9982E-05 9.9982E-05
0.0580234 0.165203 0.667525 0.10257 0.00667917
0.329831 9.9991E-05 0.152485 0.458714 0.0588695
0.767135 0.1511 9.9982E-05 0.0815654 9.9982E-05
0.595658 0.102845 0.204667 0.0541172 0.0427125
0.120317 0.110565 0.59565 0.0821257 0.091343
0.231534 0.127011 0.501616 0.0272688 0.112569
0.197484 0.20079 0.601526 9.9982E-05 9.9982E-05
0.142972 0.116341 0.646975 0.0237465 0.0699653
0.0392315 0.227536 0.510694 9.9991E-05 0.222438
9.9982E-05 0.181365 0.585005 9.9982E-05 0.233431
0.160644 0.374949 0.144674 0.138857 0.180876
0.0640382 0.151257 0.688206 0.0541763 0.0423224
0.0409736 0.205253 0.379232 0.159764 0.214777
0.387602 0.432312 9.9982E-05 9.9982E-05 0.179886
0.176995 0.275945 0.309586 9.9991E-05 0.237374
0.0999795 0.386005 0.285346 0.0222352 0.206434
0.00148808 0.35555 0.437706 0.103401 0.101855
0.0639997 0.169399 0.495356 0.0789085 0.192337
0.0407196 0.230792 0.488938 0.00359356 0.235956
0.00112522 0.182905 0.558525 0.0613976 0.196046
0.17854 0.237859 0.386435 0.0027617 0.194406
9.9991E-05 0.455217 0.372493 0.00448355 0.167707
