0.0495392 9.9982E-05 9.9982E-05 0.90999 0.040271
0.0211634 0.0178076 9.9982E-05 0.960829 9.9982E-05
0.0385115 9.9991E-05 0.115438 0.83816 0.0077903
0.106004 9.9991E-05 0.00510681 0.797347 0.0914429
0.0137929 9.9991E-05 0.0424629 0.907071 0.0365736
0.0678406 0.125838 0.0540527 0.664507 0.0877616
0.0277735 0.0866611 9.9991E-05 0.876435 0.00903081
0.143414 0.0852227 9.9991E-05 0.759016 0.0122471
0.0805173 0.0819844 9.9982E-05 0.837298 9.9982E-05
0.0110484 0.0841629 0.141498 0.729731 0.0335596
0.112772 0.0691215 0.0280898 0.789917 9.9991E-05
0.458392 0.146539 0.31588 9.9991E-05 0.0790882
0.254416 0.025418 0.586015 0.0324974 0.101654
0.487366 0.118219 0.265448 0.0198133 0.109153
0.392161 0.117078 0.26303 9.9991E-05 0.227631
0.256725 0.0577464 0.397683 0.111901 0.175945
0.190388 0.0249041 0.585374 0.0671256 0.132209
0.206416 0.184605 0.500114 9.9991E-05 0.108766
0.406427 0.0538221 0.341957 0.102836 0.0949582
0.668658 0.172738 0.0291424 0.0599042 0.0695573
0.315519 0.116592 0.430067 0.0215775 0.116244
0.254028 0.187541 0.358417 9.9991E-05 0.199914
0.260857 0.0746773 0.557359 0.0622836 0.044824
0.392451 0.178932 0.290404 9.9991E-05 0.138113
0.158675 0.0173088 0.684913 0.139003 9.9991E-05
0.235582 0.0253113 0.61901 0.0452841 0.074812
0.528064 0.136257 0.194334 0.0308869 0.110458
0.453236 0.132878 0.148045 9.9991E-05 0.26574
0.43625 0.190424 0.315666 0.0376724 0.0199879
9.9982E-05 9.9982E-05 0.119219 0.832783 0.0477981
9.9973E-05 9.9973E-05 0.135789 0.863911 9.9973E-05
0.0132886 9.9991E-05 0.187749 0.796809 0.002053
9.9982E-05 9.9982E-05 0.168874 0.744221 0.086705
0.135451 0.213012 0.608393 0.0430438 9.9991E-05
0.0933803 0.200607 0.53917 0.0106041 0.156239
0.0348237 0.209421 0.721577 0.0340775 9.9991E-05
0.610424 0.0699871 0.177195 0.104211 0.0381833
0.0391778 0.477717 0.411897 9.9991E-05 0.0711082
0.131914 0.160154 0.599271 0.0990424 0.00961895
0.0221981 0.121159 0.763243 0.0933002 9.9991E-05
0.0443486 0.153889 0.644619 0.157043 9.9991E-05
0.112898 0.142573 0.614146 0.130283 9.9991E-05
0.217364 0.44031 0.342127 9.9982E-05 9.9982E-05
0.0271778 0.148116 0.629498 0.0919141 0.103294
0.085051 0.18474 0.589599 0.0337688 0.106841
0.0474031 0.142654 0.503223 0.104432 0.202289
9.9973E-05 0.481721 0.517979 9.9973E-05 9.9973E-05
0.0942573 0.157949 0.741977 0.00571585 9.9991E-05
0.0418366 0.10833 0.62935 0.164339 0.0561444
0.0678486 0.852624 9.9982E-05 0.0793277 9.9982E-05
0.498662 0.330665 0.170473 9.9982E-05 9.9982E-05
0.234588 0.553764 0.127443 0.0428756 0.0413297
0.0997231 0.0930658 0.583963 0.160585 0.0626635
0.0144249 0.131264 0.763035 0.0540399 0.0372367
9.9991E-05 0.195663 0.622446 0.0963856 0.0854047
0.361299 0.252835 0.278146 0.10762 9.9991E-05
0.298045 0.0979902 0.546747 9.9991E-05 0.0571173
0.180759 0.0371355 0.569076 0.0778442 0.135184
0.19287 0.238723 0.457871 0.110436 9.9991E-05
0.383968 0.270591 0.0984732 0.180503 0.0664653
0.111572 0.072367 0.629684 0.137524 0.0488534
0.33983 0.0798312 0.421888 0.0476637 0.110788
0.527965 0.305914 0.109842 0.0561791 9.9991E-05
0.229255 0.177329 0.521493 9.9991E-05 0.0718226
0.0509901 0.223647 0.570287 0.0154377 0.139639
0.267387 0.0433368 0.469267 0.0300242 0.189985
0.223108 0.308104 0.356558 0.068465 0.0437645
0.191362 0.191169 0.506157 0.0695699 0.0417429
0.179376 0.0633923 0.673687 0.0661266 0.0174175
0.402327 0.261972 0.312925 0.0226754 9.9991E-05
0.0935795 0.206591 0.699629 9.9982E-05 9.9982E-05
0.187955 0.398877 0.412968 9.9982E-05 9.9982E-05
0.161848 0.126378 0.501744 0.113448 0.0965819
9.99809E-05 0.833429 0.166271 9.99809E-05 9.99809E-05
0.0796113 0.766977 0.153211 9.9982E-05 9.9982E-05
0.0235564 0.510772 0.465472 9.9982E-05 9.9982E-05
0.099355 0.281115 0.61933 9.9982E-05 9.9982E-05
0.178143 0.0303789 0.571037 0.129034 0.0914069
0.0368474 0.354378 0.560588 0.0420591 0.00612786
0.272868 0.390522 0.287775 9.9991E-05 0.0487352
0.27606 0.294278 0.419563 0.00999825 9.9991E-05
0.124657 0.137515 0.528273 0.0742564 0.135298
0.0922201 0.445794 0.412618 0.00381053 0.0455567
0.061924 0.304682 0.578308 0.0549857 9.9991E-05
9.9973E-05 0.47056 0.52914 9.9973E-05 9.9973E-05
0.00465412 0.849657 0.145488 9.9982E-05 9.9982E-05
0.110465 0.145085 0.65895 9.9991E-05 0.0853993
0.0279869 9.9991E-05 0.111128 0.807658 0.0531278
9.9973E-05 9.9973E-05 0.0986046 0.901095 9.9973E-05
9.9982E-05 9.9982E-05 0.0765113 0.878901 0.0443876
9.9982E-05 9.9982E-05 0.0630491 0.921828 0.0149227
9.9973E-05 9.9973E-05 0.100687 0.899013 9.9973E-05
9.9991E-05 0.0312209 0.0410653 0.898502 0.029112
9.9991E-05 0.00216574 0.0409276 0.952591 0.00421544
0.0834171 0.180008 0.566434 0.0972967 0.072844
0.221653 0.0575039 0.50541 0.0851275 0.130305
0.188037 0.597832 0.213931 9.9982E-05 9.9982E-05
0.0760931 0.130252 0.608624 0.121835 0.0631953
0.176444 0.210807 0.585649 0.0270006 9.9991E-05
0.0793948 0.165305 0.718517 0.00854806 0.0282353
9.9991E-05 0.296269 0.621596 0.0497196 0.0323155
9.9982E-05 0.313831 0.624706 0.0612637 9.9982E-05
0.298952 0.581329 0.0826 0.0370192 9.9991E-05
0.0847296 0.259555 0.545777 0.109838 9.9991E-05
0.113875 0.140972 0.674159 0.0647189 0.00627524
0.10776 0.0977054 0.640854 0.108362 0.0453188
0.0552494 0.453925 0.461747 0.00418197 0.0248971
9.9982E-05 0.322822 0.649332 0.0276464 9.9982E-05
0.182102 0.243077 0.571236 0.00348481 9.9991E-05
9.9982E-05 0.427982 0.50814 9.9982E-05 0.063678
0.144181 0.266498 0.5758 0.0134205 9.9991E-05
0.0594309 0.147547 0.63078 0.162142 9.9991E-05
0.290843 0.32075 0.246206 0.0702184 0.0719821
0.313762 0.0991498 0.31709 0.133239 0.13676
0.118773 0.0857662 0.606239 0.189122 9.9991E-05
0.240563 0.0340497 0.54731 0.0651283 0.112949
0.273076 0.0366013 0.629251 0.0609722 9.9991E-05
0.277445 0.0528891 0.604219 0.0152143 0.0502323
0.426337 0.00665416 0.525193 0.0175832 0.024233
0.122521 0.156754 0.623236 0.0973897 9.9991E-05
0.250761 0.00220723 0.655707 0.0352653 0.056059
0.182342 0.0773214 0.642452 0.0888802 0.00900497
0.338937 0.00590232 0.654961 9.99837E-05 9.99837E-05
0.187318 0.0630313 0.556337 0.0200955 0.173219
0.0951367 0.074479 0.63039 0.100137 0.0998576
0.27214 0.0602335 0.607756 9.9991E-05 0.0597707
0.104515 0.127634 0.475173 0.0850484 0.207629
0.103066 0.154801 0.612842 0.0160011 0.11329
0.227436 0.174631 0.480078 0.117754 9.9991E-05
0.295003 9.9991E-05 0.63852 0.00263568 0.0637408
0.188137 0.0124258 0.674748 0.0591258 0.0655636
0.434555 0.164001 0.334375 9.9991E-05 0.0669689
0.207822 0.456777 0.179763 0.0658227 0.0898148
0.213774 0.184044 0.54336 0.00140024 0.0574222
0.314168 0.495498 0.0879126 9.9991E-05 0.102322
0.485123 0.145459 0.305372 0.041949 0.0220967
0.328363 0.165947 0.50549 9.9982E-05 9.9982E-05
0.502052 0.0561183 0.441629 9.9982E-05 9.9982E-05
0.466728 0.146336 0.386736 9.9982E-05 9.9982E-05
0.13601 0.0630426 0.677906 0.0733185 0.0497223
0.0750671 0.130473 0.605197 0.163676 0.0255858
0.21477 0.0946544 0.560592 0.02499 0.104994
0.385949 0.39819 0.0958194 9.9991E-05 0.119942
0.0301456 0.17 0.571895 0.209047 0.0189114
0.0882521 0.290393 0.465036 0.0714367 0.084883
0.186917 0.579327 0.0393425 0.194314 9.9991E-05
0.00717526 0.185109 0.627308 0.119254 0.0611542
0.0440428 0.394214 0.377092 0.148511 0.0361408
0.181091 0.150711 0.447103 0.121147 0.0999481
0.0716052 0.483846 0.199949 0.120181 0.124419
0.220082 0.468358 0.235121 0.0763383 9.9991E-05
0.125273 0.273968 0.51772 0.0829388 9.9991E-05
0.165158 0.16306 0.458803 0.171213 0.0417672
0.0861597 0.258217 0.479408 0.176115 9.9991E-05
0.153597 0.586925 9.9991E-05 0.0683114 0.191067
0.0994565 0.141601 0.458297 0.101643 0.199002
0.100158 0.412988 0.486654 9.9982E-05 9.9982E-05
0.185137 0.274216 0.540447 9.9982E-05 9.9982E-05
9.9991E-05 0.234625 0.573508 0.124618 0.0671486
0.0130348 0.20239 0.150426 0.411939 0.222211
9.9982E-05 0.227465 9.9982E-05 0.603067 0.169268
9.9982E-05 0.33569 9.9982E-05 0.524082 0.140027
9.9991E-05 0.181013 0.018913 0.440869 0.359105
9.9991E-05 0.29642 0.644683 0.000944513 0.0578533
0.0829761 0.225641 0.5732 0.0692202 0.048962
9.9973E-05 9.9973E-05 0.272218 9.9973E-05 0.727482
0.171962 0.0554515 0.29528 0.00774689 0.46956
0.0461948 0.110838 0.325644 0.084401 0.432923
0.0515226 0.49378 0.416687 0.0186479 0.0193628
0.042847 0.227972 0.548427 0.119763 0.0609904
0.0633858 0.677497 0.115892 9.9991E-05 0.143125
9.9991E-05 0.318915 0.585793 0.0335347 0.0616573
0.0554112 0.305809 0.54674 0.0601303 0.0319105
0.0519633 0.268406 0.537201 0.0490092 0.09342
0.105541 0.607671 0.186271 0.0291429 0.071374
0.0532849 0.230495 0.589756 0.0129365 0.113528
0.10336 0.182955 0.493952 0.112076 0.107657
9.9982E-05 0.0265274 0.00268699 9.9982E-05 0.970586
0.0415664 9.9982E-05 0.0662856 9.9982E-05 0.891948
0.0622587 9.9991E-05 0.335196 0.0492208 0.553225
0.0130061 9.9982E-05 0.309114 9.9982E-05 0.67768
9.9982E-05 0.0544794 0.146588 9.9982E-05 0.798733
9.997E-05 9.997E-05 9.997E-05 9.997E-05 0.9996
0.0040138 9.9973E-05 9.9973E-05 9.9973E-05 0.995686
9.9973E-05 9.9973E-05 0.14715 9.9973E-05 0.852551
0.0476288 9.9973E-05 9.9973E-05 9.9973E-05 0.952071
9.997E-05 9.997E-05 9.997E-05 9.997E-05 0.9996
9.997E-05 9.997E-05 9.997E-05 9.997E-05 0.9996
0.0650125 9.9991E-05 0.196461 0.00352807 0.734899
9.9991E-05 0.00991005 0.0724493 0.0481138 0.869427
0.00296037 9.9973E-05 9.9973E-05 9.9973E-05 0.99674
0.102468 0.0774736 0.267186 0.0186287 0.534243
0.129713 9.9991E-05 0.200772 0.0115115 0.657904
9.9982E-05 9.9982E-05 0.172711 0.0599905 0.767098
0.0495652 9.9982E-05 0.0258982 9.9982E-05 0.924337
9.997E-05 9.997E-05 9.997E-05 9.997E-05 0.9996
9.9982E-05 9.9982E-05 0.0932583 0.0696127 0.836929
9.9982E-05 9.9982E-05 0.00215204 0.0202843 0.977364
0.0153304 0.011011 0.256849 0.0766233 0.640187
9.9991E-05 0.0291954 0.0427393 0.0401741 0.887791
9.9982E-05 0.542975 9.9982E-05 0.40382 0.053005
0.07336 0.121863 0.486629 0.252389 0.0657596
0.0419008 0.160091 0.482346 0.234262 0.0814
9.9991E-05 0.427432 0.115737 0.277797 0.178934
9.9991E-05 0.272741 0.425737 0.163932 0.13749
9.9991E-05 0.415114 0.122707 0.294379 0.1677
0.0408488 0.173207 0.447769 0.258502 0.0796741
9.9991E-05 0.287667 0.303331 0.196459 0.212442
9.9991E-05 0.210102 0.463336 0.163707 0.162756
9.9991E-05 0.224054 0.299768 0.223759 0.252319
0.0677535 0.189575 0.373279 0.208324 0.161069
0.0603746 0.032923 0.0545065 0.852096 9.9991E-05
9.9991E-05 0.0124896 0.0211728 0.915378 0.0508595
0.0287042 9.9982E-05 0.0211371 0.949959 9.9982E-05
0.0220258 9.9982E-05 0.00436281 0.973411 9.9982E-05
0.0898124 9.9991E-05 0.002578 0.873803 0.0337071
9.9982E-05 0.0200278 9.9982E-05 0.933621 0.0461508
9.9982E-05 9.9982E-05 0.0705856 0.898719 0.0304955
0.0194481 0.0657917 0.0187158 0.895944 9.9991E-05
0.00586984 9.9991E-05 0.0585973 0.900819 0.0346139
0.0251824 9.9991E-05 0.00954762 0.881676 0.0834939
0.264505 0.100917 9.9982E-05 0.634378 9.9982E-05
0.366502 0.0373089 9.9982E-05 0.595989 9.9982E-05
0.374671 0.0911326 9.9982E-05 0.533997 9.9982E-05
0.352352 0.164579 9.9982E-05 0.482868 9.9982E-05
0.193944 0.175165 0.545787 0.0850035 9.9991E-05
0.106666 0.242043 0.626103 0.0250883 9.9991E-05
0.268185 0.0697505 0.609777 0.0143624 0.0379246
0.256098 0.147896 0.52749 0.0684161 9.9991E-05
0.710593 0.106157 0.18305 9.9982E-05 9.9982E-05
9.9991E-05 0.173927 0.689357 0.0523484 0.0842674
0.115165 0.226485 0.657326 9.9991E-05 0.000923785
0.157679 0.18996 0.647247 9.9991E-05 0.00501294
9.9982E-05 0.518669 0.423702 9.9982E-05 0.0574289
0.0655834 0.142082 0.670239 0.0509655 0.0711297
0.198351 0.304649 0.496799 9.9982E-05 9.9982E-05
0.0814311 0.83507 0.083299 9.9982E-05 9.9982E-05
0.149413 0.197632 0.522531 0.074907 0.0555167
9.9973E-05 0.594412 0.405288 9.9973E-05 9.9973E-05
0.0228472 0.349182 0.602244 0.025627 9.9991E-05
0.224928 0.494478 0.280394 9.9982E-05 9.9982E-05
0.74072 0.116098 0.0303561 0.112726 9.9991E-05
0.746475 0.0375506 0.070805 0.145069 9.9991E-05
0.895237 0.0371707 0.0104766 0.0570158 9.9991E-05
0.853432 0.0290494 9.9982E-05 0.117319 9.9982E-05
0.837116 0.0673624 0.0845024 0.00717936 0.00383958
0.828275 0.00464429 0.0721782 0.0386861 0.0562161
9.9982E-05 9.9982E-05 0.0889553 0.89112 0.0197249
0.130401 9.9991E-05 0.0347206 0.741084 0.0936938
0.00918301 9.9991E-05 0.0705543 0.781942 0.138221
0.0626999 9.9991E-05 0.048626 0.787781 0.100794
0.0199861 9.9991E-05 0.0733622 0.815819 0.0907332
0.546199 0.0805514 9.9982E-05 0.37305 9.9982E-05
0.354051 0.159945 9.9982E-05 0.485805 9.9982E-05
0.509806 0.0557929 9.9991E-05 0.4251 0.00920103
9.9973E-05 9.9973E-05 0.131462 0.868238 9.9973E-05
0.488733 0.113981 9.9982E-05 0.397086 9.9982E-05
9.9991E-05 0.165381 0.194521 0.209804 0.430194
0.00591652 9.9991E-05 0.605934 0.148049 0.240001
9.9982E-05 9.9982E-05 0.488603 0.200737 0.31046
9.9991E-05 0.127689 0.3606 0.291073 0.220539
0.0459275 0.015458 0.593387 0.175902 0.169325
9.9982E-05 0.208874 9.9982E-05 0.50274 0.288187
0.278641 0.164365 0.5447 0.00449369 0.00780123
0.277845 0.333025 0.34684 9.9991E-05 0.0421899
0.489259 0.0814308 0.352206 0.0770038 9.9991E-05
0.102994 0.347794 0.505292 0.00312957 0.0407909
0.151284 0.848416 9.9973E-05 9.9973E-05 9.9973E-05
0.148925 0.119159 0.528962 0.138966 0.0639879
0.231482 0.17655 0.522766 9.9991E-05 0.0691026
0.384596 0.148837 0.455379 0.011087 9.9991E-05
0.186661 0.0566249 0.584199 0.136321 0.0361936
0.291241 0.558198 0.112607 9.9991E-05 0.037853
0.13522 0.262513 0.432061 9.9991E-05 0.170105
0.291536 0.078413 0.560375 9.9991E-05 0.0695758
0.00366819 0.151218 0.459195 0.234118 0.151801
0.257667 0.273399 0.400082 9.9991E-05 0.068751
0.269058 0.225045 0.50484 9.9991E-05 0.000956334
0.157658 0.305738 0.4128 0.049419 0.0743848
0.238332 0.200336 0.501493 0.0187697 0.0410705
0.143071 0.0819802 0.588049 0.0643092 0.12259
0.104564 0.0724752 0.590597 0.162433 0.0699309
0.0808611 0.272894 0.540705 0.0230159 0.082524
9.9982E-05 9.9982E-05 0.133215 0.787459 0.0791259
9.9991E-05 0.0290513 0.0849163 0.854254 0.0316781
0.0699116 0.0599999 0.0870723 0.782916 9.9991E-05
0.0701737 0.0677462 9.9991E-05 0.826225 0.0357551
9.9973E-05 9.9973E-05 0.137851 0.86185 9.9973E-05
0.609113 0.121377 0.169266 0.00740033 0.0928441
0.160998 0.223496 0.503766 9.9991E-05 0.11164
9.9991E-05 0.0868135 0.494743 0.190518 0.227826
0.193749 0.0204216 0.68156 0.00613462 0.0981349
0.260703 0.051241 0.632209 0.0557468 9.9991E-05
0.379853 0.219536 0.275677 9.9991E-05 0.124834
0.612961 0.223803 0.0339702 0.129167 9.9991E-05
0.397049 9.9991E-05 0.550701 0.0258315 0.0263191
0.510727 0.228685 0.161294 0.0437996 0.0554938
0.212359 0.136771 0.492827 0.081024 0.0770194
0.583568 0.179789 0.122558 0.113985 9.9991E-05
0.212977 9.9991E-05 0.594646 0.0866857 0.105591
0.56159 0.116977 0.21149 0.0707734 0.0391695
0.371351 0.259477 0.236077 9.9991E-05 0.132996
0.146282 0.275994 0.512546 0.0300365 0.035141
0.0737699 0.500623 0.335852 0.0837573 0.0059973
0.0752574 0.210713 0.638377 0.0755529 9.9991E-05
0.0328419 0.191367 0.603043 0.172648 9.9991E-05
0.10774 0.459308 0.385318 0.0475342 9.9991E-05
0.0897852 0.219257 0.547639 0.0802577 0.063061
9.9982E-05 0.268989 0.654554 0.0762563 9.9982E-05
0.0470239 0.789306 0.16347 9.9982E-05 9.9982E-05
9.9982E-05 0.636721 0.291757 0.0713218 9.9982E-05
0.131573 0.280832 0.538049 0.049446 9.9991E-05
0.0959757 0.643 0.236713 0.0242113 9.9991E-05
0.0903303 0.326426 0.528015 0.0551286 9.9991E-05
0.593069 0.227258 0.124272 9.9991E-05 0.0553008
0.334426 0.368794 0.223467 9.9991E-05 0.0732127
0.457027 0.011585 0.445056 0.0203658 0.0659663
0.288707 9.9982E-05 0.564747 9.9982E-05 0.146346
0.495403 0.160303 0.344094 9.9982E-05 9.9982E-05
0.164963 0.176428 0.455296 0.0760786 0.127235
0.244547 9.9991E-05 0.577863 0.138175 0.0393143
0.333367 0.0329933 0.515683 9.9991E-05 0.117857
0.282723 0.119335 0.431771 9.9991E-05 0.166072
0.414203 0.0353435 0.405249 0.0167421 0.128463
0.627087 0.0722114 0.203701 9.9991E-05 0.0969008
0.511285 0.0786039 0.346117 9.9991E-05 0.0638933
0.176169 0.0466479 0.700437 9.9991E-05 0.0766471
0.152834 0.100455 0.614836 0.107557 0.0243184
0.316417 0.22419 0.403606 0.0513881 0.00439873
0.24211 0.108128 0.505563 9.9991E-05 0.144098
0.46581 0.00976674 0.374998 0.0611792 0.0882458
0.290565 0.0113504 0.638478 9.9991E-05 0.0595062
0.274068 0.0903458 0.545939 0.0314613 0.0581856
0.196833 0.143393 0.496674 0.112306 0.050793
0.0572518 9.9991E-05 0.476284 0.377815 0.0885491
0.0629033 0.0516879 0.467046 0.184576 0.233787
0.0426786 0.238515 0.33649 0.145039 0.237278
9.9991E-05 0.11655 0.631886 0.108986 0.142477
9.9991E-05 0.0828305 0.494055 0.237077 0.185937
0.167045 0.29229 0.481229 9.9991E-05 0.0593358
0.0746993 9.9991E-05 0.575511 0.223044 0.126646
9.9991E-05 0.527311 0.0255143 0.28277 0.164305
0.0868046 0.125258 0.429121 0.100566 0.258251
0.0753538 0.143114 0.54729 0.0934888 0.140753
0.100341 0.11796 0.490953 0.0439321 0.246814
0.100535 0.229485 0.318887 0.160761 0.190332
9.9982E-05 9.9982E-05 0.619649 0.201758 0.178394
9.9991E-05 0.0433768 0.554231 0.22274 0.179553
9.9982E-05 0.289715 9.9982E-05 0.507377 0.202708
0.0370945 0.156472 0.425008 0.0972336 0.284192
0.00809157 0.0623459 0.563881 0.150126 0.215555
0.0227464 0.0705779 0.603185 0.154848 0.148643
9.9982E-05 9.9982E-05 0.685458 0.199144 0.115199
0.048571 0.0266828 0.556095 0.209166 0.159484
9.9991E-05 0.393702 0.525987 0.00771084 0.0725001
0.0618569 0.156524 0.621539 0.15998 9.9991E-05
0.0817115 0.83477 0.0770683 9.9991E-05 0.0063504
0.0772116 0.838463 0.0841254 9.9982E-05 9.9982E-05
0.0656606 0.239413 0.564023 0.0565092 0.0743942
0.0493443 0.0844054 0.382464 0.0964591 0.387327
9.9991E-05 0.162228 0.352081 0.161825 0.323766
9.9991E-05 0.314448 0.115527 0.259854 0.310071
0.005509 0.0861761 0.391249 0.249573 0.267493
9.9991E-05 0.697915 0.0924963 0.0939332 0.115556
9.9991E-05 0.564592 0.160411 0.141793 0.133104
0.0585429 0.254865 0.561655 0.0133412 0.111596
9.9991E-05 0.257312 0.507289 0.0817053 0.153593
0.0443789 0.466328 0.25442 0.104139 0.130734
0.0541437 0.216388 0.583675 0.0455597 0.100233
9.9991E-05 0.222143 0.613483 0.0251742 0.1391
0.147316 0.174783 0.383376 0.103805 0.19072
0.0896357 0.52889 0.376308 0.00506606 9.9991E-05
0.0307732 0.55 0.38601 9.9991E-05 0.0331166
9.9991E-05 0.225173 0.598969 0.112321 0.0634361
0.151988 0.256049 0.448963 0.077519 0.0654814
0.167044 0.172569 0.482652 0.0844785 0.093256
0.0226011 0.350565 0.59424 0.0151598 0.0174349
0.127829 0.55229 0.302715 9.9991E-05 0.0170648
9.9991E-05 0.319675 0.578415 0.0285996 0.0732103
0.0274484 0.642046 0.292713 9.9991E-05 0.0376927
9.9991E-05 0.428937 0.510066 0.0353704 0.0255267
0.0702103 0.244787 0.530268 0.0946829 0.060051
0.0867232 0.288441 0.499438 9.9991E-05 0.125297
0.0123569 0.0827628 0.527164 0.183579 0.194137
0.144087 0.13862 0.40049 0.097639 0.219165
0.009652 0.170077 0.355096 0.179457 0.285718
0.162102 0.0707641 0.298998 0.193608 0.274528
0.0758906 0.153159 0.329439 0.107347 0.334164
0.115728 0.175437 0.296285 0.136627 0.275923
9.9982E-05 0.574874 9.9982E-05 0.225945 0.198981
9.9991E-05 0.0111726 0.624404 0.14309 0.221233
9.9982E-05 0.403793 9.9982E-05 0.469338 0.126669
9.9991E-05 0.152851 0.51171 0.10434 0.230999
9.9973E-05 0.775169 0.224531 9.9973E-05 9.9973E-05
0.0368687 0.940314 9.9991E-05 0.0218939 0.000823508
0.0452289 0.416831 0.51077 9.9991E-05 0.0270694
9.9991E-05 0.238437 0.708381 0.0188263 0.0342564
0.0212736 0.479426 0.496183 0.00301693 9.9991E-05
0.0406081 0.363261 0.567964 0.0123356 0.0158319
0.0592916 0.281794 0.633951 9.9991E-05 0.024863
0.0165222 0.0281196 0.0791599 0.828884 0.0473141
0.119975 9.9991E-05 0.01439 0.735678 0.129857
0.0395036 9.9982E-05 9.9982E-05 0.913016 0.0472804
9.9973E-05 9.9973E-05 0.0560898 0.94361 9.9973E-05
0.0831093 0.230184 0.609455 0.0771517 9.9991E-05
0.0310211 0.268875 0.618196 0.079635 0.0022733
0.125632 0.244566 0.625686 0.00401579 9.9991E-05
0.0796407 0.0809299 0.697571 0.141758 9.9991E-05
0.074125 0.176225 0.572154 0.110232 0.0672639
0.211616 0.427161 0.361024 9.9982E-05 9.9982E-05
0.0380271 0.204915 0.721552 9.9991E-05 0.0354067
9.9973E-05 0.541206 0.458494 9.9973E-05 9.9973E-05
0.0378714 0.0265317 0.518072 0.275121 0.142404
0.121916 0.279119 0.555713 0.0108326 0.0324195
0.134125 0.428391 0.437283 9.9982E-05 9.9982E-05
0.0658993 0.24026 0.693641 9.9982E-05 9.9982E-05
0.0555619 0.400717 0.521885 0.0217358 9.9991E-05
9.9982E-05 0.273362 0.719552 0.00688559 9.9982E-05
0.0956972 0.219119 0.610875 0.0359126 0.038396
9.9973E-05 0.713549 0.286151 9.9973E-05 9.9973E-05
0.0290345 0.589132 0.339564 0.00365631 0.0386122
0.120334 0.422544 0.403292 0.0269924 0.0268376
9.9973E-05 0.929566 0.0701337 9.9973E-05 9.9973E-05
0.224041 0.248885 0.471348 0.0556268 9.9991E-05
0.0810586 0.687545 0.224219 0.00515571 0.0020209
9.9973E-05 0.925389 0.0743107 9.9973E-05 9.9973E-05
9.9991E-05 0.255142 0.663535 0.0315854 0.0496371
0.157766 0.471644 0.367938 0.00255211 9.9991E-05
0.112331 0.283913 0.540058 9.9991E-05 0.0635975
0.0215533 0.18149 0.647517 0.114961 0.0344786
0.142991 0.138339 0.71847 9.9982E-05 9.9982E-05
0.324171 0.260381 0.356071 9.9991E-05 0.0592763
0.174982 0.13007 0.694749 9.9982E-05 9.9982E-05
0.153043 0.237783 0.553423 0.0222579 0.0334931
0.0464828 0.497043 0.456274 9.9982E-05 9.9982E-05
0.0788241 0.158884 0.639642 0.0765833 0.0460666
0.295521 0.0635047 9.9982E-05 0.640775 9.9982E-05
0.152458 0.063196 0.0219734 0.762273 9.9991E-05
0.120921 0.0830894 9.9982E-05 0.79579 9.9982E-05
0.175949 0.00110059 9.9982E-05 0.82275 9.9982E-05
0.234497 9.9982E-05 0.0359914 0.729312 9.9982E-05
0.256043 0.41782 0.30432 0.0217169 9.9991E-05
0.208365 0.47085 0.24351 0.0771763 9.9991E-05
9.9973E-05 0.666795 0.332905 9.9973E-05 9.9973E-05
0.123949 0.0567522 0.585337 0.12194 0.112022
0.0220711 0.119875 0.714483 0.143471 9.9991E-05
9.9982E-05 0.475701 0.485102 0.0389974 9.9982E-05
9.9973E-05 0.258112 0.741588 9.9973E-05 9.9973E-05
9.9982E-05 0.422508 0.503421 0.0738705 9.9982E-05
0.0176074 0.198564 0.765047 0.018682 9.9991E-05
0.0643746 0.198836 0.649426 0.0531395 0.0342243
0.175165 0.418935 0.405699 9.9982E-05 9.9982E-05
0.132405 0.334716 0.532679 9.9982E-05 9.9982E-05
0.205454 0.297038 0.497308 9.9982E-05 9.9982E-05
0.0648874 0.122829 0.676471 0.121739 0.0140743
0.133745 0.280672 0.563649 0.0218335 9.9991E-05
0.183578 0.264109 0.53758 0.00693887 0.00779373
9.9991E-05 0.0270377 0.453781 0.0537363 0.465345
0.0390126 0.0065122 0.294081 0.134142 0.526252
9.9982E-05 9.9982E-05 0.431677 0.155113 0.41301
9.9982E-05 9.9982E-05 0.331909 0.201676 0.466215
9.9991E-05 0.0649362 0.459827 0.170867 0.304271
9.9991E-05 0.332816 0.575998 0.0728043 0.0182822
0.00403608 0.0319952 0.0366754 0.259733 0.66756
0.0298995 9.9991E-05 0.219059 0.206868 0.544074
9.9991E-05 0.100219 0.52815 0.248408 0.123124
0.0142618 0.154531 0.612007 0.213308 0.00589264
0.0944168 0.244882 0.426695 0.160163 0.0738434
0.0335172 0.175984 0.582387 0.165461 0.0426519
0.0674885 0.121739 0.645033 0.16564 9.9991E-05
9.9982E-05 9.9982E-05 0.348627 0.176367 0.474806
0.0323431 0.0508292 0.349514 0.137185 0.430129
9.9982E-05 9.9982E-05 0.388193 0.0568947 0.554712
0.0124812 0.0645428 0.472186 0.182726 0.268064
0.0436346 0.0299516 0.180264 0.0752997 0.67085
0.0739544 0.0135106 0.37272 0.137214 0.402601
9.9991E-05 0.105737 0.152945 0.170191 0.571028
0.091063 9.9991E-05 0.411325 0.0890435 0.408468
0.00251825 0.286917 0.646149 0.0631337 0.00128228
0.0484737 0.0374924 0.360249 0.193465 0.360321
9.9982E-05 9.9982E-05 0.137161 0.17737 0.68527
0.13789 0.0257015 0.288798 0.132528 0.415083
0.268053 0.244559 0.298356 0.188932 9.9991E-05
0.124208 0.142776 0.565928 0.0276944 0.139393
0.161065 9.9991E-05 0.366441 0.173644 0.29875
0.138445 0.0118334 0.608843 0.161637 0.0792407
0.0655886 0.120227 0.572108 0.241977 9.9991E-05
9.9991E-05 0.197353 0.323135 0.191962 0.28745
9.9991E-05 0.169434 0.281476 0.225461 0.323529
0.0805276 0.114223 0.598491 0.171694 0.0350651
0.124396 0.109971 0.300311 0.0784497 0.386872
9.9991E-05 0.0616181 0.35242 0.136471 0.449391
9.9991E-05 0.0649053 0.085642 0.156207 0.693145
0.159121 0.0336138 0.586407 0.112612 0.108246
0.0617272 0.251244 0.511789 0.17514 9.9991E-05
9.9991E-05 0.53674 0.166881 0.211215 0.0850644
0.0137113 0.143314 0.566724 0.193055 0.0831958
0.212041 0.223327 0.342525 0.121537 0.10057
0.0116329 0.0822426 0.459983 0.253333 0.192808
0.0945596 0.22187 0.397354 0.0829567 0.203259
9.9982E-05 0.421025 9.9982E-05 0.359108 0.219666
9.9982E-05 0.467913 9.9982E-05 0.393571 0.138316
0.0800343 0.30736 0.238147 0.179359 0.1951
9.9982E-05 0.370924 9.9982E-05 0.365291 0.263585
9.9982E-05 0.294903 9.9982E-05 0.444572 0.260326
0.0547703 0.273966 0.312438 0.166055 0.19277
0.0191368 0.197322 0.384905 0.248903 0.149733
0.00662112 0.292508 0.176278 0.316224 0.208368
9.9991E-05 0.380316 0.0768404 0.309905 0.232839
9.9991E-05 0.155056 0.530827 0.157692 0.156325
9.9991E-05 0.435741 0.137719 0.249752 0.176687
9.9982E-05 0.392636 9.9982E-05 0.506276 0.100888
0.101244 0.0624664 0.457609 0.223563 0.155118
0.0103708 0.131485 0.352633 0.216065 0.289446
9.9991E-05 0.0510354 0.415249 0.352446 0.18117
9.9982E-05 9.9982E-05 0.549907 0.182423 0.267471
9.9991E-05 0.0575283 0.50774 0.222868 0.211764
0.0757712 0.0460978 0.378759 0.12858 0.370791
0.0865402 9.9991E-05 0.358367 0.329272 0.225722
0.0436099 9.9991E-05 0.594401 0.220915 0.140975
9.9982E-05 9.9982E-05 0.471356 0.235781 0.292663
0.0395176 0.0718605 0.333466 0.337425 0.21773
0.198191 0.158789 0.341425 0.157481 0.144115
0.066145 0.0258746 0.580988 0.261164 0.0658283
0.0491029 0.00999863 0.4992 0.138699 0.302999
9.9991E-05 0.137031 0.558812 0.153037 0.15102
9.9982E-05 9.9982E-05 0.410581 0.345773 0.243446
9.9991E-05 0.114499 0.475388 0.193868 0.216145
9.9991E-05 0.225799 0.13019 0.38497 0.258942
0.0435118 0.0170548 0.552725 0.190969 0.195739
9.9991E-05 0.1477 0.185446 0.303938 0.362816
0.15669 0.0492103 9.9982E-05 0.793899 9.9982E-05
0.823378 0.00680199 0.121392 0.0483277 9.9991E-05
0.965249 9.9973E-05 9.9973E-05 0.0344512 9.9973E-05
0.9996 9.997E-05 9.997E-05 9.997E-05 9.997E-05
0.998849 9.9973E-05 0.000851263 9.9973E-05 9.9973E-05
0.934921 9.9982E-05 0.0136978 9.9982E-05 0.0511812
0.925096 9.9982E-05 0.0666577 0.00804631 9.9982E-05
0.967146 9.9973E-05 9.9973E-05 0.0325541 9.9973E-05
0.80185 9.9973E-05 9.9973E-05 0.19785 9.9973E-05
0.0589184 9.9991E-05 0.0209147 0.897875 0.0221923
0.151315 9.9982E-05 0.0265353 0.82195 9.9982E-05
0.0158454 9.9991E-05 0.0315327 0.905561 0.0469607
0.110761 0.00874869 0.0491175 0.831273 9.9991E-05
0.0264253 9.9991E-05 0.049834 0.896314 0.0273263
0.05974 0.00911217 0.00726213 0.923786 9.9991E-05
0.0865478 9.9982E-05 9.9982E-05 0.712884 0.200368
9.9982E-05 9.9982E-05 0.0383602 0.872806 0.0886334
0.0961792 9.9991E-05 0.110553 0.756777 0.0363912
0.00299025 9.9982E-05 9.9982E-05 0.924488 0.0723222
0.0350516 9.9973E-05 9.9973E-05 0.964648 9.9973E-05
0.0114992 0.0107443 0.087465 0.874915 0.0153762
0.000787186 9.9982E-05 9.9982E-05 0.982365 0.0166483
9.9973E-05 9.9973E-05 0.0681848 0.931515 9.9973E-05
9.9982E-05 9.9982E-05 0.0913533 0.890633 0.017814
9.9982E-05 9.9982E-05 0.142953 0.844133 0.0127143
9.9982E-05 9.9982E-05 0.0819114 0.779411 0.138478
9.9982E-05 9.9982E-05 0.120012 0.792755 0.0870335
9.9982E-05 9.9982E-05 0.134067 0.821577 0.044156
0.0997475 0.247674 0.479478 0.172755 0.000344762
0.0100982 0.142932 0.758282 0.0885879 9.9991E-05
0.0630088 0.107306 0.614298 0.164445 0.0509434
9.9991E-05 0.692016 0.164467 0.114203 0.0292145
0.198845 0.0206133 0.629122 0.151319 9.9991E-05
9.9991E-05 0.606273 0.137888 0.206095 0.049644
9.9991E-05 0.146403 0.696498 0.124174 0.0328246
0.141295 0.261858 0.4865 0.110247 9.9991E-05
0.121938 0.129081 0.627474 0.121407 9.9991E-05
0.0851332 0.211292 0.610388 0.0448183 0.0483683
0.144441 0.193211 0.502042 0.160207 9.9991E-05
0.025387 0.138601 0.69069 0.145222 9.9991E-05
0.154805 0.125385 0.632014 0.0765819 0.0112149
0.451937 0.410653 0.0398392 9.9991E-05 0.0974713
0.100465 0.793016 9.9982E-05 0.106319 9.9982E-05
9.9991E-05 0.645741 0.19436 0.129301 0.0304974
9.9991E-05 0.14943 0.653769 0.180722 0.0159787
0.0675382 0.195186 0.545145 0.174028 0.0181029
9.9982E-05 0.227327 0.579306 0.193167 9.9982E-05
9.9991E-05 0.204174 0.55241 0.0941734 0.149142
0.0528808 0.0691498 0.503232 0.231489 0.143249
0.0859448 9.9991E-05 0.540535 0.141178 0.232242
0.161127 0.0686953 0.18357 0.423184 0.163423
0.053333 0.0690498 0.662305 0.15018 0.0651326
0.159848 0.00611047 0.448266 0.285271 0.100504
9.9982E-05 0.351242 9.9982E-05 0.466637 0.181922
9.9991E-05 0.0939572 0.370573 0.368225 0.167144
0.0789056 0.0194018 0.294791 0.393104 0.213798
0.135961 0.0210658 0.441799 0.3391 0.0620738
0.17265 9.9991E-05 0.453243 0.143885 0.230122
0.0296784 0.040872 0.573032 0.212078 0.14434
9.9991E-05 0.0367944 0.616159 0.152628 0.194318
0.0554984 0.216438 0.399044 0.134866 0.194153
0.0226055 0.00285263 0.338476 0.519939 0.116126
