0.91862 9.9982E-05 0.0345998 9.9982E-05 0.0465798
0.962371 9.9973E-05 9.9973E-05 9.9973E-05 0.0373287
0.832731 0.0248555 0.0927526 9.9991E-05 0.0495613
0.793608 0.0716966 0.0286009 9.9991E-05 0.105995
0.877152 0.0375641 0.0360748 9.9991E-05 0.0491087
0.62215 0.0550182 0.078506 0.0601023 0.184224
0.84474 0.00701352 9.9991E-05 0.0494514 0.098695
0.733073 0.0214358 9.9991E-05 0.0579895 0.187402
0.844375 9.9982E-05 9.9982E-05 0.0664906 0.088934
0.706681 0.116379 0.0316446 0.0782611 0.0670338
0.756719 9.9991E-05 0.00999333 0.0985512 0.134637
9.999E-05 0.0512344 0.335786 0.165847 0.447032
0.0512646 0.0517324 0.607274 0.0625231 0.227206
0.0450718 0.0798654 0.298637 0.159515 0.416911
9.999E-05 0.232836 0.302946 0.0903191 0.373799
0.169538 0.148016 0.354038 0.0342601 0.294148
0.086906 0.149737 0.569469 0.0395427 0.154345
9.999E-05 0.134711 0.402881 0.177354 0.284954
0.15535 0.0550778 0.386637 0.0818493 0.321086
9.9982E-05 0.120585 9.9982E-05 0.202583 0.676632
9.999E-05 0.0972042 0.451926 0.116636 0.334134
0.0892884 0.0397745 0.459056 0.229605 0.182276
0.0615315 0.0621296 0.606523 0.0829231 0.186893
0.0387425 0.121045 0.355572 0.183845 0.300796
0.0313619 0.109037 0.635134 9.9991E-05 0.224367
0.0685209 0.0596098 0.645445 9.9991E-05 0.226324
0.0246955 0.11844 0.177313 0.168274 0.511278
0.0205836 0.218152 0.2549 0.0599193 0.446444
9.9991E-05 0.00516023 0.341932 0.213645 0.439163
0.850963 0.0888995 0.0599377 9.9982E-05 9.9982E-05
0.843978 0.00198077 0.153841 9.9982E-05 9.9982E-05
0.845063 0.0162773 0.138459 9.9982E-05 9.9982E-05
0.681475 0.17476 0.113824 9.9991E-05 0.0298411
0.0227565 9.9991E-05 0.676239 0.232707 0.068198
0.0732434 0.0575791 0.572632 0.130311 0.166235
9.9982E-05 0.0838912 0.708913 0.206995 9.9982E-05
0.0781391 0.0729434 0.153251 0.0835414 0.612125
0.012556 0.00719814 0.530983 0.421864 0.0273984
0.0141888 0.0607252 0.670707 0.184827 0.0695528
0.0192526 0.177939 0.644224 0.158485 9.9991E-05
0.15151 0.00439583 0.714358 0.0548101 0.0749265
0.12114 0.052581 0.681928 0.0792302 0.0651209
9.9982E-05 9.9982E-05 0.364356 0.3483 0.287145
0.0320736 0.168958 0.652385 0.107338 0.039245
0.028015 0.0494865 0.756881 0.131821 0.0337963
0.0961176 0.149733 0.617818 0.102905 0.0334264
9.9973E-05 9.9973E-05 0.553449 0.446251 9.9973E-05
0.0539307 9.9982E-05 0.78605 0.159819 9.9982E-05
0.0553139 0.13781 0.526916 0.18985 0.0901108
0.100439 9.9991E-05 0.0146901 0.853759 0.0310113
0.000885252 9.9991E-05 0.291795 0.295442 0.411778
0.0169017 0.0632935 0.0803551 0.574228 0.265221
0.0670751 0.0512923 0.701928 0.0774632 0.102242
0.0933616 0.0814297 0.651074 0.116612 0.0575234
0.0475377 0.116858 0.712058 0.0451772 0.0783693
0.082251 0.000461151 0.298984 0.296536 0.321768
0.00951731 9.9991E-05 0.699507 0.0883855 0.20249
0.118503 0.123977 0.485468 0.124108 0.147945
0.140318 9.9991E-05 0.416991 0.199888 0.242703
0.216095 0.0457018 0.116227 0.30123 0.320747
0.0320542 0.146445 0.5438 0.102647 0.175054
0.0865726 0.101685 0.404096 0.0656307 0.342016
0.0432832 9.9991E-05 0.11072 0.30749 0.538407
9.9991E-05 0.0744983 0.554395 0.117007 0.253999
0.0169461 0.046566 0.750608 0.152928 0.0329519
0.122485 0.0877018 0.595974 0.0412897 0.152549
0.0491859 0.071443 0.367151 0.205136 0.307084
9.9991E-05 0.0856776 0.559114 0.134757 0.220351
0.0938388 0.0445161 0.662461 0.0218184 0.177366
0.0169599 9.9991E-05 0.286171 0.268461 0.428308
9.9982E-05 9.9982E-05 0.668492 0.258614 0.0726938
9.9982E-05 9.9982E-05 0.402817 0.393102 0.20388
0.058271 0.0393449 0.639784 0.225247 0.037354
9.9973E-05 9.9973E-05 0.20476 0.79494 9.9973E-05
9.9982E-05 9.9982E-05 0.232446 0.714084 0.0532698
9.9982E-05 9.9982E-05 0.472554 0.450361 0.0768849
9.9982E-05 9.9982E-05 0.660963 0.22192 0.116917
0.174055 0.0481913 0.595354 0.0567006 0.125699
0.0641838 9.9991E-05 0.648481 0.272795 0.0144406
9.9991E-05 0.0166422 0.375033 0.361155 0.24707
0.0171099 9.9991E-05 0.446052 0.208024 0.328714
0.0386308 0.104919 0.64492 0.164571 0.0469586
9.9991E-05 0.0244637 0.518089 0.342165 0.115183
0.0260278 9.9991E-05 0.553436 0.294384 0.126053
9.9973E-05 9.9973E-05 0.607169 0.392532 9.9973E-05
9.9982E-05 9.9982E-05 0.185486 0.772656 0.0416578
9.9991E-05 0.100433 0.674517 0.103548 0.121403
0.778415 0.0495854 0.0997372 9.9991E-05 0.0721624
0.928872 9.9973E-05 0.0708283 9.9973E-05 9.9973E-05
0.892993 0.0332609 0.0735463 9.9982E-05 9.9982E-05
0.923861 9.9982E-05 0.0581123 0.0178264 9.9982E-05
0.893643 0.037472 0.0504334 0.0183515 9.9991E-05
0.869425 0.0539708 0.0431757 9.9991E-05 0.0333281
0.936507 9.9973E-05 0.0631935 9.9973E-05 9.9973E-05
0.0967477 0.0719974 0.572896 0.123485 0.134874
0.114645 0.0960934 0.560557 0.222502 0.00620216
0.0106672 9.9991E-05 0.275892 0.563071 0.150269
0.111852 0.0444323 0.69035 0.127181 0.0261842
0.0235989 9.9991E-05 0.58305 0.238564 0.154688
0.0132187 9.9982E-05 0.747358 0.239223 9.9982E-05
0.0154961 9.9991E-05 0.746254 0.229159 0.00899071
9.9982E-05 0.0933974 0.605208 0.301195 9.9982E-05
0.00782986 9.9991E-05 0.102158 0.593719 0.296193
0.238798 0.0575077 0.557819 0.145775 9.9991E-05
0.079879 0.0583758 0.724892 0.135951 0.000902269
0.0964679 0.175594 0.591508 0.040637 0.0957934
0.0340573 9.9982E-05 0.462312 0.503431 9.9982E-05
0.000595073 0.0330558 0.641485 0.324764 9.9991E-05
0.00248817 9.9991E-05 0.623637 0.245756 0.128019
9.9982E-05 0.0853243 0.478088 0.436388 9.9982E-05
0.0356566 9.9991E-05 0.565182 0.213271 0.185791
0.165417 0.0101897 0.618077 0.103474 0.102842
0.0409178 0.0705813 0.264831 0.238297 0.385373
0.121753 0.0982166 0.393833 9.9991E-05 0.386098
0.0832248 0.124928 0.6059 0.0370439 0.148903
0.0593688 0.115525 0.681162 0.0875107 0.0564341
0.105781 9.9991E-05 0.587423 0.0202024 0.286494
9.9991E-05 0.0687477 0.591904 0.0723168 0.266932
9.9982E-05 0.0654572 0.489153 9.9982E-05 0.44519
0.0594543 0.0844613 0.577097 0.135448 0.143539
0.0923496 0.0720746 0.60225 0.0764978 0.156828
0.00517284 9.9991E-05 0.713514 0.0930683 0.188145
9.9973E-05 9.9973E-05 0.598117 9.9973E-05 0.401583
0.0726073 0.149722 0.595141 0.114437 0.0680921
0.147704 0.0760461 0.598409 0.0961382 0.0817026
9.9991E-05 0.0779661 0.668525 0.0160593 0.23735
9.9991E-05 0.120574 0.632338 0.120888 0.126099
9.9991E-05 0.0495349 0.645671 0.081379 0.223315
0.103239 0.0616824 0.462137 0.107101 0.265842
0.0179396 0.0884854 0.702198 9.9991E-05 0.191278
0.0296345 0.100815 0.644379 0.0638389 0.161333
9.9991E-05 0.116821 0.233992 0.21762 0.431467
0.130873 0.0803852 0.153261 0.326938 0.308543
0.0863122 0.00310458 0.605065 0.0428031 0.262715
9.9991E-05 0.084605 0.076119 0.522426 0.31675
0.0354845 9.9991E-05 0.319336 0.162368 0.482711
0.00847791 9.9991E-05 0.547473 0.117911 0.326038
0.0157235 9.9991E-05 0.407306 0.157355 0.419515
9.9991E-05 0.0867369 0.320853 0.130833 0.461477
0.0817826 0.111888 0.658005 0.0106771 0.137648
0.150217 0.0189553 0.639648 0.116077 0.0751024
0.0745573 0.0719677 0.585244 0.135091 0.13314
9.9991E-05 0.113665 0.131827 0.449593 0.304816
0.184266 0.0929285 0.416088 0.209463 0.0972547
0.0795732 0.0726783 0.501062 0.201541 0.145146
0.186912 9.9991E-05 0.0565894 0.654964 0.101434
0.163709 0.0118651 0.715877 0.0985038 0.0100452
0.117495 0.0252375 0.417573 0.411946 0.0277477
0.133238 0.103982 0.58375 0.17893 9.9991E-05
0.180851 9.9991E-05 0.295416 0.468382 0.0552519
0.119416 9.9991E-05 0.23916 0.483426 0.157898
0.104175 9.9991E-05 0.513895 0.247238 0.134592
0.115966 0.0870231 0.47637 0.194082 0.126559
0.161076 0.0542263 0.469472 0.193575 0.12165
0.110021 0.154749 0.0888803 0.542925 0.103425
0.124552 0.0280529 0.602979 0.244315 9.9991E-05
9.9982E-05 9.9982E-05 0.487681 0.373185 0.138934
9.9982E-05 9.9982E-05 0.557808 0.360781 0.081211
0.131489 0.0341291 0.613199 0.116279 0.104903
0.391307 0.231318 0.193879 0.176989 0.00650724
0.621449 0.151781 9.9982E-05 0.226571 9.9982E-05
0.522879 0.153423 9.9982E-05 0.323498 9.9982E-05
0.405868 0.34252 0.0997512 0.105277 0.0465836
9.9982E-05 0.0769657 0.706429 0.216405 9.9982E-05
0.105019 0.0322952 0.631004 0.189392 0.0422897
9.9973E-05 0.693466 0.306234 9.9973E-05 9.9973E-05
9.9982E-05 0.502361 0.335823 9.9982E-05 0.161616
0.0287574 0.446425 0.413089 0.0398379 0.0718905
9.9991E-05 0.0633041 0.403045 0.484653 0.0488979
0.0699443 0.114266 0.495471 0.171574 0.148745
0.027184 0.0599506 0.230467 0.66187 0.0205288
0.0289613 0.0173015 0.665863 0.221192 0.0666827
0.0819935 0.0301553 0.497485 0.35205 0.0383162
0.0131543 0.0746302 0.583605 0.244415 0.0841958
0.0219933 0.0319813 0.222775 0.639368 0.0838824
0.0604432 0.0792722 0.720858 0.139327 9.9991E-05
0.114266 0.0440442 0.599087 0.195494 0.0471087
9.9973E-05 0.987038 9.9973E-05 0.0126621 9.9973E-05
9.9973E-05 0.934701 0.0649989 9.9973E-05 9.9973E-05
0.0119663 0.638083 0.304173 0.0411976 0.00458007
9.9973E-05 0.719638 0.280063 9.9973E-05 9.9973E-05
9.9982E-05 0.835201 0.136327 9.9982E-05 0.0282719
9.997E-05 0.9996 9.997E-05 9.997E-05 9.997E-05
9.9973E-05 0.94053 9.9973E-05 9.9973E-05 0.0591698
9.9973E-05 0.924113 0.0755874 9.9973E-05 9.9973E-05
9.9973E-05 0.951409 9.9973E-05 9.9973E-05 0.0482907
9.997E-05 0.9996 9.997E-05 9.997E-05 9.997E-05
9.997E-05 0.9996 9.997E-05 9.997E-05 9.997E-05
0.00822821 0.772925 0.189905 9.9991E-05 0.0288419
0.0425531 0.787844 0.118524 9.9991E-05 0.0509799
9.9982E-05 0.967712 9.9982E-05 0.00863111 0.0234567
0.0419488 0.47798 0.304671 0.0113954 0.164005
0.101596 0.657645 0.190065 9.9991E-05 0.0505938
0.0636729 0.798455 0.0853854 9.9991E-05 0.0523866
0.00255165 0.866181 0.108624 9.9991E-05 0.0225432
0.0170779 0.976634 0.00608865 9.9982E-05 9.9982E-05
0.0305027 0.908222 0.0370559 0.0241191 9.9991E-05
9.997E-05 0.9996 9.997E-05 9.997E-05 9.997E-05
0.0869003 0.627308 0.199853 0.0497387 0.0361993
9.9991E-05 0.920561 0.0299955 0.0390731 0.0102708
0.408203 0.0428163 9.9982E-05 0.548781 9.9982E-05
0.173631 0.178153 0.392694 0.20163 0.0538928
0.209393 0.0920039 0.446956 0.22511 0.0265362
0.292156 0.163785 0.174638 0.369321 9.9991E-05
0.100955 0.153177 0.54093 0.157092 0.0478463
0.268457 0.196504 0.18651 0.348429 9.9991E-05
0.271083 0.137584 0.453534 0.0405517 0.0972483
0.210514 0.218067 0.272121 0.299198 9.9991E-05
0.146721 0.157702 0.459042 0.236435 9.9991E-05
0.21599 0.209752 0.341157 0.233 9.9991E-05
0.193827 0.143389 0.454252 0.198654 0.00987784
0.841161 9.9991E-05 0.0466463 0.0681713 0.0439217
0.937656 0.0314223 9.9991E-05 0.0293546 0.00146743
0.968246 9.9982E-05 9.9982E-05 0.0189441 0.0126101
0.982886 9.9982E-05 0.00149161 9.9982E-05 0.0154226
0.916446 9.9982E-05 0.0279895 9.9982E-05 0.0553649
0.905227 0.0944733 9.9973E-05 9.9973E-05 9.9973E-05
0.924833 0.0462893 0.0202832 9.9991E-05 0.00849429
0.912534 9.9982E-05 0.0123487 0.0749173 9.9982E-05
0.92934 0.0257696 0.0117369 0.0330537 9.9991E-05
0.887045 0.0617874 9.9982E-05 9.9982E-05 0.050968
0.614794 0.000565891 9.9991E-05 0.142146 0.242394
0.576102 0.0171742 0.0353127 0.0472768 0.324135
0.565046 9.9982E-05 9.9982E-05 0.132823 0.301931
0.500249 9.9982E-05 9.9982E-05 0.131646 0.367905
0.0765438 0.0238101 0.630836 0.116023 0.152788
9.9991E-05 0.0985302 0.547382 0.145415 0.208572
0.0316211 0.0325898 0.638019 0.0486203 0.24915
0.00788688 9.9991E-05 0.533514 0.163395 0.295104
9.9982E-05 9.9982E-05 0.251912 0.150848 0.59704
0.0805442 0.024768 0.729046 0.159998 0.00564399
9.9991E-05 0.0584334 0.694647 0.193695 0.053125
9.9991E-05 0.0469773 0.608639 0.253163 0.09112
9.9982E-05 9.9982E-05 0.575795 0.374209 0.0497969
0.0597087 0.0124273 0.75392 0.028291 0.145653
9.9982E-05 9.9982E-05 0.5846 0.293749 0.121451
9.9982E-05 9.9982E-05 0.020861 0.833041 0.145898
0.0312426 0.0274157 0.695971 0.114779 0.130591
0.0481221 9.9991E-05 0.429435 0.472645 0.0496983
0.0252782 0.0315894 0.664521 0.2206 0.0580119
9.9982E-05 9.9982E-05 0.288052 0.461124 0.250624
0.1264 9.9991E-05 0.0345422 0.055231 0.783727
0.119013 9.9991E-05 0.0580238 0.0968194 0.726044
0.0624933 9.9991E-05 0.00626428 0.0504913 0.880651
0.104119 9.9991E-05 0.00238738 0.0427353 0.850658
9.9991E-05 0.0494385 0.0028588 0.0428922 0.904711
0.0623379 0.0159005 0.12103 9.9991E-05 0.800632
0.893121 0.0166155 0.0900632 9.9982E-05 9.9982E-05
0.823177 0.0532066 0.0518557 9.9991E-05 0.0716611
0.780733 0.125799 0.0932683 9.9982E-05 9.9982E-05
0.755167 0.110565 0.0259631 9.9991E-05 0.108205
0.850738 0.0791916 0.06987 9.9982E-05 9.9982E-05
0.398302 9.9982E-05 9.9982E-05 0.116991 0.484506
0.473287 9.9982E-05 9.9982E-05 0.136277 0.390235
0.426203 0.00976432 9.9991E-05 0.110517 0.453415
0.849587 9.9973E-05 0.150113 9.9973E-05 9.9973E-05
0.362196 9.9982E-05 9.9982E-05 0.134656 0.502948
0.238239 0.383263 0.307602 0.0707963 9.9991E-05
0.153909 0.228205 0.574546 0.0260149 0.0173246
0.208086 0.28463 0.507084 9.9982E-05 9.9982E-05
0.24955 0.238209 0.441254 0.0568686 0.0141183
0.188046 0.133306 0.577098 0.0425804 0.05897
0.504084 0.305004 9.9982E-05 0.190712 9.9982E-05
0.018903 9.9991E-05 0.508991 0.112242 0.359764
0.0142291 9.9991E-05 0.476542 0.350002 0.159127
0.0663063 9.9991E-05 0.365979 0.0203157 0.547299
9.9982E-05 9.9982E-05 0.634818 0.186024 0.178958
9.9973E-05 9.9973E-05 9.9973E-05 0.819083 0.180617
0.153084 0.0770105 0.63656 0.0128148 0.120531
0.0546094 9.9991E-05 0.614966 0.153153 0.177172
0.0458225 9.9991E-05 0.405286 0.0861982 0.462593
0.0400502 0.128635 0.58901 9.9991E-05 0.242205
9.9982E-05 9.9982E-05 0.22673 0.511059 0.262011
9.9991E-05 0.0734747 0.53363 0.199038 0.193758
9.9991E-05 0.070584 0.628415 0.0318305 0.269071
0.137206 0.226252 0.460334 0.0620684 0.114139
9.9982E-05 9.9982E-05 0.454604 0.263799 0.281397
0.0423976 0.0353093 0.508667 0.142484 0.271143
0.00726616 0.0813871 0.593366 0.190217 0.127764
0.0140798 9.9991E-05 0.611976 0.17146 0.202384
0.0210161 0.060121 0.764382 0.0642627 0.0902182
0.0658817 0.196078 0.499697 0.0140872 0.224256
0.0860382 0.0891795 0.56339 0.0123575 0.249035
0.78395 0.10404 0.11181 9.9982E-05 9.9982E-05
0.858287 0.0299194 0.0903862 0.0213075 9.9991E-05
0.8006 0.0296853 0.0555627 0.032856 0.081296
0.841477 0.0587028 0.0370599 0.0225968 0.0401632
0.883406 0.00138291 0.115012 9.9982E-05 9.9982E-05
9.9991E-05 0.0715157 0.205889 0.166516 0.555979
0.013037 0.150931 0.498018 0.0848147 0.2532
0.203856 0.171956 0.450561 0.12572 0.0479069
0.039255 0.0594181 0.758967 0.0104676 0.131892
0.0140978 0.0587815 0.625294 0.0787493 0.223077
9.9991E-05 0.117232 0.285872 0.254713 0.342083
0.172535 9.9991E-05 0.0286858 0.195925 0.602753
0.015785 0.100975 0.519595 0.0202817 0.343364
0.0249349 0.120354 0.166565 0.168283 0.519864
0.00843961 0.129935 0.350043 0.24127 0.270312
0.156788 0.0608995 0.101395 0.131177 0.549741
0.112472 0.152663 0.486177 0.0281295 0.220559
0.0856677 0.049223 0.154579 0.183138 0.527392
0.0315415 0.11705 0.360168 0.133143 0.358097
0.0712543 0.118032 0.477705 0.198416 0.134593
0.00666011 0.116386 0.220699 0.522698 0.133557
0.0636437 0.10734 0.527507 0.236828 0.0646816
0.09085 0.137897 0.564371 0.196191 0.0106909
0.039403 9.9991E-05 0.402236 0.479976 0.0782849
0.129038 0.0949387 0.492467 0.253555 0.0300017
0.104244 9.9982E-05 0.659262 0.236294 9.9982E-05
9.9982E-05 9.9982E-05 0.205095 0.653869 0.140837
0.0374643 9.9982E-05 0.352427 0.609909 9.9982E-05
0.0437167 0.0540667 0.572745 0.235856 0.0936163
0.0545228 9.9991E-05 0.205883 0.587961 0.151533
0.00920011 9.9991E-05 0.576672 0.290228 0.1238
0.0155848 9.9991E-05 0.18918 0.204361 0.590774
9.9991E-05 0.0465432 0.246485 0.373505 0.333367
0.0161023 0.0723321 0.413727 0.0930767 0.404761
0.0234113 0.106707 0.6541 9.9991E-05 0.215682
9.9991E-05 0.0149219 0.344952 0.164496 0.47553
0.158013 0.02991 0.576098 0.148216 0.0877622
0.0241593 0.17736 0.592697 9.9991E-05 0.205683
0.00265156 0.0992499 0.500549 0.071049 0.3265
0.0123342 0.140667 0.544779 9.9991E-05 0.302119
0.0570579 0.0314738 0.557774 0.038939 0.314756
9.9991E-05 0.0512731 0.306689 0.155194 0.486745
9.9991E-05 0.11398 0.387713 0.0483307 0.449876
9.9991E-05 0.0820681 0.648509 0.0374167 0.231906
0.0628388 9.9991E-05 0.687627 0.0644454 0.184989
0.090129 0.0420813 0.461232 0.104406 0.302152
9.9991E-05 0.111954 0.532297 0.13995 0.215699
0.0274575 0.0769593 0.416504 0.00799716 0.471082
0.0329066 0.0279878 0.683531 0.0203865 0.235188
9.9991E-05 0.132757 0.465216 0.0376299 0.364297
0.065878 0.14164 0.476375 0.133939 0.182169
0.370225 0.170692 0.458883 9.9982E-05 9.9982E-05
0.142478 0.150736 0.683067 0.0236187 9.9991E-05
0.134308 0.105596 0.615201 0.039173 0.105721
0.0785698 0.181609 0.537114 0.0704445 0.132262
0.234986 0.244393 0.501447 9.9991E-05 0.0190742
9.9991E-05 0.0948013 0.455363 0.21509 0.234646
0.188044 0.208798 0.508754 0.0291251 0.0652797
0.306595 0.147285 9.9982E-05 0.54592 9.9982E-05
0.104108 0.190055 0.574463 0.0141896 0.117184
0.11809 0.130943 0.647737 0.0650926 0.0381375
0.12395 0.252881 0.463996 0.0464247 0.112749
0.188297 0.221904 0.255528 0.235428 0.0988421
0.234293 0.233729 0.459341 0.0725363 9.9991E-05
0.132096 0.316791 0.452319 0.098694 9.9991E-05
0.555762 0.171174 9.9982E-05 0.272864 9.9982E-05
0.208484 0.217129 0.564103 0.0101831 9.9991E-05
0.14318 0.283261 0.483168 0.0537375 0.0366529
0.151771 0.141262 0.648237 0.0586296 9.9991E-05
0.117248 0.268219 0.526211 9.9991E-05 0.0882226
0.125861 0.190957 0.526789 0.0933461 0.0630473
0.0760395 0.0852043 0.494612 0.331243 0.0129016
0.0839573 0.118494 0.431262 0.178639 0.187647
9.9982E-05 9.9982E-05 0.151092 0.710599 0.138108
0.00125439 0.00413308 0.0447927 0.847092 0.102728
0.0740833 0.230428 0.472576 0.156898 0.0660144
0.118085 0.356029 0.417734 0.0939907 0.0141617
0.107658 0.439177 0.251451 0.201615 9.9991E-05
0.230343 0.343429 0.192675 0.205025 0.0285276
0.228701 0.280651 0.440782 0.0497661 9.9991E-05
0.0855788 0.162438 0.084732 0.667151 9.9991E-05
0.150029 0.157588 0.127077 0.565207 9.9991E-05
0.00248532 0.0983327 0.623345 0.240551 0.0352862
0.10624 0.112052 0.541785 0.239823 9.9991E-05
0.129426 0.162023 0.223247 0.485204 9.9991E-05
0.0577504 0.201123 0.507702 0.233325 9.9991E-05
0.00158033 0.258909 0.508753 0.230658 9.9991E-05
0.132934 0.262694 0.324088 0.156594 0.123689
0.0237918 9.9991E-05 0.474113 0.375095 0.1269
9.9991E-05 0.0462553 0.469838 0.403839 0.0799677
0.0605968 0.0909027 0.536506 0.178989 0.133005
0.0580088 0.0513081 0.486909 0.231075 0.172699
0.149611 0.0582431 0.491938 0.184485 0.115722
9.9982E-05 0.0222461 0.574127 0.403427 9.9982E-05
9.9991E-05 0.00846688 0.294988 0.604132 0.092313
0.0508714 0.0476318 0.699732 0.201665 9.9991E-05
9.9991E-05 0.0167482 0.255059 0.665732 0.0623599
0.0268879 0.0264066 0.548262 0.395957 0.00248637
0.114443 0.0490958 0.606716 0.229645 9.9991E-05
0.0220776 0.0853504 0.539551 0.327061 0.0259598
0.154244 0.204059 0.429415 0.212182 9.9991E-05
0.149345 0.274541 0.412598 0.016876 0.14664
0.151655 0.311004 0.309828 0.112871 0.114642
0.15389 0.276443 0.318401 0.0687145 0.182551
0.16662 0.166475 0.513242 0.153563 9.9991E-05
0.110708 0.21984 0.494811 0.165251 0.00939009
0.199719 0.199908 9.9991E-05 0.551861 0.0484133
0.0596039 0.217449 0.556457 0.0916465 0.0748442
0.432862 0.146088 9.9982E-05 0.42085 9.9982E-05
0.0618283 0.250034 0.513609 0.174428 9.9991E-05
9.9973E-05 9.9973E-05 0.239945 0.759755 9.9973E-05
0.000842514 9.9982E-05 9.9982E-05 0.919617 0.0793402
9.9973E-05 9.9973E-05 0.595101 0.404599 9.9973E-05
0.0575502 9.9982E-05 0.776105 0.166145 9.9982E-05
0.0197351 0.00334363 0.502267 0.461037 0.013618
9.9982E-05 9.9982E-05 0.598303 0.31521 0.0862871
9.9982E-05 0.0261082 0.617874 0.355818 9.9982E-05
0.854384 0.0232675 0.0658682 0.0509673 0.0055127
0.69715 0.137784 9.9982E-05 9.9982E-05 0.164866
0.898845 0.0454526 9.9982E-05 9.9982E-05 0.0555022
0.959888 9.9973E-05 0.0398124 9.9973E-05 9.9973E-05
0.0609638 0.0397442 0.612978 0.26887 0.017444
0.0831925 0.0264777 0.660649 0.193803 0.035878
0.00953072 9.9991E-05 0.723509 0.14638 0.120481
0.0949507 9.9991E-05 0.713011 0.109517 0.0824207
0.0814384 0.0715372 0.574431 0.106371 0.166222
0.0253956 9.9991E-05 0.416152 0.454017 0.104335
9.9982E-05 0.0563804 0.807527 0.135893 9.9982E-05
9.9973E-05 9.9973E-05 0.518379 0.481321 9.9973E-05
0.265594 0.14963 0.562341 9.9991E-05 0.0223344
9.9991E-05 0.0406394 0.54758 0.340893 0.0707871
9.9982E-05 9.9982E-05 0.549483 0.307527 0.14279
0.0262284 9.9991E-05 0.684987 0.254599 0.0340853
9.9982E-05 9.9982E-05 0.548696 0.29045 0.160655
0.000917826 0.01553 0.736177 0.247276 9.9991E-05
0.0764815 0.0394855 0.696837 0.156488 0.0307083
9.9973E-05 9.9973E-05 0.33479 0.66491 9.9973E-05
9.9991E-05 0.0262875 0.34555 0.562648 0.0654152
9.9982E-05 9.9982E-05 0.549462 0.412708 0.03763
9.9973E-05 9.9973E-05 0.0617697 0.93793 9.9973E-05
0.0431587 0.0159913 0.541981 0.202748 0.196121
9.9982E-05 9.9982E-05 0.265104 0.671657 0.0630382
0.0195015 9.9991E-05 0.103364 0.848929 0.0281055
0.0479546 0.0104601 0.711343 0.230142 9.9991E-05
0.0463559 9.9991E-05 0.412504 0.434548 0.106493
0.0274992 0.0632624 0.520423 0.271796 0.117019
0.123584 0.0509903 0.716566 0.0795138 0.0293456
0.040272 9.9991E-05 0.687528 0.191737 0.0803631
9.9991E-05 0.0757991 0.402609 0.248146 0.273346
9.9991E-05 0.129524 0.582796 0.129385 0.158195
0.047965 0.0315745 0.655793 0.151469 0.113198
9.9973E-05 9.9973E-05 0.516819 0.482881 9.9973E-05
0.0881681 0.0677798 0.599487 0.164609 0.0799567
0.650467 9.9991E-05 0.0199369 0.0567234 0.272772
0.781729 9.9991E-05 0.0380367 0.0891402 0.0909939
0.838589 9.9982E-05 9.9982E-05 0.0637258 0.0974855
0.831113 9.9982E-05 9.9982E-05 0.0504207 0.118267
0.743198 9.9982E-05 9.9982E-05 0.0324272 0.224175
9.9982E-05 9.9982E-05 0.33803 0.429603 0.232167
0.0106518 9.9991E-05 0.318852 0.509143 0.161254
9.9973E-05 9.9973E-05 0.308978 0.690722 9.9973E-05
0.165013 0.0394285 0.61759 0.120757 0.0572113
0.128437 0.0114843 0.666473 0.0797232 0.113882
9.9982E-05 0.0330659 0.4377 0.529035 9.9982E-05
0.0111863 9.9991E-05 0.732497 0.214148 0.0420685
0.0471801 0.0776884 0.565819 0.309212 9.9991E-05
9.9982E-05 9.9982E-05 0.77527 0.190995 0.0335345
0.0195506 0.0480262 0.768701 0.12142 0.0423022
9.9982E-05 9.9982E-05 0.424281 0.375483 0.200036
9.9982E-05 9.9982E-05 0.587596 0.258586 0.153618
9.9982E-05 9.9982E-05 0.522852 0.310795 0.166152
0.108653 9.9991E-05 0.701247 0.106365 0.0836357
9.9982E-05 9.9982E-05 0.634136 0.21097 0.154694
0.0247472 0.0224287 0.566217 0.282329 0.104278
0.0293762 0.463986 0.371798 0.0709172 0.0639226
0.0609672 0.491536 0.382038 0.0346876 0.0307711
0.13741 0.450086 0.412304 9.9982E-05 9.9982E-05
0.144675 0.527722 0.245939 0.0815651 9.9991E-05
0.167494 0.277412 0.525216 0.0249037 0.00497333
0.0945963 9.9982E-05 0.62249 0.282714 9.9982E-05
0.228046 0.663812 0.0275342 0.0805073 9.9991E-05
0.141634 0.558256 0.257904 0.0421058 9.9991E-05
0.175033 0.207473 0.403989 0.213404 9.9991E-05
0.197859 9.9991E-05 0.665495 0.0616603 0.0748861
0.148101 0.0400478 0.452188 0.229013 0.13065
0.161136 0.0689505 0.666684 0.0617895 0.0414408
0.109915 0.0271271 0.666972 0.13076 0.0652253
0.206939 0.478695 0.314165 9.9982E-05 9.9982E-05
0.076491 0.465172 0.319615 0.0556555 0.0830666
0.0467926 0.540039 0.412969 9.9982E-05 9.9982E-05
0.141033 0.328034 0.505622 9.9991E-05 0.0252114
0.126087 0.557125 0.24911 0.0675792 9.9991E-05
0.17584 0.370141 0.401007 0.0529121 9.9991E-05
0.0537981 0.685554 0.210315 0.0105905 0.0397422
0.0973435 0.453972 0.321427 0.033289 0.0939683
0.0893518 0.138843 0.551112 0.220593 9.9991E-05
0.165531 0.41131 0.323911 9.9991E-05 0.0991487
0.186216 0.635435 0.178149 9.9982E-05 9.9982E-05
0.12568 0.358655 0.429101 0.0827881 0.0037756
0.186087 9.9991E-05 0.267042 0.301423 0.245347
0.0429922 0.150934 0.562446 0.0817531 0.161875
0.198048 0.278786 0.432101 9.9991E-05 0.0909655
0.13983 0.00899298 0.759555 0.000514435 0.0911078
0.203977 0.040706 0.575402 0.150456 0.0294583
0.235803 0.260543 0.417414 0.0717069 0.0145332
0.215099 0.337089 0.311292 0.13642 9.9991E-05
0.128973 0.183343 0.432382 0.255201 9.9991E-05
0.124767 0.378674 0.455937 0.0405219 9.9991E-05
0.126766 0.482231 0.38085 0.0100534 9.9991E-05
0.193268 0.617531 0.158339 0.0307621 9.9991E-05
0.114166 0.131918 0.609836 0.114736 0.0293434
0.152747 9.9991E-05 0.515364 0.213687 0.118103
0.177332 0.0682241 0.196729 0.557615 9.9991E-05
0.107995 0.153626 0.574502 0.156965 0.00691151
0.0912767 0.0692645 0.390827 0.142394 0.306238
0.1911 0.225945 0.420377 0.162478 9.9991E-05
0.115677 0.110764 0.403808 0.234003 0.135748
0.371118 0.175342 9.9982E-05 0.453339 9.9982E-05
0.38325 0.140819 9.9982E-05 0.475731 9.9982E-05
0.222136 0.14534 0.288417 0.321395 0.0227117
0.375605 0.257281 9.9982E-05 0.366914 9.9982E-05
0.48729 0.230542 9.9982E-05 0.281967 9.9982E-05
0.169724 0.143174 0.364903 0.322099 9.9991E-05
0.294063 0.206329 0.357534 0.141975 9.9991E-05
0.342881 0.211397 0.159691 0.245758 0.0402731
0.31761 0.191113 0.0467557 0.444422 9.9991E-05
0.135729 0.158452 0.50763 0.165303 0.0328852
0.234111 0.177756 0.145171 0.442863 9.9991E-05
0.529699 0.0711549 9.9982E-05 0.398946 9.9982E-05
0.135562 0.177109 0.551839 0.0098248 0.125665
0.153329 0.332482 0.262178 0.227746 0.0242649
0.285731 0.13821 0.498101 0.0158752 0.0620828
0.184454 0.265858 0.549488 9.9982E-05 9.9982E-05
0.161013 0.230635 0.564318 0.00571457 0.03832
0.115648 0.184788 0.599214 0.10025 9.9991E-05
0.335092 0.223902 0.381753 9.9991E-05 0.0591532
0.26807 0.213404 0.427295 0.0445926 0.0466392
0.27983 0.259887 0.452913 9.9991E-05 0.00726944
0.28427 0.194784 0.391717 0.129129 9.9991E-05
0.141555 0.139478 0.366444 0.23133 0.121193
0.131302 0.209334 0.474631 0.0158135 0.16892
0.200022 0.151765 0.642394 9.9991E-05 0.00571987
0.0931509 0.137157 0.584511 0.15082 0.03436
0.361729 0.196455 0.441616 9.9982E-05 9.9982E-05
0.227604 0.237269 0.533906 9.9991E-05 0.00112107
0.425222 0.187925 0.199429 0.187324 9.9991E-05
0.246558 0.31115 0.418137 0.00644872 0.0177065
0.333713 0.300878 0.205042 0.160267 9.9991E-05
0.791773 0.0290128 9.9991E-05 0.0504542 0.12866
0.0865017 0.0565185 0.0851732 0.0475618 0.724245
0.000996355 9.9982E-05 9.9982E-05 0.00444692 0.994357
9.997E-05 9.997E-05 9.997E-05 9.997E-05 0.9996
9.9982E-05 0.0171563 0.0237559 9.9982E-05 0.958888
9.9973E-05 0.0452591 9.9973E-05 9.9973E-05 0.954441
9.9973E-05 9.9973E-05 0.0671896 9.9973E-05 0.932511
0.00322387 9.9973E-05 9.9973E-05 9.9973E-05 0.996476
0.188792 9.9973E-05 9.9973E-05 9.9973E-05 0.810908
0.895058 0.0177329 0.0523567 0.0310568 0.00379585
0.797624 0.000654929 0.0663455 9.9991E-05 0.135275
0.906428 0.0289966 0.0564236 9.9991E-05 0.00805177
0.80987 9.9982E-05 0.0423233 9.9982E-05 0.147607
0.893616 0.00322933 0.0530138 9.9991E-05 0.050041
0.937999 0.00547103 9.9982E-05 9.9982E-05 0.05633
0.738112 0.148089 0.0250073 9.9991E-05 0.0886923
0.872171 0.0672136 0.0241134 0.036402 9.9991E-05
0.677517 0.0695687 0.111124 9.9991E-05 0.14169
0.905149 0.0867641 0.0078871 9.9982E-05 9.9982E-05
0.975706 9.9982E-05 0.0043292 0.0197645 9.9982E-05
0.854738 0.0568722 0.0325552 0.0426096 0.0132253
0.962603 9.9982E-05 0.0344832 9.9982E-05 0.00271403
0.918089 9.9973E-05 0.0816107 9.9973E-05 9.9973E-05
0.826493 0.0402835 0.08272 9.9991E-05 0.0504031
0.816843 0.0623998 0.120558 9.9982E-05 9.9982E-05
0.803208 0.0993507 0.0972411 9.9982E-05 9.9982E-05
0.776715 0.111569 0.111516 9.9982E-05 9.9982E-05
0.806081 0.0951639 0.0985554 9.9982E-05 9.9982E-05
0.155777 0.0491932 0.422739 0.304521 0.0677687
0.110188 9.9991E-05 0.744644 0.119875 0.025192
0.0990447 0.0436517 0.730447 0.126757 9.9991E-05
0.140252 0.0347483 0.176655 0.628888 0.0194574
0.148298 9.9991E-05 0.651783 0.0847667 0.115053
0.242644 0.0524918 0.0998808 0.604883 9.9991E-05
0.128156 0.115093 0.648651 0.107175 0.000925139
0.0872952 9.9991E-05 0.486161 0.209842 0.216602
0.0909089 0.0435269 0.566548 0.210369 0.0886467
0.0506958 0.00698884 0.633195 0.274772 0.0343481
0.113385 0.0486745 0.478076 0.221606 0.138259
0.059688 0.13139 0.71996 0.0122124 0.07675
0.120916 0.0271345 0.677364 0.101511 0.0730747
9.9991E-05 0.058611 0.113833 0.40695 0.420505
0.131543 9.9982E-05 9.9982E-05 0.816146 0.0521114
0.129625 0.0496918 0.185199 0.612687 0.0227971
0.0911408 0.0661905 0.667786 0.081921 0.0929615
0.148212 0.0138683 0.592968 0.225594 0.0193576
0.119853 0.0049873 0.667464 0.207596 9.9991E-05
0.147003 0.0818446 0.599999 0.171053 9.9991E-05
0.228025 0.138937 0.590703 0.000213022 0.042123
0.176492 0.151879 0.658726 0.0128028 9.9991E-05
0.380292 0.184951 0.111119 0.139813 0.183825
0.208929 0.0212757 0.639156 0.0949081 0.0357305
0.217856 0.190416 0.443042 0.0972887 0.0513979
0.478608 0.166624 9.9982E-05 0.354568 9.9982E-05
0.226721 0.301543 0.328205 0.143431 9.9991E-05
0.355807 0.230803 0.281784 0.0521777 0.0794285
0.300633 0.0799268 0.488437 9.9991E-05 0.130903
0.145767 0.24499 0.538143 0.0363969 0.0347037
0.172251 0.155855 0.558431 0.0604807 0.0529817
0.109545 0.131285 0.66288 0.0445616 0.0517278
0.218769 0.199798 0.381872 0.194444 0.00511631
0.500187 0.162873 0.277668 0.0254959 0.0337754
