0.0161702 0.874277 0.109352 9.9982E-05 9.9982E-05
9.9982E-05 0.937027 9.9982E-05 0.0263322 0.0364404
0.0780788 0.81329 0.0494326 0.0590983 9.9991E-05
0.0956808 0.777744 0.104852 0.0216232 9.9991E-05
0.000485329 0.904144 9.9982E-05 0.0951712 9.9982E-05
0.0380437 0.634611 0.0668953 0.0970104 0.16344
9.9982E-05 0.859934 0.00613394 9.9982E-05 0.133732
0.0462464 0.764367 0.105461 0.0253813 0.0585444
9.9982E-05 0.837521 0.079462 9.9982E-05 0.0828166
0.0294074 0.734608 0.0230538 0.138004 0.0749268
9.9991E-05 0.769818 0.115254 0.0656248 0.0492036
0.0673674 9.9991E-05 0.473155 0.337215 0.122163
0.0843033 0.0403171 0.338787 0.536493 9.9991E-05
0.0745159 0.0499377 0.428765 0.352616 0.0941648
0.191365 0.0337567 0.357975 0.345615 0.0712875
0.195586 0.168912 0.191293 0.414591 0.0296179
0.12218 0.14594 0.0374451 0.592663 0.101772
0.112113 0.036202 0.221461 0.447575 0.182649
0.0798327 0.180981 0.326274 0.384086 0.0288272
0.0579368 0.0783401 0.625428 0.0677568 0.170538
0.162036 0.019908 0.26911 0.416315 0.132631
0.027755 0.101109 0.172479 0.545082 0.153575
0.0836771 0.0561377 0.219515 0.561802 0.0788676
0.0826972 9.9991E-05 0.321533 0.384409 0.21126
9.9982E-05 0.250452 9.9982E-05 0.712134 0.0372148
0.14661 0.00215965 0.24134 0.609789 9.9991E-05
0.137189 0.0305846 0.572122 0.201033 0.059071
0.217774 0.044805 0.385681 0.236113 0.115627
0.0386957 0.00747764 0.480462 0.313179 0.160185
0.0899621 0.835947 9.9982E-05 0.0738913 9.9982E-05
9.9973E-05 0.827303 9.9973E-05 0.172397 9.9973E-05
0.0542789 0.810578 9.9982E-05 0.134943 9.9982E-05
0.0484692 0.757028 9.9982E-05 0.194303 9.9982E-05
9.9991E-05 0.0825648 0.102722 0.688934 0.125679
0.0953339 0.0988737 0.133341 0.49339 0.179062
0.0119587 0.0512473 9.9991E-05 0.742964 0.19373
0.0115867 0.0934058 0.575077 0.247237 0.0726938
9.9973E-05 9.9973E-05 9.9973E-05 0.448042 0.551658
0.0188311 0.067427 0.162426 0.610846 0.14047
0.0969139 9.9982E-05 9.9982E-05 0.743613 0.159273
0.0344177 0.120967 0.0485794 0.636578 0.159458
0.0405536 0.110544 0.101748 0.68484 0.0623142
9.9991E-05 0.0017651 0.130996 0.31502 0.552119
0.131986 0.0643264 0.0562174 0.558625 0.188845
0.073051 0.10202 9.9991E-05 0.643251 0.181578
0.169868 0.113957 0.0448493 0.58148 0.0898453
9.9982E-05 9.9982E-05 0.0333261 0.51147 0.455004
0.12898 0.0936863 0.0105305 0.652449 0.114355
0.0989442 0.122452 0.0221872 0.657705 0.098711
9.9982E-05 0.0976507 0.0219952 9.9982E-05 0.880154
9.9982E-05 9.9982E-05 0.447363 0.290303 0.262134
0.0561428 0.0116119 0.237221 0.121617 0.573407
0.0938559 0.127857 0.129507 0.598311 0.0504687
0.167668 0.0653893 0.0799459 0.567286 0.119711
0.167696 0.0446751 0.134001 0.588215 0.0654134
9.9991E-05 0.0975336 0.378213 0.259871 0.264283
0.0241386 0.0307094 0.190458 0.665324 0.0893708
0.13355 0.0749791 0.100565 0.567098 0.123809
0.00388905 0.149784 0.175451 0.455718 0.215158
0.134193 0.200619 0.299736 0.038829 0.326623
0.0236148 0.0905277 0.148518 0.614371 0.122968
0.0580765 0.0948475 0.302995 0.486691 0.0573898
9.9991E-05 0.0522043 0.539312 0.107105 0.301279
0.0705896 9.9991E-05 0.186193 0.539559 0.203558
0.0959781 0.0107312 0.0474934 0.65052 0.195277
0.0450456 0.121964 0.144412 0.599996 0.088583
0.0411767 0.0750578 0.249305 0.338125 0.296335
0.109872 9.9991E-05 0.166258 0.523265 0.200505
0.0514039 0.0970289 0.206855 0.556437 0.0882753
9.9991E-05 0.0236886 0.418861 0.249018 0.308332
9.9982E-05 9.9982E-05 0.0629269 0.681638 0.255235
9.9982E-05 9.9982E-05 0.246124 0.427187 0.326488
0.0794543 0.0379438 0.187338 0.586456 0.108808
9.9982E-05 9.9982E-05 0.0389211 0.180286 0.780593
9.9982E-05 9.9982E-05 0.135494 0.147285 0.717021
0.00691044 9.9991E-05 0.0164235 0.456995 0.519571
9.9982E-05 9.9982E-05 0.137333 0.602062 0.260406
0.0711161 0.13396 0.093272 0.630607 0.0710445
0.0230988 9.9991E-05 0.123093 0.591207 0.262501
9.9991E-05 0.0416777 0.208495 0.373927 0.3758
0.00784919 9.9991E-05 0.351111 0.358279 0.282661
0.173402 0.085476 0.0816073 0.496048 0.163467
9.9982E-05 9.9982E-05 0.18411 0.493184 0.322506
0.0454224 0.0257256 0.179415 0.557791 0.191646
9.9973E-05 9.9973E-05 9.9973E-05 0.575041 0.424659
0.0674967 9.9991E-05 0.0528052 0.0727178 0.80688
0.11491 0.0402026 0.0854902 0.677532 0.0818647
0.0435429 0.815999 0.0803589 0.0599992 9.9991E-05
9.9973E-05 0.925461 9.9973E-05 0.0742389 9.9973E-05
0.0664274 0.871054 9.9982E-05 0.0623185 9.9982E-05
0.0107179 0.927343 9.9991E-05 0.0439881 0.017851
0.0238612 0.861515 9.9982E-05 0.114424 9.9982E-05
0.0420836 0.88787 9.9991E-05 0.0333773 0.0365694
0.0272143 0.93407 9.9982E-05 0.0385158 9.9982E-05
0.100552 0.160751 0.0333947 0.593087 0.112215
0.198434 0.111325 0.124789 0.47809 0.0873627
9.9982E-05 9.9982E-05 0.223453 0.194462 0.581885
0.0389505 0.0396651 0.116516 0.679666 0.125202
9.9991E-05 0.0334647 0.222263 0.648108 0.0960639
0.0222745 0.0498744 0.00607957 0.761551 0.160221
9.9982E-05 9.9982E-05 0.0584986 0.692075 0.249226
0.0960017 0.00281851 0.0144963 0.589024 0.29766
9.9991E-05 0.0497885 0.315037 0.0966758 0.538398
0.190312 0.0502037 0.0941032 0.57515 0.0902316
9.9991E-05 0.0916434 0.0603229 0.738826 0.109108
0.209193 0.118176 0.00643202 0.53348 0.13272
0.0170599 0.0387573 0.00370963 0.464212 0.476262
9.9982E-05 0.0196411 9.9982E-05 0.678424 0.301735
9.9991E-05 0.0815416 0.159265 0.620816 0.138277
0.0828505 9.9982E-05 9.9982E-05 0.487978 0.428971
9.9991E-05 0.109887 0.0889715 0.574619 0.226423
0.0935869 0.10196 0.109896 0.606035 0.0885217
0.088807 0.0573793 0.370981 0.224423 0.25841
0.127218 0.0871985 0.330534 0.307724 0.147326
0.0355418 0.172031 0.0978024 0.604362 0.0902626
0.0397251 0.130454 0.060649 0.683684 0.0854883
9.9991E-05 0.0869908 0.357561 0.532536 0.0228121
0.0878629 9.9991E-05 0.326396 0.57194 0.0137003
0.0183755 9.9982E-05 0.408264 0.573161 9.9982E-05
0.118031 0.0943062 0.211564 0.445096 0.131002
0.12462 0.0435424 0.17553 0.504369 0.151939
0.00418703 0.0785281 0.178849 0.665713 0.072723
9.9973E-05 9.9973E-05 0.350488 0.649213 9.9973E-05
0.13346 0.0394198 0.124807 0.631276 0.0710375
0.0823109 0.108242 0.0984022 0.659587 0.0514582
0.121187 9.9991E-05 0.180838 0.56885 0.129026
0.183494 0.0896784 0.100495 0.481994 0.144338
0.127157 0.0126366 0.164934 0.582321 0.112951
0.0742254 0.0718475 0.231363 0.409859 0.212705
0.123669 0.00394583 0.176396 0.647832 0.0481571
0.0614751 0.0511716 0.168523 0.69635 0.0224804
0.0663699 0.0457091 0.391311 0.354812 0.141798
0.124433 9.9991E-05 0.340695 0.119583 0.415189
0.0658581 0.0641244 0.28144 0.588478 9.9991E-05
0.0591035 9.9991E-05 0.378153 0.127276 0.435367
9.9991E-05 0.0350685 0.497177 0.319833 0.147821
0.00791471 9.9991E-05 0.405499 0.541677 0.0448095
9.9991E-05 0.0212635 0.46188 0.44537 0.0713857
0.0662164 9.9991E-05 0.481988 0.310711 0.140985
0.0264292 0.110629 0.0512538 0.699962 0.111725
0.169494 0.00848046 0.111506 0.534414 0.176105
0.0147395 0.0988746 0.167416 0.602632 0.116338
0.0840348 9.9991E-05 0.36069 0.171665 0.38351
0.00247426 0.231221 0.102785 0.604178 0.0593408
0.0912166 0.0467228 0.0610669 0.518236 0.282758
9.9991E-05 0.231384 0.0875128 0.0875637 0.59344
0.0645058 0.13865 0.0375831 0.647565 0.111696
0.0976967 0.0660607 0.0705103 0.379514 0.386219
0.0919542 0.0697676 0.0667759 0.62413 0.147372
0.052859 0.161129 0.09006 0.269542 0.426409
9.9991E-05 0.181121 0.140183 0.309069 0.369527
9.9991E-05 0.0738703 0.0918445 0.551009 0.283176
0.0547016 0.160039 0.00946063 0.598405 0.177393
0.0518431 0.213172 0.0275855 0.472427 0.234972
0.225546 0.100649 0.0910597 9.9991E-05 0.582646
0.147098 0.0840482 9.9991E-05 0.520417 0.248337
9.9982E-05 9.9982E-05 0.0489943 0.524144 0.426662
0.0281627 0.0133161 0.0678746 0.557899 0.332747
0.14134 0.10663 9.9991E-05 0.557625 0.194306
0.310581 0.345706 0.118112 0.111437 0.114163
0.171078 0.615501 9.9982E-05 9.9982E-05 0.213221
0.164384 0.515214 9.9982E-05 9.9982E-05 0.320202
0.351549 0.474899 0.0435918 0.0419865 0.0879734
0.104251 9.9982E-05 9.9982E-05 0.640011 0.255538
0.124385 0.117791 0.0735202 0.576555 0.107749
0.711327 9.9982E-05 0.0555283 0.232945 9.9982E-05
0.567547 0.00351101 0.125082 0.303761 9.9991E-05
0.492299 0.121215 0.0349883 0.351397 9.9991E-05
0.0243483 0.0552722 0.00237409 0.375525 0.542481
0.125746 0.0377364 0.0119012 0.546484 0.278132
0.0631598 0.0459385 9.9991E-05 0.221555 0.669247
0.0322928 0.0679815 0.00378812 0.662766 0.233172
0.0300113 0.10522 0.0275869 0.492932 0.344249
0.140723 0.0776031 0.0421967 0.54101 0.198468
0.0540918 0.0418189 0.0471804 0.291587 0.565322
0.0758387 0.110996 9.9991E-05 0.675803 0.137263
0.0899616 0.123388 9.9991E-05 0.628781 0.157769
0.970952 9.9973E-05 9.9973E-05 9.9973E-05 0.028748
0.909743 9.9973E-05 9.9973E-05 0.0899573 9.9973E-05
0.596933 0.086836 0.0170664 0.205174 0.0939903
0.696425 9.9973E-05 9.9973E-05 0.303276 9.9973E-05
0.888643 9.9982E-05 0.0161812 0.0949756 9.9982E-05
0.9996 9.997E-05 9.997E-05 9.997E-05 9.997E-05
0.959889 9.9973E-05 0.0398109 9.9973E-05 9.9973E-05
0.949915 9.9973E-05 9.9973E-05 0.0497853 9.9973E-05
0.956684 9.9973E-05 0.0430157 9.9973E-05 9.9973E-05
0.9996 9.997E-05 9.997E-05 9.997E-05 9.997E-05
0.9996 9.997E-05 9.997E-05 9.997E-05 9.997E-05
0.83118 0.0154984 9.9991E-05 0.13681 0.0164115
0.819188 0.0830225 0.00701286 0.090677 9.9991E-05
0.9996 9.997E-05 9.997E-05 9.997E-05 9.997E-05
0.509965 0.00511005 0.15696 0.279756 0.0482092
0.761519 0.0308578 0.0034855 0.173905 0.0302332
0.785603 0.0531012 0.000790388 0.147384 0.013122
0.858356 0.0127207 0.0575995 0.0712234 9.9991E-05
0.9996 9.997E-05 9.997E-05 9.997E-05 9.997E-05
0.907701 0.02141 0.0101206 9.9991E-05 0.0606684
0.998604 0.00109569 9.9973E-05 9.9973E-05 9.9973E-05
0.633788 0.0478171 0.0441198 0.238782 0.0354935
0.902703 0.0228229 9.9991E-05 0.0179138 0.0564606
0.0621069 0.390226 9.9982E-05 9.9982E-05 0.547467
0.162566 0.204376 0.125216 0.376826 0.131016
0.0703703 0.292347 9.9991E-05 0.425284 0.211899
0.0983292 0.314952 9.9991E-05 0.206952 0.379667
0.107892 0.253408 9.9991E-05 0.44546 0.193141
0.203419 0.26702 9.9991E-05 0.147119 0.382343
0.1555 0.191217 0.214769 0.438415 9.9991E-05
0.229729 0.162732 9.9991E-05 0.281085 0.326354
0.187212 0.188577 9.9991E-05 0.481657 0.142454
0.299308 0.216862 9.9991E-05 0.259218 0.224512
0.161372 0.219846 0.135255 0.367422 0.116105
9.9991E-05 0.831571 0.0855835 0.047038 0.0357078
0.054178 0.914863 9.9982E-05 9.9982E-05 0.0307588
9.9982E-05 0.955288 0.0436516 0.000860928 9.9982E-05
9.9973E-05 0.954996 0.0447042 9.9973E-05 9.9973E-05
0.0252277 0.896946 0.0723195 0.00540637 9.9991E-05
0.0992285 0.900472 9.9973E-05 9.9973E-05 9.9973E-05
0.110601 0.889099 9.9973E-05 9.9973E-05 9.9973E-05
9.9982E-05 0.895522 9.9982E-05 0.0158962 0.0883814
0.0291901 0.940009 9.9982E-05 0.0306014 9.9982E-05
0.0823668 0.875947 0.0414859 9.9982E-05 9.9982E-05
9.9982E-05 0.616885 0.261507 9.9982E-05 0.121408
9.9991E-05 0.585026 0.392757 0.017522 0.00459542
9.9982E-05 0.582906 0.245168 9.9982E-05 0.171726
9.9982E-05 0.495257 0.37274 9.9982E-05 0.131803
0.0530016 9.9991E-05 0.161669 0.647506 0.137723
0.00211178 0.0485382 0.148549 0.666694 0.134107
0.0892033 9.9991E-05 0.136402 0.640404 0.133891
9.9991E-05 0.0950557 0.248988 0.495073 0.160783
0.00185968 9.9991E-05 0.646066 0.248262 0.103713
0.137812 0.0513696 0.0579471 0.608138 0.144734
0.0259515 9.9991E-05 0.0964285 0.736822 0.140697
0.027706 0.0361123 0.120497 0.602526 0.213158
9.9973E-05 9.9973E-05 9.9973E-05 0.589879 0.409821
9.9991E-05 0.144285 0.0684001 0.749442 0.037773
9.9991E-05 0.0158606 0.158601 0.51778 0.307659
9.9982E-05 9.9982E-05 0.157761 0.0533643 0.788675
0.0499739 0.0588582 0.147388 0.569642 0.174137
9.9982E-05 0.000408196 9.9982E-05 0.375495 0.623897
0.00195708 9.9991E-05 0.066248 0.687904 0.24379
9.9991E-05 0.00714097 0.249038 0.271593 0.472128
0.0301921 0.0781146 0.870046 9.9991E-05 0.0215472
9.9991E-05 0.104645 0.783346 0.0554194 0.0564897
9.9982E-05 0.0467282 0.917189 9.9982E-05 0.0358832
9.9982E-05 0.102052 0.840197 9.9982E-05 0.057551
0.0666578 9.9982E-05 0.908397 0.0247448 9.9982E-05
0.0409517 0.0732193 0.788426 0.0973035 9.9991E-05
0.0714361 0.885148 0.00585589 0.0374604 9.9991E-05
0.0146994 0.847559 0.0405758 0.0970654 9.9991E-05
0.135461 0.764378 9.9982E-05 0.0999609 9.9982E-05
0.128788 0.772498 0.0893855 0.00922861 9.9991E-05
0.127598 0.74211 0.0930258 0.037166 9.9991E-05
9.9982E-05 0.372602 0.606318 9.9982E-05 0.0208801
9.9982E-05 0.479777 0.396838 9.9982E-05 0.123185
9.9982E-05 0.419215 0.479811 9.9982E-05 0.100774
0.0413433 0.838826 0.00721114 0.11252 9.9991E-05
9.9982E-05 0.340737 0.564964 9.9982E-05 0.0940998
0.382537 0.231204 9.9991E-05 0.244995 0.141164
0.348525 0.0780595 0.104311 0.468615 0.000489416
0.291021 0.196499 9.9982E-05 0.51228 9.9982E-05
0.279896 0.289072 0.00167348 0.297384 0.131975
0.272044 0.120233 0.0752416 0.430827 0.101654
0.327188 0.490549 9.9982E-05 9.9982E-05 0.182063
0.0224741 0.0341037 0.297308 0.461634 0.18448
0.0424869 0.00922302 0.26408 0.341137 0.343073
9.9991E-05 0.0807923 0.553703 0.354826 0.0105781
0.0536517 9.9991E-05 0.154723 0.552357 0.239169
9.9973E-05 9.9973E-05 0.158632 9.9973E-05 0.841068
0.136327 0.111899 0.124228 0.550515 0.0770313
0.0668368 0.0173118 0.259639 0.485273 0.17094
9.9991E-05 0.0325742 0.418843 0.445394 0.103089
0.105528 0.0506525 0.201097 0.562673 0.0800496
0.00660862 9.9991E-05 0.298262 0.12658 0.56845
0.0639416 9.9991E-05 0.109487 0.520137 0.306335
0.0846693 9.9991E-05 0.252938 0.518528 0.143765
0.240063 0.17303 0.0375819 0.38884 0.160485
0.0228699 9.9991E-05 0.260503 0.398423 0.318105
0.06853 0.0436035 0.256765 0.514738 0.116364
0.0945137 0.0193296 0.0977607 0.579778 0.208618
0.00612963 0.000846295 0.229865 0.624899 0.13826
0.140807 9.9991E-05 0.229037 0.618715 0.0113413
0.1315 0.105358 0.116757 0.591187 0.0551975
0.167034 0.0215432 0.153989 0.554726 0.102709
0.117039 0.789146 9.9982E-05 0.093615 9.9982E-05
0.0473251 0.821117 9.9991E-05 0.117519 0.0139387
9.9991E-05 0.810843 0.053825 0.0716138 0.063618
0.0372008 0.801471 0.0592643 0.0193554 0.0827084
0.0104655 0.82489 9.9982E-05 0.164445 9.9982E-05
0.0786726 9.9991E-05 0.609907 0.191519 0.119802
0.0616673 0.0330668 0.153891 0.625276 0.126099
0.239209 0.223174 0.0898126 0.32111 0.126694
0.132676 0.0186314 0.219618 0.589906 0.0391679
9.9991E-05 0.0822653 0.224001 0.625814 0.0678199
0.162666 9.9991E-05 0.437823 0.234537 0.164874
9.9991E-05 0.126299 0.657695 0.0418812 0.174025
0.0213428 0.0329267 0.269672 0.620399 0.0556593
0.0029559 0.0729672 0.503692 0.213455 0.20693
0.060428 0.0340269 0.223065 0.531078 0.151402
0.0737022 0.151233 0.537445 0.0653327 0.172287
0.0913065 0.103752 0.160745 0.60397 0.0402266
0.0290136 0.0822981 0.51053 0.200729 0.177429
0.116747 0.018648 0.269881 0.388851 0.205874
0.0344933 0.100552 0.0658364 0.581657 0.217461
0.00092393 0.0484874 0.1171 0.365703 0.467785
0.0655106 0.0748903 0.00284199 0.624182 0.232575
0.051099 0.152868 0.0253865 0.61798 0.152666
9.9991E-05 0.0400947 0.121854 0.432732 0.405219
0.0804047 0.066122 0.182881 0.539145 0.131448
9.9982E-05 0.106404 9.9982E-05 0.629353 0.264043
9.9982E-05 9.9982E-05 0.16722 0.168476 0.664104
9.9991E-05 0.0266912 0.0250065 0.372071 0.576132
0.0191964 0.0613218 0.0569899 0.587477 0.275015
9.9991E-05 0.0399695 0.0741934 0.275951 0.609786
9.9991E-05 0.0122736 0.180679 0.521957 0.284991
9.9991E-05 0.0453871 0.622743 0.189074 0.142696
0.0496177 9.9991E-05 0.350739 0.26438 0.335164
0.113148 0.0263411 0.438013 0.342247 0.0802517
0.108455 0.0111623 0.204022 0.676261 9.9991E-05
0.00213491 9.9991E-05 0.505865 0.323151 0.168749
0.152661 0.0895351 0.173736 0.482076 0.101992
0.130365 0.0607938 0.253472 0.555269 9.9991E-05
0.12749 0.00251332 0.260494 0.505881 0.103622
0.129405 9.9991E-05 0.336319 0.429335 0.104842
0.152958 0.0174511 0.375781 0.43757 0.0162396
0.091109 9.9991E-05 0.571562 0.25635 0.0808792
0.08987 0.0108774 0.447983 0.438103 0.0131669
0.0513203 9.9991E-05 0.258592 0.689056 0.00093207
0.107572 0.0631131 0.149122 0.560484 0.11971
0.0660204 0.0975869 0.235502 0.40536 0.195531
0.141185 9.9991E-05 0.3078 0.529285 0.0216299
0.0492785 0.0162886 0.473806 0.406247 0.0543799
0.0588141 9.9991E-05 0.308326 0.604908 0.0278523
0.150997 0.0651826 0.301898 0.465219 0.0167036
0.165071 0.0594061 0.171659 0.512605 0.0912582
0.130222 0.394954 9.9991E-05 0.446361 0.0283634
0.29656 0.1503 9.9991E-05 0.463221 0.0898191
0.185243 0.0942249 0.0488449 0.550579 0.121108
0.170573 0.11047 0.00946144 0.590928 0.118567
0.296116 0.219921 9.9991E-05 0.388175 0.0956869
0.0667345 9.9991E-05 0.22185 0.500962 0.210354
0.164716 0.202893 0.059384 0.567611 0.00539642
0.195412 0.279535 9.9991E-05 0.0173104 0.507643
0.230234 0.118009 0.170883 0.467104 0.01377
0.222141 0.176534 0.0339994 0.460404 0.106921
0.367001 0.100605 0.128457 0.379668 0.0242699
0.133876 0.174561 0.107816 0.364446 0.2193
0.234036 0.205579 0.0365714 0.504122 0.0196913
0.215197 0.155966 0.0271079 0.560403 0.0413258
0.161618 0.497045 9.9982E-05 9.9982E-05 0.341137
0.285744 0.167057 0.00624558 0.540853 9.9991E-05
0.308889 0.121369 0.0731495 0.467004 0.029589
0.148718 0.0929278 0.0157344 0.706818 0.0358023
0.29307 0.176983 9.9982E-05 0.529747 9.9982E-05
0.177499 0.183836 9.9991E-05 0.548112 0.0904526
0.149873 0.0381693 0.0698754 0.474086 0.267997
0.122872 0.0801001 0.0949576 0.501619 0.200452
0.00164955 9.9991E-05 0.097423 0.14853 0.752298
9.9982E-05 9.9982E-05 0.113069 0.0962441 0.790486
0.130361 0.0286206 0.137196 0.525241 0.178581
0.387902 0.0834678 9.9991E-05 0.369308 0.159222
0.406874 0.109312 9.9991E-05 0.330793 0.152921
0.341289 0.178039 9.9991E-05 0.171871 0.308701
0.281873 0.237059 9.9991E-05 0.319241 0.161728
0.125153 0.124387 9.9991E-05 0.0768426 0.673517
0.131898 0.132148 9.9991E-05 0.197638 0.538217
0.189966 0.0586335 9.9991E-05 0.503738 0.247563
0.165164 0.0618127 9.9991E-05 0.477879 0.295044
0.165011 0.100889 0.0206755 0.223808 0.489616
0.163118 0.0879391 0.0588442 0.557463 0.132636
0.179118 0.0519473 0.0610851 0.499944 0.207905
0.20699 0.0479345 0.0360057 0.539854 0.169215
9.9991E-05 0.0221625 0.0711528 0.424903 0.481681
0.0630852 0.0209696 0.0849038 0.391546 0.439495
0.0611067 0.0637784 0.00214582 0.573949 0.29902
0.104969 0.0825733 0.140996 0.333809 0.337653
0.168026 0.112701 0.0106343 0.415439 0.293199
0.0117143 0.0821146 0.033271 0.507435 0.365465
0.000476971 9.9991E-05 0.1554 0.319592 0.52443
0.0293646 0.130739 9.9991E-05 0.629968 0.209829
0.0239326 9.9991E-05 0.0601155 0.275128 0.640724
0.06703 0.0241869 9.9991E-05 0.516512 0.392171
0.0829789 0.136327 0.0612534 0.598433 0.121007
0.0666479 0.0135193 9.9991E-05 0.523085 0.396647
0.184853 0.238675 0.00370102 0.488068 0.0847025
0.237155 0.134443 0.175117 0.380173 0.0731118
0.312227 0.182048 0.0659952 0.281124 0.158605
0.288544 0.135489 0.192546 0.272409 0.111012
0.187674 0.190564 0.107562 0.407343 0.106857
0.262797 0.149409 0.0254185 0.398552 0.163824
0.183068 0.227332 9.9982E-05 9.9982E-05 0.5894
0.158771 0.15447 0.0350739 0.651585 9.9991E-05
0.133439 0.422918 9.9982E-05 9.9982E-05 0.443443
0.274644 9.9982E-05 9.9982E-05 0.517123 0.208033
9.9973E-05 9.9973E-05 9.9973E-05 0.249709 0.749991
0.00105322 9.9991E-05 0.0787851 0.0448703 0.875191
0.0129094 0.00371677 0.00177573 0.613765 0.367833
0.0271005 0.0486377 0.00916027 0.721583 0.193519
9.9982E-05 9.9982E-05 0.0411197 0.500552 0.458129
0.0512837 9.9982E-05 9.9982E-05 0.576766 0.37175
0.047311 9.9982E-05 9.9982E-05 0.623208 0.329281
0.0339011 0.811433 0.00942759 0.0900866 0.055152
0.110035 0.72196 0.166224 9.9991E-05 0.00168148
0.0295895 0.895786 0.0744245 9.9982E-05 9.9982E-05
9.9973E-05 0.947243 9.9973E-05 0.0524566 9.9973E-05
0.0432699 0.0172356 0.0827872 0.615629 0.241078
9.9991E-05 0.122968 0.0140945 0.632124 0.230713
9.9991E-05 0.00878046 0.0763409 0.698521 0.216258
0.09033 0.10656 0.0470662 0.627501 0.128543
0.136088 0.0666009 0.191648 0.534145 0.0715181
9.9982E-05 9.9982E-05 0.184668 0.373641 0.441491
9.9982E-05 0.0177664 9.9982E-05 0.812572 0.169461
9.9982E-05 0.00783356 9.9982E-05 0.511503 0.480464
0.202368 0.261331 0.0440564 0.445325 0.0469197
0.0858694 9.9991E-05 0.129713 0.525368 0.258949
9.9982E-05 9.9982E-05 0.163192 0.542136 0.294472
9.9982E-05 9.9982E-05 0.0186744 0.670224 0.310902
9.9991E-05 0.00801694 0.104039 0.587255 0.300589
0.0321668 0.0154363 9.9991E-05 0.604245 0.348052
0.0444796 0.0728953 9.9991E-05 0.654547 0.227978
9.9973E-05 9.9973E-05 9.9973E-05 0.284743 0.714957
9.9991E-05 0.0251231 0.00632754 0.449566 0.518884
9.9982E-05 9.9982E-05 0.126932 0.497479 0.375389
9.9973E-05 9.9973E-05 9.9973E-05 0.0644245 0.935276
0.0133464 0.046716 0.135791 0.516273 0.287874
9.9982E-05 9.9982E-05 0.0291779 0.302372 0.66825
9.9982E-05 9.9982E-05 0.0813239 0.0366448 0.881831
0.076454 9.9991E-05 0.118199 0.62527 0.179976
9.9991E-05 0.041415 0.158233 0.408531 0.391721
0.0727686 9.9991E-05 0.176493 0.565217 0.185421
0.119938 0.0634665 0.0678372 0.64555 0.103209
9.9991E-05 0.0221563 0.105442 0.686912 0.18539
0.105318 9.9991E-05 0.285207 0.361956 0.247418
0.0489348 9.9991E-05 0.0624967 0.645843 0.242626
0.00507558 0.0368134 0.134029 0.590212 0.23387
9.9982E-05 9.9982E-05 0.0799822 0.507831 0.411986
0.0831912 0.123475 0.075466 0.522636 0.195232
9.9991E-05 0.65334 0.262465 0.0442855 0.0398097
9.9991E-05 0.779573 0.116396 0.0543207 0.04961
9.9982E-05 0.828106 0.093627 9.9982E-05 0.0780674
9.9982E-05 0.826586 0.125662 9.9982E-05 0.0475522
9.9982E-05 0.743831 0.206629 0.0493407 9.9982E-05
9.9991E-05 0.000467234 0.247621 0.363728 0.388084
9.9991E-05 0.014878 0.186454 0.309576 0.488993
9.9973E-05 9.9973E-05 9.9973E-05 0.336692 0.663008
0.0441513 0.175498 9.9991E-05 0.62526 0.154991
0.0801146 0.130068 0.0432063 0.640913 0.105699
0.0406864 0.00205487 9.9991E-05 0.463475 0.493684
0.100199 0.0376982 0.0261584 0.623177 0.212767
0.0863867 9.9991E-05 0.0303243 0.456929 0.42626
0.0452329 0.0287376 0.0103558 0.657938 0.257736
0.105721 0.0386283 0.0779284 0.681727 0.0959953
0.00715767 9.9991E-05 0.20381 0.428033 0.360899
9.9982E-05 9.9982E-05 0.129363 0.565914 0.304522
9.9982E-05 9.9982E-05 0.25711 0.48292 0.25977
9.9991E-05 0.181853 0.0984872 0.657608 0.0619518
9.9991E-05 0.0253227 0.190916 0.569726 0.213935
9.9991E-05 0.0814898 0.103348 0.564053 0.251009
0.482833 0.0682471 0.104674 0.344146 9.9991E-05
0.546634 0.0645313 0.0393571 0.349378 9.9991E-05
0.473377 0.0952323 9.9991E-05 0.41829 0.0130006
0.583399 0.158028 9.9991E-05 0.20393 0.0545427
0.401057 0.157362 9.9991E-05 0.374323 0.0671582
0.053157 0.0296629 9.9991E-05 0.606499 0.310581
0.712538 0.24941 0.013502 9.9991E-05 0.02445
0.551366 0.204596 0.0444403 0.18209 0.0175076
0.117142 0.188123 9.9991E-05 0.542554 0.152081
9.9991E-05 0.20102 0.00411122 0.617126 0.177643
0.0944246 0.167663 0.0870574 0.399485 0.25137
0.0826437 0.162614 0.0841408 0.58215 0.0884521
0.0604955 0.123015 0.0224064 0.630917 0.163167
0.471948 0.20653 9.9982E-05 0.321322 9.9982E-05
0.419375 0.140072 0.0644154 0.327384 0.048753
0.598024 0.0223796 9.9991E-05 0.377856 0.00164014
0.323939 0.178694 0.0334975 0.386508 0.0773606
0.55079 0.142804 9.9991E-05 0.255481 0.0508243
0.400561 0.158401 0.0113996 0.338824 0.0908144
0.584996 0.142972 9.9991E-05 0.215848 0.0560843
0.459332 0.0891866 0.0679359 0.383446 9.9991E-05
0.0711826 0.105999 0.00373034 0.601091 0.217997
0.423432 0.183345 0.0453077 0.327363 0.0205518
0.75893 0.153836 9.9991E-05 0.0473556 0.0397792
0.464097 0.0825975 0.0322783 0.279985 0.141042
9.9991E-05 0.208041 0.223938 0.246214 0.321707
0.224535 9.9991E-05 0.0962883 0.548616 0.130461
0.378134 0.168917 0.113369 0.339479 9.9991E-05
0.0109619 0.119381 0.0290647 0.696182 0.14441
9.9991E-05 0.193849 0.0408356 0.521869 0.243346
0.295394 0.201304 0.0396404 0.348939 0.114722
0.351801 0.223336 0.0475102 0.304403 0.0729487
0.249326 0.162954 0.083753 0.406789 0.0971785
0.378684 0.0911532 0.0205444 0.448295 0.061323
0.444139 0.10573 9.9991E-05 0.445059 0.00497213
0.629246 0.209489 0.00190614 0.159259 9.9991E-05
0.177026 0.121444 0.0997362 0.553104 0.0486897
9.9991E-05 0.154382 0.117777 0.557425 0.170315
0.0870297 0.184858 9.9991E-05 0.119666 0.608346
0.111107 0.168034 0.0324763 0.688283 9.9991E-05
0.0746436 0.0821654 0.243574 0.428679 0.170938
0.199747 0.209883 9.9991E-05 0.479774 0.110496
0.199071 0.0884318 0.223423 0.460664 0.0284102
0.208125 0.38617 9.9982E-05 9.9982E-05 0.405505
0.141083 0.388878 9.9982E-05 9.9982E-05 0.469839
0.159398 0.209735 0.0591306 0.248397 0.32334
0.230016 0.371084 9.9982E-05 9.9982E-05 0.3987
0.252339 0.479297 9.9982E-05 9.9982E-05 0.268164
0.243179 0.0953041 0.0860896 0.244074 0.331353
0.180826 0.239491 0.0234988 0.279807 0.276377
0.224569 0.315414 0.0632142 0.133601 0.263202
0.216177 0.308802 9.9991E-05 0.0560221 0.418899
0.188962 0.148152 0.0449789 0.462219 0.155687
0.186338 0.228585 9.9991E-05 0.13733 0.447647
0.0892657 0.503896 9.9982E-05 9.9982E-05 0.406638
0.147703 0.157099 0.0596353 0.557774 0.0777883
0.281204 0.192035 0.0806414 0.313824 0.132295
0.25775 0.24796 0.121758 0.372432 9.9991E-05
0.351727 0.150564 9.9982E-05 0.497509 9.9982E-05
0.199118 0.186146 9.9991E-05 0.573915 0.0407212
0.33134 0.144613 9.9991E-05 0.474306 0.0496405
0.235936 0.398153 0.000318552 0.365493 9.9991E-05
0.196635 0.240442 0.000507641 0.534497 0.0279187
0.313454 0.239838 0.00873445 0.4372 0.000773389
0.24566 0.316292 9.9991E-05 0.296147 0.141801
0.192725 0.169462 0.152534 0.345237 0.140042
0.209681 0.146868 0.0727269 0.521511 0.049213
0.227294 0.148041 9.9991E-05 0.560406 0.0641587
0.191609 0.134573 0.0236486 0.604807 0.0453623
0.332173 0.291775 9.9982E-05 0.375853 9.9982E-05
0.21152 0.224244 0.0212816 0.509794 0.0331605
0.20948 0.394291 9.9991E-05 0.188014 0.208115
0.244076 0.17831 0.0879647 0.48955 9.9991E-05
0.373146 0.299133 9.9991E-05 0.160338 0.167283
0.00735715 0.790977 0.12708 9.9991E-05 0.0744861
0.096114 0.067514 0.786442 0.0498299 9.9991E-05
9.997E-05 9.997E-05 0.9996 9.997E-05 9.997E-05
9.9973E-05 0.00459157 0.995109 9.9973E-05 9.9973E-05
0.0122403 9.9973E-05 0.98746 9.9973E-05 9.9973E-05
0.0801091 9.9982E-05 0.913259 0.00643227 9.9982E-05
9.9973E-05 9.9973E-05 0.934112 0.0655885 9.9973E-05
9.9973E-05 0.0305756 0.969124 9.9973E-05 9.9973E-05
9.9973E-05 0.179028 0.820673 9.9973E-05 9.9973E-05
0.0514996 0.903161 0.0451397 9.9982E-05 9.9982E-05
0.00512159 0.827407 0.143791 0.0235808 9.9991E-05
0.0357905 0.895502 0.00978606 0.0588214 9.9991E-05
9.9991E-05 0.854494 0.109157 0.0259037 0.0103447
0.0827118 0.911459 9.9982E-05 0.00562926 9.9982E-05
9.9982E-05 0.906046 0.0799298 0.0138246 9.9982E-05
0.140512 0.750226 0.0815327 0.0200557 0.00767334
0.0796102 0.885636 0.0139938 0.0206598 9.9991E-05
0.0735028 0.729743 0.142583 0.0540715 9.9991E-05
0.0829984 0.916702 9.9973E-05 9.9973E-05 9.9973E-05
9.9982E-05 0.963593 0.0160256 9.9982E-05 0.0201811
0.0324588 0.850227 0.0442748 0.0692961 0.00374317
9.9973E-05 0.957603 0.0420973 9.9973E-05 9.9973E-05
0.0214584 0.91969 9.9991E-05 0.0565441 0.00220793
0.0163608 0.872936 9.9982E-05 0.110504 9.9982E-05
0.0563046 0.842346 9.9982E-05 0.10115 9.9982E-05
0.166137 0.757374 9.9982E-05 0.0762891 9.9982E-05
0.100011 0.775219 9.9982E-05 0.12457 9.9982E-05
0.0442108 0.815956 9.9982E-05 0.139634 9.9982E-05
0.0281702 0.217789 0.0463531 0.412966 0.294722
9.9991E-05 0.125071 0.0321548 0.755506 0.0871677
0.10292 0.190329 0.0314269 0.571766 0.103558
0.0396102 0.0866742 0.0720611 0.143721 0.657934
0.0171729 0.232687 0.127987 0.514344 0.107809
0.00579758 0.232912 9.9991E-05 0.176687 0.584504
0.0690296 0.115158 9.9991E-05 0.654742 0.16097
9.9991E-05 0.122666 0.169019 0.552866 0.155349
9.9991E-05 0.0990287 0.0261331 0.612663 0.262075
9.9991E-05 0.0451666 0.0935618 0.623389 0.237783
9.9991E-05 0.127855 0.124592 0.562839 0.184615
9.9991E-05 0.117949 0.039689 0.675299 0.166964
9.9991E-05 0.0779202 0.143084 0.687714 0.0911815
0.0606225 9.9991E-05 0.540702 0.115917 0.282659
9.9982E-05 0.094796 0.125792 9.9982E-05 0.779212
0.0675829 0.109986 0.107761 0.165576 0.549095
0.0435834 0.18175 0.0845346 0.645049 0.045083
0.0221556 0.160647 0.0273555 0.605001 0.184842
9.9991E-05 0.210344 0.00698757 0.537829 0.24474
0.0608191 0.113397 9.9991E-05 0.762652 0.0630314
0.217008 0.243844 9.9982E-05 0.538948 9.9982E-05
0.250102 0.157555 9.9991E-05 0.573215 0.0190282
0.186739 0.449278 0.11658 0.133203 0.114201
9.9991E-05 0.186355 0.0828994 0.701898 0.0287474
0.156085 0.228169 0.11379 0.463259 0.0386962
0.197603 0.461407 9.9982E-05 9.9982E-05 0.34079
0.257955 0.27708 9.9991E-05 0.297816 0.16705
0.222656 0.369526 0.0846468 0.289225 0.0339466
0.0875787 0.381967 0.121098 0.407412 0.0019439
0.238618 0.139858 0.0619819 0.525489 0.0340532
0.141617 0.23589 0.0274556 0.594937 9.9991E-05
0.172056 0.201744 9.9982E-05 0.626001 9.9982E-05
0.246189 0.0957681 0.0743838 0.357731 0.225928
0.179545 0.510757 9.9991E-05 0.302125 0.00747304
