0.0492557 0.0333873 9.9982E-05 0.917157 9.9982E-05
0.0208155 9.9982E-05 0.0374323 0.941552 9.9982E-05
0.024589 0.0424112 9.9991E-05 0.823128 0.109772
0.141738 0.0850626 9.9991E-05 0.755811 0.0172884
0.0623087 0.0567823 9.9991E-05 0.87485 0.00595932
0.104652 0.0330068 0.0954366 0.664922 0.101983
0.0466467 9.9991E-05 0.0945889 0.853175 0.00548916
0.150677 0.0288959 0.0647185 0.755609 9.9991E-05
0.0826413 9.9982E-05 0.0739931 0.843166 9.9982E-05
0.0273812 0.00666811 0.0531596 0.726419 0.186372
0.126331 9.9991E-05 0.0702012 0.749573 0.0537949
0.461637 0.0867727 0.173511 9.9991E-05 0.277979
0.305709 0.130743 9.9982E-05 9.9982E-05 0.563348
0.450848 0.0684261 0.132146 0.0605169 0.288063
0.370705 0.233663 0.0580687 0.0535321 0.284031
0.170382 0.0987945 0.0695328 0.209877 0.451414
0.176347 0.145987 0.0211153 0.0688184 0.587733
0.218255 0.0529014 0.0553508 0.0706119 0.602881
0.296527 0.0813616 0.0840274 0.113989 0.424095
0.653503 0.0668822 0.213594 0.0364988 0.0295219
0.29121 0.152047 0.131944 0.0095545 0.415244
0.2115 0.0720024 0.257263 0.0399868 0.419247
0.173441 0.00127457 0.0689796 0.041953 0.714352
0.349283 0.101833 0.159356 0.0336693 0.355859
0.0461259 0.0749122 0.0166249 0.144466 0.717871
0.293741 0.127919 0.0582096 9.9991E-05 0.520031
0.486036 0.0901394 0.114201 9.9991E-05 0.309523
0.442511 0.20259 0.0598067 0.0227157 0.272376
0.455938 0.00939948 0.252013 9.9991E-05 0.28255
9.9982E-05 0.0381688 9.9982E-05 0.847 0.114631
9.9982E-05 0.00877624 9.9982E-05 0.840725 0.150299
9.9982E-05 0.0143691 9.9982E-05 0.790552 0.194878
9.9982E-05 0.014724 9.9982E-05 0.771184 0.213892
0.0453147 9.9991E-05 0.218544 0.0459017 0.690139
0.090848 0.127958 0.147969 0.127184 0.506042
9.9991E-05 0.00693053 0.23042 0.0405486 0.722001
0.570887 9.9991E-05 0.0766145 0.0918693 0.260529
9.9991E-05 0.0250277 0.450888 0.00711692 0.516867
0.109191 0.0155202 0.077332 0.087 0.710957
9.9991E-05 0.100778 0.15198 0.0134621 0.733679
9.9991E-05 0.0266025 0.102557 0.200439 0.670302
0.00382684 0.0416324 0.105088 0.165883 0.68357
0.252673 9.9991E-05 0.393053 0.00816092 0.346013
9.9991E-05 0.0824689 0.210142 0.0949488 0.61234
9.9991E-05 0.0257202 0.187147 0.0981555 0.688877
0.0430894 0.0140938 0.0293397 0.208504 0.704973
9.9973E-05 9.9973E-05 0.421552 9.9973E-05 0.578148
9.9991E-05 0.0194083 0.215082 0.0358411 0.729568
0.0211714 0.0991319 0.205682 0.0941552 0.57986
0.0628197 9.9982E-05 0.849397 0.087583 9.9982E-05
0.48223 9.9982E-05 0.266442 9.9982E-05 0.251128
0.222053 0.0391076 0.519982 0.0368309 0.182026
0.0921509 0.0914507 0.139195 0.105624 0.571579
9.9991E-05 0.0677139 0.0938153 0.129715 0.708656
0.0622032 0.0917792 0.121226 0.0768186 0.647973
0.379246 9.9991E-05 0.309302 0.0775292 0.233822
0.26092 0.0130896 0.0476081 0.0237673 0.654615
0.162103 0.169607 0.063022 0.0723924 0.532876
0.19909 0.0127465 0.164417 0.174877 0.44887
0.319347 0.0723629 0.265512 0.223256 0.119521
0.112458 0.032525 0.1012 0.0994231 0.654395
0.256514 0.103973 0.142327 0.0758355 0.421351
0.519294 9.9991E-05 0.287847 0.0512551 0.141504
0.236645 0.035233 0.134643 9.9991E-05 0.59338
0.0339151 0.0770805 0.130003 0.04185 0.717151
0.115285 0.111488 0.118325 0.0928458 0.562055
0.229849 0.128606 0.306871 0.0261381 0.308535
0.1201 0.0178325 0.262659 0.0498623 0.549546
0.201962 0.180932 0.139794 0.014032 0.46328
0.359029 9.9991E-05 0.353904 0.0215581 0.265409
0.0372493 9.9982E-05 0.230136 9.9982E-05 0.732414
0.177119 9.9982E-05 0.39444 9.9982E-05 0.428241
0.0528303 0.0240338 0.116912 0.133658 0.672567
9.9973E-05 9.9973E-05 0.818265 9.9973E-05 0.181436
0.0785798 9.9982E-05 0.73303 9.9982E-05 0.18819
0.0834634 9.9982E-05 0.450742 9.9982E-05 0.465594
0.135801 9.9991E-05 0.219759 0.0263864 0.617954
0.0338364 0.104876 0.200527 0.144604 0.516156
0.0632643 0.022531 0.275236 0.0318988 0.60707
0.260336 9.9991E-05 0.274195 0.0387387 0.42663
0.34042 9.9991E-05 0.206583 0.0124826 0.440414
0.0977678 0.0307044 0.154719 0.0853471 0.631461
0.126314 0.0327746 0.382725 0.0128112 0.445374
0.139388 9.9991E-05 0.258161 0.0571861 0.545165
9.9973E-05 9.9973E-05 0.500931 9.9973E-05 0.498769
0.0512098 9.9991E-05 0.78359 0.0208626 0.144238
9.9982E-05 0.134286 0.239664 9.9982E-05 0.625851
0.0530853 0.024975 9.9991E-05 0.802037 0.119802
9.9973E-05 9.9973E-05 9.9973E-05 0.894301 0.1054
9.9982E-05 0.0618399 9.9982E-05 0.875214 0.0627465
9.9991E-05 0.0431621 0.0034054 0.926518 0.0268149
9.9973E-05 9.9973E-05 9.9973E-05 0.870875 0.128825
9.9991E-05 0.039343 0.0176854 0.88932 0.0535521
9.9982E-05 0.00881084 9.9982E-05 0.938878 0.052111
0.142117 0.118046 0.180488 0.0642411 0.495108
0.104846 0.120984 0.0810927 0.0816445 0.611433
0.202275 9.9982E-05 0.566648 9.9982E-05 0.230877
0.0333829 0.0421974 0.18688 0.115946 0.621594
0.128146 9.9991E-05 0.197742 0.0613136 0.612698
9.9982E-05 0.00622031 0.242099 9.9982E-05 0.75148
0.0555397 0.063313 0.298937 0.00656661 0.575644
9.9982E-05 0.123488 0.349845 9.9982E-05 0.526467
0.337542 9.9991E-05 0.446088 0.0436017 0.172669
0.0564622 0.015885 0.0735148 0.187784 0.666354
9.9991E-05 0.0212648 0.144508 0.0600108 0.774117
0.122155 0.115245 0.05736 0.109909 0.595331
9.9982E-05 9.9982E-05 0.488184 0.0134152 0.498201
9.9982E-05 9.9982E-05 0.278314 0.0481689 0.673318
0.154772 9.9991E-05 0.200703 0.031833 0.612592
9.9982E-05 0.0661519 0.402696 9.9982E-05 0.530952
0.156683 9.9991E-05 0.153891 0.0600074 0.629319
0.0588104 9.9991E-05 0.10635 0.189091 0.645649
0.377623 0.0377598 0.224812 0.0494526 0.310352
0.373755 0.0888936 0.00103423 0.0836806 0.452637
0.142055 0.0811208 0.119307 0.118451 0.539066
0.148972 0.0633001 0.0158814 0.0896246 0.682222
0.373622 0.0054956 0.0125291 0.0676051 0.540749
0.315256 0.0509577 0.0172442 9.9991E-05 0.616442
0.38206 0.143796 0.0557829 9.9991E-05 0.418261
0.228628 0.104567 0.13244 0.110879 0.423487
0.0610045 0.0744004 0.141008 0.0545989 0.668988
0.213877 9.9991E-05 0.0738412 0.0316207 0.680562
0.35097 9.9982E-05 9.9982E-05 0.0340029 0.614827
0.153815 0.0952982 0.0844355 0.0511237 0.615327
0.127645 0.0339148 0.0325624 0.128451 0.677427
0.203439 0.0750589 0.047737 9.9991E-05 0.673665
0.161094 0.110527 0.109998 0.0426609 0.57572
0.183682 0.145162 0.122778 9.9991E-05 0.548278
0.209413 0.0625966 0.24652 0.0903332 0.391137
0.11203 0.0910799 0.0284207 0.068071 0.700399
0.223449 0.0499386 9.9991E-05 0.0770415 0.649471
0.3751 0.0852374 0.175175 0.0434219 0.321066
0.30105 0.127947 0.438389 0.00796366 0.12465
0.334644 0.107039 9.9991E-05 0.0207367 0.53748
0.288581 0.0589679 0.526825 9.9991E-05 0.125527
0.481628 0.0296632 0.135829 0.0358718 0.317008
0.405847 9.9991E-05 0.0456525 0.00790021 0.540501
0.483695 9.9982E-05 0.13212 9.9982E-05 0.383986
0.516104 0.00726206 0.0946807 9.9991E-05 0.381854
0.161845 0.00709281 0.130655 0.0465685 0.653838
0.11067 0.165634 0.0428543 0.0713361 0.609506
0.184017 0.0121732 0.118624 0.0938414 0.591345
0.311786 0.109319 0.443524 9.9991E-05 0.13527
0.0964441 0.0329912 0.143118 0.119051 0.608396
0.0804628 0.0962665 0.237455 0.0223178 0.563498
0.0930456 0.0112529 0.61966 0.203092 0.0729488
0.0157689 0.102218 0.0597848 0.101691 0.720537
0.0212209 0.0363878 0.425861 0.0963471 0.420184
0.0397779 0.0413426 0.209 0.108514 0.601365
0.0520442 0.0524584 0.469771 0.147708 0.278019
0.133812 9.9991E-05 0.477177 0.13183 0.257081
0.167773 0.02937 0.289903 0.0205325 0.492421
0.0600836 0.115321 0.187743 0.124288 0.512565
0.167775 0.0934996 0.115058 0.135998 0.487669
0.070849 0.196373 0.605595 0.0764235 0.0507592
0.0588562 0.0583514 0.153304 0.119085 0.610403
0.167552 9.9982E-05 0.385211 9.9982E-05 0.447037
0.23149 9.9982E-05 0.173816 9.9982E-05 0.594494
9.9991E-05 0.00530691 0.200823 0.202656 0.591115
9.9991E-05 0.254819 0.221607 0.335799 0.187675
9.9982E-05 0.137562 0.245387 0.616852 9.9982E-05
9.9982E-05 0.118949 0.340254 0.540597 9.9982E-05
0.0494059 0.362521 0.147439 0.396144 0.0444902
9.9982E-05 9.9982E-05 0.293797 0.00421071 0.701792
0.0280733 0.0236647 0.152886 0.165384 0.629992
0.0345023 0.745831 9.9982E-05 9.9982E-05 0.219467
0.132524 0.501073 9.9982E-05 9.9982E-05 0.366203
0.0548968 0.490157 0.0289915 0.0598374 0.366117
0.00569267 0.04245 0.595643 0.031095 0.325119
9.9991E-05 0.0470564 0.28585 0.081482 0.585512
9.9991E-05 0.0972044 0.681074 0.0224798 0.199142
9.9991E-05 0.0510188 0.268797 0.0512238 0.628861
9.9991E-05 0.046873 0.324341 0.0501912 0.578495
0.00530248 0.0504281 0.244483 0.0565158 0.643271
0.0874311 0.0431574 0.649303 9.9991E-05 0.220009
9.9991E-05 0.163713 0.189443 0.0522625 0.594482
0.0788402 0.176567 0.274141 0.000303059 0.470148
9.9982E-05 0.952541 0.0462415 9.9982E-05 0.00101774
0.0137768 0.901074 9.9982E-05 9.9982E-05 0.0849487
0.117804 0.607951 0.0195759 0.0152369 0.239433
0.0408323 0.71095 9.9982E-05 9.9982E-05 0.248018
0.0402352 0.831179 9.9982E-05 9.9982E-05 0.128386
9.997E-05 0.9996 9.997E-05 9.997E-05 9.997E-05
0.0224523 0.977248 9.9973E-05 9.9973E-05 9.9973E-05
9.9973E-05 0.86386 9.9973E-05 9.9973E-05 0.13584
0.0212521 0.970405 9.9982E-05 9.9982E-05 0.00814265
9.997E-05 0.9996 9.997E-05 9.997E-05 9.997E-05
9.9973E-05 0.998037 9.9973E-05 0.00166324 9.9973E-05
0.0329835 0.758468 9.9991E-05 0.00998666 0.198461
0.0672062 0.815847 9.9991E-05 0.0426864 0.0741603
0.00189482 0.978293 0.0196126 9.9982E-05 9.9982E-05
0.0282845 0.377334 0.16118 0.019155 0.414046
0.138475 0.697996 9.9982E-05 9.9982E-05 0.163329
0.0445762 0.829262 9.9991E-05 0.00292031 0.123142
0.0159711 0.885409 9.9991E-05 0.00980583 0.0887138
9.997E-05 0.9996 9.997E-05 9.997E-05 9.997E-05
0.0358199 0.901793 9.9991E-05 0.0170421 0.0452453
9.9973E-05 0.99041 0.00929021 9.9973E-05 9.9973E-05
0.0468912 0.652589 9.9991E-05 0.0565972 0.243822
0.0558926 0.92623 0.0175685 0.000208754 9.9991E-05
9.9982E-05 0.106563 0.555331 0.337906 9.9982E-05
0.171607 0.0801775 0.118479 0.223569 0.406166
9.9991E-05 0.117533 0.180045 0.264935 0.437386
9.9991E-05 0.190461 0.418877 0.256635 0.133927
9.9991E-05 0.108062 0.254888 0.157536 0.479414
9.9991E-05 0.109723 0.354428 0.335503 0.200247
0.080463 0.0936689 0.137052 0.197587 0.491229
9.9991E-05 0.226317 0.306658 0.195499 0.271426
9.9991E-05 0.156326 0.194887 0.174667 0.47402
9.9991E-05 0.228677 0.20559 0.236279 0.329354
0.0881185 0.171728 0.270719 0.118394 0.351041
0.0342672 9.9991E-05 0.0542477 0.849756 0.0616289
9.9982E-05 0.0526327 0.0186799 0.928488 9.9982E-05
0.0167931 9.9982E-05 9.9982E-05 0.981808 0.00119932
0.0178739 9.9982E-05 9.9982E-05 0.957089 0.0248372
0.0566389 9.9982E-05 9.9982E-05 0.905963 0.0371982
9.9982E-05 0.0649535 0.0316038 0.903243 9.9982E-05
0.00554128 0.0362872 9.9991E-05 0.907621 0.0504508
0.0390217 9.9982E-05 0.0669051 0.893873 9.9982E-05
0.0073521 9.9991E-05 0.00133349 0.921968 0.0692459
0.0352436 0.0822617 0.00314334 0.879251 9.9991E-05
0.240856 0.00584581 0.111272 0.641927 9.9991E-05
0.347876 0.0214706 0.0238956 0.606658 9.9991E-05
0.384242 9.9982E-05 0.0742855 0.541273 9.9982E-05
0.383159 9.9991E-05 0.115551 0.490178 0.0110121
0.209759 0.0232942 0.211287 0.0452523 0.510407
0.174517 0.0397606 0.133304 0.0178632 0.634556
0.172777 0.0343876 0.0931995 0.0631825 0.636454
0.283785 9.9991E-05 0.206047 0.009398 0.50067
0.609701 0.0185351 0.126985 9.9991E-05 0.244679
0.0417268 0.0425537 0.150092 0.0689604 0.696667
0.158255 0.0619823 0.183112 9.9991E-05 0.596551
0.0981755 0.0118035 0.287339 9.9991E-05 0.602582
0.0117218 9.9982E-05 0.460105 9.9982E-05 0.527974
0.140935 0.0485965 0.0986181 0.0529039 0.658947
0.175449 9.9982E-05 0.298146 9.9982E-05 0.526205
0.122105 9.9982E-05 0.822626 9.9982E-05 0.0550692
0.19118 0.0895236 0.178936 0.0118959 0.528464
0.0647778 9.9991E-05 0.49375 0.0237412 0.417631
0.127115 0.0406671 0.257521 9.9991E-05 0.574597
0.257002 9.9982E-05 0.462624 9.9982E-05 0.280174
0.737961 0.00476972 0.137319 0.119851 9.9991E-05
0.740769 9.9991E-05 0.0648873 0.128206 0.0660374
0.911814 9.9982E-05 0.0739053 0.0140808 9.9982E-05
0.754651 9.9982E-05 0.103618 0.141531 9.9982E-05
0.803752 0.0414242 0.130056 0.0246681 9.9991E-05
0.880605 0.0854726 0.0129368 0.00158345 0.019402
9.9982E-05 0.026964 9.9982E-05 0.907246 0.0655904
0.0357753 9.9982E-05 9.9982E-05 0.85514 0.108884
9.9982E-05 0.119958 9.9982E-05 0.755551 0.124291
0.0970984 0.141095 9.9991E-05 0.746372 0.0153347
0.043763 0.0940273 9.9991E-05 0.789468 0.0726413
0.605261 9.9973E-05 9.9973E-05 0.39444 9.9973E-05
0.427654 9.9982E-05 0.0711435 0.501002 9.9982E-05
0.549914 9.9982E-05 0.0208912 0.428995 9.9982E-05
0.00623845 0.0506047 9.9991E-05 0.827882 0.115175
0.551909 9.9982E-05 0.0869981 0.360893 9.9982E-05
9.9991E-05 0.363419 0.0646182 0.26671 0.305153
0.0308729 0.274335 9.9991E-05 0.177511 0.517181
9.9982E-05 0.33572 9.9982E-05 0.188902 0.475177
0.066772 0.296638 0.116834 0.228767 0.29099
0.139326 0.13356 0.076524 0.167996 0.482595
9.9982E-05 0.300199 0.180965 0.518636 9.9982E-05
0.295605 9.9982E-05 0.147679 9.9982E-05 0.556516
0.208528 9.9991E-05 0.30453 0.0142677 0.472574
0.545101 9.9982E-05 9.9982E-05 0.0735149 0.381184
0.180444 0.0444061 0.248213 9.9991E-05 0.526837
0.212253 9.9973E-05 0.787447 9.9973E-05 9.9973E-05
0.17406 0.0843899 0.146435 0.0901471 0.504968
0.265599 0.0249242 0.109487 0.00831258 0.591677
0.461116 9.9991E-05 0.112183 0.00303837 0.423562
0.183012 0.0358572 0.0343425 0.13895 0.607837
0.263055 0.000606633 0.507676 0.0108698 0.217792
0.168684 0.108396 0.268803 9.9991E-05 0.454017
0.245628 0.0424654 0.100276 0.0308748 0.580756
0.129171 0.219976 0.103667 0.132592 0.414594
0.324551 0.0523381 0.249612 9.9991E-05 0.373399
0.262469 0.0348662 0.158291 0.0311601 0.513214
0.204635 0.15389 0.148788 9.9991E-05 0.492587
0.243201 9.9991E-05 0.0665617 0.00899326 0.681144
0.204088 0.104044 0.0350988 9.9991E-05 0.656669
0.0656377 0.0784287 0.171821 0.0635913 0.620521
0.224314 0.115692 9.9991E-05 0.14657 0.513323
9.9982E-05 0.115793 9.9982E-05 0.778966 0.105041
9.9982E-05 0.0150077 9.9982E-05 0.873478 0.111314
0.0341057 9.9991E-05 0.0661155 0.814234 0.0854451
0.0453425 0.0814232 0.0669029 0.806231 9.9991E-05
9.9973E-05 9.9973E-05 9.9973E-05 0.868231 0.131469
0.626794 0.0564174 0.127932 0.0281681 0.160689
0.0490639 0.0152343 0.265822 0.0825387 0.587341
9.9991E-05 0.218159 0.0746717 0.31484 0.39223
0.196885 0.0529284 9.9991E-05 0.0569882 0.693098
0.218959 0.0540118 0.120287 0.026245 0.580497
0.405201 0.162571 0.238059 0.0184044 0.175765
0.620622 9.9991E-05 0.191867 0.147536 0.0398752
0.34538 0.0613548 0.0320254 9.9991E-05 0.56114
0.561547 0.104146 0.169906 0.0626816 0.101719
0.222243 0.133355 0.229993 0.0707977 0.343611
0.563414 0.0858357 0.140034 0.0958872 0.11483
0.112987 0.124946 0.0218808 0.108232 0.631955
0.54514 0.0137953 0.116349 0.0766089 0.248107
0.361272 0.141695 0.151483 0.0134326 0.332117
0.0937821 0.089699 0.261529 0.0445139 0.510476
0.0561989 0.0433726 0.491086 0.0956925 0.31365
0.0624172 0.0239545 0.289003 0.0426617 0.581963
0.114577 0.0478244 0.136943 0.0952545 0.605401
0.114363 0.00366892 0.449572 0.02781 0.404586
0.137354 0.101753 0.178388 0.064572 0.517933
9.9982E-05 9.9982E-05 0.280179 0.0397081 0.679912
0.119313 9.9982E-05 0.738463 9.9982E-05 0.142024
0.00586576 9.9991E-05 0.683872 0.0218652 0.288297
0.068458 0.0503067 0.325612 9.9991E-05 0.555523
0.136682 9.9991E-05 0.618488 0.00963331 0.235097
0.0984233 9.9991E-05 0.301342 0.061172 0.538962
0.674083 0.0111428 0.11162 0.00463184 0.198522
0.334804 0.0671067 0.299854 9.9991E-05 0.298135
0.440824 0.101744 0.0313599 0.0595072 0.366566
0.182983 0.0992031 0.0333053 0.0581162 0.626392
0.511389 9.9982E-05 0.161841 9.9982E-05 0.32657
0.188977 0.162439 0.157644 0.0536444 0.437296
0.174596 0.108747 0.066765 0.05913 0.590762
0.298932 0.0667114 0.0697462 9.9991E-05 0.564511
0.293487 0.148349 9.9991E-05 0.0179643 0.5401
0.371042 0.0380015 0.0798889 9.9991E-05 0.510967
0.491555 0.0615193 0.112455 9.9991E-05 0.33437
0.539311 0.129526 0.0111637 9.9991E-05 0.319899
0.214307 0.0798056 0.0145734 9.9991E-05 0.691214
0.189475 0.126271 0.00533597 0.0409619 0.637956
0.208945 0.0537439 0.242571 0.0414844 0.453256
0.298707 0.128891 0.0510139 9.9991E-05 0.521288
0.391849 0.0981761 0.0571366 0.0536205 0.399218
0.243298 0.112855 0.0270869 9.9991E-05 0.616659
0.291028 0.14501 9.9991E-05 0.0236868 0.540174
0.162474 0.155292 0.164652 0.0776176 0.439964
9.9991E-05 0.123248 0.0444135 0.384785 0.447453
9.9991E-05 0.277034 0.154073 0.143168 0.425625
0.0167281 0.301124 0.0549444 0.170864 0.456339
0.0700247 0.0670264 0.0286977 0.136962 0.69729
0.0264017 0.210403 0.0183897 0.254855 0.489951
0.255778 0.0539938 0.241729 9.9991E-05 0.448399
0.0754792 0.112625 0.0536865 0.216489 0.54172
9.9991E-05 0.191438 0.511972 0.291729 0.00476094
0.184515 0.209399 9.9991E-05 0.110956 0.49503
0.15582 0.270327 0.0517059 0.0819889 0.440159
0.174752 0.270566 0.0455963 0.0607811 0.448305
0.113611 0.131899 0.183719 0.249543 0.321228
0.0644941 0.20134 0.0490737 0.222014 0.463079
0.0239428 0.240703 0.107407 0.141919 0.486028
9.9982E-05 0.192231 0.30597 0.501599 9.9982E-05
9.9982E-05 0.159576 9.9982E-05 0.22432 0.615904
0.0998262 0.278196 9.9991E-05 0.0999668 0.521911
0.093016 0.166338 0.092236 0.126915 0.521495
9.9991E-05 0.246601 0.0328545 0.191738 0.528707
9.9991E-05 0.14176 0.124586 0.163797 0.569757
0.0696982 0.0880086 0.339413 9.9991E-05 0.502781
0.00936339 0.160436 0.204513 0.0861299 0.539558
0.125244 0.0136185 0.761175 9.9991E-05 0.0998627
0.112056 9.9982E-05 0.822143 9.9982E-05 0.0656015
0.13492 0.0848528 0.153774 0.0457428 0.580711
0.0411238 0.322423 0.0692065 0.139859 0.427388
9.9991E-05 0.445423 0.190388 0.0984237 0.265665
0.0352418 0.324778 0.232601 0.280322 0.127057
9.9991E-05 0.264924 0.113399 0.225418 0.396159
0.00375307 0.135678 0.655777 0.107822 0.0969693
9.9991E-05 0.163341 0.599076 0.0764567 0.161026
0.0718799 0.16854 0.190428 9.9991E-05 0.569052
9.9991E-05 0.13874 0.321074 0.0875425 0.452544
0.0345692 0.208994 0.500258 0.0823707 0.173808
0.129317 0.0786394 0.166221 0.0884432 0.53738
0.0411081 0.094424 0.201132 0.0463661 0.61697
0.0826882 0.151862 0.0854089 0.106316 0.573725
0.0859459 9.9991E-05 0.484585 0.0217565 0.407613
0.0794284 0.117765 0.439447 9.9991E-05 0.36326
0.117338 0.0702078 0.222565 0.040547 0.549343
0.138382 0.117749 0.318265 0.0411404 0.384463
0.209916 0.124702 0.250038 9.9991E-05 0.415244
0.0293678 9.9991E-05 0.411242 0.0302954 0.528995
0.15374 0.0477548 0.547917 9.9991E-05 0.250489
9.9991E-05 0.0657778 0.287927 0.00893793 0.637257
0.0221396 0.0933333 0.668221 9.9991E-05 0.216207
0.0405972 0.0483645 0.382679 0.00890646 0.519453
0.0630157 0.115666 0.229665 0.0739933 0.517659
0.00871165 0.0447687 0.285408 0.0746727 0.586439
0.0915201 0.197285 0.0412894 0.209424 0.460482
0.150275 0.165382 0.118193 0.21359 0.352561
0.0583998 0.314595 0.167243 0.176647 0.283114
0.12798 0.328462 0.174996 0.140199 0.228364
0.121267 0.17407 0.0729477 0.222949 0.408766
0.139717 0.223636 0.110003 0.12731 0.399334
0.0834614 0.208201 0.523216 0.185021 9.9991E-05
9.9991E-05 0.235382 0.0413518 0.136491 0.586675
9.9982E-05 0.170892 0.417687 0.411221 9.9982E-05
9.9991E-05 0.264364 0.150891 0.0953741 0.489272
9.9973E-05 9.9973E-05 0.765697 9.9973E-05 0.234003
0.0623923 0.00976149 0.888704 0.0107149 0.0284273
0.0484376 9.9982E-05 0.369523 9.9982E-05 0.581839
9.9991E-05 0.00613024 0.228333 0.0850072 0.68043
0.0650042 9.9982E-05 0.457097 9.9982E-05 0.477699
0.0242707 0.0488534 0.342949 9.9991E-05 0.583827
0.0680235 0.00294118 0.274757 9.9991E-05 0.654179
9.9982E-05 0.015811 9.9982E-05 0.845936 0.138053
0.0853488 0.0839405 0.105248 0.725362 9.9991E-05
0.0335316 0.0308067 9.9982E-05 0.935462 9.9982E-05
9.9973E-05 9.9973E-05 9.9973E-05 0.976525 0.0231749
0.0689737 0.0407966 0.221403 0.0575803 0.611247
0.110583 9.9991E-05 0.173323 0.0687035 0.64729
0.102149 9.9982E-05 0.208048 9.9982E-05 0.689603
0.0334927 0.00693097 0.119034 0.10119 0.739352
0.121042 0.097783 0.100555 0.114287 0.566333
0.19794 9.9982E-05 0.408663 9.9982E-05 0.393197
9.9982E-05 0.00997312 0.191759 9.9982E-05 0.798068
9.9982E-05 9.9982E-05 0.484081 0.0109918 0.504727
0.021544 0.269846 9.9991E-05 0.277479 0.431031
0.0560689 0.0800226 0.330423 0.0184155 0.51507
0.252242 9.9982E-05 0.224188 9.9982E-05 0.52337
0.0535706 9.9982E-05 0.217353 9.9982E-05 0.728876
0.120592 9.9991E-05 0.233306 0.0213302 0.624672
0.00934383 9.9982E-05 0.313478 9.9982E-05 0.676978
0.048621 0.0653845 0.159888 0.0622784 0.663828
9.9973E-05 9.9973E-05 0.704456 9.9973E-05 0.295244
0.0528715 0.00859243 0.512994 9.9991E-05 0.425443
0.132038 9.9991E-05 0.387945 0.00133155 0.478586
9.9973E-05 9.9973E-05 0.934381 9.9973E-05 0.0653192
0.254396 0.018506 0.157375 0.0344311 0.535293
0.0440129 9.9982E-05 0.696551 9.9982E-05 0.259236
0.0352958 9.9991E-05 0.867242 0.0170584 0.0803034
0.0498212 0.0420163 0.175401 0.0555832 0.677178
0.166769 9.9982E-05 0.391363 9.9982E-05 0.441668
0.0234893 0.0334952 0.344154 9.9991E-05 0.598761
0.0405588 0.0606877 0.125247 0.137538 0.635969
0.155029 0.0220614 0.17102 9.9991E-05 0.65179
0.256719 0.137823 0.297417 9.9991E-05 0.307942
0.0674342 0.0292487 0.18131 9.9991E-05 0.721907
0.187359 0.0538583 0.228365 0.0121427 0.518275
9.9973E-05 9.9973E-05 0.491148 9.9973E-05 0.508552
0.00974765 0.0313218 0.187414 0.121529 0.649988
0.278694 9.9991E-05 0.0604041 0.641178 0.0196243
0.154446 9.9991E-05 0.00869853 0.763717 0.0730382
0.156971 9.9982E-05 0.0139368 0.828892 9.9982E-05
0.11355 9.9982E-05 0.0625593 0.823691 9.9982E-05
0.26898 9.9982E-05 9.9982E-05 0.704596 0.0262244
0.19653 9.9991E-05 0.388018 0.0350125 0.38034
0.12835 9.9991E-05 0.503545 0.0506568 0.317348
9.9973E-05 9.9973E-05 0.61875 9.9973E-05 0.38095
9.9991E-05 0.134072 0.177357 0.181093 0.507378
0.00762187 0.026884 0.10664 0.165901 0.692953
9.9982E-05 0.0018315 0.497645 9.9982E-05 0.500324
0.0685532 0.0941736 0.135901 0.0215774 0.679794
9.9982E-05 9.9982E-05 0.345373 0.0865032 0.567923
0.0285724 0.024076 0.233763 0.0403725 0.673216
0.0604472 0.00215421 0.0704241 0.114575 0.752399
0.220586 9.9982E-05 0.360917 9.9982E-05 0.418297
0.17811 9.9982E-05 0.308423 9.9982E-05 0.513267
0.211335 9.9982E-05 0.234685 9.9982E-05 0.55378
0.079542 0.0307852 0.0993351 0.146279 0.644059
0.145189 9.9991E-05 0.226585 0.0231407 0.604985
0.0563149 0.0178987 0.27117 0.00953106 0.645085
0.0584158 0.548514 0.0505752 0.0427846 0.29971
0.0325281 0.500638 0.0471063 0.104916 0.314811
0.00928044 0.544142 0.0497097 0.0683104 0.328557
9.9991E-05 0.584573 0.0530494 0.139826 0.222451
0.0337631 0.318428 0.0678818 0.136539 0.443389
9.9991E-05 0.0266732 0.316583 0.0261978 0.630447
9.9991E-05 0.634774 0.00147887 0.312996 0.0506513
9.9991E-05 0.517943 0.0120094 0.143997 0.325951
9.9991E-05 0.192948 0.168455 0.180962 0.457536
9.9982E-05 9.9982E-05 0.174446 0.246055 0.579299
0.0509243 0.0565023 0.24423 0.162033 0.48631
0.0237222 0.0269434 0.0679313 0.188683 0.69272
0.0969733 0.064234 0.111779 0.0997933 0.627221
9.9982E-05 0.503865 9.9982E-05 0.185224 0.31071
0.0734684 0.380262 9.9991E-05 0.0962069 0.449963
0.00510272 0.488197 9.9991E-05 0.0676392 0.438961
0.0552986 0.313153 0.0930156 0.12792 0.410612
0.0459963 0.569686 0.052931 0.101768 0.229619
0.160137 0.383748 9.9991E-05 0.0514833 0.404532
9.9991E-05 0.533991 0.103348 0.114305 0.248256
0.0422031 0.453876 9.9991E-05 0.124752 0.379069
9.9991E-05 0.0287586 0.193725 0.155941 0.621476
0.0489992 0.375026 9.9991E-05 0.212903 0.362972
9.9982E-05 0.652447 9.9982E-05 0.199148 0.148205
0.05911 0.392743 0.0335802 0.113804 0.400763
0.257378 9.9991E-05 0.296725 0.186538 0.259259
0.0172841 0.105252 0.164061 0.0502074 0.663196
0.0942618 0.304032 0.133675 0.178781 0.28925
0.0924148 0.0586995 0.159609 0.108817 0.58046
0.106195 0.00395517 0.111032 0.179781 0.599036
0.0927962 0.252187 0.131841 0.187821 0.335355
9.9991E-05 0.327338 0.0947034 0.265668 0.31219
0.0691664 0.243415 0.138723 0.0858508 0.462844
0.0135635 0.357438 0.0588954 0.197105 0.372998
9.9982E-05 0.550514 9.9982E-05 0.103541 0.345745
9.9991E-05 0.589164 0.00135634 0.231293 0.178087
9.9991E-05 0.0432767 0.167992 0.0922862 0.696346
0.0711797 9.9991E-05 0.189055 0.19078 0.548885
9.9991E-05 0.0783148 0.583512 0.186337 0.151737
0.0810868 0.111176 0.10011 0.133198 0.574428
0.198782 0.0635708 0.143168 0.139589 0.45489
9.9991E-05 0.177747 0.186616 0.223501 0.412036
0.139755 0.124138 0.0482775 0.141129 0.546701
9.9982E-05 0.210616 0.404147 0.385037 9.9982E-05
9.9982E-05 0.11945 0.498278 0.382072 9.9982E-05
9.9991E-05 0.128457 0.381475 0.201662 0.288307
9.9991E-05 0.223188 0.375861 0.344259 0.0565922
9.9982E-05 0.233625 0.261244 0.50493 9.9982E-05
0.0292546 0.158272 0.30199 0.132924 0.377559
9.9991E-05 0.224995 0.179557 0.308601 0.286747
0.0192265 0.252283 0.291284 0.284927 0.15228
9.9991E-05 0.156981 0.339033 0.379769 0.124117
0.0200831 0.112281 0.176679 0.171653 0.519303
9.9991E-05 0.17146 0.429398 0.236606 0.162437
9.9982E-05 0.0707525 0.427224 0.501823 9.9982E-05
0.114035 0.147676 0.0416066 0.130519 0.566163
0.0157878 0.240859 0.223613 0.205434 0.314306
0.0384681 0.143462 9.9991E-05 0.290704 0.527266
9.9982E-05 0.29488 9.9982E-05 0.148585 0.556335
9.9991E-05 0.264952 0.0734533 0.155925 0.505569
9.9991E-05 0.250431 0.10406 0.154897 0.490512
0.0210848 0.226542 9.9991E-05 0.412832 0.339441
0.0416947 0.165598 0.0233518 0.27608 0.493276
9.9982E-05 0.270779 9.9982E-05 0.238995 0.490026
9.9991E-05 0.187228 0.10334 0.306715 0.402618
0.0804955 0.1283 0.33314 0.157247 0.300818
0.00338993 0.137546 0.0466469 0.240661 0.571756
9.9991E-05 0.112283 0.079408 0.199564 0.608645
9.9991E-05 0.0898931 0.128512 0.160296 0.621199
9.9991E-05 0.28351 0.0479258 0.313866 0.354598
0.00586564 0.179381 0.0537235 0.189072 0.571958
9.9991E-05 0.224171 0.207532 0.409381 0.158816
0.048273 0.299947 0.0293528 0.132617 0.48981
9.9991E-05 0.450844 0.208426 0.265941 0.074689
0.144348 9.9982E-05 0.0572464 0.798205 9.9982E-05
0.817704 0.00126251 0.0201299 0.0888623 0.0720417
0.9996 9.997E-05 9.997E-05 9.997E-05 9.997E-05
0.9996 9.997E-05 9.997E-05 9.997E-05 9.997E-05
0.949714 9.9973E-05 9.9973E-05 9.9973E-05 0.049986
0.894769 0.018449 9.9991E-05 0.0343538 0.0523279
0.907188 9.9973E-05 9.9973E-05 9.9973E-05 0.0925122
0.993058 9.9973E-05 9.9973E-05 0.00664239 9.9973E-05
0.805225 0.000182945 9.9982E-05 0.194392 9.9982E-05
0.0729911 0.0154863 9.9991E-05 0.903139 0.00828398
0.111457 9.9982E-05 9.9982E-05 0.831418 0.0569247
9.9982E-05 9.9982E-05 0.0370477 0.948611 0.0141415
0.115639 9.9991E-05 0.00128727 0.833944 0.0490298
0.00203844 0.0466347 9.9991E-05 0.90441 0.0468169
0.0364249 0.00693642 0.022784 0.933755 9.9991E-05
0.0330474 0.0774543 0.0142545 0.756578 0.118666
9.9982E-05 0.0554383 9.9982E-05 0.860714 0.0836479
0.16498 0.0359235 9.9991E-05 0.692 0.106997
0.00333465 0.0550042 0.01031 0.922201 0.00914969
0.0434182 9.9973E-05 9.9973E-05 0.956282 9.9973E-05
0.0550222 0.02341 9.9991E-05 0.863066 0.0584018
0.0171262 0.00683097 9.9991E-05 0.957034 0.0189086
9.9982E-05 9.9982E-05 0.00475698 0.928244 0.0667987
9.9982E-05 0.0550315 9.9982E-05 0.874023 0.0707456
9.9982E-05 0.037999 9.9982E-05 0.852025 0.109776
0.00546701 0.117224 9.9991E-05 0.753755 0.123454
9.9982E-05 0.0919637 9.9982E-05 0.785846 0.12199
9.9982E-05 0.081846 9.9982E-05 0.827461 0.0904929
0.1247 0.0284664 0.206861 0.203526 0.436446
0.036483 9.9991E-05 0.0589224 0.11913 0.785365
0.0535913 0.113195 0.139135 0.167092 0.526986
9.9991E-05 0.0619209 0.690963 0.0902077 0.156808
0.0690754 9.9991E-05 0.151086 0.19955 0.580188
9.9991E-05 0.0541405 0.641374 0.206762 0.097624
0.0648173 0.0440396 0.0942743 0.121257 0.675612
0.214723 9.9991E-05 0.149804 0.0969786 0.538394
0.0543597 9.9991E-05 0.264577 0.122246 0.558718
9.9991E-05 0.0144004 0.272243 0.123033 0.590223
0.099541 0.0320545 0.230819 0.13558 0.502006
9.9991E-05 0.0299021 0.175553 0.0938375 0.700607
0.103586 9.9991E-05 0.0781845 0.147342 0.670787
0.497475 0.0811457 0.359934 9.9991E-05 0.0613454
0.0856251 9.9991E-05 0.808497 0.104767 0.00101107
0.0290718 0.0367972 0.639528 0.112638 0.181965
0.112737 0.168284 0.0781552 0.0882149 0.552609
9.9991E-05 0.0335233 0.255466 0.158565 0.552346
9.9982E-05 9.9982E-05 0.229647 0.122363 0.64779
9.9991E-05 0.100727 0.13649 0.143448 0.619235
0.0813234 0.183941 0.0843936 0.175689 0.474652
0.105387 0.164667 9.9991E-05 0.143301 0.586545
0.163012 0.177162 0.137115 0.416647 0.106065
0.0993711 0.0162104 0.0463859 0.236581 0.601452
0.0965161 0.128545 0.0398094 0.252352 0.482778
9.9982E-05 0.144368 0.368642 0.48679 9.9982E-05
9.9991E-05 0.156285 0.163961 0.329412 0.350243
0.098679 0.212499 0.012065 0.34036 0.336398
0.155268 0.0971196 9.9991E-05 0.320522 0.42699
0.0658255 0.316438 0.0611663 0.112931 0.443639
0.0161403 0.219608 9.9991E-05 0.270033 0.494119
0.00477276 0.140662 0.0594127 0.17197 0.623183
9.9991E-05 0.230209 0.186028 0.18379 0.399873
9.9991E-05 0.141955 0.0176561 0.520332 0.319956
