9.9991E-05 0.924789 0.0588195 0.00299223 0.0132998
0.021777 0.937676 0.0403473 9.9982E-05 9.9982E-05
9.999E-05 0.812373 0.0273489 0.104212 0.0559661
9.999E-05 0.801585 0.0917989 0.00837316 0.0981428
9.9991E-05 0.868514 0.0323807 0.0134145 0.0855907
0.0970396 0.592953 0.14785 0.0577491 0.104409
0.0727282 0.830879 0.0781565 0.00438704 0.0138491
0.0731993 0.757763 0.167147 9.9991E-05 0.00179093
0.0633859 0.830827 0.105587 9.9982E-05 9.9982E-05
9.999E-05 0.784149 0.0289043 0.131713 0.0551337
0.0686494 0.731826 0.178544 9.9991E-05 0.02088
0.158614 9.9991E-05 0.446212 0.360414 0.0346601
0.00923534 9.9991E-05 0.352528 0.597166 0.0409704
0.215455 0.0354469 0.387767 0.213069 0.148262
0.0652914 0.0656103 0.365887 0.374694 0.128517
0.141368 0.0728723 0.22799 0.330955 0.226814
0.0744092 0.0282795 0.132316 0.610273 0.154723
0.203978 9.9991E-05 0.215384 0.461117 0.119421
0.140778 0.137969 0.263958 0.369005 0.0882898
0.131838 0.0487815 0.722322 0.0279519 0.0691064
0.170169 9.9991E-05 0.299634 0.419581 0.110517
0.207971 0.0321827 0.188924 0.415698 0.155224
0.012101 0.0952504 0.243719 0.607107 0.0418223
0.125727 9.9991E-05 0.375543 0.37429 0.12434
0.029008 0.117105 0.126685 0.651105 0.0760966
0.040718 0.0246777 0.228805 0.563474 0.142325
0.121388 0.0211368 0.552079 0.201325 0.104072
0.140615 0.0151417 0.393764 0.277335 0.173144
0.195111 0.0321174 0.453051 0.319621 9.9991E-05
9.9982E-05 0.842759 9.9982E-05 0.104596 0.0524457
9.9973E-05 0.856475 9.9973E-05 0.143225 9.9973E-05
9.9982E-05 0.780417 9.9982E-05 0.129429 0.0899539
9.9982E-05 0.7533 9.9982E-05 0.130956 0.115543
0.177833 0.0332447 0.101123 0.687699 9.9991E-05
0.08455 0.124033 0.1696 0.54051 0.081307
0.218436 0.053757 0.0280677 0.699639 9.9991E-05
0.140479 0.105814 0.5739 0.142622 0.0371846
0.439079 0.031589 0.0561196 0.444903 0.0283101
0.100076 0.0920632 0.196605 0.611155 9.9991E-05
0.121957 0.0690795 9.9991E-05 0.786992 0.0218717
0.112093 0.174078 0.0839862 0.624828 0.00501494
9.9991E-05 0.15552 0.165117 0.624326 0.0549381
0.463199 0.00916905 0.222282 0.30525 9.9991E-05
0.15849 0.0894522 0.0492133 0.654201 0.0486441
0.141866 0.113548 0.0210818 0.681513 0.0419917
0.173425 0.0883735 0.00151823 0.644943 0.0917406
0.445195 9.9973E-05 9.9973E-05 0.554505 9.9973E-05
0.154324 0.0600487 9.9982E-05 0.785428 9.9982E-05
0.159369 0.159467 9.9991E-05 0.56405 0.117014
0.806756 0.106293 0.0616185 0.0252321 9.9991E-05
0.261917 9.9982E-05 0.444478 0.293405 9.9982E-05
0.505918 0.0399474 0.287763 0.122061 0.044311
9.9991E-05 0.0205745 0.283229 0.585316 0.110781
0.113428 0.0591275 0.0695817 0.660843 0.0970199
0.152727 0.0822789 0.0301023 0.528662 0.20623
0.294599 0.0810534 0.351179 0.273069 9.9991E-05
0.0905747 0.0524532 0.183005 0.626724 0.0472437
0.0589836 0.0676196 0.152797 0.639311 0.0812889
0.264386 0.0979475 0.217549 0.388835 0.0312821
0.270506 0.181807 0.362957 0.093127 0.0916026
0.0514276 0.118079 0.167302 0.611269 0.0519218
0.119183 0.0649897 0.306646 0.441498 0.0676842
0.280565 0.0494622 0.536916 0.132957 9.9991E-05
0.156785 9.9991E-05 0.21887 0.602346 0.0218977
0.167535 0.0559926 0.00544976 0.657452 0.113571
0.0247773 0.151846 0.130151 0.62737 0.0658563
0.19989 0.0917292 0.312281 0.341294 0.0548063
0.137847 9.9991E-05 0.239082 0.557435 0.0655369
0.130728 0.0416064 0.173049 0.538889 0.115729
0.214036 0.0755849 0.437007 0.273272 9.9991E-05
0.18448 9.9982E-05 0.149419 0.665901 9.9982E-05
0.37171 9.9982E-05 0.206718 0.421373 9.9982E-05
0.121043 0.0733934 0.149341 0.56996 0.0862627
0.808908 9.9973E-05 9.9973E-05 0.190792 9.9973E-05
0.727562 9.9982E-05 0.0858541 0.186384 9.9982E-05
0.509939 9.9982E-05 0.0100216 0.479839 9.9982E-05
0.237983 9.9982E-05 0.121802 0.640015 9.9982E-05
0.0971643 0.12064 0.10911 0.623484 0.0496016
0.313761 0.021348 0.0776081 0.557281 0.0300018
0.265991 0.0441512 0.317399 0.367281 0.00517711
0.180181 0.0304385 0.360516 0.428764 9.9991E-05
0.257295 0.037963 0.0544721 0.624564 0.0257051
0.327759 0.0202416 0.112741 0.539159 9.9991E-05
0.182488 0.0971358 0.0562098 0.664067 9.9991E-05
0.406192 9.9982E-05 0.0351902 0.558418 9.9982E-05
0.78314 9.9982E-05 0.0405818 0.176078 9.9982E-05
0.113142 0.0538743 0.0435644 0.737266 0.0521534
9.9991E-05 0.770189 0.0756982 0.108488 0.0455249
9.9973E-05 0.936029 9.9973E-05 0.0636714 9.9973E-05
9.9982E-05 0.912409 9.9982E-05 0.0658122 0.0215791
0.0394608 0.938485 9.9991E-05 0.00680421 0.01515
0.0336068 0.893044 0.00536164 0.0657078 0.00227981
0.0314963 0.922027 9.9991E-05 0.0193281 0.0270483
9.9973E-05 0.956277 9.9973E-05 0.0434226 9.9973E-05
0.133702 0.114053 0.0946738 0.62721 0.0303605
0.0553691 0.171124 0.0906895 0.566686 0.116131
0.535999 9.9982E-05 0.212457 0.251344 9.9982E-05
0.0925392 0.124395 0.132626 0.55559 0.0948502
0.242229 0.036165 0.10591 0.615595 9.9991E-05
0.177107 0.0608047 0.00963697 0.741907 0.0105439
0.214934 0.0143453 0.0511424 0.719478 9.9991E-05
0.290409 0.0512003 9.9982E-05 0.658191 9.9982E-05
0.554075 0.0309736 0.26834 0.146512 9.9991E-05
0.141601 0.132001 0.0911625 0.594206 0.0410286
0.117736 0.101523 9.9991E-05 0.755239 0.0254017
0.0356312 0.0661205 0.188462 0.501868 0.207918
0.476321 0.0554596 9.9982E-05 0.46802 9.9982E-05
0.284984 9.9982E-05 0.0212735 0.693543 9.9982E-05
0.228568 0.00748126 0.202273 0.561578 9.9991E-05
0.39822 9.9991E-05 0.00950029 0.529247 0.0629323
0.185433 0.0787689 0.127276 0.608422 9.9991E-05
0.0521992 0.18211 0.121945 0.643646 9.9991E-05
0.265275 0.0242406 0.365207 0.272493 0.0727853
0.0517276 0.102296 0.337287 0.358553 0.150135
0.0851698 0.0893289 0.17101 0.572424 0.0820675
0.0364081 0.0947643 0.216202 0.530315 0.122311
9.9991E-05 0.046909 0.38494 0.539239 0.0288122
0.098218 9.9991E-05 0.235753 0.494242 0.171687
0.000184534 0.0189535 0.423792 0.546493 0.0105765
0.143496 0.0871603 0.199086 0.524405 0.0458539
0.0786369 0.00747661 0.180757 0.563927 0.169202
0.1091 0.0657299 0.172186 0.652884 9.9991E-05
9.9982E-05 9.9982E-05 0.427317 0.542017 0.0304661
0.0984238 0.129231 0.0821221 0.60764 0.082583
0.132364 0.0863335 0.188626 0.520949 0.0717276
9.9982E-05 9.9982E-05 0.302295 0.590573 0.106931
0.111791 0.0518689 0.129263 0.595588 0.111489
0.0735867 0.00718105 0.232743 0.569379 0.117111
0.201008 0.0933405 0.289657 0.353732 0.062262
0.123247 9.9991E-05 0.215878 0.59059 0.070185
0.0566281 0.0859791 0.120443 0.67899 0.0579596
0.135556 0.00665383 0.490827 0.224312 0.142652
0.405301 0.0230488 0.307812 0.188091 0.0757469
0.0617322 0.0468033 0.213132 0.592725 0.0856077
0.489389 9.9991E-05 0.343805 0.112104 0.0546024
0.199006 0.0200859 0.43125 0.312295 0.0373628
0.131303 0.00708829 0.327321 0.513905 0.0203827
0.130305 0.0342167 0.415849 0.41953 9.9991E-05
0.111181 9.9991E-05 0.503029 0.301179 0.08451
0.00187142 0.0890338 0.171095 0.680922 0.0570779
0.0470823 0.0916869 0.161687 0.586322 0.113222
0.0299292 0.0867193 0.237969 0.564708 0.0806749
0.371337 9.9991E-05 0.389279 0.101101 0.138183
0.188015 0.202193 0.052906 0.556786 9.9991E-05
0.26441 0.129178 0.0360753 0.53431 0.0360261
0.579502 0.204691 0.148898 0.0668084 9.9991E-05
0.105859 0.1572 9.9991E-05 0.690883 0.0459583
0.38036 0.172147 0.0445959 0.369416 0.033481
0.158897 0.113499 0.0819267 0.508946 0.13673
0.414945 0.16185 0.0741988 0.306971 0.0420351
0.445833 0.15719 0.187217 0.209659 9.9991E-05
0.247452 0.0994986 0.100742 0.552208 9.9991E-05
0.273746 0.0708995 9.9991E-05 0.523465 0.131789
0.289618 0.125345 0.0159579 0.482767 0.0863125
0.590945 0.0720916 0.089509 0.0543559 0.193098
0.156651 0.0504669 0.137557 0.528396 0.126928
0.374946 9.9982E-05 0.0940178 0.530836 9.9982E-05
0.319937 9.9991E-05 0.089551 0.502185 0.0882269
0.153447 0.0725083 0.0142853 0.645624 0.114135
0.17685 0.37507 9.9991E-05 0.191228 0.256753
0.282213 0.556315 9.9982E-05 9.9982E-05 0.161272
0.365983 0.475558 9.9982E-05 9.9982E-05 0.158259
0.165359 0.41502 9.9991E-05 0.0146332 0.404887
0.254509 9.9982E-05 9.9982E-05 0.682886 0.0624052
0.200478 0.0614308 9.9991E-05 0.600723 0.137268
9.9982E-05 9.9982E-05 0.0222062 0.301518 0.676076
9.9991E-05 0.0345143 0.140275 0.345176 0.479935
0.0361105 0.152404 0.042635 0.400323 0.368527
0.523376 0.0275014 9.9991E-05 0.409903 0.0391196
0.0575722 0.127533 0.180297 0.539209 0.0953895
0.677842 0.0277773 9.9991E-05 0.255649 0.0386316
0.229607 0.0862846 9.9991E-05 0.673521 0.0104873
0.373988 0.0866909 0.0504134 0.471623 0.0172851
0.217516 0.057278 0.0368576 0.599164 0.0891839
0.54702 0.0155353 0.0882811 0.332099 0.0170645
0.174915 0.0979111 0.0306601 0.591952 0.104563
0.209346 0.103874 0.0194671 0.60927 0.0580417
0.00839022 9.9982E-05 9.9982E-05 0.0013737 0.990036
9.9973E-05 9.9973E-05 9.9973E-05 0.0930976 0.906602
0.0297851 0.0205605 0.0741994 0.284106 0.591349
9.9991E-05 0.043062 0.0215409 0.325766 0.609531
9.9991E-05 0.0136701 0.0309279 0.0898001 0.865502
9.997E-05 9.997E-05 9.997E-05 9.997E-05 0.9996
9.9973E-05 0.0285622 9.9973E-05 9.9973E-05 0.971138
9.9973E-05 9.9973E-05 9.9973E-05 0.117303 0.882397
9.9973E-05 9.9973E-05 9.9973E-05 0.0288401 0.97086
9.997E-05 9.997E-05 9.997E-05 9.997E-05 0.9996
9.997E-05 9.997E-05 9.997E-05 9.997E-05 0.9996
9.9982E-05 0.0169129 9.9982E-05 0.222831 0.760056
9.9991E-05 0.085705 0.0209765 0.101824 0.791394
0.0015985 9.9982E-05 0.0195165 9.9982E-05 0.978685
0.158141 0.0182163 0.0435975 0.299256 0.480789
9.9991E-05 0.0978946 0.0243915 0.212523 0.665091
9.9982E-05 9.9982E-05 0.0648784 0.16296 0.771962
9.9991E-05 0.0422975 0.0173724 0.0790216 0.861209
9.997E-05 9.997E-05 9.997E-05 9.997E-05 0.9996
9.9991E-05 0.0360137 0.0224168 0.00136872 0.940101
9.9973E-05 9.9973E-05 0.00457493 9.9973E-05 0.995125
0.0560788 0.0237592 0.0346409 0.205282 0.68024
9.9982E-05 9.9982E-05 0.0463422 0.0588488 0.894609
0.493928 0.435188 9.9982E-05 9.9982E-05 0.0706846
0.193886 0.148957 0.14277 0.313656 0.20073
0.252513 0.225072 0.00144945 0.492065 0.0289011
0.35735 0.287265 9.9991E-05 0.210233 0.145052
0.0732745 0.104333 0.140504 0.475621 0.206268
0.334714 0.293332 9.9991E-05 0.22673 0.145123
0.0659604 0.243141 0.079854 0.478506 0.132539
0.297069 0.131665 9.9991E-05 0.338934 0.232232
0.128474 0.253089 9.9991E-05 0.458339 0.159997
0.207603 0.208562 9.9991E-05 0.340076 0.24366
0.113707 0.217463 0.0238199 0.481817 0.163192
9.9982E-05 0.853479 0.0621913 0.0841302 9.9982E-05
9.9982E-05 0.961469 0.00858019 9.9982E-05 0.0297513
0.0274608 0.929641 0.0426984 9.9982E-05 9.9982E-05
0.0149566 0.952439 0.0203226 0.0121822 9.9991E-05
9.9982E-05 0.929689 0.0634536 0.00665697 9.9982E-05
9.9973E-05 0.932385 9.9973E-05 9.9973E-05 0.0673154
9.9991E-05 0.881864 0.0286006 0.0155085 0.0739265
0.0621667 0.91979 0.0178435 9.9982E-05 9.9982E-05
0.0453512 0.920797 9.9991E-05 0.0186381 0.0151133
9.9982E-05 0.901529 0.00854865 9.9982E-05 0.0897226
0.1109 0.600926 0.287974 9.9982E-05 9.9982E-05
0.0417119 0.588789 0.367288 9.9991E-05 0.00211122
0.14981 0.53282 0.31717 9.9982E-05 9.9982E-05
0.103628 0.501162 0.374419 0.0206907 9.9991E-05
0.0981713 0.137092 0.167972 0.596664 9.9991E-05
0.192242 0.0743969 0.0741155 0.626802 0.0324443
0.0534136 9.9991E-05 0.249913 0.634247 0.0623268
0.147155 0.029104 0.303505 0.520136 9.9991E-05
0.106489 9.9991E-05 0.618434 0.271273 0.00370403
0.130361 0.000890109 0.095721 0.727309 0.0457189
0.222126 0.0142906 0.0936829 0.647655 0.0222459
0.257656 9.9991E-05 0.0946512 0.63181 0.015782
0.454551 9.9982E-05 9.9982E-05 0.519363 0.0258856
0.0713064 0.122466 0.0898299 0.706781 0.00961635
0.29317 9.9982E-05 0.160577 0.546053 9.9982E-05
0.760587 9.9982E-05 0.168946 0.0702673 9.9982E-05
0.178445 0.0191661 0.167257 0.502251 0.132881
0.559885 0.00779157 0.0235617 0.408661 9.9991E-05
0.341141 9.9982E-05 9.9982E-05 0.656316 0.00234349
0.409299 9.9982E-05 0.312648 0.277854 9.9982E-05
0.106038 0.1506 0.743162 9.9982E-05 9.9982E-05
0.117755 0.12093 0.667159 0.0940568 9.9991E-05
0.050193 0.0528366 0.89677 9.9982E-05 9.9982E-05
0.0861544 0.102074 0.811572 9.9982E-05 9.9982E-05
0.0913337 0.0193743 0.818293 9.9991E-05 0.070899
9.9991E-05 0.0854531 0.771155 0.0792336 0.0640582
9.9982E-05 0.872382 9.9982E-05 0.113618 0.0137998
9.9991E-05 0.811523 0.0968013 0.0904392 0.00113615
9.9982E-05 0.797734 9.9982E-05 0.0958114 0.106254
9.9991E-05 0.77968 0.0655259 0.0616659 0.0930284
9.9991E-05 0.826838 0.0564521 0.0400744 0.0765354
0.12399 0.400724 0.475086 9.9982E-05 9.9982E-05
0.109629 0.465229 0.424942 9.9982E-05 9.9982E-05
0.0770258 0.461333 0.461442 9.9982E-05 9.9982E-05
9.9982E-05 0.821618 0.00947636 0.168706 9.9982E-05
0.086138 0.404842 0.508821 9.9982E-05 9.9982E-05
0.151602 0.24796 9.9992E-05 0.229989 0.370349
9.9991E-05 0.183577 0.04542 0.529119 0.241785
9.9982E-05 0.193351 9.9982E-05 0.495901 0.310548
0.110337 0.308141 9.9991E-05 0.348187 0.233235
0.0155799 0.155574 0.154286 0.409001 0.265559
0.185927 0.490323 9.9982E-05 9.9982E-05 0.32355
0.110342 0.00980556 0.339357 0.540395 9.9991E-05
0.278422 0.0496255 0.230403 0.41392 0.0276285
9.9991E-05 0.0375146 0.614206 0.290285 0.0578941
0.300772 0.00164943 0.137498 0.559981 9.9991E-05
0.833424 9.9973E-05 0.166276 9.9973E-05 9.9973E-05
9.9991E-05 0.112431 0.171805 0.674948 0.0407153
0.195876 0.021013 0.202692 0.557594 0.0228246
0.0803948 0.0353494 0.469907 0.414249 9.9991E-05
0.102887 0.0913214 0.20008 0.526004 0.0797079
0.486237 0.00804372 0.278751 0.207336 0.0196329
0.251116 9.9991E-05 0.181521 0.462376 0.104886
0.123843 9.9991E-05 0.256333 0.542144 0.0775799
0.163965 0.143728 0.0751744 0.441491 0.175642
0.256854 9.9991E-05 0.254281 0.442095 0.04667
0.126332 0.0694199 0.23853 0.543211 0.0225077
0.257677 9.9991E-05 0.15818 0.424326 0.159716
0.0871582 0.0362337 0.299491 0.57265 0.0044675
0.109457 9.9991E-05 0.159175 0.594339 0.136929
0.148033 0.109659 0.252696 0.437932 0.0516808
9.9991E-05 0.0575857 0.182196 0.586555 0.173563
9.9982E-05 0.809929 9.9982E-05 0.0860167 0.103855
0.0343837 0.851377 9.9991E-05 0.0752018 0.0389374
0.0948443 0.774196 0.0502481 0.0538158 0.0268955
0.0532332 0.831227 0.0491175 0.0168185 0.0496039
9.9973E-05 0.849597 9.9973E-05 0.150103 9.9973E-05
0.114406 0.0167561 0.58838 0.254756 0.0257031
0.116829 0.101347 0.14329 0.569308 0.069226
0.106827 0.262689 9.9991E-05 0.384306 0.246078
0.0530373 0.0221328 0.128807 0.677332 0.118691
0.0317723 0.0770139 0.292734 0.561908 0.0365726
0.288396 0.0313178 0.263803 0.30455 0.111934
0.214233 0.130056 0.631134 0.0244764 9.9991E-05
9.9991E-05 0.0152562 0.355114 0.593421 0.0361083
0.170289 0.0853533 0.471518 0.20852 0.0643184
0.314057 0.0184368 0.129632 0.49259 0.0452833
0.111973 0.138638 0.613827 0.135461 9.9991E-05
0.0113585 0.115812 0.213376 0.575157 0.0842963
0.134522 0.0203305 0.582209 0.230762 0.0321766
0.227782 0.0878678 0.304953 0.355214 0.0241843
0.190292 0.0430749 0.147464 0.476749 0.14242
0.452687 0.0527345 0.128015 0.347002 0.0195614
0.134513 0.158004 0.13193 0.575453 9.9991E-05
0.126526 0.115497 0.132259 0.532555 0.0931626
0.48108 0.026417 0.0801198 0.412283 9.9991E-05
0.228034 0.119125 0.0555891 0.597152 9.9991E-05
0.235729 0.13195 0.01634 0.615881 9.9991E-05
0.710853 9.9982E-05 0.0851099 0.203837 9.9982E-05
0.604515 0.0228162 9.9982E-05 0.372468 9.9982E-05
0.332077 0.124034 0.0291107 0.498715 0.016064
0.598108 0.0379852 0.106821 0.256986 9.9991E-05
0.304241 0.100626 0.0458519 0.549182 9.9991E-05
0.100004 9.9991E-05 0.660747 0.18853 0.0506183
0.34812 9.9991E-05 0.35721 0.232551 0.0620195
0.0630496 9.9991E-05 0.508163 0.308625 0.120062
0.038393 0.0307358 0.164798 0.628522 0.137551
0.156371 9.9991E-05 0.50431 0.335169 0.00405019
0.121851 0.0613694 0.149975 0.55116 0.115644
0.00971999 0.0290462 0.292194 0.521599 0.147441
0.127727 9.9991E-05 0.240475 0.473545 0.158154
0.0781353 0.043914 0.280105 0.453726 0.14412
0.0391448 0.0599943 0.313291 0.524311 0.0632589
0.0945383 9.9991E-05 0.509663 0.312706 0.0829928
0.0825191 9.9991E-05 0.413183 0.39079 0.113408
9.9982E-05 9.9982E-05 0.23585 0.666962 0.0969882
0.0575015 0.0118839 0.183678 0.671531 0.0754058
0.1375 0.0644221 0.292525 0.468305 0.0372483
0.149021 9.9991E-05 0.219255 0.487603 0.14402
0.0564457 0.0874132 0.41076 0.398007 0.0473736
9.9991E-05 0.0402714 0.230911 0.648376 0.0803423
0.0189515 0.0434919 0.327937 0.500004 0.109616
0.06048 0.0590843 0.185702 0.533312 0.161421
0.0721316 0.373297 9.9991E-05 0.427987 0.126484
0.0887299 0.153358 9.9991E-05 0.550311 0.207501
0.127534 0.19836 9.9991E-05 0.585688 0.0883183
0.0868581 0.103714 0.0929709 0.586599 0.129858
0.129209 0.221698 9.9991E-05 0.369408 0.279585
0.20072 9.9991E-05 0.28565 0.499875 0.0136546
0.0241737 0.162305 0.0790689 0.521004 0.213448
0.50561 0.280529 9.9991E-05 0.040015 0.173746
0.0500062 0.157471 0.0649518 0.572573 0.154998
0.103851 0.178042 0.0350585 0.51587 0.167179
0.02735 0.117327 0.117466 0.512241 0.225616
0.270483 0.202969 0.0615007 0.315775 0.149273
0.065545 0.21277 9.9991E-05 0.516025 0.20556
0.104889 0.150517 9.9991E-05 0.535697 0.208797
0.330201 0.458917 9.9982E-05 9.9982E-05 0.210682
0.0352475 0.240533 9.9991E-05 0.550781 0.173338
9.9982E-05 0.19416 9.9982E-05 0.537039 0.268601
0.0944418 0.158693 0.000623744 0.651322 0.0949187
0.0467566 0.232809 9.9991E-05 0.54765 0.172685
0.0408151 0.172928 0.0597993 0.553757 0.1727
0.293838 0.0830816 9.9991E-05 0.59796 0.0250203
0.136523 0.142497 0.0546601 0.597815 0.0685051
0.707623 9.9991E-05 0.130408 0.159082 0.00278735
0.746659 9.9982E-05 0.147469 0.105672 9.9982E-05
0.172574 9.9991E-05 0.191068 0.465589 0.170669
0.147346 0.105485 9.9991E-05 0.371829 0.375239
0.15406 0.16028 9.9991E-05 0.326139 0.35942
0.203851 0.275033 9.9991E-05 0.23857 0.282446
0.113602 0.197138 0.021354 0.406683 0.261223
0.609159 0.105978 9.9991E-05 0.137481 0.147282
0.554257 0.0972539 9.9991E-05 0.22674 0.12165
0.286815 0.00841338 0.00508582 0.497006 0.20268
0.268231 0.019429 0.0277868 0.478625 0.205928
0.49605 0.0574795 0.0532052 0.221711 0.171555
0.184767 0.0559606 0.0629796 0.539137 0.157156
0.175703 0.0403619 0.0171953 0.642304 0.124436
0.197834 0.0915643 0.093059 0.425292 0.192251
0.362296 9.9982E-05 0.215608 0.421896 9.9982E-05
0.435421 9.9991E-05 0.105302 0.385693 0.0734846
0.246744 0.0756219 0.00733628 0.619181 0.0511171
0.314644 0.0193124 0.152378 0.404132 0.109533
0.19579 0.0433839 0.168649 0.435467 0.156709
0.458078 0.0101124 9.9991E-05 0.467354 0.0643558
0.52107 9.9991E-05 0.150326 0.310727 0.0177779
0.271675 0.0291103 9.9991E-05 0.604531 0.094584
0.503256 9.9991E-05 0.100026 0.38837 0.00824799
0.415734 0.0260987 9.9982E-05 0.557968 9.9982E-05
0.223671 0.132741 0.0210658 0.585041 0.0374806
0.322564 9.9991E-05 0.0611253 0.558615 0.0575949
0.0687524 0.194377 9.9991E-05 0.48924 0.24753
0.168035 0.155661 0.0428741 0.456509 0.176921
0.221901 0.184123 9.9991E-05 0.364178 0.229698
0.174295 0.169526 0.051588 0.339962 0.264629
0.0883434 0.142981 0.194642 0.439668 0.134366
0.183248 0.150033 9.9991E-05 0.410054 0.256566
0.528401 0.202713 0.0830401 9.9991E-05 0.185746
0.00597856 0.0676443 0.0870935 0.548871 0.290413
0.457638 0.407047 9.9982E-05 9.9982E-05 0.135115
0.134001 0.0567831 9.9991E-05 0.575266 0.23385
0.725157 9.9973E-05 9.9973E-05 0.274543 9.9973E-05
0.891732 9.9991E-05 0.0814815 0.0215081 0.00517803
0.358572 9.9991E-05 0.0474447 0.575431 0.0184526
0.123553 0.0336049 9.9991E-05 0.7175 0.125242
0.37735 9.9982E-05 0.0852566 0.537193 9.9982E-05
0.339562 0.0192381 0.0408194 0.599571 0.000809395
0.299076 9.9991E-05 0.0566707 0.584968 0.0591851
9.9991E-05 0.855542 0.0349804 0.088356 0.0210216
9.9982E-05 0.724857 0.15249 9.9982E-05 0.122453
9.9982E-05 0.885775 0.0748062 9.9982E-05 0.0392192
9.9973E-05 0.964801 9.9973E-05 0.034899 9.9973E-05
0.285775 0.0623562 0.0493452 0.565401 0.0371226
0.171218 0.0977535 0.12956 0.601369 9.9991E-05
0.205805 0.0132829 0.0784006 0.702412 9.9991E-05
0.16827 0.133701 9.9991E-05 0.695562 0.00236766
0.150489 0.103467 0.0676914 0.528151 0.150202
0.398025 0.00503716 0.161992 0.434846 9.9991E-05
0.174478 9.9991E-05 0.0753902 0.728558 0.0214736
0.506951 9.9973E-05 9.9973E-05 0.49275 9.9973E-05
9.9991E-05 0.274567 0.0478657 0.491749 0.185718
0.291474 9.9991E-05 0.11755 0.570261 0.0206158
0.344903 0.00707048 0.143664 0.504262 9.9991E-05
0.260566 0.00841953 9.9982E-05 0.730815 9.9982E-05
0.286842 0.0208317 0.10203 0.590197 9.9991E-05
0.268939 9.9982E-05 9.9982E-05 0.726541 0.00431989
0.0788114 0.124706 0.114521 0.681861 9.9991E-05
0.697789 9.9973E-05 9.9973E-05 0.301911 9.9973E-05
0.467563 9.9991E-05 0.0675184 0.464099 0.000719596
0.481842 0.011654 9.9991E-05 0.493569 0.0128352
0.897053 9.9973E-05 9.9973E-05 0.102647 9.9973E-05
0.152582 9.9991E-05 0.223517 0.575436 0.048365
0.673001 9.9982E-05 0.0158796 0.310919 9.9982E-05
0.867859 0.00760534 0.0148134 0.109622 9.9991E-05
0.264503 0.0198198 0.0017023 0.674867 0.0391074
0.43282 0.031718 0.138465 0.396898 9.9991E-05
0.236013 0.0162268 0.080972 0.595021 0.0717668
0.211983 0.0130207 0.0457018 0.550211 0.179083
0.205547 0.0192685 0.128685 0.6464 9.9991E-05
0.219298 9.9991E-05 0.223356 0.442027 0.115219
0.181872 0.0424137 0.0982282 0.654797 0.0226886
0.142343 0.0142691 0.21989 0.623398 9.9991E-05
0.481968 9.9982E-05 0.00172836 0.516103 9.9982E-05
0.19426 0.0833954 0.0490707 0.616432 0.0568423
0.0610146 0.669246 0.263753 9.9991E-05 0.00588618
0.0570155 0.752316 0.13351 0.0570579 9.9991E-05
0.0559487 0.813538 0.130313 9.9982E-05 9.9982E-05
0.0535359 0.79209 0.154174 9.9982E-05 9.9982E-05
9.9982E-05 0.755584 0.240687 0.0035289 9.9982E-05
0.357862 0.0338764 0.240111 0.368051 9.9991E-05
0.461324 9.9982E-05 0.185354 0.353122 9.9982E-05
0.638842 9.9973E-05 9.9973E-05 0.360858 9.9973E-05
0.200446 0.131704 0.0241555 0.550112 0.0935825
0.0443817 0.1838 0.0619035 0.661353 0.048562
0.51301 0.0236707 9.9991E-05 0.449654 0.0135651
0.180829 9.9982E-05 9.9982E-05 0.740463 0.0785078
0.370944 9.9991E-05 0.00316016 0.550217 0.0755789
0.163374 0.00286476 0.125587 0.673081 0.035093
0.133383 0.0635767 0.066834 0.669339 0.0668671
0.378895 9.9982E-05 0.172601 0.448304 9.9982E-05
0.290336 9.9982E-05 0.155729 0.553735 9.9982E-05
0.194773 9.9982E-05 0.255033 0.549995 9.9982E-05
0.106447 0.0843151 0.134556 0.579067 0.0956152
0.249918 9.9982E-05 0.118964 0.630917 9.9982E-05
0.20774 0.035564 0.112537 0.64406 9.9991E-05
9.9991E-05 0.102981 0.0650732 0.391946 0.439899
0.0354866 0.102682 0.0851928 0.342741 0.433898
9.9982E-05 0.148623 9.9982E-05 0.396502 0.454675
0.0660225 0.179318 9.9991E-05 0.263899 0.49066
9.9991E-05 0.178121 0.138655 0.328035 0.355088
0.283046 0.0334507 0.0401912 0.607405 0.0359071
0.0125772 0.279623 0.0188681 0.000171096 0.68876
0.0254608 0.193648 9.9991E-05 0.325448 0.455343
0.190009 0.198224 9.9991E-05 0.479691 0.131976
0.185115 0.156952 0.0416848 0.616148 9.9991E-05
0.250681 0.15768 0.114729 0.438405 0.0385059
0.0712773 0.137804 0.0874751 0.601168 0.102276
0.0792412 0.18314 0.0729372 0.612536 0.0521455
9.9982E-05 0.200839 9.9982E-05 0.369933 0.429028
9.9991E-05 0.131828 0.128575 0.356463 0.383035
9.9982E-05 0.114069 9.9982E-05 0.423659 0.462071
0.0612491 0.147401 9.9991E-05 0.494578 0.296671
0.0318985 0.143842 0.0289036 0.275029 0.520327
0.0157453 0.170633 0.100153 0.283762 0.429707
0.0322151 0.115435 0.0683399 0.174323 0.609688
9.9991E-05 0.118301 0.0612204 0.401284 0.419095
0.224168 0.139476 9.9991E-05 0.549573 0.0866834
9.9991E-05 0.152163 0.175552 0.306817 0.365368
9.9982E-05 0.18742 9.9982E-05 0.141596 0.670784
0.0571227 0.174673 9.9991E-05 0.42386 0.344244
0.263693 0.199489 0.281496 0.251936 0.00338596
0.169572 0.0338867 0.0775043 0.610311 0.108726
0.063998 0.161646 0.0496346 0.390497 0.334224
0.11515 0.133007 0.0794017 0.573875 0.0985662
0.101108 0.230097 0.109284 0.559411 9.9991E-05
0.208505 0.138341 0.0220471 0.29407 0.337038
0.109973 0.236423 9.9991E-05 0.322742 0.330762
0.0392165 0.129086 0.130234 0.591944 0.109519
0.129278 0.0459365 0.0884156 0.277707 0.458663
9.9982E-05 0.120474 9.9982E-05 0.428209 0.451117
0.0481972 0.204469 9.9991E-05 0.140273 0.60696
0.10575 0.14674 0.00791982 0.667947 0.0716431
0.244811 0.146887 0.084723 0.523479 9.9991E-05
0.562517 0.205854 9.9991E-05 0.164599 0.0669302
9.9991E-05 0.176601 0.129567 0.604391 0.0893407
0.0864117 0.138526 0.237571 0.497586 0.039905
0.211709 0.199759 9.9991E-05 0.411257 0.177176
0.0312774 0.161687 0.0994789 0.510657 0.1969
0.458762 0.361445 9.9982E-05 9.9982E-05 0.179593
0.469414 0.384189 9.9982E-05 9.9982E-05 0.146197
0.378912 0.17252 9.9991E-05 0.292647 0.155821
0.364988 0.376033 9.9991E-05 0.0297063 0.229173
0.287326 0.473462 9.9982E-05 9.9982E-05 0.239012
0.317496 0.152054 0.00467723 0.290963 0.234811
0.183234 0.227659 0.0110188 0.436625 0.141463
0.308879 0.308803 9.9991E-05 0.162857 0.219361
0.420448 0.331348 9.9991E-05 0.0369203 0.211184
0.092115 0.152349 0.18485 0.407774 0.162912
0.410797 0.256598 9.9991E-05 0.174565 0.157939
0.400332 0.508381 9.9982E-05 9.9982E-05 0.0910872
0.0625022 0.114944 0.120727 0.473252 0.228574
0.228003 0.18897 0.023313 0.310488 0.249226
0.017664 0.268949 0.0711322 0.359688 0.282567
9.9982E-05 0.158119 9.9982E-05 0.495156 0.346524
0.0386186 0.199631 9.9991E-05 0.627194 0.134456
0.0738299 0.180041 0.0249504 0.384316 0.336862
9.9991E-05 0.381167 0.0314548 0.370263 0.217016
0.0630746 0.219302 0.0136083 0.52553 0.178485
0.00837418 0.222536 9.9991E-05 0.470781 0.298209
0.0913965 0.262195 0.0572471 0.355077 0.234084
0.200853 0.111941 0.159813 0.373265 0.154128
0.073127 0.207618 0.0545144 0.516488 0.148252
0.0879646 0.188573 9.9991E-05 0.553671 0.169691
0.095251 0.0827682 0.0702641 0.685632 0.0660846
9.9991E-05 0.364546 0.0100871 0.371051 0.254216
0.0708585 0.19629 0.0528021 0.508489 0.171561
0.192553 0.423089 9.9991E-05 0.229178 0.15508
9.9991E-05 0.192382 0.0909561 0.45653 0.260032
0.147624 0.295945 0.000450105 0.210648 0.345332
0.0672374 0.803483 0.126897 0.00228188 9.9991E-05
0.0138069 0.103329 0.725316 0.149524 0.00802279
9.997E-05 9.997E-05 0.9996 9.997E-05 9.997E-05
9.997E-05 9.997E-05 0.9996 9.997E-05 9.997E-05
9.9973E-05 9.9973E-05 0.983717 0.0159835 9.9973E-05
9.9973E-05 9.9973E-05 0.971412 9.9973E-05 0.0282882
9.9973E-05 9.9973E-05 0.894488 0.105212 9.9973E-05
0.0077248 0.0336059 0.958469 9.9982E-05 9.9982E-05
9.9982E-05 0.213908 0.745557 9.9982E-05 0.0403352
0.0338158 0.895827 0.0246251 0.0332733 0.012459
9.9982E-05 0.827356 0.142372 0.0300715 9.9982E-05
0.0113439 0.848363 0.0756424 9.9991E-05 0.064551
0.0659546 0.828103 0.0953726 0.0104698 9.9991E-05
0.0082271 0.888782 0.0651194 9.9991E-05 0.0377713
0.0342483 0.91576 0.0497922 9.9982E-05 9.9982E-05
9.9991E-05 0.75743 0.0524007 0.0084339 0.181636
0.0216893 0.860296 9.9991E-05 0.0655989 0.0523162
0.00647854 0.761553 0.114365 0.103849 0.0137552
9.9973E-05 0.941423 9.9973E-05 9.9973E-05 0.0582775
9.9973E-05 0.962763 0.0369369 9.9973E-05 9.9973E-05
9.9991E-05 0.872634 0.0629653 0.0513487 0.0129521
9.9982E-05 0.986668 0.000126532 9.9982E-05 0.0130054
9.9982E-05 0.924625 9.9982E-05 0.0717569 0.0034185
9.9991E-05 0.838795 0.039476 0.0705811 0.0510474
9.9982E-05 0.871557 9.9982E-05 0.119915 0.00832748
9.9982E-05 0.799527 9.9982E-05 0.0421998 0.158074
9.9982E-05 0.775205 9.9982E-05 0.113147 0.111448
9.9982E-05 0.848667 9.9982E-05 0.12135 0.0297829
0.270158 0.146814 0.0872748 0.455882 0.0398719
0.120583 0.120748 0.0463701 0.712199 9.9991E-05
0.0555723 0.116061 0.096517 0.635085 0.096764
0.677629 0.104139 0.0436736 0.0959728 0.0785856
0.0836656 0.150905 0.14084 0.62449 9.9991E-05
0.572839 0.220725 9.9991E-05 0.198877 0.00745979
0.0924603 0.187152 0.0236495 0.670838 0.0259011
0.132782 0.152313 0.185125 0.52968 9.9991E-05
0.131059 0.121852 0.126898 0.620091 9.9991E-05
0.253125 0.072843 0.0683694 0.605563 9.9991E-05
0.156851 0.152727 0.135088 0.555234 9.9991E-05
0.126309 0.145773 0.0411255 0.686693 9.9991E-05
0.0813726 0.143177 0.157063 0.618287 9.9991E-05
0.39195 9.9991E-05 0.447068 0.107135 0.0537467
0.799343 0.0832501 0.117207 9.9982E-05 9.9982E-05
0.598662 0.160327 0.0178903 0.207969 0.015152
0.0256138 0.215883 9.9991E-05 0.731399 0.0270047
0.127685 0.14107 0.08444 0.646705 9.9991E-05
0.192961 0.19119 0.0047276 0.611022 9.9991E-05
0.163266 0.17787 0.00550052 0.583494 0.0698696
0.0286029 0.16463 0.0186 0.551753 0.236414
9.9991E-05 0.189165 0.0398298 0.655078 0.115828
0.125942 0.441464 0.109325 0.148088 0.175181
0.0350695 0.153666 0.135435 0.6587 0.0171296
0.103357 0.262036 0.0715762 0.467737 0.0952948
0.366427 0.461207 9.9982E-05 9.9982E-05 0.172166
0.152613 0.292931 9.9991E-05 0.321641 0.232715
0.0437027 0.403458 0.048177 0.359839 0.144823
9.9991E-05 0.322465 0.0974338 0.455975 0.124026
0.073495 0.187499 0.0684632 0.461824 0.208719
9.9991E-05 0.256739 0.0589115 0.501175 0.183074
9.9991E-05 0.147566 0.0316569 0.645196 0.175481
0.153395 0.197778 9.9991E-05 0.425332 0.223394
0.006926 0.546263 9.9991E-05 0.343166 0.103545
