0.892677 0.0495006 0.0556268 0.00209537 9.9991E-05
0.918224 9.9982E-05 0.0098395 0.071737 9.9982E-05
0.81112 0.031782 0.0386696 9.9991E-05 0.118329
0.781982 0.0877569 0.0594947 9.9991E-05 0.0706665
0.868052 0.064592 0.0320171 9.9991E-05 0.0352388
0.657108 0.0271336 0.10363 0.0987026 0.113427
0.880042 9.9991E-05 0.0347259 0.0840023 0.00112936
0.744696 0.0182767 0.128327 0.1086 9.9991E-05
0.835299 9.9982E-05 0.062983 0.101519 9.9982E-05
0.739561 0.0768325 9.9991E-05 0.094191 0.089315
0.80056 9.9991E-05 0.103774 0.0556125 0.0399534
9.9991E-05 0.0449315 0.475833 0.136856 0.342279
0.0276994 0.10477 0.311219 9.9991E-05 0.556212
0.018937 0.0847444 0.515894 0.0844178 0.296006
0.0368972 0.138754 0.44843 0.0218149 0.354104
0.0967591 0.170053 0.281681 0.0879596 0.363547
0.0710445 0.091812 0.150012 0.082532 0.604599
9.999E-05 0.0860258 0.371676 0.0862416 0.455956
0.0977888 0.0806471 0.39117 0.0621624 0.368232
0.0580234 0.0335022 0.658464 0.175704 0.0743058
0.000379469 0.0867994 0.349174 0.116677 0.44697
0.0407419 0.0410891 0.178943 0.188836 0.55039
9.999E-05 0.0406756 0.313642 0.0687715 0.576811
0.0282959 0.103246 0.394225 0.13667 0.337563
0.117577 0.0754645 0.136565 9.9991E-05 0.670293
0.0934463 0.0646328 0.19458 0.00494796 0.642393
0.0446379 0.0577089 0.503155 0.117916 0.276582
9.9991E-05 0.194983 0.473627 0.118888 0.212402
0.024969 9.9991E-05 0.497045 0.181305 0.29658
0.857992 0.0577241 9.9982E-05 9.9982E-05 0.0840834
0.844995 9.9973E-05 9.9973E-05 9.9973E-05 0.154705
0.805987 0.0477349 9.9982E-05 9.9982E-05 0.146079
0.730233 0.103084 9.9982E-05 9.9982E-05 0.166483
0.0572921 9.9991E-05 0.0827928 0.131086 0.728729
0.115571 9.9991E-05 0.114063 0.164021 0.606245
0.0615191 9.9982E-05 9.9982E-05 0.292864 0.645417
0.086153 9.9991E-05 0.597694 0.0691662 0.246887
0.0237547 9.9991E-05 0.0569886 0.454194 0.464963
0.0889817 9.9991E-05 0.244146 0.110959 0.555814
0.0633949 0.062456 9.9991E-05 0.163253 0.710797
0.141989 9.9991E-05 0.0313786 0.172616 0.653916
0.138484 9.9991E-05 0.023743 0.135508 0.702165
0.0211285 0.00110666 0.225587 0.470859 0.281319
0.0467928 0.0845546 0.0369212 0.178638 0.653093
0.106406 0.0804913 0.00451821 0.132081 0.676503
0.0939761 0.009865 0.116052 0.0885848 0.691522
9.9982E-05 9.9982E-05 0.031732 0.469348 0.49872
0.0206897 0.0140042 0.0252186 0.183942 0.756145
0.188962 0.0379604 0.046105 0.208738 0.518235
0.111181 9.9973E-05 9.9973E-05 0.888519 9.9973E-05
9.9982E-05 9.9982E-05 0.492838 0.318644 0.188317
0.0396429 0.0394962 0.265024 0.534741 0.121095
0.0431676 0.184721 0.184835 0.0285946 0.558682
0.0980952 0.0427571 0.0532315 0.094872 0.711044
0.0884774 0.116381 0.121425 0.0588305 0.614886
0.135672 9.9991E-05 0.351949 0.249806 0.262473
0.0807309 0.00361725 0.181038 0.0945097 0.640104
0.111054 0.0992632 0.0719911 0.145068 0.572623
0.0907425 9.9991E-05 0.238324 0.316609 0.354224
0.211255 0.0673991 0.375544 0.260863 0.0849391
0.0382961 0.0963293 0.162059 0.0956324 0.607683
0.0896136 0.0859708 0.262647 0.128948 0.432821
0.0538144 9.9991E-05 0.548687 0.306428 0.0909704
9.9991E-05 0.0311091 0.21385 0.193201 0.561739
9.9991E-05 0.110199 0.107974 0.167648 0.614079
0.0675733 0.0693472 0.188771 0.0822923 0.592016
0.00886847 0.0600197 0.358486 0.216066 0.35656
9.9991E-05 0.120394 0.180298 0.202218 0.49699
0.0554791 0.122657 0.190081 0.0619016 0.569882
0.00841239 9.9991E-05 0.404394 0.295939 0.291155
9.9982E-05 9.9982E-05 0.0728924 0.236518 0.69039
9.9982E-05 9.9982E-05 0.227574 0.412126 0.360101
0.0265974 0.119901 0.144871 0.175585 0.533046
9.9982E-05 9.9982E-05 0.0464444 0.803976 0.14938
9.9982E-05 9.9982E-05 0.060646 0.793912 0.145242
9.9982E-05 9.9982E-05 0.0836009 0.516277 0.399922
9.9982E-05 9.9982E-05 0.119221 0.307741 0.572838
0.116547 0.0489919 0.148799 0.114262 0.5714
0.0683837 0.0260199 0.041579 0.312633 0.551384
9.9991E-05 0.0617267 0.300082 0.365847 0.272245
0.0347526 9.9991E-05 0.305927 0.296266 0.362954
0.0903585 0.108939 0.147478 0.235681 0.417543
9.9991E-05 0.023385 0.0361223 0.507246 0.433147
0.0534118 9.9991E-05 0.0509213 0.288947 0.60662
0.0212996 9.9982E-05 9.9982E-05 0.453866 0.524634
9.9991E-05 0.0295904 0.060506 0.78092 0.128884
0.0383255 0.0347855 0.133832 0.170381 0.622677
0.810623 0.0473195 0.0545094 9.9991E-05 0.0874477
0.916587 9.9973E-05 9.9973E-05 9.9973E-05 0.0831126
0.898994 0.0394562 9.9982E-05 9.9982E-05 0.0613494
0.918071 9.9982E-05 9.9982E-05 0.040416 0.0413129
0.893559 9.9973E-05 9.9973E-05 9.9973E-05 0.106141
0.893465 0.0427075 0.0221685 0.0129943 0.028665
0.89783 0.0126691 9.9982E-05 9.9982E-05 0.0893005
0.184257 9.9991E-05 0.0645652 0.208419 0.542659
0.0585373 0.0755148 0.0572009 0.221092 0.587655
9.9982E-05 9.9982E-05 0.204922 0.626961 0.167917
0.171104 0.0721819 0.0146564 0.195384 0.546674
0.0129312 9.9991E-05 0.0794445 0.302614 0.60491
0.00480671 0.0185407 0.0134166 0.260412 0.702824
9.9982E-05 0.0679017 9.9982E-05 0.322926 0.608973
0.0143048 0.0739511 9.9991E-05 0.334483 0.577161
0.00761458 9.9991E-05 0.324386 0.583276 0.0846233
0.215982 9.9982E-05 9.9982E-05 0.231108 0.55271
0.0248686 0.0802381 9.9991E-05 0.153446 0.741347
0.0628179 0.0630078 0.117406 0.0883317 0.668436
0.0561748 9.9982E-05 9.9982E-05 0.590866 0.352759
0.0127892 9.9991E-05 0.00772835 0.347105 0.632278
0.0762962 9.9991E-05 0.0637565 0.225362 0.634485
9.9982E-05 9.9982E-05 0.00894397 0.483085 0.507771
0.0810119 9.9991E-05 0.144777 0.214969 0.559142
0.0542397 0.104307 0.113986 0.163282 0.564185
0.0829367 0.0957438 0.344283 0.290046 0.18699
0.109947 0.0494931 0.309598 0.034946 0.496015
0.110625 9.9991E-05 0.160317 0.131079 0.597879
0.0954175 0.116689 0.04087 0.108606 0.638417
0.0512464 9.9991E-05 0.373897 0.0314678 0.543289
0.0770917 0.0582536 0.222135 0.00928417 0.633236
0.0274749 9.9991E-05 0.386556 0.0536555 0.532213
0.102363 0.082568 0.152609 0.129239 0.53322
0.0691462 0.101896 0.146815 0.0790912 0.603051
0.0494975 0.00782918 0.242984 0.0659616 0.633727
0.0157014 9.9991E-05 0.353539 0.0818766 0.548783
0.101817 9.9991E-05 0.0803699 0.177153 0.640561
0.16543 0.0158233 0.0510835 0.158963 0.6087
9.9991E-05 0.0894554 0.284185 0.0574456 0.568814
0.0940655 0.110542 0.138994 0.0846439 0.571755
0.00951741 0.181336 0.291499 0.0381054 0.479542
0.100595 0.0090198 0.342155 0.163253 0.384978
9.9982E-05 0.112675 0.232376 9.9982E-05 0.654749
0.0394436 0.0899302 0.139257 0.0996168 0.631752
9.9991E-05 0.0966271 0.441967 0.177676 0.28363
0.00592194 0.0655736 0.331575 0.387365 0.209564
0.00365488 0.088501 0.264382 0.118742 0.52472
9.9991E-05 0.0817766 0.40123 0.470637 0.0462562
0.0569731 9.9991E-05 0.471825 0.102913 0.368189
9.9982E-05 9.9982E-05 0.346244 0.132108 0.521448
0.0428496 9.9991E-05 0.449907 0.157173 0.34997
9.9982E-05 9.9982E-05 0.518389 0.179436 0.301975
0.124405 0.0105785 0.103372 0.102806 0.658839
0.0742961 0.068691 0.191717 9.9991E-05 0.665195
0.0595844 0.0958152 0.229797 0.108937 0.505867
0.01156 0.0871965 0.395194 0.389736 0.116314
0.159728 0.0778052 0.0336107 0.117224 0.611632
0.0230852 0.134023 0.104146 0.25619 0.482556
0.227984 9.9991E-05 0.099207 0.618685 0.054024
0.132785 0.0626635 9.9991E-05 0.194335 0.610117
0.111458 0.0556072 0.0477806 0.418204 0.36695
0.0820186 0.0991686 0.058885 0.169393 0.590535
0.112157 0.0444263 0.0857946 0.512861 0.24476
0.116111 9.9991E-05 0.161272 0.511713 0.210804
0.0763401 0.00389824 0.143647 0.286838 0.489276
0.122264 0.124642 0.0414249 0.205275 0.506394
0.128602 0.102047 0.052271 0.265746 0.451335
0.128438 0.141386 0.103412 0.557491 0.0692731
0.0875067 0.0508109 0.0723274 0.218351 0.571004
9.9982E-05 9.9982E-05 0.153876 0.410487 0.435437
0.0344831 9.9991E-05 0.135059 0.319953 0.510404
0.0308585 0.0646924 0.075997 0.167293 0.661159
0.35555 0.270925 9.9991E-05 0.18406 0.189366
0.598775 0.191037 9.9982E-05 0.209988 9.9982E-05
0.52723 0.122392 9.9982E-05 0.350178 9.9982E-05
0.391849 0.373757 0.0591846 0.114637 0.0605727
9.9982E-05 0.0428131 9.9982E-05 0.287335 0.669652
0.10154 0.000748195 0.0537384 0.15673 0.687244
9.9973E-05 0.750112 9.9973E-05 9.9973E-05 0.249588
0.010284 0.45727 0.162199 0.0782215 0.292026
0.111368 0.351757 0.0753535 0.000625959 0.460895
0.0555733 0.0333904 0.0445237 0.473794 0.392719
0.142846 0.0484358 0.000129704 0.201515 0.607074
0.0356015 0.0506021 9.9991E-05 0.680185 0.233511
9.9991E-05 0.108792 0.0216572 0.248805 0.620646
0.00667019 0.0198415 0.0530997 0.353231 0.567158
0.0177993 0.127171 0.115805 0.172876 0.566348
0.0124525 0.0685797 0.0715936 0.664888 0.182486
0.0082867 0.0687499 0.0822045 0.156381 0.684378
0.103157 0.0503919 0.0570843 0.22925 0.560117
9.9982E-05 0.970246 9.9982E-05 0.00535641 0.0241973
0.00391603 0.861565 0.00414765 0.0136022 0.116769
0.0937738 0.533271 0.0654615 0.0228304 0.284663
0.00599978 0.740369 0.0305662 9.9991E-05 0.222965
0.0319229 0.847911 9.9991E-05 0.00276386 0.117302
9.997E-05 0.9996 9.997E-05 9.997E-05 9.997E-05
9.9973E-05 0.967316 0.032384 9.9973E-05 9.9973E-05
9.9973E-05 0.835834 9.9973E-05 9.9973E-05 0.163866
9.9973E-05 0.966051 0.0336495 9.9973E-05 9.9973E-05
9.997E-05 0.9996 9.997E-05 9.997E-05 9.997E-05
9.997E-05 0.9996 9.997E-05 9.997E-05 9.997E-05
0.015565 0.768822 0.00602538 9.9991E-05 0.209488
0.0205653 0.80429 0.060799 9.9991E-05 0.114246
9.997E-05 0.9996 9.997E-05 9.997E-05 9.997E-05
0.0689951 0.41873 0.102853 0.0168929 0.392529
0.0638338 0.646715 0.0584327 9.9991E-05 0.230918
0.0316683 0.782122 0.0990651 9.9991E-05 0.0870449
0.028684 0.81294 0.0189268 9.9991E-05 0.139349
9.9973E-05 0.995919 9.9973E-05 0.00378131 9.9973E-05
0.059448 0.875979 9.9991E-05 0.000617183 0.0638555
0.00480706 0.994893 9.9973E-05 9.9973E-05 9.9973E-05
0.102209 0.607282 0.00694722 0.0181862 0.265376
9.9991E-05 0.9076 0.044031 0.0298867 0.0183824
0.405911 0.0294263 9.9982E-05 0.564462 9.9982E-05
0.171361 0.148781 0.192948 0.140643 0.346268
0.22499 0.088811 0.0486045 0.217189 0.420406
0.299704 0.143673 0.0121765 0.398726 0.14572
0.164702 0.160431 0.0292992 0.185003 0.460565
0.293197 0.106878 9.9991E-05 0.364725 0.2351
0.237036 0.0622156 0.109624 0.164527 0.426598
0.190365 0.178646 9.9991E-05 0.303066 0.327823
0.1374 0.133955 0.0191611 0.21937 0.490114
0.175313 0.239784 9.9991E-05 0.260996 0.323806
0.240631 0.0800897 9.9991E-05 0.19339 0.485789
0.869439 9.9991E-05 0.0545913 0.0146883 0.0611818
0.916694 0.0743128 9.9982E-05 0.00879286 9.9982E-05
0.989167 9.9973E-05 9.9973E-05 9.9973E-05 0.0105333
0.947966 9.9982E-05 0.0428856 9.9982E-05 0.00894881
0.902047 0.00566268 0.0380742 9.9991E-05 0.0541166
0.88255 0.110529 9.9982E-05 0.00672006 9.9982E-05
0.870161 0.0972232 9.9982E-05 9.9982E-05 0.0324159
0.932197 9.9973E-05 9.9973E-05 0.0675029 9.9973E-05
0.923356 0.029953 9.9991E-05 0.0400662 0.00652484
0.887372 0.0810314 0.0240473 0.00744893 9.9991E-05
0.637029 9.9982E-05 0.22929 0.133481 9.9982E-05
0.577697 0.0119251 0.380103 0.0301748 9.9991E-05
0.551366 9.9982E-05 0.336559 0.111876 9.9982E-05
0.480879 9.9982E-05 0.402252 0.116669 9.9982E-05
0.0296228 9.9991E-05 0.133344 0.219896 0.617037
9.9991E-05 0.0492573 0.170562 0.216506 0.563575
0.0165505 0.0136922 0.238089 0.152175 0.579493
0.0037086 9.9991E-05 0.357463 0.148689 0.490039
9.9982E-05 9.9982E-05 0.700009 0.0395551 0.260236
0.132196 0.0802914 9.9991E-05 0.134763 0.652649
9.9982E-05 9.9982E-05 0.123396 0.199626 0.676778
9.9991E-05 0.00248684 0.0908698 0.34035 0.566194
9.9982E-05 0.0316572 9.9982E-05 0.513014 0.455128
0.0572699 9.9991E-05 0.10517 0.107167 0.730293
0.00283561 9.9991E-05 0.159254 0.281234 0.556576
9.9982E-05 9.9982E-05 0.175581 0.795621 0.0285982
0.0214431 0.0621974 0.268284 0.131173 0.516903
0.00963112 0.0121995 0.0248315 0.64757 0.305768
0.0128162 9.9991E-05 0.0426471 0.33922 0.605217
9.9982E-05 9.9982E-05 0.254903 0.477268 0.267629
0.140705 9.9982E-05 0.759717 0.0993782 9.9982E-05
0.131012 0.0267601 0.763128 0.0451719 0.0339272
0.026287 9.9982E-05 0.899551 0.0739624 9.9982E-05
0.117665 9.9982E-05 0.792142 0.0899927 9.9982E-05
9.9991E-05 0.0409356 0.865778 0.0344502 0.0587367
0.0427674 0.0685868 0.828149 9.9991E-05 0.0603963
0.879449 0.0385131 9.9982E-05 9.9982E-05 0.0818374
0.837358 0.0478289 0.0766759 9.9991E-05 0.038037
0.761327 0.139429 9.9982E-05 9.9982E-05 0.0990443
0.747368 0.161643 0.0658892 9.9991E-05 0.0249998
0.77851 0.102928 0.0639043 9.9991E-05 0.054558
0.405123 9.9982E-05 0.541434 0.0532424 9.9982E-05
0.490647 9.9982E-05 0.345222 0.163931 9.9982E-05
0.466136 0.00455588 0.382404 0.146804 9.9991E-05
0.843256 0.0260308 0.026467 9.9991E-05 0.104146
0.401246 9.9982E-05 0.486716 0.111838 9.9982E-05
0.265684 0.404334 9.9991E-05 0.113896 0.215986
0.118115 0.219331 0.119923 9.9991E-05 0.54253
0.200142 0.271203 9.9982E-05 9.9982E-05 0.528455
0.230415 0.232749 0.0698938 0.130776 0.336166
0.186786 0.171585 0.0689832 9.9991E-05 0.572545
0.465667 0.354971 9.9982E-05 0.179162 9.9982E-05
0.0141661 0.0159565 0.360811 0.118255 0.490812
0.0535657 0.00622111 0.205838 0.345793 0.388582
0.0888895 0.000426616 0.548528 0.0166619 0.345494
9.9991E-05 0.0588048 0.163601 0.30795 0.469544
9.9973E-05 9.9973E-05 0.17491 0.82479 9.9973E-05
0.121025 0.022289 0.127868 0.132006 0.596812
0.0293115 0.054748 0.246415 0.158005 0.511521
0.0672534 9.9991E-05 0.460111 0.0949736 0.377562
0.0804889 0.0942338 0.21317 0.0759246 0.536183
0.0181893 9.9991E-05 0.324516 0.508284 0.148911
9.9991E-05 0.140454 0.145826 0.332677 0.380943
9.9991E-05 0.0571248 0.348888 0.059061 0.534826
0.104864 0.197923 0.101167 0.158561 0.437486
9.9991E-05 0.039736 0.26952 0.308629 0.382016
9.9991E-05 0.0343823 0.32009 0.131448 0.51398
9.9991E-05 0.0960083 0.152435 0.256742 0.494715
0.0333592 9.9991E-05 0.21951 0.201026 0.546004
0.01082 0.0968991 0.16325 0.135989 0.593042
0.0769008 9.9991E-05 0.177866 0.10528 0.639852
0.112671 0.04773 0.118454 0.17856 0.542585
0.76717 0.0983799 9.9982E-05 9.9982E-05 0.13425
0.859408 0.0211845 9.9982E-05 9.9982E-05 0.119208
0.77194 9.9991E-05 0.0613997 0.0665727 0.0999876
0.796272 0.0264509 0.0280516 0.0808498 0.0683758
0.849714 9.9973E-05 9.9973E-05 9.9973E-05 0.149986
0.0174422 0.0666463 0.601164 0.0982041 0.216543
9.9991E-05 0.161856 0.195411 0.221937 0.420696
0.211526 0.247401 0.00243693 0.0903082 0.448327
0.0751554 0.0465643 0.150081 9.9991E-05 0.7281
0.0121894 0.0138542 0.294904 0.131492 0.547561
0.0201547 0.100894 0.339451 0.267878 0.271622
0.174594 9.9982E-05 0.634638 0.190568 9.9982E-05
0.0176921 0.0389265 0.362805 0.0320967 0.548479
0.0394101 0.0745059 0.526073 0.184109 0.175902
0.0635032 0.123653 0.175789 0.261723 0.375332
0.134801 0.0319543 0.54504 0.148395 0.13981
0.148551 0.0696269 0.204645 9.9991E-05 0.577077
0.069779 9.9991E-05 0.550739 0.16137 0.218012
9.9991E-05 0.0979007 0.287192 0.238743 0.376064
0.0328459 0.122204 0.118256 0.220679 0.506014
0.0591647 0.0285696 0.0686862 0.549042 0.294538
0.110303 9.9982E-05 9.9982E-05 0.222303 0.667194
0.154798 9.9991E-05 0.0630057 0.184193 0.597904
0.0471066 9.9991E-05 0.11466 0.436389 0.401744
0.138335 0.0524309 0.010412 0.2463 0.552522
0.0444575 9.9982E-05 9.9982E-05 0.338349 0.616993
9.9982E-05 9.9982E-05 0.114096 0.728783 0.156921
0.0251403 9.9982E-05 9.9982E-05 0.659021 0.315639
0.0608952 9.9982E-05 9.9982E-05 0.337762 0.601143
0.0462922 9.9991E-05 0.160145 0.58896 0.204503
0.0312389 9.9991E-05 0.126864 0.303794 0.538003
9.9991E-05 0.03236 0.668964 0.162634 0.135942
9.9991E-05 0.0281502 0.35225 0.342717 0.276783
0.0290064 0.0740604 0.456804 0.0822923 0.357836
0.0719007 0.0580693 0.222064 0.0141777 0.633789
9.9991E-05 0.00996682 0.528522 0.142322 0.31909
0.0852017 0.121168 0.168414 0.08758 0.537636
0.0575189 0.138596 0.245892 0.012559 0.545435
0.0656748 0.139851 0.199905 0.194213 0.400356
9.9991E-05 0.121543 0.276064 0.0351683 0.567124
9.9991E-05 0.093633 0.382889 0.131894 0.391484
9.9991E-05 0.0641483 0.54886 0.106182 0.28071
0.00260289 0.17058 0.396234 0.116211 0.314372
9.9991E-05 0.0450457 0.225037 0.068829 0.660989
0.0768531 0.0366999 0.183369 0.140463 0.562615
0.0804944 0.0286793 0.233103 0.229488 0.428235
9.9991E-05 0.0807314 0.304418 0.0741883 0.540563
0.066923 0.0443915 0.444516 0.0710435 0.373126
0.0749891 9.9982E-05 0.202021 9.9982E-05 0.72279
0.0244487 0.059615 0.294673 0.0541044 0.567158
0.138166 0.109087 0.174453 9.9991E-05 0.578194
0.390508 0.124651 0.0199608 0.0405613 0.424319
0.102283 0.275031 9.9991E-05 0.147453 0.475133
0.166173 0.121289 0.0758709 0.107422 0.529245
0.0486901 0.160083 0.158333 0.0619267 0.570967
0.174849 0.260444 9.9991E-05 0.122714 0.441893
9.9991E-05 0.130443 0.253607 0.184887 0.430963
0.175099 0.125903 0.250153 9.9991E-05 0.448745
0.284406 0.207871 0.0115465 0.496076 9.9991E-05
0.131595 0.165877 0.132758 0.0203204 0.54945
0.121661 0.121133 0.136967 0.0429749 0.577263
0.044649 0.295255 0.0421463 0.133426 0.484523
0.210296 0.139828 0.111705 0.204999 0.333172
0.121078 0.199813 9.9991E-05 0.161398 0.517611
0.138906 0.193755 9.9991E-05 0.115456 0.551783
0.525934 0.200719 9.9982E-05 0.273147 9.9982E-05
0.184505 0.265946 9.9991E-05 0.0384666 0.510982
0.177493 0.208083 0.0594253 0.0290416 0.525957
0.0725657 0.156952 0.0881922 0.100746 0.581544
0.209144 0.214839 9.9991E-05 0.043975 0.531942
0.152988 0.192787 0.0327357 0.104288 0.517201
0.00807151 0.133887 0.0471338 0.344053 0.466855
0.168838 0.00899194 0.0623708 0.120616 0.639183
9.9982E-05 9.9982E-05 0.0839525 0.800062 0.115786
9.9982E-05 9.9982E-05 0.116605 0.807444 0.075751
0.0142816 0.203586 0.0240744 0.378738 0.379319
0.164098 0.348558 0.00119357 0.109409 0.376741
0.0741577 0.405907 9.9991E-05 0.249797 0.270039
0.224865 0.331779 9.9991E-05 0.311524 0.131732
0.187901 0.289829 9.9991E-05 0.12182 0.40035
0.119269 0.167422 9.9991E-05 0.639682 0.0735271
0.146864 0.127401 9.9991E-05 0.573413 0.152223
0.00961301 0.164105 0.0149064 0.275597 0.535779
0.0495136 0.121362 0.0329089 0.309987 0.486229
0.112195 0.164012 9.9991E-05 0.563248 0.160445
0.0893127 0.122823 0.0642513 0.165454 0.558159
0.0631763 0.0553796 0.0210453 0.224989 0.63541
0.0930122 0.158418 0.0639462 0.226035 0.458588
0.0120079 9.9991E-05 0.0767001 0.525692 0.3855
9.9991E-05 0.0535848 0.103472 0.440581 0.402262
0.0603162 0.0590922 0.0270557 0.274223 0.579313
0.112427 0.0285918 0.0581507 0.345895 0.454936
0.158517 0.0728846 0.0234343 0.244225 0.500939
0.0383293 9.9991E-05 0.0551524 0.388056 0.518362
9.9982E-05 9.9982E-05 0.114607 0.557354 0.327839
0.0294193 0.0308195 9.9991E-05 0.296031 0.64363
9.9991E-05 0.020261 0.0784315 0.656734 0.244474
0.0103731 0.0221364 0.0282457 0.414484 0.524761
0.0206593 0.116187 0.00846701 0.272609 0.582078
9.9991E-05 0.0336167 0.0766259 0.322376 0.567281
0.201649 0.17516 9.9991E-05 0.114468 0.508623
0.205788 0.147167 0.103753 0.113178 0.430114
0.171657 0.279033 0.123957 0.12313 0.302222
0.171446 0.260971 0.147424 0.0713085 0.34885
0.170436 0.221075 0.0830176 0.115594 0.409877
0.184967 0.165864 0.0281282 0.163868 0.457173
0.210899 0.212444 9.9982E-05 0.576457 9.9982E-05
0.0649357 0.258507 0.0911379 0.0128866 0.572533
0.399688 0.18108 9.9982E-05 0.419032 9.9982E-05
0.0572019 0.226558 9.9991E-05 0.177906 0.538234
9.9973E-05 9.9973E-05 9.9973E-05 0.786978 0.212722
0.00874779 0.0193042 0.0509229 0.91084 0.0101846
9.9991E-05 0.027785 0.0154873 0.430833 0.525794
0.0351666 0.024087 9.9991E-05 0.206259 0.734387
9.9982E-05 9.9982E-05 0.0578981 0.456157 0.485745
9.9991E-05 0.0168145 0.0261719 0.343381 0.613533
9.9991E-05 0.0517969 0.00346909 0.330769 0.613865
0.850454 0.0243523 0.0109854 9.9991E-05 0.114109
0.694319 0.124792 0.180689 9.9982E-05 9.9982E-05
0.914145 0.0632783 0.0223766 9.9982E-05 9.9982E-05
0.922389 9.9973E-05 9.9973E-05 9.9973E-05 0.0773113
0.0955475 9.9991E-05 0.037274 0.2146 0.652479
0.0702248 9.9991E-05 0.123702 0.235055 0.570918
9.9982E-05 9.9982E-05 0.0463695 0.289916 0.663515
0.119113 0.0264632 0.0299627 0.102327 0.722134
0.0419209 0.073136 0.130078 0.220102 0.534764
0.0467834 9.9991E-05 0.153674 0.420793 0.37865
0.0414866 9.9991E-05 0.0332832 0.207074 0.718057
9.9973E-05 9.9973E-05 9.9973E-05 0.526131 0.473569
0.290605 0.181811 0.0476096 9.9991E-05 0.479875
9.9991E-05 0.0646881 0.09756 0.382619 0.455033
9.9982E-05 9.9982E-05 0.155768 0.343032 0.501
9.9982E-05 9.9982E-05 0.0655867 0.230736 0.703477
0.0103506 9.9991E-05 0.117449 0.326277 0.545824
9.9973E-05 9.9973E-05 9.9973E-05 0.324512 0.675188
0.0397818 9.9982E-05 9.9982E-05 0.305205 0.654813
9.9973E-05 9.9973E-05 9.9973E-05 0.782794 0.216906
0.00239073 9.9991E-05 0.0618304 0.490405 0.445274
0.0243408 9.9991E-05 0.0627774 0.480697 0.432085
9.9973E-05 9.9973E-05 9.9973E-05 0.98806 0.0116404
0.0241173 0.0936141 0.144414 0.279018 0.458837
9.9991E-05 0.00929874 0.0460049 0.696166 0.24843
0.0198524 9.9982E-05 0.00224975 0.977698 9.9982E-05
0.0774956 0.0463812 0.0196791 0.223037 0.633407
0.042272 9.9991E-05 0.19129 0.469519 0.296819
9.9991E-05 0.0689978 0.135376 0.263432 0.532094
0.095702 0.0918002 9.9991E-05 0.208093 0.604305
9.9982E-05 9.9982E-05 0.161741 0.172428 0.665631
9.9991E-05 0.0845605 0.354011 0.184619 0.376709
0.0145477 9.9991E-05 0.182819 0.182588 0.619946
0.0133499 0.029516 0.143536 0.321059 0.492539
9.9982E-05 9.9982E-05 0.00537237 0.465308 0.529119
0.0454096 0.0813835 0.0531037 0.24669 0.573414
0.660117 9.9991E-05 0.315834 0.0111157 0.0128335
0.774551 9.9991E-05 0.13608 0.0372404 0.0520287
0.829984 9.9982E-05 0.148043 0.0217726 9.9982E-05
0.851534 9.9982E-05 0.139479 0.00878686 9.9982E-05
0.760114 9.9982E-05 0.19544 9.9982E-05 0.044246
9.9991E-05 0.00376948 0.278566 0.459906 0.257658
0.025823 9.9991E-05 0.126279 0.563344 0.284453
9.9973E-05 9.9973E-05 9.9973E-05 0.655185 0.344515
0.0986567 0.0314775 0.0424559 0.155678 0.671732
0.0540813 0.105156 0.134064 0.167415 0.539283
9.9982E-05 0.032338 9.9982E-05 0.57666 0.390802
0.0681849 9.9991E-05 0.020257 0.212701 0.698757
9.9973E-05 9.9973E-05 9.9973E-05 0.432281 0.567419
0.00231749 9.9991E-05 0.186338 0.138036 0.673209
0.00974079 0.0680154 0.0470133 0.171325 0.703905
9.9991E-05 0.00509726 0.227008 0.40658 0.361215
9.9982E-05 9.9982E-05 0.156844 0.331547 0.51141
9.9982E-05 9.9982E-05 0.259104 0.275971 0.464725
0.050518 0.0641125 0.0853646 0.170594 0.629411
9.9982E-05 9.9982E-05 0.0789915 0.365762 0.555047
0.0195469 9.9991E-05 0.0864363 0.268154 0.625763
0.044884 0.464082 0.0616854 9.9991E-05 0.429249
0.167784 0.41857 0.045526 0.00954301 0.358577
0.136954 0.404674 9.9982E-05 9.9982E-05 0.458172
0.146904 0.525126 0.00640814 0.0196466 0.301915
0.0747819 0.267097 0.0994673 0.0472571 0.511396
9.9982E-05 0.0102966 9.9982E-05 0.418477 0.571026
0.261642 0.696822 0.00374165 0.0173827 0.0204119
0.202688 0.424828 9.9991E-05 0.0115546 0.360829
0.15203 0.168943 0.00449145 0.260161 0.414376
0.206632 9.9991E-05 0.0528895 0.12273 0.617649
0.167241 0.0621736 0.114269 0.230962 0.425355
0.123094 0.0359521 0.078874 0.0948794 0.6672
0.140315 9.9991E-05 0.0314231 0.118271 0.709891
0.215367 0.486127 9.9982E-05 9.9982E-05 0.298306
0.11561 0.388209 0.0724589 9.9991E-05 0.423622
0.073045 0.539607 9.9982E-05 9.9982E-05 0.387148
0.117585 0.272119 9.9991E-05 0.122261 0.487934
0.162477 0.497793 9.9991E-05 0.0177615 0.321869
0.142048 0.335908 0.0188112 0.0864293 0.416803
0.128153 0.60564 0.011101 0.0476865 0.20742
0.0882648 0.452252 0.0417918 0.0813592 0.336332
0.105398 0.00218258 9.9991E-05 0.271298 0.621021
0.194539 0.320596 0.0410978 9.9991E-05 0.443667
0.177782 0.608873 9.9982E-05 9.9982E-05 0.213145
0.101924 0.407309 0.0479915 0.100478 0.342298
0.21229 9.9991E-05 0.225693 0.331172 0.230746
9.9991E-05 0.164425 0.0782379 0.207965 0.549272
0.176801 0.323649 0.105363 9.9991E-05 0.394087
0.121929 0.0259495 0.0874082 0.101009 0.663704
0.191696 9.9991E-05 0.0385548 0.157675 0.611975
0.202939 0.296627 0.018252 0.164436 0.317746
0.278727 0.277455 0.000668247 0.131793 0.311357
0.120686 0.118593 0.0527368 0.035414 0.67257
0.137763 0.331111 0.00153794 0.0252434 0.504345
0.107164 0.459584 9.9982E-05 9.9982E-05 0.433051
0.205003 0.641336 9.9991E-05 0.0130478 0.140513
0.163191 0.0563684 0.0401349 0.0864071 0.653899
0.199533 9.9991E-05 0.101323 0.174273 0.524771
0.174956 0.081045 9.9991E-05 0.609598 0.134301
0.138599 0.113079 0.042788 0.0870531 0.618481
0.112913 0.0743641 0.300851 0.0569035 0.454969
0.244389 0.108623 9.9991E-05 0.0817888 0.565099
0.177255 0.0644259 0.0605241 0.152762 0.545033
0.356967 0.235861 9.9982E-05 0.406972 9.9982E-05
0.396764 0.173185 9.9982E-05 0.42985 9.9982E-05
0.214923 0.114095 0.0104689 0.360065 0.300448
0.349097 0.24044 0.0333939 0.37697 9.9991E-05
0.455993 0.251588 9.9982E-05 0.292219 9.9982E-05
0.121561 0.191127 0.0530115 0.297559 0.336741
0.226792 0.138807 9.9991E-05 0.222767 0.411535
0.332354 0.184782 9.9991E-05 0.306626 0.176138
0.369755 0.14808 9.9991E-05 0.339314 0.14275
0.0795705 0.229058 0.0554732 0.186052 0.449846
0.298733 0.167192 9.9991E-05 0.420428 0.113547
0.504501 0.103029 9.9982E-05 0.39227 9.9982E-05
0.0888863 0.287605 0.176037 0.0223187 0.425152
0.170467 0.245584 0.0572079 0.14974 0.377002
0.30243 0.140946 0.0373479 0.00947533 0.509802
0.19402 0.265385 9.9982E-05 9.9982E-05 0.540395
0.179532 0.166353 9.9991E-05 0.110043 0.543971
0.212704 0.225906 9.9991E-05 0.00619378 0.555096
0.398264 0.182091 0.0529698 9.9991E-05 0.366576
0.254421 0.175758 9.9982E-05 9.9982E-05 0.569622
0.270355 0.239911 0.0269371 9.9991E-05 0.462697
0.309982 0.24352 9.9991E-05 0.0893068 0.357092
0.160687 0.134757 0.143678 0.179899 0.38098
0.145176 0.139285 0.110815 0.0944402 0.510283
0.231376 0.102195 0.00945791 0.0134302 0.643541
0.113485 0.128675 0.0029335 0.114445 0.640462
0.272295 0.300415 0.0782496 0.0487925 0.300248
0.246506 0.154889 9.9991E-05 0.114017 0.484489
0.399974 0.213559 9.9991E-05 0.20171 0.184658
0.182172 0.167965 0.10091 0.00778826 0.541166
0.270464 0.289658 9.9991E-05 0.173847 0.26593
0.797763 0.00573268 0.115655 0.0672244 0.0136249
0.0757131 9.9982E-05 0.836499 9.9982E-05 0.0875881
9.997E-05 9.997E-05 0.9996 9.997E-05 9.997E-05
9.997E-05 9.997E-05 0.9996 9.997E-05 9.997E-05
9.9973E-05 9.9973E-05 0.942301 9.9973E-05 0.0573993
9.9973E-05 0.0413334 0.958367 9.9973E-05 9.9973E-05
9.9973E-05 9.9973E-05 0.940325 9.9973E-05 0.0593753
0.0170904 9.9973E-05 0.98261 9.9973E-05 9.9973E-05
0.145375 9.9973E-05 0.854326 9.9973E-05 9.9973E-05
0.907637 0.00607068 0.0391454 9.9991E-05 0.0470472
0.803222 0.0248903 0.1543 9.9991E-05 0.0174875
0.858169 0.0519374 0.0324803 0.028676 0.0287374
0.827783 9.9991E-05 0.102326 0.0176934 0.0520975
0.90237 0.0498638 0.0174988 9.9991E-05 0.0301678
0.894835 0.00661627 0.0457826 0.0526657 9.9991E-05
0.705142 0.184246 0.101628 9.9991E-05 0.00888414
0.845975 0.0542706 9.9991E-05 0.0050111 0.0946434
0.723411 0.0400802 0.167717 9.9991E-05 0.0686923
0.917515 0.0595843 9.9991E-05 0.0069339 0.0158668
0.94872 9.9973E-05 0.05098 9.9973E-05 9.9973E-05
0.850166 0.0537807 0.0481578 0.0175373 0.0303584
0.941429 0.0278648 0.0159682 9.9991E-05 0.0146376
0.935524 9.9973E-05 9.9973E-05 9.9973E-05 0.0641759
0.868151 0.0629868 0.0201073 9.9991E-05 0.0486552
0.858503 0.0449311 9.9982E-05 9.9982E-05 0.096366
0.783478 0.140481 9.9982E-05 9.9982E-05 0.075841
0.771753 0.136461 9.9982E-05 9.9982E-05 0.0915863
0.840321 0.0148553 9.9982E-05 9.9982E-05 0.144624
0.190893 9.9991E-05 0.0775271 0.279393 0.452087
0.119522 9.9991E-05 0.00874615 0.12646 0.745172
0.137702 0.0852715 0.0296847 0.160149 0.587193
0.101573 0.0258618 0.00354014 0.662084 0.206941
0.141232 0.00691347 0.0944821 0.191567 0.565806
0.248753 9.9982E-05 9.9982E-05 0.583371 0.167676
0.163929 0.0388187 9.9991E-05 0.140943 0.656209
0.124813 9.9991E-05 0.159186 0.206755 0.509147
0.164196 9.9991E-05 0.0713196 0.189874 0.574511
9.9982E-05 9.9982E-05 0.131428 0.247657 0.620715
0.155711 9.9991E-05 0.0952735 0.22333 0.525586
0.0900446 0.00604365 9.9991E-05 0.257262 0.64655
0.0772958 9.9991E-05 0.168169 0.0763376 0.678097
9.9991E-05 0.06716 0.523875 0.341385 0.0674795
0.105296 9.9982E-05 0.100635 0.793869 9.9982E-05
0.15061 0.0184156 0.00331175 0.665936 0.161727
0.145985 0.0873875 0.0517171 0.0902198 0.624691
0.147438 0.0202719 0.0514219 0.202159 0.578709
0.173876 9.9982E-05 9.9982E-05 0.288191 0.537733
0.0631994 0.0658097 9.9991E-05 0.162899 0.707992
0.259774 0.137471 0.00367989 0.0646825 0.534392
0.186949 0.068539 0.0904749 9.9991E-05 0.653937
0.438371 0.134612 0.134253 0.14428 0.148484
0.124586 0.056485 0.138062 0.0417618 0.639105
0.246664 0.138499 0.0412453 0.0868138 0.486779
0.438444 0.201397 9.9982E-05 0.359959 9.9982E-05
0.316904 0.163228 9.9991E-05 0.0768846 0.442883
0.359986 0.173766 0.11389 0.0393984 0.312959
0.352214 0.0603888 0.0955091 9.9991E-05 0.491788
0.113188 0.232742 0.144115 0.0269233 0.483031
0.180868 0.213441 0.048675 0.00105473 0.555961
0.139989 0.171443 0.086665 0.0565689 0.545334
0.176324 0.186321 9.9991E-05 0.282232 0.355023
0.501991 0.114016 0.00881666 0.00435946 0.370817
