0.0338898 9.9973E-05 0.918006 0.0345854 9.9973E-05 0.0132194 9.9973E-05
9.9955E-05 9.9955E-05 0.972154 9.9955E-05 9.9955E-05 0.0273458 9.9955E-05
0.0360294 0.0287101 0.858903 0.0138332 0.0556152 9.9991E-05 0.00680872
9.9964E-05 9.9964E-05 0.823603 0.140118 0.0358788 9.9964E-05 9.9964E-05
9.9964E-05 9.9964E-05 0.904416 0.0760208 0.0191638 9.9964E-05 9.9964E-05
0.014297 0.035622 0.655832 0.0944036 0.084852 9.9991E-05 0.114894
9.999E-05 0.0114139 0.801148 0.0162191 0.0454538 0.00483862 0.120827
0.00148507 9.9991E-05 0.729864 0.0485072 0.108593 0.00401727 0.107434
9.99729E-05 9.99729E-05 0.823443 9.99729E-05 0.0175859 0.140862 0.0178094
0.0176128 9.9982E-05 0.744936 0.0624692 0.0562202 9.9982E-05 0.118562
9.9982E-05 9.9982E-05 0.747713 0.105298 0.044463 0.0134904 0.0888352
0.0109461 0.0345781 0.0218951 0.246182 9.9991E-05 0.637591 0.0487076
0.0518754 0.0172903 0.0589435 0.532057 9.9991E-05 0.334535 0.00519876
0.0564024 0.0155657 0.000863021 0.225786 9.9991E-05 0.668857 0.0324258
0.106444 0.0122819 0.0374724 0.261078 9.9991E-05 0.562873 0.0197505
0.101555 0.0135489 0.087516 0.422534 9.9991E-05 0.347726 0.0270195
0.0383653 9.9973E-05 9.9973E-05 0.585079 9.9973E-05 0.280656 0.0955994
0.0774928 0.0621382 0.00468109 0.426444 9.9991E-05 0.364468 0.0646766
0.0716328 9.9982E-05 0.112149 0.233758 9.9982E-05 0.560228 0.0220317
9.9982E-05 0.00207574 0.0329953 0.00907614 9.9982E-05 0.848563 0.10709
0.032207 0.0904555 0.0333868 0.414102 9.9991E-05 0.342946 0.0868033
0.0559114 0.0087518 0.0202806 0.449365 9.9991E-05 0.219668 0.245924
0.0610221 0.107186 0.0156511 0.482108 0.0321536 0.301779 9.9991E-05
0.0613057 0.031513 0.0480998 0.212962 9.9991E-05 0.599146 0.0468738
0.0504232 9.9991E-05 0.105841 0.634033 0.0214915 0.171345 0.0167668
0.0450376 0.0358784 0.0211311 0.508464 9.9991E-05 0.354502 0.0348867
0.0318624 0.0100265 0.0279164 0.196992 9.9991E-05 0.670961 0.0621414
0.087268 0.0441393 0.0402817 0.24494 9.9991E-05 0.559101 0.0241706
9.9982E-05 0.0652232 0.00447514 0.215479 9.9982E-05 0.608103 0.10652
0.00715733 9.9964E-05 0.894807 0.0976357 9.9964E-05 9.9964E-05 9.9964E-05
9.9955E-05 9.9955E-05 0.882594 0.116906 9.9955E-05 9.9955E-05 9.9955E-05
0.10558 9.9982E-05 0.80043 0.0871584 0.00341842 0.00321357 9.9982E-05
0.0753208 9.9964E-05 0.764805 0.159475 9.9964E-05 9.9964E-05 9.9964E-05
9.999E-05 0.26181 0.0790267 0.479297 0.11835 0.0113545 0.0500613
0.0295342 0.319912 0.0737252 0.4874 9.9982E-05 0.0892294 9.9982E-05
0.042958 0.427315 9.9982E-05 0.501185 0.0206982 9.9982E-05 0.00764376
9.999E-05 0.0655866 0.0393062 0.157725 0.0300052 0.706648 0.000629693
9.9964E-05 0.551484 9.9964E-05 0.272399 9.9964E-05 9.9964E-05 0.175718
0.0393125 0.210357 0.0502702 0.531071 9.9982E-05 0.168789 9.9982E-05
9.9982E-05 0.182201 0.05307 0.674824 0.052034 9.9982E-05 0.0376715
9.9991E-05 0.0964053 0.123269 0.524517 0.0444257 0.0549902 0.156292
0.0277416 0.113981 0.0831193 0.574603 0.0125365 0.069094 0.118925
9.9973E-05 0.676127 0.0258798 0.111158 9.9973E-05 0.186535 9.9973E-05
0.00857858 9.9982E-05 0.0578082 0.670959 0.0525787 9.9982E-05 0.209875
0.0334807 0.220656 0.0784211 0.593029 0.0205165 9.9991E-05 0.0537962
0.0193246 0.128707 0.134886 0.558353 0.0343126 0.0374621 0.0869549
9.9964E-05 0.593372 9.9964E-05 0.30961 9.9964E-05 9.9964E-05 0.0966182
0.0408572 0.289123 0.0650822 0.578834 0.0111879 0.014816 9.9991E-05
0.0728481 0.205139 0.128458 0.496449 0.0358132 9.9991E-05 0.0611933
9.9964E-05 0.574379 9.9964E-05 9.9964E-05 0.0183563 9.9964E-05 0.406865
9.9982E-05 0.0842898 9.9982E-05 0.153926 0.0682198 0.594886 0.0984784
0.0485107 0.0631659 0.00224 0.161272 9.9991E-05 0.345095 0.379616
0.0386361 9.9991E-05 0.0960809 0.570608 0.0234394 0.185504 0.0856321
0.102222 0.0214968 0.0810888 0.554919 0.00971569 0.109653 0.120905
0.0673086 0.0310866 0.0606294 0.594385 9.9991E-05 0.186852 0.059639
9.9991E-05 0.0839764 0.129136 0.177391 0.0798042 0.484461 0.0451313
9.9973E-05 0.0476297 9.9973E-05 0.56372 0.0545359 0.333814 9.9973E-05
0.0435236 0.0956131 0.0481054 0.545259 9.9991E-05 0.228914 0.0384849
0.0252727 0.100655 0.0965792 0.380476 0.0564801 0.252 0.0885377
0.00961154 0.0811922 0.162597 0.113532 0.0289236 0.51885 0.0852931
0.0203657 0.105 0.0830564 0.542444 9.9991E-05 0.186967 0.0620669
0.0159219 0.107205 0.0713572 0.46469 0.00324761 0.309141 0.0284367
9.9991E-05 0.107559 0.0904456 0.0559685 0.00549439 0.595935 0.144498
9.9982E-05 0.0651617 9.9982E-05 0.411407 0.00859997 0.45663 0.0580021
0.0517343 0.022718 0.0379555 0.574873 0.011779 0.14626 0.154681
0.015344 0.0180674 0.0996826 0.625308 0.0242323 0.177379 0.0399872
0.0588683 0.10263 0.0836302 0.223058 9.9991E-05 0.483406 0.0483084
0.0808733 9.9991E-05 0.0193251 0.50958 0.068321 0.244378 0.0774225
0.0553065 0.0341544 0.0643705 0.564913 9.9991E-05 0.218666 0.0624893
9.9991E-05 0.06361 0.0551628 0.240436 0.0103646 0.540824 0.0895029
9.9982E-05 0.491183 0.0103051 0.448081 0.0454452 0.00478609 9.9982E-05
0.0176243 0.721094 0.0242024 0.124802 9.9982E-05 0.112078 9.9982E-05
0.0699388 0.298961 0.134319 0.443374 0.00741594 0.0251632 0.0208284
9.9955E-05 0.814669 9.9955E-05 9.9955E-05 9.9955E-05 9.9955E-05 0.184831
9.9955E-05 0.808114 9.9955E-05 9.9955E-05 9.9955E-05 9.9955E-05 0.191386
9.9964E-05 0.70764 9.9964E-05 0.197512 9.9964E-05 9.9964E-05 0.0944487
9.9982E-05 0.436798 0.0246905 0.440627 0.00931037 0.0883738 9.9982E-05
0.0919703 0.163888 0.0883454 0.520277 0.0435631 0.0477725 0.0441832
0.0402912 0.530245 9.9973E-05 0.411712 9.9973E-05 9.9973E-05 0.0174521
9.9982E-05 0.670381 0.035215 0.115962 0.00261862 0.175624 9.9982E-05
9.9973E-05 0.603056 9.9973E-05 0.210941 0.0454887 0.140215 9.9973E-05
0.0551854 0.296005 0.0720081 0.508289 0.026714 0.0246282 0.0171696
0.00827411 0.583781 0.0277056 0.301831 0.0674705 0.0108379 9.9991E-05
9.9982E-05 0.464993 0.0331252 0.442229 0.0132364 0.0462169 9.9982E-05
9.9964E-05 0.458743 9.9964E-05 0.448999 9.9964E-05 9.9964E-05 0.0918582
9.9955E-05 0.5998 9.9955E-05 9.9955E-05 9.9955E-05 9.9955E-05 0.3997
0.0306979 0.275979 0.0397504 0.611707 0.00862062 0.000817275 0.0324278
9.9973E-05 9.9973E-05 0.824779 0.10487 0.050278 0.0197729 9.9973E-05
9.9955E-05 9.9955E-05 0.923645 0.0758553 9.9955E-05 9.9955E-05 9.9955E-05
0.0515819 9.9964E-05 0.850136 0.0978823 9.9964E-05 9.9964E-05 9.9964E-05
0.0485961 9.9964E-05 0.91756 0.0334436 9.9964E-05 9.9964E-05 9.9964E-05
0.037479 0.0109058 0.951215 9.9964E-05 9.9964E-05 9.9964E-05 9.9964E-05
0.0354484 9.9973E-05 0.881172 0.0818172 0.00126268 9.9973E-05 9.9973E-05
9.9955E-05 9.9955E-05 0.918132 0.0813683 9.9955E-05 9.9955E-05 9.9955E-05
0.0117113 0.205344 0.126889 0.567131 0.0152824 0.0620374 0.0116052
0.0795413 0.155658 0.119823 0.534711 0.0321899 0.0470318 0.0310453
9.9991E-05 0.715269 0.0473765 0.00298576 0.0534601 0.158576 0.022233
0.0429669 0.201515 0.112257 0.529073 0.030449 0.0371258 0.0466136
9.9982E-05 0.468867 0.0466311 0.34175 0.0218603 0.120692 9.9982E-05
0.00261934 0.326275 0.078639 0.544043 0.00987281 0.0384507 9.9991E-05
0.0142365 0.236132 0.0226248 0.570796 9.9991E-05 0.0485225 0.107588
0.0359625 0.413215 0.016019 0.474393 0.0179228 0.0313449 0.011142
9.9973E-05 0.690843 0.0317401 9.9973E-05 0.0439909 0.233126 9.9973E-05
0.00770291 0.22818 0.137216 0.506411 0.0737733 0.0466167 9.9991E-05
9.9982E-05 0.15854 0.0841243 0.647973 0.0112526 0.0979107 9.9982E-05
0.0418528 0.165203 0.102729 0.548131 0.0295976 0.0922372 0.020249
0.0300773 0.525085 9.9982E-05 0.209571 9.9982E-05 0.00932257 0.225744
0.0161025 0.439779 9.9973E-05 0.471188 9.9973E-05 9.9973E-05 0.0726303
9.9982E-05 0.407171 0.00128867 0.444861 0.0221318 0.124348 9.9982E-05
0.0172944 0.553321 9.9973E-05 0.358874 9.9973E-05 9.9973E-05 0.0702109
9.9982E-05 0.374595 0.0487226 0.407013 0.0277325 0.141737 9.9982E-05
0.027615 0.203256 0.0961296 0.555406 0.020861 0.0421604 0.0545721
0.0307365 9.9991E-05 0.018563 0.29859 0.0241318 0.397501 0.230378
9.9991E-05 0.022428 0.105155 0.429484 0.0503412 0.341916 0.0505758
0.0577206 0.0226691 0.121934 0.552318 0.0114259 0.207029 0.0269034
0.0753169 0.0379202 0.12641 0.533307 0.0279793 0.113375 0.0856922
0.00615464 0.0319348 0.0361893 0.482296 0.0346314 0.406634 0.00215978
0.0431607 9.9973E-05 0.0297688 0.594683 9.9973E-05 0.332087 9.9973E-05
0.00156777 0.0277932 0.0664088 0.444878 0.058561 0.400691 9.9991E-05
0.057588 0.063006 0.0562914 0.48724 0.0582451 0.130966 0.146663
0.0507788 0.0147149 0.0516129 0.565373 0.0775629 0.221271 0.0186866
9.9991E-05 0.0267609 0.0477377 0.551793 0.0323578 0.260005 0.0812454
9.9991E-05 0.0125679 0.0350011 0.578137 0.0451634 0.299054 0.0299762
0.0708367 9.9991E-05 0.0505317 0.635055 0.0222873 0.166721 0.0544681
0.0392777 9.9991E-05 0.0978945 0.634415 0.0557369 0.0660827 0.106494
0.0479107 0.0171032 9.9991E-05 0.602272 0.010147 0.208544 0.113922
0.0716748 0.0142749 0.0592271 0.578167 0.0607915 0.100898 0.114966
0.0388773 9.9982E-05 9.9982E-05 0.60523 0.066864 0.18847 0.100359
0.0605583 9.9991E-05 0.0879436 0.322301 0.0257544 0.290837 0.212506
0.00943889 9.9982E-05 0.0861909 0.627088 9.9982E-05 0.206695 0.0703878
0.00384009 9.9991E-05 0.0232721 0.663444 0.0447964 0.165393 0.0991543
9.9991E-05 0.0867455 0.0268902 0.213697 0.0246185 0.614588 0.0333616
0.038696 0.0272115 9.9991E-05 0.169005 0.0422835 0.336803 0.385901
0.0195738 0.0555385 0.0868015 0.508812 0.0325287 0.194532 0.102213
9.9973E-05 0.0823905 9.9973E-05 0.092135 9.9973E-05 0.385255 0.439919
9.9991E-05 0.0186697 0.00487036 0.346213 0.00706413 0.592185 0.0308973
9.9973E-05 0.0462276 9.9973E-05 0.417462 0.0112021 0.524809 9.9973E-05
9.9973E-05 0.0635673 9.9973E-05 0.354615 0.0427647 0.538753 9.9973E-05
9.9982E-05 0.0345105 9.9982E-05 0.321539 0.0391407 0.55161 0.0529999
9.9991E-05 0.0288338 0.0667991 0.58848 0.0316707 0.19908 0.0850362
0.0607563 0.0677371 0.092701 0.552402 0.0160636 0.179994 0.0303463
0.0442045 0.0550175 0.0216949 0.579578 9.9991E-05 0.266592 0.0328135
0.0152894 0.0069679 9.9982E-05 0.173536 9.9982E-05 0.493051 0.310956
0.0344154 0.0955698 0.157808 0.515231 0.0157853 0.088005 0.0931854
0.00578764 0.0430602 0.0781747 0.52108 0.0615102 9.9991E-05 0.290288
9.9982E-05 0.0693057 0.0977704 9.9982E-05 0.0555048 0.0671425 0.710076
0.0313061 0.00201993 0.0949696 0.690977 9.9991E-05 0.0568552 0.123773
0.0401111 0.109654 0.0672781 0.312032 0.0226533 0.0858781 0.362393
0.0461204 0.024085 0.112339 0.538102 0.0103916 0.0241098 0.244852
9.9991E-05 0.0590622 0.0588943 0.262211 0.124317 0.022229 0.473186
9.9991E-05 0.0770045 0.0494899 0.115462 0.0890247 0.0781075 0.590812
0.0333093 0.0463775 0.0268097 0.404927 0.0832029 0.075168 0.330205
0.0389126 0.0785322 0.119397 0.483896 0.0856583 0.0170975 0.176507
0.0425143 0.0912071 0.164265 0.399489 0.0323153 0.10141 0.1688
0.0823171 0.12576 0.0446686 0.0886291 9.9991E-05 0.183143 0.475382
0.0790957 0.00839221 0.0840051 0.528413 0.0614186 0.0860429 0.152632
9.9982E-05 0.0403014 9.9982E-05 0.346826 0.0119635 0.117439 0.48327
9.9982E-05 0.0833274 9.9982E-05 0.444902 0.00773063 0.14782 0.31602
0.036277 0.0217455 0.0869309 0.621968 0.0929957 9.9991E-05 0.139983
0.225991 9.9982E-05 0.377317 0.139736 0.00310111 9.9982E-05 0.253655
0.115163 9.9964E-05 0.493734 9.9964E-05 9.9964E-05 9.9964E-05 0.390704
0.127129 9.9964E-05 0.459412 9.9964E-05 9.9964E-05 9.9964E-05 0.413059
0.264911 9.9991E-05 0.339608 0.107498 0.00510818 0.0256752 0.2571
9.9973E-05 0.0916742 9.9973E-05 0.604977 9.9973E-05 0.086965 0.216084
0.0102352 0.0807446 0.106886 0.649426 0.0137033 0.047163 0.0918418
0.69239 0.0186145 9.9964E-05 0.288596 9.9964E-05 9.9964E-05 9.9964E-05
0.412404 0.0420961 0.00913968 0.433346 9.9991E-05 0.0845703 0.0183439
0.411684 0.0466789 0.065852 0.323848 0.03555 0.0639835 0.0524034
9.9982E-05 0.0315827 9.9982E-05 0.302963 0.0300974 0.0633537 0.571804
0.0495259 0.069726 0.102471 0.497712 0.0420749 0.110887 0.127603
9.9973E-05 9.9973E-05 9.9973E-05 0.280534 0.000140356 0.133992 0.585034
9.9973E-05 9.9973E-05 0.0596258 0.606359 0.0320595 9.9973E-05 0.301655
9.9991E-05 0.00502133 0.047117 0.502685 0.0460188 0.0628111 0.336247
9.9973E-05 0.00968299 9.9973E-05 0.620652 0.0243398 9.9973E-05 0.345026
9.9973E-05 0.00388174 9.9973E-05 0.268988 0.0527648 9.9973E-05 0.674065
0.0372568 9.9982E-05 0.0571324 0.66724 0.0579996 9.9982E-05 0.180172
9.9991E-05 0.0257126 0.118245 0.603568 0.00312556 0.0707378 0.178511
0.960247 9.9964E-05 9.9964E-05 0.0237576 0.0155951 9.9964E-05 9.9964E-05
0.912857 9.9973E-05 9.9973E-05 0.050524 9.9973E-05 0.032724 0.00359554
0.54442 0.0521687 0.0645539 0.288205 0.00764392 0.0429093 9.9991E-05
0.609029 9.9973E-05 9.9973E-05 0.37926 0.00956377 0.0018479 9.9973E-05
0.838906 0.0289157 9.9973E-05 0.124006 9.9973E-05 0.00787185 9.9973E-05
0.9994 9.995E-05 9.995E-05 9.995E-05 9.995E-05 9.995E-05 9.995E-05
0.954795 9.9955E-05 9.9955E-05 9.9955E-05 9.9955E-05 0.0447052 9.9955E-05
0.858875 0.00981166 9.9964E-05 0.130913 9.9964E-05 9.9964E-05 9.9964E-05
0.925464 9.9964E-05 9.9964E-05 9.9964E-05 0.0351765 0.0389599 9.9964E-05
0.9994 9.995E-05 9.995E-05 9.995E-05 9.995E-05 9.995E-05 9.995E-05
0.9994 9.995E-05 9.995E-05 9.995E-05 9.995E-05 9.995E-05 9.995E-05
0.751327 0.0135796 0.00522317 0.22957 9.9973E-05 9.9973E-05 9.9973E-05
0.803282 9.9982E-05 0.0313061 0.0938762 0.0221809 0.049155 9.9982E-05
0.9994 9.995E-05 9.995E-05 9.995E-05 9.995E-05 9.995E-05 9.995E-05
0.380613 0.0311779 0.0647147 0.354732 0.0226887 0.107539 0.0385347
0.626305 9.9973E-05 0.0493779 0.289686 0.0343316 9.9973E-05 9.9973E-05
0.823158 9.9964E-05 0.047868 0.128575 9.9964E-05 9.9964E-05 9.9964E-05
0.9119 0.0104683 9.9982E-05 0.0668674 0.00883443 0.00173002 9.9982E-05
0.9994 9.995E-05 9.995E-05 9.995E-05 9.995E-05 9.995E-05 9.995E-05
0.955926 9.9964E-05 0.0120305 0.0316438 9.9964E-05 9.9964E-05 9.9964E-05
0.9994 9.995E-05 9.995E-05 9.995E-05 9.995E-05 9.995E-05 9.995E-05
0.633117 0.0134992 0.0633647 0.258818 0.031001 9.9982E-05 9.9982E-05
0.951248 0.0216066 0.00489033 9.9973E-05 9.9973E-05 0.0219551 9.9973E-05
0.0575505 9.9964E-05 0.299823 9.9964E-05 9.9964E-05 9.9964E-05 0.642226
0.0752655 0.0165911 0.1994 0.362406 0.0415887 0.0391741 0.265574
0.0498644 9.9982E-05 0.154035 0.457362 0.0558456 9.9982E-05 0.282693
0.0934089 9.9982E-05 0.178745 0.197352 0.0416267 9.9982E-05 0.488667
0.123977 0.0506122 0.169064 0.45203 0.0294265 0.0383289 0.136561
0.138915 9.9973E-05 0.232221 0.115314 9.9973E-05 9.9973E-05 0.51325
0.103443 9.9991E-05 0.165751 0.406967 0.0175864 0.116243 0.18991
0.12238 9.9982E-05 0.182914 0.315952 0.0199365 9.9982E-05 0.358617
0.103926 9.9973E-05 0.188106 0.492069 9.9973E-05 9.9973E-05 0.215599
0.118075 0.00925759 0.194788 0.366131 0.000654108 9.9991E-05 0.310994
0.0831474 0.0492654 0.214837 0.49091 9.9982E-05 9.9982E-05 0.16164
9.9973E-05 9.9973E-05 0.882774 0.0747959 0.0334665 9.9973E-05 0.00866367
0.0558521 9.99776E-05 0.895732 0.0147965 9.99776E-05 9.99776E-05 0.0333196
9.9973E-05 9.9973E-05 0.955076 0.0186178 0.0241711 9.9973E-05 0.00183502
9.9973E-05 0.020178 0.97354 9.9973E-05 9.9973E-05 0.00411452 0.00186781
9.9973E-05 9.9973E-05 0.918384 0.0601922 0.00105841 0.0200658 9.9973E-05
0.0193474 9.9982E-05 0.956623 0.00204318 0.0209676 9.9982E-05 0.000819113
9.9964E-05 9.9964E-05 0.907529 0.0576186 0.0344527 9.9964E-05 9.9964E-05
9.9973E-05 9.9973E-05 0.943857 9.9973E-05 0.0172674 0.0221279 0.0164479
0.0144384 0.0386304 0.886177 0.0272374 0.0108401 9.9991E-05 0.0225764
0.0286204 9.9982E-05 0.902417 0.0117673 0.0310317 9.9982E-05 0.0259639
9.9982E-05 0.0744186 0.571884 9.9982E-05 0.214116 0.112048 0.0273329
9.9973E-05 9.9973E-05 0.563783 9.9973E-05 0.237633 0.160196 0.0380875
9.9982E-05 0.0390699 0.518679 9.9982E-05 0.180352 0.21248 0.0492196
9.9982E-05 0.00330286 0.427055 9.9982E-05 0.238041 0.257491 0.0739096
0.0199125 0.289608 0.052419 0.439729 0.0357427 0.162489 9.9991E-05
0.0367831 0.306739 0.0560136 0.443253 9.9991E-05 0.102679 0.0544327
0.00129727 0.21485 0.0431387 0.52818 9.9982E-05 0.212333 9.9982E-05
9.9982E-05 0.327859 0.0304215 0.303981 0.0307347 0.306804 9.9982E-05
9.9982E-05 0.026526 9.9982E-05 0.204241 0.0716712 0.629975 0.0673868
0.0668298 0.199531 0.0123302 0.614654 0.00925343 0.0515615 0.0458406
9.9973E-05 0.261364 9.9973E-05 0.565221 0.0447737 0.128341 9.9973E-05
9.9973E-05 0.259748 9.9973E-05 0.530721 9.9973E-05 0.0785567 0.130674
9.9964E-05 0.562477 9.9964E-05 0.352263 9.9964E-05 9.9964E-05 0.0848604
0.000384822 0.152997 0.0455819 0.623987 0.0655227 0.0246222 0.0869038
0.00185646 0.503324 0.00978116 0.394132 0.0156008 0.0752054 9.9991E-05
9.9955E-05 0.742925 9.9955E-05 9.9955E-05 9.9955E-05 9.9955E-05 0.256576
0.00548555 0.126962 0.12347 0.598831 9.9991E-05 0.0685859 0.0765656
9.9964E-05 0.599682 9.9964E-05 0.139718 9.9964E-05 9.9964E-05 0.2602
0.0191265 0.341215 0.0260326 0.506268 9.9991E-05 0.0696078 0.0376504
9.9973E-05 0.650791 0.0114412 0.089326 9.9973E-05 0.248142 9.9973E-05
9.9955E-05 9.9955E-05 0.00229536 9.9955E-05 0.997205 9.9955E-05 9.9955E-05
9.995E-05 9.995E-05 9.995E-05 9.995E-05 0.9994 9.995E-05 9.995E-05
9.995E-05 9.995E-05 9.995E-05 9.995E-05 0.9994 9.995E-05 9.995E-05
9.9964E-05 9.9964E-05 9.9964E-05 9.9964E-05 0.968391 0.0220522 0.00915697
9.9955E-05 9.9955E-05 9.9955E-05 0.0527968 0.946703 9.9955E-05 9.9955E-05
0.0249183 9.9964E-05 9.9964E-05 0.0199288 0.954753 9.9964E-05 9.9964E-05
0.0350537 0.0566546 0.864418 0.0244282 0.0192453 9.9982E-05 9.9982E-05
0.0111125 0.0276386 0.850392 0.0963033 0.0143532 9.9982E-05 9.9982E-05
0.033437 9.9982E-05 0.78705 0.150499 0.0154728 0.0133418 9.9982E-05
0.0758064 0.0739587 0.82381 0.0044423 0.017926 0.00395694 9.9991E-05
0.0518977 0.00963301 0.791884 0.129026 0.0173595 9.9982E-05 9.9982E-05
9.9973E-05 9.9973E-05 0.358491 9.9973E-05 0.420845 0.200212 0.0201527
9.9973E-05 9.9973E-05 0.386762 9.9973E-05 0.41388 0.146152 0.0529054
0.00812974 9.9982E-05 0.371772 9.9982E-05 0.470119 0.143476 0.00630406
9.9973E-05 0.000465857 0.857125 0.121003 9.9973E-05 0.0211065 9.9973E-05
9.9982E-05 0.031219 0.340852 9.9982E-05 0.418076 0.202657 0.0069965
0.280367 9.9973E-05 0.260835 0.298925 9.9973E-05 9.9973E-05 0.159573
0.182884 9.9991E-05 0.132816 0.565607 0.0144295 0.0387556 0.0654079
0.252747 9.9973E-05 0.19707 0.543989 0.00589407 9.9973E-05 9.9973E-05
0.249002 0.0109174 0.266631 0.344468 9.9982E-05 9.9982E-05 0.128782
0.128485 0.0310921 0.142633 0.52743 0.0131363 0.0967925 0.0604321
0.29525 9.9964E-05 0.442094 9.9964E-05 9.9964E-05 9.9964E-05 0.262256
9.9982E-05 0.0496869 9.9982E-05 0.405293 0.100479 0.387346 0.0569952
9.9982E-05 0.0592234 9.9982E-05 0.454604 0.0187379 0.226363 0.240872
9.9982E-05 0.0687936 9.9982E-05 0.250635 0.0459844 0.592525 0.0418617
9.9982E-05 0.0176099 9.9982E-05 0.538183 0.0130492 0.222846 0.208113
9.9973E-05 0.0332061 9.9973E-05 9.9973E-05 0.00345567 0.351095 0.611944
0.0391709 0.0102025 0.0815423 0.572342 9.9991E-05 0.184323 0.112319
9.9991E-05 0.0113048 0.0376968 0.58237 0.0206144 0.174968 0.172946
9.9991E-05 0.0263749 0.0275517 0.335914 0.00591583 0.546139 0.0580048
9.9991E-05 0.0813769 0.110945 0.600019 0.0601158 0.138773 0.00866988
9.9973E-05 0.0671048 9.9973E-05 0.119945 9.9973E-05 0.434392 0.378258
9.9982E-05 0.0633581 9.9982E-05 0.559863 0.0270603 0.231115 0.118404
9.9982E-05 0.0766933 0.0438927 0.514423 9.9982E-05 0.359445 0.00534643
0.171758 0.0719615 0.0937915 0.424033 9.9991E-05 0.132361 0.105995
0.0249799 0.10343 9.9991E-05 0.328093 0.0295818 0.282138 0.231678
0.0103533 0.0523499 9.9991E-05 0.464652 0.0166174 0.225667 0.23026
0.00301495 0.0421476 9.9991E-05 0.598753 0.0344549 0.194324 0.127205
9.9982E-05 0.0749335 9.9982E-05 0.605932 0.0316121 0.158593 0.128729
0.0347223 0.0429167 0.0036667 0.663426 0.0839011 0.0594859 0.111882
0.0505649 0.0580885 0.0665615 0.555662 0.0596632 0.192368 0.017092
0.0164695 0.109771 0.081874 0.53531 9.9991E-05 0.240904 0.0155713
0.0303488 9.9964E-05 0.846081 0.12317 9.9964E-05 9.9964E-05 9.9964E-05
0.00917452 0.00163478 0.87392 0.114971 9.9973E-05 9.9973E-05 9.9973E-05
9.9973E-05 0.00147807 0.875111 0.0595909 0.0635198 9.9973E-05 9.9973E-05
0.0505668 0.0170713 0.878458 9.9982E-05 0.0474859 0.00621778 9.9982E-05
9.9964E-05 9.9964E-05 0.885344 0.0881162 0.0261403 9.9964E-05 9.9964E-05
0.0209462 0.0733079 0.0557938 0.108132 0.00738819 0.699239 0.0351927
0.0137752 0.00701949 0.0633953 0.554103 9.9991E-05 0.243126 0.118481
0.249497 0.0172307 0.172537 0.354309 0.041176 0.0192292 0.146021
0.0646447 0.0490878 0.0289944 0.592294 0.0124474 0.242558 0.00997442
0.0231445 0.0476398 0.027324 0.499081 9.9982E-05 0.402611 9.9982E-05
0.0176 9.9973E-05 9.9973E-05 0.272491 9.9973E-05 0.401399 0.308209
9.9973E-05 0.0248653 0.0800432 9.9973E-05 9.9973E-05 0.852398 0.042394
0.0167224 0.0615131 0.0557949 0.429904 0.0537408 0.382225 9.9991E-05
0.0493551 9.9991E-05 0.0144998 0.221473 0.159437 0.502277 0.0528581
9.9991E-05 0.0062199 0.0557332 0.510552 0.0520419 0.187822 0.187531
9.9982E-05 9.9982E-05 0.05979 0.157988 0.0947889 0.629882 0.0573504
0.0736943 0.0254599 0.040432 0.533941 0.028755 0.290564 0.00715358
0.00187074 0.0852823 0.0691019 0.1268 0.0256492 0.635627 0.0556688
0.102222 0.0594884 9.9982E-05 0.242684 9.9982E-05 0.351867 0.243539
9.9991E-05 0.0132014 0.0401559 0.562764 0.0693567 0.107849 0.206573
9.9982E-05 0.062163 9.9982E-05 0.329823 0.0752972 0.000717128 0.5318
0.0292629 9.9982E-05 0.0287156 0.540753 0.0587758 9.9982E-05 0.342292
0.0191888 9.9991E-05 0.136323 0.554927 0.0156736 0.0650799 0.208707
9.9982E-05 0.0450212 9.9982E-05 0.297896 0.0625479 0.00737807 0.586957
0.0594453 0.0569234 0.0635123 0.545234 0.0593476 0.0476136 0.167924
9.9982E-05 0.0408248 0.0213748 0.514773 0.114685 9.9982E-05 0.308143
9.9973E-05 0.0974458 9.9973E-05 0.148008 0.0802776 9.9973E-05 0.673969
9.9973E-05 0.011436 9.9973E-05 0.216991 0.10213 9.9973E-05 0.669143
9.9991E-05 0.0280461 0.0337707 0.467882 0.0710947 0.023584 0.375523
9.9973E-05 0.174538 9.9973E-05 0.0741281 0.121622 9.9973E-05 0.629412
9.9982E-05 0.0746058 9.9982E-05 0.4786 0.0911179 0.00820674 0.347269
0.0229783 0.094601 9.9973E-05 0.101619 9.9973E-05 0.780502 9.9973E-05
0.0607521 9.9973E-05 9.9973E-05 0.187338 9.9973E-05 0.469464 0.282146
0.0721509 0.0111249 0.0226926 0.385602 0.0192585 0.489071 9.9991E-05
0.0471718 0.0714961 0.064371 0.54501 0.0373925 0.218248 0.0163105
0.025985 0.105677 9.9973E-05 0.181893 9.9973E-05 0.686145 9.9973E-05
0.0385953 0.0386975 0.0638534 0.542663 9.9991E-05 0.211313 0.104778
0.0298556 0.0448681 0.0729565 0.568026 0.0284369 0.238663 0.0171937
0.022017 0.0945375 0.0317766 0.511781 9.9991E-05 0.298748 0.0410403
0.0634723 0.0924085 0.0245537 0.466365 0.0581346 0.249259 0.0458066
0.0480552 0.0203581 0.0134018 0.450545 0.0333084 0.434232 9.9991E-05
0.0558304 0.0971839 9.9973E-05 0.215639 9.9973E-05 0.631047 9.9973E-05
0.00123296 0.0203544 9.9991E-05 0.422275 0.0418564 0.493347 0.0208343
0.0237195 0.0453301 9.9991E-05 0.567883 0.00413785 0.268712 0.0901182
0.0583223 0.0805403 0.0242393 0.590477 0.00878599 0.155209 0.0824259
0.0827388 0.045982 0.00747293 0.32353 0.0407982 0.324547 0.174931
0.104465 0.0707535 9.9982E-05 0.430646 9.9982E-05 0.299046 0.0948897
0.0347749 0.067208 0.00632527 0.332864 0.0322556 0.526472 9.9991E-05
0.0448073 0.0218804 0.0115955 0.544577 0.0231793 0.334896 0.0190648
0.0800637 0.0626674 0.0137208 0.4569 0.0688344 0.301539 0.0162745
0.0863431 0.00642838 0.0824435 0.527169 0.0218139 0.172591 0.103211
0.124551 9.9982E-05 0.347184 0.436247 9.9982E-05 0.0616458 0.0301725
0.184718 0.00822825 0.123069 0.519457 9.9991E-05 0.0429637 0.121465
0.126645 0.0403293 0.17885 0.42014 0.00704732 0.096248 0.13074
0.174989 0.010174 0.105309 0.493592 9.9991E-05 0.0996287 0.116207
0.169516 0.0304212 0.206419 0.47238 9.9982E-05 9.9982E-05 0.121064
9.9973E-05 9.9973E-05 9.9973E-05 0.520418 0.0492876 0.185761 0.244233
0.1336 0.0960691 0.18673 0.488493 0.00961188 0.0150977 0.0703985
0.186084 9.9982E-05 0.223316 0.0308428 9.9982E-05 0.147935 0.411622
0.110444 9.9991E-05 0.111007 0.572553 0.0139706 0.0866073 0.105318
0.153744 0.032747 0.144811 0.520217 0.0466654 0.0484015 0.0534148
0.208351 0.0938145 0.0958725 0.450566 9.9991E-05 0.0840726 0.0672232
0.0754153 0.0151944 0.194439 0.337202 9.9991E-05 0.0797441 0.297905
0.131628 9.9982E-05 0.204631 0.537406 9.9982E-05 0.0124559 0.113679
0.122027 9.9991E-05 0.167288 0.555865 0.00225475 0.00235153 0.150114
0.131817 9.9964E-05 0.493725 9.9964E-05 9.9964E-05 9.9964E-05 0.374057
0.175274 0.00212874 0.146057 0.517709 0.00104439 0.0943111 0.0634756
0.154281 9.9991E-05 0.194428 0.586549 0.00177816 0.00147803 0.0613862
0.124962 9.9982E-05 0.0816527 0.552418 9.9982E-05 0.116083 0.124684
0.185845 9.9973E-05 0.188189 0.534397 9.9973E-05 9.9973E-05 0.0912692
0.0999406 0.0396375 0.211498 0.484028 0.0155754 0.101834 0.047487
9.9982E-05 0.101178 0.0277764 0.537666 0.0108622 9.9982E-05 0.322318
0.0401338 0.153511 0.0405256 0.493623 0.00743021 0.0920462 0.17273
9.9964E-05 0.150177 9.9964E-05 9.9964E-05 9.9964E-05 0.111008 0.738415
9.9982E-05 0.0805369 9.9982E-05 0.0673904 0.00583988 0.0926475 0.753385
9.9991E-05 0.0113359 0.0720409 0.577138 0.0141357 0.0308633 0.294386
0.307184 0.000581021 0.126551 0.356827 0.0113054 9.9991E-05 0.197452
0.246777 9.9973E-05 0.156158 0.385003 9.9973E-05 9.9973E-05 0.211762
0.327496 9.9982E-05 0.15522 0.186578 9.9982E-05 0.00453372 0.325973
0.256274 9.9973E-05 0.141632 0.385257 9.9973E-05 9.9973E-05 0.216537
0.0217395 9.9973E-05 0.0654648 0.185539 9.9973E-05 9.9973E-05 0.726957
0.0732217 0.0424322 0.0562081 0.202067 0.0466932 9.9991E-05 0.579278
0.0359004 9.9973E-05 9.9973E-05 0.637988 0.00493649 9.9973E-05 0.320875
0.0952197 9.9982E-05 0.0409219 0.455845 0.0224656 9.9982E-05 0.385348
0.0309417 0.0209642 0.0378538 0.32968 0.0131073 0.0300042 0.537449
0.0362015 9.9991E-05 0.0479908 0.59863 0.028504 0.0446232 0.24395
0.0772343 9.9982E-05 0.0227819 0.601466 0.0628371 9.9982E-05 0.235481
0.0529106 0.0392926 0.0497173 0.569207 0.0286082 0.0147634 0.245501
9.9982E-05 0.0540769 9.9982E-05 0.3857 0.016655 0.0446011 0.498767
9.9982E-05 0.0700821 9.9982E-05 0.473184 0.015551 0.0795981 0.361385
9.9991E-05 0.0691384 0.0128987 0.565236 0.0513063 0.0761756 0.225145
0.00695621 0.0143492 0.0514441 0.517234 0.0910923 0.0225179 0.296406
0.051297 0.0329765 0.0949561 0.544568 0.0303639 0.0633438 0.182495
9.9982E-05 0.0645019 9.9982E-05 0.510644 0.030163 0.0343971 0.360094
9.9982E-05 0.0501034 9.9982E-05 0.260284 0.0395482 0.0308202 0.619044
9.9991E-05 0.0288482 0.0186667 0.659958 0.0185556 0.00845484 0.265417
9.9982E-05 0.115483 9.9982E-05 0.250885 0.0331844 0.0444489 0.555798
9.9982E-05 0.0255927 9.9982E-05 0.544519 0.00681115 0.0226063 0.400271
0.011545 0.0399612 0.0741863 0.548165 0.0441043 0.0256388 0.2564
0.0454471 0.111028 0.0373615 0.51291 0.027279 0.0748041 0.19117
0.117569 9.9991E-05 0.183417 0.512855 0.0333884 0.00754335 0.145127
0.119783 0.0602193 0.146106 0.444891 0.0585036 9.9991E-05 0.170398
0.263361 9.9973E-05 0.229802 0.319503 9.9973E-05 9.9973E-05 0.187034
0.221191 0.00392511 0.190377 0.341588 0.0527282 0.00382344 0.186367
0.20693 0.0223146 0.102616 0.464583 0.0341381 0.0536902 0.115727
0.147902 0.0691774 0.14525 0.444207 0.0210601 9.9991E-05 0.172303
0.147762 9.9973E-05 0.132192 9.9973E-05 0.0244939 9.9973E-05 0.695252
0.198672 0.0164688 0.0783305 0.539803 0.0104796 0.00416837 0.152078
0.120676 9.9964E-05 0.314957 9.9964E-05 9.9964E-05 9.9964E-05 0.563968
0.142007 9.9973E-05 0.0646479 0.578641 9.9973E-05 9.9973E-05 0.214405
9.9964E-05 0.10231 9.9964E-05 0.221364 9.9964E-05 9.9964E-05 0.675926
9.9982E-05 0.216168 9.9982E-05 0.0460319 0.0182252 0.0100309 0.709344
9.9973E-05 0.0462265 9.9973E-05 0.540229 9.9973E-05 0.0580026 0.355242
9.9991E-05 0.0582452 0.0145778 0.652006 0.00733368 0.00143555 0.266302
9.9973E-05 0.0433714 9.9973E-05 0.511676 0.00823342 9.9973E-05 0.436419
0.00518017 0.0841198 9.9982E-05 0.617809 9.9982E-05 0.0107257 0.281965
9.9964E-05 0.0195014 9.9964E-05 0.630488 9.9964E-05 9.9964E-05 0.349611
0.00318346 0.0303431 0.876186 0.0259144 0.0203139 0.0439593 9.9991E-05
0.060714 9.9991E-05 0.740776 0.0490729 0.0566402 0.0388826 0.0538144
0.024329 9.9973E-05 0.909621 0.0109368 0.0548138 9.9973E-05 9.9973E-05
9.9964E-05 9.9964E-05 0.944059 0.0487552 0.00678558 9.9964E-05 9.9964E-05
0.0393796 0.321299 0.0351104 0.524555 0.0162506 9.9991E-05 0.0633046
9.9991E-05 0.320275 0.036687 0.511112 0.0249518 0.0889177 0.0179565
9.9973E-05 0.430367 0.0018507 0.498704 9.9973E-05 0.0687784 9.9973E-05
0.0161591 0.252262 0.0831172 0.574028 0.0133076 0.0601289 0.00099689
9.9991E-05 0.149733 0.0825016 0.585542 0.0677269 0.0750676 0.0393288
9.9982E-05 0.591375 0.058351 0.234431 0.026341 0.0893025 9.9982E-05
0.00346619 0.338682 0.0208308 0.63251 9.9982E-05 0.00431115 9.9982E-05
0.0276524 0.566101 0.00112719 0.243153 9.9982E-05 9.9982E-05 0.161767
0.117045 9.9982E-05 0.347576 0.436755 0.0428295 0.0555941 9.9982E-05
0.00326181 0.34015 9.9982E-05 0.444145 9.9982E-05 0.00396551 0.208278
9.9982E-05 0.566037 0.0199729 0.316715 0.0398833 0.0571918 9.9982E-05
0.0076637 0.37277 9.9991E-05 0.517572 0.0253264 0.0119463 0.0646223
0.0123688 0.474866 0.0287262 0.346254 9.9982E-05 0.137585 9.9982E-05
0.0314738 0.427555 9.9964E-05 0.540572 9.9964E-05 9.9964E-05 9.9964E-05
0.00869171 0.391911 0.0674066 0.510629 0.0211614 9.9982E-05 9.9982E-05
9.9955E-05 0.782926 9.9955E-05 9.9955E-05 9.9955E-05 9.9955E-05 0.216574
0.00315088 0.532039 9.9973E-05 0.270294 9.9973E-05 9.9973E-05 0.194216
0.0349464 0.598996 9.9973E-05 0.285974 9.9973E-05 9.9973E-05 0.0797837
9.9955E-05 0.735611 9.9955E-05 9.9955E-05 9.9955E-05 9.9955E-05 0.26389
9.9982E-05 0.452836 0.0693042 0.351567 0.0292949 0.0967978 9.9982E-05
9.9964E-05 0.635587 9.9964E-05 0.0418755 9.9964E-05 9.9964E-05 0.322137
9.9955E-05 0.730741 9.9955E-05 9.9955E-05 9.9955E-05 9.9955E-05 0.26876
0.0393388 0.32114 0.0299657 0.519352 0.0322685 0.0108494 0.0470859
9.9982E-05 0.632528 0.0281613 0.142173 0.0487695 0.148168 9.9982E-05
0.0106783 0.449734 0.00904568 0.405914 0.00250076 0.122027 9.9991E-05
0.0277162 0.148321 0.133964 0.560733 0.0120505 0.0368546 0.0803606
9.9982E-05 0.36961 0.0270679 0.497112 0.0327016 0.073309 9.9982E-05
0.0197934 9.9973E-05 9.9973E-05 0.355638 9.9973E-05 0.391402 0.232867
0.045312 0.350346 0.00925278 0.497528 0.0449209 0.0525407 9.9991E-05
9.9973E-05 0.37775 0.0403056 0.473309 9.9973E-05 0.108336 9.9973E-05
9.9964E-05 0.560948 9.9964E-05 0.272944 9.9964E-05 9.9964E-05 0.165709
0.00683492 0.239765 0.143429 0.508942 0.0151269 0.0858017 9.9991E-05
9.9973E-05 9.9973E-05 0.643225 9.9973E-05 0.147945 0.155584 0.0529452
9.9982E-05 0.0515206 0.772269 9.9982E-05 0.117206 0.0581739 0.00063014
9.9964E-05 9.9964E-05 0.853153 9.9964E-05 0.0449699 0.101477 9.9964E-05
9.9973E-05 9.9973E-05 0.810797 9.9973E-05 0.0899239 0.0609348 0.038044
9.9991E-05 0.00741517 0.731098 0.0268368 0.111456 0.0863731 0.036721
9.9973E-05 0.692087 0.0519965 0.064178 9.9973E-05 0.191439 9.9973E-05
9.9982E-05 0.704557 0.0335032 0.108599 0.0663723 0.0867684 9.9982E-05
0.0281885 0.725752 9.9973E-05 0.136216 9.9973E-05 9.9973E-05 0.109544
0.05351 0.110843 0.0943247 0.542776 0.0125991 0.146641 0.0393059
0.0770214 0.230761 0.122449 0.480639 0.00652902 0.0209083 0.0616917
0.0363686 0.637596 0.014087 0.195472 9.9982E-05 9.9982E-05 0.116276
0.0502984 0.310851 0.00825669 0.56168 0.0159422 0.0330307 0.0199406
0.0825245 0.498646 0.0451948 0.320807 9.9982E-05 9.9982E-05 0.0526281
9.9982E-05 0.380926 0.0491997 0.494016 0.000110794 0.0755477 9.9982E-05
0.0564421 0.317841 0.0603617 0.528055 0.0371003 9.9982E-05 9.9982E-05
0.0115195 0.616559 9.9982E-05 0.217457 0.0320869 0.122177 9.9982E-05
9.9973E-05 0.590267 9.9973E-05 0.265186 0.0179411 0.126305 9.9973E-05
9.9973E-05 0.597701 0.0407575 0.242997 9.9973E-05 0.118245 9.9973E-05
9.9973E-05 9.9973E-05 0.116109 0.67998 0.0314956 9.9973E-05 0.172115
9.9982E-05 0.525083 0.00951879 0.354416 0.00940029 0.101382 9.9982E-05
0.0264957 0.489255 0.0355494 0.372669 0.010771 0.0651601 9.9991E-05
0.390766 0.0186762 0.0712509 0.415716 0.0449114 0.0187305 0.0399497
0.453095 0.071394 0.131902 0.292602 9.9982E-05 9.9982E-05 0.0508065
0.40839 9.9982E-05 0.095739 0.473645 9.9982E-05 0.00347073 0.0185549
0.513903 9.9982E-05 0.161382 0.250797 9.9982E-05 0.0225881 0.0511304
0.261294 0.00535948 0.124842 0.478917 9.9991E-05 0.0560877 0.0733992
9.9982E-05 0.184883 0.065785 0.537946 0.00180141 9.9982E-05 0.209385
0.642791 9.9964E-05 0.253873 9.9964E-05 9.9964E-05 9.9964E-05 0.102936
0.512215 9.9982E-05 0.140694 0.277414 0.0347221 9.9982E-05 0.0347545
0.151132 0.0619575 0.181994 0.346111 0.0393043 9.9991E-05 0.219402
9.9982E-05 0.0218997 0.17253 0.567496 0.0374345 9.9982E-05 0.200439
0.00230054 0.0175468 0.139059 0.528366 0.0612323 0.00722065 0.244274
9.9982E-05 0.0711308 0.143473 0.581334 9.9982E-05 0.0548814 0.148981
0.0332905 0.0171106 0.1411 0.611256 0.0407149 9.9991E-05 0.156428
0.438876 9.9973E-05 0.174118 0.358929 9.9973E-05 9.9973E-05 0.0277767
0.388731 0.0501007 0.118176 0.389815 0.0386355 9.9991E-05 0.0144419
0.497871 9.9973E-05 0.0903372 0.402771 9.9973E-05 9.9973E-05 0.00872082
0.25638 0.0613844 0.155518 0.437075 0.0708232 0.0187197 9.9991E-05
0.504369 0.0132625 0.148727 0.208996 0.0172773 0.017492 0.0898755
0.346346 0.0466866 0.140604 0.38617 0.00271086 0.0454438 0.0320387
0.551392 0.0484792 0.111356 0.224735 9.9982E-05 9.9982E-05 0.0638382
0.318987 0.0133673 0.113354 0.435021 0.00866746 0.0222478 0.0883548
9.9991E-05 0.0278242 0.104897 0.50678 0.0517068 0.00226445 0.306427
0.388709 0.0691082 0.130516 0.332872 0.0422028 9.9991E-05 0.036491
0.581174 9.9973E-05 0.208746 0.148875 9.9973E-05 9.9973E-05 0.0609044
0.310176 0.0517892 0.159182 0.401227 9.9982E-05 0.0774253 9.9982E-05
9.9991E-05 0.077561 0.168199 0.293061 0.135043 0.0371963 0.288839
0.0423806 9.9982E-05 0.0206346 0.639731 9.9982E-05 0.00901742 0.288036
0.338901 9.9982E-05 0.161409 0.412527 0.0369446 9.9982E-05 0.0500174
9.9991E-05 0.00741688 0.149996 0.562546 0.069913 0.0357633 0.174265
9.9982E-05 9.9982E-05 0.165254 0.483481 0.0746809 0.0690864 0.207298
0.219467 0.0434485 0.156553 0.330658 9.9991E-05 0.0498587 0.199914
0.25063 9.9982E-05 0.211861 0.343795 9.9982E-05 0.0308476 0.162667
0.0448809 0.0846227 0.127351 0.543152 0.0606019 9.9991E-05 0.139291
0.247604 0.0210762 0.179567 0.480558 0.00754908 0.025652 0.0379945
0.409873 9.9973E-05 0.110686 0.444121 0.0350204 9.9973E-05 9.9973E-05
0.623489 9.9973E-05 0.153348 0.11343 9.9973E-05 9.9973E-05 0.109433
0.00590244 0.00535941 0.0795134 0.673628 0.0497172 0.0438262 0.142053
9.9991E-05 0.0826546 0.160296 0.430575 0.0129512 0.0427598 0.270663
9.9973E-05 9.9973E-05 0.122835 0.174389 0.0314063 9.9973E-05 0.67107
0.068361 0.0305866 0.0977649 0.590784 0.0517343 0.031456 0.129313
0.0162858 9.9982E-05 0.085319 0.387464 9.9982E-05 0.213867 0.296864
0.153194 0.0499202 0.208523 0.466121 0.0088825 9.9991E-05 0.113259
0.0640115 0.0331406 0.132717 0.526319 9.9991E-05 0.062277 0.181435
0.118419 9.9964E-05 0.355615 9.9964E-05 9.9964E-05 9.9964E-05 0.525566
0.0744046 9.9964E-05 0.32732 9.9964E-05 9.9964E-05 9.9964E-05 0.597876
0.0790448 0.0170123 0.192992 0.304443 9.9982E-05 9.9982E-05 0.406308
0.152553 9.9973E-05 0.329171 0.0553008 9.9973E-05 9.9973E-05 0.462675
0.193335 9.9964E-05 0.447692 9.9964E-05 9.9964E-05 9.9964E-05 0.358574
0.0702946 9.9973E-05 0.221113 0.400628 9.9973E-05 9.9973E-05 0.307664
0.167134 0.000297483 0.250411 0.358743 0.0222992 9.9991E-05 0.201015
0.15351 9.9973E-05 0.293117 0.164486 9.9973E-05 9.9973E-05 0.388587
0.110255 9.9973E-05 0.274607 0.0815307 9.9973E-05 9.9973E-05 0.533307
0.0981655 0.0397058 0.164821 0.494048 9.9991E-05 0.0283784 0.174782
0.132226 9.9973E-05 0.241282 0.168749 9.9973E-05 9.9973E-05 0.457443
0.049455 9.9964E-05 0.378179 9.9964E-05 9.9964E-05 9.9964E-05 0.571966
0.132668 0.0540439 0.157784 0.458152 9.9991E-05 0.0960512 0.101201
0.169461 9.9982E-05 0.229888 0.329415 9.9982E-05 0.0172677 0.253768
0.192512 0.0274848 0.289 0.397987 0.0230541 0.0180203 0.0519412
0.225718 9.9973E-05 0.14939 0.587464 0.0371277 9.9973E-05 9.9973E-05
0.206095 9.9973E-05 0.158834 0.53954 9.9973E-05 9.9973E-05 0.0952311
0.259068 0.043707 0.169188 0.453898 0.0144184 9.9991E-05 0.0596212
0.222299 0.00820718 0.355927 0.311009 9.9991E-05 0.0917157 0.0107423
0.170586 9.9982E-05 0.234456 0.483407 9.9982E-05 0.0689123 0.0424382
0.219959 0.0247875 0.27796 0.424499 9.9982E-05 0.0525941 9.9982E-05
0.25047 0.0106429 0.256027 0.276644 9.9991E-05 0.0077356 0.198381
0.11125 0.229054 0.200033 0.286603 0.0138673 0.0741286 0.0850637
0.142152 0.0935205 0.240208 0.463847 0.00616821 0.0202279 0.0338767
0.109253 0.0341352 0.13966 0.561497 0.0735677 0.00953324 0.0723547
0.0950362 0.0949521 0.143179 0.60203 0.00527994 9.9991E-05 0.059423
0.192362 9.9973E-05 0.288704 0.453844 9.9973E-05 9.9973E-05 0.0647914
0.219745 0.0469707 0.253642 0.473311 0.000177384 0.00605414 9.9991E-05
0.301834 9.9973E-05 0.356456 0.0595684 9.9973E-05 9.9973E-05 0.281841
0.166798 9.9991E-05 0.18903 0.514084 0.0629406 0.0152449 0.0518024
0.299878 9.9973E-05 0.305114 0.171258 9.9973E-05 9.9973E-05 0.22345
0.00523038 9.9982E-05 0.79579 9.9982E-05 0.0537305 0.14134 0.00370884
0.0110368 9.9982E-05 0.0568176 0.108362 0.17299 0.650594 9.9982E-05
9.9955E-05 9.9955E-05 9.9955E-05 9.9955E-05 0.232949 0.766551 9.9955E-05
9.9955E-05 9.9955E-05 9.9955E-05 9.9955E-05 0.221567 0.777933 9.9955E-05
9.9955E-05 9.9955E-05 9.9955E-05 9.9955E-05 0.212962 0.786538 9.9955E-05
9.9955E-05 9.9955E-05 9.9955E-05 9.9955E-05 0.247302 0.752198 9.9955E-05
9.9964E-05 9.9964E-05 9.9964E-05 0.0178844 0.224105 0.75761 9.9964E-05
9.9955E-05 9.9955E-05 9.9955E-05 9.9955E-05 0.228828 0.770673 9.9955E-05
9.9964E-05 9.9964E-05 0.128502 9.9964E-05 0.239895 0.631203 9.9964E-05
9.9982E-05 0.0362472 0.899887 0.00573604 0.0149992 0.0429305 9.9982E-05
9.9973E-05 9.9973E-05 0.775074 0.0972168 0.0846707 0.0427383 9.9973E-05
0.0124741 0.0242686 0.880559 0.0355242 0.0469738 9.9982E-05 9.9982E-05
9.9982E-05 9.9982E-05 0.855012 0.036519 0.0523562 0.0460547 0.00985779
0.0175132 9.9982E-05 0.876276 0.0212589 0.0669461 0.0178059 9.9982E-05
9.9982E-05 0.00617867 0.877633 0.0710349 0.0356841 0.00926933 9.9982E-05
0.0834144 9.9973E-05 0.70337 0.140662 0.0722543 9.9973E-05 9.9973E-05
9.9955E-05 9.9955E-05 0.894003 0.105498 9.9955E-05 9.9955E-05 9.9955E-05
0.0712079 9.9991E-05 0.697063 0.0889784 0.0901746 0.0133502 0.0391263
0.0571411 0.000524829 0.908629 0.0334053 9.9973E-05 9.9973E-05 9.9973E-05
9.9964E-05 9.9964E-05 0.975208 9.9964E-05 0.0102872 9.9964E-05 0.0141049
0.0325871 9.9973E-05 0.871755 0.0601847 0.0351729 9.9973E-05 9.9973E-05
0.00205274 0.00224376 0.992174 9.9973E-05 9.9973E-05 9.9973E-05 0.00322946
9.9964E-05 9.9964E-05 0.935643 0.0411353 0.0228214 9.9964E-05 9.9964E-05
0.0114387 0.0071861 0.903073 0.0763629 0.00173889 9.9982E-05 9.9982E-05
9.9955E-05 9.9955E-05 0.92742 0.0720798 9.9955E-05 9.9955E-05 9.9955E-05
0.0579333 9.9964E-05 0.861924 0.0797427 9.9964E-05 9.9964E-05 9.9964E-05
0.0190012 9.9964E-05 0.857646 0.122953 9.9964E-05 9.9964E-05 9.9964E-05
0.0649803 9.9964E-05 0.818242 0.116378 9.9964E-05 9.9964E-05 9.9964E-05
9.9991E-05 0.0674243 0.103834 0.4222 0.070524 0.063965 0.271953
9.9982E-05 0.0213634 0.0749914 0.677754 0.0937202 9.9982E-05 0.131971
0.0361769 0.0947834 0.148164 0.547068 0.0166944 0.0569009 0.100212
0.0173132 0.0792767 0.0775537 0.0949655 0.0257895 9.9991E-05 0.705001
9.9982E-05 9.9982E-05 0.121873 0.504702 0.0566337 0.0943667 0.222224
9.9973E-05 9.9973E-05 0.104718 0.121843 0.0203609 9.9973E-05 0.752777
0.0792821 9.9982E-05 0.018684 0.621883 0.0462541 9.9982E-05 0.233697
9.9991E-05 0.146928 0.160798 0.403532 0.0591942 0.0390456 0.190403
9.9982E-05 9.9982E-05 0.145077 0.527218 0.0564573 0.0390959 0.231952
0.0220787 0.402771 0.0567221 0.433981 0.0149061 0.0694417 9.9991E-05
9.9991E-05 0.0546086 0.114511 0.472056 0.0769438 0.0638454 0.217935
9.9982E-05 0.0362083 0.0977973 0.636063 0.0577801 9.9982E-05 0.171951
9.9991E-05 0.0375334 0.116014 0.546462 0.0639524 0.0163911 0.219547
0.080068 0.0931338 9.9973E-05 9.9973E-05 9.9973E-05 0.530308 0.296191
9.9973E-05 9.9973E-05 0.0733381 0.0272505 0.0771447 9.9973E-05 0.821967
9.9973E-05 9.9973E-05 0.0952849 0.163734 0.0325582 9.9973E-05 0.708123
0.00526826 9.9982E-05 0.139591 0.6139 9.9982E-05 0.0311613 0.209879
0.0105299 0.00174251 0.0750766 0.502673 0.0230528 9.9991E-05 0.386825
