0.0268639 0.904919 0.0481283 0.0197892 9.9973E-05 9.9973E-05 9.9973E-05
0.00683236 0.968143 9.9973E-05 9.9973E-05 0.0163959 0.00832933 9.9973E-05
9.9973E-05 0.871255 9.9973E-05 0.0533884 9.9973E-05 0.0159057 0.0591506
0.0341945 0.83224 9.9964E-05 0.133166 9.9964E-05 9.9964E-05 9.9964E-05
0.00570468 0.914187 9.9964E-05 0.0797089 9.9964E-05 9.9964E-05 9.9964E-05
0.107643 0.616812 0.0567856 0.0678557 0.00454075 0.0356931 0.110669
0.0357423 0.798741 9.99785E-05 0.0226869 9.99785E-05 9.99785E-05 0.14253
0.105635 0.70028 0.0354051 9.9982E-05 0.00692944 9.9982E-05 0.151551
0.140374 0.808958 9.99639E-05 9.99639E-05 9.99639E-05 9.99639E-05 0.0502683
0.062174 0.743401 9.9982E-05 0.0607276 0.00810082 9.9982E-05 0.125396
0.0459735 0.744655 9.9973E-05 0.103365 9.9973E-05 9.9973E-05 0.105707
0.476285 0.0245378 0.00612365 0.260557 9.9991E-05 0.115559 0.116839
0.240924 0.107743 0.0207181 0.543495 0.016164 0.0597726 0.0111838
0.443408 9.9982E-05 0.0790666 0.262513 9.9982E-05 0.0974956 0.117317
0.438388 0.00970524 0.105204 0.321125 9.9991E-05 0.0343403 0.0911374
0.295518 0.0727359 0.112626 0.42359 0.00792837 0.00448687 0.0831143
0.20272 0.0201529 0.0733727 0.5727 0.00732826 0.0588738 0.0648518
0.286117 0.0322275 0.00615481 0.531165 9.9991E-05 0.0724274 0.0718077
0.39867 0.0958319 0.0591692 0.307356 9.9991E-05 0.0240275 0.114846
0.688245 0.00419562 9.9982E-05 0.0903293 9.9982E-05 0.0578986 0.159131
0.3313 0.0283195 9.9991E-05 0.468486 0.00401759 0.0956875 0.0720891
0.149463 9.9991E-05 0.0310711 0.481397 0.038228 0.103401 0.19634
0.240792 0.0421732 0.0220045 0.552371 9.9991E-05 0.110397 0.0321633
0.452062 0.0363204 0.0282954 0.283628 9.9991E-05 0.086891 0.112703
0.0988647 0.0810007 0.0606484 0.677897 0.0277683 9.9991E-05 0.0537208
0.274918 0.013739 9.9982E-05 0.585375 9.9982E-05 0.0456976 0.0800699
0.487257 0.0543401 0.0426152 0.242429 9.9991E-05 0.0957342 0.0775245
0.435204 0.016054 0.052542 0.329322 9.9991E-05 0.0522265 0.114552
0.471884 9.9973E-05 9.9973E-05 0.266777 9.9973E-05 0.0849753 0.176064
9.9964E-05 0.877223 0.0243001 0.0980774 9.9964E-05 9.9964E-05 9.9964E-05
9.9964E-05 0.882456 9.9964E-05 0.112548 0.00459607 9.9964E-05 9.9964E-05
0.0134997 0.795647 0.0993182 0.0912356 9.9973E-05 9.9973E-05 9.9973E-05
9.9964E-05 0.760355 0.0908658 0.14838 9.9964E-05 9.9964E-05 9.9964E-05
0.117867 0.0881057 9.9991E-05 0.472846 0.00685062 0.236609 0.0776215
0.0964961 0.0687179 0.0745896 0.509707 9.9991E-05 0.211903 0.0384865
0.000410525 0.0149913 9.9982E-05 0.561232 0.0665527 0.356613 9.9982E-05
0.607297 0.0489828 9.9982E-05 0.231825 0.00649099 0.105204 9.9982E-05
9.9982E-05 9.9982E-05 0.0344706 0.234457 0.0337919 0.59364 0.103441
0.130186 0.0981362 0.0649108 0.476884 9.9982E-05 0.229682 9.9982E-05
9.9982E-05 0.0675711 9.9982E-05 0.679514 0.00494918 0.174856 0.0729101
0.0596773 0.0811461 9.9982E-05 0.553291 9.9982E-05 0.0932324 0.212453
0.100389 0.0951343 9.9982E-05 0.592477 9.9982E-05 0.13552 0.0762802
0.188984 0.0128639 9.9973E-05 0.158811 9.9973E-05 0.639041 9.9973E-05
0.0130249 0.0632706 9.9973E-05 0.693266 9.9973E-05 9.9973E-05 0.230139
0.0231689 0.126607 9.9991E-05 0.558826 0.00194623 0.235758 0.0535939
0.0578627 0.0942177 0.0319417 0.577427 0.0188 0.143114 0.0766369
9.9973E-05 9.9973E-05 9.9973E-05 0.333454 0.0419848 0.581631 0.0426293
0.00851615 0.0763073 0.0230872 0.57861 9.9991E-05 0.300287 0.0130926
0.000534501 0.172207 0.0185056 0.526868 0.0582325 0.203456 0.0201965
0.00652185 9.9973E-05 9.9973E-05 9.9973E-05 0.0364121 0.627841 0.328925
0.590247 9.9982E-05 9.9982E-05 0.195359 0.0312338 0.1191 0.0638604
0.256373 9.9991E-05 0.0607197 0.127294 0.131379 0.165912 0.258222
0.139744 0.0784589 0.0759242 0.532155 0.058316 0.0697824 0.0456188
0.11948 0.0675945 0.107188 0.528741 0.0634877 0.0718108 0.0416975
0.0624471 0.0923674 0.0211656 0.623318 0.0667086 0.0478325 0.0861609
0.490887 0.10573 0.00737036 0.210497 9.9991E-05 0.127052 0.0583642
0.307747 0.0188681 0.00793969 0.544488 0.0105099 0.0731796 0.0372675
0.155521 0.0670307 0.0628125 0.540093 0.0296979 0.108912 0.0359325
0.27164 0.0949379 0.0127296 0.442456 0.0570897 0.0620468 0.0591
0.48609 0.126874 0.000630829 0.169556 9.9991E-05 0.0801751 0.136575
0.18137 0.0569922 0.036852 0.535624 0.0647022 0.0712137 0.0532452
0.247095 0.0564598 0.0393002 0.503033 0.0674277 0.0359244 0.0507599
0.602497 0.0373305 9.9991E-05 0.104611 0.0176824 0.0926783 0.1451
0.374585 9.9991E-05 0.00229927 0.467938 0.0321871 0.0932204 0.0296704
0.110359 0.0671017 0.0314663 0.592162 0.100306 0.0583738 0.0402318
0.1731 0.0586941 9.99923E-05 0.656597 0.00563517 0.0414985 0.0643746
0.343584 0.0882097 0.0502949 0.298567 9.9991E-05 0.13214 0.0871047
0.255825 0.0249394 0.0526139 0.493314 0.0702421 0.0543883 0.0486765
0.204682 0.0330458 0.0481422 0.539879 0.0594754 0.114675 9.9991E-05
0.492927 0.0208262 9.9982E-05 0.274692 9.9982E-05 0.091106 0.120248
0.00686721 0.0430544 9.9973E-05 0.509845 9.9973E-05 0.439933 9.9973E-05
0.0883859 0.00955395 9.9973E-05 0.212868 9.9973E-05 0.688893 9.9973E-05
0.0821035 0.0965265 0.0550141 0.509027 0.00100464 0.247644 0.00868066
9.9964E-05 9.9964E-05 9.9964E-05 9.9964E-05 0.0575189 0.854792 0.0872889
9.9964E-05 9.9964E-05 9.9964E-05 9.9964E-05 0.0496992 0.849604 0.100297
9.9973E-05 9.9973E-05 9.9973E-05 0.225763 0.0156429 0.732863 0.0254316
0.0601444 0.0354132 9.9973E-05 0.484547 9.9973E-05 0.419595 9.9973E-05
0.0438626 0.0957235 0.0126263 0.575825 0.0881659 0.0882892 0.0955079
9.9982E-05 0.0052033 0.0218635 0.457049 0.0259988 0.489685 9.9982E-05
0.17094 0.0394941 0.00531725 0.136681 9.9982E-05 0.647368 9.9982E-05
0.136892 0.0284117 9.9973E-05 0.251247 9.9973E-05 0.58315 9.9973E-05
0.0440025 0.0760504 0.0600736 0.511105 0.00277489 0.276321 0.029673
0.0902257 0.0342208 0.00150272 0.350709 9.9982E-05 0.523142 9.9982E-05
0.0678274 0.0457395 9.9973E-05 0.442549 9.9973E-05 0.443585 9.9973E-05
9.9973E-05 9.9973E-05 9.9973E-05 0.459399 0.050151 0.433761 0.0563891
9.9964E-05 9.9964E-05 9.9964E-05 9.9964E-05 0.0685823 0.713974 0.217043
0.0273368 0.0317439 0.0232188 0.61371 0.0152746 0.256737 0.031979
0.0629129 0.847728 9.9964E-05 0.0889591 9.9964E-05 9.9964E-05 9.9964E-05
9.9955E-05 0.930059 9.9955E-05 0.0694411 9.9955E-05 9.9955E-05 9.9955E-05
9.9964E-05 0.858086 0.0253944 0.11612 9.9964E-05 9.9964E-05 9.9964E-05
9.9973E-05 0.93041 0.0300349 0.0383426 9.9973E-05 9.9973E-05 0.00091224
9.9964E-05 0.949082 0.0352553 9.9964E-05 0.0152624 9.9964E-05 9.9964E-05
9.9982E-05 0.857038 0.0482461 0.0771441 0.0170159 0.000356408 9.9982E-05
9.9955E-05 0.920664 9.9955E-05 0.0788359 9.9955E-05 9.9955E-05 9.9955E-05
0.0446577 0.0814321 0.0660224 0.547362 0.0595721 0.200853 9.9991E-05
0.0246542 0.130405 0.0527451 0.592769 0.0487306 0.117027 0.0336686
0.208671 0.0672062 9.9973E-05 0.0255939 9.9973E-05 0.698229 9.9973E-05
0.0861859 0.0744367 0.0393935 0.559336 0.0618495 0.178502 0.000296683
0.132841 0.041812 9.9982E-05 0.39056 0.00892554 0.425662 9.9982E-05
0.0389023 0.0590734 9.9973E-05 0.533595 9.9973E-05 0.368129 9.9973E-05
9.9991E-05 0.0391017 0.0374984 0.543913 0.0664978 0.285405 0.0274838
9.9982E-05 0.0392734 0.0319875 0.510971 0.0269056 0.390663 9.9982E-05
0.279307 0.0347283 9.9973E-05 0.00596375 9.9973E-05 0.679701 9.9973E-05
0.154508 0.0842342 0.0480812 0.502252 0.0482375 0.162587 9.9991E-05
0.0572164 0.0763391 0.0137347 0.657589 0.00584179 0.137365 0.0519145
0.0438397 0.124266 0.0333941 0.597984 0.0577268 0.12312 0.0196689
0.0256083 9.9991E-05 0.0231985 0.227573 0.0517112 0.532664 0.139145
9.9982E-05 0.00452165 0.016293 0.487992 0.0575 0.433494 9.9982E-05
0.15081 0.0158351 9.9973E-05 0.456697 9.9973E-05 0.376358 9.9973E-05
9.9973E-05 9.9973E-05 9.9973E-05 0.391319 0.0616106 0.533017 0.0137536
0.142946 0.0548008 9.9973E-05 0.447495 9.9973E-05 0.354457 9.9973E-05
0.0679008 0.0794959 0.0765829 0.496691 0.0299993 0.222598 0.0267324
0.379831 9.9991E-05 0.0496042 0.300498 0.150402 0.00240837 0.117156
0.348804 0.0541699 9.9982E-05 0.4422 9.9982E-05 0.0560385 0.0985877
0.160867 0.122477 9.9991E-05 0.592282 0.0516532 0.00512701 0.067494
0.144346 0.0894126 0.027645 0.559447 0.067817 0.047305 0.064028
0.369736 0.0196819 0.000773262 0.490454 0.00357115 0.0658319 0.049952
0.266097 0.0281817 0.0104864 0.643005 9.9982E-05 9.9982E-05 0.0520299
0.43025 0.0574618 9.9973E-05 0.47852 0.0334681 9.9973E-05 9.9973E-05
0.122601 0.075105 0.0443283 0.522986 0.109074 0.0151875 0.110719
0.230453 0.0930319 0.0676472 0.57417 0.0344974 9.9982E-05 9.9982E-05
0.29725 0.0441657 9.9982E-05 0.596523 0.0215898 9.9982E-05 0.0402711
0.285466 0.0607478 9.9982E-05 0.547178 0.0644351 0.0419735 9.9982E-05
0.132852 0.0527437 0.0509157 0.628354 0.0933629 9.9991E-05 0.0416716
0.0875458 0.0857009 0.0321781 0.622468 0.0406016 0.0259296 0.105576
0.174159 9.9991E-05 0.070636 0.573707 0.0944673 0.0349023 0.0520285
0.130234 0.0699008 0.090394 0.549541 0.0898399 9.9991E-05 0.0699902
0.184142 9.9991E-05 0.0496039 0.587332 0.0947823 0.0248329 0.0592072
0.249614 0.0775101 0.086622 0.286359 0.113921 0.0527155 0.133258
0.154342 0.0165985 0.0481733 0.598169 0.112516 0.0464363 0.0237654
0.128065 0.0400379 0.00159021 0.70745 0.0754078 9.9991E-05 0.0473483
0.541977 0.0129907 0.0432111 0.209143 0.0271823 0.133067 0.0324289
0.31128 9.9991E-05 0.0216435 0.162946 0.236178 0.0734325 0.19442
0.22742 0.0580229 0.0329051 0.485194 0.0165443 0.101149 0.078764
0.355778 9.9991E-05 0.00612029 0.0818204 0.256893 0.0694217 0.229867
0.517401 0.00796398 9.9991E-05 0.364514 0.0162986 0.0511928 0.0425296
0.401363 9.9973E-05 9.9973E-05 0.45191 0.0655944 0.0808323 9.9973E-05
0.515159 0.000713452 9.9973E-05 0.375204 9.9973E-05 0.108624 9.9973E-05
0.538201 9.9973E-05 9.9973E-05 0.381919 0.0485682 0.031012 9.9973E-05
0.186053 0.0784844 0.0149771 0.607976 9.9991E-05 0.0737812 0.0386288
0.177517 0.0901444 0.0684573 0.576096 0.0451192 0.0180341 0.0246319
0.199804 0.0203145 0.0402935 0.580096 0.0663196 0.00366888 0.0895038
0.401542 9.9991E-05 0.014393 0.209077 0.163509 0.0474114 0.163967
0.00534146 0.168875 0.0337275 0.517551 0.0308486 0.113572 0.130084
0.047055 0.0771811 9.9991E-05 0.539044 0.071334 0.0575039 0.207782
0.118647 0.049682 9.9982E-05 9.9982E-05 0.117075 0.123626 0.59077
0.0086008 0.0535837 0.0698501 0.675048 0.00203001 0.0277895 0.163098
0.0482309 0.0692782 0.0162668 0.335896 0.0918782 0.113391 0.325059
0.100951 0.0894607 0.0706716 0.483729 0.0493497 0.040539 0.165299
0.125016 0.0138805 9.9991E-05 0.285274 0.0367396 0.0331193 0.50587
0.185953 0.00476337 9.9991E-05 0.115862 0.135369 0.0496961 0.508257
0.134976 0.00416229 0.0232651 0.406416 0.0625643 0.0681768 0.30044
0.10728 0.101419 0.0316003 0.456499 0.0469655 0.0796726 0.176564
0.120438 0.108077 0.0324965 0.498666 0.030222 0.0240533 0.186047
0.104308 0.0286475 0.051778 0.133672 0.118506 0.172756 0.390333
0.0894316 0.114762 0.034013 0.564375 0.104276 0.0287288 0.064413
0.112841 9.9982E-05 9.9982E-05 0.330711 0.108613 0.0692708 0.378364
0.126211 9.9982E-05 9.9982E-05 0.449851 0.0827458 0.0840597 0.256933
0.0751268 0.089171 0.0382808 0.557966 0.0188754 0.0453739 0.175206
9.9973E-05 0.358356 0.201507 0.166708 9.9973E-05 9.9973E-05 0.273128
9.9964E-05 0.412078 0.13092 9.9964E-05 9.9964E-05 9.9964E-05 0.456602
9.9964E-05 0.382534 0.118414 9.9964E-05 9.9964E-05 9.9964E-05 0.498652
0.0107373 0.318114 0.257871 0.101161 9.9982E-05 9.9982E-05 0.311916
9.9973E-05 9.9973E-05 9.9973E-05 0.605287 0.0568739 0.10091 0.236629
0.0908303 0.0750464 0.0966301 0.549225 0.0727294 0.0488847 0.0666541
9.9955E-05 9.9955E-05 0.663497 0.336004 9.9955E-05 9.9955E-05 9.9955E-05
0.0744354 0.0425178 0.417016 0.390857 0.026969 0.048105 9.9991E-05
0.101331 0.0664761 0.360081 0.398867 0.00207333 0.0468762 0.0242948
0.0754453 9.9982E-05 9.9982E-05 0.291744 0.132286 0.0415312 0.458794
0.110932 0.106557 0.0396782 0.50939 0.0803711 0.0185625 0.134509
0.0860246 9.9982E-05 9.9982E-05 0.291106 0.0780901 0.0341951 0.510384
0.0114813 0.0470577 9.9991E-05 0.581787 0.0869461 0.0174369 0.255191
0.0567481 0.0241168 0.00861207 0.508712 0.111321 0.0145836 0.275906
9.9973E-05 9.9973E-05 9.9973E-05 0.627099 0.0437662 0.0270636 0.301771
0.00910626 9.9982E-05 9.9982E-05 0.239714 0.065034 0.0894959 0.59645
9.9982E-05 0.0151166 0.0107069 0.679198 9.9982E-05 0.0533336 0.241445
0.0546503 0.117935 9.9991E-05 0.598701 0.0184672 0.0991205 0.111026
9.9973E-05 0.000157178 0.944741 0.026237 9.9973E-05 0.0285653 9.9973E-05
0.0157031 9.9973E-05 0.882421 0.0586713 0.0429047 9.9973E-05 9.9973E-05
0.0409003 0.0693515 0.526765 0.295734 9.9982E-05 0.0670492 9.9982E-05
0.0186738 9.9973E-05 0.61458 0.36409 0.00235642 9.9973E-05 9.9973E-05
0.0322942 9.9964E-05 0.839351 0.127955 9.9964E-05 9.9964E-05 9.9964E-05
9.995E-05 9.995E-05 0.9994 9.995E-05 9.995E-05 9.995E-05 9.995E-05
0.04745 9.9955E-05 0.95205 9.9955E-05 9.9955E-05 9.9955E-05 9.9955E-05
9.9955E-05 9.9955E-05 0.854258 0.145243 9.9955E-05 9.9955E-05 9.9955E-05
0.0596207 9.9955E-05 0.939879 9.9955E-05 9.9955E-05 9.9955E-05 9.9955E-05
9.995E-05 9.995E-05 0.9994 9.995E-05 9.995E-05 9.995E-05 9.995E-05
9.995E-05 9.995E-05 0.9994 9.995E-05 9.995E-05 9.995E-05 9.995E-05
9.9973E-05 0.0129955 0.752539 0.211237 9.9973E-05 0.0229283 9.9973E-05
0.0581465 0.0314071 0.801965 0.103387 9.9982E-05 0.0048948 9.9982E-05
9.995E-05 9.995E-05 0.9994 9.995E-05 9.995E-05 9.995E-05 9.995E-05
0.0790879 0.0844708 0.377242 0.36569 0.0437723 0.0292387 0.0204978
0.0136354 0.0630406 0.669607 0.222158 0.0137702 0.0176885 9.9991E-05
0.0143102 0.0407123 0.782399 0.162279 9.9973E-05 9.9973E-05 9.9973E-05
9.9964E-05 9.9964E-05 0.881481 0.0782387 9.9964E-05 0.0398804 9.9964E-05
9.995E-05 9.995E-05 0.9994 9.995E-05 9.995E-05 9.995E-05 9.995E-05
9.9964E-05 0.00684978 0.960572 0.0321783 9.9964E-05 9.9964E-05 9.9964E-05
9.995E-05 9.995E-05 0.9994 9.995E-05 9.995E-05 9.995E-05 9.995E-05
0.00936384 0.063669 0.652686 0.235938 9.9982E-05 0.0381427 9.9982E-05
9.9955E-05 9.9955E-05 0.979231 9.9955E-05 9.9955E-05 0.0202688 9.9955E-05
9.9973E-05 0.221964 0.0584855 9.9973E-05 0.0539944 9.9973E-05 0.665256
0.067861 0.172198 0.109458 0.369472 9.9982E-05 9.9982E-05 0.280812
9.9982E-05 0.125035 0.0528024 0.494854 0.0262436 9.9982E-05 0.300866
0.00284557 0.106439 0.0941589 0.23198 0.0213499 9.9991E-05 0.543126
0.0379424 0.0862227 0.162183 0.452103 9.9991E-05 0.0830793 0.178369
9.9982E-05 0.178498 0.0833563 0.163845 0.0299017 9.9982E-05 0.544198
0.0473088 0.168983 0.0846909 0.456488 0.0517227 9.9991E-05 0.190707
9.9973E-05 0.138609 0.103377 0.346891 9.9973E-05 9.9973E-05 0.410823
0.0132442 0.149815 0.0880146 0.4958 9.9982E-05 9.9982E-05 0.252926
9.9973E-05 0.149399 0.0655296 0.442824 9.9973E-05 9.9973E-05 0.341947
0.0141777 0.131916 0.128259 0.463246 0.0083205 0.050247 0.203834
0.039241 0.876232 9.9973E-05 0.0676479 9.9973E-05 9.9973E-05 0.0165796
9.9964E-05 0.889854 0.0614339 9.9964E-05 0.0483127 9.9964E-05 9.9964E-05
0.0136731 0.965393 9.9964E-05 0.0205336 9.9964E-05 9.9964E-05 9.9964E-05
9.9964E-05 0.955069 9.9964E-05 9.9964E-05 9.9964E-05 0.000181358 0.0443496
0.0502919 0.870563 9.9973E-05 0.0692693 9.9973E-05 9.9973E-05 0.00957568
9.9964E-05 0.980141 9.9964E-05 0.0116574 0.00780129 9.9964E-05 9.9964E-05
0.013169 0.925004 0.0152668 0.0462607 9.9973E-05 9.9973E-05 9.9973E-05
0.0581682 0.933105 9.9964E-05 9.9964E-05 0.00832688 9.9964E-05 9.9964E-05
0.000673205 0.89227 9.9982E-05 0.0421052 9.9982E-05 0.0230137 0.0417376
0.00870762 0.900918 0.0318922 9.9973E-05 9.9973E-05 9.9973E-05 0.058182
0.293201 0.593597 9.9973E-05 9.9973E-05 9.9973E-05 0.0379842 0.0749179
0.321666 0.615937 9.9982E-05 9.9982E-05 0.0131123 0.0270921 0.0219934
0.36062 0.506977 9.9973E-05 9.9973E-05 9.9973E-05 0.0369357 0.0951671
0.428297 0.439491 9.9973E-05 9.9973E-05 9.9973E-05 0.0215415 0.110371
0.172135 0.0572278 0.0354816 0.425502 0.0102142 0.29934 9.9991E-05
0.102618 0.0759198 0.0151684 0.497781 0.0179721 0.290441 9.9991E-05
0.171388 0.0619988 9.9982E-05 0.565413 0.00644116 0.194559 9.9982E-05
0.323026 0.00942572 9.9973E-05 0.393602 9.9973E-05 0.273646 9.9973E-05
0.609042 9.9991E-05 0.0159095 0.218289 0.0603022 0.0504609 0.0458967
0.0400766 0.0677319 9.9982E-05 0.676019 0.055535 0.160437 9.9982E-05
0.12418 9.9982E-05 0.0148659 0.62572 0.0228153 0.212219 9.9982E-05
0.029976 0.0230185 0.013854 0.517009 0.0500544 0.294202 0.0718862
9.9982E-05 9.9982E-05 0.0238248 0.368773 0.0661016 0.533347 0.00775367
0.108624 0.0372869 0.0404704 0.589933 0.0319401 0.148923 0.0428232
0.0905841 0.00490844 0.00334417 0.427226 9.9982E-05 0.473738 9.9982E-05
9.9964E-05 9.9964E-05 9.9964E-05 9.9964E-05 0.13512 0.799207 0.0652725
0.147049 0.0856687 9.9982E-05 0.57107 0.0570185 0.138993 9.9982E-05
9.9973E-05 9.9973E-05 9.9973E-05 0.142312 0.0570696 0.680549 0.11977
9.9991E-05 0.0280358 0.00582095 0.513761 0.0555119 0.395463 0.00130722
0.198619 0.0123671 9.9973E-05 0.132912 9.9973E-05 0.655802 9.9973E-05
0.80267 0.132967 9.9982E-05 0.0202744 0.00736899 9.9982E-05 0.0365192
0.749298 0.107167 9.9982E-05 0.0915641 0.0213033 9.9982E-05 0.0304676
0.775973 0.0966897 9.9991E-05 0.0325993 0.0214993 0.04829 0.0248488
0.82703 0.110295 9.9973E-05 9.9973E-05 9.9973E-05 0.0289584 0.0334175
0.815125 0.0493494 9.9973E-05 0.111166 0.0240601 9.9973E-05 9.9973E-05
0.757895 0.068785 0.0376706 0.0985452 0.0163845 9.9991E-05 0.0206199
0.0119074 0.853156 0.0609899 0.0133046 9.9982E-05 0.0604421 9.9982E-05
0.0337131 0.819264 0.0224045 0.0814578 9.9991E-05 0.0133117 0.029749
0.0110579 0.797459 0.0252821 0.127292 9.9991E-05 0.0346257 0.00418328
0.025543 0.83306 0.0793312 0.00451162 9.9982E-05 0.0573542 9.9982E-05
0.00990748 0.77036 0.063565 0.12643 9.9982E-05 9.9982E-05 0.0295373
0.532296 0.395719 9.9964E-05 9.9964E-05 9.9964E-05 9.9964E-05 0.0715857
0.518741 0.416256 0.0145939 9.9982E-05 0.0211291 9.9982E-05 0.0290803
0.522517 0.41005 0.0123459 0.0345631 0.0128901 9.9991E-05 0.00753402
9.9964E-05 0.856455 9.9964E-05 0.11973 0.0234148 9.9964E-05 9.9964E-05
0.547226 0.387209 0.00177686 9.9982E-05 0.0525044 0.0110838 9.9982E-05
9.9973E-05 0.235465 0.300207 0.281176 9.9973E-05 9.9973E-05 0.182852
0.0125888 0.153711 0.216113 0.543622 0.00787914 9.9991E-05 0.0659869
9.9973E-05 0.18858 0.240269 0.567212 9.9973E-05 9.9973E-05 0.00363896
9.9982E-05 0.263282 0.27625 0.317373 0.0202982 9.9982E-05 0.122597
0.0335831 0.159243 0.150728 0.526382 0.00204295 0.0349227 0.0930988
9.9964E-05 0.399648 0.31017 9.9964E-05 9.9964E-05 9.9964E-05 0.289782
0.424673 0.0025718 9.9991E-05 0.468241 0.0501084 0.00526011 0.0490453
0.19596 9.9982E-05 9.9982E-05 0.462285 0.180024 0.0472282 0.114303
0.552702 9.9982E-05 9.9982E-05 0.328465 0.000833394 0.0925747 0.0252246
0.156756 9.9982E-05 9.9982E-05 0.542218 0.166984 0.0514079 0.0824346
0.306482 9.9973E-05 9.9973E-05 9.9973E-05 0.310435 0.0612553 0.321527
0.0890229 0.124366 0.0251193 0.608534 0.058694 0.0256893 0.0685745
0.173395 0.00953712 0.0316162 0.515008 0.0902874 0.0401555 0.14
0.471253 0.0326584 9.9991E-05 0.356852 0.0259657 0.0533433 0.059827
0.13452 0.0785283 0.0467493 0.547105 0.0753692 0.0799916 0.0377372
0.296597 9.9982E-05 9.9982E-05 0.15076 0.124003 0.161491 0.26695
0.130483 0.0248518 0.0161135 0.548938 0.0525653 0.10849 0.118559
0.309021 0.0245409 9.9991E-05 0.569591 0.0439388 0.0352428 0.0175657
0.125182 0.0967315 0.14572 0.380519 0.0247115 0.0972166 0.12992
0.250417 9.9991E-05 0.0128977 0.307648 0.151652 0.126366 0.15092
0.187793 9.9991E-05 0.0222196 0.423343 0.0811689 0.121976 0.1634
0.170729 9.9991E-05 0.0231433 0.581943 0.125629 0.0401055 0.0583509
0.22214 9.9982E-05 9.9982E-05 0.560666 0.125081 0.0281559 0.0637577
0.108152 0.0425142 0.0471707 0.671842 0.0818677 9.9991E-05 0.0483532
0.159718 0.0746804 0.0282522 0.579786 0.0600476 0.0190073 0.0785088
0.120927 0.078481 0.0101776 0.561481 0.0345351 0.109715 0.0846834
9.9964E-05 0.858744 0.0390871 0.101769 9.9964E-05 9.9964E-05 9.9964E-05
9.9964E-05 0.874278 9.9964E-05 0.117714 0.00760855 9.9964E-05 9.9964E-05
0.0174114 0.909871 9.9991E-05 0.0495093 0.00541824 0.0100122 0.00767804
0.00233485 0.912777 0.0306675 0.0121023 0.0278986 0.0141196 9.9991E-05
9.9955E-05 0.904672 9.9955E-05 0.0948285 9.9955E-05 9.9955E-05 9.9955E-05
0.604386 0.00427652 0.0519948 0.147047 9.9991E-05 0.0795288 0.112667
0.186926 0.0365656 0.0632037 0.489553 0.128234 0.0373348 0.0581821
0.053839 0.168707 0.170808 0.431923 0.0217613 9.9991E-05 0.152861
0.214466 0.0140076 0.0429062 0.611378 0.0619407 0.0552019 9.9991E-05
0.309627 0.0235157 0.00839571 0.541311 9.9991E-05 0.0910782 0.0259731
0.267721 9.9982E-05 9.9982E-05 0.321213 0.158351 0.0356284 0.216887
0.756053 0.0438917 0.0244431 0.0130542 0.0186669 0.0786972 0.0651936
0.347612 0.0782791 9.9982E-05 0.49038 9.9982E-05 0.0374012 0.046128
0.605546 0.0470533 0.0401527 0.24372 0.00903644 0.0299691 0.0245217
0.196201 0.00711289 0.0289742 0.488761 0.0677223 0.0960897 0.115139
0.637729 0.0521449 9.9991E-05 0.204976 0.0331067 0.0180287 0.0539139
0.259544 0.076457 0.0827037 0.505805 0.060712 0.0146782 9.9991E-05
0.587332 0.0239088 0.0272858 0.175446 0.00494362 0.0990591 0.0820248
0.276994 9.9991E-05 0.0870097 0.272679 0.10456 0.11332 0.145338
0.065029 0.0625539 9.9991E-05 0.562115 0.0766199 0.0235725 0.210009
0.0790545 9.9982E-05 9.9982E-05 0.335503 0.0783137 0.0471541 0.459775
0.0204254 0.0191399 9.9982E-05 0.599296 0.0566103 9.9982E-05 0.304329
0.0773769 0.10333 9.9982E-05 0.610546 0.00195484 9.9982E-05 0.206592
0.0654779 9.9982E-05 9.9982E-05 0.300734 0.050801 0.0541011 0.528686
0.0698498 0.0897459 0.0545276 0.537303 0.0343022 0.0597146 0.154557
0.011399 0.0242596 9.9991E-05 0.514781 0.102974 0.0882676 0.258218
0.0517 9.9982E-05 9.9982E-05 0.133884 0.148513 0.139399 0.526303
0.047795 9.9982E-05 9.9982E-05 0.232766 0.0304948 0.0362286 0.652515
0.0358206 9.9982E-05 9.9982E-05 0.470964 0.0377213 0.0554209 0.399873
0.0270418 9.9982E-05 9.9982E-05 0.0939162 0.110373 0.215513 0.552956
0.117109 9.9982E-05 9.9982E-05 0.463921 0.0147697 0.0703026 0.333698
0.64883 9.9982E-05 0.0221496 0.196538 0.0289581 0.103325 9.9982E-05
0.32798 9.9991E-05 0.0890531 0.168935 0.28001 0.0927575 0.0411633
0.438141 0.0303133 0.0736224 0.412634 0.0285389 0.0166503 9.9991E-05
0.235638 0.0251014 0.0877535 0.481009 0.0610094 0.105222 0.00426738
0.54665 9.9982E-05 0.0264286 0.242579 0.0425186 0.141625 9.9982E-05
0.175956 0.0559773 0.0529993 0.514415 0.0745425 0.10029 0.025819
0.225843 0.038918 0.0398001 0.60217 0.0707217 0.0208853 0.00166186
0.21433 9.9991E-05 0.0558097 0.513441 0.0967751 0.115533 0.00401107
0.293714 0.0353626 0.0550753 0.486491 0.0726704 0.0565868 9.9991E-05
0.419274 9.9973E-05 0.0243651 0.497839 9.9973E-05 0.0582218 9.9973E-05
0.551549 9.9982E-05 0.0197296 0.273815 0.0670084 0.0876976 9.9982E-05
0.471481 9.9982E-05 0.0754276 0.38298 0.0309624 0.0389488 9.9982E-05
0.17792 9.9991E-05 0.0294218 0.589988 0.101589 0.0204072 0.0805749
0.150249 0.00577549 0.076971 0.608823 0.080101 9.9991E-05 0.0779806
0.271437 0.0426356 0.0932643 0.315082 0.049896 0.132779 0.0949067
0.21689 9.9991E-05 0.110583 0.466788 0.102183 0.0800623 0.0233946
0.438033 9.9991E-05 0.0539139 0.374778 0.0507038 0.0522916 0.0301797
0.249026 0.031425 0.0472827 0.575545 0.0414242 0.0524965 0.0028009
0.311293 0.0205376 0.0762117 0.47248 0.0539195 0.065458 9.9991E-05
0.189107 0.0813177 0.0346626 0.54329 0.0779084 0.0363751 0.0373392
0.0656971 0.32185 0.104181 0.455622 9.9982E-05 9.9982E-05 0.0524497
0.0422709 0.153788 0.141299 0.548657 0.0155171 9.9991E-05 0.0983687
0.0578241 0.174855 0.0909567 0.485761 0.0431631 0.00392553 0.143515
0.0562907 0.105602 0.123256 0.541905 0.0810158 9.9991E-05 0.091831
9.9991E-05 0.175909 0.175413 0.447101 0.0490856 0.04401 0.108381
0.189605 9.9982E-05 9.9982E-05 0.503613 0.164316 0.0365854 0.105681
0.0451322 0.167726 0.101869 0.505932 9.9991E-05 0.0744421 0.104799
0.0859921 0.180604 0.160373 0.0862863 0.0400466 0.032927 0.413771
0.0647552 0.100707 0.0957379 0.603347 0.0185574 9.9991E-05 0.116796
0.0562322 0.156092 0.151553 0.520342 0.0313472 9.9991E-05 0.0843334
0.0584553 0.0857149 0.117414 0.571173 0.0724752 0.0411397 0.0536275
0.0230932 0.179836 0.0705528 0.364886 0.0724423 0.0224456 0.266744
0.030914 0.203014 0.112393 0.560875 9.9982E-05 9.9982E-05 0.0926033
9.9982E-05 0.155072 0.138097 0.534776 0.100309 9.9982E-05 0.0715458
9.9964E-05 0.436509 0.123502 9.9964E-05 9.9964E-05 9.9964E-05 0.439589
0.077277 0.197358 0.157027 0.511357 0.0291757 0.00973651 0.0180688
9.9982E-05 0.179908 0.178625 0.519728 0.0290222 9.9982E-05 0.092517
0.069568 0.0974114 0.131225 0.557162 0.0369958 0.0381484 0.0694887
9.9973E-05 0.18184 0.164713 0.568909 9.9973E-05 9.9973E-05 0.0842378
0.0248613 0.217999 0.0761246 0.521068 9.9991E-05 0.0622679 0.0975786
9.9982E-05 0.0610856 0.0103836 0.399572 0.446105 0.0826541 9.9982E-05
0.00793929 0.0681481 0.0883976 0.469949 0.266533 0.0748599 0.0241731
0.0420105 9.9973E-05 9.9973E-05 9.9973E-05 0.91578 0.0366991 0.00521078
0.0339086 9.9955E-05 9.9955E-05 9.9955E-05 0.965592 9.9955E-05 9.9955E-05
0.00997917 0.113165 0.00590135 0.52181 0.306967 9.9991E-05 0.0420774
9.9982E-05 0.164866 0.300279 0.321832 0.11187 9.9982E-05 0.100953
9.9982E-05 0.164676 0.274592 0.301474 0.227599 9.9982E-05 0.0314584
9.9982E-05 0.165096 0.310225 0.151488 0.278227 9.9982E-05 0.0947643
9.9982E-05 0.17278 0.249493 0.311338 0.211182 9.9982E-05 0.0550067
9.9982E-05 0.0941882 0.0633022 0.0124512 0.742221 9.9982E-05 0.087637
0.00681463 0.0848234 0.0984961 0.0467183 0.700354 9.9991E-05 0.0626933
0.00464281 0.0232123 0.0456026 0.529043 0.39377 0.00362941 9.9991E-05
9.9973E-05 0.0482796 0.113975 0.349631 0.487814 9.9973E-05 9.9973E-05
9.9973E-05 0.0648771 0.0590673 0.169453 0.706302 9.9973E-05 9.9973E-05
0.0878026 0.0439 0.0682615 0.521341 0.278495 9.9982E-05 9.9982E-05
9.9973E-05 0.0562482 0.0349391 0.552368 0.356145 9.9973E-05 9.9973E-05
0.0305556 0.0793487 0.0623635 0.498522 0.258181 0.0563387 0.01469
0.00212378 0.00912038 9.9991E-05 0.308052 0.668243 0.0119991 0.000361535
0.0629425 0.0112942 9.9982E-05 0.366793 0.519278 0.0394914 9.9982E-05
0.0693308 0.0571254 0.0178208 0.499656 0.355868 9.9982E-05 9.9982E-05
0.11037 0.0298636 0.00165805 0.416967 0.403068 9.9991E-05 0.0379732
0.0280102 0.103965 0.0251687 0.549914 0.218951 0.0395685 0.034423
0.0284099 0.00328306 9.9991E-05 0.442357 0.427756 0.0590568 0.0390379
0.0477474 0.0038722 9.9973E-05 0.144545 0.803535 9.9973E-05 9.9973E-05
9.9964E-05 0.0403905 9.9964E-05 0.584867 0.374342 9.9964E-05 9.9964E-05
0.0524148 9.9973E-05 9.9973E-05 0.127832 0.796144 0.0233102 9.9973E-05
9.9973E-05 0.0409213 9.9973E-05 0.421486 0.502868 0.0344248 9.9973E-05
0.0582262 0.118557 9.9991E-05 0.492949 0.291612 0.0268789 0.011676
0.0506939 0.0702622 0.00902533 0.49488 0.314714 0.0342307 0.0261942
0.000139236 0.166804 0.15532 0.465519 0.113595 0.0173228 0.0812993
0.00858468 0.166357 0.136402 0.458424 0.114944 0.0527127 0.0625757
9.9982E-05 0.208202 0.264698 0.314848 0.0653746 9.9982E-05 0.146677
0.0166422 0.210814 0.231226 0.311137 0.0964201 0.0318579 0.101903
0.0347001 0.181773 0.174072 0.499313 0.0308815 0.0213445 0.0579166
9.9991E-05 0.193488 0.119023 0.463729 0.164471 0.00650157 0.0526881
9.9973E-05 0.16159 0.105252 9.9973E-05 0.665916 9.9973E-05 0.0669422
0.00456963 0.0834635 0.22181 0.510783 0.174278 0.004901 0.000194307
9.9973E-05 0.300827 0.0786004 9.9973E-05 0.356102 9.9973E-05 0.264171
9.9973E-05 0.0575408 0.128834 0.465844 0.347481 9.9973E-05 9.9973E-05
9.9955E-05 9.9955E-05 9.9955E-05 0.0654939 0.934006 9.9955E-05 9.9955E-05
9.9955E-05 9.9955E-05 9.9955E-05 9.9955E-05 0.953027 0.0464729 9.9955E-05
9.9955E-05 9.9955E-05 9.9955E-05 0.447806 0.551694 9.9955E-05 9.9955E-05
9.9964E-05 0.0110333 9.9964E-05 0.57632 0.412247 9.9964E-05 9.9964E-05
9.9955E-05 9.9955E-05 9.9955E-05 0.36604 0.633461 9.9955E-05 9.9955E-05
9.9964E-05 9.9964E-05 9.9964E-05 0.528833 0.447477 0.0232894 9.9964E-05
9.9955E-05 9.9955E-05 9.9955E-05 0.520646 0.478855 9.9955E-05 9.9955E-05
0.0830631 0.867017 0.0162954 0.00585759 0.0156071 0.0120598 9.9991E-05
0.0676366 0.751959 0.0402815 0.0543007 0.0435031 0.0125518 0.0297672
0.0198238 0.927929 0.0289865 0.0109721 9.9982E-05 9.9982E-05 0.0120887
9.9964E-05 0.933217 9.9964E-05 0.0206087 9.9964E-05 9.9964E-05 0.0457747
0.00505955 0.0374273 0.0270395 0.520837 9.9991E-05 0.309842 0.099695
0.0401486 0.0660292 0.00892091 0.535691 0.0386311 0.310479 9.9991E-05
0.0134959 0.0258381 9.9973E-05 0.514107 9.9973E-05 0.44626 9.9973E-05
0.0719705 0.0861158 0.0177102 0.552243 9.9991E-05 0.249757 0.0221041
0.0453983 0.0818431 9.9982E-05 0.605772 9.9982E-05 0.137415 0.129372
0.108446 0.0532862 9.9973E-05 0.290994 9.9973E-05 0.546975 9.9973E-05
9.9964E-05 0.0113206 9.9964E-05 0.656404 9.9964E-05 0.331875 9.9964E-05
9.9982E-05 0.00713602 9.9982E-05 0.239409 0.108902 0.574102 0.0702507
0.0371399 0.343672 0.130258 0.413867 0.0148093 0.00596296 0.0542915
9.9982E-05 9.9982E-05 0.0170934 0.419005 0.120684 0.413147 0.0298713
0.115374 0.0084805 9.9973E-05 0.356513 9.9973E-05 0.519332 9.9973E-05
0.00969434 9.9982E-05 9.9982E-05 0.506787 0.047259 0.373836 0.062224
0.0831818 0.0369379 0.0479334 0.348983 9.9982E-05 0.482764 9.9982E-05
9.9973E-05 9.9973E-05 0.00374617 0.57244 0.0569866 0.366527 9.9973E-05
0.0393001 0.0989446 9.9982E-05 0.544109 0.0169291 0.300517 9.9982E-05
9.9973E-05 9.9973E-05 9.9973E-05 0.00614847 0.0809373 0.837666 0.0749481
9.9982E-05 9.9982E-05 0.0211718 0.300297 0.0474087 0.552842 0.0780811
9.9973E-05 9.9973E-05 0.00562596 0.331201 0.0919569 0.570916 9.9973E-05
9.9964E-05 9.9964E-05 9.9964E-05 9.9964E-05 0.0887207 0.794851 0.116028
0.102812 0.0779108 0.00460238 0.391703 9.9991E-05 0.416992 0.00588055
9.9973E-05 9.9973E-05 9.9973E-05 0.066191 0.0411962 0.641012 0.251301
9.9964E-05 9.9964E-05 9.9964E-05 9.9964E-05 0.0239423 0.834557 0.141101
9.9991E-05 0.0490499 0.00785611 0.55745 0.0342063 0.329079 0.0222579
0.191648 0.0411021 0.00462757 0.165723 9.9982E-05 0.596699 9.9982E-05
0.0844741 0.0273838 9.9973E-05 0.489137 9.9973E-05 0.398705 9.9973E-05
0.00574717 0.0943818 9.9982E-05 0.64611 9.9982E-05 0.153931 0.0996299
0.0686279 0.0313811 9.9973E-05 0.493172 9.9973E-05 0.406519 9.9973E-05
0.274277 9.9991E-05 0.0108607 0.358483 0.147139 0.0650691 0.144072
0.0206577 0.0657313 0.00855341 0.529371 0.0245887 0.350998 9.9991E-05
0.149474 0.0189229 9.9973E-05 0.515884 9.9973E-05 0.315419 9.9973E-05
9.9973E-05 9.9973E-05 9.9973E-05 0.309686 0.0871364 0.578669 0.0242089
0.0855892 0.0981046 0.0487202 0.515488 0.00472685 0.232565 0.0148069
0.298141 0.660164 9.9964E-05 9.9964E-05 9.9964E-05 9.9964E-05 0.0412956
0.159613 0.768986 9.9973E-05 9.9973E-05 9.9973E-05 0.0470527 0.0240486
0.127429 0.841103 9.9964E-05 9.9964E-05 9.9964E-05 9.9964E-05 0.0310683
0.144851 0.810512 9.9964E-05 9.9964E-05 9.9964E-05 9.9964E-05 0.0442371
0.158441 0.735742 9.9973E-05 0.0240478 9.9973E-05 9.9973E-05 0.0814699
0.14061 0.0441443 9.9973E-05 0.130878 9.9973E-05 0.684068 9.9973E-05
0.134085 0.0436849 9.9973E-05 0.11866 9.9973E-05 0.703271 9.9973E-05
9.9982E-05 9.9982E-05 0.0235907 0.152904 0.0406992 0.771778 0.0108285
0.0211869 0.160706 0.0177786 0.551802 0.0227506 0.147514 0.0782613
0.0483825 0.155104 0.0312088 0.55051 0.0285523 0.165981 0.0202615
9.9982E-05 9.9982E-05 0.0371904 0.238399 0.0198453 0.615515 0.0888502
9.9991E-05 0.0197683 0.0473278 0.541637 0.0379883 0.31405 0.0391292
9.9991E-05 0.0454145 0.102441 0.323357 0.0376067 0.447656 0.0434248
0.0405074 0.0573788 0.00748854 0.527366 9.9982E-05 0.367059 9.9982E-05
0.0313263 0.0371482 0.0427665 0.585584 9.9982E-05 0.302975 9.9982E-05
0.155769 0.00768485 9.9973E-05 0.22515 9.9973E-05 0.611096 9.9973E-05
0.148828 9.9964E-05 9.9964E-05 0.283574 9.9964E-05 0.567198 9.9964E-05
0.101482 0.029552 9.9973E-05 0.309472 9.9973E-05 0.559195 9.9973E-05
0.0630811 0.0986841 9.9973E-05 0.644357 9.9973E-05 9.9973E-05 0.193578
0.0921582 0.0269939 9.9973E-05 0.371215 9.9973E-05 0.509333 9.9973E-05
0.102069 0.0472893 9.9973E-05 0.374397 9.9973E-05 0.475945 9.9973E-05
0.0307543 0.0929805 0.365192 0.410325 0.0182888 0.0182954 0.0641645
0.0321845 0.0780017 0.483188 0.275883 0.0174418 0.00188548 0.111416
0.0344938 0.117233 0.396117 0.437247 0.000111119 9.9991E-05 0.0146975
9.9982E-05 0.120744 0.517433 0.277456 0.0109959 9.9982E-05 0.0731713
0.00149849 0.106376 0.270256 0.497316 0.0387946 0.0281716 0.0575865
9.9982E-05 0.0452109 9.9982E-05 0.520232 0.0071537 0.215043 0.212161
0.00947639 0.241469 0.646711 9.9973E-05 9.9973E-05 9.9973E-05 0.102043
9.9991E-05 0.153615 0.46698 0.31796 0.0180021 0.0214144 0.0219286
9.9982E-05 0.142301 0.131924 0.37551 9.9982E-05 0.0730074 0.277057
0.0715299 0.12155 9.9982E-05 0.518195 9.9982E-05 0.00529095 0.283234
0.0751909 0.107312 0.00542432 0.518336 0.0155835 9.9991E-05 0.278053
0.0609116 0.106628 9.9973E-05 0.598327 9.9973E-05 9.9973E-05 0.233834
0.0263549 0.132329 0.0397283 0.608424 9.9991E-05 0.0366224 0.156442
9.9973E-05 0.182211 0.44018 0.369196 9.9973E-05 9.9973E-05 0.00811366
0.0593296 0.16268 0.344358 0.364708 9.9991E-05 0.0315319 0.037293
9.9973E-05 0.0919206 0.510304 0.383715 9.9973E-05 9.9973E-05 0.0137606
9.9991E-05 0.151317 0.281886 0.409425 0.08826 0.0324989 0.036512
0.00846969 0.169167 0.480161 0.247128 0.0190253 0.0097509 0.066298
0.0508563 0.129586 0.309521 0.417383 9.9991E-05 0.0403612 0.0521935
0.013885 0.0979419 0.552409 0.228657 0.0338743 0.0100884 0.0631439
0.00935535 0.109814 0.324268 0.401969 0.0768833 0.0131375 0.0645731
9.9973E-05 0.0705435 9.9973E-05 0.528929 9.9973E-05 0.0305247 0.369703
0.0143424 0.189157 0.323136 0.354406 0.0510255 0.000699922 0.067233
9.9973E-05 0.192439 0.575516 0.160378 9.9973E-05 9.9973E-05 0.0713666
0.0244545 0.133386 0.352048 0.381426 9.9991E-05 0.0892428 0.0193428
0.143079 0.116315 9.9982E-05 0.31809 9.9982E-05 0.0735654 0.34875
9.9973E-05 0.00182316 0.0084566 0.637388 9.9973E-05 9.9973E-05 0.352032
0.0664402 0.123138 0.351292 0.391986 9.9982E-05 9.9982E-05 0.066944
0.10153 0.123469 9.9982E-05 0.562901 9.9982E-05 0.0128942 0.199006
0.0950893 0.132114 9.9973E-05 0.524682 9.9973E-05 9.9973E-05 0.247814
9.9991E-05 0.170864 0.190812 0.355316 0.0319445 0.0613536 0.18961
9.9982E-05 0.19095 0.260405 0.342738 0.0692246 9.9982E-05 0.136483
0.0473954 0.113745 0.0527487 0.569434 9.9991E-05 0.0437104 0.172867
0.0287821 0.176677 0.306196 0.376216 0.00870162 0.103327 9.9991E-05
0.0495295 0.101536 0.389006 0.457462 9.9982E-05 9.9982E-05 0.00226646
9.9973E-05 0.185582 0.610213 0.138264 9.9973E-05 9.9973E-05 0.0656408
0.0243118 0.145204 0.035572 0.643855 0.00679051 0.0275819 0.116685
0.0538794 0.106872 9.9982E-05 0.457376 9.9982E-05 0.0294284 0.352245
9.9982E-05 0.010497 9.9982E-05 0.203038 0.0145444 0.0184611 0.75326
0.0522584 0.12707 0.0472045 0.565217 9.9991E-05 0.088068 0.120082
0.136425 0.0657481 0.0194332 0.426072 0.124708 0.00104848 0.226565
9.9982E-05 0.170249 0.12664 0.477323 9.9982E-05 0.0427685 0.182819
0.0265232 0.127927 0.107116 0.445131 0.0598729 0.0515863 0.181843
9.9964E-05 0.298288 0.108771 9.9964E-05 9.9964E-05 9.9964E-05 0.592541
9.9964E-05 0.20335 0.0686391 9.9964E-05 9.9964E-05 9.9964E-05 0.727611
9.9982E-05 0.162351 0.0474021 0.334937 0.0765188 9.9982E-05 0.378591
9.9973E-05 0.241957 0.163569 0.054836 9.9973E-05 9.9973E-05 0.539338
9.9964E-05 0.387312 0.173117 9.9964E-05 9.9964E-05 9.9964E-05 0.439171
9.9991E-05 0.141772 0.0958408 0.377325 0.0138934 0.0250943 0.345975
0.0169459 0.210228 0.120002 0.422834 9.9982E-05 9.9982E-05 0.22979
9.9982E-05 0.23605 0.129449 0.162522 9.9982E-05 0.00822555 0.463553
9.9973E-05 0.164177 0.120121 0.0946678 9.9973E-05 9.9973E-05 0.620735
9.9982E-05 0.130285 0.117209 0.495624 9.9982E-05 0.0214382 0.235243
9.9973E-05 0.173817 0.121914 0.199823 9.9973E-05 9.9973E-05 0.504146
9.9964E-05 0.253216 0.0493713 9.9964E-05 9.9964E-05 9.9964E-05 0.697013
0.0663812 0.106345 0.163821 0.458736 0.0140155 0.0852519 0.105449
9.9982E-05 0.159379 0.164033 0.332867 0.0181591 9.9982E-05 0.325362
0.00303776 0.321326 0.148775 0.437075 9.9991E-05 0.0440501 0.0456362
9.9973E-05 0.166853 0.217975 0.588064 9.9973E-05 9.9973E-05 0.0268087
9.9973E-05 0.111687 0.203682 0.511396 9.9973E-05 9.9973E-05 0.172935
9.9982E-05 0.183788 0.233703 0.467553 0.0393995 9.9982E-05 0.0753566
0.0543813 0.32813 0.196757 0.325896 9.9982E-05 9.9982E-05 0.0946359
0.0673585 0.211713 0.169464 0.490282 0.00180324 9.9991E-05 0.0592789
9.9982E-05 0.276132 0.182019 0.472664 9.9982E-05 0.0222254 0.0467596
0.0517168 0.209583 0.252013 0.253738 0.0459 0.00118893 0.18586
0.112424 0.204932 0.132766 0.287565 9.9991E-05 0.227943 0.0342708
0.0272535 0.218894 0.119602 0.500592 9.9991E-05 0.0571162 0.0764422
0.0557331 0.167888 0.15476 0.530594 0.0339325 9.9991E-05 0.056992
9.9991E-05 0.16394 0.0918018 0.547099 0.0981147 0.0918809 0.00706359
9.9973E-05 0.263438 0.181085 0.472548 9.9973E-05 9.9973E-05 0.0826293
0.00823058 0.249823 0.131292 0.511106 0.0311685 0.0485157 0.0198639
9.9973E-05 0.312291 0.286026 0.0674819 9.9973E-05 9.9973E-05 0.333902
0.0276121 0.154401 0.151929 0.492234 0.0487796 0.0388391 0.0862044
9.9982E-05 0.314743 0.288262 0.156083 0.0483385 9.9982E-05 0.192374
0.172863 0.811557 9.9973E-05 9.9973E-05 9.9973E-05 0.00646746 0.0088126
0.787668 0.0346781 0.0325281 0.114504 0.0304212 9.9982E-05 9.9982E-05
0.9994 9.995E-05 9.995E-05 9.995E-05 9.995E-05 9.995E-05 9.995E-05
0.9994 9.995E-05 9.995E-05 9.995E-05 9.995E-05 9.995E-05 9.995E-05
0.954986 9.9955E-05 9.9955E-05 0.0445139 9.9955E-05 9.9955E-05 9.9955E-05
0.980732 9.9957E-05 0.0187679 9.9957E-05 9.9957E-05 9.9957E-05 9.9957E-05
0.947888 9.9955E-05 9.9955E-05 0.0516125 9.9955E-05 9.9955E-05 9.9955E-05
0.9994 9.995E-05 9.995E-05 9.995E-05 9.995E-05 9.995E-05 9.995E-05
0.839573 0.159927 9.9955E-05 9.9955E-05 9.9955E-05 9.9955E-05 9.9955E-05
0.0567968 0.888773 9.9973E-05 9.9973E-05 9.9973E-05 0.0283495 0.0257807
0.13216 0.785085 9.9973E-05 0.0569236 0.0255317 9.9973E-05 9.9973E-05
0.0473898 0.878704 0.00610863 0.0177909 0.00599946 0.0256673 0.0183404
0.0885448 0.854671 0.00737986 0.022471 0.0267333 9.9982E-05 9.9982E-05
0.0878252 0.885271 0.0161248 9.9973E-05 9.9973E-05 0.0104789 9.9973E-05
0.0403903 0.892308 0.00254852 0.0469657 9.9982E-05 0.0175875 9.9982E-05
0.012222 0.743142 0.058255 0.119728 0.0307569 9.9991E-05 0.0357963
9.9955E-05 0.903117 9.9955E-05 0.0963837 9.9955E-05 9.9955E-05 9.9955E-05
0.0978499 0.710402 0.0624765 0.10019 0.010936 9.9991E-05 0.0180456
9.9964E-05 0.925604 0.0575674 0.016429 9.9964E-05 9.9964E-05 9.9964E-05
9.9955E-05 0.975402 9.9955E-05 9.9955E-05 0.0240986 9.9955E-05 9.9955E-05
9.9982E-05 0.900572 0.0142479 0.0382056 0.0120237 0.0347511 9.9982E-05
9.9964E-05 0.986721 9.9964E-05 9.9964E-05 0.000390897 9.9964E-05 0.0124878
9.9964E-05 0.948265 9.9964E-05 0.021572 0.0297627 9.9964E-05 9.9964E-05
9.9973E-05 0.89847 0.0024272 0.0898266 9.9973E-05 9.9973E-05 0.0089767
9.9955E-05 0.910667 9.9955E-05 0.0888332 9.9955E-05 9.9955E-05 9.9955E-05
9.9964E-05 0.857907 0.0460126 0.0956807 9.9964E-05 9.9964E-05 9.9964E-05
9.9964E-05 0.849384 0.0163057 0.13391 9.9964E-05 9.9964E-05 9.9964E-05
9.9964E-05 0.811843 0.0596571 0.128101 9.9964E-05 9.9964E-05 9.9964E-05
0.0946377 0.109929 9.9982E-05 0.425477 9.9982E-05 0.0692014 0.300555
0.0383765 0.0634783 9.9973E-05 0.692538 9.9973E-05 9.9973E-05 0.205308
0.0277306 0.131302 0.0531496 0.581565 9.9991E-05 0.140736 0.065416
9.9973E-05 9.9973E-05 0.00519354 0.146239 9.9973E-05 0.100042 0.748225
0.0832353 0.0621865 9.9982E-05 0.515995 9.9982E-05 0.0123112 0.326072
9.9955E-05 9.9955E-05 9.9955E-05 0.151025 9.9955E-05 9.9955E-05 0.848475
9.9982E-05 0.0808708 0.0233723 0.64832 0.0174731 9.9982E-05 0.229764
0.0788536 0.120194 9.9982E-05 0.415643 9.9982E-05 0.101572 0.283538
0.0444715 0.0933621 9.9982E-05 0.50594 9.9982E-05 0.00429941 0.351727
0.0873313 0.0451734 0.0135824 0.46691 9.9982E-05 0.386803 9.9982E-05
0.0843326 0.115358 9.9982E-05 0.454064 9.9982E-05 0.0826856 0.26336
0.00524414 0.0609171 0.00555648 0.66999 0.00732377 0.021036 0.229933
0.112759 0.0945908 9.9973E-05 0.548979 9.9973E-05 9.9973E-05 0.243372
0.460143 9.9982E-05 0.072827 9.9982E-05 0.2141 0.130498 0.122233
0.0361062 9.9982E-05 9.9982E-05 0.0515969 0.0520072 0.0132847 0.846805
0.011979 9.9973E-05 9.9973E-05 0.21937 9.9973E-05 0.0147692 0.753582
0.0359831 0.103674 0.00631121 0.624873 9.9991E-05 0.0328515 0.196207
0.0164404 0.00740139 9.9973E-05 0.536318 9.9973E-05 9.9973E-05 0.439541
9.9973E-05 0.0635647 9.9973E-05 0.600083 9.9973E-05 0.0457507 0.290302
