0.0273091 0.0328912 0.0413469 0.877837 9.9982E-05 9.9982E-05 0.0204154
9.9973E-05 0.00943571 0.0288414 0.95227 0.00915334 9.9973E-05 9.9973E-05
9.9973E-05 9.9973E-05 0.0280787 0.855481 0.0576623 9.9973E-05 0.0584785
0.00197736 9.9982E-05 0.0431163 0.814367 0.00509561 9.9982E-05 0.135244
9.9955E-05 9.9955E-05 9.9955E-05 0.921098 9.9955E-05 9.9955E-05 0.0784021
0.0441513 0.0278428 0.0369245 0.649905 0.0524091 0.0962588 0.0925089
0.0380079 9.9991E-05 0.0426251 0.77155 0.0244136 0.102811 0.0204921
0.102136 0.00911447 0.0358466 0.715162 9.9991E-05 0.119271 0.0183701
0.136306 9.99729E-05 0.0214644 0.816667 9.99729E-05 0.0252632 9.99729E-05
0.0662348 9.9982E-05 0.00684976 0.766577 9.9982E-05 0.0977767 0.0623614
0.0516531 9.9982E-05 0.0051483 0.762388 9.9982E-05 0.0805377 0.100072
0.505369 0.0278793 9.9991E-05 0.041207 0.111278 0.0580804 0.256086
0.294199 0.0134824 0.0205506 0.0528955 0.02882 0.000685127 0.589368
0.465932 0.072447 0.00499668 0.00366454 0.0860375 0.0981045 0.268818
0.430518 0.119024 9.9991E-05 0.0269548 0.0189796 0.0811477 0.323276
0.295719 0.101227 9.9991E-05 0.058 0.028818 0.0513892 0.464747
0.237951 0.0972896 9.9982E-05 9.9982E-05 0.036918 0.0634606 0.564181
0.289079 0.0296752 0.0367692 0.00921766 0.10009 0.057637 0.477532
0.392966 0.0766361 0.0195021 0.0877781 0.012042 0.110018 0.301058
0.683071 9.9982E-05 9.9982E-05 0.0450829 0.106375 0.110806 0.0544656
0.302144 0.0210908 0.0210638 0.0100904 0.113704 0.0661017 0.465806
0.165178 0.0327435 0.00150047 0.0442027 0.0855461 0.246598 0.424232
0.196704 0.0453338 0.0359211 0.00308885 0.13158 0.0532051 0.534167
0.444923 0.052422 9.9991E-05 0.061649 0.0920063 0.0752041 0.273695
0.132542 0.0944571 0.0130164 0.0714599 0.0102615 0.0473819 0.630881
0.268529 0.016169 0.00914345 0.0246015 0.0676479 0.0479684 0.565941
0.512794 0.0170792 9.9991E-05 0.0492466 0.125662 0.0501183 0.245
0.427732 0.0606073 9.9991E-05 0.0511096 0.0986233 0.0671916 0.294637
0.488021 9.9982E-05 9.9982E-05 0.0272443 0.104204 0.124068 0.256262
9.995E-05 9.995E-05 0.9994 9.995E-05 9.995E-05 9.995E-05 9.995E-05
9.995E-05 9.995E-05 0.9994 9.995E-05 9.995E-05 9.995E-05 9.995E-05
0.0172725 0.0628346 0.367168 0.476519 9.9982E-05 9.9982E-05 0.0760064
9.9973E-05 0.0568984 0.301018 0.498546 9.9973E-05 9.9973E-05 0.143237
0.0867106 9.9991E-05 0.0376484 0.0510441 0.252794 0.0685967 0.503106
0.0840821 0.0329923 0.034634 0.0608986 0.291288 9.9991E-05 0.496005
9.9973E-05 9.9973E-05 9.9973E-05 0.0133058 0.399309 0.00142935 0.585656
0.628513 9.9982E-05 9.9982E-05 0.0450613 0.0997358 0.0221952 0.204295
9.9982E-05 0.0206967 0.00746118 9.9982E-05 0.565478 0.188418 0.217747
0.10664 0.0152357 0.021334 0.0939278 0.231153 9.9991E-05 0.531609
9.9982E-05 9.9982E-05 0.00415227 0.0316049 0.228071 0.0408374 0.695135
0.0714789 9.9991E-05 0.0180457 0.138279 0.0863303 0.127743 0.558023
0.100092 0.0141535 0.0127407 0.0794802 0.128875 0.0530632 0.611595
0.179068 9.9973E-05 9.9973E-05 0.0314221 0.696045 9.9973E-05 0.0931645
0.0126109 9.99745E-05 9.99745E-05 0.0579837 9.99745E-05 0.25186 0.677245
0.0498922 0.0200866 0.00529644 0.0345848 0.187429 0.101737 0.600974
0.0528641 0.0167215 0.028723 0.124973 0.124911 0.0762101 0.575598
9.9964E-05 9.9964E-05 9.9964E-05 9.9964E-05 0.59416 0.106909 0.29853
0.0246178 9.9991E-05 0.0137454 0.0695355 0.285918 0.00467521 0.601408
0.0361458 0.0110828 0.0221748 0.0950473 0.146675 0.0823309 0.606543
9.9955E-05 9.9955E-05 9.9955E-05 9.9955E-05 0.579651 0.419849 9.9955E-05
0.614689 9.9973E-05 9.9973E-05 9.9973E-05 0.0715702 0.128202 0.18524
0.278955 0.051906 9.9982E-05 9.9982E-05 0.100214 0.396355 0.172369
0.205707 0.062331 0.0182952 9.9991E-05 0.0341331 0.101787 0.577647
0.108241 0.0716143 0.0157677 0.0587635 0.0536251 0.0975444 0.594444
0.0823423 0.0437095 9.9991E-05 0.0821773 0.0509701 0.147495 0.593206
0.500111 0.00743105 0.023326 0.0919876 0.1116 0.0677708 0.197774
0.31993 0.00634222 0.0140838 9.9991E-05 0.0410429 0.039466 0.579035
0.165839 0.0652967 0.0347454 0.0558624 0.119581 0.0165736 0.542103
0.240027 9.9991E-05 0.0132575 0.100904 0.109349 0.104006 0.432356
0.497816 0.0170656 9.9991E-05 0.156001 0.102448 0.092682 0.133887
0.193957 0.0565878 0.00777983 0.0667143 0.0531488 0.0828344 0.538978
0.259931 0.0519285 0.0280431 0.025625 0.0700245 0.101756 0.462692
0.554276 9.9991E-05 0.0450617 0.0357659 0.115129 0.146428 0.10324
0.405891 9.9973E-05 9.9973E-05 9.9973E-05 0.10093 0.0509828 0.441896
0.0886811 0.0501436 0.0124904 0.0522824 0.0945225 0.134755 0.567125
0.137283 0.00740188 0.0408755 0.0506277 0.0312397 0.0903424 0.64223
0.363599 0.0487978 0.0490247 0.0443357 0.132645 0.0771506 0.284447
0.212304 0.0584994 0.0323086 0.0152279 0.0937615 0.109183 0.478716
0.187237 0.0826629 0.0224425 0.0241324 0.0730737 0.0844013 0.52605
0.47562 9.9991E-05 0.0122335 0.0226193 0.141081 0.113461 0.234885
0.0115386 0.004975 9.9982E-05 0.0411425 0.493234 9.9982E-05 0.448909
0.0642243 9.9973E-05 0.0236455 9.9973E-05 0.742099 9.9973E-05 0.169732
0.0231607 0.0563552 0.00673924 0.137395 0.274705 0.0283119 0.473333
9.9955E-05 9.9955E-05 9.9955E-05 9.9955E-05 0.812897 0.186603 9.9955E-05
9.9955E-05 9.9955E-05 9.9955E-05 9.9955E-05 0.8178 0.1817 9.9955E-05
9.9964E-05 9.9964E-05 9.9964E-05 9.9964E-05 0.711514 0.0910626 0.197023
0.0620407 9.9982E-05 0.0170109 0.0144499 0.439577 9.9982E-05 0.466722
0.0891984 0.0838816 0.0123844 0.0864672 0.0777823 0.0749364 0.57535
9.9973E-05 9.9973E-05 0.00410601 9.9973E-05 0.48882 0.0250636 0.481711
0.148991 9.9973E-05 9.9973E-05 0.0553508 0.653109 9.9973E-05 0.142249
0.172398 9.9982E-05 0.000435303 0.0104956 0.575307 9.9982E-05 0.241164
0.12461 0.0161975 0.0286686 0.0454805 0.253884 0.0168108 0.514349
0.0573534 9.9982E-05 0.0118513 0.0223545 0.596822 9.9982E-05 0.311418
0.0904964 9.9973E-05 0.0318235 9.9973E-05 0.443783 9.9973E-05 0.433598
9.9973E-05 9.9973E-05 9.9973E-05 0.00798453 0.470378 0.0824256 0.438912
9.9955E-05 9.9955E-05 9.9955E-05 9.9955E-05 0.635 0.3645 9.9955E-05
9.9991E-05 0.0172041 0.00590098 0.0305808 0.326768 0.0178517 0.601595
0.0586452 9.9973E-05 0.0611638 0.778405 9.9973E-05 9.9973E-05 0.101487
9.9964E-05 9.9964E-05 0.0739761 0.862306 9.9964E-05 9.9964E-05 0.063318
9.9973E-05 0.0297708 0.0380413 0.825122 9.9973E-05 9.9973E-05 0.106766
9.9973E-05 0.0183445 0.0365389 0.896281 9.9973E-05 9.9973E-05 0.0485356
9.9964E-05 0.0533986 0.0439893 0.902212 9.9964E-05 9.9964E-05 9.9964E-05
9.9973E-05 0.0387519 0.0162793 0.86256 9.9973E-05 9.9973E-05 0.0821093
9.9964E-05 9.9964E-05 0.0333629 0.902028 9.9964E-05 9.9964E-05 0.0642092
0.0987033 0.019876 0.0221401 0.0805983 0.246824 9.9991E-05 0.531758
0.0831095 0.0638579 0.0291571 0.10478 0.13614 0.0442957 0.538659
0.199405 9.9973E-05 9.9973E-05 0.0555636 0.721525 9.9973E-05 0.0232064
0.0577084 0.0301656 0.0306352 0.0334729 0.195751 0.0714629 0.580804
0.145638 9.9982E-05 0.00592291 0.0172944 0.464105 9.9982E-05 0.36684
0.0630024 9.9991E-05 0.0185175 0.0401151 0.372959 0.00327521 0.502031
0.0347901 0.0159285 0.0173843 0.00221806 0.205778 0.163052 0.560849
0.0211613 0.0520173 0.034422 9.9991E-05 0.394758 0.0404692 0.457073
0.275511 9.9964E-05 9.9964E-05 0.0348355 0.689254 9.9964E-05 9.9964E-05
0.129196 0.0746677 0.0360257 0.0531738 0.173125 0.0323119 0.5015
0.0291701 9.9991E-05 0.000646741 0.11596 0.172447 0.0381763 0.6435
0.0867818 0.0180321 0.0372859 0.0825544 0.0848568 0.0640661 0.626423
0.0635831 0.0404841 0.0174206 9.9991E-05 0.508558 0.165439 0.204415
0.000706475 9.9982E-05 9.9982E-05 0.00480953 0.456552 0.0571458 0.480586
0.126968 9.9973E-05 9.9973E-05 0.0275881 0.391709 9.9973E-05 0.453435
9.9982E-05 0.0104153 0.000109476 9.9982E-05 0.574486 0.0800272 0.334762
0.141512 9.9982E-05 0.0096871 0.0354457 0.401808 9.9982E-05 0.411347
0.112331 0.0504907 0.0251554 0.0804961 0.184815 0.0140949 0.532617
0.334719 0.0411877 9.9982E-05 9.9982E-05 0.0506824 0.26528 0.307932
0.359372 9.9982E-05 9.9982E-05 0.0853445 0.0155031 0.109344 0.430237
0.165468 0.0329365 0.0208952 0.0848127 0.0195713 0.100452 0.575865
0.128534 0.057467 9.9991E-05 0.0746586 0.0916975 0.0914616 0.556082
0.386307 0.02732 0.016973 0.0217749 0.0133054 0.0599345 0.474385
0.267854 0.0453758 9.9991E-05 0.031195 0.00580601 0.0631029 0.586566
0.43655 9.9982E-05 0.00476767 0.0326007 9.9982E-05 0.0477405 0.478141
0.139089 0.0279073 0.00274806 0.117452 0.116765 0.101949 0.494089
0.200227 0.0427182 0.0192156 0.0450775 0.0931432 0.0447969 0.554822
0.286238 9.9991E-05 0.0253693 0.016746 0.031669 0.0530788 0.586799
0.264375 9.9991E-05 0.0089895 0.045993 0.0380407 0.0721388 0.570363
0.126316 0.0890331 0.00973201 0.0314534 9.9991E-05 0.146406 0.596959
0.16811 0.0103577 9.9982E-05 0.0757238 9.9982E-05 0.102451 0.643157
0.217939 0.0729774 0.00231361 9.9991E-05 0.0371404 0.104842 0.564687
0.140013 0.0519436 0.00428783 0.0733946 0.0539486 0.0669987 0.609414
0.186398 0.0577099 0.00842785 9.9991E-05 0.0345737 0.0973895 0.615401
0.249996 0.0692074 0.0166103 0.0550535 0.0411261 0.256989 0.311018
0.159848 0.0756689 9.9991E-05 0.036105 0.0497877 0.0800795 0.598411
0.187397 0.00817954 0.0252663 0.0235737 9.9991E-05 0.0846604 0.670823
0.560423 0.0100694 9.9991E-05 0.0245529 0.109945 0.0494926 0.245418
0.340591 0.0774897 9.9982E-05 9.9982E-05 0.0678978 0.366652 0.147169
0.16799 9.9991E-05 0.00937429 0.0770385 0.0916928 0.0872151 0.566589
0.352855 0.0101381 9.9982E-05 9.9982E-05 0.0767142 0.460389 0.099703
0.53571 9.9982E-05 0.0101432 9.9982E-05 0.0968565 0.0158934 0.341197
0.43771 9.9973E-05 9.9973E-05 9.9973E-05 0.1116 0.00967614 0.440714
0.450638 9.9982E-05 0.0138298 9.9982E-05 0.120344 0.0599293 0.355058
0.502033 9.9973E-05 9.9973E-05 9.9973E-05 0.0740779 0.036654 0.386935
0.199459 9.9991E-05 0.0483457 0.0351865 0.0135041 0.108004 0.595401
0.212727 0.0545008 0.00716921 0.0525631 0.0409439 0.0759466 0.556149
0.22154 0.0371167 0.0156012 9.9991E-05 0.0684058 0.0443591 0.612877
0.369532 0.0124644 9.9982E-05 9.9982E-05 0.0990203 0.323981 0.194802
0.093013 9.9991E-05 0.00501446 0.187033 0.0621286 0.0938716 0.558839
0.050972 0.0312948 0.0160607 0.10106 0.0685746 0.265453 0.466585
0.0861574 9.9973E-05 9.9973E-05 0.115376 0.0846183 0.713549 9.9973E-05
0.0238506 0.00777649 0.0069944 0.0729357 0.0304495 0.14946 0.708534
0.0601825 0.0422738 0.00599065 0.0847057 0.0932493 0.410687 0.302911
0.0700864 0.0439838 0.056667 0.054693 9.9991E-05 0.247175 0.527294
0.12071 9.9991E-05 0.0122908 0.0603717 0.0501675 0.480046 0.276314
0.15583 9.9991E-05 0.0175912 0.0516564 0.0649232 0.59623 0.113669
0.140593 0.0276807 0.0162065 0.0107037 0.0835524 0.329697 0.391566
0.0897682 0.0373685 0.0321934 0.108139 0.0753119 0.192856 0.464363
0.0739561 0.0434587 0.0384014 0.119949 0.106996 0.208304 0.408935
0.0879543 0.0689419 0.0122707 0.0287175 0.136147 0.547004 0.118965
0.0863543 0.0461718 0.0271258 0.0659292 0.084273 0.138402 0.551744
0.0906837 9.9973E-05 9.9973E-05 9.9973E-05 0.05077 0.513398 0.344848
0.137555 9.9973E-05 9.9973E-05 9.9973E-05 0.026804 0.356549 0.478792
0.0278 0.0226124 9.9991E-05 0.11958 0.050894 0.14886 0.630154
9.9982E-05 0.226766 0.036429 0.338444 9.9982E-05 0.254726 0.143435
9.9964E-05 0.136418 9.9964E-05 0.487839 9.9964E-05 0.375342 9.9964E-05
9.9973E-05 0.118059 0.000931865 0.455043 9.9973E-05 0.425667 9.9973E-05
9.9973E-05 0.26556 9.9973E-05 0.367595 9.9973E-05 0.273411 0.0931343
9.9973E-05 9.9973E-05 0.0463362 9.9973E-05 0.0700534 0.28433 0.598981
0.064304 0.0320165 0.0242743 0.0802784 0.0559235 0.143668 0.599535
0.0137908 0.65962 0.000751364 9.9973E-05 9.9973E-05 9.9973E-05 0.325538
0.0885935 0.416937 0.00754638 0.0223465 0.0522872 9.9991E-05 0.41219
0.0664727 0.371392 9.9991E-05 0.0756853 0.0730269 0.0301008 0.383222
0.039718 9.9982E-05 0.00815301 9.9982E-05 0.0303074 0.591435 0.330186
0.124978 0.0269975 0.0307684 0.088052 0.0502551 0.166692 0.512257
0.0834848 9.9964E-05 9.9964E-05 9.9964E-05 9.9964E-05 0.628425 0.287691
0.0155867 9.9982E-05 9.9982E-05 0.0754061 0.0299726 0.309829 0.569005
0.0755141 0.0106052 0.02208 0.0205513 0.0251643 0.344455 0.50163
9.9964E-05 9.9964E-05 0.0258948 9.9964E-05 9.9964E-05 0.371118 0.602587
0.0512174 9.9973E-05 9.9973E-05 9.9973E-05 0.0139472 0.677654 0.256881
9.9991E-05 0.027418 0.0259681 0.0376874 0.0612885 0.194833 0.652705
0.039679 0.0204818 9.9991E-05 0.118504 0.0443505 0.168928 0.607957
0.000841607 0.955069 9.9982E-05 0.00644199 0.0275691 9.9982E-05 0.0098787
9.9964E-05 0.903657 9.9964E-05 9.9964E-05 0.0187308 9.9964E-05 0.0772119
0.0661507 0.558466 0.0211193 0.0351857 0.0199841 0.00322797 0.295866
0.0114838 0.601011 0.0042455 9.9973E-05 9.9973E-05 9.9973E-05 0.38296
0.0356247 0.804778 0.0151228 9.9973E-05 9.9973E-05 9.9973E-05 0.144174
9.995E-05 0.9994 9.995E-05 9.995E-05 9.995E-05 9.995E-05 9.995E-05
0.0528378 0.946662 9.9955E-05 9.9955E-05 9.9955E-05 9.9955E-05 9.9955E-05
9.9955E-05 0.842492 9.9955E-05 9.9955E-05 9.9955E-05 9.9955E-05 0.157008
0.0578951 0.928979 0.012726 9.9964E-05 9.9964E-05 9.9964E-05 9.9964E-05
9.995E-05 0.9994 9.995E-05 9.995E-05 9.995E-05 9.995E-05 9.995E-05
9.995E-05 0.9994 9.995E-05 9.995E-05 9.995E-05 9.995E-05 9.995E-05
0.0144136 0.756438 0.0109235 9.9982E-05 0.0153055 9.9982E-05 0.20272
0.0679128 0.812836 0.00752762 0.0336813 9.9982E-05 9.9982E-05 0.077842
9.995E-05 0.9994 9.995E-05 9.995E-05 9.995E-05 9.995E-05 9.995E-05
0.0833493 0.393157 0.0202502 0.0578048 0.0535992 0.04824 0.3436
0.0476895 0.644205 0.00718642 0.0432305 0.037552 9.9991E-05 0.220036
9.9964E-05 0.760545 9.9964E-05 0.0464761 9.9964E-05 9.9964E-05 0.192579
9.9955E-05 0.911608 9.9955E-05 9.9955E-05 9.9955E-05 9.9955E-05 0.0878918
9.995E-05 0.9994 9.995E-05 9.995E-05 9.995E-05 9.995E-05 9.995E-05
9.9964E-05 0.952185 9.9964E-05 0.00859151 9.9964E-05 9.9964E-05 0.0388237
9.9955E-05 0.98382 0.0156798 9.9955E-05 9.9955E-05 9.9955E-05 9.9955E-05
0.0503584 0.624995 0.0256633 0.0293895 0.0210074 9.9991E-05 0.248486
9.9964E-05 0.979959 0.0128685 9.9964E-05 0.00677305 9.9964E-05 9.9964E-05
9.9964E-05 0.0659141 9.9964E-05 0.31351 9.9964E-05 0.620176 9.9964E-05
0.0468029 0.126083 0.0299321 0.190725 9.9991E-05 0.286043 0.320314
9.9982E-05 0.0449409 0.0147754 0.158655 9.9982E-05 0.285783 0.495646
9.9982E-05 0.0901737 0.00723616 0.20245 9.9982E-05 0.471928 0.228012
0.0559578 0.134218 0.0238169 0.138321 0.0374831 0.162317 0.447886
9.9982E-05 0.107415 0.0106121 0.254427 9.9982E-05 0.482024 0.145322
0.0709815 0.0892099 0.0084039 0.146406 9.9991E-05 0.264415 0.420484
9.9982E-05 0.0903494 0.00498375 0.187475 9.9982E-05 0.385188 0.331804
9.9982E-05 0.0996396 0.018262 0.191757 9.9982E-05 0.207833 0.482308
9.9991E-05 0.0936873 0.0152181 0.174179 0.00715256 0.31246 0.397204
0.0338382 0.128662 0.0159602 0.165529 0.0177915 0.254444 0.383776
9.9973E-05 9.9973E-05 0.0137017 0.896897 9.9973E-05 0.0227862 0.0663152
9.9982E-05 0.075044 0.0342416 0.872932 0.000465358 0.017117 9.9982E-05
0.0034595 9.9982E-05 0.0365493 0.927039 0.0040891 9.9982E-05 0.028663
9.9964E-05 9.9964E-05 0.0129193 0.9773 0.00938063 9.9964E-05 9.9964E-05
0.0220386 9.9973E-05 0.0467655 0.866443 9.9973E-05 9.9973E-05 0.0644533
9.9973E-05 0.00837936 0.0468599 0.943935 9.9973E-05 9.9973E-05 0.000525466
0.0117079 0.0238073 0.0558601 0.875496 9.9982E-05 9.9982E-05 0.0329283
0.0329993 9.9973E-05 0.053493 0.887488 9.9973E-05 0.0257201 9.9973E-05
0.00652578 0.0296666 0.0175954 0.902694 0.0219372 0.00288745 0.0186934
0.0402089 0.0222216 0.0298977 0.878848 9.9991E-05 0.014624 0.0141001
0.292814 9.9982E-05 0.00368919 0.602483 0.0275009 0.0733129 9.9982E-05
0.332584 9.9982E-05 0.0184346 0.593467 0.0236801 0.0316343 9.9982E-05
0.328925 9.9982E-05 0.0136765 0.539158 0.0512984 0.0667426 9.9982E-05
0.390812 9.9973E-05 9.9973E-05 0.468269 0.0421668 0.0984524 9.9973E-05
0.16652 0.0151538 0.0366787 0.0543823 0.266374 9.9991E-05 0.460792
0.115846 0.01777 9.9991E-05 0.0306521 0.362878 0.00665562 0.466099
0.215086 0.0381924 0.0151867 9.9982E-05 0.253393 9.9982E-05 0.477942
0.29343 9.9982E-05 0.0155706 0.0173557 0.309879 9.9982E-05 0.363565
0.596177 0.00851345 9.9982E-05 9.9982E-05 0.0700978 0.0899737 0.235038
0.0747207 9.9982E-05 9.9982E-05 0.074378 0.193501 0.00884684 0.648353
0.101517 0.00447148 9.9982E-05 9.9982E-05 0.291344 0.00554828 0.596919
0.037517 0.0121098 0.0130032 9.9991E-05 0.293093 0.119548 0.524629
9.9973E-05 0.0120979 9.9973E-05 9.9973E-05 0.588557 0.0544651 0.34458
0.0708061 9.9991E-05 0.000988814 0.0680261 0.126584 0.090528 0.642967
0.105941 9.9982E-05 0.00508062 0.018569 0.460803 9.9982E-05 0.409406
9.9955E-05 9.9955E-05 9.9955E-05 9.9955E-05 0.713283 0.286218 9.9955E-05
0.128622 0.04683 0.0167348 0.0445502 0.152772 0.0630986 0.547392
9.9964E-05 9.9964E-05 9.9964E-05 9.9964E-05 0.595428 0.271147 0.133025
0.0392826 0.022756 0.00891327 0.012239 0.351138 0.0743406 0.49133
0.202126 9.9973E-05 9.9973E-05 0.0194235 0.652813 9.9973E-05 0.125338
0.773839 9.9982E-05 9.9982E-05 0.173603 0.000485342 0.0481931 0.00367969
0.775642 9.9973E-05 9.9973E-05 0.1034 9.9973E-05 0.0438793 0.0767784
0.781269 9.9982E-05 9.9982E-05 0.114001 0.0142685 0.0679515 0.0223099
0.812531 9.9964E-05 9.9964E-05 0.121134 9.9964E-05 0.0659345 9.9964E-05
0.765917 9.9982E-05 0.0122362 0.0649627 9.9982E-05 0.0527022 0.103982
0.742421 0.0268159 0.00533005 0.0899382 9.9991E-05 0.0480991 0.0872958
9.9982E-05 0.0528646 0.00713776 0.873168 0.0375268 9.9982E-05 0.0291031
0.0290548 9.9982E-05 0.00650647 0.840042 0.00529812 9.9982E-05 0.118899
0.0273193 0.0120756 0.0397772 0.766035 9.9991E-05 0.0113217 0.143371
9.9973E-05 0.0630374 9.9973E-05 0.846955 0.0672311 9.9973E-05 0.022477
0.00672552 0.0457813 0.0235374 0.776363 0.0156891 9.9991E-05 0.131804
0.552082 9.9973E-05 0.00636494 0.402634 9.9973E-05 0.0386196 9.9973E-05
0.555901 9.9964E-05 0.0415323 0.402167 9.9964E-05 9.9964E-05 9.9964E-05
0.521727 0.020558 0.0270916 0.415966 9.9982E-05 0.0144573 9.9982E-05
9.995E-05 9.995E-05 0.9994 9.995E-05 9.995E-05 9.995E-05 9.995E-05
0.559065 9.9982E-05 0.0368276 0.354652 0.00191738 0.047338 9.9982E-05
9.9982E-05 0.275288 0.0243307 0.261968 9.9982E-05 0.114876 0.323337
0.0484285 0.168855 0.00994165 0.137725 0.0025922 0.094548 0.53791
9.9964E-05 0.217918 9.9964E-05 0.200921 9.9964E-05 9.9964E-05 0.580762
9.9982E-05 0.278269 9.9982E-05 0.272421 0.0130263 0.126925 0.309159
0.0637632 0.149747 0.0347493 0.14167 0.0919472 0.0382768 0.479846
9.9973E-05 0.304504 0.00615917 0.412921 9.9973E-05 0.276116 9.9973E-05
0.406841 9.9973E-05 9.9973E-05 9.9973E-05 0.0461663 0.0589745 0.487718
0.191975 9.9982E-05 0.0109229 9.9982E-05 0.0375886 0.273072 0.486241
0.511068 9.9982E-05 9.9982E-05 0.012354 0.101434 0.0538188 0.321125
0.170083 9.9973E-05 9.9973E-05 9.9973E-05 0.0280299 0.235865 0.565722
0.33471 9.9964E-05 9.9964E-05 9.9964E-05 0.0282992 0.636591 9.9964E-05
0.146837 0.0184271 0.0458343 0.0624971 0.00314127 0.114478 0.608785
0.171344 0.0238575 9.9991E-05 0.0211391 0.0401295 0.19952 0.543911
0.426277 9.9991E-05 0.0327449 0.0116244 0.120373 0.0772173 0.331663
0.217042 0.0616367 0.0082511 0.0825612 0.044747 0.0673232 0.518439
0.302743 9.9973E-05 9.9973E-05 9.9973E-05 0.124077 0.406736 0.166143
0.185317 9.9982E-05 9.9982E-05 0.0180606 0.0633698 0.141308 0.591744
0.328935 9.9991E-05 0.0160938 0.0187543 0.0586458 0.0570775 0.520393
0.070914 0.129475 9.9991E-05 0.120834 0.0710719 0.177205 0.4304
0.240007 9.9973E-05 9.9973E-05 9.9973E-05 0.0392638 0.337456 0.382972
0.200901 0.0163664 9.9982E-05 9.9982E-05 0.117583 0.247664 0.417286
0.186266 0.0168456 9.9982E-05 9.9982E-05 0.0484102 0.133502 0.614777
0.185852 9.9982E-05 0.00418295 9.9982E-05 0.0851212 0.174074 0.55057
0.0576676 0.0730691 0.0226581 9.9991E-05 0.0712461 0.142727 0.632532
0.118597 0.0455303 0.00238082 0.112234 0.137524 0.0640651 0.519669
0.138771 0.00784347 9.9991E-05 0.124613 0.110869 0.0708084 0.546995
9.9973E-05 0.0363403 0.0166149 0.81264 9.9973E-05 9.9973E-05 0.134105
9.9964E-05 9.9964E-05 0.0256482 0.85142 9.9964E-05 9.9964E-05 0.122532
0.0130046 9.9982E-05 0.0357561 0.882725 0.0200963 9.9982E-05 0.048218
9.9982E-05 0.0504811 0.0399635 0.875106 0.0172154 9.9982E-05 0.0170336
9.9964E-05 9.9964E-05 0.0295707 0.895618 9.9964E-05 9.9964E-05 0.0744116
0.614819 0.0455692 9.9991E-05 0.0243731 0.114612 0.0908378 0.109689
0.182122 0.034709 0.00825209 0.0455134 0.0857493 0.121416 0.522238
0.0603983 0.17894 9.9982E-05 0.202219 9.9982E-05 0.107683 0.450559
0.201724 0.0589346 0.0092739 9.9991E-05 0.0440227 0.0367169 0.649228
0.323397 9.9982E-05 0.00529234 0.0256518 0.133152 9.9982E-05 0.512307
0.319283 9.9973E-05 9.9973E-05 9.9973E-05 0.0330228 0.304234 0.34316
0.738081 9.9991E-05 0.0186819 0.0691312 0.0869035 0.0461955 0.0409068
0.371073 9.9991E-05 0.0155582 0.0450402 0.0667976 0.0151348 0.486296
0.601196 0.0357783 0.00420994 0.0449412 0.0267974 0.0251469 0.26193
0.213482 0.0158214 9.9991E-05 0.0351839 0.08695 0.130634 0.517829
0.642954 9.9982E-05 9.9982E-05 0.065051 0.00450839 0.106518 0.180768
0.285376 0.059596 0.00678455 0.0480605 0.0605943 9.9991E-05 0.539489
0.555528 9.9991E-05 0.0182222 0.0492262 0.131195 0.0788201 0.166909
0.281985 0.112277 9.9982E-05 9.9982E-05 0.110372 0.253771 0.241395
0.0594104 9.9991E-05 0.0208045 0.0733892 0.0467184 0.244436 0.555141
0.0856429 9.9982E-05 9.9982E-05 0.00787112 0.013667 0.547358 0.345261
0.023837 9.9991E-05 0.0124348 0.0241264 0.0269729 0.33591 0.576619
0.0772904 0.00864123 0.0349032 0.080313 0.0299525 0.201262 0.567638
0.0306112 9.9973E-05 9.9973E-05 9.9973E-05 0.0423857 0.629202 0.297501
0.150351 0.0361305 0.0329121 0.0406656 0.0595881 0.169904 0.510448
0.080845 9.9991E-05 0.0133614 0.0297544 0.025804 0.313609 0.536526
0.0425622 9.9982E-05 0.000601639 9.9982E-05 0.0447281 0.729152 0.182757
0.0299554 9.9973E-05 0.0170077 9.9973E-05 9.9973E-05 0.704752 0.247985
0.0555877 9.9973E-05 9.9973E-05 0.0190471 9.9973E-05 0.433107 0.491959
0.0729663 9.9982E-05 0.0127663 9.9982E-05 0.131131 0.678576 0.10436
0.110567 9.9973E-05 9.9973E-05 9.9973E-05 0.0445838 0.382951 0.461599
0.698898 0.0326752 0.0102107 9.9982E-05 0.134008 9.9982E-05 0.124008
0.362503 0.0822707 9.9982E-05 9.9982E-05 0.0875068 0.258699 0.20882
0.44524 0.0706147 0.0470087 0.00115172 0.0623804 9.9991E-05 0.373505
0.246678 0.059801 0.00584249 0.0198485 0.0871045 0.0177188 0.563006
0.593894 0.00591972 9.9982E-05 9.9982E-05 0.146752 0.0147659 0.238468
0.143819 0.0795077 0.00200773 0.0653865 0.0984189 0.0776005 0.53326
0.258611 0.0387404 0.00971144 0.0117298 0.0803466 0.0315962 0.569264
0.192219 0.0510795 0.0379131 9.9991E-05 0.0847746 0.134512 0.499402
0.263704 0.0921863 0.00296066 9.9991E-05 0.0734023 0.0795262 0.488121
0.392636 0.0155115 0.019204 0.0186448 0.056977 0.010706 0.48632
0.546297 0.0233267 0.0168786 9.9991E-05 0.12652 0.0232915 0.263586
0.466755 0.0423704 9.9982E-05 9.9982E-05 0.034872 0.0321516 0.423651
0.170764 0.0175468 9.9982E-05 9.9982E-05 0.0752163 0.124561 0.611712
0.112243 0.0903476 0.00824569 0.0361442 0.0738702 0.121669 0.55748
0.299001 0.0982081 0.0106289 0.00336837 0.105671 0.176018 0.307105
0.237649 0.106087 0.00768286 9.9991E-05 0.11014 0.107467 0.430875
0.469454 0.085213 9.9982E-05 9.9982E-05 0.101162 0.0206538 0.323317
0.266858 0.0511287 9.9991E-05 0.0425916 0.048915 0.0257283 0.564679
0.329117 0.0768374 9.9991E-05 0.0267373 0.07278 0.0434094 0.451019
0.113681 0.0227963 0.019625 0.0848038 0.0617427 0.13032 0.567031
0.0278927 0.0906423 9.9991E-05 0.359554 0.0169473 0.0166171 0.488247
0.00169829 0.131148 9.9982E-05 0.144147 9.9982E-05 0.150703 0.572104
0.0808542 0.113023 0.00170245 0.167794 0.0125184 0.111708 0.5124
0.0537818 0.0853912 0.0308733 0.0871108 0.0358812 0.135817 0.571144
0.0182316 0.177068 0.0106764 0.194993 0.0125657 0.109944 0.476522
0.177665 9.9973E-05 9.9973E-05 9.9973E-05 0.0140161 0.291846 0.516173
0.0191105 0.11722 0.023839 0.184478 0.0699727 0.0665595 0.518821
0.0478899 0.179989 9.9991E-05 0.241491 0.0447004 0.427414 0.0584159
0.074333 0.123147 0.0377822 0.0816217 9.9991E-05 0.114461 0.568555
0.0782447 0.159929 0.0283214 0.117382 9.99984E-05 0.0973068 0.518717
0.0442592 0.155718 0.0107939 0.135373 0.0226161 0.0969088 0.534331
0.0559521 0.115998 0.0247233 0.178506 0.0366788 0.288721 0.299421
0.0545953 0.0959918 0.00450036 0.185662 9.9991E-05 0.0400257 0.619125
0.0411511 0.158014 0.00893286 0.134187 9.9991E-05 0.113917 0.543699
9.9964E-05 0.12681 9.9964E-05 0.502849 9.9964E-05 0.36994 9.9964E-05
0.0672619 0.159732 0.0425413 0.147952 0.061321 0.0137111 0.507481
9.9982E-05 0.17719 0.00752334 0.165917 9.9982E-05 0.102135 0.547035
0.052849 0.085786 9.9991E-05 0.135793 0.0383178 0.0885102 0.598644
9.9982E-05 0.156482 0.0276483 0.153772 9.9982E-05 0.0911214 0.570777
0.0122183 0.0588759 0.0178813 0.199802 0.0695765 0.0831733 0.558473
0.074962 9.9991E-05 0.0117625 0.00342666 0.112572 0.31033 0.486847
0.097535 0.0458675 9.9991E-05 0.093894 0.123223 0.122988 0.516392
0.076629 9.9964E-05 9.9964E-05 9.9964E-05 0.201775 0.721196 9.9964E-05
0.0610165 9.9973E-05 9.9973E-05 9.9973E-05 0.0886023 0.771222 0.0788592
0.0777397 9.9991E-05 0.0296687 0.0483466 0.0570969 0.221435 0.565613
9.9973E-05 0.293261 9.9973E-05 0.144472 9.9973E-05 0.191027 0.37094
9.9973E-05 0.268803 9.9973E-05 0.169446 9.9973E-05 0.204891 0.35656
9.9973E-05 0.266086 9.9973E-05 0.195454 9.9973E-05 0.308354 0.229806
9.9982E-05 0.26227 0.0305011 0.122204 9.9982E-05 0.212401 0.372424
9.9982E-05 0.0364183 0.0144523 0.0657519 9.9982E-05 0.690975 0.192203
0.0353293 0.0884962 0.0434455 0.00842285 0.027104 0.608874 0.188328
0.0364723 0.0517156 9.9991E-05 0.00633805 0.0263918 0.270088 0.608895
0.00146102 0.131322 9.9982E-05 0.0393293 9.9982E-05 0.380058 0.44763
0.0647769 0.0593325 0.0221387 9.9991E-05 0.0276682 0.557039 0.268945
0.113196 0.0550386 9.9982E-05 0.0315373 9.9982E-05 0.207699 0.59233
0.024123 0.0954202 0.00476565 0.00644633 9.9991E-05 0.241577 0.627568
0.000765093 0.0725717 0.00101522 0.0697681 0.0499957 0.278875 0.527009
0.0105366 9.9982E-05 0.0191056 9.9982E-05 0.113974 0.487142 0.369041
0.0495907 9.9973E-05 9.9973E-05 9.9973E-05 0.0789455 0.420646 0.450518
0.0507575 0.0053131 0.043809 9.9991E-05 0.0711529 0.249016 0.579852
0.0709245 0.0123969 0.00690652 0.00287332 0.0762009 0.319353 0.511345
0.0460247 0.0783224 9.9991E-05 0.0791151 0.134546 0.165528 0.496363
9.9973E-05 9.9973E-05 0.001714 9.9973E-05 0.0961336 0.387835 0.514017
0.0457854 9.9973E-05 9.9973E-05 9.9973E-05 0.0792241 0.592811 0.281879
9.9973E-05 9.9973E-05 0.0144157 9.9973E-05 0.0326672 0.278794 0.673823
0.0847316 9.9973E-05 9.9973E-05 9.9973E-05 0.0786932 0.595338 0.240938
0.0167891 9.9982E-05 0.0118357 9.9982E-05 0.0258089 0.431081 0.514285
0.084456 0.00850996 0.0142455 0.0276802 0.0719336 0.254508 0.538666
0.0613589 0.0226957 0.0139777 0.0322046 0.139174 0.187948 0.54264
0.0379991 0.09644 0.0247829 0.161827 0.0224971 0.118174 0.53828
0.0714611 0.114873 0.0429478 0.0967812 0.0378153 0.144562 0.491559
9.9982E-05 0.264995 0.03027 0.185505 9.9982E-05 0.178924 0.340106
0.0478583 0.21416 0.0434567 0.196734 9.9991E-05 0.161523 0.336168
0.00577845 0.15869 0.0105641 0.200772 0.121639 0.0733294 0.429227
0.0518819 0.135389 0.0148101 0.134945 0.0295526 0.170912 0.46251
9.9982E-05 0.166824 0.0443128 0.0903391 0.0404074 0.657917 9.9982E-05
9.9991E-05 0.175198 0.00674926 0.0903043 0.0109233 0.149002 0.567723
9.9964E-05 0.118492 9.9964E-05 0.314395 9.9964E-05 0.566713 9.9964E-05
9.9982E-05 0.148519 0.00644548 0.048082 9.9982E-05 0.208225 0.588528
9.9964E-05 9.9964E-05 9.9964E-05 9.9964E-05 0.133089 0.645813 0.220698
0.0326629 9.9973E-05 9.9973E-05 9.9973E-05 0.233185 0.690845 0.0430076
0.0464499 9.9973E-05 9.9973E-05 9.9973E-05 0.0383564 0.379035 0.535859
9.9973E-05 9.9973E-05 0.0169339 9.9973E-05 0.0878323 0.254011 0.640923
0.0373223 9.9973E-05 9.9973E-05 9.9973E-05 0.0691843 0.421408 0.471785
0.00118887 0.0356089 9.9982E-05 9.9982E-05 0.0988844 0.289407 0.574711
9.9964E-05 9.9964E-05 9.9964E-05 9.9964E-05 0.0613922 0.337803 0.600405
0.0750977 0.0178886 0.0581328 0.828179 0.0205025 9.9982E-05 9.9982E-05
0.100816 0.0746302 0.04213 0.727401 0.0115977 0.00712882 0.0362965
0.0315111 0.0299215 0.0237887 0.914479 9.9973E-05 9.9973E-05 9.9973E-05
9.9973E-05 9.9973E-05 0.0332976 0.913119 9.9973E-05 0.0237443 0.0295389
0.00380083 0.0580872 0.00435878 0.0443321 0.347384 0.0505445 0.491492
0.0863002 0.0140679 0.00632189 0.0611729 0.306827 9.9991E-05 0.52521
0.0385554 0.0108742 0.0242917 0.00693772 0.436258 9.9991E-05 0.482983
0.0824601 9.9982E-05 0.0386229 0.0563411 0.250829 9.9982E-05 0.571547
0.0687653 0.00841263 0.0209696 0.0750426 0.157814 0.0666835 0.602312
0.0982536 9.9982E-05 0.00844343 0.0572319 0.597475 9.9982E-05 0.238396
9.9982E-05 0.00491871 0.0111968 0.00641909 0.365154 9.9982E-05 0.612111
9.9982E-05 9.9982E-05 0.027709 0.0032048 0.577357 0.131688 0.259841
0.101631 0.147618 0.0376995 0.294414 9.9982E-05 9.9982E-05 0.418438
9.9982E-05 0.0438372 0.00240396 9.9982E-05 0.378576 0.174515 0.400468
0.113623 9.99655E-05 9.99655E-05 9.99655E-05 0.554634 9.99655E-05 0.331343
0.000496047 0.0420622 9.9982E-05 9.9982E-05 0.366004 0.0886772 0.502561
0.0942931 9.9982E-05 0.0109425 0.0120316 0.509884 9.9982E-05 0.372649
9.9964E-05 9.9964E-05 9.9964E-05 9.9964E-05 0.39927 0.0342023 0.566128
9.9973E-05 9.9973E-05 0.0280859 0.057369 0.37406 9.9973E-05 0.540185
9.9955E-05 9.9955E-05 9.9955E-05 9.9955E-05 0.811658 0.187842 9.9955E-05
9.9964E-05 9.9964E-05 9.9964E-05 9.9964E-05 0.548629 0.138667 0.312304
9.9973E-05 0.00164835 9.9973E-05 9.9973E-05 0.580867 0.0798931 0.337292
9.9955E-05 9.9955E-05 9.9955E-05 9.9955E-05 0.723786 0.275714 9.9955E-05
0.167161 9.9991E-05 0.0154679 0.0478896 0.404367 0.0049628 0.360051
9.9964E-05 9.9964E-05 9.9964E-05 9.9964E-05 0.588741 0.346581 0.064278
9.9955E-05 9.9955E-05 9.9955E-05 9.9955E-05 0.746266 0.253234 9.9955E-05
0.0115884 0.0282698 0.0032833 0.0158244 0.368757 0.0117014 0.560576
0.166309 9.9982E-05 0.0101179 0.0236658 0.642725 9.9982E-05 0.156982
0.0866351 0.0130804 9.9991E-05 0.00717659 0.420551 0.0254556 0.447001
0.0369922 0.0385362 0.0259935 0.100013 0.19156 0.0379187 0.568987
0.0758396 9.9982E-05 0.00437029 0.0503563 0.386551 9.9982E-05 0.482683
0.303238 0.00453177 9.9982E-05 9.9982E-05 0.0411765 0.26947 0.381383
0.0369979 9.9973E-05 9.9973E-05 0.0714104 0.340624 9.9973E-05 0.550668
0.115535 9.9982E-05 0.0119911 0.0120327 0.378766 9.9982E-05 0.481475
9.9964E-05 9.9964E-05 9.9964E-05 9.9964E-05 0.554648 0.147829 0.297123
0.053094 9.9991E-05 0.0278404 0.147971 0.226151 0.0526267 0.492216
0.273728 9.9973E-05 0.0482797 0.622375 9.9973E-05 0.0553177 9.9973E-05
0.142098 9.9982E-05 0.0828035 0.696807 0.0236164 0.0544754 9.9982E-05
0.133604 9.9964E-05 0.160755 0.70524 9.9964E-05 9.9964E-05 9.9964E-05
0.147903 9.9973E-05 0.099678 0.736615 9.9973E-05 0.0155039 9.9973E-05
0.180647 9.9991E-05 0.0366009 0.723144 0.00986307 0.0344945 0.01515
0.171841 0.00672899 9.9982E-05 0.0531906 0.658799 9.9982E-05 0.10924
0.129095 9.9982E-05 0.0148331 0.0335505 0.720559 9.9982E-05 0.101762
9.9973E-05 0.0288423 9.9973E-05 9.9973E-05 0.775701 0.0773578 0.117799
0.0424644 0.0338227 0.0409283 0.0685943 0.151571 0.0623006 0.600319
9.9991E-05 0.0619845 0.0151714 0.109036 0.181482 0.0937331 0.538493
9.9982E-05 0.0481266 9.9982E-05 0.00551358 0.627328 0.101551 0.217281
9.9991E-05 0.0304596 0.0256471 0.0167977 0.282017 0.0501321 0.594847
9.9991E-05 0.0629843 0.0196686 0.0180508 0.482541 0.069291 0.347364
0.052595 0.0135464 0.0262425 0.00873519 0.375396 0.0226864 0.500799
0.0335275 0.0740502 0.00753795 0.0289342 0.309504 0.0109046 0.535542
0.153755 9.9973E-05 0.00765774 9.9973E-05 0.656048 9.9973E-05 0.182239
0.0858971 9.9973E-05 0.00792963 9.9973E-05 0.644433 9.9973E-05 0.26144
0.113998 9.9982E-05 0.00565136 0.00453768 0.611337 9.9982E-05 0.264276
0.00635343 9.9982E-05 0.0245224 0.0990868 9.9982E-05 0.185064 0.684774
0.0662471 9.9973E-05 0.0361964 9.9973E-05 0.540519 9.9973E-05 0.356738
0.0874099 0.0124202 0.00300079 0.0513862 0.461238 9.9991E-05 0.384445
0.0267914 0.348934 9.9991E-05 0.105654 0.0316443 0.0557989 0.431077
9.9991E-05 0.440327 0.034998 0.092801 0.0139215 0.109893 0.307959
0.0201029 0.383227 9.9982E-05 0.111505 9.9982E-05 0.0362813 0.448685
9.9982E-05 0.491154 0.028642 0.144978 9.9982E-05 0.0419521 0.293074
0.0402296 0.284428 0.000906648 0.110489 0.0435727 0.0468739 0.4735
9.9982E-05 9.9982E-05 0.0200192 0.0512864 0.177237 0.237904 0.513354
9.9982E-05 0.624794 0.0183025 0.256401 9.9982E-05 0.0934561 0.00684645
9.9982E-05 0.441496 9.9982E-05 0.177677 0.0281163 0.034403 0.318108
9.9991E-05 0.117528 0.0138957 0.178801 0.0421877 0.260316 0.387171
0.091919 9.9991E-05 0.0409678 0.124118 0.00502298 0.209175 0.528698
0.0937714 0.00128779 0.0365811 0.112626 9.9991E-05 0.255674 0.499959
0.037155 9.9991E-05 0.0135708 0.13221 0.0559186 0.135926 0.62512
0.0522892 0.00285956 0.0176624 0.129599 0.0230076 0.152271 0.622312
9.9982E-05 0.457432 0.0111554 0.160818 9.9982E-05 0.013706 0.356688
9.9973E-05 0.339693 9.9973E-05 0.142136 9.9973E-05 0.0771356 0.440736
9.9982E-05 0.443214 0.0194003 0.0908695 9.9982E-05 0.000635684 0.44568
9.9991E-05 0.229573 0.0518658 0.140642 0.0616481 0.056109 0.460062
0.0186055 0.454797 0.0130653 0.157683 9.9991E-05 0.0894383 0.266311
0.0339798 0.346056 0.00653709 0.133228 0.0331926 0.0564297 0.390577
9.9982E-05 0.536881 0.0104345 0.106362 9.9982E-05 0.0823756 0.263747
0.0298137 0.283588 0.0252088 0.118521 9.9991E-05 0.0846758 0.458093
9.9982E-05 9.9982E-05 0.0286786 0.10908 0.0483516 0.278055 0.535635
0.018123 0.33287 9.9991E-05 0.165424 0.0371109 0.100703 0.345669
9.9991E-05 0.548705 0.0115909 0.216786 0.00170447 0.0437937 0.177319
0.0769565 0.368523 9.9982E-05 0.125492 0.0539622 9.9982E-05 0.374866
0.131771 9.9991E-05 0.0115413 0.185744 0.0632396 0.288084 0.31952
9.9973E-05 9.9973E-05 0.0175971 0.0663 9.9973E-05 0.269363 0.64644
0.0145471 0.330096 9.9991E-05 0.156385 0.0297706 0.0669853 0.402116
0.0922369 9.9982E-05 0.0061869 0.154411 9.9982E-05 0.179731 0.567234
0.0938082 9.9991E-05 0.032116 0.150967 0.0042958 0.21082 0.507893
0.0224386 0.237092 0.0220237 0.181293 0.0259051 0.19629 0.314957
9.9982E-05 0.229787 0.0197678 0.208882 9.9982E-05 0.141971 0.399392
0.0316226 0.0359785 0.00206667 0.126902 0.0719913 0.144653 0.586786
0.0618268 0.300185 0.0125675 0.155019 0.0395072 0.0412923 0.389602
9.9982E-05 0.396485 0.00731728 0.10654 9.9982E-05 0.00847582 0.480982
9.9982E-05 0.612177 0.00331428 0.199934 9.9982E-05 0.033846 0.150529
0.0581489 0.0444751 0.00311259 0.116178 0.0376551 0.124689 0.615741
0.0686725 9.9991E-05 0.0155833 0.158346 0.0495597 0.266402 0.441336
9.9982E-05 0.0103317 0.00941954 0.083011 9.9982E-05 0.721074 0.175963
0.068407 9.9991E-05 0.0202007 0.164934 0.0415735 0.115166 0.589619
0.14757 0.0258779 9.9991E-05 0.0979271 0.0132079 0.305819 0.409498
9.9991E-05 0.156704 0.0402529 0.163158 0.0250105 0.130379 0.484396
0.0264234 0.0930315 0.0125925 0.162935 9.9991E-05 0.171803 0.533115
9.9973E-05 0.109146 0.0189306 0.350634 9.9973E-05 0.520989 9.9973E-05
9.9973E-05 0.0926228 0.0192505 0.293756 9.9973E-05 0.594071 9.9973E-05
9.9991E-05 0.055421 0.0503475 0.13758 0.000469889 0.412775 0.343307
9.9973E-05 0.15751 9.9973E-05 0.337091 9.9973E-05 0.446948 0.0581519
9.9964E-05 0.186688 9.9964E-05 0.486659 9.9964E-05 0.326253 9.9964E-05
9.9982E-05 0.0634072 9.9982E-05 0.204136 0.0127978 0.312019 0.407439
0.0285654 0.174471 9.9991E-05 0.20261 0.0121859 0.228935 0.353132
9.9982E-05 0.15428 0.00209306 0.305534 9.9982E-05 0.39065 0.147243
9.9973E-05 0.103766 9.9973E-05 0.29149 9.9973E-05 0.520781 0.0836628
9.9973E-05 0.109596 9.9973E-05 0.181388 9.9973E-05 0.181071 0.527645
9.9982E-05 0.121305 0.0140373 0.212308 9.9982E-05 0.476766 0.175383
9.9973E-05 0.0549671 0.0248023 0.341497 9.9973E-05 0.578434 9.9973E-05
0.0744003 0.110522 0.0234138 0.086551 0.0407517 0.11915 0.545211
0.0234596 0.173856 9.9982E-05 0.213267 9.9982E-05 0.282279 0.306939
0.0492929 0.11771 9.9991E-05 0.317841 0.0409982 0.0323063 0.441752
0.0398414 0.230657 0.00242349 0.155664 9.9982E-05 9.9982E-05 0.571214
9.9982E-05 0.170373 0.0358514 0.135104 9.9982E-05 0.109976 0.548495
9.9991E-05 0.212785 0.00863349 0.18819 0.000470156 0.066807 0.523015
0.0223471 0.159821 0.0135388 0.365714 0.0274737 0.0293764 0.381729
0.0289984 0.164613 9.9991E-05 0.214384 0.0239832 0.0196933 0.548228
0.00193192 0.196044 0.0264184 0.254137 9.9991E-05 0.021919 0.49945
9.9991E-05 0.244189 0.0415071 0.224554 0.00543628 0.220785 0.263429
0.0748485 0.0867338 9.9991E-05 0.226439 0.253587 0.0425969 0.315694
0.0594396 0.0597429 0.0108102 0.190989 0.0977815 0.0601834 0.521053
0.0180451 0.123026 0.0172261 0.148861 0.077722 0.0666374 0.548483
0.0388661 0.0796627 9.9982E-05 0.158719 0.138156 9.9982E-05 0.584396
0.00695106 0.190937 0.0278344 0.26748 9.9991E-05 0.0670311 0.439666
9.9991E-05 0.165386 0.0315948 0.231521 0.0263701 0.0390348 0.505994
9.9973E-05 0.271088 9.9973E-05 0.371183 9.9973E-05 0.261655 0.0957733
9.9982E-05 0.10691 0.0088639 0.219287 9.9982E-05 0.0733735 0.591365
9.9982E-05 0.294017 0.0187756 0.279792 9.9982E-05 0.232284 0.174931
0.182045 0.00468063 0.052924 0.76005 9.9973E-05 9.9973E-05 9.9973E-05
0.747022 9.9973E-05 9.9973E-05 0.0643991 0.0329255 9.9973E-05 0.155354
0.9994 9.995E-05 9.995E-05 9.995E-05 9.995E-05 9.995E-05 9.995E-05
0.995589 9.9955E-05 0.00391165 9.9955E-05 9.9955E-05 9.9955E-05 9.9955E-05
0.973434 9.9955E-05 9.9955E-05 9.9955E-05 9.9955E-05 9.9955E-05 0.0260665
0.969508 0.017255 0.0128369 9.9964E-05 9.9964E-05 9.9964E-05 9.9964E-05
0.973839 9.9955E-05 9.9955E-05 9.9955E-05 9.9955E-05 9.9955E-05 0.025661
0.988498 9.9955E-05 0.0110022 9.9955E-05 9.9955E-05 9.9955E-05 9.9955E-05
0.856567 9.9964E-05 0.00033278 0.1427 9.9964E-05 9.9964E-05 9.9964E-05
0.0690027 9.9982E-05 0.0447069 0.867471 0.0128615 9.9982E-05 0.00575803
0.15356 9.9973E-05 0.0387583 0.747751 9.9973E-05 9.9973E-05 0.0596303
0.0446256 0.00150019 0.0474513 0.842047 0.0176903 0.0128493 0.033836
0.071597 9.9991E-05 0.00410495 0.863741 0.0109766 0.00574329 0.0437376
0.0580045 0.0221551 0.0333479 0.867489 0.0188037 9.9982E-05 9.9982E-05
0.0192669 9.9982E-05 0.00233356 0.89973 0.0134349 9.9982E-05 0.0650352
0.0203261 0.0761318 0.0145875 0.74965 9.9991E-05 0.0132391 0.125966
9.9973E-05 9.9973E-05 0.0109119 0.885153 0.0016633 9.9973E-05 0.101972
0.0478083 0.0554357 0.037956 0.682718 0.0176698 0.0337606 0.124652
9.9973E-05 0.0599527 0.0502907 0.868136 9.9973E-05 9.9973E-05 0.0213204
9.9964E-05 9.9964E-05 0.0579008 0.918927 9.9964E-05 0.0227727 9.9964E-05
0.0430306 0.0326755 0.0558163 0.816238 0.00879039 9.9991E-05 0.0433492
0.00899891 9.9973E-05 0.032363 0.95651 0.00182796 9.9973E-05 9.9973E-05
9.9982E-05 0.00199798 0.0625513 0.894613 9.9982E-05 0.0151048 0.0255332
9.9982E-05 0.0199555 0.0361196 0.882074 0.0189943 9.9982E-05 0.0426568
9.9973E-05 0.0140275 0.0250273 0.889734 9.9973E-05 9.9973E-05 0.0709109
9.9973E-05 0.0562822 0.0124753 0.856415 9.9973E-05 9.9973E-05 0.0745281
9.9964E-05 0.0300961 9.9964E-05 0.850074 9.9964E-05 9.9964E-05 0.11943
9.9973E-05 0.0674913 0.0266818 0.804389 9.9973E-05 9.9973E-05 0.101138
0.0900436 9.9991E-05 0.0332116 0.122298 0.0763141 0.261669 0.416364
0.0393447 9.9982E-05 0.00631985 0.101227 9.9982E-05 0.160055 0.692853
0.0468736 0.00666052 0.0157299 0.10902 0.0781867 0.11901 0.62452
9.9982E-05 0.0149159 9.9982E-05 0.0788344 0.0460993 0.721546 0.138404
0.112005 9.9973E-05 9.9973E-05 0.119154 9.9973E-05 0.220632 0.547909
9.9964E-05 9.9964E-05 9.9964E-05 0.124253 9.9964E-05 0.745197 0.13015
9.9973E-05 9.9973E-05 0.0400852 0.0798401 9.9973E-05 0.233688 0.646086
0.0885546 9.9982E-05 9.9982E-05 0.161296 0.0813912 0.213957 0.454602
0.0621893 9.9982E-05 0.0211823 0.163669 9.9982E-05 0.25581 0.49695
0.0631846 9.9982E-05 0.0113348 0.0545497 0.425103 9.9982E-05 0.445628
0.12671 9.9982E-05 9.9982E-05 0.145602 0.0520835 0.200293 0.475112
9.9982E-05 0.0219247 9.9982E-05 0.101649 0.067176 0.162156 0.646895
0.12445 9.9991E-05 0.0527482 0.0484872 0.00792024 0.23227 0.534024
0.454039 0.100093 9.9973E-05 9.9973E-05 0.132492 0.313076 9.9973E-05
0.024602 9.9973E-05 9.9973E-05 0.100985 9.9973E-05 0.843939 0.0301744
9.9964E-05 9.9964E-05 9.9964E-05 0.110333 9.9964E-05 0.701177 0.18809
0.0542425 9.9991E-05 0.0253339 0.150385 0.0456471 0.128281 0.596011
9.9982E-05 9.9982E-05 0.00645361 0.0621761 0.0161092 0.382761 0.5323
9.9982E-05 9.9982E-05 0.0225112 0.0572063 0.026063 0.275903 0.618117
9.9991E-05 0.0174752 0.0160292 0.0882507 0.06494 0.159488 0.653717
