9.9973E-05 0.0558595 9.9973E-05 0.879991 0.0380567 9.9973E-05 0.0257932
0.0102182 0.0141121 0.0398755 0.926886 9.9982E-05 9.9982E-05 0.00870864
0.0734788 0.03852 9.9982E-05 0.783929 0.0542243 0.0496475 9.9982E-05
9.9973E-05 0.121728 9.9973E-05 0.763382 0.1034 0.0111908 9.9973E-05
0.0566343 0.0288331 0.0344511 0.840524 0.0393577 9.9982E-05 9.9982E-05
0.0137803 0.0942962 0.0920885 0.613382 0.0883867 9.9991E-05 0.0979661
9.9964E-05 9.9964E-05 0.10866 0.817584 9.9964E-05 0.0733555 9.9964E-05
0.0143798 0.101293 0.0988251 0.707959 0.0127286 0.0647152 9.9991E-05
9.9982E-05 0.0455318 0.0494869 0.812252 9.9982E-05 0.0421887 0.0503404
0.0498095 0.0589917 0.0643764 0.660256 0.110103 0.0563637 9.9991E-05
0.0178222 0.166866 0.0734326 0.741579 9.9973E-05 9.9973E-05 9.9973E-05
0.0150641 0.00601494 9.9982E-05 9.9982E-05 0.043765 0.851771 0.0831851
0.467252 0.0319073 9.9982E-05 0.0260052 0.0241076 0.450527 9.9982E-05
0.137423 9.9973E-05 0.0484025 0.033664 9.9973E-05 0.78021 9.9973E-05
0.147145 9.9973E-05 9.9973E-05 0.0451261 0.10223 0.705199 9.9973E-05
0.265976 9.9991E-05 0.00681064 0.150878 0.102072 0.375044 0.0991199
0.472153 9.9991E-05 0.0649419 0.052874 0.0439361 0.356283 0.00971249
0.281606 9.9982E-05 0.00352231 9.9982E-05 0.0645501 0.51866 0.131461
0.149641 9.9973E-05 9.9973E-05 0.108237 0.045191 0.696631 9.9973E-05
9.9973E-05 0.0945838 0.0440194 0.0017718 9.9973E-05 0.859325 9.9973E-05
0.279411 0.0489284 0.0424605 9.9991E-05 0.103025 0.470367 0.0557085
0.332624 9.9982E-05 0.176781 9.9982E-05 0.0454933 0.404567 0.0403349
0.45226 0.00368348 0.0280555 0.0419618 9.9991E-05 0.347886 0.126054
0.120086 9.9973E-05 9.9973E-05 9.9973E-05 0.0671835 0.732607 0.0798233
0.491705 0.0350706 0.0081733 0.145021 0.0717981 0.223399 0.0248329
0.37915 0.0301511 9.9973E-05 9.9973E-05 0.148571 0.441828 9.9973E-05
0.00332973 9.9973E-05 9.9973E-05 9.9973E-05 0.0764581 0.868838 0.0510744
9.9964E-05 9.9964E-05 9.9964E-05 0.0143937 0.10779 0.877416 9.9964E-05
0.0824931 0.0139921 0.0798008 9.9973E-05 9.9973E-05 0.823414 9.9973E-05
0.0871025 9.9973E-05 9.9973E-05 0.859691 0.0435252 0.00938162 9.9973E-05
0.113061 9.9973E-05 9.9973E-05 0.824372 0.0258097 0.0364573 9.9973E-05
0.112163 0.000704635 9.9991E-05 0.808397 0.0453736 0.011031 0.0222311
0.142008 0.00274598 0.02405 0.724046 0.0497185 9.9991E-05 0.0573315
0.569769 0.0396674 0.0561619 0.0039004 9.9991E-05 0.12782 0.202581
0.459283 9.9991E-05 0.0116664 0.0836385 0.0512238 0.0853278 0.308761
0.436605 9.9982E-05 9.9982E-05 0.0268592 0.0957258 0.0149665 0.425643
0.0116328 0.227027 9.9982E-05 0.137634 9.9982E-05 0.545633 0.0778727
0.297959 0.00340043 9.9982E-05 9.9982E-05 0.0121018 0.0472656 0.639073
0.396563 0.0386244 9.9991E-05 0.0929419 0.0660789 0.171037 0.234655
0.55502 0.00683591 0.0521069 0.0306966 0.0739633 9.9991E-05 0.281277
0.615639 0.045669 0.170919 0.121223 9.9982E-05 9.9982E-05 0.0463499
0.638784 0.0962515 0.0101398 0.119688 0.0205326 9.9991E-05 0.114504
0.0735651 0.0305935 9.9991E-05 0.0329334 0.012267 0.215932 0.634609
0.559601 0.0625249 0.174236 0.0646593 0.0771982 9.9991E-05 0.0616798
0.458154 9.9991E-05 0.0130107 0.0892102 0.106456 0.0568211 0.276248
0.507087 0.133717 0.00820017 0.110337 0.0833367 9.9991E-05 0.157222
0.298909 9.9964E-05 0.0394416 9.9964E-05 9.9964E-05 9.9964E-05 0.66125
0.539652 0.0533199 9.9982E-05 0.0519602 0.0833007 9.9982E-05 0.271568
0.537943 9.9982E-05 9.9982E-05 0.115973 0.090489 0.095096 0.160298
9.9964E-05 9.9964E-05 0.25293 0.0733433 9.9964E-05 9.9964E-05 0.673326
0.108415 0.184621 0.169535 9.9982E-05 9.9982E-05 0.339812 0.197418
0.0050977 0.00490167 0.389558 9.9991E-05 0.0471954 0.38177 0.171377
0.610466 0.0448639 9.9991E-05 0.0987273 0.0520499 0.139657 0.0541361
0.598475 9.9991E-05 0.0703865 0.0839756 0.059369 0.151984 0.0357097
0.626349 0.0631576 0.0170531 0.128246 0.055957 0.0704585 0.0387793
0.152327 0.221473 0.13002 0.0921112 9.9991E-05 0.137838 0.266131
0.531867 0.150895 0.0817668 0.0298489 9.9982E-05 0.205422 9.9982E-05
0.529337 0.0742707 0.0676408 0.0729358 0.0694505 0.147361 0.0390041
0.287218 0.0190375 0.0764073 0.0902631 0.0185162 0.409762 0.0987956
9.9991E-05 0.0649346 0.163743 0.19594 0.0317291 0.447304 0.0962501
0.44154 0.115631 9.9991E-05 0.00550845 0.0923478 0.17267 0.172202
0.36079 0.0627328 0.0697711 0.100069 0.0463307 0.284412 0.0758949
9.9982E-05 0.17687 0.149989 0.0317763 9.9982E-05 0.571794 0.0693709
0.348565 0.0554703 0.0399071 9.9982E-05 9.9982E-05 0.521441 0.0344168
0.562155 0.0611571 0.153512 0.0142074 0.0461082 0.16276 9.9991E-05
0.494773 0.0798849 0.0726041 0.0358348 0.0471007 0.269703 9.9991E-05
0.225298 0.0893753 0.0736493 0.0722644 0.0358676 0.402763 0.100782
0.305395 9.9982E-05 0.10681 9.9982E-05 0.0414822 0.466772 0.0793403
0.45941 0.120664 0.156265 0.0455319 0.0747193 0.0330894 0.110321
0.113742 0.09235 0.173145 0.02951 9.9991E-05 0.429203 0.16195
0.501404 0.0503627 9.9973E-05 9.9973E-05 9.9973E-05 0.0603011 0.387632
0.136028 9.9973E-05 9.9973E-05 0.0415292 9.9973E-05 0.168266 0.653877
0.477308 0.13032 0.0385743 0.0382582 0.145408 9.9991E-05 0.170032
9.9955E-05 9.9955E-05 0.117544 9.9955E-05 9.9955E-05 9.9955E-05 0.881956
9.9964E-05 9.9964E-05 0.0908583 9.9964E-05 9.9964E-05 0.0024129 0.906329
0.2624 0.0227129 0.000418386 9.9973E-05 9.9973E-05 9.9973E-05 0.714169
0.477333 0.0176653 9.9982E-05 9.9982E-05 0.0441541 0.0969882 0.36366
0.512827 0.0283461 0.0427722 0.152012 0.0535226 0.0148482 0.195672
0.438419 0.00862741 9.9982E-05 0.0426242 9.9982E-05 0.103514 0.406615
0.0770734 0.0614039 9.9991E-05 0.0443442 0.00785967 0.193066 0.616153
0.186468 0.247515 9.9991E-05 0.00977541 0.0146217 0.00122888 0.540291
0.387557 0.0731596 9.9991E-05 0.11095 0.13936 0.00343769 0.285436
0.165987 9.9982E-05 9.9982E-05 0.0579828 0.0603768 0.162129 0.553324
0.338833 0.0212265 9.9982E-05 0.0620499 9.9982E-05 0.125855 0.451835
0.354837 9.9973E-05 0.0556327 0.00853548 9.9973E-05 9.9973E-05 0.580694
9.9982E-05 0.0101133 0.303656 9.9982E-05 0.00227953 0.0179032 0.665848
0.632218 0.0169712 9.9973E-05 9.9973E-05 0.0879603 9.9973E-05 0.262551
0.00773751 0.00601051 9.9991E-05 0.782959 0.0778983 0.12158 0.00371506
0.082528 9.9955E-05 9.9955E-05 0.916972 9.9955E-05 9.9955E-05 9.9955E-05
0.0673499 9.9964E-05 9.9964E-05 0.856096 0.0761542 9.9964E-05 9.9964E-05
0.0832663 9.9973E-05 0.00976532 0.902194 9.9973E-05 9.9973E-05 0.00447408
0.118952 9.9973E-05 0.0101402 0.852357 9.9973E-05 0.018251 9.9973E-05
0.0815175 0.0344833 0.00171708 0.845647 0.036435 9.9982E-05 9.9982E-05
0.0624597 9.99551E-05 9.99551E-05 0.937041 9.99551E-05 9.99551E-05 9.99551E-05
0.398607 0.0580099 9.9991E-05 0.135025 0.0608546 0.0492986 0.298104
0.44773 9.9991E-05 0.00981922 0.069171 0.0264231 0.19574 0.251016
9.9973E-05 9.9973E-05 0.0494114 0.0326292 9.9973E-05 0.120733 0.796927
0.546083 0.0982807 0.0659785 0.032799 0.0415951 0.076425 0.138838
0.42173 0.0379038 9.9982E-05 0.0384007 9.9982E-05 0.0999334 0.401833
0.532851 9.9982E-05 9.9982E-05 0.100085 0.0556164 0.0315683 0.279679
0.457421 9.9991E-05 0.0547888 0.00926171 0.0144953 0.17519 0.288744
0.357526 9.9964E-05 9.9964E-05 9.9964E-05 0.0806566 9.9964E-05 0.561418
9.9982E-05 0.107146 0.0244638 0.0691095 9.9982E-05 0.092935 0.706146
0.531661 9.9991E-05 0.0902222 0.172463 0.0136206 0.0263301 0.165604
0.57308 0.00212264 0.0305092 0.109304 0.0264404 9.9991E-05 0.258444
0.418595 0.0835316 9.9991E-05 0.0947847 0.156228 0.0496785 0.197082
0.311498 9.9982E-05 0.15853 9.9982E-05 0.0127628 0.0429193 0.47409
0.5127 9.9982E-05 0.0132703 0.0310226 0.015051 9.9982E-05 0.427756
0.364931 0.0635486 9.9991E-05 0.0343953 0.0294852 0.0692353 0.438305
0.195154 9.9964E-05 9.9964E-05 9.9964E-05 0.11477 9.9964E-05 0.689677
0.333162 0.141069 9.9982E-05 0.0434027 0.0481632 9.9982E-05 0.434003
0.478921 0.185128 0.0315645 0.0460546 0.100871 0.14994 0.00752129
0.14537 0.0810166 0.149321 0.0147047 0.0402536 0.496675 0.0726594
0.441315 0.0875209 0.0169433 0.082799 0.0390618 0.279941 0.0524183
0.479261 0.154753 0.0824492 0.0422103 0.0792376 0.0865752 0.0755131
0.516122 0.0884418 0.0404838 0.0204036 0.0875529 0.141768 0.105227
0.380235 0.0727185 0.0320153 0.0677616 0.00571495 0.441454 9.9991E-05
0.578066 0.166361 0.00339612 9.9982E-05 0.0361706 0.215807 9.9982E-05
0.464888 0.168565 9.9991E-05 0.00922045 0.0108179 0.342403 0.00400555
0.516224 0.0843545 0.103544 0.0549106 9.9991E-05 0.114406 0.12646
0.494403 0.159963 0.045202 0.0427989 0.0807424 0.0350356 0.141855
0.575234 0.0518175 9.9982E-05 0.0370913 9.9982E-05 0.293005 0.0426521
0.497711 0.204511 9.9973E-05 9.9973E-05 9.9973E-05 0.282843 0.014636
0.630079 0.0996312 0.0752463 9.9991E-05 0.0556832 0.132893 0.00636736
0.439093 0.141703 0.137395 0.0192794 0.170688 9.9991E-05 0.0917409
0.499866 0.0579196 9.9982E-05 9.9982E-05 0.0353445 0.308925 0.0977445
0.552654 0.0927559 0.215749 0.00285625 0.0765042 0.0411901 0.0182904
0.456512 0.115143 0.00570035 9.9991E-05 0.0492397 0.20252 0.170785
0.331443 0.083122 0.140929 0.110575 0.0348986 0.298933 9.9991E-05
0.563397 0.141789 0.00996329 9.9991E-05 0.0452255 0.201113 0.0384118
0.741459 0.0876818 0.148791 9.9973E-05 9.9973E-05 0.0217683 9.9973E-05
0.121588 0.184181 0.124417 9.9991E-05 0.0751292 0.396136 0.0984494
0.121767 0.0785849 0.33482 0.0337243 9.9991E-05 0.389541 0.0414627
0.463673 0.149899 0.032022 9.9991E-05 0.0934058 0.209147 0.0517529
0.0518035 0.184048 0.312305 9.9991E-05 0.0386253 0.232933 0.180185
0.26197 0.130886 0.0499635 0.0346933 9.9991E-05 0.51531 0.00707689
0.402188 0.174696 0.00114334 0.0195186 9.9991E-05 0.274163 0.128191
0.245413 0.133765 9.9982E-05 0.0114461 9.9982E-05 0.485556 0.12362
0.130329 0.197986 9.9991E-05 0.000845114 0.087045 0.416721 0.166974
0.586027 0.0971789 0.0829321 0.0964835 9.9991E-05 0.100374 0.0369048
0.558223 0.0482071 0.0691695 0.09608 0.0636774 0.0605523 0.104091
0.49419 9.9982E-05 9.9982E-05 0.104585 0.0325782 0.302055 0.0663915
0.116808 0.104316 0.28406 9.9991E-05 0.0106614 0.345574 0.13848
0.353252 9.9991E-05 0.243327 0.0591418 0.0814437 0.165653 0.0970817
0.50414 0.064579 0.243196 0.0346062 0.0493899 9.9991E-05 0.103989
0.0375331 0.0940675 0.499326 0.133009 9.9991E-05 0.0459024 0.190061
0.619818 9.9982E-05 0.157263 0.0743289 9.9982E-05 0.0418544 0.106535
0.354788 0.0251359 0.293976 0.0948295 0.0184074 0.079581 0.133282
0.45074 9.9991E-05 0.220921 0.101597 0.0497296 0.115503 0.0614086
0.336073 0.0828716 0.409452 0.0260126 9.9991E-05 0.13706 0.00843113
0.169513 0.176495 0.4414 0.0585073 9.9991E-05 0.110697 0.0432886
0.457051 0.126906 0.204171 9.9982E-05 9.9982E-05 0.0905636 0.121108
0.445524 0.131446 0.163154 0.106702 0.0612973 0.0682033 0.0236729
0.374579 0.0606213 0.187169 0.11595 0.0468608 0.0878379 0.126982
9.9982E-05 9.9982E-05 0.385961 0.0137091 0.133968 0.290353 0.175809
0.483257 0.0535791 0.177178 0.0813475 0.118591 0.0808833 0.0051644
0.419188 9.9973E-05 0.265675 9.9973E-05 9.9973E-05 0.0861611 0.228675
0.415797 0.0270246 0.200517 9.9991E-05 0.0556199 0.150437 0.150504
0.602892 9.9991E-05 0.0335259 0.121331 0.0459074 0.0254502 0.170793
0.120846 9.9982E-05 0.267689 0.270728 0.268275 0.0722625 9.9982E-05
9.9964E-05 9.9964E-05 0.346949 0.524071 0.128581 9.9964E-05 9.9964E-05
9.9964E-05 9.9964E-05 0.45849 0.40174 0.13937 9.9964E-05 9.9964E-05
0.0673849 0.0120446 0.208922 0.362974 0.335386 0.013189 9.9991E-05
0.683568 0.0023328 0.261723 9.9973E-05 9.9973E-05 9.9973E-05 0.0520765
0.568796 0.02722 0.0633595 0.0921924 0.0862437 9.9991E-05 0.162089
0.319545 0.0121216 9.9973E-05 9.9973E-05 0.663687 0.00434625 9.9973E-05
0.32625 9.9982E-05 9.9982E-05 0.0229327 0.413525 0.167277 0.0698158
0.2698 0.00238598 0.00545226 0.0793266 0.452272 0.0324981 0.158265
0.385971 9.9973E-05 0.463579 9.9973E-05 9.9973E-05 0.0457619 0.104388
0.436263 0.0689572 0.243322 9.9991E-05 0.0902197 0.102894 0.0582433
0.231567 0.0533761 0.608513 9.9973E-05 9.9973E-05 9.9973E-05 0.106244
0.673865 0.0432137 0.177917 0.0652661 9.9991E-05 0.00500002 0.0346384
0.448335 0.0130261 0.195178 0.0166319 9.9991E-05 0.147932 0.178797
0.544488 0.0330108 0.216165 0.0540995 0.022781 0.062306 0.0671497
0.18459 9.9982E-05 0.577564 9.9982E-05 0.0127257 0.129388 0.0955335
0.535155 9.9991E-05 0.0737622 0.0176882 0.133397 0.0315618 0.208335
0.547252 9.9991E-05 0.0864318 0.12628 0.0100518 0.0761502 0.153734
9.9955E-05 9.9955E-05 9.9955E-05 9.9955E-05 0.978721 9.9955E-05 0.0207791
0.0491861 0.020125 9.9973E-05 9.9973E-05 0.918302 9.9973E-05 0.0120866
0.301305 9.9982E-05 0.0070205 0.0675567 0.563959 9.9982E-05 0.059959
0.271266 0.019083 9.9973E-05 9.9973E-05 0.70668 9.9973E-05 0.002671
0.0870991 0.0797037 9.9973E-05 9.9973E-05 0.814903 0.0179942 9.9973E-05
9.995E-05 9.995E-05 9.995E-05 9.995E-05 0.9994 9.995E-05 9.995E-05
9.9955E-05 0.0341101 9.9955E-05 9.9955E-05 0.96539 9.9955E-05 9.9955E-05
0.133042 9.9955E-05 9.9955E-05 9.9955E-05 0.866458 9.9955E-05 9.9955E-05
9.9955E-05 0.0456814 9.9955E-05 9.9955E-05 0.953819 9.9955E-05 9.9955E-05
9.995E-05 9.995E-05 9.995E-05 9.995E-05 0.9994 9.995E-05 9.995E-05
9.995E-05 9.995E-05 9.995E-05 9.995E-05 0.9994 9.995E-05 9.995E-05
0.174864 9.9973E-05 9.9973E-05 0.0613727 0.704164 0.0592997 9.9973E-05
0.060857 0.0782698 9.9973E-05 9.9973E-05 0.831052 0.029521 9.9973E-05
9.9964E-05 9.9964E-05 9.9964E-05 9.9964E-05 0.957049 0.0128392 0.0297115
0.13088 0.0300713 9.9991E-05 0.0332592 0.481259 0.233755 0.090676
0.212697 0.0630259 9.9982E-05 0.044707 0.667225 9.9982E-05 0.0121448
0.227071 9.9964E-05 9.9964E-05 0.0360159 0.736513 9.9964E-05 9.9964E-05
0.0887423 0.0317172 9.9964E-05 9.9964E-05 0.879141 9.9964E-05 9.9964E-05
9.995E-05 9.995E-05 9.995E-05 9.995E-05 0.9994 9.995E-05 9.995E-05
0.0950558 9.9973E-05 9.9973E-05 0.037399 0.836232 0.0310128 9.9973E-05
9.995E-05 9.995E-05 9.995E-05 9.995E-05 0.9994 9.995E-05 9.995E-05
0.115455 0.049959 9.9982E-05 0.0661298 0.643851 9.9982E-05 0.124405
9.9964E-05 9.9964E-05 9.9964E-05 9.9964E-05 0.903706 0.0549554 0.0409391
9.9964E-05 9.9964E-05 0.597353 0.321952 0.0802958 9.9964E-05 9.9964E-05
0.291464 0.159529 0.249275 0.111488 0.131306 0.0568373 9.9991E-05
0.405076 0.0714966 0.173354 0.230196 0.0809063 0.00366642 0.0353048
0.225906 0.0884448 0.395519 0.217141 0.0727892 9.9982E-05 9.9982E-05
0.538808 0.0573239 0.178422 0.101536 0.0691619 0.0373136 0.0174345
0.145125 9.9991E-05 0.34683 0.234183 0.145434 0.0527984 0.0755294
0.410762 0.0741501 0.0884197 0.169981 0.0668071 0.0866317 0.103249
0.384444 9.9973E-05 0.317563 0.152491 0.145202 9.9973E-05 9.9973E-05
0.425384 0.0399266 0.231896 0.151495 0.151099 9.9982E-05 9.9982E-05
0.407767 9.9973E-05 0.355449 0.122325 0.114159 9.9973E-05 9.9973E-05
0.453113 0.0123537 0.162661 0.174704 0.077806 0.0414151 0.0779471
0.0479127 0.125621 0.0058835 0.820283 9.9973E-05 9.9973E-05 9.9973E-05
9.9973E-05 0.0394322 9.9973E-05 0.908098 0.0458912 9.9973E-05 0.00627895
9.9964E-05 0.0324542 9.9964E-05 0.964839 9.9964E-05 9.9964E-05 0.00230667
9.9955E-05 0.0609444 9.9955E-05 0.938556 9.9955E-05 9.9955E-05 9.9955E-05
0.0220369 0.0661829 9.9982E-05 0.857564 0.0199333 0.0340832 9.9982E-05
9.9973E-05 9.9973E-05 0.0127214 0.888392 0.0809953 0.0175917 9.9973E-05
0.0472295 9.9973E-05 9.9973E-05 0.877675 0.0663211 0.00847435 9.9973E-05
9.9973E-05 0.0166639 0.11296 0.842757 0.0273197 9.9973E-05 9.9973E-05
9.9973E-05 9.9973E-05 9.9973E-05 0.913776 0.0206676 0.0302697 0.0349867
0.000315094 0.0197973 0.0262837 0.864688 0.0887159 9.9982E-05 9.9982E-05
9.9982E-05 0.113118 0.0139768 0.634287 9.9982E-05 0.199677 0.0387416
9.9964E-05 0.196292 9.9964E-05 0.575839 9.9964E-05 0.227469 9.9964E-05
9.9973E-05 0.111373 0.179338 0.519853 9.9973E-05 0.189135 9.9973E-05
9.9982E-05 0.108908 0.0561213 0.49586 9.9982E-05 0.294168 0.0447423
0.481533 0.00627309 9.9982E-05 0.120967 9.9982E-05 0.133383 0.257644
0.36657 0.054156 9.9982E-05 9.9982E-05 0.0476926 0.175786 0.355595
0.518264 0.118807 9.9982E-05 9.9982E-05 0.0716354 0.110533 0.180561
0.355884 0.101849 0.105581 0.00667858 9.9991E-05 0.266898 0.163009
0.0876023 0.383998 0.00972095 9.9982E-05 9.9982E-05 0.357419 0.16106
0.695666 9.9973E-05 9.9973E-05 0.0868955 9.9973E-05 0.00869166 0.208447
0.524121 0.0376334 9.9982E-05 9.9982E-05 0.0431872 0.0598632 0.334996
0.471572 0.0163703 0.044254 9.9991E-05 0.000776293 0.213568 0.253359
0.352828 0.0166078 9.9982E-05 0.0178971 0.0557074 9.9982E-05 0.556759
0.703292 0.119899 0.0569454 0.0207204 0.0293793 9.9991E-05 0.0696637
0.402401 0.10324 9.9982E-05 0.00695147 9.9982E-05 0.0750257 0.412182
9.9964E-05 0.0557486 0.175442 9.9964E-05 9.9964E-05 9.9964E-05 0.76841
0.451295 0.159064 0.0198099 0.0293629 9.9991E-05 0.197891 0.142477
0.260235 9.9982E-05 0.192778 0.0356181 9.9982E-05 0.00115594 0.510013
0.492031 0.045679 0.103037 9.9982E-05 0.0336658 9.9982E-05 0.325388
0.0774955 0.124561 9.9982E-05 0.0304471 9.9982E-05 0.131405 0.635891
0.0180717 0.805821 0.171081 0.00472616 9.9973E-05 9.9973E-05 9.9973E-05
0.0768844 0.746778 0.150721 0.0253158 9.9973E-05 9.9973E-05 9.9973E-05
9.9955E-05 0.903468 0.0960325 9.9955E-05 9.9955E-05 9.9955E-05 9.9955E-05
9.9973E-05 0.854521 0.0345072 0.0662395 9.9973E-05 9.9973E-05 0.0444319
0.0552748 0.780876 0.129397 9.9973E-05 0.0341527 9.9973E-05 9.9973E-05
0.0791284 0.808016 0.0568454 0.00893692 0.0468734 9.9982E-05 9.9982E-05
0.10943 9.9973E-05 9.9973E-05 0.867771 0.0211549 9.9973E-05 0.0013441
0.076658 0.00696596 9.9982E-05 0.851628 0.0517822 0.0127658 9.9982E-05
0.189906 9.9964E-05 9.9964E-05 0.777332 0.0323619 9.9964E-05 9.9964E-05
9.9982E-05 0.0333983 0.000729218 0.743326 0.144384 0.0779627 9.9982E-05
0.060518 0.0352898 9.9982E-05 0.801873 0.0873722 0.0147471 9.9982E-05
9.9982E-05 0.511962 0.0641712 0.337812 9.9982E-05 0.0525869 0.0332683
9.9973E-05 0.348096 0.0755242 0.468524 9.9973E-05 9.9973E-05 0.107556
9.9973E-05 0.440274 0.0320961 0.445431 9.9973E-05 9.9973E-05 0.0818985
0.100605 9.9973E-05 9.9973E-05 0.791058 0.0180286 0.0900082 9.9973E-05
9.9973E-05 0.4602 0.0373224 0.384251 9.9973E-05 9.9973E-05 0.117926
0.27694 9.9973E-05 0.215688 0.158788 0.348284 9.9973E-05 9.9973E-05
0.575056 0.0107367 0.00556321 0.167319 0.150923 0.0557841 0.0346178
0.552426 9.9964E-05 9.9964E-05 0.18887 0.258304 9.9964E-05 9.9964E-05
0.329799 0.0189644 0.123528 0.216232 0.24675 0.0646275 9.9991E-05
0.344294 0.0110942 0.053298 0.174975 0.202911 0.0962111 0.117216
9.9964E-05 9.9964E-05 0.272921 0.406687 0.319992 9.9964E-05 9.9964E-05
0.369503 0.114102 0.111207 9.9982E-05 9.9982E-05 0.3387 0.0662879
0.387262 0.0603757 0.316352 9.9982E-05 9.9982E-05 0.167469 0.0683414
0.161235 0.111861 9.9973E-05 0.0572719 9.9973E-05 0.669332 9.9973E-05
0.470553 0.0666585 0.12878 9.9982E-05 9.9982E-05 0.142801 0.191006
9.9973E-05 0.0414033 0.576864 9.9973E-05 9.9973E-05 0.188587 0.192846
0.507977 0.121348 0.0852907 0.0422192 0.0715421 0.171523 9.9991E-05
0.463594 0.0790285 0.107237 0.0612949 9.9991E-05 0.255028 0.0337176
0.27386 0.126018 0.0846398 0.0100154 9.9982E-05 0.505266 9.9982E-05
0.40419 0.132455 9.9991E-05 0.129179 0.0292775 0.204661 0.100138
0.0584576 0.0533623 0.32229 9.9982E-05 9.9982E-05 0.438135 0.127555
0.473667 0.1147 0.190829 9.9982E-05 9.9982E-05 0.146665 0.0739397
0.530487 0.15936 0.0721946 9.9982E-05 9.9982E-05 0.165216 0.0725422
0.404434 0.112391 0.0624499 0.0945389 0.212771 9.9991E-05 0.113315
0.337488 0.0407374 0.175949 9.9982E-05 9.9982E-05 0.380403 0.0652227
0.444492 0.0217519 0.128813 0.00422125 9.9991E-05 0.275359 0.125264
0.465429 0.069917 0.125242 9.9991E-05 0.127124 0.114443 0.0977446
0.568686 0.0661041 0.104947 9.9982E-05 9.9982E-05 0.17241 0.0876523
0.573618 0.12242 0.0385335 9.9991E-05 0.0256117 0.15013 0.0895873
0.490655 0.0289122 0.0598586 0.10994 0.0931289 9.9991E-05 0.217405
0.413404 0.164039 0.00704265 0.0599901 0.0888748 0.258644 0.00800533
0.147219 9.9964E-05 9.9964E-05 0.756232 0.0961496 9.9964E-05 9.9964E-05
0.094581 9.9982E-05 0.00123145 0.837505 0.0584929 9.9982E-05 0.00798965
0.0734147 0.0718154 0.0218226 0.784652 9.9982E-05 9.9982E-05 0.0480956
0.0187954 0.0726601 9.9982E-05 0.816721 0.0353902 9.9982E-05 0.0562331
0.16659 0.00434389 9.9964E-05 0.828667 9.9964E-05 9.9964E-05 9.9964E-05
0.00571741 0.143323 9.9982E-05 0.0265928 0.0190302 0.805136 9.9982E-05
0.463531 0.0741164 0.105652 0.0152301 0.0756395 0.124189 0.141642
0.339071 0.0538768 0.11451 0.145063 0.199431 0.0731331 0.0749154
0.678995 0.117191 9.9973E-05 9.9973E-05 0.0250485 0.178466 9.9973E-05
0.515104 0.14771 9.9982E-05 0.0297079 9.9982E-05 0.164471 0.142808
0.247646 0.144325 0.182252 0.0133827 0.0770368 0.335257 9.9991E-05
9.9982E-05 0.248923 0.169865 0.116679 9.9982E-05 0.461345 0.00298629
0.476394 0.195153 9.9991E-05 0.0365613 0.0138787 0.197935 0.0799774
0.064522 0.282889 0.0484241 0.0396776 0.0474107 0.440538 0.0765384
0.526448 0.095773 0.190312 0.0591916 9.9991E-05 0.0347763 0.0933986
0.0123385 0.195044 0.0528153 0.161711 9.9991E-05 0.529612 0.0483797
0.544334 0.0771313 0.0370194 0.0939591 0.0580949 0.165384 0.0240768
0.114038 0.206234 0.0100813 0.0897114 9.9991E-05 0.501003 0.078833
0.299867 0.108919 0.176523 9.9991E-05 0.0609025 0.284088 0.0696011
0.536876 0.0740997 0.168888 0.0399062 9.9991E-05 0.0484951 0.131636
0.387624 0.0739076 0.498476 9.9973E-05 9.9973E-05 0.0396923 9.9973E-05
0.582632 0.0334199 0.303133 0.0473476 9.9982E-05 0.033268 9.9982E-05
0.570311 0.0203091 0.174782 0.151814 0.0583326 0.00531157 0.0191395
0.423463 0.0754618 0.422015 9.9982E-05 9.9982E-05 0.0598819 0.0189787
0.5189 9.9991E-05 0.13422 0.108057 0.0229801 0.114211 0.101532
0.596957 0.00382273 0.307368 0.0182923 9.9982E-05 9.9982E-05 0.0733598
0.0889819 0.120613 0.661217 9.9973E-05 9.9973E-05 9.9973E-05 0.128888
0.312009 0.0431816 0.594032 9.9973E-05 9.9973E-05 9.9973E-05 0.050478
0.524103 0.15469 0.320807 9.9964E-05 9.9964E-05 9.9964E-05 9.9964E-05
0.213067 0.118418 0.523637 9.9982E-05 9.9982E-05 0.0175239 0.127155
0.467453 0.0560812 0.291284 9.9982E-05 9.9982E-05 0.129418 0.0555629
0.043205 0.281311 0.0373812 0.0152958 0.00207366 0.445757 0.174976
0.21467 0.110519 0.209828 9.9982E-05 9.9982E-05 0.336019 0.128764
0.338507 0.251338 9.9991E-05 0.00597588 0.0587473 0.295506 0.0498248
0.551031 0.17436 9.9982E-05 0.0108944 0.0939794 0.169535 9.9982E-05
0.174124 0.223558 0.0376768 9.9982E-05 9.9982E-05 0.481734 0.0827069
0.471731 0.00154699 0.197354 0.0538178 0.0996421 0.175808 9.9991E-05
0.527094 0.145501 0.0368314 0.0856609 0.0788753 0.0689698 0.0570672
0.425046 0.131073 9.9991E-05 0.0735063 0.0694474 0.227425 0.0734022
0.414168 0.13606 0.0147637 9.9991E-05 0.0845216 0.289141 0.0612459
0.339929 0.234124 9.9982E-05 9.9982E-05 0.0743476 0.176873 0.174526
0.0469247 0.189974 9.9982E-05 9.9982E-05 0.128293 0.428317 0.20629
0.229683 0.285954 0.00208734 0.00323719 0.135998 0.255674 0.0873664
0.537253 0.0940198 0.0472615 9.9991E-05 0.0795099 0.234517 0.00733893
0.589895 0.0946411 0.0293764 0.0615503 0.0217628 0.193582 0.00919273
0.444548 0.171427 0.159436 0.0509038 0.0304878 0.143098 9.9991E-05
0.524614 0.170306 0.0578694 9.9991E-05 0.0678248 0.101765 0.0775211
0.377405 0.236815 0.0340412 0.0327262 0.0533172 0.265596 9.9991E-05
0.594991 0.121833 0.0463239 9.9991E-05 0.0356875 0.161082 0.0399818
0.468804 0.172438 0.00666959 0.0209142 0.0728621 0.178574 0.0797379
0.51671 0.0996806 9.9991E-05 0.113641 0.0779762 0.0480862 0.143806
0.413142 0.016898 9.9991E-05 0.383507 0.0882181 0.0871551 0.0109797
0.356945 9.9991E-05 0.0776961 0.104919 0.257621 0.132059 0.0706598
0.318796 0.0720254 0.0445723 0.18186 0.2082 0.0408044 0.133742
0.505238 0.0303417 0.0545353 0.0553061 0.158724 0.195755 9.9991E-05
0.375776 9.9982E-05 9.9982E-05 0.171014 0.269413 0.0364273 0.14717
0.51772 9.9973E-05 0.121681 9.9973E-05 9.9973E-05 0.281398 0.0789009
0.478195 0.0194561 0.0560598 0.11371 0.164838 0.0979068 0.0698345
0.00432245 9.9991E-05 0.400206 0.233545 0.133573 0.127437 0.100816
0.432295 9.9982E-05 0.0637274 0.0726129 0.143277 0.287887 9.9982E-05
0.583782 0.081196 9.9982E-05 0.18634 0.0910242 9.9982E-05 0.0574581
0.32191 9.9991E-05 0.0618 0.0304766 0.297436 0.215898 0.0723801
0.225713 9.9991E-05 0.224398 0.174712 0.105558 0.242848 0.0266702
0.5507 0.00966949 0.0181121 0.240408 0.115253 0.065472 0.000385333
0.505606 0.0197742 0.0473899 0.163652 0.146165 0.117314 9.9991E-05
9.9964E-05 9.9964E-05 0.340476 0.460503 0.198621 9.9964E-05 9.9964E-05
0.5188 9.9991E-05 0.0671647 0.156793 0.251378 0.00150341 0.00426063
0.48405 9.9982E-05 9.9982E-05 0.224279 0.201074 0.0691615 0.021236
0.577397 0.0466786 0.0655197 0.137692 0.0798651 0.0927472 9.9991E-05
0.545869 9.9982E-05 0.0594868 0.188938 0.173231 0.0322765 9.9982E-05
0.458876 0.0134147 0.0647276 0.184007 0.116813 0.0924061 0.0697555
0.45775 0.0264581 0.189335 9.9982E-05 0.0544322 9.9982E-05 0.271825
0.492823 0.0925995 0.155651 0.0165234 0.0510867 0.079077 0.11224
0.0161815 0.020964 0.420861 9.9982E-05 9.9982E-05 0.168887 0.372907
9.9973E-05 0.0235874 0.586332 9.9973E-05 9.9973E-05 0.0959246 0.293856
0.460916 0.000757767 0.154654 0.0392081 0.0760237 0.147971 0.12047
0.389079 9.9982E-05 0.158498 0.122131 0.27237 0.0577217 9.9982E-05
0.350293 9.9982E-05 0.147307 0.113426 0.336484 9.9982E-05 0.0522909
0.139835 9.9982E-05 0.29997 0.162988 0.281095 0.115912 9.9982E-05
0.301822 9.9982E-05 0.166854 0.1077 0.3349 0.0885248 9.9982E-05
0.116131 9.9982E-05 0.658354 9.9982E-05 0.102866 0.0463906 0.0760578
0.219747 9.9973E-05 0.606296 9.9973E-05 0.0884995 9.9973E-05 0.0851574
0.481832 9.9982E-05 0.158203 9.9982E-05 0.115608 0.0530781 0.191079
0.415708 9.9991E-05 0.201147 0.0491677 0.148309 0.092336 0.0932328
0.186694 0.0634367 0.499434 9.9991E-05 0.145456 0.0094577 0.0954224
0.559992 9.9991E-05 0.172561 0.0538159 0.0842318 0.0720664 0.0572325
0.561685 0.0138811 0.188482 9.9991E-05 0.0889899 0.0723414 0.0745201
0.355417 0.0299719 0.102494 0.0371881 0.202279 0.198941 0.0737098
0.345143 0.0840787 0.277289 9.9982E-05 9.9982E-05 0.0483402 0.244949
0.378115 9.9982E-05 0.262604 9.9982E-05 0.00126572 0.226774 0.131042
0.538312 0.128878 0.205107 9.9982E-05 0.0424245 0.0850778 9.9982E-05
0.509624 0.141073 0.239629 9.9991E-05 0.0249537 0.0240827 0.060537
0.418792 0.0564047 0.0752195 0.150294 0.0811497 0.0788359 0.139305
0.474287 0.0743722 0.28823 9.9973E-05 9.9973E-05 9.9973E-05 0.162811
0.265899 0.0469441 0.428113 9.9982E-05 9.9982E-05 0.0729235 0.185921
0.58112 0.00596633 0.163726 0.0148705 0.0313506 9.9991E-05 0.202867
0.264239 9.9973E-05 0.388404 9.9973E-05 9.9973E-05 0.077104 0.269953
0.424465 0.065751 0.28822 9.9973E-05 9.9973E-05 9.9973E-05 0.221265
0.531404 0.0720404 0.173659 0.0265408 0.0599169 9.9991E-05 0.13634
0.52557 0.0169039 0.162855 9.9991E-05 0.0153822 0.119549 0.15964
0.571416 9.99812E-05 0.131253 0.138688 0.158343 9.99812E-05 9.99812E-05
0.448757 0.0244608 0.161192 0.0931144 0.0865334 0.150742 0.035201
0.356585 0.053052 0.13697 0.145182 0.268673 0.0394379 9.9991E-05
0.328535 0.0628669 0.138633 0.14773 0.23204 0.0900945 9.9991E-05
0.423671 0.203837 0.0379542 0.158018 0.106033 9.9991E-05 0.0703862
0.594781 0.0446693 0.0972309 0.176988 0.0763981 0.00983277 9.9991E-05
9.9982E-05 0.1112 0.56108 0.112384 0.178241 9.9982E-05 0.0368952
0.620123 0.0728207 0.0435821 0.0373239 0.22595 9.9982E-05 9.9982E-05
9.9964E-05 9.9964E-05 0.522448 0.328337 0.148815 9.9964E-05 9.9964E-05
0.584108 9.9973E-05 0.186863 9.9973E-05 0.204234 0.0244951 9.9973E-05
0.130779 9.9964E-05 0.480686 9.9964E-05 9.9964E-05 9.9964E-05 0.388135
9.9964E-05 9.9964E-05 0.535358 9.9964E-05 9.9964E-05 0.0901986 0.374044
0.447637 9.9973E-05 0.221434 9.9973E-05 9.9973E-05 0.126596 0.204033
0.614089 9.9973E-05 0.156863 9.9973E-05 9.9973E-05 0.060183 0.168565
0.349348 0.00256426 0.289949 9.9982E-05 9.9982E-05 0.141432 0.216507
0.497913 9.9973E-05 0.197609 9.9973E-05 9.9973E-05 0.07722 0.226958
0.581108 9.9973E-05 0.195846 9.9973E-05 9.9973E-05 0.101518 0.121228
0.108076 9.9973E-05 0.0751044 0.780249 9.9973E-05 0.0362703 9.9973E-05
0.00387253 0.106983 0.00695789 0.678724 0.11544 0.0879218 9.9991E-05
9.9964E-05 9.9964E-05 9.9964E-05 0.916313 0.0550631 0.0282245 9.9964E-05
0.0585726 9.9964E-05 0.0371949 0.903833 9.9964E-05 9.9964E-05 9.9964E-05
0.488471 9.9982E-05 9.9982E-05 0.113235 0.00806672 0.0439066 0.34612
0.3832 9.9982E-05 9.9982E-05 0.10042 0.0864468 0.0119573 0.417775
0.465639 0.00727471 9.9973E-05 9.9973E-05 9.9973E-05 0.0807636 0.446023
0.61855 9.9964E-05 9.9964E-05 0.0810488 9.9964E-05 9.9964E-05 0.300001
0.55565 0.151791 0.0577236 0.0542658 0.0408108 9.9991E-05 0.139659
0.212559 0.0480251 0.0770672 0.00859683 9.9991E-05 0.0844098 0.569243
0.616672 0.0134323 9.9982E-05 9.9982E-05 0.00850881 0.116784 0.244404
0.353869 9.9964E-05 0.185784 9.9964E-05 9.9964E-05 9.9964E-05 0.459947
0.386177 9.9973E-05 9.9973E-05 0.232198 0.152556 0.22877 9.9973E-05
0.358938 0.0507106 0.0565161 9.9991E-05 0.0525363 0.0612537 0.419946
0.254161 0.0954769 9.9973E-05 0.0347848 9.9973E-05 9.9973E-05 0.615278
0.541537 0.015891 0.0010768 9.9982E-05 9.9982E-05 0.0740984 0.367197
0.346711 0.0775897 9.9982E-05 9.9982E-05 0.013539 0.064817 0.497143
0.51038 9.9964E-05 9.9964E-05 9.9964E-05 0.0283429 9.9964E-05 0.460878
0.558178 9.9964E-05 9.9964E-05 0.0808361 9.9964E-05 9.9964E-05 0.360586
0.02601 9.9973E-05 0.0347512 9.9973E-05 9.9973E-05 0.0131422 0.925797
0.240859 0.0148434 0.171853 9.9991E-05 0.0127749 0.0125409 0.547029
0.292984 0.0920519 9.9973E-05 9.9973E-05 0.0128295 9.9973E-05 0.601835
9.9955E-05 9.9955E-05 0.195955 9.9955E-05 9.9955E-05 9.9955E-05 0.803545
0.364565 0.0937734 9.9991E-05 0.0262292 0.0308834 0.035799 0.44865
0.123636 0.0321767 0.288459 9.9973E-05 9.9973E-05 9.9973E-05 0.555428
9.9955E-05 9.9955E-05 0.283611 9.9955E-05 9.9955E-05 9.9955E-05 0.715889
0.550596 0.0334958 9.9991E-05 0.025865 0.0510313 0.0196509 0.319261
0.177276 0.0197713 9.9982E-05 0.0312639 9.9982E-05 0.18356 0.587928
0.319633 9.9982E-05 0.0272994 9.9982E-05 0.0902193 0.179584 0.383064
0.442061 0.0511414 9.9991E-05 0.105874 0.0890996 0.0583126 0.253412
0.4431 0.0443713 9.9982E-05 9.9982E-05 0.039212 0.0751442 0.397972
0.277665 0.0729692 0.161268 9.9991E-05 0.0280316 0.362136 0.0978308
0.543134 0.0274482 0.00835602 0.0409135 0.00401854 0.0393117 0.336818
0.367107 0.0472166 0.00361696 0.0137673 0.046472 0.107761 0.414059
0.302303 9.9964E-05 0.036083 9.9964E-05 9.9964E-05 9.9964E-05 0.661215
0.571142 0.0631575 9.9982E-05 0.135808 0.00571506 9.9982E-05 0.223977
9.9982E-05 0.259988 0.0672433 0.617962 0.0151546 0.0394523 9.9982E-05
0.0429848 0.0625479 0.0236546 0.761412 9.9991E-05 0.0481698 0.061131
9.9964E-05 0.116158 0.0710105 0.812432 9.9964E-05 9.9964E-05 9.9964E-05
9.9973E-05 0.097289 0.101104 0.777322 9.9973E-05 0.023985 9.9973E-05
0.0241514 0.208345 9.9973E-05 0.718828 9.9973E-05 0.0483759 9.9973E-05
0.0817707 0.0295715 9.9982E-05 0.0818484 9.9982E-05 0.060737 0.745873
0.114402 0.10292 0.0721512 0.0450567 9.9982E-05 9.9982E-05 0.66527
0.114115 9.9964E-05 0.0902799 9.9964E-05 9.9964E-05 9.9964E-05 0.795205
0.418605 0.0376303 0.00295189 0.121041 0.137619 0.0520783 0.230075
0.637003 0.0794832 9.9991E-05 0.0406451 0.0907744 0.0404081 0.111586
0.253438 0.0398825 0.0467958 9.9982E-05 0.0523044 9.9982E-05 0.607379
0.625126 0.0411572 9.9973E-05 9.9973E-05 0.015685 9.9973E-05 0.317732
0.341475 9.9973E-05 9.9973E-05 0.0613196 0.109407 9.9973E-05 0.487498
0.544652 9.9964E-05 9.9964E-05 0.0819761 9.9964E-05 9.9964E-05 0.372972
0.609659 0.0973639 9.9973E-05 0.0596956 9.9973E-05 9.9973E-05 0.232981
0.204217 0.118431 0.0345828 0.00801574 0.0111196 0.099381 0.524252
0.30457 9.9964E-05 9.9964E-05 9.9964E-05 9.9964E-05 0.0628744 0.632156
0.260735 0.0809255 9.9973E-05 9.9973E-05 9.9973E-05 0.146079 0.511961
0.587653 9.9982E-05 0.190614 0.0817679 9.9982E-05 0.123904 0.0158622
0.425067 9.9973E-05 9.9973E-05 0.00982062 9.9973E-05 0.138152 0.42666
0.378046 0.0690003 9.9982E-05 0.0257881 0.0781149 9.9982E-05 0.448851
0.457771 0.0140841 0.0579384 0.0518749 0.418132 9.9982E-05 9.9982E-05
0.315725 9.9982E-05 0.0420784 0.190982 0.443782 9.9982E-05 0.00723316
0.507829 9.9973E-05 0.0160519 0.0896373 0.386182 9.9973E-05 9.9973E-05
0.383104 9.9973E-05 0.0313045 0.132241 0.453051 9.9973E-05 9.9973E-05
0.54802 0.0757824 9.9982E-05 0.12856 0.230335 0.0171029 9.9982E-05
0.516895 9.9982E-05 0.13711 0.0365886 9.9982E-05 0.0639065 0.245299
0.0465348 9.9973E-05 0.0331899 0.27611 0.643865 9.9973E-05 9.9973E-05
0.392776 9.9982E-05 0.00427204 0.14541 0.422192 9.9982E-05 0.0351493
0.43709 0.0359664 0.121323 0.195601 0.144242 9.9991E-05 0.0656773
0.61889 9.9973E-05 0.225579 0.0901397 9.9973E-05 0.0650914 9.9973E-05
0.457794 0.0942884 0.282648 0.0522353 9.9991E-05 0.0950577 0.0178767
0.653858 0.0120811 0.173836 0.101289 0.0449239 0.0139126 9.9991E-05
0.662429 0.0910538 0.0307893 0.104317 9.9991E-05 0.00952796 0.101782
0.346374 9.9982E-05 0.0138183 0.189885 0.429848 0.0198744 9.9982E-05
0.28051 0.0552981 9.9991E-05 0.100822 0.392917 0.104718 0.0656345
0.402036 9.9973E-05 0.00575679 0.124169 0.467738 9.9973E-05 9.9973E-05
0.426617 0.0312566 0.0594118 0.10692 0.311257 0.0644383 9.9991E-05
0.24086 0.0269429 0.0577079 0.0842593 0.59003 9.9982E-05 9.9982E-05
0.450008 0.110977 0.037383 0.0448641 0.315165 9.9991E-05 0.0415034
0.215054 9.9991E-05 0.0356866 0.191275 0.530641 0.00897375 0.0182689
0.331983 0.051761 0.0869861 0.0562415 0.394546 0.078383 9.9991E-05
0.590774 0.0525383 0.293936 0.0434011 9.9982E-05 9.9982E-05 0.0191502
0.315684 0.116715 0.0282331 0.115944 0.396787 9.9991E-05 0.0265368
0.147084 9.9973E-05 0.0130361 0.183686 0.655893 9.9973E-05 9.9973E-05
0.250569 0.0585288 0.0534912 0.115693 0.429765 0.0676716 0.0242807
0.219765 0.176765 0.244528 0.146632 9.9991E-05 0.172097 0.0401118
0.463609 9.9982E-05 0.204354 9.9982E-05 0.0946132 0.20072 0.0365043
0.419833 0.0311062 0.0418005 0.177274 0.298764 0.0311227 9.9991E-05
0.571284 0.029288 0.113475 0.165085 0.0157452 0.105023 9.9991E-05
0.47515 0.0526377 0.179648 0.152682 0.00623728 0.0776175 0.0560271
0.261058 9.9982E-05 0.0602954 0.197462 0.290126 9.9982E-05 0.190858
0.32402 9.9991E-05 0.107615 0.233015 0.273103 0.0399245 0.0222232
0.581976 0.121922 0.032411 0.0852726 0.0820388 0.0155005 0.0808792
0.409983 0.028401 9.9982E-05 0.113211 0.352372 9.9982E-05 0.0958331
0.38553 9.99787E-05 0.0885744 0.0588274 0.466768 9.99787E-05 9.99787E-05
0.133969 0.00734648 0.0726502 0.163594 0.618213 0.00412695 9.9991E-05
0.64589 0.0953581 0.134264 0.0433065 9.9982E-05 0.0809819 9.9982E-05
0.49747 0.108617 0.124277 0.119598 9.9991E-05 0.12176 0.028177
0.245129 0.0538631 0.624106 0.0724482 0.00425356 9.9982E-05 9.9982E-05
0.588447 0.0533973 0.0242063 0.111439 0.0486101 0.0443582 0.129542
0.37665 0.122893 0.140183 0.114058 0.0383524 0.148741 0.059122
0.361319 9.9991E-05 0.0384002 0.221494 0.158352 0.0446403 0.175694
0.334744 0.122119 0.0154433 0.0726858 0.14755 0.198043 0.109416
9.9964E-05 9.9964E-05 0.515304 0.297736 0.18656 9.9964E-05 9.9964E-05
9.9964E-05 9.9964E-05 0.613322 0.286924 0.0993546 9.9964E-05 9.9964E-05
0.279553 0.0268198 0.329324 0.1173 0.14505 0.101853 9.9991E-05
0.0119155 0.00315922 0.453881 0.282636 0.218898 0.0294107 9.9991E-05
9.9964E-05 9.9964E-05 0.374906 0.376497 0.248196 9.9964E-05 9.9964E-05
0.364939 0.113118 0.23724 0.117282 0.16722 9.9982E-05 9.9982E-05
0.302204 9.9991E-05 0.20439 0.160446 0.187481 0.127827 0.0175522
0.227016 0.0188468 0.288632 0.290927 0.121382 0.053096 9.9991E-05
0.102578 9.9982E-05 0.465405 0.286582 0.10025 0.0449841 9.9982E-05
0.632035 9.9982E-05 0.169603 0.142457 0.0497651 0.00593916 9.9982E-05
0.165795 9.9991E-05 0.391892 0.199148 0.108221 0.11357 0.0212735
9.9964E-05 9.9964E-05 0.546216 0.379162 0.0742224 9.9964E-05 9.9964E-05
0.453103 0.0677798 0.0446131 0.0588388 0.231585 0.14398 9.9991E-05
0.339739 0.088256 0.213665 0.169921 0.188219 9.9982E-05 9.9982E-05
0.485447 9.9982E-05 9.9982E-05 0.319342 0.0940109 0.0949895 0.00601084
0.44259 9.9982E-05 0.0642888 0.0987362 0.277488 0.116697 9.9982E-05
0.580027 9.9991E-05 0.00742128 0.169234 0.143155 0.0772583 0.0228036
0.4588 9.9991E-05 0.031697 0.166081 0.250632 0.0228845 0.0698061
0.303732 9.9982E-05 0.0354612 0.302094 0.232612 0.125901 9.9982E-05
0.48246 9.9973E-05 9.9973E-05 0.229998 0.161318 0.125924 9.9973E-05
0.372227 9.9973E-05 9.9973E-05 0.246437 0.269959 0.111078 9.9973E-05
0.26751 9.9982E-05 0.133522 0.228275 0.264226 9.9982E-05 0.106268
0.251532 0.0666619 0.01266 0.185999 0.110961 0.0932274 0.27896
0.590609 0.11152 0.00233932 0.149386 0.0521872 0.0344285 0.0595293
0.622093 9.9982E-05 0.0396621 0.140555 0.10604 0.09145 9.9982E-05
0.589635 0.0518654 9.9991E-05 0.0980529 0.0775292 0.02142 0.161398
0.416095 9.9982E-05 0.0685102 0.279995 0.206833 0.0283665 9.9982E-05
0.590511 0.045612 0.0483676 0.252666 0.0396109 9.9991E-05 0.0231323
0.119419 9.9991E-05 0.259459 0.292162 0.261464 0.00935357 0.0580429
0.446247 0.0409772 9.9982E-05 0.22507 0.225133 0.062372 9.9982E-05
0.13338 9.9973E-05 0.275526 0.213628 0.377166 9.9973E-05 9.9973E-05
0.00529668 0.111823 0.0558035 0.780183 9.9982E-05 9.9982E-05 0.0466936
0.0907236 0.718968 0.0368332 0.0204897 0.0162978 0.0623364 0.0543513
9.9964E-05 0.894385 9.9964E-05 9.9964E-05 9.9964E-05 0.0130229 0.092192
9.9955E-05 0.941645 9.9955E-05 9.9955E-05 9.9955E-05 0.0578547 9.9955E-05
0.0477621 0.942817 9.9964E-05 9.9964E-05 0.00902101 9.9964E-05 9.9964E-05
0.00446485 0.900499 9.9973E-05 9.9973E-05 0.0112333 0.0835027 9.9973E-05
0.0941372 0.905363 9.9955E-05 9.9955E-05 9.9955E-05 9.9955E-05 9.9955E-05
9.9973E-05 0.875483 9.9973E-05 0.0175072 9.9973E-05 0.0860444 0.0206652
9.9973E-05 0.816445 9.9973E-05 0.164809 0.00663681 0.011809 9.9973E-05
0.0140204 0.0431301 9.9982E-05 0.889139 0.0409918 0.0125192 9.9982E-05
0.0686733 0.0916614 0.00251546 0.813346 9.9982E-05 0.0236043 9.9982E-05
0.0201955 9.9973E-05 9.9973E-05 0.861328 0.052445 9.9973E-05 0.0657316
0.0321728 0.0719085 0.0341033 0.78821 9.9982E-05 0.0734058 9.9982E-05
9.9973E-05 0.0419517 9.9973E-05 0.862871 0.064885 0.0299926 9.9973E-05
9.9973E-05 0.0650734 0.0105636 0.913314 9.9973E-05 0.0107494 9.9973E-05
9.9973E-05 0.0807181 9.9973E-05 0.706101 0.147423 0.0654581 9.9973E-05
0.0696768 9.9973E-05 0.0179317 0.878688 0.0334032 9.9973E-05 9.9973E-05
9.9982E-05 0.157266 0.0166345 0.696297 0.0629926 9.9982E-05 0.0666108
9.9964E-05 9.9964E-05 9.9964E-05 0.888157 0.0535056 9.9964E-05 0.0579371
9.9964E-05 0.0529466 0.0236407 0.923013 9.9964E-05 9.9964E-05 9.9964E-05
0.00204971 0.0397647 0.0441297 0.819064 0.0658156 9.9991E-05 0.029076
0.0124942 0.0847877 9.9973E-05 0.887773 0.0146452 9.9973E-05 9.9973E-05
0.0490987 9.9964E-05 0.0441163 0.906385 9.9964E-05 9.9964E-05 9.9964E-05
0.0486708 0.0448401 9.9982E-05 0.853389 0.046251 9.9982E-05 0.00664897
0.0950482 9.9964E-05 9.9964E-05 0.840649 0.0639031 9.9964E-05 9.9964E-05
0.0771185 9.9964E-05 9.9964E-05 0.770631 0.151851 9.9964E-05 9.9964E-05
0.0942402 9.9964E-05 9.9964E-05 0.767416 0.137944 9.9964E-05 9.9964E-05
0.120134 9.9973E-05 9.9973E-05 0.811381 0.066873 9.9973E-05 0.00131251
0.373801 0.0821261 0.256105 0.13685 0.0317821 0.0766391 0.0426971
0.700833 0.0561586 0.0892009 0.0912469 9.9982E-05 9.9982E-05 0.0623604
0.511121 0.00932643 0.0875752 0.112508 0.0462477 0.180168 0.053054
0.205647 0.0899881 0.686198 9.9973E-05 9.9973E-05 9.9973E-05 0.0178666
0.526282 0.0671994 0.142977 0.0894822 9.9991E-05 0.167972 0.00598798
0.161976 0.0163943 0.718068 0.103261 9.9973E-05 9.9973E-05 9.9973E-05
0.69149 0.123564 0.105643 0.0415009 9.9982E-05 9.9982E-05 0.037603
0.408672 0.122932 0.144974 0.046534 9.9991E-05 0.1742 0.102587
0.510842 9.9973E-05 0.268836 0.0711289 9.9973E-05 9.9973E-05 0.148893
0.533667 0.00910044 0.0153732 0.0721026 9.9991E-05 0.0694211 0.300235
0.507611 0.117128 0.236825 0.0678935 9.9982E-05 0.0703428 9.9982E-05
0.664598 0.0196196 0.161032 0.0733319 9.9982E-05 0.0812184 9.9982E-05
0.559559 0.143784 0.140496 0.109618 9.9982E-05 9.9982E-05 0.0463418
0.0397721 0.331495 0.216399 9.9991E-05 0.0158445 0.265742 0.130647
0.0148953 0.125844 0.777698 9.9973E-05 9.9973E-05 9.9973E-05 0.0812627
0.202298 0.126644 0.670659 9.9964E-05 9.9964E-05 9.9964E-05 9.9964E-05
0.523708 9.9982E-05 0.183339 0.0537858 0.0852602 0.153707 9.9982E-05
0.570612 0.0130432 0.206646 0.100749 9.9982E-05 0.108749 9.9982E-05
0.567505 9.9973E-05 0.268574 0.119033 9.9973E-05 9.9973E-05 0.044588
0.746225 9.9982E-05 0.0531151 0.125349 0.0082103 9.9982E-05 0.0669007
0.532385 9.9991E-05 0.0934247 0.192484 0.132118 0.0208054 0.0286828
