9.9982E-05 9.9982E-05 0.954775 0.045025
0.00166497 0.00678902 0.991446 9.9991E-05
9.999E-05 0.103685 0.834153 0.0620618
0.0262316 0.0520784 0.838979 0.0827111
0.00736346 0.0138722 0.917839 0.0609255
0.18875 0.0242344 0.677375 0.109641
0.0865453 0.0293933 0.854575 0.0294863
0.159346 9.9991E-05 0.766986 0.0735685
0.142439 9.9982E-05 0.857361 9.9982E-05
0.0654854 0.0408484 0.759911 0.133755
0.146219 0.0448998 0.808782 9.9991E-05
0.490101 0.372235 0.0625117 0.0751518
0.231086 0.574522 0.054255 0.140137
0.419638 0.390925 0.129029 0.0604084
0.330926 0.370139 0.14383 0.155105
0.258155 0.41079 0.125086 0.205969
0.111199 0.71701 0.0863986 0.0853922
0.315145 0.539749 0.0616585 0.0834482
0.336414 0.425583 0.146083 0.0919201
0.705843 0.0642829 0.181655 0.0482188
0.359225 0.485514 0.0405951 0.114665
0.383333 0.412675 0.00234756 0.201644
0.189655 0.668222 0.05707 0.0850524
0.436078 0.425568 0.0605148 0.0778396
0.0984533 0.671141 0.0824632 0.147943
0.193121 0.61425 0.0942779 0.0983518
0.48287 0.3367 0.116554 0.0638758
0.447547 0.327881 0.0463806 0.178192
0.529458 0.38342 0.0668789 0.0202428
9.9991E-05 0.0440261 0.851993 0.10388
9.9991E-05 0.0853591 0.874055 0.0404856
9.9991E-05 0.153614 0.814169 0.0321166
9.9991E-05 0.175527 0.781232 0.043141
0.173732 0.709805 0.0855588 0.0309044
0.231372 0.670395 0.0529926 0.0452401
0.198957 0.731138 0.0564685 0.0134366
0.566942 0.23365 0.199308 9.9991E-05
0.420592 0.490897 9.9991E-05 0.088411
0.178997 0.61216 0.154261 0.0545814
0.0833802 0.81573 9.9991E-05 0.10079
0.116432 0.711179 0.167759 0.00463106
0.106951 0.642084 0.163513 0.087452
0.553626 0.430971 0.0153024 9.9991E-05
0.12612 0.663713 0.107365 0.102801
0.209762 0.542783 0.0772218 0.170233
0.102048 0.578755 0.184597 0.1346
0.406457 0.593343 9.9982E-05 9.9982E-05
0.106738 0.745528 0.111244 0.0364901
0.151659 0.671243 0.103512 0.0735853
0.828433 0.0712256 0.100241 9.9991E-05
0.6521 0.347701 9.9982E-05 9.9982E-05
0.675443 0.208083 0.0711425 0.0453319
0.179138 0.602789 0.142733 0.0753398
0.0698772 0.617877 0.17328 0.138965
0.181386 0.664443 0.101023 0.0531476
0.555175 0.277785 0.16694 9.9991E-05
0.24275 0.67205 0.0850999 9.9991E-05
0.190005 0.640132 0.0813091 0.088554
0.363437 0.496916 0.128263 0.0113842
0.548129 0.170884 0.249688 0.0312993
0.142969 0.631079 0.122718 0.103235
0.302876 0.530694 0.163085 0.0033452
0.707178 0.165263 0.127459 9.9991E-05
0.289529 0.642322 9.9991E-05 0.0680487
0.144933 0.73633 9.9991E-05 0.118638
0.14843 0.633167 0.148757 0.0696449
0.455251 0.392047 0.0724034 0.080299
0.273114 0.63253 0.0131735 0.0811832
0.192142 0.629085 0.0642104 0.114562
0.612506 0.28789 0.0995036 9.9991E-05
0.241756 0.758044 9.9982E-05 9.9982E-05
0.507288 0.492512 9.9982E-05 9.9982E-05
0.161391 0.707165 0.0946585 0.0367856
0.707732 0.292068 9.9982E-05 9.9982E-05
0.756021 0.243779 9.9982E-05 9.9982E-05
0.441082 0.558718 9.9982E-05 9.9982E-05
0.331609 0.668191 9.9982E-05 9.9982E-05
0.166819 0.678029 0.113564 0.0415874
0.282973 0.663052 0.0104555 0.0435193
0.483796 0.457242 0.0588618 9.9991E-05
0.465268 0.432675 0.101958 9.9991E-05
0.220608 0.671639 0.0692978 0.0384551
0.405538 0.538339 0.042497 0.0136264
0.321341 0.626091 0.0524678 9.9991E-05
0.409212 0.590588 9.9982E-05 9.9982E-05
0.742069 0.228311 9.9991E-05 0.0295201
0.126681 0.785728 0.0526607 0.0349301
9.9991E-05 0.124425 0.849317 0.0261574
9.9982E-05 0.0849933 0.914807 9.9982E-05
9.9991E-05 0.0512382 0.854571 0.0940911
9.9982E-05 0.0707182 0.929082 9.9982E-05
9.9982E-05 0.0982404 0.90156 9.9982E-05
0.00680492 0.023785 0.918532 0.0508782
9.9991E-05 0.00861424 0.965727 0.0255588
0.158479 0.627748 0.153341 0.0604324
0.158919 0.655241 0.0862101 0.099629
0.696398 0.303402 9.9982E-05 9.9982E-05
0.0969468 0.726605 0.100015 0.0764334
0.2794 0.660512 0.0599877 9.9991E-05
0.125303 0.741953 0.132645 9.9991E-05
0.206943 0.780069 9.9991E-05 0.0128883
0.293101 0.670505 9.9991E-05 0.0362942
0.732607 0.192704 0.0745897 9.9991E-05
0.177452 0.602761 0.101669 0.118118
0.0598312 0.790259 0.123781 0.0261283
0.18367 0.602643 0.0952029 0.118484
0.488401 0.503998 9.9991E-05 0.00750137
0.277371 0.715345 0.00718446 9.9991E-05
0.299558 0.668366 0.031976 9.9991E-05
0.402961 0.516254 9.9991E-05 0.0806853
0.260748 0.677137 0.0620154 9.9991E-05
0.193748 0.617178 0.132301 0.0567739
0.524726 0.377001 0.0357394 0.0625337
0.243278 0.536379 0.163599 0.056744
0.13556 0.656655 0.137826 0.0699593
0.137535 0.69803 0.158624 0.00581064
0.309826 0.546047 0.144028 9.9991E-05
0.26232 0.667958 9.9991E-05 0.0696223
0.368554 0.544757 0.0577044 0.0289842
0.287174 0.488848 0.106245 0.117733
0.0792214 0.722665 0.160436 0.0376771
0.241455 0.662824 0.0956204 9.9991E-05
0.256979 0.681557 0.0613648 9.9991E-05
0.179496 0.548146 0.0733051 0.199053
0.103515 0.661014 0.136666 0.0988059
0.266324 0.61768 0.0216002 0.0943953
0.218074 0.604019 0.11185 0.0660569
0.229307 0.614993 0.0459023 0.109797
0.360081 0.449428 0.139159 0.0513324
0.225102 0.611807 0.00631055 0.156781
0.0975831 0.78735 0.0683942 0.0466728
0.494974 0.318196 0.0978037 0.0890261
0.643172 0.175702 0.0778519 0.103274
0.21356 0.689234 0.0763296 0.0208762
0.765185 0.103349 9.9991E-05 0.131366
0.473534 0.452976 0.0733899 9.9991E-05
0.331613 0.622524 0.0457623 9.9991E-05
0.422003 0.463705 0.114192 9.9991E-05
0.53148 0.376042 0.0416034 0.0508742
0.144904 0.700306 0.0781371 0.0766527
0.161128 0.626456 0.0425492 0.169866
0.128929 0.677063 0.129796 0.0642121
0.686132 0.156343 0.0314713 0.126054
0.106744 0.549971 0.22077 0.122515
0.286323 0.527154 0.0396029 0.14692
0.712447 0.0171007 0.209643 0.0608085
0.0917814 0.659451 0.130591 0.118177
0.35777 0.432806 0.145562 0.063862
0.180512 0.494317 0.156528 0.168642
0.560512 0.236831 0.103059 0.0995977
0.56352 0.29909 0.13729 9.9991E-05
0.393848 0.540023 0.0656097 0.000519676
0.19015 0.54796 0.115397 0.146493
0.268778 0.551518 0.111622 0.0680815
0.579414 0.105816 0.126974 0.187795
0.230334 0.518963 0.105431 0.145272
0.493467 0.506333 9.9982E-05 9.9982E-05
0.352651 0.580144 9.9991E-05 0.0671048
0.193071 0.512037 0.116077 0.178815
0.180107 0.158772 0.334187 0.326933
0.169655 9.9991E-05 0.632984 0.197261
0.286172 9.9991E-05 0.502972 0.210756
0.163858 0.0880704 0.378774 0.369298
0.20019 0.707288 9.9991E-05 0.0924221
0.225802 0.620371 0.0612098 0.0926178
9.9982E-05 0.290689 9.9982E-05 0.709111
0.0933873 0.457047 0.048523 0.401042
0.136906 0.342727 0.043728 0.476639
0.509956 0.389033 0.00435914 0.0966521
0.173555 0.64091 0.0959377 0.0895979
0.660276 0.191408 9.9991E-05 0.148215
0.239617 0.671291 0.0419009 0.0471914
0.322202 0.505446 0.0460669 0.126286
0.239377 0.628648 0.0364935 0.0954813
0.691762 0.221786 9.9991E-05 0.0863523
0.123778 0.753219 0.0638729 0.0591301
0.135444 0.707084 0.113314 0.0441583
0.0093197 9.9982E-05 9.9982E-05 0.99048
9.9982E-05 0.0908685 9.9982E-05 0.908932
0.0312722 0.357758 0.0499805 0.560989
9.9991E-05 0.292632 0.0359739 0.671294
9.9991E-05 0.126595 0.00742173 0.865883
9.998E-05 9.998E-05 9.998E-05 0.9997
9.998E-05 9.998E-05 9.998E-05 0.9997
9.9982E-05 0.166642 9.9982E-05 0.833158
0.0225416 0.00129677 9.9991E-05 0.976062
9.998E-05 9.998E-05 9.998E-05 0.9997
9.998E-05 9.998E-05 9.998E-05 0.9997
9.9991E-05 0.166439 0.0529705 0.78049
9.9991E-05 0.17552 0.0540415 0.770338
9.998E-05 9.998E-05 9.998E-05 0.9997
0.131073 0.382226 0.0317595 0.454941
9.9991E-05 0.270321 0.043832 0.685747
9.9982E-05 0.214554 9.9982E-05 0.785246
9.9991E-05 0.0528633 0.0365938 0.910443
9.9991E-05 0.0591405 0.00121465 0.939545
9.9991E-05 0.0859553 0.0301165 0.883828
9.998E-05 9.998E-05 9.998E-05 0.9997
0.00854328 0.251944 0.0433192 0.696194
0.0300514 0.0537811 0.0125847 0.903583
0.483349 9.9991E-05 0.354448 0.162102
0.169773 0.48532 0.260373 0.0845347
0.164141 0.452338 0.270837 0.112684
0.336453 0.151685 0.319564 0.192299
0.129016 0.521975 0.163586 0.185423
0.317103 0.1859 0.292498 0.2045
0.243854 0.437305 0.174935 0.143905
0.237113 0.298602 0.198361 0.265923
0.148232 0.421363 0.230429 0.199976
0.258085 0.230308 0.149867 0.361741
0.104903 0.500636 0.228789 0.165672
0.0787405 0.0542748 0.866885 9.9991E-05
9.9982E-05 9.9982E-05 0.9393 0.0604997
9.998E-05 9.998E-05 0.9997 9.998E-05
0.0211844 0.000415043 0.976258 0.00214261
0.0154857 9.9991E-05 0.902639 0.081775
9.9982E-05 9.9982E-05 0.915935 0.0838651
9.9991E-05 0.0131504 0.898308 0.088442
0.0349989 0.0241897 0.940711 9.9991E-05
9.9991E-05 0.027647 0.949984 0.0222694
9.9982E-05 9.9982E-05 0.898157 0.101643
0.341695 9.9982E-05 0.658105 9.9982E-05
0.320059 0.01773 0.662111 9.9991E-05
0.390981 9.9982E-05 0.608819 9.9982E-05
0.405737 0.0161646 0.577998 9.9991E-05
0.229354 0.671491 0.0990545 9.9991E-05
0.22345 0.67279 0.0955767 0.00818305
0.189477 0.664358 0.0566297 0.089535
0.390558 0.530885 0.0784569 9.9991E-05
0.670956 0.267566 0.0613781 9.9991E-05
0.128967 0.744739 0.0473557 0.0789388
0.216372 0.709573 9.9991E-05 0.073955
0.243116 0.694325 0.0624591 9.9991E-05
0.375458 0.551973 9.9991E-05 0.0724699
0.210133 0.660373 0.0935368 0.0359568
0.393793 0.60375 0.00235676 9.9991E-05
0.869932 0.101381 9.9991E-05 0.0285878
0.239841 0.603888 0.0283724 0.127899
0.519581 0.438798 9.9991E-05 0.0415207
0.219434 0.672029 0.0504055 0.0581309
0.60993 0.359891 0.0300791 9.9991E-05
0.706339 0.0259072 0.267654 9.9991E-05
0.670887 0.0894308 0.239582 9.9991E-05
0.777008 0.0282198 0.194672 9.9991E-05
0.71902 0.0537552 0.227124 9.9991E-05
0.65343 0.194186 0.152284 9.9991E-05
0.59727 0.163515 0.239115 9.9991E-05
9.9991E-05 0.0695135 0.880964 0.0494221
9.9991E-05 0.104049 0.864779 0.0310723
9.9991E-05 0.0920669 0.780509 0.127324
0.00244353 0.0945149 0.795787 0.107254
9.9991E-05 0.114339 0.847948 0.0376136
0.523229 9.9982E-05 0.476571 9.9982E-05
0.459865 9.9982E-05 0.539935 9.9982E-05
0.482915 0.0136948 0.503291 9.9991E-05
9.9991E-05 0.0781883 0.832908 0.0888039
0.531628 9.9982E-05 0.468172 9.9982E-05
0.0703132 0.233642 0.26269 0.433354
0.0762315 0.475943 0.0985786 0.349247
9.9991E-05 0.535623 0.166539 0.297739
0.151295 0.316334 0.263778 0.268593
0.10724 0.494091 0.17451 0.224159
0.12479 9.9991E-05 0.489962 0.385148
0.391585 0.552619 0.026846 0.0289502
0.513768 0.311047 0.0642618 0.110923
0.446431 0.372358 0.181111 9.9991E-05
0.403993 0.543034 9.9991E-05 0.0528739
0.994141 9.9982E-05 9.9982E-05 0.00565932
0.159062 0.579032 0.137659 0.124248
0.257913 0.628238 0.0706614 0.0431868
0.405942 0.49128 0.102678 9.9991E-05
0.158267 0.606576 0.164693 0.0704634
0.74708 0.21442 0.0129058 0.025595
0.374226 0.497872 0.0019523 0.12595
0.265 0.652592 9.9991E-05 0.0823084
0.221649 0.397567 0.132315 0.248469
0.473493 0.462742 9.9991E-05 0.0636645
0.36431 0.498113 0.0744193 0.0631585
0.246067 0.619125 0.0464863 0.0883218
0.291547 0.631586 0.0431042 0.033763
0.182211 0.614697 0.0681842 0.134908
0.176243 0.610044 0.122671 0.0910422
0.181172 0.642774 0.104722 0.0713323
9.9991E-05 0.122162 0.800918 0.0768201
9.9991E-05 0.0964349 0.857825 0.0456404
0.115853 0.0844528 0.777254 0.02244
0.0290615 0.0866126 0.877955 0.00637036
9.9991E-05 0.109253 0.880745 0.00990217
0.542664 0.296879 0.112054 0.0484035
0.302921 0.486127 0.0430064 0.167946
0.177133 0.392036 0.135587 0.295245
0.111152 0.739056 0.0711939 0.0785989
0.228267 0.625987 0.133968 0.0117778
0.531407 0.332553 0.0556633 0.0803771
0.684575 0.0791151 0.23621 9.9991E-05
0.33615 0.525252 0.0528238 0.0857739
0.561494 0.238503 0.156686 0.0433167
0.301142 0.558266 0.0671401 0.0734517
0.546091 0.246641 0.207168 9.9991E-05
0.160969 0.595737 0.0969984 0.146295
0.55357 0.311661 0.131656 0.00311372
0.346231 0.453137 0.12692 0.073712
0.244065 0.463829 0.13459 0.157516
0.52744 0.307003 0.040857 0.1247
0.245766 0.558795 0.102001 0.0934386
0.0774816 0.681411 0.241008 9.9991E-05
0.522678 0.429185 0.00576411 0.0423723
0.224102 0.532653 0.0810676 0.162177
0.276244 0.557027 0.13298 0.0337489
0.791698 0.180456 9.9991E-05 0.0277467
0.607201 0.296269 0.00705525 0.0894742
0.338062 0.586544 0.0186958 0.0566982
0.651725 0.332116 0.0160589 9.9991E-05
0.379303 0.575242 0.0453548 9.9991E-05
0.685558 0.210201 0.104141 9.9991E-05
0.622372 0.30507 9.9991E-05 0.0724587
0.376339 0.435875 0.0574038 0.130381
0.088497 0.719226 0.107558 0.0847187
0.536169 0.42103 0.0427017 9.9991E-05
0.274779 0.46028 0.0997636 0.165177
0.158704 0.584579 0.0930886 0.163629
0.300966 0.503017 0.0335153 0.162502
0.253256 0.585717 0.00904638 0.15198
0.328583 0.580459 0.0369142 0.0540432
0.543722 0.379848 9.9991E-05 0.0763306
0.369468 0.464488 0.0681048 0.097939
0.196691 0.724853 0.0227153 0.055741
0.171522 0.552823 0.113213 0.162442
0.337087 0.555011 0.0776456 0.0302565
0.240886 0.593241 0.0447024 0.121171
0.37131 0.448231 0.120436 0.0600226
0.167391 0.673502 0.0724494 0.0866575
0.147571 0.604052 0.154182 0.0941949
0.176766 0.531493 0.124871 0.16687
9.9991E-05 0.437875 0.4018 0.160225
0.0784106 0.470239 0.159698 0.291652
0.0881155 0.489559 0.167783 0.254543
0.086301 0.609459 0.113715 0.190525
9.9991E-05 0.505271 0.25784 0.236789
0.389916 0.499265 9.9991E-05 0.110719
0.0987404 0.59564 0.157086 0.148533
0.4402 0.0930491 0.263182 0.203569
0.152457 0.487283 0.0945936 0.265667
0.0911904 0.603888 0.119874 0.185047
0.194435 0.408366 0.0251038 0.372096
0.253712 0.361781 0.219938 0.16457
9.9991E-05 0.605048 0.22055 0.174302
0.107628 0.535652 0.107212 0.249508
0.231505 9.9991E-05 0.523118 0.245277
9.9991E-05 0.526002 0.225714 0.248184
9.9991E-05 0.599761 0.15637 0.243769
0.0889651 0.602243 0.0761898 0.232602
0.0127822 0.618445 0.175891 0.192881
0.055214 0.524797 0.178612 0.241377
0.384223 0.492926 0.0147183 0.108133
0.271108 0.516012 0.073647 0.139233
0.824122 0.140645 9.9991E-05 0.0351327
0.84421 0.119445 9.9991E-05 0.0362445
0.218607 0.633841 0.0733707 0.0741809
0.104149 0.386318 0.132568 0.376966
0.13084 0.398315 0.0816929 0.389152
0.253224 0.139598 0.18544 0.421738
0.0825004 0.36825 0.20122 0.34803
0.621161 0.105286 0.0352464 0.238307
0.506304 0.146733 0.0609295 0.286033
0.239191 0.572765 9.9991E-05 0.187944
0.206682 0.567653 0.049192 0.176473
0.524814 0.191891 0.00747752 0.275817
0.230909 0.510728 0.062539 0.195824
0.240148 0.546315 0.00133201 0.212205
0.200124 0.483986 0.117774 0.198116
0.457161 0.518138 0.0218454 0.00285581
0.444795 0.431887 9.9991E-05 0.123218
0.244241 0.585199 0.0848872 0.0856731
0.388073 0.40685 0.0862339 0.118843
0.280367 0.499577 0.10266 0.117396
0.343626 0.618548 0.00294306 0.0348831
0.631941 0.294199 9.9991E-05 0.0737604
0.224766 0.673837 0.0298164 0.0715805
0.630571 0.324927 9.9991E-05 0.0444019
0.380767 0.488014 9.9991E-05 0.131119
0.137175 0.632474 0.108249 0.122102
0.241967 0.685601 0.0543447 0.0180864
0.12932 0.504805 0.162909 0.202966
0.181219 0.396788 0.163292 0.258701
0.139655 0.4409 0.176362 0.243082
0.220391 0.327619 0.202317 0.249672
0.117687 0.464823 0.234657 0.182833
0.164562 0.413993 0.211355 0.21009
0.589781 9.9991E-05 0.145237 0.264882
0.0506044 0.60003 0.100159 0.249207
0.393836 9.9991E-05 0.369208 0.236856
0.128052 0.573537 0.0189596 0.279451
0.672922 0.326878 9.9982E-05 9.9982E-05
0.881235 0.0765322 9.9991E-05 0.0421325
0.39756 0.585655 9.9991E-05 0.0166857
0.140727 0.758834 0.00786435 0.0925748
0.452667 0.547133 9.9982E-05 9.9982E-05
0.285267 0.620051 0.0459125 0.0487691
0.283153 0.639543 9.9991E-05 0.0772038
0.0254159 0.0953046 0.836952 0.0423277
0.150246 9.9991E-05 0.730212 0.119442
9.9982E-05 9.9982E-05 0.94046 0.0593403
9.9982E-05 0.00814921 0.991651 9.9982E-05
0.320153 0.561772 0.0599504 0.0581254
0.22849 0.631088 0.098423 0.0419985
0.217101 0.771165 0.0116337 9.9991E-05
0.151336 0.720763 0.127801 9.9991E-05
0.230368 0.633129 0.0643835 0.0721198
0.485377 0.514423 9.9982E-05 9.9982E-05
0.133107 0.860656 0.00613782 9.9991E-05
0.448236 0.531042 9.9991E-05 0.0206215
0.0692294 0.462113 0.324991 0.143667
0.354978 0.520129 9.9991E-05 0.124793
0.4122 0.58688 0.000820339 9.9991E-05
0.203602 0.796198 9.9982E-05 9.9982E-05
0.338942 0.622547 0.0384112 9.9991E-05
0.189304 0.791384 9.9991E-05 0.0192119
0.160837 0.652561 0.138131 0.0484711
0.597005 0.402795 9.9982E-05 9.9982E-05
0.535152 0.417723 9.9991E-05 0.0470248
0.533353 0.430995 0.0247119 0.0109402
0.795162 0.204638 9.9982E-05 9.9982E-05
0.317096 0.640345 0.0424595 9.9991E-05
0.654275 0.325773 9.9991E-05 0.0198523
0.841147 0.123353 9.9991E-05 0.0353998
0.203328 0.675519 0.0451181 0.0760355
0.463472 0.468382 0.0680467 9.9991E-05
0.25508 0.688687 0.0177103 0.0385233
0.151739 0.767746 0.0534112 0.0271035
0.211434 0.726396 0.0620701 9.9991E-05
0.535291 0.349191 9.9991E-05 0.115418
0.188293 0.770788 0.0408186 9.9991E-05
0.292601 0.64848 0.0588196 9.9991E-05
0.409884 0.589916 9.9982E-05 9.9982E-05
0.183807 0.68008 0.0814258 0.0546864
0.257977 9.9991E-05 0.731943 0.00998034
0.113337 0.06303 0.799812 0.0238216
0.159384 9.9982E-05 0.840416 9.9982E-05
0.144804 9.9982E-05 0.854996 9.9982E-05
0.15599 0.0334446 0.810466 9.9991E-05
0.52798 0.399163 0.0590808 0.0137761
0.545674 0.377022 0.0772035 9.9991E-05
0.529128 0.470672 9.9982E-05 9.9982E-05
0.135855 0.698691 0.119688 0.0457652
0.134163 0.695247 0.107667 0.062923
0.391662 0.608138 9.9982E-05 9.9982E-05
0.173853 0.724331 9.9991E-05 0.101716
0.217791 0.691763 0.0741182 0.0163278
0.226153 0.773647 9.9982E-05 9.9982E-05
0.146084 0.779758 0.0740583 9.9991E-05
0.471315 0.505818 9.9991E-05 0.0227673
0.333504 0.666296 9.9982E-05 9.9982E-05
0.434904 0.564896 9.9982E-05 9.9982E-05
0.0793086 0.744817 0.175629 0.000245352
0.325055 0.667149 0.00769607 9.9991E-05
0.260142 0.670596 0.0236747 0.0455873
9.9991E-05 0.449136 0.0435587 0.507206
0.0305365 0.377341 0.0986614 0.493461
9.9991E-05 0.425649 0.13135 0.442901
0.0185025 0.257946 0.14479 0.578762
0.106736 0.536483 0.0674739 0.289307
0.252307 0.683666 0.00245077 0.0615764
0.0243845 9.9991E-05 0.283204 0.692311
9.9991E-05 0.349766 0.187939 0.462195
0.206907 0.382389 0.183251 0.227453
0.0875026 0.673188 0.239209 9.9991E-05
0.273129 0.519184 0.207587 9.9991E-05
0.124692 0.644836 0.200253 0.030219
0.127195 0.747569 0.0996619 0.0255741
9.9991E-05 0.246444 0.200905 0.552551
0.0669689 0.342418 0.110378 0.480235
9.9991E-05 0.398642 0.0497353 0.551523
0.0271062 0.488628 0.18991 0.294355
9.9991E-05 0.364465 0.0672981 0.568137
0.0301055 0.450897 0.105116 0.413882
9.9991E-05 0.269228 0.117464 0.613207
0.0793488 0.399039 0.0849823 0.43663
0.281959 0.537451 0.0917184 0.0888714
0.0388488 0.389199 0.198084 0.373868
9.9991E-05 0.172249 0.138368 0.689283
0.0336032 0.394205 0.195553 0.376639
0.394839 0.343214 0.261847 9.9991E-05
0.222793 0.655704 9.9991E-05 0.121403
0.0342582 0.413172 0.201779 0.350791
0.136346 0.643399 0.133509 0.0867464
0.170144 0.575983 0.201911 0.0519623
0.131894 0.41672 0.183685 0.267702
0.0641723 0.380767 0.201713 0.353348
0.134123 0.565265 0.163161 0.137451
0.0210012 0.439517 0.175507 0.363975
9.9991E-05 0.342022 0.133068 0.52481
9.9991E-05 0.186901 0.215328 0.597672
0.105171 0.569278 0.144864 0.180687
0.20794 0.621222 0.170738 9.9991E-05
0.50603 0.224054 0.157405 0.11251
0.0829001 0.663643 0.166168 0.0872897
0.332873 0.41511 0.103418 0.148599
0.0412469 0.519785 0.290108 0.14886
0.162643 0.457042 0.194954 0.18536
0.382431 9.9991E-05 0.324415 0.293054
0.377709 9.9991E-05 0.361258 0.260933
0.369839 0.256178 0.157631 0.216351
0.316374 9.9991E-05 0.374554 0.308971
0.220178 9.9991E-05 0.442903 0.336819
0.305895 0.322908 0.170536 0.200661
0.192346 0.355957 0.215643 0.236053
0.25136 0.173111 0.265803 0.309726
0.346001 0.0261564 0.310351 0.317492
0.152149 0.488078 0.141754 0.21802
0.36993 0.203095 0.242127 0.184849
0.323784 9.9991E-05 0.498696 0.17742
0.101076 0.544046 0.0988989 0.255979
0.190429 0.348504 0.184718 0.276349
9.9991E-05 0.501856 0.326808 0.171236
9.9991E-05 0.557282 0.136801 0.305818
0.0660366 0.54587 0.132576 0.255517
0.0301326 0.510469 0.210636 0.248762
9.9991E-05 0.40834 0.41184 0.17972
0.0251515 0.532675 0.253172 0.189001
9.9991E-05 0.455412 0.248736 0.295752
0.0739564 0.386365 0.297893 0.241785
0.305868 0.371908 0.163535 0.158688
0.114583 0.588793 0.163565 0.13306
0.110839 0.493587 0.21989 0.175684
0.120374 0.6426 0.143514 0.0935126
0.012896 0.351075 0.322133 0.313896
0.0673368 0.454862 0.238167 0.239634
0.189783 0.135117 0.357919 0.31718
0.048995 0.536814 0.144538 0.269653
0.173286 0.21379 0.206083 0.406841
0.125252 9.9991E-05 0.843501 0.0311463
0.610488 0.187469 0.201943 9.9991E-05
0.799618 9.9982E-05 0.200182 9.9982E-05
0.75759 0.0596948 0.182615 9.9991E-05
0.726474 0.140537 0.132889 9.9991E-05
0.718013 0.117101 0.164786 9.9991E-05
0.749066 0.131983 0.118851 9.9991E-05
0.770247 0.0104949 0.219158 9.9991E-05
0.575045 0.0492386 0.375616 9.9991E-05
0.0106172 0.00414086 0.93608 0.0491619
0.0708233 0.0678802 0.861197 9.9991E-05
0.00130276 0.0517499 0.878411 0.0685367
0.0883197 0.0425634 0.869017 9.9991E-05
9.9991E-05 0.0499048 0.902709 0.0472861
0.0598473 9.9991E-05 0.931523 0.00852986
0.0505136 0.0337713 0.782996 0.132719
9.9991E-05 0.0195446 0.888181 0.0921741
0.113567 0.118444 0.724227 0.0437615
9.9982E-05 9.9982E-05 0.934253 0.0655469
0.0413487 9.9982E-05 0.958451 9.9982E-05
9.9991E-05 0.0463622 0.867684 0.0858536
9.998E-05 9.998E-05 0.9997 9.998E-05
9.9991E-05 0.0276454 0.932985 0.0392694
9.9991E-05 0.0668388 0.90116 0.0319015
9.9991E-05 0.0683552 0.842422 0.0891228
9.9991E-05 0.0396185 0.807314 0.152967
9.9991E-05 0.0957187 0.78871 0.115471
9.9991E-05 0.101277 0.850593 0.0480299
0.239141 0.472435 0.248458 0.0399661
0.0771501 0.79141 0.120741 0.0106992
0.140465 0.667092 0.168465 0.0239783
0.604531 0.239122 0.0781134 0.0782336
0.135679 0.626476 0.1454 0.0924446
0.55518 0.131765 0.192376 0.12068
0.110929 0.683731 0.0780822 0.127258
0.282016 0.575882 0.142002 9.9991E-05
0.19606 0.646896 0.156944 9.9991E-05
0.240588 0.603434 0.0522277 0.10375
0.272276 0.538355 0.1344 0.0549688
0.0840164 0.781934 0.111392 0.0226579
0.124347 0.728462 0.147091 9.9991E-05
0.798444 0.0633633 0.00244406 0.135749
0.850324 0.0166314 0.0569153 0.0761291
0.553593 0.256317 0.103413 0.0866777
0.0680759 0.708758 0.150607 0.0725588
0.221826 0.617977 0.151283 0.00891339
0.168002 0.56944 0.238088 0.02447
0.15775 0.675994 0.0727234 0.0935323
9.9991E-05 0.638031 0.194993 0.166876
9.9991E-05 0.653075 0.187597 0.159227
0.230154 0.144215 0.42765 0.197981
0.0589826 0.735016 0.205902 9.9991E-05
0.0750116 0.483181 0.255094 0.186714
0.311196 9.9991E-05 0.456017 0.232687
0.123563 0.339638 0.291391 0.245408
0.123935 0.343081 0.369518 0.163466
0.0190671 0.487214 0.416761 0.0769576
0.0588797 0.564157 0.188406 0.188557
9.9991E-05 0.60227 0.231697 0.165933
0.00420269 0.694976 0.138972 0.161849
0.117058 0.451378 0.226594 0.20497
0.0296492 0.332766 0.469582 0.168003
