0.0438968 9.9982E-05 0.0136048 0.0274643 0.914834 9.9982E-05
0.0170598 9.9973E-05 0.0139211 9.9973E-05 0.968719 9.9973E-05
0.000618431 0.0427462 9.9991E-05 0.0373969 0.905615 0.0135232
9.9973E-05 9.9973E-05 0.0403631 0.136363 0.822974 9.9973E-05
9.9964E-05 9.9964E-05 9.9964E-05 0.0845602 0.91504 9.9964E-05
0.0511462 0.0408207 0.0611984 0.0700068 0.670131 0.106697
9.9982E-05 0.0182865 0.0372689 9.9982E-05 0.822116 0.122129
0.029224 9.9991E-05 0.129339 0.0104453 0.719097 0.111795
9.99729E-05 9.99729E-05 0.136047 9.99729E-05 0.819782 0.0438709
9.9982E-05 9.9982E-05 0.0504504 0.074625 0.78556 0.089165
9.9982E-05 9.9982E-05 0.0696318 0.0922282 0.741624 0.0963165
0.0321035 0.106418 0.495356 0.239876 0.0459964 0.0802496
0.0664508 0.0330703 0.250575 0.568753 0.0657055 0.0154454
0.0999187 0.0931694 0.474296 0.236202 9.9991E-05 0.0963138
0.128516 0.105149 0.42388 0.274447 0.0596713 0.00833723
0.12468 0.0251925 0.310133 0.426798 0.0714958 0.0417008
0.0816825 0.0264332 0.250075 0.552709 0.0239325 0.0651677
0.051633 0.111761 0.282501 0.499771 0.00549699 0.0488369
0.0627867 0.0660012 0.369861 0.266216 0.120842 0.114293
0.0103105 0.0928836 0.672276 0.0806313 0.0309515 0.112947
0.0328019 0.107403 0.294442 0.451537 0.0204863 0.0933297
0.0666249 0.0756078 0.154774 0.442594 0.0466331 0.213766
0.0402062 0.137267 0.200208 0.583411 0.0226774 0.01623
0.0586909 0.142719 0.436585 0.237823 0.0568251 0.0673566
0.0646773 9.9991E-05 0.136619 0.680183 0.0732673 0.0451536
0.0193901 0.0569208 0.263994 0.611849 0.0388558 0.00899003
0.0151002 0.0784478 0.488305 0.273466 0.0551825 0.0894981
0.0587097 0.121159 0.428678 0.293911 0.0529532 0.0445892
9.9991E-05 0.132628 0.486137 0.243063 0.00970156 0.128371
0.00382957 9.9973E-05 9.9973E-05 0.0971095 0.898761 9.9973E-05
0.000912289 9.9973E-05 9.9973E-05 0.118447 0.88034 9.9973E-05
0.0940704 9.9982E-05 0.00765664 0.100364 0.797709 9.9982E-05
0.0730203 9.9973E-05 9.9973E-05 0.171732 0.754948 9.9973E-05
9.999E-05 0.185307 0.0836122 0.51786 0.115601 0.0975188
0.0440426 0.266092 0.071771 0.520391 0.0976032 9.9991E-05
0.0185486 0.40553 9.9991E-05 0.537371 0.0250618 0.0133891
9.9991E-05 0.082221 0.651431 0.203518 0.0578597 0.00487011
0.0154518 0.581572 9.9991E-05 0.23237 0.0151458 0.155361
0.0340113 0.232403 0.14257 0.534793 0.0561233 9.9991E-05
9.9982E-05 0.203377 9.9982E-05 0.712967 0.0585475 0.0249092
9.9991E-05 0.0858687 0.0598518 0.570552 0.11483 0.168797
0.0517805 0.097031 0.107357 0.573559 0.0835743 0.0866989
9.9982E-05 0.683352 0.166292 0.125238 0.0249186 9.9982E-05
9.9982E-05 9.9982E-05 0.0268035 0.68139 0.0693657 0.222241
0.0369918 0.249077 0.0526837 0.58376 0.065507 0.0119804
9.9991E-05 0.132685 0.00438237 0.630555 0.160756 0.071522
9.9973E-05 0.562479 9.9973E-05 0.333505 9.9973E-05 0.103716
0.0156034 0.259133 0.0349346 0.587199 0.0965857 0.00654413
9.9991E-05 0.172793 0.00513079 0.558285 0.167371 0.0963202
9.9964E-05 0.605626 9.9964E-05 9.9964E-05 9.9964E-05 0.393974
9.9982E-05 0.0876114 0.630398 0.165403 9.9982E-05 0.116387
0.0517227 0.151277 0.252253 0.153762 9.9991E-05 0.390885
0.0706255 0.00198727 0.201988 0.571487 0.0479432 0.105969
0.0767777 0.0637602 0.0988902 0.586228 0.0612161 0.113128
0.040116 0.0458882 0.0251957 0.64683 0.10957 0.132399
9.9991E-05 0.0881488 0.514756 0.230018 0.115757 0.0512209
0.00742454 0.00388211 0.324776 0.58988 0.00944894 0.0645886
0.0426831 0.155663 0.151474 0.541931 0.108149 9.9991E-05
0.00837792 0.0747054 0.309181 0.397117 0.0934138 0.117205
0.0130268 0.10132 0.486249 0.150901 0.133928 0.114575
0.0466853 0.0904069 0.139618 0.573112 0.063293 0.0868852
0.0404287 0.0862855 0.230132 0.505849 0.0539849 0.0833195
9.9991E-05 0.110942 0.565885 0.0914844 0.0462823 0.185306
0.0148242 0.142375 0.382532 0.44347 9.9991E-05 0.0166986
0.0659213 0.0694873 0.116512 0.568101 0.0411376 0.138841
9.9991E-05 0.00747559 0.158645 0.640085 0.0859858 0.107709
0.0585042 0.0970755 0.430856 0.279153 0.0555645 0.0788475
0.0325897 0.0697056 0.197338 0.528079 0.0418585 0.130429
0.0571272 0.0520264 0.228213 0.575197 0.0352285 0.0522079
9.9991E-05 0.101032 0.503184 0.236973 0.032932 0.125779
9.9982E-05 0.469415 0.0589863 0.466512 0.00488714 9.9982E-05
9.9982E-05 0.754747 0.0575016 0.166604 0.0209474 9.9982E-05
0.0331265 0.229099 0.0390017 0.531204 0.134025 0.0335435
0.00314828 0.846171 9.9973E-05 9.9973E-05 9.9973E-05 0.150381
9.9964E-05 0.808883 9.9964E-05 9.9964E-05 9.9964E-05 0.190717
9.9973E-05 0.680773 9.9973E-05 0.212918 9.9973E-05 0.106009
9.9982E-05 0.458436 0.0640128 0.438048 0.0393033 9.9982E-05
0.0526212 0.166765 0.0714351 0.558643 0.110432 0.0401037
0.0396016 0.469053 9.9982E-05 0.45015 9.9982E-05 0.0409958
9.9982E-05 0.648209 0.176685 0.119278 0.0556277 9.9982E-05
9.9982E-05 0.585011 0.142193 0.248735 0.0238598 9.9982E-05
0.0376643 0.308266 0.0494631 0.499202 0.105305 9.9991E-05
9.9982E-05 0.599502 0.0458955 0.307442 0.0469609 9.9982E-05
9.9982E-05 0.453195 0.0839965 0.430794 0.0318145 9.9982E-05
0.0126486 0.447032 9.9982E-05 0.415961 9.9982E-05 0.124159
9.9964E-05 0.649269 9.9964E-05 9.9964E-05 9.9964E-05 0.350331
0.0459686 0.312608 9.9991E-05 0.600292 0.0240717 0.0169598
9.9973E-05 9.9973E-05 0.0796269 0.083159 0.836914 9.9973E-05
9.9964E-05 9.9964E-05 9.9964E-05 0.0682168 0.931383 9.9964E-05
0.0462827 9.9973E-05 9.9973E-05 0.10555 0.847868 9.9973E-05
0.0573121 9.9973E-05 9.9973E-05 0.0196469 0.922741 9.9973E-05
0.0353193 9.9982E-05 0.0102839 9.9982E-05 0.940442 0.0137548
0.0305576 9.9973E-05 9.9973E-05 0.0937551 0.875387 9.9973E-05
9.9964E-05 9.9964E-05 9.9964E-05 0.0774254 0.922175 9.9964E-05
0.0128876 0.234028 0.01981 0.578371 0.0948502 0.0600527
0.0547354 0.0969226 0.0545662 0.568335 0.120823 0.104618
9.9982E-05 0.75372 0.187391 9.9982E-05 0.048983 0.00970601
0.0221992 0.169712 0.0668299 0.603947 0.0914198 0.0458912
0.00315417 0.459585 0.157545 0.361946 0.0176698 9.9991E-05
9.9982E-05 0.359802 0.073183 0.514556 0.0522595 9.9982E-05
0.0354216 0.288396 0.00898448 0.55482 0.0162304 0.0961468
0.0106258 0.360549 9.9991E-05 0.538837 0.0164403 0.0734473
9.9973E-05 0.710717 0.260368 9.9973E-05 0.0286152 9.9973E-05
0.0627466 0.228657 0.113288 0.442159 0.141805 0.0113451
0.0508498 0.168572 0.107044 0.627141 0.0462929 9.9991E-05
0.0490885 0.1613 0.0216892 0.570614 0.132837 0.0644704
0.0164759 0.499241 0.0510634 0.230013 0.014215 0.188992
9.9982E-05 0.426462 9.9982E-05 0.500045 0.00782649 0.0654662
9.9982E-05 0.398266 0.137611 0.451964 0.0119594 9.9982E-05
0.0327504 0.558035 9.9982E-05 0.353914 9.9982E-05 0.0551009
9.9982E-05 0.388102 0.117143 0.424578 0.0699769 9.9982E-05
0.0426383 0.116375 0.12752 0.562249 0.0644308 0.0867869
0.0676946 9.9982E-05 0.395851 0.295575 9.9982E-05 0.24068
9.9991E-05 0.0276519 0.394503 0.440316 0.0758198 0.0616098
0.0705438 9.9991E-05 0.194846 0.496199 0.0796633 0.158648
0.0364954 0.0538006 0.124396 0.590566 0.0780057 0.116737
9.9991E-05 0.0311577 0.354486 0.514883 0.0618648 0.037509
0.0417479 0.0193441 0.264331 0.621274 9.9991E-05 0.053203
0.0136089 9.9991E-05 0.442218 0.465754 0.0269317 0.0513877
0.0407277 0.0393942 0.171264 0.526431 0.0689832 0.153199
0.0497361 0.0275151 0.181609 0.642971 0.0876338 0.0105352
9.9982E-05 9.9982E-05 0.299922 0.593798 0.0519014 0.0541789
9.9991E-05 0.0532112 0.327159 0.573854 0.0399526 0.0057232
0.0368103 9.9991E-05 0.17141 0.626001 0.070213 0.0954657
0.0100325 0.00741372 0.177877 0.643941 0.111789 0.0489459
0.0484036 0.0384172 0.15597 0.602576 9.9991E-05 0.154534
0.0327884 0.0528639 0.0707729 0.603853 0.0681099 0.171612
0.0446861 0.0450532 0.211295 0.583044 9.9991E-05 0.115822
0.0682348 0.0378038 0.235339 0.319078 0.0720296 0.267515
0.0413247 0.0247865 0.151614 0.659171 0.0303679 0.0927354
9.9991E-05 0.00530094 0.13139 0.701315 0.0361462 0.125748
0.0325773 0.113851 0.612806 0.208665 0.00846032 0.0236407
0.0862234 0.0511123 0.349734 0.152138 9.9991E-05 0.360693
0.041618 0.0634602 0.261022 0.497126 0.061076 0.0756978
9.9982E-05 0.104391 0.330673 0.134122 9.9982E-05 0.430614
9.9982E-05 0.0571861 0.528382 0.37937 9.9982E-05 0.0348625
9.9982E-05 0.0658898 0.456967 0.445702 9.9982E-05 0.0312418
9.9982E-05 0.1147 0.469533 0.365753 9.9982E-05 0.0498139
9.9982E-05 0.0685179 0.515754 0.364217 9.9982E-05 0.0513109
9.9982E-05 9.9982E-05 0.218245 0.617758 0.0588288 0.104968
0.0702269 0.0484295 0.170251 0.56001 0.0559579 0.0951244
0.0203279 0.0690785 0.207617 0.585186 0.0474816 0.0703086
0.010395 0.0487785 0.400508 0.217107 9.9991E-05 0.323111
0.0525983 0.0296798 0.119641 0.52983 0.132039 0.136212
0.0273013 0.0573858 0.0345582 0.511689 0.0731788 0.295887
9.9982E-05 0.0694291 0.11195 9.9982E-05 0.102105 0.716316
0.0799218 0.00490982 0.060492 0.635683 0.0580511 0.160943
0.0396257 0.128349 0.0558809 0.307045 0.100199 0.3689
0.0553185 0.000954546 0.0196054 0.532736 0.125865 0.265521
9.9991E-05 0.0545919 0.10586 0.261433 0.0854131 0.492602
9.9991E-05 0.0726642 0.132855 0.11144 0.0574717 0.625469
0.00760675 0.065768 0.119457 0.427765 0.0440753 0.335328
0.0743849 0.0974431 0.0862615 0.446595 0.163292 0.132024
0.0145946 0.0331838 0.0848855 0.501131 0.146918 0.219287
0.0933738 0.175665 0.121286 0.084157 0.0245927 0.500925
0.0435431 0.0609209 0.0108761 0.577325 0.102805 0.20453
9.9982E-05 0.0905893 0.0905148 0.345575 9.9982E-05 0.47312
9.9982E-05 0.0719463 0.0981064 0.456737 9.9982E-05 0.37301
0.0740967 0.0663298 0.0779588 0.580813 0.07139 0.129412
0.244645 9.9991E-05 0.0101646 0.145191 0.354433 0.245465
0.124635 9.9973E-05 9.9973E-05 9.9973E-05 0.470806 0.404259
0.104488 9.9973E-05 9.9973E-05 9.9973E-05 0.477351 0.417861
0.264807 9.9982E-05 9.9982E-05 0.0591461 0.374582 0.301265
9.9973E-05 0.0880356 9.9973E-05 0.641875 9.9973E-05 0.269789
0.0345443 0.0264659 0.0445503 0.668997 0.107767 0.117676
0.657849 9.9973E-05 0.0146342 0.327217 9.9973E-05 9.9973E-05
0.481545 0.0372365 0.112889 0.367701 0.00052905 9.9991E-05
0.380861 0.0246244 0.109837 0.375532 0.0725641 0.0365821
9.9982E-05 0.0564066 0.0728977 0.301062 9.9982E-05 0.569434
0.0763583 0.0489372 0.13078 0.481143 0.0807531 0.182029
9.9973E-05 9.9973E-05 0.0780966 0.295906 9.9973E-05 0.625697
9.9991E-05 0.0294652 0.0103451 0.620885 0.0625795 0.276625
9.9982E-05 9.9982E-05 0.0499087 0.545497 0.0335615 0.370833
9.9973E-05 9.9973E-05 9.9973E-05 0.62231 0.00850085 0.36889
9.9973E-05 9.9973E-05 0.0390551 0.267736 9.9973E-05 0.692909
0.0133062 9.9982E-05 9.9982E-05 0.695895 0.0715996 0.218999
9.9991E-05 0.0709794 0.0118831 0.629194 0.1094 0.178443
0.957128 9.9973E-05 0.0146025 0.0279698 9.9973E-05 9.9973E-05
0.937918 0.0414359 0.00200851 0.0184379 9.9982E-05 9.9982E-05
0.564418 0.0599323 0.0479919 0.268583 0.058975 9.9991E-05
0.61743 9.9973E-05 0.00712649 0.375143 9.9973E-05 9.9973E-05
0.812274 0.0252646 0.0155029 0.146758 9.9982E-05 9.9982E-05
0.9995 9.996E-05 9.996E-05 9.996E-05 9.996E-05 9.996E-05
0.95439 9.9964E-05 0.0452098 9.9964E-05 9.9964E-05 9.9964E-05
0.890221 0.0166048 9.9973E-05 0.0928748 9.9973E-05 9.9973E-05
0.940998 9.9973E-05 0.047592 0.0111103 9.9973E-05 9.9973E-05
0.9995 9.996E-05 9.996E-05 9.996E-05 9.996E-05 9.996E-05
0.9995 9.996E-05 9.996E-05 9.996E-05 9.996E-05 9.996E-05
0.732659 9.9973E-05 0.0361242 0.230917 9.9973E-05 9.9973E-05
0.814993 0.00580621 0.0767895 0.0797445 0.0225671 9.9991E-05
0.9995 9.996E-05 9.996E-05 9.996E-05 9.996E-05 9.996E-05
0.425125 0.0320357 0.0831078 0.340623 0.0585447 0.0605633
0.664797 0.0356765 0.0288926 0.24056 0.0299739 9.9991E-05
0.825071 9.9982E-05 0.0155865 0.152963 0.00617992 9.9982E-05
0.896828 0.00436585 9.9982E-05 0.0907472 0.00785924 9.9982E-05
0.9995 9.996E-05 9.996E-05 9.996E-05 9.996E-05 9.996E-05
0.962895 9.9964E-05 9.9964E-05 0.0367055 9.9964E-05 9.9964E-05
0.9995 9.996E-05 9.996E-05 9.996E-05 9.996E-05 9.996E-05
0.62461 0.051713 0.0159064 0.235099 0.0725717 9.9991E-05
0.974402 0.0251982 9.9964E-05 9.9964E-05 9.9964E-05 9.9964E-05
0.0353859 9.9973E-05 9.9973E-05 9.9973E-05 0.287171 0.677143
0.110615 0.0267268 0.0104331 0.347155 0.208199 0.29687
0.0403026 9.9982E-05 9.9982E-05 0.501933 0.14777 0.309794
0.110588 9.9982E-05 9.9982E-05 0.187657 0.192901 0.508655
0.122238 0.059949 9.9991E-05 0.4383 0.161511 0.217901
0.12969 9.9982E-05 9.9982E-05 0.0968104 0.225036 0.548263
0.0850693 0.00296097 0.0588599 0.462083 0.150342 0.240685
0.132998 9.9982E-05 9.9982E-05 0.30263 0.190007 0.374165
0.129058 9.9991E-05 0.0176361 0.445669 0.128554 0.278984
0.134276 0.0157145 9.9991E-05 0.350567 0.186701 0.312641
0.112232 0.00206576 0.0219381 0.477035 0.167021 0.219708
9.9991E-05 0.0119699 0.00761144 0.0547229 0.900738 0.0248582
0.0708064 0.027585 9.9982E-05 9.9982E-05 0.876623 0.0247853
9.9982E-05 9.9982E-05 0.0286009 0.017436 0.951589 0.00217437
9.9973E-05 0.0258225 9.9973E-05 9.9973E-05 0.965806 0.00807147
9.9973E-05 9.9973E-05 0.0282327 0.0617955 0.909672 9.9973E-05
0.00644483 9.9982E-05 0.0133472 9.9982E-05 0.97037 0.00963827
0.026904 9.9982E-05 0.036978 0.0310715 0.904846 9.9982E-05
9.9964E-05 9.9964E-05 0.0540521 9.9964E-05 0.945548 9.9964E-05
0.0312401 0.0214128 9.9991E-05 0.0212428 0.887132 0.0388724
0.0288294 9.9991E-05 0.0338269 0.00777521 0.892563 0.036905
9.9982E-05 0.0350835 0.294951 9.9982E-05 0.595494 0.0742714
9.9973E-05 9.9973E-05 0.340091 9.9973E-05 0.615571 0.0440382
9.9982E-05 0.0487247 0.330202 9.9982E-05 0.528588 0.0922852
9.9973E-05 9.9973E-05 0.395213 9.9973E-05 0.448934 0.155553
0.0366117 0.298817 0.150734 0.434335 0.0794017 9.9991E-05
0.0415166 0.320158 0.103071 0.451792 0.0449606 0.0385018
0.029478 0.255777 0.183931 0.516453 0.0142608 9.9991E-05
9.9991E-05 0.310213 0.283377 0.366667 0.0382889 0.00135407
9.9982E-05 0.0878796 0.58811 0.240413 9.9982E-05 0.0833974
0.0233136 0.176974 0.0859625 0.64072 0.0626043 0.0104254
0.00425921 0.282851 0.110246 0.602444 9.9982E-05 9.9982E-05
9.9991E-05 0.275932 0.0182903 0.537759 0.0192396 0.148679
0.00783232 0.59483 9.9982E-05 0.361284 9.9982E-05 0.0358535
9.9991E-05 0.124459 0.0732575 0.665639 0.0517198 0.084825
0.00149906 0.517966 0.0676157 0.400765 0.0120544 9.9991E-05
9.9964E-05 0.767063 9.9964E-05 9.9964E-05 9.9964E-05 0.232537
0.0167976 0.144148 0.158843 0.560433 0.0767414 0.0430373
9.9973E-05 0.648926 9.9973E-05 0.13582 9.9973E-05 0.214954
0.0210102 0.332935 0.00899777 0.548572 9.9991E-05 0.0883854
9.9982E-05 0.653755 0.217795 0.116815 0.0114348 9.9982E-05
9.9973E-05 9.9973E-05 0.776064 9.9973E-05 0.151038 0.0725987
9.9982E-05 9.9982E-05 0.751623 0.0521791 0.110137 0.0858612
9.9991E-05 0.0144042 0.807202 0.0162694 0.108008 0.0540168
9.9973E-05 9.9973E-05 0.812135 9.9973E-05 0.119292 0.0682737
0.0049869 9.9991E-05 0.79545 0.110971 0.0585719 0.0299198
0.0437937 9.9991E-05 0.773986 0.0828981 0.0552767 0.0439459
0.0583354 0.0494504 0.00485277 0.00770567 0.879556 9.9991E-05
0.0118894 0.0561959 0.00291398 0.0968944 0.832006 9.9991E-05
0.0457757 0.0293865 9.9991E-05 0.13686 0.781397 0.00648083
0.0735732 0.0764535 0.00618498 9.9982E-05 0.843588 9.9982E-05
0.0438618 0.0283725 9.9991E-05 0.116918 0.808725 0.00202317
9.9973E-05 9.9973E-05 0.550561 9.9973E-05 0.396367 0.0527722
9.9973E-05 9.9973E-05 0.516973 9.9973E-05 0.423637 0.0590904
9.9982E-05 9.9982E-05 0.51484 0.0282221 0.44174 0.0149977
0.0115168 0.00177343 0.0375781 0.107936 0.841096 9.9991E-05
0.00102514 0.0144464 0.532094 9.9991E-05 0.392079 0.0602561
0.283598 9.9982E-05 9.9982E-05 0.298943 0.254317 0.162942
0.269885 0.0240525 0.045097 0.514567 0.121216 0.0251819
0.255622 9.9973E-05 9.9973E-05 0.533137 0.210941 9.9973E-05
0.264196 0.00706275 9.9991E-05 0.33285 0.248578 0.147213
0.126914 0.0230136 0.10555 0.510039 0.191202 0.043281
0.300314 9.9973E-05 9.9973E-05 9.9973E-05 0.440586 0.2588
9.9982E-05 0.0050639 0.420296 0.496345 9.9982E-05 0.0780949
0.00601261 0.0636795 0.246177 0.446365 9.9991E-05 0.237666
9.9982E-05 0.0766031 0.571299 0.298678 9.9982E-05 0.0532198
0.00217809 0.0749194 0.16617 0.528053 9.9991E-05 0.22858
9.9973E-05 0.060015 0.337486 9.9973E-05 9.9973E-05 0.602199
0.021842 0.0505123 0.125267 0.575769 0.0978538 0.128756
0.0499469 0.0584926 0.170472 0.560763 0.00241973 0.157906
9.99901E-05 9.99901E-05 0.480652 0.37685 0.0192845 0.123013
0.053403 0.136815 0.151837 0.529295 0.0885994 0.0400509
9.9982E-05 0.129203 0.313996 0.143272 9.9982E-05 0.41333
9.9991E-05 0.0263483 0.184795 0.606839 0.0183376 0.16358
0.036297 0.075945 0.32255 0.517732 0.00895586 0.0385203
0.137898 0.0356297 0.0802784 0.489059 0.118161 0.138975
0.000948509 0.0919361 0.250976 0.36638 9.9991E-05 0.289659
0.0184691 0.11788 0.204831 0.441151 9.9991E-05 0.217569
0.0199065 0.0113306 0.22401 0.619277 9.9991E-05 0.125376
9.9982E-05 0.0565346 0.217395 0.575116 9.9982E-05 0.150755
0.0722342 0.0555198 0.110355 0.635681 0.0333291 0.0928815
0.0423167 0.0912681 0.132593 0.549389 0.0784327 0.106001
0.0043451 0.12141 0.182414 0.540515 0.09629 0.0550264
0.048565 9.9973E-05 9.9973E-05 0.108533 0.842602 9.9973E-05
0.00210467 0.0136488 9.9982E-05 0.118512 0.865535 9.9982E-05
9.9982E-05 0.0191369 9.9982E-05 0.066862 0.898814 0.0149873
0.0558016 9.9982E-05 0.0214612 0.0216931 0.900844 9.9982E-05
9.9964E-05 9.9964E-05 9.9964E-05 0.101594 0.898006 9.9964E-05
0.0494663 0.106913 0.645054 0.103534 0.0227251 0.0723078
0.0673451 0.0567516 0.191849 0.534096 0.0226046 0.127354
0.230218 9.9991E-05 0.0410329 0.407133 0.168753 0.152763
0.0771369 0.0648152 0.200721 0.625982 0.0123269 0.0190173
0.023643 0.107545 0.345616 0.522996 9.9982E-05 9.9982E-05
0.00864597 0.0395754 0.313334 0.332879 9.9991E-05 0.305466
0.00903166 0.0581742 0.801888 0.0149585 0.0557574 0.0601906
9.9991E-05 0.0714714 0.344771 0.497678 0.0590371 0.0269425
0.0372887 0.0228187 0.601423 0.246814 0.0349031 0.0567531
0.057855 0.133763 0.168635 0.469283 0.038132 0.132333
0.0131237 0.0235724 0.653827 0.166623 0.0570242 0.08583
0.0587946 0.0372874 0.248877 0.579586 0.0753557 9.9991E-05
0.0296624 0.0978046 0.614853 0.147195 0.0280437 0.0824414
0.113039 0.103871 0.312426 0.260051 9.9991E-05 0.210513
0.0170057 9.9991E-05 0.0992075 0.569565 0.0668474 0.247275
9.9982E-05 0.0393601 0.0939957 0.319229 9.9982E-05 0.547215
9.9991E-05 0.0275229 0.0235011 0.579956 0.0508338 0.318086
0.0241563 0.0368577 0.053508 0.595091 0.123817 0.16657
9.9982E-05 0.0514856 0.0669197 0.288305 9.9982E-05 0.59309
0.0305901 0.085905 0.0194174 0.565747 0.100042 0.198299
9.9991E-05 0.0242985 0.0388935 0.567608 0.0257711 0.343329
9.9982E-05 0.0839742 0.0414563 0.160349 9.9982E-05 0.71402
9.9982E-05 0.027799 0.0435025 0.238346 9.9982E-05 0.690152
9.9982E-05 9.9982E-05 0.112164 0.484009 0.0254697 0.378157
9.9982E-05 0.142811 0.0865173 0.083297 9.9982E-05 0.687175
9.9982E-05 0.0523449 0.0769866 0.467423 9.9982E-05 0.403046
0.030936 0.112834 0.70348 0.15255 9.9982E-05 9.9982E-05
0.0963558 0.100777 0.363669 0.169936 9.9991E-05 0.269162
0.0513353 0.0714403 0.425509 0.405676 0.0459389 9.9991E-05
0.126165 0.0746816 0.283837 0.474314 0.0237761 0.0172261
0.0385573 0.160321 0.61136 0.189561 9.9982E-05 9.9982E-05
0.0831429 0.0678022 0.21744 0.454422 0.058948 0.118244
0.0274517 0.0142196 0.294866 0.577219 0.0506544 0.0355889
0.052098 0.13813 0.228435 0.519835 9.9991E-05 0.0614025
0.0851828 0.0696428 0.282797 0.487557 9.9991E-05 0.0747204
0.0400209 0.0209988 0.435171 0.492599 0.0111105 9.9991E-05
0.0223133 0.115706 0.53434 0.302202 9.9991E-05 0.0253386
0.0648713 0.0972985 0.440734 0.396896 9.9982E-05 9.9982E-05
0.0444397 0.0522124 0.220162 0.578651 9.9991E-05 0.104435
0.0842824 0.0318716 0.152261 0.623202 0.0257844 0.0825986
0.124874 0.147687 0.299652 0.295744 0.00447687 0.127567
0.110673 0.0842392 0.225432 0.458607 9.9991E-05 0.120948
0.0853952 0.0918091 0.479448 0.328686 9.9991E-05 0.014562
0.054107 0.0575434 0.294011 0.550505 9.9991E-05 0.0437334
0.0927785 0.137511 0.307291 0.421121 0.0411985 9.9991E-05
0.0525771 0.04972 0.175723 0.541413 0.0840962 0.096471
0.133307 9.9991E-05 0.0583637 0.464578 0.331457 0.0121947
0.159752 0.00884806 0.0356405 0.555718 0.127932 0.112109
0.115934 0.0663391 0.0306996 0.502724 0.202332 0.0819715
0.133961 0.00547242 0.0589031 0.554636 0.116112 0.130916
0.199965 0.00876288 0.00809658 0.422342 0.182109 0.178724
9.9982E-05 0.019997 0.152493 0.560783 9.9982E-05 0.266527
0.10949 0.0866938 0.0433215 0.529019 0.138899 0.0925762
0.186383 0.00588402 0.095651 0.0568568 0.195736 0.459489
0.140339 9.9991E-05 0.079776 0.568977 0.093216 0.117592
0.122687 0.0284025 0.037264 0.594423 0.153244 0.0639791
0.117486 0.0369989 0.0587805 0.535445 0.117912 0.133378
0.125588 0.015041 0.0214613 0.323194 0.17956 0.335155
0.14438 9.9991E-05 0.0424182 0.548616 0.164883 0.0996032
0.186059 9.9991E-05 0.0347717 0.530438 0.114049 0.134583
0.124814 9.9973E-05 9.9973E-05 9.9973E-05 0.484406 0.390479
0.176334 0.0558047 0.063674 0.507398 0.187618 0.00917145
0.195545 0.00926633 9.9991E-05 0.541257 0.132566 0.121265
0.122253 0.0477908 9.9991E-05 0.583419 0.111905 0.134532
0.226599 9.9982E-05 9.9982E-05 0.525054 0.169778 0.0783694
0.097272 0.0761237 0.0102789 0.540611 0.193804 0.0819108
0.00599727 0.0761007 0.00426676 0.536481 0.032412 0.344742
0.0452039 0.113353 0.100436 0.542816 0.0399504 0.15824
9.9982E-05 0.178878 0.108308 0.0119856 9.9982E-05 0.700629
9.9982E-05 0.107981 0.0875537 0.0743071 9.9982E-05 0.729958
0.0164804 0.0758477 0.0172598 0.580987 0.0982597 0.211165
0.302243 9.9982E-05 9.9982E-05 0.340861 0.148961 0.207736
0.292251 9.9982E-05 9.9982E-05 0.348831 0.124657 0.234061
0.314603 9.9982E-05 9.9982E-05 0.206632 0.143644 0.334921
0.246496 9.9982E-05 9.9982E-05 0.382321 0.132705 0.238277
0.0585548 9.9991E-05 0.0252483 0.165158 0.0570109 0.693928
0.0646812 0.0575986 9.9991E-05 0.196517 0.0793978 0.601705
0.0659043 0.00835354 9.9982E-05 0.627963 9.9982E-05 0.29758
0.108893 0.00266081 9.9991E-05 0.444037 0.0508372 0.393472
0.0311251 0.0708589 0.0317672 0.320705 0.0460574 0.499486
0.0693605 0.0181382 0.0415922 0.57227 0.051376 0.247263
0.0556088 9.9991E-05 0.041977 0.630326 0.0311274 0.24086
0.0547297 0.0452883 0.0447478 0.532734 0.0980154 0.224485
9.9982E-05 0.0881573 0.00862018 0.414859 9.9982E-05 0.488163
9.9991E-05 0.00697453 0.0972566 0.478008 0.0174287 0.400233
0.0198465 0.0333535 0.0684856 0.551806 0.00403489 0.322473
0.02462 0.0316943 0.130388 0.49915 9.9991E-05 0.314048
0.0473868 0.0924805 0.0699883 0.559686 0.0715242 0.158935
9.9973E-05 0.0834108 9.9973E-05 0.496095 9.9973E-05 0.420194
9.9982E-05 0.0848164 0.0374778 0.268922 9.9982E-05 0.608583
0.0216804 0.0458279 9.9982E-05 0.664693 9.9982E-05 0.267599
9.9982E-05 0.0987286 0.104936 0.234764 9.9982E-05 0.561372
9.9991E-05 0.0392181 0.0105845 0.524183 0.0146297 0.411285
0.00985268 0.0529702 0.0702173 0.530129 0.0571509 0.27968
0.0661448 0.0641574 0.0892491 0.532679 0.0227391 0.225031
0.122439 9.9991E-05 0.00881604 0.505063 0.170725 0.192857
0.133322 0.0200498 0.0859148 0.476075 0.143698 0.14094
0.290853 9.9982E-05 9.9982E-05 0.279329 0.187446 0.242172
0.260294 0.0450061 0.0272078 0.269341 0.220513 0.177638
0.18448 0.0364627 0.0644893 0.428203 0.152696 0.133669
0.15015 0.0101573 0.0379493 0.438446 0.10994 0.253357
0.149439 0.051875 9.9982E-05 9.9982E-05 0.128112 0.670374
0.220562 0.0118437 9.9991E-05 0.532502 0.087638 0.147355
0.110259 9.9973E-05 9.9973E-05 9.9973E-05 0.309437 0.580004
0.134378 9.9982E-05 9.9982E-05 0.593469 0.0265024 0.24545
9.9973E-05 0.16117 9.9973E-05 0.192182 9.9973E-05 0.646348
9.9982E-05 0.309128 0.0253976 0.00813643 9.9982E-05 0.657138
9.9982E-05 0.0724574 0.0680181 0.533071 9.9982E-05 0.326254
0.0103355 0.0966983 9.9991E-05 0.629126 0.00503978 0.2587
9.9982E-05 0.0901541 0.0300971 0.473902 9.9982E-05 0.405647
9.9973E-05 0.0728939 9.9973E-05 0.628219 9.9973E-05 0.298587
9.9973E-05 0.080695 9.9973E-05 0.619347 9.9973E-05 0.299658
9.9982E-05 0.0151832 0.0731641 0.0267847 0.884668 9.9982E-05
0.0628806 0.0294678 0.0431231 0.0440609 0.767721 0.0527465
0.00821229 9.9982E-05 0.0461629 9.9982E-05 0.921578 0.023847
9.9973E-05 9.9973E-05 9.9973E-05 0.0332678 0.945388 0.0210444
0.00748683 0.344408 9.9991E-05 0.543971 0.0656898 0.0383442
0.00321477 0.313059 0.0558535 0.554702 0.0730712 9.9991E-05
9.9982E-05 0.43206 0.0252762 0.531204 0.0112594 9.9982E-05
0.0235204 0.236703 0.0678356 0.577822 0.0940186 9.9991E-05
0.0180357 0.127245 0.0148886 0.583315 0.11271 0.143805
9.9982E-05 0.602627 0.0831004 0.267936 0.0461368 9.9982E-05
0.00703204 0.318279 0.00285067 0.63074 0.0248615 0.0162367
0.00684838 0.561999 9.9991E-05 0.269604 0.00325112 0.158198
0.110425 9.9982E-05 0.0972933 0.466334 0.325748 9.9982E-05
0.0191572 0.43916 9.9982E-05 0.402315 9.9982E-05 0.139168
9.9982E-05 0.561618 0.0712141 0.338651 0.0283166 9.9982E-05
0.0107343 0.364654 0.0204487 0.515616 9.9991E-05 0.0884467
0.0316405 0.470608 0.120653 0.359544 0.0174548 9.9991E-05
0.0292763 0.438763 9.9982E-05 0.50464 9.9982E-05 0.0271211
9.9982E-05 0.376329 0.0137066 0.53398 0.075785 9.9982E-05
9.9964E-05 0.838743 9.9964E-05 9.9964E-05 9.9964E-05 0.160857
0.0112429 0.579762 9.9982E-05 0.291316 9.9982E-05 0.117479
0.00337127 0.581404 9.9982E-05 0.344875 9.9982E-05 0.0701496
9.9964E-05 0.790111 9.9964E-05 9.9964E-05 9.9964E-05 0.209489
9.9982E-05 0.393511 0.129522 0.406515 0.0702516 9.9982E-05
9.9973E-05 0.589652 9.9973E-05 0.0606608 9.9973E-05 0.349388
9.9964E-05 0.771326 9.9964E-05 9.9964E-05 9.9964E-05 0.228274
0.0293476 0.351467 9.9991E-05 0.544163 0.0171743 0.0577476
9.9982E-05 0.606836 0.192271 0.152607 0.0480858 9.9982E-05
0.00272116 0.432702 0.0404167 0.483067 0.0409941 9.9991E-05
0.05704 0.161298 0.0249834 0.54783 0.112679 0.096171
0.00777258 0.381306 0.117196 0.469185 0.024441 9.9991E-05
0.00795583 0.0568 0.323768 0.385819 9.9991E-05 0.225557
0.0254677 0.3378 0.0815754 0.520475 0.0345822 9.9991E-05
9.9982E-05 0.338179 0.142659 0.505969 0.0129932 9.9982E-05
0.00220017 0.59617 9.9982E-05 0.288675 9.9982E-05 0.112756
0.0403917 0.202532 0.0976832 0.52235 0.102246 0.0347978
9.9973E-05 9.9973E-05 0.285314 9.9973E-05 0.660386 0.0540006
9.9982E-05 0.0261769 0.137355 9.9982E-05 0.78411 0.0521581
9.9973E-05 9.9973E-05 0.147302 9.9973E-05 0.840725 0.0116728
9.9973E-05 9.9973E-05 0.148198 9.9973E-05 0.827094 0.024408
9.9982E-05 9.9982E-05 0.191547 0.0152401 0.747552 0.0454606
0.0178838 0.671493 0.177531 0.0958522 0.0371404 9.9991E-05
9.9982E-05 0.667429 0.144703 0.133703 0.0539648 9.9982E-05
0.0092775 0.732549 9.9982E-05 0.162576 9.9982E-05 0.0953976
0.10081 0.123419 0.0654809 0.538721 0.0388046 0.132764
0.0661596 0.239734 0.0355455 0.512421 0.106695 0.039444
0.046551 0.650254 9.9982E-05 0.200983 9.9982E-05 0.102012
0.0677102 0.296717 0.00330385 0.576651 9.9991E-05 0.0555183
0.0413027 0.457118 0.0435743 0.340868 0.0296599 0.0874764
9.9982E-05 0.401764 0.0594711 0.499427 0.0391384 9.9982E-05
0.0764682 0.308597 0.0174028 0.554973 0.0424588 9.9991E-05
0.00512532 0.632933 0.170945 0.190797 9.9982E-05 9.9982E-05
9.9973E-05 0.589399 0.123117 0.287185 9.9973E-05 9.9973E-05
9.9982E-05 0.533274 0.130488 0.315872 0.0201655 9.9982E-05
9.9982E-05 9.9982E-05 0.0627934 0.640875 0.0812151 0.214917
9.9982E-05 0.52574 0.0590386 0.383535 0.031487 9.9982E-05
9.9982E-05 0.459808 0.110061 0.352659 0.0772727 9.9982E-05
0.337992 0.012348 9.9991E-05 0.448792 0.121996 0.0787716
0.461945 0.0123458 0.0287441 0.313874 0.105997 0.0770945
0.37841 9.9991E-05 0.0104258 0.447746 0.120079 0.0432399
0.491394 9.9982E-05 9.9982E-05 0.279424 0.174965 0.0540179
0.272971 9.9991E-05 0.00576431 0.511598 0.128756 0.0808101
9.9982E-05 0.186616 9.9982E-05 0.516683 0.0725209 0.22398
0.641223 9.9982E-05 0.0175923 9.9982E-05 0.25941 0.0815741
0.50378 0.0693042 9.9991E-05 0.244301 0.163584 0.018931
0.155595 0.0424172 9.9991E-05 0.37116 0.163369 0.267358
9.9991E-05 0.0133437 0.0737037 0.524198 0.166076 0.222578
0.00673535 9.9991E-05 0.0584147 0.481895 0.166681 0.286174
9.9982E-05 9.9982E-05 0.0107908 0.646402 0.133496 0.209111
0.0452446 0.0212283 0.0506355 0.59077 0.117444 0.174678
0.445257 9.9982E-05 9.9982E-05 0.349023 0.193714 0.0118067
0.373255 0.0452596 0.0225286 0.379455 0.134332 0.0451691
0.492259 9.9982E-05 9.9982E-05 0.411071 0.0934724 0.00299783
0.300107 0.0208011 0.0610651 0.451243 0.14995 0.0168331
0.483131 0.0291231 0.0174637 0.210088 0.185279 0.0749146
0.323285 0.0124256 0.0362645 0.4349 0.14549 0.0476358
0.54874 9.9991E-05 0.0218983 0.213256 0.139972 0.0760339
0.397996 0.0607957 0.03999 0.318701 0.099913 0.0826038
9.9991E-05 0.0239481 0.0084385 0.550605 0.118359 0.298549
0.344259 0.00117586 0.02653 0.399703 0.149788 0.0785436
0.603565 9.9982E-05 9.9982E-05 0.116898 0.205038 0.0742996
0.421074 0.063839 0.106054 0.33151 0.0657237 0.0118001
9.9991E-05 0.0643413 0.191753 0.299245 0.164283 0.280278
0.0286309 9.9982E-05 9.9982E-05 0.641323 0.0277224 0.302123
0.37651 0.0108219 0.0457005 0.359174 0.143214 0.0645792
9.9982E-05 9.9982E-05 0.114089 0.569963 0.129468 0.186279
9.9982E-05 9.9982E-05 0.0914229 0.487845 0.167171 0.253361
0.205007 0.0388971 0.00448263 0.341334 0.208781 0.201498
0.260807 9.9982E-05 9.9982E-05 0.36776 0.197164 0.174068
0.040106 0.0925182 0.0130384 0.595143 0.148151 0.111043
0.342353 0.0839793 0.0527227 0.384127 0.134178 0.00263965
0.428517 9.9982E-05 0.0123113 0.418129 0.140842 9.9982E-05
0.6099 9.9982E-05 9.9982E-05 0.108625 0.185226 0.0960493
0.00556312 0.0192418 0.0498997 0.63708 0.128768 0.159448
9.9991E-05 0.0436122 0.0910266 0.459398 0.141538 0.264325
9.9973E-05 9.9973E-05 9.9973E-05 0.174706 0.095472 0.729522
0.0297961 0.0163819 0.0799604 0.598249 0.162243 0.11337
0.0325441 9.9991E-05 0.167206 0.416651 0.0752442 0.308254
0.135947 0.00262103 9.9991E-05 0.472843 0.215634 0.172855
0.133073 0.04885 0.0508115 0.439702 0.106389 0.221175
0.107073 9.9973E-05 9.9973E-05 9.9973E-05 0.363657 0.528971
0.0658896 9.9973E-05 9.9973E-05 9.9973E-05 0.325571 0.608239
0.0554108 0.00853691 9.9991E-05 0.358626 0.161931 0.415395
0.157852 9.9982E-05 9.9982E-05 0.0336876 0.31986 0.488401
0.177503 9.9973E-05 9.9973E-05 9.9973E-05 0.442152 0.380044
0.109046 0.000796117 9.9991E-05 0.366321 0.161019 0.362718
0.153456 0.00441622 0.0482615 0.377395 0.206599 0.209872
0.166373 9.9982E-05 9.9982E-05 0.131713 0.273347 0.428368
0.128225 9.9982E-05 9.9982E-05 0.0669457 0.252596 0.552033
0.121671 0.00412621 0.0187613 0.475303 0.201249 0.17889
0.137208 9.9982E-05 9.9982E-05 0.144997 0.236489 0.481106
0.0583925 9.9973E-05 9.9973E-05 9.9973E-05 0.34719 0.594117
0.0960578 0.0124275 0.119838 0.526012 0.113086 0.132578
0.187814 9.9991E-05 0.00858776 0.312407 0.190128 0.300963
0.132691 0.0327262 0.0269942 0.41592 0.336626 0.0550433
0.264897 9.9973E-05 9.9973E-05 0.567929 0.166874 9.9973E-05
0.21339 9.9991E-05 0.0221929 0.485545 0.163088 0.115684
0.234545 0.00831299 0.0296883 0.478902 0.173441 0.0751108
0.205586 0.0116151 0.069274 0.303318 0.384877 0.0253301
0.192549 0.00517477 0.0338565 0.486223 0.2186 0.0635959
0.210988 9.9982E-05 9.9982E-05 0.48241 0.270643 0.0357593
0.238031 0.00130352 9.9991E-05 0.299004 0.248021 0.21354
0.137348 0.210037 0.117756 0.304808 0.211052 0.019
0.109205 0.0486991 0.0657876 0.49674 0.179789 0.0997791
0.121053 9.9991E-05 0.0758358 0.607036 0.138057 0.0579176
0.143732 0.137627 0.0475388 0.527581 0.122472 0.0210497
0.209587 9.9982E-05 9.9982E-05 0.429798 0.288855 0.0715594
0.146156 0.0198087 9.9991E-05 0.543241 0.242216 0.0484776
0.306824 9.9982E-05 9.9982E-05 0.0443704 0.371496 0.27711
0.124847 9.9991E-05 0.0190538 0.548377 0.185558 0.122064
0.311988 9.9982E-05 9.9982E-05 0.169582 0.290672 0.227558
9.9973E-05 9.9973E-05 0.179944 9.9973E-05 0.81506 0.004696
0.00165795 0.0352543 0.768014 0.141419 0.0472919 0.00636231
9.996E-05 9.996E-05 0.9995 9.996E-05 9.996E-05 9.996E-05
9.996E-05 9.996E-05 0.9995 9.996E-05 9.996E-05 9.996E-05
9.9964E-05 9.9964E-05 0.965245 0.0343556 9.9964E-05 9.9964E-05
0.0126318 9.9964E-05 0.986968 9.9964E-05 9.9964E-05 9.9964E-05
9.9964E-05 9.9964E-05 0.95055 0.04905 9.9964E-05 9.9964E-05
9.996E-05 9.996E-05 0.9995 9.996E-05 9.996E-05 9.996E-05
9.9964E-05 9.9964E-05 0.861749 9.9964E-05 0.137851 9.9964E-05
9.9982E-05 0.0373469 0.0575101 0.0148469 0.890096 9.9982E-05
9.9973E-05 9.9973E-05 0.153513 0.0688392 0.777347 9.9973E-05
0.0131736 0.0420562 0.0461897 0.00624872 0.867526 0.0248053
9.9982E-05 9.9982E-05 0.0840995 0.0397552 0.854828 0.0211169
0.013672 0.0101512 0.0681593 0.0160498 0.891868 9.9991E-05
9.9982E-05 0.0115047 0.0120347 0.075053 0.901208 9.9982E-05
0.0748166 0.020907 0.00309419 0.130103 0.754019 0.0170595
0.00274218 9.9973E-05 9.9973E-05 0.0849746 0.911983 9.9973E-05
0.0496231 0.0482655 0.0564479 0.11747 0.722912 0.00528158
0.0716656 9.9973E-05 9.9973E-05 0.0164181 0.911616 9.9973E-05
9.9964E-05 9.9964E-05 9.9964E-05 9.9964E-05 0.989032 0.0105677
0.0302284 0.0165961 0.0200081 0.0271318 0.905936 9.9991E-05
0.0129265 0.00538585 0.00761566 9.9982E-05 0.973872 9.9982E-05
0.00131405 9.9982E-05 9.9982E-05 0.0361733 0.949403 0.0129094
0.0175743 0.00534165 9.9982E-05 0.0627728 0.914111 9.9982E-05
0.0169782 9.9973E-05 9.9973E-05 0.0509437 0.931778 9.9973E-05
0.0382985 9.9973E-05 9.9973E-05 0.0925312 0.86887 9.9973E-05
0.00893644 9.9973E-05 9.9973E-05 0.135334 0.85543 9.9973E-05
0.0622147 9.9973E-05 9.9973E-05 0.115976 0.821509 9.9973E-05
9.9991E-05 0.0738567 0.0873115 0.426606 0.139343 0.272783
9.9991E-05 0.0223118 0.0306295 0.695595 0.0841676 0.167196
0.01909 0.0948913 0.0177423 0.597672 0.15517 0.115435
0.0239336 0.0576983 9.9991E-05 0.102236 0.0677351 0.748297
9.9982E-05 9.9982E-05 0.109279 0.521381 0.145914 0.223226
9.9973E-05 9.9973E-05 9.9973E-05 0.116614 0.0990008 0.784085
0.0453944 0.00482213 9.9991E-05 0.633763 0.0622252 0.253695
9.9991E-05 0.12844 0.0865319 0.399663 0.145489 0.239775
9.9982E-05 9.9982E-05 0.115717 0.489381 0.163306 0.231396
0.0428655 0.45413 0.0324339 0.428631 0.0418399 9.9991E-05
9.9991E-05 0.0442455 0.130285 0.466326 0.11005 0.248993
9.9973E-05 9.9973E-05 9.9973E-05 0.700414 0.0859527 0.213333
9.9991E-05 0.0400763 0.104397 0.531711 0.122207 0.201508
0.054347 0.165284 0.427663 0.0356955 9.9991E-05 0.316911
9.9982E-05 9.9982E-05 0.0300011 0.054629 0.0847201 0.83045
9.9973E-05 9.9973E-05 9.9973E-05 0.197718 0.081792 0.72019
0.0345204 0.0785788 0.0388818 0.588984 0.143074 0.115961
0.0343461 9.9982E-05 9.9982E-05 0.514374 0.0397658 0.411315
9.9982E-05 0.0434794 9.9982E-05 0.609715 0.0597018 0.286904
0.0600504 0.00353654 9.9991E-05 0.66354 0.0943213 0.178452
0.199114 0.0179407 0.0599656 0.427746 0.194263 0.100971
0.15752 0.0508293 0.0190264 0.524066 0.201318 0.0472407
0.154848 0.0128112 0.219327 0.150237 0.395383 0.0673939
0.0908628 9.9991E-05 0.157141 0.541598 0.136848 0.0734503
0.11653 9.9991E-05 0.155396 0.410141 0.231052 0.0867809
0.176519 9.9973E-05 9.9973E-05 9.9973E-05 0.376497 0.446685
0.166454 9.9982E-05 9.9982E-05 0.332396 0.289805 0.211145
0.145513 0.020062 0.0926906 0.304988 0.354999 0.0817482
0.104044 0.0347222 0.103731 0.386089 0.324438 0.0469754
0.0955997 0.0728243 0.0920054 0.527628 0.15519 0.0567522
0.11852 0.0911365 0.00571212 0.503627 0.226005 0.0549993
0.0513136 0.0566322 0.021811 0.591607 0.203941 0.0746952
0.161505 0.0794013 0.0257625 0.399437 0.174993 0.158901
0.107596 0.0274036 0.0722948 0.250303 0.49493 0.0474731
