0.933818 9.9982E-05 9.9982E-05 0.0172836 0.0177562 0.0309422
0.96653 0.0209674 9.9973E-05 0.0122023 9.9973E-05 9.9973E-05
0.903755 0.0374299 9.9973E-05 9.9973E-05 0.0585153 9.9973E-05
0.83386 9.9973E-05 9.9973E-05 0.0273389 0.138502 9.9973E-05
0.915333 9.9964E-05 9.9964E-05 9.9964E-05 0.0842676 9.9964E-05
0.673287 0.0177065 0.126845 0.0697289 0.0568832 0.0555499
0.803823 9.9982E-05 0.14482 0.00258436 0.0485725 9.9982E-05
0.714885 9.9982E-05 0.156608 0.0971631 0.0311439 9.9982E-05
0.811379 9.99729E-05 0.0251331 0.163188 9.99729E-05 9.99729E-05
0.769277 9.9991E-05 0.0972213 0.063485 0.0637874 0.00612967
0.761218 9.9982E-05 0.08485 0.0509054 0.102827 9.9982E-05
0.045197 0.197989 0.0293708 0.478465 0.248878 9.9991E-05
0.0583818 0.060048 0.0433295 0.255028 0.518989 0.0642233
0.00867765 0.125347 0.0326571 0.479173 0.264576 0.0895694
0.0395021 0.104276 9.9991E-05 0.441124 0.284259 0.130739
0.0723658 0.0433812 0.0237259 0.313037 0.409419 0.138071
0.0472326 0.0894511 0.0452132 0.181511 0.585016 0.0515756
0.0117356 0.0919194 0.0641368 0.269246 0.510025 0.0529371
0.133723 0.0569236 0.0511291 0.403098 0.274172 0.0809552
0.0188441 0.121434 0.101252 0.687331 0.05835 0.0127897
0.0305157 0.0807542 0.0683102 0.327313 0.459466 0.033641
0.0148316 0.0778793 0.198612 0.22167 0.414924 0.0720829
0.0552873 0.12026 0.0443787 0.201898 0.555049 0.0231261
0.0680014 0.179342 0.0403396 0.447165 0.184284 0.0808683
0.0950537 9.9991E-05 0.0512854 0.127571 0.641584 0.0844059
0.0337474 0.0863944 0.0141182 0.302697 0.535727 0.0273165
0.0429973 0.105444 0.061565 0.522247 0.22348 0.0442676
0.0158505 0.129107 0.0444781 0.458298 0.260386 0.0918806
0.0201185 0.151426 0.0888268 0.510222 0.229307 9.9991E-05
0.893665 9.9973E-05 9.9973E-05 9.9973E-05 0.0796041 0.0264313
0.863401 9.9964E-05 9.9964E-05 9.9964E-05 0.1362 9.9964E-05
0.825066 9.9982E-05 9.9982E-05 0.00645494 0.101718 0.0665614
0.775767 9.9973E-05 9.9973E-05 9.9973E-05 0.157723 0.06621
0.0860906 0.219205 0.0808942 0.112109 0.501601 9.9991E-05
0.104543 0.242778 0.0134114 0.0920419 0.488862 0.0583645
0.00515333 0.326128 0.0170265 0.0299078 0.588709 0.0330756
0.0389462 0.101987 0.0227177 0.62261 0.211315 0.0024232
9.9982E-05 0.512821 0.199578 9.9982E-05 0.283137 0.00426462
0.0465527 0.229269 9.9991E-05 0.163501 0.531024 0.0295527
0.0608967 0.234025 0.0168803 9.9982E-05 0.687998 9.9982E-05
0.123612 0.0424214 0.165493 0.102594 0.565779 9.9991E-05
0.143905 0.0893259 0.0782437 0.0617094 0.626716 9.9991E-05
0.0277255 0.700542 9.9982E-05 0.146003 0.12553 9.9982E-05
0.0620915 9.9991E-05 0.174636 0.0635894 0.679508 0.0200751
0.0594481 0.222947 0.0396871 0.0210453 0.64453 0.0123418
0.139546 0.109155 0.0686115 0.0209214 0.629816 0.0319504
9.9973E-05 0.550018 0.105448 9.9973E-05 0.344233 9.9973E-05
0.0990273 0.263255 9.9991E-05 0.0161597 0.615213 0.00624516
0.123482 0.115923 0.129657 0.0462386 0.511019 0.0736809
0.0073122 0.579188 0.4132 9.9973E-05 9.9973E-05 9.9973E-05
9.9982E-05 0.0983903 0.115448 0.603684 0.182278 9.9982E-05
9.9991E-05 0.120951 0.385198 0.261958 0.171455 0.0603383
0.0725052 0.0546025 0.105803 0.135915 0.548627 0.0825475
0.0998028 0.0482687 0.105441 0.0899577 0.563793 0.0927371
0.0684727 0.0368668 0.133085 0.064596 0.633174 0.063805
0.115297 0.142335 0.045578 0.498129 0.19856 9.9991E-05
0.0313784 0.0306604 0.0338476 0.303473 0.600541 9.9991E-05
0.0734165 0.114547 0.0290255 0.178748 0.51413 0.0901332
0.114748 0.112907 0.0933516 0.26761 0.395383 0.0159998
0.15441 0.123506 0.104041 0.470505 0.127911 0.0196269
0.0773728 0.098144 0.0810057 0.135159 0.564535 0.0437831
0.0662567 0.0681903 0.0481147 0.294759 0.468541 0.054139
0.0780627 0.153613 0.133108 0.542451 0.0926648 9.9991E-05
9.9982E-05 0.121864 0.070317 0.362866 0.444753 9.9982E-05
0.0398524 0.110248 0.076167 0.122312 0.573753 0.0776671
0.107953 0.0532128 0.0775444 0.120646 0.640544 9.9991E-05
0.0731994 0.206083 0.0532007 0.345108 0.27003 0.0523793
0.0572173 0.144679 0.0699601 0.200894 0.49696 0.0302893
0.0357632 0.0848094 0.0474174 0.24795 0.524117 0.0599434
0.0254834 0.121327 0.120049 0.485445 0.247597 9.9991E-05
0.0307206 0.482554 9.9982E-05 9.9982E-05 0.482668 0.00385751
0.0296929 0.776985 9.9991E-05 0.0341984 0.136437 0.0225865
0.0847025 0.279997 0.0298773 0.066079 0.455916 0.0834279
9.9973E-05 0.822829 0.170365 9.9973E-05 9.9973E-05 0.00650675
9.9964E-05 0.824698 0.174902 9.9964E-05 9.9964E-05 9.9964E-05
9.9973E-05 0.68097 0.0970922 9.9973E-05 0.221638 9.9973E-05
0.0172911 0.460326 9.9982E-05 0.0512981 0.470885 9.9982E-05
0.122329 0.135247 0.110983 0.00140016 0.575808 0.0542315
9.9982E-05 0.481797 0.0548587 9.9982E-05 0.415125 0.0480198
0.0430974 0.701014 9.9982E-05 0.153803 0.101886 9.9982E-05
0.00444813 0.567538 9.9982E-05 0.179421 0.248393 9.9982E-05
0.0763138 0.288989 0.00954599 0.0448054 0.519494 0.0608521
0.0166022 0.578892 9.9982E-05 0.0493132 0.354992 9.9982E-05
0.000192742 0.423789 9.9991E-05 0.122301 0.44976 0.00385748
9.9973E-05 0.440942 0.102887 9.9973E-05 0.455871 9.9973E-05
9.9964E-05 0.652661 0.346939 9.9964E-05 9.9964E-05 9.9964E-05
0.019006 0.276024 0.0396433 9.9991E-05 0.611484 0.0537425
0.855793 0.019345 9.9982E-05 0.0482575 0.0764048 9.9982E-05
0.934906 9.9973E-05 9.9973E-05 9.9973E-05 0.0556061 0.00918822
0.842854 9.9973E-05 9.9973E-05 9.9973E-05 0.113202 0.0436445
0.930958 9.9973E-05 9.9973E-05 9.9973E-05 0.0126851 0.0560566
0.941848 0.00380238 9.9973E-05 9.9973E-05 9.9973E-05 0.05405
0.886549 9.9973E-05 9.9973E-05 9.9973E-05 0.0616737 0.0514774
0.925152 9.9964E-05 9.9964E-05 9.9964E-05 0.0744477 9.9964E-05
0.0741399 0.166569 9.9991E-05 0.139759 0.539931 0.0795016
0.134268 0.131573 0.0486878 0.0186918 0.614504 0.052275
0.0670977 0.70898 0.00167569 0.221545 0.000601448 9.9991E-05
0.0918355 0.181676 0.045136 0.0530741 0.601667 0.0266114
0.0349997 0.514474 9.9982E-05 0.0725401 0.377786 9.9982E-05
0.101293 0.356058 9.9982E-05 0.0290094 0.513439 9.9982E-05
0.0228178 0.273774 0.107853 0.0303177 0.503326 0.0619107
0.0413029 0.366757 0.00706268 0.0320186 0.506224 0.0466352
0.0662529 0.716756 9.9973E-05 0.216691 9.9973E-05 9.9973E-05
0.127749 0.192491 0.0143969 0.107876 0.551993 0.00549436
0.0509025 0.188435 0.00948049 0.0532271 0.643023 0.0549316
0.0935419 0.183397 0.0436164 0.0974162 0.530671 0.0513574
9.9991E-05 0.492785 0.203958 0.0270503 0.258295 0.0178123
9.9982E-05 0.382505 0.0876726 9.9982E-05 0.521047 0.00857531
0.0254403 0.395621 9.9982E-05 0.10213 0.476609 9.9982E-05
9.9982E-05 0.535453 0.074199 9.9982E-05 0.381917 0.00823155
0.055097 0.391881 9.9982E-05 0.109954 0.442869 9.9982E-05
0.0970155 0.186268 0.0561504 0.0526938 0.545235 0.0626365
0.0143774 9.9991E-05 0.266389 0.323683 0.348928 0.0465224
0.0719973 0.0342111 0.0860471 0.365047 0.442597 9.9991E-05
0.114924 9.9991E-05 0.0244384 0.214998 0.567323 0.0782161
0.102907 0.0117796 0.102209 0.132416 0.602964 0.0477249
0.0588529 0.0700861 9.9991E-05 0.357714 0.509109 0.00413747
0.064644 9.9991E-05 0.0334245 0.245437 0.636639 0.0197556
0.0352652 0.0183904 0.0331335 0.410046 0.503065 9.9991E-05
0.0939566 9.99864E-05 0.145451 0.154867 0.605525 9.99864E-05
0.0875017 0.0115734 0.0324034 0.17736 0.677743 0.0134187
0.0504868 9.9982E-05 0.0786676 0.259191 0.611455 9.9982E-05
0.0197987 0.0135953 0.0204167 0.334583 0.611506 9.9991E-05
0.0728888 9.9991E-05 0.101824 0.161095 0.602979 0.0611129
0.0733823 0.00716891 0.0890286 0.159064 0.58529 0.0860666
0.000768147 0.0223928 0.0975271 0.207434 0.586293 0.0855857
0.113542 0.0563165 0.0973313 0.129063 0.549878 0.0538703
9.9991E-05 0.0148993 0.110178 0.217063 0.632905 0.0248544
0.0818522 9.9991E-05 0.292151 0.231919 0.337383 0.0565949
0.0819196 0.0188876 0.101966 0.131014 0.664739 0.00147351
0.0136284 9.9991E-05 0.125743 0.151338 0.685622 0.0235677
0.00728104 0.139709 0.037632 0.580067 0.235211 9.9991E-05
9.9991E-05 0.0229666 0.411415 0.325268 0.219547 0.0207031
0.0340154 0.0405448 0.0929149 0.286157 0.513437 0.0329309
9.9982E-05 0.0510745 0.432277 0.371803 0.144646 9.9982E-05
0.00859573 0.0590264 0.0388186 0.543042 0.350417 9.9991E-05
9.9982E-05 0.0598141 0.0210102 0.43479 0.484186 9.9982E-05
0.0294496 0.113602 9.9982E-05 0.443952 0.412797 9.9982E-05
9.9982E-05 0.0643716 0.0685797 0.501351 0.365498 9.9982E-05
0.0579556 0.039214 0.0936818 0.194145 0.602646 0.0123573
0.0924411 0.0321349 0.100947 0.132093 0.567778 0.0746066
0.0522095 0.0773329 0.0295083 0.2437 0.576523 0.0207267
9.9991E-05 0.0796094 0.317121 0.403327 0.168791 0.0310518
0.172999 0.0504253 0.107204 0.0937538 0.566285 0.00933245
0.0843713 0.0205018 0.305128 0.0521984 0.5377 9.9991E-05
0.113325 0.0627235 0.750128 0.0736227 9.9982E-05 9.9982E-05
0.0941613 0.0378029 0.14884 0.0233893 0.68862 0.00718676
0.091403 0.0853695 0.398811 0.0714098 0.330118 0.022889
0.109852 9.9991E-05 0.231465 0.0515567 0.54386 0.0631664
0.0952763 0.0405028 0.469957 0.120395 0.273768 9.9991E-05
0.0551095 0.0529857 0.600526 0.145673 0.145606 9.9991E-05
0.0443736 0.0546481 0.344013 0.107533 0.428661 0.0207713
0.143295 0.085069 0.157594 0.0619145 0.495215 0.0569118
0.150178 0.0963145 0.151235 0.124357 0.444867 0.0330487
0.0422676 0.129501 0.497686 0.113442 0.156217 0.060887
0.0959883 0.0437862 0.11558 0.0547514 0.588652 0.101241
9.9982E-05 0.0627708 0.475208 0.0976212 0.3642 9.9982E-05
9.9982E-05 0.0871737 0.349747 0.0776306 0.485249 9.9982E-05
0.124994 0.0036303 0.14957 0.0726003 0.601135 0.0480713
0.387693 9.9982E-05 0.221678 9.9982E-05 0.15121 0.239218
0.485956 9.9973E-05 0.388351 9.9973E-05 9.9973E-05 0.125393
0.458996 9.9973E-05 0.406163 9.9973E-05 9.9973E-05 0.134542
0.384981 9.9991E-05 0.277155 0.00211596 0.0778156 0.257832
9.9973E-05 0.08017 0.278201 9.9973E-05 0.641329 9.9973E-05
0.0911349 0.0391681 0.099729 0.101886 0.62441 0.0436723
9.9982E-05 0.000858132 9.9982E-05 0.00927146 0.335087 0.654583
0.0520465 9.9982E-05 9.9982E-05 0.0981007 0.425557 0.424096
0.0368174 0.108764 0.0229677 0.0545676 0.371505 0.405378
0.00356143 0.0132668 0.583042 0.072065 0.327965 9.9991E-05
0.116265 0.0291702 0.164213 0.106275 0.528783 0.0552941
9.9982E-05 0.0137689 0.610104 0.0945485 0.281379 9.9982E-05
0.0633165 0.0186481 0.271533 0.0243679 0.622035 9.9991E-05
0.0584194 9.9991E-05 0.368797 0.0666519 0.501742 0.00428974
9.9964E-05 9.9964E-05 0.368253 9.9964E-05 0.631347 9.9964E-05
9.9973E-05 9.9973E-05 0.664697 0.0569986 0.278005 9.9973E-05
0.0678657 0.0835857 0.161875 9.9991E-05 0.664973 0.0216001
0.123703 0.00436471 0.239603 0.0299468 0.602282 9.9991E-05
9.9973E-05 0.00321013 9.9973E-05 9.9973E-05 0.0223438 0.974146
9.9982E-05 0.00332944 9.9982E-05 0.0171026 0.0761237 0.903244
0.0693897 0.0630857 9.9991E-05 0.00285934 0.354671 0.509894
9.9964E-05 9.9964E-05 9.9964E-05 9.9964E-05 0.357423 0.642177
9.9982E-05 0.0353643 9.9982E-05 0.000107085 0.134746 0.829583
9.996E-05 9.996E-05 9.996E-05 9.996E-05 9.996E-05 0.9995
9.9964E-05 9.9964E-05 9.9964E-05 0.0390305 9.9964E-05 0.96057
9.9964E-05 9.9964E-05 9.9964E-05 9.9964E-05 0.154225 0.845375
9.9964E-05 9.9964E-05 9.9964E-05 0.0610156 9.9964E-05 0.938585
9.996E-05 9.996E-05 9.996E-05 9.996E-05 9.996E-05 0.9995
9.996E-05 9.996E-05 9.996E-05 9.996E-05 9.996E-05 0.9995
0.0219312 9.9973E-05 9.9973E-05 9.9973E-05 0.226164 0.751605
0.0164647 0.0237716 9.9991E-05 0.0293478 0.0833902 0.846926
9.996E-05 9.996E-05 9.996E-05 9.996E-05 9.996E-05 0.9995
0.0820747 0.0592093 0.0727887 0.0927018 0.305085 0.38814
0.0496253 0.0223079 9.9991E-05 0.0350791 0.218016 0.674872
0.0375282 9.9973E-05 9.9973E-05 9.9973E-05 0.186398 0.775774
0.000116434 0.0166461 9.9982E-05 9.9982E-05 0.0879216 0.895116
9.9964E-05 9.9964E-05 9.9964E-05 9.9964E-05 0.00497323 0.994627
0.0197172 9.9973E-05 9.9973E-05 9.9973E-05 0.00443492 0.975548
9.996E-05 9.996E-05 9.996E-05 9.996E-05 9.996E-05 0.9995
0.0373543 0.0580765 9.9991E-05 0.0288282 0.213541 0.6621
0.00445075 0.0162057 9.9973E-05 9.9973E-05 9.9973E-05 0.979044
0.29846 9.9973E-05 0.646099 9.9973E-05 9.9973E-05 0.0551414
0.238454 9.9991E-05 0.271598 0.0112475 0.385931 0.0926695
0.173301 9.9982E-05 0.281431 9.9982E-05 0.510823 0.0342454
0.21136 9.9982E-05 0.476941 9.9982E-05 0.213622 0.0978759
0.104299 0.068996 0.188007 0.0136215 0.509487 0.11559
0.276662 9.9982E-05 0.489903 9.9982E-05 0.124221 0.109013
0.183545 9.9991E-05 0.211537 0.0567343 0.466211 0.0818732
0.168917 9.9982E-05 0.389744 9.9982E-05 0.323082 0.118057
0.193359 9.9982E-05 0.206295 9.9982E-05 0.484389 0.115757
0.212947 9.9982E-05 0.293599 9.9982E-05 0.391243 0.102011
0.156118 9.9991E-05 0.22158 0.042776 0.440219 0.139208
0.89716 9.9982E-05 0.0154591 0.0110151 0.0761655 9.9982E-05
0.911885 9.9973E-05 0.0211685 9.9973E-05 9.9973E-05 0.0666466
0.953238 9.9973E-05 9.9973E-05 0.0268365 0.0196256 9.9973E-05
0.978137 0.00562514 0.0159384 9.9973E-05 9.9973E-05 9.9973E-05
0.922499 9.9973E-05 9.9973E-05 0.0110916 0.0661099 9.9973E-05
0.9881 9.99806E-05 0.00847484 9.99806E-05 0.00312519 9.99806E-05
0.940835 9.9982E-05 9.9982E-05 0.0115303 0.0389837 0.00845076
0.938365 0.00676066 0.00137818 0.0495503 0.00384545 9.9991E-05
0.904725 0.0260946 0.00950829 0.00483501 0.0350667 0.0197699
0.910255 9.9991E-05 0.0177937 0.0327364 0.00841258 0.0307025
0.601952 0.0501611 0.0515553 0.296132 9.9982E-05 9.9982E-05
0.626405 0.0161907 0.0229492 0.334255 9.9982E-05 9.9982E-05
0.53686 0.0368975 0.0900113 0.336032 9.9982E-05 9.9982E-05
0.466043 0.00229248 0.130089 0.401375 9.9982E-05 9.9982E-05
0.0684529 0.302636 0.00762549 0.141647 0.460387 0.0192514
0.0336549 0.336643 0.0146351 0.102254 0.452574 0.0602384
0.0195371 0.21892 9.9991E-05 0.21626 0.51317 0.0320125
0.0358077 0.290987 9.9982E-05 0.291566 0.381439 9.9982E-05
9.9991E-05 0.0830805 0.0468487 0.633031 0.228942 0.00799847
0.0332936 0.199788 0.00501426 0.0913029 0.656775 0.0138263
9.9982E-05 0.257019 9.9982E-05 0.0973168 0.6362 0.00926345
0.00583164 0.271307 0.138958 0.0288075 0.554997 9.9991E-05
9.9982E-05 0.509963 0.0890143 9.9982E-05 0.39329 0.00753267
0.0445691 0.121276 0.0796866 0.0878162 0.601137 0.0655153
9.9982E-05 0.507677 9.9982E-05 0.075259 0.400848 0.016016
9.9964E-05 0.771549 0.228051 9.9964E-05 9.9964E-05 9.9964E-05
0.0733174 0.18124 9.9991E-05 0.138575 0.571973 0.0347949
9.9973E-05 0.635825 0.21569 9.9973E-05 0.148185 9.9973E-05
0.0210946 0.338257 0.0667957 0.016394 0.546104 0.0113551
0.00246125 0.718664 9.9982E-05 0.174043 0.104632 9.9982E-05
0.128184 9.9973E-05 0.0712772 0.800239 9.9973E-05 9.9973E-05
0.119715 9.9982E-05 0.0746225 0.734886 0.0705762 9.9982E-05
0.101378 0.0223273 0.0544695 0.794839 0.0268865 9.9991E-05
0.129586 9.9973E-05 0.0570951 0.813019 9.9973E-05 9.9973E-05
0.0582909 9.9982E-05 0.0337133 0.792093 0.115703 9.9982E-05
0.0743513 9.9991E-05 0.0778239 0.74296 0.0806112 0.024154
0.87974 0.0546264 9.9982E-05 9.9982E-05 0.00360383 0.0618297
0.824519 0.0165296 9.9991E-05 0.0268338 0.120252 0.011766
0.79222 0.00848788 0.0179828 9.9991E-05 0.149381 0.0318287
0.852628 0.0676689 9.9991E-05 0.0215844 0.00766922 0.0503498
0.801132 9.9982E-05 9.9982E-05 0.0217781 0.150413 0.0264771
0.41429 9.9973E-05 0.0594049 0.526005 9.9973E-05 9.9973E-05
0.444884 9.9973E-05 0.0434259 0.51139 9.9973E-05 9.9973E-05
0.438095 9.9982E-05 0.00661077 0.52848 0.0266143 9.9982E-05
0.85594 9.9973E-05 9.9973E-05 0.0334246 0.110336 9.9973E-05
0.398015 0.0466303 0.0207945 0.53436 9.9982E-05 9.9982E-05
0.289023 9.9982E-05 0.135529 9.9982E-05 0.286542 0.288706
0.161842 0.0403532 9.9991E-05 0.0466674 0.54264 0.208397
0.196715 9.9973E-05 9.9973E-05 9.9973E-05 0.551923 0.251062
0.302177 9.9982E-05 0.126335 9.9982E-05 0.318148 0.253141
0.156558 0.0072624 0.0864403 0.0386661 0.577645 0.133428
0.439317 9.9973E-05 0.258869 9.9973E-05 9.9973E-05 0.301513
9.9982E-05 0.0237369 0.0942544 0.40814 0.473669 9.9982E-05
9.9982E-05 0.0421993 0.262829 0.211197 0.483575 9.9982E-05
0.0186609 0.126781 0.0628609 0.504473 0.287124 9.9991E-05
9.9982E-05 0.0430142 0.222341 0.17167 0.562775 9.9982E-05
9.9973E-05 0.0488974 0.616613 0.33419 9.9973E-05 9.9973E-05
0.068028 0.0511533 0.113971 0.133869 0.577387 0.0555919
0.0342667 0.00140369 0.208866 0.146622 0.605956 0.00288645
0.0308923 0.0701208 0.086622 0.459576 0.352689 9.9991E-05
0.0795339 0.0969543 0.0460601 0.188679 0.547989 0.040784
9.9982E-05 0.125845 0.413344 0.306851 0.153761 9.9982E-05
0.0459199 0.0527804 0.140073 0.146922 0.614205 9.9991E-05
0.0189833 0.0830754 0.032902 0.312566 0.549754 0.00271942
0.091388 0.0827737 0.152715 0.112183 0.406078 0.154862
9.9991E-05 0.0894684 0.264486 0.256944 0.369962 0.0190401
9.9982E-05 0.0868914 0.239274 0.227923 0.445712 9.9982E-05
9.9991E-05 0.0352836 0.1166 0.23191 0.595559 0.0205475
9.9982E-05 0.073434 0.13078 0.231795 0.563791 9.9982E-05
0.0333064 0.0414816 0.0850608 0.107127 0.660572 0.0724526
0.0853768 0.122294 0.0218667 0.175614 0.53008 0.0647681
0.0677722 0.0637361 0.0591841 0.183901 0.59546 0.029947
0.843291 9.9973E-05 9.9973E-05 9.9973E-05 0.103757 0.052652
0.885451 9.9964E-05 9.9964E-05 9.9964E-05 0.114149 9.9964E-05
0.904022 9.9982E-05 0.0187548 0.0264113 0.0506119 9.9982E-05
0.908141 0.0124054 9.9982E-05 9.9982E-05 0.00414807 0.0751058
0.910387 9.9964E-05 9.9964E-05 9.9964E-05 0.0892136 9.9964E-05
0.0208491 0.128857 0.0785263 0.614366 0.0966275 0.0607739
0.0507977 0.113074 0.084005 0.171717 0.527215 0.0531909
0.149623 9.9991E-05 0.180823 0.0292036 0.397673 0.242577
0.0239502 0.0719701 0.0243781 0.19095 0.636611 0.0521409
0.0132721 0.07243 9.9991E-05 0.382232 0.478558 0.0534078
9.9982E-05 9.9982E-05 0.370077 0.299705 0.329171 0.00084709
0.0840753 0.105496 0.0562915 0.729621 0.0244159 9.9991E-05
0.0432342 0.0798114 0.0389395 0.336095 0.479808 0.0221116
0.0310185 0.0265065 0.0440107 0.599643 0.258134 0.0406868
0.00999926 0.109512 0.150133 0.208983 0.485369 0.0360042
0.0562892 0.0035524 0.0944082 0.643942 0.201708 9.9991E-05
0.0881117 9.9991E-05 0.00267282 0.263426 0.592105 0.0535837
0.0664419 0.146232 0.0571163 0.569328 0.139095 0.0217864
9.9991E-05 0.051916 0.299696 0.272377 0.277824 0.0980875
0.0832852 0.00576801 0.21734 0.107098 0.586408 9.9991E-05
9.9982E-05 0.0181099 0.542157 0.113398 0.326135 9.9982E-05
0.0702791 9.9982E-05 0.322932 0.0110443 0.595545 9.9982E-05
0.118024 0.0356851 0.215347 0.0827825 0.539889 0.00827194
9.9982E-05 0.0173846 0.594524 0.0789516 0.30894 9.9982E-05
0.124797 0.0595973 0.167492 0.100497 0.507143 0.0404741
0.0356295 0.0398721 0.325005 0.0476819 0.551711 9.9991E-05
9.9982E-05 0.0698195 0.71114 0.0526028 0.166237 9.9982E-05
9.9982E-05 0.0041925 0.686554 0.0457672 0.263286 9.9982E-05
0.019127 0.0479115 0.366918 0.0786579 0.487286 9.9991E-05
9.9982E-05 0.138153 0.663444 0.100597 0.0976059 9.9982E-05
9.9973E-05 9.9973E-05 0.403576 0.0926365 0.503488 9.9973E-05
9.9982E-05 0.0887593 9.9982E-05 0.71583 0.158877 0.0363335
9.9991E-05 0.0810154 0.27429 0.36921 0.186847 0.0885379
0.0100355 0.071371 9.9991E-05 0.438504 0.409117 0.0708731
0.0602592 0.118834 0.027041 0.1833 0.586644 0.0239224
9.9982E-05 0.163057 9.9982E-05 0.576257 0.259217 0.00126809
0.0513388 0.0460149 0.101721 0.20989 0.505641 0.0853938
0.0206423 0.0171248 0.0711024 0.252095 0.572108 0.0669272
0.0331495 0.0858766 0.0858433 0.244959 0.495084 0.0550878
9.9991E-05 0.056334 0.0390118 0.32405 0.509366 0.0711379
9.9982E-05 0.033411 9.9982E-05 0.435049 0.492831 0.0385093
9.9991E-05 0.124134 0.0134983 0.538295 0.288782 0.0351904
9.9991E-05 0.0871615 0.0022624 0.457786 0.435439 0.0172515
9.9991E-05 0.0171949 0.135953 0.208704 0.579828 0.0582198
0.0465425 0.0463106 0.0935589 0.142065 0.616794 0.054729
0.00919279 0.0851517 0.196838 0.255163 0.334224 0.119431
9.9991E-05 0.0581526 0.111642 0.233406 0.471457 0.125243
0.0222231 0.0787838 0.00538152 0.464658 0.371235 0.0577185
0.0232682 0.0227048 0.0361976 0.304526 0.506407 0.106896
0.0621098 0.0810253 9.9991E-05 0.303605 0.451666 0.101494
0.0990892 0.0256 0.095049 0.208178 0.520754 0.0513291
0.362866 0.00279345 0.0255679 0.0330202 0.46846 0.107292
0.172928 0.0314619 0.0935702 0.021551 0.543608 0.136881
0.201454 0.0711412 0.105899 0.0493459 0.455154 0.117006
0.125712 0.00648201 0.122756 0.0436086 0.571461 0.12998
0.171482 9.9991E-05 0.133954 0.0180588 0.471003 0.205402
9.9982E-05 0.00592216 0.271504 0.200599 0.521775 9.9982E-05
0.157762 0.00312079 0.126646 0.0516739 0.555273 0.105524
0.214458 0.0254988 0.431458 0.0908385 0.0519728 0.185774
0.0753729 9.9991E-05 0.146669 0.0764969 0.584016 0.117345
0.154463 9.9991E-05 0.13215 0.00750266 0.559943 0.145841
0.113213 0.0346298 0.110239 0.058382 0.542975 0.140561
0.20825 0.0439957 0.282691 0.0172408 0.330584 0.117239
0.178185 9.9991E-05 0.0503412 0.0611772 0.555349 0.154848
0.152739 9.9991E-05 0.162586 0.00510101 0.531297 0.148177
0.496816 9.9973E-05 0.401296 9.9973E-05 9.9973E-05 0.101588
0.197508 0.0651316 0.0304082 0.0369207 0.51735 0.152682
0.173375 0.0194195 0.0827231 9.9991E-05 0.553664 0.170719
0.104198 0.0359148 0.122287 0.0307108 0.609337 0.0975519
0.164717 9.9982E-05 0.107824 9.9982E-05 0.507027 0.220232
0.230232 0.0313757 0.0915347 0.0363561 0.493291 0.117211
0.0330475 0.107378 0.316711 0.0476077 0.495156 9.9991E-05
0.0792945 0.117373 0.148992 0.0626829 0.543208 0.0484503
9.9982E-05 0.141025 0.730656 0.100929 0.0271898 9.9982E-05
9.9982E-05 0.0840563 0.753794 0.080685 0.0812648 9.9982E-05
0.0548136 0.0577233 0.256921 0.0446852 0.562295 0.0235624
0.151894 9.9991E-05 0.18031 0.0043163 0.359857 0.303523
0.140896 9.9982E-05 0.221116 9.9982E-05 0.340163 0.297625
0.163218 9.9982E-05 0.288265 9.9982E-05 0.240658 0.30766
0.139195 9.9982E-05 0.241314 9.9982E-05 0.395527 0.223765
0.0748187 9.9982E-05 0.688672 9.9982E-05 0.189615 0.0466945
0.0649228 0.0467558 0.592809 0.00932854 0.21441 0.0717738
9.9982E-05 0.0350247 0.285488 9.9982E-05 0.630773 0.0485141
0.0490104 9.9982E-05 0.381659 9.9982E-05 0.47059 0.0985403
0.0335469 0.0453569 0.532118 0.0253584 0.305915 0.0577048
0.0436891 9.9991E-05 0.256563 0.049645 0.561275 0.0887284
0.0108454 9.9991E-05 0.235534 0.0551126 0.617779 0.0806285
0.0752763 0.0400732 0.238754 0.0370726 0.557877 0.0509474
9.9982E-05 0.0556653 0.493536 0.012994 0.437605 9.9982E-05
9.9982E-05 0.0719576 0.405732 0.0478762 0.474234 9.9982E-05
0.0349305 0.0421877 0.286062 0.0503655 0.586354 9.9991E-05
0.00615526 0.0227072 0.317547 0.111459 0.542032 9.9991E-05
0.0908112 0.098128 0.152786 0.0906211 0.533961 0.0336935
9.9973E-05 0.0632008 0.409881 9.9973E-05 0.526618 9.9973E-05
9.9982E-05 0.0491905 0.611274 0.0555117 0.283824 9.9982E-05
0.00101928 9.9973E-05 0.30323 9.9973E-05 0.695451 9.9973E-05
9.9982E-05 0.0914387 0.574615 0.0773976 0.256349 9.9982E-05
9.9982E-05 0.101207 0.396587 0.00396247 0.498043 9.9982E-05
0.0718804 0.05324 0.213494 0.093338 0.545121 0.0229269
0.0381136 0.131386 0.165223 0.0967874 0.530344 0.0381458
0.150907 0.00465778 0.165995 0.0154752 0.526872 0.136093
0.136306 0.0290826 0.16322 0.100304 0.420522 0.150566
0.192957 9.9982E-05 0.183664 9.9982E-05 0.359121 0.264058
0.173004 0.00605497 0.234019 0.00635958 0.315027 0.265535
0.171971 0.031336 0.117777 0.0519986 0.485915 0.141003
0.143438 0.0271036 0.208641 9.9991E-05 0.445282 0.175436
0.133906 0.00777224 0.670505 0.0110354 0.00607229 0.170709
0.0919665 9.9982E-05 0.165138 9.9982E-05 0.559939 0.182756
0.307233 9.9973E-05 0.570827 9.9973E-05 9.9973E-05 0.12164
0.0235703 9.9991E-05 0.256389 0.00214427 0.530665 0.187131
9.9973E-05 0.0672371 0.68922 9.9973E-05 0.243243 9.9973E-05
9.9982E-05 0.262916 0.691215 0.0168566 0.0288123 9.9982E-05
9.9982E-05 0.0334654 0.383991 0.0284717 0.553872 9.9982E-05
0.000699236 0.0476535 0.280722 0.00578226 0.663528 0.00161547
9.9982E-05 0.0115758 0.437096 0.0455936 0.505535 9.9982E-05
9.9973E-05 0.0736154 0.264537 9.9973E-05 0.661548 9.9973E-05
9.9973E-05 0.0812263 0.32951 9.9973E-05 0.588964 9.9973E-05
0.861239 0.0371358 0.00244173 0.0830997 0.00112258 0.0149616
0.776493 0.0375799 0.0324631 0.0620894 0.0349312 0.056443
0.950677 9.9991E-05 0.00132947 0.031093 0.00309516 0.0137049
0.95229 9.9973E-05 0.00852898 9.9973E-05 0.0388811 9.9973E-05
0.049101 0.316111 0.0622674 9.9991E-05 0.527984 0.0444369
0.0770527 0.332491 9.9982E-05 0.0480985 0.542158 9.9982E-05
0.0157652 0.441928 9.9982E-05 0.0338607 0.508246 9.9982E-05
0.0802194 0.21918 9.9991E-05 0.0886194 0.606266 0.00561532
0.123547 0.14198 0.114593 0.042639 0.544845 0.0323958
0.0709775 0.578912 9.9982E-05 0.0673104 0.2826 9.9982E-05
0.00990983 0.313728 9.9982E-05 9.9982E-05 0.674313 0.00184962
9.9982E-05 0.555524 0.169611 9.9982E-05 0.259864 0.0148011
0.320295 9.9991E-05 0.035445 0.0545868 0.442657 0.146916
9.9991E-05 0.398694 0.135485 0.0249587 0.412882 0.0278799
0.0147115 0.527766 9.9982E-05 0.108924 0.348398 9.9982E-05
0.00217076 0.388663 0.0714539 9.9991E-05 0.518067 0.0195452
9.9982E-05 0.476336 9.9982E-05 0.101632 0.395885 0.0259463
9.9973E-05 0.395008 0.026342 9.9973E-05 0.57835 9.9973E-05
0.0902884 0.351402 0.00159179 0.0254666 0.522407 0.00884471
9.9964E-05 0.841898 0.157702 9.9964E-05 9.9964E-05 9.9964E-05
9.9982E-05 0.525191 0.170027 9.9982E-05 0.288139 0.0164424
9.9982E-05 0.571598 0.0794793 9.9982E-05 0.347587 0.0011357
9.9964E-05 0.763971 0.235629 9.9964E-05 9.9964E-05 9.9964E-05
0.0813382 0.454307 9.9982E-05 0.0830302 0.381125 9.9982E-05
9.9973E-05 0.609883 0.33264 9.9973E-05 0.0571773 9.9973E-05
9.9964E-05 0.747142 0.252458 9.9964E-05 9.9964E-05 9.9964E-05
0.0394986 0.318426 0.0317232 9.9991E-05 0.536851 0.073401
0.0517137 0.652204 9.9982E-05 0.154721 0.141162 9.9982E-05
0.0459267 0.40395 0.0155847 0.0661337 0.464181 0.00422396
0.130285 0.189234 0.0140513 0.0227572 0.598194 0.0454788
0.0227099 0.37779 9.9982E-05 0.0872068 0.512093 9.9982E-05
9.9991E-05 0.0593727 0.242706 0.28002 0.381235 0.0365665
0.0776922 0.344497 9.9991E-05 0.0391705 0.526966 0.0115746
0.0493776 0.365452 9.9982E-05 0.0931369 0.491834 9.9982E-05
9.9982E-05 0.592373 0.109939 9.9982E-05 0.287768 0.00972005
0.137991 0.242805 0.00974773 0.0743838 0.519261 0.0158111
0.657343 9.9973E-05 0.0568076 0.28555 9.9973E-05 9.9973E-05
0.7704 0.0157269 0.0558485 0.157825 9.9982E-05 9.9982E-05
0.858478 9.9973E-05 0.0313673 0.109855 9.9973E-05 9.9973E-05
0.837902 9.9973E-05 0.0241504 0.137647 9.9973E-05 9.9973E-05
0.746155 0.0262697 9.9982E-05 0.213321 0.0140544 9.9982E-05
0.06828 0.674299 9.9982E-05 0.127829 0.129392 9.9982E-05
0.0331612 0.699532 9.9982E-05 0.132676 0.134431 9.9982E-05
9.9982E-05 0.731551 0.0837064 9.9982E-05 0.175692 0.00885087
0.110286 0.207009 0.0247279 0.0305463 0.572324 0.0551072
0.106645 0.206953 0.0228466 0.0475269 0.579261 0.0367672
9.9982E-05 0.61654 0.116985 9.9982E-05 0.220868 0.0454076
0.0227313 0.272789 0.0320916 0.000999773 0.665139 0.00624942
0.0440639 0.457733 0.0879752 9.9991E-05 0.371593 0.0385346
0.0206418 0.327253 0.0457456 0.0745747 0.520422 0.0113623
0.0192443 0.253406 9.9991E-05 0.0629329 0.565533 0.0987837
9.9973E-05 0.677607 9.9973E-05 0.132993 0.1891 9.9973E-05
9.9973E-05 0.58398 9.9973E-05 0.121232 0.294488 9.9973E-05
0.0269256 0.553742 9.9982E-05 0.11357 0.305563 9.9982E-05
0.117456 9.9982E-05 0.171736 0.0403169 0.670291 9.9982E-05
0.0392422 0.539055 9.9982E-05 0.046807 0.374696 9.9982E-05
0.0635 0.475451 9.9982E-05 0.0509148 0.409934 9.9982E-05
0.100569 0.0274049 0.0410674 0.0377658 0.446658 0.346535
0.151469 0.0319873 0.0819157 9.9991E-05 0.246732 0.487796
0.121109 9.9991E-05 0.0170985 0.00193403 0.432397 0.427362
0.14771 9.9982E-05 0.0790803 9.9982E-05 0.252929 0.520081
0.129795 0.0118894 0.0747274 0.0122332 0.48041 0.290944
0.0676033 0.197111 0.214421 9.9982E-05 0.520665 9.9982E-05
0.256032 9.9973E-05 0.0889543 9.9973E-05 9.9973E-05 0.654714
0.15311 0.0240534 0.00842624 0.0347926 0.301252 0.478365
0.180661 0.0454638 0.232665 9.9991E-05 0.33748 0.203631
0.158553 0.000809542 0.22132 0.0556092 0.563608 9.9991E-05
0.153003 9.9982E-05 0.261531 0.0570609 0.528205 9.9982E-05
0.149485 0.0778868 0.137678 0.0500063 0.584844 9.9991E-05
0.130774 0.0425048 0.106103 0.0959495 0.582821 0.0418482
0.169329 9.9982E-05 0.0120713 9.9982E-05 0.360233 0.458168
0.132032 0.0122926 0.0610607 0.0104908 0.426102 0.358022
0.0955788 9.9973E-05 9.9973E-05 9.9973E-05 0.429073 0.475049
0.122168 0.00185982 0.0691036 0.0431133 0.442104 0.321651
0.157676 0.035699 0.0994684 9.9991E-05 0.214958 0.492099
0.143714 0.0917613 9.9991E-05 0.0117665 0.408706 0.343952
0.141297 0.0354395 0.0528522 9.9991E-05 0.228615 0.541696
0.130811 0.0350689 0.0918199 0.0333665 0.366428 0.342506
0.142843 0.0371924 0.28712 9.9982E-05 0.532645 9.9982E-05
0.168748 0.0270936 0.0732285 0.00459527 0.345889 0.380446
0.195394 9.9991E-05 0.0566806 0.000133605 0.121995 0.625697
0.13131 0.0437766 0.0165133 0.0217854 0.429252 0.357362
0.192593 0.0595144 0.304748 0.115442 0.327601 9.9991E-05
0.0682119 9.9982E-05 0.291768 9.9982E-05 0.620569 0.0192513
0.157854 9.9991E-05 0.0553743 0.0341369 0.368502 0.384032
0.141647 0.0123903 0.203469 0.0853848 0.557009 9.9991E-05
0.176294 0.00837151 0.21869 0.053809 0.542735 9.9991E-05
0.198546 0.046389 0.170489 9.9991E-05 0.387067 0.19741
0.209437 9.9991E-05 0.150242 0.00930548 0.373645 0.257271
0.148225 0.053048 0.0989362 0.0581775 0.603089 0.0385244
0.139924 0.0210243 0.0727458 0.0250237 0.409296 0.331987
0.112737 9.9991E-05 0.0246866 0.0161308 0.406946 0.4394
0.160124 9.9982E-05 0.0895628 9.9982E-05 0.1035 0.646613
0.140598 0.0509881 0.126713 0.0402819 0.593698 0.0477217
0.183739 0.0515399 0.263253 0.0373149 0.464053 9.9991E-05
0.123514 9.9973E-05 0.690472 9.9973E-05 0.185714 9.9973E-05
0.185857 0.0361109 0.187276 9.9991E-05 0.573256 0.0174008
0.0967867 0.00371556 0.294051 0.179513 0.399722 0.0262124
0.183371 0.0270687 0.153831 9.9991E-05 0.475062 0.160568
0.168076 0.0110233 0.182695 0.0380141 0.452136 0.148055
0.358076 9.9973E-05 0.521449 9.9973E-05 9.9973E-05 0.120174
0.332484 9.9973E-05 0.608849 9.9973E-05 9.9973E-05 0.0583671
0.159813 0.00578004 0.429995 9.9991E-05 0.317026 0.0872866
0.325972 9.9982E-05 0.465496 9.9982E-05 0.052554 0.155778
0.469779 9.9973E-05 0.34035 9.9973E-05 9.9973E-05 0.189572
0.197073 9.9982E-05 0.294859 9.9982E-05 0.423787 0.084082
0.214996 9.9991E-05 0.238334 0.0113719 0.363036 0.172161
0.295754 9.9982E-05 0.376386 9.9982E-05 0.151122 0.176538
0.258168 9.9982E-05 0.535979 9.9982E-05 0.0601716 0.145481
0.201102 0.0279084 0.173095 0.00894011 0.498423 0.0905321
0.265454 9.9982E-05 0.450839 9.9982E-05 0.162173 0.121335
0.357868 9.9973E-05 0.577487 9.9973E-05 9.9973E-05 0.0643453
0.101309 0.0840864 0.0866348 0.0825326 0.498367 0.147071
0.202522 9.9982E-05 0.307862 9.9982E-05 0.307058 0.182358
0.335478 0.0545313 0.0443849 9.9991E-05 0.402728 0.162778
0.189004 0.00247658 9.9991E-05 0.00524837 0.580162 0.223009
0.144723 0.0111735 0.119028 0.0125167 0.513232 0.199326
0.131816 0.0119891 0.11872 9.9991E-05 0.498762 0.238613
0.384738 0.0126945 0.0258063 0.046468 0.342945 0.187349
0.160443 0.0158669 0.0570372 0.0600697 0.49218 0.214404
0.255723 0.0339643 0.05681 9.9991E-05 0.447267 0.206136
0.243066 0.0143673 0.220849 0.00721055 0.248667 0.26584
0.201018 0.228632 0.00589175 0.148459 0.274589 0.14141
0.19275 0.097995 0.0772728 0.035185 0.490212 0.106585
0.192591 0.0589677 0.0661076 9.9991E-05 0.571996 0.110238
0.124526 0.0887518 0.0573252 0.0287516 0.601142 0.0995033
0.292292 9.9991E-05 0.0765089 0.00531567 0.433295 0.192489
0.242384 0.0290708 0.0534406 9.9991E-05 0.513475 0.161529
0.373759 9.9982E-05 0.267591 9.9982E-05 0.0488547 0.309596
0.207291 9.9991E-05 0.0683321 0.0282508 0.548872 0.147154
0.279023 9.9982E-05 0.226677 9.9982E-05 0.165555 0.328545
0.790794 0.0121455 9.9982E-05 0.18151 9.9982E-05 0.0153504
0.036743 9.9973E-05 9.9973E-05 0.812429 0.150528 9.9973E-05
9.996E-05 9.996E-05 9.996E-05 0.9995 9.996E-05 9.996E-05
9.996E-05 9.996E-05 9.996E-05 0.9995 9.996E-05 9.996E-05
9.9964E-05 9.9964E-05 9.9964E-05 0.988201 0.0113988 9.9964E-05
9.9964E-05 9.9964E-05 9.9964E-05 0.994466 0.0051344 9.9964E-05
9.9964E-05 9.9964E-05 9.9964E-05 0.966735 0.0328655 9.9964E-05
9.996E-05 9.996E-05 9.996E-05 0.9995 9.996E-05 9.996E-05
0.160553 9.9964E-05 9.9964E-05 0.839048 9.9964E-05 9.9964E-05
0.914807 0.0292041 9.9982E-05 0.0477424 0.00804673 9.9982E-05
0.804889 9.9973E-05 9.9973E-05 0.13978 0.0550308 9.9973E-05
0.901113 0.0351182 0.00525635 0.0190404 0.0363305 0.00314181
0.876646 9.9982E-05 0.0220594 0.0871254 0.0139688 9.9982E-05
0.875916 0.0171477 9.9991E-05 0.0769916 0.00823108 0.0216132
0.901335 9.9982E-05 9.9982E-05 0.0323392 0.0492916 0.0168343
0.739417 9.9991E-05 0.0207473 0.0275128 0.141983 0.0702406
0.905423 9.9964E-05 9.9964E-05 9.9964E-05 0.0941769 9.9964E-05
0.720641 9.9991E-05 0.0125495 0.0763709 0.131714 0.0586246
0.911207 9.9973E-05 9.9973E-05 9.9973E-05 0.0313882 0.0571044
0.983028 9.9964E-05 0.0165725 9.9964E-05 9.9964E-05 9.9964E-05
0.89802 0.022607 9.9991E-05 0.013491 0.0445509 0.0212314
0.99433 9.9964E-05 9.9964E-05 0.00526978 9.9964E-05 9.9964E-05
0.946232 0.00224569 0.0115077 9.9982E-05 0.0398146 9.9982E-05
0.889853 9.9973E-05 9.9973E-05 9.9973E-05 0.0744676 0.0353792
0.937044 9.9973E-05 9.9973E-05 9.9973E-05 0.0612772 0.00137896
0.867708 9.9973E-05 9.9973E-05 9.9973E-05 0.079046 0.0529458
0.862378 9.9973E-05 9.9973E-05 9.9973E-05 0.132325 0.00499633
0.813922 9.9973E-05 9.9973E-05 9.9973E-05 0.0898677 0.0959109
0.137559 0.103726 0.282282 0.0818624 0.39447 9.9991E-05
0.0988412 9.9982E-05 0.163993 0.0367318 0.700234 9.9982E-05
0.135097 0.0903834 0.0648932 0.0544054 0.600806 0.0544151
0.0916779 0.0715335 0.724761 9.9982E-05 0.111827 9.9982E-05
0.127838 0.0134075 0.238579 0.115516 0.504559 9.99973E-05
0.117701 9.9973E-05 0.757244 9.9973E-05 0.124754 9.9973E-05
0.0735098 9.9982E-05 0.220608 9.9982E-05 0.630194 0.0754884
0.158136 0.102612 0.218473 0.07908 0.441599 9.9991E-05
0.174801 9.9982E-05 0.213191 0.0796082 0.5322 9.9982E-05
0.0525423 0.390579 9.9991E-05 0.0673636 0.480819 0.0085961
0.13503 0.094181 0.207851 0.0891509 0.473687 9.9991E-05
0.0773571 9.9973E-05 0.201813 9.9973E-05 0.72053 9.9973E-05
0.121807 0.010278 0.264076 0.0580459 0.545693 9.9991E-05
9.9982E-05 0.153107 0.314685 0.443368 9.9982E-05 0.0886402
0.10159 0.0113686 0.829527 0.0308457 0.0265683 9.9991E-05
0.106037 0.00399629 0.717131 9.9982E-05 0.172636 9.9982E-05
0.175373 0.0244179 0.150385 9.9982E-05 0.649624 9.9982E-05
0.0935861 0.0374518 0.360966 9.9991E-05 0.507286 0.000610314
0.0778386 0.0611611 0.250197 9.9982E-05 0.610604 9.9982E-05
0.0986467 0.0584966 0.0996753 0.0163937 0.665718 0.0610699
0.222959 9.9991E-05 0.0731768 0.0714227 0.476108 0.156234
0.238589 9.9991E-05 0.0500433 0.0136384 0.553356 0.144274
0.36439 0.0443758 0.0793658 0.203118 0.161362 0.147388
0.134516 0.0332501 0.0608716 0.150613 0.557824 0.0629248
0.252566 9.9991E-05 0.0579832 0.14029 0.476078 0.072983
0.420338 9.9973E-05 0.401015 9.9973E-05 9.9973E-05 0.178348
0.258795 9.9982E-05 0.227863 9.9982E-05 0.28461 0.228532
0.35438 0.0111106 0.0802559 0.0706093 0.319431 0.164213
0.32988 9.9991E-05 0.0448427 0.124954 0.43045 0.0697732
0.18276 9.9991E-05 0.0912527 0.0561043 0.560629 0.109154
0.192999 0.0550624 0.0695464 0.0743621 0.483307 0.124724
0.191805 9.9991E-05 0.0597857 0.0653833 0.588944 0.0939817
0.180204 0.0561083 0.188666 9.9991E-05 0.418242 0.15668
0.503004 0.0408421 0.0563714 0.0255991 0.257099 0.117085
