9.9973E-05 0.0784439 9.9973E-05 0.040104 9.9973E-05 0.881152
9.9973E-05 9.9973E-05 0.00309035 9.9973E-05 0.0197672 0.976843
0.00807291 9.9991E-05 0.0266359 0.00915256 0.0660138 0.890025
9.9973E-05 9.9973E-05 9.9973E-05 0.0336525 0.12818 0.837868
9.9964E-05 9.9964E-05 9.9964E-05 9.9964E-05 0.0763376 0.923263
0.0955233 0.0249615 0.0484221 0.0717381 0.082717 0.676638
0.101208 0.00478698 0.0431867 0.0257111 9.9991E-05 0.825007
0.145993 0.00202716 9.9991E-05 0.0890362 0.0235548 0.739288
0.0255516 9.99729E-05 9.99729E-05 0.149022 9.99729E-05 0.825126
0.0979695 9.9982E-05 9.9982E-05 0.0545514 0.0586166 0.788663
0.109117 9.9982E-05 9.9982E-05 0.0326157 0.105381 0.752686
0.0657154 0.0283303 0.160599 0.469313 0.246552 0.0294904
0.0714443 0.049178 0.0592146 0.201921 0.548676 0.0695657
0.0880678 0.0737812 0.105618 0.462075 0.264142 0.00631676
0.0593692 0.104794 0.0696214 0.43014 0.301601 0.0344754
0.046904 0.0970443 0.0375206 0.273724 0.45 0.0948077
0.0836689 0.0428656 0.0636211 0.178842 0.59716 0.0338416
0.0617059 0.0299085 0.111605 0.257914 0.502826 0.0360417
0.115695 0.0765998 0.0180101 0.397639 0.285951 0.106105
0.111541 9.9991E-05 0.139372 0.659261 0.0554144 0.0343119
0.0676831 0.0265397 0.123778 0.295149 0.447804 0.0390453
0.25854 0.0168973 0.0917734 0.13791 0.441107 0.0537726
0.0360488 0.0284539 0.114373 0.196943 0.561155 0.0630268
0.0728574 0.0530752 0.154455 0.395802 0.244615 0.0791943
0.0747474 0.0457541 0.0203078 0.0887343 0.688401 0.0820551
9.999E-05 0.0386648 0.115119 0.268869 0.516642 0.0606056
0.104817 0.0166822 0.0806332 0.481853 0.258006 0.0580085
0.0234079 0.0568775 0.109429 0.427696 0.303888 0.0787009
0.134563 9.9991E-05 0.140768 0.448061 0.259114 0.0173936
9.9964E-05 9.9964E-05 9.9964E-05 9.9964E-05 0.104991 0.894609
9.9964E-05 9.9964E-05 9.9964E-05 9.9964E-05 0.119864 0.879736
9.9973E-05 0.0660796 9.9973E-05 9.9973E-05 0.108788 0.824832
9.9973E-05 0.0516396 9.9973E-05 9.9973E-05 0.17689 0.77117
0.0894046 9.9991E-05 0.212122 0.072441 0.530629 0.0953033
0.0259617 0.0609583 0.314917 0.0411563 0.474843 0.0821641
0.00121182 0.0523679 0.420942 9.9991E-05 0.490662 0.0347165
0.00447423 9.9991E-05 0.0918885 0.657144 0.20843 0.0379627
0.163364 0.0168872 0.58697 9.9982E-05 0.232578 9.9982E-05
9.9991E-05 0.0288606 0.231601 0.120587 0.541151 0.0777012
0.0665766 0.0412071 0.214148 9.9991E-05 0.612773 0.0651956
0.168658 9.9991E-05 0.048554 0.114682 0.543464 0.124541
0.110856 0.0145046 0.0823844 0.0863512 0.613133 0.0927711
9.9982E-05 9.9982E-05 0.669331 0.186372 0.111716 0.0323803
0.218361 0.00320369 9.9991E-05 0.00926684 0.680343 0.0887248
0.00422821 0.0479538 0.255427 0.044162 0.58695 0.0612798
0.102977 0.0314675 0.0900107 0.046493 0.589271 0.139781
0.0871199 9.9973E-05 0.578725 9.9973E-05 0.333855 9.9973E-05
9.9982E-05 9.9982E-05 0.267535 0.0321692 0.61068 0.089416
0.0550107 0.0636124 0.15462 0.0787777 0.518337 0.129642
0.42501 9.9964E-05 0.57459 9.9964E-05 9.9964E-05 9.9964E-05
0.102216 9.9982E-05 0.118781 0.605007 0.173795 9.9982E-05
0.364254 0.0615991 0.173428 0.241985 0.149862 0.00887248
0.0599908 0.0853477 0.0757754 0.191412 0.544767 0.0427076
0.148537 0.0543604 0.0313664 0.0610018 0.63318 0.0715547
0.161107 0.0543478 9.9991E-05 0.0746555 0.647048 0.0627415
0.0516055 0.032729 0.124935 0.507627 0.178627 0.104477
0.0423516 0.0293791 0.0394253 0.323432 0.554568 0.0108434
0.094025 0.0521565 0.0841968 0.117171 0.565704 0.0867466
0.124109 0.0170967 0.0790799 0.263805 0.420924 0.0949849
0.12098 0.033784 0.139274 0.430907 0.125608 0.149446
0.0952469 0.04369 0.100876 0.13792 0.562918 0.0593494
0.0597441 0.0326204 0.121048 0.21984 0.478945 0.0878029
0.150871 9.9991E-05 0.110437 0.547694 0.123147 0.0677507
0.0695887 0.00354942 0.110723 0.357967 0.452623 0.0055486
0.11343 0.0486747 0.0918497 0.0756422 0.618673 0.0517308
0.0610066 9.9991E-05 0.0176126 0.17604 0.65816 0.087081
0.109982 0.0589317 0.148783 0.356466 0.272601 0.053236
0.0681165 0.0422525 0.0890748 0.245362 0.507969 0.0472256
0.0712842 0.0684732 0.0740251 0.168222 0.550507 0.0674884
0.113592 9.9991E-05 0.131585 0.453187 0.260323 0.0412133
9.9982E-05 9.9982E-05 0.504989 0.0234922 0.437369 0.0339502
9.9982E-05 9.9982E-05 0.76424 0.0593657 0.153969 0.0222255
9.9991E-05 0.0281427 0.330991 0.0376276 0.514852 0.0882859
0.166967 9.9964E-05 0.832633 9.9964E-05 9.9964E-05 9.9964E-05
0.213083 9.9964E-05 0.786517 9.9964E-05 9.9964E-05 9.9964E-05
0.12716 9.9973E-05 0.678753 9.9973E-05 0.193787 9.9973E-05
9.9982E-05 9.9982E-05 0.44381 0.0640295 0.446662 0.0452981
0.0854272 0.02197 0.141785 0.0680195 0.547097 0.135702
0.0664103 9.9982E-05 0.451908 9.9982E-05 0.476265 0.00521663
9.9982E-05 9.9982E-05 0.633192 0.206845 0.123869 0.0358939
9.9982E-05 9.9982E-05 0.590958 0.172409 0.225026 0.0114073
0.0561185 0.0341519 0.237552 0.043381 0.547747 0.0810493
9.9991E-05 0.00937599 0.616934 0.0569702 0.28321 0.0334097
9.9982E-05 9.9982E-05 0.4553 0.0858141 0.431623 0.0270627
0.0764475 9.9982E-05 0.452242 9.9982E-05 0.470197 0.000913036
0.359084 9.9964E-05 0.640516 9.9964E-05 9.9964E-05 9.9964E-05
0.0191686 0.0565672 0.310418 9.9991E-05 0.560685 0.0530614
9.9982E-05 9.9982E-05 0.00753428 0.0809951 0.0737096 0.837561
9.9964E-05 9.9964E-05 9.9964E-05 9.9964E-05 0.0710299 0.92857
9.9973E-05 0.0356716 9.9973E-05 9.9973E-05 0.10603 0.857999
9.9973E-05 0.0458177 9.9973E-05 9.9973E-05 0.0197184 0.934164
9.9973E-05 0.042447 0.0100761 9.9973E-05 9.9973E-05 0.947177
0.0125631 0.0450577 9.9982E-05 9.9982E-05 0.0796323 0.862547
9.9973E-05 0.000548922 9.9973E-05 9.9973E-05 0.0621747 0.936976
0.0574546 0.0529663 0.20497 0.06218 0.536647 0.0857825
0.0493221 0.0453736 0.1775 0.0342144 0.578701 0.114889
0.0111393 9.9982E-05 0.739928 0.21171 9.9982E-05 0.0370224
0.0310787 0.0541976 0.163487 0.0990426 0.587645 0.0645495
9.9982E-05 9.9982E-05 0.509377 0.102669 0.340035 0.0477189
9.9982E-05 9.9982E-05 0.348601 0.000851732 0.574487 0.0758603
0.145413 9.9991E-05 0.238422 0.00712065 0.547327 0.0616171
0.0715698 0.0532845 0.375619 0.0120801 0.469848 0.017598
9.9973E-05 9.9973E-05 0.703711 0.251112 9.9973E-05 0.0448775
0.0968771 0.00661419 0.193718 0.0714791 0.526437 0.104875
0.0166356 0.0607325 0.177624 0.0345077 0.616379 0.0941209
0.0211889 0.00475087 0.163341 0.0833507 0.603887 0.123481
0.214016 0.0421432 0.454944 0.0300193 0.258777 9.9991E-05
0.0762726 0.00768675 0.413375 9.9991E-05 0.497731 0.0048352
9.9982E-05 9.9982E-05 0.399402 0.126793 0.456777 0.0168285
0.063377 0.00754823 0.549485 9.9982E-05 0.37939 9.9982E-05
9.9982E-05 9.9982E-05 0.411671 0.13946 0.433892 0.0147768
0.0421185 0.0653339 0.211685 0.116181 0.477267 0.0874158
0.232616 0.0565809 0.0240309 0.361172 0.3255 9.9991E-05
0.0899594 9.9991E-05 0.0482936 0.333698 0.457545 0.0704042
0.0775652 0.00543477 9.9991E-05 0.156503 0.620385 0.140012
0.12309 0.0246999 0.0469241 0.108654 0.59029 0.106342
0.00522147 0.0161782 0.0572419 0.400056 0.489393 0.031909
0.0690713 0.0380729 9.9991E-05 0.245512 0.601143 0.0461007
9.9973E-05 9.9973E-05 9.9973E-05 0.445009 0.515371 0.0393201
0.170223 0.0508751 0.0277242 0.133064 0.526761 0.0913532
0.049686 0.071981 9.9991E-05 0.198949 0.591546 0.0877381
0.0653655 9.9991E-05 0.0257449 0.278065 0.587239 0.0434849
0.0321043 9.9991E-05 0.0371218 0.312585 0.604517 0.0135717
0.0949155 0.0724285 9.9991E-05 0.160353 0.622334 0.0498694
0.090666 0.0697173 0.0468416 0.10616 0.594666 0.0919495
0.101977 0.0920121 0.0216699 0.194622 0.589619 9.9991E-05
0.0974298 0.0425255 0.0218667 0.152702 0.573618 0.111858
0.104297 0.0389795 0.00884002 0.177677 0.657526 0.0126812
0.30888 0.0588864 9.9991E-05 0.232165 0.349765 0.0502033
0.110632 0.0320537 0.0269008 0.125001 0.640616 0.0647962
0.131921 0.0225691 9.9991E-05 0.156382 0.651647 0.03738
0.0564334 0.0167047 0.117567 0.5571 0.233008 0.0191869
0.402793 0.0408502 0.0511342 0.330055 0.175068 9.9991E-05
0.0927372 9.9991E-05 0.0602597 0.171663 0.592611 0.0826292
0.450454 9.9982E-05 0.0750047 0.351298 0.123043 9.9982E-05
0.0229476 9.9982E-05 0.0649463 0.545925 0.365981 9.9982E-05
0.0284383 9.9982E-05 0.0657814 0.445817 0.459763 9.9982E-05
0.0181003 9.9991E-05 0.137477 0.451285 0.376703 0.0163337
0.0480413 9.9982E-05 0.0612502 0.512247 0.378262 9.9982E-05
0.0754543 0.00930353 0.0353238 0.186811 0.616235 0.0768731
0.0766401 0.0341648 0.0827505 0.128961 0.556026 0.121457
0.0723213 9.9991E-05 0.0554028 0.192633 0.60581 0.0737328
0.342702 0.0149274 0.0647345 0.379855 0.197681 9.9991E-05
0.10578 0.0434391 0.0626358 0.0907793 0.535539 0.161827
0.300442 0.0663341 0.0517242 0.0316097 0.476122 0.0737681
0.720959 9.9982E-05 0.101393 0.0619487 9.9982E-05 0.115499
0.172199 0.0575463 0.0576419 0.00626503 0.644937 0.0614103
0.419609 0.0140334 0.0633577 0.0619119 0.345502 0.0955855
0.268676 0.0653923 0.03841 9.9991E-05 0.490826 0.136595
0.498137 9.9991E-05 0.0284556 0.096482 0.279422 0.0974032
0.594957 9.9991E-05 0.0964937 0.118266 0.113589 0.0765946
0.373449 0.00986525 0.0558952 0.0665542 0.429642 0.0645944
0.170363 0.0474914 0.064754 0.0663772 0.541502 0.109512
0.190734 0.0382216 0.0230768 0.130539 0.473094 0.144335
0.524785 0.0924133 0.163955 0.100405 0.101108 0.0173338
0.178239 0.0482242 0.0350504 0.116676 0.57488 0.0469299
0.497701 9.9982E-05 0.0637691 0.089867 0.348463 9.9982E-05
0.343116 9.9982E-05 0.112421 0.0768358 0.467428 9.9982E-05
0.166595 0.0460953 0.0440181 0.0672469 0.581275 0.0947692
0.246009 0.269599 9.9982E-05 9.9982E-05 0.112483 0.37171
0.405746 0.122735 9.9973E-05 9.9973E-05 9.9973E-05 0.471219
0.403852 0.122513 9.9973E-05 9.9973E-05 9.9973E-05 0.473335
0.276455 0.269303 0.0153315 9.9991E-05 0.0752801 0.363531
0.299925 9.9982E-05 0.0664997 0.0160629 0.617313 9.9982E-05
0.187543 0.0166169 0.010314 0.0494772 0.647871 0.0881786
9.9973E-05 0.696674 0.00561638 9.9973E-05 0.29741 9.9973E-05
9.9991E-05 0.485558 0.0473048 0.0624747 0.38502 0.0195424
0.0295988 0.415109 0.0519295 0.0862179 0.358707 0.0584377
0.580758 9.9982E-05 0.0225256 0.0830137 0.313503 9.9982E-05
0.192177 0.0527576 0.0725196 0.137091 0.476602 0.0688531
0.604011 9.9982E-05 0.00290113 0.0940867 0.298801 9.9982E-05
0.281819 9.9991E-05 0.020404 0.0130076 0.608422 0.0762477
0.393404 0.00561423 0.0208589 0.0421123 0.500368 0.0376433
0.346346 9.9982E-05 0.0295494 9.9982E-05 0.611187 0.0127175
0.676448 9.9982E-05 0.0365024 0.0385357 0.248314 9.9982E-05
0.182615 0.0300292 0.031244 9.9991E-05 0.666517 0.0894956
0.24115 0.00737176 0.0204337 0.0363392 0.612605 0.0821005
9.9964E-05 0.995081 0.00451888 9.9964E-05 9.9964E-05 9.9964E-05
9.9982E-05 0.893603 0.00580898 0.0213253 0.0790628 9.9982E-05
9.9991E-05 0.536148 0.00634271 0.0893133 0.27038 0.0977162
9.9982E-05 0.598559 9.9982E-05 0.0251236 0.373788 0.00232906
9.9973E-05 0.815721 9.9973E-05 0.0249456 0.159034 9.9973E-05
9.996E-05 0.9995 9.996E-05 9.996E-05 9.996E-05 9.996E-05
9.9964E-05 0.96767 9.9964E-05 0.0319299 9.9964E-05 9.9964E-05
9.9973E-05 0.860928 0.0170602 9.9973E-05 0.121712 9.9973E-05
9.9973E-05 0.938984 0.00264675 0.0580697 9.9973E-05 9.9973E-05
9.996E-05 0.9995 9.996E-05 9.996E-05 9.996E-05 9.996E-05
9.996E-05 0.9995 9.996E-05 9.996E-05 9.996E-05 9.996E-05
9.9982E-05 0.792545 0.000898017 0.0219572 0.1844 9.9982E-05
9.9991E-05 0.803739 0.0265434 0.0420063 0.0954327 0.032178
9.996E-05 0.9995 9.996E-05 9.996E-05 9.996E-05 9.996E-05
0.0312884 0.390434 0.0625494 0.0672137 0.359418 0.0890963
9.9991E-05 0.650381 0.042052 0.0369817 0.245367 0.0251178
9.9982E-05 0.797868 0.0124714 9.9982E-05 0.169239 0.0202215
9.9973E-05 0.889596 9.9973E-05 0.00397642 0.106128 9.9973E-05
9.996E-05 0.9995 9.996E-05 9.996E-05 9.996E-05 9.996E-05
9.9982E-05 0.967656 9.9982E-05 0.00497822 0.0218469 0.0053187
9.996E-05 0.9995 9.996E-05 9.996E-05 9.996E-05 9.996E-05
9.9991E-05 0.661937 0.0262968 0.0517413 0.212406 0.0475184
9.9964E-05 0.967443 0.0321576 9.9964E-05 9.9964E-05 9.9964E-05
0.658064 0.0383483 9.9973E-05 9.9973E-05 9.9973E-05 0.303288
0.294952 0.0625302 9.9991E-05 0.034489 0.390289 0.21764
0.297269 0.0389805 9.9982E-05 9.9982E-05 0.483813 0.179737
0.471794 0.100379 9.9982E-05 9.9982E-05 0.219814 0.207812
0.159767 0.10975 0.0487355 0.0687806 0.452572 0.160395
0.516514 0.100755 9.9982E-05 9.9982E-05 0.119256 0.263276
0.206329 0.113047 0.00410364 0.0587678 0.44132 0.176433
0.367415 0.107472 9.9982E-05 9.9982E-05 0.310564 0.214348
0.244469 0.123125 9.9982E-05 9.9982E-05 0.460654 0.171552
0.296647 0.113645 9.9982E-05 9.9982E-05 0.387331 0.202177
0.234438 0.113615 9.9991E-05 0.0685159 0.419361 0.16397
0.0319289 9.9991E-05 0.000975019 0.0248863 0.0512919 0.890818
0.0266763 0.0644243 0.00910048 9.9982E-05 9.9982E-05 0.899599
0.00639988 9.9982E-05 9.9982E-05 0.0186528 0.0315081 0.943239
0.00761569 9.9973E-05 0.0168936 9.9973E-05 9.9973E-05 0.975191
9.9973E-05 9.9973E-05 9.9973E-05 0.0271777 0.0621315 0.910391
9.9973E-05 0.00371064 9.9973E-05 9.9973E-05 0.00783961 0.98815
9.9982E-05 0.0121808 9.9982E-05 0.0137851 0.0447449 0.929089
9.9964E-05 9.9964E-05 9.9964E-05 0.0622576 9.9964E-05 0.937343
0.0162523 0.0141491 0.0470316 0.0022211 0.0053145 0.915031
0.0318661 0.0192586 9.9991E-05 0.0273797 0.0304578 0.890938
0.0859318 9.9982E-05 0.0400132 0.276584 9.9982E-05 0.597271
0.0503558 9.9982E-05 0.00793536 0.320495 9.9982E-05 0.621014
0.0900282 9.9982E-05 0.042379 0.328056 9.9982E-05 0.539337
0.10575 9.9982E-05 0.0256201 0.408116 9.9982E-05 0.460314
9.9991E-05 0.0206779 0.319408 0.126139 0.475455 0.0582208
0.0178536 0.0513014 0.353745 0.0735481 0.463917 0.0396357
9.9991E-05 0.00113956 0.268365 0.159784 0.547072 0.0235394
0.0318921 9.9991E-05 0.308865 0.270794 0.369794 0.0185546
0.065991 0.0112739 0.103819 0.621155 0.197661 9.9991E-05
0.0233904 9.9991E-05 0.159028 0.100471 0.682323 0.0346883
9.9973E-05 9.9973E-05 0.274768 0.115838 0.609093 9.9973E-05
0.11599 0.00143756 0.308749 0.0499759 0.523747 9.9991E-05
0.0845972 0.00495557 0.521929 9.9982E-05 0.388319 9.9982E-05
0.0791132 0.00793491 0.126103 0.0767439 0.63908 0.071025
9.9991E-05 0.0129995 0.507955 0.0752206 0.376906 0.0268179
0.236837 9.9964E-05 0.762763 9.9964E-05 9.9964E-05 9.9964E-05
0.0584533 9.9991E-05 0.150941 0.0978085 0.59986 0.0928373
0.246053 9.9973E-05 0.596541 9.9973E-05 0.157107 9.9973E-05
0.02313 9.9991E-05 0.372084 0.0634748 0.503407 0.0378041
9.9982E-05 9.9982E-05 0.687515 0.200378 0.111348 0.000557834
0.0508839 9.9973E-05 9.9973E-05 0.816205 9.9973E-05 0.132611
0.0989277 9.9982E-05 9.9982E-05 0.729731 0.0606774 0.110463
0.0564213 9.9991E-05 0.0225389 0.77856 0.039329 0.103051
0.0498617 9.9973E-05 9.9973E-05 0.842005 9.9973E-05 0.107833
0.0540288 0.0120167 9.9991E-05 0.796555 0.0965058 0.0407941
0.0420376 0.00985542 9.9991E-05 0.757064 0.117877 0.0730664
9.9982E-05 0.0329025 0.0424558 9.9982E-05 0.0318482 0.892593
9.9991E-05 0.0135784 0.0350126 0.0306759 0.0897385 0.830895
0.0114745 0.0269711 0.00360616 0.013589 0.15148 0.792879
9.9991E-05 0.0613974 0.0593275 0.0121918 0.0174645 0.849519
9.9982E-05 0.0279021 9.9982E-05 0.00799227 0.173551 0.790355
0.0884869 9.9973E-05 9.9973E-05 0.522377 9.9973E-05 0.388837
0.0503834 0.00128487 9.9982E-05 0.532178 9.9982E-05 0.415953
0.0583221 0.00616394 9.9991E-05 0.479427 0.0153306 0.440656
9.9982E-05 9.9982E-05 0.0159873 0.0106845 0.106369 0.86676
0.0298665 9.9982E-05 0.047584 0.506892 9.9982E-05 0.415458
0.139228 0.296546 9.9982E-05 9.9982E-05 0.292889 0.271137
0.0622714 0.228622 0.0252184 0.0177724 0.508882 0.157234
9.9973E-05 0.261521 9.9973E-05 9.9973E-05 0.529359 0.20882
0.156068 0.24684 9.9982E-05 9.9982E-05 0.330584 0.266309
0.0496772 0.107191 0.0319738 0.0822705 0.534833 0.194055
0.252831 0.29437 9.9973E-05 9.9973E-05 9.9973E-05 0.452498
0.0721818 9.9982E-05 0.0198009 0.439126 0.468692 9.9982E-05
0.247933 9.9982E-05 0.0684452 0.195984 0.487437 9.9982E-05
0.0730429 9.9982E-05 0.0892983 0.548625 0.288834 9.9982E-05
0.229531 9.9982E-05 0.0504813 0.164202 0.555586 9.9982E-05
0.590445 9.9973E-05 0.0584412 0.350814 9.9973E-05 9.9973E-05
0.0720995 0.0058329 0.0323285 0.181779 0.6264 0.0815603
0.231243 0.0102882 9.9991E-05 0.17479 0.576747 0.00683235
0.103422 9.9991E-05 0.0455843 0.442249 0.384474 0.0241711
0.0260766 0.0658094 0.116223 0.210297 0.497959 0.0836356
0.409003 9.9982E-05 0.103088 0.309686 0.178023 9.9982E-05
0.166732 9.9991E-05 0.0736636 0.134754 0.600173 0.0245769
0.0373945 0.0120561 0.0820415 0.326178 0.518071 0.0242594
0.165058 0.14291 0.0691646 0.0780223 0.4261 0.118746
0.244872 0.00813381 0.0863818 0.255968 0.404544 9.9991E-05
0.218324 0.0134091 0.093268 0.218209 0.456689 9.9991E-05
0.147689 0.0375768 0.0189697 0.18196 0.613704 9.9991E-05
0.173201 9.9982E-05 0.0759514 0.180444 0.570204 9.9982E-05
0.161472 0.0939737 0.0151473 0.0786654 0.636317 0.0144247
0.0535341 0.0449946 0.109288 0.152863 0.527017 0.112303
0.0434354 0.0323077 0.126774 0.158552 0.538322 0.10061
9.9973E-05 0.034606 9.9973E-05 9.9973E-05 0.116445 0.848649
9.9964E-05 9.9964E-05 9.9964E-05 9.9964E-05 0.120357 0.879243
0.0138789 9.9991E-05 0.0166777 0.0134126 0.0578851 0.898046
9.9973E-05 0.0697808 0.0215411 9.9973E-05 9.9973E-05 0.908378
9.9964E-05 9.9964E-05 9.9964E-05 9.9964E-05 0.0903769 0.909223
0.0820276 0.0544633 0.1147 0.60083 0.136827 0.0111513
0.178806 0.0456549 0.014204 0.205135 0.526484 0.0297162
0.154605 0.185971 9.9991E-05 0.00328124 0.438492 0.217551
0.0427913 0.0420782 0.0392525 0.190691 0.65975 0.0254367
0.0152014 9.9991E-05 0.0603712 0.365606 0.538922 0.0197989
0.326321 0.00894143 0.0404903 0.308766 0.315381 9.9991E-05
0.0763515 9.9991E-05 0.0898068 0.745353 0.0251474 0.0632408
0.00965737 0.00894524 0.0467241 0.338014 0.517901 0.0787576
0.0513227 0.055243 0.0391127 0.601366 0.249185 0.00376984
0.131712 0.0233719 0.0923673 0.196251 0.494137 0.0621616
0.13517 9.9991E-05 0.00436931 0.595518 0.19949 0.0653528
0.0301292 0.0668419 9.9991E-05 0.234464 0.586199 0.0822651
0.0743426 9.9991E-05 0.0961627 0.584346 0.179833 0.0652151
0.259393 0.0747256 0.048929 0.278566 0.321045 0.0173419
0.187808 9.9991E-05 0.0654115 0.0790176 0.564585 0.103079
0.503687 9.9982E-05 0.0319546 0.110378 0.353781 9.9982E-05
0.373689 0.0197607 9.9982E-05 9.9982E-05 0.541956 0.0643944
0.254416 0.00593338 9.9991E-05 0.0795972 0.550161 0.109793
0.605113 9.9982E-05 0.0624842 0.0428814 0.289322 9.9982E-05
0.144394 0.0843886 0.143698 0.0631392 0.488331 0.0760486
0.288543 9.9991E-05 0.0522896 0.0404387 0.554144 0.0644842
0.735335 9.9982E-05 0.0859524 0.0198549 0.158657 9.9982E-05
0.715376 9.9982E-05 0.0101449 0.0313193 0.242959 9.9982E-05
0.378102 9.9991E-05 0.0281005 0.07681 0.487336 0.0295508
0.67837 9.9982E-05 0.162564 0.0634703 0.0953964 9.9982E-05
0.367997 9.9982E-05 0.0430444 0.128429 0.46033 9.9982E-05
9.9991E-05 0.0327584 0.102521 0.687445 0.170216 0.00695971
0.264248 0.0546409 0.0546111 0.366271 0.26013 9.9991E-05
9.9991E-05 0.077645 0.0637266 0.435038 0.402429 0.0210621
0.0343099 0.0713175 0.0695412 0.256578 0.542896 0.0253577
9.9982E-05 0.0365778 0.129199 0.607499 0.226524 9.9982E-05
0.156523 0.077306 0.0560434 0.205282 0.473853 0.0309922
0.0723025 0.041879 0.00786044 0.229252 0.585557 0.0631488
0.0832004 0.0351313 0.118963 0.188575 0.544224 0.0299059
0.0705123 0.0638265 0.0724484 0.280065 0.513048 9.9991E-05
9.9982E-05 0.044834 0.0289063 0.432114 0.493945 9.9982E-05
0.0385984 0.0322517 0.109825 0.535303 0.283922 9.9991E-05
0.049965 0.0647727 0.0319797 0.465602 0.38758 9.9991E-05
0.127151 0.0183424 9.9982E-05 0.223816 0.630491 9.9982E-05
0.0746121 0.056016 0.0574356 0.159872 0.589345 0.0627186
0.23495 0.0904979 0.078476 0.255446 0.32332 0.0173099
0.0841645 0.120269 0.135415 0.201578 0.458474 9.9991E-05
0.0501035 0.0659215 0.0930251 0.427555 0.363295 9.9991E-05
0.0426873 0.0652105 0.0422484 0.295069 0.550353 0.0044328
0.0529275 0.0969843 0.127519 0.291284 0.427657 0.00362813
0.0770221 0.046291 0.0503901 0.183426 0.557208 0.0856626
0.0168418 0.112262 9.9991E-05 0.0484473 0.467788 0.354561
0.156404 0.136979 9.9991E-05 0.0155339 0.540318 0.150666
0.0667734 0.132253 0.0587009 0.0849631 0.491357 0.165952
0.113398 0.125889 0.00422099 0.0750355 0.556648 0.124808
0.136365 0.218841 0.0164797 0.0229274 0.443296 0.162091
0.258488 9.9982E-05 0.0266217 0.192255 0.522436 9.9982E-05
0.0677615 0.126775 0.0928061 0.0637474 0.495842 0.153068
0.429023 0.189608 0.0225458 0.0995171 0.0452207 0.214085
0.0614936 0.122704 9.9991E-05 0.105894 0.590894 0.118915
0.0459931 0.16293 0.0123132 0.103913 0.520385 0.154466
0.107704 0.139965 0.0253618 0.0381009 0.571547 0.117321
0.289061 0.105568 0.0567343 0.0173347 0.321274 0.210028
0.0144556 0.118228 0.0128153 0.0917959 0.569132 0.193573
0.115871 0.154476 9.9991E-05 0.0191304 0.537263 0.17316
0.384804 0.126603 9.9973E-05 9.9973E-05 9.9973E-05 0.488294
0.0421342 0.163992 0.0498507 0.0459568 0.513043 0.185024
0.0705019 0.157552 9.9982E-05 9.9982E-05 0.57297 0.198776
0.13249 0.0677821 0.0121777 0.0753167 0.621554 0.0906799
0.054509 0.181727 9.9982E-05 9.9982E-05 0.547732 0.215832
0.109664 0.0605867 0.0224281 9.9991E-05 0.593505 0.213716
0.32715 0.0209828 0.0820302 0.0451528 0.493813 0.0308714
0.196153 0.061251 0.0924686 0.0483456 0.548104 0.0536784
0.73267 9.9982E-05 0.168466 0.0831324 0.0155323 9.9982E-05
0.760709 9.9982E-05 0.127805 0.0545535 0.0567318 9.9982E-05
0.251448 0.0264447 0.105861 0.0065975 0.505999 0.103649
0.165784 0.298265 0.0151077 0.00207583 0.342888 0.175879
0.232385 0.273672 9.9982E-05 9.9982E-05 0.347811 0.145933
0.314652 0.271886 9.9982E-05 9.9982E-05 0.248259 0.165003
0.22374 0.22365 9.9982E-05 9.9982E-05 0.39854 0.15387
0.714873 0.0380166 9.9982E-05 9.9982E-05 0.189659 0.0572512
0.606584 0.0517142 0.0566463 0.0263421 0.2195 0.0392139
0.290932 0.0265106 0.0291685 0.00793629 0.636498 0.00895404
0.367551 0.102462 0.00901272 9.9991E-05 0.466365 0.0545088
0.538576 0.0372243 0.0443042 0.0397392 0.295314 0.0448425
0.239741 0.0438874 9.9991E-05 0.0829047 0.579576 0.0537907
0.24651 0.040321 0.00654506 0.0125391 0.66873 0.0253542
0.247626 0.0730029 0.0930652 0.0185521 0.490303 0.0774505
0.506193 9.9982E-05 0.0902618 0.00632915 0.397016 9.9982E-05
0.413447 9.9982E-05 0.054509 0.0454923 0.486352 9.9982E-05
0.248282 0.0153781 0.0528101 0.0872719 0.587014 0.00924381
0.298741 0.00820348 0.0449942 0.121262 0.504719 0.0220805
0.212884 0.0847368 0.0257253 0.0465085 0.546008 0.0841374
0.413325 9.9991E-05 0.103605 0.000628825 0.480957 0.0013838
0.634107 9.9982E-05 0.0469575 0.0558121 0.262924 9.9982E-05
0.271133 9.9973E-05 0.0512771 9.9973E-05 0.67729 9.9973E-05
0.55216 9.9982E-05 0.110177 0.0855195 0.251944 9.9982E-05
0.391593 9.9991E-05 0.0338397 0.00210279 0.550921 0.0214439
0.245926 9.9991E-05 0.0548893 0.040252 0.573507 0.0853257
0.207363 0.0123439 0.122673 0.0671374 0.518606 0.0718766
0.146907 0.119438 9.9991E-05 0.0177526 0.524448 0.191355
0.149179 0.116479 0.0422356 0.0616447 0.469828 0.160633
0.210123 0.279087 9.9982E-05 9.9982E-05 0.324135 0.186456
0.210525 0.238962 9.9991E-05 0.0190796 0.33139 0.199943
0.105286 0.162655 0.0147458 9.9991E-05 0.527189 0.190025
0.185239 0.140115 0.0427107 9.9991E-05 0.448473 0.183362
0.658133 0.14804 0.0244462 9.9991E-05 0.00930708 0.159974
0.124384 0.17253 0.0303559 9.9991E-05 0.560015 0.112614
0.570016 0.130452 9.9973E-05 9.9973E-05 9.9973E-05 0.299232
0.241072 0.159157 9.9982E-05 9.9982E-05 0.554046 0.0455252
0.648113 9.9973E-05 0.106518 9.9973E-05 0.245069 9.9973E-05
0.703123 9.9982E-05 0.238454 0.0161203 0.0421022 9.9982E-05
0.379575 9.9982E-05 0.0606391 0.00836351 0.551222 9.9982E-05
0.246762 0.019707 0.026618 0.0652236 0.62665 0.0150394
0.421091 9.9982E-05 0.0414975 0.0482377 0.488974 9.9982E-05
0.261212 9.9982E-05 0.075786 0.00701311 0.655789 9.9982E-05
0.341061 9.9982E-05 0.0213849 0.0061018 0.631253 9.9982E-05
9.9991E-05 0.0133602 0.0274862 0.0596923 0.0140715 0.88529
0.0464197 0.0726514 0.02421 0.0587902 0.0299182 0.76801
9.9973E-05 0.0207153 9.9973E-05 0.0354681 9.9973E-05 0.943517
0.0132841 9.9973E-05 9.9973E-05 9.9973E-05 0.047433 0.938983
0.0443863 0.0342152 0.33634 9.9991E-05 0.498227 0.0867314
0.0205491 0.0312508 0.340726 0.0711052 0.510225 0.0261437
9.9982E-05 9.9982E-05 0.45272 0.0316418 0.471871 0.0435673
0.0210152 0.0371687 0.273034 0.0584537 0.53198 0.0783483
0.0981107 0.0315781 0.107956 0.105764 0.566441 0.0901507
9.9982E-05 9.9982E-05 0.589627 0.126654 0.244593 0.038926
9.9973E-05 9.9973E-05 0.336122 9.9973E-05 0.63511 0.0284685
0.181593 0.00120122 0.571184 9.9982E-05 0.245822 9.9982E-05
0.0168041 0.136681 9.9991E-05 0.106038 0.424831 0.315546
0.17667 0.0262555 0.400958 9.9982E-05 0.395917 9.9982E-05
9.9982E-05 9.9982E-05 0.572216 0.084863 0.316156 0.0265648
0.0926499 9.9973E-05 0.356854 9.9973E-05 0.550196 9.9973E-05
9.9991E-05 0.0316588 0.485627 0.128765 0.346643 0.00720589
0.0669113 9.9973E-05 0.386834 9.9973E-05 0.545955 9.9973E-05
9.9982E-05 9.9982E-05 0.390403 0.0207654 0.510534 0.0780977
0.186754 9.9964E-05 0.812846 9.9964E-05 9.9964E-05 9.9964E-05
0.172144 0.00551789 0.542275 9.9982E-05 0.279863 9.9982E-05
0.0814044 0.0203216 0.589692 9.9982E-05 0.308382 9.9982E-05
0.247763 9.9964E-05 0.751837 9.9964E-05 9.9964E-05 9.9964E-05
9.9991E-05 0.00952544 0.450499 0.125042 0.379899 0.0349337
0.318601 9.9973E-05 0.622364 9.9973E-05 0.0587355 9.9973E-05
0.253837 9.9964E-05 0.745763 9.9964E-05 9.9964E-05 9.9964E-05
0.0457901 0.0336807 0.33851 9.9991E-05 0.543097 0.0388227
0.010277 9.9991E-05 0.616672 0.161117 0.169969 0.0418648
0.0107917 0.0141978 0.440679 0.0356391 0.453142 0.0455503
0.0436957 0.00832742 0.163579 0.0546255 0.607553 0.122219
9.9991E-05 0.0325587 0.423735 0.0834548 0.45009 0.0100619
0.240522 0.0545552 0.0505594 0.268595 0.385668 9.9991E-05
9.9991E-05 0.0334058 0.364234 0.0381489 0.533204 0.0309074
9.9982E-05 9.9982E-05 0.38716 0.100091 0.466921 0.045627
0.131711 9.9973E-05 0.581318 9.9973E-05 0.286671 9.9973E-05
0.0140505 0.0575643 0.289559 0.0984074 0.435777 0.104642
0.0621949 9.9973E-05 9.9973E-05 0.282643 9.9973E-05 0.654862
0.0207988 9.9982E-05 0.0457006 0.161341 9.9982E-05 0.771959
0.0102139 9.9973E-05 9.9973E-05 0.121793 9.9973E-05 0.867693
0.0166553 9.9973E-05 9.9973E-05 0.150757 9.9973E-05 0.832288
0.0603282 9.9991E-05 0.0143464 0.156035 0.0128968 0.756293
9.9991E-05 0.0053024 0.715619 0.161943 0.0729392 0.0440959
9.9982E-05 9.9982E-05 0.684416 0.140751 0.128821 0.0458119
0.114977 0.0242228 0.749802 9.9982E-05 0.110798 9.9982E-05
0.0807973 0.0703195 0.11439 0.076282 0.573713 0.084499
9.9991E-05 0.0589812 0.246678 0.064313 0.493769 0.136159
0.11492 0.0457093 0.644022 9.9991E-05 0.184771 0.0104774
0.0580893 0.0478849 0.298976 9.9991E-05 0.575622 0.019328
0.07496 0.0743722 0.468962 0.0180394 0.325252 0.0384137
9.9991E-05 0.0314378 0.392253 0.101977 0.458267 0.015965
9.9991E-05 0.0898637 0.319984 0.00817222 0.539152 0.0427284
9.9982E-05 0.00765189 0.671178 0.151956 0.169015 9.9982E-05
9.9991E-05 0.00520701 0.607207 0.108972 0.267612 0.0109021
9.9982E-05 9.9982E-05 0.595309 0.113461 0.262282 0.028748
0.16684 9.9991E-05 0.00676104 0.0705562 0.634762 0.12098
9.9982E-05 9.9982E-05 0.555458 0.108042 0.321068 0.0152324
9.9982E-05 9.9982E-05 0.471027 0.131416 0.357837 0.0395192
0.138752 0.347045 9.9982E-05 9.9982E-05 0.428395 0.0856087
0.0466489 0.449774 0.00335501 0.0278602 0.346294 0.126067
0.00138269 0.430421 9.9991E-05 0.0585192 0.408527 0.10105
0.04681 0.494743 9.9991E-05 0.00169808 0.2797 0.176948
0.0273927 0.301508 0.0308557 0.0117748 0.481443 0.147025
0.229221 9.9982E-05 0.163971 9.9982E-05 0.535751 0.0708569
0.0866791 0.654456 9.9973E-05 9.9973E-05 9.9973E-05 0.258565
0.0199183 0.481378 9.9991E-05 0.0251835 0.330481 0.142939
0.250492 0.12611 0.038004 9.9991E-05 0.393364 0.19193
0.186047 9.9991E-05 0.041426 0.0890842 0.547867 0.135475
0.246477 9.9982E-05 9.9982E-05 0.0644118 0.530756 0.158156
0.147495 0.0196771 9.9991E-05 0.0673501 0.612441 0.152937
0.136742 0.0117471 0.0156759 0.0535957 0.621898 0.160341
0.0344706 0.442564 9.9982E-05 9.9982E-05 0.355884 0.166882
0.0199893 0.363624 0.0418242 0.0154451 0.388566 0.170551
0.00507178 0.490663 9.9982E-05 9.9982E-05 0.412276 0.0917886
0.0506705 0.275407 0.00914163 0.0656007 0.485385 0.113795
0.0812502 0.487853 0.0457819 0.0194942 0.25048 0.115141
0.0435474 0.329203 0.0433882 0.0323634 0.409327 0.142171
0.0930614 0.545359 9.9991E-05 0.0248707 0.233253 0.103356
0.103314 0.306633 0.0272566 0.0397751 0.427376 0.0956448
0.294731 0.0151034 0.000660623 0.0736471 0.509976 0.105882
0.0551785 0.331595 9.9991E-05 0.0252569 0.409438 0.178432
0.0489855 0.58122 9.9982E-05 9.9982E-05 0.140406 0.229189
9.9991E-05 0.356854 0.0407274 0.104089 0.425586 0.0726429
0.271315 9.9991E-05 0.0811893 0.129126 0.322112 0.196158
0.266588 0.00359833 9.9982E-05 9.9982E-05 0.659346 0.0702673
0.0515794 0.332446 0.00421152 0.0358842 0.394224 0.181655
0.185457 9.9991E-05 0.0460002 0.073395 0.553189 0.141859
0.190429 9.9991E-05 0.016019 0.0993866 0.504212 0.189854
0.200755 0.228047 0.042732 0.0120496 0.322639 0.193777
0.149883 0.231624 9.9982E-05 9.9982E-05 0.376356 0.241938
0.107652 0.0999733 0.118631 0.0343074 0.524258 0.115177
0.0496824 0.282853 0.00807562 0.0705115 0.425719 0.163159
0.0203714 0.389845 9.9991E-05 0.00783063 0.449664 0.132189
0.0500384 0.58416 9.9982E-05 9.9982E-05 0.150584 0.215017
0.143034 0.0515529 9.9991E-05 0.0741817 0.637215 0.0939169
0.256639 9.9991E-05 0.0509534 0.090726 0.453801 0.147781
0.704456 0.0111085 9.9982E-05 9.9982E-05 0.182688 0.101548
0.118832 0.0133672 0.0767858 9.9991E-05 0.614058 0.176858
0.28711 0.0357269 0.0202718 0.15766 0.412822 0.0864098
0.169399 0.128861 0.00497472 9.9991E-05 0.468463 0.228202
0.167403 0.0516507 0.0790803 0.056427 0.510337 0.135102
0.52802 0.110589 9.9973E-05 9.9973E-05 9.9973E-05 0.361091
0.617943 0.0640877 9.9973E-05 9.9973E-05 9.9973E-05 0.317669
0.366388 0.0810112 0.0380921 9.9991E-05 0.316117 0.198293
0.4789 0.186428 9.9982E-05 9.9982E-05 0.025999 0.308474
0.340801 0.183496 9.9973E-05 9.9973E-05 9.9973E-05 0.475403
0.329058 0.0966946 9.9982E-05 9.9982E-05 0.384623 0.189425
0.25635 0.173626 9.9991E-05 0.0084126 0.337065 0.224446
0.403555 0.158761 9.9982E-05 9.9982E-05 0.144092 0.293392
0.525393 0.115235 9.9982E-05 9.9982E-05 0.0961039 0.263068
0.169787 0.102858 0.0356425 9.9991E-05 0.514757 0.176855
0.469621 0.121419 9.9982E-05 9.9982E-05 0.17995 0.228811
0.577822 0.057249 9.9973E-05 9.9973E-05 9.9973E-05 0.364629
0.131015 0.149841 0.0243603 0.0934336 0.482486 0.118864
0.283232 0.165685 9.9982E-05 9.9982E-05 0.330016 0.220867
0.0147055 0.190516 0.0254058 0.0181391 0.434882 0.316352
0.00888371 0.224267 9.9991E-05 0.0135296 0.582148 0.171072
0.101458 0.200775 9.9991E-05 0.00630653 0.526654 0.164706
0.0814935 0.231147 9.9982E-05 9.9982E-05 0.499622 0.187537
0.0149553 0.212977 0.0532053 0.0653965 0.289949 0.363516
0.0726259 0.195176 9.9991E-05 0.0517378 0.472879 0.207481
0.0446879 0.205148 0.00270501 0.00491102 0.465799 0.276749
0.264973 0.272002 9.9982E-05 9.9982E-05 0.23348 0.229346
0.0376547 0.125262 0.233099 0.0848692 0.302612 0.216503
0.0907909 0.155201 0.091168 0.0119277 0.452727 0.198186
0.0643233 0.167304 9.9991E-05 0.087761 0.539868 0.140643
0.025907 0.106372 0.110844 0.0218035 0.600067 0.135007
0.0411839 0.168578 9.9982E-05 9.9982E-05 0.486663 0.303375
0.059463 0.149689 0.0192107 0.0172319 0.492779 0.261626
0.295728 0.300831 9.9982E-05 9.9982E-05 0.0359414 0.367301
0.0736921 0.16861 0.0352105 0.0401695 0.531355 0.150963
0.222544 0.272145 9.9982E-05 9.9982E-05 0.209876 0.295235
9.9973E-05 0.012291 9.9973E-05 0.179736 9.9973E-05 0.807673
9.9991E-05 0.0107582 0.0185167 0.785481 0.14184 0.0433042
9.996E-05 9.996E-05 9.996E-05 0.9995 9.996E-05 9.996E-05
9.996E-05 9.996E-05 9.996E-05 0.9995 9.996E-05 9.996E-05
9.9964E-05 9.9964E-05 9.9964E-05 0.976439 0.0231608 9.9964E-05
9.9964E-05 0.0143849 9.9964E-05 0.985215 9.9964E-05 9.9964E-05
9.9964E-05 9.9964E-05 9.9964E-05 0.951372 0.0482279 9.9964E-05
9.996E-05 9.996E-05 9.996E-05 0.9995 9.996E-05 9.996E-05
9.9964E-05 9.9964E-05 9.9964E-05 0.861012 9.9964E-05 0.138588
9.9973E-05 9.9973E-05 0.0543483 0.0441214 9.9973E-05 0.90123
9.9973E-05 9.9973E-05 9.9973E-05 0.137206 0.0657779 0.796717
0.0156099 9.9991E-05 0.044123 0.0438552 0.0303116 0.866
0.00480487 9.9982E-05 9.9982E-05 0.107649 0.0198042 0.867542
9.9991E-05 0.00909703 0.00668507 0.0635979 0.0241147 0.896405
9.9973E-05 9.9973E-05 9.9973E-05 0.0385294 0.0604983 0.900672
0.0329238 0.0698478 0.0109341 0.00593246 0.128789 0.751572
9.9973E-05 0.00581525 9.9973E-05 9.9973E-05 0.0942871 0.899598
0.0310462 0.0520707 9.9991E-05 0.0853169 0.104299 0.727167
9.9973E-05 0.0443189 9.9973E-05 9.9973E-05 0.0338128 0.921568
0.00876454 9.9964E-05 9.9964E-05 9.9964E-05 9.9964E-05 0.990836
9.9991E-05 0.0530045 0.0271952 0.022982 0.0172372 0.879481
9.9973E-05 9.9973E-05 0.000303631 0.0263216 9.9973E-05 0.973075
9.9964E-05 9.9964E-05 9.9964E-05 9.9964E-05 0.049369 0.950231
9.9973E-05 0.031402 9.9973E-05 9.9973E-05 0.0682187 0.900079
9.9973E-05 0.00576765 9.9973E-05 9.9973E-05 0.065946 0.927986
9.9973E-05 0.0523647 9.9973E-05 9.9973E-05 0.0805284 0.866807
9.9973E-05 0.0260556 9.9973E-05 9.9973E-05 0.117749 0.855895
9.9973E-05 0.0554534 9.9973E-05 9.9973E-05 0.117668 0.826579
0.29654 9.9991E-05 0.0616081 0.0771365 0.417278 0.147337
0.157913 9.9991E-05 0.0116202 0.0366023 0.705135 0.0886293
0.131683 0.0156172 0.118403 9.9991E-05 0.599606 0.13459
0.708974 9.9982E-05 0.0877958 9.9982E-05 0.111861 0.0911696
0.237809 9.9982E-05 9.9982E-05 0.123137 0.532945 0.105909
0.755884 9.9973E-05 9.9973E-05 9.9973E-05 0.125367 0.118449
0.218211 9.9973E-05 9.9973E-05 9.9973E-05 0.670576 0.110913
0.228253 9.9991E-05 0.140183 0.0852283 0.394315 0.151921
0.24435 9.9982E-05 9.9982E-05 0.0614607 0.526911 0.167079
9.9991E-05 0.0350914 0.447617 0.0331728 0.407981 0.0760379
0.219751 9.9991E-05 0.0403152 0.120211 0.489046 0.130577
0.200956 9.9982E-05 9.9982E-05 0.0259831 0.682869 0.0899915
0.228653 9.9991E-05 0.00253037 0.108115 0.555083 0.105519
0.325441 0.0683624 0.112085 0.466177 0.0278345 9.9991E-05
0.83934 9.9982E-05 9.9982E-05 0.0214706 0.0414564 0.0975332
0.708681 9.9973E-05 9.9973E-05 9.9973E-05 0.186306 0.104713
0.15778 0.0216786 0.0478386 0.0186461 0.606187 0.147869
0.38331 0.0222393 0.00818374 9.9991E-05 0.516873 0.0692947
0.25789 9.9982E-05 0.0346966 9.9982E-05 0.617318 0.0898947
0.151232 0.0432601 0.0600348 0.0166321 0.617585 0.111256
0.0812033 0.115528 0.0382282 0.0426348 0.473106 0.2493
0.03965 0.117628 0.0271386 0.0188867 0.577688 0.219009
0.0669519 0.154935 0.0803732 0.171369 0.145708 0.380663
0.0691341 0.0366668 9.9991E-05 0.0933873 0.618683 0.182029
0.106482 0.0781638 9.9991E-05 0.130872 0.472234 0.212148
0.445244 0.151065 9.9973E-05 9.9973E-05 9.9973E-05 0.403391
0.209893 0.189249 9.9982E-05 9.9982E-05 0.293189 0.307469
0.117232 0.155693 9.9991E-05 0.0747581 0.293222 0.358995
0.0161954 0.098542 0.0303325 0.141567 0.398021 0.315342
0.12302 0.132762 9.9991E-05 0.0770921 0.54206 0.124967
0.0612991 0.109694 0.0453138 0.0618679 0.52616 0.195665
0.0778064 0.110049 9.9991E-05 0.0372829 0.621561 0.153201
0.155399 0.158529 0.0777203 0.0244009 0.409543 0.174407
0.0939211 0.104993 0.0360517 0.0184736 0.238104 0.508456
