9.9964E-05 0.0199893 0.0136644 9.9964E-05 9.9964E-05 9.9964E-05 0.0584526 0.896048 0.011446
9.9946E-05 0.0284782 9.9946E-05 9.9946E-05 9.9946E-05 0.0228691 9.9946E-05 0.948053 9.9946E-05
9.9973E-05 9.9973E-05 9.9973E-05 0.0199763 0.013742 0.0834126 0.000750873 0.833809 0.0480089
9.9955E-05 9.9955E-05 0.0117906 9.9955E-05 9.9955E-05 0.0616197 9.9955E-05 0.798442 0.127648
9.9955E-05 9.9955E-05 0.00601969 9.9955E-05 0.0158371 9.9955E-05 9.9955E-05 0.89161 0.086033
9.9973E-05 9.9973E-05 0.0339815 0.00765725 0.236346 9.9973E-05 0.0702486 0.629116 0.0223508
9.9937E-05 9.9937E-05 9.9937E-05 9.9937E-05 0.222044 9.9937E-05 9.9937E-05 0.777257 9.9937E-05
9.9946E-05 9.9946E-05 0.0301137 9.9946E-05 0.275603 9.9946E-05 9.9946E-05 0.693684 9.9946E-05
0.0161842 9.99639E-05 0.115124 0.00184731 9.99639E-05 0.0581243 9.99639E-05 0.808321 9.99639E-05
9.9955E-05 0.00124458 9.9955E-05 9.9955E-05 0.221372 9.9955E-05 0.0301537 0.74673 9.9955E-05
9.9946E-05 9.9946E-05 9.9946E-05 9.9946E-05 0.206591 9.9946E-05 9.9946E-05 0.733073 0.0597358
9.9955E-05 0.958368 9.9955E-05 9.9955E-05 0.0026771 9.9955E-05 0.0303357 0.00811972 9.9955E-05
9.9946E-05 0.483857 9.9946E-05 9.9946E-05 9.9946E-05 9.9946E-05 9.9946E-05 0.0646794 0.450864
9.9955E-05 0.899977 9.9955E-05 9.9955E-05 9.9955E-05 0.0102763 0.058419 9.9955E-05 0.0308278
9.9955E-05 0.813146 9.9955E-05 9.9955E-05 9.9955E-05 9.9955E-05 0.0866526 0.0114238 0.0882773
9.9955E-05 0.538637 9.9955E-05 9.9955E-05 9.9955E-05 9.9955E-05 0.108174 0.0535339 0.299156
9.9964E-05 0.418724 9.9964E-05 9.9964E-05 9.9964E-05 0.0542574 0.0337328 0.0133227 0.479563
0.0196756 0.507582 9.9973E-05 0.0336855 0.0469027 9.9973E-05 0.034234 9.9973E-05 0.35762
9.9955E-05 0.776187 9.9955E-05 9.9955E-05 9.9955E-05 9.9955E-05 0.053857 0.0998291 0.0696273
9.9955E-05 0.94072 0.0214216 9.9955E-05 0.026027 9.9955E-05 9.9955E-05 0.011332 9.9955E-05
0.0100807 0.501102 0.032623 0.0254534 0.0344993 0.0431765 0.0169287 0.00363457 0.332502
0.0724093 0.349841 9.9982E-05 0.0362475 0.144967 0.0314353 0.0419992 9.9982E-05 0.322901
0.030255 0.318788 0.00309128 0.104877 0.00654831 9.9991E-05 0.030688 0.0393495 0.466304
9.9964E-05 0.887039 9.9964E-05 9.9964E-05 0.0313805 9.9964E-05 0.0472848 0.033242 0.000653702
0.0693247 0.119899 0.036034 9.9982E-05 0.0155541 9.9982E-05 0.0284728 0.103193 0.627323
9.9964E-05 0.52176 9.9964E-05 9.9964E-05 0.0012176 0.0393763 9.9964E-05 0.00628104 0.430965
9.9964E-05 0.929724 9.9964E-05 9.9964E-05 0.00757274 9.9964E-05 0.0102341 0.0439106 0.00815904
9.9955E-05 0.875628 9.9955E-05 9.9955E-05 9.9955E-05 9.9955E-05 0.06523 0.00957902 0.0490627
9.9937E-05 0.929614 9.9937E-05 9.9937E-05 0.0696862 9.9937E-05 9.9937E-05 9.9937E-05 9.9937E-05
9.9946E-05 9.9946E-05 9.9946E-05 9.9946E-05 9.9946E-05 9.9946E-05 0.0213735 0.890928 0.087099
0.0120903 9.9964E-05 9.9964E-05 0.00375802 9.9964E-05 9.9964E-05 0.0110696 0.874502 0.09818
9.9964E-05 9.9964E-05 0.0196453 9.9964E-05 9.9964E-05 0.0103016 0.108144 0.800092 0.0614165
9.9955E-05 9.9955E-05 9.9955E-05 9.9955E-05 9.9955E-05 0.0243046 0.0647215 0.747491 0.162983
9.9973E-05 0.0149649 0.059203 0.179797 0.183549 9.9973E-05 9.9973E-05 0.0684467 0.49374
0.0135957 0.0196209 0.00725351 0.284326 0.000261597 0.00237505 0.0602735 0.0953359 0.516958
9.9964E-05 9.9964E-05 9.9964E-05 0.425517 0.00459093 9.9964E-05 0.00554484 0.0201582 0.543789
0.0353773 0.531411 0.268594 0.0518604 9.9973E-05 9.9973E-05 9.9973E-05 0.0331968 0.0792605
0.0391138 9.9964E-05 9.9964E-05 0.591588 0.0741521 0.034113 9.9964E-05 9.9964E-05 0.260633
9.9982E-05 0.143605 0.0240888 0.20162 9.9982E-05 0.0226871 0.0555843 0.067327 0.484888
9.9955E-05 9.9955E-05 9.9955E-05 0.227151 0.045585 9.9955E-05 9.9955E-05 0.0411626 0.685601
9.9982E-05 0.0252339 0.0075084 0.0459631 0.388252 9.9982E-05 0.00990677 0.106945 0.415991
9.9982E-05 0.13503 0.0387127 0.0738997 0.135718 9.9982E-05 0.0248679 0.0864946 0.505077
9.9964E-05 0.191893 0.0438128 0.621831 9.9964E-05 9.9964E-05 9.9964E-05 0.0478099 0.0942529
9.9973E-05 0.00791173 9.9973E-05 9.9973E-05 0.315226 0.0163254 0.0222815 0.0370414 0.600915
9.9973E-05 9.9973E-05 0.0330185 0.204901 0.104532 9.9973E-05 0.0290395 0.0602557 0.567953
9.9982E-05 0.0292434 0.0546874 0.130926 0.0946758 9.9982E-05 0.0609486 0.0788554 0.550463
0.0452293 9.9955E-05 9.9955E-05 0.594671 9.9955E-05 0.0207544 9.9955E-05 9.9955E-05 0.338845
9.9973E-05 0.0778033 0.00930009 0.209324 0.0179632 9.9973E-05 9.9973E-05 0.083121 0.602189
9.9982E-05 0.0313709 9.9982E-05 0.195851 0.0625878 0.0257631 0.0296177 0.114606 0.540003
0.0631563 9.9964E-05 0.0226785 0.671109 0.125464 0.117193 9.9964E-05 9.9964E-05 9.9964E-05
0.0871695 0.416745 0.290094 0.0342302 0.0858915 9.9973E-05 9.9973E-05 9.9973E-05 0.0855697
0.153673 0.418948 9.9982E-05 0.112155 0.143966 0.105626 0.00793304 9.9982E-05 0.0574995
0.031506 0.140652 0.0640001 0.0424265 9.9973E-05 0.114404 9.9973E-05 9.9973E-05 0.606712
0.0594083 0.164308 0.0195471 0.00394061 0.0831714 0.0554627 0.0299951 0.0305872 0.553579
0.0439751 0.111637 9.9991E-05 0.0512538 0.0237005 0.0926353 0.0140324 0.0729317 0.589734
9.9982E-05 0.368981 0.235614 0.0896975 0.0308911 0.0168094 9.9982E-05 0.121194 0.136612
0.00259176 0.303 0.109601 0.044067 0.0018547 0.0393647 9.9982E-05 9.9982E-05 0.49932
0.0369663 0.109986 0.0460238 0.0947844 0.0204207 0.0696324 0.0494763 0.0377616 0.534948
0.0645996 0.264336 0.109462 0.0337922 0.0842777 9.9982E-05 9.9982E-05 0.0866954 0.356637
9.9982E-05 0.506071 0.127712 0.0638966 0.0930111 0.0314279 9.9982E-05 0.143912 0.033769
0.0150807 0.141886 0.0722719 0.0994287 0.045135 0.00272245 0.0593085 0.0418503 0.522316
0.0553628 0.304259 0.061986 0.0378018 9.9991E-05 0.0361749 0.00099472 0.0652456 0.438076
0.0137807 0.602705 0.139872 0.0585216 0.108535 9.9973E-05 9.9973E-05 0.0762865 9.9973E-05
0.0625452 0.405693 0.126652 0.0466063 9.9964E-05 9.9964E-05 9.9964E-05 9.9964E-05 0.358104
0.123037 0.0681793 0.0638953 0.0571897 0.0244735 0.0323228 0.0521817 0.0486849 0.530036
0.0554794 0.134975 0.0618946 9.9982E-05 0.0453703 0.0312921 9.9982E-05 0.0940042 0.576785
0.0171122 0.494649 0.0644566 0.107598 0.0425692 9.9991E-05 0.0402734 0.0664882 0.166754
0.0742512 0.232753 0.0733569 0.0718183 0.0251142 0.00758439 0.031873 0.0557279 0.427521
0.101786 0.148656 0.0962963 0.0523424 0.0192415 0.00116896 0.0344479 0.0461407 0.49992
0.0429691 0.517417 0.14532 0.0910252 0.012086 0.016604 9.9991E-05 0.0449666 0.129512
9.9964E-05 0.00755815 0.0235559 0.465141 9.9964E-05 9.9964E-05 9.9964E-05 0.0249972 0.478348
9.9973E-05 0.105293 0.00189005 0.685589 9.9973E-05 9.9973E-05 0.00900249 0.0188656 0.179059
0.00573275 0.0348627 0.00203154 0.243042 0.0203846 9.9991E-05 0.014694 0.165175 0.513978
0.0362876 9.9955E-05 9.9955E-05 0.897674 9.9955E-05 0.0456297 0.019909 9.9955E-05 9.9955E-05
0.090715 9.9955E-05 9.9955E-05 0.86694 0.0364895 0.00535582 9.9955E-05 9.9955E-05 9.9955E-05
0.0581406 9.9946E-05 9.9946E-05 0.673832 9.9946E-05 9.9946E-05 9.9946E-05 9.9946E-05 0.267428
9.9964E-05 0.0171932 0.0944797 0.413052 9.9964E-05 9.9964E-05 9.9964E-05 0.0240949 0.45078
0.0646159 0.0309399 0.00389698 0.129052 0.00895136 0.0507315 9.9991E-05 0.127706 0.584007
9.9964E-05 0.0528149 9.9964E-05 0.455847 9.9964E-05 0.024858 0.00436289 9.9964E-05 0.461717
9.9964E-05 0.192485 0.0814014 0.597578 9.9964E-05 9.9964E-05 9.9964E-05 0.00398174 0.124154
9.9955E-05 0.115285 0.0693969 0.574949 9.9955E-05 9.9955E-05 9.9955E-05 9.9955E-05 0.23987
9.9973E-05 0.0211417 0.0184434 0.273379 9.9973E-05 9.9973E-05 0.0900803 0.103943 0.492712
9.9955E-05 0.116915 9.9955E-05 0.536242 9.9955E-05 9.9955E-05 9.9955E-05 0.0465423 0.299801
9.9973E-05 0.101088 0.0213011 0.43715 9.9973E-05 9.9973E-05 0.00259665 0.0155339 0.422031
0.0351332 9.9955E-05 9.9955E-05 0.458447 9.9955E-05 0.028107 9.9955E-05 9.9955E-05 0.477813
0.154602 9.9946E-05 9.9946E-05 0.690806 9.9946E-05 0.153992 9.9946E-05 9.9946E-05 9.9946E-05
0.0152185 9.9973E-05 9.9973E-05 0.299826 9.9973E-05 0.00454591 0.00840723 0.0569486 0.614754
9.9973E-05 0.0164615 0.0623412 0.0104237 9.9973E-05 0.013672 9.9973E-05 0.821751 0.0750506
9.9946E-05 9.9946E-05 9.9946E-05 9.9946E-05 9.9946E-05 0.0363805 9.9946E-05 0.897912 0.0651076
9.9955E-05 9.9955E-05 9.9955E-05 9.9955E-05 9.9955E-05 0.0140308 0.0185156 0.84671 0.120244
9.9955E-05 9.9955E-05 9.9955E-05 9.9955E-05 9.9955E-05 0.0340501 0.0281832 0.912988 0.024279
0.00471127 0.00442367 9.9982E-05 0.00528641 9.9982E-05 0.00765257 0.0432968 0.921998 0.0124309
0.0137223 9.9973E-05 9.9973E-05 9.9973E-05 0.00342944 0.0199517 0.0357624 0.857144 0.0696907
9.9937E-05 9.9937E-05 9.9937E-05 9.9937E-05 9.9937E-05 9.9937E-05 9.9937E-05 0.924918 0.0743822
9.9982E-05 0.0765754 0.0494873 0.235995 9.9982E-05 0.0578212 0.0179118 0.0150546 0.546954
0.0271738 0.0602973 0.0271978 0.112304 0.0419495 0.0433246 0.0321836 0.0664725 0.589097
9.99676E-05 0.155271 0.108331 0.671533 9.99676E-05 9.99676E-05 9.99676E-05 0.0499605 0.0145047
0.0792855 0.0330361 0.0271755 0.147941 9.9982E-05 9.9982E-05 0.0248642 0.107735 0.579762
9.9964E-05 0.0347679 0.0816135 0.452616 9.9964E-05 9.9964E-05 9.9964E-05 0.0360496 0.394553
9.9982E-05 0.025334 0.0252819 0.363885 0.0168582 0.00551159 9.9982E-05 0.0325204 0.530409
0.0657318 0.0157089 9.9982E-05 0.279915 0.0363566 0.0393757 9.9982E-05 0.0339426 0.52877
0.0386551 0.0515128 0.00480773 0.345709 9.9982E-05 9.9982E-05 0.0380735 0.00855414 0.512487
9.9955E-05 0.167643 0.107479 0.670391 9.9955E-05 9.9955E-05 9.9955E-05 0.0539877 9.9955E-05
0.0654729 9.9991E-05 0.117485 0.149783 0.0355604 0.00625554 0.0505973 0.0975026 0.477244
9.9982E-05 0.0500144 9.9982E-05 0.140138 0.094651 0.0436005 0.0137599 0.049881 0.607755
9.9982E-05 0.0245345 0.0895709 0.164783 0.0658452 9.9982E-05 0.0296612 0.0851975 0.540208
0.0407913 0.0973158 9.9982E-05 0.480737 0.103376 0.0450552 0.0103691 9.9982E-05 0.222155
0.0913501 9.9955E-05 9.9955E-05 0.360966 9.9955E-05 0.0217494 9.9955E-05 9.9955E-05 0.525435
9.9964E-05 0.112902 0.0472977 0.386886 9.9964E-05 9.9964E-05 9.9964E-05 0.00397306 0.448541
0.0503101 9.9955E-05 9.9955E-05 0.545469 0.0158677 9.9955E-05 9.9955E-05 9.9955E-05 0.387853
9.9973E-05 0.0524678 0.117552 0.367882 0.00358878 9.9973E-05 9.9973E-05 0.014523 0.443686
0.0679796 0.0603081 0.075792 0.221853 9.9982E-05 9.9982E-05 0.0670018 0.0460378 0.460827
0.134987 0.201398 0.196478 9.9964E-05 9.9964E-05 0.155648 9.9964E-05 9.9964E-05 0.31109
9.9982E-05 0.23965 0.201913 0.00736314 0.0977173 0.00492907 9.9982E-05 0.0662878 0.381939
0.0251793 0.178998 0.0452084 0.0310301 0.0403268 0.051164 0.0357079 0.0825425 0.509843
0.0283578 0.0776326 0.0933768 0.050422 0.0156488 0.0395793 0.0395816 0.09814 0.557261
0.00757868 0.228998 0.190265 0.0263662 0.0499437 0.014465 9.9991E-05 0.0368297 0.445453
0.0350823 0.191611 0.139788 9.9991E-05 0.0168061 0.0171828 0.0402151 0.00636209 0.552852
0.0121259 0.238198 0.244902 9.9964E-05 9.9964E-05 9.9964E-05 9.9964E-05 0.0411955 0.463178
0.0652221 0.103004 0.0869949 0.0147979 0.0251662 0.1357 9.9991E-05 0.0306097 0.538406
0.0668976 0.0295292 0.156584 0.0251612 0.0095716 0.0585805 0.0218072 0.0434942 0.588375
0.00181565 0.129531 0.183698 9.9982E-05 0.0596959 0.0487556 9.9982E-05 0.01559 0.560713
9.9973E-05 0.190193 0.18693 0.0195846 0.0330296 9.9973E-05 9.9973E-05 0.0138223 0.55614
0.125699 0.0751443 0.0764439 9.9991E-05 0.023995 0.0212181 0.0306744 0.0582462 0.588479
0.0624852 0.0947495 0.0681839 9.9991E-05 0.0431421 0.0469916 0.0193316 0.0613468 0.603669
0.0899278 0.105742 0.104982 0.0548982 0.00552033 0.0271636 0.0324384 9.9991E-05 0.579228
0.0462677 0.0978458 0.0939226 0.0380435 0.0824483 0.0296252 0.0357532 0.0295607 0.546533
0.127289 0.0629638 0.126837 0.0218693 0.0304131 0.0106905 0.0241729 0.0117849 0.583979
0.0932973 0.153816 0.164662 0.000434708 0.102637 0.14673 0.0145654 0.014814 0.309044
0.0539152 0.0239057 0.104646 0.0499011 9.9991E-05 0.0680534 0.0150668 0.0364868 0.647925
0.084712 0.0511917 0.123339 9.9973E-05 0.0100322 0.0437802 9.9973E-05 9.9973E-05 0.686644
0.0171597 0.442316 0.267163 0.0599955 9.9991E-05 0.00927743 0.00514256 0.0444374 0.154408
0.218 0.349654 0.131214 0.0267806 0.0577525 0.130262 0.00146567 9.9991E-05 0.0847697
0.0399831 0.189206 0.0753476 0.0461901 0.0705779 9.9991E-05 0.0444255 0.0631301 0.47104
0.310595 0.265895 0.163442 0.101221 0.0425636 0.101034 9.9982E-05 9.9982E-05 0.0150486
0.0200059 0.41321 0.253093 0.0267032 0.00237768 9.9973E-05 9.9973E-05 9.9973E-05 0.284311
0.0304724 0.349593 0.222607 0.0204963 9.9964E-05 9.9964E-05 9.9964E-05 9.9964E-05 0.376431
0.0269326 0.292743 0.272779 0.0681659 9.9982E-05 0.0306099 9.9982E-05 0.00453715 0.304033
0.0158009 0.34896 0.258256 0.0451669 0.0424491 9.9973E-05 9.9973E-05 9.9973E-05 0.289067
0.0126117 0.182846 0.093807 0.0370458 0.0342243 0.0443661 9.9991E-05 0.0304932 0.564506
0.0989341 0.0564566 0.104712 0.0321974 0.0257573 0.0376965 9.9991E-05 0.103098 0.541048
0.0507562 0.111601 0.122289 0.0365655 0.0493493 0.0375827 0.031558 0.00893484 0.551363
0.16615 0.329081 0.179815 0.0626016 0.0714723 0.0751985 9.9982E-05 9.9982E-05 0.115481
0.0223745 0.0573776 0.0697322 0.102556 0.109385 9.9991E-05 0.0649528 0.138135 0.435388
0.0686521 0.0327333 0.0705953 0.028701 0.231572 0.092001 0.0187946 9.9991E-05 0.456851
0.144486 0.000351467 0.0540586 0.146082 0.375983 0.278739 9.9973E-05 9.9973E-05 9.9973E-05
0.038272 0.0206883 9.9991E-05 0.0642534 0.12813 0.0493071 0.0313558 0.0484026 0.61949
0.136986 0.0841666 0.0130522 0.110161 0.27825 0.0866592 0.0161298 0.0452465 0.229349
0.0159208 0.0470882 0.0773666 0.0157253 0.174056 0.102594 0.0167068 0.0367294 0.513812
0.0369463 0.0562757 0.0810614 0.0611665 0.419646 0.171552 9.9982E-05 9.9982E-05 0.173153
0.12281 0.0896065 0.0915063 0.0761802 0.435594 0.182236 9.9991E-05 0.00165657 0.000310204
0.071518 0.0831383 0.052264 0.088786 0.257818 0.0902636 0.0174957 9.9991E-05 0.338616
0.033794 0.0343749 0.0489923 0.0673871 0.193358 0.0225211 0.0578567 0.0763473 0.465369
0.0241005 0.140827 0.0482548 9.9982E-05 0.11381 0.160945 9.9982E-05 0.0749229 0.436939
0.192033 0.252654 9.9982E-05 0.183685 0.113284 0.206395 0.0150862 9.9982E-05 0.0366628
0.0844933 0.054096 0.045186 9.9991E-05 0.111837 0.0510576 0.0436291 0.0859528 0.523648
0.136147 0.156766 9.9973E-05 0.0773882 0.369158 0.0429078 9.9973E-05 9.9973E-05 0.217334
0.116081 0.11312 9.9973E-05 0.110703 0.184916 0.0953521 9.9973E-05 9.9973E-05 0.379527
0.0284782 0.00867983 0.0600139 0.080448 0.129727 0.0587109 0.0247595 0.0618749 0.547308
9.9973E-05 0.013392 9.9973E-05 9.9973E-05 0.110069 0.267883 0.181643 0.272166 0.154547
9.9955E-05 9.9955E-05 9.9955E-05 9.9955E-05 0.0670438 0.551547 0.071811 0.309099 9.9955E-05
0.0137896 9.9964E-05 9.9964E-05 9.9964E-05 0.0515534 0.557863 0.0746669 0.301727 9.9964E-05
9.9973E-05 0.0050395 9.9973E-05 9.9973E-05 0.174986 0.25978 0.1885 0.263429 0.107965
0.0540059 0.0138589 9.9964E-05 0.0488371 0.325183 9.9964E-05 9.9964E-05 9.9964E-05 0.557715
0.035251 0.0241086 0.0257243 0.0947583 0.141661 0.00831827 0.041498 0.086268 0.542412
9.9955E-05 0.00051466 0.0277096 9.9955E-05 9.9955E-05 9.9955E-05 0.654619 9.9955E-05 0.316656
0.0219867 0.117817 0.0435609 0.0125969 9.9982E-05 9.9982E-05 0.435027 0.0141265 0.354685
0.0112635 0.0434708 0.0479535 0.0318885 0.058888 9.9991E-05 0.388851 0.0689251 0.348659
0.187801 0.0944864 0.0112182 0.00783352 0.487157 0.0232672 0.0102214 9.9991E-05 0.177915
0.0194173 9.9991E-05 0.0906087 0.0801609 0.163703 0.0386629 0.0439906 0.0928897 0.470467
0.169276 0.188959 9.9964E-05 9.9964E-05 0.51837 0.00729956 9.9964E-05 9.9964E-05 0.115697
0.062057 0.0380671 9.9982E-05 0.0235346 0.263743 0.064423 9.9982E-05 0.0080437 0.539931
0.125367 0.0728709 0.0093512 0.00590191 0.285812 0.0446914 0.0382347 0.00835954 0.409411
0.0504463 0.0107998 9.9982E-05 0.0324617 0.404088 0.00769196 0.00588205 9.9982E-05 0.488431
0.12653 0.0721596 9.9973E-05 0.0532474 0.610704 0.0527444 9.9973E-05 9.9973E-05 0.0843147
9.9991E-05 0.0104649 0.00514145 0.0463505 0.211494 0.0366946 0.0340289 0.0318419 0.623883
0.0681356 0.0450977 0.00786293 9.9982E-05 0.248282 0.029556 9.9982E-05 0.0899935 0.510873
0.00678625 9.9946E-05 9.9946E-05 9.9946E-05 9.9946E-05 9.9946E-05 0.962027 9.9946E-05 0.0305873
0.0399147 0.0175683 9.99555E-05 9.99555E-05 9.99555E-05 9.99555E-05 0.898482 9.99555E-05 0.0435352
0.00742473 0.0665556 0.0260792 0.0238335 0.00682594 9.9991E-05 0.543117 0.0418784 0.284186
9.9964E-05 0.0104841 0.00495812 9.9964E-05 9.9964E-05 9.9964E-05 0.640481 0.00244851 0.341228
9.9955E-05 0.0246713 9.9955E-05 0.014885 9.9955E-05 9.9955E-05 0.801043 9.9955E-05 0.158901
9.993E-05 9.993E-05 9.993E-05 9.993E-05 9.993E-05 9.993E-05 0.999201 9.993E-05 9.993E-05
0.0223202 9.9946E-05 0.0214445 9.9946E-05 9.9946E-05 9.9946E-05 0.955636 9.9946E-05 9.9946E-05
9.9946E-05 0.0161427 9.9946E-05 9.9946E-05 9.9946E-05 9.9946E-05 0.850794 9.9946E-05 0.132463
9.9946E-05 0.0144401 0.0472643 9.9946E-05 9.9946E-05 9.9946E-05 0.937696 9.9946E-05 9.9946E-05
9.993E-05 9.993E-05 9.993E-05 9.993E-05 9.993E-05 9.993E-05 0.999201 9.993E-05 9.993E-05
9.993E-05 9.993E-05 9.993E-05 9.993E-05 9.993E-05 9.993E-05 0.999201 9.993E-05 9.993E-05
0.0209049 0.00988649 9.9973E-05 9.9973E-05 0.00659523 9.9973E-05 0.768358 0.0162096 0.177746
9.9964E-05 0.0310939 0.0469842 9.9964E-05 9.9964E-05 9.9964E-05 0.794165 0.0418311 0.0855263
9.993E-05 9.993E-05 9.993E-05 9.993E-05 9.993E-05 9.993E-05 0.999201 9.993E-05 9.993E-05
0.0223195 0.0136465 0.0687746 0.0895752 0.0189458 0.0015519 0.365278 0.100395 0.319514
9.9973E-05 9.9973E-05 0.0526121 0.0160642 9.9973E-05 0.00306508 0.645641 0.0429035 0.239415
9.9964E-05 9.9964E-05 9.9964E-05 0.00821964 9.9964E-05 0.0213198 0.799561 0.0152027 0.155297
9.9946E-05 0.0297269 9.9946E-05 9.9946E-05 9.9946E-05 9.9946E-05 0.897924 9.9946E-05 0.0717492
9.993E-05 9.993E-05 9.993E-05 9.993E-05 9.993E-05 9.993E-05 0.999201 9.993E-05 9.993E-05
9.9946E-05 9.9946E-05 9.9946E-05 9.9946E-05 9.9946E-05 0.0184667 0.940461 9.9946E-05 0.0404723
9.993E-05 9.993E-05 9.993E-05 9.993E-05 9.993E-05 9.993E-05 0.999201 9.993E-05 9.993E-05
9.9973E-05 0.00762646 0.0170155 0.0488797 9.9973E-05 9.9973E-05 0.652508 0.0396164 0.234054
0.0132867 9.9955E-05 9.9955E-05 0.0131366 9.9955E-05 9.9955E-05 0.971514 9.9955E-05 0.00156319
0.0789451 9.9955E-05 9.9955E-05 9.9955E-05 0.498376 0.242477 9.9955E-05 0.179703 9.9955E-05
0.0187412 0.031717 0.0226189 9.9991E-05 0.350974 0.0759557 0.114781 0.142603 0.242509
0.0108181 9.9982E-05 0.0095742 9.9982E-05 0.329623 0.0893582 0.0164237 0.122786 0.421217
0.00599843 9.9982E-05 0.0399319 9.9982E-05 0.482474 0.164644 0.1432 0.07883 0.0847214
9.9991E-05 0.0377277 0.0284301 0.0921813 0.123259 0.136423 0.11729 0.0594645 0.405125
0.00153219 0.00466687 9.9982E-05 9.9982E-05 0.531964 0.157342 0.0881289 0.189944 0.0262213
0.0035467 0.0598028 0.0680317 9.9991E-05 0.156839 0.122164 0.0767211 0.092474 0.420321
9.9964E-05 9.9964E-05 9.9964E-05 9.9964E-05 0.38862 0.133435 0.111468 0.0893981 0.276679
9.9982E-05 0.0459035 0.00819826 9.9982E-05 0.210316 0.141762 0.0807451 0.10638 0.406495
0.000663895 9.9982E-05 9.9982E-05 0.00141949 0.339869 0.123039 0.0920089 0.131679 0.31112
9.9991E-05 0.0819624 0.00620335 0.0235522 0.199384 0.0802947 0.0999607 0.102017 0.406525
9.9955E-05 9.9955E-05 0.0149875 9.9955E-05 0.074044 9.9955E-05 9.9955E-05 0.875718 0.0347507
0.00915674 9.9964E-05 9.9964E-05 9.9964E-05 0.0404837 0.00975116 0.0671455 0.873063 9.9964E-05
9.9955E-05 9.9955E-05 0.0340967 9.9955E-05 9.9955E-05 0.0531488 9.9955E-05 0.902692 0.00956323
9.9955E-05 0.00787812 9.9955E-05 0.000760693 9.9955E-05 0.0430317 9.9955E-05 0.94783 9.9955E-05
9.9955E-05 0.0652813 9.9955E-05 9.9955E-05 9.9955E-05 0.00407458 9.9955E-05 0.896434 0.0337101
0.00405108 9.9955E-05 9.9955E-05 9.9955E-05 9.9955E-05 0.0280373 9.9955E-05 0.956999 0.010413
9.9964E-05 9.9964E-05 0.0177496 9.9964E-05 9.9964E-05 0.0340884 0.0139637 0.905798 0.0280002
0.000789023 0.0185454 0.0010021 9.9964E-05 9.9964E-05 0.0752498 9.9964E-05 0.904014 9.9964E-05
9.9991E-05 0.0185744 0.000305064 0.0284161 0.000977638 0.0463486 0.00621128 0.884917 0.0141497
9.9955E-05 9.9955E-05 0.0354305 9.9955E-05 9.9955E-05 0.0892528 9.9955E-05 0.849841 0.0249759
0.0185086 0.000264802 0.260269 0.0615851 0.0618461 0.0161881 9.9982E-05 0.581138 9.9982E-05
0.0207402 0.0719898 0.265272 0.015203 9.9973E-05 0.0288901 9.9973E-05 0.597605 9.9973E-05
0.0197673 0.127897 0.230369 0.0385051 0.0435606 0.00896345 9.9982E-05 0.530738 9.9982E-05
0.0048756 0.162028 0.265242 9.9964E-05 0.122267 9.9964E-05 9.9964E-05 0.445188 9.9964E-05
9.9973E-05 0.114458 0.076821 0.276179 9.9973E-05 9.9973E-05 0.00925974 0.0650273 0.457956
0.0359037 0.0413538 0.0463273 0.331954 9.9982E-05 9.9982E-05 0.0143981 0.0409473 0.488916
0.0331294 0.113817 0.131379 0.190618 9.9982E-05 9.9982E-05 0.0184445 0.0199928 0.49242
0.0111007 0.171429 0.158742 0.254215 9.9982E-05 0.00347297 9.9982E-05 0.0203303 0.38051
0.0783525 0.439192 0.303399 0.0332441 0.0164407 9.9973E-05 9.9973E-05 9.9973E-05 0.129072
0.0356214 0.0199616 0.0510121 0.185766 9.9982E-05 9.9982E-05 0.0279264 0.048186 0.631327
0.0292588 0.0236779 0.0891757 0.268373 9.9964E-05 9.9964E-05 9.9964E-05 9.9964E-05 0.589115
0.0920256 0.00363375 0.0364665 0.26514 0.0599694 0.0307618 9.9982E-05 9.9982E-05 0.511803
0.072648 0.0169341 9.9964E-05 0.513671 9.9964E-05 9.9964E-05 0.00201447 9.9964E-05 0.394333
0.0735254 9.9964E-05 0.0995071 0.14915 9.9964E-05 0.0616812 9.9964E-05 9.9964E-05 0.615737
9.9964E-05 0.00651572 0.083446 0.453119 9.9964E-05 0.0139844 9.9964E-05 9.9964E-05 0.442536
0.193974 9.9946E-05 9.9946E-05 0.803878 0.00154802 9.9946E-05 9.9946E-05 9.9946E-05 9.9946E-05
0.0682227 0.152905 0.0515424 0.100461 9.9973E-05 9.9973E-05 9.9973E-05 0.0483553 0.578214
0.089706 9.9964E-05 9.9964E-05 0.643367 0.0654306 0.0470037 9.9964E-05 9.9964E-05 0.154093
0.0344024 9.9973E-05 0.0473573 0.348727 9.9973E-05 0.0213604 0.00568122 9.9973E-05 0.542172
9.9964E-05 0.144554 0.0972714 0.635941 9.9964E-05 9.9964E-05 9.9964E-05 0.00605933 0.115775
9.9946E-05 9.9946E-05 0.818623 9.9946E-05 0.101172 9.9946E-05 9.9946E-05 0.0796048 9.9946E-05
9.9964E-05 9.9964E-05 0.798658 9.9964E-05 0.10406 9.9964E-05 0.00218117 0.0357029 0.0589987
9.9964E-05 9.9964E-05 0.800597 0.0163913 0.111944 9.9964E-05 9.9964E-05 0.0485716 0.0220964
9.9955E-05 9.9955E-05 0.79024 0.00755521 0.124031 9.9955E-05 9.9955E-05 0.0776739 9.9955E-05
9.9955E-05 9.9955E-05 0.799228 9.9955E-05 0.0631598 9.9955E-05 0.0109182 9.9955E-05 0.126195
9.9955E-05 9.9955E-05 0.783856 9.9955E-05 0.0953411 9.9955E-05 0.0487127 9.9955E-05 0.0715909
9.9973E-05 9.9973E-05 0.033024 0.0225904 9.9973E-05 0.00377183 0.0338571 0.871555 0.0349019
9.9973E-05 0.0228402 0.0098764 9.9973E-05 9.9973E-05 0.064654 0.00289205 0.783851 0.115586
0.00801169 0.0094436 0.0115004 9.9973E-05 9.9973E-05 0.0343368 9.9973E-05 0.772721 0.163687
9.9973E-05 0.0366595 0.00161162 0.0471195 9.9973E-05 9.9973E-05 0.0816748 0.828882 0.00375244
9.9973E-05 0.0222067 9.9973E-05 9.9973E-05 0.035294 0.0150733 0.0403328 0.760342 0.126451
9.9964E-05 9.9964E-05 0.522864 0.0166738 0.0736688 0.0433955 9.9964E-05 0.342998 9.9964E-05
0.0422435 9.9964E-05 0.520433 9.9964E-05 0.0255523 9.9964E-05 0.0132573 0.398114 9.9964E-05
0.0215473 9.9973E-05 0.485583 9.9973E-05 9.9973E-05 0.0503584 0.0169043 0.398391 0.0269158
0.0136077 9.9973E-05 0.0191893 0.000229484 9.9973E-05 9.9973E-05 0.00870782 0.857278 0.100688
0.0164416 0.00834457 0.476168 0.0598342 0.0476583 9.9973E-05 9.9973E-05 0.391253 9.9973E-05
9.9964E-05 9.9964E-05 9.9964E-05 9.9964E-05 0.00202012 0.245692 0.241834 0.192623 0.31743
9.9982E-05 9.9982E-05 0.0406107 0.0477773 0.00366735 0.0720079 0.178308 0.136767 0.520662
9.9955E-05 9.9955E-05 9.9955E-05 9.9955E-05 9.9955E-05 0.0325344 0.209769 0.181816 0.575381
9.9973E-05 0.0334232 9.9973E-05 9.9973E-05 0.0979011 0.138832 0.212498 0.220612 0.296434
0.0283534 0.156896 9.9982E-05 0.00898911 0.060255 9.9982E-05 0.080461 0.187858 0.476988
0.0246548 9.9973E-05 0.00541523 9.9973E-05 0.0334167 0.388063 0.241522 0.306629 9.9973E-05
0.0370817 0.225175 0.255633 9.9964E-05 0.0755824 9.9964E-05 9.9964E-05 9.9964E-05 0.406128
0.191241 0.146471 0.0951578 0.0341554 0.112261 0.0319386 9.9982E-05 9.9982E-05 0.388576
0.0428192 0.463275 0.236628 0.0608794 0.0104251 9.9973E-05 9.9973E-05 9.9973E-05 0.185674
0.181943 0.146813 0.0770072 0.0596723 0.0100314 0.0293648 9.9982E-05 9.9982E-05 0.494968
0.383651 0.215274 0.165372 0.0725485 0.0957701 0.0670845 9.9973E-05 9.9973E-05 9.9973E-05
9.9991E-05 0.128308 0.0575421 0.0586733 0.0345901 0.0776009 0.0267663 0.056434 0.559985
0.163924 0.107043 0.0860439 9.9982E-05 0.0490635 0.0377198 9.9982E-05 0.00102818 0.554978
0.0337411 0.349712 0.238147 0.0463879 0.0339974 0.00794584 9.9991E-05 0.00701553 0.282953
0.0310895 0.16697 0.0575353 0.046733 0.0723483 0.0107865 9.9991E-05 0.0594193 0.555018
0.188326 0.496812 0.040661 0.0859211 0.126146 0.0528966 9.9982E-05 9.9982E-05 0.00903754
0.113769 0.175344 0.0809057 0.0103457 0.0145041 0.0728503 9.9982E-05 9.9982E-05 0.532081
0.0101377 0.28155 0.160067 0.0321863 0.00856543 0.0316434 9.9982E-05 9.9982E-05 0.47565
0.0329786 0.0996419 0.0552933 0.0800462 9.9991E-05 0.174917 0.0671114 0.0288247 0.461087
0.144039 0.284455 0.0990255 0.0739761 0.0313801 0.0891076 9.9982E-05 9.9982E-05 0.277817
0.140296 0.22784 0.0711832 0.0590281 0.0751502 0.0543088 9.9982E-05 9.9982E-05 0.371993
0.0933067 0.130975 0.101847 0.0474438 0.00193799 0.0291686 0.00874151 9.9991E-05 0.58648
0.107077 0.208577 0.0482719 0.0519892 0.09459 9.9973E-05 9.9973E-05 9.9973E-05 0.489195
0.0778351 0.0288424 0.0813437 0.00445179 0.0735307 0.0437082 0.00495929 0.0161607 0.669168
0.0042304 0.0810634 0.0876369 0.0726402 0.0436635 0.0631585 0.0203968 0.040244 0.586966
0.0105135 0.180738 0.0416581 0.0934257 9.9991E-05 0.0552681 0.00609461 0.0609655 0.551237
9.9946E-05 9.9946E-05 9.9946E-05 9.9946E-05 9.9946E-05 9.9946E-05 0.0120905 0.855747 0.131563
0.00128411 9.9955E-05 9.9955E-05 9.9955E-05 9.9955E-05 9.9955E-05 0.00927676 0.873839 0.1151
9.9973E-05 9.9973E-05 0.0578283 0.00619106 0.0364163 0.00706676 9.9973E-05 0.850599 0.0415991
9.9964E-05 0.02232 9.9964E-05 0.000930213 9.9964E-05 9.9964E-05 0.0475013 0.907658 0.0211907
9.9955E-05 9.9955E-05 0.00793395 9.9955E-05 9.9955E-05 9.9955E-05 0.0150707 0.895984 0.0805114
9.9982E-05 0.522085 0.264313 0.0508926 0.0221363 0.0809023 0.00694554 9.9982E-05 0.0525247
0.137921 0.158833 0.110711 9.9973E-05 9.9973E-05 0.0620175 0.0252703 9.9973E-05 0.504947
0.00530625 9.9982E-05 0.0257621 9.9982E-05 0.100141 0.122667 0.182381 0.144237 0.419305
0.0283672 0.165967 0.0990717 9.9991E-05 0.0250278 0.0218392 0.0303341 0.0243461 0.604947
9.9964E-05 0.319137 0.112525 0.0599613 9.9964E-05 0.0583876 9.9964E-05 9.9964E-05 0.44959
0.201811 0.189421 0.153966 0.0697919 0.0587981 0.107475 9.9982E-05 9.9982E-05 0.218538
9.9964E-05 0.49886 0.376627 0.0220094 9.9964E-05 0.0675838 9.9964E-05 0.0345203 9.9964E-05
9.9982E-05 0.294402 0.194002 0.0268139 0.020312 0.00263868 9.9982E-05 0.0520685 0.409564
0.0248973 0.348956 0.329571 9.9973E-05 0.0445671 9.9973E-05 9.9973E-05 0.0377729 0.213936
0.0431943 0.056657 0.167908 0.103081 0.0748138 0.0866686 9.9982E-05 9.9982E-05 0.467478
0.0622324 0.462661 0.299614 9.9982E-05 9.9982E-05 0.02405 0.00427791 0.0681017 0.0788632
9.9982E-05 0.134053 0.147934 0.0244695 9.9982E-05 0.0165992 0.0528269 0.0592872 0.564631
0.0523341 0.500778 0.248851 0.0302819 0.0284642 0.0098462 0.00971347 0.048183 0.0715477
0.12422 0.369374 0.0677712 0.0680808 0.0257083 0.0826417 0.0548551 9.9991E-05 0.207249
0.0977169 0.0558408 0.0713361 0.00530881 0.196136 0.055414 9.9982E-05 9.9982E-05 0.518047
0.132116 0.0934141 0.0157604 9.9964E-05 0.564102 9.9964E-05 9.9964E-05 9.9964E-05 0.194208
0.0467143 0.034377 0.0254956 0.0324121 0.327237 0.0354487 9.9982E-05 9.9982E-05 0.498115
0.0290381 0.0254791 0.0503302 0.0333964 0.238179 0.0143564 9.9991E-05 0.0504054 0.558716
0.0654252 0.0660739 0.0137305 0.0871679 0.611429 0.00831445 9.9982E-05 9.9982E-05 0.14766
0.0472661 0.0721751 0.0274505 0.107787 0.127299 0.00512293 0.0581217 0.0731648 0.481613
0.0829295 9.9982E-05 0.0368279 0.0385408 0.34605 0.0383686 9.9982E-05 0.00390509 0.453178
0.1986 0.0398087 9.9973E-05 0.117423 0.579964 0.0377242 9.9973E-05 9.9973E-05 0.0261798
0.0923212 9.9973E-05 0.00533214 0.0366535 0.774594 0.0118432 9.9973E-05 9.9973E-05 0.0789559
0.0251768 0.0282787 0.070536 0.0198573 0.452457 0.0169516 9.9982E-05 9.9982E-05 0.386543
0.117785 9.9955E-05 0.0699127 0.16578 0.646022 9.9955E-05 9.9955E-05 9.9955E-05 9.9955E-05
9.9964E-05 0.07233 0.0569489 0.0712174 0.457849 9.9964E-05 9.9964E-05 9.9964E-05 0.341255
0.0377465 0.577897 0.258275 0.0422785 9.9973E-05 9.9973E-05 9.9973E-05 0.0170259 0.0664768
0.211976 0.286208 0.165249 0.068034 9.9982E-05 0.0844911 0.0371068 9.9982E-05 0.146734
0.0298087 0.347868 0.181936 0.0268688 9.9982E-05 9.9982E-05 0.0584515 0.0315488 0.323318
9.9982E-05 0.181492 0.148391 0.0838043 9.9982E-05 0.0568759 0.0301251 0.00971376 0.489397
0.0428607 0.464085 0.259659 0.0768897 9.9982E-05 0.000595193 0.0165957 9.9982E-05 0.139114
0.0852077 0.154434 0.0547191 0.0359655 9.9991E-05 0.0861957 0.0199798 0.0570951 0.506303
0.0707493 0.170954 0.136176 9.9964E-05 9.9964E-05 9.9964E-05 9.9964E-05 0.0277511 0.593969
0.0589686 0.203184 0.106892 0.0794601 9.9973E-05 0.0753668 9.9973E-05 9.9973E-05 0.475829
0.0394994 0.243754 0.146448 0.0668792 9.9973E-05 9.9973E-05 0.0495255 9.9973E-05 0.453594
0.0120744 0.25183 0.246284 0.0186237 9.9982E-05 9.9982E-05 0.0250009 0.0200619 0.425925
0.0517336 0.462522 0.208902 0.0556244 9.9973E-05 0.012249 9.9973E-05 9.9973E-05 0.20867
0.0598695 0.234647 0.265506 0.0137108 9.9982E-05 0.00438926 0.0129967 9.9982E-05 0.40868
0.110532 0.0839932 0.129759 0.0185567 9.9973E-05 0.0709787 9.9973E-05 9.9973E-05 0.58588
0.0614672 0.139613 0.0261134 0.0129261 9.9991E-05 0.110073 0.0422445 0.0193043 0.588159
0.0616675 0.215444 0.129756 0.0795609 9.9982E-05 0.139466 0.0745572 9.9982E-05 0.299348
0.125433 0.145063 0.124643 0.0786849 9.9982E-05 0.0137282 0.0625801 9.9982E-05 0.449668
0.053168 0.330472 0.228975 0.0390051 9.9982E-05 9.9982E-05 0.0391419 0.0137899 0.295248
0.0518534 0.230436 0.105876 0.0629234 9.9991E-05 0.0128095 0.052868 0.0194679 0.463666
0.0970713 0.28632 0.106847 0.00818365 9.9982E-05 9.9982E-05 0.0733772 0.0240881 0.403913
0.0692408 0.0955755 0.112315 0.0109259 0.0779957 0.0551228 0.0305446 0.0450694 0.50321
9.9973E-05 0.0457805 9.9973E-05 9.9973E-05 0.0694121 0.0377312 0.104103 0.301623 0.44105
0.0340168 0.0696839 0.0124103 9.9991E-05 0.00747634 0.150422 0.12578 0.0561775 0.543933
0.0355076 0.0469489 0.0389657 0.0859751 9.9991E-05 0.0787479 0.10946 0.170842 0.433453
0.0535368 0.0237681 0.0321317 9.9991E-05 0.0233622 0.11639 0.0873959 0.0799887 0.583327
9.9973E-05 9.9973E-05 9.9973E-05 0.054032 0.0501666 0.151726 0.155314 0.110424 0.478037
0.203058 0.204924 0.0861027 9.9964E-05 0.0574428 9.9964E-05 9.9964E-05 9.9964E-05 0.448073
0.0255171 0.0210197 0.0275885 0.0825121 9.9991E-05 0.110499 0.0854792 0.123248 0.524037
0.0696812 0.195521 9.9991E-05 0.025779 0.124608 0.346027 0.115812 0.0938631 0.0286101
9.9982E-05 0.061924 0.038101 9.9982E-05 0.0407447 0.124178 0.0543537 0.0613871 0.619112
0.027357 0.0573708 0.0412398 0.0184227 0.0145309 0.102394 0.145087 0.0801507 0.513447
0.0233704 0.0769006 9.9991E-05 0.0666724 0.0324651 0.00647961 0.172218 0.128109 0.493685
0.0817326 0.08595 9.9991E-05 0.059123 0.0400671 0.216839 0.0412032 0.14623 0.328755
9.9982E-05 0.0478531 0.0331368 9.9982E-05 0.0173459 0.0766988 0.0948013 0.176128 0.553836
0.0463281 9.9973E-05 0.023628 9.9973E-05 9.9973E-05 0.160997 0.111106 0.0910873 0.566553
0.0132843 9.9973E-05 9.9973E-05 0.00053025 0.0363021 0.579828 0.0586218 0.311134 9.9973E-05
0.00826167 0.041646 0.0411833 9.9991E-05 0.0139435 0.127405 0.12971 0.129258 0.508493
0.0322665 9.9982E-05 9.9982E-05 0.0393848 0.0323473 0.120488 0.160275 0.0858791 0.52916
0.0437898 0.11563 0.0130514 0.0281373 0.0461111 0.0802818 0.0807341 0.0500077 0.542257
9.9964E-05 9.9964E-05 9.9964E-05 9.9964E-05 0.0120897 0.141723 0.146643 0.124189 0.574955
9.9982E-05 0.060957 9.9982E-05 0.00930113 0.0671261 0.0511263 0.039297 0.227904 0.544088
0.4207 9.9982E-05 0.0126158 0.0782378 0.0110958 9.9982E-05 0.00675163 0.0401114 0.430288
0.209359 0.0673906 9.9982E-05 0.132396 0.0401387 9.9982E-05 0.030229 0.0790776 0.441209
0.906183 0.00161666 0.047137 0.0445632 9.9955E-05 9.9955E-05 9.9955E-05 9.9955E-05 9.9955E-05
0.947475 0.0127919 0.008487 9.9964E-05 0.00617201 9.9964E-05 9.9964E-05 0.024674 9.9964E-05
0.279386 0.034847 0.0561762 9.9991E-05 0.0989835 0.0203733 0.0159582 0.0218365 0.472339
0.0757235 9.9982E-05 0.0286613 9.9982E-05 0.0721219 0.129434 0.265274 0.0810558 0.347529
0.196811 9.99679E-05 9.99679E-05 9.99679E-05 9.99679E-05 0.110934 0.237468 0.121485 0.332903
0.259739 9.9973E-05 9.9973E-05 9.9973E-05 0.00465804 0.194422 0.226518 0.095576 0.218787
0.161138 9.9964E-05 9.9964E-05 9.9964E-05 9.9964E-05 0.165038 0.169822 0.10438 0.399223
0.71196 9.9964E-05 9.9964E-05 9.9964E-05 9.9964E-05 0.117872 0.0076022 0.0828911 0.0792748
0.645505 9.9955E-05 9.9955E-05 9.9955E-05 9.9955E-05 0.142004 9.9955E-05 0.0563734 0.155618
0.34577 9.9964E-05 9.9964E-05 9.9964E-05 0.00139937 0.0506984 0.0290725 9.9964E-05 0.57266
0.468687 9.9955E-05 9.9955E-05 9.9955E-05 9.9955E-05 9.9955E-05 0.0940767 0.0579879 0.378748
0.702305 9.9964E-05 9.9964E-05 9.9964E-05 9.9964E-05 0.0138315 0.0511593 0.0428709 0.189434
0.275614 0.0427519 0.0392241 9.9991E-05 0.0123837 0.00778727 0.0616027 0.0572825 0.503253
0.301436 9.9964E-05 0.0545514 9.9964E-05 9.9964E-05 9.9964E-05 0.0469181 0.0206721 0.576022
0.267381 9.9973E-05 9.9973E-05 0.0102624 0.0737119 9.9973E-05 0.0489147 0.0943435 0.505087
0.623787 0.0425766 9.9964E-05 0.00840515 9.9964E-05 9.9964E-05 9.9964E-05 0.00561373 0.319217
0.475387 0.0471963 0.0478987 9.9964E-05 0.0504387 9.9964E-05 9.9964E-05 9.9964E-05 0.37868
0.29132 0.117589 0.0516943 0.00038876 9.9982E-05 0.0282823 9.9982E-05 0.00587498 0.504651
0.364815 0.0151721 0.0766223 0.0235204 0.0537869 9.9991E-05 0.025017 0.0589267 0.382039
0.262919 0.016715 0.0282559 0.0784736 9.9991E-05 0.0445422 0.0105167 0.0719138 0.486563
0.468408 9.9964E-05 9.9964E-05 0.0683333 0.000508845 0.022006 9.9964E-05 9.9964E-05 0.440344
0.784633 0.00874336 0.0419619 9.9964E-05 9.9964E-05 9.9964E-05 9.9964E-05 0.00640796 0.157854
0.403105 9.9946E-05 0.0198631 9.9946E-05 9.9946E-05 9.9946E-05 9.9946E-05 9.9946E-05 0.576433
0.765944 0.0690443 0.0354241 9.9964E-05 9.9964E-05 9.9964E-05 0.0273863 9.9964E-05 0.101802
0.533653 9.9946E-05 9.9946E-05 9.9946E-05 9.9946E-05 9.9946E-05 9.9946E-05 0.0330353 0.432712
0.290579 9.9982E-05 0.0595769 0.0097334 0.0610085 0.00754489 9.9982E-05 0.0578327 0.513525
0.354958 9.9973E-05 0.0546998 0.0308004 9.9973E-05 9.9973E-05 0.0409599 0.0658916 0.452391
0.0883597 0.0605118 9.9982E-05 9.9982E-05 0.110995 0.00940371 0.0964663 0.181416 0.452648
0.0831371 9.9991E-05 0.0368986 0.0638235 0.0799871 0.0322264 0.126408 0.151826 0.425593
0.0412799 9.99771E-05 9.99771E-05 9.99771E-05 0.116212 0.146556 0.250327 0.142276 0.30305
0.10432 0.0361579 0.00280207 0.0112022 0.0753914 0.0831486 0.227463 0.17911 0.280404
0.0539716 0.047373 0.011696 0.0170608 0.089175 0.0447985 0.149325 0.121531 0.46507
0.154146 0.0452981 9.9991E-05 0.0230646 0.0240462 0.100585 0.0615814 0.110407 0.480772
0.651051 9.9955E-05 9.9955E-05 9.9955E-05 9.9955E-05 0.109114 0.0937516 0.145583 9.9955E-05
0.165117 9.9982E-05 0.00772512 9.9982E-05 0.0513767 0.00935383 0.14767 0.0872891 0.531269
0.379766 9.9964E-05 9.9964E-05 9.9964E-05 0.00242588 0.30306 0.072486 0.241862 9.9964E-05
0.311476 9.9955E-05 9.9955E-05 9.9955E-05 9.9955E-05 9.9955E-05 0.114075 0.0772089 0.49674
0.900159 9.9937E-05 9.9937E-05 9.9937E-05 9.9937E-05 9.9937E-05 9.9937E-05 9.9937E-05 0.0991411
0.936285 9.9937E-05 9.9937E-05 0.0630154 9.9937E-05 9.9937E-05 9.9937E-05 9.9937E-05 9.9937E-05
0.565191 9.9937E-05 9.9937E-05 9.9937E-05 9.9937E-05 9.9937E-05 9.9937E-05 9.9937E-05 0.43411
0.398062 9.9946E-05 9.9946E-05 9.9946E-05 9.9946E-05 9.9946E-05 9.9946E-05 0.0141469 0.587191
0.628525 9.9937E-05 9.9937E-05 9.9937E-05 9.9937E-05 9.9937E-05 9.9937E-05 9.9937E-05 0.370775
0.422548 9.9955E-05 9.9955E-05 0.00798908 9.9955E-05 9.9955E-05 9.9955E-05 0.00957296 0.55939
0.490245 9.9937E-05 9.9937E-05 9.9937E-05 9.9937E-05 9.9937E-05 9.9937E-05 9.9937E-05 0.509055
0.00681236 0.0278766 0.0425603 9.9982E-05 9.9982E-05 0.0187641 0.00334212 0.875748 0.0246962
9.9982E-05 9.9982E-05 0.0719207 0.0262598 0.0188567 0.0563246 0.0569797 0.737257 0.0322013
0.0215585 9.9964E-05 0.0256879 9.9964E-05 0.00863976 9.9964E-05 0.0283246 0.915389 9.9964E-05
0.000558441 9.9955E-05 9.9955E-05 9.9955E-05 9.9955E-05 0.0622719 9.9955E-05 0.901265 0.0354053
0.0471204 0.00693797 9.9982E-05 0.349985 9.9982E-05 0.00928971 0.0462721 0.0340835 0.506111
9.9964E-05 0.0637965 0.0584282 0.312554 9.9964E-05 9.9964E-05 9.9964E-05 0.013153 0.551669
9.9955E-05 0.107432 0.00125643 0.40318 9.9955E-05 9.9955E-05 9.9955E-05 9.9955E-05 0.487631
9.9982E-05 0.070826 0.0200261 0.249595 0.0477345 9.9982E-05 0.0190514 0.0636856 0.528881
9.9982E-05 0.0670253 0.0476013 0.11277 0.115179 9.9982E-05 0.0462661 0.118396 0.492562
9.9964E-05 0.119845 0.0134897 0.549955 9.9964E-05 9.9964E-05 9.9964E-05 0.0609246 0.255386
9.9937E-05 9.9937E-05 9.9937E-05 0.353673 9.9937E-05 9.9937E-05 9.9937E-05 9.9937E-05 0.645628
0.0524182 9.9973E-05 9.9973E-05 0.601954 0.0665846 0.0471932 0.0166636 9.9973E-05 0.214886
9.9982E-05 0.0998754 0.0419722 9.9982E-05 0.0133293 0.0311448 0.132475 0.296848 0.384155
0.0954535 9.9964E-05 9.9964E-05 0.3674 0.0426083 0.0604403 9.9964E-05 9.9964E-05 0.433699
9.9964E-05 0.0713896 0.0744453 0.494217 9.9964E-05 9.9964E-05 9.9964E-05 0.00717922 0.352369
0.0357585 9.9964E-05 0.0196057 0.359704 0.055448 9.9964E-05 9.9964E-05 9.9964E-05 0.529084
9.9964E-05 0.0619076 0.0619877 0.464181 9.9964E-05 9.9964E-05 0.0253034 9.9964E-05 0.38622
0.0608096 9.9964E-05 9.9964E-05 0.369796 9.9964E-05 0.00211286 0.00323597 9.9964E-05 0.563646
0.0163036 9.9973E-05 0.0413402 0.306477 9.9973E-05 9.9973E-05 0.0139093 0.0769678 0.544702
0.0801314 9.9955E-05 9.9955E-05 0.876885 0.0255319 0.0169523 9.9955E-05 9.9955E-05 9.9955E-05
0.059782 0.0437259 9.9982E-05 0.538284 0.0558723 0.00575911 0.00381394 9.9982E-05 0.292563
0.0471197 9.9955E-05 9.9955E-05 0.573985 9.9955E-05 0.0362573 9.9955E-05 9.9955E-05 0.342139
0.12916 9.9946E-05 9.9946E-05 0.835297 9.9946E-05 0.0349432 9.9946E-05 9.9946E-05 9.9946E-05
9.9964E-05 0.0869554 0.0543018 0.393159 9.9964E-05 9.9964E-05 9.9964E-05 0.068167 0.397017
0.0716096 9.9964E-05 9.9964E-05 0.634103 0.182781 0.0481033 9.9964E-05 9.9964E-05 0.063004
0.103068 9.9955E-05 9.9955E-05 0.825992 0.000451857 0.0699887 9.9955E-05 9.9955E-05 9.9955E-05
0.00542308 9.9982E-05 0.0128607 0.33662 9.9982E-05 0.0528367 0.0277468 0.00114705 0.563166
9.9982E-05 0.139792 0.0665594 0.586913 0.0122969 9.9982E-05 0.00883524 0.0361062 0.149297
9.9973E-05 0.128013 0.0166128 0.395002 9.9973E-05 0.0105997 9.9973E-05 0.0181814 0.431291
0.0298038 0.0383597 9.9991E-05 0.180862 0.0377324 0.0487217 0.00578816 0.0678999 0.590733
0.01027 0.0643151 0.0261383 0.367165 9.9973E-05 9.9973E-05 9.9973E-05 0.0413777 0.490434
0.151192 0.236011 0.128848 0.0203693 0.0493016 0.0697871 9.9982E-05 9.9982E-05 0.344291
0.0355742 9.9973E-05 0.0520027 0.332945 9.9973E-05 9.9973E-05 0.0058207 0.00676485 0.566593
9.9964E-05 0.0998295 0.0328152 0.315976 9.9964E-05 9.9964E-05 9.9964E-05 0.0459609 0.505019
0.0627062 9.9955E-05 9.9955E-05 0.604521 0.0231276 9.9955E-05 9.9955E-05 9.9955E-05 0.309145
0.00557087 0.0555244 0.0213116 0.256222 0.0336131 0.0262011 9.9991E-05 0.0727483 0.528708
0.0156285 9.9964E-05 0.286808 9.9964E-05 0.0418408 0.0316295 9.9964E-05 0.623693 9.9964E-05
9.9955E-05 9.9955E-05 0.187854 0.0342333 9.9955E-05 0.0650724 9.9955E-05 0.712341 9.9955E-05
9.9946E-05 9.9946E-05 0.138316 9.9946E-05 9.9946E-05 0.035903 9.9946E-05 0.825182 9.9946E-05
9.9955E-05 9.9955E-05 0.124633 9.9955E-05 0.0399098 0.00761811 9.9955E-05 0.827339 9.9955E-05
9.9973E-05 0.0355812 0.135173 0.00511859 0.074056 0.0136022 9.9973E-05 0.736169 9.9973E-05
9.9964E-05 0.134688 0.0860624 0.616535 9.9964E-05 9.9964E-05 9.9964E-05 0.0462991 0.116015
