0.885833 9.9964E-05 0.0442883 0.0243889 9.9964E-05 0.00292617 9.9964E-05 0.0421633 9.9964E-05
0.950172 0.0111805 0.0118515 0.00252687 9.9973E-05 9.9973E-05 0.00781893 0.0161506 9.9973E-05
0.872354 0.0306417 0.0094352 9.9982E-05 0.00240591 0.0415037 0.0388832 0.00457623 9.9982E-05
0.775144 0.0227053 9.9964E-05 0.0285843 9.9964E-05 0.127627 9.9964E-05 0.0455397 9.9964E-05
0.920689 9.9946E-05 9.9946E-05 9.9946E-05 0.0139851 0.0647266 9.9946E-05 9.9946E-05 9.9946E-05
0.63386 9.9973E-05 0.0603767 0.00975135 0.250333 0.0167302 9.9973E-05 0.0286488 9.9973E-05
0.705754 9.9946E-05 9.9946E-05 9.9946E-05 0.263554 9.9946E-05 9.9946E-05 0.0300916 9.9946E-05
0.644645 9.9964E-05 0.0144328 0.019513 0.280398 9.9964E-05 9.9964E-05 0.0406117 9.9964E-05
0.779537 0.0503663 9.99549E-05 0.15274 9.99549E-05 9.99549E-05 9.99549E-05 0.0168572 9.99549E-05
0.731101 9.9964E-05 0.0364706 0.00198602 0.219341 9.9964E-05 9.9964E-05 0.0107015 9.9964E-05
0.723465 9.9955E-05 9.9955E-05 9.9955E-05 0.22257 0.0473459 9.9955E-05 0.00611962 9.9955E-05
0.0369473 0.100452 9.9964E-05 0.448366 9.9964E-05 0.283251 0.130584 9.9964E-05 9.9964E-05
0.0581315 0.0430312 9.9973E-05 0.233128 9.9973E-05 0.604416 0.0391064 0.0218871 9.9973E-05
9.9973E-05 0.125614 0.022049 0.428554 9.9973E-05 0.326611 0.0640399 9.9973E-05 0.0328329
9.9973E-05 0.154997 0.0451303 0.413088 9.9973E-05 0.358394 0.0207881 0.00730328 9.9973E-05
0.0416284 0.121481 0.0668985 0.259932 9.9982E-05 0.47992 0.0214128 0.00852759 9.9982E-05
0.00228462 0.0484149 0.0763114 0.215851 0.0119398 0.584595 0.00901784 0.0089132 0.0426723
9.9982E-05 0.0493202 9.9982E-05 0.241363 0.042058 0.522804 0.111113 0.024851 0.00829073
0.0429108 0.16137 0.0168806 0.405166 9.9982E-05 0.345857 0.0164806 0.0111354 9.9982E-05
9.9973E-05 0.0854594 9.9973E-05 0.642309 0.133333 0.0640357 0.0719837 0.00257951 9.9973E-05
9.9991E-05 0.0686283 0.0126599 0.307852 0.0632482 0.437878 0.0916903 0.0101571 0.00778714
9.9982E-05 0.142594 9.9982E-05 0.153674 0.125727 0.457193 0.0742225 0.00299533 0.0433952
0.0253556 0.0158249 0.0160585 0.210019 0.0200583 0.547279 0.13446 0.0231373 0.00780693
0.0359008 0.0952466 0.0021788 0.402989 0.0146293 0.294246 0.13421 0.0205 9.9991E-05
0.0554411 0.0339022 0.0774848 0.0984164 0.0665149 0.571927 0.0300112 0.0122734 0.0540286
0.0105789 0.100888 0.0117114 0.286913 9.9973E-05 0.530811 0.058798 9.9973E-05 9.9973E-05
0.0511236 0.0766759 9.9982E-05 0.462737 0.0126809 0.283406 0.105842 0.00733541 9.9982E-05
9.9973E-05 0.143995 0.0246482 0.405709 9.9973E-05 0.326342 0.0911873 0.00781846 9.9973E-05
9.9964E-05 0.0731238 9.9964E-05 0.471462 0.0786707 0.233261 0.143083 9.9964E-05 9.9964E-05
9.993E-05 9.993E-05 9.993E-05 9.993E-05 9.993E-05 9.993E-05 9.993E-05 0.999201 9.993E-05
9.993E-05 9.993E-05 9.993E-05 9.993E-05 9.993E-05 9.993E-05 9.993E-05 0.999201 9.993E-05
0.475259 0.024606 0.0676076 0.0101166 0.00262279 0.0442807 9.9982E-05 0.375307 9.9982E-05
0.465094 0.0610384 0.0524063 9.9964E-05 9.9964E-05 0.136825 9.9964E-05 0.284236 9.9964E-05
0.078409 9.9973E-05 9.9973E-05 0.048832 0.240871 0.456111 0.165957 0.00951986 9.9973E-05
0.108539 9.9973E-05 0.0247499 0.0526866 9.9973E-05 0.510631 0.28704 0.0160538 9.9973E-05
0.0194785 9.9982E-05 0.0342757 0.00839757 0.0346569 0.526204 0.375615 9.9982E-05 0.00117254
0.0268213 0.0350977 9.9973E-05 0.58776 9.9973E-05 0.228692 0.0831036 9.9973E-05 0.0382257
9.9982E-05 0.0334605 0.0184858 9.9982E-05 0.0205649 0.255233 0.619941 0.0147947 0.0373197
0.0730916 0.00765874 0.019707 0.0949562 9.9991E-05 0.530973 0.247278 0.0216818 0.00455328
0.0431479 9.9964E-05 9.9964E-05 9.9964E-05 0.0938532 0.669566 0.173378 0.0196556 9.9964E-05
0.0515013 9.9973E-05 0.0026993 9.9973E-05 0.434221 0.487154 0.0175526 0.0065719 9.9973E-05
0.0818017 9.9982E-05 9.9982E-05 0.0497222 0.17696 0.58073 0.0835563 0.0233442 0.00368575
0.0118621 9.9964E-05 9.9964E-05 0.169436 9.9964E-05 0.178412 0.636135 0.00375464 9.9964E-05
0.0271818 9.9982E-05 0.0264444 0.0003955 0.33033 0.582148 9.9982E-05 0.0111567 0.0221443
0.0659464 9.9991E-05 0.030037 0.065061 0.0235449 0.562 0.228592 0.000717597 0.0240013
0.0736168 0.0316895 0.0447885 0.021367 0.121376 0.599994 0.0724768 0.00982213 0.0248697
9.9955E-05 0.0144569 9.9955E-05 9.9955E-05 9.9955E-05 0.344775 0.590015 9.9955E-05 0.0502531
0.0722747 9.9964E-05 9.9964E-05 0.0511087 9.9964E-05 0.625475 0.242037 0.00870554 9.9964E-05
0.132258 0.00343956 0.0287687 0.0265452 0.0930218 0.514207 0.165519 9.9991E-05 0.0361401
9.9964E-05 0.137055 9.9964E-05 0.00853092 0.0984654 9.9964E-05 0.717446 9.9964E-05 0.0381035
9.9964E-05 9.9964E-05 9.9964E-05 0.566544 0.137697 0.156518 0.110367 9.9964E-05 0.0284743
9.9982E-05 0.184137 0.0121376 0.220124 0.116565 0.14611 0.193552 9.9982E-05 0.127174
0.0370214 0.0792238 0.0593216 0.0977475 0.0202208 0.577022 0.0293594 0.0250969 0.0749861
0.0132848 0.0918026 0.0240845 0.0993292 0.113387 0.640151 9.9982E-05 9.9982E-05 0.0177612
0.0691125 0.0677622 0.00947788 0.0371884 0.0525099 0.601327 0.0756349 0.0179224 0.0690644
0.0962766 0.0596905 9.9982E-05 0.460112 0.0429495 0.219185 0.103034 0.0185517 9.9982E-05
9.9982E-05 0.0481493 9.9982E-05 0.264422 0.0139643 0.560833 0.0678243 0.0230202 0.021587
0.0394561 0.0410569 0.0485204 0.142532 0.0672059 0.59052 0.0442958 0.0188464 0.00756654
0.0897726 0.065677 0.0231323 0.272626 0.03223 0.358896 0.0708792 0.0147211 0.0720649
0.114847 0.062425 0.00752468 0.458428 0.091546 0.153441 0.108842 0.0028453 9.9991E-05
0.0895839 9.9991E-05 0.0219653 0.112663 0.0724767 0.530744 0.0958865 0.0158166 0.0607639
0.038441 0.0382737 0.00461892 0.19875 0.0277141 0.524965 0.0687875 0.0430061 0.0554438
0.0053327 0.0712772 9.9982E-05 0.531213 0.0882449 0.107813 0.144568 0.0513509 9.9982E-05
9.9973E-05 0.0257035 9.9973E-05 0.35286 9.9973E-05 0.457682 0.123745 0.00147184 0.0382385
0.0196783 0.115593 9.9982E-05 0.0966578 9.9982E-05 0.586889 0.0205483 0.0197192 0.140714
0.0588469 0.0401166 9.9991E-05 0.180609 0.0215537 0.622878 0.0132451 0.0497541 0.0128966
9.999E-05 0.0594273 0.0211276 0.357283 0.0545762 0.303972 0.117485 0.0785211 0.00750778
0.00811157 0.0542568 0.0156772 0.196996 0.0199183 0.534474 0.0972411 0.0379057 0.0354192
0.00531974 0.0958441 0.0107123 0.159825 0.000162226 0.596156 0.0794495 0.00206182 0.0504701
9.9973E-05 0.0742924 9.9973E-05 0.479687 0.0157078 0.26828 0.122105 0.0396278 9.9973E-05
0.0111634 9.9973E-05 0.00386631 0.0333193 9.9973E-05 0.509626 0.42259 0.0191351 9.9973E-05
0.0104786 9.9964E-05 9.9964E-05 0.048469 9.9964E-05 0.23836 0.681496 0.0207963 9.9964E-05
0.0771854 0.0656953 9.9991E-05 0.0628954 0.019297 0.510321 0.246099 0.0182902 0.000117046
9.9982E-05 0.0271603 0.0191031 9.9982E-05 0.00411728 0.0107248 0.882457 0.000459642 0.0557779
9.9955E-05 0.00251608 9.9955E-05 9.9955E-05 0.00607142 9.9955E-05 0.919594 9.9955E-05 0.071319
9.9946E-05 9.9946E-05 9.9946E-05 9.9946E-05 9.9946E-05 0.268717 0.661287 9.9946E-05 0.0693955
9.9955E-05 9.9955E-05 9.9955E-05 0.0887265 9.9955E-05 0.508821 0.356494 0.0454585 9.9955E-05
0.096979 9.9991E-05 0.081121 0.0556295 0.0679972 0.479162 0.142089 0.025455 0.0514674
9.9973E-05 0.0105805 0.00667719 9.9973E-05 0.0225986 0.468242 0.473369 0.0182318 9.9973E-05
0.0294919 9.9964E-05 9.9964E-05 0.179894 9.9964E-05 0.168823 0.618529 0.00286195 9.9964E-05
9.9955E-05 9.9955E-05 9.9955E-05 0.170798 9.9955E-05 0.292359 0.511794 0.0245488 9.9955E-05
0.0769679 0.0203215 0.0540489 0.0616884 0.0151917 0.517917 0.222771 0.00823925 0.0228542
0.0271692 9.9964E-05 9.9964E-05 0.0715756 9.9964E-05 0.351 0.525969 0.0238857 9.9964E-05
9.9955E-05 9.9955E-05 9.9955E-05 0.0931899 9.9955E-05 0.487201 0.388676 0.0304334 9.9955E-05
9.9973E-05 0.0102398 9.9973E-05 9.9973E-05 0.0231677 0.431421 0.471894 0.0136914 0.0492855
9.9946E-05 0.116965 9.9946E-05 9.9946E-05 9.9946E-05 9.9946E-05 0.697611 9.9946E-05 0.184824
0.00361957 0.0513321 0.00953277 0.0169418 0.0316625 0.640339 0.192313 0.0255366 0.0287227
0.803557 9.9964E-05 9.9964E-05 0.061012 9.9964E-05 0.0726349 0.0110043 0.0513919 9.9964E-05
0.883233 0.00289989 9.9955E-05 9.9955E-05 9.9955E-05 0.0614875 9.9955E-05 0.0518795 9.9955E-05
0.81247 0.0223308 0.0239287 9.9964E-05 9.9964E-05 0.117528 9.9964E-05 0.0233428 9.9964E-05
0.904515 0.00339257 0.0387446 9.9964E-05 9.9964E-05 0.0339931 9.9964E-05 0.0189553 9.9964E-05
0.909857 9.9955E-05 0.0438609 9.9955E-05 9.9955E-05 9.9955E-05 9.9955E-05 0.0303277 0.0154542
0.867949 9.9964E-05 0.0444845 9.9964E-05 9.9964E-05 0.0578377 9.9964E-05 0.0177458 0.0115834
0.919706 9.9946E-05 9.9946E-05 9.9946E-05 9.9946E-05 0.0694679 9.9946E-05 0.0102267 9.9946E-05
0.0198601 0.0498257 0.021131 0.0453389 9.9991E-05 0.579606 0.199243 0.0350652 0.0498299
0.0923927 0.0306453 0.0238335 0.00347127 9.9991E-05 0.61013 0.116512 0.0315358 0.0913797
0.0540778 9.9955E-05 9.9955E-05 0.193574 9.9955E-05 0.0532106 0.698638 9.9955E-05 9.9955E-05
0.0653592 9.9991E-05 0.0246313 0.0561633 0.0632793 0.560142 0.146488 0.0249365 0.0589003
0.0258102 9.9964E-05 9.9964E-05 0.0931165 9.9964E-05 0.421063 0.454589 0.00502199 9.9964E-05
0.0463698 0.0011774 9.9973E-05 0.0582466 9.9973E-05 0.527962 0.335428 0.0305166 9.9973E-05
0.0673285 9.9964E-05 9.9964E-05 9.9964E-05 0.0684328 0.549612 0.256658 9.9964E-05 0.0575684
0.0363309 9.9982E-05 0.0228478 0.0152731 9.9982E-05 0.508488 0.353848 0.0108834 0.0521288
0.0553737 9.9946E-05 9.9946E-05 0.267618 9.9946E-05 9.9946E-05 0.676408 9.9946E-05 9.9946E-05
0.106522 9.9991E-05 0.0187921 0.102068 0.0158899 0.541297 0.131224 0.0212994 0.0628078
0.0917814 9.9973E-05 9.9973E-05 0.0294282 0.0397869 0.658206 0.162352 9.9973E-05 0.0181458
0.0672233 0.0461995 0.0261924 0.0911377 0.0167327 0.609856 0.120441 0.0187399 0.00347752
9.9991E-05 0.0337943 0.0110379 0.00258797 0.0850187 0.249505 0.553916 0.0261259 0.0379145
9.9955E-05 0.03003 9.9955E-05 9.9955E-05 9.9955E-05 0.50522 0.410376 9.9955E-05 0.0538742
0.00389861 9.9955E-05 9.9955E-05 0.130061 9.9955E-05 0.484322 0.381219 9.9955E-05 9.9955E-05
9.9946E-05 9.9946E-05 9.9946E-05 9.9946E-05 9.9946E-05 0.383492 0.531746 9.9946E-05 0.0841622
0.0590181 9.9973E-05 9.9973E-05 0.11067 0.0118897 0.420159 0.384945 0.0130181 9.9973E-05
0.0951176 9.9982E-05 9.9982E-05 0.0473939 0.0126239 0.599499 0.205005 0.00213547 0.0380249
9.9973E-05 0.131226 9.9973E-05 0.343002 9.9973E-05 0.33245 0.0186414 0.00787883 0.166501
0.0613474 0.0285612 9.9982E-05 0.321269 0.126449 0.437967 0.0194549 0.00475053 9.9982E-05
0.04641 0.0594468 0.0389386 0.161888 0.07312 0.569664 9.9991E-05 0.0199422 0.0304908
0.0902578 0.0447039 0.0240303 0.0474566 0.0895584 0.57968 0.0938977 0.0027759 0.0276397
0.023515 0.0212125 9.9991E-05 0.31433 0.0615738 0.490982 0.036586 0.0373081 0.0143926
0.0299302 0.020171 0.0179729 0.239171 0.0217369 0.627201 0.0211779 0.00587686 0.016762
0.0350295 9.9982E-05 9.9982E-05 0.411752 0.0112717 0.485558 0.0114558 0.0158856 0.0288477
0.0289106 0.109757 9.9982E-05 0.116503 9.9982E-05 0.541912 0.0660096 0.0347972 0.10191
0.0539992 0.082445 0.0176078 0.196179 9.9991E-05 0.588202 0.0159967 0.0011939 0.0442768
0.00644123 9.9973E-05 9.9973E-05 0.282956 0.0742422 0.570569 9.9973E-05 0.0388121 0.0266803
0.0131315 0.00492005 9.9991E-05 0.332664 0.0339937 0.558935 0.0354904 0.00834645 0.0124189
0.0707754 9.9982E-05 0.0690633 0.11666 0.0555139 0.579292 9.9982E-05 0.000268731 0.108227
0.0827441 0.0366732 0.0603229 0.136536 0.0819098 0.554542 9.9991E-05 0.00561607 0.0415566
9.9964E-05 0.0447911 0.0291383 0.186078 9.9964E-05 0.621998 9.9964E-05 9.9964E-05 0.117595
0.115034 0.0191536 0.0340349 0.144051 0.0653664 0.551327 0.000713954 9.9991E-05 0.0702203
9.9973E-05 0.0410849 0.0420094 0.212366 9.9973E-05 0.560162 0.0249166 9.9973E-05 0.119161
0.0256803 0.103551 0.0508763 0.247623 0.0667413 0.299041 0.0557132 0.00904202 0.141732
0.0715577 0.0137012 0.000596352 0.161255 9.9982E-05 0.639811 0.0154201 9.9982E-05 0.0974587
9.9982E-05 0.00551932 0.0233156 0.123956 0.0532965 0.618092 9.9982E-05 0.0313115 0.144309
9.9964E-05 0.0729341 9.9964E-05 0.57557 0.0337255 0.252335 0.0650359 9.9964E-05 9.9964E-05
9.9973E-05 0.156748 9.9973E-05 0.326825 0.0506689 0.157043 0.0796428 9.9973E-05 0.228773
0.0600368 9.9982E-05 9.9982E-05 0.243497 0.081329 0.534698 0.0154762 0.00836929 0.056393
9.9973E-05 0.115046 9.9973E-05 0.353178 0.0348257 0.0628963 0.135724 9.9973E-05 0.298031
9.9973E-05 0.0327927 9.9973E-05 0.508974 9.9973E-05 0.36579 0.0181063 0.0192438 0.0547931
9.9964E-05 9.9964E-05 9.9964E-05 0.384522 0.0357713 0.471441 0.0418527 9.9964E-05 0.0660129
0.0185677 0.0312371 9.9973E-05 0.433185 9.9973E-05 0.38629 0.117156 0.0132643 9.9973E-05
9.9964E-05 9.9964E-05 9.9964E-05 0.472474 0.0501443 0.372902 0.0419943 9.9964E-05 0.0620859
0.0344661 0.0145813 9.9982E-05 0.175634 0.103658 0.596072 9.9982E-05 0.0247151 0.0506741
0.0899932 0.0570072 0.0177188 0.128003 0.0742517 0.575397 0.0220017 0.00579084 0.029837
0.0167615 0.0326942 9.9982E-05 0.188737 9.9982E-05 0.614246 0.0725197 0.0115699 0.0632719
9.9982E-05 0.0940263 0.00244176 0.396302 0.0524643 0.16834 0.125826 9.9982E-05 0.1604
0.118247 0.0121547 9.9991E-05 0.0831332 0.109419 0.531157 0.0366456 0.00610356 0.10304
0.0714526 0.111129 9.9991E-05 0.0168329 0.158901 0.483379 0.0403324 0.00332889 0.114545
9.9964E-05 0.295497 9.9964E-05 0.0587719 0.349391 9.9964E-05 0.145436 9.9964E-05 0.150505
0.0518127 0.021527 0.0321138 0.00214862 0.179374 0.620501 0.0777009 0.0147227 9.9991E-05
0.0355553 0.13477 0.0197725 0.0305379 0.244885 0.242483 0.144531 0.0188922 0.128574
0.0665049 0.112703 0.0120274 0.05605 0.151085 0.48607 9.9991E-05 0.0349342 0.0805252
0.00109663 0.170715 9.9991E-05 0.110006 0.368671 0.196817 0.0884311 0.0166143 0.0475479
9.9973E-05 0.226628 9.9973E-05 0.125356 0.34984 0.044012 0.107494 9.9973E-05 0.14637
0.0191105 0.0764852 0.00866006 0.091858 0.233412 0.373357 0.0850075 9.9991E-05 0.112009
0.0625056 0.051486 0.0395915 0.127187 0.121276 0.486474 0.0383803 0.0332988 0.0398011
0.0830104 0.158926 0.00229502 0.107379 0.106478 0.420101 0.0592885 0.0490037 0.0135186
9.9991E-05 0.2443 0.00863664 0.0852119 0.143177 0.125314 0.226508 0.00190262 0.16485
0.0610769 0.0599416 0.0212336 0.0851327 0.117617 0.566303 0.0399857 0.00638112 0.0423287
9.9973E-05 0.0955042 9.9973E-05 0.0411693 0.335325 0.26016 0.136484 9.9973E-05 0.131057
9.9973E-05 0.103502 9.9973E-05 0.121684 0.185784 0.385886 0.0563711 9.9973E-05 0.146473
0.0841497 9.9991E-05 0.0314015 0.0239807 0.181878 0.558831 0.0422205 0.0300716 0.0473672
0.281086 0.196954 0.218494 0.00947921 0.133735 0.128131 9.9982E-05 0.0319197 9.9982E-05
0.310458 0.486128 0.0887112 9.9964E-05 0.104806 9.9964E-05 9.9964E-05 0.00949701 9.9964E-05
0.300337 0.514016 0.0704364 9.9973E-05 0.0727092 9.9973E-05 9.9973E-05 0.0180119 0.0241897
0.257993 0.280866 0.21621 9.9982E-05 0.141852 0.0748935 0.00976735 0.0182172 9.9982E-05
9.9964E-05 9.9964E-05 9.9964E-05 9.9964E-05 0.25728 0.517915 0.119305 0.0120859 0.0930144
0.0532475 0.028341 0.0289662 0.0516675 0.11494 0.583685 0.0852151 0.0202658 0.033672
9.9946E-05 9.9946E-05 0.661084 0.0137397 9.9946E-05 0.324577 9.9946E-05 9.9946E-05 9.9946E-05
0.0516101 9.9973E-05 0.434763 0.0986183 9.9973E-05 0.370518 0.0349517 0.00923854 9.9973E-05
0.0271262 0.0398754 0.392831 0.0497156 0.0283428 0.396393 0.0298657 0.0357502 9.9991E-05
9.9982E-05 0.0656246 0.0019544 0.032122 0.443657 0.194015 0.0931574 9.9982E-05 0.169269
0.0595128 0.0420226 0.0705481 0.147821 0.0855299 0.423697 0.110597 9.9991E-05 0.0601718
9.9973E-05 0.0846169 9.9973E-05 0.0467954 0.519617 0.15909 0.0424323 9.9973E-05 0.147149
0.0198905 0.0744142 9.9973E-05 9.9973E-05 0.229983 0.553381 0.0131177 9.9973E-05 0.108914
9.9973E-05 0.0953921 9.9973E-05 0.0361086 0.261664 0.442481 0.00361094 9.9973E-05 0.160444
9.9964E-05 9.9964E-05 9.9964E-05 9.9964E-05 0.390219 0.501832 0.0143168 0.00509068 0.0881416
9.9964E-05 0.0772674 9.9964E-05 9.9964E-05 0.545209 0.139667 0.0717836 9.9964E-05 0.165674
0.040492 0.0146623 0.0108948 9.9991E-05 0.135925 0.611968 0.0970578 0.0225036 0.0663967
0.0716283 0.0734525 0.00598715 0.0131154 0.12847 0.587296 0.0583415 0.000124674 0.061585
9.9946E-05 9.9946E-05 0.984184 9.9946E-05 9.9946E-05 0.000873294 0.0143432 9.9946E-05 9.9946E-05
9.9955E-05 9.9955E-05 0.903439 0.0193622 9.9955E-05 0.050709 9.9955E-05 9.9955E-05 0.0259898
0.017454 9.9982E-05 0.563742 0.0985249 0.0275674 0.252877 0.0317963 0.00783836 9.9982E-05
9.9955E-05 9.9955E-05 0.614111 0.0496486 9.9955E-05 0.323909 9.9955E-05 0.0118321 9.9955E-05
9.9964E-05 9.9964E-05 0.791655 0.0141795 9.9964E-05 0.171932 0.00634228 0.0154914 9.9964E-05
9.993E-05 9.993E-05 0.999201 9.993E-05 9.993E-05 9.993E-05 9.993E-05 9.993E-05 9.993E-05
9.9937E-05 9.9937E-05 0.974672 0.0246284 9.9937E-05 9.9937E-05 9.9937E-05 9.9937E-05 9.9937E-05
9.9946E-05 9.9946E-05 0.846788 0.0036645 9.9946E-05 0.148948 9.9946E-05 9.9946E-05 9.9946E-05
9.9946E-05 9.9946E-05 0.941 0.0563224 9.9946E-05 9.9946E-05 9.9946E-05 0.00207839 9.9946E-05
9.993E-05 9.993E-05 0.999201 9.993E-05 9.993E-05 9.993E-05 9.993E-05 9.993E-05 9.993E-05
9.993E-05 9.993E-05 0.999201 9.993E-05 9.993E-05 9.993E-05 9.993E-05 9.993E-05 9.993E-05
0.00827717 9.9964E-05 0.746568 9.9964E-05 0.0298886 0.213155 9.9964E-05 0.00171131 9.9964E-05
0.0206766 9.9955E-05 0.788829 0.0681879 9.9955E-05 0.121806 9.9955E-05 9.9955E-05 9.9955E-05
9.993E-05 9.993E-05 0.999201 9.993E-05 9.993E-05 9.993E-05 9.993E-05 9.993E-05 9.993E-05
0.0562152 0.0107689 0.365984 0.048963 0.0259667 0.399988 0.0441589 0.0324916 0.0154631
0.0185567 0.00433281 0.655472 0.0429966 0.0414053 0.215581 0.0119556 0.00959967 9.9991E-05
0.0316548 9.9973E-05 0.802956 9.9973E-05 0.00427058 0.144608 0.00773108 0.00847995 9.9973E-05
0.00496768 9.9964E-05 0.886981 9.9964E-05 9.9964E-05 0.0882339 0.00456768 0.0148494 9.9964E-05
9.993E-05 9.993E-05 0.999201 9.993E-05 9.993E-05 9.993E-05 9.993E-05 9.993E-05 9.993E-05
0.0001595 9.9946E-05 0.945825 9.9946E-05 9.9946E-05 0.053416 9.9946E-05 9.9946E-05 9.9946E-05
9.9937E-05 9.9937E-05 0.994654 9.9937E-05 9.9937E-05 9.9937E-05 9.9937E-05 0.00464691 9.9937E-05
0.0551628 9.9982E-05 0.633818 0.031782 0.031878 0.230447 0.0110748 0.00563716 9.9982E-05
9.9955E-05 9.9955E-05 0.970239 9.9955E-05 9.9955E-05 9.9955E-05 0.00924665 0.017278 0.00273675
0.195566 0.242162 0.00869036 9.9964E-05 0.473878 9.9964E-05 9.9964E-05 9.9964E-05 0.079303
0.133959 0.0861663 0.0763386 0.00746491 0.326021 0.348737 9.9982E-05 0.0211127 9.9982E-05
0.111601 0.0969829 0.0340487 9.9973E-05 0.283065 0.429952 9.9973E-05 9.9973E-05 0.0440503
0.069317 0.186527 0.141933 0.00016055 0.47846 0.110076 9.9991E-05 0.00146367 0.0119621
0.0549207 0.101024 0.140049 0.0611784 0.141146 0.391088 0.0735936 0.0214975 0.0155027
0.117783 0.194383 0.102174 9.9982E-05 0.496982 0.0483335 9.9982E-05 0.0255509 0.0145937
0.0977333 0.151893 0.0356862 0.0413424 0.150376 0.476019 0.00517192 0.0026423 0.039136
0.117845 0.0984041 0.132832 9.9964E-05 0.424719 0.225801 9.9964E-05 9.9964E-05 9.9964E-05
0.119294 0.0933231 0.0976136 9.9982E-05 0.182813 0.449633 9.9982E-05 0.0117255 0.0453975
0.132293 0.125915 0.0966432 9.9982E-05 0.304564 0.312194 9.9982E-05 0.0170062 0.0111859
0.131828 0.113609 0.05819 0.0332735 0.168433 0.466385 9.9982E-05 0.0280814 9.9982E-05
0.835844 0.0402449 9.9973E-05 0.0224743 0.0176037 0.0602781 9.9973E-05 0.0232552 9.9973E-05
0.861445 0.0218198 0.0601962 9.9964E-05 9.9964E-05 9.9964E-05 9.9964E-05 0.0354904 0.0206486
0.882189 0.0301176 9.9964E-05 0.0312513 9.9964E-05 0.0150315 9.9964E-05 0.0410107 9.9964E-05
0.925391 0.06587 9.9955E-05 9.9955E-05 9.9955E-05 9.9955E-05 0.00078095 0.00745831 9.9955E-05
0.829962 0.0514432 9.9964E-05 0.0170294 9.9964E-05 0.0432747 9.9964E-05 0.0578911 9.9964E-05
0.940724 0.0195891 9.9964E-05 9.9964E-05 9.9964E-05 0.00571863 9.9964E-05 0.0200338 0.0135346
0.885849 9.9955E-05 0.00426713 9.9955E-05 9.9955E-05 0.0523846 9.9955E-05 0.0569994 9.9955E-05
0.886924 0.015771 9.9973E-05 0.0251473 9.9973E-05 0.00503378 9.9973E-05 0.0401723 0.0266517
0.854562 0.0457245 0.0132085 0.017193 9.9982E-05 0.0277818 0.01932 0.0220102 9.9982E-05
0.864365 0.0706796 9.9964E-05 0.00190185 9.9964E-05 0.0355405 9.9964E-05 0.0271134 9.9964E-05
0.609497 9.9955E-05 9.9955E-05 0.234692 0.0618091 9.9955E-05 0.0935025 9.9955E-05 9.9955E-05
0.584794 0.0185442 9.9973E-05 0.320608 0.0234555 9.9973E-05 0.0173085 0.0349901 9.9973E-05
0.520612 0.0367546 9.9973E-05 0.295399 0.0584767 9.9973E-05 0.0786609 0.00979755 9.9973E-05
0.466377 9.9955E-05 9.9955E-05 0.358849 0.150967 9.9955E-05 0.0233066 9.9955E-05 9.9955E-05
0.0771087 0.00889667 9.9973E-05 0.141801 0.0160264 0.48271 0.273157 9.9973E-05 9.9973E-05
0.0294964 0.0194071 0.00320503 0.127424 0.000186973 0.508857 0.259087 0.00886457 0.0434715
0.000763365 9.9982E-05 0.00259589 0.19147 9.9982E-05 0.570826 0.184657 0.0182326 0.0312553
0.00751645 0.0475564 9.9973E-05 0.260874 9.9973E-05 0.400942 0.270108 0.0127032 9.9973E-05
9.9973E-05 9.9973E-05 0.000935359 0.593886 0.0636313 0.224071 0.082864 9.9973E-05 0.0343129
0.0505473 9.9964E-05 9.9964E-05 0.0552137 9.9964E-05 0.69428 0.146054 9.9964E-05 0.0535058
9.9955E-05 9.9955E-05 9.9955E-05 0.126286 9.9955E-05 0.610146 0.246593 9.9955E-05 0.0164762
9.9982E-05 0.0428052 9.9982E-05 0.0508801 0.0577989 0.536435 0.273739 0.00416042 0.0339815
9.9955E-05 9.9955E-05 0.000334823 9.9955E-05 9.9955E-05 0.384228 0.554831 9.9955E-05 0.0601061
0.029857 0.0727322 0.019054 0.0690161 0.0261043 0.605811 0.127619 0.0104488 0.0393581
0.00894536 9.9964E-05 9.9964E-05 0.0864709 9.9964E-05 0.433568 0.466544 0.00407239 9.9964E-05
9.9964E-05 0.0102072 0.00392175 9.9964E-05 9.9964E-05 9.9964E-05 0.832997 0.00575658 0.146717
0.0953008 9.9973E-05 9.9973E-05 0.1291 9.9973E-05 0.550583 0.15295 0.0210317 0.050734
9.9964E-05 0.052946 9.9964E-05 9.9964E-05 0.00816925 0.163374 0.670538 9.9964E-05 0.104573
9.9973E-05 0.0256472 0.011257 9.9973E-05 9.9973E-05 0.502886 0.410525 0.0217572 0.0276273
0.0150856 9.9964E-05 0.00916091 0.19638 9.9964E-05 0.148673 0.6303 9.9964E-05 9.9964E-05
0.116971 9.9946E-05 9.9946E-05 0.689354 0.193076 9.9946E-05 9.9946E-05 9.9946E-05 9.9946E-05
0.115787 9.9955E-05 9.9955E-05 0.631101 0.228855 0.0237578 9.9955E-05 9.9955E-05 9.9955E-05
0.0985364 9.9955E-05 9.9955E-05 0.682161 0.217466 0.00133642 9.9955E-05 9.9955E-05 9.9955E-05
0.123655 9.9946E-05 9.9946E-05 0.694364 0.181381 9.9946E-05 9.9946E-05 9.9946E-05 9.9946E-05
0.0427006 9.9955E-05 9.9955E-05 0.684416 0.207783 0.0646006 9.9955E-05 9.9955E-05 9.9955E-05
0.0301388 9.9964E-05 0.0535478 0.652477 0.252783 0.0106531 9.9964E-05 9.9964E-05 9.9964E-05
0.866186 9.9982E-05 0.0518894 0.00596974 9.9982E-05 0.0316577 0.0306123 0.00713302 0.006352
0.792808 0.0412052 0.0056899 0.000492918 9.9982E-05 0.133201 0.0223566 0.00404668 9.9982E-05
0.760768 0.0180816 0.0475102 0.011981 9.9991E-05 0.134849 0.0151424 0.008641 0.00292751
0.838031 9.9964E-05 0.0759514 0.00358727 9.9964E-05 0.0255198 0.0565105 9.9964E-05 9.9964E-05
0.750803 0.00430607 0.0518408 0.00935576 0.0318139 0.123252 9.9982E-05 0.0284288 9.9982E-05
0.395742 9.9955E-05 9.9955E-05 0.478467 0.123109 9.9955E-05 9.9955E-05 0.00218205 9.9955E-05
0.402844 9.9964E-05 9.9964E-05 0.467138 0.097146 9.9964E-05 9.9964E-05 0.0240174 0.00845528
0.41622 9.9973E-05 0.00923719 0.472193 0.0480328 9.9973E-05 9.9973E-05 0.0254729 0.028545
9.993E-05 9.993E-05 9.993E-05 9.993E-05 9.993E-05 9.993E-05 9.993E-05 0.999201 9.993E-05
0.363538 9.9964E-05 9.9964E-05 0.506567 0.0485621 9.9964E-05 9.9964E-05 0.0342348 0.0466991
0.183291 0.245213 0.255419 9.9973E-05 0.0278597 0.274638 9.9973E-05 0.0132795 9.9973E-05
0.143623 0.0915307 0.173839 0.0145334 0.00727321 0.555277 9.9982E-05 0.0137243 9.9982E-05
0.20368 0.021741 0.231654 9.9964E-05 9.9964E-05 0.535537 0.00698823 9.9964E-05 9.9964E-05
0.253344 0.0905969 0.233636 9.9973E-05 0.0648219 0.318647 9.9973E-05 9.9973E-05 0.0386545
0.101983 0.0326558 0.129891 0.141841 0.0487957 0.494047 0.027319 0.0181699 0.00529703
0.315311 0.357012 0.249248 9.9973E-05 0.0309364 9.9973E-05 9.9973E-05 0.0117449 0.0354482
9.9973E-05 9.9973E-05 9.9973E-05 0.340771 0.0824291 0.443003 0.046109 0.0164199 0.0709689
9.9973E-05 0.0629354 9.9973E-05 0.150606 0.0665378 0.410352 0.0975677 9.9973E-05 0.211701
9.9964E-05 0.0119072 9.9964E-05 0.500885 0.0670369 0.300306 0.119465 9.9964E-05 9.9964E-05
9.9973E-05 0.0642754 9.9973E-05 0.119003 0.0557468 0.514326 0.0727331 9.9973E-05 0.173616
9.9964E-05 0.106033 9.9964E-05 0.302514 0.0929579 9.9964E-05 0.147092 9.9964E-05 0.351003
0.0443402 0.067334 0.0135195 0.124999 0.0270118 0.634473 0.0451865 0.0171604 0.0259751
0.00526112 0.018974 9.9991E-05 0.145177 0.113465 0.542017 0.0236478 0.0154794 0.135879
9.9982E-05 0.0297624 9.9982E-05 0.437919 0.0647471 0.363399 0.0577952 0.014056 0.032122
0.0554569 0.0293444 0.0280183 0.152858 0.0697682 0.560516 0.0560103 0.0203741 0.0276536
9.9973E-05 0.118172 9.9973E-05 0.258053 0.114841 0.109332 0.218881 9.9973E-05 0.180421
0.0113119 0.0546898 9.9982E-05 0.147002 0.0574112 0.551549 0.0717305 9.9982E-05 0.106105
0.0261905 0.0171647 9.9982E-05 0.303919 0.00247071 0.50819 0.0763093 9.9982E-05 0.0655564
0.0659746 0.137643 0.0659551 0.0948691 9.9982E-05 0.491048 0.0687534 9.9982E-05 0.0755569
9.9964E-05 0.149103 9.9964E-05 0.227262 9.9964E-05 0.331022 0.155899 9.9964E-05 0.136314
9.9982E-05 0.0968135 0.0350621 0.221868 0.0202899 0.386429 0.11015 9.9982E-05 0.129189
9.9973E-05 0.0243221 9.9973E-05 0.170193 0.0249122 0.535954 0.0917212 9.9973E-05 0.152597
9.9973E-05 0.025619 9.9973E-05 0.174001 0.0524352 0.531248 0.107186 9.9973E-05 0.109212
0.0341548 0.0415425 0.0234118 0.100864 9.9991E-05 0.623811 0.0529631 0.0300717 0.093081
0.127317 0.00768403 0.079044 0.122891 0.0133368 0.486614 0.122491 9.9991E-05 0.0405217
0.0796211 0.023042 9.9982E-05 0.169733 9.9982E-05 0.594851 0.0382222 0.0231919 0.0711388
0.8317 9.9955E-05 0.0472984 9.9955E-05 9.9955E-05 0.108809 9.9955E-05 0.0116919 9.9955E-05
0.884624 9.99517E-05 9.99517E-05 9.99517E-05 9.99517E-05 0.109703 9.99517E-05 9.99517E-05 0.0050734
0.875149 9.9982E-05 9.9982E-05 0.0155983 0.00510802 0.0362318 0.0263704 0.0386423 0.00270015
0.878296 9.9964E-05 0.084371 0.011784 9.9964E-05 9.9964E-05 0.00848837 0.0166604 9.9964E-05
0.886493 9.9955E-05 9.9955E-05 9.9955E-05 0.0171558 0.0718016 9.9955E-05 0.0240501 9.9955E-05
9.9982E-05 0.0867188 0.0434422 0.597373 0.0202885 0.13624 0.113479 9.9982E-05 0.0022582
0.00368606 0.127497 0.0180598 0.181875 9.9991E-05 0.517793 0.0486018 0.0132007 0.0891871
0.172253 0.0577356 0.213159 0.000187595 0.112564 0.400462 9.9991E-05 0.000799462 0.0427399
9.9982E-05 9.9982E-05 0.0604925 0.242792 0.0198677 0.60937 0.0401203 0.00875819 0.0183996
0.000614182 0.0717043 0.0142356 0.344808 9.9973E-05 0.513235 0.0551032 9.9973E-05 9.9973E-05
9.9982E-05 0.124379 9.9982E-05 0.324371 0.0350675 0.265437 0.0500961 0.0106059 0.189843
0.0328823 0.0867646 9.9982E-05 0.717207 9.9982E-05 0.033332 0.101423 0.0117213 0.0164702
0.0569709 0.00454259 9.9982E-05 0.357611 0.0128901 0.492349 0.0585293 0.0169069 9.9982E-05
0.0216705 0.0250349 0.0309675 0.579635 0.0297358 0.265779 0.0068047 9.9991E-05 0.0402726
9.9982E-05 0.0816516 9.9982E-05 0.17707 0.112826 0.488679 0.0640023 0.00718631 0.0683846
0.0513975 0.0824823 9.9982E-05 0.603283 0.00525585 0.167844 0.00908994 9.9982E-05 0.0804473
0.0823093 0.032142 0.0326023 0.239743 9.9973E-05 0.555045 9.9973E-05 9.9973E-05 0.0578582
0.0111092 0.0294466 0.0187796 0.545368 0.0533365 0.144434 0.138548 0.0276577 0.0313201
9.9991E-05 0.0790128 0.0971627 0.271805 0.0756502 0.229859 0.133063 0.00677865 0.106569
0.0786404 0.0303888 9.9991E-05 0.0936889 0.24134 0.496685 0.0295463 0.00175663 0.0278538
9.9973E-05 0.0207003 9.9973E-05 0.0546004 0.501424 0.216958 0.0662586 9.9973E-05 0.139759
9.9982E-05 0.0583014 0.0023997 0.0225457 0.358025 0.492882 0.0120668 9.9982E-05 0.05358
0.0602424 0.0772293 9.9991E-05 0.0614202 0.181411 0.547586 0.0407826 0.0213306 0.00989825
9.9973E-05 0.0723175 9.9973E-05 0.00725919 0.571125 0.187855 0.0609689 9.9973E-05 0.100175
0.111385 9.9991E-05 0.0226495 0.0353086 0.181609 0.491363 0.0825832 0.0221883 0.0528133
9.9973E-05 0.0163644 9.9973E-05 0.0920283 0.324942 0.448511 0.0105211 9.9973E-05 0.107333
9.9973E-05 0.0806872 9.9973E-05 0.00423952 0.522317 0.0370279 0.138121 9.9973E-05 0.217307
9.9973E-05 0.0573728 9.9973E-05 0.0217265 0.66511 0.0854452 0.0757879 9.9973E-05 0.0942572
9.9982E-05 0.016393 9.9982E-05 0.0496987 0.432283 0.392543 0.0533269 0.00335405 0.0522012
9.9964E-05 0.009577 9.9964E-05 0.0125488 0.650083 9.9964E-05 0.206012 9.9964E-05 0.121379
9.9973E-05 0.00243985 9.9973E-05 0.086432 0.429042 0.376597 0.0661198 9.9973E-05 0.0390695
9.9982E-05 0.0277129 0.00877276 0.680808 9.9982E-05 0.210049 0.0593329 0.00608875 0.00703616
9.9973E-05 0.0786669 0.0429279 0.335773 9.9973E-05 0.198273 0.059201 9.9973E-05 0.284858
0.0373504 0.0111291 0.0599925 0.409542 9.9991E-05 0.423278 0.0455902 0.0121985 0.000820088
0.01759 0.078825 0.0201373 0.209343 9.9973E-05 0.614556 0.0592482 9.9973E-05 9.9973E-05
9.9973E-05 0.0406953 0.0138209 0.575249 9.9973E-05 0.267319 0.0918647 9.9973E-05 0.0107515
0.018141 0.139038 9.9982E-05 0.181884 0.00320419 0.54335 0.0573276 9.9982E-05 0.0568544
0.0125481 0.0865546 0.0106991 0.262536 0.00455408 0.581103 9.9991E-05 0.00826984 0.0336356
9.9973E-05 0.0706967 9.9973E-05 0.254297 9.9973E-05 0.546737 0.0478285 0.0290315 0.0511092
9.9973E-05 0.079273 0.0521488 0.280592 9.9973E-05 0.553584 0.0327493 9.9973E-05 0.00135315
0.025543 9.9982E-05 9.9982E-05 0.404029 0.00528111 0.500524 0.038048 0.00478631 0.0215884
9.9982E-05 0.0264756 0.00601333 0.497362 9.9982E-05 0.319289 0.110885 0.0176527 0.0221228
9.9973E-05 0.0204376 0.028255 0.445245 9.9973E-05 0.424951 0.0325702 9.9973E-05 0.0482413
9.9973E-05 0.067646 9.9973E-05 0.194281 9.9973E-05 0.601993 0.0813149 0.0112068 0.0432581
9.9991E-05 0.0901587 0.0331927 0.137947 0.061822 0.603562 0.00770914 0.00984808 0.0556609
9.9982E-05 0.181285 0.0341635 0.262156 9.9982E-05 0.371992 0.0477127 0.00120277 0.101288
9.9973E-05 0.0297922 0.080857 0.235227 9.9973E-05 0.48507 0.0529138 9.9973E-05 0.11584
0.0343765 0.0195317 0.00993551 0.452226 9.9991E-05 0.42687 0.0289174 0.0054521 0.0225913
0.0359847 0.085246 9.9973E-05 0.259639 9.9973E-05 0.571709 0.0241982 9.9973E-05 0.0229235
0.0268157 9.9973E-05 0.0855138 0.300883 9.9973E-05 0.460937 0.0656906 9.9973E-05 0.0598607
0.0896094 0.0353168 0.00645945 0.162036 0.0238526 0.594255 0.0463932 9.9991E-05 0.0419773
0.311335 0.0695402 0.0823694 0.0243372 0.0311461 0.470009 0.00118719 0.00997605 9.9991E-05
0.152587 0.166085 0.102646 0.00491378 9.9973E-05 0.546103 0.0273644 9.9973E-05 9.9973E-05
0.143507 0.0835966 0.0939693 0.0738046 9.9991E-05 0.504274 0.0377387 0.027811 0.0351996
0.0786591 0.126375 0.0724455 0.0213486 0.00953156 0.545856 0.0205668 0.0289491 0.0962683
0.133179 0.170206 0.169925 0.0220404 0.0309953 0.443655 0.0297729 9.9991E-05 0.000125814
9.9973E-05 0.00608015 9.9973E-05 0.183089 0.0825095 0.484222 0.0394719 9.9973E-05 0.204327
0.0973175 0.0938508 0.0762793 0.0183226 0.080987 0.538446 0.0744863 9.9991E-05 0.02021
0.10029 0.351196 0.141928 0.110242 0.0885026 0.0501501 0.112993 9.9991E-05 0.0445971
0.0488587 0.0851004 0.0818879 0.0864425 0.0854828 0.565793 0.0137458 0.0325887 9.9991E-05
0.107842 0.117598 0.120588 0.0132102 9.9991E-05 0.537467 0.0210156 0.0234845 0.0586948
0.0586626 0.088591 0.113672 0.0372761 0.0483354 0.512377 0.0484559 0.0152168 0.0774135
0.119224 0.242248 0.0342968 0.035564 0.0566344 0.354385 0.048533 0.0253947 0.0837194
0.203673 0.0744389 0.0745619 0.000198918 0.0358556 0.601703 9.9982E-05 9.9982E-05 0.00936841
0.0870559 0.132939 0.131956 9.9982E-05 0.0461432 0.492094 9.9982E-05 0.0355263 0.0740863
0.313963 0.56525 0.0580483 9.9973E-05 0.0168036 9.9973E-05 9.9973E-05 0.00866859 0.0369659
0.136708 0.0484856 0.097596 0.0626876 9.9991E-05 0.559024 0.0400819 0.035252 0.0200648
0.13543 0.0571927 0.171813 9.9982E-05 0.06215 0.509032 9.9982E-05 0.0121012 0.0520817
0.0722666 0.0522744 0.0992882 0.0188659 0.0590656 0.572296 0.0282369 0.0235524 0.0741544
0.119981 0.154814 0.115085 9.9973E-05 9.9973E-05 0.546975 9.9973E-05 0.033628 0.0292171
0.199467 0.0121804 0.0881237 0.0135048 0.0903945 0.489399 0.064953 0.0418778 9.9991E-05
0.0492608 9.9964E-05 9.9964E-05 9.9964E-05 0.0655063 0.385009 0.0403532 9.9964E-05 0.459471
0.103797 9.9973E-05 0.0380864 9.9973E-05 0.0321577 0.483721 0.121845 9.9973E-05 0.220093
9.9946E-05 9.9946E-05 9.9946E-05 0.0625353 9.9946E-05 9.9946E-05 0.0218215 9.9946E-05 0.915044
0.0279822 9.9946E-05 9.9946E-05 0.0213977 9.9946E-05 9.9946E-05 9.9946E-05 9.9946E-05 0.950021
0.0360326 0.0282446 0.00649893 9.9991E-05 0.0431119 0.489929 0.0295975 0.0326498 0.333836
0.101842 0.11561 0.27243 9.9973E-05 0.0639578 0.346557 9.9973E-05 9.9973E-05 0.099303
0.123923 0.0958116 0.246149 9.9964E-05 9.9964E-05 0.342667 9.9964E-05 9.9964E-05 0.19105
0.100981 0.232339 0.237672 9.9964E-05 9.9964E-05 0.206098 9.9964E-05 9.9964E-05 0.22251
0.0600903 0.159822 0.198102 9.9973E-05 9.9973E-05 0.348581 9.9973E-05 0.0351881 0.197916
0.082538 0.100631 0.00914389 9.9982E-05 0.00324173 0.0638717 9.9982E-05 0.00157265 0.738801
0.0368777 0.133285 0.0455161 9.9973E-05 9.9973E-05 0.11785 9.9973E-05 0.0168152 0.649357
0.00286441 0.017125 0.0361652 9.9982E-05 0.0340037 0.560968 0.0104435 9.9982E-05 0.33823
0.0557197 9.9955E-05 0.113716 9.9955E-05 9.9955E-05 0.333297 9.9955E-05 9.9955E-05 0.496767
0.0404836 0.013409 0.0440762 9.9973E-05 9.9973E-05 0.196407 9.9973E-05 0.0333853 0.671939
0.0510954 9.9982E-05 0.0548509 0.0629141 0.0036715 0.491093 9.9982E-05 0.0102762 0.325899
0.0491739 0.00532668 0.0355321 9.9964E-05 9.9964E-05 0.551697 9.9964E-05 9.9964E-05 0.357871
0.103339 9.9982E-05 0.0344731 0.0479453 0.0827809 0.48185 0.00101359 9.9982E-05 0.248398
9.9955E-05 9.9955E-05 9.9955E-05 0.0413412 9.9955E-05 0.291239 9.9955E-05 0.00875353 0.658166
9.9964E-05 9.9964E-05 9.9964E-05 0.0492177 0.0836395 0.402886 9.9964E-05 0.000199775 0.463657
0.0610305 0.0188129 9.9982E-05 0.00228966 0.0492939 0.506919 0.0511668 9.9982E-05 0.310288
0.037752 0.0135556 0.00142518 0.0788019 0.0616773 0.452513 9.9982E-05 9.9982E-05 0.354075
0.0878425 9.9991E-05 0.0510425 0.025997 0.0681574 0.48389 0.0233891 0.00830333 0.251279
0.0138329 0.0138601 0.00127946 9.9982E-05 0.0145588 0.418323 0.0538572 9.9982E-05 0.484088
0.00209769 9.9973E-05 9.9973E-05 0.0149625 9.9973E-05 0.141451 0.00613953 0.0164121 0.818638
9.9946E-05 9.9946E-05 9.9946E-05 9.9946E-05 9.9946E-05 0.591609 9.9946E-05 0.0219732 0.385818
9.9964E-05 9.9964E-05 0.00716439 0.0649552 9.9964E-05 0.147516 0.01228 9.9964E-05 0.767685
0.0124628 9.9964E-05 9.9964E-05 9.9964E-05 0.0126437 0.407653 9.9964E-05 0.0215274 0.545313
0.0573903 9.9991E-05 0.00814281 0.0581921 0.0408699 0.467642 0.0546237 0.01691 0.296129
0.0253225 9.9982E-05 0.0681223 0.0830316 9.9982E-05 0.453994 0.0304847 0.0324855 0.30636
0.128969 0.0729741 0.107126 9.9982E-05 0.0451792 0.510792 9.9982E-05 0.0156727 0.119086
0.143513 0.0189922 0.120982 0.00342335 0.0687102 0.388933 0.0984762 0.0594583 0.0975112
0.148858 0.163819 0.210157 9.9991E-05 0.0350304 0.328525 0.00170389 0.0344922 0.0773139
0.0904593 0.123558 0.214675 0.042218 0.0424217 0.312344 0.0268663 0.0545421 0.0929155
0.107978 0.06105 0.159368 0.0304642 0.125495 0.445995 0.0380016 9.9991E-05 0.0315485
0.111822 0.0815639 0.132266 9.9982E-05 0.0544638 0.417647 9.9982E-05 0.0284232 0.173614
0.135098 0.0780488 0.0783924 9.9964E-05 9.9964E-05 9.9964E-05 9.9964E-05 0.0283587 0.679702
0.0686228 0.0183641 0.242161 9.9982E-05 0.0817726 0.445657 9.9982E-05 0.0163259 0.126897
0.272358 0.278391 0.044165 9.9955E-05 9.9955E-05 9.9955E-05 9.9955E-05 9.9955E-05 0.404587
0.0502565 0.00476147 0.15389 9.9973E-05 9.9973E-05 0.470264 9.9973E-05 0.00816225 0.312366
9.9937E-05 9.9937E-05 9.9937E-05 9.9937E-05 9.9937E-05 0.0627095 9.9937E-05 9.9937E-05 0.936591
9.9937E-05 9.9937E-05 9.9937E-05 9.9937E-05 9.9937E-05 9.9937E-05 0.0546707 9.9937E-05 0.94463
0.00563663 9.9955E-05 9.9955E-05 9.9955E-05 9.9955E-05 0.414727 9.9955E-05 0.00675689 0.57238
9.9946E-05 9.9946E-05 9.9946E-05 0.00225407 9.9946E-05 0.554806 9.9946E-05 9.9946E-05 0.44234
9.9937E-05 9.9937E-05 9.9937E-05 9.9937E-05 9.9937E-05 0.366791 9.9937E-05 9.9937E-05 0.63251
9.9946E-05 9.9946E-05 9.9946E-05 9.9946E-05 9.9946E-05 0.540434 9.9946E-05 0.00124362 0.457723
9.9937E-05 9.9937E-05 9.9937E-05 9.9937E-05 9.9937E-05 0.513807 9.9937E-05 9.9937E-05 0.485493
0.805615 0.0393769 0.0066355 0.0517221 9.9973E-05 9.9973E-05 9.9973E-05 0.0532102 0.0431407
0.706584 0.0261934 0.0540806 0.0586355 0.0397834 0.0545081 0.00849023 0.0489325 0.00279256
0.903275 9.9964E-05 0.0275579 0.00909474 9.9964E-05 9.9964E-05 9.9964E-05 0.0343568 0.0253161
0.87884 0.0641095 9.9955E-05 9.9955E-05 9.9955E-05 0.0253991 9.9955E-05 0.0311513 9.9955E-05
0.069681 0.0358836 0.00562453 0.00489083 0.0130666 0.579787 0.282517 9.9991E-05 0.0084494
0.0448676 9.9973E-05 0.0105113 0.0834264 9.9973E-05 0.519114 0.313258 0.0285227 9.9973E-05
9.9955E-05 9.9955E-05 9.9955E-05 0.0520122 9.9955E-05 0.554176 0.377709 0.0156033 9.9955E-05
0.0357268 9.9973E-05 9.9973E-05 0.0479635 0.0670499 0.614644 0.211288 0.0230275 9.9973E-05
0.0664825 9.9982E-05 0.0226208 0.0378924 0.192603 0.501874 0.15766 0.0206671 9.9982E-05
0.0520864 9.9964E-05 9.9964E-05 0.0910657 9.9964E-05 0.305126 0.546532 0.00479019 9.9964E-05
9.9937E-05 9.9937E-05 9.9937E-05 9.9937E-05 9.9937E-05 0.676183 0.323118 9.9937E-05 9.9937E-05
9.9982E-05 0.00223782 0.0354259 9.9982E-05 0.0470665 0.23312 0.587261 0.0183488 0.0763396
0.275347 0.0314702 0.136115 0.0965221 0.0234462 0.385812 0.021152 0.0300361 9.9991E-05
9.9964E-05 9.9964E-05 0.0155161 9.9964E-05 0.0829697 0.41817 0.383284 9.9964E-05 0.0996598
0.0124913 9.9955E-05 9.9955E-05 0.100088 9.9955E-05 0.359068 0.527853 9.9955E-05 9.9955E-05
9.9982E-05 0.00589234 0.00435685 9.9982E-05 0.0261513 0.54923 0.359676 0.00106932 0.0534243
0.0100627 9.9973E-05 0.0282936 0.128115 9.9973E-05 0.389427 0.439619 0.00418247 9.9973E-05
9.9955E-05 0.00158442 9.9955E-05 9.9955E-05 9.9955E-05 0.571389 0.382718 9.9955E-05 0.0438085
0.0370511 9.9982E-05 0.0331847 0.0282348 9.9982E-05 0.521331 0.311899 0.01576 0.0523391
9.9955E-05 9.9955E-05 0.00422293 9.9955E-05 9.9955E-05 0.0127744 0.890372 9.9955E-05 0.0921313
9.9964E-05 9.9964E-05 0.0295586 9.9964E-05 0.075056 0.286238 0.516592 9.9964E-05 0.0921552
9.9964E-05 0.0301488 9.9964E-05 9.9964E-05 9.9964E-05 0.376745 0.555123 0.00352653 0.0340575
9.9946E-05 0.0339459 9.9946E-05 9.9946E-05 9.9946E-05 9.9946E-05 0.879621 9.9946E-05 0.0858336
0.0643269 9.9964E-05 9.9964E-05 0.0758608 0.00635035 0.424961 0.428101 9.9964E-05 9.9964E-05
9.9964E-05 0.0400974 9.9964E-05 9.9964E-05 0.139736 0.0612902 0.687067 9.9964E-05 0.0714095
9.9946E-05 0.0515704 9.9946E-05 9.9946E-05 9.9946E-05 9.9946E-05 0.869781 9.9946E-05 0.0780488
0.011805 0.0246436 0.0502287 9.9982E-05 0.000972016 0.553643 0.323165 9.9982E-05 0.0353428
0.0356007 9.9973E-05 0.0105311 0.16294 0.0297306 0.199137 0.56176 9.9973E-05 9.9973E-05
0.011985 9.9964E-05 9.9964E-05 0.0540417 0.0643485 0.478706 0.390519 9.9964E-05 9.9964E-05
0.089527 0.0848381 0.0159333 0.00565484 0.0214728 0.557806 0.214257 0.00258918 0.00792141
0.0307333 9.9964E-05 9.9964E-05 0.0625276 9.9964E-05 0.552917 0.345361 0.0080604 9.9964E-05
9.9973E-05 0.0831793 9.9973E-05 0.271035 0.0271976 0.379179 0.0873917 9.9973E-05 0.151718
0.0329223 9.9982E-05 0.0406728 0.0347186 9.9982E-05 0.529972 0.318496 0.0114429 0.0315752
9.9964E-05 9.9964E-05 9.9964E-05 0.0895588 0.0493454 0.509146 0.329392 0.0221589 9.9964E-05
9.99723E-05 0.00320949 9.99723E-05 9.99723E-05 0.0140478 0.320718 0.576709 9.99723E-05 0.0849165
0.134525 0.0158278 9.9991E-05 0.0772931 0.0241237 0.482294 0.219556 0.0200515 0.0262285
0.631793 0.0142459 9.9973E-05 0.255489 0.0426804 9.9973E-05 9.9973E-05 0.0446942 0.0107968
0.701268 0.0207623 9.9982E-05 0.137142 0.0185541 9.9982E-05 0.029957 0.0706393 0.021477
0.65207 0.0839978 9.9955E-05 0.10345 9.9955E-05 9.9955E-05 9.9955E-05 0.159982 9.9955E-05
0.735519 0.00368735 9.9964E-05 0.123858 0.0386228 9.9964E-05 9.9964E-05 0.0979125 9.9964E-05
0.715046 9.9964E-05 9.9964E-05 0.167425 0.0688284 9.9964E-05 0.0152283 0.0330723 9.9964E-05
0.0657859 9.9955E-05 9.9955E-05 0.143727 9.9955E-05 0.186549 0.603438 9.9955E-05 9.9955E-05
