9.9955E-05 9.9955E-05 9.9955E-05 0.706997 0.00282565 9.9955E-05 9.9955E-05 0.0916742 0.198003
9.9946E-05 9.9946E-05 9.9946E-05 0.717958 9.9946E-05 9.9946E-05 9.9946E-05 0.0288344 0.252608
0.00164377 9.9973E-05 0.037573 0.658343 0.0308499 9.9973E-05 0.0259096 9.9973E-05 0.245381
9.9955E-05 0.0159562 9.9955E-05 0.723755 0.135347 9.9955E-05 9.9955E-05 9.9955E-05 0.124442
9.9946E-05 9.9946E-05 9.9946E-05 0.804331 0.0755723 9.9946E-05 9.9946E-05 9.9946E-05 0.119497
0.0182712 0.0510021 0.00932301 0.602721 0.0697579 0.00999719 0.120375 0.0620099 0.0565424
9.9955E-05 9.9955E-05 9.9955E-05 0.778199 0.0262573 9.9955E-05 0.178679 9.9955E-05 0.0163653
0.0555923 0.0939977 9.9964E-05 0.643336 9.9964E-05 9.9964E-05 0.15047 9.9964E-05 0.0562046
9.99639E-05 0.122544 9.99639E-05 0.694632 9.99639E-05 0.00960462 0.0351257 9.99639E-05 0.137694
0.00174949 0.0237277 9.9964E-05 0.782437 0.0751756 9.9964E-05 0.11651 9.9964E-05 9.9964E-05
9.9973E-05 0.0404903 9.9973E-05 0.656466 0.0798419 9.9973E-05 0.117539 0.0136425 0.0917208
0.0337425 0.467019 0.0886492 0.0232931 0.263908 9.9982E-05 0.108706 9.9982E-05 0.0144822
0.0735699 0.275343 0.0243319 0.0142334 0.523585 0.00990948 0.018485 9.9991E-05 0.0604429
0.121128 0.451097 0.0558658 0.0156965 0.268601 9.9973E-05 0.0873124 9.9973E-05 9.9973E-05
0.101622 0.432275 0.074064 0.0454561 0.260625 9.9982E-05 0.0317797 0.0539793 9.9982E-05
0.129909 0.297615 0.0412181 0.0490073 0.411415 0.00946973 0.0181063 0.0080798 0.0351793
0.0769075 0.202493 0.0206741 0.0346438 0.560107 9.9982E-05 0.0871759 9.9982E-05 0.0177995
0.0360449 0.270735 0.0892126 0.0254244 0.492805 0.0272186 0.0583591 9.9982E-05 9.9982E-05
0.0222992 0.391568 0.0254033 0.0888873 0.278324 9.9991E-05 0.11379 0.0740483 0.00558033
9.9964E-05 0.624809 0.0707976 0.024919 0.117957 9.9964E-05 0.161118 9.9964E-05 9.9964E-05
0.0120823 0.276247 0.0949914 9.9973E-05 0.479696 9.9973E-05 0.111783 9.9973E-05 0.0249002
0.0836982 0.15576 0.0276332 9.9973E-05 0.438859 0.0747505 0.218999 9.9973E-05 9.9973E-05
0.0274112 0.152816 0.109128 0.048347 0.581892 9.9982E-05 0.0683807 9.9982E-05 0.0118261
0.0372515 0.385449 0.0807725 0.0593709 0.266884 9.9982E-05 0.153634 0.0164387 9.9982E-05
0.00556298 0.128074 9.9991E-05 0.0447547 0.59671 0.0362047 0.0350991 0.0998058 0.053688
0.0344816 0.265978 0.0312857 0.0160988 0.546782 9.9973E-05 0.105074 9.9973E-05 9.9973E-05
0.0265722 0.433686 0.122831 0.00977601 0.266025 0.00501745 0.0912508 9.9991E-05 0.0447409
0.0673455 0.360076 0.102403 0.0561093 0.307477 9.9973E-05 0.106289 9.9973E-05 9.9973E-05
9.9955E-05 0.454953 0.0675505 9.9955E-05 0.276612 9.9955E-05 0.200384 9.9955E-05 9.9955E-05
0.0132659 9.9946E-05 9.9946E-05 0.897275 0.0888599 9.9946E-05 9.9946E-05 9.9946E-05 9.9946E-05
0.0105157 9.9946E-05 9.9946E-05 0.875578 0.113306 9.9946E-05 9.9946E-05 9.9946E-05 9.9946E-05
0.0857022 9.9964E-05 9.9964E-05 0.716004 0.0974777 9.9964E-05 9.9964E-05 0.00132474 0.0990915
0.0466872 9.9964E-05 9.9964E-05 0.713301 0.143623 9.9964E-05 9.9964E-05 0.0911027 0.00488578
9.9973E-05 0.0723536 0.200247 0.0819428 0.541096 9.9973E-05 0.0899741 9.9973E-05 0.014087
0.0866698 0.0910212 0.278518 0.0575648 0.449818 9.9973E-05 9.9973E-05 9.9973E-05 0.0361077
9.9964E-05 9.9964E-05 0.348513 9.9964E-05 0.565243 0.0474168 9.9964E-05 0.0311676 0.00725963
9.9982E-05 0.610311 0.0784213 0.0464557 0.184785 0.0511698 9.9982E-05 0.0229607 0.00569664
0.0237001 9.9973E-05 0.568261 9.9973E-05 0.271139 0.0245477 0.109345 9.9973E-05 0.00270742
9.9973E-05 0.0873705 0.222763 0.0627837 0.544826 9.9973E-05 9.9973E-05 0.0561927 0.0257641
9.9982E-05 0.0130328 0.167737 0.0136267 0.72423 9.9982E-05 0.0463663 0.00647096 0.0283363
9.9973E-05 0.093138 0.028811 0.039239 0.571282 9.9973E-05 0.229549 9.9973E-05 0.0376809
0.018354 0.10125 0.0826548 0.0631477 0.607063 9.9982E-05 0.0788131 9.9982E-05 0.0485175
9.9955E-05 0.152003 0.665906 0.0337124 0.147878 9.9955E-05 9.9955E-05 9.9955E-05 9.9955E-05
9.9955E-05 9.9955E-05 9.9955E-05 0.0612832 0.65885 9.9955E-05 0.228459 0.0509082 9.9955E-05
0.057194 0.0140502 0.206058 0.060811 0.588798 9.9982E-05 0.00892214 9.9982E-05 0.0639666
0.0110032 0.0469342 0.0910181 0.0651037 0.590695 9.9991E-05 0.100165 0.0175916 0.0773894
9.9955E-05 9.9955E-05 0.598226 9.9955E-05 0.338314 0.0620225 0.000938343 9.9955E-05 9.9955E-05
9.9982E-05 0.0363996 0.237231 0.0504693 0.597351 9.9982E-05 0.0195312 0.00589 0.0529276
0.0822505 0.0519793 0.138864 0.0840051 0.53815 0.00984877 0.0368446 9.9991E-05 0.0579579
9.9955E-05 0.0134765 0.657665 9.9955E-05 9.9955E-05 0.0418628 0.286496 9.9955E-05 9.9955E-05
9.9955E-05 0.615116 0.0754186 9.9955E-05 0.198098 9.9955E-05 0.110868 9.9955E-05 9.9955E-05
0.000546227 0.251848 0.162181 9.9982E-05 0.145262 0.145285 0.231538 0.0631406 9.9982E-05
0.055456 0.150244 0.0278332 0.0626353 0.516053 0.0316475 0.0556131 0.0767801 0.023738
0.0387144 0.0573651 0.0436653 0.0848839 0.540505 0.13595 0.0321044 0.0667125 9.9991E-05
9.9982E-05 0.0959197 0.0503422 9.9982E-05 0.585447 0.102036 0.000675402 0.0942471 0.0711326
9.9973E-05 0.506655 0.109514 0.12236 0.198871 9.9973E-05 0.0506482 0.0116522 9.9973E-05
9.9982E-05 0.358762 0.0367264 0.00108951 0.539861 0.0123341 0.0145077 0.036519 9.9982E-05
0.0218418 0.0807022 0.109876 0.0697844 0.538524 0.0537693 0.0472709 0.0448029 0.0334283
0.0229645 0.230105 0.0355831 0.0998479 0.417283 0.0707085 0.123308 9.9982E-05 9.9982E-05
0.0231442 0.43443 0.111803 0.0734318 0.147736 9.9982E-05 0.145402 9.9982E-05 0.0638534
0.0408452 0.134064 0.0693678 0.075571 0.552167 0.0563569 0.0567982 0.00489093 0.00993896
9.9982E-05 0.235993 0.0359572 0.0979016 0.478469 0.0622151 0.00515248 0.0841117 9.9982E-05
9.9973E-05 0.537611 0.122165 0.0638015 0.125963 0.00742782 0.142732 9.9973E-05 9.9973E-05
0.0240115 0.390435 0.110614 9.9973E-05 0.418289 0.0351006 0.0212489 9.9973E-05 9.9973E-05
9.9982E-05 0.105057 0.109563 0.0110246 0.539178 0.0780549 0.0573772 0.0995447 9.9982E-05
9.9991E-05 0.156366 0.0158105 0.0362267 0.631699 0.0165676 0.0763166 0.043027 0.0238869
0.0586678 0.394859 0.139402 0.0780244 0.2676 9.9973E-05 0.0611475 9.9973E-05 9.9973E-05
0.0153824 0.199347 0.0793308 0.056088 0.490154 0.0341126 0.0829965 0.0290243 0.0135652
0.0530711 0.162646 0.0549012 9.9991E-05 0.544794 0.0770053 0.0293807 0.0110798 0.0670213
0.00407007 0.475385 0.145169 9.9982E-05 0.228205 9.9982E-05 0.0805464 0.018492 0.0479323
0.00594488 9.9964E-05 0.476282 0.0277285 0.474133 9.9964E-05 9.9964E-05 9.9964E-05 0.0155116
9.9955E-05 0.0603666 0.691931 9.9955E-05 0.200195 9.9955E-05 9.9955E-05 9.9955E-05 0.0470081
0.037315 0.0774567 0.252318 0.0949283 0.48701 9.9982E-05 9.9982E-05 0.0288244 0.0219474
9.9955E-05 9.9955E-05 0.899332 9.9955E-05 9.9955E-05 0.0412508 0.047856 0.0110617 9.9955E-05
9.9946E-05 9.9946E-05 0.876586 9.9946E-05 9.9946E-05 0.0580274 0.0647872 9.9946E-05 9.9946E-05
9.9955E-05 9.9955E-05 0.719371 9.9955E-05 0.233223 0.0252374 0.0216686 9.9955E-05 9.9955E-05
9.9955E-05 0.0382997 0.445656 9.9955E-05 0.455444 9.9955E-05 9.9955E-05 9.9955E-05 0.0601001
0.0116764 0.0566132 0.159704 0.102846 0.484833 0.061043 9.9991E-05 0.110674 0.0125107
0.023885 9.9964E-05 0.465299 9.9964E-05 0.452267 0.0472954 9.9964E-05 0.0108542 9.9964E-05
9.9955E-05 0.16623 0.597782 0.0546019 0.180885 9.9955E-05 9.9955E-05 9.9955E-05 9.9955E-05
9.9955E-05 0.124904 0.573026 0.0212535 0.280317 9.9955E-05 9.9955E-05 9.9955E-05 9.9955E-05
0.0387397 0.0333862 0.277328 0.0840042 0.504487 0.0156451 9.9991E-05 0.0190084 0.0273013
9.9964E-05 0.0632623 0.523207 0.01736 0.362418 9.9964E-05 9.9964E-05 9.9964E-05 0.0333521
9.9973E-05 0.073809 0.437994 0.0237738 0.431277 9.9973E-05 9.9973E-05 0.0173746 0.0154714
0.00487005 9.9973E-05 0.460829 9.9973E-05 0.462468 0.0374662 0.00764935 9.9973E-05 0.0264168
9.9946E-05 9.9946E-05 0.674226 9.9946E-05 9.9946E-05 0.0942657 0.230908 9.9946E-05 9.9946E-05
0.0547245 9.9991E-05 0.257657 0.0341922 0.598108 0.0295562 0.00284947 0.0206428 0.00216985
9.9955E-05 0.0677271 9.9955E-05 0.683599 0.0843374 9.9955E-05 9.9955E-05 9.9955E-05 0.163837
9.9955E-05 9.9955E-05 9.9955E-05 0.905391 0.043821 9.9955E-05 9.9955E-05 0.0407796 0.00950895
9.9946E-05 9.9946E-05 9.9946E-05 0.813131 0.0808296 9.9946E-05 9.9946E-05 0.105439 9.9946E-05
0.0507346 9.9964E-05 9.9964E-05 0.893735 0.0218747 9.9964E-05 9.9964E-05 0.00528682 0.0279695
0.0393038 9.9964E-05 9.9964E-05 0.886521 0.00435838 0.00322029 9.9964E-05 9.9964E-05 0.0661971
0.0536898 9.9964E-05 9.9964E-05 0.822147 0.0723761 0.00182821 9.9964E-05 9.9964E-05 0.0495594
0.00421736 9.9955E-05 9.9955E-05 0.897781 0.082193 9.9955E-05 9.9955E-05 9.9955E-05 0.0153091
0.0826865 0.102233 0.217067 0.0563637 0.474004 0.0182239 9.9991E-05 0.0101946 0.0391271
0.0234176 0.0575739 0.131695 0.102709 0.526903 0.0245282 0.0974274 0.024574 0.0111715
9.9973E-05 0.201887 0.711962 0.01932 0.0424544 0.0025951 9.9973E-05 9.9973E-05 0.0214818
0.0155524 0.021577 0.196179 0.0969668 0.539515 0.0639696 9.9982E-05 0.0660404 9.9982E-05
0.0115006 0.0980911 0.453627 9.9973E-05 0.384513 0.00659561 9.9973E-05 9.9973E-05 0.0453726
9.9973E-05 0.0592161 0.314963 0.0461961 0.525978 9.9973E-05 9.9973E-05 0.025678 0.027669
9.9973E-05 9.9973E-05 0.249717 0.0447174 0.557031 0.097594 0.0422658 9.9973E-05 0.00837479
9.9982E-05 0.00737771 0.346316 0.0132907 0.521296 0.0888223 9.9982E-05 0.0146945 0.00800265
9.9955E-05 0.22188 0.714816 0.0548816 0.00792289 9.9955E-05 9.9955E-05 9.9955E-05 9.9955E-05
0.0432699 0.156956 0.19 0.0218221 0.452261 0.0069534 9.9991E-05 0.0190437 0.109594
0.0322432 0.0366813 0.140909 0.0777488 0.646451 9.9991E-05 0.020122 0.0256074 0.0201371
9.9973E-05 0.0726806 0.103584 0.124913 0.605885 0.0449602 0.0476769 9.9973E-05 9.9973E-05
0.00325108 9.9982E-05 0.497996 0.0143582 0.27707 0.016029 0.17127 0.0198263 9.9982E-05
0.0294508 9.9964E-05 0.416265 9.9964E-05 0.472934 0.0688983 9.9964E-05 9.9964E-05 0.0120516
9.9964E-05 0.121256 0.359052 9.9964E-05 0.465355 9.9964E-05 0.0195636 9.9964E-05 0.0343735
0.0218555 9.9964E-05 0.547603 9.9964E-05 0.360298 0.0601165 9.9964E-05 9.9964E-05 0.00972652
9.9973E-05 0.105313 0.389452 0.0539862 0.435858 9.9973E-05 9.9973E-05 0.00116283 0.0139278
0.00799746 0.0587179 0.166951 0.0915413 0.525814 0.046297 0.0565026 0.0344997 0.0116795
9.9973E-05 0.361649 0.042466 9.9973E-05 0.260905 0.169749 0.0570719 0.10786 9.9973E-05
9.9991E-05 0.359603 0.0288441 0.031545 0.438629 0.0181946 0.082749 0.00111796 0.039217
0.0401152 0.213709 9.9991E-05 0.0584084 0.537133 0.036859 0.0284244 0.0380309 0.0472202
9.9991E-05 0.160475 0.0262221 0.00749898 0.557577 0.036292 0.0628838 0.0742476 0.0747035
9.9982E-05 0.352148 9.9982E-05 0.0405147 0.496073 0.00606211 0.0994247 0.0037544 0.00182305
0.0384368 0.226454 9.9982E-05 0.052789 0.615082 0.0221163 0.0421584 0.00276349 9.9982E-05
9.9973E-05 0.419974 9.9973E-05 0.0110883 0.47451 0.0429108 0.0106535 9.9973E-05 0.0405632
0.0321516 0.184619 0.049398 0.0478901 0.489754 0.0456894 0.119936 0.0224671 0.00809468
0.010362 0.149065 9.9991E-05 0.10171 0.609855 0.0529475 0.0320026 0.0187888 0.0251685
9.9973E-05 0.245713 9.9973E-05 0.0538881 0.596266 0.00777845 0.0596393 0.0364157 9.9973E-05
9.9982E-05 0.263292 0.0787157 0.0364334 0.551741 0.0351335 0.00178498 9.9982E-05 0.0326992
0.060085 0.161614 9.9982E-05 9.9982E-05 0.612233 0.0803309 0.0321761 0.00653404 0.0468267
0.00372522 0.146398 9.9991E-05 0.052426 0.606104 0.0411489 0.0430684 0.0693242 0.0377056
0.0722554 0.184797 0.024507 9.9982E-05 0.544305 0.0778248 0.0745465 9.9982E-05 0.0215641
0.0520429 0.108818 9.9982E-05 0.0655712 0.566982 0.0995476 0.0762001 9.9982E-05 0.0306382
0.0408556 0.187836 0.0039577 9.9982E-05 0.584065 0.149074 9.9982E-05 0.0223283 0.0116832
0.00150808 0.23778 0.041588 9.9991E-05 0.306184 0.0861705 0.167743 0.111338 0.0475879
0.0078429 0.170349 0.0219615 0.0228524 0.583651 0.0987169 9.9991E-05 0.0682064 0.0263203
9.9982E-05 0.155022 0.00574048 0.0126205 0.61594 0.100188 0.00934319 0.100946 9.9982E-05
0.0418363 0.566268 0.116407 9.9982E-05 0.195643 0.0710931 0.000933576 9.9982E-05 0.00761852
9.9973E-05 0.32989 0.0214062 9.9973E-05 0.168859 0.208389 0.210296 0.0608599 9.9973E-05
0.0409036 0.229051 0.0664984 0.0220073 0.503916 0.0255366 0.085703 9.9991E-05 0.0262838
9.9964E-05 0.347919 0.0872117 9.9964E-05 0.121149 0.235719 0.207601 9.9964E-05 9.9964E-05
9.9964E-05 0.517879 0.0575823 9.9964E-05 0.372371 0.0397786 9.9964E-05 9.9964E-05 0.0119899
9.9955E-05 0.431971 0.0571955 9.9955E-05 0.45638 0.0539529 9.9955E-05 9.9955E-05 9.9955E-05
9.9964E-05 0.46038 0.110872 9.9964E-05 0.36954 0.0251082 9.9964E-05 9.9964E-05 0.0337001
9.9964E-05 0.518999 0.052575 9.9964E-05 0.357123 0.0657361 0.00516651 9.9964E-05 9.9964E-05
9.9991E-05 0.215619 0.0542787 0.0445621 0.533861 0.0678814 0.00210564 0.053438 0.0281541
0.0153297 0.17491 0.0149013 0.0760339 0.574547 0.0269129 0.0355674 0.0514559 0.0303425
0.0116975 0.226526 0.0505167 0.0496199 0.581198 0.0357528 0.00769632 0.0127617 0.0242303
0.0111048 0.40051 0.0892814 9.9973E-05 0.169156 0.145963 0.183686 9.9973E-05 9.9973E-05
0.0322379 0.0941425 0.0706531 0.0628323 0.545936 0.0263956 0.108441 0.00514861 0.0542136
9.9982E-05 0.0806056 0.00677803 0.0687043 0.482669 0.0758552 0.20927 0.0759175 9.9982E-05
9.9973E-05 0.0996444 0.123151 0.0544025 9.9973E-05 0.140768 0.576312 9.9973E-05 0.00542204
0.0507166 0.00123857 0.0455542 0.0886586 0.633293 0.050122 0.130217 9.9982E-05 9.9982E-05
0.0292824 0.0946653 0.0698642 0.0528605 0.322326 0.072044 0.331881 0.00618175 0.0208949
9.9991E-05 0.0491873 0.0248635 0.0798297 0.495968 0.0159168 0.227593 0.080222 0.0263189
9.9982E-05 0.150382 0.0200668 0.0286382 0.269524 0.0597025 0.456171 0.0153165 9.9982E-05
9.9973E-05 0.160317 0.0930204 0.0147262 0.111025 0.130857 0.489755 9.9973E-05 9.9973E-05
9.9982E-05 0.0861329 0.0549198 0.0389976 0.420434 0.0944142 0.268215 0.0366866 9.9982E-05
0.0661184 0.0528966 0.0846518 0.0805795 0.492397 0.00943441 0.136532 9.9991E-05 0.0772906
0.0033035 0.0840616 0.0359838 0.0910058 0.463302 0.0388152 0.188895 0.0287078 0.0659243
0.0491918 0.0903782 0.209955 0.0329728 0.121874 0.144442 0.345939 0.00514672 9.9991E-05
9.9991E-05 0.0844753 0.0364993 0.000809478 0.519712 0.0685703 0.117698 0.143657 0.0284793
9.9964E-05 0.0841598 0.0548083 9.9964E-05 0.346336 0.113775 0.40052 9.9964E-05 9.9964E-05
9.9964E-05 0.10509 0.0733169 9.9964E-05 0.472008 0.0871313 0.262053 9.9964E-05 9.9964E-05
0.0184806 0.125572 0.0239032 0.0917364 0.572481 0.0478427 0.109546 9.9991E-05 0.0103384
0.0693334 0.0102113 9.9973E-05 0.314038 0.129552 9.9973E-05 0.200429 0.276136 9.9973E-05
9.9946E-05 9.9946E-05 9.9946E-05 0.359294 9.9946E-05 9.9946E-05 0.375426 0.26468 9.9946E-05
0.0323475 9.9955E-05 9.9955E-05 0.364476 9.9955E-05 9.9955E-05 0.449109 0.153568 9.9955E-05
0.0792409 9.9973E-05 9.9973E-05 0.273795 0.0696861 9.9973E-05 0.277185 0.276454 0.0233393
9.9973E-05 0.0247528 0.0696173 9.9973E-05 0.633112 0.0207468 0.24048 9.9973E-05 0.010991
0.012761 0.0185704 0.0418638 0.066399 0.613244 0.061836 0.11441 0.00191466 0.0690003
0.622881 9.9955E-05 0.0125869 9.9955E-05 0.319998 9.9955E-05 9.9955E-05 0.0440337 9.9955E-05
0.444727 0.032498 0.0654583 0.0553845 0.381718 9.9982E-05 0.0110012 0.00901367 9.9982E-05
0.409699 0.0783241 0.0670002 0.0590286 0.344095 0.0195872 0.00674588 0.0154204 9.9991E-05
0.0128197 0.0447393 0.0512249 9.9973E-05 0.288744 0.131184 0.470989 9.9973E-05 9.9973E-05
0.0139011 0.0957725 0.0292123 0.0565868 0.488002 0.0607138 0.172866 0.0194719 0.0634741
9.9964E-05 0.0620402 0.0134477 9.9964E-05 0.303346 0.111007 0.509759 9.9964E-05 9.9964E-05
9.9964E-05 9.9964E-05 9.9964E-05 0.0406218 0.619959 0.0484122 0.261211 9.9964E-05 0.0293969
9.9982E-05 0.0797017 9.9982E-05 0.00714976 0.462801 0.108114 0.290356 0.0490569 0.00262056
0.00936693 9.9964E-05 9.9964E-05 0.00465552 0.573994 0.0861695 0.325415 9.9964E-05 9.9964E-05
9.9964E-05 0.0206173 0.0294094 9.9964E-05 0.257814 0.0876827 0.604076 9.9964E-05 9.9964E-05
0.0133252 9.9973E-05 0.0197474 0.0631969 0.664676 0.0485063 0.190249 9.9973E-05 9.9973E-05
0.00805 0.0658912 0.0499779 0.0424979 0.574906 0.0151873 0.153821 0.00941474 0.0802539
0.950999 9.9946E-05 9.9946E-05 9.9946E-05 0.0173648 9.9946E-05 9.9946E-05 9.9946E-05 0.0310365
0.913039 9.9946E-05 9.9946E-05 9.9946E-05 0.0555313 0.03083 9.9946E-05 9.9946E-05 9.9946E-05
0.564949 0.0410944 9.9982E-05 0.0443118 0.279873 0.0413165 0.00995199 9.9982E-05 0.0183029
0.612034 0.0129184 9.9955E-05 9.9955E-05 0.368286 9.9955E-05 9.9955E-05 9.9955E-05 0.00626128
0.826178 0.0110294 0.00145091 9.9964E-05 0.159909 9.9964E-05 9.9964E-05 9.9964E-05 0.00103355
0.999201 9.993E-05 9.993E-05 9.993E-05 9.993E-05 9.993E-05 9.993E-05 9.993E-05 9.993E-05
0.959548 0.0182612 9.9946E-05 9.9946E-05 0.0215908 9.9946E-05 9.9946E-05 9.9946E-05 9.9946E-05
0.859825 9.9946E-05 0.00513903 9.9946E-05 0.134436 9.9946E-05 9.9946E-05 9.9946E-05 9.9946E-05
0.938158 0.0500819 9.9955E-05 9.9955E-05 0.00199003 9.9955E-05 9.9955E-05 9.9955E-05 0.00927003
0.999201 9.993E-05 9.993E-05 9.993E-05 9.993E-05 9.993E-05 9.993E-05 9.993E-05 9.993E-05
0.999201 9.993E-05 9.993E-05 9.993E-05 9.993E-05 9.993E-05 9.993E-05 9.993E-05 9.993E-05
0.732638 0.01721 9.9955E-05 0.0277477 0.221905 9.9955E-05 9.9955E-05 9.9955E-05 9.9955E-05
0.711878 0.0379942 9.9973E-05 0.0129078 0.0969475 9.9973E-05 9.9973E-05 0.101046 0.038927
0.999201 9.993E-05 9.993E-05 9.993E-05 9.993E-05 9.993E-05 9.993E-05 9.993E-05 9.993E-05
0.318398 0.107812 0.0777515 0.013911 0.317896 9.9982E-05 0.028439 0.135592 9.9982E-05
0.579292 0.00476273 0.014648 0.0538072 0.25437 9.9973E-05 9.9973E-05 0.0928203 9.9973E-05
0.753721 0.00462694 0.00986968 9.9973E-05 0.143171 9.9973E-05 9.9973E-05 0.0602906 0.0280212
0.882032 9.9964E-05 9.9964E-05 0.0134738 0.0946153 9.9964E-05 9.9964E-05 0.0059021 0.0035769
0.976463 9.9937E-05 9.9937E-05 9.9937E-05 9.9937E-05 9.9937E-05 9.9937E-05 0.0228379 9.9937E-05
0.922694 9.9955E-05 9.9955E-05 9.9955E-05 0.0278946 9.9955E-05 9.9955E-05 0.0456861 0.0032254
0.988244 9.9937E-05 9.9937E-05 9.9937E-05 9.9937E-05 9.9937E-05 9.9937E-05 0.0110565 9.9937E-05
0.617854 0.0455303 9.9973E-05 0.0624371 0.240009 0.00980668 9.9973E-05 0.0240627 9.9973E-05
0.924441 9.9964E-05 0.00607707 0.012431 9.9964E-05 0.00918942 9.9964E-05 0.0474617 9.9964E-05
0.00398107 9.9973E-05 9.9973E-05 0.203661 9.9973E-05 0.0619185 0.624977 0.070063 0.0351
0.0722834 0.0237097 0.03875 0.206444 0.390451 0.00825117 0.25991 9.9982E-05 9.9982E-05
9.9973E-05 9.9973E-05 0.00423556 0.114041 0.460374 0.0636694 0.267732 0.0896488 9.9973E-05
0.0196263 0.0267981 9.9982E-05 0.126397 0.197594 0.00258237 0.470991 0.155811 9.9982E-05
0.0714512 0.0760661 0.0419681 0.0537903 0.410301 9.9991E-05 0.170463 0.139185 0.0366757
0.057164 9.9973E-05 9.9973E-05 0.158807 0.114725 9.9973E-05 0.54799 0.120592 0.00042304
0.0571808 0.0464172 9.9991E-05 0.0930621 0.412767 0.0619553 0.190508 0.0973029 0.040707
0.0600173 9.9973E-05 9.9973E-05 0.0485515 0.337402 9.9973E-05 0.390992 0.0590304 0.103707
0.0281051 9.9973E-05 9.9973E-05 0.104717 0.467481 9.9973E-05 0.263889 0.129465 0.00604275
0.0498909 9.9973E-05 9.9973E-05 0.111666 0.354634 9.9973E-05 0.300045 0.162003 0.0214613
0.0520081 0.0427076 0.0380213 0.116615 0.396446 0.0198645 0.171958 0.143921 0.0184587
0.00293076 9.9973E-05 9.9973E-05 0.771693 0.0558807 0.0150642 0.00720857 9.9973E-05 0.146923
0.0279901 9.9964E-05 9.9964E-05 0.765224 9.9964E-05 0.0355724 9.9964E-05 0.0499638 0.12085
9.9964E-05 0.0193105 9.9964E-05 0.758875 0.0157207 9.9964E-05 9.9964E-05 0.00234014 0.203353
9.9946E-05 9.9946E-05 0.0183224 0.862224 9.9946E-05 9.9946E-05 9.9946E-05 9.9946E-05 0.118853
9.9955E-05 9.9955E-05 9.9955E-05 0.840031 0.0697485 9.9955E-05 0.016866 9.9955E-05 0.0728548
9.9946E-05 9.9946E-05 9.9946E-05 0.731746 9.9946E-05 9.9946E-05 9.9946E-05 0.0407863 0.226868
0.0158357 0.0182815 9.9964E-05 0.786088 0.0361573 9.9964E-05 9.9964E-05 9.9964E-05 0.143237
9.9955E-05 0.0340689 9.9955E-05 0.82891 9.9955E-05 0.0147586 9.9955E-05 9.9955E-05 0.121763
0.0272628 9.9973E-05 0.00744618 0.774174 0.0313686 9.9973E-05 0.0408785 9.9973E-05 0.11857
9.9964E-05 0.0268254 9.9964E-05 0.715138 9.9964E-05 9.9964E-05 0.0245758 0.0655773 0.167484
9.9964E-05 0.26866 0.0495033 0.509962 9.9964E-05 9.9964E-05 0.0692007 9.9964E-05 0.102274
9.9973E-05 0.319033 0.00707332 0.593707 9.9973E-05 0.0204437 0.0291068 9.9973E-05 0.030336
9.9964E-05 0.303295 0.0654861 0.486959 9.9964E-05 9.9964E-05 0.0898096 9.9964E-05 0.0540499
9.9964E-05 0.403194 0.0278267 0.361824 9.9964E-05 9.9964E-05 0.115867 9.9964E-05 0.0908882
9.9982E-05 0.164443 0.217181 0.0512937 0.48586 9.9982E-05 0.0518194 0.0144292 0.0147741
0.01817 0.0850262 0.304179 0.0532581 0.496646 0.0305707 9.9982E-05 9.9982E-05 0.0119495
9.9982E-05 0.198035 0.128462 0.0358132 0.573128 0.0504571 9.9982E-05 0.00560576 0.00829912
9.9973E-05 0.259066 0.266391 0.0553806 0.395148 0.0136323 0.0100818 9.9973E-05 9.9973E-05
0.00571087 0.590627 0.0569581 9.9973E-05 0.237154 0.0664444 0.0428054 9.9973E-05 9.9973E-05
0.00342646 0.0428739 0.167843 0.0631991 0.642377 0.0649671 9.9982E-05 0.0151134 9.9982E-05
0.0449724 0.097231 0.277965 9.9955E-05 0.579332 9.9955E-05 9.9955E-05 9.9955E-05 9.9955E-05
9.9973E-05 0.0402621 0.270717 9.9973E-05 0.523861 0.0934647 0.0356309 0.0357642 9.9973E-05
0.0149506 9.9982E-05 0.533226 9.9982E-05 0.382062 0.0401916 0.015218 0.00263056 0.011522
0.0372325 0.0750816 0.12535 0.0352958 0.577776 0.11979 0.0115738 9.9991E-05 0.0178001
9.9955E-05 0.0728921 0.464814 0.0276789 0.434115 9.9955E-05 9.9955E-05 9.9955E-05 9.9955E-05
9.9946E-05 9.9946E-05 0.792651 9.9946E-05 9.9946E-05 0.144804 0.0619461 9.9946E-05 9.9946E-05
0.00826678 0.110492 0.113489 0.0648931 0.586655 0.072815 9.9982E-05 9.9982E-05 0.0431894
9.9955E-05 9.9955E-05 0.592356 9.9955E-05 0.155116 0.099742 0.152287 9.9955E-05 9.9955E-05
0.0108467 9.9982E-05 0.309604 0.0149309 0.54504 0.068096 0.0301655 9.9982E-05 0.0211168
9.9955E-05 0.201388 0.656831 0.00529128 0.13599 9.9955E-05 9.9955E-05 9.9955E-05 9.9955E-05
9.9964E-05 0.773927 9.9964E-05 0.0823398 9.9964E-05 0.00555424 0.0436855 9.9964E-05 0.0940935
9.9964E-05 0.751709 9.9964E-05 9.9964E-05 0.0510465 0.00693193 0.0488217 9.9964E-05 0.141091
9.9973E-05 0.776677 0.0208355 0.0361202 0.0171197 9.9973E-05 0.0596394 9.9973E-05 0.0893086
9.9964E-05 0.800736 0.0061781 9.9964E-05 9.9964E-05 0.00555753 0.0537941 9.9964E-05 0.133334
0.00114352 0.774066 9.9964E-05 9.9964E-05 0.106663 9.9964E-05 0.0439757 9.9964E-05 0.0737521
0.0136561 0.738293 9.9964E-05 9.9964E-05 0.104761 9.9964E-05 0.0695659 9.9964E-05 0.0733237
0.0706839 9.99727E-05 0.041036 0.818585 0.015388 9.99727E-05 9.99727E-05 9.99727E-05 0.0539069
9.9964E-05 0.0281948 9.9964E-05 0.803056 0.0802344 0.00751989 9.9964E-05 0.0805946 9.9964E-05
0.0324522 9.9991E-05 0.0152855 0.761397 0.134063 0.0182208 0.00896847 0.0176399 0.0118731
0.0866832 0.00399516 0.0625452 0.846277 9.9955E-05 9.9955E-05 9.9955E-05 9.9955E-05 9.9955E-05
0.0397972 9.9955E-05 9.9955E-05 0.799731 0.1472 9.9955E-05 0.0127723 9.9955E-05 9.9955E-05
9.9955E-05 0.536201 9.9955E-05 0.326399 9.9955E-05 9.9955E-05 0.0494436 9.9955E-05 0.0874573
9.9973E-05 0.512328 9.9973E-05 0.40598 9.9973E-05 0.0375845 0.0118417 0.0264686 0.00549688
9.9973E-05 0.483424 9.9973E-05 0.373217 0.0173529 0.0386408 9.9973E-05 0.0175213 0.0695436
9.9937E-05 9.9937E-05 9.9937E-05 0.867217 0.132083 9.9937E-05 9.9937E-05 9.9937E-05 9.9937E-05
9.9955E-05 0.491474 9.9955E-05 0.305978 9.9955E-05 0.0823361 9.9955E-05 9.9955E-05 0.119712
0.0804255 9.9982E-05 9.9982E-05 0.132756 0.238113 0.00869756 0.131145 0.343269 0.0653937
0.118136 0.0373547 9.9991E-05 0.0569832 0.496582 0.0118562 0.0424341 0.184738 0.0518161
0.0784225 9.9964E-05 9.9964E-05 0.0821352 0.517954 9.9964E-05 9.9964E-05 0.20954 0.111549
0.086486 9.9982E-05 9.9982E-05 0.151485 0.266153 0.0454711 0.0966108 0.301039 0.0525548
0.0809393 0.128899 9.9991E-05 0.0813987 0.476124 0.0408295 0.0458067 0.0881359 0.057766
9.9955E-05 9.9955E-05 9.9955E-05 0.299585 9.9955E-05 9.9955E-05 0.201934 0.482998 0.0149837
9.9964E-05 0.407976 0.0143474 9.9964E-05 0.500244 0.026546 0.0504869 9.9964E-05 9.9964E-05
9.9973E-05 0.195964 0.0420279 9.9973E-05 0.458947 0.170165 0.117378 0.0152178 9.9973E-05
9.9973E-05 0.50961 0.0402748 0.0396226 0.325055 0.0280617 0.0570759 9.9973E-05 9.9973E-05
0.0011287 0.130819 0.0804501 9.9982E-05 0.501708 0.192646 0.0697872 9.9982E-05 0.0232611
9.9955E-05 0.313201 0.0604511 9.9955E-05 9.9955E-05 0.327511 0.298337 9.9955E-05 9.9955E-05
0.0754189 0.153241 0.0402631 0.0335414 0.533396 0.0256025 0.0908081 0.00509768 0.0426315
0.000472708 0.1552 0.0501794 0.0351211 0.530978 0.102635 0.0722457 0.0530686 9.9991E-05
9.9973E-05 0.466802 0.026295 0.0234339 0.372999 0.0101957 0.099974 9.9973E-05 9.9973E-05
9.9973E-05 0.169813 0.109391 0.0809568 0.560964 9.9973E-05 0.0302357 0.04834 9.9973E-05
9.9964E-05 0.319098 0.143379 9.9964E-05 0.142674 0.156403 0.238046 9.9964E-05 9.9964E-05
9.9973E-05 0.158236 0.0550753 9.9973E-05 0.557071 0.0881756 0.11476 9.9973E-05 0.0263829
0.00244306 0.33528 0.0665542 9.9973E-05 0.517402 0.0341469 9.9973E-05 9.9973E-05 0.0438732
0.0630484 0.112943 0.111674 0.0193524 0.380485 0.0330254 0.0801298 0.172357 0.0269854
9.9982E-05 0.237796 0.0939379 9.9982E-05 0.33944 0.135631 0.156553 0.0272081 0.00923414
9.9973E-05 0.199037 0.0950996 9.9973E-05 0.409594 0.0984872 0.143914 0.0535685 9.9973E-05
0.0270454 0.184065 9.9964E-05 9.9964E-05 0.563971 0.159893 0.064626 9.9964E-05 9.9964E-05
9.9964E-05 0.174361 0.0711443 9.9964E-05 0.583011 0.11844 0.0526441 9.9964E-05 9.9964E-05
0.0575912 0.13329 0.0208373 0.0449743 0.596983 0.0963905 0.0133459 0.0364886 9.99903E-05
0.0272747 0.115138 0.071972 0.0332999 0.531415 0.064692 0.0306246 0.0495516 0.0760317
0.00467052 0.156776 0.0638689 0.0925009 0.607543 0.031856 0.042584 9.9982E-05 9.9982E-05
9.993E-05 9.993E-05 9.993E-05 9.993E-05 9.993E-05 9.993E-05 9.993E-05 9.993E-05 0.999201
9.993E-05 9.993E-05 9.993E-05 9.993E-05 9.993E-05 9.993E-05 9.993E-05 9.993E-05 0.999201
9.9955E-05 9.9955E-05 9.9955E-05 0.419536 0.0206179 9.9955E-05 0.0308275 9.9955E-05 0.528519
9.9937E-05 9.9937E-05 9.9937E-05 0.0301107 9.9937E-05 9.9937E-05 9.9937E-05 9.9937E-05 0.96919
9.9937E-05 9.9937E-05 9.9937E-05 0.0111558 9.9937E-05 9.9937E-05 9.9937E-05 9.9937E-05 0.988145
0.0123274 0.580398 0.129011 0.0099215 0.123321 9.9982E-05 0.0868688 0.0579531 9.9982E-05
9.9982E-05 0.174651 0.0324034 9.9982E-05 0.512016 0.109553 0.0421142 0.0620598 0.0670027
0.111307 0.0182924 9.9991E-05 0.127054 0.344868 0.0379911 0.128791 0.200316 0.0312801
0.0203402 0.223114 0.00674542 9.9982E-05 0.636478 0.0333272 9.9982E-05 0.0540289 0.0257661
0.0404566 0.34877 0.0943282 0.0229935 0.49148 9.9973E-05 9.9973E-05 0.0016718 9.9973E-05
0.0118833 0.306416 0.041136 9.9982E-05 0.276453 0.167896 0.180857 0.015159 9.9982E-05
9.9982E-05 0.757084 0.0938697 0.040949 0.0240494 0.00239241 0.0574778 9.9982E-05 0.0239773
0.0158336 0.324801 0.0735303 9.9982E-05 0.452814 9.9982E-05 0.00974359 0.0505081 0.0725689
0.0741619 0.577089 0.0297864 9.9982E-05 0.229127 0.00399856 0.0237867 9.9982E-05 0.0618499
0.0318347 0.155777 0.113719 0.023883 0.489042 0.0659245 0.119621 9.9982E-05 9.9982E-05
9.9991E-05 0.607673 0.0222405 0.0275612 0.171032 0.0494482 0.0699204 0.0124477 0.0395771
9.9964E-05 0.2779 9.9964E-05 9.9964E-05 0.530377 0.0327909 9.9964E-05 0.0951631 0.0633687
0.00945879 0.581808 0.0762714 0.00806184 0.168463 9.9991E-05 0.0904967 0.0332549 0.0320849
0.0106278 0.281007 0.11122 9.9982E-05 0.250432 0.123635 0.101219 0.12166 9.9982E-05
9.9991E-05 0.0887334 0.0651598 0.0240455 0.516885 0.0189584 0.165836 0.103321 0.016961
9.9964E-05 0.0504195 0.0138336 9.9964E-05 0.35987 0.100285 0.475192 9.9964E-05 9.9964E-05
9.9991E-05 0.0234039 0.0629268 0.01716 0.554097 0.0223637 0.285337 0.0295462 0.00506506
9.9982E-05 0.0759981 0.060672 0.101043 0.581541 9.9982E-05 0.169647 0.0079105 0.00298878
9.9964E-05 0.0396647 0.0338828 9.9964E-05 0.318356 0.0417123 0.565984 9.9964E-05 9.9964E-05
0.0866631 0.0930216 0.0503219 0.0694723 0.500293 0.0325285 0.150673 9.9991E-05 0.0169261
9.9973E-05 0.040024 9.9973E-05 0.0186112 0.548746 0.0768172 0.29096 9.9973E-05 0.0245414
9.9964E-05 0.0283816 0.113586 9.9964E-05 0.146867 0.159279 0.551487 9.9964E-05 9.9964E-05
9.9964E-05 0.0174092 0.0286426 9.9964E-05 0.254181 0.0278619 0.671505 9.9964E-05 9.9964E-05
9.9973E-05 0.0749747 0.0346044 0.00112933 0.495111 0.056223 0.337657 9.9973E-05 9.9973E-05
9.9964E-05 0.0669843 0.136337 9.9964E-05 0.0978681 0.135431 0.56298 9.9964E-05 9.9964E-05
9.9964E-05 0.104536 0.00482935 9.9964E-05 0.472084 0.0405157 0.377635 9.9964E-05 9.9964E-05
0.0217065 0.661602 0.10224 9.9973E-05 0.177542 0.0198972 9.9973E-05 9.9973E-05 0.0167126
0.0570751 0.392488 0.0522157 9.9982E-05 0.170088 0.257751 0.0195499 0.0506329 9.9982E-05
0.0447441 0.428951 0.0463456 9.9982E-05 0.388347 0.0104037 9.9982E-05 0.0290422 0.0519666
9.9982E-05 0.268445 0.0159653 0.0237155 0.564359 0.00496781 9.9982E-05 0.113286 0.00906119
9.9964E-05 0.563707 0.150566 9.9964E-05 0.24849 0.0130132 9.9964E-05 0.0238247 9.9964E-05
0.0110484 0.16349 0.0530043 0.0153076 0.498451 0.0567559 0.0761952 0.099445 0.0263026
0.00731505 0.291608 0.0325016 9.9991E-05 0.570487 0.0176595 0.00604387 0.0364754 0.03781
0.0802469 0.258825 0.0681214 9.9982E-05 0.492443 0.066523 0.029563 0.00407805 9.9982E-05
0.0383961 0.290541 0.00915472 0.0046307 0.496747 0.0814713 0.00208654 0.0768727 9.9991E-05
0.0311222 0.398133 0.0332904 9.9964E-05 0.492819 9.9964E-05 9.9964E-05 0.0442357 9.9964E-05
0.0159256 0.528671 0.0984772 9.9973E-05 0.288393 0.0286617 9.9973E-05 0.0395724 9.9973E-05
0.00206816 0.416777 0.0250168 9.99789E-05 0.474064 0.0511694 9.99789E-05 0.0306041 9.99789E-05
9.9973E-05 0.224787 0.00248622 9.9973E-05 0.537223 0.111879 0.0171353 0.10619 9.9973E-05
0.0661582 0.14321 0.0328874 9.9991E-05 0.55654 0.077797 0.038678 0.0362627 0.0483674
0.00462085 0.265712 0.0666533 9.9991E-05 0.297701 0.122047 0.0504996 0.154925 0.0377418
0.0580596 0.198922 0.0816853 9.9973E-05 0.442099 0.132849 9.9973E-05 0.0860847 9.9973E-05
0.0502966 0.463553 0.067448 9.9973E-05 0.366985 9.9973E-05 9.9973E-05 0.0445087 0.00690922
0.0413788 0.276416 0.0417757 9.9991E-05 0.527846 0.00278814 0.037323 0.0398659 0.0325073
0.0958443 0.291637 0.120605 9.9982E-05 0.392695 0.0686275 9.9982E-05 0.00990014 0.0204914
0.0103086 0.179844 0.0392624 0.0914929 0.550347 0.0661165 9.9982E-05 0.0624284 9.9982E-05
0.00963909 0.0467334 9.9982E-05 0.193252 0.420441 9.9982E-05 0.0137769 0.198814 0.117144
9.9982E-05 0.037736 0.0301879 0.00441803 0.523911 9.9982E-05 0.0801589 0.229743 0.0936454
0.0290034 0.0613032 0.0710282 0.116675 0.461685 0.0164818 0.0687498 0.13591 0.039164
9.9982E-05 0.0685062 9.9982E-05 0.00179575 0.532615 0.029907 0.0913717 0.228524 0.0470809
0.0363186 9.9991E-05 0.0223655 0.109231 0.393313 0.00237268 0.0924043 0.329768 0.0141265
9.9964E-05 0.192815 0.0108926 9.9964E-05 0.516413 0.157767 0.121713 9.9964E-05 9.9964E-05
0.0397411 0.0121944 0.13531 0.13383 0.476956 9.9991E-05 0.00971377 0.171869 0.0202866
0.0447357 0.067244 0.0564138 0.0940018 0.0255956 0.0794578 0.340669 0.241853 0.0500293
0.0388026 0.0565435 9.9982E-05 9.9982E-05 0.539085 0.00871718 0.0693133 0.207249 0.0800887
0.103446 0.0377311 9.9991E-05 0.109047 0.526538 0.0625109 0.0129363 0.0660796 0.081611
0.0775399 0.0674036 0.0706569 0.0908391 0.523475 0.0390703 0.0388345 0.0920808 9.9991E-05
0.0204543 0.0880415 0.0358912 0.106339 0.271867 0.0995125 0.177623 0.170945 0.029327
0.0463923 0.0439445 0.0278604 0.166151 0.484494 0.000394941 0.0508248 0.143647 0.0362913
9.9973E-05 9.9973E-05 9.9973E-05 0.053227 0.458344 0.119662 0.00796422 0.307076 0.0534268
9.9955E-05 9.9955E-05 9.9955E-05 0.362253 9.9955E-05 9.9955E-05 0.340845 0.251309 0.0450931
0.0637078 0.105111 0.00244926 0.0919462 0.526485 9.9991E-05 0.00649299 0.102678 0.10103
0.0632067 9.9982E-05 9.9982E-05 0.0866719 0.585283 0.0282759 0.0270626 0.10843 0.10087
0.109831 0.0888623 0.0404545 0.109666 0.53268 0.0856935 0.00623109 0.0264816 9.9991E-05
0.0565116 9.9973E-05 9.9973E-05 0.117359 0.494215 9.9973E-05 0.0434567 0.267179 0.0209786
0.0658863 0.0147609 0.0971519 0.175005 0.50182 9.9991E-05 0.0535784 0.0618822 0.0298156
0.0224654 0.0375496 0.0444008 0.0451693 0.400358 0.423805 0.00286898 9.9991E-05 0.0232828
0.0243317 0.0169523 0.0705022 0.0669546 0.497646 0.231612 0.00719044 0.0847106 9.9991E-05
9.9955E-05 0.0278252 0.0227137 9.9955E-05 9.9955E-05 0.909316 0.0396452 9.9955E-05 9.9955E-05
9.9955E-05 0.0486983 9.9955E-05 0.00633671 9.9955E-05 0.928987 0.0154779 9.9955E-05 9.9955E-05
0.0277107 0.00912596 0.00161348 0.0951079 0.499082 0.300699 0.0664606 9.9982E-05 9.9982E-05
0.08634 9.9982E-05 9.9982E-05 0.0445915 0.336391 0.101728 0.048623 0.322094 0.0600321
0.0211742 9.9973E-05 9.9973E-05 0.0735551 0.257623 0.206399 9.9973E-05 0.434278 0.00667157
0.0798032 9.9973E-05 9.9973E-05 0.0824144 0.085453 0.254191 0.0793575 0.418482 9.9973E-05
0.0316746 9.9964E-05 9.9964E-05 0.0996629 0.28177 0.22125 9.9964E-05 0.365242 9.9964E-05
9.9964E-05 9.9964E-05 9.9964E-05 0.0779676 0.0153534 0.710562 0.090513 0.105205 9.9964E-05
9.9964E-05 9.9964E-05 9.9964E-05 0.0679752 0.0692047 0.704328 9.9964E-05 0.135329 0.0227625
0.00412494 9.9982E-05 0.0190503 9.9982E-05 0.532557 0.327729 0.00105823 0.0947201 0.0205604
0.0947941 9.9973E-05 9.9973E-05 0.0364026 0.330675 0.47313 9.9973E-05 0.0392362 0.0254625
9.9955E-05 9.9955E-05 9.9955E-05 0.0296723 0.159726 0.705906 9.9955E-05 0.104196 9.9955E-05
9.9964E-05 0.0209061 9.9964E-05 0.0546627 0.560283 0.287354 9.9964E-05 0.0763939 9.9964E-05
9.9964E-05 9.9964E-05 9.9964E-05 0.0299168 0.548512 0.314738 9.9964E-05 0.0973636 0.00906961
0.0681368 0.0395959 0.0365364 9.9982E-05 0.507958 0.267085 9.9982E-05 0.00970418 0.0707836
9.9946E-05 9.9946E-05 9.9946E-05 0.0233124 0.291436 0.684652 9.9946E-05 9.9946E-05 9.9946E-05
9.9973E-05 0.0834448 0.00273934 0.0245053 0.38727 0.501575 0.000165346 9.9973E-05 9.9973E-05
9.9991E-05 0.0275369 0.0758041 0.0597095 0.499981 0.272504 0.0233717 0.0133541 0.0276388
0.0113999 0.100528 0.00168368 9.9991E-05 0.435654 0.375085 0.0185128 0.00869868 0.0483388
0.00521462 0.0537191 0.0629253 0.0736525 0.486828 0.220923 9.9991E-05 0.0832571 0.0133811
9.9973E-05 0.0353592 0.0367515 9.9973E-05 0.418891 0.439105 0.042083 9.9973E-05 0.0275104
9.9955E-05 0.0151866 9.9955E-05 0.00189313 0.158211 0.82421 9.9955E-05 9.9955E-05 9.9955E-05
9.9964E-05 9.9964E-05 9.9964E-05 0.0152589 0.614492 0.33435 9.9964E-05 0.0116534 0.0238456
9.9955E-05 0.0687088 9.9955E-05 9.9955E-05 0.159478 0.767577 9.9955E-05 9.9955E-05 0.00373589
9.9964E-05 9.9964E-05 9.9964E-05 0.015001 0.431356 0.506284 0.0193094 9.9964E-05 0.0276494
9.9973E-05 0.0465722 0.0355585 0.0782582 0.44043 0.31426 9.9973E-05 0.0846213 9.9973E-05
0.0674599 0.0607601 0.0714157 0.0377938 0.370983 0.340274 0.00322784 0.0314504 0.0166347
0.0668348 0.0514405 9.9991E-05 0.0983283 0.469532 0.0616442 0.0958161 0.090509 0.0657948
0.0830802 0.0232421 0.0840267 0.134699 0.397712 0.0976654 0.0216254 0.142152 0.0157975
0.132888 0.00253837 9.9991E-05 0.0931154 0.257772 0.0990891 0.117013 0.230597 0.0668878
0.15979 0.0375903 9.9991E-05 0.115786 0.279145 0.111592 0.0917326 0.133421 0.070844
0.0488437 0.0848805 0.028238 0.0543373 0.429597 0.0269603 0.0540596 0.197104 0.07598
0.053017 0.000952148 9.9991E-05 0.103172 0.387327 0.201749 0.0603217 0.0996649 0.0936967
9.9955E-05 9.9955E-05 9.9955E-05 0.132317 9.9955E-05 0.688059 0.00854155 0.170583 9.9955E-05
0.102064 9.9982E-05 0.00230451 0.0693576 0.491738 0.135745 9.9982E-05 0.187053 0.0115378
9.9955E-05 9.9955E-05 9.9955E-05 0.266629 9.9955E-05 0.370047 0.178849 0.183976 9.9955E-05
0.0767158 9.9964E-05 9.9964E-05 9.9964E-05 0.447789 0.310929 9.9964E-05 0.160496 0.00366984
9.9937E-05 9.9937E-05 9.9937E-05 9.9937E-05 0.0805657 0.918735 9.9937E-05 9.9937E-05 9.9937E-05
9.9937E-05 9.9937E-05 0.0844389 9.9937E-05 9.9937E-05 0.914862 9.9937E-05 9.9937E-05 9.9937E-05
9.9937E-05 9.9937E-05 9.9937E-05 9.9937E-05 0.460228 0.539073 9.9937E-05 9.9937E-05 9.9937E-05
0.0121858 9.9955E-05 9.9955E-05 9.9955E-05 0.555952 0.420659 9.9955E-05 9.9955E-05 0.0107041
9.9937E-05 9.9937E-05 9.9937E-05 9.9937E-05 0.373669 0.625631 9.9937E-05 9.9937E-05 9.9937E-05
9.9955E-05 9.9955E-05 0.021629 9.9955E-05 0.563905 0.409766 9.9955E-05 9.9955E-05 0.00419991
9.9937E-05 9.9937E-05 9.9937E-05 9.9937E-05 0.525721 0.473579 9.9937E-05 9.9937E-05 9.9937E-05
0.0409871 0.054639 9.9973E-05 0.689009 9.9973E-05 0.013838 0.00748793 9.9973E-05 0.193739
0.0592587 0.0811938 0.0397863 0.671563 0.0131748 0.00723778 0.0101373 0.0415609 0.0760876
0.0313 0.0330383 9.9955E-05 0.793607 9.9955E-05 9.9955E-05 9.9955E-05 9.9955E-05 0.141555
9.9964E-05 9.9964E-05 9.9964E-05 0.734153 0.0257069 9.9964E-05 0.0207196 0.00151016 0.217511
0.033664 0.00318769 0.361084 9.9982E-05 0.494094 9.9982E-05 0.0272595 0.0111885 0.0693223
9.9982E-05 0.0793058 0.316636 0.0458792 0.502276 0.00682113 9.9982E-05 0.0441433 0.00473827
9.9955E-05 0.00717396 0.425224 0.0226399 0.544462 9.9955E-05 9.9955E-05 9.9955E-05 9.9955E-05
0.0277643 0.0864575 0.219111 0.0867083 0.566709 0.00709729 0.00595254 9.9982E-05 9.9982E-05
0.0153939 0.048098 0.12294 0.0445917 0.580688 9.9982E-05 0.142222 9.9982E-05 0.0458665
9.9955E-05 0.0832336 0.547806 0.050245 0.318216 9.9955E-05 9.9955E-05 9.9955E-05 9.9955E-05
0.00761409 9.9964E-05 0.338051 9.9964E-05 0.619765 0.00204316 9.9964E-05 9.9964E-05 0.0321261
9.9964E-05 9.9964E-05 0.539816 9.9964E-05 0.263026 0.0793608 0.109808 0.00758884 9.9964E-05
0.0709413 0.0883664 9.9982E-05 0.183973 0.373846 9.9982E-05 0.0214769 0.11408 0.147116
0.0302971 9.9964E-05 0.38622 9.9964E-05 0.406378 0.0920617 0.0846436 9.9964E-05 9.9964E-05
9.9955E-05 0.0824477 0.551341 0.0368913 0.32882 9.9955E-05 9.9955E-05 9.9955E-05 9.9955E-05
0.0317014 0.00294069 0.310504 0.0130634 0.521367 0.0702376 0.0283444 9.9991E-05 0.0217422
0.0385092 0.102028 0.450293 0.0140327 0.388205 9.9973E-05 9.9973E-05 0.00663259 9.9973E-05
9.9955E-05 9.9955E-05 0.382244 9.9955E-05 0.560987 0.0472933 9.9955E-05 0.00897548 9.9955E-05
0.0337554 0.0163712 0.340185 0.0445565 0.491021 0.0405628 9.9982E-05 9.9982E-05 0.0333477
9.9955E-05 9.9955E-05 0.865598 9.9955E-05 0.0209732 0.0277114 0.085218 9.9955E-05 9.9955E-05
0.0108964 9.9973E-05 0.531232 9.9973E-05 0.3227 0.0261273 0.104525 0.00421911 9.9973E-05
0.0313498 9.9964E-05 0.576764 9.9964E-05 0.328058 0.0392491 0.0241788 9.9964E-05 9.9964E-05
9.9946E-05 9.9946E-05 0.867898 9.9946E-05 9.9946E-05 0.0358853 0.0956172 9.9946E-05 9.9946E-05
9.9964E-05 0.109028 0.372453 9.9964E-05 0.423582 9.9964E-05 0.022881 9.9964E-05 0.0716551
9.9955E-05 9.9955E-05 0.591743 9.9955E-05 0.0773922 0.0799864 0.250379 9.9955E-05 9.9955E-05
9.9946E-05 9.9946E-05 0.811764 9.9946E-05 9.9946E-05 0.0315312 0.156105 9.9946E-05 9.9946E-05
0.0197024 9.9973E-05 0.256528 9.9973E-05 0.568146 0.0589054 0.0435482 9.9973E-05 0.0528697
0.00128902 0.146699 0.623079 0.0255125 0.170781 9.9973E-05 9.9973E-05 9.9973E-05 0.03234
9.9973E-05 0.0797011 0.411378 0.00594892 0.465222 9.9973E-05 0.0195512 9.9973E-05 0.0178995
0.0575957 9.9982E-05 0.0920294 0.0897724 0.539275 0.117332 0.0741916 9.9982E-05 0.0296045
0.0229732 0.0830161 0.377578 0.0409893 0.461119 0.00496412 9.9991E-05 0.00562556 0.00363457
0.0248533 0.317948 0.0529772 9.9973E-05 0.358191 0.124024 0.121707 9.9973E-05 9.9973E-05
0.0541044 0.0344972 0.335181 0.0250734 0.539981 9.9973E-05 9.9973E-05 9.9973E-05 0.010863
9.9964E-05 0.0996509 0.34546 9.9964E-05 0.510101 9.9964E-05 9.9964E-05 0.0103177 0.0340705
0.00237976 9.9964E-05 0.565899 9.9964E-05 0.321382 0.0752489 0.0346905 9.9964E-05 9.9964E-05
9.9991E-05 0.0689431 0.286906 0.0531848 0.416121 0.0533171 0.0205726 0.0462296 0.0546258
9.9955E-05 0.266345 9.9955E-05 0.508541 9.9955E-05 9.9955E-05 0.0645799 9.9955E-05 0.160034
9.9973E-05 0.141351 0.0327917 0.595404 9.9973E-05 0.00896912 0.0270483 9.9973E-05 0.194136
9.9955E-05 0.129928 9.9955E-05 0.757082 9.9955E-05 9.9955E-05 0.0233805 9.9955E-05 0.0891099
9.9955E-05 0.132107 9.9955E-05 0.77438 9.9955E-05 9.9955E-05 0.0269075 9.9955E-05 0.0661058
9.9964E-05 0.155447 9.9964E-05 0.701575 0.0251161 9.9964E-05 0.0663101 9.9964E-05 0.051152
9.9964E-05 0.141112 0.640696 0.0382011 0.14864 9.9964E-05 9.9964E-05 9.9964E-05 0.0309516
