0.046088 0.0161903 9.9982E-05 0.839366 0.000729203 0.00965185 9.9982E-05 0.0877745
0.0356043 9.9973E-05 0.00158404 0.925021 0.0244738 0.0130167 9.9973E-05 9.9973E-05
0.0408545 0.0167058 9.9973E-05 0.730511 9.9973E-05 0.118861 9.9973E-05 0.0927682
0.102204 0.0825514 0.00908561 0.732245 9.9982E-05 0.0190253 9.9982E-05 0.0546885
9.9955E-05 0.0478183 0.0740893 0.877593 9.9955E-05 9.9955E-05 9.9955E-05 9.9955E-05
0.084464 0.0453984 9.9991E-05 0.584359 0.0353777 0.0871373 0.141003 0.0221608
9.9955E-05 9.9955E-05 9.9955E-05 0.797396 9.9955E-05 9.9955E-05 0.161647 0.0404571
0.0631323 9.9982E-05 0.0137389 0.683197 9.9982E-05 0.0248245 0.154963 0.0599443
0.0662936 9.99639E-05 9.99639E-05 0.842033 0.0525446 9.99639E-05 0.0387287 9.99639E-05
9.9973E-05 9.9973E-05 0.0487059 0.695503 9.9973E-05 0.136209 0.0903653 0.0289173
0.0578069 9.9964E-05 9.9964E-05 0.726724 9.9964E-05 0.0491836 0.165886 9.9964E-05
0.398461 0.0970546 9.9973E-05 9.9973E-05 0.261203 0.166725 0.0762569 9.9973E-05
0.279869 0.0277565 0.0360666 9.9982E-05 9.9982E-05 0.570538 0.0490598 0.0365102
0.401213 0.0546074 0.113477 0.0266518 0.119577 0.251297 0.01823 0.0149456
0.346182 0.152471 0.0524036 0.0147243 0.0735197 0.27326 0.0590346 0.0284047
0.238386 0.117014 0.0286617 0.138678 0.0869172 0.364359 9.9991E-05 0.0258842
0.145972 0.112372 0.0287475 0.128267 0.0316044 0.463512 0.0894248 9.9991E-05
0.216315 0.113645 9.9982E-05 9.9982E-05 0.227754 0.376315 0.0600756 0.00569658
0.299841 0.0899682 0.005496 0.12003 0.229484 0.242006 0.0130746 9.9991E-05
0.585587 0.0401045 9.9982E-05 0.0654056 0.0925957 0.0534291 0.162678 9.9982E-05
0.238603 0.16814 0.0503217 0.00276022 0.273914 0.266061 9.9982E-05 9.9982E-05
0.090382 0.0264083 0.0943924 9.9991E-05 0.123885 0.469153 0.140769 0.05491
0.149051 0.0255487 9.9982E-05 0.0533421 0.170943 0.556713 0.0442021 9.9982E-05
0.264135 0.0785178 9.9973E-05 9.9973E-05 0.227434 0.312461 0.117152 9.9973E-05
0.095355 0.0308114 0.0664856 0.120556 0.0229103 0.627983 0.0113894 0.0245086
0.200776 0.0865529 9.9973E-05 9.9973E-05 9.9973E-05 0.591967 0.0735809 0.0468237
0.48263 0.110535 9.9982E-05 9.9982E-05 0.193719 0.129406 0.0408117 0.0426972
0.386702 0.182244 9.9982E-05 0.0212362 0.228682 0.166093 0.0148424 9.9982E-05
0.398923 0.0119625 0.0687008 9.9982E-05 0.111842 0.24856 0.159812 9.9982E-05
9.994E-05 9.994E-05 9.994E-05 9.994E-05 9.994E-05 9.994E-05 9.994E-05 0.9993
9.994E-05 9.994E-05 9.994E-05 9.994E-05 9.994E-05 9.994E-05 9.994E-05 0.9993
9.9973E-05 0.0426456 9.9973E-05 0.484277 0.0488307 0.0450533 9.9973E-05 0.378894
9.9982E-05 0.0244094 9.9982E-05 0.551642 0.0252712 0.130538 0.00799494 0.259944
0.0790813 9.9982E-05 0.0737911 0.0394408 0.241127 0.558546 9.9982E-05 0.00781408
0.0614885 0.0884721 9.9982E-05 0.0913084 0.348842 0.377896 9.9982E-05 0.0317929
9.9973E-05 9.9973E-05 0.0174661 9.9973E-05 0.392043 0.518285 0.0312929 0.040613
0.492587 0.00452825 0.00673301 0.126925 0.215648 0.153378 9.9982E-05 9.9982E-05
9.999E-05 0.0244281 0.0576767 0.00475846 0.599637 0.241814 0.0239393 0.0476462
0.143721 0.0304086 0.00831144 0.103145 0.209121 0.505093 9.9982E-05 9.9982E-05
0.00856169 0.0151601 9.9991E-05 0.0392577 0.238771 0.653946 0.0343776 0.00982597
0.0654081 0.00150527 9.9982E-05 0.0687162 0.107687 0.634705 0.121778 9.9982E-05
0.113457 9.9991E-05 0.0254183 0.0398285 0.0492266 0.600707 0.111524 0.0597383
0.107653 0.00665562 9.9991E-05 0.0389075 0.686165 0.137323 0.00311281 0.0200832
0.0708655 9.9973E-05 9.9973E-05 0.0200056 0.0353004 0.621876 0.251653 9.9973E-05
9.999E-05 0.113359 0.0933229 0.00569655 0.198752 0.520214 0.0228328 0.0457226
0.0347751 0.0824084 0.0562602 0.0265499 0.190503 0.535903 0.056653 0.0169481
9.9955E-05 9.9955E-05 0.048243 9.9955E-05 0.711032 0.240225 9.9955E-05 9.9955E-05
0.00204568 9.9982E-05 9.9982E-05 0.0667158 0.23819 0.642148 0.0423052 0.00839505
0.0150303 0.0549425 0.0790369 0.0619815 0.153736 0.539427 0.0397468 0.056099
9.9955E-05 9.9955E-05 9.9955E-05 0.0901033 0.710387 9.9955E-05 0.19901 9.9955E-05
0.453516 0.011526 0.0621544 9.9991E-05 0.230765 0.114667 0.11061 0.0166627
0.221996 9.9982E-05 0.0895188 0.0151321 0.170684 0.119982 0.382486 9.9982E-05
0.194693 0.102033 9.9982E-05 0.069842 9.9982E-05 0.48117 0.119434 0.0326276
0.0623823 0.0976224 0.042205 0.00175296 0.112937 0.543584 0.0828497 0.0566661
0.0254351 9.9991E-05 0.119839 0.0736701 0.0217793 0.636852 0.0988943 0.02343
0.315215 0.0158539 9.9991E-05 0.126654 0.336809 0.101583 0.0925638 0.0112214
0.24068 0.0151695 0.0781615 9.9982E-05 0.0582907 0.572228 9.9982E-05 0.0352696
0.123922 0.0492858 0.0147964 0.0720671 9.9982E-05 0.594035 0.145694 9.9982E-05
0.204142 0.0274226 0.0993 0.0666954 0.131727 0.312204 0.102053 0.0564575
0.323683 0.0564612 9.9991E-05 0.149613 0.124811 0.0882426 0.211764 0.0453255
0.0789087 0.0495253 0.0934972 0.0433199 0.107376 0.520709 0.0346193 0.0720445
0.188556 0.0418279 0.113439 0.0944896 0.1247 0.380379 0.0565077 9.9991E-05
0.491295 9.9973E-05 0.041139 9.9973E-05 0.282153 9.9973E-05 0.128932 0.0561808
0.212046 9.9982E-05 0.0685068 9.9982E-05 0.107577 0.503615 0.070702 0.037353
0.0468243 0.0541589 0.168337 9.9991E-05 0.118783 0.558507 0.0403426 0.0129468
0.139136 0.0273321 9.9982E-05 9.9982E-05 0.0826907 0.582726 0.127526 0.0403887
0.227442 0.0616237 0.0451353 0.00602147 0.282792 0.24426 0.10148 0.0312458
0.143102 0.0258033 0.0618519 9.9991E-05 0.109718 0.474441 0.152339 0.0326454
0.177392 9.9991E-05 0.0841625 0.0601718 0.0721255 0.553561 0.0143558 0.0381319
0.303272 9.9982E-05 0.16617 9.9982E-05 0.145619 0.170927 0.135232 0.0785806
0.0184916 9.9955E-05 9.9955E-05 9.9955E-05 0.421062 0.559947 9.9955E-05 9.9955E-05
0.0602165 9.9964E-05 9.9964E-05 9.9964E-05 0.710591 0.171686 9.9964E-05 0.0571067
0.0525264 9.9982E-05 0.0622104 0.104159 0.170612 0.602824 0.00746858 9.9982E-05
9.9955E-05 9.9955E-05 0.00734609 9.9955E-05 0.798168 9.9955E-05 0.193986 9.9955E-05
0.0127905 9.9964E-05 0.0471199 9.9964E-05 0.855993 9.9964E-05 0.0836962 9.9964E-05
9.99461E-05 9.99461E-05 9.99461E-05 9.99461E-05 0.743028 0.256373 9.99461E-05 9.99461E-05
0.0207971 0.00712375 9.9973E-05 9.9973E-05 0.449067 0.492187 9.9973E-05 0.0305248
0.00869068 0.00812846 0.0521751 0.115905 0.0898628 0.611902 0.104785 0.00855102
0.0783882 0.101734 9.9982E-05 9.9982E-05 0.495422 0.302938 0.0030977 0.0182198
0.0867071 9.9964E-05 9.9964E-05 0.0733414 0.707376 0.132176 9.9964E-05 9.9964E-05
0.222909 0.0409416 9.9973E-05 0.022144 0.578559 0.135147 9.9973E-05 9.9973E-05
9.9982E-05 0.0676889 0.0138188 0.107391 0.273213 0.519665 0.0180223 9.9982E-05
0.0377299 0.0389288 0.0104162 9.9982E-05 0.664125 0.197328 9.9982E-05 0.0512723
0.030969 9.9973E-05 9.9973E-05 0.0607 0.543529 0.358235 9.9973E-05 0.00626718
9.9955E-05 9.9955E-05 0.103298 9.9955E-05 0.528742 0.367459 9.9955E-05 9.9955E-05
0.000633545 0.0135828 0.151216 9.9973E-05 0.673334 9.9973E-05 0.160934 9.9973E-05
0.0591719 9.9973E-05 9.9973E-05 9.9973E-05 0.345131 0.563558 0.0238231 0.00801512
0.0865273 0.0652682 0.00712451 0.752331 9.9982E-05 0.0720894 9.9982E-05 0.0164597
9.9955E-05 9.9955E-05 9.9955E-05 0.805394 9.9955E-05 0.069744 9.9955E-05 0.124362
9.9964E-05 0.00927306 9.9964E-05 0.752899 9.9964E-05 0.0996942 9.9964E-05 0.137734
9.9964E-05 9.9964E-05 9.9964E-05 0.813737 9.9964E-05 0.025555 0.0341576 0.126151
9.9982E-05 0.013324 0.0161378 0.778225 0.00652215 0.0807254 9.9982E-05 0.104866
9.9973E-05 0.0183155 0.024411 0.844987 9.9973E-05 0.0537969 9.9973E-05 0.0581902
9.9964E-05 0.0070981 9.9964E-05 0.846932 9.9964E-05 0.0575363 9.9964E-05 0.0880337
0.00367883 9.9991E-05 0.00851474 0.134076 0.253384 0.578219 0.010872 0.0111557
0.116222 0.111388 0.0488336 0.0529902 0.0672717 0.546992 0.0113812 0.0449203
0.0536232 9.9955E-05 9.9955E-05 0.0685512 0.877326 9.9955E-05 9.9955E-05 9.9955E-05
0.0721923 9.9991E-05 0.061849 0.153833 0.135777 0.507566 0.0490995 0.0195827
0.0810295 9.9964E-05 9.9964E-05 0.0828632 0.39304 0.442668 9.9964E-05 9.9964E-05
9.9982E-05 0.0317544 0.133163 0.0957605 0.24418 0.474081 0.0208606 9.9982E-05
0.0363119 0.0748077 0.0597146 0.00802706 0.313991 0.476023 0.0219801 0.00914412
9.9973E-05 0.0679478 0.0238066 9.9973E-05 0.46299 0.438648 9.9973E-05 0.00630756
0.204862 9.9964E-05 0.0203191 0.0438607 0.730558 9.9964E-05 9.9964E-05 9.9964E-05
0.0973248 0.0586949 0.0846698 0.105572 0.118866 0.455483 0.00716204 0.0722273
0.0198036 0.0244525 0.0687873 0.0370261 0.124768 0.66504 0.0556259 0.00449642
0.0826424 0.154776 9.9982E-05 0.0205359 0.161661 0.538867 9.9982E-05 0.0413169
9.9991E-05 0.00684756 0.0222928 0.00850505 0.575218 0.239099 0.130043 0.0178951
9.9973E-05 9.9973E-05 0.0419492 9.9973E-05 0.384627 0.541275 0.0165115 0.015338
9.9982E-05 9.9982E-05 0.0419192 0.00795452 0.454537 0.416174 0.0443345 0.0348809
0.0360583 0.0811716 0.0319084 9.9973E-05 0.560125 0.290437 9.9973E-05 9.9973E-05
0.0377299 9.9973E-05 9.9973E-05 0.0890461 0.495949 0.369454 9.9973E-05 0.00752138
0.0717435 0.0902178 9.9982E-05 9.9982E-05 0.214004 0.449191 0.0927237 0.0819201
0.268383 9.9991E-05 0.253272 0.0596493 0.152478 0.206881 0.026892 0.0323447
0.326591 0.0350311 9.9982E-05 0.106468 9.9982E-05 0.416151 0.0993299 0.0162292
0.172194 9.9982E-05 0.107659 0.0470275 0.0892614 0.543127 9.9982E-05 0.0405319
0.107192 9.9973E-05 0.11368 0.16642 0.0328898 0.579518 9.9973E-05 9.9973E-05
0.332985 9.9973E-05 0.0381442 9.9973E-05 0.061698 0.502572 9.9973E-05 0.0643016
0.25481 0.0874344 0.0123397 9.9973E-05 9.9973E-05 0.547292 0.0978241 9.9973E-05
0.331906 9.9982E-05 0.0331949 0.0043173 0.124754 0.486989 0.0186382 9.9982E-05
0.179262 0.00762884 0.0938794 0.0974865 0.0898382 0.495671 9.9991E-05 0.0361336
0.210016 9.9982E-05 0.0924345 0.0538883 0.0256456 0.590817 0.0269987 9.9982E-05
0.150218 0.00744423 0.0339375 0.0393865 0.110203 0.601627 0.0276878 0.0294961
0.31155 9.9973E-05 9.9973E-05 9.9973E-05 0.105625 0.54858 0.016811 0.0171345
0.163984 0.0736236 0.0899934 0.0334963 9.9991E-05 0.563957 0.0724449 0.00240037
0.117359 0.0861466 0.117822 0.134246 0.0416113 0.486816 0.013148 0.00285141
0.159888 0.0547281 0.0692611 0.00671815 0.147701 0.527947 0.0017398 0.0320163
0.12795 0.114461 9.9982E-05 9.9982E-05 0.0155415 0.568635 0.152051 0.0211616
0.296902 0.103259 0.0683258 9.9973E-05 9.9973E-05 0.495127 9.9973E-05 0.0360859
0.226182 9.9991E-05 0.0920473 0.0755943 0.0538057 0.392394 0.139833 0.0200438
0.131395 0.0531878 0.0415165 0.0349882 0.0628804 0.629509 9.9991E-05 0.0464236
0.146142 9.9973E-05 0.13771 0.0459044 9.9973E-05 0.606915 0.0630292 9.9973E-05
0.377404 0.120741 0.0295689 9.9982E-05 0.268542 0.172394 0.0311503 9.9982E-05
0.291528 0.0234764 0.182085 0.0368436 0.0782434 0.169961 0.212004 0.00585866
0.204195 0.0243079 9.9982E-05 0.0109659 0.0100623 0.603073 0.147196 9.9982E-05
0.313658 0.00948869 0.274989 9.9982E-05 0.143999 0.0910547 0.166611 9.9982E-05
0.413752 9.9991E-05 0.0860304 0.0178583 0.223063 0.221988 0.0112636 0.0259448
0.260919 9.9973E-05 0.0139423 0.0374397 0.236181 0.451218 9.9973E-05 9.9973E-05
0.403236 9.9964E-05 9.9964E-05 9.9964E-05 0.221785 0.33887 9.9964E-05 0.0357095
0.476773 0.0499196 0.0247953 9.9973E-05 0.180727 0.267485 9.9973E-05 9.9973E-05
0.114372 9.9973E-05 9.9973E-05 0.0508637 0.118296 0.65775 0.0584186 9.9973E-05
0.110158 0.0322107 0.0294864 0.167033 0.075051 0.556518 0.0294433 9.9991E-05
0.204409 0.091695 0.0713033 0.0422761 0.0791534 0.483272 9.9991E-05 0.0277919
0.336042 0.0523695 0.118707 9.9982E-05 0.178278 0.124423 0.189981 9.9982E-05
0.153609 0.0408366 9.9982E-05 0.0842922 0.0760011 0.510378 0.134683 9.9982E-05
0.0538635 0.0675506 0.142144 0.00228613 0.147326 0.441025 0.145705 9.9991E-05
0.107113 9.9982E-05 0.138741 0.140377 0.214174 9.9982E-05 0.385773 0.0136222
9.9982E-05 0.112123 0.130273 0.143669 0.0376836 0.572311 0.00374113 9.9982E-05
0.0501031 0.0497642 0.0559851 0.0663053 0.218613 0.258067 0.269371 0.0317916
0.0263076 0.098843 0.0930565 0.00705436 0.0825359 0.508482 0.152854 0.0308669
0.0919605 0.0154008 9.9991E-05 0.019988 0.080844 0.298181 0.466639 0.0268873
0.145431 9.9991E-05 0.0795027 0.0320238 0.0638083 0.201684 0.428466 0.0489833
0.0461487 9.9991E-05 0.199374 0.0412728 0.0891015 0.403778 0.166645 0.0535801
0.0120836 0.0799637 0.0514187 0.00819067 0.0637033 0.457208 0.263551 0.0638803
0.0814903 9.9991E-05 0.0410777 0.128504 0.128455 0.478582 0.116537 0.0252532
0.0912916 0.151283 0.076691 0.0333912 0.289702 9.9982E-05 0.357441 9.9982E-05
0.112454 9.9991E-05 0.0417848 0.0763128 0.0883661 0.497128 0.161332 0.0225216
0.0353789 9.9973E-05 0.00233386 9.9973E-05 0.280264 0.324768 0.356956 9.9973E-05
0.0596382 9.9973E-05 0.0841226 9.9973E-05 0.199541 0.478113 0.178285 9.9973E-05
0.0427039 0.0358652 0.0382602 0.101744 0.11405 0.569265 0.0533213 0.0447905
9.9982E-05 0.231406 9.9982E-05 0.276211 0.0168624 0.179532 0.251992 0.0437961
9.9964E-05 0.110344 9.9964E-05 0.478097 9.9964E-05 9.9964E-05 0.388497 0.0226619
9.9964E-05 0.132996 9.9964E-05 0.357518 9.9964E-05 9.9964E-05 0.498811 0.0102744
9.9964E-05 0.292727 9.9964E-05 0.350244 9.9964E-05 0.125858 0.230771 9.9964E-05
9.9964E-05 9.9964E-05 0.0375257 9.9964E-05 0.0440273 0.674821 0.243226 9.9964E-05
0.07582 0.0246709 0.162939 9.9991E-05 0.0428599 0.586068 0.0744172 0.0331256
0.00914055 0.658908 9.9955E-05 9.9955E-05 9.9955E-05 0.331452 9.9955E-05 9.9955E-05
0.130077 0.482875 0.0300613 9.9982E-05 0.0866767 0.175703 9.9982E-05 0.0944061
0.0739896 0.331903 0.0862914 0.0628639 9.9991E-05 0.360735 0.0323384 0.0517786
9.9964E-05 9.9964E-05 0.133119 9.9964E-05 0.0891419 0.36132 0.416019 9.9964E-05
0.0716899 0.0953741 0.103732 0.0523634 0.109454 0.462784 0.104503 9.9991E-05
0.013943 9.9973E-05 0.170255 9.9973E-05 0.0636829 0.235194 0.516625 9.9973E-05
0.0103699 9.9991E-05 0.0801809 0.0140234 0.0450762 0.595052 0.24949 0.00570764
0.072506 9.9973E-05 0.219091 0.0251253 9.9973E-05 0.483455 0.199522 9.9973E-05
0.040933 0.0609242 0.0422893 0.00609948 0.0692966 0.538853 0.241505 9.9991E-05
0.00581253 9.9973E-05 0.158319 9.9973E-05 0.168808 0.190916 0.475845 9.9973E-05
9.9982E-05 0.0222772 0.113999 0.0322856 0.0537399 0.632939 0.144559 9.9982E-05
0.0193885 0.0715857 0.0221759 9.9991E-05 0.0638386 0.524593 0.264739 0.0335789
9.9955E-05 0.952601 0.0145527 9.9955E-05 0.032347 9.9955E-05 9.9955E-05 9.9955E-05
9.9955E-05 0.915096 0.0457241 9.9955E-05 9.9955E-05 0.0386801 9.9955E-05 9.9955E-05
0.121877 0.482843 9.9973E-05 9.9973E-05 0.0636477 0.261886 9.9973E-05 0.0694465
9.9973E-05 0.637047 0.0369676 0.00956686 9.9973E-05 0.293085 9.9973E-05 0.0230339
9.9964E-05 0.800053 9.9964E-05 0.0179087 0.0521043 0.129534 9.9964E-05 9.9964E-05
9.994E-05 0.9993 9.994E-05 9.994E-05 9.994E-05 9.994E-05 9.994E-05 9.994E-05
0.0178083 0.970041 0.0116511 9.9955E-05 9.9955E-05 9.9955E-05 9.9955E-05 9.9955E-05
9.9946E-05 0.842334 9.9946E-05 9.9946E-05 9.9946E-05 0.157066 9.9946E-05 9.9946E-05
0.0137691 0.952963 9.9955E-05 9.9955E-05 0.0327681 9.9955E-05 9.9955E-05 9.9955E-05
9.994E-05 0.9993 9.994E-05 9.994E-05 9.994E-05 9.994E-05 9.994E-05 9.994E-05
9.9946E-05 0.964164 9.9946E-05 9.9946E-05 9.9946E-05 9.9946E-05 9.9946E-05 0.035236
9.9973E-05 0.742471 0.0533773 9.9973E-05 0.0532229 0.110521 9.9973E-05 0.0401071
9.9964E-05 0.826264 9.9964E-05 9.9964E-05 0.0373356 0.087028 0.0489721 9.9964E-05
0.01152 0.926653 9.9973E-05 9.9973E-05 0.0102859 0.0187192 9.9973E-05 0.0325216
0.088231 0.3913 0.0620737 0.0267375 0.04861 0.344285 9.9991E-05 0.0386629
0.0624161 0.701159 0.0117873 0.00482298 0.0320522 0.172854 0.0106012 0.00430791
0.0488895 0.788178 9.9973E-05 9.9973E-05 9.9973E-05 0.143669 0.0151554 0.00380883
0.0591658 0.865344 9.9973E-05 9.9973E-05 0.0293945 0.0456874 9.9973E-05 0.000108707
9.9955E-05 0.961783 9.9955E-05 0.0219362 9.9955E-05 0.0157813 9.9955E-05 9.9955E-05
9.9973E-05 0.88686 0.0163313 0.0219684 9.9973E-05 0.0720475 9.9973E-05 0.00249253
9.9946E-05 0.992471 9.9946E-05 9.9946E-05 9.9946E-05 9.9946E-05 9.9946E-05 0.00692897
0.0998209 0.652593 0.0636985 0.0213695 9.9973E-05 0.162218 9.9973E-05 9.9973E-05
0.0383132 0.917246 9.9955E-05 9.9955E-05 0.0439411 9.9955E-05 9.9955E-05 9.9955E-05
9.9973E-05 0.035388 0.0213535 0.306563 0.0419115 9.9973E-05 0.594484 9.9973E-05
0.0623004 0.0941269 9.9982E-05 0.0624969 9.9982E-05 0.372246 0.352697 0.0559323
9.99779E-05 0.0203677 9.99779E-05 0.246985 0.0131726 0.502531 0.216644 9.99779E-05
0.0215687 0.0894807 0.0318307 0.114207 0.0240371 0.194986 0.463764 0.0601256
9.9982E-05 0.230785 0.153725 0.0811247 0.0339285 0.260242 0.239994 9.9982E-05
9.9991E-05 0.114547 0.02916 0.218419 0.0727172 0.16085 0.385813 0.0183941
0.0834339 0.00545598 0.0598997 0.196574 0.103354 0.472894 0.0782888 9.9991E-05
9.9973E-05 0.169394 9.9973E-05 0.0844866 0.0419749 0.288661 0.415183 9.9973E-05
9.9982E-05 0.0404594 0.0918606 0.0300639 9.9982E-05 0.458193 0.231941 0.147282
9.9973E-05 0.158924 9.9973E-05 0.0887945 9.9973E-05 0.368072 0.309709 0.0742011
0.0476264 0.0468569 9.9991E-05 0.139486 0.0193501 0.504975 0.1863 0.0553052
0.0812679 9.9964E-05 9.9964E-05 0.833519 9.9964E-05 0.0845606 0.000252434 9.9964E-05
9.9973E-05 0.0700506 0.00824397 0.856008 9.9973E-05 9.9973E-05 0.000732549 0.0646651
9.9955E-05 9.9955E-05 9.9955E-05 0.933881 0.00656857 9.9955E-05 9.9955E-05 0.0590511
9.9955E-05 9.9955E-05 9.9955E-05 0.938341 9.9955E-05 0.0507289 9.9955E-05 0.0104304
0.0353773 0.0259815 9.9973E-05 0.778909 9.9973E-05 9.9973E-05 0.0386965 0.120736
9.9964E-05 0.0450422 0.0372456 0.848809 9.9964E-05 9.9964E-05 9.9964E-05 0.0685035
9.9964E-05 0.0620623 9.9964E-05 0.850041 9.9964E-05 0.0431555 9.9964E-05 0.0443409
9.9964E-05 9.9964E-05 0.0307093 0.867752 0.0406273 9.9964E-05 9.9964E-05 0.0605115
9.9973E-05 0.00966061 9.9973E-05 0.872229 0.0467035 0.0329385 9.9973E-05 0.0381687
0.0158511 0.0995307 9.9973E-05 0.841014 9.9973E-05 9.9973E-05 0.00364191 0.0396624
0.205745 9.9973E-05 0.0288977 0.607884 0.116791 9.9973E-05 9.9973E-05 0.0403822
0.284556 9.9964E-05 9.9964E-05 0.561557 0.13457 9.9964E-05 9.9964E-05 0.0189177
0.31667 9.9982E-05 0.0587703 0.522913 0.035886 9.9982E-05 0.0235103 0.0420507
0.270601 9.9964E-05 9.9964E-05 0.525395 0.144581 9.9964E-05 0.0590242 9.9964E-05
0.205312 9.9982E-05 0.055166 0.0263616 0.22209 0.487258 9.9982E-05 0.00361237
0.0963872 9.9982E-05 0.0506426 0.037872 0.356922 0.444604 0.0133723 9.9982E-05
0.217758 0.0071028 0.0593547 0.0544385 0.114571 0.524823 0.0218532 9.9991E-05
0.198653 0.000130038 0.0908624 9.9991E-05 0.199658 0.397428 0.0818045 0.0313635
0.560782 0.0251372 0.000867568 9.9982E-05 0.210292 0.184993 0.017728 9.9982E-05
0.063112 0.0368883 0.0799874 0.00694962 0.230185 0.565459 9.9991E-05 0.0173188
0.0744881 0.0117411 9.9964E-05 9.9964E-05 0.378164 0.535207 9.9964E-05 9.9964E-05
0.0811648 9.9973E-05 0.00920402 9.9973E-05 0.324805 0.473132 0.111394 9.9973E-05
9.9973E-05 0.0614063 0.073871 9.9973E-05 0.602177 0.244497 0.0177488 9.9973E-05
0.14803 9.9973E-05 0.0746842 0.0732553 0.0828067 0.620924 9.9973E-05 9.9973E-05
0.131281 9.9982E-05 0.0733226 0.0175561 0.309089 0.419077 0.0494745 9.9982E-05
0.100258 9.9964E-05 0.263973 9.9964E-05 0.622639 9.9964E-05 0.0127307 9.9964E-05
0.120909 0.00579848 0.0783656 0.00796445 0.175239 0.511498 0.076666 0.0235593
9.9973E-05 0.0328836 0.161361 9.9973E-05 0.450468 0.160602 0.194385 9.9973E-05
0.035752 0.0487719 0.0883205 9.9991E-05 0.292817 0.475631 0.00881535 0.0497915
0.252285 9.9964E-05 9.9964E-05 0.05845 0.662655 0.0262109 9.9964E-05 9.9964E-05
0.674504 9.9973E-05 9.9973E-05 0.111956 9.9973E-05 0.0176562 0.184336 0.0112474
0.61494 9.9973E-05 0.0197514 0.0914271 9.9973E-05 0.0891671 0.184415 9.9973E-05
0.733331 9.9973E-05 0.103589 0.058321 9.9973E-05 9.9973E-05 0.0945998 0.00985963
0.786605 9.9964E-05 0.017679 0.105571 9.9964E-05 9.9964E-05 0.0897451 9.9964E-05
0.835646 9.9964E-05 9.9964E-05 9.9964E-05 9.9964E-05 0.0412043 0.110744 0.0120056
0.726761 0.0196856 9.9973E-05 0.0592009 9.9973E-05 0.0791714 0.114882 9.9973E-05
9.9982E-05 0.0271429 0.0182289 0.816469 0.0270728 0.0447384 9.9982E-05 0.0661477
0.0809453 0.0331862 9.9973E-05 0.798998 9.9973E-05 0.066146 9.9973E-05 0.0204243
0.0248014 0.110819 9.9973E-05 0.684528 9.9973E-05 0.132686 9.9973E-05 0.0468657
0.0807931 0.113553 9.9973E-05 0.715994 9.9973E-05 0.0545592 9.9973E-05 0.0348
0.0205489 0.036258 9.9982E-05 0.779194 9.9982E-05 0.150627 0.0113286 0.00184406
0.497604 9.9964E-05 9.9964E-05 0.378834 9.9964E-05 9.9964E-05 0.104287 0.0188755
0.289393 9.9973E-05 0.162475 0.49895 0.0370531 9.9973E-05 0.0118285 9.9973E-05
0.351513 9.9964E-05 0.181341 0.442819 9.9964E-05 9.9964E-05 9.9964E-05 0.023927
9.994E-05 9.994E-05 9.994E-05 9.994E-05 9.994E-05 9.994E-05 9.994E-05 0.9993
0.425454 9.9973E-05 0.0800647 0.414226 0.0536336 9.9973E-05 0.0263212 9.9973E-05
9.9973E-05 0.305176 0.0338021 0.251154 9.9973E-05 0.295369 0.114199 9.9973E-05
0.129011 0.199052 0.00247239 0.0983734 9.9982E-05 0.538157 9.9982E-05 0.0327338
9.9955E-05 0.333598 9.9955E-05 0.178488 9.9955E-05 0.487414 9.9955E-05 9.9955E-05
9.9973E-05 0.09211 9.9973E-05 0.314776 9.9973E-05 0.466295 0.101824 0.0246961
0.0609818 0.109234 0.0660349 0.146007 0.0605194 0.50607 9.9991E-05 0.0510529
9.9955E-05 0.327225 9.9955E-05 0.425918 9.9955E-05 9.9955E-05 0.246357 9.9955E-05
0.376801 9.9964E-05 0.0501864 9.9964E-05 0.153723 0.41889 9.9964E-05 9.9964E-05
0.217858 9.9982E-05 0.218948 0.0250604 0.0804286 0.328121 0.129384 9.9982E-05
0.464681 9.9982E-05 0.0996405 0.119456 0.0665173 0.233777 9.9982E-05 0.0157281
0.146559 9.9973E-05 0.205939 9.9973E-05 0.107922 0.478901 0.0603783 9.9973E-05
0.16071 9.9964E-05 0.453151 9.9964E-05 0.128494 9.9964E-05 0.257245 9.9964E-05
0.09209 9.9991E-05 0.0528373 0.0752958 0.0796427 0.57418 0.110268 0.0155861
0.164633 9.9982E-05 0.219888 9.9982E-05 0.0449718 0.437125 0.0637415 0.069441
0.359982 9.9982E-05 0.0388712 0.0315904 0.206256 0.335522 9.9982E-05 0.0275778
0.221599 9.9973E-05 9.9973E-05 0.12394 0.105533 0.507346 0.0412814 9.9973E-05
0.259092 9.9973E-05 0.178166 9.9973E-05 0.197354 0.10794 0.257148 9.9973E-05
0.0988344 0.0349036 0.24566 0.0203273 9.9991E-05 0.432188 0.15237 0.0156167
0.229281 9.9973E-05 0.0930936 9.9973E-05 0.113716 0.5303 9.9973E-05 0.0333089
0.0918915 0.16011 9.9982E-05 0.143915 0.0953848 0.390068 0.11843 9.9982E-05
0.257574 0.00248427 0.204879 9.9982E-05 0.0221097 0.440856 0.071897 9.9982E-05
0.289665 0.0394869 0.150281 0.0212996 9.9982E-05 0.450769 0.048298 9.9982E-05
0.0754151 0.0843661 0.191126 9.9982E-05 0.101825 0.471502 0.075567 9.9982E-05
0.123646 9.9982E-05 0.0299017 0.00960387 0.162667 0.587284 0.0866968 9.9982E-05
0.0941348 0.0565723 0.0467673 0.0671409 0.0703744 0.5951 0.0612087 0.00870154
0.11712 9.9991E-05 0.0300096 0.0339014 0.132447 0.633824 0.0138718 0.0387269
0.16388 0.123693 0.0151808 0.0914589 0.0244754 0.522127 0.0590851 9.9991E-05
9.9955E-05 0.058432 9.9955E-05 0.790361 9.9955E-05 0.150707 9.9955E-05 9.9955E-05
9.9964E-05 9.9964E-05 0.0434419 0.82505 9.9964E-05 0.113744 9.9964E-05 0.017364
0.0483049 0.0255875 0.0394728 0.806465 0.0359648 0.0440046 9.9982E-05 9.9982E-05
9.9982E-05 0.0419027 0.025246 0.784782 0.104239 0.0280662 9.9982E-05 0.0155642
9.9964E-05 9.9964E-05 0.00104489 0.789017 9.9964E-05 0.149879 9.9964E-05 0.0596586
0.607248 0.131081 9.9964E-05 9.9964E-05 0.188051 0.0732205 9.9964E-05 9.9964E-05
0.118463 0.102361 0.152577 0.0816079 0.0243403 0.416417 0.102104 0.00212887
0.0134435 0.28346 0.114974 0.185318 9.9991E-05 0.234371 0.135273 0.033061
0.132647 0.0323958 0.0867834 9.9991E-05 0.0305978 0.618399 0.0746856 0.0243911
0.222803 0.0433474 0.0216474 0.0831488 0.186925 0.441928 9.9982E-05 9.9982E-05
0.288513 0.0607345 0.159676 9.9982E-05 9.9982E-05 0.277795 0.204142 0.00893927
0.596995 9.9973E-05 9.9973E-05 0.053916 0.170418 9.9973E-05 0.0959733 0.0823976
0.319616 0.00548098 0.0258953 0.0211984 0.0370762 0.576567 9.9991E-05 0.0140661
0.508998 0.0399726 0.139454 0.0290221 0.0694835 0.151277 0.00141378 0.0603797
0.165902 9.9982E-05 0.0517365 0.0359305 0.166863 0.471595 0.107773 9.9982E-05
0.511321 0.0328006 0.113194 0.130501 0.135258 0.0440929 9.9991E-05 0.0327332
0.184395 0.00584782 9.9991E-05 0.124598 0.0990906 0.567491 0.00326745 0.0152104
0.484751 0.0387545 0.0186294 0.0770299 0.170482 0.176113 0.0114052 0.0228348
0.295173 0.0381028 0.14083 0.0218226 0.0842115 0.345679 0.0740811 9.9991E-05
0.11209 0.0375553 0.070294 9.9982E-05 0.00842098 0.490725 0.280715 9.9982E-05
0.0825657 9.9964E-05 0.183226 9.9964E-05 9.9964E-05 0.296215 0.437594 9.9964E-05
0.023407 9.9973E-05 0.0492126 0.0418397 9.9973E-05 0.549772 0.335469 9.9973E-05
0.0241137 0.0340964 9.9982E-05 0.0669201 9.9982E-05 0.585247 0.198886 0.0905363
0.0597077 9.9973E-05 0.0608765 9.9973E-05 0.0841679 0.380383 0.414565 9.9973E-05
0.135102 0.107812 0.0463818 0.00666501 0.124327 0.355538 0.16436 0.0598127
9.9964E-05 9.9964E-05 0.0586667 9.9964E-05 0.135941 0.55959 0.245403 9.9964E-05
0.0724429 9.9973E-05 0.150318 9.9973E-05 0.120123 0.074241 0.582576 9.9973E-05
9.9964E-05 9.9964E-05 0.0466583 9.9964E-05 0.0493514 0.29889 0.604701 9.9964E-05
0.0862681 9.9973E-05 0.0637174 9.9973E-05 9.9973E-05 0.529227 0.30661 0.0138775
0.10888 9.9973E-05 0.0425548 9.9973E-05 0.265435 0.0999093 0.482921 9.9973E-05
0.120389 9.9955E-05 9.9955E-05 9.9955E-05 9.9955E-05 0.519624 0.359487 9.9955E-05
0.546442 0.0714787 0.0175925 0.0614652 0.273751 9.9991E-05 0.0254053 0.00376584
0.410605 0.0275849 0.272262 9.9982E-05 0.0430718 0.236512 0.00976345 9.9982E-05
0.431952 0.0771064 9.9973E-05 9.9973E-05 0.131077 0.310887 9.9973E-05 0.0486784
0.140719 0.0755879 0.00673444 0.00317267 0.0501046 0.628777 0.0773354 0.0175694
0.545835 9.9973E-05 0.0110258 9.9973E-05 0.231753 0.196156 9.9973E-05 0.0149302
0.21885 0.0945224 0.106869 0.012323 0.0769635 0.414653 0.00413044 0.0716881
0.218077 0.0955899 0.0608481 9.9991E-05 0.0430099 0.489283 0.0591864 0.0339055
0.296744 0.135254 0.0724703 9.9982E-05 0.110715 0.377524 9.9982E-05 0.00709299
0.185146 0.0546501 0.12797 0.0356103 0.145839 0.418311 9.9991E-05 0.0323736
0.330656 0.0263842 9.9982E-05 0.0150467 0.216725 0.394504 9.9982E-05 0.016484
0.504232 0.0816409 0.0456512 9.9982E-05 0.151391 0.200454 9.9982E-05 0.0164307
0.415666 0.083764 0.0756552 9.9973E-05 0.10686 0.317755 9.9973E-05 9.9973E-05
0.265838 0.102511 0.0651531 9.9973E-05 0.0729442 0.493253 9.9973E-05 9.9973E-05
0.180127 0.108973 9.9982E-05 0.00908978 0.140676 0.555257 9.9982E-05 0.00567739
0.282404 0.012317 0.130385 0.0107845 9.9991E-05 0.411463 0.151151 0.00139575
0.214154 0.0847772 0.177267 9.9973E-05 0.0498129 0.47369 9.9973E-05 9.9973E-05
0.34022 0.0716603 0.0580806 0.0691286 0.142197 0.301982 9.9991E-05 0.0166313
0.203175 9.9973E-05 0.0286603 9.9973E-05 0.0228524 0.728134 0.0168781 9.9973E-05
0.250633 0.0258626 0.0870244 0.039796 0.015582 0.580902 9.9982E-05 9.9982E-05
0.133007 0.103358 0.0729445 0.0255034 0.022075 0.530625 0.0744747 0.0380117
0.00855941 0.119353 9.9991E-05 0.289059 0.00106458 0.431431 0.0878272 0.0626056
9.9982E-05 0.162585 9.9982E-05 0.117166 0.157042 0.44443 0.0658544 0.0527233
0.0970476 0.133793 0.0641172 0.0869178 9.9991E-05 0.576995 0.0306739 0.0103556
0.118245 0.157112 0.105083 0.0196018 9.9982E-05 0.592421 9.9982E-05 0.00733693
9.9973E-05 0.210305 0.0448339 0.249378 0.0372914 0.457892 9.9973E-05 9.9973E-05
0.115077 9.9982E-05 0.179071 9.9982E-05 0.0163329 0.500473 0.174273 0.0145724
9.9982E-05 0.156909 9.9982E-05 0.222018 0.0960418 0.487809 0.0137146 0.023307
9.9964E-05 0.139241 9.9964E-05 0.227885 0.156216 9.9964E-05 0.476259 9.9964E-05
0.107182 0.172717 0.0269113 0.106181 0.0957359 0.421898 0.0415473 0.0278273
0.111421 0.155875 0.0425319 0.0481928 9.9991E-05 0.536523 0.040315 0.0650411
0.114547 0.23938 0.101078 0.0681236 0.0367402 0.416569 0.0234623 9.9991E-05
0.000804923 0.0510896 0.0709829 0.235217 0.0900154 0.354122 0.165309 0.032459
9.9982E-05 0.0656432 9.9982E-05 0.16044 0.0592735 0.60761 0.103087 0.00374651
0.00706153 0.173067 0.0664913 0.119716 9.9982E-05 0.565609 9.9982E-05 0.0678553
9.9973E-05 0.191516 0.00369101 0.390059 9.9973E-05 9.9973E-05 0.358942 0.0554925
0.034602 0.237437 9.9982E-05 0.160661 0.0929593 0.402327 9.9982E-05 0.0718142
9.9982E-05 0.169629 0.114595 0.14848 9.9982E-05 0.514018 0.0137281 0.03935
9.9982E-05 0.118854 9.9982E-05 0.108687 0.194964 0.512322 0.0589484 0.00602561
9.9964E-05 0.135836 9.9964E-05 0.224419 9.9964E-05 0.618801 0.020544 9.9964E-05
0.033453 0.204664 0.0257377 0.135754 0.0865166 0.428243 0.0481265 0.0375056
0.0111656 0.0330857 0.43242 0.0284081 0.0469871 0.421179 9.9991E-05 0.0266551
0.0468674 0.147389 0.31734 0.0694363 9.9973E-05 0.418667 9.9973E-05 9.9973E-05
0.049272 0.00106243 0.812394 9.9973E-05 0.132978 9.9973E-05 0.00399288 9.9973E-05
0.022791 9.9964E-05 0.897741 0.0103674 0.0687009 9.9964E-05 9.9964E-05 9.9964E-05
0.00361746 0.144459 0.268935 9.9973E-05 0.228156 0.354533 9.9973E-05 9.9973E-05
9.9973E-05 0.247162 0.0611818 0.124799 9.9973E-05 0.454895 0.111661 9.9973E-05
9.9991E-05 0.350396 0.270668 0.028732 0.011949 0.260833 0.0178434 0.0594789
9.9991E-05 0.286423 0.206773 0.227402 0.0168797 0.0886398 0.149717 0.0240657
9.9982E-05 0.248168 0.231664 0.153978 9.9982E-05 0.288117 0.00867195 0.0692016
9.9982E-05 0.0860103 0.614402 0.0803349 9.9982E-05 0.0389518 0.161728 0.018373
9.9982E-05 0.129788 0.657057 0.0658842 9.9982E-05 0.0773513 0.0345324 0.0351876
9.9964E-05 0.0995069 0.31069 0.0604806 9.9964E-05 0.528923 9.9964E-05 9.9964E-05
9.9964E-05 0.0881023 0.466452 0.031228 9.9964E-05 0.413818 9.9964E-05 9.9964E-05
9.9964E-05 0.161895 0.721713 9.9964E-05 9.9964E-05 0.0718031 9.9964E-05 0.0441888
0.0643125 0.0966952 0.266993 9.9982E-05 0.0169475 0.51658 9.9982E-05 0.038272
9.9973E-05 0.0999699 0.320722 0.00481035 9.9973E-05 0.572938 9.9973E-05 0.0012593
0.0904751 0.172097 0.202636 0.0453368 9.9982E-05 0.358865 0.13039 9.9982E-05
0.11613 9.9955E-05 0.580111 9.9955E-05 9.9955E-05 0.30326 9.9955E-05 9.9955E-05
0.0572931 9.9964E-05 0.563881 9.9964E-05 9.9964E-05 0.33082 9.9964E-05 0.0476053
0.0160182 0.0450005 0.369651 0.0231396 0.0163762 0.517668 9.9991E-05 0.0120466
0.0699346 9.9982E-05 0.320086 0.0440142 9.9982E-05 0.44977 0.0873451 0.0286499
0.108003 0.0789604 0.0882979 0.055709 0.064369 0.444789 0.123753 0.0361189
9.9964E-05 9.9964E-05 0.430691 9.9964E-05 0.0116545 0.455658 0.101597 9.9964E-05
0.0667338 9.9955E-05 0.743698 9.9955E-05 9.9955E-05 0.189068 9.9955E-05 9.9955E-05
9.9964E-05 9.9964E-05 0.376824 0.0565423 0.0646355 0.501598 9.9964E-05 9.9964E-05
9.9964E-05 0.022016 0.714206 9.9964E-05 0.0826486 0.180729 9.9964E-05 9.9964E-05
9.9973E-05 0.0342808 0.538938 9.9973E-05 9.9973E-05 0.400932 0.021091 0.00445845
0.0310175 9.9982E-05 0.228982 0.0736281 0.00408027 0.585062 9.9982E-05 0.0770303
9.9991E-05 0.0177647 0.361748 0.0096172 0.163641 0.420473 0.0226925 0.00396411
0.0208279 0.160049 0.0907911 0.135183 9.9991E-05 0.509303 0.0744147 0.00933122
0.0965627 0.172587 0.248488 0.0939692 9.9973E-05 0.388093 9.9973E-05 9.9973E-05
0.0775013 0.262618 0.0870523 0.123619 9.9982E-05 0.309344 0.139666 9.9982E-05
0.0782038 0.218228 0.0199429 0.0914795 9.9991E-05 0.342139 0.2043 0.0456062
0.0397655 0.116472 0.0533566 0.168304 0.129067 0.396042 0.0968931 9.9991E-05
0.0754513 0.204427 0.216362 0.131892 0.0226123 0.315583 0.0213765 0.0122964
9.9964E-05 0.11799 0.580743 0.179457 9.9964E-05 9.9964E-05 0.12141 9.9964E-05
0.0274313 0.189384 0.0723266 0.00633539 9.9991E-05 0.588032 0.0913745 0.0250162
9.9973E-05 0.106936 0.455203 0.346596 9.9973E-05 9.9973E-05 0.0761405 0.0148241
9.9964E-05 0.150839 0.27117 0.0695332 9.9964E-05 0.508058 9.9964E-05 9.9964E-05
9.9955E-05 9.9955E-05 0.84678 9.9955E-05 0.0866723 0.066048 9.9955E-05 9.9955E-05
9.9964E-05 9.9964E-05 0.968299 9.9964E-05 0.0202201 9.9964E-05 0.00506199 0.00601866
0.000221618 9.9964E-05 0.469321 9.9964E-05 9.9964E-05 0.526172 9.9964E-05 0.00388617
9.9964E-05 9.9964E-05 0.345457 0.00895287 9.9964E-05 0.6035 9.9964E-05 0.041691
9.9955E-05 9.9955E-05 0.541614 9.9955E-05 0.0888632 0.369023 9.9955E-05 9.9955E-05
9.9964E-05 0.00972169 0.5306 9.9964E-05 0.0248291 0.434449 9.9964E-05 9.9964E-05
9.9946E-05 9.9946E-05 0.479325 9.9946E-05 9.9946E-05 0.520075 9.9946E-05 9.9946E-05
9.9973E-05 0.0404596 0.0638075 0.711829 9.9973E-05 0.0847598 9.9973E-05 0.0988438
0.133103 0.118357 9.9964E-05 0.690111 9.9964E-05 9.9964E-05 9.9964E-05 0.0580287
0.0266678 0.0703603 9.9964E-05 0.872341 9.9964E-05 9.9964E-05 9.9964E-05 0.0302313
9.9955E-05 9.9955E-05 9.9955E-05 0.816207 9.9955E-05 0.0407649 9.9955E-05 0.142528
0.0103572 0.027487 0.151503 0.0134584 0.284403 0.488101 0.0125878 0.0121032
0.0487887 0.0987531 0.0425621 0.0751622 0.37944 0.355094 9.9982E-05 9.9982E-05
0.0440104 9.9964E-05 9.9964E-05 9.9964E-05 0.46759 0.487242 9.9964E-05 0.000757807
0.0431387 9.9973E-05 9.9973E-05 0.0738138 0.275457 0.583832 9.9973E-05 0.0234594
0.0486972 0.00821472 9.9982E-05 0.0311875 0.189081 0.594922 0.127698 9.9982E-05
0.0835992 0.00257505 9.9982E-05 0.00516041 0.616379 0.185798 0.106289 9.9982E-05
0.0249397 9.9964E-05 9.9964E-05 0.0099621 0.36704 0.597659 9.9964E-05 9.9964E-05
9.9964E-05 9.9964E-05 0.00858107 9.9964E-05 0.530382 0.329188 0.131449 9.9964E-05
0.0704634 0.165998 9.9991E-05 0.211004 0.0333456 0.461258 0.0253035 0.0325276
0.0315414 0.0536541 0.122603 9.9982E-05 0.363073 0.41902 0.00990916 9.9982E-05
0.136957 9.9973E-05 9.9973E-05 0.00286335 0.553522 0.281576 9.9973E-05 0.0247818
9.9964E-05 9.9964E-05 0.11671 9.9964E-05 0.378659 0.484436 9.9964E-05 0.019795
0.0837276 9.9982E-05 0.0911157 0.0079163 0.408436 0.330448 9.9982E-05 0.0781562
9.9964E-05 0.0474261 0.116663 9.9964E-05 0.277814 0.557697 9.9964E-05 9.9964E-05
9.9982E-05 0.0531545 0.00733341 0.064307 0.375499 0.494478 9.9982E-05 0.0050274
9.9955E-05 9.9955E-05 0.0592026 9.9955E-05 0.871674 0.0686238 9.9955E-05 9.9955E-05
9.9973E-05 0.0344143 0.0592237 9.9973E-05 0.58029 0.226631 0.0991416 9.9973E-05
0.0489278 9.9982E-05 0.058285 0.0330421 0.610413 0.243601 0.00553099 9.9982E-05
9.9955E-05 9.9955E-05 0.024806 9.9955E-05 0.804867 9.9955E-05 0.169828 9.9955E-05
0.101547 0.0976072 0.0812655 9.9982E-05 0.444823 0.268055 9.9982E-05 0.00650327
0.013466 9.9973E-05 0.0235288 9.9973E-05 0.696282 0.0399516 0.226472 9.9973E-05
9.9955E-05 9.9955E-05 0.0808643 9.9955E-05 0.708432 9.9955E-05 0.210204 9.9955E-05
9.9982E-05 0.101605 0.0317565 0.00205871 0.406292 0.450185 9.9982E-05 0.00790232
0.0896292 0.00198492 0.0287369 0.0170345 0.671988 0.190427 9.9982E-05 9.9982E-05
0.153511 0.0370177 9.9982E-05 0.0358704 0.358592 0.410347 0.00446235 9.9982E-05
9.9982E-05 0.0467851 0.000720624 0.0861131 0.284612 0.500597 9.9982E-05 0.0809718
0.0567643 0.0455462 9.9982E-05 0.00826446 0.435829 0.429863 9.9982E-05 0.0235323
0.28338 0.0337858 0.147967 9.9982E-05 0.0825425 0.356529 0.0955951 9.9982E-05
0.0388395 9.9973E-05 0.067678 9.9973E-05 0.350997 0.477124 9.9973E-05 0.065062
0.0490027 0.0591168 9.9982E-05 0.0118729 0.418117 0.409298 9.9982E-05 0.0523928
9.9973E-05 9.9973E-05 0.0225239 9.9973E-05 0.663988 0.259931 0.0469595 0.0062978
0.0387992 0.111583 9.9982E-05 9.9982E-05 0.382146 0.412408 0.00425344 0.0506104
0.272163 0.00488431 9.9973E-05 0.605631 9.9973E-05 9.9973E-05 0.077229 0.0397927
0.0670892 9.9982E-05 9.9982E-05 0.685419 0.103619 0.00371132 0.0391526 0.100809
0.0858921 9.9973E-05 9.9973E-05 0.704151 0.00384992 9.9973E-05 0.0790333 0.126774
0.115905 9.9964E-05 0.0487022 0.731829 9.9964E-05 9.9964E-05 9.9964E-05 0.103164
0.217631 9.9964E-05 9.9964E-05 0.640726 9.9964E-05 9.9964E-05 0.0705975 0.0706457
0.110586 0.0406835 9.9973E-05 0.0488726 0.777985 0.0215734 9.9973E-05 9.9973E-05
0.0958066 9.9982E-05 0.0017465 0.0755817 0.728928 0.060286 9.9982E-05 0.0374508
9.9973E-05 0.0273455 0.0341844 9.9973E-05 0.870894 0.0387645 0.0285117 9.9973E-05
9.9982E-05 0.0941767 0.0548516 0.0891309 0.305387 0.41026 9.9982E-05 0.0459936
0.0359664 0.0946663 0.0631921 0.137097 0.114656 0.527704 9.9991E-05 0.0266181
9.9982E-05 9.9982E-05 0.0279827 0.071443 0.605871 0.241245 0.0494734 0.00378505
9.9964E-05 0.0434769 9.9964E-05 9.9964E-05 0.444846 0.508435 0.00284214 9.9964E-05
9.9964E-05 9.9964E-05 9.9964E-05 0.0739919 0.473113 0.377627 0.0748684 9.9964E-05
0.0144148 9.9982E-05 9.9982E-05 0.0450403 0.318059 0.578428 0.0145167 0.0293416
0.0184656 0.062715 0.0439526 0.0233266 0.258605 0.539273 0.0535618 9.9991E-05
0.0948875 0.0661513 9.9982E-05 0.0196281 0.68574 0.109814 0.0235792 9.9982E-05
0.0336566 9.9964E-05 9.9964E-05 9.9964E-05 0.631945 0.303952 9.9964E-05 0.0300467
0.120475 0.0112108 9.9973E-05 9.9973E-05 0.585718 0.265662 9.9973E-05 0.0166343
0.037417 9.9982E-05 0.034001 0.0711063 0.0522144 0.631127 0.173934 9.9982E-05
0.0186609 9.9973E-05 9.9973E-05 9.9973E-05 0.594148 0.340607 0.0130104 0.0332736
0.0547577 0.0919998 0.000374358 9.9991E-05 0.494307 0.302762 0.044616 0.0110831
0.0158895 0.388493 9.9982E-05 0.110704 9.9982E-05 0.418339 0.0478362 0.0185385
0.0399634 0.424564 0.0867734 0.0904811 9.9982E-05 0.312882 9.9982E-05 0.0451359
9.9982E-05 0.437531 9.9982E-05 0.124235 0.00504729 0.397961 0.0296907 0.00533452
9.9973E-05 0.479154 9.9973E-05 0.102018 9.9973E-05 0.323345 0.0884402 0.00674391
0.00557021 0.249914 0.00568669 0.0763172 0.0224266 0.468424 0.0913053 0.080356
9.9964E-05 9.9964E-05 0.0994439 9.9964E-05 0.303505 0.493072 0.10358 9.9964E-05
9.9973E-05 0.664161 9.9973E-05 0.216726 9.9973E-05 0.0231757 0.0446978 0.0509392
9.9982E-05 0.478561 0.0952991 0.135522 0.0199713 0.207291 9.9982E-05 0.0631547
9.9982E-05 0.172937 9.9982E-05 0.0829436 0.0487537 0.434385 0.242222 0.0185587
0.0122775 9.9973E-05 9.9973E-05 0.049489 9.9973E-05 0.626077 0.251805 0.0600519
0.0507025 0.00321612 0.00491615 0.0546245 0.00756964 0.491501 0.38737 9.9991E-05
0.0111267 9.9982E-05 9.9982E-05 0.0943795 0.00335589 0.58564 0.262078 0.0432204
0.13261 0.0459071 9.9973E-05 0.0696501 9.9973E-05 0.599919 0.151615 9.9973E-05
9.9973E-05 0.447622 0.0139295 0.137373 9.9973E-05 0.351531 9.9973E-05 0.0492439
0.119533 0.280511 9.9973E-05 0.148206 9.9973E-05 0.447301 9.9973E-05 0.0041491
9.9973E-05 0.435158 0.0358163 0.115825 9.9973E-05 0.405314 0.00758693 9.9973E-05
0.0561529 0.344823 0.0622938 0.101062 0.0275591 0.360194 9.9991E-05 0.0478152
9.9982E-05 0.563965 0.0135565 0.13341 0.0483107 0.239514 9.9982E-05 0.00104428
9.9982E-05 0.341975 0.0556042 0.0725665 0.150898 0.357905 9.9982E-05 0.0208506
9.9991E-05 0.512992 0.00841344 0.111216 0.0469663 0.260251 0.00882318 0.0512374
0.046159 0.416175 0.102573 0.0161456 9.9991E-05 0.337824 0.0255294 0.0554945
9.9982E-05 0.0603064 9.9982E-05 0.025567 0.0100249 0.518443 0.346674 0.0387841
0.0300911 0.222754 9.9991E-05 0.15501 0.0318403 0.412993 0.0887894 0.0584212
9.9973E-05 0.554813 9.9973E-05 0.143698 9.9973E-05 0.201671 0.088568 0.0109507
9.9982E-05 0.44466 0.110538 0.0840314 0.193361 0.131175 9.9982E-05 0.0360334
0.27211 9.9973E-05 9.9973E-05 0.130452 0.110375 0.16069 0.326073 9.9973E-05
0.0034947 0.0865197 9.9973E-05 9.9973E-05 9.9973E-05 0.557969 0.338885 0.012831
0.00867271 0.301973 0.0195149 0.100495 9.9991E-05 0.376992 0.152743 0.0395095
0.176952 0.0838535 0.00906257 0.0675517 9.9982E-05 0.517996 0.144385 9.9982E-05
0.0822779 9.9982E-05 9.9982E-05 0.150799 0.0634909 0.5276 0.164366 0.0112662
0.0833496 0.166177 9.9991E-05 0.0932798 0.119862 0.373416 0.0901717 0.0736437
0.0140189 0.213874 0.0823612 0.247843 9.9991E-05 0.403425 0.0105118 0.0278657
0.115967 0.0623052 0.0453353 0.0326217 9.9991E-05 0.652374 0.0528326 0.038464
9.9991E-05 0.332973 0.028889 0.124063 0.101086 0.38317 0.0274306 0.00228787
9.9964E-05 0.403244 0.0153555 0.123043 9.9964E-05 0.457958 9.9964E-05 9.9964E-05
0.000337533 0.586136 0.00873913 0.16946 9.9991E-05 0.143416 0.0799634 0.0118483
0.112594 0.0511501 9.9982E-05 0.0417923 9.9982E-05 0.594555 0.179301 0.020408
0.10542 9.9982E-05 9.9982E-05 0.0646634 0.0271996 0.505679 0.291786 0.00505194
9.9973E-05 0.0134404 9.9973E-05 0.011848 9.9973E-05 0.236731 0.692986 0.0446951
0.104314 0.102209 9.9991E-05 0.0406681 0.0848892 0.499438 0.138507 0.0298747
0.271057 0.0261517 0.0698428 0.117615 9.9982E-05 0.406216 0.108918 9.9982E-05
9.9982E-05 0.14244 9.9982E-05 0.145866 0.0848589 0.404733 0.177458 0.0444443
0.148534 0.0156326 0.0356458 0.0473836 0.0554176 0.511051 0.102572 0.0837633
9.9955E-05 0.165195 9.9955E-05 0.222272 9.9955E-05 9.9955E-05 0.612034 9.9955E-05
9.9964E-05 0.100287 9.9964E-05 0.183523 9.9964E-05 9.9964E-05 0.674308 0.0414821
