0.0309563 9.9955E-05 9.9955E-05 0.0792054 9.9955E-05 0.889339 9.9955E-05 9.9955E-05
0.00495773 0.0138817 9.9973E-05 0.0753559 9.9973E-05 0.885474 9.9973E-05 0.0200306
0.116915 9.9973E-05 0.0343467 0.0173076 9.9973E-05 0.803368 0.0277632 9.9973E-05
0.0911725 9.9964E-05 0.00255486 0.087755 9.9964E-05 0.818118 9.9964E-05 9.9964E-05
0.0510928 9.9973E-05 0.0563069 0.0288917 9.9973E-05 0.833358 9.9973E-05 0.0300507
9.9973E-05 0.169383 0.112508 0.108093 0.0669817 0.542734 9.9973E-05 9.9973E-05
0.00539009 0.16036 0.00417198 0.0046425 9.9982E-05 0.794926 0.0303094 9.9982E-05
9.9964E-05 0.18551 0.0624049 0.0835859 9.9964E-05 0.668099 9.9964E-05 9.9964E-05
9.99639E-05 0.0585849 9.99639E-05 0.0607071 0.0536604 0.826648 9.99639E-05 9.99639E-05
0.08709 0.0853633 0.112843 0.0227858 9.9982E-05 0.640319 9.9982E-05 0.0513988
0.0149572 0.187556 9.9973E-05 0.0641131 9.9973E-05 0.715323 0.0177506 9.9973E-05
0.127411 0.00165207 0.0472839 9.9964E-05 9.9964E-05 9.9964E-05 0.823253 9.9964E-05
0.467756 9.9964E-05 0.0520984 9.9964E-05 9.9964E-05 9.9964E-05 0.47224 0.00750533
0.141114 9.9964E-05 9.9964E-05 9.9964E-05 9.9964E-05 0.086399 0.703953 0.0681337
0.250792 9.9973E-05 0.114249 9.9973E-05 9.9973E-05 0.0169352 0.608197 0.00952762
0.277423 0.0569259 0.0824032 9.9991E-05 0.0404673 0.0806604 0.405979 0.0560412
0.579097 0.0312355 0.0100445 9.9982E-05 9.9982E-05 0.0775439 0.300582 0.00129737
0.321775 0.0216787 0.128471 9.9973E-05 9.9973E-05 9.9973E-05 0.468125 0.0596504
0.203753 9.9973E-05 0.0972746 9.9973E-05 0.0221217 0.0816736 0.594878 9.9973E-05
9.9964E-05 0.0487252 0.0111362 9.9964E-05 9.9964E-05 0.0398673 0.899871 9.9964E-05
0.336649 0.0634526 0.0682828 0.0103992 0.0498275 9.9991E-05 0.456141 0.0151477
0.449408 0.162287 0.0486839 9.9982E-05 0.0875558 9.9982E-05 0.209968 0.0418967
0.550982 9.9973E-05 9.9973E-05 9.9973E-05 0.0245507 0.0338346 0.364509 0.0258244
0.125311 0.0393577 0.0936139 9.9973E-05 0.0473946 9.9973E-05 0.694022 9.9973E-05
0.675642 0.114107 0.036514 9.9982E-05 9.9982E-05 0.0254949 0.111868 0.0361736
0.433687 0.0717186 0.0859653 9.9982E-05 0.0542935 0.0340503 0.320085 9.9982E-05
9.9955E-05 9.9955E-05 0.11458 9.9955E-05 9.9955E-05 0.0334242 0.851496 9.9955E-05
0.0962301 9.9955E-05 0.166757 9.9955E-05 9.9955E-05 9.9955E-05 0.736513 9.9955E-05
0.148279 0.0181367 9.9982E-05 9.9982E-05 0.00832899 0.00172603 0.784524 0.0388053
0.154888 9.9964E-05 0.0335223 9.9964E-05 9.9964E-05 0.810608 0.000581692 9.9964E-05
0.16659 9.9964E-05 0.00713592 9.9964E-05 9.9964E-05 0.798856 0.0270176 9.9964E-05
0.131291 9.9955E-05 9.9955E-05 9.9955E-05 0.0547954 0.813414 9.9955E-05 9.9955E-05
0.131707 9.9964E-05 0.0641139 9.9964E-05 0.0757913 0.727987 9.9964E-05 9.9964E-05
0.542139 9.9982E-05 9.9982E-05 0.0191382 0.242326 0.0542523 0.0306376 0.111306
0.442087 0.0370584 0.0879811 0.0559808 0.230525 0.027176 0.119091 9.9991E-05
0.523614 9.9955E-05 9.9955E-05 9.9955E-05 0.454619 0.0212679 9.9955E-05 9.9955E-05
0.0844396 9.9982E-05 9.9982E-05 0.129761 0.0140181 0.111351 0.629878 0.0303524
0.3141 0.0793929 9.9964E-05 9.9964E-05 0.557047 0.0490608 9.9964E-05 9.9964E-05
0.359883 9.9991E-05 0.0831919 0.110831 0.204306 0.0374906 0.188645 0.0155524
0.598547 0.053072 0.0369014 9.9973E-05 0.304237 0.00694279 9.9973E-05 9.9973E-05
0.536242 0.122114 0.00954213 0.0502984 0.170597 0.111006 9.9982E-05 9.9982E-05
0.660848 0.0627822 9.9982E-05 0.062989 0.0875602 0.0760815 0.0495391 9.9982E-05
0.0651058 0.03523 0.0068582 9.9973E-05 0.629969 9.9973E-05 0.262537 9.9973E-05
0.538476 0.280264 0.0323395 9.9973E-05 0.0798205 9.9973E-05 0.0688005 9.9973E-05
0.445488 9.9973E-05 0.0957564 0.0246782 0.352496 0.0812806 9.9973E-05 9.9973E-05
0.653871 0.0804166 0.037319 0.0327251 0.110276 0.0851921 9.9982E-05 9.9982E-05
0.352602 0.0358858 9.9964E-05 9.9964E-05 0.594098 9.9964E-05 9.9964E-05 0.0170146
0.607049 9.9973E-05 9.9973E-05 0.0434979 0.261526 0.077862 0.00976505 9.9973E-05
0.492935 0.0551147 0.100935 0.0541352 0.144533 0.00265334 0.0799106 0.0697835
9.9955E-05 0.290835 9.9955E-05 9.9955E-05 0.658862 0.0498036 9.9955E-05 9.9955E-05
0.172002 0.100568 9.9973E-05 0.180517 0.196715 9.9973E-05 0.349899 9.9973E-05
0.0409859 0.356828 9.9973E-05 9.9973E-05 0.0876318 9.9973E-05 0.379749 0.134506
0.574158 9.9982E-05 0.0583302 0.098724 9.9982E-05 0.0699206 0.136781 0.0618867
0.551679 0.166011 0.0298809 0.0705903 9.9991E-05 0.0637093 0.0252906 0.0927387
0.579766 0.0342371 0.0425522 0.0531576 0.010115 0.107821 0.0403433 0.132008
0.147802 0.0761848 9.9991E-05 0.186302 0.192815 0.0711821 0.266587 0.0590269
0.539879 0.0362629 9.9982E-05 0.125922 0.0531092 9.9982E-05 0.231327 0.0133003
0.411678 0.144393 0.131211 0.0253024 0.116447 0.00357795 0.167291 9.9991E-05
0.313448 0.033163 0.011362 0.0543218 0.089016 0.120265 0.378324 9.9991E-05
0.0443378 0.148964 0.05927 0.0711166 0.0749023 0.16258 0.43873 9.9991E-05
0.426147 0.0259545 0.0506828 0.0298428 0.236986 0.0797547 0.150532 9.9991E-05
0.314575 9.9991E-05 0.0449718 0.064463 0.0734735 0.0734985 0.260136 0.168783
9.9982E-05 0.151722 9.9982E-05 0.0858853 0.042222 0.0300008 0.660782 0.0291888
0.39178 0.0421076 0.0348331 0.0441245 0.0298936 9.9991E-05 0.370735 0.0864262
0.462479 0.0638262 0.0793633 0.0304956 0.12582 0.00910161 0.128973 0.099941
0.50893 9.9982E-05 0.0881702 0.0250818 9.9982E-05 0.0955523 0.151709 0.130357
0.212495 0.0554936 0.0902072 0.0480645 0.110685 0.00149937 0.423467 0.0580887
0.461385 0.0590142 0.00499631 9.9973E-05 9.9973E-05 9.9973E-05 0.418146 0.0561576
0.461857 0.0371201 0.0770181 0.217784 0.00715694 9.9991E-05 0.0518899 0.147074
0.150189 0.0884527 9.9991E-05 0.00583467 0.043581 0.0394857 0.605991 0.0663658
0.535855 9.9955E-05 9.9955E-05 9.9955E-05 0.445604 9.9955E-05 0.0180418 9.9955E-05
0.113405 9.9964E-05 0.0111454 9.9964E-05 0.667683 9.9964E-05 0.207367 9.9964E-05
0.470274 0.03712 0.0783277 0.0503355 0.196297 0.0822188 0.069627 0.0157997
9.9955E-05 0.136854 9.9955E-05 0.0194165 0.84323 9.9955E-05 9.9955E-05 9.9955E-05
9.9964E-05 0.091305 9.9964E-05 9.9964E-05 0.757367 9.9964E-05 0.0627971 0.0881312
0.227953 9.9955E-05 0.0129736 9.9955E-05 0.758574 9.9955E-05 9.9955E-05 9.9955E-05
0.286631 9.9982E-05 0.0488777 0.0762146 0.480599 0.0227064 0.0847707 9.9982E-05
0.468609 0.00344714 0.0137059 0.078832 0.205683 0.0916117 0.138011 9.9991E-05
0.355447 9.9973E-05 0.0483791 9.9973E-05 0.491584 9.9973E-05 0.0832795 0.0210105
0.0115189 9.9982E-05 0.0789877 0.0741516 0.661296 0.0486345 0.125211 9.9982E-05
0.234101 9.9973E-05 9.9973E-05 0.164538 0.457244 0.0508524 0.0929636 9.9973E-05
0.362512 0.00743023 0.114485 0.0490363 0.257804 0.0770143 9.9991E-05 0.131618
0.211464 9.9973E-05 0.0624529 9.9973E-05 0.536119 0.00566474 0.183999 9.9973E-05
0.370994 9.9973E-05 9.9973E-05 9.9973E-05 0.484906 0.0193811 0.122078 0.0023415
0.268157 0.0240905 0.0243044 9.9973E-05 0.617503 9.9973E-05 9.9973E-05 0.0656445
9.9973E-05 0.205781 0.000803635 9.9973E-05 0.646439 0.00159457 9.9973E-05 0.145081
0.592157 0.0327032 0.0137319 0.0353598 0.1873 0.0792452 9.9991E-05 0.0594022
0.0682228 9.9973E-05 0.0565992 0.0367259 9.9973E-05 0.789453 0.0486996 9.9973E-05
0.11806 9.9946E-05 9.9946E-05 9.9946E-05 9.9946E-05 0.881341 9.9946E-05 9.9946E-05
0.159436 9.9964E-05 0.00150827 0.00814202 9.9964E-05 0.830514 9.9964E-05 9.9964E-05
0.0562168 0.055549 0.00483855 9.9964E-05 9.9964E-05 0.882996 9.9964E-05 9.9964E-05
0.0849675 9.9964E-05 0.0154847 9.9964E-05 0.0357322 0.863416 9.9964E-05 9.9964E-05
0.0918012 0.00368472 9.9973E-05 9.9973E-05 0.0183336 0.863171 9.9973E-05 0.0227092
0.10828 9.99461E-05 9.99461E-05 9.99461E-05 9.99461E-05 0.891121 9.99461E-05 9.99461E-05
0.476639 0.0593039 0.0644571 9.9991E-05 0.26981 0.0936689 0.0235967 0.0124243
0.532381 0.132395 0.0266474 9.9991E-05 0.040871 0.0391844 0.202475 0.0259462
9.9964E-05 9.9964E-05 9.9964E-05 9.9964E-05 0.783249 0.0396092 0.127179 0.0495628
0.518943 0.0299256 0.0292171 9.9991E-05 0.108013 0.129648 0.116456 0.0676973
0.343812 0.00886953 0.0394076 0.0565442 0.413502 0.0313518 0.106413 9.9991E-05
0.530169 9.9982E-05 0.020746 0.0200797 0.303335 0.0409107 9.9982E-05 0.0845599
0.462112 9.9973E-05 0.0393869 9.9973E-05 0.294079 0.0463443 9.9973E-05 0.157778
0.459799 9.9982E-05 0.0320736 0.0106665 0.442431 0.0318356 9.9982E-05 0.0229942
9.9973E-05 0.00907712 9.9973E-05 0.0424788 0.65938 0.0921787 0.196585 9.9973E-05
0.486989 0.0054938 9.9991E-05 0.0254912 0.0952675 0.116258 0.162146 0.108255
0.547015 0.0825188 0.0400465 0.0324142 0.129585 0.0715113 0.0968092 9.9991E-05
0.52966 0.0938925 0.048893 0.0581679 0.150116 0.0931809 0.0259897 9.9991E-05
0.231932 0.139734 0.033789 9.9973E-05 0.526223 9.9973E-05 0.0680223 9.9973E-05
0.483606 0.0156671 9.9964E-05 9.9964E-05 0.416259 9.9964E-05 9.9964E-05 0.0840674
0.40443 9.9973E-05 9.9973E-05 0.00824354 0.355609 0.0213848 0.210033 9.9973E-05
0.261303 9.9964E-05 0.084206 9.9964E-05 0.634418 9.9964E-05 9.9964E-05 0.0196728
0.38972 9.9982E-05 0.0349003 0.0401845 0.369544 0.0665842 0.0988675 9.9982E-05
0.553615 0.00648388 9.9982E-05 9.9982E-05 0.161428 0.152316 0.0887194 0.0372389
0.159177 0.140094 0.0279618 0.0579028 9.9982E-05 9.9982E-05 0.435232 0.179432
0.343457 0.0794495 0.0699097 0.0826421 0.0630977 0.0625169 0.298827 9.9991E-05
0.505195 0.0301617 9.9982E-05 0.0305727 9.9982E-05 0.0925584 0.201602 0.13971
0.562046 0.00215682 0.107495 0.164395 0.0202278 0.0776424 0.0128732 0.0531642
0.390506 9.9982E-05 9.9982E-05 0.130282 0.037767 0.00440968 0.401487 0.0353488
0.478612 0.00971305 0.110851 0.11825 0.0263932 9.9991E-05 0.202813 0.0532676
0.410934 9.9964E-05 9.9964E-05 0.102858 9.9964E-05 9.9964E-05 0.382947 0.102861
0.468955 0.0586534 9.9991E-05 0.0734078 0.103675 0.099144 0.00817131 0.187893
0.589225 0.10005 9.9982E-05 0.0482913 9.9982E-05 0.0571309 0.171109 0.033994
0.549347 9.9982E-05 0.0122273 9.9982E-05 0.0769998 0.0553265 0.30471 0.0011892
0.449699 0.0211755 9.9982E-05 0.112082 9.9982E-05 0.0283992 0.277446 0.110998
0.633713 0.0173969 0.00795151 0.0158712 9.9991E-05 0.0439404 0.15951 0.121517
0.621531 0.0800952 0.0618152 0.0668966 9.9991E-05 0.0303656 0.0997309 0.0394656
0.389525 9.9973E-05 0.086109 9.9973E-05 0.0993365 9.9973E-05 0.319226 0.105503
0.521515 0.113955 0.0579756 0.0987298 0.0389318 0.0595389 0.070333 0.0390208
0.444691 0.0252242 0.088282 0.172346 0.0727938 0.00384391 0.156005 0.0368144
0.335362 0.0846029 0.0477112 0.0454548 9.9991E-05 0.0877534 0.258902 0.140114
0.546341 0.0561585 0.0560595 0.0945354 9.9982E-05 9.9982E-05 0.231147 0.0155588
0.690127 0.0252192 9.9982E-05 0.0682363 9.9982E-05 0.0323579 0.0126736 0.171186
0.122152 0.0764785 0.11293 0.0892501 0.104141 9.9982E-05 0.494849 9.9982E-05
0.121292 0.169336 0.0255457 0.0693072 9.9982E-05 9.9982E-05 0.370674 0.243645
0.396962 0.0928819 0.062862 0.0836444 0.0766828 0.0495863 0.23728 9.9991E-05
0.111705 0.169118 0.00247471 0.153887 0.0976163 9.9991E-05 0.170226 0.294874
0.244422 9.9982E-05 9.9982E-05 0.0780795 0.0572991 0.0622271 0.554492 0.00328083
0.407942 9.9973E-05 9.9973E-05 0.0672679 0.128626 9.9973E-05 0.341835 0.0540292
0.302117 9.9982E-05 9.9982E-05 0.0579176 0.0846626 0.00997189 0.493147 0.0519833
0.269761 9.9982E-05 9.9982E-05 0.0613003 0.0227607 0.0279778 0.573082 0.0449177
0.53761 0.076214 0.0753477 0.0268662 9.9991E-05 0.0249724 0.224718 0.0341716
0.482388 9.9991E-05 0.11503 0.126468 0.0686773 0.0994194 0.102311 0.00560497
0.459493 0.0290168 0.0723485 0.0609794 0.0786718 0.0460274 0.253363 9.9991E-05
0.0872986 0.172461 0.0552101 0.105321 0.128003 9.9991E-05 0.351959 0.0996473
0.449441 0.0328913 9.9982E-05 9.9982E-05 0.164914 0.156281 0.0427557 0.153516
0.506253 0.160535 0.0202306 0.0856194 0.0814676 0.0126319 0.0399734 0.0932894
0.000938405 0.450032 9.9991E-05 0.122132 0.195344 0.0934537 0.0455623 0.0924377
0.62486 0.0686528 0.0194541 9.9982E-05 0.0969875 0.0744145 9.9982E-05 0.115431
0.332541 0.175642 0.0448587 0.09435 0.226533 0.0422551 9.9991E-05 0.0837196
0.502527 0.203304 0.0708512 9.9991E-05 0.0578697 0.0630182 0.0161779 0.0861514
0.281939 0.347397 9.9991E-05 0.0796905 0.130114 0.117534 0.042127 0.00109843
0.178571 0.368099 9.9991E-05 0.187272 0.0383011 0.0275964 0.0449981 0.155061
0.358346 0.110381 0.0491865 0.162611 0.115094 0.00431297 0.0729916 0.127078
0.50409 0.103944 0.0173737 9.9991E-05 0.128316 0.124679 0.0938831 0.0276143
0.360103 0.121493 0.0472743 0.0778556 0.107265 0.0373789 0.24853 9.9991E-05
9.9982E-05 0.348145 0.144633 9.9982E-05 0.203399 0.0173347 0.186073 0.100215
0.619216 0.135175 0.055667 0.0424943 0.0186607 0.0255869 0.0965478 0.00665185
0.394483 0.232946 9.9982E-05 0.0117018 0.196104 9.9982E-05 0.140325 0.0242405
0.438478 0.146134 9.9982E-05 0.0280375 0.0851396 9.9982E-05 0.161907 0.140104
0.590489 0.154543 9.9982E-05 0.0617161 0.0556733 0.116504 9.9982E-05 0.0208744
0.207572 0.283191 0.227895 0.0112421 0.0152497 0.25465 9.9982E-05 9.9982E-05
9.9955E-05 0.401117 0.117276 9.9955E-05 9.9955E-05 0.481107 9.9955E-05 9.9955E-05
9.9955E-05 0.463385 0.135061 9.9955E-05 9.9955E-05 0.401054 9.9955E-05 9.9955E-05
0.0386916 0.259665 0.345675 9.9973E-05 9.9973E-05 0.351844 0.00382426 9.9973E-05
0.609081 0.185843 9.9973E-05 0.0243227 0.168685 9.9973E-05 0.0117684 9.9973E-05
0.577999 0.110939 0.0350118 0.129781 9.9982E-05 0.0218694 9.9982E-05 0.124201
0.202894 9.9964E-05 0.663415 0.0373518 0.0959394 9.9964E-05 9.9964E-05 9.9964E-05
0.281688 9.9982E-05 0.497894 0.0332252 0.045097 9.9982E-05 0.0525016 0.0893946
0.318498 0.0471241 0.328085 0.0191215 9.9991E-05 0.12631 0.0437878 0.116974
0.279449 0.36543 9.9973E-05 9.9973E-05 0.135203 9.9973E-05 0.0719058 0.147712
0.474378 0.152097 0.0715434 0.0523852 0.147068 0.0386802 9.9991E-05 0.0637475
0.197343 0.504439 9.9973E-05 9.9973E-05 0.132862 9.9973E-05 0.0500251 0.11503
0.609445 0.201655 9.9982E-05 0.00514805 0.0363743 9.9982E-05 0.0739193 0.0732589
0.348531 0.173368 9.9991E-05 0.00250252 0.14779 0.0252304 0.16085 0.141628
0.491247 0.250359 0.0689117 9.9991E-05 0.117709 0.00334368 0.0339265 0.034404
0.159822 0.492108 9.9982E-05 0.00943672 0.216864 9.9982E-05 0.070509 0.0510599
0.685134 0.089857 0.0586787 0.0113085 0.126376 0.0284462 9.9982E-05 9.9982E-05
0.626399 0.0886044 0.0163022 9.9991E-05 0.0548708 0.0556169 0.0199028 0.138203
9.9964E-05 0.0120367 0.971022 9.9964E-05 0.00892493 9.9964E-05 9.9964E-05 0.00761689
0.0325119 9.9955E-05 0.952275 9.9955E-05 9.9955E-05 9.9955E-05 9.9955E-05 0.0147131
0.226444 9.9973E-05 0.59521 9.9973E-05 0.100545 0.0135525 0.0639487 9.9973E-05
0.322901 9.9964E-05 0.621197 0.0411601 9.9964E-05 9.9964E-05 9.9964E-05 0.0143421
0.0866473 9.9964E-05 0.88037 0.0314583 0.00112412 9.9964E-05 9.9964E-05 9.9964E-05
9.994E-05 9.994E-05 0.9993 9.994E-05 9.994E-05 9.994E-05 9.994E-05 9.994E-05
9.9955E-05 9.9955E-05 0.964136 0.0120231 9.9955E-05 9.9955E-05 9.9955E-05 0.0233412
0.172577 9.9946E-05 0.826823 9.9946E-05 9.9946E-05 9.9946E-05 9.9946E-05 9.9946E-05
9.9946E-05 9.9946E-05 0.981518 0.0178827 9.9946E-05 9.9946E-05 9.9946E-05 9.9946E-05
9.994E-05 9.994E-05 0.9993 9.994E-05 9.994E-05 9.994E-05 9.994E-05 9.994E-05
9.994E-05 9.994E-05 0.9993 9.994E-05 9.994E-05 9.994E-05 9.994E-05 9.994E-05
0.0938459 9.9973E-05 0.800488 9.9973E-05 0.0225399 0.0155021 0.0673238 9.9973E-05
0.103405 9.9964E-05 0.799637 0.0810374 9.9964E-05 0.0155208 9.9964E-05 9.9964E-05
9.994E-05 9.994E-05 0.9993 9.994E-05 9.994E-05 9.994E-05 9.994E-05 9.994E-05
0.338364 0.059875 0.413642 0.0477499 0.0242041 0.0197476 0.0963183 9.9991E-05
0.208927 9.9982E-05 0.630144 0.0660697 0.0187038 0.0635439 0.0124111 9.9982E-05
0.122342 9.9973E-05 0.73778 9.9973E-05 9.9973E-05 0.0514331 0.0641437 0.0240011
0.0883056 9.9973E-05 0.871906 0.00598306 9.9973E-05 0.00208029 0.0314254 9.9973E-05
0.052266 9.9955E-05 0.942959 0.00427527 9.9955E-05 9.9955E-05 9.9955E-05 9.9955E-05
0.0146072 9.9982E-05 0.899159 0.00642287 0.00534433 0.0643521 9.9982E-05 0.00991445
9.994E-05 9.994E-05 0.9993 9.994E-05 9.994E-05 9.994E-05 9.994E-05 9.994E-05
0.170662 9.9991E-05 0.643885 0.0937463 0.036457 0.0366436 0.0125214 0.00598394
9.9946E-05 9.9946E-05 0.91478 9.9946E-05 9.9946E-05 9.9946E-05 0.0846199 9.9946E-05
9.9982E-05 0.63337 0.0267468 9.9982E-05 0.0118119 0.260071 0.0211509 0.0466496
0.407858 0.213994 9.9973E-05 0.0874519 9.9973E-05 0.186734 0.103662 9.9973E-05
0.441065 0.206742 0.0298309 0.0647574 0.0731234 0.184281 9.9982E-05 9.9982E-05
0.280104 0.50427 0.0224452 0.0334737 9.9973E-05 0.159407 9.9973E-05 9.9973E-05
0.352336 0.21591 0.212614 0.0953388 0.0170125 0.0541336 9.9991E-05 0.0525562
0.246847 0.448562 0.0705868 9.9982E-05 0.024987 0.178896 9.9982E-05 0.0299209
0.430498 0.0663808 0.0946984 0.10425 0.0171773 0.194813 0.0601052 0.0320774
0.321167 0.430473 0.181721 0.0125267 9.9973E-05 0.0538123 9.9973E-05 9.9973E-05
0.452709 0.177267 0.189455 0.0304508 0.0328332 0.0939051 0.023281 9.9991E-05
0.29109 0.378032 0.221236 9.9973E-05 0.0337146 0.0756279 9.9973E-05 9.9973E-05
0.489141 0.194808 9.9973E-05 9.9973E-05 0.0518863 0.161995 0.10187 9.9973E-05
0.0705585 0.0445929 9.9964E-05 0.0851799 9.9964E-05 0.799269 9.9964E-05 9.9964E-05
9.9964E-05 9.9964E-05 0.079178 0.0224094 9.9964E-05 0.877685 0.0203277 9.9964E-05
9.9964E-05 0.0209032 9.9964E-05 0.0142285 9.9964E-05 0.93211 0.0323581 9.9964E-05
0.0328558 9.9955E-05 9.9955E-05 0.033904 9.9955E-05 0.93274 9.9955E-05 9.9955E-05
0.0655907 9.9964E-05 0.011949 9.9964E-05 9.9964E-05 0.883133 0.0389271 9.9964E-05
9.9964E-05 0.0149808 0.0918506 9.9964E-05 9.9964E-05 0.872344 9.9964E-05 0.0204242
0.057426 9.9964E-05 0.0562173 0.0100383 9.9964E-05 0.875918 9.9964E-05 9.9964E-05
0.00338836 0.0659703 0.00712628 9.9973E-05 9.9973E-05 0.869552 9.9973E-05 0.0536635
9.9955E-05 9.9955E-05 0.0451044 9.9955E-05 0.0816257 0.87277 9.9955E-05 9.9955E-05
0.0178745 0.0498083 0.0794244 9.9973E-05 9.9973E-05 0.839572 9.9973E-05 0.0130207
9.9973E-05 9.9973E-05 9.9973E-05 0.00332925 0.0839463 0.641803 0.239301 0.0313204
9.9973E-05 9.9973E-05 9.9973E-05 0.181355 0.0102708 0.581605 0.187269 0.0391999
9.9973E-05 0.0985938 9.9973E-05 0.0898458 9.9973E-05 0.539041 0.238744 0.0334756
9.9964E-05 0.0487314 9.9964E-05 0.0502949 9.9964E-05 0.482998 0.417576 9.9964E-05
0.407974 9.9991E-05 0.0451622 0.0548077 0.213739 0.0263269 0.217813 0.034078
0.385889 9.9991E-05 0.0584974 0.0668306 0.269269 0.0478845 0.107422 0.0641076
0.498126 0.00286038 9.9982E-05 0.0927257 0.245179 0.0624988 0.0984096 9.9982E-05
0.334201 0.0499496 9.9982E-05 0.0886938 0.174157 0.016415 0.336384 9.9982E-05
0.10157 0.0125135 9.9973E-05 0.2229 0.126071 9.9973E-05 0.536646 9.9973E-05
0.506077 9.9982E-05 0.0295598 0.0608439 0.272786 0.0479362 9.9982E-05 0.0825968
0.523594 9.9964E-05 9.9964E-05 0.0733018 0.329066 9.9964E-05 0.0736384 9.9964E-05
0.372485 0.106685 0.0675038 0.0328531 0.366914 9.9982E-05 0.0533588 9.9982E-05
0.335251 0.0312506 0.0547672 0.00792952 0.551393 9.9982E-05 9.9982E-05 0.0192086
0.617852 0.0661082 9.9982E-05 0.160234 0.123027 0.0308501 0.00172846 9.9982E-05
0.361749 9.9982E-05 0.0174816 0.0911072 0.357255 9.9982E-05 0.0690258 0.103181
9.9964E-05 0.0198633 9.9964E-05 0.0839477 0.69489 9.9964E-05 9.9964E-05 0.200899
0.487404 0.0424858 0.0227407 0.102935 0.190315 0.0397198 0.0848878 0.029512
0.187033 0.102273 9.9973E-05 9.9973E-05 0.43504 9.9973E-05 0.109779 0.165575
0.473852 9.9955E-05 9.9955E-05 9.9955E-05 0.424962 9.9955E-05 9.9955E-05 0.100686
0.0460635 9.9973E-05 9.9973E-05 0.0549967 0.60676 0.0565254 0.235354 9.9973E-05
0.00030158 0.134367 9.9964E-05 0.835107 9.9964E-05 0.0298245 9.9964E-05 9.9964E-05
0.0651729 0.116773 9.9964E-05 0.804586 9.9964E-05 0.0130683 9.9964E-05 9.9964E-05
9.9946E-05 0.0548618 9.9946E-05 0.944539 9.9946E-05 9.9946E-05 9.9946E-05 9.9946E-05
9.9955E-05 9.9955E-05 9.9955E-05 0.905644 9.9955E-05 0.0501452 9.9955E-05 0.0437108
0.068133 0.0965642 9.9973E-05 0.807383 0.00400961 9.9973E-05 0.0236107 9.9973E-05
0.0514137 9.9955E-05 0.0854249 0.862662 9.9955E-05 9.9955E-05 9.9955E-05 9.9955E-05
0.131438 9.9946E-05 9.9946E-05 9.9946E-05 9.9946E-05 0.867963 9.9946E-05 9.9946E-05
0.0762587 9.9964E-05 0.0359112 9.9964E-05 9.9964E-05 0.839005 0.0484254 9.9964E-05
0.173164 0.0316299 0.0401507 9.9964E-05 9.9964E-05 0.754656 9.9964E-05 9.9964E-05
9.9955E-05 9.9955E-05 0.123995 9.9955E-05 9.9955E-05 0.718918 0.156588 9.9955E-05
0.11455 0.0264261 0.0392092 0.00478375 9.9982E-05 0.78328 0.031551 9.9982E-05
9.9973E-05 0.101444 9.9973E-05 0.443506 0.0227375 0.335143 0.0968697 9.9973E-05
9.9982E-05 0.031237 9.9982E-05 0.314979 0.063243 0.463628 0.0278643 0.098848
9.9973E-05 9.9973E-05 9.9973E-05 0.34769 0.0425381 0.419658 0.00474758 0.185066
0.142936 9.9955E-05 9.9955E-05 9.9955E-05 9.9955E-05 0.81788 0.0386841 9.9955E-05
9.9982E-05 0.0178097 9.9982E-05 0.416976 0.0675738 0.38344 0.0291092 0.0848917
0.317017 0.0977002 0.298613 9.9973E-05 9.9973E-05 0.243239 9.9973E-05 0.0431309
0.573256 0.17872 0.158405 9.9964E-05 9.9964E-05 0.0892185 9.9964E-05 9.9964E-05
0.602749 9.99551E-05 0.182269 9.99551E-05 9.99551E-05 0.214483 9.99551E-05 9.99551E-05
0.348152 0.0914434 0.180899 0.00383013 0.0916213 0.283854 9.9982E-05 9.9982E-05
0.422588 0.00748282 0.199219 0.0264172 0.0812542 0.143173 0.116488 0.00337848
9.9955E-05 0.302169 0.33044 9.9955E-05 9.9955E-05 0.366891 9.9955E-05 9.9955E-05
0.387296 9.9973E-05 9.9973E-05 0.138258 0.0499661 9.9973E-05 0.421404 0.00277571
0.339343 0.144432 9.9973E-05 0.125959 9.9973E-05 9.9973E-05 0.202563 0.187403
0.165673 9.9964E-05 9.9964E-05 0.0621875 9.9964E-05 0.0856873 0.686052 9.9964E-05
0.414474 0.00786521 9.9973E-05 0.00925367 9.9973E-05 9.9973E-05 0.184154 0.383954
9.9973E-05 0.282131 9.9973E-05 0.0079174 0.0904637 9.9973E-05 0.249847 0.369341
0.343593 0.043733 0.120856 0.0620174 0.151647 9.9991E-05 0.242373 0.0356803
0.430191 9.9973E-05 9.9973E-05 0.112256 0.108957 9.9973E-05 0.222928 0.125369
0.230641 9.9973E-05 9.9973E-05 0.0490128 0.0924901 0.106596 0.520959 9.9973E-05
0.517913 0.00511325 0.0188738 0.0689992 0.106342 0.133329 0.0989386 0.0504906
0.049036 0.297132 9.9973E-05 9.9973E-05 0.131955 9.9973E-05 0.447914 0.0736631
0.437055 0.132891 0.00480328 0.110776 0.0154554 9.9991E-05 0.137996 0.160924
0.353895 0.0158578 0.0394326 0.135235 0.11792 9.9991E-05 0.27896 0.0585995
0.311102 0.020765 0.181622 0.142904 0.188972 0.13189 0.0226461 9.9991E-05
0.304605 0.00643636 9.9982E-05 0.0951001 0.00224443 9.9982E-05 0.341796 0.249619
0.383563 9.9982E-05 0.0237619 0.104504 0.0992191 9.9982E-05 0.217409 0.171343
0.451695 0.120285 0.0310866 0.051593 0.0874755 0.00213909 0.20782 0.0479056
0.493626 0.0117744 9.9991E-05 0.0574467 0.0935519 0.0237141 0.187693 0.132094
0.437791 0.0710049 0.1685 0.16277 0.0336953 0.0116834 0.0788376 0.0357172
0.519927 0.0129356 0.0794079 0.0147668 0.0161924 0.0203924 0.223478 0.1129
0.463892 0.136233 0.0752802 0.0999424 0.113535 0.0396203 0.0713974 9.9991E-05
0.120885 9.9964E-05 0.0970685 0.0249677 9.9964E-05 0.756679 9.9964E-05 9.9964E-05
0.0714906 9.99814E-05 0.0548671 0.015106 0.0604673 0.797769 9.99814E-05 9.99814E-05
0.041969 0.0498261 9.9991E-05 0.0265364 0.0677836 0.756345 0.0191721 0.0382674
0.027563 9.9973E-05 0.0351196 0.0393583 0.0856567 0.812003 9.9973E-05 9.9973E-05
0.134116 9.9964E-05 0.000451508 0.0308994 9.9964E-05 0.834133 9.9964E-05 9.9964E-05
0.123421 0.099877 0.0109355 0.116559 9.9973E-05 9.9973E-05 0.648908 9.9973E-05
0.490055 0.012238 0.00351735 9.9991E-05 0.0588682 0.106483 0.220837 0.107902
0.371871 0.145585 0.200874 0.0539608 0.145356 0.069601 0.0124922 0.000259426
0.614987 0.00865538 0.00123637 0.00275208 9.9991E-05 0.0412342 0.204108 0.126927
0.529448 9.9982E-05 9.9982E-05 0.119244 0.0330655 0.0525296 0.234172 0.031341
0.180961 0.149143 0.0468421 0.0998888 9.9982E-05 9.9982E-05 0.384089 0.138876
9.9964E-05 0.145409 9.9964E-05 0.153566 9.9964E-05 0.0979873 0.602637 9.9964E-05
0.482158 9.9982E-05 0.00648457 0.123897 0.0674167 9.9982E-05 0.268504 0.0513394
0.135545 9.9973E-05 9.9973E-05 0.20541 9.9973E-05 0.0801236 0.382124 0.196496
0.376496 0.175977 9.9991E-05 0.160681 0.0779383 0.0100124 0.0198893 0.178906
0.0154924 9.9982E-05 9.9982E-05 0.118877 0.00842254 0.167985 0.619827 0.0691973
0.539773 0.0305156 0.0746236 0.135329 9.9982E-05 0.0316311 0.187927 9.9982E-05
0.0769538 9.9982E-05 0.0341966 0.0685679 9.9982E-05 0.0958609 0.686554 0.037667
0.367215 0.0927013 0.0181649 9.9991E-05 0.0373734 0.012122 0.361451 0.110872
0.516554 0.205116 9.9982E-05 0.110955 0.0784254 0.00129567 0.0874536 9.9982E-05
0.327606 0.453591 9.9964E-05 0.0865101 9.9964E-05 9.9964E-05 9.9964E-05 0.131893
0.526961 0.347761 0.0227885 0.0368998 0.0175091 0.032686 9.9991E-05 0.0152952
0.601977 0.218222 0.0235743 9.9991E-05 0.0318104 0.0906199 0.0111035 0.0225932
0.357292 0.356783 9.9982E-05 0.0522694 0.0998416 9.9982E-05 0.0524407 0.0811734
0.461085 0.166145 0.0574863 0.018836 0.045278 0.0709198 0.056269 0.123981
0.542167 0.163165 9.9973E-05 0.0857786 0.0944399 9.9973E-05 9.9973E-05 0.114149
0.0527759 0.520368 9.9973E-05 0.112578 0.181665 9.9973E-05 9.9973E-05 0.132313
0.226437 0.574696 9.9973E-05 0.0320818 0.116948 9.9973E-05 9.9973E-05 0.0495375
0.487847 0.313786 9.9964E-05 0.173407 9.9964E-05 9.9964E-05 9.9964E-05 0.0245601
0.162652 0.416134 9.9982E-05 0.0580832 0.142753 9.9982E-05 0.133656 0.0865223
0.439132 0.250712 9.9973E-05 0.0384798 0.102387 9.9973E-05 0.168989 9.9973E-05
9.9991E-05 0.073395 0.0566183 0.0869241 0.0488953 0.00994034 0.661134 0.0629934
0.19152 0.0423413 9.9973E-05 0.124712 9.9973E-05 9.9973E-05 0.296319 0.344808
0.259185 9.9982E-05 0.08284 0.12952 9.9982E-05 0.0240318 0.372549 0.131675
0.466196 0.0163077 0.123575 0.0507566 0.0646658 0.00530513 0.273093 9.9991E-05
0.130548 9.99811E-05 0.0524397 0.123574 0.1459 9.99811E-05 0.547238 9.99811E-05
0.326243 0.0519528 0.133181 0.088341 0.0780072 0.103823 0.0620714 0.156381
0.577569 0.0112533 0.039297 0.123515 0.10802 0.010469 0.0561991 0.0736776
0.417173 9.9982E-05 0.0817123 0.0317372 0.0689889 9.9982E-05 0.388626 0.011562
0.415236 0.0069579 0.0705367 0.152006 0.0730494 9.9991E-05 0.202517 0.0795967
0.441935 9.9973E-05 0.0034335 0.155103 0.198694 9.9973E-05 0.200535 9.9973E-05
0.130739 9.9973E-05 0.0790379 0.162252 0.102755 9.9973E-05 0.524916 9.9973E-05
0.236971 0.0262372 0.0967703 0.184441 0.0555834 9.9991E-05 0.36694 0.0329568
0.523141 9.9982E-05 0.0233734 0.0485993 0.0424591 9.9982E-05 0.210874 0.151353
0.631012 9.9964E-05 9.9964E-05 9.9964E-05 0.0537113 9.9964E-05 0.223525 0.091352
0.429671 0.107912 9.9991E-05 0.0690749 0.00884773 0.0201342 0.202139 0.162121
0.438094 0.0475371 0.0668476 0.174137 9.9982E-05 9.9982E-05 0.093475 0.17971
0.275602 0.0101841 0.0436744 0.0891104 9.9982E-05 0.0948877 0.486342 9.9982E-05
0.56815 9.9982E-05 9.9982E-05 0.0602439 0.0725251 0.00453543 0.277407 0.0169377
0.467348 9.9982E-05 0.0784825 0.10486 0.11799 0.0344769 0.196643 9.9982E-05
0.464879 0.0289034 0.0980994 9.9991E-05 0.00348139 0.0582751 0.25918 0.0870818
0.313266 0.0105048 0.166004 9.9982E-05 0.152023 0.336429 0.0215723 9.9982E-05
0.412318 0.00825519 0.212006 9.9991E-05 0.192921 0.1411 0.0195912 0.0137086
0.518728 0.0953508 0.0627629 0.014577 0.0249581 0.144776 0.126377 0.0124693
0.566449 0.0022631 0.108501 0.0437211 0.061586 0.0610799 0.109712 0.0466886
0.43679 0.0118778 0.207739 9.9991E-05 0.0885266 0.18289 0.0020543 0.0700226
0.418429 0.0857586 0.0210406 0.0594174 9.9982E-05 9.9982E-05 0.29005 0.125105
0.543054 0.0315075 0.0431531 0.0462538 0.0427567 0.140896 0.152279 9.9991E-05
9.9973E-05 0.470596 0.138745 9.9973E-05 0.0682439 0.170807 0.151308 9.9973E-05
0.46264 0.0105041 0.136631 0.0101696 0.00198995 0.153307 0.13806 0.086699
0.413977 9.9991E-05 0.200919 0.0341691 0.125632 0.0978515 0.0547307 0.0726213
0.480315 0.0595756 0.165938 0.0659582 0.0691966 0.0614593 0.0714338 0.0261244
0.191905 0.13143 0.152984 9.9982E-05 0.17515 0.162319 0.186011 9.9982E-05
0.509016 0.130529 0.146967 9.9982E-05 0.0263101 0.112051 0.0749261 9.9982E-05
0.554874 0.0330116 0.104917 9.9982E-05 9.9982E-05 0.118151 0.0562916 0.132555
9.9973E-05 0.296069 0.201334 9.9973E-05 0.0131904 0.465704 9.9973E-05 0.0234026
0.522899 0.0278238 0.18474 9.9991E-05 0.0243015 0.173325 0.0248061 0.0420055
0.532604 0.0374904 0.134145 9.9982E-05 9.9982E-05 0.189532 0.0235739 0.082455
0.481488 0.0240157 0.120823 0.0194885 0.0409026 0.138013 0.136989 0.0382802
0.468449 0.0684586 0.202588 9.9982E-05 9.9982E-05 0.138346 0.0661768 0.0557817
0.551417 0.17041 0.0827942 0.0653664 9.9982E-05 0.0433406 0.0864715 9.9982E-05
0.375312 9.9982E-05 0.054552 0.0631519 0.0832354 0.015859 9.9982E-05 0.40769
0.409768 0.0671039 0.0992707 0.0158027 0.135438 0.0293296 0.0493966 0.193891
9.9964E-05 0.00968147 9.9964E-05 9.9964E-05 0.0986117 9.9964E-05 0.175976 0.715331
9.9973E-05 9.9973E-05 9.9973E-05 0.0216495 0.0164606 0.00629711 0.0605006 0.894792
0.375949 9.9982E-05 0.122556 0.0770257 0.0821048 0.0569112 9.9982E-05 0.285253
0.407552 0.108732 0.291749 9.9982E-05 9.9982E-05 0.0813959 0.0462912 0.0640789
0.290656 0.0870635 0.321764 9.9982E-05 0.013853 0.0875985 9.9982E-05 0.198865
0.14651 0.176518 0.288403 9.9982E-05 9.9982E-05 0.166388 0.0807372 0.141243
0.364708 0.0416522 0.25562 9.9973E-05 9.9973E-05 0.158146 9.9973E-05 0.179574
0.0317533 0.164596 0.0710831 9.9973E-05 9.9973E-05 0.0443292 9.9973E-05 0.687939
0.0635403 9.9964E-05 0.102171 9.9964E-05 9.9964E-05 0.128571 9.9964E-05 0.705318
0.480795 9.9973E-05 0.0803643 9.9973E-05 0.0246359 0.00154352 9.9973E-05 0.412362
0.385022 9.9964E-05 0.0586422 9.9964E-05 9.9964E-05 0.0492746 9.9964E-05 0.506662
0.137064 9.9964E-05 0.0679704 9.9964E-05 9.9964E-05 0.0712557 9.9964E-05 0.72331
0.461338 9.9973E-05 0.094356 9.9973E-05 9.9973E-05 0.0734986 0.071886 0.298621
0.577117 9.9964E-05 0.04919 9.9964E-05 9.9964E-05 0.00803735 9.9964E-05 0.365256
0.405245 9.9991E-05 0.179047 0.0188862 0.0869484 0.0590972 0.131831 0.118845
0.257212 9.9982E-05 9.9982E-05 0.069428 0.127966 0.0101623 0.026694 0.508337
0.266877 0.0335154 9.9973E-05 9.9973E-05 0.102065 9.9973E-05 0.153207 0.444036
0.500235 0.0116521 9.9991E-05 0.0532536 0.00651909 0.0607141 0.106266 0.261261
0.333983 9.9991E-05 0.0244251 0.120368 0.0158153 0.052791 0.0582269 0.394291
0.371828 0.187187 0.0904092 0.0920817 0.0247937 9.9991E-05 0.082404 0.151196
0.416914 0.0640498 9.9982E-05 0.00942738 0.0194863 9.9982E-05 0.102988 0.386934
0.220292 9.9955E-05 9.9955E-05 0.0932623 9.9955E-05 9.9955E-05 9.9955E-05 0.685946
0.591084 9.9964E-05 0.0180218 9.9964E-05 0.102556 9.9964E-05 9.9964E-05 0.287938
0.167126 9.9982E-05 0.00614176 0.00589653 0.102067 9.9982E-05 0.0167308 0.701838
0.388585 9.9955E-05 9.9955E-05 9.9955E-05 9.9955E-05 9.9955E-05 0.0665224 0.544392
0.530204 9.9991E-05 0.034292 0.063811 0.0628905 0.06295 0.00700276 0.23875
0.482091 9.9991E-05 0.0080287 0.0500259 0.052747 0.0876556 0.0290196 0.290333
0.482316 0.0767612 0.170642 9.9991E-05 0.0749144 0.136591 0.0303446 0.0283308
0.347101 0.0342714 0.203247 0.0636077 9.9991E-05 0.150761 0.042139 0.158772
0.368789 0.150767 0.208887 0.0209817 9.9991E-05 0.135256 0.0158256 0.0993943
0.282312 0.224115 0.179241 0.0360391 9.9991E-05 0.118063 0.155326 0.00480384
0.371496 9.9982E-05 0.238305 0.0903254 0.124913 0.115159 0.0596016 9.9982E-05
0.370445 0.0686874 0.190746 0.108758 0.0133457 0.130631 9.9991E-05 0.117287
9.9973E-05 0.0622769 0.0985014 0.00290928 9.9973E-05 0.197986 9.9973E-05 0.638026
0.582474 0.0216652 0.177929 0.116448 9.9982E-05 0.00015133 9.9982E-05 0.101133
9.9964E-05 0.186021 0.139124 9.9964E-05 9.9964E-05 0.329976 9.9964E-05 0.344479
0.53625 0.00590677 0.125756 9.9973E-05 9.9973E-05 0.0337146 9.9973E-05 0.298072
0.0420892 9.9955E-05 9.9955E-05 9.9955E-05 0.17578 9.9955E-05 9.9955E-05 0.781631
9.9955E-05 9.9955E-05 9.9955E-05 9.9955E-05 0.0520974 9.9955E-05 0.0793508 0.868052
0.373686 9.9964E-05 9.9964E-05 9.9964E-05 0.0564983 9.9964E-05 0.126258 0.443158
0.575952 9.9946E-05 9.9946E-05 9.9946E-05 9.9946E-05 9.9946E-05 9.9946E-05 0.423448
0.312494 9.9964E-05 9.9964E-05 9.9964E-05 0.0630924 9.9964E-05 0.0735681 0.550446
0.459609 9.9964E-05 9.9964E-05 9.9964E-05 0.0527671 0.0393047 9.9964E-05 0.447919
0.515214 9.9955E-05 9.9955E-05 9.9955E-05 0.0156154 9.9955E-05 9.9955E-05 0.468671
0.0867601 9.9955E-05 9.9955E-05 9.9955E-05 9.9955E-05 0.791511 9.9955E-05 0.121229
0.00100291 0.00179232 0.109723 0.0748162 0.0585765 0.726934 9.9991E-05 0.0270548
9.9955E-05 9.9955E-05 0.086206 0.0486022 9.9955E-05 0.864692 9.9955E-05 9.9955E-05
0.0815585 9.9946E-05 9.9946E-05 9.9946E-05 9.9946E-05 0.917842 9.9946E-05 9.9946E-05
0.394627 0.00614042 0.0699697 0.0424818 0.352019 9.9991E-05 0.104319 0.0303434
0.333107 9.9973E-05 0.0462575 0.037261 0.47397 0.109105 9.9973E-05 9.9973E-05
0.382997 9.9964E-05 9.9964E-05 9.9964E-05 0.450617 0.0112438 0.154743 9.9964E-05
0.572291 0.000269516 9.9982E-05 0.0138113 0.265873 0.090356 0.0571999 9.9982E-05
0.60388 0.106506 9.9973E-05 0.113443 0.145563 0.0303073 9.9973E-05 9.9973E-05
0.187883 0.0557232 0.0156871 0.0582175 0.52282 0.0453299 0.114239 9.9991E-05
0.441109 9.9973E-05 0.0530155 0.0310971 0.434018 9.9973E-05 9.9973E-05 0.0404605
0.308731 0.0559433 0.011986 9.9982E-05 0.536381 0.0243027 9.9982E-05 0.0624567
0.378081 9.9973E-05 0.104857 9.9973E-05 9.9973E-05 0.275072 0.173317 0.0683733
0.32049 9.9982E-05 0.0923261 0.0265679 0.427359 9.9982E-05 0.0120057 0.121052
0.288988 9.9964E-05 9.9964E-05 0.117826 0.510477 9.9964E-05 0.0823088 9.9964E-05
0.52939 9.9973E-05 9.9973E-05 0.0601619 0.371607 0.0277038 9.9973E-05 0.0108371
0.306714 9.9982E-05 0.0481006 0.0634584 0.507425 9.9982E-05 0.0578834 0.016219
0.524587 9.9964E-05 0.00349288 9.9964E-05 0.418495 9.9964E-05 9.9964E-05 0.053026
0.504171 9.9973E-05 9.9973E-05 0.0657579 0.30426 0.0411237 9.9973E-05 0.0843881
0.0471055 9.9955E-05 9.9955E-05 9.9955E-05 0.897044 9.9955E-05 9.9955E-05 0.0553507
0.18907 0.0540383 0.0137367 0.014131 0.64482 0.045465 0.000395785 0.0383431
0.230984 0.0740483 0.00832172 0.0577398 0.596598 0.00948775 9.9991E-05 0.0227205
9.9946E-05 0.271693 9.9946E-05 9.9946E-05 0.727707 9.9946E-05 9.9946E-05 9.9946E-05
0.387766 9.9982E-05 9.9982E-05 0.000474398 0.447017 0.00665488 0.152287 0.00560041
0.0558634 0.279907 0.00667343 9.9973E-05 0.632871 9.9973E-05 9.9973E-05 0.0243854
9.9964E-05 0.239249 9.9964E-05 0.00238244 0.63862 9.9964E-05 9.9964E-05 0.119349
0.493901 9.9991E-05 0.0687241 0.0086643 0.305916 0.0182317 0.00282305 0.10164
0.136132 9.9973E-05 0.0207247 9.9973E-05 0.657998 0.0502017 0.134644 9.9973E-05
0.306408 9.9973E-05 0.0665346 0.0283621 0.469191 9.9973E-05 0.129203 9.9973E-05
0.547494 0.0639665 0.0420649 0.0719875 0.208312 0.0659757 9.9982E-05 9.9982E-05
0.451689 9.9964E-05 9.9964E-05 0.00101873 0.415212 9.9964E-05 0.131681 9.9964E-05
0.285216 0.0492194 0.0159506 0.0985403 0.0338251 9.9991E-05 0.350503 0.166645
0.408164 9.9973E-05 0.0765667 9.9973E-05 0.368372 9.9973E-05 0.0779932 0.0686042
0.405062 0.0051875 0.0567188 9.9982E-05 0.361281 0.00250262 0.169048 9.9982E-05
0.264568 0.0809152 9.9955E-05 9.9955E-05 0.654017 9.9955E-05 9.9955E-05 9.9955E-05
0.534061 9.9982E-05 0.0136683 0.0580101 0.187275 9.9982E-05 0.0679546 0.13883
9.9973E-05 0.0784703 9.9973E-05 0.15643 9.9973E-05 0.64749 0.110779 0.0065297
0.0608445 0.06134 9.9991E-05 0.00945557 0.00602482 0.755205 0.0453534 0.0616771
9.9964E-05 0.0675404 9.9964E-05 0.109868 9.9964E-05 0.782608 0.0395834 9.9964E-05
9.9964E-05 0.0201467 9.9964E-05 0.109374 9.9964E-05 0.796792 9.9964E-05 0.0732873
0.0383298 0.013595 9.9973E-05 0.166716 9.9973E-05 0.716565 0.0644939 9.9973E-05
0.0343498 9.9982E-05 0.068189 0.0195696 0.61718 0.0271137 0.233398 9.9982E-05
0.0579659 9.9982E-05 9.9982E-05 0.0587858 0.652733 0.106705 0.113997 0.00961368
0.107275 0.0887632 0.00853683 9.9973E-05 0.787953 9.9973E-05 9.9973E-05 0.00717206
0.502587 9.9982E-05 0.0752655 0.03139 0.26142 0.103312 0.0258258 9.9982E-05
0.472384 9.9982E-05 0.135732 0.00838018 0.225545 0.0825111 0.0752476 9.9982E-05
0.174354 0.108175 0.0739415 9.9973E-05 0.614735 9.9973E-05 9.9973E-05 0.0284948
0.458152 0.061426 0.102554 9.9982E-05 0.263323 9.9982E-05 0.0722387 0.0421063
0.37363 0.0570239 0.0647929 9.9982E-05 0.444272 0.0456767 9.9982E-05 0.0144051
0.460962 0.0297955 9.9991E-05 0.0258779 0.270867 0.00497751 0.199984 0.00743617
0.641254 9.9982E-05 0.0117607 9.9982E-05 0.240764 0.0631878 0.0118695 0.0309645
0.110621 0.00359732 0.0578439 0.0684292 0.64196 9.9982E-05 0.117348 9.9982E-05
0.26353 9.9973E-05 0.015246 9.9973E-05 0.634632 0.0279336 0.0583591 9.9973E-05
0.299655 9.9964E-05 9.9964E-05 0.0214264 0.482055 9.9964E-05 0.196463 9.9964E-05
0.611802 0.286236 0.0110365 0.0299555 0.00780426 0.0296529 0.0148449 0.00866768
0.27928 9.9973E-05 9.9973E-05 0.0162018 0.590494 0.0285465 0.0851769 9.9973E-05
0.401255 0.0651684 0.029567 0.0116952 0.379466 9.9991E-05 0.0682803 0.044468
0.335458 0.0182584 0.453371 9.9991E-05 0.0820433 0.0035965 0.0962332 0.0109399
0.331819 0.0597749 0.4572 0.00912093 0.00953161 0.132354 9.9982E-05 9.9982E-05
0.465517 0.0123263 0.302307 9.9973E-05 9.9973E-05 0.17054 9.9973E-05 0.049009
0.305468 0.0429213 0.533556 9.9982E-05 9.9982E-05 0.0933404 0.00803404 0.0164808
0.471634 0.0510903 0.266836 0.00958027 9.9991E-05 0.132092 0.00322782 0.0654397
0.403422 0.116405 9.9973E-05 9.9973E-05 0.328311 0.0472462 0.104316 9.9973E-05
0.0503801 0.0820388 0.655005 9.9982E-05 9.9982E-05 0.202771 0.000447165 0.0091576
0.219012 0.0295452 0.503849 9.9982E-05 0.0591806 0.151735 9.9982E-05 0.0364782
0.317831 0.258287 0.162153 0.0731778 0.122121 0.0662298 9.9982E-05 9.9982E-05
0.560191 0.242682 9.9964E-05 9.9964E-05 9.9964E-05 0.0990745 0.0976527 9.9964E-05
0.422207 0.313549 9.9964E-05 9.9964E-05 9.9964E-05 0.0756633 0.18818 9.9964E-05
0.623521 0.203254 9.9982E-05 0.0436292 0.0218677 0.105715 0.00181236 9.9982E-05
0.564338 0.0801933 0.024258 0.0820871 0.0709907 0.0192167 0.128394 0.0305222
0.260114 9.9955E-05 0.459531 9.9955E-05 9.9955E-05 0.279855 9.9955E-05 9.9955E-05
0.378541 0.053132 0.353809 9.9982E-05 9.9982E-05 0.0542417 0.0601397 0.0999369
0.388198 0.010829 0.532771 0.0406434 9.9973E-05 0.0272595 9.9973E-05 9.9973E-05
0.495764 0.0402717 0.206727 0.040982 9.9991E-05 0.155147 0.0553632 0.0056459
0.316357 0.0748634 0.488519 0.0256941 9.9982E-05 0.0721519 0.0222139 9.9982E-05
0.395164 9.9982E-05 0.336569 0.047496 0.0216544 0.107221 9.9982E-05 0.0916958
0.213206 0.0759593 0.577812 9.9973E-05 9.9973E-05 0.117422 9.9973E-05 0.0153011
0.358706 9.9973E-05 0.374838 9.9973E-05 9.9973E-05 0.0340204 0.15325 0.0788854
0.515394 0.349624 9.9964E-05 0.0361454 0.0984368 9.9964E-05 9.9964E-05 9.9964E-05
0.339591 9.9973E-05 0.346018 0.075003 0.107216 0.131871 9.9973E-05 9.9973E-05
0.156518 0.0369269 0.641067 9.9964E-05 9.9964E-05 0.165089 9.9964E-05 9.9964E-05
0.343672 0.0585842 0.281494 0.0632263 0.0932357 0.159588 9.9982E-05 9.9982E-05
0.199829 0.350887 9.9982E-05 0.0686402 0.0386353 0.110682 0.231127 9.9982E-05
0.47935 0.237846 0.124332 0.00259534 9.9982E-05 0.0224438 0.133233 9.9982E-05
0.355776 0.0476125 0.264456 0.113339 9.9982E-05 0.148557 0.0700599 9.9982E-05
0.593077 0.0979056 9.9973E-05 0.00214563 9.9973E-05 0.125577 0.180995 9.9973E-05
0.460448 0.213852 9.9991E-05 0.00608554 0.0538135 0.113269 0.142415 0.0100165
0.320764 0.0685462 0.195279 0.0942256 0.168981 0.152004 9.9982E-05 9.9982E-05
0.246994 0.0303975 0.301017 9.9991E-05 0.035712 0.22025 0.0121796 0.15335
0.507416 0.0952364 0.124841 0.0341057 0.0432812 0.0299385 0.143847 0.0213343
0.260125 0.0811822 0.39535 0.0191326 0.0988372 0.145173 9.9982E-05 9.9982E-05
0.318778 9.9964E-05 0.487064 9.9964E-05 9.9964E-05 0.082769 9.9964E-05 0.110989
0.165111 0.0422102 0.585435 9.9973E-05 9.9973E-05 0.189287 9.9973E-05 0.017656
0.728774 0.180469 9.9964E-05 0.036188 9.9964E-05 0.0541695 9.9964E-05 9.9964E-05
0.397332 0.255177 9.9982E-05 0.0576761 0.0442947 0.0408304 0.20449 9.9982E-05
0.178875 0.721205 9.9973E-05 0.0466275 0.0150845 0.0379085 9.9973E-05 9.9973E-05
0.454829 0.150055 0.0910336 0.0504637 0.07539 0.081745 0.0963831 9.9991E-05
0.417428 0.112128 0.00818726 0.0361552 9.9991E-05 0.153838 0.137908 0.134255
0.39195 0.115934 0.140501 9.9982E-05 0.0468851 0.170434 0.134095 9.9982E-05
0.458126 0.161111 0.127281 0.05415 0.0624536 0.0820378 0.0490843 0.00575662
9.9964E-05 0.569084 0.189453 9.9964E-05 9.9964E-05 0.227525 9.9964E-05 0.0135372
9.9955E-05 0.682153 0.105886 9.9955E-05 9.9955E-05 0.21146 9.9955E-05 9.9955E-05
