9.9964E-05 9.9964E-05 0.0104766 9.9964E-05 0.0503131 0.0352246 0.903586 9.9964E-05
9.9955E-05 9.9955E-05 9.9955E-05 9.9955E-05 0.0384742 9.9955E-05 0.912877 0.048149
0.0083869 9.9973E-05 9.9973E-05 0.120888 0.0147444 0.055263 0.800418 9.9973E-05
0.0215233 9.9973E-05 9.9973E-05 0.0675687 0.0647572 0.0510763 0.794775 9.9973E-05
9.9973E-05 9.9973E-05 9.9973E-05 0.00392342 0.0677793 0.0502762 0.792479 0.0852424
9.9982E-05 0.138398 0.0378107 0.0625547 0.139333 0.0846501 0.537054 9.9982E-05
0.00555354 0.167661 9.9964E-05 9.9964E-05 0.0462667 9.9964E-05 0.780119 9.9964E-05
0.0236852 0.151236 9.9973E-05 9.9973E-05 0.152223 0.00472868 0.667827 9.9973E-05
0.00499497 0.0884787 0.0346782 9.99729E-05 0.0610572 9.99729E-05 0.810491 9.99729E-05
9.9982E-05 0.0775264 9.9982E-05 0.0489848 0.102371 0.0749938 0.647384 0.0485398
9.9964E-05 0.148165 9.9964E-05 0.0393918 0.128244 9.9964E-05 0.6838 9.9964E-05
0.750875 0.00299884 0.0418475 0.137222 9.9973E-05 0.0667565 9.9973E-05 9.9973E-05
0.40856 0.0164452 9.9982E-05 0.475525 0.00798084 0.0709507 0.0203378 9.9982E-05
0.691449 0.017138 9.9982E-05 0.121089 9.9982E-05 0.0595713 0.0394121 0.0711409
0.561141 9.9982E-05 0.0197688 0.117001 9.9982E-05 0.164778 0.0583571 0.0787543
0.35355 0.131797 0.0640398 0.242318 9.9982E-05 0.142505 0.0655907 9.9982E-05
0.319211 9.9973E-05 9.9973E-05 0.49877 9.9973E-05 0.114622 0.0572157 0.00988109
0.454052 9.9964E-05 0.109862 0.327484 9.9964E-05 0.108202 9.9964E-05 9.9964E-05
0.550768 9.9982E-05 0.0567729 0.169379 9.9982E-05 0.0951188 0.110802 0.0169597
0.807705 0.0415625 9.9982E-05 9.9982E-05 0.0951482 0.00614347 0.03749 0.011751
0.41984 0.0774705 9.9982E-05 0.382833 9.9982E-05 0.0436709 0.0060013 0.0699846
0.281658 0.203486 0.0497946 0.363423 9.9991E-05 0.0628182 0.0293755 0.0093445
0.213167 0.0934521 0.020383 0.575045 0.0148524 9.9991E-05 0.0664465 0.0165539
0.661529 0.00693259 0.0482262 0.107126 9.9974E-05 0.175886 9.9974E-05 9.9974E-05
0.0864884 0.0795201 9.9982E-05 0.694145 0.0260359 9.9982E-05 0.0301857 0.0834249
0.374672 0.0196536 9.9973E-05 0.473104 9.9973E-05 0.066113 0.0661578 9.9973E-05
0.781044 9.9964E-05 9.9964E-05 0.0736298 9.9964E-05 0.10827 0.0366569 9.9964E-05
0.783818 9.9955E-05 9.9955E-05 0.013598 9.9955E-05 0.202085 9.9955E-05 9.9955E-05
0.778852 0.00283341 9.9973E-05 0.159313 9.9973E-05 9.9973E-05 0.0193769 0.0393248
9.9955E-05 9.9955E-05 9.9955E-05 0.0660474 9.9955E-05 0.110935 0.822518 9.9955E-05
0.000275065 9.9964E-05 9.9964E-05 0.156842 9.9964E-05 0.00676835 0.835715 9.9964E-05
0.00801126 9.9964E-05 9.9964E-05 0.150869 9.9964E-05 0.0341788 0.806541 9.9964E-05
9.9982E-05 0.0373797 0.0572503 0.0697382 9.9982E-05 0.0957448 0.735472 0.00421481
0.114929 9.9991E-05 0.190808 0.540915 0.0650215 0.0115927 0.0525674 0.0240657
0.0733902 9.9982E-05 0.347149 0.407466 0.0566473 0.0521371 0.0630107 9.9982E-05
9.9982E-05 9.9982E-05 0.305371 0.472943 0.0394437 0.0783943 0.0022909 0.101357
0.672272 9.9973E-05 0.0707586 0.0516395 0.0977445 9.9973E-05 0.107285 9.9973E-05
0.0667063 0.0183981 0.564612 0.259158 9.9991E-05 0.0487501 0.00940027 0.0328749
0.183013 9.9973E-05 0.180581 0.429544 0.0480167 0.158545 9.9973E-05 9.9973E-05
9.9973E-05 0.00631606 0.223246 0.631811 9.9973E-05 0.0711518 9.9973E-05 0.0671752
9.9973E-05 0.13571 0.140405 0.57209 0.052784 9.9973E-05 0.0987119 9.9973E-05
9.9982E-05 0.0647111 0.142257 0.586877 0.105007 9.9982E-05 0.0624391 0.0385082
0.249279 0.0510197 0.626357 0.0729445 9.9964E-05 9.9964E-05 9.9964E-05 9.9964E-05
9.9982E-05 0.249105 0.0294821 0.572844 0.0508198 0.0369433 0.0606055 9.9982E-05
0.0753093 0.119883 0.256101 0.526559 9.9973E-05 0.0218476 9.9973E-05 9.9973E-05
0.120925 0.11156 0.0876025 0.493709 9.9982E-05 0.0577808 0.128223 9.9982E-05
9.9964E-05 0.0137422 0.677017 0.294377 9.9964E-05 9.9964E-05 9.9964E-05 0.0144641
0.00240307 0.0348725 0.203412 0.67407 9.9982E-05 0.00522573 0.0798165 9.9982E-05
0.0223472 0.04443 0.102252 0.614061 0.100443 0.00661485 0.0455408 0.0643122
9.9955E-05 0.27377 0.697038 9.9955E-05 9.9955E-05 9.9955E-05 0.0286925 9.9955E-05
0.391488 0.103911 0.174165 0.119728 0.162614 9.9982E-05 9.9982E-05 0.0478939
0.373437 0.331992 0.182319 9.9973E-05 9.9973E-05 0.0023838 9.9973E-05 0.109569
0.11765 0.0052907 0.0605044 0.503449 0.102723 0.11876 0.0387398 0.0528836
0.207425 0.109194 9.9973E-05 0.455906 9.9973E-05 0.138027 0.0891478 9.9973E-05
0.0702849 0.103774 0.137117 0.446712 9.9991E-05 0.0657016 0.0348243 0.141486
0.39335 0.0591081 0.178722 0.0979119 0.109747 9.9991E-05 0.0651001 0.0959609
0.211963 0.0224017 9.9973E-05 0.613752 0.0892766 9.9973E-05 9.9973E-05 0.0623064
0.220441 0.0821593 0.0545469 0.499222 9.9973E-05 0.143331 9.9973E-05 9.9973E-05
0.234517 0.0776596 0.18486 0.272817 0.0879195 0.0403873 0.0876781 0.0141614
0.47044 0.165812 0.0243967 0.0374992 0.0842562 0.0434451 0.167259 0.00689214
0.0922179 0.0192318 0.222024 0.418071 0.0293455 0.0958875 0.0618549 0.0613681
0.31559 0.0472309 0.0425322 0.328731 0.0678266 0.0171081 0.112286 0.0686955
0.624054 0.0741171 0.116057 9.9982E-05 0.101971 9.9982E-05 0.0547217 0.0288793
0.310789 0.0212071 0.0783834 0.434369 9.9982E-05 9.9982E-05 0.0560057 0.0990459
0.110643 0.0647161 0.0637097 0.53858 9.9982E-05 0.0667355 9.9982E-05 0.155416
0.270183 0.0250951 9.9973E-05 0.580766 9.9973E-05 0.0654146 0.0582408 9.9973E-05
0.427966 0.0314158 0.173525 0.221399 0.0440488 0.0569028 0.0150801 0.0296625
0.330988 0.151947 9.9982E-05 0.482304 0.0115602 0.0180119 9.9982E-05 0.00498978
0.00384553 0.0166307 0.0900971 0.567546 0.0871124 0.056443 0.0689033 0.109422
0.491702 0.139218 0.034803 0.143488 0.132588 9.9991E-05 0.00380688 0.0542941
0.0106981 9.9964E-05 0.464537 0.487903 0.0364619 9.9964E-05 9.9964E-05 9.9964E-05
0.152543 9.9973E-05 0.699946 0.121865 9.9973E-05 0.00971215 0.0156331 9.9973E-05
0.0757629 9.9991E-05 0.159197 0.527849 0.0630183 0.00466295 0.0840174 0.0853923
9.9955E-05 0.156593 0.83542 9.9955E-05 9.9955E-05 9.9955E-05 9.9955E-05 0.00748792
0.0865724 0.0312685 0.730222 9.9973E-05 0.00500995 9.9973E-05 9.9973E-05 0.146627
9.9964E-05 0.00621676 0.704266 0.251893 9.9964E-05 9.9964E-05 9.9964E-05 0.0372246
0.110143 9.9964E-05 0.402493 0.420696 0.0662682 9.9964E-05 9.9964E-05 9.9964E-05
0.0355311 0.0711798 0.192886 0.492112 9.9982E-05 9.9982E-05 0.0947359 0.113356
0.0861882 0.0230201 0.408832 0.390117 0.0242133 0.0445002 0.0230295 9.9991E-05
0.123722 9.9982E-05 0.613121 0.0841447 0.0798194 0.0523949 0.0465981 9.9982E-05
0.0492191 9.9982E-05 0.570366 0.161007 0.158216 0.0249594 0.0360316 9.9982E-05
0.0524879 0.0253213 0.263456 0.489339 0.0246295 0.0454476 0.0992185 9.9991E-05
0.109668 9.9973E-05 0.551379 0.298817 9.9973E-05 9.9973E-05 0.0177775 0.0220579
0.0165671 0.00448106 0.402232 0.339693 0.140902 0.0224124 0.0368437 0.0368692
9.9955E-05 0.062136 0.553313 0.384051 9.9955E-05 9.9955E-05 9.9955E-05 9.9955E-05
9.9955E-05 0.196819 0.706511 9.9955E-05 9.9955E-05 9.9955E-05 9.9955E-05 0.0961697
0.0111087 9.9973E-05 0.219517 0.613198 0.0332812 9.9973E-05 0.122595 9.9973E-05
0.0345456 9.9973E-05 9.9973E-05 0.13777 9.9973E-05 0.0068982 0.803787 0.016699
9.9946E-05 9.9946E-05 9.9946E-05 0.119333 9.9946E-05 9.9946E-05 0.880067 9.9946E-05
9.9964E-05 9.9964E-05 9.9964E-05 0.119414 0.0135636 0.0339511 0.832671 9.9964E-05
9.9964E-05 0.0487447 9.9964E-05 0.0467667 9.9964E-05 0.00810927 0.89598 9.9964E-05
9.9955E-05 9.9955E-05 9.9955E-05 0.112129 9.9955E-05 9.9955E-05 0.863427 0.0239436
9.9982E-05 9.9982E-05 0.0212599 0.0269814 0.000535355 0.0160478 0.876505 0.0584709
9.99461E-05 9.99461E-05 9.99461E-05 0.0960044 9.99461E-05 9.99461E-05 0.903396 9.99461E-05
9.9991E-05 0.0189817 0.184762 0.522132 0.135518 0.0885414 0.0477078 0.00225632
0.0364828 0.0500077 0.211382 0.608572 9.9973E-05 9.9973E-05 0.0932555 9.9973E-05
0.189087 9.9973E-05 0.743853 0.00182956 9.9973E-05 9.9973E-05 0.0458958 0.0190347
0.155998 9.9991E-05 0.0543492 0.491617 0.0420144 0.0422046 0.0671848 0.146532
0.125137 9.9973E-05 0.362305 0.437878 0.0140721 9.9973E-05 0.0603088 9.9973E-05
9.9973E-05 9.9973E-05 0.277923 0.566872 9.9973E-05 0.0385189 0.0582397 0.0581461
0.0324168 0.00677345 0.250821 0.49286 0.00328787 0.0709458 0.0209696 0.121926
9.9964E-05 9.9964E-05 0.455223 0.416117 9.9964E-05 0.0921619 9.9964E-05 0.0360988
0.153875 9.9973E-05 0.671999 9.9973E-05 0.104039 9.9973E-05 0.0455432 0.024244
0.103292 0.0324181 0.138158 0.493806 9.9982E-05 9.9982E-05 0.15453 0.0775954
9.9982E-05 9.9982E-05 0.09884 0.694483 0.000637296 0.0137736 0.105921 0.0861448
0.0741267 0.0394983 0.168533 0.537057 0.0729099 0.0627849 0.04499 9.9991E-05
9.9982E-05 0.0755762 0.545857 0.258526 9.9982E-05 0.021167 0.0263767 0.0722969
9.9973E-05 9.9973E-05 0.440372 0.469786 0.0430591 0.00124321 9.9973E-05 0.0452399
0.0652579 9.9973E-05 0.42291 0.439637 0.0131266 9.9973E-05 0.0587684 9.9973E-05
9.9955E-05 9.9955E-05 0.611485 0.265438 9.9955E-05 0.122578 9.9955E-05 9.9955E-05
9.9973E-05 9.9973E-05 0.461668 0.372909 0.0774274 9.9973E-05 0.052337 0.0353587
0.0432043 0.0503977 0.208903 0.525068 0.0451041 0.0154993 0.111724 9.9991E-05
0.410711 0.156602 9.9991E-05 0.138835 0.0791598 0.061353 0.0109118 0.142328
0.309677 0.0652678 9.9982E-05 0.391757 0.126012 0.0173751 0.0897111 9.9982E-05
0.214763 9.9991E-05 0.00280811 0.55332 0.0873509 0.0402107 0.0579993 0.043448
0.0744178 0.00386168 0.090442 0.5611 0.0160985 0.0225917 0.125525 0.105963
0.370301 9.9982E-05 9.9982E-05 0.419804 0.102557 0.00178093 0.0191319 0.0862258
0.171436 0.0627583 9.9973E-05 0.598681 0.099001 9.9973E-05 9.9973E-05 0.0678244
0.352099 9.9973E-05 9.9973E-05 0.436055 0.128609 9.9973E-05 0.0672481 0.0156887
0.0662983 0.0407579 0.0624034 0.492702 0.0599602 0.03295 0.110652 0.134275
0.0252494 0.0891827 0.0675789 0.589939 0.190475 0.0373755 9.9982E-05 9.9982E-05
0.141121 9.9973E-05 0.0728718 0.589885 9.9973E-05 9.9973E-05 0.0955964 0.100226
0.307417 0.0279078 0.0281772 0.499552 0.133989 9.9982E-05 9.9982E-05 0.00275724
0.0779377 0.116504 0.00568596 0.648716 0.101577 0.0493791 9.9982E-05 9.9982E-05
0.0194359 0.0361569 0.0124191 0.609283 0.105304 9.99992E-05 0.129006 0.0882947
0.330015 9.9982E-05 0.0207608 0.440803 0.102969 0.0476202 9.9982E-05 0.0576319
0.161547 0.116976 9.9991E-05 0.556696 0.0628295 0.0600516 0.0354279 0.00637185
0.200872 0.0570289 9.9982E-05 0.54452 0.067886 0.031758 9.9982E-05 0.0977348
0.271074 0.149803 9.9982E-05 0.376412 0.0983985 9.9982E-05 0.0438979 0.0602154
0.282822 0.0741652 0.0338743 0.529487 9.9991E-05 0.0511678 0.0178073 0.0105758
0.116553 0.0816018 9.9973E-05 0.68139 0.0127377 9.9973E-05 9.9973E-05 0.107417
0.446168 0.00538702 0.101647 0.133862 0.171318 0.114111 0.0089985 0.0185073
0.348402 0.247068 9.9982E-05 0.112267 0.088666 0.0347833 9.9982E-05 0.168614
0.170321 0.0120022 0.0663973 0.420566 0.17377 0.10651 9.9991E-05 0.0503332
0.294278 0.18791 0.0665624 0.0535137 0.117824 0.0218507 9.9991E-05 0.257961
0.552876 9.9982E-05 0.125356 0.209383 0.025243 9.9982E-05 0.0457025 0.041239
0.335988 0.0147549 0.0941698 0.374541 0.12958 9.9991E-05 0.0182604 0.0326051
0.482792 9.9973E-05 0.113101 0.294597 0.0728815 9.9973E-05 0.0363291 9.9973E-05
0.564914 9.9982E-05 0.0309025 0.244919 0.0925625 0.0303547 0.0361473 9.9982E-05
0.119522 9.9982E-05 0.0426423 0.676633 9.9982E-05 0.0251571 0.0808805 0.0549657
0.124215 0.0158264 9.9982E-05 0.563398 0.133863 0.0288276 0.13367 9.9982E-05
0.156465 9.9982E-05 0.123397 0.514709 0.00721653 9.9982E-05 0.0880998 0.109912
0.387529 0.185544 0.100938 0.146504 0.078586 0.0137113 9.9991E-05 0.0870878
0.0105418 0.0174331 0.203259 0.503407 0.0825523 0.0246118 0.133426 0.0247685
0.115921 0.221694 0.0381051 0.487481 0.0239915 0.0832307 9.9991E-05 0.0294762
0.117707 0.498958 0.143972 0.00992749 0.07555 9.9991E-05 0.102057 0.0517293
0.00129985 0.113123 0.0131333 0.683202 9.9982E-05 9.9982E-05 0.0897562 0.0992864
0.0457675 0.230621 0.26795 0.305792 0.00413884 0.043904 0.083516 0.0183107
9.9991E-05 0.139695 0.121092 0.475202 0.0392582 0.0382329 0.113714 0.072706
0.0457191 0.435199 0.114738 0.239126 0.109722 9.9982E-05 0.0552966 9.9982E-05
0.112732 0.348806 0.0322692 0.209222 0.179272 9.9991E-05 0.0069658 0.110633
9.9973E-05 0.178816 0.0870826 0.433769 0.15542 9.9973E-05 9.9973E-05 0.144613
0.143489 0.139113 9.9991E-05 0.480897 0.133651 0.0814151 0.0121537 0.00918111
0.17537 0.215524 0.0493167 0.305635 0.0163304 0.0559913 0.0665166 0.115316
0.168885 0.382308 0.188637 9.9982E-05 0.0655117 0.123014 9.9982E-05 0.0714446
0.248691 0.0211083 0.0479314 0.387406 9.9991E-05 0.0771408 0.0892698 0.128353
0.198533 0.305202 0.14817 0.346353 9.9973E-05 9.9973E-05 9.9973E-05 0.00144365
0.192616 0.181854 0.070223 0.463246 9.9973E-05 9.9973E-05 9.9973E-05 0.0917608
0.0270077 0.169425 0.0723846 0.491918 0.0825128 0.0800711 0.0506711 0.0260095
0.077559 0.258056 9.9982E-05 0.121951 0.00596504 0.248432 0.287837 9.9982E-05
9.9955E-05 0.441785 9.9955E-05 9.9955E-05 9.9955E-05 0.105765 0.45195 9.9955E-05
9.9955E-05 0.49492 9.9955E-05 9.9955E-05 9.9955E-05 0.124059 0.380521 9.9955E-05
0.0668657 0.255973 9.9973E-05 0.0608491 9.9973E-05 0.316115 0.299897 9.9973E-05
9.9964E-05 0.197342 0.0755227 0.682106 9.9964E-05 9.9964E-05 9.9964E-05 0.044629
9.9991E-05 0.0615511 0.244577 0.397443 0.0715475 0.122792 0.0454161 0.0565736
0.0478248 9.9964E-05 0.0417024 0.218122 9.9964E-05 0.691951 9.9964E-05 9.9964E-05
0.148506 9.9973E-05 9.9973E-05 0.378396 9.9973E-05 0.445426 0.00914651 0.0182252
0.0616918 0.0157667 9.9991E-05 0.353739 0.104444 0.364947 0.0268969 0.0724137
0.0590593 0.377222 0.10165 0.320158 9.9973E-05 9.9973E-05 9.9973E-05 0.141611
0.0981095 0.163135 0.112246 0.407791 9.9991E-05 0.0347307 0.0444404 0.139448
0.0767432 0.476195 0.0727759 0.199048 9.9973E-05 9.9973E-05 9.9973E-05 0.174938
0.0803422 0.127772 0.101732 0.541741 0.053729 9.9991E-05 0.0210702 0.0735136
0.135326 0.217439 0.0709806 0.4152 0.0381042 9.9991E-05 0.0177147 0.105135
0.008034 0.171241 0.0808926 0.54459 0.0313937 0.0467301 0.0348292 0.0822893
0.0848625 0.447863 0.142717 0.207893 9.9973E-05 9.9973E-05 9.9973E-05 0.116365
9.9982E-05 0.087152 0.185683 0.544527 0.0332924 0.116965 9.9982E-05 0.0321801
9.9973E-05 0.203705 9.9973E-05 0.581544 0.0315284 0.0787795 9.9973E-05 0.104144
9.9955E-05 9.9955E-05 0.0341753 9.9955E-05 9.9955E-05 0.964683 9.9955E-05 0.000641853
9.9955E-05 9.9955E-05 0.00519668 0.0893283 9.9955E-05 0.904975 9.9955E-05 9.9955E-05
0.107759 9.9991E-05 0.0345299 0.180541 0.0116972 0.584302 0.06538 0.0156908
9.9973E-05 9.9973E-05 9.9973E-05 0.286063 0.0212587 0.665779 0.0222356 0.00436371
9.9955E-05 9.9955E-05 9.9955E-05 0.112339 0.0553852 0.831776 9.9955E-05 9.9955E-05
9.994E-05 9.994E-05 9.994E-05 9.994E-05 9.994E-05 0.9993 9.994E-05 9.994E-05
9.9955E-05 9.9955E-05 9.9955E-05 9.9955E-05 0.0305872 0.96307 9.9955E-05 0.00584341
9.9946E-05 9.9946E-05 9.9946E-05 0.101581 9.9946E-05 0.897819 9.9946E-05 9.9946E-05
0.0345388 9.9964E-05 9.9964E-05 0.0189686 0.00823129 0.937861 9.9964E-05 9.9964E-05
9.994E-05 9.994E-05 9.994E-05 9.994E-05 9.994E-05 0.9993 9.994E-05 9.994E-05
9.994E-05 9.994E-05 9.994E-05 9.994E-05 9.994E-05 0.9993 9.994E-05 9.994E-05
0.0459051 9.9964E-05 9.9964E-05 0.17006 9.9964E-05 0.757004 0.0266305 9.9964E-05
9.9982E-05 0.00927071 0.0250431 0.118514 0.028315 0.76468 0.0539773 9.9982E-05
9.9946E-05 9.9946E-05 0.0440185 9.9946E-05 9.9946E-05 0.955382 9.9946E-05 9.9946E-05
0.181024 0.0106085 0.136922 0.143763 9.9991E-05 0.454375 0.0692826 0.00392513
0.000453061 9.9982E-05 0.0439188 0.23424 0.0693317 0.628449 0.0234073 9.9982E-05
0.0546676 9.9973E-05 9.9973E-05 0.151423 0.0486254 0.717932 0.0270527 9.9973E-05
0.0467358 9.9964E-05 9.9964E-05 0.0576076 0.00204621 0.893211 9.9964E-05 9.9964E-05
9.9955E-05 9.9955E-05 9.9955E-05 0.000718702 9.9955E-05 0.987751 9.9955E-05 0.0110304
9.9964E-05 9.9964E-05 9.9964E-05 0.0404531 0.0531217 0.872238 0.033787 9.9964E-05
9.994E-05 9.994E-05 9.994E-05 9.994E-05 9.994E-05 0.9993 9.994E-05 9.994E-05
9.9973E-05 9.9973E-05 9.9973E-05 0.183844 0.106076 0.640071 0.0428823 0.0268269
0.0303095 9.9973E-05 9.9973E-05 0.0134849 0.0120157 0.884545 0.0593446 9.9973E-05
0.0331799 0.590596 9.9973E-05 9.9973E-05 9.9973E-05 0.0313501 0.274834 0.0697401
0.00498625 0.251971 9.9991E-05 0.4191 0.0587257 0.0533347 0.132823 0.0789594
9.9973E-05 0.209077 9.9973E-05 0.449429 0.0842265 9.9973E-05 0.191819 0.065149
9.9982E-05 0.43383 9.9982E-05 0.192881 0.0710475 0.0663988 0.182019 0.0536241
9.9982E-05 0.176238 0.137184 0.419341 9.9982E-05 0.107878 0.123392 0.035767
9.9973E-05 0.411661 0.105167 0.184306 9.9973E-05 0.0726772 0.225889 9.9973E-05
0.0392704 0.0627735 0.0788166 0.396764 0.0658985 0.104505 0.161365 0.0906061
0.0256996 0.350987 0.056759 0.314485 9.9982E-05 0.135754 0.116115 9.9982E-05
9.9973E-05 0.280867 9.9973E-05 0.476072 0.0342207 0.112568 0.095972 9.9973E-05
9.9973E-05 0.326364 9.9973E-05 0.35979 9.9973E-05 0.131752 0.136551 0.0452438
0.0766921 0.215342 0.0572644 0.485566 9.9982E-05 0.0239537 0.140982 9.9982E-05
9.9982E-05 0.00114567 0.0285263 0.0257402 0.0907775 9.9982E-05 0.821922 0.0316881
9.9982E-05 0.0138959 0.00361704 9.9982E-05 0.0080105 0.0505361 0.901439 0.0223018
9.9955E-05 9.9955E-05 0.0266523 9.9955E-05 0.0106714 9.9955E-05 0.962176 9.9955E-05
0.00333037 9.9964E-05 9.9964E-05 0.024405 0.041656 9.9964E-05 0.930209 9.9964E-05
0.0771067 0.0124666 9.9964E-05 9.9964E-05 0.0478473 9.9964E-05 0.86218 9.9964E-05
9.9964E-05 9.9964E-05 0.0174373 9.9964E-05 9.9964E-05 0.119069 0.849769 0.0133249
9.9964E-05 9.9964E-05 0.0192678 0.0317688 9.9964E-05 0.0883817 0.860182 9.9964E-05
9.9964E-05 0.116593 9.9964E-05 0.0135678 9.9964E-05 9.9964E-05 0.866074 0.00336502
9.9955E-05 9.9955E-05 0.083275 9.9955E-05 9.9955E-05 0.0298489 0.886376 9.9955E-05
0.00790471 0.00929562 9.9982E-05 9.9982E-05 0.0290188 0.107643 0.825694 0.0202435
0.212414 9.9973E-05 0.0876403 9.9973E-05 0.0580763 9.9973E-05 0.615562 0.026007
0.128584 9.9964E-05 0.053662 9.9964E-05 0.21186 9.9964E-05 0.605495 9.9964E-05
0.286004 0.0958169 0.0529893 9.9973E-05 0.0843775 9.9973E-05 0.480513 9.9973E-05
0.355407 0.0339099 9.9973E-05 9.9973E-05 0.122797 9.9973E-05 0.474263 0.0133232
0.184296 0.0453473 0.277174 0.492783 9.9964E-05 9.9964E-05 9.9964E-05 9.9964E-05
0.145936 9.9991E-05 0.233143 0.389227 0.083932 0.0759896 0.0278306 0.0438415
0.142015 0.0239082 0.170911 0.548543 0.0685102 9.9982E-05 9.9982E-05 0.045912
0.366618 0.144281 0.0293102 0.364137 0.0661152 9.9982E-05 9.9982E-05 0.0293391
0.532217 0.0137278 0.0971602 0.100368 0.238722 0.00983333 0.00609381 0.00187807
9.9973E-05 9.9973E-05 0.141689 0.617186 0.0271612 9.9973E-05 0.0859566 0.127707
0.0656753 0.0318843 0.194069 0.566029 0.0449685 0.0106452 9.9991E-05 0.0866283
0.0394685 0.0654459 0.285229 0.47167 0.0988383 0.0193543 9.9991E-05 0.0198942
0.00401268 0.0127375 0.607061 0.289281 0.0323225 0.0543854 9.9982E-05 9.9982E-05
9.9982E-05 0.0414727 0.214951 0.625323 0.0647266 0.0195301 9.9982E-05 0.0337961
9.9973E-05 9.9973E-05 0.429803 0.394321 0.0944052 0.0155641 9.9973E-05 0.0656066
0.104623 0.0510845 0.62884 9.9964E-05 9.9964E-05 9.9964E-05 9.9964E-05 0.215053
0.167568 0.102553 0.0443674 0.563773 0.0823518 9.9982E-05 0.0391865 9.9982E-05
9.9973E-05 0.198026 0.521334 0.212978 9.9973E-05 9.9973E-05 0.00149788 0.0658636
0.0298897 9.9964E-05 0.398918 0.516446 9.9964E-05 9.9964E-05 0.0543465 9.9964E-05
0.160191 9.9982E-05 0.619983 0.0907504 0.0606807 9.9982E-05 0.0600625 0.0081325
9.9955E-05 0.127613 9.9955E-05 9.9955E-05 0.809496 9.9955E-05 0.0623912 9.9955E-05
9.9955E-05 0.0934867 9.9955E-05 0.0733581 0.832655 9.9955E-05 9.9955E-05 9.9955E-05
9.9955E-05 9.9955E-05 0.0144692 9.9955E-05 0.940594 9.9955E-05 9.9955E-05 0.044437
9.9964E-05 9.9964E-05 0.0450456 9.9964E-05 0.841859 9.9964E-05 0.0656991 0.0469963
9.9964E-05 0.0961788 9.9964E-05 0.0452781 0.829471 9.9964E-05 9.9964E-05 0.0286719
9.9964E-05 0.00782631 9.9964E-05 0.0282302 0.87925 0.0842939 9.9964E-05 9.9964E-05
9.9964E-05 9.9964E-05 9.9964E-05 0.0359133 9.9964E-05 0.0539277 0.868002 0.0417574
0.0412396 9.9955E-05 9.9955E-05 0.125839 9.9955E-05 9.9955E-05 0.832421 9.9955E-05
9.9955E-05 9.9955E-05 9.9955E-05 0.150608 9.9955E-05 0.0759926 0.7729 9.9955E-05
0.0750714 9.9964E-05 9.9964E-05 0.0349662 9.9964E-05 0.130863 0.758699 9.9964E-05
0.0327111 9.9973E-05 9.9973E-05 0.0868343 0.0206498 0.0646101 0.794895 9.9973E-05
0.0178866 0.0890511 0.071379 9.9973E-05 0.50586 9.9973E-05 0.315524 9.9973E-05
9.9973E-05 0.088047 0.107132 9.9973E-05 0.356932 9.9973E-05 0.429997 0.0175915
9.9964E-05 9.9964E-05 0.100803 9.9964E-05 0.380488 9.9964E-05 0.404374 0.113935
0.0154537 9.9973E-05 9.9973E-05 0.113136 0.00303122 0.0499405 0.818139 9.9973E-05
0.0415696 9.9964E-05 0.151268 9.9964E-05 0.470486 9.9964E-05 0.336277 9.9964E-05
9.9973E-05 0.161697 9.9973E-05 0.29469 9.9973E-05 0.348099 0.188085 0.00712922
0.0515324 0.0492625 9.9982E-05 0.506703 0.0749133 0.246263 0.0711263 9.9982E-05
9.9955E-05 9.9955E-05 9.9955E-05 0.510859 9.9955E-05 0.32486 0.163782 9.9955E-05
9.9982E-05 0.115146 0.0792496 0.312051 0.000109351 0.244 0.249245 9.9982E-05
0.0900857 0.162613 9.9982E-05 0.448969 0.0041916 0.201602 0.0923396 9.9982E-05
9.9955E-05 0.29887 9.9955E-05 9.9955E-05 9.9955E-05 0.288143 0.412487 9.9955E-05
0.314859 0.0595108 0.0742207 0.347768 0.119613 9.9982E-05 9.9982E-05 0.0838291
0.219206 0.163709 0.0432913 0.372602 0.0749797 9.9982E-05 9.9982E-05 0.126013
0.67802 9.9973E-05 9.9973E-05 0.18685 0.0345269 9.9973E-05 0.0805972 0.0197062
0.209062 0.0306518 0.118117 0.389883 0.0233078 0.026926 9.9991E-05 0.201952
0.264313 0.275542 0.0909831 9.9973E-05 0.0120992 9.9973E-05 9.9973E-05 0.356762
0.249892 0.0305664 9.9991E-05 0.47811 0.0983499 0.0253169 0.0632964 0.0543678
0.266618 0.0707489 0.0304692 0.420036 0.0412286 0.0189395 9.9991E-05 0.151859
0.444793 0.0113422 0.082954 0.258301 0.0784245 9.9991E-05 0.0934484 0.0306365
0.185403 0.058892 0.0818189 0.512156 0.016682 0.0470374 0.0731573 0.0248531
0.538332 0.204523 0.0451117 0.0502901 9.9973E-05 9.9973E-05 9.9973E-05 0.161444
0.0992704 0.159234 9.9973E-05 0.568034 0.0643913 9.9973E-05 9.9973E-05 0.108771
0.243008 0.0241509 0.0700917 0.470347 0.12794 0.00624078 9.9991E-05 0.0581216
0.08477 0.160232 0.0975436 0.354118 0.0369153 0.197399 0.0689218 9.9991E-05
0.411015 0.0621524 0.00295616 0.311577 0.0062482 9.9982E-05 9.9982E-05 0.205851
0.239658 0.0261192 0.0924356 0.377928 0.0880445 0.0497135 0.0103402 0.115761
0.150105 0.105023 0.0403557 0.383225 0.034599 0.112948 9.9991E-05 0.173645
0.150261 0.0305893 0.0468561 0.560546 0.0835426 9.9982E-05 9.9982E-05 0.128004
0.0883796 9.9982E-05 0.0614678 0.539649 0.150881 0.112672 0.0467504 9.9982E-05
0.053554 9.9991E-05 0.0580267 0.526557 0.113701 0.0956625 0.0978995 0.0544987
0.128987 0.0628123 9.9991E-05 0.508395 0.118086 0.0893648 0.0779559 0.0142993
9.9955E-05 9.9955E-05 9.9955E-05 0.126572 9.9955E-05 0.118955 0.753973 9.9955E-05
9.9964E-05 9.9964E-05 9.9964E-05 0.0775884 9.9964E-05 0.0216109 0.840496 0.0599051
9.9982E-05 0.0885327 0.0327726 0.0878617 0.0166872 9.9982E-05 0.758687 0.0152587
9.9982E-05 9.9982E-05 0.0685426 0.0359502 0.0393442 0.068137 0.760241 0.0275855
9.9955E-05 9.9955E-05 9.9955E-05 0.138919 9.9955E-05 0.0322706 0.82831 9.9955E-05
0.643726 0.0160854 0.0759285 0.111884 0.0702236 0.0331933 0.0488594 9.9991E-05
0.199125 0.0309829 0.0425934 0.548009 0.0191936 9.9991E-05 0.0581347 0.101861
9.9991E-05 0.124186 0.112028 0.345305 0.0142227 0.183516 0.192112 0.0285297
0.220973 0.0499118 9.9982E-05 0.625546 0.0588257 9.9982E-05 0.0240301 0.0205129
0.254503 9.9973E-05 0.099289 0.53915 0.0300422 9.9973E-05 0.0767158 9.9973E-05
0.386287 0.216835 9.9982E-05 0.271306 0.0480841 0.0711071 0.00618069 9.9982E-05
0.669422 0.103349 0.0361314 9.9973E-05 0.0710499 9.9973E-05 0.119748 9.9973E-05
0.252717 9.9982E-05 0.0179648 0.43691 0.200466 0.0903622 9.9982E-05 0.0013799
0.413206 9.9982E-05 9.9982E-05 0.112058 0.190403 0.0139412 0.0948663 0.175325
0.156505 0.0629984 0.228616 0.241181 0.135598 0.111207 9.9991E-05 0.0637945
0.552166 9.9991E-05 0.0102481 0.0591073 0.117027 0.0340788 0.162969 0.0643038
0.189623 9.9982E-05 0.0346643 0.496547 0.111344 0.116024 0.0515978 9.9982E-05
0.619426 9.9973E-05 9.9973E-05 0.132005 0.1199 0.0198732 0.108496 9.9973E-05
0.433419 0.0477842 9.9982E-05 0.319234 0.00836454 0.0470285 9.9982E-05 0.14397
9.9973E-05 0.256862 0.132098 0.513996 0.0918508 9.9973E-05 9.9973E-05 0.00489285
0.0623201 0.381466 9.9973E-05 0.335621 0.111977 9.9973E-05 9.9973E-05 0.108315
0.136156 0.222838 0.0479932 0.55872 9.9973E-05 9.9973E-05 0.0339926 9.9973E-05
0.00719851 0.212322 0.100574 0.528579 0.0392581 9.9982E-05 0.111869 9.9982E-05
0.0757458 0.382471 0.0151893 0.323967 0.0346428 9.9982E-05 9.9982E-05 0.167784
9.9991E-05 0.156186 0.00201263 0.553094 0.130297 0.0399544 0.000439277 0.117917
9.9973E-05 0.26726 0.0505866 0.456739 0.121758 9.9973E-05 9.9973E-05 0.103357
0.0132118 0.541301 0.0968076 0.114749 0.130387 9.9982E-05 9.9982E-05 0.103343
9.9973E-05 0.56472 0.0929326 0.213529 0.0809572 9.9973E-05 9.9973E-05 0.047561
9.9973E-05 0.257101 0.0309835 0.520721 0.100709 9.9973E-05 9.9973E-05 0.0901861
0.0793833 0.456132 0.17365 0.137706 0.0568784 9.9982E-05 9.9982E-05 0.0960501
0.217158 0.29195 0.0901939 0.400297 9.9964E-05 9.9964E-05 9.9964E-05 9.9964E-05
0.729424 0.0137536 0.0896259 0.0214021 0.113216 9.99887E-05 0.0323785 9.99887E-05
0.470322 0.0384471 9.9982E-05 0.112722 0.0430207 0.0473153 9.9982E-05 0.287973
0.490881 9.9982E-05 0.00941122 0.25349 0.112684 0.0767838 9.9982E-05 0.0565496
0.206291 9.9991E-05 0.00374268 0.532022 0.073237 0.0900821 0.017152 0.0773727
0.661924 9.9973E-05 0.0859046 0.14659 0.0899566 9.9973E-05 9.9973E-05 0.0153246
0.201826 0.113915 9.9991E-05 0.4503 0.028833 0.0689109 0.0929229 0.0431933
0.160051 0.0838552 9.9982E-05 0.481024 0.120943 0.132668 9.9982E-05 0.0212592
0.32913 0.0701302 9.9991E-05 0.442679 0.0524444 0.0226856 0.0199952 0.0628347
0.3411 9.9991E-05 0.0087581 0.411582 0.0432194 0.0542984 0.0406509 0.100291
0.289561 9.9982E-05 0.0898955 0.413067 0.140511 0.0128955 0.0538705 9.9982E-05
0.586675 9.9982E-05 0.0774038 0.105568 0.133246 0.0700262 9.9982E-05 0.0268807
0.371329 0.0142162 0.0218219 0.231321 0.185596 0.151414 9.9991E-05 0.0242018
0.345507 9.9973E-05 9.9973E-05 0.513416 0.0594206 0.0289861 9.9973E-05 0.0523696
0.255504 0.0621695 0.0158122 0.539125 0.0293646 0.0524495 9.9991E-05 0.0454755
0.255961 0.0941882 0.0903925 0.458379 9.9982E-05 9.9982E-05 0.0739205 0.0269587
0.242615 0.0230963 9.9982E-05 0.511776 0.0465884 0.0410228 9.9982E-05 0.134702
0.412308 0.0961997 9.9982E-05 0.312546 0.110567 0.0433297 0.0248503 9.9982E-05
0.267343 0.073899 0.0144953 0.524042 0.0262374 0.034672 0.0159598 0.0433512
0.248872 9.9991E-05 0.0349558 0.42334 0.103139 0.0861202 0.0131938 0.0902786
0.0359718 0.12052 0.0725925 0.530616 9.9991E-05 0.0555512 0.101338 0.0833116
0.0689421 0.0793796 0.0473851 0.372017 9.9982E-05 0.154142 0.277934 9.9982E-05
0.0699902 0.0679022 0.146537 0.373376 9.9982E-05 0.211331 0.130664 9.9982E-05
0.0451491 0.0399236 0.0858511 0.454468 0.067107 0.17375 0.122809 0.0109418
0.156243 0.0435938 9.9982E-05 0.527504 9.9982E-05 0.140096 0.0516895 0.0806738
0.0371729 0.029505 0.0684017 0.38408 9.9991E-05 0.229434 0.197281 0.0540262
0.326229 0.160393 9.9973E-05 0.375703 0.000813458 9.9973E-05 9.9973E-05 0.136561
0.104756 0.103096 0.0699585 0.423176 9.9982E-05 0.162471 0.136342 9.9982E-05
0.102616 0.514299 0.0801343 9.9973E-05 9.9973E-05 0.140753 0.161898 9.9973E-05
0.0827748 0.0761623 9.9982E-05 0.48891 0.0348929 0.187661 0.129399 9.9982E-05
0.076845 0.105608 0.0148825 0.487634 0.00341766 0.192775 0.0350152 0.0838228
0.0683222 0.0655778 0.0946098 0.413082 0.00615076 0.216974 0.0446629 0.0906205
0.202687 0.253868 9.9973E-05 0.300952 9.9973E-05 0.128616 0.113577 9.9973E-05
0.0563119 0.103604 0.00105934 0.452796 0.0061339 0.145556 0.225695 0.00884369
9.9973E-05 0.0938985 9.9973E-05 0.549827 9.9973E-05 0.117184 0.137582 0.101208
0.0303521 0.343951 0.00142708 9.9973E-05 9.9973E-05 0.210005 0.413965 9.9973E-05
0.0834728 0.0327147 0.118313 0.383031 9.9982E-05 0.222101 0.160166 9.9982E-05
9.9973E-05 0.0660766 0.128133 0.456211 9.9973E-05 0.188271 0.161008 9.9973E-05
0.112118 0.0642261 9.9991E-05 0.614844 0.0050768 0.0447417 0.100904 0.0579898
0.0228867 0.0923749 9.9973E-05 0.493052 9.9973E-05 0.208681 0.182705 9.9973E-05
0.0645888 0.110472 0.106528 0.412635 0.0187637 0.176805 0.110107 9.9991E-05
9.9982E-05 9.9982E-05 0.0034896 0.396143 0.0714823 0.0393875 0.0505609 0.438737
9.9991E-05 0.000755574 0.0575084 0.456067 0.0496591 0.13041 0.0362059 0.269294
0.152286 9.9955E-05 0.0266395 9.9955E-05 9.9955E-05 9.9955E-05 9.9955E-05 0.820574
0.113287 0.0208288 9.9955E-05 9.9955E-05 9.9955E-05 9.9955E-05 9.9955E-05 0.865384
0.0365478 9.9982E-05 0.0247538 0.370462 9.9982E-05 0.0826871 0.0157741 0.469575
0.00242796 0.0744229 9.9991E-05 0.401517 0.0122622 0.278837 0.100911 0.129521
9.9973E-05 0.106651 9.9973E-05 0.306944 9.9973E-05 0.317775 0.0991007 0.169229
0.0654855 0.18015 9.9982E-05 0.135907 9.9982E-05 0.270788 0.185721 0.161748
0.00609055 0.0602529 9.9982E-05 0.287172 9.9982E-05 0.296124 0.147841 0.20232
9.9973E-05 0.197238 9.9973E-05 0.0290546 9.9973E-05 0.08916 0.037395 0.646852
9.9973E-05 0.080373 9.9973E-05 0.130687 9.9973E-05 0.0790392 0.110911 0.59869
9.9964E-05 9.9964E-05 9.9964E-05 0.442955 0.00368651 0.136869 9.9964E-05 0.416089
9.9964E-05 9.9964E-05 9.9964E-05 0.291487 9.9964E-05 0.143621 0.0652785 0.499214
9.9964E-05 9.9964E-05 9.9964E-05 0.123009 9.9964E-05 0.124086 0.0442617 0.708243
0.0927822 9.9973E-05 9.9973E-05 0.310296 9.9973E-05 0.199285 0.0665261 0.33081
0.00796661 0.0487466 9.9991E-05 0.437654 0.0177471 0.110985 0.0637106 0.31309
0.031265 0.00378471 0.0920774 0.368226 9.9991E-05 0.155042 0.0997275 0.249778
0.101878 9.9973E-05 9.9973E-05 0.279422 0.00824135 9.9973E-05 0.0194201 0.590739
0.0335771 9.9973E-05 0.0244231 0.335528 9.9973E-05 0.00684598 9.9973E-05 0.599326
0.0691649 0.0178909 0.106074 0.521385 9.9982E-05 9.9982E-05 0.0714787 0.213807
0.0250356 0.0556124 0.00174015 0.396925 0.0923799 9.9991E-05 0.0646444 0.363563
0.0933536 0.0983789 0.0881587 0.347258 0.0547612 0.0653034 0.0441717 0.208615
0.0304822 0.145592 9.9973E-05 0.382567 0.0123202 9.9973E-05 9.9973E-05 0.428739
9.9964E-05 0.0374411 9.9964E-05 0.194346 0.0661613 9.9964E-05 9.9964E-05 0.701652
9.9973E-05 9.9973E-05 0.0803406 0.481407 9.9973E-05 0.00851363 0.0601117 0.369328
0.0462881 9.9964E-05 0.0461121 0.18869 9.9964E-05 9.9964E-05 9.9964E-05 0.71851
9.9955E-05 9.9955E-05 9.9955E-05 0.311042 9.9955E-05 9.9955E-05 0.0194288 0.66903
0.136026 9.9982E-05 9.9982E-05 0.422696 0.00960967 0.104441 0.0694269 0.2576
9.9982E-05 0.0319942 0.205122 0.338494 9.9982E-05 0.0977201 0.0209397 0.30553
0.0457139 0.0897682 0.0333565 0.473202 9.9991E-05 0.13001 0.104729 0.12312
0.10119 9.9991E-05 0.0163637 0.409898 0.0192793 0.158342 0.113949 0.180879
9.9982E-05 0.171598 9.9982E-05 0.310939 0.0974585 0.278968 0.0588212 0.0820157
0.0432417 0.116797 9.9991E-05 0.312933 0.117237 0.222689 0.126447 0.0605556
0.0269198 0.0150154 0.0292588 0.51895 0.0791363 0.134409 0.19621 9.9991E-05
0.0486883 9.9982E-05 9.9982E-05 0.412529 0.0878112 0.142824 0.126447 0.1815
9.9964E-05 0.133918 9.9964E-05 9.9964E-05 9.9964E-05 0.0986729 0.178109 0.5889
9.9973E-05 9.9973E-05 9.9973E-05 0.601554 0.0465787 0.178725 0.0403657 0.132477
9.9964E-05 0.167338 9.9964E-05 9.9964E-05 9.9964E-05 0.0809551 0.347682 0.403625
9.9973E-05 0.0366786 9.9973E-05 0.52664 9.9973E-05 0.140964 0.0499633 0.245455
9.9964E-05 0.0235164 0.125847 0.059459 9.9964E-05 9.9964E-05 9.9964E-05 0.790777
9.9946E-05 9.9946E-05 0.0684178 9.9946E-05 9.9946E-05 9.9946E-05 9.9946E-05 0.930983
0.0168192 9.9964E-05 0.0348794 0.432961 9.9964E-05 9.9964E-05 9.9964E-05 0.514941
9.9964E-05 9.9964E-05 9.9964E-05 0.526708 9.9964E-05 0.0225055 0.0426331 0.407754
0.00588929 9.9955E-05 9.9955E-05 0.349731 9.9955E-05 9.9955E-05 9.9955E-05 0.64388
9.9964E-05 9.9964E-05 0.0910496 0.424816 9.9964E-05 0.0406886 9.9964E-05 0.443046
9.9955E-05 9.9955E-05 9.9955E-05 0.50471 0.00387096 9.9955E-05 9.9955E-05 0.49092
9.9982E-05 0.00148396 9.9982E-05 0.0670047 0.0490262 0.077317 0.779007 0.0259609
9.9973E-05 0.0317651 9.9973E-05 9.9973E-05 0.129748 0.115712 0.699212 0.0232636
0.0225458 9.9964E-05 9.9964E-05 9.9964E-05 0.027042 0.0704497 0.879563 9.9964E-05
9.9955E-05 0.0300059 9.9955E-05 0.0480146 9.9955E-05 9.9955E-05 0.92148 9.9955E-05
0.101123 9.9982E-05 0.30122 0.448974 9.9982E-05 0.00773145 0.0624224 0.0783285
0.0534088 9.9973E-05 0.351208 0.479053 0.0146438 9.9973E-05 0.101387 9.9973E-05
0.0300511 9.9964E-05 0.470763 0.466248 9.9964E-05 9.9964E-05 0.0325386 9.9964E-05
0.0313848 9.9973E-05 0.193449 0.602845 0.0350076 9.9973E-05 0.137014 9.9973E-05
0.0712334 0.080193 0.261919 0.438436 0.0734126 0.0746057 9.9982E-05 9.9982E-05
0.0658573 0.0703517 0.587533 0.16753 0.0499888 0.051385 9.9991E-05 0.0072544
9.9955E-05 9.9955E-05 0.335249 0.615197 9.9955E-05 0.0490537 9.9955E-05 9.9955E-05
9.9973E-05 0.126581 0.513305 0.283495 9.9973E-05 9.9973E-05 0.0016418 0.0746764
0.0572314 0.00960051 9.9982E-05 0.487816 9.9982E-05 0.0904008 0.285355 0.069397
0.00142639 0.0610049 0.285143 0.420181 0.0571333 0.0226992 9.9991E-05 0.152312
0.0996321 9.9964E-05 0.499951 0.351055 0.0489619 9.9964E-05 9.9964E-05 9.9964E-05
9.9982E-05 9.9982E-05 0.358439 0.512961 0.0811598 0.00465586 0.000312899 0.0422716
0.0735718 9.9973E-05 0.443563 0.336841 0.0759941 9.9973E-05 9.9973E-05 0.0697297
9.9955E-05 9.9955E-05 0.320687 0.553805 9.9955E-05 9.9955E-05 9.9955E-05 0.125008
0.0211654 9.9973E-05 0.419306 0.505889 9.9973E-05 9.9973E-05 0.0478733 0.00546627
9.9964E-05 0.00459509 0.833197 0.0571323 9.9964E-05 9.9964E-05 9.9964E-05 0.104676
0.043986 0.0257031 0.556954 0.202957 9.9991E-05 0.0244117 0.0398876 0.106001
0.037694 9.9973E-05 0.53026 0.309863 0.0500419 9.9973E-05 9.9973E-05 0.0718411
9.9955E-05 0.151217 0.839769 9.9955E-05 9.9955E-05 9.9955E-05 9.9955E-05 0.00851377
0.0453969 0.049532 0.376597 0.395032 0.0935758 9.9982E-05 0.039666 9.9982E-05
9.9973E-05 0.277279 0.583196 0.0461282 0.0495899 9.9973E-05 9.9973E-05 0.0435069
9.9964E-05 0.194299 0.733438 9.9964E-05 0.00013459 9.9964E-05 9.9964E-05 0.071728
9.99732E-05 0.05435 0.341436 0.511463 9.99732E-05 0.0386851 0.0537664 9.99732E-05
0.215805 9.9973E-05 0.542869 0.142564 9.9973E-05 9.9973E-05 0.0429205 0.0555416
0.0685529 0.0362511 0.360506 0.392906 0.059178 0.0824055 9.9982E-05 9.9982E-05
0.105482 0.129702 0.115327 0.489067 9.9991E-05 0.135714 0.00413391 0.0204737
0.0330947 9.9982E-05 0.336721 0.512979 0.085483 0.00277767 9.9982E-05 0.0287445
0.40442 0.185806 0.0297703 0.289754 9.9982E-05 0.0201626 9.9982E-05 0.0698873
0.0192359 9.9991E-05 0.328931 0.566156 0.0369803 0.0170853 0.0112223 0.0202893
0.165891 0.00439744 0.346788 0.416282 9.9982E-05 0.0447755 0.021666 9.9982E-05
9.9964E-05 0.0264041 0.657381 0.290069 0.0257454 9.9964E-05 9.9964E-05 9.9964E-05
9.9991E-05 0.0250475 0.157257 0.569316 0.0449864 0.0397566 0.0849609 0.0785753
0.190671 0.0511985 9.9964E-05 9.9964E-05 0.145416 9.9964E-05 0.612315 9.9964E-05
0.101612 0.0502679 0.0577835 0.0116022 0.0287585 0.0139961 0.730641 0.0053387
0.0588936 0.0888058 9.9964E-05 9.9964E-05 0.0434329 9.9964E-05 0.808468 9.9964E-05
0.0367073 0.0555411 0.0215276 9.9973E-05 0.0870675 9.9973E-05 0.798857 9.9973E-05
0.0320149 0.0182645 0.00507613 0.0639089 0.150023 9.9982E-05 0.730513 9.9982E-05
0.204439 9.9964E-05 0.660584 9.9964E-05 9.9964E-05 0.0889814 0.0455961 9.9964E-05
0.0897716 0.0288853 0.599865 0.121894 0.104024 9.9982E-05 0.0553603 9.9982E-05
9.9964E-05 0.0522765 0.753975 0.120507 9.9964E-05 9.9964E-05 9.9964E-05 0.072842
0.00571189 9.9991E-05 0.096704 0.5563 0.103906 0.116032 0.0355693 0.0856765
0.0375206 9.9982E-05 0.1845 0.559187 0.0668095 0.0146603 0.137122 9.9982E-05
9.9964E-05 0.116604 0.62344 0.204796 9.9964E-05 0.0547597 9.9964E-05 9.9964E-05
9.9982E-05 0.0352758 0.332405 0.49118 9.9982E-05 0.10644 0.00517214 0.0293274
0.0148694 9.9982E-05 0.486609 0.355856 9.9982E-05 0.033171 0.0936516 0.0156426
0.132734 9.9982E-05 0.282488 0.524435 9.9982E-05 0.024926 0.0328499 0.00236734
9.9973E-05 0.0428882 0.299836 0.559499 0.0423694 9.9973E-05 0.0551068 9.9973E-05
0.118396 9.9964E-05 0.512597 0.238667 0.129939 9.9964E-05 9.9964E-05 9.9964E-05
0.0145118 9.9973E-05 0.530885 0.374755 0.0670475 9.9973E-05 0.0125013 9.9973E-05
0.0904636 9.9964E-05 0.515088 0.284728 0.109321 9.9964E-05 9.9964E-05 9.9964E-05
0.00199798 0.271894 9.9991E-05 0.595838 0.0494443 0.0390845 0.028476 0.0131654
0.0678202 9.9973E-05 0.556643 0.359753 0.0059027 9.9973E-05 0.00958198 9.9973E-05
0.00631711 9.9982E-05 0.499448 0.437641 0.011678 0.00953589 0.0351796 9.9982E-05
9.9982E-05 0.0115162 9.9982E-05 0.399573 0.117335 0.430525 0.0399421 0.000908247
9.9982E-05 0.0174632 9.9982E-05 0.312876 0.0357267 0.431481 0.140384 0.0618694
9.9973E-05 0.084857 9.9973E-05 0.473487 0.0196848 0.326694 0.0949772 9.9973E-05
0.00237233 0.0798925 9.9982E-05 0.30131 9.9982E-05 0.484145 0.107046 0.0250347
0.0536282 0.0186456 0.0371184 0.424287 9.9991E-05 0.300416 0.0841709 0.0816342
9.9955E-05 0.203092 0.248511 0.547897 9.9955E-05 9.9955E-05 9.9955E-05 9.9955E-05
9.9973E-05 0.0638917 9.9973E-05 0.00244486 0.0436447 0.659565 0.230154 9.9973E-05
9.9973E-05 0.0263468 9.9973E-05 0.243997 9.9973E-05 0.476285 0.184541 0.0685309
9.9982E-05 0.190216 0.0552325 0.409342 0.0850717 0.159425 0.100514 9.9982E-05
0.0347917 0.251707 9.9982E-05 0.589069 0.0186418 9.9982E-05 0.101659 0.00393192
9.9973E-05 0.303531 0.0434988 0.509401 0.0659162 9.9973E-05 0.0773533 9.9973E-05
0.00516938 0.322792 9.9973E-05 0.580565 0.0437545 9.9973E-05 0.0474193 9.9973E-05
9.9982E-05 0.221779 0.0656316 0.564031 0.0191806 0.0615936 0.0675846 9.9982E-05
9.9964E-05 9.9964E-05 9.9964E-05 0.303896 9.9964E-05 0.454508 0.184822 0.0563742
0.0966724 9.9991E-05 0.0273965 0.312131 0.0295608 0.354013 0.150072 0.0300546
9.9964E-05 0.0793006 9.9964E-05 0.458102 9.9964E-05 0.433707 0.0284904 9.9964E-05
9.9982E-05 9.9982E-05 0.121848 0.339466 0.0885979 0.318686 0.055237 0.0759655
0.00808238 9.9991E-05 0.0366755 0.24624 0.0514987 0.535481 0.0887867 0.0331351
0.060525 0.0369308 0.00666619 0.288736 0.0039349 0.365401 0.131899 0.105907
9.9991E-05 0.046575 0.00874591 0.205347 0.000962427 0.602005 0.104019 0.0322462
0.0481732 0.0093375 9.9991E-05 0.333232 0.00506392 0.484999 0.0370841 0.0820098
9.9973E-05 0.303513 0.0649881 0.504547 0.104616 0.0220357 9.9973E-05 9.9973E-05
0.0235044 9.9991E-05 0.0611009 0.431485 0.0158093 0.349018 0.101944 0.0170376
9.9964E-05 9.9964E-05 9.9964E-05 0.179689 0.0449387 0.63443 0.140542 9.9964E-05
9.9991E-05 0.0286668 0.0450965 0.380057 0.0792226 0.34607 0.113445 0.00734232
0.177303 0.288375 0.0464427 0.221087 0.134822 9.9982E-05 0.131771 9.9982E-05
0.100671 0.207238 0.01221 0.569658 0.0213612 0.0886616 9.9982E-05 9.9982E-05
0.100713 0.0653565 9.9991E-05 0.350751 0.00957384 0.280772 0.161386 0.0313481
0.0497792 0.157955 9.9991E-05 0.595953 0.0933037 0.0295612 0.0246638 0.0486837
9.9982E-05 0.232021 0.0554214 0.510081 0.0409499 0.024344 0.136982 9.9982E-05
9.9973E-05 0.0978614 0.136138 0.356565 9.9973E-05 0.193355 0.21578 9.9973E-05
0.0767405 0.0550897 9.9982E-05 0.267753 9.9982E-05 0.264882 0.216257 0.119078
9.9982E-05 0.187587 0.0891538 0.544495 0.0309988 0.112125 0.0354401 9.9982E-05
0.0216564 0.00125427 0.107749 0.342042 0.00518686 0.382742 0.13927 9.9991E-05
9.9973E-05 0.0997057 9.9973E-05 0.379053 9.9973E-05 0.421655 0.0900419 0.00924466
0.0113502 0.0336848 0.0211884 0.105649 9.9991E-05 0.545967 0.24625 0.0358108
9.9991E-05 0.0614437 0.0859043 0.585981 0.0932297 0.0390956 0.0997171 0.0345286
0.152243 0.295259 0.0446493 0.472564 0.0311933 9.9982E-05 0.00389189 9.9982E-05
9.9991E-05 0.632431 0.00572124 0.218106 0.0667525 0.00440008 0.017157 0.0553326
0.0397245 0.135524 0.0466261 0.562353 0.0460422 0.0828149 0.0868159 9.9991E-05
0.215853 0.104234 9.9991E-05 0.301175 0.0838209 0.0352817 0.14539 0.114145
0.00744886 0.173799 0.103838 0.412632 9.9991E-05 0.120671 0.170378 0.0111321
0.0719193 0.1321 0.107291 0.485459 9.9991E-05 0.00595597 0.107405 0.0897696
9.9955E-05 0.637481 9.9955E-05 9.9955E-05 9.9955E-05 0.166792 0.195227 9.9955E-05
9.9955E-05 0.705623 9.9955E-05 9.9955E-05 9.9955E-05 0.0778281 0.216049 9.9955E-05
