0.0570256 0.0480089 9.9982E-05 9.9982E-05 0.00215602 0.892609
9.9973E-05 0.0485324 0.0261961 9.9973E-05 9.9973E-05 0.924972
0.0237177 0.0228543 9.9982E-05 9.9982E-05 0.122209 0.831019
0.0172107 0.0615733 9.9982E-05 9.9982E-05 0.0725447 0.848471
0.0246893 0.0148375 9.9982E-05 9.9982E-05 0.0857848 0.874488
0.0774794 0.0600578 0.136209 0.0698219 0.000111905 0.65632
9.9982E-05 0.0323598 0.063362 0.0257864 9.9982E-05 0.878292
0.0430303 0.109802 0.0987662 9.9982E-05 9.9982E-05 0.748201
9.9982E-05 0.106795 0.0608474 0.000795506 9.9982E-05 0.831362
0.0936928 0.0398206 0.0789791 9.9991E-05 0.0745576 0.71285
9.9982E-05 0.105509 0.134411 0.00928339 9.9982E-05 0.750597
0.0223321 0.435094 0.0562275 0.212939 0.273307 9.9991E-05
0.154666 0.324448 9.9973E-05 9.9973E-05 0.520586 9.9973E-05
0.0687765 0.430795 0.124606 0.0961837 0.25472 0.0249194
0.117447 0.358257 0.0367291 0.0929062 0.342464 0.0521966
0.106662 0.171181 0.043914 0.0789544 0.440452 0.158837
0.069821 0.154859 0.0517665 0.0964256 0.544128 0.0830006
0.11648 0.21947 0.119685 0.16377 0.380494 9.9991E-05
0.125903 0.325746 9.9991E-05 0.139707 0.321912 0.0866313
0.050141 0.625585 0.196591 0.0893289 0.00280859 0.0355454
0.0558964 0.246767 0.129684 0.142061 0.425492 9.9991E-05
0.0556954 0.184355 0.141308 0.0696969 0.506249 0.042696
0.0380595 0.170046 0.0880565 0.108652 0.583162 0.0120238
0.125042 0.340329 0.052849 0.171888 0.262459 0.0474335
9.999E-05 0.00295228 0.135849 0.0541134 0.681894 0.125091
0.112396 0.138441 9.9991E-05 0.106367 0.550367 0.0923288
0.0730805 0.471554 0.00632468 0.234484 0.171202 0.0433547
0.177332 0.422138 0.00579449 0.196174 0.198462 9.9991E-05
0.0268544 0.405308 0.16838 0.153231 0.246127 9.9991E-05
0.0313932 9.9973E-05 9.9973E-05 9.9973E-05 0.132655 0.835652
9.9964E-05 9.9964E-05 9.9964E-05 9.9964E-05 0.169436 0.830164
0.0627079 9.9982E-05 9.9982E-05 0.052195 0.0960483 0.788849
0.12032 9.9982E-05 9.9982E-05 0.101755 0.0518944 0.725831
0.0611288 0.169565 0.0225255 0.26151 0.463867 0.0214027
0.0148269 0.116368 0.0303653 0.294995 0.520735 0.0227103
0.00268964 9.9982E-05 9.9982E-05 0.340658 0.625253 0.0311991
9.9991E-05 0.590495 0.0379245 0.104722 0.165398 0.10136
0.070977 9.9991E-05 0.0513833 0.641928 0.181133 0.0544792
0.146283 0.203132 9.9991E-05 0.16336 0.452764 0.0343616
0.0219905 0.000113358 9.9991E-05 0.20356 0.727323 0.0469133
9.9991E-05 0.0105996 0.154675 0.113483 0.593664 0.127478
0.00993435 0.0948047 0.0609246 0.125262 0.628196 0.0808784
0.0116757 0.11694 9.9991E-05 0.741371 0.090151 0.0397619
0.0365891 0.044547 0.202158 0.0866799 0.59269 0.0373358
0.118383 0.0388476 0.013538 0.300757 0.489816 0.0386581
0.0456557 9.9991E-05 0.0605787 0.10045 0.576269 0.216946
9.9991E-05 0.00719395 0.00105499 0.656323 0.313726 0.0216026
0.0829379 9.9991E-05 0.0451441 0.283843 0.555238 0.032737
0.063297 0.0392538 0.0913176 0.210487 0.506819 0.0888249
9.9973E-05 9.9973E-05 0.31099 0.629625 9.9973E-05 0.0590856
9.9982E-05 0.406573 0.121469 0.230423 0.241335 9.9982E-05
0.00959662 0.268634 0.45737 0.193023 0.0712765 9.9991E-05
0.0722334 0.175838 9.9991E-05 0.098429 0.568479 0.0849204
0.0482976 0.0986696 0.132353 0.043764 0.652987 0.0239289
0.0359755 0.00206168 0.0866355 0.144225 0.653233 0.0778694
9.9991E-05 0.346218 0.068116 0.24742 0.208397 0.129749
9.9982E-05 0.244361 0.133449 0.00887692 0.613113 9.9982E-05
0.0994535 0.0745786 0.0520814 0.0681931 0.569794 0.1359
9.9991E-05 0.191777 0.132205 0.223723 0.356043 0.0961525
0.0727105 0.351116 0.212557 0.136006 0.0655905 0.16202
0.0482141 0.167303 0.0184874 0.206927 0.45795 0.101119
0.0351901 0.249349 0.0382259 0.124309 0.468949 0.0839769
9.9991E-05 0.502038 0.174194 0.279657 0.0117315 0.0322796
0.0284152 0.199175 0.147116 0.113444 0.51175 9.9991E-05
9.9991E-05 0.0555958 0.151193 0.0974905 0.673836 0.0217846
0.0725865 0.171657 9.9991E-05 0.146835 0.541323 0.0674986
0.0766336 0.27258 0.1249 0.271631 0.23705 0.0172059
9.9991E-05 0.170564 0.186881 0.0275173 0.583911 0.0310262
0.0968885 0.148482 0.0677567 0.074017 0.529524 0.0833325
9.9991E-05 0.372338 0.199945 0.17577 0.22406 0.0277873
9.9964E-05 9.9964E-05 9.9964E-05 0.491334 0.508267 9.9964E-05
0.0113296 0.0729871 9.9991E-05 0.75206 0.154529 0.00899443
0.116454 0.0657555 0.000470668 0.269999 0.462633 0.084688
9.9964E-05 9.9964E-05 0.137007 0.862594 9.9964E-05 9.9964E-05
9.9973E-05 0.0181364 0.127865 0.853699 9.9973E-05 9.9973E-05
9.9973E-05 9.9973E-05 0.0371265 0.741255 0.221318 9.9973E-05
9.9982E-05 0.0186799 9.9982E-05 0.492764 0.472291 0.0160658
0.0494921 0.116991 0.0653763 0.0840755 0.567558 0.116508
9.9991E-05 0.0159794 0.0787861 0.457042 0.407133 0.0409589
0.0711402 0.169591 9.9991E-05 0.685323 0.0191416 0.0547038
9.9982E-05 0.258439 9.9982E-05 0.511348 0.177625 0.0523889
0.101096 0.0622378 9.9991E-05 0.324141 0.434941 0.0774834
0.0798278 0.104744 9.9982E-05 0.569144 0.246085 9.9982E-05
9.9982E-05 9.9982E-05 0.0323494 0.537639 0.392426 0.0373855
9.9982E-05 9.9982E-05 0.0583223 0.573049 0.347766 0.0206632
9.9982E-05 0.00378686 0.355933 0.624118 9.9982E-05 0.0159626
0.0451988 0.0998184 9.9991E-05 0.321578 0.522244 0.0110602
0.0366497 0.0856594 9.9982E-05 9.9982E-05 0.0909325 0.786558
9.9964E-05 9.9964E-05 9.9964E-05 9.9964E-05 0.0932027 0.906397
0.0158198 0.0163604 9.9982E-05 9.9982E-05 0.120124 0.847495
9.9964E-05 9.9964E-05 9.9964E-05 9.9964E-05 0.0654605 0.93414
0.0287201 9.9991E-05 0.000763865 0.0458911 0.0630923 0.861433
0.0524589 9.9982E-05 9.9982E-05 0.0190452 0.0540895 0.874206
0.000767126 0.00366117 9.9982E-05 9.9982E-05 0.0554448 0.939927
0.137055 0.0928094 0.00405708 0.31326 0.430692 0.0221261
0.187638 0.0634677 0.0308273 0.242147 0.47582 9.9991E-05
9.9982E-05 0.11389 0.0128148 0.835018 9.9982E-05 0.038077
9.9991E-05 0.0518537 0.0186051 0.151245 0.626388 0.151808
0.0134698 0.071277 9.9991E-05 0.470877 0.425114 0.0191624
0.00345617 9.9991E-05 0.0682617 0.344394 0.523373 0.0604152
0.0202893 0.104899 0.0500866 0.241234 0.582173 0.00131839
0.0934186 9.9982E-05 9.9982E-05 0.465846 0.417353 0.0231821
9.9973E-05 0.154078 9.9973E-05 0.767929 9.9973E-05 0.0776926
0.0552097 0.120131 9.9991E-05 0.241631 0.466599 0.116329
0.0319901 0.018591 0.0693947 0.201812 0.615742 0.0624707
0.0518836 0.139135 0.00265674 0.174391 0.526802 0.105132
0.0169385 9.9991E-05 0.19494 0.504938 0.278017 0.0050669
9.9973E-05 9.9973E-05 0.0613504 0.424853 0.513497 9.9973E-05
0.0671299 0.0592168 0.0607992 0.42263 0.382075 0.00814907
0.120708 9.9973E-05 9.9973E-05 0.724697 0.154295 9.9973E-05
9.9982E-05 0.091223 9.9982E-05 0.389461 0.430938 0.0881777
0.0140942 0.0220248 0.0176073 0.262208 0.510717 0.173349
9.9991E-05 0.346038 0.253526 0.0624291 0.298124 0.0397829
0.0322716 0.370132 9.9991E-05 0.0706989 0.425747 0.101051
0.00547921 0.0684578 0.139796 0.0893844 0.613457 0.0834255
0.0996107 9.9991E-05 0.0610494 0.163909 0.606873 0.0684585
9.9982E-05 0.331732 0.0886117 9.9982E-05 0.545782 0.0336738
9.9991E-05 0.183293 0.0648404 0.0243437 0.665233 0.0621896
0.00937193 0.378931 0.0195926 0.0643807 0.527624 9.9991E-05
9.9991E-05 0.103105 0.183075 0.0642834 0.608158 0.0412787
0.058447 0.201071 0.0494348 0.0487761 0.591746 0.0505247
9.9991E-05 0.245906 0.0464874 0.0532807 0.630347 0.0238788
9.9973E-05 0.400965 9.9973E-05 0.0208628 0.577872 9.9973E-05
0.0819387 0.147339 0.159495 9.9982E-05 0.611027 9.9982E-05
0.0778525 0.0831534 0.0732324 0.134829 0.580128 0.0508048
0.043774 0.253221 9.9982E-05 0.102325 0.60048 9.9982E-05
0.127965 0.147315 0.150508 9.9991E-05 0.568541 0.00557045
0.148282 0.21594 0.11282 0.0487291 0.474129 9.9991E-05
9.9982E-05 0.212446 0.238755 9.9982E-05 0.511861 0.0367389
0.0721159 0.230753 0.00796003 0.0395678 0.649503 9.9991E-05
0.0245968 0.0867975 0.17769 9.9982E-05 0.710715 9.9982E-05
0.130294 0.432863 0.0259544 0.222169 0.18862 9.9991E-05
0.0288723 0.285454 0.406405 0.0471986 0.215958 0.0161125
0.0241811 0.206433 0.0226669 0.202488 0.51239 0.0318405
0.0526572 0.289425 0.381564 0.215529 0.0607248 9.9991E-05
9.9982E-05 0.40403 0.111944 0.173633 0.310193 9.9982E-05
9.9982E-05 0.287826 0.0305242 0.21651 0.464939 9.9982E-05
9.9982E-05 0.393196 9.9982E-05 0.277915 0.325002 0.0036866
0.00721184 0.437505 0.0897501 0.139369 0.326064 9.9991E-05
0.0191836 0.0640693 0.109463 0.0904473 0.625472 0.0913648
0.104193 0.109721 0.0911007 0.13014 0.436098 0.128747
0.0708554 0.165523 0.06319 0.207217 0.464458 0.0287557
0.0871196 0.310218 0.306077 0.15749 0.138996 9.9991E-05
9.9991E-05 0.0682693 0.19567 0.160266 0.440216 0.135479
0.0726912 0.078544 0.207565 0.134309 0.441922 0.0649683
9.9991E-05 0.162495 0.561596 0.112151 0.0209462 0.142712
0.0413935 9.9991E-05 0.071156 0.0853102 0.694958 0.107083
9.9991E-05 0.0634922 0.337769 0.134157 0.386343 0.0781383
0.0898889 0.0579262 0.261527 0.12196 0.417445 0.0512528
9.9991E-05 0.0715592 0.439357 0.0184614 0.35081 0.119713
9.9991E-05 0.110327 0.498994 0.0261164 0.277608 0.0868554
0.0103077 0.100004 0.321118 0.110995 0.4176 0.039975
0.00861681 0.08647 0.214472 9.9991E-05 0.603847 0.0864945
0.0750708 0.0557693 0.106433 0.238676 0.338174 0.185877
0.181892 0.0422782 0.480824 0.246589 9.9991E-05 0.0483164
0.086933 0.0538626 0.150805 0.0949851 0.512538 0.100877
9.9982E-05 0.109948 0.34101 0.0547384 0.494104 9.9982E-05
9.9982E-05 0.112879 0.252284 0.111453 0.523184 9.9982E-05
0.0730159 0.0420137 0.102345 0.14948 0.517131 0.116014
0.27141 9.9982E-05 0.224741 9.9982E-05 0.157421 0.346228
0.148027 9.9973E-05 0.297629 9.9973E-05 9.9973E-05 0.554044
0.145561 9.9973E-05 0.411413 9.9973E-05 9.9973E-05 0.442725
0.366293 9.9982E-05 0.167737 9.9982E-05 0.0644259 0.401344
0.0241909 9.9982E-05 0.240562 0.0996157 0.635431 9.9982E-05
9.9991E-05 0.048861 0.192679 0.0639328 0.618562 0.0758647
0.613989 0.0262608 9.9973E-05 9.9973E-05 0.35945 9.9973E-05
0.404428 0.181651 9.9982E-05 9.9982E-05 0.375751 0.0379704
0.515332 0.082192 9.9991E-05 0.0216842 0.323666 0.0570261
9.9973E-05 9.9973E-05 0.518029 0.101878 0.379794 9.9973E-05
0.135207 0.128732 0.103321 0.144665 0.430408 0.0576682
9.9973E-05 9.9973E-05 0.723455 0.00804007 0.268205 9.9973E-05
0.00116788 9.9991E-05 0.251175 0.144584 0.583384 0.0195894
9.9991E-05 0.0105623 0.342874 0.0259547 0.546045 0.0744644
0.0932909 0.025395 0.293236 9.9982E-05 0.587878 9.9982E-05
9.9982E-05 0.0454445 0.628096 0.0597189 0.266541 9.9982E-05
0.042328 9.9991E-05 0.148404 0.0382052 0.711315 0.0596471
0.113134 9.9991E-05 0.218432 0.0807122 0.54402 0.043602
0.974009 9.9982E-05 0.00879401 0.00600659 0.0109903 9.9982E-05
0.907714 0.0558179 9.9973E-05 9.9973E-05 0.0361679 9.9973E-05
0.610679 0.101227 9.9991E-05 0.0747523 0.190428 0.0228131
0.642488 0.0548568 0.00272243 0.000242976 0.29959 9.9991E-05
0.816636 0.0103523 0.00267334 0.0587548 0.111483 9.9991E-05
0.9995 9.996E-05 9.996E-05 9.996E-05 9.996E-05 9.996E-05
0.944649 0.0520759 9.9973E-05 9.9973E-05 9.9973E-05 0.00297509
0.86692 9.9964E-05 9.9964E-05 9.9964E-05 0.13268 9.9964E-05
0.948111 0.00731274 9.9973E-05 9.9973E-05 0.0442761 9.9973E-05
0.9995 9.996E-05 9.996E-05 9.996E-05 9.996E-05 9.996E-05
0.997374 9.9964E-05 9.9964E-05 9.9964E-05 9.9964E-05 0.0022265
0.733889 0.0890567 9.9982E-05 9.9982E-05 0.173827 0.00302708
0.867111 0.077098 9.9991E-05 0.00656886 0.0368487 0.0122734
0.977827 9.9964E-05 9.9964E-05 0.021773 9.9964E-05 9.9964E-05
0.403489 0.0769808 0.0990391 0.0455487 0.349348 0.0255947
0.649865 0.126247 9.9982E-05 0.00373534 0.219952 9.9982E-05
0.700796 0.0353021 9.9982E-05 9.9982E-05 0.160082 0.10362
0.880518 9.9973E-05 9.9973E-05 9.9973E-05 0.112513 0.006669
0.998409 9.9964E-05 9.9964E-05 9.9964E-05 0.00119121 9.9964E-05
0.903074 9.9973E-05 9.9973E-05 9.9973E-05 0.0516856 0.0449406
0.9995 9.996E-05 9.996E-05 9.996E-05 9.996E-05 9.996E-05
0.607502 9.9982E-05 9.9982E-05 0.0936641 0.238146 0.0604875
0.915557 0.0211613 9.9991E-05 0.0312161 0.0186808 0.0132849
0.0310305 9.9973E-05 0.632405 9.9973E-05 9.9973E-05 0.336264
0.11532 0.0913621 0.205537 9.9991E-05 0.41094 0.17674
0.0641291 0.0747019 0.190609 0.0682049 0.414836 0.187519
0.115921 9.99948E-05 0.445157 0.0307603 0.171599 0.236462
0.13926 0.0453609 0.117061 0.139833 0.425895 0.132591
0.131226 9.9991E-05 0.325461 0.053566 0.200476 0.289172
0.104008 0.106094 0.125927 0.0809791 0.362053 0.22094
0.235727 9.9991E-05 0.342151 0.0334594 0.279728 0.108835
0.0734553 9.9982E-05 0.210339 9.9982E-05 0.509984 0.206022
0.19149 9.9982E-05 0.287046 9.9982E-05 0.3812 0.140064
0.0478028 0.10624 0.117791 0.0300186 0.504159 0.193989
9.9991E-05 0.0489835 0.0635936 0.0208344 0.0281201 0.838368
0.0511747 0.028526 9.9973E-05 9.9973E-05 9.9973E-05 0.919999
9.9973E-05 9.9973E-05 0.0579108 9.9973E-05 0.00358362 0.938206
9.9973E-05 0.0286735 9.9973E-05 0.0133257 9.9973E-05 0.957701
0.0122529 0.0659064 9.9982E-05 9.9982E-05 0.0204476 0.901193
0.0515003 9.9973E-05 0.0156589 9.9973E-05 9.9973E-05 0.932541
0.0597784 9.9973E-05 9.9973E-05 9.9973E-05 0.0267225 0.913199
0.0330984 9.9973E-05 0.109358 9.9973E-05 9.9973E-05 0.857244
0.0188777 9.9982E-05 9.9982E-05 0.0527088 0.00872315 0.91949
0.0534849 9.9982E-05 0.0124334 9.9982E-05 0.0702757 0.863606
0.00792019 0.177515 0.0561651 0.137005 9.9991E-05 0.621294
9.9973E-05 0.309454 9.9973E-05 0.0833962 9.9973E-05 0.60685
9.9982E-05 0.249728 0.176516 0.0212072 9.9982E-05 0.552349
9.9982E-05 0.301005 0.0822983 0.128243 9.9982E-05 0.488253
0.014356 0.164247 0.00178132 0.21369 0.578689 0.027237
0.100013 0.106668 9.9991E-05 0.418476 0.373336 0.00140757
0.0624032 0.171012 0.0164161 0.233666 0.507017 0.00948505
9.9982E-05 0.273678 0.0653378 0.199856 0.460928 9.9982E-05
0.0241619 0.618059 9.9982E-05 0.200029 0.15755 9.9982E-05
9.9982E-05 9.9982E-05 0.0723236 0.163044 0.72528 0.0391522
0.0179212 0.116043 0.0515878 0.251806 0.562541 9.9991E-05
9.9973E-05 0.0727398 9.9973E-05 0.411343 0.515617 9.9973E-05
0.0633932 9.9982E-05 0.0487185 0.603673 0.284015 9.9982E-05
0.0236957 0.152701 9.9991E-05 0.230279 0.56547 0.0277537
0.0235215 0.192641 0.00860887 0.390599 0.384529 9.9991E-05
9.9973E-05 0.0668329 0.261472 0.671395 9.9973E-05 9.9973E-05
0.0328553 0.161956 0.0924773 0.197995 0.452569 0.062147
9.9982E-05 9.9982E-05 0.244259 0.487179 0.223538 0.0448238
0.0406691 0.101971 0.0661931 0.277631 0.480929 0.0326072
9.9982E-05 0.161068 9.9982E-05 0.732595 0.0908486 0.015288
9.9982E-05 0.71239 0.135257 9.9982E-05 0.021024 0.13113
9.9982E-05 0.746943 0.0939271 9.9982E-05 0.066344 0.0925865
9.9982E-05 0.826058 0.160255 9.9982E-05 0.00594909 0.00753786
9.9982E-05 0.752605 0.11 0.0204395 9.9982E-05 0.116755
9.9982E-05 0.76926 0.152089 9.9982E-05 0.0530437 0.0254067
0.050063 0.787486 0.0745352 9.9991E-05 0.0430032 0.0448131
9.9973E-05 9.9973E-05 9.9973E-05 0.00357403 0.134557 0.861569
0.0573042 0.0984353 9.9982E-05 9.9982E-05 0.0432097 0.800851
0.0835955 0.0374103 9.9982E-05 9.9982E-05 0.139285 0.739509
0.11879 0.106194 9.9982E-05 9.9982E-05 0.0331511 0.741664
0.10611 0.0601816 9.9982E-05 9.9982E-05 0.0615926 0.771916
9.9973E-05 0.513087 0.0785037 9.9973E-05 9.9973E-05 0.40811
9.9982E-05 0.397667 0.135095 0.00117269 9.9982E-05 0.465865
9.9982E-05 0.473966 0.0400078 0.0648292 9.9982E-05 0.420997
9.9964E-05 9.9964E-05 9.9964E-05 9.9964E-05 0.185354 0.814247
0.0112756 0.468572 0.0635206 0.0920969 9.9991E-05 0.364435
0.371798 0.0399927 0.151237 9.9991E-05 0.242 0.194873
0.241267 0.0672624 9.9991E-05 0.0084122 0.537781 0.145178
0.258911 9.9973E-05 9.9973E-05 9.9973E-05 0.560359 0.180431
0.265607 9.9991E-05 0.0928077 0.0530021 0.324767 0.263716
0.195582 0.0124399 9.9991E-05 0.0631174 0.580512 0.148248
0.329162 9.9973E-05 0.240049 9.9973E-05 9.9973E-05 0.430489
9.9982E-05 0.352096 0.0486294 0.173116 0.425959 9.9982E-05
0.0140531 0.183859 0.339214 0.0643214 0.398453 9.9991E-05
9.9991E-05 0.503412 0.00152097 0.0826749 0.290241 0.122051
9.9982E-05 0.144479 0.186861 0.151835 0.516626 9.9982E-05
9.9973E-05 0.137029 0.678762 0.183909 9.9973E-05 9.9973E-05
0.0669554 0.13346 0.123086 0.0248423 0.535805 0.115852
0.0252107 0.141752 0.145949 0.128123 0.504201 0.0547646
9.9991E-05 0.362362 0.0254852 0.127207 0.418083 0.0667634
0.0667267 0.133241 0.0184026 0.102248 0.573636 0.105745
9.9982E-05 0.25078 0.415697 0.188456 0.144867 9.9982E-05
9.9982E-05 0.136691 0.220489 0.136611 0.506009 9.9982E-05
9.9982E-05 0.251849 9.9982E-05 0.0994629 0.622127 0.0263613
0.216497 0.0886138 0.0878395 0.152467 0.362987 0.0915956
9.9982E-05 0.192139 0.251218 0.11618 0.440263 9.9982E-05
0.0319244 0.260683 0.151492 0.0716981 0.484103 9.9991E-05
0.122189 0.172816 0.129039 0.162753 0.413102 9.9991E-05
9.9982E-05 0.155245 0.170086 0.116204 0.558265 9.9982E-05
0.10069 0.135953 0.0823768 0.0322045 0.613059 0.0357168
0.0221415 0.14219 9.9991E-05 0.0665793 0.669331 0.0996581
0.0775683 0.225634 0.0379764 0.0423298 0.61317 0.00332192
0.0748923 9.9973E-05 9.9973E-05 9.9973E-05 0.1386 0.786208
0.0724672 9.9982E-05 0.0554195 0.0379115 9.9982E-05 0.834002
0.0200225 0.0625176 0.088898 0.0448834 0.0141886 0.76949
0.0993983 0.0270391 9.9982E-05 0.0767935 9.9982E-05 0.796569
9.9973E-05 9.9973E-05 0.0125925 9.9973E-05 0.141951 0.845156
0.0553959 0.611971 0.0781995 0.0527123 0.201622 9.9991E-05
0.0129593 0.259524 0.149432 0.0668675 0.511117 9.9991E-05
0.14268 0.0594318 0.187152 0.048641 0.403011 0.159085
0.0260552 0.137875 0.151235 9.9991E-05 0.657955 0.0267789
0.0208501 0.213842 0.0905685 0.121599 0.526418 0.0267232
0.0930677 0.312032 0.258259 9.9982E-05 0.336441 9.9982E-05
9.9982E-05 0.578338 0.159666 0.144488 9.9982E-05 0.117308
0.030401 0.360704 0.0290891 0.0306327 0.549073 9.9991E-05
0.0531431 0.520844 0.16984 0.0393632 0.189207 0.0276021
0.109354 0.139187 0.234342 0.0779539 0.409527 0.0296361
0.00113151 0.507751 0.147685 0.116537 0.141367 0.0855297
0.00337235 0.205336 9.9982E-05 9.9982E-05 0.67372 0.117372
9.9991E-05 0.502793 0.0752258 0.0903839 0.225603 0.105895
0.0641462 0.295815 0.183379 0.159972 0.280659 0.0160285
0.0139783 0.110752 0.151981 0.145294 0.528601 0.0493947
9.9973E-05 0.110153 0.529052 9.9973E-05 0.360495 9.9973E-05
0.0370725 0.0490874 0.243992 0.0744165 0.536434 0.0589969
0.0152244 0.0144538 0.292825 0.0231039 0.57521 0.079183
9.9973E-05 0.0549794 0.515289 9.9973E-05 0.429432 9.9973E-05
9.9991E-05 0.0647589 0.225643 0.00846373 0.570504 0.13053
9.9982E-05 9.9982E-05 0.32709 0.0344274 0.589136 0.0491473
9.9982E-05 0.065266 0.715617 0.0496879 0.16923 9.9982E-05
9.9964E-05 9.9964E-05 0.670298 9.9964E-05 0.329302 9.9964E-05
9.9982E-05 0.0764685 0.334736 0.00573406 0.582862 9.9982E-05
9.9982E-05 0.0831437 0.580567 0.12745 0.208639 9.9982E-05
9.9982E-05 0.119225 0.331397 0.0276474 0.52153 9.9982E-05
0.0254271 0.642619 0.0407853 0.169295 0.121774 9.9991E-05
0.0651397 0.316837 0.27099 0.151711 0.195222 9.9991E-05
0.0577471 0.417686 0.00773241 0.0711287 0.400015 0.0456914
0.0240314 0.0818444 0.0525846 0.0542741 0.689036 0.0982296
9.9982E-05 0.497277 0.0674269 0.114852 0.320244 9.9982E-05
0.108242 0.244018 0.0790859 0.046412 0.451071 0.0711704
0.0397453 0.140336 0.100481 0.0241429 0.593064 0.10223
0.125854 0.300016 0.0525017 0.140659 0.380869 9.9991E-05
0.0663996 0.281419 0.0348683 0.0809106 0.51445 0.0219526
0.0970471 0.31288 0.0422848 0.185355 0.362333 9.9991E-05
0.0899481 0.504573 0.0312691 0.17448 0.199629 9.9991E-05
0.0839888 0.430316 0.0682351 0.108953 0.308408 9.9991E-05
0.0234778 0.254456 0.0237922 0.0923165 0.605858 9.9991E-05
0.0535227 0.123285 0.102321 0.107641 0.552987 0.060244
0.0141952 0.259989 0.210702 0.0478476 0.436611 0.0306541
0.0642854 0.311974 0.0596026 0.030692 0.533346 9.9991E-05
0.035327 0.418932 0.104136 9.9991E-05 0.365075 0.0764301
0.00533224 0.19393 0.0659868 0.0236612 0.71099 9.9991E-05
0.0221696 0.211932 0.0558124 0.0793578 0.540412 0.0903156
0.135778 0.0886443 0.0793486 0.0766705 0.504756 0.114803
0.192329 0.0227326 0.0105875 0.0491074 0.39017 0.335074
0.282757 9.9991E-05 0.197328 0.0678423 0.346752 0.10522
0.271142 0.0502161 0.140685 0.00690189 0.464294 0.0667606
0.13855 0.0310158 9.9991E-05 0.244833 0.508016 0.0774856
0.217195 9.9991E-05 0.0888308 0.110422 0.421744 0.161708
9.9982E-05 0.158326 0.291299 0.0404628 0.509712 9.9982E-05
0.104207 0.0952063 9.9991E-05 0.127916 0.468556 0.204015
0.15752 9.9982E-05 0.434597 0.160242 9.9982E-05 0.247441
0.253923 0.0856867 0.0389157 9.9991E-05 0.530783 0.0905916
0.158375 0.112804 0.0182562 0.0238011 0.507785 0.178979
0.174834 0.129075 0.035766 0.000197881 0.544202 0.115925
0.159678 0.123657 0.297071 0.0012482 0.303417 0.11493
0.129851 9.9991E-05 0.165096 0.0455928 0.472198 0.187162
0.162963 0.0138792 0.144119 9.9991E-05 0.546527 0.132412
0.189369 9.9973E-05 0.303734 9.9973E-05 9.9973E-05 0.506597
0.180514 0.0212483 0.0478893 9.9991E-05 0.535964 0.214285
0.189133 9.9982E-05 9.9982E-05 0.102885 0.554613 0.153169
0.183624 0.0438276 0.101044 9.9991E-05 0.556614 0.11479
0.21258 9.9982E-05 0.0946101 9.9982E-05 0.512158 0.180451
0.0999746 0.0304273 0.0973421 0.0364838 0.538645 0.197128
0.104785 9.9991E-05 0.301378 0.130111 0.456282 0.00734485
0.0987624 0.0913941 0.174539 0.110798 0.48646 0.0380463
9.9982E-05 0.0152402 0.624044 0.297128 0.0633882 9.9982E-05
9.9982E-05 0.0612115 0.711453 0.152659 0.0744763 9.9982E-05
0.0602822 0.147074 0.253143 0.0515508 0.459641 0.0283092
0.259917 9.9982E-05 0.182026 9.9982E-05 0.460351 0.0975058
0.344419 9.9982E-05 0.223906 9.9982E-05 0.338905 0.0925709
0.335837 0.00441738 0.325583 0.046618 0.141426 0.146118
0.234783 9.9982E-05 0.180194 9.9982E-05 0.420918 0.163906
0.127649 9.9982E-05 0.734851 9.9982E-05 0.117195 0.0201059
0.0806678 9.9982E-05 0.607615 9.9982E-05 0.245065 0.0664524
0.0961667 9.9982E-05 0.236454 0.0737839 0.593395 9.9982E-05
0.0946345 9.9991E-05 0.253364 0.101311 0.522721 0.0278694
0.0760377 9.9991E-05 0.560591 0.0604448 0.262541 0.0402862
0.105265 0.137335 0.203262 0.0553189 0.455209 0.0436094
0.139596 0.075794 0.147354 0.0978131 0.539343 9.9991E-05
0.0919171 0.106832 0.129238 0.0438687 0.505745 0.1224
9.9982E-05 0.0594949 0.407392 0.168546 0.364367 9.9982E-05
0.026031 0.0618134 0.372584 0.137826 0.401646 9.9991E-05
0.00480866 0.0185638 0.29526 0.0546105 0.626657 9.9991E-05
0.0317767 0.132628 0.342144 0.080562 0.407012 0.00587676
0.0635829 0.162904 0.330798 0.0403298 0.345695 0.05669
9.9973E-05 0.0469457 0.41728 9.9973E-05 0.535474 9.9973E-05
9.9982E-05 0.13685 0.506448 0.097541 0.25896 9.9982E-05
0.0280126 9.9991E-05 0.135309 0.230423 0.532361 0.0737931
9.9982E-05 0.0368887 0.526555 0.165674 0.270682 9.9982E-05
0.0242721 9.9982E-05 0.395134 0.093317 0.487076 9.9982E-05
0.0796172 0.0317185 0.176309 0.128271 0.531424 0.0526607
0.0326651 0.0918733 0.264947 0.116221 0.490936 0.00335817
0.16809 0.0288167 0.0120121 0.0197108 0.518554 0.252816
0.166136 0.14924 0.245967 0.0196573 0.332271 0.0867282
0.284152 0.0635942 0.189285 9.9991E-05 0.32401 0.138859
0.229141 0.0998513 0.155032 0.00776583 0.306545 0.201665
0.147929 0.175079 0.0997621 0.00618338 0.472725 0.0983216
0.175836 0.0752303 0.214383 0.0795738 0.354582 0.100396
0.15447 0.013663 0.650732 9.9982E-05 9.9982E-05 0.180935
0.200831 0.0770803 0.0594168 9.9991E-05 0.596748 0.0658239
0.140521 9.9973E-05 0.511533 9.9973E-05 9.9973E-05 0.347646
0.167411 0.0217862 0.194071 0.0534761 0.54159 0.0216657
9.9973E-05 9.9973E-05 0.568904 0.341263 0.089533 9.9973E-05
9.9964E-05 9.9964E-05 0.701408 0.298193 9.9964E-05 9.9964E-05
0.0183406 0.0325295 0.307911 0.213422 0.427697 9.9991E-05
0.0156218 9.9991E-05 0.219434 0.117641 0.642224 0.00498046
9.9982E-05 0.0163645 0.405951 0.141751 0.435734 9.9982E-05
0.041127 9.9982E-05 0.211466 0.270755 0.476452 9.9982E-05
0.0176561 9.9982E-05 0.326835 0.103106 0.552204 9.9982E-05
0.014588 9.9982E-05 0.0542607 9.9982E-05 0.100622 0.830329
0.15096 0.117037 0.0399653 9.9982E-05 9.9982E-05 0.691838
0.0680427 0.0793733 9.9973E-05 9.9973E-05 9.9973E-05 0.852284
9.9964E-05 9.9964E-05 9.9964E-05 9.9964E-05 0.0787892 0.920811
0.122128 0.0635653 0.0410708 0.352989 0.417277 0.00296955
0.0648684 9.9982E-05 9.9982E-05 0.471474 0.401749 0.0617087
9.9982E-05 0.0127574 9.9982E-05 0.560034 0.423471 0.00353727
0.0333394 9.9991E-05 0.0400229 0.246425 0.564554 0.115558
0.078854 0.0100424 0.0547958 0.2893 0.449153 0.117854
9.9991E-05 0.126725 0.0133283 0.611767 0.201065 0.0470153
0.043851 0.0548059 9.9982E-05 0.332997 0.568146 9.9982E-05
9.9982E-05 9.9982E-05 0.243368 0.39925 0.350795 0.0063873
0.150282 0.0741429 0.00558203 9.9991E-05 0.503307 0.266587
0.112437 0.0878004 0.0634659 0.368302 0.367895 9.9991E-05
9.9982E-05 0.131355 9.9982E-05 0.585406 0.278877 0.0041622
0.0700873 9.9982E-05 0.0206857 0.41902 0.490007 9.9982E-05
9.9982E-05 0.0621446 9.9982E-05 0.563528 0.355003 0.0191247
9.9982E-05 0.0125388 0.0403106 0.39424 0.55271 9.9982E-05
9.9973E-05 9.9973E-05 9.9973E-05 0.381105 0.536587 0.082008
9.9973E-05 9.9973E-05 0.0573019 0.916738 0.0256604 9.9973E-05
0.0399391 0.0458663 0.165426 0.569074 0.155438 0.0242567
9.9991E-05 0.10753 0.0784645 0.492358 0.301572 0.0199751
9.9964E-05 9.9964E-05 0.275257 0.724343 9.9964E-05 9.9964E-05
9.9982E-05 0.0648077 9.9982E-05 0.525948 0.348781 0.0602636
9.9973E-05 9.9973E-05 0.311875 0.607072 0.080753 9.9973E-05
9.9973E-05 9.9973E-05 0.315268 0.648745 9.9973E-05 0.035687
9.9991E-05 0.00901777 0.0493722 0.342487 0.557937 0.0410853
0.0562847 0.073197 9.9991E-05 0.691033 0.104838 0.0745471
0.0183558 0.135104 9.9982E-05 0.415498 0.430842 9.9982E-05
0.118203 9.9991E-05 0.0369181 0.237138 0.506338 0.101304
9.9973E-05 0.156685 9.9973E-05 0.399506 0.443509 9.9973E-05
0.148925 0.222061 0.279027 0.0949366 0.25495 9.9991E-05
0.0986655 0.0179552 0.0557233 0.348165 0.479391 9.9991E-05
0.0590673 0.0985516 9.9991E-05 0.350642 0.464027 0.0276124
9.9973E-05 9.9973E-05 0.0475927 0.656129 0.295978 9.9973E-05
0.0256972 9.99912E-05 0.00731468 0.327991 0.570787 0.0681104
9.9982E-05 0.263358 0.0670203 0.0302634 9.9982E-05 0.639158
0.0321254 0.0667746 0.0376284 0.102939 9.9991E-05 0.760433
9.9973E-05 0.112427 0.0608558 9.9973E-05 9.9973E-05 0.826418
9.9982E-05 0.100855 0.0811209 0.00278192 9.9982E-05 0.815042
9.9973E-05 0.233852 0.0330458 9.9973E-05 9.9973E-05 0.732802
0.0461833 0.12788 9.9991E-05 0.735553 0.0430867 0.0471972
9.9991E-05 0.132812 0.0472542 0.66257 0.0872221 0.070042
0.0216913 9.9982E-05 0.11518 0.77957 0.0833587 9.9982E-05
0.0978615 0.026427 0.0511125 0.201733 0.441997 0.180869
0.00709007 0.00222082 0.0905506 0.182132 0.585108 0.132898
0.0357215 9.9991E-05 0.118265 0.610235 0.234755 0.000923184
0.122126 9.9973E-05 9.9973E-05 0.417117 0.460458 9.9973E-05
0.0820259 9.9991E-05 0.13363 0.392354 0.384907 0.00698305
9.9991E-05 0.0969176 0.00221031 0.363296 0.520632 0.0168441
0.0189722 0.0195799 0.000153916 0.315387 0.596239 0.0496684
0.0830532 0.116647 0.00853459 0.672794 0.118871 9.9991E-05
9.9973E-05 0.0819818 9.9973E-05 0.597063 0.320655 9.9973E-05
9.9973E-05 0.109123 9.9973E-05 0.598379 0.292198 9.9973E-05
9.9982E-05 0.0151196 0.169686 9.9982E-05 0.685976 0.129019
9.9982E-05 0.0442681 9.9982E-05 0.579768 0.371255 0.00450944
0.0350509 0.0610431 9.9991E-05 0.474537 0.405468 0.0238013
0.421718 9.9991E-05 0.00475812 0.0294073 0.482077 0.0619403
0.46694 9.9991E-05 0.0411249 0.0662153 0.349995 0.0756249
0.454622 0.0468586 0.0100436 9.9991E-05 0.458247 0.0301291
0.467219 9.9982E-05 0.0530723 9.9982E-05 0.315861 0.163648
0.279445 0.0150088 0.0515572 0.0923475 0.449847 0.111794
0.0343587 9.9991E-05 0.172069 0.307845 0.46682 0.0188066
0.684062 0.0109055 0.0503976 9.9982E-05 9.9982E-05 0.254435
0.481216 0.0169711 9.9991E-05 0.00329961 0.314592 0.183822
0.0611388 9.9991E-05 0.238848 0.043448 0.455649 0.200817
9.9973E-05 9.9973E-05 0.268642 9.9973E-05 0.575146 0.155912
9.9991E-05 0.120879 0.311828 0.00509166 0.467715 0.094386
0.0823456 0.116958 0.0854459 0.0780806 0.554983 0.0821867
0.009875 0.0463399 0.166926 0.0868308 0.594185 0.0958435
0.44597 9.9973E-05 9.9973E-05 9.9973E-05 0.354851 0.198879
0.418266 0.0578564 9.9991E-05 0.0772184 0.346524 0.100035
0.530235 9.9973E-05 9.9973E-05 9.9973E-05 0.437336 0.0321291
0.283326 0.0554019 0.0865639 0.0760086 0.397101 0.101599
0.537364 9.9982E-05 0.00241718 9.9982E-05 0.306212 0.153807
0.275421 0.0322995 9.9991E-05 0.0884667 0.459195 0.144517
0.526955 9.9991E-05 0.0418379 0.0127476 0.304585 0.113775
0.461316 0.0455538 0.0781483 0.0257448 0.288619 0.100618
9.9991E-05 0.00830057 0.258859 0.0279053 0.648403 0.0564319
0.325024 9.9982E-05 0.0914943 9.9982E-05 0.390883 0.192399
0.630048 9.9982E-05 0.00726087 9.9982E-05 0.189316 0.173175
0.367201 0.118717 9.9991E-05 0.0944812 0.313412 0.106089
9.9991E-05 0.226328 0.288174 0.103562 0.235025 0.14681
0.0831068 0.0755823 0.284372 9.9982E-05 0.556739 9.9982E-05
0.365533 0.0805929 0.0221879 0.0423155 0.309866 0.179504
9.9982E-05 0.122978 0.135074 9.9982E-05 0.665643 0.0761045
9.9991E-05 0.0361324 0.179872 0.150135 0.47508 0.15868
0.289367 0.00622111 0.141318 0.0944891 0.246956 0.221649
0.241427 0.0418802 0.141467 9.9991E-05 0.339064 0.236061
0.155564 0.0266186 0.126115 0.08502 0.515918 0.0907644
0.329648 9.9991E-05 0.0176385 0.154 0.388269 0.110345
0.408039 9.9982E-05 0.0210749 9.9982E-05 0.476568 0.0941177
0.550006 9.9991E-05 0.0142839 0.000384551 0.210882 0.224343
0.0473613 0.0289144 0.086207 0.0557228 0.65949 0.122305
9.9991E-05 0.116166 0.148465 0.147175 0.465088 0.123005
9.9982E-05 9.9982E-05 0.617978 0.024029 0.233603 0.12419
0.152259 0.0023485 0.0637275 0.131824 0.569848 0.0799939
0.0715755 0.242985 0.230945 0.0625167 0.324952 0.0670258
0.0787238 9.9991E-05 0.142814 0.0941737 0.475247 0.208942
0.0992008 0.115435 0.105324 0.0829911 0.468448 0.128601
0.194047 9.9973E-05 0.520526 9.9973E-05 9.9973E-05 0.285127
0.083915 9.9973E-05 0.573321 9.9973E-05 9.9973E-05 0.342464
0.121986 0.0843302 0.373508 9.9991E-05 0.289119 0.130957
0.227758 9.9982E-05 0.41718 9.9982E-05 0.0236393 0.331223
0.267786 9.9973E-05 0.315146 9.9973E-05 9.9973E-05 0.416768
0.103102 9.9991E-05 0.358221 0.00298843 0.389963 0.145626
0.154159 9.9991E-05 0.188458 0.118863 0.366873 0.171546
0.208723 9.9982E-05 0.286819 9.9982E-05 0.221887 0.28237
0.141925 0.000437221 0.457721 9.9991E-05 0.105989 0.293828
0.144937 0.0856983 0.215719 9.9991E-05 0.448126 0.10542
0.0823199 9.9982E-05 0.411453 9.9982E-05 0.257801 0.248226
0.0504955 9.9973E-05 0.508941 9.9973E-05 9.9973E-05 0.440263
0.198081 0.0211225 0.0595852 0.220513 0.390237 0.110461
0.251698 9.9982E-05 0.243692 9.9982E-05 0.316163 0.188247
0.15486 0.00162343 9.9991E-05 0.0418539 0.458182 0.343381
0.218806 0.00627528 0.016498 9.9991E-05 0.569467 0.188854
0.192028 9.9991E-05 0.0887341 0.0213632 0.548371 0.149404
0.260824 0.0312068 0.0665028 9.9991E-05 0.520697 0.12067
0.172793 0.0511814 0.0313365 9.9991E-05 0.407188 0.337401
0.0465416 9.9982E-05 0.0375435 9.9982E-05 0.610232 0.305483
0.276698 0.00762463 0.0256308 0.0400591 0.45903 0.190957
0.24468 0.0428199 0.149376 9.9991E-05 0.355388 0.207637
0.231764 0.0894345 0.0824201 0.29399 0.131406 0.170986
0.125866 0.106142 0.0999704 0.0338486 0.509428 0.124745
0.209857 9.9991E-05 0.0938788 0.0976383 0.483803 0.114723
0.107923 0.0317587 9.9991E-05 0.159649 0.558461 0.142108
0.236981 0.0108058 0.0994105 9.9991E-05 0.358272 0.294431
0.177489 0.0762743 0.0206985 9.9991E-05 0.567183 0.158255
0.169731 9.9982E-05 0.233794 9.9982E-05 0.205858 0.390417
0.170604 0.0258241 0.0317133 9.9991E-05 0.611431 0.160328
0.293656 9.9982E-05 0.2261 9.9982E-05 0.238429 0.241616
9.9982E-05 0.102655 0.0344861 0.0751234 9.9982E-05 0.787536
9.9991E-05 0.852925 0.00764647 0.0136799 0.0934872 0.0321618
9.9964E-05 0.969336 9.9964E-05 9.9964E-05 9.9964E-05 0.0302641
9.9964E-05 0.998109 9.9964E-05 9.9964E-05 9.9964E-05 0.00149085
0.019871 0.979729 9.9964E-05 9.9964E-05 9.9964E-05 9.9964E-05
0.0391085 0.960492 9.9964E-05 9.9964E-05 9.9964E-05 9.9964E-05
9.9964E-05 0.955027 9.9964E-05 9.9964E-05 0.0445734 9.9964E-05
9.9973E-05 0.920387 9.9973E-05 0.0293591 9.9973E-05 0.0499544
9.9964E-05 0.835946 9.9964E-05 9.9964E-05 9.9964E-05 0.163654
0.0311595 0.0135928 9.9982E-05 0.0719395 9.9982E-05 0.883108
0.0372333 0.154023 9.9982E-05 9.9982E-05 0.00775945 0.800784
0.0405964 0.00785228 9.9982E-05 9.9982E-05 0.0703334 0.881018
9.9982E-05 0.110106 0.0473147 9.9982E-05 0.0386537 0.803726
0.0488653 0.0735306 9.9982E-05 9.9982E-05 0.0344239 0.84298
9.9973E-05 0.109534 0.000554001 9.9973E-05 9.9973E-05 0.889612
0.1781 0.0951776 9.9973E-05 9.9973E-05 9.9973E-05 0.726423
0.088285 9.9982E-05 9.9982E-05 0.0388049 0.00202635 0.870684
0.0723875 0.0956347 0.000610469 0.119375 0.016547 0.695446
0.0806201 9.9982E-05 9.9982E-05 0.010836 0.011607 0.896737
9.9973E-05 9.9973E-05 0.0304539 9.9973E-05 0.00990924 0.959337
0.0818036 0.0579232 0.0513938 9.9982E-05 9.9982E-05 0.808679
9.9973E-05 0.0268159 9.9973E-05 9.9973E-05 0.0210734 0.951811
0.0409093 9.9973E-05 9.9973E-05 9.9973E-05 0.059369 0.899422
0.0162588 9.9982E-05 9.9982E-05 0.0366616 0.0845785 0.862301
0.00700058 9.9973E-05 9.9973E-05 9.9973E-05 0.127548 0.865152
0.14335 9.9973E-05 9.9973E-05 9.9973E-05 0.0955646 0.760785
0.102193 9.9973E-05 9.9973E-05 9.9973E-05 0.119552 0.777955
0.0402278 9.9982E-05 9.9982E-05 0.00351453 0.135139 0.820919
9.9991E-05 0.0818825 0.287336 0.00552245 0.472241 0.152918
9.9982E-05 0.0438226 0.212248 9.9982E-05 0.70563 0.0380992
0.0595851 0.178087 0.00254779 0.112962 0.567739 0.0790793
0.00109168 9.9991E-05 0.710387 0.0518356 0.183002 0.0535835
9.9991E-05 0.095685 0.16043 0.0441714 0.574555 0.125058
0.00913526 9.9982E-05 0.684275 9.9982E-05 0.166657 0.139733
9.9982E-05 0.0102845 0.222845 9.9982E-05 0.684725 0.0819453
9.9991E-05 0.216056 0.160793 0.196992 0.39198 0.0340796
9.9982E-05 9.9982E-05 0.284802 0.13046 0.505506 0.079032
9.9991E-05 0.0208354 0.00951974 0.407113 0.484152 0.0782793
9.9991E-05 0.171071 0.241971 0.0202067 0.525091 0.0415599
9.9982E-05 9.9982E-05 0.180795 0.0320859 0.695409 0.0915097
0.0353122 0.126532 0.207875 9.9991E-05 0.607057 0.0231243
0.0911617 0.460158 0.25875 0.189617 0.000213658 9.9991E-05
9.9973E-05 0.110206 0.88638 9.9973E-05 9.9973E-05 0.00311478
9.9982E-05 0.0799375 0.637304 9.9982E-05 0.220121 0.0624372
0.00442174 0.0746068 0.11869 0.029179 0.615215 0.157887
9.9982E-05 0.0276508 0.240225 9.9982E-05 0.603238 0.128686
0.00318774 0.00738796 0.25692 0.0857169 0.51568 0.131107
0.0234973 9.9991E-05 0.0164012 0.0904553 0.696809 0.172737
0.151467 0.00328224 0.116693 0.0268051 0.5311 0.170653
0.17245 0.0922785 0.0552497 9.9991E-05 0.56143 0.118492
0.171138 0.160087 0.14149 0.0186174 0.157113 0.351554
0.0143432 0.0914793 0.0763964 0.0741652 0.587396 0.15622
0.10585 0.0447335 0.0849266 0.0517903 0.445005 0.267696
0.206004 9.9973E-05 0.410104 9.9973E-05 9.9973E-05 0.383593
0.0930174 9.9991E-05 0.132681 0.00286528 0.446149 0.325187
0.220465 0.0610077 9.9991E-05 0.0812844 0.285019 0.352124
0.103203 0.0544041 9.9991E-05 0.0802264 0.466042 0.296025
0.289987 0.0287119 0.046516 0.0502087 0.488078 0.0964985
0.147895 9.9991E-05 0.0698917 0.0850376 0.49415 0.202927
0.219136 0.0599899 0.0331812 0.0299413 0.514565 0.143187
0.143043 0.010328 0.257102 0.062256 0.378861 0.14841
0.190635 0.0144099 9.9991E-05 0.0973901 0.258063 0.439402
