0.0351083 9.9991E-05 0.029483 0.935309
0.038926 9.9982E-05 9.9982E-05 0.960874
9.9991E-05 0.143486 0.00426337 0.852151
0.0271205 0.073438 0.046862 0.85258
9.999E-05 0.0392379 0.0757514 0.884911
0.184743 0.105632 0.055158 0.654467
0.102286 0.0128208 9.9991E-05 0.884793
0.16022 9.9991E-05 0.0442067 0.795473
0.152776 9.9982E-05 9.9982E-05 0.847024
0.104851 0.0931392 0.117197 0.684813
0.140273 0.0827497 9.9991E-05 0.776877
0.473959 0.39767 0.0689708 0.0593995
0.200507 0.666514 0.0886625 0.0443166
0.464726 0.338153 0.0949756 0.102145
0.343716 0.381744 0.190498 0.084043
0.23938 0.424859 0.206189 0.129572
0.152145 0.633527 0.118597 0.0957311
0.276087 0.606159 0.104154 0.0135995
0.2948 0.461841 0.0747878 0.168571
0.662654 0.166105 0.0201454 0.151096
0.317467 0.524453 0.0977913 0.0602891
0.312528 0.520417 0.0951159 0.0719393
0.167843 0.674539 0.0808492 0.0767685
0.421249 0.424131 0.101933 0.0526863
0.0542511 0.745504 0.0990584 0.101187
0.115828 0.674393 0.10672 0.103059
0.480727 0.290703 0.0974554 0.131114
0.460271 0.287254 0.204407 0.0480677
0.518888 0.377011 0.0381175 0.065984
9.9991E-05 0.00866567 0.0983329 0.892901
9.9991E-05 0.132231 0.0173092 0.85036
9.9991E-05 0.101206 0.0695773 0.829117
9.9991E-05 0.128803 0.106971 0.764125
0.203186 0.708709 9.9991E-05 0.0880053
0.164964 0.711697 0.0505812 0.0727584
0.0924636 0.822123 9.9991E-05 0.0853138
0.565424 0.23211 0.0239929 0.178473
0.385709 0.522705 0.051067 0.0405196
0.203255 0.624436 0.08016 0.0921491
9.9991E-05 0.818832 0.0992323 0.0818353
0.0701051 0.722611 0.0540591 0.153225
0.0476682 0.789946 0.0605874 0.101798
0.502578 0.443981 9.9991E-05 0.0533412
0.135217 0.683226 0.119428 0.0621289
0.183056 0.757149 0.0596952 9.9991E-05
9.9991E-05 0.705127 0.106348 0.188425
0.376232 0.623568 9.9982E-05 9.9982E-05
0.135058 0.761802 0.0466218 0.0565186
0.0984067 0.742146 0.0442017 0.115246
0.842657 0.0710469 0.0105304 0.0757653
0.677216 0.295001 0.00937431 0.018409
0.698448 0.159368 0.125474 0.0167096
0.129056 0.703548 0.0683988 0.0989965
0.05641 0.765072 0.124389 0.0541297
0.227013 0.521666 0.241414 0.00990688
0.501173 0.370474 9.9991E-05 0.128253
0.215144 0.652659 0.0861102 0.0460871
0.159257 0.621823 0.0965733 0.122347
0.322061 0.490201 0.0431167 0.144621
0.5368 0.117972 0.112727 0.232501
0.154629 0.666689 0.0666104 0.112072
0.263911 0.549928 0.0930509 0.0931099
0.711527 0.175436 9.9991E-05 0.112937
0.232206 0.706285 9.9991E-05 0.0614085
0.0924682 0.68917 0.110091 0.108271
0.0930232 0.674202 0.0745915 0.158184
0.454399 0.384892 0.0678582 0.0928517
0.229855 0.65137 0.0324523 0.0863225
0.149433 0.660344 0.0784447 0.111779
0.547071 0.374414 9.9991E-05 0.078415
0.22614 0.77366 9.9982E-05 9.9982E-05
0.463924 0.535876 9.9982E-05 9.9982E-05
0.121501 0.664644 0.116127 0.0977282
0.696266 0.303534 9.9982E-05 9.9982E-05
0.696643 0.303157 9.9982E-05 9.9982E-05
0.40674 0.59306 9.9982E-05 9.9982E-05
0.321031 0.678769 9.9982E-05 9.9982E-05
0.0727053 0.645489 0.119096 0.16271
0.258696 0.699183 0.0420209 9.9991E-05
0.506353 0.447657 9.9991E-05 0.0458904
0.442151 0.47988 9.9991E-05 0.0778685
0.183611 0.60447 0.155536 0.0563833
0.381749 0.605942 9.9991E-05 0.0122097
0.259974 0.698603 9.9991E-05 0.0413232
0.308432 0.691368 9.9982E-05 9.9982E-05
0.727646 0.271681 0.000573196 9.9991E-05
0.081399 0.746446 0.0767575 0.0953977
9.9991E-05 0.138694 0.0276903 0.833515
9.9982E-05 0.0856848 9.9982E-05 0.914115
9.9991E-05 0.0715552 0.0231164 0.905228
9.9991E-05 0.018374 0.0433162 0.93821
9.9991E-05 0.0825416 0.019815 0.897543
9.9991E-05 0.0463424 0.0524713 0.901086
9.9991E-05 0.01116 0.04968 0.93906
0.164922 0.690606 9.9991E-05 0.144372
0.0462123 0.704655 0.173382 0.07575
0.637811 0.361989 9.9982E-05 9.9982E-05
0.0450606 0.672799 0.0755753 0.206566
0.242538 0.7157 9.9991E-05 0.0416626
0.135155 0.778776 0.0283043 0.0577638
0.191313 0.767559 0.0161023 0.0250263
0.157058 0.755766 0.0523254 0.0348509
0.726667 0.228169 9.9991E-05 0.045064
0.138662 0.539441 0.0932917 0.228605
0.0164778 0.868477 0.00323429 0.111811
0.0209907 0.75385 0.0365147 0.188645
0.470202 0.512739 0.0097011 0.00735739
0.215748 0.758133 0.0260188 9.9991E-05
0.277718 0.678368 9.9991E-05 0.0438136
0.301847 0.646367 0.0516861 9.9991E-05
0.249674 0.687462 9.9991E-05 0.0627641
0.044115 0.760236 0.039514 0.156135
0.579817 0.245493 0.112599 0.0620905
0.276905 0.494933 0.0654284 0.162734
0.0204766 0.745134 0.0346724 0.199717
0.0855133 0.602601 0.150951 0.160935
0.26774 0.640876 9.9991E-05 0.0912834
0.206427 0.662482 0.0893474 0.0417439
0.266327 0.635902 9.9991E-05 0.0976711
0.119215 0.694205 0.0260177 0.160563
0.184444 0.528296 0.213567 0.073693
0.200271 0.767229 9.9991E-05 0.0323999
0.312194 0.661433 9.9991E-05 0.0262729
0.170808 0.640814 0.116325 0.0720522
0.109401 0.659428 0.0835851 0.147586
0.223891 0.677838 0.0981714 9.9991E-05
0.0848665 0.667228 0.120457 0.127448
0.191908 0.672761 0.114883 0.020448
0.314327 0.450884 0.037891 0.196899
0.159341 0.638121 0.153709 0.0488292
0.0674131 0.714719 0.14458 0.0732881
0.510812 0.376339 0.0237533 0.0890954
0.632951 0.195846 0.111561 0.0596417
0.220053 0.568598 0.101408 0.10994
0.774632 0.0924401 0.132828 9.9991E-05
0.531596 0.381741 0.0200384 0.0666245
0.295779 0.656825 9.9991E-05 0.047297
0.463056 0.444046 9.9991E-05 0.0927977
0.569903 0.358064 0.0719322 9.9991E-05
0.183957 0.634821 0.160562 0.0206594
0.128842 0.664328 0.0770488 0.129781
0.198205 0.586956 0.0938495 0.120989
0.625717 0.262814 0.0825835 0.0288854
0.135817 0.617756 0.0083217 0.238105
0.286941 0.526794 0.103325 0.0829394
0.666423 0.105206 0.0198714 0.2085
0.0986816 0.696117 0.144795 0.0604067
0.351535 0.434475 0.1165 0.09749
0.253092 0.485609 0.152929 0.108371
0.492615 0.307656 0.0909095 0.10882
0.516526 0.352283 9.9991E-05 0.131091
0.307421 0.594515 9.9991E-05 0.0979645
0.208594 0.560036 0.0420753 0.189294
0.275179 0.415001 0.203912 0.105908
0.585128 0.112902 0.217266 0.0847041
0.180953 0.669323 0.0979512 0.051773
0.44254 0.55726 9.9982E-05 9.9982E-05
0.339019 0.621951 0.0389296 9.9991E-05
0.172023 0.575488 0.0986928 0.153796
0.218133 0.144097 0.350158 0.287613
0.207052 9.9991E-05 0.220095 0.572753
0.304639 9.9991E-05 0.213731 0.481531
0.16037 0.0175037 0.420446 0.401681
0.175317 0.753518 0.0710655 9.9991E-05
0.154273 0.672969 0.0400503 0.132708
9.9982E-05 0.243017 0.756783 9.9982E-05
0.0739237 0.460573 0.426196 0.0393068
0.0299192 0.389158 0.429754 0.151169
0.451036 0.452173 0.0966908 9.9991E-05
0.314537 0.44854 0.188587 0.0483354
0.610764 0.247316 0.14182 9.9991E-05
0.185697 0.675106 0.104175 0.0350217
0.35081 0.558157 0.0324354 0.0585982
0.179413 0.670334 0.0978147 0.0524378
0.634302 0.272424 0.0931738 9.9991E-05
0.0703915 0.711049 0.160988 0.0575713
0.230277 0.546843 0.22278 9.9991E-05
0.000631266 9.9982E-05 0.999169 9.9982E-05
9.9982E-05 0.0390471 0.960753 9.9982E-05
0.0691061 0.296522 0.594024 0.0403474
9.9982E-05 0.287298 0.712502 9.9982E-05
9.9991E-05 0.160795 0.811605 0.0275002
9.998E-05 9.998E-05 0.9997 9.998E-05
0.0143734 9.9982E-05 0.985427 9.9982E-05
9.9982E-05 0.119473 0.880327 9.9982E-05
9.998E-05 9.998E-05 0.9997 9.998E-05
9.998E-05 9.998E-05 0.9997 9.998E-05
9.9982E-05 9.9982E-05 0.991886 0.00791387
9.9991E-05 0.229376 0.766845 0.00367875
9.9991E-05 0.12359 0.798033 0.0782763
0.0131371 9.9982E-05 0.986663 9.9982E-05
0.138473 0.454727 0.367795 0.0390051
9.9991E-05 0.251936 0.718132 0.0298321
9.9991E-05 0.139315 0.8219 0.0386846
9.9991E-05 0.0560913 0.911979 0.0318298
9.9982E-05 0.00593917 0.993861 9.9982E-05
0.00618307 0.0154094 0.94013 0.0382775
9.998E-05 9.998E-05 0.9997 9.998E-05
9.9991E-05 0.268451 0.660659 0.0707895
9.9982E-05 0.1368 0.863 9.9982E-05
0.511979 9.9991E-05 0.111917 0.376003
0.268381 0.368875 0.162672 0.200073
0.188887 0.373769 0.151278 0.286067
0.373784 0.18251 0.223288 0.220418
0.158588 0.507149 0.169859 0.164405
0.294923 0.207832 0.211649 0.285596
0.145792 0.481352 0.142578 0.230278
0.245877 0.288187 0.350085 0.115852
0.18938 0.416654 0.249521 0.144445
0.206844 0.340795 0.313908 0.138453
0.177293 0.415718 0.207485 0.199504
0.114016 0.0141555 9.9991E-05 0.871728
0.0199118 9.9991E-05 0.067362 0.912626
9.998E-05 9.998E-05 9.998E-05 0.9997
0.0274558 9.9982E-05 9.9982E-05 0.972344
0.00992473 0.020599 0.0186796 0.950797
9.9982E-05 9.9982E-05 0.090138 0.909662
9.9991E-05 0.0118083 0.0936901 0.894402
0.0675751 9.9991E-05 0.0208719 0.911453
0.00408147 0.0793447 9.9991E-05 0.916474
0.0163803 9.9991E-05 0.10401 0.87951
0.335937 9.9982E-05 9.9982E-05 0.663863
0.320148 0.00726058 0.0287713 0.64382
0.40874 9.9982E-05 9.9982E-05 0.59106
0.43127 0.0125958 9.9991E-05 0.556035
0.229764 0.700008 0.0322481 0.0379802
0.277787 0.658649 9.9991E-05 0.0634631
0.163999 0.702174 0.0220713 0.111756
0.29696 0.598733 9.9991E-05 0.104206
0.60671 0.341962 9.9991E-05 0.0512279
0.0840892 0.771916 0.0665406 0.0774539
0.198943 0.766182 0.0347746 9.9991E-05
0.255242 0.744558 9.9982E-05 9.9982E-05
0.3893 0.562967 0.0476336 9.9991E-05
0.181003 0.707004 0.0790167 0.032976
0.342025 0.65656 0.00131527 9.9991E-05
0.82121 0.172216 0.0064739 9.9991E-05
0.177796 0.728651 0.00364902 0.0899042
0.473251 0.510051 0.0151217 0.00157637
0.257345 0.695764 0.0467911 9.9991E-05
0.568246 0.385696 9.9991E-05 0.0459579
0.714815 0.0611278 9.9991E-05 0.223958
0.655542 0.0952895 9.9991E-05 0.249068
0.723018 0.0695974 9.9991E-05 0.207285
0.735486 0.0249198 9.9991E-05 0.239495
0.692423 0.157226 9.9991E-05 0.150251
0.603251 0.143781 0.0262788 0.226688
9.9991E-05 0.0663831 0.0454048 0.888112
9.9991E-05 0.108659 0.0171017 0.874139
9.9991E-05 0.0656766 0.145021 0.789203
9.9991E-05 0.0587016 0.121227 0.819971
0.00872926 0.0984512 0.0808561 0.811963
0.483325 9.9982E-05 9.9982E-05 0.516475
0.470957 9.9982E-05 9.9982E-05 0.528843
0.44488 0.0081517 9.9991E-05 0.546868
9.9991E-05 0.103934 0.0342187 0.861747
0.514521 0.0253007 9.9991E-05 0.460078
0.0668098 0.256638 0.446029 0.230523
9.9991E-05 0.574862 0.206941 0.218097
9.9991E-05 0.512301 0.296044 0.191555
0.0561427 0.3601 0.311698 0.27206
0.0573373 0.557394 0.177762 0.207506
0.169618 9.9991E-05 0.335536 0.494746
0.276267 0.616694 0.0116034 0.0954361
0.488368 0.416961 0.0856009 0.00907017
0.387027 0.457883 9.9991E-05 0.15499
0.356519 0.615577 0.0278034 9.9991E-05
0.995621 9.9982E-05 0.0041792 9.9982E-05
0.132946 0.715082 0.0310725 0.120899
0.276607 0.619939 0.0142397 0.0892143
0.409469 0.493855 9.9991E-05 0.0965766
0.106877 0.608819 0.10246 0.181845
0.695936 0.235596 0.0427719 0.0256957
0.342051 0.600768 0.0570809 9.9991E-05
0.263379 0.618793 0.0335307 0.0842979
0.178744 0.436363 0.205218 0.179675
0.496161 0.410072 0.0936673 9.9991E-05
0.335669 0.562972 0.101259 9.9991E-05
0.223666 0.591494 0.142339 0.0425017
0.248194 0.685866 0.0480505 0.0178891
0.0586781 0.765145 0.103789 0.0723887
0.149743 0.658765 0.0750231 0.116469
0.108469 0.717691 0.0815433 0.0922975
9.9991E-05 0.110721 0.0963391 0.79284
9.9991E-05 0.0812425 0.0657099 0.852948
0.0853467 0.0371803 0.0196372 0.857836
0.062459 0.0695258 0.00903706 0.858978
9.9991E-05 0.0798422 0.0561755 0.863882
0.568506 0.255223 0.075531 0.10074
0.272238 0.519217 0.134669 0.0738767
0.0549545 0.505614 0.190331 0.2491
0.151845 0.704932 0.143123 9.9991E-05
0.264902 0.578788 0.0525865 0.103723
0.554578 0.28332 0.11528 0.0468225
0.676559 0.0834212 9.9991E-05 0.23992
0.238934 0.648408 0.0654689 0.0471889
0.534074 0.285406 0.0268434 0.153676
0.314664 0.525202 0.137504 0.0226297
0.539068 0.255906 9.9991E-05 0.204926
0.0563879 0.742333 0.0611578 0.140121
0.530838 0.322799 0.0371521 0.109211
0.421209 0.431665 0.127839 0.0192868
0.315092 0.467501 0.188503 0.0289049
0.539006 0.368359 0.074029 0.0186059
0.12522 0.733411 0.0197516 0.121617
0.0813776 0.709335 0.0275494 0.181738
0.421781 0.478251 0.0327164 0.0672511
0.155377 0.670663 0.00081111 0.173149
0.209544 0.723135 9.9991E-05 0.067221
0.73936 0.26044 9.9982E-05 9.9982E-05
0.541797 0.425602 0.0307354 0.00186589
0.290881 0.636153 0.0276369 0.0453284
0.62821 0.333162 0.00964055 0.0289873
0.325295 0.624812 9.9991E-05 0.0497934
0.579558 0.299719 0.0397655 0.0809575
0.577492 0.350573 0.0718351 9.9991E-05
0.344869 0.470906 0.0822423 0.101983
0.102425 0.69672 0.134051 0.0668035
0.521932 0.424359 9.9991E-05 0.0536088
0.256638 0.501027 0.116355 0.125981
0.0763737 0.678467 0.149092 0.0960668
0.28644 0.583612 0.0801247 0.0498232
0.257136 0.595481 0.0885246 0.0588584
0.286311 0.555076 0.0788817 0.0797308
0.454249 0.372927 0.10696 0.0658641
0.388004 0.460701 0.146042 0.00525383
0.203333 0.703713 0.0807034 0.0122508
0.128843 0.670491 0.126727 0.0739392
0.365242 0.522641 0.0622656 0.0498509
0.272068 0.487285 0.222052 0.0185954
0.351219 0.378743 0.0935277 0.17651
0.121972 0.738271 0.0575767 0.0821803
0.239467 0.566628 0.153964 0.0399408
0.19203 0.521279 0.138222 0.148469
9.9991E-05 0.466521 0.161581 0.371798
0.0938893 0.476851 0.308721 0.120538
0.110104 0.530258 0.191333 0.168306
0.140159 0.619495 0.202317 0.0380293
0.0565712 0.459961 0.292099 0.191369
0.348663 0.58027 0.0709675 9.9991E-05
0.069724 0.561703 0.207116 0.161457
0.496534 9.9991E-05 0.255756 0.247611
0.0692771 0.555469 0.210903 0.164351
0.159173 0.484271 0.245068 0.111488
0.142863 0.488612 0.329337 0.0391871
0.272115 0.300191 0.229584 0.19811
0.0698289 0.517427 0.202972 0.209772
0.0110322 0.595961 0.232419 0.160588
0.229551 9.9991E-05 0.262759 0.50759
9.9991E-05 0.473736 0.271746 0.254418
0.00702746 0.512178 0.346423 0.134371
0.0225602 0.666285 0.174276 0.136879
9.9991E-05 0.610224 0.221202 0.168474
9.9991E-05 0.549048 0.216779 0.234073
0.283991 0.651205 0.0216996 0.0431045
0.223327 0.543221 0.157724 0.0757278
0.771191 0.204204 0.0245059 9.9991E-05
0.782066 0.167264 0.0505697 9.9991E-05
0.20004 0.528703 0.189117 0.0821398
0.1164 0.404761 0.402611 0.0762274
0.068099 0.34769 0.412841 0.17137
0.255711 0.102701 0.420854 0.220734
0.0653335 0.433292 0.293217 0.208158
0.646421 0.0915068 0.218743 0.0433289
0.48441 0.226075 0.194537 0.0949776
0.231658 0.565853 0.200271 0.00221934
0.206551 0.55434 0.139067 0.100041
0.481059 0.234945 0.244657 0.0393385
0.181638 0.559646 0.186496 0.0722207
0.144282 0.705194 0.12478 0.0257439
0.220339 0.478304 0.17939 0.121968
0.484369 0.515432 9.9982E-05 9.9982E-05
0.487083 0.435534 0.0772831 9.9991E-05
0.219381 0.630899 0.119099 0.0306212
0.29974 0.583823 0.0673158 0.049121
0.297419 0.467665 0.221971 0.0129456
0.336664 0.576644 0.0865924 9.9991E-05
0.61609 0.343069 0.0407404 9.9991E-05
0.186682 0.678194 0.0907433 0.0443804
0.579832 0.338531 0.0815376 9.9991E-05
0.381704 0.520306 0.0978894 9.9991E-05
0.229535 0.614354 0.118695 0.0374147
0.175332 0.75964 0.0649276 9.9991E-05
0.068344 0.439162 0.343556 0.148938
0.175659 0.492142 0.172285 0.159913
0.106239 0.365513 0.379799 0.148449
0.163251 0.357525 0.302785 0.17644
0.112832 0.552311 0.165189 0.169667
0.148265 0.400382 0.218347 0.233006
0.534143 9.9991E-05 0.267921 0.197836
0.0433706 0.545119 0.362497 0.0490134
0.383922 9.9991E-05 0.244384 0.371594
0.106654 0.544597 0.251954 0.0967941
0.672246 0.327554 9.9982E-05 9.9982E-05
0.868192 0.111319 0.0203884 9.9991E-05
0.256896 0.674974 0.0680305 9.9991E-05
0.129459 0.717136 0.103571 0.0498333
0.402727 0.535004 0.0621691 9.9991E-05
0.295236 0.62316 0.0763872 0.00521727
0.297499 0.621932 0.0804695 9.9991E-05
0.0507824 0.0958286 0.0400939 0.813295
0.144977 9.9991E-05 0.106832 0.748091
9.9982E-05 9.9982E-05 0.0648555 0.934945
9.9982E-05 0.0126145 9.9982E-05 0.987186
0.258526 0.697695 0.00806658 0.0357121
0.178619 0.652241 0.0642361 0.104904
0.210568 0.738493 9.9991E-05 0.0508391
0.0702 0.785982 0.0589109 0.084907
0.236492 0.571094 0.130146 0.0622688
0.514924 0.433413 9.9991E-05 0.0515629
0.108489 0.873255 0.00457702 0.0136792
0.399228 0.600572 9.9982E-05 9.9982E-05
0.0113839 0.482818 0.192811 0.312986
0.321422 0.619795 0.0586834 9.9991E-05
0.333751 0.655989 9.9991E-05 0.01016
0.205408 0.760609 0.00798376 0.0259989
0.302407 0.652393 0.0239738 0.0212262
0.198944 0.751426 0.0495302 9.9991E-05
0.172886 0.786611 0.0150559 0.0254464
0.570127 0.429673 9.9982E-05 9.9982E-05
0.441746 0.558054 9.9982E-05 9.9982E-05
0.365999 0.633801 9.9982E-05 9.9982E-05
0.771893 0.227907 9.9982E-05 9.9982E-05
0.308557 0.610351 0.014442 0.0666506
0.631684 0.368116 9.9982E-05 9.9982E-05
0.809377 0.190423 9.9982E-05 9.9982E-05
0.161174 0.708635 0.075743 0.0544478
0.442855 0.541409 9.9991E-05 0.0156359
0.302106 0.632642 0.0651515 9.9991E-05
0.106244 0.67931 0.102924 0.111522
0.284853 0.706684 0.00836234 9.9991E-05
0.469651 0.411355 0.118894 9.9991E-05
0.15294 0.808909 9.9991E-05 0.0380512
0.252258 0.674282 9.9991E-05 0.0733594
0.338712 0.661088 9.9982E-05 9.9982E-05
0.0964974 0.747751 0.0348514 0.1209
0.290021 0.0201196 9.9991E-05 0.68976
0.147316 0.0564101 9.9991E-05 0.796174
0.148835 9.9982E-05 9.9982E-05 0.850965
0.137083 9.9982E-05 9.9982E-05 0.862717
0.138949 0.041224 9.9991E-05 0.819727
0.507904 0.456802 9.9991E-05 0.035194
0.555396 0.439714 9.9991E-05 0.00479082
0.533311 0.466489 9.9982E-05 9.9982E-05
0.110799 0.67429 0.108936 0.105975
0.148108 0.65834 0.0643674 0.129185
0.341345 0.568486 9.9991E-05 0.0900688
0.174699 0.665427 0.159775 9.9991E-05
0.287204 0.599996 0.0540746 0.0587252
0.163272 0.771855 0.0647728 9.9991E-05
0.136318 0.767281 0.067866 0.0285344
0.467519 0.532281 9.9982E-05 9.9982E-05
0.304754 0.693969 9.9991E-05 0.00117718
0.347142 0.652658 9.9982E-05 9.9982E-05
0.190718 0.61023 0.0585194 0.140533
0.305317 0.694204 9.9991E-05 0.000379217
0.200922 0.74294 9.9991E-05 0.0560376
0.0861374 0.400277 0.462426 0.0511602
0.0167307 0.393923 0.469728 0.119618
9.9991E-05 0.370635 0.541703 0.0875616
9.9991E-05 0.280276 0.580396 0.139227
0.0668602 0.453338 0.398222 0.0815799
0.30334 0.555748 0.0988495 0.0420632
0.0269496 0.0165772 0.748249 0.208224
0.0184947 0.304635 0.516248 0.160623
0.13747 0.506386 0.198718 0.157427
0.111971 0.665684 0.0557606 0.166584
0.251389 0.579287 9.9991E-05 0.169224
0.172728 0.614515 0.103614 0.109143
0.117586 0.701959 0.0624741 0.117981
9.9991E-05 0.24796 0.555586 0.196354
9.9991E-05 0.484419 0.359525 0.155956
9.9991E-05 0.350465 0.576243 0.0731917
9.9991E-05 0.547776 0.306141 0.145983
0.00963717 0.304081 0.546498 0.139784
0.143316 0.329148 0.433853 0.0936827
0.031289 0.226135 0.619179 0.123397
0.110751 0.350523 0.398731 0.139996
0.222364 0.663525 0.0626921 0.0514186
0.0784933 0.379223 0.365805 0.176479
9.9991E-05 0.173046 0.656769 0.170085
0.0466802 0.375207 0.343205 0.234907
0.411467 0.370331 9.9991E-05 0.218102
0.220286 0.534144 0.244053 0.00151665
0.114439 0.421193 0.391082 0.073285
0.0873615 0.713337 0.0771209 0.122181
0.176828 0.576573 0.0671739 0.179425
0.119562 0.457482 0.234858 0.188098
0.0811073 0.319259 0.410946 0.188687
0.077127 0.62502 0.25439 0.0434631
9.9991E-05 0.418339 0.442621 0.13894
9.9991E-05 0.367269 0.55143 0.0812009
0.0140262 0.163046 0.634659 0.188269
0.109879 0.587043 0.20538 0.0976985
0.242083 0.602681 9.9991E-05 0.155136
0.559239 0.172684 0.157314 0.110763
0.125128 0.664873 0.0967596 0.113239
0.326169 0.452804 0.106466 0.114561
0.0901808 0.467691 0.196633 0.245495
0.173057 0.557562 0.0994472 0.169933
0.390507 9.9991E-05 0.288718 0.320676
0.40792 9.9991E-05 0.237086 0.354893
0.306076 0.334431 0.202172 0.15732
0.362801 9.9991E-05 0.297605 0.339494
0.230165 9.9991E-05 0.293333 0.476402
0.18664 0.432775 0.240686 0.139899
0.177816 0.339021 0.208208 0.274956
0.300409 0.159665 0.246836 0.293089
0.380548 0.0754569 0.22291 0.321085
0.114311 0.571508 0.191708 0.122472
0.39327 0.123491 0.227671 0.255568
0.328253 9.9991E-05 0.172137 0.49951
0.104184 0.445539 0.19993 0.250347
0.159244 0.346971 0.302158 0.191626
9.9991E-05 0.460762 0.202845 0.336293
9.9991E-05 0.513644 0.343197 0.143059
0.0498863 0.561367 0.226498 0.162249
0.027402 0.517622 0.313111 0.141866
9.9991E-05 0.376098 0.22204 0.401762
0.00709209 0.509523 0.289513 0.193872
9.9991E-05 0.460967 0.313237 0.225696
0.148072 0.291863 0.344232 0.215834
0.231609 0.427472 0.118103 0.222817
0.0734346 0.602503 0.11368 0.210382
0.00865367 0.690335 0.140433 0.160578
0.0416424 0.575088 0.209196 0.174073
9.9991E-05 0.329645 0.336085 0.33417
0.0307028 0.478783 0.325842 0.164673
0.163897 0.128842 0.2855 0.421761
9.9991E-05 0.607031 0.187261 0.205608
0.122341 0.220131 0.382942 0.274586
0.165566 0.0120869 9.9991E-05 0.822247
0.623712 0.182133 9.9991E-05 0.194055
0.820467 0.031507 9.9991E-05 0.147926
0.727098 0.0662872 9.9991E-05 0.206515
0.648255 0.199784 9.9991E-05 0.151862
0.634253 0.184692 9.9991E-05 0.180955
0.665234 0.224244 9.9991E-05 0.110423
0.739394 0.048576 9.9991E-05 0.21193
0.558365 0.102258 9.9991E-05 0.339276
9.9991E-05 0.0386733 0.0299217 0.931305
0.0927898 0.0690991 9.9991E-05 0.838011
0.00361306 0.0323967 0.042392 0.921598
0.100508 0.0215667 9.9991E-05 0.877826
9.9982E-05 9.9982E-05 0.0474129 0.952387
0.0351132 0.00471482 0.000209557 0.959962
0.0391522 0.00859824 0.173179 0.779071
9.9991E-05 0.0495241 0.0397451 0.910631
0.0443899 0.121727 0.0234654 0.810418
9.9982E-05 9.9982E-05 0.0756576 0.924142
0.019311 9.9982E-05 9.9982E-05 0.980489
0.104852 0.0120256 0.0527803 0.830342
9.9982E-05 9.9982E-05 0.016741 0.983059
9.9991E-05 0.0115829 0.0410142 0.947303
9.9991E-05 0.0799578 0.00255419 0.917388
9.9991E-05 0.0445889 0.0811039 0.874207
9.9991E-05 0.068259 0.130704 0.800937
9.9991E-05 0.110448 0.0647614 0.82469
9.9991E-05 0.121197 0.0140436 0.86466
0.323076 0.442952 0.0758994 0.158072
0.0180905 0.846883 0.00237637 0.13265
0.0469557 0.673559 0.117892 0.161593
0.61627 0.145762 0.14526 0.0927079
0.129937 0.676901 0.0319384 0.161224
0.523061 0.174201 0.104512 0.198226
0.0545036 0.80149 9.9991E-05 0.143906
0.305774 0.565907 9.9991E-05 0.128219
0.147942 0.664247 0.0459695 0.141842
0.175928 0.691124 0.0890227 0.0439255
0.20635 0.614507 9.9991E-05 0.179043
0.0966002 0.754845 0.0198345 0.128721
0.182845 0.66499 0.0501199 0.102045
0.757949 0.130388 0.0851722 0.0264912
0.835366 9.9991E-05 0.100797 0.0637372
0.612416 0.181018 0.0975875 0.108978
0.0429606 0.722958 0.0854506 0.148631
0.238474 0.532466 0.0765449 0.152515
0.184832 0.635493 0.0100327 0.169642
0.0485725 0.797256 0.114184 0.0399877
0.067991 0.509728 0.238034 0.184247
9.9991E-05 0.61394 0.241819 0.144142
0.261942 0.120817 0.201896 0.415345
0.12145 0.670774 0.0723826 0.135393
0.142867 0.420199 0.197203 0.239732
0.320114 9.9991E-05 0.252346 0.427439
0.0583168 0.41271 0.238715 0.290258
0.105859 0.335567 0.191541 0.367034
9.9991E-05 0.523114 0.0890681 0.387718
0.105182 0.501725 0.240146 0.152947
0.00872347 0.572128 0.239869 0.17928
9.9991E-05 0.627636 0.206598 0.165666
0.158297 0.440295 0.18377 0.217639
9.9991E-05 0.342841 0.13829 0.518769
