0.928739 0.0476366 0.0235248 9.9991E-05
0.971109 9.9982E-05 0.0286914 9.9982E-05
0.881744 9.9982E-05 9.9982E-05 0.118056
0.861173 0.0762841 0.0326064 0.0299361
0.882687 0.0805896 0.00587106 0.0308521
0.648043 0.116025 0.187578 0.0483538
0.883946 9.9991E-05 0.0924223 0.0235315
0.793109 0.0416832 0.165108 9.9991E-05
0.86204 9.9982E-05 0.13776 9.9982E-05
0.72076 0.123093 0.0234023 0.132745
0.821078 9.9991E-05 0.10727 0.0715521
0.0536451 0.102588 0.486022 0.357746
0.0997437 0.0888761 0.179026 0.632354
0.13476 0.0855952 0.434794 0.344851
0.111482 0.203832 0.311709 0.372978
0.173306 0.101242 0.159493 0.565959
0.101967 0.188218 0.160132 0.549682
0.0180442 0.099138 0.269364 0.613453
0.160552 0.107733 0.257651 0.474063
0.0982577 0.056319 0.690537 0.154887
0.0437069 0.101375 0.27537 0.579548
0.0448143 0.0908229 0.254223 0.610139
0.0966723 0.0468259 0.153671 0.70283
0.0332587 0.158093 0.433344 0.375304
0.169486 0.171739 0.0445825 0.614192
0.110074 0.172232 0.128092 0.589602
0.115076 0.0797598 0.498552 0.306612
0.0975741 0.206245 0.402808 0.293373
0.043151 0.0408036 0.576513 0.339533
0.845382 0.134863 9.9991E-05 0.0196553
0.849938 0.0729186 9.9991E-05 0.0770431
0.821798 0.121356 0.00613685 0.0507098
0.788653 0.0957247 9.9991E-05 0.115522
0.0629076 0.0374758 0.22972 0.669897
0.132763 0.0934551 0.130055 0.643727
0.0753561 0.018412 0.0946715 0.81156
0.169026 9.9991E-05 0.514221 0.316652
0.0233307 0.0600814 0.369009 0.547579
0.158535 0.001551 0.147719 0.692195
0.0453641 0.104215 9.9991E-05 0.850321
0.137921 0.00803977 0.0981633 0.755876
0.186862 9.9991E-05 0.0494039 0.763634
0.0374536 9.9991E-05 0.51347 0.448977
0.0275354 0.140966 0.153123 0.678376
0.0580461 0.090711 0.126172 0.725071
0.115503 0.140154 0.126939 0.617404
9.9982E-05 9.9982E-05 0.364866 0.634934
0.00249587 0.032068 0.114035 0.851401
0.0842598 0.103919 0.0333237 0.778498
0.11363 9.9991E-05 0.795126 0.0911438
0.0311484 9.9991E-05 0.630685 0.338066
0.0343286 0.0964731 0.698197 0.171001
0.151993 0.0609175 0.0953389 0.691751
0.128115 0.107734 0.091042 0.673109
0.0488469 0.178502 0.126043 0.646608
0.155968 9.9991E-05 0.495984 0.347948
0.113625 0.0214841 0.169001 0.69589
0.0640958 0.240905 0.155802 0.539197
0.193143 9.9991E-05 0.295648 0.511109
0.248382 0.0615064 0.509561 0.18055
0.173867 0.0225319 0.0633583 0.740243
0.10386 0.101879 0.293512 0.500749
0.0756142 9.9991E-05 0.726635 0.197651
0.0326959 0.0577079 0.317825 0.591771
0.053733 0.116759 0.146852 0.682656
0.107862 0.132755 0.108266 0.651117
0.136712 0.0550389 0.39066 0.417589
9.9991E-05 0.0786955 0.338547 0.582658
0.112631 0.151934 0.132248 0.603188
0.131495 9.9991E-05 0.50691 0.361495
9.9982E-05 9.9982E-05 0.192974 0.806826
0.00374702 9.9991E-05 0.477541 0.518612
0.108373 0.130249 0.241243 0.520135
9.9982E-05 9.9982E-05 0.704229 0.295571
9.9982E-05 9.9982E-05 0.680431 0.319369
9.9982E-05 9.9982E-05 0.403967 0.595833
9.9982E-05 9.9982E-05 0.27804 0.72176
0.0787506 0.0805427 0.126786 0.71392
0.0204728 0.0257495 0.266579 0.687199
0.0428239 9.9991E-05 0.472391 0.484685
0.0553291 0.00207312 0.462832 0.479766
0.0747219 0.109977 0.170614 0.644687
0.0365569 9.9991E-05 0.425465 0.537878
0.0846756 9.9991E-05 0.212195 0.703029
9.9982E-05 9.9982E-05 0.367337 0.632463
9.9982E-05 9.9982E-05 0.742205 0.257595
0.0528235 0.0556338 0.0978053 0.793737
0.869197 0.0265588 9.9991E-05 0.104144
0.9241 9.9982E-05 9.9982E-05 0.0757004
0.855038 0.0785544 9.9991E-05 0.0663073
0.948964 0.0157733 9.9991E-05 0.0351632
0.899896 0.0589501 9.9991E-05 0.0410538
0.908211 0.0198397 9.9991E-05 0.0718494
0.943195 9.9982E-05 9.9982E-05 0.0566052
0.190285 0.0450024 0.0929679 0.671745
0.143528 0.117122 0.135781 0.603569
9.9982E-05 9.9982E-05 0.649026 0.350774
0.152408 0.0926545 0.0649012 0.690036
0.0691648 9.9991E-05 0.220669 0.710066
0.104281 9.9991E-05 0.11636 0.779259
0.0713613 0.0603376 0.177523 0.690779
9.9991E-05 0.130618 0.162631 0.706651
0.05805 9.9991E-05 0.697151 0.244699
0.174587 0.10047 0.151792 0.573151
0.0601899 0.0373106 0.0560181 0.846481
0.114445 0.11371 0.0837806 0.688064
9.9991E-05 0.00402876 0.393594 0.602277
9.9991E-05 0.00904823 0.207532 0.78332
9.9991E-05 0.0235382 0.291837 0.684525
9.9991E-05 0.0524919 0.339998 0.60741
0.0904693 9.9991E-05 0.197248 0.712183
0.2049 0.0401478 0.0502211 0.704731
0.0569756 0.128808 0.520378 0.293839
0.156336 0.0529728 0.269978 0.520713
0.113045 0.169511 0.136181 0.581262
0.166827 0.0704557 0.132713 0.630004
0.153854 9.9991E-05 0.190126 0.65592
0.0193415 0.111638 0.165549 0.703471
0.0456373 0.056596 0.296369 0.601398
0.124144 0.0603577 0.255131 0.560367
0.10668 0.0917864 0.184131 0.617403
0.0869071 0.00754563 0.15794 0.747608
0.0359599 9.9991E-05 0.286181 0.677759
0.0783277 0.065169 0.153123 0.70338
0.118852 0.114643 0.027871 0.738634
9.9991E-05 0.13222 0.216346 0.651334
0.0609809 0.173834 0.196895 0.56829
0.0211341 0.205829 0.263185 0.509852
0.0909709 0.070415 0.372251 0.466363
0.0342588 0.107683 0.127591 0.730467
0.00952086 0.159415 0.0402663 0.790798
0.0589112 0.0887535 0.518813 0.333522
0.133568 0.06922 0.519764 0.277447
0.0839354 0.0843903 0.218911 0.612764
9.9991E-05 0.159207 0.689659 0.151034
0.119019 9.9991E-05 0.468873 0.412009
0.0501267 0.00663068 0.376826 0.566416
0.110326 9.9991E-05 0.404851 0.484723
0.0261509 0.066559 0.556297 0.350993
0.087117 0.0700095 0.113195 0.729678
0.12441 0.127987 0.030773 0.71683
0.102484 0.081376 0.151354 0.664786
9.9991E-05 0.128535 0.620145 0.25122
0.177015 9.9991E-05 0.197659 0.625227
0.0596777 0.133672 0.22885 0.5778
0.165039 0.0211928 0.661466 0.152302
0.10198 0.135813 0.122127 0.64008
0.0704823 0.0910574 0.368029 0.470432
0.115046 0.156665 0.154282 0.574006
0.125623 0.109378 0.41838 0.346619
0.120964 9.9991E-05 0.510208 0.368728
0.081078 0.0240144 0.290246 0.604662
0.164681 0.198315 0.14051 0.496494
0.178106 0.0555337 0.19932 0.56704
0.0737412 0.20179 0.614544 0.109925
0.0841818 0.157713 0.250687 0.507418
9.9982E-05 9.9982E-05 0.396009 0.603791
9.9991E-05 0.0530209 0.297252 0.649627
0.189187 0.0340647 0.069978 0.706771
0.36048 0.311344 0.111169 0.217008
0.582468 0.21944 0.197992 9.9991E-05
0.502929 0.203505 0.293466 9.9991E-05
0.383902 0.388408 0.140152 0.0875375
0.0230107 0.0616413 0.11229 0.803058
0.10001 0.128075 0.0940879 0.677828
9.9982E-05 0.725255 9.9982E-05 0.274545
0.0316627 0.55174 0.0879442 0.328653
0.049106 0.531618 0.177827 0.241449
0.0360645 0.0723804 0.465594 0.425961
0.0634394 0.154649 0.190423 0.591489
9.9991E-05 0.0892167 0.565222 0.345462
0.0726612 0.0560959 0.163925 0.707318
0.0452939 0.0566059 0.339837 0.558264
0.128053 0.0711936 0.132636 0.668117
0.0183412 0.057839 0.581065 0.342755
0.109906 0.0628068 9.9991E-05 0.827187
0.140608 0.125154 0.189064 0.545174
9.9982E-05 0.99865 9.9982E-05 0.00114988
9.9982E-05 0.952183 9.9982E-05 0.0476173
0.0215487 0.649671 0.0708968 0.257883
9.9982E-05 0.738197 9.9982E-05 0.261603
9.9991E-05 0.866407 0.0579664 0.0755269
9.998E-05 0.9997 9.998E-05 9.998E-05
9.9982E-05 0.989288 0.0105123 9.9982E-05
9.9982E-05 0.899911 9.9982E-05 0.0998894
9.9982E-05 0.980022 9.9982E-05 0.0197781
9.998E-05 0.9997 9.998E-05 9.998E-05
9.998E-05 0.9997 9.998E-05 9.998E-05
0.0130075 0.813815 0.0126105 0.160567
0.0380772 0.828716 0.0501205 0.0830859
9.9982E-05 0.979961 0.0198393 9.9982E-05
0.0497681 0.545899 0.138552 0.265781
0.0517438 0.697407 0.0227146 0.228135
0.0498994 0.778412 9.9991E-05 0.171589
0.0070281 0.908651 9.9991E-05 0.0842212
9.9982E-05 0.957432 9.9982E-05 0.042368
0.0570835 0.934813 0.0080038 9.9991E-05
9.998E-05 0.9997 9.998E-05 9.998E-05
0.0203865 0.718765 0.0828185 0.17803
0.0370882 0.934157 0.0286544 9.9991E-05
0.364976 0.157782 0.477143 9.9991E-05
0.266123 0.188262 0.171659 0.373956
0.267951 0.129315 0.163782 0.438952
0.231713 0.201956 0.3352 0.231131
0.180666 0.213454 0.141379 0.464501
0.29022 0.207327 0.300854 0.201599
0.211923 0.191079 0.0834373 0.513561
0.15553 0.274429 0.187942 0.382099
0.163161 0.262941 0.156289 0.417608
0.267442 0.22404 0.0755459 0.432973
0.17926 0.202233 0.179456 0.43905
0.870124 9.9991E-05 0.0778504 0.0519252
0.951282 0.048518 9.9982E-05 9.9982E-05
0.994619 9.9982E-05 0.00518143 9.9982E-05
0.979275 9.9991E-05 0.0126865 0.00793876
0.958045 0.041755 9.9982E-05 9.9982E-05
0.897072 0.102728 9.9982E-05 9.9982E-05
0.910379 0.0781211 9.9991E-05 0.0114001
0.915497 9.9991E-05 0.0394839 0.0449194
0.932042 0.0235601 9.9991E-05 0.0442981
0.875738 0.0896716 9.9991E-05 0.0344908
0.660399 0.0134409 0.32606 9.9991E-05
0.695426 0.00421161 0.27455 0.0258122
0.640011 9.9982E-05 0.359789 9.9982E-05
0.547433 9.9991E-05 0.432375 0.0200928
0.140146 0.0126225 0.206942 0.64029
0.0162777 0.0943682 0.210968 0.678386
0.0405668 0.0424768 0.21932 0.697636
0.052098 0.00536973 0.36198 0.580553
0.0260979 0.0673464 0.645209 0.261347
0.103217 0.0901042 0.0763155 0.730363
9.9991E-05 0.0416029 0.211192 0.747105
0.00947822 9.9991E-05 0.304422 0.686
9.9991E-05 0.0273005 0.363872 0.608728
0.0286432 0.138868 0.115661 0.716828
9.9991E-05 0.0058621 0.347505 0.646533
9.9991E-05 0.0114664 0.817703 0.17073
0.0203515 0.0454923 0.227777 0.706379
0.0253487 0.0504005 0.518925 0.405326
0.000362496 0.10466 0.189197 0.705781
0.0117654 9.9991E-05 0.59703 0.391104
0.255773 9.9991E-05 0.731781 0.0123461
0.250306 9.9991E-05 0.629888 0.119707
0.176282 9.9991E-05 0.797778 0.0258399
0.246849 9.9991E-05 0.702144 0.0509072
0.127153 9.9991E-05 0.760553 0.112194
0.224185 9.9991E-05 0.581887 0.193828
0.888593 0.000682623 9.9991E-05 0.110624
0.86985 0.106567 0.0234823 9.9991E-05
0.788596 0.138503 9.9991E-05 0.0728007
0.7985 0.124641 0.0578978 0.0189619
0.851253 0.112476 0.0141142 0.0221569
0.464843 9.9982E-05 0.534957 9.9982E-05
0.534286 9.9982E-05 0.465514 9.9982E-05
0.51261 9.9991E-05 0.44978 0.0375108
0.855896 0.109732 9.9991E-05 0.0342718
0.48411 9.9982E-05 0.51569 9.9982E-05
0.235371 0.429462 0.0837275 0.251439
0.112288 0.30824 0.0204425 0.55903
0.196755 0.322299 9.9991E-05 0.480845
0.267162 0.306442 0.0572074 0.369188
0.217658 0.201469 0.0128767 0.567996
0.446227 0.406041 0.147632 9.9991E-05
0.0710707 9.9991E-05 0.299404 0.629425
0.0568198 9.9991E-05 0.414277 0.528804
0.164315 0.0215435 0.401652 0.41249
0.0177908 0.025324 0.34707 0.609816
9.9982E-05 0.00809904 0.991701 9.9982E-05
0.127741 0.128891 0.0920243 0.651344
0.068116 0.0244863 0.246296 0.661102
0.0231511 9.9991E-05 0.437486 0.539263
0.12224 0.101543 0.123965 0.652252
0.0283763 0.0586919 0.673276 0.239655
0.00371493 0.186604 0.300853 0.508828
0.0509506 9.9991E-05 0.254456 0.694493
0.114919 0.228831 0.2094 0.446851
9.9991E-05 0.0454275 0.447022 0.507451
0.0356325 0.102563 0.288877 0.572927
9.9991E-05 0.111305 0.27274 0.615855
0.097025 0.00685482 0.219985 0.676135
0.0398709 0.16725 0.110151 0.682728
0.086379 0.0652811 0.0627729 0.785567
0.123567 0.0817017 0.104964 0.689766
0.794884 0.137729 9.9991E-05 0.0672876
0.863853 0.0603696 9.9991E-05 0.0756776
0.832453 0.0161499 0.0868345 0.0645626
0.823819 0.0707619 0.0717386 0.0336802
0.88143 0.0319316 9.9991E-05 0.0865388
0.0759805 0.044102 0.604728 0.27519
0.0956342 0.0741655 0.16802 0.66218
0.267706 0.142511 0.0136013 0.576182
0.0457071 0.131888 0.150372 0.672033
0.102474 0.00471837 0.186591 0.706216
0.0326088 0.138497 0.547426 0.281469
0.228806 9.9991E-05 0.709845 0.0612495
0.0362567 0.0880415 0.285473 0.590229
0.0690233 0.106152 0.599035 0.22579
0.0459622 0.12441 0.275189 0.554439
0.189477 0.0675017 0.553523 0.189499
0.210235 0.0737855 0.0735476 0.642432
0.176074 0.0013079 0.521643 0.300975
0.0484687 0.0712025 0.435035 0.445293
0.106135 0.0905533 0.21871 0.584601
0.0751082 0.0585827 0.457265 0.409044
0.149428 0.0594987 0.126939 0.664134
0.133359 0.0975609 0.150702 0.618378
0.0333983 0.0392945 0.428634 0.498673
0.0990444 0.129685 0.156065 0.615205
0.0848592 9.9991E-05 0.236994 0.678047
9.9982E-05 9.9982E-05 0.731009 0.268791
0.00500376 0.0356294 0.553408 0.405959
0.0684447 0.0206258 0.265568 0.645362
0.0185014 9.9991E-05 0.610155 0.371244
0.0333463 9.9991E-05 0.353058 0.613496
0.0779414 0.056801 0.599705 0.265553
9.9991E-05 0.0540135 0.564733 0.381154
0.0725177 0.076829 0.38662 0.464034
0.0578833 0.134519 0.0513664 0.756231
9.9982E-05 9.9982E-05 0.571019 0.428781
0.110749 0.155417 0.232347 0.501488
0.0479114 0.156807 0.191968 0.603314
0.0673809 0.151233 0.255552 0.525834
0.0436943 0.106568 0.303027 0.54671
0.0787827 0.0737601 0.327158 0.520299
0.00267256 0.110857 0.537639 0.348832
9.9991E-05 0.128711 0.512248 0.35894
9.9991E-05 0.182822 0.147487 0.669591
0.127023 0.0867902 0.130356 0.655831
0.157544 9.9991E-05 0.308317 0.534039
9.9991E-05 0.172789 0.275704 0.551407
0.0680065 0.137995 0.367684 0.426314
0.018946 0.0479917 0.172783 0.760279
0.0457062 0.127842 0.250913 0.575539
0.085949 0.22866 0.254235 0.431156
0.381157 0.144961 9.9991E-05 0.473782
0.115258 0.294986 0.0671422 0.522613
0.10963 0.24848 0.14064 0.50125
0.104828 0.146632 0.0562465 0.692293
0.163454 0.242209 0.0169091 0.577428
9.9991E-05 0.10602 0.365591 0.528289
0.113693 0.228145 0.166361 0.491801
0.285971 0.225689 0.413835 0.0745049
0.0909068 0.300916 0.183266 0.424912
0.17337 0.212644 0.0315879 0.582398
0.0900572 0.248586 0.124131 0.537226
0.237751 0.134416 0.183087 0.444746
0.157217 0.166042 9.9991E-05 0.67664
0.218781 0.254645 9.9991E-05 0.526474
0.54801 0.22683 0.225061 9.9991E-05
0.225661 0.302481 9.9991E-05 0.471758
0.142178 0.246454 9.9991E-05 0.611268
0.150912 0.165623 0.0540888 0.629376
0.219181 0.202623 9.9991E-05 0.578097
0.183459 0.218227 0.0801484 0.518166
0.0686931 0.161969 0.275681 0.493657
0.0665391 0.144574 0.226565 0.562322
9.9991E-05 0.0520103 0.776054 0.171836
9.9991E-05 0.0393484 0.780683 0.179868
0.0980517 0.123809 0.156106 0.622033
0.104009 0.375116 0.0944809 0.426394
0.101631 0.411604 0.0943466 0.392418
0.220739 0.370043 0.294122 0.115096
0.183751 0.340632 0.0821975 0.39342
0.0534993 0.203117 0.589754 0.15363
0.0998065 0.216305 0.466054 0.217835
0.0111895 0.205939 0.179081 0.603791
0.0448055 0.212874 0.251044 0.491276
0.0749516 0.202817 0.487646 0.234585
0.142382 0.130134 0.174767 0.552716
0.0117152 0.212226 0.247434 0.528625
0.183884 0.0872076 0.20047 0.528438
0.0866106 9.9991E-05 0.39655 0.516739
0.0102898 0.167848 0.373595 0.448267
0.0393864 0.16018 0.228199 0.572235
0.0586761 0.0971443 0.385156 0.459024
0.059309 0.17163 0.29733 0.47173
0.00204046 0.11036 0.254863 0.632736
9.9991E-05 0.0318698 0.590239 0.377791
0.0235979 0.139525 0.18042 0.656457
9.9991E-05 0.0697564 0.552951 0.377193
9.9991E-05 0.0863866 0.382889 0.530625
0.086588 0.103689 0.19681 0.612913
9.9991E-05 0.0875749 0.296846 0.615479
0.142968 0.19499 0.167775 0.494267
0.134889 0.259183 0.161427 0.444501
0.190961 0.326362 0.114707 0.36797
0.225906 0.255744 0.169445 0.348905
0.184953 0.18083 0.13462 0.499597
0.165499 0.266761 0.0769452 0.490794
0.128172 0.277699 0.594029 9.9991E-05
0.109729 0.238249 9.9991E-05 0.651922
0.3597 0.242914 0.397286 9.9991E-05
0.0428396 0.32684 0.10216 0.528161
9.9991E-05 0.0316697 0.664675 0.303556
9.9991E-05 0.0587249 0.867459 0.0737158
9.9991E-05 0.0477561 0.299273 0.652871
9.9991E-05 0.11563 0.108286 0.775984
9.9991E-05 0.0729279 0.458291 0.468681
9.9991E-05 0.0719899 0.287095 0.640815
9.9991E-05 0.0446735 0.262016 0.693211
0.832534 0.0925181 0.0748481 9.9991E-05
0.733542 0.146002 0.120356 9.9991E-05
0.914576 0.0852243 9.9982E-05 9.9982E-05
0.983982 9.9982E-05 9.9982E-05 0.0158176
0.100739 9.9991E-05 0.187385 0.711776
0.0996766 0.00798351 0.136574 0.755766
9.9982E-05 9.9982E-05 0.219752 0.780048
0.145393 0.0474939 0.0778648 0.729248
0.0828532 0.0339266 0.140144 0.743076
0.0313861 9.9991E-05 0.509398 0.459116
9.9991E-05 0.0727618 0.155148 0.77199
9.9982E-05 9.9982E-05 0.373196 0.626604
0.324798 0.190285 9.9991E-05 0.484818
9.9991E-05 0.0842325 0.332132 0.583536
0.00769642 9.9991E-05 0.350645 0.641558
0.00722065 9.9991E-05 0.153378 0.839301
0.0435573 0.0209269 0.235205 0.700311
9.9991E-05 0.0365469 0.15693 0.806423
0.0196376 0.0699389 0.109444 0.800979
9.9982E-05 9.9982E-05 0.550694 0.449106
9.9982E-05 9.9982E-05 0.445282 0.554519
0.0430697 9.9991E-05 0.31271 0.644121
9.9991E-05 0.0048463 0.796494 0.198559
0.0580564 9.9991E-05 0.30998 0.631864
9.9991E-05 0.0184382 0.625856 0.355606
0.0166115 0.0065615 0.759018 0.217809
0.0436066 0.0945544 0.179601 0.682238
0.00245268 9.9991E-05 0.490316 0.507132
0.0243627 0.0549667 0.263625 0.657046
0.11372 0.0950772 0.0851124 0.70609
0.0332015 9.9991E-05 0.179068 0.787631
9.9991E-05 0.155805 0.436387 0.407708
0.000318528 0.055758 0.237195 0.706728
0.00596905 0.0979076 0.294078 0.602046
9.9982E-05 9.9982E-05 0.410502 0.589298
0.101943 0.117823 0.141049 0.639185
0.70699 0.0226919 0.263922 0.00639643
0.810233 9.9991E-05 0.0728265 0.11684
0.859272 9.9982E-05 0.140528 9.9982E-05
0.858188 9.9991E-05 0.140325 0.00138723
0.77401 9.9991E-05 0.175131 0.0507594
0.0538178 9.9991E-05 0.523341 0.422741
0.0254888 9.9991E-05 0.558829 0.415582
9.9982E-05 9.9982E-05 0.512746 0.487054
0.1658 0.0842919 0.130139 0.619769
0.121445 0.027199 0.181479 0.669877
0.0411677 9.9991E-05 0.367711 0.591022
9.9991E-05 0.0842344 0.136058 0.779608
0.0282994 0.0388143 0.280235 0.652651
0.0109003 0.026536 0.251679 0.710884
0.0740056 0.0186702 0.0622589 0.845065
9.9991E-05 0.0376133 0.446276 0.516011
9.9982E-05 9.9982E-05 0.337251 0.662549
0.0188077 9.9991E-05 0.35094 0.630152
0.111257 0.0503577 0.110503 0.727883
0.0363932 9.9991E-05 0.241255 0.722252
0.00781022 0.0787436 0.30784 0.605607
9.9991E-05 0.508792 0.0316191 0.459489
0.127478 0.51601 9.9991E-05 0.356412
0.0957705 0.518022 9.9991E-05 0.386107
0.139372 0.5518 0.0171641 0.291664
0.155873 0.346944 0.00870658 0.488477
0.0265088 0.0717303 0.248354 0.653407
0.272448 0.696679 0.0307731 9.9991E-05
0.151512 0.49707 9.9991E-05 0.351318
0.109421 0.301387 0.266127 0.323066
0.158168 0.00590787 0.15487 0.681054
0.154037 0.117135 0.237084 0.491744
0.212221 0.104625 0.0670008 0.616154
0.13164 0.0300329 0.118623 0.719704
0.164066 0.561772 9.9991E-05 0.274062
0.161419 0.35806 0.0106546 0.469867
0.0912111 0.504131 9.9991E-05 0.404558
0.0591333 0.35866 0.147994 0.434213
0.0859841 0.597546 9.9991E-05 0.31637
0.159928 0.36288 0.108136 0.369057
0.141521 0.623922 9.9991E-05 0.234457
0.158133 0.48476 9.9991E-05 0.357007
0.173459 0.0323598 0.0919751 0.702206
0.21194 0.413478 0.049374 0.325208
0.159881 0.669957 9.9991E-05 0.170062
0.153546 0.373561 0.0840057 0.388887
0.222335 9.9991E-05 0.461338 0.316227
9.9991E-05 0.201527 0.169838 0.628535
0.168096 0.315311 0.0983869 0.418206
0.129093 0.123391 0.152015 0.595502
0.202258 0.0389661 0.125902 0.632874
0.201541 0.253294 0.109036 0.436128
0.285474 0.348754 0.00808367 0.357688
0.130806 0.117148 0.110485 0.64156
0.0720521 0.450659 0.0316062 0.445682
0.0441377 0.565254 9.9991E-05 0.390508
0.230628 0.650692 9.9991E-05 0.11858
0.15799 0.0195675 0.0447524 0.77769
0.168777 9.9991E-05 0.143265 0.687858
0.195254 0.0963115 0.469653 0.238781
0.192542 0.126949 0.0447965 0.635712
0.161703 0.0321711 0.277963 0.528163
0.21228 0.210006 0.0454217 0.532292
0.116633 0.146142 0.163562 0.573663
0.368989 0.282072 0.348838 9.9991E-05
0.347459 0.238333 0.414107 9.9991E-05
0.208768 0.180882 0.299766 0.310584
0.368503 0.303447 0.317484 0.010566
0.49013 0.308116 0.201653 9.9991E-05
0.121838 0.249046 0.211165 0.41795
0.245455 0.21097 0.180301 0.363274
0.360413 0.175536 0.17051 0.293541
0.35878 0.265252 0.292908 0.08306
0.116381 0.178685 0.222573 0.48236
0.213044 0.214192 0.379996 0.192768
0.501762 0.181926 0.316212 9.9991E-05
0.104077 0.213283 0.174331 0.508309
0.215021 0.273674 0.0949463 0.416358
0.311506 0.247456 0.0148369 0.426201
0.151573 0.35927 9.9991E-05 0.489057
0.198847 0.275443 9.9991E-05 0.525611
0.133262 0.281748 0.00993475 0.575055
0.436579 0.227517 9.9991E-05 0.335804
0.220002 0.186893 9.9991E-05 0.593004
0.188493 0.351237 9.9991E-05 0.46017
0.29497 0.277925 0.0469335 0.380172
0.169361 0.186031 0.293604 0.351005
0.197592 0.131404 0.102477 0.568528
0.237963 0.105221 0.0106422 0.646174
0.144637 0.138869 0.0204093 0.696085
0.320645 0.292158 9.9991E-05 0.387097
0.176624 0.183644 9.9991E-05 0.639632
0.401392 0.283172 0.122171 0.193265
0.145015 0.304246 9.9991E-05 0.550639
0.330933 0.34251 0.0866985 0.239859
0.845868 0.0126752 0.141357 9.9991E-05
0.178798 9.9991E-05 0.652461 0.168641
0.195587 9.9982E-05 0.804213 9.9982E-05
0.192011 9.9991E-05 0.738402 0.0694872
0.120631 9.9991E-05 0.758277 0.120992
0.168699 0.0119512 0.696167 0.123183
0.0831054 9.9991E-05 0.726495 0.1903
0.21026 9.9982E-05 0.78954 9.9982E-05
0.362091 9.9991E-05 0.568564 0.0692448
0.969217 0.018676 9.9991E-05 0.012007
0.871233 9.9991E-05 0.0274076 0.10126
0.945191 0.0546092 9.9982E-05 9.9982E-05
0.845254 9.9982E-05 0.154546 9.9982E-05
0.912692 0.0718659 0.0153416 9.9991E-05
0.935946 0.0304954 0.0334591 9.9991E-05
0.735746 0.171966 0.035122 0.0571658
0.885112 0.0888643 0.00397235 0.022051
0.829495 0.0324582 0.0703879 0.0676593
0.934395 0.065405 9.9982E-05 9.9982E-05
0.9997 9.998E-05 9.998E-05 9.998E-05
0.8601 0.0808329 0.0520505 0.00701668
0.977788 0.0220119 9.9982E-05 9.9982E-05
0.928197 0.0293708 9.9991E-05 0.042332
0.914948 0.0538108 9.9991E-05 0.0311408
0.882488 0.0793777 9.9991E-05 0.0380347
0.779882 0.183819 9.9991E-05 0.0361992
0.804833 0.140275 9.9991E-05 0.054792
0.836264 0.0896808 9.9991E-05 0.0739553
0.216709 0.0435292 0.248547 0.491215
0.160911 9.9982E-05 9.9982E-05 0.838889
0.202336 0.0587646 0.0539393 0.68496
0.0729058 0.0893066 0.591334 0.246453
0.177992 0.0526439 0.113732 0.655632
0.213702 0.067429 0.49037 0.228498
0.0765537 0.0712005 0.0972374 0.755008
0.0860491 9.9991E-05 0.307894 0.605956
0.118704 0.00253532 0.16268 0.71608
0.0874865 0.00935351 0.173577 0.729583
0.124026 0.0106764 0.197758 0.66754
0.0899265 0.0791322 0.0961451 0.734796
0.138416 0.0903937 0.166515 0.604675
0.00714906 0.122696 0.758146 0.112009
0.0886185 9.9991E-05 0.807997 0.103285
0.137878 0.0883498 0.527398 0.246375
0.16336 0.112825 9.9991E-05 0.723716
0.121332 0.0932777 0.134028 0.651362
0.141634 9.9991E-05 0.14762 0.710645
0.096354 0.072436 0.0179225 0.813288
0.222288 0.192829 0.0210748 0.563808
0.155637 0.196088 9.9991E-05 0.648175
0.467734 0.145655 0.215675 0.170936
0.210796 0.0405005 0.0690587 0.679644
0.238852 0.156174 0.0933221 0.511652
0.463869 0.213129 0.322902 9.9991E-05
0.349574 0.226675 0.0496807 0.37407
0.40052 0.144046 0.093009 0.362426
0.353792 0.0851834 0.078435 0.48259
0.111088 0.217905 0.140666 0.530342
0.179497 0.256448 0.0167493 0.547306
0.104275 0.240958 0.00298854 0.651779
0.110904 0.305468 0.17884 0.404788
0.471669 0.146583 9.9991E-05 0.381648
