0.0230305 9.9991E-05 0.0509297 0.92594
0.0343364 0.00530129 0.00775847 0.952604
0.0410645 0.0104936 0.119433 0.829009
0.123919 9.9991E-05 0.097171 0.77881
0.0186422 9.9991E-05 0.119155 0.862103
0.0962859 0.129616 0.106159 0.66794
0.0967234 0.0260852 0.0146591 0.862532
0.17328 0.00412414 0.043726 0.778869
0.110818 9.9982E-05 9.9982E-05 0.888982
0.0535497 0.02335 0.190785 0.732316
0.165496 0.0536882 9.9991E-05 0.780716
0.497632 0.30051 0.201758 9.9991E-05
0.255798 0.350413 0.37383 0.0199594
0.497437 0.258653 0.162522 0.0813888
0.40659 0.220197 0.318454 0.0547593
0.184021 0.330508 0.340668 0.144802
0.106308 0.420986 0.397388 0.0753182
0.230139 0.490268 0.279493 9.9991E-05
0.359445 0.245475 0.265503 0.129576
0.662519 0.196256 0.0412108 0.100014
0.309726 0.387142 0.295749 0.00738371
0.214658 0.49665 0.253032 0.0356595
0.226072 0.367366 0.406461 9.9991E-05
0.373497 0.377771 0.222016 0.0267164
0.129172 0.448914 0.415061 0.00685262
0.16697 0.432523 0.388719 0.0117888
0.495214 0.301648 0.183144 0.0199931
0.450337 0.260959 0.252687 0.0360169
0.420294 0.443927 0.113859 0.0219195
9.9982E-05 9.9982E-05 0.189018 0.810782
0.012711 9.9991E-05 0.172469 0.81472
0.0155058 0.0448749 0.139215 0.800404
0.0340399 9.9991E-05 0.218516 0.747345
0.130274 0.57057 0.299056 9.9991E-05
0.147327 0.448147 0.361414 0.0431117
9.9982E-05 0.696832 0.302968 9.9982E-05
0.560036 0.230977 0.0854363 0.123551
0.026406 0.795779 0.158298 0.0195169
0.17531 0.494608 0.286274 0.0438089
9.9982E-05 0.592297 0.407503 9.9982E-05
0.0474758 0.552478 0.274185 0.125861
0.152079 0.409124 0.407877 0.0309198
0.20393 0.73579 9.9991E-05 0.0601796
0.054916 0.516173 0.360953 0.0679574
0.038972 0.51539 0.445538 9.9991E-05
0.0379653 0.4623 0.442031 0.0577038
0.00525504 0.868739 0.112689 0.0133166
0.049767 0.579875 0.370258 9.9991E-05
0.0867736 0.515535 0.339708 0.0579842
0.0414123 0.764236 9.9991E-05 0.194252
0.486399 0.451353 0.0498787 0.0123698
0.224501 0.614373 9.9991E-05 0.161025
0.202999 0.451943 0.344957 9.9991E-05
0.108798 0.463615 0.423244 0.00434302
0.150267 0.426149 0.423296 0.000288051
0.363282 0.491067 0.0596295 0.0860214
0.204276 0.515815 0.260424 0.0194844
0.202708 0.412454 0.384738 9.9991E-05
0.256056 0.419741 0.196265 0.127938
0.381015 0.298746 0.0513747 0.268865
0.169323 0.471336 0.348408 0.0109328
0.30578 0.370129 0.271994 0.0520957
0.513467 0.384792 9.9991E-05 0.101641
0.312754 0.480897 0.206249 9.9991E-05
0.0927864 0.509174 0.397939 9.9991E-05
0.136887 0.504305 0.306935 0.051873
0.336559 0.414691 0.160999 0.0877507
0.149727 0.52177 0.328403 9.9991E-05
0.223917 0.430277 0.345706 9.9991E-05
0.346753 0.531657 0.0532999 0.0682901
0.0603994 0.734617 0.204884 9.9991E-05
0.244404 0.693679 0.034032 0.0278852
0.201 0.504468 0.281932 0.0126009
0.0332188 0.911461 9.9991E-05 0.0552201
0.0975167 0.893818 9.9991E-05 0.00856512
0.0880709 0.846144 0.065685 9.9991E-05
0.123013 0.6577 0.219188 9.9991E-05
0.093945 0.432875 0.362968 0.110211
0.125687 0.601667 0.272545 9.9991E-05
0.338827 0.505696 0.125086 0.0303907
0.354538 0.521582 0.0948568 0.0290232
0.159899 0.522746 0.317256 9.9991E-05
0.157628 0.718259 0.12243 0.00168327
0.0680969 0.664496 0.226028 0.0413793
9.9991E-05 0.855103 0.114078 0.0307198
0.0841652 0.84146 9.9991E-05 0.0742746
0.0266705 0.650582 0.322647 9.9991E-05
0.0656214 9.9991E-05 0.133764 0.800514
9.9991E-05 0.019874 0.0629865 0.917039
9.9982E-05 9.9982E-05 0.15308 0.84672
9.9982E-05 9.9982E-05 0.0631699 0.93663
9.9991E-05 0.0104668 0.105487 0.883947
9.9991E-05 0.026781 0.0794578 0.893661
9.9982E-05 9.9982E-05 0.0544494 0.945351
0.088337 0.490062 0.33835 0.0832503
0.152095 0.415813 0.375812 0.0562805
0.163583 0.805813 9.9991E-05 0.0305044
0.160573 0.394761 0.381906 0.0627604
0.203967 0.588458 0.207475 9.9991E-05
9.9991E-05 0.615794 0.368809 0.0152972
0.0147642 0.715416 0.269719 9.9991E-05
0.00645666 0.70188 0.291563 9.9991E-05
0.251302 0.65999 9.9991E-05 0.0886076
0.158791 0.399105 0.313653 0.128451
0.0613979 0.550008 0.388494 9.9991E-05
0.172152 0.469464 0.333983 0.0244007
9.9991E-05 0.830636 0.115163 0.0541012
0.0375568 0.701977 0.260366 9.9991E-05
0.102332 0.636653 0.235499 0.0255162
0.0355115 0.747405 0.216984 9.9991E-05
0.211317 0.587509 0.174083 0.0270907
0.0850472 0.536266 0.370017 0.00866939
0.39645 0.465416 0.0960909 0.0420428
0.282584 0.375492 0.241874 0.10005
0.157571 0.451428 0.330425 0.0605759
0.153453 0.461203 0.385244 9.9991E-05
0.402728 0.347962 0.249211 9.9991E-05
0.205974 0.432826 0.3611 9.9991E-05
0.432245 0.25311 0.314546 9.9991E-05
0.208852 0.467196 0.270297 0.0536539
0.163757 0.423667 0.40256 0.0100163
0.240277 0.455516 0.304108 9.9991E-05
0.366997 0.412829 0.220074 9.9991E-05
0.141713 0.471913 0.386273 9.9991E-05
0.108176 0.477454 0.333706 0.0806632
0.294963 0.293546 0.411391 9.9991E-05
0.175889 0.408631 0.415381 9.9991E-05
0.153623 0.420244 0.426033 9.9991E-05
0.296006 0.414556 0.206176 0.083262
0.200868 0.314536 0.484497 9.9991E-05
0.184329 0.416167 0.399404 9.9991E-05
0.477286 0.309614 0.162941 0.0501587
0.310798 0.536142 0.0555107 0.0975495
0.194662 0.490732 0.305114 0.00949105
0.422874 0.52667 0.0324605 0.0179952
0.435066 0.419569 0.129945 0.0154191
0.358366 0.479859 0.161675 9.9991E-05
0.433838 0.444563 0.0714456 0.0501543
0.499153 0.334731 0.166016 9.9991E-05
0.193464 0.408765 0.360909 0.036862
0.218376 0.371492 0.35529 0.0548422
0.255894 0.387115 0.306457 0.050535
0.478125 0.373474 0.136273 0.0121281
0.110438 0.465771 0.31618 0.107611
0.098925 0.574513 0.291599 0.0349624
0.148162 0.583103 9.9991E-05 0.268635
0.0230141 0.519085 0.377038 0.0808628
0.0884221 0.61061 0.185813 0.115155
0.160971 0.460536 0.36729 0.011203
0.124264 0.579672 0.11492 0.181145
0.134028 0.660449 9.9991E-05 0.205423
0.180428 0.608636 0.171204 0.0397319
0.102206 0.469734 0.320044 0.108016
0.140524 0.468922 0.225851 0.164704
0.112323 0.600861 0.0578854 0.228931
0.0843969 0.509616 0.396819 0.00916802
0.141287 0.770615 0.0879974 9.9991E-05
0.20767 0.562824 0.229405 9.9991E-05
0.0999145 0.425752 0.372802 0.101531
0.0121099 0.263512 0.305456 0.418921
9.9991E-05 0.140184 0.0894615 0.770254
9.9991E-05 0.226302 0.0474733 0.726124
0.0423294 0.13141 0.348293 0.477967
9.9982E-05 0.685969 0.313832 9.9982E-05
0.051173 0.489316 0.368949 0.0905619
0.0266936 0.0891646 0.884042 9.9991E-05
0.18771 0.136297 0.675894 9.9991E-05
0.0454365 0.204494 0.64218 0.107889
0.0546628 0.752487 0.118614 0.0742363
0.168106 0.429295 0.402499 9.9991E-05
9.9991E-05 0.799626 0.0321832 0.16809
0.0233288 0.616741 0.33093 0.0290003
0.0560049 0.728608 0.186087 0.0293002
0.102796 0.562562 0.334541 9.9991E-05
0.0527786 0.764791 0.0212243 0.161206
0.0443134 0.510733 0.444854 9.9991E-05
0.0876095 0.565655 0.330561 0.0161744
9.9982E-05 9.9982E-05 0.938605 0.0611948
0.00830587 0.0280437 0.905155 0.058495
0.0960051 0.0954622 0.733184 0.0753492
0.0150093 0.085478 0.888184 0.0113287
0.0314719 9.9991E-05 0.884692 0.0837365
9.9982E-05 9.9982E-05 0.943326 0.056474
9.9982E-05 9.9982E-05 0.878929 0.120871
9.9982E-05 9.9982E-05 0.964523 0.0352771
0.0198023 9.9982E-05 0.979998 9.9982E-05
9.9982E-05 9.9982E-05 0.937633 0.0621665
9.9982E-05 9.9982E-05 0.943284 0.0565162
0.027021 0.0278056 0.843046 0.102127
0.00586795 9.9991E-05 0.870345 0.123687
9.9982E-05 9.9982E-05 0.940609 0.059191
0.0418998 0.273722 0.529291 0.155087
0.0672931 0.0372346 0.804463 0.0910093
0.038839 0.0269096 0.853184 0.0810676
9.9982E-05 9.9982E-05 0.925739 0.0740607
9.9982E-05 9.9982E-05 0.938097 0.0617026
9.9982E-05 9.9982E-05 0.874524 0.125276
9.9982E-05 9.9982E-05 0.953373 0.0464266
0.00687485 0.163906 0.728941 0.100278
9.9982E-05 9.9982E-05 0.869426 0.130374
9.9982E-05 0.45291 9.9982E-05 0.54689
0.130218 0.36056 0.335021 0.174202
9.9991E-05 0.492349 0.234293 0.273258
0.034936 0.477223 0.138239 0.349602
0.0312857 0.418587 0.374917 0.17521
9.9991E-05 0.50957 0.128346 0.361984
0.148444 0.348676 0.348586 0.154294
9.9991E-05 0.497896 0.289655 0.212349
0.0427036 0.412404 0.392929 0.151963
9.9991E-05 0.419859 0.293885 0.286156
0.109291 0.345715 0.371978 0.173016
0.114351 0.0162852 0.0349453 0.834419
9.9982E-05 9.9982E-05 0.0677 0.9321
0.0283334 9.9982E-05 9.9982E-05 0.971467
0.0390806 9.9991E-05 0.0300448 0.930775
0.0617422 9.9991E-05 0.0563554 0.881802
9.9982E-05 9.9982E-05 0.0705744 0.929226
9.9982E-05 9.9982E-05 0.132172 0.867628
9.9991E-05 0.0566196 0.0238713 0.919409
9.9982E-05 9.9982E-05 0.0587437 0.941056
0.00596154 9.9991E-05 0.104381 0.889557
0.308392 0.0490245 9.9991E-05 0.642483
0.307377 0.0533453 9.9991E-05 0.639178
0.356518 0.0512838 9.9991E-05 0.592098
0.355776 0.113275 9.9991E-05 0.530849
0.171818 0.55548 0.272602 9.9991E-05
0.140502 0.549476 0.309922 9.9991E-05
0.196595 0.434867 0.368438 9.9991E-05
0.286458 0.579131 0.125953 0.0084582
0.64652 0.300965 0.0524155 9.9991E-05
0.0366004 0.560992 0.402307 9.9991E-05
0.100084 0.632777 0.267039 9.9991E-05
0.0568148 0.705735 0.23735 9.9991E-05
0.0839218 0.753829 0.162149 9.9991E-05
0.154249 0.538486 0.307165 9.9991E-05
0.140722 0.658604 0.200574 9.9991E-05
0.20788 0.769536 9.9991E-05 0.0224839
0.2048 0.442193 0.276379 0.076628
0.0211417 0.874454 0.0227201 0.0816841
0.0178089 0.695539 0.26067 0.0259817
0.295207 0.68204 9.9991E-05 0.0226532
0.78344 0.03949 9.9991E-05 0.17697
0.68369 0.158264 9.9991E-05 0.157946
0.898017 0.050183 9.9991E-05 0.0517002
0.820256 0.0570268 9.9991E-05 0.122617
0.897675 0.076789 0.00925849 0.0162772
0.849506 9.9991E-05 0.067078 0.0833161
9.9982E-05 9.9982E-05 0.115365 0.884435
0.0786374 9.9991E-05 0.108617 0.812646
9.9982E-05 9.9982E-05 0.236277 0.763523
0.060876 9.9991E-05 0.174175 0.764849
0.0271622 9.9991E-05 0.156718 0.81602
0.638941 0.00332989 9.9991E-05 0.357629
0.446994 0.0770266 9.9991E-05 0.47588
0.519846 0.0318432 9.9991E-05 0.448211
0.038341 9.9991E-05 0.1659 0.79566
0.582079 0.00409517 9.9991E-05 0.413726
9.9991E-05 0.201266 0.528186 0.270448
0.0767157 0.281958 0.559357 0.0819701
0.0836264 0.12858 0.727649 0.0601451
0.0838569 0.227331 0.451305 0.237507
0.0868829 0.308513 0.500237 0.104367
9.9991E-05 0.119535 0.283405 0.59696
0.337037 0.472221 0.190642 9.9991E-05
0.318697 0.505814 0.141378 0.034111
0.590865 0.170402 0.190459 0.0482731
0.18791 0.583008 0.228981 9.9991E-05
0.295282 0.649796 9.9991E-05 0.0548227
0.246934 0.408619 0.344348 9.9991E-05
0.242116 0.473042 0.258231 0.026612
0.452565 0.392346 0.154988 9.9991E-05
0.23333 0.359098 0.400541 0.00703114
0.338761 0.599927 9.9991E-05 0.0612117
0.23765 0.461944 0.274124 0.0262826
0.248348 0.477448 0.274103 9.9991E-05
0.173411 0.347088 0.366759 0.112741
0.252907 0.5986 0.148393 9.9991E-05
0.271734 0.485624 0.242542 9.9991E-05
0.137104 0.579767 0.283029 9.9991E-05
0.179321 0.592991 0.227588 9.9991E-05
0.190556 0.42192 0.366062 0.0214617
0.194267 0.381062 0.334489 0.0901815
0.246722 0.365826 0.387353 9.9991E-05
9.9982E-05 9.9982E-05 0.183904 0.815896
9.9991E-05 0.0236462 0.109947 0.866307
0.0587323 0.0836207 0.0227031 0.834944
0.0852361 9.9991E-05 0.0853759 0.829288
9.9991E-05 0.0293084 0.157979 0.812612
0.629998 0.201503 0.1684 9.9991E-05
0.0758414 0.542028 0.284124 0.0980064
0.000388558 0.365083 0.410037 0.224491
0.164609 0.449263 0.386029 9.9991E-05
0.248021 0.45788 0.277818 0.0162814
0.40832 0.366092 0.218366 0.00722132
0.593021 0.242972 9.9991E-05 0.163908
0.287356 0.398329 0.314215 9.9991E-05
0.483244 0.283568 0.123898 0.109289
0.291929 0.41831 0.229131 0.0606294
0.542108 0.230088 0.0629787 0.164826
0.251319 0.294718 0.392039 0.0619238
0.532598 0.251952 0.129897 0.0855535
0.29481 0.427457 0.186435 0.0912984
0.139279 0.493214 0.293393 0.0741139
0.167054 0.665667 0.102713 0.0645657
0.0532444 0.571831 0.311874 0.0630508
0.0548693 0.534112 0.280663 0.130356
0.0443481 0.776978 0.0730701 0.105603
0.0966319 0.515738 0.303 0.0846308
0.0485767 0.639234 0.26038 0.0518095
0.141115 0.781203 9.9991E-05 0.0775825
9.9982E-05 0.860956 9.9982E-05 0.138844
9.9991E-05 0.70339 0.192312 0.104198
0.120447 0.772577 9.9991E-05 0.106876
0.0989324 0.651415 0.183197 0.0664554
0.645793 0.258986 0.0673129 0.0279078
0.400321 0.504515 0.0950638 9.9991E-05
0.50229 0.286917 0.209688 0.00110453
0.228583 0.330696 0.440622 9.9991E-05
0.556936 0.318859 0.124106 9.9991E-05
0.200131 0.35089 0.360198 0.0887798
0.0937081 0.479048 0.393581 0.033663
0.316411 0.327736 0.355753 9.9991E-05
0.316651 0.363844 0.319405 9.9991E-05
0.352788 0.359456 0.287656 9.9991E-05
0.476068 0.344276 0.179556 9.9991E-05
0.497718 0.223373 0.278809 9.9991E-05
0.26644 0.338833 0.394627 9.9991E-05
0.180878 0.367964 0.430617 0.0205414
0.318059 0.447034 0.152605 0.0823022
0.208408 0.422896 0.368596 9.9991E-05
0.417066 0.235457 0.290669 0.0568073
0.236354 0.382942 0.380604 9.9991E-05
0.295039 0.375777 0.319289 0.00989557
0.276262 0.232322 0.491315 9.9991E-05
0.0491522 0.201411 0.430828 0.318609
9.9991E-05 0.411263 0.463832 0.124805
0.109144 0.395434 0.422054 0.0733685
0.113713 0.42588 0.407455 0.0529515
9.9991E-05 0.310917 0.481289 0.207694
0.248586 0.509375 0.241939 9.9991E-05
0.156042 0.288355 0.481932 0.073671
9.9991E-05 0.521677 0.0631764 0.415047
0.11972 0.355178 0.419851 0.10525
0.0995368 0.312339 0.452814 0.135311
0.134519 0.267566 0.552944 0.0449721
0.114518 0.357794 0.293642 0.234045
0.0424971 0.308443 0.511379 0.13768
9.9991E-05 0.354613 0.486495 0.158792
9.9991E-05 0.197629 0.0919357 0.710335
0.0852654 0.266582 0.522897 0.125255
0.0615111 0.208833 0.55289 0.176766
0.0184209 0.4294 0.435555 0.116624
0.00842391 0.32147 0.55308 0.117026
0.144923 0.292657 0.431018 0.131401
0.159507 0.613244 0.218587 0.00866186
0.120031 0.495074 0.284125 0.10077
0.179486 0.790777 9.9991E-05 0.0296368
0.123255 0.763518 9.9991E-05 0.113127
0.0467348 0.529355 0.417726 0.00618421
0.022976 0.289082 0.586317 0.101625
9.9991E-05 0.299236 0.548775 0.151889
9.9991E-05 0.350149 0.330404 0.319347
9.9991E-05 0.314604 0.453741 0.231555
9.9991E-05 0.705569 0.0413373 0.252994
9.9991E-05 0.653404 0.124413 0.222083
0.0535201 0.559809 0.386571 9.9991E-05
0.0380358 0.554978 0.313519 0.0934672
9.9991E-05 0.614858 0.147744 0.237299
0.123566 0.429219 0.345206 0.102009
0.0557446 0.550362 0.393793 9.9991E-05
0.112397 0.435099 0.356031 0.0964731
0.112812 0.768481 0.0896399 0.0290672
0.120185 0.714616 0.154846 0.0103534
0.139103 0.582596 0.2782 9.9991E-05
0.229431 0.457794 0.249804 0.0629719
0.0799795 0.512674 0.329528 0.077818
0.0545184 0.734203 0.166432 0.0448475
0.126328 0.774077 0.0143605 0.0852348
9.9991E-05 0.653338 0.296285 0.0502775
0.154276 0.717146 0.0769269 0.051651
0.0306626 0.682973 0.221867 0.0644967
0.00119457 0.58976 0.318011 0.0910344
0.0309069 0.747507 0.221486 9.9991E-05
9.9991E-05 0.463765 0.398575 0.13756
0.228708 0.359949 0.314351 0.0969916
0.0416649 0.307477 0.469431 0.181426
0.163486 0.223985 0.408761 0.203768
0.082746 0.309574 0.444685 0.162995
0.0718061 0.387202 0.400035 0.140957
9.9991E-05 0.5579 0.0517288 0.390271
9.9991E-05 0.344474 0.608727 0.046699
9.9991E-05 0.326633 0.0678444 0.605423
9.9991E-05 0.447818 0.479794 0.0722887
9.9982E-05 0.911811 9.9982E-05 0.0879894
0.14877 0.751525 9.9991E-05 0.0996046
0.0878933 0.717262 0.194745 9.9991E-05
9.9982E-05 0.686952 0.312848 9.9982E-05
0.0877452 0.782747 0.125354 0.00415379
0.039069 0.645013 0.276653 0.0392648
0.0508207 0.627152 0.321927 9.9991E-05
0.0381944 0.0503587 0.106043 0.805404
0.100456 9.9991E-05 0.107527 0.791917
9.9982E-05 9.9982E-05 0.103009 0.896791
9.9982E-05 9.9982E-05 0.0349271 0.964873
0.0493035 0.66884 0.23801 0.0438458
0.0908115 0.607713 0.291149 0.0103266
0.0742674 0.716615 0.209017 9.9991E-05
9.9991E-05 0.584692 0.349464 0.0657437
0.169082 0.524617 0.2671 0.0392012
0.192588 0.672568 0.0869629 0.0478807
9.9982E-05 0.707593 0.292207 9.9982E-05
9.9991E-05 0.898285 0.093323 0.00829215
9.9991E-05 0.237123 0.486048 0.276729
0.0967899 0.70237 0.20074 9.9991E-05
0.2479 0.624673 0.127327 9.9991E-05
0.0189088 0.744002 0.236989 9.9991E-05
0.054558 0.654873 0.246076 0.0444931
9.9982E-05 0.750073 0.249727 9.9982E-05
0.0488931 0.619796 0.321745 0.0095653
9.998E-05 0.9997 9.998E-05 9.998E-05
0.0197851 0.840814 0.0761882 0.0632129
0.112692 0.743822 0.143386 9.9991E-05
9.9982E-05 0.954358 9.9982E-05 0.0454423
0.167112 0.581341 0.251447 9.9991E-05
0.0685168 0.878999 9.9991E-05 0.0523839
0.067078 0.834117 9.9991E-05 0.0987053
0.052733 0.558739 0.32999 0.0585386
0.170926 0.746978 0.0267323 0.0553637
0.154577 0.588075 0.238625 0.0187228
0.12468 0.452159 0.378308 0.0448529
0.0993392 0.700468 0.200093 9.9991E-05
0.267817 0.484209 0.247874 9.9991E-05
0.129012 0.566294 0.304593 9.9991E-05
0.17074 0.571591 0.24847 0.00919898
0.0201792 0.872034 0.107687 9.9991E-05
9.9991E-05 0.563855 0.379603 0.0564418
0.260677 0.0689151 0.00144002 0.668967
0.0825857 0.0623007 0.057952 0.797162
0.126619 9.9982E-05 9.9982E-05 0.873181
0.175407 0.000680665 9.9991E-05 0.823812
0.184706 0.0642987 9.9991E-05 0.750895
0.249968 0.631848 0.0725346 0.0456499
0.17353 0.747253 9.9991E-05 0.0791162
0.0158844 0.964422 0.0195934 9.9991E-05
0.0256734 0.534714 0.361674 0.0779383
0.0858107 0.491011 0.381907 0.041271
0.033033 0.826509 0.120018 0.0204393
9.9982E-05 0.678654 0.321146 9.9982E-05
0.0438694 0.660331 0.230993 0.0648066
0.0789185 0.608382 0.3126 9.9991E-05
0.101791 0.54031 0.3578 9.9994E-05
0.21126 0.655393 0.133247 9.9991E-05
0.115238 0.737247 0.147415 9.9991E-05
0.234447 0.646553 0.1189 9.9991E-05
0.142654 0.429752 0.337694 0.0898995
0.10969 0.734411 0.155799 9.9991E-05
0.132266 0.619252 0.247514 0.000967923
0.0835782 0.214321 0.657516 0.0445849
9.9991E-05 0.184531 0.639071 0.176298
9.9991E-05 0.196991 0.718713 0.0841963
9.9991E-05 0.164401 0.675137 0.160363
0.00966928 0.29052 0.633476 0.0663343
9.9991E-05 0.760008 0.22938 0.0105114
9.9982E-05 9.9982E-05 0.656395 0.343405
9.9991E-05 0.158751 0.615297 0.225852
0.0025262 0.508542 0.304823 0.184109
0.0793462 0.465993 0.337935 0.116726
0.109146 0.491052 0.233678 0.166124
0.143594 0.406616 0.369544 0.0802456
0.0531292 0.495059 0.40464 0.047172
0.0158717 0.0717737 0.703609 0.208746
0.178241 0.142358 0.599347 0.0800536
0.0345346 0.137256 0.75536 0.0728494
0.0513146 0.215976 0.595069 0.137641
9.9991E-05 0.148224 0.668645 0.183031
9.9991E-05 0.24483 0.585861 0.169209
0.0548926 0.112221 0.692284 0.140603
0.130298 0.197524 0.590616 0.0815628
0.0181923 0.579055 0.320518 0.0822341
0.0839636 0.189976 0.529214 0.196846
9.9982E-05 9.9982E-05 0.729884 0.269916
0.104061 0.216063 0.582387 0.0974893
0.321352 0.405941 0.0785589 0.194147
0.0835269 0.511428 0.388273 0.0167717
9.9991E-05 0.234332 0.583439 0.182129
0.0889823 0.497671 0.371656 0.0416906
0.0920832 0.45846 0.314282 0.135174
0.0921782 0.39554 0.355773 0.156509
0.058787 0.207996 0.480191 0.253026
0.158065 0.447113 0.357493 0.0373293
9.9991E-05 0.253221 0.609671 0.137008
9.9991E-05 0.206997 0.656472 0.136432
0.0348984 9.9991E-05 0.685578 0.279424
0.107094 0.448222 0.413004 0.0316797
0.107127 0.564543 0.189347 0.138983
9.9991E-05 0.686217 0.0211579 0.292525
0.0800413 0.505641 0.398578 0.0157399
0.143079 0.469172 0.235672 0.152076
9.9991E-05 0.397494 0.399147 0.203259
0.158669 0.347893 0.413209 0.0802292
9.9991E-05 0.351696 0.0934568 0.554747
9.9991E-05 0.388199 0.028513 0.583188
0.0480533 0.512817 0.243844 0.195285
9.9991E-05 0.303202 0.22312 0.473578
9.9991E-05 0.238656 0.13918 0.622064
0.0369386 0.495981 0.263926 0.203154
0.0591698 0.382931 0.321177 0.236722
9.9991E-05 0.421219 0.231744 0.346937
9.9991E-05 0.390734 0.166304 0.442862
0.0127519 0.396969 0.448516 0.141763
9.9991E-05 0.491852 0.158335 0.349713
9.9991E-05 0.288713 0.00504451 0.706142
0.12386 0.357447 0.36614 0.152553
0.0493097 0.324065 0.403549 0.223076
0.0816651 0.251402 0.39808 0.268852
0.0743878 0.174864 0.629086 0.121662
0.0269399 0.37786 0.432758 0.162441
0.0308219 0.283003 0.53761 0.148566
0.0874957 0.118384 0.406066 0.388054
0.0213548 0.29276 0.472629 0.213256
9.9991E-05 0.22143 0.606833 0.171637
0.017885 0.304581 0.42673 0.250804
0.119655 0.437499 0.251543 0.191303
0.082889 0.38681 0.405426 0.124874
0.0542439 0.488537 0.355983 0.101236
0.079148 0.492599 0.354594 0.0736589
0.0626589 0.2004 0.46267 0.274271
9.9991E-05 0.330658 0.478488 0.190755
9.9991E-05 0.302404 0.248908 0.448588
0.144363 0.232699 0.499055 0.123884
9.9991E-05 0.253566 0.394739 0.351595
0.164439 0.00508652 9.9991E-05 0.830375
0.83131 0.0248935 0.0770786 0.0667176
0.992401 9.9982E-05 9.9982E-05 0.00739919
0.986642 9.9982E-05 9.9982E-05 0.0131585
0.9997 9.998E-05 9.998E-05 9.998E-05
0.977688 9.9982E-05 0.0221116 9.9982E-05
0.94435 9.9982E-05 0.0554503 9.9982E-05
0.931101 9.9982E-05 9.9982E-05 0.0686988
0.791953 9.9982E-05 9.9982E-05 0.207847
0.0395087 9.9991E-05 0.0559654 0.904426
0.128541 9.9991E-05 0.0593435 0.812016
0.0159351 9.9991E-05 0.137482 0.846482
0.0957089 0.0285551 0.0324198 0.843316
0.0308982 9.9991E-05 0.0709007 0.898101
0.0875719 9.9991E-05 0.0146061 0.897722
0.113663 9.9991E-05 0.15643 0.729807
0.0243988 9.9991E-05 0.11405 0.861452
0.0776256 0.112095 0.0781801 0.732099
9.9982E-05 9.9982E-05 0.0973343 0.902466
0.0374071 9.9982E-05 9.9982E-05 0.962393
0.0623419 9.9991E-05 0.0758947 0.861663
0.0301421 9.9991E-05 0.0186974 0.951061
9.9982E-05 9.9982E-05 0.0914567 0.908343
0.00769579 9.9991E-05 0.123937 0.868267
9.9982E-05 9.9982E-05 0.158759 0.841041
9.9982E-05 9.9982E-05 0.216084 0.783716
9.9982E-05 9.9982E-05 0.266861 0.732939
9.9982E-05 9.9982E-05 0.201104 0.798696
0.103282 0.522714 0.210874 0.16313
0.0600185 0.586578 0.322349 0.0310542
0.061254 0.522357 0.307797 0.108591
9.9982E-05 0.769494 9.9982E-05 0.230306
0.16322 0.469683 0.253624 0.113473
9.9982E-05 0.687979 9.9982E-05 0.311821
0.0701815 0.419924 0.367059 0.142836
0.163277 0.594869 0.166988 0.0748663
0.111347 0.540867 0.303548 0.0442379
0.0364098 0.69041 0.273081 9.9991E-05
0.156596 0.536646 0.249968 0.0567909
0.149338 0.495637 0.352662 0.00236354
0.174424 0.456899 0.292783 0.0758932
0.510983 0.402456 0.0519145 0.034647
0.0922338 0.690442 9.9991E-05 0.217224
0.0538294 0.720127 9.9991E-05 0.225943
0.135801 0.40144 0.462659 9.9991E-05
0.053896 0.557595 0.284197 0.104312
0.0710052 0.596457 0.237152 0.0953865
0.0795265 0.491666 0.404937 0.0238707
9.9991E-05 0.440346 0.383392 0.176162
0.0631973 0.319477 0.536251 0.0810745
0.151633 0.204631 0.185286 0.45845
0.0415669 0.518583 0.320073 0.119777
0.167304 0.296096 0.354539 0.18206
9.9991E-05 0.292626 0.0820995 0.625175
9.9991E-05 0.339538 0.330842 0.32952
0.0474461 0.244806 0.348236 0.359512
0.112359 0.248898 0.326766 0.311978
0.102497 0.290799 0.472621 0.134083
9.9991E-05 0.362395 0.385033 0.252472
9.9991E-05 0.445997 0.513156 0.0407469
9.9991E-05 0.470691 0.322124 0.207085
0.0198469 0.197297 0.360154 0.422702
