0.0449532 9.9991E-05 0.0244549 0.930492
9.999E-05 0.0346453 0.000628135 0.964627
0.146861 9.9991E-05 0.0616303 0.791408
0.113681 9.9991E-05 0.124223 0.761997
0.122539 9.9991E-05 0.00495635 0.872404
0.0625425 0.143497 0.0919409 0.702019
0.020993 0.0279513 0.0513766 0.899679
0.0290118 0.0210561 0.191228 0.758704
9.9982E-05 9.9982E-05 0.102429 0.897371
0.14634 0.0750833 0.0335265 0.74505
0.0074374 0.108007 0.0851547 0.799401
0.20804 0.257873 0.533986 9.9991E-05
0.40255 0.260921 0.336429 9.9991E-05
0.214587 0.293877 0.452105 0.0394323
0.326037 0.184529 0.462099 0.0273355
0.355946 0.286358 0.239533 0.118163
0.456986 0.360798 0.182116 9.9991E-05
0.364474 0.400688 0.234738 9.9991E-05
0.250772 0.254088 0.399671 0.0954692
0.0351102 0.170159 0.684257 0.110474
0.348293 0.354141 0.297467 9.9991E-05
0.357427 0.39616 0.229846 0.0165673
0.389508 0.353238 0.207464 0.0497897
0.249562 0.329351 0.420987 9.9991E-05
0.488678 0.2784 0.232821 9.9991E-05
0.393435 0.296364 0.28842 0.0217806
0.209773 0.233371 0.533825 0.0230315
0.282981 0.188506 0.505945 0.0225677
0.152032 0.343694 0.494871 0.00940248
0.170765 9.9991E-05 0.00777651 0.821358
0.134226 9.9991E-05 0.0622764 0.803398
0.140344 0.00866598 0.0556281 0.795362
0.148704 0.0835285 9.9991E-05 0.767667
0.312216 0.454927 0.232757 9.9991E-05
0.370678 0.509817 0.0991506 0.0203539
0.276535 0.705291 9.9991E-05 0.0180742
0.118784 0.156072 0.640407 0.0847366
0.151571 0.793716 0.00898694 0.0457256
0.388318 0.403251 0.208331 9.9991E-05
0.468375 0.476303 0.0552225 9.9991E-05
0.319888 0.438136 0.193843 0.0481329
0.348654 0.427145 0.199241 0.0249595
9.9991E-05 0.764546 0.169557 0.0657969
0.394195 0.501263 0.0907057 0.013836
0.388224 0.584509 0.0271668 9.9991E-05
0.407158 0.417687 0.0658694 0.109286
0.148209 0.800142 0.0515486 9.9991E-05
0.398315 0.592898 0.00868771 9.9991E-05
0.428343 0.498597 0.0729596 9.9991E-05
9.9982E-05 0.805715 9.9982E-05 0.194085
0.00727985 0.450844 0.528757 0.0131185
9.9991E-05 0.663646 0.237262 0.098992
0.435247 0.297668 0.225482 0.0416026
0.454422 0.349926 0.115529 0.0801228
0.422181 0.421924 0.121661 0.0342339
0.0563539 0.417342 0.421108 0.105196
0.297602 0.403154 0.299144 9.9991E-05
0.458375 0.390712 0.150813 9.9991E-05
0.212317 0.450393 0.175959 0.161332
0.0835086 0.287916 0.39496 0.233615
0.307334 0.496999 0.130122 0.065545
0.279317 0.367686 0.270706 0.0822914
9.9991E-05 0.357392 0.586032 0.0564759
0.275574 0.373097 0.351228 9.9991E-05
0.473221 0.435813 0.0908665 9.9991E-05
0.419554 0.282391 0.297955 9.9991E-05
0.201267 0.369458 0.356913 0.0723613
0.342706 0.382068 0.275126 9.9991E-05
0.3305 0.388858 0.203117 0.077525
0.0656937 0.427226 0.445819 0.0612615
0.270053 0.670477 0.0593697 9.9991E-05
0.05819 0.737224 0.131582 0.0730043
0.317743 0.533972 0.0990482 0.0492366
9.9991E-05 0.908589 0.00175226 0.0895592
9.9982E-05 0.910192 0.0896079 9.9982E-05
0.0834204 0.863944 0.0525361 9.9991E-05
0.212512 0.649046 0.138342 9.9991E-05
0.376425 0.385648 0.20954 0.0283871
0.282786 0.629947 0.0871664 9.9991E-05
0.099909 0.542412 0.292187 0.0654918
0.0789943 0.557418 0.35947 0.00411817
0.333191 0.395385 0.200873 0.070551
0.120626 0.704186 0.084859 0.0903289
0.249259 0.651381 0.0992607 9.9991E-05
0.174157 0.739372 0.0863708 9.9991E-05
9.9982E-05 0.87633 9.9982E-05 0.12347
0.327341 0.615994 0.0565655 9.9991E-05
0.119417 9.9991E-05 0.10741 0.773073
0.0786911 9.9982E-05 9.9982E-05 0.921109
0.145574 9.9982E-05 9.9982E-05 0.854226
0.077456 9.9982E-05 9.9982E-05 0.922344
0.113867 0.016676 9.9991E-05 0.869357
0.0935745 9.9982E-05 9.9982E-05 0.906226
0.0973815 9.9982E-05 9.9982E-05 0.902419
0.399401 0.367492 0.156576 0.0765307
0.343984 0.5331 0.0650667 0.0578494
9.9991E-05 0.76608 0.115892 0.117927
0.33302 0.469056 0.141223 0.0567012
0.209989 0.565055 0.22314 0.00181697
0.353979 0.645821 9.9982E-05 9.9982E-05
0.290541 0.634602 0.0747569 9.9991E-05
0.29618 0.682954 9.9991E-05 0.0207665
9.9991E-05 0.63926 0.260579 0.10006
0.303788 0.48286 0.0527345 0.160618
0.393982 0.477237 0.111995 0.0167853
0.42326 0.304163 0.204793 0.0677836
0.0928015 0.826353 9.9991E-05 0.0807454
0.259834 0.729981 0.0100856 9.9991E-05
0.243842 0.590905 0.136537 0.0287162
0.192714 0.807086 9.9982E-05 9.9982E-05
0.179449 0.581374 0.149268 0.0899088
0.363644 0.3271 0.23338 0.0758769
0.134646 0.453321 0.378149 0.0338839
0.298066 0.303869 0.346802 0.0512624
0.334126 0.341862 0.256852 0.0671596
0.35732 0.447084 0.147259 0.0483378
0.231879 0.319278 0.448743 9.9991E-05
0.373406 0.40944 0.217053 9.9991E-05
0.284462 0.216024 0.499414 9.9991E-05
0.322304 0.354383 0.261672 0.0616408
0.391577 0.262869 0.345454 9.9991E-05
0.360442 0.427903 0.211555 9.9991E-05
0.213953 0.358402 0.427545 9.9991E-05
0.419272 0.3909 0.189729 9.9991E-05
0.398779 0.419926 0.158894 0.0224012
0.376958 0.372048 0.250894 9.9991E-05
0.395941 0.388746 0.211708 0.00360542
0.433177 0.356103 0.210619 9.9991E-05
0.240396 0.369822 0.331134 0.0586479
0.439437 0.306212 0.254252 9.9991E-05
0.384701 0.415046 0.200154 9.9991E-05
0.146685 0.343712 0.469114 0.0404889
0.129125 0.456122 0.343755 0.0709977
0.316303 0.340246 0.343351 9.9991E-05
0.0396424 0.537983 0.375578 0.046796
0.119239 0.365981 0.498793 0.0159875
0.216685 0.433891 0.349324 9.9991E-05
0.106662 0.377277 0.51596 9.9991E-05
0.126286 0.346189 0.527426 9.9991E-05
0.443018 0.321993 0.221115 0.013874
0.369254 0.407218 0.149595 0.073933
0.32377 0.445798 0.217205 0.0132262
0.118311 0.455227 0.362457 0.064005
0.347479 0.427627 0.151434 0.07346
0.284549 0.57934 0.0850554 0.0510551
9.9991E-05 0.676748 0.0331153 0.290036
0.349412 0.571659 9.9991E-05 0.0788291
0.13736 0.572331 0.101634 0.188675
0.308297 0.459447 0.126779 0.105477
0.0658842 0.552714 0.129507 0.251894
0.0333435 0.615321 0.201906 0.149429
0.215268 0.548246 0.19357 0.0429161
0.341859 0.501218 0.0158821 0.141041
0.256428 0.485393 0.105503 0.152676
0.0621752 0.585476 0.105596 0.246753
0.433688 0.427065 0.132681 0.00656534
0.145749 0.678523 0.175628 9.9991E-05
0.243403 0.560548 0.195949 9.9991E-05
0.394854 0.476041 0.129005 9.9991E-05
0.317902 0.246671 0.0329401 0.402487
0.103462 0.134174 9.9991E-05 0.762264
0.0727506 0.229958 9.9991E-05 0.697192
0.332587 0.114309 0.0384975 0.514606
0.298759 0.693865 0.00727628 9.9991E-05
0.37097 0.443575 0.0668335 0.118621
0.893602 0.0226012 0.0836967 9.9991E-05
0.644153 0.182965 0.114979 0.0579029
0.567502 0.115788 0.211887 0.104823
0.129975 0.772982 0.0182729 0.07877
0.339065 0.545581 0.0671391 0.0482148
0.0471427 0.816558 0.0115486 0.124751
0.314165 0.685635 9.9982E-05 9.9982E-05
0.237011 0.60142 0.0847816 0.076787
0.342884 0.56044 0.0585826 0.0380932
0.0560626 0.810528 0.0313671 0.102042
0.435389 0.473674 0.0206792 0.0702569
0.33106 0.522605 0.025463 0.120872
0.90977 9.9982E-05 9.9982E-05 0.0900298
0.940349 9.9982E-05 9.9982E-05 0.0594515
0.78172 0.074887 0.059842 0.0835508
0.910668 0.0261029 0.0471247 0.0161041
0.859273 9.9991E-05 0.0218102 0.118817
0.903943 9.9982E-05 9.9982E-05 0.0958566
0.884349 9.9982E-05 9.9982E-05 0.115451
0.9997 9.998E-05 9.998E-05 9.998E-05
0.96187 9.9991E-05 0.0150552 0.0229746
0.932301 9.9982E-05 9.9982E-05 0.067499
0.93628 9.9982E-05 9.9982E-05 0.0635202
0.868507 9.9991E-05 0.016113 0.11528
0.823926 9.9991E-05 0.0268068 0.149167
0.938395 9.9982E-05 9.9982E-05 0.0614049
0.642586 0.132405 0.191248 0.033762
0.792135 9.9991E-05 0.0877649 0.12
0.893738 0.0208637 0.00761161 0.0777862
0.912623 9.9982E-05 9.9982E-05 0.0871766
0.923172 9.9982E-05 9.9982E-05 0.0766283
0.892079 9.9982E-05 9.9982E-05 0.107721
0.917401 9.9982E-05 9.9982E-05 0.0823987
0.752222 0.049748 0.0823431 0.115687
0.894134 9.9982E-05 9.9982E-05 0.105666
9.9982E-05 0.441299 9.9982E-05 0.558501
0.292511 0.329861 0.188375 0.189253
0.287493 0.373845 0.0648473 0.273815
0.086723 0.501524 9.9991E-05 0.411653
0.376545 0.371564 9.9991E-05 0.251791
0.170065 0.494922 9.9991E-05 0.334913
0.337168 0.381026 0.099887 0.18192
0.304612 0.430925 0.0289278 0.235535
0.422699 0.372105 0.112716 0.0924801
0.397723 0.380433 9.9991E-05 0.221744
0.327207 0.382491 0.0832893 0.207013
0.0543252 0.0636283 0.0568244 0.825222
0.0837496 9.9982E-05 9.9982E-05 0.91605
0.0292573 9.9982E-05 9.9982E-05 0.970543
0.0252348 9.9991E-05 0.056119 0.918546
0.054298 9.9991E-05 0.0594058 0.886196
0.0845594 9.9982E-05 9.9982E-05 0.915241
0.102154 9.9991E-05 0.00121879 0.896527
0.0216691 0.0252579 0.0211717 0.931901
0.0752082 9.9982E-05 9.9982E-05 0.924592
0.131101 9.9982E-05 9.9982E-05 0.868699
9.9991E-05 0.0480595 0.307998 0.643842
9.9982E-05 9.9982E-05 0.359325 0.640475
9.9991E-05 0.101675 0.274188 0.624038
9.9991E-05 0.123004 0.377738 0.499158
0.250488 0.537838 0.211574 9.9991E-05
0.297634 0.638913 0.0633533 9.9991E-05
0.266 0.512989 0.220912 9.9991E-05
0.234832 0.471217 0.292666 0.00128547
0.0473952 0.314659 0.637846 9.9991E-05
0.417199 0.446021 0.13668 9.9991E-05
0.322634 0.644463 0.0328034 9.9991E-05
0.275538 0.559758 0.164604 9.9991E-05
0.209083 0.790717 9.9982E-05 9.9982E-05
0.363735 0.480822 0.141497 0.0139458
0.172012 0.597603 0.230285 9.9991E-05
9.9991E-05 0.813737 0.156349 0.029814
0.313884 0.482609 0.203407 9.9991E-05
0.0806819 0.847197 0.025616 0.0465048
0.231637 0.66053 0.107733 9.9991E-05
9.9991E-05 0.696259 0.269847 0.0337938
9.9991E-05 0.047286 0.818449 0.134165
9.9991E-05 0.0511688 0.826431 0.1223
9.9982E-05 9.9982E-05 0.929612 0.0701876
9.9991E-05 0.0482493 0.820804 0.130847
9.9991E-05 0.0905737 0.855985 0.0533408
0.117054 9.9991E-05 0.789967 0.0928792
0.124254 0.00158116 0.00574057 0.868424
0.100416 9.9991E-05 0.0667926 0.832691
0.21651 9.99883E-05 9.99883E-05 0.78329
0.148451 9.9991E-05 0.107608 0.743841
0.138322 9.9991E-05 0.0807953 0.780783
9.9982E-05 9.9982E-05 0.592462 0.407338
9.9982E-05 9.9982E-05 0.484421 0.515379
9.9991E-05 0.0399349 0.510381 0.449584
0.172299 9.9991E-05 0.0414373 0.786163
9.9991E-05 0.0212916 0.558366 0.420242
0.556638 0.216141 9.9991E-05 0.227121
0.510267 0.290559 0.0869062 0.112267
0.622664 0.182785 0.0591799 0.135371
0.406489 0.244346 0.0608602 0.288305
0.46462 0.395015 9.9991E-05 0.140265
0.260291 0.123228 9.9991E-05 0.616381
0.222914 0.456793 0.320193 9.9991E-05
0.165804 0.635396 0.198699 9.9991E-05
0.173952 0.247321 0.567153 0.0115741
0.224169 0.568001 0.20773 9.9991E-05
9.9991E-05 0.738924 0.150584 0.110392
0.402327 0.288199 0.286755 0.0227192
0.308535 0.380551 0.310255 0.000659677
0.134189 0.351757 0.482446 0.0316077
0.355076 0.359479 0.24067 0.0447747
9.9991E-05 0.59189 0.347698 0.0603117
0.294706 0.529117 0.176077 9.9991E-05
0.306252 0.38756 0.306088 9.9991E-05
0.398564 0.302704 0.195712 0.10302
0.208325 0.44511 0.346465 9.9991E-05
0.260499 0.465052 0.264054 0.0103948
0.275825 0.547038 0.177037 9.9991E-05
0.269476 0.510168 0.220256 9.9991E-05
0.359608 0.444892 0.1954 9.9991E-05
0.386686 0.324511 0.288703 9.9991E-05
0.355168 0.412285 0.159183 0.0733636
0.221001 0.0130303 9.9991E-05 0.765868
0.109281 0.0412488 9.9991E-05 0.849371
0.0621578 0.05338 0.0547908 0.829671
0.0568605 0.0284732 0.0437886 0.870878
0.142342 9.9991E-05 0.00819831 0.849359
0.13081 0.219668 0.649422 9.9991E-05
0.329305 0.395927 0.237081 0.0376876
0.410129 0.371129 0.0491379 0.169603
0.399205 0.403544 0.197151 9.9991E-05
0.319669 0.364488 0.315742 9.9991E-05
0.191979 0.366754 0.417468 0.0237994
9.9991E-05 0.169303 0.676171 0.154426
0.294601 0.320765 0.384535 9.9991E-05
0.0960548 0.24971 0.539838 0.114397
0.27747 0.435215 0.266851 0.0204635
0.0321102 0.232648 0.5706 0.164642
0.440374 0.234609 0.324917 9.9991E-05
0.107765 0.226866 0.593222 0.0721464
0.199472 0.350916 0.445586 0.00402551
0.272642 0.489149 0.186874 0.0513351
0.103113 0.620542 0.15462 0.121725
0.397772 0.432533 0.14198 0.0277153
0.303567 0.453886 0.157542 0.0850053
0.1013 0.720176 0.119709 0.0588149
0.379103 0.403139 0.12706 0.090699
0.267876 0.642474 0.055187 0.0344632
9.9991E-05 0.767182 0.187671 0.0450473
0.0210716 0.814255 0.0338311 0.130842
0.278862 0.617387 0.10365 9.9991E-05
9.9991E-05 0.777116 0.0852335 0.13755
0.134703 0.74381 0.121387 9.9991E-05
0.0845106 0.258404 0.656985 9.9991E-05
0.169972 0.408252 0.421676 9.9991E-05
0.21201 0.221346 0.545055 0.0215896
0.437358 0.223436 0.339106 9.9991E-05
0.0879836 0.36893 0.542987 9.9991E-05
0.330265 0.347814 0.244148 0.0777732
0.403918 0.325228 0.207877 0.0629776
0.360418 0.334517 0.304965 9.9991E-05
0.33328 0.328534 0.338085 9.9991E-05
0.267598 0.40538 0.310386 0.0166362
0.187193 0.197891 0.614817 9.9991E-05
0.303057 0.18659 0.510253 9.9991E-05
0.410057 0.321887 0.267957 9.9991E-05
0.390793 0.415261 0.193846 9.9991E-05
0.230368 0.486487 0.24027 0.0428761
0.344452 0.370743 0.284705 9.9991E-05
0.251587 0.205998 0.499506 0.0429087
0.336364 0.357091 0.306445 9.9991E-05
0.363174 0.262025 0.374701 9.9991E-05
0.385522 0.340987 0.203052 0.0704386
0.402081 0.188903 0.0527241 0.356292
0.463026 0.363118 9.9991E-05 0.173757
0.527924 0.22528 0.134259 0.112537
0.498493 0.421801 0.0767934 0.00291283
0.439346 0.35754 9.9991E-05 0.203013
0.257402 0.503264 0.239234 9.9991E-05
0.507099 0.227731 0.134512 0.130659
0.0689105 0.509815 9.9991E-05 0.421175
0.454036 0.280607 0.15346 0.111897
0.545511 0.32487 0.0860588 0.0435607
0.524972 0.278651 0.196277 9.9991E-05
0.252771 0.457845 0.0402572 0.249126
0.446906 0.229884 0.101853 0.221357
0.520199 0.306649 0.112167 0.0609853
0.0856157 0.239978 9.9991E-05 0.674306
0.529088 0.247955 0.0902775 0.13268
0.446534 0.337946 9.9991E-05 0.21542
0.453323 0.445428 0.0407585 0.0604906
0.564317 0.232366 0.059216 0.144101
0.430096 0.314154 0.0837996 0.17195
0.260685 0.593715 0.119912 0.0256886
0.36691 0.429823 0.122146 0.0811208
9.9991E-05 0.830405 0.158624 0.0108714
9.9991E-05 0.813202 0.0692707 0.117427
0.333933 0.444835 0.146181 0.0750507
0.553271 0.289063 9.9991E-05 0.157566
0.507324 0.280512 9.9991E-05 0.212064
0.383796 0.319655 9.9991E-05 0.296449
0.474816 0.301812 9.9991E-05 0.223272
0.0535158 0.718639 9.9991E-05 0.227745
0.161946 0.613221 9.9991E-05 0.224734
0.416978 0.561847 9.9991E-05 0.021075
0.371115 0.50521 9.9991E-05 0.123575
0.207345 0.616356 0.0345798 0.14172
0.432239 0.460096 0.0699286 0.0377359
0.44757 0.540116 0.0122138 9.9991E-05
0.457456 0.360784 0.0949285 0.0868313
0.105098 0.70496 0.119749 0.0701938
0.18729 0.645462 0.167147 9.9991E-05
0.301599 0.619565 0.0787354 9.9991E-05
0.253627 0.532934 0.115227 0.0982112
0.331333 0.43128 0.197151 0.0402361
0.213056 0.724596 0.0241072 0.0382411
0.0915258 0.741481 0.166894 9.9991E-05
0.324061 0.629461 0.0463789 9.9991E-05
0.0855987 0.8053 0.0841099 0.0249915
0.240929 0.719859 0.0283828 0.0108296
0.317801 0.461731 0.144424 0.0760439
0.293349 0.584912 0.121639 9.9991E-05
0.414257 0.340606 0.113901 0.131235
0.476099 0.198549 0.169977 0.155375
0.448676 0.256559 0.0910981 0.203667
0.359743 0.318972 0.0836098 0.237676
0.464018 0.295745 0.080414 0.159823
0.385918 0.414775 0.0351858 0.164121
0.0707027 0.562929 9.9991E-05 0.366269
0.591374 0.30413 0.0332878 0.0712085
0.0577851 0.351667 9.9991E-05 0.590448
0.521344 0.444805 0.0075733 0.0262782
9.9982E-05 0.940174 9.9982E-05 0.059626
9.9991E-05 0.843474 0.0856737 0.0707522
0.222244 0.743459 0.0341969 9.9991E-05
0.359377 0.640423 9.9982E-05 9.9982E-05
0.130123 0.804308 0.0654685 9.9991E-05
0.270655 0.620969 0.108276 9.99957E-05
0.334439 0.609869 0.0555924 9.9991E-05
0.105537 0.07558 9.9991E-05 0.818783
0.119847 9.9991E-05 0.139853 0.7402
0.0788131 9.9991E-05 0.0204186 0.900668
0.0741279 9.9982E-05 9.9982E-05 0.925672
0.337984 0.487073 0.174843 9.9991E-05
0.322863 0.537603 0.101437 0.0380978
0.25116 0.705311 0.0434289 9.9991E-05
0.341288 0.543726 9.9991E-05 0.114886
0.324103 0.53631 0.0878725 0.0517144
0.0955611 0.756631 0.129946 0.0178621
0.368452 0.607709 0.0237386 9.9991E-05
0.119452 0.833559 9.9991E-05 0.0468884
0.482978 0.200616 0.125234 0.191172
0.273913 0.679513 0.0464741 9.9991E-05
0.199479 0.612444 0.187134 0.000942916
0.272048 0.645022 0.0828302 9.9991E-05
0.173929 0.647787 0.155835 0.0224499
0.308168 0.675847 0.0158851 9.9991E-05
0.314133 0.612616 0.0614947 0.0117564
9.998E-05 0.9997 9.998E-05 9.998E-05
0.110803 0.845529 9.9991E-05 0.0435682
0.156279 0.676577 0.167044 9.9991E-05
9.9982E-05 0.973666 9.9982E-05 0.0261344
0.213759 0.609404 0.176737 9.9991E-05
9.9982E-05 0.920276 9.9982E-05 0.0795243
9.9991E-05 0.873603 0.0140187 0.112279
0.397488 0.602312 9.9982E-05 9.9982E-05
0.0756782 0.75352 0.10165 0.0691513
0.228269 0.687456 0.0841742 9.9991E-05
0.37903 0.445241 0.122296 0.0534332
0.275928 0.608824 0.115148 9.9991E-05
0.246799 0.449933 0.303168 9.9991E-05
0.297971 0.600175 0.101754 9.9991E-05
0.275929 0.522908 0.178979 0.022185
0.125734 0.85582 0.018347 9.9991E-05
0.34182 0.527159 0.0990621 0.0319593
9.9982E-05 9.9982E-05 0.352725 0.647076
0.0190868 0.0674768 0.140402 0.773034
9.9982E-05 9.9982E-05 0.127582 0.872218
9.9982E-05 9.9982E-05 0.161867 0.837933
9.9982E-05 9.9982E-05 0.265533 0.734267
0.0269577 0.708551 0.242246 0.022246
9.9991E-05 0.739836 0.157291 0.102773
0.0408355 0.958965 9.9982E-05 9.9982E-05
0.365852 0.536302 0.0424979 0.055348
0.447588 0.461685 0.0906271 9.9991E-05
0.124077 0.799514 0.000516821 0.0758913
0.325963 0.599117 0.0748202 9.9991E-05
0.242946 0.699588 9.9991E-05 0.0573667
0.264754 0.567121 0.151153 0.0169726
0.361611 0.569429 0.0644518 0.00450853
0.0949547 0.729387 0.175558 9.9991E-05
0.139915 0.709405 0.133932 0.0167482
0.171947 0.616924 0.211029 9.9991E-05
0.341989 0.54737 9.9991E-05 0.110541
0.179816 0.69009 0.113056 0.0170374
0.344489 0.538021 0.102827 0.0146629
0.690926 0.148791 0.0922911 0.067992
0.622526 0.249046 9.9991E-05 0.128328
0.620143 0.231288 9.9991E-05 0.148469
0.735981 0.129942 9.9991E-05 0.133977
0.601198 0.250771 9.9991E-05 0.147931
0.302051 0.669374 9.9991E-05 0.0284754
0.672475 9.9982E-05 9.9982E-05 0.327325
0.651389 0.0970216 9.9991E-05 0.251489
0.378668 0.423401 9.9991E-05 0.197831
0.357384 0.402895 0.0658222 0.173899
0.293386 0.414046 0.155193 0.137376
0.405716 0.418908 0.111025 0.0643515
0.380861 0.463497 0.105005 0.0506367
0.680355 0.0797623 9.9991E-05 0.239783
0.641555 0.152698 0.102811 0.102936
0.758142 0.109115 0.0935485 0.0391941
0.592158 0.206734 0.128935 0.0721738
0.725467 0.147732 0.0182581 0.108543
0.533521 0.234948 9.9991E-05 0.231431
0.676669 0.106336 9.9991E-05 0.216895
0.625533 0.152089 0.0651566 0.157222
0.298462 0.606803 9.9991E-05 0.0946356
0.612239 0.125761 0.0245304 0.237469
0.75918 0.00416872 9.9991E-05 0.236551
0.600633 0.229348 0.00668842 0.16333
0.0868207 0.437851 0.300808 0.17452
0.420591 0.478954 0.100355 9.9991E-05
0.573877 0.220037 0.0509247 0.155161
0.413535 0.415075 0.0956333 0.0757567
0.250338 0.483578 0.0910734 0.17501
0.412031 0.358167 9.9991E-05 0.229703
0.431269 0.275022 0.0418796 0.25183
0.478039 0.330399 0.0860473 0.105514
0.57991 0.253428 9.9991E-05 0.166562
0.71618 0.108076 9.9991E-05 0.175644
0.659634 9.9991E-05 0.0141411 0.326125
0.416786 0.488647 0.0716177 0.0229495
0.202098 0.549148 0.12437 0.124384
0.0490327 0.648591 9.9991E-05 0.302276
0.409026 0.404744 0.141588 0.0446421
0.306922 0.356209 0.277189 0.0596809
0.394681 0.388816 9.9991E-05 0.216403
0.395134 0.277022 0.256534 0.0713102
0.066714 0.379508 9.9991E-05 0.553678
0.0431304 0.415386 9.9991E-05 0.541384
0.236674 0.448225 0.0681917 0.246909
0.182086 0.302249 9.9991E-05 0.515565
0.191233 0.208039 9.9991E-05 0.600627
0.312158 0.473317 0.00152592 0.212999
0.375411 0.326117 0.0053947 0.293077
0.226464 0.41499 9.9991E-05 0.358447
0.113471 0.43808 9.9991E-05 0.448349
0.360238 0.374133 0.153005 0.112624
0.17097 0.489651 9.9991E-05 0.339279
9.9982E-05 0.328142 9.9982E-05 0.671658
0.469492 0.396976 0.0160276 0.117505
0.464471 0.326205 9.9991E-05 0.209225
0.487112 0.157272 0.13953 0.216087
0.662711 0.185693 0.00548445 0.146111
0.547824 0.300971 0.0182547 0.132951
0.535155 0.249887 0.0160295 0.198928
0.43398 0.136528 0.0586654 0.370827
0.518242 0.23662 0.0978709 0.147267
0.567941 0.108636 0.118757 0.204666
0.447433 0.25616 9.9991E-05 0.296307
0.321592 0.359589 0.137343 0.181476
0.417589 0.359327 0.103359 0.119725
0.498829 0.307073 0.0615873 0.13251
0.458144 0.39573 0.0590255 0.0871005
0.483972 0.136307 0.0894678 0.290253
0.491328 0.360198 9.9991E-05 0.148374
0.289043 0.233432 9.9991E-05 0.477424
0.537049 0.154785 0.15103 0.157136
0.431298 0.2215 9.9991E-05 0.347102
9.9991E-05 0.0619552 0.112335 0.82561
0.035478 0.0263139 0.86518 0.0730283
9.9982E-05 9.9982E-05 0.992527 0.00727283
9.998E-05 9.998E-05 0.9997 9.998E-05
9.998E-05 9.998E-05 0.9997 9.998E-05
0.00247617 9.9991E-05 0.970191 0.0272328
0.00429425 9.9982E-05 0.995506 9.9982E-05
9.9982E-05 9.9982E-05 0.932616 0.0671842
9.9982E-05 9.9982E-05 0.776117 0.223683
0.0723947 9.9991E-05 0.0118984 0.915607
0.0461376 9.9991E-05 0.153317 0.800445
0.10936 9.9991E-05 0.0244581 0.866082
0.037612 0.00919321 0.139382 0.813813
0.0663021 9.9991E-05 0.0136465 0.919951
0.0236521 9.9991E-05 0.0335461 0.942702
0.174943 9.9991E-05 0.0776133 0.747344
0.113045 9.9991E-05 0.00494541 0.881909
0.132491 9.9991E-05 0.165167 0.702242
0.0968746 9.9982E-05 9.9982E-05 0.902925
9.9982E-05 9.9982E-05 0.0126496 0.98715
0.0865927 0.0289789 0.0437414 0.840687
0.042754 9.9991E-05 0.00845687 0.948689
0.103585 9.9982E-05 9.9982E-05 0.896215
0.138022 9.9991E-05 0.0177019 0.844176
0.153598 9.9982E-05 9.9982E-05 0.846202
0.233516 9.9982E-05 9.9982E-05 0.766284
0.240194 9.9991E-05 0.028851 0.730855
0.200604 9.9982E-05 9.9982E-05 0.799196
0.265419 0.436732 0.171872 0.125977
0.35344 0.543022 0.0988069 0.00473204
0.379768 0.382548 0.133067 0.104616
9.9982E-05 0.783105 9.9982E-05 0.216695
0.304237 0.352271 0.219292 0.1242
9.9982E-05 0.667355 9.9982E-05 0.332445
0.395576 0.449496 0.131396 0.0235326
0.129544 0.591411 0.134248 0.144797
0.285377 0.587451 0.0395135 0.0876587
0.242433 0.663921 0.0422237 0.0514221
0.272686 0.402826 0.253836 0.0706523
0.416131 0.514203 0.0410097 0.0286557
0.276832 0.430917 0.23514 0.0571116
0.010495 0.377171 0.570962 0.0413721
9.9991E-05 0.691535 0.0872701 0.221095
0.00508638 0.724667 0.0305732 0.239673
0.393788 0.395452 0.147192 0.0635675
0.315442 0.559621 0.0299137 0.0950233
0.296364 0.585284 0.0184264 0.0999257
0.410871 0.526814 9.9991E-05 0.062215
0.476852 0.240016 0.0941089 0.189023
0.553428 0.225798 0.130215 0.0905593
0.237058 0.119296 0.203274 0.440372
0.320816 0.424015 0.173372 0.0817975
0.364301 0.2454 0.19692 0.193379
0.106037 0.268663 9.9991E-05 0.6252
0.344933 0.300717 9.9991E-05 0.35425
0.318018 0.190703 0.142496 0.348783
0.325891 0.248492 0.143474 0.282144
0.476314 0.299016 0.106689 0.117982
0.477958 0.259337 0.111718 0.150987
0.570499 0.313725 0.11282 0.00295607
0.437545 0.319372 0.0487206 0.194363
0.35885 0.102572 0.0747421 0.463836
