0.0298146 9.9982E-05 0.912501 9.9982E-05 0.0455641 0.0119202
0.00695684 9.9982E-05 0.913247 0.00210784 0.0774882 9.9982E-05
0.00794918 0.109872 0.845125 9.9982E-05 9.9982E-05 0.036854
9.9982E-05 0.075746 0.755705 9.9982E-05 0.0726058 0.0957432
9.999E-05 0.0310861 0.836617 0.0143634 0.0152845 0.102549
0.0593121 0.0660117 0.563355 0.117557 0.0880676 0.105696
9.999E-05 0.00500695 0.819871 0.106941 0.0438177 0.0242638
9.9982E-05 9.9982E-05 0.713562 0.134782 0.132149 0.0193063
0.0286311 9.9982E-05 0.852827 0.0510418 0.0673001 9.9982E-05
9.999E-05 0.123443 0.671251 0.115102 0.0121529 0.0779505
0.00838626 0.0324408 0.754975 0.102501 0.101597 9.9991E-05
0.127617 0.229421 9.9982E-05 9.9982E-05 0.530155 0.112607
0.149621 0.465833 9.9991E-05 0.0155558 0.242571 0.126319
0.195056 0.22951 9.9991E-05 0.0568635 0.438408 0.0800623
0.0453089 0.310107 0.0602183 0.0784684 0.358038 0.147859
0.116575 0.366972 0.142108 0.0458281 0.170449 0.158068
0.0520138 0.594861 0.0686977 0.0152702 0.178239 0.090918
0.197117 0.432149 9.9991E-05 0.0636271 0.26301 0.0439972
0.169927 0.290397 0.126596 9.9991E-05 0.331346 0.0816331
0.0613958 0.0396226 0.0405416 0.150735 0.634353 0.0733525
0.207114 0.391559 9.9991E-05 0.0745853 0.227457 0.0991847
0.169198 0.347947 0.0626195 0.242326 0.139119 0.0387917
0.0430918 0.610718 0.0341211 0.1094 0.19555 0.00711913
0.0944071 0.211986 0.00981158 0.138309 0.392468 0.153018
0.0929409 0.673787 0.0549584 0.0476615 0.0918821 0.0387697
0.126949 0.457032 9.9991E-05 0.0348122 0.293892 0.0872148
0.172148 0.0769329 0.0247679 9.9991E-05 0.556903 0.169148
0.142532 0.190456 0.0201899 0.0475299 0.386327 0.212966
0.0441507 0.298956 0.0142591 0.173342 0.45145 0.0178424
9.9973E-05 0.0895289 0.820577 9.9973E-05 9.9973E-05 0.0895946
9.9964E-05 0.154534 0.845066 9.9964E-05 9.9964E-05 9.9964E-05
9.9973E-05 0.176425 0.803613 9.9973E-05 0.0196615 9.9973E-05
0.0727554 0.063824 0.740547 9.9982E-05 9.9982E-05 0.122673
0.222897 0.545973 9.9991E-05 0.0119237 0.120725 0.0983807
0.199316 0.548323 0.127147 9.9991E-05 0.119132 0.00598248
0.407622 0.530075 0.062003 9.9973E-05 9.9973E-05 9.9973E-05
0.0932764 0.152699 0.101737 9.9991E-05 0.609347 0.0428409
0.659333 0.224851 0.000225747 9.9991E-05 0.06072 0.0547699
0.293667 0.400676 0.0339113 9.9991E-05 0.125151 0.146494
0.25067 0.650806 0.0126762 0.0496516 0.00212152 0.0340742
0.161921 0.550812 0.101343 0.0874025 0.0127553 0.085767
0.0921388 0.649602 0.100788 0.0611476 0.0962239 9.9991E-05
0.73787 0.0764401 0.000998408 0.0192518 0.118974 0.0464655
0.0854791 0.554362 0.0335534 0.189759 0.0461512 0.0906952
0.302936 0.396805 0.0290616 0.0975157 9.9991E-05 0.173581
0.185831 0.51075 0.111066 0.0309796 0.0346588 0.126715
0.708281 0.274319 9.9973E-05 9.9973E-05 0.0171002 9.9973E-05
0.278731 0.567293 0.0628303 9.9982E-05 9.9982E-05 0.0909457
0.237701 0.449769 0.116112 9.9991E-05 0.0940419 0.102276
0.675265 9.9973E-05 0.0483622 0.276073 9.9973E-05 9.9973E-05
0.226149 0.193882 9.9982E-05 0.0787143 0.501055 9.9982E-05
0.162614 0.116393 9.9991E-05 0.421579 0.261959 0.0373553
0.0977486 0.509472 0.0639611 9.9991E-05 0.212899 0.11582
0.029046 0.595124 0.0743079 0.143293 0.0874255 0.0708035
0.0328079 0.635462 0.0093538 0.138097 0.136264 0.0480148
0.210856 0.20966 0.0694942 0.194633 0.315256 9.9991E-05
9.9973E-05 0.60906 9.9973E-05 0.102009 0.288631 9.9973E-05
0.00157751 0.644291 0.0882843 0.0887695 0.134405 0.0426722
0.208532 0.286238 0.0989446 0.0859427 0.320243 9.9991E-05
0.0610858 0.160343 0.225805 0.243016 0.309649 9.9991E-05
0.19536 0.525017 0.0322011 9.9991E-05 0.14076 0.106562
0.106364 0.429902 0.023345 0.0691782 0.27872 0.0924913
0.166784 0.0644628 0.0510077 0.131426 0.586219 9.9991E-05
0.0944988 0.533087 9.9982E-05 0.16283 0.209384 9.9982E-05
0.0433831 0.656687 9.9991E-05 0.146068 0.0317508 0.122011
0.147671 0.602771 0.0621397 0.0761866 0.0668778 0.0443537
0.174659 0.259215 0.0404499 0.135212 0.298048 0.0924161
0.0601108 0.514564 9.9991E-05 0.164351 0.18747 0.0734051
0.0434838 0.574597 0.0651846 0.121581 0.122663 0.0724911
0.186077 0.220997 9.9982E-05 0.17403 0.418696 9.9982E-05
0.479056 0.495937 9.9973E-05 9.9973E-05 0.0247069 9.9973E-05
0.713896 0.145315 0.0109954 9.9991E-05 0.114166 0.015527
0.195692 0.491657 0.0772743 0.0746833 0.093938 0.0667548
0.856254 9.9964E-05 9.9964E-05 0.143346 9.9964E-05 9.9964E-05
0.759608 9.9973E-05 9.9973E-05 0.181531 0.0585612 9.9973E-05
0.808884 0.189518 9.9973E-05 9.9973E-05 9.9973E-05 0.00129864
0.519502 0.443407 0.0224844 9.9982E-05 0.0144067 9.9982E-05
0.133163 0.556181 0.138095 9.9991E-05 0.119791 0.05267
0.485844 0.391898 0.00364946 9.9991E-05 0.0653818 0.0531268
0.605241 0.139704 0.0641467 9.9982E-05 0.190708 9.9982E-05
0.487019 0.20586 0.0209934 9.9982E-05 0.285928 9.9982E-05
0.36066 0.416243 0.0371226 9.9991E-05 0.082782 0.103092
0.678048 0.129006 9.9982E-05 9.9982E-05 0.0620325 0.130713
0.52368 0.409317 0.066703 9.9973E-05 9.9973E-05 9.9973E-05
0.534874 0.399562 9.9973E-05 0.0652644 9.9973E-05 9.9973E-05
0.66135 9.9973E-05 9.9973E-05 0.302986 0.0353642 9.9973E-05
0.358467 0.490149 0.0225027 0.0107375 0.0232974 0.0948464
9.9982E-05 0.104503 0.809534 9.9982E-05 0.0502158 0.0355476
9.9973E-05 0.0746967 0.91368 9.9973E-05 9.9973E-05 0.0113235
9.9973E-05 0.0980359 0.87603 9.9973E-05 9.9973E-05 0.0256341
0.0211607 0.0432408 0.908002 9.9982E-05 9.9982E-05 0.0273966
9.9982E-05 0.121046 0.861001 0.0152786 9.9982E-05 0.00247431
9.9982E-05 0.0376753 0.878875 0.0166735 9.9982E-05 0.0665759
9.9964E-05 0.0715984 0.928002 9.9964E-05 9.9964E-05 9.9964E-05
0.271176 0.442789 0.163896 9.9991E-05 0.0276332 0.0944063
0.0970781 0.680679 0.11863 9.9991E-05 0.0423718 0.061141
0.816324 0.0185173 0.00396187 0.0973789 0.0637184 9.9991E-05
0.235951 0.510442 0.0482481 0.0524662 0.0907809 0.0621118
0.395491 0.448017 0.0424473 9.9982E-05 0.113845 9.9982E-05
0.267746 0.567027 0.0518043 0.0731465 9.9991E-05 0.040176
0.346536 0.487787 9.9973E-05 0.165376 9.9973E-05 9.9973E-05
0.485705 0.435667 0.024252 0.00637833 9.9991E-05 0.0478975
0.777381 9.9973E-05 0.0411255 9.9973E-05 0.181194 9.9973E-05
0.225035 0.501153 0.175744 9.9982E-05 0.097868 9.9982E-05
0.234879 0.582997 0.065394 9.9982E-05 0.116531 9.9982E-05
0.219205 0.473244 0.120093 9.9991E-05 0.11024 0.0771171
0.583605 0.272446 0.0268143 0.106466 9.9991E-05 0.0105688
0.407477 0.492619 0.00101482 0.0709162 9.9991E-05 0.0278731
0.493902 0.391852 0.0624417 9.9991E-05 0.0256944 0.0260093
0.659235 0.231481 9.9973E-05 9.9973E-05 9.9973E-05 0.108983
0.514169 0.318492 0.104999 9.9982E-05 0.0621397 9.9982E-05
0.225814 0.477915 0.176242 0.0013318 0.0821646 0.0365327
0.0818723 0.226111 0.00925782 0.3299 0.34508 0.00777855
9.9991E-05 0.504604 0.147356 0.0943192 0.231848 0.021773
0.0388871 0.555128 0.118181 0.136382 0.151322 9.9991E-05
0.0878662 0.731129 9.9982E-05 0.123716 0.0570891 9.9982E-05
9.9982E-05 0.57848 0.0148891 0.0905423 0.315888 9.9982E-05
9.9982E-05 0.594719 9.9982E-05 0.0689368 0.289216 0.046928
0.0227241 0.531908 0.0186678 0.031447 0.364179 0.0310732
0.16526 0.54988 0.0608918 0.104074 0.119793 9.9991E-05
9.9991E-05 0.527449 0.119676 0.162882 0.126969 0.0629236
0.0295785 0.597859 0.0928861 0.162426 0.11715 9.9991E-05
0.0460548 0.524465 9.9982E-05 0.0607746 0.368505 9.9982E-05
0.0259691 0.701737 0.036703 0.10248 0.124915 0.00819572
9.9991E-05 0.543112 0.0523196 0.25268 0.0278296 0.123959
0.106389 0.568557 9.9982E-05 9.9982E-05 0.262704 0.0621501
9.9991E-05 0.571894 0.0666594 0.0354916 0.201351 0.124504
0.0054676 0.502363 9.9991E-05 0.0967576 0.252472 0.14284
9.9991E-05 0.411945 0.0929971 0.150625 0.344205 0.000127567
9.9982E-05 0.634031 9.9982E-05 0.0571658 0.239646 0.068957
9.9991E-05 0.60655 0.00575044 0.18135 0.104118 0.102131
0.148324 0.251405 9.9991E-05 0.0777608 0.428342 0.0940681
0.0253571 0.168707 0.0175217 0.385691 0.321974 0.0807486
0.119322 0.53409 0.0396818 0.106127 0.160301 0.0404775
0.17551 0.142015 9.9991E-05 0.32199 0.333397 0.026987
0.140025 0.319192 0.0198427 0.101974 0.418866 9.9991E-05
0.256685 0.409616 9.9982E-05 9.9982E-05 0.320703 0.012796
0.129576 0.391927 0.0368483 9.9982E-05 0.441449 9.9982E-05
0.146233 0.370033 9.9991E-05 0.0428844 0.42029 0.020459
0.11424 0.543717 0.0776458 0.0526666 0.125765 0.0859659
0.0187053 0.494484 0.0970529 0.187717 0.103748 0.0982924
0.0958587 0.430395 0.0438104 0.0368576 0.255136 0.137943
0.0989179 0.119362 9.9991E-05 0.360428 0.358598 0.0625943
0.160774 0.5977 0.15633 0.0474609 0.0376357 9.9991E-05
0.287185 0.359422 0.088974 0.143548 0.0421118 0.0787591
0.0955753 0.0646136 0.144714 0.528484 0.166512 9.9991E-05
0.0530397 0.594405 0.124863 0.114238 0.0534799 0.0599743
0.0699574 0.420671 0.12025 0.371062 9.9991E-05 0.0179596
0.0441428 0.530913 0.0565761 0.191626 0.110139 0.0666031
0.190343 0.249375 0.116265 0.380004 0.0639135 9.9991E-05
0.0521334 0.246726 0.021139 0.515602 0.164299 9.9991E-05
0.108115 0.454318 0.02201 0.266729 0.148728 9.9991E-05
0.0444767 0.517431 0.200514 0.135698 0.0944263 0.00745453
0.0227435 0.460742 0.121098 0.204128 0.117249 0.0740393
0.246807 9.9991E-05 0.050801 0.448937 0.0683902 0.184965
0.101629 0.579193 0.0975285 0.162469 0.0322596 0.0269206
0.137606 0.403184 9.9982E-05 0.374805 0.0842045 9.9982E-05
0.0755908 0.513672 9.9991E-05 0.330089 0.0725807 0.00796732
0.150602 0.550406 0.0331586 0.213758 9.9991E-05 0.0519756
9.9982E-05 0.175045 0.354987 0.221989 9.9982E-05 0.247779
9.9973E-05 9.9973E-05 0.524629 0.313313 9.9973E-05 0.161758
9.9973E-05 9.9973E-05 0.471563 0.396007 9.9973E-05 0.13213
9.9991E-05 0.116266 0.427311 0.167328 0.0030723 0.285921
0.10971 0.65792 9.9973E-05 0.232071 9.9973E-05 9.9973E-05
0.0520393 0.668532 0.0824828 0.0650082 0.116732 0.0152055
9.9973E-05 0.309676 9.9973E-05 9.9973E-05 0.0507392 0.639285
0.056153 0.253323 0.00760294 9.9991E-05 0.153694 0.529126
9.9982E-05 0.531055 0.0488056 9.9982E-05 0.11202 0.307919
0.101941 0.373679 9.9973E-05 0.52408 9.9973E-05 9.9973E-05
0.0199433 0.53071 0.096045 0.199356 0.0682809 0.0856644
0.0780155 0.283055 9.9982E-05 0.624108 0.0146222 9.9982E-05
0.133131 0.587265 9.9982E-05 0.259657 9.9982E-05 0.0197472
0.0775766 0.449035 9.9991E-05 0.357551 0.0932076 0.0225298
0.0886385 0.5893 0.00771877 0.258606 0.00889912 0.0468376
0.135663 0.274046 9.9982E-05 0.588371 0.00172013 9.9982E-05
0.207751 0.530706 0.024516 0.0903951 0.0141537 0.132478
9.9991E-05 0.582868 0.0417475 0.189079 0.0674253 0.118781
0.0182717 0.0284128 9.9973E-05 9.9973E-05 9.9973E-05 0.953016
9.9982E-05 0.0823592 9.9982E-05 0.00583966 0.0219148 0.889686
0.111334 0.234934 0.0311107 9.9991E-05 0.0193278 0.603194
9.9973E-05 0.254174 9.9973E-05 9.9973E-05 0.0298244 0.715702
0.0266193 0.113365 0.0183374 9.9991E-05 0.0491633 0.792415
9.996E-05 9.996E-05 9.996E-05 9.996E-05 9.996E-05 0.9995
9.9964E-05 9.9964E-05 9.9964E-05 9.9964E-05 0.0578226 0.941778
9.9964E-05 0.148699 9.9964E-05 9.9964E-05 9.9964E-05 0.850902
0.025823 9.9973E-05 9.9973E-05 9.9973E-05 0.00242228 0.971455
9.996E-05 9.996E-05 9.996E-05 9.996E-05 9.996E-05 0.9995
9.996E-05 9.996E-05 9.996E-05 9.996E-05 9.996E-05 0.9995
9.9973E-05 0.173666 0.018954 9.9973E-05 9.9973E-05 0.807081
9.9991E-05 0.127692 0.0215933 0.00638551 0.0285 0.815729
0.014591 9.9964E-05 9.9964E-05 9.9964E-05 9.9964E-05 0.985009
0.126978 0.302345 0.0361675 0.0111723 0.115222 0.408115
0.0414022 0.115179 9.9982E-05 9.9982E-05 0.125943 0.717277
9.9982E-05 0.189146 0.04768 0.0342371 9.9982E-05 0.728737
9.9982E-05 0.0827423 0.000474047 9.9982E-05 0.00275181 0.913832
0.0133165 9.9964E-05 9.9964E-05 9.9964E-05 9.9964E-05 0.986284
9.9973E-05 0.102721 0.0186923 9.9973E-05 9.9973E-05 0.878287
9.996E-05 9.996E-05 9.996E-05 9.996E-05 9.996E-05 0.9995
0.0407734 0.231205 0.0679029 9.9991E-05 0.055807 0.604212
0.00628639 0.0804126 0.0269117 9.9991E-05 0.0161819 0.870107
9.9973E-05 9.9973E-05 0.320622 0.609492 9.9973E-05 0.0695859
0.0272735 0.454237 0.222001 0.193627 0.0296126 0.0732476
0.108082 0.403845 0.226243 0.162682 9.9991E-05 0.0990473
0.0306979 0.117901 0.20858 0.458082 0.0220285 0.16271
0.11323 0.442123 0.190336 0.167492 0.00625027 0.0805683
0.0757614 0.148264 0.256325 0.368533 9.9991E-05 0.151016
0.140047 0.485164 0.223686 0.150902 9.9982E-05 9.9982E-05
0.0547066 0.280902 0.11838 0.346121 9.9991E-05 0.19979
9.9991E-05 0.427215 0.0908379 0.271811 0.0373501 0.172685
9.9982E-05 0.373395 0.154299 0.305353 9.9982E-05 0.166754
0.0933178 0.47471 0.159003 0.166665 9.9991E-05 0.106205
9.9982E-05 0.0714226 0.820325 0.0530967 0.0549553 9.9982E-05
0.0105726 9.9982E-05 0.940723 0.00217281 9.9982E-05 0.0463319
0.0246811 0.00404878 0.936712 0.00826645 0.0261919 9.9991E-05
9.9973E-05 0.0402902 0.943806 9.9973E-05 0.0156043 9.9973E-05
9.9982E-05 9.9982E-05 0.864673 0.00755996 0.0742046 0.053362
0.00446691 9.9982E-05 0.880242 0.0210851 9.9982E-05 0.0940062
9.9982E-05 0.0557989 0.878927 9.9982E-05 0.00709719 0.0579774
0.0285228 9.9973E-05 0.907083 0.0640946 9.9973E-05 9.9973E-05
0.0278505 0.0414709 0.905131 9.9982E-05 9.9982E-05 0.0253476
9.9982E-05 0.0671511 0.871093 9.9982E-05 0.0132836 0.048272
0.0425398 9.9982E-05 0.599238 9.9982E-05 0.346578 0.0114448
0.0435357 9.9982E-05 0.598101 9.9982E-05 0.340287 0.0178763
0.0530561 9.9982E-05 0.536904 0.124104 0.285736 9.9982E-05
0.144216 9.9982E-05 0.493488 0.00230951 0.359786 9.9982E-05
0.360627 0.420346 0.0604214 0.0327118 0.0665418 0.0593518
0.363876 0.46857 0.0422076 0.0669018 0.00985262 0.0485919
0.149773 0.552237 0.06249 9.9991E-05 0.199744 0.0356556
0.224154 0.440306 0.0782431 9.9982E-05 0.257098 9.9982E-05
0.0980432 0.189228 9.9982E-05 9.9982E-05 0.676551 0.0359777
0.213187 0.643457 0.0901158 0.0232286 0.0286261 0.00138535
0.334338 0.570589 9.9991E-05 0.0442762 0.0266543 0.0240427
0.345048 0.519775 0.0294709 0.0325012 0.0717581 0.00144659
0.543545 0.327902 9.9982E-05 0.0839495 9.9982E-05 0.0444032
0.0982207 0.638578 0.0878975 0.0386232 0.136581 9.9991E-05
0.387665 0.380512 0.00811927 0.0826558 0.140948 9.9991E-05
0.653518 9.9973E-05 9.9973E-05 0.255255 0.0909273 9.9973E-05
9.9982E-05 0.577038 0.0727413 0.129029 0.220992 9.9982E-05
0.501552 0.219383 0.0228815 0.234469 9.9991E-05 0.0216145
0.369974 0.527543 9.9991E-05 0.0400178 0.0604975 0.0018677
0.67445 0.119477 0.0299765 9.9982E-05 0.175897 9.9982E-05
9.9982E-05 0.0120654 0.129567 0.106405 0.751763 9.9982E-05
9.9982E-05 0.0604586 0.143244 0.109946 0.686152 9.9982E-05
9.9982E-05 0.0283964 0.0746759 0.0670609 0.829667 9.9982E-05
0.0292769 9.9982E-05 0.119872 0.0420959 0.808556 9.9982E-05
9.9991E-05 0.0547626 0.017711 0.120678 0.790919 0.0158296
9.9982E-05 0.10298 0.0634407 0.1136 0.71978 9.9982E-05
9.9973E-05 0.0794029 0.859664 9.9973E-05 9.9973E-05 0.0606333
9.9973E-05 0.101899 0.801295 9.9973E-05 0.0965063 9.9973E-05
9.9973E-05 0.0962724 0.779192 9.9973E-05 9.9973E-05 0.124236
9.9982E-05 0.0714678 0.733514 9.9982E-05 0.0581703 0.136648
9.9982E-05 0.096491 0.819481 9.9982E-05 0.018201 0.0656274
9.9973E-05 9.9973E-05 0.372766 0.0733846 0.553549 9.9973E-05
0.0708258 9.9982E-05 0.484585 0.0301578 0.414232 9.9982E-05
0.0508908 9.9991E-05 0.462777 0.0420331 0.426111 0.0180889
9.9982E-05 0.131897 0.825418 9.9982E-05 0.0199346 0.0225506
9.9973E-05 9.9973E-05 0.389655 0.131572 0.478474 9.9973E-05
0.00165798 0.192595 0.204557 0.164215 9.9991E-05 0.436876
0.0825767 0.582976 0.140798 9.9982E-05 9.9982E-05 0.193449
9.9973E-05 0.483795 0.19302 9.9973E-05 9.9973E-05 0.322885
0.0052165 0.40424 0.262656 0.148712 9.9991E-05 0.179076
0.134911 0.37768 0.142742 0.0311508 0.0818031 0.231713
9.9973E-05 9.9973E-05 0.453946 0.259219 9.9973E-05 0.286535
0.194618 0.431894 9.9982E-05 0.0755419 0.297746 9.9982E-05
0.198947 0.341306 9.9991E-05 0.233057 0.204035 0.0225554
0.0174272 0.314287 0.0578387 9.9991E-05 0.586598 0.0237492
0.0522739 0.558511 9.9982E-05 0.229273 0.159742 9.9982E-05
0.161823 9.9973E-05 9.9973E-05 0.650648 0.187229 9.9973E-05
0.117467 0.523909 0.156655 0.107042 0.0948274 9.9991E-05
0.100024 0.409408 9.9991E-05 0.218334 0.229412 0.0427229
0.145486 0.378791 0.0243035 0.0812332 0.370086 9.9991E-05
0.0428676 0.53627 0.091709 0.121889 0.123287 0.0839769
0.217113 0.141711 9.9982E-05 0.401159 0.239817 9.9982E-05
0.0713048 0.433334 9.9991E-05 0.310593 0.110443 0.0742254
0.0952473 0.493265 9.9991E-05 0.0320317 0.311422 0.0679342
0.0535159 0.353312 0.0740634 0.135173 0.1562 0.227735
0.0713269 0.425107 9.9982E-05 0.225644 0.277723 9.9982E-05
0.194871 0.373758 0.0405376 0.0682508 0.290201 0.0323815
0.195726 0.452949 9.9991E-05 0.16756 0.101415 0.0822511
0.186412 0.549979 0.0587375 0.00621845 0.198554 9.9991E-05
0.0867879 0.657081 0.0227436 0.0473406 0.12726 0.0587863
0.0759932 0.533282 0.0974971 0.107861 0.150867 0.0344997
0.113343 0.605863 0.0620851 0.0280512 0.162138 0.0285197
9.9973E-05 0.110042 0.79745 9.9973E-05 9.9973E-05 0.0922082
9.9973E-05 0.132822 0.854271 0.0126073 9.9973E-05 9.9973E-05
0.0443512 0.0494866 0.781877 9.9991E-05 0.0865072 0.0376775
0.101983 0.0302208 0.785312 9.9991E-05 0.040024 0.0423611
9.9964E-05 0.144505 0.855095 9.9964E-05 9.9964E-05 9.9964E-05
0.105928 0.227213 9.9991E-05 0.0362126 0.612149 0.0183981
0.117891 0.525919 9.9991E-05 0.237327 0.073289 0.0454741
9.9991E-05 0.501614 0.231077 0.111356 0.0112852 0.144568
0.0299427 0.684456 0.0141003 0.0963288 0.137906 0.0372658
0.14988 0.468544 0.0966827 9.9991E-05 0.239033 0.0457605
9.9982E-05 0.341492 9.9982E-05 0.223588 0.369883 0.0648376
0.101908 0.0241869 0.155248 0.117817 0.60074 9.9991E-05
0.108317 0.490382 9.9991E-05 0.083314 0.260976 0.0569107
0.103949 0.116914 0.105422 0.0743997 0.559401 0.0399136
0.0636111 0.452193 9.9991E-05 0.283296 0.17157 0.029229
0.0418474 0.161771 0.104098 0.174699 0.517485 9.9991E-05
9.9982E-05 0.660609 0.0784031 9.9982E-05 0.210637 0.0501511
0.054611 0.256185 0.119028 0.0663794 0.503697 9.9991E-05
0.0485038 0.318933 0.0812749 0.210829 0.259449 0.0810098
0.10711 0.398575 0.0425552 0.242082 0.122647 0.0870308
9.9982E-05 0.381571 0.00325034 0.53739 0.077589 9.9982E-05
0.049549 0.576044 0.0533299 0.188992 0.0998719 0.0322135
0.149517 0.504634 0.0684917 0.0875955 0.10337 0.0863914
0.00757058 0.390317 9.9982E-05 0.533614 0.0682985 9.9982E-05
0.0639132 0.525169 0.150913 0.240531 9.9991E-05 0.019374
0.116545 0.545984 0.00705174 0.33022 9.9982E-05 9.9982E-05
0.0674892 0.160942 9.9982E-05 0.658849 0.11252 9.9982E-05
9.9973E-05 0.285504 9.9973E-05 0.689563 0.0246328 9.9973E-05
9.9973E-05 0.545204 9.9973E-05 0.384229 0.0702669 9.9973E-05
0.18519 0.170575 0.0234138 0.504464 0.116257 9.9991E-05
0.107109 0.415297 9.9982E-05 0.359257 0.118137 9.9982E-05
0.154846 0.131296 0.00545922 9.9991E-05 0.616717 0.0915824
0.00577336 0.287889 9.9991E-05 0.31722 0.385745 0.00327289
0.0235098 0.308967 9.9982E-05 9.9982E-05 0.555586 0.111737
0.0247987 0.640501 9.9982E-05 9.9982E-05 0.20269 0.13181
0.188673 0.271146 9.9982E-05 0.0455976 0.494384 9.9982E-05
9.9991E-05 0.421154 0.0306814 0.183925 0.231893 0.132246
0.0791832 0.633531 0.0490871 0.00573409 0.153505 0.0789592
0.050613 0.424637 9.9991E-05 0.10385 0.337754 0.0830458
9.9982E-05 0.486034 9.9982E-05 0.0600806 0.317544 0.136142
0.190189 0.453476 0.015265 9.9991E-05 0.284059 0.0569117
0.1019 0.267958 9.9982E-05 9.9982E-05 0.568724 0.0612181
0.074717 0.364553 9.9991E-05 0.0319816 0.451247 0.0774015
9.9973E-05 0.629756 9.9973E-05 0.124842 0.245102 9.9973E-05
0.0454278 0.540559 0.137567 0.0701829 0.100394 0.105869
0.133953 0.418128 0.0169081 0.169854 0.26062 0.000536292
0.0399923 0.574005 9.9991E-05 0.0684356 0.278951 0.0385162
0.0937769 0.407512 0.0911555 0.0994879 0.306592 0.00147551
0.0108352 0.642625 0.0768279 9.9982E-05 0.269512 9.9982E-05
0.083644 0.550988 0.0419861 0.023074 0.228273 0.072035
0.000746031 0.534415 0.050038 0.0605197 0.268078 0.0862033
0.0753115 0.407288 0.415672 9.9982E-05 9.9982E-05 0.101528
0.0248626 0.424519 0.105068 0.131224 0.0261273 0.288199
0.0955538 0.449082 0.164653 0.0682894 0.0228212 0.199601
0.0483595 0.54924 0.0829293 0.0762274 0.122141 0.121103
0.0863341 0.452997 0.191343 0.0625927 0.000581641 0.206152
9.9973E-05 0.511212 9.9973E-05 0.276476 0.212012 9.9973E-05
0.0988879 0.449806 0.177949 0.0210816 0.126176 0.1261
0.125719 0.0071421 0.22203 0.42944 0.017666 0.198002
0.0798737 0.494786 0.0847834 0.053505 0.0756373 0.211415
0.11839 0.512886 0.186485 0.00808673 0.0161874 0.157964
0.0888463 0.470193 0.0631663 0.0394774 0.0783947 0.259922
0.0905354 0.29524 0.17875 0.233767 0.0510854 0.150622
0.109785 0.468634 0.20093 0.0629392 9.9991E-05 0.157611
9.9982E-05 0.580183 0.144021 0.118798 9.9982E-05 0.156799
9.9973E-05 9.9973E-05 0.473941 0.320763 9.9973E-05 0.204996
0.0634777 0.504827 0.228792 0.0207912 0.0320001 0.150112
9.9982E-05 0.513969 0.1526 0.0991955 9.9982E-05 0.234036
9.9991E-05 0.629411 0.164583 0.127877 0.00279522 0.0752334
9.9982E-05 0.508112 0.214943 0.110818 9.9982E-05 0.165927
0.0250975 0.497276 0.195728 0.137746 0.029206 0.114946
0.276468 0.36436 0.032175 0.153635 0.10279 0.0705728
0.0149964 0.611105 0.120513 0.190795 0.0624899 9.9991E-05
0.240659 0.0856755 9.9982E-05 0.512163 0.161303 9.9982E-05
0.141771 0.0597352 9.9982E-05 0.704198 0.0940955 9.9982E-05
0.071139 0.479209 0.0537944 0.288221 0.0260435 0.0815926
9.9982E-05 0.43097 0.124416 0.181616 9.9982E-05 0.262798
9.9982E-05 0.370099 0.0843515 0.236438 9.9982E-05 0.308911
0.0278389 0.147314 0.166416 0.312123 9.9991E-05 0.346209
0.00873198 0.39039 0.147576 0.189082 9.9991E-05 0.26412
9.9991E-05 0.20119 0.0785556 0.660625 0.00215744 0.0573726
9.9982E-05 0.182362 0.0566028 0.610474 9.9982E-05 0.150362
0.0797708 0.594231 0.0311143 0.216509 9.9991E-05 0.0782756
0.0118812 0.532207 0.0127244 0.264547 0.0571323 0.121508
0.0299112 0.26138 0.0535252 0.537934 9.9991E-05 0.11715
0.0102918 0.515151 0.0614089 0.220956 0.0555081 0.136684
9.9973E-05 0.678054 9.9973E-05 0.248838 9.9973E-05 0.0728084
0.0112373 0.480954 0.0368059 0.294647 0.0605869 0.115769
0.114806 0.359025 9.9982E-05 0.386457 0.139512 9.9982E-05
0.172728 0.391463 9.9991E-05 0.37315 0.055406 0.00715297
0.0725122 0.468495 0.0234348 0.312434 0.10129 0.0218336
0.0959269 0.471386 0.0161798 0.253345 0.163062 9.9991E-05
0.156561 0.40996 0.10053 0.120936 0.0655177 0.146495
9.9982E-05 0.517398 0.00817255 0.413102 0.0611273 9.9982E-05
0.0206272 0.317367 9.9982E-05 0.551687 0.110119 9.9982E-05
0.244428 0.487743 9.9982E-05 0.20213 9.9982E-05 0.0654986
0.232151 0.260113 9.9982E-05 0.418123 0.0894129 9.9982E-05
0.0144644 0.502361 9.9982E-05 0.474947 9.9982E-05 0.00802791
0.166278 0.564853 0.112318 0.0505963 0.0174191 0.088536
0.199197 0.433227 0.0539499 0.138875 0.118641 0.0561107
0.00831258 0.535223 0.171916 0.118959 9.9991E-05 0.165489
0.0799844 0.499093 0.143174 0.125991 0.0129215 0.138836
0.0795306 0.344204 0.166375 0.127214 0.0215325 0.261145
9.9991E-05 0.342234 0.170618 0.148821 0.123932 0.214295
0.188857 0.33403 0.155037 9.9991E-05 0.08424 0.237737
9.9991E-05 0.489707 0.103551 0.22954 0.0165771 0.160526
0.0280584 9.9991E-05 0.109291 0.590578 0.0562952 0.215678
9.9982E-05 0.648879 0.0996169 0.113021 9.9982E-05 0.138283
9.9973E-05 9.9973E-05 0.349437 0.516014 9.9973E-05 0.134249
0.107801 0.418101 0.0267678 0.175434 9.9991E-05 0.271796
0.278322 0.120772 9.9973E-05 0.600606 9.9973E-05 9.9973E-05
0.280453 9.9973E-05 9.9973E-05 0.603333 0.115914 9.9973E-05
0.150861 0.473635 9.9982E-05 0.294204 0.0810997 9.9982E-05
0.0627194 0.701667 9.9982E-05 0.216008 0.0194061 9.9982E-05
0.088808 0.401254 9.9982E-05 0.436857 0.0728808 9.9982E-05
0.230817 0.525717 9.9973E-05 0.243166 9.9973E-05 9.9973E-05
0.146049 0.525159 9.9982E-05 0.249865 0.0787277 9.9982E-05
0.0291237 0.0833315 0.800898 0.0074835 0.0246903 0.0544728
9.9991E-05 0.000440764 0.708807 0.0233795 0.167748 0.0995245
9.9982E-05 0.0105106 0.91246 9.9982E-05 0.0429213 0.0339083
9.9964E-05 0.0539116 0.945689 9.9964E-05 9.9964E-05 9.9964E-05
0.363213 0.443964 0.0662706 0.0420614 0.0843904 9.9991E-05
0.386009 0.393537 0.0499521 9.9991E-05 0.0974959 0.0729065
0.432204 0.49492 9.9973E-05 9.9973E-05 0.0725755 9.9973E-05
0.384298 0.507091 0.0810366 9.9982E-05 9.9982E-05 0.0273744
0.210364 0.431748 0.0246985 0.0865902 0.142041 0.104557
0.54781 0.199168 0.0387942 0.0521972 0.161931 9.9991E-05
0.378008 0.56018 9.9982E-05 0.0163373 9.9982E-05 0.045275
0.511991 0.311801 9.9973E-05 0.175907 9.9973E-05 9.9973E-05
0.0283109 0.437445 0.240223 0.0768175 0.0161464 0.201057
0.399025 0.407743 9.9991E-05 0.12183 0.0649884 0.00631377
0.548327 0.294129 0.0340843 0.0178404 0.105519 9.9991E-05
0.316899 0.600816 9.9982E-05 0.0196404 0.0624444 9.9982E-05
0.539964 0.331671 0.00337031 9.9991E-05 0.119932 0.00496203
0.40665 0.567939 0.00710633 0.0105002 9.9991E-05 0.00770395
0.373651 0.553679 0.0723702 9.9973E-05 9.9973E-05 9.9973E-05
0.883489 0.0558783 9.9973E-05 0.0603329 9.9973E-05 9.9973E-05
0.644283 0.21675 0.00632048 0.121077 9.9991E-05 0.0114697
0.64896 0.279233 9.9982E-05 0.0112739 0.0603325 9.9982E-05
0.782036 9.9964E-05 9.9964E-05 0.217564 9.9964E-05 9.9964E-05
0.400592 0.363648 0.0574656 0.0195759 0.158618 9.9991E-05
0.666813 0.0779872 9.9982E-05 0.227109 0.0278904 9.9982E-05
0.688682 9.9964E-05 9.9964E-05 0.310918 9.9964E-05 9.9964E-05
0.381426 0.515011 0.0334447 9.9982E-05 9.9982E-05 0.0699181
0.727928 0.113424 0.0567261 0.00983481 0.0524768 0.0396106
0.438889 0.359699 0.0159699 9.9991E-05 0.101789 0.0835533
0.19233 0.625988 0.162899 0.0185825 9.9982E-05 9.9982E-05
0.425125 0.464369 9.9973E-05 9.9973E-05 0.110206 9.9973E-05
0.0853666 0.323332 9.9991E-05 0.252189 0.24522 0.093792
0.323424 0.49224 0.017358 0.049736 0.0683245 0.0489177
0.291902 0.47109 0.0464682 0.114798 0.0756425 9.9991E-05
0.687452 0.300095 9.9973E-05 0.0121533 9.9973E-05 9.9973E-05
0.212556 0.53068 0.0439847 0.123066 0.0896131 9.9991E-05
9.9973E-05 9.9973E-05 0.653783 0.0523494 0.293567 9.9973E-05
0.0368557 0.065339 0.78106 0.00080165 0.115844 9.9991E-05
9.9973E-05 9.9973E-05 0.819516 0.0497824 0.130401 9.9973E-05
0.0113656 9.9982E-05 0.824361 0.0196452 0.144429 9.9982E-05
9.9973E-05 0.0519606 0.741875 9.9973E-05 0.205865 9.9973E-05
0.742194 9.9982E-05 0.0572308 9.9982E-05 0.133993 0.0663819
0.640765 0.12271 0.0820374 0.00908681 0.145301 9.9991E-05
0.838744 0.0434866 9.9982E-05 0.0749531 9.9982E-05 0.0426163
0.26494 0.419188 0.0461205 0.0590761 0.0159703 0.194705
0.221688 0.552246 0.0805273 0.0476296 0.00617186 0.0917369
0.55436 0.301667 0.0112356 0.122841 9.9991E-05 0.00979639
0.379857 0.544247 0.00920549 9.9982E-05 9.9982E-05 0.0664904
0.511052 0.300095 0.0618008 0.104137 9.9991E-05 0.0228155
0.295861 0.587595 0.0707634 0.0380657 0.00761504 9.9991E-05
0.305746 0.497541 0.0798085 0.0408237 0.00445731 0.0716238
0.535298 0.201657 9.9991E-05 0.0209063 0.182178 0.0598609
0.674446 0.257381 0.0270235 9.9982E-05 0.0409491 9.9982E-05
0.555318 0.24876 9.9982E-05 9.9982E-05 0.195365 0.000357039
0.074632 0.618261 0.101544 0.153704 0.0453155 0.00654356
0.619915 0.317903 0.000906604 9.9982E-05 0.0610753 9.9982E-05
0.466424 0.465115 0.0569123 0.00593599 0.00551292 9.9991E-05
0.076692 0.372204 0.0852857 9.9991E-05 0.0274105 0.438307
0.0188043 0.436957 0.112001 0.0202805 0.00717013 0.404787
9.9982E-05 0.424656 0.153672 0.0429266 9.9982E-05 0.378545
9.9982E-05 0.332463 0.165921 0.0416442 9.9982E-05 0.459772
9.9991E-05 0.40257 0.0370223 0.157392 0.0279352 0.37498
0.351761 0.432786 0.00543125 0.140873 9.9991E-05 0.069049
9.9982E-05 9.9982E-05 0.248703 0.0297954 0.0467343 0.674567
9.9982E-05 0.370927 0.16293 0.0386489 9.9982E-05 0.427294
0.0227881 0.459458 0.173598 0.187249 9.9991E-05 0.156807
9.9973E-05 0.57121 0.162117 0.266373 9.9973E-05 9.9973E-05
0.0764309 0.440631 0.135707 0.265261 0.0607574 0.0212132
0.0612654 0.553386 0.188594 0.194375 0.000425628 0.00195381
0.0932089 0.621715 0.145383 0.0382094 0.101384 9.9991E-05
9.9982E-05 0.382475 0.193213 0.0468837 9.9982E-05 0.377228
0.0536968 0.27189 0.0591026 9.9991E-05 0.129631 0.48558
9.9982E-05 0.341801 0.0759685 0.0541068 9.9982E-05 0.527924
0.060211 0.361953 0.0597097 0.0494219 0.100212 0.368492
9.99862E-05 0.311063 0.0896286 0.0367509 9.99862E-05 0.562358
0.0824686 0.419469 0.166045 9.9991E-05 0.0125683 0.31935
0.00590905 0.145983 0.0790744 0.0999389 9.9991E-05 0.668995
0.0809616 0.332259 0.0404917 0.0442944 0.0604868 0.441506
0.209141 0.417588 0.0439541 0.224786 0.0227165 0.0818148
9.9991E-05 0.433871 0.211894 0.0646316 0.0419081 0.247596
0.0114973 0.149112 0.134108 0.0293078 9.9991E-05 0.675874
0.0695402 0.384669 0.106464 9.9991E-05 0.041234 0.397993
0.0699926 0.235761 0.166369 0.260098 0.26768 9.9991E-05
9.9982E-05 0.658376 0.0870239 0.253269 9.9982E-05 0.00113175
0.0137953 0.32788 0.169999 0.0273709 0.123892 0.337063
9.9982E-05 0.645586 0.15555 0.17441 0.0242544 9.9982E-05
0.0969851 0.497787 0.149375 0.253385 0.00236857 9.9991E-05
0.0830448 0.289845 0.174194 0.171704 9.9991E-05 0.281112
0.02696 0.33606 0.211389 0.163507 9.9991E-05 0.261984
0.160597 0.507955 0.157312 0.000170935 0.0459053 0.12806
0.052731 0.442155 0.0757808 0.0853089 9.9991E-05 0.343925
9.9982E-05 0.422485 0.0836937 0.0509369 9.9982E-05 0.442685
9.9991E-05 0.154 0.18959 0.0326781 0.0188624 0.604769
9.9991E-05 0.67173 0.0799641 0.151929 0.0887958 0.00748108
0.0842701 0.513727 0.114822 0.160656 0.126425 9.9991E-05
9.9982E-05 0.229587 0.134676 0.593971 9.9982E-05 0.0415656
0.0655161 0.553072 0.140256 0.177478 0.0169851 0.0466921
0.0268137 0.477851 0.139425 0.116821 0.233874 0.00521518
0.0964189 0.459101 0.198741 0.128029 9.9991E-05 0.11761
9.9991E-05 0.399506 0.123465 0.205472 0.156977 0.11448
9.9973E-05 9.9973E-05 0.25357 0.532057 9.9973E-05 0.214073
9.9973E-05 9.9973E-05 0.318575 0.575977 9.9973E-05 0.105148
9.9991E-05 0.336816 0.15285 0.408512 0.0452818 0.0564407
9.9973E-05 9.9973E-05 0.304933 0.473002 9.9973E-05 0.221765
9.9973E-05 9.9973E-05 0.412419 0.382487 9.9973E-05 0.204794
0.0529979 0.342395 0.113686 0.331441 9.9991E-05 0.159381
0.024072 0.398952 0.248072 0.246317 9.9991E-05 0.0824874
0.0706591 0.182052 0.28096 0.270415 0.0171398 0.178775
9.9982E-05 0.0953161 0.279269 0.481934 9.9982E-05 0.143281
0.0643566 0.342913 0.0354212 0.246547 0.0499337 0.260828
0.0379705 0.157613 0.190165 0.441691 0.0223672 0.150193
9.9973E-05 9.9973E-05 0.450867 0.522395 9.9973E-05 0.0264387
0.10596 0.464146 0.106975 0.128929 0.0499164 0.144072
9.9991E-05 0.259845 0.107357 0.297605 0.0261567 0.308937
0.0744096 0.387191 0.301537 9.9982E-05 9.9982E-05 0.236663
0.00454605 0.584729 0.128437 0.0180453 9.9991E-05 0.264143
0.0680328 0.51941 0.205878 9.9991E-05 0.0328311 0.173748
0.0790001 0.359169 0.122297 0.0898577 0.0341748 0.315502
9.9991E-05 0.394124 0.325179 0.0152063 0.0746307 0.19076
9.9991E-05 0.596733 0.272309 0.0343244 0.0187337 0.0778001
9.9973E-05 0.559354 0.235691 9.9973E-05 9.9973E-05 0.204656
9.9991E-05 0.273278 0.223493 0.197774 0.0452094 0.260146
0.377632 0.2435 0.208589 0.0102575 0.0308714 0.12915
0.0386996 0.507417 0.171875 9.9991E-05 0.184925 0.0969832
0.0722484 0.623942 0.166983 0.0356794 9.9991E-05 0.101048
0.0716749 0.528991 0.135286 0.12809 9.9991E-05 0.135859
9.9982E-05 0.413233 0.31221 0.0409454 9.9982E-05 0.233412
0.0485273 0.556372 0.214348 0.00187562 9.9991E-05 0.178777
9.9982E-05 0.161449 0.378996 0.25076 9.9982E-05 0.208595
0.0445807 0.53372 0.198034 0.0839377 9.9991E-05 0.139628
9.9982E-05 0.199691 0.253721 0.24578 9.9982E-05 0.300609
0.0911163 0.00437054 0.772834 0.0252628 0.106316 9.9991E-05
9.9991E-05 0.067864 0.0648526 0.0419014 0.781981 0.0433009
9.9964E-05 9.9964E-05 0.00441147 9.9964E-05 0.995189 9.9964E-05
9.9964E-05 9.9964E-05 0.0182707 9.9964E-05 0.981329 9.9964E-05
9.9964E-05 9.9964E-05 9.9964E-05 9.9964E-05 0.985204 0.0143965
9.9973E-05 0.00227032 9.9973E-05 9.9973E-05 0.949578 0.047852
9.9964E-05 0.0718567 9.9964E-05 9.9964E-05 0.927743 9.9964E-05
0.0316062 9.9973E-05 0.0448702 9.9973E-05 0.923224 9.9973E-05
9.9973E-05 0.0018555 0.202683 9.9973E-05 0.795162 9.9973E-05
0.0257405 0.0706975 0.903262 9.9973E-05 9.9973E-05 9.9973E-05
9.9982E-05 0.0721089 0.793049 0.0361463 0.0984961 9.9982E-05
0.051359 0.022055 0.888955 9.9982E-05 9.9982E-05 0.037431
9.9982E-05 0.0417004 0.835658 0.0425352 0.0799066 9.9982E-05
9.9973E-05 9.9973E-05 0.888526 9.9973E-05 0.0550918 0.0560819
0.0280083 9.9991E-05 0.845433 0.033339 0.0419513 0.0511681
9.9991E-05 0.0391519 0.654431 0.011105 0.125258 0.169954
0.0103955 0.0313238 0.844678 9.9982E-05 9.9982E-05 0.113402
0.0267609 0.00840897 0.6689 9.9991E-05 0.160396 0.135434
0.0301493 9.9973E-05 0.889102 9.9973E-05 9.9973E-05 0.0804485
0.0618078 9.9973E-05 0.935176 9.9973E-05 0.0027159 9.9973E-05
9.9982E-05 9.9982E-05 0.800897 0.0588918 0.0550277 0.0849832
9.9964E-05 9.9964E-05 0.936067 9.9964E-05 0.0635333 9.9964E-05
9.9973E-05 0.03588 0.910824 9.9973E-05 9.9973E-05 0.0529964
0.019028 0.0475391 0.867337 9.9982E-05 9.9982E-05 0.0658955
9.9973E-05 0.0844406 0.870469 9.9973E-05 9.9973E-05 0.04479
9.9973E-05 0.108604 0.789088 9.9973E-05 9.9973E-05 0.102009
9.9973E-05 0.110749 0.800532 9.9973E-05 9.9973E-05 0.0884189
0.00829277 0.138999 0.830395 9.9982E-05 9.9982E-05 0.0221134
0.019348 0.460309 0.149687 0.316899 0.0536559 9.9991E-05
9.9982E-05 0.741499 0.0715018 0.157496 0.0293035 9.9982E-05
0.0679142 0.566821 0.166675 0.0538178 0.0779721 0.0667999
0.0840393 0.189906 0.040788 0.685067 9.9982E-05 9.9982E-05
9.9982E-05 0.618556 0.107517 0.160948 0.112778 9.9982E-05
9.9973E-05 0.137389 0.141101 0.721209 9.9973E-05 9.9973E-05
9.9982E-05 0.673192 0.116077 0.192815 9.9982E-05 0.0177156
0.103646 0.445914 0.0736012 0.315968 0.0607713 9.9991E-05
0.0755219 0.549247 0.104116 0.212066 0.0589496 9.9991E-05
0.438331 0.490232 0.0711367 9.9973E-05 9.9973E-05 9.9973E-05
0.0704589 0.461851 0.0952983 0.20037 0.171921 9.9991E-05
0.076691 0.639099 0.110682 0.122668 0.05076 9.9991E-05
9.9982E-05 0.64332 0.0849963 0.203592 0.0678917 9.9982E-05
0.0737557 0.123206 9.9991E-05 0.339607 0.443091 0.0202413
9.9973E-05 0.0314418 9.9973E-05 0.844274 0.123985 9.9973E-05
9.9982E-05 0.223371 0.0783912 0.644502 0.0535355 9.9982E-05
9.9982E-05 0.673463 0.116462 0.163868 0.0460076 9.9982E-05
0.0488789 0.531683 0.096376 0.279931 0.03183 0.0113007
0.00676142 0.580805 0.109502 0.301758 0.00107308 9.9991E-05
0.27566 0.532581 0.0958149 0.0552929 0.00305716 0.0375938
0.0856161 0.5407 0.256216 9.9982E-05 9.9982E-05 0.117268
0.0307938 0.634605 0.176105 9.9991E-05 0.0436611 0.114735
0.0694573 0.134647 0.418964 0.13924 0.112863 0.12483
0.192405 0.565013 0.181623 9.9991E-05 0.0579485 0.00291035
0.00403989 0.540211 0.280983 0.08098 0.0413083 0.0524773
9.9973E-05 9.9973E-05 0.435171 0.404335 9.9973E-05 0.160194
0.0619138 0.321365 0.277078 0.161848 9.9991E-05 0.177695
0.129673 0.288532 0.338513 0.0620091 0.00782249 0.17345
9.9991E-05 0.478276 0.342409 0.0180605 0.117207 0.0439475
9.9991E-05 0.499961 0.157653 0.0517008 0.0837299 0.206856
0.0708221 0.516201 0.225069 9.9991E-05 0.0441912 0.143617
9.9991E-05 0.667339 0.201358 0.00900095 0.0447213 0.0774801
0.126758 0.389822 0.135679 0.141215 9.9991E-05 0.206426
0.0588111 0.332084 0.494357 9.9982E-05 9.9982E-05 0.114548
