0.011006 9.9982E-05 0.0547591 9.9982E-05 0.901673 0.0323615
9.9964E-05 0.0730791 9.9964E-05 9.9964E-05 0.926521 9.9964E-05
0.13152 9.9982E-05 0.0319875 9.9982E-05 0.824205 0.0120874
9.9973E-05 9.9973E-05 0.109712 9.9973E-05 0.787397 0.102591
0.00743016 9.9982E-05 9.9982E-05 0.0478349 0.862691 0.0818443
0.0573243 0.0514569 0.0461591 0.165033 0.617135 0.0628913
9.9982E-05 9.9982E-05 0.0392292 0.0893686 0.867052 0.00415052
0.0153328 9.9991E-05 0.117932 0.113019 0.688698 0.0649184
9.99729E-05 9.99729E-05 0.106609 0.0512527 0.841838 9.99729E-05
0.147477 9.9991E-05 0.0302508 0.114868 0.680455 0.0268495
0.0113371 0.0477489 0.0754506 0.133228 0.723557 0.00867875
0.171987 0.293615 0.434204 0.00825759 9.9991E-05 0.0918364
0.514522 0.0309822 0.32604 9.9991E-05 0.0317394 0.096616
0.216756 0.123623 0.458965 0.0767447 0.0142227 0.10969
0.288084 0.120898 0.357502 0.00379427 0.0400255 0.189697
0.356928 0.0872696 0.254565 0.0934863 0.0757988 0.131953
0.627387 9.9982E-05 0.172732 0.121344 9.9982E-05 0.0783372
0.421115 0.039708 0.245144 0.179212 9.9991E-05 0.114721
0.252003 0.210161 0.311883 9.9991E-05 0.12514 0.100713
9.999E-05 0.192784 0.588295 0.107765 0.0409571 0.0700985
0.315138 0.205439 0.300941 0.0498247 9.9991E-05 0.128557
0.522474 0.0793394 0.142103 0.175493 0.0292462 0.051345
0.552989 0.0844765 0.212165 0.0686846 0.0378096 0.0438757
0.249447 0.276403 0.3316 9.9982E-05 9.9982E-05 0.14235
0.649652 0.0953684 0.0648618 0.0471085 0.053914 0.0890949
0.568662 0.162349 0.197299 9.9991E-05 0.0446219 0.0269688
0.0855261 0.290127 0.453218 9.9991E-05 0.046411 0.124619
0.138719 0.196904 0.429308 0.0198045 9.9991E-05 0.215164
0.290416 0.182848 0.374066 0.15247 9.9982E-05 9.9982E-05
0.0902955 9.9973E-05 9.9973E-05 9.9973E-05 0.815643 0.0937614
0.164043 9.9964E-05 9.9964E-05 9.9964E-05 0.835557 9.9964E-05
0.191043 9.9964E-05 9.9964E-05 9.9964E-05 0.808557 9.9964E-05
0.0585159 0.115326 0.00317388 9.9991E-05 0.755287 0.067597
0.590695 0.190164 0.0811347 0.134587 9.9991E-05 0.00331899
0.415635 0.289009 0.114858 9.9991E-05 0.146015 0.0343836
0.490973 0.360991 9.9991E-05 0.0660863 0.044269 0.0375798
0.133318 0.143954 0.525843 0.0623863 0.104906 0.0295919
0.321829 0.537495 9.9991E-05 0.115237 0.0111086 0.014231
0.496803 0.293912 0.100457 0.0214972 0.0867181 0.000612318
0.646014 0.222166 9.9982E-05 0.116435 9.9982E-05 0.0151845
0.61192 0.159443 0.0521296 0.0553126 0.121095 9.9991E-05
0.655842 0.0374822 0.0595975 0.128771 0.0824279 0.035879
0.0437693 0.784737 0.111215 9.9982E-05 0.0600791 9.9982E-05
0.614237 0.0483061 0.0313917 0.245003 0.0588017 0.00226008
0.534099 0.258944 9.9991E-05 0.108008 0.0144887 0.08436
0.565135 0.190072 0.022568 9.9991E-05 0.154888 0.067237
0.281152 0.678135 9.9973E-05 0.040413 9.9973E-05 9.9973E-05
0.556763 0.271736 0.0770372 0.0556561 0.0386552 0.000152754
0.481453 0.191014 0.0597957 0.105167 0.0471006 0.11547
9.9973E-05 0.528289 9.9973E-05 0.424568 0.0468426 9.9973E-05
0.213561 0.212437 0.414555 0.159248 9.9982E-05 9.9982E-05
0.160565 0.191835 0.176479 0.428612 0.0144088 0.0281
0.632603 0.0430629 0.0873462 0.089557 0.0919299 0.0555005
0.685407 0.0447587 0.0922669 0.114282 0.0345202 0.0287657
0.551433 0.0964013 0.0995349 0.118995 0.0305913 0.103044
0.174532 0.279402 0.327064 0.10003 0.118872 9.9991E-05
0.621257 0.0662103 0.196303 0.11603 9.9982E-05 9.9982E-05
0.511126 0.0443549 0.145718 0.107432 0.0449085 0.146461
0.294618 0.273032 0.153806 0.115698 0.13055 0.0322966
0.0464381 0.205593 0.304055 0.158562 0.228985 0.0563671
0.594399 0.0881249 0.235151 0.0220455 0.0182664 0.0420137
0.31242 0.202291 0.272086 0.0763051 0.0285183 0.10838
0.0706541 0.243728 0.487162 0.149106 0.0492497 9.9991E-05
0.493486 0.0604521 0.228715 0.204796 9.9991E-05 0.0124514
0.541966 0.0736812 0.0704375 0.184344 0.000311547 0.12926
0.573209 0.00696015 0.195929 0.110092 9.9991E-05 0.11371
0.279778 0.227884 0.299057 0.0929287 0.0339563 0.0663967
0.5134 9.9991E-05 0.225404 0.198289 0.00752578 0.0552809
0.687125 9.9973E-05 0.249202 0.0633727 9.9973E-05 9.9973E-05
0.218387 0.194188 0.393611 0.152405 0.0413096 9.9991E-05
0.48555 0.51405 9.9964E-05 9.9964E-05 9.9964E-05 9.9964E-05
0.060812 0.826862 0.0839326 9.9991E-05 0.00425285 0.0240401
0.616019 0.18953 0.0610584 0.0201406 0.110725 0.00252652
9.9964E-05 0.810008 9.9964E-05 0.189592 9.9964E-05 9.9964E-05
9.9973E-05 0.83544 0.00192159 0.162338 9.9973E-05 9.9973E-05
0.203315 0.757383 0.0100271 0.0290744 9.9982E-05 9.9982E-05
0.422116 0.468218 0.0816653 0.0179949 9.9991E-05 0.00990595
0.482566 0.201502 0.0685254 9.9991E-05 0.122982 0.124325
0.380447 0.473621 0.089075 0.0135137 0.00542401 0.0379193
0.0638845 0.703689 0.155438 9.9991E-05 0.0180754 0.0588137
0.207288 0.475324 0.278398 9.9982E-05 0.0387897 9.9982E-05
0.612641 0.193374 0.0401129 9.9991E-05 0.130692 0.0230796
0.188545 0.641007 0.0386392 9.9991E-05 0.0386779 0.0930306
0.405365 0.476467 0.0240274 9.9991E-05 0.0922679 0.00177228
0.325107 0.623348 9.9982E-05 0.0290297 0.0223149 9.9982E-05
9.9973E-05 0.646443 0.000406451 0.352851 9.9973E-05 9.9973E-05
0.608125 0.345267 0.00605267 0.0228654 9.9991E-05 0.0175904
0.0931608 0.00928736 0.0458103 9.9991E-05 0.806129 0.045513
0.0970407 9.9964E-05 9.9964E-05 9.9964E-05 0.902559 9.9964E-05
0.0782367 9.9973E-05 9.9973E-05 9.9973E-05 0.872813 0.0486504
0.0882623 9.9964E-05 9.9964E-05 9.9964E-05 0.911338 9.9964E-05
0.0871913 9.9982E-05 0.0036217 9.9982E-05 0.899059 0.00992796
9.9982E-05 0.0654727 9.9982E-05 0.024024 0.857868 0.0524355
0.0673868 9.9973E-05 9.9973E-05 9.9973E-05 0.922063 0.0102502
0.420607 0.345901 0.0607291 9.9991E-05 0.0446858 0.127977
0.600004 0.216384 9.9973E-05 9.9973E-05 0.183312 9.9973E-05
9.9973E-05 0.884185 0.0680806 9.9973E-05 0.0474348 9.9973E-05
0.534686 0.0823747 0.1424 0.0910843 0.0472116 0.102243
0.428587 0.436699 0.0557441 0.00135645 0.0676191 0.00999471
0.532933 0.361426 9.9982E-05 9.9982E-05 0.0678004 0.0376403
0.56317 0.285163 9.9982E-05 0.0623611 0.0891059 9.9982E-05
0.43355 0.388037 9.9982E-05 0.1228 9.9982E-05 0.0554125
9.9973E-05 0.708734 0.215352 9.9973E-05 0.0756142 9.9973E-05
0.470507 0.229987 0.0944219 9.9991E-05 0.0921691 0.112815
0.642319 0.248599 9.9982E-05 9.9982E-05 0.00462894 0.104253
0.520893 0.186008 0.138623 9.9991E-05 0.0367229 0.117653
0.29899 0.51511 9.9991E-05 0.169163 0.0105315 0.00610615
0.541054 0.403377 9.9973E-05 0.0552687 9.9973E-05 9.9973E-05
0.423055 0.476771 0.0538848 9.9982E-05 0.0460902 9.9982E-05
0.259821 0.63405 9.9973E-05 9.9973E-05 9.9973E-05 0.105829
0.365394 0.52715 0.0388909 9.9982E-05 0.068366 9.9982E-05
0.559358 0.174384 0.00661264 0.0913965 0.168148 9.9991E-05
0.298611 0.0836994 0.355167 0.220999 0.0414223 9.9991E-05
0.333527 0.0787186 0.333411 0.0986894 0.107738 0.0479163
0.564668 0.0735439 0.161157 0.0167666 0.174742 0.00912212
0.640321 0.105228 0.110378 0.00243186 0.113303 0.0283378
0.485659 0.0991348 0.304764 0.0958492 0.0144926 9.9991E-05
0.549069 0.0152831 0.289832 0.108174 9.9991E-05 0.0375422
0.496159 0.0473148 0.456226 9.9973E-05 9.9973E-05 9.9973E-05
0.604007 0.0957824 0.087337 0.0782271 0.131204 0.00344278
0.492402 0.0177221 0.151077 0.179964 0.00271615 0.156118
0.660102 0.139861 0.11957 0.0311205 0.0358625 0.0134844
0.565105 0.0198089 0.36873 0.0349039 0.0113516 9.9991E-05
0.696176 0.00960201 0.0743418 0.0897629 0.0975249 0.0325927
0.67263 9.9982E-05 0.188664 0.0776477 0.0608582 9.9982E-05
0.574194 0.110659 0.277196 9.9982E-05 9.9982E-05 0.0377516
0.569954 0.0410363 0.228201 0.0230643 0.0731535 0.0645904
0.590732 0.0530122 0.130113 0.108863 0.0498215 0.0674592
0.439151 9.9982E-05 0.301076 0.215286 0.0442871 9.9982E-05
0.671498 9.9991E-05 0.162605 0.0908777 0.0427018 0.0322172
0.7013 9.9991E-05 0.173455 0.0854135 0.00352648 0.0362054
0.135478 0.31342 0.320515 0.0953697 9.9991E-05 0.135118
0.199296 0.0632441 0.330429 0.375612 9.9991E-05 0.0313197
0.569245 9.9991E-05 0.203712 0.163333 0.007119 0.056492
0.0510933 0.230541 0.313821 0.319797 9.9991E-05 0.0846474
0.310467 0.190866 0.415048 0.0433327 0.0401865 9.9991E-05
0.485928 0.20208 0.311692 9.9973E-05 9.9973E-05 9.9973E-05
0.301509 0.15921 0.424075 0.0488418 0.0662645 9.9991E-05
0.315997 0.159625 0.446968 0.0772102 9.9982E-05 9.9982E-05
0.654647 0.119691 0.0576766 0.0313626 0.109398 0.0272244
0.526427 0.160025 0.115862 9.9991E-05 0.0562992 0.141287
0.559113 0.143698 0.148352 0.0502066 0.0386444 0.0599861
0.204837 0.182656 0.224233 0.318812 9.9991E-05 0.0693624
0.538414 0.247258 0.0125159 9.9982E-05 0.201612 9.9982E-05
0.545704 0.0940027 0.0716312 0.225155 9.9991E-05 0.0634067
0.0364118 0.187199 0.0528144 0.545017 0.178458 9.9991E-05
0.651307 0.0710643 9.9991E-05 0.120947 0.0785468 0.0780344
0.32433 0.177285 0.0412434 0.325498 0.0892534 0.0423895
0.449251 0.0840305 0.0761897 0.209982 0.0485249 0.132023
0.289665 0.0989519 0.0759574 0.443789 0.0915363 9.9991E-05
0.237722 0.08036 0.173204 0.425888 0.0827264 9.9991E-05
0.427023 0.144912 0.138452 0.265176 0.0243372 9.9991E-05
0.513519 0.0622042 0.105006 0.234434 0.0584128 0.0264241
0.337801 0.133272 0.114817 0.168543 0.123352 0.122215
9.9991E-05 0.268122 0.0770548 0.428786 0.0335279 0.192409
0.505582 0.132524 0.0976255 0.166908 0.0441518 0.0532088
0.433092 0.0700689 0.114905 0.381734 9.9982E-05 9.9982E-05
0.487701 0.0770025 0.137659 0.297438 9.9982E-05 9.9982E-05
0.676492 0.0165917 0.0139111 0.167047 0.118472 0.00748673
0.211509 9.9982E-05 9.9982E-05 0.277564 0.326299 0.184428
9.9973E-05 9.9973E-05 9.9973E-05 0.360295 0.505327 0.134078
9.9973E-05 9.9973E-05 9.9973E-05 0.477494 0.398753 0.123453
0.0757623 9.9991E-05 0.0357111 0.166398 0.363246 0.358782
0.630152 0.151077 0.0147772 0.191491 9.9991E-05 0.0124018
0.560894 0.0547188 9.9991E-05 0.21761 0.0876775 0.0789995
0.27178 9.9964E-05 9.9964E-05 9.9964E-05 9.9964E-05 0.727821
0.366439 0.0971361 0.0829988 9.9991E-05 0.00841744 0.444908
0.335585 0.0206137 0.0722226 0.042121 0.13093 0.398527
0.389697 0.0630368 9.9973E-05 0.546967 9.9973E-05 9.9973E-05
0.449332 0.0965263 0.14289 0.197784 0.0681235 0.045344
0.309788 9.9973E-05 0.0208449 0.669068 9.9973E-05 9.9973E-05
0.67845 0.00269799 0.0146741 0.293043 0.0110349 9.9991E-05
0.546424 0.0949733 0.0445226 0.27166 0.04232 9.9991E-05
0.599775 0.0316301 0.0110805 0.322767 0.0346475 9.9991E-05
0.250578 0.0591558 0.0735937 0.602516 9.9991E-05 0.0140562
0.508596 0.162052 0.147952 0.0697716 0.0120822 0.0995459
0.513358 0.0868055 0.0281559 0.212669 0.0428534 0.116159
9.9973E-05 9.9973E-05 0.00316086 0.0179588 9.9973E-05 0.97858
0.0529395 0.0209357 0.028312 9.9982E-05 9.9982E-05 0.897613
0.164522 0.0526452 0.082068 9.9991E-05 0.0677698 0.632895
0.282148 9.9982E-05 0.044021 9.9982E-05 0.00310409 0.670527
0.120911 0.0449608 9.9982E-05 9.9982E-05 0.0450806 0.788847
9.996E-05 9.996E-05 9.996E-05 9.996E-05 9.996E-05 0.9995
9.9964E-05 9.9964E-05 0.0303073 9.9964E-05 9.9964E-05 0.969293
0.1582 9.9964E-05 9.9964E-05 9.9964E-05 9.9964E-05 0.8414
0.074701 9.9964E-05 9.9964E-05 9.9964E-05 9.9964E-05 0.924899
9.996E-05 9.996E-05 9.996E-05 9.996E-05 9.996E-05 0.9995
9.996E-05 9.996E-05 9.996E-05 9.996E-05 9.996E-05 0.9995
0.181024 9.9973E-05 9.9973E-05 9.9973E-05 0.0795769 0.739099
0.129257 9.9982E-05 0.058798 9.9982E-05 0.0299573 0.781787
9.9964E-05 0.0215705 9.9964E-05 9.9964E-05 9.9964E-05 0.97803
0.321017 0.0851831 0.0877689 0.0598924 0.0940596 0.352079
0.216124 0.0718831 0.0543262 0.0429239 0.0158599 0.598883
0.230914 9.9982E-05 0.0114073 9.9982E-05 0.066989 0.690489
0.0328957 9.9982E-05 0.0387278 9.9982E-05 0.0557051 0.872471
0.00127435 9.9964E-05 9.9964E-05 9.9964E-05 9.9964E-05 0.998326
0.0719977 9.9982E-05 9.9982E-05 0.0160113 0.0045694 0.907222
9.996E-05 9.996E-05 9.996E-05 9.996E-05 9.996E-05 0.9995
0.288476 9.9982E-05 0.0700452 9.9982E-05 0.0252546 0.616024
9.9973E-05 0.0343877 9.9973E-05 9.9973E-05 0.0434454 0.921867
9.9973E-05 9.9973E-05 9.9973E-05 0.601051 0.34414 0.0545087
0.433695 0.0025321 0.123118 0.194715 0.153554 0.0923861
0.440038 0.0615268 0.0907072 0.209181 0.188266 0.0102806
0.244954 9.9982E-05 9.9982E-05 0.4516 0.212235 0.0910115
0.461271 0.000179212 0.159901 0.132039 0.116514 0.130096
0.194957 0.0462903 9.9991E-05 0.369486 0.302075 0.0870903
0.399165 0.0496991 0.0509712 0.218566 0.225005 0.056594
0.380874 9.9982E-05 9.9982E-05 0.351863 0.145343 0.12172
0.475566 9.9991E-05 0.00578931 0.223014 0.165698 0.129833
0.381957 9.9982E-05 9.9982E-05 0.300542 0.1892 0.128101
0.531626 0.0205392 0.0310311 0.181507 0.160601 0.0746953
0.0395111 9.9982E-05 0.142494 0.0179519 0.799843 9.9982E-05
9.9973E-05 9.9973E-05 9.9973E-05 0.0566885 0.882976 0.0600355
0.00872936 9.9973E-05 0.0326734 9.9973E-05 0.958297 9.9973E-05
0.0154051 9.9982E-05 0.0531398 0.0168575 0.914398 9.9982E-05
0.00462455 9.9982E-05 0.0620258 9.9982E-05 0.857817 0.0753329
9.9964E-05 9.9964E-05 9.9964E-05 9.9964E-05 0.892513 0.107087
9.9973E-05 0.0170139 9.9973E-05 9.9973E-05 0.879348 0.103338
0.0279 9.9982E-05 0.0148722 0.0926885 0.864339 9.9982E-05
0.0972189 0.0185468 9.9973E-05 9.9973E-05 0.883934 9.9973E-05
0.0397619 9.9991E-05 0.00559764 0.00772496 0.870076 0.0767393
9.9982E-05 0.110847 0.245907 0.00611567 0.636931 9.9982E-05
9.9982E-05 0.0268511 0.350384 9.9982E-05 0.614065 0.00850022
9.9982E-05 0.072965 0.281239 0.118131 0.527464 9.9982E-05
9.9982E-05 0.148301 0.297367 0.085022 0.46911 9.9982E-05
0.50466 0.290663 0.130589 0.0119606 0.0251416 0.0369866
0.534401 0.28663 0.137294 0.00524749 9.9991E-05 0.0363265
0.496542 0.23943 0.172233 0.00140458 9.9991E-05 0.0902901
0.356454 0.336958 0.277335 0.014476 0.0146767 9.9991E-05
0.187668 0.143097 0.591614 0.066086 0.00556144 0.00597385
0.569575 0.2551 0.0141286 9.9991E-05 0.0773715 0.0837255
0.54642 0.346088 0.0932291 9.9982E-05 0.0140629 9.9982E-05
0.528756 0.29061 0.124735 0.0534222 9.9991E-05 0.00237667
0.299463 0.534121 9.9982E-05 0.0808703 9.9982E-05 0.0853457
0.624748 0.129303 0.170816 0.0388732 0.0361601 9.9991E-05
0.386794 0.38741 0.181685 0.0423396 0.0016705 9.9991E-05
9.9973E-05 0.745782 0.0490774 0.204841 9.9973E-05 9.9973E-05
0.595495 0.107423 0.143523 0.0910399 0.0415745 0.0209446
0.256825 0.505926 9.9973E-05 0.236949 9.9973E-05 9.9973E-05
0.550067 0.378002 9.9982E-05 0.0663097 0.00542152 9.9982E-05
0.0865162 0.705699 0.185742 9.9982E-05 0.0218423 9.9982E-05
0.0410885 9.9982E-05 0.708119 0.124689 0.125903 9.9982E-05
0.0620741 9.9982E-05 0.768265 0.0674863 0.101975 9.9982E-05
0.0114729 9.9982E-05 0.853519 0.0821983 0.0526101 9.9982E-05
9.9982E-05 0.0329431 0.799752 0.0591518 0.107953 9.9982E-05
0.0368152 9.9991E-05 0.799735 0.0897615 0.0151538 0.0584348
0.0577507 9.9991E-05 0.743071 0.0707986 0.0358703 0.0924091
0.0786768 9.9973E-05 9.9973E-05 9.9973E-05 0.885865 0.035158
0.0217354 9.9982E-05 0.0554406 9.9982E-05 0.790261 0.132363
0.0958676 9.9982E-05 0.0430439 9.9982E-05 0.750536 0.110352
0.019397 9.9982E-05 0.0991505 9.9982E-05 0.718604 0.162648
0.140912 9.9982E-05 0.0248453 9.9982E-05 0.811616 0.0224267
9.9973E-05 9.9973E-05 0.530838 0.0908635 0.377998 9.9973E-05
9.9973E-05 9.9973E-05 0.368517 0.198197 0.432986 9.9973E-05
9.9982E-05 0.0405457 0.455402 0.063236 0.440617 9.9982E-05
0.0911827 9.9982E-05 0.0419184 9.9982E-05 0.80078 0.0659192
9.9982E-05 0.108449 0.500747 0.0534279 0.337176 9.9982E-05
0.315411 9.9982E-05 9.9982E-05 0.122002 0.226994 0.335392
0.588086 0.0401052 0.0699244 9.9991E-05 0.103703 0.198082
0.576047 9.9973E-05 9.9973E-05 9.9973E-05 0.220956 0.202697
0.30746 0.00182019 0.0305431 0.202204 0.187708 0.270265
0.525818 0.0236745 0.0876823 0.0643712 0.132971 0.165484
9.9973E-05 9.9973E-05 9.9973E-05 0.265541 0.441463 0.292696
0.434213 0.106545 0.35679 0.076524 9.9991E-05 0.0258277
0.418245 0.136032 0.167885 0.277638 9.9982E-05 9.9982E-05
0.220644 0.138861 0.514246 0.00059548 0.0973324 0.0283214
0.530928 0.0258444 0.164955 0.278073 9.9982E-05 9.9982E-05
9.9973E-05 0.253421 0.140161 0.606118 9.9973E-05 9.9973E-05
0.495383 0.167043 0.115879 0.0454579 0.138372 0.0378646
0.474024 0.13322 0.197188 0.100413 0.0950553 9.9991E-05
0.338488 0.218575 0.404074 9.9982E-05 0.0386628 9.9982E-05
0.521469 0.0795027 0.249146 0.0842781 0.0279206 0.0376833
0.123714 0.23255 0.290207 0.353329 9.9982E-05 9.9982E-05
0.493888 0.0563438 0.220655 0.225736 9.9991E-05 0.00327677
0.532049 0.105962 0.292242 0.031003 9.9991E-05 0.0386439
0.40209 0.170525 0.0772026 0.0194342 0.154489 0.176259
0.389948 0.105663 0.28427 0.219918 9.9982E-05 9.9982E-05
0.42663 0.0403718 0.35765 0.159728 9.9991E-05 0.0155206
0.564221 0.109871 0.125466 0.178899 0.015365 0.0061778
0.573177 0.17666 0.131193 0.0965864 0.0222834 9.9991E-05
0.614134 0.0139674 0.114939 0.150041 9.9991E-05 0.106818
0.547179 0.105184 0.174056 0.0506785 0.0768369 0.0460654
0.541627 0.154502 0.145574 0.00262068 0.138509 0.0171671
0.0992841 9.9973E-05 9.9973E-05 9.9973E-05 0.779051 0.121365
0.0192572 0.0746808 9.9982E-05 9.9982E-05 0.839293 0.0665691
0.0955652 9.9982E-05 0.0282711 0.0909835 0.78498 9.9982E-05
0.0159098 0.101015 0.00494143 9.9991E-05 0.822942 0.0550922
0.0950431 0.0143039 9.9982E-05 9.9982E-05 0.827345 0.0631082
0.225298 0.143477 0.541706 0.0235423 9.9991E-05 0.0658766
0.667459 0.0434802 0.115223 0.107568 0.0661698 9.9991E-05
0.476812 0.0396591 0.00747983 0.169162 0.214031 0.0928556
0.622525 0.080862 0.167402 0.0593401 9.9991E-05 0.069771
0.47467 0.189078 0.28166 9.9991E-05 0.0364089 0.0180831
0.337968 0.0309401 0.311026 0.319865 9.9982E-05 9.9982E-05
9.9982E-05 0.134243 0.64761 0.0872582 0.130689 9.9982E-05
0.565228 0.076427 0.27298 0.054196 0.0310687 9.9991E-05
0.253392 0.0291773 0.546935 0.0910156 0.031231 0.0482489
0.410514 0.195232 0.214798 0.103273 9.9991E-05 0.076083
0.127351 0.121006 0.534002 0.0587637 0.158777 9.9991E-05
0.557837 0.0787769 0.200352 9.9991E-05 0.0983164 0.0646181
0.20791 0.113559 0.550592 0.0584244 0.0532839 0.0162304
0.409936 0.129761 0.211334 0.162695 0.0347582 0.0515162
0.463582 9.9991E-05 0.107693 0.265121 0.063359 0.100145
0.344713 9.9982E-05 0.124631 0.509571 0.0208848 9.9982E-05
0.653724 0.0262207 9.9982E-05 0.268129 0.0517272 9.9982E-05
0.572735 0.120005 9.9982E-05 0.11748 0.189579 9.9982E-05
0.433839 9.9973E-05 0.0840992 0.481762 9.9973E-05 9.9973E-05
0.539177 0.0938828 9.9991E-05 0.220838 0.118531 0.0274705
0.585654 9.9973E-05 9.9973E-05 0.35107 0.0629763 9.9973E-05
0.159277 0.103246 0.066425 0.670853 9.9982E-05 9.9982E-05
0.352542 0.039148 0.0008729 0.607237 9.9982E-05 9.9982E-05
0.536301 0.00963949 0.0528978 0.362429 0.038632 9.9991E-05
0.163601 0.193909 0.117051 0.52524 9.9982E-05 9.9982E-05
0.492625 0.0692572 0.155041 0.282877 9.9982E-05 9.9982E-05
0.105144 0.214544 0.576285 0.0814083 0.0106274 0.0119919
0.248289 0.179795 0.297918 0.262253 9.9991E-05 0.0116461
0.351184 0.0968315 0.47374 9.9982E-05 9.9982E-05 0.078045
0.626836 0.0688425 0.142357 0.0472269 9.9991E-05 0.114637
0.265406 0.210469 0.470747 0.0531779 9.9982E-05 9.9982E-05
0.462853 9.9991E-05 0.191012 0.20234 0.124806 0.0188895
0.616324 0.081647 0.186824 0.00490751 0.0614556 0.0488423
0.526651 0.149197 0.22687 0.0485889 9.9991E-05 0.0485928
0.436929 0.0214291 0.340397 0.0694463 9.9991E-05 0.131699
0.373175 0.24433 0.312639 9.9991E-05 0.0125768 0.0571791
0.137115 0.219217 0.496326 9.9982E-05 9.9982E-05 0.147141
0.366069 0.163663 0.37254 0.03362 9.9991E-05 0.0640071
0.626301 0.120765 0.243229 9.9982E-05 9.9982E-05 0.00950578
0.614177 0.0890179 0.176517 0.0778231 9.9991E-05 0.042365
0.497989 9.9982E-05 0.271286 0.16769 0.0628352 9.9982E-05
0.549656 0.0211811 0.327437 0.094553 9.9991E-05 0.0070725
0.425114 0.00122069 0.375183 0.120853 0.0775295 9.9991E-05
0.585971 0.180473 0.217608 0.0121102 0.00373833 9.9991E-05
0.493088 0.0407189 0.383878 9.9982E-05 9.9982E-05 0.0821149
0.527405 0.11115 0.083594 0.134516 0.0373517 0.105983
0.380923 0.112828 9.9991E-05 0.0113162 0.379191 0.115643
0.444994 0.0872517 9.9991E-05 0.0390816 0.198797 0.229776
0.466256 0.0979841 0.0149586 0.025264 0.203357 0.192181
0.671381 0.0675691 0.0114959 0.105323 0.116101 0.0281296
0.418496 0.0571317 9.9991E-05 0.0537438 0.216237 0.254292
0.549763 9.9973E-05 0.156692 0.293245 9.9973E-05 9.9973E-05
0.511292 0.0718273 9.9991E-05 0.105292 0.154369 0.15712
0.0170352 0.176743 0.0217284 0.419049 0.231807 0.133637
0.512616 0.0362433 0.133497 0.105332 0.0284254 0.183887
0.591574 0.0487306 9.9991E-05 0.109559 0.122152 0.127883
0.471073 0.120802 0.0186478 0.0815606 0.0723877 0.235529
0.303803 0.0602676 0.0908978 0.217687 0.206166 0.121178
0.608139 9.9991E-05 0.0517446 0.0391921 0.163671 0.137154
0.594196 9.9982E-05 9.9982E-05 0.106468 0.185808 0.113328
9.9973E-05 9.9973E-05 9.9973E-05 0.347551 0.457166 0.194983
0.491115 9.9991E-05 0.0637303 0.11959 0.173493 0.151972
0.357513 0.142161 0.0254333 0.0618079 0.118475 0.29461
0.567794 0.116552 0.0311746 0.0588491 0.130651 0.0949791
0.49716 9.9982E-05 9.9982E-05 0.117066 0.157691 0.227883
0.518189 0.0732547 0.0589296 0.0766453 0.1407 0.132281
0.44384 0.235036 9.9991E-05 0.222909 0.0314885 0.0666267
0.484387 0.180826 0.0559573 0.106895 0.0625201 0.109415
0.0700728 0.279806 0.0746136 0.575307 9.9982E-05 9.9982E-05
0.0545168 0.213248 0.0707761 0.661259 9.9982E-05 9.9982E-05
0.555968 0.0447672 0.135246 0.174128 0.012038 0.0778528
0.393811 9.9982E-05 9.9982E-05 0.193105 0.0931804 0.319704
0.390581 9.9982E-05 9.9982E-05 0.148725 0.149318 0.311176
0.188889 0.0179105 9.9991E-05 0.299195 0.204801 0.289103
0.435112 9.9982E-05 9.9982E-05 0.157345 0.207628 0.199715
0.178664 9.9982E-05 9.9982E-05 0.702188 0.0530499 0.0658973
0.259521 9.9982E-05 9.9982E-05 0.62618 0.0385573 0.0755416
0.554643 0.0552302 0.00626816 0.238983 9.9991E-05 0.144776
0.451469 0.15353 9.9991E-05 0.221867 0.0683092 0.104725
0.275793 9.9991E-05 0.0246981 0.533309 0.0323539 0.133746
0.550201 0.0892474 0.00585397 0.184288 0.0574949 0.112915
0.598088 0.0397773 0.0871719 0.156515 0.00903027 0.109417
0.544935 0.0258196 0.0594664 0.204091 0.0486163 0.117072
0.396034 0.129427 0.115561 0.358778 9.9982E-05 9.9982E-05
0.376893 0.159422 0.0957094 0.367776 9.9982E-05 9.9982E-05
0.52604 0.0790069 0.00480631 0.330098 9.9991E-05 0.0599485
0.379863 0.101972 0.119076 0.240253 0.0948169 0.0640186
0.45009 0.0436851 0.114875 0.23645 0.00205796 0.152842
0.550803 9.9973E-05 0.0216844 0.427212 9.9973E-05 9.9973E-05
0.316225 0.0729998 0.108279 0.502296 9.9982E-05 9.9982E-05
0.620889 0.170559 9.9982E-05 0.193622 0.0147288 9.9982E-05
0.281749 0.217262 0.0521723 0.448616 9.9982E-05 9.9982E-05
0.443887 0.1447 0.026595 0.362884 0.0218352 9.9991E-05
0.635341 0.189036 0.046545 0.0578616 0.0268398 0.0443761
0.536926 0.156893 0.0443556 0.238185 0.00691201 0.0167276
0.532716 0.0419565 0.0725232 0.0332665 0.181627 0.13791
0.404472 0.0902951 0.0936204 0.124321 0.148475 0.138816
0.281192 0.104838 0.0565942 0.0875685 0.199017 0.270791
0.278402 0.0542994 0.114798 0.147553 0.176796 0.228151
0.45089 9.9991E-05 0.114626 0.0983124 0.169201 0.16687
0.48399 0.0327753 0.0382131 0.209383 0.147497 0.088141
9.9982E-05 0.00209695 9.9982E-05 0.600985 0.189727 0.206991
0.601356 9.9991E-05 0.0149871 0.11686 0.0551037 0.211593
9.9973E-05 9.9973E-05 9.9973E-05 0.512606 0.344168 0.142927
0.590578 9.9982E-05 9.9982E-05 0.157658 0.0832954 0.168269
0.104845 0.351664 9.9973E-05 0.543192 9.9973E-05 9.9973E-05
9.9964E-05 0.346143 9.9964E-05 0.653457 9.9964E-05 9.9964E-05
0.508336 0.180895 0.00157983 0.308989 9.9982E-05 9.9982E-05
0.735476 9.9964E-05 9.9964E-05 0.264124 9.9964E-05 9.9964E-05
0.453536 0.178548 0.0239583 0.343757 9.9982E-05 9.9982E-05
0.580196 0.218724 9.9982E-05 0.180709 0.0201708 9.9982E-05
0.611988 0.0931688 0.0142756 0.280368 9.9982E-05 9.9982E-05
0.0565751 0.0926048 9.9991E-05 0.0500494 0.747601 0.05307
9.9973E-05 9.9973E-05 0.137961 9.9973E-05 0.766625 0.0951138
9.9973E-05 9.9973E-05 0.0568024 9.9973E-05 0.855803 0.087095
0.0447568 9.9973E-05 9.9973E-05 0.0145306 0.940413 9.9973E-05
0.400875 0.435655 0.0991783 9.9991E-05 0.0231538 0.0410383
0.421123 0.438891 9.9982E-05 9.9982E-05 0.0459243 0.0938619
0.41031 0.556858 9.9982E-05 9.9982E-05 0.028887 0.00374484
0.496996 0.364155 0.0386086 9.9982E-05 0.10004 9.9982E-05
0.490756 0.190294 0.147689 0.0552057 0.0964429 0.0196118
0.220177 0.591231 0.0773225 0.10015 0.00585179 0.00526754
0.563825 0.435775 9.9964E-05 9.9964E-05 9.9964E-05 9.9964E-05
0.333588 0.478282 9.9973E-05 0.187831 9.9973E-05 9.9973E-05
0.50018 9.9991E-05 0.066239 0.0435984 0.227205 0.162678
0.452443 0.373717 0.0886332 0.0753898 9.9991E-05 0.00971702
0.245436 0.617414 0.112471 0.0244792 9.9982E-05 9.9982E-05
0.549237 0.43231 9.9973E-05 0.0181536 9.9973E-05 9.9973E-05
0.351581 0.530395 0.113059 9.9982E-05 9.9982E-05 0.00476487
0.541031 0.372963 9.99891E-05 0.00628936 9.99891E-05 0.0795165
0.566533 0.215149 0.125559 0.0288309 0.0638278 9.9991E-05
0.0546644 0.830118 9.9973E-05 0.114918 9.9973E-05 9.9973E-05
0.155878 0.615752 0.0056608 0.180556 9.9991E-05 0.0420525
0.318453 0.620241 0.0343487 0.0223184 0.00453883 9.9991E-05
9.9964E-05 0.817074 9.9964E-05 0.182526 9.9964E-05 9.9964E-05
0.306532 0.549141 0.0507319 0.0354427 0.0211246 0.0370281
0.0533504 0.664734 9.9982E-05 0.268744 9.9982E-05 0.0129716
9.9982E-05 0.661122 0.00711637 0.321255 0.0103069 9.9982E-05
0.523847 0.290063 0.0498014 9.9991E-05 0.0123929 0.123796
0.179633 0.615561 0.111621 0.0508074 0.0422781 9.9991E-05
0.352649 0.464037 0.0975165 0.00723418 9.9991E-05 0.0784642
0.506577 0.315315 9.9991E-05 0.0464734 0.0987287 0.0328059
0.450521 0.429642 0.10986 9.9991E-05 0.00110325 0.00877513
0.33393 0.142847 0.229944 0.270664 9.9991E-05 0.0225153
0.501452 0.326595 0.0705022 0.027588 0.0737632 9.9991E-05
0.449104 0.399239 0.0822978 9.9991E-05 0.0589878 0.0102715
0.253872 0.709748 9.9973E-05 0.0360799 9.9973E-05 9.9973E-05
0.558257 0.200473 0.0659715 0.0741541 0.0599652 0.0411794
0.0303058 9.9982E-05 0.30405 0.0353247 0.630119 9.9982E-05
0.0589333 0.0520596 0.0933938 0.0262427 0.769271 9.9991E-05
9.9973E-05 9.9973E-05 0.135584 0.0510788 0.813037 9.9973E-05
9.9973E-05 9.9973E-05 0.19271 0.0273636 0.779627 9.9973E-05
0.0356559 9.9982E-05 0.247057 0.00368742 0.7134 9.9982E-05
0.067989 0.742532 0.108316 9.9991E-05 0.0477158 0.0333471
0.0928662 0.749995 0.0601474 0.0267249 0.0701664 9.9991E-05
0.153819 0.707291 9.9973E-05 0.13859 9.9973E-05 9.9973E-05
0.521732 0.3093 9.9991E-05 0.0247059 0.0777582 0.0664039
0.493184 0.278944 0.0170206 0.0179572 0.143598 0.0492967
0.205066 0.667448 9.9991E-05 0.0550481 0.0534856 0.0188532
0.575924 0.322226 0.018333 0.057343 9.9991E-05 0.0260736
0.389261 0.520823 9.9991E-05 0.00976781 0.0312887 0.0487598
0.514668 0.266334 0.0885035 0.0876945 0.0427004 9.9991E-05
0.628436 0.225819 0.0335234 0.0293676 0.0337599 0.0490943
0.225765 0.601002 0.154677 9.9982E-05 9.9982E-05 0.0183555
0.277432 0.701047 9.9982E-05 9.9982E-05 0.000842507 0.0204789
0.299862 0.595297 0.104541 9.9973E-05 9.9973E-05 9.9973E-05
0.64717 0.00860725 0.103597 0.149407 0.0911184 9.9991E-05
0.367059 0.601606 0.0192883 9.9982E-05 0.011847 9.9982E-05
0.427723 0.420622 0.0954084 0.0252722 0.0160536 0.0149215
0.454058 9.9982E-05 9.9982E-05 0.044624 0.0518302 0.449288
0.340272 0.0130124 9.9991E-05 0.103336 0.0488375 0.494442
0.371665 0.0619257 9.9991E-05 0.0550907 0.0972392 0.413979
0.297401 9.9982E-05 9.9982E-05 0.0349648 0.170856 0.496578
0.526251 9.9991E-05 0.0572886 0.00616604 0.141422 0.268773
0.455977 0.297383 9.9982E-05 0.196145 9.9982E-05 0.0502953
0.0435669 9.9982E-05 9.9982E-05 0.0259572 0.300783 0.629493
0.253607 0.0857382 9.9991E-05 0.030752 0.14865 0.481152
0.454643 9.9991E-05 0.040866 0.219658 0.171049 0.113684
0.595727 9.9982E-05 0.0197466 0.266783 0.117544 9.9982E-05
0.436302 9.9991E-05 0.0779573 0.343014 0.100097 0.042529
0.595309 0.0238268 0.0692185 0.188719 0.112048 0.0108785
0.627295 0.030191 0.135163 0.122722 0.0777764 0.00685165
0.276749 9.9982E-05 9.9982E-05 0.027155 0.217333 0.478563
0.496826 9.9991E-05 0.0391039 0.0354364 0.146422 0.282111
0.463326 9.9973E-05 9.9973E-05 9.9973E-05 0.103461 0.432914
0.464802 0.0399659 0.0587098 9.9991E-05 0.120522 0.3159
0.339258 0.0274294 9.9991E-05 0.0132453 0.105076 0.514891
0.267848 0.180265 0.0159085 0.01196 0.141718 0.3823
0.140596 0.0206424 9.9991E-05 0.0961101 0.113001 0.62955
0.315107 0.127674 0.0686371 9.9991E-05 0.110962 0.377519
0.592231 9.9982E-05 9.9982E-05 0.283702 0.0964691 0.0273985
0.385808 0.0551013 0.0398231 0.028105 0.243499 0.247663
0.209136 9.9982E-05 9.9982E-05 0.0081296 0.158282 0.624253
0.341461 0.01544 0.0775973 0.0302181 0.166366 0.368918
0.23609 0.134999 0.231788 0.267154 0.123477 0.00649075
0.528715 0.105047 0.105549 0.117465 9.9991E-05 0.143124
0.344548 0.0403852 0.0672958 0.0605016 0.193082 0.294188
0.572095 0.0579741 0.15233 0.0880461 0.0392539 0.0903002
0.560477 9.9991E-05 0.0383671 0.195597 0.163128 0.042331
0.375844 0.146423 0.00538427 0.0600877 0.15774 0.254521
0.330573 9.9982E-05 9.9982E-05 0.142116 0.253929 0.273182
0.596537 0.175861 9.9991E-05 0.0678507 0.0930595 0.0665922
0.369623 0.0836473 9.9982E-05 9.9982E-05 0.167575 0.378955
0.409161 0.0227496 9.9991E-05 0.00660829 0.1452 0.416181
0.138732 9.9982E-05 9.9982E-05 0.0346912 0.224302 0.602074
0.554817 0.140103 0.0498206 0.0155169 0.194069 0.0456735
0.458107 0.143054 0.172864 0.101988 0.123888 9.9991E-05
0.200156 9.9982E-05 9.9982E-05 0.656087 0.0995913 0.0439648
0.607044 0.0322279 0.086197 0.0832314 0.191199 9.9991E-05
0.471571 9.9991E-05 0.263647 0.114262 0.112607 0.0378124
0.515565 0.0525061 9.9991E-05 0.110774 0.204205 0.116849
0.477201 0.0487516 0.10966 0.15479 0.156109 0.0534875
9.9973E-05 9.9973E-05 9.9973E-05 0.477717 0.270829 0.251155
9.9973E-05 9.9973E-05 9.9973E-05 0.565736 0.292568 0.141396
0.253235 0.0136211 0.126262 0.361826 0.0926348 0.152421
0.0234159 0.0324165 0.0328292 0.383657 0.329321 0.198361
9.9973E-05 9.9973E-05 9.9973E-05 0.336671 0.421883 0.241147
0.40373 9.9991E-05 0.0180053 0.330521 0.127206 0.120439
0.290564 0.114062 9.9991E-05 0.199474 0.207795 0.188004
0.209718 0.050436 9.9991E-05 0.276379 0.324905 0.138461
0.117394 9.9991E-05 0.0231839 0.456864 0.224937 0.177521
0.500216 0.013273 0.120335 0.159208 0.103278 0.103691
0.16265 0.0697902 0.00496134 0.429815 0.179038 0.153746
9.9973E-05 9.9973E-05 9.9973E-05 0.529442 0.429213 0.0410451
0.462163 0.0720247 0.0762009 0.0434441 0.163243 0.182924
0.338054 9.9991E-05 0.0406441 0.237239 0.101317 0.282645
0.438299 0.104634 9.9982E-05 9.9982E-05 0.33362 0.123247
0.563153 9.9982E-05 9.9982E-05 0.0201418 0.239729 0.176776
0.532924 0.0742404 0.000984089 0.0441968 0.192636 0.155019
0.45811 0.0640666 9.9991E-05 0.0891131 0.18907 0.199541
0.374526 9.9991E-05 0.0250456 0.0573055 0.339935 0.203088
0.558356 0.00467106 0.0136563 0.114552 0.181758 0.127007
0.457482 0.0607397 0.000184113 9.9991E-05 0.24191 0.239584
0.34046 0.023783 9.9991E-05 0.214114 0.175517 0.246025
0.252748 0.302617 0.129159 0.0328655 0.160747 0.121864
0.583454 0.0785498 0.0907622 0.047787 0.129038 0.0704084
0.534123 0.0911569 9.9991E-05 0.0178877 0.176714 0.180018
0.625775 0.0853304 0.0816986 9.9991E-05 0.0657779 0.141318
0.476844 9.9982E-05 9.9982E-05 0.0681202 0.283942 0.170894
0.534788 0.0104243 0.0028582 0.0683563 0.281175 0.102398
0.1744 0.0218483 9.9991E-05 0.246434 0.389284 0.167934
0.522207 0.0581425 9.9991E-05 0.00869743 0.291597 0.119257
0.199539 0.0604206 9.9991E-05 0.199241 0.228689 0.312011
9.9982E-05 0.0647588 0.123234 9.9982E-05 0.801773 0.0100352
0.0591414 0.0728985 0.783281 9.9991E-05 0.0737582 0.0108209
9.9964E-05 9.9964E-05 0.979151 9.9964E-05 0.0204493 9.9964E-05
9.9964E-05 9.9964E-05 0.993803 9.9964E-05 0.0057974 9.9964E-05
9.9973E-05 9.9973E-05 0.935099 0.055479 9.9973E-05 0.00912223
0.036661 9.9973E-05 0.926634 9.9973E-05 9.9973E-05 0.0364048
0.078277 9.9964E-05 0.921323 9.9964E-05 9.9964E-05 9.9964E-05
9.9964E-05 9.9964E-05 0.950936 9.9964E-05 0.0486644 9.9964E-05
9.9964E-05 9.9964E-05 0.805329 9.9964E-05 0.194272 9.9964E-05
0.0140157 0.0511974 0.000798217 9.9991E-05 0.907599 0.0262898
0.0822789 0.00174264 0.0991945 9.9982E-05 0.816584 9.9982E-05
0.0192804 0.026792 9.9982E-05 9.9982E-05 0.896059 0.0576683
0.073888 9.9973E-05 0.110666 9.9973E-05 0.815146 9.9973E-05
0.0259505 9.9982E-05 0.0402325 9.9982E-05 0.900031 0.0335859
9.9991E-05 0.0236635 0.0552677 0.0043231 0.884102 0.0325439
0.0835943 9.9991E-05 0.0603536 0.0151589 0.724468 0.116325
0.00210472 0.0170603 9.9991E-05 0.00150195 0.873225 0.106008
9.9991E-05 0.125367 0.0770322 0.00151754 0.735691 0.0602923
9.9973E-05 0.0146298 9.9973E-05 9.9973E-05 0.915025 0.0700453
9.9973E-05 9.9973E-05 0.0181159 0.0256231 0.955961 9.9973E-05
9.9982E-05 9.9982E-05 0.0782439 0.0279458 0.811914 0.0816962
0.0011222 9.9982E-05 0.0352837 9.9982E-05 0.918104 0.0452903
0.0671922 9.9982E-05 0.000873054 0.0374407 0.894294 9.9982E-05
0.0665447 0.0354635 0.0049365 9.9991E-05 0.834867 0.0580884
0.149125 9.9964E-05 9.9964E-05 9.9964E-05 0.850475 9.9964E-05
0.103575 9.9973E-05 9.9973E-05 9.9973E-05 0.772524 0.123602
0.190526 9.9973E-05 9.9973E-05 9.9973E-05 0.757808 0.051366
0.0881387 0.00553134 9.9982E-05 9.9982E-05 0.787401 0.118729
0.441526 9.9982E-05 0.117591 0.290178 0.150505 9.9982E-05
0.678348 0.143666 9.9982E-05 0.0996026 0.0781843 9.9982E-05
0.563637 0.00861502 0.119495 0.13438 0.0794951 0.0943769
0.22984 9.9973E-05 0.0421729 0.727687 9.9973E-05 9.9973E-05
0.589147 0.0573912 0.105904 0.169927 0.0775304 9.9991E-05
0.204254 9.9973E-05 9.9973E-05 0.684318 0.111127 9.9973E-05
0.714249 9.9991E-05 0.0262698 0.199874 0.0459972 0.0135098
0.461293 0.102267 0.159357 0.214057 0.0629254 9.9991E-05
0.540789 0.104196 0.0781234 0.20366 0.0631657 0.0100659
0.485006 0.384364 9.9991E-05 0.0125219 0.0614931 0.0565159
0.483111 9.9982E-05 0.165515 0.324611 0.0265636 9.9982E-05
0.681183 9.9982E-05 0.0806582 0.178432 0.0595267 9.9982E-05
0.576385 0.0684658 0.129506 0.137781 0.0877633 9.9991E-05
0.114138 0.0454301 0.480941 0.336732 9.9991E-05 0.0226586
0.0249902 9.9973E-05 0.115056 0.859654 9.9973E-05 9.9973E-05
0.239009 9.9982E-05 0.0546323 0.690075 0.0160843 9.9982E-05
0.565628 9.9991E-05 0.137374 0.132206 0.097106 0.0675857
0.517901 9.9982E-05 0.0914657 0.276711 0.113722 9.9982E-05
0.575189 0.0139571 9.9982E-05 0.300736 0.109918 9.9982E-05
0.606716 0.0808953 9.9991E-05 0.127965 0.100661 0.0836628
0.520082 0.0170902 0.11148 0.0526656 0.134581 0.164102
0.626168 0.019372 0.0707251 0.0108397 0.17649 0.0964053
0.198588 0.0113861 0.160512 0.0915499 0.41964 0.118324
0.632217 0.0445567 0.0846016 0.0674219 0.171103 9.9991E-05
0.408012 0.0689402 0.120077 0.0815694 0.193947 0.127455
9.9973E-05 9.9973E-05 9.9973E-05 0.423287 0.404392 0.172021
0.351786 9.9982E-05 9.9982E-05 0.215733 0.244007 0.188273
0.24398 0.133968 0.0619089 9.9991E-05 0.349427 0.210617
0.508785 0.00692947 0.133615 9.9991E-05 0.313117 0.0374531
0.649715 0.0385851 0.068035 9.9991E-05 0.150598 0.0929671
0.497046 9.9991E-05 0.0120025 0.1129 0.229026 0.148926
0.624318 0.0156993 0.111811 9.9991E-05 0.180843 0.0672292
0.418442 0.0630147 9.9991E-05 0.246421 0.134562 0.13746
0.324063 0.0802887 9.9991E-05 0.0179028 0.446861 0.130784
