0.0781472 0.0216141 9.9973E-05 0.899939 9.9973E-05 9.9973E-05
0.0373472 9.9982E-05 0.0312298 0.900117 9.9982E-05 0.0311057
0.0196179 0.0177888 9.9982E-05 0.849974 0.112419 9.9982E-05
0.0994163 0.0737072 9.9982E-05 0.786171 0.0405055 9.9982E-05
0.0365129 0.0967597 9.9982E-05 0.846165 0.0203622 9.9982E-05
0.0459206 0.108961 0.136328 0.595118 0.0210357 0.0926369
0.0162244 9.9982E-05 0.131629 0.826889 0.0250577 9.9982E-05
0.137263 0.0206428 0.0811897 0.744553 9.9991E-05 0.0162515
0.0544436 9.9982E-05 0.0705169 0.842966 9.9982E-05 0.0318738
9.9982E-05 0.112021 0.153618 0.672908 0.0612526 9.9982E-05
0.0711768 9.9982E-05 0.191294 0.727721 0.00960773 9.9982E-05
0.499174 0.1015 9.9982E-05 9.9982E-05 0.246277 0.152849
0.28617 0.0727832 0.0869392 0.0197345 0.528641 0.00573225
0.419807 0.0321577 0.13375 0.0322034 0.25047 0.131611
0.329903 0.12878 0.073598 0.0353595 0.302649 0.12971
0.162855 0.131465 0.212148 0.0971352 0.322197 0.0741995
0.175718 0.114635 0.0489036 0.0812981 0.525383 0.0540615
0.18101 0.185122 0.0803314 0.0056001 0.273282 0.274654
0.314341 0.00927348 9.9991E-05 0.162962 0.367426 0.145897
0.599113 0.080553 0.13839 0.0168809 9.9991E-05 0.164963
0.250182 0.0517498 0.120943 9.9991E-05 0.408325 0.168699
0.15908 0.0804572 0.197999 9.9991E-05 0.422883 0.139481
0.132803 0.0382514 0.0278203 0.0658813 0.573386 0.161858
0.298121 0.141923 0.112154 0.00441884 0.283742 0.15964
0.154561 0.0764671 0.0658584 0.100075 0.602939 9.9991E-05
0.246129 0.0279275 0.0458418 0.00459438 0.609129 0.0663784
0.485272 0.116074 0.101279 0.0135456 0.163344 0.120485
0.351145 0.147687 0.0825747 0.0171193 0.248571 0.152903
0.395138 0.0338505 0.207913 9.9991E-05 0.239566 0.123432
9.9973E-05 0.108719 9.9973E-05 0.799427 0.0915548 9.9973E-05
9.9973E-05 0.0539754 9.9973E-05 0.818106 0.127619 9.9973E-05
0.0247943 9.9982E-05 9.9982E-05 0.788137 0.168104 0.0187643
9.9982E-05 0.0646796 9.9982E-05 0.746354 0.143316 0.0454503
0.133538 9.9991E-05 0.0665195 0.0297427 0.581532 0.188568
0.0386924 0.005854 0.000834298 0.127244 0.491158 0.336217
9.9982E-05 0.0805537 9.9982E-05 0.0554535 0.485342 0.378451
0.546057 9.9991E-05 0.0112495 0.120793 0.222878 0.0989234
9.9991E-05 0.0365305 0.104859 0.0195955 0.280031 0.558883
0.071509 9.9982E-05 9.9982E-05 0.0869272 0.499427 0.341937
9.9982E-05 0.0553758 9.9982E-05 0.051595 0.66976 0.223069
0.0937649 9.9991E-05 0.08246 0.0922852 0.615818 0.115572
0.0678916 0.0126881 0.0080715 0.119724 0.600354 0.191271
0.140697 9.9982E-05 9.9982E-05 0.0148877 0.103826 0.740389
9.9991E-05 0.126273 0.182372 0.0172293 0.461965 0.212061
9.9982E-05 0.0992179 0.093497 9.9982E-05 0.496081 0.311004
9.9991E-05 0.128976 0.140245 0.0773249 0.507409 0.145945
9.9973E-05 9.9973E-05 0.0588866 9.9973E-05 0.287533 0.653281
0.0307188 0.0360569 9.9991E-05 0.0116943 0.617746 0.303684
9.9982E-05 9.9982E-05 0.0727359 0.151444 0.617429 0.158191
0.00622979 9.9982E-05 0.316201 0.0698547 9.9982E-05 0.607514
0.413711 9.9982E-05 0.154135 9.9982E-05 0.156949 0.275006
0.234601 0.0450735 0.416213 0.0344377 0.0331518 0.236523
0.159047 0.129786 0.108315 0.0224431 0.580309 9.9991E-05
0.100676 0.0919394 0.160578 0.0126557 0.634051 9.9991E-05
0.12282 0.03734 0.118146 0.0474907 0.619442 0.0547619
0.365965 0.0161867 0.127798 0.103859 0.173027 0.213165
0.247713 0.0260705 0.0217198 9.9991E-05 0.578593 0.125804
0.0436307 0.0327821 0.0426726 0.140285 0.587151 0.153478
0.233493 9.9991E-05 0.171618 0.0981197 0.40542 0.0912494
0.335325 0.0460705 0.14846 0.217619 0.0403412 0.212185
0.0870862 0.000145515 0.0628728 0.0376722 0.618201 0.194022
0.238182 0.0208962 0.112354 0.0578287 0.433017 0.137721
0.541785 9.9991E-05 0.137735 0.0513682 0.056895 0.212116
0.291218 9.9982E-05 0.0788625 9.9982E-05 0.500616 0.129104
0.0786564 0.11491 0.0878099 0.0466529 0.545825 0.126146
0.16201 0.0754895 0.0860189 0.103773 0.556821 0.0158885
0.265447 0.0632916 0.124515 0.0466867 0.300942 0.199118
0.255724 0.0365628 0.173537 9.9991E-05 0.494744 0.0393322
0.12846 9.9982E-05 9.9982E-05 0.151802 0.598121 0.121417
0.317697 9.9991E-05 0.167427 0.0420786 0.205203 0.267495
0.0924082 9.9973E-05 9.9973E-05 9.9973E-05 0.524672 0.38262
0.0724014 9.9982E-05 9.9982E-05 0.0329255 0.172987 0.721486
0.0504955 0.0955759 0.145833 0.0880318 0.436111 0.183953
9.9964E-05 9.9964E-05 0.0883901 9.9964E-05 9.9964E-05 0.91121
9.9964E-05 9.9964E-05 0.155195 9.9964E-05 9.9964E-05 0.844405
0.0139715 9.9973E-05 9.9973E-05 9.9973E-05 0.275551 0.710178
0.0435544 9.9982E-05 9.9982E-05 0.0277698 0.461455 0.467021
9.9973E-05 9.9973E-05 9.9973E-05 0.221975 0.568341 0.209384
0.0386916 0.0752272 9.9991E-05 0.00863793 0.335959 0.541384
0.185716 0.0596036 9.9991E-05 0.0375256 0.0995951 0.617459
0.187076 9.99876E-05 9.99876E-05 0.0809866 0.198406 0.533331
0.0497415 0.0200649 0.00359088 0.131239 0.564361 0.231003
0.0582331 0.0454011 9.9991E-05 0.00575371 0.2299 0.660612
0.00365644 9.9982E-05 9.9982E-05 0.0311924 0.421469 0.543482
9.9973E-05 9.9973E-05 0.0914925 9.9973E-05 0.333016 0.575192
0.0163159 0.010923 0.289724 9.9982E-05 9.9982E-05 0.682837
9.9991E-05 0.052784 0.0562323 0.0591393 0.587588 0.244156
0.0477234 0.0194204 9.9991E-05 0.823261 0.0931702 0.0163247
9.9964E-05 9.9964E-05 9.9964E-05 0.889274 0.110326 9.9964E-05
0.00149262 9.9973E-05 9.9973E-05 0.878609 0.119598 9.9973E-05
9.9973E-05 9.9973E-05 9.9973E-05 0.913114 0.0697845 0.0168011
9.9982E-05 0.00149077 0.0163577 0.873532 0.10842 9.9982E-05
9.9973E-05 9.9973E-05 0.00392678 0.917811 0.0779627 9.9973E-05
9.9964E-05 9.9964E-05 9.9964E-05 0.919291 0.0803092 9.9964E-05
0.0280044 0.0590095 0.0349696 0.0797491 0.461397 0.336871
0.0474694 0.125866 0.011101 0.120816 0.554067 0.14068
0.00340907 9.9982E-05 0.0893544 0.0558318 9.9982E-05 0.851205
0.0237874 0.120665 0.19731 0.0264428 0.524329 0.107466
0.066003 9.9982E-05 9.9982E-05 0.0267164 0.449578 0.457502
9.9982E-05 0.00224922 9.9982E-05 0.048768 0.613027 0.335756
0.00773776 0.00416711 0.0664336 0.0476397 0.525956 0.348066
9.9973E-05 0.0911462 9.9973E-05 9.9973E-05 0.466687 0.441867
0.216271 9.9973E-05 9.9973E-05 0.0582887 9.9973E-05 0.725141
0.0978437 0.0779257 9.9991E-05 0.117946 0.409192 0.296993
0.065863 0.0804682 0.0212804 0.0121924 0.561432 0.258764
0.122851 0.150466 9.9991E-05 0.0319604 0.522412 0.17221
9.9982E-05 0.0718758 0.152265 9.9982E-05 0.235486 0.540174
9.9991E-05 0.058455 0.0312238 0.0257751 0.466281 0.418165
0.0203121 0.0223235 0.0400495 0.0353822 0.370853 0.51108
9.9973E-05 0.113538 9.9973E-05 9.9973E-05 0.231398 0.654764
0.108633 0.052741 9.9991E-05 0.02519 0.347978 0.465358
0.0113927 0.144156 9.9991E-05 0.0632256 0.542606 0.23852
0.333033 0.0296736 0.239272 0.0411659 0.242601 0.114254
0.2671 0.036436 0.158188 0.087254 0.450922 9.9991E-05
0.294021 0.0959731 0.0310048 0.0364899 0.542411 9.9991E-05
0.0543061 0.0607054 0.019309 0.100476 0.58879 0.176413
0.302007 9.9991E-05 0.0328448 0.0550044 0.516749 0.0932948
0.299189 0.0681416 0.0586855 9.9991E-05 0.494318 0.0795664
0.406755 9.9982E-05 9.9982E-05 0.027857 0.518431 0.0467573
0.196255 0.00467647 0.0824222 0.0510313 0.544593 0.121022
0.153355 0.05224 0.0285723 0.0505509 0.563945 0.151337
0.152657 9.9991E-05 0.12081 0.0203681 0.676102 0.0299625
0.306132 9.9982E-05 0.0712418 9.9982E-05 0.555849 0.0665772
0.135479 0.0686977 0.222024 0.0144731 0.559227 9.9991E-05
0.0501249 0.108969 0.0852655 0.0692277 0.619965 0.0664486
0.246167 0.0343364 9.9991E-05 0.000548975 0.542931 0.175917
0.165834 0.0883173 0.127897 0.0393948 0.578458 9.9991E-05
0.257512 0.0955138 9.9982E-05 9.9982E-05 0.571205 0.075569
0.305159 0.0136801 0.178615 0.0702982 0.417629 0.0146186
0.171371 0.0894701 0.0430594 0.0472784 0.544465 0.104356
0.142854 0.0456675 0.100804 9.9982E-05 0.710475 9.9982E-05
0.354193 0.118431 0.0418283 0.0460992 0.203022 0.236427
0.262111 0.0165573 0.319098 0.0274384 0.237044 0.137752
0.214699 9.9991E-05 0.119473 0.0242306 0.583296 0.0582004
0.287006 0.0765003 0.370002 9.9991E-05 0.023412 0.242979
0.424255 9.9991E-05 0.0647506 0.042473 0.269198 0.199223
0.281839 9.9982E-05 0.00805391 9.9982E-05 0.493799 0.216108
0.482202 9.9982E-05 9.9982E-05 0.00676789 0.322072 0.188758
0.463553 0.0539875 9.9982E-05 9.9982E-05 0.271034 0.211225
0.13632 0.0379722 0.074351 0.0710447 0.53644 0.143873
0.174797 0.172441 0.0412148 0.108486 0.433442 0.0696196
0.289362 0.015967 0.0545734 0.00474269 0.563079 0.0722763
0.355204 0.115285 0.243161 9.9991E-05 0.151726 0.134524
0.0844205 0.0553501 0.0313852 0.126428 0.484098 0.218319
0.0613917 0.0585241 0.223568 0.0268679 0.37559 0.254058
0.0942345 9.9991E-05 0.56213 0.135284 0.0551452 0.153106
9.9982E-05 0.00546003 0.196482 0.139445 0.658413 9.9982E-05
0.00783547 0.0105113 0.25254 0.16136 0.387501 0.180252
0.0382473 0.0939998 0.127183 0.0970598 0.532972 0.110537
0.0374332 9.9991E-05 0.495192 0.0535852 0.358196 0.0554932
0.125929 9.9991E-05 0.484545 0.0538812 0.226879 0.108667
0.0806029 9.9982E-05 0.357151 9.9982E-05 0.491124 0.0709221
0.140276 0.0731423 0.238298 0.0449468 0.503237 9.9991E-05
0.0689059 9.9991E-05 0.114025 0.20144 0.404194 0.211334
0.129391 0.170049 0.414208 0.0475988 9.9991E-05 0.238654
0.154309 0.1045 0.173407 0.04035 0.474923 0.0525117
0.0984805 9.9982E-05 0.292892 9.9982E-05 0.382959 0.225469
0.0111605 9.9982E-05 0.270245 9.9982E-05 0.502099 0.216296
0.00276042 0.0618365 0.168039 0.103183 0.639556 0.0246252
9.9982E-05 0.229568 0.252379 0.313457 0.204395 9.9982E-05
9.9973E-05 0.133919 0.346957 0.518824 9.9973E-05 9.9973E-05
9.9973E-05 0.125844 0.447784 0.426072 9.9973E-05 9.9973E-05
0.0652786 0.335565 0.159779 0.317068 0.122209 9.9991E-05
0.0299938 9.9982E-05 0.212122 9.9982E-05 0.70391 0.053774
0.021759 0.0716904 0.236703 0.0471501 0.60625 0.016447
9.9964E-05 0.658376 9.9964E-05 9.9964E-05 0.341224 9.9964E-05
0.186382 0.483849 9.9982E-05 9.9982E-05 0.235376 0.0941923
0.0667575 0.530203 0.0315488 0.0411517 0.303755 0.0265841
0.0419843 0.017275 0.464876 9.9991E-05 0.35726 0.118504
0.0983679 0.0357525 0.184111 0.0718438 0.609825 9.9991E-05
0.00868178 9.9982E-05 0.63113 9.9982E-05 0.236951 0.123037
0.0475349 0.0190681 0.279752 0.0237593 0.617417 0.0124684
0.0591488 0.039153 0.305701 9.9991E-05 0.445135 0.150762
0.0293201 0.0520041 0.327129 9.9982E-05 0.591347 9.9982E-05
0.0823532 9.9982E-05 0.584673 9.9982E-05 0.231491 0.101283
9.9991E-05 0.0948823 0.0116211 0.11181 0.588708 0.192879
0.0834205 0.0327928 0.178479 0.059961 0.6203 0.0250471
9.9973E-05 0.95862 9.9973E-05 9.9973E-05 0.0405719 0.000508253
0.0258263 0.906355 9.9973E-05 9.9973E-05 0.0675183 9.9973E-05
0.0715799 0.554314 9.9991E-05 0.0369327 0.251113 0.0859602
9.9973E-05 0.645085 9.9973E-05 9.9973E-05 0.336809 0.0178062
9.9973E-05 0.807752 9.9973E-05 9.9973E-05 0.0280161 0.163932
9.996E-05 0.9995 9.996E-05 9.996E-05 9.996E-05 9.996E-05
0.0284573 0.965702 0.00554071 9.9973E-05 9.9973E-05 9.9973E-05
9.9964E-05 0.826646 9.9964E-05 9.9964E-05 0.172954 9.9964E-05
0.0212176 0.933009 9.9973E-05 9.9973E-05 0.0454737 9.9973E-05
9.996E-05 0.9995 9.996E-05 9.996E-05 9.996E-05 9.996E-05
9.996E-05 0.9995 9.996E-05 9.996E-05 9.996E-05 9.996E-05
0.0551463 0.765487 9.9982E-05 0.0355749 0.143592 9.9982E-05
0.0997713 0.811852 9.9973E-05 9.9973E-05 0.0880766 9.9973E-05
9.9964E-05 0.990863 9.9964E-05 9.9964E-05 9.9964E-05 0.00873733
0.119563 0.381934 0.00935965 0.119099 0.34582 0.0242242
9.9982E-05 0.687466 9.9982E-05 0.052356 0.195004 0.0649745
0.000905586 0.778259 9.9991E-05 0.0207511 0.124536 0.0754483
0.0394759 0.906699 9.9982E-05 0.0162798 0.0373451 9.9982E-05
9.9964E-05 0.963169 9.9964E-05 9.9964E-05 0.0364307 9.9964E-05
9.9973E-05 0.880721 9.9973E-05 0.0315103 0.0874687 9.9973E-05
9.996E-05 0.9995 9.996E-05 9.996E-05 9.996E-05 9.996E-05
0.085641 0.64503 9.9982E-05 0.0805468 0.188582 9.9982E-05
0.0181168 0.908364 9.9982E-05 9.9982E-05 0.0223989 0.0509199
9.9973E-05 0.0344703 0.631087 0.334142 9.9973E-05 9.9973E-05
0.0807931 0.0538119 0.298431 0.158428 0.408436 9.9991E-05
0.0206004 0.0481865 0.198264 0.239909 0.479786 0.0132532
0.00387712 0.112043 0.476185 0.206245 0.201549 9.9991E-05
0.0331175 0.198568 0.263997 0.102481 0.401736 9.9991E-05
9.9982E-05 0.0659847 0.45724 0.234318 0.242257 9.9982E-05
0.0225191 0.158237 0.216297 0.168311 0.397059 0.0375767
9.9991E-05 0.165472 0.366022 0.13388 0.3313 0.00322702
0.0221554 0.0849443 0.218275 0.207729 0.466797 9.9991E-05
9.9982E-05 0.213703 0.321025 0.124189 0.340883 9.9982E-05
0.0461923 0.0483241 0.161039 0.235581 0.508763 9.9991E-05
0.070455 9.9982E-05 0.0904771 0.794214 0.0446539 9.9982E-05
0.0188929 0.0649072 9.9973E-05 0.9159 9.9973E-05 9.9973E-05
0.0262838 9.9973E-05 9.9973E-05 0.961498 9.9973E-05 0.0119182
0.0437726 9.9973E-05 9.9973E-05 0.94623 0.00969793 9.9973E-05
0.0981401 0.00909159 9.9982E-05 0.861964 0.0306046 9.9982E-05
9.9973E-05 0.0781241 9.9973E-05 0.887432 9.9973E-05 0.0341444
9.9973E-05 0.0839187 9.9973E-05 0.896963 9.9973E-05 0.018818
9.9982E-05 0.0259777 0.0490548 0.885564 9.9982E-05 0.0392034
9.9973E-05 9.9973E-05 9.9973E-05 0.917476 0.0721984 0.010026
0.0151262 0.0431528 9.9982E-05 0.862226 0.0792947 9.9982E-05
0.234389 9.9973E-05 9.9973E-05 0.615625 9.9973E-05 0.149686
0.329777 0.00327902 9.9982E-05 0.584228 9.9982E-05 0.082516
0.258572 9.9982E-05 0.129241 0.556336 9.9982E-05 0.0556505
0.273752 9.9982E-05 0.0978557 0.511854 9.9982E-05 0.116338
0.126172 0.129214 9.9991E-05 0.00816168 0.413015 0.323337
0.114734 0.0762107 0.00992791 0.0238536 0.451896 0.323378
0.151657 0.0682954 0.00687423 0.0105598 0.59759 0.165023
0.2276 9.9982E-05 9.9982E-05 0.0739609 0.31063 0.38761
0.642334 0.0237995 0.031111 9.9991E-05 0.136288 0.166368
9.9991E-05 0.0664483 0.0481251 0.0991949 0.532789 0.253343
0.0652854 0.0179206 0.0661467 9.9991E-05 0.555422 0.295125
0.0785337 0.0569851 0.0890812 9.9991E-05 0.427385 0.347915
9.9982E-05 0.0445806 0.0226148 9.9982E-05 0.329305 0.6033
0.0163394 9.9991E-05 0.0120772 0.0959864 0.636914 0.238584
0.14316 0.00382891 9.9982E-05 9.9982E-05 0.390957 0.461854
0.0793561 9.9973E-05 0.150086 9.9973E-05 9.9973E-05 0.770258
0.13667 9.9991E-05 0.165417 0.0211854 0.59376 0.0828687
9.9982E-05 9.9982E-05 0.248224 0.00287948 0.222779 0.525917
0.0420625 9.9991E-05 0.0360158 0.0280286 0.536402 0.357392
0.24227 9.9982E-05 9.9982E-05 0.0461372 0.0460728 0.66532
0.65766 9.9982E-05 0.215939 0.104026 0.022174 9.9982E-05
0.69952 9.9982E-05 0.159313 0.0744679 0.0664996 9.9982E-05
0.786656 9.9982E-05 0.156026 0.0371484 0.0199689 9.9982E-05
0.694228 9.9982E-05 0.125669 0.12366 9.9982E-05 0.0562434
0.733994 0.0275606 0.198129 9.9991E-05 0.0114124 0.0288042
0.695901 0.0777373 0.0962777 0.0703978 0.0595859 9.9991E-05
9.9973E-05 0.0220339 9.9973E-05 0.871022 0.106644 9.9973E-05
0.0995456 0.104725 9.9982E-05 0.774151 0.0213791 9.9982E-05
9.9973E-05 0.0998215 9.9973E-05 0.780168 0.119711 9.9973E-05
0.0941322 0.128708 9.9982E-05 0.762756 0.0142044 9.9982E-05
0.0728259 0.118434 9.9982E-05 0.774781 0.03376 9.9982E-05
0.541526 9.9973E-05 0.0632692 0.394905 9.9973E-05 9.9973E-05
0.410758 9.9982E-05 0.157025 0.427007 9.9982E-05 0.00501069
0.435332 0.0187893 0.0161133 0.426651 9.9991E-05 0.103014
0.00725324 0.0362017 9.9982E-05 0.807185 0.14916 9.9982E-05
0.44526 9.9982E-05 0.0793496 0.397937 9.9982E-05 0.0772537
9.9982E-05 0.360609 0.138832 0.207538 0.292821 9.9982E-05
0.0655452 0.301154 0.00854421 0.0724647 0.426266 0.126025
9.9973E-05 0.300932 9.9973E-05 0.164378 0.53439 9.9973E-05
0.00060365 0.216091 0.00572454 0.312092 0.329979 0.13551
0.0180077 0.204118 0.103346 0.117279 0.432472 0.124778
9.9973E-05 0.281594 0.270366 0.44774 9.9973E-05 9.9973E-05
0.324927 9.9991E-05 0.0220569 0.0199025 0.448258 0.184756
0.211847 9.9982E-05 0.288997 9.9982E-05 0.406931 0.0920249
0.473365 9.9991E-05 0.0988289 0.08893 0.304918 0.0338577
0.150536 9.9982E-05 0.199866 9.9982E-05 0.473285 0.176113
0.155822 9.9973E-05 0.510257 9.9973E-05 9.9973E-05 0.333621
0.245616 0.128431 0.130138 0.0371932 0.428706 0.0299157
0.240364 0.0488379 0.129787 9.9991E-05 0.443642 0.137269
0.372487 9.9991E-05 0.039343 0.0601714 0.361026 0.166873
0.163052 0.0737168 0.0398307 0.165428 0.459301 0.0986706
0.276288 9.9982E-05 0.385999 9.9982E-05 0.167779 0.169734
0.132865 9.9991E-05 0.308328 0.00392553 0.441768 0.113015
0.264718 0.0763409 9.9982E-05 9.9982E-05 0.496949 0.161792
0.111009 0.189114 0.0407915 0.120643 0.371398 0.167044
0.246743 9.9982E-05 0.231571 9.9982E-05 0.440111 0.0813756
0.308574 0.0453238 0.121005 0.00552851 0.501559 0.0180091
0.116378 0.0828105 0.172453 9.9991E-05 0.526816 0.101443
0.217879 9.9982E-05 0.122288 9.9982E-05 0.596064 0.0635693
0.151403 0.0476332 0.00522873 0.0784644 0.614811 0.10246
0.157263 9.9991E-05 0.0756593 0.0364703 0.681982 0.0485248
0.130974 0.0468335 9.9991E-05 0.120884 0.515714 0.185494
9.9973E-05 0.0690243 9.9973E-05 0.78292 0.147756 9.9973E-05
9.9982E-05 0.0687387 9.9982E-05 0.82822 0.0675068 0.0353344
0.0642325 0.00302497 0.0786667 0.792072 0.0175777 0.0444257
9.9973E-05 0.0506791 9.9973E-05 0.799221 9.9973E-05 0.1498
9.9964E-05 9.9964E-05 9.9964E-05 0.862976 0.136624 9.9964E-05
0.603975 0.0619161 0.0740239 0.0178005 0.147278 0.0950062
0.132796 9.9982E-05 0.163889 0.0937463 0.609369 9.9982E-05
0.100299 0.172333 0.19818 0.158943 0.370144 9.9991E-05
0.194204 0.0696431 0.0544575 9.9991E-05 0.654487 0.0271083
0.20004 0.020698 0.0457814 0.0394917 0.526191 0.167797
0.395133 0.127957 0.283664 9.9982E-05 0.193046 9.9982E-05
0.56099 9.9982E-05 0.0807776 0.164173 9.9982E-05 0.193859
0.297233 9.9991E-05 0.087564 0.0269305 0.548067 0.0401052
0.478294 0.0361402 0.1366 0.0496775 0.203782 0.0955057
0.197632 0.0407239 0.19233 0.0725626 0.373496 0.123256
0.492808 0.0153914 0.0813531 0.123919 0.100136 0.186392
0.169474 0.0151064 9.9991E-05 0.12761 0.631298 0.0564125
0.524058 0.00771942 0.0644529 0.0917125 0.194436 0.117621
0.353194 0.0534853 0.151191 0.0280127 0.321874 0.092243
0.127252 0.0429088 0.079517 0.0914793 0.490724 0.168119
0.0562767 9.9973E-05 0.544486 9.9973E-05 0.398938 9.9973E-05
0.0932 9.9982E-05 0.253943 0.0239595 0.628698 9.9982E-05
0.0304287 9.9991E-05 0.144722 0.101487 0.566202 0.157061
0.0682114 9.9982E-05 0.466012 9.9982E-05 0.351313 0.114264
0.14585 0.02281 0.20175 0.0862849 0.543206 9.9991E-05
9.9982E-05 9.9982E-05 0.329872 0.0334937 0.580787 0.0556473
0.0731441 9.9982E-05 0.652702 9.9982E-05 0.149767 0.124187
0.0298731 9.9973E-05 0.658046 9.9973E-05 0.311781 9.9973E-05
0.109819 9.9973E-05 0.30699 9.9973E-05 0.582891 9.9973E-05
0.120758 9.9982E-05 0.477561 9.9982E-05 0.224371 0.17711
0.177072 9.9982E-05 0.244896 9.9982E-05 0.502605 0.0752269
0.56589 0.0401229 0.0200526 0.0244492 0.138299 0.211186
0.325321 9.9982E-05 0.245735 9.9982E-05 0.292758 0.135986
0.407906 0.100175 0.0493136 9.9991E-05 0.32787 0.114635
0.241952 0.123071 9.9982E-05 9.9982E-05 0.600632 0.0341457
0.458009 9.9982E-05 0.0401337 9.9982E-05 0.274368 0.22729
0.115016 0.123013 0.119721 0.0961169 0.521279 0.0248538
0.1789 0.0958325 0.0279378 0.0934273 0.603803 9.9991E-05
0.207467 0.0666579 0.0760262 9.9991E-05 0.537347 0.112402
0.288621 0.103998 0.0665095 9.9991E-05 0.430656 0.110115
0.323311 0.0367971 9.9991E-05 0.0375937 0.427135 0.175064
0.473748 0.113967 9.9982E-05 9.9982E-05 0.174336 0.23775
0.37895 0.122124 0.00994695 9.9991E-05 0.325328 0.16355
0.196033 0.123729 0.0862952 9.9991E-05 0.548307 0.0455359
0.129501 0.068717 0.121994 9.9991E-05 0.567022 0.112666
0.194174 9.9991E-05 0.128321 0.0831077 0.473784 0.120512
0.222617 0.0531669 0.119156 0.0197493 0.509255 0.0760565
0.427691 0.0453432 0.155815 0.0207163 0.350334 9.9991E-05
0.228089 0.0588903 9.9991E-05 0.0108082 0.630779 0.0713334
0.263223 0.136157 0.0240452 0.0465957 0.452503 0.0774764
0.231135 0.0890657 0.120591 0.0633016 0.478416 0.0174907
0.00459222 0.122557 0.00576942 0.385385 0.398102 0.083594
9.9982E-05 0.16036 0.184562 0.124971 0.529907 9.9982E-05
0.112691 0.17482 0.0469182 0.153006 0.418406 0.0941585
0.0767252 0.131976 0.0862007 0.0675886 0.544409 0.0931006
0.0374498 0.222012 9.9991E-05 0.198455 0.456559 0.0854248
0.203274 0.0257699 0.174852 9.9991E-05 0.5544 0.0416043
0.115266 0.14285 0.0740687 0.135116 0.532599 9.99952E-05
0.0112185 0.17941 0.433573 0.23148 0.0275856 0.116733
0.0965129 0.177349 0.102245 0.100525 0.523269 9.9991E-05
0.0456287 0.183508 0.0476316 0.0874195 0.627957 0.00785508
0.0493 0.294198 0.130357 0.0322687 0.402779 0.0910975
0.0412438 0.168223 0.258112 0.169503 0.315629 0.0472889
0.0411147 0.110803 0.0924587 0.266966 0.488557 9.9991E-05
9.9991E-05 0.150223 0.0688776 0.130896 0.629298 0.0206054
9.9973E-05 0.197418 0.331853 0.470429 9.9973E-05 9.9973E-05
0.0683299 0.0682 0.0214137 0.224365 0.585139 0.0325531
9.9991E-05 0.221612 0.129262 0.117616 0.451824 0.0795861
9.9991E-05 0.143895 0.101893 0.119071 0.548238 0.0868032
9.9982E-05 0.213618 0.0833389 0.143447 0.559396 9.9982E-05
0.026076 0.13172 0.0832897 0.198353 0.50956 0.0510013
0.0304854 0.0256202 0.215758 0.0279471 0.435572 0.264617
0.00617748 9.9991E-05 0.169043 0.157823 0.546449 0.120408
0.0561572 9.9982E-05 0.482015 9.9982E-05 0.0218055 0.439822
0.0937984 9.9982E-05 0.548205 9.9982E-05 0.00678132 0.351015
0.0770247 0.190646 0.0820531 0.0152009 0.467791 0.167284
9.9982E-05 0.281682 0.183722 0.0995599 0.434836 9.9982E-05
9.9991E-05 0.365285 0.255701 0.0984261 0.234381 0.0461064
0.0183068 0.325791 0.280722 0.172563 0.202517 9.9991E-05
9.9982E-05 0.219462 0.14602 0.210902 0.423416 9.9982E-05
9.9991E-05 0.0947909 0.651519 0.0450061 0.147163 0.0614207
9.9991E-05 0.119717 0.539858 0.0599732 0.240036 0.0403153
9.9982E-05 0.171511 0.156534 9.9982E-05 0.487457 0.184297
9.9991E-05 0.0983286 0.199235 0.0569429 0.438952 0.206441
0.0524488 0.190851 0.43343 0.00886531 0.132701 0.181704
0.0295113 0.0656554 0.235961 0.0841778 0.577354 0.00734104
0.0714166 0.179855 0.160581 9.9991E-05 0.520274 0.0677739
0.0484922 0.158634 0.118981 0.104891 0.413809 0.155193
0.100669 9.9982E-05 0.368988 9.9982E-05 0.282569 0.247574
0.0909928 0.0313038 0.367657 9.9991E-05 0.309103 0.200843
0.103863 9.9982E-05 0.215155 9.9982E-05 0.554789 0.125993
0.109099 0.0379999 0.264995 0.050272 0.382588 0.155046
9.9991E-05 0.0541224 0.23054 0.093462 0.545461 0.076314
9.9973E-05 9.9973E-05 0.42765 9.9973E-05 0.554629 0.0174211
0.0430356 9.9982E-05 0.534534 9.9982E-05 0.253403 0.168827
9.9991E-05 0.0523634 0.14833 0.0253323 0.591109 0.182765
0.120609 9.9982E-05 0.358776 9.9982E-05 0.24491 0.275505
9.9973E-05 9.9973E-05 0.403215 9.9973E-05 0.498193 0.0982915
0.0184059 0.0503715 0.212317 0.0270075 0.598125 0.0937732
0.0487864 0.0611976 0.126937 0.0478854 0.510856 0.204338
0.00246656 0.203036 0.0764695 0.21382 0.465991 0.0382168
0.0395352 0.105891 0.247963 0.0678935 0.45533 0.083388
0.0266903 0.281269 0.218059 0.143154 0.297764 0.0330636
0.0289824 0.173675 0.233953 0.178994 0.384295 9.9991E-05
0.0647271 0.151059 9.9991E-05 0.20062 0.42752 0.155975
0.0388626 0.117192 0.137156 0.210583 0.463469 0.0327356
0.0330246 0.146855 0.574899 0.165509 9.9991E-05 0.079613
0.0108691 0.184305 0.154263 0.0730361 0.577426 9.9991E-05
9.9973E-05 0.141071 0.515662 0.342967 9.9973E-05 9.9973E-05
9.9991E-05 0.189094 0.20908 0.00488309 0.549171 0.0476715
9.9973E-05 9.9973E-05 0.526054 9.9973E-05 0.113211 0.360435
9.9964E-05 9.9964E-05 0.557911 9.9964E-05 9.9964E-05 0.441689
0.0476386 9.9982E-05 0.286848 9.9982E-05 0.463285 0.202028
0.0243217 9.9991E-05 0.254032 0.0146556 0.66301 0.0438806
9.9973E-05 9.9973E-05 0.378075 9.9973E-05 0.392903 0.228723
9.9991E-05 0.00438758 0.184713 0.0102221 0.468124 0.332453
9.9982E-05 0.0242913 0.263087 9.9982E-05 0.581443 0.130979
9.9982E-05 0.0685188 0.0642995 0.79247 0.0745119 9.9982E-05
0.116246 0.132045 0.0590027 0.692506 9.9982E-05 9.9982E-05
0.0560992 0.0478282 9.9973E-05 0.895773 9.9973E-05 9.9973E-05
9.9973E-05 0.0163417 9.9973E-05 0.920303 0.0630554 9.9973E-05
9.9991E-05 0.0601628 0.0086505 0.0897577 0.450234 0.391095
0.00532454 0.135943 9.9991E-05 0.036009 0.341396 0.481227
0.016878 9.9982E-05 9.9982E-05 0.0128317 0.469262 0.500828
0.011659 9.9991E-05 0.00406293 0.0855407 0.731949 0.166688
0.0350781 9.99997E-05 0.0834592 0.119943 0.527435 0.233985
0.130681 0.0633312 0.00580158 0.00539212 0.153999 0.640795
9.9964E-05 9.9964E-05 9.9964E-05 9.9964E-05 0.586024 0.413576
9.9973E-05 9.9973E-05 0.242737 9.9973E-05 0.281273 0.47569
0.0811042 0.215508 9.9991E-05 0.251303 0.4197 0.0322853
0.0968831 0.11246 0.179886 9.9991E-05 0.294463 0.316208
0.111469 0.00663972 9.9991E-05 0.0302945 0.289847 0.56165
0.0746985 9.9973E-05 9.9973E-05 9.9973E-05 0.542751 0.382251
0.0526355 0.00456482 0.00963368 0.0165426 0.329435 0.587188
9.9982E-05 0.0191845 0.0682933 9.9982E-05 0.525866 0.386456
9.9982E-05 0.0645888 9.9982E-05 0.108609 0.431635 0.394967
9.9973E-05 9.9973E-05 0.0253727 9.9973E-05 0.0633417 0.910986
0.0223872 0.0282094 0.171258 0.00512765 0.215986 0.557032
0.0553265 9.9991E-05 0.0410224 0.01138 0.317624 0.574547
9.9964E-05 9.9964E-05 0.236953 9.9964E-05 9.9964E-05 0.762647
0.0687118 0.0572068 0.0176711 0.0432106 0.288254 0.524946
9.9973E-05 9.9973E-05 0.283895 9.9973E-05 0.144634 0.571171
9.9964E-05 9.9964E-05 0.290808 9.9964E-05 9.9964E-05 0.708793
9.9991E-05 0.0468001 0.020992 0.0341831 0.562741 0.335184
0.0933072 0.0317398 0.000461636 0.061557 0.132818 0.680116
0.12865 0.128287 9.9991E-05 0.0126365 0.25111 0.479217
0.0854669 0.0432107 0.0406443 0.126879 0.492991 0.210808
0.107287 0.0269764 9.9991E-05 0.0114053 0.451668 0.402563
0.324221 0.0480018 0.203924 9.9991E-05 0.361997 0.0617557
0.0170446 0.0308403 0.0256375 0.0451286 0.473588 0.407761
0.0210562 0.0570153 9.9991E-05 0.0546066 0.445864 0.421358
9.9964E-05 9.9964E-05 9.9964E-05 9.9964E-05 0.279784 0.719816
0.11618 0.0360262 0.0657964 0.0425403 0.557559 0.181898
0.249557 9.9982E-05 0.0935936 0.621752 9.9982E-05 0.0348968
0.0853151 9.9991E-05 0.0331538 0.763448 0.0652675 0.0527153
0.116987 9.9973E-05 0.0521096 0.830603 9.9973E-05 9.9973E-05
0.126405 9.9973E-05 0.0747854 0.79851 9.9973E-05 9.9973E-05
0.184321 9.9982E-05 0.038261 0.731609 0.045609 9.9982E-05
0.196804 0.0178995 9.9991E-05 0.0415244 0.0963722 0.6473
0.0600601 9.9982E-05 9.9982E-05 0.107171 0.100326 0.732244
9.9982E-05 0.00117888 0.0447689 9.9982E-05 0.0898767 0.863976
9.9982E-05 0.0848838 9.9982E-05 0.150624 0.500211 0.264081
0.0267818 9.9982E-05 9.9982E-05 0.144377 0.610855 0.217787
9.9982E-05 0.065033 9.9982E-05 0.062145 0.167895 0.704727
0.0498673 0.138369 0.0012421 9.9991E-05 0.414828 0.395594
9.9991E-05 0.0115822 0.0325437 0.0132268 0.361805 0.580742
0.059088 9.9982E-05 9.9982E-05 0.0537249 0.509853 0.377134
0.05252 0.0387968 0.0149851 0.0695035 0.61047 0.213724
0.107528 0.014209 0.0319755 9.9991E-05 0.200019 0.646168
0.0350257 9.9982E-05 9.9982E-05 0.0125218 0.318192 0.63406
0.120182 9.9973E-05 9.9973E-05 9.9973E-05 0.309713 0.569805
0.0363373 9.9991E-05 0.131638 0.0993024 0.634261 0.0983619
9.9973E-05 9.9973E-05 9.9973E-05 0.0548032 0.297929 0.646968
0.0360018 0.0455377 9.9991E-05 0.0650663 0.362982 0.490312
0.0433698 0.431922 0.0436735 0.0495531 0.431376 0.000105958
9.9991E-05 0.405884 0.010186 0.128945 0.432214 0.0226704
9.9991E-05 0.377831 0.00363057 0.0863085 0.49062 0.0415102
9.9982E-05 0.469651 0.0820203 0.146131 0.301998 9.9982E-05
0.0356895 0.274637 0.00643786 0.180212 0.502924 9.9991E-05
9.9982E-05 9.9982E-05 0.179716 0.0240271 0.526246 0.269811
9.9982E-05 0.671171 0.0462175 0.235999 0.0464128 9.9982E-05
0.0775678 0.417779 9.9991E-05 0.179349 0.30076 0.0244444
0.00462652 0.167275 0.188888 0.130189 0.406711 0.10231
9.9982E-05 9.9982E-05 0.163968 0.158802 0.593828 0.0832015
0.0873601 0.0269287 0.28374 0.133244 0.409381 0.0593455
9.9982E-05 0.0177763 0.155735 0.168174 0.658115 9.9982E-05
0.0560812 9.9991E-05 0.143632 0.0987809 0.662783 0.0386229
9.9973E-05 0.482004 9.9973E-05 0.218801 0.298895 9.9973E-05
0.0246526 0.373586 9.9991E-05 0.170625 0.319582 0.111455
9.9973E-05 0.452524 9.9973E-05 0.0984413 0.448735 9.9973E-05
0.115034 0.349421 9.9991E-05 0.128909 0.29036 0.116175
0.00256572 0.543705 0.0323797 0.108363 0.229435 0.0835515
0.035045 0.371412 0.0757829 0.115732 0.356759 0.0452698
0.0500377 0.582297 0.0378078 0.115019 0.214739 9.9991E-05
0.12212 0.429888 0.0207416 0.0868109 0.328316 0.0121235
9.9982E-05 9.9982E-05 0.283697 0.0595525 0.647657 0.00889319
0.0538111 0.245924 9.9991E-05 0.201751 0.366587 0.131827
0.0099014 0.588956 0.0111151 0.216209 0.173719 9.9991E-05
0.0732041 0.363967 9.9991E-05 0.105031 0.323592 0.134106
0.261511 9.9991E-05 0.322484 0.131629 0.220741 0.0635338
0.10798 0.0740808 0.238834 9.9982E-05 0.578905 9.9982E-05
0.0287562 0.326936 0.119418 0.163225 0.361565 9.9991E-05
0.071368 9.9982E-05 0.174258 0.108705 0.64547 9.9982E-05
0.0703106 0.0223271 0.223196 0.191407 0.469113 0.0236459
0.0193497 0.23893 0.103152 0.176415 0.3252 0.136953
0.0192638 0.28423 0.0806722 0.197819 0.35705 0.0609646
0.000963958 0.168886 0.224712 0.0414633 0.511072 0.0529023
9.9991E-05 0.374049 0.025597 0.183492 0.399897 0.0168653
0.0111425 0.415037 0.0973751 0.117934 0.358411 9.9991E-05
9.9982E-05 0.599414 0.0459504 0.227725 0.12671 9.9982E-05
9.9991E-05 0.0428331 0.111528 0.0939463 0.65974 0.0918531
0.117709 9.9991E-05 0.189351 0.0919717 0.522812 0.0780559
9.9973E-05 9.9973E-05 0.650006 0.085021 0.264673 9.9973E-05
0.167158 0.10413 0.117009 0.0673944 0.544208 9.9991E-05
0.218907 9.9991E-05 0.119097 0.113228 0.448068 0.100601
0.0149193 0.15992 0.115216 0.177328 0.477617 0.0549992
0.0206003 0.0411511 0.124335 0.157457 0.549637 0.10682
9.9973E-05 0.204758 0.54021 0.254732 9.9973E-05 9.9973E-05
9.9973E-05 0.110406 0.635505 0.253789 9.9973E-05 9.9973E-05
0.0883977 0.111846 0.429938 0.0973526 0.265719 0.00674638
9.9982E-05 0.163263 0.444152 0.341007 0.0513769 9.9982E-05
9.9973E-05 0.276829 0.366205 0.356666 9.9973E-05 9.9973E-05
9.9991E-05 0.213603 0.300248 0.123093 0.299071 0.0638861
9.9991E-05 0.15286 0.229491 0.204977 0.360767 0.0518043
0.0644502 0.176932 0.260818 0.311947 0.185753 9.9991E-05
9.9982E-05 0.170349 0.48514 0.261826 0.0824855 9.9982E-05
9.9982E-05 0.0618204 0.217959 0.182504 0.537517 9.9982E-05
9.9991E-05 0.152539 0.494051 0.142321 0.189683 0.0213056
9.9973E-05 0.0672696 0.538478 0.393952 9.9973E-05 9.9973E-05
0.0692951 0.109417 0.0942131 0.174117 0.506527 0.0464318
9.9991E-05 0.222296 0.221174 0.187889 0.345965 0.0225762
0.0357015 0.148557 0.0287008 0.277954 0.469059 0.0400279
9.9982E-05 0.258364 0.0521798 0.15567 0.533586 9.9982E-05
0.0392667 0.169299 0.02108 0.198262 0.543529 0.0285637
9.9982E-05 0.307352 0.0469753 0.180298 0.465174 9.9982E-05
9.9982E-05 0.220957 0.111737 0.351639 0.315468 9.9982E-05
9.9982E-05 0.104336 0.018228 0.234303 0.642932 9.9982E-05
0.0303933 0.183481 9.9982E-05 0.263337 0.522589 9.9982E-05
0.00257904 0.268917 0.10741 0.23021 0.360417 0.0304671
0.13651 0.13203 0.0134019 0.185611 0.2308 0.301647
9.9991E-05 0.0749874 0.042999 0.1993 0.550446 0.132168
0.017609 0.0809457 0.0925639 0.16829 0.63882 0.00177132
9.9982E-05 0.145839 9.9982E-05 0.145165 0.5151 0.193697
0.0433927 0.269244 0.0745099 0.285908 0.326846 9.9991E-05
9.9991E-05 0.161923 0.180538 0.205246 0.402518 0.0496761
9.9982E-05 0.198658 0.248975 0.38796 0.164208 9.9982E-05
9.9982E-05 0.221203 9.9982E-05 0.160574 0.564474 0.0535487
9.9982E-05 0.340292 0.226634 0.260935 0.171939 9.9982E-05
0.118512 0.00188543 0.0424498 0.783648 9.9991E-05 0.0534042
0.811502 0.0435586 9.9991E-05 0.0584847 0.079439 0.00691576
0.9995 9.996E-05 9.996E-05 9.996E-05 9.996E-05 9.996E-05
0.9995 9.996E-05 9.996E-05 9.996E-05 9.996E-05 9.996E-05
0.971937 9.9964E-05 9.9964E-05 9.9964E-05 0.0276629 9.9964E-05
0.967294 0.0179284 9.9982E-05 0.00486989 0.00970744 9.9982E-05
0.912114 9.9964E-05 9.9964E-05 9.9964E-05 0.0874861 9.9964E-05
0.963386 9.9964E-05 9.9964E-05 0.036214 9.9964E-05 9.9964E-05
0.7734 9.9964E-05 9.9964E-05 0.2262 9.9964E-05 9.9964E-05
0.0209076 0.0159023 9.9991E-05 0.918817 0.0291163 0.0151568
0.109539 9.9982E-05 9.9982E-05 0.804777 0.064773 0.0207117
0.0292589 0.071629 0.00688756 0.85706 0.0350649 9.9991E-05
0.137207 9.9982E-05 0.0206619 0.791512 0.0504193 9.9982E-05
0.0269317 0.0607644 9.9991E-05 0.893513 0.0105373 0.00815395
0.00367847 9.9982E-05 0.00612538 0.944247 9.9982E-05 0.0457494
0.00465178 0.091936 0.0653758 0.755582 0.0823545 9.9991E-05
9.9982E-05 0.0259136 0.0400491 0.858811 0.0750263 9.9982E-05
0.137186 0.0831506 9.9982E-05 0.719591 9.9982E-05 0.0598721
0.00582208 0.0881728 9.9982E-05 0.90431 0.00149479 9.9982E-05
0.0476054 0.00230197 9.9982E-05 0.943903 9.9982E-05 0.00599015
0.0183921 0.077162 0.0338227 0.821628 9.9991E-05 0.0488947
0.0289237 0.0038626 9.9973E-05 0.966914 9.9973E-05 9.9973E-05
9.9982E-05 0.0251232 0.0147096 0.898973 0.0609945 9.9982E-05
9.9973E-05 0.0330261 9.9973E-05 0.877604 0.0890703 9.9973E-05
9.9973E-05 0.014646 9.9973E-05 0.838522 0.146532 9.9973E-05
9.9973E-05 0.10406 9.9973E-05 0.754794 0.140845 9.9973E-05
9.9973E-05 0.0859094 9.9973E-05 0.782445 0.131345 9.9973E-05
9.9982E-05 0.0296759 9.9982E-05 0.842416 0.113499 0.014209
0.0548966 9.9991E-05 0.32509 0.135018 0.469373 0.0155219
0.030624 9.9982E-05 0.156641 0.0684726 0.744063 9.9982E-05
0.0522501 0.00732305 0.0928101 0.133151 0.583066 0.131399
9.9982E-05 9.9982E-05 0.760201 0.0332857 0.143441 0.0628715
0.139836 0.00530909 0.168902 0.139771 0.530638 0.0155429
9.9973E-05 9.9973E-05 0.724828 0.10463 0.170241 9.9973E-05
0.0243117 0.0296876 0.218683 0.108557 0.61866 9.9991E-05
0.117463 9.9991E-05 0.273124 0.0750043 0.460679 0.0736296
9.9982E-05 9.9982E-05 0.168697 0.105001 0.580231 0.145871
9.9982E-05 0.018014 9.9982E-05 0.0579924 0.502826 0.420967
0.13045 9.9991E-05 0.305132 0.073196 0.467852 0.0232698
0.00841621 9.9991E-05 0.0654814 0.126449 0.681037 0.118516
0.0538111 9.9991E-05 0.153631 0.0959698 0.608086 0.0884029
0.484789 0.0676329 0.246938 9.9991E-05 0.087907 0.112633
0.10092 9.9973E-05 0.82325 9.9973E-05 9.9973E-05 0.0755292
0.028601 9.9982E-05 0.675736 0.0408531 0.25461 9.9982E-05
0.0250952 0.0107031 0.113663 0.116479 0.637128 0.0969321
0.0868998 0.00404455 0.289416 0.0871404 0.532399 9.9991E-05
0.011182 9.9991E-05 0.218489 0.12085 0.583445 0.0659346
0.00282065 0.0248118 0.0807898 0.0999799 0.689478 0.10212
9.9982E-05 0.111127 0.093698 0.2375 0.557475 9.9982E-05
0.0249049 0.186508 0.0940487 0.14698 0.514971 0.0325871
0.13453 0.0932128 0.149212 0.420794 0.189889 0.0123634
0.00152605 9.9991E-05 0.0989204 0.142274 0.640408 0.116772
0.119732 0.238706 0.0029504 0.207826 0.263402 0.167384
9.9973E-05 0.177679 0.419625 0.402396 9.9973E-05 9.9973E-05
9.9982E-05 0.190304 0.187745 0.279781 0.34197 9.9982E-05
0.0184411 0.218304 0.092552 0.365132 0.24002 0.0655509
0.12581 0.0237732 9.9991E-05 0.364706 0.446911 0.0387006
0.0289909 0.223391 0.110858 0.0338614 0.483199 0.1197
9.9991E-05 0.206565 0.0733082 0.206211 0.481248 0.0325687
0.0130533 0.164997 9.9991E-05 0.13224 0.575813 0.113797
0.0693008 0.159454 0.174509 0.128707 0.397104 0.070926
9.9982E-05 0.127938 9.9982E-05 0.462824 0.359266 0.0497724
