0.93213 9.9982E-05 0.02599 9.9982E-05 0.0416799
0.968735 9.9982E-05 0.0216266 0.00943888 9.9982E-05
0.901907 0.00389795 0.0192718 0.0527348 0.0221884
0.832142 9.9982E-05 0.0319468 0.135711 9.9982E-05
0.916125 9.9973E-05 9.9973E-05 0.0835751 9.9973E-05
0.689868 0.105809 0.0645983 0.113679 0.0260453
0.843326 0.0761741 0.0582293 0.0221702 9.9991E-05
0.752858 0.120109 0.0857087 0.0143509 0.0269727
0.838792 0.00426221 0.156746 9.9982E-05 9.9982E-05
0.786032 0.0847722 0.0854074 0.0436881 9.9991E-05
0.764968 0.0809997 0.0606737 0.0932585 9.9991E-05
0.0433223 0.092488 0.522661 0.327179 0.0143506
0.0695337 0.00536748 0.253604 0.616671 0.0548237
0.0184791 0.0795629 0.501714 0.295428 0.104816
0.0480749 0.0300255 0.461617 0.334946 0.125337
0.0706764 0.00706025 0.297817 0.47419 0.150256
0.0276519 0.0523568 0.221112 0.586308 0.112571
0.0426924 0.0805869 0.303826 0.525029 0.0478652
0.107186 0.0607427 0.442505 0.31224 0.0773274
0.0212758 0.165227 0.706257 0.102373 0.00486756
0.0180779 0.113739 0.330112 0.474331 0.0637412
0.00315814 0.277998 0.160664 0.455056 0.103124
0.0391609 0.0848288 0.212489 0.58568 0.0778415
0.0736771 0.107326 0.451563 0.291702 0.0757311
0.116693 0.0177188 0.108591 0.685528 0.0714692
0.063913 0.03217 0.290971 0.551665 0.0612808
0.0515018 0.105428 0.516562 0.315704 0.0108035
0.0551106 0.0713184 0.48804 0.300628 0.0849026
0.0385479 0.179237 0.512688 0.268232 0.00129507
0.89416 9.9973E-05 9.9973E-05 0.10554 9.9973E-05
0.886109 9.9973E-05 9.9973E-05 0.113591 9.9973E-05
0.808609 9.9991E-05 0.0112077 0.0931069 0.0869766
0.767502 9.9982E-05 9.9982E-05 0.175282 0.0570159
0.0862802 0.172139 0.166394 0.575087 9.9991E-05
0.0832306 0.129111 0.129681 0.603424 0.0545522
0.00116532 0.285503 0.0151534 0.656732 0.0414466
0.0331965 0.029642 0.681179 0.247955 0.00802747
9.9982E-05 0.549661 0.0435126 0.406627 9.9982E-05
0.0957457 0.0827482 0.163677 0.617428 0.0404008
0.0385421 0.166999 9.9991E-05 0.792306 0.00205223
0.145861 0.173125 0.0767071 0.587197 0.0171097
0.126829 0.0847732 0.094495 0.652834 0.0410683
9.9982E-05 0.318706 0.346314 0.33478 9.9982E-05
0.107804 0.187238 9.9991E-05 0.653923 0.0509348
0.0568704 0.160945 0.0576941 0.681383 0.0431076
0.158883 0.134579 0.0118302 0.653435 0.0412734
9.9982E-05 0.49261 0.0201179 0.487072 9.9982E-05
0.083272 0.115594 0.0945766 0.69252 0.0140379
0.138618 0.116269 0.0869269 0.586096 0.0720896
0.00731347 0.902728 0.089759 9.9982E-05 9.9982E-05
9.9982E-05 0.141658 0.645337 0.212804 9.9982E-05
0.0069786 0.428495 0.299113 0.187385 0.0780283
0.102225 0.0916912 0.105182 0.587538 0.113364
0.109824 0.096727 0.0936997 0.640624 0.0591253
0.0782745 0.134932 0.0792871 0.621798 0.0857079
0.111386 0.093354 0.535139 0.223187 0.0369342
9.9991E-05 0.0379467 0.364476 0.562929 0.0345479
0.084439 0.0482542 0.152614 0.658285 0.056408
0.112721 0.135051 0.263463 0.443515 0.0452488
0.136058 0.17119 0.512095 0.146598 0.0340591
0.0893742 0.113324 0.162939 0.589249 0.0451138
0.115479 0.0976683 0.20203 0.565183 0.0196398
0.0779211 0.201163 0.599183 0.121633 9.9991E-05
0.00403906 0.0644106 0.42599 0.483659 0.0219014
0.0440373 0.167008 0.101274 0.584137 0.103544
0.111453 0.0463681 0.160093 0.677473 0.00461179
0.0794129 0.124637 0.402049 0.348306 0.0455953
0.0380371 0.127375 0.23318 0.532017 0.0693907
0.0659175 0.117241 0.180802 0.549651 0.0863895
0.0543216 0.141718 0.516155 0.275889 0.0119158
9.9982E-05 0.206382 0.132481 0.660937 9.9982E-05
9.9982E-05 0.315138 0.258157 0.426505 9.9982E-05
0.126683 0.130244 0.10921 0.588578 0.0452845
9.9982E-05 0.71871 0.0814895 0.199601 9.9982E-05
9.9982E-05 0.741255 0.0641611 0.194384 9.9982E-05
9.9982E-05 0.555041 0.0085673 0.436192 9.9982E-05
0.0117728 0.169412 0.203538 0.615177 9.9991E-05
0.0938 0.181624 0.058765 0.56531 0.100501
9.9982E-05 0.333521 0.0635526 0.602726 9.9982E-05
9.9982E-05 0.248181 0.382892 0.368727 9.9982E-05
9.9982E-05 0.279209 0.282844 0.437747 9.9982E-05
0.0812816 0.151366 0.103399 0.625965 0.0379881
9.9982E-05 0.255021 0.217711 0.527068 9.9982E-05
0.0249058 0.18809 0.181251 0.605653 9.9991E-05
9.9982E-05 0.365292 0.00416288 0.630345 9.9982E-05
9.9991E-05 0.846855 0.095454 0.0512947 0.00629642
0.0233071 0.162524 0.0870348 0.689901 0.0372325
0.853828 9.9982E-05 0.0740368 0.0719351 9.9982E-05
0.940854 9.9973E-05 9.9973E-05 0.0588457 9.9973E-05
0.858243 9.9982E-05 9.9982E-05 0.0926334 0.0489231
0.932173 9.9982E-05 9.9982E-05 0.00896986 0.0586575
0.971727 9.9973E-05 9.9973E-05 9.9973E-05 0.0279734
0.88906 9.9982E-05 9.9982E-05 0.0577565 0.0529835
0.93276 9.9973E-05 9.9973E-05 0.0669406 9.9973E-05
0.0846449 0.103284 0.0908399 0.699303 0.0219289
0.146106 0.137613 0.0534593 0.604942 0.0578798
9.9982E-05 0.451742 0.325902 0.222156 9.9982E-05
0.0752525 0.141157 0.0886977 0.679903 0.01499
0.0169288 0.203104 0.227186 0.552681 9.9991E-05
0.0647793 0.150488 0.110693 0.650633 0.0234077
0.0582326 0.254493 0.00516307 0.678914 0.00319819
0.0200013 0.226636 0.0972578 0.60962 0.0464841
9.9982E-05 0.391713 0.42449 0.183597 9.9982E-05
0.0755243 0.155664 0.171619 0.541571 0.0556218
0.0896773 0.0582868 0.111732 0.691052 0.0492516
0.123965 0.0930912 0.0651969 0.660071 0.0576759
9.9991E-05 0.49034 0.0892916 0.409544 0.0107242
0.0205987 0.342441 0.00317178 0.633689 9.9991E-05
9.9982E-05 0.130854 0.239707 0.62924 9.9982E-05
9.9982E-05 0.410928 0.0434522 0.54542 9.9982E-05
0.0428558 0.122282 0.252543 0.582219 9.9991E-05
0.110887 0.128181 0.11867 0.627692 0.0145707
0.00712766 0.271542 0.357055 0.307791 0.0564846
0.0929362 0.0704406 0.363155 0.464989 0.00847977
0.10884 0.0382098 0.188879 0.57064 0.0934309
0.122508 0.0613491 0.131987 0.660779 0.0233774
0.0370119 0.0484352 0.351641 0.562812 9.9991E-05
0.0596626 0.0348675 0.22959 0.608703 0.0671774
0.0595349 9.9991E-05 0.43956 0.487009 0.0137964
0.104717 0.154782 0.121616 0.565055 0.0538296
0.0797563 0.0292752 0.160817 0.660832 0.0693189
0.0828412 0.00546248 0.263355 0.608845 0.0394961
0.0426822 0.0110509 0.29993 0.646236 9.9991E-05
0.0732124 0.101967 0.139469 0.61764 0.0677115
0.1145 0.0851037 0.10728 0.63429 0.0588263
9.9991E-05 0.111356 0.182545 0.626915 0.0790846
0.0654802 0.125802 0.116735 0.597065 0.0949171
9.9991E-05 0.132007 0.183034 0.565524 0.119335
0.118054 0.255983 0.210222 0.360341 0.0553998
0.0551455 0.0633017 0.124727 0.65065 0.106175
0.00953609 0.0894499 0.15447 0.673898 0.072646
0.0259372 0.080946 0.616215 0.253989 0.0229128
9.9991E-05 0.440557 0.323231 0.161666 0.0744461
0.0582826 0.0819486 0.275285 0.539112 0.0453716
9.9991E-05 0.516814 0.350265 0.0914192 0.0414013
9.9982E-05 0.0533672 0.565065 0.381368 9.9982E-05
9.9982E-05 0.0511952 0.447129 0.501476 9.9982E-05
0.0297582 0.0630061 0.474218 0.432917 9.9991E-05
9.9991E-05 0.0865745 0.524398 0.379272 0.00965564
0.0540579 0.0340079 0.228166 0.651204 0.032564
0.161025 0.0516421 0.132353 0.605941 0.0490386
0.0196036 0.0653963 0.233343 0.612778 0.0688798
9.9991E-05 0.3797 0.38182 0.206815 0.031565
0.14651 0.140233 0.12011 0.535503 0.0576444
0.11178 0.276351 0.0437492 0.526319 0.0418019
0.159906 0.758695 0.0811994 9.9982E-05 9.9982E-05
0.0791801 0.154587 0.0211015 0.666125 0.079007
0.0971558 0.437374 0.0847156 0.314898 0.065856
0.151182 0.201362 0.0386465 0.52652 0.0822882
0.153776 0.483428 0.075807 0.286889 9.9991E-05
0.117221 0.645096 0.111512 0.126072 9.9991E-05
0.0510975 0.365351 0.0755858 0.446105 0.06186
0.0899471 0.168514 0.136509 0.477429 0.127601
0.154994 0.203577 0.155402 0.397228 0.0887985
0.0720604 0.573042 0.119671 0.146135 0.0890908
0.137373 0.133011 0.0946433 0.534438 0.100534
9.9982E-05 0.535927 0.0778089 0.386064 9.9982E-05
9.9982E-05 0.420993 0.093693 0.485114 9.9982E-05
0.1404 0.140102 0.0419305 0.597998 0.0795703
0.411738 0.2204 9.9991E-05 0.101274 0.266488
0.527366 0.330074 9.9982E-05 9.9982E-05 0.14236
0.510865 0.353248 9.9982E-05 9.9982E-05 0.135687
0.38087 0.237864 0.0479636 0.0295442 0.303758
0.048966 0.251119 0.0283244 0.671491 9.9991E-05
0.153143 0.143724 0.0346288 0.630074 0.038429
9.9982E-05 9.9982E-05 0.00205381 0.301852 0.695894
0.030345 9.9991E-05 0.128959 0.360689 0.479907
0.0680757 9.9991E-05 0.086981 0.412622 0.432222
0.0554375 0.604721 0.0118128 0.287483 0.0405459
0.0978186 0.212781 0.0969546 0.488391 0.104055
9.9982E-05 0.591543 0.0930583 0.315199 9.9982E-05
0.10846 0.269212 9.9991E-05 0.59595 0.0262787
0.0408103 0.371736 0.00245407 0.538123 0.0468765
0.0291652 0.322541 9.9991E-05 0.605175 0.0430186
0.0478166 0.701292 0.00408323 0.22095 0.025858
0.0996493 0.171902 9.9991E-05 0.698711 0.0296385
0.121742 0.188131 0.0319769 0.620313 0.0378379
9.9973E-05 9.9973E-05 9.9973E-05 0.0225581 0.977142
9.9982E-05 9.9982E-05 0.0161833 0.0907755 0.892841
0.0542467 0.0387609 0.0314832 0.319819 0.55569
9.9982E-05 9.9982E-05 0.0181707 0.336591 0.645039
9.9982E-05 9.9982E-05 0.0323199 0.139525 0.827955
9.997E-05 9.997E-05 9.997E-05 9.997E-05 0.9996
9.9982E-05 9.9982E-05 0.0356309 0.0147373 0.949432
9.9973E-05 9.9973E-05 9.9973E-05 0.130169 0.869531
9.9973E-05 9.9973E-05 0.0480864 9.9973E-05 0.951614
9.997E-05 9.997E-05 9.997E-05 9.997E-05 0.9996
9.997E-05 9.997E-05 9.997E-05 9.997E-05 0.9996
0.0139955 9.9991E-05 0.0110759 0.186879 0.787949
0.037691 9.9991E-05 0.0448536 0.113486 0.80387
9.997E-05 9.997E-05 9.997E-05 9.997E-05 0.9996
0.0726594 0.0502204 0.102627 0.3602 0.414293
0.0315933 9.9991E-05 0.0603203 0.236615 0.671372
0.0329792 9.9982E-05 9.9982E-05 0.133171 0.83365
9.9982E-05 9.9982E-05 0.00921709 0.0846929 0.90589
9.997E-05 9.997E-05 9.997E-05 9.997E-05 0.9996
9.9973E-05 9.9973E-05 9.9973E-05 0.0480114 0.951689
9.997E-05 9.997E-05 9.997E-05 9.997E-05 0.9996
0.0524597 9.9991E-05 0.0379444 0.257206 0.65229
9.9973E-05 9.9973E-05 0.00588899 9.9973E-05 0.993811
0.358901 0.575495 9.9982E-05 9.9982E-05 0.0654039
0.220339 0.244699 0.0368715 0.347595 0.150495
0.210543 0.243388 9.9991E-05 0.46457 0.081399
0.235343 0.44046 9.9991E-05 0.167281 0.156817
0.160495 0.194849 0.0531493 0.47264 0.118867
0.280657 0.470737 9.9991E-05 0.105181 0.143325
0.174858 0.202641 0.0339526 0.441718 0.14683
0.225919 0.312546 9.9991E-05 0.314251 0.147185
0.164407 0.200173 9.9991E-05 0.505101 0.130219
0.254952 0.254574 9.9991E-05 0.359078 0.131296
0.21166 0.160539 0.0590613 0.39789 0.17085
0.90809 0.0280266 0.00876583 0.0550172 9.9991E-05
0.905567 0.0302359 9.9982E-05 9.9982E-05 0.0639974
0.942776 9.9982E-05 0.044315 0.0127092 9.9982E-05
0.9869 0.00782933 0.00507061 9.9982E-05 9.9982E-05
0.929767 9.9982E-05 0.0140519 0.0559811 9.9982E-05
0.9996 9.997E-05 9.997E-05 9.997E-05 9.997E-05
0.950209 9.9982E-05 9.9982E-05 0.0433328 0.00625858
0.950506 9.9973E-05 0.0491945 9.9973E-05 9.9973E-05
0.900784 0.0170434 0.032902 0.0131748 0.0360958
0.921845 9.9991E-05 0.0232703 0.0290141 0.0257709
0.601368 0.0835645 0.314868 9.9982E-05 9.9982E-05
0.624091 0.0408496 0.33486 9.9982E-05 9.9982E-05
0.551093 0.115329 0.333378 9.9982E-05 9.9982E-05
0.457751 0.119429 0.42262 9.9982E-05 9.9982E-05
0.0663877 0.110054 0.220744 0.602714 9.9991E-05
0.0566142 0.155214 0.188691 0.587359 0.0121221
0.00348212 0.0928845 0.252541 0.646878 0.00421423
0.00110853 0.185689 0.360385 0.452718 9.9991E-05
9.9991E-05 0.0902443 0.625464 0.271936 0.012256
0.0557076 0.0752159 0.119107 0.730005 0.0199649
9.9991E-05 0.066509 0.206777 0.721184 0.00542985
0.0304275 0.247158 0.0737694 0.631901 0.0167443
9.9973E-05 0.436298 9.9973E-05 0.563403 9.9973E-05
0.0438657 0.130303 0.103252 0.662804 0.0597753
9.9982E-05 0.220324 0.195859 0.583617 9.9982E-05
9.9982E-05 0.760576 0.079719 0.159505 9.9982E-05
0.0932596 0.101299 0.156222 0.628506 0.020713
9.9973E-05 0.640911 9.9973E-05 0.358789 9.9973E-05
0.0024383 0.255506 0.072044 0.639694 0.0303182
9.9982E-05 0.307566 0.388468 0.303767 9.9982E-05
0.155784 0.0537262 0.79029 9.9982E-05 9.9982E-05
0.126722 0.0657744 0.743376 0.0640274 9.9991E-05
0.1282 0.0802349 0.769897 0.0215678 9.9991E-05
0.113043 0.0682539 0.818503 9.9982E-05 9.9982E-05
0.0725179 0.0582615 0.766532 0.102588 9.9991E-05
0.0779711 0.056064 0.73814 0.0742005 0.0536245
0.886862 9.9991E-05 0.0160727 0.0560897 0.0408761
0.837027 9.9991E-05 0.0401825 0.116523 0.006167
0.798836 9.9991E-05 0.0163024 0.159849 0.0249123
0.8588 9.9991E-05 0.0588281 0.0295504 0.0527214
0.782663 9.9991E-05 0.0322917 0.15066 0.0342856
0.418051 0.0249904 0.556758 9.9982E-05 9.9982E-05
0.438686 0.00780963 0.553023 9.9991E-05 0.000381592
0.438204 0.022372 0.519695 9.9991E-05 0.0196287
0.866563 9.9982E-05 0.0190753 0.114162 9.9982E-05
0.373221 0.0697868 0.556793 9.9982E-05 9.9982E-05
0.288972 0.128479 9.9991E-05 0.251572 0.330877
0.10396 0.0329693 0.0607975 0.51165 0.290622
0.180585 9.9982E-05 9.9982E-05 0.542732 0.276483
0.288965 0.123498 9.9991E-05 0.288098 0.299339
0.196343 0.0506896 0.0509208 0.559277 0.14277
0.481043 0.223392 9.9982E-05 9.9982E-05 0.295365
0.0094277 0.0644695 0.41262 0.513383 9.9991E-05
9.9991E-05 0.296591 0.184158 0.478975 0.0401764
9.9991E-05 0.0962312 0.563313 0.335227 0.00512822
9.9991E-05 0.226498 0.175677 0.545992 0.0517329
9.9973E-05 0.676957 0.322743 9.9973E-05 9.9973E-05
0.085773 0.0518759 0.182469 0.565031 0.114852
0.0227035 0.192666 0.156501 0.55338 0.07475
0.0253109 0.0744636 0.483646 0.41648 9.9991E-05
0.115575 0.117718 0.125401 0.599114 0.0421921
9.9982E-05 0.494948 0.311025 0.193827 9.9982E-05
0.02778 0.161962 0.170227 0.598566 0.0414656
0.0223816 0.0882966 0.320285 0.536346 0.0326914
0.096994 0.180172 0.103222 0.435658 0.183954
9.9991E-05 0.325914 0.262106 0.369304 0.0425765
9.9991E-05 0.270754 0.20624 0.462696 0.06021
9.9991E-05 0.138004 0.177229 0.6238 0.0608665
9.9982E-05 0.197826 0.18963 0.612344 9.9982E-05
0.0422353 0.102689 0.125188 0.638818 0.0910703
0.147346 0.056974 0.137817 0.57358 0.0842835
0.0722989 0.0787443 0.189718 0.636532 0.022707
0.84562 9.9982E-05 9.9982E-05 0.0919946 0.0621857
0.892076 9.9982E-05 9.9982E-05 0.0907052 0.0170189
0.91003 0.00471519 0.005861 0.0792935 9.9991E-05
0.890123 9.9991E-05 0.0308599 0.00290357 0.0760136
0.903263 9.9973E-05 9.9973E-05 0.096437 9.9973E-05
0.0498289 0.130167 0.65012 0.125548 0.0443359
0.0127437 0.171113 0.141273 0.535215 0.139656
0.188593 0.102815 0.0675164 0.399441 0.241635
0.0389399 9.9991E-05 0.229237 0.680569 0.0511548
0.0331972 9.9991E-05 0.353481 0.582572 0.0306504
9.9991E-05 0.342752 0.288338 0.323876 0.0449339
0.0733377 0.0932532 0.795196 0.038113 9.9991E-05
0.0609675 9.9991E-05 0.432777 0.451776 0.0543802
0.0311604 0.0737453 0.586388 0.260574 0.0481322
0.0619918 0.241791 0.168667 0.503167 0.0243842
0.0693648 0.0811291 0.653748 0.195658 9.9991E-05
0.0742142 9.9991E-05 0.288556 0.545852 0.0912774
0.0351656 0.150092 0.592758 0.208889 0.0130957
0.0077421 0.293569 0.295639 0.291237 0.111814
0.125393 0.215098 0.0727091 0.563929 0.022872
0.0282332 0.570009 0.0519156 0.349742 9.9991E-05
0.0728079 0.352823 9.9991E-05 0.572012 0.00225689
0.106238 0.176182 0.102571 0.527237 0.0877712
0.0455562 0.608666 0.0391 0.306577 9.9991E-05
0.0858753 0.223501 0.0482433 0.554023 0.0883571
0.0737744 0.295129 0.0485047 0.582492 9.9991E-05
0.0161584 0.759817 0.0530306 0.170894 9.9991E-05
0.0536901 0.705358 9.9982E-05 0.240752 9.9982E-05
0.0578706 0.369984 0.0625925 0.509453 9.9991E-05
0.0145933 0.757262 0.10278 0.125265 9.9991E-05
0.0169348 0.371144 0.116836 0.494986 9.9991E-05
9.9991E-05 0.024012 0.74399 0.200129 0.0317685
9.9991E-05 0.284569 0.393524 0.226175 0.095632
0.0443092 9.9991E-05 0.423056 0.435222 0.0973131
0.0750973 9.9991E-05 0.266018 0.596387 0.0623972
9.9991E-05 0.036647 0.642537 0.280173 0.0405433
0.0710118 0.129697 0.177763 0.526173 0.0953556
0.0122653 0.050988 0.302365 0.585505 0.0488768
0.00715759 0.138471 0.251354 0.519376 0.0836425
9.9991E-05 0.0763292 0.311378 0.523329 0.0888633
9.9991E-05 0.000222112 0.449894 0.506242 0.0435424
9.9991E-05 0.0683707 0.556278 0.331887 0.0433635
9.9991E-05 0.021499 0.439557 0.499692 0.0391514
0.0112679 0.113949 0.192226 0.610215 0.0723412
0.0411816 0.0738687 0.192987 0.580572 0.111391
0.0334427 0.24516 0.301366 0.303011 0.11702
9.9991E-05 0.145351 0.227252 0.511917 0.115379
0.00371586 0.0114219 0.519664 0.375775 0.0894232
0.0113271 0.00828947 0.333935 0.537075 0.109373
0.0319022 0.049954 0.350721 0.436805 0.130618
0.125295 0.165908 0.108965 0.529612 0.0702201
0.348298 9.9991E-05 0.0679169 0.456159 0.127526
0.180763 0.0569891 9.9991E-05 0.583974 0.178173
0.206291 0.109054 0.0623048 0.495375 0.126976
0.128598 0.119201 0.0495279 0.527707 0.174966
0.207707 0.133141 9.9991E-05 0.445212 0.21384
9.9991E-05 0.279667 0.151545 0.558128 0.0105597
0.166013 0.0971129 0.02688 0.568176 0.141818
0.253445 0.441869 0.0555307 0.0367748 0.212381
0.0995781 0.0857749 0.109014 0.537549 0.168083
0.139392 0.0930058 0.0300844 0.540522 0.196996
0.0880949 0.0989871 0.0760918 0.578164 0.158662
0.239995 0.315464 0.00197801 0.307225 0.135337
0.261731 0.043452 0.0173313 0.565538 0.111947
0.148439 0.0821951 0.0560426 0.520633 0.19269
0.529829 0.329254 9.9982E-05 9.9982E-05 0.140717
0.184782 0.024224 0.0874036 0.495666 0.207924
0.222397 0.0342415 9.9991E-05 0.549156 0.194105
0.0963757 0.109693 0.085562 0.57735 0.131019
0.189598 0.0526029 9.9991E-05 0.534195 0.223504
0.240761 0.0631206 0.0200602 0.559411 0.116647
0.0520915 0.387469 0.00662901 0.509881 0.0439292
0.0989332 0.238047 0.0345447 0.563614 0.0648605
9.9991E-05 0.85496 0.104482 0.0396 0.000858172
9.9982E-05 0.839591 0.069367 0.0908423 9.9982E-05
0.0940438 0.274261 0.0461342 0.495279 0.0902823
0.156787 0.175121 9.9991E-05 0.335554 0.332438
0.165483 0.157461 9.9991E-05 0.360571 0.316385
0.193338 0.311829 9.9991E-05 0.152741 0.341992
0.169058 0.201202 9.9991E-05 0.346027 0.283613
0.109808 0.676895 9.9991E-05 0.126947 0.0862496
0.0902086 0.626956 9.9991E-05 0.192929 0.0898064
0.0388664 0.259237 9.9991E-05 0.610616 0.0911803
0.0764144 0.323688 9.9991E-05 0.483306 0.116491
0.0557227 0.533905 0.0382909 0.307233 0.064849
0.0536369 0.183453 0.0821169 0.583909 0.0968837
0.0669948 0.201797 9.9991E-05 0.646059 0.0850488
0.105486 0.23364 0.0276158 0.53538 0.0978781
0.00924791 0.507095 0.0376599 0.425192 0.0208047
0.0227677 0.408377 0.0711779 0.49137 0.00630781
0.0392745 0.295323 0.052295 0.568776 0.0443313
0.0290757 0.345195 0.0901227 0.494619 0.0409878
0.124266 0.214514 0.0221638 0.599792 0.0392647
0.0156382 0.426442 0.0129428 0.544877 9.9991E-05
9.9982E-05 0.651002 0.0388768 0.309922 9.9982E-05
0.0293016 0.260236 9.9991E-05 0.676039 0.034324
9.9991E-05 0.601918 0.106103 0.26028 0.0315981
0.0371755 0.410344 9.9982E-05 0.55228 9.9982E-05
0.0898666 0.234296 0.0566373 0.592445 0.0267555
0.0883926 0.235883 0.0690907 0.582407 0.0242276
0.182164 0.140314 0.0155052 0.517681 0.144335
0.181912 0.133093 0.0662537 0.490558 0.128184
0.215749 0.1556 9.9991E-05 0.303626 0.324925
0.212522 0.178842 0.00559276 0.330382 0.272661
0.186696 0.101813 0.0506259 0.499275 0.16159
0.171936 0.214127 0.0231514 0.448789 0.141997
0.175648 0.642361 9.9982E-05 9.9982E-05 0.181791
0.0913588 0.115333 9.9991E-05 0.567247 0.225961
0.350052 0.500055 9.9982E-05 9.9982E-05 0.149693
0.0844209 0.189669 9.9991E-05 0.52874 0.19707
9.9973E-05 0.740659 9.9973E-05 0.259041 9.9973E-05
9.9982E-05 0.869382 0.0324737 0.0979439 9.9982E-05
9.9982E-05 0.391007 0.0164978 0.592295 9.9982E-05
0.0266797 0.28157 9.9991E-05 0.68553 0.00611996
9.9982E-05 0.438846 0.0235976 0.537356 9.9982E-05
9.9982E-05 0.299592 9.9982E-05 0.683351 0.0168565
9.9973E-05 0.360867 9.9973E-05 0.638833 9.9973E-05
0.886847 9.9982E-05 0.0835862 0.029367 9.9982E-05
0.777792 0.0282643 0.0799709 0.068729 0.0452434
0.940257 9.9991E-05 0.0354299 0.00491282 0.0193002
0.955029 9.9973E-05 9.9973E-05 0.0446715 9.9973E-05
0.0557785 0.271262 0.00541793 0.656734 0.0108075
0.0361466 0.0991438 0.149289 0.703563 0.0118579
9.9982E-05 0.178139 0.147803 0.673858 9.9982E-05
0.0924866 0.114639 0.113626 0.679148 9.9991E-05
0.10551 0.0942605 0.113197 0.6647 0.0223327
9.9982E-05 0.279781 0.262246 0.457773 9.9982E-05
0.0255797 0.119198 0.0493035 0.805819 9.9991E-05
9.9982E-05 0.514194 0.0218684 0.463738 9.9982E-05
0.310471 9.9991E-05 0.103211 0.398319 0.187899
9.9982E-05 0.370304 0.0581527 0.571344 9.9982E-05
9.9982E-05 0.229922 0.242936 0.526942 9.9982E-05
9.9982E-05 0.266001 0.0648446 0.668954 9.9982E-05
0.0103159 0.162468 0.241626 0.585489 9.9991E-05
9.9973E-05 0.285839 9.9973E-05 0.713861 9.9973E-05
0.0821447 0.101813 0.123575 0.692367 9.9991E-05
9.9973E-05 0.754784 9.9973E-05 0.244916 9.9973E-05
9.9982E-05 0.486821 0.0276782 0.485301 9.9982E-05
9.9982E-05 0.394615 0.0741393 0.531046 9.9982E-05
9.9973E-05 0.906945 9.9973E-05 0.0927551 9.9973E-05
0.0325432 0.174423 0.239445 0.553489 9.9991E-05
9.9982E-05 0.719109 0.0368657 0.243825 9.9982E-05
9.9982E-05 0.843426 0.105915 0.0504592 9.9982E-05
0.0594105 0.258977 9.9991E-05 0.648824 0.0326882
9.9982E-05 0.342088 0.310862 0.34685 9.9982E-05
9.9982E-05 0.193884 0.204 0.601916 9.9982E-05
0.114535 0.146867 0.063127 0.625413 0.0500583
0.0211468 0.1327 0.167783 0.67827 9.9991E-05
9.9991E-05 0.285135 0.27742 0.393719 0.0436258
0.0365248 0.114132 0.137645 0.705309 0.00638939
9.9982E-05 0.149917 0.197453 0.65243 9.9982E-05
9.9982E-05 0.481344 0.0514461 0.46701 9.9982E-05
0.0977415 0.178998 0.0716183 0.620999 0.0306431
0.672663 0.0385319 0.288605 9.9982E-05 9.9982E-05
0.794026 0.0288335 0.165181 0.011859 9.9991E-05
0.862715 9.9973E-05 0.136985 9.9973E-05 9.9973E-05
0.837474 9.9973E-05 0.162227 9.9973E-05 9.9973E-05
0.767852 0.0117992 0.20015 0.0200986 9.9991E-05
0.00679407 0.297638 0.342449 0.353019 9.9991E-05
9.9982E-05 0.36312 0.313755 0.322925 9.9982E-05
9.9982E-05 0.602444 0.00722218 0.390133 9.9982E-05
0.115192 0.158398 0.0654112 0.613244 0.0477547
0.105902 0.116794 0.100527 0.623218 0.0535592
0.00584066 0.486145 0.0575387 0.450376 9.9991E-05
9.9991E-05 0.203552 0.0582342 0.648738 0.0893756
0.0486603 0.323493 0.0531176 0.566691 0.00803839
0.0241336 0.210442 0.116163 0.649161 9.9991E-05
0.0210523 0.137259 0.113472 0.676523 0.0516935
9.9982E-05 0.281405 0.318686 0.399709 9.9982E-05
9.9982E-05 0.255568 0.260395 0.483837 9.9982E-05
9.9982E-05 0.249224 0.246238 0.504337 9.9982E-05
0.159148 0.130619 0.0263448 0.683788 9.9991E-05
0.00499283 0.201884 0.240923 0.5521 9.9991E-05
0.0216099 0.172013 0.22331 0.582967 9.9991E-05
0.116453 0.00772867 0.0203347 0.467937 0.387547
0.168453 0.0282544 0.020582 0.319612 0.463098
0.0954683 9.9991E-05 0.0325473 0.432289 0.439596
0.158364 0.041033 9.9991E-05 0.268618 0.531886
0.148223 0.0444682 0.0189245 0.507567 0.280817
0.127738 0.294382 9.9991E-05 0.572389 0.00539182
0.265281 0.0786239 0.00396804 9.9991E-05 0.652027
0.186208 0.0461476 9.9991E-05 0.285957 0.481587
0.196095 0.258882 9.9991E-05 0.384989 0.159935
0.197972 0.198444 0.0321117 0.571372 9.9991E-05
0.168654 0.196539 0.116297 0.496394 0.0221155
0.187466 0.108105 0.0211654 0.675254 0.00800951
0.190812 0.107736 0.0185686 0.639558 0.0433258
0.198754 9.9982E-05 9.9982E-05 0.352113 0.448933
0.144609 0.0401599 0.0220768 0.447647 0.345507
0.094986 9.9982E-05 9.9982E-05 0.386673 0.518141
0.153621 0.0763189 0.0328102 0.446822 0.290428
0.169892 0.0737144 0.0416472 0.228148 0.486599
0.143051 0.0414521 0.026451 0.433552 0.355494
0.148801 0.0417168 0.032178 0.235771 0.541533
0.115593 0.08165 0.0377968 0.428553 0.336407
0.132165 0.307112 0.0176498 0.494941 0.0481328
0.159932 0.022306 0.0540038 0.39238 0.371377
0.254296 0.0215265 9.9991E-05 0.17575 0.548328
0.150395 0.0371748 0.0501056 0.370114 0.39221
0.214682 0.306135 0.153325 0.325758 9.9991E-05
0.0697328 0.231135 9.9991E-05 0.62371 0.0753229
0.14736 0.0438562 0.0498825 0.397847 0.361055
0.167768 0.14506 0.0773582 0.608113 0.00170049
0.228146 0.18776 0.0691481 0.514846 9.9991E-05
0.206836 0.197445 9.9991E-05 0.360928 0.234691
0.236532 0.113119 9.9991E-05 0.353847 0.296402
0.128542 0.151511 0.0511075 0.582308 0.0865322
0.1318 0.0543379 0.00504691 0.496848 0.311967
0.125405 9.9991E-05 0.000371005 0.45094 0.423184
0.204738 0.0424056 9.9991E-05 0.113921 0.638836
0.14308 0.0580752 0.100682 0.650865 0.047298
0.174374 0.24973 0.0735834 0.502213 9.9991E-05
0.152288 0.677782 9.9991E-05 0.126634 0.0431964
0.191683 0.134546 0.0255539 0.634553 0.0136641
0.0917477 0.273025 0.135958 0.426585 0.0726841
0.210885 0.134311 0.0232951 0.4521 0.179409
0.184251 0.165903 0.0318127 0.467661 0.150372
0.412294 0.466233 9.9982E-05 9.9982E-05 0.121273
0.373238 0.551181 9.9982E-05 9.9982E-05 0.0753807
0.206547 0.365297 9.9991E-05 0.331554 0.0965015
0.381879 0.421834 9.9991E-05 0.0167717 0.179415
0.514052 0.306472 9.9982E-05 9.9982E-05 0.179276
0.209214 0.279038 9.9991E-05 0.375251 0.136398
0.268299 0.188881 0.0311569 0.303886 0.207778
0.318259 0.38998 9.9991E-05 0.0949429 0.196719
0.314822 0.488608 9.9991E-05 0.0308054 0.165664
0.228564 0.119932 9.9991E-05 0.526094 0.125309
0.294329 0.419728 9.9991E-05 0.146518 0.139326
0.441656 0.500804 9.9982E-05 9.9982E-05 0.0573399
0.146131 0.0998276 0.0427339 0.554414 0.156893
0.272714 0.256221 0.00219867 0.302032 0.166834
0.340713 0.0371242 0.0264151 0.41698 0.178768
0.178128 9.9982E-05 9.9982E-05 0.55049 0.271183
0.186797 0.0436298 9.9991E-05 0.530223 0.239251
0.169921 0.081851 0.00457424 0.472981 0.270672
0.371763 9.9991E-05 0.110153 0.291943 0.226041
0.24941 9.9991E-05 0.0415087 0.510916 0.198065
0.27078 9.9991E-05 0.0202239 0.481424 0.227471
0.271069 0.199681 9.9991E-05 0.287353 0.241797
0.22321 0.143948 0.133717 0.405296 0.093829
0.242515 0.0766092 0.0443356 0.50431 0.132231
0.197221 0.0367632 0.0127643 0.576995 0.176257
0.132363 0.0508804 0.0815469 0.558115 0.177095
0.322374 0.0174887 9.9991E-05 0.440395 0.219642
0.233001 0.0347852 0.0214938 0.518721 0.191999
0.393822 0.251776 9.9991E-05 0.0249233 0.329379
0.202472 0.0445239 0.0283623 0.588922 0.13572
0.321851 0.205147 9.9991E-05 0.142212 0.330691
0.807778 9.9973E-05 0.191922 9.9973E-05 9.9973E-05
0.0373554 9.9991E-05 0.823325 0.128853 0.0103668
9.997E-05 9.997E-05 0.9996 9.997E-05 9.997E-05
9.997E-05 9.997E-05 0.9996 9.997E-05 9.997E-05
9.9982E-05 9.9982E-05 0.974827 0.0191196 0.00585371
9.9973E-05 9.9973E-05 0.98134 9.9973E-05 0.0183605
9.9973E-05 9.9973E-05 0.98098 0.0187206 9.9973E-05
9.997E-05 9.997E-05 0.9996 9.997E-05 9.997E-05
0.137039 9.9973E-05 0.862661 9.9973E-05 9.9973E-05
0.918073 9.9982E-05 0.0697623 0.0119644 9.9982E-05
0.821611 9.9982E-05 0.131089 0.0470999 9.9982E-05
0.900665 0.0162013 0.038994 0.0435544 0.000585463
0.877821 9.9982E-05 0.0712649 0.0507137 9.9982E-05
0.899112 9.9991E-05 0.0615539 0.0389299 0.000304352
0.919123 9.9982E-05 0.0260365 0.0546403 9.9982E-05
0.745149 9.9991E-05 0.0439612 0.137227 0.0735628
0.914918 9.9982E-05 9.9982E-05 0.0794263 0.00545541
0.726656 0.0189384 0.0627948 0.124997 0.0666134
0.920167 9.9982E-05 9.9982E-05 0.0379257 0.0417071
0.991735 0.000614366 0.00745051 9.9982E-05 9.9982E-05
0.892079 9.9991E-05 0.0467588 0.0377641 0.0232984
0.996803 9.9973E-05 0.00289739 9.9973E-05 9.9973E-05
0.959802 9.9973E-05 9.9973E-05 0.0398983 9.9973E-05
0.911077 9.9973E-05 9.9973E-05 0.0886232 9.9973E-05
0.932313 9.9982E-05 9.9982E-05 0.0659979 0.00148859
0.884368 9.9982E-05 9.9982E-05 0.0734119 0.0420203
0.863484 9.9982E-05 9.9982E-05 0.121474 0.0148424
0.830112 9.9982E-05 9.9982E-05 0.069092 0.100596
0.184586 0.257043 0.0986594 0.459612 9.9991E-05
0.125623 0.100251 0.0195575 0.754469 9.9991E-05
0.16843 0.0473201 0.0944433 0.632866 0.0569401
0.131549 0.750831 9.9991E-05 0.083911 0.0336097
0.128886 0.180789 0.167671 0.490938 0.0317157
0.161862 0.742927 9.9991E-05 0.0663578 0.0287529
0.113998 0.182269 9.9991E-05 0.647551 0.0560818
0.181091 0.213122 0.138838 0.466849 9.9991E-05
0.16808 0.244072 0.0648905 0.522858 9.9991E-05
0.046601 0.160351 0.168453 0.624495 9.9991E-05
0.174999 0.199543 0.130793 0.494566 9.9991E-05
0.118339 0.170555 9.9991E-05 0.663832 0.047174
0.164555 0.175752 0.0869836 0.568094 0.00461541
9.9991E-05 0.403345 0.461871 0.0175213 0.117162
0.149572 0.849112 9.9982E-05 9.9982E-05 0.00111628
0.153915 0.68489 9.9991E-05 0.141188 0.0199073
0.173435 0.129354 0.0418171 0.618649 0.0367453
0.111372 0.345039 9.9991E-05 0.478304 0.0651854
0.117148 0.238127 9.9991E-05 0.639865 0.00476073
0.123783 0.148257 0.00520938 0.658925 0.0638254
0.243584 0.0594831 0.0609068 0.424354 0.211673
0.249168 0.0291949 0.0203223 0.572497 0.128818
0.416504 0.0564452 0.186682 0.181826 0.158542
0.158887 0.0339922 0.17695 0.56936 0.0608107
0.252152 0.06065 0.142905 0.465904 0.078389
0.438958 0.392686 9.9982E-05 9.9982E-05 0.168156
0.319431 0.153912 9.9991E-05 0.326966 0.199591
0.362199 0.0615757 0.0953975 0.329717 0.151111
0.326311 0.00213019 0.139342 0.407851 0.124366
0.183541 0.0728253 0.0807841 0.533963 0.128887
0.232403 0.0446158 0.0502186 0.557565 0.115198
0.200627 0.0557568 0.0519413 0.592711 0.0989643
0.1826 0.218404 0.0306795 0.380076 0.188241
0.51124 0.0407321 0.081343 0.231068 0.135617
