0.0151919 0.932468 0.0113589 9.9991E-05 0.0408814
0.0235657 0.973338 9.9982E-05 9.9982E-05 0.00289604
0.00275127 0.889567 0.0798384 0.0277429 9.9991E-05
0.0289639 0.835131 0.135705 9.9982E-05 9.9982E-05
0.0208987 0.907811 0.0710907 9.9982E-05 9.9982E-05
0.0894803 0.691489 0.0956875 0.103088 0.0202559
0.0456986 0.832627 9.9982E-05 0.121474 9.9982E-05
0.0999579 0.750454 0.00621448 0.127448 0.0159261
0.168694 0.831006 9.99729E-05 9.99729E-05 9.99729E-05
0.0397211 0.792551 0.0457861 0.115205 0.00673713
0.0614903 0.767473 0.106774 0.0641626 9.9991E-05
0.563825 0.0176192 0.256396 0.101109 0.0610506
0.303814 0.042597 0.572712 0.0041834 0.0766943
0.549395 9.9991E-05 0.303881 0.0376328 0.108991
0.507827 0.0291877 0.321528 0.0121758 0.129282
0.33456 0.0626738 0.455649 0.0307231 0.116394
0.204759 0.0315346 0.565045 0.0754467 0.123214
0.332007 0.02392 0.501746 0.0666279 0.0756989
0.45355 0.0907458 0.285319 0.0819655 0.0884193
0.73126 0.0238412 0.0705015 0.161082 0.0133153
0.380491 0.0151073 0.460192 0.0840264 0.0601839
0.195381 0.0350431 0.427968 0.232254 0.109355
0.20762 0.0417588 0.622057 0.0832543 0.0453099
0.499636 0.0507045 0.234863 0.112613 0.102183
0.0767968 0.129945 0.647927 0.0366673 0.108663
0.270685 0.060472 0.595458 0.0621741 0.0112111
0.557762 0.034203 0.286434 0.0947059 0.026895
0.49093 0.04437 0.338685 0.0332783 0.0927366
0.517677 0.0120065 0.268312 0.178685 0.0233189
9.9973E-05 0.902338 0.0973617 9.9973E-05 9.9973E-05
9.9982E-05 0.88357 0.110512 9.9982E-05 0.00571799
9.9982E-05 0.823198 0.109949 9.9982E-05 0.066654
9.9982E-05 0.789504 0.149959 9.9982E-05 0.0603368
0.124242 0.0903734 0.602828 0.182456 9.9991E-05
0.175052 0.0749303 0.587794 0.0839597 0.078264
0.0285404 0.0129912 0.685199 0.27317 9.9991E-05
0.700393 0.00329525 0.23427 0.0434844 0.0185576
0.0392419 9.9982E-05 0.445184 0.515375 9.9982E-05
0.230202 0.0542574 0.625678 0.0650827 0.0247805
9.9982E-05 0.0861125 0.802903 0.110785 9.9982E-05
0.0628245 0.157512 0.574601 0.199578 0.00548445
0.131169 0.0992756 0.645035 0.107238 0.0172826
0.356226 9.9982E-05 0.303886 0.339688 9.9982E-05
0.0411928 0.123578 0.654444 0.147227 0.0335573
0.0824288 0.0783242 0.672075 0.163603 0.00356889
0.0546395 0.15395 0.65843 0.10557 0.0274101
0.0606968 9.9982E-05 0.472116 0.466987 9.9982E-05
0.0791303 0.0729793 0.739994 0.107796 9.9991E-05
0.119025 0.122693 0.579356 0.119253 0.0596732
0.124545 0.00701107 9.9982E-05 0.868244 9.9982E-05
0.618932 9.9982E-05 0.22534 0.155528 9.9982E-05
0.323203 9.9991E-05 0.178514 0.422476 0.0757065
0.122097 0.0721462 0.580962 0.134119 0.0906764
0.0769027 0.0596483 0.630457 0.138149 0.0948427
0.0484132 0.132936 0.646551 0.103332 0.0687675
0.565439 0.116811 0.236761 0.0808886 9.9991E-05
0.309917 0.0246037 0.605386 0.0372062 0.0228876
0.177694 0.091631 0.616808 0.0783976 0.0354695
0.299571 0.0922754 0.43593 0.152188 0.0200364
0.544992 0.125615 0.131341 0.153987 0.0440652
0.231986 0.0853777 0.590364 0.0564787 0.035794
0.285237 0.0955842 0.494134 0.0845187 0.0405261
0.58593 0.0671891 0.120902 0.225879 9.9991E-05
0.416604 9.9991E-05 0.500445 0.0728264 0.0100246
0.0977542 0.0653333 0.626915 0.146464 0.0635339
0.176599 0.111263 0.681291 0.0307473 9.9991E-05
0.425057 0.0723425 0.317535 0.135218 0.0498476
0.270699 0.0716072 0.515259 0.0937583 0.048677
0.233259 0.0474222 0.567466 0.0672442 0.0846087
0.527419 0.0340129 0.293507 0.144962 9.9991E-05
0.151028 0.0025419 0.654998 0.191332 9.9991E-05
0.265873 9.9982E-05 0.416644 0.317283 9.9982E-05
0.13828 0.0947507 0.582177 0.130548 0.0542444
0.092705 9.9982E-05 0.183922 0.723173 9.9982E-05
0.0739664 9.9982E-05 0.191565 0.734269 9.9982E-05
0.0299883 9.9982E-05 0.424534 0.545278 9.9982E-05
0.168375 0.0104867 0.616942 0.204097 9.9991E-05
0.10379 0.118067 0.575864 0.129601 0.0726786
0.0709619 9.9982E-05 0.649065 0.279773 9.9982E-05
0.370007 0.0114571 0.330158 0.288278 9.9991E-05
0.325884 9.9982E-05 0.433293 0.240623 9.9982E-05
0.101809 0.111504 0.60098 0.153582 0.0321249
0.247653 9.9982E-05 0.518614 0.233533 9.9982E-05
0.195006 0.00618654 0.591863 0.206844 9.9991E-05
0.0389388 9.9982E-05 0.587047 0.373815 9.9982E-05
0.100143 9.9991E-05 0.0492983 0.847719 0.00273972
9.9982E-05 0.0989685 0.736962 0.16387 9.9982E-05
0.056816 0.864679 0.0783048 9.9982E-05 9.9982E-05
9.9973E-05 0.923914 0.0757865 9.9973E-05 9.9973E-05
9.9982E-05 0.858871 0.0883195 9.9982E-05 0.0526096
9.9982E-05 0.949455 0.00977896 9.9982E-05 0.0405658
0.0047112 0.9531 9.9982E-05 9.9982E-05 0.0419885
9.9982E-05 0.882142 0.0566404 9.9982E-05 0.0610178
9.9973E-05 0.933361 0.0663388 9.9973E-05 9.9973E-05
0.129547 0.0959985 0.642616 0.0939889 0.0378505
0.129312 0.118379 0.649626 0.0623907 0.0402922
0.404125 9.9982E-05 0.217943 0.377733 9.9982E-05
0.12777 0.0801727 0.643305 0.115465 0.033287
0.232548 0.00199003 0.515007 0.250354 9.9991E-05
0.141803 0.0335222 0.647782 0.176792 9.9991E-05
0.0287904 0.0314395 0.671962 0.251335 0.0164734
0.117932 0.00743361 0.633855 0.19723 0.0435488
0.484046 9.9982E-05 0.176026 0.339727 9.9982E-05
0.137317 0.139079 0.549981 0.157363 0.0162606
0.0527206 0.0758804 0.744736 0.110763 0.0159003
0.0854229 0.129916 0.605756 0.112939 0.0659669
0.109204 9.9982E-05 0.408491 0.482105 9.9982E-05
0.0383708 9.9991E-05 0.602671 0.334501 0.0243574
0.214206 0.00746628 0.606702 0.171526 9.9991E-05
0.065521 9.9982E-05 0.545027 0.389252 9.9982E-05
0.249158 0.0373333 0.557558 0.155851 9.9991E-05
0.100477 0.0932189 0.591853 0.159651 0.0548001
0.373108 9.9991E-05 0.312013 0.24277 0.0720089
0.323513 0.11683 0.440335 0.107784 0.0115378
0.16394 0.16377 0.554756 0.0506472 0.0668864
0.167322 0.121831 0.56882 0.077701 0.0643263
0.405882 0.04381 0.52996 0.020248 9.9991E-05
0.25392 0.0253904 0.633329 0.0318878 0.0554727
0.457341 0.0426052 0.486076 9.9991E-05 0.013877
0.121012 0.0846722 0.578264 0.183221 0.0328312
0.187051 0.0513088 0.636422 0.046335 0.0788831
0.25154 0.0716619 0.61087 0.0603198 0.00560798
0.330768 0.046414 0.605505 0.0172125 9.9991E-05
0.173407 0.0757198 0.608579 0.064614 0.0776795
0.154318 0.0792595 0.553428 0.13531 0.0776839
0.186585 9.9991E-05 0.596655 0.12291 0.0937507
0.190903 0.0885648 0.613036 0.0334314 0.0740647
0.196428 0.0121457 0.612456 0.0882053 0.0907652
0.262578 0.0915442 0.328842 0.233019 0.0840162
0.152841 0.055568 0.657101 0.0629338 0.0715562
0.12554 0.0655145 0.687951 0.0802151 0.0407789
0.632286 9.9991E-05 0.261677 0.080519 0.0254185
0.351052 9.9991E-05 0.163621 0.403114 0.0821125
0.258873 0.0782044 0.558022 0.0713096 0.0335906
0.362498 9.9991E-05 0.109126 0.506575 0.0217017
0.574178 9.9991E-05 0.389085 0.0355532 0.00108352
0.506045 9.9982E-05 0.484105 0.00964997 9.9982E-05
0.51101 0.0181354 0.408992 0.0603171 0.00154552
0.511381 9.9982E-05 0.413548 0.0748717 9.9982E-05
0.193362 0.0725534 0.698267 0.0357177 9.9991E-05
0.160319 0.109329 0.577902 0.0515287 0.100922
0.279747 0.0368613 0.601826 0.0405191 0.0410471
0.387902 9.9991E-05 0.18912 0.356229 0.0666486
0.0848274 0.19659 0.543142 0.157348 0.0180928
0.0813288 0.104167 0.527074 0.24429 0.0431396
0.0722243 0.163981 9.9982E-05 0.763595 9.9982E-05
0.0101456 0.0704786 0.695397 0.136869 0.0871104
0.0274577 0.137133 0.369297 0.437098 0.0290141
0.0591552 0.124292 0.501108 0.220098 0.0953469
0.139132 0.105084 0.273889 0.480379 0.00151608
0.120418 0.131851 0.118051 0.629581 9.9991E-05
0.130412 0.0488624 0.426633 0.349942 0.0441504
0.080457 0.107505 0.488294 0.230238 0.0935064
0.129374 0.169005 0.470605 0.174236 0.0567805
0.132854 0.0418093 0.106085 0.611516 0.107737
0.0906821 0.107156 0.538618 0.156369 0.107175
0.0648829 9.9982E-05 0.397257 0.53766 9.9982E-05
0.0994932 0.0229519 0.506036 0.371419 9.9991E-05
0.0467906 0.115384 0.592166 0.167223 0.0784367
0.0106275 0.389012 0.107783 0.216102 0.276475
9.9982E-05 0.546292 9.9982E-05 0.294713 0.158795
9.9982E-05 0.507774 9.9982E-05 0.359957 0.132069
9.9991E-05 0.386134 0.0467944 0.269966 0.297006
9.9991E-05 0.0085067 0.681356 0.292121 0.0179163
0.0408195 0.101501 0.600309 0.165644 0.0917262
0.00969354 9.9982E-05 0.314756 9.9982E-05 0.675351
0.118787 0.0284835 0.377678 9.9991E-05 0.474951
0.11538 0.0403927 0.38141 0.0440879 0.418729
0.0243631 0.0417534 0.288849 0.594435 0.0505992
0.0781058 0.131165 0.483984 0.221038 0.0857074
0.103088 0.00144858 0.280378 0.614469 0.000616008
9.9982E-05 0.0813076 0.63644 0.282052 9.9982E-05
0.0101038 0.0757693 0.541067 0.364581 0.00847858
9.9991E-05 0.0272957 0.582963 0.345405 0.0442359
9.9982E-05 0.0453676 0.268671 0.685762 9.9982E-05
9.9991E-05 0.0844873 0.697422 0.200013 0.0179771
0.0394206 0.108673 0.600318 0.180786 0.0708029
0.0265307 9.9982E-05 0.00935946 9.9982E-05 0.96391
0.0284478 9.9982E-05 0.0403458 9.9982E-05 0.931007
0.0791735 0.0556946 0.268074 0.0063322 0.590726
0.00844266 9.9982E-05 0.329228 9.9982E-05 0.662129
0.0541059 9.9982E-05 0.10583 9.9982E-05 0.839864
9.997E-05 9.997E-05 9.997E-05 9.997E-05 0.9996
0.039663 9.9973E-05 9.9973E-05 9.9973E-05 0.960037
9.9973E-05 9.9973E-05 0.136357 9.9973E-05 0.863343
0.0542954 9.9973E-05 9.9973E-05 9.9973E-05 0.945405
9.997E-05 9.997E-05 9.997E-05 9.997E-05 0.9996
9.997E-05 9.997E-05 9.997E-05 9.997E-05 0.9996
0.0166666 9.9982E-05 0.19292 9.9982E-05 0.790214
0.0475502 0.036673 0.121786 9.9991E-05 0.793891
9.997E-05 9.997E-05 9.997E-05 9.997E-05 0.9996
0.086468 0.0666329 0.400767 0.0645533 0.381579
0.0645495 0.018684 0.244668 9.9991E-05 0.671998
9.9982E-05 0.0350313 0.145148 9.9982E-05 0.819621
0.000633722 9.9982E-05 0.109046 9.9982E-05 0.89012
9.997E-05 9.997E-05 9.997E-05 9.997E-05 0.9996
9.9982E-05 0.00897745 0.0174145 9.9982E-05 0.973408
9.997E-05 9.997E-05 9.997E-05 9.997E-05 0.9996
0.0812867 0.0282627 0.226391 0.00783063 0.656229
0.00415485 0.00410348 0.0117648 9.9991E-05 0.979877
9.9982E-05 0.353418 9.9982E-05 0.584925 0.0614567
0.0460561 0.239015 0.351584 0.236539 0.126807
9.9991E-05 0.190921 0.486478 0.264459 0.0580416
9.9991E-05 0.245288 0.170986 0.447577 0.136049
0.0452232 0.150879 0.51332 0.170485 0.120092
9.9991E-05 0.293854 0.0862349 0.48793 0.131881
0.0681858 0.150393 0.405943 0.227519 0.147959
9.9991E-05 0.222424 0.309578 0.339715 0.128183
9.9991E-05 0.207998 0.487678 0.211396 0.0928287
9.9991E-05 0.262012 0.351518 0.264641 0.121729
0.0322272 0.212327 0.429826 0.194186 0.131435
0.00798464 0.93178 0.0419115 0.018224 9.9991E-05
9.9982E-05 0.919361 9.9982E-05 0.0141927 0.0662462
9.9973E-05 0.963297 0.0364026 9.9973E-05 9.9973E-05
9.9973E-05 0.992485 9.9973E-05 0.00721519 9.9973E-05
0.0109848 0.935894 0.0529214 9.9982E-05 9.9982E-05
9.997E-05 0.9996 9.997E-05 9.997E-05 9.997E-05
0.00473735 0.924063 0.0709999 9.9982E-05 9.9982E-05
0.0359864 0.963714 9.9973E-05 9.9973E-05 9.9973E-05
0.0346897 0.897458 0.0370808 0.00492325 0.025848
0.0322648 0.930087 0.00434257 0.018342 0.0149633
0.334026 0.599355 9.9982E-05 0.0664188 9.9982E-05
0.346077 0.616349 9.9982E-05 0.0373741 9.9982E-05
0.369534 0.540719 9.9982E-05 0.0895472 9.9982E-05
0.413039 0.477403 9.9982E-05 0.109358 9.9982E-05
0.193638 0.0650315 0.613396 0.127834 9.9991E-05
0.19371 0.00746216 0.59525 0.167963 0.0356148
0.213904 0.0270931 0.655988 0.0956258 0.00738912
0.358716 0.0300371 0.456073 0.155074 9.9991E-05
0.634261 9.9991E-05 0.272148 0.0790656 0.0144248
0.0882158 0.0345185 0.756109 0.0865022 0.0346545
0.143569 9.9991E-05 0.721993 0.123392 0.0109461
0.0531642 0.0150874 0.638455 0.293194 9.9991E-05
0.0152885 9.9982E-05 0.560264 0.424247 9.9982E-05
0.131278 0.064661 0.62387 0.138518 0.0416731
0.179319 9.9982E-05 0.574301 0.24618 9.9982E-05
0.0985367 9.9982E-05 0.157163 0.7441 9.9982E-05
0.197839 0.0778471 0.656536 0.0489713 0.0188068
9.9973E-05 9.9973E-05 0.334354 0.665346 9.9973E-05
0.121886 0.010388 0.618951 0.230041 0.0187335
0.355432 9.9982E-05 0.323309 0.321059 9.9982E-05
0.816685 0.152905 9.9982E-05 0.0302103 9.9982E-05
0.764245 0.126675 0.0689746 0.0400053 9.9991E-05
0.799631 0.112338 0.0235307 0.0643996 9.9991E-05
0.842006 0.108851 9.9982E-05 0.0489427 9.9982E-05
0.827141 0.0589375 0.113721 9.9982E-05 9.9982E-05
0.768149 0.074029 0.0985852 0.0384051 0.0208317
0.0213266 0.899843 0.0595663 9.9991E-05 0.0191641
0.0329581 0.831289 0.135553 9.9982E-05 9.9982E-05
0.0225382 0.795408 0.147294 9.9991E-05 0.0346598
0.0574069 0.838028 0.0306961 9.9991E-05 0.0737693
0.0270025 0.791762 0.124303 9.9991E-05 0.0568326
0.558361 0.404304 9.9982E-05 0.0371343 9.9982E-05
0.557917 0.431931 9.9982E-05 0.00995198 9.9982E-05
0.526742 0.438877 0.0208182 9.9991E-05 0.0134621
0.0107281 0.868573 0.120499 9.9982E-05 9.9982E-05
0.561195 0.388394 9.9982E-05 0.0502113 9.9982E-05
9.9991E-05 0.299835 0.258201 0.115752 0.326113
0.0394829 0.138607 0.514827 0.041365 0.265717
9.9982E-05 0.195826 0.576751 9.9982E-05 0.227223
9.9991E-05 0.30927 0.361054 0.0973266 0.23225
0.0646639 0.193833 0.550864 0.0525565 0.138082
9.9982E-05 0.47198 9.9982E-05 0.228948 0.298872
0.365282 0.0306298 0.507406 0.0965827 9.9991E-05
0.244719 9.9991E-05 0.451445 0.265399 0.0383363
0.558309 0.00049229 0.347242 0.0938566 9.9991E-05
0.146832 9.9991E-05 0.557431 0.252526 0.0431109
0.329854 9.9973E-05 9.9973E-05 0.669846 9.9973E-05
0.171235 0.0649756 0.608076 0.0813035 0.0744096
0.158351 0.0428338 0.566013 0.179556 0.0532458
0.495831 0.0241402 0.402611 0.0773182 9.9991E-05
0.21037 0.0814439 0.589965 0.0578427 0.0603784
0.310976 9.9982E-05 0.19566 0.493163 9.9982E-05
0.173175 0.027284 0.590013 0.184934 0.0245937
0.309354 0.0273841 0.57417 0.0820091 0.00708272
0.106598 0.104584 0.409825 0.1877 0.191293
0.2607 9.9991E-05 0.383001 0.333248 0.0229499
0.200099 9.9991E-05 0.437617 0.298102 0.064082
0.218975 9.9991E-05 0.602176 0.132651 0.046098
0.226677 9.9991E-05 0.601739 0.169894 0.00159099
0.0680399 0.0599042 0.700616 0.137577 0.0338629
0.196055 0.101227 0.547907 0.0821868 0.0726241
0.214446 0.0824379 0.56779 0.0938837 0.0414426
9.9982E-05 0.865937 0.107652 9.9982E-05 0.0262109
9.9973E-05 0.900669 0.0990312 9.9973E-05 9.9973E-05
0.0248536 0.900553 0.0563707 0.0181223 9.9991E-05
0.00610676 0.926279 0.0159272 9.9991E-05 0.0515868
9.9973E-05 0.911677 0.0880233 9.9973E-05 9.9973E-05
0.667837 0.0200444 0.142316 0.11601 0.0537922
0.204881 0.0142631 0.514746 0.186513 0.0795959
0.0228117 0.225136 0.410478 0.10326 0.238314
0.235548 0.0278208 0.642413 0.00269491 0.091524
0.374294 0.00363719 0.579481 0.0219214 0.0206672
0.327118 9.9991E-05 0.250277 0.339841 0.0826642
0.813631 0.0412926 0.029485 0.0951067 0.0204844
0.405291 0.0631543 0.523775 9.9991E-05 0.00767969
0.604002 0.0560839 0.240064 0.0253998 0.0744499
0.187299 0.0325793 0.526159 0.207396 0.046566
0.661567 0.0768571 0.171964 0.0709222 0.0186893
0.252407 0.0881164 0.585234 9.9991E-05 0.0741426
0.630929 0.0197094 0.202112 0.122658 0.0245912
0.315791 9.9991E-05 0.253798 0.309591 0.120719
0.0952581 0.109035 0.563965 0.199283 0.0324587
0.0766036 0.0498969 0.337975 0.535424 9.9991E-05
0.0043596 0.126242 0.552398 0.3169 9.9991E-05
9.9991E-05 0.16849 0.63228 0.185302 0.0138292
0.0246616 0.054357 0.296039 0.624843 9.9991E-05
0.121936 0.116191 0.50808 0.175725 0.0780685
0.0391756 0.0571457 0.562528 0.34105 9.9991E-05
0.0360123 0.0180774 0.176413 0.769397 9.9991E-05
0.0223171 0.0659578 0.230913 0.680712 9.9991E-05
0.0723116 0.0889792 0.476145 0.362465 9.9991E-05
0.0966057 0.024265 0.105385 0.773644 9.9991E-05
0.0887557 0.046142 0.494111 0.370891 9.9991E-05
0.754878 9.9991E-05 0.195172 0.0285967 0.0212529
0.371502 9.9991E-05 0.193422 0.325034 0.109942
0.468755 0.00291668 0.428914 0.0111619 0.088253
0.274962 0.041715 0.59403 0.0190059 0.0702865
0.646193 9.9991E-05 0.267119 0.0629392 0.0236486
0.14975 0.0731438 0.57074 0.139121 0.0672457
0.234878 0.0484668 0.585042 0.0587493 0.0728639
0.274326 9.9991E-05 0.573632 0.0999014 0.0520403
0.282052 9.9991E-05 0.509724 0.0965758 0.111548
0.394951 0.0269619 0.500281 0.045278 0.0325279
0.567511 9.9991E-05 0.318315 0.0795782 0.0344959
0.502481 9.9991E-05 0.444691 0.00203208 0.050696
0.224343 0.00101367 0.604079 0.112251 0.0583136
0.199401 0.0228182 0.630251 0.0534124 0.0941177
0.31001 0.0157853 0.315212 0.221286 0.137708
0.235245 9.9991E-05 0.481797 0.165873 0.116984
0.497152 0.0152683 0.391788 0.0246714 0.0711202
0.272576 0.0025463 0.548772 0.0852756 0.0908294
0.34339 0.0114805 0.467223 0.0662943 0.111612
0.14276 0.0965043 0.597536 0.0923771 0.0708221
0.101803 0.32743 0.448883 9.9991E-05 0.121783
9.9991E-05 0.155167 0.531957 0.122088 0.190689
0.0850103 0.184412 0.485258 0.0838625 0.161458
0.0148607 0.138309 0.551216 0.141335 0.15428
9.9991E-05 0.22045 0.431144 0.125773 0.222533
0.211567 9.9991E-05 0.50612 0.24822 0.0339927
0.0264744 0.17857 0.489893 0.164303 0.140759
0.0806278 0.236231 0.00125973 0.455124 0.226758
0.0761421 0.142963 0.584053 0.0762168 0.120625
0.0468357 0.144156 0.565485 0.0550251 0.188498
0.0103932 0.134665 0.595497 0.0763735 0.183071
0.0295948 0.216941 0.296111 0.320697 0.136656
0.0735302 0.169983 0.532818 0.0179734 0.205695
9.9991E-05 0.148334 0.562055 0.0962997 0.193211
9.9982E-05 0.523095 9.9982E-05 0.349209 0.127496
0.1011 0.181351 0.482368 0.0327545 0.202426
9.9991E-05 0.216616 0.530258 0.0543202 0.198706
0.028654 0.101778 0.650585 0.0974026 0.121581
9.9991E-05 0.183383 0.546098 0.0509663 0.219453
9.9991E-05 0.234407 0.5637 0.0621475 0.139646
0.0161719 0.0554684 0.535608 0.377756 0.0149965
0.134935 0.0429119 0.54703 0.204221 0.0709029
0.130614 9.9991E-05 0.0132819 0.834055 0.0219493
0.116522 9.9982E-05 0.0852815 0.797996 9.9982E-05
0.0875163 0.0406633 0.548343 0.243439 0.0800389
9.9991E-05 0.150496 0.370783 0.15246 0.326161
9.9991E-05 0.169686 0.349512 0.174111 0.306592
9.9991E-05 0.17663 0.165519 0.300384 0.357367
9.9991E-05 0.156643 0.355748 0.190794 0.296715
9.9991E-05 0.116768 0.134239 0.680322 0.0685703
9.9991E-05 0.090134 0.166696 0.621471 0.121599
9.9991E-05 0.0144171 0.614922 0.288773 0.0817882
9.9991E-05 0.0548897 0.44578 0.357006 0.142224
0.0418209 0.0656998 0.290437 0.525933 0.0761088
0.0425487 0.0756115 0.571544 0.230823 0.079473
0.00395331 0.0557422 0.59804 0.219807 0.122458
0.0443027 0.0921275 0.546266 0.229334 0.0879699
0.038187 0.0237154 0.416425 0.521572 9.99973E-05
0.0896917 0.00584489 0.478401 0.412246 0.0138163
0.0530691 0.047045 0.547943 0.330583 0.02136
0.0803477 0.060084 0.489989 0.327797 0.0417825
0.0815068 0.110319 0.540753 0.206308 0.0611129
0.0041861 0.00362081 0.518678 0.44696 0.0265544
0.0392104 0.00865493 0.299097 0.652938 9.9991E-05
9.9991E-05 0.0352942 0.649251 0.261225 0.0541293
0.104694 9.9991E-05 0.262215 0.61593 0.0170615
9.9991E-05 0.0608508 0.532209 0.400741 0.0060996
0.044559 0.117087 0.574675 0.263579 9.9991E-05
0.0890348 0.0347953 0.554055 0.2576 0.0645147
0.0233879 0.208196 0.543186 0.146831 0.078398
0.0260995 0.187278 0.433283 0.205188 0.148152
9.9991E-05 0.234478 0.297959 0.176306 0.291157
9.9991E-05 0.240384 0.328116 0.178831 0.25257
0.12289 0.141904 0.426547 0.0762154 0.232444
0.0174619 0.176121 0.500481 0.152523 0.153412
9.9982E-05 0.163831 9.9982E-05 0.655617 0.180352
9.9991E-05 0.106958 0.51739 0.145843 0.22971
9.9982E-05 0.361084 9.9982E-05 0.509774 0.128942
9.9991E-05 0.0864007 0.543682 0.178639 0.191179
9.9973E-05 9.9973E-05 0.223804 0.775896 9.9973E-05
0.0419665 9.9982E-05 0.0818163 0.876017 9.9982E-05
0.0476805 9.9982E-05 0.574785 0.377335 9.9982E-05
0.0566437 0.00827609 0.633428 0.255575 0.0460778
0.00150288 9.9982E-05 0.516683 0.481614 9.9982E-05
0.0299312 9.9991E-05 0.658164 0.29341 0.0183957
9.9973E-05 9.9973E-05 0.646245 0.353455 9.9973E-05
0.0746895 0.886009 0.00955626 0.0158631 0.0138825
0.0969066 0.775054 0.0329018 0.00615357 0.0889841
0.033025 0.936707 0.000230912 9.9991E-05 0.0299371
9.9982E-05 0.974712 0.0148635 0.0102244 9.9982E-05
0.0981542 0.0450839 0.650188 0.206473 9.9991E-05
0.158283 0.036486 0.668978 0.12305 0.0132038
0.154788 0.0151122 0.679272 0.150728 9.9991E-05
0.131123 0.0748931 0.670454 0.109813 0.013718
0.12553 0.139 0.618007 0.105645 0.0118185
0.260352 9.9982E-05 0.447644 0.291805 9.9982E-05
0.0683559 9.9982E-05 0.787932 0.143512 9.9982E-05
0.0435887 9.9982E-05 0.432525 0.523686 9.9982E-05
0.113518 0.293556 0.39177 0.0079039 0.193253
0.0613808 9.9991E-05 0.575116 0.362524 0.000879265
0.243245 9.9982E-05 0.539304 0.217251 9.9982E-05
0.0276131 9.9982E-05 0.660122 0.312065 9.9982E-05
0.298691 0.00798676 0.532368 0.160855 9.9991E-05
9.9982E-05 9.9982E-05 0.714195 0.280091 0.00551405
0.110732 0.090951 0.648688 0.149528 9.9991E-05
0.00898652 9.9982E-05 0.228261 0.762552 9.9982E-05
0.0529516 9.9982E-05 0.473896 0.472952 9.9982E-05
0.0402908 9.9982E-05 0.528427 0.431083 9.9982E-05
9.9973E-05 9.9973E-05 0.0874668 0.912233 9.9973E-05
0.226106 0.0307701 0.539012 0.204012 9.9991E-05
0.0563323 9.9982E-05 0.22528 0.718188 9.9982E-05
0.09556 9.9982E-05 0.0481558 0.856084 9.9982E-05
0.0405112 0.0396066 0.688865 0.215186 0.0158309
0.326799 9.9982E-05 0.376522 0.296479 9.9982E-05
0.192825 9.9982E-05 0.583454 0.223522 9.9982E-05
0.0567133 0.0826463 0.591929 0.156916 0.111795
0.191274 0.0386203 0.639595 0.13041 9.9991E-05
0.266072 9.9991E-05 0.378576 0.302298 0.0529538
0.162683 0.0286735 0.635204 0.158732 0.0147062
0.175731 0.0151983 0.638412 0.170559 9.9991E-05
0.0530221 9.9982E-05 0.459082 0.487696 9.9982E-05
0.140409 0.100036 0.612413 0.141646 0.00549719
0.280224 0.68129 9.9982E-05 0.0382866 9.9982E-05
0.183233 0.788218 9.9982E-05 0.0283491 9.9982E-05
0.138425 0.861275 9.9973E-05 9.9973E-05 9.9973E-05
0.133485 0.851646 9.9982E-05 0.0146693 9.9982E-05
0.169025 0.756008 0.0411605 0.0337065 9.9991E-05
0.365237 9.9982E-05 0.320209 0.314354 9.9982E-05
0.325328 9.9982E-05 0.346752 0.32772 9.9982E-05
0.021106 9.9982E-05 0.382107 0.596588 9.9982E-05
0.0755965 0.0865738 0.615039 0.151033 0.0717575
0.0925746 0.0753636 0.579965 0.147449 0.104648
0.0345288 0.0106095 0.439225 0.5078 0.00783679
0.0689951 0.00432417 0.702588 0.172261 0.0518318
0.0445935 0.0344758 0.573746 0.341014 0.00617125
0.145649 0.0251903 0.630517 0.198544 9.9991E-05
0.113156 0.0232305 0.699827 0.11822 0.045566
0.320001 9.9982E-05 0.402806 0.276993 9.9982E-05
0.28622 9.9982E-05 0.487808 0.225772 9.9982E-05
0.266991 9.9982E-05 0.456678 0.276131 9.9982E-05
0.0185275 0.152252 0.709972 0.119149 9.9991E-05
0.256972 9.9982E-05 0.546702 0.196126 9.9982E-05
0.246997 0.0204983 0.53959 0.192815 9.9991E-05
9.9991E-05 0.133031 0.497445 0.0354961 0.333928
9.9991E-05 0.134368 0.353165 0.0601534 0.452214
9.9991E-05 0.117235 0.450245 0.00348768 0.428932
0.0154028 0.184919 0.274371 0.00821046 0.517096
0.00445307 0.139291 0.4873 0.0710382 0.297918
9.9982E-05 0.0980532 0.578793 0.322954 9.9982E-05
9.9982E-05 0.247408 9.9982E-05 0.0864054 0.665986
0.0322891 0.153448 0.32199 0.000994323 0.491278
9.9991E-05 0.211039 0.367259 0.268367 0.153235
0.058468 0.180335 0.562617 0.198481 9.9991E-05
0.0572712 0.164559 0.545268 0.222479 0.0104224
0.047326 0.169649 0.613003 0.127302 0.0427202
9.9991E-05 0.196005 0.665229 0.116021 0.0226452
9.9982E-05 0.188894 0.333983 9.9982E-05 0.476923
0.0122854 0.175538 0.423668 0.024605 0.363904
9.9991E-05 0.0859785 0.37604 0.00573499 0.532146
0.0415575 0.144437 0.463403 0.022913 0.32769
0.0481839 0.147291 0.235524 0.0712369 0.497764
0.0256378 0.140499 0.433595 0.0453035 0.354964
9.9991E-05 0.159896 0.245003 0.0433196 0.551681
0.0839799 0.0874089 0.382369 0.0630139 0.383228
9.9991E-05 0.153007 0.533622 0.297959 0.0153108
0.0575069 0.155366 0.42468 0.00757441 0.354872
9.9991E-05 0.218272 0.142498 0.03569 0.603439
0.0440437 0.135161 0.414155 0.041758 0.364883
0.149096 0.202205 0.359988 0.288612 9.9991E-05
9.9991E-05 0.0819417 0.637316 0.246028 0.0346138
0.0768256 0.16817 0.401601 0.0250778 0.328326
0.0683068 0.202924 0.58225 0.146419 9.9991E-05
0.0744898 0.224152 0.542586 0.158673 9.9991E-05
9.9991E-05 0.228146 0.410171 0.151973 0.20961
9.9991E-05 0.238606 0.350197 0.137025 0.274072
0.0726824 0.129812 0.588418 0.137217 0.0718708
0.0156138 0.143825 0.433304 0.0920025 0.315256
0.000384017 0.118595 0.452685 9.9991E-05 0.428235
9.9991E-05 0.172614 0.106805 0.0696439 0.650837
0.0473847 0.165134 0.655253 0.0979456 0.0342826
0.0355915 0.182792 0.505496 0.276021 9.9991E-05
9.9991E-05 0.133361 0.143178 0.685025 0.038337
0.0484919 0.139027 0.582874 0.163815 0.0657919
0.15138 0.118522 0.38735 0.283981 0.0587668
9.9991E-05 0.220327 0.514557 0.144467 0.120549
0.0606291 0.207211 0.531363 0.117588 0.0832094
9.9982E-05 0.4141 9.9982E-05 0.459307 0.126393
9.9982E-05 0.373145 9.9982E-05 0.540736 0.0859191
9.9991E-05 0.217102 0.318602 0.370868 0.0933282
9.9982E-05 0.376176 9.9982E-05 0.431688 0.191936
9.9982E-05 0.51167 9.9982E-05 0.305672 0.182458
9.9991E-05 0.234693 0.370334 0.266627 0.128245
0.0508147 0.252609 0.360567 0.173131 0.162878
9.9991E-05 0.331845 0.108984 0.361771 0.1973
9.9991E-05 0.310815 0.0210071 0.495464 0.172614
9.9991E-05 0.222183 0.47002 0.14379 0.163906
9.9991E-05 0.259569 0.148349 0.436624 0.155358
9.9982E-05 0.425882 9.9982E-05 0.495903 0.0780152
0.0439268 0.138287 0.539143 0.129505 0.149139
9.9991E-05 0.222039 0.308447 0.260788 0.208625
0.0229285 0.368362 0.451866 0.0250475 0.131796
9.9982E-05 0.178593 0.577514 9.9982E-05 0.243693
9.9991E-05 0.16089 0.54877 0.0657454 0.224494
9.9991E-05 0.172234 0.472809 0.0808934 0.273964
0.0647313 0.39528 0.337305 9.9991E-05 0.202583
0.0228038 0.225531 0.547145 0.0604322 0.144088
0.0335519 0.284832 0.49164 0.00129003 0.188687
9.9991E-05 0.243163 0.276442 0.213675 0.26662
0.145704 0.202286 0.376863 0.153764 0.121383
0.0677379 0.239516 0.519867 0.0792237 0.0936554
0.0536803 0.176454 0.549805 0.0642659 0.155795
0.0436167 0.1387 0.596557 0.11193 0.109196
0.0659603 0.285961 0.439071 0.00654032 0.202467
9.9991E-05 0.238512 0.509278 0.0781131 0.173997
9.9991E-05 0.396156 0.0206497 0.251455 0.331639
0.0912907 0.178416 0.523206 0.0449872 0.162101
9.9991E-05 0.314916 0.147939 0.216148 0.320897
0.179687 0.820014 9.9973E-05 9.9973E-05 9.9973E-05
0.777053 0.0256141 0.144849 0.0302624 0.0222218
0.9996 9.997E-05 9.997E-05 9.997E-05 9.997E-05
0.9996 9.997E-05 9.997E-05 9.997E-05 9.997E-05
0.960064 9.9982E-05 0.0329648 9.9982E-05 0.00677163
0.967108 9.9973E-05 9.9973E-05 9.9973E-05 0.0325918
0.966309 9.9973E-05 0.033391 9.9973E-05 9.9973E-05
0.9996 9.997E-05 9.997E-05 9.997E-05 9.997E-05
0.854667 0.145033 9.9973E-05 9.9973E-05 9.9973E-05
0.0805612 0.909588 0.0072495 0.00250096 9.9991E-05
0.12568 0.809609 0.0645111 9.9982E-05 9.9982E-05
0.0459238 0.906765 0.0471116 9.9982E-05 9.9982E-05
0.0930437 0.86178 0.044759 0.00031773 9.9991E-05
0.082348 0.892462 0.0198464 9.9991E-05 0.00524343
0.0315851 0.910138 0.0580775 9.9982E-05 9.9982E-05
9.9991E-05 0.770675 0.166207 0.0205644 0.0424531
9.9982E-05 0.909984 0.0796273 9.9982E-05 0.010189
0.0835788 0.736773 0.107737 0.00604007 0.0658709
9.9982E-05 0.919643 0.0195272 9.9982E-05 0.0606299
9.9982E-05 0.988276 9.9982E-05 0.0110159 0.000508657
0.059701 0.865809 0.0329955 9.9991E-05 0.0413941
0.0209075 0.978793 9.9973E-05 9.9973E-05 9.9973E-05
9.9982E-05 0.953651 0.0430342 9.9982E-05 0.00311463
9.9973E-05 0.914063 0.0856375 9.9973E-05 9.9973E-05
9.9973E-05 0.942112 0.0575879 9.9973E-05 9.9973E-05
9.9982E-05 0.849249 0.0948665 9.9982E-05 0.0556847
9.9982E-05 0.847956 0.121388 9.9982E-05 0.0304558
9.9982E-05 0.821656 0.113725 9.9982E-05 0.0644189
0.099955 0.183798 0.441851 0.274296 9.9991E-05
0.0190904 0.116389 0.712434 0.151987 9.9991E-05
0.0819975 0.148027 0.588568 0.124641 0.0567668
9.9991E-05 0.152669 0.0973518 0.717628 0.0322507
0.113259 0.170242 0.530472 0.185927 9.9991E-05
9.9991E-05 0.170742 0.0646255 0.732951 0.0315815
9.9991E-05 0.112387 0.638896 0.210331 0.0382863
0.148936 0.148227 0.472194 0.230544 9.9991E-05
0.0787076 0.181761 0.536982 0.202449 9.9991E-05
0.151342 0.0358793 0.61862 0.194059 9.9991E-05
0.102047 0.161588 0.518391 0.217874 9.9991E-05
9.9991E-05 0.115896 0.642134 0.206815 0.0350552
0.13598 0.133642 0.548608 0.17387 0.00790055
0.463083 9.9991E-05 0.0309319 0.406861 0.0990241
9.9973E-05 0.162995 9.9973E-05 0.836705 9.9973E-05
9.9991E-05 0.14543 0.169712 0.679395 0.005363
0.0654035 0.148117 0.6004 0.14832 0.03776
9.9991E-05 0.110705 0.492875 0.364141 0.0321782
9.9991E-05 0.0951791 0.633998 0.265924 0.0047997
0.0517128 0.124812 0.635303 0.128345 0.0598272
0.0138452 0.272369 0.452722 0.0892514 0.171812
0.00945242 0.242982 0.558984 0.0326514 0.15593
0.204275 0.396105 0.153558 0.0959209 0.150141
0.121748 0.186101 0.608038 0.0278451 0.0562686
0.170194 0.224054 0.439115 0.0571394 0.109498
9.9982E-05 0.43478 9.9982E-05 0.385219 0.179801
9.9991E-05 0.30049 0.285771 0.178893 0.234745
0.0576103 0.384124 0.341534 0.0625002 0.154232
0.117926 0.35715 0.43158 0.00705533 0.0862881
0.0668282 0.183941 0.602299 0.0365295 0.110403
0.0426045 0.225147 0.558871 0.0589601 0.114417
0.0457847 0.15635 0.612143 0.0676929 0.118029
0.0500863 0.168495 0.416479 0.181029 0.183911
0.0583983 0.502995 0.253731 0.0763011 0.108575
