0.0575312 0.0254483 0.883624 9.9973E-05 0.030144 9.9973E-05 0.00295275 9.9973E-05
0.0428879 0.0168409 0.939771 9.9955E-05 9.9955E-05 9.9955E-05 9.9955E-05 9.9955E-05
0.0338308 9.9973E-05 0.841811 0.0316737 9.9973E-05 9.9973E-05 0.064582 0.0278028
0.00906955 0.0227106 0.821487 9.9964E-05 9.9964E-05 9.9964E-05 0.146333 9.9964E-05
9.9946E-05 9.9946E-05 0.914343 9.9946E-05 9.9946E-05 9.9946E-05 0.0850571 9.9946E-05
0.0224363 0.0647101 0.638937 0.116923 0.0372257 9.9991E-05 0.0699245 0.0497431
9.9973E-05 0.0279557 0.784213 0.170071 0.00589825 9.9973E-05 0.0115626 9.9973E-05
9.9973E-05 0.0786014 0.709652 0.1645 0.0290467 9.9973E-05 0.0178998 9.9973E-05
9.99549E-05 0.153528 0.815969 0.0300032 9.99549E-05 9.99549E-05 9.99549E-05 9.99549E-05
9.9982E-05 0.051972 0.747917 0.126049 0.0189241 0.0084454 0.0464927 9.9982E-05
0.0262225 0.0496828 0.712693 0.125121 9.9973E-05 9.9973E-05 0.0859813 9.9973E-05
0.0138097 0.478212 0.0366651 0.0858573 9.9982E-05 9.9982E-05 0.261622 0.123633
0.0744464 0.270403 0.0426953 0.0197422 0.0036692 9.9991E-05 0.546961 0.0419834
0.0322732 0.497612 9.9982E-05 0.094316 0.0411139 9.9982E-05 0.303286 0.0311989
0.0832803 0.457928 9.9982E-05 0.0658281 0.0869041 9.9982E-05 0.260774 0.0450848
0.0794082 0.28777 0.0699963 0.0736308 0.0876935 9.9991E-05 0.387048 0.0143526
9.9982E-05 0.216714 0.0513355 0.0721616 0.0696083 9.9982E-05 0.561204 0.028777
0.0428066 0.318679 0.00325608 0.0700445 0.0330603 0.000581569 0.449179 0.082393
0.0574122 0.387676 0.0843167 0.128524 0.0257883 0.00732405 0.274615 0.0343431
9.9973E-05 0.678143 0.00238698 0.20373 9.9973E-05 9.9973E-05 0.0866798 0.028761
9.999E-05 0.336685 0.00854853 0.0618855 0.0214762 0.00430015 0.467266 0.0997382
9.9991E-05 0.205273 0.00674203 0.198384 0.0522461 0.0557187 0.44816 0.0333765
9.999E-05 0.200455 0.0555556 0.0363918 0.0247765 0.0247513 0.562495 0.0954752
9.9982E-05 0.439316 0.0380612 0.13197 0.0677655 9.9982E-05 0.2511 0.0715864
0.00366451 0.10757 0.0915842 0.0705092 0.0459051 0.016773 0.654972 0.00902202
9.9982E-05 0.263096 0.0544929 0.054609 0.00741858 9.9982E-05 0.589544 0.0306395
9.9982E-05 0.466778 0.042351 0.09233 0.0309381 9.9982E-05 0.239495 0.127907
9.9982E-05 0.41216 0.0219061 0.102694 0.0609847 9.9982E-05 0.320859 0.0811956
9.9973E-05 0.44982 0.0010137 0.182879 9.9973E-05 9.9973E-05 0.279591 0.0863959
9.9955E-05 9.9955E-05 0.868536 9.9955E-05 0.0422125 9.9955E-05 0.0887513 9.9955E-05
9.9955E-05 9.9955E-05 0.86169 9.9955E-05 0.0193325 9.9955E-05 0.118477 9.9955E-05
0.00945477 0.0100291 0.802215 9.9973E-05 0.0680487 9.9973E-05 0.109952 9.9973E-05
0.0391083 9.9964E-05 0.741899 9.9964E-05 0.0765539 9.9964E-05 0.142039 9.9964E-05
9.9973E-05 0.0601687 0.0849883 0.122442 9.9973E-05 9.9973E-05 0.517764 0.214337
9.9982E-05 0.0644074 0.0882846 9.9982E-05 0.0490834 0.00956177 0.492859 0.295603
9.9964E-05 9.9964E-05 0.0234752 9.9964E-05 9.9964E-05 0.00897731 0.554735 0.412413
9.9973E-05 0.635389 0.0535206 9.9973E-05 9.9973E-05 0.0584494 0.171125 0.0812169
9.9973E-05 9.9973E-05 9.9973E-05 0.0905731 0.00323236 0.0705657 0.289124 0.546205
0.0433467 0.131201 0.0607439 9.9982E-05 0.0421042 9.9982E-05 0.500222 0.222182
0.0327111 9.9973E-05 0.0518033 0.028601 9.9973E-05 9.9973E-05 0.682458 0.204126
9.9973E-05 0.0518 0.0924573 0.260497 9.9973E-05 9.9973E-05 0.56995 0.0249964
9.999E-05 0.0522715 0.0773289 0.135927 0.0123775 0.0266336 0.610866 0.0844953
9.9964E-05 0.171051 0.0199417 9.9964E-05 9.9964E-05 9.9964E-05 0.154905 0.653702
0.0335427 9.9973E-05 0.0449014 0.26534 0.0106353 9.9973E-05 0.645281 9.9973E-05
0.00645175 0.0276709 0.0930541 9.9991E-05 0.0162763 0.0333858 0.614668 0.208394
0.0439047 9.9991E-05 0.111327 0.0845794 0.0317637 0.0575726 0.543366 0.127387
9.9964E-05 9.9964E-05 9.9964E-05 0.0355198 9.9964E-05 0.0539224 0.352576 0.557582
0.0049646 0.00424379 0.120814 9.9973E-05 9.9973E-05 9.9973E-05 0.626123 0.243554
0.0336728 0.10197 0.0889841 0.0431381 0.0392542 9.9991E-05 0.510342 0.182539
9.9955E-05 9.9955E-05 9.9955E-05 0.271252 9.9955E-05 0.0616166 9.9955E-05 0.666632
9.9973E-05 0.579037 9.9973E-05 0.113056 9.9973E-05 0.0540696 0.189346 0.0641909
0.121785 0.288358 9.9982E-05 0.165096 9.9982E-05 0.158589 0.101755 0.164217
0.046901 0.142731 0.0693682 0.0296297 0.023909 0.0758308 0.565244 0.0463861
0.00161985 0.107551 0.0660026 0.0792446 0.0557428 0.0853419 0.584521 0.0199757
0.0567989 0.0578677 0.0649285 0.0556333 0.0422428 0.129091 0.593338 9.9991E-05
0.0298264 0.525731 0.0821521 0.0737767 9.9982E-05 9.9982E-05 0.207382 0.080932
9.9982E-05 0.30424 0.0169983 0.0423422 9.9982E-05 0.0153076 0.573273 0.0476393
9.999E-05 0.155677 0.0396139 0.0594493 0.0817239 0.00679333 0.54082 0.115823
9.9991E-05 0.264112 0.124088 0.0247258 0.0345757 0.0583958 0.381116 0.112887
0.029459 0.462762 0.127951 0.114338 0.0119377 9.9991E-05 0.144115 0.109338
0.016566 0.232367 0.0297422 0.0769931 0.0613522 0.0605897 0.497008 0.0253821
0.02808 0.240799 0.0719974 0.01926 0.00628553 0.107181 0.470965 0.0554323
9.9982E-05 0.565587 0.0634943 0.145217 9.9982E-05 0.0054478 0.104009 0.116045
9.9973E-05 0.375519 9.9973E-05 9.9973E-05 0.0186867 0.0765198 0.432935 0.0960393
0.0940834 0.139897 0.0353779 0.0181016 0.0190502 0.10345 0.510102 0.0799376
0.00899601 0.12861 0.0697295 0.0387118 9.9991E-05 0.0686094 0.60736 0.077883
9.9991E-05 0.348006 0.0737264 0.0494499 0.0799138 0.0048833 0.26491 0.179011
0.0219198 0.254122 0.0430714 9.9991E-05 0.0675605 0.110983 0.435677 0.0665668
9.9982E-05 0.173387 0.0484973 9.9982E-05 0.0436775 0.0754138 0.552291 0.106534
0.000922851 0.513748 0.0208057 0.0870554 9.9991E-05 0.0520881 0.232647 0.0926328
9.9964E-05 0.0219708 0.0200426 9.9964E-05 9.9964E-05 9.9964E-05 0.514555 0.443031
9.9964E-05 0.0680772 0.0327436 9.9964E-05 9.9964E-05 9.9964E-05 0.208995 0.689785
9.9982E-05 0.107925 0.0931346 0.0512477 0.0347824 9.9982E-05 0.499433 0.213277
0.000174508 9.9973E-05 9.9973E-05 0.0461829 9.9973E-05 0.086676 0.00754437 0.859122
9.9955E-05 9.9955E-05 9.9955E-05 0.069605 9.9955E-05 0.0450187 9.9955E-05 0.884877
9.9964E-05 9.9964E-05 9.9964E-05 0.0186101 9.9964E-05 0.0504292 0.236766 0.693795
0.0138117 0.0765362 0.0313859 9.9973E-05 9.9973E-05 9.9973E-05 0.480938 0.397029
0.0681179 0.0181672 0.0894301 0.0399565 0.023826 0.112219 0.506356 0.141927
0.0100296 9.9973E-05 9.9973E-05 9.9973E-05 0.0094813 0.0189356 0.461683 0.49957
9.9964E-05 0.175014 0.0332448 9.9964E-05 9.9964E-05 9.9964E-05 0.169222 0.622119
9.9964E-05 0.164756 0.0335054 9.9964E-05 9.9964E-05 9.9964E-05 0.286101 0.515238
0.00776201 0.0196074 0.0536415 0.0269549 0.0913534 0.0165882 0.510315 0.273778
9.9964E-05 0.0409837 0.0476754 9.9964E-05 9.9964E-05 9.9964E-05 0.335671 0.57527
9.9964E-05 0.0394129 0.0398806 9.9964E-05 9.9964E-05 9.9964E-05 0.488205 0.432102
9.9964E-05 9.9964E-05 9.9964E-05 0.0531372 9.9964E-05 0.0192804 0.455294 0.471889
9.9955E-05 9.9955E-05 9.9955E-05 0.175937 9.9955E-05 0.107473 9.9955E-05 0.716091
9.9982E-05 9.9982E-05 0.0205972 0.0283237 0.0373263 0.0739539 0.612167 0.227432
0.00413563 0.0579022 0.84373 9.9964E-05 9.9964E-05 9.9964E-05 0.0938326 9.9964E-05
0.0233735 9.9955E-05 0.902249 9.9955E-05 9.9955E-05 9.9955E-05 0.0738773 9.9955E-05
0.0692246 9.9964E-05 0.819574 9.9964E-05 0.017866 9.9964E-05 0.0929353 9.9964E-05
9.9955E-05 9.9955E-05 0.921408 9.9955E-05 0.0727893 9.9955E-05 0.00530246 9.9955E-05
9.9955E-05 9.9955E-05 0.926135 9.9955E-05 0.0542695 9.9955E-05 9.9955E-05 0.0190958
9.9964E-05 9.9964E-05 0.854572 9.9964E-05 0.0537228 0.0269421 0.0643636 9.9964E-05
9.9955E-05 9.9955E-05 0.917122 9.9955E-05 0.00421173 9.9955E-05 0.0781664 9.9955E-05
0.00966321 0.07194 0.0499351 0.0452069 0.0575174 0.0124767 0.545836 0.207425
0.0066093 0.0660408 0.101138 0.0133381 0.0548083 0.0120717 0.591205 0.154788
9.9964E-05 0.200255 0.0448992 9.9964E-05 9.9964E-05 9.9964E-05 0.0235889 0.730857
0.0358822 0.0624293 0.0771825 0.0256427 9.9991E-05 0.040625 0.604977 0.153161
9.9964E-05 0.11243 0.044854 9.9964E-05 9.9964E-05 9.9964E-05 0.378858 0.463458
9.9973E-05 0.0126864 0.0712618 0.000927546 9.9973E-05 9.9973E-05 0.56569 0.349135
0.0207657 9.9991E-05 0.0217503 0.0528339 0.0145811 0.047233 0.538317 0.304419
0.0521206 0.0198851 0.00779073 9.9991E-05 0.0158023 0.0397193 0.480197 0.384385
9.9955E-05 0.264786 0.0331963 9.9955E-05 9.9955E-05 9.9955E-05 9.9955E-05 0.701518
9.9982E-05 0.077325 0.132149 9.9982E-05 0.00778965 0.01153 0.554311 0.216695
9.9982E-05 0.0549556 0.0723377 0.0587413 0.0274761 9.9982E-05 0.64723 0.139059
0.0502403 0.105629 0.0677492 0.0388979 0.0198639 0.0262233 0.590823 0.100573
0.0111899 0.0329608 0.00278511 0.136657 9.9991E-05 0.0599956 0.24914 0.507171
9.9973E-05 9.9973E-05 0.00688189 9.9973E-05 0.0292761 0.0717966 0.4679 0.423845
9.9964E-05 0.172809 9.9964E-05 9.9964E-05 0.00690383 9.9964E-05 0.473787 0.3461
9.9973E-05 9.9973E-05 9.9973E-05 0.0159637 0.0197645 0.0613083 0.372785 0.529878
0.00753014 0.138814 0.030639 9.9973E-05 9.9973E-05 9.9973E-05 0.44949 0.373227
0.073177 0.0511358 0.0500093 9.9991E-05 0.0314037 0.0187186 0.527838 0.247617
0.122598 0.392387 9.9982E-05 0.0673947 9.9982E-05 0.155629 0.225821 0.0359707
9.9982E-05 0.343597 0.0783835 0.100856 9.9982E-05 0.00854761 0.425585 0.0428305
0.00764382 0.157795 0.135849 0.0835315 0.0431638 0.00853405 0.557115 0.00636735
0.0230302 0.153743 0.0776605 0.0286705 0.0170111 0.045883 0.566946 0.0870556
0.012635 0.354199 0.0264561 0.0461241 9.9982E-05 9.9982E-05 0.509418 0.0509676
9.9982E-05 0.235869 0.0534138 0.00777695 0.0445455 0.0617508 0.596444 9.9982E-05
9.9973E-05 0.401449 0.0596998 0.0118169 9.9973E-05 0.0596093 0.467126 9.9973E-05
0.0408157 0.150045 0.0548299 0.0784547 0.0214099 0.06333 0.493823 0.0972924
0.0061277 0.153589 0.0656353 0.0231078 0.0444996 0.116306 0.590635 9.9991E-05
9.9973E-05 0.278159 0.0523468 0.0417818 9.9973E-05 0.0420116 0.585401 9.9973E-05
9.9973E-05 0.282472 0.016307 9.9973E-05 9.9973E-05 0.054654 0.583155 0.0631113
0.0284618 0.148322 0.0437193 0.0621368 0.0446268 0.0673726 0.60526 9.9991E-05
0.136441 0.107574 0.0786038 0.0590369 0.00125793 0.0530786 0.530095 0.0339128
0.0603447 0.182523 0.00590917 0.0034394 0.0324668 0.0803961 0.559061 0.0758591
0.0598106 0.164574 0.059061 0.0767816 0.0516234 0.0598907 0.52677 0.00148838
0.0318059 0.185269 9.9982E-05 9.9982E-05 0.0535943 0.155312 0.544476 0.0293434
0.144483 0.265551 0.0500037 0.10173 9.9991E-05 0.128104 0.291623 0.0184053
0.0626026 0.148335 0.0687107 9.9973E-05 9.9973E-05 0.105868 0.614184 9.9973E-05
0.0554679 0.187882 0.0477379 0.00650042 9.9982E-05 0.0681683 0.634044 9.9982E-05
9.9991E-05 0.562673 0.0139306 0.00990457 0.0308909 0.040397 0.226167 0.115937
0.0848395 0.327547 9.9982E-05 0.144521 9.9982E-05 0.271302 0.121616 0.049975
9.9991E-05 0.262561 0.0516174 0.0744848 0.0202173 0.0393951 0.523218 0.0284064
9.9973E-05 0.331623 9.9973E-05 0.201194 9.9973E-05 0.26188 0.0800014 0.125002
9.9982E-05 0.535392 0.00744954 0.0196354 9.9982E-05 0.056959 0.350465 0.0298991
9.9964E-05 0.444184 9.9964E-05 9.9964E-05 9.9964E-05 0.0321557 0.447633 0.0756276
0.0133602 0.489175 0.0189587 9.9982E-05 9.9982E-05 0.0078033 0.357721 0.112782
9.9973E-05 0.499982 9.9973E-05 0.0103505 9.9973E-05 0.0801714 0.348451 0.0607448
9.9982E-05 0.217882 0.0259089 0.0952605 9.9982E-05 0.0202989 0.593828 0.0466227
0.0192033 0.189169 0.0915019 0.0438234 0.0406062 0.0417922 0.546417 0.0274874
0.0524679 0.295678 0.0444202 9.9982E-05 0.0134646 0.0473918 0.546378 9.9982E-05
9.9982E-05 0.389213 9.9982E-05 0.168241 0.00612825 0.153938 0.203396 0.0788835
0.142486 0.113037 0.0773612 0.0569343 9.9991E-05 0.0403558 0.484102 0.0856232
0.0610388 0.03888 0.051579 0.212824 0.00977397 0.106291 0.449811 0.0698025
9.9973E-05 0.09916 0.0516794 0.587377 9.9973E-05 0.147832 9.9973E-05 0.113651
0.0350911 0.0195404 0.0679572 0.115892 0.0352392 0.0549331 0.635499 0.0358483
0.0708066 0.0916803 0.043164 0.271495 0.00167076 0.0946563 0.293444 0.133082
0.0753375 0.0230748 0.092189 0.180101 9.9991E-05 0.0589203 0.522367 0.0479106
0.0276077 0.161776 0.0375162 0.470303 9.9991E-05 0.0259386 0.221747 0.0550121
9.9982E-05 0.148279 0.0281552 0.474864 9.9982E-05 0.146712 0.089148 0.112642
0.0468119 0.13966 9.9982E-05 0.290598 9.9982E-05 0.0776223 0.386215 0.0588935
0.032605 0.133131 0.104346 0.142649 0.0645518 0.0433301 0.455466 0.0239219
0.0142744 0.127874 0.134027 0.132447 0.0238345 0.0542667 0.4525 0.0607768
0.00687521 0.124039 0.00941655 0.341854 0.0696527 0.146107 0.11959 0.182465
0.00593963 0.0403689 0.120566 0.065567 0.0480672 0.162149 0.525123 0.0322192
9.9973E-05 0.0993416 9.9973E-05 0.353436 9.9973E-05 0.109824 0.3286 0.108499
9.9973E-05 0.100193 9.9973E-05 0.258013 9.9973E-05 0.0955681 0.432294 0.113633
0.00881807 0.0542743 0.112755 0.138622 0.0873244 0.0357153 0.494941 0.067551
0.285167 0.00863768 0.263538 0.259845 0.107957 9.9982E-05 0.0746558 9.9982E-05
0.258348 9.9955E-05 0.366959 0.374193 9.9955E-05 9.9955E-05 9.9955E-05 9.9955E-05
0.082655 9.9964E-05 0.376653 0.464305 0.0759876 9.9964E-05 9.9964E-05 9.9964E-05
0.287974 0.00286771 0.250151 0.29324 0.126229 9.9982E-05 0.0393382 9.9982E-05
9.9973E-05 0.00715609 9.9973E-05 0.224838 9.9973E-05 0.093298 0.613986 0.0604224
0.00560878 0.0216067 0.0738544 0.105587 0.042581 0.0748904 0.620648 0.0552241
0.0595173 9.9955E-05 9.9955E-05 9.9955E-05 0.598937 9.9955E-05 0.341046 9.9955E-05
0.0273836 0.0171083 0.0308913 9.9991E-05 0.43349 0.0720729 0.377539 0.0414151
0.0996185 0.119174 0.0327835 0.00092837 0.349359 9.9991E-05 0.363049 0.0349887
9.9982E-05 0.0433495 9.9982E-05 0.440025 0.000790028 0.176216 0.291921 0.047499
0.0545018 0.0805074 0.0487376 0.158656 9.9991E-05 0.0605113 0.487016 0.10997
9.9973E-05 0.08315 9.9973E-05 0.521817 9.9973E-05 0.0970588 0.280657 0.0170167
0.00311836 0.0182095 0.0203138 0.25498 9.9991E-05 0.0710832 0.572791 0.059404
0.0349757 0.0464873 0.00543825 0.262416 9.9991E-05 0.142136 0.504248 0.00419911
9.9955E-05 9.9955E-05 9.9955E-05 0.315296 9.9955E-05 0.0765829 0.607621 9.9955E-05
9.9973E-05 0.0246127 9.9973E-05 0.616702 9.9973E-05 0.0805953 0.237382 0.0404084
9.9982E-05 9.9982E-05 0.0469451 0.182865 0.0364 0.0237653 0.655231 0.0545929
0.00474359 0.0177144 0.116861 0.133795 0.0170333 0.0426141 0.568915 0.0983242
0.00876898 9.9973E-05 0.00793751 9.9973E-05 0.947409 0.0280343 0.00755037 9.9973E-05
9.9955E-05 9.9955E-05 9.9955E-05 9.9955E-05 0.886769 0.0195976 0.093134 9.9955E-05
0.0206897 0.0368989 0.0519572 9.9991E-05 0.529022 0.0787305 0.257818 0.0247838
9.9955E-05 0.0231732 9.9955E-05 9.9955E-05 0.634058 9.9955E-05 0.342269 9.9955E-05
9.9955E-05 0.0314793 9.9955E-05 9.9955E-05 0.797314 9.9955E-05 0.170707 9.9955E-05
9.994E-05 9.994E-05 9.994E-05 9.994E-05 0.9993 9.994E-05 9.994E-05 9.994E-05
9.9955E-05 0.0391906 9.9955E-05 9.9955E-05 0.948474 9.9955E-05 0.0118358 9.9955E-05
9.9946E-05 9.9946E-05 9.9946E-05 9.9946E-05 0.838387 9.9946E-05 0.161013 9.9946E-05
9.9955E-05 0.0511198 0.0172911 9.9955E-05 0.931089 9.9955E-05 9.9955E-05 9.9955E-05
9.994E-05 9.994E-05 9.994E-05 9.994E-05 0.9993 9.994E-05 9.994E-05 9.994E-05
9.994E-05 9.994E-05 9.994E-05 9.994E-05 0.9993 9.994E-05 9.994E-05 9.994E-05
0.0479958 9.9964E-05 0.0179824 9.9964E-05 0.691279 9.9964E-05 0.242343 9.9964E-05
0.0915883 0.0830975 0.0107394 9.9982E-05 0.69931 9.9982E-05 0.113288 0.00177639
9.994E-05 9.994E-05 9.994E-05 9.994E-05 0.9993 9.994E-05 9.994E-05 9.994E-05
0.0397038 0.14127 0.0778501 9.9991E-05 0.33665 0.0215958 0.334856 0.0479739
0.10353 9.9973E-05 0.0275366 9.9973E-05 0.575169 0.0442524 0.249213 9.9973E-05
0.0701405 0.00282868 0.02979 9.9982E-05 0.765214 0.00225305 0.129574 9.9982E-05
0.0413283 9.9964E-05 9.9964E-05 9.9964E-05 0.842396 9.9964E-05 0.0983546 0.0175212
0.0316129 9.9946E-05 9.9946E-05 9.9946E-05 0.967787 9.9946E-05 9.9946E-05 9.9946E-05
0.058082 9.9964E-05 0.000597574 9.9964E-05 0.886983 9.9964E-05 0.0539377 9.9964E-05
0.0117025 9.9955E-05 0.00249307 9.9955E-05 0.985305 9.9955E-05 9.9955E-05 9.9955E-05
0.0241964 0.0455841 0.0442096 9.9982E-05 0.600608 9.9982E-05 0.253265 0.0319369
0.0696899 9.9964E-05 9.9964E-05 9.9964E-05 0.902622 0.00431536 9.9964E-05 0.0229731
0.0215656 9.9973E-05 0.237398 0.650695 0.0459241 0.0441172 9.9973E-05 9.9973E-05
9.9973E-05 0.080732 0.14911 0.299653 0.104696 9.9973E-05 0.365508 9.9973E-05
0.0969841 9.9982E-05 0.119515 0.314943 0.00232165 0.0133509 0.452686 9.9982E-05
0.11348 0.0236282 0.115177 0.517072 0.0395845 9.9982E-05 0.190858 9.9982E-05
0.0708652 0.0369346 0.118005 0.135791 0.0770856 9.9991E-05 0.444531 0.116688
0.132869 9.9982E-05 0.168777 0.530162 0.0396856 0.00660548 0.121701 9.9982E-05
0.152279 0.0479358 0.113366 0.229176 9.9982E-05 0.0454513 0.411592 9.9982E-05
0.108945 9.9973E-05 0.122828 0.39472 0.0335967 9.9973E-05 0.339611 9.9973E-05
0.200233 0.00960372 0.0847509 0.263447 9.9982E-05 0.00387915 0.437887 9.9982E-05
0.139857 9.9973E-05 0.131063 0.334619 0.0282778 9.9973E-05 0.365883 9.9973E-05
0.18483 0.0449201 0.0781549 0.218525 0.0528036 9.9991E-05 0.39413 0.026536
0.00638927 9.9973E-05 0.881508 0.0320289 9.9973E-05 0.00525056 0.074523 9.9973E-05
0.0289461 9.9964E-05 0.878146 9.9964E-05 0.0509977 0.0415102 9.9964E-05 9.9964E-05
0.0215885 0.0168655 0.942934 9.9973E-05 9.9973E-05 0.0122741 0.00603752 9.9973E-05
9.9955E-05 9.9955E-05 0.966386 0.00911302 9.9955E-05 9.9955E-05 9.9955E-05 0.0240012
0.0139335 0.0298593 0.910352 9.9964E-05 9.9964E-05 9.9964E-05 0.0454552 9.9964E-05
0.0486585 0.00844862 0.942393 9.9955E-05 9.9955E-05 9.9955E-05 9.9955E-05 9.9955E-05
9.9973E-05 0.0184557 0.889873 0.00776075 0.0383695 9.9973E-05 0.0452413 9.9973E-05
9.9955E-05 0.0320067 0.941644 9.9955E-05 9.9955E-05 0.0258493 9.9955E-05 9.9955E-05
0.00496348 0.00233228 0.861246 0.0373551 0.0458053 9.9991E-05 0.00721488 0.0409824
0.0601656 0.0225099 0.877234 0.0312854 9.9973E-05 9.9973E-05 0.00850567 9.9973E-05
9.9964E-05 0.279242 0.582885 0.0833732 9.9964E-05 9.9964E-05 9.9964E-05 0.0540997
9.9955E-05 0.365578 0.60058 0.0333425 9.9955E-05 9.9955E-05 9.9955E-05 9.9955E-05
9.9964E-05 0.312093 0.538359 0.106803 9.9964E-05 9.9964E-05 9.9964E-05 0.0423452
9.9964E-05 0.428869 0.447218 0.119768 9.9964E-05 9.9964E-05 9.9964E-05 0.00374496
9.9973E-05 0.166026 0.0654091 0.0466223 9.9973E-05 9.9973E-05 0.458135 0.263508
0.00267365 0.12354 0.041892 9.9991E-05 0.0511944 0.0132275 0.481753 0.285619
0.0361849 0.163782 0.00602114 0.00930448 0.00750038 0.0421108 0.55148 0.183616
9.9973E-05 0.290092 0.0186071 0.0300154 9.9973E-05 9.9973E-05 0.387032 0.273953
0.01786 0.597242 9.9982E-05 0.0203818 9.9982E-05 0.0506457 0.208425 0.105246
9.9982E-05 0.0684693 0.0677559 9.9982E-05 0.00155555 0.0455676 0.646549 0.169903
9.9973E-05 0.11737 9.9973E-05 9.9973E-05 0.0400518 0.0180844 0.609653 0.214541
0.0173891 0.0609989 9.9982E-05 0.0720217 9.9982E-05 0.0929549 0.5057 0.250736
0.0272524 9.9964E-05 9.9964E-05 9.9964E-05 9.9964E-05 0.0474367 0.36569 0.559221
0.0107734 0.0263708 0.0478409 0.0351556 0.0164709 0.0870743 0.641931 0.134383
9.9964E-05 0.0748266 0.0214544 9.9964E-05 9.9964E-05 9.9964E-05 0.427899 0.47542
9.9964E-05 0.00864021 9.9964E-05 0.0202513 9.9964E-05 0.161288 9.9964E-05 0.809421
9.9982E-05 0.152443 0.0808005 0.0225534 9.9982E-05 0.0368704 0.578176 0.128956
9.9964E-05 9.9964E-05 9.9964E-05 0.105757 9.9964E-05 0.0936163 0.178534 0.621693
0.0156264 9.9982E-05 0.0248229 9.9982E-05 0.0306466 0.0604851 0.477824 0.390395
9.9955E-05 0.219632 9.9955E-05 9.9955E-05 9.9955E-05 9.9955E-05 0.141712 0.638156
9.9964E-05 0.803374 0.133964 0.0620583 9.9964E-05 9.9964E-05 0.000203975 9.9964E-05
9.9973E-05 0.70856 0.115607 0.095136 9.9973E-05 0.0178978 0.0624996 9.9973E-05
9.9964E-05 0.773997 0.0913114 0.105219 9.9964E-05 9.9964E-05 0.0290721 9.9964E-05
9.9964E-05 0.808908 0.11247 0.0728423 9.9964E-05 9.9964E-05 9.9964E-05 0.00538026
9.9964E-05 0.787149 0.0353876 0.0817648 9.9964E-05 9.9964E-05 0.0952987 9.9964E-05
9.9982E-05 0.735931 0.0739511 0.0802807 0.0285908 0.00240075 0.0786459 9.9982E-05
0.0157231 0.0140079 0.84875 9.9982E-05 0.0630401 9.9982E-05 0.00207705 0.0562015
0.0910445 0.00862486 0.803337 9.9973E-05 9.9973E-05 9.9973E-05 0.0799352 0.0167585
0.0383376 0.00798269 0.77037 9.9982E-05 0.032722 0.0231512 0.127236 9.9982E-05
9.9973E-05 0.0199978 0.837083 9.9973E-05 0.0814681 9.9973E-05 0.0150661 0.046085
9.9964E-05 9.9964E-05 0.774047 0.0409346 0.0507556 9.9964E-05 0.133863 9.9964E-05
9.9955E-05 0.552542 0.380804 0.0661547 9.9955E-05 9.9955E-05 9.9955E-05 9.9955E-05
0.00377725 0.485616 0.455862 0.00594228 9.9973E-05 0.0485024 9.9973E-05 9.9973E-05
0.0388568 0.497457 0.433723 9.9964E-05 9.9964E-05 0.0295631 9.9964E-05 9.9964E-05
9.9973E-05 0.00934129 0.844067 9.9973E-05 0.0195934 0.00829961 0.118399 9.9973E-05
9.9982E-05 0.518864 0.394663 0.0413038 0.00920163 0.0188908 9.9982E-05 0.0168775
0.383331 9.9973E-05 0.165674 0.135746 0.073252 9.9973E-05 0.241698 9.9973E-05
0.212246 0.0379216 0.143704 0.00509058 0.0618182 9.9991E-05 0.536585 0.00253509
0.232944 9.9964E-05 0.162247 9.9964E-05 0.0948232 9.9964E-05 0.509586 9.9964E-05
0.31918 9.9991E-05 0.217284 0.0708716 0.0646269 0.0180888 0.275226 0.0346228
9.9991E-05 0.0583413 0.157737 0.0659487 0.138019 0.0204589 0.496873 0.0625226
0.442856 9.9964E-05 0.334726 0.194629 0.0273889 9.9964E-05 9.9964E-05 9.9964E-05
9.9982E-05 0.419508 0.0223959 0.00826127 9.9982E-05 0.0650178 0.452266 0.0323512
9.9982E-05 0.172368 9.9982E-05 0.13233 0.00285165 0.172186 0.449586 0.0704784
9.9982E-05 0.527335 0.0102686 0.052185 9.9982E-05 0.0353703 0.3064 0.068241
9.9982E-05 0.164607 9.9982E-05 0.0744431 0.0284993 0.213012 0.498794 0.0204446
9.9964E-05 0.331061 9.9964E-05 0.265721 9.9964E-05 0.340668 9.9964E-05 0.062151
0.0695286 0.179971 0.0607356 0.0529435 9.9991E-05 0.0485882 0.577232 0.0109006
0.031757 0.172982 0.0160868 0.0434553 0.0110124 0.117986 0.530696 0.0760242
9.9982E-05 0.435259 0.0280278 0.0845141 9.9982E-05 0.0465731 0.370156 0.0352699
9.9991E-05 0.166308 0.0897082 0.0315932 0.0537372 0.0662937 0.514503 0.0777565
0.000149341 0.322017 9.9982E-05 0.22115 9.9982E-05 0.171606 0.116246 0.168632
9.9991E-05 0.196412 0.00499413 0.0785111 0.0109579 0.0991628 0.581029 0.0288328
9.9973E-05 0.355386 9.9973E-05 0.0370417 9.9973E-05 0.021736 0.499609 0.0859276
0.214689 0.0852643 0.0682568 0.0796907 0.0316046 0.0645955 0.377475 0.0784241
0.0402069 0.274693 9.9982E-05 0.144361 9.9982E-05 0.141566 0.316481 0.0824912
0.0622377 0.230306 9.9982E-05 0.116302 9.9982E-05 0.133505 0.380664 0.0767861
9.9982E-05 0.17135 9.9982E-05 0.0881858 0.0111657 0.121521 0.592656 0.0149207
0.0165348 0.174246 9.9982E-05 0.0751078 9.9982E-05 0.14307 0.549175 0.0416669
0.0205252 0.110832 0.0396722 0.0734638 0.0332471 0.0778274 0.636372 0.00805962
0.00588257 0.10084 0.13417 0.0124031 0.0380318 0.10511 0.540408 0.0631541
0.00212343 0.198198 0.0558265 0.0627996 0.0400258 0.00649597 0.548127 0.0864043
9.9955E-05 9.9955E-05 0.847239 9.9955E-05 0.0388324 9.9955E-05 0.113429 9.9955E-05
9.9964E-05 9.9964E-05 0.865943 9.9964E-05 0.00583982 0.0132686 0.114549 9.9964E-05
9.9964E-05 9.9964E-05 0.90306 0.0132687 9.9964E-05 0.018485 0.0647863 9.9964E-05
9.9964E-05 9.9964E-05 0.892671 9.9964E-05 0.0597685 9.9964E-05 0.00508636 0.0420745
9.9955E-05 9.9955E-05 0.902313 9.9955E-05 0.00684574 9.9955E-05 0.0903418 9.9955E-05
0.0393632 0.63172 9.9982E-05 0.0887022 0.0175588 9.9982E-05 0.145222 0.0772344
0.0815194 0.1838 0.020523 0.059087 0.0191184 0.114161 0.498498 0.0232936
0.197497 9.9982E-05 0.140834 0.128896 0.0826783 0.0420565 0.407838 9.9982E-05
0.0467691 0.189213 9.9991E-05 0.00610088 0.0690247 0.0399991 0.582952 0.0658414
0.00765341 0.358958 9.9982E-05 0.0181337 0.0419913 9.9982E-05 0.502803 0.0702605
9.9973E-05 0.306816 9.9973E-05 0.150762 9.9973E-05 0.180207 0.302646 0.059269
9.9991E-05 0.74884 0.0729303 0.0412871 0.00122419 0.0133599 0.0266024 0.0956556
9.9982E-05 0.383336 0.042735 0.0179454 0.0285742 9.9982E-05 0.45053 0.07668
9.9991E-05 0.639088 0.0262248 0.0102761 0.0599494 0.000859056 0.237787 0.0257153
0.063903 0.188554 0.028465 0.0858379 9.9991E-05 0.0611918 0.477567 0.0943809
0.00737656 0.633794 0.0618593 0.062526 9.9991E-05 0.0592865 0.162809 0.0122487
0.0821388 0.264735 0.0376826 0.0122026 0.0338809 9.9991E-05 0.535605 0.0336547
9.9991E-05 0.580226 0.0573274 0.0621784 0.0118743 0.00677779 0.150774 0.130742
0.0905864 0.317794 9.9991E-05 0.107397 0.046208 0.148352 0.185869 0.103694
0.00153762 0.102712 0.0684968 0.167494 9.9991E-05 0.0806292 0.547671 0.0313594
9.9973E-05 0.0868272 9.9973E-05 0.466174 9.9973E-05 0.0973276 0.33869 0.0106817
9.9973E-05 9.9973E-05 0.0454605 0.323337 9.9973E-05 0.0500861 0.572185 0.00863085
0.0682459 0.0719852 0.0901749 0.176723 0.0216463 0.00863778 0.48493 0.0776571
9.9973E-05 0.0532501 9.9973E-05 0.570897 9.9973E-05 0.0449711 0.272445 0.0581367
0.00883749 0.0398872 0.0705467 0.14401 0.0368941 0.0529737 0.566177 0.0806733
9.9982E-05 0.0269711 0.046231 0.247079 9.9982E-05 0.0956924 0.508462 0.0753639
9.9973E-05 0.0431373 9.9973E-05 0.558812 9.9973E-05 0.14716 0.171796 0.078795
9.9973E-05 0.0244088 9.9973E-05 0.661878 9.9973E-05 0.0445895 0.243187 0.0256371
9.9973E-05 0.0678484 9.9973E-05 0.362853 9.9973E-05 0.0639125 0.459255 0.0458315
9.9973E-05 0.0782064 9.9973E-05 0.586404 9.9973E-05 0.0668911 0.0863197 0.181879
9.9973E-05 0.0905161 9.9973E-05 0.376919 9.9973E-05 0.0114622 0.452557 0.0682459
0.00303427 0.674947 0.0132612 9.9991E-05 0.0133587 0.0592134 0.141582 0.0945037
0.077898 0.365029 9.9982E-05 9.9982E-05 0.0236094 0.308247 0.149163 0.0758545
0.0480371 0.439522 9.9982E-05 9.9982E-05 0.0578676 0.0328595 0.377453 0.0440616
0.0885104 0.275619 9.9991E-05 0.0147537 0.00198969 0.00843558 0.544468 0.066124
0.0731444 0.564867 9.9982E-05 9.9982E-05 0.0162606 0.0179033 0.195334 0.132291
0.106169 0.131467 0.0466331 0.0530613 9.9991E-05 0.0910457 0.514059 0.0574646
0.0208948 0.266273 0.0283184 0.0270655 0.0398304 0.0502436 0.563126 0.00424851
0.0782902 0.216844 9.9982E-05 0.00780134 9.9982E-05 0.0716726 0.490334 0.134858
0.120477 0.31125 9.9982E-05 9.9982E-05 0.0174488 0.0515428 0.417713 0.0813681
0.0260166 0.3995 0.0124186 9.9982E-05 9.9982E-05 0.0358605 0.499146 0.0268587
0.0509306 0.512866 9.9982E-05 9.9982E-05 0.0102363 0.0282298 0.271067 0.126471
0.0319178 0.463427 9.9982E-05 9.9982E-05 0.0207513 0.0527922 0.40353 0.0273809
0.0739444 0.174042 9.9991E-05 0.0530235 0.00485761 0.0780659 0.541702 0.0742644
0.0943703 0.156933 0.0367253 0.0405917 9.9991E-05 0.0424134 0.575765 0.053101
0.1519 0.31137 0.000581644 0.0384088 0.0295384 0.0674072 0.28116 0.119634
0.103925 0.190956 9.9982E-05 9.9982E-05 0.0528163 0.140616 0.403498 0.107989
0.00490687 0.495201 9.9982E-05 9.9982E-05 0.0443061 0.0335561 0.363339 0.0584907
0.0965006 0.278505 9.9982E-05 0.012325 9.9982E-05 0.0444911 0.531256 0.0367218
0.0329293 0.31652 0.00352698 9.9991E-05 0.0804114 0.0778103 0.423876 0.0648257
0.0307525 0.183284 0.0902048 0.00503385 0.0461236 0.106065 0.534542 0.00399353
0.149018 0.0610165 0.281652 0.0391079 0.044757 9.9982E-05 0.424249 9.9982E-05
0.222437 9.9982E-05 0.101475 0.0914041 0.00908981 0.0218839 0.553511 9.9982E-05
0.174901 0.0426961 0.131874 0.035023 0.017811 0.0320943 0.461573 0.104028
0.241186 0.0582789 0.035235 0.0803903 0.0396421 0.0792635 0.462514 0.00348967
0.277002 9.9991E-05 0.126881 0.0766227 0.0374897 0.0199321 0.424843 0.0371293
9.9973E-05 0.213307 9.9973E-05 0.0910096 9.9973E-05 0.204541 0.488301 0.00254166
0.175019 0.0338366 0.111327 0.0730693 0.0171887 0.0124798 0.496612 0.0804681
0.20864 0.0976927 0.160935 0.325724 0.0580998 0.0739479 0.0413378 0.0336219
0.163935 0.0535546 0.0493644 0.101736 0.039309 0.0304227 0.561578 9.9991E-05
0.144507 0.0398185 0.080065 0.0640927 0.0994153 0.0695567 0.48237 0.0201747
0.126111 0.0659362 0.121509 0.0188134 0.0624248 0.0430533 0.511976 0.0501755
0.186611 0.0698849 0.156205 0.167724 9.9991E-05 0.107449 0.24935 0.0626769
0.160344 0.062205 0.158063 0.035718 0.0448865 0.0200108 0.518673 9.9991E-05
0.231932 0.00289225 0.123034 0.0278203 0.0101295 0.115424 0.488668 9.9991E-05
0.21245 9.9955E-05 0.401871 0.385179 9.9955E-05 9.9955E-05 9.9955E-05 9.9955E-05
0.0585625 0.0784019 0.185603 0.0294259 0.144085 9.9991E-05 0.464495 0.0393266
0.177563 9.9991E-05 0.147045 0.0568065 0.0901733 0.000710555 0.526169 0.00143342
0.0824156 0.0473254 0.07508 0.0849367 0.0468303 0.0529825 0.57646 0.0339695
0.16039 9.9973E-05 0.137894 0.0921647 0.119727 9.9973E-05 0.489525 9.9973E-05
0.055015 0.0404318 0.208439 0.074759 0.0554393 9.9991E-05 0.522111 0.0437049
9.9973E-05 9.9973E-05 0.0790966 9.9973E-05 0.0123553 0.451693 0.431098 0.0254576
0.00487231 0.0596256 0.068892 0.0147462 0.0512192 0.213986 0.487404 0.099254
9.9964E-05 0.0240415 9.9964E-05 0.00631987 9.9964E-05 0.905701 9.9964E-05 0.0635377
9.9964E-05 0.0326344 0.0220934 0.0123137 9.9964E-05 0.932559 9.9964E-05 9.9964E-05
0.0367363 0.0298181 0.0653608 0.0314021 9.9991E-05 0.316209 0.50479 0.0155842
0.313317 9.9982E-05 0.103724 0.0761481 0.134371 0.0902753 0.281965 9.9982E-05
0.354965 9.9973E-05 0.0967567 9.9973E-05 0.0550244 0.218336 0.274618 9.9973E-05
0.353818 9.9982E-05 0.113962 0.0685715 0.0919731 0.252291 0.119184 9.9982E-05
0.351578 9.9982E-05 0.0706908 0.0442413 0.0596579 0.220101 0.253531 9.9982E-05
0.11471 9.9964E-05 0.0755581 0.0539074 9.9964E-05 0.755425 9.9964E-05 9.9964E-05
0.173828 9.9964E-05 0.077233 9.9964E-05 9.9964E-05 0.674685 0.0738536 9.9964E-05
0.0665105 0.0116677 0.0115945 9.9973E-05 9.9973E-05 0.355794 0.554133 9.9973E-05
0.0584873 9.9973E-05 0.0578618 9.9973E-05 0.0755173 0.46086 0.346974 9.9973E-05
0.0621881 9.9973E-05 0.036326 9.9973E-05 0.0103797 0.711124 0.179682 9.9973E-05
0.04208 0.0547413 0.0656195 0.0516065 0.0072112 0.231438 0.547204 9.9991E-05
0.046394 9.9973E-05 0.0479625 9.9973E-05 0.0100688 0.334326 0.560948 9.9973E-05
0.0769378 0.0389395 0.0344113 0.0730193 0.0876746 0.246256 0.425662 0.0170994
9.9955E-05 9.9955E-05 0.000247718 9.9955E-05 9.9955E-05 0.672202 0.327051 9.9955E-05
9.9982E-05 0.0953804 0.0217344 0.0164155 9.9982E-05 0.473022 0.366518 0.0267303
9.9991E-05 0.0228705 0.0528123 0.0153135 0.0192224 0.313466 0.523524 0.052691
0.0294582 0.101906 0.0486305 9.9982E-05 9.9982E-05 0.383956 0.414206 0.0216424
0.035766 0.0651734 0.070749 9.9991E-05 0.0610537 0.265616 0.457587 0.0439547
9.9973E-05 9.9973E-05 0.00565572 0.0829191 9.9973E-05 0.456282 0.409683 0.0451601
0.00204664 0.0391641 9.9964E-05 9.9964E-05 9.9964E-05 0.796008 0.162382 9.9964E-05
9.9955E-05 9.9955E-05 9.9955E-05 9.9955E-05 0.00603013 0.408115 0.585355 9.9955E-05
9.9973E-05 0.0709462 9.9973E-05 9.9973E-05 0.013069 0.765239 0.135216 0.01523
9.9955E-05 9.9955E-05 0.0278953 9.9955E-05 9.9955E-05 0.54325 0.428355 9.9955E-05
0.00337917 0.0445531 0.0817368 0.0242368 9.9991E-05 0.289236 0.500965 0.0557932
9.9982E-05 0.040674 0.0677694 9.9982E-05 0.0566532 0.309417 0.464842 0.0604438
0.0776525 0.020595 0.180122 0.0377807 0.0893511 0.110505 0.420293 0.0637017
0.0151453 0.0529603 0.153793 0.0643991 0.130761 0.155249 0.414194 0.0134978
0.269242 9.9982E-05 0.137948 0.105587 0.121146 0.0993644 0.266513 9.9982E-05
0.102468 0.0185387 0.16578 0.104427 0.182931 0.127201 0.298554 9.9991E-05
0.11953 0.103248 0.113838 0.0566153 0.0913019 0.0402866 0.448555 0.0266256
0.179052 0.021241 0.114321 0.0934027 0.0443748 0.127597 0.400269 0.0197419
0.177916 9.9964E-05 0.141091 0.0360857 9.9964E-05 0.644507 9.9964E-05 9.9964E-05
0.239531 9.9982E-05 0.0460066 0.0122032 0.0849039 0.151269 0.465886 9.9982E-05
0.135672 9.9964E-05 0.299755 0.195222 9.9964E-05 0.368951 9.9964E-05 9.9964E-05
0.0969762 9.9973E-05 0.0456256 9.9973E-05 0.0875774 0.310728 0.458793 9.9973E-05
9.9946E-05 9.9946E-05 9.9946E-05 9.9946E-05 9.9946E-05 0.931403 0.0679975 9.9946E-05
9.9946E-05 9.9946E-05 9.9946E-05 9.9946E-05 9.9946E-05 0.953329 9.9946E-05 0.0460715
9.9946E-05 9.9946E-05 9.9946E-05 9.9946E-05 9.9946E-05 0.56439 0.43501 9.9946E-05
9.9964E-05 9.9964E-05 0.0215688 9.9964E-05 0.0183338 0.385442 0.574255 9.9964E-05
9.9946E-05 9.9946E-05 9.9946E-05 9.9946E-05 9.9946E-05 0.635036 0.364364 9.9946E-05
9.9946E-05 9.9946E-05 9.9946E-05 9.9946E-05 9.9946E-05 0.487732 0.511669 9.9946E-05
9.9946E-05 9.9946E-05 9.9946E-05 9.9946E-05 9.9946E-05 0.495531 0.50387 9.9946E-05
9.9991E-05 0.0596665 0.861128 0.0122571 0.0312456 0.00384015 0.0313422 0.000420823
0.0780986 0.0960585 0.746502 0.0289953 0.0336093 0.00515571 0.00924756 0.00233262
9.9964E-05 0.0147912 0.928977 0.00299315 0.0528384 9.9964E-05 9.9964E-05 9.9964E-05
9.9955E-05 9.9955E-05 0.919367 0.0344853 9.9955E-05 9.9955E-05 0.0456484 9.9955E-05
0.022492 9.9991E-05 0.0184757 0.0387167 0.0312465 0.0265519 0.533088 0.329329
0.0380588 0.09254 0.0426909 9.9973E-05 9.9973E-05 9.9973E-05 0.503956 0.322455
9.9964E-05 0.0392349 0.0145092 9.9964E-05 9.9964E-05 9.9964E-05 0.528003 0.417853
9.9982E-05 0.070514 0.0912206 0.0241747 0.00088579 9.9982E-05 0.592772 0.220233
9.9982E-05 0.0632945 0.095267 0.11644 0.000343663 9.9982E-05 0.603328 0.121127
9.9964E-05 0.114655 0.0383227 9.9964E-05 9.9964E-05 9.9964E-05 0.298492 0.54813
0.0202185 9.9973E-05 0.0221996 9.9973E-05 9.9973E-05 0.0304853 0.648638 0.278159
0.0154922 9.9991E-05 0.000133993 0.0741302 0.00683242 0.0893647 0.254306 0.55964
0.179319 0.0838812 0.262941 0.0446326 0.0388692 9.9982E-05 0.390157 9.9982E-05
9.9991E-05 0.0190074 0.00384137 0.0365651 0.020478 0.117612 0.425188 0.377209
9.9964E-05 0.0983372 0.0123201 9.9964E-05 9.9964E-05 9.9964E-05 0.351398 0.537545
0.0153145 0.00667388 9.9991E-05 0.0479007 0.0167341 0.0481756 0.485111 0.37999
9.9964E-05 0.0907964 9.9964E-05 9.9964E-05 0.0522335 9.9964E-05 0.370901 0.485669
0.00670359 9.9964E-05 9.9964E-05 9.9964E-05 9.9964E-05 0.0579909 0.544238 0.390668
9.9982E-05 0.0296444 0.0714576 9.9982E-05 0.018695 0.0242649 0.535049 0.320689
9.9955E-05 9.9955E-05 9.9955E-05 0.0646472 9.9955E-05 0.0658445 9.9955E-05 0.869008
0.00308172 9.9982E-05 9.9982E-05 0.050072 0.0264146 0.0740353 0.297385 0.548811
9.9964E-05 9.9964E-05 9.9964E-05 9.9964E-05 0.0208385 0.0611558 0.350106 0.567499
9.9955E-05 9.9955E-05 9.9955E-05 0.0681292 9.9955E-05 0.105173 9.9955E-05 0.826198
0.00589784 0.057473 0.094285 0.00518679 9.99874E-05 9.99874E-05 0.40157 0.435387
9.9964E-05 9.9964E-05 9.9964E-05 0.206501 9.9964E-05 0.0878158 0.0542545 0.651029
9.9955E-05 9.9955E-05 9.9955E-05 0.123658 9.9955E-05 0.0400975 9.9955E-05 0.835745
9.9982E-05 9.9982E-05 0.0307242 0.00985006 0.0611361 0.0542392 0.535258 0.308592
9.9973E-05 0.145911 0.0518556 9.9973E-05 0.00164065 9.9973E-05 0.180689 0.619604
0.0288033 0.0967962 9.9982E-05 0.00726089 9.9982E-05 0.0111116 0.490419 0.365409
0.102116 0.0591597 0.0853316 0.0210473 9.9991E-05 0.0332176 0.551432 0.147595
0.00801506 0.0997275 0.0162517 9.9973E-05 9.9973E-05 9.9973E-05 0.510606 0.3651
0.0158531 0.306032 9.9991E-05 0.162652 0.00226159 0.130783 0.360365 0.0219533
9.9982E-05 0.045152 0.0564585 9.9982E-05 0.0302614 0.057899 0.536234 0.273795
9.9964E-05 0.117613 0.0327439 9.9964E-05 9.9964E-05 9.9964E-05 0.504506 0.344737
9.9973E-05 9.9973E-05 9.9973E-05 0.0184278 0.014338 0.107845 0.29762 0.56147
0.06667 0.0414211 0.0685723 9.9991E-05 0.000955058 0.00262441 0.530241 0.289417
9.9964E-05 0.279125 0.663474 0.0387308 9.9964E-05 0.0182702 9.9964E-05 9.9964E-05
0.0143899 0.145752 0.765751 0.0240375 9.9973E-05 9.9973E-05 9.9973E-05 0.0497698
9.9955E-05 0.138811 0.841438 0.0192507 9.9955E-05 9.9955E-05 9.9955E-05 9.9955E-05
9.9955E-05 0.13864 0.818321 0.042539 9.9955E-05 9.9955E-05 9.9955E-05 9.9955E-05
9.9964E-05 0.158958 0.716449 0.0876643 9.9964E-05 9.9964E-05 0.0365292 9.9964E-05
9.9964E-05 0.133943 0.0440288 9.9964E-05 9.9964E-05 9.9964E-05 0.16689 0.654738
9.9964E-05 0.124131 0.0412838 9.9964E-05 9.9964E-05 9.9964E-05 0.139076 0.695109
0.028165 9.9982E-05 9.9982E-05 0.0225694 0.00754929 0.0268766 0.150185 0.764455
0.0652566 0.0294045 0.092113 0.016601 9.9991E-05 0.0800143 0.576945 0.139566
0.0527379 0.0378083 0.112158 9.9991E-05 0.0216279 0.0281771 0.541678 0.205714
9.9973E-05 9.9973E-05 9.9973E-05 0.0565687 0.0434661 0.0382896 0.260665 0.60071
9.9991E-05 0.00907086 0.023565 0.0214983 0.0681091 0.0038649 0.578986 0.294806
0.0375089 9.9991E-05 0.0551024 0.0171826 0.0230768 0.034807 0.376832 0.45539
9.9982E-05 0.0327215 0.0483144 9.9982E-05 0.0047374 0.0138749 0.520528 0.379624
0.0116554 0.0424603 0.019283 9.9991E-05 0.0507886 0.00452425 0.58384 0.287348
9.9964E-05 0.131758 9.9964E-05 9.9964E-05 0.00634545 9.9964E-05 0.239982 0.621515
9.9964E-05 0.118868 0.00204669 9.9964E-05 9.9964E-05 9.9964E-05 0.320095 0.55859
9.9964E-05 0.118589 0.023784 9.9964E-05 9.9964E-05 9.9964E-05 0.324349 0.532879
9.9964E-05 0.0266444 0.0892067 0.240516 9.9964E-05 9.9964E-05 0.643233 9.9964E-05
9.9964E-05 0.0494281 0.0431162 9.9964E-05 9.9964E-05 9.9964E-05 0.387267 0.519789
9.9964E-05 0.111944 0.0287179 9.9964E-05 9.9964E-05 9.9964E-05 0.429997 0.428941
0.476774 0.0160778 0.0129526 0.0109479 0.0625796 0.0126743 0.382348 0.0256459
0.617254 9.9973E-05 0.022218 9.9973E-05 0.105444 9.9973E-05 0.225058 0.0297252
0.582127 0.0277193 9.9964E-05 9.9964E-05 0.051728 9.9964E-05 0.338026 9.9964E-05
0.820269 0.00742394 9.9964E-05 9.9964E-05 0.00292793 9.9964E-05 0.168979 9.9964E-05
0.430658 0.0387918 0.0406207 0.00425866 0.00507822 9.9991E-05 0.443968 0.0365248
9.9973E-05 9.9973E-05 0.0189283 0.198242 9.9973E-05 0.0523182 0.543627 0.186584
0.964838 9.9946E-05 0.034562 9.9946E-05 9.9946E-05 9.9946E-05 9.9946E-05 9.9946E-05
0.813936 9.9946E-05 9.9946E-05 9.9946E-05 9.9946E-05 9.9946E-05 0.185464 9.9946E-05
0.247053 9.9982E-05 0.103346 0.19457 9.9982E-05 0.0289179 0.332242 0.0936715
9.9964E-05 0.0675112 0.107343 0.278445 9.9964E-05 9.9964E-05 0.546301 9.9964E-05
9.9973E-05 0.0495486 0.119621 0.300182 0.00544708 9.9973E-05 0.524901 9.9973E-05
9.9973E-05 0.00422138 0.0811816 0.263698 0.00514819 9.9973E-05 0.645451 9.9973E-05
9.9973E-05 0.0338515 0.139246 0.170432 0.0482366 9.9973E-05 0.607934 9.9973E-05
0.788818 9.9955E-05 9.9955E-05 9.9955E-05 0.037914 9.9955E-05 0.172768 9.9955E-05
0.635408 0.0337992 0.0233765 9.9973E-05 0.00524166 9.9973E-05 0.301875 9.9973E-05
0.653266 9.9955E-05 9.9955E-05 9.9955E-05 0.102274 9.9955E-05 0.243961 9.9955E-05
0.38963 0.0675858 0.0547712 9.9991E-05 0.0276387 0.00651228 0.424397 0.029365
0.819845 0.0542019 9.9982E-05 9.9982E-05 0.0260263 0.00550575 0.0794912 0.0147297
0.464187 0.0235856 0.0372778 9.9982E-05 0.0684701 9.9982E-05 0.351935 0.0543448
0.840315 0.0170914 9.9964E-05 9.9964E-05 0.0127459 9.9964E-05 0.129448 9.9964E-05
0.52506 0.0808178 9.9982E-05 9.9982E-05 0.0307065 0.031445 0.276933 0.0548381
9.9973E-05 0.0610135 0.0413595 0.368068 9.9973E-05 9.9973E-05 0.515409 0.0138496
0.500779 0.0855253 0.0412369 9.9982E-05 0.0397818 9.9982E-05 0.311602 0.0208748
0.9993 9.994E-05 9.994E-05 9.994E-05 9.994E-05 9.994E-05 9.994E-05 9.994E-05
0.487038 0.035738 0.0433463 9.9982E-05 0.0701974 9.9982E-05 0.344341 0.0191394
9.9973E-05 0.106718 0.113032 0.426487 9.9973E-05 9.9973E-05 0.322307 0.0311567
9.9964E-05 9.9964E-05 0.00794788 0.352443 0.00415127 9.9964E-05 0.635058 9.9964E-05
0.614597 0.0570351 0.0122593 0.00603129 0.0174076 9.9991E-05 0.278396 0.014174
9.9964E-05 0.0941783 0.0910178 0.258291 9.9964E-05 9.9964E-05 0.556113 9.9964E-05
9.9964E-05 0.0540065 0.128131 0.280245 9.9964E-05 9.9964E-05 0.537218 9.9964E-05
0.382885 0.00544091 0.133148 0.074168 9.9991E-05 0.0395345 0.258741 0.105982
0.44422 0.0239397 0.108279 0.0646731 0.00171376 0.0414988 0.315576 9.9991E-05
0.02554 0.0647853 0.115273 0.135011 0.0318826 9.9991E-05 0.605142 0.0222655
0.503696 0.0693441 0.0562774 9.9982E-05 0.0165489 9.9982E-05 0.331845 0.0220885
0.575385 0.0176241 9.9964E-05 9.9964E-05 0.0455409 9.9964E-05 0.36105 9.9964E-05
0.968537 9.9946E-05 9.9946E-05 9.9946E-05 0.0308631 9.9946E-05 9.9946E-05 9.9946E-05
9.9991E-05 0.0423292 0.0999965 0.171538 0.0167965 0.00529293 0.63531 0.0286371
9.9964E-05 0.0594395 0.0876473 0.36984 9.9964E-05 9.9964E-05 0.482673 9.9964E-05
9.9955E-05 9.9955E-05 9.9955E-05 0.787232 0.00834206 9.9955E-05 0.203926 9.9955E-05
9.9982E-05 0.0319873 0.149235 0.139178 0.0597665 9.9982E-05 0.56458 0.0550536
9.9982E-05 0.171658 0.0144429 0.24622 0.0424616 0.092279 0.432738 9.9982E-05
0.10232 9.9991E-05 0.160075 0.0921853 0.0900175 0.0545177 0.45911 0.0416742
0.0383248 0.0806136 0.1519 0.123138 0.0691313 0.0610931 0.447663 0.0281372
0.250076 9.9955E-05 0.228545 0.520879 9.9955E-05 9.9955E-05 9.9955E-05 9.9955E-05
