0.0329272 9.9973E-05 9.9973E-05 0.0173763 0.00842128 0.927098 0.0138768 9.9973E-05
0.0045773 9.9973E-05 0.00767861 0.0139599 0.0327971 0.940687 9.9973E-05 9.9973E-05
9.9973E-05 9.9973E-05 0.0274356 0.0502921 0.0715918 0.836208 0.0141725 9.9973E-05
9.9964E-05 9.9964E-05 9.9964E-05 0.121736 0.0418077 0.808335 0.0277209 9.9964E-05
9.9955E-05 9.9955E-05 9.9955E-05 0.0729218 9.9955E-05 0.915784 9.9955E-05 0.0107944
0.0673063 9.9973E-05 9.9973E-05 0.0201156 9.9973E-05 0.624611 0.0307467 0.256921
9.9946E-05 9.9946E-05 9.9946E-05 9.9946E-05 9.9946E-05 0.766504 9.9946E-05 0.232897
0.0118776 9.9964E-05 9.9964E-05 9.9964E-05 9.9964E-05 0.692814 0.0338316 0.261077
9.99549E-05 9.99549E-05 9.99549E-05 9.99549E-05 0.0456587 0.804622 0.14922 9.99549E-05
0.0138513 0.0053009 9.9973E-05 9.9973E-05 9.9973E-05 0.763666 0.00452997 0.212351
0.00654263 9.9964E-05 9.9964E-05 0.0298875 9.9964E-05 0.718781 9.9964E-05 0.244389
0.012119 9.9991E-05 0.140004 0.250371 0.0206676 0.0398166 0.450419 0.0865028
0.0228257 9.9991E-05 0.0333636 0.553704 0.0112529 0.068748 0.255102 0.0549033
0.0424054 0.0123358 0.104674 0.306526 0.0913491 9.9982E-05 0.44251 9.9982E-05
0.108299 9.9973E-05 0.0816823 0.301011 0.0867599 9.9973E-05 0.421948 9.9973E-05
0.10641 0.00218416 0.037314 0.412696 0.0686067 0.0257726 0.285519 0.0614979
0.0023381 9.9991E-05 0.022469 0.649612 0.100913 0.0030912 0.193752 0.0277252
0.0251581 9.9991E-05 0.0962279 0.512008 0.0304051 0.0234389 0.272769 0.0398935
0.0447261 0.0169381 0.0348716 0.32495 0.122716 0.0579443 0.397754 9.9991E-05
0.0054349 9.9982E-05 0.0681535 0.053696 0.0294183 9.9982E-05 0.651399 0.191698
0.0161448 9.9982E-05 0.116889 0.46306 0.0882514 9.9982E-05 0.283106 0.0323481
0.0356287 0.0974767 0.0429864 0.401105 0.112683 9.9991E-05 0.174759 0.135262
0.0291441 9.9982E-05 0.132675 0.531766 9.9982E-05 0.0453161 0.203521 0.0573781
0.0533567 9.9991E-05 0.129966 0.255011 0.0507377 0.0282428 0.392739 0.0898461
0.0345502 0.0201015 9.9991E-05 0.651439 0.0224165 0.107 0.0833305 0.0810627
9.9982E-05 9.9982E-05 0.0484734 0.548015 0.0161455 0.0207619 0.28622 0.0801838
9.9982E-05 9.9982E-05 0.0855189 0.285736 0.0339822 0.0338399 0.478699 0.0820236
0.025155 9.9991E-05 0.0938709 0.316605 0.0642946 0.054804 0.41411 0.0310604
9.9973E-05 9.9973E-05 0.0696101 0.242483 0.0117984 9.9973E-05 0.460866 0.214943
0.00102726 9.9955E-05 9.9955E-05 0.0966615 9.9955E-05 0.901811 9.9955E-05 9.9955E-05
9.9955E-05 0.00947574 9.9955E-05 0.108378 9.9955E-05 0.881647 9.9955E-05 9.9955E-05
0.0612544 9.9973E-05 9.9973E-05 0.103873 0.00925083 0.807814 0.0175075 9.9973E-05
0.0740481 0.00464015 9.9973E-05 0.155864 0.0288248 0.736323 9.9973E-05 9.9973E-05
9.9973E-05 9.9973E-05 0.191809 0.479037 9.9973E-05 0.0916429 0.0651962 0.172015
0.0182628 0.0176416 0.260112 0.548476 9.9991E-05 0.0944422 0.0532291 0.00773607
0.00804743 0.0233126 0.378 0.548161 9.9973E-05 9.9973E-05 9.9973E-05 0.0421789
9.9973E-05 0.00909629 0.106936 0.215163 9.9973E-05 0.0536259 0.614878 9.9973E-05
9.9973E-05 0.040393 0.595066 0.273526 0.0643045 9.9973E-05 9.9973E-05 0.0264104
9.9964E-05 9.9964E-05 0.249794 0.546418 9.9964E-05 0.108776 0.0946118 9.9964E-05
9.9973E-05 0.0198138 0.192103 0.716335 9.9973E-05 0.00771943 9.9973E-05 0.0637294
9.9973E-05 9.9973E-05 0.00504199 0.45149 9.9973E-05 0.0988416 0.0248982 0.419429
0.0243211 9.9982E-05 0.071654 0.55288 9.9982E-05 0.0799604 0.0564084 0.214577
9.9964E-05 9.9964E-05 0.657569 0.142769 9.9964E-05 0.0199012 0.179362 9.9964E-05
0.0183894 9.9982E-05 9.9982E-05 0.586759 0.0262828 0.0242647 0.00268918 0.341415
0.0407836 0.0770298 0.227174 0.560994 9.9982E-05 0.0867832 9.9982E-05 0.00703499
0.0537701 9.9982E-05 0.116073 0.53347 0.0136465 0.127176 9.9982E-05 0.155664
9.9964E-05 0.091538 0.56189 0.327797 0.0183756 9.9964E-05 9.9964E-05 9.9964E-05
0.00631308 0.00553148 0.298544 0.567298 9.9982E-05 0.100644 0.0214683 9.9982E-05
0.011118 0.0537585 0.131688 0.600969 0.0320654 0.0868839 0.0405992 0.0429182
9.9973E-05 0.0880437 0.67852 9.9973E-05 0.117046 9.9973E-05 0.0273676 0.0887229
9.9973E-05 0.0255136 0.121 0.197937 9.9973E-05 9.9973E-05 0.562246 0.0930031
0.0129749 0.155034 0.158194 0.153888 0.155289 9.9991E-05 0.254958 0.109562
0.049202 0.0219643 0.0828937 0.569109 0.0867648 0.070415 0.116425 0.00322605
0.00109725 0.0038455 0.0126971 0.613601 0.112098 0.0428007 0.0947599 0.119101
9.9991E-05 0.0435497 0.0625493 0.616174 0.113603 0.0270431 0.0969532 0.0400279
9.9982E-05 9.9982E-05 0.0960955 0.223224 0.0449209 0.101421 0.472402 0.0617365
9.9982E-05 0.00496221 0.0298165 0.584331 0.0362687 9.9982E-05 0.302554 0.0418674
0.0502476 0.0103062 0.085978 0.569312 0.00333874 0.0653188 0.181696 0.0338026
0.0454047 0.0652047 0.112752 0.400873 0.0318192 0.0906865 0.232962 0.0202979
0.010603 9.9991E-05 0.0977631 0.140229 0.0232797 0.151896 0.453979 0.12215
0.0179597 0.0191862 0.108966 0.571832 0.0186395 0.0997306 0.11572 0.0479657
0.0059333 0.0575481 0.0895355 0.502778 0.0414405 0.0503141 0.252351 9.9991E-05
9.999E-05 0.0241795 0.145417 0.08755 0.0154174 0.0550524 0.538347 0.133937
9.9973E-05 0.0552334 0.102851 0.443962 0.0160802 9.9973E-05 0.381573 9.9973E-05
0.028167 0.134667 0.0725224 0.570359 0.032764 0.0635568 0.0978633 9.9991E-05
9.9991E-05 0.0290116 0.0447318 0.609947 0.0151415 0.0739681 0.142301 0.0847994
0.0603779 9.9991E-05 0.157032 0.264833 0.00247375 0.0409794 0.395095 0.0791099
0.00856794 9.9991E-05 0.0897649 0.527214 0.121044 0.0118407 0.229165 0.012303
0.055197 0.0872216 0.064023 0.506489 0.0283451 0.0259363 0.205013 0.027775
9.9991E-05 0.00960742 0.105212 0.247665 0.0305839 0.0104498 0.496725 0.099657
9.9964E-05 9.9964E-05 0.472699 0.502576 9.9964E-05 0.0053812 0.0189437 9.9964E-05
0.0183271 9.9973E-05 0.678664 0.202507 9.9973E-05 0.0243891 0.0758121 9.9973E-05
0.0162978 9.9982E-05 0.280732 0.512206 0.0441491 0.0881175 0.0582971 9.9982E-05
0.00953033 0.0643168 0.8946 9.9964E-05 0.0311533 9.9964E-05 9.9964E-05 9.9964E-05
9.9955E-05 0.0858623 0.869481 9.9955E-05 9.9955E-05 9.9955E-05 9.9955E-05 0.0441574
9.9964E-05 0.0277581 0.708343 0.249768 0.0137309 9.9964E-05 9.9964E-05 9.9964E-05
9.9964E-05 9.9964E-05 0.399724 0.469198 9.9964E-05 0.0227948 0.107883 9.9964E-05
0.000324878 0.0557739 0.112174 0.574143 0.0361306 0.0916549 0.0951297 0.0346694
9.9964E-05 9.9964E-05 0.451548 0.504718 0.034832 9.9964E-05 9.9964E-05 0.00850239
9.9964E-05 9.9964E-05 0.613047 0.192375 9.9964E-05 0.033776 0.160402 9.9964E-05
9.9973E-05 9.9973E-05 0.524704 0.278669 9.9973E-05 0.0115502 0.17442 0.0103579
0.0708 9.9982E-05 0.31935 0.497353 9.9982E-05 0.0764508 0.0162714 0.0195745
0.0129181 9.9973E-05 0.537454 0.355762 9.9973E-05 0.0480727 0.0454934 9.9973E-05
9.9964E-05 9.9964E-05 0.420627 0.453313 9.9964E-05 0.0119447 0.113715 9.9964E-05
9.9973E-05 0.0525129 0.451517 0.46256 0.0237123 9.9973E-05 9.9973E-05 0.00939798
9.9964E-05 0.171667 0.681364 9.9964E-05 0.12765 9.9964E-05 9.9964E-05 0.0189186
9.9982E-05 0.0336911 0.283827 0.604252 0.0328209 0.0447817 9.9982E-05 0.000427303
9.9973E-05 9.9973E-05 0.00191306 0.076616 0.0247257 0.845147 0.0512978 9.9973E-05
9.9955E-05 9.9955E-05 9.9955E-05 0.0656501 0.0107358 0.923114 9.9955E-05 9.9955E-05
0.0256382 9.9964E-05 9.9964E-05 0.112363 0.00355518 0.858044 9.9964E-05 9.9964E-05
0.0485771 9.9964E-05 9.9964E-05 0.0132169 0.0226809 0.915125 9.9964E-05 9.9964E-05
0.0363694 0.00932179 9.9964E-05 9.9964E-05 9.9964E-05 0.941518 9.9964E-05 0.0123914
0.0383214 0.0291705 9.9964E-05 0.0705403 9.9964E-05 0.861568 9.9964E-05 9.9964E-05
9.9946E-05 9.9946E-05 9.9946E-05 0.061948 9.9946E-05 0.937452 9.9946E-05 9.9946E-05
0.0499908 0.0279366 0.206542 0.562183 0.021334 0.0949881 0.0369249 9.9991E-05
0.0469035 0.0206076 0.15274 0.534133 0.0704433 0.0755371 0.0995348 9.9991E-05
9.9973E-05 0.0174773 0.673759 0.0456478 9.9973E-05 0.0503989 0.212417 9.9973E-05
9.9982E-05 0.0671884 0.158769 0.617815 9.9982E-05 0.0468355 0.10743 0.00176248
9.9964E-05 9.9964E-05 0.454707 0.39432 9.9964E-05 0.0386843 0.111888 9.9964E-05
0.0199437 9.99743E-05 0.37087 0.503401 9.99743E-05 0.0893253 0.01616 9.99743E-05
9.9982E-05 0.0329022 0.247719 0.567343 0.0201875 0.0621295 9.9982E-05 0.0695192
0.0349239 0.0524007 0.401532 0.467298 9.9982E-05 0.0321673 0.0114787 9.9982E-05
9.9964E-05 9.9964E-05 0.692224 0.0280239 9.9964E-05 0.0474742 0.231878 9.9964E-05
0.0103279 9.9991E-05 0.226377 0.504678 0.0390629 0.0993337 0.0803924 0.0397281
9.9982E-05 9.9982E-05 0.104893 0.67797 0.039799 0.0659699 0.0601774 0.0509905
0.0418842 0.0614351 0.136164 0.549238 0.0356587 0.0679346 0.0646606 0.0430252
9.9991E-05 0.0630423 0.520075 0.261245 0.0716612 0.00783921 0.019921 0.0561166
0.00864373 0.0827686 0.412561 0.495626 9.9964E-05 9.9964E-05 9.9964E-05 9.9964E-05
9.9973E-05 9.9973E-05 0.386769 0.459448 0.00394562 0.00157523 0.147962 9.9973E-05
0.00525826 0.0866922 0.539418 0.364023 9.9973E-05 9.9973E-05 9.9973E-05 0.00430834
9.9973E-05 0.0241157 0.376726 0.422746 9.9973E-05 0.0607313 0.115381 9.9973E-05
0.00812466 0.0231406 0.201382 0.572489 0.0654512 0.0553925 0.0739192 9.9991E-05
9.9973E-05 0.177538 0.0125318 0.314983 0.138779 9.9973E-05 0.355869 9.9973E-05
9.9982E-05 9.9982E-05 0.0287068 0.400858 0.0142565 0.0770735 0.329618 0.149288
0.0704927 9.9991E-05 0.010575 0.528697 0.0116081 0.133457 0.154475 0.0905948
0.0176695 0.044335 0.103095 0.560132 0.0139003 0.119822 0.124693 0.0163531
9.9982E-05 9.9982E-05 0.0185482 0.503271 0.0235537 0.0131874 0.390219 0.0510207
0.0121374 0.0350142 0.0217124 0.5958 0.00690301 0.0742253 0.21246 0.0417482
9.9982E-05 0.00760393 0.0129069 0.508223 9.9982E-05 0.052397 0.396473 0.0221968
0.00972959 0.0570732 0.0597126 0.53809 0.0960573 0.040165 0.155927 0.0432462
0.00993058 0.0616564 0.00260033 0.652421 0.0304979 0.0553234 0.18747 9.9991E-05
9.9991E-05 0.0496855 0.00848954 0.573413 0.0097941 0.0527897 0.247848 0.0578801
9.9982E-05 0.000949295 0.0502916 0.594166 9.9982E-05 0.00805864 0.276044 0.0702903
0.0444771 0.0689384 9.9991E-05 0.576072 0.022257 0.0449124 0.226902 0.0163401
9.9982E-05 0.0634055 9.9982E-05 0.623813 0.134529 0.0516164 0.122832 0.00360498
0.0288044 0.0897855 0.0756213 0.586771 0.0390675 0.00323994 0.17661 9.9991E-05
0.0456783 0.0740283 9.9991E-05 0.600298 0.0325423 0.0506247 0.110732 0.0859958
0.0421673 0.132954 9.9973E-05 0.587151 0.0428183 9.9973E-05 0.19461 9.9973E-05
9.9982E-05 0.108595 0.0615482 0.358613 0.203539 9.9982E-05 0.254294 0.0132101
0.012429 0.0558764 0.0744979 0.617534 0.0485019 0.0747818 0.116279 9.9991E-05
0.000753085 0.0827536 9.9991E-05 0.664472 0.048519 0.0159501 0.133383 0.0540692
0.00797661 0.0262691 0.0961293 0.241448 0.0563992 9.9982E-05 0.571578 9.9982E-05
9.9982E-05 0.242191 0.0973117 0.153699 0.173988 9.9982E-05 0.318075 0.014536
0.0692633 0.0346595 0.093786 0.460668 9.9991E-05 0.0422075 0.237503 0.0618127
9.9982E-05 0.304044 0.140089 0.0723103 0.106315 9.9982E-05 0.306091 0.0709513
9.9982E-05 0.0239005 0.0450971 0.342731 0.0171963 9.9982E-05 0.514788 0.0560871
9.9964E-05 0.0406189 0.0820501 0.446141 9.9964E-05 9.9964E-05 0.43079 9.9964E-05
9.9973E-05 0.0368678 0.115422 0.36455 0.0362896 9.9973E-05 0.446571 9.9973E-05
0.000742544 0.0610049 0.0577273 0.343405 9.9982E-05 9.9982E-05 0.477634 0.0592865
9.9991E-05 0.0302174 0.0582045 0.599554 0.0442824 0.0528938 0.190773 0.0239753
0.0365132 0.088169 0.0394348 0.576263 0.0421108 0.0725178 0.144892 9.99976E-05
9.9982E-05 0.0165434 0.112339 0.586799 0.0656237 0.0153986 0.203097 9.9982E-05
9.9982E-05 0.193091 0.0888732 0.188545 0.0972508 9.9982E-05 0.389225 0.0428146
0.0434007 0.0489621 0.0929951 0.471919 0.017191 0.123043 0.0832661 0.119223
9.9991E-05 0.0890819 0.0849715 0.491595 0.125102 0.0414181 0.0374136 0.130318
9.9982E-05 0.131361 0.101255 9.9982E-05 0.267238 0.000430634 0.0776056 0.42191
0.0467058 0.0112284 0.0607892 0.610892 0.0398029 0.0450413 0.0158455 0.169695
0.0246723 0.132284 0.158958 0.269483 0.0886358 0.0759047 0.0367647 0.213297
0.0429248 0.0667963 9.9991E-05 0.54846 0.0430573 0.0818958 0.062603 0.154162
9.9991E-05 0.0790616 0.062832 0.21823 0.147506 0.0110233 0.134306 0.346942
9.9982E-05 0.143514 0.0989101 0.0285225 0.187913 9.9982E-05 0.141221 0.399719
0.00777924 0.0758655 0.0901496 0.355694 0.107713 0.0119454 0.0855058 0.265348
0.0372916 0.0599149 0.0404891 0.470837 0.0680105 0.0609245 0.105837 0.156696
9.9991E-05 0.0135431 0.0361769 0.47717 0.113943 0.102235 0.103387 0.153446
0.0230166 0.170024 0.1971 0.112302 0.215513 9.9991E-05 0.0877458 0.194199
0.0494703 0.127034 0.0650942 0.508749 0.0118021 0.0918028 0.0946043 0.051443
9.9982E-05 0.145413 0.0989559 0.254273 0.0914728 9.9982E-05 0.0870399 0.322645
9.9982E-05 0.0550907 0.148011 0.396523 0.096009 9.9982E-05 0.0721074 0.232059
0.0310699 0.0419269 0.0420837 0.565608 0.00236541 0.0867936 0.0681274 0.162025
0.210593 9.9982E-05 9.9982E-05 0.145867 0.152324 0.326355 0.00916648 0.155494
0.0788262 9.9964E-05 9.9964E-05 9.9964E-05 0.482898 0.340196 9.9964E-05 0.0976807
0.0799651 0.00318874 9.9973E-05 9.9973E-05 0.481026 0.308432 9.9973E-05 0.127089
0.211632 9.9982E-05 9.9982E-05 0.0957796 0.223263 0.265826 0.0393814 0.163918
9.9964E-05 0.0480592 0.0982243 0.571784 9.9964E-05 9.9964E-05 9.9964E-05 0.281533
0.00667819 0.0655702 0.067726 0.596921 0.0755021 0.0329718 0.0736313 0.0809998
0.628339 9.9955E-05 9.9955E-05 0.341359 9.9955E-05 9.9955E-05 0.0298019 9.9955E-05
0.421325 9.9973E-05 0.013137 0.403039 9.9973E-05 0.0759637 0.0862353 9.9973E-05
0.412949 0.077314 0.00591021 0.349646 9.9991E-05 0.0941627 0.0586419 0.00127705
0.0178297 0.209503 0.036147 0.190889 0.0445972 9.9991E-05 0.00231434 0.498619
0.0484299 0.0598936 0.0996926 0.442928 0.0570648 0.0752736 0.0573749 0.159343
9.9973E-05 0.144715 9.9973E-05 0.172455 0.0311422 9.9973E-05 0.0701175 0.581271
9.9982E-05 0.104997 0.00491096 0.546456 0.0306818 0.0346247 9.9982E-05 0.278129
9.9991E-05 0.143173 0.042703 0.448071 0.0539491 0.0221688 0.0350592 0.254776
9.9964E-05 0.0651384 9.9964E-05 0.521028 0.0252297 9.9964E-05 9.9964E-05 0.388204
9.9973E-05 0.149688 0.0884061 0.114022 0.0807885 9.9973E-05 9.9973E-05 0.566795
0.0125593 0.0511223 0.0284342 0.627292 9.9982E-05 0.0566264 9.9982E-05 0.223766
0.0138133 0.0592178 0.0226513 0.575297 0.0696001 0.0693061 9.9991E-05 0.190015
0.969256 9.9955E-05 9.9955E-05 0.00323521 9.9955E-05 9.9955E-05 9.9955E-05 0.027009
0.905351 0.0419807 0.00292377 0.04013 9.9973E-05 9.9973E-05 0.00931454 9.9973E-05
0.556402 0.0275434 0.0348697 0.283885 9.9982E-05 0.0669802 0.0301202 9.9982E-05
0.603722 9.9955E-05 9.9955E-05 0.367202 9.9955E-05 9.9955E-05 0.0285763 9.9955E-05
0.830122 9.9964E-05 0.00786458 0.128781 9.9964E-05 9.9964E-05 0.0328322 9.9964E-05
0.9993 9.994E-05 9.994E-05 9.994E-05 9.994E-05 9.994E-05 9.994E-05 9.994E-05
0.959478 9.9946E-05 9.9946E-05 9.9946E-05 9.9946E-05 9.9946E-05 0.0399227 9.9946E-05
0.842978 0.00403116 9.9964E-05 0.148509 9.9964E-05 9.9964E-05 0.00408162 9.9964E-05
0.929504 9.9955E-05 9.9955E-05 9.9955E-05 9.9955E-05 0.0167694 0.0532273 9.9955E-05
0.9993 9.994E-05 9.994E-05 9.994E-05 9.994E-05 9.994E-05 9.994E-05 9.994E-05
0.9993 9.994E-05 9.994E-05 9.994E-05 9.994E-05 9.994E-05 9.994E-05 9.994E-05
0.751636 9.9964E-05 9.9964E-05 0.214999 9.9964E-05 0.0264582 9.9964E-05 0.00650627
0.767928 9.9964E-05 9.9964E-05 0.136354 0.0395331 9.9964E-05 0.0557849 9.9964E-05
0.9993 9.994E-05 9.994E-05 9.994E-05 9.994E-05 9.994E-05 9.994E-05 9.994E-05
0.348702 9.9991E-05 0.0926222 0.373836 0.0392689 0.0723948 0.0399902 0.0330863
0.643423 0.0266066 9.9991E-05 0.251626 0.00247469 0.0367405 0.0341514 0.00487724
0.783636 9.9955E-05 9.9955E-05 0.181485 9.9955E-05 0.0343795 9.9955E-05 9.9955E-05
0.922208 9.9973E-05 0.00215662 0.0344547 9.9973E-05 9.9973E-05 0.0211359 0.0197445
0.9993 9.994E-05 9.994E-05 9.994E-05 9.994E-05 9.994E-05 9.994E-05 9.994E-05
0.946675 9.9964E-05 9.9964E-05 0.00884826 0.0344282 0.0096488 9.9964E-05 9.9964E-05
0.9993 9.994E-05 9.994E-05 9.994E-05 9.994E-05 9.994E-05 9.994E-05 9.994E-05
0.616484 0.00594362 0.0402442 0.212658 9.9991E-05 0.0557236 0.000458306 0.0683888
0.957302 0.0123171 9.9973E-05 0.00728054 0.00441641 0.0183844 9.9973E-05 9.9973E-05
0.0203654 0.0544476 9.9973E-05 9.9973E-05 0.209316 0.200722 9.9973E-05 0.514849
0.115381 0.0218149 9.9991E-05 0.280208 0.0659816 0.140136 0.0490358 0.327343
0.0199325 0.0423589 9.9991E-05 0.426872 0.0792535 0.146716 0.0163502 0.268416
0.111704 0.0279674 9.9982E-05 0.116843 0.138866 0.101479 9.9982E-05 0.50294
0.0714448 0.0220522 0.110843 0.407207 0.116392 0.100294 0.029505 0.142262
0.124725 0.0477022 9.9982E-05 0.040729 0.134233 0.160982 9.9982E-05 0.491428
0.0867113 0.0498965 0.00608289 0.407973 0.107505 0.113207 0.0752182 0.153406
0.132103 0.00897717 9.9982E-05 0.255944 0.101814 0.0960413 9.9982E-05 0.40492
0.109581 0.0344083 9.9982E-05 0.442666 0.0695313 0.130678 9.9982E-05 0.212936
0.118418 9.9982E-05 0.00750706 0.290524 0.0907446 0.156242 9.9982E-05 0.336365
0.133098 0.0360623 0.00897935 0.374714 0.0809066 0.0933798 0.0673604 0.2055
9.9964E-05 9.9964E-05 9.9964E-05 0.0613775 0.0234718 0.874422 9.9964E-05 0.0403291
0.0713267 9.9964E-05 0.0393105 9.9964E-05 0.026597 0.862366 9.9964E-05 9.9964E-05
9.9964E-05 9.9964E-05 9.9964E-05 0.00288201 0.0317357 0.943399 0.0215838 9.9964E-05
9.9955E-05 9.9955E-05 9.9955E-05 9.9955E-05 0.0754295 0.916467 0.00760383 9.9955E-05
9.9964E-05 9.9964E-05 9.9964E-05 0.0733634 0.0327094 0.887773 0.00575453 9.9964E-05
9.9955E-05 9.9955E-05 9.9955E-05 0.0126783 0.0328261 0.953996 9.9955E-05 9.9955E-05
0.0100728 9.9973E-05 9.9973E-05 0.0573562 0.00324092 0.928188 0.000841869 9.9973E-05
9.9955E-05 9.9955E-05 9.9955E-05 9.9955E-05 0.0555595 0.89199 0.0519506 9.9955E-05
0.0225737 9.9991E-05 0.0294433 0.0121281 0.0112776 0.908557 0.00195913 0.0139615
0.00302181 9.9982E-05 9.9982E-05 0.0258721 0.098271 0.860947 0.00271547 0.00897311
9.9973E-05 9.9973E-05 0.0503208 9.9973E-05 0.00411523 0.581154 0.260198 0.103912
9.9973E-05 0.0028979 0.0325813 9.9973E-05 9.9973E-05 0.616371 0.325211 0.0226386
9.9982E-05 0.00313815 0.0610759 9.9982E-05 0.0236686 0.529954 0.29681 0.0851536
9.9964E-05 9.9964E-05 0.0111424 9.9964E-05 9.9964E-05 0.447434 0.392556 0.148468
0.000572716 9.9973E-05 0.299285 0.50061 9.9973E-05 0.0559103 0.143322 9.9973E-05
0.0214098 0.0307069 0.330262 0.474552 9.9982E-05 0.0762786 0.0665908 9.9982E-05
9.9973E-05 0.0159067 0.173335 0.536911 9.9973E-05 0.0567833 0.216764 9.9973E-05
9.9973E-05 9.9973E-05 0.277372 0.388414 0.00506906 0.00330981 0.325536 9.9973E-05
9.9982E-05 0.0435685 0.0744579 0.219615 0.015823 9.9982E-05 0.609521 0.0368143
9.9982E-05 0.0508049 0.16482 0.638261 0.0547305 0.020222 0.070962 9.9982E-05
0.00387297 0.0161389 0.272618 0.591198 9.9982E-05 9.9982E-05 0.10217 0.0138023
9.9982E-05 0.0999664 0.278002 0.529352 0.00943729 9.9982E-05 0.0366474 0.0463952
9.9964E-05 0.0699979 0.528287 0.392523 0.00879262 9.9964E-05 9.9964E-05 9.9964E-05
9.9982E-05 0.0610938 0.116392 0.633672 0.0765061 0.0574587 0.0546767 9.9982E-05
9.9964E-05 9.9964E-05 0.478418 0.427202 9.9964E-05 0.00558059 0.0883997 9.9964E-05
9.9946E-05 0.199445 0.799955 9.9946E-05 9.9946E-05 9.9946E-05 9.9946E-05 9.9946E-05
9.9982E-05 0.000211121 0.121048 0.604476 0.0296525 0.0488314 0.195581 9.9982E-05
9.9973E-05 0.136645 0.650196 0.135356 0.0332025 9.9973E-05 9.9973E-05 0.0443007
0.00948164 0.0768341 0.355301 0.514847 9.9991E-05 0.0117545 0.0281362 0.00354526
9.9964E-05 9.9964E-05 0.6419 0.1632 9.9964E-05 0.0125746 0.181926 9.9964E-05
9.9955E-05 9.9955E-05 9.9955E-05 9.9955E-05 9.9955E-05 0.139745 0.73978 0.119976
9.9964E-05 9.9964E-05 9.9964E-05 0.0548089 9.9964E-05 0.0866567 0.69214 0.165994
9.9973E-05 9.9973E-05 0.00123985 0.028516 9.9973E-05 0.0969073 0.720992 0.152045
9.9955E-05 9.9955E-05 9.9955E-05 9.9955E-05 9.9955E-05 0.108649 0.761604 0.129247
0.00145011 0.00197634 9.9982E-05 0.120778 9.9982E-05 0.0389737 0.687577 0.149045
0.0430391 9.9973E-05 9.9973E-05 0.056419 9.9973E-05 0.0565153 0.690566 0.153161
0.0739685 0.00429208 0.0487206 0.00949243 9.9982E-05 0.862556 0.000770565 9.9982E-05
9.9973E-05 9.9973E-05 0.0471868 0.0938784 0.0284322 0.829619 0.000583547 9.9973E-05
0.0301382 0.0103479 0.0331329 0.13578 9.9982E-05 0.770651 9.9982E-05 0.0197505
0.0781798 9.9964E-05 0.0794876 0.00334866 9.9964E-05 0.838584 9.9964E-05 9.9964E-05
0.045627 9.9973E-05 9.9973E-05 0.1388 0.0303296 0.76443 9.9973E-05 0.0205126
9.9955E-05 9.9955E-05 9.9955E-05 9.9955E-05 9.9955E-05 0.383289 0.497802 0.118409
0.00401893 0.0360844 9.9973E-05 9.9973E-05 9.9973E-05 0.437758 0.443412 0.0784265
0.0137885 0.0437264 9.9982E-05 0.00326861 9.9982E-05 0.423011 0.495755 0.0202501
9.9973E-05 0.00189092 0.0116498 0.10908 9.9973E-05 0.86635 0.0107297 9.9973E-05
9.9964E-05 0.0433983 9.9964E-05 9.9964E-05 9.9964E-05 0.393452 0.511127 0.0516225
0.248814 0.0190272 9.9982E-05 0.297971 0.206816 0.18711 9.9982E-05 0.0400617
0.136056 0.00851435 0.000593774 0.589626 0.108448 0.135655 0.0210073 9.9991E-05
0.209648 9.9964E-05 9.9964E-05 0.577305 0.027121 0.185526 9.9964E-05 9.9964E-05
0.231116 0.00478323 0.013545 0.318375 0.144308 0.206634 9.9991E-05 0.081138
0.0678665 0.0077311 0.0352567 0.561273 0.0635811 0.161354 0.0898893 0.0130482
0.24101 0.0237629 9.9973E-05 9.9973E-05 0.334083 0.337072 9.9973E-05 0.063772
9.9982E-05 0.0524041 0.0570572 0.4468 9.9982E-05 0.00945715 0.362261 0.07182
9.9982E-05 0.170793 0.0951713 0.430242 0.0186369 9.9982E-05 0.17181 0.113146
9.9973E-05 9.9973E-05 0.0977892 0.30794 0.0173346 9.9973E-05 0.527587 0.0490488
9.9982E-05 0.216482 0.0825929 0.521734 0.01146 9.9982E-05 0.15493 0.0126017
9.9973E-05 0.378979 0.105675 9.9973E-05 0.0923132 9.9973E-05 0.334027 0.0887068
0.00708912 9.9991E-05 0.0190625 0.587653 0.0158801 0.0819013 0.156393 0.131921
0.00451765 0.140289 0.0187521 0.571751 0.0537205 9.9991E-05 0.146747 0.0641222
9.9991E-05 0.0400032 0.0496231 0.354675 0.0206177 0.0213142 0.431182 0.0824852
0.0112768 0.0295576 0.110793 0.511679 0.034524 0.0791567 0.19385 0.0291626
9.9982E-05 0.196671 0.187943 0.101784 0.100138 9.9982E-05 0.266711 0.146553
9.9991E-05 0.104268 0.0443713 0.54444 0.0411585 0.0151157 0.180619 0.0699277
9.9982E-05 0.0753313 0.0810894 0.511759 0.00814202 9.9982E-05 0.311067 0.0124117
0.119402 0.0679478 0.0633658 0.387228 0.150231 0.0661315 0.120203 0.0254904
9.9973E-05 0.153504 0.143267 0.331492 0.132653 9.9973E-05 0.238785 9.9973E-05
9.9982E-05 0.114213 0.124207 0.416573 0.0990872 9.9982E-05 0.211657 0.0340633
9.9991E-05 0.140965 0.0824995 0.596656 0.0302885 0.00877523 0.12397 0.0167458
9.9982E-05 0.0663769 0.0964851 0.54155 0.0584158 9.9982E-05 0.1648 0.0721723
0.0261298 0.113643 0.0246455 0.652372 0.0410926 0.00509519 0.133853 0.00316809
0.00416995 0.0241412 0.0845078 0.600561 0.0517896 0.0670225 0.11406 0.0537484
0.0138747 0.0258504 0.101248 0.562768 0.0177073 0.076712 0.201739 9.9991E-05
0.0317841 9.9955E-05 9.9955E-05 0.124697 9.9955E-05 0.843019 9.9955E-05 9.9955E-05
9.9955E-05 0.00820465 9.9955E-05 0.11782 9.9955E-05 0.873476 9.9955E-05 9.9955E-05
9.9973E-05 0.00940111 0.0319674 0.0309149 9.9973E-05 0.870097 9.9973E-05 0.05732
0.0664013 0.00942277 0.000695736 0.0287984 9.9973E-05 0.894382 9.9973E-05 9.9973E-05
9.9955E-05 9.9955E-05 9.9955E-05 0.0923157 9.9955E-05 0.900538 9.9955E-05 0.00664681
0.0246198 9.9991E-05 0.0975306 0.171451 0.0584046 0.000844012 0.57271 0.0743398
0.0300815 0.0964112 0.0497541 0.542951 0.0758974 0.0100327 0.194772 9.9991E-05
0.217943 0.0519972 0.0368195 0.37197 0.0536875 0.182944 9.9991E-05 0.0845389
0.00484135 0.00484344 0.0435874 0.686723 0.0480291 0.00483848 0.207038 9.9991E-05
9.9964E-05 9.9964E-05 0.0586793 0.546603 0.0750537 9.9964E-05 0.319264 9.9964E-05
9.9982E-05 0.198128 0.0678582 0.289992 0.134889 9.9982E-05 0.304534 0.00439986
9.9982E-05 0.00260061 0.0996584 0.0349031 0.0593256 0.0537043 0.749608 9.9982E-05
9.9982E-05 9.9982E-05 0.0373467 0.473292 0.0188078 0.0537959 0.354812 0.0617461
0.0563017 0.0227972 0.0226659 0.237146 9.9991E-05 0.0289203 0.608864 0.0232046
0.00277841 0.142058 0.118759 0.415957 0.0424855 0.030385 0.177274 0.070303
9.9982E-05 0.0534621 9.9982E-05 0.194848 0.0306532 0.0527211 0.61683 0.0512861
0.052802 0.0417262 0.000281191 0.553193 0.0273673 0.0564969 0.268033 9.9991E-05
9.9991E-05 0.00182411 0.0978698 0.200855 0.0499644 0.0444289 0.552433 0.0525247
0.068549 0.170758 0.0780904 0.280301 0.0722292 9.9991E-05 0.273014 0.056959
0.0105559 0.110464 0.0288565 0.521114 9.9991E-05 0.0686128 0.0494339 0.210864
9.9982E-05 0.121919 0.049597 0.222688 0.00656954 9.9982E-05 0.063874 0.535152
9.9982E-05 0.021763 0.0513681 0.484788 9.9982E-05 0.0120949 0.0256755 0.40411
9.9991E-05 0.0132322 0.0647491 0.518067 0.0729448 0.110094 0.0540937 0.166719
9.9973E-05 0.0664659 0.0703907 0.177018 0.0492916 9.9973E-05 9.9973E-05 0.636534
0.0284904 0.0817179 0.0869276 0.484168 9.9991E-05 0.114989 0.0717068 0.1319
9.9982E-05 0.0815309 0.0614722 0.435211 9.9982E-05 0.0404207 0.0827655 0.2984
9.9973E-05 0.236209 0.117957 0.0561039 0.0235324 9.9973E-05 9.9973E-05 0.565898
9.9982E-05 0.109279 0.0540589 0.075289 0.031625 9.9982E-05 0.0212737 0.708275
9.9973E-05 0.0651549 9.9973E-05 0.425292 0.0206756 9.9973E-05 0.0911961 0.397381
9.9973E-05 0.135468 0.186072 9.9973E-05 0.00203996 9.9973E-05 0.0134594 0.662661
9.9973E-05 0.0208008 0.0442165 0.381593 9.9973E-05 9.9973E-05 0.12905 0.42404
9.9973E-05 0.0364629 0.0814081 0.184966 0.0188664 9.9973E-05 0.677996 9.9973E-05
0.0414405 0.221443 0.087988 0.210886 0.12324 9.9982E-05 0.314802 9.9982E-05
0.0608991 0.0104982 9.9982E-05 0.433111 0.0218787 0.0263141 0.447098 9.9982E-05
0.0537931 0.0664069 0.0661663 0.541568 0.0306674 0.00418894 0.23711 9.9991E-05
0.0291502 0.0188864 0.15579 0.210574 0.013114 9.9982E-05 0.572286 9.9982E-05
0.0430891 0.114667 0.0584791 0.525125 0.0919458 0.020532 0.140491 0.0056711
0.0105083 0.025937 0.0227961 0.605925 0.0587262 9.9991E-05 0.255077 0.0209305
0.0373553 0.0841203 0.124984 0.52625 0.0408186 0.0147044 0.171667 9.9991E-05
0.0318778 0.0472702 0.0693826 0.538893 0.0438226 9.9982E-05 0.268554 9.9982E-05
0.0143199 0.00266406 0.0494396 0.528845 9.9982E-05 0.0167871 0.387745 9.9982E-05
9.9973E-05 0.0197078 0.105663 0.330075 0.0404129 9.9973E-05 0.503841 9.9973E-05
0.00853413 0.0443318 0.0374127 0.451587 0.00673264 9.9982E-05 0.451202 9.9982E-05
9.9982E-05 0.0587344 0.0140065 0.640754 0.0511692 9.9982E-05 0.207972 0.0271642
0.0457678 0.0595356 0.0718325 0.591142 0.0554575 0.0298721 0.10206 0.0443333
0.071194 0.0977118 0.109146 0.316841 0.134138 9.9982E-05 0.270769 9.9982E-05
0.0774813 0.105929 0.0531281 0.456415 0.0653439 9.9982E-05 0.241503 9.9982E-05
0.0559911 0.0116722 0.0349593 0.392884 0.0156153 0.00501356 0.483764 9.9991E-05
0.0476376 0.0196853 0.0327081 0.542324 0.0587569 0.00893184 0.289856 9.9991E-05
0.0933134 0.0618585 0.065997 0.454255 9.9982E-05 0.0217221 0.302654 9.9982E-05
0.0407004 0.0525096 0.0719207 0.53947 9.9991E-05 0.118868 0.138297 0.0381346
0.0852187 9.9982E-05 9.9982E-05 0.468019 0.0633322 0.311661 0.0233915 0.0481772
0.0802158 0.0124807 0.0422003 0.618756 0.119041 0.105782 0.014586 0.00693731
0.127048 0.0469909 0.000227847 0.454572 0.0263818 0.154369 0.107701 0.0827103
0.112614 0.101848 9.9991E-05 0.528136 0.0913022 0.0803068 0.0238729 0.06182
0.102076 0.0166656 0.0141478 0.506784 0.18735 0.159711 9.9991E-05 0.0131658
9.9982E-05 0.211378 0.00888593 0.495765 0.0392579 9.9982E-05 0.183783 0.0607301
0.131164 0.043049 0.034378 0.505516 0.0978809 0.10838 0.0394073 0.0402247
0.148308 0.0867419 0.0979907 0.0420006 0.286228 0.128682 0.0994303 0.110619
0.0886331 9.9982E-05 9.9982E-05 0.611112 0.109177 0.077489 0.0550238 0.0583656
0.0930357 0.0614808 0.0208043 0.563459 0.115284 0.114649 0.0311872 9.9991E-05
0.0836928 0.0350827 0.0342432 0.553414 0.0739621 0.101754 0.0747164 0.0431347
0.059491 0.0937765 0.0498566 0.339149 0.211237 0.112491 0.0605966 0.0734025
0.078487 9.9982E-05 9.9982E-05 0.564724 0.116435 0.179981 0.0473227 0.0128498
0.12142 0.0726282 9.9991E-05 0.512035 0.099513 0.0922523 0.0702341 0.0318178
0.0605258 0.00186021 0.0337462 9.9982E-05 0.539379 0.324884 9.9982E-05 0.0394053
0.12519 0.0132856 9.9982E-05 0.553065 0.097662 0.141118 0.0694802 9.9982E-05
0.111284 0.0357741 9.9982E-05 0.601989 0.13457 0.0930862 9.9982E-05 0.0230966
0.0360251 0.0318728 0.0537302 0.645858 0.100517 0.070871 0.0264379 0.0346878
0.165067 0.0133431 9.9982E-05 0.550639 0.147947 0.111244 9.9982E-05 0.0115603
0.0684292 0.00136184 0.027457 0.50882 9.9991E-05 0.22471 0.0131398 0.155982
9.9964E-05 0.479022 0.0519251 0.404814 9.9964E-05 0.0638385 9.9964E-05 9.9964E-05
0.0196264 0.20163 0.104841 0.484363 9.9991E-05 0.100227 0.0469768 0.042236
9.9955E-05 0.946263 0.00190351 9.9955E-05 9.9955E-05 9.9955E-05 0.0513341 9.9955E-05
9.9964E-05 0.922346 9.9964E-05 9.9964E-05 9.9964E-05 0.00907246 0.050238 0.0179436
0.0249655 0.283 9.9982E-05 0.511307 9.9982E-05 0.0712096 0.017631 0.0916874
0.292474 0.104114 9.9982E-05 0.284271 0.0870348 0.136906 9.9982E-05 0.095001
0.241155 0.222949 9.9973E-05 0.323959 0.0588498 0.152787 9.9973E-05 9.9973E-05
0.265098 0.26371 9.9973E-05 0.187609 0.157314 0.125969 9.9973E-05 9.9973E-05
0.232696 0.176755 9.9973E-05 0.342535 0.128722 0.118992 9.9973E-05 9.9973E-05
0.034632 0.696998 9.9982E-05 0.0485126 0.0819099 0.0754172 9.9982E-05 0.0623309
0.0372582 0.659696 9.9973E-05 0.120474 0.103387 0.0788856 9.9973E-05 9.9973E-05
0.0550514 0.355164 9.9982E-05 0.533184 0.00693191 0.00866566 9.9982E-05 0.0408029
0.0807957 0.47275 9.9964E-05 0.377058 9.9964E-05 0.0689965 9.9964E-05 9.9964E-05
0.043796 0.714748 9.9973E-05 0.177801 0.0160639 0.0472912 9.9973E-05 9.9973E-05
0.0342186 0.239946 9.9991E-05 0.563416 0.0173077 0.0482344 0.0240167 0.0727612
0.0516985 0.371792 9.9964E-05 0.543454 9.9964E-05 0.0326547 9.9964E-05 9.9964E-05
0.0748954 0.277449 0.00816516 0.454195 9.9991E-05 0.0677062 0.0368726 0.0806164
9.9964E-05 0.672325 0.0196645 0.300052 9.9964E-05 0.00755865 9.9964E-05 9.9964E-05
9.9973E-05 0.481048 9.9973E-05 0.398056 9.9973E-05 0.041616 0.0510991 0.0278817
9.9982E-05 0.351575 0.0523118 0.510863 0.0126585 0.044435 0.0279568 9.9982E-05
9.9973E-05 0.390739 9.9973E-05 0.456096 9.9973E-05 0.0533688 0.0702838 0.0292128
0.045437 0.262297 0.0534654 0.489196 0.0574148 0.064233 0.0278567 9.9991E-05
9.9982E-05 0.425658 0.0301878 0.460467 0.0158797 9.9982E-05 0.0222737 0.0453349
9.9955E-05 0.800392 9.9955E-05 0.167903 9.9955E-05 9.9955E-05 0.0312051 9.9955E-05
9.9955E-05 0.37542 9.9955E-05 0.606039 9.9955E-05 0.018041 9.9955E-05 9.9955E-05
9.9955E-05 0.787876 9.9955E-05 0.167906 9.9955E-05 9.9955E-05 0.0437174 9.9955E-05
9.9964E-05 0.559985 9.9964E-05 0.400223 9.9964E-05 0.0283403 9.9964E-05 0.0110513
9.9973E-05 0.278441 0.0102715 0.532085 9.9973E-05 0.104128 9.9973E-05 0.0747746
0.0095603 0.384388 0.0358351 0.465216 9.9982E-05 0.054904 0.0498968 9.9982E-05
0.0851124 0.123217 0.00659338 0.513071 0.0132665 0.166829 0.00661111 0.0852992
0.0787454 0.129283 0.0195753 0.485338 0.0378959 0.155277 0.0242568 0.0696291
0.208583 0.0551569 9.9982E-05 0.360314 0.152921 0.135865 9.9982E-05 0.086961
0.235576 0.148131 0.00275807 0.288618 0.0437361 0.177868 0.00981801 0.0934942
0.149807 0.0814822 9.9991E-05 0.464866 0.0569781 0.133404 0.0372633 0.0761001
0.115233 0.165588 0.0288384 0.418249 0.0127733 0.141584 9.9991E-05 0.117634
0.0983255 0.674517 9.9964E-05 9.9964E-05 0.0481072 0.17865 9.9964E-05 9.9964E-05
0.187344 0.143275 9.9982E-05 0.520633 0.046029 0.0548878 9.9982E-05 0.0476317
0.0424809 0.410724 9.9964E-05 9.9964E-05 0.295615 0.250779 9.9964E-05 9.9964E-05
0.128212 0.324744 9.9964E-05 0.461048 9.9964E-05 0.0855958 9.9964E-05 9.9964E-05
9.9946E-05 0.926617 9.9946E-05 0.0727835 9.9946E-05 9.9946E-05 9.9946E-05 9.9946E-05
9.9946E-05 0.951243 0.0481572 9.9946E-05 9.9946E-05 9.9946E-05 9.9946E-05 9.9946E-05
9.9946E-05 0.545964 9.9946E-05 0.453437 9.9946E-05 9.9946E-05 9.9946E-05 9.9946E-05
9.9946E-05 0.408805 9.9946E-05 0.590595 9.9946E-05 9.9946E-05 9.9946E-05 9.9946E-05
9.9946E-05 0.615525 9.9946E-05 0.383875 9.9946E-05 9.9946E-05 9.9946E-05 9.9946E-05
9.9955E-05 0.449612 9.9955E-05 0.545791 9.9955E-05 0.00409725 9.9955E-05 9.9955E-05
9.9946E-05 0.462483 9.9946E-05 0.536917 9.9946E-05 9.9946E-05 9.9946E-05 9.9946E-05
0.0155358 0.0293402 0.0200033 9.9982E-05 0.00713672 0.864735 0.0630491 9.9982E-05
0.0697025 0.0126717 0.0233888 0.0249862 0.0483731 0.745665 0.0477665 0.0274457
0.0345297 0.000266617 9.9973E-05 9.9973E-05 9.9973E-05 0.916333 0.0164638 0.0321073
9.9955E-05 9.9955E-05 9.9955E-05 0.0399784 0.0497835 0.909738 9.9955E-05 9.9955E-05
0.0139894 9.9973E-05 0.355107 0.524867 0.0679926 0.0377436 9.9973E-05 9.9973E-05
0.00227152 9.9982E-05 0.320906 0.534372 0.0245343 0.0275389 0.0901778 9.9982E-05
9.9964E-05 9.9964E-05 0.440266 0.511842 9.9964E-05 0.0296065 0.0178848 9.9964E-05
9.9973E-05 9.9973E-05 0.250176 0.578605 9.9973E-05 0.0797736 0.068979 0.0221672
0.0252682 9.9982E-05 0.136406 0.53648 9.9982E-05 0.0452343 0.0581132 0.198298
9.9964E-05 9.9964E-05 0.569857 0.300783 9.9964E-05 0.0425946 0.0863657 9.9964E-05
9.9955E-05 9.9955E-05 0.331455 0.634812 9.9955E-05 0.0332328 9.9955E-05 9.9955E-05
9.9973E-05 0.11375 0.56349 0.247928 9.9973E-05 0.00048651 9.9973E-05 0.0740452
0.11402 9.9982E-05 9.9982E-05 0.428117 0.027224 0.290014 0.0797219 0.0607034
0.0182948 0.104493 0.380498 0.415467 0.0159966 9.9991E-05 0.00516871 0.0599816
9.9964E-05 9.9964E-05 0.508759 0.358837 9.9964E-05 0.0151362 0.116868 9.9964E-05
9.9973E-05 0.0492987 0.355167 0.525411 9.9973E-05 9.9973E-05 0.0149716 0.0548517
0.0239673 9.9973E-05 0.415057 0.415508 9.9973E-05 0.00449984 0.140668 9.9973E-05
0.00356444 0.0387272 0.379059 0.578249 9.9964E-05 9.9964E-05 9.9964E-05 9.9964E-05
9.9982E-05 0.0418496 0.304418 0.529284 0.00405829 0.0712853 0.0489044 9.9982E-05
0.00647474 0.093284 0.846364 0.000934817 9.9973E-05 9.9973E-05 9.9973E-05 0.0526428
0.00934272 0.0897601 0.524819 0.287734 9.9973E-05 9.9973E-05 9.9973E-05 0.088044
0.0376612 0.0794919 0.551716 0.330731 9.9964E-05 9.9964E-05 9.9964E-05 9.9964E-05
9.9955E-05 0.141263 0.820744 9.9955E-05 0.0374939 9.9955E-05 9.9955E-05 9.9955E-05
9.9973E-05 9.9973E-05 0.417584 0.385216 9.9973E-05 0.0824325 0.110385 0.00408341
9.9973E-05 0.107374 0.624402 0.0459559 0.0165457 9.9973E-05 9.9973E-05 0.205422
9.9955E-05 0.0840717 0.864957 9.9955E-05 0.0504712 9.9955E-05 9.9955E-05 9.9955E-05
9.9973E-05 0.0529859 0.319386 0.572601 0.00339875 0.0513279 9.9973E-05 9.9973E-05
9.9973E-05 9.9973E-05 0.6007 0.214899 9.9973E-05 0.0508051 0.125953 0.00734217
9.9955E-05 9.9955E-05 0.398316 0.502249 9.9955E-05 9.9955E-05 0.0989351 9.9955E-05
0.0209729 0.00713296 0.176697 0.574265 0.0655467 0.102185 9.9991E-05 0.0531005
9.9964E-05 9.9964E-05 0.355089 0.516299 9.9964E-05 0.0282135 0.0999986 9.9964E-05
9.9982E-05 0.176892 0.078651 0.372548 0.0695756 9.9982E-05 0.27421 0.0279225
0.0085065 9.9973E-05 0.333721 0.558695 9.9973E-05 0.0440319 0.054746 9.9973E-05
9.9973E-05 9.9973E-05 0.341327 0.50431 9.9973E-05 0.0402202 0.0943506 0.0194926
9.9964E-05 0.110935 0.54783 0.332262 9.9964E-05 9.9964E-05 9.9964E-05 0.00857282
0.013698 0.0227039 0.267789 0.51336 9.9982E-05 0.0988868 0.0833626 9.9982E-05
9.9973E-05 0.00625104 9.9973E-05 9.9973E-05 0.0175818 0.666088 0.273033 0.0367463
9.9982E-05 0.0163514 0.0521523 9.9982E-05 0.0192472 0.761118 0.138514 0.0124167
9.9955E-05 9.9955E-05 9.9955E-05 9.9955E-05 0.0643899 0.806771 0.12834 9.9955E-05
9.9964E-05 9.9964E-05 9.9964E-05 9.9964E-05 0.0322357 0.825291 0.13534 0.00673316
9.9973E-05 9.9973E-05 0.00797948 0.00604042 9.9973E-05 0.739241 0.14266 0.10378
0.0211095 9.9973E-05 0.670275 0.112078 9.9973E-05 0.0520983 0.144139 9.9973E-05
9.9964E-05 9.9964E-05 0.694721 0.155856 9.9964E-05 0.0297358 0.119288 9.9964E-05
0.000225105 0.041236 0.757968 0.176141 0.0241302 9.9973E-05 9.9973E-05 9.9973E-05
0.029402 0.021986 0.1668 0.534121 0.0590014 0.0997285 0.0601818 0.0287793
0.103138 0.0392362 0.186453 0.495182 9.9982E-05 0.0975353 0.0782554 9.9982E-05
0.0300261 0.0137872 0.634666 0.252413 9.9982E-05 0.0195967 9.9982E-05 0.0493108
0.0528103 0.0357555 0.252858 0.59345 9.9973E-05 9.9973E-05 9.9973E-05 0.0648267
0.0179535 0.0682599 0.402176 0.426227 0.0197828 0.0276969 9.9991E-05 0.0378043
9.9973E-05 0.0205732 0.356435 0.514492 9.9973E-05 0.0721737 0.036026 9.9973E-05
0.0615536 9.9982E-05 0.289849 0.571653 0.0139245 0.060678 0.00214118 9.9982E-05
0.00340996 9.9964E-05 0.598113 0.249344 9.9964E-05 9.9964E-05 0.148734 9.9964E-05
9.9955E-05 9.9955E-05 0.564717 0.303106 9.9955E-05 9.9955E-05 0.131677 9.9955E-05
9.9964E-05 9.9964E-05 0.537651 0.325987 9.9964E-05 0.048836 0.087127 9.9964E-05
9.9964E-05 9.9964E-05 9.9964E-05 0.590287 9.9964E-05 0.0974655 0.0445716 0.267276
9.9964E-05 9.9964E-05 0.499896 0.384432 9.9964E-05 0.0380555 0.0772161 9.9964E-05
0.0103698 9.9973E-05 0.47366 0.386436 9.9973E-05 0.0447538 0.0844807 9.9973E-05
0.318915 0.0193386 9.9991E-05 0.432545 0.0857015 0.0915509 0.0282721 0.0235778
0.404386 0.015824 9.9973E-05 0.367308 0.120419 0.0917627 9.9973E-05 9.9973E-05
0.352801 0.00541205 9.9973E-05 0.462764 0.0970604 0.0816633 9.9973E-05 9.9973E-05
0.445219 9.9964E-05 9.9964E-05 0.315421 0.125922 0.113039 9.9964E-05 9.9964E-05
0.226175 0.0166665 0.00989613 0.487739 0.113079 0.0834734 0.0287426 0.0342288
9.9982E-05 0.0234728 0.194865 0.490147 0.0337352 0.0394731 9.9982E-05 0.218107
0.608607 9.9973E-05 9.9973E-05 0.0405808 0.196223 0.153389 0.00090045 9.9973E-05
0.433932 0.00161152 0.018989 0.291981 0.0913487 0.148513 0.0135251 9.9991E-05
0.163196 9.9982E-05 0.0346976 0.33061 0.0716045 0.12063 9.9982E-05 0.279063
9.9982E-05 9.9982E-05 0.0316252 0.465021 0.00454825 0.132701 0.0383535 0.327551
0.0337597 9.9973E-05 9.9973E-05 0.394961 9.9973E-05 0.107186 0.0488703 0.414923
0.0306584 9.9973E-05 9.9973E-05 0.534662 0.00259532 0.0954343 9.9973E-05 0.33635
0.0275391 9.9973E-05 9.9973E-05 0.585503 9.9973E-05 0.123979 0.0136306 0.249048
0.404137 9.9964E-05 9.9964E-05 0.365183 0.0780389 0.152241 9.9964E-05 9.9964E-05
0.295197 9.9982E-05 0.0114995 0.444859 0.139544 0.0711155 0.0375849 9.9982E-05
0.436225 9.9964E-05 9.9964E-05 0.443423 0.0275273 0.0924246 9.9964E-05 9.9964E-05
0.275372 0.0561994 0.0365863 0.373476 0.0148657 0.115876 0.0575131 0.0701122
0.46966 0.0369479 0.0419047 0.23405 0.0828867 0.116746 0.0177038 9.9991E-05
0.355121 0.0438615 0.0395084 0.387346 9.9991E-05 0.113667 0.0112485 0.0491472
0.481335 0.0322242 9.9973E-05 0.270818 0.133047 0.0822759 9.9973E-05 9.9973E-05
0.292335 0.036 0.0135018 0.440057 0.015423 0.0685933 0.111261 0.0228295
9.9973E-05 9.9973E-05 0.0643714 0.441763 9.9973E-05 0.108882 0.002626 0.382057
0.321707 0.0141433 0.0399187 0.384018 0.059681 0.120682 0.0269123 0.0329376
0.541539 9.9964E-05 9.9964E-05 0.151989 0.167153 0.13892 9.9964E-05 9.9964E-05
0.31798 0.0253299 0.0222559 0.39318 0.0260912 0.108468 0.0766599 0.0300354
9.9964E-05 9.9964E-05 9.9964E-05 0.214522 9.9964E-05 0.124175 0.0691094 0.591794
0.0159615 9.9964E-05 9.9964E-05 0.566896 0.00782545 9.9964E-05 9.9964E-05 0.408917
0.261136 9.9991E-05 0.0357561 0.424609 0.0762881 0.144173 0.055053 0.00288506
9.9964E-05 9.9964E-05 9.9964E-05 0.464712 9.9964E-05 0.107217 0.079498 0.348172
9.9964E-05 9.9964E-05 9.9964E-05 0.450996 9.9964E-05 0.116175 0.0321713 0.400258
0.196265 0.0439538 0.0741411 0.328503 0.145319 0.152569 9.9991E-05 0.0591493
0.229101 0.0498698 9.9982E-05 0.366664 0.0831296 0.195061 9.9982E-05 0.0759749
0.0689553 0.0246424 0.0995394 0.526662 0.0300805 0.106828 9.9991E-05 0.143192
0.290322 0.00388362 0.111117 0.395469 0.0140128 0.163433 0.0027266 0.0190354
0.353212 9.9973E-05 9.9973E-05 0.464088 0.0723238 0.100091 0.00998545 9.9973E-05
0.582278 9.9964E-05 9.9964E-05 0.135183 0.174931 0.107208 9.9964E-05 9.9964E-05
0.0424701 0.041368 0.00591003 0.610435 0.0162339 0.100152 9.9991E-05 0.183332
9.9964E-05 9.9964E-05 9.9964E-05 0.373888 9.9964E-05 0.0988007 0.0105141 0.516398
0.0633087 0.0365539 9.9964E-05 9.9964E-05 0.0446826 9.9964E-05 9.9964E-05 0.855055
0.0126293 9.9982E-05 0.0410502 0.539967 9.9982E-05 0.131892 0.0860151 0.188246
0.00476077 0.0944028 9.9991E-05 0.404155 0.0263974 0.0950762 0.106844 0.268264
0.111912 0.00224379 0.000368374 0.48821 0.230792 0.104432 0.0619417 9.9991E-05
0.0218561 0.0242032 0.0511073 0.526356 0.2751 0.0737529 0.0275246 9.9991E-05
9.9964E-05 9.9964E-05 9.9964E-05 0.0337198 0.868946 0.0569783 0.0399561 9.9964E-05
