9.9973E-05 0.0114452 0.033141 0.0282145 0.926899 9.9973E-05 9.9973E-05
9.9982E-05 0.00378599 0.00716588 0.00502574 0.959714 0.0241084 9.9982E-05
9.9982E-05 0.00926217 0.0580785 9.9982E-05 0.873704 0.0273589 0.0313968
0.00181929 0.0448612 0.126766 9.9973E-05 0.826254 9.9973E-05 9.9973E-05
9.9964E-05 0.000106588 0.0810934 9.9964E-05 0.9184 9.9964E-05 9.9964E-05
0.0101571 0.0504998 0.0491132 0.0447301 0.669461 0.0271592 0.14888
9.9973E-05 0.0178697 0.0107638 9.9973E-05 0.798663 9.9973E-05 0.172404
0.01016 0.0862354 0.00168132 0.0250738 0.710616 9.9991E-05 0.166133
9.99639E-05 0.142914 9.99639E-05 9.99639E-05 0.814617 9.99639E-05 0.0420693
9.9982E-05 0.00792052 0.0273853 0.0382386 0.736954 9.9982E-05 0.189301
9.9973E-05 0.0429079 0.0749391 9.9973E-05 0.741353 9.9973E-05 0.1405
9.999E-05 0.49526 0.258336 0.0269985 0.00509575 0.127679 0.0865304
0.0128519 0.244223 0.55663 0.0626662 0.0420823 0.055473 0.0260736
0.0110268 0.457161 0.279351 0.0707361 0.0176197 0.0890894 0.0750169
9.999E-05 0.460406 0.304093 0.107897 0.0408476 0.0343276 0.0523289
0.0075614 0.266034 0.460659 0.106202 0.113514 0.0132612 0.0327685
9.9991E-05 0.23146 0.559242 0.0937071 0.0108208 0.0515044 0.053166
0.0160743 0.259833 0.493736 0.0519694 0.0079252 0.0936591 0.0768035
9.999E-05 0.381566 0.298982 0.0556689 0.0845538 0.0600834 0.119046
9.999E-05 0.696502 0.0575224 0.00963204 0.0034308 0.103823 0.12899
9.999E-05 0.328368 0.433315 0.0513459 0.0168403 0.0905047 0.0795267
0.0694137 0.233358 0.422018 0.0607166 0.00161488 0.041354 0.171525
9.9991E-05 0.197453 0.540448 0.0384753 0.019377 0.166474 0.0376732
9.999E-05 0.44453 0.245407 0.0737027 0.0455278 0.100979 0.0897537
0.024297 0.172227 0.652941 0.0553546 0.0185239 0.024748 0.0519084
9.999E-05 0.304492 0.542684 0.00881804 0.0146972 0.0487403 0.0804683
9.9982E-05 0.478457 0.270792 9.9982E-05 0.0486058 0.109061 0.0928845
9.999E-05 0.447701 0.278802 0.0765334 0.027392 0.0884226 0.081049
9.9973E-05 0.46494 0.274617 9.9973E-05 9.9973E-05 0.111266 0.148877
9.9955E-05 9.9955E-05 0.112167 9.9955E-05 0.887334 9.9955E-05 9.9955E-05
0.0021382 9.9973E-05 0.113129 0.00201592 0.882417 9.9973E-05 9.9973E-05
9.9964E-05 9.9964E-05 0.0799187 0.103911 0.81577 9.9964E-05 9.9964E-05
0.00371637 9.9982E-05 0.136376 0.0882457 0.748675 9.9982E-05 0.0227865
9.9982E-05 0.0687199 0.498033 9.9982E-05 0.0683251 0.269044 0.095678
0.0306776 0.0845082 0.50372 0.0353184 0.11135 0.234326 9.9991E-05
0.0124512 9.9973E-05 0.571463 9.9973E-05 0.0243883 0.391397 9.9973E-05
0.0346807 0.659213 0.183843 0.0105664 0.031683 0.0799137 9.9991E-05
0.018154 9.9982E-05 0.230188 0.0102989 9.9982E-05 0.63957 0.101589
0.00639455 0.131041 0.512944 0.0226346 0.0769653 0.225062 0.0249591
9.9982E-05 0.0103558 0.699536 9.9982E-05 0.0548988 0.216358 0.018652
9.9982E-05 0.0954768 0.571023 9.9982E-05 0.0605693 0.0435174 0.229214
9.9982E-05 0.10571 0.623128 9.9982E-05 0.0906753 0.068721 0.111566
9.9973E-05 0.147089 0.13951 9.9973E-05 0.0231766 0.689925 9.9973E-05
0.00212334 0.0224639 0.663819 0.0254215 0.0374851 0.0175422 0.231145
0.0150016 0.0293903 0.552845 0.0509113 0.0653355 0.228259 0.0582577
0.0316932 0.00893403 0.638263 0.00108903 0.138046 0.136065 0.04591
0.0567577 9.9973E-05 0.332018 9.9973E-05 9.9973E-05 0.560788 0.0501364
0.0144478 0.028573 0.640391 9.9982E-05 0.088528 0.227861 9.9982E-05
0.0414463 0.0459495 0.523785 0.0373905 0.131977 0.172203 0.0472489
0.0418339 0.0020563 9.9973E-05 9.9973E-05 9.9973E-05 0.640843 0.314967
0.0484177 0.588434 0.181003 9.9982E-05 9.9982E-05 0.10635 0.075596
0.144981 0.27573 0.156827 0.0320087 9.9991E-05 0.112624 0.277729
0.0335082 0.210719 0.553509 0.0797204 0.0196872 0.018597 0.0842594
0.0486003 0.120572 0.601798 0.0584285 0.0382393 0.0331843 0.0991772
0.0789534 0.104724 0.619644 0.0225154 0.0704367 0.0518797 0.0518475
9.9982E-05 0.52668 0.222616 9.9982E-05 0.0870648 0.098617 0.064822
9.9982E-05 0.364616 0.566588 9.9982E-05 0.00759953 0.010578 0.0504176
0.0273514 0.135523 0.551801 0.0494441 0.0582739 0.0936624 0.0839446
0.0633438 0.269543 0.428781 0.000542684 0.0981409 0.0405957 0.099052
9.9991E-05 0.458093 0.130944 0.0189438 0.138667 0.120701 0.132551
0.0890676 0.18084 0.550667 0.0411305 0.0633543 0.0512771 0.023664
0.0706429 0.259059 0.504515 0.024834 0.0651385 0.0373392 0.0384716
9.9982E-05 0.582907 0.121206 9.9982E-05 0.0269388 0.1095 0.159248
0.0101749 0.374458 0.444976 0.013025 9.9991E-05 0.0853323 0.0719334
0.132822 0.132047 0.555377 0.054813 0.0027121 0.0844378 0.0377907
9.9982E-05 0.131389 0.607601 9.9982E-05 0.0818182 0.0708145 0.108177
9.9991E-05 0.38634 0.284721 0.0555897 0.0387295 0.116217 0.118303
0.0413126 0.24275 0.435849 0.0996018 0.0146861 0.0787987 0.0870024
0.0884268 0.166233 0.55681 0.0637766 0.0393342 0.085319 9.9991E-05
9.9982E-05 0.4769 0.233347 9.9982E-05 0.0268197 0.131984 0.130749
9.9973E-05 9.9973E-05 0.485526 0.0145349 0.0324061 0.467233 9.9973E-05
9.9973E-05 0.0551863 0.193745 9.9973E-05 0.0341304 0.716639 9.9973E-05
0.0372931 0.0541234 0.546182 0.0420042 0.102441 0.217856 9.9991E-05
0.0984634 9.9964E-05 9.9964E-05 9.9964E-05 9.9964E-05 0.837846 0.0632906
0.0228802 9.9964E-05 9.9964E-05 9.9964E-05 9.9964E-05 0.85866 0.11806
0.0561581 9.9964E-05 0.230186 9.9964E-05 9.9964E-05 0.713256 9.9964E-05
9.9973E-05 0.0645175 0.472272 9.9973E-05 0.0308706 0.43204 9.9973E-05
0.0484987 0.0560508 0.536591 0.0609192 0.12194 0.132565 0.0434345
0.0354886 0.0052926 0.472915 0.0106823 9.9991E-05 0.447971 0.0275514
9.9973E-05 0.1742 0.153948 9.9973E-05 0.0524306 0.619122 9.9973E-05
9.9973E-05 0.178375 0.275222 9.9973E-05 0.0206398 0.525463 9.9973E-05
0.0100412 0.0581831 0.477674 0.0478895 0.106653 0.29946 9.9991E-05
9.9982E-05 0.0597807 0.333924 0.00735284 0.0296607 0.569082 9.9982E-05
9.9973E-05 0.0698349 0.464818 9.9973E-05 0.025779 0.439268 9.9973E-05
0.0450864 9.9973E-05 0.415638 9.9973E-05 9.9973E-05 0.480696 0.0582801
0.0932253 9.9964E-05 9.9964E-05 9.9964E-05 9.9964E-05 0.691083 0.215292
0.0190718 9.9991E-05 0.602904 0.0182162 0.0607046 0.272022 0.0269819
9.9964E-05 0.0838345 0.0702511 9.9964E-05 0.845515 9.9964E-05 9.9964E-05
9.9964E-05 9.9964E-05 0.0616584 0.00292305 0.935019 9.9964E-05 9.9964E-05
9.9964E-05 9.9964E-05 0.119344 0.0238643 0.856392 9.9964E-05 9.9964E-05
9.9964E-05 9.9964E-05 0.0177078 0.0576854 0.924207 9.9964E-05 9.9964E-05
0.0127772 9.9964E-05 9.9964E-05 0.0302257 0.956597 9.9964E-05 9.9964E-05
0.027264 9.9973E-05 0.0695677 0.0400601 0.862808 9.9973E-05 9.9973E-05
9.9955E-05 9.9955E-05 0.0789973 9.9955E-05 0.920503 9.9955E-05 9.9955E-05
9.9982E-05 0.101665 0.582971 0.0635146 0.0979575 0.153692 9.9982E-05
0.0461285 0.122044 0.538889 0.0432637 0.114452 0.103763 0.0314598
0.023008 0.2142 0.0342163 9.9982E-05 0.0489715 0.679405 9.9982E-05
0.0146407 0.0999747 0.575307 0.0248497 0.0894564 0.18886 0.00691224
0.00112262 0.0981296 0.37308 9.9982E-05 0.051656 0.475812 9.9982E-05
9.9982E-05 0.00216148 0.500977 9.9982E-05 0.0821506 0.411134 0.00337599
0.0745587 9.9991E-05 0.578997 0.0092336 0.0341004 0.244405 0.0586054
0.0570786 0.0328807 0.486845 0.0275246 0.0282368 0.367334 9.9991E-05
9.9973E-05 0.243833 0.0237965 9.9973E-05 0.0583855 0.673685 9.9973E-05
0.06164 0.112703 0.48396 0.031386 0.130721 0.178643 0.000947552
0.017771 0.0406955 0.699828 9.9991E-05 0.0973844 0.112636 0.031586
0.0569531 0.055104 0.560691 0.0419178 0.0859666 0.162037 0.0373304
0.0369128 9.9982E-05 0.23547 0.0101287 9.9982E-05 0.556335 0.160953
0.0787379 9.9982E-05 0.507701 0.00450993 9.9982E-05 0.407793 0.00105825
9.9973E-05 0.144857 0.475123 9.9973E-05 0.0206283 0.359092 9.9973E-05
0.0812278 9.9973E-05 0.3918 0.00317319 9.9973E-05 0.523499 9.9973E-05
9.9973E-05 0.138001 0.435493 9.9973E-05 0.0387305 0.387475 9.9973E-05
0.0274285 0.0668263 0.574538 9.9991E-05 0.128713 0.151656 0.0507385
0.206315 0.349421 0.264532 0.0650428 9.9982E-05 9.9982E-05 0.114489
9.9982E-05 0.336981 0.434063 9.9982E-05 0.0652391 0.0490637 0.114453
0.0518339 0.195646 0.505764 0.0672943 0.126031 0.0415785 0.0118535
0.037691 0.170175 0.551287 0.0560317 0.091981 0.0535722 0.0392621
0.00404287 0.365968 0.489895 0.000754702 0.0178336 0.0477136 0.0737917
0.0880355 0.229024 0.619452 0.0187932 0.00216415 9.9991E-05 0.0424308
0.0279108 0.416474 0.482897 9.9982E-05 0.0673383 9.9982E-05 0.00517961
0.0976215 0.149208 0.537546 0.00932499 0.0627292 0.0684203 0.0751501
0.0440952 0.147521 0.592224 0.0438333 0.0879143 0.0550917 0.0293199
0.0175411 0.29214 0.602556 0.00275249 0.0540706 9.9991E-05 0.0308402
0.0612097 0.31417 0.593649 9.9991E-05 0.015847 0.0120208 0.00300365
0.0848558 0.169325 0.621437 0.0526059 0.0278266 9.9991E-05 0.0438501
0.0864009 0.0737483 0.574576 0.0542964 0.118093 0.0468569 0.0460287
0.0844617 0.136524 0.554546 0.0764476 9.9991E-05 0.0688634 0.0790564
0.0588353 0.154795 0.527495 0.0626013 0.0681611 0.0828341 0.0452784
0.151786 0.197098 0.573246 0.0427932 0.0113098 9.9991E-05 0.0236662
0.0903623 0.266758 0.325577 0.0659634 0.0329892 0.00580483 0.212546
0.0562623 0.134398 0.595248 0.0641505 0.051674 0.0812294 0.0170386
0.0572352 0.124518 0.666859 0.014087 0.0193593 9.9991E-05 0.117841
0.0442507 0.594957 0.223606 0.0128219 0.0123442 0.0978389 0.0141812
0.228516 0.33699 0.161677 0.0134541 9.9991E-05 0.0420655 0.217199
0.0483009 0.195862 0.529452 0.0363197 0.0698339 0.028009 0.0922226
0.219729 0.327376 0.096224 9.9982E-05 9.9982E-05 0.110433 0.246039
0.0280822 0.543542 0.35379 9.9982E-05 9.9982E-05 0.0384494 0.0359368
0.0991581 0.399093 0.441639 9.9973E-05 9.9973E-05 0.0598105 9.9973E-05
0.0117008 0.461802 0.391827 9.9991E-05 0.0228326 0.104482 0.00725515
0.0621075 0.495421 0.369963 9.9982E-05 9.9982E-05 0.0534025 0.0189066
0.0399431 0.203254 0.607292 0.00431808 0.0499384 0.0404667 0.0547876
0.0966903 0.176772 0.52076 0.0736504 0.0857432 0.0243619 0.0220221
0.0138687 0.233863 0.601714 0.0676691 0.0411157 0.0178654 0.0239043
0.137276 0.384594 0.209791 0.00130563 9.9991E-05 0.07649 0.190444
0.0836872 0.134803 0.476612 0.0416884 0.163497 0.0742025 0.0255095
0.0395713 0.0597009 0.550277 0.00590596 0.0511881 0.0418862 0.25147
0.131491 0.102844 9.9982E-05 9.9982E-05 0.0481893 0.107966 0.609309
9.9982E-05 0.0217733 0.68339 0.04475 0.0696811 9.9982E-05 0.180206
0.128402 0.075401 0.331521 0.005439 0.0514986 0.0851606 0.322578
0.0817914 0.0799631 0.513003 0.0427827 0.0982457 9.9991E-05 0.184114
0.0333566 0.102157 0.286617 9.9991E-05 0.0319087 0.0785438 0.467317
0.149901 0.163021 0.0879355 9.9991E-05 0.00234292 0.0792175 0.517482
0.0814779 0.105346 0.409133 0.00807295 0.0166911 0.0849792 0.2943
0.026253 0.121616 0.483228 0.0923297 0.0856887 0.0891929 0.101691
0.0477359 0.13279 0.389296 0.0580531 0.145721 0.0493485 0.177055
0.112297 0.115903 0.119665 0.0662073 0.0060117 0.194497 0.385419
0.114418 0.113796 0.550428 0.0538561 0.0545685 0.0565615 0.0563718
0.113564 0.120651 0.316762 9.9982E-05 9.9982E-05 0.0819213 0.366902
0.126297 0.102234 0.468539 9.9982E-05 9.9982E-05 0.0776447 0.225085
0.0275776 0.0720229 0.56253 0.0192486 0.0959549 0.0682675 0.154398
9.9973E-05 9.9973E-05 0.167065 0.214045 0.336358 9.9973E-05 0.282232
9.9964E-05 9.9964E-05 9.9964E-05 0.136647 0.412404 9.9964E-05 0.450549
9.9964E-05 9.9964E-05 9.9964E-05 0.109997 0.408076 9.9964E-05 0.481527
9.9973E-05 9.9973E-05 0.119372 0.222904 0.330252 9.9973E-05 0.327173
0.0675827 0.036621 0.598189 9.9982E-05 9.9982E-05 0.066607 0.2308
0.0321053 0.0588061 0.647716 0.01089 0.0678602 0.0775116 0.105111
9.9964E-05 9.9964E-05 0.309791 0.683299 9.9964E-05 0.00651014 9.9964E-05
0.0222947 0.0791803 0.396402 0.460605 0.0193947 0.0220241 9.9991E-05
0.0179047 0.100466 0.405439 0.396156 0.0788287 0.00110477 9.9991E-05
0.19486 0.0427827 0.2738 9.9982E-05 9.9982E-05 0.0371332 0.451225
0.08258 0.0270105 0.495702 0.0208183 0.0821347 0.125831 0.165923
0.103472 0.0977528 0.259335 9.9982E-05 9.9982E-05 0.0430023 0.496238
0.117412 0.00168001 0.612422 9.9991E-05 0.0480541 0.00991442 0.210417
0.136789 0.0467965 0.448307 0.0187908 0.0150024 0.0397088 0.294606
0.0790644 9.9973E-05 0.572233 9.9973E-05 9.9973E-05 0.00908577 0.339317
0.10211 0.0285827 0.202018 9.9982E-05 9.9982E-05 0.0845367 0.582554
0.0108527 9.9991E-05 0.668868 0.00936715 0.0647602 0.0300017 0.216051
0.0301356 0.0749507 0.627785 0.0147226 0.051874 0.018811 0.181721
9.9973E-05 9.9973E-05 0.0295752 0.963468 0.0046262 0.00203055 9.9973E-05
0.0362371 0.00745423 0.0585448 0.897464 9.9973E-05 9.9973E-05 9.9973E-05
0.0360234 0.0523344 0.275842 0.538931 0.0578563 0.0389125 9.9991E-05
9.9964E-05 0.0121841 0.37158 0.615836 9.9964E-05 9.9964E-05 9.9964E-05
9.9973E-05 0.0291999 0.133072 0.834857 9.9973E-05 0.00257064 9.9973E-05
9.995E-05 9.995E-05 9.995E-05 0.9994 9.995E-05 9.995E-05 9.995E-05
9.9955E-05 0.0347424 9.9955E-05 0.964758 9.9955E-05 9.9955E-05 9.9955E-05
9.9964E-05 9.9964E-05 0.149709 0.845626 9.9964E-05 0.00426521 9.9964E-05
9.9955E-05 0.0346076 9.9955E-05 0.964893 9.9955E-05 9.9955E-05 9.9955E-05
9.995E-05 9.995E-05 9.995E-05 0.9994 9.995E-05 9.995E-05 9.995E-05
9.995E-05 9.995E-05 9.995E-05 0.9994 9.995E-05 9.995E-05 9.995E-05
9.9973E-05 0.0175444 0.226747 0.736947 0.0184624 9.9973E-05 9.9973E-05
9.9973E-05 0.0524541 0.101116 0.815307 0.0308227 9.9973E-05 9.9973E-05
9.995E-05 9.995E-05 9.995E-05 0.9994 9.995E-05 9.995E-05 9.995E-05
0.0689351 0.0726026 0.321705 0.400477 0.07513 0.0610502 9.9991E-05
0.0215011 0.004173 0.276532 0.646906 0.0283088 0.0224785 9.9991E-05
9.9982E-05 0.00110547 0.165062 0.806242 0.0255388 0.00185228 9.9982E-05
9.9973E-05 0.0141094 0.0729875 0.903014 9.9973E-05 0.0095896 9.9973E-05
9.995E-05 9.995E-05 9.995E-05 0.9994 9.995E-05 9.995E-05 9.995E-05
9.9964E-05 9.9964E-05 0.0616929 0.932109 0.00579799 9.9964E-05 9.9964E-05
9.995E-05 9.995E-05 9.995E-05 0.9994 9.995E-05 9.995E-05 9.995E-05
0.00465586 0.014867 0.238943 0.622592 0.0675176 0.0513253 9.9991E-05
0.00819849 0.00691888 0.00186499 0.977314 9.9982E-05 0.00550346 9.9982E-05
0.0394143 9.9973E-05 9.9973E-05 0.0648518 0.21327 9.9973E-05 0.682165
9.9982E-05 0.0857893 0.367393 0.0788939 0.166016 9.9982E-05 0.301708
0.0421232 9.9982E-05 0.431219 0.0612327 0.131953 9.9982E-05 0.333272
9.9973E-05 9.9973E-05 0.214111 0.104425 0.122739 9.9973E-05 0.558425
0.00608631 0.0227495 0.440161 0.116893 0.11331 0.120902 0.179899
0.0104058 9.9982E-05 0.134764 0.0933006 0.189407 9.9982E-05 0.571922
0.00446133 0.0625877 0.394826 0.122499 0.162918 0.0153182 0.23739
9.9973E-05 9.9973E-05 0.340523 0.105736 0.148116 9.9973E-05 0.405325
0.00329541 9.9982E-05 0.482844 0.0789732 0.14213 9.9982E-05 0.292558
9.9982E-05 9.9982E-05 0.376391 0.115312 0.173838 0.0121815 0.322077
9.9991E-05 0.0300394 0.436626 0.131559 0.123216 0.0493921 0.229068
9.9982E-05 0.0272527 0.0615202 9.9982E-05 0.879101 0.00307021 0.0288557
0.0104913 9.9982E-05 0.002936 0.0606991 0.899248 0.0264258 9.9982E-05
0.0102157 0.0352592 0.0180469 9.9982E-05 0.933192 0.00308656 9.9982E-05
9.9955E-05 9.9955E-05 9.9955E-05 9.9955E-05 0.97127 9.9955E-05 0.0282306
9.9964E-05 0.0178713 0.068451 9.9964E-05 0.913278 9.9964E-05 9.9964E-05
0.00513196 9.9991E-05 0.00378086 0.0110836 0.976178 0.000877279 0.00284842
9.9973E-05 0.033761 0.0381742 0.0268964 0.900868 9.9973E-05 9.9973E-05
0.0203803 0.0291765 9.9973E-05 9.9973E-05 0.934629 9.9973E-05 0.0155141
9.9982E-05 9.9982E-05 0.0185664 0.0255825 0.882872 0.0498249 0.0229542
9.9973E-05 0.0319347 9.9973E-05 0.0122006 0.901697 9.9973E-05 0.0538679
9.9973E-05 0.268494 9.9973E-05 9.9973E-05 0.594476 0.077161 0.0595693
0.00220099 0.32031 9.9982E-05 9.9982E-05 0.608049 0.0411775 0.0280629
0.00404072 0.325258 9.9982E-05 9.9982E-05 0.522009 0.0740246 0.0744678
9.9973E-05 0.43466 9.9973E-05 9.9973E-05 0.441264 0.0248116 0.0989645
9.9982E-05 0.182837 0.481578 9.9982E-05 0.064736 0.251734 0.0189155
0.0519813 0.104543 0.492331 0.0368251 0.0396575 0.274562 9.9991E-05
0.0428631 0.169965 0.528756 9.9982E-05 0.0522748 0.205941 9.9982E-05
9.9973E-05 0.285049 0.386923 9.9973E-05 0.0417913 0.285937 9.9973E-05
0.0223028 0.593876 0.228576 9.9982E-05 9.9982E-05 0.0887842 0.0662608
0.00796983 0.0471138 0.670959 0.00621993 0.0529174 0.21472 9.9991E-05
0.0450161 0.0866974 0.592333 0.00493601 9.9982E-05 0.270817 9.9982E-05
0.0651404 0.0359186 0.550557 0.0109956 9.9991E-05 0.25553 0.0817584
0.0596735 9.9982E-05 0.364888 0.0162935 9.9982E-05 0.537299 0.0216456
0.080568 0.0792915 0.612099 0.0356194 0.0628918 0.0935943 0.0359356
9.9982E-05 0.0946304 0.392096 0.0113903 0.0151365 0.486547 9.9982E-05
0.194027 0.00929197 9.9973E-05 9.9973E-05 9.9973E-05 0.76795 0.028431
0.0587926 0.125165 0.595258 9.9991E-05 0.0823564 0.125395 0.0129339
0.107781 9.9973E-05 0.149545 9.9973E-05 9.9973E-05 0.621249 0.121124
0.0666586 0.00966753 0.547795 0.00996176 0.0582696 0.307548 9.9991E-05
9.9973E-05 0.221701 0.119873 9.9973E-05 0.00158193 0.656545 9.9973E-05
0.00639912 0.797672 0.00847862 9.9991E-05 0.132886 0.0183985 0.0360659
0.0569753 0.733185 0.0785316 9.9982E-05 0.119849 9.9982E-05 0.0112591
0.0548803 0.750596 0.0264871 9.9991E-05 0.0934005 0.0379973 0.0365384
0.0272792 0.807328 9.9982E-05 9.9982E-05 0.110693 0.00839858 0.0461004
0.0328299 0.773562 0.116906 9.9982E-05 0.0715749 9.9982E-05 0.00492761
0.0555579 0.758327 0.0660324 0.0221043 0.077212 9.9991E-05 0.0206666
9.9982E-05 0.00667411 0.018699 0.052417 0.866121 0.0558895 9.9982E-05
9.9991E-05 0.049722 0.0947766 0.00846635 0.814592 0.02936 0.00298309
0.0192463 9.9991E-05 0.13143 0.0317414 0.797599 0.0111762 0.00870791
9.9982E-05 0.0252858 0.029896 0.0678011 0.839316 0.0375007 9.9982E-05
9.9991E-05 0.0246273 0.124097 0.0565767 0.771986 0.000595864 0.0220174
9.9964E-05 0.563895 9.9964E-05 9.9964E-05 0.36417 9.9964E-05 0.071536
0.0362466 0.517184 9.9973E-05 9.9973E-05 0.444215 9.9973E-05 0.00205442
0.0571348 0.503726 0.0116372 9.99772E-05 0.427202 9.99772E-05 9.99772E-05
0.00737263 9.9964E-05 0.122888 9.9964E-05 0.869339 9.9964E-05 9.9964E-05
0.059424 0.530316 9.9982E-05 9.9982E-05 0.388748 0.019602 0.00171025
0.0244571 9.9982E-05 0.255525 0.311787 0.234108 9.9982E-05 0.173922
0.0276968 0.0540775 0.564348 0.17933 0.161982 0.012465 9.9991E-05
9.9973E-05 9.9973E-05 0.532627 0.251171 0.191795 9.9973E-05 0.0241066
0.0305593 9.9982E-05 0.333231 0.215657 0.246653 9.9982E-05 0.173699
0.0450093 0.0945884 0.545036 0.10374 0.177118 9.9991E-05 0.0344085
9.9964E-05 9.9964E-05 9.9964E-05 0.304922 0.396266 9.9964E-05 0.298412
0.0155722 0.40869 0.470175 9.9982E-05 9.9982E-05 0.0270834 0.0782796
0.144378 0.20959 0.426069 0.0238328 9.9991E-05 0.0666155 0.129414
0.0141022 0.53634 0.31285 9.9982E-05 9.9982E-05 0.0963513 0.040156
0.191752 0.189041 0.517147 9.9982E-05 9.9982E-05 0.0303161 0.0715438
0.31652 0.338514 9.9973E-05 9.9973E-05 9.9973E-05 0.082016 0.26265
9.9991E-05 0.150899 0.533703 0.0617319 0.0666434 0.0483891 0.138533
0.130834 0.168862 0.556142 0.0369661 9.9991E-05 0.00377947 0.103317
9.9982E-05 0.473935 0.366885 9.9982E-05 0.00553964 0.0433578 0.110082
0.0514771 0.196989 0.556586 0.0174954 0.0729394 0.0766044 0.0279088
0.114858 0.2832 0.151467 9.9982E-05 9.9982E-05 0.184859 0.265417
0.0672349 0.164177 0.61668 9.9991E-05 0.0324544 0.00623144 0.113122
0.00278911 0.331461 0.479142 0.0318303 9.9991E-05 0.096262 0.0584149
0.0221882 0.14251 0.409562 0.181179 0.0857004 0.0767487 0.0821112
0.114633 0.230023 0.327433 9.9982E-05 9.9982E-05 0.143421 0.184291
0.104342 0.230094 0.421354 0.0230121 9.9991E-05 0.0649609 0.156137
0.113497 0.192086 0.627238 9.9982E-05 9.9982E-05 0.0160926 0.0508865
0.102747 0.17746 0.546159 9.9982E-05 9.9982E-05 0.0785131 0.094922
0.0730226 0.134727 0.629648 0.0638144 0.0191245 0.00848968 0.0711733
0.0303189 0.118651 0.53256 0.0309536 0.101572 0.134459 0.0514853
0.0257291 0.185511 0.560622 0.0154225 0.0814585 0.0896182 0.0416389
9.9964E-05 9.9964E-05 0.119949 0.0316074 0.848044 9.9964E-05 9.9964E-05
9.9964E-05 9.9964E-05 0.121269 9.9964E-05 0.869271 0.00905944 9.9964E-05
9.9973E-05 9.9973E-05 0.0611171 9.9973E-05 0.902925 0.0130488 0.0226089
9.9982E-05 0.0479097 0.00149696 0.0708886 0.874979 0.00452607 9.9982E-05
9.9964E-05 0.00675084 0.0891467 9.9964E-05 0.903703 9.9964E-05 9.9964E-05
0.017214 0.580287 0.141522 0.0203337 0.0168302 0.102372 0.121441
0.19577 0.144044 0.532859 0.0351324 0.03252 0.018823 0.0408518
0.0382451 0.0083385 0.419849 0.227218 0.200874 9.9991E-05 0.105375
0.0267515 0.244076 0.617171 0.0405698 0.0440393 0.0272924 9.9991E-05
9.9982E-05 0.376369 0.497192 0.0399311 0.0145093 0.0717992 9.9982E-05
0.172444 0.293844 0.261919 9.9982E-05 9.9982E-05 0.0582551 0.213338
0.0070925 0.771005 0.0213426 0.00630652 0.0607942 0.104874 0.0285847
9.9991E-05 0.353026 0.47946 0.00397684 0.0340576 0.0716531 0.0577265
0.0246289 0.632399 0.267272 0.0358105 0.0202246 0.000528742 0.0191365
0.0835562 0.198215 0.466078 0.000910792 0.0558974 0.0770207 0.118321
0.0363633 0.652397 0.18188 9.9991E-05 0.0538406 0.017132 0.0582873
9.9982E-05 0.252781 0.541227 0.0789952 0.0705113 0.0562856 9.9982E-05
0.00211264 0.570537 0.166819 9.9991E-05 0.0440275 0.11225 0.104153
0.118089 0.27405 0.242521 0.0966618 9.9991E-05 0.117262 0.151316
0.0801051 0.0691344 0.569723 9.9991E-05 0.080122 0.0603324 0.140483
0.149731 0.0563953 0.305322 9.9982E-05 9.9982E-05 0.0169589 0.471392
0.0652233 0.0401843 0.515406 0.0246158 0.00837166 0.0144755 0.331723
9.9982E-05 0.0750954 0.575762 0.00210048 0.0848052 9.9982E-05 0.262037
0.0429817 0.0472049 0.264437 9.9982E-05 9.9982E-05 0.087547 0.557629
0.0470371 0.107908 0.503151 0.0385309 0.082391 0.084436 0.136546
0.0681375 0.0842369 0.555869 9.9982E-05 0.00555698 9.9982E-05 0.285999
0.160335 0.0414158 0.137407 9.9982E-05 9.9982E-05 0.108026 0.552616
0.0552981 0.0296274 0.203801 9.9982E-05 9.9982E-05 0.0650929 0.645981
0.0529853 0.10099 0.447728 9.9982E-05 9.9982E-05 0.0184386 0.379658
0.0751813 0.0950926 0.0776135 9.9982E-05 9.9982E-05 0.184932 0.566981
0.0165468 0.0916077 0.466319 9.9982E-05 9.9982E-05 0.0417152 0.383611
0.0114276 0.69667 0.134085 0.0397652 9.9982E-05 0.117852 9.9982E-05
0.288418 0.386019 0.174849 0.0848363 9.9991E-05 0.0467769 0.0190009
0.0210993 0.440043 0.409647 0.0815827 0.0228085 0.0247191 9.9991E-05
0.00317168 0.243601 0.582036 0.0382885 0.0249564 0.0918799 0.0160674
0.00614513 0.594513 0.221827 0.0473592 9.9982E-05 0.129955 9.9982E-05
0.0545395 0.185758 0.541502 0.0559114 0.0481312 0.0351296 0.079028
0.0292285 0.266361 0.561942 0.0226721 0.0386922 0.0490877 0.0320171
0.0953853 0.254857 0.493539 0.0449448 9.9991E-05 0.0698371 0.0413373
0.0252956 0.316037 0.524396 0.05299 9.9982E-05 0.0810814 9.9982E-05
0.0219935 0.415328 0.494726 0.0420858 0.00297013 0.0227966 9.9991E-05
0.0321997 0.559268 0.27517 0.0428 9.9982E-05 0.090363 9.9982E-05
0.0605723 0.453284 0.444748 0.02443 9.9982E-05 0.0167652 9.9982E-05
0.0951809 0.202042 0.573142 0.0425182 9.9991E-05 0.0347759 0.0522409
0.0501249 0.183891 0.547512 0.0810776 0.0569588 0.0308847 0.0495507
0.107735 0.29647 0.299438 0.0797605 0.0271716 0.104873 0.0845524
0.106691 0.19277 0.424596 0.120312 9.9991E-05 0.127559 0.0279725
0.00295712 0.484435 0.404517 0.0488059 9.9991E-05 0.0480019 0.0111829
0.0269142 0.222786 0.560835 0.0413546 0.0463337 0.0706217 0.0311545
0.0399023 0.317228 0.466997 0.102068 0.00470814 0.068997 9.9991E-05
0.0362955 0.209323 0.532235 0.0715496 0.075977 0.0304677 0.0441526
9.9982E-05 0.0286833 0.465587 0.119297 0.332333 9.9982E-05 0.0538999
0.0425626 0.00787343 0.554283 0.147725 0.128627 9.9991E-05 0.118829
0.00743958 0.0304298 0.444851 0.126263 0.168714 0.0915652 0.130738
0.0777163 0.0544789 0.533357 0.125611 0.107195 0.00105317 0.100589
0.028912 9.9991E-05 0.464335 0.187772 0.16916 0.046344 0.103376
0.192991 0.154839 0.502536 9.9982E-05 9.9982E-05 0.0343969 0.115038
0.0607633 0.0710577 0.496855 0.127818 0.126682 0.017424 0.0993999
0.0231916 0.116096 0.0574284 0.170858 0.16674 0.0602074 0.405479
0.0115743 0.0550035 0.575604 0.121431 0.10145 9.9991E-05 0.134837
0.0970982 0.0483791 0.517262 0.142371 0.168493 0.0177454 0.00865049
0.0880227 0.0177172 0.520999 0.118603 0.137977 0.0713533 0.045328
0.0933484 0.0494822 0.319016 0.103629 0.160627 0.0245873 0.24931
9.9991E-05 0.0142787 0.585149 0.10401 0.189488 0.00784007 0.0991341
0.102468 0.047358 0.50188 0.16136 0.128575 9.9991E-05 0.058258
9.9964E-05 9.9964E-05 9.9964E-05 0.116272 0.438589 9.9964E-05 0.444739
0.0270198 0.0862218 0.503629 0.145897 0.203076 9.9991E-05 0.0340559
0.027261 9.9991E-05 0.547847 0.166558 0.19722 0.00200473 0.0590094
0.040896 0.0303206 0.597215 0.0754282 0.12439 0.0241226 0.107627
0.0318197 9.9982E-05 0.515575 0.219223 0.16515 9.9982E-05 0.0680318
0.0110986 0.0576502 0.504751 0.0966637 0.192044 0.0339541 0.103839
0.439092 9.9973E-05 0.416341 9.9973E-05 0.0517956 0.0924707 9.9973E-05
0.259374 0.0639146 0.488548 0.0259269 0.0713587 0.0907771 9.9991E-05
0.912331 0.0664796 9.9964E-05 9.9964E-05 9.9964E-05 0.0207897 9.9964E-05
0.952437 0.0470634 9.9955E-05 9.9955E-05 9.9955E-05 9.9955E-05 9.9955E-05
0.301317 0.0323427 0.492119 0.0263776 0.0553309 0.0241439 0.0683686
0.121103 9.9982E-05 0.312016 0.282393 0.162233 9.9982E-05 0.122055
0.22007 9.9982E-05 0.301269 0.293262 0.15897 9.9982E-05 0.026229
0.260622 9.9982E-05 0.157233 0.30198 0.167308 9.9982E-05 0.112656
0.191213 9.9982E-05 0.341497 0.250445 0.142413 9.9982E-05 0.0742328
0.683769 9.9982E-05 0.0428693 0.0527283 0.085961 9.9982E-05 0.134472
0.69582 9.9982E-05 0.0826368 0.0648854 0.103899 9.9982E-05 0.0525583
0.338305 0.0103081 0.521327 0.091449 0.00577295 9.9991E-05 0.0327388
0.483211 9.9973E-05 0.334635 0.128024 0.05383 9.9973E-05 9.9973E-05
0.713819 9.9973E-05 0.157077 0.0533604 0.0754437 9.9973E-05 9.9973E-05
0.283409 0.0559665 0.495222 0.0714174 0.0384316 9.9991E-05 0.0554539
0.375779 9.9973E-05 0.542805 0.0297003 0.0514151 9.9973E-05 9.9973E-05
0.320799 0.0433117 0.448292 0.0838074 0.0809291 0.0227607 9.9991E-05
0.632601 0.0182447 0.294378 9.9982E-05 0.00364957 0.0509264 9.9982E-05
0.486002 0.09763 0.381952 9.9982E-05 9.9982E-05 0.00995129 0.0242648
0.306685 0.0557132 0.535509 9.9991E-05 0.02048 0.0204032 0.0611103
0.349827 0.101253 0.466549 0.029696 0.0263573 9.9991E-05 0.0262178
0.28686 0.0504832 0.518789 0.022217 0.121451 9.9982E-05 9.9982E-05
0.424584 0.00656958 0.440481 9.9991E-05 0.0083862 0.0724252 0.0474544
0.830158 0.030244 0.138112 9.9973E-05 0.0011862 9.9973E-05 9.9973E-05
0.391934 9.9964E-05 0.581033 9.9964E-05 0.0266329 9.9964E-05 9.9964E-05
0.769574 0.0647355 0.156181 9.9973E-05 9.9973E-05 0.0092088 9.9973E-05
0.539822 9.9964E-05 0.427676 9.9964E-05 0.0321023 9.9964E-05 9.9964E-05
0.324309 0.0206733 0.51151 0.000379596 0.0855427 0.0574852 9.9991E-05
0.317696 0.0351102 0.452289 0.0308544 0.0893128 0.0746377 9.9991E-05
0.0848483 0.0373343 0.48337 0.151774 0.169382 9.9991E-05 0.0731907
0.135781 0.0603406 0.408131 0.146365 0.12784 0.0195177 0.102024
0.0441356 0.0182449 0.309759 0.256536 0.162398 9.9991E-05 0.208827
0.0906748 0.0652428 0.281924 0.245074 0.140691 0.0214873 0.154906
9.9991E-05 0.0588056 0.470179 0.17121 0.173666 0.0119807 0.114058
0.190125 9.9991E-05 0.419476 0.113666 0.188868 0.0225595 0.0652058
0.666462 9.9973E-05 9.9973E-05 0.0852176 0.179644 9.9973E-05 0.0683759
0.126446 9.9991E-05 0.518279 0.212173 0.103745 0.00454774 0.0347084
0.372449 9.9973E-05 9.9973E-05 0.0831355 0.305595 9.9973E-05 0.238521
0.297794 9.9973E-05 0.458468 0.169875 0.073563 9.9973E-05 9.9973E-05
0.927972 9.9955E-05 0.0715278 9.9955E-05 9.9955E-05 9.9955E-05 9.9955E-05
0.968057 9.9955E-05 9.9955E-05 9.9955E-05 9.9955E-05 0.0314432 9.9955E-05
0.552966 0.00110107 0.445533 9.9964E-05 9.9964E-05 9.9964E-05 9.9964E-05
0.371362 9.9973E-05 0.568659 0.0235693 0.03611 9.9973E-05 9.9973E-05
0.62345 9.9955E-05 0.37605 9.9955E-05 9.9955E-05 9.9955E-05 9.9955E-05
0.472158 9.9973E-05 0.516694 0.00911453 9.9973E-05 0.00173404 9.9973E-05
0.528414 9.9955E-05 0.471086 9.9955E-05 9.9955E-05 9.9955E-05 9.9955E-05
0.0178562 0.0877849 9.9973E-05 0.0185028 0.875556 9.9973E-05 9.9973E-05
9.9991E-05 0.0623603 0.0609815 0.043867 0.778071 0.00906338 0.0455571
0.0175101 0.00302269 0.0189036 0.00835421 0.952009 9.9982E-05 9.9982E-05
9.9964E-05 9.9964E-05 0.0299965 9.9964E-05 0.937629 9.9964E-05 0.0319745
0.0397621 0.00576066 0.484299 0.0477226 0.0540358 0.352582 0.0158382
9.9973E-05 0.0543034 0.509599 9.9973E-05 0.0667567 0.369041 9.9973E-05
9.9973E-05 0.030398 0.552501 9.9973E-05 0.0160922 0.400709 9.9973E-05
9.9991E-05 0.0534292 0.571354 0.00597262 0.0961685 0.259893 0.0130824
9.9991E-05 0.113149 0.603689 0.0230509 0.0572219 0.0861986 0.11659
9.9973E-05 0.109051 0.301925 9.9973E-05 0.0454373 0.543288 9.9973E-05
0.0115304 9.9973E-05 0.644912 9.9973E-05 0.0161367 0.327121 9.9973E-05
0.0588269 9.9982E-05 0.250507 0.0105306 9.9982E-05 0.590896 0.0890401
9.9982E-05 0.10742 0.433107 0.136384 0.299299 9.9982E-05 0.0235893
0.139714 0.00599458 0.435617 0.0046053 9.9991E-05 0.339188 0.0747818
9.9973E-05 0.0994429 0.305797 9.9973E-05 0.0311845 0.563275 9.9973E-05
0.0818113 9.9982E-05 0.517665 0.0163469 9.9982E-05 0.376198 0.00777893
9.9964E-05 0.141862 0.416176 9.9964E-05 9.9964E-05 0.441562 9.9964E-05
0.0514191 9.9973E-05 0.574939 0.00179725 9.9973E-05 0.371545 9.9973E-05
9.9982E-05 0.0282251 0.553521 9.9982E-05 0.111621 0.305522 0.000910438
0.0669884 9.9973E-05 0.0145448 9.9973E-05 9.9973E-05 0.857619 0.0605483
0.0644236 9.9973E-05 0.305729 9.9973E-05 9.9973E-05 0.532126 0.0974212
0.0633648 9.9982E-05 0.350774 0.0219844 9.9982E-05 0.535414 0.0282635
0.118488 9.9964E-05 9.9964E-05 9.9964E-05 9.9964E-05 0.809764 0.0713482
9.9973E-05 0.111641 0.416909 9.9973E-05 0.0479241 0.423227 9.9973E-05
0.0560264 9.9973E-05 0.065225 9.9973E-05 9.9973E-05 0.653956 0.224493
0.0232383 9.9964E-05 9.9964E-05 9.9964E-05 9.9964E-05 0.811973 0.164389
0.0539156 9.9991E-05 0.529834 0.0347938 0.0210404 0.307388 0.0529276
9.9973E-05 0.140168 0.176247 9.9973E-05 0.0649167 0.618368 9.9973E-05
9.9991E-05 0.0432927 0.480399 0.00859899 0.0250843 0.435271 0.00725376
0.0475103 9.9991E-05 0.605847 0.0219858 0.146701 0.125876 0.0519799
9.9973E-05 0.0444002 0.493942 9.9973E-05 0.057341 0.404017 9.9973E-05
0.163926 0.284076 0.376284 9.9982E-05 9.9982E-05 0.0742424 0.101272
0.0572387 0.0489701 0.518944 0.0408859 0.0377801 0.296081 9.9991E-05
9.9982E-05 0.157124 0.511685 9.9982E-05 0.00527924 0.322956 0.00275551
0.0516079 9.9973E-05 0.308683 9.9973E-05 9.9973E-05 0.598233 0.0411762
9.9991E-05 0.140155 0.498933 0.0359274 0.110589 0.21179 0.00250572
9.9964E-05 0.271939 9.9964E-05 9.9964E-05 0.663167 9.9964E-05 0.0644936
0.0189455 0.150142 9.9982E-05 9.9982E-05 0.780977 0.0385592 0.011176
9.9964E-05 0.134332 9.9964E-05 9.9964E-05 0.851003 9.9964E-05 0.0142654
9.9964E-05 0.132591 9.9964E-05 9.9964E-05 0.817999 9.9964E-05 0.0490096
9.9982E-05 0.167052 0.0150984 9.9982E-05 0.735609 0.026194 0.0558474
9.9973E-05 0.138619 0.149503 9.9973E-05 0.0708214 0.640757 9.9973E-05
9.9973E-05 0.11306 0.132666 9.9973E-05 0.0543467 0.699628 9.9973E-05
0.0350269 9.9973E-05 0.187749 9.9973E-05 9.9973E-05 0.735905 0.0410195
0.0625103 0.102638 0.53514 0.0813491 0.0576765 0.127207 0.0334792
0.0577694 0.0268209 0.488326 0.0790765 0.137841 0.210066 9.9991E-05
9.9973E-05 9.9973E-05 0.218498 0.0412697 9.9973E-05 0.637007 0.102926
0.0551454 0.0093216 0.5918 0.048298 9.9991E-05 0.232392 0.0629432
0.0397694 9.9991E-05 0.33777 0.0494651 0.0197699 0.487071 0.0660547
0.00959627 0.0699258 0.528841 9.9982E-05 0.032947 0.35849 9.9982E-05
9.9982E-05 0.00456351 0.542104 0.07614 0.0663255 0.310667 9.9982E-05
9.9964E-05 0.161603 0.238066 9.9964E-05 9.9964E-05 0.599931 9.9964E-05
9.9973E-05 0.139572 0.295093 9.9973E-05 0.00489951 0.560136 9.9973E-05
9.9973E-05 0.108506 0.310139 9.9973E-05 0.0335837 0.547472 9.9973E-05
9.9973E-05 0.00933699 0.65443 9.9973E-05 0.0779772 9.9973E-05 0.257956
9.9973E-05 0.0900359 0.371887 9.9973E-05 0.0441046 0.493672 9.9973E-05
9.9982E-05 0.121324 0.385602 0.00703759 0.0517991 0.434037 9.9982E-05
9.9982E-05 0.0377647 0.443612 0.33272 0.111487 9.9982E-05 0.0742161
0.00708437 9.9991E-05 0.311989 0.468405 0.104991 0.00641942 0.101012
9.9982E-05 0.0178834 0.465155 0.399851 0.0646331 9.9982E-05 0.0522769
0.000777748 9.9982E-05 0.276547 0.483104 0.154924 9.9982E-05 0.0844463
0.0442691 0.0419939 0.456807 0.285455 0.116156 0.00235862 0.0529613
9.9973E-05 9.9973E-05 0.541244 9.9973E-05 0.0453709 0.203161 0.209924
9.9964E-05 9.9964E-05 9.9964E-05 0.654007 0.224884 9.9964E-05 0.120709
9.9973E-05 9.9973E-05 0.288972 0.482452 0.164628 9.9973E-05 0.0636476
9.9982E-05 9.9982E-05 0.431697 0.0842761 0.178479 0.0469682 0.25838
9.9982E-05 0.0935122 0.555112 9.9982E-05 0.0946376 0.0250294 0.231509
9.9973E-05 0.0743795 0.529258 9.9973E-05 0.091976 9.9973E-05 0.304087
9.9982E-05 0.0181344 0.617439 0.00802394 0.100774 9.9982E-05 0.255428
9.9991E-05 0.0770234 0.635121 0.00339805 0.124027 0.0166038 0.143727
9.9973E-05 9.9973E-05 0.378731 0.420171 0.152349 9.9973E-05 0.0484489
0.0165065 0.0274798 0.403822 0.351657 0.133796 9.9991E-05 0.0666381
0.00359165 9.9982E-05 0.40191 0.487911 0.0799911 9.9982E-05 0.0263958
9.9991E-05 0.0328524 0.457889 0.282501 0.17158 0.00674561 0.0483312
0.0238945 0.013421 0.244413 0.450705 0.168102 0.0273021 0.072163
0.0133426 0.0073304 0.417932 0.351185 0.1223 0.0255388 0.0623713
0.0294559 0.0191231 0.243986 0.528461 0.113601 0.0101799 0.0551938
0.0453453 0.0534452 0.374159 0.359293 0.0581947 0.05526 0.0543036
9.9973E-05 9.9973E-05 0.51205 9.9973E-05 0.0738925 0.0701596 0.343598
0.0423884 0.0461769 0.342862 0.354726 0.150668 0.00700646 0.0561728
0.014055 9.9982E-05 0.15707 0.555448 0.214562 9.9982E-05 0.0586657
9.9991E-05 0.0195076 0.419544 0.344215 0.136487 0.0268014 0.0533439
9.9982E-05 0.126501 0.313319 9.9982E-05 0.144117 0.0494104 0.366453
9.9973E-05 9.9973E-05 0.63563 0.00880804 0.00287521 9.9973E-05 0.352387
0.0448588 0.0040948 0.420607 0.332462 0.179496 9.9991E-05 0.0183821
9.9973E-05 0.0818085 0.587592 9.9973E-05 0.101297 9.9973E-05 0.229003
9.9973E-05 0.0786908 0.521276 9.9973E-05 0.115929 9.9973E-05 0.283805
0.017365 0.0161143 0.329027 0.231539 0.197617 0.0378118 0.170525
0.0569106 9.9982E-05 0.331274 0.261508 0.211636 9.9982E-05 0.138472
0.0396958 0.0213774 0.525441 0.130193 0.102342 0.0732026 0.107748
0.0163324 0.0115055 0.427389 0.291802 0.175549 0.0252412 0.0521816
0.00664623 9.9982E-05 0.461319 0.414972 0.104877 9.9982E-05 0.0119861
9.9973E-05 9.9973E-05 0.127652 0.614131 0.150467 9.9973E-05 0.10745
0.0426305 0.0557217 0.646993 0.032885 0.0775455 0.00583085 0.138393
9.9982E-05 0.037733 0.466186 9.9982E-05 0.121063 0.0110924 0.363725
9.9973E-05 9.9973E-05 0.169263 9.9973E-05 0.0217562 0.0444033 0.764278
0.00991915 0.0302212 0.595766 0.0268286 0.13183 0.047626 0.157809
0.118555 0.154481 0.402298 0.0207184 0.039447 0.0411145 0.223386
9.9991E-05 0.00338524 0.470955 0.149402 0.14676 0.0359571 0.193441
0.0947234 9.9991E-05 0.484298 0.0549777 0.178777 0.0351851 0.151938
9.9964E-05 9.9964E-05 9.9964E-05 0.112421 0.287295 9.9964E-05 0.599885
9.9964E-05 9.9964E-05 9.9964E-05 0.0593182 0.204046 9.9964E-05 0.736236
0.0203634 9.9991E-05 0.389183 0.0356007 0.151422 0.0117606 0.391569
9.9973E-05 9.9973E-05 0.0404855 0.170856 0.234819 9.9973E-05 0.55354
9.9964E-05 9.9964E-05 9.9964E-05 0.17743 0.402493 9.9964E-05 0.419678
0.0739412 9.9982E-05 0.367923 0.101573 0.13361 9.9982E-05 0.322753
9.9991E-05 0.0348842 0.375464 0.141203 0.228649 0.0068689 0.212831
9.9982E-05 0.00736497 0.149483 0.159034 0.232337 9.9982E-05 0.451581
9.9973E-05 9.9973E-05 0.116688 0.0822531 0.183521 9.9973E-05 0.617238
9.9982E-05 9.9982E-05 0.483125 0.136559 0.134614 0.0128656 0.232636
9.9973E-05 9.9973E-05 0.184674 0.112312 0.186414 9.9973E-05 0.516301
9.9964E-05 9.9964E-05 9.9964E-05 0.03652 0.270038 9.9964E-05 0.693042
0.0546032 0.117352 0.479762 0.105609 0.0826429 0.0322047 0.127827
0.0170047 0.0169587 0.302967 0.17368 0.177586 9.9991E-05 0.311703
9.9982E-05 9.9982E-05 0.395923 0.119794 0.349738 0.0707053 0.0636403
9.9973E-05 0.000372325 0.596448 0.21028 0.1926 9.9973E-05 9.9973E-05
9.9973E-05 9.9973E-05 0.545488 0.18031 0.17004 9.9973E-05 0.103862
0.0633934 0.0148725 0.440216 0.259827 0.145429 9.9991E-05 0.0761626
9.9991E-05 0.0688001 0.331301 0.169506 0.355146 0.0174651 0.0576811
9.9982E-05 0.0301633 0.513123 0.151379 0.212695 9.9982E-05 0.0924399
9.9982E-05 9.9982E-05 0.480503 0.197068 0.27528 0.00305858 0.0438911
0.0115266 9.9991E-05 0.297779 0.232681 0.195496 0.0348991 0.227519
9.9991E-05 0.0892613 0.277922 0.131423 0.20317 0.238945 0.0591792
9.9991E-05 0.0201517 0.466277 0.152701 0.195969 0.0769916 0.0878098
0.094125 0.0225581 0.521093 0.14229 0.155867 9.9991E-05 0.0639665
0.0342626 0.0456075 0.519891 0.148082 0.139305 0.112753 9.9991E-05
9.9973E-05 9.9973E-05 0.415039 0.214345 0.25827 9.9973E-05 0.112046
0.0631243 9.9982E-05 0.516593 0.149946 0.245015 9.9982E-05 0.0251225
9.9973E-05 9.9973E-05 0.0460042 0.298339 0.304791 9.9973E-05 0.350565
0.010907 0.057917 0.55742 0.127272 0.140175 0.024722 0.0815861
0.0371432 9.9991E-05 0.181881 0.284829 0.27302 0.0254498 0.197577
9.99549E-05 0.186915 9.99549E-05 9.99549E-05 0.812585 9.99549E-05 9.99549E-05
0.0167943 0.782915 0.139444 9.9982E-05 0.0472479 0.0133987 9.9982E-05
9.995E-05 0.9994 9.995E-05 9.995E-05 9.995E-05 9.995E-05 9.995E-05
9.995E-05 0.9994 9.995E-05 9.995E-05 9.995E-05 9.995E-05 9.995E-05
9.9964E-05 0.978361 0.017047 0.0041917 9.9964E-05 9.9964E-05 9.9964E-05
9.9955E-05 0.985302 9.9955E-05 0.0141987 9.9955E-05 9.9955E-05 9.9955E-05
9.9955E-05 0.956918 0.0425818 9.9955E-05 9.9955E-05 9.9955E-05 9.9955E-05
9.9955E-05 0.991092 9.9955E-05 9.9955E-05 0.00840792 9.9955E-05 9.9955E-05
9.9955E-05 0.869796 9.9955E-05 9.9955E-05 0.129705 9.9955E-05 9.9955E-05
9.9982E-05 0.063904 0.0111059 9.9982E-05 0.88802 0.0176708 0.0190994
0.00106846 0.131239 0.0771147 9.9982E-05 0.777847 9.9982E-05 0.0125306
0.0200405 0.0301799 0.052321 9.9982E-05 0.885008 0.0122506 9.9982E-05
0.0405614 0.0728117 0.0141175 9.9973E-05 0.872209 9.9973E-05 9.9973E-05
9.9982E-05 0.0926214 0.00180441 0.0131949 0.882643 0.00953642 9.9982E-05
9.9973E-05 0.0306453 0.0312439 9.9973E-05 0.913717 0.0240935 9.9973E-05
0.0119221 0.0204315 0.113554 0.094549 0.739538 0.00693719 0.013068
0.00289819 9.9964E-05 0.0836738 9.9964E-05 0.913028 9.9964E-05 9.9964E-05
0.0197975 0.0826669 0.0906893 0.061119 0.712661 9.9991E-05 0.0329664
9.9964E-05 9.9964E-05 0.0372592 0.0555494 0.906792 9.9964E-05 9.9964E-05
0.0277318 9.9955E-05 9.9955E-05 9.9955E-05 0.971768 9.9955E-05 9.9955E-05
0.0110975 0.0289034 0.0418981 0.0308856 0.884709 0.00240659 9.9991E-05
9.9964E-05 0.0207123 9.9964E-05 9.9964E-05 0.977356 0.0015319 9.9964E-05
0.0360962 9.9973E-05 0.00774211 0.00322313 0.952639 9.9973E-05 9.9973E-05
9.9973E-05 9.9973E-05 0.0678653 0.0300012 0.896536 0.00529737 9.9973E-05
9.9964E-05 9.9964E-05 0.0663716 0.000989106 0.932239 9.9964E-05 9.9964E-05
9.9964E-05 9.9964E-05 0.0864608 0.0431167 0.870023 9.9964E-05 9.9964E-05
9.9964E-05 9.9964E-05 0.118497 0.0307577 0.850346 9.9964E-05 9.9964E-05
9.9964E-05 9.9964E-05 0.11356 0.0674707 0.818569 9.9964E-05 9.9964E-05
9.9982E-05 0.11502 0.430741 9.9982E-05 0.089894 0.0550352 0.309109
9.9973E-05 0.0110975 0.711575 9.9973E-05 0.0495503 9.9973E-05 0.227478
0.0259066 0.0343463 0.603573 0.042461 0.111451 0.0125773 0.169684
9.9964E-05 9.9964E-05 0.112479 9.9964E-05 9.9964E-05 0.0990153 0.788106
9.9973E-05 0.112894 0.535169 9.9973E-05 0.0491441 9.9973E-05 0.302493
9.9964E-05 9.9964E-05 0.125793 9.9964E-05 0.00898034 9.9964E-05 0.864827
0.013732 9.9982E-05 0.636615 0.0340331 0.0330286 9.9982E-05 0.282391
9.9982E-05 0.101147 0.422946 9.9982E-05 0.100778 0.0734491 0.30148
9.9982E-05 0.0649686 0.520824 9.9982E-05 0.11001 0.00787757 0.29612
9.9973E-05 0.0492153 0.461484 9.9973E-05 0.0834024 0.405599 9.9973E-05
9.9982E-05 0.0839734 0.493605 9.9982E-05 0.0851806 0.0560229 0.281018
0.0259113 0.0156262 0.64501 0.0185888 0.0417696 9.9991E-05 0.252994
9.9973E-05 0.0789102 0.548603 9.9973E-05 0.0614667 9.9973E-05 0.310721
0.203798 0.451366 9.9982E-05 0.0706093 9.9982E-05 0.15354 0.120487
0.0555224 0.0336941 0.0204033 9.9982E-05 9.9982E-05 0.0539846 0.836196
9.9973E-05 9.9973E-05 0.176141 9.9973E-05 0.00670919 0.0384398 0.77841
9.9982E-05 0.0456871 0.58876 9.9982E-05 0.133445 0.0256752 0.206232
9.9973E-05 9.9973E-05 0.525928 9.9973E-05 0.0364331 0.021998 0.415341
0.0266132 9.9973E-05 0.618764 9.9973E-05 0.0144153 9.9973E-05 0.339908
0.0611991 9.9991E-05 0.562195 0.0609851 0.0998527 0.05601 0.159658
