9.9982E-05 0.0146774 9.9982E-05 0.0522038 0.868872 0.0355456 0.0285009
0.0179661 0.00674776 9.9973E-05 9.9973E-05 0.941166 0.0338203 9.9973E-05
0.074088 9.9982E-05 9.9982E-05 0.0145621 0.851598 0.0229865 0.0365651
9.9973E-05 0.0129158 9.9973E-05 9.9973E-05 0.794026 0.0447083 0.14805
9.9964E-05 0.00784286 9.9964E-05 9.9964E-05 0.907617 9.9964E-05 0.08414
0.0247901 0.0500419 0.117658 0.0484955 0.644384 0.0262194 0.0884111
9.9982E-05 0.00909328 0.137578 9.9982E-05 0.77263 0.0423594 0.0381397
9.999E-05 0.0649965 0.149224 0.00260398 0.717079 0.0298902 0.0361063
9.99729E-05 0.141658 0.0254925 9.99729E-05 0.803859 0.0286907 9.99729E-05
9.9982E-05 0.0471416 0.102724 9.9982E-05 0.765369 0.00377059 0.0807948
9.9982E-05 0.0272937 0.0876674 9.9982E-05 0.768962 0.000843282 0.115033
0.176253 0.505449 0.0416235 0.0519474 0.037893 9.9991E-05 0.186734
0.0503818 0.278271 9.9991E-05 0.00127396 0.0593513 0.0249799 0.585643
0.14051 0.443342 0.047342 0.0651874 0.0149985 9.9991E-05 0.28852
0.0732565 0.421427 0.0259011 0.102504 0.0288174 0.0131314 0.334963
0.0229719 0.303987 0.0416105 0.123042 0.070478 0.00623411 0.431677
0.033532 0.214272 0.0568883 0.0524012 0.0552497 0.000569994 0.587087
0.122947 0.290157 0.0516026 0.0208322 9.9991E-05 0.0422828 0.472079
0.0533265 0.402187 0.0702751 0.0924429 0.0901232 0.0254869 0.266158
0.104628 0.657773 0.13026 9.9982E-05 0.0311709 9.9982E-05 0.0759681
0.129195 0.285661 0.0680497 0.031359 0.0113369 0.0109162 0.463482
0.0703423 0.160082 0.276873 0.0391991 9.9982E-05 9.9982E-05 0.453304
0.166295 0.194608 0.0239302 0.0199357 0.0104049 0.0276026 0.557223
0.153847 0.3811 0.0973977 0.0540839 0.069909 0.000495263 0.243168
9.9991E-05 0.122132 0.0769727 0.0546291 0.0933472 0.0144126 0.638406
0.0500471 0.288948 0.0382419 0.0335425 0.0382903 0.00540025 0.54553
0.112944 0.540939 0.0421537 0.0204215 0.0401903 9.9991E-05 0.243252
0.133513 0.414652 0.0350273 0.0526412 0.0643628 9.9991E-05 0.299703
0.125276 0.446751 0.149591 0.00632781 0.0263186 0.00206685 0.24367
9.995E-05 9.995E-05 9.995E-05 9.995E-05 9.995E-05 0.9994 9.995E-05
9.995E-05 9.995E-05 9.995E-05 9.995E-05 9.995E-05 0.9994 9.995E-05
9.9982E-05 0.022451 9.9982E-05 0.0759316 0.46958 0.380684 0.0511532
9.9973E-05 9.9973E-05 9.9973E-05 0.0941064 0.478517 0.31759 0.109487
0.23898 0.118346 0.0869855 9.9991E-05 0.0473214 0.0404052 0.467862
0.27674 0.0944309 0.00880546 0.0553531 0.0994827 9.9991E-05 0.465088
0.39058 0.0264376 0.0221188 0.0389505 9.9991E-05 0.0176011 0.504212
0.0836414 0.672845 9.9991E-05 0.00748104 0.0253539 0.00328628 0.207293
0.569195 9.9982E-05 0.132461 0.00857399 9.9982E-05 0.0199642 0.269606
0.217705 0.107329 9.9991E-05 0.0374031 0.0772519 0.0187959 0.541415
0.199193 0.0367199 0.0165149 9.9991E-05 0.0365165 0.0137984 0.697158
0.0961528 0.0777588 0.170763 9.9991E-05 0.116516 0.00293361 0.535776
0.0969147 0.0992065 0.119682 0.0173591 0.0420419 0.0201731 0.604623
0.665653 0.154738 9.9982E-05 9.9982E-05 0.0442371 0.00651351 0.128658
9.999E-05 0.0500965 0.212945 0.0285037 0.0320295 0.0138648 0.66246
0.217715 0.0746061 0.0327422 0.0371292 0.0789314 9.9991E-05 0.558776
0.146339 0.014753 0.0842547 9.9991E-05 0.124122 0.0132396 0.617191
0.553931 9.9964E-05 0.110364 9.9964E-05 9.9964E-05 9.9964E-05 0.335304
0.299383 9.9973E-05 9.9973E-05 9.9973E-05 0.0819582 0.0255548 0.592804
0.216542 0.0141048 0.0380724 0.0698798 0.137828 0.00355922 0.520014
0.606081 9.9964E-05 0.391094 9.9964E-05 0.00242518 9.9964E-05 9.9964E-05
0.0908995 0.584728 0.122506 9.9982E-05 9.9982E-05 0.00107033 0.200596
0.111007 0.252299 0.400908 0.0506739 9.99834E-05 9.99834E-05 0.184913
0.0375459 0.131289 0.113438 0.0675775 0.0692919 0.0235374 0.55732
0.0395853 0.111509 0.102047 0.0787895 0.0531534 9.9991E-05 0.614815
0.0377147 0.1019 0.107252 0.0568985 0.0836833 0.0030985 0.609452
0.117754 0.464678 0.0564133 9.9991E-05 0.127114 0.00350064 0.23044
0.0451509 0.299123 0.0478057 9.9982E-05 9.9982E-05 0.0408468 0.566873
0.128427 0.133059 0.026208 0.0278948 0.0856121 0.00910264 0.589696
0.107768 0.264507 0.12608 0.0177768 0.0736932 0.0124684 0.397707
0.117545 0.442996 0.119293 0.0156411 0.168266 0.00817162 0.128087
0.133434 0.168129 0.0475614 0.033497 0.0476073 0.0252344 0.544537
0.0948407 0.221422 0.0484743 0.0232163 0.0532232 0.0506465 0.508177
0.117645 0.560465 0.154132 9.9991E-05 0.02305 0.0541774 0.0904307
0.131226 0.412597 0.0108516 9.9982E-05 9.9982E-05 0.0118794 0.433247
0.0746857 0.0705873 0.188589 0.0224937 0.021553 0.0226044 0.599486
0.0591592 0.146995 0.0534755 0.00138019 0.0419401 0.0256601 0.67139
0.146777 0.385829 0.0869297 0.0588946 0.0288033 0.0549743 0.237792
0.0784728 0.232469 0.106626 0.0135009 0.0312834 0.0361707 0.501476
0.10667 0.1851 0.0546474 0.0715498 0.0459237 0.0148559 0.521253
0.115127 0.477553 0.130741 9.9982E-05 9.9982E-05 0.0258916 0.250487
0.49259 0.0418574 9.9991E-05 0.0129268 0.0148783 0.0149392 0.422708
0.717294 0.110408 9.9973E-05 9.9973E-05 9.9973E-05 0.0234092 0.148588
0.28623 0.0363701 0.0325653 0.0501953 0.047027 0.0390105 0.508602
0.838832 9.9955E-05 0.160668 9.9955E-05 9.9955E-05 9.9955E-05 9.9955E-05
0.821906 9.9955E-05 0.177594 9.9955E-05 9.9955E-05 9.9955E-05 9.9955E-05
0.715565 9.9973E-05 0.0744889 0.00162502 9.9973E-05 9.9973E-05 0.208021
0.429219 0.0461143 9.9982E-05 9.9982E-05 0.00821213 0.0550235 0.461231
0.176437 0.0440331 0.0442401 0.0259373 0.0887699 0.0151303 0.605452
0.486176 0.0211821 0.012512 0.0557964 9.9982E-05 9.9982E-05 0.424133
0.649827 0.183909 9.9973E-05 9.9973E-05 0.0300151 9.9973E-05 0.135949
0.588771 0.151618 0.000986895 9.9982E-05 0.0149139 9.9982E-05 0.243511
0.248289 0.0527541 9.9991E-05 0.0372593 0.0742278 0.0223978 0.564972
0.570362 0.065521 9.9982E-05 9.9982E-05 0.0348688 0.0138669 0.315181
0.470099 0.0656562 9.9973E-05 9.9973E-05 9.9973E-05 0.0418751 0.42207
0.447603 9.9973E-05 0.110093 9.9973E-05 9.9973E-05 0.0114846 0.43052
0.630044 9.9955E-05 0.369457 9.9955E-05 9.9955E-05 9.9955E-05 9.9955E-05
0.271513 9.9991E-05 0.035369 0.00186484 0.042082 0.00327456 0.645796
9.9973E-05 0.0711674 9.9973E-05 9.9973E-05 0.791011 0.0727609 0.0647612
9.9964E-05 9.9964E-05 9.9964E-05 9.9964E-05 0.873493 0.0535419 0.072565
9.9973E-05 9.9973E-05 9.9973E-05 0.0292991 0.830087 0.0344316 0.105882
9.9973E-05 9.9973E-05 9.9973E-05 0.0607333 0.897626 0.0295734 0.0117676
0.00668558 9.9973E-05 9.9973E-05 0.0204402 0.92681 0.045764 9.9973E-05
9.9973E-05 9.9973E-05 9.9973E-05 0.0436076 0.845906 0.0354876 0.0746985
9.9964E-05 9.9964E-05 9.9964E-05 9.9964E-05 0.901896 0.0278616 0.0698425
0.259078 0.0630677 0.00686438 0.0348619 0.0392136 0.0478127 0.549102
0.145245 0.114565 0.0192326 0.0668149 0.0913348 0.0319872 0.530821
0.739745 0.186379 0.00493859 9.9982E-05 0.0674071 0.00133104 9.9982E-05
0.133572 0.0602079 0.0741692 0.0156365 0.0748761 0.0386547 0.602883
0.469324 0.126664 9.9982E-05 9.9982E-05 0.0277287 0.0150496 0.361033
0.361616 0.0426198 0.0126413 0.0111804 0.0253218 0.0381492 0.508472
0.239652 9.9973E-05 0.142294 9.9973E-05 0.00846881 9.9973E-05 0.609286
0.410276 0.00515845 0.0257231 0.0507656 0.0223259 0.00234328 0.483408
0.722915 0.22995 9.9964E-05 9.9964E-05 0.0467348 9.9964E-05 9.9964E-05
0.201514 0.154888 0.0499963 0.0450719 0.0743137 0.0152631 0.458953
0.155976 0.0458628 0.0401753 0.0094947 0.0609941 9.9991E-05 0.687397
0.145252 0.0381024 0.0960716 0.0239347 0.0866572 0.0071182 0.602864
0.515824 0.00831046 0.216711 0.0251642 9.9982E-05 9.9982E-05 0.233791
0.410298 9.9973E-05 0.0914914 0.0249945 9.9973E-05 9.9973E-05 0.472917
0.371351 0.125139 9.9973E-05 9.9973E-05 0.0265713 9.9973E-05 0.476638
0.577912 9.9973E-05 0.0582752 9.9973E-05 9.9973E-05 0.00380571 0.359708
0.411454 0.108159 9.9973E-05 9.9973E-05 0.0548839 9.9973E-05 0.425203
0.237002 0.0787164 0.0327431 0.0304059 0.0567275 0.0353266 0.529079
0.0151651 0.371708 0.255362 0.0526723 9.9991E-05 0.00766868 0.297324
0.00513722 0.352142 0.101226 9.9982E-05 0.074843 9.9982E-05 0.466452
0.0541282 0.127684 0.0627977 0.0699103 0.118166 0.00527746 0.562037
0.0440705 0.140758 0.118405 0.0102872 0.0896755 0.0136969 0.583108
0.0333693 0.369748 0.0606806 9.9991E-05 0.0092506 0.016981 0.50987
0.0364468 0.198734 0.0815966 0.0120485 0.0484177 9.9991E-05 0.622656
0.0153149 0.421057 0.0242227 0.0100753 0.034827 0.00162245 0.492881
0.0836177 0.0984203 0.159162 0.00597533 0.0545192 0.0372638 0.561042
0.00582191 0.230964 0.0439785 0.0536014 0.0496985 0.00163999 0.614296
0.0210444 0.220529 0.0816995 9.9991E-05 0.0478 0.0269081 0.601919
0.039794 0.303021 0.0364971 9.9991E-05 0.0207467 0.0184569 0.581384
0.0183695 0.196652 0.0744803 0.0470006 0.0341783 9.9991E-05 0.629219
0.0220381 0.127343 0.118151 0.0114291 0.0945063 0.0184934 0.608039
0.0258273 0.187533 0.114481 0.0620212 0.0169368 9.9991E-05 0.5931
0.0581769 0.177498 0.0959476 0.0837175 0.0400066 0.018629 0.526024
0.00673033 0.193034 0.101989 0.00475494 9.9991E-05 0.0343327 0.659059
0.00641797 0.266527 0.256357 0.0641057 0.0368893 0.0145426 0.35516
0.0460369 0.168835 0.0788018 0.0195466 0.0511372 0.0068681 0.628775
9.9982E-05 0.106448 0.150589 9.9982E-05 0.0380608 0.00122516 0.703477
0.109453 0.567717 0.0704162 0.0186139 9.9982E-05 9.9982E-05 0.2336
0.0427082 0.343065 0.395403 0.0110213 9.9982E-05 9.9982E-05 0.207603
0.0279525 0.278972 0.0897112 0.054442 0.0186355 0.00124486 0.529042
0.0834636 0.325113 0.476575 9.9973E-05 9.9973E-05 9.9973E-05 0.114549
0.0625268 0.498129 0.0562442 9.9982E-05 9.9982E-05 0.0226379 0.360262
0.0948395 0.417076 0.0482891 9.9982E-05 9.9982E-05 0.00349198 0.436103
0.105667 0.470451 0.0189209 9.9991E-05 0.00297143 0.0095172 0.392372
0.0762742 0.52086 0.0508797 9.9973E-05 9.9973E-05 9.9973E-05 0.351686
0.0433742 0.195238 0.0919226 9.9991E-05 0.0287289 0.0170175 0.623619
9.9991E-05 0.217507 0.038903 0.0438514 0.116635 0.00454146 0.578462
0.0797694 0.217749 0.0634542 0.038134 0.0242121 0.0287808 0.547901
0.0174985 0.385685 0.366407 9.9973E-05 9.9973E-05 9.9973E-05 0.230109
0.0451224 0.10328 0.127347 0.0843515 0.119317 0.0128627 0.50772
0.0159679 0.0676051 0.302475 0.0617514 0.0468663 0.0261483 0.479186
0.0930147 0.0904842 0.699179 9.9973E-05 0.117023 9.9973E-05 9.9973E-05
0.0225226 0.0195392 0.137391 0.0240885 0.104987 9.9991E-05 0.691371
0.0827706 0.0608566 0.413552 0.0451242 0.0662062 0.00931273 0.322177
0.0227461 0.0510261 0.273975 0.0532081 0.04824 0.053604 0.497201
0.0710429 0.127486 0.450291 9.9991E-05 0.0731377 0.0174493 0.260492
0.0952927 0.126569 0.631885 9.9991E-05 0.0339096 0.0176727 0.0945718
0.071275 0.0799693 0.362094 0.00140637 0.0669373 9.9991E-05 0.418218
0.126243 0.099658 0.141652 0.0756845 0.101634 0.00373793 0.451391
0.0842369 0.0949292 0.200004 0.0224896 0.15836 9.9991E-05 0.43988
0.153609 0.123479 0.492837 0.0654433 0.031464 0.0166217 0.116546
0.046364 0.10485 0.166443 0.0820832 0.0379074 0.0229391 0.539414
0.0661603 0.0994633 0.4876 9.9973E-05 9.9973E-05 9.9973E-05 0.346476
0.0992511 0.0895587 0.360992 9.9973E-05 9.9973E-05 9.9973E-05 0.449898
0.0680853 0.0414186 0.12739 0.0571362 0.107029 0.0300618 0.568878
9.9991E-05 0.00585598 0.227847 0.265277 0.332835 0.0404888 0.127595
9.9964E-05 9.9964E-05 0.392958 0.136363 0.470279 9.9964E-05 9.9964E-05
9.9973E-05 9.9973E-05 0.413175 0.117792 0.464369 0.00436438 9.9973E-05
9.9991E-05 0.00233636 0.280455 0.264003 0.356248 0.0119484 0.0849089
0.0173527 0.0285004 0.283749 9.9982E-05 9.9982E-05 0.0272332 0.642964
0.0874253 0.0737282 0.0865874 0.0013519 0.112818 9.9991E-05 0.637989
9.9964E-05 9.9964E-05 9.9964E-05 0.659129 9.9964E-05 0.00842282 0.332049
0.0414345 0.0676891 9.9991E-05 0.419198 0.0279742 0.0318511 0.411753
0.0746075 0.0675027 0.0402685 0.390424 0.0183303 0.0227512 0.386116
9.9973E-05 0.0473593 0.604141 9.9973E-05 9.9973E-05 0.0198051 0.328395
0.0911969 0.0788367 0.15546 0.0241999 0.118638 0.0158339 0.515835
0.0221182 0.088646 0.597199 9.9973E-05 9.9973E-05 9.9973E-05 0.291737
0.0302414 0.0179938 0.269552 9.9991E-05 0.0620395 0.00881653 0.611257
9.9973E-05 0.0839811 0.367288 9.9973E-05 0.0295298 9.9973E-05 0.518901
0.0298848 9.9973E-05 0.357195 9.9973E-05 9.9973E-05 0.00774995 0.604871
0.0434058 0.0305948 0.670537 9.9973E-05 9.9973E-05 9.9973E-05 0.255163
0.0397509 9.9991E-05 0.18847 0.0161943 0.0101997 0.0333646 0.71192
0.0497349 0.0507688 0.160977 0.0143977 0.11529 9.9991E-05 0.608731
0.0180265 9.9964E-05 9.9964E-05 0.966073 9.9964E-05 9.9964E-05 0.0155003
9.9964E-05 0.0129866 9.9964E-05 0.904764 9.9964E-05 9.9964E-05 0.0818494
0.0146743 0.0825412 0.00183075 0.557616 0.0310713 0.0227632 0.289504
9.9973E-05 0.00551053 9.9973E-05 0.616216 9.9973E-05 0.00569212 0.372282
0.00168625 0.0308177 9.9982E-05 0.807657 9.9982E-05 0.0111976 0.148442
9.995E-05 9.995E-05 9.995E-05 0.9994 9.995E-05 9.995E-05 9.995E-05
9.9964E-05 0.0601153 9.9964E-05 0.930273 9.9964E-05 9.9964E-05 0.00921223
0.0143856 9.9964E-05 9.9964E-05 0.830005 9.9964E-05 9.9964E-05 0.15521
0.0381399 0.0273432 9.9973E-05 0.928883 9.9973E-05 0.00533419 9.9973E-05
9.995E-05 9.995E-05 9.995E-05 0.9994 9.995E-05 9.995E-05 9.995E-05
9.995E-05 9.995E-05 9.995E-05 0.9994 9.995E-05 9.995E-05 9.995E-05
9.9973E-05 0.0181291 9.9973E-05 0.759021 9.9973E-05 0.00994026 0.21261
0.0201701 0.0722985 9.9991E-05 0.781947 0.0167162 0.0099412 0.098827
9.995E-05 9.995E-05 9.995E-05 0.9994 9.995E-05 9.995E-05 9.995E-05
0.00648023 0.105562 0.039503 0.395248 0.0551178 0.0276944 0.370395
0.0280304 0.0183523 9.9991E-05 0.641345 0.0282382 0.00739942 0.276535
9.9973E-05 9.9973E-05 9.9973E-05 0.80671 0.0128191 0.0221242 0.158047
9.9973E-05 0.00808951 9.9973E-05 0.899458 0.00197117 9.9973E-05 0.0901811
9.995E-05 9.995E-05 9.995E-05 0.9994 9.995E-05 9.995E-05 9.995E-05
9.9973E-05 9.9973E-05 9.9973E-05 0.943384 0.00411581 0.00260978 0.0495901
9.9955E-05 9.9955E-05 9.9955E-05 0.984838 9.9955E-05 0.0146618 9.9955E-05
0.0549426 0.0271902 9.9991E-05 0.615718 0.0523672 0.00832977 0.241353
0.0120781 9.9964E-05 9.9964E-05 0.962463 9.9964E-05 0.0250586 9.9964E-05
9.9964E-05 9.9964E-05 0.648347 0.0454378 0.305815 9.9964E-05 9.9964E-05
9.9991E-05 0.0513759 0.303596 0.11023 0.168074 0.00971991 0.356904
9.9982E-05 9.9982E-05 0.295079 0.0298528 0.184581 0.00518187 0.485105
9.9982E-05 9.9982E-05 0.519104 0.135101 0.183463 0.00270854 0.159424
0.069129 0.0767226 0.140664 0.109233 0.130387 0.0207569 0.453108
9.9982E-05 9.9982E-05 0.511734 0.119811 0.219883 0.0208752 0.127497
0.0135501 0.0618164 0.181613 0.0612938 0.179626 0.0192674 0.482833
9.9973E-05 9.9973E-05 0.357438 0.0952754 0.195517 9.9973E-05 0.35147
9.9991E-05 0.0209407 0.220516 0.134738 0.144785 0.0435946 0.435326
9.9982E-05 9.9982E-05 0.318262 0.0863943 0.185719 0.0281215 0.381304
0.0743244 0.00141594 0.199919 0.118872 0.19253 0.00220609 0.410733
0.00229501 9.9982E-05 0.0150586 9.9982E-05 0.893304 0.00548631 0.0836566
0.0131753 9.9982E-05 0.0244318 0.0688973 0.886215 0.00708033 9.9982E-05
9.9973E-05 0.0353468 9.9973E-05 9.9973E-05 0.913391 0.028074 0.0228888
0.00293343 0.00961883 0.00917859 9.9982E-05 0.972102 0.00596767 9.9982E-05
9.9973E-05 0.0270838 9.9973E-05 9.9973E-05 0.867418 0.0414981 0.0636998
9.9964E-05 9.9964E-05 9.9964E-05 9.9964E-05 0.949689 0.0382649 0.011646
9.9982E-05 0.0122607 9.9982E-05 0.0174667 0.881192 0.0537869 0.0350935
0.0155719 0.0441593 9.9973E-05 9.9973E-05 0.898756 0.0412129 9.9973E-05
0.045269 0.00555941 0.00616855 0.0370167 0.865864 0.0252971 0.0148251
9.9982E-05 9.9982E-05 0.0496954 0.0238329 0.874574 0.037198 0.0144997
0.0342998 0.304453 0.0633414 9.9973E-05 0.597606 9.9973E-05 9.9973E-05
9.9973E-05 0.334024 0.0645543 9.9973E-05 0.571254 0.0298676 9.9973E-05
0.0814636 0.299367 0.0672769 9.9982E-05 0.540542 0.0111507 9.9982E-05
0.03242 0.403199 0.101372 9.9973E-05 0.462709 9.9973E-05 9.9973E-05
0.31285 0.138108 9.9991E-05 0.00640442 0.0495037 0.0357144 0.457319
0.388487 0.080437 0.0106079 0.0283254 0.0584642 0.00697228 0.426707
0.253097 0.188471 9.9991E-05 0.000126039 0.0272229 0.00942514 0.521557
0.3068 0.270035 0.0249488 9.9991E-05 0.0171963 0.026444 0.354477
0.0834834 0.594207 0.0834753 0.00655803 9.9982E-05 9.9982E-05 0.232076
0.195123 0.114266 0.0277269 0.0426804 0.00949831 0.00663004 0.604075
0.26403 0.130048 9.9964E-05 9.9964E-05 9.9964E-05 9.9964E-05 0.605522
0.249975 0.0263632 0.158262 0.00512796 9.9991E-05 0.00893434 0.551237
0.507306 9.9964E-05 0.133456 9.9964E-05 9.9964E-05 9.9964E-05 0.358839
0.133301 0.087005 0.099198 0.0264418 0.0347233 0.00356471 0.615766
0.48373 0.0834599 9.9982E-05 9.9982E-05 0.0374287 0.00696595 0.388215
0.736581 9.9955E-05 0.26292 9.9955E-05 9.9955E-05 9.9955E-05 9.9955E-05
0.124795 0.197689 0.00148045 0.0331648 0.0479728 0.00474221 0.590155
0.620519 9.9964E-05 0.237012 9.9964E-05 9.9964E-05 9.9964E-05 0.142069
0.383666 0.0321884 0.0456678 0.0484431 0.00792742 0.0269094 0.455198
0.660898 0.225096 9.9964E-05 9.9964E-05 9.9964E-05 9.9964E-05 0.113606
9.9973E-05 0.774594 0.0577529 9.9973E-05 0.154625 9.9973E-05 0.0127277
9.9973E-05 0.779013 0.0506961 9.9973E-05 0.108748 9.9973E-05 0.0612431
0.00619103 0.783629 0.0575602 9.9982E-05 0.113226 9.9982E-05 0.0391942
9.9964E-05 0.82294 0.0615116 9.9964E-05 0.115149 9.9964E-05 9.9964E-05
9.9973E-05 0.769656 0.0352235 9.9973E-05 0.0751611 9.9973E-05 0.11966
9.9991E-05 0.741305 0.0588509 0.0201511 0.0769508 0.00406606 0.0985765
0.0542231 9.9982E-05 9.9982E-05 0.0528209 0.861987 0.0074915 0.0232775
0.0414747 0.0209904 9.9991E-05 0.0275407 0.7946 0.0182219 0.097072
9.9982E-05 0.0252747 9.9982E-05 0.0353139 0.745155 0.0416366 0.15242
0.0739016 0.0112418 9.9991E-05 0.072155 0.831849 0.000459239 0.0102937
0.00505408 9.9991E-05 0.0283623 0.0612842 0.773163 0.0166015 0.115435
9.9973E-05 0.545233 0.0534287 9.9973E-05 0.381527 0.0195119 9.9973E-05
9.9973E-05 0.506324 0.0554983 9.9973E-05 0.408041 0.0298371 9.9973E-05
9.9991E-05 0.538895 0.0166817 0.0166953 0.402973 0.0231085 0.00154633
9.995E-05 9.995E-05 9.995E-05 9.995E-05 9.995E-05 0.9994 9.995E-05
0.0166257 0.511733 0.0717431 9.9982E-05 0.348613 0.0510855 9.9982E-05
9.9982E-05 9.9982E-05 0.164778 0.276278 0.260971 0.0135955 0.284178
0.000335397 0.0386951 0.0298368 0.208551 0.177473 0.0264816 0.518627
9.9973E-05 9.9973E-05 9.9973E-05 0.204656 0.176298 0.0225599 0.596186
0.0163312 9.9982E-05 0.126134 0.234797 0.282692 9.9982E-05 0.339846
0.0655638 0.0529643 0.0980419 0.127513 0.123994 0.0291227 0.502801
9.9973E-05 9.9973E-05 0.268246 0.283603 0.427974 0.0198767 9.9973E-05
0.0585796 0.335482 0.119463 9.9991E-05 0.000479576 0.00721914 0.478677
0.0707251 0.16674 0.302026 9.9973E-05 9.9973E-05 9.9973E-05 0.460209
0.0898705 0.533341 0.0859836 9.9991E-05 0.00637494 0.000218934 0.284111
0.0538649 0.175576 0.222159 9.9973E-05 9.9973E-05 9.9973E-05 0.5481
0.0256934 0.331891 0.642015 9.9964E-05 9.9964E-05 9.9964E-05 9.9964E-05
0.0711996 0.127144 0.100387 0.052179 0.0142283 0.042403 0.592459
0.101517 0.146052 0.154334 0.0296225 9.9991E-05 0.0198432 0.548531
0.0906367 0.433412 0.0860852 9.9991E-05 0.0249523 0.0157878 0.349026
0.123638 0.184381 0.0319962 0.0185956 0.0759211 9.9991E-05 0.565367
0.11822 0.301256 0.409095 9.9973E-05 9.9973E-05 9.9973E-05 0.171128
0.122346 0.158899 0.123064 9.9982E-05 0.0312691 9.9982E-05 0.564222
0.0510667 0.32122 0.0710413 9.9982E-05 0.00883485 9.9982E-05 0.547637
0.0376366 0.135991 0.16564 0.133276 0.0878021 9.9991E-05 0.439554
0.0891151 0.283004 0.238864 0.0218151 9.9982E-05 9.9982E-05 0.367001
0.0789678 0.196818 0.260909 9.9973E-05 9.9973E-05 9.9973E-05 0.463005
0.061915 0.209664 0.122732 0.0156909 9.9982E-05 9.9982E-05 0.589798
0.0471854 0.166372 0.228396 9.9982E-05 9.9982E-05 0.000190674 0.557656
0.0333172 0.10261 0.105708 0.028596 0.0304868 0.0169245 0.682357
0.0878148 0.134551 0.0616084 0.0487804 0.0995292 9.9991E-05 0.567616
0.112679 0.198048 0.016406 9.9991E-05 0.0737545 0.00207342 0.596939
9.9973E-05 9.9973E-05 9.9973E-05 0.0390162 0.830997 0.0191745 0.110512
9.9964E-05 9.9964E-05 9.9964E-05 9.9964E-05 0.880499 0.0013755 0.117726
0.0171937 0.0414558 9.9982E-05 9.9982E-05 0.854313 0.0485715 0.0382664
0.0196191 0.0129766 9.9991E-05 0.044762 0.885272 0.023763 0.0135072
9.9973E-05 0.00916093 9.9973E-05 9.9973E-05 0.874869 0.0250092 0.090661
0.112834 0.613677 0.0802187 0.0240235 0.0243635 0.0128291 0.132054
0.0330314 0.228683 0.138901 0.0319886 0.00631162 0.0223037 0.538781
0.0462055 0.00647099 0.137068 0.20886 0.16449 0.0128238 0.424081
0.0275516 0.227908 0.0537505 0.0321012 9.9991E-05 0.0333997 0.625189
0.0565487 0.362805 0.0081476 0.0125409 0.0188865 0.00983942 0.531231
0.013212 0.317487 0.349831 9.9973E-05 9.9973E-05 9.9973E-05 0.319169
0.0815106 0.728894 0.0771913 9.9991E-05 0.0692616 0.00813423 0.0349086
0.0433557 0.377633 9.9982E-05 9.9982E-05 0.0537887 0.0184413 0.506581
0.000860597 0.625 0.0257993 0.0382358 0.026437 0.00170866 0.281958
0.0866847 0.180927 0.165108 0.00616974 0.0404798 9.9991E-05 0.52053
0.011607 0.618165 0.115764 9.9991E-05 0.0644954 0.00284834 0.187021
9.9982E-05 0.289911 0.00910958 0.0402293 0.0807126 9.9982E-05 0.579838
0.0793907 0.626395 0.0756598 0.0386941 0.021398 0.0238746 0.134588
0.0745633 0.30423 0.24946 0.0974239 9.9982E-05 9.9982E-05 0.274124
0.0488651 0.122965 0.18545 9.9991E-05 0.0674283 0.00857099 0.566621
0.0342891 0.116193 0.494952 9.9982E-05 0.0157451 9.9982E-05 0.338622
0.0354691 0.0286543 0.332401 9.9991E-05 0.0461568 0.00228294 0.554935
0.0240499 0.0787108 0.191929 9.9991E-05 0.104647 0.0275378 0.573025
0.0804089 0.0402598 0.595089 9.9973E-05 9.9973E-05 9.9973E-05 0.283943
0.0692864 0.0570777 0.166008 0.0132869 0.101446 0.0329627 0.559932
0.0778966 0.0379847 0.334584 9.9991E-05 0.0357611 0.00526315 0.50841
0.0777064 0.0315429 0.728029 9.9973E-05 9.9973E-05 9.9973E-05 0.162422
0.0614155 0.0454862 0.667647 9.9991E-05 0.000768078 0.00578941 0.218794
0.00813757 0.0836128 0.390382 9.9991E-05 0.0290898 0.0149188 0.473759
0.160902 0.0729414 0.680991 9.9982E-05 9.9982E-05 0.000374886 0.0845904
0.0745579 0.121491 0.349059 9.9982E-05 9.9982E-05 0.00218554 0.452507
0.134863 0.668412 9.9982E-05 0.0273882 9.9982E-05 0.0154995 0.153638
0.0647708 0.364996 0.287326 0.0582617 9.9982E-05 9.9982E-05 0.224445
0.0602484 0.436356 9.9991E-05 0.0482223 0.0149074 0.0268564 0.413309
0.0779179 0.235634 9.9982E-05 0.0597727 0.0719526 9.9982E-05 0.554523
0.138681 0.603086 0.00973221 0.0354548 9.9982E-05 9.9982E-05 0.212846
0.073452 0.185417 0.0929207 0.0352431 0.0510988 9.9991E-05 0.561768
0.0111764 0.246754 0.0812636 0.0126537 0.00177121 0.0160629 0.630319
0.0659332 0.236295 0.101916 0.0226758 9.9991E-05 0.0143011 0.558779
0.0405102 0.302155 0.0790546 0.0513254 9.9982E-05 9.9982E-05 0.526755
0.0468123 0.450679 9.9982E-05 0.0409351 9.9982E-05 0.00200517 0.459369
0.124137 0.549195 9.9982E-05 0.0212314 9.9982E-05 0.0271928 0.278044
0.0759414 0.422676 0.0161271 0.0424925 9.9982E-05 9.9982E-05 0.442563
0.0566044 0.184457 0.125842 0.0317418 9.9991E-05 0.0106311 0.590623
0.00250126 0.155938 0.108561 0.04733 0.0865033 0.000293179 0.598874
0.0786157 0.254786 0.188658 0.101898 0.0443813 9.9991E-05 0.331562
0.083194 0.231667 0.131958 0.0924732 9.9991E-05 0.00327664 0.457331
0.0988489 0.476393 9.9991E-05 0.0719374 0.000859917 0.00972814 0.342132
0.0698642 0.255104 0.0118265 0.0239501 0.0549632 9.9991E-05 0.584192
0.0941117 0.300122 0.0238472 0.0740781 0.0355534 9.9991E-05 0.472188
0.0532897 0.188457 0.070791 0.054961 0.0739384 0.0235706 0.534992
0.000136695 0.0516778 0.0277375 0.11002 0.318023 0.0197131 0.472692
0.00528056 0.0404222 0.105578 0.103297 0.149822 9.9991E-05 0.595501
0.0681552 0.0229263 0.0864293 0.0970797 0.203939 0.00356807 0.517902
9.9991E-05 0.0513155 0.123515 0.122081 0.105023 0.0203405 0.577625
0.036824 9.9991E-05 0.12019 0.180999 0.188519 0.0212094 0.452159
0.0592854 0.141213 0.284071 0.0021467 9.9982E-05 9.9982E-05 0.513084
0.0666009 0.0540181 0.0831526 0.126884 0.159918 0.00297744 0.506448
0.0335889 0.0770085 0.429811 0.18768 0.222734 9.9991E-05 0.049077
9.9991E-05 0.0619898 0.131306 0.0868106 0.109991 0.0110331 0.59877
0.0439519 0.0770096 0.0485326 0.152219 0.12454 0.00773938 0.546008
0.0380165 0.0513569 0.111972 0.137664 0.0950321 0.0294535 0.536505
0.0215679 0.0425641 0.300782 0.113079 0.178709 0.0250648 0.318234
0.00322954 0.0499733 0.0624446 0.148674 0.183196 0.0202141 0.532269
9.9991E-05 0.0225773 0.133828 0.146506 0.130708 0.010419 0.555862
9.9973E-05 9.9973E-05 0.377597 0.139965 0.471538 0.0106004 9.9973E-05
0.039092 0.0910745 0.0453842 0.178626 0.152766 0.0121805 0.480878
9.9982E-05 0.00315206 0.0907231 0.171704 0.170215 9.9982E-05 0.564005
0.0675155 0.0412834 0.103388 0.0874144 0.0967849 9.9991E-05 0.603514
9.9973E-05 9.9973E-05 0.0688979 0.210153 0.190914 9.9973E-05 0.529735
0.0960159 0.0279743 0.0391813 0.0995201 0.166453 0.0638947 0.50696
0.131397 0.0675562 0.314619 9.9991E-05 0.00287079 0.0141084 0.469349
0.127075 0.108406 0.162985 0.0362538 0.0422987 0.056438 0.466544
0.174872 0.0889728 0.730968 9.9973E-05 9.9973E-05 9.9973E-05 0.0048877
0.103967 0.0696505 0.754092 9.9973E-05 9.9973E-05 9.9973E-05 0.0719907
0.059604 0.0355408 0.282482 0.00779465 0.0496927 0.0235729 0.541313
0.0379817 9.9982E-05 0.147401 0.309335 0.16146 9.9982E-05 0.343623
9.9973E-05 9.9973E-05 0.200072 0.2282 0.196724 9.9973E-05 0.374704
9.9982E-05 0.000709632 0.299645 0.284962 0.179376 9.9982E-05 0.235108
9.9982E-05 9.9982E-05 0.216738 0.227869 0.116698 0.0467026 0.391792
9.9982E-05 9.9982E-05 0.698351 0.0115104 0.0629779 0.0246003 0.20236
0.0641692 0.0123932 0.608043 0.0827228 0.0247343 0.0394686 0.168469
0.0395739 9.9982E-05 0.267025 0.0370053 0.019082 9.9982E-05 0.637114
9.9973E-05 9.9973E-05 0.380455 0.115198 0.0625579 9.9973E-05 0.441489
0.101363 0.0264648 0.520571 0.0758913 9.9991E-05 0.0195454 0.256064
0.00606892 0.0633534 0.261095 0.0531532 0.0411362 0.00464642 0.570547
9.9991E-05 0.00809128 0.283435 0.0414144 0.0404567 0.0315563 0.594946
0.0655477 0.00487058 0.278353 0.0647678 0.0654955 0.00448953 0.516476
0.123926 0.0108548 0.462406 9.9982E-05 9.9982E-05 0.0192592 0.383354
0.0587638 0.0894937 0.390555 9.9982E-05 9.9982E-05 0.00269297 0.458295
0.0596514 0.0778372 0.288087 0.0130845 0.0240592 0.000160836 0.53712
0.0400185 0.153035 0.300261 9.9991E-05 0.0153343 0.0147565 0.476495
0.100398 0.0434559 0.207733 0.0175835 0.0866274 0.0118451 0.532356
0.0760524 0.00929973 0.422483 9.9982E-05 9.9982E-05 0.00606593 0.485899
0.0631826 0.0352253 0.63552 9.9973E-05 9.9973E-05 9.9973E-05 0.265772
0.0287347 0.0176002 0.27238 0.0262291 9.9991E-05 0.0169819 0.637974
0.0991788 0.0928124 0.557802 9.9973E-05 9.9973E-05 9.9973E-05 0.249906
0.0853759 9.9973E-05 0.399612 9.9973E-05 9.9973E-05 0.00880844 0.505904
0.0629701 0.0455914 0.257997 9.9991E-05 0.0453322 0.015269 0.572741
0.119476 0.0686874 0.194598 0.0342489 0.0690074 9.9991E-05 0.513883
0.018757 0.0326345 0.144971 0.102016 0.142371 0.0306936 0.528557
0.0531962 0.0397656 0.166334 0.0829772 0.142724 0.0322117 0.482792
0.0108661 9.9991E-05 0.190425 0.245034 0.191768 0.0342148 0.327592
9.9991E-05 0.0507277 0.205994 0.228457 0.140591 0.0480462 0.326084
0.0537254 0.0538197 0.124012 0.160451 0.124736 0.0364713 0.446785
0.00102382 0.0149748 0.202358 0.116779 0.128995 0.0359085 0.499961
0.0348096 9.9991E-05 0.664909 0.149092 0.103645 0.0304472 0.0169971
9.9982E-05 9.9982E-05 0.171543 0.18505 0.0800052 0.0039864 0.559215
9.9964E-05 9.9964E-05 0.581198 0.104646 0.313756 9.9964E-05 9.9964E-05
9.9973E-05 9.9973E-05 0.213458 0.144375 0.0693598 9.9973E-05 0.572507
0.124759 9.9964E-05 0.671897 9.9964E-05 9.9964E-05 9.9964E-05 0.202944
0.234949 0.067515 0.660653 9.9973E-05 9.9973E-05 9.9973E-05 0.0365833
0.0912552 0.0139893 0.353569 9.9973E-05 9.9973E-05 9.9973E-05 0.540886
0.0721126 0.00732422 0.247438 9.9973E-05 9.9973E-05 9.9973E-05 0.672825
0.0561438 0.0408234 0.410935 9.9973E-05 9.9973E-05 9.9973E-05 0.491798
0.0872252 0.00537785 0.268163 9.9982E-05 9.9982E-05 0.00497969 0.634054
0.061098 0.000553011 0.331142 9.9973E-05 9.9973E-05 9.9973E-05 0.606907
0.0193695 0.0785143 9.9991E-05 0.0173603 0.821947 0.0448899 0.0178188
0.0495409 0.0536338 0.0234737 0.0614057 0.725067 0.0489653 0.0379133
0.00180637 0.0359388 9.9991E-05 0.00853273 0.916782 0.0267115 0.0101284
9.9964E-05 9.9964E-05 9.9964E-05 9.9964E-05 0.906894 0.0443977 0.0483082
0.34532 9.9991E-05 0.0625001 0.0245588 0.0479985 0.00244086 0.517082
0.307797 0.068425 9.9978E-05 9.9978E-05 0.0469628 9.9978E-05 0.576516
0.429832 0.0589846 9.9973E-05 9.9973E-05 9.9973E-05 0.0217025 0.489181
0.235772 0.0593505 9.9991E-05 0.00888498 0.0435731 0.0433911 0.608928
0.138051 0.0655316 0.122758 9.9991E-05 0.0859067 0.0179828 0.569671
0.575572 0.12605 9.9982E-05 9.9982E-05 0.0335228 0.0151368 0.249518
0.336076 9.9973E-05 9.9973E-05 9.9973E-05 0.0212602 0.0104618 0.631902
0.562862 9.9982E-05 0.179391 0.0224493 9.9982E-05 0.0141102 0.220988
9.9991E-05 0.0820664 0.0404103 0.1552 0.287567 0.0249387 0.409717
0.409448 9.9991E-05 0.147176 0.0268295 0.00519705 0.00640302 0.404846
0.546003 0.105204 9.9973E-05 9.9973E-05 9.9973E-05 0.0186916 0.329802
0.396992 9.9973E-05 0.0796537 9.9973E-05 0.0119105 9.9973E-05 0.511144
0.491294 0.092959 9.9991E-05 0.0377458 0.010747 0.00305196 0.364103
0.36636 9.9964E-05 0.032247 9.9964E-05 9.9964E-05 9.9964E-05 0.600994
0.337466 0.0490915 0.00640517 0.000976592 0.0358427 0.0402604 0.529958
0.845535 9.9955E-05 0.153966 9.9955E-05 9.9955E-05 9.9955E-05 9.9955E-05
0.542219 9.9973E-05 0.151019 9.9973E-05 9.9973E-05 0.00423743 0.302226
0.597267 9.9973E-05 0.0788939 0.0352579 9.9973E-05 9.9973E-05 0.288282
0.759135 9.9955E-05 0.240365 9.9955E-05 9.9955E-05 9.9955E-05 9.9955E-05
0.482327 0.0596512 9.9973E-05 9.9973E-05 0.063015 9.9973E-05 0.394707
0.621509 9.9964E-05 0.33108 9.9964E-05 9.9964E-05 9.9964E-05 0.0470114
0.768646 9.9955E-05 0.230854 9.9955E-05 9.9955E-05 9.9955E-05 9.9955E-05
0.307888 9.9982E-05 0.0554447 0.0230117 0.0310795 9.9982E-05 0.582376
0.615196 0.172276 9.9982E-05 9.9982E-05 0.053347 0.00462944 0.154352
0.409472 0.12413 9.9973E-05 0.00752637 9.9973E-05 9.9973E-05 0.458572
0.17019 0.0443136 0.0514984 9.9991E-05 0.122079 0.00928232 0.602537
0.410946 0.0568449 9.9982E-05 0.0126698 0.0367874 9.9982E-05 0.482551
0.00558132 0.338537 0.263092 0.00922287 9.9991E-05 0.00772341 0.375744
0.333823 0.0703755 9.9991E-05 0.0122293 0.00641182 0.0210811 0.55598
0.341206 0.143117 9.9982E-05 9.9982E-05 0.0185721 0.0109423 0.485963
0.601028 0.0116087 0.0974495 9.9982E-05 9.9982E-05 0.0038925 0.285822
0.269148 0.0813962 0.0236551 0.00625607 0.105032 0.0087926 0.50572
9.9973E-05 0.28556 0.0517542 9.9973E-05 0.598869 0.063517 9.9973E-05
0.0216567 0.157738 0.037774 9.9982E-05 0.7174 0.0652318 9.9982E-05
9.9973E-05 0.116296 0.00667955 9.9973E-05 0.689515 0.187209 9.9973E-05
9.9973E-05 0.14061 0.0194992 9.9973E-05 0.740293 0.099298 9.9973E-05
9.9982E-05 0.192231 0.0598626 9.9982E-05 0.681429 0.0461129 0.0201648
0.727358 0.135194 9.9982E-05 0.00839745 0.0480731 9.9982E-05 0.0807773
0.734065 0.122368 9.9982E-05 9.9982E-05 0.0404938 0.00764928 0.0952242
0.747494 9.9973E-05 0.101414 0.0294369 9.9973E-05 9.9973E-05 0.121356
0.1223 0.0200514 0.0832045 0.0125285 0.143491 0.00734301 0.611081
0.201831 0.0107784 0.0586738 0.0575235 0.0736876 0.0437199 0.553786
0.680285 9.9973E-05 0.0742994 0.064583 9.9973E-05 9.9973E-05 0.180533
0.327462 0.00317929 0.0161188 0.0701485 0.00786842 0.0105452 0.564678
0.470631 9.9991E-05 0.0680884 0.0700853 0.0528561 0.0112851 0.326954
0.406211 0.0584906 9.9982E-05 9.9982E-05 0.0253551 0.0303062 0.479437
0.299444 0.0340891 9.9991E-05 0.0711248 0.0455976 0.0230322 0.526612
0.676324 0.120159 9.9982E-05 0.00719549 9.9982E-05 0.0082719 0.18785
0.613934 0.107869 9.9973E-05 9.9973E-05 9.9973E-05 0.0125904 0.265308
0.519795 0.13088 9.9982E-05 9.9982E-05 0.0145394 0.0108578 0.323728
9.9982E-05 0.059181 0.179078 9.9982E-05 0.0968602 0.00707909 0.657602
0.532519 0.0583881 9.9982E-05 9.9982E-05 0.00754818 0.0403113 0.361033
0.493473 0.0683053 9.9982E-05 0.00525483 0.0443123 9.9982E-05 0.388455
9.9982E-05 0.0145148 0.0544381 0.341413 0.0916549 9.9982E-05 0.49778
9.9982E-05 9.9982E-05 0.0741117 0.409734 0.130978 0.0310088 0.353968
9.9982E-05 9.9982E-05 0.000136096 0.382754 0.138641 0.00590703 0.472363
9.9982E-05 9.9982E-05 0.0756202 0.472734 0.114206 0.0367203 0.30052
0.0605229 0.0153436 0.0330996 0.250312 0.140822 0.000944872 0.498955
0.221536 9.9991E-05 0.178319 0.00391134 0.0600808 0.0107647 0.525288
9.9991E-05 0.0265103 0.0563731 0.636756 0.246813 0.0156991 0.0177485
0.00917258 0.0140625 0.0186519 0.461857 0.159546 0.0142433 0.322466
0.0376554 9.9982E-05 0.248076 0.14345 0.165164 9.9982E-05 0.405454
0.0157704 0.0648662 0.218988 9.9991E-05 0.0896813 0.0401373 0.570457
9.9982E-05 0.0887174 0.272325 9.9982E-05 0.132265 0.00425029 0.502243
0.0372597 0.0372316 0.16795 0.008723 0.136238 0.00389494 0.608703
0.0147972 0.00559265 0.169383 9.9991E-05 0.128271 0.0425251 0.639332
9.9973E-05 9.9973E-05 9.9973E-05 0.429848 0.188058 0.00886961 0.372925
9.9991E-05 0.0357286 0.00272284 0.345388 0.167203 0.0112972 0.437561
9.9973E-05 9.9973E-05 9.9973E-05 0.500092 0.0744112 0.00395128 0.421245
0.0370532 0.0210091 0.0840319 0.268207 0.109477 0.0324421 0.44778
9.9973E-05 9.9973E-05 0.041472 0.475563 0.216815 9.9973E-05 0.26585
0.0262786 0.0534526 9.9982E-05 0.321779 0.155664 9.9982E-05 0.442627
9.9982E-05 9.9982E-05 0.0644547 0.528627 0.144722 0.011177 0.250819
9.9991E-05 0.0566844 0.0821659 0.342891 0.0934008 0.0313827 0.393376
0.0585058 0.00766252 0.333031 0.000848978 0.0856122 0.0250225 0.489317
0.0147756 9.9991E-05 0.0998832 0.335226 0.143105 0.00967609 0.397235
9.9982E-05 9.9982E-05 0.0488771 0.5564 0.195144 0.0264525 0.172926
0.0860963 0.040338 9.9991E-05 0.332222 0.116465 0.0309015 0.393877
0.0844951 0.138123 0.270184 9.9991E-05 0.19421 0.00163935 0.311248
9.9982E-05 9.9982E-05 0.304214 0.0256119 0.0220906 0.0380489 0.609834
0.0196724 0.0477457 0.0428946 0.366471 0.119997 0.0251881 0.378031
9.9973E-05 0.0914297 0.200951 9.9973E-05 0.147182 9.9973E-05 0.560138
9.9973E-05 0.0784895 0.264939 9.9973E-05 0.147314 9.9973E-05 0.508957
0.0492953 9.9991E-05 0.171651 0.158277 0.201042 0.0319619 0.387673
9.9982E-05 9.9982E-05 0.127722 0.252119 0.214661 0.0144516 0.390846
0.0729895 0.0356225 0.139838 0.0766119 0.12492 9.9991E-05 0.549918
0.0790133 0.0499077 0.0164237 0.290007 0.162431 0.00740194 0.394815
9.9991E-05 0.00209295 0.0221538 0.372117 0.113457 0.00378592 0.486293
9.9973E-05 9.9973E-05 0.0377503 0.616749 0.198593 9.9973E-05 0.146608
9.9991E-05 0.0104785 0.164428 0.00865319 0.131133 0.0139984 0.671208
0.0480566 0.0455346 0.288504 9.9991E-05 0.140514 0.00484742 0.472444
9.9964E-05 9.9964E-05 0.737066 9.9964E-05 0.0932433 9.9964E-05 0.169291
0.0409261 0.0368493 0.116853 0.0447628 0.143626 9.9991E-05 0.616882
0.0264427 0.167398 0.302706 0.0414205 0.064361 9.9991E-05 0.397571
0.0172143 9.9991E-05 0.132189 0.121452 0.197982 0.0236285 0.507434
0.0378343 9.9991E-05 0.190896 0.0923547 0.149546 0.0187765 0.510493
9.9973E-05 9.9973E-05 0.524702 0.121191 0.34225 0.0115575 9.9973E-05
9.9973E-05 9.9973E-05 0.62071 0.066249 0.301724 0.0110162 9.9973E-05
9.9982E-05 9.9982E-05 0.395934 0.078008 0.17315 0.034726 0.317982
9.9973E-05 9.9973E-05 0.439917 0.144225 0.350015 9.9973E-05 0.0655433
9.9964E-05 9.9964E-05 0.34605 0.190578 0.462973 9.9964E-05 9.9964E-05
0.00590723 9.9991E-05 0.312742 0.075223 0.194389 0.00959747 0.402041
0.000895745 0.0184393 0.212657 0.118586 0.27691 9.9991E-05 0.372411
9.9991E-05 0.000197184 0.400677 0.153793 0.292911 0.0132757 0.139047
9.9973E-05 9.9973E-05 0.522678 0.140688 0.27716 9.9973E-05 0.0591743
0.0156355 9.9991E-05 0.17628 0.143986 0.151545 0.0196633 0.49279
9.9982E-05 9.9982E-05 0.450746 0.104743 0.237791 0.0251463 0.181373
9.9973E-05 9.9973E-05 0.585648 0.0642282 0.326861 0.0229631 9.9973E-05
9.9982E-05 0.0780004 0.186011 0.134012 0.107882 9.9982E-05 0.493895
9.9973E-05 9.9973E-05 0.279656 0.148658 0.207747 9.9973E-05 0.363639
0.0582785 0.00510234 0.0224867 0.152513 0.326123 0.0130694 0.422427
9.9982E-05 9.9982E-05 0.0016777 0.182719 0.198743 0.000178478 0.616482
9.9982E-05 9.9982E-05 0.10337 0.156449 0.146565 0.0358658 0.557551
0.0174276 9.9991E-05 0.125542 0.219707 0.142873 0.0114556 0.482895
0.0637837 0.0639545 9.9991E-05 0.193494 0.353991 0.00996633 0.31471
9.9991E-05 0.00994925 0.0600539 0.166625 0.219189 0.0197827 0.5243
0.0119152 0.00460289 0.0286474 0.199654 0.234964 0.0570645 0.463152
9.9991E-05 0.00847571 0.210525 0.232644 0.200565 0.0628607 0.28483
0.222555 0.125195 0.0358412 0.103532 0.186571 9.9991E-05 0.326206
0.0624561 0.0653213 0.0757881 0.0868846 0.187946 0.0202406 0.501363
0.0381377 0.0433814 0.0471179 0.122284 0.150861 0.0204873 0.57773
0.106691 0.0370125 0.0371035 0.110217 0.109374 9.9991E-05 0.599502
9.9991E-05 0.0168417 0.0967376 0.191901 0.242496 0.0425224 0.409401
0.0239988 9.9991E-05 0.0358569 0.171981 0.205376 0.0378285 0.524859
9.9973E-05 9.9973E-05 0.284856 0.306767 0.359207 9.9973E-05 0.0488703
0.02525 0.0393228 0.0446578 0.138865 0.179618 0.0344289 0.537857
9.9982E-05 9.9982E-05 0.199212 0.253318 0.290123 0.0343912 0.222756
9.9982E-05 0.165721 0.00542384 0.0042629 0.785681 0.0387122 9.9982E-05
0.0639354 0.760043 9.9973E-05 9.9973E-05 0.0609201 9.9973E-05 0.114802
9.995E-05 0.9994 9.995E-05 9.995E-05 9.995E-05 9.995E-05 9.995E-05
9.995E-05 0.9994 9.995E-05 9.995E-05 9.995E-05 9.995E-05 9.995E-05
9.9955E-05 0.961215 9.9955E-05 9.9955E-05 9.9955E-05 9.9955E-05 0.0382849
9.9955E-05 0.989452 9.9955E-05 0.0100481 9.9955E-05 9.9955E-05 9.9955E-05
9.9964E-05 0.931109 9.9964E-05 9.9964E-05 9.9964E-05 0.00455946 0.0639314
9.9955E-05 0.986065 9.9955E-05 9.9955E-05 9.9955E-05 0.0134356 9.9955E-05
9.9955E-05 0.856257 9.9955E-05 9.9955E-05 0.143243 9.9955E-05 9.9955E-05
0.0531458 0.0393493 9.9982E-05 9.9982E-05 0.851355 0.0543055 0.00164403
9.9973E-05 0.139235 9.9973E-05 9.9973E-05 0.765684 0.0244498 0.0703316
0.0280747 0.017731 0.0199668 9.9991E-05 0.827851 0.0546027 0.0516736
9.9973E-05 0.0745331 0.0135665 9.9973E-05 0.856772 9.9973E-05 0.0548287
9.9973E-05 0.0770689 9.9973E-05 9.9973E-05 0.860225 0.0231562 0.0392498
9.9973E-05 0.00792089 9.9973E-05 9.9973E-05 0.890646 0.0329534 0.0681795
0.0178054 9.9982E-05 9.9982E-05 0.0783264 0.738191 0.0416526 0.123825
9.9964E-05 9.9964E-05 9.9964E-05 9.9964E-05 0.882947 0.0237855 0.092868
9.9991E-05 0.0511579 0.0429484 0.0739909 0.674427 0.0539268 0.103449
9.9973E-05 9.9973E-05 9.9973E-05 0.056955 0.845858 0.0638679 0.0330195
9.9964E-05 9.9964E-05 0.0185977 9.9964E-05 0.931517 0.0494859 9.9964E-05
0.034447 0.0232975 9.9991E-05 0.0338936 0.821617 0.0687773 0.0178677
9.9964E-05 9.9964E-05 9.9964E-05 0.00109534 0.959767 0.0387377 9.9964E-05
9.9982E-05 9.9982E-05 0.00716688 0.00321689 0.877868 0.0770052 0.0345429
0.000892212 9.9973E-05 9.9973E-05 9.9973E-05 0.872155 0.0419898 0.0846633
9.9973E-05 9.9973E-05 9.9973E-05 0.0131121 0.892395 0.0362424 0.0579507
9.9973E-05 9.9973E-05 9.9973E-05 0.052014 0.855535 0.0144092 0.077742
9.9973E-05 9.9973E-05 9.9973E-05 0.00645062 0.858317 0.00365207 0.131281
9.9973E-05 9.9973E-05 9.9973E-05 0.0587199 0.803571 0.0322161 0.105193
0.0907677 0.113715 0.229844 9.9991E-05 0.140162 0.0196456 0.405766
0.0222401 0.0240163 0.164073 9.9982E-05 0.0947936 9.9982E-05 0.694677
0.0878564 0.0138833 0.0996067 0.0221767 0.159197 0.00156201 0.615718
0.096284 9.9991E-05 0.713849 0.0171205 0.0760523 0.00243041 0.0941641
0.0322688 0.124686 0.221479 9.9991E-05 0.0964328 0.00876684 0.516266
9.9973E-05 9.9973E-05 0.768719 9.9973E-05 0.116243 0.000282737 0.114455
9.9982E-05 9.9982E-05 0.239297 0.000927637 0.0596437 0.0226552 0.677277
0.133783 0.0960036 0.208756 9.9982E-05 0.161914 9.9982E-05 0.399344
0.0264143 0.066856 0.231079 9.9991E-05 0.159322 0.0139319 0.502298
0.398038 0.0380386 9.9982E-05 0.00876046 0.083489 9.9982E-05 0.471474
0.101617 0.0770898 0.212524 9.9991E-05 0.14234 0.000391755 0.465938
9.9973E-05 9.9973E-05 0.203584 9.9973E-05 0.113594 0.00974502 0.672778
0.0349264 0.108005 0.219369 9.9991E-05 0.0873642 0.0239128 0.526323
0.109022 0.457221 0.340905 0.0765798 9.9982E-05 9.9982E-05 0.0160718
9.9973E-05 0.018083 0.831835 9.9973E-05 0.115276 9.9973E-05 0.0345058
9.9964E-05 9.9964E-05 0.70019 9.9964E-05 0.108393 9.9964E-05 0.191017
0.0362918 0.0430343 0.161069 0.0148428 0.139956 0.0207013 0.584105
0.0248611 9.9991E-05 0.395182 0.0224762 0.0719004 0.000825473 0.484655
0.0382468 9.9982E-05 0.275472 9.9982E-05 0.0829515 0.00950794 0.593621
