9.9964E-05 9.9964E-05 9.9964E-05 0.100974 0.898167 0.000459253 9.9964E-05
9.9964E-05 9.9964E-05 0.0152275 0.0512964 0.933076 9.9964E-05 9.9964E-05
0.0109475 0.0451014 0.0638726 9.9973E-05 0.879779 9.9973E-05 9.9973E-05
9.9973E-05 0.149841 9.9973E-05 0.0302865 0.79674 0.0228322 9.9973E-05
0.00216349 0.0966494 9.9964E-05 9.9964E-05 0.900787 9.9964E-05 9.9964E-05
0.027346 0.0573691 0.0113032 0.046808 0.623275 0.0840302 0.149868
9.9982E-05 0.0158411 9.9982E-05 0.0237944 0.800487 0.0440841 0.115593
0.040144 0.0323749 9.9982E-05 9.9982E-05 0.72362 0.0508668 0.152795
9.99639E-05 9.99639E-05 9.99639E-05 9.99639E-05 0.818802 0.130214 0.0505842
9.9982E-05 0.056475 9.9982E-05 0.0397727 0.753918 0.0403836 0.109251
9.9982E-05 0.0970993 9.9982E-05 0.0275713 0.748567 0.0456415 0.0809205
0.0602817 0.203577 0.123747 0.00457439 0.0170612 0.525642 0.0651178
0.017728 0.537097 0.0413571 0.0815561 0.0364539 0.25444 0.0313684
0.0628273 0.246955 0.107294 0.0462593 9.9991E-05 0.485476 0.0510884
0.0831802 0.257843 0.0831777 0.0767142 0.0238196 0.468982 0.00628412
0.0527554 0.422373 0.04188 0.0990937 0.0798871 0.278715 0.0252959
0.0966894 0.590012 0.00150234 9.9991E-05 0.0175389 0.211613 0.0825447
0.0239624 0.478912 0.125506 9.9991E-05 0.0560144 0.300332 0.0151724
0.0130744 0.295948 0.0443103 0.1173 0.0880765 0.404886 0.0364048
0.0151681 0.0608883 0.0898905 9.9982E-05 9.9982E-05 0.693345 0.140508
0.000549918 0.454725 0.093516 0.0310628 0.0169098 0.294523 0.108714
0.0286777 0.460465 0.0450423 0.0676309 0.0332435 0.112725 0.252215
0.0560067 0.541955 0.113384 9.9991E-05 0.0611917 0.191453 0.035909
0.0380373 0.256659 0.060618 0.0381721 0.0704209 0.464874 0.0712188
0.0226069 0.653372 0.00431659 0.0260002 0.13383 0.0923269 0.0675479
0.0502936 0.547943 0.0831473 9.9991E-05 0.0504131 0.267492 0.000611435
0.0352412 0.24756 0.123769 9.9991E-05 0.0452084 0.479779 0.0683429
0.0561616 0.305953 0.122388 0.00224935 0.0698314 0.435342 0.00807448
0.00726022 0.258654 0.109862 9.9991E-05 0.00663334 0.483144 0.134347
0.0135789 0.106748 9.9964E-05 9.9964E-05 0.879273 9.9964E-05 9.9964E-05
0.0239064 0.110998 9.9964E-05 9.9964E-05 0.864696 9.9964E-05 9.9964E-05
0.0820073 0.0943233 9.9982E-05 0.0280003 0.779839 0.01563 9.9982E-05
0.0256361 0.162635 9.9973E-05 0.0695 0.741929 9.9973E-05 9.9973E-05
9.9982E-05 0.495374 0.266293 9.9982E-05 0.0966923 0.0567626 0.0846779
0.0642236 0.506643 0.25542 0.00870522 0.0964222 0.068486 9.9991E-05
0.0265159 0.544196 0.387578 9.9982E-05 0.0265282 9.9982E-05 0.0149815
9.999E-05 0.181101 0.113086 0.018196 0.0280041 0.638649 0.0208633
0.0354058 0.209517 0.578563 0.0214326 9.9982E-05 9.9982E-05 0.154882
0.0468223 0.52927 0.198176 0.0296467 0.0568841 0.139101 9.9991E-05
9.999E-05 0.670963 0.165753 0.0253743 0.100288 0.0139975 0.0235239
9.9982E-05 0.574742 0.0909776 9.9982E-05 0.133169 0.0455175 0.155394
0.0406693 0.572542 0.112879 9.9991E-05 0.108643 0.0541938 0.110972
9.9973E-05 0.134111 0.677567 9.9973E-05 0.0229244 0.165098 9.9973E-05
0.0362057 0.621634 9.9991E-05 0.0379406 0.0480645 0.033429 0.222626
0.0268493 0.611822 0.188032 9.9991E-05 0.0679155 0.069011 0.0362702
0.0221786 0.535698 0.120045 0.0543704 0.146347 0.0100532 0.111308
9.9964E-05 0.331503 0.576176 9.9964E-05 9.9964E-05 9.9964E-05 0.0919215
0.00429016 0.574598 0.232202 0.0317861 0.0986275 0.0329989 0.0254973
9.9991E-05 0.532511 0.179281 0.102795 0.0824299 0.0884503 0.0144336
9.9964E-05 9.9964E-05 0.580334 9.9964E-05 0.00460616 9.9964E-05 0.41466
9.9973E-05 0.203066 0.0783844 9.9973E-05 9.9973E-05 0.599133 0.119117
9.9982E-05 0.163178 0.115354 0.110374 9.9982E-05 0.253708 0.357186
9.9991E-05 0.497747 0.024213 0.204696 0.0271331 0.146777 0.0993339
0.0258365 0.632149 0.0402725 0.0491319 0.0941986 0.0564463 0.101965
0.0382634 0.581111 0.00487307 0.0766016 0.0561751 0.0983929 0.144583
9.9991E-05 0.211667 0.14304 0.00332731 0.11973 0.481205 0.0409305
9.9991E-05 0.52858 0.0400614 0.0603022 0.00384278 0.359802 0.00731075
0.0322201 0.577899 0.0685905 0.0482404 0.051668 0.155907 0.0654747
0.0112185 0.416164 0.104027 9.9991E-05 0.132042 0.240579 0.0958694
0.0143407 0.142485 0.104927 0.00616881 0.147149 0.473783 0.111146
0.0557968 0.554159 0.0654204 0.014524 0.065625 0.138678 0.105796
9.9991E-05 0.434576 0.0990091 0.122684 0.0330503 0.285495 0.0250852
9.9982E-05 0.0851925 0.146745 9.9982E-05 0.0742534 0.560235 0.133375
0.00980017 0.443552 0.126896 9.9991E-05 0.000398183 0.387374 0.0318796
0.0510143 0.554196 0.0690943 0.0626574 0.00611159 0.147665 0.109261
9.9991E-05 0.595589 0.0545542 0.0513789 0.0891813 0.145314 0.0638826
0.0459225 0.270745 0.173835 0.0028336 0.0821175 0.373926 0.0506198
0.031942 0.499849 0.0897933 0.0460262 0.0435688 0.252542 0.0362792
9.9991E-05 0.567859 0.126657 0.0710951 0.052665 0.14489 0.0367333
9.9991E-05 0.250623 0.119479 0.014592 0.0364202 0.498229 0.0805571
9.9973E-05 0.479599 0.480334 9.9973E-05 0.0296026 0.0101636 9.9973E-05
0.0146694 0.173823 0.726619 9.9982E-05 0.0404514 0.0442372 9.9982E-05
0.0164068 0.48508 0.279745 0.0583938 0.0954815 0.0526772 0.0122158
9.9964E-05 9.9964E-05 0.829397 0.0284307 9.9964E-05 9.9964E-05 0.141773
9.9955E-05 9.9955E-05 0.829989 9.9955E-05 9.9955E-05 9.9955E-05 0.169511
9.9964E-05 0.225176 0.704455 9.9964E-05 9.9964E-05 9.9964E-05 0.0699691
9.9982E-05 0.448869 0.449707 0.0189414 0.0267267 0.0555559 9.9982E-05
0.107653 0.505291 0.149606 0.0583293 0.0725835 0.0960358 0.0105017
9.9982E-05 0.494473 0.469253 0.0203169 0.0108367 9.9982E-05 0.00492039
9.9973E-05 0.150566 0.596531 9.9973E-05 0.0471924 0.205411 9.9973E-05
9.9973E-05 0.246339 0.573227 9.9973E-05 0.0296759 0.150459 9.9973E-05
0.0599068 0.50331 0.280452 0.00715364 0.0794272 0.0448232 0.0249268
0.0055156 0.336033 0.577394 9.9982E-05 0.043755 0.0371029 9.9982E-05
9.9982E-05 0.447312 0.454856 0.0115769 0.017018 0.0690373 9.9982E-05
9.9973E-05 0.444594 0.449504 0.0332075 9.9973E-05 9.9973E-05 0.0723944
9.9955E-05 9.9955E-05 0.618691 9.9955E-05 9.9955E-05 9.9955E-05 0.380809
0.0629854 0.544848 0.313998 0.00278959 0.0384942 0.0143333 0.0225512
9.9982E-05 0.0805107 0.00644537 0.0130528 0.835427 0.064364 9.9982E-05
9.9964E-05 0.0211828 9.9964E-05 0.0937071 0.88471 9.9964E-05 9.9964E-05
0.00379954 0.0782887 9.9973E-05 0.116341 0.801271 9.9973E-05 9.9973E-05
0.0563712 0.0156087 9.9973E-05 0.0140764 0.913644 9.9973E-05 9.9973E-05
0.0601688 9.9964E-05 9.9964E-05 9.9964E-05 0.933796 0.00563562 9.9964E-05
0.0586423 0.0819033 9.9964E-05 9.9964E-05 0.859055 9.9964E-05 9.9964E-05
9.9955E-05 0.0807045 9.9955E-05 9.9955E-05 0.918796 9.9955E-05 9.9955E-05
0.0204585 0.522914 0.18623 0.0485858 0.0583328 0.089413 0.0740664
0.00458191 0.612822 0.143665 0.0960908 0.093062 0.024295 0.0254831
9.9982E-05 0.0320974 0.70507 9.9982E-05 0.0445027 0.217607 0.000523657
0.0238007 0.563251 0.154886 0.0450976 0.114427 0.0816887 0.0168485
9.9973E-05 0.393499 0.455066 9.9973E-05 0.0446044 0.10653 9.9973E-05
0.0144208 0.494542 0.346024 9.9982E-05 0.0987869 0.0460262 9.9982E-05
9.9973E-05 0.594776 0.23468 9.9973E-05 0.0511148 9.9973E-05 0.11913
9.9982E-05 0.492844 0.380184 0.0726172 0.0203219 9.9982E-05 0.033833
9.9964E-05 9.9964E-05 0.694217 9.9964E-05 0.0247533 0.280629 9.9964E-05
0.0557892 0.502973 0.175625 0.012537 0.118582 0.0901026 0.044391
0.0276645 0.669675 0.152829 9.9982E-05 0.0884257 0.061206 9.9982E-05
0.0612867 0.539838 0.137616 9.9991E-05 0.122161 0.0516334 0.0873644
0.0261527 0.259342 0.50279 9.9982E-05 0.0148716 9.9982E-05 0.196644
0.0271671 0.449307 0.433308 9.9982E-05 0.00574643 9.9982E-05 0.0842708
9.9973E-05 0.447459 0.376097 9.9973E-05 0.0399555 0.136189 9.9973E-05
0.015971 0.378313 0.522475 9.9973E-05 9.9973E-05 9.9973E-05 0.0829403
9.9982E-05 0.446957 0.374468 0.00476337 0.0489429 0.12467 9.9982E-05
0.070926 0.512342 0.181593 0.00514992 0.0907984 0.0961865 0.043004
9.9982E-05 0.291501 0.0297969 0.104594 9.9982E-05 0.346998 0.22691
9.9982E-05 0.43649 0.0254256 9.9982E-05 0.0918793 0.346795 0.0992104
0.0871327 0.551083 9.9991E-05 0.00647673 0.114289 0.135967 0.104952
0.0336848 0.572411 0.0280194 0.0806951 0.0750822 0.113561 0.0965463
0.00344351 0.507637 0.0288154 0.0063265 0.0323047 0.402553 0.01892
0.0407104 0.584364 9.9991E-05 0.0348288 0.0222945 0.265165 0.0525374
0.00408832 0.500267 9.9982E-05 9.9982E-05 0.051742 0.418091 0.0256117
0.0166071 0.560591 9.9991E-05 0.0426595 0.058941 0.145396 0.175706
9.9991E-05 0.63836 0.0236668 0.0462761 0.0816253 0.159708 0.0502632
9.9973E-05 0.605603 9.9973E-05 9.9973E-05 0.051108 0.290896 0.0520931
9.9991E-05 0.587904 0.0317903 0.000599674 0.0524579 0.281917 0.0452311
0.0304218 0.59548 0.0142023 0.115047 0.0633704 0.131972 0.0495058
9.9991E-05 0.625102 0.0150113 0.116207 0.066211 0.0978525 0.0795167
0.0639505 0.584899 0.0261491 0.0452656 9.9991E-05 0.187126 0.0925107
0.0373479 0.573064 0.00993116 0.0599978 0.0857946 0.135798 0.0980664
0.0590189 0.594069 0.0120752 0.013441 9.9991E-05 0.218142 0.103154
9.9991E-05 0.298222 0.0272544 0.178589 0.0237953 0.285392 0.186647
0.026621 0.542604 0.109327 0.116153 0.0301247 0.132019 0.0431512
0.0443055 0.675361 0.00755895 0.00135353 0.0344743 0.101632 0.135314
0.00781102 0.22176 0.124682 0.0432399 0.00192939 0.572737 0.0278406
9.9982E-05 0.167984 0.0359013 0.0887381 9.9982E-05 0.330447 0.37673
0.0290485 0.553845 9.9982E-05 9.9982E-05 0.0474148 0.285951 0.0835405
0.00238351 0.129153 0.0992788 9.9982E-05 9.9982E-05 0.331441 0.437544
0.00418806 0.362181 0.0529137 9.9991E-05 0.0121991 0.513742 0.0546763
9.9973E-05 0.462883 0.0775533 9.9973E-05 9.9973E-05 0.402884 0.056379
9.9982E-05 0.38379 0.114118 9.9982E-05 0.0269013 0.421329 0.0536615
0.00172679 0.388663 0.0417164 9.9982E-05 9.9982E-05 0.503377 0.0643165
0.014676 0.652532 9.9982E-05 9.9982E-05 0.0575354 0.210165 0.0648915
0.01792 0.646201 0.0457807 9.9991E-05 0.121622 0.111204 0.0571722
0.0153006 0.620022 0.0417417 0.0109054 0.0969227 0.197352 0.0177553
0.00913146 0.192367 0.0315611 0.0383576 9.9991E-05 0.361534 0.36695
0.0256392 0.552288 0.085987 0.0659155 0.151597 0.021755 0.096819
9.9991E-05 0.568491 0.0379875 0.0150271 0.0952774 0.00386049 0.279256
9.9982E-05 9.9982E-05 0.070193 0.035506 0.0987805 0.0852332 0.710087
0.0323502 0.705343 0.0236745 0.00124189 0.104641 9.9991E-05 0.13265
0.0200877 0.34641 0.109169 9.9991E-05 0.110478 0.0381911 0.375563
0.00587861 0.543767 0.0255987 0.08777 0.0884169 0.0494988 0.19907
9.9982E-05 0.27085 0.0539536 9.9982E-05 0.107767 0.111283 0.455946
9.9982E-05 0.166758 0.0283327 9.9982E-05 0.0691589 0.13 0.605551
9.9991E-05 0.396437 0.120682 0.0396053 0.0773063 0.0445607 0.321309
0.0516853 0.485903 0.0431125 0.057502 0.0735677 0.0781185 0.210111
0.00619764 0.476897 0.00410063 0.0553142 0.170194 0.101675 0.185622
0.0551882 0.131389 0.145199 0.0452273 0.0364059 0.11767 0.468921
0.0170365 0.588593 0.0223974 0.0590756 0.101274 0.0902103 0.121414
9.9973E-05 0.385159 0.0508893 9.9973E-05 9.9973E-05 0.0877334 0.475918
9.9973E-05 0.482017 0.0732741 9.9973E-05 9.9973E-05 0.0969745 0.347434
0.0446899 0.588826 0.0540898 9.9991E-05 0.132797 0.0587907 0.120707
0.0538914 0.121574 0.0189038 0.295213 0.319317 0.0377876 0.153313
9.9964E-05 9.9964E-05 9.9964E-05 0.293616 0.382955 9.9964E-05 0.323029
0.00695287 9.9973E-05 9.9973E-05 0.203043 0.410412 9.9973E-05 0.379292
0.0713903 0.0125389 0.0234207 0.39758 0.25916 0.0595089 0.1764
9.9973E-05 0.632896 0.0909173 9.9973E-05 0.00722977 9.9973E-05 0.268657
0.00425333 0.656159 0.0495073 0.0453591 0.110334 9.9991E-05 0.134287
0.626178 0.330604 9.9964E-05 0.0428184 9.9964E-05 9.9964E-05 9.9964E-05
0.365067 0.39571 0.0204266 0.103077 0.0155312 0.100088 9.9991E-05
0.356799 0.405733 0.0539101 0.0624923 0.0616272 0.0593387 9.9991E-05
0.0068388 0.32912 0.0351066 9.9982E-05 9.9982E-05 0.0431319 0.585603
0.0266268 0.543854 0.0657386 0.0139008 0.0822585 0.0614329 0.206188
9.9964E-05 0.322887 9.9964E-05 9.9964E-05 9.9964E-05 0.0827532 0.59396
9.9982E-05 0.600612 0.0230849 0.0200166 0.0793357 9.9982E-05 0.27675
0.0589498 0.492663 9.9982E-05 9.9982E-05 0.0436492 0.0491766 0.355361
0.00834449 0.59512 9.9973E-05 9.9973E-05 0.00644198 9.9973E-05 0.389794
9.9982E-05 0.296424 0.00310896 9.9982E-05 0.000171398 0.016223 0.683873
0.0444482 0.661893 0.0191467 9.9982E-05 0.0876115 9.9982E-05 0.1867
9.9991E-05 0.565253 0.0503913 0.0671088 0.120618 0.0338698 0.162659
0.926197 0.0510863 0.00361569 9.9991E-05 0.0114681 0.00415395 0.00337861
0.913172 0.075537 0.00768822 9.9973E-05 9.9973E-05 0.00330319 9.9973E-05
0.530451 0.307144 0.0192107 9.9991E-05 0.0736181 0.0552616 0.0142145
0.61859 0.353719 9.9964E-05 9.9964E-05 9.9964E-05 0.0272913 9.9964E-05
0.796946 0.1308 9.9964E-05 9.9964E-05 9.9964E-05 0.0718535 9.9964E-05
0.9994 9.995E-05 9.995E-05 9.995E-05 9.995E-05 9.995E-05 9.995E-05
0.955257 0.0171054 9.9964E-05 9.9964E-05 9.9964E-05 0.0272374 9.9964E-05
0.833618 0.165882 9.9955E-05 9.9955E-05 9.9955E-05 9.9955E-05 9.9955E-05
0.946783 9.9973E-05 0.00843152 9.9973E-05 0.0119894 0.0324963 9.9973E-05
0.9994 9.995E-05 9.995E-05 9.995E-05 9.995E-05 9.995E-05 9.995E-05
0.9994 9.995E-05 9.995E-05 9.995E-05 9.995E-05 9.995E-05 9.995E-05
0.715477 0.223254 9.9982E-05 0.0421555 0.00548343 0.0134295 9.9982E-05
0.723356 0.111155 0.00252905 0.123208 0.0134927 0.0261591 9.9991E-05
0.9994 9.995E-05 9.995E-05 9.995E-05 9.995E-05 9.995E-05 9.995E-05
0.357948 0.305135 0.0856943 0.0634498 0.0864863 0.0647307 0.0365565
0.594613 0.241211 0.0175005 0.0444842 0.0493855 0.0527065 9.9991E-05
0.744715 0.156529 9.9973E-05 0.0905534 9.9973E-05 0.00790194 9.9973E-05
0.849416 0.0995243 0.00033709 0.037889 0.0103056 0.00242835 9.9991E-05
0.984865 9.9955E-05 9.9955E-05 0.0146352 9.9955E-05 9.9955E-05 9.9955E-05
0.941222 0.0197603 9.9964E-05 0.0386182 9.9964E-05 9.9964E-05 9.9964E-05
0.984982 9.9964E-05 9.9964E-05 0.0118511 0.0027674 9.9964E-05 9.9964E-05
0.608127 0.289373 0.00613474 0.0271747 0.0606957 9.9991E-05 0.00839574
0.927504 9.9973E-05 9.9973E-05 0.0406018 9.9973E-05 0.0144251 0.0171693
0.0130355 9.9973E-05 9.9973E-05 0.0999173 0.273579 9.9973E-05 0.613168
0.0957948 0.382758 9.9991E-05 0.0282887 0.225912 0.00788779 0.259259
9.9973E-05 0.450389 9.9973E-05 0.0966459 0.169868 9.9973E-05 0.282797
0.00643657 0.194457 9.9982E-05 0.191866 0.161124 9.9982E-05 0.445917
0.0298836 0.451963 0.047697 0.148095 0.133134 0.0453848 0.143843
0.0111404 0.134563 0.00338813 0.192353 0.206641 9.9991E-05 0.451814
0.0249199 0.43847 0.014155 0.141481 0.125639 0.0784187 0.176916
0.0395795 0.342626 9.9982E-05 0.145929 0.165154 9.9982E-05 0.306512
9.9973E-05 0.449692 9.9973E-05 0.243403 0.108198 9.9973E-05 0.198408
0.0468316 0.353852 0.00993922 0.166815 0.151343 9.9991E-05 0.271119
0.0674583 0.419583 0.0816453 0.0913686 0.172343 0.0261396 0.141462
9.9964E-05 0.0667191 9.9964E-05 9.9964E-05 0.903903 9.9964E-05 0.0289782
0.0703094 9.9973E-05 0.00996878 9.9973E-05 0.884038 9.9973E-05 0.0353838
9.9982E-05 0.0253511 9.9982E-05 0.0146568 0.935454 0.00828423 0.0160535
9.9955E-05 9.9955E-05 9.9955E-05 9.9955E-05 0.973674 9.9955E-05 0.0258265
9.9964E-05 0.0710238 9.9964E-05 9.9964E-05 0.897083 0.0314933 9.9964E-05
9.9955E-05 9.9955E-05 9.9955E-05 0.0614859 0.938014 9.9955E-05 9.9955E-05
0.032535 0.0504161 9.9973E-05 9.9973E-05 0.906603 0.0101459 9.9973E-05
9.9973E-05 9.9973E-05 9.9973E-05 0.0125399 0.939972 0.031407 0.0157808
0.0432475 0.0157533 0.0241981 9.9982E-05 0.899883 9.9982E-05 0.0167183
9.9973E-05 9.9973E-05 9.9973E-05 0.0708814 0.868034 0.0110581 0.0497269
9.9982E-05 9.9982E-05 0.0513829 0.0308458 0.574437 0.295594 0.0475396
9.9973E-05 9.9973E-05 0.00483717 9.9973E-05 0.604254 0.326915 0.0636943
9.9973E-05 9.9973E-05 0.0464341 9.9973E-05 0.53147 0.347654 0.0741424
9.9973E-05 9.9973E-05 0.0281465 9.9973E-05 0.445823 0.406708 0.119023
0.0265554 0.447794 0.296032 0.008564 0.0578084 0.163146 9.9991E-05
0.0391286 0.458232 0.320175 0.0325376 0.0441805 0.105646 9.9991E-05
0.00760034 0.512651 0.179534 0.023113 0.0175178 0.259484 9.9991E-05
9.9982E-05 0.394289 0.292492 9.9982E-05 0.0536896 0.254533 0.00479676
0.0194453 0.230522 0.0789533 9.9982E-05 9.9982E-05 0.60144 0.06944
9.9982E-05 0.688454 0.166261 9.9982E-05 0.0455141 0.0647361 0.0348342
0.00138513 0.617814 0.250482 9.9982E-05 9.9982E-05 0.121687 0.00843248
9.9982E-05 0.514162 0.255888 0.0686105 9.9982E-05 0.0688074 0.0923319
0.0311142 0.355497 0.516965 0.00412879 9.9982E-05 9.9982E-05 0.0920946
0.0343636 0.607994 0.152573 9.9991E-05 0.0610092 0.091828 0.0521317
9.9973E-05 0.424901 0.467663 9.9973E-05 0.0472321 0.0599041 9.9973E-05
9.9955E-05 9.9955E-05 0.775291 9.9955E-05 9.9955E-05 9.9955E-05 0.224209
0.0180403 0.542003 0.164923 0.0392595 0.0562978 0.151722 0.0277541
9.9964E-05 0.14576 0.654987 9.9964E-05 9.9964E-05 9.9964E-05 0.198853
0.00850042 0.513288 0.328147 9.9991E-05 0.0487571 0.00862771 0.0925797
9.9973E-05 0.130745 0.671958 9.9973E-05 0.00664028 0.190358 9.9973E-05
9.9964E-05 9.9964E-05 9.9964E-05 9.9964E-05 0.156722 0.786519 0.0563588
9.9973E-05 0.0762277 9.9973E-05 9.9973E-05 0.121658 0.724304 0.0775098
9.9982E-05 0.0457619 0.0188392 9.9982E-05 0.0949594 0.765899 0.0743407
9.9964E-05 9.9964E-05 9.9964E-05 9.9964E-05 0.122198 0.808284 0.0691176
9.9973E-05 0.0824357 9.9973E-05 9.9973E-05 0.0609481 0.805235 0.0510817
0.0303888 0.085443 9.9982E-05 9.9982E-05 0.085877 0.722547 0.0755441
0.0572991 0.0277081 0.0577211 0.00925292 0.844843 0.0030757 9.9991E-05
0.010101 0.126483 0.00336768 0.0149805 0.816567 0.0284008 9.9991E-05
0.0321593 0.135089 0.0197197 0.0328183 0.773304 0.000327389 0.00658226
0.0577235 0.045856 0.0546404 9.9973E-05 0.84148 9.9973E-05 9.9973E-05
0.055824 0.136715 0.00449472 0.0284274 0.765178 0.00122416 0.0081372
9.9964E-05 9.9964E-05 9.9964E-05 9.9964E-05 0.39854 0.553295 0.0477654
9.9973E-05 9.9973E-05 9.9973E-05 0.0380082 0.419239 0.51481 0.0276428
9.9973E-05 9.9973E-05 9.9973E-05 0.0649123 0.388065 0.518599 0.0281246
0.00295848 0.126151 0.0147208 9.9982E-05 0.854236 0.00173384 9.9982E-05
0.00556072 9.9982E-05 0.0114929 9.9982E-05 0.383205 0.517308 0.0822336
0.0535066 0.227191 9.9982E-05 0.427845 0.189167 9.9982E-05 0.102091
0.0871095 0.498993 0.0221697 0.22924 0.146992 9.9991E-05 0.0153951
0.116079 0.526594 9.9973E-05 0.234667 0.12236 9.9973E-05 9.9973E-05
0.0666653 0.282242 9.9982E-05 0.363339 0.173734 9.9982E-05 0.11382
0.0536704 0.547742 0.0328053 0.106662 0.176523 0.0813304 0.00126645
9.9964E-05 9.9964E-05 9.9964E-05 0.46103 0.34249 9.9964E-05 0.19608
9.9973E-05 0.478124 0.0485851 9.9973E-05 9.9973E-05 0.39023 0.0827609
9.9982E-05 0.482226 0.0590905 0.0285852 9.9982E-05 0.190942 0.238956
9.9973E-05 0.312609 0.084739 9.9973E-05 9.9973E-05 0.548723 0.0536291
0.0116354 0.56169 0.0544884 9.9982E-05 9.9982E-05 0.162129 0.209857
9.9964E-05 9.9964E-05 0.0456146 9.9964E-05 9.9964E-05 0.326188 0.627797
0.00524758 0.60652 0.0611695 0.0735778 0.0860072 0.110296 0.0571823
0.0222693 0.546916 0.0594149 0.05016 0.0109901 0.162269 0.147982
9.9982E-05 0.380613 0.0672675 9.9982E-05 0.0391781 0.450894 0.061847
0.0109828 0.519319 0.0746912 0.103173 0.0789382 0.145947 0.0669482
9.9973E-05 0.181023 0.0891324 9.9973E-05 9.9973E-05 0.318849 0.410696
9.9982E-05 0.595415 0.0087201 0.0312542 9.9982E-05 0.179129 0.185282
9.9991E-05 0.537321 0.0563883 0.000520699 0.0403205 0.295126 0.0702243
0.0383881 0.395273 0.0784902 0.216672 0.0522291 0.0807913 0.138156
9.9982E-05 0.323431 0.117513 0.0839183 9.9982E-05 0.24839 0.226547
9.9982E-05 0.427595 0.0571029 0.0587396 9.9982E-05 0.21697 0.239392
0.0475398 0.606176 0.0412331 9.9982E-05 9.9982E-05 0.160953 0.143898
9.9973E-05 0.576776 0.0698836 9.9973E-05 9.9973E-05 0.219002 0.134039
0.050312 0.638216 0.00994832 0.065692 9.9991E-05 0.11555 0.120181
0.037841 0.540608 0.0607342 0.0312127 0.0907263 0.144684 0.0941932
9.9991E-05 0.541835 0.0939063 0.0380021 0.101437 0.151685 0.0730353
0.0465309 0.110377 9.9964E-05 9.9964E-05 0.842692 9.9964E-05 9.9964E-05
0.0100017 0.117843 9.9964E-05 9.9964E-05 0.871755 9.9964E-05 9.9964E-05
0.0183132 0.0620817 0.0052809 9.9982E-05 0.886802 9.9982E-05 0.0273225
0.0803696 0.0162625 0.0102738 9.9982E-05 0.876076 0.0168178 9.9982E-05
9.99679E-05 0.105048 9.99679E-05 9.99679E-05 0.894427 0.00012601 9.99679E-05
0.0238001 0.10395 0.109592 0.0764257 0.00624918 0.622229 0.0577543
0.0116905 0.510498 0.0624883 0.126603 0.00378109 0.1756 0.109339
0.11033 0.373533 0.00205386 0.181624 0.157479 0.0770673 0.0979126
0.0479623 0.676238 0.0344626 9.9991E-05 0.0427522 0.192021 0.00646405
0.0240282 0.502159 0.0806838 0.0359386 0.0188515 0.338238 9.9991E-05
9.9982E-05 0.307635 0.0372451 0.0317177 9.9982E-05 0.33244 0.290762
9.9991E-05 0.0134844 0.11596 0.0306154 0.0538358 0.743013 0.042992
9.9982E-05 0.498426 0.0691361 0.00809452 0.07176 0.352384 9.9982E-05
0.0659782 0.272863 0.0116659 9.9991E-05 0.038829 0.565461 0.0451037
0.0599966 0.460441 0.115923 9.9991E-05 0.0504468 0.203953 0.109141
9.9991E-05 0.187643 0.0341965 0.004641 0.0664074 0.627288 0.0797234
0.020645 0.536939 0.0478152 0.054811 0.0734455 0.266244 9.9991E-05
9.9991E-05 0.191528 0.0748015 0.00517384 0.0394353 0.584116 0.104845
0.0562507 0.284679 0.0652481 0.0583821 9.9991E-05 0.284906 0.250435
0.000190613 0.529303 0.0720286 0.0314948 0.0800476 0.0796307 0.207305
9.9973E-05 0.38934 9.9973E-05 9.9973E-05 0.0128272 0.0434357 0.554097
0.0167421 0.559839 0.00831847 9.9991E-05 0.0559871 0.0103913 0.348622
9.9991E-05 0.54401 0.013106 0.0714213 0.134817 0.0685108 0.168035
9.9973E-05 0.3216 0.0336596 9.9973E-05 9.9973E-05 0.0362106 0.60823
0.0195338 0.584238 0.0482156 9.9991E-05 0.0983614 0.0218453 0.227706
9.9982E-05 0.59664 0.019264 9.9982E-05 0.0592377 0.0247866 0.299871
9.9964E-05 0.195818 0.0889443 9.9964E-05 9.9964E-05 9.9964E-05 0.714838
9.9973E-05 0.257088 9.9973E-05 9.9973E-05 0.00174835 0.033378 0.707486
9.9973E-05 0.5344 9.9973E-05 9.9973E-05 0.0367388 0.0192385 0.409323
9.9973E-05 0.134145 0.117017 9.9973E-05 9.9973E-05 0.0385866 0.709951
9.9982E-05 0.471794 0.030865 9.9982E-05 0.00295123 0.10761 0.38658
0.0176055 0.1253 0.135746 0.0414848 9.9982E-05 0.679663 9.9982E-05
0.0234484 0.242952 0.0704739 0.0629497 9.9991E-05 0.329498 0.270579
0.043943 0.395128 0.0520918 0.0499664 0.0224852 0.436285 9.9991E-05
9.9982E-05 0.552307 0.0659105 0.0901083 0.0416959 0.249778 9.9982E-05
0.00550101 0.224777 0.180658 0.0386968 9.9982E-05 0.550167 9.9982E-05
9.9991E-05 0.522239 0.00439007 0.0914501 0.0564343 0.172812 0.152574
9.9991E-05 0.575929 0.0786805 0.0419541 0.0257547 0.239343 0.0382382
0.0216085 0.463551 0.137363 0.0912887 9.9991E-05 0.24387 0.0422198
0.062065 0.453813 0.099062 0.101041 9.9991E-05 0.26989 0.0140285
0.0364638 0.500313 9.9982E-05 9.9982E-05 0.017589 0.419168 0.0262657
9.9973E-05 0.233163 0.172641 0.0658321 9.9973E-05 0.528064 9.9973E-05
0.0213314 0.401735 0.0631197 0.0403787 9.9991E-05 0.468159 0.00517575
9.9982E-05 0.576382 0.00554052 0.0943196 9.9982E-05 0.232301 0.0912571
0.0154558 0.581347 0.0605795 0.0982983 0.00930305 0.149388 0.0856286
0.0186351 0.302192 0.0943539 0.169805 9.9991E-05 0.252885 0.16203
0.0662524 0.449086 0.103859 0.0902033 9.9991E-05 0.226566 0.063933
0.0515112 0.372671 0.0740369 0.0233346 9.9991E-05 0.456121 0.0222254
0.0104202 0.553668 0.0326907 0.0780189 9.9991E-05 0.305142 0.0199601
0.0625265 0.45996 0.117392 0.0530753 0.0184425 0.277809 0.0107943
0.00384011 0.485084 0.0596721 0.120255 0.0663256 0.146873 0.11795
0.0421417 0.411751 0.0161453 0.183613 0.308176 0.0330289 0.00514393
0.00253439 0.503215 0.00547168 0.274215 0.084966 0.049374 0.0802241
0.0445336 0.435917 0.0521141 0.183489 0.121525 0.0840164 0.0784048
0.0479917 0.542748 9.9991E-05 0.178347 0.0806706 0.0471121 0.103031
0.0451139 0.412912 0.0343649 0.276276 0.132735 0.00158327 0.0970153
9.9964E-05 0.570997 9.9964E-05 9.9964E-05 9.9964E-05 0.16646 0.262143
0.0382352 0.467279 0.0747941 0.195846 0.155886 9.9991E-05 0.0678588
0.0927137 9.9991E-05 0.0483368 0.217879 0.139967 0.115079 0.385924
0.0247527 0.49922 0.00319916 0.197174 0.0687667 0.100602 0.106285
0.0529787 0.51745 0.0182389 0.152744 0.13925 0.0404482 0.0788898
0.0740166 0.537273 0.0500514 0.110729 0.103574 0.041074 0.0832822
9.9991E-05 0.301643 0.0536693 0.214799 0.142277 0.0457662 0.241746
0.0518649 0.519599 9.9991E-05 0.174677 0.147789 0.0425118 0.0634579
0.056901 0.465382 9.9991E-05 0.254294 0.100158 0.0733922 0.0497738
9.9964E-05 9.9964E-05 9.9964E-05 0.2899 0.399662 9.9964E-05 0.310039
0.0896538 0.487512 0.0102984 0.0909623 0.203895 0.0608922 0.0567862
0.0847471 0.445986 9.9991E-05 0.251606 0.134618 0.0425818 0.0403614
0.0414568 0.551884 0.024128 0.109254 0.115334 0.0880769 0.0698665
0.0624691 0.492987 9.9982E-05 0.269441 0.135645 9.9982E-05 0.0392579
0.0439033 0.523148 0.0334397 0.10965 0.214741 9.9991E-05 0.0750173
0.0255586 0.492604 0.0494028 9.9991E-05 0.0227584 0.0572258 0.352351
0.0658556 0.482201 0.138384 0.0242437 0.0551395 0.0254321 0.208744
9.9973E-05 0.0598799 0.0587214 9.9973E-05 9.9973E-05 0.0806439 0.800455
9.9973E-05 0.112657 0.0357608 9.9973E-05 9.9973E-05 0.040435 0.810848
0.0214149 0.537319 0.0154399 0.0147939 0.0640344 0.0523041 0.294694
0.062904 0.337381 9.9982E-05 0.356902 0.0823747 9.9982E-05 0.160239
0.0120669 0.312591 9.9982E-05 0.456601 0.0577656 9.9982E-05 0.160775
0.0545612 0.194417 9.9982E-05 0.408538 0.0862164 9.9982E-05 0.256068
0.0235249 0.352256 9.9982E-05 0.391002 0.0517753 9.9982E-05 0.181242
9.9973E-05 0.171139 9.9973E-05 0.103889 0.0334908 9.9973E-05 0.691181
9.9991E-05 0.226196 0.0274492 0.123594 0.0341166 0.00862501 0.57992
0.052106 0.615945 0.0119932 0.0473797 9.9982E-05 9.9982E-05 0.272376
0.0797034 0.47052 9.9982E-05 0.0525637 0.0455284 9.9982E-05 0.351484
0.022246 0.296052 0.0372908 0.0779956 9.9991E-05 0.0264808 0.539835
0.0413794 0.59746 9.9991E-05 0.0514324 0.0282564 0.0515056 0.229866
0.034925 0.58121 9.9982E-05 0.123756 9.9982E-05 0.0148022 0.245107
0.0384647 0.565158 0.0384787 0.0220679 0.118619 0.0204447 0.196768
9.9973E-05 0.428626 0.032797 9.9973E-05 9.9973E-05 0.037988 0.500289
9.9964E-05 0.51265 9.9964E-05 9.9964E-05 9.9964E-05 0.0757785 0.411172
9.9991E-05 0.564912 0.0371153 0.0446804 0.0138148 0.0995728 0.239804
0.0238811 0.48899 0.0315163 9.9991E-05 0.0439334 0.134899 0.27668
0.0362157 0.545489 0.0172326 0.0252776 0.0904597 0.0921293 0.193196
9.9973E-05 0.508887 0.091285 9.9973E-05 9.9973E-05 0.0421992 0.357329
9.9973E-05 0.305521 0.0136363 9.9973E-05 9.9973E-05 0.0261029 0.65444
9.9973E-05 0.708993 0.026322 9.9973E-05 0.0170327 9.9973E-05 0.247353
9.9973E-05 0.278415 0.033447 9.9973E-05 9.9973E-05 0.083124 0.604714
9.9973E-05 0.559037 0.0176847 9.9973E-05 0.00997092 9.9973E-05 0.413008
0.010593 0.541388 0.0703299 0.0184733 0.0774704 0.0927534 0.188992
0.0623675 0.524803 0.0856599 9.9991E-05 0.0691263 0.0686107 0.189332
0.072147 0.489989 9.9991E-05 0.17119 0.137786 0.0377314 0.0910567
0.0877538 0.456529 0.0684094 0.0128471 0.186071 0.0415711 0.146818
0.0894921 0.286574 9.9982E-05 0.297777 0.149347 9.9982E-05 0.17661
0.129858 0.32023 9.9991E-05 0.188001 0.184746 0.0498048 0.127261
0.0904893 0.444503 0.000691832 0.128214 0.163688 0.0979717 0.0744419
0.0390386 0.39436 0.0588536 0.203245 0.13959 9.9991E-05 0.164813
0.0381763 9.9982E-05 0.0177723 0.243214 0.0909293 9.9982E-05 0.609708
0.0921207 0.527737 9.9982E-05 0.192418 0.067327 9.9982E-05 0.120198
9.9964E-05 9.9964E-05 9.9964E-05 0.235674 0.240478 9.9964E-05 0.523448
0.0664555 0.524877 9.9991E-05 0.161701 0.0322757 0.00950703 0.205084
9.9964E-05 0.233423 0.0853451 9.9964E-05 9.9964E-05 9.9964E-05 0.680832
9.9973E-05 0.090634 0.159074 9.9973E-05 9.9973E-05 0.0170594 0.732933
9.9964E-05 0.572915 0.00762166 9.9964E-05 9.9964E-05 9.9964E-05 0.419064
0.0062452 0.701624 0.00639212 9.9991E-05 0.00874088 0.000965149 0.275933
9.9955E-05 0.522509 9.9955E-05 9.9955E-05 9.9955E-05 9.9955E-05 0.476991
0.0143521 0.665869 0.0138713 9.9973E-05 9.9973E-05 9.9973E-05 0.305608
9.9964E-05 0.62501 0.0128693 9.9964E-05 9.9964E-05 9.9964E-05 0.361721
0.0256402 0.0243273 0.00597536 0.00925836 0.853188 0.0726571 0.00895347
0.0443358 0.0336076 0.0391155 0.0753014 0.732864 0.0582882 0.0164879
0.0362724 0.00582266 9.9991E-05 0.0179712 0.922418 0.0108606 0.00655487
9.9964E-05 0.0520508 9.9964E-05 9.9964E-05 0.942547 9.9964E-05 0.00500242
0.0422057 0.496743 0.343024 0.0175534 0.07498 9.9991E-05 0.0253942
0.0310703 0.486636 0.334601 0.0115557 0.0447026 0.0778683 0.0135661
9.9973E-05 0.464526 0.473122 9.9973E-05 0.0378814 0.0241703 9.9973E-05
0.027351 0.574419 0.249087 9.9991E-05 0.0992845 0.0412947 0.00846438
0.0450185 0.589279 0.109229 9.9991E-05 0.11432 0.0395001 0.102554
9.9973E-05 0.27752 0.589181 9.9973E-05 0.0574286 0.0755701 9.9973E-05
9.9964E-05 0.632785 0.34297 0.023845 9.9964E-05 9.9964E-05 9.9964E-05
0.0160812 0.232392 0.59111 9.9973E-05 9.9973E-05 9.9973E-05 0.160117
0.0674686 0.38204 9.9982E-05 0.160558 0.297159 0.0925749 9.9982E-05
0.0102274 0.454892 0.357704 0.0202979 9.9991E-05 0.0294232 0.127355
9.9973E-05 0.364089 0.507803 9.9973E-05 0.0512419 0.0765655 9.9973E-05
0.00666079 0.538378 0.319986 0.0153172 0.00825634 9.9991E-05 0.111302
0.00961089 0.39219 0.477582 9.9982E-05 0.00499018 0.115426 9.9982E-05
0.0486003 0.532635 0.397095 9.9973E-05 9.9973E-05 9.9973E-05 0.0213697
9.9982E-05 0.538211 0.325197 9.9982E-05 0.0959712 0.0301586 0.0102618
9.9955E-05 9.9955E-05 0.824936 9.9955E-05 9.9955E-05 9.9955E-05 0.174564
0.015381 0.295857 0.542122 9.9973E-05 9.9973E-05 9.9973E-05 0.14634
0.0210172 0.31697 0.613982 9.9973E-05 9.9973E-05 9.9973E-05 0.0477305
9.9955E-05 9.9955E-05 0.758111 9.9955E-05 9.9955E-05 9.9955E-05 0.241389
0.00273961 0.392962 0.396261 9.9982E-05 0.0693983 0.138439 9.9982E-05
9.9964E-05 0.0774358 0.588893 9.9964E-05 9.9964E-05 9.9964E-05 0.333271
9.9955E-05 9.9955E-05 0.752612 9.9955E-05 9.9955E-05 9.9955E-05 0.246888
0.0370502 0.533119 0.335873 9.9991E-05 0.0369836 0.0232923 0.0335821
0.000847786 0.165738 0.608391 9.9982E-05 0.0473421 0.177481 9.9982E-05
0.0157084 0.455782 0.430551 9.9982E-05 0.00341899 0.0943391 9.9982E-05
0.0214793 0.514218 0.160858 0.0943246 0.0958238 0.0726277 0.0406683
0.0148899 0.527265 0.358054 9.9982E-05 0.0565022 0.0430892 9.9982E-05
9.9982E-05 0.395682 0.0393095 0.0630225 9.9982E-05 0.265201 0.236585
0.0290366 0.520912 0.336299 9.9982E-05 0.0653719 0.048181 9.9982E-05
9.9973E-05 0.488288 0.337575 9.9973E-05 0.0441322 0.129705 9.9973E-05
9.9964E-05 0.305864 0.583657 9.9964E-05 9.9964E-05 9.9964E-05 0.110079
0.00144408 0.489448 0.259854 0.0358526 0.111631 0.0868933 0.0148765
0.0104877 9.9973E-05 9.9973E-05 9.9973E-05 0.680226 0.222208 0.0867791
9.9973E-05 9.9973E-05 0.0252233 9.9973E-05 0.764602 0.174085 0.0357896
9.9964E-05 9.9964E-05 9.9964E-05 9.9964E-05 0.845751 0.122893 0.0309556
9.9964E-05 9.9964E-05 9.9964E-05 9.9964E-05 0.831751 0.145516 0.0223333
9.9982E-05 0.0309542 0.0252388 9.9982E-05 0.736626 0.167894 0.0390877
0.0176352 0.103801 0.647659 9.9982E-05 0.0380208 0.192684 9.9982E-05
9.9973E-05 0.112687 0.679393 9.9973E-05 0.0333151 0.174305 9.9973E-05
9.9973E-05 0.11973 0.7601 0.0491771 9.9973E-05 9.9973E-05 0.0706922
0.0272363 0.577084 0.124119 0.0532639 0.117324 0.0545199 0.0464538
0.0160623 0.547904 0.140694 0.0792291 0.0719582 0.0954304 0.0487214
0.0391705 0.192515 0.653005 9.9982E-05 0.00210694 9.9982E-05 0.113002
0.100513 0.541681 0.287664 9.9982E-05 0.00500736 9.9982E-05 0.0649346
0.00946298 0.379869 0.4093 0.0480841 0.050896 9.9991E-05 0.102288
0.0151143 0.497797 0.384262 9.9991E-05 0.0487731 0.051554 0.00239947
0.0621058 0.541388 0.300727 0.0160518 0.0306291 0.0489978 9.9991E-05
0.0125414 0.19771 0.65965 9.9973E-05 9.9973E-05 0.1298 9.9973E-05
9.9973E-05 0.270766 0.587554 9.9973E-05 0.00884141 0.132538 9.9973E-05
9.9973E-05 0.277475 0.575299 9.9973E-05 0.0174413 0.129485 9.9973E-05
0.0358815 0.615211 0.00997385 0.0189046 0.0973645 0.00793295 0.214732
9.9973E-05 0.389869 0.492038 9.9973E-05 0.0405236 0.0772691 9.9973E-05
0.0296208 0.405991 0.439322 9.9982E-05 0.0216041 0.103262 9.9982E-05
0.0925658 0.40497 9.9982E-05 0.465046 9.9982E-05 0.0304398 0.00677894
0.102496 0.250531 0.00661936 0.608311 9.9991E-05 0.0254301 0.00651266
0.0661579 0.373173 9.9964E-05 0.560269 9.9964E-05 9.9964E-05 9.9964E-05
0.0270369 0.162148 9.9973E-05 0.803546 0.00697 9.9973E-05 9.9973E-05
0.0217292 0.389903 0.0182246 0.498531 9.9982E-05 0.0714116 9.9982E-05
9.9973E-05 0.525726 0.161127 9.9973E-05 0.0859968 9.9973E-05 0.226849
9.9955E-05 9.9955E-05 9.9955E-05 0.98736 0.0121404 9.9955E-05 9.9955E-05
9.9955E-05 0.187991 9.9955E-05 0.811509 9.9955E-05 9.9955E-05 9.9955E-05
0.00556821 0.385341 0.0369413 0.22284 0.140209 9.9991E-05 0.209001
9.9982E-05 0.577454 0.00773653 9.9982E-05 0.154331 0.0396779 0.220601
9.9973E-05 0.544111 9.9973E-05 9.9973E-05 0.15577 0.0668344 0.232985
0.0132379 0.61953 9.9982E-05 9.9982E-05 0.159106 0.0335023 0.174424
0.0124764 0.656088 9.9982E-05 9.9982E-05 0.16992 0.00453169 0.156784
0.0409598 0.22724 9.9964E-05 0.7314 9.9964E-05 9.9964E-05 9.9964E-05
0.0237725 0.30955 0.0281068 0.57555 0.0214009 0.0415199 9.9991E-05
0.0495569 0.267559 9.9964E-05 0.682484 9.9964E-05 9.9964E-05 9.9964E-05
0.0494491 0.468391 0.0389002 0.352283 0.041206 0.0496704 9.9991E-05
9.9973E-05 0.105098 0.0416141 0.832982 9.9973E-05 0.0200057 9.9973E-05
0.0816771 0.378318 0.0164481 0.458431 0.041626 0.0234003 9.9991E-05
0.0386289 0.158701 9.9973E-05 0.791747 9.9973E-05 0.0106225 9.9973E-05
0.0605051 0.359097 0.0272636 0.417138 0.0421103 0.0678178 0.0260686
9.9991E-05 0.523971 0.0301219 0.0325474 0.162577 0.00225196 0.248431
0.0352501 0.289364 0.0359075 0.539089 0.0608488 0.0305917 0.00894904
9.995E-05 9.995E-05 9.995E-05 0.9994 9.995E-05 9.995E-05 9.995E-05
0.085401 0.286027 0.00613664 0.499726 0.0236238 0.0989854 9.9991E-05
9.9982E-05 0.347571 0.0377108 9.9982E-05 0.20493 0.0912764 0.318312
0.0153176 0.641239 9.9973E-05 9.9973E-05 0.0907299 9.9973E-05 0.252414
0.0893075 0.308269 9.9991E-05 0.479384 0.0368379 0.0525513 0.0335506
9.9982E-05 0.539199 0.00250057 9.9982E-05 0.174383 0.0726143 0.211103
9.9982E-05 0.51777 9.9982E-05 0.00798494 0.184351 0.0546594 0.235035
9.9982E-05 0.309223 0.0697668 0.375931 0.111094 9.9982E-05 0.133785
0.0116944 0.305836 9.9982E-05 0.424511 0.134483 9.9982E-05 0.123276
0.0475283 0.563648 0.107685 0.0507992 0.119372 0.019758 0.0912093
0.0908712 0.373706 0.039781 0.393572 0.0829474 0.0190223 9.9991E-05
0.0478572 0.369162 9.9973E-05 0.569853 0.0128285 9.9973E-05 9.9973E-05
0.0224474 0.0136689 9.9964E-05 0.963484 9.9964E-05 9.9964E-05 9.9964E-05
0.033572 0.650751 0.0013649 9.9991E-05 0.140379 0.0472259 0.126607
9.9982E-05 0.482425 0.0195174 9.9982E-05 0.163201 0.0330243 0.301633
9.9964E-05 0.214042 9.9964E-05 9.9964E-05 0.10827 9.9964E-05 0.677288
0.0293617 0.57966 0.0398386 9.9982E-05 0.189123 9.9982E-05 0.161817
0.00916446 0.426987 0.0149963 0.0503993 0.0904503 0.140881 0.267122
0.0438895 0.460853 0.00986178 0.16183 0.150973 0.0184488 0.154144
0.0603188 0.437174 0.0606334 0.129304 0.122271 0.0597963 0.130503
9.9964E-05 9.9964E-05 9.9964E-05 0.26067 0.30333 9.9964E-05 0.4356
9.9964E-05 9.9964E-05 9.9964E-05 0.253029 0.231767 9.9964E-05 0.514804
9.9991E-05 0.294595 0.00810325 0.191653 0.132287 0.0108374 0.362424
9.9964E-05 9.9964E-05 9.9964E-05 0.394208 0.220763 9.9964E-05 0.384629
9.9964E-05 9.9964E-05 9.9964E-05 0.344412 0.375498 9.9964E-05 0.27969
9.9982E-05 0.346052 0.00172282 0.185233 0.179671 9.9982E-05 0.287121
9.9991E-05 0.315208 0.0041915 0.296267 0.154916 0.0734883 0.15583
0.050393 0.114233 0.00576535 0.224637 0.238387 9.9991E-05 0.366484
0.00149661 0.0305919 9.9982E-05 0.326713 0.189332 9.9982E-05 0.451667
0.0292206 0.473298 0.0518809 0.166845 0.13365 0.0108085 0.134298
9.9982E-05 0.128314 0.0105165 0.300481 0.167778 9.9982E-05 0.392711
9.9964E-05 9.9964E-05 9.9964E-05 0.223967 0.271704 9.9964E-05 0.503929
0.0583107 0.480332 0.102412 0.116718 0.110697 0.0527791 0.0787508
9.9973E-05 0.263855 9.9973E-05 0.388751 0.0866128 9.9973E-05 0.260481
0.0219626 0.371405 0.052547 0.271716 0.282169 9.9982E-05 9.9982E-05
0.0904166 0.572339 9.9973E-05 0.190237 0.146707 9.9973E-05 9.9973E-05
0.106344 0.520307 9.9982E-05 0.186724 0.109476 9.9982E-05 0.0769488
0.0929327 0.457058 0.00144916 0.233709 0.14664 9.9991E-05 0.0681114
0.0537525 0.284133 0.0459076 0.239087 0.298873 0.0781464 9.9991E-05
0.11826 0.448673 0.0498126 0.162649 0.17603 0.0425332 0.00204168
0.0535604 0.405636 0.0498468 0.265371 0.225386 9.9982E-05 9.9982E-05
0.0329148 0.252111 0.0147075 0.366616 0.162504 9.9991E-05 0.171047
0.0840184 0.248647 0.24706 0.10624 0.193913 0.120022 9.9991E-05
0.0940129 0.44584 0.115072 0.0673117 0.199686 0.0114136 0.0666631
0.120103 0.495377 0.0309524 0.0789736 0.125159 0.0726525 0.0767822
0.0529773 0.529122 0.0793071 0.135945 0.0852402 0.0746439 0.0427649
0.0790465 0.408727 9.9991E-05 0.213137 0.240077 0.0182741 0.0406374
0.082125 0.450011 0.0411288 0.213998 0.207709 9.9991E-05 0.0049281
0.0285311 0.0174663 9.9982E-05 0.487138 0.254481 9.9982E-05 0.212184
0.00137018 0.519529 0.0119077 0.263458 0.112915 0.0712103 0.0196103
9.9982E-05 0.139299 0.0112493 0.530793 0.188154 9.9982E-05 0.130306
0.0118806 9.9973E-05 9.9973E-05 9.9973E-05 0.809868 0.171814 0.00613736
9.9964E-05 0.160477 9.9964E-05 9.9964E-05 0.0607711 0.778352 9.9964E-05
9.995E-05 9.995E-05 9.995E-05 9.995E-05 9.995E-05 0.9994 9.995E-05
9.995E-05 9.995E-05 9.995E-05 9.995E-05 9.995E-05 0.9994 9.995E-05
9.9955E-05 0.0239814 9.9955E-05 9.9955E-05 9.9955E-05 0.975519 9.9955E-05
0.00786276 0.0226205 9.9973E-05 0.000203995 9.9973E-05 0.969013 9.9973E-05
9.9955E-05 0.0433959 9.9955E-05 9.9955E-05 9.9955E-05 0.956104 9.9955E-05
9.9955E-05 9.9955E-05 9.9955E-05 9.9955E-05 0.00097623 0.998524 9.9955E-05
9.9955E-05 9.9955E-05 9.9955E-05 9.9955E-05 0.147 0.8525 9.9955E-05
9.9973E-05 9.9973E-05 0.0407606 0.0203508 0.894723 0.0438659 9.9973E-05
9.9973E-05 0.0440755 9.9973E-05 0.0354836 0.788381 0.13176 9.9973E-05
9.9982E-05 0.0527322 0.00776089 9.9982E-05 0.890154 0.0360936 0.0130595
9.9982E-05 0.0214106 9.9982E-05 0.0591901 0.849776 0.0560961 0.0133276
9.9973E-05 0.0256822 9.9973E-05 0.0290434 0.871799 0.0731756 9.9973E-05
0.0204505 0.0460954 0.0183246 9.9982E-05 0.883305 0.0316246 9.9982E-05
0.0715525 0.112097 9.9991E-05 0.0295252 0.71053 0.0291591 0.0470365
9.9964E-05 0.0611642 9.9964E-05 0.0759597 0.862476 9.9964E-05 9.9964E-05
0.0184482 0.0626062 0.0360334 0.112262 0.680271 0.0812433 0.00913575
0.0681473 0.00995728 9.9964E-05 9.9964E-05 0.921496 9.9964E-05 9.9964E-05
0.0216012 9.9964E-05 9.9964E-05 9.9964E-05 0.976641 9.9964E-05 0.00135788
0.0196283 0.0504423 0.0230156 0.0393122 0.864491 0.00301088 9.9991E-05
9.9964E-05 9.9964E-05 0.0145177 0.026182 0.9589 9.9964E-05 9.9964E-05
0.00495728 0.044768 9.9973E-05 9.9973E-05 0.938914 9.9973E-05 0.0110608
0.0422195 0.0697885 0.00178428 9.9973E-05 0.885908 9.9973E-05 9.9973E-05
0.0291928 0.0550406 9.9964E-05 9.9964E-05 0.915367 9.9964E-05 9.9964E-05
0.0610763 0.0759955 9.9964E-05 9.9964E-05 0.862528 9.9964E-05 9.9964E-05
0.0522468 0.114966 9.9964E-05 9.9964E-05 0.832387 9.9964E-05 9.9964E-05
0.107512 0.0868016 9.9964E-05 9.9964E-05 0.805286 9.9964E-05 9.9964E-05
9.9982E-05 0.433925 0.0202055 9.9982E-05 0.182293 0.0517481 0.311629
9.9973E-05 0.720207 9.9973E-05 9.9973E-05 0.0924959 0.00233766 0.18466
0.0564749 0.565112 0.0718991 9.9991E-05 0.162093 0.0662186 0.0781018
0.0318367 0.127827 0.0223139 0.0143245 0.0706514 9.9991E-05 0.732947
0.0156715 0.515143 9.9982E-05 9.9982E-05 0.143725 0.133535 0.191725
0.00392728 0.136201 9.9973E-05 9.9973E-05 0.134578 9.9973E-05 0.724993
9.9973E-05 0.602179 9.9973E-05 0.113741 0.0527925 9.9973E-05 0.230987
9.9982E-05 0.446238 0.0797527 9.9982E-05 0.155234 0.0829353 0.23564
9.9982E-05 0.530317 0.0039196 9.9982E-05 0.165698 0.0308372 0.269028
9.9982E-05 0.45162 0.413741 0.0509441 0.0613524 0.0221426 9.9982E-05
9.9982E-05 0.4901 0.0577251 9.9982E-05 0.154521 0.0959905 0.201464
0.019685 0.656588 9.9982E-05 0.0309668 0.068622 9.9982E-05 0.223938
9.9973E-05 0.552797 9.9973E-05 9.9973E-05 0.114036 0.068284 0.264583
0.00912269 9.9982E-05 0.175902 0.117135 9.9982E-05 0.424518 0.273123
9.9964E-05 0.0546874 9.9964E-05 9.9964E-05 0.105449 9.9964E-05 0.839463
9.9964E-05 0.205058 9.9964E-05 9.9964E-05 0.123494 9.9964E-05 0.671048
0.0246157 0.648488 9.9982E-05 9.9982E-05 0.158702 0.0257369 0.142258
0.00136667 0.519096 0.00436713 0.0304133 0.0859825 9.9991E-05 0.358675
