9.9982E-05 0.0378922 9.9982E-05 0.0682102 0.893698
9.9982E-05 9.9982E-05 0.00528628 0.0433451 0.951169
0.101144 0.0431523 9.9991E-05 0.0160549 0.839548
0.0474398 0.0565864 9.9991E-05 0.122074 0.7738
0.0094822 0.100017 9.9991E-05 0.0409962 0.849405
0.0128566 0.0805283 0.124991 0.120222 0.661402
9.9982E-05 9.9982E-05 0.0665486 0.0557248 0.877527
0.0459379 0.0159097 0.0346276 0.15028 0.753245
9.9982E-05 9.9982E-05 0.0977638 0.0672553 0.834781
0.118922 0.0812165 0.0538513 0.0258288 0.720182
0.0447086 9.9991E-05 0.0886858 0.117125 0.749381
0.260618 0.0642614 0.145561 0.52946 9.9991E-05
0.549358 0.100625 0.019934 0.329982 9.9991E-05
0.310838 0.0659018 0.152944 0.46635 0.00396626
0.277954 0.209087 0.0875393 0.405782 0.019637
0.406274 0.156888 0.0872474 0.235279 0.114311
0.597162 0.151607 0.0879225 0.0967565 0.0665523
0.393235 0.146692 0.165855 0.294118 9.9991E-05
0.367694 0.0710594 0.108805 0.330566 0.121875
0.061808 0.0503188 0.179427 0.650739 0.0577071
0.42625 0.119093 0.175314 0.279242 9.9991E-05
0.50117 0.13354 0.243178 0.0968844 0.0252282
0.63231 9.9991E-05 0.111386 0.179087 0.0771166
0.279785 0.123018 0.192671 0.404426 9.9991E-05
0.620417 0.0922376 0.116728 0.0975451 0.0730726
0.561854 0.109211 0.0563562 0.171397 0.101181
0.158775 0.135053 0.203374 0.49122 0.0115774
0.187775 0.209655 0.107324 0.495146 9.9991E-05
0.184619 0.0882749 0.291764 0.435242 9.9991E-05
0.103114 0.0430252 9.9982E-05 9.9982E-05 0.853661
0.143962 9.9973E-05 9.9973E-05 9.9973E-05 0.855738
0.121233 0.0326685 9.9991E-05 0.0128367 0.833162
0.203566 0.0144032 9.9982E-05 9.9982E-05 0.781831
0.651733 0.0111635 0.161016 0.143178 0.0329088
0.615824 0.0509472 0.173063 0.160066 9.9991E-05
0.701549 9.9982E-05 0.266733 9.9982E-05 0.0315183
0.156892 0.0153634 0.116926 0.636664 0.074154
0.498636 0.0148233 0.442675 0.0200527 0.0238132
0.559499 0.0116295 0.191138 0.159436 0.078298
0.855527 9.9973E-05 0.144173 9.9973E-05 9.9973E-05
0.61969 0.0484177 0.183305 0.0715145 0.0770724
0.672786 0.0130667 0.071221 0.122688 0.120239
0.282328 9.9991E-05 0.422238 0.284784 0.0105497
0.670754 0.0579943 0.186355 0.00783714 0.0770596
0.650804 0.033903 0.245648 0.034927 0.0347179
0.664045 0.134916 0.0568582 9.9991E-05 0.14408
0.528079 9.9982E-05 0.423049 0.0486712 9.9982E-05
0.750584 0.00173794 0.137928 0.00569834 0.104051
0.623018 0.0792481 0.152138 9.9991E-05 0.145496
0.00621683 9.9991E-05 0.837261 0.0804073 0.0760147
0.215544 9.9982E-05 0.313211 0.471045 9.9982E-05
0.0897885 0.0455536 0.591329 0.230956 0.0423732
0.590149 0.0924845 0.0422184 0.262453 0.0126953
0.658235 0.0756198 0.16333 0.032271 0.0705442
0.599898 0.0738851 0.124363 0.105935 0.0959189
0.301568 9.9991E-05 0.259096 0.361375 0.0778601
0.590327 0.000211668 0.120649 0.268277 0.020536
0.541053 0.115705 0.159033 0.117437 0.0667727
0.331595 0.0542888 0.272055 0.236756 0.105306
0.0605742 0.0878661 0.343905 0.316298 0.191357
0.544816 0.0769521 0.241114 0.127994 0.00912406
0.470642 0.0252295 0.166837 0.309561 0.0277301
0.032159 9.9991E-05 0.331615 0.594755 0.0413716
0.528359 0.0528254 0.208636 0.210079 9.9991E-05
0.640641 0.122054 0.161999 0.0752062 9.9991E-05
0.559519 0.0740114 0.075716 0.207226 0.0835272
0.352349 0.0328816 0.276548 0.279897 0.0583244
0.432522 0.131732 0.200592 0.235054 9.9991E-05
0.640654 9.9991E-05 0.133697 0.141605 0.0839441
0.264554 0.000561739 0.289317 0.413735 0.031833
0.64417 9.9982E-05 0.235917 0.119713 9.9982E-05
0.365235 9.9982E-05 0.415294 0.21927 9.9982E-05
0.495299 0.121274 0.250688 0.034267 0.0984717
0.146767 9.9982E-05 0.805742 0.0472905 9.9982E-05
0.161739 9.9982E-05 0.765955 0.0721058 9.9982E-05
0.425846 9.9982E-05 0.556712 0.0172427 9.9982E-05
0.580606 9.9982E-05 0.324955 0.0942394 9.9982E-05
0.554918 0.0709004 0.183862 0.03287 0.15745
0.544538 0.0480501 0.273109 0.10559 0.0287133
0.390633 9.9982E-05 0.362641 0.246526 9.9982E-05
0.371052 9.9982E-05 0.29154 0.337209 9.9982E-05
0.644091 0.0156311 0.128393 0.0444229 0.167462
0.466516 9.9991E-05 0.429074 0.0947632 0.00954639
0.521365 9.9991E-05 0.355084 0.0572265 0.0662248
0.558235 9.9982E-05 0.400524 9.9982E-05 0.0410415
0.114132 9.9982E-05 0.844354 0.0413137 9.9982E-05
0.685413 0.0251169 0.132447 0.083255 0.0737681
0.0994475 0.0065063 9.9991E-05 0.054324 0.839622
0.0722385 9.9973E-05 9.9973E-05 9.9973E-05 0.927462
0.0870621 0.0322843 9.9982E-05 9.9982E-05 0.880454
0.0475559 0.00727644 9.9982E-05 9.9982E-05 0.944968
0.102129 0.00872835 9.9982E-05 9.9982E-05 0.888943
0.0562512 0.0512167 9.9982E-05 9.9982E-05 0.892332
0.0771744 9.9973E-05 9.9973E-05 9.9973E-05 0.922526
0.546381 0.0492454 0.206346 0.0267092 0.171319
0.700458 9.9991E-05 0.0855237 0.0964973 0.117421
0.232537 9.9991E-05 0.553929 0.186995 0.0264383
0.576582 0.0924585 0.127168 0.0849825 0.118809
0.568001 0.00961197 0.249076 0.161522 0.0117895
0.717081 0.0231973 0.18959 9.9991E-05 0.070032
0.646726 9.9982E-05 0.342331 9.9982E-05 0.0107432
0.538443 0.0649036 0.311631 0.069496 0.0155262
0.113067 9.9991E-05 0.5591 0.313542 0.0141916
0.643137 0.0406068 0.162271 0.0126058 0.141379
0.719631 0.00292445 0.189492 9.9991E-05 0.0878528
0.57975 0.121689 0.080985 0.166493 0.0510834
0.424738 0.00526799 0.566835 9.9991E-05 0.00305842
0.634575 9.9982E-05 0.3635 9.9982E-05 0.00172489
0.592795 0.00762822 0.197964 0.145709 0.0559031
0.472596 0.0558449 0.441033 0.0304255 9.9991E-05
0.580832 9.9991E-05 0.216723 0.146241 0.0561037
0.661676 9.9991E-05 0.134734 0.070781 0.132709
0.289251 0.0302207 0.347381 0.264965 0.068182
0.368221 0.124574 0.062914 0.343537 0.100754
0.53358 0.0598593 0.130447 0.132879 0.143235
0.680344 0.00464785 0.0792114 0.0797389 0.156058
0.595346 9.9991E-05 0.00593041 0.365452 0.0331716
0.646041 0.0578523 0.0266399 0.248918 0.0205486
0.499731 0.0179311 0.0018629 0.389771 0.0907034
0.531485 0.0213006 0.22398 0.107802 0.115433
0.607681 0.0128839 0.0642181 0.178923 0.136294
0.643653 9.9991E-05 0.136888 0.119606 0.0997534
0.526028 0.0105621 0.0884779 0.3684 0.00653239
0.642351 0.132046 0.115312 0.105812 0.00447805
0.58315 0.110465 0.0765722 0.129173 0.100639
0.601305 0.109823 0.0292565 0.259516 9.9991E-05
0.546278 0.0561504 0.112343 0.154075 0.131154
0.526287 0.15103 0.180851 0.141733 9.9991E-05
0.436049 0.0571984 0.239751 0.209256 0.0577464
0.631382 0.0926264 0.0489371 0.19052 0.0365343
0.716059 0.104246 9.9982E-05 0.179494 9.9982E-05
0.27548 0.0845439 0.222025 0.40545 0.0125005
0.219238 0.0112414 0.441723 0.259153 0.0686433
0.515316 0.0880581 0.117063 0.242096 0.0374667
0.096253 0.0891132 0.526037 0.288496 9.9991E-05
0.323221 9.9991E-05 0.211903 0.451662 0.0131133
0.474516 9.9982E-05 0.154035 0.371249 9.9982E-05
0.386111 9.9982E-05 0.0885828 0.525106 9.9982E-05
0.356549 0.030456 0.0866626 0.526232 9.9991E-05
0.560577 0.0891115 0.160226 0.0856706 0.104414
0.559721 0.135484 0.106799 0.163067 0.0349285
0.527688 0.0670879 0.136466 0.213002 0.0557552
0.0787765 0.135163 0.450938 0.335023 9.9991E-05
0.617691 0.044596 0.165363 0.0121625 0.160187
0.483088 0.0670865 0.304421 0.0529714 0.0924324
0.0141828 9.9991E-05 0.681854 0.109999 0.193865
0.621273 0.0506857 0.197294 9.9991E-05 0.130647
0.394285 0.0802122 0.347184 0.0834356 0.0948834
0.454108 0.119638 0.214453 0.113973 0.0978283
0.26629 0.0261115 0.492004 0.0526263 0.162969
0.273687 9.9991E-05 0.486483 0.106906 0.132825
0.463811 9.9991E-05 0.323832 0.147447 0.0648107
0.505876 0.111487 0.161307 0.126802 0.0945282
0.361447 0.10707 0.276451 0.129427 0.125605
0.0212402 0.170777 0.602477 0.147784 0.0577218
0.581111 0.0725321 0.148487 0.154179 0.0436904
0.433737 9.9982E-05 0.457821 0.108242 9.9982E-05
0.454569 0.0723989 0.420228 0.052704 9.9991E-05
0.685708 9.9991E-05 0.127162 0.0520797 0.13495
0.083744 0.299417 0.211212 0.07337 0.332257
9.9982E-05 0.163921 0.207319 9.9982E-05 0.628561
9.9982E-05 0.13151 0.344324 9.9982E-05 0.523966
0.084272 0.34232 0.121526 0.0334088 0.418474
0.703924 9.9982E-05 0.279011 9.9982E-05 0.0168654
0.663713 0.0615585 0.0337092 0.148913 0.092106
0.313118 0.651861 9.9982E-05 0.0348213 9.9982E-05
0.378022 0.459834 9.9991E-05 0.154807 0.00723823
0.299753 0.530372 0.0503583 0.0991351 0.0203821
0.370964 0.0376122 0.512461 0.0334507 0.0455119
0.572569 0.0293708 0.259818 0.0498915 0.0883509
0.226423 0.042811 0.695368 9.9991E-05 0.0352982
0.642105 0.0379882 0.313388 9.9991E-05 0.00641891
0.42976 0.0179607 0.424309 0.0807015 0.0472694
0.626953 0.0296449 0.29868 9.9991E-05 0.0446216
0.275903 0.0206265 0.617572 0.0533413 0.0325574
0.689917 0.0919321 0.138558 0.0204462 0.0591468
0.552109 0.108788 0.264313 9.9991E-05 0.0746897
9.997E-05 0.9996 9.997E-05 9.997E-05 9.997E-05
0.0306061 0.936095 9.9982E-05 0.0330985 9.9982E-05
0.249231 0.619703 0.00981987 0.121146 9.9991E-05
0.315384 0.684316 9.9973E-05 9.9973E-05 9.9973E-05
0.134066 0.865634 9.9973E-05 9.9973E-05 9.9973E-05
9.997E-05 0.9996 9.997E-05 9.997E-05 9.997E-05
9.9973E-05 0.962317 9.9973E-05 0.0373835 9.9973E-05
0.124189 0.875511 9.9973E-05 9.9973E-05 9.9973E-05
9.997E-05 0.9996 9.997E-05 9.997E-05 9.997E-05
9.997E-05 0.9996 9.997E-05 9.997E-05 9.997E-05
9.997E-05 0.9996 9.997E-05 9.997E-05 9.997E-05
0.195671 0.748423 9.9982E-05 0.0557058 9.9982E-05
0.126674 0.812232 9.9991E-05 0.00147503 0.0595191
9.9973E-05 0.990984 9.9973E-05 0.00871625 9.9973E-05
0.347794 0.391361 0.113144 0.079796 0.0679049
0.215132 0.665167 9.9982E-05 9.9982E-05 0.119501
0.205123 0.779859 9.9982E-05 9.9982E-05 0.014818
0.0452789 0.92805 9.9982E-05 0.0264713 9.9982E-05
9.997E-05 0.9996 9.997E-05 9.997E-05 9.997E-05
0.112046 0.874502 9.9982E-05 9.9982E-05 0.0132521
9.9973E-05 0.997921 9.9973E-05 9.9973E-05 0.00177918
0.248785 0.6418 0.0366969 0.0184268 0.0542916
9.9973E-05 0.920836 9.9973E-05 0.0788638 9.9973E-05
9.9982E-05 0.0614271 0.546186 9.9982E-05 0.392187
0.405711 0.137854 0.265029 0.00623034 0.185176
0.385081 0.132708 0.241642 9.9991E-05 0.24047
0.176736 0.124151 0.416401 9.9991E-05 0.282613
0.323974 0.209801 0.218019 0.0963748 0.15183
0.13127 0.164413 0.402457 9.9991E-05 0.30176
0.403721 0.169727 0.170296 0.0573084 0.198948
0.29458 0.190685 0.337197 9.9991E-05 0.177438
0.4706 0.102739 0.123029 0.0327496 0.270882
0.229799 0.294561 0.281027 9.9991E-05 0.194513
0.599068 0.0402293 0.113697 9.9991E-05 0.246906
0.0631297 9.9991E-05 0.0113731 0.0953112 0.830086
9.9982E-05 0.0598734 0.0109729 9.9982E-05 0.928954
9.9973E-05 9.9973E-05 9.9973E-05 0.0353276 0.964372
0.0125866 9.9982E-05 9.9982E-05 0.0512479 0.935966
9.9982E-05 0.049034 9.9982E-05 0.0578636 0.892902
9.9973E-05 0.0998988 9.9973E-05 9.9973E-05 0.899801
0.0779976 0.0393003 9.9991E-05 0.00573186 0.87687
9.9982E-05 9.9982E-05 0.047101 0.0404291 0.91227
0.0133066 0.0188977 0.00888698 0.0117249 0.947184
0.0410902 0.0785454 9.9991E-05 0.00244207 0.877822
9.9982E-05 9.9982E-05 0.114538 0.271424 0.613838
9.9982E-05 9.9982E-05 0.0182115 0.38078 0.600809
9.9982E-05 9.9982E-05 0.131189 0.328067 0.540544
9.9982E-05 9.9982E-05 0.125287 0.397128 0.477386
0.600892 0.0283007 0.150206 0.188475 0.032127
0.629451 0.0539167 0.209079 0.0927047 0.014849
0.67883 9.9991E-05 0.131784 0.13526 0.0540267
0.530629 9.9991E-05 0.164966 0.248391 0.0559148
0.239485 9.9982E-05 0.112379 0.647936 9.9982E-05
0.693193 0.0791138 0.147276 0.0318742 0.0485424
0.659869 9.9982E-05 0.258277 0.0816545 9.9982E-05
0.596545 0.00771254 0.281531 0.114111 9.9991E-05
0.442447 0.0814919 0.446803 0.0291581 9.9991E-05
0.573421 0.146995 0.157879 0.121605 9.9991E-05
0.570556 9.9982E-05 0.220818 0.208427 9.9982E-05
9.9973E-05 9.9973E-05 0.8098 0.1899 9.9973E-05
0.555238 9.9991E-05 0.0209274 0.299317 0.124418
0.377313 9.9982E-05 0.618553 0.00393385 9.9982E-05
0.614839 0.00429544 0.282155 0.0616964 0.0370136
0.277396 9.9982E-05 0.447949 0.274455 9.9982E-05
9.9982E-05 9.9982E-05 0.103301 0.770172 0.126327
0.0618315 9.9991E-05 0.132631 0.707777 0.0976611
9.9982E-05 9.9982E-05 0.0829818 0.877924 0.0388939
9.9982E-05 9.9982E-05 0.0634358 0.826685 0.109679
0.0327805 0.0662285 0.115124 0.785507 0.000359822
0.0920055 0.0457916 0.0128239 0.800655 0.0487243
0.0426471 0.0492434 0.012223 0.000225582 0.895661
0.00961502 0.0573663 9.9991E-05 0.0911543 0.841764
0.131492 0.0773033 9.9982E-05 9.9982E-05 0.791004
0.082231 0.0899903 9.9991E-05 0.0707381 0.756941
0.0833765 0.0568525 9.9991E-05 0.0329843 0.826687
9.9982E-05 9.9982E-05 0.0603358 0.568197 0.371267
9.9982E-05 9.9982E-05 0.109278 0.408759 0.481762
9.9982E-05 9.9982E-05 0.0702298 0.48154 0.44803
0.141833 9.9973E-05 9.9973E-05 9.9973E-05 0.857867
9.9982E-05 9.9982E-05 0.0961273 0.515874 0.387799
0.268561 0.391178 0.125607 0.0210326 0.193622
0.597844 0.178567 0.0797254 0.0382617 0.105601
0.558233 0.265571 9.9982E-05 9.9982E-05 0.175997
0.459133 0.160692 0.0855168 9.9991E-05 0.294559
0.512648 0.152911 0.0496522 0.0871871 0.197602
9.9982E-05 0.344848 0.185408 9.9982E-05 0.469544
0.50067 9.9982E-05 0.172596 0.326534 9.9982E-05
0.388233 0.019102 0.354266 0.225056 0.0133438
0.324363 0.019848 0.0487509 0.536837 0.0702018
0.539211 9.9982E-05 0.307551 0.153038 9.9982E-05
9.9973E-05 9.9973E-05 0.879889 0.119811 9.9973E-05
0.556954 0.104168 0.112734 0.10397 0.122174
0.48859 0.0508892 0.297187 0.141228 0.0221066
0.365393 9.9991E-05 0.17168 0.388248 0.0745789
0.578365 0.0322892 0.102463 0.133554 0.153329
0.143047 0.0045498 0.538674 0.313629 9.9991E-05
0.522761 0.0244287 0.229889 0.166946 0.0559758
0.53723 0.0639649 0.108391 0.290314 9.9991E-05
0.397814 0.22649 0.120649 0.100506 0.154541
0.40429 0.0545451 0.29872 0.242345 9.9991E-05
0.509739 0.0493586 0.230461 0.210341 9.9991E-05
0.427825 0.13918 0.323457 0.109438 9.9991E-05
0.571007 0.0321069 0.236446 0.160341 9.9991E-05
0.551114 0.144803 0.0880391 0.215944 9.9991E-05
0.490346 0.0661431 0.184072 0.129812 0.129627
0.596234 0.0695389 0.0852942 0.150859 0.0980741
0.13949 0.0855622 9.9982E-05 9.9982E-05 0.774748
0.0734571 0.0402623 0.0183458 9.9991E-05 0.867835
0.0463538 9.9991E-05 0.0600349 0.0841026 0.809409
0.0517987 0.0381447 9.9991E-05 0.0651897 0.844767
0.100124 0.0294703 9.9991E-05 0.00868927 0.861617
0.232276 9.9991E-05 0.114145 0.64154 0.0119379
0.430308 0.113318 0.221431 0.127774 0.107169
0.46139 0.178 0.0490493 0.0680749 0.243486
0.706699 0.0686633 0.0488877 0.169279 0.006471
0.633948 0.00728853 0.0459162 0.215859 0.0969881
0.239093 0.119593 0.272024 0.360055 0.00923456
0.0508523 9.9991E-05 0.246153 0.550358 0.152537
0.565302 0.0574905 0.0151169 0.356132 0.005959
0.144948 0.0527635 0.209233 0.546145 0.0469099
0.471344 0.0501835 0.216781 0.165505 0.0961862
0.135971 0.00783008 0.115606 0.596389 0.144203
0.609774 0.103929 0.0136011 0.215234 0.0574615
0.253078 9.9991E-05 0.0663827 0.591705 0.0887345
0.28536 0.111624 0.244486 0.29322 0.0653102
0.507015 0.100517 0.188125 0.11014 0.0942037
0.366307 9.9991E-05 0.472054 0.0867373 0.074802
0.600484 9.9991E-05 0.244296 0.0438284 0.111291
0.57478 0.0168924 0.211311 9.9991E-05 0.196917
0.370599 0.0201488 0.503873 0.0558203 0.0495585
0.443093 0.09433 0.259819 0.126309 0.0764498
0.634161 0.0125017 0.308281 9.9991E-05 0.0449565
0.162048 9.9982E-05 0.77006 0.0676925 9.9982E-05
0.276096 0.0412874 0.662167 9.9991E-05 0.0203497
0.499429 0.0206565 0.382254 0.0351684 0.0624921
0.221238 9.9991E-05 0.663444 0.110841 0.00437739
0.503619 9.9991E-05 0.373744 0.0892152 0.0333212
0.161933 0.000436684 0.228313 0.603949 0.00536711
0.274073 0.0686102 0.296568 0.360649 9.9991E-05
0.347923 0.132478 0.0527001 0.466799 9.9991E-05
0.714224 0.0506805 0.0628238 0.165629 0.00664239
0.309395 9.9982E-05 0.172767 0.517638 9.9982E-05
0.534531 0.0879902 0.187375 0.122825 0.067279
0.61909 0.114281 0.0713739 0.115763 0.0794917
0.537867 0.09278 0.0647722 0.304481 9.9991E-05
0.495443 0.106726 0.113706 0.284026 9.9991E-05
0.519878 0.0252496 0.0958516 0.358921 9.9991E-05
0.200241 0.15097 0.0744365 0.574252 9.9991E-05
0.277091 0.117841 0.105937 0.499031 9.9991E-05
0.596752 0.0844592 0.118172 0.200517 9.9991E-05
0.659938 0.0124494 0.110679 0.125392 0.0915419
0.39498 0.0566872 0.255752 0.250015 0.0425665
0.545441 0.121126 0.145325 0.188008 9.9991E-05
0.396134 0.0658901 0.0285171 0.412985 0.0964734
0.667177 0.0517269 0.102467 0.170316 0.0083127
0.51048 0.142008 9.9991E-05 0.279708 0.0677035
0.497731 0.177627 0.0732099 0.151324 0.100108
0.417286 0.143719 0.0834468 0.00629327 0.349255
0.500101 0.236901 0.136007 9.9991E-05 0.126892
0.490082 0.148474 0.0677139 0.131835 0.161895
0.643302 0.0934021 0.0956508 0.0814288 0.0862167
0.452081 0.251695 0.0913437 9.9991E-05 0.20478
0.428119 0.0905657 0.344221 0.136994 9.9991E-05
0.457854 0.188115 0.0639163 0.107315 0.1828
0.0295493 0.160063 0.540168 9.9991E-05 0.27012
0.440325 0.293059 0.108486 0.115987 0.0421429
0.514045 0.207096 0.119238 0.0229518 0.136668
0.525635 0.219045 0.134162 0.0418042 0.0793538
0.285689 0.189911 0.265172 9.9991E-05 0.259128
0.486497 0.135054 0.150665 9.9991E-05 0.227684
0.506941 0.220162 0.0778617 9.9991E-05 0.194935
9.9982E-05 0.187864 0.323146 9.9982E-05 0.48879
0.48713 0.258339 0.0803889 0.017476 0.156666
0.501188 0.223675 0.116372 0.0290918 0.129673
0.559897 0.166779 0.101177 0.0271193 0.145027
0.55525 0.222748 0.0233222 0.00528516 0.193395
0.461881 0.235527 0.083999 0.100898 0.117695
0.447091 0.116702 0.351248 0.0433692 0.0415895
0.598314 0.042185 0.214797 0.00827016 0.136434
0.0763572 0.0203752 0.761052 0.142116 9.9991E-05
0.0204696 0.0123717 0.813727 0.153332 9.9991E-05
0.412952 0.128293 0.334413 0.0540711 0.0702709
0.35774 0.398757 0.12383 0.00332813 0.116345
0.272479 0.373569 0.215393 9.9991E-05 0.13846
0.13263 0.322924 0.291109 9.9991E-05 0.253237
0.328259 0.317905 0.132708 9.9991E-05 0.221028
0.0701622 0.174576 0.676912 9.9991E-05 0.0782495
0.165608 0.166323 0.567617 9.9991E-05 0.100353
0.557999 0.138807 0.302346 0.000747324 9.9991E-05
0.450914 0.191233 0.281382 0.0192695 0.0572007
0.196722 0.152437 0.571264 9.9991E-05 0.0794764
0.464124 0.175573 0.135585 0.145425 0.0792935
0.475616 0.212509 0.281251 0.0103201 0.020304
0.452708 0.194508 0.137477 0.13005 0.085257
0.342081 9.9991E-05 0.53245 0.103804 0.0215651
0.438735 0.0122204 0.445491 0.103454 9.9991E-05
0.558598 0.099228 0.230488 0.111586 9.9991E-05
0.38623 0.156867 0.254651 0.167156 0.0350958
0.271358 0.236103 0.362997 0.0377749 0.0917669
0.531089 0.0390908 0.42962 9.9982E-05 9.9982E-05
0.290805 9.9982E-05 0.606869 0.102126 9.9982E-05
0.56562 0.0302631 0.268856 9.9991E-05 0.13516
0.294147 0.0382419 0.596585 0.0709262 9.9991E-05
0.464589 0.0797579 0.423329 9.9991E-05 0.0322236
0.587333 0.105062 0.232387 0.0504264 0.0247916
0.515731 0.0175882 0.466481 9.9982E-05 9.9982E-05
0.48906 0.13636 0.159385 0.00373946 0.211454
0.501945 0.1441 0.0253795 0.115282 0.213293
0.287246 0.331418 0.12625 0.0995719 0.155513
0.232915 0.261693 0.237804 0.0889067 0.178682
0.436071 0.183069 0.0770643 0.135332 0.168464
0.392897 0.213006 0.177286 0.069747 0.147064
9.9982E-05 0.181029 0.603757 9.9982E-05 0.215014
0.602346 0.236854 0.032613 0.0440589 0.084129
9.9982E-05 0.124807 0.413572 9.9982E-05 0.461421
0.496915 0.262281 0.157274 9.9991E-05 0.0834297
0.210625 9.9973E-05 0.789075 9.9973E-05 9.9973E-05
9.9982E-05 0.0252367 0.903774 0.0707895 9.9982E-05
0.56396 9.9973E-05 0.435741 9.9973E-05 9.9973E-05
0.752643 9.9982E-05 0.23583 9.9982E-05 0.0113269
0.450397 9.9982E-05 0.511032 0.038371 9.9982E-05
0.604624 0.00943928 0.341176 0.0446608 9.9991E-05
0.602344 0.0490611 0.305506 0.0429881 9.9991E-05
0.0504062 0.0684096 0.0306964 0.0219848 0.828503
9.9982E-05 0.141787 9.9982E-05 0.148843 0.70917
9.9982E-05 0.0678098 9.9982E-05 0.0250987 0.906892
0.0441771 9.9973E-05 9.9973E-05 9.9973E-05 0.955523
0.561525 0.060739 0.265828 0.103493 0.00841558
0.633305 0.034461 0.152952 0.0980161 0.0812657
0.610416 9.9991E-05 0.312683 0.0574955 0.0193061
0.735302 9.9991E-05 0.101706 0.0197993 0.143092
0.65087 0.00450092 0.153133 0.0335448 0.157951
0.387801 9.9982E-05 0.451987 0.160012 9.9982E-05
0.666871 0.0765543 0.181838 0.0481284 0.0266086
0.534446 9.9973E-05 0.465254 9.9973E-05 9.9973E-05
0.451709 0.174585 0.0584671 0.0354951 0.279744
0.528951 0.0551442 0.342172 0.0736326 9.9991E-05
0.510816 9.9982E-05 0.293074 0.19591 9.9982E-05
0.670417 9.9982E-05 0.248956 0.0804276 9.9982E-05
0.519019 9.9991E-05 0.329338 0.146678 0.00486446
0.637421 0.0498166 0.312563 9.9982E-05 9.9982E-05
0.657561 0.0299949 0.181676 0.0677896 0.0629782
0.291629 9.9973E-05 0.708071 9.9973E-05 9.9973E-05
0.408591 9.9991E-05 0.552142 0.0307021 0.0084649
0.483272 9.9982E-05 0.420498 0.0960296 9.9982E-05
0.0491365 9.9973E-05 0.950564 9.9973E-05 9.9973E-05
0.548746 9.99821E-05 0.304679 0.146375 9.99821E-05
0.254275 9.9982E-05 0.732496 0.0130288 9.9982E-05
0.0562742 9.9991E-05 0.864563 0.0776358 0.00142713
0.589619 0.0646497 0.278063 9.9991E-05 0.0675685
0.390725 9.9991E-05 0.413034 0.18822 0.00792064
0.493814 0.0963406 0.305309 0.104436 9.9991E-05
0.747291 0.0136085 0.0696697 0.00225877 0.167172
0.648601 9.9991E-05 0.167535 0.170275 0.013489
0.420005 0.0656404 0.282649 0.231606 9.9991E-05
0.720895 0.0244813 0.152186 0.102337 9.9991E-05
0.549864 9.9991E-05 0.279841 0.117022 0.0531725
0.490391 9.9973E-05 0.509309 9.9973E-05 9.9973E-05
0.638574 0.0578221 0.26493 9.9991E-05 0.0385735
9.9982E-05 9.9982E-05 0.0363786 0.331765 0.631656
0.0161545 0.000623359 0.0632727 0.148225 0.771725
9.9982E-05 9.9982E-05 0.0511012 0.129573 0.819126
9.9982E-05 9.9982E-05 0.000959789 0.184308 0.814533
0.0466291 9.9991E-05 0.00596547 0.211959 0.735346
0.358239 9.9982E-05 0.392311 0.249249 9.9982E-05
0.244617 9.9991E-05 0.510817 0.239965 0.00450088
0.339849 9.9973E-05 0.659851 9.9973E-05 9.9973E-05
0.537254 0.161975 0.0660982 0.125974 0.108698
0.733786 9.9991E-05 0.161075 0.0232462 0.0817932
0.482126 9.9982E-05 0.485836 0.031838 9.9982E-05
0.71371 0.00417032 0.209164 9.9991E-05 0.0728555
0.563907 0.0112571 0.336636 0.0179075 0.0702925
0.648506 9.9991E-05 0.264198 0.0408552 0.0463417
0.727226 9.9991E-05 0.0831972 0.0806275 0.108849
0.398375 9.9982E-05 0.444996 0.156429 9.9982E-05
0.542831 9.9991E-05 0.339298 0.104655 0.0131157
0.496472 9.9982E-05 0.296818 0.206509 9.9982E-05
0.668626 0.015393 0.138081 0.00962951 0.16827
0.571896 9.9982E-05 0.312974 0.11493 9.9982E-05
0.572723 0.0426511 0.300782 0.0573988 0.0264453
0.352936 0.484741 0.0311118 0.0850399 0.0461709
0.3007 0.528862 0.0611072 0.0204541 0.0888766
0.337762 0.495955 0.0432852 0.0285234 0.0944742
0.277161 0.605603 0.00327033 9.9991E-05 0.113866
0.42681 0.354116 0.0251574 0.104474 0.089443
0.530992 0.0382652 0.392013 9.9991E-05 0.0386292
9.9982E-05 0.680975 0.0547131 9.9982E-05 0.264112
0.268937 0.548105 0.031993 0.0268871 0.124078
0.514191 0.10783 0.132131 9.9991E-05 0.245748
0.535941 0.0308543 0.175386 0.0322971 0.225522
0.388516 0.0485475 0.301397 0.115627 0.145913
0.596323 0.0716377 0.143594 0.0229705 0.165476
0.556894 0.0284294 0.175376 0.08109 0.15821
0.318709 0.499899 9.9982E-05 9.9982E-05 0.181192
0.525524 0.372692 9.9991E-05 0.0276571 0.0740275
0.362789 0.582909 9.9991E-05 0.0130181 0.0411839
0.488958 0.247301 0.0942288 9.9991E-05 0.169412
0.281658 0.496553 0.0538134 9.9991E-05 0.167876
0.358972 0.365684 0.118637 0.0670348 0.0896713
0.247942 0.583836 9.9982E-05 9.9982E-05 0.168022
0.462821 0.396244 9.9991E-05 0.0787965 0.0620376
0.590398 0.0583998 0.207981 9.9991E-05 0.143121
0.385628 0.356218 9.9991E-05 0.0872464 0.170808
0.0967415 0.687699 0.021579 9.9991E-05 0.19388
0.347508 0.396527 9.9991E-05 0.0974435 0.158422
0.198511 9.9991E-05 0.387105 0.268778 0.145506
0.528692 0.177665 0.200854 0.0474092 0.0453797
0.296769 0.409451 0.0221636 0.155138 0.116479
0.548449 0.0691421 0.165415 0.0984789 0.118515
0.493413 0.0507648 0.234171 0.0443272 0.177325
0.418114 0.264911 0.0599085 0.0144332 0.242633
0.321571 0.313545 0.117162 9.9991E-05 0.247622
0.553935 0.167874 0.0713279 0.148155 0.0587082
0.39377 0.480178 0.0353272 0.0284861 0.0622386
0.45252 0.458321 0.00918627 9.9991E-05 0.0798729
0.172982 0.566711 0.0138615 9.9991E-05 0.246345
0.688113 0.0164583 0.0730716 0.0732365 0.149121
0.527745 9.9991E-05 0.194013 0.100414 0.177728
0.139525 0.062353 0.618284 9.9991E-05 0.179738
0.606846 9.9991E-05 0.213359 0.0216053 0.15809
0.416956 0.0630453 0.156679 0.253618 0.109702
0.437929 0.233674 0.136791 0.0122852 0.179321
0.380054 0.188222 0.113282 0.156473 0.16197
9.9982E-05 0.188656 0.42161 9.9982E-05 0.389534
9.9982E-05 0.12738 0.493086 9.9982E-05 0.379335
0.306147 0.157047 0.338576 0.0348321 0.163398
0.0210821 0.236975 0.376797 9.9991E-05 0.365046
9.9982E-05 0.22983 0.300438 9.9982E-05 0.469532
0.325205 0.188865 0.351173 9.9991E-05 0.134657
0.400334 0.211991 0.140172 9.9991E-05 0.247403
0.121356 0.215511 0.368621 9.9991E-05 0.294413
0.0394816 0.190487 0.434109 9.9991E-05 0.335822
0.450581 0.158911 0.192083 0.041564 0.156861
0.204385 0.130987 0.430974 0.00215455 0.2315
9.9982E-05 0.0642496 0.418712 9.9982E-05 0.516838
0.580104 0.179551 9.9991E-05 0.139761 0.100484
0.335396 0.268507 0.179543 9.9991E-05 0.216453
0.416301 0.13297 0.091956 0.0183826 0.340391
0.558278 0.260259 9.9982E-05 9.9982E-05 0.181263
0.549044 0.250066 0.0753692 9.9991E-05 0.125421
0.498301 0.260891 0.115078 9.9991E-05 0.12563
0.330692 0.210139 9.9991E-05 0.0786259 0.380443
0.50417 0.182953 0.0135843 0.0310272 0.268265
0.46891 0.300679 9.9982E-05 9.9982E-05 0.230211
0.266628 0.321074 0.169608 0.0476687 0.195021
0.341938 0.0826802 0.194474 0.191959 0.188949
0.573369 0.0741087 9.9991E-05 0.135075 0.217347
0.576217 0.0957506 0.0923242 0.0413798 0.194328
0.541472 0.13697 0.0648553 0.145927 0.110776
0.46781 0.191258 0.00807252 9.9991E-05 0.332759
0.51526 0.199629 9.9991E-05 0.094921 0.190091
0.15322 0.212034 0.195148 9.9991E-05 0.439497
0.562539 0.242112 9.9991E-05 0.0625705 0.132679
0.265723 0.350166 0.145692 9.9991E-05 0.23832
9.9982E-05 9.9982E-05 0.0438931 0.143304 0.812603
0.13744 9.9982E-05 9.9982E-05 0.781101 0.0812591
9.9973E-05 9.9973E-05 9.9973E-05 0.99325 0.00645039
9.9973E-05 9.9973E-05 9.9973E-05 0.959739 0.0399607
9.9973E-05 0.0529927 9.9973E-05 0.946707 9.9973E-05
0.0299104 0.0211459 9.9982E-05 0.948744 9.9982E-05
0.0720922 9.99816E-05 9.99816E-05 0.927608 9.99816E-05
9.9973E-05 9.9973E-05 9.9973E-05 0.966774 0.0329261
9.9973E-05 9.9973E-05 9.9973E-05 0.767355 0.232345
9.9982E-05 0.0215751 9.9982E-05 0.0474375 0.930787
0.0581297 0.0152069 9.9991E-05 0.110532 0.816032
0.0200436 0.0708336 9.9991E-05 0.0372089 0.871814
0.03263 9.9982E-05 9.9982E-05 0.120059 0.847111
0.0406062 0.00628659 9.9991E-05 0.059312 0.893695
9.9982E-05 0.00431386 9.9982E-05 0.0876379 0.907848
0.0231934 0.154838 9.9991E-05 0.0920279 0.729841
0.075217 0.0461327 0.00221293 9.9991E-05 0.876337
0.124568 0.019463 9.9991E-05 0.161527 0.694342
9.9973E-05 0.0801113 9.9973E-05 9.9973E-05 0.919589
9.9982E-05 9.9982E-05 0.00135659 0.0238479 0.974596
0.0496097 0.0560311 0.000989068 0.0433315 0.850039
9.9982E-05 0.00463086 9.9982E-05 0.0297494 0.96542
0.0524411 0.0306705 9.9982E-05 9.9982E-05 0.916688
0.0982592 0.0229561 9.9982E-05 9.9982E-05 0.878585
0.0996875 0.0228797 9.9982E-05 9.9982E-05 0.877233
0.0828525 0.1398 9.9982E-05 9.9982E-05 0.777147
0.145383 0.0747958 9.9982E-05 9.9982E-05 0.779622
0.158925 0.0517397 9.9982E-05 9.9982E-05 0.789135
0.441712 0.0338826 0.246326 0.0968332 0.181246
0.710306 9.9991E-05 0.168294 0.0289102 0.0923891
0.522315 0.0928881 0.157807 0.0859331 0.141056
0.15693 0.0617014 0.682733 0.00796092 0.0906752
0.603244 0.011232 0.153519 0.100974 0.13103
0.114124 0.0212615 0.64254 9.9991E-05 0.221974
0.596674 0.0453115 0.250629 0.024732 0.0826535
0.475606 9.9991E-05 0.25761 0.143528 0.123156
0.552299 0.0229432 0.231036 0.0428414 0.15088
0.564019 0.0150037 0.328978 0.0505997 0.0413996
0.49882 0.0174213 0.15781 0.222845 0.103104
0.653363 0.0359112 0.248634 9.9991E-05 0.0619918
0.589394 0.00768318 0.195656 0.0698657 0.137401
0.0984168 0.0555466 0.358273 0.487664 9.9991E-05
9.9982E-05 9.9982E-05 0.881664 0.049849 0.0682866
0.187708 0.0261898 0.644142 0.0136875 0.128273
0.672661 0.0607309 0.0630374 0.0623628 0.141207
0.554186 9.9991E-05 0.253537 0.041093 0.151084
0.551631 9.9991E-05 0.28246 0.00584305 0.159967
0.668507 0.0946725 0.143532 9.9991E-05 0.0931889
0.52414 0.248046 0.0398794 0.0226483 0.165286
0.619449 0.143731 9.9991E-05 0.0139446 0.222775
0.123644 0.19054 0.082515 0.175174 0.428126
0.617376 0.0359076 0.0971968 0.0666734 0.182846
0.457652 0.133182 0.0249853 0.109211 0.274969
9.9982E-05 0.214728 0.330277 9.9982E-05 0.454795
0.257978 0.26394 0.21564 9.9991E-05 0.262342
0.332459 0.173928 0.0406191 0.10364 0.349355
0.472585 0.0718396 0.00536965 0.117552 0.332653
0.522173 0.184991 0.182113 9.9991E-05 0.110622
0.489788 0.115596 0.113648 0.0393556 0.241612
0.676489 0.180143 0.0456503 9.9991E-05 0.0976184
0.38367 0.277398 0.209003 0.00895324 0.120977
0.354189 0.123388 0.0145119 9.9991E-05 0.507811
