0.0516134 0.948087 9.9979E-05 9.9979E-05 9.9979E-05
0.00635812 0.922602 9.9982E-05 9.9982E-05 0.0708403
0.00180944 0.847362 0.118036 0.0326927 9.9991E-05
0.152563 0.756814 9.9982E-05 0.0904227 9.9982E-05
9.9982E-05 0.883689 0.0702016 0.0459099 9.9982E-05
0.0789392 0.668912 0.0824647 0.051691 0.117994
0.0448338 0.855056 9.9982E-05 9.9982E-05 0.0999101
0.151947 0.766638 9.9991E-05 0.0215233 0.0597911
0.0812555 0.834926 9.9982E-05 9.9982E-05 0.0836182
9.999E-05 0.730953 0.112403 0.09679 0.0597548
0.153733 0.756315 0.0412408 9.9991E-05 0.0486112
0.471497 9.9991E-05 0.283835 0.10026 0.144307
0.366982 9.9982E-05 0.504798 0.128021 9.9982E-05
0.526524 9.9991E-05 0.238511 0.141702 0.0931628
0.418749 9.9991E-05 0.269631 0.243191 0.0683292
0.227164 0.137992 0.401198 0.13997 0.0936771
0.203309 0.0468006 0.489668 0.177615 0.0826077
0.26169 9.9991E-05 0.393249 0.181013 0.163948
0.409147 0.134775 0.342194 0.113784 9.9991E-05
0.660984 0.0321872 0.0394178 0.0852404 0.18217
0.184263 0.00299687 0.386764 0.18243 0.243546
0.159388 0.128573 0.500678 0.0546169 0.156743
0.11629 0.0455742 0.650225 0.073148 0.114762
0.4297 9.9991E-05 0.26131 0.169017 0.139873
0.260124 0.0204459 0.538105 0.172881 0.00844412
0.228519 0.0837095 0.583889 0.0701679 0.0337142
0.553963 0.0127221 0.234466 0.140613 0.0582361
0.541993 9.9991E-05 0.17258 0.231557 0.0537702
0.508172 9.9991E-05 0.230631 0.0641283 0.196968
9.9982E-05 0.843041 0.0808309 0.0759278 9.9982E-05
9.9982E-05 0.838645 0.135889 0.0252655 9.9982E-05
0.00477352 0.788632 0.189398 0.0170962 9.9991E-05
0.00956947 0.757477 0.132186 0.100667 9.9991E-05
0.163883 0.0162304 0.682741 0.00695662 0.130189
0.106802 0.125137 0.642375 0.0288687 0.0968173
0.0251146 9.9991E-05 0.663689 0.0309067 0.28019
0.511374 0.115633 0.253283 9.9991E-05 0.11961
0.054707 0.0250119 0.567513 9.9991E-05 0.352668
0.175542 0.0633361 0.707557 0.0138413 0.0397241
9.9991E-05 0.0584752 0.689929 0.135969 0.115526
9.9982E-05 0.173489 0.678009 9.9982E-05 0.148302
0.0318046 0.17674 0.791255 9.9982E-05 9.9982E-05
0.167574 0.0377988 0.294526 9.9991E-05 0.500001
9.9991E-05 0.0914155 0.685815 0.0582255 0.164444
0.00727264 0.0651321 0.695635 0.10288 0.12908
0.0531773 0.200197 0.6972 9.9991E-05 0.0493256
0.00322552 9.9982E-05 0.582912 9.9982E-05 0.413663
9.9982E-05 0.0774801 0.745522 9.9982E-05 0.176798
0.0342195 0.131599 0.685228 0.0542182 0.0947353
0.0828336 0.0906859 9.9982E-05 9.9982E-05 0.826281
0.433551 9.9982E-05 0.252286 9.9982E-05 0.313962
0.292288 9.9991E-05 0.0562204 0.0872405 0.564152
0.264727 0.0474352 0.607604 0.0801339 9.9991E-05
0.0489224 0.100899 0.64101 0.10858 0.100589
0.114144 0.00605905 0.530832 0.175523 0.173442
0.34706 0.103167 0.237545 9.9991E-05 0.312128
0.249152 0.0540611 0.635234 9.9991E-05 0.0614536
0.184337 0.0807888 0.483154 0.234022 0.0176985
0.299867 0.0810338 0.393511 0.0443464 0.181242
0.355918 0.202935 0.0991621 0.0427352 0.29925
0.142206 0.0463078 0.58189 0.0617009 0.167896
0.307519 0.0437722 0.406606 0.0548256 0.187277
0.626958 0.0254239 0.0790138 9.9991E-05 0.268504
0.327735 9.9991E-05 0.561972 0.0157602 0.0944321
0.0418018 0.0670999 0.63276 0.10059 0.157748
0.133013 0.0317758 0.538168 0.153356 0.143687
0.311084 0.0491702 0.29026 0.0716581 0.277827
0.177893 0.035788 0.501133 0.104881 0.180305
0.168376 0.0377872 0.625578 0.0735364 0.0947215
0.407287 0.0368941 0.322378 9.9991E-05 0.233341
0.0408169 9.9982E-05 0.746704 9.9982E-05 0.212279
0.185475 9.9982E-05 0.370345 9.9982E-05 0.44398
0.161662 0.0921972 0.644595 0.026104 0.075442
0.0513854 9.9982E-05 0.165642 9.9982E-05 0.782773
0.101992 9.9982E-05 0.161083 9.9982E-05 0.736725
0.0520832 9.9982E-05 0.434555 9.9982E-05 0.513162
0.107139 9.9982E-05 0.615498 9.9982E-05 0.277163
0.112142 0.0649937 0.646821 0.0825426 0.0935007
0.144403 9.9991E-05 0.598887 0.0311125 0.225497
0.209033 0.0476326 0.376775 0.00401917 0.362541
0.328521 9.9982E-05 0.365294 9.9982E-05 0.305985
0.126469 0.0677975 0.620686 0.0868686 0.0981792
0.164861 0.0118684 0.480311 9.9991E-05 0.34286
0.0915898 0.0713718 0.553947 9.9991E-05 0.282992
9.9982E-05 0.00998128 0.549392 9.9982E-05 0.440427
0.0784989 9.9982E-05 0.113177 9.9982E-05 0.808125
0.0625603 0.0753285 0.706078 0.0487548 0.107279
0.087364 0.801047 0.0870842 0.024405 9.9991E-05
9.9973E-05 0.913843 0.0858574 9.9973E-05 9.9973E-05
9.9982E-05 0.841144 0.0617759 0.0968801 9.9982E-05
9.9973E-05 0.954862 0.0448382 9.9973E-05 9.9973E-05
9.9991E-05 0.887824 0.101378 0.00257635 0.00812171
9.9982E-05 0.922638 0.0748783 0.00228365 9.9982E-05
9.9982E-05 0.938795 0.0320957 0.0289094 9.9982E-05
0.122843 0.113548 0.612748 0.0768072 0.0740545
0.08189 0.111489 0.689689 0.0115986 0.105333
0.180708 9.9982E-05 0.195347 9.9982E-05 0.623745
0.159718 0.0767351 0.512815 0.158942 0.0917892
0.133132 0.0186641 0.607109 0.00143459 0.239661
0.00156291 0.113893 0.718733 9.9991E-05 0.165711
9.9991E-05 0.0344398 0.60929 0.0469917 0.309178
0.0509723 9.9991E-05 0.688509 0.0209307 0.239488
0.343905 0.0214795 0.097506 9.9991E-05 0.53701
0.0988393 0.0972981 0.498477 0.0896158 0.21577
0.0722477 0.0528168 0.685629 0.0367344 0.152572
0.163898 0.116909 0.517283 0.126323 0.0755866
9.9982E-05 0.0235505 0.477804 9.9982E-05 0.498446
9.9991E-05 0.0475283 0.552437 0.0386646 0.36127
0.118972 0.0460771 0.567472 9.9991E-05 0.267379
0.0278345 9.9991E-05 0.544444 0.0481088 0.379513
0.122904 0.0819713 0.548376 9.9991E-05 0.246648
0.0975273 0.182574 0.603318 0.0633324 0.0532487
0.327147 0.0519669 0.324258 9.9991E-05 0.296528
0.295211 0.153998 0.436463 0.0372835 0.0770434
0.0126647 0.113659 0.642179 0.136894 0.094604
0.17364 0.0596247 0.695351 0.0510813 0.0203025
0.32788 0.0724758 0.569175 9.9991E-05 0.0303689
0.321803 9.9991E-05 0.553783 0.0958248 0.0284889
0.426386 0.039157 0.522753 0.0037391 0.00796452
0.219714 0.0983704 0.543292 0.0401485 0.0984753
0.110052 0.0478343 0.727103 0.0719063 0.0431044
0.139896 0.070223 0.669887 9.9991E-05 0.119894
0.358818 9.9973E-05 0.640882 9.9973E-05 9.9973E-05
0.108217 0.0442524 0.645024 0.101145 0.101363
0.197502 0.115238 0.504437 0.00457047 0.178253
0.243441 9.9991E-05 0.657566 0.0767523 0.0221406
0.168601 0.1163 0.634948 0.0548479 0.0253037
0.201002 0.0113703 0.51386 0.125082 0.148686
0.30023 0.0605278 0.370473 0.0517867 0.216982
0.151535 0.0431336 0.716099 0.0749067 0.0143261
0.158233 0.0517649 0.722775 0.067127 9.9991E-05
0.405967 0.020408 0.229151 0.129717 0.214757
0.318429 9.9991E-05 0.17191 0.0990967 0.410465
0.26501 0.0359277 0.49898 0.126374 0.0737078
0.36145 9.9991E-05 0.11969 0.0795371 0.439223
0.459386 0.0481847 0.309091 0.0017532 0.181586
0.320311 0.0217096 0.496875 9.9991E-05 0.161004
0.490634 0.0380217 0.427338 9.9991E-05 0.0439056
0.518643 9.9982E-05 0.397631 9.9982E-05 0.083526
0.157386 0.0774919 0.674923 0.0840016 0.0061975
0.158887 0.103429 0.636091 0.0096093 0.0919826
0.203793 0.0929538 0.587375 0.0221139 0.0937642
0.437861 9.9991E-05 0.125601 0.104366 0.332072
0.0167738 0.243522 0.567014 9.9991E-05 0.17259
0.1138 0.057927 0.488458 0.120098 0.219717
0.134225 0.203795 0.0429587 9.9991E-05 0.618922
0.104964 0.0704743 0.564632 0.11266 0.14727
0.0321036 0.127822 0.46177 0.00818566 0.370118
0.112022 0.0268228 0.48262 0.164185 0.21435
0.126847 0.146413 0.251925 0.0560024 0.418813
0.165328 0.148614 0.222711 9.9991E-05 0.463247
0.202991 0.0441884 0.560403 9.9991E-05 0.192317
0.0978059 0.172342 0.573722 0.0215553 0.134575
0.146535 0.142105 0.438065 0.04995 0.223344
0.165354 0.0870315 0.047851 0.184632 0.515132
0.021184 0.12712 0.587038 0.047269 0.217389
0.0845905 9.9982E-05 0.434379 9.9982E-05 0.48083
0.158017 9.9982E-05 0.538639 9.9982E-05 0.303144
0.0781515 0.0547898 0.493925 0.179247 0.193887
0.0299223 0.346599 0.112769 0.31651 0.1942
9.9982E-05 0.605442 9.9982E-05 0.129684 0.264675
9.9982E-05 0.541064 9.9982E-05 0.164704 0.294031
0.0427279 0.387369 0.0822494 0.33895 0.148704
9.9982E-05 9.9982E-05 0.69277 0.0389872 0.268043
0.139174 0.0339031 0.548113 0.159498 0.119312
0.0593644 9.9982E-05 0.187632 0.752804 9.9982E-05
0.193311 9.9982E-05 0.255701 0.550788 9.9982E-05
0.13322 0.064192 0.278211 0.473696 0.050682
0.00178504 0.0494349 0.367869 0.0396429 0.541268
9.9991E-05 0.126263 0.581939 0.0103368 0.281361
0.0314589 0.0725676 0.193593 0.0651839 0.637196
0.0339803 0.0966474 0.636096 0.0267295 0.206547
0.146178 0.0343821 0.42344 0.0919144 0.304086
0.0642596 0.00748982 0.525362 0.16468 0.238209
0.0867719 0.0227688 0.279103 0.00723227 0.604124
0.0619442 9.9991E-05 0.570512 0.218919 0.148525
0.0658147 0.0659322 0.455837 0.165362 0.247054
9.9973E-05 9.9973E-05 9.9973E-05 0.996246 0.00345379
9.9982E-05 9.9982E-05 0.0272855 0.961888 0.0106269
0.0682563 0.0847184 0.251795 0.59513 9.9991E-05
9.9982E-05 0.000996015 0.302414 0.69639 9.9982E-05
0.0567562 0.00296172 0.133331 0.787667 0.0192833
9.997E-05 9.997E-05 9.997E-05 0.9996 9.997E-05
0.0388278 0.0268935 9.9982E-05 0.934079 9.9982E-05
9.9982E-05 9.9982E-05 0.0944643 0.8964 0.00893603
0.00227667 9.9982E-05 0.0173441 0.980179 9.9982E-05
9.997E-05 9.997E-05 9.997E-05 0.9996 9.997E-05
9.997E-05 9.997E-05 9.997E-05 0.9996 9.997E-05
0.00326165 0.0430594 0.183833 0.769746 9.9991E-05
0.00650133 0.11482 0.0736364 0.804942 9.9991E-05
9.9973E-05 9.9973E-05 9.9973E-05 0.987804 0.0118961
0.0905978 0.0705337 0.227085 0.498025 0.113758
0.036796 0.0767171 0.185903 0.658456 0.0421285
0.0580364 0.0248171 0.116359 0.800688 9.9991E-05
0.00728942 0.0124068 0.0377205 0.942483 9.9991E-05
9.9973E-05 9.9973E-05 0.014525 0.985175 9.9973E-05
0.00431079 0.0567673 9.9982E-05 0.938722 9.9982E-05
9.997E-05 9.997E-05 9.997E-05 0.9996 9.997E-05
0.0665259 0.0855734 0.195382 0.652419 9.9991E-05
0.0194232 0.00978378 9.9991E-05 0.945497 0.0251956
9.9982E-05 0.41664 9.9982E-05 0.044106 0.539054
0.110786 0.172787 0.379626 0.153046 0.183756
0.0774014 0.179844 0.401041 0.155201 0.186513
0.0314304 0.236382 0.169004 0.138245 0.424939
0.132619 0.114339 0.337109 0.232528 0.183406
9.9991E-05 0.278184 0.21376 0.117071 0.390885
0.0985976 0.224838 0.457609 0.065183 0.153773
9.9991E-05 0.173612 0.302099 0.215255 0.308935
0.0881365 0.179097 0.477854 0.179688 0.075225
9.9991E-05 0.201846 0.308165 0.239416 0.250474
0.0428004 0.137539 0.455399 0.164571 0.199691
0.0884543 0.836696 0.0745902 9.9991E-05 0.000159579
0.0102682 0.923231 9.9982E-05 0.0663011 9.9982E-05
0.0480003 0.9517 9.9973E-05 9.9973E-05 9.9973E-05
0.0651809 0.928832 9.9982E-05 0.00578711 9.9982E-05
0.0718209 0.903662 0.0142694 0.0101473 9.9991E-05
9.9982E-05 0.879925 9.9982E-05 0.0998553 0.0200195
9.9982E-05 0.897332 0.0398849 0.0625831 9.9982E-05
0.0487945 0.909956 0.0177242 9.9991E-05 0.0234249
9.9982E-05 0.936084 0.00932959 0.0543866 9.9982E-05
0.0382819 0.871285 9.9982E-05 0.0902332 9.9982E-05
0.274924 0.598963 9.9982E-05 9.9982E-05 0.125913
0.325029 0.596415 9.9982E-05 9.9982E-05 0.0783558
0.28704 0.55529 9.9982E-05 9.9982E-05 0.15747
0.375116 0.491814 9.9982E-05 9.9982E-05 0.13287
0.210469 0.0324628 0.647715 0.0241131 0.0852409
0.0516567 9.9991E-05 0.575455 0.0975657 0.275223
0.278045 0.00598681 0.610997 0.0768498 0.0281215
0.323975 0.0346773 0.520753 9.9991E-05 0.120496
0.676389 9.9982E-05 0.260163 9.9982E-05 0.0632476
9.9991E-05 0.000120298 0.705898 0.0769439 0.216938
0.118428 9.9991E-05 0.683925 0.0312592 0.166288
0.110971 0.0148293 0.655888 9.9991E-05 0.218211
0.0353487 9.9991E-05 0.498239 0.0530734 0.413239
0.0602511 0.042859 0.639064 0.071632 0.186194
0.248568 0.0077969 0.59853 0.005218 0.139887
0.183013 9.9982E-05 0.022557 9.9982E-05 0.79423
0.100981 0.0621212 0.600365 0.00128706 0.235246
0.072105 9.9991E-05 0.34231 0.032063 0.553422
0.0793431 9.9991E-05 0.664225 0.000692676 0.255639
0.280335 9.99824E-05 0.292059 9.99824E-05 0.427406
0.725998 0.150506 9.9982E-05 9.9982E-05 0.123296
0.703682 0.120386 0.0453065 9.9991E-05 0.130526
0.880758 0.039809 0.00195026 0.00835088 0.069132
0.834193 0.10159 0.00669626 9.9991E-05 0.0574202
0.852363 0.0144393 9.9991E-05 0.0606467 0.0724511
0.851029 0.03007 9.9982E-05 0.118701 9.9982E-05
9.9982E-05 0.873765 0.111308 0.014727 9.9982E-05
0.0861248 0.842964 0.0323892 0.0384216 9.9991E-05
9.9982E-05 0.771126 0.118655 0.110019 9.9982E-05
0.11986 0.757975 0.00416352 0.117901 9.9991E-05
0.0370631 0.82885 0.0422206 0.0917659 9.9991E-05
0.574673 0.381047 9.9982E-05 9.9982E-05 0.0440797
0.421344 0.440016 9.9982E-05 9.9982E-05 0.138441
0.459695 0.424665 9.9982E-05 9.9982E-05 0.11544
9.9982E-05 0.83447 0.141903 0.0234276 9.9982E-05
0.441778 0.415643 9.9982E-05 9.9982E-05 0.142379
9.9991E-05 0.256302 0.242295 0.408075 0.0932281
9.9991E-05 0.11835 0.524338 0.28624 0.0709715
9.9982E-05 0.168332 0.51049 0.320978 9.9982E-05
0.0135148 0.249994 0.307139 0.322405 0.106947
0.0629615 0.20794 0.562539 0.16646 9.9991E-05
9.9982E-05 0.509318 9.9982E-05 0.305239 0.185243
0.280019 0.018025 0.546718 9.9991E-05 0.155138
0.229707 0.00593333 0.442875 0.0294666 0.292017
0.526362 0.0810623 0.316796 0.0615708 0.0142089
0.183914 9.9991E-05 0.511071 0.029625 0.27529
0.187683 9.9973E-05 9.9973E-05 9.9973E-05 0.812017
0.168874 0.0444511 0.528423 0.0801746 0.178078
0.258614 9.9991E-05 0.493921 0.0578151 0.189549
0.45592 0.0762887 0.385317 9.9991E-05 0.0823743
0.150714 0.088205 0.577733 0.0689322 0.114416
0.331566 9.9991E-05 0.156069 0.00558194 0.506683
0.107595 9.9991E-05 0.39857 0.16818 0.325555
0.358199 9.9991E-05 0.524824 0.0908059 0.0260716
0.0926733 0.118265 0.41831 0.232432 0.13832
0.285441 9.9991E-05 0.38108 0.0653221 0.268056
0.293823 0.0312926 0.434791 0.081801 0.158292
0.109847 9.9991E-05 0.489141 0.11692 0.283991
0.208021 0.0422742 0.612617 0.00476052 0.132327
0.102368 0.0669412 0.664686 0.105845 0.0601595
0.209117 0.0751092 0.628817 0.0868568 9.9991E-05
0.154896 0.0758397 0.640578 0.0540969 0.0745893
9.9982E-05 0.799309 0.122799 0.0776918 9.9982E-05
9.9982E-05 0.867549 0.120783 9.9982E-05 0.0114681
0.0204839 0.784424 0.0379337 0.0184512 0.138707
9.9982E-05 0.851117 0.0761269 9.9982E-05 0.0725562
9.9973E-05 0.847377 0.152324 9.9973E-05 9.9973E-05
0.591655 9.9991E-05 0.234199 0.0536274 0.120419
0.149872 0.0583305 0.510446 0.123098 0.158254
9.9991E-05 0.192533 0.520012 0.14337 0.143985
0.215318 9.9991E-05 0.593898 0.145955 0.0447283
0.249164 0.0642442 0.629937 9.9991E-05 0.056555
0.421577 9.9991E-05 0.203208 0.161702 0.213413
0.633823 0.141715 0.0263483 9.9991E-05 0.198013
0.315686 0.0208728 0.537777 0.0806217 0.0450423
0.566289 0.0599335 0.129056 0.0935496 0.151172
0.271727 0.0829736 0.555062 9.9991E-05 0.0901381
0.504278 0.133934 0.173008 0.0202113 0.168569
0.239215 0.104907 0.504669 0.111801 0.0394075
0.597862 0.0732017 0.174495 0.0669305 0.0875109
0.357754 0.074733 0.319293 0.0861329 0.162087
0.0946862 0.103662 0.541007 0.0379856 0.22266
0.0664249 0.0717795 0.341534 9.9991E-05 0.520161
0.0724733 0.0610501 0.583003 0.0383721 0.245102
0.00169251 0.127707 0.690636 0.0285803 0.151384
0.113705 0.0750297 0.368588 9.9991E-05 0.442578
9.9991E-05 0.154133 0.51895 0.0627323 0.264085
9.9982E-05 0.131045 0.647213 9.9982E-05 0.221541
0.228738 9.9982E-05 0.162015 9.9982E-05 0.609047
0.0277796 0.0379773 0.30442 9.9991E-05 0.629723
9.9991E-05 0.0348276 0.558845 0.0264064 0.379821
0.153835 0.0461071 0.199077 9.9991E-05 0.600881
0.128561 0.0333416 0.523618 9.9991E-05 0.314379
0.666758 9.9991E-05 0.166224 0.038079 0.128839
0.355819 9.9991E-05 0.281002 0.0347825 0.328296
0.416986 0.0292265 0.426893 0.117223 0.00967174
0.116201 0.06671 0.643271 0.0876699 0.086148
0.533959 9.9991E-05 0.339778 0.00934003 0.116823
0.195521 0.0729325 0.417937 0.222734 0.0908762
0.279308 9.9991E-05 0.616775 0.0771386 0.0266786
0.262814 0.0167707 0.53273 0.128211 0.0594745
0.309644 9.9991E-05 0.435102 0.185057 0.0700972
0.379106 0.0061549 0.469912 0.121409 0.0234173
0.550137 9.9991E-05 0.31451 0.0787506 0.0565026
0.448753 9.9991E-05 0.317254 0.135439 0.0984538
0.166053 0.0170198 0.582704 0.129519 0.104705
0.0884725 0.132739 0.674341 0.0227928 0.0816547
0.305757 0.101539 0.40617 9.9991E-05 0.186433
0.243583 9.9991E-05 0.530109 0.131159 0.0950482
0.439429 0.0556695 0.417481 0.0873202 9.9991E-05
0.275413 0.000309198 0.586519 0.124406 0.0133522
0.308432 0.0450839 0.465168 0.181216 9.9991E-05
0.130426 0.0962784 0.414175 0.165624 0.193496
0.0392837 0.34629 0.445939 0.147304 0.0211832
0.0137558 0.129472 0.3873 0.279308 0.190165
0.136061 0.143974 0.468951 0.196105 0.054908
0.0949183 0.0259427 0.556039 0.248031 0.0750694
9.9991E-05 0.256054 0.458225 0.21876 0.0668601
0.231711 9.9991E-05 0.419389 0.105656 0.243145
0.0991999 0.204528 0.479589 0.216583 9.9991E-05
9.9991E-05 0.28956 0.0327676 0.156193 0.52138
0.115174 0.124579 0.488388 0.223953 0.0479066
0.0456443 0.0608596 0.443578 0.292188 0.15773
0.109548 0.0421359 0.391204 0.392787 0.0643259
0.1047 0.207387 0.267586 0.149431 0.270896
0.049702 0.216391 0.567529 0.166278 9.9991E-05
9.9991E-05 0.186853 0.630825 0.172203 0.0100188
9.9982E-05 0.533621 9.9982E-05 0.184495 0.281684
9.9991E-05 0.130435 0.525377 0.273992 0.0700966
9.9991E-05 0.157615 0.482012 0.293725 0.0665479
0.041963 0.137527 0.572218 0.206568 0.0417243
9.9982E-05 0.221625 0.557749 0.220426 9.9982E-05
0.054465 0.185442 0.46426 0.167103 0.128729
0.0722592 9.9991E-05 0.451375 0.131298 0.344968
0.14288 0.0744463 0.47085 0.110742 0.201081
0.0786185 9.9991E-05 0.087798 0.00956471 0.823919
0.092341 9.9982E-05 0.0901173 9.9982E-05 0.817342
0.111722 0.0710666 0.42489 0.171576 0.220746
9.9991E-05 0.159751 0.392183 0.302522 0.145444
9.9991E-05 0.127203 0.261585 0.40074 0.210372
0.00400294 0.216364 0.155595 0.345989 0.27805
9.9991E-05 0.273595 0.376844 0.267255 0.0822051
9.9991E-05 0.0671931 0.055474 0.157231 0.720002
9.9991E-05 0.0888389 0.160927 0.165976 0.584158
9.9991E-05 0.031363 0.530293 0.156496 0.281747
0.00478212 0.0679953 0.538776 0.0704169 0.31803
9.9991E-05 0.110466 0.195283 0.145387 0.548764
0.0592774 0.0609296 0.428479 0.205857 0.245457
0.00497252 0.00927289 0.563331 0.15044 0.271983
0.0916907 0.0658927 0.458211 0.182619 0.201587
0.0459703 0.0876606 0.426793 9.9991E-05 0.439476
0.10638 0.0175343 0.400982 0.0140314 0.461072
0.0138495 0.0445231 0.621296 0.0368965 0.283434
0.127042 0.101763 0.443197 0.0382129 0.289785
0.0209683 0.110415 0.518441 0.108462 0.241713
9.9991E-05 0.00224515 0.591276 0.0261074 0.380272
0.103179 9.9991E-05 0.275421 0.0130796 0.608221
9.9991E-05 0.0468786 0.573109 0.0738959 0.306016
0.049595 9.9991E-05 0.315795 0.0243723 0.610138
0.0453543 0.0688565 0.514646 9.9991E-05 0.371043
9.9991E-05 0.126381 0.602754 0.0521779 0.218587
0.0204675 0.0366946 0.559997 0.0908093 0.292031
9.9991E-05 0.160284 0.488792 0.217475 0.133349
0.178151 0.164441 0.364954 0.204325 0.0881284
0.0392675 0.16978 0.322353 0.30925 0.159349
0.177516 0.156737 0.256426 0.281749 0.127571
0.12576 0.170903 0.426489 0.243806 0.0330427
0.0186997 0.216076 0.444769 0.200199 0.120257
9.9982E-05 0.220285 9.9982E-05 0.195073 0.584442
0.0307815 0.0759159 0.586738 0.244081 0.0624835
9.9982E-05 0.435738 9.9982E-05 0.167159 0.396903
9.9991E-05 0.055948 0.475904 0.279134 0.188914
9.9973E-05 9.9973E-05 0.236378 9.9973E-05 0.763322
0.105479 9.9982E-05 9.9982E-05 0.0314998 0.862821
0.0237176 9.9982E-05 0.584207 9.9982E-05 0.391875
9.9991E-05 0.0744609 0.743158 0.0210401 0.161241
0.035144 9.9982E-05 0.507454 9.9982E-05 0.457202
0.0818238 0.00777629 0.602339 0.0338811 0.27418
9.9982E-05 9.9982E-05 0.645827 0.00935211 0.344621
9.9991E-05 0.83614 0.144011 0.00228386 0.0174648
0.165468 0.699037 9.9991E-05 0.103776 0.031619
0.041063 0.926379 9.9982E-05 0.032358 9.9982E-05
9.9973E-05 0.961799 0.0379011 9.9973E-05 9.9973E-05
0.0517577 0.0110011 0.554759 0.0313136 0.351168
0.0513452 0.0642293 0.584534 0.0302669 0.269625
0.0894818 9.9982E-05 0.662897 9.9982E-05 0.247421
0.0348704 0.105476 0.708719 0.00732366 0.143611
0.0168621 0.121068 0.657119 0.0643779 0.140573
0.135001 9.9982E-05 0.362039 9.9982E-05 0.50276
0.0145566 9.9991E-05 0.73709 0.0601124 0.188141
0.0243249 0.0103319 0.49283 9.9991E-05 0.472413
0.0737294 0.317387 0.476709 0.132074 9.9991E-05
0.0790127 9.9991E-05 0.53399 0.0428189 0.344079
0.214259 9.9982E-05 0.450747 9.9982E-05 0.334794
0.0957728 9.9991E-05 0.747957 0.00809539 0.148075
0.159274 9.9982E-05 0.572308 9.9982E-05 0.268218
9.9991E-05 0.00542661 0.690458 0.0029016 0.301114
0.0251498 0.0706191 0.748731 9.9991E-05 0.1554
9.9973E-05 9.9973E-05 0.298392 9.9973E-05 0.701308
0.0392298 9.9982E-05 0.422523 9.9982E-05 0.538047
0.127154 9.9982E-05 0.468987 9.9982E-05 0.403659
9.9973E-05 9.9973E-05 0.05306 9.9973E-05 0.94664
0.0918581 0.0294155 0.582962 9.9991E-05 0.295665
0.0193537 9.9991E-05 0.271003 0.0112441 0.698299
0.0742803 0.012261 0.0234468 9.9991E-05 0.889912
0.0590728 0.0335344 0.645705 0.0439983 0.217689
0.167288 9.9982E-05 0.363147 9.9982E-05 0.469364
0.139867 0.0322924 0.58159 9.9991E-05 0.24615
9.9991E-05 0.0948108 0.643192 0.122648 0.13925
0.247739 9.9991E-05 0.650604 0.000977331 0.100579
0.296244 9.9991E-05 0.387391 0.0847815 0.231483
0.0121752 0.0745865 0.664756 9.9991E-05 0.248383
0.192099 0.033462 0.562496 0.0362399 0.175703
0.00104014 9.9982E-05 0.541507 9.9982E-05 0.457253
0.0631885 0.068665 0.584525 0.0274836 0.256138
0.314395 0.656003 0.0186086 9.9991E-05 0.0108934
0.0780744 0.809944 0.0906654 9.9991E-05 0.0212159
0.145817 0.84691 9.9982E-05 9.9982E-05 0.00707306
0.117528 0.84591 9.9982E-05 9.9982E-05 0.036362
0.206091 0.740024 0.032974 9.9991E-05 0.020811
0.261012 0.0280897 0.318682 9.9991E-05 0.392117
0.171987 0.017953 0.308254 9.9991E-05 0.501706
9.9973E-05 9.9973E-05 0.386878 9.9973E-05 0.612822
0.0450889 0.132604 0.590802 0.108419 0.123086
0.123408 0.0834988 0.675134 0.0165275 0.101432
9.9982E-05 0.0224834 0.49261 9.9982E-05 0.484707
9.9991E-05 0.00121163 0.720213 0.0336134 0.244862
9.9991E-05 0.00770959 0.58705 0.0593733 0.345767
0.0788573 0.0412195 0.607792 0.0495363 0.222595
0.0904019 0.0715872 0.710397 9.9991E-05 0.127514
0.237778 9.9982E-05 0.421541 9.9982E-05 0.340482
0.143375 9.9982E-05 0.545269 9.9982E-05 0.311157
0.160528 9.9982E-05 0.529679 9.9982E-05 0.309593
0.0550999 0.161763 0.683501 9.9991E-05 0.0995357
0.165025 9.9982E-05 0.543931 9.9982E-05 0.290844
0.0160497 0.0317531 0.592117 0.0175634 0.342517
0.154094 0.0546648 0.351322 0.439819 9.9991E-05
0.00214217 0.151543 0.382876 0.463339 9.9991E-05
0.00539185 0.0829277 0.407537 0.441069 0.0630744
9.9991E-05 0.145825 0.292372 0.491957 0.0697468
9.9991E-05 0.175122 0.454717 0.315572 0.0544891
9.9991E-05 0.0881177 0.640712 0.0133674 0.257703
9.9982E-05 0.256413 9.9982E-05 0.693638 0.0497494
9.9982E-05 0.216479 0.232515 0.550806 9.9982E-05
0.000979689 0.186928 0.422809 0.212513 0.17677
0.0237741 0.15734 0.653469 0.0248391 0.140578
0.0497231 0.150214 0.504166 0.0354854 0.260411
0.0373179 0.143763 0.640656 0.0436921 0.134572
0.0645652 0.101697 0.61533 0.107308 0.1111
9.9982E-05 0.195014 0.341003 0.463783 9.9982E-05
0.144141 0.090542 0.386158 0.379059 9.9991E-05
9.9982E-05 0.0772224 0.366482 0.556095 9.9982E-05
0.136016 0.0940879 0.383847 0.361354 0.0246949
9.9991E-05 0.119048 0.281119 0.560571 0.0391609
9.9991E-05 0.194169 0.488905 0.285891 0.0309351
9.9991E-05 0.133508 0.20353 0.613346 0.0495157
0.108398 0.0661064 0.392704 0.432691 9.9991E-05
9.9991E-05 0.145144 0.536703 0.0632482 0.254805
0.0473582 0.155569 0.329231 0.366421 0.101421
9.9991E-05 0.144406 0.120959 0.704438 0.0300974
0.158987 0.145303 0.248516 0.397873 0.0493216
0.224272 0.215636 0.28157 9.9991E-05 0.278422
0.105999 9.9991E-05 0.579981 0.128303 0.185617
0.10833 0.162441 0.369269 0.326316 0.0336443
0.0979095 0.129493 0.599459 0.0767495 0.0963887
9.9982E-05 0.211054 0.54846 9.9982E-05 0.240286
0.0217589 0.284107 0.432763 0.162547 0.0988248
9.9991E-05 0.240852 0.336562 0.324013 0.0984722
0.0950446 0.11359 0.61722 0.0972826 0.0768632
9.9991E-05 0.0751034 0.478543 0.399835 0.0464185
9.9991E-05 0.140815 0.313187 0.523737 0.0221609
0.0209053 0.229832 0.130202 0.608779 0.0102817
0.11625 0.0832738 0.612474 0.10229 0.0857119
0.0820643 0.148878 0.568925 9.9991E-05 0.200033
9.9991E-05 0.178163 0.121801 0.100543 0.599393
0.0709355 0.182131 0.579424 0.0827904 0.0847193
0.174698 0.10331 0.46169 0.0692333 0.191069
9.9991E-05 0.250539 0.462935 0.16803 0.118396
0.103095 0.139535 0.456994 0.160542 0.139834
9.9982E-05 0.367709 9.9982E-05 0.224387 0.407703
9.9982E-05 0.39342 9.9982E-05 0.147968 0.458411
0.0575884 0.177698 0.227295 0.179091 0.358329
0.0279868 0.367519 9.9991E-05 0.246665 0.357729
9.9982E-05 0.532527 9.9982E-05 0.208721 0.258552
0.0537117 0.20636 0.328981 0.157398 0.253549
0.0448385 0.212887 0.360849 0.219727 0.161698
0.0225369 0.294868 0.2017 0.180762 0.300133
9.9991E-05 0.360162 0.0568946 0.234102 0.348741
9.9991E-05 0.170694 0.411275 0.215488 0.202443
0.0884297 0.23486 0.111164 0.19538 0.370166
9.9982E-05 0.533166 9.9982E-05 0.070569 0.396065
0.0760348 0.0989582 0.530059 0.171549 0.123399
0.0380474 0.224088 0.358891 0.269984 0.108989
0.0614399 0.302291 0.415128 0.221041 9.9991E-05
9.9982E-05 0.212098 0.522363 0.265339 9.9982E-05
9.9991E-05 0.168462 0.541156 0.194861 0.0954211
0.00779349 0.214659 0.542325 0.182041 0.0531821
0.0332496 0.429716 0.331973 0.204961 9.9991E-05
0.0389953 0.319107 0.517058 0.112017 0.0128227
0.0246398 0.205535 0.378044 0.391681 9.9991E-05
0.0868507 0.301359 0.330005 0.239398 0.0423871
0.100752 0.195636 0.332248 0.145563 0.225801
0.098138 0.132294 0.595853 0.0931703 0.0805451
0.033136 0.200664 0.499916 0.180966 0.085319
0.0215059 0.212415 0.633259 0.0481771 0.084643
0.0170484 0.333686 0.324364 0.324802 9.9991E-05
9.9991E-05 0.249462 0.490033 0.213183 0.047223
9.9991E-05 0.374591 0.0898004 0.287668 0.247841
0.0193236 0.185973 0.517592 0.261234 0.0158774
9.9991E-05 0.255712 0.0553046 0.437517 0.251367
0.11843 0.803501 9.9982E-05 9.9982E-05 0.0778685
0.804061 0.0848472 0.105396 0.00559534 9.9991E-05
0.9996 9.997E-05 9.997E-05 9.997E-05 9.997E-05
0.97481 0.0248899 9.9973E-05 9.9973E-05 9.9973E-05
0.9996 9.997E-05 9.997E-05 9.997E-05 9.997E-05
0.946514 9.9982E-05 0.00378598 0.0495002 9.9982E-05
0.912792 0.00533053 0.0816779 9.9982E-05 9.9982E-05
0.953589 0.0461114 9.9973E-05 9.9973E-05 9.9973E-05
0.790989 0.199232 0.00957813 9.9982E-05 9.9982E-05
0.0664507 0.897853 9.9991E-05 0.0127023 0.0228941
0.104174 0.809421 0.0862047 9.9982E-05 9.9982E-05
0.000491129 0.870172 0.0638506 0.065094 0.000391888
0.132782 0.836666 0.0303512 9.9982E-05 9.9982E-05
0.0376082 0.936361 9.9982E-05 0.0258311 9.9982E-05
0.124837 0.859708 9.9991E-05 0.0132 0.00215483
0.107753 0.70833 9.9991E-05 0.143661 0.0401563
0.0399596 0.852602 0.0133673 0.0900196 0.00405167
0.114697 0.687207 0.0539722 0.0816571 0.0624664
9.9982E-05 0.896191 9.9982E-05 0.0715804 0.032029
0.021222 0.956656 9.9982E-05 9.9982E-05 0.021922
0.0344994 0.864705 0.0204309 0.0478483 0.0325166
0.036817 0.962883 9.9973E-05 9.9973E-05 9.9973E-05
9.9991E-05 0.905698 0.0456425 0.028378 0.020182
0.0326456 0.854847 0.0544639 0.0579434 9.9991E-05
9.9973E-05 0.869161 0.130539 9.9973E-05 9.9973E-05
9.9982E-05 0.785973 0.0438406 0.169987 9.9982E-05
9.9982E-05 0.745549 0.142504 0.111747 9.9982E-05
9.9982E-05 0.829961 0.106319 0.0635201 9.9982E-05
0.08313 0.165997 0.455669 0.0647764 0.230428
0.047698 0.110127 0.774525 9.9991E-05 0.0675503
9.9991E-05 0.225587 0.566636 0.0752353 0.132442
9.9991E-05 0.104957 0.172128 0.0255999 0.697215
0.134206 0.134816 0.606404 9.9991E-05 0.124474
9.9991E-05 0.209938 0.0907886 0.0698666 0.629306
0.0282548 0.105634 0.700096 0.0254576 0.140558
0.129048 0.127052 0.468772 9.9991E-05 0.275028
0.106192 0.139149 0.589834 9.9991E-05 0.164726
0.0662215 0.0734196 0.651585 9.9991E-05 0.208673
0.164464 0.124156 0.504641 9.9991E-05 0.206639
9.9991E-05 0.137429 0.80622 0.0131095 0.0431413
0.16875 0.0977862 0.662025 0.0238273 0.0476117
0.477897 9.9991E-05 0.0917408 0.0660215 0.36424
0.0784179 0.134468 9.9982E-05 9.9982E-05 0.786914
0.0142918 0.156635 0.207399 9.9991E-05 0.621574
0.0923493 0.0981868 0.547207 0.164631 0.0976257
9.9991E-05 0.177697 0.585348 0.0421596 0.194696
9.9982E-05 0.22287 0.621154 9.9982E-05 0.155776
9.9991E-05 0.15357 0.638748 0.0190733 0.188509
0.0235833 0.240945 0.552033 0.0973002 0.0861385
0.0782214 0.139155 0.566183 0.21634 9.9991E-05
0.207973 0.402653 0.0963683 0.157951 0.135054
0.118779 0.198891 0.644284 0.0379469 9.9991E-05
0.157246 0.210708 0.338974 0.199713 0.0933592
9.9982E-05 0.474141 9.9982E-05 0.17449 0.351169
9.9991E-05 0.289276 0.31624 0.266825 0.127559
0.112421 0.35647 0.332019 0.159721 0.0393686
0.122704 0.361729 0.451272 0.0641952 9.9991E-05
0.132215 0.144392 0.533842 0.178282 0.0112699
0.101314 0.176196 0.511021 0.211368 9.9991E-05
9.9991E-05 0.212345 0.64143 0.114225 0.0319001
9.9991E-05 0.184078 0.54418 0.124266 0.147375
9.9991E-05 0.474362 0.365746 0.152449 0.00734273
