0.0184102 0.0627461 9.9982E-05 9.9982E-05 0.918644
9.9982E-05 0.0213269 0.0221331 9.9982E-05 0.95634
0.0316864 0.0106889 9.9991E-05 0.0981701 0.859354
0.0510751 0.102932 9.9991E-05 0.0354113 0.810482
0.0779724 9.9982E-05 9.9982E-05 0.0595039 0.862324
0.0941399 0.0960095 0.173677 0.0162664 0.619907
9.9982E-05 0.0446641 0.100925 9.9982E-05 0.85421
0.0419511 0.107071 0.0838191 0.0052206 0.761938
9.9982E-05 0.0681238 0.103795 9.9982E-05 0.827881
0.0843099 0.0455596 0.0666211 0.0880689 0.715441
9.9991E-05 0.113524 0.0595033 0.0383891 0.788483
0.0633645 0.522786 0.0845747 0.329175 9.9991E-05
0.132106 0.291449 0.0501519 0.513144 0.0131495
0.0842902 0.51251 0.0537759 0.294134 0.0552907
0.165784 0.394611 0.0489275 0.347967 0.0427106
0.132959 0.277564 0.0394469 0.411893 0.138136
0.163615 0.201377 0.0364155 0.534131 0.0644621
0.160944 0.247837 0.163017 0.428102 9.9991E-05
0.118518 0.373042 0.0622991 0.321007 0.125133
0.0692163 0.636484 0.183703 0.0670555 0.043542
0.125191 0.317474 0.121915 0.420036 0.0153845
0.0875962 0.205287 0.260521 0.446496 9.9991E-05
0.120179 0.143483 0.143792 0.576894 0.015651
0.0822779 0.443833 0.124276 0.342713 0.00689954
0.00833074 0.0486416 0.0597378 0.733427 0.149863
0.101963 0.235 9.9991E-05 0.624155 0.0387824
0.0541719 0.553819 0.0523531 0.264451 0.0752057
0.237874 0.527216 0.0234802 0.191454 0.0199765
0.0116451 0.433672 0.22286 0.331723 9.9991E-05
0.102448 9.9982E-05 9.9982E-05 0.0730738 0.824278
0.0136257 9.9982E-05 9.9982E-05 0.156244 0.82993
0.0502101 0.0227717 9.9991E-05 0.139656 0.787262
0.0532844 9.9991E-05 0.0330717 0.159245 0.754299
0.0102918 0.103829 0.188572 0.62592 0.0713874
0.00972545 0.0920085 0.0775191 0.7022 0.118547
9.9982E-05 9.9982E-05 0.255407 0.712606 0.0317873
9.9991E-05 0.623754 0.037668 0.239174 0.0993031
0.0221825 0.0816988 0.414027 0.47848 0.0036115
0.0616002 0.121881 0.183668 0.570655 0.0621963
0.0533227 9.9991E-05 0.139583 0.772157 0.0348367
0.00266071 0.0509268 0.0877161 0.702952 0.155745
0.00474775 0.18324 9.9991E-05 0.691964 0.119948
9.9991E-05 0.195409 0.450394 0.341062 0.0130358
0.0879085 0.0347842 0.161713 0.619425 0.0961695
0.0847059 0.0341955 0.192174 0.645275 0.0436488
0.0471742 0.035592 0.102139 0.663235 0.15186
9.9982E-05 0.0360683 0.441985 0.521747 9.9982E-05
0.0145043 9.9991E-05 0.125855 0.738028 0.121513
0.0930377 0.0453938 0.155412 0.644299 0.061858
9.9991E-05 0.0179077 0.863491 0.0392304 0.079271
9.9982E-05 0.480952 0.284519 0.234329 9.9982E-05
0.0409057 0.196022 0.576553 0.123025 0.0634944
0.207454 0.223301 0.0953761 0.439796 0.034073
0.0328835 0.183766 0.0460336 0.640353 0.0969641
0.0772188 0.0322218 0.125547 0.68154 0.0834719
9.9991E-05 0.410024 0.252782 0.250217 0.0868768
0.0730481 0.28514 0.0319394 0.574422 0.0354495
0.110212 0.142081 0.117884 0.597248 0.0325744
9.9991E-05 0.132619 0.214355 0.487714 0.165213
0.0551241 0.350082 0.278855 0.116814 0.199124
0.0612189 0.147855 0.0854321 0.611578 0.093916
0.0845939 0.314868 0.0303985 0.467166 0.102973
9.9991E-05 0.618071 0.236411 0.116915 0.0285024
0.0194522 0.315725 0.0277098 0.619972 0.0171413
0.108562 0.00799477 0.170077 0.67723 0.0361358
0.0478871 0.180959 0.107172 0.567854 0.0961275
0.0180004 0.21475 0.274536 0.402943 0.0897702
0.104626 0.261534 0.133237 0.500503 9.9991E-05
0.0695739 0.138504 0.0983317 0.6558 0.0377896
9.9991E-05 0.424787 0.278307 0.281945 0.0148614
9.9982E-05 0.0961332 0.220091 0.683575 9.9982E-05
9.9982E-05 0.16564 0.398109 0.436051 9.9982E-05
0.0404002 0.068783 0.188818 0.566065 0.135934
9.9982E-05 0.0540058 0.785432 0.160362 9.9982E-05
9.9982E-05 0.0680464 0.770212 0.161541 9.9982E-05
9.9982E-05 0.121012 0.399418 0.479369 9.9982E-05
9.9991E-05 0.153442 0.16828 0.638613 0.0395644
0.0306863 0.17559 0.047704 0.639553 0.106467
0.00304615 0.105515 0.24152 0.649819 9.9991E-05
9.9991E-05 0.322648 0.338419 0.32507 0.0137634
9.9991E-05 0.325718 0.263603 0.40068 0.00989846
0.0607109 0.148584 0.168046 0.570508 0.0521519
9.9991E-05 0.175463 0.3188 0.493052 0.0125849
9.9991E-05 0.0172581 0.302371 0.605076 0.0751946
9.9973E-05 9.9973E-05 0.487232 0.512468 9.9973E-05
9.9991E-05 0.076383 0.8269 0.0948208 0.00179664
0.0958508 0.0512695 0.159679 0.692121 0.00107929
0.0161809 0.0710092 9.9991E-05 0.11948 0.79323
9.9973E-05 9.9973E-05 9.9973E-05 0.0966045 0.903096
0.0313274 9.9982E-05 9.9982E-05 0.108241 0.860232
0.0314164 9.9982E-05 9.9982E-05 0.0472672 0.921117
0.0170677 9.9982E-05 9.9982E-05 0.0757677 0.906965
0.0464038 9.9991E-05 0.0401442 0.0417114 0.871641
0.0177627 9.9982E-05 9.9982E-05 0.0452097 0.936828
0.0718494 0.139768 0.142214 0.565888 0.0802805
0.102438 0.10916 0.175854 0.554709 0.0578384
9.9982E-05 0.200069 0.551356 0.248375 9.9982E-05
0.0874086 0.0995136 0.0803372 0.555701 0.17704
9.9991E-05 0.128826 0.197731 0.608603 0.0647394
9.9991E-05 0.00983607 0.195024 0.746117 0.0489227
0.106557 0.0186758 0.281283 0.575227 0.0182574
0.00624276 9.9991E-05 0.293221 0.675468 0.024968
9.9991E-05 0.315801 0.510188 0.124948 0.0489626
0.127223 0.20934 0.0622512 0.543629 0.0575565
0.0156015 0.0431877 0.0814299 0.776024 0.0837573
0.0990945 0.0666821 0.0907474 0.648014 0.0954615
9.9982E-05 0.00154201 0.578683 0.419575 9.9982E-05
9.9982E-05 9.9982E-05 0.247848 0.716198 0.0357538
9.9982E-05 0.140036 0.25608 0.603684 9.9982E-05
0.0494601 9.9982E-05 0.437018 0.513322 9.9982E-05
9.9991E-05 0.165326 0.169028 0.5833 0.0822454
0.0408388 0.143011 0.161803 0.586815 0.067533
0.0925202 0.360257 0.269736 0.242236 0.0352503
0.0677326 0.338556 0.0320489 0.439537 0.122126
9.9991E-05 0.166812 0.0255396 0.707013 0.100536
0.0692132 0.153719 0.0625403 0.675823 0.0387047
9.9982E-05 0.355652 9.9982E-05 0.569331 0.0748167
0.0967591 0.294655 0.00420961 0.585411 0.0189647
0.0141268 0.395559 9.9991E-05 0.552111 0.0381028
9.9991E-05 0.109946 0.159939 0.607862 0.122154
0.0629453 0.250368 0.0810284 0.599168 0.00649051
0.0182671 0.186682 0.0439463 0.6874 0.0637042
9.9973E-05 0.412022 9.9973E-05 0.587678 9.9973E-05
0.124135 0.143975 0.118318 0.56188 0.0516919
0.139789 0.124396 0.0434252 0.624861 0.0675284
0.0887319 0.305879 0.0304506 0.574839 9.9991E-05
0.114331 0.200109 0.0367511 0.575878 0.0729299
0.154681 0.286496 9.9982E-05 0.558622 9.9982E-05
0.0889406 0.326602 0.164981 0.348361 0.071115
0.0258325 0.158884 0.0311351 0.747156 0.0369926
0.185089 0.192186 0.0368911 0.585735 9.9991E-05
0.0867101 0.435907 0.156584 0.294145 0.0266541
0.109561 0.321499 0.399534 0.110771 0.0586356
0.136128 0.242814 0.121057 0.472347 0.0276544
0.0757448 0.327141 0.494268 0.102747 9.9991E-05
9.9991E-05 0.496216 0.127394 0.323656 0.0526332
9.9982E-05 0.321853 0.130866 0.547082 9.9982E-05
9.9991E-05 0.390863 0.145509 0.439336 0.0241919
0.018935 0.510271 0.119463 0.351231 9.9991E-05
0.0175225 0.127585 0.0605076 0.68144 0.112944
0.0684638 0.113538 0.0974918 0.582923 0.137583
0.140575 0.139911 0.135572 0.583842 9.9991E-05
0.0975931 0.393353 0.392878 0.116075 9.9991E-05
9.9991E-05 0.00821144 0.135702 0.676868 0.179119
0.200463 0.0227888 0.287602 0.437593 0.0515532
9.9991E-05 0.10868 0.629711 0.0781019 0.183408
0.0276838 9.9991E-05 0.134603 0.711115 0.126499
0.054949 0.0761742 0.333455 0.424824 0.110598
0.103844 9.99958E-05 0.210259 0.539975 0.145822
9.9991E-05 0.090062 0.397385 0.361721 0.150732
9.9991E-05 0.139001 0.475503 0.262805 0.122592
9.9991E-05 0.192609 0.259734 0.481197 0.0663597
0.141522 0.14054 0.160248 0.466294 0.0913964
0.125015 9.9991E-05 0.262323 0.441466 0.171095
0.173654 0.122386 0.596623 0.0193795 0.0879579
0.120852 0.00418638 0.268588 0.566252 0.0401213
9.9982E-05 0.119628 0.422511 0.457661 9.9982E-05
0.0294484 0.177631 0.257176 0.517514 0.0182305
0.109024 9.9991E-05 0.0982544 0.628628 0.163994
0.306251 0.0311247 0.17406 0.152594 0.335971
0.191887 9.9982E-05 0.230219 9.9982E-05 0.577694
0.184199 9.9982E-05 0.349317 9.9982E-05 0.466285
0.399512 0.0243699 0.144379 0.0318188 0.39992
0.0163513 9.9991E-05 0.21639 0.764531 0.00262774
0.0589516 0.065856 0.192865 0.590542 0.0917862
0.629891 0.0200444 9.9982E-05 0.349865 9.9982E-05
0.501218 0.126346 9.9991E-05 0.355938 0.0163985
0.438229 9.9991E-05 0.162513 0.323523 0.075635
0.0464518 9.9991E-05 0.526578 0.417568 0.00930225
0.100171 0.0391274 0.299448 0.545111 0.0161423
0.0615802 0.0307439 0.669436 0.229478 0.00876146
9.9991E-05 0.00151219 0.214627 0.7111 0.0726612
9.9991E-05 0.144649 0.321551 0.489914 0.0437867
0.128086 0.039645 0.27718 0.548179 0.0069099
0.0538571 9.9991E-05 0.699195 0.236198 0.0106497
0.106927 9.9991E-05 0.162425 0.650666 0.0798831
0.10252 0.0594052 0.207476 0.558739 0.0718597
0.979982 0.0154328 9.9982E-05 0.00438568 9.9982E-05
0.879813 9.9973E-05 9.9973E-05 0.119887 9.9973E-05
0.602492 0.120887 0.0224861 0.254034 9.99932E-05
0.744086 9.9973E-05 9.9973E-05 0.255614 9.9973E-05
0.821249 9.9982E-05 0.00654335 0.172008 9.9982E-05
0.9996 9.997E-05 9.997E-05 9.997E-05 9.997E-05
0.979584 0.0201162 9.9973E-05 9.9973E-05 9.9973E-05
0.860559 9.9973E-05 9.9973E-05 0.139141 9.9973E-05
0.929035 0.0531988 9.9982E-05 0.0175658 9.9982E-05
0.9996 9.997E-05 9.997E-05 9.997E-05 9.997E-05
0.9996 9.997E-05 9.997E-05 9.997E-05 9.997E-05
0.758979 0.000701631 9.9991E-05 0.21825 0.0219698
0.812093 0.0675358 9.9991E-05 0.0986821 0.0215891
0.971455 0.0282453 9.9973E-05 9.9973E-05 9.9973E-05
0.373079 0.212036 0.0110836 0.322731 0.0810707
0.667337 0.0698033 0.0221038 0.227756 0.013
0.790038 0.0400396 9.9991E-05 0.157532 0.01229
0.863333 0.0463442 9.9991E-05 0.0870488 0.00317411
0.9996 9.997E-05 9.997E-05 9.997E-05 9.997E-05
0.87182 9.9982E-05 9.9982E-05 0.0571803 0.0707999
0.9996 9.997E-05 9.997E-05 9.997E-05 9.997E-05
0.572838 0.0881317 0.0112124 0.248039 0.0797788
0.906994 0.0423807 0.0311726 0.0193522 9.9991E-05
0.0688425 9.9982E-05 0.550785 9.9982E-05 0.380173
0.148531 0.196308 0.145259 0.364716 0.145185
0.0984502 0.0511791 0.163413 0.430509 0.256449
0.15088 9.9991E-05 0.43795 0.161266 0.249804
0.147045 0.0697197 0.079955 0.521275 0.182006
0.208097 9.9991E-05 0.401641 0.148013 0.242149
0.0681191 0.0774455 0.152197 0.464891 0.237347
0.264179 9.9991E-05 0.335981 0.273253 0.126487
0.192969 9.9991E-05 0.179084 0.469847 0.158
0.256038 9.9991E-05 0.25552 0.284755 0.203588
0.0785685 9.9991E-05 0.219879 0.46388 0.237572
9.9991E-05 0.0862287 0.013098 0.0582095 0.842364
0.0586483 9.9982E-05 0.0106992 9.9982E-05 0.930453
9.9973E-05 0.0195479 9.9973E-05 9.9973E-05 0.980152
9.9982E-05 0.0341143 9.9982E-05 0.0388008 0.926885
0.0109481 0.0307074 9.9991E-05 0.0232263 0.935018
0.0773861 9.9982E-05 0.0371627 9.9982E-05 0.885251
0.120854 0.0100373 9.9982E-05 9.9982E-05 0.868909
9.9991E-05 0.051142 0.0450603 0.0149267 0.888771
9.9982E-05 9.9982E-05 0.0290668 0.0528878 0.917845
0.110592 0.0657584 9.9982E-05 9.9982E-05 0.82345
9.9982E-05 0.2408 0.132684 9.9982E-05 0.626317
9.9973E-05 0.38472 9.9973E-05 9.9973E-05 0.61498
9.9982E-05 0.308441 0.128984 9.9982E-05 0.562375
9.9982E-05 0.281767 0.219855 9.9982E-05 0.498178
0.0431769 0.169118 0.17055 0.617055 9.9991E-05
0.0434994 0.160983 0.157247 0.638171 9.9991E-05
0.0103263 0.224811 0.00999884 0.734422 0.0204417
9.9991E-05 0.291722 0.239777 0.44672 0.0216812
9.9982E-05 0.689569 0.039382 0.270849 9.9982E-05
0.0977316 0.0272075 0.158857 0.684477 0.0317275
9.9982E-05 0.145777 0.160875 0.693148 9.9982E-05
0.00707872 0.0908074 0.250413 0.651601 9.9991E-05
9.9982E-05 0.0144135 0.464756 0.520631 9.9982E-05
0.0591886 0.178908 0.0684618 0.648532 0.0449092
9.9991E-05 0.200962 0.202529 0.59584 0.000568772
9.9982E-05 0.104473 0.844876 0.050451 9.9982E-05
0.0201328 0.184732 0.108276 0.615949 0.0709111
9.9991E-05 0.0158862 0.61232 0.36185 0.00984382
9.9991E-05 0.00190604 0.280314 0.667542 0.0501383
9.9991E-05 0.258608 0.430521 0.309895 0.000876789
9.9982E-05 0.7739 0.114721 9.9982E-05 0.111179
9.9991E-05 0.745254 0.0856366 0.057542 0.111468
9.9982E-05 0.867904 0.0866871 9.9982E-05 0.0452093
9.9982E-05 0.776896 0.0993712 9.9982E-05 0.123533
0.0434579 0.879382 0.0510149 0.0260447 9.9991E-05
0.00464043 0.749603 0.0297302 0.139774 0.0762522
9.9982E-05 0.00675974 9.9982E-05 0.117299 0.875741
0.0989851 0.0582555 9.9991E-05 0.0139243 0.828735
0.0638509 9.9982E-05 9.9982E-05 0.159827 0.776122
0.0898688 0.0902452 9.9991E-05 0.0224522 0.797334
0.0731466 0.0739489 9.9991E-05 0.0440312 0.808773
9.9982E-05 0.56567 0.0724201 9.9982E-05 0.36171
9.9982E-05 0.404602 0.118724 9.9982E-05 0.476474
9.9982E-05 0.486489 0.0640074 9.9982E-05 0.449303
0.0842152 0.0270655 9.9991E-05 0.0899784 0.798641
9.9982E-05 0.538127 0.0645341 9.9982E-05 0.397139
0.385543 9.9991E-05 0.131028 0.226985 0.256345
0.258948 0.0062593 0.00482775 0.535483 0.194482
0.274455 9.9982E-05 9.9982E-05 0.549748 0.175597
0.244534 0.0617221 0.141413 0.292706 0.259624
0.120602 0.123762 0.00692428 0.584417 0.164295
0.361204 9.9982E-05 0.211123 9.9982E-05 0.427473
9.9982E-05 0.378454 0.0565535 0.564792 9.9982E-05
0.0517252 0.183679 0.36713 0.386897 0.0105694
9.9991E-05 0.563881 0.014036 0.354092 0.0678911
0.00063886 0.144768 0.298924 0.555569 9.9991E-05
9.9973E-05 0.17632 0.82338 9.9973E-05 9.9973E-05
0.0656703 0.162514 0.0781903 0.612727 0.0808986
0.0479944 0.197664 0.172527 0.543872 0.0379424
0.00703503 0.531552 0.0697756 0.391537 9.9991E-05
0.0577722 0.207592 0.0673597 0.614461 0.0528154
0.0149117 0.315641 0.512157 0.157191 9.9991E-05
0.0968614 0.11102 0.299403 0.492616 9.9991E-05
9.9991E-05 0.32811 0.0398301 0.621577 0.0103826
0.214571 0.0920855 0.0692936 0.485994 0.138056
0.00151527 0.332568 0.252025 0.413792 9.9991E-05
0.0504503 0.336614 0.0815913 0.509306 0.0220381
0.132561 0.144899 0.179859 0.517563 0.0251172
0.00132377 0.163997 0.230907 0.603673 9.9991E-05
0.0387326 0.15742 0.0327822 0.706517 0.0645485
0.117879 0.249249 0.00567232 0.526016 0.101184
0.115649 0.149664 0.0349735 0.562072 0.137641
0.0843585 9.9982E-05 9.9982E-05 0.125262 0.79018
0.0761479 9.9991E-05 0.0186671 0.0869536 0.818131
0.00773707 0.10996 0.029026 0.071681 0.781596
0.0325778 0.0608057 0.0485868 0.0397146 0.818315
9.9973E-05 9.9973E-05 9.9973E-05 0.131837 0.867863
0.0591811 0.599703 0.101915 0.239101 9.9991E-05
0.0637198 0.0917223 0.128263 0.631354 0.0849408
0.212122 0.0564451 0.128146 0.445791 0.157495
0.115296 0.208456 0.0382114 0.637937 9.9991E-05
0.0782113 0.233828 0.0864199 0.555176 0.0463648
0.10707 0.389768 0.21992 0.275081 0.00816159
9.9982E-05 0.665293 0.216724 9.9982E-05 0.117783
0.0645616 0.383364 9.9982E-05 0.551875 9.9982E-05
0.0514157 0.556542 0.190154 0.170921 0.0309672
0.148028 0.232606 0.207328 0.388783 0.0232549
9.9991E-05 0.642779 0.109954 0.117894 0.129273
0.104153 0.138475 0.0119842 0.581125 0.164262
0.00814278 0.595127 0.0794239 0.247654 0.0696528
0.102544 0.33313 0.220894 0.326917 0.0165156
0.084046 0.085966 0.217645 0.500408 0.111935
0.0801977 0.134961 0.469841 0.292276 0.0227242
9.9991E-05 0.0592132 0.164296 0.661483 0.114907
9.9982E-05 9.9982E-05 0.250209 0.583623 0.165968
9.9991E-05 0.0573689 0.489946 0.412524 0.0400609
0.0875091 0.0620459 0.244966 0.548356 0.0571231
9.9982E-05 9.9982E-05 0.283395 0.678849 0.0375555
9.9982E-05 0.0146529 0.828646 0.156501 9.9982E-05
9.9982E-05 9.9982E-05 0.690858 0.288162 0.0207798
9.9991E-05 0.0786184 0.374617 0.52348 0.0231849
9.9982E-05 0.100647 0.659212 0.239941 9.9982E-05
9.9991E-05 0.103417 0.30949 0.552985 0.0340079
0.0164976 0.642162 0.162622 0.178619 9.9991E-05
0.0594498 0.356425 0.324866 0.25916 9.9991E-05
0.0875107 0.477622 0.0334336 0.351951 0.0494825
0.0786957 0.186491 9.9982E-05 0.734613 9.9982E-05
9.9982E-05 0.532048 0.133966 0.333786 9.9982E-05
0.0772855 0.107916 0.119364 0.558385 0.13705
0.12966 0.215903 0.0752969 0.521392 0.057748
0.115501 0.315133 0.0684109 0.480866 0.0200886
0.110646 0.328832 0.0545528 0.505869 9.9991E-05
0.10589 0.3705 0.111562 0.411947 9.9991E-05
0.0795027 0.539062 0.0650645 0.316271 9.9991E-05
0.0952138 0.515871 0.0482895 0.340526 9.9991E-05
0.0997205 0.271284 0.0455602 0.583335 9.9991E-05
0.0331665 0.172082 0.0372211 0.641177 0.116353
0.0368391 0.224605 0.236282 0.432577 0.069697
0.101594 0.269983 0.0876807 0.540642 9.9991E-05
0.0778978 0.487616 9.9991E-05 0.401549 0.0328369
0.0331722 0.186411 0.064636 0.689054 0.0267274
0.109502 0.260508 0.0137354 0.584991 0.0312633
0.153081 0.175139 0.249941 0.414415 0.00742468
0.0708966 0.0587656 9.9991E-05 0.480789 0.389449
0.198751 0.0360836 0.0229243 0.604303 0.137938
0.135671 0.147602 0.0484742 0.539866 0.128387
0.174459 0.0868464 0.0373692 0.622481 0.0788444
0.317484 9.9991E-05 0.0761914 0.374558 0.231666
0.0649178 0.196306 0.258267 0.480409 9.9991E-05
0.150536 0.0343038 0.137555 0.538865 0.13874
0.19035 9.9982E-05 0.526137 9.9982E-05 0.283313
0.191216 0.177826 0.0175414 0.490923 0.122493
0.198075 0.0638551 0.0970267 0.518597 0.122446
0.208936 0.0372762 0.0985917 0.520251 0.134945
0.152217 0.105567 0.211167 0.33854 0.19251
0.215454 9.9991E-05 0.142871 0.476557 0.165018
0.168565 9.9991E-05 0.0689537 0.532209 0.230172
0.198333 9.9982E-05 0.290488 9.9982E-05 0.510979
0.266655 0.00906319 0.0612021 0.505904 0.157176
0.299619 0.0747257 0.0313466 0.479934 0.114375
0.0749793 0.0306899 0.158894 0.582303 0.153133
0.261742 9.9982E-05 9.9982E-05 0.535321 0.202737
0.162806 0.0623372 0.0504603 0.500344 0.224053
0.0895925 0.06095 0.335809 0.513549 9.9991E-05
0.130133 0.0614457 0.22449 0.553157 0.0307748
0.0157781 0.164509 0.717831 0.101782 9.9991E-05
9.9991E-05 0.0788432 0.803491 0.110322 0.00724464
0.190219 0.127293 0.180169 0.502219 9.9991E-05
0.279136 0.00885881 0.124436 0.45991 0.127659
0.414147 9.9991E-05 0.181067 0.290801 0.113886
0.283174 9.9991E-05 0.345735 0.149786 0.221206
0.26544 9.9991E-05 0.18719 0.379972 0.167298
0.179893 9.9991E-05 0.692101 0.0481328 0.0797734
0.144457 9.9991E-05 0.527662 0.205314 0.122467
0.116832 0.0240788 0.231418 0.596001 0.0316705
0.139719 9.9991E-05 0.288829 0.470946 0.100406
0.178602 0.00608834 0.540235 0.214353 0.0607213
0.139223 0.053483 0.163278 0.602012 0.042004
0.195941 0.0171207 0.293842 0.492997 9.9991E-05
0.180538 0.104747 0.203521 0.422556 0.0886388
9.9982E-05 0.143674 0.475877 0.380249 9.9982E-05
0.0541561 0.0554547 0.43417 0.456119 9.9991E-05
0.0987893 0.114941 0.199544 0.530655 0.0560705
0.0833964 0.0289404 0.420253 0.380201 0.0872085
0.15065 0.15291 0.1886 0.424618 0.0832222
0.0289572 9.9991E-05 0.426289 0.511937 0.032716
0.000423515 0.103148 0.591978 0.304351 9.9991E-05
0.0622197 9.9991E-05 0.24434 0.637167 0.0561737
9.9982E-05 0.105464 0.583597 0.310739 9.9982E-05
0.0677417 0.0743697 0.347845 0.493014 0.0170294
0.0814078 0.0175221 0.223727 0.613284 0.0640586
0.0049063 9.9991E-05 0.376115 0.596396 0.0224826
0.245566 0.0850987 0.0451732 0.432037 0.192125
0.198217 0.115436 0.210728 0.32503 0.150589
0.30146 0.0745471 0.142903 0.315995 0.165094
0.256733 0.220925 0.152238 0.267741 0.102363
0.214898 0.123322 0.178965 0.338885 0.143931
0.208476 0.0517821 0.16397 0.473211 0.102561
0.20273 0.0278467 0.58529 9.9991E-05 0.184033
0.256635 0.0653845 0.00503976 0.588246 0.0846955
0.199816 9.9982E-05 0.412398 9.9982E-05 0.387585
0.265269 9.9991E-05 0.213918 0.494622 0.0260916
9.9973E-05 9.9973E-05 0.774675 0.225025 9.9973E-05
0.0196247 0.0461136 0.902291 0.0318704 9.9991E-05
9.9982E-05 0.0259365 0.367998 0.605865 9.9982E-05
0.075352 9.9991E-05 0.242461 0.615959 0.0661282
9.9982E-05 0.00955875 0.490344 0.499897 9.9982E-05
9.9991E-05 0.0381672 0.353553 0.604363 0.00381616
0.0407429 0.0280648 0.317086 0.614006 9.9991E-05
0.03285 9.9991E-05 0.126866 0.0432094 0.796974
0.0991244 0.165193 9.9982E-05 9.9982E-05 0.735483
0.0552672 0.0289282 9.9982E-05 9.9982E-05 0.915605
9.9973E-05 9.9973E-05 9.9973E-05 0.0528223 0.946878
0.0269096 0.0672744 0.260794 0.596713 0.048309
9.9991E-05 0.0579319 0.137919 0.683652 0.120398
9.9982E-05 0.0326681 0.26404 0.703092 9.9982E-05
0.0152043 0.143326 0.0416604 0.691148 0.108662
0.0143625 9.9991E-05 0.123866 0.724144 0.137527
9.9982E-05 0.12862 0.461298 0.409881 9.9982E-05
9.9982E-05 0.00280976 0.15961 0.837381 9.9982E-05
9.9973E-05 9.9973E-05 0.521414 0.478286 9.9973E-05
0.182462 9.9991E-05 0.0942289 0.471953 0.251256
0.101051 0.085822 0.349821 0.463206 9.9991E-05
9.9982E-05 0.227933 0.260212 0.511655 9.9982E-05
9.9982E-05 0.0714003 0.203876 0.724524 9.9982E-05
0.00843471 0.197644 0.181595 0.595725 0.0166012
0.000586396 9.9982E-05 0.31796 0.681254 9.9982E-05
9.9991E-05 0.027747 0.139914 0.736865 0.0953745
9.9973E-05 9.9973E-05 0.730164 0.269537 9.9973E-05
9.9991E-05 0.0578292 0.473213 0.450347 0.0185102
9.9982E-05 0.101255 0.445847 0.452698 9.9982E-05
9.9973E-05 9.9973E-05 0.912337 0.0873636 9.9973E-05
9.9991E-05 0.0620767 0.27433 0.627265 0.0362278
9.9973E-05 9.9973E-05 0.748021 0.251679 9.9973E-05
9.9991E-05 0.0134875 0.91181 0.0663969 0.00820523
0.0594307 0.00753115 0.301193 0.631746 9.9991E-05
9.9982E-05 0.171491 0.368659 0.459651 9.9982E-05
0.0988253 0.107927 0.302281 0.490867 9.9991E-05
0.126785 9.9991E-05 0.151477 0.617771 0.103867
9.9991E-05 0.112642 0.215172 0.646912 0.0251746
0.120453 0.304141 0.28483 0.290476 9.9991E-05
9.9991E-05 0.0790628 0.154467 0.74341 0.0229593
9.9991E-05 0.124528 0.237448 0.598494 0.0394295
9.9982E-05 0.000513278 0.482859 0.516427 9.9982E-05
0.0160137 0.046111 0.196497 0.689534 0.0518439
0.00133822 0.304969 0.0108094 0.0122462 0.670637
9.9991E-05 0.142011 0.0475763 0.0461182 0.764195
9.9973E-05 0.169633 9.9973E-05 9.9973E-05 0.830067
9.9982E-05 0.148256 0.0419711 9.9982E-05 0.809573
9.9982E-05 0.234449 9.9982E-05 0.0281043 0.737247
9.9991E-05 0.232261 0.419492 0.326318 0.0218282
9.9991E-05 0.187614 0.486071 0.292891 0.0333235
9.9973E-05 9.9973E-05 0.669066 0.330634 9.9973E-05
0.0310229 0.061656 0.102586 0.699698 0.105037
0.00193731 0.0575791 0.126813 0.674602 0.139068
9.9991E-05 0.0017116 0.516911 0.423927 0.0573505
0.0548815 9.9991E-05 0.242689 0.657252 0.0450782
0.109996 9.9991E-05 0.377057 0.494864 0.0179839
9.9982E-05 0.0750939 0.237277 0.687429 9.9982E-05
0.0154947 0.148615 0.14254 0.682635 0.0107146
9.9982E-05 0.149213 0.430062 0.420525 9.9982E-05
9.9982E-05 0.186268 0.256466 0.557067 9.9982E-05
9.9982E-05 0.22011 0.224372 0.555318 9.9982E-05
9.9991E-05 0.0568333 0.144381 0.650593 0.148093
9.9991E-05 0.0635432 0.320313 0.602744 0.0132997
0.0422488 0.105548 0.219691 0.598966 0.0335455
0.509213 0.0386148 0.0222603 0.361507 0.0684051
0.480121 0.0299303 9.9991E-05 0.384889 0.104959
0.510898 0.000545341 0.0335706 0.365431 0.0895552
0.469055 9.9991E-05 0.0354104 0.28943 0.206005
0.368721 0.165338 9.9991E-05 0.459748 0.00609319
9.9982E-05 9.9982E-05 0.306532 0.662306 0.0309621
0.662382 0.0703322 0.0317168 0.000969354 0.234599
0.498869 0.00484318 0.0185812 0.299202 0.178504
0.132787 9.9991E-05 0.215079 0.411696 0.240337
0.0752366 0.0107034 0.180207 0.583542 0.150312
9.9991E-05 0.083702 0.189411 0.516085 0.210703
0.0647864 0.0541587 0.104269 0.663589 0.113197
0.0548296 0.0560758 0.198464 0.621594 0.0690366
0.494502 9.9982E-05 9.9982E-05 0.304726 0.200572
0.429287 0.0169787 9.9991E-05 0.395125 0.15851
0.509982 9.9991E-05 0.0382635 0.363278 0.0883766
0.30276 0.0910117 0.0152652 0.419195 0.171768
0.603458 0.0536799 9.9991E-05 0.260017 0.0827446
0.393877 0.0466227 9.9991E-05 0.402485 0.156915
0.599506 0.027643 0.0289201 0.206832 0.137099
0.471324 0.160194 0.0235732 0.307812 0.0370974
0.0815275 9.9991E-05 0.286155 0.550567 0.0816505
0.214451 0.0620736 9.9991E-05 0.520927 0.202449
0.68094 9.9982E-05 9.9982E-05 0.127551 0.191309
0.358005 0.130448 0.0506755 0.353425 0.107447
9.9991E-05 0.220002 0.335947 0.258098 0.185853
0.192334 0.0400317 0.248749 0.487205 0.0316797
0.311844 0.0698158 9.9991E-05 0.410049 0.208191
0.0962985 0.106131 0.0921992 0.532582 0.172789
9.9991E-05 0.0742093 0.200407 0.531183 0.1941
0.242918 0.11348 0.0970447 0.34905 0.197507
0.26039 0.107996 9.9991E-05 0.410005 0.221509
0.148945 0.137906 0.0615278 0.574264 0.0773575
0.416629 0.0361838 0.0612579 0.413055 0.0728744
0.425375 0.0310088 9.9991E-05 0.402075 0.141442
0.578272 9.9991E-05 0.0441574 0.166238 0.211232
0.10103 0.06674 0.133019 0.640448 0.0587627
9.9991E-05 0.0634571 0.229973 0.576565 0.129905
0.115396 9.9991E-05 0.660383 0.0754551 0.148665
0.0726676 0.000730894 0.133789 0.571395 0.221418
0.0610998 0.293541 0.128924 0.429707 0.0867276
0.165939 9.9991E-05 0.110817 0.507378 0.215766
0.0876871 0.161361 0.146734 0.526135 0.0780824
0.220284 9.9982E-05 0.422151 9.9982E-05 0.357365
0.162411 9.9982E-05 0.492225 9.9982E-05 0.345163
0.195049 0.0986529 0.370262 0.221396 0.114641
0.273078 9.9982E-05 0.376723 9.9982E-05 0.349999
0.228343 9.9982E-05 0.305812 9.9982E-05 0.465645
0.15909 0.0100037 0.329192 0.377797 0.123918
0.224274 0.01294 0.204593 0.351046 0.207147
0.1263 0.0293456 0.243719 0.238221 0.362415
0.249854 9.9991E-05 0.389615 0.0364572 0.323974
0.192906 0.0666429 0.166126 0.448654 0.12567
0.225886 9.9991E-05 0.4611 0.0793292 0.233585
0.11061 9.9982E-05 0.398382 9.9982E-05 0.490809
0.213605 0.163962 0.0999525 0.371659 0.150822
0.187741 0.0605651 0.272719 0.251156 0.227818
0.202731 0.0105385 9.9991E-05 0.472706 0.313924
0.282103 9.9982E-05 9.9982E-05 0.516938 0.200759
0.210005 9.9991E-05 0.00514531 0.576621 0.208129
0.190227 0.035758 0.0858684 0.495683 0.192463
0.227971 0.0345182 9.9991E-05 0.331884 0.405527
0.125778 0.0877164 9.9991E-05 0.525035 0.26137
0.301184 0.0314999 9.9991E-05 0.419594 0.247622
0.293152 9.9991E-05 0.112529 0.297041 0.297178
0.181452 0.143745 0.223599 0.30261 0.148595
0.136621 0.0636504 0.117095 0.459321 0.223312
0.143494 9.9991E-05 0.141596 0.583638 0.131172
0.105195 0.119098 0.0330937 0.65882 0.083793
0.273094 0.0430544 9.9991E-05 0.421476 0.262276
0.143419 0.030079 0.0346173 0.575367 0.216518
0.240756 9.9991E-05 0.194812 0.175614 0.388718
0.169537 0.029776 9.9991E-05 0.543277 0.257309
0.364808 9.9991E-05 0.283579 0.120322 0.231191
9.9982E-05 0.129182 0.0747165 9.9982E-05 0.795902
9.9982E-05 0.754616 9.9982E-05 0.137929 0.107255
9.9973E-05 0.96781 9.9973E-05 9.9973E-05 0.0318905
9.9973E-05 0.997214 9.9973E-05 9.9973E-05 0.00248568
0.0317275 0.967973 9.9973E-05 9.9973E-05 9.9973E-05
0.00663842 0.920905 9.9991E-05 0.0437499 0.0286065
9.9973E-05 0.927266 9.9973E-05 0.0724345 9.9973E-05
9.997E-05 0.9996 9.997E-05 9.997E-05 9.997E-05
0.00181934 0.795947 9.9982E-05 9.9982E-05 0.202034
0.000508644 0.0143462 9.9991E-05 0.0307015 0.954344
0.0252605 0.116833 9.9991E-05 0.0754971 0.78231
0.0341351 9.9991E-05 0.0286472 0.0392322 0.897886
9.9982E-05 0.125671 9.9982E-05 0.0472993 0.826829
0.0801176 0.0348694 9.9991E-05 0.0064908 0.878422
0.0189788 0.0704596 9.9982E-05 9.9982E-05 0.910362
0.175877 0.0283805 0.00183543 0.0280611 0.765846
0.057532 9.9991E-05 0.0136384 0.0586051 0.870124
0.0924133 0.127045 0.0466345 0.0019667 0.73194
0.0616276 9.9973E-05 9.9973E-05 9.9973E-05 0.938073
9.9973E-05 0.0185062 9.9973E-05 9.9973E-05 0.981194
0.05374 0.0453979 0.012246 0.0218407 0.866775
0.0287983 9.9973E-05 9.9973E-05 9.9973E-05 0.970902
0.0514291 9.9982E-05 9.9982E-05 0.0344258 0.913945
0.0159253 0.0128297 9.9991E-05 0.0813764 0.889769
0.0516249 9.9982E-05 9.9982E-05 0.07093 0.877245
0.164179 9.9982E-05 9.9982E-05 0.0739538 0.761667
0.106504 9.9982E-05 9.9982E-05 0.108869 0.784428
0.0445368 9.9982E-05 9.9982E-05 0.11204 0.843224
0.0199887 0.0656374 0.214803 0.472008 0.227562
9.9982E-05 9.9982E-05 0.123691 0.786183 0.0899265
0.0635255 0.0706621 0.135521 0.623784 0.106507
0.0356866 9.9991E-05 0.752455 0.121247 0.0905113
0.0220144 0.153956 0.0809369 0.613451 0.129642
0.0176403 9.9991E-05 0.624176 0.156262 0.201822
0.0716946 9.9991E-05 0.210556 0.630561 0.0870879
9.9991E-05 0.194353 0.152984 0.5429 0.109663
9.9991E-05 0.0101644 0.251191 0.620366 0.118179
0.0303535 0.0468549 0.237665 0.655622 0.0295049
9.9991E-05 0.105269 0.234416 0.529598 0.130617
0.0761946 9.9991E-05 0.194437 0.650393 0.0788747
0.00107737 0.145168 0.0985694 0.634669 0.120517
0.0669172 0.473102 0.419731 0.0401494 9.9991E-05
9.9982E-05 0.0493324 0.845124 9.9982E-05 0.105344
0.0794679 0.0458715 0.667989 0.125614 0.0810577
0.0725821 0.086413 0.0799036 0.602464 0.158637
0.0104231 0.0331109 0.193268 0.585934 0.177265
0.061466 9.9991E-05 0.262027 0.565665 0.110742
0.0749249 9.9991E-05 0.142556 0.68642 0.0959991
0.13634 9.9991E-05 0.0540603 0.566287 0.243212
0.173301 0.123939 9.9991E-05 0.550959 0.151701
0.131613 0.138746 0.113171 0.201138 0.415333
0.037201 0.0784497 0.0396859 0.695211 0.149453
0.181682 0.0737631 0.141218 0.399698 0.203639
0.19271 9.9982E-05 0.36381 9.9982E-05 0.443279
0.199502 9.9991E-05 0.143586 0.325909 0.330903
0.193486 0.100155 0.0500018 0.321412 0.334945
0.0779809 0.0822264 9.9991E-05 0.4913 0.348393
0.317614 0.0796632 0.0631377 0.453007 0.0865787
0.17805 0.00431981 0.013528 0.561759 0.242343
0.0945121 0.0251137 9.9991E-05 0.669695 0.21058
0.210195 9.9991E-05 0.192569 0.421654 0.175482
0.234666 0.0189587 9.9991E-05 0.278318 0.467958
