0.0427001 0.0468604 9.9982E-05 0.910239 9.9982E-05
0.025936 9.9982E-05 0.0505544 0.92331 9.9982E-05
0.0503862 0.0680663 9.9991E-05 0.805075 0.0763727
0.114956 0.118058 9.9982E-05 0.766786 9.9982E-05
0.036719 0.116765 9.9982E-05 0.846316 9.9982E-05
0.134333 0.0962847 0.190455 0.559111 0.0198165
0.0306614 9.9991E-05 0.101401 0.863664 0.0041737
0.113166 0.0233561 0.0845501 0.778828 9.9991E-05
0.058796 9.9982E-05 0.0920725 0.848932 9.9982E-05
0.0134876 0.0971254 0.110902 0.722448 0.0560364
0.128976 9.9991E-05 0.094264 0.760314 0.0163462
0.488529 0.0957906 0.147851 9.9991E-05 0.267729
0.326645 0.0828942 0.0161633 0.00123821 0.573059
0.409147 0.127774 0.202653 0.0200897 0.240336
0.41335 0.164475 0.0450016 0.0389189 0.338254
0.181867 0.132401 0.0873393 0.0936268 0.504766
0.105059 0.15589 0.0462452 0.0664517 0.626354
0.288418 0.142947 0.125209 9.9991E-05 0.443327
0.361101 0.0973908 0.069435 0.103042 0.369031
0.676499 0.0680946 0.231282 0.0240243 9.9991E-05
0.363004 0.116937 0.0766244 9.9991E-05 0.443334
0.170591 0.0555794 0.229808 0.0458214 0.4982
0.206751 0.067635 0.0349493 0.064342 0.626322
0.393416 0.128283 0.200326 0.0104689 0.267506
0.201643 0.0895286 9.9991E-05 0.105949 0.60278
0.235307 0.130342 0.0272208 0.0247057 0.582424
0.499567 0.115084 0.160524 0.0177116 0.207113
0.418705 0.194872 0.130307 0.016319 0.239797
0.437196 0.0330423 0.219777 9.9991E-05 0.309884
9.9982E-05 0.0698146 9.9982E-05 0.878373 0.051612
9.9973E-05 9.9973E-05 9.9973E-05 0.841922 0.157778
0.017705 0.0516181 9.9991E-05 0.784962 0.145615
0.00568836 0.132331 0.0109403 0.723984 0.127057
0.073693 9.9991E-05 0.14258 0.12545 0.658177
0.0870523 0.0673797 0.158405 0.0765726 0.61059
9.9982E-05 9.9982E-05 0.227764 0.0708072 0.701229
0.616212 0.0221005 0.0779024 0.0889046 0.19488
0.0518286 9.9991E-05 0.446439 0.0186635 0.482969
0.229934 0.0299662 0.0659662 0.0981476 0.575986
9.9991E-05 0.020961 0.0880272 0.0553116 0.8356
0.104867 0.0169262 0.102234 0.0901051 0.685867
0.109106 0.0487653 0.0555119 0.082907 0.70371
0.188086 9.9991E-05 0.441613 0.017083 0.353118
0.0590842 0.0267698 0.140831 0.103147 0.670169
0.0906183 0.0613911 0.126616 0.0600078 0.661367
0.0390618 0.178416 0.135132 0.12979 0.5176
9.9973E-05 9.9973E-05 0.478991 9.9973E-05 0.520709
0.0367413 0.0488481 0.16517 0.0635635 0.685677
9.9991E-05 0.0960061 0.124439 0.128602 0.650854
0.00601244 9.9982E-05 0.89404 0.0997472 9.9982E-05
0.461357 9.9982E-05 0.251928 9.9982E-05 0.286515
0.15336 0.0540715 0.643112 0.0582929 0.091163
0.171715 0.0983691 0.0110189 0.0604577 0.658439
0.0818092 0.130377 0.0549723 0.115669 0.617173
0.148916 0.181348 0.0274804 0.0921166 0.550139
0.358664 9.9991E-05 0.281152 0.111321 0.248764
0.149225 9.9991E-05 0.0836964 0.101451 0.665527
0.154726 0.25797 0.179478 0.0180546 0.389772
0.215929 0.0476718 0.204342 0.0952002 0.436857
0.320827 0.0665305 0.312143 0.217088 0.0834113
0.124283 0.047551 0.0691903 0.059923 0.699053
0.224158 0.0486406 0.139484 0.158328 0.429389
0.525112 9.9991E-05 0.320581 0.0556233 0.0985836
0.281326 0.0435993 0.117636 0.00390662 0.553532
0.0497464 0.0684646 0.101373 0.0828318 0.697585
0.2252 0.105799 0.0220667 0.0698488 0.577085
0.268771 0.0739095 0.243326 0.0538134 0.36018
0.185012 0.0825533 0.187832 0.00544615 0.539156
0.164889 0.0618171 0.0162262 0.0701308 0.686937
0.399235 9.9991E-05 0.252995 0.0404996 0.307171
0.0802543 9.9982E-05 0.158461 9.9982E-05 0.761084
0.14773 9.9982E-05 0.431653 9.9982E-05 0.420417
0.0701317 0.0565675 0.15238 0.0851554 0.635766
0.00158356 9.9982E-05 0.814154 9.9982E-05 0.184063
0.0690309 9.9982E-05 0.780804 9.9982E-05 0.149965
0.01065 9.9982E-05 0.480629 9.9982E-05 0.508521
0.145404 9.9991E-05 0.2442 0.0166511 0.593644
0.0829798 9.9991E-05 0.0940253 0.217113 0.605782
0.0898334 0.0352706 0.268534 0.00615072 0.600211
0.283982 0.0111078 0.332187 0.0105593 0.362164
0.315033 9.9982E-05 0.293123 9.9982E-05 0.391644
9.9991E-05 0.0665589 0.110829 0.14442 0.678092
0.103378 9.9991E-05 0.34902 0.0293149 0.518188
0.104156 9.9991E-05 0.222453 0.0594011 0.61389
9.9973E-05 9.9973E-05 0.452503 9.9973E-05 0.547197
0.085078 0.0179389 0.774914 9.9991E-05 0.12197
0.0478775 0.00269523 0.154888 0.0522935 0.742246
0.123783 0.0929691 9.9991E-05 0.776315 0.00683252
9.9973E-05 9.9973E-05 9.9973E-05 0.910253 0.0894467
9.9982E-05 0.0111666 9.9982E-05 0.884251 0.104382
9.9991E-05 0.0285523 0.005392 0.924794 0.041162
9.9982E-05 0.0100555 9.9982E-05 0.887178 0.102567
9.9982E-05 0.0469066 9.9982E-05 0.889459 0.063434
0.018146 0.0247793 9.9991E-05 0.928426 0.0285487
0.0879136 0.0475893 0.0736385 0.172643 0.618216
0.211103 0.0641806 0.0857076 0.0715643 0.567444
0.120421 9.9991E-05 0.624157 0.00334352 0.251978
0.0989652 0.135111 0.158818 0.0811888 0.525917
0.139699 9.9991E-05 0.216917 0.0257859 0.617499
9.9991E-05 0.0395448 0.182867 0.0519445 0.725544
0.0522382 0.0215349 0.179756 0.0489135 0.697557
9.9982E-05 0.00384767 0.299945 9.9982E-05 0.696007
0.234873 9.9991E-05 0.61616 0.00254074 0.146326
0.0498721 9.9991E-05 0.153642 0.203891 0.592494
9.9991E-05 0.0391831 0.0571801 0.0734735 0.830063
0.103335 0.115759 0.173059 0.100725 0.507121
9.9982E-05 9.9982E-05 0.501219 0.0312148 0.467367
0.0155881 0.00898544 0.301723 9.9991E-05 0.673604
0.113528 0.011014 0.240606 0.0207588 0.614092
0.0272929 0.062791 0.410571 9.9991E-05 0.499245
0.0627372 9.9991E-05 0.223104 0.0718074 0.642252
0.158794 0.0589551 0.0184917 0.134729 0.62903
0.378536 0.121836 0.293038 0.0226286 0.183962
0.358437 0.135461 9.9991E-05 0.104876 0.401126
0.142848 0.0446892 0.0259736 0.14653 0.639959
0.203624 0.116267 0.0411012 0.0632178 0.57579
0.375812 0.00233933 0.0407212 0.0126094 0.568518
0.233401 0.109942 0.0328789 9.9991E-05 0.623678
0.390399 9.9982E-05 9.9982E-05 0.0186634 0.590737
0.124088 9.9991E-05 0.129483 0.116867 0.629461
0.14472 0.0514309 0.0616118 0.0828921 0.659345
0.16256 0.0223506 0.0955443 0.0731226 0.646423
0.390387 9.9982E-05 9.9982E-05 0.0165335 0.592879
0.239746 0.109488 0.0363709 9.9991E-05 0.614295
0.139399 0.142838 0.0656743 0.0728139 0.579275
0.267825 0.0693913 0.0531214 9.9991E-05 0.609562
0.196527 0.0850466 0.111479 0.0648875 0.542059
0.208883 0.116232 0.0170996 9.9991E-05 0.657686
0.324368 0.0669823 0.124547 0.120745 0.363358
0.213855 0.139672 9.9991E-05 0.0112734 0.6351
0.1341 0.0770474 9.9991E-05 0.0840292 0.704723
0.420929 0.0660545 0.187053 0.00856157 0.317403
0.30102 0.0894892 0.403908 0.00752058 0.198062
0.206737 0.0724743 0.0794602 0.107158 0.534171
0.322703 0.118501 0.496251 9.9991E-05 0.0624455
0.460383 0.00581239 0.137464 0.0488941 0.347446
0.31753 0.0148797 0.162077 0.00974074 0.495772
0.38798 9.9991E-05 0.0941008 0.0761814 0.441638
0.50839 0.00371238 0.110605 9.9991E-05 0.377193
0.20083 0.169334 9.9991E-05 0.0621572 0.567579
0.174405 0.0885714 0.0113956 0.101949 0.623679
0.196699 0.0499243 0.0560688 0.125136 0.572172
0.416533 0.116283 0.271127 9.9991E-05 0.195957
0.180613 9.9991E-05 0.173944 0.103049 0.542295
0.0390635 0.168566 0.177081 0.0749118 0.540377
0.163386 9.9991E-05 0.583161 0.201254 0.0520985
9.9982E-05 9.9982E-05 0.103165 0.171302 0.725333
0.053107 0.0225587 0.377796 0.0970961 0.449443
0.0744871 0.140318 0.25297 0.0205626 0.511662
0.110321 0.00319801 0.43887 0.144399 0.303212
0.102541 9.9991E-05 0.490118 0.125995 0.281247
0.122202 0.00192244 0.268523 0.101443 0.50591
0.174182 0.0881472 0.119839 0.0819661 0.535866
0.130253 0.158496 0.292806 0.0546713 0.363773
0.0760011 0.179422 0.598325 0.100746 0.0455061
0.124812 9.9991E-05 0.126796 0.086874 0.661419
0.111022 9.9982E-05 0.43341 9.9982E-05 0.455368
0.159134 0.0340785 0.327342 0.0345614 0.444883
0.0553539 0.184814 0.115209 0.0522028 0.59242
0.00143118 0.274445 0.19976 0.334454 0.18991
9.9982E-05 0.175723 0.220763 0.603314 9.9982E-05
9.9982E-05 0.176261 0.31858 0.504959 9.9982E-05
0.0549774 0.457054 0.134695 0.353174 9.9991E-05
0.0392543 0.0980153 0.202579 0.007168 0.652983
0.0859025 0.0734194 0.210352 0.116844 0.513481
0.0184424 0.646923 9.9982E-05 9.9982E-05 0.334435
0.0210611 0.565641 0.040485 0.0569774 0.315836
0.0479074 0.381503 0.0772861 0.104703 0.388601
9.9991E-05 0.0769243 0.582747 0.0185097 0.321719
0.0853728 0.135111 0.0923385 0.103696 0.583482
9.9991E-05 0.0878122 0.707428 0.0295143 0.175146
0.0430541 0.0560896 0.219104 0.0462247 0.635528
0.0903758 0.05931 0.29208 0.0461749 0.512059
0.00405192 0.102982 0.274628 0.0177486 0.600589
0.0181928 0.0444763 0.658536 0.0385974 0.240197
0.10491 0.152767 0.140741 0.0143439 0.587238
0.0345058 0.118052 0.189321 0.139671 0.51845
9.9982E-05 0.988093 0.00781 9.9982E-05 0.00389737
9.9973E-05 0.944176 9.9973E-05 9.9973E-05 0.0555238
0.0607628 0.60809 0.0563981 0.0297162 0.245033
0.00344895 0.757821 9.9982E-05 9.9982E-05 0.23853
0.0506472 0.831604 9.9991E-05 0.0142317 0.103417
9.997E-05 0.9996 9.997E-05 9.997E-05 9.997E-05
0.0307822 0.968918 9.9973E-05 9.9973E-05 9.9973E-05
9.9973E-05 0.880263 9.9973E-05 9.9973E-05 0.119437
0.0410355 0.958665 9.9973E-05 9.9973E-05 9.9973E-05
9.997E-05 0.9996 9.997E-05 9.997E-05 9.997E-05
9.997E-05 0.9996 9.997E-05 9.997E-05 9.997E-05
9.9982E-05 0.797808 9.9982E-05 0.0248665 0.177125
0.0396745 0.845861 9.9982E-05 9.9982E-05 0.114265
0.0165908 0.983109 9.9973E-05 9.9973E-05 9.9973E-05
0.0841452 0.510945 0.0176778 0.0845724 0.302659
0.0303126 0.640032 0.0353354 0.0116119 0.282708
9.9991E-05 0.79119 0.00993696 0.0112565 0.187517
9.9982E-05 0.924209 9.9982E-05 0.0123413 0.0632498
9.9973E-05 0.96204 9.9973E-05 9.9973E-05 0.0376597
0.0378331 0.930021 9.9982E-05 0.0319458 9.9982E-05
9.997E-05 0.9996 9.997E-05 9.997E-05 9.997E-05
0.0357373 0.645693 9.9991E-05 0.0666889 0.251781
0.039541 0.936477 0.0237823 9.9982E-05 9.9982E-05
9.9982E-05 0.0392138 0.539565 0.421021 9.9982E-05
0.0964748 0.080704 0.132389 0.223325 0.467107
0.0392486 0.0645773 0.151479 0.281577 0.463118
9.9991E-05 0.161095 0.363822 0.317841 0.157142
0.0974329 0.128066 0.122139 0.159221 0.493141
9.9991E-05 0.197198 0.378077 0.299514 0.125111
0.032209 0.0791212 0.165426 0.229264 0.493979
9.9991E-05 0.195301 0.303826 0.179934 0.320839
9.9991E-05 0.15145 0.174847 0.159629 0.513973
9.9991E-05 0.239549 0.133769 0.258828 0.367754
0.0638617 0.100702 0.124905 0.228782 0.481749
0.0769952 9.9991E-05 0.0381397 0.846513 0.0382525
0.011021 0.0583391 0.0265579 0.898271 0.00581084
0.0273864 9.9973E-05 9.9973E-05 0.972314 9.9973E-05
0.0759525 9.9973E-05 9.9973E-05 0.923748 9.9973E-05
0.0492097 0.0247494 9.9982E-05 0.925841 9.9982E-05
9.9982E-05 0.0693728 0.0270578 0.903369 9.9982E-05
9.9982E-05 0.0965898 9.9982E-05 0.885744 0.0174662
9.9982E-05 9.9982E-05 0.0552849 0.904321 0.0401945
9.9982E-05 9.9982E-05 0.0325929 0.890901 0.0763058
9.9991E-05 0.0779549 0.00479879 0.8702 0.0469464
0.26806 9.9982E-05 0.10548 0.62626 9.9982E-05
0.316987 9.9982E-05 0.0545564 0.628257 9.9982E-05
0.320437 9.9982E-05 0.128714 0.550649 9.9982E-05
0.301594 9.9982E-05 0.181454 0.516752 9.9982E-05
0.202101 9.9991E-05 0.0917674 0.0341408 0.671891
0.128662 0.0379536 0.224793 0.0113119 0.597279
0.230589 0.0772146 0.0307728 9.9991E-05 0.661324
0.325176 9.9982E-05 0.164945 9.9982E-05 0.509679
0.595597 9.9982E-05 0.164953 9.9982E-05 0.23925
0.00731032 0.0909871 0.134879 0.102275 0.664549
0.12774 0.0083337 0.210087 9.9991E-05 0.653739
0.108387 9.9991E-05 0.20447 0.0130832 0.67396
0.0385101 9.9982E-05 0.405622 9.9982E-05 0.555668
0.190803 0.0364196 0.0241649 0.025907 0.722705
0.110393 9.9982E-05 0.290791 9.9982E-05 0.598616
0.173331 9.9982E-05 0.76222 9.9982E-05 0.0642494
0.0752021 0.0996013 0.201597 0.0826362 0.540964
9.9973E-05 9.9973E-05 0.584406 9.9973E-05 0.415294
0.0655326 0.0179241 0.236563 0.00119262 0.678788
0.25035 9.9982E-05 0.471022 9.9982E-05 0.278428
0.725343 9.9991E-05 0.133325 0.132227 0.00900411
0.719098 9.9991E-05 0.0925607 0.115656 0.0725852
0.814743 9.9982E-05 0.109376 0.0756806 9.9982E-05
0.820593 9.9982E-05 0.0755793 0.103627 9.9982E-05
0.841627 0.0743223 0.0718646 9.9991E-05 0.0120858
0.80248 0.0653517 9.9991E-05 0.0428827 0.0891857
9.9982E-05 0.0568971 9.9982E-05 0.900139 0.0427643
0.0927931 0.0805239 9.9982E-05 0.826483 9.9982E-05
9.9982E-05 0.0859072 9.9982E-05 0.793788 0.120105
0.0730292 0.136439 9.9991E-05 0.749861 0.0405706
0.0372939 0.115621 0.020863 0.793148 0.0330741
0.552202 9.9982E-05 0.0423733 0.405225 9.9982E-05
0.412264 9.9982E-05 0.129933 0.457603 9.9982E-05
0.442155 9.9982E-05 0.133399 0.424247 9.9982E-05
9.9982E-05 0.0164385 9.9982E-05 0.849362 0.133999
0.485414 9.9982E-05 0.14043 0.373955 9.9982E-05
0.030258 0.464858 0.0783503 0.20243 0.224103
0.0774831 0.25065 9.9991E-05 0.162349 0.509418
9.9982E-05 0.310152 9.9982E-05 0.204893 0.484755
0.0257751 0.229422 0.097109 0.270145 0.377549
0.159991 0.142788 0.000552251 0.15039 0.546278
9.9982E-05 0.335327 0.147651 0.516822 9.9982E-05
0.358279 0.0193133 0.120678 9.9991E-05 0.50163
0.204009 0.00934533 0.286214 0.0527442 0.447688
0.56741 0.0329115 0.0119278 0.061176 0.326575
0.157617 0.0366627 0.289339 9.9991E-05 0.516282
0.145625 9.9973E-05 0.854076 9.9973E-05 9.9973E-05
0.0347607 0.047948 0.0986901 0.16268 0.655921
0.176587 0.0331878 0.172838 0.0805382 0.536849
0.43018 9.9991E-05 0.0993828 0.0701341 0.400203
0.180516 0.13962 0.059146 0.0722821 0.548436
0.283605 0.0416453 0.519968 9.9991E-05 0.154681
0.16193 0.12358 0.213719 0.0163758 0.484396
0.319857 0.108606 0.0357011 0.0112693 0.524567
0.0912854 0.255897 0.120702 0.132991 0.399125
0.283333 0.0533168 0.261366 9.9991E-05 0.401884
0.271413 0.0059476 0.0891401 0.0285031 0.604996
0.166389 0.1116 0.17404 9.9991E-05 0.547871
0.20494 0.0119625 0.183811 9.9991E-05 0.599186
0.0854994 0.115295 0.101537 0.0266997 0.670968
0.120229 0.129871 0.105905 0.0907195 0.553276
0.207039 0.111773 0.0541 0.0833675 0.543721
9.9982E-05 0.084998 9.9982E-05 0.806567 0.108235
9.9982E-05 0.022552 9.9982E-05 0.864616 0.112632
0.0390207 9.9991E-05 0.0272353 0.829428 0.104216
0.011481 0.0501626 0.0970277 0.81883 0.0224987
9.9982E-05 0.00313159 9.9982E-05 0.863544 0.133124
0.612982 0.0382929 0.143263 9.9991E-05 0.205363
0.10366 0.108865 0.196892 0.0661714 0.524411
9.9991E-05 0.147917 0.0861417 0.228154 0.537687
0.180825 0.126883 0.00163308 0.0399918 0.650667
0.268344 0.0417258 0.0652655 0.0624754 0.56219
0.345912 0.075465 0.301469 9.9991E-05 0.277054
0.672341 9.9991E-05 0.17181 0.121988 0.033761
0.313977 9.9982E-05 9.9982E-05 0.0680777 0.617745
0.448098 0.0483251 0.200646 0.0804775 0.222454
0.123744 0.123965 0.275518 0.0275496 0.449223
0.584197 0.0263146 0.118626 0.146177 0.124685
0.21411 0.094154 9.9991E-05 0.0805317 0.611105
0.557237 0.0291935 0.100167 0.0690819 0.24432
0.310804 0.100552 0.205245 0.0571344 0.326265
0.166827 0.0889339 0.20389 0.0838883 0.456461
0.149218 0.0302711 0.475572 0.0709594 0.273979
0.0711329 0.0826582 0.13219 0.0972964 0.616723
0.100507 0.0327684 0.157718 0.130196 0.57881
0.107481 9.9991E-05 0.421069 0.0376578 0.433692
0.0223397 0.0432945 0.164242 0.157421 0.612703
9.9982E-05 9.9982E-05 0.200227 0.126761 0.672812
0.0474731 9.9982E-05 0.779816 9.9982E-05 0.172511
9.9982E-05 9.9982E-05 0.578122 0.0471492 0.374529
0.0804576 0.0230518 0.297805 0.0560434 0.542642
0.112245 9.9991E-05 0.604878 0.0306701 0.252107
0.0577687 9.9991E-05 0.292245 0.0952895 0.554597
0.593673 0.0606971 0.164864 0.0140178 0.166748
0.280029 0.0279371 0.376897 9.9991E-05 0.315037
0.439997 0.0633903 0.0593927 0.0141774 0.423042
0.217368 0.165987 0.00152156 0.0106635 0.604461
0.511529 0.00105658 0.145364 9.9991E-05 0.34195
0.0780144 0.114733 0.112171 0.139229 0.555853
0.233988 0.0806811 0.0157912 0.0572145 0.612325
0.262692 0.0847594 0.0987959 0.019215 0.534538
0.272073 0.117796 0.0918732 9.9991E-05 0.518157
0.369151 0.0581018 0.0588629 0.0161127 0.497771
0.522511 0.124218 0.0462644 9.9991E-05 0.306906
0.449079 0.113912 9.9991E-05 0.0249379 0.411971
0.243175 0.0647311 0.0189858 9.9991E-05 0.673008
0.0886601 0.0912809 0.115469 0.0402776 0.664313
0.314733 0.0301405 0.157393 0.038611 0.459122
0.210371 0.111461 0.145248 9.9991E-05 0.53282
0.391349 0.0929048 0.0998996 0.0454026 0.370444
0.170871 0.0801461 0.0418312 0.0420724 0.66508
0.234034 0.145767 0.0418177 0.0318976 0.546484
0.199413 0.0245296 0.0309387 0.08704 0.658079
9.9991E-05 0.187257 0.0541305 0.356979 0.401533
9.9991E-05 0.260689 0.149896 0.150832 0.438483
0.0879834 0.183307 0.109285 0.0951 0.524325
0.0271735 0.13156 0.0922108 0.0772521 0.671804
0.00941465 0.239545 0.0324335 0.200169 0.518438
0.194252 0.04157 0.229834 9.9991E-05 0.534244
0.0477168 0.236759 0.0986446 0.195063 0.421817
9.9991E-05 0.178631 0.509155 0.291965 0.0201489
0.135854 0.294241 0.0318682 0.117926 0.420111
0.0869834 0.180549 0.0724441 0.134948 0.525076
0.0422866 0.19891 0.118394 0.0526308 0.587778
0.0280245 0.151692 0.28131 0.195821 0.343152
0.024784 0.115624 0.0601131 0.234618 0.564861
9.9991E-05 0.149555 0.0270058 0.256574 0.566765
9.9982E-05 0.181909 0.3081 0.509791 9.9982E-05
9.9982E-05 0.199629 9.9982E-05 0.214065 0.586106
0.0501002 0.247765 0.0483271 0.13863 0.515178
9.9991E-05 0.0854414 0.113866 0.200667 0.599926
9.9991E-05 0.253836 0.0184012 0.21552 0.512143
0.0965404 0.175994 0.0279924 0.171489 0.527984
0.117685 0.0839671 0.244973 0.0823315 0.471043
0.0829538 0.175157 0.203081 0.0745235 0.464285
0.0922547 0.0302734 0.802783 9.9991E-05 0.0745887
0.081684 9.9982E-05 0.812562 9.9982E-05 0.105554
0.0252239 0.170283 0.226831 0.0682936 0.509369
0.0303162 0.35791 0.118966 0.0977729 0.395035
9.9991E-05 0.429576 0.202308 0.120171 0.247845
0.00919196 0.395366 0.372747 0.167915 0.0547804
9.9991E-05 0.297651 0.155379 0.200264 0.346606
9.9991E-05 0.143615 0.698985 0.0935545 0.0637458
9.9991E-05 0.0846365 0.537013 0.168234 0.210016
9.9982E-05 0.216732 0.227947 9.9982E-05 0.555121
0.0297788 0.111085 0.222777 0.0807384 0.555622
9.9991E-05 0.103988 0.483105 0.151435 0.261371
0.0678912 0.169102 0.219648 0.052291 0.491068
0.021806 0.184043 0.227479 9.9991E-05 0.566572
0.0716027 0.170736 0.110527 0.144997 0.502138
0.0818586 9.9991E-05 0.435939 0.0600431 0.422059
0.0664192 0.0447067 0.38241 0.0458382 0.460626
0.0990253 0.0161775 0.203621 0.0385821 0.642594
0.117421 0.0944625 0.262471 0.0938995 0.431746
0.0546989 0.13786 0.269693 0.156654 0.381095
0.0114399 9.9982E-05 0.437028 9.9982E-05 0.551332
0.102938 9.9982E-05 0.592642 9.9982E-05 0.30422
9.9991E-05 0.0135435 0.264676 0.0634262 0.658254
0.0802457 0.061828 0.60193 9.9991E-05 0.255896
0.0102165 9.9991E-05 0.40782 0.0582271 0.523636
0.0212855 0.0776054 0.194474 0.103133 0.603502
0.060893 0.0154209 0.291408 0.0202848 0.611994
9.9991E-05 0.223089 0.103959 0.186688 0.486164
0.0524909 0.15429 0.0479647 0.232171 0.513083
9.9991E-05 0.33408 0.182446 0.168257 0.315118
0.149739 0.228666 0.136933 0.164844 0.319817
0.199726 0.226231 9.9991E-05 0.104292 0.46965
9.9991E-05 0.289027 0.117762 0.167221 0.42589
9.9982E-05 0.18945 0.593215 0.217135 9.9982E-05
0.00838199 0.217246 0.0538416 0.0952468 0.625284
9.9982E-05 0.178088 0.425473 0.396239 9.9982E-05
9.9991E-05 0.218851 0.241947 0.0543716 0.48473
9.9973E-05 9.9973E-05 0.824718 9.9973E-05 0.174982
0.0798063 9.9982E-05 0.89591 9.9982E-05 0.0240838
0.0274516 9.9991E-05 0.337662 0.00872253 0.626064
9.9991E-05 0.0377683 0.166295 0.0891278 0.706709
0.0488372 9.9982E-05 0.45235 9.9982E-05 0.498613
9.9982E-05 0.0386502 0.374156 9.9982E-05 0.586994
0.00988785 0.0442374 0.336387 9.9991E-05 0.609388
9.9991E-05 0.0299958 0.0321163 0.845419 0.0923686
0.100308 0.119069 0.0650964 0.715427 9.9991E-05
0.0703948 0.0335414 9.9982E-05 0.895864 9.9982E-05
9.9973E-05 9.9973E-05 9.9973E-05 0.961046 0.038654
0.0139102 0.0327184 0.262784 0.0393764 0.651211
0.105109 0.0774177 0.102791 0.048808 0.665874
0.0894991 9.9982E-05 0.215658 9.9982E-05 0.694643
0.00959657 9.9991E-05 0.168556 0.13475 0.686997
0.0344654 0.0744161 0.230913 0.0797585 0.580447
0.161736 9.9982E-05 0.4489 9.9982E-05 0.389164
0.0467023 9.9991E-05 0.114309 0.0118968 0.826992
9.9973E-05 9.9973E-05 0.524072 9.9973E-05 0.475628
0.0700644 0.199369 9.9991E-05 0.322792 0.407674
0.0532872 0.0684309 0.342794 9.9991E-05 0.535388
0.238696 9.9982E-05 0.236693 9.9982E-05 0.524411
0.140073 0.0296295 0.179908 9.9991E-05 0.65029
0.0989469 9.9982E-05 0.381936 9.9982E-05 0.518917
9.9982E-05 0.0133684 0.219011 9.9982E-05 0.76742
0.016844 0.00195007 0.179026 0.107724 0.694457
9.9973E-05 9.9973E-05 0.683737 9.9973E-05 0.315963
0.0756523 0.0214292 0.532129 9.9991E-05 0.370689
0.13471 0.0161163 0.389327 9.9991E-05 0.459747
9.9973E-05 9.9973E-05 0.919833 9.9973E-05 0.079867
0.175369 0.0009728 0.296225 0.00286859 0.524565
0.0381403 9.9991E-05 0.680052 0.00191383 0.279794
0.0758428 9.9982E-05 0.891432 9.9982E-05 0.032525
0.0530092 0.0544288 0.228997 0.0556014 0.607964
0.178282 9.9991E-05 0.444 0.0252669 0.352351
0.139861 0.0613699 0.192229 0.0302598 0.576281
0.0253602 0.0649819 0.108822 0.0997708 0.701065
0.101035 9.9991E-05 0.143467 0.0221524 0.733245
0.332413 0.128102 0.181343 9.9991E-05 0.358042
0.17315 0.0440063 0.116048 0.0167045 0.650091
0.174048 0.0135362 0.174438 0.0546537 0.583325
9.9973E-05 9.9973E-05 0.453768 9.9973E-05 0.545932
0.053721 9.9991E-05 0.144749 0.102463 0.698967
0.26577 9.9991E-05 0.0605277 0.66785 0.00575169
0.0774049 9.9991E-05 0.0999431 0.769935 0.0526175
0.159961 9.9982E-05 0.0192787 0.82056 9.9982E-05
0.128253 9.9982E-05 0.0410459 0.830501 9.9982E-05
0.21802 9.9991E-05 0.0313579 0.74988 0.000641622
0.268113 9.9991E-05 0.413481 0.00184758 0.316459
0.201446 9.9991E-05 0.486028 0.0287268 0.283699
9.9973E-05 9.9973E-05 0.66012 9.9973E-05 0.33958
9.9991E-05 0.069921 0.113167 0.154631 0.662181
9.9991E-05 0.116958 0.223285 0.051972 0.607685
9.9991E-05 0.00281662 0.500541 0.0376307 0.458911
0.0607487 0.0528886 0.125656 9.9991E-05 0.760606
9.9982E-05 9.9982E-05 0.373648 0.0238736 0.602279
0.0320311 9.9991E-05 0.202387 0.0661601 0.699322
0.0924047 0.0660029 0.0651786 0.126214 0.6502
0.176515 9.9982E-05 0.403406 9.9982E-05 0.419879
0.128259 9.9982E-05 0.286701 9.9982E-05 0.58484
0.199583 9.9982E-05 0.279033 9.9982E-05 0.521183
0.0982677 9.9991E-05 0.106748 0.0847511 0.710134
0.105947 9.9991E-05 0.302339 0.00941025 0.582203
0.0632267 0.0175672 0.279608 0.0279934 0.611605
0.0173799 0.455492 9.9991E-05 0.102783 0.424245
0.068246 0.422393 0.0590807 0.111518 0.338763
0.00165332 0.490943 9.9991E-05 0.111656 0.395648
9.9991E-05 0.449362 0.0499887 0.165961 0.334589
0.043277 0.304739 0.0213501 0.145738 0.484896
9.9991E-05 0.0213355 0.373399 0.0552881 0.549878
0.00399211 0.708623 0.0100571 0.275951 0.00137678
9.9991E-05 0.479856 0.0261179 0.187462 0.306464
9.9991E-05 0.228574 0.200196 0.129723 0.441407
0.0583766 9.9991E-05 0.112049 0.202125 0.627349
0.0633914 0.0251929 0.212732 0.220607 0.478076
0.0830806 0.0467719 0.012609 0.193858 0.663681
0.0738406 0.0342001 0.0587127 0.129686 0.703561
9.9982E-05 0.495069 9.9982E-05 0.197404 0.307327
0.0833405 0.436732 9.9991E-05 0.131507 0.348321
9.9982E-05 0.509654 9.9982E-05 0.0893752 0.400771
0.0613329 0.241333 0.0677632 0.11354 0.516031
9.9982E-05 0.5351 9.9982E-05 0.15654 0.308159
9.9991E-05 0.361935 0.0846935 0.174481 0.37879
0.0393996 0.625081 0.0580001 0.0982129 0.179307
0.0776249 0.397642 9.9991E-05 0.0852353 0.439398
9.9991E-05 0.0849966 0.273363 0.101883 0.539658
0.036832 0.387671 0.0868599 0.175728 0.312909
9.9982E-05 0.627667 9.9982E-05 0.194487 0.177646
0.130254 0.408933 9.9991E-05 0.119913 0.3408
0.215481 9.9991E-05 0.329966 0.17297 0.281483
0.00335273 0.103031 0.231436 0.0514662 0.610714
0.156988 0.359312 0.00720899 0.118783 0.357708
0.0699264 0.0776896 0.0911111 0.118377 0.642896
0.116047 0.0703642 0.151459 0.115116 0.547014
0.0688278 0.278291 0.201774 0.150679 0.300429
9.9991E-05 0.299328 0.102727 0.277836 0.320009
0.0832453 0.0884215 0.146873 0.058086 0.623375
9.9982E-05 0.379368 9.9982E-05 0.15634 0.464092
0.00970851 0.468421 0.0431925 0.116861 0.361817
0.00362294 0.589083 9.9991E-05 0.242897 0.164297
0.0979781 0.0876859 0.188728 0.101214 0.524394
0.13882 9.9991E-05 0.217571 0.145445 0.498064
9.9991E-05 0.0904668 0.618245 0.15246 0.138728
0.075617 0.0751921 0.144844 0.155753 0.548594
0.276433 0.0901452 0.115247 0.0892403 0.428934
0.0181789 0.135773 9.9991E-05 0.270895 0.575053
0.21281 0.13352 0.118187 0.116296 0.419187
9.9982E-05 0.236433 0.386369 0.376998 9.9982E-05
9.9982E-05 0.149386 0.482032 0.368382 9.9982E-05
0.0208403 0.116167 0.305356 0.208453 0.349184
9.9991E-05 0.207768 0.388713 0.397084 0.00633518
9.9982E-05 0.289953 0.23788 0.471966 9.9982E-05
0.0561422 0.143436 0.325787 0.131527 0.343109
9.9991E-05 0.122496 0.256867 0.274921 0.345617
0.0042866 0.159608 0.282961 0.370424 0.18272
9.9991E-05 0.140938 0.363112 0.373119 0.122731
9.9991E-05 0.214834 0.140351 0.137186 0.507528
9.9991E-05 0.183868 0.470847 0.243563 0.101623
9.9982E-05 0.103324 0.392391 0.504085 9.9982E-05
0.14619 0.264483 0.0162672 0.0794227 0.493637
0.0533071 0.25484 0.0881304 0.21392 0.389803
0.0117148 0.183858 9.9991E-05 0.340131 0.464196
9.9982E-05 0.316887 9.9982E-05 0.198396 0.484517
0.0420528 0.210681 0.0178888 0.177715 0.551662
0.0065303 0.307052 0.049577 0.132083 0.504757
0.0684706 0.280498 9.9991E-05 0.34334 0.307592
0.0416613 0.277157 0.0386692 0.165683 0.476829
9.9982E-05 0.301614 9.9982E-05 0.252904 0.445282
9.9991E-05 0.226374 0.0669798 0.255738 0.450808
0.204583 0.140453 0.201477 0.157689 0.295797
0.16178 0.192583 0.0524292 0.107503 0.485705
0.123933 0.121823 0.00520121 0.227466 0.521577
9.9991E-05 0.102287 0.192546 0.0955796 0.609487
9.9982E-05 0.343691 9.9982E-05 0.339511 0.316598
0.0276367 0.186713 9.9991E-05 0.266801 0.518749
9.9991E-05 0.228627 0.186043 0.404574 0.180656
0.028828 0.238307 9.9991E-05 0.1661 0.566664
9.9991E-05 0.333981 0.211064 0.254982 0.199874
0.0948112 0.010328 0.0871064 0.807654 9.9991E-05
0.769297 9.9991E-05 0.00218435 0.103229 0.12519
0.9996 9.997E-05 9.997E-05 9.997E-05 9.997E-05
0.986351 9.9973E-05 9.9973E-05 0.0133491 9.9973E-05
0.946347 9.9973E-05 9.9973E-05 9.9973E-05 0.0533529
0.903629 0.0621117 9.9982E-05 9.9982E-05 0.034059
0.887745 9.9973E-05 9.9973E-05 9.9973E-05 0.111955
0.99288 9.9973E-05 9.9973E-05 0.00681985 9.9973E-05
0.796701 9.9973E-05 9.9973E-05 0.203 9.9973E-05
0.0156681 0.020065 9.9991E-05 0.924278 0.0398889
0.136622 0.0433614 9.9991E-05 0.814718 0.00519885
0.0330136 0.0837705 9.9991E-05 0.872902 0.0102143
0.109042 9.9991E-05 0.0290924 0.843086 0.0186801
0.0492668 0.0583847 9.9991E-05 0.888526 0.00372227
0.0121604 9.9982E-05 0.0546977 0.932942 9.9982E-05
0.0585614 0.173301 9.9982E-05 0.767938 9.9982E-05
9.9991E-05 0.0939914 0.0433439 0.86112 0.00144488
0.135159 0.041775 9.9991E-05 0.73388 0.0890861
9.9973E-05 0.0858807 9.9973E-05 0.913819 9.9973E-05
0.023436 9.9982E-05 0.00421211 0.972152 9.9982E-05
0.0893313 0.0570054 0.0222109 0.822932 0.00852014
0.0341592 9.9982E-05 9.9982E-05 0.937243 0.028398
0.00947376 0.0127503 9.9991E-05 0.923929 0.0537474
0.0323579 0.0387847 9.9991E-05 0.863944 0.0648132
9.9982E-05 0.0215773 9.9982E-05 0.90257 0.0756523
9.9982E-05 0.14971 9.9982E-05 0.781868 0.0682216
9.9982E-05 0.0708194 9.9982E-05 0.771205 0.157776
9.9982E-05 0.0431384 9.9982E-05 0.84116 0.115502
0.0545394 0.0260698 0.294339 0.196651 0.428401
9.9982E-05 9.9982E-05 0.144082 0.0974458 0.758273
0.0701969 9.9991E-05 0.0633781 0.216303 0.650022
9.9991E-05 0.0691757 0.7289 0.0814481 0.120376
0.0863953 0.0251606 0.1013 0.152396 0.634748
9.9991E-05 0.0615058 0.650569 0.175394 0.112432
0.064523 0.0663668 0.100586 0.0988615 0.669662
0.110889 9.9991E-05 0.238908 0.179956 0.470148
0.0163226 9.9991E-05 0.2201 0.150415 0.613063
0.0304715 0.0700348 0.250346 0.0252493 0.623898
0.130199 9.9991E-05 0.208482 0.147968 0.51325
0.0245452 9.9991E-05 0.143792 0.120394 0.711169
0.115297 9.9991E-05 0.0493372 0.191954 0.643312
0.480387 0.0910005 0.338541 9.9991E-05 0.0899724
0.059367 0.0026495 0.8391 0.0987835 9.9991E-05
9.9991E-05 0.00788267 0.627468 0.144769 0.21978
0.0937383 0.110715 0.0741035 0.107374 0.614069
0.0716408 0.0339091 0.193043 0.132237 0.56917
9.9982E-05 9.9982E-05 0.237466 0.204866 0.557469
9.9991E-05 0.0670958 0.156431 0.0390005 0.737373
9.9991E-05 0.116642 0.0837189 0.192408 0.607132
0.0524125 0.201523 0.0130805 0.192313 0.540671
0.158409 0.14536 0.0982005 0.44392 0.154111
0.0439046 9.9991E-05 0.0881342 0.211138 0.656723
0.105221 0.162232 0.0936314 0.24814 0.390776
0.00377766 0.187721 0.333683 0.474718 9.9991E-05
0.0331741 0.203693 0.0729157 0.330638 0.35958
0.0351824 0.174959 0.0421318 0.383184 0.364543
0.0878172 0.0636736 9.9991E-05 0.345582 0.502827
0.166452 0.252129 0.012416 0.13718 0.431824
0.0378962 0.21894 0.00134311 0.260995 0.480825
0.0781748 0.249671 0.034821 0.0990519 0.538281
9.9991E-05 0.150511 0.253905 0.218095 0.377388
9.9991E-05 0.161458 0.0587377 0.489372 0.290332
