0.0490201 9.9973E-05 0.785646 9.9973E-05 0.0903863 0.0746481 9.9973E-05
9.99767E-05 9.99767E-05 0.913899 0.0376111 0.0142236 0.0339667 9.99767E-05
0.0695726 9.9991E-05 0.738972 0.0269325 0.0307323 0.0996846 0.034006
0.108997 9.9973E-05 0.71657 9.9973E-05 0.114892 0.0592403 9.9973E-05
0.0301627 9.9973E-05 0.895113 9.9973E-05 0.0127547 9.9973E-05 0.0616701
0.013909 0.107529 0.630138 0.0583538 0.0746484 0.0117382 0.103684
0.0162952 0.0365264 0.78398 0.0270751 0.0776851 0.0578436 0.000594183
0.0172767 0.0633911 0.69934 0.0215227 0.126148 0.0564116 0.0159097
9.9982E-05 0.0244874 0.827173 0.0311461 0.106411 0.0105824 9.9982E-05
0.0193443 0.109528 0.665402 9.9991E-05 0.015302 0.012965 0.177359
9.9982E-05 0.0499294 0.750208 9.9982E-05 0.144296 0.00772285 0.0476434
0.098751 9.9973E-05 9.9973E-05 0.199551 0.460219 9.9973E-05 0.24118
0.138714 0.0113858 9.9982E-05 9.9982E-05 0.314078 0.0546784 0.480944
0.0591034 0.112097 0.018591 0.136804 0.420084 0.0380578 0.215264
0.205503 0.0883962 9.9991E-05 0.0546691 0.375718 0.0142637 0.26135
0.124371 0.0691301 0.144583 0.0843626 0.189748 9.9991E-05 0.387705
0.0957739 0.100377 0.0349861 0.0411027 0.13892 0.0271689 0.561672
0.106574 0.0654561 0.0109317 0.232432 0.178679 0.0186931 0.387234
0.104634 9.9991E-05 0.064025 0.146404 0.368004 0.0529639 0.263868
0.0723602 0.139494 9.9982E-05 0.147856 0.596532 0.0435581 9.9982E-05
0.123061 0.0483743 9.9991E-05 0.253202 0.252591 0.0259549 0.296717
0.00466759 0.226792 9.9991E-05 0.0535555 0.217335 0.0484711 0.449078
0.0976802 0.0908999 0.0258189 0.125135 0.204716 9.9991E-05 0.45565
0.13295 0.070369 9.9991E-05 0.135979 0.368599 0.0469361 0.245068
0.0417842 9.9991E-05 0.106934 0.0745678 0.138145 0.0012887 0.63718
0.130901 0.0245771 0.0100834 9.9991E-05 0.245467 0.0516453 0.537226
0.10678 0.0603116 9.9991E-05 0.182955 0.483838 0.0327889 0.133226
0.219936 0.0116531 9.9991E-05 0.181535 0.435442 0.0230538 0.12828
9.9982E-05 0.221891 0.00742306 0.0508482 0.440572 9.9982E-05 0.279065
9.995E-05 9.995E-05 9.995E-05 9.995E-05 9.995E-05 0.9994 9.995E-05
9.995E-05 9.995E-05 9.995E-05 9.995E-05 9.995E-05 0.9994 9.995E-05
0.0586244 9.9982E-05 0.410005 0.0465462 9.9982E-05 0.39746 0.0871636
0.0264888 9.9982E-05 0.472422 0.0699749 9.9982E-05 0.321228 0.109686
0.0196412 0.10019 9.9991E-05 0.197211 0.127159 0.0120746 0.543623
0.0256388 9.9991E-05 0.0599025 0.263413 0.0907332 0.0371331 0.52308
0.0364143 0.0428537 0.0125239 0.414125 9.9991E-05 0.018305 0.475678
0.0328427 9.9991E-05 0.0955148 0.167648 0.596513 0.00867119 0.0987107
0.0763491 0.00799745 9.9991E-05 0.558137 0.0510705 0.0317443 0.274602
0.0445306 0.00925171 0.0899321 0.310334 0.0724565 0.00328478 0.47021
0.0445366 0.00269019 0.00704969 0.231278 9.9991E-05 0.0694753 0.644871
9.9991E-05 0.0970446 0.181188 0.0560302 0.060927 0.0135479 0.591162
9.999E-05 0.107854 0.0655609 0.13091 0.0107132 0.0449398 0.639922
9.999E-05 0.0167339 0.0191911 0.685816 0.116518 0.0622109 0.0994302
0.00419648 0.203906 0.0676201 9.9982E-05 0.0335817 9.9982E-05 0.690496
0.085679 0.0438354 0.0525837 0.301854 9.9991E-05 0.044668 0.47128
0.0565953 9.9991E-05 0.109394 0.205483 0.0155028 0.0419635 0.570962
9.9964E-05 0.0465612 9.9964E-05 0.653122 9.9964E-05 9.9964E-05 0.299917
0.0827516 0.000260197 0.00883739 0.386682 9.9991E-05 0.0270667 0.494302
0.0955945 9.9991E-05 0.0470671 0.285165 0.0806725 0.0697392 0.421661
9.9964E-05 0.271759 0.0645375 0.663303 9.9964E-05 9.9964E-05 9.9964E-05
9.9973E-05 0.179742 9.9973E-05 0.26477 0.39214 9.9973E-05 0.163048
0.010517 0.48381 9.9991E-05 0.201303 0.214431 0.0109327 0.0789061
0.121952 0.0564878 0.0105511 0.0891052 0.0932726 0.0679437 0.560688
0.0865284 0.130524 0.0330369 0.0118686 0.084864 0.0490065 0.604171
0.186645 0.113899 0.00940693 0.0943127 0.123174 0.0201489 0.452413
0.00376897 0.127538 0.0525793 0.277411 0.307532 0.0461895 0.184981
0.000424722 0.053698 9.9991E-05 0.0640334 0.282519 0.033917 0.565307
0.120755 0.184062 0.0599035 0.0112217 0.177886 9.9991E-05 0.446071
0.0183071 0.14336 0.0922353 0.191784 0.151252 0.0412636 0.361798
0.0215944 0.230244 0.129237 0.166095 0.289975 0.0639487 0.0989055
0.085084 0.0744842 0.108882 0.162853 0.0890357 0.0231579 0.456503
0.00140498 0.0785075 0.119188 0.0558234 0.28569 9.9991E-05 0.459286
9.9991E-05 0.174077 0.00515601 0.19802 0.504653 0.067775 0.0502194
9.9982E-05 0.123805 9.9982E-05 0.11719 0.21825 0.00836523 0.53219
0.0126289 0.227352 0.0197663 0.0187813 0.0455195 9.9991E-05 0.675852
9.9982E-05 0.119192 0.0430995 9.9982E-05 0.104875 0.0804484 0.652185
0.0616984 0.186776 9.9991E-05 0.20119 0.260851 0.0572101 0.232175
0.0823133 0.176234 9.9991E-05 0.115264 0.169654 0.0419032 0.414532
9.9982E-05 0.138767 9.9982E-05 0.0495861 0.133496 0.043637 0.634314
9.9982E-05 0.242808 9.9982E-05 0.102847 0.371473 0.0590466 0.223626
9.9973E-05 9.9973E-05 9.9973E-05 0.416554 0.0337105 0.00460549 0.54483
0.0233417 9.9982E-05 9.9982E-05 0.728928 0.087904 0.00102148 0.158605
0.0202983 0.0305446 0.0858389 0.244813 0.0872344 0.0648285 0.466442
9.9955E-05 0.144619 9.9955E-05 0.854881 9.9955E-05 9.9955E-05 9.9955E-05
9.9955E-05 0.183553 9.9955E-05 0.815947 9.9955E-05 9.9955E-05 9.9955E-05
0.00743051 9.9964E-05 9.9964E-05 0.731578 9.9964E-05 9.9964E-05 0.260591
9.9964E-05 9.9964E-05 9.9964E-05 0.520777 9.9964E-05 0.0529767 0.425846
0.0708139 0.00858896 0.07924 0.12788 0.0451241 0.0514364 0.616916
0.092182 9.9991E-05 0.0552286 0.520431 0.0389585 0.00925363 0.283847
0.0305166 9.9991E-05 0.0487901 0.683132 0.104201 0.035435 0.0978247
9.9982E-05 9.9982E-05 0.0289435 0.485393 0.190707 0.018828 0.275929
0.12478 9.9991E-05 0.0189241 0.303482 0.0744549 0.0957882 0.382471
0.063075 9.9991E-05 0.0612561 0.600268 0.0736748 0.0173492 0.184277
9.9991E-05 0.0696861 0.0280006 0.451645 0.0469924 0.0383681 0.365208
0.00214534 0.0426112 9.9982E-05 0.557826 9.9982E-05 0.0358272 0.36139
9.9964E-05 0.272908 9.9964E-05 0.702829 0.0238633 9.9964E-05 9.9964E-05
0.107473 9.9982E-05 0.035455 0.258001 0.104622 9.9982E-05 0.494249
0.0116329 9.9982E-05 0.799457 9.9982E-05 0.0120903 0.0625216 0.114098
9.9964E-05 9.9964E-05 0.826134 9.9964E-05 9.9964E-05 0.100663 0.0728037
0.00685503 9.9973E-05 0.77189 9.9973E-05 9.9973E-05 0.104793 0.116162
0.0679816 9.9982E-05 0.825884 0.0215463 9.9982E-05 0.0841363 0.000251536
0.00336316 9.9982E-05 0.785269 0.0465384 9.9982E-05 0.107331 0.0572989
0.0275641 9.9973E-05 0.840875 9.9973E-05 9.9973E-05 0.0569735 0.0742872
9.9964E-05 9.9964E-05 0.884056 9.9964E-05 9.9964E-05 0.0374211 0.0781226
0.123315 9.9991E-05 0.0591958 0.412293 0.0370691 0.0590309 0.308995
0.0577873 0.0550381 0.0439089 0.25115 9.9991E-05 0.0562338 0.535782
9.9964E-05 9.9964E-05 0.0301199 0.890192 0.0792884 9.9964E-05 9.9964E-05
0.0554815 0.0465518 0.0724974 0.178485 0.028514 0.0693239 0.549146
0.0485711 9.9991E-05 0.0349091 0.474069 0.0936614 0.0213025 0.327387
0.0293894 9.9982E-05 0.0655325 0.365297 9.9982E-05 0.0299047 0.509677
0.00304187 0.0982084 0.0552551 0.29812 9.9991E-05 0.0073109 0.537963
0.0231124 0.0486312 9.9982E-05 0.465693 9.9982E-05 0.0104074 0.451956
9.9973E-05 0.0312399 0.0391972 0.744573 0.18469 9.9973E-05 9.9973E-05
0.0157874 0.0333785 0.195391 0.12507 0.0829562 9.9991E-05 0.547317
0.00335498 9.9973E-05 0.146794 0.224087 9.9973E-05 9.9973E-05 0.625465
0.109394 0.0124675 0.0423939 0.129251 0.120784 0.0604551 0.525254
0.0645781 0.133079 9.9982E-05 0.538627 9.9982E-05 0.0160367 0.247478
0.0134376 0.0653739 0.0168368 0.396349 9.9991E-05 0.00586565 0.502037
0.0139154 9.9982E-05 0.0188227 0.387522 0.123793 9.9982E-05 0.455748
0.0996351 9.9964E-05 9.9964E-05 0.650763 9.9964E-05 9.9964E-05 0.249202
9.9973E-05 9.9973E-05 0.0976382 0.424712 0.0288188 9.9973E-05 0.448531
9.9973E-05 9.9973E-05 0.192401 0.178976 0.0611607 9.9973E-05 0.567163
0.0413474 0.264681 0.00425003 0.100406 0.311682 0.0239049 0.253729
0.0951182 0.0666023 0.0922406 0.0662191 0.343055 0.0240519 0.312713
0.0820806 0.0576057 0.0391166 0.0630247 0.203621 0.052008 0.502543
9.9982E-05 9.9982E-05 0.0898834 0.144808 0.123048 0.0392617 0.602798
9.9982E-05 9.9982E-05 0.000221658 0.112272 0.377996 0.0595491 0.449761
9.9982E-05 0.0872419 9.9982E-05 0.00937072 0.254337 0.0128734 0.635977
9.9973E-05 0.0216349 0.0782831 9.9973E-05 0.390143 9.9973E-05 0.509639
0.0475618 0.074852 0.124401 0.147106 0.15795 9.9991E-05 0.44803
0.0418053 0.0523185 0.126835 0.0640188 0.0793059 0.0313462 0.60437
9.9982E-05 0.097301 9.9982E-05 0.0358841 0.167273 0.0344256 0.664917
9.9964E-05 0.0938403 9.9964E-05 9.9964E-05 0.374969 9.9964E-05 0.53079
0.0286314 0.103982 0.0925163 9.9991E-05 0.110759 0.0159429 0.648069
0.0498773 0.107705 0.061766 0.0413171 0.0256504 0.0425018 0.671182
0.0872038 0.00858369 0.0112913 0.0929176 0.234913 9.9991E-05 0.564991
0.0748596 0.119601 0.0467566 9.9991E-05 0.187247 0.0138292 0.557606
0.0876606 0.110202 9.9991E-05 0.0209319 0.174526 0.0890772 0.517503
0.0100001 0.221653 0.052434 9.9991E-05 0.266446 0.0748842 0.374482
0.0634556 0.0330065 0.0207499 0.0954177 0.0914737 0.0455076 0.650389
0.0263537 0.175562 9.9991E-05 0.0235387 0.1007 0.0178725 0.655874
0.0944108 0.025309 9.9982E-05 0.20572 0.459481 9.9982E-05 0.214879
0.0846592 0.401296 9.9982E-05 0.0216019 0.296611 9.9982E-05 0.195631
0.025417 0.0597595 0.0573089 0.0906164 0.201003 0.0280475 0.537848
0.0325529 0.352643 9.9991E-05 0.238806 0.270282 0.00629906 0.0993178
0.000808396 0.0809713 0.0486808 0.139508 0.463038 0.00428934 0.262704
9.9982E-05 0.0240575 0.0442218 0.154825 0.297734 9.9982E-05 0.478963
9.9973E-05 9.9973E-05 9.9973E-05 0.208267 0.415754 0.0508819 0.324796
0.0190192 0.0670383 9.9991E-05 0.0982314 0.504377 0.0010787 0.310156
0.0815187 0.114425 0.0466505 0.0525816 0.0796915 0.0565316 0.568602
0.0632176 0.148214 0.115602 0.0635917 0.129486 9.9991E-05 0.47979
0.053263 0.102241 0.0208902 0.0733827 0.198818 9.9991E-05 0.551306
0.0724003 0.317324 9.9991E-05 0.2172 0.23744 0.0169336 0.138601
0.0141953 0.136484 0.190059 0.0687083 0.048371 9.9991E-05 0.542082
0.0576484 0.146319 0.0732334 0.202476 0.0223259 0.0268118 0.471185
9.9991E-05 0.529901 0.119656 0.147481 0.15599 0.0144432 0.0324284
0.0372553 0.161364 0.147603 0.00475017 9.9982E-05 9.9982E-05 0.648827
9.9991E-05 0.337216 0.119875 0.132555 0.0643632 0.00953731 0.336353
0.0734237 0.242342 0.0832587 0.00841559 9.9991E-05 0.0341567 0.558303
9.9991E-05 0.380181 0.0879643 0.11799 0.0866395 0.0223468 0.304778
9.9982E-05 0.550502 0.0475969 9.9982E-05 0.119401 0.0191351 0.263165
9.9982E-05 0.21082 0.0243477 0.097271 0.226476 9.9982E-05 0.440885
0.0990366 0.184433 0.0658767 0.151529 0.0296262 0.0287438 0.440754
0.00529909 0.0980958 0.161769 0.130367 0.163364 9.9991E-05 0.441005
0.178322 0.380893 0.055925 0.26592 0.117018 0.00182255 9.9991E-05
0.098791 0.230485 0.087723 9.9991E-05 0.0563426 0.0118354 0.514723
9.9973E-05 0.353011 9.9973E-05 0.128194 0.105366 9.9973E-05 0.413129
9.9991E-05 0.201505 0.0162321 0.179707 0.0899609 0.0115318 0.500963
0.0626348 0.0762683 0.130043 0.149635 0.0327031 0.00652046 0.542196
0.197179 0.244945 0.265248 0.00845597 9.9991E-05 0.0905741 0.193498
0.111802 0.334489 0.535756 9.9973E-05 9.9973E-05 0.0176537 9.9973E-05
0.141324 0.421785 0.392739 9.9973E-05 9.9973E-05 0.0438522 9.9973E-05
0.37528 0.141528 0.388939 9.9982E-05 0.0554297 9.9982E-05 0.0386234
0.00441809 0.313568 9.9964E-05 9.9964E-05 9.9964E-05 9.9964E-05 0.681614
0.122639 0.187067 0.0283846 0.0231163 0.0676474 0.0338391 0.537307
0.64961 9.9973E-05 9.9973E-05 0.0551039 9.9973E-05 0.0185312 0.276455
0.506234 9.9982E-05 9.9982E-05 0.0748085 0.177478 0.0409815 0.200298
0.346439 0.00114559 0.0908328 9.9991E-05 0.0989391 0.0631843 0.399359
9.9973E-05 0.513525 9.9973E-05 0.106886 9.9973E-05 0.0439775 0.335312
9.9991E-05 0.229816 0.0147629 0.143682 0.063818 0.039769 0.508053
9.9982E-05 0.664091 9.9982E-05 0.0373642 0.0396581 0.0139824 0.244705
9.9973E-05 0.198659 0.0431137 0.0457807 9.9973E-05 9.9973E-05 0.712147
0.0221912 0.263385 0.0410966 0.14825 0.0829908 9.9991E-05 0.441986
0.0501906 0.233044 0.0108129 0.108101 0.0442274 9.9991E-05 0.553524
9.9973E-05 0.547911 9.9973E-05 0.110882 0.0940436 9.9973E-05 0.246864
0.116232 0.109495 0.0457221 0.038581 0.0414291 0.0217666 0.626774
9.9973E-05 0.186138 0.118128 9.9973E-05 0.0329069 9.9973E-05 0.662527
0.927909 0.00196849 9.9973E-05 0.0526197 9.9973E-05 9.9973E-05 0.0172029
0.920144 9.9964E-05 9.9964E-05 9.9964E-05 0.00934905 9.9964E-05 0.0701066
0.574126 9.9991E-05 0.0259339 0.00366368 0.0851029 0.00495525 0.306118
0.68509 0.0233233 9.9991E-05 0.00357772 0.0380287 0.000683825 0.249197
0.795851 9.9964E-05 9.9964E-05 9.9964E-05 0.0326062 9.9964E-05 0.171143
0.997465 9.9955E-05 9.9955E-05 9.9955E-05 0.00203499 9.9955E-05 9.9955E-05
0.969666 9.9964E-05 9.9964E-05 0.000148934 0.0297856 9.9964E-05 9.9964E-05
0.862918 9.9964E-05 9.9964E-05 0.0135339 9.9964E-05 9.9964E-05 0.123149
0.954389 9.9964E-05 9.9964E-05 9.9964E-05 0.0165705 9.9964E-05 0.0286404
0.9994 9.995E-05 9.995E-05 9.995E-05 9.995E-05 9.995E-05 9.995E-05
0.979423 9.9955E-05 9.9955E-05 9.9955E-05 9.9955E-05 0.0200774 9.9955E-05
0.760065 9.9964E-05 9.9964E-05 9.9964E-05 9.9964E-05 0.0747082 0.164827
0.792483 9.9973E-05 0.0416682 9.9973E-05 0.0209204 9.9973E-05 0.144629
0.966041 9.9973E-05 9.9973E-05 0.0179471 0.00485868 0.0108531 9.9973E-05
0.377939 0.0234685 9.9991E-05 0.0593274 0.164524 0.0236073 0.351034
0.599591 9.9991E-05 0.0255408 0.10038 0.0147817 0.0372061 0.2224
0.803995 0.0173726 0.00282795 9.9991E-05 0.0319883 0.028176 0.11554
0.874858 9.9973E-05 9.9973E-05 9.9973E-05 0.0369719 0.0281 0.0597699
0.9994 9.995E-05 9.995E-05 9.995E-05 9.995E-05 9.995E-05 9.995E-05
0.801785 0.016559 0.0727451 9.9973E-05 9.9973E-05 9.9973E-05 0.108611
0.981138 9.9955E-05 9.9955E-05 9.9955E-05 9.9955E-05 0.0183618 9.9955E-05
0.54524 9.9973E-05 0.0538507 9.9973E-05 0.069435 9.9973E-05 0.331175
0.907512 0.0149121 9.9973E-05 9.9973E-05 0.0640318 9.9973E-05 0.0132443
0.0492934 0.599084 0.336723 0.0145989 9.9973E-05 9.9973E-05 9.9973E-05
0.0861066 0.222776 0.154977 9.9991E-05 0.153261 0.0302278 0.352551
0.0500201 0.185507 0.236679 0.0386744 9.9991E-05 0.0227368 0.466283
0.0295548 0.42277 0.22078 9.9991E-05 0.0172303 0.0913347 0.21823
0.207638 0.136909 0.128984 0.0590471 0.0866368 9.9991E-05 0.380686
0.11481 0.318891 0.247261 0.0482036 9.9991E-05 0.0351796 0.235556
9.9991E-05 0.167271 0.208523 0.0105615 0.0801901 0.0670774 0.466278
0.111968 0.331525 0.160569 0.0395139 9.9991E-05 0.00212538 0.354199
0.183086 0.233947 0.0633708 9.9991E-05 0.0389246 0.0789245 0.401647
0.157718 0.360796 0.0970112 0.0119687 9.9991E-05 0.0910583 0.281348
0.118555 0.226955 0.186617 0.0355919 9.9982E-05 9.9982E-05 0.432081
9.9973E-05 0.0168166 0.827724 9.9973E-05 0.0708741 9.9973E-05 0.0842852
0.0796998 9.9964E-05 0.825587 9.9964E-05 9.9964E-05 0.0943136 9.9964E-05
9.9973E-05 9.9973E-05 0.879285 9.9973E-05 0.0176733 0.069104 0.0336374
9.9973E-05 9.9973E-05 0.892422 9.9973E-05 0.0423877 0.0456999 0.0191905
0.017228 9.9982E-05 0.766871 9.9982E-05 0.0727104 0.133615 0.00937558
0.0873955 9.9964E-05 0.845536 9.9964E-05 9.9964E-05 0.0666689 9.9964E-05
0.0591656 9.9982E-05 0.833409 0.00832736 9.9982E-05 0.063936 0.0349621
9.9973E-05 0.0743092 0.83903 9.9973E-05 9.9973E-05 0.0575184 0.0288429
0.0279918 9.9973E-05 0.896594 0.0379506 9.9973E-05 0.0371635 9.9973E-05
0.090679 0.0113569 0.851974 9.9982E-05 0.0227144 0.0230757 9.9982E-05
9.9973E-05 9.9973E-05 0.548622 0.115552 0.282811 0.0527153 9.9973E-05
9.9973E-05 9.9973E-05 0.5744 0.0827115 0.316839 0.0257495 9.9973E-05
9.9982E-05 0.135939 0.521284 0.0400616 0.257973 0.0445425 9.9982E-05
9.9973E-05 0.088196 0.48791 0.118871 0.304722 9.9973E-05 9.9973E-05
9.9973E-05 9.9973E-05 0.0417026 0.419354 0.135843 9.9973E-05 0.4028
0.0337505 0.0568907 0.0112523 0.324982 0.118795 9.9991E-05 0.454229
0.0588411 9.9991E-05 0.04875 0.17226 0.16336 0.0258316 0.530856
9.9973E-05 9.9973E-05 9.9973E-05 0.307103 0.260414 0.0630642 0.369119
9.9982E-05 0.0348353 9.9982E-05 0.151259 0.580329 0.00865658 0.22472
0.00826538 0.0741749 0.109921 0.103426 0.00197503 0.0236977 0.678539
9.9973E-05 0.0489681 9.9973E-05 0.282912 0.110574 9.9973E-05 0.557246
9.9982E-05 0.100072 9.9982E-05 0.278269 0.0608848 0.0235164 0.537058
0.0189579 0.084795 9.9973E-05 0.545083 9.9973E-05 9.9973E-05 0.350864
0.0283648 0.0290812 0.0651084 0.212756 0.0598664 9.9991E-05 0.604723
9.9982E-05 0.125077 9.9982E-05 0.303083 0.141343 0.0239877 0.40631
9.9973E-05 0.211524 9.9973E-05 0.721087 0.057216 0.00987322 9.9973E-05
9.9991E-05 0.0946376 0.062922 0.235499 0.0752362 0.0670481 0.464557
0.00567834 0.268865 0.0153578 0.481648 9.9991E-05 0.0142535 0.214097
9.9991E-05 0.0227376 0.0327575 0.432847 0.0024801 0.00359377 0.505484
9.9973E-05 9.9973E-05 0.0532075 0.727722 0.184051 9.9973E-05 0.0347199
9.9973E-05 0.160822 0.103782 9.9973E-05 0.721325 0.0137709 9.9973E-05
9.9973E-05 0.118308 0.135571 9.9973E-05 0.665864 9.9973E-05 0.0799569
9.9982E-05 0.114155 0.0140262 0.0315591 0.825728 0.0143314 9.9982E-05
9.9964E-05 9.9964E-05 0.142028 0.0824788 0.775093 9.9964E-05 9.9964E-05
0.0281734 0.127886 0.0182327 9.9991E-05 0.744597 0.00536125 0.07565
0.0139206 0.0448963 0.0633133 9.9982E-05 0.759987 9.9982E-05 0.117683
9.9973E-05 9.9973E-05 0.811231 0.038504 9.9973E-05 0.0943697 0.0555956
0.0737446 9.9982E-05 0.74424 9.9982E-05 0.0924721 0.0396746 0.0496683
0.0793703 9.9973E-05 0.710128 9.9973E-05 9.9973E-05 0.0951075 0.115094
0.135995 9.9973E-05 0.652142 9.9973E-05 0.13221 0.0793531 9.9973E-05
0.0760593 9.9982E-05 0.776836 9.9982E-05 0.0297491 0.0431231 0.0740323
9.9973E-05 9.9973E-05 0.326129 0.00446256 0.60817 0.0609382 9.9973E-05
9.9973E-05 0.157117 0.454859 9.9973E-05 0.387266 0.000458439 9.9973E-05
9.9982E-05 0.0330313 0.385025 0.0891208 0.445967 0.0466559 9.9982E-05
9.995E-05 9.995E-05 9.995E-05 9.995E-05 9.995E-05 0.9994 9.995E-05
9.9982E-05 0.0311894 0.363547 0.0765834 0.501655 0.0268255 9.9982E-05
0.315829 0.162536 0.228976 9.9973E-05 9.9973E-05 9.9973E-05 0.292358
0.235248 0.0155004 0.146018 9.9982E-05 9.9982E-05 0.044968 0.558066
0.265025 9.9973E-05 0.183887 9.9973E-05 9.9973E-05 0.0418898 0.508899
0.163364 0.112125 0.270883 0.0823529 9.9982E-05 9.9982E-05 0.371076
0.0881242 0.0301862 0.196825 0.0559746 0.0826357 0.0570576 0.489196
0.274888 0.260047 0.464665 9.9964E-05 9.9964E-05 9.9964E-05 9.9964E-05
9.9991E-05 0.100341 0.02339 0.115452 0.278661 0.000105936 0.48195
9.9982E-05 0.288979 9.9982E-05 0.0501976 0.198333 0.0130317 0.449258
9.9982E-05 9.9982E-05 0.0366854 0.077139 0.540915 0.0567263 0.288334
9.9973E-05 0.270632 9.9973E-05 0.0959609 0.0999279 9.9973E-05 0.53318
9.9964E-05 0.647374 9.9964E-05 0.241992 0.110235 9.9964E-05 9.9964E-05
0.100823 0.121343 0.0510366 0.0288744 0.204436 0.00731661 0.486171
0.0453243 0.134334 9.9991E-05 0.107405 0.197738 0.0112434 0.503855
9.9991E-05 0.0474947 0.0409698 0.189063 0.400906 0.0068726 0.314593
0.00543306 0.031567 0.123038 0.118924 0.150676 9.9991E-05 0.570262
9.9973E-05 0.423162 9.9973E-05 0.167387 0.254872 9.9973E-05 0.154279
0.030332 0.244446 9.9991E-05 0.0613489 0.140323 0.0244605 0.498989
9.9991E-05 0.0344195 0.0404287 0.086965 0.259425 0.0183435 0.560318
0.124287 0.0926648 0.146846 0.0511066 0.047037 0.0185057 0.519553
9.9973E-05 0.272711 9.9973E-05 0.0627688 0.239615 9.9973E-05 0.424605
0.0436802 0.164228 0.000594804 0.0447575 0.291587 0.00263817 0.452514
0.146559 0.106084 0.0531307 0.159692 0.0892415 9.9991E-05 0.445192
9.9982E-05 0.0953725 0.0508845 0.0793405 0.221147 9.9982E-05 0.553056
0.00268377 0.054869 0.0647947 0.0559017 0.0810008 0.0352819 0.705468
0.00728354 0.0657541 0.0550648 0.0897904 0.162177 0.053097 0.566834
9.9991E-05 0.0526209 0.0989489 0.0439099 0.168442 0.0469095 0.589069
0.0617574 9.9964E-05 0.782343 9.9964E-05 9.9964E-05 9.9964E-05 0.1555
0.0746524 9.9973E-05 0.822255 0.0585787 9.9973E-05 9.9973E-05 0.0442136
0.0375638 0.0590901 0.798044 0.0134843 0.062508 9.9991E-05 0.02921
0.0449306 0.000984198 0.78889 0.096099 0.0263945 0.00944616 0.0332552
0.0482101 0.0154463 0.773788 9.9982E-05 9.9982E-05 0.0738117 0.0885444
0.0914143 0.0237841 0.0115459 0.150862 0.618848 0.00146537 0.10208
0.0003378 0.0895038 0.0327765 0.0820467 0.251837 0.00744701 0.536051
0.118782 0.197679 0.164594 9.9982E-05 0.0115131 9.9982E-05 0.507232
0.0599485 0.0772502 9.9991E-05 0.0397576 0.198139 0.0121279 0.612677
0.0181574 9.9982E-05 0.075486 0.116454 0.247866 9.9982E-05 0.541836
0.0768086 0.185163 9.9991E-05 0.0413211 0.365781 0.0427151 0.288111
9.9982E-05 0.134373 0.10705 0.165884 0.54791 0.0445825 9.9982E-05
0.0359806 9.9991E-05 0.0568908 0.0675314 0.289426 0.0283146 0.521756
0.0209372 0.143059 0.0585731 0.0659529 0.496368 9.9991E-05 0.21501
0.0600714 0.157836 0.0667458 0.085916 0.233155 9.9991E-05 0.396176
0.0455818 0.0792377 0.119748 0.213884 0.494857 9.9991E-05 0.0465915
0.0808802 9.9973E-05 0.120478 9.9973E-05 0.202672 9.9973E-05 0.595669
0.022921 0.134075 0.0480968 0.0649517 0.50337 0.0540623 0.172523
0.0591224 0.250988 9.9991E-05 0.0669723 0.274949 0.00996729 0.337901
9.9982E-05 0.283929 0.0209313 0.010234 0.1204 9.9982E-05 0.564306
0.0345339 0.553314 0.0151038 9.9982E-05 0.0878287 9.9982E-05 0.30902
9.9982E-05 0.225097 0.0538666 0.00937475 0.0651301 9.9982E-05 0.646331
0.0503229 0.147803 0.0608111 0.13231 9.9991E-05 0.0953954 0.513258
9.9964E-05 0.472031 9.9964E-05 9.9964E-05 0.0982421 9.9964E-05 0.429327
9.9982E-05 0.193664 0.0942866 0.0354111 0.120982 9.9982E-05 0.555456
9.9991E-05 0.260495 0.0177773 0.0505554 0.0900955 0.0175523 0.563424
9.9973E-05 0.713455 9.9973E-05 0.0477155 0.0777594 9.9973E-05 0.16077
9.9973E-05 0.654705 9.9973E-05 0.0296513 0.00500658 9.9973E-05 0.310337
9.9973E-05 0.355879 9.9973E-05 9.9973E-05 0.124956 0.0341963 0.484668
9.9973E-05 0.527673 9.9973E-05 0.185253 0.1331 9.9973E-05 0.153673
9.9982E-05 0.31207 0.0290718 0.0648949 0.121462 9.9982E-05 0.472302
0.104293 0.00308879 9.9991E-05 0.260932 0.580537 0.0167924 0.0342572
9.9973E-05 0.256287 9.9973E-05 0.0959659 0.350873 9.9973E-05 0.296574
0.136872 9.9982E-05 9.9982E-05 0.18231 0.41725 0.00901866 0.254349
0.12099 0.0389464 9.9982E-05 9.9982E-05 0.218985 0.0361271 0.584751
0.0317076 0.00652595 9.9982E-05 0.287885 0.464306 9.9982E-05 0.209375
0.0918146 0.105241 0.0332618 0.0314899 0.314861 0.0228592 0.400472
0.113613 9.9982E-05 9.9982E-05 0.160615 0.164843 0.0431117 0.517618
0.0318428 0.0765985 0.099059 0.0163273 0.257428 0.0304386 0.488306
0.0842205 9.9982E-05 9.9982E-05 0.145051 0.274663 0.0646791 0.431186
0.0392183 9.9991E-05 0.0233221 0.207216 0.281539 0.0517363 0.396869
0.121043 9.9973E-05 9.9973E-05 0.265686 0.502418 9.9973E-05 0.110554
0.106632 0.0221422 9.9982E-05 0.168273 0.405381 9.9982E-05 0.297372
0.044195 0.0409342 9.9982E-05 0.113811 0.183143 9.9982E-05 0.617717
0.0363682 0.113248 0.0260598 0.141262 0.13993 0.0188497 0.524282
0.0127619 0.153066 0.00110681 0.0360205 0.301237 0.0383705 0.457438
0.127843 0.0416095 9.9982E-05 0.0645569 0.31627 9.9982E-05 0.449521
0.089099 0.108391 0.0381195 9.9991E-05 0.399831 0.0448675 0.319592
0.00743455 0.0048759 0.0663709 0.0984332 0.195418 0.0145678 0.6129
0.0130568 0.13659 0.023444 0.00830791 0.275637 9.9991E-05 0.542864
0.143146 0.022199 0.0278676 0.100022 0.139217 0.00839629 0.559153
0.160504 0.0652502 0.298904 0.078786 9.9991E-05 0.0488433 0.347613
0.244413 0.121812 0.0726889 0.0604686 0.0375446 0.0720757 0.390997
0.181688 0.0334193 0.122737 9.9991E-05 0.13387 0.0161496 0.512036
0.0261443 0.138215 0.0725928 9.9991E-05 0.0426463 0.0508882 0.669414
0.221238 0.0685639 0.174354 0.0545048 9.9991E-05 0.0694826 0.411757
0.0181345 0.286705 9.9982E-05 0.0374931 0.154893 9.9982E-05 0.502575
0.173497 9.9991E-05 0.141869 0.1644 0.075236 0.0117297 0.433169
0.142267 0.463286 0.252734 0.0966189 0.0382257 9.9991E-05 0.00676858
0.188118 0.119268 0.0826325 9.9991E-05 0.108838 0.0531691 0.447874
0.154925 0.0563106 0.0859666 0.162705 0.0531705 0.0643976 0.422525
0.285133 0.11956 0.0288029 9.9982E-05 0.126079 9.9982E-05 0.440226
0.148533 0.212214 0.109448 9.9991E-05 0.152853 0.0426441 0.334208
0.0218677 0.00511333 0.272639 0.0250768 9.9991E-05 0.0342138 0.640989
0.128084 0.105059 0.147442 9.9982E-05 9.9982E-05 0.0505982 0.568617
0.180762 0.340048 0.478458 9.9973E-05 9.9973E-05 0.000432977 9.9973E-05
0.248183 0.0878947 0.081204 9.9991E-05 0.0116493 0.123081 0.447888
0.206105 0.100392 0.106087 9.9982E-05 9.9982E-05 0.0810291 0.506187
0.190013 0.0821853 0.0316679 0.142334 0.025963 0.033311 0.494525
0.159323 0.102126 0.16135 0.0188924 9.9991E-05 0.0190359 0.539173
0.0379698 0.0755411 0.241949 0.0490216 9.9991E-05 0.00384732 0.591571
0.121638 0.186789 0.014437 0.23546 0.0574476 0.0397126 0.344516
0.0872959 0.114484 0.0832065 0.101536 0.0268323 0.0345904 0.552055
9.9973E-05 0.552899 9.9973E-05 0.290662 0.0692394 9.9973E-05 0.0868994
9.9973E-05 0.674897 9.9973E-05 0.161781 0.111875 9.9973E-05 0.0511478
0.140103 0.307003 9.9982E-05 9.9982E-05 0.0569841 0.0295545 0.466155
0.289584 0.175244 0.117584 9.9973E-05 9.9973E-05 9.9973E-05 0.417288
0.362836 0.271209 0.0792554 9.9973E-05 9.9973E-05 9.9973E-05 0.286399
0.261753 0.272449 0.232719 9.9982E-05 9.9982E-05 0.0417214 0.191158
0.31659 0.155034 0.121313 0.0436439 9.9991E-05 0.0420902 0.321229
0.052249 0.726677 0.0491486 9.9973E-05 9.9973E-05 9.9973E-05 0.171626
0.0511213 0.547199 0.0690012 0.0287845 9.9991E-05 0.0428371 0.260957
0.122648 0.23464 9.9973E-05 0.0653001 9.9973E-05 9.9973E-05 0.577112
0.0881566 0.229939 0.0597427 0.0724258 9.9991E-05 0.0240437 0.525592
0.125693 0.53313 9.9991E-05 0.0917758 0.00776467 0.0466067 0.19493
0.139268 0.124982 0.0296106 0.113824 0.0590633 0.0464322 0.48682
0.073359 0.266667 0.0268666 9.9982E-05 0.0259525 9.9982E-05 0.606955
0.115692 0.18089 0.102812 0.149457 0.0189911 9.9991E-05 0.432058
9.9973E-05 0.40157 9.9973E-05 0.157035 0.0766687 9.9973E-05 0.364426
0.0291497 0.233271 9.9991E-05 0.229059 0.112485 0.0364483 0.359488
9.9982E-05 0.251393 9.9982E-05 0.0482331 0.0796095 0.0346627 0.585902
0.0563022 0.356056 9.9991E-05 0.0778971 0.14742 0.0318243 0.3304
0.0703604 0.349741 9.9991E-05 0.0159699 0.0888012 0.0143335 0.460694
9.9973E-05 0.414743 9.9973E-05 0.0234036 0.0568254 9.9973E-05 0.504728
9.9973E-05 0.586083 9.9973E-05 0.0803174 0.0514278 9.9973E-05 0.281872
9.9991E-05 0.128788 0.0163487 0.14937 0.00147797 0.0379705 0.665945
9.9973E-05 0.450858 9.9973E-05 0.189921 0.0440739 9.9973E-05 0.314847
9.9982E-05 0.360999 9.9982E-05 0.122038 0.0270259 0.0318834 0.457854
0.0317121 0.121599 0.0543698 0.115004 0.0358002 0.0877564 0.553759
0.0490932 0.278086 9.9991E-05 0.145985 0.0830057 0.00205595 0.441675
0.198278 0.0364754 0.232636 0.0647122 0.0172607 0.01377 0.436867
0.146912 0.151186 0.116225 0.0846191 0.14421 0.0240832 0.332764
0.243779 0.161912 0.187336 0.00859341 0.0489004 9.9991E-05 0.349379
0.161763 0.168369 0.139876 9.9991E-05 0.0830992 0.0854948 0.361297
0.152261 9.9991E-05 0.197586 0.0636799 0.127971 0.015012 0.44339
0.119227 0.177833 0.137191 0.0115999 0.0568243 0.0256106 0.471715
0.161541 0.651614 0.135891 0.040449 9.9982E-05 0.0103052 9.9982E-05
0.14902 0.0919661 0.0869037 9.9991E-05 0.0163279 0.0227203 0.632962
0.127417 0.526386 0.345797 9.9964E-05 9.9964E-05 9.9964E-05 9.9964E-05
0.154373 0.223035 0.0584102 9.9973E-05 9.9973E-05 9.9973E-05 0.563882
9.9964E-05 0.554197 9.9964E-05 0.298915 9.9964E-05 9.9964E-05 0.146489
9.9973E-05 0.688456 9.9973E-05 0.272272 0.0244875 0.0144837 9.9973E-05
9.9973E-05 0.298505 9.9973E-05 0.186822 9.9973E-05 0.000175302 0.514198
9.9973E-05 0.237914 9.9973E-05 0.103321 9.9973E-05 0.0444137 0.614052
9.9964E-05 0.407578 9.9964E-05 0.151947 9.9964E-05 9.9964E-05 0.440075
0.0141234 0.213196 9.9982E-05 0.161659 0.0847521 9.9982E-05 0.52607
0.0319632 0.206182 9.9982E-05 0.143167 0.0516139 9.9982E-05 0.566875
0.0382565 0.049183 0.702781 0.0275978 9.9991E-05 0.0737814 0.1083
0.0970672 0.0572946 0.71013 0.0078596 0.0945765 0.0329723 9.9991E-05
0.0456678 9.9973E-05 0.879107 9.9973E-05 0.0401341 0.0347914 9.9973E-05
9.9973E-05 0.0120794 0.817532 9.9973E-05 9.9973E-05 0.146746 0.0233427
0.00035267 0.0285552 0.0166787 0.445681 0.0488094 0.0929414 0.366982
0.0898094 9.9991E-05 0.0328413 0.453714 0.0462649 0.0380422 0.339228
9.9973E-05 9.9973E-05 9.9973E-05 0.501741 0.0271568 0.0448527 0.425949
0.027886 0.0325486 0.128875 0.137504 0.0893368 9.9991E-05 0.58375
0.0659653 0.128952 0.0252966 0.272753 0.120165 0.045734 0.341134
9.9982E-05 0.0744246 0.0353307 0.555276 0.0981119 9.9982E-05 0.236657
0.0152004 9.9964E-05 9.9964E-05 0.438869 9.9964E-05 9.9964E-05 0.545531
9.9973E-05 0.191737 9.9973E-05 0.476406 9.9973E-05 0.0508273 0.28073
0.201254 0.0377546 0.206927 9.9991E-05 0.0538498 0.0530855 0.447029
0.00538622 0.167263 9.9982E-05 0.319481 0.018181 9.9982E-05 0.489489
9.9973E-05 9.9973E-05 9.9973E-05 0.518654 0.112058 0.0404481 0.328539
9.9973E-05 0.0774317 9.9973E-05 0.341716 9.9973E-05 0.0157606 0.564792
9.9982E-05 9.9982E-05 0.0176055 0.515515 0.0488737 0.00990092 0.407905
0.0633199 0.116124 9.9973E-05 0.309371 9.9973E-05 9.9973E-05 0.510885
9.9973E-05 9.9973E-05 0.119193 0.387436 9.9973E-05 0.00246584 0.490605
9.9964E-05 0.0729744 9.9964E-05 0.857589 9.9964E-05 9.9964E-05 0.0690364
9.9964E-05 0.172238 9.9964E-05 0.590835 9.9964E-05 9.9964E-05 0.236528
0.00106829 0.022654 0.0366005 0.656824 0.0404265 9.9991E-05 0.242326
9.9955E-05 0.264595 9.9955E-05 0.734905 9.9955E-05 9.9955E-05 9.9955E-05
9.9982E-05 9.9982E-05 0.0988905 0.328739 0.071678 0.0138613 0.486631
0.00259374 0.333369 9.9982E-05 0.569925 9.9982E-05 0.0135071 0.0804046
9.9964E-05 0.329033 0.00392859 0.666638 9.9964E-05 9.9964E-05 9.9964E-05
0.0175847 9.9991E-05 0.00956147 0.325152 0.0431219 0.0290229 0.575457
9.9973E-05 9.9973E-05 0.0203633 0.739567 0.0932334 9.9973E-05 0.146536
0.109324 0.0134123 0.0247186 0.466891 0.075039 9.9991E-05 0.310515
0.105836 0.04996 0.111943 0.243584 0.00842208 0.0143199 0.465935
0.0245784 9.9973E-05 0.0387597 0.481753 9.9973E-05 9.9973E-05 0.454609
0.0622189 0.178868 9.9982E-05 0.154669 0.187952 9.9982E-05 0.416092
0.0209676 0.0735662 0.0141908 0.330136 0.0752774 9.9991E-05 0.485762
0.115014 9.9991E-05 0.00311674 0.382935 0.136773 0.00278512 0.359277
9.9973E-05 9.9973E-05 9.9973E-05 0.666624 0.0059786 0.0300665 0.297031
0.0496826 0.0980424 0.0241258 0.24575 0.0730102 0.0825858 0.426804
9.9973E-05 0.130171 0.593398 9.9973E-05 0.229641 0.0464901 9.9973E-05
9.9991E-05 0.0398712 0.705609 0.0508363 0.0889948 0.0756317 0.0389573
9.9973E-05 0.0178378 0.730135 9.9973E-05 0.124756 0.126971 9.9973E-05
9.9982E-05 0.0432485 0.732428 0.0257352 0.0877605 0.110628 9.9982E-05
9.9982E-05 0.0306484 0.636393 9.9982E-05 0.229028 0.086517 0.0172144
9.9973E-05 9.9973E-05 0.0662029 0.729874 0.131197 9.9973E-05 0.0724261
9.9973E-05 9.9973E-05 0.0632377 0.772762 0.0864788 9.9973E-05 0.0772212
9.9964E-05 0.100036 9.9964E-05 0.774432 9.9964E-05 9.9964E-05 0.125132
0.096097 0.127273 0.0943152 0.136947 9.9982E-05 9.9982E-05 0.545167
0.0554998 0.0741484 0.180038 0.144452 0.00903167 0.0266649 0.510165
0.0185516 0.12412 0.0327421 0.527824 9.9991E-05 0.00369833 0.292964
0.0543882 0.0465301 9.9982E-05 0.343441 9.9982E-05 0.0138353 0.541605
0.0326904 0.0216749 0.0391729 0.482661 9.9991E-05 0.00469757 0.419003
9.9973E-05 9.9973E-05 0.0602513 0.314794 0.0367157 9.9973E-05 0.587939
0.0165213 0.00463463 0.0588096 0.234083 0.109578 0.00322315 0.573151
0.00207337 9.9982E-05 0.0359712 0.723986 0.0852622 9.9982E-05 0.152507
9.9973E-05 9.9973E-05 9.9973E-05 0.596061 0.0919942 0.0261438 0.285501
0.00949481 9.9973E-05 9.9973E-05 0.570364 0.0951438 9.9973E-05 0.324698
9.9973E-05 0.160287 0.128026 9.9973E-05 9.9973E-05 0.0102339 0.701154
9.9982E-05 9.9982E-05 0.0318086 0.590447 0.00796148 0.021346 0.348237
0.066677 9.9982E-05 9.9982E-05 0.431773 0.0607512 0.030744 0.409855
0.399632 9.9982E-05 0.0879117 0.0598319 0.0276826 9.9982E-05 0.424742
0.430862 0.0534586 0.0939055 0.0490081 9.9991E-05 0.026177 0.346489
0.470086 0.103706 0.0835555 9.9982E-05 9.9982E-05 0.0113286 0.331124
0.443945 0.0131804 0.191512 9.9982E-05 9.9982E-05 0.0270808 0.324081
0.29938 0.0683376 0.0657095 9.9991E-05 0.0140774 0.0776701 0.474726
0.0245275 0.165103 0.0193553 0.249319 0.00803766 0.0238544 0.509803
0.638853 0.0369205 0.241146 9.9982E-05 9.9982E-05 0.0239586 0.0589221
0.490205 0.0627888 0.180368 0.0314477 9.9991E-05 0.00565161 0.229438
0.136866 0.111381 0.111158 0.122838 0.0614189 0.0707892 0.385548
9.9982E-05 0.176727 0.161683 0.0118136 9.9982E-05 0.0218468 0.627729
9.9991E-05 0.312728 0.133804 0.0022063 0.0266946 0.0464021 0.478065
0.107345 0.152021 0.137735 0.0510946 0.0515664 9.9991E-05 0.500138
0.0119303 0.0517854 0.163573 0.138765 9.9991E-05 0.0143941 0.619452
0.364985 0.014618 0.220601 9.9982E-05 9.9982E-05 0.0228611 0.376735
0.41233 0.00173554 0.154179 0.0107292 0.0505697 0.0285291 0.341927
0.485253 0.0360555 0.113598 9.9982E-05 0.00313684 9.9982E-05 0.361756
0.304739 0.101345 9.9991E-05 0.0933193 0.0463848 0.105705 0.348408
0.477638 0.0772077 0.115321 9.9982E-05 9.9982E-05 0.0639297 0.265704
0.376476 9.9991E-05 0.0863956 0.0577596 0.0772588 0.0463353 0.355675
0.612805 9.9973E-05 0.164865 9.9973E-05 9.9973E-05 0.010826 0.211204
0.351289 9.9982E-05 0.0977976 9.9982E-05 0.0459276 0.0226068 0.482179
0.0241155 0.29337 0.0716087 0.0238183 9.9991E-05 0.0161053 0.570882
0.365837 0.0483508 0.17384 9.9982E-05 0.0762315 9.9982E-05 0.33554
0.606087 0.0389805 0.128889 9.9982E-05 9.9982E-05 0.0333587 0.192485
0.386993 0.0615487 9.9991E-05 0.0489354 0.0578215 0.0804605 0.364141
9.9991E-05 0.265228 0.157993 0.11029 0.217845 0.0340844 0.21446
0.0790747 0.230494 9.9982E-05 9.9982E-05 0.088719 0.0391616 0.562351
0.387816 0.0140324 0.131839 9.9991E-05 0.0959002 0.00669952 0.363612
0.0449428 0.0371334 0.0765158 0.0298424 0.106795 0.0603183 0.644452
0.0108546 0.153426 0.180693 0.0118967 0.0550058 0.0453808 0.542743
0.198165 0.0873709 0.173378 0.11056 9.9991E-05 0.0640252 0.366401
0.242864 0.144163 0.227609 9.9991E-05 0.00842349 0.0187918 0.358048
0.109404 0.0944652 0.0146646 9.9991E-05 0.128867 0.0140373 0.638462
0.363697 9.9991E-05 0.079116 0.103171 0.0468916 0.0148259 0.392199
0.460187 0.0764287 0.130875 9.9973E-05 9.9973E-05 9.9973E-05 0.332209
0.605887 0.0208866 0.196734 9.9982E-05 9.9982E-05 0.0111251 0.165167
0.00131954 0.126071 0.0425509 0.0369611 0.0281415 0.105974 0.658982
9.9991E-05 0.149393 0.0555243 0.0546092 0.185123 0.0586147 0.496636
0.00619085 0.591915 0.0755292 9.9991E-05 0.0377876 0.0771566 0.211321
0.0458554 0.101909 0.139559 0.0180869 0.0396613 0.0172846 0.637644
0.0894395 0.181478 0.106771 0.132832 0.194071 9.9991E-05 0.295309
0.122736 0.129049 0.175811 0.0208326 9.9991E-05 0.0342656 0.517206
0.134926 0.0579678 0.108544 0.108283 0.0755396 0.0910267 0.423713
0.176952 0.524748 0.297899 9.9964E-05 9.9964E-05 9.9964E-05 9.9964E-05
0.129708 0.558947 0.212323 9.9973E-05 9.9973E-05 0.0987211 9.9973E-05
0.144621 0.353159 0.173193 0.0632803 0.000166113 9.9991E-05 0.265481
0.235349 0.406287 0.256695 0.0240659 0.0235296 0.0539738 9.9991E-05
0.244434 0.320639 0.434528 9.9964E-05 9.9964E-05 9.9964E-05 9.9964E-05
0.129353 0.285709 0.0996328 0.0365598 0.0487123 0.0440564 0.355977
0.153468 0.222081 0.187066 0.0108177 0.0192457 0.0472147 0.360107
0.158463 0.303679 0.281524 0.0107201 0.0257165 0.00762398 0.212274
0.180326 0.469581 0.217871 9.9982E-05 9.9982E-05 0.0963954 0.0356266
0.0729648 0.0678241 0.174729 0.043866 0.1313 0.0478676 0.461448
0.178295 0.383517 0.129876 0.107975 0.0200739 0.0825335 0.0977304
0.0706835 0.498203 0.36697 9.9973E-05 9.9973E-05 0.0638435 9.9973E-05
0.271342 0.0345352 0.14143 0.0612952 0.0723357 9.9991E-05 0.418962
0.251726 0.192168 0.163668 9.9991E-05 0.0566279 0.0761676 0.259543
0.0750865 0.0209562 0.280076 0.0293331 0.0647062 0.0468398 0.483002
0.284498 9.9973E-05 0.156297 9.9973E-05 9.9973E-05 0.0133429 0.545562
0.255062 0.0305514 0.15954 0.0787653 0.0375012 0.000862239 0.437718
0.208518 0.036509 0.227993 9.9973E-05 9.9973E-05 9.9973E-05 0.52668
0.197542 0.0725301 0.31884 9.9982E-05 9.9982E-05 0.0469633 0.363925
0.129014 0.053573 0.1913 9.9991E-05 0.0190529 0.0579012 0.549059
0.327504 0.00987626 0.114567 0.0362913 0.0456421 0.0717843 0.394335
0.196459 0.142464 0.196719 0.0167136 9.9991E-05 0.0909663 0.356578
0.214095 9.9991E-05 0.152679 0.353631 0.109612 0.00607425 0.163809
0.0650879 9.9982E-05 0.243027 0.137929 0.0403814 9.9982E-05 0.513374
0.102616 0.0976577 0.146764 0.0448087 0.00282535 0.0644199 0.540908
0.132164 0.072451 0.0974505 0.129228 0.0217568 0.0319662 0.514983
0.214809 0.037691 0.336703 9.9973E-05 9.9973E-05 9.9973E-05 0.410497
0.21032 9.9982E-05 0.151776 0.0639198 9.9982E-05 0.07404 0.499744
0.222153 0.22651 0.401695 9.9973E-05 9.9973E-05 9.9973E-05 0.149343
0.131842 0.00391046 0.165415 9.9991E-05 0.0689091 0.032576 0.597247
0.332473 0.22372 0.197257 9.9982E-05 9.9982E-05 0.0169135 0.229437
9.9982E-05 0.0150889 0.742673 0.111367 0.0822384 0.0484321 9.9982E-05
9.9973E-05 9.9973E-05 0.0832068 0.00117481 0.813189 9.9973E-05 0.102129
9.9955E-05 9.9955E-05 0.017983 9.9955E-05 0.981517 9.9955E-05 9.9955E-05
9.9955E-05 9.9955E-05 9.9955E-05 9.9955E-05 0.961347 0.0381533 9.9955E-05
0.00693877 9.9964E-05 9.9964E-05 9.9964E-05 0.980371 9.9964E-05 0.0122908
0.00708695 9.9982E-05 0.00471607 9.9982E-05 0.895132 0.0248387 0.0680268
9.9964E-05 9.9964E-05 9.9964E-05 9.9964E-05 0.888385 0.0218551 0.0893597
9.9964E-05 9.9964E-05 0.0316664 9.9964E-05 0.960335 0.00759908 9.9964E-05
0.0210284 9.9973E-05 0.182984 9.9973E-05 0.771787 0.0239008 9.9973E-05
0.0379811 9.9973E-05 0.833952 0.0225953 9.9973E-05 0.105172 9.9973E-05
9.9973E-05 9.9973E-05 0.738844 9.9973E-05 0.126497 0.0897065 0.0446522
0.0714872 9.9982E-05 0.786513 0.0266074 9.9982E-05 0.110111 0.00508175
9.9982E-05 0.0532681 0.731767 9.9982E-05 0.117022 0.0587519 0.0389917
0.0495802 9.9964E-05 0.913282 9.9964E-05 9.9964E-05 9.9964E-05 0.0367381
0.0138278 0.0158505 0.849573 9.9982E-05 0.0850144 0.0355346 9.9982E-05
0.162774 9.9991E-05 0.646379 0.0404199 0.0149808 0.107285 0.028061
0.0800733 0.0296713 0.795964 9.9982E-05 9.9982E-05 0.0575128 0.0365783
0.024159 9.9991E-05 0.666654 0.0360214 0.0881112 0.0600494 0.124905
0.0687029 9.9973E-05 0.876333 0.0182752 9.9973E-05 0.0363891 9.9973E-05
9.9982E-05 0.0115191 0.920455 9.9982E-05 0.0136997 0.0292872 0.0248394
0.0406861 0.00332625 0.821685 0.0607991 0.0270296 0.0438319 0.00264245
0.00672722 9.9973E-05 0.926296 9.9973E-05 0.0451444 0.0215325 9.9973E-05
0.0344205 9.9973E-05 0.815383 9.9973E-05 9.9973E-05 0.101806 0.0480908
0.047337 9.9991E-05 0.7562 0.00832982 0.00134286 0.114739 0.0719509
0.115628 9.9973E-05 0.798901 9.9973E-05 9.9973E-05 0.0480045 0.0371672
0.141149 9.9973E-05 0.753653 9.9973E-05 9.9973E-05 0.0161737 0.0887245
0.115695 9.9973E-05 0.710332 9.9973E-05 9.9973E-05 0.0774551 0.096218
0.0678299 9.9973E-05 0.674564 9.9973E-05 9.9973E-05 0.14761 0.109696
0.0345595 0.253849 0.120463 0.0696059 0.0952777 9.9991E-05 0.426145
9.9991E-05 0.103652 0.0617959 0.0672844 0.03384 0.0509473 0.68238
0.0942113 0.103875 0.0670712 0.0587406 0.0842167 0.0256142 0.566271
9.9991E-05 0.698157 0.0611864 0.00889863 0.0386907 0.0104491 0.182518
9.9982E-05 0.158026 0.0671666 0.0270634 0.155629 9.9982E-05 0.591916
0.0432268 0.670471 0.117467 9.9982E-05 9.9982E-05 0.00318868 0.165446
0.00781597 0.188387 0.128622 9.9991E-05 0.017483 0.00938029 0.648212
9.9991E-05 0.190894 0.0915693 0.113115 0.152114 0.0278375 0.42437
9.9991E-05 0.132795 0.0832035 0.137899 0.0771664 0.0182593 0.550577
0.0034031 0.0171448 0.0133526 0.389709 0.0269526 9.9991E-05 0.549338
9.9991E-05 0.168665 0.0543476 0.0883118 0.173604 0.0336571 0.481315
0.00251324 0.269834 0.042777 0.000652951 0.00170103 0.0208347 0.661687
9.9982E-05 0.14062 0.0664485 9.9982E-05 0.111111 0.0549711 0.62665
0.0524411 0.189016 9.9982E-05 0.266501 0.464718 9.9982E-05 0.0271242
9.9973E-05 0.856324 0.0165471 9.9973E-05 0.102361 9.9973E-05 0.0244678
9.9973E-05 0.695424 0.0520633 9.9973E-05 0.054463 9.9973E-05 0.19775
0.0447661 0.138242 0.0872697 9.9991E-05 0.0184475 0.057891 0.653284
0.0590672 0.180301 0.0949338 0.0145132 0.106959 9.9991E-05 0.544126
9.9973E-05 0.319133 0.109498 9.9973E-05 9.9973E-05 0.00432463 0.566745
9.9982E-05 0.0977138 0.025869 0.130485 9.9982E-05 0.091595 0.654137
0.112416 0.159178 0.143009 9.9991E-05 0.0432823 0.0506411 0.491373
