0.0172589 0.0413116 0.00836218 9.9982E-05 0.0215476 0.91132 9.9982E-05
9.9973E-05 0.0164606 9.9973E-05 0.0307505 9.9973E-05 0.915518 0.0369714
0.0374443 0.0420672 9.9982E-05 0.00522819 0.119373 0.795687 9.9982E-05
0.084902 0.107467 9.9982E-05 9.9982E-05 0.033812 0.771067 0.00255191
0.0486708 9.9973E-05 9.9973E-05 9.9973E-05 0.0482709 0.89887 0.00388862
0.101021 0.0405742 0.254341 0.00539683 0.0342823 0.564285 9.9991E-05
9.9964E-05 0.0536335 0.175922 9.9964E-05 9.9964E-05 0.770044 9.9964E-05
0.0183716 0.0769265 0.163961 9.9973E-05 9.9973E-05 0.740441 9.9973E-05
9.99729E-05 0.0390268 9.99729E-05 0.0932874 9.99729E-05 0.844636 0.0227499
0.0863522 0.0574461 0.139031 9.9991E-05 0.0264694 0.658357 0.0322441
9.9973E-05 0.0965604 0.173041 9.9973E-05 0.00280006 0.727298 9.9973E-05
0.108482 0.493719 0.00128924 0.198146 0.198163 9.9982E-05 9.9982E-05
0.106209 0.301203 9.9991E-05 0.0333027 0.52516 0.00253375 0.0314921
0.0856315 0.39916 0.0446975 0.102401 0.243524 0.0285453 0.0960403
0.123093 0.279234 0.0152706 0.128773 0.352749 0.0226898 0.0781907
0.0918436 0.252841 0.100708 0.035738 0.415781 0.102989 9.9991E-05
0.0315391 0.130805 0.0423288 0.0620983 0.561372 0.10629 0.065567
0.0746394 0.246247 0.111656 0.144964 0.412982 9.9991E-05 0.00941208
0.137571 0.305669 0.00511326 0.168305 0.29015 0.0811993 0.0119928
0.0792553 0.572644 0.19116 0.107905 9.9982E-05 9.9982E-05 0.0488354
9.999E-05 0.210743 0.00425756 0.166494 0.475041 0.0487141 0.0946508
0.0664784 0.159421 0.167124 0.0904221 0.416927 9.9991E-05 0.0995274
0.00270712 0.240832 9.9991E-05 0.0680407 0.577312 0.0295533 0.0814545
0.14893 0.368269 0.0746303 0.135003 0.241076 9.9991E-05 0.031993
0.0226352 9.9982E-05 0.0551989 0.114191 0.700418 0.107357 9.9982E-05
0.00647192 0.229858 0.0256501 0.0609831 0.575972 0.0483799 0.0526846
0.0658231 0.414852 0.0371067 0.171166 0.211525 0.0365578 0.0629692
0.165266 0.391652 0.0739076 0.122429 0.20619 0.0404546 9.9991E-05
9.9982E-05 0.440934 9.9982E-05 0.114131 0.257578 0.0331182 0.154039
0.0123597 9.9964E-05 9.9964E-05 9.9964E-05 0.138053 0.849187 9.9964E-05
9.9955E-05 9.9955E-05 9.9955E-05 9.9955E-05 0.145524 0.853976 9.9955E-05
0.0792421 9.9973E-05 9.9973E-05 0.043587 0.102398 0.774473 9.9973E-05
0.11699 9.9973E-05 9.9973E-05 0.115646 0.0889724 0.678092 9.9973E-05
9.999E-05 0.0639572 0.0984307 0.245812 0.552365 0.0281739 0.0111618
0.126982 0.101474 0.0382263 0.244835 0.465618 0.0226724 0.000192558
0.043457 0.0221565 9.9982E-05 0.371206 0.512536 0.0504442 9.9982E-05
0.0264116 0.570057 9.9991E-05 0.0783603 0.184744 0.0700521 0.0702743
0.0750462 0.0302341 9.9991E-05 0.578443 0.222843 0.0583581 0.0349758
0.0737106 0.0690806 9.9991E-05 0.28161 0.439531 0.0574223 0.0785455
9.9973E-05 9.9973E-05 0.105517 0.219166 0.632994 0.042023 9.9973E-05
9.9991E-05 0.0279152 0.289526 0.0600048 0.561252 0.0592412 0.00196087
9.999E-05 0.0814276 0.108512 0.145122 0.543237 0.116478 0.00512185
9.9982E-05 0.0986177 0.050082 0.736121 0.109255 0.00572472 9.9982E-05
0.0348195 9.9991E-05 0.222109 0.117544 0.576104 0.0308784 0.0184447
0.0876125 9.9982E-05 0.164534 0.204024 0.53679 9.9982E-05 0.00683909
0.0566561 9.9991E-05 0.0503952 0.116786 0.617102 0.119257 0.0397034
9.9973E-05 9.9973E-05 0.0210522 0.53977 0.341195 9.9973E-05 0.0976832
0.0484047 9.9982E-05 0.00144346 0.382461 0.56481 0.00268153 9.9982E-05
0.0647792 0.0199574 0.138911 0.121205 0.547642 0.0792188 0.0282863
9.9973E-05 9.9973E-05 0.162234 0.612313 9.9973E-05 0.0678332 0.15732
9.9982E-05 0.428546 0.130564 0.238645 0.187099 9.9982E-05 0.014945
0.0742558 0.173327 0.320704 0.268485 9.9982E-05 9.9982E-05 0.163029
0.0759705 0.116556 0.106975 0.0409608 0.586898 0.0725395 9.9991E-05
0.172606 0.0931885 0.178184 0.0588701 0.496952 9.9982E-05 9.9982E-05
0.0672091 0.0640252 0.130849 0.12505 0.533024 0.0797419 9.9991E-05
9.9982E-05 0.293002 0.156215 0.274882 0.158488 0.117213 9.9982E-05
9.9982E-05 0.213455 0.0899688 0.0943752 0.504841 9.9982E-05 0.0971592
0.0826296 0.178843 0.100424 0.0278025 0.533356 0.0462303 0.0307136
9.9991E-05 0.150133 0.196731 0.14164 0.310556 0.136269 0.0645705
0.102836 0.330524 0.112641 0.205093 0.0205374 0.168915 0.0594537
0.0343883 0.238728 0.0398626 0.12617 0.471108 0.0603161 0.0294276
0.0540766 0.257802 9.9991E-05 0.0639337 0.420794 0.085166 0.118128
9.9991E-05 0.496188 0.134089 0.234168 0.0466106 0.0661394 0.0227039
0.022723 0.240067 0.0769598 0.0803742 0.551158 0.00854265 0.0201758
0.0116071 0.0180534 0.149742 9.9991E-05 0.647322 0.0361998 0.136976
0.00968915 0.0551702 0.133282 0.0645944 0.610434 0.074523 0.0523078
0.0194439 0.232404 0.115538 0.199539 0.295467 0.0652727 0.0723337
0.0399483 0.15752 0.131766 0.150901 0.456714 0.0123629 0.0507875
0.0137788 0.231122 0.0633164 0.000967814 0.605411 0.0261108 0.0592928
9.9982E-05 0.354361 0.139846 0.150723 0.198581 9.9982E-05 0.156288
9.9973E-05 0.0595383 0.0543407 0.383774 0.502047 9.9973E-05 9.9973E-05
9.9973E-05 0.0550538 9.9973E-05 0.739018 0.201375 0.00425266 9.9973E-05
0.111862 0.114702 0.10722 0.135897 0.504745 9.9991E-05 0.0254733
9.9964E-05 9.9964E-05 0.0936123 0.899786 9.9964E-05 9.9964E-05 0.00620222
9.9982E-05 0.00513366 0.0503885 0.836806 9.9982E-05 0.00249581 0.104976
9.9955E-05 9.9955E-05 9.9955E-05 0.734562 0.264938 9.9955E-05 9.9955E-05
9.9982E-05 0.0112753 0.0476641 0.419475 0.445992 0.0753935 9.9982E-05
9.9982E-05 0.0760581 9.9982E-05 0.135127 0.593635 0.097769 0.0972104
0.0123234 0.0744016 9.9982E-05 0.411748 0.479603 0.021724 9.9982E-05
0.025617 0.195611 9.9982E-05 0.611109 0.157182 0.0102807 9.9982E-05
9.9982E-05 0.256417 9.9982E-05 0.442617 0.271678 0.0221605 0.00692753
0.118349 0.056157 9.9982E-05 0.183884 0.555226 0.0861836 9.9982E-05
9.9991E-05 0.0854187 0.00911236 0.53252 0.318361 0.027278 0.0272097
9.9982E-05 0.0664875 0.0424248 0.408167 0.44757 0.035151 9.9982E-05
9.9973E-05 9.9973E-05 0.0779195 0.510163 0.36708 9.9973E-05 0.0445374
0.0328568 9.99795E-05 0.126787 0.673132 9.99795E-05 9.99795E-05 0.166924
0.0566394 9.9982E-05 0.116089 0.271925 0.515915 0.0392317 9.9982E-05
0.0546894 0.105926 9.9973E-05 9.9973E-05 0.0713089 0.767776 9.9973E-05
9.9955E-05 9.9955E-05 9.9955E-05 9.9955E-05 0.093132 0.906368 9.9955E-05
0.00663873 0.0146979 9.9973E-05 9.9973E-05 0.122829 0.855535 9.9973E-05
9.9964E-05 9.9964E-05 0.0463692 9.9964E-05 0.0458571 0.907374 9.9964E-05
9.9964E-05 9.9964E-05 9.9964E-05 0.0272154 0.0940552 0.87833 9.9964E-05
9.9964E-05 9.9964E-05 9.9964E-05 9.9964E-05 0.067762 0.893546 0.0382921
9.9964E-05 9.9964E-05 0.00578131 9.9964E-05 0.0787412 0.915078 9.9964E-05
0.0965833 0.0457298 0.0676258 0.223 0.455309 0.0660042 0.045748
0.0542533 0.00958105 0.0676829 0.208399 0.561605 0.0585634 0.0399149
9.9982E-05 0.0673951 9.9982E-05 0.850272 0.0285232 0.0468591 0.00675104
0.086941 0.0629885 0.0596401 0.296173 0.414585 0.0795724 9.9991E-05
9.9973E-05 0.0813434 9.9973E-05 0.42342 0.413604 0.081333 9.9973E-05
0.00110596 0.0264516 9.9991E-05 0.27328 0.635244 0.0495667 0.0142515
0.0411472 9.9991E-05 0.0156842 0.318669 0.520404 0.0292015 0.0747944
0.0552368 9.9973E-05 9.9973E-05 0.411753 0.453755 9.9973E-05 0.0789555
9.9964E-05 0.166353 9.9964E-05 0.788807 9.9964E-05 0.0444405 9.9964E-05
0.0265662 9.9991E-05 0.0172644 0.253321 0.551992 0.135596 0.0151604
9.9991E-05 0.0167729 0.0190634 0.182516 0.631248 0.0965445 0.0537561
0.101235 0.137421 0.0437643 0.0837394 0.502495 0.0762038 0.0551405
0.0550462 9.9973E-05 0.182348 0.559848 0.202457 9.9973E-05 9.9973E-05
9.9973E-05 9.9973E-05 9.9973E-05 0.349336 0.541186 0.0100522 0.0991261
0.00824434 0.0621797 0.0195902 0.457644 0.426012 0.0262298 9.9991E-05
0.125044 9.9973E-05 9.9973E-05 0.671222 0.201196 9.9973E-05 0.00223839
9.9973E-05 0.138532 9.9973E-05 0.324113 0.448755 0.0883005 9.9973E-05
0.0618871 0.0557376 9.9991E-05 0.222678 0.496228 0.159342 0.00402793
9.9991E-05 0.286358 0.0706955 0.147613 0.251998 0.0407766 0.202458
0.101457 0.247263 0.125306 0.145317 0.305992 0.0683004 0.00636424
0.0673255 0.0682446 9.9991E-05 0.0607005 0.534037 0.109752 0.15984
0.0699514 0.0312546 9.9991E-05 0.100768 0.568605 0.160474 0.0688472
9.9982E-05 0.35147 0.0125232 9.9982E-05 0.484666 0.0233353 0.127805
0.0295908 0.184862 0.00815736 0.0279479 0.617584 0.00207133 0.129787
9.9982E-05 0.391011 9.9982E-05 0.0186914 0.519166 0.02872 0.0422111
9.9991E-05 0.186071 0.0943639 0.0883207 0.543502 0.0336397 0.0540024
0.05332 0.121052 0.180433 9.9991E-05 0.546936 0.0203174 0.0778414
9.9991E-05 0.124657 0.0649338 0.0954735 0.579636 0.0573918 0.0778074
9.9973E-05 0.312021 9.9973E-05 0.0188937 0.567138 9.9973E-05 0.101648
9.9991E-05 0.0329904 0.121637 0.00914013 0.645653 0.0693494 0.12113
0.00211216 0.0225048 0.0635073 0.0657813 0.612643 0.105012 0.12844
0.00390364 0.187718 9.9982E-05 0.0393658 0.623472 9.9982E-05 0.145341
0.144082 0.146307 9.9991E-05 0.0345077 0.46901 0.0892588 0.116735
0.099398 0.147393 0.0575537 9.9982E-05 0.569972 9.9982E-05 0.125483
9.9982E-05 0.250943 0.142279 9.9982E-05 0.4149 0.111235 0.0804432
9.9973E-05 0.196324 0.104289 0.0334201 0.665667 9.9973E-05 9.9973E-05
0.0274553 0.123484 0.00154766 9.9991E-05 0.600512 0.036098 0.210803
0.10537 0.390993 0.0881095 0.143362 0.197921 9.9991E-05 0.0741448
0.0598682 0.280585 0.318902 0.0184084 0.169411 9.9991E-05 0.152725
9.9991E-05 0.166723 0.0240997 0.126131 0.561369 0.0237656 0.097812
0.0310055 0.330219 0.2014 0.190274 0.0413906 9.9991E-05 0.20561
0.000154525 0.342209 9.9991E-05 0.157648 0.33349 0.0382707 0.128128
9.9991E-05 0.298595 0.0736129 0.180396 0.421217 0.000933768 0.0251454
9.9973E-05 0.417993 9.9973E-05 0.223257 0.331129 0.0273213 9.9973E-05
0.0763709 0.440136 0.0433763 0.122089 0.255961 9.9991E-05 0.0619666
0.023214 0.0813988 0.00229375 0.157871 0.620405 0.0629118 0.0519058
0.0967584 0.103588 9.9991E-05 0.0838751 0.483168 0.0916624 0.140847
9.9982E-05 0.238212 9.9982E-05 0.0812381 0.576954 0.0436568 0.0597387
0.059186 0.369193 0.194785 0.164652 0.094706 9.9991E-05 0.117377
0.0737622 0.139553 0.115572 0.122172 0.417645 0.115354 0.0159427
0.0128038 0.0729147 0.236156 0.159391 0.483579 0.000782913 0.0343725
9.9982E-05 0.156012 0.410674 0.130326 9.9982E-05 0.0971188 0.20567
9.9991E-05 0.0328797 0.14568 0.0133859 0.638643 0.0687088 0.100603
0.0202368 0.1329 0.231619 0.171899 0.298981 0.0933726 0.050992
0.065615 0.107715 0.160351 0.0497357 0.447053 0.0937789 0.0757519
9.9991E-05 0.112331 0.480156 0.0344106 0.310718 0.0336025 0.0286824
9.9991E-05 0.117572 0.411178 0.157545 0.14204 0.0470994 0.124465
0.00894772 0.0905715 0.122137 0.13557 0.400386 0.073738 0.168649
9.9982E-05 0.0634422 0.161326 9.9982E-05 0.476725 0.170108 0.128199
0.0976249 0.091895 0.0889288 0.174284 0.323295 0.102617 0.121355
0.156099 0.102838 0.278454 0.301661 9.9991E-05 0.0484992 0.112348
0.087533 0.17213 0.118659 0.0171089 0.508243 0.0756382 0.0206881
9.9982E-05 0.123408 0.350601 0.150846 0.364406 9.9982E-05 0.0105396
9.9982E-05 0.169987 0.170429 0.155037 0.430944 9.9982E-05 0.0734029
0.0336616 0.0149732 9.9991E-05 0.132777 0.58467 0.146445 0.0873728
0.225697 0.0133829 0.353649 9.9982E-05 0.103631 0.30344 9.9982E-05
0.136524 9.9973E-05 0.296248 9.9973E-05 9.9973E-05 0.524579 0.0423492
0.147039 9.9973E-05 0.316447 9.9973E-05 9.9973E-05 0.428835 0.107378
0.312665 0.0401749 0.196392 9.9982E-05 0.0806076 0.36996 9.9982E-05
9.9964E-05 9.9964E-05 0.373614 0.0103926 0.615594 9.9964E-05 9.9964E-05
0.0631341 0.156777 0.0653592 0.0928274 0.527067 0.0390211 0.0558139
0.687437 9.9964E-05 9.9964E-05 0.0133466 0.298817 9.9964E-05 9.9964E-05
0.438533 0.183497 9.9982E-05 0.0602194 0.284729 0.032822 9.9982E-05
0.411379 0.057583 0.0886146 0.0602913 0.333167 0.0488656 9.9991E-05
9.9982E-05 0.00969713 0.444611 0.0597573 0.32101 9.9982E-05 0.164724
0.0825425 9.9991E-05 0.22591 0.137538 0.424643 0.0154003 0.113865
9.9973E-05 9.9973E-05 0.572559 0.0336989 0.177623 9.9973E-05 0.215819
9.9991E-05 0.00775432 0.230212 0.065524 0.593978 0.00720724 0.0952243
0.00215841 0.0759927 0.237696 0.0215316 0.459247 9.9991E-05 0.203275
0.0879066 0.00315473 0.299628 0.0146515 0.528707 0.00650163 0.0594505
9.9982E-05 0.0608422 0.49983 0.184154 0.130425 9.9982E-05 0.12455
0.0595139 0.0373664 0.193987 0.0654456 0.643487 9.9982E-05 9.9982E-05
0.124346 0.0305152 0.196813 0.141231 0.506894 9.9982E-05 9.9982E-05
0.983982 9.9955E-05 9.9955E-05 0.0155182 9.9955E-05 9.9955E-05 9.9955E-05
0.848065 9.9964E-05 9.9964E-05 9.9964E-05 0.140438 9.9964E-05 0.0110967
0.586494 0.0347966 0.0589786 9.9982E-05 0.273876 0.0456552 9.9982E-05
0.663718 0.0108316 9.9964E-05 9.9964E-05 0.32505 9.9964E-05 9.9964E-05
0.80633 9.9964E-05 0.0604694 9.9964E-05 0.1328 9.9964E-05 9.9964E-05
0.9994 9.995E-05 9.995E-05 9.995E-05 9.995E-05 9.995E-05 9.995E-05
0.959167 0.000168039 0.0182655 9.9982E-05 9.9982E-05 0.0146403 0.00755879
0.766933 9.9964E-05 9.9964E-05 9.9964E-05 0.204233 9.9964E-05 0.0284339
0.948997 0.0145965 9.9964E-05 9.9964E-05 0.0360069 9.9964E-05 9.9964E-05
0.9994 9.995E-05 9.995E-05 9.995E-05 9.995E-05 9.995E-05 9.995E-05
0.9994 9.995E-05 9.995E-05 9.995E-05 9.995E-05 9.995E-05 9.995E-05
0.772988 0.00419243 9.9982E-05 0.0148755 0.200272 0.00747191 9.9982E-05
0.72694 0.0202909 9.9973E-05 9.9973E-05 0.198784 0.053686 9.9973E-05
0.928801 0.0240227 9.9964E-05 0.0467767 9.9964E-05 9.9964E-05 9.9964E-05
0.346431 0.133608 0.0671452 0.058462 0.323444 0.0708088 9.9991E-05
0.578142 0.0565231 9.9982E-05 0.0277246 0.299969 0.0374415 9.9982E-05
0.771151 0.0558739 9.9973E-05 9.9973E-05 0.146445 9.9973E-05 0.0262302
0.819119 9.9964E-05 9.9964E-05 9.9964E-05 0.122536 0.0579453 9.9964E-05
0.97114 9.9955E-05 9.9955E-05 9.9955E-05 0.0283602 9.9955E-05 9.9955E-05
0.857648 9.9964E-05 9.9964E-05 9.9964E-05 0.0933791 0.048573 9.9964E-05
0.9994 9.995E-05 9.995E-05 9.995E-05 9.995E-05 9.995E-05 9.995E-05
0.554042 0.0461704 9.9982E-05 9.9982E-05 0.317313 0.058042 0.024233
0.888904 0.0295851 9.9973E-05 0.030603 0.0506077 9.9973E-05 9.9973E-05
0.0364512 9.9973E-05 0.59646 9.9973E-05 9.9973E-05 0.312609 0.0541795
0.041516 0.0977824 0.271858 9.9991E-05 0.384902 0.161957 0.0418837
0.0537493 0.0601832 0.184953 0.0536051 0.365767 0.244353 0.0373886
0.113723 9.9991E-05 0.514142 0.0312989 0.119752 0.18325 0.0377336
0.0716668 9.9991E-05 0.23479 0.0210496 0.49269 0.148774 0.0309305
0.105123 9.9991E-05 0.367792 0.112984 0.152436 0.234463 0.0271024
0.0996811 0.0650488 0.223703 0.00535313 0.444168 0.153827 0.0082185
0.188836 9.9991E-05 0.425929 0.0542019 0.217388 0.0976341 0.0159114
0.191912 0.000168181 0.282713 9.9982E-05 0.379235 0.145772 9.9982E-05
0.176045 9.9973E-05 0.377663 9.9973E-05 0.339027 0.106965 9.9973E-05
0.105383 0.044923 0.105376 0.132605 0.396744 0.21487 9.9991E-05
9.9973E-05 0.0674565 0.0541835 9.9973E-05 0.0460207 0.832039 9.9973E-05
0.0454736 9.9982E-05 9.9982E-05 0.00438466 0.0283593 0.914146 0.00743684
9.9964E-05 0.0436587 9.9964E-05 0.0117454 9.9964E-05 0.944196 9.9964E-05
9.9973E-05 0.0322462 9.9973E-05 0.0214486 0.00350667 0.942499 9.9973E-05
0.00356052 0.0463167 0.0376455 9.9982E-05 0.0357709 0.876506 9.9982E-05
0.06531 9.9964E-05 9.9964E-05 9.9964E-05 9.9964E-05 0.900837 0.0334527
0.0711342 0.0414173 9.9973E-05 9.9973E-05 0.0182525 0.868896 9.9973E-05
9.9973E-05 9.9973E-05 0.00227251 0.0028633 9.9973E-05 0.881986 0.112578
0.00353874 9.9982E-05 9.9982E-05 0.0393416 0.00812077 0.880744 0.0680547
0.0747031 9.9973E-05 0.0887655 9.9973E-05 0.00873264 0.827499 9.9973E-05
9.9973E-05 0.234655 9.9973E-05 0.0654918 9.9973E-05 0.579745 0.119808
0.0109484 0.257107 9.9973E-05 0.136632 9.9973E-05 0.595013 9.9973E-05
9.9982E-05 0.284934 0.0511799 0.0676607 9.9982E-05 0.516337 0.0796892
9.9982E-05 0.270226 0.0202586 0.115199 9.9982E-05 0.527782 0.066334
9.9982E-05 0.11702 9.9982E-05 0.265346 0.541118 0.0440004 0.032316
0.0333091 0.0298027 9.9991E-05 0.285989 0.511169 0.051044 0.0885857
9.9973E-05 0.211603 0.0180823 0.216427 0.553587 9.9973E-05 9.9973E-05
9.9982E-05 0.183775 0.115888 0.26045 0.430027 0.00966014 9.9982E-05
0.0591541 0.553368 0.0278401 0.062467 0.223494 9.9991E-05 0.0735765
0.0677469 9.9991E-05 0.0182944 0.215303 0.598403 0.06317 0.0369831
9.9973E-05 0.103796 9.9973E-05 0.336326 0.541653 9.9973E-05 0.0179245
9.9973E-05 0.070723 0.177321 0.272667 0.478989 9.9973E-05 9.9973E-05
0.0320259 0.0345166 0.0421947 0.513627 0.328573 9.9991E-05 0.0489638
9.9991E-05 0.111088 0.007045 0.157359 0.705922 0.0143623 0.00412479
9.9964E-05 0.139176 9.9964E-05 0.436338 0.424085 9.9964E-05 9.9964E-05
9.9964E-05 0.0907458 9.9964E-05 0.656263 9.9964E-05 9.9964E-05 0.252592
0.0530824 0.201747 0.0212093 0.174733 0.492076 0.0570524 9.9991E-05
0.0355998 0.0429449 0.130911 0.499622 0.214933 9.9991E-05 0.0758889
0.00167011 0.0344345 0.0158772 0.337125 0.4955 9.9991E-05 0.115293
9.9973E-05 0.218307 9.9973E-05 0.691339 0.0814427 0.00861087 9.9973E-05
9.9964E-05 0.728595 0.141084 9.9964E-05 9.9964E-05 0.12992 9.9964E-05
9.9982E-05 0.698462 0.115253 9.9982E-05 0.0793355 0.0978098 0.00893985
9.9982E-05 0.859663 0.0247995 9.9982E-05 0.0131253 0.0765364 0.0256756
9.9982E-05 0.757672 0.0273735 0.0723255 9.9982E-05 0.141245 0.00118379
0.0142747 0.802673 0.157474 9.9973E-05 0.0252792 9.9973E-05 9.9973E-05
0.11295 0.805305 9.9973E-05 9.9973E-05 0.0176978 0.0637469 9.9973E-05
9.9964E-05 9.9964E-05 9.9964E-05 0.0163525 0.0755333 0.907714 9.9964E-05
0.0310284 0.0733121 9.9973E-05 9.9973E-05 0.0704937 0.824866 9.9973E-05
0.166068 0.0426615 0.0191415 9.9991E-05 0.0590472 0.711239 0.00174277
0.128916 0.0666777 9.9973E-05 9.9973E-05 0.0311358 0.772971 9.9973E-05
0.0625238 0.0375928 9.9982E-05 0.0469785 0.0730196 0.779685 9.9982E-05
9.9973E-05 0.556419 0.0557919 0.00793039 9.9973E-05 0.379559 9.9973E-05
9.9982E-05 0.420539 0.0436758 0.0171618 9.9982E-05 0.475491 0.0429327
9.9973E-05 0.450003 9.9973E-05 0.023664 9.9973E-05 0.426588 0.0994451
9.9964E-05 0.018614 9.9964E-05 9.9964E-05 0.144727 0.836259 9.9964E-05
9.9973E-05 0.449173 9.9973E-05 0.129818 9.9973E-05 0.401976 0.0187328
0.323837 0.0092649 0.0699105 9.9991E-05 0.296506 0.244125 0.0562563
0.218216 0.0606259 9.9991E-05 0.0915429 0.505931 0.110005 0.0135782
0.19444 9.9973E-05 0.0107717 9.9973E-05 0.569983 0.224505 9.9973E-05
0.206548 0.00439906 0.126962 0.0410772 0.312122 0.236412 0.0724798
0.119753 0.0338153 0.148688 9.9982E-05 0.538617 0.158928 9.9982E-05
0.310625 9.9973E-05 0.252339 9.9973E-05 9.9973E-05 0.408708 0.0280277
9.9982E-05 0.347762 9.9982E-05 0.0702881 0.439875 0.0207434 0.121132
9.9982E-05 0.162831 0.251845 0.145844 0.339164 9.9982E-05 0.100116
0.00847255 0.498307 0.00659209 0.0611103 0.272466 0.0821627 0.0708894
9.9982E-05 0.146278 0.00948076 0.0966265 0.460714 9.9982E-05 0.286701
9.9973E-05 0.140579 0.149498 0.250507 9.9973E-05 9.9973E-05 0.459116
0.0858202 0.0918441 0.168586 0.0289271 0.501937 0.0852103 0.0376757
9.9982E-05 0.147634 0.14552 0.0480892 0.491264 9.9982E-05 0.167292
9.9982E-05 0.452484 9.9982E-05 0.0138103 0.379122 0.0584798 0.0959038
0.0697209 0.152946 0.0816696 0.0728756 0.567823 0.0548651 9.9991E-05
9.9982E-05 0.287813 0.236412 0.256263 0.0789266 9.9982E-05 0.140386
0.0426403 0.176735 0.156438 0.153463 0.398512 9.9991E-05 0.0721123
9.9973E-05 0.28147 0.103981 0.085897 0.528352 9.9973E-05 9.9973E-05
0.232238 0.125843 0.0972126 0.167818 0.271751 0.105037 9.9991E-05
9.9982E-05 0.290222 0.0519674 0.0387245 0.361612 9.9982E-05 0.257275
0.0142817 0.318218 0.0339842 0.0656597 0.444575 9.9991E-05 0.123182
0.168667 0.0281621 0.104115 0.190653 0.344308 0.00462422 0.159472
9.9982E-05 0.215775 0.102254 0.135052 0.51781 9.9982E-05 0.0289097
9.9991E-05 0.139346 0.019667 0.0699057 0.647355 0.0343271 0.0893
0.0462464 0.15802 9.9991E-05 0.0199578 0.523678 0.0555514 0.196446
0.0391627 0.153583 0.0355447 0.0420433 0.563147 0.0792591 0.0872606
0.103501 9.9964E-05 9.9964E-05 9.9964E-05 0.126454 0.769645 9.9964E-05
0.0375483 9.9973E-05 9.9973E-05 9.9973E-05 0.0790416 0.840989 0.0421211
9.9982E-05 0.0259727 0.0318024 9.9982E-05 0.108413 0.763016 0.0705963
0.00507753 0.0101276 9.9991E-05 0.0783358 0.0501982 0.84184 0.0143209
9.9964E-05 9.9964E-05 0.0716954 9.9964E-05 0.08532 0.842585 9.9964E-05
0.0237504 0.575778 0.0923207 0.116128 0.191823 9.9982E-05 9.9982E-05
0.0509143 0.100432 0.0797564 0.0843301 0.461012 0.0491107 0.174444
0.112903 0.00138897 0.0891572 0.0828876 0.477321 0.236243 9.9991E-05
0.0457742 0.194002 0.0443518 0.0121071 0.647777 9.9991E-05 0.0558878
9.9982E-05 0.244211 9.9982E-05 0.0856764 0.50571 0.0566455 0.107557
0.065934 0.309199 0.211289 9.9982E-05 0.252927 9.9982E-05 0.16045
9.9982E-05 0.541046 0.115636 0.170799 9.9982E-05 0.132253 0.0400668
0.0142824 0.295617 0.0189207 0.00655629 0.556799 9.9991E-05 0.107725
0.0429783 0.488866 0.000732166 0.00448295 0.185329 0.102185 0.175427
0.0464413 0.162477 0.0737049 0.0532163 0.489003 0.0271335 0.148023
9.9973E-05 0.50341 9.9973E-05 9.9973E-05 0.171145 0.107757 0.217389
9.9982E-05 0.147538 0.0771488 0.0403794 0.673579 0.061154 9.9982E-05
9.9991E-05 0.562008 0.0837361 0.0232499 0.212541 0.0534096 0.0649553
0.0703992 0.351443 0.113506 0.011935 0.343769 9.9991E-05 0.108847
0.0245953 0.0662722 0.228188 0.055298 0.478877 0.0454774 0.101293
9.9973E-05 0.161137 0.518033 9.9973E-05 0.275076 9.9973E-05 0.0454539
9.9991E-05 0.0608863 0.291542 0.0450695 0.548904 0.0499864 0.00351239
9.9982E-05 0.0558008 0.0708631 9.9982E-05 0.575188 0.0830531 0.214895
9.9982E-05 0.0451566 0.457947 0.014891 0.335149 9.9982E-05 0.146656
0.0824788 0.0496026 0.239484 0.0730468 0.423981 0.106027 0.025379
9.9982E-05 9.9982E-05 0.24735 0.0257445 0.54497 0.0432164 0.138519
9.9982E-05 0.076213 0.621741 0.0533012 0.0575828 9.9982E-05 0.190962
9.9982E-05 0.0132352 0.660889 0.0740636 0.194731 9.9982E-05 0.0568807
0.00126667 0.0469541 0.382826 9.9982E-05 0.515533 9.9982E-05 0.0532195
9.9982E-05 0.160334 0.472584 0.144306 0.110188 9.9982E-05 0.112389
9.9973E-05 0.0863772 0.391744 0.0973979 0.424181 9.9973E-05 9.9973E-05
0.0400077 0.590939 0.0189969 0.156401 0.0942648 0.011087 0.0883038
0.0133788 0.29159 9.9982E-05 0.131103 0.255003 9.9982E-05 0.308725
0.0127477 0.371496 9.9982E-05 9.9982E-05 0.402562 0.0359976 0.176997
0.055681 0.157136 0.0712103 0.0270728 0.679785 9.9991E-05 0.00901547
9.9973E-05 0.464524 0.0585243 0.230246 0.246405 9.9973E-05 9.9973E-05
0.129114 0.142812 0.106748 9.9991E-05 0.467053 0.0429376 0.111237
0.161402 0.229495 0.0163247 0.0148277 0.495418 0.0119157 0.0706164
0.0402194 0.249681 9.9982E-05 0.105568 0.515276 9.9982E-05 0.089056
0.0299455 0.227491 0.00099597 0.0232619 0.434596 0.0965606 0.187149
0.0826265 0.284954 0.0978242 0.172914 0.36038 9.9991E-05 0.00120092
0.0518413 0.530383 9.9982E-05 0.137087 0.272814 9.9982E-05 0.00767479
0.110194 0.434065 9.9973E-05 9.9973E-05 0.295196 9.9973E-05 0.160245
0.0131652 0.160296 9.9982E-05 0.071559 0.649599 9.9982E-05 0.10518
0.0282526 0.183505 0.0896941 9.9991E-05 0.598152 0.0780235 0.0222733
9.9991E-05 0.24638 0.0572623 0.105382 0.418427 0.0607159 0.111732
0.0645348 0.207136 9.9982E-05 0.0317809 0.574211 9.9982E-05 0.122138
0.0474792 0.40498 0.145482 0.0239212 0.361313 0.0167247 9.9991E-05
0.0399987 0.266383 9.9982E-05 0.0599105 0.626771 0.00673699 9.9982E-05
0.0148095 0.231123 0.0572745 9.9991E-05 0.560299 0.0706487 0.065746
0.0116726 0.0507013 9.9982E-05 9.9982E-05 0.637699 0.126913 0.172814
0.102869 9.9973E-05 0.141157 9.9973E-05 0.44069 0.314985 9.9973E-05
0.172438 0.0152234 0.0391702 0.113546 0.44978 0.209743 9.9991E-05
0.135429 9.9991E-05 0.186167 0.00495189 0.469868 0.187234 0.0162497
0.1505 0.0839003 0.137431 0.0124803 0.511803 0.0688621 0.0350235
0.216193 9.9991E-05 0.00736455 0.086784 0.413139 0.169998 0.106421
0.00743028 0.133081 0.164579 0.0286458 0.464941 9.9991E-05 0.201223
0.145899 0.0563279 0.0534741 0.0588937 0.453146 0.197612 0.0346481
0.154019 0.0203535 0.378404 0.185139 9.9991E-05 0.227037 0.0349478
0.190146 0.094849 0.0872719 0.102727 0.45629 0.0686171 9.9991E-05
0.141746 0.0162259 9.9991E-05 0.106792 0.49562 0.132216 0.1073
0.211954 0.0508183 9.9991E-05 0.115179 0.445125 0.115909 0.060915
0.165821 0.128755 0.121652 0.0880933 0.259126 0.147304 0.0892485
0.123231 9.9982E-05 0.160902 9.9982E-05 0.536034 0.152431 0.027202
0.174832 0.00806726 0.0985596 9.9991E-05 0.519073 0.13235 0.0670179
0.167123 9.9982E-05 0.172754 0.027285 9.9982E-05 0.486706 0.145932
0.143441 9.9982E-05 9.9982E-05 0.0915651 0.547893 0.189141 0.0277588
0.231144 9.9982E-05 0.107478 9.9982E-05 0.510365 0.148245 0.00256781
0.13258 9.9991E-05 0.0607939 0.0487118 0.533225 0.163953 0.0606357
0.196913 9.9973E-05 0.0972562 9.9973E-05 0.56217 0.143361 9.9973E-05
0.105588 0.0662986 0.198109 9.9982E-05 0.459227 0.170578 9.9982E-05
0.00129256 9.9982E-05 9.9982E-05 0.0784472 0.396494 0.0905806 0.432985
0.127613 0.128255 9.9982E-05 9.9982E-05 0.445548 0.0360421 0.262341
9.9973E-05 0.0822446 9.9973E-05 0.0266015 0.0332125 9.9973E-05 0.857642
9.9982E-05 0.0557573 0.0115547 0.0400512 9.9982E-05 0.00660608 0.885831
0.0569397 0.0884268 9.9982E-05 9.9982E-05 0.528802 0.0234448 0.302186
0.2539 9.9982E-05 0.0971956 9.9982E-05 0.472537 0.0972592 0.0789082
0.325115 9.9982E-05 0.0227249 9.9982E-05 0.274341 0.0979512 0.279669
0.293112 0.0324441 0.163087 0.0151574 0.163645 0.179843 0.152712
0.19514 9.9982E-05 0.0340468 9.9982E-05 0.350288 0.216706 0.20362
0.0986464 9.9982E-05 0.096295 9.9982E-05 0.050348 0.114611 0.639899
0.0701761 9.9973E-05 9.9973E-05 9.9973E-05 0.189431 0.0954627 0.644631
0.0861825 9.9964E-05 9.9964E-05 9.9964E-05 0.518965 9.9964E-05 0.394452
0.152229 9.9973E-05 9.9973E-05 9.9973E-05 0.369704 0.0324632 0.445303
0.0524392 9.9973E-05 9.9973E-05 9.9973E-05 0.211206 0.0652197 0.670835
0.100505 0.0417287 0.0363926 9.9991E-05 0.526242 0.0287197 0.266312
0.153037 0.00829532 0.0406212 0.0126136 0.462354 0.00780144 0.315277
0.192692 0.163394 9.9982E-05 0.0546045 0.42805 9.9982E-05 0.16106
9.9964E-05 0.0284476 9.9964E-05 9.9964E-05 0.359564 9.9964E-05 0.611589
0.0402536 0.0501917 0.0518749 0.0160917 0.337565 9.9991E-05 0.503923
9.9982E-05 0.0398186 0.0282229 9.9982E-05 0.542496 0.044856 0.344406
9.9991E-05 0.135448 0.0535461 0.009749 0.390934 0.0275155 0.382708
0.154918 0.175014 0.0590573 0.165146 0.337744 0.00563311 0.102488
9.9964E-05 9.9964E-05 0.0662472 9.9964E-05 0.495061 9.9964E-05 0.438292
9.9973E-05 0.115373 0.052779 9.9973E-05 0.224719 9.9973E-05 0.60683
9.9982E-05 9.9982E-05 0.0409634 0.0456783 0.558312 0.0764054 0.278441
9.9973E-05 0.0394768 9.9973E-05 0.084429 0.231175 9.9973E-05 0.644619
9.9964E-05 9.9964E-05 0.0923157 9.9964E-05 0.460058 9.9964E-05 0.447227
9.9982E-05 0.0313708 9.9982E-05 0.0647239 0.624644 0.0679903 0.211071
0.00800777 0.0675552 9.9982E-05 9.9982E-05 0.490085 0.0319106 0.402241
0.0693814 9.9982E-05 9.9982E-05 0.0725967 0.559721 0.212041 0.0860598
0.130812 0.0246493 0.0629587 0.0568091 0.371257 0.152669 0.200846
0.228729 0.0228749 0.121474 0.0197164 0.330696 0.199337 0.0771731
0.217756 0.0884251 0.102902 9.9991E-05 0.293401 0.124909 0.172507
0.0259679 0.140524 0.0182166 0.0312793 0.562618 0.221294 9.9991E-05
0.170873 9.9991E-05 0.0200914 0.0392854 0.422809 0.165175 0.181666
0.119711 9.9964E-05 9.9964E-05 9.9964E-05 9.9964E-05 0.189855 0.690034
0.228151 0.0730493 9.9982E-05 9.9982E-05 0.544363 0.0355609 0.118676
0.111552 9.9973E-05 0.0494228 9.9973E-05 9.9973E-05 0.352579 0.486147
0.17454 9.9973E-05 9.9973E-05 9.9973E-05 0.479994 0.0425874 0.302579
9.9964E-05 9.9964E-05 9.9964E-05 0.175367 0.0987866 9.9964E-05 0.725446
9.9964E-05 0.0170044 9.9964E-05 0.181647 9.9964E-05 9.9964E-05 0.800949
0.00749069 9.9973E-05 9.9973E-05 0.0271773 0.478393 9.9973E-05 0.48664
9.9955E-05 9.9955E-05 9.9955E-05 9.9955E-05 0.613413 9.9955E-05 0.386087
9.9973E-05 0.01662 9.9973E-05 0.00579436 0.450862 9.9973E-05 0.526423
9.9964E-05 9.9964E-05 9.9964E-05 0.110632 0.500583 9.9964E-05 0.388385
9.9955E-05 9.9955E-05 9.9955E-05 9.9955E-05 0.558946 9.9955E-05 0.440554
0.0390119 9.9982E-05 9.9982E-05 0.00325934 0.103415 0.802262 0.0518514
0.104313 0.123477 9.9973E-05 9.9973E-05 9.9973E-05 0.723462 0.0484477
0.108774 0.0537669 9.9964E-05 9.9964E-05 9.9964E-05 0.837059 9.9964E-05
9.9955E-05 9.9955E-05 9.9955E-05 9.9955E-05 0.069778 0.929722 9.9955E-05
0.0709774 0.00901746 9.9991E-05 0.328477 0.468249 0.0617764 0.0614024
0.0702345 0.10907 9.9982E-05 0.337472 0.421632 0.0613919 9.9982E-05
0.0144725 0.0113356 9.9982E-05 0.444406 0.502725 0.0268605 9.9982E-05
9.9973E-05 9.9973E-05 0.0619158 0.275219 0.571104 0.0914615 9.9973E-05
9.9982E-05 0.0639717 0.0541085 0.258717 0.494521 0.128482 9.9982E-05
9.9982E-05 0.104718 0.0893745 0.580604 0.219562 0.00554178 9.9982E-05
0.00563559 9.9973E-05 9.9973E-05 0.328977 0.623713 9.9973E-05 0.0413752
9.9973E-05 9.9973E-05 0.172742 0.462767 0.298282 9.9973E-05 0.0659085
0.150904 9.9982E-05 9.9982E-05 0.044138 0.48116 0.241632 0.0819656
0.035764 0.0321422 0.0332863 0.412432 0.388646 9.9991E-05 0.0976296
0.00546008 0.134796 9.9973E-05 0.534899 0.324545 9.9973E-05 9.9973E-05
0.0590843 9.9973E-05 9.9973E-05 0.338349 0.464172 9.9973E-05 0.138095
9.9973E-05 9.9973E-05 9.9973E-05 0.460292 0.430835 0.0299915 0.0785815
9.9982E-05 9.9982E-05 0.043607 0.323762 0.597693 0.00413235 0.030606
9.9973E-05 9.9973E-05 9.9973E-05 0.311988 0.583264 0.0587961 0.0456518
9.9964E-05 9.9964E-05 9.9964E-05 0.830024 0.0982901 9.9964E-05 0.0712864
0.00530781 0.0147122 9.9991E-05 0.62126 0.258421 0.0280831 0.0721165
0.0291223 0.0661076 9.9982E-05 0.611437 0.276824 0.0163086 9.9982E-05
9.9964E-05 9.9964E-05 0.0693907 0.85497 9.9964E-05 9.9964E-05 0.0752397
0.0348553 0.11375 9.9991E-05 0.365798 0.360997 0.0558218 0.0686781
0.0109635 9.9982E-05 0.236911 0.667663 0.0656417 9.9982E-05 0.0186208
9.9973E-05 9.9973E-05 0.0959343 0.797716 9.9973E-05 0.00665404 0.0993962
9.9982E-05 0.0622287 9.9982E-05 0.261574 0.638326 0.0282357 0.00943562
9.9982E-05 0.0793947 9.9982E-05 0.629191 0.237378 0.0455826 0.00825365
0.0837197 0.10913 9.9973E-05 0.453972 0.352879 9.9973E-05 9.9973E-05
0.0656706 0.0299543 9.9982E-05 0.264122 0.562625 0.0774283 9.9982E-05
0.0433255 0.0391114 9.9973E-05 0.343382 0.573881 9.9973E-05 9.9973E-05
0.0372586 0.190853 0.186462 0.0857104 0.387836 9.9991E-05 0.11178
0.0199575 0.061328 9.9982E-05 0.368136 0.511888 9.9982E-05 0.0384901
0.0224741 0.0954567 0.012349 0.366976 0.462185 0.0265687 0.0139904
9.9973E-05 0.0166959 0.0336926 0.711004 0.238308 9.9973E-05 9.9973E-05
9.9991E-05 0.127456 0.0443392 0.211494 0.499525 0.0656995 0.0513866
0.00378805 0.23061 0.113215 0.0296958 9.9982E-05 0.62249 9.9982E-05
9.9991E-05 0.0600079 0.000891721 0.130392 0.0362623 0.75191 0.0204364
9.9973E-05 0.119306 0.0408102 0.0294772 9.9973E-05 0.810107 9.9973E-05
9.9982E-05 0.134818 0.0544135 0.00328004 9.9982E-05 0.784284 0.0230043
9.9973E-05 0.170029 0.0919547 9.9973E-05 0.0435863 0.694131 9.9973E-05
0.0160524 0.154798 9.9982E-05 0.700681 0.103701 0.0245684 9.9982E-05
9.9982E-05 0.0864106 0.0319102 0.671879 0.114049 0.0955512 9.9982E-05
9.9964E-05 9.9964E-05 0.0462406 0.846931 0.106429 9.9964E-05 9.9964E-05
0.0293781 0.123039 9.9991E-05 0.155524 0.529329 0.116404 0.0462253
0.0358057 9.9973E-05 9.9973E-05 0.194328 0.642301 0.127266 9.9973E-05
0.0606081 9.9982E-05 0.0627352 0.657373 0.20224 0.0168443 9.9982E-05
0.0914003 0.0160834 0.0110922 0.351266 0.529958 9.9982E-05 9.9982E-05
0.0149198 0.0155277 0.0446539 0.475536 0.362313 0.0388148 0.0482343
9.9982E-05 0.0460987 9.9982E-05 0.372115 0.553433 0.0114884 0.0166649
0.0667091 9.9982E-05 0.0016023 0.314219 0.54753 0.0697401 9.9982E-05
0.0439731 0.0746446 0.0740498 0.639713 0.166211 0.00130825 9.9991E-05
9.9964E-05 0.0872934 9.9964E-05 0.589513 0.322794 9.9964E-05 9.9964E-05
0.00510259 0.128033 9.9973E-05 0.52382 0.342744 9.9973E-05 9.9973E-05
0.0159197 0.0383304 0.292391 9.9991E-05 0.526317 0.0816538 0.0452881
9.9982E-05 0.0506008 9.9982E-05 0.521637 0.360618 0.0614708 0.00547325
9.9982E-05 0.0812157 0.015688 0.363615 0.511268 9.9982E-05 0.028014
0.449601 0.0418419 9.9982E-05 0.0500619 0.436531 0.0217641 9.9982E-05
0.391477 0.0326619 9.9973E-05 9.9973E-05 0.402091 0.173471 9.9973E-05
0.419648 0.0358164 0.0661327 9.9982E-05 0.334208 0.143995 9.9982E-05
0.457152 9.9973E-05 0.128198 9.9973E-05 0.288721 0.125629 9.9973E-05
0.197651 0.0126569 0.102989 9.9991E-05 0.570936 0.0917285 0.0239391
9.9973E-05 9.9973E-05 0.193669 0.331088 0.461115 0.0138272 9.9973E-05
0.685103 0.0416789 0.0205704 9.9991E-05 0.0288609 0.210699 0.0129887
0.454596 0.0485307 9.9982E-05 0.0474101 0.297417 0.151846 9.9982E-05
0.111389 9.9982E-05 0.246879 0.0488308 0.429079 0.163622 9.9982E-05
9.9973E-05 0.0058435 0.296326 9.9973E-05 0.566157 0.131373 9.9973E-05
0.0297214 0.0404572 0.433231 0.0358748 0.371284 0.0893315 9.9991E-05
0.0455837 0.0687217 0.261989 0.0419107 0.560638 0.021057 9.9991E-05
9.9982E-05 0.0716165 0.179142 0.0519338 0.625753 0.0713543 9.9982E-05
0.414341 9.9973E-05 0.0296605 9.9973E-05 0.354359 0.20134 9.9973E-05
0.326289 0.0472345 0.00669946 0.0934613 0.426994 0.0992218 9.9991E-05
0.435753 9.9973E-05 0.0453246 9.9973E-05 0.473862 0.0447599 9.9973E-05
0.268271 0.048202 0.0910855 0.0503234 0.446398 0.0956206 9.9991E-05
0.533961 0.00390223 0.0439637 0.0467207 0.28301 0.0883418 9.9991E-05
0.301415 0.00704093 9.9991E-05 0.0609741 0.382199 0.177555 0.0707155
0.513047 9.9982E-05 9.9982E-05 0.028176 0.234054 0.143202 0.0813218
0.382614 0.115903 9.9991E-05 0.0420156 0.367229 0.079373 0.0127652
9.9973E-05 9.9973E-05 0.398794 0.022728 0.547788 0.0303903 9.9973E-05
0.324067 0.105357 0.0684164 9.9982E-05 0.359522 0.142438 9.9982E-05
0.640579 9.9973E-05 0.0225554 9.9973E-05 0.168111 0.168455 9.9973E-05
0.341219 0.0862582 9.9991E-05 0.0120397 0.311124 0.177385 0.0718745
9.9982E-05 0.237278 0.437813 0.0641413 0.165494 0.095074 9.9982E-05
0.0359831 0.0719195 0.323792 9.9973E-05 0.568006 9.9973E-05 9.9973E-05
0.30889 0.102494 0.0042886 0.0162564 0.385944 0.136324 0.0458032
9.9973E-05 0.0974356 0.241825 9.9973E-05 0.600917 0.0595227 9.9973E-05
9.9982E-05 0.0051186 0.286521 0.0666378 0.494304 0.147218 9.9982E-05
0.272721 0.101167 0.0359617 0.135396 0.314362 0.140292 9.9991E-05
0.302515 9.9973E-05 9.9973E-05 9.9973E-05 0.343299 0.235416 0.11847
0.166219 0.0052263 0.136572 0.0696115 0.537211 0.059291 0.0258691
0.354182 0.0709187 9.9982E-05 0.0693739 0.391609 0.113716 9.9982E-05
0.458342 9.9964E-05 9.9964E-05 9.9964E-05 0.420534 0.120724 9.9964E-05
0.624155 0.0172618 0.0391783 9.9991E-05 0.151981 0.158265 0.00905893
0.00933982 0.0331039 0.2746 9.9991E-05 0.580378 0.0627219 0.0397563
9.9982E-05 0.0578279 0.429071 0.00511764 0.438483 0.0693002 9.9982E-05
0.0532746 9.9982E-05 0.746307 0.0486545 0.0936047 0.0579594 9.9982E-05
0.0303114 0.0564794 0.0934207 0.0649778 0.616403 0.102556 0.0358521
9.9991E-05 0.225786 0.154933 0.0317564 0.456697 0.0810934 0.0496341
0.0849152 9.9982E-05 0.245818 0.0095105 0.425117 0.234438 9.9982E-05
0.107627 0.132371 0.125011 0.0620299 0.527492 0.0453697 9.9991E-05
0.182976 9.9964E-05 0.559581 9.9964E-05 9.9964E-05 0.257043 9.9964E-05
0.0925041 9.9964E-05 0.646661 9.9964E-05 9.9964E-05 0.260435 9.9964E-05
0.141687 0.0728168 0.346394 0.017895 0.238447 0.0965838 0.0861757
0.204713 0.00546572 0.430304 0.0243345 9.9982E-05 0.334982 9.9982E-05
0.182059 9.9973E-05 0.389714 9.9973E-05 9.9973E-05 0.415365 0.0125625
0.103013 9.9991E-05 0.178554 0.027132 0.380509 0.104903 0.205788
0.109351 0.0182121 0.19178 0.0572831 0.359409 0.206135 0.05783
0.162988 9.9982E-05 0.380173 0.0808071 0.11662 0.259212 9.9982E-05
0.218431 9.9973E-05 0.512556 9.9973E-05 9.9973E-05 0.221998 0.0467148
0.0761535 9.9991E-05 0.1927 0.0637033 0.466395 0.109926 0.0910217
0.188178 0.00920104 0.406371 0.117621 0.0734231 0.159288 0.0459179
0.0370345 9.9964E-05 0.564738 9.9964E-05 9.9964E-05 0.397828 9.9964E-05
0.099258 0.10267 0.0820359 0.0307474 0.548373 0.136816 9.9991E-05
0.285888 0.00302803 0.145983 9.9991E-05 0.305428 0.117245 0.142328
0.12253 0.0188019 0.0582286 0.0354531 0.44332 0.321566 9.9991E-05
0.249835 9.9973E-05 0.0634107 9.9973E-05 0.525257 0.161197 9.9973E-05
0.200091 9.9982E-05 0.0505307 0.0747629 0.503057 0.171358 9.9982E-05
0.26162 9.9991E-05 0.156217 0.00542773 0.408996 0.0765198 0.0911197
0.168907 9.9973E-05 0.102658 9.9973E-05 0.351036 0.377099 9.9973E-05
0.109143 0.0430175 0.0436519 0.027553 0.548738 0.227797 9.9991E-05
0.281972 9.9982E-05 0.0622039 0.0289812 0.397249 0.229394 9.9982E-05
0.208241 0.0887815 0.0786122 0.0271417 0.275362 0.235006 0.086856
0.147259 0.0991577 0.0521887 0.308832 0.204732 0.151905 0.0359263
0.0608252 0.0771343 0.0821314 0.0795042 0.502669 0.197636 9.9991E-05
0.188261 0.040685 0.188285 0.020065 0.473367 0.0704687 0.0188687
0.13525 9.9991E-05 0.134986 0.0253682 0.569557 0.0742119 0.0605272
0.280326 9.9973E-05 0.0659071 9.9973E-05 0.380402 0.273065 9.9973E-05
0.168638 0.0117465 0.142542 0.000123336 0.462572 0.194308 0.0200704
0.176329 9.9991E-05 0.175927 0.0367453 0.182584 0.380406 0.0479085
0.180517 0.0672732 9.9991E-05 0.0773647 0.494827 0.114516 0.0654024
0.311705 9.9991E-05 0.186235 0.00139532 0.149256 0.281944 0.0693647
0.00392758 0.113859 0.0188044 0.0556065 0.00424631 0.768542 0.0350147
0.0514944 0.757453 9.9982E-05 0.0355891 0.0906366 0.0646267 9.9982E-05
9.995E-05 0.9994 9.995E-05 9.995E-05 9.995E-05 9.995E-05 9.995E-05
9.9955E-05 0.961927 9.9955E-05 9.9955E-05 9.9955E-05 0.0375728 9.9955E-05
9.9955E-05 0.954159 9.9955E-05 9.9955E-05 0.0453409 9.9955E-05 9.9955E-05
0.0628077 0.936693 9.9955E-05 9.9955E-05 9.9955E-05 9.9955E-05 9.9955E-05
9.9955E-05 0.89156 9.9955E-05 9.9955E-05 0.10794 9.9955E-05 9.9955E-05
9.9955E-05 0.954494 9.9955E-05 9.9955E-05 9.9955E-05 0.0450058 9.9955E-05
0.0199073 0.774827 9.9973E-05 9.9973E-05 0.00520669 0.199759 9.9973E-05
0.0288331 0.0528884 0.00541132 9.9982E-05 0.0289244 0.883743 9.9982E-05
9.9973E-05 0.150519 9.9973E-05 9.9973E-05 0.0410545 0.797488 0.0106383
0.0693687 9.9964E-05 9.9964E-05 0.0646389 9.9964E-05 0.865593 9.9964E-05
9.9973E-05 0.123353 9.9973E-05 9.9973E-05 0.039467 0.804092 0.0327885
0.096905 0.0617211 9.9973E-05 0.0045252 9.9973E-05 0.836549 9.9973E-05
9.9964E-05 0.0819854 9.9964E-05 9.9964E-05 9.9964E-05 0.893423 0.0241915
0.132982 0.0256885 0.0708897 9.9982E-05 0.0592353 0.711005 9.9982E-05
0.090915 9.9973E-05 9.9973E-05 9.9973E-05 0.0228233 0.84367 0.0422923
0.0538528 0.100216 0.034313 0.0372656 0.0536717 0.719228 0.00145356
0.0822594 9.9964E-05 9.9964E-05 0.029625 9.9964E-05 0.887716 9.9964E-05
9.9964E-05 0.0116909 9.9964E-05 9.9964E-05 9.9964E-05 0.953614 0.0342957
0.0618395 0.0668436 0.0200884 0.0173951 0.0176269 0.816107 9.9991E-05
0.00659625 0.0520854 9.9964E-05 9.9964E-05 9.9964E-05 0.940919 9.9964E-05
0.0328132 9.9973E-05 0.0116228 9.9973E-05 0.0664723 0.888792 9.9973E-05
9.9964E-05 0.024192 9.9964E-05 9.9964E-05 0.120111 0.855297 9.9964E-05
9.9955E-05 9.9955E-05 9.9955E-05 9.9955E-05 0.163437 0.836063 9.9955E-05
0.0569514 9.9973E-05 0.00676419 9.9973E-05 0.144588 0.791396 9.9973E-05
0.0664406 9.9964E-05 9.9964E-05 9.9964E-05 0.144505 0.788655 9.9964E-05
0.0446054 9.9964E-05 9.9964E-05 9.9964E-05 0.128992 0.826002 9.9964E-05
9.9982E-05 0.0929012 0.333031 0.0531688 0.392593 0.128106 9.9982E-05
9.9973E-05 9.9973E-05 0.270626 0.037543 0.650001 0.0415303 9.9973E-05
9.9982E-05 0.0328046 0.0695747 0.0774397 0.673038 0.146943 9.9982E-05
0.00687544 0.019432 0.780812 0.115837 0.0602686 9.9991E-05 0.0166744
9.9982E-05 0.140513 0.277545 0.0086216 0.488983 0.0841374 9.9982E-05
0.0201981 9.9982E-05 0.805038 9.9982E-05 0.0898603 0.0819629 0.00274089
0.0468323 9.9982E-05 0.338021 9.9982E-05 0.604483 0.00815514 0.00230866
9.9982E-05 0.0984827 0.382441 0.0555226 0.410886 0.052467 9.9982E-05
9.9973E-05 9.9973E-05 0.384679 0.0218573 0.544395 0.048769 9.9973E-05
9.9982E-05 0.0468304 9.9982E-05 0.305263 0.522959 0.0658679 0.0588793
9.9973E-05 0.099862 0.443184 9.9973E-05 0.399572 0.057082 9.9973E-05
9.9982E-05 0.0361647 0.248153 0.0248072 0.602032 0.0886426 9.9982E-05
9.9973E-05 0.106818 0.338341 9.9973E-05 0.498602 0.0559401 9.9973E-05
0.0111836 0.394517 0.0951418 0.180149 0.0828805 9.9991E-05 0.236027
9.9964E-05 0.0765556 0.78926 9.9964E-05 9.9964E-05 9.9964E-05 0.133785
9.9964E-05 0.0135866 0.858221 9.9964E-05 0.127793 9.9964E-05 9.9964E-05
0.0296816 0.00759318 0.280517 0.0499964 0.586087 0.0460244 9.9991E-05
9.9973E-05 0.0188094 0.3587 9.9973E-05 0.525037 0.0971533 9.9973E-05
9.9973E-05 0.0581472 0.333253 9.9973E-05 0.513894 0.094406 9.9973E-05
0.0437308 0.0105228 0.114366 0.0746344 0.676346 0.0402047 0.0401956
