0.044755 9.9973E-05 0.0408064 0.913666 9.9973E-05 9.9973E-05 0.000472732
0.0390739 9.9973E-05 9.9973E-05 0.915294 0.0143891 9.9973E-05 0.030943
0.00453285 9.9973E-05 0.00226583 0.848016 9.9973E-05 0.144886 9.9973E-05
0.0803453 9.9973E-05 0.0961112 0.803125 9.9973E-05 0.0201185 9.9973E-05
9.9964E-05 9.9964E-05 0.0509459 0.877354 0.0713004 9.9964E-05 9.9964E-05
0.0233453 0.170131 0.0318823 0.594401 0.025364 0.0544685 0.100408
9.9964E-05 0.168592 9.9964E-05 0.784954 9.9964E-05 9.9964E-05 0.0460538
0.102221 0.152816 9.9982E-05 0.705848 0.00320035 0.0357148 9.9982E-05
0.0719613 0.0580216 9.9982E-05 0.787482 0.012457 9.9982E-05 0.0698784
0.0428097 0.0981954 0.0596942 0.66931 0.0158877 0.114003 9.9991E-05
0.0871856 0.164198 9.9982E-05 0.689282 9.9982E-05 0.0179773 0.0411571
0.45147 0.128785 0.0547191 9.9982E-05 9.9982E-05 0.283577 0.0812498
0.266537 0.105961 0.0895834 9.9991E-05 0.0248285 0.482327 0.0306631
0.443465 0.00436588 0.0428221 0.0679831 0.104614 0.305117 0.0316324
0.410771 9.9991E-05 0.185365 0.0424609 0.0586115 0.290332 0.0123594
0.16272 0.0878772 0.16869 0.107201 9.9991E-05 0.359188 0.114224
0.175305 0.0467507 0.0702541 0.0220355 0.0853653 0.585631 0.0146579
0.24145 0.168664 0.0200567 9.9982E-05 9.9982E-05 0.531215 0.0384147
0.322653 9.9982E-05 0.0976792 0.181362 9.9982E-05 0.321561 0.0765441
0.603476 0.136941 0.0694873 0.012885 9.9991E-05 0.0266193 0.150491
0.234501 0.0671281 0.0736902 0.0446733 0.0542454 0.365542 0.16022
0.117002 0.232473 0.038996 0.0491591 0.0869805 0.475289 9.9991E-05
0.200553 9.9982E-05 0.0627619 0.0628274 9.9982E-05 0.571608 0.102049
0.275809 0.122249 0.141317 0.00735098 9.9991E-05 0.261488 0.191686
0.0894486 0.071442 0.0948463 0.0619449 0.0326572 0.586468 0.0631928
0.146322 0.0594154 0.0662486 0.0724914 9.9991E-05 0.555788 0.0996343
0.418694 0.0400649 0.118345 0.0261102 9.9991E-05 0.157583 0.239103
0.422465 0.0775334 0.197597 0.024827 9.9991E-05 0.156864 0.120613
0.466593 0.10778 0.0304318 9.9991E-05 0.114654 0.229865 0.0505755
9.9964E-05 9.9964E-05 0.0406734 0.834599 9.9964E-05 0.124328 9.9964E-05
9.9955E-05 9.9955E-05 9.9955E-05 0.8145 9.9955E-05 0.185 9.9955E-05
9.9964E-05 9.9964E-05 0.0090576 0.77472 9.9964E-05 0.215822 9.9964E-05
9.9973E-05 9.9973E-05 0.0941435 0.734357 9.9973E-05 0.0669309 0.104269
0.0791655 0.064548 9.9991E-05 0.0156648 0.0732906 0.645034 0.122197
0.084883 9.9982E-05 0.0564992 0.161684 9.9982E-05 0.402057 0.294677
9.9964E-05 9.9964E-05 9.9964E-05 0.0365973 9.9964E-05 0.54868 0.414323
0.471319 9.9982E-05 9.9982E-05 0.13028 0.0106357 0.17557 0.211996
0.00187344 0.0478632 0.0496318 9.9991E-05 0.00172193 0.259592 0.639217
0.177834 9.9982E-05 0.0810056 9.9982E-05 0.0612988 0.420041 0.25962
9.9973E-05 0.057554 0.0369876 9.9973E-05 9.9973E-05 0.650429 0.25473
0.00219111 0.104829 9.9982E-05 0.14823 9.9982E-05 0.547251 0.197299
0.12624 0.0539312 9.9982E-05 0.0789556 9.9982E-05 0.633241 0.107433
0.15667 0.00526699 9.9982E-05 0.00379529 9.9982E-05 0.105335 0.728733
0.0305288 0.23144 9.9973E-05 0.068553 9.9973E-05 0.669178 9.9973E-05
0.0111916 0.072182 0.0733501 0.0774733 0.0985309 0.50533 0.161942
9.9991E-05 0.0639224 0.025238 0.124741 0.0897472 0.550246 0.146005
9.9973E-05 9.9973E-05 0.00575768 9.9973E-05 0.0508985 0.307043 0.636001
9.9982E-05 0.0312177 0.0297145 0.0252321 9.9982E-05 0.602291 0.311345
0.00872433 9.9991E-05 0.0290694 0.123385 0.0577695 0.559567 0.221386
9.9964E-05 0.213372 9.9964E-05 0.0602138 9.9964E-05 9.9964E-05 0.726014
0.420943 0.0799027 9.9982E-05 9.9982E-05 0.0744767 0.143035 0.281442
0.249258 0.351254 0.0487541 9.9991E-05 0.12287 0.0384007 0.189364
0.179185 0.117266 0.0157606 0.0219037 0.0576308 0.550314 0.0579397
9.9991E-05 0.085104 0.0982602 0.0798996 0.0382846 0.576523 0.121829
0.15579 0.0739645 0.0935983 0.0335741 0.101505 0.541467 9.9991E-05
0.340533 0.100673 9.9991E-05 0.06877 0.126414 0.194677 0.168833
0.212307 0.0380156 9.9982E-05 0.00635213 9.9982E-05 0.638114 0.105011
0.191298 0.097781 0.133947 0.0421055 0.0219535 0.503946 0.00896912
0.178154 0.0935063 9.9991E-05 0.138199 0.041301 0.373627 0.175113
0.323007 0.214178 0.0466127 0.162742 9.9991E-05 0.0748709 0.178489
0.114126 0.0390874 0.0277646 0.061496 0.0891137 0.560055 0.108358
0.251819 0.0607685 0.0771643 0.050601 0.165735 0.393812 9.9991E-05
0.469114 0.120656 9.9991E-05 0.00958289 0.0496637 0.0501437 0.30074
0.198475 0.0846832 0.0215517 9.9991E-05 0.0564193 0.570386 0.0683852
0.0225554 0.136365 0.0528283 0.0548908 0.133937 0.554879 0.0445441
0.146749 0.052384 0.0368288 0.0843739 0.0127645 0.61637 0.0505298
0.291979 0.0278702 0.072114 0.0546008 0.0722749 0.268657 0.212505
0.118426 0.157803 0.0109959 9.9991E-05 0.0428697 0.465508 0.204298
0.205394 9.9991E-05 0.0292851 0.00161679 0.0996819 0.601702 0.0622195
0.360268 0.189888 9.9982E-05 9.9982E-05 0.0789795 0.326673 0.0439909
0.0530725 9.9964E-05 9.9964E-05 9.9964E-05 9.9964E-05 0.524311 0.422217
0.080288 9.9973E-05 0.0236118 9.9973E-05 9.9973E-05 0.214318 0.681483
0.133123 0.017083 0.124727 0.010527 0.0818294 0.449334 0.183377
9.9955E-05 0.0825082 9.9955E-05 9.9955E-05 9.9955E-05 9.9955E-05 0.916992
0.0465977 0.068319 9.9973E-05 9.9973E-05 0.0712911 9.9973E-05 0.813492
9.9964E-05 9.9964E-05 9.9964E-05 9.9964E-05 0.0308225 0.283717 0.685061
0.036742 9.9973E-05 9.9973E-05 0.0380933 9.9973E-05 0.411945 0.51292
0.0266884 0.0329546 0.0381611 0.0947873 0.0115624 0.613842 0.182004
0.0920365 0.0290899 0.0196822 0.0358639 9.9991E-05 0.4149 0.408327
0.166159 9.9973E-05 0.0389796 9.9973E-05 9.9973E-05 0.112075 0.682487
0.208301 9.9973E-05 9.9973E-05 0.0623734 9.9973E-05 0.268548 0.460478
0.159062 9.9991E-05 0.110496 0.0289445 0.00287852 0.432952 0.265567
0.0640426 0.0168633 0.0628693 0.0410633 9.9991E-05 0.235277 0.579785
9.9964E-05 9.9964E-05 9.9964E-05 0.0614896 9.9964E-05 0.430555 0.507556
9.9973E-05 9.9973E-05 9.9973E-05 0.0253963 0.167747 0.352899 0.453657
0.000177363 0.183548 9.9973E-05 9.9973E-05 0.213739 9.9973E-05 0.602235
0.061113 0.0801083 0.0235509 0.0255613 9.9991E-05 0.546464 0.263102
0.0724736 9.9973E-05 0.0357603 0.813832 9.9973E-05 0.0776338 9.9973E-05
9.9955E-05 9.9955E-05 9.9955E-05 0.871206 9.9955E-05 0.128295 9.9955E-05
9.9964E-05 9.9964E-05 0.0249993 0.837708 9.9964E-05 0.136893 9.9964E-05
9.9982E-05 0.0473871 0.0281895 0.870795 9.9982E-05 0.0343546 0.0190735
9.9982E-05 9.9982E-05 0.0291744 0.850903 0.0387933 0.0572559 0.0236731
9.9991E-05 0.0267627 0.0127697 0.866859 0.0418162 0.0348483 0.0168445
9.9973E-05 9.9973E-05 9.9973E-05 0.903899 0.0227227 0.0548045 0.0182738
0.0294262 0.0122232 0.0807967 0.12811 0.0114392 0.506143 0.231861
9.9973E-05 9.9973E-05 0.108886 0.0814222 9.9973E-05 0.491973 0.317418
0.0394902 9.9982E-05 9.9982E-05 0.0269207 0.0901077 0.025377 0.817904
0.0747557 0.101744 0.0799127 0.0375268 0.0820746 0.5461 0.077887
0.0677122 9.9973E-05 9.9973E-05 0.046531 9.9973E-05 0.464112 0.421345
9.9982E-05 9.9982E-05 0.0528135 0.0259276 0.0906431 0.563514 0.266902
0.0140594 0.0181864 0.0142013 0.0159283 0.111075 0.560609 0.265941
9.9973E-05 9.9973E-05 0.0529753 9.9973E-05 0.00903347 0.486929 0.450763
0.211966 9.9964E-05 9.9964E-05 0.0567484 9.9964E-05 9.9964E-05 0.730886
0.118358 9.9991E-05 0.0934839 0.0619532 0.110572 0.438399 0.177134
0.075689 9.9991E-05 0.0470594 0.0844518 0.0491536 0.553855 0.189692
0.141189 0.111591 0.0876476 0.0652587 0.0750846 0.506029 0.0131999
9.9973E-05 0.164132 9.9973E-05 9.9973E-05 0.0364127 0.291348 0.507808
9.9973E-05 9.9973E-05 9.9973E-05 0.00849622 0.027746 0.562633 0.400825
0.0737605 0.0265179 0.0241922 0.0605219 0.0164925 0.356304 0.442211
9.9973E-05 9.9973E-05 0.0971095 9.9973E-05 0.0138481 0.280792 0.60795
0.048457 9.9973E-05 9.9973E-05 0.0655322 9.9973E-05 0.436671 0.44904
0.0321667 0.0608304 0.0259276 0.154005 9.9991E-05 0.54269 0.184281
0.296518 9.9991E-05 0.00906953 0.0663731 0.311498 0.295095 0.0213466
0.322232 0.0942005 0.01658 0.0649786 9.9991E-05 0.438271 0.0636385
0.146854 0.0690071 9.9991E-05 0.0987584 0.13857 0.541512 0.0051987
0.129322 9.9991E-05 0.094052 0.0395201 0.0410965 0.574162 0.121748
0.244641 0.0558209 9.9991E-05 0.0672905 0.0620823 0.49406 0.076005
0.24587 0.0515631 0.0106462 0.0359086 0.0524393 0.603473 9.9991E-05
0.391151 9.9991E-05 0.0536408 0.0103722 0.0799635 0.462836 0.00193643
0.155887 0.0671856 0.0123046 0.0485095 0.121659 0.543739 0.0507152
0.153431 0.115158 9.9991E-05 0.0613688 0.00382194 0.62588 0.0402403
0.164777 0.0283914 9.9991E-05 0.062458 0.0707318 0.554334 0.119208
0.339171 0.0144624 9.9982E-05 9.9982E-05 0.037877 0.54517 0.0631201
0.0700659 0.165241 0.0169028 0.0259609 0.0494248 0.652771 0.0196332
0.155549 9.9991E-05 0.00445023 0.104476 0.0714068 0.575932 0.088086
0.264278 9.9982E-05 0.0938148 9.9982E-05 0.0994592 0.485992 0.0562556
0.126876 0.0489237 0.0436251 0.0649091 0.118987 0.574849 0.0218298
0.217155 0.0197191 0.136605 9.9991E-05 0.101562 0.477216 0.0476429
0.295706 0.172911 9.9982E-05 0.070556 0.09584 0.364786 9.9982E-05
0.164493 0.0721389 0.0408356 0.0544518 9.9982E-05 0.667881 9.9982E-05
0.158095 0.00860308 0.0240706 9.9982E-05 0.208119 0.600913 9.9982E-05
0.422995 9.9991E-05 0.0681561 0.0315223 0.0168212 0.207793 0.252612
0.291756 0.227545 0.0347309 0.0466982 0.166713 0.127145 0.105412
0.181733 0.0657339 0.0208189 0.0459488 0.0261975 0.500532 0.159036
0.306282 0.149391 0.0420312 9.9991E-05 0.319878 0.0297354 0.152583
0.443505 0.0400853 9.9991E-05 0.0298706 0.0534174 0.33225 0.100771
0.316364 0.0220205 9.9982E-05 9.9982E-05 0.0445317 0.454266 0.162618
0.402348 9.9982E-05 9.9982E-05 0.0167245 0.0893304 0.31848 0.172917
0.393008 0.0145948 0.0377994 0.00984133 0.02062 0.284223 0.239914
0.14566 9.9982E-05 0.0196994 0.0523825 0.0556959 0.726362 9.9982E-05
0.179807 0.0332739 0.112828 0.0904349 0.0299701 0.553586 9.9991E-05
0.0468559 0.00400222 0.0275752 0.104299 0.0504106 0.506949 0.259908
0.266217 0.265212 0.0455014 9.9991E-05 0.161298 0.155742 0.105929
0.00139323 0.10932 9.9991E-05 0.188669 0.0960589 0.471789 0.13267
0.0478058 0.273751 0.0488331 9.9991E-05 0.00295114 0.491194 0.135365
0.10693 0.357568 9.9991E-05 0.138672 0.175779 0.0247149 0.196236
9.9991E-05 0.0457019 0.0399123 0.124653 0.0571817 0.62873 0.103721
0.0382821 0.211599 0.0234202 0.0631656 0.11661 0.378377 0.168547
0.159267 0.138347 0.0592177 0.0239639 0.116229 0.502875 9.9991E-05
0.0587644 0.337913 0.0259026 0.0275207 0.125297 0.250124 0.174479
0.143475 0.394907 9.9991E-05 0.0335857 0.147506 0.237644 0.0427821
0.141974 0.156586 9.9991E-05 0.0276485 0.164426 0.452694 0.0565719
0.139684 0.192199 0.0974054 0.0603382 9.9991E-05 0.468484 0.0417891
0.143581 0.123441 0.0434191 0.0974279 0.0467713 0.470578 0.0747813
0.159176 0.363532 0.184621 9.9982E-05 0.132476 9.9982E-05 0.159996
9.9982E-05 0.0532752 9.9982E-05 0.152637 0.131317 0.590733 0.0718375
0.123217 0.308767 9.9982E-05 9.9982E-05 0.0244571 0.35464 0.188718
0.13197 0.223558 9.9982E-05 9.9982E-05 0.0253573 0.47926 0.139655
0.0650731 0.18517 0.0923259 0.0271631 0.0293352 0.56077 0.0401622
0.00951281 0.278668 0.262528 0.260681 9.9991E-05 0.160437 0.0280731
9.9964E-05 0.395895 0.126572 0.477133 9.9964E-05 9.9964E-05 9.9964E-05
9.9964E-05 0.473151 0.161166 0.365282 9.9964E-05 9.9964E-05 9.9964E-05
0.0204761 0.197597 0.325761 0.373312 9.9982E-05 0.0826531 9.9982E-05
9.9973E-05 0.233997 9.9973E-05 9.9973E-05 0.0440788 0.640896 0.0807283
0.0474902 0.0271247 9.9991E-05 0.146117 0.0689297 0.550621 0.159618
0.046722 9.9973E-05 0.674955 9.9973E-05 0.00437703 0.273646 9.9973E-05
0.155787 9.9982E-05 0.476642 0.00202105 9.9982E-05 0.280635 0.0847157
0.154576 0.0445452 0.400918 0.0560197 0.0396253 0.300093 0.00422175
9.9973E-05 0.447778 9.9973E-05 9.9973E-05 0.17058 0.30073 0.0806118
0.0791754 0.0700646 0.0875422 0.0463418 0.0643212 0.551998 0.100557
0.00235361 0.478367 9.9982E-05 9.9982E-05 0.184511 0.214908 0.119661
0.0184018 0.295877 9.9973E-05 9.9973E-05 9.9973E-05 0.601167 0.0842548
0.0499982 0.165516 9.9991E-05 0.0179102 0.127456 0.436268 0.202751
0.0597776 0.256123 0.041426 9.9982E-05 0.0411207 0.601352 9.9982E-05
0.0247161 0.416202 9.9982E-05 9.9982E-05 0.129854 0.221716 0.207312
0.0149766 0.0715841 0.0882612 0.0645863 0.0822247 0.606682 0.0716851
9.9991E-05 0.234315 0.0240941 0.0897117 0.0241769 0.545619 0.0819832
9.9964E-05 9.9964E-05 0.959779 9.9964E-05 0.0354099 9.9964E-05 0.00441158
0.0372173 9.9964E-05 0.852455 9.9964E-05 9.9964E-05 0.109928 9.9964E-05
9.9973E-05 9.9973E-05 0.523112 0.0917893 9.9973E-05 0.330568 0.0542309
9.9973E-05 9.9973E-05 0.685189 0.0422428 0.0255898 0.246679 9.9973E-05
0.0113471 0.0103657 0.754943 0.0342351 9.9991E-05 0.187712 0.00129704
9.995E-05 9.995E-05 0.9994 9.995E-05 9.995E-05 9.995E-05 9.995E-05
9.9955E-05 9.9955E-05 0.965136 9.9955E-05 9.9955E-05 9.9955E-05 0.0343647
9.9955E-05 9.9955E-05 0.823418 9.9955E-05 9.9955E-05 0.176083 9.9955E-05
0.0414189 9.9955E-05 0.958081 9.9955E-05 9.9955E-05 9.9955E-05 9.9955E-05
9.995E-05 9.995E-05 0.9994 9.995E-05 9.995E-05 9.995E-05 9.995E-05
9.995E-05 9.995E-05 0.9994 9.995E-05 9.995E-05 9.995E-05 9.995E-05
0.0384306 0.00153059 0.784669 0.0187629 9.9982E-05 0.156407 9.9982E-05
0.0730208 9.9973E-05 0.794594 0.0191882 9.9973E-05 0.112897 9.9973E-05
9.9955E-05 9.9955E-05 0.965379 9.9955E-05 9.9955E-05 9.9955E-05 0.0341207
0.222399 9.9982E-05 0.452853 0.0358749 9.9982E-05 0.280453 0.0082196
0.0440031 9.9991E-05 0.701198 0.013598 0.0366473 0.189307 0.0151462
0.0176518 9.9973E-05 0.729373 0.0799439 9.9973E-05 0.172732 9.9973E-05
0.0558269 9.9964E-05 0.821608 9.9964E-05 9.9964E-05 0.122165 9.9964E-05
9.995E-05 9.995E-05 0.9994 9.995E-05 9.995E-05 9.995E-05 9.995E-05
0.00487136 9.9973E-05 0.917879 0.0152211 9.9973E-05 0.0617286 9.9973E-05
9.9955E-05 9.9955E-05 0.986962 9.9955E-05 9.9955E-05 0.0125387 9.9955E-05
0.068479 9.9973E-05 0.568557 9.9973E-05 0.105629 0.257035 9.9973E-05
0.0373558 9.9973E-05 0.894886 9.9973E-05 0.0415759 0.0258825 9.9973E-05
9.9973E-05 0.609754 0.0425516 0.26182 0.0855747 9.9973E-05 9.9973E-05
0.120001 0.175492 0.0938701 0.129034 0.0887901 0.364797 0.0280162
0.000641204 0.229079 0.029499 0.252856 0.00921513 0.377949 0.100761
0.0138514 0.406412 0.0516422 0.171382 0.0640424 0.250282 0.0423877
0.0520953 0.162497 0.157422 0.099658 0.00120717 0.401437 0.125683
9.9991E-05 0.354081 0.0640492 0.238157 0.0346576 0.195774 0.113182
0.0635453 0.118411 0.0404933 0.187929 0.0806116 0.439136 0.0698734
9.9982E-05 0.356629 0.174326 0.0307716 9.9982E-05 0.349636 0.0884375
0.0486771 0.176682 0.128888 0.149749 0.0666708 0.429233 9.9991E-05
9.9973E-05 0.335986 0.242673 0.118567 9.9973E-05 0.302474 9.9973E-05
0.0158919 0.256415 0.0651907 0.150149 0.0168121 0.495441 9.9991E-05
0.0798737 0.0427867 9.9982E-05 0.80357 0.0249886 0.0485809 9.9982E-05
0.00732763 9.9982E-05 0.029585 0.926966 0.0295211 9.9982E-05 0.00639977
0.0629896 9.9973E-05 9.9973E-05 0.911601 9.9973E-05 0.0207024 0.00440735
0.0679581 9.9964E-05 9.9964E-05 0.923505 9.9964E-05 0.00813688 9.9964E-05
0.0756745 9.9973E-05 0.00678852 0.901811 0.0154262 9.9973E-05 9.9973E-05
9.9973E-05 9.9973E-05 0.0964635 0.841232 0.0496119 9.9973E-05 0.0123928
9.9964E-05 9.9964E-05 0.103841 0.888519 9.9964E-05 9.9964E-05 0.0072406
9.9982E-05 0.0898329 9.9982E-05 0.870135 0.0167503 0.0172929 0.0057889
0.023805 9.9991E-05 0.00459395 0.868975 0.00173907 0.0443126 0.0564739
0.0090163 0.0777347 0.0795726 0.807204 9.9982E-05 0.0262729 9.9982E-05
0.198007 9.9973E-05 9.9973E-05 0.609331 0.0373836 9.9973E-05 0.154978
0.32944 9.9973E-05 0.0213551 0.560716 9.9973E-05 9.9973E-05 0.0881883
0.272821 0.0983852 9.9973E-05 0.49216 9.9973E-05 9.9973E-05 0.136333
0.247 0.0169519 9.9973E-05 0.506776 9.9973E-05 9.9973E-05 0.228972
0.116918 9.9982E-05 9.9982E-05 0.086468 0.0504286 0.444412 0.301573
0.0363393 9.9991E-05 0.018426 0.0486095 0.0933765 0.506636 0.296513
0.213244 9.9982E-05 0.0821139 9.9982E-05 0.0455356 0.48466 0.174246
0.164355 0.0252945 9.9991E-05 0.0463366 0.0779672 0.410385 0.275562
0.571305 0.0528767 0.0194458 9.9991E-05 0.0472987 0.136999 0.171975
0.000606597 9.9991E-05 0.0765809 0.0809236 0.0728339 0.544629 0.224326
0.0581326 9.9973E-05 9.9973E-05 9.9973E-05 0.0145546 0.620723 0.306289
0.0580217 0.0699754 0.0218467 0.0220272 0.0291397 0.487385 0.311605
9.9982E-05 0.0375574 0.0860718 9.9982E-05 0.0558318 0.27761 0.542729
0.0751413 0.0337533 0.0759596 0.0193937 0.178436 0.474732 0.142585
0.157191 9.9982E-05 9.9982E-05 0.018265 0.0536711 0.399947 0.370726
0.118251 0.0110668 9.9973E-05 9.9973E-05 0.15525 9.9973E-05 0.715132
0.0957012 9.9991E-05 0.0146701 0.118467 0.0439348 0.518287 0.20884
0.0291165 0.223881 9.9982E-05 9.9982E-05 0.0667297 0.262488 0.417585
0.00280516 9.9973E-05 9.9973E-05 9.9973E-05 0.107204 0.521162 0.368529
0.209362 9.9973E-05 9.9973E-05 0.00622792 9.9973E-05 0.0904818 0.693629
0.714314 0.128316 9.9982E-05 0.101396 0.0269478 9.9982E-05 0.028827
0.681636 0.129441 9.9982E-05 0.0572502 0.0702145 0.0612585 9.9982E-05
0.820258 0.0437999 9.9973E-05 0.043514 0.092128 9.9973E-05 9.9973E-05
0.806203 0.0233671 9.9982E-05 0.119667 0.0186144 9.9982E-05 0.0319483
0.79825 0.124679 9.9964E-05 9.9964E-05 9.9964E-05 0.0766707 9.9964E-05
0.707343 0.0821929 0.0434838 0.0545071 0.0578302 0.0545427 9.9991E-05
9.9973E-05 9.9973E-05 0.0240937 0.854015 0.024626 0.096965 9.9973E-05
0.0454202 9.9973E-05 0.0359891 0.798158 9.9973E-05 0.120133 9.9973E-05
9.9973E-05 0.025876 0.101533 0.729344 9.9973E-05 0.142948 9.9973E-05
0.113263 9.9973E-05 0.109901 0.757234 9.9973E-05 0.0193015 9.9973E-05
0.0609149 0.0252635 0.084204 0.75924 9.9982E-05 0.0701779 9.9982E-05
0.530416 0.113602 9.9973E-05 0.350108 0.00557362 9.9973E-05 9.9973E-05
0.380628 0.0432592 9.9982E-05 0.483243 0.05617 9.9982E-05 0.0365002
0.399806 9.9973E-05 9.9973E-05 0.445429 0.0507265 9.9973E-05 0.103739
0.0245506 9.9964E-05 9.9964E-05 0.816776 9.9964E-05 0.158273 9.9964E-05
0.560274 0.0276654 9.9973E-05 0.375483 0.0362776 9.9973E-05 9.9973E-05
9.9973E-05 0.197867 0.366538 0.182112 9.9973E-05 0.253183 9.9973E-05
0.0124479 0.0615289 0.194912 0.0902205 9.9982E-05 0.640691 9.9982E-05
9.9964E-05 9.9964E-05 0.221914 0.183502 9.9964E-05 0.594184 9.9964E-05
9.9982E-05 0.130162 0.233174 0.224609 9.9982E-05 0.316443 0.0954114
0.0399299 0.0110358 0.170262 0.194559 0.117287 0.466827 9.9991E-05
9.9964E-05 0.289951 0.323711 0.385938 9.9964E-05 9.9964E-05 9.9964E-05
0.289017 0.0234244 9.9982E-05 9.9982E-05 0.185903 0.459449 0.0420071
0.229271 0.197041 9.9982E-05 9.9982E-05 0.214541 0.34789 0.011057
0.499912 0.0459035 9.9991E-05 0.0580369 0.0246025 0.281954 0.0894909
0.11443 0.0521729 9.9982E-05 9.9982E-05 0.320473 0.462399 0.0503245
0.126953 0.240196 9.9973E-05 9.9973E-05 0.352535 9.9973E-05 0.280017
0.188255 0.0679938 0.0248067 0.134757 0.036923 0.547165 9.9991E-05
0.144688 9.9982E-05 9.9982E-05 0.0815727 0.177159 0.457901 0.13848
0.375158 0.0481597 9.9991E-05 0.0369482 0.00641124 0.325381 0.207841
0.215179 0.1069 0.028549 0.035272 0.0475392 0.500129 0.0664319
0.240466 0.250095 9.9982E-05 9.9982E-05 0.148664 0.0956264 0.264948
0.168753 0.12569 0.00012038 9.9982E-05 0.227318 0.477919 9.9982E-05
0.265619 0.0123903 0.0621809 9.9991E-05 0.0116766 0.507491 0.140542
0.0740008 0.208663 0.174978 0.045006 9.9991E-05 0.381869 0.115383
0.251376 0.159226 9.9982E-05 9.9982E-05 0.131097 0.391135 0.0669651
0.280934 0.0717357 0.0894041 0.00880087 0.120112 0.334439 0.0945745
0.120317 0.084484 0.133732 9.9991E-05 0.18899 0.417786 0.054591
0.179445 0.0503127 0.0104757 0.0072128 0.100064 0.484481 0.168009
0.0786743 0.1103 0.0412486 0.00247142 0.0473982 0.661922 0.0579854
0.191679 0.0588824 0.0730729 0.0406992 0.0646019 0.508702 0.0623622
0.164926 0.0737665 0.0735616 0.0542608 9.9991E-05 0.600878 0.0325072
9.9964E-05 9.9964E-05 0.0848096 0.767905 9.9964E-05 0.146885 9.9964E-05
9.9982E-05 9.9982E-05 0.0324287 0.831789 0.0315484 0.0833063 0.0207276
0.0372018 0.0954756 9.9991E-05 0.755491 0.00286957 0.0466122 0.0622494
0.047177 9.9991E-05 0.0352976 0.786412 0.0605678 0.00642177 0.0640239
9.9955E-05 9.9955E-05 9.9955E-05 0.848414 9.9955E-05 0.151086 9.9955E-05
0.590186 9.9982E-05 0.0818623 9.9982E-05 0.00201973 0.136611 0.189121
0.0473456 0.143866 0.105796 0.0138341 0.152875 0.51632 0.0199643
9.9982E-05 0.214699 0.129175 0.107888 0.125083 0.422954 9.9982E-05
0.117929 0.102385 0.0572616 0.00669402 0.0702476 0.602592 0.0428912
0.211147 9.9991E-05 0.0230178 0.0531331 0.0947702 0.48081 0.137022
0.330291 0.199964 0.0172844 9.9982E-05 0.109041 0.34322 9.9982E-05
0.565466 0.126975 9.9973E-05 0.125948 9.9973E-05 9.9973E-05 0.181311
0.261669 9.9991E-05 0.00868761 0.0515785 0.0538955 0.529006 0.0950634
0.445676 0.0616368 0.137401 0.03866 0.13424 0.0454826 0.136904
0.224442 0.128326 0.100856 0.0105776 0.0827675 0.357776 0.0952548
0.456159 0.0224138 0.0105133 0.154274 0.17703 0.107803 0.0718065
0.203258 0.0323911 0.0427775 0.070214 9.9991E-05 0.650997 0.00026297
0.40033 0.0714675 0.0349055 0.0461598 0.111458 0.201414 0.134266
0.301596 0.0669258 0.0505664 0.0219809 0.132002 0.349993 0.0769363
0.208865 0.133603 9.9991E-05 0.0419092 0.0631835 0.478744 0.0735955
0.0983052 0.486855 9.9982E-05 9.9982E-05 0.0750777 0.284425 0.055137
0.142319 0.259359 9.9982E-05 0.0100248 9.9982E-05 0.574106 0.0139912
9.9982E-05 0.150919 9.9982E-05 0.150314 0.0268248 0.576858 0.0948846
0.0508632 0.384396 9.9982E-05 9.9982E-05 0.139623 0.388616 0.0363024
0.131111 0.101985 0.0629005 9.9991E-05 0.171012 0.420883 0.112009
0.0629491 0.221171 9.9982E-05 9.9982E-05 0.124808 0.542183 0.0486894
0.0361754 0.50322 9.9982E-05 9.9982E-05 0.14341 0.116388 0.200607
0.00464292 0.57434 9.9982E-05 9.9982E-05 0.0213312 0.310713 0.0887738
0.0708143 0.330742 9.9973E-05 9.9973E-05 0.0848929 0.513251 9.9973E-05
0.104661 0.391605 9.9982E-05 9.9982E-05 0.0854746 0.143841 0.274219
0.0657664 0.282334 9.9973E-05 9.9973E-05 9.9973E-05 0.496079 0.155521
0.555699 0.0804275 0.0297386 9.9991E-05 0.00229459 0.112804 0.218936
0.31914 0.0330823 0.0149298 9.9991E-05 0.327691 0.24768 0.0573768
0.399432 9.9982E-05 0.10925 9.9982E-05 0.0904944 0.246643 0.153981
0.230539 9.9973E-05 0.0769312 9.9973E-05 0.114636 0.577594 9.9973E-05
0.453397 9.9973E-05 9.9973E-05 9.9973E-05 0.0626737 0.276071 0.207558
0.145193 0.172057 9.9991E-05 0.0395702 0.100462 0.535527 0.00709031
0.119075 0.0859377 9.9991E-05 0.112533 0.0522692 0.62237 0.00771486
0.245696 0.0998265 9.9982E-05 0.0181756 9.9982E-05 0.502748 0.133354
0.250324 9.9991E-05 0.130694 0.0172653 0.0933503 0.456277 0.0519894
0.2423 9.9973E-05 9.9973E-05 0.100389 9.9973E-05 0.511899 0.145112
0.46198 9.9982E-05 0.0970374 9.9982E-05 0.0235524 0.206456 0.210774
0.420413 9.9982E-05 0.0511665 9.9982E-05 0.0356929 0.391046 0.101482
0.211181 9.9982E-05 0.0368807 9.9982E-05 0.0601687 0.622398 0.0691724
0.205989 0.0980133 0.0178316 0.0807113 0.045146 0.552209 9.9991E-05
0.252436 0.0889584 0.0469045 0.0154395 0.161653 0.364985 0.0696237
0.22673 9.9973E-05 0.0214756 9.9973E-05 0.193786 0.557708 9.9973E-05
0.345753 0.120612 0.0554463 0.0541804 0.0370893 0.386819 9.9991E-05
0.220655 9.9991E-05 0.0156379 0.00413411 0.0856632 0.652238 0.0215718
0.254537 0.0875586 0.0774046 0.0372765 0.0302061 0.512918 9.9991E-05
0.151964 9.9991E-05 0.0505695 0.130574 0.00882048 0.529079 0.128893
9.9982E-05 0.0970838 0.112071 0.312854 9.9982E-05 0.397833 0.0799593
9.9973E-05 0.147953 0.173424 0.119589 9.9973E-05 0.558734 9.9973E-05
0.0154167 0.079627 0.0987362 0.0955768 0.0933272 0.538475 0.0788407
0.00411348 0.0953332 0.0858429 0.103138 0.0567012 0.621995 0.0328762
0.0165068 0.0241078 0.21653 0.236312 0.00584764 0.355745 0.144951
0.16689 0.0735303 9.9973E-05 9.9973E-05 0.275523 0.483757 9.9973E-05
0.095134 0.0727567 0.125856 0.131431 9.9991E-05 0.513602 0.0611207
9.9982E-05 0.479716 0.120596 0.199647 9.9982E-05 0.0662979 0.133543
0.164618 0.0529483 0.194976 0.0833659 0.0579509 0.44604 9.9991E-05
0.0331175 0.049208 0.062624 0.141246 0.149648 0.564056 9.9991E-05
0.0779624 0.0175925 0.237164 0.0525065 0.0663112 0.503491 0.0449727
0.0384538 0.225751 0.0938165 0.175691 0.0590335 0.309041 0.098213
9.9982E-05 0.021263 0.175713 0.210468 9.9982E-05 0.498263 0.0940929
0.00483565 0.0859154 0.130153 0.117076 0.0845451 0.577375 9.9991E-05
9.9973E-05 0.355969 0.222343 0.414798 9.9973E-05 9.9973E-05 0.00659055
0.0305538 0.000469584 0.262202 0.212039 9.9991E-05 0.44777 0.0468655
9.9991E-05 0.115304 0.298433 0.0829487 0.00551161 0.423362 0.0743407
0.0234529 0.0942015 0.00763584 0.123684 0.0114699 0.733842 0.00571402
9.9973E-05 0.110567 0.160716 0.153832 9.9973E-05 0.574586 9.9973E-05
9.9991E-05 0.117577 0.101759 0.161192 0.02126 0.536214 0.0618984
0.0772152 9.9991E-05 0.0982874 0.027683 0.362818 0.380967 0.0529292
0.0602368 0.00436875 0.0311583 0.146221 0.246896 0.420614 0.0905056
0.0615355 9.9964E-05 9.9964E-05 9.9964E-05 0.791043 9.9964E-05 0.147022
0.0584292 0.0273214 9.9964E-05 9.9964E-05 0.91385 9.9964E-05 9.9964E-05
9.9982E-05 9.9982E-05 0.0516246 0.0974705 0.314291 0.375337 0.161076
9.9982E-05 0.132563 0.249952 0.0946779 0.0831018 0.439506 9.9982E-05
9.9991E-05 0.0588135 0.24202 0.128662 0.248196 0.312592 0.00961644
9.9991E-05 0.11984 0.292263 0.172165 0.218786 0.180305 0.0165421
9.9982E-05 0.111577 0.212293 0.118566 0.170643 0.386721 9.9982E-05
9.9982E-05 0.140594 0.0509606 0.0916697 0.685424 0.0311512 9.9982E-05
9.9982E-05 0.0926422 0.152267 0.105364 0.583618 0.0659088 9.9982E-05
9.9973E-05 9.9973E-05 0.15581 9.9973E-05 0.385897 0.45243 0.0055627
9.9973E-05 9.9973E-05 0.0641647 0.0251526 0.453241 0.457142 9.9973E-05
9.9973E-05 9.9973E-05 0.140395 0.0387373 0.746846 0.073721 9.9973E-05
0.0131871 9.9982E-05 0.0754301 0.0718105 0.321304 0.518068 9.9982E-05
0.0196609 9.9982E-05 0.101895 0.012378 0.380471 0.485395 9.9982E-05
0.117282 9.9991E-05 0.269551 0.0502082 0.255097 0.226103 0.0816579
0.0320993 9.9973E-05 9.9973E-05 0.0114247 0.710388 0.245788 9.9973E-05
0.0463878 9.9991E-05 0.0388606 0.00732784 0.487851 0.305181 0.114292
0.0516424 0.0590873 0.0253997 0.0136345 0.286019 0.539785 0.0244318
0.0198321 0.10316 0.0220613 0.051923 0.444128 0.332613 0.0262822
0.0806976 0.0876256 0.0852849 0.0570265 0.105964 0.474856 0.108545
9.9964E-05 0.104822 9.9964E-05 9.9964E-05 0.453233 0.441545 9.9964E-05
0.0425786 0.00628461 9.9973E-05 9.9973E-05 0.772798 0.178038 9.9973E-05
9.9973E-05 9.9973E-05 0.059719 0.0549225 0.334719 0.55034 9.9973E-05
0.0486122 9.9982E-05 9.9982E-05 0.00779281 0.753631 0.163417 0.026347
0.0342608 0.0400689 0.0489423 0.0162602 0.500857 0.334124 0.0254872
9.9982E-05 0.0428005 0.0527051 0.0536141 0.266322 0.584359 9.9982E-05
0.0936849 0.00308392 0.0586063 9.9991E-05 0.325521 0.403647 0.115357
0.0594112 0.014232 0.156542 0.153273 0.151097 0.465344 9.9991E-05
0.0886533 0.0955228 0.18764 0.183881 0.0744938 0.345831 0.0239783
0.0497019 0.166292 0.243332 0.14305 0.0570737 0.248878 0.0916726
0.13419 0.119232 0.190091 0.127383 0.0810413 0.347963 9.9991E-05
0.0792727 0.0695163 0.136248 0.118815 0.00329637 0.53905 0.0538007
0.038687 0.05892 0.154636 0.130042 0.241668 0.31428 0.0617668
9.9973E-05 0.0671615 0.124557 0.178764 0.629218 9.9973E-05 9.9973E-05
0.0193582 0.0101365 0.187056 0.067916 0.136489 0.578944 9.9991E-05
9.9973E-05 0.152521 0.0617783 0.357727 0.427675 9.9973E-05 9.9973E-05
9.9973E-05 9.9973E-05 0.196655 0.0637376 0.287889 0.451419 9.9973E-05
9.9973E-05 0.00837576 9.9973E-05 9.9973E-05 0.797204 0.0619435 0.132176
0.00870846 9.9964E-05 9.9964E-05 9.9964E-05 0.893185 9.9964E-05 0.0977065
0.0165201 9.9973E-05 9.9973E-05 9.9973E-05 0.474623 0.44529 0.0632672
9.9973E-05 9.9973E-05 0.0168145 0.00853319 0.447091 0.527262 9.9973E-05
0.0101881 9.9973E-05 9.9973E-05 9.9973E-05 0.602816 0.326853 0.0598439
9.9964E-05 9.9964E-05 9.9964E-05 9.9964E-05 0.416103 0.446574 0.136924
9.9964E-05 9.9964E-05 0.0310548 9.9964E-05 0.502664 0.465881 9.9964E-05
0.0196512 9.9982E-05 0.0756779 0.790536 0.0461713 0.0677641 9.9982E-05
0.163449 9.9982E-05 0.13787 0.659499 0.0226154 9.9982E-05 0.0163669
0.0596936 9.9964E-05 0.0604601 0.879446 9.9964E-05 9.9964E-05 9.9964E-05
9.9964E-05 9.9964E-05 9.9964E-05 0.949034 0.0066926 0.0438737 9.9964E-05
0.0336944 9.9982E-05 9.9982E-05 0.0519165 0.0628886 0.500936 0.350365
9.9991E-05 0.0113364 0.0352757 0.099976 0.0244226 0.482151 0.346739
0.00916069 9.9973E-05 9.9973E-05 0.00658644 9.9973E-05 0.522678 0.461275
9.9973E-05 9.9973E-05 0.0796657 0.0876603 9.9973E-05 0.541742 0.290632
0.0544576 0.0939393 0.0172173 0.0457481 0.0127293 0.638977 0.136931
0.108666 0.0800138 9.9982E-05 9.9982E-05 0.000224776 0.242432 0.568464
9.9964E-05 9.9964E-05 0.0326722 9.9964E-05 9.9964E-05 0.577696 0.389232
9.9973E-05 0.170345 9.9973E-05 9.9973E-05 0.07125 0.330622 0.427483
0.00829956 0.0174531 0.192367 0.265394 0.0381549 0.451409 0.0269226
0.0492142 0.0612725 0.091853 9.9991E-05 0.10996 0.398154 0.289447
0.0598436 9.9973E-05 9.9973E-05 0.0205901 9.9973E-05 0.352218 0.567049
9.9982E-05 9.9982E-05 0.00860392 0.0292152 0.0990152 0.598229 0.264737
0.041576 9.9973E-05 9.9973E-05 9.9973E-05 0.0611542 0.427179 0.469791
9.9973E-05 0.00622392 9.9973E-05 9.9973E-05 0.0303958 0.577834 0.385247
9.9964E-05 9.9964E-05 9.9964E-05 0.0985554 9.9964E-05 0.613489 0.287556
9.9964E-05 9.9964E-05 9.9964E-05 9.9964E-05 0.073776 0.0964938 0.82933
9.9982E-05 0.092143 0.0393848 9.9982E-05 0.0520855 0.133787 0.6824
0.114226 9.9982E-05 9.9982E-05 0.00228924 0.0199273 0.358013 0.505345
9.9964E-05 0.161646 9.9964E-05 9.9964E-05 0.0149845 9.9964E-05 0.82297
0.0983977 9.9973E-05 9.9973E-05 0.0482918 9.9973E-05 0.447199 0.405812
9.9964E-05 0.262182 9.9964E-05 9.9964E-05 9.9964E-05 0.115179 0.622239
9.9964E-05 0.203936 9.9964E-05 9.9964E-05 0.0510919 9.9964E-05 0.744573
9.9973E-05 9.9973E-05 9.9973E-05 0.0484638 0.076381 0.547288 0.327567
0.0580842 9.9982E-05 9.9982E-05 0.0617209 0.021403 0.211673 0.646919
0.0198431 0.0235387 0.0846684 9.9982E-05 9.9982E-05 0.361492 0.510258
0.0398738 9.9991E-05 0.0178812 0.135927 0.0492387 0.584723 0.172256
0.13894 9.9964E-05 9.9964E-05 9.9964E-05 9.9964E-05 0.499579 0.36108
0.226305 0.185781 0.0316332 9.9991E-05 0.135498 0.311919 0.108763
0.0462415 9.9982E-05 0.0561114 9.9982E-05 0.0677504 0.49635 0.333347
0.124559 9.9982E-05 0.0691482 0.0113843 9.9982E-05 0.442998 0.35171
9.9964E-05 0.029284 9.9964E-05 9.9964E-05 9.9964E-05 0.313262 0.657054
0.0417287 9.9991E-05 0.05479 0.0622653 0.0710737 0.616542 0.1535
0.25871 0.053635 9.9991E-05 0.612108 0.00601011 0.000192573 0.0692443
0.0642935 0.0404991 0.0177053 0.75484 9.9982E-05 9.9982E-05 0.122462
0.130196 0.0599096 9.9973E-05 0.793408 9.9973E-05 9.9973E-05 0.0161863
0.126343 0.0552816 9.9973E-05 0.800603 9.9973E-05 9.9973E-05 0.0174722
0.216816 0.0700667 9.9982E-05 0.6856 9.9982E-05 0.0174301 0.0098872
0.127624 9.9982E-05 0.014267 0.017784 9.9982E-05 0.126757 0.713369
0.102992 0.0656372 9.9982E-05 0.0356337 9.9982E-05 0.0875916 0.707946
9.9973E-05 9.9973E-05 0.036278 9.9973E-05 0.0696603 0.0922214 0.80154
0.0631607 0.00832472 0.0475013 0.060183 0.0609126 0.518351 0.241567
0.130905 0.00764782 9.9982E-05 0.124735 9.9982E-05 0.550412 0.1861
9.9982E-05 0.0880067 0.0768857 0.0502571 9.9982E-05 0.16208 0.622571
9.9973E-05 9.9973E-05 0.000836627 9.9973E-05 0.1291 0.607111 0.262653
0.0373262 0.0275966 9.9991E-05 0.092087 0.0282828 0.379746 0.434862
0.0184944 0.0524187 9.9982E-05 9.9982E-05 0.0763128 0.62947 0.223104
0.0257986 0.0687529 9.9982E-05 0.0294121 9.9982E-05 0.597438 0.278399
0.0990387 0.0358718 0.0553765 9.9982E-05 9.9982E-05 0.199163 0.61035
0.0580526 9.9973E-05 0.0319743 9.9973E-05 9.9973E-05 0.33158 0.578094
0.136162 9.9973E-05 0.00312527 9.9973E-05 9.9973E-05 0.33684 0.523573
0.0354515 0.261004 9.9973E-05 0.0756898 9.9973E-05 0.627554 9.9973E-05
0.0281185 9.9973E-05 9.9973E-05 0.0178073 9.9973E-05 0.396774 0.557
0.0397499 9.9991E-05 0.0629768 0.0659883 0.056218 0.374695 0.400272
0.0345468 0.0431385 0.415004 0.0321426 0.0790968 0.365691 0.0303804
9.9982E-05 0.0729985 0.352794 0.153634 0.0417019 0.378671 9.9982E-05
9.9964E-05 9.9964E-05 0.444302 0.0800872 9.9964E-05 0.475211 9.9964E-05
0.0133092 0.0892871 0.422549 0.127024 0.0332171 0.314514 9.9991E-05
0.129049 0.0627943 0.28781 0.121918 9.9991E-05 0.346608 0.0517212
9.9973E-05 0.173252 0.0756645 9.9973E-05 9.9973E-05 0.377467 0.373316
9.9973E-05 0.0646296 0.648755 0.270333 9.9973E-05 0.0159821 9.9973E-05
9.9982E-05 0.0271602 0.440517 0.123713 0.033245 0.375165 9.9982E-05
0.0552666 0.265249 0.201208 0.0865954 9.9991E-05 0.314123 0.0774584
0.0592695 0.224208 9.9982E-05 0.144597 9.9982E-05 0.525428 0.0462985
0.0851201 0.330025 0.0380385 0.0735879 9.9991E-05 0.445441 0.027688
0.0426417 0.284566 9.9973E-05 0.0652024 9.9973E-05 0.60729 9.9973E-05
9.9982E-05 0.180388 0.00345583 0.0824958 9.9982E-05 0.576869 0.156591
9.9973E-05 9.9973E-05 0.404884 0.17477 9.9973E-05 0.402128 0.0179177
0.0610565 9.9982E-05 0.334639 0.13137 0.0340709 0.438663 9.9982E-05
9.9964E-05 9.9964E-05 0.473614 0.0765615 9.9964E-05 0.449424 9.9964E-05
9.9991E-05 0.0726176 0.273759 0.124019 0.0957866 0.430895 0.00282343
9.9982E-05 0.00306761 0.576907 0.0604225 9.9982E-05 0.241314 0.118089
9.9991E-05 0.0218071 0.29652 0.10815 0.00439961 0.422235 0.146788
9.9982E-05 9.9982E-05 0.532408 0.119617 0.0849768 0.258949 0.0038494
0.0719286 0.0586937 0.329055 0.0706413 9.9982E-05 0.469481 9.9982E-05
0.0161932 0.389381 0.0235141 9.9973E-05 9.9973E-05 0.570612 9.9973E-05
0.0308083 0.0593789 0.303228 0.138518 0.0457243 0.406037 0.0163049
9.9973E-05 0.04659 0.629524 0.160237 9.9973E-05 0.163349 9.9973E-05
0.0412672 0.0299515 0.362225 0.13181 0.10138 0.245728 0.0876377
0.232333 0.30487 9.9982E-05 0.113774 9.9982E-05 0.171976 0.176848
0.0478224 0.252039 0.118207 9.9982E-05 9.9982E-05 0.529692 0.0520403
0.0552703 0.0392654 0.343317 0.169608 0.0834139 0.309025 9.9991E-05
0.0317981 0.206489 0.0282179 0.0521408 0.0222923 0.603555 0.0555068
0.0564047 0.284936 0.0098554 0.131093 9.9991E-05 0.456796 0.060815
9.9991E-05 0.0713904 0.196077 0.200015 0.0106794 0.338513 0.183225
9.9982E-05 0.0291705 0.255302 0.243174 0.170123 0.30203 9.9982E-05
0.000850184 0.0949029 0.195201 0.120301 0.0348354 0.403783 0.150127
0.0345343 0.0820265 0.360526 0.106258 9.9991E-05 0.351328 0.0652266
9.9973E-05 9.9973E-05 0.461196 0.104773 0.0456643 0.388067 9.9973E-05
9.9982E-05 0.0499903 0.592745 0.234463 0.0063029 0.116299 9.9982E-05
0.0273041 0.04226 0.0410726 0.146987 0.136782 0.569489 0.0361051
0.0393725 0.231295 9.9982E-05 0.0909989 9.9982E-05 0.52915 0.108983
0.00145895 0.683572 0.0266331 0.0640733 9.9991E-05 0.222108 0.00205448
0.0829407 0.104842 0.108835 0.0412274 0.0791488 0.552199 0.030807
0.169873 0.204478 0.0325347 0.0750258 0.0954687 0.372166 0.0504541
9.9982E-05 0.134075 0.16911 0.154648 9.9982E-05 0.40983 0.132137
0.0580519 0.20468 0.038813 0.0809317 0.0769305 0.540493 9.9991E-05
9.9964E-05 0.614285 0.200564 0.184751 9.9964E-05 9.9964E-05 9.9964E-05
9.9964E-05 0.685487 0.0963412 0.217772 9.9964E-05 9.9964E-05 9.9964E-05
0.061896 0.396289 0.135488 0.0967443 0.00669716 0.254239 0.0486457
9.9991E-05 0.400382 0.200001 0.262062 0.0522836 0.0262468 0.0589243
9.9964E-05 0.446165 0.243207 0.310228 9.9964E-05 9.9964E-05 9.9964E-05
9.9982E-05 0.262019 0.0613407 0.0937905 0.139294 0.443356 9.9982E-05
9.9991E-05 0.203881 0.149601 0.162464 0.0378337 0.394232 0.051888
0.0354155 0.363646 0.216478 0.185994 9.9991E-05 0.184228 0.0141388
9.9973E-05 0.558866 0.0836494 0.209854 9.9973E-05 0.14733 9.9973E-05
9.9982E-05 0.26359 0.0899283 0.0971225 9.9982E-05 0.544999 0.00416027
9.9991E-05 0.468864 0.134691 0.119501 0.0607511 0.159754 0.0563397
9.9964E-05 0.669448 0.000345703 0.329806 9.9964E-05 9.9964E-05 9.9964E-05
0.047882 0.184958 0.0989566 0.0815574 0.0356632 0.527184 0.0237991
0.0525398 0.226253 0.297634 0.154155 0.0357842 0.233535 9.9991E-05
0.0111314 0.0818997 0.260034 0.254661 9.9991E-05 0.359357 0.0328174
9.9973E-05 0.0520979 0.210435 0.168955 9.9973E-05 0.568212 9.9973E-05
0.0203947 0.0999616 0.141506 0.13499 0.0378457 0.540535 0.0247668
9.9973E-05 0.148108 0.249563 0.180204 9.9973E-05 0.421825 9.9973E-05
0.00208283 0.0525962 0.170607 0.391048 9.9991E-05 0.344645 0.0389216
0.05934 9.9982E-05 0.217386 0.194984 0.0266703 0.501419 9.9982E-05
0.0174462 9.9973E-05 0.256288 0.242467 9.9973E-05 0.483499 9.9973E-05
9.9982E-05 0.13641 0.207286 0.226857 0.10342 0.325828 9.9982E-05
0.0777353 0.0340919 0.194796 0.204757 9.9991E-05 0.222512 0.266008
0.047787 0.0273653 0.155331 0.154805 0.000161936 0.448487 0.166063
0.0994263 0.0240239 0.160756 0.173365 0.0624916 0.420623 0.059314
9.9991E-05 0.0218477 0.0553335 0.0923438 0.027702 0.605323 0.19735
0.025297 0.0630794 0.307529 0.238257 0.0116366 0.354101 9.9991E-05
0.024551 0.0726766 0.0793225 0.212261 0.120964 0.490125 9.9991E-05
9.9982E-05 0.217768 0.192519 0.338795 9.9982E-05 0.205057 0.0456606
0.0822908 0.00171726 0.171801 0.212679 0.0467499 0.484661 9.9991E-05
9.9991E-05 0.22817 0.322612 0.227814 0.00690237 0.199616 0.0147851
0.119097 9.9964E-05 9.9964E-05 0.770967 9.9964E-05 9.9964E-05 0.109536
0.741549 0.00727702 0.0167746 0.0507261 9.9991E-05 0.119619 0.0639547
0.983153 9.9964E-05 9.9964E-05 0.00773086 9.9964E-05 9.9964E-05 0.00871583
0.982043 9.9955E-05 9.9955E-05 0.017457 9.9955E-05 9.9955E-05 9.9955E-05
0.92308 9.9955E-05 9.9955E-05 9.9955E-05 9.9955E-05 0.07642 9.9955E-05
0.912753 9.9964E-05 0.045907 9.9964E-05 9.9964E-05 0.0409405 9.9964E-05
0.876318 9.9955E-05 9.9955E-05 9.9955E-05 9.9955E-05 0.123183 9.9955E-05
0.964252 9.9964E-05 9.9964E-05 0.0318941 9.9964E-05 9.9964E-05 0.003454
0.800258 9.9964E-05 9.9964E-05 0.182825 9.9964E-05 0.0165172 9.9964E-05
0.09189 0.0310834 9.9973E-05 0.876556 9.9973E-05 0.000170411 9.9973E-05
0.115122 9.9964E-05 9.9964E-05 0.834612 9.9964E-05 0.0498655 9.9964E-05
9.9982E-05 9.9982E-05 0.0224911 0.873388 0.0276125 0.0656927 0.0106156
0.120228 0.0229357 9.9982E-05 0.788227 0.0388662 0.029543 9.9982E-05
0.0389919 0.0151263 0.0611595 0.875665 9.9982E-05 9.9982E-05 0.0088578
0.0776103 9.9964E-05 0.0287171 0.893273 9.9964E-05 9.9964E-05 9.9964E-05
0.00309326 0.065118 0.170931 0.719794 9.9982E-05 0.0408638 9.9982E-05
0.0325041 0.0111543 0.106507 0.839563 0.0100714 9.9982E-05 9.9982E-05
0.115129 9.9982E-05 0.0861928 0.659938 9.9982E-05 0.0239714 0.114569
9.9982E-05 0.000769189 0.0978938 0.874889 9.9982E-05 0.0103391 0.0159094
0.0374445 9.9964E-05 9.9964E-05 0.953077 0.009079 9.9964E-05 9.9964E-05
0.0134838 0.0403976 0.0871806 0.830759 9.9982E-05 9.9982E-05 0.0279788
0.0178118 0.0240416 0.0177235 0.940123 9.9973E-05 9.9973E-05 9.9973E-05
9.9973E-05 0.0365412 0.0110757 0.886466 9.9973E-05 0.0656171 9.9973E-05
0.00740218 9.9991E-05 0.028359 0.813631 0.0169212 0.10722 0.0263669
9.9964E-05 9.9964E-05 0.021812 0.845062 9.9964E-05 0.132726 9.9964E-05
9.9964E-05 9.9964E-05 0.0933008 0.763815 9.9964E-05 0.142485 9.9964E-05
9.9964E-05 9.9964E-05 0.0592021 0.775672 9.9964E-05 0.164726 9.9964E-05
9.9964E-05 9.9964E-05 0.0363608 0.809232 9.9964E-05 0.154008 9.9964E-05
0.114693 0.308283 9.9982E-05 0.107967 9.9982E-05 0.424198 0.0446595
0.00631246 0.17377 9.9991E-05 0.0661651 0.0212081 0.645387 0.0870581
0.0315525 0.140993 0.0236451 0.149935 9.9991E-05 0.539257 0.114517
9.9973E-05 0.678486 9.9973E-05 9.9973E-05 0.0754466 0.163447 0.0823208
0.0545208 0.225024 9.9982E-05 0.1071 9.9982E-05 0.52547 0.087686
9.9973E-05 0.739456 9.9973E-05 0.0780664 9.9973E-05 0.164721 0.0174567
9.9964E-05 0.241964 9.9964E-05 0.0617139 9.9964E-05 0.695922 9.9964E-05
0.0843307 0.256431 9.9982E-05 0.05321 9.9982E-05 0.4264 0.179428
0.0950892 0.257627 9.9982E-05 0.021454 9.9982E-05 0.558084 0.067546
0.0474101 9.9991E-05 0.0340327 0.0563134 0.0415003 0.46907 0.351574
0.136527 0.328419 9.9982E-05 0.0484678 9.9982E-05 0.448621 0.0377655
9.9973E-05 0.17212 9.9973E-05 0.0934082 9.9973E-05 0.632441 0.101731
0.122157 0.22108 9.9982E-05 0.0181396 9.9982E-05 0.628757 0.00966674
0.465329 0.103765 0.0383564 9.9991E-05 0.162056 0.08186 0.148534
0.0776245 0.82392 9.9973E-05 9.9973E-05 0.0593956 9.9973E-05 0.0387596
0.0624768 0.728331 9.9964E-05 9.9964E-05 9.9964E-05 0.208793 9.9964E-05
0.0360834 0.233842 0.0430714 0.0343351 9.9982E-05 0.652468 9.9982E-05
0.0507458 0.359278 0.034851 0.0132877 9.9982E-05 0.541638 9.9982E-05
9.9982E-05 0.312304 9.9982E-05 0.0719736 0.0611524 0.546692 0.00767802
9.9991E-05 0.154231 0.0427493 0.131827 0.0923197 0.558682 0.020091
0.0264654 0.0777303 0.100713 0.196534 0.107329 0.449041 0.0421872
