9.9991E-05 0.0836921 0.916208
9.999E-05 0.0570012 0.942899
0.0210453 0.102556 0.876398
0.0540531 0.129832 0.816114
9.9991E-05 0.107875 0.892025
0.156038 0.134508 0.709455
0.0853146 0.0537152 0.86097
0.148728 0.0523868 0.798885
0.0690494 9.9991E-05 0.930851
0.113681 0.0720619 0.814257
0.123518 0.0965287 0.779953
0.752076 0.0752002 0.172724
0.627646 0.351477 0.0208769
0.727344 0.150068 0.122588
0.617803 0.235514 0.146683
0.547241 0.327515 0.125243
0.575996 0.402922 0.0210822
0.682176 0.281111 0.0367136
0.606961 0.205781 0.187258
0.799305 9.9991E-05 0.200595
0.691046 0.266373 0.0425815
0.66476 0.304124 0.0311158
0.657542 0.321828 0.02063
0.702766 0.133481 0.163753
0.520476 0.432999 0.0465254
0.651501 0.310323 0.0381766
0.758392 0.0914462 0.150161
0.677205 0.169486 0.153308
0.830974 0.0318505 0.137176
9.9991E-05 0.148381 0.851519
9.9991E-05 0.145035 0.854865
9.9991E-05 0.200333 0.799567
0.000546883 0.266061 0.733392
0.673498 0.267569 0.0589332
0.625215 0.363477 0.0113078
0.697956 0.301944 9.9991E-05
0.784124 0.023949 0.191927
0.854878 0.144827 0.000294801
0.628947 0.357433 0.0136206
0.602867 0.397033 9.9991E-05
0.618761 0.30404 0.0771989
0.593647 0.352712 0.0536403
0.927777 0.0089085 0.0633146
0.588177 0.402725 0.00909732
0.60648 0.382649 0.0108717
0.539242 0.408884 0.0518731
0.825779 0.174121 9.9991E-05
0.584227 0.40326 0.0125127
0.570705 0.363056 0.0662385
0.865151 9.9991E-05 0.134749
0.884604 9.9991E-05 0.115296
0.805902 0.0730406 0.121058
0.569701 0.423857 0.00644202
0.532874 0.426406 0.0407203
0.550775 0.414858 0.0343676
0.706489 0.0440145 0.249497
0.702229 0.274296 0.0234746
0.589563 0.36307 0.0473669
0.634106 0.235579 0.130315
0.694034 0.0215562 0.28441
0.629423 0.325936 0.044641
0.631916 0.295805 0.0722793
0.789247 9.9991E-05 0.210653
0.782189 0.187298 0.0305124
0.606967 0.392933 9.9991E-05
0.552721 0.383619 0.0636596
0.706304 0.144536 0.14916
0.601314 0.350316 0.04837
0.645905 0.348799 0.00529662
0.797321 0.0407843 0.161895
0.706749 0.293151 9.9991E-05
0.874327 0.103322 0.0223513
0.585831 0.351037 0.0631318
0.997061 9.9991E-05 0.00283853
0.9998 9.999E-05 9.999E-05
0.894611 0.105289 9.9991E-05
0.738812 0.261088 9.9991E-05
0.606834 0.336894 0.0562718
0.704939 0.294961 9.9991E-05
0.864507 0.0572326 0.0782607
0.877558 0.088685 0.0337573
0.598134 0.354714 0.0471523
0.793311 0.206589 9.9991E-05
0.776406 0.223494 9.9991E-05
0.751108 0.248792 9.9991E-05
0.909259 9.9991E-05 0.0906411
0.608745 0.391155 9.9991E-05
0.0484897 0.10025 0.85126
9.9991E-05 0.104592 0.895308
9.9991E-05 0.168948 0.830952
9.9991E-05 0.118702 0.881198
9.9991E-05 0.0549057 0.944994
9.9991E-05 0.145294 0.854606
9.9991E-05 0.102296 0.897604
0.618422 0.381478 9.9991E-05
0.522283 0.424123 0.0535938
0.899625 9.9991E-05 0.100275
0.573775 0.364019 0.0622061
0.798004 0.201896 9.9991E-05
0.666466 0.290867 0.0426676
0.673915 0.325985 9.9991E-05
0.652301 0.347599 9.9991E-05
0.895197 9.9991E-05 0.104703
0.605308 0.330999 0.0636929
0.567755 0.432145 9.9991E-05
0.527758 0.419818 0.0524238
0.856763 0.127502 0.015735
0.73171 0.26819 9.9991E-05
0.765795 0.227229 0.00697607
0.796993 0.202907 9.9991E-05
0.775594 0.224306 9.9991E-05
0.624969 0.354755 0.0202759
0.734354 0.145867 0.119779
0.687273 0.192304 0.120423
0.545658 0.361977 0.0923649
0.564094 0.392305 0.0436008
0.693912 0.234744 0.0713449
0.625085 0.353034 0.0218814
0.692711 0.229056 0.0782324
0.627341 0.330109 0.0425497
0.562939 0.388737 0.0483244
0.628284 0.326604 0.0451126
0.680049 0.303178 0.0167726
0.549383 0.42896 0.0216572
0.545213 0.426266 0.0285209
0.609776 0.390124 9.9991E-05
0.577963 0.403408 0.0186293
0.62784 0.37206 9.9991E-05
0.65771 0.203792 0.138498
0.587395 0.409824 0.00278116
0.591384 0.408516 9.9991E-05
0.793409 0.0457144 0.160877
0.809409 0.044547 0.146044
0.67049 0.297611 0.0318985
0.928059 9.9991E-05 0.0718413
0.799516 0.124198 0.076286
0.806709 0.193191 9.9991E-05
0.77911 0.131122 0.0897682
0.800619 0.136957 0.062424
0.627457 0.34489 0.0276526
0.569007 0.346027 0.0849653
0.625666 0.374234 9.9991E-05
0.861408 0.0376711 0.100921
0.534819 0.312986 0.152195
0.620715 0.330226 0.0490583
0.727666 9.9991E-05 0.272234
0.561059 0.418981 0.0199603
0.665654 0.2161 0.118245
0.546473 0.367797 0.0857301
0.742078 0.0867045 0.171217
0.800981 9.9991E-05 0.198919
0.70409 0.226322 0.0695877
0.608252 0.312982 0.0787662
0.554194 0.291346 0.15446
0.738794 0.0923005 0.168905
0.536278 0.368459 0.0952629
0.896989 0.102911 9.9991E-05
0.791325 0.207668 0.00100722
0.552899 0.351009 0.0960921
0.198855 0.344045 0.457099
0.161794 0.113423 0.724783
0.16176 0.106151 0.732089
0.21773 0.350405 0.431865
0.675776 0.324124 9.9991E-05
0.579556 0.420345 9.9991E-05
0.0965269 0.903373 9.9991E-05
0.281383 0.642646 0.0759709
0.26277 0.624011 0.113219
0.802694 0.116113 0.0811938
0.563761 0.373081 0.0631582
0.854568 0.0791557 0.0662762
0.666639 0.318927 0.0144348
0.679764 0.285728 0.034508
0.671368 0.328532 9.9991E-05
0.867844 0.0523071 0.079849
0.541605 0.446998 0.0113968
0.605376 0.359373 0.0352508
9.9991E-05 0.935142 0.0647577
9.9991E-05 0.921232 0.0786681
0.165478 0.740005 0.0945174
0.148453 0.834393 0.017154
0.0234432 0.910007 0.0665502
9.9991E-05 0.926428 0.0734717
9.9991E-05 0.920363 0.079537
9.9991E-05 0.995371 0.0045289
9.9991E-05 0.892716 0.107184
9.9991E-05 0.929799 0.0701011
9.9991E-05 0.936963 0.0629374
0.0389364 0.884727 0.0763361
0.00614493 0.848061 0.145794
9.9991E-05 0.942425 0.0574754
0.30597 0.58871 0.10532
0.0880577 0.83954 0.0724024
9.9991E-05 0.899287 0.100613
9.9991E-05 0.92702 0.07288
9.9991E-05 0.95649 0.0434104
9.9991E-05 0.935243 0.0646574
9.9991E-05 0.925035 0.0748647
0.134676 0.787588 0.0777355
9.9991E-05 0.908492 0.0914081
0.494569 0.0254465 0.479985
0.455084 0.295948 0.248968
0.492281 0.343186 0.164533
0.505807 0.201402 0.292791
0.488771 0.37913 0.132098
0.480265 0.16836 0.351375
0.454377 0.365883 0.179741
0.443482 0.325326 0.231192
0.439421 0.40848 0.152099
0.416549 0.370349 0.213102
0.430203 0.393201 0.176597
0.00261108 0.105082 0.892307
9.9991E-05 0.123152 0.876748
9.9991E-05 0.0400343 0.959866
9.9991E-05 0.0311638 0.968736
9.9991E-05 0.0898231 0.910077
9.9991E-05 0.0534292 0.946471
9.9991E-05 0.101432 0.898468
9.9991E-05 0.0493936 0.950506
9.9991E-05 0.0835504 0.91635
9.9991E-05 0.0724443 0.927456
0.306775 9.9991E-05 0.693125
0.275851 9.9991E-05 0.724049
0.342505 9.9991E-05 0.657395
0.402408 9.9991E-05 0.597492
0.671142 0.306808 0.02205
0.687185 0.312715 9.9991E-05
0.653545 0.33176 0.0146946
0.764142 0.182206 0.0536523
0.841814 0.0502549 0.107931
0.599641 0.400259 9.9991E-05
0.6652 0.3347 9.9991E-05
0.703246 0.296654 9.9991E-05
0.809169 0.190731 9.9991E-05
0.59122 0.40868 9.9991E-05
0.802175 0.197725 9.9991E-05
0.9998 9.999E-05 9.999E-05
0.640644 0.346835 0.0125208
0.923518 0.0763825 9.9991E-05
0.698937 0.300963 9.9991E-05
0.916706 0.0238112 0.0594832
0.655264 9.9991E-05 0.344636
0.683645 9.9991E-05 0.316255
0.700092 9.9991E-05 0.299808
0.665628 9.9991E-05 0.334272
0.749059 9.9991E-05 0.250841
0.711343 9.9991E-05 0.288557
9.9991E-05 0.138534 0.861366
0.0468592 0.12928 0.823861
0.0578906 0.192502 0.749607
0.00432098 0.147448 0.848231
0.0165662 0.207468 0.775966
0.438829 9.9991E-05 0.561071
0.410086 9.9991E-05 0.589814
0.414201 9.9991E-05 0.585699
0.0356997 0.117013 0.847287
0.441229 9.9991E-05 0.558671
0.19632 0.495242 0.308438
0.36001 0.536508 0.103482
0.218659 0.639712 0.141629
0.220296 0.488196 0.291508
0.406976 0.46106 0.131964
0.119104 0.3057 0.575196
0.783014 0.196829 0.020157
0.755406 0.220429 0.0241648
0.831871 0.0645371 0.103592
0.709421 0.289516 0.00106304
0.890711 9.9991E-05 0.109189
0.575978 0.386737 0.0372851
0.663361 0.336539 9.9991E-05
0.752943 0.126464 0.120594
0.614029 0.316172 0.0697989
0.918101 9.9991E-05 0.0817992
0.661239 0.327776 0.0109852
0.708066 0.278484 0.0134499
0.487198 0.39793 0.114872
0.794199 0.157725 0.0480763
0.735679 0.256037 0.00828388
0.662483 0.337417 9.9991E-05
0.718767 0.281133 9.9991E-05
0.583927 0.415973 9.9991E-05
0.60181 0.344424 0.0537664
0.590418 0.348885 0.0606963
9.9991E-05 0.188625 0.811275
9.9991E-05 0.145341 0.854559
0.0197573 0.0892801 0.890963
9.9991E-05 0.122348 0.877552
9.9991E-05 0.121848 0.878052
0.799525 0.00786679 0.192608
0.635415 0.355999 0.00858613
0.319944 0.460371 0.219684
0.607479 0.392421 9.9991E-05
0.706565 0.268281 0.0251542
0.791475 0.123212 0.0853135
0.743265 9.9991E-05 0.256635
0.665701 0.249116 0.085183
0.729158 0.111081 0.159762
0.684344 0.277669 0.0379868
0.781643 9.9991E-05 0.218257
0.573097 0.369756 0.0571475
0.805406 0.00332848 0.191265
0.720224 0.176391 0.103386
0.629337 0.338563 0.0321004
0.837034 0.0818465 0.0811197
0.661421 0.307557 0.0310216
0.557488 0.357762 0.0847497
0.820243 0.0749239 0.104833
0.58751 0.349452 0.0630376
0.68304 0.275107 0.0418526
0.930663 9.9991E-05 0.0692374
0.878198 9.9991E-05 0.121702
0.752244 0.206028 0.0417283
0.891555 9.9991E-05 0.108345
0.783317 0.216583 9.9991E-05
0.828705 9.9991E-05 0.171195
0.829255 0.137893 0.032852
0.645751 0.272067 0.0821816
0.630618 0.364379 0.00500256
0.835759 0.0827852 0.0814556
0.589465 0.359514 0.0510208
0.61897 0.359075 0.021955
0.658618 0.311973 0.0294088
0.651573 0.341826 0.00660104
0.661595 0.299024 0.0393816
0.796707 0.116465 0.086828
0.767126 0.19184 0.0410333
0.636671 0.363229 9.9991E-05
0.578151 0.421749 9.9991E-05
0.646308 0.235148 0.118543
0.659733 0.340167 9.9991E-05
0.724558 0.213665 0.0617776
0.629816 0.370084 9.9991E-05
0.669233 0.305975 0.0247919
0.532856 0.384959 0.0821852
0.279368 0.430995 0.289636
0.434557 0.484808 0.0806344
0.420579 0.44113 0.138291
0.418886 0.475655 0.105458
0.341207 0.463217 0.195576
0.752944 0.246956 9.9991E-05
0.454061 0.426247 0.119692
0.489619 0.162805 0.347576
0.449084 0.484707 0.0662089
0.396061 0.495248 0.10869
0.430263 0.475909 0.0938284
0.489325 0.271265 0.23941
0.373584 0.490869 0.135547
0.358945 0.515957 0.125098
0.205381 0.106074 0.688545
0.363368 0.476724 0.159907
0.356816 0.535786 0.107398
0.524773 0.43684 0.0383866
0.320603 0.545149 0.134248
0.38551 0.458326 0.156164
0.713835 0.259194 0.0269716
0.616435 0.33008 0.0534847
0.946843 9.9991E-05 0.0530571
0.907069 9.9991E-05 0.0928311
0.626137 0.330478 0.0433858
0.33083 0.524212 0.144959
0.292947 0.532081 0.174972
0.326063 0.445605 0.228332
0.3407 0.491535 0.167765
0.711602 0.0867662 0.201632
0.709273 0.15433 0.136397
0.597832 0.402068 9.9991E-05
0.605777 0.338489 0.0557337
0.72281 0.188261 0.0889287
0.561428 0.414788 0.0237842
0.555086 0.444814 9.9991E-05
0.573489 0.406826 0.0196853
0.825903 0.169076 0.00502087
0.774684 0.220196 0.00512047
0.648284 0.332813 0.0189026
0.695775 0.254904 0.0493211
0.607109 0.329945 0.0629461
0.753717 0.246183 9.9991E-05
0.875509 0.0826563 0.0418343
0.619718 0.380182 9.9991E-05
0.902465 0.0797334 0.0178016
0.727432 0.272468 9.9991E-05
0.628849 0.3511 0.0200504
0.615132 0.350628 0.03424
0.394924 0.443618 0.161458
0.445285 0.392317 0.162399
0.275377 0.485615 0.239007
0.34704 0.449044 0.203916
0.413099 0.442268 0.144634
0.44128 0.409694 0.149026
0.59959 0.109915 0.290495
0.394131 0.546757 0.0591124
0.359126 0.0888925 0.551981
0.479071 0.486643 0.0342868
0.947676 0.0246919 0.0276316
0.943108 9.9991E-05 0.0567922
0.743642 0.256258 9.9991E-05
0.571518 0.428382 9.9991E-05
0.777561 0.222339 9.9991E-05
0.670573 0.329327 9.9991E-05
0.69856 0.30134 9.9991E-05
0.0327143 0.0692553 0.89803
0.051563 0.134242 0.814195
9.9991E-05 0.0792827 0.920617
9.9991E-05 0.0722478 0.927652
0.675388 0.324512 9.9991E-05
0.677335 0.322565 9.9991E-05
0.703506 0.296394 9.9991E-05
0.649061 0.32423 0.026709
0.581852 0.373542 0.0446053
0.835174 0.141065 0.0237614
0.638997 0.360903 9.9991E-05
0.857314 0.142586 9.9991E-05
0.28623 0.432352 0.281418
0.749556 0.250344 9.9991E-05
0.824111 0.168895 0.00699415
0.679822 0.320078 9.9991E-05
0.747625 0.252275 9.9991E-05
0.690979 0.308921 9.9991E-05
0.68748 0.305976 0.00654361
0.99304 9.9991E-05 0.00685997
0.833822 0.166078 9.9991E-05
0.793938 0.205962 9.9991E-05
0.9998 9.999E-05 9.999E-05
0.743353 0.22658 0.030067
0.990263 9.9991E-05 0.00963658
0.959036 9.9991E-05 0.0408644
0.654542 0.345358 9.9991E-05
0.852916 0.0706805 0.0764036
0.719031 0.280869 9.9991E-05
0.556626 0.375707 0.0676662
0.724267 0.275633 9.9991E-05
0.803811 0.187383 0.00880583
0.680716 0.319184 9.9991E-05
0.749199 0.250701 9.9991E-05
0.827135 0.172765 9.9991E-05
0.610712 0.315778 0.0735099
0.205569 9.9991E-05 0.794331
0.141726 0.0226952 0.835578
0.0768513 9.9991E-05 0.923049
0.0878846 9.9991E-05 0.912015
0.170726 0.0124644 0.81681
0.881828 0.0382783 0.0798935
0.898661 0.0154798 0.0858594
0.904196 0.0957045 9.9991E-05
0.558608 0.403872 0.0375196
0.545662 0.388549 0.0657892
0.825415 0.173781 0.000803762
0.569585 0.430315 9.9991E-05
0.714507 0.285393 9.9991E-05
0.711987 0.287913 9.9991E-05
0.630313 0.369587 9.9991E-05
0.875414 0.124486 9.9991E-05
0.864273 0.135628 9.9991E-05
0.848699 0.135139 0.0161617
0.561289 0.395386 0.0433248
0.785747 0.214153 9.9991E-05
0.788889 0.210701 0.0004102
0.268547 0.627774 0.103679
0.167346 0.654475 0.178179
0.19494 0.680452 0.124609
0.117267 0.701471 0.181262
0.296021 0.610128 0.093851
0.677429 0.305135 0.0174354
9.9991E-05 0.64793 0.35197
0.146963 0.672113 0.180924
0.437004 0.37411 0.188886
0.562021 0.31168 0.126299
0.571872 0.286447 0.141681
0.565508 0.350228 0.0842643
0.521669 0.391653 0.0866778
0.125057 0.699296 0.175647
0.195404 0.655157 0.149439
0.114908 0.769925 0.115167
0.31277 0.575375 0.111855
0.173879 0.613404 0.212717
0.275006 0.592792 0.132201
0.116336 0.675312 0.208352
0.323163 0.577777 0.0990598
0.605482 0.289596 0.104922
0.229465 0.615938 0.154597
9.9991E-05 0.711128 0.288772
0.310648 0.557398 0.131953
0.650204 0.110214 0.239582
0.590932 0.407745 0.001323
0.261871 0.590876 0.147253
0.568687 0.313254 0.118059
0.547779 0.286168 0.166053
0.348944 0.437043 0.214013
0.297754 0.479938 0.222308
0.494382 0.451298 0.0543202
0.290973 0.553532 0.155496
0.189201 0.696635 0.114164
0.0176099 0.720409 0.261981
0.550102 0.402806 0.0470915
0.628696 0.221147 0.150158
0.716932 0.0530088 0.23006
0.516595 0.410248 0.0731574
0.647771 0.241863 0.110365
0.385291 0.455833 0.158876
0.474353 0.399137 0.12651
0.369239 0.0887181 0.542043
0.406795 0.0593278 0.533878
0.51804 0.242335 0.239625
0.349468 0.198935 0.451597
0.164488 0.191931 0.643581
0.497648 0.323651 0.178701
0.374884 0.373446 0.25167
0.362941 0.250509 0.38655
0.42058 0.184518 0.394902
0.440382 0.397417 0.1622
0.449265 0.214398 0.336337
0.379246 0.0297302 0.591024
0.482452 0.425505 0.0920432
0.40853 0.367996 0.223473
0.257692 0.450399 0.291909
0.290529 0.610106 0.0993649
0.312754 0.559119 0.128127
0.292574 0.555694 0.151733
0.229313 0.403261 0.367427
0.330029 0.49403 0.175941
0.241083 0.536912 0.222005
0.29177 0.438092 0.270138
0.516058 0.26908 0.214862
0.415136 0.427758 0.157106
0.427948 0.487617 0.0844356
0.47841 0.450137 0.0714526
0.231786 0.508093 0.260121
0.293642 0.539578 0.16678
0.185244 0.352989 0.461766
0.395596 0.485978 0.118427
0.214051 0.440369 0.345581
0.116116 0.0299293 0.853955
0.7689 9.9991E-05 0.231
0.749585 9.9991E-05 0.250315
0.756762 9.9991E-05 0.243138
0.777845 9.9991E-05 0.222055
0.753827 9.9991E-05 0.246073
0.787719 9.9991E-05 0.212181
0.726612 9.9991E-05 0.273288
0.615983 9.9991E-05 0.383917
0.0284737 0.0539928 0.917533
0.0938812 0.0633312 0.842788
0.0320351 0.0771468 0.890818
0.0495942 0.0637717 0.886634
9.9991E-05 0.0792612 0.920639
9.9991E-05 0.0973916 0.902508
0.05545 0.214599 0.729951
9.9991E-05 0.130985 0.868915
0.109655 0.159239 0.731106
9.9991E-05 0.12945 0.87045
9.9991E-05 0.0231966 0.976703
9.9991E-05 0.119985 0.879915
9.9991E-05 0.036957 0.962943
9.9991E-05 0.0772054 0.922695
9.9991E-05 0.133029 0.866871
9.9991E-05 0.103385 0.896515
9.9991E-05 0.165132 0.834768
9.9991E-05 0.193782 0.806118
9.9991E-05 0.205003 0.794897
0.670641 0.18808 0.141279
0.564638 0.401578 0.0337842
0.536235 0.394909 0.0688558
0.742454 0.0402743 0.217272
0.623169 0.269585 0.107246
0.720615 0.0227022 0.256683
0.542597 0.429305 0.0280981
0.644755 0.199318 0.155926
0.604589 0.230372 0.165039
0.6943 0.3056 9.9991E-05
0.650195 0.241694 0.108111
0.60942 0.39048 9.9991E-05
0.61667 0.298297 0.0850333
0.85948 9.9991E-05 0.14042
0.764407 9.9991E-05 0.235493
0.732338 0.0290186 0.238644
0.514036 0.41504 0.0709239
0.624609 0.326486 0.0489052
0.58893 0.356096 0.0549737
0.541171 0.452372 0.00645687
0.365026 0.416229 0.218746
0.341756 0.509879 0.148365
0.324373 0.222717 0.45291
0.528568 0.367174 0.104258
0.404676 0.367703 0.227621
0.259757 0.165832 0.57441
0.301089 0.407771 0.29114
0.284516 0.356609 0.358875
0.359064 0.342196 0.29874
0.419627 0.453163 0.12721
0.428358 0.41056 0.161081
0.446854 0.494605 0.0585415
0.429579 0.402451 0.16797
0.208588 0.28209 0.509322
