9.9991E-05 0.106132 0.893768
9.999E-05 0.0599085 0.939992
0.031423 0.106216 0.86236
0.0330635 0.139098 0.827839
9.9991E-05 0.112981 0.886919
0.179519 0.129568 0.690913
0.0983564 0.0502889 0.851355
0.129734 0.069548 0.800718
0.0709158 9.9991E-05 0.928984
0.140813 0.0559492 0.803238
0.133771 0.0920675 0.774162
0.773699 0.0729315 0.15337
0.62429 0.34127 0.0344405
0.734308 0.157013 0.108679
0.640003 0.216613 0.143384
0.575894 0.32046 0.103647
0.585506 0.400973 0.0135206
0.679236 0.275983 0.0447818
0.623701 0.170155 0.206145
0.810023 9.9991E-05 0.189877
0.709105 0.23357 0.0573246
0.680391 0.278868 0.0407411
0.620202 0.357681 0.0221166
0.692009 0.144865 0.163125
0.51096 0.437946 0.0510937
0.630045 0.335355 0.0345996
0.743024 0.0880436 0.168932
0.669542 0.195663 0.134795
0.804619 0.0471383 0.148242
9.9991E-05 0.161296 0.838604
9.9991E-05 0.151211 0.848689
9.9991E-05 0.215623 0.784277
9.9991E-05 0.246758 0.753142
0.665907 0.295776 0.038317
0.618931 0.380969 9.9991E-05
0.678762 0.321138 9.9991E-05
0.81936 0.00483873 0.175801
0.834407 0.165493 9.9991E-05
0.647712 0.330762 0.0215259
0.597644 0.402256 9.9991E-05
0.580565 0.327178 0.092257
0.564128 0.384069 0.0518026
0.92095 0.0165195 0.0625305
0.582155 0.392815 0.0250294
0.618239 0.357801 0.0239595
0.513467 0.420221 0.066312
0.838882 0.161018 9.9991E-05
0.619439 0.380461 9.9991E-05
0.535259 0.375838 0.0889029
0.867875 9.9991E-05 0.132025
0.86832 9.9991E-05 0.13158
0.816205 0.0718126 0.111982
0.590096 0.383467 0.0264376
0.532349 0.421605 0.046046
0.499987 0.456337 0.0436762
0.737283 0.0423019 0.220415
0.696061 0.287835 0.0161041
0.607586 0.339723 0.0526915
0.656991 0.212811 0.130199
0.702051 0.0202778 0.277671
0.62024 0.354871 0.0248897
0.634879 0.303804 0.061317
0.786831 9.9991E-05 0.213069
0.746088 0.216793 0.0371198
0.618022 0.381878 9.9991E-05
0.632084 0.333622 0.0342941
0.672826 0.138035 0.18914
0.656552 0.337203 0.00624571
0.580475 0.377152 0.0423738
0.80286 0.0408565 0.156283
0.70632 0.29358 9.9991E-05
0.865826 0.105675 0.0284994
0.583849 0.354144 0.0620074
0.9998 9.999E-05 9.999E-05
0.9998 9.999E-05 9.999E-05
0.904141 0.0957594 9.9991E-05
0.731207 0.268693 9.9991E-05
0.553093 0.394719 0.0521884
0.726589 0.273311 9.9991E-05
0.867422 0.0472868 0.0852908
0.863478 0.100802 0.0357199
0.598555 0.380127 0.0213178
0.812052 0.172957 0.014991
0.75873 0.24117 9.9991E-05
0.75955 0.24035 9.9991E-05
0.901991 9.9991E-05 0.0979095
0.608644 0.391256 9.9991E-05
0.0378928 0.114357 0.84775
9.9991E-05 0.133168 0.866732
9.9991E-05 0.183863 0.816037
9.9991E-05 0.108703 0.891197
9.9991E-05 0.0853097 0.91459
9.9991E-05 0.15229 0.84761
9.9991E-05 0.111657 0.888243
0.638463 0.354019 0.00751744
0.574442 0.39386 0.0316981
0.89528 9.9991E-05 0.10462
0.595025 0.40281 0.00216493
0.811101 0.183789 0.00511067
0.659088 0.333591 0.00732178
0.665643 0.334257 9.9991E-05
0.702104 0.297796 9.9991E-05
0.895864 9.9991E-05 0.104036
0.559922 0.36481 0.075268
0.605454 0.394446 9.9991E-05
0.567499 0.39982 0.0326808
0.843762 0.130346 0.0258921
0.699574 0.300326 9.9991E-05
0.764984 0.234916 9.9991E-05
0.818342 0.181558 9.9991E-05
0.748194 0.22471 0.027096
0.637126 0.342022 0.0208512
0.724089 0.142803 0.133109
0.64359 0.223946 0.132463
0.555276 0.366788 0.0779365
0.566167 0.34996 0.0838732
0.718653 0.221816 0.0595314
0.634485 0.343432 0.0220824
0.698486 0.228438 0.0730761
0.577453 0.353837 0.0687102
0.592318 0.38156 0.0261222
0.658201 0.299186 0.0426133
0.698447 0.29377 0.0077838
0.599729 0.392266 0.00800539
0.546738 0.380937 0.0723245
0.624046 0.375854 9.9991E-05
0.533233 0.403601 0.0631662
0.612392 0.387508 9.9991E-05
0.650107 0.233901 0.115992
0.569458 0.430442 9.9991E-05
0.5952 0.367134 0.0376657
0.802005 0.0559587 0.142037
0.859746 0.0425435 0.0977106
0.641653 0.324258 0.0340892
0.930823 9.9991E-05 0.0690773
0.807116 0.10352 0.0893644
0.788416 0.198079 0.0135048
0.796183 0.120905 0.0829112
0.810784 0.116295 0.0729212
0.625736 0.321328 0.0529363
0.593714 0.370887 0.0353989
0.638889 0.361011 9.9991E-05
0.836093 0.0439367 0.11997
0.562008 0.317065 0.120928
0.617818 0.311496 0.0706865
0.730539 9.9991E-05 0.269361
0.573873 0.415935 0.0101924
0.651702 0.197429 0.150869
0.574416 0.35991 0.0656746
0.742517 0.0654533 0.19203
0.784433 9.9991E-05 0.215467
0.700812 0.223023 0.0761647
0.549897 0.325858 0.124244
0.561091 0.276309 0.1626
0.756596 0.0750373 0.168367
0.538713 0.381766 0.0795213
0.89242 0.0983949 0.00918464
0.772826 0.227074 9.99919E-05
0.535336 0.412129 0.0525356
0.208598 0.333727 0.457676
0.173126 0.110297 0.716576
0.171265 0.101682 0.727054
0.23319 0.31588 0.45093
0.69806 0.30184 9.9991E-05
0.567855 0.397037 0.0351083
0.10785 0.89205 9.9991E-05
0.256548 0.696126 0.0473266
0.264935 0.626906 0.108159
0.784776 0.13266 0.0825641
0.602436 0.316393 0.0811712
0.869163 0.0749067 0.0559305
0.645723 0.328291 0.0259863
0.655327 0.289516 0.0551576
0.646891 0.353009 9.9991E-05
0.85078 0.0528101 0.0964099
0.600595 0.399305 9.9991E-05
0.575557 0.361151 0.0632919
9.9991E-05 0.920037 0.0798628
9.9991E-05 0.94229 0.0576099
0.129025 0.776339 0.0946361
0.151356 0.848544 9.9991E-05
0.023862 0.895553 0.0805846
9.9991E-05 0.927813 0.0720871
9.9991E-05 0.92298 0.0769196
9.9991E-05 0.976128 0.023772
9.9991E-05 0.904471 0.0954289
9.9991E-05 0.943182 0.0567177
9.9991E-05 0.929682 0.0702183
0.0312248 0.901177 0.0675983
0.00812334 0.85788 0.133997
9.9991E-05 0.94512 0.0547803
0.325667 0.552958 0.121375
0.11162 0.809719 0.0786613
9.9991E-05 0.893174 0.106726
9.9991E-05 0.936345 0.0635554
9.9991E-05 0.968709 0.0311911
9.9991E-05 0.939027 0.0608726
9.9991E-05 0.917401 0.0824986
0.0898662 0.778378 0.131756
9.9991E-05 0.90455 0.09535
0.506878 0.00416915 0.488953
0.435242 0.323569 0.241189
0.502718 0.343358 0.153924
0.497847 0.199208 0.302945
0.454462 0.393664 0.151874
0.474123 0.16192 0.363957
0.501938 0.356645 0.141417
0.485879 0.296565 0.217556
0.44083 0.402111 0.157058
0.424042 0.337313 0.238645
0.41579 0.384955 0.199255
0.0137772 0.0932939 0.892929
9.9991E-05 0.113302 0.886598
9.9991E-05 0.0550337 0.944866
9.9991E-05 0.0258707 0.974029
9.9991E-05 0.0969096 0.90299
9.9991E-05 0.0640333 0.935867
9.9991E-05 0.11886 0.88104
9.9991E-05 0.0433178 0.956582
9.9991E-05 0.117782 0.882118
9.9991E-05 0.0857697 0.91413
0.294977 9.9991E-05 0.704923
0.275762 9.9991E-05 0.724138
0.346269 9.9991E-05 0.653631
0.42363 9.9991E-05 0.57627
0.692093 0.266954 0.0409533
0.679948 0.311535 0.00851678
0.698044 0.301856 9.9991E-05
0.804832 0.140873 0.0542941
0.846703 0.0492185 0.104078
0.621292 0.378608 9.9991E-05
0.681829 0.318071 9.9991E-05
0.733934 0.265966 9.9991E-05
0.797997 0.201903 9.9991E-05
0.568475 0.42638 0.00514509
0.798809 0.201091 9.9991E-05
0.9998 9.999E-05 9.999E-05
0.582405 0.373199 0.0443955
0.927532 0.0688151 0.0036525
0.686063 0.313837 9.9991E-05
0.941115 0.0196247 0.0392598
0.654515 9.9991E-05 0.345385
0.672573 9.9991E-05 0.327327
0.703945 9.9991E-05 0.295955
0.661801 9.9991E-05 0.338099
0.735994 9.9991E-05 0.263906
0.707968 9.9991E-05 0.291932
9.9991E-05 0.132616 0.867284
0.0197339 0.16495 0.815316
0.0375281 0.192284 0.770188
9.9991E-05 0.147761 0.852139
0.0283409 0.184272 0.787387
0.433155 9.9991E-05 0.566745
0.40461 9.9991E-05 0.59529
0.394028 9.9991E-05 0.605872
0.0173317 0.150496 0.832172
0.433277 9.9991E-05 0.566623
0.189036 0.50869 0.302274
0.343434 0.546311 0.110255
0.216957 0.641523 0.14152
0.226665 0.486079 0.287256
0.42854 0.46072 0.11074
0.127139 0.314021 0.55884
0.736232 0.196474 0.0672948
0.75879 0.229564 0.0116458
0.815181 0.0774426 0.107376
0.718293 0.281607 9.9991E-05
0.888598 9.9991E-05 0.111302
0.570018 0.40461 0.0253719
0.63019 0.369252 0.000557735
0.764254 0.110004 0.125742
0.588127 0.332544 0.0793298
0.908367 9.9991E-05 0.0915333
0.696444 0.29833 0.00522569
0.726376 0.256747 0.0168767
0.502295 0.389383 0.108322
0.800647 0.166625 0.0327278
0.747327 0.234422 0.0182513
0.670747 0.329153 9.9991E-05
0.694985 0.304915 9.9991E-05
0.585798 0.414102 9.9991E-05
0.568356 0.349406 0.0822387
0.602433 0.325769 0.0717979
9.9991E-05 0.17355 0.82635
9.9991E-05 0.152679 0.847221
0.00124649 0.0972173 0.901536
9.9991E-05 0.115747 0.884153
9.9991E-05 0.116196 0.883704
0.78859 0.0191035 0.192306
0.645479 0.309806 0.0447148
0.324077 0.497364 0.178558
0.594756 0.405144 9.9991E-05
0.690012 0.28446 0.0255283
0.788131 0.133948 0.0779206
0.755437 9.9991E-05 0.244463
0.686554 0.244704 0.0687421
0.72389 0.106618 0.169492
0.711177 0.261575 0.0272482
0.762379 0.000677576 0.236944
0.549005 0.390975 0.0600196
0.787603 9.9991E-05 0.212297
0.7138 0.180861 0.105339
0.609077 0.322557 0.0683661
0.831564 0.0813051 0.0871304
0.665852 0.300444 0.0337038
0.594027 0.336877 0.0690964
0.832293 0.0629184 0.104788
0.577432 0.337322 0.0852451
0.705972 0.268667 0.0253609
0.922336 9.9991E-05 0.0775643
0.869192 0.0203691 0.110439
0.745749 0.198606 0.0556456
0.902629 9.9991E-05 0.0972708
0.784179 0.198255 0.017566
0.812736 0.0161547 0.171109
0.8198 0.12759 0.0526104
0.666133 0.26197 0.071897
0.617178 0.361515 0.0213068
0.833502 0.0824214 0.0840769
0.582754 0.356224 0.0610218
0.617734 0.363795 0.0184711
0.674498 0.325402 9.9991E-05
0.623299 0.344636 0.0320656
0.718291 0.25158 0.030129
0.785769 0.127082 0.0871494
0.738499 0.207641 0.0538606
0.65023 0.34967 9.9991E-05
0.584392 0.380946 0.0346625
0.644866 0.261768 0.0933666
0.669963 0.329937 9.9991E-05
0.721 0.197858 0.0811414
0.658199 0.334437 0.00736381
0.654633 0.304373 0.0409939
0.545795 0.41543 0.0387746
0.268952 0.441209 0.28984
0.390501 0.482702 0.126797
0.429589 0.423029 0.147382
0.453669 0.470731 0.0756004
0.353023 0.486668 0.160309
0.740999 0.258901 9.9991E-05
0.460101 0.442798 0.0971012
0.476145 0.174119 0.349736
0.445655 0.48154 0.0728043
0.413653 0.46335 0.122997
0.456737 0.463857 0.0794056
0.520534 0.282529 0.196937
0.363848 0.492008 0.144143
0.391686 0.485507 0.122806
0.187766 0.11456 0.697674
0.383176 0.504586 0.112238
0.3794 0.513148 0.107452
0.499229 0.445071 0.0557003
0.276913 0.561946 0.161141
0.409524 0.424201 0.166275
0.696368 0.263822 0.0398097
0.634125 0.337714 0.0281603
0.96081 9.9991E-05 0.0390899
0.886658 9.9991E-05 0.113242
0.613525 0.316205 0.0702695
0.327521 0.510226 0.162253
0.31149 0.498983 0.189527
0.327061 0.428878 0.244061
0.329523 0.518105 0.152371
0.7193 0.0844323 0.196268
0.672386 0.148895 0.178718
0.625505 0.374395 9.9991E-05
0.568394 0.359126 0.0724797
0.735405 0.155999 0.108597
0.622822 0.370201 0.00697688
0.569526 0.430374 9.9991E-05
0.558717 0.379756 0.0615262
0.836025 0.163875 9.9991E-05
0.808971 0.173611 0.0174183
0.713929 0.273404 0.0126677
0.68424 0.284966 0.0307937
0.594995 0.381569 0.0234357
0.755974 0.243926 9.9991E-05
0.856576 0.0753555 0.0680681
0.613313 0.386587 9.9991E-05
0.892853 0.0742107 0.0329358
0.744544 0.248454 0.00700225
0.681655 0.295307 0.0230388
0.629739 0.330001 0.0402604
0.417105 0.46846 0.114435
0.490885 0.388887 0.120228
0.290951 0.465181 0.243868
0.362076 0.417605 0.220319
0.426797 0.464001 0.109202
0.411528 0.435554 0.152919
0.588155 0.109101 0.302744
0.388976 0.555208 0.0558162
0.372645 0.0826545 0.544701
0.451274 0.512318 0.0364079
0.945035 0.0163942 0.0385707
0.953217 9.9991E-05 0.0466827
0.767915 0.231985 9.9991E-05
0.621228 0.378672 9.9991E-05
0.789054 0.210846 9.9991E-05
0.651082 0.348818 9.9991E-05
0.715832 0.284068 9.9991E-05
0.011425 0.090473 0.898102
0.0795305 0.109645 0.810824
9.9991E-05 0.0555799 0.94432
9.9991E-05 0.0752155 0.924684
0.672971 0.326929 9.9991E-05
0.657485 0.318935 0.02358
0.719017 0.280883 9.9991E-05
0.641136 0.338519 0.0203448
0.578512 0.374828 0.0466595
0.8294 0.12827 0.0423307
0.646907 0.352993 9.9991E-05
0.857281 0.142619 9.9991E-05
0.288539 0.438928 0.272533
0.752792 0.247108 9.9991E-05
0.854189 0.145711 9.9991E-05
0.705134 0.294766 9.9991E-05
0.744473 0.255427 9.9991E-05
0.674653 0.325247 9.9991E-05
0.676157 0.310071 0.0137726
0.985387 9.9991E-05 0.0145134
0.8061 0.1938 9.9991E-05
0.807335 0.192565 9.9991E-05
0.9998 9.999E-05 9.999E-05
0.755771 0.213306 0.0309227
0.966964 9.9991E-05 0.0329364
0.956212 9.9991E-05 0.0436876
0.642978 0.356922 9.9991E-05
0.880898 0.055305 0.0637968
0.749899 0.250001 9.9991E-05
0.573671 0.347026 0.0793032
0.720413 0.267156 0.0124316
0.791927 0.202751 0.005322
0.671633 0.328267 9.9991E-05
0.737754 0.262146 9.9991E-05
0.856065 0.143835 9.9991E-05
0.60355 0.326407 0.0700439
0.226068 9.9991E-05 0.773832
0.141358 0.0104801 0.848162
0.069452 9.9991E-05 0.930448
0.0781193 9.9991E-05 0.921781
0.194448 0.0287431 0.776809
0.876048 0.0344336 0.0895183
0.888421 0.026524 0.0850552
0.893958 0.105942 9.9991E-05
0.540482 0.411069 0.0484483
0.541752 0.400798 0.0574499
0.830866 0.162121 0.00701282
0.615956 0.383944 9.9991E-05
0.720852 0.277564 0.00158405
0.686208 0.309623 0.00416856
0.613886 0.386014 9.9991E-05
0.901241 0.0965538 0.00220553
0.864135 0.135765 9.9991E-05
0.828992 0.138646 0.0323621
0.557401 0.40017 0.0424294
0.808724 0.175288 0.0159888
0.764779 0.235121 9.9991E-05
0.239912 0.661682 0.0984064
0.178122 0.693235 0.128644
0.187883 0.718297 0.0938198
0.0959937 0.716799 0.187207
0.254052 0.631666 0.114282
0.662604 0.306367 0.031029
9.9991E-05 0.660801 0.339099
0.125847 0.694379 0.179774
0.423034 0.390252 0.186714
0.564134 0.315959 0.119906
0.592248 0.287487 0.120266
0.536895 0.375428 0.0876774
0.532436 0.381166 0.0863985
0.0983761 0.700446 0.201178
0.250569 0.6202 0.12923
0.140059 0.754415 0.105527
0.330473 0.539598 0.129929
0.150356 0.651186 0.198458
0.29691 0.610706 0.0923847
0.124463 0.692769 0.182768
0.291934 0.571074 0.136992
0.652588 0.276495 0.0709163
0.236614 0.607442 0.155944
0.0269442 0.678773 0.294283
0.29643 0.589898 0.113673
0.655645 0.0991543 0.245201
0.57641 0.39911 0.02448
0.250803 0.617665 0.131532
0.569445 0.309156 0.121399
0.531446 0.294246 0.174308
0.388734 0.423613 0.187653
0.280588 0.47815 0.241262
0.49412 0.432921 0.0729592
0.293443 0.553686 0.152871
0.199673 0.693442 0.106886
9.9991E-05 0.741251 0.258649
0.490895 0.450056 0.059049
0.620988 0.233845 0.145167
0.709768 0.0605835 0.229648
0.520366 0.401418 0.0782162
0.664549 0.201739 0.133712
0.372163 0.456782 0.171055
0.50197 0.353936 0.144093
0.343109 0.114917 0.541974
0.421118 0.0526663 0.526216
0.518838 0.272732 0.20843
0.330502 0.192661 0.476838
0.15705 0.199333 0.643617
0.486212 0.326262 0.187526
0.395774 0.375607 0.228619
0.396228 0.233703 0.370069
0.430005 0.16186 0.408135
0.449697 0.422642 0.127661
0.436211 0.211493 0.352296
0.367735 0.0396394 0.592626
0.505498 0.40752 0.0869814
0.385517 0.372315 0.242168
0.285068 0.437499 0.277433
0.246653 0.618737 0.13461
0.363165 0.511665 0.12517
0.301711 0.553006 0.145284
0.197241 0.423044 0.379714
0.33606 0.504237 0.159703
0.290729 0.495339 0.213933
0.305255 0.440551 0.254194
0.467264 0.312072 0.220664
0.400099 0.437178 0.162723
0.407631 0.487662 0.104707
0.471845 0.463309 0.0648455
0.250772 0.51802 0.231207
0.319459 0.492997 0.187544
0.184989 0.356013 0.458999
0.406011 0.500333 0.0936558
0.209045 0.447289 0.343666
0.107997 0.026948 0.865055
0.742703 9.9991E-05 0.257197
0.725472 9.9991E-05 0.274428
0.743448 9.9991E-05 0.256452
0.792946 9.9991E-05 0.206954
0.750637 9.9991E-05 0.249263
0.777292 9.9991E-05 0.222608
0.733767 9.9991E-05 0.266133
0.632805 9.9991E-05 0.367095
0.0156698 0.0625195 0.921811
0.0744363 0.0790857 0.846478
0.0368384 0.0916169 0.871545
0.0550279 0.0594783 0.885494
0.00533236 0.0879221 0.906745
9.9991E-05 0.0989602 0.90094
0.0644977 0.206412 0.72909
9.9991E-05 0.126252 0.873648
0.11405 0.163903 0.722047
9.9991E-05 0.11808 0.88182
9.9991E-05 0.0291836 0.970716
9.9991E-05 0.139838 0.860062
9.9991E-05 0.0340349 0.965865
9.9991E-05 0.0832917 0.916608
9.9991E-05 0.136699 0.863201
9.9991E-05 0.105923 0.893977
9.9991E-05 0.173964 0.825936
9.9991E-05 0.178434 0.821466
9.9991E-05 0.217048 0.782852
0.654837 0.167979 0.177184
0.612878 0.366349 0.0207732
0.527152 0.405189 0.0676592
0.750843 0.0246074 0.224549
0.601353 0.273458 0.125189
0.709223 0.0156287 0.275149
0.558005 0.428649 0.0133466
0.637272 0.198421 0.164307
0.567559 0.257783 0.174658
0.684142 0.276874 0.0389841
0.634459 0.237474 0.128067
0.594893 0.405007 9.9991E-05
0.586817 0.297206 0.115976
0.846308 9.9991E-05 0.153592
0.74902 9.9991E-05 0.25088
0.725484 0.0372241 0.237292
0.536063 0.375686 0.0882505
0.608766 0.310749 0.0804847
0.614422 0.33289 0.0526875
0.528075 0.435714 0.0362117
0.382706 0.418389 0.198905
0.32859 0.477705 0.193705
0.310151 0.233853 0.455996
0.511923 0.398104 0.0899729
0.449057 0.341308 0.209635
0.271004 0.158591 0.570406
0.31441 0.385285 0.300305
0.287019 0.333814 0.379167
0.362211 0.33437 0.303419
0.412312 0.46006 0.127628
0.450779 0.414696 0.134525
0.412247 0.494298 0.0934551
0.420124 0.408578 0.171298
0.207015 0.289408 0.503577
