0.0262739 0.936047 0.00135699 0.0363218
9.9982E-05 0.998469 9.9982E-05 0.00133153
0.0983919 0.834428 9.9991E-05 0.0670799
0.0682476 0.822629 0.0465709 0.0625525
0.0781231 0.881286 9.9991E-05 0.0404914
0.0762259 0.664371 0.205993 0.0534105
0.00184634 0.903199 0.0826939 0.0122603
9.999E-05 0.806432 0.166548 0.0269209
9.9982E-05 0.868788 0.131012 9.9982E-05
0.108636 0.761278 0.0439752 0.0861109
0.0623496 0.817119 0.120432 9.9991E-05
0.325834 9.9991E-05 0.572458 0.101608
0.676795 0.0423025 0.245534 0.0353677
0.316511 0.0583459 0.490816 0.134327
0.267018 0.109252 0.428905 0.194826
0.438032 0.142108 0.242473 0.177387
0.58383 0.119751 0.154418 0.142
0.523121 0.00148834 0.31719 0.158201
0.471927 0.168899 0.329114 0.0300594
0.183241 0.171785 0.62943 0.015544
0.576981 0.0841759 0.293525 0.0453183
0.539945 0.0541015 0.309867 0.0960864
0.69831 0.0851908 0.193906 0.0225929
0.311369 0.0678696 0.477964 0.142797
0.595386 0.140538 0.106872 0.157205
0.550531 0.0933824 0.177699 0.178388
0.275811 0.106764 0.528015 0.0894095
0.244001 0.0711259 0.481106 0.203768
0.309644 0.0921274 0.570515 0.0277136
0.0892715 0.855959 9.9991E-05 0.0546695
0.117253 0.864602 9.9991E-05 0.0180453
0.178584 0.812855 9.9991E-05 0.00846106
0.12578 0.729007 9.9991E-05 0.145112
0.635548 0.0895273 0.274825 9.9991E-05
0.656302 0.116429 0.227169 9.9991E-05
0.65701 0.064876 0.206772 0.0713422
0.255257 0.176139 0.568504 9.9991E-05
0.492441 9.9991E-05 0.48442 0.0230385
0.602773 0.155692 0.200712 0.0408227
0.748356 0.0349655 0.169004 0.0476754
0.655198 0.141202 0.181746 0.0218537
0.771099 0.132659 0.096143 9.9991E-05
0.35086 0.0600896 0.58895 9.9991E-05
0.668627 0.0887671 0.164032 0.0785732
0.672168 0.0779907 0.170025 0.0798164
0.684492 0.121282 0.113385 0.0808411
0.574097 9.9982E-05 0.425704 9.9982E-05
0.818198 0.00738443 0.131479 0.0429388
0.614407 0.125226 0.160101 0.100267
0.0153627 0.0630542 0.895164 0.0264194
0.324855 0.0300548 0.64499 9.9991E-05
0.143442 0.0589833 0.729776 0.0677989
0.695009 0.0846622 0.0840059 0.136323
0.60577 0.0659965 0.194269 0.133965
0.642232 0.0827787 0.157127 0.117862
0.266691 0.124934 0.608275 9.99967E-05
0.523946 0.0300859 0.316556 0.129413
0.585236 0.0930158 0.19965 0.122098
0.411978 0.144065 0.377615 0.0663418
0.128093 0.270756 0.549165 0.0519862
0.630385 0.0894795 0.206522 0.0736131
0.449621 0.0857641 0.386586 0.0780293
0.154565 0.127362 0.717973 9.9991E-05
0.551472 0.0170271 0.362332 0.0691693
0.650116 9.9991E-05 0.206095 0.143689
0.622952 0.116292 0.152118 0.108638
0.376098 0.0907887 0.481184 0.0519298
0.560026 9.9991E-05 0.307846 0.132029
0.628414 0.100245 0.265714 0.00562651
0.272066 0.0495484 0.646742 0.0316435
0.700699 9.9982E-05 0.299101 9.9982E-05
0.466331 9.9982E-05 0.533469 9.9982E-05
0.597541 0.0345393 0.256578 0.111342
0.196855 9.9991E-05 0.798411 0.00463464
0.188659 9.9982E-05 0.811141 9.9982E-05
0.524801 9.9982E-05 0.474999 9.9982E-05
0.669861 0.00175671 0.328282 9.9991E-05
0.695879 0.0794598 0.166788 0.0578727
0.566203 0.0249574 0.350689 0.05815
0.405763 0.00233914 0.576526 0.015372
0.473421 0.0332778 0.493201 9.9991E-05
0.732868 0.0486125 0.21842 9.9991E-05
0.565312 9.9982E-05 0.434488 9.9982E-05
0.635814 0.0365703 0.310595 0.0170206
0.596029 9.9982E-05 0.403771 9.9982E-05
0.211108 9.9991E-05 0.742136 0.0466552
0.871235 0.0155856 0.101961 0.0112189
0.0717216 0.817512 9.9991E-05 0.110666
0.0718723 0.927928 9.9982E-05 9.9982E-05
0.0781432 0.87553 9.9991E-05 0.0462271
0.0242716 0.901924 9.9991E-05 0.0737044
0.0525275 0.896843 9.9991E-05 0.0505295
0.0109815 0.896039 0.0270664 0.0659128
0.0184549 0.926257 9.9991E-05 0.0551879
0.557913 0.126532 0.186693 0.128861
0.640649 0.106401 0.164934 0.0880155
0.273756 0.00368003 0.722464 9.9991E-05
0.67487 0.162381 0.133818 0.0289313
0.653209 0.0138575 0.332833 9.9991E-05
0.741628 9.9991E-05 0.196054 0.0622176
0.735644 0.08128 0.179056 0.00402024
0.699949 9.9991E-05 0.261668 0.0382828
0.178392 0.0779149 0.743593 9.9991E-05
0.615489 0.146186 0.131309 0.107017
0.798223 0.072238 0.129313 0.000225632
0.561937 0.145783 0.189568 0.102711
0.51834 9.9991E-05 0.467775 0.013785
0.715579 0.0230977 0.261223 9.9991E-05
0.595789 0.0574147 0.346696 9.9991E-05
0.533026 9.9991E-05 0.40003 0.0668436
0.703595 0.0302824 0.266023 9.9991E-05
0.571942 0.122168 0.231002 0.0748882
0.270905 0.0612289 0.573577 0.0942888
0.517381 0.188712 0.240631 0.053276
0.708892 0.08226 0.162545 0.0463024
0.667445 0.146036 0.186419 9.9991E-05
0.579848 0.091374 0.313458 0.0153194
0.674317 0.0466078 0.226078 0.0529976
0.534159 0.0988828 0.309725 0.0572334
0.630975 0.0741766 0.281505 0.0133434
0.620861 0.0832376 0.221195 0.0747062
0.730121 0.116358 0.151891 0.00163076
0.663482 9.9982E-05 0.336318 9.9982E-05
0.712205 0.103243 0.184452 9.9991E-05
0.624013 0.0524724 0.194621 0.128893
0.627441 0.0091385 0.239359 0.124062
0.558214 0.0684153 0.298326 0.0750443
0.479506 0.0311737 0.311728 0.177593
0.465204 0.18358 0.351116 9.9991E-05
0.629946 0.0657609 0.183127 0.121166
0.754043 0.0488017 0.106058 0.0910975
0.405689 0.0819213 0.512289 9.9991E-05
0.1828 0.0743293 0.64895 0.0939207
0.609094 0.0798439 0.213194 0.0978675
0.0744717 9.9991E-05 0.784814 0.140614
0.381586 0.134606 0.483708 9.9991E-05
0.54429 0.0496527 0.405957 9.9991E-05
0.456711 0.0504756 0.492714 9.9991E-05
0.394952 0.0795638 0.525384 9.9991E-05
0.735605 0.149405 0.10294 0.0120494
0.614879 0.0890066 0.133697 0.162418
0.593079 0.119719 0.244905 0.0422962
0.198474 0.00611593 0.657302 0.138108
0.684427 0.160956 0.154517 9.9991E-05
0.567063 0.0859792 0.297175 0.0497829
0.0891467 0.21437 0.681902 0.0145813
0.709356 0.0727343 0.151189 0.0667214
0.37743 0.0795634 0.446599 0.0964075
0.573957 0.0685736 0.248272 0.109197
0.313017 0.202302 0.447935 0.0367452
0.345381 0.145524 0.508996 9.9991E-05
0.550527 0.062092 0.387281 9.9991E-05
0.58254 0.179256 0.152148 0.0860557
0.498309 0.0933433 0.306323 0.102025
9.9991E-05 0.056739 0.687853 0.255308
0.578376 0.0971165 0.236549 0.0879583
0.532207 9.9982E-05 0.467593 9.9982E-05
0.536806 9.9991E-05 0.453129 0.00996513
0.701926 0.1418 0.102111 0.0541638
0.138702 0.339143 0.201584 0.320572
9.9991E-05 0.637711 0.174205 0.187985
9.9991E-05 0.507399 0.25774 0.234761
0.0899196 0.445453 0.130493 0.334135
0.738912 0.0192612 0.189307 0.0525199
0.489344 0.094855 0.269165 0.146636
0.269864 9.9982E-05 9.9982E-05 0.729936
0.294885 0.026281 0.141826 0.537008
0.411098 0.0311133 0.104586 0.453203
0.378265 0.00407595 0.526031 0.0916278
0.550512 0.042331 0.273223 0.133934
0.273302 0.0164081 0.62995 0.0803401
0.626141 0.0358052 0.301867 0.0361872
0.52359 0.0419687 0.350203 0.0842381
0.669447 0.053332 0.181821 0.0953995
0.241048 0.0561108 0.620848 0.081993
0.69225 0.0673962 0.150481 0.0898729
0.591103 0.0682275 0.226944 0.113725
0.0155651 9.9982E-05 9.9982E-05 0.984235
0.0881519 9.9982E-05 9.9982E-05 0.911648
0.306905 0.0321347 0.0575102 0.60345
0.329701 9.9982E-05 9.9982E-05 0.670099
0.0881649 0.0469469 0.00572304 0.859165
9.998E-05 9.998E-05 9.998E-05 0.9997
9.9982E-05 9.9982E-05 0.0133461 0.986454
0.100959 9.9982E-05 9.9982E-05 0.898841
0.0014485 9.9991E-05 0.00381575 0.994636
9.998E-05 9.998E-05 9.998E-05 0.9997
9.998E-05 9.998E-05 9.998E-05 0.9997
0.190834 0.0340789 9.9991E-05 0.774987
0.0686637 0.0313165 0.0226742 0.877346
9.998E-05 9.998E-05 9.998E-05 0.9997
0.33595 0.0485254 0.122829 0.492696
0.242745 0.0906805 0.0238856 0.642689
0.199846 0.0390731 9.9991E-05 0.76098
0.0897198 0.0626997 9.9991E-05 0.847481
0.0334254 9.9982E-05 9.9982E-05 0.966375
0.0924409 0.0212474 9.9991E-05 0.886212
9.998E-05 9.998E-05 9.998E-05 0.9997
0.237749 0.101042 0.023417 0.637792
0.0079279 9.9991E-05 0.082441 0.909531
9.9991E-05 0.396881 0.466328 0.136691
0.540571 0.216486 0.181576 0.0613677
0.437775 0.227212 0.210754 0.124259
0.13881 0.260327 0.357974 0.242889
0.453429 0.17048 0.207026 0.169066
0.243996 0.35795 0.252412 0.145642
0.482006 0.206384 0.168755 0.142856
0.2967 0.162551 0.249517 0.291232
0.439185 0.194716 0.135976 0.230123
0.311039 0.223608 0.158749 0.306604
0.597466 0.211908 0.16392 0.0267057
0.0739248 0.883509 0.0424664 9.9991E-05
9.9982E-05 0.8906 9.9982E-05 0.1092
0.0259332 0.973867 9.9982E-05 9.9982E-05
0.021678 0.978122 9.9982E-05 9.9982E-05
0.0283512 0.93608 9.9991E-05 0.0354692
9.9982E-05 0.902003 9.9982E-05 0.0977974
0.00789605 0.876783 9.9991E-05 0.115221
9.9991E-05 0.911239 0.0625943 0.026067
0.0386982 0.912 9.9991E-05 0.0492018
0.020599 0.837313 9.9991E-05 0.141988
9.9982E-05 0.682037 0.317763 9.9982E-05
0.0285725 0.685593 0.285735 9.9991E-05
9.9982E-05 0.592658 0.407142 9.9982E-05
0.0319541 0.557374 0.410572 9.9991E-05
0.60063 0.0771221 0.302721 0.0195271
0.705045 0.0136692 0.27549 0.00579616
0.723758 0.030923 0.244565 0.000754466
0.553703 0.0617797 0.384417 9.9991E-05
0.322079 0.0483778 0.629444 9.9991E-05
0.708613 0.0457835 0.154755 0.090849
0.743056 0.0156008 0.23126 0.0100835
0.62777 9.9991E-05 0.364729 0.00740107
0.591359 9.9991E-05 0.384289 0.0242517
0.771044 0.0690636 0.129544 0.0303485
0.608772 9.9982E-05 0.391028 9.9982E-05
0.107958 9.9991E-05 0.869104 0.0228385
0.621896 0.0939099 0.284094 9.9991E-05
0.399883 9.9991E-05 0.543292 0.0567253
0.742529 9.9982E-05 0.257271 9.9982E-05
0.332407 0.023656 0.643837 9.9991E-05
0.0107501 0.256013 0.733137 9.9991E-05
0.148362 0.251864 0.599673 9.9991E-05
0.0501393 0.206852 0.742909 9.9991E-05
0.0212233 0.268363 0.710313 9.9991E-05
0.102757 0.134424 0.714135 0.0486847
0.149971 0.234868 0.615061 9.9991E-05
0.0801868 0.855185 9.9991E-05 0.0645287
0.102034 0.886801 9.9991E-05 0.0110652
0.115839 0.796065 9.9991E-05 0.0879965
0.00156848 0.772327 0.0593239 0.166781
0.0801447 0.845165 9.9991E-05 0.0745901
9.9982E-05 0.492374 0.507426 9.9982E-05
9.9982E-05 0.56395 0.43585 9.9982E-05
9.9982E-05 0.533715 0.466085 9.9982E-05
0.1112 0.839163 9.9991E-05 0.0495364
9.9982E-05 0.461587 0.538213 9.9982E-05
0.248876 0.218067 0.106972 0.426084
0.648687 0.102339 0.0111827 0.237791
0.552042 0.152762 9.9991E-05 0.295097
0.238957 0.242711 0.151951 0.366381
0.616988 0.219041 0.0156518 0.148319
9.9991E-05 0.495514 0.141784 0.362602
0.546903 0.0657334 0.387263 9.9991E-05
0.427675 0.0314363 0.463477 0.0774118
0.390538 0.166592 0.432538 0.0103318
0.552931 0.00891228 0.39614 0.0420162
9.998E-05 9.998E-05 0.9997 9.998E-05
0.614887 0.0745777 0.224307 0.0862285
0.58526 0.0543531 0.345786 0.0146015
0.473413 0.0781582 0.448329 9.9991E-05
0.520231 0.107207 0.292035 0.0805264
0.129067 9.9991E-05 0.80058 0.0702528
0.506539 9.9991E-05 0.381058 0.112304
0.581114 0.0466481 0.314888 0.0573498
0.449099 0.171406 0.157254 0.222242
0.421547 9.9991E-05 0.526994 0.0513593
0.498439 0.0493017 0.390457 0.0618025
0.445537 0.00857274 0.380766 0.165124
0.690304 0.0575499 0.252046 9.9991E-05
0.710187 0.0589977 0.143331 0.0874846
0.671471 0.109326 0.172466 0.0467369
0.645294 0.0991957 0.227657 0.027853
0.0961054 0.784163 9.9991E-05 0.119632
0.115772 0.87882 9.9991E-05 0.00530794
0.0657936 0.806701 0.127405 9.9991E-05
0.0523199 0.835904 0.0814923 0.0302836
0.144113 0.855687 9.9982E-05 9.9982E-05
0.22034 0.0743098 0.627313 0.078038
0.515361 0.107895 0.319865 0.0568788
0.438934 0.275339 0.10007 0.185658
0.677732 0.02698 0.193708 0.10158
0.636065 0.0661664 0.297669 9.9991E-05
0.289402 0.0362201 0.562067 0.112311
0.0764712 0.232145 0.691283 9.9991E-05
0.650637 0.0496661 0.299597 9.9991E-05
0.182684 0.0979462 0.632959 0.0864113
0.457506 0.00175114 0.39943 0.141313
0.149482 0.216626 0.59939 0.0345013
0.698924 0.117085 0.137551 0.046439
0.233588 0.162522 0.599483 0.00440734
0.379873 0.0374397 0.467525 0.115162
0.537209 0.0582473 0.322458 0.0820853
0.396525 0.0996351 0.49014 0.0137
0.686406 0.134071 0.164462 0.0150604
0.629522 0.137752 0.183782 0.0489434
0.489353 0.0470349 0.460403 0.00320968
0.618844 0.0945942 0.217059 0.069503
0.70988 0.083511 0.206509 9.9991E-05
0.202974 9.9991E-05 0.788209 0.00871672
0.384424 0.0379749 0.564216 0.0133857
0.523111 0.0401866 0.360657 0.0760454
0.303253 0.0409901 0.655657 9.9991E-05
0.55006 0.0128576 0.436983 9.9991E-05
0.237176 0.066471 0.68709 0.00926325
0.306216 9.9991E-05 0.614507 0.0791767
0.492684 0.0461484 0.387914 0.0732536
0.658117 0.0491239 0.186663 0.106097
0.361676 0.0240593 0.614164 9.9991E-05
0.472516 0.0623634 0.256718 0.208403
0.594109 0.0821511 0.189589 0.134151
0.529086 0.081317 0.293417 0.09618
0.496332 0.0616617 0.329142 0.112865
0.550897 0.0703287 0.330541 0.0482335
0.348401 0.0213567 0.541804 0.0884385
0.382613 0.0314739 0.454717 0.131196
0.58688 9.9991E-05 0.271266 0.141754
0.549083 0.101845 0.210078 0.138994
0.512401 0.119112 0.368388 9.9991E-05
0.532272 9.9991E-05 0.31894 0.148688
0.44351 0.129076 0.407758 0.0196567
0.691669 0.0181707 0.202783 0.0873771
0.605414 0.0864348 0.227021 0.0811307
0.543173 0.0902343 0.230777 0.135816
0.459976 0.392861 0.00835221 0.138811
0.474855 0.176029 0.091609 0.257507
0.522308 0.108268 0.141427 0.227997
0.674195 0.112007 0.083418 0.13038
0.496677 0.196731 0.0289609 0.27763
0.519359 9.9991E-05 0.407105 0.0734352
0.504269 0.180728 0.151643 0.16336
9.9991E-05 0.251352 0.493866 0.254682
0.566547 0.183681 0.0758525 0.17392
0.607911 0.09866 0.0375216 0.255907
0.518203 0.134343 0.0998689 0.247586
0.369385 0.21897 0.242508 0.169136
0.544492 0.257291 0.0336791 0.164538
0.54221 0.185813 0.0416963 0.230281
9.9991E-05 0.509736 0.22496 0.265203
0.598434 0.188713 0.059074 0.153779
0.586856 0.138626 9.9991E-05 0.274419
0.62297 0.130483 0.0839469 0.1626
0.553633 0.185115 9.9991E-05 0.261152
0.492772 0.195636 0.102209 0.209384
0.508364 0.0207835 0.342631 0.128221
0.505627 0.0788831 0.277966 0.137523
0.0623772 9.9991E-05 0.854564 0.0829584
0.121872 9.9991E-05 0.84107 0.0369581
0.528917 0.0531838 0.273549 0.14435
0.351963 0.0543743 0.108545 0.485118
0.334956 0.0961342 0.10653 0.46238
0.160132 0.253398 0.224803 0.361666
0.323179 0.220196 0.107432 0.349193
0.107568 0.129156 0.557174 0.206101
0.170358 0.0336117 0.526702 0.269328
0.607218 0.00904564 0.187462 0.196275
0.463194 0.0167845 0.283312 0.236709
0.206358 0.0203646 0.509655 0.263622
0.568388 9.9991E-05 0.226489 0.205023
0.619216 9.9991E-05 0.191225 0.189459
0.434832 0.144732 0.212541 0.207895
0.497267 0.0194354 0.483198 9.9991E-05
0.364095 9.9991E-05 0.49343 0.142375
0.607041 0.0322348 0.263447 0.0972774
0.38907 0.125489 0.437966 0.0474747
0.513341 0.0755957 0.253385 0.157678
0.532309 9.9991E-05 0.407111 0.0604799
0.286356 9.9991E-05 0.664934 0.0486106
0.609884 0.00931584 0.265802 0.114998
0.293175 9.9991E-05 0.640714 0.0660112
0.504527 0.0348392 0.389277 0.0713575
0.590022 0.0342439 0.296366 0.0793674
0.427504 9.9991E-05 0.428908 0.143488
0.589859 0.216653 0.0105131 0.182974
0.498855 0.106227 0.232848 0.16207
0.41323 0.144687 0.143871 0.298212
0.316331 0.205929 0.230448 0.247291
0.46865 0.181353 0.0896906 0.260306
0.564037 0.140658 0.103845 0.19146
9.9991E-05 0.204249 0.562732 0.232918
0.552396 0.0527088 0.0621295 0.332765
9.9991E-05 0.421735 0.363332 0.214833
0.501832 0.0687627 0.155968 0.273437
0.30356 9.9982E-05 0.69624 9.9982E-05
0.0126509 9.9991E-05 0.899513 0.087736
0.504085 9.9991E-05 0.443489 0.0523261
0.65026 0.0171078 0.198216 0.134416
0.561244 9.9982E-05 0.438556 9.9982E-05
0.675371 9.9991E-05 0.308612 0.0159176
0.687628 9.9991E-05 0.260695 0.0515775
0.0581008 0.818134 0.0511554 0.0726103
9.9991E-05 0.754392 0.128448 0.11706
9.9982E-05 0.926585 9.9982E-05 0.0732146
0.0543063 0.945494 9.9982E-05 9.9982E-05
0.66529 0.0905954 0.244014 9.9991E-05
0.669437 0.0349359 0.242307 0.0533205
0.697796 9.9982E-05 0.302004 9.9982E-05
0.723887 0.195394 0.0806192 9.9991E-05
0.629362 0.152149 0.208407 0.0100826
0.407363 0.0175902 0.574946 9.9991E-05
0.844611 9.9991E-05 0.12626 0.0290284
0.559149 0.0440281 0.396723 9.9991E-05
0.550069 0.269693 0.0175875 0.16265
0.59344 9.9991E-05 0.388663 0.0177969
0.510111 9.9982E-05 0.489689 9.9982E-05
0.704843 0.0140695 0.266318 0.0147692
0.597555 9.9982E-05 0.402245 9.9982E-05
0.728211 9.9991E-05 0.201578 0.0701105
0.743017 0.0238635 0.209475 0.0236449
0.327232 9.9982E-05 0.672568 9.9982E-05
0.460202 9.9991E-05 0.488362 0.0513364
0.515489 0.00958785 0.474823 9.9991E-05
0.194339 9.9982E-05 0.805461 9.9982E-05
0.629917 9.9982E-05 0.369883 9.9982E-05
0.301851 9.9991E-05 0.670608 0.0274408
0.06025 9.9991E-05 0.916704 0.0229457
0.670504 0.0188205 0.260925 0.0497505
0.426133 0.0505073 0.523259 9.9991E-05
0.656369 0.0687471 0.272654 0.00223058
0.659035 0.0557074 0.199411 0.0858461
0.728059 0.0160962 0.255745 9.9991E-05
0.419469 9.9991E-05 0.487934 0.0924969
0.732619 9.9982E-05 0.267181 9.9982E-05
0.614594 0.0188443 0.313487 0.0530746
0.581764 9.9982E-05 0.418036 9.9982E-05
0.646009 0.0907175 0.251254 0.0120201
0.0168002 0.701828 0.281272 9.9991E-05
0.0759961 0.776056 0.147848 9.9991E-05
9.9982E-05 0.858543 0.141257 9.9982E-05
9.9982E-05 0.847761 0.152039 9.9982E-05
0.0436861 0.802052 0.154162 9.9991E-05
0.343618 0.0302647 0.602518 0.0235997
0.340157 0.0547706 0.604972 9.9991E-05
0.412483 9.9982E-05 0.587318 9.9982E-05
0.709176 0.0966739 0.142437 0.0517139
0.657554 0.164948 0.14437 0.0331286
0.496413 0.00718423 0.496302 9.9991E-05
0.724234 9.9991E-05 0.182856 0.0928094
0.530469 0.0667193 0.33337 0.0694414
0.693794 0.0700135 0.195708 0.0404845
0.732946 0.101651 0.12864 0.0367629
0.460839 9.9982E-05 0.538961 9.9982E-05
0.588083 9.9982E-05 0.411717 9.9982E-05
0.524358 9.9982E-05 0.475442 9.9982E-05
0.729664 0.129519 0.127939 0.0128781
0.646743 0.014253 0.338904 9.9991E-05
0.641224 0.0480344 0.310642 9.9991E-05
0.42011 0.101161 0.0675508 0.411178
0.31676 0.153196 0.0659369 0.464107
0.471603 0.101069 9.9991E-05 0.427228
0.337301 0.13685 9.9991E-05 0.525749
0.436445 0.0627658 0.107399 0.393391
0.626593 9.9991E-05 0.291777 0.0815302
0.0285739 0.214866 9.9991E-05 0.75646
0.262043 0.236834 9.9991E-05 0.501023
0.467954 0.148437 0.170596 0.213013
0.678224 0.198651 0.123025 9.9991E-05
0.460094 0.152371 0.321506 0.0660278
0.622075 0.189801 0.133973 0.0541511
0.708251 0.0938471 0.114938 0.0829647
0.358576 0.162506 9.9991E-05 0.478818
0.409805 0.172713 9.9991E-05 0.417382
0.407287 0.0730424 9.9991E-05 0.51957
0.364786 0.11306 0.122882 0.399273
0.262267 0.129765 0.0190292 0.588939
0.333042 0.141043 0.122775 0.40314
0.28934 0.183516 9.9991E-05 0.527043
0.517242 0.111255 0.0477171 0.323786
0.636264 0.118918 0.174456 0.0703611
0.356668 0.217398 0.0664183 0.359516
0.111218 0.150946 0.00401119 0.733824
0.286776 0.105944 0.13972 0.46756
0.310386 0.214755 0.474758 9.9991E-05
0.64029 9.9991E-05 0.233877 0.125734
0.439095 0.16328 0.0893169 0.308308
0.688672 0.102711 0.165992 0.0426261
0.585825 0.232012 0.182064 9.9991E-05
0.365052 0.205865 0.150827 0.278256
0.379222 0.280115 0.0653463 0.275317
0.649092 0.081909 0.0917 0.177299
0.457323 0.0989926 0.0624974 0.381187
0.427288 0.058044 9.9991E-05 0.514568
0.171526 0.18984 9.9991E-05 0.638534
0.69008 0.20716 0.0550391 0.0477212
0.598515 0.164053 0.237332 9.9991E-05
0.18367 0.156898 0.519277 0.140156
0.541328 0.120642 0.218428 0.119603
0.503832 0.124064 0.340992 0.0311115
0.601686 0.221798 0.0403862 0.136129
0.311913 0.106003 0.342182 0.239902
9.9991E-05 0.36104 0.358987 0.279873
9.9991E-05 0.360343 0.381913 0.257644
0.259047 0.177598 0.367809 0.195547
0.00363821 0.377262 0.326251 0.292849
9.9991E-05 0.514671 0.202929 0.2823
0.433691 0.234229 0.215198 0.116882
0.456585 0.248846 0.148788 0.145782
0.178269 0.337549 0.261032 0.22315
0.0919639 0.316055 0.368002 0.223978
0.535769 0.0757258 0.247244 0.141262
0.14584 0.232741 0.415101 0.206318
9.9991E-05 0.526581 0.325545 0.147775
0.563388 0.14794 0.148819 0.139853
0.316632 0.212107 0.163317 0.307943
0.607898 0.299966 0.0211297 0.0710065
0.5523 0.145925 9.9991E-05 0.301675
0.543239 0.22448 0.0370316 0.195249
0.502755 0.164737 0.0733327 0.259175
0.420505 0.346685 0.0360769 0.196733
0.569372 0.25834 9.9991E-05 0.172188
0.402218 0.237576 0.0413215 0.318885
0.300228 0.24643 0.169778 0.283564
0.33732 0.15921 0.324035 0.179435
0.536246 0.188973 0.129952 0.144829
0.533656 0.141244 0.134181 0.190919
0.728838 0.136569 0.0495754 0.0850174
0.415279 0.340348 0.0152028 0.22917
0.544645 0.232173 0.016475 0.206707
0.192824 0.419791 0.122826 0.264559
0.555206 0.207559 9.9991E-05 0.237135
0.24936 0.259792 0.100267 0.390582
9.9991E-05 0.818785 0.157276 0.0238391
0.181897 0.17804 0.639963 9.9991E-05
0.00933837 0.180109 0.810452 9.9991E-05
0.0198892 0.208465 0.771546 9.9991E-05
0.0890638 0.142438 0.768398 9.9991E-05
0.0860441 0.147008 0.761623 0.00532484
0.160879 0.131638 0.707384 9.9991E-05
0.00792286 0.268566 0.723411 9.9991E-05
0.0817079 0.390603 0.527589 9.9991E-05
0.011822 0.919029 0.0339838 0.0351656
0.00505666 0.843906 0.119885 0.031153
0.0675502 0.855396 9.9991E-05 0.0769542
0.0428803 0.876746 0.0802735 9.9991E-05
9.9991E-05 0.898565 0.0191275 0.0822075
0.0138918 0.937017 0.0489916 9.9991E-05
0.0120747 0.772933 0.0437194 0.171273
0.0150986 0.86479 9.9991E-05 0.120012
0.0785714 0.763054 0.100737 0.0576376
9.9982E-05 0.91674 9.9982E-05 0.0830602
9.9982E-05 0.967671 0.0321293 9.9982E-05
9.9991E-05 0.853418 0.0341381 0.112344
0.00704832 0.969266 9.9991E-05 0.0235861
0.0305218 0.919612 9.9991E-05 0.0497665
0.0741692 0.878883 9.9991E-05 0.0468483
0.12187 0.820757 9.9991E-05 0.0572735
0.0697222 0.796308 9.9991E-05 0.13387
0.109117 0.813777 9.9991E-05 0.0770055
0.101421 0.808685 9.9991E-05 0.0897943
0.480621 0.19058 0.259962 0.0688366
0.844298 0.0804737 0.0751283 9.9991E-05
0.707693 0.179116 0.0644741 0.0487169
0.203764 0.116566 0.613266 0.0664027
0.612137 0.169685 0.218078 9.9991E-05
0.175358 0.245867 0.528116 0.0506588
0.74525 0.195172 0.028526 0.0310525
0.57291 0.157139 0.269851 9.9991E-05
0.639128 0.103871 0.221573 0.035429
0.633619 0.0763308 0.28995 9.9991E-05
0.596746 0.14073 0.246147 0.016376
0.724327 0.0986067 0.176967 9.9991E-05
0.651476 0.158382 0.180484 0.00965755
0.0460135 0.0173251 0.812508 0.124153
9.9991E-05 0.0913845 0.847948 0.0605674
0.184789 0.142112 0.596028 0.0770715
0.66624 0.163768 0.0946173 0.0753755
0.594232 0.136647 0.251216 0.0179055
0.722346 0.18412 0.0879213 0.00561243
0.806454 0.0842703 0.0502472 0.0590282
0.515607 0.220001 0.0853681 0.179024
0.605707 0.167 0.0395764 0.187717
0.10995 0.369232 0.294084 0.226734
0.714209 0.203301 0.0823897 9.9991E-05
0.381646 0.282638 0.123272 0.212444
9.9991E-05 0.452725 0.311583 0.235592
0.374045 0.307852 0.127428 0.190674
0.328056 0.366758 0.113725 0.191462
0.506865 0.397872 0.0557315 0.0395317
0.516141 0.132724 0.139527 0.211608
0.607798 0.280867 9.9991E-05 0.111235
0.590295 0.194764 0.040239 0.174702
0.531012 0.211895 0.0775243 0.179568
0.345052 0.50804 0.0102274 0.136681
