0.0433738 9.9991E-05 0.0443054 0.912221
0.0105804 0.03586 9.9991E-05 0.95346
0.0968103 9.9991E-05 0.0731014 0.829988
0.0539261 0.0347038 0.0591938 0.852176
0.0139848 0.0154918 0.0849425 0.885581
0.0508164 0.187547 0.115987 0.64565
9.9991E-05 0.117939 0.0199232 0.862037
0.0202019 0.171758 0.030407 0.777633
9.9982E-05 0.149732 9.9982E-05 0.850068
0.110426 0.0808062 0.0749924 0.733776
0.0284689 0.167339 9.9991E-05 0.804092
0.379549 0.502884 0.0461718 0.0713948
0.616189 0.184428 0.0977538 0.10163
0.351287 0.448056 0.0830066 0.117651
0.412289 0.348079 0.118073 0.121559
0.389989 0.234307 0.205923 0.169781
0.621631 0.180097 0.126386 0.0718861
0.541713 0.316038 0.11711 0.0251391
0.455223 0.287687 0.0277137 0.229376
0.087476 0.697767 0.0482813 0.166476
0.481288 0.369082 0.122346 0.0272841
0.55035 0.2437 0.090374 0.115576
0.701255 0.179782 0.0470461 0.0719165
0.397393 0.437143 0.121217 0.0442469
0.679005 0.141435 0.106231 0.0733296
0.659465 0.2037 0.0811951 0.0556394
0.323585 0.485267 0.0880664 0.103082
0.259616 0.451081 0.191982 0.0973204
0.378266 0.540186 9.9991E-05 0.081449
0.0858953 9.9991E-05 0.0578144 0.85619
0.168694 9.9982E-05 9.9982E-05 0.831106
0.206329 9.9991E-05 0.0132312 0.78034
0.13122 9.9991E-05 0.12415 0.74453
0.725587 0.215939 9.9991E-05 0.0583733
0.669382 0.18208 9.9991E-05 0.148437
0.752463 0.18338 0.0491359 0.0150212
0.3067 0.512795 9.9991E-05 0.180405
0.566202 0.393501 0.0401961 9.9991E-05
0.654123 0.235427 0.0405859 0.069864
0.828512 0.114907 0.0119172 0.0446639
0.654507 0.21021 9.9991E-05 0.135183
0.792317 0.0741199 0.00394183 0.129621
0.386217 0.593002 9.9991E-05 0.0206811
0.64945 0.142603 0.134068 0.0738785
0.698557 0.129452 0.0852792 0.0867118
0.62614 0.151552 0.0609655 0.161343
0.631185 0.368615 9.9982E-05 9.9982E-05
0.723841 0.161079 0.11498 9.99908E-05
0.649283 0.171467 0.039521 0.139728
0.0262702 0.880049 0.0032892 0.0903915
0.313832 0.673648 9.9991E-05 0.0124206
0.161147 0.676169 0.102993 0.0596904
0.576483 0.163205 0.17506 0.0852521
0.669964 0.150615 0.0940815 0.0853401
0.649689 0.0741957 0.114246 0.16187
0.289753 0.573982 9.9991E-05 0.136165
0.69276 0.222698 0.00642199 0.0781203
0.627639 0.176325 0.15645 0.0395867
0.474466 0.37726 9.9991E-05 0.148174
0.0902483 0.542771 0.105328 0.261653
0.593484 0.27159 0.0506686 0.0842576
0.437154 0.371119 0.0833721 0.108354
0.164847 0.69771 9.9991E-05 0.137344
0.528692 0.395423 0.0757845 9.9991E-05
0.756064 0.127266 0.101765 0.0149042
0.588527 0.234517 0.100798 0.0761581
0.385194 0.446264 0.082248 0.0862935
0.555704 0.337489 0.0818089 0.0249985
0.686286 0.198177 0.00378588 0.111751
0.347289 0.575878 9.9991E-05 0.0767327
0.751076 0.248724 9.9982E-05 9.9982E-05
0.489454 0.503478 9.9991E-05 0.00696786
0.612208 0.20421 0.0580955 0.125486
0.253704 0.746096 9.9982E-05 9.9982E-05
0.256756 0.743044 9.9982E-05 9.9982E-05
0.517051 0.482749 9.9982E-05 9.9982E-05
0.638678 0.3045 9.9991E-05 0.0567222
0.697532 0.0521939 0.0223266 0.227947
0.615058 0.347142 0.0376995 9.9991E-05
0.441207 0.534945 9.9991E-05 0.0237476
0.410861 0.514631 9.9991E-05 0.0744087
0.648394 0.18181 0.0931963 0.0765992
0.514561 0.461159 9.9991E-05 0.0241803
0.628392 0.282188 9.9991E-05 0.0893195
0.635697 0.364103 9.9982E-05 9.9982E-05
0.184658 0.7791 0.0361426 9.9991E-05
0.741478 0.176979 0.00814937 0.0733938
0.166394 9.9982E-05 9.9982E-05 0.833406
0.0761176 9.9982E-05 9.9982E-05 0.923682
0.0947805 9.9991E-05 0.0277917 0.877328
0.0260007 9.9991E-05 0.0246434 0.949256
0.089221 9.9991E-05 0.0407954 0.869884
0.0357792 9.9991E-05 0.0685242 0.895597
0.0180105 9.9991E-05 0.0524093 0.92948
0.684312 0.086584 0.0606005 0.168503
0.676559 0.167847 0.0907686 0.0648251
0.252788 0.747012 9.9982E-05 9.9982E-05
0.669631 0.129066 0.0879357 0.113367
0.646777 0.302188 9.9991E-05 0.0509347
0.626756 0.171758 0.101847 0.099639
0.657361 0.235252 0.0180578 0.0893289
0.791601 0.181556 9.9991E-05 0.0267428
0.175086 0.761769 9.9991E-05 0.063045
0.567076 0.148309 0.139547 0.145068
0.824793 0.113115 9.9991E-05 0.0619925
0.677055 0.101315 0.0711801 0.15045
0.477429 0.476302 0.040568 0.00570025
0.673485 0.298689 0.0241027 0.0037239
0.68868 0.272423 9.9991E-05 0.0387971
0.605472 0.34995 0.0444773 9.9991E-05
0.655801 0.302388 9.9991E-05 0.0417112
0.704019 0.0653272 0.0614897 0.169164
0.320343 0.538639 0.0610126 0.0800052
0.514743 0.272987 0.0762326 0.136037
0.58648 0.203082 0.108885 0.101553
0.668383 0.109903 0.112103 0.109611
0.61128 0.302978 0.0380903 0.0476515
0.58272 0.286373 0.0958793 0.0350278
0.535919 0.323378 0.0463349 0.0943679
0.57642 0.249248 0.135573 0.038759
0.68697 0.167415 0.0402549 0.10536
0.771636 0.135557 0.0108114 0.0819948
0.685205 0.275657 9.9991E-05 0.0390376
0.675435 0.140053 0.160811 0.0237009
0.66149 0.106788 0.110001 0.121721
0.673477 0.226658 0.0861404 0.0137237
0.599196 0.176068 0.169849 0.0548865
0.587878 0.194315 0.141405 0.0764032
0.460206 0.339462 0.0796912 0.120641
0.694673 0.1551 0.0704213 0.0798054
0.676027 0.159859 0.108427 0.0556872
0.378152 0.482214 0.0449004 0.0947333
0.17322 0.634902 0.118821 0.0730568
0.614589 0.221455 0.0835935 0.0803629
0.109868 0.730449 0.159583 9.9991E-05
0.43541 0.488708 9.9991E-05 0.0757816
0.544696 0.383982 9.9991E-05 0.0712219
0.420492 0.498788 9.9991E-05 0.0806199
0.455324 0.480347 0.0218458 0.0424832
0.808439 0.0719348 9.9991E-05 0.119526
0.549011 0.190385 0.132369 0.128235
0.619543 0.234856 0.0718882 0.0737132
0.172902 0.638897 0.0933274 0.0948733
0.504946 0.252716 0.109745 0.132594
0.521353 0.270773 0.163344 0.0445296
0.0383289 0.700553 0.0653683 0.19575
0.705422 0.0621959 0.106997 0.125385
0.434668 0.409121 0.0882897 0.0679215
0.530463 0.242925 0.118097 0.108515
0.360307 0.466672 0.00955563 0.163466
0.278237 0.566433 9.9991E-05 0.155231
0.547211 0.313994 0.00526482 0.133531
0.478872 0.253323 0.176401 0.0914039
0.427243 0.268869 0.137335 0.166552
0.0353841 0.673531 0.23892 0.0521653
0.664239 0.240957 0.018421 0.0763826
0.528178 0.463695 0.00802648 9.9991E-05
0.57765 0.376772 0.0454783 9.9991E-05
0.481489 0.188592 0.182922 0.146997
0.13354 0.223886 0.327046 0.315529
9.9991E-05 0.170568 0.239579 0.589753
9.9991E-05 0.319695 0.187299 0.492906
0.0401007 0.167266 0.416189 0.376444
0.704803 0.205643 0.089454 9.9991E-05
0.629595 0.167044 0.123149 0.0802117
0.333181 9.9982E-05 0.666619 9.9982E-05
0.442847 0.0455113 0.454997 0.0566445
0.373043 0.124921 0.485098 0.0169379
0.417795 0.50918 0.0497994 0.0232265
0.596271 0.232265 0.14144 0.0300246
0.213987 0.641029 0.130447 0.014537
0.674226 0.20727 0.0699496 0.0485544
0.529004 0.39401 0.0768853 9.9991E-05
0.585497 0.232973 0.132885 0.048646
0.222277 0.645441 0.132182 9.9991E-05
0.701118 0.119335 0.132029 0.0475173
0.586535 0.23503 0.0967441 0.0816909
9.9982E-05 0.00925533 0.990545 9.9982E-05
0.0184098 0.0329938 0.948496 9.9991E-05
0.297125 0.0549093 0.587254 0.0607122
0.351998 9.9982E-05 0.647802 9.9982E-05
0.209309 9.9982E-05 0.790491 9.9982E-05
9.998E-05 9.998E-05 0.9997 9.998E-05
9.9982E-05 0.00599147 0.993809 9.9982E-05
0.108514 9.9982E-05 0.891286 9.9982E-05
0.0375471 9.9982E-05 0.962253 9.9982E-05
9.998E-05 9.998E-05 0.9997 9.998E-05
9.998E-05 9.998E-05 0.9997 9.998E-05
0.172752 0.0151401 0.81065 0.00145747
0.0980112 9.9991E-05 0.807249 0.0946394
9.998E-05 9.998E-05 0.9997 9.998E-05
0.287494 0.161121 0.429263 0.122123
0.285999 0.0428906 0.648808 0.0223016
0.137785 9.9991E-05 0.789152 0.0729629
0.170905 9.9991E-05 0.828091 0.000904081
0.0397591 9.9982E-05 0.960041 9.9982E-05
0.00073455 9.9991E-05 0.932139 0.0670264
9.998E-05 9.998E-05 0.9997 9.998E-05
0.222148 0.0296172 0.644393 0.103841
0.0516882 0.0203805 0.888537 0.0393944
9.9991E-05 0.490417 0.152605 0.356877
0.376472 0.27526 0.133498 0.21477
0.384025 0.260248 0.164918 0.190808
0.0909954 0.405314 0.247236 0.256455
0.52595 0.148946 0.175305 0.149799
0.213074 0.355114 0.169757 0.262055
0.537831 0.151319 0.108433 0.202418
0.347564 0.246693 0.237776 0.167967
0.426119 0.166378 0.226344 0.181159
0.286887 0.195617 0.346145 0.171351
0.500218 0.145984 0.163722 0.190076
9.9991E-05 0.0956348 0.027533 0.876732
9.9982E-05 9.9982E-05 0.0624052 0.937395
9.998E-05 9.998E-05 9.998E-05 0.9997
0.031113 9.9982E-05 9.9982E-05 0.968687
0.0195303 9.9991E-05 0.0394779 0.940892
9.9982E-05 9.9982E-05 0.0954155 0.904385
0.0268711 9.9991E-05 0.072932 0.900097
9.9991E-05 0.0327757 0.0403922 0.926732
0.0135953 0.00783622 0.0253495 0.953219
9.99908E-05 0.000855121 0.140654 0.858391
9.9982E-05 0.317352 9.9982E-05 0.682448
9.9982E-05 0.315934 9.9982E-05 0.683866
9.9982E-05 0.406085 9.9982E-05 0.593715
0.0179056 0.411211 9.9991E-05 0.570783
0.660404 0.234881 9.9991E-05 0.104616
0.671325 0.227907 0.0313816 0.0693863
0.756557 0.203355 0.00486484 0.0352234
0.509604 0.397077 9.9991E-05 0.0932198
0.324494 0.631292 9.9991E-05 0.0441145
0.745915 0.166611 0.0253126 0.0621611
0.728965 0.248884 0.0153882 0.00676231
0.644717 0.317433 0.0377501 9.9991E-05
0.513129 0.420754 0.0660173 9.9991E-05
0.729855 0.18514 0.0602672 0.0247377
0.638791 0.361009 9.9982E-05 9.9982E-05
0.14049 0.85931 9.9982E-05 9.9982E-05
0.63114 0.231906 0.0909147 0.0460392
0.452552 0.527119 0.0202287 9.9991E-05
0.704736 0.295064 9.9982E-05 9.9982E-05
0.346934 0.603348 9.9991E-05 0.0496187
0.0709371 0.662819 9.9991E-05 0.266144
0.116117 0.634918 9.9991E-05 0.248866
0.0786282 0.726336 9.9991E-05 0.194936
0.0245171 0.699092 9.9991E-05 0.276291
0.0429537 0.77905 0.0305992 0.147397
0.155421 0.638701 0.0431766 0.162702
0.069413 9.9991E-05 0.0244766 0.90601
0.0951515 0.000720664 0.0401631 0.863965
0.11154 9.9991E-05 0.124877 0.763483
0.0367744 0.03626 0.144204 0.782761
0.110385 9.9991E-05 0.0656822 0.823832
9.9982E-05 0.502696 9.9982E-05 0.497104
9.9982E-05 0.469702 9.9982E-05 0.530098
0.0371691 0.443508 9.9991E-05 0.519223
0.134495 9.9991E-05 0.00550715 0.859898
9.9982E-05 0.532929 9.9982E-05 0.466871
0.229095 0.0641765 0.448082 0.258646
0.539454 0.0174893 0.291354 0.151703
0.525276 9.9991E-05 0.322642 0.151983
0.370152 0.0747706 0.244036 0.311042
0.517416 0.114099 0.201018 0.167466
9.9991E-05 0.178012 0.361922 0.459966
0.563168 0.353104 0.00328807 0.0804406
0.485255 0.464346 0.0144493 0.0359495
0.38545 0.44689 9.9991E-05 0.167561
0.590017 0.394053 0.01583 9.9991E-05
9.9982E-05 0.977542 0.0222579 9.9982E-05
0.658066 0.205822 0.0273526 0.10876
0.575998 0.331041 0.0505306 0.0424305
0.421873 0.478194 9.9991E-05 0.0998336
0.633374 0.16948 0.0870532 0.110093
0.192007 0.769233 0.0386601 9.9991E-05
0.474162 0.435701 0.0900373 9.9991E-05
0.655879 0.289114 0.0297825 0.0252245
0.332535 0.236168 0.313824 0.117473
0.378234 0.545468 0.0761976 9.9991E-05
0.526309 0.335663 0.0650133 0.0730148
0.501344 0.300349 0.198206 9.9991E-05
0.683902 0.272733 0.0401868 0.00317849
0.68242 0.164469 0.134239 0.0188716
0.604995 0.17314 0.0750592 0.146806
0.639556 0.202279 0.0363116 0.121854
0.132274 9.9991E-05 0.0807503 0.786876
0.0837259 9.9991E-05 0.0751225 0.841052
0.0637074 0.0666983 0.019364 0.85023
0.116095 0.0382884 9.9991E-05 0.845516
0.132175 9.9991E-05 0.0105782 0.857147
0.289319 0.55304 0.0567775 0.100864
0.488966 0.319335 0.148673 0.0430264
0.443102 0.128883 0.270586 0.157429
0.673384 0.128794 0.187427 0.0103951
0.650082 0.241736 9.9991E-05 0.108082
0.34595 0.448779 0.0762059 0.129064
0.0758656 0.663367 9.9991E-05 0.260667
0.634283 0.249574 9.9991E-05 0.116042
0.214629 0.571548 0.066492 0.14733
0.418913 0.436826 0.118465 0.0257959
0.25149 0.510997 9.9991E-05 0.237413
0.609532 0.141865 0.0549646 0.193639
0.261368 0.561387 9.9991E-05 0.177145
0.378227 0.405681 0.10709 0.109003
0.535183 0.264841 0.154137 0.045838
0.233184 0.586469 0.141566 0.0387806
0.660911 0.227842 0.0196073 0.0916394
0.555917 0.135864 0.104333 0.203886
0.415893 0.509921 0.0408861 0.0332998
0.52093 0.337346 0.0659084 0.0758148
0.562212 0.383121 0.0172261 0.0374409
0.217747 0.765946 0.0162065 9.9991E-05
0.291797 0.640912 0.0671913 9.9991E-05
0.649498 0.293165 9.9991E-05 0.0572364
0.235159 0.727187 9.9991E-05 0.0375533
0.595804 0.323804 0.00806744 0.0723244
0.158231 0.690387 0.0818553 0.0695265
0.262354 0.655806 0.0817393 9.9991E-05
0.504147 0.393373 0.0197849 0.0826957
0.673053 0.103521 0.0901601 0.133266
0.384004 0.614341 0.00155461 9.9991E-05
0.512486 0.313593 0.0614686 0.112452
0.654591 0.153285 0.069387 0.122737
0.50861 0.272498 0.0947129 0.124179
0.547406 0.311237 0.0925126 0.0488446
0.56623 0.3548 0.0416821 0.0372874
0.313451 0.554894 0.115353 0.0163018
0.391536 0.493431 0.0907619 0.0242713
0.69117 0.218919 0.0898112 9.9991E-05
0.645244 0.216479 0.0662801 0.071997
0.584433 0.294498 0.0214867 0.0995822
0.639658 0.244368 0.112276 0.00369787
0.430611 0.380483 0.0774651 0.111441
0.685774 0.246207 9.9991E-05 0.067919
0.496617 0.257857 0.173544 0.0719824
0.559899 0.174963 0.140404 0.124735
0.492305 0.0107772 0.0953517 0.401566
0.478468 0.0913005 0.283854 0.146377
0.530202 0.102452 0.189368 0.177978
0.607066 0.097379 0.185172 0.110383
0.523819 0.0260203 0.189732 0.260429
0.443746 0.44676 0.109394 9.9991E-05
0.610789 0.0189902 0.148286 0.221935
0.0304896 0.48066 0.241964 0.246887
0.498605 0.113873 0.21673 0.170792
0.529126 0.114763 0.217206 0.138905
0.483749 0.166619 0.29908 0.0505519
0.306386 0.303204 0.216468 0.173943
0.533392 0.132965 0.148798 0.184844
0.53625 0.0383266 0.272878 0.152545
9.9991E-05 0.251249 0.232555 0.516096
0.494389 0.0431487 0.245136 0.217326
0.526007 0.0235298 0.312172 0.138291
0.601925 0.118839 0.251612 0.0276239
0.622315 0.00985161 0.149526 0.218308
0.621147 0.0858522 0.0878842 0.205117
0.51211 0.362324 0.125467 9.9991E-05
0.540179 0.199406 0.126363 0.134052
0.137275 0.809074 0.0535509 9.9991E-05
0.0984784 0.849249 0.0488986 0.00337397
0.588631 0.265446 0.145823 9.9991E-05
0.424101 0.110828 0.373762 0.0913091
0.284718 0.118144 0.469392 0.127745
0.135455 0.23491 0.45337 0.176265
0.354454 0.120952 0.38097 0.143625
0.0899349 0.610844 0.250174 0.0490474
0.190281 0.477217 0.22737 0.105132
0.5904 0.227533 0.181967 9.9991E-05
0.541989 0.259269 0.162919 0.0358231
0.24228 0.49172 0.185577 0.0804226
0.551183 0.24361 0.137799 0.0674086
0.680943 0.171028 0.132392 0.0156373
0.574536 0.176971 0.2132 0.0352934
0.477729 0.461871 9.9991E-05 0.0603001
0.466354 0.443479 0.0726315 0.0175347
0.582496 0.267348 0.0673459 0.0828104
0.534864 0.398758 9.9991E-05 0.0662774
0.482592 0.309017 0.205946 0.00244549
0.511544 0.381784 0.106572 9.9991E-05
0.357924 0.620408 0.0215685 9.9991E-05
0.642878 0.238392 0.114727 0.00400305
0.348861 0.598457 0.0525816 9.9991E-05
0.523153 0.403556 0.0731905 9.9991E-05
0.73227 0.0996504 0.057055 0.111025
0.585916 0.357321 0.0565439 0.000219577
0.536371 0.0839324 0.249707 0.12999
0.401463 0.274889 0.193067 0.130581
0.301886 0.151284 0.378387 0.168443
0.415635 0.149042 0.256477 0.178846
0.467786 0.093103 0.23746 0.20165
0.573887 0.134365 0.149021 0.142727
9.9991E-05 0.531858 0.259574 0.208468
0.674201 9.9991E-05 0.232924 0.0927754
9.9991E-05 0.373498 0.231734 0.394669
0.585743 0.126204 0.271128 0.0169243
0.256021 0.730905 0.0129744 9.9991E-05
9.9982E-05 0.916199 0.0836007 9.9982E-05
0.527096 0.393983 0.0788208 9.9991E-05
0.77604 0.166703 0.0571574 9.9991E-05
0.559541 0.436373 0.00398613 9.9991E-05
0.677753 0.293593 0.0285531 9.9991E-05
0.642643 0.30071 0.0565461 9.9991E-05
0.0953045 0.00765302 0.0843119 0.812731
9.9991E-05 0.112122 0.112196 0.775582
0.000330099 9.9991E-05 0.0306942 0.968876
0.034366 9.9991E-05 0.0137782 0.951756
0.652662 0.188754 0.0565042 0.10208
0.584731 0.321995 0.0404762 0.0527974
0.775698 0.220072 9.9991E-05 0.0041295
0.756492 0.124794 9.9991E-05 0.118613
0.588671 0.21072 0.116873 0.0837358
0.439349 0.538595 9.9991E-05 0.0219566
0.822989 0.176811 9.9982E-05 9.9982E-05
0.539553 0.460247 9.9982E-05 9.9982E-05
0.51607 0.0210375 0.208092 0.2548
0.597763 0.361609 0.0405276 9.9991E-05
0.618064 0.381736 9.9982E-05 9.9982E-05
0.74734 0.224445 0.0281156 9.9991E-05
0.60289 0.379223 9.9991E-05 0.0177871
0.741112 0.222643 0.0361447 9.9991E-05
0.691114 0.155613 0.0406301 0.112643
0.421726 0.578074 9.9982E-05 9.9982E-05
0.448679 0.511547 0.0396748 9.9991E-05
0.531258 0.450534 0.010304 0.00790405
0.180815 0.818985 9.9982E-05 9.9982E-05
0.590822 0.345567 0.0103416 0.0532698
0.274759 0.719041 0.00610089 9.9991E-05
0.107671 0.859354 0.0328757 9.9991E-05
0.725202 0.20257 0.0721278 9.9991E-05
0.416985 0.554221 9.9991E-05 0.0286943
0.597628 0.357443 0.0448292 9.9991E-05
0.614751 0.164161 0.164816 0.0562722
0.715719 0.267947 9.9991E-05 0.0162339
0.385994 0.450482 0.163423 9.9991E-05
0.699786 0.300014 9.9982E-05 9.9982E-05
0.661508 0.283754 9.9991E-05 0.0546378
0.53667 0.46313 9.9982E-05 9.9982E-05
0.645209 0.266309 0.0062945 0.0821873
0.013333 0.267069 9.9991E-05 0.719498
0.0414389 0.157967 9.9991E-05 0.800494
9.9982E-05 0.138585 9.9982E-05 0.861215
9.9982E-05 0.130141 9.9982E-05 0.869659
0.0798515 0.106854 9.9991E-05 0.813194
0.378003 0.58399 0.00396768 0.0340398
0.367155 0.598493 9.9991E-05 0.0342526
0.424954 0.574847 9.9982E-05 9.9982E-05
0.689432 0.0853401 0.0863852 0.138843
0.618156 0.158531 0.0791675 0.144146
0.452871 0.409243 0.118377 0.0195095
0.762663 0.154575 0.0483123 0.0344492
0.55379 0.379592 0.0665185 9.9991E-05
0.779635 0.209889 0.00118669 0.00928898
0.70984 0.162741 9.9991E-05 0.127318
0.522114 0.477686 9.9982E-05 9.9982E-05
0.639127 0.360673 9.9982E-05 9.9982E-05
0.579133 0.420667 9.9982E-05 9.9982E-05
0.681936 0.166185 0.0260627 0.125816
0.629594 0.367394 9.9991E-05 0.0029121
0.619335 0.290875 0.026671 0.0631189
0.451115 0.0107456 0.496717 0.0414231
0.365228 9.9991E-05 0.533213 0.101459
0.385922 0.05635 0.505701 0.0520263
0.325872 0.0314953 0.515752 0.126881
0.417543 0.100311 0.346189 0.135957
0.574247 0.352119 0.0638424 0.00979144
0.0635166 9.9991E-05 0.673443 0.262941
0.25932 9.9991E-05 0.569653 0.170927
0.377906 0.1896 0.28636 0.146133
0.671945 0.121454 0.0390013 0.1676
0.504189 0.292112 0.045018 0.158681
0.675668 0.115263 0.0762962 0.132773
0.630713 0.188899 0.0510842 0.129303
0.320327 9.9991E-05 0.520885 0.158687
0.407309 0.0653546 0.386875 0.140462
0.384919 9.9991E-05 0.536151 0.0788296
0.437271 0.113458 0.398496 0.0507755
0.237478 0.0894655 0.630242 0.0428145
0.460194 0.00259238 0.403037 0.134177
0.244196 9.9991E-05 0.609785 0.145919
0.432112 0.025434 0.444636 0.0978183
0.574186 0.251302 0.080221 0.0942915
0.395162 0.0209648 0.418237 0.165637
0.190161 9.9991E-05 0.655375 0.154364
0.327825 0.126018 0.401359 0.144798
0.301425 0.474487 0.000556845 0.223531
0.623033 0.166805 0.136167 0.0739954
0.481464 0.0801432 0.280748 0.157645
0.662107 0.10777 0.01986 0.210263
0.577245 0.232808 9.9991E-05 0.189847
0.401227 0.174103 0.236138 0.188533
0.402636 0.0263259 0.353996 0.217043
0.613778 0.0889856 0.191274 0.105963
0.422519 0.0398504 0.468356 0.0692738
0.391492 9.9991E-05 0.495631 0.112776
0.198565 9.9991E-05 0.626567 0.174768
0.670461 0.156003 0.0633028 0.110233
0.605297 0.272759 9.9991E-05 0.121844
0.179948 0.52834 0.150018 0.141694
0.588505 0.163434 0.16229 0.0857715
0.430653 0.370789 0.0780233 0.120534
0.476997 0.128864 0.196693 0.197446
0.481409 0.198481 0.208079 0.112031
9.9991E-05 0.345903 0.30589 0.348106
9.9991E-05 0.392413 0.251184 0.356303
0.195911 0.370148 0.236901 0.197039
9.9991E-05 0.353241 0.289971 0.356688
9.9991E-05 0.181579 0.325261 0.49306
0.382272 0.229307 0.205065 0.183356
0.361355 0.189987 0.183956 0.264703
0.155118 0.269186 0.232536 0.34316
0.0287902 0.37978 0.309323 0.282107
0.466836 0.142726 0.254764 0.135674
0.0660465 0.446346 0.262388 0.22522
9.9991E-05 0.339594 0.171201 0.489105
0.467302 0.14666 0.251946 0.134091
0.33608 0.184994 0.320634 0.158292
0.397879 0.109636 0.185398 0.307087
0.547689 9.9991E-05 0.320728 0.131483
0.614127 0.028688 0.205215 0.15197
0.498533 0.0703783 0.269218 0.161871
0.37537 0.00209511 0.25443 0.368105
0.485373 0.0879779 0.251501 0.175148
0.495866 9.9991E-05 0.236496 0.267538
0.38752 0.0883677 0.33258 0.191533
0.354758 0.282478 0.161422 0.201342
0.538852 0.138014 0.129942 0.193192
0.578595 0.0516992 0.180958 0.188748
0.605982 0.151169 0.178759 0.064091
0.408684 0.0217754 0.271494 0.298046
0.587781 0.0291385 0.21411 0.16897
0.14222 0.178314 0.296768 0.382697
0.657272 9.9991E-05 0.159436 0.183193
0.233964 0.0888772 0.339198 0.33796
0.00614956 0.157689 0.00774724 0.828414
0.183523 0.629467 9.9991E-05 0.186911
9.9982E-05 0.783695 9.9982E-05 0.216105
0.095252 0.690689 9.9991E-05 0.213959
0.115357 0.742746 9.9991E-05 0.141797
0.191256 0.647018 9.9991E-05 0.161626
0.183529 0.675455 9.9991E-05 0.140916
0.00833459 0.78005 9.9991E-05 0.211515
0.112701 0.547009 9.9991E-05 0.34019
0.0285897 9.9991E-05 0.0133637 0.957947
0.0941726 0.0463416 9.9991E-05 0.859386
0.0181596 9.9991E-05 0.0828804 0.89886
0.0601617 0.0798933 9.9991E-05 0.859845
0.0568227 9.9991E-05 0.037296 0.905781
9.9982E-05 0.0620248 9.9982E-05 0.937775
0.00728253 0.062132 0.185926 0.74466
0.014124 0.000455673 0.110321 0.8751
0.0506607 0.127989 0.107622 0.713728
0.0139098 0.0028769 0.0675714 0.915642
9.9982E-05 0.00793131 9.9982E-05 0.991869
0.0654284 0.0154194 0.0406546 0.878498
9.9991E-05 0.00640509 0.023342 0.970153
0.0371236 0.0338221 0.0336456 0.895409
0.0929621 9.9991E-05 0.032644 0.874294
0.126435 9.9991E-05 0.0211598 0.852306
0.0592191 9.9991E-05 0.202747 0.737934
0.134714 9.9991E-05 0.0751195 0.790066
0.0781466 9.9991E-05 0.106802 0.814952
0.444881 0.296865 0.0828063 0.175447
0.796305 0.0826629 9.9991E-05 0.120932
0.710641 0.0871894 0.0359726 0.166197
0.138446 0.635939 0.133092 0.0925224
0.625784 0.194462 9.9991E-05 0.179654
0.124132 0.584552 0.116781 0.174535
0.704677 0.112051 0.0845581 0.0987137
0.56205 0.312197 9.9991E-05 0.125653
0.640984 0.243621 0.0110659 0.104329
0.734256 0.182726 9.9991E-05 0.0829179
0.556376 0.291544 0.00804606 0.144034
0.688365 0.193842 0.0428142 0.0749784
0.756022 0.13784 9.9991E-05 0.106038
0.139128 0.739657 0.0703819 0.0508339
0.0227116 0.855231 0.0193249 0.102733
0.17588 0.599519 0.087052 0.137549
0.621946 0.223045 0.0832289 0.0717803
0.585834 0.213315 0.0883683 0.112482
0.627816 0.189435 0.037659 0.14509
0.671508 0.173987 0.082734 0.071771
0.546677 0.0431153 0.214602 0.195606
0.593473 0.0726883 0.168588 0.16525
0.121091 0.263318 0.220829 0.394762
0.676711 0.117985 0.0350281 0.170276
0.438735 0.177746 0.17602 0.207499
9.9991E-05 0.321359 0.267552 0.410989
0.263034 0.182753 0.278703 0.275509
0.351762 0.0663849 0.171192 0.410661
0.424031 0.0852728 0.1306 0.360096
0.508799 0.146672 0.23013 0.114399
0.556506 0.0326238 0.170794 0.240077
0.651844 0.00403476 0.134644 0.209477
0.376279 0.21951 0.23548 0.168732
0.338418 9.9991E-05 0.185246 0.476236
