0.932717 0.0168674 0.0503157 9.9991E-05
0.980602 9.9982E-05 9.9982E-05 0.0191985
0.815198 0.124531 0.0601708 9.9991E-05
0.861809 0.0997807 0.0383103 9.9991E-05
0.876011 0.0549903 0.0688568 0.00014204
0.608884 9.9991E-05 0.175743 0.215273
0.871612 9.9991E-05 0.0530317 0.0752565
0.794222 9.9991E-05 0.0552297 0.150449
0.851734 9.9982E-05 9.9982E-05 0.148066
0.740102 0.0306801 0.129881 0.0993369
0.801759 0.011534 0.022702 0.164005
0.0267888 0.317632 0.0880072 0.567572
0.0289783 0.546681 0.15883 0.265511
0.0689504 0.252829 0.130089 0.548132
0.0910609 0.374763 0.153742 0.380434
0.172712 0.335139 0.181436 0.310714
0.0809293 0.600053 0.154044 0.164974
0.0877207 0.433032 0.108235 0.371012
0.180901 0.377848 0.1089 0.33235
0.165322 0.0848003 0.0551734 0.694705
0.0577851 0.428473 0.144091 0.36965
0.0234179 0.465681 0.0902568 0.420644
0.0511612 0.621685 0.0322523 0.294901
0.0821267 0.30443 0.148801 0.464643
0.144866 0.667057 0.0763281 0.111749
0.0566906 0.612079 0.0913965 0.239834
0.104559 0.238815 0.119234 0.537391
0.150929 0.207534 0.15903 0.482508
0.0465702 0.289092 0.0439765 0.620362
0.868748 0.111469 0.0196823 9.9991E-05
0.843937 0.140386 0.0155762 9.9991E-05
0.823047 0.156594 0.0202593 9.9991E-05
0.732679 0.147597 0.119625 9.9991E-05
0.0567531 0.671429 0.0507046 0.221113
0.0846427 0.567136 0.10761 0.240611
0.0143493 0.796053 9.9991E-05 0.189498
0.173216 0.270168 0.00342905 0.553187
9.9991E-05 0.514147 0.00601464 0.479738
0.0721839 0.674234 0.00270611 0.250876
0.0480273 0.720265 0.0957594 0.135948
0.119118 0.716163 0.0219688 0.14275
0.166604 0.757829 0.0212292 0.0543385
0.0315681 0.329266 9.9991E-05 0.639066
0.0894335 0.666324 0.10208 0.142162
0.00933636 0.677671 0.0576616 0.255331
0.136748 0.599932 0.0629673 0.200353
9.9982E-05 0.480311 9.9982E-05 0.519489
0.0552066 0.796241 0.00723904 0.141313
0.101198 0.600306 0.113928 0.184567
0.105517 0.000432734 9.9991E-05 0.893951
0.0298684 0.276999 9.9991E-05 0.693033
0.0648483 0.0783144 0.0989549 0.757882
0.130125 0.518226 0.153165 0.198484
0.110494 0.711564 0.0439119 0.13403
0.0792885 0.519884 0.172759 0.228068
0.164438 0.255049 9.9991E-05 0.580412
0.0460069 0.682574 9.9991E-05 0.271319
0.0834588 0.462893 0.228157 0.225491
0.0817124 0.422043 0.0517999 0.444445
0.259206 0.119389 0.049981 0.571424
0.0574378 0.600711 0.0935295 0.248322
0.129431 0.522462 0.0118095 0.336297
0.150763 0.111733 9.9991E-05 0.737404
9.9991E-05 0.511469 0.120117 0.368314
0.0269011 0.680265 0.08776 0.205074
0.112876 0.512174 0.142989 0.231962
0.0806892 0.334095 0.123818 0.461398
0.100457 0.527827 0.0847112 0.287005
0.0478814 0.807474 9.9991E-05 0.144545
0.0966827 0.287454 9.9991E-05 0.615764
9.9982E-05 0.673616 9.9982E-05 0.326184
0.00715873 0.445188 9.9991E-05 0.547554
0.0798802 0.607999 0.0386531 0.273468
9.9991E-05 0.209712 0.00351268 0.786675
9.9982E-05 0.209891 9.9982E-05 0.789909
9.9991E-05 0.477099 0.0259879 0.496814
9.9991E-05 0.62295 0.024319 0.352631
0.12083 0.638804 0.0951476 0.145218
0.0231307 0.607927 0.00862242 0.36032
0.0832917 0.372571 9.9991E-05 0.544038
0.083883 0.434895 9.9991E-05 0.481122
0.0725065 0.673237 0.0757206 0.178536
0.0379286 0.519165 9.9991E-05 0.442806
0.093949 0.630411 9.9991E-05 0.27554
9.9982E-05 0.608585 9.9982E-05 0.391215
9.9991E-05 0.159091 0.040664 0.800145
0.0408453 0.649949 0.0842856 0.22492
0.841909 0.137386 0.0206048 9.9991E-05
0.938694 0.0611064 9.9982E-05 9.9982E-05
0.86432 0.0720748 0.0635054 9.9991E-05
0.921215 0.0291503 0.0495342 9.9991E-05
0.896137 0.0840279 0.0197352 9.9991E-05
0.905933 0.0209533 0.0560467 0.0170667
0.933799 0.0491491 0.0169515 9.9991E-05
0.138114 0.603955 0.0963947 0.161536
0.155925 0.633361 0.0471697 0.163544
0.00145746 0.271545 9.9991E-05 0.726897
0.0718571 0.704948 0.0832951 0.1399
0.0428443 0.601584 9.9991E-05 0.355472
0.0780169 0.668905 0.00589878 0.24718
0.0546634 0.66697 0.014437 0.263929
9.9991E-05 0.60658 0.0851825 0.308138
0.0790478 0.111729 9.9991E-05 0.809123
0.143944 0.532599 0.0958582 0.227598
0.113688 0.693703 0.0525796 0.140029
0.11037 0.694074 0.0296547 0.1659
0.0580653 0.485478 9.9991E-05 0.456357
0.00494686 0.6911 9.9991E-05 0.303853
0.0193014 0.687968 9.9991E-05 0.29263
9.9991E-05 0.556342 0.0386894 0.404868
0.0282617 0.595046 9.9991E-05 0.376593
0.168588 0.628776 0.0333803 0.169255
0.0797981 0.309522 0.0728962 0.537784
0.1717 0.473492 0.0888986 0.26591
0.109798 0.679886 0.045879 0.164437
0.0453298 0.661819 0.127019 0.165832
0.0548036 0.619101 9.9991E-05 0.325995
0.00988057 0.63377 0.094869 0.261481
0.0644305 0.591318 0.012099 0.332152
0.108938 0.664029 9.9991E-05 0.226933
0.139413 0.658435 0.0762054 0.125947
0.0996316 0.669948 9.9991E-05 0.230321
0.0372367 0.612508 9.9991E-05 0.350155
0.0932621 0.674656 0.0898824 0.1422
0.131272 0.629367 0.0877259 0.151635
9.9991E-05 0.672288 0.0911505 0.236462
0.10082 0.61073 0.0637684 0.224681
0.0135778 0.514201 0.164153 0.308068
0.143545 0.480925 0.0442284 0.331302
0.0295294 0.674029 0.0806205 0.215821
9.9991E-05 0.637822 0.18291 0.179168
0.0342567 0.261417 0.133728 0.570599
0.087172 0.135679 0.158413 0.618735
0.0707927 0.637624 0.0180121 0.273571
9.9991E-05 0.0662793 0.147681 0.78594
0.0836206 0.424632 9.9991E-05 0.491647
0.0402935 0.520856 9.9991E-05 0.438751
0.0718149 0.455891 9.9991E-05 0.472195
0.0423839 0.36309 0.0169503 0.577576
0.065812 0.701331 0.0794219 0.153435
0.070509 0.637945 0.15632 0.135226
0.0291611 0.609533 0.094894 0.266411
0.0116859 0.138184 0.144322 0.705807
0.158394 0.60297 0.069536 0.1691
0.0605475 0.570618 0.129243 0.239591
0.212893 9.9991E-05 0.0525637 0.734444
0.150981 0.704283 0.057865 0.0868711
0.0979678 0.373986 0.113455 0.414591
0.0988716 0.548933 0.102943 0.249253
0.163085 0.291874 0.0570806 0.48796
0.144705 0.296643 9.9991E-05 0.558553
0.0616768 0.508604 0.0317088 0.39801
0.155925 0.497575 0.138251 0.208249
0.181839 0.46663 0.116721 0.234809
0.0856916 0.000599654 0.244085 0.669623
0.0974908 0.623923 0.13474 0.143846
9.9982E-05 0.506809 9.9982E-05 0.492992
0.0379766 0.484264 0.0470819 0.430677
0.0915152 0.704242 0.0597479 0.144495
0.362458 0.152436 0.292736 0.19237
0.628432 9.9991E-05 0.211027 0.160441
0.52291 9.9991E-05 0.215975 0.261014
0.428819 9.9991E-05 0.409569 0.161512
9.9991E-05 0.765332 0.0182679 0.2163
0.0788554 0.678145 0.0897448 0.153255
9.9982E-05 0.289607 0.710193 9.9982E-05
0.0516211 0.307373 0.512432 0.128574
0.151402 0.335793 0.452464 0.0603413
9.9991E-05 0.344953 0.115989 0.538958
0.107367 0.574056 0.0228237 0.295753
0.0165187 0.219043 0.129618 0.634821
9.9991E-05 0.601231 0.0819352 0.316734
0.0317391 0.485059 0.0558351 0.427367
9.9991E-05 0.550542 0.125114 0.324244
0.0134803 0.243618 0.104418 0.638484
0.0129626 0.642297 0.17204 0.172701
0.127216 0.581021 0.152833 0.13893
9.9991E-05 0.0197264 0.978269 0.001905
9.9982E-05 0.0880795 0.911721 9.9982E-05
0.0519315 0.149383 0.677864 0.120821
9.9982E-05 0.289514 0.710286 9.9982E-05
0.0674122 0.0732342 0.831221 0.0281324
9.998E-05 9.998E-05 0.9997 9.998E-05
0.0134362 9.9982E-05 0.986364 9.9982E-05
9.9982E-05 0.144892 0.854908 9.9982E-05
9.9982E-05 0.0674123 0.932388 9.9982E-05
9.998E-05 9.998E-05 0.9997 9.998E-05
9.998E-05 9.998E-05 0.9997 9.998E-05
9.9991E-05 0.199048 0.773795 0.0270573
0.0677743 0.158659 0.773467 9.9991E-05
9.9982E-05 9.9982E-05 0.989601 0.0101995
0.0608244 0.415068 0.379326 0.144782
0.107219 0.285909 0.606772 9.9991E-05
0.0675133 0.161288 0.771099 9.9991E-05
0.0331233 0.0705383 0.896239 9.9991E-05
9.9982E-05 0.0145993 0.985201 9.9982E-05
0.0192112 0.0815107 0.890374 0.00890425
9.998E-05 9.998E-05 0.9997 9.998E-05
0.0382932 0.268641 0.64905 0.0440159
0.00218818 0.0315042 0.929187 0.0371208
0.371117 9.9991E-05 0.122454 0.506329
0.198473 0.386869 0.180584 0.234074
0.303472 0.408443 0.130295 0.15779
0.269656 0.152514 0.202328 0.375503
0.185948 0.386403 0.215619 0.21203
0.323978 0.166582 0.203181 0.306259
0.202895 0.473964 0.107209 0.215932
0.168286 0.415778 0.2229 0.193036
0.251706 0.538452 0.129791 0.0800513
0.219153 0.304085 0.314809 0.161952
0.220172 0.483954 0.131399 0.164474
0.892038 0.0365873 9.9991E-05 0.0712747
0.936286 9.9982E-05 0.0635142 9.9982E-05
0.983281 0.000118503 9.9991E-05 0.0165005
0.977639 0.00610824 9.9991E-05 0.0161528
0.942338 0.0197293 0.037833 9.9991E-05
0.894936 9.9982E-05 0.104864 9.9982E-05
0.887499 0.0100758 0.102325 9.9991E-05
0.905056 0.0102251 0.0475973 0.0371213
0.926921 0.0335668 0.0335296 0.00598257
0.899191 9.9982E-05 0.100609 9.9982E-05
0.680995 9.9982E-05 9.9982E-05 0.318805
0.622346 9.9991E-05 0.0158861 0.361668
0.616674 9.9982E-05 9.9982E-05 0.383126
0.576476 0.00136718 9.9991E-05 0.422057
0.0735379 0.618676 0.0319392 0.275846
0.0210929 0.645994 0.0362108 0.296702
0.0534642 0.652738 0.048208 0.245589
0.104296 0.533301 9.9991E-05 0.362303
0.0510642 0.282241 0.0063144 0.66038
0.0502408 0.748919 0.0252856 0.175554
9.9991E-05 0.718344 0.0216998 0.259856
0.0248168 0.696716 9.9991E-05 0.278367
9.9991E-05 0.510663 0.0516106 0.437626
0.0233338 0.795158 0.0375489 0.143959
9.9991E-05 0.551084 0.0140243 0.434792
9.9991E-05 0.0353679 0.0523414 0.912191
0.0686313 0.639359 0.039128 0.252882
9.9991E-05 0.363428 0.00183856 0.634633
0.0135451 0.732941 0.0204207 0.233093
0.0407642 0.330884 9.9991E-05 0.628252
0.274649 0.0225743 9.9991E-05 0.702676
0.204959 0.0735728 9.9991E-05 0.721368
0.205174 0.0145567 9.9991E-05 0.78017
0.250405 0.0102649 9.9991E-05 0.73923
0.187051 0.124468 9.9991E-05 0.688381
0.210993 0.163563 0.00626282 0.619181
0.878711 0.0518511 0.0693375 9.9991E-05
0.881679 0.0998841 0.0183372 9.9991E-05
0.775728 0.0817478 0.142424 9.9991E-05
0.784988 0.0897883 0.101523 0.0237
0.806268 0.0958743 0.0732147 0.0246426
0.481937 9.9982E-05 9.9982E-05 0.517863
0.551526 9.9982E-05 9.9982E-05 0.448274
0.53127 0.0161231 9.9991E-05 0.452507
0.865347 0.124758 0.00979508 9.9991E-05
0.480356 9.9982E-05 9.9982E-05 0.519444
0.220177 0.278226 0.441613 0.0599838
0.155456 0.568213 0.244394 0.0319367
0.154181 0.558202 0.287518 9.9991E-05
0.260997 0.334571 0.303394 0.101038
0.180527 0.457071 0.253922 0.10848
0.453125 9.9991E-05 0.368611 0.178164
0.0418182 0.482479 0.0482258 0.427477
9.9991E-05 0.382537 0.108768 0.508596
0.190716 0.359002 9.9991E-05 0.450182
9.9991E-05 0.544801 0.0372595 0.417839
9.9982E-05 9.9982E-05 0.00903725 0.990763
0.0750976 0.522328 0.11196 0.290615
0.0838552 0.46585 0.0867884 0.363506
0.0973526 0.403839 9.9991E-05 0.498708
0.148926 0.570913 0.12035 0.159811
9.9991E-05 0.141484 0.0736801 0.784736
0.000926735 0.54049 0.0632441 0.39534
0.0226241 0.644618 0.0612281 0.27153
0.175937 0.384304 0.21286 0.226898
9.9991E-05 0.384056 0.0562085 0.559635
0.0336825 0.504352 0.0458261 0.416139
9.9991E-05 0.389238 0.187664 0.422998
0.0359172 0.660721 9.9991E-05 0.303262
0.0591145 0.63447 0.161536 0.14488
0.11964 0.545656 0.102208 0.232495
0.116184 0.639462 0.0857908 0.158563
0.787238 0.105999 0.106664 9.9991E-05
0.840974 0.130805 0.0281212 9.9991E-05
0.820513 0.109686 9.9991E-05 0.0697011
0.827951 0.0784283 0.0155382 0.0780824
0.851157 0.148644 9.9982E-05 9.9982E-05
0.101381 0.22505 0.0609731 0.612596
0.0749981 0.540266 0.182767 0.201968
0.223954 0.466196 0.170125 0.139724
0.0677989 0.679381 0.0779568 0.174863
0.0705446 0.683394 9.9991E-05 0.245961
0.057029 0.132592 0.195774 0.614605
0.255373 0.0277007 9.9991E-05 0.716826
0.0379093 0.613324 0.0681107 0.280656
0.112413 0.223062 0.0586408 0.605884
0.00427252 0.358628 0.156427 0.480672
0.246649 0.202515 9.9991E-05 0.550736
0.0695558 0.592117 0.106831 0.231496
0.119292 0.22725 0.0516516 0.601806
0.047637 0.293417 0.170544 0.488402
0.084056 0.551888 0.07349 0.290566
9.9991E-05 0.362193 0.0764481 0.561259
0.161159 0.604321 9.9991E-05 0.234421
0.152719 0.515263 0.068725 0.263292
0.0686572 0.400118 0.0187703 0.512454
0.0235491 0.497314 0.167723 0.311414
0.104093 0.627442 0.0410912 0.227374
9.9991E-05 0.172212 0.018484 0.809204
0.0380863 0.314846 0.0231996 0.623869
0.0400371 0.542278 0.0308944 0.386791
0.04921 0.269786 9.9991E-05 0.680904
0.0787894 0.57474 0.00371972 0.342751
0.154989 0.172275 9.9991E-05 0.672636
9.9991E-05 0.314618 0.0282595 0.657023
0.0515828 0.427555 0.0408108 0.480052
0.00586611 0.770291 0.0236777 0.200165
0.0458194 0.371196 0.00237964 0.580605
0.0776744 0.393145 0.232797 0.296384
0.173875 0.623722 0.109697 0.0927066
0.0662465 0.508127 0.143597 0.28203
0.0355849 0.515364 0.166764 0.282287
0.0977322 0.534273 0.0259433 0.342051
0.0526528 0.371911 0.0367168 0.538719
0.0086084 0.377958 0.111426 0.502008
0.0182038 0.706104 0.0688289 0.206863
0.0674688 0.703694 0.00534934 0.223487
0.117677 0.522021 9.9991E-05 0.360202
0.00820526 0.605126 0.0617694 0.324899
0.132159 0.413669 0.0395323 0.41464
0.0221115 0.785861 9.9991E-05 0.191928
0.042417 0.611983 0.122325 0.223275
0.076421 0.574062 0.151341 0.198175
0.328018 0.493272 0.122193 0.0565172
0.104085 0.569349 0.232776 0.0937902
0.288995 0.613201 0.0972095 0.000594665
0.100746 0.666946 0.160822 0.0714863
0.16611 0.559385 0.21283 0.0616752
9.9991E-05 0.467123 0.113787 0.41899
0.163549 0.493066 0.252825 0.0905594
0.259117 9.9991E-05 0.249445 0.491338
0.139561 0.496165 0.215787 0.148487
0.0764727 0.573844 0.215778 0.133906
0.13309 0.427606 0.311116 0.128188
0.209087 0.386307 0.165227 0.239379
0.248052 0.600633 0.151214 9.9991E-05
0.201394 0.596148 0.165774 0.0366839
0.521967 9.9991E-05 0.242712 0.235221
0.224786 0.57776 0.189041 0.00841231
0.173561 0.57725 0.249089 9.9991E-05
0.168982 0.649114 0.104934 0.0769697
0.192074 0.559848 0.247977 9.9991E-05
0.227706 0.488502 0.201014 0.0827779
0.0277931 0.457521 0.136553 0.378133
0.0318835 0.540955 0.0970842 0.330077
9.9991E-05 0.0600786 0.0874522 0.852369
9.9982E-05 9.9982E-05 0.11286 0.88694
0.0801138 0.536053 0.140965 0.242868
0.126551 0.386609 0.33771 0.149129
0.109056 0.313064 0.469681 0.108198
0.233139 0.271168 0.277241 0.218452
0.168324 0.401087 0.303176 0.127413
0.0655784 0.069228 0.263073 0.60212
0.0566405 0.126762 0.244686 0.571911
9.9991E-05 0.504262 0.217473 0.278165
0.0647277 0.421905 0.240687 0.272681
0.0604753 0.266752 0.184315 0.488458
0.0714776 0.487278 0.159783 0.281462
0.0170646 0.549749 0.203037 0.23015
0.117807 0.342804 0.2349 0.304489
9.9982E-05 0.46195 9.9982E-05 0.53785
9.9991E-05 0.430679 0.0839827 0.485238
0.120331 0.531695 0.0890425 0.258932
0.0756307 0.417782 0.0685958 0.437991
0.0943833 0.332092 0.209791 0.363734
9.9991E-05 0.564418 0.0382602 0.397222
9.9991E-05 0.280866 0.0610217 0.658012
9.9991E-05 0.618509 0.107062 0.274329
9.9991E-05 0.322926 0.0555302 0.621443
9.9991E-05 0.472036 0.0710108 0.456853
0.0234453 0.681713 0.0643427 0.230499
0.00533963 0.489252 0.0839201 0.421488
0.130583 0.555918 0.234427 0.079072
0.193557 0.466141 0.134516 0.205786
0.176219 0.364217 0.324524 0.135039
0.131163 0.279832 0.336403 0.252603
0.183747 0.570918 0.170492 0.0748429
0.179973 0.454332 0.18013 0.185565
0.186925 9.9991E-05 0.263938 0.549037
0.114342 0.519157 0.258695 0.107805
0.432442 9.9991E-05 0.219 0.348458
0.00330062 0.469039 0.344188 0.183473
9.9982E-05 0.309078 9.9982E-05 0.690723
9.9982E-05 9.9982E-05 0.0962745 0.903526
9.9991E-05 0.581566 0.0177067 0.400628
0.0524202 0.704769 0.0705842 0.172226
9.9982E-05 0.512213 9.9982E-05 0.487587
0.0112332 0.594759 0.0881547 0.305853
9.9991E-05 0.610546 0.0730864 0.316268
0.824668 0.0206727 0.0851277 0.0695317
0.791214 0.0279415 0.0923102 0.0885343
0.946784 9.9982E-05 0.0530161 9.9982E-05
0.939787 0.0600127 9.9982E-05 9.9982E-05
0.035913 0.604307 0.0509813 0.308799
0.0872913 0.637913 0.0126247 0.26217
9.9982E-05 0.717182 9.9982E-05 0.282618
0.10563 0.728533 0.0445479 0.121289
0.145321 0.582871 0.0197327 0.252076
0.0301392 0.434501 9.9991E-05 0.53526
0.0169999 0.76078 0.0780005 0.14422
9.9982E-05 0.579325 9.9982E-05 0.420475
0.191037 0.500987 0.232715 0.0752604
9.9982E-05 0.614793 9.9982E-05 0.385007
9.9982E-05 0.560604 9.9982E-05 0.439196
9.9991E-05 0.692499 0.0721233 0.235278
0.0121767 0.553968 9.9991E-05 0.433755
9.9982E-05 0.785744 9.9982E-05 0.214056
0.0648474 0.752976 0.0283842 0.153793
9.9982E-05 0.320597 9.9982E-05 0.679203
0.00237932 0.393938 0.0451557 0.558527
0.00195827 0.543545 9.9991E-05 0.454397
9.9991E-05 0.151121 0.00447969 0.844299
0.0329329 0.620788 0.0199229 0.326356
9.9991E-05 0.236703 0.0561927 0.707004
9.9991E-05 0.0506948 0.0530572 0.896148
0.0335162 0.648389 0.0848548 0.23324
0.00600821 0.420987 9.9991E-05 0.572905
9.9991E-05 0.570688 0.0406383 0.388573
0.0307893 0.703619 0.0884829 0.177109
9.9982E-05 0.66151 9.9982E-05 0.33829
9.9991E-05 0.361997 0.153224 0.484679
0.0371888 0.72466 0.0144728 0.223678
0.0617997 0.646011 0.0296063 0.262583
9.9982E-05 0.501758 9.9982E-05 0.498042
0.0600806 0.657621 0.0632247 0.219073
0.719415 0.0117869 9.9991E-05 0.268698
0.811229 0.0703262 9.9991E-05 0.118345
0.843457 9.9982E-05 9.9982E-05 0.156343
0.859388 9.9982E-05 9.9982E-05 0.140412
0.805353 0.0538941 9.9991E-05 0.140653
0.0543063 0.410851 9.9991E-05 0.534743
0.058325 0.361435 9.9991E-05 0.58014
9.9982E-05 0.373568 9.9982E-05 0.626232
0.106606 0.714215 0.0444307 0.134748
0.164189 0.623083 0.0411945 0.171534
9.9991E-05 0.393129 0.0668509 0.53992
9.9991E-05 0.672159 0.087067 0.240674
0.0813035 0.57212 9.9991E-05 0.346477
0.0386466 0.741 9.9991E-05 0.220253
0.0136638 0.758632 9.9991E-05 0.227604
9.9991E-05 0.355305 0.0450107 0.599584
9.9982E-05 0.542312 9.9982E-05 0.457488
9.9982E-05 0.53735 9.9982E-05 0.46245
0.170576 0.64588 0.0619776 0.121566
0.0124409 0.577365 9.9991E-05 0.410094
0.0276387 0.595464 0.00200723 0.374891
0.0138828 0.482427 0.388741 0.114949
0.0908371 0.344703 0.468105 0.0963549
0.0986943 0.478319 0.422886 9.9991E-05
0.192846 0.216937 0.54437 0.0458471
0.157654 0.510221 0.332025 9.9991E-05
0.083399 0.610604 0.0556711 0.250326
0.27311 0.0754376 0.638802 0.0126507
0.216598 0.268532 0.51477 9.9991E-05
0.163132 0.528267 0.183411 0.12519
0.207569 0.646881 9.9991E-05 0.14545
0.155769 0.473503 0.111649 0.259079
0.145798 0.601513 0.0775482 0.17514
0.142672 0.721829 0.00825328 0.127246
0.239877 0.252046 0.507977 9.9991E-05
0.131416 0.354028 0.436508 0.0780479
0.101204 0.360556 0.538141 9.9991E-05
0.152802 0.454561 0.340723 0.0519133
0.118202 0.231341 0.58815 0.0623058
0.127117 0.387352 0.412969 0.0725616
0.133395 0.25113 0.587321 0.028154
0.128004 0.426711 0.362976 0.0823089
0.154618 0.601094 0.0425206 0.201767
0.239158 0.377282 0.325306 0.0582541
0.175437 0.14056 0.683903 9.9991E-05
0.0786574 0.317847 0.495995 0.1075
0.255145 0.309317 9.9991E-05 0.435437
0.0149758 0.51712 0.205566 0.262338
0.225094 0.428473 0.270448 0.0759855
0.145657 0.696704 0.0606191 0.0970192
0.17952 0.612976 0.0337703 0.173733
0.197798 0.363543 0.239036 0.199623
0.227106 0.345858 0.331058 0.0959777
0.0528578 0.605477 0.165199 0.176466
0.145951 0.536725 0.315478 0.00184581
0.0439107 0.395772 0.560217 9.9991E-05
0.227156 0.126674 0.644566 0.00160425
0.13219 0.672855 0.0773667 0.117589
0.176072 0.603201 9.9991E-05 0.220626
0.185098 0.18886 0.0877575 0.538284
0.152792 0.643989 0.0236056 0.179613
0.14007 0.461879 0.0987991 0.299251
0.187385 0.4363 0.239523 0.136792
0.12469 0.589367 0.110702 0.175241
0.33722 9.9991E-05 0.2771 0.38558
0.394856 9.9991E-05 0.197983 0.407061
0.153673 0.260528 0.204215 0.381584
0.394093 9.9991E-05 0.287783 0.318024
0.521454 9.9991E-05 0.301225 0.177221
0.151195 0.285636 0.233535 0.329635
0.273913 0.35143 0.186024 0.188633
0.279066 0.158434 0.280134 0.282366
0.335419 0.0332684 0.281479 0.349833
0.17096 0.480785 0.194757 0.153497
0.266137 0.0852568 0.262978 0.385628
0.557512 9.9991E-05 0.145474 0.296914
0.161235 0.610404 0.138622 0.0897386
0.155776 0.294142 0.347458 0.202623
0.306727 0.429837 0.148327 0.11511
0.151767 0.547707 0.300427 9.9991E-05
0.164607 0.533622 0.273059 0.0287117
0.142563 0.437913 0.316556 0.102968
0.390361 0.385422 0.224116 9.9991E-05
0.239204 0.552432 0.194179 0.0141845
0.256366 0.535145 0.20839 9.9991E-05
0.271556 0.384741 0.234193 0.10951
0.202742 0.394471 0.147455 0.255332
0.297454 0.491359 0.122375 0.088812
0.192876 0.56472 0.211382 0.0310218
0.16606 0.628121 0.11763 0.0881887
0.322899 0.377679 0.288103 0.0113183
0.210701 0.603923 0.160125 0.025251
0.435262 0.150716 0.251902 0.16212
0.17238 0.363479 0.353526 0.110615
0.291369 0.16857 0.412543 0.127518
0.797812 0.0346459 9.9991E-05 0.167442
0.196567 0.177562 9.9991E-05 0.625771
0.166152 9.9982E-05 9.9982E-05 0.833648
0.222372 0.0419074 9.9991E-05 0.735621
0.111423 0.100936 9.9991E-05 0.787541
0.200813 0.110323 9.9991E-05 0.688764
0.139881 0.141061 9.9991E-05 0.718958
0.222511 9.9982E-05 9.9982E-05 0.777289
0.371643 0.0892308 9.9991E-05 0.539026
0.915467 9.9991E-05 0.0505362 0.0338967
0.830481 0.093658 0.00466287 0.0711983
0.891596 0.050721 0.0575832 9.9991E-05
0.868075 0.0226572 9.9991E-05 0.109168
0.921328 9.9982E-05 0.0784724 9.9982E-05
0.949053 9.9982E-05 9.9982E-05 0.0507469
0.7305 0.0100661 0.195705 0.0637288
0.838605 0.0701202 0.0911747 9.9991E-05
0.761552 0.124304 0.0169944 0.0971501
0.920908 9.9982E-05 0.0788918 9.9982E-05
0.963321 9.9982E-05 9.9982E-05 0.0364791
0.884923 0.00879801 0.0806575 0.0256212
0.964406 9.9982E-05 0.0353941 9.9982E-05
0.914213 0.0211968 0.0644899 9.9991E-05
0.893031 0.0579093 0.0489601 9.9991E-05
0.861615 0.0891293 0.0491556 9.9991E-05
0.760701 0.0704007 0.168798 9.9991E-05
0.797033 0.119661 0.0832057 9.9991E-05
0.801342 0.103654 0.0949042 9.9991E-05
0.170296 0.532376 0.0287304 0.268597
0.0585822 0.812189 9.9991E-05 0.129129
0.142049 0.60419 0.0985092 0.155252
0.152623 0.18318 0.0462956 0.617901
0.206921 0.566802 0.0133422 0.212935
0.229533 0.0828821 0.107974 0.579611
0.104496 0.667828 0.09379 0.133886
0.146739 0.497181 9.9991E-05 0.355981
0.154859 0.61136 9.9991E-05 0.233681
0.0443772 0.675276 9.9991E-05 0.280246
0.120002 0.536177 9.9991E-05 0.343721
0.120761 0.734427 0.0135375 0.131274
0.15028 0.656629 0.0121461 0.180945
0.0394532 0.12188 0.0791958 0.759471
0.121518 9.9991E-05 0.0423072 0.836075
0.141875 0.247809 0.050885 0.559431
0.179798 0.612893 0.0643114 0.142997
0.119779 0.610667 0.0698305 0.199723
0.158717 0.642093 0.0192789 0.17991
0.0847474 0.666795 0.12118 0.127278
0.261956 0.560661 0.142975 0.0344073
0.191139 0.688968 0.119793 9.9991E-05
0.462584 0.12315 0.154215 0.260051
0.228001 0.648952 0.0415255 0.0815219
0.228653 0.363652 0.228757 0.178939
0.479146 9.9991E-05 0.223166 0.297587
0.274316 0.295578 0.3183 0.111805
0.359329 0.302161 0.220011 0.118498
0.330982 0.448448 0.0956624 0.124907
0.0900585 0.426623 0.319865 0.163453
0.212156 0.519874 0.224875 0.0430954
0.156951 0.564027 0.208261 0.0707608
0.167976 0.350669 0.251219 0.230136
0.471697 0.336205 0.177263 0.0148357
