9.9973E-05 0.0528236 0.0580423 9.9973E-05 0.0263022 0.862532 9.9973E-05
0.0207325 9.9973E-05 0.0392555 9.9973E-05 9.9973E-05 0.912875 0.0268368
9.9973E-05 0.0152866 0.0943245 0.127186 9.9973E-05 0.762903 9.9973E-05
9.9973E-05 0.100872 0.0562253 9.9973E-05 0.13551 0.707093 9.9973E-05
9.9973E-05 0.0236435 9.9973E-05 0.0708374 0.0497496 0.85547 9.9973E-05
0.120192 0.0263335 0.0114116 0.0261998 0.0416616 0.629167 0.145035
0.0847296 0.0248036 0.0748848 9.9982E-05 9.9982E-05 0.765234 0.0501482
0.0969519 0.113043 0.0770325 9.9982E-05 9.9982E-05 0.712066 0.000706752
0.0379762 0.0586792 0.025023 9.9982E-05 9.9982E-05 0.826847 0.051274
0.162662 9.9982E-05 0.0291037 0.023887 0.115427 0.66872 9.9982E-05
0.0232757 0.172553 9.9982E-05 0.0659209 9.9982E-05 0.728814 0.00923613
9.9973E-05 0.439591 9.9973E-05 0.21803 0.104869 9.9973E-05 0.23721
9.9982E-05 0.274214 0.0714935 0.55757 0.0383236 9.9982E-05 0.0581987
0.107938 0.422605 0.033997 0.190399 0.104972 9.9991E-05 0.139989
0.0566633 0.338288 0.0369729 0.22068 0.177845 9.9991E-05 0.169451
0.0411609 0.151239 0.00636945 0.373396 0.107406 0.11624 0.204189
0.0865402 0.134562 0.0486337 0.543028 0.131715 9.9991E-05 0.0554209
0.104347 0.230545 0.0369192 0.387188 0.0845358 9.9991E-05 0.156365
9.9982E-05 0.276987 9.9982E-05 0.301871 0.0747225 0.151041 0.195178
0.132571 0.626682 0.023431 9.9991E-05 0.0695907 0.00297543 0.14465
0.0322932 0.225211 0.063848 0.314578 0.13782 9.9991E-05 0.22615
0.197827 0.054431 0.0553255 0.510237 0.0467697 9.9991E-05 0.135309
9.999E-05 0.16658 0.00945817 0.535271 0.0730373 0.0551955 0.160358
0.0413762 0.362804 0.0324587 0.218415 0.151497 9.9991E-05 0.193349
0.0725936 0.10093 9.9982E-05 0.606051 0.0979553 0.12227 9.9982E-05
0.0830164 0.203409 0.0681203 0.49468 0.141907 9.9991E-05 0.00876638
9.999E-05 0.445914 0.082336 0.169131 0.107765 0.00208546 0.192668
0.0194874 0.394167 0.0204721 0.175398 0.190676 9.9991E-05 0.1997
0.144157 0.423448 9.9982E-05 0.16533 0.025702 9.9982E-05 0.241163
9.995E-05 9.995E-05 0.9994 9.995E-05 9.995E-05 9.995E-05 9.995E-05
9.995E-05 9.995E-05 0.9994 9.995E-05 9.995E-05 9.995E-05 9.995E-05
9.9982E-05 9.9982E-05 0.398645 0.0983322 0.0172649 0.478803 0.00675479
9.9982E-05 9.9982E-05 0.297189 0.0222514 0.0994928 0.502488 0.0783789
9.9982E-05 0.140467 0.0655166 0.537349 0.0202777 9.9982E-05 0.236189
0.0171481 0.0528889 9.9991E-05 0.546037 0.0453054 0.104521 0.233999
0.0505463 0.0160332 0.00319798 0.535195 0.117371 0.0103661 0.26729
0.0255735 0.511099 0.0436258 0.159414 9.9991E-05 0.111452 0.148736
0.0891306 9.9982E-05 0.0141626 0.316671 0.0937742 9.9982E-05 0.486062
9.9982E-05 0.1624 0.00448472 0.484928 9.9982E-05 0.130736 0.217251
0.0464117 9.9991E-05 0.0201084 0.75835 0.0117497 0.0780569 0.0852231
0.0578869 0.0562561 0.0330073 0.602482 9.9991E-05 0.13066 0.119608
0.0321323 0.0976855 0.0461823 0.577569 0.0222312 0.0989026 0.125297
0.010436 0.0712757 0.0306656 0.0752247 9.9991E-05 0.0351942 0.777104
0.0966464 0.046769 9.9982E-05 0.624389 9.9982E-05 0.167789 0.0642062
0.0216642 0.0257383 0.0246008 0.605611 0.0701763 0.0817633 0.170446
0.0075367 0.0331163 0.101508 0.532838 0.0893722 0.113344 0.122285
9.9964E-05 9.9964E-05 0.0215044 0.324042 9.9964E-05 9.9964E-05 0.654054
0.0352751 9.9982E-05 9.9982E-05 0.525236 0.0248082 0.113384 0.301097
0.0158424 0.0168595 0.027831 0.441319 0.150902 0.0556359 0.29161
0.340593 9.9973E-05 0.00200878 9.9973E-05 9.9973E-05 0.0593487 0.59775
0.152732 0.402576 9.9973E-05 0.204204 9.9973E-05 9.9973E-05 0.240188
0.425057 0.20662 0.0159287 0.100273 0.0205581 9.9991E-05 0.231464
0.068904 0.0879463 9.9982E-05 0.615324 9.9982E-05 0.143038 0.0845872
0.154423 9.9982E-05 0.0307269 0.665478 0.0448214 0.104351 9.9982E-05
0.108168 0.059425 9.9991E-05 0.566963 0.128625 0.0851601 0.0515592
0.091246 0.275689 0.0326646 0.16839 9.9991E-05 0.113298 0.318612
0.0880835 0.289495 0.0521885 0.569933 9.9973E-05 9.9973E-05 9.9973E-05
0.123174 0.0593641 0.03057 0.506184 0.114325 0.0564877 0.109895
0.0768956 0.199964 0.00976358 0.357494 9.9991E-05 0.172143 0.18364
0.224363 0.285084 9.9991E-05 0.0857512 0.0618863 0.202984 0.139832
0.0839982 0.120831 0.040815 0.575711 0.0160474 0.0635409 0.0990566
9.9982E-05 0.272463 9.9982E-05 0.393866 0.066899 0.084158 0.182414
0.152738 0.53258 0.0607836 0.0395684 9.9982E-05 9.9982E-05 0.21413
0.0448112 0.232459 0.0047559 0.522961 0.0599266 9.9991E-05 0.134986
0.127701 0.0365272 9.9982E-05 0.722406 0.0823341 0.0308318 9.9982E-05
0.0994327 0.143827 0.0511767 0.610112 0.0583136 0.0300329 0.00710538
0.147078 0.262829 0.0289732 0.304135 0.0323884 0.0315524 0.193045
0.103702 0.187521 0.0585367 0.476113 0.0636129 9.9991E-05 0.110415
0.0217021 0.178511 0.0835707 0.511585 0.0952172 9.9991E-05 0.109313
0.222631 0.373946 0.0655184 0.225205 9.9982E-05 9.9982E-05 0.1125
9.9973E-05 0.0132108 0.0239954 0.532759 9.9973E-05 9.9973E-05 0.429735
9.9973E-05 0.0376757 0.0495863 0.193915 9.9973E-05 9.9973E-05 0.718523
9.9991E-05 0.0501932 0.014384 0.534621 0.0431798 0.0938267 0.263695
0.123728 9.9955E-05 9.9955E-05 9.9955E-05 9.9955E-05 9.9955E-05 0.875772
0.127169 9.9955E-05 9.9955E-05 9.9955E-05 9.9955E-05 9.9955E-05 0.872331
0.00297732 9.9964E-05 9.9964E-05 0.184883 9.9964E-05 9.9964E-05 0.81174
9.9991E-05 0.0269071 0.0330495 0.358084 0.0510784 0.00214258 0.528638
0.0513394 9.9991E-05 0.0571163 0.545089 0.0354221 0.153346 0.157587
9.9973E-05 0.030317 0.0338978 0.433021 9.9973E-05 9.9973E-05 0.502464
9.9982E-05 0.120303 9.9982E-05 0.00143808 0.0928712 0.0596535 0.725535
9.9991E-05 0.249852 0.028833 0.163455 0.0201044 0.00800698 0.529649
0.100325 9.9991E-05 0.0292087 0.417058 0.0900608 0.0696309 0.293616
9.9991E-05 0.0204676 0.011193 0.196632 0.0631895 0.00887214 0.699545
0.0418057 0.0224606 0.0556939 0.361516 9.9991E-05 0.0367547 0.481669
0.0932303 9.9964E-05 9.9964E-05 0.397132 9.9964E-05 9.9964E-05 0.509238
0.273418 9.9964E-05 9.9964E-05 9.9964E-05 9.9964E-05 0.0111322 0.71505
0.138932 9.9991E-05 0.0131346 0.50906 0.0676632 0.0475932 0.223517
9.9982E-05 0.0753882 0.0493548 0.0988687 0.0336975 0.742491 9.9982E-05
9.9964E-05 9.9964E-05 0.152668 0.0732753 9.9964E-05 0.773657 9.9964E-05
9.9973E-05 9.9973E-05 0.148685 0.0460199 0.106874 0.698122 9.9973E-05
9.9964E-05 9.9964E-05 0.110057 0.0467824 9.9964E-05 0.842761 9.9964E-05
9.9964E-05 9.9964E-05 0.124856 0.0953852 9.9964E-05 0.779359 9.9964E-05
0.0618954 9.9982E-05 0.0355782 0.0556354 0.0168835 0.829808 9.9982E-05
9.9964E-05 9.9964E-05 0.0591463 0.0502526 9.9964E-05 0.890201 9.9964E-05
0.00568218 0.0903113 0.0372037 0.284337 0.185421 0.00458777 0.392457
0.00950001 0.0684408 9.9991E-05 0.610417 0.0365697 0.192284 0.0826888
0.0254083 0.0931746 9.9982E-05 0.0144577 9.9982E-05 0.0431294 0.82363
0.0411071 0.0289475 0.0595344 0.554836 0.0130043 0.0793809 0.22319
9.9991E-05 0.0686705 0.019857 0.421461 0.0150978 0.0557257 0.419088
0.0107593 9.9991E-05 0.00568836 0.595499 0.051873 0.0608231 0.275257
0.0427769 0.0525211 0.0474981 0.533339 0.00216986 0.039145 0.28255
9.9973E-05 9.9973E-05 0.0311942 0.444951 0.102273 9.9973E-05 0.421282
9.9964E-05 0.143308 9.9964E-05 9.9964E-05 9.9964E-05 0.0467891 0.809503
0.162393 9.9991E-05 0.0329915 0.468033 0.0552615 0.0928 0.188421
9.9982E-05 9.9982E-05 0.0536119 0.634149 0.0323032 0.0621535 0.217582
0.0757978 0.0284223 9.9991E-05 0.60526 0.0505502 0.118933 0.120937
0.168514 9.9973E-05 0.0461565 0.307781 9.9973E-05 9.9973E-05 0.477249
0.00726677 9.9991E-05 0.0233457 0.428466 0.0233684 0.0143841 0.503069
9.9991E-05 0.0831078 0.0203439 0.469357 0.00435759 0.05858 0.364153
9.9973E-05 9.9973E-05 0.0240957 0.187679 0.137776 9.9973E-05 0.65015
9.9991E-05 0.0238685 0.0372662 0.431158 0.00645572 0.0766775 0.424474
0.0512808 0.0392462 9.9982E-05 0.633642 9.9982E-05 0.17611 0.0995212
0.223745 0.290278 9.9982E-05 0.284 9.9982E-05 0.0769007 0.124875
0.0468905 0.323013 0.0464618 0.306713 0.161097 0.11219 0.00363418
0.0370743 0.139599 0.0165383 0.623924 0.0669532 0.104428 0.0114831
9.9991E-05 0.0811263 0.0447203 0.521334 0.0841427 0.0586199 0.209956
0.0809464 0.274417 0.0745184 0.528603 9.9982E-05 9.9982E-05 0.0413149
0.0356123 0.332325 9.9982E-05 0.576673 0.0408975 0.0142921 9.9982E-05
9.9982E-05 0.35196 0.010306 0.497686 9.9982E-05 0.0773129 0.0625353
0.038598 0.120319 0.0228881 0.531691 0.0539351 0.0823235 0.150246
0.0584866 0.179915 9.9982E-05 0.638968 0.0400984 0.0823324 9.9982E-05
0.0782429 0.138697 0.0493402 0.619191 0.0421982 0.0130174 0.0593133
0.0130334 0.326798 0.00769787 0.553351 9.9982E-05 9.9982E-05 0.0989191
0.0942202 0.0666449 0.0171788 0.730977 9.9991E-05 0.084744 0.00613474
0.0684023 0.180348 9.9991E-05 0.572071 0.00419167 0.137026 0.0378614
9.9982E-05 0.269907 0.0231744 0.555293 0.0515709 9.9982E-05 0.0998547
0.151964 0.195557 0.0442706 0.556414 9.9982E-05 0.0515939 9.9982E-05
0.0396912 0.252521 0.0423508 0.588274 0.0769629 9.9982E-05 9.9982E-05
0.147937 0.366619 0.0232256 0.355142 0.0784973 0.0284782 9.9991E-05
0.0361739 0.188626 0.0109859 0.595591 0.017955 0.00520867 0.14546
0.178281 0.078973 0.000134502 0.71096 0.00114477 0.0304076 9.9991E-05
0.0583548 0.382039 0.0107729 0.21592 0.124897 9.9991E-05 0.207916
0.367512 0.286196 0.00177714 0.195222 0.0186581 0.0366931 0.0939416
0.0341905 0.178569 9.9991E-05 0.606331 0.0652268 0.0279934 0.0875893
0.378833 0.316096 9.9982E-05 0.0813094 0.03424 9.9982E-05 0.189322
0.0183827 0.451074 9.9982E-05 0.29588 9.9982E-05 0.0375969 0.196866
0.0829093 0.3024 9.9982E-05 0.504692 9.9982E-05 0.00211573 0.107684
9.9973E-05 0.329421 0.0916887 0.320282 9.9973E-05 9.9973E-05 0.258308
0.0578373 0.444526 9.9982E-05 0.396722 0.0120843 9.9982E-05 0.0886313
0.0679289 0.121802 0.0199575 0.705775 9.9982E-05 0.0843361 9.9982E-05
0.052608 0.145131 9.9991E-05 0.524081 0.0219039 0.120731 0.135445
0.0447666 0.22767 0.0651985 0.548084 9.9991E-05 0.0483122 0.0658686
0.377035 0.319671 9.9982E-05 0.19351 0.0559359 9.9982E-05 0.0536469
0.0528799 0.00977656 0.000662442 0.494777 0.0890233 0.220096 0.132785
0.269594 0.0303177 0.0207473 0.552442 0.0550041 9.9991E-05 0.0717945
0.589462 0.207198 9.9982E-05 0.0136459 9.9982E-05 0.12544 0.0640544
0.142176 9.9982E-05 0.0482392 0.689603 9.9982E-05 0.0880642 0.0317177
0.394253 0.0851089 0.0356404 0.322026 0.0832628 0.0127222 0.0669874
0.272014 0.0671191 0.0154357 0.473143 0.0868905 0.0713623 0.0140354
0.374427 0.0863391 0.0180666 0.287493 9.9991E-05 0.103024 0.13055
0.460581 0.159428 0.018261 0.183287 9.9991E-05 0.0648982 0.113446
0.263824 0.150495 9.9982E-05 0.464046 9.9982E-05 0.0238974 0.0975374
0.17856 0.0745959 0.0145946 0.582328 0.0898012 0.0600203 9.9991E-05
0.17786 0.0759983 0.0086147 0.314663 0.132683 0.113919 0.176262
0.37492 0.128465 0.0149581 9.9991E-05 0.16624 0.0754316 0.239885
0.196317 0.0542177 0.0739334 0.525035 0.0736207 0.0170644 0.059812
0.297105 0.13137 9.9973E-05 0.379938 9.9973E-05 9.9973E-05 0.191287
0.144575 0.182093 9.9982E-05 0.415366 0.0433893 9.9982E-05 0.214376
0.140044 9.9991E-05 0.029254 0.53685 0.0719385 0.0661437 0.15567
0.25676 0.000608978 0.0969249 0.139969 0.269011 0.236626 9.9991E-05
0.383293 9.9973E-05 0.0158782 9.9973E-05 0.111128 0.489401 9.9973E-05
0.414387 9.9973E-05 0.0399312 9.9973E-05 0.146074 0.399307 9.9973E-05
0.142489 0.0150037 9.9982E-05 0.0936028 0.336459 0.412245 9.9982E-05
0.273654 9.9973E-05 0.00890572 0.656046 9.9973E-05 9.9973E-05 0.0610939
0.116278 0.0571556 0.0535039 0.547872 0.155008 0.00316806 0.0670141
9.9982E-05 0.000527343 0.0320086 0.213469 0.68565 9.9982E-05 0.068145
0.0118818 0.108766 9.9982E-05 0.3515 0.446208 9.9982E-05 0.0814441
0.00906662 9.9991E-05 0.0681226 0.401464 0.453062 0.0468621 0.0213228
0.524664 9.9973E-05 0.0127934 0.364972 9.9973E-05 9.9973E-05 0.0972708
0.139247 0.114332 9.9982E-05 0.368974 0.186968 9.9982E-05 0.19028
0.671295 0.0588624 9.9973E-05 0.260937 9.9973E-05 9.9973E-05 0.00860569
0.269681 0.00503366 9.9982E-05 0.661575 0.0281323 9.9982E-05 0.0353784
0.285382 0.082282 0.0142139 0.499258 0.0154643 0.0578441 0.0455554
0.262659 0.0472965 9.9982E-05 0.63721 0.00562022 0.0470137 9.9982E-05
0.612467 0.0242138 9.9973E-05 0.284683 9.9973E-05 9.9973E-05 0.078337
0.158 0.10653 0.0140559 0.606102 0.0787749 9.9991E-05 0.0364367
0.197788 9.9982E-05 9.9982E-05 0.59225 0.0782446 0.0855857 0.0459318
9.9955E-05 9.9955E-05 9.9955E-05 9.9955E-05 0.98916 9.9955E-05 0.0103398
9.9973E-05 0.005385 9.9973E-05 0.0322812 0.93846 9.9973E-05 0.0235744
0.0377116 0.0394144 9.9991E-05 0.215478 0.612933 0.0798609 0.0145027
9.9964E-05 0.0599111 9.9964E-05 0.240167 0.699522 9.9964E-05 9.9964E-05
0.0241101 0.0407154 0.0314927 0.0893171 0.783335 0.021819 0.00921099
9.995E-05 9.995E-05 9.995E-05 9.995E-05 0.9994 9.995E-05 9.995E-05
0.0185009 0.0068801 9.9964E-05 9.9964E-05 0.974219 9.9964E-05 9.9964E-05
9.9955E-05 9.9955E-05 9.9955E-05 0.112767 0.886733 9.9955E-05 9.9955E-05
9.9955E-05 0.0215866 9.9955E-05 9.9955E-05 0.977914 9.9955E-05 9.9955E-05
9.995E-05 9.995E-05 9.995E-05 9.995E-05 0.9994 9.995E-05 9.995E-05
9.9955E-05 9.9955E-05 0.0180767 9.9955E-05 0.981424 9.9955E-05 9.9955E-05
9.9973E-05 0.0223196 0.0531701 0.16911 0.7551 9.9973E-05 9.9973E-05
9.9991E-05 0.0811562 0.0166858 0.037198 0.803619 0.0266972 0.0345441
9.9955E-05 9.9955E-05 9.9955E-05 9.9955E-05 0.984285 9.9955E-05 0.015215
0.0566447 0.0178616 9.9991E-05 0.214329 0.520448 0.0633088 0.127307
9.9991E-05 0.0565183 0.0606149 0.207221 0.665269 0.00169629 0.00858031
9.9973E-05 0.0464252 0.0392445 0.180278 0.733752 9.9973E-05 9.9973E-05
9.9973E-05 0.0467746 0.00965712 9.9973E-05 0.917478 0.0257906 9.9973E-05
9.9955E-05 9.9955E-05 9.9955E-05 0.00984622 0.989654 9.9955E-05 9.9955E-05
9.9964E-05 9.9964E-05 0.00286158 0.0978372 0.898901 9.9964E-05 9.9964E-05
9.9955E-05 9.9955E-05 0.0244052 9.9955E-05 0.975095 9.9955E-05 9.9955E-05
0.000795457 0.0248824 9.9991E-05 0.236242 0.555011 0.0569662 0.126003
0.0223252 0.0076945 9.9982E-05 0.0125799 0.915945 9.9982E-05 0.0412551
0.582816 9.9973E-05 9.9973E-05 9.9973E-05 0.0216812 0.37433 0.0208725
0.167563 0.185487 0.0947746 0.348194 0.0763368 0.127545 9.9991E-05
0.210584 0.0408361 9.9982E-05 0.445362 0.0624753 0.240543 9.9982E-05
0.46075 9.9982E-05 0.0754085 0.247131 0.037002 0.179509 9.9982E-05
0.200217 9.9991E-05 0.0661598 0.438146 0.0876784 0.0866661 0.121033
0.471258 9.9991E-05 0.0882423 0.180059 0.0656786 0.177863 0.0167997
0.138863 0.0304231 0.0119194 0.51665 0.0310521 0.173064 0.0980282
0.313459 9.9991E-05 0.0213086 0.345074 0.125322 0.168839 0.0258973
0.200558 9.9991E-05 0.0558023 0.403007 0.153434 0.112546 0.0745529
0.338641 9.9982E-05 0.0210012 0.266854 0.247589 0.125715 9.9982E-05
0.0858373 0.0637568 0.00054284 0.460939 0.17601 0.193679 0.0192346
0.0241245 0.0821395 9.9973E-05 0.0540524 9.9973E-05 0.839384 9.9973E-05
0.00185841 9.9973E-05 0.0826107 9.9973E-05 0.0706084 0.844623 9.9973E-05
9.9973E-05 0.0217117 0.05269 9.9973E-05 9.9973E-05 0.914 0.0112989
9.9964E-05 0.0664571 0.0448779 9.9964E-05 9.9964E-05 0.888265 9.9964E-05
9.9973E-05 0.0715218 0.154194 9.9973E-05 0.0121282 0.761857 9.9973E-05
9.9973E-05 9.9973E-05 0.0698291 9.9973E-05 0.0815509 0.832575 0.0157455
9.9973E-05 9.9973E-05 0.0580329 0.0470771 0.0754166 0.819174 9.9973E-05
0.0309886 9.9982E-05 0.0704903 9.9982E-05 0.0288241 0.829491 0.0400058
9.9973E-05 9.9973E-05 0.0398411 0.0307012 0.0474977 0.88166 9.9973E-05
0.0435052 0.0114986 0.0100333 9.9982E-05 0.120321 0.814442 9.9982E-05
9.9973E-05 0.226376 0.0584553 9.9973E-05 9.9973E-05 0.567007 0.147861
0.00883276 0.274148 0.0258296 0.00233499 0.0105781 0.603235 0.0750421
0.139435 0.272379 0.0488153 9.9982E-05 9.9982E-05 0.491654 0.0475173
0.0654559 0.307473 0.0047912 9.9982E-05 9.9982E-05 0.503875 0.118204
9.9991E-05 0.0802619 0.0189454 0.538729 0.00577307 0.0887757 0.267415
0.0484931 0.070487 9.9991E-05 0.490473 0.0411721 0.0564006 0.292874
9.9991E-05 0.133389 0.0194279 0.557937 0.0761478 0.0100651 0.202933
0.11718 0.212493 0.068312 0.388748 9.9991E-05 0.00792906 0.205238
9.9982E-05 0.580181 0.00986534 0.0994686 0.0563954 9.9982E-05 0.25389
0.0154056 9.9982E-05 9.9982E-05 0.580584 0.0875276 0.0876767 0.228606
0.0315044 0.0610873 9.9973E-05 0.65757 9.9973E-05 9.9973E-05 0.249538
0.113583 0.0375802 0.00920781 0.531339 9.9982E-05 9.9982E-05 0.30809
0.099912 9.9973E-05 9.9973E-05 0.380209 0.0191966 9.9973E-05 0.500382
0.10717 0.0335001 9.9982E-05 0.606862 9.9982E-05 0.0928693 0.159399
0.0269939 0.0763211 0.00528539 0.388018 0.0494927 0.0311911 0.422698
0.211055 0.0977864 9.9964E-05 9.9964E-05 9.9964E-05 9.9964E-05 0.690759
9.9982E-05 0.167352 0.02303 0.668203 9.9982E-05 0.08188 0.0593349
0.330359 9.9964E-05 9.9964E-05 0.320181 9.9964E-05 9.9964E-05 0.34906
0.0342526 9.9991E-05 0.0495823 0.495536 0.0478896 0.0351483 0.337491
9.9973E-05 0.199972 9.9973E-05 0.0887798 9.9973E-05 0.00575551 0.705193
0.170279 0.724389 9.9964E-05 9.9964E-05 9.9964E-05 0.104933 9.9964E-05
0.167704 0.687289 9.9973E-05 0.0247831 9.9973E-05 0.119923 9.9973E-05
0.107131 0.8181 9.9973E-05 9.9973E-05 9.9973E-05 0.067604 0.00686457
0.0328389 0.800825 9.9973E-05 9.9973E-05 9.9973E-05 0.110897 0.0551396
0.0647437 0.875367 0.0208482 0.0362783 0.0025631 9.9982E-05 9.9982E-05
0.012907 0.827989 9.9973E-05 9.9973E-05 0.121112 0.0376925 9.9973E-05
9.9982E-05 9.9982E-05 0.0274526 0.0601584 0.0634007 0.818887 0.0299016
9.9982E-05 0.0929567 0.0143622 0.0190704 0.0832246 0.790186 9.9982E-05
9.9973E-05 9.9973E-05 0.0498099 0.108503 0.133643 0.707745 9.9973E-05
9.9982E-05 0.0881009 0.0280458 0.0249022 0.12088 0.737872 9.9982E-05
9.9982E-05 0.0712954 0.00832837 0.0468137 0.0969553 0.776407 9.9982E-05
0.0461499 0.569632 0.00255862 9.9973E-05 9.9973E-05 0.38136 9.9973E-05
0.0878936 0.364886 0.0397912 9.9982E-05 9.9982E-05 0.416192 0.0910373
0.0517314 0.394109 9.9973E-05 9.9973E-05 9.9973E-05 0.420329 0.133532
9.995E-05 9.995E-05 0.9994 9.995E-05 9.995E-05 9.995E-05 9.995E-05
0.0760186 0.460017 0.0024219 9.9982E-05 9.9982E-05 0.385986 0.0753563
0.149106 9.9973E-05 9.9973E-05 0.290549 0.35049 0.209555 9.9973E-05
0.0286765 0.0658461 0.0787795 0.4677 0.237155 0.0812423 0.0406006
9.9973E-05 9.9973E-05 0.0696329 0.5442 0.239476 0.146391 9.9973E-05
0.0855955 9.9982E-05 9.9982E-05 0.346268 0.208184 0.306838 0.0529148
0.0528683 0.0322922 0.0304786 0.488219 0.204602 0.156458 0.0350821
0.263091 9.9964E-05 9.9964E-05 9.9964E-05 0.288127 0.448382 9.9964E-05
0.0855278 0.308564 9.9982E-05 0.488057 9.9982E-05 0.0245196 0.0931314
0.194444 0.243019 9.9973E-05 0.402819 9.9973E-05 9.9973E-05 0.159419
9.9982E-05 0.455779 0.0599071 0.281577 9.9982E-05 0.0907552 0.111782
0.152215 0.107196 9.9982E-05 0.456194 0.0573717 9.9982E-05 0.226824
0.677909 0.124039 9.9964E-05 9.9964E-05 9.9964E-05 9.9964E-05 0.197652
9.9991E-05 0.122105 0.00327686 0.51516 0.0586637 0.141676 0.159018
0.252597 0.187466 9.9982E-05 0.543747 9.9982E-05 0.00800647 0.00798335
0.151747 0.341259 0.027076 0.297236 9.9991E-05 0.0326948 0.149887
0.0772078 0.119777 0.0347384 0.44107 0.133043 0.0318082 0.162357
0.43033 0.298248 9.9973E-05 0.156497 9.9973E-05 9.9973E-05 0.114625
0.267317 0.125087 0.00709813 0.524487 0.0168686 9.9991E-05 0.0590417
9.9982E-05 0.255458 0.0696324 0.533541 0.0608987 9.9982E-05 0.0802693
0.103139 0.0573467 9.9991E-05 0.360529 0.175776 0.130724 0.172386
0.263209 0.219706 9.9982E-05 0.37992 0.0225429 9.9982E-05 0.114423
0.0732109 0.313798 0.0347107 0.371584 0.0566247 9.9991E-05 0.149972
0.214152 0.0934118 9.9991E-05 0.512489 0.0520816 0.0473832 0.0803821
0.11773 0.153472 9.9991E-05 0.538035 0.0118063 0.0422005 0.136656
0.0586438 0.0966441 9.9991E-05 0.712598 0.0412853 0.0475732 0.0431557
0.0649194 0.0911856 0.00335878 0.531627 0.0871031 0.0987214 0.123085
9.9982E-05 0.195507 9.9982E-05 0.627277 0.0626332 0.0405155 0.0738674
9.9964E-05 9.9964E-05 9.9964E-05 0.092754 0.0987626 0.808084 9.9964E-05
9.9973E-05 9.9973E-05 9.9973E-05 0.0356238 0.0710744 0.848477 0.0445253
9.9973E-05 0.0481515 9.9973E-05 0.068554 9.9973E-05 0.825788 0.0572064
9.9991E-05 0.0520766 0.026819 0.0274806 0.0296644 0.804104 0.059755
9.9973E-05 9.9973E-05 0.0720383 0.117745 0.0324642 0.777453 9.9973E-05
0.101595 0.569633 9.9982E-05 0.218073 0.0396951 9.9982E-05 0.0708039
0.163808 0.201195 0.0558018 0.539112 9.9982E-05 9.9982E-05 0.0398833
0.117513 0.0409825 0.0283387 0.39682 0.22368 0.159567 0.0330987
0.0435425 0.135505 0.0469368 0.750275 0.0235411 9.9982E-05 9.9982E-05
9.9982E-05 0.224882 0.0218757 0.568476 9.9982E-05 0.0884452 0.0961211
0.329879 0.237296 0.0398247 0.345069 0.0477313 9.9982E-05 9.9982E-05
0.18379 0.522655 0.0407436 9.9982E-05 9.9982E-05 0.11607 0.136542
0.137961 0.289618 0.0264286 0.491378 0.0544152 9.9982E-05 9.9982E-05
0.132338 0.502092 0.0257117 0.152672 0.0739709 0.0471178 0.066098
0.189755 0.152064 9.9982E-05 0.373734 0.0966163 9.9982E-05 0.18763
0.130285 0.454309 0.0224006 0.15106 9.9991E-05 0.12737 0.114476
0.000669045 0.205809 0.0883715 0.571519 0.0995533 9.9991E-05 0.0339787
0.0788717 0.511479 0.0290923 0.174942 0.0524019 0.0395471 0.113666
0.256717 0.231933 0.0196159 0.402975 0.0419824 0.0340737 0.0127028
0.180854 0.144068 0.0112597 0.489281 9.9991E-05 0.0375774 0.13686
0.543096 0.0476947 9.9973E-05 0.403649 9.9973E-05 0.00526045 9.9973E-05
0.142698 0.11177 0.00541532 0.450812 0.0349714 0.125885 0.128449
0.178537 0.039817 0.0167092 0.468279 0.108738 0.124252 0.063668
0.52114 0.088399 9.9964E-05 0.390062 9.9964E-05 9.9964E-05 9.9964E-05
0.241858 0.108958 0.0215674 0.530446 0.0569903 9.9991E-05 0.0400803
0.28143 0.0250334 9.9991E-05 0.53457 0.0299901 0.0402825 0.0885942
0.637222 0.121274 9.9973E-05 0.141958 9.9973E-05 9.9973E-05 0.0992467
0.676785 9.99659E-05 9.99659E-05 0.321753 9.99659E-05 9.99659E-05 0.00106227
0.339498 0.0937187 0.0201232 0.542697 9.9982E-05 0.00376297 9.9982E-05
0.541682 0.0781527 9.9982E-05 0.215474 9.9982E-05 0.00389913 0.160592
0.195314 0.130646 9.9982E-05 0.464328 9.9982E-05 0.0541217 0.15539
0.0848823 0.564971 0.0267259 0.145795 0.020768 9.9991E-05 0.156757
0.300429 0.295238 9.9982E-05 0.2716 0.00797435 9.9982E-05 0.124559
9.9982E-05 0.378119 9.9982E-05 0.276006 0.0968203 0.0472033 0.201651
0.0185591 0.103384 9.9991E-05 0.559744 0.123224 0.0622361 0.132752
0.0142205 0.455114 0.0267547 0.246206 9.9982E-05 9.9982E-05 0.257505
0.265538 0.082143 0.0657318 0.428416 0.153606 9.9991E-05 0.00446546
9.9982E-05 0.235197 0.0453125 0.592149 0.0748513 9.9982E-05 0.0522904
0.102792 0.23793 9.9982E-05 0.602533 0.0480137 9.9982E-05 0.00853139
0.0863351 0.256968 0.00330091 0.337303 0.136928 9.9991E-05 0.179065
9.9991E-05 0.380044 0.010974 0.487074 0.0372084 0.0277068 0.0568927
0.00731446 0.429989 0.00454503 0.242986 0.103045 9.9991E-05 0.212021
0.0521801 0.394469 9.9982E-05 0.325894 0.123259 9.9982E-05 0.103999
0.155689 0.200368 9.9973E-05 0.546622 0.0970208 9.9973E-05 9.9973E-05
0.071745 0.120596 0.0307003 0.607592 0.0584658 0.0239478 0.0869527
0.1988 0.238145 0.00423412 0.404052 9.9991E-05 0.0853527 0.0693161
0.0709847 0.259532 9.9991E-05 0.511953 0.0918008 0.0145111 0.0511182
0.0801258 0.357368 0.0541754 0.390668 0.0281587 0.0867673 0.00273753
0.083956 0.199975 9.9973E-05 0.689061 0.0267076 9.9973E-05 9.9973E-05
0.0563875 0.224508 0.0206621 0.459216 0.0519197 9.9991E-05 0.187207
0.0557069 0.165115 0.0191393 0.414708 0.117816 0.0953292 0.132186
0.0209523 0.0258057 0.0122601 0.478532 0.0794638 0.382887 9.9991E-05
0.157923 9.9991E-05 0.0807167 0.419133 0.238544 0.0492192 0.0543643
0.119612 0.0417417 0.0838544 0.396783 0.153599 0.106446 0.0979657
0.121513 0.0283963 0.0489831 0.529902 0.145758 0.0583035 0.0671435
0.0646538 9.9991E-05 0.0253517 0.445643 0.202222 0.248543 0.0134853
0.32599 0.182363 0.0111231 0.46619 0.0141342 9.9982E-05 9.9982E-05
0.157165 0.0550897 0.0270759 0.386332 0.223751 0.150486 9.9991E-05
0.4289 9.9982E-05 9.9982E-05 0.0460819 0.156095 0.25719 0.111533
0.0357762 0.0972969 0.0757091 0.555374 0.159609 0.075036 0.00119859
0.0809577 9.9991E-05 0.0552561 0.642447 0.140625 0.0373305 0.0432837
0.023295 0.136021 9.9991E-05 0.414232 0.283351 0.128262 0.0147382
0.238942 0.051528 0.0737241 0.251669 0.152262 0.11437 0.117506
0.0727617 0.075548 0.00124191 0.498618 0.176412 0.175319 9.9991E-05
0.119456 0.00354922 0.091378 0.639147 0.059734 0.0866356 9.9991E-05
0.343261 9.9973E-05 0.0482868 9.9973E-05 0.176001 0.432152 9.9973E-05
9.9982E-05 9.9982E-05 0.123199 0.518446 0.164117 0.157854 0.0361844
0.0337001 0.0388961 0.0300921 0.522811 0.140751 0.187066 0.0466842
0.0829217 0.0349344 0.0290582 0.61662 0.13588 0.0703623 0.0302227
0.0457662 0.0368241 0.000209311 0.481418 0.165856 0.263427 0.00649877
0.118753 0.0700334 0.044753 0.494289 0.156155 0.115917 9.9991E-05
0.294607 0.0284523 0.0251334 0.243602 0.149094 9.9991E-05 0.259011
0.130355 0.0675168 0.0731883 0.542218 0.0449127 0.0375083 0.104301
0.54199 0.0569104 9.9973E-05 0.0293862 9.9973E-05 9.9973E-05 0.371414
0.687729 0.0339908 9.9973E-05 0.0452261 9.9973E-05 9.9973E-05 0.232754
0.17107 0.0997527 0.0241197 0.452524 0.151932 9.9991E-05 0.100502
0.145776 9.9973E-05 9.9973E-05 0.410369 0.289067 0.154488 9.9973E-05
0.144641 9.9991E-05 0.0359278 0.370384 0.354333 0.0558539 0.0387601
0.269743 9.9982E-05 0.0270535 0.238271 0.251315 0.213417 9.9982E-05
0.16427 0.000425213 0.0667459 0.318827 0.320088 0.129544 9.9991E-05
0.734821 9.9973E-05 9.9973E-05 0.156255 0.0835172 0.0251069 9.9973E-05
0.587802 9.9991E-05 0.0574729 0.193678 0.102652 0.00840112 0.049893
0.229596 0.0093626 0.00978396 0.606725 0.107627 9.9991E-05 0.0368052
0.298096 0.0193206 0.0111418 0.442592 0.146351 0.0312573 0.0512412
0.555444 0.0057078 0.0204895 0.257079 0.104797 0.0319504 0.0245317
0.161779 0.076729 9.9991E-05 0.554038 0.0813838 0.0707732 0.0551965
0.271542 9.9973E-05 9.9973E-05 0.544569 0.152321 9.9973E-05 0.0312685
0.120834 0.0692639 0.0200436 0.445641 0.188104 0.0457724 0.110342
0.487848 0.0405517 9.9982E-05 0.303573 9.9982E-05 0.00350045 0.164328
0.359063 0.0555684 9.9973E-05 0.420879 9.9973E-05 9.9973E-05 0.16419
0.181935 0.011564 0.00465032 0.617873 0.0682344 0.0342124 0.0815309
0.317571 0.101186 9.9991E-05 0.419526 0.0821337 0.0271828 0.0523001
0.216113 0.0849834 0.0307015 0.384553 0.212043 9.9991E-05 0.0715055
0.447116 9.9964E-05 9.9964E-05 0.515454 9.9964E-05 9.9964E-05 0.0370305
0.595548 0.055044 9.9973E-05 0.318071 9.9973E-05 9.9973E-05 0.0310366
0.225156 9.9982E-05 0.00695923 0.573782 0.0231915 9.9982E-05 0.170711
0.447558 0.00645236 9.9973E-05 0.310912 9.9973E-05 9.9973E-05 0.234778
0.447625 9.9964E-05 9.9964E-05 0.492151 9.9964E-05 9.9964E-05 0.0598242
0.146608 9.9991E-05 0.0354382 0.636 0.0351867 0.0884924 0.0581747
0.245487 0.0216424 0.0189372 0.462446 0.00563243 0.0321396 0.213715
0.13984 0.00262996 0.00747503 0.47108 0.120833 0.170694 0.0874478
0.11146 0.0825873 9.9991E-05 0.359301 0.151652 0.138442 0.156458
0.197501 0.0381621 9.9982E-05 0.350808 0.244851 0.168477 9.9982E-05
0.149133 0.186077 0.048499 0.325569 0.19345 0.0971717 9.9991E-05
0.0949535 0.14954 9.9991E-05 0.324702 0.193279 0.185368 0.0520568
0.19918 0.114335 0.0144765 0.394618 0.214709 0.0548657 0.00781574
0.670413 9.9982E-05 0.0278988 9.9982E-05 0.124301 0.101975 0.0752118
0.107289 0.0274748 9.9991E-05 0.562607 0.22912 0.0436419 0.0297681
0.491442 9.9964E-05 9.9964E-05 9.9964E-05 0.146424 0.361734 9.9964E-05
0.128242 9.9982E-05 9.9982E-05 0.543211 0.227107 0.0844798 0.0167604
0.536792 9.9964E-05 9.9964E-05 0.141488 9.9964E-05 9.9964E-05 0.32132
0.603086 0.0400101 9.9964E-05 9.9964E-05 9.9964E-05 9.9964E-05 0.356504
0.292871 9.9973E-05 0.0339967 0.578932 9.9973E-05 9.9973E-05 0.0939003
0.237934 9.9982E-05 0.0349943 0.545727 0.0510792 9.9982E-05 0.130065
0.450735 0.00722326 9.9973E-05 0.457525 9.9973E-05 9.9973E-05 0.0842159
0.202703 0.0483815 9.9991E-05 0.396976 0.0761253 0.00497569 0.270739
0.328059 9.9973E-05 9.9973E-05 0.564266 0.0540082 9.9973E-05 0.0533666
0.0225603 0.0076269 0.0769389 0.0542684 0.0538354 0.748178 0.0365922
9.9982E-05 0.116717 0.0132004 9.9982E-05 0.108225 0.730278 0.0313806
9.9973E-05 0.0521716 0.0427587 9.9973E-05 0.0812734 0.823496 9.9973E-05
0.00438112 9.9973E-05 0.179365 0.0108429 9.9973E-05 0.805111 9.9973E-05
0.028718 0.0361552 0.0248701 0.387078 0.0823821 0.0409889 0.399808
9.9973E-05 9.9973E-05 9.9973E-05 0.412074 0.0523866 0.0474848 0.487755
9.9973E-05 9.9973E-05 0.030244 0.365899 0.0615844 9.9973E-05 0.541973
9.9982E-05 0.0166629 0.0833854 0.556553 9.9982E-05 0.0685062 0.274692
0.0431237 0.0831336 0.000401617 0.395156 0.127778 0.08718 0.263227
0.0763698 0.0527269 9.9982E-05 0.19156 9.9982E-05 0.0607085 0.618434
9.9982E-05 0.0194809 0.0133374 0.480196 0.07358 9.9982E-05 0.413205
0.148533 9.9973E-05 0.0518579 0.263217 9.9973E-05 9.9973E-05 0.536092
9.9982E-05 0.0394369 0.0275937 0.518753 0.167381 0.246635 9.9982E-05
0.158217 0.0446269 9.9991E-05 0.445216 0.0272606 0.00952946 0.31505
9.9982E-05 0.125214 0.0251367 0.266291 0.0610941 9.9982E-05 0.522064
0.0967183 9.9973E-05 9.9973E-05 0.487402 0.0603804 9.9973E-05 0.355199
9.9991E-05 0.0432062 0.0233231 0.403692 0.0196011 0.0190271 0.491051
9.9955E-05 9.9955E-05 9.9955E-05 0.557703 9.9955E-05 9.9955E-05 0.441797
9.9973E-05 9.9973E-05 0.0235382 0.54047 9.9973E-05 0.0656347 0.370057
0.0611944 9.9964E-05 9.9964E-05 0.00185148 9.9964E-05 9.9964E-05 0.936554
0.0935432 0.0184801 9.9991E-05 0.242207 0.027505 0.0316204 0.586544
0.0172505 0.00791836 9.9982E-05 0.344271 9.9982E-05 0.0674607 0.5629
0.209316 9.9955E-05 9.9955E-05 9.9955E-05 9.9955E-05 9.9955E-05 0.790184
9.9982E-05 0.0666557 0.0482696 0.433971 9.9982E-05 0.0253466 0.425557
0.362654 9.9964E-05 9.9964E-05 0.142544 9.9964E-05 9.9964E-05 0.494402
0.296037 9.9964E-05 9.9964E-05 9.9964E-05 9.9964E-05 0.0045047 0.699058
9.9982E-05 0.0789007 0.0159257 0.566622 0.0234043 9.9982E-05 0.314948
9.9973E-05 0.0797882 9.9973E-05 0.15305 9.9973E-05 0.052739 0.714123
9.9982E-05 0.136674 9.9982E-05 0.306126 0.0673027 0.0052816 0.484415
0.012054 0.00749299 0.012437 0.575516 0.0884528 0.116353 0.187694
0.0460835 0.0291021 0.0049319 0.524257 9.9991E-05 0.00643757 0.389088
0.303381 0.241769 0.000410242 0.372471 0.0768354 9.9991E-05 0.00503316
0.038734 0.0201885 9.9982E-05 0.51331 0.0455248 9.9982E-05 0.382043
0.0292787 0.0834781 0.0521571 0.45652 0.0389973 9.9991E-05 0.339469
0.00509574 9.9973E-05 0.0222881 0.346063 9.9973E-05 9.9973E-05 0.626253
0.107801 0.0439213 0.00162413 0.566733 9.9991E-05 0.0702015 0.209619
0.129988 0.221727 0.07195 9.9973E-05 9.9973E-05 0.576036 9.9973E-05
0.034303 0.0391145 0.0860905 0.0297259 0.0220867 0.71449 0.0741891
0.0201876 0.105627 0.138902 9.9982E-05 9.9982E-05 0.722981 0.0121029
0.0472752 0.108673 0.0945445 9.9982E-05 9.9982E-05 0.729935 0.0193723
0.0277051 0.191421 0.0627131 0.0299265 9.9982E-05 0.688035 9.9982E-05
9.9982E-05 0.128093 9.9982E-05 0.0471246 0.0456556 0.0551641 0.723763
0.0374459 0.124745 9.9982E-05 0.115261 9.9982E-05 0.0625717 0.659776
9.9964E-05 9.9964E-05 9.9964E-05 0.0968615 0.038637 9.9964E-05 0.864102
0.0468264 9.9982E-05 9.9982E-05 0.539887 0.0551153 0.133174 0.224797
9.9982E-05 0.0836483 0.0213328 0.664276 9.9982E-05 0.125143 0.105399
0.103097 9.9982E-05 0.0211846 0.222229 9.9982E-05 0.0113428 0.641947
9.9973E-05 9.9973E-05 0.00900829 0.554972 0.110804 9.9973E-05 0.324916
0.0161792 9.9982E-05 9.9982E-05 0.398263 0.0179993 0.0977994 0.469559
9.9982E-05 0.05203 0.00590007 0.600061 9.9982E-05 0.0260608 0.315749
9.9973E-05 0.0237293 9.9973E-05 0.638216 0.093693 9.9973E-05 0.244062
0.00305485 0.105527 9.9982E-05 0.204688 0.0624921 9.9982E-05 0.624038
9.9973E-05 0.00285602 0.0977204 0.302226 9.9973E-05 9.9973E-05 0.596897
9.9973E-05 0.124427 9.9973E-05 0.257495 0.00534381 9.9973E-05 0.612435
0.200625 0.00410782 0.0099746 0.615018 9.9991E-05 0.143276 0.0268993
9.9982E-05 0.050685 0.0424178 0.384666 9.9982E-05 0.0135154 0.508516
9.9973E-05 9.9973E-05 9.9973E-05 0.39028 0.0643725 0.0584532 0.486594
9.9982E-05 0.0712295 9.9982E-05 0.341951 0.421623 0.0869933 0.078003
9.9991E-05 0.0408022 0.0347539 0.272567 0.541387 0.105199 0.00519087
9.9964E-05 9.9964E-05 9.9964E-05 0.403826 0.480126 0.115648 9.9964E-05
0.0970571 9.9982E-05 0.0162991 0.300491 0.471652 0.1143 9.9982E-05
9.9982E-05 0.0413875 0.0530507 0.429075 0.366882 0.109406 9.9982E-05
0.107631 9.9991E-05 0.0147328 0.493925 0.0510894 0.0354369 0.297085
0.00497783 9.9973E-05 0.0646241 9.9973E-05 0.70734 0.222758 9.9973E-05
9.9982E-05 9.9982E-05 0.0338458 0.291233 0.458821 0.199907 0.0159928
0.28465 9.9991E-05 0.0359465 0.419389 0.170993 0.0784839 0.0104383
0.2079 0.0818281 0.0463895 0.570831 9.9982E-05 0.0928518 9.9982E-05
0.177806 0.114942 0.0520501 0.476586 9.9991E-05 0.124849 0.0536667
0.176334 0.0234944 0.0735092 0.63682 0.0112411 0.0785016 9.9991E-05
0.163164 0.0441536 0.0173223 0.567142 0.00267769 0.055628 0.149912
9.9982E-05 9.9982E-05 0.0516743 0.291265 0.496231 0.135741 0.0248889
9.9982E-05 0.0742981 9.9982E-05 0.422158 0.370157 0.119589 0.0135978
0.0665329 9.9973E-05 9.9973E-05 0.328911 0.576007 0.0282487 9.9973E-05
0.0073023 0.0297176 9.9982E-05 0.528588 0.268911 0.165281 9.9982E-05
0.0406218 9.9991E-05 0.0323919 0.22819 0.576867 0.076998 0.0448314
9.9991E-05 0.0341078 0.0753793 0.325172 0.370322 0.127258 0.0676597
9.9982E-05 9.9982E-05 0.0320954 0.226451 0.592534 0.135493 0.0132265
0.0426588 0.0873809 0.04819 0.273968 0.44836 0.0993423 9.9991E-05
0.269536 9.9973E-05 0.0814967 0.59957 9.9973E-05 0.0490971 9.9973E-05
0.0219761 9.9991E-05 0.00588228 0.328685 0.349117 0.163769 0.13047
0.000447759 9.9982E-05 9.9982E-05 0.134111 0.666234 0.188767 0.0102406
9.9991E-05 0.00455686 0.0144607 0.371193 0.391602 0.0942748 0.123813
0.261303 0.217219 0.0271011 0.254958 9.9991E-05 0.157769 0.08155
0.252327 9.9982E-05 0.0454405 0.517346 0.154633 9.9982E-05 0.0300535
0.0890078 0.039131 9.9991E-05 0.309002 0.356201 0.168356 0.0382027
0.159726 0.00134893 0.0549536 0.644583 0.000245082 0.118038 0.0211046
0.131369 0.0438501 0.0803991 0.500771 0.004545 0.16499 0.074076
0.0719281 9.9991E-05 0.0644999 0.353584 0.210913 0.140309 0.158666
0.126279 9.9991E-05 0.0261548 0.380142 0.279083 0.161223 0.0270187
0.0473341 0.0172084 0.0861802 0.482004 0.120597 0.108015 0.138661
0.0292435 0.0127826 0.0349869 0.353991 0.386076 0.0951517 0.0877683
0.0371779 9.9973E-05 9.9973E-05 0.372237 0.469394 0.120892 9.9973E-05
0.041834 9.9973E-05 9.9973E-05 0.176586 0.578309 0.202971 9.9973E-05
0.116308 0.0321607 0.0260316 0.678266 0.051242 0.0958922 9.9991E-05
0.173213 0.0650051 0.0338991 0.503986 9.9991E-05 0.134836 0.0889609
0.627157 9.9973E-05 0.027643 0.252698 9.9973E-05 0.0922021 9.9973E-05
0.087628 9.9991E-05 0.0341947 0.536394 0.0320244 0.160542 0.149117
0.225676 0.214194 0.0143484 0.397474 0.0902367 0.057971 9.9991E-05
0.161589 9.9973E-05 9.9973E-05 0.48207 0.15635 0.199691 9.9973E-05
0.117248 0.101146 0.142729 0.512495 0.110941 0.01534 9.9991E-05
0.511622 9.9964E-05 9.9964E-05 9.9964E-05 0.180137 0.307842 9.9964E-05
0.587745 9.9973E-05 0.070104 9.9973E-05 0.10117 0.240681 9.9973E-05
0.335044 0.0751512 0.00685797 0.255929 0.178737 0.148181 9.9991E-05
0.446112 9.9982E-05 0.0388351 9.9982E-05 0.213407 0.285609 0.0158371
0.374371 9.9964E-05 9.9964E-05 9.9964E-05 0.162825 0.462404 9.9964E-05
0.336602 0.00071721 0.0600654 0.455238 0.0808934 0.0663837 9.9991E-05
0.096605 0.0264247 0.0217749 0.295965 0.199384 0.235187 0.124659
0.295345 0.0360703 0.0103491 0.134769 0.167275 0.275385 0.080806
0.439322 9.9982E-05 0.0437897 0.109373 0.170209 0.237106 9.9982E-05
0.227838 0.00391882 0.0473027 0.533703 0.0580171 0.12912 9.9991E-05
0.383365 9.9991E-05 0.0761104 0.164815 0.104056 0.20814 0.063414
0.491257 9.9973E-05 0.0450529 9.9973E-05 0.0215512 0.441839 9.9973E-05
0.00439059 0.178583 0.027666 0.490698 0.165159 0.133403 9.9991E-05
0.159341 0.0299879 0.0116183 0.373302 0.273346 0.152305 9.9991E-05
0.027861 9.9982E-05 9.9982E-05 0.389541 0.182672 0.281555 0.118171
9.9973E-05 9.9973E-05 0.0214 0.518409 0.25629 0.203602 9.9973E-05
0.0605122 9.9982E-05 9.9982E-05 0.417201 0.231593 0.204121 0.086373
0.07194 9.9973E-05 9.9973E-05 0.482176 0.24543 0.200154 9.9973E-05
0.0311057 0.0340729 9.9991E-05 0.282556 0.279377 0.365242 0.00754613
9.9982E-05 0.0402077 9.9982E-05 0.514029 0.157198 0.255267 0.0330986
9.9982E-05 9.9982E-05 0.0505799 0.323778 0.307832 0.239705 0.0779053
0.132046 0.0247391 0.105529 0.258915 0.326657 0.14691 0.00520325
0.0145508 0.095259 9.9991E-05 0.291377 0.149893 0.173019 0.275801
0.0325835 0.0614167 0.0189158 0.524383 0.148196 0.144213 0.0702923
9.9991E-05 0.0558563 0.0885399 0.478747 0.129482 0.12511 0.122165
9.9991E-05 0.0560207 0.047713 0.608556 0.111027 0.0967307 0.0798533
0.130921 9.9982E-05 0.0107413 0.350968 0.262296 0.244874 9.9982E-05
0.0641717 9.9991E-05 0.0291255 0.45634 0.140178 0.20202 0.108065
0.248668 9.9982E-05 9.9982E-05 0.105684 0.244092 0.390922 0.0104343
0.0358114 0.0559463 0.0139265 0.495296 0.192537 0.206383 9.9991E-05
0.20662 9.9973E-05 9.9973E-05 0.125695 0.426113 0.241272 9.9973E-05
0.0253429 0.117136 0.00525776 9.9991E-05 0.0100956 0.7934 0.0486673
0.00432241 0.671513 9.9991E-05 0.083075 0.0320529 0.0812447 0.127692
9.9955E-05 0.988729 9.9955E-05 9.9955E-05 9.9955E-05 9.9955E-05 0.010771
9.9955E-05 0.916636 0.082864 9.9955E-05 9.9955E-05 9.9955E-05 9.9955E-05
9.9964E-05 0.937974 9.9964E-05 0.0560392 0.00558719 9.9964E-05 9.9964E-05
9.9964E-05 0.950273 0.00551864 9.9964E-05 0.0438084 9.9964E-05 9.9964E-05
9.9964E-05 0.883814 0.072081 0.0437053 9.9964E-05 9.9964E-05 9.9964E-05
9.9964E-05 0.945207 0.0466046 9.9964E-05 9.9964E-05 0.00778884 9.9964E-05
9.9973E-05 0.782881 0.0399301 0.00985597 9.9973E-05 0.167033 9.9973E-05
9.9973E-05 0.0296844 0.0731493 0.0469197 9.9973E-05 0.849947 9.9973E-05
9.9982E-05 0.101414 0.0857087 0.0745302 0.00206947 0.736078 9.9982E-05
0.00636988 0.0043788 0.0940431 9.9991E-05 0.0619035 0.8027 0.0305052
0.0427649 0.102102 0.0062774 0.034032 9.9982E-05 0.814623 9.9982E-05
9.9973E-05 0.0270794 0.0238352 9.9973E-05 0.0470945 0.901691 9.9973E-05
9.9982E-05 0.0742648 0.0119768 9.9982E-05 0.0302816 0.881218 0.00205853
9.9982E-05 0.0709577 0.0743493 0.0304669 0.151348 0.672678 9.9982E-05
0.0160088 9.9982E-05 0.0609466 0.0504536 0.0648426 0.807549 9.9982E-05
9.9982E-05 0.103079 9.9982E-05 0.0423578 0.0744629 0.696324 0.0835766
9.9973E-05 0.016768 0.0663882 9.9973E-05 0.0878427 0.828701 9.9973E-05
9.9964E-05 0.00782323 0.0807501 9.9964E-05 9.9964E-05 0.911027 9.9964E-05
9.9991E-05 0.00672619 0.0690451 0.0529698 0.0400804 0.795442 0.0356369
9.9973E-05 0.0328254 0.0426073 0.00138814 9.9973E-05 0.922879 9.9973E-05
0.0197967 9.9982E-05 0.0957887 0.0327824 0.0539773 0.797455 9.9982E-05
9.9991E-05 0.0132585 0.106945 0.0154062 0.0379706 0.788194 0.0381263
9.9973E-05 9.9973E-05 0.0845329 0.090189 0.0478802 0.777098 9.9973E-05
9.9973E-05 9.9973E-05 0.0227222 0.100696 0.121908 0.754374 9.9973E-05
9.9973E-05 9.9973E-05 0.0642411 0.114403 0.122638 0.698418 9.9973E-05
9.9973E-05 9.9973E-05 0.0565075 0.116691 0.0672252 0.759276 9.9973E-05
0.212935 0.0876375 9.9991E-05 0.44488 0.0228499 0.154648 0.0769497
0.138387 9.9982E-05 0.0411898 0.683972 9.9982E-05 0.118053 0.0181976
0.165443 0.0667967 0.0103874 0.510794 0.103979 0.127432 0.0151669
0.609954 9.9982E-05 0.0304708 0.18695 9.9982E-05 0.0461228 0.126302
0.148506 0.15954 0.00650474 0.586352 9.9982E-05 0.0988963 9.9982E-05
0.679044 0.0248141 9.9973E-05 0.161604 9.9973E-05 0.134238 9.9973E-05
0.246287 9.9982E-05 0.0282017 0.635762 0.0566652 0.0328838 9.9982E-05
0.207253 0.116718 0.0362625 0.428131 9.9991E-05 0.0675869 0.143948
0.222951 9.9982E-05 0.0210199 0.575907 9.9982E-05 0.0684224 0.1115
0.0228371 0.0131428 9.9982E-05 0.566787 9.9982E-05 0.0765526 0.32048
0.287162 0.17285 0.036182 0.499111 9.9982E-05 0.00449489 9.9982E-05
0.150286 9.9973E-05 9.9973E-05 0.689608 9.9973E-05 0.106028 0.0537778
0.139478 0.0953387 0.0743834 0.581892 9.9991E-05 0.0482393 0.0605684
0.253621 0.415845 9.9982E-05 0.044393 0.0770156 9.9982E-05 0.208925
0.826496 0.077918 9.9973E-05 0.0607716 9.9973E-05 0.0345141 9.9973E-05
0.650979 0.0313548 9.9973E-05 0.24742 9.9973E-05 0.0699464 9.9973E-05
0.0930456 0.0706755 0.0434404 0.627856 0.0870833 0.0776262 0.000272867
0.274193 9.9973E-05 0.037724 0.605197 9.9973E-05 0.0825863 9.9973E-05
0.20883 9.9964E-05 9.9964E-05 0.59549 9.9964E-05 0.19528 9.9964E-05
0.097604 9.9991E-05 0.0971423 0.679946 0.0453539 0.0112765 0.0685778
0.0675868 9.99807E-05 9.99807E-05 0.623214 0.0955929 0.213306 9.99807E-05
