9.9973E-05 0.881768 9.9973E-05 0.0294471 0.048359 0.0401259 9.9973E-05
9.9964E-05 0.926158 0.0551107 9.9964E-05 9.9964E-05 9.9964E-05 0.018332
0.0875565 0.82482 0.0158771 0.0460434 9.9982E-05 0.0255035 9.9982E-05
0.0324688 0.784484 9.9982E-05 0.0920747 0.0207703 0.0700023 9.9982E-05
0.0105364 0.842277 9.9973E-05 0.0747885 9.9973E-05 0.072098 9.9973E-05
0.0347017 0.610616 0.0682421 0.0973707 9.9991E-05 0.0982355 0.0907337
9.9964E-05 0.812861 9.9964E-05 9.9964E-05 0.08697 9.9964E-05 0.0997695
0.0157564 0.735125 9.9982E-05 9.9982E-05 0.0925715 0.0743405 0.0820064
9.99729E-05 0.810683 0.0445491 9.99729E-05 9.99729E-05 0.08527 0.0591976
0.15955 0.713796 9.9991E-05 0.021542 0.0395083 0.0120189 0.0534855
0.002648 0.754248 9.9982E-05 9.9982E-05 0.106493 0.0487603 0.0876504
0.115305 9.9973E-05 0.0254086 0.047905 0.811081 9.9973E-05 9.9973E-05
0.446888 0.00626578 9.9982E-05 0.0490278 0.458394 9.9982E-05 0.0392238
0.118133 0.0836592 9.9982E-05 0.0375531 0.697942 9.9982E-05 0.0625125
0.155538 0.037528 9.9973E-05 0.159615 0.647019 9.9973E-05 9.9973E-05
0.382046 0.140584 0.0515604 0.0501595 0.353103 9.9991E-05 0.022447
0.495693 0.0419771 9.9982E-05 0.0833039 0.347694 9.9982E-05 0.0311323
0.387172 9.9982E-05 0.0611206 0.0995289 0.338826 9.9982E-05 0.113153
0.252511 0.109861 0.0459315 0.0556843 0.535813 9.9982E-05 9.9982E-05
9.9973E-05 0.0632841 9.9973E-05 9.9973E-05 0.802936 0.0777736 0.0557062
0.266636 0.00895928 0.144809 0.114601 0.368274 0.0582546 0.0384661
0.448516 9.9991E-05 0.0200098 0.0454582 0.223842 0.0532097 0.208865
0.542506 0.0688182 0.0684754 9.9982E-05 0.3037 0.0163002 9.9982E-05
0.13135 9.9973E-05 0.00781007 0.122695 0.737845 9.9973E-05 9.9973E-05
0.519268 0.0728605 0.0602604 0.0998758 0.148722 0.0578733 0.0411396
0.478624 0.0834763 9.9982E-05 0.0578473 0.330712 9.9982E-05 0.0491399
0.00850834 0.0373309 9.9973E-05 0.0531273 0.900734 9.9973E-05 9.9973E-05
0.0864808 0.0199774 9.9973E-05 0.141926 0.751316 9.9973E-05 9.9973E-05
0.133032 0.0413459 9.9973E-05 9.9973E-05 0.705541 9.9973E-05 0.11978
0.112115 0.821522 9.9964E-05 0.0659636 9.9964E-05 9.9964E-05 9.9964E-05
0.158426 0.82185 9.9964E-05 9.9964E-05 0.0193237 9.9964E-05 9.9964E-05
0.112219 0.776697 0.0317776 0.0790066 9.9973E-05 9.9973E-05 9.9973E-05
0.105878 0.72546 0.115774 0.0525886 9.9973E-05 9.9973E-05 9.9973E-05
0.533628 0.0144701 0.244597 0.0127725 0.116164 0.0782678 9.9991E-05
0.471726 0.0989054 0.252034 0.0242237 0.0275479 0.0757246 0.0498388
0.546951 9.9964E-05 0.393612 9.9964E-05 0.0590369 9.9964E-05 9.9964E-05
0.0451651 0.108635 0.0450527 9.9982E-05 0.683112 0.117835 9.9982E-05
0.23387 0.0625903 0.592043 0.015728 9.9982E-05 9.9982E-05 0.0955688
0.41298 0.102269 0.227212 0.023002 0.234338 9.9982E-05 9.9982E-05
0.678028 0.0470827 0.231058 0.0191198 9.9982E-05 0.0245118 9.9982E-05
0.638465 0.129207 0.118108 9.9991E-05 0.0723567 0.00754482 0.0342186
0.657003 0.135165 0.0548043 9.9982E-05 0.0714635 0.0813638 9.9982E-05
0.0364947 0.0535713 0.680856 0.0380443 0.190834 9.9982E-05 9.9982E-05
0.604678 0.0135072 0.106064 0.0410406 0.00656818 0.0743677 0.153775
0.463631 0.0316534 0.278508 0.0989809 9.9991E-05 0.0156457 0.111481
0.51197 0.114013 0.169244 0.0740772 0.0740191 0.0565776 9.9991E-05
0.247374 0.0151934 0.686188 9.9982E-05 0.0402122 9.9982E-05 0.0108317
0.596581 0.0127797 0.289365 9.9973E-05 9.9973E-05 9.9973E-05 0.100975
0.468773 0.105452 0.236724 0.13319 0.0556614 9.9982E-05 9.9982E-05
9.9964E-05 0.089782 0.614527 9.9964E-05 9.9964E-05 9.9964E-05 0.295291
0.124274 9.9982E-05 0.14244 9.9982E-05 0.418725 0.242346 0.0720156
0.0574734 9.9982E-05 0.090795 0.000553329 0.437035 9.9982E-05 0.413944
0.517746 0.0309065 0.102145 0.0891828 0.0977092 0.115171 0.0471397
0.611049 0.079719 9.9982E-05 0.0402525 0.168911 9.9982E-05 0.0998685
0.530787 0.0300595 0.0177435 0.0865548 0.165987 0.0669063 0.101962
0.159045 0.109848 0.218757 9.9991E-05 0.253037 0.180369 0.078844
0.497965 0.0255134 0.0516405 0.0463542 0.137799 0.165078 0.075649
0.582378 0.0514569 9.9982E-05 0.0841866 0.178005 9.9982E-05 0.103774
0.309824 0.120222 0.1193 9.9991E-05 0.270168 0.0672838 0.113101
9.9991E-05 0.172314 0.0486204 0.0811363 0.424253 0.0875093 0.186067
0.502834 0.101118 0.120553 0.0474758 0.195035 9.9991E-05 0.0328843
0.314013 0.148964 0.0427953 0.0391123 0.425868 0.0291464 9.9991E-05
9.9982E-05 0.0289807 0.14426 9.9982E-05 0.6484 0.0571881 0.120971
0.496948 0.0188893 0.0146048 0.0097735 0.328675 0.0673629 0.0637457
0.655074 0.0228274 0.0405309 0.0694948 0.0120592 9.9991E-05 0.199914
0.557772 0.100336 0.0327573 0.00825265 0.0839836 0.103397 0.113501
0.229647 0.104715 0.185834 0.0058402 0.349186 0.0185202 0.106258
0.493726 0.0246421 9.9973E-05 9.9973E-05 0.387222 9.9973E-05 0.0941101
0.541354 0.0446555 0.061358 0.0653943 0.199021 0.0453537 0.042863
0.111424 0.0394014 0.0962461 9.9991E-05 0.586638 0.0331151 0.133076
0.540259 9.9973E-05 0.332048 9.9973E-05 0.0855003 0.0418929 9.9973E-05
0.15116 0.00252292 0.664765 9.9973E-05 0.181252 9.9973E-05 9.9973E-05
0.550347 0.0702369 0.243282 9.9991E-05 0.0464643 0.0668532 0.0227166
9.9955E-05 9.9955E-05 0.779144 9.9955E-05 9.9955E-05 9.9955E-05 0.220356
9.9973E-05 0.00323905 0.772779 9.9973E-05 0.0543128 9.9973E-05 0.169369
0.198 9.9973E-05 0.784342 0.00823008 0.00912763 9.9973E-05 9.9973E-05
0.430227 0.0563956 0.497946 9.9973E-05 0.0151312 9.9973E-05 9.9973E-05
0.418063 0.103276 0.280512 0.165551 0.0323978 9.9982E-05 9.9982E-05
0.301073 0.0426868 0.476864 0.0797666 0.0427455 0.0567642 9.9991E-05
0.0373103 0.0659911 0.665646 0.0182139 0.103513 0.109226 9.9991E-05
0.177269 0.0210376 0.507945 0.0237589 0.0927253 0.177164 9.9991E-05
0.539005 0.087812 0.264525 0.0426233 0.0278723 0.0380618 9.9991E-05
0.207857 9.9982E-05 0.563036 0.0828862 0.0945345 0.0514863 9.9982E-05
0.385329 0.01538 0.407451 0.0158862 0.11815 0.0577031 9.9991E-05
0.368633 9.9964E-05 0.515072 9.9964E-05 9.9964E-05 9.9964E-05 0.115895
9.9955E-05 9.9955E-05 0.646779 9.9955E-05 9.9955E-05 9.9955E-05 0.352722
0.56074 0.0507413 0.171458 0.0351635 0.13136 0.0219782 0.0285585
0.0824685 0.805024 9.9982E-05 0.0444561 0.0623025 0.00554863 9.9982E-05
0.125031 0.871301 0.00326858 9.9964E-05 9.9964E-05 9.9964E-05 9.9964E-05
0.127456 0.845209 9.9964E-05 0.0269348 9.9964E-05 9.9964E-05 9.9964E-05
0.0851751 0.898761 9.9964E-05 9.9964E-05 9.9964E-05 9.9964E-05 0.0156637
0.0890844 0.87073 0.0187545 0.0211315 9.9973E-05 9.9973E-05 9.9973E-05
0.0457271 0.857863 0.00716696 0.0393655 9.9982E-05 0.0496779 9.9982E-05
0.0797509 0.919749 9.99553E-05 9.99553E-05 9.99553E-05 9.99553E-05 9.99553E-05
0.453843 0.0204077 0.20952 0.0486032 0.183446 0.0239441 0.0602361
0.5446 0.0593594 0.186999 0.102909 9.9982E-05 0.105932 9.9982E-05
9.9973E-05 0.0251106 0.845004 9.9973E-05 0.122751 0.00683401 9.9973E-05
0.455468 0.127603 0.111251 0.0908457 0.159069 0.000281725 0.0554805
0.353216 0.0439412 0.445516 9.9973E-05 0.157028 9.9973E-05 9.9973E-05
0.578469 0.0581139 0.317219 0.0428764 9.9982E-05 9.9982E-05 0.00312203
0.50309 9.9973E-05 0.289033 9.9973E-05 0.151153 9.9973E-05 0.0564236
0.409051 0.0753075 0.472717 9.9982E-05 9.9982E-05 0.0164696 0.0262553
9.9982E-05 0.043528 0.723266 9.9982E-05 0.167724 0.0341669 0.0311146
0.589283 0.132296 0.175118 0.0587891 9.9982E-05 0.0443135 9.9982E-05
0.626238 0.000224786 0.238499 0.0868471 0.0120951 0.035996 9.9991E-05
0.372364 0.0363356 0.120597 0.116842 0.134511 0.207297 0.0120543
0.315613 0.00174756 0.535715 9.9973E-05 9.9973E-05 9.9973E-05 0.146624
0.591914 9.9964E-05 0.330636 9.9964E-05 9.9964E-05 9.9964E-05 0.0770495
0.473541 0.0106129 0.351298 9.9991E-05 0.0823683 0.0137972 0.0682828
0.20825 9.9964E-05 0.703703 0.0876474 9.9964E-05 9.9964E-05 9.9964E-05
0.39336 0.0869495 0.482306 9.9973E-05 9.9973E-05 0.0370855 9.9973E-05
0.59203 0.12787 0.139702 0.0446459 0.0955527 9.9982E-05 9.9982E-05
0.202793 0.0241631 9.9991E-05 0.0260069 0.493324 0.0619734 0.191639
0.312676 0.0971723 0.071442 0.0325579 0.288142 0.157145 0.0408639
0.465965 0.100123 0.0917285 0.0245491 0.104287 0.112883 0.100464
0.640479 0.144914 0.0767378 9.9991E-05 0.101531 0.0261018 0.0101364
0.487722 0.0307182 9.9973E-05 9.9973E-05 0.441472 9.9973E-05 0.0397882
0.497922 9.9982E-05 9.9982E-05 0.0394704 0.351951 0.102473 0.00798316
0.423197 0.0240093 9.9973E-05 9.9973E-05 0.358487 0.194006 9.9973E-05
0.550294 0.0456853 0.140451 9.9991E-05 0.00617346 0.146213 0.111083
0.509742 0.0530471 0.0458066 0.112733 0.242971 0.0356003 9.9991E-05
0.530538 0.00495614 9.9982E-05 0.0388623 0.383007 9.9982E-05 0.0424365
0.503445 9.9964E-05 9.9964E-05 9.9964E-05 0.306422 0.189733 9.9964E-05
0.498751 9.9991E-05 0.108604 0.0914924 0.08934 0.117601 0.0941115
0.533271 0.0424468 0.0412454 0.0658725 0.194937 0.0509616 0.0712658
0.4804 9.9982E-05 0.112074 0.0528494 0.270971 0.0835051 9.9982E-05
0.500934 0.0488665 9.9991E-05 0.0832677 0.179876 0.138563 0.0483932
0.517561 9.9991E-05 0.0541175 0.138963 0.161389 0.0997091 0.0281605
0.366743 0.0865327 9.9973E-05 9.9973E-05 0.365648 9.9973E-05 0.180776
0.608327 0.0127144 0.00519906 0.0614157 0.25985 0.0514444 0.00104897
0.689527 9.9973E-05 9.9973E-05 9.9973E-05 0.172582 0.0390548 0.0985359
0.159397 0.0175972 0.216992 0.053368 0.401066 0.15148 9.9991E-05
0.160666 0.0218441 0.00264382 0.0599807 0.356292 0.0599344 0.338639
0.462063 0.0383803 0.160163 0.0964793 0.0166864 0.16368 0.062548
0.049892 9.9991E-05 0.191677 0.0510545 0.163002 0.2235 0.320774
0.132078 0.0698349 0.113537 9.9991E-05 0.579395 0.0788349 0.0262208
0.363972 0.00136297 0.105405 9.9991E-05 0.394389 0.105583 0.0291884
0.240675 0.0594689 0.140869 9.9982E-05 0.447821 0.110966 9.9982E-05
0.208034 9.9991E-05 0.0451068 0.0037725 0.578586 0.152621 0.0117794
0.629237 0.109586 0.0945696 9.9991E-05 0.0898687 0.0560456 0.0205931
0.541208 0.0570813 9.9982E-05 0.0831179 0.295775 9.9982E-05 0.0226174
0.499486 0.0779161 0.0754192 9.9982E-05 0.269921 9.9982E-05 0.077058
0.094748 9.9991E-05 0.0940579 0.0481937 0.324145 0.184712 0.254044
0.523685 0.144196 0.0442558 9.9991E-05 0.169594 0.0458945 0.072275
0.447863 0.0679379 0.120543 0.0730342 0.0906112 9.9991E-05 0.19991
0.0310865 0.119364 0.132803 9.9991E-05 0.155496 0.0434933 0.517657
0.641876 0.125521 0.107345 9.9991E-05 0.0162869 0.0148476 0.0940232
0.254654 0.0703858 0.160925 0.12576 0.0465572 0.0889879 0.25273
0.469377 0.101333 0.107544 0.0523023 0.0665999 0.00235553 0.200488
0.290171 0.0459338 0.0372822 9.9991E-05 0.0556523 0.121546 0.449315
0.233977 0.0662604 0.126579 9.9991E-05 0.00430183 0.134151 0.434631
0.412807 0.047357 0.0944625 9.9991E-05 0.099428 0.104753 0.241093
0.44217 0.0993372 0.138379 0.059201 0.114932 0.0840917 0.0618894
0.370916 0.110953 0.109578 0.0861676 0.0161045 0.0923522 0.213928
9.9991E-05 0.0231567 0.190197 0.169291 0.173678 0.0209423 0.422635
0.523829 0.062063 0.09665 0.0710014 0.191355 0.0442275 0.0108736
0.320804 9.9982E-05 0.17809 9.9982E-05 0.186301 0.00347049 0.311135
0.413212 9.9973E-05 0.158711 9.9973E-05 0.20525 9.9973E-05 0.222526
0.59525 0.0869462 0.00347058 0.0686258 0.0107284 0.141095 0.0938843
0.135135 0.307889 9.9991E-05 0.265369 0.093415 0.00907019 0.189022
9.9964E-05 0.509633 9.9964E-05 0.151317 9.9964E-05 9.9964E-05 0.33865
9.9964E-05 0.423745 9.9964E-05 0.120841 9.9964E-05 9.9964E-05 0.455014
0.140992 0.389885 9.9982E-05 0.294244 0.0189348 9.9982E-05 0.155744
0.713466 9.9964E-05 0.0523651 9.9964E-05 9.9964E-05 9.9964E-05 0.233769
0.558477 0.0699596 0.129452 0.00465432 0.0720963 0.0328783 0.132483
0.291437 9.9964E-05 9.9964E-05 0.650227 0.0579365 9.9964E-05 9.9964E-05
0.299901 0.00150375 0.0351265 0.449393 0.213876 9.9982E-05 9.9982E-05
0.410362 0.0120217 0.0404922 0.347712 0.0903569 0.0810257 0.0180298
0.370204 9.9973E-05 0.155213 9.9973E-05 0.039003 9.9973E-05 0.43528
0.432278 0.0248413 0.113949 0.0809209 0.00900493 0.102472 0.236534
0.309793 9.9973E-05 0.0365793 9.9973E-05 0.063563 9.9973E-05 0.589764
0.645795 0.0307824 0.0437619 9.9982E-05 0.0742952 9.9982E-05 0.205165
0.489995 9.9982E-05 0.116709 9.9982E-05 0.117017 0.0302196 0.24586
0.549169 0.015094 0.0486252 0.0497886 0.0520093 0.0685768 0.216737
0.259551 9.9982E-05 0.074641 9.9982E-05 0.144842 0.0017304 0.519035
0.589399 9.9982E-05 0.0815486 0.120095 9.9982E-05 0.0784559 0.130301
0.533363 0.00127199 0.0287885 0.0605536 0.140499 0.0270243 0.208499
9.9964E-05 9.9964E-05 0.0045197 0.976686 9.9964E-05 9.9964E-05 0.0183945
0.13394 9.9964E-05 0.00539871 0.860261 9.9964E-05 9.9964E-05 9.9964E-05
0.18336 0.00984631 0.0273969 0.574935 0.17626 9.9991E-05 0.0281015
0.350128 0.00930264 9.9973E-05 0.639148 9.9973E-05 0.00112126 9.9973E-05
0.154414 9.9964E-05 0.0745472 0.770639 9.9964E-05 9.9964E-05 9.9964E-05
9.995E-05 9.995E-05 9.995E-05 0.9994 9.995E-05 9.995E-05 9.995E-05
9.9964E-05 9.9964E-05 0.0302631 0.967496 0.00184084 9.9964E-05 9.9964E-05
0.160892 9.9955E-05 9.9955E-05 0.838608 9.9955E-05 9.9955E-05 9.9955E-05
0.0265456 9.9973E-05 9.9973E-05 0.913414 0.0297727 0.0299682 9.9973E-05
9.995E-05 9.995E-05 9.995E-05 0.9994 9.995E-05 9.995E-05 9.995E-05
9.995E-05 9.995E-05 9.995E-05 0.9994 9.995E-05 9.995E-05 9.995E-05
0.204086 0.0460799 9.9973E-05 0.744807 0.00472792 9.9973E-05 9.9973E-05
0.100939 0.00580937 9.9982E-05 0.812802 0.0688908 0.0113591 9.9982E-05
9.9955E-05 9.9955E-05 0.0317477 0.967753 9.9955E-05 9.9955E-05 9.9955E-05
0.268299 0.0617066 0.0606061 0.454637 0.0824188 0.0722321 9.9991E-05
0.119201 0.0563403 9.9973E-05 0.709491 9.9973E-05 0.114668 9.9973E-05
0.167501 0.0531009 9.9982E-05 0.709429 0.0324282 0.0373407 9.9982E-05
0.107038 0.0125513 9.9982E-05 0.811896 0.0666256 0.00168881 9.9982E-05
9.9964E-05 9.9964E-05 0.00588603 0.986507 9.9964E-05 0.00720676 9.9964E-05
0.113851 0.0549285 9.9973E-05 0.821229 9.9973E-05 0.0096922 9.9973E-05
9.995E-05 9.995E-05 9.995E-05 0.9994 9.995E-05 9.995E-05 9.995E-05
0.227531 0.0525065 0.0341451 0.627658 9.9991E-05 0.0463802 0.0116793
0.012638 9.9973E-05 0.0454137 0.882694 0.0589549 9.9973E-05 9.9973E-05
9.9982E-05 0.32134 0.0337452 0.0544419 0.0122132 9.9982E-05 0.57806
0.347452 0.140118 0.00609328 0.165818 0.0506538 0.176671 0.113194
0.424342 0.225744 0.0467542 0.0464863 0.00243595 0.0770733 0.177164
0.249412 0.175261 9.9982E-05 0.0664264 9.9982E-05 0.0276478 0.481053
0.496372 0.15709 0.0820075 0.0996158 9.9991E-05 0.00691232 0.157903
0.261751 0.235572 0.0376635 0.0571752 9.9982E-05 9.9982E-05 0.407639
0.464189 0.176249 0.187885 9.9991E-05 0.0554067 0.0686697 0.0474996
0.295764 0.100329 9.9982E-05 0.199513 9.9982E-05 0.0336315 0.370563
0.542152 0.136854 0.0375343 0.0722644 0.100854 0.00100294 0.109338
0.406062 0.17821 9.9973E-05 0.12912 9.9973E-05 9.9973E-05 0.286309
0.539611 0.135709 9.9982E-05 0.0511649 0.14231 9.9982E-05 0.131005
0.0591518 0.765545 9.9973E-05 9.9973E-05 9.9973E-05 0.129277 0.0457259
9.9973E-05 0.910519 0.0254068 0.0505403 9.9973E-05 9.9973E-05 0.0132342
9.9973E-05 0.955815 0.0109257 9.9973E-05 0.0156434 0.0173156 9.9973E-05
0.0249656 0.899797 9.9964E-05 9.9964E-05 9.9964E-05 0.0748373 9.9964E-05
0.0212412 0.885432 9.9973E-05 9.9973E-05 0.0836996 0.00932739 9.9973E-05
9.9973E-05 0.865429 0.00655173 0.093134 9.9973E-05 9.9973E-05 0.0345857
0.0117963 0.844206 0.00466895 0.123736 0.003085 0.0124084 9.9991E-05
9.9973E-05 0.859464 0.017399 0.0217822 9.9973E-05 9.9973E-05 0.101055
0.0303269 0.886458 0.0458556 0.0234564 0.0137034 9.9982E-05 9.9982E-05
0.0357028 0.835466 9.9982E-05 0.0673422 0.0399653 9.9982E-05 0.0213236
9.9982E-05 0.601259 0.0750572 9.9982E-05 0.196254 0.0700632 0.0571668
9.9982E-05 0.57264 0.0286231 0.0108622 0.186161 0.201514 9.9982E-05
9.9973E-05 0.558984 9.9973E-05 9.9973E-05 0.272284 0.0610607 0.107371
9.9982E-05 0.470275 0.0885152 9.9982E-05 0.258587 0.112015 0.0704086
0.436424 0.0312121 0.307177 0.00244676 0.222539 9.9982E-05 9.9982E-05
0.387908 0.00131086 0.367106 0.0760594 0.0601655 0.0708604 0.0365897
0.433311 9.9982E-05 0.273708 0.0441048 0.137728 0.110948 9.9982E-05
0.327901 0.0220924 0.228136 9.9991E-05 0.308152 0.0862432 0.0273756
0.08075 9.9973E-05 0.103228 9.9973E-05 0.602181 0.213541 9.9973E-05
0.570479 9.9973E-05 0.310308 0.0719771 0.0469366 9.9973E-05 9.9973E-05
0.459405 9.9991E-05 0.311108 0.0531595 0.0696333 0.0884121 0.0181822
0.44994 9.9982E-05 0.31274 9.9982E-05 0.150726 0.00322239 0.0831712
0.346165 9.9973E-05 0.546399 0.0397699 9.9973E-05 9.9973E-05 0.0673663
0.604444 0.0336397 0.218992 9.9982E-05 9.9982E-05 0.109399 0.0333262
0.355188 9.9982E-05 0.33732 9.9982E-05 0.153776 0.0890456 0.0644707
9.9955E-05 9.9955E-05 0.756668 9.9955E-05 9.9955E-05 9.9955E-05 0.242832
0.499788 0.00705002 0.134774 0.00783559 0.211647 0.120008 0.018897
0.245342 9.9964E-05 0.462697 9.9964E-05 9.9964E-05 9.9964E-05 0.291562
0.476921 0.0237263 0.381624 0.0368993 0.0162056 9.9991E-05 0.0645237
0.03502 0.0386078 0.695533 9.9982E-05 0.189444 0.0411953 9.9982E-05
0.0313743 0.0376531 9.9973E-05 9.9973E-05 9.9973E-05 0.832787 0.0978853
0.0623158 0.0229508 9.9973E-05 9.9973E-05 9.9973E-05 0.792506 0.121927
9.9955E-05 9.9955E-05 9.9955E-05 9.9955E-05 9.9955E-05 0.915246 0.0842547
9.9973E-05 0.0370296 0.0123434 9.9973E-05 9.9973E-05 0.828965 0.121362
9.9973E-05 9.9973E-05 9.9973E-05 0.0529086 0.109913 0.825358 0.0115203
0.133339 9.9964E-05 9.9964E-05 0.0497703 9.9964E-05 0.816491 9.9964E-05
0.070151 0.813475 0.0275752 0.0726862 9.9982E-05 0.0159126 9.9982E-05
0.0573795 0.782562 9.9982E-05 0.0519057 0.0861529 0.0218002 9.9982E-05
0.135115 0.78744 9.9973E-05 0.0606014 9.9973E-05 9.9973E-05 0.0165434
0.00654472 0.7507 9.9982E-05 0.119006 0.102096 0.0214534 9.9982E-05
0.0263269 0.770022 9.9982E-05 0.102055 0.0818929 0.019503 9.9982E-05
9.9982E-05 0.31774 0.0424991 9.9982E-05 0.0555868 0.476906 0.107068
9.9982E-05 0.435476 0.0942297 9.9982E-05 0.0208697 0.399965 0.0492591
9.9982E-05 0.413919 0.0729126 9.9982E-05 0.103237 0.385744 0.023987
0.120325 0.789159 9.9982E-05 0.0603846 0.0180465 0.0118849 9.9982E-05
9.9973E-05 0.368539 0.101731 9.9973E-05 9.9973E-05 0.485155 0.0442757
0.242701 0.162155 9.9973E-05 0.398113 9.9973E-05 9.9973E-05 0.196732
0.472696 0.15875 0.0027718 0.187157 0.0844682 9.9991E-05 0.0940572
0.530437 0.217325 9.9973E-05 0.24656 0.00537833 9.9973E-05 9.9973E-05
0.304768 0.2315 0.030525 0.24231 9.9991E-05 0.0728691 0.117928
0.38785 0.161988 0.0472854 0.219156 0.084898 0.0928143 0.00600882
0.0199786 0.439291 9.9973E-05 0.296928 9.9973E-05 9.9973E-05 0.243502
0.359555 9.9982E-05 0.189485 9.9982E-05 0.248086 0.107141 0.0955326
0.357057 9.9982E-05 0.0572706 9.9982E-05 0.180967 0.126383 0.278122
0.164315 0.0775243 9.9973E-05 9.9973E-05 0.726307 0.0315535 9.9973E-05
0.441708 0.0282055 0.12464 9.9991E-05 0.186337 0.059817 0.159193
9.9964E-05 9.9964E-05 0.184877 9.9964E-05 0.20634 9.9964E-05 0.608382
0.468945 0.0974236 0.0536562 0.021956 0.181288 0.0617724 0.114959
0.520334 9.9982E-05 9.9982E-05 0.00819489 0.301122 0.0913241 0.0788245
0.267177 0.0554316 0.0229625 9.9982E-05 0.522139 0.13209 9.9982E-05
0.582768 0.0970056 0.0277371 9.9991E-05 0.168293 0.0622329 0.061863
0.059878 9.9973E-05 0.0592245 9.9973E-05 0.560514 9.9973E-05 0.320083
0.467091 9.9991E-05 0.088474 0.0185894 0.0689383 0.141011 0.215796
0.528808 9.9982E-05 0.11038 0.0185144 0.274299 0.0677987 9.9982E-05
0.321602 0.109551 0.128904 0.222773 0.0714308 0.096062 0.0496771
0.307067 9.9973E-05 0.0980892 9.9973E-05 0.399469 9.9973E-05 0.195075
0.451763 9.9982E-05 0.12914 9.9982E-05 0.297679 0.0657511 0.0554678
0.453962 0.0275054 0.0466713 0.0300061 0.262736 9.9991E-05 0.179019
0.441567 0.0656487 0.18044 9.9991E-05 0.192488 0.0176794 0.102077
0.613882 9.9982E-05 0.0419809 9.9982E-05 0.200442 0.117515 0.0259803
0.462797 0.0938137 0.103146 0.142342 0.187265 0.0105353 9.9991E-05
0.61007 0.0777574 9.9982E-05 0.0319836 0.122652 0.157337 9.9982E-05
0.146693 0.772381 9.9964E-05 0.080526 9.9964E-05 9.9964E-05 9.9964E-05
0.0647141 0.804769 0.0396053 0.0660477 9.9982E-05 9.9982E-05 0.0246634
0.0594053 0.743436 0.019493 0.0322159 9.9991E-05 0.055188 0.0901617
0.00743812 0.781061 0.106826 0.051383 9.9982E-05 0.0530921 9.9982E-05
0.14359 0.840782 9.9973E-05 0.00453711 9.9973E-05 9.9973E-05 0.0107903
0.0585724 0.023006 9.9991E-05 0.0402987 0.722474 0.109614 0.0459353
0.463205 0.0473279 0.093674 0.047657 0.146703 0.0604624 0.140971
0.523104 0.255718 9.9973E-05 0.118037 0.102841 9.9973E-05 9.9973E-05
0.578929 0.072237 0.0646991 0.0663582 0.189974 0.00514366 0.0226594
0.526008 0.0598343 0.0754549 9.9982E-05 0.303382 0.0351216 9.9982E-05
0.218157 0.0102231 9.9991E-05 0.0459436 0.346257 0.109404 0.269915
9.9973E-05 0.126409 9.9973E-05 9.9973E-05 0.597946 0.162918 0.112427
0.539247 9.9991E-05 0.0372804 0.0086188 0.182125 0.168327 0.0643013
9.9991E-05 0.0663993 0.117846 0.0534411 0.524916 0.213258 0.0240386
0.369431 0.0120814 0.109077 0.0862444 0.145402 0.111378 0.166385
9.9982E-05 0.162802 0.0738248 9.9982E-05 0.598312 0.129211 0.03565
0.52756 0.00545465 0.0402018 0.0806111 0.275954 0.0701177 9.9991E-05
0.111927 0.107796 0.0513793 9.9982E-05 0.577035 0.151662 9.9982E-05
0.416091 0.0648412 0.0540732 0.00652897 0.307789 0.0692261 0.0814506
0.459481 0.0811485 0.178841 9.9991E-05 0.0356989 0.0939783 0.150752
0.351974 9.9973E-05 9.9973E-05 9.9973E-05 0.0650604 0.141584 0.441081
0.566238 0.00453312 0.0438084 9.9991E-05 0.108496 0.100526 0.176298
0.62545 0.103096 9.9991E-05 0.0363121 0.0415844 0.0635052 0.129953
0.392424 9.9982E-05 0.0226952 9.9982E-05 0.0710572 0.065331 0.448293
0.536548 0.0494382 0.0662312 0.0435492 0.0945702 0.0656463 0.144017
0.636729 9.9973E-05 0.000720031 9.9973E-05 9.9973E-05 0.159794 0.202457
0.117343 9.9982E-05 0.0775141 9.9982E-05 0.0797925 0.0929564 0.632194
0.319573 9.9964E-05 9.9964E-05 9.9964E-05 9.9964E-05 0.0462177 0.633809
0.559137 9.9964E-05 9.9964E-05 9.9964E-05 9.9964E-05 0.123997 0.316466
0.172407 9.9982E-05 0.159735 9.9982E-05 0.0852947 0.0877867 0.494576
0.466664 9.9982E-05 0.101666 9.9982E-05 0.0892424 0.0749335 0.267294
9.9991E-05 0.021927 0.0839224 0.0386525 0.564206 0.237173 0.0540188
0.157739 9.9991E-05 0.154726 0.0170182 0.410833 0.0872091 0.172374
0.251127 0.0501383 0.0726865 0.0758785 0.431339 0.11873 9.9991E-05
0.579391 9.9982E-05 0.0646099 0.106784 0.231505 0.0175112 9.9982E-05
0.116746 9.9982E-05 0.202533 9.9982E-05 0.560448 0.117134 0.00293921
0.469422 9.9991E-05 0.02018 0.139903 0.168704 0.14266 0.059031
0.472652 0.0118236 0.106809 0.136732 0.184407 0.0874762 9.9991E-05
0.415576 0.00673744 0.0861323 0.102838 0.295349 0.051619 0.0417479
0.38396 9.9982E-05 0.112026 0.122651 0.269621 0.111542 9.9982E-05
0.339157 0.0711479 0.129054 0.0842571 0.281673 0.0946104 9.9991E-05
0.119269 9.9982E-05 0.106804 0.0868385 0.489361 0.197529 9.9982E-05
0.197729 9.9982E-05 0.119152 0.110606 0.420294 0.152019 9.9982E-05
0.56083 9.9991E-05 0.0876339 0.0585068 0.176543 0.103186 0.0131997
0.525701 0.0791816 0.152646 0.0200304 0.142228 0.048324 0.0318891
0.412912 0.0518859 0.0706643 9.9991E-05 0.0930819 0.16699 0.204366
0.451269 9.9982E-05 0.0434182 0.113799 0.241346 0.149968 9.9982E-05
0.303816 0.0434252 9.9991E-05 0.0334615 0.257539 0.234131 0.127527
0.602128 9.9973E-05 9.9973E-05 0.0421586 0.245951 0.109462 9.9973E-05
0.419887 0.0214805 0.0347226 0.108446 0.288978 0.113865 0.0126208
0.400963 0.0884592 0.104792 0.163264 0.104517 0.0905169 0.0474881
0.385914 0.362457 0.066683 0.103512 0.0596729 9.9991E-05 0.0216605
0.478657 0.142117 0.0460197 0.173225 0.0265456 9.9991E-05 0.133336
0.435913 0.119375 9.9991E-05 0.170142 0.210108 0.00659021 0.0577717
0.536767 0.0583447 0.0923521 0.127341 0.139698 0.0133153 0.0321824
0.412276 0.207069 0.0586441 0.233319 0.0740927 9.9991E-05 0.0144988
0.435335 9.9973E-05 9.9973E-05 0.05054 0.291378 9.9973E-05 0.222447
0.461231 0.236408 0.173123 0.0408113 0.0680028 9.9991E-05 0.0203234
0.0171317 0.225173 0.0332655 0.141077 0.153288 9.9991E-05 0.429965
0.475053 0.0861499 9.9991E-05 0.187988 0.13062 0.0317195 0.088369
0.502716 0.10632 0.0813299 0.17771 0.00439943 0.00418938 0.123336
0.473633 0.105085 0.0527508 0.168422 0.065359 0.0803746 0.0543752
0.326475 0.166546 0.0485102 0.10062 0.187441 9.9991E-05 0.170308
0.583355 0.174083 0.0779057 0.103344 9.9982E-05 9.9982E-05 0.0611124
0.636308 0.180634 9.9982E-05 0.118064 9.9982E-05 0.0193576 0.0454369
9.9964E-05 0.470015 9.9964E-05 0.181803 9.9964E-05 9.9964E-05 0.347783
0.493238 0.231981 9.9973E-05 0.194299 0.0801814 9.9973E-05 9.9973E-05
0.529834 0.14542 0.0272859 0.215273 9.9982E-05 9.9982E-05 0.0819876
0.620911 0.100997 0.0625963 0.0486258 0.0289597 0.0647442 0.0731664
0.585483 0.13254 9.9973E-05 0.160476 9.9973E-05 9.9973E-05 0.121202
0.519951 0.193856 0.0356079 0.106576 0.0603204 0.0493609 0.0343279
0.403613 0.0142193 0.319479 0.0640526 9.9991E-05 0.124963 0.0735743
0.43591 0.10338 0.112762 0.110396 9.9991E-05 0.0661057 0.171346
9.9964E-05 9.9964E-05 0.250783 9.9964E-05 0.248652 9.9964E-05 0.500165
0.0297839 9.9982E-05 0.221083 9.9982E-05 0.103818 0.0627194 0.582396
0.359495 0.0422031 0.214277 0.121256 0.155251 0.023591 0.0839272
0.438335 0.0221968 9.9991E-05 0.294047 0.0339947 0.00384799 0.207479
0.310414 0.0810786 0.0191866 0.346313 9.9982E-05 9.9982E-05 0.242808
0.125161 0.163856 0.103021 0.293239 9.9982E-05 9.9982E-05 0.314523
0.244489 0.143934 9.9982E-05 0.329714 0.0836821 9.9982E-05 0.19798
0.212058 0.0553558 0.0736982 0.0668289 0.0352113 9.9991E-05 0.556747
0.242022 0.0720943 0.0601453 0.0805808 9.9982E-05 9.9982E-05 0.544957
0.52982 9.9991E-05 0.148237 0.115664 0.0350376 0.0172874 0.153854
0.40986 0.0331151 0.133943 0.109162 0.082453 9.9991E-05 0.231367
0.240387 0.010575 0.0772867 0.121041 0.0863047 0.0265458 0.43786
0.545149 0.0357044 0.0644461 0.0700059 0.0805537 0.0566249 0.147516
0.577445 9.9973E-05 9.9973E-05 0.0738946 9.9973E-05 0.099548 0.248812
0.401238 0.0904277 0.17955 0.144997 9.9991E-05 0.0140265 0.169661
0.299247 9.9982E-05 0.210682 9.9982E-05 0.112522 0.0923831 0.284966
0.33035 9.9982E-05 0.0879534 0.0610805 0.265994 9.9982E-05 0.254423
0.508077 0.0155362 0.103676 0.0735801 0.0177083 0.101234 0.180189
0.393195 0.02019 0.159107 0.009841 9.9991E-05 0.160311 0.257256
0.399953 0.123303 0.0676035 0.101827 0.12781 0.0444901 0.135013
0.48743 0.0189118 0.0543372 9.9982E-05 0.0471553 9.9982E-05 0.391966
0.301969 9.9982E-05 0.148328 9.9982E-05 0.0845875 0.019633 0.445283
0.599841 0.0138496 0.173697 0.0447765 9.9982E-05 9.9982E-05 0.167635
0.24959 9.9973E-05 0.196191 9.9973E-05 0.125841 9.9973E-05 0.428078
0.438619 9.9973E-05 0.140358 9.9973E-05 0.0603747 9.9973E-05 0.360349
0.592895 0.117889 0.183419 0.0273644 0.00458504 9.9991E-05 0.0737476
0.48791 0.0112031 0.213971 0.0366117 0.0488942 0.0479518 0.153458
0.517466 0.139552 0.046312 0.145267 0.0114375 0.0102669 0.129698
0.414006 0.0652707 0.000540819 0.175618 0.0738214 0.055396 0.215347
0.373359 0.119486 0.0249765 0.236946 9.9991E-05 0.116926 0.128208
0.254268 0.17197 9.9991E-05 0.217218 0.23362 0.00707743 0.115746
0.486135 0.167415 9.9982E-05 0.144151 0.154529 9.9982E-05 0.0475708
0.36061 0.102748 0.141795 0.231331 9.9991E-05 0.0557504 0.107666
9.9982E-05 0.155325 0.0365857 0.182918 9.9982E-05 0.09864 0.526331
0.497435 0.12188 0.0351504 0.22981 9.9991E-05 0.101277 0.0143471
9.9964E-05 0.321542 9.9964E-05 0.148162 9.9964E-05 9.9964E-05 0.529896
0.588774 0.0309504 0.010192 0.147845 9.9982E-05 9.9982E-05 0.222039
0.089252 9.9964E-05 0.413897 9.9964E-05 9.9964E-05 9.9964E-05 0.496451
9.9964E-05 9.9964E-05 0.329015 9.9964E-05 0.104713 9.9964E-05 0.565872
0.474427 9.9973E-05 0.208653 9.9973E-05 0.159343 9.9973E-05 0.157278
0.615407 0.0497789 0.156531 0.0211013 9.9982E-05 9.9982E-05 0.156982
0.401785 9.9973E-05 0.1785 9.9973E-05 0.0684141 9.9973E-05 0.351001
0.486595 9.9973E-05 0.305325 9.9973E-05 0.0692493 9.9973E-05 0.138531
0.579551 9.9973E-05 0.105676 9.9973E-05 0.0350196 9.9973E-05 0.279453
0.000998669 0.795463 0.0987215 0.0632845 9.9982E-05 9.9982E-05 0.0413321
9.9982E-05 0.736396 0.0627435 0.0839858 0.0160736 0.100601 9.9982E-05
9.9964E-05 0.880712 9.9964E-05 0.0745405 9.9964E-05 0.0443479 9.9964E-05
0.0735034 0.925997 9.9955E-05 9.9955E-05 9.9955E-05 9.9955E-05 9.9955E-05
0.349299 9.9982E-05 0.383068 0.0699217 0.146141 9.9982E-05 0.05137
0.429824 0.130641 0.385429 9.9982E-05 0.0332167 0.0206889 9.9982E-05
0.401712 0.0105166 0.527808 9.9973E-05 0.0596636 9.9973E-05 9.9973E-05
0.584025 0.0412504 0.244125 0.0424779 9.9991E-05 0.0529406 0.0350806
0.474186 0.0986451 0.239379 0.0401795 9.9991E-05 0.0797779 0.0677332
0.193782 9.9982E-05 0.492347 9.9982E-05 0.113678 0.0793358 0.120657
0.547816 0.00619776 0.372037 0.0287999 0.039576 0.00547314 9.9991E-05
0.360638 9.9964E-05 0.405967 9.9964E-05 9.9964E-05 9.9964E-05 0.232994
0.44673 0.259233 9.9982E-05 0.200253 0.0167795 9.9982E-05 0.0768042
0.322323 9.9991E-05 0.363117 0.0577993 0.0624435 0.0491502 0.145067
0.278409 0.0394716 0.522034 9.9982E-05 0.0512373 0.108648 9.9982E-05
0.546239 9.9955E-05 0.453262 9.9955E-05 9.9955E-05 9.9955E-05 9.9955E-05
0.375905 0.0403688 0.53901 9.9982E-05 0.0382366 0.00627963 9.9982E-05
0.549266 9.9964E-05 0.44551 0.00482422 9.9964E-05 9.9964E-05 9.9964E-05
0.628119 0.00434808 0.361737 0.00549663 9.9973E-05 9.9973E-05 9.9973E-05
9.9955E-05 9.9955E-05 0.931063 9.9955E-05 9.9955E-05 9.9955E-05 0.0684368
0.213231 9.9982E-05 0.601192 0.0378819 9.9982E-05 0.0180418 0.129454
0.283581 9.9982E-05 0.54245 0.0333743 9.9982E-05 0.0845522 0.0558428
9.9955E-05 9.9955E-05 0.743833 9.9955E-05 9.9955E-05 9.9955E-05 0.255667
0.363253 0.0215816 0.401881 0.0121149 0.167453 0.0336154 9.9991E-05
0.0550341 9.9973E-05 0.599409 0.0103767 9.9973E-05 9.9973E-05 0.334881
9.9955E-05 9.9955E-05 0.679536 9.9955E-05 9.9955E-05 9.9955E-05 0.319964
0.478286 0.0148528 0.186696 0.0585957 0.114642 0.0522729 0.0946549
0.179737 0.0488873 0.580784 9.9991E-05 0.1497 0.0129212 0.0278705
0.284481 9.9991E-05 0.485606 0.0825364 0.078853 0.064343 0.0040807
0.492598 0.085195 0.221741 0.10976 9.9991E-05 0.0548854 0.0357201
0.503868 9.9973E-05 0.39966 9.9973E-05 0.0438073 0.0523645 9.9973E-05
0.350914 9.9982E-05 0.0678961 9.9982E-05 0.275271 0.0967577 0.208961
0.483547 9.9973E-05 0.399349 0.0380109 9.9973E-05 0.0787932 9.9973E-05
0.492436 0.0418182 0.364845 9.9982E-05 0.060023 0.0406774 9.9982E-05
0.239573 9.9964E-05 0.688361 9.9964E-05 9.9964E-05 9.9964E-05 0.0716658
0.49776 0.03807 0.259238 0.0859631 9.9982E-05 0.118769 9.9982E-05
0.0033352 0.635008 9.9982E-05 9.9982E-05 0.12808 0.19194 0.0414356
0.00643054 0.731371 0.0762803 0.0227264 0.0846901 0.0698019 0.00869966
9.9982E-05 0.803017 0.00831343 9.9982E-05 0.0273579 0.114612 0.0464996
9.9973E-05 0.798902 0.00653954 9.9973E-05 9.9973E-05 0.147279 0.0469797
0.0602919 0.713863 9.9973E-05 9.9973E-05 9.9973E-05 0.200213 0.0253316
9.9982E-05 0.0476507 0.732628 0.0466217 0.172378 0.000521401 9.9982E-05
0.0652635 0.061768 0.636902 9.9991E-05 0.169791 0.0355265 0.030649
0.0336752 9.9973E-05 0.842685 0.0404516 9.9973E-05 9.9973E-05 0.0828888
0.522081 0.110354 0.221321 0.108022 0.00110827 0.0151398 0.0219749
0.505653 0.0990669 0.118173 0.0856252 0.0553529 0.0823714 0.053758
0.237775 0.0513712 0.5845 9.9973E-05 9.9973E-05 9.9973E-05 0.126054
0.622678 9.9955E-05 0.376823 9.9955E-05 9.9955E-05 9.9955E-05 9.9955E-05
0.309714 0.0515726 0.494248 0.091259 9.9982E-05 9.9982E-05 0.0530066
0.475312 0.0484416 0.307811 9.9982E-05 0.124754 9.9982E-05 0.0434812
0.539184 9.9991E-05 0.331957 0.0913076 0.0161678 0.0172206 0.00406239
0.109755 0.00716032 0.602986 0.0940002 0.0596148 0.126383 9.9991E-05
0.297896 9.9973E-05 0.605286 0.0166944 0.0798236 9.9973E-05 9.9973E-05
0.311989 9.9973E-05 0.524504 9.9973E-05 0.114938 0.0482694 9.9973E-05
0.520956 0.0705615 0.137744 0.0221771 0.0303569 0.112329 0.105876
0.316527 0.0271365 0.497804 9.9973E-05 0.158232 9.9973E-05 9.9973E-05
0.354407 9.9973E-05 0.498835 0.0988187 0.0476402 9.9973E-05 9.9973E-05
0.415563 0.0589583 0.050441 0.424657 9.9982E-05 0.0501802 9.9982E-05
0.383027 0.136922 9.9991E-05 0.426613 0.0305263 0.00237123 0.0204412
0.409985 0.160173 9.9973E-05 0.418736 9.9973E-05 9.9973E-05 0.0108071
0.304841 0.0730986 9.9973E-05 0.497656 9.9973E-05 9.9973E-05 0.124105
0.372038 0.0972957 0.00928953 0.353202 0.0815043 0.000452569 0.086218
0.403862 0.0419881 0.340962 0.0385973 9.9982E-05 9.9982E-05 0.17439
0.0303091 0.243998 9.9973E-05 0.652303 9.9973E-05 9.9973E-05 0.0730896
0.294144 0.128393 9.9982E-05 0.517232 0.0170572 9.9982E-05 0.0429732
0.380066 0.0631 0.164524 0.202941 9.9991E-05 0.0990433 0.0902262
0.581894 0.11601 0.0253869 9.9991E-05 0.0891372 0.0577252 0.129747
0.43503 0.155577 0.0192672 9.9982E-05 0.106793 9.9982E-05 0.283133
0.588565 0.10069 0.0403665 9.9991E-05 0.0102967 0.165344 0.0946378
0.579118 0.0510181 0.111733 0.052109 9.9991E-05 0.0728902 0.133032
0.290776 0.209344 0.0111164 0.488463 9.9973E-05 9.9973E-05 9.9973E-05
0.301036 0.135036 0.118512 0.37694 0.0531649 0.0152111 9.9991E-05
0.406615 0.102441 9.9973E-05 0.466198 9.9973E-05 9.9973E-05 0.0244459
0.430429 0.150023 9.9982E-05 0.293706 9.9982E-05 0.088426 0.0372162
0.303186 0.0551354 9.9973E-05 0.543438 9.9973E-05 9.9973E-05 0.0979412
0.325754 0.156811 0.113138 0.357824 0.0271662 0.0192071 9.9991E-05
0.226829 0.106643 9.9982E-05 0.603829 9.9982E-05 0.0364293 0.0260696
0.384042 0.0851529 9.9982E-05 0.389009 9.9982E-05 0.0522921 0.0893046
0.533104 0.0408026 0.0319499 0.0264266 0.00261917 0.0745158 0.290581
0.410201 0.158157 0.0488853 0.277596 0.0604689 9.9991E-05 0.0445913
0.147553 0.134227 9.9973E-05 0.623033 9.9973E-05 9.9973E-05 0.094887
0.320579 0.0411615 0.0489153 0.361887 0.0933119 0.134045 9.9991E-05
0.174551 0.166666 0.0859166 9.9991E-05 0.240934 0.106859 0.224973
0.593042 9.9982E-05 9.9982E-05 0.0634071 0.103708 0.0757895 0.163854
0.205787 0.165729 0.133639 0.39025 0.102055 9.9991E-05 0.00244092
0.638701 0.0408648 9.9982E-05 9.9982E-05 0.123526 0.043776 0.152932
0.465853 0.18978 0.110524 0.0135666 0.0386922 9.9991E-05 0.181484
0.443365 0.225345 0.0810503 0.150192 0.037983 9.9991E-05 0.0619643
0.382691 0.284075 0.00121392 0.244256 0.017943 9.9991E-05 0.0697207
0.543113 0.0325497 0.0681593 0.0670458 0.0317706 0.0875984 0.169763
0.411054 0.180942 0.0195868 0.341197 0.0470211 9.9982E-05 9.9982E-05
0.37196 0.162753 0.0267938 0.410613 0.00234621 9.9991E-05 0.0254332
0.161719 0.181879 9.9973E-05 0.585587 9.9973E-05 9.9973E-05 0.0705142
0.602027 0.146646 9.9982E-05 9.9982E-05 0.04376 0.0238287 0.183539
0.532279 0.103596 0.00870965 9.9991E-05 0.137621 0.0381551 0.179539
0.241421 0.0748896 9.9982E-05 0.00231567 9.9982E-05 0.0249975 0.656176
0.564144 0.123484 0.064721 0.0918904 0.0522382 0.0266941 0.0768284
0.310835 0.072593 0.050219 0.0629831 0.230122 0.114345 0.158904
0.498629 0.173006 0.0128945 0.126043 0.0551182 0.0163421 0.117967
0.432347 0.148662 0.0506317 0.0972505 0.117728 0.0639012 0.0894794
9.9964E-05 0.291263 9.9964E-05 0.184654 9.9964E-05 9.9964E-05 0.523683
9.9964E-05 0.269186 9.9964E-05 0.0962568 9.9964E-05 9.9964E-05 0.634158
0.314423 0.138828 9.9991E-05 0.120983 0.104727 0.0125489 0.308389
0.0129458 0.294594 9.9973E-05 0.214641 9.9973E-05 9.9973E-05 0.477519
9.9964E-05 0.431128 9.9964E-05 0.225495 9.9964E-05 9.9964E-05 0.342977
0.342432 0.0758078 0.0108759 0.133977 0.209895 9.9991E-05 0.226912
0.398636 0.172836 9.9982E-05 0.180052 0.0028966 9.9982E-05 0.245378
0.182234 0.266299 0.0637185 0.155507 9.9982E-05 9.9982E-05 0.332042
0.125282 0.264683 9.9973E-05 0.171744 9.9973E-05 9.9973E-05 0.437992
0.413563 0.0988706 0.0783431 0.188612 0.0527154 9.9991E-05 0.167796
0.186291 0.172801 9.9982E-05 0.123488 0.0920822 9.9982E-05 0.425137
9.9964E-05 0.388999 9.9964E-05 0.0766818 9.9964E-05 9.9964E-05 0.533919
0.565293 0.120583 0.080428 0.118593 0.0431183 9.9991E-05 0.0718849
0.240708 0.115992 0.113624 0.293068 0.0237798 0.069636 0.143191
0.449089 0.290248 0.0574212 0.127637 0.0634241 0.0106608 0.00152026
0.540077 0.17554 9.9973E-05 0.244315 0.0397676 9.9973E-05 9.9973E-05
0.544853 0.266724 0.0681635 0.119959 9.9973E-05 9.9973E-05 9.9973E-05
0.509451 0.104794 9.9982E-05 0.236769 0.0633654 9.9982E-05 0.0854205
0.35228 0.398535 9.9982E-05 0.156784 0.0724397 9.9982E-05 0.0197612
0.513452 0.205843 9.9991E-05 0.138562 0.128535 0.00119229 0.0123159
0.433023 0.253025 0.0299484 0.23169 9.9982E-05 9.9982E-05 0.0521144
0.173147 0.227698 0.205948 0.322738 0.0115398 0.0552755 0.00365412
0.236667 0.207925 0.28478 0.115858 0.110671 0.00430373 0.0397953
0.493599 0.190639 0.118864 0.0588917 0.0306511 0.0325476 0.0748071
0.631065 0.19142 0.0134307 0.0695914 9.9991E-05 0.016025 0.0783683
0.488354 0.162688 0.107354 0.0995024 0.141902 9.9982E-05 9.9982E-05
0.408648 0.297173 9.9982E-05 0.227193 0.0290736 9.9982E-05 0.0377114
0.541053 0.180526 0.0161005 0.182496 0.018342 0.039747 0.0217352
0.205098 0.375877 9.9973E-05 0.160424 9.9973E-05 9.9973E-05 0.258301
0.545554 0.132552 9.9982E-05 0.225534 0.0609729 0.0351877 9.9982E-05
0.240069 0.227937 0.0184622 0.282652 9.9982E-05 9.9982E-05 0.23068
9.9973E-05 0.767116 0.0787226 9.9973E-05 9.9973E-05 0.132445 0.0214164
0.0737261 0.0419147 0.0608209 9.9982E-05 0.2385 0.584838 9.9982E-05
9.9973E-05 0.0193665 0.0110394 9.9973E-05 0.140886 0.828409 9.9973E-05
9.9955E-05 9.9955E-05 9.9955E-05 9.9955E-05 0.12549 0.87401 9.9955E-05
0.0412058 9.9964E-05 9.9964E-05 9.9964E-05 0.100181 0.858214 9.9964E-05
0.00831395 9.9973E-05 9.9973E-05 0.0465353 0.144334 0.800517 9.9973E-05
0.0838165 9.9955E-05 9.9955E-05 9.9955E-05 9.9955E-05 0.915684 9.9955E-05
9.9964E-05 0.0384139 9.9964E-05 9.9964E-05 0.11113 0.850056 9.9964E-05
9.9973E-05 0.177667 9.9973E-05 0.0396755 0.0876235 0.694734 9.9973E-05
9.9982E-05 0.894537 0.0112169 0.0245848 0.0535606 0.0159008 9.9982E-05
0.0906226 0.788831 9.9973E-05 0.00157651 9.9973E-05 0.11867 9.9973E-05
0.00678637 0.855328 0.0361803 0.0527491 9.9991E-05 0.0441592 0.00469759
0.0091181 0.808933 9.9982E-05 9.9982E-05 0.160707 0.00165567 0.0193864
9.9973E-05 0.869192 9.9973E-05 0.108239 0.0126319 0.00963711 9.9973E-05
9.9973E-05 0.897926 9.9973E-05 0.00486254 9.9973E-05 0.0900211 0.00689049
0.0522689 0.725822 9.9973E-05 0.154227 9.9973E-05 0.0673827 9.9973E-05
0.129507 0.857482 9.9973E-05 0.0088457 9.9973E-05 9.9973E-05 0.00386599
0.101234 0.674483 0.0163398 0.0520717 0.0541227 0.101649 9.9991E-05
0.0234919 0.924301 0.00526221 0.0466447 9.9973E-05 9.9973E-05 9.9973E-05
9.9955E-05 0.985025 9.9955E-05 9.9955E-05 9.9955E-05 9.9955E-05 0.0144748
9.9982E-05 0.848291 9.9982E-05 0.0835101 0.019971 0.0145783 0.0334492
0.0113113 0.939217 9.9973E-05 9.9973E-05 9.9973E-05 0.0417461 0.0074258
0.0773504 0.894602 9.9973E-05 9.9973E-05 9.9973E-05 0.0113314 0.0164159
0.0535176 0.877946 0.0200436 0.0236524 9.9982E-05 0.0246403 9.9982E-05
0.0744931 0.853757 9.9973E-05 0.0676136 9.9973E-05 9.9973E-05 0.00383634
0.0784347 0.753126 9.9964E-05 0.16804 9.9964E-05 9.9964E-05 9.9964E-05
0.0950897 0.778304 9.9964E-05 0.126207 9.9964E-05 9.9964E-05 9.9964E-05
0.108612 0.793877 0.0165872 0.0806244 9.9973E-05 9.9973E-05 9.9973E-05
0.345098 0.158167 0.126414 0.0381825 0.102573 0.0184646 0.211101
0.745318 0.0614052 9.9973E-05 9.9973E-05 9.9973E-05 0.0821312 0.110845
0.53395 0.0837587 0.133556 0.0464148 0.106979 0.0575063 0.0378362
0.15178 0.0141865 0.132928 9.9982E-05 9.9982E-05 0.0594463 0.641459
0.546031 0.0879726 9.9982E-05 9.9982E-05 0.0844209 0.0690955 0.21228
0.186806 0.0898233 9.9973E-05 9.9973E-05 9.9973E-05 0.0570182 0.666053
0.67791 0.104629 9.9973E-05 9.9973E-05 9.9973E-05 0.0590065 0.158155
0.46313 0.0271518 0.0816388 9.9991E-05 0.078035 0.131151 0.218793
0.540542 0.0859472 0.10757 9.9991E-05 0.0213152 0.0603102 0.184216
0.486772 0.0672415 0.331947 0.043848 0.0424808 0.0276105 9.9991E-05
0.50504 0.0359734 0.042071 9.9982E-05 9.9982E-05 0.160273 0.256443
0.627735 0.017488 0.0355863 9.9982E-05 9.9982E-05 0.0653544 0.253637
0.582768 0.0514861 0.0964042 0.00702798 9.9991E-05 0.125406 0.136807
0.0946474 9.9982E-05 0.09068 9.9982E-05 0.336709 0.214529 0.263234
0.0306703 9.9973E-05 0.0287879 9.9973E-05 9.9973E-05 0.117325 0.822917
0.227392 9.9964E-05 9.9964E-05 9.9964E-05 9.9964E-05 0.0848163 0.687392
0.687795 0.0708534 9.9982E-05 9.9982E-05 0.0254132 0.0580603 0.157678
0.538698 0.117756 0.00203523 9.9991E-05 0.0809357 0.0462308 0.214244
0.621668 0.109107 9.9982E-05 9.9982E-05 0.0208649 0.0128415 0.235319
0.640772 0.0340275 0.108483 0.0427876 0.00853988 0.0335989 0.131791
0.526155 0.231358 0.0301066 0.0761625 0.0656545 9.9991E-05 0.0704639
