9.9973E-05 0.0816214 9.9973E-05 0.00196871 0.0412484 9.9973E-05 0.874862
0.0385792 0.00862583 0.0310883 9.9973E-05 9.9973E-05 9.9973E-05 0.921407
0.0237599 0.00765121 9.9982E-05 0.104901 0.0486153 9.9982E-05 0.814873
9.9973E-05 0.11527 9.9973E-05 0.0362486 0.0922041 9.9973E-05 0.755977
9.9973E-05 9.9973E-05 0.057213 0.065247 0.0271191 9.9973E-05 0.850121
0.0290549 0.0646407 9.9991E-05 0.0612189 0.0367049 0.207242 0.601038
9.9973E-05 0.028031 9.9973E-05 0.00126712 9.9973E-05 0.17396 0.796442
9.9973E-05 0.126945 9.9973E-05 9.9973E-05 0.0250118 0.121546 0.726197
0.0589709 0.0864054 9.99729E-05 9.99729E-05 9.99729E-05 0.039299 0.815025
9.9982E-05 0.0435011 9.9982E-05 0.13275 0.0522771 0.110095 0.661177
0.0145914 0.102029 9.9982E-05 0.0245556 9.9982E-05 0.160257 0.698367
0.207912 0.455769 9.9982E-05 0.237598 0.0839736 0.0145474 9.9982E-05
0.0108628 0.250066 0.0438608 0.530102 0.0641658 0.0544231 0.0465187
0.0994582 0.389067 0.12827 0.2064 0.108314 0.068391 9.9991E-05
0.0332769 0.323193 0.0846079 0.290287 0.181691 0.034646 0.0522978
0.107816 0.193627 0.0338628 0.348739 0.131955 0.0835781 0.100422
9.9991E-05 0.15055 0.00696529 0.652532 0.0460816 0.0980653 0.0457061
0.152602 0.219638 9.9982E-05 0.473526 0.0995426 0.0544916 9.9982E-05
0.0753287 0.314094 9.9991E-05 0.356708 0.0717943 0.0434612 0.138514
0.134688 0.623125 9.9982E-05 9.9982E-05 0.094831 0.126739 0.0204177
0.0875615 0.236716 0.00893225 0.527167 0.0195314 0.109458 0.0106341
0.0670751 0.0944702 0.0336035 0.554104 0.0177759 0.180812 0.0521587
0.0834798 0.170658 9.9982E-05 0.616807 9.9982E-05 0.116302 0.0125538
0.134277 0.319702 0.0193418 0.261786 0.134578 0.130214 9.9991E-05
0.0364039 0.123317 0.0296506 0.608001 0.073683 0.00949028 0.119455
9.9973E-05 0.288833 9.9973E-05 0.525159 0.0970611 0.0886474 9.9973E-05
0.196581 0.438824 9.9982E-05 0.168761 0.142999 0.0526346 9.9982E-05
0.120635 0.397558 9.9991E-05 0.189245 0.202641 0.0802949 0.00952672
0.108787 0.403667 0.0393229 0.261173 9.9982E-05 0.18685 9.9982E-05
9.9964E-05 9.9964E-05 9.9964E-05 0.122935 0.0244148 9.9964E-05 0.852251
9.9955E-05 9.9955E-05 9.9955E-05 0.17336 9.9955E-05 9.9955E-05 0.82614
9.9973E-05 0.00337958 9.9973E-05 0.141922 0.0548818 9.9973E-05 0.799516
0.0387319 9.9973E-05 9.9973E-05 0.193255 0.0310442 9.9973E-05 0.736669
0.201534 0.0533905 0.0659661 0.558272 9.9991E-05 0.0790548 0.041682
0.297117 0.0948043 9.9991E-05 0.461621 0.0573979 0.0184877 0.0704727
0.403928 0.0059716 9.9973E-05 0.518254 9.9973E-05 9.9973E-05 0.0715466
0.0589576 0.622161 0.00736098 0.205385 9.9991E-05 0.0527526 0.0532825
0.509033 0.00564654 0.100234 0.309092 0.0236552 9.9991E-05 0.0522397
0.195579 0.120884 0.0370766 0.580123 9.9982E-05 9.9982E-05 0.0661371
0.176991 9.9973E-05 9.9973E-05 0.726893 0.00220401 0.0936115 9.9973E-05
0.12188 0.090571 9.9991E-05 0.511498 0.00803511 0.223612 0.0443029
0.118732 0.0275559 0.0173234 0.585297 9.9991E-05 0.123051 0.127941
0.668493 0.163214 9.9991E-05 0.130946 0.00420731 0.0184047 0.0146352
0.0131794 0.0695817 9.9982E-05 0.62593 0.0356447 0.255465 9.9982E-05
0.0820623 9.9991E-05 0.140788 0.587716 0.0653688 0.0717052 0.0522602
0.210979 0.0791366 9.9982E-05 0.502939 0.116617 9.9982E-05 0.090128
0.601596 9.9964E-05 0.0782536 0.31975 9.9964E-05 9.9964E-05 9.9964E-05
0.238229 9.9973E-05 9.9973E-05 0.746764 0.00734151 0.00736494 9.9973E-05
0.174835 0.0576995 0.121372 0.460437 0.120028 9.9991E-05 0.0655275
0.708436 9.9964E-05 9.9964E-05 9.9964E-05 9.9964E-05 0.222188 0.0689761
0.173274 0.465294 0.0801932 0.194288 9.9982E-05 0.0867521 9.9982E-05
0.214112 0.199045 0.108167 0.0427768 9.9982E-05 0.435699 9.9982E-05
0.0188426 0.143516 0.0247927 0.606989 0.0493131 0.126175 0.0303716
9.9991E-05 0.0940767 0.0709735 0.572 0.0742201 0.118354 0.070276
0.0737037 0.138223 0.13191 0.532541 0.0531299 0.0240602 0.0464314
0.232744 0.353366 0.0945637 0.170658 0.00371622 0.111367 0.0335847
0.127455 0.255789 0.00880573 0.600018 9.9982E-05 0.00773203 9.9982E-05
0.0998936 0.150989 9.9991E-05 0.579212 0.0544398 0.0912816 0.0240839
0.143108 0.159391 0.098915 0.352634 9.9991E-05 0.132907 0.112945
0.143982 0.32841 9.9991E-05 0.0930926 0.0344613 0.246233 0.153721
0.0924157 0.197789 9.9982E-05 0.573194 9.9982E-05 0.061715 0.0746859
0.0862144 0.272441 0.115206 0.392445 0.0645569 0.00460602 0.0645304
0.195517 0.543649 9.9973E-05 0.0746836 9.9973E-05 0.18585 9.9973E-05
0.158258 0.261482 0.0943977 0.458137 0.0275251 9.9982E-05 9.9982E-05
9.9973E-05 9.9973E-05 0.142828 0.595778 0.0794727 0.181621 9.9973E-05
0.0561622 0.152633 0.112258 0.543201 0.0235132 0.0629312 0.0493016
0.121072 0.319813 0.0695371 0.324379 0.0329805 0.132119 9.9991E-05
0.105763 0.15402 0.0391605 0.388194 0.137123 0.17564 9.9991E-05
9.9982E-05 0.178245 0.0844415 0.617547 0.0602982 9.9982E-05 0.0592687
0.128932 0.349265 0.11817 0.202047 9.9982E-05 0.201386 9.9982E-05
0.469442 9.9955E-05 9.9955E-05 0.530058 9.9955E-05 9.9955E-05 9.9955E-05
0.723334 0.0953085 9.9964E-05 0.180957 9.9964E-05 9.9964E-05 9.9964E-05
0.245084 0.0841425 0.050794 0.423207 0.128436 0.000855224 0.0674813
0.895845 9.9955E-05 9.9955E-05 9.9955E-05 9.9955E-05 0.103655 9.9955E-05
0.883937 9.9964E-05 0.0299279 9.9964E-05 9.9964E-05 0.0857348 9.9964E-05
0.744349 0.00639362 9.9973E-05 0.244235 0.00472255 9.9973E-05 9.9973E-05
0.49118 0.0290662 9.9973E-05 0.478951 9.9973E-05 0.000503305 9.9973E-05
0.0965615 0.0204654 0.0267528 0.564953 0.0824302 0.0858349 0.123002
0.447351 9.9982E-05 0.0612636 0.362404 0.120923 9.9982E-05 0.00785868
0.634055 0.169944 9.9982E-05 0.155758 0.00605907 9.9982E-05 0.0339836
0.477557 0.254062 9.9964E-05 0.267982 9.9964E-05 9.9964E-05 9.9964E-05
0.289073 0.0447131 0.028494 0.408707 0.143852 0.00975155 0.0754097
0.546961 0.0725848 9.9991E-05 0.311527 0.00573066 0.0296565 0.0334406
0.453132 0.0404181 9.9982E-05 0.411023 9.9982E-05 0.0148237 0.0804029
0.550574 9.9964E-05 9.9964E-05 0.375199 9.9964E-05 0.0738279 9.9964E-05
0.700423 9.9982E-05 0.111696 9.9982E-05 0.00175969 0.148916 0.0370055
0.291906 0.0246126 9.9982E-05 0.628629 0.0152513 0.039402 9.9982E-05
9.9982E-05 0.0618653 0.0218348 0.0766152 0.0376493 9.9982E-05 0.801835
9.9955E-05 9.9955E-05 9.9955E-05 0.0832539 9.9955E-05 9.9955E-05 0.916246
9.9964E-05 9.9964E-05 9.9964E-05 0.101674 0.0502642 9.9964E-05 0.847662
0.0059071 9.9964E-05 9.9964E-05 0.0688236 9.9964E-05 9.9964E-05 0.924869
9.9973E-05 9.9973E-05 0.0323377 0.0929683 9.9973E-05 0.00106685 0.873327
0.0194179 9.9991E-05 0.0318619 0.0425046 0.0326331 0.00389996 0.869583
9.99551E-05 9.99551E-05 9.99551E-05 0.0995127 9.99551E-05 9.99551E-05 0.899988
0.350409 0.0141177 9.9982E-05 0.481251 0.0330735 9.9982E-05 0.120949
0.0364824 0.103959 0.117158 0.635554 0.0556968 9.9991E-05 0.0510493
0.745685 0.104669 0.0732874 0.0533523 9.9982E-05 9.9982E-05 0.0228068
0.249231 0.063752 9.9991E-05 0.554961 0.0723396 0.0401695 0.0194471
0.444203 0.124964 0.000314594 0.387566 0.0345907 9.9991E-05 0.00826124
0.227491 9.9973E-05 0.0943739 0.631613 9.9973E-05 9.9973E-05 0.0462224
0.260575 9.9991E-05 0.114577 0.466189 0.0529919 0.0978258 0.00774117
0.463728 9.9982E-05 0.0177396 0.380369 0.133899 9.9982E-05 0.00406546
0.750646 0.195738 9.9964E-05 9.9964E-05 9.9964E-05 9.9964E-05 0.0532161
0.133264 0.0784188 0.00892269 0.553018 0.0506782 0.0571122 0.118585
0.140166 0.0413158 0.0755143 0.699632 0.00968855 0.0317194 0.00196408
0.0956833 0.190332 0.0671971 0.447474 0.115349 0.019992 0.0639718
0.469144 9.9982E-05 0.0627248 0.331119 0.00979726 0.127015 9.9982E-05
0.347872 0.0135388 0.104749 0.47184 0.025773 0.0252617 0.0109657
0.356448 0.154992 9.9991E-05 0.45091 0.00261366 0.0166961 0.0182391
0.617285 9.9973E-05 0.0387551 0.261692 0.0819689 9.9973E-05 9.9973E-05
0.50319 9.9964E-05 9.9964E-05 0.423671 9.9964E-05 9.9964E-05 0.0727395
0.265064 0.0550484 9.9982E-05 0.531685 0.0242228 9.9982E-05 0.12378
0.0317461 0.269779 0.377713 0.205104 0.0417559 0.000198176 0.0737045
9.9982E-05 0.277193 9.9982E-05 0.464809 0.0524083 0.149971 0.0554188
0.0686541 0.141604 0.155066 0.460563 0.058524 9.9991E-05 0.115489
0.11999 0.132055 0.0603217 0.571587 0.00130921 0.0228755 0.0918615
0.0212773 0.307354 0.0024153 0.576965 9.9991E-05 0.0575984 0.0342905
0.00621042 0.204048 0.145171 0.567814 0.00435843 0.0722979 9.9991E-05
9.9973E-05 0.398779 0.0673679 0.522021 0.0115321 9.9973E-05 9.9973E-05
0.177445 0.123932 0.0791924 0.542236 9.9982E-05 9.9982E-05 0.0769947
0.105833 0.178696 9.9982E-05 0.486544 9.9982E-05 0.151088 0.0776392
0.155199 0.138615 9.9982E-05 0.618887 9.9982E-05 0.0627407 0.0243585
0.0044067 0.36424 0.0926687 0.50864 9.9982E-05 0.0298444 9.9982E-05
9.9982E-05 0.0975534 0.152341 0.637868 0.0248296 0.0872082 9.9982E-05
9.9982E-05 0.0766751 0.162425 0.555808 9.9982E-05 0.0956149 0.109277
0.0632245 0.218558 0.12003 0.59232 0.00566681 9.9982E-05 9.9982E-05
9.9991E-05 0.197335 0.0968367 0.595149 0.0528862 0.0206859 0.0370073
0.114353 0.149857 0.133576 0.493531 0.0981435 0.00192194 0.00861829
9.9991E-05 0.25182 0.157959 0.314385 0.0887232 0.145626 0.0413871
0.0900183 0.0874807 0.0543734 0.665526 9.9991E-05 0.0186405 0.083861
0.0271324 0.0871553 0.14789 0.69699 9.9982E-05 9.9982E-05 0.0406321
0.187609 0.398563 0.0822386 0.250826 0.0503332 9.9991E-05 0.0303295
0.0205884 0.323585 0.087608 0.252673 9.9991E-05 0.29302 0.0224268
0.0295808 0.284553 0.0322837 0.58417 9.9982E-05 0.0692126 9.9982E-05
0.219027 0.321523 0.273163 9.9982E-05 0.061641 0.124446 9.9982E-05
0.0865635 0.451862 0.0656315 0.33136 9.9982E-05 9.9982E-05 0.0643825
0.249201 0.333862 0.00627399 0.410363 9.9973E-05 9.9973E-05 9.9973E-05
0.0949324 0.50082 0.0305742 0.373374 9.9973E-05 9.9973E-05 9.9973E-05
0.0840296 0.502809 0.0251066 0.355372 9.9982E-05 0.0324831 9.9982E-05
0.029327 0.171954 0.0354119 0.594968 0.0508326 0.0877513 0.0297554
0.0946182 0.138881 0.00118728 0.552735 0.0903252 0.0791926 0.0430603
0.110628 0.259449 9.9973E-05 0.573881 9.9973E-05 9.9973E-05 0.0557416
0.174719 0.261547 0.135957 0.109458 0.0645554 0.253664 9.9991E-05
0.0804438 0.0848373 0.114031 0.564371 9.9982E-05 9.9982E-05 0.156117
9.9991E-05 0.0250532 0.112604 0.57419 0.00526937 0.242031 0.0407532
0.101397 0.102789 0.203966 9.9982E-05 9.9982E-05 0.497418 0.0942308
0.135334 9.9991E-05 0.0274442 0.636222 0.0297658 0.0870448 0.0840892
0.0937789 0.0498099 0.14109 0.417979 9.9991E-05 0.2545 0.0427428
0.0714713 0.0298949 0.0610454 0.575622 0.0318031 0.110378 0.119786
0.138904 0.0840614 0.0383018 0.271431 9.9991E-05 0.403716 0.0634865
0.0151712 0.11973 0.130128 0.252012 9.9991E-05 0.452502 0.0303568
0.109348 0.0983525 0.135289 0.467012 9.9991E-05 0.184347 0.00555128
0.0633028 0.0799264 0.0351262 0.576123 0.0222345 0.101238 0.122049
0.0423455 0.121374 0.0334344 0.391033 0.0244621 0.234035 0.153316
0.29447 0.0763329 0.137518 0.00620759 0.158904 0.26466 0.061908
0.14849 0.0640374 0.0757939 0.543277 0.0433529 9.9991E-05 0.124949
0.0932666 0.0810264 0.0108983 0.430255 9.9982E-05 0.384354 9.9982E-05
0.101591 0.115594 0.122492 0.486446 9.9982E-05 0.173677 9.9982E-05
0.0207855 0.0886521 0.0672379 0.601513 0.09258 0.0375694 0.0916621
0.0423991 9.9991E-05 0.00339487 0.0939207 0.2818 0.294043 0.284341
9.9964E-05 9.9964E-05 9.9964E-05 9.9964E-05 0.145835 0.356506 0.497259
9.9964E-05 9.9964E-05 9.9964E-05 9.9964E-05 0.137831 0.424158 0.437611
9.9982E-05 0.0268357 9.9982E-05 0.0362502 0.354839 0.264254 0.317621
0.080545 9.9973E-05 0.0259699 0.641956 9.9973E-05 0.251229 9.9973E-05
0.0675823 9.9991E-05 0.120569 0.550699 0.00589956 0.181343 0.0738074
9.9973E-05 0.0376142 9.9973E-05 0.230891 0.728854 9.9973E-05 0.00234111
0.0470993 0.0892019 0.0942265 0.402451 0.366821 9.9982E-05 9.9982E-05
0.0305064 9.9991E-05 0.0107733 0.390248 0.382593 0.0516341 0.134145
0.111996 0.0100364 0.132823 0.336315 9.9982E-05 0.40863 9.9982E-05
0.0754499 0.089176 0.119945 0.569468 0.0655868 0.0802748 9.9991E-05
0.0142108 0.0383225 0.185065 0.198608 9.9982E-05 0.563594 9.9982E-05
0.0687727 9.9973E-05 0.0567339 0.576555 9.9973E-05 0.297638 9.9973E-05
0.0355078 0.0268164 0.19755 0.486608 9.9982E-05 0.253318 9.9982E-05
0.0257152 0.0234416 0.0648285 0.566214 9.9982E-05 0.319601 9.9982E-05
0.0658278 0.0248955 0.163387 0.224107 9.9982E-05 0.521582 9.9982E-05
0.167092 0.0405938 0.0504226 0.578295 0.129549 0.019468 0.0145799
9.9982E-05 9.9982E-05 0.0672365 0.549393 0.080191 0.222026 0.0809532
9.9955E-05 9.9955E-05 0.0346877 9.9955E-05 0.964813 9.9955E-05 9.9955E-05
9.9964E-05 9.9964E-05 0.00161741 0.13006 0.867923 9.9964E-05 9.9964E-05
0.053233 0.0873894 0.0277665 0.232929 0.598482 9.9982E-05 9.9982E-05
9.9964E-05 9.9964E-05 9.9964E-05 0.326647 0.652517 9.9964E-05 0.0204364
0.0613305 9.9973E-05 9.9973E-05 0.109306 0.80761 0.0214535 9.9973E-05
9.995E-05 9.995E-05 9.995E-05 9.995E-05 0.9994 9.995E-05 9.995E-05
9.9973E-05 0.0318998 0.00932669 9.9973E-05 0.928599 9.9973E-05 0.0298746
9.9955E-05 9.9955E-05 9.9955E-05 0.20868 0.79082 9.9955E-05 9.9955E-05
9.9964E-05 0.0060197 9.9964E-05 0.014232 0.979348 9.9964E-05 9.9964E-05
9.995E-05 9.995E-05 9.995E-05 9.995E-05 0.9994 9.995E-05 9.995E-05
9.995E-05 9.995E-05 9.995E-05 9.995E-05 0.9994 9.995E-05 9.995E-05
9.9973E-05 0.0593219 9.9973E-05 0.19728 0.741849 9.9973E-05 0.00124876
0.0527715 0.0111989 9.9982E-05 0.0765985 0.840971 9.9982E-05 0.01826
0.0280621 9.9955E-05 9.9955E-05 9.9955E-05 0.971438 9.9955E-05 9.9955E-05
0.0854814 0.136037 9.9991E-05 0.306321 0.421637 0.0381687 0.0122553
0.0759854 0.0354475 0.027261 0.210921 0.633115 9.9991E-05 0.0171705
9.9982E-05 0.0479336 0.00224709 0.163532 0.759567 9.9982E-05 0.0265206
9.9973E-05 0.0248942 9.9973E-05 0.0442789 0.915299 9.9973E-05 0.0152279
0.019012 9.9955E-05 9.9955E-05 9.9955E-05 0.980488 9.9955E-05 9.9955E-05
0.0135695 9.9973E-05 9.9973E-05 0.0814964 0.891175 9.9973E-05 0.0134587
9.995E-05 9.995E-05 9.995E-05 9.995E-05 0.9994 9.995E-05 9.995E-05
9.9982E-05 0.0392706 0.0618369 0.250953 0.616565 9.9982E-05 0.0311754
0.0417348 9.9973E-05 0.0100478 0.0113161 0.936601 9.9973E-05 9.9973E-05
9.9973E-05 9.9973E-05 0.053946 9.9973E-05 0.0526167 0.607755 0.285382
0.0137031 0.0613822 0.0847635 0.440844 0.0411041 0.190231 0.167972
0.0927643 9.9982E-05 9.9982E-05 0.460009 0.0227038 0.20629 0.218034
9.9982E-05 9.9982E-05 0.115383 0.146621 0.0902784 0.414856 0.232661
0.0540311 9.9991E-05 0.027523 0.477565 0.120523 0.251922 0.0683361
0.0779037 9.9991E-05 0.0306123 0.118797 0.164245 0.394863 0.213479
0.0677644 0.0335596 0.0751442 0.479667 0.0352356 0.142508 0.166122
9.9982E-05 0.0291499 9.9982E-05 0.311117 0.143363 0.387296 0.128873
9.9991E-05 0.0685421 0.059053 0.377793 0.219597 0.207183 0.0677315
9.9973E-05 9.9973E-05 9.9973E-05 0.30776 0.211458 0.365893 0.114589
0.0474392 9.9991E-05 0.011969 0.456007 0.144899 0.198833 0.140752
9.9982E-05 0.0729447 0.0581912 0.0579393 9.9982E-05 0.0226444 0.78808
9.9964E-05 9.9964E-05 0.0460768 9.9964E-05 0.071097 9.9964E-05 0.882426
9.9973E-05 0.0152936 0.0389231 0.00173392 9.9973E-05 9.9973E-05 0.943749
0.00272564 0.0742707 9.9973E-05 0.00626937 9.9973E-05 9.9973E-05 0.916434
9.9973E-05 0.0394 9.9973E-05 0.0107523 9.9973E-05 0.0695284 0.880019
0.00383761 9.9973E-05 0.0473936 9.9973E-05 0.0752889 9.9973E-05 0.87318
0.00369681 9.9973E-05 9.9973E-05 0.0688742 0.0673831 9.9973E-05 0.859746
9.9973E-05 0.0158935 0.0719279 9.9973E-05 9.9973E-05 0.00636843 0.90551
0.0307629 9.9973E-05 0.0275584 9.9973E-05 0.0364607 9.9973E-05 0.904918
9.9991E-05 0.00485105 0.0128272 0.000575176 0.101215 0.0291081 0.851324
0.104889 0.275955 0.0100857 9.9973E-05 9.9973E-05 9.9973E-05 0.608771
0.0813936 0.327493 0.0118271 9.9973E-05 9.9973E-05 9.9973E-05 0.578986
0.0190075 0.302997 9.9973E-05 9.9973E-05 9.9973E-05 0.165438 0.512258
0.148509 0.336324 0.0184323 9.9982E-05 9.9982E-05 0.0204583 0.476076
0.203796 0.0979144 0.0603582 0.507664 9.9991E-05 0.0517141 0.0784537
0.308219 0.0177647 0.136145 0.479191 0.0465899 0.0119907 9.9991E-05
0.177289 0.185506 9.9982E-05 0.522689 0.0453929 0.0689235 9.9982E-05
0.16091 0.285631 0.0098066 0.417439 9.9991E-05 0.102801 0.0233119
0.125888 0.599793 0.0417237 0.232296 9.9973E-05 9.9973E-05 9.9973E-05
0.265379 9.9982E-05 0.0567589 0.618913 0.0420176 9.9982E-05 0.0167315
0.332963 0.0785142 0.0137332 0.54529 9.9982E-05 9.9982E-05 0.0292996
0.295178 0.0743295 0.0859218 0.504455 9.9982E-05 0.0399154 9.9982E-05
0.549366 9.9973E-05 0.0949698 0.249669 0.105696 9.9973E-05 9.9973E-05
0.190918 0.0491539 0.0761298 0.503955 0.0957845 0.083959 9.9991E-05
0.270239 0.203498 0.114702 0.397916 9.9982E-05 0.0134453 9.9982E-05
0.704854 0.0854205 0.165415 9.9973E-05 9.9973E-05 0.0440106 9.9973E-05
0.10116 0.251093 0.0678899 0.489647 9.9982E-05 0.0900098 9.9982E-05
0.469748 9.9982E-05 0.0758025 0.253142 0.0200185 0.181089 9.9982E-05
0.328424 0.0210526 0.078461 0.500236 9.9991E-05 0.0629723 0.00875444
0.669348 0.211619 0.0271868 0.0800604 9.9982E-05 9.9982E-05 0.0115857
9.9973E-05 0.715811 0.0207155 9.9973E-05 9.9973E-05 0.149826 0.113348
9.9973E-05 0.687368 9.9973E-05 0.0899889 9.9973E-05 0.139662 0.0826819
9.9973E-05 0.826106 0.0397385 9.9973E-05 9.9973E-05 0.0729853 0.06087
0.0263789 0.822912 9.9973E-05 9.9973E-05 9.9973E-05 0.0274048 0.123005
9.9982E-05 0.792851 9.9982E-05 0.0485408 0.0131717 0.144403 0.000833608
9.9982E-05 0.78051 9.9982E-05 0.0830979 0.00459006 0.0672827 0.0643192
0.0231818 9.9973E-05 0.0180295 0.084798 9.9973E-05 9.9973E-05 0.873691
9.9973E-05 0.0656721 9.9973E-05 0.0467797 0.0586419 9.9973E-05 0.828606
9.9982E-05 9.9982E-05 0.0118 0.172254 0.0368591 0.00803445 0.770853
9.9973E-05 0.109011 9.9973E-05 0.100021 0.0481399 9.9973E-05 0.742529
9.9982E-05 0.0279003 9.9982E-05 0.0819982 0.0839001 0.0406372 0.765364
9.9964E-05 0.520448 9.9964E-05 9.9964E-05 9.9964E-05 0.109238 0.369915
0.0700596 0.403367 9.9973E-05 9.9973E-05 9.9973E-05 0.0783661 0.447907
0.0844309 0.416511 0.0688678 9.9973E-05 9.9973E-05 9.9973E-05 0.42989
9.9973E-05 0.0189658 9.9973E-05 0.153872 0.00378866 9.9973E-05 0.823074
0.0755838 0.530865 9.9973E-05 9.9973E-05 9.9973E-05 0.00673035 0.386521
9.9982E-05 9.9982E-05 0.0817999 0.266203 0.311725 0.107105 0.232967
0.086567 0.0635247 9.9982E-05 0.548939 0.230078 9.9982E-05 0.0706908
9.9964E-05 9.9964E-05 9.9964E-05 0.534066 0.237111 9.9964E-05 0.228424
0.0588154 9.9991E-05 0.0269653 0.331667 0.268493 0.0852817 0.228677
0.0554526 9.9982E-05 9.9982E-05 0.490351 0.192403 0.144193 0.117401
9.9964E-05 9.9964E-05 9.9964E-05 9.9964E-05 0.343094 0.259102 0.397403
0.0805972 0.31463 0.03549 0.417089 9.9991E-05 0.135874 0.0162198
0.0821363 0.185599 0.248662 0.332933 9.9982E-05 0.15047 9.9982E-05
0.0703615 0.496959 9.9982E-05 0.327435 9.9982E-05 0.0631796 0.0418649
0.0768258 0.186836 0.258733 0.477305 9.9973E-05 9.9973E-05 9.9973E-05
0.234974 0.114356 0.402133 9.9973E-05 9.9973E-05 0.248236 9.9973E-05
0.00265152 0.224065 0.115257 0.477657 0.0268496 0.0975341 0.0559859
0.0436353 0.153845 0.242932 0.456758 9.9991E-05 0.0553058 0.0474238
0.105846 0.429853 0.0564322 0.368804 9.9991E-05 0.0303358 0.00862922
0.158707 0.146753 0.0144683 0.524197 0.122388 0.00641351 0.0270724
0.184974 0.241056 0.112753 0.122711 9.9982E-05 0.338306 9.9982E-05
0.00403332 0.0987654 0.221934 0.473457 0.0169222 0.153284 0.0316039
0.0736068 0.332134 9.9973E-05 0.583998 0.00996072 9.9973E-05 9.9973E-05
0.115259 0.150086 9.9991E-05 0.358357 0.187405 0.0164791 0.172314
0.0979917 0.219028 0.250996 0.351056 9.9982E-05 0.0807285 9.9982E-05
0.105364 0.250467 0.160804 0.469673 9.9982E-05 0.0134923 9.9982E-05
0.138047 0.0994745 0.20787 0.430583 0.0611465 0.056484 0.00639529
0.173009 0.133063 0.092285 0.528077 9.9982E-05 0.0733664 9.9982E-05
0.0978458 0.0283145 0.0910451 0.633676 9.9991E-05 0.0696049 0.0794138
0.175615 0.104693 0.0359609 0.451637 0.033363 0.0541881 0.144543
0.103372 0.153435 0.0657439 0.582252 0.00947497 9.9991E-05 0.0856224
9.9964E-05 9.9964E-05 9.9964E-05 0.137521 0.101827 9.9964E-05 0.760253
0.0602224 9.9973E-05 9.9973E-05 0.0364133 0.0815445 9.9973E-05 0.82152
0.0679512 0.0371251 9.9982E-05 0.0476175 9.9982E-05 0.0698458 0.77726
0.0843572 0.0152849 0.0117903 0.0491015 9.9982E-05 9.9982E-05 0.839266
9.9982E-05 9.9982E-05 0.011314 0.115105 0.0142045 0.00463909 0.854538
0.0906914 0.536395 9.9982E-05 0.244167 0.00246526 0.126082 9.9982E-05
0.0197814 0.135372 0.197412 0.50601 0.0532945 0.0880297 9.9991E-05
0.0864991 0.0188862 0.0689191 0.34514 0.249935 0.0142557 0.216365
0.00534572 0.152843 0.0455611 0.685887 0.0495585 0.0441783 0.0166265
0.170173 0.230296 0.0401401 0.502334 9.9991E-05 0.0133771 0.0435794
0.00993981 0.349082 0.13642 0.233817 0.0824703 0.188171 9.9991E-05
0.0881861 0.602874 0.0301734 0.00844148 9.9991E-05 0.154371 0.115854
0.0381003 0.323386 0.130342 0.490842 9.9982E-05 9.9982E-05 0.0171297
9.9991E-05 0.536317 0.190848 0.107233 0.0395184 0.0421928 0.0837914
0.13495 0.181658 0.097478 0.391981 0.0672627 0.115208 0.0114615
9.9982E-05 0.540294 0.131198 0.11425 9.9982E-05 0.0739441 0.140113
9.9982E-05 0.221809 0.0386918 0.591113 0.0630712 9.9982E-05 0.0851153
0.0472655 0.559436 0.0348353 0.27723 9.9982E-05 9.9982E-05 0.0810332
0.0731741 0.278676 0.108827 0.30193 0.0687591 0.11103 0.0576028
0.0674243 0.11219 0.117522 0.436807 0.0253144 0.226927 0.0138155
9.9973E-05 0.114865 0.0932269 0.299392 9.9973E-05 0.492216 9.9973E-05
9.9973E-05 0.0973169 9.9973E-05 0.615043 0.00191841 0.285421 9.9973E-05
9.9973E-05 9.9973E-05 0.148969 0.515808 9.9973E-05 0.2019 0.133024
0.0372884 0.0868829 0.111968 0.31174 9.9982E-05 0.451921 9.9982E-05
0.0686016 0.0875349 0.0434147 0.518782 0.041153 0.166826 0.0736876
0.110917 0.00169089 0.138418 0.543046 9.9982E-05 0.205728 9.9982E-05
0.0968664 0.0497742 0.178198 0.0892129 9.9982E-05 0.585749 9.9982E-05
0.0436723 9.9973E-05 0.109665 0.275249 9.9973E-05 0.571113 9.9973E-05
9.9973E-05 0.107427 0.117147 0.528126 9.9973E-05 0.247 9.9973E-05
0.142075 0.07352 0.159564 0.170692 9.9982E-05 0.453948 9.9982E-05
0.080231 0.0707854 9.9973E-05 0.467507 9.9973E-05 0.381176 9.9973E-05
0.152096 0.559454 0.10327 0.111683 0.0435479 0.0298488 9.9991E-05
0.0913677 0.310607 0.329432 0.191519 0.0755329 0.0014419 9.9991E-05
0.045607 0.435918 0.133876 0.318506 0.0658926 9.9982E-05 9.9982E-05
0.0471357 0.225288 0.0179391 0.558336 0.107508 0.0404113 0.00338144
0.180499 0.470864 0.0236326 0.31655 9.9982E-05 0.00825372 9.9982E-05
0.00786316 0.138215 0.30188 0.335489 0.169277 0.0192537 0.0280232
0.0622007 0.226638 0.0321938 0.525317 0.0465349 0.0989774 0.00813835
0.0533568 0.195313 0.146228 0.556208 0.0486937 9.9982E-05 9.9982E-05
0.0817155 0.206992 0.121128 0.463847 0.0909852 9.9991E-05 0.0352325
0.171126 0.305988 9.9973E-05 0.499385 9.9973E-05 9.9973E-05 0.0232017
0.077143 0.522046 0.0286707 0.281608 0.090332 9.9982E-05 9.9982E-05
0.0707243 0.363199 0.152583 0.268807 0.144486 9.9982E-05 9.9982E-05
0.104275 0.157732 0.0963811 0.605237 0.0361745 9.9982E-05 9.9982E-05
0.0378315 0.0383336 0.0459155 0.707208 9.9991E-05 0.120114 0.0504972
0.00783646 0.176346 0.275698 0.3823 0.0061718 0.0577052 0.0939428
0.025643 0.206656 0.203726 0.530489 0.0187493 0.0146363 9.9991E-05
9.9982E-05 0.382234 9.9982E-05 0.418257 0.0604135 0.0727068 0.0661891
0.0394979 0.10882 0.125389 0.683441 9.9982E-05 0.0426523 9.9982E-05
0.112175 0.254665 0.0444548 0.483395 0.0921005 0.0105097 0.00270018
9.9982E-05 0.158291 0.161725 0.433818 0.170346 9.9982E-05 0.0756194
0.0352999 0.0463739 9.9991E-05 0.371416 0.153185 0.0457899 0.347836
0.0840982 9.9991E-05 0.0584086 0.396772 0.22952 0.0611806 0.169921
9.9991E-05 0.00591755 0.0393521 0.559521 0.105443 0.185948 0.103719
0.0582109 0.0410769 0.177606 0.508142 0.137312 0.0428055 0.034847
0.0527928 0.00633758 0.0974956 0.393766 0.209582 9.9991E-05 0.239926
9.9982E-05 0.169239 0.195149 0.400157 0.066866 0.168389 9.9982E-05
9.9991E-05 0.036542 0.0594821 0.494604 0.0827446 0.153126 0.173402
0.126628 9.9982E-05 9.9982E-05 0.0669528 0.130507 0.494303 0.181409
0.00448952 0.0725058 0.104581 0.434669 0.186911 0.106736 0.0901084
0.00579856 0.0100216 0.139871 0.586185 0.13096 9.9991E-05 0.127064
0.0738414 0.0464733 0.0723886 0.479051 0.226954 0.0123454 0.0889465
0.0867634 0.000362885 0.0982237 0.290256 0.127661 0.181024 0.215709
0.0374311 0.00432867 0.00253424 0.589636 0.0932397 0.0983723 0.174458
9.9991E-05 0.0115489 0.024525 0.478814 0.173389 0.165785 0.145839
9.9973E-05 9.9973E-05 0.00112725 9.9973E-05 0.178701 0.395167 0.424705
0.0461082 0.0486385 0.022934 0.508022 0.211848 9.9991E-05 0.162349
9.9982E-05 9.9982E-05 0.0877643 0.407141 0.269947 0.111244 0.123704
0.0158213 0.088358 0.00794713 0.57751 0.127323 0.147883 0.0351576
9.9973E-05 9.9973E-05 9.9973E-05 0.478638 0.196132 0.182525 0.142406
0.0505689 0.0511778 0.0568021 0.476201 0.129517 0.107618 0.128116
0.0637512 0.0236272 0.448845 0.360411 0.0212179 9.9991E-05 0.0820478
9.9973E-05 9.9973E-05 0.29494 0.583599 0.0158421 9.9973E-05 0.105319
0.112819 0.0975836 0.789198 9.9964E-05 9.9964E-05 9.9964E-05 9.9964E-05
9.9964E-05 0.0590731 0.935494 9.9964E-05 9.9964E-05 9.9964E-05 0.0050335
0.023612 0.0177028 0.376486 0.514339 9.9991E-05 0.0048148 0.0629453
9.9982E-05 9.9982E-05 0.14405 0.364168 0.291052 0.100031 0.100499
0.0278161 9.9991E-05 0.239975 0.201309 0.32285 0.0531641 0.154786
0.031253 0.0242671 0.174372 0.0994545 0.3135 0.153598 0.203555
9.9982E-05 9.9982E-05 0.201888 0.347683 0.275225 0.0250842 0.14992
9.9982E-05 9.9982E-05 0.660193 0.0390411 0.0538593 0.201806 0.0449005
9.9973E-05 9.9973E-05 0.706421 0.0972324 0.0364254 9.9973E-05 0.159621
9.9973E-05 9.9973E-05 0.363063 0.540851 0.0613355 9.9973E-05 0.0344506
9.9973E-05 9.9973E-05 0.448782 0.351781 0.141192 9.9973E-05 0.0579446
9.9973E-05 9.9973E-05 0.750454 0.115944 0.0592861 9.9973E-05 0.0740165
0.0288223 9.9982E-05 0.355528 0.526729 0.0475755 9.9982E-05 0.0411448
9.9982E-05 9.9982E-05 0.443252 0.429075 0.104443 0.0168368 0.00619302
0.0643821 0.114812 0.156778 0.40551 0.109457 0.047578 0.101482
0.0952523 0.0708806 0.579341 0.254226 9.9973E-05 9.9973E-05 9.9973E-05
0.0533469 0.0675692 0.526615 0.341914 0.0103545 9.9982E-05 9.9982E-05
0.120545 0.0181994 0.24795 0.430653 0.101381 0.054212 0.0270598
0.0266534 0.0740176 0.470699 0.253826 0.0721252 0.039328 0.0633512
0.0913203 0.0484149 0.305176 0.293998 0.0623171 0.0990123 0.0997614
9.9973E-05 0.00981314 0.41029 0.423013 9.9973E-05 0.156584 9.9973E-05
0.0472151 0.00920279 0.831279 0.112003 9.9973E-05 9.9973E-05 9.9973E-05
0.0699344 9.9964E-05 0.376487 0.553178 9.9964E-05 9.9964E-05 9.9964E-05
9.9964E-05 0.046901 0.809272 0.143428 9.9964E-05 9.9964E-05 9.9964E-05
0.00785968 0.00900833 0.555938 0.369771 0.0327942 9.9991E-05 0.0245289
0.0828699 9.9982E-05 0.279409 0.495762 9.9982E-05 0.0528095 0.0889497
0.125418 9.9982E-05 0.400194 0.387748 9.9982E-05 0.048507 0.0379327
9.9982E-05 9.9982E-05 0.113196 0.432814 0.270807 0.0713343 0.111649
9.9991E-05 0.108965 0.0638691 0.345207 0.134125 0.184274 0.16346
0.0343568 0.0705021 0.0261587 0.353719 0.210153 0.164058 0.141052
9.9991E-05 0.0988364 0.0551761 0.321219 0.232116 0.129185 0.163367
0.139989 0.0819666 0.0738331 0.430054 0.100433 9.9991E-05 0.173623
9.9991E-05 0.0429027 0.2513 0.377236 0.164027 0.014867 0.149567
9.9973E-05 9.9973E-05 0.633376 9.9973E-05 0.113251 0.0336696 0.219404
9.9991E-05 0.00624842 0.121002 0.595189 0.187171 0.0834932 0.00679737
9.9973E-05 9.9973E-05 0.395037 9.9973E-05 0.0828667 0.159289 0.362507
9.9973E-05 9.9973E-05 0.308717 0.483576 0.161504 9.9973E-05 0.0459029
0.16193 9.9964E-05 0.802355 0.0353148 9.9964E-05 9.9964E-05 9.9964E-05
0.117385 0.0708919 0.811323 9.9964E-05 9.9964E-05 9.9964E-05 9.9964E-05
0.0721633 0.0086402 0.509097 0.409799 9.9973E-05 9.9973E-05 9.9973E-05
9.9973E-05 9.9973E-05 0.379405 0.537612 0.0483315 9.9973E-05 0.0343518
0.0495704 0.037547 0.620738 0.291845 9.9973E-05 9.9973E-05 9.9973E-05
0.0789079 9.9973E-05 0.485018 0.402569 0.0332061 9.9973E-05 9.9973E-05
9.9955E-05 9.9955E-05 0.565664 0.433836 9.9955E-05 9.9955E-05 9.9955E-05
9.9973E-05 9.9973E-05 0.0770676 0.0610209 0.0387858 9.9973E-05 0.822826
0.0411653 0.160479 0.0251526 9.9982E-05 0.0949279 9.9982E-05 0.678075
9.9964E-05 0.0368613 9.9964E-05 9.9964E-05 0.0971002 9.9964E-05 0.865639
9.9964E-05 9.9964E-05 0.0165668 0.0492511 9.9964E-05 9.9964E-05 0.933782
0.331068 0.0862652 0.0816685 0.453008 0.0110855 9.9991E-05 0.0368053
0.385813 0.0399049 0.0465888 0.441342 0.0624609 9.9991E-05 0.0237905
0.439758 0.0422356 0.0703601 0.443553 9.9982E-05 9.9982E-05 0.00389372
0.197603 0.0437992 9.9982E-05 0.625205 9.9982E-05 0.0526168 0.0805755
0.224376 0.0895287 9.9991E-05 0.452068 0.0270618 0.169905 0.0369608
0.509427 0.159188 0.032404 0.286231 9.9991E-05 0.00693875 0.00571069
0.314433 9.9973E-05 0.118126 0.539829 9.9973E-05 9.9973E-05 0.0273123
0.484949 9.9982E-05 0.0860633 0.319482 9.9982E-05 0.0876192 0.021687
9.9982E-05 9.9982E-05 0.0385789 0.493073 0.167098 0.0842125 0.216837
0.29369 0.0749249 0.151263 0.424827 0.000686615 0.0545083 9.9991E-05
0.484462 0.157695 9.9973E-05 0.351413 9.9973E-05 0.00613008 9.9973E-05
0.362318 0.0376757 0.0769541 0.522752 9.9973E-05 9.9973E-05 9.9973E-05
0.484732 0.0717569 0.0375733 0.405638 9.9973E-05 9.9973E-05 9.9973E-05
0.388291 9.9982E-05 0.0835016 0.487602 9.9982E-05 0.0394174 0.00098812
0.362482 0.0151237 9.9982E-05 0.552826 0.0447446 9.9982E-05 0.0246241
0.816447 9.9964E-05 0.0850265 0.0981266 9.9964E-05 9.9964E-05 9.9964E-05
0.575878 9.9991E-05 0.0781135 0.229591 0.0494236 0.0584145 0.00847958
0.573949 0.0663337 9.9982E-05 0.278988 9.9982E-05 0.0614629 0.0190659
0.878873 9.9964E-05 0.0998587 9.9964E-05 9.9964E-05 0.0208684 9.9964E-05
0.429804 0.101206 9.9973E-05 0.43953 0.0291605 9.9973E-05 9.9973E-05
0.69578 9.9973E-05 0.0191974 0.0733049 9.9973E-05 0.211418 9.9973E-05
0.702494 9.9964E-05 0.106414 9.9964E-05 9.9964E-05 0.190692 9.9964E-05
0.241337 0.0117406 0.107846 0.564461 0.0024701 9.9991E-05 0.0720451
0.587449 0.132315 0.00419124 0.195431 9.9982E-05 9.9982E-05 0.0804145
0.419261 0.0692502 9.9982E-05 0.351751 0.0950657 0.0644722 9.9982E-05
0.0219349 0.116904 0.0551454 0.553364 0.08309 0.135491 0.0340705
0.371584 0.0661248 9.9973E-05 0.509874 0.0521169 9.9973E-05 9.9973E-05
0.0888633 0.309413 0.169414 0.308924 0.0312321 0.0920534 9.9991E-05
0.338555 0.00523294 0.0910461 0.542941 9.9982E-05 9.9982E-05 0.0220247
0.359004 0.0836405 9.9982E-05 0.511431 0.0100461 9.9982E-05 0.0356789
0.699207 9.9955E-05 9.9955E-05 0.300293 9.9955E-05 9.9955E-05 9.9955E-05
0.204714 0.0350717 0.122705 0.492501 0.0506631 0.0402956 0.0540494
9.9964E-05 0.294704 9.9964E-05 9.9964E-05 9.9964E-05 0.107822 0.597073
0.0706327 0.0849971 9.9991E-05 0.0551633 0.00828263 0.0558003 0.725024
9.9964E-05 0.114239 9.9964E-05 9.9964E-05 9.9964E-05 0.0854459 0.799915
0.00642907 0.174616 0.0108044 9.9982E-05 9.9982E-05 0.0276975 0.780253
9.9973E-05 0.199189 9.9973E-05 0.0338272 9.9973E-05 0.034325 0.732359
0.67321 0.123596 9.9982E-05 0.17785 0.0164382 9.9982E-05 0.00870502
0.656841 0.0883025 9.9982E-05 0.152822 9.9982E-05 0.0147176 0.0871171
0.796085 9.9973E-05 0.0791096 0.114426 0.0100787 9.9973E-05 9.9973E-05
0.101711 0.0575057 0.137095 0.477714 0.052702 0.0583047 0.114968
0.268256 9.9973E-05 0.0302909 0.582252 9.9973E-05 9.9973E-05 0.118902
0.678279 9.9973E-05 0.0353343 0.211067 0.0750196 9.9973E-05 9.9973E-05
0.189529 0.00988929 0.1788 0.575543 0.0442622 9.9991E-05 0.00187653
0.48053 9.9973E-05 9.9973E-05 0.441078 9.9973E-05 0.0138633 0.0642288
0.337964 0.126428 0.0149047 0.481097 9.9982E-05 9.9982E-05 0.0394056
0.202731 0.033925 0.05119 0.557283 0.0142465 0.0461635 0.0944613
0.655212 0.0985997 9.9973E-05 0.220756 0.025132 9.9973E-05 9.9973E-05
0.486132 0.108166 9.9973E-05 0.389519 9.9973E-05 0.015883 9.9973E-05
0.478733 0.161939 9.9964E-05 0.358928 9.9964E-05 9.9964E-05 9.9964E-05
0.0539364 9.9973E-05 9.9973E-05 0.630439 9.9973E-05 0.190926 0.124399
0.613021 9.9973E-05 9.9973E-05 0.342731 0.0216698 9.9973E-05 0.0222777
0.441171 0.0656377 9.9982E-05 0.426849 0.00595785 0.0601843 9.9982E-05
0.0279234 0.00646284 9.9991E-05 0.434827 0.389144 0.0936502 0.0478926
0.0361837 9.9991E-05 0.0249232 0.33043 0.444445 0.0241919 0.139726
9.9982E-05 9.9982E-05 0.0458682 0.430602 0.40707 0.0279964 0.088264
9.9982E-05 9.9982E-05 0.0691277 0.293716 0.471285 0.0734973 0.0921747
9.9973E-05 9.9973E-05 0.0986155 0.463173 0.312734 9.9973E-05 0.125177
0.242462 9.9982E-05 0.0167038 0.523831 9.9982E-05 0.192694 0.0241089
0.00786754 9.9991E-05 0.0126533 0.0144165 0.685758 0.0163937 0.262811
0.0432764 0.0199041 0.0545572 0.246697 0.503084 9.9991E-05 0.132381
0.104882 9.9982E-05 9.9982E-05 0.391432 0.190651 0.255116 0.0577187
9.9973E-05 0.0508434 9.9973E-05 0.559533 9.9973E-05 0.301035 0.0882892
0.00702748 0.0595262 9.9982E-05 0.458169 9.9982E-05 0.414879 0.060198
0.0882491 9.9982E-05 9.9982E-05 0.633826 0.00404396 0.186413 0.0872688
0.123185 0.0775649 9.9991E-05 0.611605 0.0327566 0.0905577 0.0642312
9.9964E-05 9.9964E-05 9.9964E-05 0.377338 0.439297 9.9964E-05 0.182965
0.08611 9.9973E-05 9.9973E-05 0.417478 0.346755 9.9973E-05 0.149358
9.9982E-05 0.00425531 9.9982E-05 0.407994 0.4786 0.0297689 0.0791816
0.00374561 0.170577 0.0171165 0.370846 0.380342 9.9991E-05 0.0572735
0.0171788 0.0667156 0.0109879 0.316574 0.476819 0.00181659 0.109908
0.0653777 9.9982E-05 0.103475 0.415352 0.287426 9.9982E-05 0.12817
9.9973E-05 9.9973E-05 0.0586429 0.236212 0.491854 9.9973E-05 0.212991
0.0603654 0.052469 0.0375116 0.293958 0.44379 9.9991E-05 0.111807
0.0120567 9.9982E-05 9.9982E-05 0.524834 0.00569214 0.391395 0.0658221
9.9982E-05 0.0240641 9.9982E-05 0.383655 0.272225 0.094851 0.225005
9.9973E-05 9.9973E-05 9.9973E-05 0.242931 0.546918 0.0415488 0.168303
0.0628382 0.0223934 0.0251858 0.440919 0.368715 9.9991E-05 0.0798487
0.00445998 0.272399 9.9982E-05 0.204427 9.9982E-05 0.436652 0.0818626
9.9973E-05 0.0565617 9.9973E-05 0.617657 0.000428541 0.325053 9.9973E-05
0.0651681 0.0430267 0.0194176 0.330843 0.346354 0.000953542 0.194237
0.0203262 0.0370473 9.9982E-05 0.617545 9.9982E-05 0.266062 0.0588192
0.043657 0.0572085 9.9982E-05 0.511631 9.9982E-05 0.278681 0.108623
0.119907 0.0327305 9.9991E-05 0.341833 0.282371 0.0231837 0.199875
9.9973E-05 9.9973E-05 0.18675 0.309436 0.251169 9.9973E-05 0.252345
0.00169502 0.196629 9.9991E-05 0.359697 0.189265 0.242825 0.00978933
0.0375772 0.0180768 0.0345572 0.451959 0.327445 0.0206117 0.109772
9.9973E-05 9.9973E-05 0.0158442 0.402085 0.459097 9.9973E-05 0.122674
9.9973E-05 9.9973E-05 9.9973E-05 0.218555 0.546305 0.022028 0.212812
0.0737438 0.0635887 9.9982E-05 0.632932 9.9982E-05 0.183829 0.0457067
0.0411477 0.0871867 9.9982E-05 0.522286 9.9982E-05 0.272245 0.0769345
0.0285033 9.9991E-05 0.0112296 0.199635 0.00634448 0.642711 0.111476
0.150293 0.0858637 9.9991E-05 0.51701 0.0854419 0.0789538 0.0823374
0.113063 0.189406 0.0819347 0.402324 0.0544117 0.132503 0.0263573
0.023074 9.9991E-05 0.000425934 0.583945 0.0726729 0.147277 0.172506
0.0516827 0.0266445 0.0624683 0.551489 0.036654 0.124744 0.146318
9.9964E-05 9.9964E-05 9.9964E-05 9.9964E-05 0.175528 0.558395 0.265677
9.9964E-05 9.9964E-05 9.9964E-05 9.9964E-05 0.0895449 0.659504 0.250551
0.0207985 0.00708695 9.9991E-05 0.299435 0.108715 0.464032 0.0998336
0.0163951 9.9982E-05 9.9982E-05 0.0730729 0.182836 0.426165 0.30133
9.9964E-05 9.9964E-05 9.9964E-05 9.9964E-05 0.22738 0.387885 0.384335
0.028876 9.9991E-05 0.125666 0.324695 0.123731 0.226364 0.170568
0.00343504 9.9991E-05 0.113256 0.370726 0.170351 0.192231 0.1499
9.9991E-05 0.042873 0.000339485 0.246602 0.121375 0.36031 0.228401
9.9982E-05 9.9982E-05 0.0106666 0.102718 0.120585 0.550521 0.21531
0.0598636 0.0485856 0.048029 0.434263 0.157872 0.17324 0.0781473
0.0902745 9.9982E-05 9.9982E-05 0.146659 0.109906 0.469884 0.183077
9.9964E-05 9.9964E-05 9.9964E-05 9.9964E-05 0.0297083 0.582451 0.387441
9.9982E-05 0.0657669 9.9982E-05 0.613129 0.118282 0.143948 0.0586736
9.9991E-05 0.00441022 0.0577446 0.318668 0.236694 0.245947 0.136436
0.000398377 0.05478 9.9982E-05 0.471456 0.12565 9.9982E-05 0.347515
9.9982E-05 0.001986 9.9982E-05 0.576015 0.237776 0.0293416 0.154681
0.0593236 0.0075659 9.9991E-05 0.436583 0.232627 0.139942 0.123859
9.9982E-05 9.9982E-05 0.0102591 0.487456 0.201464 0.126025 0.174596
9.9982E-05 0.0156441 9.9982E-05 0.324911 0.175772 0.0795815 0.403892
9.9973E-05 9.9973E-05 9.9973E-05 0.58277 0.169495 0.0682212 0.179214
0.0688613 9.9973E-05 9.9973E-05 0.459436 0.237025 9.9973E-05 0.234379
9.9982E-05 9.9982E-05 0.0903888 0.267039 0.251543 0.127327 0.263502
0.243164 0.151634 0.0343828 0.253773 0.156266 0.0126961 0.148084
0.0759084 0.0619149 9.9991E-05 0.505721 0.105365 0.101245 0.149747
0.0872488 0.0415887 0.097424 0.526847 0.0880169 0.0401074 0.118767
0.12504 9.9982E-05 0.00673556 0.688887 0.0306188 9.9982E-05 0.148518
9.9982E-05 0.0160758 9.9982E-05 0.358394 0.255058 0.129158 0.241113
0.0140109 0.0582428 9.9991E-05 0.508905 0.157013 0.101012 0.160716
9.9982E-05 9.9982E-05 0.0803513 0.142586 0.222388 0.211587 0.342887
9.9991E-05 0.0492621 0.0197591 0.524584 0.172903 0.100763 0.132629
0.0299438 9.9991E-05 0.0631987 0.195801 0.30609 0.172457 0.232409
0.0336827 0.105789 0.00172995 0.0147767 9.9991E-05 0.0363213 0.8076
0.0512365 0.754707 9.9991E-05 0.100168 0.0193246 0.0185395 0.0559237
9.9964E-05 0.981296 9.9964E-05 9.9964E-05 0.000441842 9.9964E-05 0.0178626
9.9964E-05 0.974839 9.9964E-05 0.00367562 9.9964E-05 9.9964E-05 0.0210852
9.9964E-05 0.931148 0.043999 0.0244528 9.9964E-05 9.9964E-05 9.9964E-05
0.00318366 0.905021 9.9973E-05 0.0395857 0.0519101 9.9973E-05 9.9973E-05
9.9955E-05 0.888392 9.9955E-05 0.111108 9.9955E-05 9.9955E-05 9.9955E-05
9.9964E-05 0.980624 9.9964E-05 9.9964E-05 9.9964E-05 0.00644203 0.0125342
9.9964E-05 0.754288 9.9964E-05 9.9964E-05 0.0260911 9.9964E-05 0.219221
0.0343 0.00304804 9.9982E-05 0.022127 9.9982E-05 0.0471055 0.893219
9.9973E-05 0.121822 0.00630452 0.0588281 9.9973E-05 9.9973E-05 0.812745
0.0541562 0.0109427 9.9982E-05 9.9982E-05 0.0680955 0.00662271 0.859983
9.9982E-05 0.0673879 0.0299895 0.0635074 9.9982E-05 0.0128493 0.826066
0.0209359 0.015183 9.9982E-05 0.0588063 0.0115186 9.9982E-05 0.893356
0.00536819 0.0509734 0.013623 9.9982E-05 0.0308974 9.9982E-05 0.898938
9.9982E-05 0.00226329 9.9982E-05 0.0697363 0.16608 0.0264333 0.735287
0.0176764 9.9991E-05 0.00757625 0.0654234 0.0519704 0.0103109 0.846943
9.9991E-05 0.132413 0.0330047 0.0507436 0.0637059 0.0641755 0.655857
9.9964E-05 9.9964E-05 9.9964E-05 0.00801392 0.0841807 9.9964E-05 0.907405
9.9964E-05 0.000825139 0.0463375 9.9964E-05 9.9964E-05 9.9964E-05 0.952438
0.0130948 0.0257284 0.0111775 0.0233132 0.0803779 0.0263494 0.819959
9.9964E-05 0.0210711 9.9964E-05 0.0359293 9.9964E-05 9.9964E-05 0.9426
9.9973E-05 9.9973E-05 9.9973E-05 0.0459923 0.0255583 0.0169695 0.91118
9.9973E-05 0.0327766 9.9973E-05 0.0753477 0.0528556 9.9973E-05 0.83872
9.9955E-05 9.9955E-05 9.9955E-05 0.135695 9.9955E-05 9.9955E-05 0.863805
9.9964E-05 9.9964E-05 9.9964E-05 0.104322 0.126908 9.9964E-05 0.76837
9.9964E-05 9.9964E-05 9.9964E-05 0.20499 0.044134 9.9964E-05 0.750476
0.00152946 9.9973E-05 9.9973E-05 0.163905 0.0308922 9.9973E-05 0.803374
9.9973E-05 0.104072 9.9973E-05 0.464469 9.9973E-05 0.339657 0.0915021
0.0337198 9.9982E-05 0.02182 0.70572 9.9982E-05 0.217845 0.020695
0.112479 0.0228957 0.0655583 0.526257 0.0763105 0.119535 0.0769643
0.0458387 0.0621716 0.0351103 0.193113 9.9982E-05 0.663567 9.9982E-05
0.014776 0.0989694 9.9982E-05 0.563349 9.9982E-05 0.232743 0.0899626
9.9964E-05 9.9964E-05 9.9964E-05 0.129542 9.9964E-05 0.79341 0.0766479
9.9964E-05 9.9964E-05 9.9964E-05 0.635924 9.9964E-05 0.231081 0.132596
0.109034 0.108871 9.9982E-05 0.432952 9.9982E-05 0.337654 0.0112887
0.039491 0.000698946 9.9982E-05 0.516591 9.9982E-05 0.411136 0.0318831
0.376227 0.0215903 0.0810652 0.436307 0.0552006 9.9991E-05 0.0295105
9.9973E-05 0.118251 9.9973E-05 0.469317 9.9973E-05 0.346218 0.0659141
0.0461144 9.9982E-05 0.0458532 0.592016 0.0300434 0.285773 9.9982E-05
9.9991E-05 0.107432 0.0145964 0.526598 0.0445861 0.256515 0.0501727
0.113707 0.448556 0.241666 0.0312273 0.0699826 0.0947601 9.9991E-05
0.0124859 0.0445542 0.0765167 9.9973E-05 9.9973E-05 0.866143 9.9973E-05
9.9964E-05 0.0108431 9.9964E-05 0.178359 9.9964E-05 0.810398 9.9964E-05
9.9973E-05 0.0667189 9.9973E-05 0.613941 9.9973E-05 0.308625 0.0104157
0.0141596 9.9973E-05 9.9973E-05 0.562031 9.9973E-05 0.340475 0.0830341
0.0139736 9.9982E-05 0.0341844 0.490735 9.9982E-05 0.303917 0.15699
