9.9973E-05 0.0191182 9.9973E-05 0.0716344 0.857534 0.0514136 9.9973E-05
0.0392937 0.00827635 9.9973E-05 0.0524813 0.899649 9.9973E-05 9.9973E-05
9.9973E-05 9.9973E-05 0.133281 0.0547446 0.808165 0.00351029 9.9973E-05
9.9964E-05 9.9964E-05 9.9964E-05 0.108883 0.777202 0.113516 9.9964E-05
0.0434022 9.9973E-05 0.0406791 9.9973E-05 0.862085 0.0535333 9.9973E-05
9.999E-05 0.0645857 0.103314 0.0423251 0.556997 0.0421166 0.190562
9.9973E-05 0.0280634 9.9973E-05 0.0512877 0.800235 9.9973E-05 0.120114
9.9973E-05 9.9973E-05 9.9973E-05 0.0993791 0.716428 0.0361147 0.147778
9.99729E-05 0.0620085 9.99729E-05 0.0550912 0.788538 9.99729E-05 0.0940628
0.00537792 9.9991E-05 0.0623612 0.0815659 0.646542 0.0928131 0.11124
9.9973E-05 9.9973E-05 0.0236018 0.104405 0.684988 9.9973E-05 0.186705
9.9982E-05 0.224017 0.241906 0.443896 0.0127087 0.0772722 9.9982E-05
0.00619854 9.9982E-05 0.567035 0.293966 9.9982E-05 0.10255 0.030051
0.11655 0.180116 0.1997 0.390453 9.9991E-05 0.0945095 0.0185718
0.0586351 0.0116312 0.285434 0.397636 9.9991E-05 0.187589 0.0589748
0.00330569 0.119718 0.339199 0.176962 0.0980044 0.142847 0.119965
0.0772929 0.0474667 0.568836 0.120289 9.9991E-05 0.0762522 0.109763
0.0233269 0.177054 0.372683 0.207971 9.9991E-05 0.11926 0.0996052
9.9982E-05 0.192016 0.345018 0.263867 0.120155 0.078744 9.9982E-05
0.0242262 0.102363 9.9982E-05 0.608306 9.9982E-05 0.1325 0.132405
9.999E-05 0.213111 0.370771 0.20002 0.00074816 0.107498 0.107752
0.0709906 0.0697898 0.437345 0.141321 0.0471234 0.0180352 0.215396
0.108479 0.088016 0.589579 0.146581 0.0581607 9.9991E-05 0.0090848
9.999E-05 0.270342 0.311439 0.317519 0.00479117 0.0484275 0.0473818
0.0324719 0.186515 0.504055 0.118723 0.0282784 0.113228 0.016729
9.9982E-05 9.9982E-05 0.552985 0.281671 0.0211343 0.0432452 0.100765
0.0472469 0.233714 0.119722 0.425127 0.0106894 0.140364 0.0231358
9.999E-05 0.219792 0.221926 0.345635 0.00741739 0.168206 0.0369246
0.095075 0.103899 0.288755 0.36482 0.0159862 0.00754106 0.123923
9.9964E-05 9.9964E-05 0.0788405 9.9964E-05 0.841923 0.0788367 9.9964E-05
9.9955E-05 9.9955E-05 0.17739 9.9955E-05 0.822111 9.9955E-05 9.9955E-05
0.00138734 0.0348162 0.141586 9.9982E-05 0.782807 0.0392032 9.9982E-05
9.9973E-05 0.0995441 0.0728896 9.9973E-05 0.703459 0.123808 9.9973E-05
0.0532051 0.313119 0.545984 0.0279568 0.0595354 9.9982E-05 9.9982E-05
9.9982E-05 0.315618 0.520677 0.0790474 0.0234063 0.0610514 9.9982E-05
0.0281594 0.429371 0.44964 9.9982E-05 0.0315168 0.0611125 9.9982E-05
0.0151671 0.140727 0.209253 0.504288 0.117728 9.9991E-05 0.0127372
0.0149947 0.608851 0.270086 9.9982E-05 0.0806898 0.0251782 9.9982E-05
0.0446443 0.287394 0.510526 0.0605859 0.0664216 0.0303288 9.9991E-05
0.0465444 0.227847 0.686741 0.012161 0.00998433 0.0166222 9.9991E-05
9.9982E-05 0.0922913 0.651232 0.0731469 0.0714737 9.9982E-05 0.111657
0.0225179 0.145282 0.642185 0.0541677 0.0839893 0.0517586 9.9991E-05
9.9982E-05 0.642489 0.145945 0.146938 0.0199208 9.9982E-05 0.0445076
9.999E-05 0.0574121 0.579284 0.0767725 0.00472529 0.0508042 0.230902
0.00373941 0.304038 0.486111 0.0607707 0.0367708 0.0726472 0.0359235
0.0254315 0.149532 0.498787 0.105211 0.126385 0.0702252 0.0244268
0.0296631 0.713092 0.244085 9.9973E-05 0.0128602 9.9973E-05 9.9973E-05
0.0330617 0.2983 0.596671 9.9982E-05 0.0544251 0.0173424 9.9982E-05
0.0163418 0.195512 0.574219 0.0365031 0.177224 9.9982E-05 9.9982E-05
9.9964E-05 0.708653 9.9964E-05 9.9964E-05 0.0223533 9.9964E-05 0.268594
0.08032 0.246729 0.170774 0.420683 9.9982E-05 9.9982E-05 0.0812938
0.145506 0.214704 0.0575946 0.200375 9.9991E-05 0.0562196 0.325501
0.077566 0.152825 0.373439 0.118962 0.0205848 0.193774 0.0628484
0.0290111 0.0304147 0.690991 0.00448007 0.0944454 0.038801 0.111856
0.0446246 0.116095 0.611671 0.0327748 0.0677931 0.0719937 0.0550479
0.0604409 0.226339 0.143307 0.373327 0.0402573 0.0285717 0.127757
0.0580266 0.103492 0.563001 0.168725 9.9982E-05 9.9982E-05 0.106555
0.0385994 9.9991E-05 0.573795 0.15032 0.031241 0.0799612 0.125984
0.145245 0.218596 0.320417 0.135875 0.126079 9.9991E-05 0.0536877
0.0446782 0.163833 0.0660917 0.283324 0.14712 0.0800151 0.214938
0.0221254 0.163307 0.423379 0.22771 0.00127926 0.119842 0.0423574
0.187554 0.0578761 0.385246 0.194215 0.143545 0.0314645 9.9991E-05
9.9982E-05 0.237903 0.0680121 0.495522 0.0274625 9.9982E-05 0.170901
0.0852232 0.0750101 0.512122 0.243571 9.9991E-05 0.0118234 0.0721503
0.144253 0.0252973 0.669855 9.9982E-05 0.058781 9.9982E-05 0.101613
0.086024 0.0289573 0.544734 0.186393 0.092582 0.0530708 0.0082387
0.0738946 0.27061 0.319497 0.218168 0.0701545 0.0248422 0.0228341
0.0372859 0.146531 0.493931 0.0986759 9.9991E-05 0.0613052 0.162172
0.0218326 0.0300468 0.606412 0.15363 0.0868204 9.9991E-05 0.101158
0.112196 0.166481 0.215688 0.386381 9.9982E-05 9.9982E-05 0.119054
9.9973E-05 0.421186 0.540979 0.0198027 9.9973E-05 9.9973E-05 0.017733
9.9973E-05 0.708424 0.214475 0.0616107 0.0151895 9.9973E-05 9.9973E-05
0.135781 0.0988868 0.52704 0.102215 0.0748547 0.0497264 0.0114963
0.0018223 0.90485 9.9964E-05 9.9964E-05 9.9964E-05 9.9964E-05 0.0929281
0.120847 0.809099 9.9964E-05 9.9964E-05 9.9964E-05 9.9964E-05 0.0696547
0.0286277 0.685868 0.279675 9.9973E-05 9.9973E-05 9.9973E-05 0.00552909
9.9982E-05 0.522923 0.389432 0.0628419 9.9982E-05 0.023526 0.00107673
0.0404811 0.165083 0.503482 0.0528987 0.0978405 0.140115 9.9991E-05
0.0169184 0.484576 0.379587 0.0442092 0.0134677 0.061142 9.9991E-05
9.9982E-05 0.569545 0.193514 0.218592 0.017676 0.000473863 9.9982E-05
9.9973E-05 0.449242 0.278214 0.247269 0.0249761 9.9973E-05 9.9973E-05
0.0767301 0.251571 0.427598 0.0743263 0.0692868 0.100388 9.9991E-05
9.9973E-05 0.672292 0.244072 9.9973E-05 0.0353281 0.0480083 9.9973E-05
9.9982E-05 0.476837 0.415254 9.9982E-05 0.0583732 0.00547613 0.0438593
0.0911832 0.550766 0.342876 9.9982E-05 0.000885707 9.9982E-05 0.0140892
0.153867 0.682928 9.9982E-05 0.00095701 0.00693889 9.9982E-05 0.15511
9.9982E-05 0.300229 0.47707 9.9982E-05 0.032737 0.111319 0.0784447
0.00179695 9.9982E-05 0.0890068 0.0444974 0.811141 0.0533583 9.9982E-05
9.9955E-05 9.9955E-05 0.0845553 9.9955E-05 0.914945 9.9955E-05 9.9955E-05
9.9955E-05 9.9955E-05 0.134068 9.9955E-05 0.865432 9.9955E-05 9.9955E-05
9.9973E-05 9.9973E-05 0.0559812 9.9973E-05 0.907663 0.00611301 0.0299433
9.9955E-05 9.9955E-05 0.12907 9.9955E-05 0.87043 9.9955E-05 9.9955E-05
9.9973E-05 0.036687 0.0685255 9.9973E-05 0.865037 9.9973E-05 0.0294505
0.0388474 9.9982E-05 0.0184908 0.0147733 0.923431 0.00425725 9.9982E-05
9.9982E-05 0.331121 0.391929 0.0812708 0.0707558 0.124723 9.9982E-05
0.0666156 0.174493 0.553723 9.9982E-05 0.130805 0.0741632 9.9982E-05
0.0337523 0.78566 0.0442003 0.103192 0.0329955 9.9982E-05 9.9982E-05
0.0303999 0.0940172 0.53678 0.0495496 0.0721822 0.10843 0.108642
9.9964E-05 0.472092 0.433771 0.0937372 9.9964E-05 9.9964E-05 9.9964E-05
0.0125355 0.328832 0.575959 9.9982E-05 0.0640498 0.0184238 9.9982E-05
0.0723058 0.298692 0.483266 9.9991E-05 0.0165164 0.0302421 0.0988779
0.00910364 0.446699 0.434372 9.9973E-05 9.9973E-05 0.109525 9.9973E-05
9.9973E-05 0.770279 9.9973E-05 0.189623 0.0303552 9.9973E-05 0.00944248
0.0261869 0.237774 0.442972 0.0457369 0.18051 0.0347153 0.0321046
0.0753865 0.191525 0.629627 0.0225174 9.9991E-05 0.0782783 0.00256541
0.0353496 0.154283 0.539412 0.198338 0.0665136 0.00600392 9.9991E-05
0.0280908 0.579936 0.283167 9.9973E-05 9.9973E-05 9.9973E-05 0.108506
0.0984978 0.405797 0.495306 9.9964E-05 9.9964E-05 9.9964E-05 9.9964E-05
0.0161234 0.415962 0.411565 0.0730588 0.0432749 0.039916 9.9991E-05
0.0156222 0.660252 0.238969 9.9973E-05 9.9973E-05 0.0848571 9.9973E-05
9.9973E-05 0.431049 0.419173 0.068854 0.0806245 9.9973E-05 9.9973E-05
0.0565741 0.155371 0.499917 0.0861325 0.137796 0.0641097 9.9991E-05
0.259403 0.0731904 0.178924 0.275705 0.0240411 0.090148 0.098588
9.9991E-05 0.0576507 0.416424 0.2875 0.118578 0.0892044 0.0305428
0.154226 0.0824228 0.579513 0.0609508 0.122688 9.9982E-05 9.9982E-05
0.0342956 0.0664182 0.546057 0.105312 0.0816071 0.103968 0.0623422
0.0989242 0.0557376 0.456102 0.333184 9.9991E-05 0.0287283 0.0272238
9.9991E-05 0.119261 0.561329 0.252152 0.0196616 0.0174479 0.0300483
0.0542932 0.0110153 0.533699 0.390784 9.9982E-05 9.9982E-05 0.0100086
0.064714 0.0981383 0.550976 0.0994743 0.0695671 9.9991E-05 0.117031
9.9991E-05 0.0250527 0.558712 0.179021 0.0135459 0.0916366 0.131932
0.0273593 0.0731424 0.626991 0.179527 0.0150783 9.9991E-05 0.0778024
9.9964E-05 0.123734 0.526293 0.349573 9.9964E-05 9.9964E-05 9.9964E-05
0.0522275 9.9982E-05 0.641329 0.2078 9.9982E-05 0.064239 0.0342046
0.0975776 0.0853341 0.515687 0.106251 9.9991E-05 0.126857 0.0681934
0.135873 0.0609306 0.496412 0.212067 9.9982E-05 0.0945177 9.9982E-05
0.148847 9.9982E-05 0.620589 0.103379 0.0279845 9.9982E-05 0.0990013
0.0324275 0.0439887 0.514478 0.214262 9.9991E-05 0.102219 0.0925242
0.0152722 9.9991E-05 0.412888 0.314101 0.0339547 0.00185697 0.221827
0.0707139 0.0877224 0.619191 0.135763 0.0228408 0.0373774 0.0263916
0.0813108 0.00849552 0.692842 0.0423018 9.9991E-05 0.0454559 0.129494
0.143226 0.161599 0.216014 0.38442 0.0360866 0.0399526 0.0187026
0.225295 0.00508245 0.199 0.243748 9.9982E-05 9.9982E-05 0.326675
9.9982E-05 0.0879234 0.48747 0.273072 9.9982E-05 0.119613 0.0317217
0.305588 0.197496 0.0414438 0.276356 9.9991E-05 0.0637948 0.115222
0.185028 0.0891042 0.287268 0.389633 0.0293336 0.0195328 9.9991E-05
0.0134332 0.170984 0.44424 0.359935 9.9982E-05 9.9982E-05 0.0112079
0.0403089 0.184544 0.33613 0.370251 0.0588732 9.9991E-05 0.00979225
0.0311127 0.168015 0.28301 0.493105 9.9982E-05 0.0245575 9.9982E-05
0.018477 0.0641748 0.591869 0.187561 0.0705525 0.0672657 9.9991E-05
0.108375 0.0599549 0.527312 0.0500989 0.179756 0.0120022 0.0625005
0.107963 0.145082 0.573339 0.112982 0.0482777 9.9991E-05 0.0122558
0.0717496 0.151157 0.167529 0.325311 9.9991E-05 0.0653082 0.218846
0.0401326 0.173717 0.510521 0.0984127 0.0706193 9.9991E-05 0.106498
9.9991E-05 0.1825 0.415209 0.0944518 0.0582693 0.0606877 0.188782
0.257071 0.128476 9.9982E-05 0.168173 0.103765 9.9982E-05 0.342314
0.0984208 0.0908222 0.630605 9.9982E-05 0.11071 9.9982E-05 0.0692418
0.200017 0.122803 0.317257 0.0542716 0.120829 9.9991E-05 0.184722
0.146575 0.0325683 0.522408 0.0545706 0.0051376 0.100174 0.138566
0.000891255 0.07512 0.289261 0.112338 0.0290637 0.00575017 0.487576
0.101274 0.0727218 0.238965 0.14806 0.0250502 9.9991E-05 0.41383
0.0829729 0.119492 0.425693 0.152803 0.00400102 9.9991E-05 0.214938
0.0181942 9.9991E-05 0.524543 0.140016 0.137522 0.0617105 0.117915
0.099922 0.0992463 0.33216 0.0945883 0.101649 0.067364 0.20507
0.0376462 0.321175 0.00160263 0.084196 0.00192572 0.175203 0.378251
0.0762089 0.058589 0.50357 0.0902866 0.0643328 0.0612445 0.145768
9.9973E-05 0.213498 0.394929 0.129217 9.9973E-05 9.9973E-05 0.262056
0.121511 0.2352 0.461158 0.0595718 9.9982E-05 9.9982E-05 0.122359
0.0645992 0.0317904 0.622477 0.107217 0.110548 0.0407232 0.0226456
9.9982E-05 9.9982E-05 0.215311 0.0615308 0.273657 0.226674 0.222627
9.9964E-05 9.9964E-05 9.9964E-05 9.9964E-05 0.444436 0.141625 0.413539
9.9964E-05 9.9964E-05 9.9964E-05 9.9964E-05 0.375272 0.148109 0.476219
9.9973E-05 9.9973E-05 0.0843961 9.9973E-05 0.330649 0.336399 0.248256
0.0228434 0.057234 0.660835 0.0114653 9.9982E-05 9.9982E-05 0.247423
0.0579328 0.0807931 0.487667 0.0868111 9.9991E-05 0.0913906 0.195306
9.9973E-05 9.9973E-05 0.275275 0.0214155 0.0161642 0.686845 9.9973E-05
0.0493354 0.0375126 0.341969 0.118275 0.0348081 0.418 9.9991E-05
9.9991E-05 0.0480266 0.413473 0.121289 0.0503294 0.30452 0.0622624
0.177137 0.125605 0.313807 0.00808597 9.9982E-05 9.9982E-05 0.375164
0.112407 0.0798412 0.498594 0.0720013 0.0201465 0.0832325 0.133777
0.199355 0.08271 0.222123 9.9973E-05 9.9973E-05 9.9973E-05 0.495512
0.160037 0.131015 0.511678 0.0372728 0.00834107 9.9991E-05 0.151555
0.119195 0.12702 0.427489 0.0700027 9.9982E-05 9.9982E-05 0.256094
0.0956964 0.0844819 0.529469 0.0286894 9.9991E-05 0.0694411 0.192123
0.136078 0.18087 0.223559 0.039909 9.9982E-05 9.9982E-05 0.419384
0.0381707 0.0513151 0.595581 0.142944 0.052258 0.089083 0.0306487
0.103752 0.106009 0.428545 0.0237273 0.065759 0.100699 0.171509
0.0574376 9.9955E-05 9.9955E-05 9.9955E-05 9.9955E-05 0.942063 9.9955E-05
0.0326408 9.9964E-05 0.0213241 9.9964E-05 9.9964E-05 0.945635 9.9964E-05
9.9982E-05 0.138052 0.1759 0.00164768 0.0838758 0.600324 9.9982E-05
9.9964E-05 9.9964E-05 0.229734 0.0316683 9.9964E-05 0.738198 9.9964E-05
9.9964E-05 0.0236164 0.142233 9.9964E-05 9.9964E-05 0.83375 9.9964E-05
9.995E-05 9.995E-05 9.995E-05 9.995E-05 9.995E-05 0.9994 9.995E-05
9.9955E-05 9.9955E-05 9.9955E-05 0.0570335 9.9955E-05 0.942467 9.9955E-05
9.9955E-05 9.9955E-05 0.135922 9.9955E-05 9.9955E-05 0.863578 9.9955E-05
9.9955E-05 9.9955E-05 9.9955E-05 0.0596098 9.9955E-05 0.93989 9.9955E-05
9.995E-05 9.995E-05 9.995E-05 9.995E-05 9.995E-05 0.9994 9.995E-05
9.995E-05 9.995E-05 9.995E-05 9.995E-05 9.995E-05 0.9994 9.995E-05
0.00741716 0.031319 0.143931 9.9982E-05 0.0574369 0.759696 9.9982E-05
9.9973E-05 9.9973E-05 0.131218 0.0645541 0.0278611 0.776067 9.9973E-05
9.9955E-05 0.0343924 9.9955E-05 9.9955E-05 9.9955E-05 0.965108 9.9955E-05
9.9991E-05 0.0598881 0.384048 0.0917703 0.078389 0.377783 0.00802192
9.9982E-05 0.0804204 0.155099 0.0602259 0.00659813 0.697456 9.9982E-05
9.9982E-05 0.0212443 0.120911 9.9982E-05 0.0213143 0.812248 0.0240824
9.9973E-05 9.9973E-05 0.06043 0.00871855 0.0284453 0.902106 9.9973E-05
0.0110624 9.9973E-05 0.00561944 9.9973E-05 0.0255821 0.957436 9.9973E-05
9.9973E-05 9.9973E-05 0.102444 0.000885541 0.0599964 0.836375 9.9973E-05
9.9955E-05 9.9955E-05 9.9955E-05 9.9955E-05 9.9955E-05 0.99614 0.00335993
0.0657992 9.9991E-05 0.202241 0.0169998 0.0347469 0.648398 0.0317153
0.0242716 0.0432606 0.040273 9.9982E-05 0.0208378 0.871157 9.9982E-05
0.0902872 0.0280687 9.9982E-05 9.9982E-05 0.256209 0.0424226 0.582813
0.0332518 9.9991E-05 0.424654 0.109176 0.189393 0.0284695 0.214955
9.9991E-05 0.0625258 0.448594 0.0545384 0.156871 0.0550417 0.222329
9.9982E-05 9.9982E-05 0.243973 0.0304284 0.167631 0.0553648 0.502404
9.9991E-05 0.0260991 0.573536 0.0354866 0.0972798 0.0121981 0.2553
0.0971531 0.0186849 0.223709 9.9991E-05 0.221052 0.0667019 0.372599
0.0610708 0.0535885 0.389106 0.00388975 0.156384 0.0866633 0.249297
0.0287149 0.0350256 0.365252 9.9991E-05 0.0935326 0.126709 0.350666
0.0343202 9.9991E-05 0.40828 0.0484872 0.0762502 0.142974 0.289588
0.0249711 9.9982E-05 0.415177 9.9982E-05 0.170276 0.122804 0.266572
9.9991E-05 0.155268 0.411724 0.0655268 0.157536 0.0815529 0.128292
0.015678 9.9982E-05 0.00256527 0.102157 0.797555 9.9982E-05 0.0818453
0.066289 9.9973E-05 9.9973E-05 9.9973E-05 0.877486 0.046539 0.00938609
9.9955E-05 9.9955E-05 9.9955E-05 0.0431892 0.956311 9.9955E-05 9.9955E-05
9.9964E-05 9.9964E-05 0.0186924 0.0616814 0.919226 9.9964E-05 9.9964E-05
9.9982E-05 9.9982E-05 0.00679748 0.0765556 0.877987 0.0119942 0.026466
0.0334699 9.9973E-05 9.9973E-05 9.9973E-05 0.876681 0.0878784 0.0016703
9.9964E-05 9.9964E-05 0.0561966 9.9964E-05 0.858797 0.0846069 9.9964E-05
0.030911 0.0269 0.0595363 0.0113839 0.866592 9.9991E-05 0.00457681
9.9973E-05 0.065929 0.0289076 9.9973E-05 0.873237 0.0316265 9.9973E-05
9.9964E-05 9.9964E-05 9.9964E-05 9.9964E-05 0.813007 0.097874 0.0887191
0.0621411 0.0840815 9.9973E-05 0.244319 0.609159 9.9973E-05 9.9973E-05
9.9973E-05 0.0932207 9.9973E-05 0.318836 0.58201 0.00563355 9.9973E-05
0.0198227 0.0383806 9.9982E-05 0.271116 0.488799 9.9982E-05 0.181682
0.0544552 0.128157 9.9982E-05 0.299767 0.48273 9.9982E-05 0.0346915
9.9973E-05 0.216248 0.559504 0.16229 0.0616579 9.9973E-05 9.9973E-05
0.0499672 0.29274 0.494677 0.0789314 0.0440257 0.0395593 9.9991E-05
0.0781878 0.0836542 0.610558 0.172491 0.0109577 9.9991E-05 0.0440513
0.0929378 0.21589 0.413261 0.277612 9.9973E-05 9.9973E-05 9.9973E-05
0.0740444 0.18385 0.148384 0.546405 9.9991E-05 0.0151214 0.0320953
0.173335 0.153539 0.503083 0.051561 0.0302567 0.0881251 9.9991E-05
0.0836567 0.302593 0.49861 0.0394937 9.9991E-05 0.024327 0.0512197
0.0171949 0.27035 0.514056 0.121663 9.9982E-05 9.9982E-05 0.0765356
0.0273497 0.628186 0.263571 9.9973E-05 9.9973E-05 0.0805936 9.9973E-05
0.000557618 0.130781 0.6228 0.149285 0.0176544 0.0486813 0.0302411
0.0497464 0.387188 0.405024 0.136908 9.9982E-05 0.0209332 9.9982E-05
0.207723 0.691217 9.9973E-05 0.0986636 9.9973E-05 9.9973E-05 0.00209663
0.0531169 0.0953576 0.650631 0.123749 9.9982E-05 9.9982E-05 0.0769456
0.109437 0.558538 0.188834 9.9991E-05 0.0137852 0.0202293 0.109077
0.0540206 0.343745 0.543956 0.0234828 9.9982E-05 0.0345958 9.9982E-05
9.9973E-05 0.692449 0.0916432 0.168717 0.0468907 9.9973E-05 9.9973E-05
9.9982E-05 0.0399742 9.9982E-05 0.700884 0.0699943 0.00997911 0.178969
9.9973E-05 9.9973E-05 0.0578723 0.747286 0.0791942 9.9973E-05 0.115347
0.0363463 9.9982E-05 0.0549284 0.851907 0.0270868 9.9982E-05 0.029532
0.0477828 0.0521211 9.9973E-05 0.798922 0.100874 9.9973E-05 9.9973E-05
9.9973E-05 9.9973E-05 0.0225003 0.83876 9.9973E-05 0.0944452 0.0439946
0.0537094 9.9982E-05 0.0989043 0.764643 0.0350884 0.0474551 9.9982E-05
9.9973E-05 0.0133227 0.101254 9.9973E-05 0.863018 0.0221047 9.9973E-05
9.9973E-05 9.9973E-05 0.0699128 0.0954395 0.807331 0.0270164 9.9973E-05
9.9973E-05 9.9973E-05 0.163677 9.9973E-05 0.759168 0.0445124 0.0323431
9.9973E-05 9.9973E-05 0.040925 0.106192 0.724408 0.128175 9.9973E-05
9.9982E-05 9.9982E-05 0.0547554 0.0219876 0.727199 0.0949964 0.100862
9.9973E-05 0.00650129 9.9973E-05 0.555232 0.337566 9.9973E-05 0.100401
0.0424727 0.0509314 9.9982E-05 0.376432 0.430995 9.9982E-05 0.0989691
0.0937604 9.9964E-05 9.9964E-05 0.476 0.429839 9.9964E-05 9.9964E-05
9.9973E-05 9.9973E-05 0.135386 0.00468025 0.816633 0.0430008 9.9973E-05
0.0241768 0.0516919 9.9991E-05 0.516227 0.356982 0.0178929 0.0329284
0.0296203 9.9982E-05 0.258592 9.9982E-05 0.160155 0.369063 0.18237
9.9991E-05 0.00395658 0.500965 0.0592333 0.14593 0.243391 0.0464239
9.9973E-05 9.9973E-05 0.508482 0.007936 0.203052 0.28023 9.9973E-05
0.0460162 0.0748685 0.319702 9.9991E-05 0.22862 0.238595 0.0920984
0.0766072 0.0868999 0.560597 0.0494185 0.143302 0.0830754 9.9991E-05
9.9964E-05 9.9964E-05 9.9964E-05 9.9964E-05 0.400248 0.321707 0.277646
0.0662582 0.199351 0.414319 0.26225 9.9991E-05 0.0100569 0.0476652
0.23118 0.186473 0.312668 0.178595 0.0124892 9.9991E-05 0.0784951
0.114473 0.0639434 0.296374 0.411669 0.0924003 9.9991E-05 0.0210412
0.321719 0.114137 0.463776 0.100068 9.9973E-05 9.9973E-05 9.9973E-05
0.381959 0.174671 9.9973E-05 0.164689 9.9973E-05 9.9973E-05 0.27838
0.0919151 0.0473752 0.515579 0.178441 9.9991E-05 0.0903532 0.0762362
0.252837 0.0373684 0.490228 0.21653 9.9982E-05 0.00283631 9.9982E-05
0.104398 0.12106 0.37688 0.322573 0.0378119 9.9991E-05 0.037176
0.0215969 0.119528 0.487582 0.180597 0.080065 0.100089 0.0105432
0.12287 0.223096 0.109206 0.265199 9.9982E-05 9.9982E-05 0.279429
0.141267 0.123509 0.437156 0.109985 9.9991E-05 0.0707507 0.117232
0.11429 0.0344671 0.512318 0.307668 0.00472352 0.0264336 9.9991E-05
9.9991E-05 0.174554 0.316958 0.0946544 0.133379 0.197078 0.0832766
0.285418 0.0721062 0.398084 0.222045 9.9991E-05 0.0125786 0.00966848
0.134777 0.145533 0.418179 0.236737 0.014145 0.0505287 9.9991E-05
0.17953 0.131892 0.373242 0.111568 9.9991E-05 0.128839 0.0748292
0.0837105 0.115277 0.575421 0.186949 9.9991E-05 0.00235739 0.0361849
0.0874139 0.0295967 0.679285 0.105262 0.0593057 0.0390365 9.9991E-05
0.0474534 0.210053 0.540336 0.109083 0.092875 9.9982E-05 9.9982E-05
9.9991E-05 0.156679 0.541315 0.125497 0.093015 0.00638797 0.0770051
9.9964E-05 9.9964E-05 0.168392 9.9964E-05 0.800586 0.0306218 9.9964E-05
0.0416965 9.9973E-05 0.104113 9.9973E-05 0.837575 0.0163152 9.9973E-05
0.0558688 0.016785 0.0867643 0.0422823 0.7981 9.9982E-05 9.9982E-05
0.0950245 0.0283903 0.0350419 0.0114361 0.797896 0.0321117 9.9991E-05
9.9955E-05 9.9955E-05 0.166892 9.9955E-05 0.832608 9.9955E-05 9.9955E-05
0.0130312 0.209366 0.141302 0.528286 9.9991E-05 0.0862229 0.0216923
0.0863776 0.139121 0.444649 0.168169 9.9991E-05 0.0733345 0.088249
0.129274 9.9991E-05 0.441705 0.0300196 0.144424 0.132477 0.122001
0.0934592 0.0103505 0.607932 0.128899 9.9991E-05 0.0483041 0.110955
0.0569466 0.119213 0.501909 0.258503 0.0632282 9.9982E-05 9.9982E-05
0.225747 0.0577844 0.242975 0.276668 9.9991E-05 0.0182322 0.178493
9.9982E-05 0.196287 0.00268782 0.541507 0.118212 9.9982E-05 0.141106
0.00177426 0.0584296 0.547192 0.347126 0.015319 0.0300591 9.9991E-05
0.165168 0.0782272 0.0972824 0.479777 0.0953184 0.0841274 9.9991E-05
0.124402 0.180173 0.367298 0.0852204 0.056406 0.0831931 0.103308
0.157256 0.128605 0.0436349 0.485351 0.116466 0.0685872 9.9991E-05
9.9991E-05 0.0578499 0.546732 0.173315 0.131743 0.0561359 0.0341248
0.124248 0.103824 0.189112 0.49147 0.0147436 0.0206213 0.0559813
0.155766 0.121155 0.316045 0.241018 9.9991E-05 0.106615 0.0593021
0.0755803 0.0929791 0.45079 0.0495241 9.9991E-05 0.0647869 0.266239
0.162529 0.00223446 0.336181 0.0966758 9.9982E-05 9.9982E-05 0.40218
9.9982E-05 0.108437 0.53765 0.0637617 0.0410761 9.9982E-05 0.248875
0.0565518 0.130335 0.471256 9.9991E-05 0.0531042 0.0258987 0.262755
0.0726274 0.0252072 0.392268 0.128024 9.9982E-05 9.9982E-05 0.381674
0.0966554 0.0499643 0.468288 0.0909984 0.0325116 0.0847654 0.176817
0.0391747 0.211539 0.524354 0.0317412 0.000477135 9.9991E-05 0.192614
0.110835 0.244283 0.054133 0.0720227 9.9982E-05 9.9982E-05 0.518525
0.084568 0.109435 0.28088 9.9973E-05 9.9973E-05 9.9973E-05 0.524817
0.0569533 9.9973E-05 0.538192 0.0869883 9.9973E-05 9.9973E-05 0.317566
0.101172 0.241773 0.13677 0.125571 9.9982E-05 9.9982E-05 0.394515
9.9973E-05 0.124295 0.445439 0.0879148 9.9973E-05 9.9973E-05 0.342051
0.0246009 0.29028 0.154351 0.489855 0.0325875 0.00822568 9.9991E-05
0.279441 0.123677 0.257524 0.328612 9.9982E-05 9.9982E-05 0.0105453
0.0712853 0.139707 0.304253 0.40994 9.9982E-05 0.0746141 9.9982E-05
0.0146515 9.9982E-05 0.607535 0.197307 9.9982E-05 0.0888952 0.0914117
0.00626131 0.273177 0.249124 0.43752 9.9982E-05 0.0337182 9.9982E-05
0.0672216 0.0725929 0.427324 0.262242 0.018202 0.0790547 0.0733628
9.9982E-05 0.0758624 0.558448 0.211255 0.0279618 0.126272 9.9982E-05
0.0646548 0.137684 0.521064 0.195548 0.00589394 0.0263431 0.0488118
0.058326 0.140433 0.487712 0.222066 9.9982E-05 0.0912629 9.9982E-05
9.9982E-05 0.2058 0.406399 0.297211 9.9982E-05 0.0779968 0.0123939
9.9973E-05 0.192087 0.207683 0.473101 9.9973E-05 0.126829 9.9973E-05
0.0109787 0.162649 0.300456 0.435746 0.00352072 0.0865496 9.9991E-05
0.15177 0.0817668 0.60063 0.141228 9.9991E-05 0.0232463 0.00125853
0.063938 0.00838419 0.607863 0.158324 0.0859769 0.0304316 0.0450818
0.106342 0.152162 0.418771 0.184308 0.0190714 0.0196549 0.09969
0.170349 0.11853 0.466821 0.15067 9.9991E-05 0.0774913 0.0160385
9.9991E-05 0.0461538 0.415472 0.316468 0.103664 0.047583 0.0705606
0.0404272 9.9982E-05 0.642712 0.277459 0.0299072 0.00929449 9.9982E-05
0.197532 9.9991E-05 0.476419 0.182816 0.0163349 0.117184 0.00961353
0.032809 0.159637 0.453105 0.158722 0.0362141 0.151894 0.00761831
9.9982E-05 0.0267027 0.364712 9.9982E-05 0.326165 0.15283 0.129391
0.031099 0.147822 0.3376 9.9991E-05 0.0847576 0.293122 0.105499
9.9991E-05 0.126477 0.569383 0.0378327 0.118771 0.0537579 0.0936782
0.09705 9.9991E-05 0.556356 0.10908 0.0365931 0.0890996 0.111721
0.0815204 0.0633573 0.406585 9.9982E-05 0.237175 0.211163 9.9982E-05
0.267433 0.0275272 0.395376 0.16283 9.9991E-05 0.0467874 0.0999475
0.00118834 0.149024 0.398001 9.9991E-05 0.120262 0.231392 0.100033
0.0519317 0.173232 0.00645332 9.9991E-05 0.206317 0.13929 0.422676
0.0210625 0.0238382 0.493657 0.0588562 0.0500137 0.193091 0.159481
9.9991E-05 0.0616573 0.547753 0.0536927 0.160832 0.112938 0.0630273
0.114878 0.0638247 0.356951 0.11971 0.0160738 0.322918 0.00564509
0.0385211 0.194852 0.255675 0.0514217 0.167407 0.150065 0.142058
0.0784119 0.0601665 0.52789 9.9991E-05 0.0867935 0.188147 0.0584912
0.0803894 9.9982E-05 0.484878 9.9982E-05 0.126485 0.184481 0.123566
9.9964E-05 9.9964E-05 9.9964E-05 9.9964E-05 0.407877 0.187222 0.404501
0.00614682 0.00157428 0.504524 0.0217672 0.166549 0.235611 0.0638276
0.0289724 9.9991E-05 0.483952 0.00121266 0.127268 0.241275 0.11722
0.0745354 0.0536259 0.528468 9.9991E-05 0.0981283 0.131815 0.113328
0.0286766 9.9991E-05 0.505709 0.020912 0.237148 0.16382 0.0436342
0.0606128 9.9991E-05 0.497725 0.0187652 0.177417 0.12624 0.11914
0.464437 9.9982E-05 0.377502 0.0750928 0.00911639 0.073652 9.9982E-05
0.218997 0.062659 0.420176 0.0812533 0.124915 0.0627103 0.0292879
0.828494 0.0968921 9.9964E-05 0.074214 9.9964E-05 9.9964E-05 9.9964E-05
0.912802 0.0162208 9.9964E-05 0.0705778 9.9964E-05 9.9964E-05 9.9964E-05
0.409387 9.9982E-05 0.417168 0.0218695 0.0569084 0.0944672 9.9982E-05
0.143574 9.9982E-05 0.396251 9.9982E-05 0.102271 0.326336 0.0313683
0.27441 0.0114154 0.206061 9.9991E-05 0.0836712 0.376212 0.0481297
0.198498 0.0151559 0.136914 9.9991E-05 0.140975 0.299933 0.208425
0.228476 9.9973E-05 0.328294 9.9973E-05 0.213832 0.229097 9.9973E-05
0.814692 9.9982E-05 0.0201956 9.9982E-05 0.0791648 0.0377189 0.0480288
0.657119 9.9982E-05 0.107901 9.9982E-05 0.12437 0.0798639 0.0305457
0.326225 9.9973E-05 0.468531 0.0658361 9.9973E-05 0.139108 9.9973E-05
0.498454 9.9973E-05 0.319834 9.9973E-05 0.0193991 0.162013 9.9973E-05
0.758076 9.9973E-05 0.0495977 9.9973E-05 0.116043 0.0759836 9.9973E-05
0.279539 0.0401296 0.521066 0.0750119 0.0693586 0.0147952 9.9991E-05
0.311843 9.9973E-05 0.544706 9.9973E-05 0.0118306 0.131321 9.9973E-05
0.167501 0.00538959 0.485953 0.0455555 0.181813 0.0993587 0.0144294
0.636422 0.0753137 0.246675 0.0352837 0.00610544 9.9982E-05 9.9982E-05
0.570461 0.00906167 0.330225 0.0363137 0.0399286 0.0139101 9.9991E-05
0.269761 0.0692935 0.490167 0.0558276 0.0248974 0.0314476 0.0586056
0.366792 0.0769867 0.406973 0.00987207 0.0822894 0.035303 0.0217836
0.172819 9.9991E-05 0.5059 0.100471 0.0349876 0.0564056 0.129317
0.454168 9.9964E-05 0.422907 9.9964E-05 9.9964E-05 9.9964E-05 0.122526
0.751794 9.9964E-05 0.164618 0.0831877 9.9964E-05 9.9964E-05 9.9964E-05
0.337819 0.0462978 0.551255 9.9982E-05 0.0209545 0.0434741 9.9982E-05
0.733692 0.0812402 0.131272 0.0240089 9.9982E-05 0.0295871 9.9982E-05
0.510521 0.0110582 0.396353 9.9973E-05 9.9973E-05 9.9973E-05 0.0817674
0.240488 0.139271 0.405988 9.9982E-05 0.0988698 0.115183 9.9982E-05
0.269215 0.158888 0.433364 0.0576814 0.0774987 9.9991E-05 0.00325315
0.0989297 9.9991E-05 0.507509 0.0150557 0.222679 0.0931547 0.0625716
0.124636 9.9991E-05 0.399756 0.0580459 0.186454 0.11826 0.112749
0.0751892 0.00721801 0.370325 0.00169281 0.117058 0.269106 0.159412
0.107178 9.9991E-05 0.346325 0.111294 0.110648 0.225456 0.0989982
0.00279178 0.164947 0.484136 9.9991E-05 0.146151 0.106126 0.0957486
0.167809 0.0617302 0.393753 0.0396304 0.166169 0.153006 0.0179018
0.59481 9.9973E-05 9.9973E-05 9.9973E-05 0.201806 0.105355 0.0977298
0.101093 9.9991E-05 0.56493 0.025003 0.0796054 0.216424 0.0128456
0.40706 9.9973E-05 9.9973E-05 9.9973E-05 0.368721 0.0842664 0.139652
0.325595 9.9973E-05 0.456255 9.9973E-05 0.0791574 0.138692 9.9973E-05
0.790804 0.117922 0.0531978 9.9973E-05 9.9973E-05 9.9973E-05 0.0377758
0.910684 0.0781181 9.9973E-05 0.000316607 0.0105812 9.9973E-05 9.9973E-05
0.4427 0.159583 0.379552 9.9973E-05 9.9973E-05 0.0178647 9.9973E-05
0.311189 9.9964E-05 0.625237 9.9964E-05 0.0631738 9.9964E-05 9.9964E-05
0.581994 0.0112983 0.350437 0.0559702 9.9973E-05 9.9973E-05 9.9973E-05
0.502477 9.9964E-05 0.493256 9.9964E-05 0.00386729 9.9964E-05 9.9964E-05
0.540408 0.0117399 0.447453 9.9964E-05 9.9964E-05 9.9964E-05 9.9964E-05
0.101936 0.00652857 0.0205804 9.9982E-05 0.800823 0.0699321 9.9982E-05
0.0401773 9.9982E-05 9.9982E-05 0.126536 0.692744 0.126886 0.0134575
9.9964E-05 9.9964E-05 9.9964E-05 0.0666852 0.860491 0.0724243 9.9964E-05
0.0086692 9.9964E-05 0.0487929 9.9964E-05 0.942138 9.9964E-05 9.9964E-05
0.0623916 0.242239 0.535981 0.10015 0.0370003 9.9991E-05 0.022138
9.9982E-05 0.286683 0.540085 0.0359964 0.0688732 0.0681624 9.9982E-05
9.9973E-05 0.494997 0.419448 0.0779606 0.00729524 9.9973E-05 9.9973E-05
9.9991E-05 0.251541 0.583023 0.0503664 0.0929459 0.0123511 0.00967273
0.034814 0.193986 0.495763 0.0818656 0.0257513 0.0590658 0.108754
0.0710195 0.532252 0.210809 0.146496 0.0392231 9.9982E-05 9.9982E-05
0.0458844 0.309017 0.644699 9.9964E-05 9.9964E-05 9.9964E-05 9.9964E-05
0.0565878 0.450866 0.361931 9.9973E-05 9.9973E-05 9.9973E-05 0.130315
0.0184576 9.9991E-05 0.422355 0.0902814 0.167488 0.229774 0.0715432
0.108037 0.324499 0.354331 0.107124 9.9991E-05 0.0834652 0.0224437
9.9973E-05 0.54 0.312668 0.136085 9.9973E-05 0.0109468 9.9973E-05
0.16759 0.331754 0.493559 9.9973E-05 0.0067965 9.9973E-05 9.9973E-05
0.0256609 0.532433 0.375636 0.0203948 0.0155941 0.0301813 9.9991E-05
0.0641927 0.308403 0.564652 9.9982E-05 9.9982E-05 0.0249956 0.0375571
9.9964E-05 0.343983 0.532212 9.9964E-05 0.123405 9.9964E-05 9.9964E-05
0.108445 0.862069 0.0168193 9.9973E-05 9.9973E-05 9.9973E-05 0.0123673
0.0850505 0.576947 0.259931 9.9982E-05 0.0296114 9.9982E-05 0.0482604
9.9982E-05 0.628615 0.280518 0.0568632 9.9982E-05 0.00572305 0.0280804
0.0528122 0.875185 9.9964E-05 9.9964E-05 9.9964E-05 9.9964E-05 0.0716032
0.107667 0.340804 0.335058 0.114217 0.0596806 0.0424735 9.9991E-05
0.0610867 0.647778 0.0806877 9.9973E-05 9.9973E-05 9.9973E-05 0.210148
0.0675473 0.747924 9.9964E-05 9.9964E-05 9.9964E-05 9.9964E-05 0.184129
0.117308 0.269029 0.506889 9.9991E-05 0.00614273 0.074734 0.0257981
0.0714183 0.652704 0.160267 0.066818 0.0485927 9.9982E-05 9.9982E-05
9.9991E-05 0.440517 0.329165 0.0734899 0.0245482 0.0741253 0.0580543
0.00902017 0.2339 0.515665 9.9991E-05 0.120439 0.11169 0.00918693
9.9982E-05 0.468476 0.483184 0.012902 9.9982E-05 0.0256003 0.00963842
0.121825 0.126119 0.357371 0.2316 9.9991E-05 0.0225126 0.140473
0.100748 0.317403 0.489552 0.0919968 9.9973E-05 9.9973E-05 9.9973E-05
9.9982E-05 0.38636 0.460746 0.0892028 0.0190994 0.0443911 9.9982E-05
9.9973E-05 0.587692 0.352123 0.0166641 9.9973E-05 9.9973E-05 0.0432213
0.0350215 0.293689 0.509661 0.0528409 0.0960156 9.9991E-05 0.0126717
0.00440454 0.00443557 0.0227922 0.266857 0.610863 9.9991E-05 0.0905476
9.9982E-05 0.081054 0.0198328 0.111702 0.737645 9.9982E-05 0.0495672
9.9973E-05 0.00385931 9.9973E-05 0.133429 0.789415 9.9973E-05 0.0729966
0.0248279 9.9964E-05 9.9964E-05 0.176774 0.797998 9.9964E-05 9.9964E-05
9.9982E-05 0.0238117 0.00474921 0.205292 0.687102 9.9982E-05 0.0788448
9.9973E-05 0.699423 0.078199 0.192708 9.9973E-05 0.0293706 9.9973E-05
0.0744519 0.651057 0.0932527 0.110388 0.0706504 9.9982E-05 9.9982E-05
0.0188404 0.812281 0.137442 9.9982E-05 9.9982E-05 0.0262027 0.00503382
0.063713 0.106754 0.466466 0.0973651 0.0988683 0.166734 9.9991E-05
9.9982E-05 0.190085 0.421218 0.190512 0.0941266 0.103859 9.9982E-05
0.10651 0.583005 0.246805 9.9982E-05 9.9982E-05 0.013259 0.0502211
0.0724882 0.305115 0.533886 9.9973E-05 9.9973E-05 0.0882109 9.9973E-05
0.0263382 0.44834 0.364232 9.9991E-05 0.0528048 0.0392553 0.0689295
0.0390629 0.26487 0.551112 0.0486185 0.0779785 0.0182578 9.9991E-05
0.0650357 0.255002 0.572701 9.9982E-05 0.0430102 0.0640511 9.9982E-05
0.0134016 0.640993 0.235455 0.0715283 9.9991E-05 0.0211824 0.0173389
9.9973E-05 0.551059 0.3844 0.0557422 0.00849881 9.9973E-05 9.9973E-05
9.9964E-05 0.534682 0.33774 0.127178 9.9964E-05 9.9964E-05 9.9964E-05
0.0491966 0.0101046 0.603382 0.0416441 0.0290344 9.9991E-05 0.266538
9.9973E-05 0.647719 0.310113 0.00751275 0.0343554 9.9973E-05 9.9973E-05
9.9982E-05 0.443196 0.395034 0.113013 0.0184069 0.0301502 9.9982E-05
0.0141223 0.0681551 0.487964 0.0203084 9.9982E-05 0.40925 9.9982E-05
0.0449073 0.0699793 0.288152 0.00153842 0.0579555 0.454124 0.0833438
9.9964E-05 9.9964E-05 0.468488 9.9964E-05 0.129462 0.40165 9.9964E-05
0.0614046 9.9982E-05 0.273573 9.9982E-05 0.130806 0.472124 0.0618916
0.0446855 9.9991E-05 0.507165 0.0116174 0.154834 0.236792 0.0448066
0.0193041 0.399738 0.415432 9.9982E-05 9.9982E-05 0.0673164 0.0980098
9.9973E-05 9.9973E-05 0.0703172 9.9973E-05 0.24979 0.616935 0.062658
0.0187376 9.9973E-05 0.399069 9.9973E-05 0.18734 0.394554 9.9973E-05
9.9991E-05 0.130792 0.391527 0.0564188 0.0943895 0.152775 0.173997
9.9982E-05 0.0284584 0.618655 0.0357115 0.151556 9.9982E-05 0.165419
0.066524 0.0129151 0.423509 0.0981555 0.120819 0.011552 0.266526
9.9973E-05 9.9973E-05 0.644377 0.0658257 0.0548585 9.9973E-05 0.234639
0.0474468 0.0783584 0.628882 9.9982E-05 0.0557542 9.9982E-05 0.189359
9.9964E-05 9.9964E-05 0.292187 9.9964E-05 0.241767 0.465646 9.9964E-05
0.0479237 0.0221886 0.402576 0.0842359 0.144143 0.298833 9.9991E-05
9.9973E-05 9.9973E-05 0.38588 9.9973E-05 0.0930834 0.491523 0.0292144
0.123409 0.0207921 0.362511 0.141895 0.0218774 0.321989 0.00752605
9.9973E-05 9.9973E-05 0.345731 9.9973E-05 0.103613 0.443193 0.107163
0.0372571 0.0336216 0.381539 0.0475468 0.122717 0.333529 0.0437892
0.0717969 0.0239641 0.22 9.9991E-05 0.146221 0.501781 0.0361367
0.13541 9.9982E-05 0.410937 0.0304539 0.0783632 0.344637 9.9982E-05
9.9973E-05 0.07682 0.522948 9.9973E-05 0.0253481 9.9973E-05 0.374584
9.9991E-05 0.050097 0.229379 0.0949378 0.179675 0.368114 0.0776979
9.9973E-05 9.9973E-05 0.160633 9.9973E-05 0.13503 0.615548 0.0884897
9.9991E-05 0.154371 0.376927 0.0160825 0.110424 0.341608 0.000487692
9.9982E-05 0.120165 0.232833 0.211591 0.0803011 9.9982E-05 0.354909
9.9991E-05 0.0660521 0.583501 0.0168766 0.000492619 0.0578589 0.275118
9.9991E-05 0.128822 0.383163 0.0427595 0.172333 0.26551 0.00731215
0.00770143 9.9991E-05 0.604466 0.0817253 0.0850593 0.0225931 0.198355
0.0186363 0.0831128 0.534827 9.9982E-05 0.110889 9.9982E-05 0.252335
0.0354276 0.121518 0.375166 0.00176676 0.183543 0.221205 0.0613734
0.0994164 9.9982E-05 0.332706 9.9982E-05 0.195035 0.290929 0.0817135
9.9991E-05 0.05643 0.615802 0.0991729 0.0889721 0.0882757 0.0512471
0.000977099 0.0538626 0.378779 0.0345298 0.138457 0.352978 0.0404166
0.0926134 9.9982E-05 0.376184 9.9982E-05 0.0870608 0.437733 0.00620922
0.049401 9.9982E-05 0.12113 9.9982E-05 0.15819 0.599747 0.0713314
0.0258499 0.040511 0.604293 9.9991E-05 0.167762 0.018682 0.142802
9.9982E-05 0.0604174 0.507319 0.120064 0.0510257 9.9982E-05 0.260973
0.0483664 0.0921954 0.227085 9.9982E-05 0.0473793 9.9982E-05 0.584774
9.9982E-05 0.0925188 0.585724 9.9982E-05 0.137489 0.0575992 0.126469
0.0545837 0.12107 0.334759 0.22898 0.0482677 0.0668552 0.145485
0.00347053 0.0625643 0.448076 9.9991E-05 0.156474 0.162318 0.166997
0.126743 0.0476637 0.456961 0.0885881 0.0749404 0.0631783 0.141926
9.9964E-05 9.9964E-05 9.9964E-05 9.9964E-05 0.176725 0.177689 0.645186
9.9964E-05 9.9964E-05 9.9964E-05 9.9964E-05 0.165293 0.0542402 0.780067
0.034644 0.0308362 0.317643 0.0596687 0.07623 0.14996 0.331019
9.9982E-05 0.0107458 0.0660833 9.9982E-05 0.21659 0.156023 0.550358
9.9964E-05 9.9964E-05 9.9964E-05 9.9964E-05 0.310988 0.201717 0.486895
0.0761576 9.9982E-05 0.395976 9.9982E-05 0.116259 0.104126 0.307282
0.0125941 0.000214643 0.388105 9.9991E-05 0.170899 0.157007 0.27108
9.9991E-05 0.0322787 0.187499 0.0386948 0.218628 0.140153 0.382647
9.9973E-05 9.9973E-05 0.0936327 9.9973E-05 0.195134 0.0870641 0.623869
0.0605712 0.0877793 0.472575 9.9991E-05 0.105044 0.117254 0.156677
9.9982E-05 0.0793833 0.154864 9.9982E-05 0.12808 0.11421 0.523263
9.9964E-05 9.9964E-05 9.9964E-05 9.9964E-05 0.296874 0.0163911 0.686335
0.0363907 0.085144 0.528636 0.12112 9.9991E-05 0.134643 0.093966
9.9991E-05 0.026857 0.316587 0.0447556 0.175115 0.23633 0.200257
9.9982E-05 0.105673 0.42327 0.00941951 0.292926 0.168511 9.9982E-05
0.0202437 0.0247509 0.59215 9.9991E-05 0.189821 0.167642 0.00529244
0.00649738 0.137072 0.454999 0.0772183 0.108102 0.211795 0.00431563
0.0483688 0.0464131 0.358803 0.0335923 0.139072 0.315546 0.0582054
9.9973E-05 9.9973E-05 0.372697 9.9973E-05 0.324892 0.190265 0.111845
0.0591306 9.9982E-05 0.522183 0.0521383 0.177796 0.188552 9.9982E-05
9.9982E-05 0.0640355 0.41053 9.9982E-05 0.241779 0.25563 0.0278254
0.0780214 9.9982E-05 0.371816 9.9982E-05 0.248275 0.220973 0.0807142
9.9991E-05 0.31684 0.227393 0.112026 0.150149 0.166892 0.0265996
9.9991E-05 0.105513 0.523288 0.0340338 0.134816 0.121148 0.0811009
0.0266672 0.0441791 0.495599 0.0199572 0.21947 0.13595 0.0581766
0.0418202 0.0752655 0.65067 0.0244881 0.117506 0.0901503 9.9991E-05
9.9982E-05 9.9982E-05 0.407108 0.0305377 0.270475 0.231674 0.0600058
0.00819588 0.058605 0.488762 9.9991E-05 0.224761 0.165615 0.0539604
0.0488207 9.9982E-05 0.152156 9.9982E-05 0.323592 0.225015 0.250216
0.0529658 9.9982E-05 0.535567 0.0982143 0.109932 0.203121 9.9982E-05
0.0155603 9.9982E-05 0.225751 9.9982E-05 0.236799 0.272555 0.249134
0.0171754 0.0300229 9.9982E-05 0.134395 0.734521 9.9982E-05 0.0836855
9.9982E-05 0.0109325 0.104782 0.82655 0.0226753 0.0348609 9.9982E-05
9.995E-05 9.995E-05 9.995E-05 0.9994 9.995E-05 9.995E-05 9.995E-05
9.9955E-05 9.9955E-05 9.9955E-05 0.982833 0.0166677 9.9955E-05 9.9955E-05
9.9955E-05 9.9955E-05 0.0596405 0.93986 9.9955E-05 9.9955E-05 9.9955E-05
9.9973E-05 9.9973E-05 0.0257178 0.912732 0.0014926 0.0597581 9.9973E-05
9.9955E-05 9.9955E-05 0.131101 0.868399 9.9955E-05 9.9955E-05 9.9955E-05
9.9964E-05 0.00358357 9.9964E-05 0.977472 0.0185451 9.9964E-05 9.9964E-05
9.9964E-05 9.9964E-05 0.0290224 0.786264 0.184314 9.9964E-05 9.9964E-05
9.9973E-05 9.9973E-05 0.0282908 0.0267353 0.903006 0.0416683 9.9973E-05
0.0804892 9.9973E-05 0.0409474 0.0924332 0.78583 9.9973E-05 9.9973E-05
9.9982E-05 0.0350088 0.0488721 0.00518786 0.853803 0.0569278 9.9982E-05
0.00727996 9.9982E-05 0.0273378 0.0578262 0.79004 9.9982E-05 0.117316
9.9973E-05 0.0387458 9.9973E-05 0.0181097 0.897312 0.0455323 9.9973E-05
0.0832157 9.9964E-05 9.9964E-05 9.9964E-05 0.909033 0.00735153 9.9964E-05
0.00604517 9.9991E-05 0.0224887 0.0767 0.679472 0.204084 0.0111099
0.0305526 9.9982E-05 0.0279608 9.9982E-05 0.824403 0.0914551 0.0254288
0.00394348 0.0123751 0.0498778 0.0961591 0.745176 0.0923687 9.9991E-05
9.9964E-05 0.0126027 9.9964E-05 9.9964E-05 0.905014 0.0819833 9.9964E-05
0.0443826 9.9964E-05 9.9964E-05 0.0142325 0.940985 9.9964E-05 9.9964E-05
0.0800181 9.9973E-05 9.9973E-05 0.0582041 0.786179 0.0752991 9.9973E-05
9.9973E-05 9.9973E-05 9.9973E-05 0.0601317 0.899149 0.0130274 0.0273923
9.9973E-05 9.9973E-05 0.0724565 0.0222529 0.888341 9.9973E-05 0.0166499
9.9973E-05 0.0781271 0.03188 9.9973E-05 0.852315 0.0373784 9.9973E-05
9.9973E-05 9.9973E-05 0.0829676 9.9973E-05 0.850764 0.0578518 0.00811661
9.9964E-05 9.9964E-05 0.0822727 9.9964E-05 0.763471 0.153856 9.9964E-05
9.9973E-05 0.00718028 0.166652 9.9973E-05 0.740451 0.0854164 9.9973E-05
9.9973E-05 0.0741039 0.0838267 9.9973E-05 0.781832 0.0599376 9.9973E-05
0.00937571 0.0542237 0.429183 0.101388 0.117187 9.9991E-05 0.288543
9.9973E-05 0.0451616 0.694342 9.9973E-05 0.0776827 9.9973E-05 0.182514
0.0651567 0.0713552 0.609532 0.0291153 0.216859 0.00420315 0.0037788
0.0612126 0.180978 0.16522 0.0248969 9.9982E-05 9.9982E-05 0.567493
9.9982E-05 0.0777979 0.518472 0.0451427 0.112684 9.9982E-05 0.245703
0.00330017 9.9982E-05 0.225942 0.0414197 0.021739 9.9982E-05 0.7074
9.9973E-05 9.9973E-05 0.66085 9.9973E-05 0.0931425 0.0320007 0.213707
9.9982E-05 0.157177 0.40166 0.157926 0.0391475 9.9982E-05 0.243888
9.9982E-05 0.153937 0.546062 0.0944529 0.00564042 9.9982E-05 0.199708
0.106751 0.379809 0.480536 0.000820312 0.0124021 0.0195818 9.9991E-05
9.9982E-05 0.05603 0.46519 0.160709 0.0470322 9.9982E-05 0.270839
0.0706974 0.0327128 0.699416 9.9982E-05 0.0155763 9.9982E-05 0.181397
9.9973E-05 9.9973E-05 0.562297 0.133858 0.0187385 9.9973E-05 0.284806
0.164696 0.217487 0.0602191 0.462458 9.9991E-05 0.0364608 0.0585789
0.099582 0.0789284 9.9973E-05 0.110734 9.9973E-05 9.9973E-05 0.710456
9.9973E-05 0.0267287 0.206134 0.0459272 9.9973E-05 9.9973E-05 0.72091
9.9973E-05 9.9973E-05 0.672416 0.0349086 0.122424 9.9973E-05 0.169952
0.00837384 9.9982E-05 0.544028 0.0625577 0.0417105 9.9982E-05 0.34313
9.9973E-05 0.022849 0.52169 9.9973E-05 0.117117 9.9973E-05 0.338044
0.0966471 0.076012 0.640569 9.9991E-05 0.0787743 0.0748373 0.0330607
0.050584 9.9991E-05 0.613428 0.0485679 0.238876 0.040613 0.00783097
