9.9982E-05 0.0268087 0.0721153 0.900876 9.9982E-05
0.0053766 9.9991E-05 0.017627 0.953672 0.0232242
0.0907306 0.0516587 0.0176351 0.839876 9.9991E-05
0.0294814 0.0590835 0.124695 0.78664 9.9991E-05
0.0550169 0.036174 9.9991E-05 0.905899 0.0028101
0.116243 0.0370434 0.126853 0.64839 0.0714711
9.9982E-05 9.9982E-05 0.0245707 0.882171 0.093058
0.0090733 0.0453865 0.161224 0.771715 0.0126009
9.9982E-05 9.9982E-05 0.0801709 0.842695 0.0769339
0.106899 0.0360519 0.034121 0.760766 0.062162
0.0184862 9.9991E-05 0.0789629 0.780016 0.122435
0.302125 0.0880293 0.504542 9.9991E-05 0.105204
0.527547 0.125998 0.325119 0.0212364 9.9991E-05
0.267029 0.091483 0.435282 0.0384282 0.167777
0.357087 0.140281 0.425176 0.0719512 0.00550572
0.382506 0.10138 0.285133 0.165102 0.0658785
0.586476 0.114934 0.149246 0.101101 0.0482421
0.548997 0.0499148 0.19603 0.0483817 0.156676
0.340636 0.12242 0.377497 0.103133 0.0563142
0.0441138 0.0583074 0.662928 0.081289 0.153362
0.421762 0.102577 0.322194 0.0235315 0.129935
0.542811 0.0833025 0.162134 9.9991E-05 0.211652
0.585108 0.0417095 0.211078 0.0660287 0.0960759
0.35708 0.126194 0.402435 0.010767 0.103523
0.616518 0.169025 0.0790994 0.0547633 0.0805942
0.561305 0.0974398 0.329442 0.0117132 9.9991E-05
0.262303 0.0881519 0.59037 0.00220133 0.0569743
0.244064 0.222249 0.43367 9.9991E-05 0.0999179
0.335645 0.0247892 0.444725 9.9991E-05 0.194741
0.089717 0.087474 9.9982E-05 0.822609 9.9982E-05
0.121131 0.0326173 9.9982E-05 0.846052 9.9982E-05
0.149899 0.0646692 9.9982E-05 0.785232 9.9982E-05
0.123644 0.0977644 0.00549234 0.723696 0.0494039
0.708096 9.9991E-05 0.159891 0.0582289 0.0736842
0.572105 0.0506625 0.065125 0.135206 0.176901
0.737518 9.9982E-05 9.9982E-05 0.00181894 0.260463
0.197449 0.0707844 0.572375 0.0505929 0.108798
0.487783 0.0207095 0.0055491 0.0179533 0.468006
0.630766 0.0107754 0.0808774 0.0514875 0.226094
0.731459 0.0964864 9.9991E-05 0.0531199 0.118834
0.674048 9.9991E-05 0.108238 0.134528 0.0830863
0.727814 9.9991E-05 0.17278 0.0962668 0.00303896
0.275598 9.9982E-05 0.26113 9.9982E-05 0.463072
0.635486 0.119768 0.0629576 0.0492503 0.132538
0.634108 0.0843349 9.9991E-05 0.132267 0.14919
0.561109 0.15288 0.10962 0.0176173 0.158773
0.541852 9.9973E-05 9.9973E-05 9.9973E-05 0.457848
0.686413 0.0252602 9.9991E-05 0.0496687 0.238558
0.644353 0.0647841 0.0487624 0.166773 0.0753268
0.0220754 9.9991E-05 0.0755927 0.0904309 0.811801
0.260217 9.9982E-05 0.408932 9.9982E-05 0.330651
0.13718 0.0158859 0.264237 0.0303659 0.55233
0.534853 0.138627 0.242981 0.00713421 0.0764044
0.765397 9.9991E-05 0.0806847 0.0823986 0.07142
0.513806 0.115008 0.0846408 0.124529 0.162017
0.263584 9.9991E-05 0.394365 0.100678 0.241273
0.649394 0.0422244 0.268196 9.9991E-05 0.0400854
0.589577 0.111098 0.174925 0.0206404 0.103759
0.437291 0.0205679 0.201831 0.149037 0.191273
0.130333 0.0211181 0.392621 0.230776 0.225152
0.54911 0.0791924 0.143739 0.125437 0.102521
0.446903 0.140343 0.327094 0.0313417 0.0543172
0.0798199 9.9991E-05 0.560699 0.0805113 0.27887
0.586595 0.0615749 0.299225 0.0131911 0.0394135
0.628524 0.0886064 0.024 0.0571014 0.201768
0.66595 0.0651407 0.193201 0.0625414 0.0131664
0.350826 0.0298797 0.317651 0.0707994 0.230844
0.587537 0.0442653 0.146976 0.0482041 0.173018
0.574327 0.0896339 0.251051 0.0684065 0.0165818
0.28063 9.9991E-05 0.381404 0.0252876 0.312578
0.679198 9.9982E-05 0.113327 9.9982E-05 0.207275
0.440066 9.9982E-05 0.204924 9.9982E-05 0.354809
0.554476 0.0359554 0.0879455 0.15315 0.168473
0.195873 9.9982E-05 0.033915 9.9982E-05 0.770012
0.197929 9.9982E-05 0.0827998 9.9982E-05 0.719071
0.467209 9.9982E-05 0.102905 9.9982E-05 0.429686
0.582631 9.9991E-05 0.0722402 0.0108396 0.334189
0.546606 0.11421 0.068853 0.111448 0.158883
0.543202 9.9991E-05 0.133195 0.00856385 0.314939
0.420633 0.00278537 0.323516 0.0119374 0.241128
0.431093 9.9991E-05 0.362605 0.0137425 0.192459
0.684012 0.0905127 0.0655969 0.128159 0.0317191
0.521095 9.9991E-05 0.0813318 0.00971835 0.387754
0.640084 9.9982E-05 0.166864 9.9982E-05 0.192852
0.587284 9.9982E-05 0.0385501 9.9982E-05 0.373966
0.166023 9.9982E-05 0.0728782 9.9982E-05 0.760898
0.657409 0.0648124 0.0465497 0.0169097 0.214319
0.0806095 0.0550609 0.0655559 0.798674 9.9991E-05
0.0907668 9.9973E-05 9.9973E-05 0.908933 9.9973E-05
0.065728 0.046305 9.9982E-05 0.887767 9.9982E-05
0.0550775 9.9973E-05 9.9973E-05 0.944623 9.9973E-05
0.090676 0.0246314 9.9982E-05 0.884493 9.9982E-05
0.0736369 0.0347834 9.9991E-05 0.886556 0.0049237
0.0458698 0.00164829 9.9982E-05 0.952282 9.9982E-05
0.686133 0.0602589 0.0648358 0.105538 0.0832337
0.635636 0.053163 0.0977501 0.112075 0.101376
0.294354 9.9982E-05 0.0969804 9.9982E-05 0.608465
0.715018 0.073604 0.124793 0.00138409 0.0852008
0.597891 9.9991E-05 0.112325 0.0458631 0.243822
0.699238 0.0410358 9.9991E-05 0.0128681 0.246758
0.629196 0.047922 0.0367321 0.00418965 0.281961
0.647864 0.0721072 9.9991E-05 0.000678179 0.279251
0.117861 9.9991E-05 0.288896 0.017285 0.575857
0.654859 0.0423946 0.0768424 0.225804 9.9991E-05
0.651129 0.0296596 0.0853987 0.175622 0.0581907
0.515061 0.198174 0.189855 0.09681 9.9991E-05
0.481819 9.9973E-05 9.9973E-05 9.9973E-05 0.517881
0.693275 0.0102045 9.9991E-05 0.00971416 0.286706
0.639684 9.9991E-05 0.101489 0.0126606 0.246066
0.540708 0.0645149 0.0387896 9.9991E-05 0.355887
0.556549 9.9991E-05 0.116522 0.114548 0.21228
0.573132 0.0421167 0.133821 0.105017 0.145914
0.216805 0.0629055 0.357709 0.0275085 0.335072
0.398628 0.107419 0.296214 0.0850742 0.112665
0.573974 0.0865078 0.126487 0.108179 0.104852
0.616058 0.0873115 0.107636 0.144742 0.0442523
0.454842 0.0767681 0.405471 0.0628189 9.9991E-05
0.598313 0.0940061 0.228362 0.0168208 0.0624979
0.480285 0.112737 0.406778 9.9982E-05 9.9982E-05
0.433029 0.0656469 0.187484 0.129025 0.184815
0.587244 0.0872736 0.16572 0.0989636 0.0607993
0.553549 0.0955856 0.310261 0.00790233 0.0327024
0.572684 0.00441116 0.321393 0.0148001 0.0867114
0.673427 0.124155 0.128089 9.9991E-05 0.0742288
0.513383 0.158267 0.034842 0.0920359 0.201472
0.677569 0.0399631 0.195476 9.9991E-05 0.0868924
0.608622 0.0334118 0.141934 0.10131 0.114722
0.546824 0.116126 0.213834 9.9991E-05 0.123116
0.377015 0.082538 0.306175 0.109814 0.124457
0.568778 0.186659 0.153777 0.0238006 0.0669852
0.563414 0.147926 0.245523 0.00364129 0.0394956
0.219554 0.113336 0.474033 9.9991E-05 0.192977
0.138534 0.101195 0.315029 0.037839 0.407403
0.545602 0.0698184 0.241558 0.0471967 0.0958248
0.0582248 0.0953465 0.319365 9.9991E-05 0.526964
0.341536 9.9991E-05 0.449194 0.0776697 0.1315
0.505581 9.9991E-05 0.36942 0.0399836 0.0849154
0.44437 9.9991E-05 0.429506 0.0244147 0.101609
0.369872 0.00518461 0.476728 0.0111946 0.137021
0.689174 0.0230498 0.0722263 0.105653 0.109896
0.574179 0.0826298 0.140848 0.0961317 0.106211
0.585952 0.05621 0.250434 0.0583292 0.0490743
0.148321 0.071432 0.418886 9.9991E-05 0.361261
0.549252 0.0105979 0.157305 0.154617 0.128227
0.405567 0.170073 0.0119175 0.0655052 0.346938
0.047429 0.00909198 0.155722 0.210629 0.577128
0.68336 0.0532995 9.9991E-05 0.0857419 0.177499
0.370117 0.0937333 0.0200883 0.124888 0.391174
0.510533 0.0346047 0.144673 0.126594 0.183595
0.239822 0.0884156 0.0440175 0.139165 0.488581
0.20752 9.9991E-05 0.0865027 0.15218 0.553697
0.489003 9.9991E-05 0.109357 0.0974438 0.304097
0.555916 0.0331659 0.107825 0.125863 0.17723
0.440312 0.100151 0.134443 0.14066 0.184435
0.0222353 0.195851 0.105881 0.0836291 0.592403
0.493241 0.182366 0.082985 0.0828236 0.158584
0.472165 9.9982E-05 0.0974934 9.9982E-05 0.430142
0.500964 0.0612216 0.139735 9.9991E-05 0.297979
0.577056 0.114248 0.0348084 0.165012 0.108876
0.17716 0.270396 9.9991E-05 0.34013 0.212214
9.9982E-05 0.165799 9.9982E-05 0.592902 0.241098
9.9982E-05 0.177554 9.9982E-05 0.506084 0.316162
0.09978 0.335978 0.040486 0.406433 0.117323
0.704666 0.00116263 9.9991E-05 0.0119882 0.282084
0.570276 0.0553391 0.0866418 0.103449 0.184293
0.262339 0.735449 0.00201148 9.9982E-05 9.9982E-05
0.309075 0.525323 0.165402 9.9982E-05 9.9982E-05
0.362532 0.420541 0.189182 0.0165962 0.0111486
0.41646 0.0218479 9.9991E-05 0.0373202 0.524272
0.584912 0.0663283 0.0396857 0.100606 0.208468
0.197263 0.0604263 0.050902 0.0214805 0.669929
0.648538 0.0457422 0.0508159 0.068649 0.186255
0.550114 0.014364 0.075993 9.9991E-05 0.359429
0.614684 0.0761882 9.9991E-05 0.0765564 0.232472
0.294218 9.9991E-05 0.0273926 0.0339482 0.644342
0.631082 0.141602 9.9991E-05 0.0351359 0.19208
0.653471 0.0647576 9.9991E-05 0.097709 0.183962
0.00361521 0.984539 9.9991E-05 0.00198996 0.00975579
0.0376003 0.950013 9.9982E-05 0.0121866 9.9982E-05
0.290392 0.575196 0.080091 0.0519003 0.00242109
0.277875 0.721826 9.9973E-05 9.9973E-05 9.9973E-05
0.130754 0.852645 0.00292371 0.0135771 9.9991E-05
9.997E-05 0.9996 9.997E-05 9.997E-05 9.997E-05
9.9973E-05 0.965116 0.0345841 9.9973E-05 9.9973E-05
0.141392 0.858308 9.9973E-05 9.9973E-05 9.9973E-05
0.0156532 0.94228 0.0418664 9.9982E-05 9.9982E-05
9.997E-05 0.9996 9.997E-05 9.997E-05 9.997E-05
9.997E-05 0.9996 9.997E-05 9.997E-05 9.997E-05
0.186251 0.737697 0.00279875 0.0493667 0.0238864
0.145792 0.844788 9.9982E-05 0.00922041 9.9982E-05
0.0170601 0.98264 9.9973E-05 9.9973E-05 9.9973E-05
0.225021 0.498206 0.108362 0.0269323 0.141479
0.302173 0.62324 9.9982E-05 0.0743869 9.9982E-05
0.177288 0.775098 9.9982E-05 0.0474142 9.9982E-05
0.0803081 0.882571 0.0369209 9.9982E-05 9.9982E-05
9.9973E-05 0.987993 0.0117071 9.9973E-05 9.9973E-05
0.0420634 0.901536 0.0190495 0.0372506 9.9991E-05
9.997E-05 0.9996 9.997E-05 9.997E-05 9.997E-05
0.231598 0.636509 0.0691688 0.0626246 9.9991E-05
0.0084804 0.938365 0.0529542 9.9982E-05 9.9982E-05
9.9982E-05 0.0919026 9.9982E-05 0.361381 0.546517
0.310564 0.155181 0.125294 0.171442 0.237519
0.469423 0.0558059 0.036277 0.257938 0.180556
0.175683 0.136256 9.9991E-05 0.258626 0.429335
0.526902 0.103052 0.0952995 0.175923 0.0988229
0.176762 0.125824 9.9991E-05 0.290135 0.407179
0.484708 0.0649205 0.109374 0.233401 0.107597
0.31502 0.196156 9.9991E-05 0.19732 0.291403
0.402245 0.150215 0.00341365 0.221708 0.222417
0.307453 0.255909 9.9991E-05 0.186331 0.250207
0.409095 0.245638 0.02221 0.186943 0.136113
0.0486565 9.9991E-05 0.0831395 0.861296 0.00680808
9.9982E-05 0.0500033 9.9982E-05 0.91294 0.0368565
9.9973E-05 9.9973E-05 0.0161983 0.983502 9.9973E-05
0.0305965 9.9982E-05 0.0120577 0.957146 9.9982E-05
9.9982E-05 0.0389084 0.0684222 0.892469 9.9982E-05
9.9982E-05 0.0809447 9.9982E-05 0.885789 0.0330668
0.0210487 0.0672563 0.00745966 0.904135 9.9991E-05
0.013731 9.9991E-05 0.0341793 0.910201 0.0417882
0.0596777 9.9982E-05 0.0268834 0.913239 9.9982E-05
9.9982E-05 0.102676 0.0227338 0.87439 9.9982E-05
9.9982E-05 9.9982E-05 0.292679 0.636085 0.0710368
9.9991E-05 0.00253892 0.335153 0.59273 0.0694779
9.9982E-05 9.9982E-05 0.291815 0.577857 0.130129
9.9982E-05 9.9982E-05 0.337373 0.487772 0.174655
0.553606 0.0961366 0.150445 0.0489008 0.150911
0.694766 9.9991E-05 0.122593 0.0407846 0.141756
0.682958 0.0467499 0.199421 0.0036948 0.0671764
0.460404 9.9991E-05 0.329992 0.035819 0.173685
0.172478 0.042915 0.632509 9.9991E-05 0.151998
0.721783 0.0595241 0.0664347 0.0765301 0.0757284
0.684363 0.0269706 0.113597 9.9991E-05 0.174969
0.645525 0.0184417 0.0902031 9.9991E-05 0.24573
0.572036 9.9982E-05 0.0198609 9.9982E-05 0.407904
0.636891 0.0910801 0.0930221 0.0072608 0.171746
0.493946 9.9982E-05 0.176893 9.9982E-05 0.328961
0.0743679 9.9982E-05 0.162401 9.9982E-05 0.763031
0.55193 0.0396198 0.21412 0.0323307 0.161999
0.363538 0.0109686 9.9991E-05 0.0179701 0.607423
0.650969 9.9991E-05 0.0236311 0.0652174 0.260083
0.27385 9.9982E-05 0.251936 9.9982E-05 0.474014
9.9991E-05 0.0166044 0.762259 0.140603 0.0804337
0.141731 9.9991E-05 0.6891 0.115848 0.0532207
0.00280098 9.9991E-05 0.802309 0.0911545 0.103635
9.9982E-05 9.9982E-05 0.778584 0.122375 0.0988411
9.9991E-05 0.0512224 0.828476 0.00206842 0.118134
0.0732328 0.0547452 0.776674 0.0952478 9.9991E-05
0.0716672 0.0472326 9.9982E-05 0.8809 9.9982E-05
0.0588168 0.0713223 0.0916322 0.778129 9.9991E-05
0.0523046 0.182896 0.0110987 0.753601 9.9991E-05
0.0110788 0.1231 0.122573 0.743148 9.9991E-05
0.0647122 0.0935058 0.0457014 0.795981 9.9991E-05
9.9982E-05 9.9982E-05 0.577535 0.384062 0.0382033
9.9982E-05 9.9982E-05 0.334209 0.470821 0.19477
9.9982E-05 9.9982E-05 0.45077 0.438335 0.110695
0.0878876 0.0696008 0.0124385 0.829973 9.9991E-05
9.9982E-05 9.9982E-05 0.526434 0.403646 0.0697195
0.228315 0.4145 0.0300546 0.195277 0.131853
0.589645 0.212647 0.0363461 0.161262 9.9991E-05
0.561443 0.262481 9.9982E-05 0.175876 9.9982E-05
0.404083 0.211807 0.0391814 0.286813 0.0581164
0.564599 0.124862 0.0268764 0.251053 0.0326102
9.9982E-05 0.33337 9.9982E-05 0.474045 0.192385
0.476972 9.9982E-05 0.452842 9.9982E-05 0.0699862
0.312114 0.0719785 0.232954 9.9991E-05 0.382853
0.312843 0.0402187 0.502704 0.0577177 0.0865167
0.488685 0.0382847 0.10639 9.9991E-05 0.366541
9.9973E-05 9.9973E-05 0.201922 9.9973E-05 0.797778
0.500524 0.0649733 0.135943 0.15379 0.14477
0.481447 0.0202597 0.232891 0.0519749 0.213428
0.404123 9.9991E-05 0.458087 0.0398647 0.0978258
0.520905 0.136189 0.23357 0.109236 9.9991E-05
0.197713 9.9982E-05 0.277139 9.9982E-05 0.524948
0.473029 0.065995 0.18299 0.01994 0.258046
0.537686 0.0770946 0.291651 0.00168946 0.0918797
0.445126 0.166672 0.107564 0.158738 0.121901
0.473421 0.0146931 0.244635 9.9991E-05 0.267151
0.576192 0.00803144 0.325701 9.9991E-05 0.0899756
0.605829 0.0528968 0.0611292 0.0110133 0.269131
0.582916 0.0745563 0.217323 0.00802896 0.117176
0.611409 0.200066 0.0948145 9.9991E-05 0.0936101
0.547539 0.171553 0.196333 0.0844744 9.9991E-05
0.459254 0.157726 0.171153 0.0936458 0.118221
0.133785 0.0743674 9.9982E-05 0.791648 9.9982E-05
0.124378 9.9982E-05 9.9982E-05 0.861667 0.0137553
0.0505094 0.0296429 0.0657307 0.772729 0.0813878
0.0799076 0.0192362 0.0208952 0.823309 0.0566523
0.134656 0.0290993 9.9982E-05 0.836045 9.9982E-05
0.149494 0.0913562 0.633008 9.9991E-05 0.126042
0.61772 0.0515417 0.188303 0.0947182 0.0477169
0.335731 0.227719 9.9991E-05 0.23029 0.20616
0.69954 0.0936849 0.170318 0.0146835 0.0217727
0.540232 9.9991E-05 0.257081 0.0987654 0.103822
0.287451 0.130944 0.309129 9.9991E-05 0.272375
0.00622516 9.9991E-05 0.596416 0.15054 0.246719
0.510372 0.0991562 0.337001 0.0129901 0.0404806
0.13897 0.0222757 0.608242 0.129167 0.101346
0.43521 0.115341 0.151175 0.0258937 0.27238
0.133003 0.00596798 0.574986 0.155562 0.13048
0.616569 0.0850365 0.166976 0.131318 9.9991E-05
0.23365 0.0206641 0.551133 0.0840485 0.110504
0.450269 0.0555668 0.242583 0.0203384 0.231243
0.39483 0.13008 0.165027 9.9991E-05 0.309963
0.331734 9.9991E-05 0.120218 0.038173 0.509775
0.560127 0.025434 0.0903805 0.174149 0.149909
0.639315 9.9982E-05 9.9982E-05 0.124572 0.235913
0.458123 9.9991E-05 0.0751262 0.0374449 0.429206
0.345276 0.22054 0.190438 9.9991E-05 0.243646
0.655197 9.9982E-05 9.9982E-05 0.111685 0.232917
0.158175 9.9982E-05 0.0765551 9.9982E-05 0.76507
0.335159 9.9982E-05 9.9982E-05 0.0366259 0.628015
0.568894 0.0250755 0.0845486 0.0628967 0.258586
0.241715 9.9991E-05 0.163527 0.00896234 0.585696
0.598367 9.9991E-05 0.121761 0.0795389 0.200233
0.0535647 0.0895197 0.622527 9.9991E-05 0.234289
0.300633 0.0202498 0.377501 9.9991E-05 0.301516
0.391205 0.106088 0.431625 0.0218478 0.049235
0.697517 0.0528747 0.20549 0.0341132 0.0100052
0.271289 0.0647805 0.575926 9.9991E-05 0.0879042
0.510513 0.151014 0.11253 0.0753846 0.150558
0.494811 0.158999 0.244029 0.0249437 0.0772172
0.483095 0.13521 0.303896 9.9991E-05 0.0776988
0.434177 0.155527 0.281721 0.00631616 0.122258
0.469135 0.0958058 0.339151 9.9991E-05 0.0958079
0.25122 0.0950328 0.596706 9.9991E-05 0.0569415
0.337973 0.142941 0.47663 9.9991E-05 0.0423562
0.61641 0.0738419 0.277304 9.9991E-05 0.0323442
0.557834 0.0921394 0.208492 0.0140128 0.127522
0.473041 9.9991E-05 0.249703 0.066963 0.210192
0.495749 0.139718 0.233208 9.9991E-05 0.131225
0.350011 0.117414 0.397645 0.013409 0.121521
0.580553 0.110886 0.284495 9.9991E-05 0.023966
0.591043 0.0767463 0.306317 0.0257936 9.9991E-05
0.463588 0.200593 0.19172 0.0461405 0.0979584
0.415718 0.155583 0.0739477 0.354652 9.9991E-05
0.537945 0.216778 0.00234615 0.160315 0.0826166
0.39373 0.317765 0.17296 0.0824022 0.0331423
0.578925 0.176925 0.0811972 0.0503578 0.112595
0.557778 0.242077 9.9991E-05 0.196091 0.00395433
0.479025 0.0673178 0.211623 9.9991E-05 0.241934
0.532103 0.121217 0.0884372 0.238638 0.0196044
9.9982E-05 0.187169 9.9982E-05 0.271469 0.541161
0.499053 0.189939 0.151015 0.0846956 0.0752979
0.566318 0.216971 0.0375191 0.11632 0.0628718
0.485949 0.235037 0.162229 0.033563 0.0832218
0.295624 0.166643 0.0780165 0.211928 0.247788
0.554551 0.105558 9.9991E-05 0.179055 0.160736
0.60572 0.23119 9.9991E-05 0.134583 0.0284076
9.9982E-05 0.195423 9.9982E-05 0.543936 0.26044
0.522899 0.26453 0.0652528 0.147218 9.9991E-05
0.504126 0.257353 0.00309804 0.168681 0.0667421
0.547547 0.167751 0.0162513 0.137592 0.130859
0.604536 0.220745 9.9991E-05 0.166672 0.0079462
0.501165 0.172939 0.0559687 0.145189 0.124738
0.495147 0.0533939 0.0315104 0.0633197 0.356629
0.513141 0.111104 0.0506119 0.0758099 0.249333
0.150931 9.9982E-05 0.113346 9.9982E-05 0.735522
0.0809278 9.9991E-05 0.0799918 0.0142627 0.824718
0.406066 0.194188 0.0694959 0.00777186 0.322478
0.411525 0.344031 0.0796635 0.0993396 0.0654414
0.312709 0.392659 9.9991E-05 0.1204 0.174132
0.191793 0.279036 9.9991E-05 0.28421 0.24486
0.320342 0.296041 9.9991E-05 0.212953 0.170564
0.0855976 0.150018 9.9991E-05 0.103643 0.660642
0.172352 0.180876 9.9991E-05 0.106162 0.540509
0.537825 0.147962 0.0358395 0.0126768 0.265696
0.561097 0.133549 0.00986233 0.0666522 0.22884
0.217441 0.173711 0.0442763 0.0790654 0.485507
0.543694 0.159722 0.0882577 0.0954907 0.112836
0.490483 0.18637 0.0266995 0.0174866 0.278961
0.406594 0.189367 0.102203 0.093574 0.208262
0.419851 9.9982E-05 0.1179 9.9982E-05 0.462049
0.424964 0.0603619 0.120075 9.9991E-05 0.394499
0.483598 0.110796 9.9991E-05 0.104022 0.301484
0.537239 0.0151625 0.142714 0.0749286 0.229955
0.419116 0.175972 0.100741 0.057207 0.246964
0.577932 9.9991E-05 0.012968 0.0256677 0.383332
0.343722 9.9982E-05 0.093042 9.9982E-05 0.563036
0.643676 0.0394736 9.9991E-05 0.0380477 0.278702
0.335569 0.00331196 0.0790951 0.00586066 0.576163
0.485897 0.0436511 9.9991E-05 0.00695015 0.463401
0.681776 0.0322136 0.0298315 0.110406 0.145772
0.541445 9.9991E-05 0.0625577 0.0469095 0.348988
0.521932 0.178754 9.9991E-05 0.150569 0.148645
0.36333 0.137857 0.0460589 0.226775 0.225979
0.345705 0.311078 0.0096532 0.173011 0.160553
0.254304 0.254058 0.146435 0.19905 0.146152
0.525503 0.213155 0.070316 0.144859 0.046167
0.43043 0.212862 0.016315 0.114379 0.226015
9.9991E-05 0.208042 0.00963444 0.179407 0.602817
0.541925 0.313555 0.116853 0.0275674 9.9991E-05
9.9982E-05 0.19969 9.9982E-05 0.397779 0.402331
0.569201 0.21941 9.9991E-05 0.0582598 0.153029
0.258318 9.9973E-05 9.9973E-05 9.9973E-05 0.741382
9.9982E-05 0.0442371 0.0464104 9.9982E-05 0.909153
0.564872 0.0164539 0.0722085 9.9991E-05 0.346366
0.712193 0.0409565 9.9991E-05 0.0381608 0.20859
0.485921 9.9982E-05 0.0208206 9.9982E-05 0.493058
0.564404 0.045728 9.9982E-05 9.9982E-05 0.389668
0.70018 0.000270724 9.9982E-05 9.9982E-05 0.299349
0.0705647 0.0675268 0.0268495 0.808284 0.0267745
9.9982E-05 0.12187 0.141671 0.736259 9.9982E-05
9.9982E-05 0.0524549 0.0232303 0.924115 9.9982E-05
0.0393448 9.9973E-05 9.9973E-05 0.960355 9.9973E-05
0.67448 9.9991E-05 0.00431554 0.0637855 0.257319
0.653083 0.0219325 0.0650615 0.0636345 0.196288
0.693717 9.9982E-05 0.141567 9.9982E-05 0.164516
0.747025 9.9982E-05 9.9982E-05 0.041912 0.210863
0.613202 0.0645142 0.117456 0.103683 0.101145
0.424739 9.9982E-05 0.13598 9.9982E-05 0.439082
0.831931 0.0070653 0.031276 9.9991E-05 0.129628
0.56511 9.9973E-05 9.9973E-05 9.9973E-05 0.43459
0.50408 0.253376 0.0610923 0.181351 9.9991E-05
0.562135 0.0357133 0.0676979 9.9991E-05 0.334354
0.496029 9.9982E-05 0.136995 9.9982E-05 0.366776
0.722108 9.9982E-05 0.0531095 9.9982E-05 0.224582
0.541283 9.9982E-05 0.184533 9.9982E-05 0.273984
0.665295 0.0134396 9.9982E-05 9.9982E-05 0.321066
0.717494 9.9991E-05 0.0364464 0.0663332 0.179626
0.357454 9.9973E-05 9.9973E-05 9.9973E-05 0.642246
0.4254 9.9991E-05 0.0591796 0.00429921 0.511021
0.453116 0.00114974 0.105856 0.0199135 0.419965
0.0816232 9.9973E-05 9.9973E-05 9.9973E-05 0.918077
0.519887 0.0571958 0.197326 9.9991E-05 0.225491
0.297487 9.9973E-05 9.9973E-05 9.9973E-05 0.702213
0.048365 9.9982E-05 0.0715884 9.9982E-05 0.879847
0.713871 0.0165021 9.9982E-05 9.9982E-05 0.269427
0.420411 9.9982E-05 0.193793 9.9982E-05 0.385595
0.570922 9.9991E-05 0.176209 0.00337221 0.249397
0.670887 0.0322742 9.9991E-05 0.129182 0.167557
0.70957 9.9991E-05 0.110296 0.0013103 0.178724
0.325828 0.111821 0.322373 9.9991E-05 0.239879
0.712408 0.016276 0.0858134 0.0319491 0.153554
0.564655 0.0511171 0.18163 9.9991E-05 0.202498
0.479729 9.9982E-05 0.0419013 9.9982E-05 0.47817
0.581995 0.0921997 0.00883737 0.12505 0.191918
9.9991E-05 0.000565648 0.253105 0.680451 0.0657786
0.0561142 0.00142132 0.0752145 0.78439 0.0828599
9.9982E-05 9.9982E-05 0.131205 0.825518 0.0430767
9.9982E-05 9.9982E-05 0.101766 0.835061 0.062973
0.0394269 9.9982E-05 0.216033 0.74434 9.9982E-05
0.318577 9.9991E-05 0.254425 0.0179731 0.408925
0.295947 9.9982E-05 0.169819 9.9982E-05 0.534034
0.369992 9.9973E-05 9.9973E-05 9.9973E-05 0.629708
0.6037 0.107931 0.0576195 0.101744 0.129004
0.605556 0.105833 0.0299535 0.102502 0.156157
0.487882 0.0235855 9.9991E-05 0.0509672 0.437465
0.685346 0.0737841 0.0218361 0.000950082 0.218084
0.575074 9.9982E-05 9.9982E-05 0.0500938 0.374632
0.648874 0.00362594 0.182719 9.9991E-05 0.16468
0.759197 0.0255798 0.0703092 0.00062929 0.144285
0.416615 0.00829518 0.220771 9.9991E-05 0.354219
0.577115 9.9982E-05 0.176877 9.9982E-05 0.245808
0.521456 9.9982E-05 0.232415 9.9982E-05 0.245929
0.70192 0.0200574 0.0242789 0.138142 0.115602
0.547762 9.9991E-05 0.116465 0.0201622 0.31551
0.55872 9.9982E-05 0.115501 9.9982E-05 0.325579
0.336613 0.497929 9.9991E-05 0.0658105 0.099547
0.363924 0.534264 0.0202377 0.0814745 9.9991E-05
0.413746 0.445697 9.9982E-05 0.140357 9.9982E-05
0.318918 0.55958 9.9982E-05 0.121302 9.9982E-05
0.540729 0.263472 0.0436159 0.152082 9.9991E-05
0.588178 0.120549 9.9991E-05 0.0054753 0.285697
0.0343177 0.701819 9.9982E-05 0.263663 9.9982E-05
0.273756 0.53518 9.9982E-05 0.190863 9.9982E-05
0.43998 0.189014 9.9991E-05 0.146486 0.22442
0.564396 0.0604268 0.0475864 0.171942 0.15565
0.524589 0.0380388 0.0561355 0.177087 0.20415
0.581262 0.0828692 9.9991E-05 0.159947 0.175822
0.61283 0.0556581 0.101261 0.174199 0.0560528
0.308392 0.487098 9.9982E-05 0.20431 9.9982E-05
0.452879 0.311132 0.120975 0.114914 9.9991E-05
0.37434 0.522555 9.9982E-05 0.102905 9.9982E-05
0.377002 0.355338 0.0739563 0.107685 0.0860188
0.311251 0.574888 9.9982E-05 0.113661 9.9982E-05
0.418878 0.311967 9.9991E-05 0.153225 0.11583
0.240409 0.552759 9.9991E-05 0.128668 0.0780636
0.366287 0.474095 0.0572326 0.0429396 0.0594463
0.602202 9.9991E-05 0.0476043 0.169303 0.180791
0.466155 0.270064 0.0300591 0.233622 9.9991E-05
0.18885 0.646405 9.9982E-05 0.164544 9.9982E-05
0.38757 0.318488 9.9991E-05 0.168898 0.124945
0.242963 9.9991E-05 0.306893 0.216323 0.233721
0.582923 0.120494 0.00806839 0.0668786 0.221637
0.383263 0.27078 0.0454581 0.243798 0.0567015
0.602068 0.0599179 0.0987333 0.1858 0.0534808
0.579773 0.0405996 0.0410463 0.162735 0.175846
0.427469 0.260665 0.0415189 0.121933 0.148414
0.328067 0.30276 9.9991E-05 0.279008 0.090065
0.618614 0.0895421 0.075646 0.105595 0.110603
0.388751 0.368295 9.9991E-05 0.202326 0.0405282
0.29522 0.475316 0.0678071 0.152827 0.00882993
0.157579 0.642579 9.9982E-05 0.199643 9.9982E-05
0.554779 0.146637 0.0342865 0.132324 0.131974
0.503254 9.9991E-05 0.15359 0.145571 0.197485
0.217106 0.0630819 9.9991E-05 0.172964 0.546748
0.548023 0.172996 0.0981241 0.0979279 0.0829299
0.441233 0.0913647 0.229801 0.119283 0.118318
0.461735 0.202473 9.9991E-05 0.209532 0.12616
0.48479 0.162502 0.0504873 0.097355 0.204866
9.9982E-05 0.22682 9.9982E-05 0.349402 0.423578
9.9982E-05 0.136714 9.9982E-05 0.364775 0.498311
0.331327 0.110278 0.0532578 0.225218 0.27992
9.9982E-05 0.254863 9.9982E-05 0.376728 0.36821
9.9982E-05 0.246384 9.9982E-05 0.447801 0.305615
0.32015 0.182308 0.0238974 0.128974 0.344671
0.280505 0.231367 0.0497191 0.196304 0.242105
0.116222 0.282399 9.9991E-05 0.317729 0.28355
0.0528578 0.216908 9.9991E-05 0.334269 0.395865
0.469695 0.153113 0.052063 0.190409 0.134721
0.165631 0.139521 9.9991E-05 0.230671 0.464077
9.9982E-05 0.0779302 9.9982E-05 0.515347 0.406523
0.610125 0.150942 0.0160138 0.182898 0.0400213
0.239582 0.353773 0.0911661 0.176287 0.139192
0.408589 0.21564 9.9991E-05 0.335685 0.0399861
0.570144 0.266985 9.9982E-05 0.162671 9.9982E-05
0.580824 0.169677 0.0272168 0.220425 0.00185737
0.544317 0.266101 0.0562178 0.133264 9.9991E-05
0.315505 0.241691 0.10186 0.340845 9.9991E-05
0.453574 0.235102 0.0185629 0.239737 0.0530241
0.481468 0.296542 9.9982E-05 0.22179 9.9982E-05
0.283377 0.28499 0.0402389 0.29201 0.0993837
0.406943 0.093372 0.148991 0.153875 0.19682
0.546484 0.147568 0.133561 0.171137 0.00124999
0.689763 0.112758 9.9991E-05 0.135988 0.0613913
0.623584 0.1491 9.9991E-05 0.182337 0.0448787
0.328902 0.331942 0.058474 0.273009 0.00767286
0.500092 0.179669 0.0867816 0.223778 0.00967941
0.119259 0.269812 9.9991E-05 0.4037 0.207129
0.572039 0.180898 0.040835 0.206129 9.9991E-05
0.14488 0.403967 9.9991E-05 0.28203 0.169023
0.00396259 9.9991E-05 0.114894 0.789983 0.0910613
0.0616103 0.010065 0.753788 0.0767454 0.0977911
9.997E-05 9.997E-05 0.9996 9.997E-05 9.997E-05
9.9973E-05 9.9973E-05 0.9931 0.0066005 9.9973E-05
9.997E-05 9.997E-05 0.9996 9.997E-05 9.997E-05
9.9973E-05 0.042296 0.957404 9.9973E-05 9.9973E-05
0.0399419 9.9973E-05 0.959758 9.9973E-05 9.9973E-05
9.9973E-05 9.9973E-05 0.997248 0.00245221 9.9973E-05
9.9982E-05 0.0090015 0.815694 0.175104 9.9982E-05
9.9982E-05 0.0495875 0.0367572 0.913455 9.9982E-05
0.0473515 9.9982E-05 0.109231 0.843217 9.9982E-05
0.0408059 0.0472969 9.9991E-05 0.883563 0.0282337
0.0323436 9.9991E-05 0.100407 0.85531 0.0118392
0.0443126 0.0402489 0.0658548 0.849484 9.9991E-05
9.9982E-05 0.0209372 0.0830679 0.895795 9.9982E-05
9.9982E-05 0.1367 0.0540662 0.809034 9.9982E-05
0.0590395 0.058754 9.9982E-05 0.882007 9.9982E-05
0.0836836 0.0608234 0.103615 0.73383 0.0180479
9.9982E-05 0.0885939 9.9982E-05 0.910702 0.000504124
9.9973E-05 9.9973E-05 9.9973E-05 0.979567 0.0201333
0.0158222 0.0703389 0.0110675 0.849882 0.052889
9.9973E-05 9.9973E-05 0.0145912 0.985109 9.9973E-05
0.0507846 0.0326734 9.9982E-05 0.916342 9.9982E-05
0.0972933 0.0186264 0.0229714 0.861009 9.9991E-05
0.118793 0.00841992 9.9982E-05 0.872588 9.9982E-05
0.0635816 0.150385 9.9982E-05 0.785833 9.9982E-05
0.122196 0.0834233 9.9982E-05 0.794181 9.9982E-05
0.164245 0.0183683 9.9982E-05 0.817187 9.9982E-05
0.461262 0.0260528 0.0822681 0.207143 0.223274
0.688847 9.9991E-05 0.0208056 0.103987 0.18626
0.611836 0.0723148 0.0424332 0.115528 0.157888
0.136368 0.0533847 9.9991E-05 0.0868121 0.723335
0.636798 9.9991E-05 0.134065 0.169727 0.0593095
0.188383 0.00623588 9.9991E-05 0.223514 0.581768
0.631903 0.0147683 0.00853833 0.158684 0.186106
0.478755 0.0247889 0.0853577 0.115011 0.296087
0.618617 9.9991E-05 0.196364 0.132612 0.0523074
0.635212 0.0161043 0.101683 0.0603833 0.186617
0.526978 9.9991E-05 0.0667736 0.147967 0.258182
0.686088 9.9991E-05 0.0279662 0.165017 0.120829
0.649657 0.00374419 0.0891775 0.150802 0.106619
0.0658929 0.065017 0.472885 9.9991E-05 0.396105
9.9982E-05 9.9982E-05 0.0409341 0.12641 0.832456
0.210431 0.0364849 0.070089 0.134763 0.548232
0.711626 0.0148123 0.104653 0.116944 0.0519652
0.5959 9.9991E-05 0.050293 0.143346 0.210361
0.611522 0.0213543 9.9991E-05 0.154588 0.212436
0.684995 0.0271603 0.0785787 0.0478648 0.161401
0.526175 0.181561 0.0401727 0.251991 9.9991E-05
0.591849 0.146156 0.148895 0.113 9.9991E-05
0.193786 0.144372 0.130398 0.429509 0.101935
0.708932 9.9991E-05 0.00190089 0.174414 0.114653
0.427919 0.174561 0.155065 0.207497 0.0349585
9.9982E-05 0.195752 9.9982E-05 0.463815 0.340232
0.350978 0.217281 9.9991E-05 0.31666 0.114981
0.307033 0.183232 0.0175349 0.396852 0.095348
0.415068 0.117292 0.173315 0.294226 9.9991E-05
0.498919 0.236912 0.0973774 0.166692 9.9991E-05
0.523644 0.166131 0.0201239 0.238909 0.0511922
0.637143 0.176086 9.9982E-05 0.186572 9.9982E-05
0.406726 0.181071 0.0137257 0.201398 0.19708
0.285416 0.182593 0.0193917 0.481637 0.0309624
