0.0282201 0.0401086 0.924052 0.00751925 9.9991E-05
9.9973E-05 0.0664156 0.933284 9.9973E-05 9.9973E-05
0.131453 0.0251326 0.832259 0.0110556 9.9991E-05
0.0260671 0.0875481 0.830951 0.0553334 9.9991E-05
0.0802461 9.9982E-05 0.905675 0.0138791 9.9982E-05
0.0197231 0.11246 0.608391 0.0956699 0.163756
9.9991E-05 0.0586035 0.856815 0.0354606 0.0490213
9.999E-05 0.156534 0.763966 0.0370052 0.0423938
9.9982E-05 0.084353 0.85547 9.9982E-05 0.0599766
9.999E-05 0.0181049 0.702872 0.137128 0.141795
0.0188355 0.109043 0.786938 9.9991E-05 0.0850828
0.224896 0.563641 9.9991E-05 0.0920755 0.119288
0.603759 0.308538 0.00766485 0.0799381 9.9991E-05
0.272382 0.419223 0.0232075 0.107902 0.177286
0.314845 0.386019 0.00597157 0.172164 0.121001
0.362973 0.276908 0.0854115 0.137622 0.137085
0.538733 0.197658 0.0477066 0.184199 0.031704
0.467322 0.320087 9.9991E-05 0.0857594 0.126732
0.403853 0.361859 0.0834101 0.0914935 0.0593838
0.0477108 0.677871 9.9991E-05 0.0908497 0.183468
0.416402 0.310929 0.00122686 0.10543 0.166012
0.568921 0.160699 0.00137283 0.0354277 0.233578
0.591496 0.238579 0.067281 0.0715263 0.0311177
0.299518 0.386677 9.9991E-05 0.132373 0.181333
0.622592 0.135568 0.0431606 0.111331 0.0873476
0.526868 0.276096 9.9991E-05 0.125149 0.0717878
0.167407 0.574444 0.0590673 0.125807 0.0732747
0.255009 0.430679 0.0185682 0.192168 0.103576
0.282049 0.475563 9.9991E-05 0.0269089 0.21538
0.103646 9.9982E-05 0.831769 0.0643848 9.9982E-05
0.1436 9.9973E-05 0.8561 9.9973E-05 9.9973E-05
0.120493 0.0162536 0.82263 0.040524 9.9991E-05
0.180195 9.9982E-05 0.755128 0.0644769 9.9982E-05
0.654653 0.157716 0.0424265 0.0231679 0.122036
0.584389 0.120317 0.0294702 0.092099 0.173725
0.653724 0.096712 0.0125123 0.0378218 0.19923
0.232543 0.633394 0.114853 0.00870956 0.0105005
0.504646 0.116108 0.0103151 9.9991E-05 0.368832
0.53422 0.204322 0.0882686 0.0591062 0.114083
0.735264 9.9991E-05 0.0318768 0.00862214 0.224137
0.63824 0.146635 0.164159 9.9991E-05 0.0508665
0.695608 0.102211 0.142049 9.9991E-05 0.0600318
0.26819 0.287382 0.0121759 9.9991E-05 0.432153
0.629491 0.0584564 0.096748 0.0579471 0.157358
0.570029 0.0562579 0.0398971 0.131186 0.20263
0.580595 0.0495745 0.159082 0.0691739 0.141575
0.522432 9.9973E-05 9.9973E-05 9.9973E-05 0.477268
0.683786 0.0621646 0.0216835 9.9991E-05 0.232266
0.679125 0.0552592 0.0548801 0.0716346 0.139101
0.0290942 0.0507011 0.100592 9.9991E-05 0.819512
0.269113 0.526707 9.9982E-05 9.9982E-05 0.20398
0.0940893 0.278076 0.0467041 0.0405459 0.540585
0.525797 0.1746 0.0515788 0.168717 0.0793073
0.684672 0.0400291 0.158234 0.0275695 0.0894962
0.643283 9.9991E-05 0.104997 0.114288 0.137332
0.232964 0.444645 0.0831914 9.9991E-05 0.2391
0.653218 0.247347 9.9991E-05 0.0395058 0.0598289
0.528323 0.0918111 0.0572237 0.171397 0.151246
0.381031 0.324977 0.137825 0.00984875 0.146318
0.0626773 0.373661 0.17592 0.114342 0.2734
0.617136 0.143856 0.0938833 0.0757009 0.0694236
0.36024 0.337294 0.0661608 0.11013 0.126175
0.0579087 0.59563 0.0467064 9.9991E-05 0.299655
0.577994 0.254666 9.9991E-05 0.0280768 0.139163
0.694585 0.107596 0.0184014 0.031785 0.147632
0.612277 0.176065 0.0197096 0.0650868 0.126861
0.303754 0.317719 0.0688107 0.0752651 0.234452
0.479936 0.201257 0.0209681 0.100939 0.1969
0.658218 0.215856 0.110942 0.0148845 9.9991E-05
0.243337 0.439485 0.0505043 9.9991E-05 0.266574
0.627798 0.0919029 9.9982E-05 9.9982E-05 0.280099
0.371205 0.204315 9.9982E-05 9.9982E-05 0.42428
0.600049 0.191356 0.108671 0.00976013 0.090164
0.143013 0.0570133 9.9982E-05 9.9982E-05 0.799774
0.11548 0.117609 9.9982E-05 9.9982E-05 0.76671
0.471019 0.0442485 9.9982E-05 9.9982E-05 0.484532
0.625208 0.15085 9.9982E-05 9.9982E-05 0.223742
0.576822 0.143793 0.160416 0.0931842 0.0257852
0.555489 0.12444 0.0189488 0.0578112 0.243312
0.358976 0.256571 0.00352913 9.9991E-05 0.380825
0.403274 0.313321 0.0340188 9.9991E-05 0.249286
0.639163 0.129926 0.0889367 9.9991E-05 0.141874
0.44486 0.164345 9.9982E-05 9.9982E-05 0.390595
0.575558 0.0700216 0.0077705 9.9991E-05 0.34655
0.551998 0.0519414 9.9982E-05 9.9982E-05 0.395861
0.162591 0.0604411 9.9982E-05 9.9982E-05 0.776768
0.64688 0.121187 9.9991E-05 0.11623 0.115604
0.0846825 0.0535637 0.814148 0.047506 9.9991E-05
0.0927991 9.9973E-05 0.906901 9.9973E-05 9.9973E-05
0.0650035 9.9982E-05 0.86938 0.065417 9.9982E-05
0.0175886 9.9991E-05 0.910214 0.0670241 0.00507376
0.0857004 9.9982E-05 0.902466 0.0116341 9.9982E-05
0.0368304 0.0101971 0.917857 0.0299808 0.00513453
0.0387259 9.9982E-05 0.941549 0.0195253 9.9982E-05
0.650883 0.0400818 0.119236 0.0183967 0.171402
0.713014 0.200602 0.034117 0.0222778 0.029989
0.235431 0.205245 9.9982E-05 9.9982E-05 0.559124
0.608525 0.113801 0.112929 0.0452424 0.119502
0.572524 0.177628 9.9991E-05 0.0197289 0.230019
0.711919 0.00992015 0.0716464 9.9991E-05 0.206414
0.674622 0.0598711 0.00566723 9.9991E-05 0.259739
0.623371 9.9991E-05 0.0302963 0.0437809 0.302452
0.0777473 0.329733 0.0485736 9.9991E-05 0.543846
0.645114 0.0567485 0.151055 0.0597033 0.0873798
0.718016 0.0433361 0.0796725 0.0925769 0.0663988
0.529564 0.111281 0.103488 0.10341 0.152256
0.420727 0.0179333 9.9982E-05 9.9982E-05 0.56114
0.609584 9.9982E-05 9.9982E-05 0.0455673 0.344648
0.592824 0.194203 0.00171263 9.9991E-05 0.21116
0.535771 0.0667889 9.9991E-05 0.0222772 0.375063
0.540841 0.238462 0.000166434 9.9991E-05 0.220431
0.648569 0.0181854 0.116789 0.0631783 0.153278
0.229369 0.355598 0.0554152 0.0436273 0.315991
0.514688 0.271604 0.0979206 0.0498685 0.0659192
0.519498 0.187369 0.142978 0.0988041 0.0513518
0.601012 0.165861 0.0104902 0.12017 0.102467
0.529065 0.343794 0.093985 9.9991E-05 0.0330567
0.694887 0.265145 0.0196022 0.0172065 0.0031593
0.506144 0.442342 0.000506678 0.0509073 9.9991E-05
0.53257 0.220188 0.0334185 0.0890117 0.124812
0.612803 0.162016 0.0401932 0.0608074 0.124181
0.653901 0.196212 0.0164705 0.0196192 0.113797
0.57872 0.383076 9.9982E-05 9.9982E-05 0.0380046
0.642585 0.135727 0.0801193 0.114435 0.0271333
0.564405 0.158525 0.114439 0.159475 0.00315547
0.606703 0.289026 9.9991E-05 0.0693133 0.0348584
0.598876 0.168061 0.0610794 0.0770574 0.0949261
0.57012 0.208922 9.9991E-05 0.0994779 0.121381
0.375917 0.321228 0.109467 0.0802836 0.113105
0.640094 0.247494 0.0039224 0.10839 9.9991E-05
0.71274 0.0586998 0.0684705 0.0558952 0.104195
0.271878 0.479764 0.0224703 0.102961 0.122927
0.231968 0.253254 0.0258519 0.0527308 0.436196
0.54344 0.299621 0.0235731 0.0933129 0.0400531
0.0674737 0.341917 9.9991E-05 0.0883139 0.502196
0.322595 0.506707 0.00889465 0.0125877 0.149215
0.497353 0.36368 9.9982E-05 9.9982E-05 0.138767
0.403126 0.444979 0.030036 9.9991E-05 0.121759
0.344163 0.510261 9.9991E-05 0.0454807 0.0999946
0.654778 0.115337 0.0916465 0.029665 0.108573
0.684184 0.114607 0.114579 0.0452738 0.041356
0.513474 0.318998 0.0202402 0.0845037 0.0627845
0.21668 0.400012 9.9991E-05 0.0501398 0.333068
0.56802 0.0451675 0.254848 9.9991E-05 0.131865
0.447728 0.104666 0.0116067 0.126012 0.309987
0.0521002 0.15766 0.182702 0.00726031 0.600278
0.651676 0.00330046 0.173413 0.0451405 0.12647
0.405686 0.00551412 0.177076 0.0102498 0.401474
0.585833 0.0732768 0.125459 0.0683124 0.147119
0.286742 0.0524214 0.148704 0.0506833 0.461449
0.230362 0.143731 0.149914 9.9991E-05 0.475893
0.519865 0.150661 0.0370023 9.9991E-05 0.292372
0.586295 9.9991E-05 0.18807 0.024333 0.201203
0.432096 0.116785 0.152577 0.0972686 0.201273
9.9991E-05 0.142739 0.0702373 0.20623 0.580694
0.448156 0.162224 0.083754 0.145651 0.160215
0.443713 0.149304 9.9982E-05 9.9982E-05 0.406783
0.522016 0.164801 9.9991E-05 0.0481797 0.264903
0.630434 0.0146302 0.0771265 0.068537 0.209272
0.123337 9.9991E-05 0.360876 0.284479 0.231208
9.9982E-05 9.9982E-05 0.591855 0.173187 0.234758
9.9982E-05 9.9982E-05 0.499494 0.189683 0.310622
0.0237678 0.0857553 0.400038 0.368876 0.121563
0.76631 9.9982E-05 0.00105043 9.9982E-05 0.23244
0.583489 9.9991E-05 0.121014 0.0336633 0.261734
0.325016 0.029551 9.9982E-05 0.645233 9.9982E-05
0.362346 0.0876428 0.0809271 0.468984 9.9991E-05
0.444941 0.0696602 0.0545531 0.385822 0.0450231
0.335168 0.0233032 0.0275596 0.0550912 0.558878
0.550846 0.0575694 0.0847921 0.0652259 0.241566
0.241512 0.0376376 0.0217494 0.0508368 0.648264
0.601523 0.036871 9.9991E-05 0.087671 0.273835
0.574218 0.0471108 0.0456454 0.00558442 0.327442
0.591147 9.9991E-05 0.0013274 0.112073 0.295353
0.231268 9.9991E-05 0.0185307 0.0484813 0.70162
0.631884 0.0592361 0.0304953 0.133149 0.145236
0.600618 0.045093 0.034669 0.0374731 0.282147
9.997E-05 9.997E-05 9.997E-05 0.9996 9.997E-05
0.0324008 0.021314 9.9982E-05 0.946085 9.9982E-05
0.303443 0.0581158 0.0599268 0.578414 9.9991E-05
0.305314 9.9982E-05 0.0169137 0.677572 9.9982E-05
0.0620172 0.0567028 9.9982E-05 0.88108 9.9982E-05
9.997E-05 9.997E-05 9.997E-05 0.9996 9.997E-05
9.9973E-05 0.0317292 9.9973E-05 0.967971 9.9973E-05
0.100191 9.9973E-05 9.9973E-05 0.899509 9.9973E-05
0.0668748 0.0194813 9.9982E-05 0.913444 9.9982E-05
9.997E-05 9.997E-05 9.997E-05 0.9996 9.997E-05
9.997E-05 9.997E-05 9.997E-05 0.9996 9.997E-05
0.183663 0.042669 0.033502 0.740066 9.9991E-05
0.160468 0.00182445 0.0419266 0.795681 9.9991E-05
9.997E-05 9.997E-05 9.997E-05 0.9996 9.997E-05
0.299983 0.113232 0.0649188 0.458505 0.0633615
0.260704 0.024392 0.0794415 0.635362 9.9991E-05
0.132629 0.032997 0.0239328 0.810341 9.9991E-05
0.1121 0.0137185 9.9982E-05 0.873981 9.9982E-05
0.0549325 9.9973E-05 9.9973E-05 0.944768 9.9973E-05
0.0332519 9.9982E-05 0.0873685 0.87918 9.9982E-05
9.997E-05 9.997E-05 9.997E-05 0.9996 9.997E-05
0.210766 0.000827183 0.0507895 0.657776 0.0798416
0.0439187 0.0503882 9.9982E-05 0.905493 9.9982E-05
9.9982E-05 9.9982E-05 0.436035 0.0479012 0.515864
0.438994 0.158411 0.172571 0.0838307 0.146194
0.439842 0.0136417 0.290686 0.0790985 0.176732
0.221818 9.9991E-05 0.280813 0.11242 0.384849
0.410278 0.0673882 0.152689 0.161282 0.208363
0.200804 9.9991E-05 0.277477 0.136714 0.384905
0.503333 0.132789 0.196817 0.0617389 0.105321
0.368994 9.9991E-05 0.153126 0.202699 0.27508
0.458192 0.0567407 0.137336 0.119913 0.227818
0.364946 9.9991E-05 0.176856 0.168675 0.289423
0.478659 0.0396293 0.196114 0.162137 0.12346
0.0615057 0.0787768 0.841363 9.9991E-05 0.0182543
0.0158651 9.9991E-05 0.928625 0.0396281 0.015782
9.9973E-05 0.0379149 0.961785 9.9973E-05 9.9973E-05
0.024599 9.9973E-05 0.975101 9.9973E-05 9.9973E-05
0.00430006 0.0321319 0.916098 0.0473702 9.9991E-05
9.9982E-05 9.9982E-05 0.932955 0.0519327 0.0149122
0.0287479 9.9982E-05 0.902211 0.0688412 9.9982E-05
0.0312951 0.0334994 0.91458 9.9991E-05 0.020526
0.0398475 9.9991E-05 0.921847 0.0134096 0.0247959
0.0268857 0.0169309 0.879444 0.0766399 9.9991E-05
9.9982E-05 0.261437 0.630833 9.9982E-05 0.10753
9.9982E-05 0.367139 0.588763 9.9982E-05 0.0438983
9.9982E-05 0.282713 0.540403 9.9982E-05 0.176685
9.9982E-05 0.377498 0.513993 9.9982E-05 0.108309
0.613181 0.151613 0.0387778 0.00396241 0.192466
0.58319 0.159014 0.0327936 0.0493255 0.175677
0.563786 0.160296 0.00212473 0.157805 0.115989
0.508498 0.292467 0.0647558 9.9991E-05 0.134179
0.239823 0.646475 9.9982E-05 9.9982E-05 0.113502
0.661335 0.0931805 0.00127704 0.0808606 0.163347
0.669508 0.107338 9.9991E-05 0.0330343 0.19002
0.624279 0.128648 9.9982E-05 9.9982E-05 0.246873
0.5527 0.0222699 9.9991E-05 0.0172887 0.407642
0.644544 0.180734 0.0743818 0.0699302 0.0304092
0.533968 0.278302 9.9982E-05 9.9982E-05 0.18753
0.0336605 0.12978 9.9982E-05 9.9982E-05 0.83636
0.608665 0.20488 0.0285039 0.0263768 0.131574
0.375178 0.0442345 0.0169186 9.9991E-05 0.563569
0.647275 0.0929436 9.9991E-05 0.0051941 0.254488
0.250978 0.318807 0.000292529 9.9991E-05 0.429823
9.9982E-05 0.772289 0.11458 9.9982E-05 0.112931
0.0660962 0.739326 0.123617 9.9991E-05 0.0708609
9.9982E-05 0.895205 0.0549818 9.9982E-05 0.0496128
9.9982E-05 0.804843 0.12334 9.9982E-05 0.0716171
0.0195529 0.85194 9.9991E-05 0.0606711 0.0677359
0.0109417 0.76397 0.0626002 0.117348 0.0451402
0.077394 9.9982E-05 0.904314 0.0180922 9.9982E-05
0.0259426 0.0985603 0.838503 0.0368936 9.9991E-05
0.13327 0.0178601 0.754205 0.0945648 9.9991E-05
0.0193495 0.125121 0.715066 0.140363 9.9991E-05
0.0809628 0.0629245 0.76681 0.0892023 9.9991E-05
9.9982E-05 0.536521 0.396459 9.9982E-05 0.0668204
9.9982E-05 0.414861 0.477263 9.9982E-05 0.107676
9.9982E-05 0.448653 0.452943 9.9982E-05 0.098204
0.158571 9.9982E-05 0.830667 0.0105621 9.9982E-05
9.9982E-05 0.503018 0.414913 9.9982E-05 0.0818693
0.26491 9.9991E-05 0.264826 0.366639 0.103525
0.569039 9.9991E-05 0.202319 0.221012 0.00753109
0.544353 9.9982E-05 0.16364 0.291806 9.9982E-05
0.349429 0.0479074 0.278007 0.222595 0.102061
0.474823 0.0524016 0.162691 0.243885 0.0661985
9.9982E-05 9.9982E-05 0.472911 0.336973 0.189917
0.478188 0.358315 9.9991E-05 0.00105976 0.162338
0.43401 0.26975 0.0179877 0.03067 0.247582
0.318651 0.507144 0.0924138 0.0279821 0.0538091
0.549314 0.196686 9.9982E-05 9.9982E-05 0.253799
9.9973E-05 0.22424 9.9973E-05 9.9973E-05 0.77546
0.523946 0.18096 0.070107 0.0947839 0.130203
0.647328 0.150888 0.0457136 0.00074276 0.155327
0.40818 0.428296 0.0898014 9.9991E-05 0.0736225
0.610996 0.179619 0.114602 0.0398005 0.0549827
0.201229 0.25843 0.0101435 9.9991E-05 0.530098
0.44323 0.16844 0.0427292 0.117657 0.227944
0.450474 0.301149 0.0395472 0.0772104 0.13162
0.384012 0.169754 0.11469 0.234354 0.0971901
0.408596 0.309608 9.9991E-05 0.0407952 0.240901
0.448597 0.251264 9.9991E-05 0.0928865 0.207153
0.536215 0.174268 9.9991E-05 0.145417 0.144001
0.605591 0.210863 9.9991E-05 0.0219486 0.161498
0.546451 0.149343 0.050159 0.172325 0.0817229
0.600323 0.119247 0.0936108 0.0575936 0.129225
0.551998 0.21704 0.0123672 0.0898355 0.12876
0.128455 9.9982E-05 0.791828 0.0795164 9.9982E-05
0.077086 9.9991E-05 0.824278 0.0561405 0.0423951
0.0853319 0.0951031 0.789658 9.9991E-05 0.0298067
0.0433381 0.0325372 0.835654 0.035631 0.0528395
0.156475 9.9973E-05 0.843225 9.9973E-05 9.9973E-05
0.114536 0.66887 9.9991E-05 0.114647 0.101847
0.509493 0.215917 0.0697557 0.0998157 0.105019
0.420444 9.9991E-05 0.181106 0.187941 0.210409
0.714629 0.14966 9.9991E-05 0.0945965 0.0410148
0.619986 0.252629 0.0622043 9.9991E-05 0.0650813
0.338478 0.32835 9.9991E-05 0.0850754 0.247996
0.0110823 0.705009 0.125326 9.9991E-05 0.158483
0.547602 0.372195 0.0288097 0.0216721 0.0297208
0.238482 0.496751 0.105019 0.00356676 0.156182
0.40623 0.179948 0.00265781 0.0870027 0.324161
0.159724 0.576414 0.120805 0.0054985 0.137558
0.569839 0.245105 0.0477654 0.118427 0.0188634
0.232521 0.592429 0.0527549 0.0396955 0.0825995
0.344101 0.345458 9.9991E-05 0.100185 0.210157
0.498022 9.9991E-05 0.0682956 0.0782267 0.355356
0.312916 0.131413 0.0799208 0.0133357 0.462415
0.614039 0.0587605 0.111845 9.9991E-05 0.215256
0.653223 9.9991E-05 0.127175 0.078164 0.141338
0.413809 0.0858859 0.0543882 9.9991E-05 0.445817
0.543884 9.9991E-05 0.193419 0.01293 0.249667
0.618485 0.0385032 0.0762089 9.9991E-05 0.266703
0.11715 0.142524 9.9982E-05 9.9982E-05 0.740126
0.291061 9.9991E-05 0.0087509 0.0229196 0.677169
0.549171 0.0848871 0.0274643 0.00634961 0.332128
0.245487 0.13401 0.0149715 9.9991E-05 0.605431
0.531691 0.114686 0.0551593 9.9991E-05 0.298363
0.113341 0.657124 0.00390345 0.0368278 0.188803
0.268127 0.344281 9.9991E-05 0.0465518 0.34094
0.328034 0.529355 9.9982E-05 0.142411 9.9982E-05
0.628797 0.257648 0.038759 0.0746968 9.9991E-05
0.308455 0.540836 9.9982E-05 9.9982E-05 0.150509
0.399773 0.243439 0.0588002 0.184172 0.113815
0.656749 0.160549 0.0399412 0.0578744 0.0848864
0.595219 0.26962 0.0361602 0.0116084 0.0873915
0.475061 0.35305 0.0131661 0.125572 0.033151
0.495733 0.401977 9.9982E-05 0.10209 9.9982E-05
0.281803 0.623843 9.9991E-05 0.0621337 0.0321203
0.310238 0.463979 9.9991E-05 0.10682 0.118863
0.568277 0.200837 9.9991E-05 0.137529 0.0932574
0.630938 0.214916 9.9991E-05 0.144311 0.00973482
0.449567 0.292791 0.0534889 0.0469248 0.157229
0.500359 0.259695 9.9991E-05 0.0982952 0.141551
0.361307 0.466471 0.104342 0.0677804 9.9991E-05
0.744023 0.199025 0.0151704 0.0105039 0.0312779
0.506161 0.234277 0.0201225 0.103417 0.136023
0.435746 0.241331 0.0866907 0.200238 0.0359935
0.495329 9.9991E-05 0.357048 0.129091 0.0184327
0.475271 9.9991E-05 0.159415 0.268161 0.0970529
0.561696 0.0797992 0.13223 0.137223 0.0890523
0.607321 0.0741174 0.102607 0.129565 0.0863898
0.49078 9.9991E-05 0.231976 0.223185 0.0539588
0.502176 0.229922 9.9991E-05 0.0827958 0.185005
0.603626 0.0288131 0.216172 0.123864 0.0275254
0.0162575 9.9991E-05 0.306863 0.160915 0.515864
0.513732 0.142877 0.0770816 0.195834 0.0704755
0.614251 0.0447313 0.145659 0.143582 0.0517765
0.480193 0.162256 0.045621 0.247028 0.0649022
0.356787 0.0798538 0.230521 0.135782 0.197055
0.520397 0.0271938 0.170933 0.204829 0.0766466
0.598415 0.0226209 0.215516 0.157756 0.00569174
9.9982E-05 9.9982E-05 0.529205 0.183751 0.286844
0.529252 0.0175222 0.175923 0.240018 0.0372857
0.527119 9.9991E-05 0.206507 0.256328 0.00994595
0.575156 0.0605028 0.106733 0.169554 0.088054
0.548556 9.9982E-05 0.221311 0.229933 9.9982E-05
0.530146 0.103191 0.139489 0.181714 0.0454601
0.492318 0.00577927 9.9991E-05 0.0699749 0.431828
0.527624 0.134814 0.161499 0.0598937 0.116169
0.112812 0.0983908 9.9982E-05 9.9982E-05 0.788597
0.0855268 0.0888331 9.9991E-05 0.00900041 0.81654
0.498383 0.00144932 0.0536952 0.147476 0.298997
0.367961 9.9991E-05 0.11118 0.361653 0.159107
0.261859 9.9991E-05 0.116072 0.401558 0.220412
0.17441 9.9991E-05 0.215894 0.345662 0.263934
0.322798 9.9991E-05 0.173864 0.31233 0.190907
0.119014 9.9991E-05 0.0919681 0.103559 0.685359
0.172328 9.9991E-05 0.0943166 0.149106 0.58415
0.52326 9.9991E-05 0.00906821 0.134482 0.33309
0.456481 9.9991E-05 0.0705324 0.156063 0.316824
0.248829 9.9991E-05 0.0650602 0.161787 0.524224
0.59609 0.0339527 0.10833 0.0754336 0.186193
0.519354 9.9991E-05 0.00665055 0.216387 0.257508
0.553416 0.0532459 0.0767043 0.0930001 0.223633
0.393974 0.117317 0.0128266 9.9991E-05 0.475783
0.435955 0.0621362 9.9991E-05 0.0302596 0.471549
0.499804 0.155532 0.0569651 0.0805779 0.207121
0.380141 0.146986 0.068011 0.0709309 0.333931
0.401178 0.0586609 0.118547 0.124459 0.297155
0.556033 0.0570368 9.9982E-05 9.9982E-05 0.38673
0.318526 0.0708341 9.9982E-05 9.9982E-05 0.61044
0.671095 9.9982E-05 0.064315 9.9982E-05 0.26439
0.310575 0.122283 9.9982E-05 9.9982E-05 0.566942
0.505838 0.065959 0.0308795 0.0108928 0.38643
0.598643 0.0717621 0.0990755 0.0712999 0.15922
0.549301 0.122913 0.0845221 9.9991E-05 0.243163
0.456898 0.0469362 0.179547 0.207826 0.108793
0.319068 0.120683 0.153017 0.23982 0.167411
0.389536 0.0973581 0.153101 0.252502 0.107504
0.316555 0.163728 0.130166 0.299971 0.0895794
0.485113 0.123682 0.255379 0.109053 0.0267738
0.445136 9.9991E-05 0.156539 0.203241 0.194984
9.9982E-05 9.9982E-05 0.187514 0.185025 0.627261
0.610162 9.9991E-05 0.0825455 0.215582 0.09161
9.9982E-05 9.9982E-05 0.406549 0.180175 0.413076
0.588723 9.9991E-05 0.0225252 0.204499 0.184153
0.218185 9.9973E-05 9.9973E-05 9.9973E-05 0.781515
0.0315445 0.0547435 9.9991E-05 0.0110592 0.902553
0.567792 0.0210533 9.9982E-05 9.9982E-05 0.410955
0.750728 9.9982E-05 9.9982E-05 0.0156775 0.233395
0.441251 0.0537407 9.9982E-05 9.9982E-05 0.504808
0.584603 9.9973E-05 9.9973E-05 9.9973E-05 0.415097
0.626725 9.9982E-05 9.9982E-05 0.0207098 0.352366
0.118496 0.0434611 0.805645 0.0322979 9.9991E-05
9.9991E-05 0.131089 0.720462 0.131427 0.0169223
9.9982E-05 0.0315621 0.889932 0.0783064 9.9982E-05
0.0562823 9.9973E-05 0.943418 9.9973E-05 9.9973E-05
0.563715 0.0647374 0.0683523 0.0518475 0.251348
0.557611 0.138655 0.0692808 0.0632764 0.171176
0.654204 0.139278 9.9982E-05 9.9982E-05 0.206317
0.659371 0.0588521 0.0673736 0.00236563 0.212038
0.533915 0.14445 0.0908514 0.0660461 0.164737
0.362371 0.178823 9.9982E-05 9.9982E-05 0.458606
0.808154 9.9991E-05 0.0220343 0.0208592 0.148853
0.522693 9.9982E-05 0.020535 9.9982E-05 0.456572
0.525626 0.024081 0.28017 0.170022 9.9991E-05
0.525197 0.0659381 9.9991E-05 0.0671123 0.341653
0.500434 0.197485 9.9982E-05 9.9982E-05 0.301881
0.747117 0.0527653 0.000544061 9.9991E-05 0.199474
0.574271 0.19435 9.9982E-05 9.9982E-05 0.231179
0.667038 9.9982E-05 0.0353192 9.9982E-05 0.297443
0.720529 0.0238384 0.052883 9.9991E-05 0.20265
0.268326 9.9973E-05 9.9973E-05 9.9973E-05 0.731374
0.36589 0.123405 9.9991E-05 0.0363598 0.474246
0.447026 0.146068 9.9982E-05 9.9982E-05 0.406705
0.0708419 9.9973E-05 9.9973E-05 9.9973E-05 0.928858
0.573439 0.168173 0.0120084 9.9991E-05 0.246279
0.226274 0.0492276 9.9982E-05 9.9982E-05 0.724298
0.0751086 0.062899 9.9982E-05 9.9982E-05 0.861792
0.707479 0.0107744 0.0528117 9.9991E-05 0.228835
0.338755 0.186248 0.0314092 9.9991E-05 0.443489
0.57901 0.109355 9.9991E-05 0.0461146 0.265421
0.601148 9.9991E-05 0.0778916 0.0996181 0.221242
0.666294 0.0936714 0.0495577 9.9991E-05 0.190377
0.379499 0.289814 9.9991E-05 0.0635335 0.267053
0.730551 0.0207804 0.00854568 9.9991E-05 0.240023
0.585186 0.18999 0.0179141 0.0190329 0.187878
0.504648 0.0451345 9.9982E-05 9.9982E-05 0.450018
0.551443 9.9991E-05 0.115849 0.0675289 0.265079
0.00673487 0.289439 0.69222 0.0108532 0.000753339
0.104316 0.10031 0.749501 9.9991E-05 0.0457732
9.9982E-05 0.146961 0.822168 9.9982E-05 0.0306709
9.9973E-05 0.190474 0.809226 9.9973E-05 9.9973E-05
0.0493225 0.211047 0.73943 9.9982E-05 9.9982E-05
0.293079 0.238969 0.00625872 0.0192822 0.442411
0.273522 0.23071 0.0460886 9.9991E-05 0.449579
0.329331 9.9973E-05 9.9973E-05 9.9973E-05 0.67037
0.55102 0.0497586 0.124198 0.126292 0.148732
0.670625 0.094437 0.115949 0.0141601 0.104829
0.450147 9.9991E-05 0.0204403 0.0207339 0.508579
0.700597 0.00441798 0.00386907 0.0579987 0.233118
0.5583 0.0671605 0.00902297 9.9991E-05 0.365416
0.732997 0.0914105 0.0122232 9.9991E-05 0.163269
0.618929 0.139072 0.0454535 0.0480397 0.148506
0.425953 0.191039 9.9982E-05 9.9982E-05 0.382808
0.526992 0.141189 9.9982E-05 9.9982E-05 0.331618
0.48014 0.292524 9.9982E-05 9.9982E-05 0.227136
0.688116 0.0101741 0.146707 0.00252762 0.152475
0.555654 0.163965 0.008041 9.9991E-05 0.27224
0.598622 0.072938 0.0200124 9.9991E-05 0.308328
0.388526 0.0578818 0.0173075 0.467371 0.0689133
0.388213 9.9991E-05 0.0944677 0.482606 0.0346132
0.37967 9.9991E-05 0.104891 0.495769 0.0195701
0.386166 9.9991E-05 0.167773 0.421177 0.0247837
0.530102 0.0107385 0.191502 0.267558 9.9991E-05
0.527877 9.9991E-05 0.0491979 0.0250514 0.397774
0.0338597 9.9991E-05 0.2982 0.639912 0.0279277
0.353722 9.9982E-05 0.176098 0.46998 9.9982E-05
0.386354 0.0265842 0.205297 0.168526 0.213239
0.564285 0.0561444 0.148656 9.9991E-05 0.230814
0.452449 0.12979 0.151819 0.0520733 0.213869
0.637981 0.0765611 0.122756 0.0683514 0.0943509
0.534254 0.160837 0.107568 0.053653 0.143687
0.282804 9.9982E-05 0.232266 0.484731 9.9982E-05
0.427925 0.10189 0.111366 0.35872 9.9991E-05
0.45074 9.9982E-05 0.0517102 0.49735 9.9982E-05
0.581502 9.9982E-05 0.194938 0.223361 9.9982E-05
0.281057 0.0319995 0.0743872 0.565875 0.0466813
0.39101 0.00670009 0.211909 0.359582 0.0307999
0.239826 0.00741866 0.112495 0.58998 0.0502804
0.361197 0.123858 0.0120191 0.454142 0.0487844
0.491856 9.9991E-05 0.150816 0.0613827 0.295845
0.411155 0.00577757 0.240702 0.307216 0.0351495
0.180709 9.9982E-05 0.180615 0.638476 9.9982E-05
0.37462 0.0351157 0.121616 0.453471 0.0151777
0.255576 0.297482 0.18813 9.9991E-05 0.258712
0.638766 0.194167 0.0430841 0.0795768 0.0444057
0.42411 0.0184418 0.209668 0.27489 0.0728899
0.653034 0.0742929 0.109321 0.0607466 0.102606
0.553953 9.9991E-05 0.194046 0.0124101 0.23949
0.429237 0.0379264 0.180271 0.247768 0.104798
0.351794 9.9991E-05 0.231753 0.274172 0.142182
0.536111 0.0493692 0.0768343 0.149392 0.188293
0.403233 0.0166791 0.174345 0.358446 0.0472977
0.339801 9.9982E-05 0.140643 0.519356 9.9982E-05
0.158679 9.9991E-05 0.236906 0.58414 0.0201747
0.581321 0.061169 0.14591 0.128483 0.0831171
0.540754 0.0741568 0.166746 9.9991E-05 0.218243
0.13346 0.0294113 0.166653 0.0918361 0.57864
0.605736 9.9991E-05 0.165287 0.112732 0.116145
0.535315 0.240917 0.113359 0.0322635 0.0781458
0.488347 9.9991E-05 0.207184 0.16532 0.139049
0.3637 0.0539454 0.0945207 0.238515 0.249319
9.9982E-05 9.9982E-05 0.3632 0.215086 0.421514
9.9982E-05 9.9982E-05 0.366686 0.162794 0.470319
0.281132 0.00364787 0.208713 0.14976 0.356747
9.9991E-05 0.0318597 0.368314 0.243956 0.35577
9.9982E-05 9.9982E-05 0.466277 0.24049 0.293034
0.37891 0.0233321 0.138111 0.163678 0.29597
0.396342 9.9991E-05 0.239141 0.179135 0.185282
0.17656 9.9991E-05 0.311493 0.207413 0.304433
0.0349342 9.9991E-05 0.33842 0.235867 0.390679
0.437263 9.9991E-05 0.195839 0.183191 0.183607
0.126144 9.9991E-05 0.198215 0.219745 0.455795
9.9982E-05 9.9982E-05 0.488455 0.0975625 0.413783
0.511746 0.122979 0.0310924 0.239655 0.0945272
0.343315 0.0528524 0.164398 0.291733 0.147702
0.417004 0.0733658 0.290082 0.219448 9.9991E-05
0.484239 9.9982E-05 0.20231 0.313251 9.9982E-05
0.586737 0.019856 0.172333 0.155773 0.0653001
0.446182 9.9991E-05 0.180912 0.257993 0.114813
0.246707 0.133484 0.307151 0.312558 9.9991E-05
0.607045 0.0222438 0.207172 0.163439 9.9991E-05
0.436169 0.10797 0.208435 0.247326 9.9991E-05
0.331308 9.9991E-05 0.318192 0.234209 0.116191
0.330944 0.230914 0.155562 0.141155 0.141425
0.494286 0.0611941 0.209816 0.147348 0.0873565
0.544524 0.00190758 0.214059 0.174547 0.0649626
0.769373 9.9991E-05 0.107018 0.0364888 0.0870197
0.346763 0.0688052 0.297548 0.28594 0.000943581
0.517019 0.0452908 0.160658 0.150055 0.126978
0.133191 9.9991E-05 0.366368 0.268006 0.232336
0.452414 0.120215 0.220804 0.206467 9.9991E-05
0.226448 9.9991E-05 0.24144 0.346432 0.18558
9.9982E-05 0.113951 0.81456 9.9982E-05 0.0712886
0.0697888 0.82203 0.0784438 0.0296378 9.9991E-05
9.9973E-05 0.986559 0.0131415 9.9973E-05 9.9973E-05
9.9973E-05 0.995341 0.00435947 9.9973E-05 9.9973E-05
0.0787606 0.920939 9.9973E-05 9.9973E-05 9.9973E-05
9.9973E-05 0.953093 9.9973E-05 0.0466075 9.9973E-05
0.121832 0.877868 9.9973E-05 9.9973E-05 9.9973E-05
9.9973E-05 0.960744 0.0389563 9.9973E-05 9.9973E-05
9.9973E-05 0.791747 0.207953 9.9973E-05 9.9973E-05
0.047887 0.0165701 0.921567 0.0138754 9.9991E-05
0.0854321 0.103516 0.810852 9.9982E-05 9.9982E-05
0.00926979 9.9991E-05 0.908631 0.0285361 0.0534628
0.0682645 0.102028 0.829508 9.9982E-05 9.9982E-05
9.9982E-05 0.0604175 0.894469 0.0449132 9.9982E-05
9.9991E-05 0.0855081 0.873502 0.0140831 0.0268066
0.0576162 0.0266594 0.761658 0.132741 0.0213251
0.0757369 0.00228338 0.883802 0.0380776 9.9991E-05
0.067518 0.126923 0.696662 0.0832608 0.0256366
0.013863 9.9991E-05 0.912551 0.0589306 0.0145553
9.9973E-05 0.0170728 0.982627 9.9973E-05 9.9973E-05
0.0471162 0.0542708 0.843702 0.0434187 0.0114922
9.9982E-05 0.0463982 0.943256 0.0101457 9.9982E-05
0.0192188 9.9991E-05 0.93498 0.0153495 0.0303522
0.0860754 9.9982E-05 0.877498 0.036227 9.9982E-05
0.118059 9.9982E-05 0.849945 0.0317957 9.9982E-05
0.0633722 9.9982E-05 0.800141 0.136287 9.9982E-05
0.128753 9.9982E-05 0.7888 0.0822476 9.9982E-05
0.1315 9.9982E-05 0.838148 0.0301518 9.9982E-05
0.39884 0.130043 0.184559 0.0455951 0.240963
0.742975 9.9982E-05 0.0783739 9.9982E-05 0.178451
0.5913 0.0803634 0.165168 0.0791891 0.0839793
0.215859 9.9982E-05 0.135246 9.9982E-05 0.648695
0.570434 0.16923 0.123053 0.0286196 0.108663
0.0659937 9.9991E-05 0.215454 0.0764123 0.64204
0.673628 0.0579002 0.11929 0.0663799 0.0828017
0.494259 0.217569 0.0879863 9.9991E-05 0.200086
0.60439 0.146105 0.099255 9.9991E-05 0.15015
0.594332 0.102267 0.0133186 0.020953 0.26913
0.528464 0.131195 0.130571 9.9991E-05 0.20967
0.690719 0.0487259 0.100039 0.00240179 0.158114
0.584251 0.214741 0.0851201 0.00762164 0.108266
0.0674363 0.501642 9.9991E-05 0.0862048 0.344617
9.9982E-05 0.077943 0.14041 9.9982E-05 0.781447
0.18716 0.0521712 0.15047 0.0198509 0.590348
0.670729 0.0913148 0.144988 0.0334014 0.0595668
0.591036 0.0833849 0.0930666 9.9991E-05 0.232413
0.580815 9.9982E-05 0.171473 9.9982E-05 0.247511
0.556647 9.9991E-05 0.0997969 0.168338 0.175118
0.487748 0.035085 0.222949 0.195318 0.0588996
0.610474 0.0378954 0.202729 0.148802 9.9991E-05
0.123182 0.177402 0.428885 0.143556 0.126974
0.695298 0.0544626 0.0771344 0.0859858 0.0871195
0.474628 0.118584 0.251841 0.0576246 0.0973219
9.9982E-05 9.9982E-05 0.465931 0.153896 0.379973
0.349739 9.9991E-05 0.302273 0.205673 0.142215
0.321509 0.0308253 0.337194 0.156978 0.153494
0.504476 0.106052 0.369413 0.0199596 9.9991E-05
0.468198 0.154797 0.0744795 0.302426 9.9991E-05
0.563011 9.9991E-05 0.177647 0.149025 0.110217
0.535744 0.0088879 0.219244 0.204173 0.0319505
0.389418 9.9991E-05 0.195592 0.177325 0.237564
0.376727 0.0413395 0.444272 0.137561 9.9991E-05
