0.903754 9.9973E-05 9.9973E-05 0.0959457 9.9973E-05
0.946172 9.9982E-05 9.9982E-05 0.0487736 0.0048548
0.820143 0.113245 0.0664121 9.9982E-05 9.9982E-05
0.801468 9.9982E-05 0.0980755 0.100257 9.9982E-05
0.886255 0.0871927 0.00967765 0.0167742 9.9991E-05
0.607629 0.126373 0.0549914 0.140471 0.0705361
0.850069 9.9991E-05 0.000490958 0.061515 0.0878252
0.772959 9.9982E-05 9.9982E-05 0.135948 0.0908932
0.830325 9.9982E-05 9.9982E-05 0.0880253 0.08145
0.704741 0.0730036 0.0893663 0.0368394 0.0960501
0.764254 0.0367004 9.9991E-05 0.0968311 0.102115
9.999E-05 0.307273 0.0591342 0.450521 0.182972
0.0296066 0.508534 0.131809 0.329951 9.9991E-05
0.0501215 0.218298 0.122066 0.474743 0.134771
0.0295545 0.28164 0.23005 0.39566 0.063096
0.122278 0.388613 0.133511 0.224471 0.131128
0.0429994 0.599768 0.179147 0.0588502 0.119236
0.0158031 0.533205 0.0793567 0.232999 0.138636
0.120675 0.36615 0.105502 0.366705 0.0409681
0.0627053 0.0643081 0.0447437 0.651626 0.176617
0.0102671 0.473656 0.105622 0.300796 0.109659
0.054979 0.436346 0.125709 0.196671 0.186295
0.0305717 0.568047 0.0758479 0.186891 0.138642
0.00531914 0.358258 0.108202 0.400985 0.127236
0.105254 0.712106 0.079376 0.103164 9.9991E-05
9.9991E-05 0.515402 0.162971 0.294626 0.0269013
0.0319666 0.218294 0.109718 0.468154 0.171867
0.0145992 0.19213 0.199934 0.488431 0.104906
9.9991E-05 0.276309 0.041234 0.453237 0.22912
0.842602 0.0786678 0.0785301 9.9982E-05 9.9982E-05
0.847732 0.118899 0.0331692 9.9982E-05 9.9982E-05
0.804074 0.133691 0.0620349 9.9982E-05 9.9982E-05
0.784598 0.107896 0.107306 9.9982E-05 9.9982E-05
9.9991E-05 0.650227 0.0016953 0.0709736 0.277004
0.0646869 0.534257 0.132446 0.0360165 0.232594
0.0176093 0.685143 9.9982E-05 9.9982E-05 0.297048
0.0751945 0.23356 0.000331894 0.562813 0.128101
9.9991E-05 0.418785 0.037277 0.056091 0.487747
0.0462271 0.588676 0.0732157 0.151258 0.140623
0.0436546 0.752276 0.0375487 0.0520528 0.114468
0.154998 0.657679 9.9991E-05 0.0676752 0.119548
0.133683 0.685338 0.00460704 0.0450771 0.131295
9.9982E-05 0.368931 9.9982E-05 0.191267 0.439602
0.0931612 0.603305 0.0822802 0.0426742 0.178579
0.0609819 0.587985 0.137164 9.9991E-05 0.213769
0.0840278 0.60776 0.0874276 0.0667239 0.154061
9.9973E-05 0.512216 9.9973E-05 9.9973E-05 0.487484
0.0739639 0.789684 9.9991E-05 0.0123998 0.123853
0.156045 0.596871 0.125983 9.9991E-05 0.121001
0.082813 0.0199152 9.9991E-05 0.035976 0.861196
9.9991E-05 0.212509 0.0379488 0.450164 0.299278
0.0314789 0.0890138 0.0721294 0.182738 0.62464
0.0391266 0.592466 0.079942 0.139892 0.148574
0.0909128 0.654948 0.0800487 0.09352 0.0805703
0.0928988 0.628421 0.0791316 0.0965624 0.102986
0.0807503 0.252678 9.9991E-05 0.347735 0.318738
9.9991E-05 0.522504 0.0967826 0.266757 0.113856
0.0612884 0.472532 0.19129 0.144553 0.130338
0.153023 0.380375 0.0444977 0.214266 0.207839
0.223456 0.11874 0.0605697 0.34437 0.252864
0.0871471 0.597132 0.0609542 0.0865869 0.16818
0.120899 0.434598 0.06027 0.256556 0.127677
0.0577431 0.073247 9.9991E-05 0.527101 0.341809
9.9991E-05 0.548649 0.0856919 0.220823 0.144736
9.9991E-05 0.61101 0.114496 0.113611 0.160783
0.0376602 0.535122 0.153275 0.118128 0.155814
9.9991E-05 0.312559 0.0915983 0.278803 0.316939
0.00232635 0.477232 0.142638 0.145299 0.232505
0.066951 0.586936 0.16642 0.165069 0.0146245
0.0473759 0.285906 9.9991E-05 0.408466 0.258153
9.9982E-05 0.66446 9.9982E-05 0.0616894 0.273651
9.9982E-05 0.408294 9.9982E-05 0.194323 0.397182
0.0985057 0.609906 0.0717393 0.0226622 0.197187
9.9973E-05 0.19238 9.9973E-05 9.9973E-05 0.80732
9.9982E-05 0.15467 9.9982E-05 0.0684469 0.776683
9.9973E-05 0.501748 9.9973E-05 9.9973E-05 0.497952
9.9982E-05 0.627815 9.9982E-05 0.0840227 0.287962
0.143475 0.682813 0.011172 0.0283401 0.1342
0.00153712 0.614775 0.0666901 0.02475 0.292247
0.0153477 0.329041 9.9991E-05 0.275066 0.380446
0.0131861 0.387595 9.9991E-05 0.337716 0.261403
0.131552 0.566558 0.0834601 0.112386 0.106043
0.0156777 0.526781 9.9991E-05 0.0328719 0.424569
0.0426924 0.57922 9.9991E-05 0.126837 0.251151
0.00991194 0.600203 9.9982E-05 9.9982E-05 0.389685
9.9982E-05 0.184998 9.9982E-05 0.064284 0.750518
0.00867013 0.640169 0.013022 0.0802526 0.257886
0.784591 0.0845857 0.0416957 0.0890272 9.9991E-05
0.911424 0.088276 9.9973E-05 9.9973E-05 9.9973E-05
0.858507 0.098122 0.0431709 9.9982E-05 9.9982E-05
0.939068 0.0557994 0.00493261 9.9982E-05 9.9982E-05
0.888445 0.101404 0.00995041 9.9982E-05 9.9982E-05
0.914769 0.0849306 9.9973E-05 9.9973E-05 9.9973E-05
0.92758 0.0721197 9.9973E-05 9.9973E-05 9.9973E-05
0.161293 0.68485 0.00887687 9.9991E-05 0.14488
0.0585478 0.646198 0.0840682 0.0956854 0.115501
9.9982E-05 0.232695 9.9982E-05 0.13939 0.627715
0.09887 0.517046 0.115861 9.9991E-05 0.268123
0.014265 0.570439 0.0175098 0.179365 0.21842
0.0915011 0.697175 0.0168951 9.9991E-05 0.194328
0.042404 0.591143 0.0336531 9.9991E-05 0.332699
0.00506087 0.614151 0.120308 9.9991E-05 0.260381
0.0223932 0.154603 9.9991E-05 0.291144 0.531759
0.111885 0.534206 0.117105 0.111552 0.125252
0.11096 0.721294 0.0822492 9.9991E-05 0.0853964
0.0850951 0.567543 0.207708 0.0432936 0.0963599
0.0698312 0.416793 9.9991E-05 0.00484054 0.508436
0.00488359 0.674653 0.00414056 9.9991E-05 0.316223
0.035511 0.551953 0.0158064 0.14128 0.25545
9.9982E-05 0.549848 0.0342985 9.9982E-05 0.415654
0.0986688 0.547619 9.9991E-05 0.107578 0.246034
0.171069 0.617428 0.0448634 0.131176 0.0354629
0.0197556 0.225843 0.113188 0.377233 0.26398
0.112417 0.441361 0.0865958 0.34308 0.016547
0.0790398 0.644848 9.9982E-05 0.275912 9.9982E-05
0.0402383 0.615764 0.123334 0.111452 0.109211
0.00539053 0.506904 0.0149878 0.3891 0.0836178
9.9991E-05 0.579251 0.0143013 0.341234 0.0651135
0.00933461 0.534348 0.0173062 0.396015 0.0429963
0.108248 0.587768 0.0277014 0.196121 0.0801613
0.0319354 0.598066 0.152787 0.177578 0.0396332
0.0423556 0.716101 9.9991E-05 0.164368 0.0770751
0.00505556 0.551048 9.9991E-05 0.323309 0.120487
0.0148343 0.633128 0.104573 0.166923 0.0805409
0.101199 0.641961 0.0961245 0.100359 0.0603565
9.9991E-05 0.590163 0.0874886 0.279515 0.0427335
0.107002 0.505646 0.0775995 0.147399 0.162353
9.9991E-05 0.518027 0.170848 0.226275 0.0847497
0.0989466 0.384754 0.0399218 0.282444 0.193934
0.0298295 0.660629 0.115643 0.167142 0.0267558
0.0301324 0.625659 0.144662 0.191168 0.00837802
0.021768 0.335634 0.0586695 0.432207 0.151721
0.0563868 0.186814 0.0875128 0.232231 0.437055
0.022878 0.52812 0.129256 0.31778 0.00196603
9.9991E-05 0.109905 0.0599385 0.310847 0.51921
0.0410282 0.357153 0.0336603 0.412727 0.155432
9.9982E-05 0.538299 9.9982E-05 0.297184 0.164317
0.0587679 0.434486 9.9991E-05 0.394702 0.111945
0.0114998 0.374552 0.0597135 0.437446 0.116789
0.0928461 0.726116 0.0498271 9.9991E-05 0.131111
0.0841542 0.502299 0.176983 0.142892 0.0936713
0.0656699 0.591754 9.9991E-05 0.175797 0.166679
9.9991E-05 0.185792 0.068349 0.296954 0.448805
0.148221 0.557293 0.0754263 0.0807779 0.138281
0.0716236 0.48614 0.0937707 0.0753026 0.273163
0.206848 0.0767692 9.9991E-05 0.0658333 0.65045
0.0821711 0.635838 0.0970441 9.9991E-05 0.184847
0.159198 0.431784 0.0224453 0.0178789 0.368694
0.185374 0.530354 0.0707043 0.0361663 0.177402
0.205098 0.313868 0.00123195 0.0601236 0.419678
0.175577 0.29452 9.9991E-05 0.0724708 0.457332
0.0817038 0.488842 0.0248059 0.0958155 0.308833
0.074023 0.515719 0.0908435 0.0706724 0.248742
0.08312 0.420855 0.111922 0.163657 0.220446
0.0474615 0.045601 0.190065 0.128521 0.588352
0.02489 0.544453 0.0979808 0.0760906 0.256586
9.9982E-05 0.494792 9.9982E-05 0.0279175 0.47709
0.035586 0.535289 0.0151523 0.0968619 0.317111
0.0667142 0.659703 0.0528866 0.127969 0.0927279
0.295043 0.148134 0.28926 0.0694368 0.198126
0.594782 9.9982E-05 0.153376 9.9982E-05 0.251642
0.492789 9.9982E-05 0.161998 9.9982E-05 0.345014
0.42591 9.9991E-05 0.418208 0.0151796 0.140602
0.00662025 0.692794 0.0592626 9.9991E-05 0.241224
0.110302 0.53804 0.0700055 0.0756506 0.206002
9.9973E-05 0.266933 0.732767 9.9973E-05 9.9973E-05
9.9982E-05 0.337019 0.483285 0.179496 9.9982E-05
0.0482048 0.356683 0.483227 0.089772 0.0221135
0.0246521 0.379784 0.0347436 0.0185887 0.542231
0.0655729 0.48126 0.154918 0.0872262 0.211023
0.00687614 0.250823 0.0707153 9.9991E-05 0.671486
0.0439527 0.684189 0.0298936 0.0140751 0.227889
0.100516 0.554616 0.00608642 0.0441808 0.2946
0.0278293 0.603568 0.102884 0.0353039 0.230415
9.9991E-05 0.205051 0.0541048 0.0650898 0.675654
0.0386465 0.611134 0.0960384 9.9991E-05 0.254081
0.0691077 0.544795 0.0860122 9.9991E-05 0.299985
9.997E-05 9.997E-05 0.9996 9.997E-05 9.997E-05
9.9973E-05 0.0463747 0.953325 9.9973E-05 9.9973E-05
0.0212267 0.219458 0.673374 0.0858418 9.9991E-05
0.0284514 0.304506 0.666842 9.9982E-05 9.9982E-05
9.9982E-05 0.142001 0.856478 0.0013212 9.9982E-05
9.997E-05 9.997E-05 0.9996 9.997E-05 9.997E-05
9.9973E-05 9.9973E-05 0.972929 0.0267715 9.9973E-05
9.9973E-05 0.138496 0.861204 9.9973E-05 9.9973E-05
9.9982E-05 0.0485547 0.934349 0.0168959 9.9982E-05
9.997E-05 9.997E-05 0.9996 9.997E-05 9.997E-05
0.00048944 9.9973E-05 0.999211 9.9973E-05 9.9973E-05
0.0354677 0.211304 0.740596 0.0125323 9.9991E-05
9.9991E-05 0.105428 0.829327 0.0361878 0.0289572
9.997E-05 9.997E-05 0.9996 9.997E-05 9.997E-05
0.0306832 0.382849 0.448984 0.127239 0.0102443
0.0268199 0.222358 0.66466 0.0832916 0.0028705
0.00849825 0.129612 0.86169 9.9982E-05 9.9982E-05
0.0294224 0.0588294 0.904866 0.0067818 9.9991E-05
9.9973E-05 0.00569088 0.994009 9.9973E-05 9.9973E-05
9.9982E-05 0.0817836 0.910417 0.0075995 9.9982E-05
9.997E-05 9.997E-05 0.9996 9.997E-05 9.997E-05
0.0167614 0.183856 0.684699 0.114584 9.9991E-05
0.00175838 9.9991E-05 0.929334 0.0254022 0.0434054
0.369732 9.9982E-05 0.0556741 9.9982E-05 0.574394
0.14902 0.383261 0.148312 0.0864129 0.232993
0.278196 0.433998 0.115711 0.00581718 0.166278
0.251275 0.0414191 0.189428 0.0216908 0.496188
0.176052 0.501168 0.143799 0.0556938 0.123287
0.289323 0.162649 0.132737 9.9991E-05 0.415192
0.154311 0.304398 0.221412 0.126935 0.192944
0.146477 0.323285 0.205512 9.9991E-05 0.324625
0.178647 0.395731 0.214183 9.9991E-05 0.211339
0.19591 0.282528 0.267984 9.9991E-05 0.253478
0.262423 0.534876 0.123832 9.9991E-05 0.0787685
0.842429 0.0195085 9.9991E-05 0.064214 0.0737484
0.933688 9.9982E-05 0.0435757 9.9982E-05 0.0225366
0.978167 9.9973E-05 9.9973E-05 0.0215327 9.9973E-05
0.953949 0.0253649 9.9982E-05 9.9982E-05 0.0204861
0.876766 9.9982E-05 0.0133881 0.109646 9.9982E-05
0.916089 9.9982E-05 0.0704926 9.9982E-05 0.0132182
0.920617 0.0506291 0.0285534 9.9982E-05 9.9982E-05
0.916281 0.02475 9.9991E-05 0.0307438 0.028125
0.927757 9.9982E-05 9.9982E-05 0.0122319 0.0598107
0.866659 0.000856275 0.113999 0.0157149 0.00277094
0.594906 9.9991E-05 0.0134325 0.23009 0.161472
0.63092 9.9982E-05 9.9982E-05 0.358292 0.0105886
0.55677 9.9982E-05 9.9982E-05 0.28637 0.156659
0.467703 0.0178552 9.9991E-05 0.384786 0.129555
0.0731334 0.642044 9.9991E-05 0.156708 0.128015
9.9991E-05 0.61694 0.0762974 0.164823 0.14184
0.0134405 0.624318 0.0582719 0.247613 0.056356
0.0194401 0.513716 9.9991E-05 0.239237 0.227508
9.9982E-05 0.255363 9.9982E-05 0.647884 0.096553
0.0892473 0.743896 0.0338453 0.0308421 0.102169
9.9991E-05 0.642646 0.0527559 0.0693346 0.235164
9.9991E-05 0.62385 0.0569837 0.106748 0.212318
9.9982E-05 0.562034 0.0337269 9.9982E-05 0.40404
0.0401033 0.554156 0.162447 0.143677 0.0996177
9.9982E-05 0.538358 9.9982E-05 0.13132 0.330122
9.9982E-05 0.0602537 9.9982E-05 0.0940237 0.845523
0.0399862 0.604381 0.0683467 0.174099 0.113188
0.021646 0.411193 9.9982E-05 9.9982E-05 0.566961
0.00940091 0.650176 9.9982E-05 9.9982E-05 0.340223
0.0153943 0.278316 9.9991E-05 0.238766 0.467424
0.158016 9.9991E-05 0.00946457 0.708694 0.123726
0.11128 0.054116 0.0140615 0.701131 0.119411
0.0548651 9.9982E-05 9.9982E-05 0.824909 0.120026
0.13335 0.00263451 9.9991E-05 0.76544 0.0984753
0.0102982 0.0954259 9.9991E-05 0.816374 0.0778024
0.0649521 0.05606 0.080236 0.798652 9.9991E-05
0.881818 0.0698177 0.0481647 9.9982E-05 9.9982E-05
0.831602 0.0597818 0.029708 0.0788087 9.9991E-05
0.774128 0.118967 0.106704 9.9982E-05 9.9982E-05
0.748234 9.9982E-05 0.15076 0.100806 9.9982E-05
0.775014 0.0392835 0.111736 0.0738673 9.9991E-05
0.380454 9.9982E-05 9.9982E-05 0.56196 0.0573862
0.470624 9.9982E-05 9.9982E-05 0.403207 0.125969
0.449911 9.9982E-05 9.9982E-05 0.427816 0.122074
0.819875 0.108809 0.0359769 0.0352382 9.9991E-05
0.412224 9.9982E-05 9.9982E-05 0.457474 0.130102
0.228784 0.257656 0.442202 9.9991E-05 0.0712579
0.175403 0.549205 0.229449 0.040337 0.00560596
0.195236 0.547164 0.257401 9.9982E-05 9.9982E-05
0.304955 0.405686 0.230927 9.9991E-05 0.0583318
0.133375 0.455652 0.284426 0.0363401 0.0902062
0.471239 9.9982E-05 0.340383 9.9982E-05 0.188177
9.9991E-05 0.49316 0.0155581 0.330845 0.160337
0.0436513 0.438405 0.0337638 0.201185 0.282995
0.103574 0.393131 9.9991E-05 0.469585 0.0336088
0.012137 0.523936 0.0164299 0.160154 0.287343
9.9973E-05 9.9973E-05 9.9973E-05 0.176968 0.822732
0.10383 0.520602 0.138333 0.0584565 0.178779
0.0207611 0.582779 0.0213383 0.186841 0.188281
0.0424495 0.439197 0.0145239 0.428531 0.0752994
9.9991E-05 0.529666 0.151356 0.183423 0.135455
9.9982E-05 0.250322 9.9982E-05 0.297971 0.451507
9.9991E-05 0.576015 0.0481461 0.19152 0.184218
9.9991E-05 0.615308 0.0324271 0.308422 0.0437433
0.168705 0.439034 0.188628 0.0679325 0.135701
9.9991E-05 0.422094 0.0346993 0.248855 0.294252
0.0829265 0.469869 0.0200043 0.216249 0.210951
0.0163468 0.515122 0.103401 0.192832 0.172298
0.0214595 0.597009 0.0010606 0.194493 0.185978
0.0681947 0.649872 0.10964 0.0426045 0.129688
0.0802658 0.546674 0.201311 0.17165 9.9991E-05
0.0867673 0.478404 0.152036 0.209719 0.0730744
0.790984 0.123765 0.0850513 9.9982E-05 9.9982E-05
0.858467 0.141233 9.9973E-05 9.9973E-05 9.9973E-05
0.793562 0.0900897 9.9991E-05 0.053745 0.062503
0.82593 0.0641342 0.0143219 0.0687164 0.0268978
0.846447 0.153253 9.9973E-05 9.9973E-05 9.9973E-05
0.0475552 0.258432 0.0186542 0.562927 0.112432
0.131775 0.592075 0.0735923 0.101787 0.100771
0.207998 0.468874 0.244723 9.9991E-05 0.0783053
9.9991E-05 0.634934 0.174054 0.174323 0.0165891
0.0898675 0.58358 9.9991E-05 0.270828 0.0556246
9.9991E-05 0.204007 0.117809 0.404882 0.273201
0.136674 0.0850821 9.9991E-05 0.547621 0.230524
0.0184329 0.614375 0.0512326 0.304232 0.0117272
0.0827328 0.205831 0.0615255 0.46151 0.188401
0.0326894 0.389915 0.120479 0.151901 0.305016
0.169943 0.121151 0.0336635 0.494375 0.180869
0.128544 0.559969 0.102536 0.208851 9.9991E-05
0.109631 0.231209 9.9991E-05 0.546211 0.112849
9.9991E-05 0.308743 0.116847 0.38683 0.18748
0.0773519 0.496984 0.132703 0.0564304 0.23653
0.0666594 0.366734 0.010948 0.095183 0.460475
0.103424 0.533386 0.069936 0.0255369 0.267718
0.167531 0.594116 0.0337909 0.0469151 0.157647
0.0246102 0.402125 9.9991E-05 0.0745443 0.498621
0.135295 0.493716 0.0922382 0.123494 0.155256
0.0629012 0.525193 0.0860254 0.00746927 0.318412
9.9982E-05 0.15511 9.9982E-05 0.130169 0.714522
0.047907 0.303399 9.9982E-05 9.9982E-05 0.648494
0.0014748 0.550164 0.0292106 0.114086 0.305064
0.046472 0.238224 9.9991E-05 0.128924 0.58628
0.0562584 0.505068 9.9991E-05 0.114654 0.32392
9.9991E-05 0.162905 0.0626084 0.555189 0.219197
9.9991E-05 0.277717 0.0453405 0.274221 0.402621
0.0189532 0.363104 0.113262 0.446087 0.0585931
0.0400667 0.6088 0.0526944 0.237804 0.0606343
9.9982E-05 0.306013 9.9982E-05 0.565602 0.128185
0.106638 0.552607 0.0917702 0.152388 0.0965966
0.0433994 0.535086 0.133399 0.266075 0.0220411
9.9982E-05 0.564394 0.112409 0.322997 9.9982E-05
9.9991E-05 0.527264 0.125824 0.294176 0.0526365
0.0228781 0.439103 0.121628 0.312015 0.104376
9.9991E-05 0.211268 0.132265 0.567719 0.088648
9.9991E-05 0.331451 0.126147 0.417095 0.125207
9.9991E-05 0.558349 0.110013 0.182001 0.149537
0.0342575 0.72622 9.9991E-05 0.127538 0.111884
0.0681806 0.445127 0.0274247 0.303837 0.155431
9.9991E-05 0.477852 0.138284 0.191856 0.191909
0.106194 0.396798 0.0703047 0.426603 9.9991E-05
9.9991E-05 0.595425 0.0931778 0.240235 0.0710618
9.9982E-05 0.521275 0.160747 0.317778 9.9982E-05
0.157331 0.471172 0.17253 0.198866 9.9991E-05
0.39531 0.457206 0.109527 0.0378572 9.9991E-05
0.140738 0.37885 0.314696 9.9991E-05 0.165617
0.163268 0.497688 0.157245 0.0643454 0.117453
0.125005 0.67549 0.0783782 0.0726584 0.0484677
0.287536 0.489313 0.220539 0.00251223 9.9991E-05
9.9991E-05 0.461272 0.0717183 0.159777 0.307132
0.121696 0.553935 0.168313 0.0671179 0.0889384
0.281721 9.9982E-05 0.172726 9.9982E-05 0.545353
0.190121 0.512185 0.18862 0.0627572 0.046316
0.119143 0.489384 0.246755 0.0480357 0.0966815
0.0762695 0.539461 0.224405 0.12767 0.0321953
0.194928 0.278689 0.229147 0.039273 0.257964
0.215482 0.563136 0.136239 9.9991E-05 0.0850434
0.211326 0.614259 0.160834 0.0134815 9.9991E-05
0.492059 9.9982E-05 0.205351 9.9982E-05 0.30239
0.221024 0.472212 0.253639 0.0530249 9.9991E-05
0.171888 0.563488 0.206638 9.9991E-05 0.0578858
0.102853 0.568547 0.159812 0.11026 0.0585285
0.213755 0.504621 0.22935 0.0470981 0.00517513
0.2157 0.515329 0.152079 0.0143146 0.102577
0.100599 0.464677 0.0788384 0.04807 0.307816
0.105203 0.508166 0.0789176 0.0391204 0.268594
9.9982E-05 0.134991 9.9982E-05 0.0749596 0.78985
0.00654812 0.134797 9.9991E-05 0.0696166 0.788938
0.0623029 0.5687 0.0417668 0.0982711 0.228959
0.104653 0.441505 0.344495 0.00118866 0.108159
0.0562596 0.281866 0.452633 9.9991E-05 0.209141
0.193383 0.153028 0.383342 0.056488 0.213759
0.169651 0.202335 0.414194 9.9991E-05 0.21372
0.13143 0.163083 0.118148 9.9991E-05 0.58724
0.114725 0.177535 0.143646 9.9991E-05 0.563993
0.0584877 0.5404 0.174887 0.0520663 0.17416
0.115325 0.471328 0.147159 0.0134537 0.252734
0.101037 0.275404 0.135912 9.9991E-05 0.487546
0.061966 0.512773 0.120493 0.0427498 0.262019
9.9982E-05 0.575852 0.167599 9.9982E-05 0.256349
0.116327 0.523756 0.118559 9.9991E-05 0.241258
0.0183169 0.423636 9.9991E-05 0.0643545 0.493593
0.00453035 0.427377 0.0656683 0.0748238 0.427601
9.9991E-05 0.525593 0.0857551 0.118326 0.270226
0.0333011 0.366138 0.132709 0.126628 0.341224
0.12624 0.42951 0.176466 9.9991E-05 0.267683
0.00108885 0.540687 0.0690242 0.000621534 0.388578
9.9991E-05 0.314464 0.00929869 0.0898061 0.586332
9.9982E-05 0.562573 0.120561 9.9982E-05 0.316666
9.9991E-05 0.304129 0.0293798 0.130445 0.535946
0.0598847 0.489927 0.031687 0.0225776 0.395923
0.0383413 0.56436 0.109434 0.0580985 0.229766
0.0276445 0.524207 0.0742785 0.114887 0.258983
0.211947 0.483851 0.222305 9.9991E-05 0.0817966
0.146977 0.371469 0.241913 0.0937345 0.145907
0.0983474 0.312487 0.342405 0.137445 0.109315
0.248082 0.304056 0.231671 0.107606 0.108585
0.170776 0.496691 0.223765 0.0146955 0.094072
0.165241 0.476285 0.197512 9.9991E-05 0.160863
0.190733 9.9982E-05 0.22044 9.9982E-05 0.588627
0.108081 0.507782 0.269578 0.0645511 0.0500092
0.372379 9.9982E-05 0.164553 9.9982E-05 0.462869
0.0253316 0.529106 0.265846 9.9991E-05 0.179616
9.9973E-05 0.226336 9.9973E-05 9.9973E-05 0.773364
9.9982E-05 0.0672956 9.9982E-05 0.0417187 0.890786
9.9982E-05 0.58233 0.0100021 9.9982E-05 0.407468
0.043133 0.645466 0.0429268 0.0236205 0.244854
9.9982E-05 0.441299 9.9982E-05 0.0196146 0.538886
0.0115221 0.622041 0.032887 0.00632338 0.327226
9.9982E-05 0.572596 0.106234 9.9982E-05 0.32097
0.816278 0.0848489 0.0484518 9.9991E-05 0.0503215
0.736546 9.9982E-05 0.0920373 0.171217 9.9982E-05
0.879103 9.9982E-05 0.048703 0.0719937 9.9982E-05
0.971565 0.0281348 9.9973E-05 9.9973E-05 9.9973E-05
0.0174179 0.591763 0.0572138 0.105503 0.228102
0.0777846 0.636516 0.0177657 0.0566829 0.211251
9.9982E-05 0.644668 9.9982E-05 0.0819919 0.27314
0.0312597 0.656209 0.0951925 0.0675461 0.149793
0.130763 0.522573 0.0786998 0.0775395 0.190425
9.9982E-05 0.379776 9.9982E-05 0.170073 0.449951
9.9982E-05 0.824221 9.9982E-05 0.0351967 0.140382
9.9973E-05 0.496584 9.9973E-05 9.9973E-05 0.503116
0.243427 0.417785 0.254784 0.0749749 0.00902891
9.9991E-05 0.556135 0.0349128 0.0362046 0.372648
9.9982E-05 0.498475 9.9982E-05 0.188077 0.313249
9.9991E-05 0.689998 0.00842383 0.105425 0.196053
9.9982E-05 0.597704 9.9982E-05 0.127037 0.275059
9.9982E-05 0.691542 0.0233997 9.9982E-05 0.284859
0.101842 0.664507 0.0168297 0.0677102 0.149111
9.9973E-05 0.29884 9.9973E-05 9.9973E-05 0.70086
0.0227821 0.437184 0.00633455 0.0210785 0.512621
9.9982E-05 0.472956 9.9982E-05 0.114474 0.41237
9.9973E-05 0.0697014 9.9973E-05 9.9973E-05 0.929999
0.0467903 0.568752 0.0258635 0.177517 0.181077
9.9982E-05 0.246078 9.9982E-05 0.0590369 0.694685
0.0064626 0.119249 9.9991E-05 0.0595473 0.814641
0.0301474 0.713577 0.0475677 0.031652 0.177056
0.0381368 0.434203 9.9991E-05 0.0955015 0.432059
9.9991E-05 0.569131 0.0373489 0.0893032 0.304117
0.0222572 0.603313 0.184163 0.00879975 0.181466
0.0405797 0.655142 9.9991E-05 0.166357 0.137821
9.9991E-05 0.325439 0.0854551 0.227287 0.361719
0.0424621 0.719209 9.9991E-05 0.0118712 0.226357
9.9991E-05 0.572333 0.0451415 0.158988 0.223437
9.9982E-05 0.486912 9.9982E-05 0.0283208 0.484567
0.0454726 0.590681 0.108703 0.0887664 0.166376
0.649776 0.0226279 9.9991E-05 0.296252 0.0312446
0.747607 0.0356135 0.0308503 0.118928 0.0670017
0.84341 9.9982E-05 9.9982E-05 0.112595 0.043795
0.80244 9.9982E-05 9.9982E-05 0.101947 0.0954131
0.758009 0.0560053 9.9982E-05 0.185786 9.9982E-05
9.9982E-05 0.334916 9.9982E-05 0.219046 0.445838
9.9982E-05 0.324344 9.9982E-05 0.200653 0.474803
9.9973E-05 0.394909 9.9973E-05 9.9973E-05 0.604791
0.0596471 0.636083 0.0368171 0.0361686 0.231284
0.183905 0.669958 0.019174 9.9991E-05 0.126863
0.0295762 0.502854 0.0100496 9.9991E-05 0.457421
9.9991E-05 0.667171 0.0768791 0.0176837 0.238166
0.0193113 0.644592 9.9991E-05 0.00175999 0.334237
0.072007 0.674824 9.9991E-05 0.0355981 0.217471
0.067884 0.681542 0.0479801 9.9991E-05 0.202494
9.9982E-05 0.394884 9.9982E-05 0.178034 0.426882
9.9982E-05 0.545171 9.9982E-05 0.155664 0.298966
9.9982E-05 0.515249 9.9982E-05 0.176941 0.30761
0.146429 0.686443 0.00326838 0.110149 0.0537108
0.0100667 0.567087 9.9991E-05 0.103775 0.318971
0.0163663 0.626185 9.9991E-05 0.0634005 0.293948
0.0737887 0.367215 0.48985 0.0358705 0.0332751
0.104799 0.322256 0.442771 0.0179932 0.112181
0.0485626 0.519619 0.419602 9.9991E-05 0.012117
0.144515 0.314912 0.464998 9.9991E-05 0.0754758
0.140721 0.506789 0.267109 0.0465273 0.0388526
9.9982E-05 0.574489 0.0762991 9.9982E-05 0.349012
0.242829 0.0199015 0.698185 9.9991E-05 0.0389843
0.195026 0.31495 0.466675 9.9991E-05 0.02325
0.212132 0.444838 0.170824 9.9991E-05 0.172105
0.178179 0.662682 9.9991E-05 0.00091031 0.158128
0.165226 0.512074 0.000701069 0.0789903 0.243009
0.149134 0.65616 9.9991E-05 0.0967462 0.0978592
0.156133 0.571309 0.0376234 0.0252657 0.209669
0.157 0.394263 0.448538 9.9982E-05 9.9982E-05
0.136754 0.408457 0.351899 0.102789 9.9991E-05
0.0691115 0.37346 0.557228 9.9982E-05 9.9982E-05
0.158539 0.447302 0.319637 0.0679503 0.00657212
0.13986 0.280887 0.514217 9.9991E-05 0.0649361
0.154197 0.328443 0.423335 9.9991E-05 0.0939243
0.164175 0.261146 0.574479 9.9982E-05 9.9982E-05
0.0545519 0.402684 0.417765 0.0954261 0.029573
0.107496 0.523482 0.0234803 0.0309816 0.31456
0.234711 0.382918 0.283287 0.0866115 0.0124725
0.17241 0.170009 0.65738 9.9982E-05 9.9982E-05
0.202083 0.360844 0.356545 0.0307593 0.0497686
0.201253 0.262678 9.9991E-05 0.237752 0.298217
0.00855851 0.575878 0.117958 0.0673879 0.230218
0.235943 0.337248 0.335292 0.0914162 9.9991E-05
0.0964592 0.560876 0.0948954 0.118373 0.129396
0.246863 0.504424 0.042555 0.0151902 0.190968
0.196562 0.36553 0.283307 9.9991E-05 0.1545
0.208017 0.304218 0.350289 9.9991E-05 0.137376
0.144068 0.42516 0.2225 0.0935488 0.114723
0.165682 0.361493 0.413444 0.00715329 0.0522275
0.0562898 0.400532 0.524563 9.9991E-05 0.0185153
0.226906 0.13866 0.623118 0.00416196 0.00715438
0.0933033 0.531204 0.119199 0.105721 0.150573
0.099207 0.528633 9.9991E-05 0.122889 0.249171
0.152729 0.165425 0.0649739 9.9991E-05 0.616772
0.162707 0.680715 0.103425 0.0328578 0.0202948
0.105442 0.475446 0.0451722 0.319336 0.0546041
0.221242 0.451465 0.180115 9.9991E-05 0.147078
0.151916 0.505911 0.0581361 0.150328 0.133709
0.332457 9.9982E-05 0.242326 9.9982E-05 0.425017
0.359104 9.9982E-05 0.164162 9.9982E-05 0.476534
0.195709 0.299845 0.142446 0.00847568 0.353524
0.38202 9.9982E-05 0.272038 9.9982E-05 0.345742
0.459394 9.9982E-05 0.267294 9.9982E-05 0.273111
0.134279 0.340364 0.176762 9.9991E-05 0.348495
0.220596 0.334364 0.225461 0.0140174 0.205561
0.302798 0.138016 0.242354 0.0696987 0.247133
0.342778 0.0337498 0.218779 9.9991E-05 0.404593
0.141826 0.469211 0.192089 9.9991E-05 0.196774
0.23947 0.117744 0.230709 9.9991E-05 0.411977
0.482577 9.9982E-05 0.109032 9.9982E-05 0.408192
0.196292 0.57195 0.18011 0.0515476 9.9991E-05
0.134527 0.186832 0.379634 0.0721227 0.226885
0.313959 0.479092 0.148399 9.9991E-05 0.0584497
0.202096 0.548412 0.249292 9.9982E-05 9.9982E-05
0.190173 0.577261 0.190253 0.00382646 0.0384862
0.153021 0.504707 0.28003 9.9991E-05 0.0621426
0.378776 0.389229 0.207392 0.0245024 9.9991E-05
0.219387 0.455446 0.219525 0.0143443 0.091297
0.297366 0.449344 0.24365 0.00752216 0.00211747
0.309615 0.243855 0.258698 0.0328888 0.154944
0.140562 0.386742 0.0964238 0.151374 0.224898
0.230232 0.553291 0.0804296 0.0680275 0.0680197
0.18712 0.568915 0.134007 0.0176667 0.0922908
0.159327 0.608502 0.124057 0.0211571 0.0869572
0.326591 0.325195 0.269064 0.0790497 9.9991E-05
0.215283 0.499527 0.193551 0.00158679 0.090052
0.393122 0.121258 0.271907 9.9991E-05 0.213613
0.152539 0.488323 0.291168 0.0678706 9.9991E-05
0.260216 0.0808851 0.419198 9.9991E-05 0.239601
0.822623 0.0288503 9.9991E-05 0.113052 0.035374
0.0567692 0.111222 0.0483018 0.773077 0.01063
9.997E-05 9.997E-05 9.997E-05 0.9996 9.997E-05
9.997E-05 9.997E-05 9.997E-05 0.9996 9.997E-05
9.9973E-05 9.9973E-05 0.00483679 0.994863 9.9973E-05
9.9973E-05 9.9973E-05 0.0469982 0.952702 9.9973E-05
9.9973E-05 0.0561315 9.9973E-05 0.943569 9.9973E-05
0.00755401 9.9973E-05 9.9973E-05 0.992146 9.9973E-05
0.177575 9.9982E-05 0.00140015 0.820825 9.9982E-05
0.884279 9.9991E-05 0.0363429 0.0663433 0.0129352
0.78748 0.100773 9.9982E-05 0.111547 9.9982E-05
0.916251 0.0172171 0.0576053 0.00882703 9.9991E-05
0.82676 0.0344278 9.9991E-05 0.125677 0.013036
0.838402 9.9982E-05 0.0656523 0.0957455 9.9982E-05
0.884395 9.9982E-05 9.9982E-05 0.0714617 0.0439433
0.771497 0.00941408 0.142569 0.0199297 0.0565902
0.880056 0.0590269 0.0343127 0.000880207 0.0257237
0.704826 0.0392044 0.0950875 0.147156 0.013726
0.925001 9.9982E-05 0.0532811 9.9982E-05 0.0215181
0.955829 9.9973E-05 9.9973E-05 0.0438711 9.9973E-05
0.884863 0.0158688 0.0368769 0.0371706 0.0252207
0.940175 9.9973E-05 9.9973E-05 0.0595249 9.9973E-05
0.937221 0.045594 0.0169849 9.9982E-05 9.9982E-05
0.867564 0.0746236 0.0357726 0.02194 9.9991E-05
0.850566 0.0896975 0.0595363 9.9982E-05 9.9982E-05
0.802112 0.0667719 0.130916 9.9982E-05 9.9982E-05
0.776401 0.155377 0.0680214 9.9982E-05 9.9982E-05
0.81239 0.118572 0.0688376 9.9982E-05 9.9982E-05
0.153513 0.521386 0.0283309 0.0421867 0.254583
0.132646 0.728015 9.9991E-05 0.0528256 0.0864142
0.125442 0.659211 0.0607197 0.0681692 0.0864579
0.0256457 0.0916537 0.133163 0.0375005 0.712037
0.141361 0.64547 0.0136034 0.157749 0.0418161
0.23414 0.0923722 0.0558548 9.9991E-05 0.617533
0.143025 0.692058 0.0287608 0.00582225 0.130334
0.112261 0.443595 9.9991E-05 0.172987 0.271057
0.102336 0.559409 0.00355158 0.106578 0.228126
9.9991E-05 0.629988 0.0504904 0.118755 0.200666
0.153168 0.541702 9.9991E-05 0.139629 0.165401
0.0814964 0.636962 0.0974456 0.0903085 0.0937871
0.0809072 0.658859 9.9991E-05 0.19509 0.0650433
9.9982E-05 9.9982E-05 0.109391 0.461685 0.428724
0.115883 9.9982E-05 9.9982E-05 0.0859727 0.797945
0.082432 0.0841457 0.143224 0.0554323 0.634766
0.159851 0.653574 0.0574943 0.0730391 0.0560413
0.127756 0.565045 0.0310648 0.0259011 0.250233
0.190527 0.581131 9.9982E-05 9.9982E-05 0.228142
0.116971 0.62627 0.0351823 9.9991E-05 0.221477
0.243841 0.519103 0.113969 0.00169157 0.121396
0.140645 0.667568 0.155277 9.9991E-05 0.0364104
0.393472 0.206062 0.122268 0.12939 0.148809
0.201436 0.721061 9.9991E-05 0.00641361 0.0709897
0.266708 0.415287 0.190935 0.0691786 0.0578912
0.468489 9.9982E-05 0.192562 9.9982E-05 0.338748
0.314636 0.329854 0.201917 9.9991E-05 0.153493
0.365032 0.2771 0.192807 0.101002 0.0640589
0.332021 0.429628 0.0846544 0.153597 9.9991E-05
0.0471158 0.425112 0.307789 0.123736 0.0962469
0.236021 0.574325 0.141759 0.0137105 0.0341843
0.171295 0.628154 0.168399 0.00929292 0.0228588
0.189582 0.353551 0.223892 9.9991E-05 0.232874
0.477183 0.306336 0.174517 0.0103023 0.031662
