0.0423514 0.0279977 0.929551 9.9991E-05
0.0496667 9.9982E-05 0.950133 9.9982E-05
9.999E-05 0.0619641 0.829602 0.108333
0.00441337 0.088337 0.839129 0.0681211
0.0281194 0.0855288 0.879776 0.00657602
0.116834 0.0664031 0.656299 0.160464
0.113374 0.0169286 0.869598 9.9991E-05
0.192718 0.0250407 0.782141 9.9991E-05
0.146382 9.9982E-05 0.853418 9.9982E-05
0.0616942 0.0760053 0.736154 0.126147
0.164023 9.9991E-05 0.75976 0.0761165
0.531337 0.044575 0.033886 0.390202
0.270525 0.175379 0.00977136 0.544324
0.483898 0.0692704 0.109308 0.337524
0.383826 0.17969 0.0892973 0.347187
0.257656 0.112536 0.187642 0.442166
0.19737 0.175375 0.0745819 0.552674
0.253433 0.135643 0.0153201 0.595604
0.265986 0.0996998 0.185744 0.44857
0.75385 0.0528846 0.114795 0.0784707
0.36591 0.0567354 0.0550275 0.522327
0.323237 0.0978689 0.103109 0.475784
0.161415 0.0297229 0.117973 0.69089
0.44559 0.141911 0.0415232 0.370976
0.204314 0.188041 0.0558799 0.551765
0.176814 0.123601 0.0457316 0.653854
0.469542 0.064927 0.124761 0.34077
0.501047 0.278134 0.0113357 0.209483
0.579083 0.0566799 0.0676224 0.296615
9.9991E-05 0.0850203 0.839857 0.0750225
9.9991E-05 0.0142501 0.8616 0.12405
9.9991E-05 0.104863 0.822499 0.0725383
9.9991E-05 0.0962795 0.776832 0.126788
0.200875 0.0679072 0.0279426 0.703275
0.220442 0.0743362 0.142268 0.562954
0.180036 0.0259467 0.032423 0.761594
0.523282 9.9991E-05 0.173885 0.302733
0.36406 0.0517579 9.9991E-05 0.584082
0.177706 0.0367461 0.127995 0.657553
0.108475 0.0711434 0.0423141 0.778067
0.0774544 9.9991E-05 0.109947 0.812499
0.0277682 0.0776647 0.172854 0.721713
0.575944 9.9991E-05 0.00728906 0.416667
0.0999971 0.161975 0.0484609 0.689567
0.146709 0.120944 0.0331852 0.699162
0.0681967 0.115502 0.174121 0.64218
0.365967 9.9982E-05 9.9982E-05 0.633833
0.0616313 0.0436442 0.0858498 0.808875
0.0934976 0.0304173 0.129997 0.746088
0.837945 9.9991E-05 0.0620396 0.0999152
0.645129 9.9991E-05 0.0322064 0.322565
0.742086 0.108672 0.0243887 0.124853
0.189315 0.0740425 0.126666 0.609977
0.169908 0.118858 0.0656482 0.645585
0.108318 0.16639 0.0949505 0.630342
0.590291 9.9991E-05 0.124515 0.285093
0.219507 0.0727736 0.0600422 0.647677
0.0983516 0.1805 0.108423 0.612726
0.368262 0.0458537 0.138955 0.446929
0.554766 0.0784239 0.232712 0.134097
0.257106 0.0188537 0.0808237 0.643216
0.277988 0.0232265 0.149518 0.549268
0.719725 9.9991E-05 0.118661 0.161514
0.347799 0.109667 0.0170522 0.525481
0.157266 0.170115 9.9991E-05 0.672519
0.13099 0.0104601 0.136305 0.722245
0.48023 0.10871 0.0561065 0.354953
0.280822 0.182215 0.0440406 0.492922
0.0371118 0.0470757 0.187222 0.72859
0.516275 9.9991E-05 0.0989576 0.384667
0.222744 9.9982E-05 9.9982E-05 0.777056
0.476861 9.9982E-05 9.9982E-05 0.522939
0.155108 0.083839 0.0770817 0.683971
0.702411 9.9982E-05 9.9982E-05 0.297389
0.761037 9.9982E-05 9.9982E-05 0.238763
0.417536 9.9982E-05 9.9982E-05 0.582264
0.254729 0.00882606 0.00367621 0.732768
0.114572 0.0622988 0.120664 0.702465
0.299117 0.0672323 9.9991E-05 0.633551
0.534115 9.9991E-05 0.0114684 0.454317
0.406726 9.9991E-05 0.107137 0.486037
0.139477 0.148114 0.100671 0.611738
0.396633 9.9991E-05 0.0154009 0.587866
0.248213 9.9991E-05 0.0425632 0.709124
0.328456 9.9982E-05 9.9982E-05 0.671344
0.746187 0.0190592 9.9991E-05 0.234654
0.169607 0.0723497 0.00224939 0.755793
9.9991E-05 0.0140037 0.8469 0.138996
9.9982E-05 9.9982E-05 0.929235 0.0705655
9.9991E-05 0.0668314 0.876053 0.0570154
9.9991E-05 0.0313728 0.957641 0.0108866
9.9991E-05 0.0456508 0.883569 0.0706799
9.9982E-05 9.9982E-05 0.927723 0.0720771
9.9991E-05 0.0188715 0.937382 0.0436466
0.122749 0.112275 0.140498 0.624478
0.156826 0.0202588 0.0908206 0.732094
0.628541 9.9991E-05 0.000652304 0.370707
0.156254 0.103511 0.0994226 0.640812
0.248923 9.9991E-05 0.0335092 0.717468
0.0738902 0.0279489 0.0910433 0.807118
0.224676 9.9991E-05 0.055291 0.719933
0.2015 0.0436831 0.0185537 0.736264
0.673159 9.9991E-05 0.0583555 0.268385
0.132452 0.0714448 0.104387 0.691716
0.166657 0.140998 0.0190518 0.673293
0.158659 0.0442077 0.129786 0.667347
0.43774 0.0387236 9.9991E-05 0.523436
0.244367 0.0534764 0.0214116 0.680745
0.291532 9.9991E-05 0.0298199 0.678548
0.304653 0.109138 9.9991E-05 0.586108
0.243812 9.9991E-05 0.112124 0.643964
0.113511 0.0759434 0.120591 0.689955
0.472881 0.106602 0.103739 0.316777
0.336937 0.11552 0.114644 0.432898
0.199043 0.133081 0.108113 0.559764
0.256461 0.0961666 0.0582812 0.589091
0.319431 0.0280045 0.04319 0.609375
0.237422 0.0598127 0.0583839 0.644381
0.302126 9.9991E-05 0.0838178 0.613957
0.191952 0.109265 0.105189 0.593594
0.187255 0.0792313 0.137956 0.595559
0.268519 0.0214262 0.0351223 0.674933
0.322057 9.9991E-05 0.0398352 0.638008
0.08282 0.059617 0.0894785 0.768085
0.208481 0.179011 0.0170382 0.59547
0.170135 0.037475 0.0086729 0.783717
0.144946 0.147041 0.107174 0.600839
0.31064 0.183422 9.9991E-05 0.505838
0.40834 0.108967 0.109693 0.372999
0.130034 0.0893325 0.0249991 0.755635
0.144193 0.0986112 0.0706809 0.686515
0.536845 0.079812 0.0459978 0.337345
0.64932 0.139841 0.0155632 0.195276
0.309426 0.103998 0.0233569 0.563219
0.738939 0.094333 9.9991E-05 0.166628
0.482688 9.9991E-05 0.0964704 0.420742
0.379312 9.9991E-05 0.0298577 0.590731
0.417464 9.9991E-05 0.0892977 0.493138
0.45508 9.9991E-05 0.0859442 0.458876
0.163692 0.0963454 0.0761758 0.663787
0.0871353 0.0465079 0.205238 0.661119
0.158195 0.142182 0.0655028 0.634121
0.666967 0.0984695 9.9991E-05 0.234464
0.173408 0.0401621 0.222805 0.563626
0.33338 0.0863909 9.9991E-05 0.580129
0.676818 0.0552665 0.193546 0.0743688
0.0713723 0.0994682 0.0833858 0.745774
0.421591 0.0950561 0.0753903 0.407963
0.185648 0.193083 0.0568878 0.564381
0.508216 0.0462554 0.18187 0.263659
0.515609 9.9991E-05 0.147984 0.336307
0.289834 0.0468925 0.0632621 0.600011
0.201857 0.0391513 0.19014 0.568851
0.335693 0.112188 0.172942 0.379177
0.619719 0.221625 0.0663743 0.0922823
0.21382 0.0391924 0.154931 0.592057
0.462663 9.9982E-05 9.9982E-05 0.537137
0.393175 0.065209 0.0103337 0.531283
0.0668259 0.0990985 0.113096 0.72098
0.158779 0.25042 0.366247 0.224554
0.195085 0.174305 0.630511 9.9991E-05
0.286288 0.212435 0.501178 9.9991E-05
0.17121 0.440503 0.388187 9.9991E-05
0.149021 0.0432648 9.9991E-05 0.807614
0.0801561 0.043187 0.120539 0.756118
9.9982E-05 0.743533 9.9982E-05 0.256267
0.088294 0.516504 0.0588436 0.336358
0.0145498 0.375237 0.152474 0.45774
0.45442 0.116545 0.0332432 0.395791
0.232795 0.0573183 0.110429 0.599457
0.536596 0.110294 0.0228922 0.330218
0.170416 0.0541417 0.0479744 0.727468
0.421323 0.11967 9.9991E-05 0.458907
0.279099 0.121003 0.0376267 0.562271
0.653971 0.0447698 9.9991E-05 0.301159
0.131259 0.164983 0.0228201 0.680938
0.199079 0.216481 0.0645912 0.51985
9.998E-05 0.9997 9.998E-05 9.998E-05
9.9982E-05 0.940133 9.9982E-05 0.0596674
0.0655167 0.60979 0.0495454 0.275148
0.003167 0.67867 9.9991E-05 0.318063
9.9982E-05 0.816695 9.9982E-05 0.183105
9.998E-05 0.9997 9.998E-05 9.998E-05
0.0379089 0.961891 9.9982E-05 9.9982E-05
9.9982E-05 0.889884 9.9982E-05 0.109916
0.00914387 0.965743 9.9991E-05 0.0250131
9.998E-05 0.9997 9.998E-05 9.998E-05
9.998E-05 0.9997 9.998E-05 9.998E-05
9.9991E-05 0.856317 0.00991994 0.133663
0.0108734 0.824487 0.0580421 0.106597
9.998E-05 0.9997 9.998E-05 9.998E-05
0.0761863 0.40588 0.112471 0.405463
0.0985036 0.635995 0.0531841 0.212317
9.9982E-05 0.830354 9.9982E-05 0.169446
9.9991E-05 0.914812 0.0300884 0.0549994
9.998E-05 0.9997 9.998E-05 9.998E-05
9.9991E-05 0.901313 0.0396046 0.0589822
9.998E-05 0.9997 9.998E-05 9.998E-05
9.9991E-05 0.634646 0.0901481 0.275106
0.0712837 0.928516 9.9982E-05 9.9982E-05
0.478647 0.142048 0.379205 9.9991E-05
0.185542 0.115964 0.257799 0.440696
0.236918 0.13406 0.221636 0.407387
0.338085 0.205012 0.258471 0.198432
0.197431 0.251422 0.109608 0.441539
0.339215 0.192377 0.270392 0.198015
0.166658 0.12751 0.253548 0.452285
0.217442 0.208879 0.222502 0.351176
0.0631759 0.213878 0.19818 0.524766
0.168046 0.288021 0.241903 0.30203
0.162707 0.165427 0.212376 0.45949
0.103143 0.0172891 0.86291 0.0166574
0.00872656 0.0754257 0.915748 9.9991E-05
0.00737192 9.9982E-05 0.992428 9.9982E-05
0.0161922 9.9991E-05 0.971654 0.0120533
0.020229 0.00706619 0.972605 9.9991E-05
9.9982E-05 0.106882 0.892918 9.9982E-05
9.9982E-05 0.0753201 0.92448 9.9982E-05
0.0716783 0.0104898 0.9147 0.00313181
9.9991E-05 0.00601369 0.944054 0.0498326
9.9991E-05 0.0841943 0.888187 0.027519
0.317399 0.00578888 0.676712 9.9991E-05
0.311913 9.9982E-05 0.687887 9.9982E-05
0.408828 9.9982E-05 0.590972 9.9982E-05
0.406594 9.9991E-05 0.553741 0.0395651
0.278966 9.9991E-05 0.0838472 0.637087
0.285223 0.0764353 9.9991E-05 0.638241
0.22559 0.0209979 0.12654 0.626872
0.307483 9.9991E-05 0.0801635 0.612253
0.600405 9.9991E-05 0.0774201 0.322075
0.0900629 0.100542 0.123601 0.685794
0.196633 0.0603173 9.9991E-05 0.74295
0.323374 9.9991E-05 0.0018961 0.67463
0.310344 0.0344045 9.9991E-05 0.655151
0.122764 0.129891 0.0182918 0.729053
0.31298 9.9991E-05 0.028149 0.658771
0.850489 9.9982E-05 9.9982E-05 0.149311
0.225079 0.0289534 0.0688234 0.677144
0.512973 0.0785731 9.9991E-05 0.408354
0.220853 0.0639184 9.9991E-05 0.715129
0.544346 9.9991E-05 0.0379854 0.417569
0.770059 9.9982E-05 0.229741 9.9982E-05
0.674584 9.9991E-05 0.225966 0.0993504
0.821908 9.9991E-05 0.173129 0.00486332
0.690911 9.9991E-05 0.270425 0.0385643
0.75859 9.9991E-05 0.124335 0.116975
0.727951 0.00687113 0.180604 0.0845738
9.9991E-05 0.0920178 0.889825 0.0180574
9.9991E-05 0.0785934 0.865961 0.0553457
9.9991E-05 0.126644 0.769683 0.103573
0.00465788 0.090181 0.810748 0.094413
0.0167148 0.113861 0.823394 0.0460301
0.567202 9.9982E-05 0.432598 9.9982E-05
0.478539 9.9982E-05 0.521261 9.9982E-05
0.480683 0.00104639 0.501817 0.0164536
9.9991E-05 0.04865 0.848137 0.103113
0.553961 9.9982E-05 0.445839 9.9982E-05
0.0474536 0.448685 0.2216 0.282262
0.0291213 0.333839 0.169849 0.46719
9.9991E-05 0.38808 0.0987222 0.513098
0.107108 0.292577 0.265669 0.334645
0.0772012 0.302878 0.139117 0.480804
0.155418 0.384988 0.459494 9.9991E-05
0.417698 9.9991E-05 0.0204459 0.561756
0.541929 0.10284 0.00538856 0.349843
0.434199 9.9991E-05 0.172118 0.393583
0.378188 0.117185 9.9991E-05 0.504526
0.982856 0.016944 9.9982E-05 9.9982E-05
0.235566 0.0556618 0.129126 0.579646
0.260861 0.0430594 0.126605 0.569475
0.471604 9.9991E-05 0.0700335 0.458262
0.169889 0.110136 0.0844881 0.635487
0.736842 0.0161084 9.9991E-05 0.246949
0.336001 0.102071 9.9991E-05 0.561827
0.277124 0.0662554 0.070329 0.586292
0.183513 0.317073 0.121529 0.377885
0.441949 0.0725294 9.9991E-05 0.485422
0.361618 0.0503355 0.0315258 0.556521
0.296539 0.170755 0.00273821 0.529968
0.311269 9.9982E-05 9.9982E-05 0.688531
0.117646 0.103506 0.0682699 0.710578
0.105818 0.0107685 0.162812 0.720602
0.117644 0.131883 0.102422 0.648051
9.9991E-05 0.100865 0.806868 0.0921669
9.9982E-05 9.9982E-05 0.888418 0.111382
0.0681589 0.0685794 0.787067 0.0761948
0.0443478 9.9991E-05 0.841919 0.113634
9.9991E-05 0.0453267 0.861949 0.0926241
0.554621 0.0275475 0.107458 0.310373
0.346528 0.244249 9.9991E-05 0.409123
0.0814765 0.247167 0.173991 0.497366
0.132098 0.0764558 0.0257329 0.765713
0.2124 0.0493733 0.0835281 0.654699
0.604484 0.150487 0.0377816 0.207248
0.656768 9.9991E-05 0.211506 0.131626
0.231817 0.0714352 0.0891037 0.607644
0.586535 0.0913063 0.120772 0.201387
0.343802 0.0837876 0.103003 0.469407
0.612718 0.0405576 0.227297 0.119428
0.105239 0.062338 0.133338 0.699085
0.557832 0.0334578 0.183768 0.224942
0.448355 0.0567038 0.0847822 0.410159
0.373869 0.129958 0.00913359 0.487039
0.504545 0.0722393 0.0708875 0.352328
0.138596 0.000455839 0.131224 0.729724
0.114458 9.9991E-05 0.200196 0.685247
0.44135 0.0184371 0.0706648 0.469548
0.157393 0.0828532 0.105327 0.654427
0.176264 0.00912272 0.157953 0.65666
0.731195 9.9982E-05 9.9982E-05 0.268605
0.536987 0.0470323 0.034914 0.381067
0.331565 0.0711467 0.0441763 0.553112
0.62294 9.9991E-05 0.0317746 0.345185
0.310275 9.9991E-05 0.0307075 0.658918
0.649382 0.0110738 0.112918 0.226626
0.582558 0.0779189 9.9991E-05 0.339423
0.348846 0.0881244 0.135888 0.427142
0.151581 0.163673 0.0591103 0.625636
0.591934 9.9982E-05 9.9982E-05 0.407866
0.298744 0.193556 0.0802752 0.427424
0.209243 0.0450903 0.0688961 0.67677
0.242506 0.155138 0.0285757 0.57378
0.264442 0.155156 0.0332596 0.547142
0.365105 0.086758 0.0444569 0.503681
0.588669 0.082809 9.9991E-05 0.328422
0.382614 0.101053 0.0582335 0.458099
0.223501 0.114804 9.9991E-05 0.661595
0.239086 0.106525 0.0696221 0.584767
0.311343 9.9991E-05 0.116153 0.572404
0.285742 0.189865 9.9991E-05 0.524293
0.332027 0.0585984 0.180376 0.428998
0.161678 0.0365189 0.10191 0.699892
0.241912 0.19779 0.0686824 0.491616
0.261982 0.213766 0.0556892 0.468563
9.9991E-05 0.172498 0.3707 0.456702
9.9991E-05 0.25157 0.187857 0.560474
0.0385413 0.219934 0.145994 0.595531
0.150752 0.159092 0.100521 0.589635
9.9991E-05 0.227597 0.262855 0.509447
0.413445 0.115698 9.9991E-05 0.470757
0.0846169 0.224034 0.178872 0.512478
0.507121 0.264836 0.227943 9.9991E-05
0.182714 0.301968 0.0834923 0.431826
0.124012 0.209173 0.134879 0.531936
0.132242 0.342981 0.090175 0.434602
0.249275 0.176729 0.178456 0.39554
0.0408159 0.21978 0.13236 0.607044
0.0553127 0.256477 0.136032 0.552179
0.239875 0.264222 0.495804 9.9991E-05
0.0502892 0.233436 0.254786 0.461489
0.0609755 0.312116 0.0928535 0.534055
0.140005 0.196777 0.0955201 0.567698
9.9991E-05 0.301404 0.179119 0.519377
0.140775 0.185744 0.169294 0.504187
0.324204 0.118849 0.0436523 0.513295
0.194928 0.166427 0.103705 0.534941
0.777998 9.9982E-05 9.9982E-05 0.221802
0.800691 0.0321209 9.9991E-05 0.167088
0.240954 0.077613 0.0592841 0.622149
0.0642381 0.369353 0.0930128 0.473397
0.0548438 0.405244 0.142222 0.39769
0.257284 0.381356 0.18023 0.18113
0.0737856 0.335825 0.205626 0.384764
0.54809 0.172611 0.121107 0.158192
0.507772 0.198903 0.0667355 0.226589
0.182686 0.2068 9.9991E-05 0.610414
0.231148 0.210694 0.0358971 0.522261
0.499811 0.19834 0.055303 0.246546
0.204867 0.220012 0.0172828 0.557838
0.231358 0.235202 9.9991E-05 0.53334
0.186247 0.264233 0.0384759 0.511045
0.441187 0.048193 9.9991E-05 0.51052
0.450791 0.114525 9.9991E-05 0.434584
0.189859 0.111539 0.0380062 0.660596
0.370573 0.184537 0.00222542 0.442664
0.296466 0.183972 0.0667059 0.452856
0.398838 0.107218 9.9991E-05 0.493844
0.584204 0.0321689 9.9991E-05 0.383527
0.177276 0.136546 0.0372713 0.648907
0.64765 0.00377936 9.9991E-05 0.34847
0.377294 0.0790464 9.9991E-05 0.54356
0.187322 0.0989422 0.0708902 0.642845
0.317153 0.0970149 0.00778034 0.578051
0.0159548 0.180498 0.184076 0.619472
0.157618 0.223571 0.189201 0.429609
0.128347 0.293021 0.156848 0.421784
0.240128 0.31757 0.153618 0.288683
0.14188 0.176245 0.163153 0.518722
0.0856506 0.206552 0.141475 0.566322
0.586402 0.249311 0.164187 9.9991E-05
0.00105977 0.22582 0.114792 0.658328
0.375194 0.215634 0.409072 9.9991E-05
0.114734 0.186918 0.0877943 0.610554
0.650899 0.00137989 9.9991E-05 0.347621
0.882843 0.0373559 9.9991E-05 0.0797012
0.294697 0.0359807 9.9991E-05 0.669223
0.185263 0.117053 9.9991E-05 0.697583
0.409073 0.0160309 9.9991E-05 0.574796
0.285777 0.0516798 9.9991E-05 0.662443
0.241501 0.107189 9.9991E-05 0.65121
0.0126639 0.0873347 0.816702 0.0832994
0.088829 0.126524 0.756974 0.0276732
9.9982E-05 0.0833274 0.916473 9.9982E-05
9.9982E-05 9.9982E-05 0.990453 0.00934669
0.195181 0.0419143 0.0437311 0.719173
0.208443 9.9991E-05 0.120281 0.671175
0.250983 9.9991E-05 0.0485947 0.700322
0.0732644 9.9991E-05 0.146335 0.7803
0.138735 0.0715654 0.128991 0.660708
0.480102 9.9991E-05 0.0355099 0.484288
0.0802519 9.9991E-05 0.0526552 0.866993
0.376098 9.9982E-05 9.9982E-05 0.623702
0.0546547 0.206773 0.258686 0.479886
0.345282 0.0624286 0.0116085 0.58068
0.384132 9.9982E-05 9.9982E-05 0.615669
0.225661 0.0592257 9.9991E-05 0.715013
0.337259 9.9982E-05 9.9982E-05 0.662541
0.225123 0.064409 9.9991E-05 0.710368
0.210535 9.9991E-05 0.0317953 0.757569
0.561516 9.9982E-05 9.9982E-05 0.438284
0.442512 9.9991E-05 0.0400145 0.517373
0.44724 9.9982E-05 9.9982E-05 0.55256
0.803222 9.9982E-05 9.9982E-05 0.196578
0.261361 0.0565765 0.083328 0.598735
0.633221 9.9982E-05 9.9982E-05 0.366579
0.82002 0.026561 9.9991E-05 0.153319
0.163327 0.0137377 0.0886454 0.73429
0.481133 9.9991E-05 0.0191378 0.499629
0.262737 0.0940646 9.9991E-05 0.643099
0.164822 0.0973658 0.0893825 0.64843
0.244094 0.028059 0.0157444 0.712103
0.485477 0.0802216 9.9991E-05 0.434202
0.181602 0.0470059 0.0515831 0.719809
0.211138 0.000328575 0.0565679 0.731965
0.376612 9.9982E-05 9.9982E-05 0.623188
0.155742 0.0775379 0.051238 0.715483
0.299677 9.9982E-05 0.700123 9.9982E-05
0.148865 0.00366362 0.776409 0.0710619
0.170939 9.9982E-05 0.828861 9.9982E-05
0.148743 9.9982E-05 0.851057 9.9982E-05
0.150325 9.9991E-05 0.802309 0.0472663
0.464911 9.9991E-05 0.07926 0.455729
0.479228 9.9991E-05 0.0773485 0.443323
0.464417 9.9982E-05 9.9982E-05 0.535383
0.181508 0.127615 0.0439207 0.646956
0.15015 0.0776618 0.123651 0.648537
0.460892 9.9991E-05 0.0100155 0.528993
0.18841 0.160867 9.9991E-05 0.650622
0.304269 0.0773572 9.9991E-05 0.618274
0.259025 9.9982E-05 9.9982E-05 0.740775
0.0825509 0.0510558 0.0388791 0.827514
0.489705 0.000950207 9.9991E-05 0.509244
0.320865 9.9991E-05 0.0134514 0.665583
0.319731 9.9991E-05 0.0134287 0.66674
0.150958 0.0824749 0.121558 0.645009
0.213996 9.9991E-05 0.06498 0.720924
0.219082 9.9991E-05 0.0540424 0.726776
9.9991E-05 0.471527 0.153728 0.374645
9.9991E-05 0.543363 0.125227 0.33131
9.9991E-05 0.513923 0.0741477 0.411829
9.9991E-05 0.552833 0.159524 0.287543
0.0322369 0.435001 0.131331 0.401431
0.176804 0.029131 0.0643297 0.729735
0.00322364 0.644948 0.265436 0.086393
0.00156432 0.508389 0.159574 0.330472
0.160176 0.192863 0.160071 0.486889
0.101846 9.9991E-05 0.194683 0.703372
0.218951 9.9991E-05 0.199537 0.581411
0.144691 0.0735242 0.117307 0.664478
0.0505432 0.0313997 0.15209 0.765967
9.9991E-05 0.486098 0.178736 0.335066
0.00523972 0.38942 0.117139 0.488201
9.9991E-05 0.495106 0.0714851 0.433309
0.13876 0.351617 0.150112 0.359511
0.0530047 0.59082 0.0503263 0.305849
0.0415746 0.472009 0.11146 0.374956
0.0529315 0.647214 0.140305 0.15955
0.00290231 0.44374 0.110897 0.442461
0.148092 0.0216022 0.150014 0.680292
0.00475518 0.378301 0.218322 0.398622
9.9991E-05 0.698304 0.147082 0.154514
0.110542 0.488546 0.0930148 0.307898
0.454762 9.9991E-05 0.244337 0.300801
0.206616 0.201891 9.9991E-05 0.591393
0.0640054 0.328807 0.200129 0.407058
0.178101 0.084123 0.134978 0.602797
0.130492 0.0629827 0.203459 0.603066
0.160956 0.177693 0.255135 0.406216
0.0480844 0.33012 0.254678 0.367117
0.129611 0.203206 0.103781 0.563402
0.0497981 0.410438 0.118522 0.421242
9.9991E-05 0.545716 0.0349965 0.419188
0.0379014 0.629071 0.224741 0.108287
0.085009 0.0973254 0.132771 0.684895
0.174426 9.9991E-05 0.130269 0.695206
0.563541 0.14892 0.158139 0.129399
0.0649313 0.0721776 0.167301 0.69559
0.289434 0.0858528 0.134668 0.490046
0.113161 0.173375 0.194658 0.518806
0.199257 0.114922 0.186586 0.499235
0.360713 0.256087 0.3831 9.9991E-05
0.384894 0.234058 0.380949 9.9991E-05
0.283477 0.168713 0.179886 0.367924
0.371573 0.29537 0.332957 9.9991E-05
0.21319 0.328625 0.458086 9.9991E-05
0.260784 0.305356 0.0988649 0.334996
0.183446 0.270781 0.212816 0.332957
0.245668 0.239907 0.298873 0.215553
0.394466 0.251953 0.301347 0.0522341
0.121853 0.131808 0.174028 0.572311
0.409063 0.233228 0.235689 0.12202
0.340354 0.14191 0.517636 9.9991E-05
0.0911581 0.271342 0.0863117 0.551188
0.237866 0.341361 0.139249 0.281524
9.9991E-05 0.195266 0.33412 0.470515
9.9991E-05 0.259613 0.131685 0.608602
0.0549478 0.202799 0.201068 0.541186
0.0254956 0.34789 0.210443 0.416172
9.9991E-05 0.249875 0.375677 0.374349
9.9991E-05 0.260199 0.234068 0.505633
9.9991E-05 0.332486 0.269151 0.398262
0.138637 0.339568 0.258218 0.263577
0.308391 0.147808 0.168801 0.375001
0.108303 0.165036 0.221168 0.505493
0.0923417 0.229109 0.180254 0.498296
0.120578 0.180336 0.0958297 0.603257
9.9991E-05 0.37811 0.274449 0.34734
0.0353767 0.303853 0.199244 0.461527
0.155287 0.282362 0.39148 0.170871
9.9991E-05 0.280044 0.192969 0.526887
0.168588 0.43659 0.273996 0.120826
0.106519 9.9991E-05 0.854633 0.0387485
0.583352 9.9991E-05 0.218609 0.197938
0.844919 9.9991E-05 0.134772 0.0202083
0.761694 9.9991E-05 0.190084 0.0481214
0.73465 9.9991E-05 0.131735 0.133515
0.760173 9.9991E-05 0.142718 0.0970095
0.766881 9.9991E-05 0.0956669 0.137352
0.797327 9.9982E-05 0.202473 9.9982E-05
0.607758 9.9991E-05 0.360471 0.0316711
0.000721401 0.0236488 0.925169 0.050461
0.104904 0.0643428 0.818759 0.011994
0.00764855 0.0581094 0.918255 0.0159868
0.0982551 9.9991E-05 0.864568 0.0370766
0.0177122 0.068745 0.907073 0.00647017
0.0593968 9.9982E-05 0.940403 9.9982E-05
0.0559157 0.20422 0.739764 9.9991E-05
0.017775 0.101673 0.880452 9.9991E-05
0.118994 0.0529555 0.707569 0.120481
9.9982E-05 0.0445209 0.955279 9.9982E-05
0.0357448 9.9982E-05 0.964055 9.9982E-05
0.0130994 0.0433143 0.903895 0.0396915
9.9982E-05 0.00668325 0.993117 9.9982E-05
9.9991E-05 0.041796 0.928981 0.0291233
9.9991E-05 0.000578195 0.907439 0.0918832
9.9991E-05 0.107192 0.850192 0.0425161
9.9991E-05 0.166436 0.812508 0.020956
9.9991E-05 0.0963333 0.789849 0.113718
9.9991E-05 0.0914699 0.83155 0.0768804
0.233301 0.0442282 0.222787 0.499683
0.0542012 9.9991E-05 0.117796 0.827903
0.0976199 0.0731931 0.165487 0.6637
0.621599 0.156879 0.0437832 0.177738
0.106781 9.9991E-05 0.195699 0.69742
0.568049 0.0766803 0.212355 0.142916
0.0658181 0.110653 0.147208 0.676321
0.268796 9.9991E-05 0.152359 0.578744
0.196883 0.0279881 0.133115 0.642014
0.256413 0.00479716 0.0540228 0.684767
0.366253 9.9991E-05 0.0978184 0.535828
0.154215 0.0595284 0.0767329 0.709524
0.116418 9.9991E-05 0.165839 0.717643
0.814859 0.121858 9.9991E-05 0.0631825
0.82955 0.0326045 0.124483 0.013362
0.582436 0.125607 0.0869547 0.205003
0.104588 0.140482 0.0382556 0.716674
0.184862 0.0632491 0.134332 0.617557
0.133516 0.00861522 0.195032 0.662836
0.113289 0.124273 0.0363702 0.726068
9.9991E-05 0.160356 0.215766 0.623779
0.0455325 0.229144 0.156278 0.569046
0.243327 0.153911 0.398792 0.203969
0.0262951 0.0250486 0.199769 0.748887
0.106051 0.147814 0.254143 0.491992
0.337086 0.226512 0.436303 9.9991E-05
0.0387676 0.289644 0.306332 0.365257
0.0824884 0.173695 0.398179 0.345638
0.0646672 0.0804328 0.359366 0.495534
0.22416 0.26695 0.131305 0.377586
9.9991E-05 0.19061 0.247751 0.561538
9.9991E-05 0.129443 0.202934 0.667523
0.0916967 0.270626 0.161679 0.475998
0.0218498 0.183925 0.446601 0.347624
