0.901043 0.0726313 0.026226 9.9991E-05
0.943898 9.9982E-05 0.0559017 9.9982E-05
0.808711 0.153482 0.0377066 9.9991E-05
0.807725 0.0925495 0.0996252 9.9991E-05
0.852931 0.119973 0.0269965 9.9991E-05
0.665236 0.0879399 0.0788006 0.168024
0.873643 0.0116927 0.0625328 0.0521318
0.774606 0.0503838 0.125204 0.0498066
0.880695 9.9982E-05 0.119105 9.9982E-05
0.72254 0.181239 0.0554496 0.0407715
0.782718 9.9991E-05 0.10229 0.114892
9.999E-05 0.146589 0.549263 0.304049
9.999E-05 0.379718 0.334901 0.285281
0.0635212 0.173419 0.444547 0.318512
0.0377784 0.32676 0.374329 0.261132
0.108353 0.295112 0.236343 0.360192
9.9991E-05 0.380919 0.306432 0.312549
0.0289889 0.376946 0.247666 0.346399
0.102832 0.257737 0.453049 0.186381
0.0675259 0.0819173 0.733142 0.117415
0.0237719 0.309564 0.283013 0.383651
0.0335116 0.279276 0.234765 0.452447
0.0043933 0.327433 0.223745 0.44443
0.00603873 0.225083 0.428993 0.339885
0.069788 0.42167 0.171631 0.336911
9.9991E-05 0.39947 0.308995 0.291436
0.0210031 0.179274 0.56049 0.239233
0.0222286 0.311156 0.490088 0.176528
0.0277213 0.117796 0.525985 0.328497
0.82015 0.168061 0.0116896 9.9991E-05
0.834513 0.149424 0.00333289 0.0127302
0.787731 0.14212 0.0700487 9.9991E-05
0.764934 0.198521 9.9991E-05 0.0364444
0.0012489 0.298494 0.171741 0.528517
0.0947843 0.231657 0.116262 0.557296
9.9991E-05 0.210329 0.0120909 0.77748
0.077113 0.100915 0.700536 0.121436
0.0537202 0.0789228 9.9991E-05 0.867257
0.0107445 0.319142 0.210073 0.460041
9.9982E-05 0.433932 9.9982E-05 0.565868
0.0662552 0.320938 0.177837 0.43497
0.0226709 0.380964 0.156695 0.43967
0.0541499 0.0337757 0.20538 0.706694
0.0139396 0.382893 0.0488213 0.554346
0.0349132 0.344714 0.0549522 0.56542
0.119471 0.355496 0.112568 0.412465
9.9982E-05 0.106861 9.9982E-05 0.892939
0.00835613 0.356597 0.0397501 0.595297
0.0455907 0.359082 0.172137 0.42319
0.186393 9.9991E-05 0.01723 0.796277
9.9991E-05 0.0449422 0.493228 0.46173
0.126928 9.9991E-05 0.240006 0.632966
9.9991E-05 0.377623 0.292087 0.330191
0.0337383 0.392098 0.110524 0.46364
0.0269063 0.387213 0.0177692 0.568111
0.126002 0.0435672 0.484508 0.345923
9.9991E-05 0.27478 0.260741 0.464379
0.0420256 0.367707 0.177046 0.413221
0.0833083 0.15029 0.303022 0.46338
0.22791 0.0730955 0.418757 0.280237
9.9991E-05 0.348758 0.235737 0.415405
0.0646307 0.300157 0.298322 0.33689
0.0729534 9.9991E-05 0.549236 0.37771
9.9991E-05 0.26288 0.321014 0.416005
9.9991E-05 0.388369 0.0387646 0.572766
9.9991E-05 0.396474 0.219582 0.383844
0.0445093 0.166546 0.343373 0.445572
9.9991E-05 0.303569 0.215996 0.480335
9.9991E-05 0.330905 0.241615 0.42738
0.0584238 0.0172755 0.400852 0.523448
9.9991E-05 0.21471 0.0452335 0.739956
0.0220545 0.0373389 0.184637 0.755969
0.0764902 0.304424 0.124259 0.494827
0.0649805 9.9982E-05 9.9982E-05 0.93482
0.036878 9.9991E-05 0.0545893 0.908433
9.9991E-05 0.0696914 0.00291136 0.927297
9.9991E-05 0.195287 0.172665 0.631948
0.0257366 0.398816 0.197224 0.378224
0.00890771 0.224416 0.0630825 0.703594
0.072582 0.0880134 0.262874 0.57653
0.0452034 0.0639801 0.316822 0.573994
0.0450323 0.291573 0.116468 0.546927
0.0542293 0.0956394 0.0741755 0.775956
0.0279299 0.194058 0.133349 0.644663
0.0088896 0.0985946 9.9991E-05 0.892416
0.0932731 9.9991E-05 0.0688444 0.837782
9.9991E-05 0.361832 0.0875428 0.550525
0.786949 0.132258 0.0806937 9.9991E-05
0.899654 0.100146 9.9982E-05 9.9982E-05
0.829765 0.170035 9.9982E-05 9.9982E-05
0.915587 0.0842134 9.9982E-05 9.9982E-05
0.898659 0.0872799 9.9991E-05 0.013961
0.896752 0.0941304 0.0090175 9.9991E-05
0.924352 0.0754477 9.9982E-05 9.9982E-05
0.00127362 0.3089 0.19048 0.499346
0.0820108 0.362586 0.14219 0.413213
0.0151021 9.9991E-05 0.210706 0.774092
0.0698656 0.305346 0.0155492 0.609239
0.028614 0.230774 0.158421 0.582191
0.0164547 0.336005 0.0803434 0.567197
9.9982E-05 0.261702 9.9982E-05 0.738098
9.9982E-05 0.317126 9.9982E-05 0.682674
0.100235 9.9991E-05 0.311014 0.588651
0.0762622 0.356428 0.0913385 0.475971
0.0174833 0.392226 0.120752 0.469539
0.0190882 0.427738 0.205032 0.348142
0.0509952 0.10563 9.9991E-05 0.843275
9.9982E-05 0.226757 9.9982E-05 0.773043
9.9991E-05 0.257056 0.116477 0.626367
9.9991E-05 0.190818 0.0640785 0.745004
0.0216557 0.214659 0.209487 0.554198
0.106081 0.363215 0.128102 0.402602
0.0798155 0.098197 0.386392 0.435595
0.0685983 0.316259 0.400317 0.214826
0.0790665 0.382175 0.20994 0.328819
9.9991E-05 0.411651 0.209328 0.378921
0.02714 0.228292 0.445784 0.298785
9.9991E-05 0.370457 0.370108 0.259335
9.9991E-05 0.309248 0.46453 0.226122
9.9991E-05 0.371517 0.200413 0.42797
9.9991E-05 0.382944 0.165033 0.451923
0.00437151 0.316007 0.251191 0.428431
9.9991E-05 0.289591 0.328028 0.382281
9.9991E-05 0.448413 0.208326 0.343161
0.0878448 0.361627 0.234252 0.316276
9.9991E-05 0.372431 0.248537 0.378932
0.0315003 0.337213 0.227654 0.403633
9.9991E-05 0.397448 0.242505 0.359947
0.0951579 0.1909 0.3122 0.401743
9.9991E-05 0.440783 0.267545 0.291572
9.9991E-05 0.324121 0.21366 0.462119
0.0271066 0.179156 0.495144 0.298594
0.0707499 0.0854053 0.361485 0.48236
9.9991E-05 0.304043 0.26987 0.425986
0.0158994 0.0550838 0.354787 0.57423
0.0465 0.120233 0.494138 0.339129
9.9991E-05 0.182843 0.3485 0.468558
9.9991E-05 0.139043 0.506619 0.354237
9.9991E-05 0.190788 0.486424 0.322688
9.9991E-05 0.332569 0.2647 0.402631
0.0657706 0.370054 0.238594 0.325582
9.9991E-05 0.381506 0.310987 0.307407
0.045946 0.0459843 0.398595 0.509475
0.101869 0.338711 0.118073 0.441347
0.0409395 0.30894 0.109989 0.540131
0.289269 9.9991E-05 0.122118 0.588514
0.0878538 0.36841 0.0834789 0.460257
0.115349 0.174625 0.0719144 0.638112
0.139476 0.338651 0.0986995 0.423173
0.212383 0.0897482 0.104052 0.593817
0.179357 9.9991E-05 0.178397 0.642146
0.0317408 0.198664 0.207632 0.561963
0.0426479 0.326333 0.221296 0.409722
0.150311 0.281803 0.194757 0.373129
0.242378 0.0461321 0.0561138 0.655376
0.012506 0.393199 0.0582723 0.536022
9.9991E-05 0.0915578 0.162167 0.746176
9.9991E-05 0.225408 0.182846 0.591646
0.0984122 0.360933 0.0175094 0.523146
0.404165 0.298091 9.9991E-05 0.297644
0.781951 0.103107 9.9991E-05 0.114842
0.701058 0.0761699 9.9991E-05 0.222672
0.530275 0.372913 0.00626831 0.0905442
9.9991E-05 0.339328 0.0366686 0.623904
0.0901179 0.302288 0.0773193 0.530275
9.9991E-05 0.859714 0.048418 0.0917678
0.0476014 0.593565 0.163433 0.195401
0.114146 0.638113 0.156826 0.0909145
0.0762096 0.149315 0.0512882 0.723187
0.07158 0.298004 0.058865 0.571551
0.135417 0.0254368 9.9991E-05 0.839046
9.9991E-05 0.299145 0.0826871 0.618068
0.0671126 0.211234 0.012769 0.708884
9.9991E-05 0.384577 0.0138082 0.601514
0.134076 9.9991E-05 0.0392145 0.82661
9.9991E-05 0.41836 0.0474632 0.534077
0.102582 0.307237 0.0310486 0.559132
0.0660408 0.933759 9.9982E-05 9.9982E-05
0.08163 0.91817 9.9982E-05 9.9982E-05
0.0843581 0.759015 0.0904449 0.0661822
0.00622698 0.880555 0.112351 0.000867376
0.121565 0.878235 9.9982E-05 9.9982E-05
0.0678178 0.931982 9.9982E-05 9.9982E-05
0.0947129 0.905087 9.9982E-05 9.9982E-05
0.00407884 0.995721 9.9982E-05 9.9982E-05
0.0161108 0.979055 0.00473407 9.9991E-05
0.0812092 0.918591 9.9982E-05 9.9982E-05
0.0750472 0.924753 9.9982E-05 9.9982E-05
0.0708511 0.896979 0.0320698 9.9991E-05
0.0960098 0.826216 0.0776739 9.9991E-05
0.0750012 0.924799 9.9982E-05 9.9982E-05
0.0900805 0.595651 0.0741148 0.240153
0.0701132 0.793557 0.13623 9.9991E-05
0.101632 0.89776 9.9991E-05 0.000507697
0.0928417 0.906958 9.9982E-05 9.9982E-05
0.0774836 0.922316 9.9982E-05 9.9982E-05
0.164241 0.835559 9.9982E-05 9.9982E-05
0.0899467 0.909853 9.9982E-05 9.9982E-05
0.11199 0.773963 0.00696971 0.107077
0.103941 0.882739 0.0132204 9.9991E-05
0.527978 9.9982E-05 9.9982E-05 0.471822
0.21285 0.269496 0.152007 0.365646
0.233447 0.2748 0.0838317 0.407921
0.365596 0.149715 9.9991E-05 0.484589
0.131153 0.414387 0.0712976 0.383162
0.351726 0.153815 9.9991E-05 0.494359
0.204166 0.224976 0.0215657 0.549293
0.174681 0.327361 9.9991E-05 0.497858
0.119353 0.374767 0.0575344 0.448346
0.221002 0.365517 9.9991E-05 0.41338
0.125091 0.348535 0.14055 0.385824
0.825442 0.0392916 0.07002 0.065246
0.947821 0.0519787 9.9982E-05 9.9982E-05
0.97904 9.9982E-05 0.0207598 9.9982E-05
0.969654 0.0249134 0.00533268 9.9991E-05
0.892416 0.0715154 0.0359689 9.9991E-05
0.922166 0.0776341 9.9982E-05 9.9982E-05
0.878527 0.116907 0.00446594 9.9991E-05
0.920644 0.0596298 9.9991E-05 0.0196265
0.934472 0.0569342 9.9991E-05 0.00849356
0.892076 0.107724 9.9982E-05 9.9982E-05
0.647089 9.9991E-05 0.289944 0.0628666
0.619701 9.9982E-05 0.380099 9.9982E-05
0.579393 9.9991E-05 0.305895 0.114613
0.52444 9.9991E-05 0.382707 0.0927524
0.0347362 0.236019 0.149366 0.579879
0.0358779 0.323258 0.172036 0.468828
9.9991E-05 0.357947 0.155497 0.486456
0.00956023 0.178176 0.268378 0.543886
9.9991E-05 0.0767604 0.662218 0.260922
9.9991E-05 0.409868 0.12115 0.468882
9.9991E-05 0.329238 0.103723 0.566939
9.9991E-05 0.241178 0.198149 0.560574
9.9991E-05 0.180203 0.0376663 0.782031
9.9991E-05 0.402004 0.190068 0.407828
9.9991E-05 0.165216 0.22637 0.608314
0.0151108 9.9991E-05 0.135817 0.848973
0.0645977 0.242073 0.131059 0.562271
0.0604165 0.0775161 0.0735436 0.788524
9.9991E-05 0.26327 0.0418386 0.694791
0.0709255 9.9991E-05 0.252038 0.676937
0.139631 9.9991E-05 0.857849 0.00242007
0.13954 0.000477097 0.810542 0.0494408
0.0791972 9.9982E-05 0.920603 9.9982E-05
0.14378 9.9982E-05 0.85602 9.9982E-05
0.0765188 9.9991E-05 0.84023 0.0831516
0.111626 0.0829189 0.805355 9.9991E-05
0.867716 0.107687 0.00783856 0.0167588
0.810284 0.0850575 0.104558 9.9991E-05
0.754374 0.173381 0.0235981 0.0486467
0.75759 0.160772 0.0815376 9.9991E-05
0.792884 0.154257 0.0527596 9.9991E-05
0.434518 9.9982E-05 0.565282 9.9982E-05
0.527636 9.9991E-05 0.446264 0.0259998
0.452564 9.9991E-05 0.497966 0.0493698
0.791721 0.145423 0.0627564 9.9991E-05
0.430325 9.9991E-05 0.50815 0.0614245
0.25161 0.537674 0.0235487 0.187166
0.130046 0.495614 0.0961365 0.278204
0.10756 0.715168 9.9991E-05 0.177172
0.257401 0.418656 0.0426518 0.281291
0.1343 0.479669 0.135002 0.251029
0.583518 0.321323 9.9991E-05 0.0950593
9.9991E-05 0.202936 0.44101 0.355954
0.0502929 0.131936 0.258563 0.559207
0.0845861 0.141513 0.533641 0.24026
9.9991E-05 0.24569 0.193278 0.560931
0.0727473 9.9991E-05 0.236156 0.690997
0.0318155 0.344114 0.237571 0.386499
0.0214253 0.279579 0.19537 0.503626
0.0371925 0.166631 0.452955 0.343222
0.0472302 0.38202 0.120947 0.449803
0.0834878 9.9991E-05 0.323972 0.59244
0.00552646 0.334515 0.186214 0.473745
9.9991E-05 0.317932 0.402571 0.279397
0.111988 0.372349 0.180482 0.335181
9.9991E-05 0.10958 0.280983 0.609337
9.9991E-05 0.263731 0.335245 0.400924
9.9991E-05 0.351545 0.158642 0.489713
9.9991E-05 0.306693 0.196416 0.496791
0.01974 0.371944 0.194347 0.413968
0.0625767 0.310008 0.199008 0.428408
0.0200911 0.315466 0.230062 0.43438
0.781342 0.186035 9.9991E-05 0.0325227
0.856951 0.107112 9.9991E-05 0.0358372
0.777433 0.0537275 0.0914127 0.0774272
0.859775 0.0653602 0.00398456 0.07088
0.806039 0.164815 0.0290461 9.9991E-05
9.9991E-05 0.133048 0.65953 0.207322
0.0440621 0.416062 0.175443 0.364432
0.187313 0.405558 0.0783363 0.328792
9.9991E-05 0.40706 0.258109 0.334732
0.0188429 0.268038 0.410147 0.302971
0.0430086 0.169716 0.327817 0.459458
0.169136 9.9991E-05 0.641446 0.189317
9.9991E-05 0.356219 0.393219 0.250462
0.120376 0.105381 0.549654 0.22459
0.052514 0.222757 0.197116 0.527613
0.140839 0.0570973 0.604873 0.197191
0.0109661 0.422564 0.237541 0.328929
0.0528953 0.0914174 0.628237 0.22745
0.0387946 0.2287 0.377143 0.355362
0.0320784 0.225749 0.123266 0.618907
0.143986 0.0967412 0.0790092 0.680264
0.0980454 0.247612 0.0680297 0.586313
0.0539293 0.336973 0.089976 0.519122
0.0695648 0.0848193 0.14139 0.704226
0.0678716 0.303112 0.19483 0.434187
9.9991E-05 0.258542 0.146192 0.595166
0.074502 9.9991E-05 0.092777 0.832621
0.122672 0.0344447 0.0261205 0.816763
0.0851032 0.243104 0.0254917 0.646302
0.138508 9.9991E-05 0.134683 0.726709
0.0322073 0.154298 0.184624 0.628871
0.0644048 0.0509025 0.609725 0.274968
9.9991E-05 0.1331 0.376098 0.490702
0.0221351 0.244352 0.475783 0.25773
9.9991E-05 0.446905 0.259223 0.293772
9.9991E-05 0.104553 0.592332 0.303015
0.106878 0.293291 0.140179 0.459652
0.0580861 0.400415 0.281692 0.259806
9.9991E-05 0.30653 0.347592 0.345778
9.9991E-05 0.324518 0.278706 0.396676
9.9991E-05 0.306428 0.512055 0.181417
9.9991E-05 0.193437 0.60784 0.198622
9.9991E-05 0.245176 0.508911 0.245813
9.9991E-05 0.346994 0.275787 0.377119
9.9991E-05 0.333934 0.190592 0.475375
0.0935951 0.189346 0.312897 0.404162
9.9991E-05 0.345468 0.315846 0.338586
0.0497467 0.273078 0.52915 0.148025
9.9991E-05 0.340976 0.282037 0.376887
0.0253307 0.347441 0.293026 0.334202
0.00241372 0.446893 0.213277 0.337417
0.308253 0.414884 0.0410528 0.235811
0.139046 0.47412 0.0490726 0.337762
0.169801 0.42511 0.0315436 0.373545
0.0372809 0.458676 0.139913 0.364131
0.199564 0.449165 9.9991E-05 0.351171
9.9991E-05 0.222783 0.252902 0.524215
0.0675574 0.475394 0.17616 0.280889
0.409539 0.0646776 9.9991E-05 0.525683
0.107506 0.462449 0.118787 0.311258
0.0719023 0.488436 0.191749 0.247912
0.0420784 0.50702 0.0873101 0.363591
0.193697 0.275248 0.159007 0.372048
0.138692 0.499581 0.00906619 0.352661
0.0970089 0.526415 0.0798706 0.296706
0.657918 0.115895 9.9991E-05 0.226087
0.134449 0.553849 0.102433 0.209269
0.164123 0.51943 0.0718687 0.244578
0.0768251 0.464913 0.0735406 0.384721
0.161794 0.465097 0.0196531 0.353456
0.0808471 0.491399 0.188386 0.239368
0.0591208 0.281041 0.123253 0.536585
0.0597325 0.294157 0.239794 0.406316
0.0466996 9.9991E-05 0.144305 0.808896
0.0831741 9.9991E-05 0.116672 0.800054
9.9991E-05 0.300173 0.145148 0.554579
0.169423 0.526473 9.9991E-05 0.304004
0.146522 0.482736 9.9991E-05 0.370643
0.283045 0.377587 9.9991E-05 0.339268
0.190771 0.5346 9.9991E-05 0.274529
0.247 0.0569757 9.9991E-05 0.695925
0.234191 0.152286 9.9991E-05 0.613424
9.9982E-05 0.403081 9.9982E-05 0.59672
0.0939743 0.359227 0.0115067 0.535292
0.140899 0.189206 9.9991E-05 0.669795
9.9991E-05 0.425398 0.10632 0.468181
0.0247545 0.405526 0.0590992 0.51062
0.0636751 0.415781 0.153042 0.367501
0.0476031 0.101399 0.169865 0.681133
0.0322448 0.202448 0.102454 0.662852
9.9991E-05 0.339772 0.111503 0.548625
0.0401228 0.220719 0.209501 0.529657
0.0903657 0.351171 0.139713 0.418751
9.9991E-05 0.22369 0.108189 0.668022
9.9991E-05 0.0737808 0.191253 0.734867
0.0064624 0.341215 0.0154671 0.636855
0.0379829 0.0759703 0.100387 0.78566
9.9991E-05 0.218281 0.0700873 0.711532
0.0582432 0.358312 0.104948 0.478497
0.0321465 0.266736 0.0893882 0.611729
0.149897 0.485603 0.0218138 0.342686
0.148766 0.351727 0.167447 0.33206
0.185902 0.445521 0.0340829 0.334494
0.120341 0.400115 0.134441 0.345102
0.0471668 0.488891 0.176747 0.287195
0.222751 0.309981 0.0529302 0.414339
0.391379 0.0244248 9.9991E-05 0.584096
0.0114764 0.599686 0.091291 0.297546
0.565985 0.0777496 9.9991E-05 0.356165
0.0601419 0.457209 9.9991E-05 0.48255
0.0490065 9.9982E-05 9.9982E-05 0.950794
0.117118 9.9991E-05 0.0465236 0.836258
9.9991E-05 0.216537 0.123334 0.660029
9.9982E-05 0.39272 9.9982E-05 0.60708
9.9991E-05 0.121838 0.0753904 0.802671
0.0329948 0.203418 0.00401715 0.75957
9.9991E-05 0.289379 0.00844902 0.702072
0.821442 0.0945264 0.0408276 0.0432036
0.790957 0.141686 0.0575097 0.00984652
0.906931 0.0622218 0.0307468 9.9991E-05
0.939787 0.0600127 9.9982E-05 9.9982E-05
0.042392 0.286391 0.0423126 0.628904
0.0729604 0.234273 0.0795102 0.613256
9.9991E-05 0.178116 0.0719826 0.749801
0.0646202 0.383788 0.102952 0.44864
0.0523838 0.301866 0.102993 0.542757
0.0345237 0.066511 0.18998 0.708985
9.9991E-05 0.342924 0.0783859 0.57859
0.0193525 0.107291 0.0767537 0.796603
0.217786 0.475982 0.0677202 0.238512
9.9991E-05 0.246334 0.119952 0.633614
9.9991E-05 0.171118 0.210457 0.618325
9.9991E-05 0.323643 0.108386 0.567871
0.0130673 0.179494 0.121205 0.686234
9.9982E-05 0.247026 9.9982E-05 0.752774
9.9991E-05 0.304436 0.0686827 0.626781
9.998E-05 9.998E-05 9.998E-05 0.9997
0.0305011 0.106716 0.137836 0.724947
9.9991E-05 0.108844 0.0898257 0.80123
0.0216777 9.9982E-05 9.9982E-05 0.978122
9.9991E-05 0.247197 0.207044 0.545658
0.0707063 9.9991E-05 0.0271837 0.90201
0.116857 9.9982E-05 9.9982E-05 0.882943
9.9991E-05 0.277368 0.0533494 0.669182
0.040093 0.0715608 0.182877 0.705469
0.007033 0.232817 0.177091 0.583059
0.0809568 0.322595 0.0317476 0.564701
9.9991E-05 0.241643 0.166425 0.591832
9.9991E-05 0.268635 0.425922 0.305343
9.9991E-05 0.293849 0.103095 0.602956
9.9991E-05 0.226123 0.217429 0.556347
9.9991E-05 0.0705983 0.0712531 0.858049
9.9991E-05 0.287532 0.0935815 0.618787
0.710137 9.9982E-05 0.289663 9.9982E-05
0.760955 0.0636851 0.109185 0.066175
0.857757 9.9982E-05 0.142043 9.9982E-05
0.827106 9.9982E-05 0.172694 9.9982E-05
0.732676 9.9991E-05 0.255788 0.0114362
0.0303127 0.0754313 0.275741 0.618515
0.103986 9.9991E-05 0.182965 0.71295
0.00155283 0.0330247 9.9991E-05 0.965322
0.0992499 0.390863 0.0986737 0.411214
0.0703042 0.363624 0.0651921 0.50088
0.0472372 0.110427 9.9991E-05 0.842236
9.9991E-05 0.284927 0.0448449 0.670128
0.0260027 0.194351 0.0688428 0.710804
9.9991E-05 0.257267 0.0765272 0.666106
9.9991E-05 0.321415 0.120485 0.558
9.9991E-05 0.101546 0.200414 0.69794
9.9991E-05 0.154209 0.124853 0.720838
9.9991E-05 0.120567 0.201099 0.678234
0.0581617 0.340639 0.102189 0.499011
9.9991E-05 0.156307 0.0898946 0.753698
9.9991E-05 0.284488 0.11663 0.598782
0.00441499 0.719441 0.0705511 0.205593
0.153979 0.631764 0.0630199 0.151237
0.127909 0.705533 0.0545047 0.112054
0.15852 0.664551 9.9991E-05 0.176828
0.0711708 0.605666 0.0906376 0.232526
0.00480287 0.274739 0.0616065 0.658851
0.336885 0.662915 9.9982E-05 9.9982E-05
0.20908 0.61009 9.9991E-05 0.18073
0.168253 0.377268 9.9991E-05 0.454379
0.129535 0.293087 0.0967341 0.480645
0.16309 0.277586 0.089698 0.469626
0.110832 0.360285 0.0531489 0.475734
0.0914109 0.345734 0.147735 0.415121
0.214945 0.645636 0.00527376 0.134146
0.0934802 0.646656 0.118752 0.141112
0.0535368 0.743306 0.0611722 0.141985
0.110812 0.540571 0.0718368 0.27678
0.162572 0.669092 9.9991E-05 0.168236
0.113089 0.541776 0.0467932 0.298342
0.166876 0.70678 9.9991E-05 0.126244
0.0197852 0.699271 0.0674447 0.2135
0.110507 0.312904 9.9991E-05 0.576489
0.11822 0.634886 0.137068 0.109826
0.221497 0.763959 9.9991E-05 0.0144439
0.156984 0.563375 0.0839403 0.195701
0.209677 0.0592133 0.312968 0.418141
9.9991E-05 0.432439 0.193475 0.373986
0.154225 0.577056 0.101008 0.167711
0.0815166 0.381611 0.213223 0.32365
0.111306 0.247676 0.141067 0.499951
0.215587 0.483053 9.9991E-05 0.30126
0.239683 0.435342 0.0387949 0.286181
0.0330251 0.417228 0.0917179 0.458029
0.146317 0.598768 9.9991E-05 0.254815
0.0922653 0.739396 9.9991E-05 0.168239
0.27528 0.676581 0.000207376 0.0479309
0.0949304 0.394908 0.085236 0.424925
0.0916117 0.22876 0.185536 0.494093
0.273182 0.024551 9.9991E-05 0.702167
0.0847139 0.399164 0.0718895 0.444233
0.0752362 0.272583 0.295196 0.356984
0.228404 0.39382 0.00041426 0.377362
0.179492 0.319669 0.173151 0.327688
0.545421 0.101096 9.9991E-05 0.353383
0.52561 0.0802946 9.9991E-05 0.393996
0.268886 0.203045 0.052113 0.475956
0.497569 0.141716 9.9991E-05 0.360615
0.597357 0.188195 9.9991E-05 0.214348
0.163926 0.319827 0.0195128 0.496735
0.289861 0.337742 9.9991E-05 0.372297
0.387253 0.243466 9.9991E-05 0.369181
0.420414 0.202075 9.9991E-05 0.377411
0.112101 0.464983 0.0742694 0.348647
0.328318 0.106268 9.9991E-05 0.565314
0.670078 0.0325837 9.9991E-05 0.297238
0.00593704 0.465744 0.220408 0.307911
0.242695 0.416158 0.0336638 0.307483
0.210243 0.506592 0.0683629 0.214802
0.128123 0.612627 9.9991E-05 0.259149
0.171405 0.468497 9.9991E-05 0.359997
0.197675 0.480051 9.9991E-05 0.322174
0.376748 0.426588 0.083736 0.112928
0.177005 0.487584 0.121535 0.213876
0.199826 0.544052 0.0963455 0.159777
0.298515 0.409558 0.0831536 0.208774
0.251183 0.234213 0.130312 0.384292
0.154915 0.337194 0.155978 0.351913
0.150379 0.382446 0.132978 0.334197
0.0400417 0.451247 0.17338 0.335331
0.306692 0.529435 0.0579427 0.105931
0.175043 0.506492 0.0814184 0.237047
0.457774 0.334583 9.9991E-05 0.207543
0.207814 0.436253 0.0680588 0.287875
0.296696 0.420789 9.9991E-05 0.282415
0.819368 9.9991E-05 0.13334 0.0471917
0.049604 0.0143067 0.812852 0.123237
0.0198338 9.9982E-05 0.979966 9.9982E-05
0.0171886 9.9982E-05 0.982611 9.9982E-05
9.998E-05 9.998E-05 0.9997 9.998E-05
0.0145784 9.9982E-05 0.985222 9.9982E-05
9.9982E-05 0.0212588 0.978541 9.9982E-05
0.0775792 9.9982E-05 0.922221 9.9982E-05
0.210733 9.9982E-05 0.789067 9.9982E-05
0.879468 0.0944339 0.0259983 9.9991E-05
0.792523 0.076533 0.130844 9.9991E-05
0.898765 0.101035 9.9982E-05 9.9982E-05
0.833334 0.0416182 0.124948 9.9991E-05
0.878746 0.0909661 0.0301884 9.9991E-05
0.889948 0.00943823 0.100514 9.9991E-05
0.750234 0.20166 0.0480058 9.9991E-05
0.853519 0.122538 0.0238433 9.9991E-05
0.70821 0.111684 0.170549 0.00955763
0.907121 0.0926788 9.9982E-05 9.9982E-05
0.977834 9.9982E-05 0.0219659 9.9982E-05
0.839271 0.114441 0.0461887 9.9991E-05
0.942581 0.03605 0.0212691 9.9991E-05
0.926998 0.0728015 9.9982E-05 9.9982E-05
0.844848 0.115974 0.0390777 9.9991E-05
0.855381 0.144419 9.9982E-05 9.9982E-05
0.755099 0.244701 9.9982E-05 9.9982E-05
0.769706 0.230094 9.9982E-05 9.9982E-05
0.808473 0.184331 0.00709593 9.9991E-05
0.138775 0.168491 0.166123 0.526611
0.0212747 0.301687 0.0631354 0.613902
0.0985132 0.37493 0.061122 0.465435
0.228177 9.9982E-05 9.9982E-05 0.771623
0.066315 0.313563 0.195734 0.424388
0.350062 9.9982E-05 9.9982E-05 0.649738
0.115176 0.360244 0.0359124 0.488668
0.0499248 0.233192 0.259029 0.457854
0.110983 0.238368 0.1298 0.520848
9.9991E-05 0.290818 0.097361 0.611721
0.0935081 0.263723 0.18737 0.455399
0.0715695 0.339273 0.0242672 0.56489
0.0068746 0.324727 0.190678 0.47772
0.0458788 0.0217973 0.527498 0.404826
0.199493 9.9991E-05 0.10768 0.692727
0.239863 0.00859785 0.0730024 0.678537
0.0395546 0.39525 0.123851 0.441345
0.111178 0.280717 0.159732 0.448373
0.111004 0.287209 0.0512881 0.550499
0.0267866 0.429221 0.0717388 0.472253
0.210119 0.438376 0.0555429 0.295962
0.125568 0.528511 0.115427 0.230494
0.438752 0.234385 0.167811 0.159052
0.0408125 0.37987 0.209995 0.369322
0.213456 0.328922 0.162907 0.294715
0.59285 0.102152 9.9991E-05 0.304898
0.306887 0.363196 9.9991E-05 0.329816
0.309851 0.318651 0.164866 0.206631
0.276265 0.355553 0.188511 0.179671
0.138734 0.433993 0.152725 0.274548
0.137391 0.494328 0.0365587 0.331722
0.106864 0.479483 0.0974083 0.316245
0.199402 0.384604 0.00215586 0.413837
0.458415 0.346369 0.0190059 0.17621
