0.0393955 9.9991E-05 0.00936642 0.951138
0.00182699 9.9991E-05 0.0289484 0.969125
0.0500628 0.106021 9.9991E-05 0.843816
0.0834221 0.0523041 0.033542 0.830732
0.0335452 0.0459507 9.9991E-05 0.920404
0.0640802 0.1026 0.136621 0.696699
0.0307935 9.9991E-05 0.0749884 0.894118
9.999E-05 0.0275107 0.156641 0.815749
9.9982E-05 9.9982E-05 0.144085 0.855715
0.0143128 0.174282 0.0499703 0.761435
9.9991E-05 0.00917018 0.182222 0.808507
0.0584278 0.372913 0.499944 0.0687153
0.0425303 0.648751 0.2272 0.081518
0.0935233 0.31844 0.500515 0.0875216
0.16781 0.419071 0.321782 0.0913372
0.108468 0.465086 0.227418 0.199028
0.0860105 0.69408 0.100168 0.119742
0.0978264 0.566481 0.26911 0.0665831
0.0826503 0.393071 0.328479 0.1958
0.00920841 0.191532 0.643018 0.156241
0.119626 0.471223 0.373533 0.0356183
0.192974 0.472831 0.260374 0.073821
9.9991E-05 0.735261 0.179896 0.084743
0.0683082 0.479648 0.369379 0.0826647
0.177729 0.604038 0.162868 0.0553651
0.102867 0.65694 0.169646 0.0705469
0.0916413 0.355991 0.469075 0.083292
0.197274 0.313368 0.419447 0.0699108
0.00731028 0.353634 0.577196 0.0618591
0.156344 0.0164449 9.9991E-05 0.827111
0.0341978 0.107634 9.9991E-05 0.858069
0.0266387 0.180679 9.9991E-05 0.792582
0.0864286 0.155321 9.9991E-05 0.75815
0.0126295 0.763474 0.198928 0.0249688
9.9991E-05 0.740961 0.154664 0.104275
9.9991E-05 0.866068 0.0797879 0.0540438
9.9991E-05 0.274305 0.552578 0.173017
9.9991E-05 0.601253 0.390261 0.00838614
0.0781805 0.660092 0.19684 0.0648882
0.0544307 0.904252 0.0412172 9.9991E-05
9.9991E-05 0.769318 0.0532121 0.17737
0.0595913 0.718902 0.0678007 0.153706
9.9982E-05 0.40499 0.59481 9.9982E-05
0.0884429 0.668971 0.166782 0.0758042
0.164034 0.658562 0.129478 0.0479259
0.132136 0.68327 0.0428849 0.14171
9.9982E-05 0.637165 0.362635 9.9982E-05
0.0073643 0.84676 0.0726328 0.0732428
0.128496 0.5826 0.239912 0.0489922
0.00381192 0.038805 0.841827 0.115556
9.9991E-05 0.322439 0.638161 0.0393005
0.00975785 0.143588 0.732427 0.114228
0.093514 0.645917 0.169474 0.0910949
0.0843784 0.681011 0.0990615 0.13555
0.132818 0.635012 0.109288 0.122882
9.9991E-05 0.373444 0.475318 0.151138
9.9991E-05 0.758254 0.141813 0.0998326
0.104348 0.615752 0.117008 0.162891
0.0272806 0.541375 0.277571 0.153773
0.00873537 0.194966 0.49947 0.296828
0.0277694 0.692891 0.158483 0.120857
0.0578014 0.516573 0.301778 0.123848
9.9991E-05 0.1495 0.736759 0.113641
9.9991E-05 0.674812 0.275614 0.0494737
0.14257 0.779073 0.0782579 9.9991E-05
0.100577 0.614966 0.262663 0.0217939
0.0728658 0.395957 0.432801 0.0983757
0.0899033 0.559232 0.335957 0.0149074
0.096551 0.725642 0.105682 0.0721258
9.9991E-05 0.330834 0.579092 0.0899734
9.9982E-05 0.778492 0.221308 9.9982E-05
9.9982E-05 0.50071 0.49909 9.9982E-05
0.00927405 0.741744 0.156772 0.0922102
0.00337454 0.250846 0.745679 9.9991E-05
9.9982E-05 0.268291 0.731509 9.9982E-05
9.9982E-05 0.540879 0.458921 9.9982E-05
9.9991E-05 0.687549 0.29863 0.013721
0.064191 0.674849 0.0753536 0.185606
0.0059962 0.677968 0.235673 0.0803625
9.9991E-05 0.415928 0.505135 0.0788371
9.9991E-05 0.476139 0.471773 0.0519878
0.0977807 0.566239 0.215128 0.120853
0.00226125 0.572846 0.367476 0.0574171
9.9991E-05 0.712412 0.257595 0.0298923
9.9982E-05 0.624584 0.375216 9.9982E-05
0.081407 0.125524 0.792969 9.9991E-05
0.00811238 0.749297 0.242491 9.9991E-05
0.0519604 0.119345 9.9991E-05 0.828595
9.9982E-05 0.0810367 9.9982E-05 0.918763
0.049593 0.0618959 9.9991E-05 0.888411
0.024868 0.026676 9.9991E-05 0.948356
0.00218068 0.106934 9.9991E-05 0.890785
0.0366157 0.060556 9.9991E-05 0.902728
0.0409158 0.00478795 9.9991E-05 0.954196
0.0890439 0.562175 0.188749 0.160032
0.0989796 0.714285 0.0966074 0.0901283
9.9991E-05 0.365888 0.630488 0.00352468
0.0552981 0.74363 0.0576204 0.143451
9.9991E-05 0.627125 0.274868 0.097907
0.0357076 0.732093 0.137151 0.0950488
9.9991E-05 0.754746 0.177985 0.0671686
9.9991E-05 0.752684 0.226699 0.0205169
9.9991E-05 0.172522 0.771248 0.0561296
0.0259911 0.692949 0.0850485 0.196011
0.0314073 0.687905 0.167778 0.11291
0.200895 0.546555 0.210094 0.042456
0.0799052 0.443372 0.466857 0.00986547
0.0268544 0.723449 0.229501 0.0201956
0.0450409 0.588586 0.337319 0.0290548
0.0837091 0.587051 0.32914 9.9991E-05
9.9991E-05 0.595025 0.278301 0.126575
9.9991E-05 0.59816 0.177394 0.224345
0.00453938 0.347042 0.527353 0.121065
0.133745 0.422543 0.297682 0.14603
0.0957148 0.600415 0.159859 0.144012
0.120793 0.619813 0.150181 0.109213
9.9991E-05 0.610898 0.321935 0.0670672
0.0382443 0.628113 0.235583 0.0980595
0.0890437 0.545662 0.318544 0.046751
0.0304731 0.603038 0.240658 0.125831
0.0253881 0.653684 0.18562 0.135307
0.0452949 0.673797 0.185489 0.0954193
9.9991E-05 0.647693 0.29054 0.0616674
0.0972881 0.651183 0.22131 0.0302195
0.153336 0.680247 0.10001 0.0664074
0.0724416 0.670974 0.256484 9.9991E-05
0.133956 0.657803 0.14912 0.0591202
0.129837 0.626449 0.20598 0.037734
0.0521242 0.468471 0.318775 0.160629
0.152055 0.648392 0.187201 0.0123515
0.111502 0.716512 0.171885 9.9991E-05
0.0525749 0.341523 0.508678 0.0972243
0.0746707 0.238083 0.606831 0.0804148
0.0357547 0.671032 0.255639 0.0375749
0.122521 0.104242 0.773137 9.9991E-05
9.9991E-05 0.382787 0.504159 0.112953
9.9991E-05 0.581475 0.357888 0.0605373
9.9991E-05 0.508732 0.395572 0.0955962
0.0204223 0.480633 0.456542 0.0424025
9.9991E-05 0.780369 0.0979954 0.121536
0.198637 0.558783 0.110552 0.132029
0.0266004 0.712077 0.152356 0.108967
0.0798951 0.194811 0.673167 0.0521271
0.0558775 0.579356 0.14611 0.218657
0.152121 0.522173 0.246048 0.0796582
0.0219146 0.0773004 0.664413 0.236372
0.0155283 0.74655 0.040716 0.197206
0.0858913 0.42591 0.376983 0.111216
0.19132 0.563361 0.236852 0.00846728
0.0726033 0.3329 0.468158 0.126338
9.9991E-05 0.306886 0.537457 0.155557
0.00772608 0.553386 0.344116 0.0947714
0.175867 0.490477 0.205576 0.128079
0.157473 0.469257 0.186391 0.18688
0.278337 0.00898371 0.656721 0.0559587
0.054444 0.598563 0.181665 0.165328
9.9982E-05 0.534405 0.465395 9.9982E-05
0.0293306 0.588784 0.381786 9.9991E-05
0.174802 0.565863 0.206545 0.0527905
0.280687 0.19101 0.153568 0.374736
0.205256 9.9991E-05 0.188034 0.60661
0.229308 9.9991E-05 0.28165 0.488942
0.385886 0.0527211 0.17521 0.386183
0.027945 0.788295 0.17056 0.0131999
0.0556433 0.672627 0.12588 0.145849
0.730322 0.269478 9.9982E-05 9.9982E-05
0.54308 0.306143 0.150677 9.9991E-05
0.443207 0.368932 0.13097 0.0568907
0.0917406 0.413844 0.456122 0.0382937
0.0930843 0.591198 0.22004 0.0956776
0.0925782 0.290689 0.615626 0.00110667
0.0485221 0.699192 0.207628 0.0446577
0.00621662 0.596043 0.332638 0.0651022
0.120509 0.678313 0.159765 0.0414116
0.0604092 0.307439 0.632052 9.9991E-05
0.0805295 0.709317 0.124687 0.0854665
0.0690749 0.60514 0.173028 0.152757
0.99172 9.9982E-05 0.00807956 9.9982E-05
0.96178 0.0159798 0.0221403 9.9991E-05
0.629718 0.329467 9.9991E-05 0.0407152
0.768174 0.231627 9.9982E-05 9.9982E-05
0.831192 0.0912274 0.0540791 0.023501
0.9997 9.998E-05 9.998E-05 9.998E-05
0.982693 9.9991E-05 0.0123104 0.00489686
0.902734 0.0970664 9.9982E-05 9.9982E-05
0.998864 9.9982E-05 0.000936048 9.9982E-05
0.9997 9.998E-05 9.998E-05 9.998E-05
0.9997 9.998E-05 9.998E-05 9.998E-05
0.779977 0.188237 9.9991E-05 0.0316858
0.78657 0.111343 9.9991E-05 0.101987
0.9997 9.998E-05 9.998E-05 9.998E-05
0.413775 0.38329 0.119986 0.0829494
0.712545 0.232655 0.0286707 0.0261294
0.766777 0.152691 9.9991E-05 0.0804317
0.930886 0.0689139 9.9982E-05 9.9982E-05
0.9997 9.998E-05 9.998E-05 9.998E-05
0.900636 0.0284176 0.0175871 0.053359
0.9997 9.998E-05 9.998E-05 9.998E-05
0.658278 0.221615 0.0688844 0.0512232
0.927438 0.0227884 0.0389483 0.0108254
0.107901 9.9991E-05 0.488009 0.40399
0.0684933 0.455087 0.248858 0.227561
0.0723883 0.553073 0.135533 0.239006
0.22124 0.169241 0.367452 0.242067
0.264841 0.428508 0.191434 0.115217
0.14781 0.238081 0.309323 0.304786
0.162329 0.43953 0.213276 0.184865
0.262872 0.361818 0.221821 0.15349
0.139053 0.560564 0.129507 0.170876
0.298916 0.367195 0.158101 0.175788
0.0493976 0.538652 0.137126 0.274824
9.9991E-05 0.0848803 0.0442886 0.870731
0.080605 9.9982E-05 9.9982E-05 0.919195
9.998E-05 9.998E-05 9.998E-05 0.9997
9.9982E-05 0.0164429 9.9982E-05 0.983357
0.0438938 9.9991E-05 0.018847 0.937159
0.0705768 9.9991E-05 0.0169693 0.912354
0.12032 9.9982E-05 9.9982E-05 0.87948
0.00807575 0.0100723 0.0572034 0.924649
9.9982E-05 0.0475531 9.9982E-05 0.952247
0.101625 9.9982E-05 9.9982E-05 0.898175
9.9982E-05 9.9982E-05 0.329133 0.670667
9.9991E-05 0.0325618 0.330951 0.636387
9.9982E-05 9.9982E-05 0.401052 0.598748
9.9991E-05 0.0221435 0.423143 0.554614
9.9991E-05 0.678594 0.237295 0.0840116
0.0477275 0.619549 0.283296 0.0494277
0.0318939 0.744877 0.205407 0.0178218
9.9991E-05 0.51278 0.401587 0.0855333
9.9991E-05 0.319662 0.605509 0.0747293
0.0813519 0.686963 0.140702 0.090983
0.0517511 0.743954 0.204195 9.9991E-05
0.00852748 0.668266 0.323107 9.9991E-05
9.9982E-05 0.592171 0.407629 9.9982E-05
0.0565383 0.662042 0.182049 0.0993701
9.9991E-05 0.614263 0.338514 0.0471236
0.0145952 0.11505 0.870255 9.9991E-05
0.012199 0.748532 0.198954 0.040315
0.0841543 0.360874 0.554872 9.9991E-05
0.0533031 0.682912 0.263685 9.9991E-05
9.9991E-05 0.322307 0.651735 0.0258586
9.9991E-05 0.0173191 0.706568 0.276013
9.9991E-05 0.142006 0.660095 0.197799
9.9991E-05 0.0703791 0.780066 0.149455
9.9991E-05 0.0595566 0.710686 0.229658
9.9991E-05 0.107642 0.776817 0.115441
0.0111996 0.132527 0.633225 0.223049
0.0503113 0.0601216 9.9991E-05 0.889467
0.0448647 0.126354 9.9991E-05 0.828681
0.208846 0.062069 9.9991E-05 0.728985
0.126054 0.065555 0.00057802 0.807813
0.0917183 0.0932729 0.00403708 0.810972
9.9982E-05 9.9982E-05 0.503652 0.496148
9.9982E-05 9.9982E-05 0.467244 0.532556
0.00181999 0.00811189 0.475027 0.515041
0.0648754 0.108837 9.9991E-05 0.826188
9.9982E-05 9.9982E-05 0.534317 0.465483
0.374076 0.338508 0.00723746 0.280179
0.233191 0.629163 9.9991E-05 0.137546
0.34027 0.516858 9.9991E-05 0.142772
0.191981 0.450837 0.0339499 0.323232
0.184022 0.602252 9.9991E-05 0.213626
0.36726 9.9991E-05 0.152593 0.480046
0.00801026 0.615352 0.354483 0.0221543
0.0673537 0.368806 0.516553 0.0472872
9.9991E-05 0.365622 0.472356 0.161923
0.0734553 0.570858 0.355587 9.9991E-05
0.0172892 9.9982E-05 0.982511 9.9982E-05
0.156894 0.547702 0.237901 0.0575028
0.0590691 0.576939 0.352538 0.011454
9.9991E-05 0.458662 0.409453 0.131785
0.0507205 0.675008 0.119637 0.154635
0.0353737 0.189191 0.775335 9.9991E-05
0.0907276 0.530089 0.347104 0.0320794
0.0777331 0.608381 0.30107 0.0128162
0.163113 0.506767 0.131206 0.198914
0.091985 0.508283 0.399632 9.9991E-05
0.071716 0.486772 0.351681 0.0898317
0.132494 0.545365 0.322041 9.9991E-05
9.9982E-05 0.727122 0.272678 9.9982E-05
0.0526402 0.750824 0.148621 0.0479152
0.0853819 0.580505 0.19494 0.139173
0.0727826 0.578176 0.182566 0.166476
0.0986499 0.0955397 9.9991E-05 0.80571
0.054945 0.0849077 9.9991E-05 0.860047
9.9991E-05 0.0871317 0.0942578 0.818511
0.0277799 0.08246 0.0375673 0.852193
0.0116574 0.139226 9.9991E-05 0.849016
0.0139402 0.293296 0.552326 0.140438
0.175238 0.549174 0.236588 0.039
0.212308 0.431324 0.13923 0.217139
0.100043 0.796087 0.0785673 0.0253034
0.0368967 0.516387 0.309559 0.137157
0.186186 0.191235 0.602299 0.0202795
9.9991E-05 0.0414707 0.735214 0.223216
0.0325195 0.626697 0.295075 0.0457089
0.0474669 0.216174 0.57538 0.160979
0.15386 0.486634 0.314066 0.0454401
0.0236687 0.178525 0.600258 0.197549
0.140784 0.643837 0.121935 0.0934443
9.9991E-05 0.297172 0.543154 0.159573
0.12304 0.31409 0.487348 0.0755221
0.0763799 0.547965 0.285442 0.0902123
0.0724249 0.318741 0.55797 0.0508648
0.0691921 0.661671 0.186333 0.0828038
0.029997 0.808782 0.0756888 0.085532
0.00922796 0.519924 0.417624 0.0532243
0.132344 0.593814 0.24489 0.0289525
0.00977357 0.748317 0.160806 0.0811033
9.9982E-05 0.273644 0.726156 9.9982E-05
0.0535243 0.370284 0.571088 0.00510387
0.0228981 0.592784 0.316243 0.0680752
9.9991E-05 0.295147 0.650388 0.0543646
9.9991E-05 0.611388 0.312732 0.07578
0.0368743 0.173658 0.69652 0.0929477
0.0976744 0.276747 0.625479 9.9991E-05
0.0322045 0.478767 0.377689 0.111339
0.170273 0.65219 0.152481 0.0250565
9.9982E-05 0.445865 0.553935 9.9982E-05
0.129386 0.506453 0.280884 0.0832764
0.112503 0.632096 0.213738 0.0416632
0.167923 0.502084 0.258729 0.0712642
0.0844618 0.582097 0.253137 0.0803037
0.0244682 0.597965 0.285556 0.0920115
0.0777804 0.332117 0.539285 0.0508182
0.0968698 0.40967 0.462901 0.0305593
0.087363 0.665397 0.24714 9.9991E-05
0.182064 0.614557 0.146285 0.0570945
0.0790677 0.417854 0.439195 0.0638827
0.174714 0.516438 0.308748 9.9991E-05
0.0295708 0.457089 0.349963 0.163378
9.9991E-05 0.757246 0.1705 0.0721539
0.082962 0.644326 0.179467 0.093245
0.18416 0.441339 0.242823 0.131677
0.15058 0.463308 9.9991E-05 0.386012
0.297705 0.475595 0.0590175 0.167683
0.198421 0.603164 0.0383168 0.160098
0.161821 0.6835 0.115415 0.0392642
0.327773 0.433381 0.0464027 0.192443
0.103528 0.544041 0.352331 9.9991E-05
0.15065 0.572753 9.9991E-05 0.276497
0.221611 0.0525338 0.441424 0.284431
0.247228 0.500345 0.184242 0.0681856
0.149974 0.695545 0.0535648 0.100917
0.352149 0.414548 0.174623 0.0586801
0.26154 0.33103 0.258376 0.149054
0.172655 0.564046 0.0406229 0.222677
0.255772 0.533841 9.9991E-05 0.210287
0.260214 9.9991E-05 0.215793 0.523893
0.333102 0.491729 0.0235831 0.151586
0.315479 0.511844 0.00666952 0.166007
0.215126 0.602734 0.0972104 0.08493
0.209752 0.563497 0.0264484 0.200303
0.236513 0.542735 0.0901449 0.130607
0.187654 0.453952 0.342628 0.0157657
0.175442 0.430969 0.28956 0.104029
0.065058 0.12807 0.806772 9.9991E-05
0.0347957 0.115628 0.849476 9.9991E-05
0.16458 0.541085 0.245377 0.0489574
0.342856 0.434517 0.0715609 0.151066
0.466522 0.289411 0.162361 0.0817069
0.391661 0.172731 0.198891 0.236716
0.413308 0.282954 0.159813 0.143925
0.234358 0.07818 0.599341 0.088121
0.272461 0.180496 0.487846 0.0591973
0.198653 0.587146 0.214101 9.9991E-05
0.191713 0.529636 0.277779 0.000871555
0.256121 0.18511 0.536347 0.0224226
0.200905 0.523956 0.230833 0.0443069
0.208548 0.582759 0.208593 9.9991E-05
0.201302 0.490363 0.172961 0.135375
9.9991E-05 0.483025 0.500195 0.0166803
0.16057 0.370903 0.468426 9.9991E-05
0.0918534 0.627585 0.279392 0.00116946
0.0914884 0.447114 0.38123 0.0801677
0.166718 0.458287 0.314788 0.0602072
0.0032109 0.623433 0.373256 9.9991E-05
0.0658268 0.289845 0.644228 9.9991E-05
0.093888 0.625328 0.215037 0.0657477
0.0928203 0.317266 0.589813 9.9991E-05
0.135392 0.507881 0.356137 0.000588797
0.0356007 0.612626 0.254987 0.0967864
0.0508161 0.570087 0.355281 0.0238159
0.23114 0.532061 0.058572 0.178227
0.261577 0.432851 0.17255 0.133022
0.356577 0.366432 0.16709 0.109901
0.252677 0.388159 0.152333 0.206831
0.162589 0.507759 0.093654 0.235998
0.263324 0.453326 0.156432 0.126918
0.262659 9.9991E-05 0.594984 0.142257
0.260113 0.629501 0.00150459 0.108882
0.244257 9.9991E-05 0.370828 0.384815
0.263202 0.552344 0.111306 0.0731486
0.0370934 0.246325 0.716481 9.9991E-05
0.0571409 0.018794 0.923965 9.9991E-05
0.0164936 0.656849 0.326557 9.9991E-05
0.0936654 0.802306 0.0997732 0.00425534
0.00785213 0.56782 0.424228 9.9991E-05
0.0971669 0.59858 0.304153 9.9991E-05
0.064542 0.684053 0.251305 9.9991E-05
0.0670925 0.111512 0.0155397 0.805856
0.150574 9.9991E-05 0.089897 0.759429
0.0576037 9.9982E-05 9.9982E-05 0.942196
9.9982E-05 0.0431954 9.9982E-05 0.956605
0.0657935 0.565365 0.296003 0.0728382
9.9991E-05 0.707183 0.207153 0.0855638
9.9991E-05 0.728661 0.264362 0.00687756
9.9991E-05 0.805947 0.0935132 0.100439
0.109605 0.660641 0.125009 0.104746
9.9991E-05 0.500225 0.480259 0.0194159
0.0660173 0.787501 0.140945 0.00553694
9.9991E-05 0.588104 0.390373 0.0214229
0.160027 0.557346 0.0321601 0.250466
0.0629988 0.631794 0.305107 9.9991E-05
9.9982E-05 0.610365 0.389435 9.9982E-05
0.0125916 0.799654 0.171025 0.0167289
9.9991E-05 0.597891 0.378153 0.0238557
0.0254715 0.773199 0.20123 9.9991E-05
0.045625 0.748897 0.142294 0.0631836
9.9982E-05 0.39954 0.60026 9.9982E-05
0.0216372 0.439326 0.526796 0.0122409
0.0354467 0.480364 0.44374 0.0404483
9.9982E-05 0.225377 0.774423 9.9982E-05
0.0780092 0.569216 0.319902 0.0328736
9.9991E-05 0.303348 0.693908 0.00264482
0.0031688 0.138208 0.858523 9.9991E-05
0.0298679 0.713948 0.19488 0.061304
9.9991E-05 0.461134 0.515529 0.0232376
0.0459053 0.684471 0.253579 0.0160446
0.148891 0.574061 0.190909 0.0861384
0.0209603 0.737959 0.199381 0.0416996
0.14425 0.340875 0.514775 9.9991E-05
0.026887 0.748907 0.224106 9.9991E-05
0.00461003 0.697854 0.236254 0.0612818
9.9982E-05 0.574518 0.425282 9.9982E-05
0.121185 0.656696 0.158944 0.0631756
9.9982E-05 9.9982E-05 0.298568 0.701232
9.9991E-05 0.0737398 0.122133 0.804027
9.9982E-05 9.9982E-05 0.131407 0.868393
9.9982E-05 9.9982E-05 0.130609 0.869192
9.9991E-05 0.0439336 0.184401 0.771566
9.9991E-05 0.41152 0.543714 0.0446664
9.9991E-05 0.364183 0.577998 0.0577198
9.9982E-05 0.450903 0.548897 9.9982E-05
0.10621 0.663109 0.104392 0.126289
0.108959 0.689228 0.0942883 0.107525
9.9991E-05 0.617405 0.370088 0.0124071
0.066756 0.776185 0.156959 9.9991E-05
9.9991E-05 0.656052 0.272515 0.0713336
0.0782698 0.644787 0.276843 9.9991E-05
9.9991E-05 0.820353 0.126589 0.0529586
9.9982E-05 0.542943 0.456858 9.9982E-05
9.9982E-05 0.648785 0.351015 9.9982E-05
9.9991E-05 0.6203 0.377619 0.00198135
9.9991E-05 0.677583 0.0778604 0.244457
9.9991E-05 0.699593 0.281283 0.0190243
9.9991E-05 0.691557 0.253845 0.0544983
0.505374 0.396151 0.0256165 0.072858
0.496456 0.372783 0.0567399 0.0740214
0.534557 0.361655 9.9991E-05 0.103688
0.584482 0.263296 9.9991E-05 0.152123
0.315218 0.448614 0.0593439 0.176824
0.035333 0.659472 0.289921 0.0152739
0.712598 0.0113116 9.9991E-05 0.27599
0.545506 0.295358 9.9991E-05 0.159036
0.179044 0.564445 0.0692205 0.18729
9.9991E-05 0.731645 0.110759 0.157496
0.0661967 0.528602 0.254375 0.150826
0.0613718 0.713143 0.12497 0.100515
0.0186915 0.733192 0.127183 0.120934
0.509342 0.331765 9.9991E-05 0.158794
0.38857 0.441672 0.0339156 0.135842
0.515674 0.413368 9.9991E-05 0.0708574
0.322855 0.43439 0.0583715 0.184383
0.571623 0.327915 0.0137057 0.0867561
0.453388 0.379037 0.0657027 0.101873
0.636738 0.255282 9.9991E-05 0.10788
0.475616 0.373375 0.0627947 0.0882138
9.9991E-05 0.698912 0.14845 0.152539
0.382196 0.357254 0.127401 0.133149
0.694197 0.113946 9.9991E-05 0.191757
0.432865 0.391504 0.0543769 0.121254
9.9991E-05 0.305312 0.456133 0.238454
0.133402 0.707774 0.158724 9.9991E-05
0.356874 0.404194 0.0558687 0.183063
0.109904 0.647222 0.117666 0.125207
9.9991E-05 0.637994 0.113796 0.24811
0.241002 0.40233 0.131616 0.225052
0.305466 0.328829 0.110519 0.255185
0.181477 0.689141 0.0486649 0.0807171
0.418768 0.415897 0.00869828 0.156637
0.518677 0.35562 9.9991E-05 0.125603
0.669341 0.132171 0.0198248 0.178663
0.0139789 0.741739 0.0538385 0.190444
9.9991E-05 0.673998 0.174377 0.151525
0.0727602 0.316709 0.429364 0.181167
0.0321559 0.683578 0.0764183 0.207848
0.0782596 0.468165 0.35853 0.0950454
0.189626 0.460399 0.180518 0.169458
0.148532 0.572043 0.170591 0.108834
0.286188 9.9991E-05 0.338281 0.375431
0.228721 9.9991E-05 0.39055 0.380629
0.229203 0.27273 0.254589 0.243478
0.29612 9.9991E-05 0.339203 0.364577
0.304826 9.9991E-05 0.194743 0.500331
0.322784 0.277624 0.311872 0.0877196
0.237965 0.400275 0.121003 0.240756
0.262316 0.158767 0.255526 0.323391
0.255044 0.0990818 0.339387 0.306487
0.219674 0.478407 0.124514 0.177404
0.239329 0.15216 0.382825 0.225686
0.146497 9.9991E-05 0.34636 0.507043
0.178578 0.600323 0.0693757 0.151724
0.343629 0.28286 0.201182 0.172329
0.138563 0.557625 9.9991E-05 0.303712
0.320906 0.516399 9.9991E-05 0.162595
0.187761 0.605506 9.9991E-05 0.206633
0.247022 0.501458 0.0655755 0.185944
0.216123 0.373008 9.9991E-05 0.410769
0.138739 0.632509 9.9991E-05 0.228652
0.287116 0.484162 9.9991E-05 0.228622
0.23831 0.401053 0.0295112 0.331126
0.149304 0.389855 0.299619 0.161222
0.17553 0.588214 0.0690971 0.167159
0.268011 0.560388 9.9991E-05 0.171501
0.1052 0.665705 0.0547406 0.174354
0.327058 0.372236 9.9991E-05 0.300606
0.202969 0.609102 0.0131563 0.174772
0.25192 0.177618 0.169094 0.401368
0.260284 0.462907 9.9991E-05 0.276709
0.409367 0.166724 0.195653 0.228256
9.9991E-05 0.032654 0.146811 0.820435
9.9991E-05 0.129072 0.59523 0.275598
9.9982E-05 9.9982E-05 0.80229 0.19751
9.9991E-05 0.0320228 0.79997 0.167907
0.0150143 0.0762787 0.801823 0.106884
9.9991E-05 0.111892 0.668847 0.219162
9.9991E-05 0.198967 0.659667 0.141265
9.9991E-05 0.00660445 0.805911 0.187385
9.9991E-05 0.0539133 0.579144 0.366843
0.0343269 0.0237901 0.0198665 0.922017
0.0136287 0.100422 0.0372036 0.848746
0.061002 0.0334387 9.9991E-05 0.905459
9.9991E-05 0.0638667 0.0808844 0.855149
0.0677918 0.00325778 9.9991E-05 0.92885
0.00743868 0.0017604 0.0424592 0.948342
0.149235 0.0152854 0.070493 0.764987
0.0440213 0.0534207 9.9991E-05 0.902458
0.0607062 0.0969787 0.0935615 0.748754
0.0704852 0.0222538 9.9991E-05 0.907161
9.9982E-05 9.9982E-05 0.00837092 0.991429
0.0587497 0.0701353 9.9991E-05 0.871015
0.00484062 9.9982E-05 9.9982E-05 0.994959
0.0198758 0.0509618 9.9991E-05 0.929062
0.0290672 0.0843186 9.9991E-05 0.886514
0.055423 0.0924999 9.9991E-05 0.851977
0.186626 0.0153521 9.9991E-05 0.797922
0.0788987 0.10199 9.9991E-05 0.819012
0.0536143 0.136269 9.9991E-05 0.810017
0.0260795 0.514359 0.272201 0.187361
9.9991E-05 0.808722 0.0760643 0.115113
0.074335 0.710558 0.0524645 0.162642
0.077377 0.235034 0.61432 0.0732684
0.0177898 0.702099 0.10947 0.170641
0.0586576 0.211431 0.509246 0.220665
0.0455052 0.764391 0.0615872 0.128516
9.9991E-05 0.574503 0.283305 0.142093
0.00142841 0.664991 0.218639 0.114942
0.0569006 0.64535 0.250621 0.0471277
9.9991E-05 0.61819 0.238113 0.143597
0.0503884 0.727672 0.14479 0.077149
0.0128536 0.663313 0.170117 0.153717
0.149158 0.0643445 0.761833 0.0246647
0.00949722 0.0742291 0.809989 0.106285
0.0758761 0.265101 0.545609 0.113414
0.0617264 0.747913 0.128414 0.0619466
0.0661044 0.592989 0.203778 0.137129
9.9991E-05 0.651414 0.190029 0.158457
0.178086 0.622213 0.0871056 0.112596
0.213067 0.561128 0.0293269 0.196478
0.241067 0.60173 0.00505021 0.152153
0.156548 0.244682 0.165487 0.433283
0.0182475 0.780023 0.025874 0.175855
0.189488 0.48771 0.0735832 0.249219
0.235084 9.9991E-05 0.315025 0.449792
0.246209 0.368271 0.0577591 0.327761
0.187548 0.350764 0.0767897 0.384898
0.121147 0.464099 0.0404339 0.37432
0.215006 0.559551 0.0257506 0.199692
0.209855 0.571291 0.014704 0.204149
0.215041 0.610651 0.0695478 0.10476
0.223035 0.433367 0.169632 0.173966
0.19971 0.320585 9.9991E-05 0.479605
