0.085721 9.9991E-05 0.914179
0.0312335 9.9991E-05 0.968667
0.194101 0.006487 0.799412
0.173768 0.00850458 0.817727
0.138112 9.9991E-05 0.861788
0.121323 0.191615 0.687063
0.0587736 0.066579 0.874647
0.0690251 0.125394 0.805581
9.9991E-05 0.0654508 0.934449
0.18122 0.0876275 0.731153
0.0508473 0.14426 0.804893
0.167041 0.750949 0.0820097
0.385843 0.606237 0.00792007
0.171023 0.640187 0.18879
0.280357 0.598051 0.121592
0.326577 0.538379 0.135044
0.400586 0.549774 0.0496403
0.309954 0.61206 0.0779858
0.246888 0.568755 0.184357
9.9991E-05 0.776267 0.223633
0.289568 0.679286 0.0311454
0.325217 0.588396 0.0863872
0.336506 0.612038 0.051456
0.226854 0.666903 0.106242
0.45087 0.492042 0.057088
0.398353 0.592384 0.00926297
0.113835 0.722542 0.163622
0.232574 0.604041 0.163385
0.0661092 0.821533 0.112358
0.190907 9.9991E-05 0.808993
0.167606 9.9991E-05 0.832294
0.204572 0.0182658 0.777162
0.243496 0.0113706 0.745134
0.365256 0.617469 0.0172751
0.339822 0.572828 0.0873501
0.334822 0.665078 9.9991E-05
0.0307533 0.734669 0.234577
0.210916 0.77068 0.0184037
0.365228 0.611173 0.0235991
0.474166 0.525734 9.9991E-05
0.355039 0.557726 0.0872352
0.349095 0.589333 0.0615718
0.0533107 0.907678 0.0390111
0.428483 0.5354 0.036117
0.429847 0.570053 9.9991E-05
0.45168 0.484752 0.0635674
0.166822 0.833078 9.9991E-05
0.418659 0.581241 9.9991E-05
0.417165 0.521302 0.0615332
9.9991E-05 0.807779 0.192121
0.0270715 0.886643 0.0862855
9.99927E-05 0.828418 0.171482
0.440302 0.505794 0.0539043
0.439375 0.52795 0.0326753
0.414508 0.487862 0.0976295
0.0287003 0.765488 0.205812
0.307729 0.692171 9.9991E-05
0.434775 0.492615 0.0726106
0.229077 0.646696 0.124226
0.0601468 0.624197 0.315656
0.380504 0.573364 0.0461318
0.312723 0.554536 0.132741
9.9991E-05 0.832632 0.167268
0.309374 0.680048 0.0105785
0.456802 0.529609 0.0135892
0.439858 0.511904 0.0482379
0.204987 0.654345 0.140669
0.330764 0.625886 0.0433491
0.435527 0.525365 0.0391079
0.0724758 0.798913 0.128612
0.28363 0.71627 9.9991E-05
0.0970842 0.876344 0.0265717
0.327667 0.558958 0.113375
9.9991E-05 0.931299 0.0686014
9.9991E-05 0.990089 0.00981144
0.155081 0.844819 9.9991E-05
0.294629 0.705271 9.9991E-05
0.35003 0.574192 0.0757775
0.315805 0.674187 0.0100073
0.0969997 0.800415 0.102586
0.0974364 0.802235 0.100329
0.411348 0.524929 0.0637229
0.1865 0.786559 0.0269408
0.236668 0.756269 0.00706241
0.20155 0.79835 9.9991E-05
9.9991E-05 0.904406 0.095494
0.4029 0.562569 0.0345312
0.195327 0.0134511 0.791222
0.172077 9.9991E-05 0.827823
0.185765 9.9991E-05 0.814135
0.0852059 9.9991E-05 0.914694
0.143748 9.9991E-05 0.856152
0.120481 9.9991E-05 0.879419
0.109168 9.9991E-05 0.890732
0.388947 0.559195 0.0518589
0.424854 0.544826 0.0303202
9.9991E-05 0.950668 0.049232
0.399609 0.47277 0.127621
0.274496 0.725404 9.9991E-05
0.35863 0.64127 9.9991E-05
0.350784 0.649116 9.9991E-05
0.343884 0.656016 9.9991E-05
9.9991E-05 0.876418 0.123482
0.415161 0.468083 0.116757
0.398867 0.563942 0.0371909
0.515783 0.463238 0.0209788
0.159103 0.840797 9.9991E-05
0.30453 0.69537 9.9991E-05
0.273682 0.726218 9.9991E-05
0.267868 0.732032 9.9991E-05
0.308909 0.666338 0.0247533
0.368382 0.591029 0.0405895
0.118229 0.74704 0.134731
0.292456 0.580707 0.126837
0.287787 0.548816 0.163397
0.365069 0.507699 0.127232
0.268001 0.688085 0.0439144
0.361125 0.638775 9.9991E-05
0.277104 0.661417 0.0614783
0.296714 0.578779 0.124507
0.408667 0.499873 0.0914606
0.342285 0.657615 9.9991E-05
0.24907 0.727881 0.0230487
0.458706 0.513092 0.0282017
0.409834 0.5686 0.0215662
0.366792 0.633108 9.9991E-05
0.440913 0.516097 0.0429898
0.43044 0.537849 0.031711
0.217492 0.603691 0.178816
0.448221 0.551679 9.9991E-05
0.453468 0.546432 9.9991E-05
0.172754 0.709442 0.117804
0.0593757 0.753492 0.187133
0.382778 0.598692 0.0185299
0.0162006 0.890821 0.0929783
0.127633 0.775973 0.0963944
0.203485 0.741612 0.0549029
0.116582 0.819846 0.0635721
0.128131 0.798257 0.0736114
0.413995 0.585905 9.9991E-05
0.40818 0.50511 0.08671
0.355647 0.527873 0.11648
0.108404 0.786867 0.104729
0.36837 0.538001 0.0936294
0.331277 0.653684 0.0150388
9.9991E-05 0.694071 0.305829
0.407756 0.547423 0.0448205
0.203741 0.656869 0.13939
0.418918 0.531444 0.049638
0.135974 0.703423 0.160603
0.0260385 0.794408 0.179554
0.254807 0.679868 0.065325
0.342452 0.527593 0.129956
0.327557 0.524096 0.148347
0.142289 0.668534 0.189177
0.330289 0.546072 0.123639
0.147876 0.852024 9.9991E-05
0.182212 0.817688 9.9991E-05
0.405394 0.560867 0.0337388
0.348228 0.229466 0.422306
0.176245 0.0855077 0.738247
0.149396 0.166482 0.684122
0.397232 0.0964076 0.50636
0.398354 0.601546 9.9991E-05
0.368668 0.631232 9.9991E-05
0.882914 0.116986 9.9991E-05
0.70367 0.183 0.11333
0.674398 0.263212 0.0623905
0.165197 0.753889 0.0809143
0.411908 0.509003 0.0790888
0.120651 0.803475 0.0758737
0.373173 0.624946 0.00188106
0.322355 0.659163 0.0184824
0.378575 0.621325 9.9991E-05
0.125628 0.796696 0.0776761
0.409815 0.55761 0.0325747
0.408024 0.591876 9.9991E-05
0.949853 9.9991E-05 0.0500471
0.950885 9.9991E-05 0.0490147
0.765669 0.171943 0.0623877
0.897625 0.0301974 0.0721776
0.926283 9.9991E-05 0.0736174
0.927509 9.9991E-05 0.0723914
0.93257 9.9991E-05 0.0673301
0.9998 9.999E-05 9.999E-05
0.977772 9.9991E-05 0.0221284
0.939636 9.9991E-05 0.0602635
0.942797 9.9991E-05 0.0571026
0.914335 0.0195365 0.0661282
0.866826 9.9991E-05 0.133074
0.952941 9.9991E-05 0.046959
0.612459 0.269601 0.117941
0.746861 0.165749 0.0873904
0.874315 0.0108967 0.114789
0.910504 9.9991E-05 0.0893957
0.942165 9.9991E-05 0.0577353
0.897113 9.9991E-05 0.102787
0.933902 9.9991E-05 0.0659977
0.808876 0.0273949 0.163729
0.897666 9.9991E-05 0.102234
0.0443362 0.438543 0.517121
0.315434 0.497601 0.186965
0.35908 0.379838 0.261082
0.245733 0.394331 0.359936
0.384782 0.472682 0.142537
0.248064 0.427466 0.32447
0.261196 0.504203 0.234601
0.389957 0.411237 0.198806
0.41546 0.441136 0.143404
0.473825 0.313819 0.212356
0.35999 0.479511 0.160499
0.0800663 0.0740339 0.8459
0.102388 9.9991E-05 0.897512
0.0308916 9.9991E-05 0.969008
0.0347116 9.9991E-05 0.965188
0.100509 9.9991E-05 0.899391
0.0986148 9.9991E-05 0.901285
0.139945 9.9991E-05 0.859955
0.0995127 0.0109542 0.889533
0.0659173 9.9991E-05 0.933983
0.126399 9.9991E-05 0.873501
9.9991E-05 0.270796 0.729104
0.00672885 0.270275 0.722996
9.9991E-05 0.338148 0.661752
9.9991E-05 0.391661 0.608239
0.272112 0.696074 0.0318136
0.347963 0.635319 0.0167177
0.378396 0.621504 9.9991E-05
0.189044 0.766679 0.0442775
0.035103 0.847016 0.117881
0.409272 0.590628 9.9991E-05
0.34671 0.65319 9.9991E-05
0.291215 0.708685 9.9991E-05
0.251062 0.748838 9.9991E-05
0.414657 0.575184 0.0101594
0.211588 0.775314 0.0130972
9.9991E-05 0.948835 0.0510646
0.344484 0.655416 9.9991E-05
0.112532 0.835728 0.0517399
0.293463 0.706437 9.9991E-05
9.9991E-05 0.909955 0.0899454
9.9991E-05 0.648219 0.351681
9.9991E-05 0.683695 0.316205
9.9991E-05 0.737763 0.262137
9.9991E-05 0.701786 0.298114
9.9991E-05 0.740888 0.259012
9.9991E-05 0.70314 0.29676
0.169275 9.9991E-05 0.830625
0.163745 9.9991E-05 0.836155
0.24167 9.9991E-05 0.75823
0.210657 9.9991E-05 0.789243
0.173655 9.9991E-05 0.826245
9.9991E-05 0.457752 0.542148
9.9991E-05 0.414438 0.585462
9.9991E-05 0.407091 0.592809
0.187444 9.9991E-05 0.812457
9.9991E-05 0.441495 0.558405
0.567747 0.190972 0.241281
0.630876 0.275947 0.0931774
0.690641 0.184422 0.124936
0.502406 0.25543 0.242164
0.56988 0.282679 0.147441
0.299606 0.119602 0.580793
0.252073 0.747827 9.9991E-05
0.192638 0.708565 0.0987968
0.0645289 0.742598 0.192873
0.255581 0.728907 0.0155125
9.9991E-05 0.894808 0.105092
0.278064 0.625814 0.0961223
0.281684 0.671498 0.0468181
0.123641 0.787906 0.0884532
0.353179 0.540527 0.106295
0.0223973 0.865688 0.111915
0.321323 0.631405 0.0472719
0.304464 0.668038 0.0274986
0.454251 0.410983 0.134766
0.247842 0.752058 9.9991E-05
0.264361 0.698025 0.0376142
0.354553 0.632535 0.0129123
0.340473 0.639831 0.0196962
0.460932 0.538968 9.9991E-05
0.395876 0.516883 0.087241
0.370777 0.550875 0.0783487
0.252013 9.9991E-05 0.747887
0.165687 0.0025362 0.831776
0.0897117 0.106108 0.804181
0.120357 0.0275453 0.852097
0.190218 9.9991E-05 0.809682
0.0741595 0.771168 0.154672
0.350994 0.583955 0.065051
0.489599 0.399104 0.111298
0.408299 0.591601 9.9991E-05
0.264513 0.672461 0.0630254
0.1731 0.691412 0.135488
9.9991E-05 0.718816 0.281084
0.362761 0.600218 0.0370212
0.0325548 0.73309 0.234355
0.305902 0.675768 0.0183298
9.9991E-05 0.696678 0.303222
0.425149 0.493572 0.0812786
0.0254356 0.754637 0.219927
0.28603 0.632413 0.0815573
0.29736 0.620217 0.0824229
0.104347 0.763004 0.132648
0.318407 0.678721 0.00287183
0.502806 0.49387 0.0033239
0.153478 0.804478 0.0420435
0.399517 0.600383 9.9991E-05
0.33298 0.638798 0.0282218
9.9991E-05 0.954772 0.0451279
0.0789051 0.847453 0.0736416
0.259465 0.701329 0.0392058
9.9991E-05 0.884296 0.115604
0.178172 0.766193 0.0556347
0.0145963 0.788872 0.196532
0.158813 0.841087 9.9991E-05
0.231344 0.672081 0.0965756
0.435492 0.560535 0.00397313
0.126414 0.84765 0.0259355
0.36866 0.512011 0.119329
0.395144 0.576647 0.0282093
0.345249 0.654651 9.9991E-05
0.339213 0.567603 0.093184
0.314779 0.617463 0.0677588
0.121251 0.812028 0.0667209
0.254512 0.709396 0.0360924
0.338959 0.660941 9.9991E-05
0.399978 0.595073 0.00494885
0.2711 0.69976 0.0291396
0.366673 0.613388 0.0199392
0.253419 0.618114 0.128467
0.363589 0.628798 0.00761249
0.369679 0.568372 0.061949
0.391261 0.562092 0.0466468
0.486856 0.26943 0.243715
0.518701 0.324083 0.157216
0.549625 0.2701 0.180275
0.435705 0.470573 0.093722
0.518809 0.318676 0.162515
0.271093 0.720931 0.00797575
0.505022 0.334944 0.160034
0.128327 0.441494 0.430179
0.45286 0.422592 0.124548
0.533325 0.428599 0.0380761
0.512926 0.392597 0.094477
0.289461 0.475225 0.235314
0.416344 0.375249 0.208408
0.56792 0.318573 0.113507
0.155533 0.173012 0.671456
0.564034 0.266566 0.1694
0.600017 0.273122 0.126861
0.486062 0.422542 0.0913964
0.593126 0.268218 0.138655
0.460033 0.39469 0.145276
0.317335 0.682565 9.9991E-05
0.414445 0.530858 0.0546974
9.9991E-05 0.993322 0.00657802
9.9991E-05 0.91301 0.0868897
0.391563 0.599168 0.00926947
0.57537 0.291353 0.133277
0.613526 0.275332 0.111142
0.409224 0.328906 0.26187
0.54475 0.269387 0.185864
0.151751 0.654074 0.194176
0.223665 0.61515 0.161184
0.442788 0.554069 0.00314243
0.384077 0.60664 0.00928247
0.241483 0.612937 0.145579
0.431072 0.508164 0.0607635
0.436922 0.562978 9.9991E-05
0.363806 0.550185 0.0860094
0.0890258 0.889412 0.0215627
0.193493 0.806407 9.9991E-05
0.33974 0.654344 0.00591663
0.284039 0.62141 0.0945506
0.359656 0.544371 0.095973
0.27216 0.72774 9.9991E-05
0.0962566 0.881154 0.0225896
0.378693 0.582057 0.0392504
0.0974564 0.855818 0.046726
0.266328 0.706654 0.0270178
0.304471 0.631116 0.0644128
0.392122 0.607778 9.9991E-05
0.448343 0.361825 0.189833
0.444909 0.444154 0.110937
0.492371 0.302333 0.205297
0.38482 0.438996 0.176184
0.474836 0.351704 0.17346
0.423335 0.471701 0.104965
0.151611 0.512839 0.335549
0.632203 0.289871 0.0779259
0.137749 0.313298 0.548954
0.535971 0.413242 0.0507872
0.0241371 0.962557 0.0133056
9.9991E-05 0.902947 0.0969526
0.264402 0.735498 9.9991E-05
0.361557 0.638343 9.9991E-05
0.171337 0.828563 9.9991E-05
0.283016 0.716884 9.9991E-05
0.333036 0.666864 9.9991E-05
0.120872 0.057856 0.821272
0.127104 0.0538369 0.819059
0.105312 9.9991E-05 0.894588
0.109012 9.9991E-05 0.890888
0.358295 0.641605 9.9991E-05
0.323392 0.601474 0.0751341
0.324203 0.675697 9.9991E-05
0.40862 0.569352 0.0220283
0.331547 0.595158 0.0732949
0.100016 0.848157 0.0518273
0.377228 0.622672 9.9991E-05
0.179061 0.820839 9.9991E-05
0.471153 0.333282 0.195566
0.280991 0.718909 9.9991E-05
0.197366 0.802534 9.9991E-05
0.29406 0.70584 9.9991E-05
0.238614 0.758992 0.00239333
0.399912 0.599988 9.9991E-05
0.331871 0.633609 0.0345199
0.028651 0.971249 9.9991E-05
0.154812 0.818318 0.0268701
0.187103 0.805448 0.00744895
9.9991E-05 0.987478 0.0124217
0.249214 0.730769 0.0200178
0.0513771 0.900957 0.047666
9.9991E-05 0.928344 0.0715557
0.379312 0.620588 9.9991E-05
0.10078 0.855065 0.0441557
0.267621 0.732279 9.9991E-05
0.47361 0.52629 9.9991E-05
0.32055 0.67935 9.9991E-05
0.23442 0.76548 9.9991E-05
0.372447 0.627453 9.9991E-05
0.360675 0.639225 9.9991E-05
0.17858 0.82132 9.9991E-05
0.338541 0.661359 9.9991E-05
9.9991E-05 0.243271 0.756629
0.059744 0.151115 0.789141
9.9991E-05 0.080539 0.919361
9.9991E-05 0.117327 0.882574
0.0465286 0.168898 0.784573
0.073756 0.846577 0.0796673
0.0275861 0.875723 0.0966905
0.0921498 0.90775 9.9991E-05
0.392473 0.530136 0.0773912
0.454454 0.493473 0.0520737
0.210914 0.748639 0.040447
0.438967 0.560933 9.9991E-05
0.21919 0.77153 0.00927969
0.318943 0.680957 9.9991E-05
0.435434 0.564466 9.9991E-05
0.166198 0.82924 0.00456165
0.165733 0.834167 9.9991E-05
0.189085 0.810815 9.9991E-05
0.369703 0.522179 0.108118
0.178337 0.821563 9.9991E-05
0.261941 0.720695 0.0173639
0.726766 0.136026 0.137208
0.682476 0.201311 0.116213
0.746863 0.132518 0.120619
0.756558 0.119101 0.124341
0.612387 0.298962 0.0886504
0.361028 0.638872 9.9991E-05
0.704473 9.9991E-05 0.295427
0.726024 0.126492 0.147485
0.442389 0.401093 0.156518
0.349129 0.544495 0.106376
0.270793 0.630933 0.0982747
0.459536 0.464486 0.0759778
0.427952 0.571948 9.9991E-05
0.743595 0.102549 0.153856
0.649261 0.23218 0.118559
0.838687 0.102119 0.0591942
0.574069 0.259173 0.166758
0.712561 0.142408 0.145031
0.555888 0.298156 0.145956
0.750495 0.0557451 0.19376
0.634762 0.298911 0.0663262
0.397519 0.54779 0.0546912
0.563539 0.286661 0.1498
0.790687 9.9991E-05 0.209213
0.586731 0.274922 0.138348
0.0561722 0.64932 0.294507
0.45731 0.54259 9.9991E-05
0.443144 0.317741 0.239115
0.404166 0.533892 0.0619416
0.321355 0.535186 0.143459
0.45498 0.317635 0.227385
0.480738 0.26732 0.251941
0.440359 0.507992 0.0516489
0.744824 0.242691 0.0124853
0.703481 0.191146 0.105372
0.769765 9.9991E-05 0.230135
0.406599 0.531039 0.062362
0.26991 0.607276 0.122814
0.107671 0.653075 0.239253
0.469039 0.494058 0.0369038
0.19564 0.66916 0.135201
0.475525 0.391331 0.133144
0.417496 0.471417 0.111086
0.179474 0.297931 0.522594
0.101153 0.392185 0.506661
0.213099 0.568935 0.217966
0.230537 0.303711 0.465752
0.286273 0.132559 0.581169
0.347737 0.449267 0.202996
0.312344 0.414395 0.273261
0.30561 0.380753 0.313637
0.255701 0.327015 0.417284
0.394521 0.495062 0.110417
0.214677 0.452603 0.33272
0.0456085 0.307022 0.647369
0.406167 0.411488 0.182344
0.452531 0.321087 0.226382
0.418219 0.290667 0.291113
0.676273 0.254981 0.0687463
0.448909 0.418745 0.132345
0.540345 0.356295 0.10336
0.453366 0.207058 0.339576
0.486317 0.299383 0.2143
0.571585 0.219928 0.208488
0.453958 0.300434 0.245608
0.312874 0.499607 0.187519
0.423763 0.461786 0.114451
0.4997 0.427023 0.0732772
0.515396 0.39119 0.0934142
0.539308 0.239349 0.221343
0.470222 0.365187 0.164591
0.330045 0.230044 0.439911
0.515008 0.267002 0.21799
0.514372 0.194279 0.291349
0.0302677 0.0966166 0.873116
9.9991E-05 0.718744 0.281156
9.9991E-05 0.742581 0.257319
9.9991E-05 0.738066 0.261834
9.9991E-05 0.797508 0.202392
9.9991E-05 0.725019 0.274881
9.9991E-05 0.779538 0.220362
9.9991E-05 0.733468 0.266432
9.9991E-05 0.602656 0.397244
0.110341 9.9991E-05 0.889559
0.0589295 0.083675 0.857396
0.123767 9.9991E-05 0.876133
0.0586855 0.0712708 0.870044
0.113001 9.9991E-05 0.886899
0.0727543 0.0161299 0.911116
0.157679 0.0543266 0.787994
0.143356 9.9991E-05 0.856544
0.161509 0.0948254 0.743666
0.130105 9.9991E-05 0.869795
0.0281943 9.9991E-05 0.971706
0.151633 9.9991E-05 0.848267
0.0527212 9.9991E-05 0.947179
0.113942 9.9991E-05 0.885958
0.15084 9.9991E-05 0.84906
0.202889 9.9991E-05 0.797011
0.250548 9.9991E-05 0.749352
0.236899 0.0030078 0.760093
0.209192 9.9991E-05 0.790708
0.243926 0.579686 0.176388
0.413411 0.586489 9.9991E-05
0.411625 0.569596 0.0187791
0.054153 0.751143 0.194704
0.313982 0.578726 0.107292
0.0760735 0.652661 0.271265
0.514885 0.485015 9.9991E-05
0.2333 0.662397 0.104303
0.319307 0.639211 0.0414817
0.373343 0.575479 0.0511777
0.241284 0.651389 0.107327
0.506076 0.485393 0.00853055
0.329078 0.645829 0.0250939
0.0156374 0.839879 0.144484
9.9991E-05 0.806782 0.193118
0.0857135 0.710106 0.204181
0.461076 0.469995 0.0689288
0.30091 0.588081 0.111009
0.329273 0.607267 0.0634603
0.371886 0.620553 0.00756083
0.467778 0.37686 0.155363
0.625705 0.281742 0.0925532
0.254668 0.30686 0.438472
0.453606 0.438883 0.107511
0.445268 0.355654 0.199078
0.172254 0.240233 0.587513
0.419761 0.317711 0.262528
0.374702 0.288641 0.336657
0.36101 0.308498 0.330492
0.51003 0.370143 0.119827
0.516531 0.339294 0.144176
0.526549 0.421194 0.0522565
0.438943 0.438662 0.122395
0.36026 0.175911 0.463829
