9.9991E-05 0.915339 0.0845606
0.0210002 0.952631 0.0263686
9.999E-05 0.808254 0.191646
0.0232982 0.812177 0.164524
9.9991E-05 0.844234 0.155666
0.193995 0.676583 0.129422
0.0991979 0.879801 0.0210011
0.124169 0.798616 0.0772151
0.074729 0.925171 9.9991E-05
0.120036 0.701074 0.17889
0.164801 0.754428 0.0807704
0.76096 0.0950879 0.143952
0.593911 0.0319303 0.374158
0.678769 0.174156 0.147075
0.612178 0.0612384 0.326583
0.49147 0.215884 0.292646
0.47235 0.00973294 0.517917
0.663104 9.9991E-05 0.336796
0.633548 0.163946 0.202506
0.739783 0.260117 9.9991E-05
0.651748 0.0385346 0.309717
0.584189 0.0607638 0.355047
0.610553 0.0274529 0.361994
0.68015 0.103493 0.216357
0.464979 0.0844194 0.450601
0.55791 0.0340455 0.408044
0.723327 0.129572 0.147101
0.565043 0.161645 0.273313
0.785587 0.139564 0.0748494
9.9991E-05 0.789775 0.210125
9.9991E-05 0.768206 0.231694
0.00722585 0.806517 0.186258
0.0462565 0.758069 0.195675
0.664775 9.9991E-05 0.335125
0.529101 0.0974809 0.373418
0.626928 9.9991E-05 0.372972
0.716451 0.259134 0.0244146
0.79281 9.9991E-05 0.20709
0.611806 0.0581754 0.330019
0.579503 9.9991E-05 0.420397
0.547981 0.0936029 0.358416
0.552974 0.0256241 0.421402
0.924876 0.0588329 0.0162907
0.562629 9.9991E-05 0.437271
0.520997 9.9991E-05 0.478903
0.536724 0.0475018 0.415774
0.844315 9.9991E-05 0.155585
0.584649 9.9991E-05 0.415251
0.50769 9.9991E-05 0.49221
0.815366 0.184534 9.9991E-05
0.910644 0.0740283 0.0153277
0.844494 0.152909 0.00259784
0.524447 0.0495253 0.426027
0.561758 0.038084 0.400158
0.471706 0.0583558 0.469938
0.764729 0.191671 0.0436
0.66575 0.00839299 0.325857
0.509865 0.0879472 0.402188
0.634224 0.146419 0.219357
0.581156 0.34717 0.0716736
0.578301 0.0421952 0.379503
0.5818 0.150713 0.267486
0.796855 0.203045 9.9991E-05
0.734079 0.0220719 0.243849
0.564899 9.9991E-05 0.435001
0.612327 0.0240417 0.363631
0.691678 0.125923 0.182399
0.65508 0.0168736 0.328046
0.54493 0.085398 0.369672
0.834874 0.147729 0.017397
0.734166 9.9991E-05 0.265734
0.881171 0.0489507 0.0698786
0.547007 0.089031 0.363962
0.96805 0.03185 9.9991E-05
0.952128 0.047772 9.9991E-05
0.874423 9.9991E-05 0.125477
0.706709 9.9991E-05 0.293191
0.546196 0.108864 0.34494
0.697595 9.9991E-05 0.302305
0.81741 0.0876056 0.0949842
0.777982 0.118659 0.103359
0.517018 0.0754448 0.407537
0.809683 0.00579683 0.18452
0.71034 0.0204677 0.269192
0.826178 9.9991E-05 0.173722
0.938006 0.0618944 9.9991E-05
0.5594 9.9991E-05 0.4405
0.0138878 0.793025 0.193088
9.9991E-05 0.878468 0.121432
9.9991E-05 0.844101 0.155799
9.9991E-05 0.871358 0.128542
9.9991E-05 0.847761 0.152139
9.9991E-05 0.891485 0.108415
9.9991E-05 0.89634 0.10356
0.5415 9.9991E-05 0.4584
0.611687 0.0130978 0.375215
0.958721 0.0411788 9.9991E-05
0.523964 0.0594617 0.416574
0.726876 9.9991E-05 0.273024
0.643468 9.9991E-05 0.356432
0.643289 9.9991E-05 0.356611
0.602417 9.9991E-05 0.397483
0.865764 0.134137 9.9991E-05
0.538586 0.0293541 0.43206
0.549404 9.9991E-05 0.450496
0.569324 0.0321726 0.398503
0.745599 0.0611734 0.193228
0.71577 9.9991E-05 0.28413
0.664461 0.0185653 0.316974
0.775683 9.9991E-05 0.224217
0.719549 0.0173738 0.263077
0.553772 0.0640693 0.382159
0.721984 0.163836 0.11418
0.54027 0.157081 0.302649
0.4495 0.141521 0.408979
0.577826 9.9991E-05 0.422074
0.667017 0.0567024 0.27628
0.606748 0.0362029 0.357049
0.620042 0.0886506 0.291308
0.543817 0.100578 0.355605
0.537126 9.9991E-05 0.462774
0.618069 9.9991E-05 0.381831
0.769799 9.9991E-05 0.230101
0.633182 9.9991E-05 0.366718
0.520928 0.0760562 0.403015
0.60032 9.9991E-05 0.39958
0.614386 0.0600288 0.325585
0.614163 9.9991E-05 0.385737
0.648223 0.138806 0.212971
0.572051 9.9991E-05 0.427849
0.588117 9.9991E-05 0.411783
0.725656 0.0958702 0.178474
0.76488 0.143277 0.0918428
0.644421 0.0637144 0.291864
0.861498 0.0600148 0.0784876
0.770474 0.105138 0.124388
0.757555 0.0554027 0.187043
0.829921 0.0588446 0.111234
0.804177 0.0875673 0.108256
0.577377 0.0157467 0.406877
0.509777 0.0624693 0.427754
0.581706 0.0958821 0.322412
0.754546 0.10026 0.145195
0.564271 0.168793 0.266936
0.597827 0.0504952 0.351678
0.700302 0.299598 9.9991E-05
0.504676 0.0434609 0.451864
0.659375 0.0890888 0.251536
0.594625 0.0730232 0.332352
0.650081 0.206159 0.143761
0.800058 0.186503 0.0134387
0.712098 0.0350191 0.252883
0.566668 0.0584971 0.374835
0.525132 0.173542 0.301326
0.641199 0.220922 0.13788
0.597451 0.0283071 0.374241
0.856618 9.9991E-05 0.143282
0.752009 9.9991E-05 0.247891
0.55817 0.0569614 0.384868
0.271498 0.394352 0.33415
0.069291 0.7563 0.174409
0.213525 0.671008 0.115467
0.12181 0.48834 0.38985
0.60628 9.9991E-05 0.39362
0.527742 0.0897058 0.382552
0.0926127 9.9991E-05 0.907287
0.326337 0.0398573 0.633806
0.278249 0.109937 0.611813
0.77123 0.06108 0.16769
0.574157 0.0628909 0.362952
0.816577 0.0546593 0.128764
0.639071 9.9991E-05 0.360829
0.721346 9.9991E-05 0.278554
0.590226 9.9991E-05 0.409674
0.802796 0.0909354 0.106268
0.571549 9.9991E-05 0.428351
0.586073 0.0473375 0.36659
9.9991E-05 0.0335532 0.966347
9.9991E-05 0.0332588 0.966641
0.144076 0.154402 0.701522
0.075912 0.0374826 0.886605
0.0240814 0.0790391 0.89688
9.9991E-05 0.0812643 0.918636
9.9991E-05 0.0793537 0.920546
9.9991E-05 0.040465 0.959435
9.9991E-05 0.0199048 0.979995
9.9991E-05 0.0624241 0.937476
9.9991E-05 0.0918129 0.908087
9.9991E-05 0.0969368 0.902963
9.9991E-05 0.0763309 0.923569
9.9991E-05 0.0715017 0.928398
0.323168 0.0717233 0.605108
0.0874048 0.123679 0.788916
9.9991E-05 0.128858 0.871043
9.9991E-05 0.083 0.9169
9.9991E-05 0.0671656 0.932734
9.9991E-05 0.136329 0.863571
9.9991E-05 0.0649642 0.934936
0.0903146 0.147963 0.761722
9.9991E-05 0.107246 0.892654
0.445511 0.525938 0.0285502
0.477398 0.225509 0.297093
0.458856 0.205146 0.335998
0.42966 0.35991 0.21043
0.411991 0.127714 0.460295
0.380657 0.382056 0.237287
0.440093 0.217138 0.342769
0.45781 0.150046 0.392144
0.350524 0.176906 0.47257
0.349952 0.267732 0.382316
0.473665 0.1892 0.337135
0.0570221 0.850935 0.0920434
9.9991E-05 0.887045 0.112855
9.9991E-05 0.960073 0.0398271
9.9991E-05 0.954229 0.0456715
9.9991E-05 0.907378 0.0925221
9.9991E-05 0.88415 0.11575
9.9991E-05 0.870768 0.129132
0.0453916 0.890279 0.0643295
9.9991E-05 0.885265 0.114635
9.9991E-05 0.834754 0.165146
0.295275 0.704625 9.9991E-05
0.295678 0.704222 9.9991E-05
0.310675 0.689225 9.9991E-05
0.392368 0.607532 9.9991E-05
0.648954 0.0109906 0.340056
0.67658 9.9991E-05 0.32332
0.668005 0.000722836 0.331272
0.819891 0.0220117 0.158097
0.826758 0.166736 0.00650636
0.585982 0.0126714 0.401346
0.645752 9.9991E-05 0.354148
0.68111 9.9991E-05 0.31879
0.742688 9.9991E-05 0.257212
0.651801 9.9991E-05 0.3481
0.771362 0.00340282 0.225235
0.931553 0.0683475 9.9991E-05
0.657981 9.9991E-05 0.341919
0.813788 0.0245649 0.161647
0.716083 9.9991E-05 0.283817
0.88489 0.100444 0.0146659
0.677448 0.322452 9.9991E-05
0.699731 0.300169 9.9991E-05
0.729311 0.270589 9.9991E-05
0.672117 0.327783 9.9991E-05
0.735562 0.264338 9.9991E-05
0.705584 0.272211 0.0222045
9.9991E-05 0.844103 0.155797
9.9991E-05 0.8359 0.164
9.9991E-05 0.742716 0.257184
0.0128674 0.805727 0.181406
9.9991E-05 0.797682 0.202218
0.439194 0.560706 9.9991E-05
0.372144 0.627756 9.9991E-05
0.426783 0.573117 9.9991E-05
9.9991E-05 0.807839 0.192061
0.456131 0.543769 9.9991E-05
0.166107 0.252536 0.581356
0.283864 0.0948613 0.621275
0.172034 0.153944 0.674021
0.260342 0.245396 0.494262
0.339088 0.133652 0.527259
0.0652407 0.568303 0.366456
0.772888 0.0203416 0.20677
0.757883 0.0210968 0.221021
0.699868 0.19443 0.105703
0.755287 9.9991E-05 0.244613
0.89375 0.10615 9.9991E-05
0.55524 0.0990809 0.345679
0.734102 0.009002 0.256896
0.802393 0.0831394 0.114468
0.610314 0.0766986 0.312988
0.880855 0.119045 9.9991E-05
0.673439 9.9991E-05 0.326461
0.654115 9.9991E-05 0.345785
0.472747 0.106739 0.420514
0.792979 9.9991E-05 0.206921
0.660444 0.0521243 0.287431
0.578655 0.0187208 0.402624
0.659339 0.0452275 0.295433
0.535887 9.9991E-05 0.464013
0.530429 0.11251 0.357062
0.565078 0.0872253 0.347696
9.9991E-05 0.739714 0.260186
0.017373 0.836799 0.145828
0.0953169 0.792946 0.111737
0.0400405 0.832377 0.127582
9.9991E-05 0.785173 0.214727
0.721922 0.182798 0.0952797
0.632593 0.0283907 0.339016
0.276968 0.261271 0.461761
0.580057 0.0138023 0.406141
0.631524 0.0431479 0.325328
0.715458 0.131435 0.153107
0.708435 0.291465 9.9991E-05
0.638773 0.0136763 0.347551
0.716503 0.211657 0.07184
0.656217 0.0900851 0.253698
0.717614 0.262175 0.0202103
0.5342 0.0548696 0.41093
0.729995 0.230096 0.039909
0.696706 0.103545 0.199749
0.569334 0.0930854 0.33758
0.751496 0.092372 0.156132
0.59352 0.0584109 0.348069
0.598062 0.0547041 0.347234
0.74772 0.0532623 0.199018
0.560407 0.0571697 0.382423
0.622809 0.107455 0.269736
0.929979 0.0699212 9.9991E-05
0.810835 0.06635 0.122815
0.711937 0.00271815 0.285345
0.849266 0.147513 0.00322137
0.785335 0.0111102 0.203554
0.773017 0.185312 0.0416709
0.870325 9.9991E-05 0.129575
0.682927 0.11763 0.199442
0.54342 0.00492689 0.451653
0.880421 0.0365268 0.0830526
0.559008 0.0771293 0.363862
0.570117 9.9991E-05 0.429783
0.656672 0.0276549 0.315674
0.551392 0.0742164 0.374391
0.693539 0.0455974 0.260864
0.751243 0.0968084 0.151949
0.699315 0.0777475 0.222938
0.644154 9.9991E-05 0.355746
0.501773 0.0487817 0.449446
0.698098 0.113266 0.188636
0.609055 9.9991E-05 0.390845
0.648268 0.134787 0.216945
0.596526 9.9991E-05 0.403374
0.558334 0.0672083 0.374458
0.488493 0.0766979 0.434809
0.2347 0.353802 0.411498
0.314578 0.157251 0.528171
0.387413 0.169179 0.443408
0.470675 0.0327372 0.496588
0.300957 0.172512 0.526531
0.734331 0.00382442 0.261844
0.448225 0.120953 0.430822
0.46388 0.381451 0.154669
0.396658 0.115882 0.487461
0.429179 0.0874573 0.483364
0.450664 0.0680021 0.481334
0.470765 0.213715 0.31552
0.349492 0.210819 0.439689
0.317514 0.0895097 0.592976
0.143462 0.684919 0.171618
0.285357 0.151888 0.562755
0.363857 0.150397 0.485746
0.435472 0.141067 0.423461
0.256649 0.197982 0.545369
0.459684 0.100054 0.440261
0.6787 0.0288459 0.292454
0.47796 0.0323324 0.489708
0.974735 0.0251652 9.9991E-05
0.909176 0.0907241 9.9991E-05
0.606257 0.047552 0.346191
0.266575 0.139417 0.594007
0.270189 0.147602 0.582209
0.270248 0.32696 0.402792
0.272836 0.190475 0.536689
0.694363 0.190814 0.114823
0.584513 0.177775 0.237712
0.539296 0.0189246 0.44178
0.641214 0.00430505 0.354481
0.601266 0.150328 0.248405
0.487045 0.087432 0.425523
0.58456 9.9991E-05 0.41534
0.480742 0.0722133 0.447045
0.83302 0.0311658 0.135814
0.708707 0.00936334 0.28193
0.598118 0.0797704 0.322112
0.67142 0.106763 0.221817
0.502752 0.0993106 0.397938
0.724282 9.9991E-05 0.275618
0.909253 0.0284657 0.0622812
0.641434 9.9991E-05 0.358466
0.906129 0.0126244 0.0812462
0.704019 0.0296322 0.266349
0.622957 9.9991E-05 0.376943
0.610173 9.9991E-05 0.389727
0.377324 0.18739 0.435286
0.490117 0.121371 0.388511
0.326691 0.180103 0.493206
0.392404 0.192473 0.415124
0.375529 0.187406 0.437065
0.453802 0.176947 0.369252
0.516694 0.328211 0.155094
0.393982 0.0247979 0.58122
0.335836 0.540174 0.123991
0.407538 0.0175477 0.574914
0.95052 0.0484712 0.0010089
0.890941 0.108959 9.9991E-05
0.714314 9.9991E-05 0.285586
0.61166 9.9991E-05 0.38824
0.835841 9.9991E-05 0.164059
0.712304 9.9991E-05 0.287596
0.691128 9.9991E-05 0.308772
0.0228162 0.797792 0.179391
0.0771968 0.771968 0.150835
9.9991E-05 0.890593 0.109307
9.9991E-05 0.903189 0.0967113
0.617749 0.0096372 0.372614
0.689289 0.0120217 0.298689
0.726071 9.9991E-05 0.273829
0.597536 0.049334 0.35313
0.539942 0.0792494 0.380809
0.837312 0.0312685 0.13142
0.588384 9.9991E-05 0.411516
0.845723 9.9991E-05 0.154177
0.261321 0.250974 0.487705
0.725477 9.9991E-05 0.274423
0.859077 9.9991E-05 0.140823
0.697611 9.9991E-05 0.302289
0.73403 9.9991E-05 0.26587
0.671867 9.9991E-05 0.328033
0.61366 0.07522 0.31112
0.994507 9.9991E-05 0.00539267
0.865881 9.9991E-05 0.134019
0.832986 0.00212037 0.164893
0.9998 9.999E-05 9.999E-05
0.749741 9.9991E-05 0.250159
0.893437 0.0406964 0.0658668
0.930678 0.0692223 9.9991E-05
0.642968 9.9991E-05 0.356932
0.845169 0.0502435 0.104588
0.707117 9.9991E-05 0.292783
0.552299 9.9991E-05 0.447601
0.679429 0.0252586 0.295312
0.772503 9.9991E-05 0.227397
0.695725 9.9991E-05 0.304175
0.653111 0.0913692 0.25552
0.889865 9.9991E-05 0.110035
0.599648 0.0371028 0.363249
0.280628 0.718418 0.000953948
0.142529 0.786976 0.0704955
0.123555 0.876345 9.9991E-05
0.121848 0.878052 9.9991E-05
0.178716 0.821184 9.9991E-05
0.852663 0.0970736 0.0502634
0.888289 0.111611 9.9991E-05
0.90814 9.9991E-05 0.0917597
0.515193 0.0725276 0.41228
0.578622 0.0586864 0.362692
0.733995 0.0704694 0.195535
0.581482 9.9991E-05 0.418418
0.626386 0.0874058 0.286208
0.639889 9.9991E-05 0.360011
0.541388 0.0494129 0.409199
0.817571 0.00144309 0.180986
0.83201 0.00069121 0.167298
0.820134 9.9991E-05 0.179766
0.543923 0.0408636 0.415213
0.760798 9.9991E-05 0.239102
0.658961 9.9991E-05 0.340939
0.201548 0.0941016 0.70435
0.162934 0.0959631 0.741103
0.225474 0.0734491 0.701077
0.0886827 0.20899 0.702327
0.275518 0.101368 0.623114
0.615679 0.00900915 0.375312
9.9991E-05 0.290967 0.708933
0.0784129 0.206922 0.714666
0.442989 0.122679 0.434333
0.490403 0.126421 0.383176
0.561139 0.180084 0.258777
0.482482 0.127318 0.390201
0.494649 0.0457817 0.45957
0.063073 0.17794 0.758987
0.172996 0.228719 0.598285
0.158032 0.0860024 0.755966
0.316191 0.0720083 0.611801
0.133296 0.182785 0.683919
0.330584 0.102227 0.56719
0.115617 0.177569 0.706814
0.205346 0.0766402 0.718014
0.625151 0.0268231 0.348026
0.275582 0.14748 0.576938
0.00715856 0.231033 0.761809
0.278333 0.168139 0.553528
0.677796 0.272588 0.0496159
0.571363 9.9991E-05 0.428537
0.243558 0.169204 0.587239
0.56451 0.0557241 0.379766
0.520863 0.114615 0.364523
0.323804 0.192705 0.483491
0.192575 0.2337 0.573725
0.492851 0.0844402 0.422709
0.172723 0.163167 0.66411
0.144344 0.135554 0.720103
9.9991E-05 0.274898 0.725002
0.464852 0.109976 0.425172
0.6562 0.116721 0.227079
0.612667 0.205726 0.181607
0.577482 0.0697748 0.352743
0.66071 0.147104 0.192186
0.379894 0.163928 0.456178
0.415931 0.178338 0.405731
0.291788 0.504412 0.2038
0.351502 0.518693 0.129805
0.482098 0.183471 0.334431
0.277166 0.477851 0.244983
0.134789 0.603595 0.261615
0.480147 0.171397 0.348456
0.392217 0.199117 0.408666
0.271952 0.410544 0.317504
0.352221 0.417062 0.230718
0.362583 0.177126 0.460291
0.475337 0.286963 0.2377
0.286824 0.643484 0.0696928
0.392366 0.13236 0.475274
0.335453 0.208778 0.455769
0.252455 0.270524 0.477021
0.255386 0.114969 0.629646
0.329514 0.100318 0.570167
0.265736 0.103823 0.63044
0.136423 0.348679 0.514898
0.331792 0.139494 0.528714
0.190038 0.194346 0.615617
0.279654 0.251734 0.468613
0.48636 0.212663 0.300976
0.455384 0.145693 0.398924
0.375554 0.152939 0.471508
0.52265 9.9991E-05 0.47725
0.142273 0.27795 0.579777
0.316165 0.144314 0.53952
0.22169 0.439748 0.338562
0.364236 0.102275 0.533489
0.198304 0.328784 0.472913
0.116655 0.844493 0.038852
0.705513 0.294387 9.9991E-05
0.74756 0.25234 9.9991E-05
0.731345 0.268555 9.9991E-05
0.760969 0.238931 9.9991E-05
0.741742 0.258158 9.9991E-05
0.785641 0.214259 9.9991E-05
0.682513 0.317387 9.9991E-05
0.600307 0.399593 9.9991E-05
9.9991E-05 0.89696 0.10294
0.082632 0.826264 0.0911036
9.9991E-05 0.858518 0.141382
0.101862 0.857873 0.0402652
9.9991E-05 0.884932 0.114968
9.9991E-05 0.941382 0.0585177
9.9991E-05 0.778715 0.221185
9.9991E-05 0.856141 0.143759
0.0723977 0.760005 0.167597
9.9991E-05 0.875846 0.124054
0.0144466 0.946776 0.0387776
0.0132442 0.834497 0.152259
9.9991E-05 0.921699 0.078201
9.9991E-05 0.892502 0.107398
9.9991E-05 0.83186 0.16804
9.9991E-05 0.805888 0.194012
9.9991E-05 0.754457 0.245443
9.9991E-05 0.748316 0.251584
9.9991E-05 0.79565 0.20425
0.580465 0.17409 0.245445
0.582562 0.0172227 0.400216
0.541055 0.0801397 0.378806
0.734547 0.207964 0.0574893
0.573204 0.127068 0.299729
0.653879 0.306083 0.0400376
0.521668 0.0203814 0.457951
0.708583 0.101538 0.189879
0.628931 0.075451 0.295618
0.686641 9.9991E-05 0.313259
0.641798 0.124655 0.233547
0.594722 0.0273242 0.377954
0.587496 0.0561339 0.35637
0.852354 0.14147 0.00617621
0.792827 0.207073 9.9991E-05
0.711443 0.251087 0.0374703
0.449308 0.0756555 0.475036
0.573349 0.0839008 0.34275
0.562706 0.120212 0.317082
0.494605 0.0775048 0.42789
0.31779 0.168003 0.514207
0.355034 0.160269 0.484697
0.227994 0.489093 0.282913
0.588072 0.0650004 0.346928
0.416154 0.216175 0.367671
0.260852 0.606479 0.13267
0.30007 0.316711 0.38322
0.281914 0.343382 0.374704
0.312317 0.316303 0.37138
0.389161 0.0453831 0.565456
0.30982 0.193254 0.496926
0.342336 0.0671952 0.590469
0.454468 0.114106 0.431426
0.170864 0.411873 0.417263
