0.927749 9.9991E-05 0.0721505
0.963222 9.9991E-05 0.036678
0.807534 9.9991E-05 0.192366
0.801767 9.9991E-05 0.198133
0.851029 9.9991E-05 0.148871
0.681629 0.157969 0.160401
0.883746 0.0353382 0.0809161
0.801846 0.109253 0.0889008
0.903437 0.0964633 9.9991E-05
0.729833 0.0540411 0.216126
0.808135 0.171849 0.0200164
0.0980637 0.756036 0.145901
0.0198236 0.631875 0.348302
0.166562 0.685817 0.147621
0.142908 0.57205 0.285043
0.163988 0.510628 0.325384
0.0314585 0.501863 0.466679
0.0631972 0.618859 0.317944
0.189291 0.557101 0.253609
0.242948 0.756952 9.9991E-05
0.102301 0.630589 0.26711
0.0448303 0.608141 0.347028
0.0302753 0.590993 0.378731
0.0957117 0.665379 0.238909
0.0428792 0.397305 0.559816
0.0752413 0.518086 0.406673
0.187391 0.693137 0.119472
0.146828 0.651101 0.202071
0.121185 0.782538 0.0962773
0.793479 9.9991E-05 0.206421
0.797916 9.9991E-05 0.201984
0.754487 0.00559424 0.239919
0.740879 9.9991E-05 0.259021
9.9991E-05 0.611423 0.388477
0.0189607 0.667425 0.313614
9.9991E-05 0.662301 0.337599
0.268034 0.714902 0.0170645
0.00911486 0.76655 0.224335
0.0857078 0.560434 0.353859
9.9991E-05 0.527621 0.472279
0.0376688 0.597793 0.364538
0.0974742 0.511661 0.390865
0.0529566 0.899967 0.0470769
0.0122843 0.560304 0.427412
9.9991E-05 0.597811 0.402089
0.147223 0.411914 0.440863
9.9991E-05 0.814573 0.185327
9.9991E-05 0.600761 0.399139
0.00632201 0.591954 0.401724
0.158675 0.841225 9.9991E-05
0.129245 0.870655 9.9991E-05
0.160361 0.810338 0.0293013
0.0637855 0.473251 0.462964
0.0475669 0.496006 0.456427
0.0507781 0.548901 0.400321
0.204692 0.751454 0.043854
9.9991E-05 0.683704 0.316196
0.089295 0.520417 0.390288
0.118854 0.652336 0.22881
0.333648 0.591465 0.0748867
0.0733748 0.511862 0.414763
0.12024 0.612924 0.266836
0.183373 0.816527 9.9991E-05
9.9991E-05 0.656603 0.343297
9.9991E-05 0.580517 0.419383
0.0313548 0.568004 0.400641
0.122505 0.674748 0.202747
9.9991E-05 0.647291 0.352609
0.091414 0.496932 0.411654
0.143723 0.832343 0.0239332
9.9991E-05 0.766191 0.233709
0.0360633 0.855072 0.108864
0.0822218 0.563243 0.354535
0.0310801 0.96882 9.9991E-05
0.0180515 0.981849 9.9991E-05
9.9991E-05 0.850524 0.149376
0.00291913 0.794089 0.202992
0.109056 0.492204 0.39874
9.9991E-05 0.728114 0.271786
0.0990773 0.816978 0.083945
0.107459 0.765818 0.126724
0.0950619 0.551039 0.353899
9.9991E-05 0.815303 0.184597
0.0511361 0.724647 0.224217
9.9991E-05 0.778104 0.221796
0.0772352 0.922665 9.9991E-05
0.00588047 0.584718 0.409401
0.815118 0.0152861 0.169596
0.87918 9.9991E-05 0.12072
0.82919 9.9991E-05 0.17071
0.906575 9.9991E-05 0.0933246
0.848816 9.9991E-05 0.151084
0.88718 9.9991E-05 0.11272
0.894087 9.9991E-05 0.105813
0.067504 0.554188 0.378308
9.9991E-05 0.509595 0.490305
0.0570969 0.942803 9.9991E-05
0.0691963 0.557895 0.372908
9.9991E-05 0.715198 0.284702
9.9991E-05 0.63371 0.36619
9.9991E-05 0.648344 0.351556
9.9991E-05 0.664535 0.335365
0.107475 0.892425 9.9991E-05
0.113548 0.428584 0.457868
0.00376994 0.590998 0.405232
0.0259059 0.580125 0.393969
0.0122631 0.759494 0.228243
9.9991E-05 0.675949 0.323951
9.9991E-05 0.681782 0.318118
9.9991E-05 0.716341 0.283559
9.9991E-05 0.751007 0.248893
0.00933771 0.580503 0.410159
0.145855 0.691688 0.162458
0.239782 0.498649 0.261569
0.0525229 0.574624 0.372853
0.0818084 0.473244 0.444947
0.103594 0.669935 0.22647
9.9991E-05 0.655782 0.344118
0.0746105 0.625622 0.299768
0.062013 0.537934 0.400053
9.9991E-05 0.618165 0.381735
0.0156927 0.651284 0.333024
0.0540828 0.725125 0.220792
0.0742817 0.539313 0.386405
0.0693261 0.498104 0.43257
9.9991E-05 0.647203 0.352697
9.9991E-05 0.573911 0.425989
9.9991E-05 0.600954 0.398946
0.187064 0.616253 0.196683
9.9991E-05 0.64359 0.35631
9.9991E-05 0.521163 0.478737
0.0751149 0.743676 0.181209
0.166189 0.747603 0.086208
0.015736 0.640557 0.343707
0.0593655 0.853933 0.0867018
0.115083 0.766583 0.118334
0.0562749 0.764221 0.179504
0.112142 0.749399 0.138458
0.115231 0.783366 0.101403
9.9991E-05 0.589991 0.409909
0.104708 0.553391 0.341901
0.0616588 0.585604 0.352737
0.123542 0.801117 0.0753417
0.144833 0.540176 0.31499
0.0249523 0.527693 0.447355
0.312622 0.687278 9.9991E-05
0.0375385 0.526075 0.436387
0.144554 0.63756 0.217886
9.9991E-05 0.572474 0.427426
0.19162 0.674516 0.133864
0.159485 0.790999 0.0495164
0.0399835 0.729637 0.23038
0.0407715 0.596768 0.36246
0.100159 0.557989 0.341852
0.236127 0.641665 0.122208
0.00605335 0.589121 0.404826
0.0202769 0.819637 0.160086
9.9991E-05 0.729038 0.270862
0.0100868 0.544844 0.445069
0.423153 0.218483 0.358364
0.756065 0.0718943 0.172041
0.634959 0.219395 0.145646
0.490265 0.0550186 0.454716
9.9991E-05 0.591537 0.408363
0.0462554 0.554108 0.399636
9.9991E-05 0.108296 0.891604
0.0987019 0.267683 0.633615
0.109138 0.303132 0.587731
0.0395255 0.768679 0.191795
0.0278937 0.590129 0.381978
0.0966454 0.789873 0.113481
9.9991E-05 0.658526 0.341374
0.00271715 0.707961 0.289322
9.9991E-05 0.644213 0.355687
0.0897737 0.877375 0.0328509
9.9991E-05 0.537338 0.462562
0.0351592 0.479763 0.485078
0.0473925 9.9991E-05 0.952507
0.0457601 0.0130933 0.941147
0.0686843 0.170762 0.760554
9.9991E-05 0.0635196 0.93638
0.0787282 9.9991E-05 0.921172
0.0628072 9.9991E-05 0.937093
0.0990686 9.9991E-05 0.900831
0.00183086 9.9991E-05 0.998069
0.0434109 9.9991E-05 0.956489
0.0333931 9.9991E-05 0.966507
0.0600231 9.9991E-05 0.939877
0.0980764 0.00866246 0.893261
0.0907417 9.9991E-05 0.909158
0.0955819 9.9991E-05 0.904318
0.0467533 0.330907 0.62234
0.106419 0.117298 0.776283
0.103815 0.017294 0.878891
0.0742613 9.9991E-05 0.925639
0.0409905 9.9991E-05 0.95891
0.132913 9.9991E-05 0.866987
0.0521597 9.9991E-05 0.94774
0.0977355 0.10674 0.795525
0.078806 9.9991E-05 0.921094
0.535594 0.419636 0.0447697
0.248951 0.458572 0.292478
0.214371 0.425354 0.360276
0.325709 0.444092 0.230199
0.142129 0.417808 0.440063
0.319583 0.403232 0.277184
0.14166 0.40677 0.45157
0.202223 0.390756 0.407021
0.155159 0.405467 0.439374
0.167803 0.372545 0.459652
0.171709 0.508691 0.319601
0.862285 0.049949 0.0877658
0.893912 9.9991E-05 0.105988
0.957873 9.9991E-05 0.0420273
0.942786 9.9991E-05 0.0571137
0.887878 9.9991E-05 0.112022
0.856285 9.9991E-05 0.143615
0.856569 9.9991E-05 0.143331
0.9142 9.9991E-05 0.0856996
0.915783 9.9991E-05 0.0841172
0.83171 9.9991E-05 0.16819
0.718728 0.281172 9.9991E-05
0.708408 0.291492 9.9991E-05
0.650759 0.349141 9.9991E-05
0.611337 0.388563 9.9991E-05
0.0800028 0.640652 0.279345
0.0111069 0.676784 0.312109
9.9991E-05 0.667427 0.332473
0.0612019 0.74709 0.191708
0.152352 0.801928 0.0457202
0.0110234 0.572658 0.416319
9.9991E-05 0.613191 0.386709
9.9991E-05 0.702058 0.297842
9.9991E-05 0.742677 0.257223
9.9991E-05 0.595508 0.404392
0.00788111 0.750379 0.24174
0.0389136 0.960986 9.9991E-05
0.0442787 0.645021 0.3107
9.9991E-05 0.862689 0.137211
9.9991E-05 0.707856 0.292044
0.0868445 0.895423 0.0177327
0.369031 0.630869 9.9991E-05
0.306259 0.693641 9.9991E-05
0.260158 0.739742 9.9991E-05
0.3203 0.6796 9.9991E-05
0.208823 0.791077 9.9991E-05
0.299396 0.683674 0.01693
0.829661 9.9991E-05 0.170239
0.836523 0.0351996 0.128278
0.735407 9.9991E-05 0.264493
0.797029 9.9991E-05 0.202871
0.804103 9.9991E-05 0.195797
0.580336 0.419564 9.9991E-05
0.615746 0.384154 9.9991E-05
0.623264 0.376636 9.9991E-05
0.808845 9.9991E-05 0.191055
0.551072 0.448828 9.9991E-05
0.232458 0.191708 0.575834
0.0761182 0.319876 0.604006
0.138645 0.186648 0.674707
0.275719 0.236362 0.487918
0.10492 0.408194 0.486886
0.577967 0.0697486 0.352285
0.0233634 0.752711 0.223926
0.0891686 0.703536 0.207296
0.191886 0.684662 0.123453
9.9991E-05 0.718635 0.281265
0.100976 0.898924 9.9991E-05
0.119508 0.532475 0.348017
9.9991E-05 0.677578 0.322322
0.0910235 0.750351 0.158626
0.0496929 0.551124 0.399183
0.0690629 0.930837 9.9991E-05
9.9991E-05 0.693321 0.306579
0.0438486 0.660865 0.295286
0.124255 0.45253 0.423216
9.9991E-05 0.799521 0.200379
0.0324616 0.691661 0.275877
9.9991E-05 0.708518 0.291382
9.9991E-05 0.669416 0.330484
9.9991E-05 0.544516 0.455384
0.110239 0.533811 0.355951
0.045758 0.559095 0.395147
0.758875 9.9991E-05 0.241025
0.817181 9.9991E-05 0.182719
0.806964 0.0921367 0.1009
0.81737 0.029584 0.153046
0.811507 9.9991E-05 0.188393
0.189631 0.760365 0.0500042
0.0200659 0.615028 0.364907
0.179943 0.268987 0.55107
9.9991E-05 0.572866 0.427034
0.0912747 0.600272 0.308453
0.0632335 0.697689 0.239077
0.315831 0.684069 9.9991E-05
0.0140994 0.625647 0.360253
0.215026 0.72022 0.0647541
0.0128381 0.691582 0.29558
0.265669 0.712631 0.0217001
0.0630854 0.497589 0.439326
0.21836 0.758593 0.0230471
0.0461178 0.686487 0.267395
0.0375178 0.587625 0.374857
0.13023 0.727542 0.142229
0.0483925 0.615674 0.335933
0.0816035 0.583713 0.334683
0.0461943 0.779978 0.173827
0.150596 0.492001 0.357403
0.00999545 0.64596 0.344045
0.071355 0.928545 9.9991E-05
0.0609763 0.837722 0.101302
0.0508389 0.678473 0.270688
0.113774 0.881828 0.0043981
0.0223113 0.76829 0.209398
0.176172 0.790152 0.0336761
9.9991E-05 0.875876 0.124024
0.0714127 0.667322 0.261265
9.9991E-05 0.548215 0.451685
0.0174655 0.862014 0.120521
0.124363 0.52537 0.350267
9.9991E-05 0.563449 0.436451
9.9991E-05 0.642662 0.357238
0.0402978 0.597672 0.36203
0.00973978 0.696335 0.293925
0.0817254 0.75855 0.159724
0.0933624 0.694508 0.21213
9.9991E-05 0.645589 0.354311
0.036614 0.588155 0.375231
0.0661004 0.668399 0.2655
9.9991E-05 0.679357 0.320543
0.180228 0.615494 0.204278
9.9991E-05 0.589893 0.410007
0.0407975 0.545233 0.41397
0.0954017 0.488114 0.416485
0.301057 0.282489 0.416454
0.106759 0.316437 0.576805
0.148136 0.444061 0.407803
0.00772184 0.453766 0.538512
0.149611 0.334249 0.51614
9.9991E-05 0.723022 0.276878
0.168297 0.36637 0.465333
0.388969 0.469524 0.141507
0.0657713 0.400402 0.533826
0.0994844 0.387547 0.512968
0.0833609 0.408085 0.508554
0.210633 0.440903 0.348464
0.150677 0.323583 0.525739
0.159398 0.320808 0.519794
0.638312 0.173159 0.188529
0.153025 0.332628 0.514347
0.0848179 0.405661 0.509521
0.0660484 0.428694 0.505258
0.165954 0.281401 0.552645
0.108122 0.350545 0.541333
9.9991E-05 0.617379 0.382521
0.0319673 0.551948 0.416085
0.0487765 0.951124 9.9991E-05
0.0990723 0.900828 9.9991E-05
0.0843019 0.575754 0.339944
0.148346 0.268222 0.583432
0.125292 0.291269 0.583439
0.304003 0.276721 0.419276
0.176793 0.260221 0.562986
0.184831 0.67069 0.144479
0.204111 0.573597 0.222292
9.9991E-05 0.502518 0.497382
0.0427063 0.550489 0.406805
0.127634 0.589382 0.282984
0.0401252 0.48749 0.472385
9.9991E-05 0.5402 0.4597
0.085867 0.461833 0.4523
0.0505293 0.798426 0.151044
0.00734272 0.748571 0.244086
0.00800485 0.67597 0.316025
0.0692762 0.638266 0.292457
0.135632 0.485869 0.378499
9.9991E-05 0.7254 0.2745
0.0290357 0.840283 0.130681
9.9991E-05 0.610777 0.389123
0.0114738 0.868246 0.12028
9.9991E-05 0.735445 0.264455
9.9991E-05 0.592047 0.407853
0.000873414 0.688991 0.310136
0.121836 0.394721 0.483443
0.124772 0.435388 0.439839
0.171663 0.340366 0.487971
0.192268 0.383843 0.423888
0.148864 0.361247 0.489889
0.210486 0.364575 0.424939
0.33566 0.518749 0.145591
0.0429196 0.379057 0.578023
0.557576 0.299713 0.142711
0.00286492 0.473131 0.524005
0.0373239 0.9184 0.0442758
0.1063 0.8936 9.9991E-05
9.9991E-05 0.73607 0.26383
9.9991E-05 0.615794 0.384106
0.0109725 0.791299 0.197728
9.9991E-05 0.735249 0.264651
9.9991E-05 0.665752 0.334148
0.767682 0.0386487 0.193669
0.813207 0.0500089 0.136784
0.895743 9.9991E-05 0.104157
0.895879 9.9991E-05 0.104021
0.0311451 0.627745 0.34111
0.0339874 0.650886 0.315127
9.9991E-05 0.711219 0.288681
0.0147834 0.619462 0.365755
0.105774 0.520144 0.374083
0.102447 0.797203 0.10035
9.9991E-05 0.65776 0.34214
9.9991E-05 0.817405 0.182495
0.180099 0.328598 0.491303
9.9991E-05 0.726156 0.273744
0.0196403 0.86093 0.119429
9.9991E-05 0.685228 0.314672
9.9991E-05 0.745518 0.254382
9.9991E-05 0.70316 0.29674
9.9991E-05 0.663319 0.336581
9.9991E-05 0.995793 0.00410737
0.0156437 0.777127 0.20723
9.99942E-05 0.823773 0.176127
0.0194207 0.980479 9.9991E-05
0.0480514 0.659264 0.292684
0.00541445 0.965637 0.0289484
0.0831701 0.91673 9.9991E-05
9.9991E-05 0.58704 0.41286
0.0349815 0.821435 0.143584
9.9991E-05 0.714177 0.285723
0.0210112 0.49776 0.481229
9.9991E-05 0.688853 0.311047
9.9991E-05 0.750425 0.249475
9.9991E-05 0.634101 0.365799
0.0327387 0.628545 0.338716
9.9991E-05 0.866133 0.133767
0.00792652 0.557341 0.434733
0.739623 0.260277 9.9991E-05
0.780865 0.14625 0.0728852
0.904509 0.0953912 9.9991E-05
0.870062 0.129838 9.9991E-05
0.807792 0.171699 0.020509
0.0798386 0.843991 0.0761707
0.0983571 0.88414 0.0175029
9.9991E-05 0.887343 0.112557
0.0936627 0.500532 0.405805
0.0155696 0.564108 0.420322
0.0756601 0.735508 0.188832
9.9991E-05 0.644695 0.355205
9.9991E-05 0.68059 0.31931
9.9991E-05 0.715018 0.284882
9.9991E-05 0.594431 0.405469
0.0154269 0.820919 0.163654
9.9991E-05 0.819063 0.180837
9.9991E-05 0.810007 0.189893
0.011258 0.569729 0.419013
9.9991E-05 0.800622 0.199278
9.9991E-05 0.69395 0.30595
0.0669843 0.214041 0.718974
0.0945544 0.206131 0.699314
0.0474682 0.217596 0.734935
0.146321 0.141738 0.711941
0.0807067 0.23107 0.688224
0.0172975 0.645447 0.337255
0.338599 9.9991E-05 0.661301
0.191131 0.123624 0.685245
0.137348 0.435694 0.426959
0.101412 0.564731 0.333857
0.145233 0.596998 0.257769
0.0957101 0.515818 0.388472
0.0686475 0.496464 0.434888
0.165526 0.0443476 0.790127
0.113396 0.253681 0.632923
0.0510189 0.131472 0.817509
0.0654027 0.361784 0.572813
0.180798 0.100604 0.718598
0.144376 0.204927 0.650697
0.197556 0.0306339 0.77181
0.0866327 0.264684 0.648684
0.0336243 0.590129 0.376247
0.178106 0.174386 0.647508
0.194641 0.0405604 0.764799
0.155182 0.258758 0.58606
0.227703 0.668977 0.10332
9.9991E-05 0.543393 0.456507
0.235166 0.234433 0.530401
0.0530283 0.519252 0.42772
0.167458 0.491489 0.341053
0.170133 0.324919 0.504947
0.253375 0.23283 0.513795
0.0420028 0.502865 0.455132
0.104908 0.245128 0.649964
0.118584 0.170491 0.710925
0.24588 0.0186406 0.73548
0.0838111 0.527754 0.388435
0.13169 0.616605 0.251705
0.227361 0.59952 0.173119
0.0410638 0.480397 0.478539
0.168559 0.635249 0.196191
0.199611 0.373175 0.427214
0.167425 0.492279 0.340296
0.454177 0.291827 0.253995
0.502149 0.375632 0.122219
0.247254 0.462841 0.289905
0.483075 0.286357 0.230568
0.572272 0.141633 0.286095
0.175815 0.427993 0.396192
0.256256 0.337757 0.405987
0.338177 0.367921 0.293902
0.352122 0.359951 0.287928
0.140736 0.466802 0.392462
0.313147 0.452234 0.234619
0.648849 0.271113 0.0800379
0.135071 0.323361 0.541568
0.189224 0.333055 0.477721
0.240924 0.22631 0.532766
0.139977 0.21229 0.647733
0.133789 0.349886 0.516325
0.0801884 0.307599 0.612213
0.338548 0.208867 0.452586
0.131605 0.309678 0.558717
0.176337 0.223879 0.599784
0.254457 0.306959 0.438584
0.190269 0.507509 0.302221
0.135958 0.488256 0.375786
0.0956339 0.468035 0.436331
0.0390623 0.508541 0.452397
0.274251 0.201342 0.524407
0.130646 0.32127 0.548084
0.432071 0.219488 0.348441
0.124275 0.339609 0.536115
0.320432 0.190332 0.489236
0.865817 0.0913163 0.0428663
0.270787 0.729113 9.9991E-05
0.258058 0.741842 9.9991E-05
0.280051 0.719849 9.9991E-05
0.229337 0.770563 9.9991E-05
0.256581 0.743319 9.9991E-05
0.225622 0.774278 9.9991E-05
0.298382 0.701518 9.9991E-05
0.459777 0.540123 9.9991E-05
0.880475 9.9991E-05 0.119425
0.848006 0.0653236 0.0866704
0.862748 9.9991E-05 0.137152
0.865272 0.0833774 0.0513505
0.882382 9.9991E-05 0.117518
0.892891 0.0306666 0.0764428
0.758841 9.9991E-05 0.241059
0.843649 9.9991E-05 0.156251
0.752824 0.0964546 0.150721
0.884376 9.9991E-05 0.115524
0.969469 9.9991E-05 0.030431
0.850139 0.0301892 0.119671
0.91247 9.9991E-05 0.0874304
0.885067 9.9991E-05 0.114833
0.84505 9.9991E-05 0.15485
0.804811 9.9991E-05 0.195089
0.751058 9.9991E-05 0.248842
0.738262 9.9991E-05 0.261638
0.770446 9.9991E-05 0.229454
0.168277 0.577108 0.254616
0.0123903 0.573492 0.414117
0.120874 0.43355 0.445576
0.162537 0.763677 0.0737855
0.0850479 0.574065 0.340887
0.279567 0.65656 0.0638736
0.0445142 0.557656 0.39783
0.104137 0.705456 0.190407
0.0453041 0.625747 0.328949
9.9991E-05 0.678548 0.321352
0.106636 0.680859 0.212505
0.0440609 0.542125 0.413814
0.0912533 0.590588 0.318158
0.182491 0.817409 9.9991E-05
0.225117 0.774783 9.9991E-05
0.185676 0.707204 0.10712
0.0555336 0.466018 0.478449
0.0871948 0.587832 0.324973
0.132366 0.614803 0.252831
9.9991E-05 0.550956 0.448944
0.143135 0.392075 0.46479
0.158181 0.330287 0.511531
0.479241 0.292123 0.228636
0.118664 0.523806 0.35753
0.225582 0.339641 0.434777
0.550337 0.275982 0.173681
0.289267 0.277499 0.433233
0.342529 0.262787 0.394684
0.321971 0.310985 0.367044
0.115304 0.436681 0.448015
0.188937 0.322694 0.488369
0.0622689 0.325829 0.611902
0.197614 0.404619 0.397767
0.485069 0.130863 0.384068
