9.9955E-05 9.9955E-05 0.0522626 0.00658929 0.858842 9.9955E-05 9.9955E-05 9.9955E-05 0.0818065
9.9946E-05 0.0475851 9.9946E-05 9.9946E-05 0.920928 9.9946E-05 0.0308877 9.9946E-05 9.9946E-05
0.0937851 9.9964E-05 0.00143538 9.9964E-05 0.744404 0.119519 9.9964E-05 9.9964E-05 0.040457
9.9973E-05 9.9973E-05 0.0761579 0.09647 0.771911 0.0105711 0.0279848 9.9973E-05 0.0166058
0.0439242 9.9973E-05 0.0353603 0.0409225 0.802574 0.0576961 0.0192228 9.9973E-05 9.9973E-05
9.9955E-05 0.0156888 0.0560589 9.9955E-05 0.61634 9.9955E-05 9.9955E-05 0.311413 9.9955E-05
9.99461E-05 9.99461E-05 9.99461E-05 0.00519954 0.815711 9.99461E-05 9.99461E-05 0.17849 9.99461E-05
9.9964E-05 9.9964E-05 0.0396584 0.0922021 0.69399 9.9964E-05 0.0354611 0.138289 9.9964E-05
0.129984 0.0678872 9.99549E-05 0.0564246 0.745204 9.99549E-05 9.99549E-05 9.99549E-05 9.99549E-05
9.9964E-05 9.9964E-05 0.0563994 9.9964E-05 0.682605 0.0667116 0.0153597 0.178525 9.9964E-05
9.9955E-05 9.9955E-05 9.9955E-05 0.0417115 0.743442 9.9955E-05 0.0278934 0.186453 9.9955E-05
9.9964E-05 0.00549854 0.0767553 9.9964E-05 9.9964E-05 0.0537433 9.9964E-05 0.0510597 0.812543
0.0223197 9.9973E-05 0.018615 0.0490971 9.9973E-05 0.49044 9.9973E-05 0.00312089 0.416107
0.0520127 9.9973E-05 0.0252904 9.9973E-05 0.00980051 0.136108 0.0239983 9.9973E-05 0.75249
0.075048 9.9973E-05 0.16524 9.9973E-05 0.00564186 0.0764974 0.0172375 9.9973E-05 0.660035
0.00654321 9.9982E-05 0.142466 9.9982E-05 0.0896503 0.255949 0.00958734 0.0705254 0.42508
0.00327909 0.00636141 0.120433 9.9991E-05 0.0268614 0.484876 0.0124638 0.0475974 0.298027
0.0202295 0.113272 0.107567 9.9982E-05 9.9982E-05 0.321127 0.0245492 0.024308 0.388747
0.0495916 9.9964E-05 0.0844225 9.9964E-05 0.0605985 0.203467 9.9964E-05 9.9964E-05 0.601521
9.9946E-05 9.9946E-05 9.9946E-05 9.9946E-05 0.0713334 9.9946E-05 9.9946E-05 0.101647 0.82642
0.00921693 0.0921243 0.133194 9.9982E-05 9.9982E-05 0.265935 0.0246067 0.0683747 0.406349
0.119356 0.0691393 0.065834 9.9973E-05 9.9973E-05 0.337581 9.9973E-05 0.128286 0.279504
0.0277826 0.095369 9.9982E-05 0.0303632 0.0449224 0.538979 9.9982E-05 0.0491355 0.213249
9.9955E-05 9.9955E-05 0.119179 9.9955E-05 9.9955E-05 0.145104 9.9955E-05 0.0567026 0.678515
9.9991E-05 0.0617563 0.0355631 0.0393788 0.0352672 0.576009 0.00744019 0.0633673 0.181118
0.0486435 9.9955E-05 0.0678148 9.9955E-05 9.9955E-05 0.477726 9.9955E-05 9.9955E-05 0.405316
9.9955E-05 9.9955E-05 0.109961 9.9955E-05 0.0226492 9.9955E-05 0.0571346 9.9955E-05 0.809756
0.0209782 9.9946E-05 0.214815 9.9946E-05 9.9946E-05 9.9946E-05 9.9946E-05 9.9946E-05 0.763607
9.9964E-05 9.9964E-05 0.0201695 9.9964E-05 9.9964E-05 0.0725668 0.0550124 0.0736544 0.778197
9.9955E-05 9.9955E-05 0.137454 9.9955E-05 0.82079 0.00638023 9.9955E-05 9.9955E-05 0.034876
9.9955E-05 9.9955E-05 0.0713084 9.9955E-05 0.821027 0.0820826 9.9955E-05 9.9955E-05 0.0250824
9.9955E-05 9.9955E-05 0.0520989 9.9955E-05 0.786401 0.12866 9.9955E-05 9.9955E-05 0.0323396
0.0104736 0.0349603 0.120174 9.9964E-05 0.717412 0.11658 9.9964E-05 9.9964E-05 9.9964E-05
9.9964E-05 0.21153 9.9964E-05 0.0681416 9.9964E-05 0.447204 9.9964E-05 0.127917 0.144807
9.9982E-05 0.280624 0.0397226 0.0374962 0.0401273 0.45977 0.0711817 9.9982E-05 0.0708778
9.9964E-05 0.380362 0.00488405 9.9964E-05 9.9964E-05 0.490821 0.0309197 0.0926134 9.9964E-05
9.9982E-05 0.0567 0.00215867 0.0864082 0.151869 0.00769801 0.0472182 9.9982E-05 0.647748
0.0915082 0.57287 0.0636809 9.9964E-05 9.9964E-05 0.270109 0.00143142 9.9964E-05 9.9964E-05
9.9982E-05 0.311147 0.0384922 0.0296236 0.0813022 0.427608 0.00992195 9.9982E-05 0.101705
0.0881862 0.130246 0.001363 0.0735391 9.9964E-05 0.706266 9.9964E-05 9.9964E-05 9.9964E-05
9.9973E-05 0.0447087 9.9973E-05 0.00371416 0.0937041 0.461226 9.9973E-05 0.362953 0.0333937
9.9973E-05 0.0167076 9.9973E-05 0.0169664 0.0932657 0.605252 9.9973E-05 0.188574 0.0789341
0.0425566 0.680098 9.9973E-05 0.0209419 0.00844109 0.0542437 9.9973E-05 9.9973E-05 0.193419
0.00651479 0.0020636 0.0552343 9.9982E-05 9.9982E-05 0.512825 0.0368494 0.317767 0.0685463
9.9973E-05 0.220049 0.141556 9.9973E-05 0.0148064 0.486672 0.0882735 0.0483432 9.9973E-05
0.057724 0.12816 0.0062874 9.9973E-05 0.138181 0.560367 9.9973E-05 9.9973E-05 0.108981
0.00198854 0.644383 9.9964E-05 0.00842568 9.9964E-05 0.34404 0.000763632 9.9964E-05 9.9964E-05
0.0740706 0.251747 9.9955E-05 0.0521341 9.9955E-05 0.621548 9.9955E-05 9.9955E-05 9.9955E-05
0.0327209 0.106949 0.0597236 0.0836043 0.0791531 0.543179 9.9982E-05 0.0944695 9.9982E-05
0.225642 0.725119 9.9955E-05 0.0291891 9.9955E-05 9.9955E-05 9.9955E-05 0.0195501 9.9955E-05
0.000477982 0.21274 0.0113601 0.212278 9.9991E-05 0.103979 0.0382804 0.0435508 0.377234
0.201408 0.180958 9.9973E-05 0.0181855 9.9973E-05 9.9973E-05 0.13457 0.171213 0.293366
0.00187779 0.0813192 0.151339 0.0989025 0.0225607 0.417855 0.10757 9.9991E-05 0.118476
0.015875 9.9982E-05 0.0459949 9.9982E-05 0.0738766 0.614824 0.043617 0.100511 0.105102
0.10839 0.0453604 0.0531716 0.0123918 9.9982E-05 0.509753 9.9982E-05 0.0797107 0.191023
0.116839 0.384603 9.9982E-05 0.127759 0.05038 0.0919743 0.0104638 9.9982E-05 0.217781
0.0822748 9.9973E-05 9.9973E-05 0.045378 9.9973E-05 0.50171 0.0572512 0.0360322 0.277054
0.111675 0.00164152 0.0273709 0.103717 9.9982E-05 0.567356 9.9982E-05 0.0837253 0.104315
9.9964E-05 0.151637 9.9964E-05 9.9964E-05 0.129251 0.301257 9.9964E-05 0.252302 0.165154
0.150485 0.122295 9.9982E-05 0.083237 0.128436 0.0604198 9.9982E-05 0.0811949 0.373732
0.084492 0.138779 9.9982E-05 0.0408952 0.035611 0.509288 9.9982E-05 0.0775468 0.113188
0.122872 9.9982E-05 0.00101114 0.12278 0.0288976 0.377652 0.108175 9.9982E-05 0.238411
0.0926397 0.168218 9.9973E-05 0.0915445 0.0174452 9.9973E-05 9.9973E-05 0.0063247 0.623528
0.0330526 0.0550873 9.9964E-05 9.9964E-05 9.9964E-05 0.423281 0.0372138 9.9964E-05 0.450965
0.0727142 0.113256 0.0625586 0.0371304 9.9982E-05 0.543714 0.0986146 9.9982E-05 0.0718126
0.0130623 9.9991E-05 0.054956 0.0769681 0.0432745 0.561944 0.0225558 0.0907315 0.136408
0.0506032 0.143106 0.0361964 0.065379 0.0373254 0.195981 0.00641058 9.9991E-05 0.464898
0.0190002 0.117505 0.0437671 0.0504104 0.00423866 0.398758 0.0607516 9.9991E-05 0.305469
9.9982E-05 0.0333989 0.111423 0.122953 0.026545 0.539936 9.9982E-05 0.00822476 0.15732
0.0893296 0.0745939 9.9982E-05 0.0304036 9.9982E-05 0.140757 0.0836253 0.0106824 0.570408
9.9937E-05 0.51183 9.9937E-05 9.9937E-05 9.9937E-05 0.48747 9.9937E-05 9.9937E-05 9.9937E-05
9.9973E-05 0.623904 0.0231744 9.9973E-05 0.0149809 0.141532 9.9973E-05 0.0009057 0.195204
0.0396138 0.136296 9.9991E-05 0.0599034 0.030686 0.608627 0.0705791 0.0309892 0.0232049
0.0464296 0.855839 9.9964E-05 0.00218914 9.9964E-05 9.9964E-05 0.0137828 0.0813593 9.9964E-05
9.9964E-05 0.806455 9.9964E-05 9.9964E-05 0.0187878 9.9964E-05 0.0784665 0.0654684 0.0304223
9.9955E-05 0.715047 9.9955E-05 9.9955E-05 9.9955E-05 0.248509 0.0323061 9.9955E-05 0.00363782
9.9955E-05 0.475675 9.9955E-05 0.0618489 9.9955E-05 0.405829 9.9955E-05 9.9955E-05 0.056148
0.0664671 0.190087 0.0581108 0.106468 0.0785686 0.44895 9.9982E-05 9.9982E-05 0.051148
0.105958 0.440988 9.9964E-05 0.0233259 9.9964E-05 0.409561 0.0197679 9.9964E-05 9.9964E-05
9.9973E-05 0.610349 0.0341362 0.112321 0.0034354 0.155093 9.9973E-05 9.9973E-05 0.0843652
9.9964E-05 0.427554 9.9964E-05 0.226886 0.0176275 0.281506 9.9964E-05 9.9964E-05 0.0460265
0.00841446 0.194629 0.0687807 0.115941 0.016136 0.522501 0.0733976 9.9982E-05 9.9982E-05
9.9973E-05 0.526763 0.0763047 9.9973E-05 0.0143497 0.253384 9.9973E-05 0.0862175 0.0426814
9.9964E-05 0.435078 9.9964E-05 0.0320112 0.0544186 0.405636 9.9964E-05 9.9964E-05 0.0724571
9.99608E-05 0.615431 9.99608E-05 9.99608E-05 9.99608E-05 0.357488 0.00610521 0.0204766 9.99608E-05
0.137855 0.628513 9.9955E-05 9.9955E-05 9.9955E-05 9.9955E-05 0.157963 0.0751691 9.9955E-05
9.9955E-05 0.225259 9.9955E-05 0.15003 9.9955E-05 0.561846 9.9955E-05 0.0623655 9.9955E-05
9.9973E-05 0.0129609 0.0178712 0.0402315 0.793209 0.0924152 9.9973E-05 9.9973E-05 0.0430124
9.99371E-05 9.99371E-05 9.99371E-05 9.99371E-05 0.915683 0.083617 9.99371E-05 9.99371E-05 9.99371E-05
0.0255681 9.9955E-05 0.00404246 9.9955E-05 0.824244 0.145646 9.9955E-05 9.9955E-05 9.9955E-05
0.0880721 9.9946E-05 9.9946E-05 9.9946E-05 0.848058 0.0632703 9.9946E-05 9.9946E-05 9.9946E-05
0.0341567 0.0567956 9.9955E-05 9.9955E-05 0.852427 0.0561209 9.9955E-05 9.9955E-05 9.9955E-05
0.0367447 0.00192031 0.00144809 9.9982E-05 0.848785 0.0689786 0.0245283 0.0173949 9.9982E-05
0.000830566 9.9964E-05 0.0164355 9.9964E-05 0.901742 0.0308939 9.9964E-05 9.9964E-05 0.0496984
0.0327208 0.219029 0.0103112 9.9982E-05 0.1104 0.563822 9.9982E-05 0.0532597 0.0102575
9.9991E-05 0.0870274 0.0777176 0.0227626 0.110316 0.532359 0.0115613 0.107135 0.0510213
9.9946E-05 0.751851 9.9946E-05 9.9946E-05 9.9946E-05 9.9946E-05 0.0350251 9.9946E-05 0.212524
9.9982E-05 0.130908 0.0193805 0.00542756 0.0943015 0.605741 9.9982E-05 0.0477669 0.096274
9.9955E-05 0.391862 9.9955E-05 9.9955E-05 0.0292156 0.359153 9.9955E-05 9.9955E-05 0.219269
9.9964E-05 0.334413 0.0462115 9.9964E-05 9.9964E-05 0.524273 9.9964E-05 0.0762088 0.0184936
0.0159845 0.246518 0.00577602 9.9991E-05 0.0233266 0.514754 0.117327 0.00879349 0.0674198
9.9946E-05 0.469568 0.122857 9.9946E-05 9.9946E-05 0.406976 9.9946E-05 9.9946E-05 9.9946E-05
9.9955E-05 0.733895 9.9955E-05 0.0393619 0.0782614 9.9955E-05 9.9955E-05 9.9955E-05 0.147982
0.0464707 0.153671 0.0701117 0.0779861 0.0590887 0.521721 9.9991E-05 0.060542 0.0103092
0.0187028 0.137663 9.9982E-05 9.9982E-05 0.0764196 0.66067 0.0317486 0.0478399 0.0267554
9.9982E-05 0.140855 0.0880183 0.0900169 0.0257113 0.526873 9.9982E-05 0.0355901 0.0927356
0.0605553 0.55377 0.0645856 9.9973E-05 9.9973E-05 0.208158 9.9973E-05 0.0856537 0.0269775
9.9964E-05 0.372741 9.9964E-05 9.9964E-05 0.0311246 0.515309 0.0387133 0.0417127 9.9964E-05
0.0507789 0.318722 9.9964E-05 0.00288004 9.9964E-05 0.426104 9.9964E-05 9.9964E-05 0.201116
9.9955E-05 0.542757 0.109974 9.9955E-05 9.9955E-05 0.286563 0.0602063 9.9955E-05 9.9955E-05
9.9982E-05 0.395055 0.00169951 0.0466729 0.0852064 0.424329 9.9982E-05 0.00105162 0.0457856
0.118565 0.0757516 9.9955E-05 9.9955E-05 9.9955E-05 0.571474 9.9955E-05 9.9955E-05 0.233709
0.129446 0.0850819 9.9973E-05 0.0540862 9.9973E-05 0.169438 0.0853279 9.9973E-05 0.476321
0.0434429 0.0169754 0.0806218 0.118148 0.0739829 0.338451 9.9991E-05 0.0593242 0.268954
9.9973E-05 9.9973E-05 0.0471077 9.9973E-05 0.100021 0.501566 0.0885633 0.0686312 0.19381
9.9991E-05 0.120085 0.0496616 0.0764348 0.0701019 0.570595 0.0166534 0.0792314 0.0171374
9.9964E-05 9.9964E-05 9.9964E-05 0.153817 0.0579505 0.403686 0.0215252 9.9964E-05 0.362622
0.0117677 9.9991E-05 0.0473863 0.128121 0.0136305 0.506538 0.0257467 0.0234582 0.243251
9.9973E-05 0.0341278 0.0181941 0.177904 9.9973E-05 0.429512 0.0565942 9.9973E-05 0.283368
0.104309 0.111936 0.0130149 0.0892688 0.0311524 0.430175 0.0632634 0.0311394 0.125741
9.9973E-05 9.9973E-05 0.00391644 0.108392 0.0541714 0.573276 9.9973E-05 0.181111 0.0788332
0.00406527 0.0291263 9.9991E-05 0.0690935 0.0835686 0.581541 0.0962138 0.0457761 0.0905152
0.0116247 0.0344333 9.9973E-05 0.143052 9.9973E-05 0.495272 0.00109362 9.9973E-05 0.314225
0.0784219 9.9973E-05 9.9973E-05 0.075013 0.00282705 0.69106 9.9973E-05 0.0767661 0.0756124
0.0896741 9.9982E-05 0.0344619 0.0899161 0.0153078 0.563773 0.10198 9.9982E-05 0.104687
9.9964E-05 0.00977976 9.9964E-05 0.0859394 9.9964E-05 0.642795 0.0707206 9.9964E-05 0.190365
0.0652956 9.9982E-05 0.0584933 0.128402 9.9982E-05 0.548483 0.0616525 0.0187808 0.118692
9.9982E-05 0.0386304 0.0703194 0.195182 9.9982E-05 0.553316 0.065671 0.0746269 0.00205433
0.0467515 9.9982E-05 9.9982E-05 0.0146395 0.118149 0.317223 0.187561 0.04353 0.271946
0.00642267 9.9964E-05 9.9964E-05 0.0105292 9.9964E-05 0.622791 0.124738 9.9964E-05 0.235119
0.108756 0.00210714 9.9964E-05 0.0873987 9.9964E-05 0.706158 9.9964E-05 9.9964E-05 0.0951809
9.9991E-05 0.155795 0.108373 0.136861 0.0135475 0.159337 0.0618223 0.0375695 0.326595
0.20022 0.0418096 0.00322203 0.0909925 9.9991E-05 0.110755 0.18087 0.0651625 0.306869
9.9982E-05 0.0438195 0.0592154 0.17002 9.9982E-05 0.509198 0.0108901 0.0133767 0.193281
0.0609017 0.210137 0.0396136 0.195373 9.9991E-05 0.0454651 0.259335 0.0140865 0.174988
9.9973E-05 0.121928 9.9973E-05 0.0261761 0.0670808 0.239753 0.0795776 9.9973E-05 0.465184
9.9973E-05 0.133036 9.9973E-05 0.0240818 9.9973E-05 0.37909 0.0478646 0.0595993 0.356028
9.9964E-05 0.200125 9.9964E-05 0.16346 0.067005 0.254646 9.9964E-05 9.9964E-05 0.314364
9.9982E-05 0.0635728 0.0298862 0.0966528 9.9982E-05 0.166235 0.0568376 0.0824218 0.504194
0.00272603 9.9982E-05 0.0357364 0.0426571 0.091146 0.548423 9.9982E-05 0.104449 0.174662
0.0463028 0.0802672 0.105862 0.0435206 0.0488447 0.499364 0.0418506 0.00950618 0.124482
9.9982E-05 0.0901298 0.027241 0.0392452 0.0395667 0.581228 0.0416339 9.9982E-05 0.180756
0.177292 0.074433 0.00399005 0.147297 9.9991E-05 0.15348 0.139082 0.0610082 0.243318
0.0640692 0.0862326 0.00150041 0.0860419 0.0971681 0.536932 0.049629 0.0598629 0.018564
0.173128 0.114375 9.9982E-05 9.9982E-05 0.0175889 0.463912 0.0166804 0.124769 0.0893462
0.262617 0.0838702 9.9982E-05 0.00231247 0.0422217 9.9982E-05 0.207308 0.272359 0.129111
0.031971 0.0795705 0.0117171 9.9991E-05 0.0585576 0.593395 0.0140779 0.116979 0.093632
0.173324 0.132366 0.0257024 0.0365766 9.9991E-05 0.330489 0.0881475 0.146279 0.0670167
0.190514 0.0434352 0.00715659 0.0508711 9.9991E-05 0.490533 0.0516058 0.083545 0.0822393
0.201102 0.0810474 9.9991E-05 0.10135 0.00635847 0.270569 0.113049 0.218491 0.0079327
0.119989 0.0915201 9.9982E-05 9.9982E-05 0.0343399 0.0755723 0.159151 0.322549 0.196679
0.0743842 0.181105 9.9973E-05 0.120262 9.9973E-05 0.396867 0.0849133 0.142168 9.9973E-05
0.21057 0.041477 9.9973E-05 0.132201 9.9973E-05 0.573933 9.9973E-05 0.0195682 0.0219504
0.0667503 0.0787021 9.9991E-05 0.0438451 0.0828888 0.529947 0.0206278 0.0407194 0.13642
0.251153 0.187176 0.0788741 9.9973E-05 9.9973E-05 9.9973E-05 0.124281 0.165475 0.192742
9.9991E-05 0.0259867 0.125003 0.0518545 0.0769235 0.402012 0.158757 0.151732 0.0076314
0.0345285 0.138492 9.9973E-05 9.9973E-05 9.9973E-05 0.240252 0.107344 0.30952 0.169563
0.0905715 0.0967548 9.9973E-05 9.9973E-05 9.9973E-05 0.373052 0.0547277 0.133908 0.250686
9.9991E-05 0.184641 0.0152239 0.0501286 0.122763 0.485577 0.067965 0.0461893 0.0274127
0.211038 0.0448872 0.259462 9.9982E-05 0.20227 0.0993507 9.9982E-05 0.16108 0.0217125
0.4775 9.9955E-05 0.0706845 9.9955E-05 0.38956 9.9955E-05 9.9955E-05 0.061755 9.9955E-05
0.491574 9.9964E-05 0.0707562 9.9964E-05 0.304499 9.9964E-05 0.0673595 0.0654112 9.9964E-05
0.323146 9.9973E-05 0.201732 0.0330696 0.273495 0.142485 9.9973E-05 9.9973E-05 0.0257727
0.0587397 0.0272489 9.9955E-05 9.9955E-05 9.9955E-05 0.56168 9.9955E-05 0.351831 9.9955E-05
9.9982E-05 0.0659884 9.9982E-05 0.052576 0.0731377 0.559453 0.0633194 0.160914 0.024412
9.9955E-05 9.9955E-05 0.672355 0.0363973 9.9955E-05 0.262021 9.9955E-05 9.9955E-05 0.0287263
9.9973E-05 0.00863525 0.427891 0.174462 0.0396679 0.314876 0.0341682 9.9973E-05 9.9973E-05
9.9964E-05 9.9964E-05 0.314951 0.0562684 0.0673674 0.387755 9.9964E-05 0.173258 9.9964E-05
9.9964E-05 0.0013768 9.9964E-05 9.9964E-05 0.00317568 0.285028 0.211805 0.498215 9.9964E-05
0.0887791 0.179651 9.9982E-05 0.0212117 0.0973473 0.553666 0.0190388 0.0401059 9.9982E-05
0.0737209 9.9973E-05 0.0535262 9.9973E-05 9.9973E-05 0.0208043 0.273233 0.503131 0.0752849
0.0448329 0.0242019 9.9973E-05 0.0563675 9.9973E-05 0.548605 0.07318 0.252513 9.9973E-05
0.0619533 0.127227 9.9982E-05 0.00818343 0.0468205 0.418271 0.10641 0.230934 9.9982E-05
0.0465879 9.9973E-05 0.0719574 9.9973E-05 9.9973E-05 0.504401 0.104481 0.259164 0.0131089
0.0593962 0.11674 9.9973E-05 9.9973E-05 9.9973E-05 0.101393 0.161008 0.457714 0.10345
0.0175477 0.0441622 0.0857392 9.9982E-05 9.9982E-05 0.533777 0.0363242 0.168123 0.114126
9.9982E-05 9.9982E-05 0.123785 0.0338305 0.043872 0.424422 0.0563243 0.210553 0.107013
0.0227841 0.0290114 0.887421 9.9964E-05 9.9964E-05 0.0329152 0.027468 9.9964E-05 9.9964E-05
9.9955E-05 9.9955E-05 0.872443 9.9955E-05 9.9955E-05 0.0539951 0.0230129 0.0500497 9.9955E-05
9.9982E-05 0.0277037 0.505899 9.9982E-05 0.0809004 0.294161 0.0190193 0.0534727 0.0186442
9.9964E-05 9.9964E-05 0.603386 0.0506685 0.00984288 0.289128 0.0465742 9.9964E-05 9.9964E-05
9.9955E-05 0.00744945 0.825492 9.9955E-05 9.9955E-05 0.0888965 9.9955E-05 0.0776624 9.9955E-05
0.0438682 9.9937E-05 0.955432 9.9937E-05 9.9937E-05 9.9937E-05 9.9937E-05 9.9937E-05 9.9937E-05
0.00728714 9.9964E-05 0.958869 0.0150154 9.9964E-05 9.9964E-05 0.0036772 0.0147515 9.9964E-05
9.9946E-05 9.9946E-05 0.850657 9.9946E-05 9.9946E-05 0.147333 0.00141 9.9946E-05 9.9946E-05
9.9946E-05 0.0302038 0.93427 0.0349268 9.9946E-05 9.9946E-05 9.9946E-05 9.9946E-05 9.9946E-05
9.993E-05 9.993E-05 0.999201 9.993E-05 9.993E-05 9.993E-05 9.993E-05 9.993E-05 9.993E-05
9.993E-05 9.993E-05 0.999201 9.993E-05 9.993E-05 9.993E-05 9.993E-05 9.993E-05 9.993E-05
9.9964E-05 9.9964E-05 0.794414 9.9964E-05 0.00382153 0.1093 0.02668 9.9964E-05 0.0653849
0.0740713 9.9964E-05 0.729443 0.0759678 9.9964E-05 0.115141 9.9964E-05 9.9964E-05 0.00497688
9.9937E-05 9.9937E-05 0.966122 0.0331781 9.9937E-05 9.9937E-05 9.9937E-05 9.9937E-05 9.9937E-05
9.9991E-05 0.010963 0.325841 0.0497029 0.0402718 0.417301 0.0636052 0.032565 0.0596496
9.9964E-05 9.9964E-05 0.693059 0.0764788 0.0155657 0.195393 0.0191028 9.9964E-05 9.9964E-05
0.0382509 9.9973E-05 0.699004 0.0357638 0.00490554 0.21567 9.9973E-05 9.9973E-05 0.00610582
9.9946E-05 9.9946E-05 0.864455 9.9946E-05 9.9946E-05 0.0778975 9.9946E-05 9.9946E-05 0.0570475
9.9946E-05 9.9946E-05 0.976788 9.9946E-05 9.9946E-05 0.00737935 9.9946E-05 0.0152327 9.9946E-05
0.113809 9.9946E-05 0.863169 9.9946E-05 9.9946E-05 0.0224218 9.9946E-05 9.9946E-05 9.9946E-05
9.993E-05 9.993E-05 0.999201 9.993E-05 9.993E-05 9.993E-05 9.993E-05 9.993E-05 9.993E-05
9.9964E-05 0.0340642 0.563409 0.0761771 9.9964E-05 0.23209 9.9964E-05 9.9964E-05 0.0938601
9.9955E-05 0.00526495 0.908582 9.9955E-05 9.9955E-05 9.9955E-05 0.0322652 9.9955E-05 0.0533885
0.271166 9.9955E-05 9.9955E-05 9.9955E-05 0.233609 9.9955E-05 0.0314677 0.463258 9.9955E-05
0.180437 9.9982E-05 0.0116404 0.164572 0.0490866 0.411651 9.9982E-05 0.158485 0.0239276
9.9982E-05 9.9982E-05 0.0390619 0.0500912 0.199076 0.376381 0.0187096 0.260328 0.0561527
0.272149 0.00794795 0.0883486 9.9991E-05 0.0810799 0.136892 0.0426189 0.298621 0.0722423
0.191714 0.148638 0.111268 9.9982E-05 0.0750513 0.408234 9.9982E-05 0.0142291 0.050665
0.223479 0.0889295 0.0288893 9.9991E-05 0.193486 0.117352 0.0634018 0.266453 0.0179101
0.130941 0.00851585 0.0567109 9.9991E-05 0.137741 0.473169 0.0924315 0.0434197 0.0569713
0.189303 9.9973E-05 0.177631 9.9973E-05 0.032613 0.274702 0.00427682 0.321175 9.9973E-05
0.0786209 0.0299741 0.169118 9.9982E-05 0.078321 0.366371 0.0491659 0.228229 9.9982E-05
0.0866403 9.9973E-05 0.170137 9.9973E-05 0.102474 0.222704 0.0425716 0.375173 9.9973E-05
9.9973E-05 0.051353 0.0570001 9.9973E-05 0.16701 0.42047 9.9973E-05 0.17102 0.132846
0.0191544 9.9964E-05 9.9964E-05 0.0989818 0.795565 0.0553994 9.9964E-05 0.0304995 9.9964E-05
0.0755425 9.9946E-05 0.0744043 9.9946E-05 0.849454 9.9946E-05 9.9946E-05 9.9946E-05 9.9946E-05
0.0974936 9.9955E-05 9.9955E-05 0.0196504 0.853623 9.9955E-05 9.9955E-05 9.9955E-05 0.0287337
0.0448072 9.9955E-05 9.9955E-05 0.030909 0.897137 0.026647 9.9955E-05 9.9955E-05 9.9955E-05
0.0673696 9.9973E-05 0.00255414 0.0342977 0.808902 0.0284637 9.9973E-05 9.9973E-05 0.0581125
0.128607 9.9946E-05 0.0502331 9.9946E-05 0.82056 9.9946E-05 9.9946E-05 9.9946E-05 9.9946E-05
9.9955E-05 9.9955E-05 0.0522476 0.0220853 0.882281 0.0428862 9.9955E-05 9.9955E-05 9.9955E-05
0.119183 9.9955E-05 9.9955E-05 9.9955E-05 0.821685 9.9955E-05 0.032183 9.9955E-05 0.0264489
0.144684 9.9955E-05 9.9955E-05 9.9955E-05 0.797984 0.0467285 9.9955E-05 9.9955E-05 0.010103
0.170459 9.9964E-05 0.0292778 9.9964E-05 0.764979 0.00872892 9.9964E-05 9.9964E-05 0.0261555
9.9964E-05 0.0646944 9.9964E-05 0.0916922 0.581487 9.9964E-05 0.0335586 9.9964E-05 0.228167
0.0765954 0.0455499 9.9964E-05 0.176082 0.536478 9.9964E-05 9.9964E-05 9.9964E-05 0.164896
0.0600928 0.0543653 9.9973E-05 0.120122 0.491895 9.9973E-05 9.9973E-05 0.057655 0.21557
9.9964E-05 9.9964E-05 9.9964E-05 0.0832656 0.495255 9.9964E-05 0.0435103 0.0184217 0.359148
9.9973E-05 0.268523 0.0082416 0.0365406 0.0414859 0.49353 9.9973E-05 9.9973E-05 0.151379
9.9982E-05 0.235284 0.0500164 0.0589977 0.0272617 0.456401 0.153739 9.9982E-05 0.0181002
9.9982E-05 0.15681 0.0490376 0.0889211 9.9982E-05 0.458607 0.061801 0.155358 0.0292654
0.101758 0.164973 9.9973E-05 0.0921232 9.9973E-05 0.339509 0.0522699 9.9973E-05 0.249068
9.9973E-05 0.0334153 0.0297254 0.202571 9.9973E-05 0.0229565 0.130806 9.9973E-05 0.580226
0.0212062 0.113581 0.0180403 0.0784378 0.00863372 0.653084 0.0166208 0.0902954 9.9991E-05
9.9973E-05 0.242184 0.00471549 0.0396743 9.9973E-05 0.518941 0.0486415 9.9973E-05 0.145544
0.00485496 0.380853 9.9973E-05 0.0816117 0.0190518 0.418919 9.9973E-05 9.9973E-05 0.0944093
9.9973E-05 0.508398 0.0542246 0.0255997 9.9973E-05 0.294394 0.0784361 0.0386486 9.9973E-05
0.0495123 0.105718 9.9973E-05 0.156062 0.00220009 0.603238 0.0829687 9.9973E-05 9.9973E-05
9.9982E-05 0.365879 9.9982E-05 0.0945611 0.00614016 0.381341 0.0498582 0.0809577 0.0210633
9.9955E-05 0.737104 9.9955E-05 0.0647054 0.00672532 9.9955E-05 0.190966 9.9955E-05 9.9955E-05
0.0864525 0.0669275 9.9991E-05 0.114303 0.0408384 0.477169 0.0814144 0.0569101 0.0758854
0.0987116 0.52554 9.9964E-05 0.0336561 9.9964E-05 0.226212 0.115481 9.9964E-05 9.9964E-05
9.9973E-05 0.357504 9.9973E-05 9.9973E-05 0.0128617 0.501043 0.109922 0.00377303 0.0145962
9.9973E-05 0.67485 9.9973E-05 0.0921934 0.0307762 0.0640694 9.9973E-05 0.0108152 0.126996
0.0216811 9.9964E-05 9.9964E-05 0.760109 0.0635749 0.0127566 9.9964E-05 0.141479 9.9964E-05
9.9955E-05 9.9955E-05 9.9955E-05 0.783716 0.000636023 0.0421914 9.9955E-05 0.172957 9.9955E-05
9.9946E-05 9.9946E-05 9.9946E-05 0.893949 9.9946E-05 9.9946E-05 0.0113122 0.0941388 9.9946E-05
9.9946E-05 9.9946E-05 9.9946E-05 0.835361 0.00833788 9.9946E-05 9.9946E-05 0.155701 9.9946E-05
9.9964E-05 0.0204618 0.0215129 0.76475 9.9964E-05 0.0414006 9.9964E-05 0.151475 9.9964E-05
9.9955E-05 9.9955E-05 0.0829321 0.816291 9.9955E-05 0.0136176 9.9955E-05 0.0866596 9.9955E-05
0.0301106 0.0109878 0.0335844 9.9964E-05 0.833977 0.0909398 9.9964E-05 9.9964E-05 9.9964E-05
0.078742 9.9973E-05 0.0529013 0.0476054 0.774036 9.9973E-05 9.9973E-05 0.0243531 0.0220622
9.9955E-05 9.9955E-05 0.119505 9.9955E-05 0.75671 0.108054 9.9955E-05 0.0152304 9.9955E-05
0.00451843 9.9955E-05 0.112411 9.9955E-05 0.745902 9.9955E-05 9.9955E-05 9.9955E-05 0.136668
0.0688586 9.9973E-05 0.0490898 0.00391115 0.755955 0.0920596 9.9973E-05 9.9973E-05 0.0298257
9.9964E-05 0.0258597 9.9964E-05 0.484628 0.38805 9.9964E-05 9.9964E-05 0.0535114 0.0475515
0.0231857 0.0237332 9.9973E-05 0.412279 0.421234 9.9973E-05 0.112908 0.00636 9.9973E-05
9.9955E-05 0.011423 9.9955E-05 0.426892 0.409799 9.9955E-05 0.151387 9.9955E-05 9.9955E-05
9.9955E-05 9.9955E-05 0.0750301 9.9955E-05 0.789338 0.0851645 9.9955E-05 9.9955E-05 0.0499679
0.0757986 0.0446364 0.0232177 0.505041 0.280066 9.9973E-05 0.0709396 9.9973E-05 9.9973E-05
0.28165 9.9973E-05 0.242184 0.00445866 0.0982398 0.355716 0.0174519 9.9973E-05 9.9973E-05
9.9964E-05 9.9964E-05 0.186805 0.0406033 0.135439 0.575632 9.9964E-05 0.0611216 9.9964E-05
0.0162796 9.9955E-05 0.227716 9.9955E-05 0.216404 0.5391 9.9955E-05 9.9955E-05 9.9955E-05
0.24098 0.0839859 0.157589 9.9964E-05 0.147126 0.36992 9.9964E-05 9.9964E-05 9.9964E-05
0.0359526 0.0335781 0.086268 0.0409236 0.134227 0.562234 9.9982E-05 0.106617 9.9982E-05
0.338673 9.9964E-05 0.240647 9.9964E-05 0.319088 0.0049228 9.9964E-05 0.0962693 9.9964E-05
9.9982E-05 0.0267729 9.9982E-05 0.111024 0.00555669 0.362343 0.130261 0.0342218 0.329621
0.0428393 0.0913047 9.9973E-05 0.0555652 9.9973E-05 0.313221 0.264737 9.9973E-05 0.232034
9.9964E-05 9.9964E-05 9.9964E-05 0.112475 0.0536153 0.16319 0.0100536 9.9964E-05 0.660266
9.9973E-05 0.112638 0.000416235 0.119637 9.9973E-05 0.433922 0.280298 9.9973E-05 0.0527895
0.150195 0.251977 9.9964E-05 0.0659186 9.9964E-05 9.9964E-05 0.418423 9.9964E-05 0.113087
0.130842 0.0651096 9.9982E-05 0.0497775 0.048467 0.531468 0.115605 9.9982E-05 0.0585313
0.00317375 0.0140267 0.0575325 0.0411089 9.9991E-05 0.374946 0.167389 0.157548 0.184174
9.9982E-05 0.090137 9.9982E-05 0.0277817 0.0016081 0.24203 0.0669254 0.0669321 0.504386
0.00777964 0.0132366 0.0359182 0.0345285 0.10211 0.500299 0.111948 0.0555254 0.138654
0.14699 0.135457 9.9982E-05 0.000221346 9.9982E-05 0.0117385 0.149322 0.0676407 0.488431
0.12978 0.0991875 9.9982E-05 0.0511162 9.9982E-05 0.409024 0.132417 0.0470706 0.131205
0.0179064 0.0333449 0.0370309 0.141392 9.9991E-05 0.464784 0.102336 0.00636792 0.196738
0.110645 0.136996 0.192567 0.0811507 0.053233 0.33764 0.034861 0.000587846 0.0523185
9.9964E-05 9.9964E-05 9.9964E-05 0.00193943 9.9964E-05 0.321887 0.250261 0.0741378 0.351375
0.0810744 0.11387 9.9973E-05 0.175817 9.9973E-05 0.380492 0.102114 9.9973E-05 0.146333
9.9973E-05 9.9973E-05 0.0969893 0.0391177 9.9973E-05 0.371362 0.171645 0.121547 0.199039
0.0601696 0.172246 0.0116924 0.0324077 9.9982E-05 0.471574 0.0768412 9.9982E-05 0.174869
9.9991E-05 0.0781452 0.0689908 0.0461371 0.020015 0.537799 0.0469326 0.0486155 0.153265
0.0163114 0.164674 0.0556255 9.9982E-05 0.122683 0.383688 0.0194661 9.9982E-05 0.237351
0.0584479 9.9964E-05 9.9964E-05 0.1366 9.9964E-05 0.64254 9.9964E-05 0.0120851 0.149927
9.9964E-05 9.9964E-05 0.0768099 0.0160191 0.76167 0.13899 0.0061107 9.9964E-05 9.9964E-05
9.9973E-05 0.019525 0.0308816 9.9973E-05 0.834687 0.0582314 0.0281282 0.0282466 9.9973E-05
0.0679649 0.0480226 0.0336798 0.0501756 0.730927 0.00440069 9.9982E-05 0.0646298 9.9982E-05
9.9955E-05 0.0820821 0.0576623 0.0718025 0.787953 9.9955E-05 9.9955E-05 9.9955E-05 9.9955E-05
9.9955E-05 0.0313446 9.9955E-05 9.9955E-05 0.825107 0.0908956 9.9955E-05 0.0521531 9.9955E-05
0.0957222 0.0735238 0.00943451 0.140811 9.9973E-05 0.087458 9.9973E-05 9.9973E-05 0.592751
0.0925807 0.10095 0.033136 0.137895 9.9991E-05 0.414973 0.0986303 0.0163571 0.105378
0.151321 0.016761 0.0714714 9.9991E-05 0.201179 0.423259 0.00354877 0.0826043 0.0497557
0.0211978 9.9982E-05 9.9982E-05 0.0251952 0.0169082 0.662874 0.0739914 0.00719203 0.192441
9.9973E-05 0.0795082 9.9973E-05 0.0718279 0.0448817 0.403148 0.0606383 9.9973E-05 0.339696
0.229789 9.9964E-05 9.9964E-05 0.149176 9.9964E-05 0.343694 0.0683948 9.9964E-05 0.208547
0.0803093 0.105692 9.9964E-05 0.155948 0.0984169 9.9964E-05 9.9964E-05 9.9964E-05 0.559234
9.9973E-05 0.0697523 0.0376608 0.123601 9.9973E-05 0.447346 9.9973E-05 0.0821499 0.239189
9.9982E-05 9.9982E-05 0.105052 0.176771 0.0396099 0.0729061 0.135407 0.0224323 0.447621
0.114834 0.0642068 9.9973E-05 0.176545 9.9973E-05 0.484511 0.0540175 9.9973E-05 0.105586
0.0476976 9.9973E-05 9.9973E-05 0.206039 0.123995 0.0437425 0.0441496 9.9973E-05 0.534076
9.9955E-05 9.9955E-05 9.9955E-05 0.203665 0.0449776 0.645917 9.9955E-05 9.9955E-05 0.10494
9.9973E-05 0.0101163 9.9973E-05 0.0560314 0.0968676 0.152402 0.114412 9.9973E-05 0.569871
9.9991E-05 0.0228885 0.0657048 0.107466 0.065694 0.26727 0.108739 0.129525 0.232613
9.9991E-05 0.0270675 0.0918625 0.0740367 0.023793 0.386022 0.10914 0.159567 0.128411
9.9964E-05 9.9964E-05 0.00471101 9.9964E-05 9.9964E-05 0.207448 0.152685 0.597643 0.0371141
9.9973E-05 0.0214963 0.0143084 9.9973E-05 0.0468137 0.509598 9.9973E-05 0.320968 0.0865163
9.9973E-05 0.175277 0.0362897 0.0151131 0.130222 0.528257 9.9973E-05 0.114541 9.9973E-05
0.0597214 0.00807321 9.9973E-05 0.0577314 9.9973E-05 0.295073 0.0906831 0.488418 9.9973E-05
0.0186635 0.0190021 0.0161964 0.0517017 0.0606256 0.494023 0.10632 0.216078 0.0173909
0.0293513 0.059388 9.9982E-05 0.0861686 0.0147731 0.501885 0.0428285 0.265406 9.9982E-05
9.9964E-05 0.00725901 9.9964E-05 0.055998 9.9964E-05 9.9964E-05 0.249012 0.648737 0.0385943
0.114305 0.06334 9.9964E-05 9.9964E-05 9.9964E-05 0.141791 0.0928634 0.587301 9.9964E-05
0.000946992 0.0267843 9.9973E-05 0.026752 9.9973E-05 0.477995 0.0764082 0.390814 9.9973E-05
0.0569228 0.238271 9.9982E-05 0.0166289 9.9982E-05 0.00635955 0.120277 0.529979 0.0313621
0.0479649 0.0299723 9.9973E-05 0.0451113 9.9973E-05 0.37876 9.9973E-05 0.364338 0.133554
0.0347032 0.13302 9.9973E-05 0.152311 0.0281591 0.00815197 9.9973E-05 9.9973E-05 0.643354
9.9973E-05 0.0386977 0.0122482 0.146605 9.9973E-05 0.198898 0.291503 9.9973E-05 0.311749
9.9982E-05 0.0848096 0.124381 0.155017 0.000612576 0.249884 0.0494514 9.9982E-05 0.335645
0.00158212 9.9973E-05 0.0822521 0.116169 9.9973E-05 0.54489 9.9973E-05 0.101948 0.152859
9.9973E-05 0.128827 9.9973E-05 0.163589 9.9973E-05 0.160368 0.0402896 0.0286588 0.477968
0.146254 0.0807296 0.0376817 0.054933 0.0530727 0.416176 0.142455 0.00670735 0.0619912
0.0334378 9.9982E-05 0.0146556 0.153099 0.00674117 0.64942 0.0530448 9.9982E-05 0.0894014
0.110118 9.9973E-05 0.00797093 0.0952811 9.9973E-05 0.446294 0.059804 9.9973E-05 0.280232
9.9982E-05 9.9982E-05 0.0524462 0.10182 0.0558812 0.427536 0.0658068 0.0242196 0.27209
9.9991E-05 0.104045 0.0239949 0.138789 0.0436524 0.35825 0.0118406 0.0660015 0.253326
9.9973E-05 0.0761107 0.0627736 0.194502 9.9973E-05 0.15022 0.053043 9.9973E-05 0.463051
9.9973E-05 0.0342464 0.0761186 0.151166 9.9973E-05 0.295733 0.104887 9.9973E-05 0.33755
0.0542401 0.0548507 9.9973E-05 0.0365921 9.9973E-05 0.555632 0.0436968 9.9973E-05 0.254689
0.0220719 9.9973E-05 9.9973E-05 0.0593017 0.0440205 0.672491 0.0326956 9.9973E-05 0.16912
0.0721919 0.0663018 9.9982E-05 0.194 0.0176802 0.388941 0.04006 9.9982E-05 0.220625
0.101531 9.9973E-05 0.0010961 0.135205 9.9973E-05 0.483882 0.126709 9.9973E-05 0.151277
9.9982E-05 9.9982E-05 0.0434537 0.186775 0.0495224 0.295106 0.00936116 0.0773838 0.338198
9.9982E-05 0.00629178 0.0787692 0.0699993 9.9982E-05 0.520028 0.00448064 0.000468581 0.319763
0.0417177 0.0193517 0.0767272 0.109219 0.00799416 0.405237 0.0630499 0.0356182 0.241084
9.9982E-05 9.9982E-05 0.125667 0.109564 0.10309 0.378252 0.0812162 0.124248 0.0777627
0.0490313 0.00243192 0.0632032 0.0023087 0.318349 0.43747 9.9991E-05 0.00962685 0.117479
0.192502 0.028701 0.151193 9.9964E-05 0.0771319 0.550073 9.9964E-05 9.9964E-05 9.9964E-05
0.100548 0.00689354 0.118173 0.00619195 0.103551 0.456426 0.0189288 0.0507305 0.138558
0.0842985 9.9973E-05 9.9973E-05 9.9973E-05 0.114056 0.644442 0.09166 0.0321679 0.033075
9.9973E-05 0.0411254 0.164546 9.9973E-05 0.202089 0.468574 0.0498251 9.9973E-05 0.073541
9.9982E-05 0.0558164 0.0346049 0.0347057 9.9982E-05 0.360555 0.129405 0.126723 0.257989
0.0938347 9.9982E-05 0.177279 0.0364246 0.0792415 0.503628 9.9982E-05 0.0119906 0.0974016
0.388029 0.157612 0.102351 9.9973E-05 0.0989926 9.9973E-05 9.9973E-05 0.124322 0.128393
0.00475852 9.9973E-05 0.132365 9.9973E-05 0.064274 0.452781 0.138651 9.9973E-05 0.20687
0.0418392 0.0556559 0.150424 0.0591137 0.0566533 0.536107 0.0232724 0.0664965 0.0104375
0.0657057 0.00570735 0.183659 0.113962 0.0530378 0.442082 0.0429457 9.9991E-05 0.0928
0.210431 0.0466544 0.161743 0.0513033 0.0876407 0.218701 0.0222369 0.0321228 0.169167
0.0859572 0.0656219 0.151781 9.9982E-05 0.119899 0.469285 9.9982E-05 0.0560526 0.0512034
0.00454137 9.9973E-05 0.153706 9.9973E-05 0.17404 0.455315 0.134887 9.9973E-05 0.0772112
0.513031 0.0329234 0.151399 9.9964E-05 0.298265 9.9964E-05 0.00398159 9.9964E-05 9.9964E-05
0.0927344 9.9973E-05 0.155446 9.9973E-05 0.148237 0.464476 9.9973E-05 0.0371078 0.101699
0.0803489 0.0455052 0.151695 0.0152165 0.0999106 0.531252 0.029032 0.0469396 9.9991E-05
9.9982E-05 9.9982E-05 0.0901364 0.00164824 0.133047 0.5066 0.0693699 0.0698394 0.12916
0.0603583 0.0102065 0.0465056 9.9973E-05 0.208564 0.651435 9.9973E-05 0.0226312 9.9973E-05
0.00584318 0.0258294 0.169838 0.0824097 0.123698 0.459261 0.0674132 9.9991E-05 0.065607
9.9991E-05 0.132163 0.0338671 0.0257911 0.0172783 0.394651 0.316796 0.0267833 0.0525709
0.00122704 0.0549552 0.0563487 0.00485412 0.13082 0.468294 0.177269 9.9991E-05 0.106131
9.9955E-05 0.0906591 9.9955E-05 9.9955E-05 9.9955E-05 9.9955E-05 0.780783 0.0351939 0.0928647
9.99549E-05 0.0664341 9.99549E-05 0.0114227 0.0261026 9.99549E-05 0.895541 9.99549E-05 9.99549E-05
9.9964E-05 9.9964E-05 0.123013 9.9964E-05 0.0399313 0.46591 0.268872 9.9964E-05 0.101874
0.177631 9.9973E-05 0.188347 9.9973E-05 0.0747736 0.482916 0.026902 9.9973E-05 0.0491303
0.154113 9.9964E-05 0.279753 9.9964E-05 0.0328549 0.370346 0.162533 9.9964E-05 9.9964E-05
0.211339 9.9982E-05 0.2557 9.9982E-05 0.106874 0.191868 0.204843 0.0135159 0.0156602
0.13383 9.9973E-05 0.166784 9.9973E-05 0.134174 0.406694 0.142736 9.9973E-05 0.0154822
0.25989 9.9964E-05 0.0506371 9.9964E-05 9.9964E-05 0.0823556 0.59791 0.00880785 9.9964E-05
0.196942 9.9964E-05 0.0501312 9.9964E-05 0.043573 0.128591 0.580363 9.9964E-05 9.9964E-05
0.0735856 0.0117453 0.0852766 9.9964E-05 9.9964E-05 0.524163 0.30483 9.9964E-05 9.9964E-05
0.0100915 9.9964E-05 0.0690361 9.9964E-05 0.0859413 0.430654 0.403877 9.9964E-05 9.9964E-05
0.0635606 9.9964E-05 0.070142 9.9964E-05 0.0844584 0.160998 0.620441 9.9964E-05 9.9964E-05
0.0325341 9.9973E-05 0.0974175 9.9973E-05 0.0577435 0.508771 0.267931 9.9973E-05 0.0353027
0.016426 9.9982E-05 0.0737109 0.0227726 9.9982E-05 0.508292 0.314658 0.0349772 0.0289628
0.0419714 0.0835132 0.0371964 0.0648356 0.14862 0.46473 0.133923 0.0251102 9.9991E-05
9.9982E-05 0.014203 9.9982E-05 0.0358429 0.018433 0.270524 0.604922 0.00157532 0.0542998
9.9955E-05 9.9955E-05 0.0259993 9.9955E-05 9.9955E-05 0.282276 0.565791 9.9955E-05 0.125434
0.0361485 0.0868439 0.0452561 0.0364412 0.0230928 0.464443 0.190639 0.0864239 0.0307118
9.9991E-05 0.0410174 0.0337756 0.114046 0.0517135 0.334186 0.35149 0.0361091 0.0375621
0.204363 9.9973E-05 0.00576013 0.0836313 9.9973E-05 0.494114 0.0514026 9.9973E-05 0.160429
9.9955E-05 9.9955E-05 9.9955E-05 0.0160221 9.9955E-05 0.437465 0.41632 0.129694 9.9955E-05
9.9955E-05 9.9955E-05 9.9955E-05 0.0472906 9.9955E-05 0.180024 0.693491 0.0786949 9.9955E-05
0.0131025 0.0603969 0.040063 9.9982E-05 0.0186834 0.549947 0.297486 0.0201211 9.9982E-05
9.9955E-05 9.9955E-05 9.9955E-05 0.00758341 9.9955E-05 0.196826 0.758542 9.9955E-05 0.036549
9.9955E-05 9.9955E-05 9.9955E-05 0.00784242 0.0230782 0.418369 0.55021 9.9955E-05 9.9955E-05
0.0240133 0.138399 0.0294018 0.0444269 0.0815248 0.473305 0.20873 9.9982E-05 9.9982E-05
0.0624564 0.0846822 0.00423052 0.00501265 0.0399405 0.437397 0.330277 9.9991E-05 0.0359035
0.0424198 0.1099 0.152752 9.9982E-05 0.146666 0.422074 0.0579994 0.0679883 9.9982E-05
0.0559144 9.9991E-05 0.147947 0.00653118 0.100769 0.400891 0.125618 0.054478 0.107752
0.0677772 0.063697 0.262858 0.0431914 0.0962995 0.249595 0.0063786 0.210104 9.9991E-05
0.126464 9.9991E-05 0.157706 0.13174 0.122422 0.326444 0.0352716 0.0639726 0.0358803
0.0130798 0.0343388 0.149475 0.0724001 0.149466 0.478969 9.9982E-05 0.102071 9.9982E-05
0.0223436 9.9991E-05 0.105646 0.0397089 0.120273 0.427883 0.222588 0.050568 0.0108902
0.0917007 9.9964E-05 0.107382 0.0307346 0.194406 9.9964E-05 0.575377 9.9964E-05 9.9964E-05
9.9973E-05 9.9973E-05 0.191577 0.0336811 0.0572165 0.586014 0.107534 0.0236781 9.9973E-05
0.217576 9.9955E-05 0.041597 9.9955E-05 0.29239 9.9955E-05 0.447938 9.9955E-05 9.9955E-05
9.9955E-05 9.9955E-05 0.1033 9.9955E-05 0.0659918 0.513317 0.316892 9.9955E-05 9.9955E-05
9.9955E-05 0.0705112 9.9955E-05 9.9955E-05 9.9955E-05 0.0916114 0.819778 0.0175994 9.9955E-05
9.9946E-05 0.114468 9.9946E-05 9.9946E-05 0.0184223 9.9946E-05 0.86651 9.9946E-05 9.9946E-05
9.9955E-05 9.9955E-05 0.0039014 9.9955E-05 9.9955E-05 0.516774 0.41368 9.9955E-05 0.0651444
9.9946E-05 9.9946E-05 9.9946E-05 9.9946E-05 0.0231053 0.579837 0.396458 9.9946E-05 9.9946E-05
9.9955E-05 9.9955E-05 9.9955E-05 0.0116554 9.9955E-05 0.338742 0.626376 0.0227265 9.9955E-05
9.9955E-05 0.0366677 9.9955E-05 9.9955E-05 0.0336337 0.501464 0.427735 9.9955E-05 9.9955E-05
9.9946E-05 0.0263851 9.9946E-05 9.9946E-05 9.9946E-05 0.52665 0.446365 9.9946E-05 9.9946E-05
9.9955E-05 9.9955E-05 0.0347204 9.9955E-05 0.788463 0.109199 0.0671185 9.9955E-05 9.9955E-05
0.017301 9.9973E-05 0.0909731 0.00625892 0.679477 9.9973E-05 9.9973E-05 0.0573741 0.148316
9.9946E-05 9.9946E-05 0.0770723 9.9946E-05 0.866891 9.9946E-05 9.9946E-05 9.9946E-05 0.055437
0.0232826 9.9946E-05 9.9946E-05 9.9946E-05 0.910362 0.0657557 9.9946E-05 9.9946E-05 9.9946E-05
0.0242697 0.339627 9.9973E-05 0.0447264 0.0832845 0.472196 0.0355966 9.9973E-05 9.9973E-05
0.0399928 0.376614 0.0158544 0.0322463 0.0247401 0.459304 9.9982E-05 9.9982E-05 0.0510478
9.9955E-05 0.444978 9.9955E-05 9.9955E-05 0.00462839 0.470537 9.9955E-05 9.9955E-05 0.0793577
9.9955E-05 0.302608 9.9955E-05 9.9955E-05 0.109382 0.491826 9.9955E-05 9.9955E-05 0.0956849
0.00355351 0.174106 0.116853 0.0662508 9.9973E-05 0.417908 9.9973E-05 0.221028 9.9973E-05
9.9982E-05 0.569701 0.0632774 0.0298404 0.0264918 0.16522 9.9982E-05 0.0526135 0.0926559
9.9964E-05 0.328902 0.00192854 9.9964E-05 9.9964E-05 0.611337 0.0407894 9.9964E-05 0.0166435
9.9955E-05 0.446294 9.9955E-05 9.9955E-05 9.9955E-05 0.281001 0.0959563 0.176249 9.9955E-05
0.00124738 9.9973E-05 0.175483 9.9973E-05 0.207964 0.441838 0.0797526 9.9973E-05 0.093415
0.0281763 0.337052 0.0301037 0.0129438 9.9982E-05 0.411864 0.174937 9.9982E-05 0.00472324
9.9973E-05 0.517434 0.00273076 0.12301 0.0346325 0.304283 9.9973E-05 9.9973E-05 0.0176099
0.0127562 0.350656 9.9991E-05 0.00213657 0.00602338 0.454483 0.108422 0.00349246 0.0619305
9.9964E-05 0.472915 9.9964E-05 9.9964E-05 0.0141905 0.309121 0.07244 9.9964E-05 0.130933
0.000896992 0.35708 0.00507651 9.9964E-05 9.9964E-05 0.549082 0.0874644 9.9964E-05 9.9964E-05
9.9991E-05 0.27594 0.0212458 0.00603377 0.0348021 0.56067 0.0175524 0.0583717 0.0252849
9.9955E-05 0.851635 9.9955E-05 9.9955E-05 9.9955E-05 0.0742685 0.0716939 0.00190251 9.9955E-05
0.0587923 0.545816 9.9973E-05 9.9973E-05 9.9973E-05 0.272351 0.0464058 0.00834575 0.067989
9.9955E-05 0.513559 9.9955E-05 0.0830759 9.9955E-05 0.357728 0.0451369 9.9955E-05 9.9955E-05
0.086774 0.87927 9.9946E-05 9.9946E-05 9.9946E-05 9.9946E-05 0.0333564 9.9946E-05 9.9946E-05
0.0737708 0.348778 0.00532585 0.00974999 9.9982E-05 0.443564 9.9982E-05 0.0456018 0.0730092
0.130056 0.551674 9.9973E-05 0.0161143 9.9973E-05 0.0863157 0.073322 0.142218 9.9973E-05
0.138113 0.765142 9.9946E-05 9.9946E-05 9.9946E-05 9.9946E-05 0.0961458 9.9946E-05 9.9946E-05
0.0674077 0.239442 9.9973E-05 0.0659424 0.0174156 0.578392 0.0311003 9.9973E-05 9.9973E-05
9.9973E-05 0.620219 9.9973E-05 0.0111824 0.00368482 0.158422 9.9973E-05 0.0385568 0.167635
9.9973E-05 0.36359 0.0911355 0.0751689 9.9973E-05 0.315181 9.9973E-05 0.110521 0.0441037
9.9973E-05 0.151822 0.0186088 9.9973E-05 0.126726 0.579044 0.0279391 0.0955598 9.9973E-05
0.025552 0.314987 9.9973E-05 0.0652337 0.0395775 0.523284 9.9973E-05 9.9973E-05 0.0310659
0.0995805 0.0541293 0.00512326 0.124697 9.9991E-05 0.377986 0.182391 0.0271077 0.128886
9.9973E-05 0.341322 0.0147579 0.0413946 9.9973E-05 0.506708 0.0636684 9.9973E-05 0.0318488
9.9973E-05 0.257322 0.0279051 9.9973E-05 0.00407765 0.498473 9.9973E-05 0.0542081 0.157714
9.9946E-05 0.679214 9.9946E-05 0.0179891 9.9946E-05 0.302197 9.9946E-05 9.9946E-05 9.9946E-05
0.112624 0.129269 9.9982E-05 0.0633868 0.0108176 0.568505 0.059918 9.9982E-05 0.0552806
0.0231791 0.0406829 9.9982E-05 0.150837 0.600402 9.9982E-05 0.0103246 0.0478624 0.126512
0.122316 0.0686381 9.9973E-05 0.00911038 0.677153 0.0283 9.9973E-05 9.9973E-05 0.0941834
0.0838942 9.9955E-05 9.9955E-05 0.116892 0.769061 9.9955E-05 9.9955E-05 9.9955E-05 0.0296536
0.0254979 9.9973E-05 9.9973E-05 0.0887855 0.77916 9.9973E-05 0.0601991 0.0251705 0.0208872
9.9955E-05 9.9955E-05 9.9955E-05 0.0744352 0.703375 9.9955E-05 9.9955E-05 0.158135 0.0635548
9.9973E-05 0.677947 0.0280006 0.0248264 0.0360563 0.0318353 9.9973E-05 9.9973E-05 0.201035
