0.928499 0.0714006 9.9991E-05
0.947389 0.0520608 0.000549839
0.820369 0.179531 9.9991E-05
0.810042 0.189858 9.9991E-05
0.851619 0.148281 9.9991E-05
0.664663 0.154209 0.181128
0.870315 0.0905262 0.0391588
0.781799 0.0753234 0.142878
0.952313 9.9991E-05 0.0475866
0.761571 0.204282 0.0341469
0.801083 0.0260957 0.172821
0.0701825 0.17671 0.753107
0.0387729 0.335761 0.625466
0.126471 0.16088 0.712649
0.128064 0.298051 0.573885
0.170939 0.332515 0.496546
0.0874199 0.419578 0.493002
0.0102781 0.346418 0.643304
0.190071 0.224183 0.585746
0.21324 9.9991E-05 0.78666
0.0163846 0.322955 0.660661
0.0553137 0.320792 0.623894
0.0594018 0.363158 0.577441
0.0892417 0.212061 0.698698
0.0369406 0.512778 0.450281
0.0256981 0.35587 0.618432
0.184497 0.0981034 0.7174
0.175996 0.181091 0.642913
0.103142 0.106025 0.790833
0.778338 0.221562 9.9991E-05
0.826779 0.173121 9.9991E-05
0.774461 0.201491 0.0240478
0.728569 0.243092 0.0283393
0.0179027 0.33597 0.646128
0.0173215 0.368925 0.613754
9.9991E-05 0.376274 0.623626
0.227734 0.0184 0.753866
0.00303583 0.225973 0.770991
0.0663899 0.340539 0.593071
9.9991E-05 0.431483 0.568417
0.0473844 0.370932 0.581684
0.0980017 0.341704 0.560295
0.064479 0.0299504 0.905571
0.00643674 0.458034 0.535529
0.0451182 0.397137 0.557745
0.0431343 0.421464 0.535402
9.9991E-05 0.18448 0.81542
9.9991E-05 0.417473 0.582427
0.058442 0.358415 0.583143
0.181815 9.9991E-05 0.818085
0.108992 0.044109 0.846899
0.144193 0.0299464 0.82586
9.9991E-05 0.444213 0.555687
9.9991E-05 0.511219 0.488681
0.0160716 0.474555 0.509374
0.186226 0.011806 0.801968
0.0031833 0.316134 0.680683
0.0620148 0.478083 0.459902
0.139025 0.208988 0.651987
0.333715 0.0417262 0.624558
0.0462836 0.397752 0.555964
0.113351 0.270616 0.616033
0.1911 9.9991E-05 0.8088
0.00942754 0.27126 0.719313
9.9991E-05 0.491199 0.508701
0.0294756 0.364956 0.605568
0.115927 0.187207 0.696865
0.0243025 0.366873 0.608824
0.0424713 0.413071 0.544457
0.128457 0.0306202 0.840923
9.9991E-05 0.305569 0.694331
0.0237135 0.0906889 0.885598
0.014454 0.36598 0.619566
0.0320382 9.9991E-05 0.967862
0.0316017 9.9991E-05 0.968298
9.9991E-05 0.122237 0.877663
9.9991E-05 0.222732 0.777168
0.0489582 0.351018 0.600024
9.9991E-05 0.292174 0.707726
0.0930337 0.0661039 0.840862
0.0477373 0.100569 0.851693
0.0539764 0.396447 0.549577
9.9991E-05 0.189628 0.810272
0.0139819 0.282217 0.703801
9.9991E-05 0.224025 0.775875
0.0635313 9.9991E-05 0.936369
0.0358185 0.335242 0.628939
0.811406 0.166781 0.0218136
0.877052 0.122848 9.9991E-05
0.842533 0.157367 9.9991E-05
0.87785 0.12205 9.9991E-05
0.863288 0.136612 9.9991E-05
0.865332 0.134568 9.9991E-05
0.886398 0.113502 9.9991E-05
0.0449538 0.375054 0.579993
0.0589391 0.308502 0.632559
0.0588098 9.9991E-05 0.94109
0.0367741 0.409453 0.553773
0.0250553 0.229463 0.745482
9.9991E-05 0.436659 0.563241
0.00317736 0.332456 0.664367
9.9991E-05 0.357777 0.642123
0.111889 9.9991E-05 0.888011
0.174926 0.307217 0.517858
9.9991E-05 0.38311 0.61679
9.9991E-05 0.355523 0.644377
0.0212785 0.189052 0.789669
9.9991E-05 0.358992 0.640908
9.9991E-05 0.271019 0.728881
9.9991E-05 0.237565 0.762335
0.0269257 0.2674 0.705674
0.086694 0.411813 0.501493
0.162374 0.0908544 0.746772
0.191893 0.250758 0.557349
0.0517013 0.353819 0.594479
0.00219724 0.410638 0.587165
0.0907174 0.254047 0.655236
9.9991E-05 0.32396 0.67594
0.0523186 0.288216 0.659465
0.0387654 0.321983 0.639251
0.0597451 0.39115 0.549105
0.0666348 0.326096 0.607269
9.9991E-05 0.243086 0.756814
9.9991E-05 0.416519 0.583381
0.0516575 0.47005 0.478293
9.9991E-05 0.383645 0.616255
9.9991E-05 0.476123 0.523777
9.9991E-05 0.422561 0.577339
0.116434 0.227208 0.656358
9.9991E-05 0.418746 0.581154
0.00995841 0.449968 0.540074
0.113959 0.154775 0.731266
0.166158 0.12341 0.710432
0.0348223 0.328965 0.636212
0.0301491 0.0537822 0.916069
0.133307 0.102108 0.764585
9.9991E-05 0.218792 0.781108
0.0592334 0.0699008 0.870866
0.0861534 0.130504 0.783343
0.00406222 0.432461 0.563477
0.0622134 0.359413 0.578374
0.0462526 0.345649 0.608098
0.0986872 0.0959533 0.80536
0.160288 0.394885 0.444827
0.0401058 0.347829 0.612065
0.287895 9.9991E-05 0.712005
0.0312745 0.481825 0.4869
0.0956279 0.183863 0.720509
0.105776 0.397476 0.496748
0.178914 0.122664 0.698422
0.208525 0.0104544 0.781021
0.069296 0.247137 0.683567
0.0247921 0.339972 0.635236
0.115512 0.309089 0.575399
0.195217 0.101453 0.70333
0.00744353 0.399878 0.592679
9.9991E-05 0.198417 0.801483
0.000746175 0.28497 0.714283
0.092501 0.41396 0.493539
0.405072 0.387966 0.206962
0.748842 0.17551 0.0756477
0.685568 0.17648 0.137952
0.510826 0.400788 0.0883854
9.9991E-05 0.381302 0.618598
0.1093 0.513376 0.377324
9.9991E-05 0.893805 0.106095
0.094775 0.611544 0.293681
0.0625703 0.655285 0.282145
0.0183517 0.197087 0.784561
0.063844 0.426005 0.510151
0.0782974 0.126746 0.794956
9.9991E-05 0.412398 0.587503
9.9991E-05 0.315749 0.684151
9.9991E-05 0.406505 0.593395
0.0788119 0.116615 0.804573
9.9991E-05 0.427972 0.571928
9.9991E-05 0.401285 0.598615
0.0520827 0.947817 9.9991E-05
0.0349565 0.964944 9.9991E-05
0.10357 0.742907 0.153523
9.9991E-05 0.909784 0.0901158
0.0521666 0.947733 9.9991E-05
0.074713 0.925187 9.9991E-05
0.105194 0.894706 9.9991E-05
9.999E-05 0.9998 9.999E-05
0.0346386 0.965261 9.9991E-05
0.0516052 0.948295 9.9991E-05
0.0597858 0.940114 9.9991E-05
0.0786808 0.903209 0.0181101
0.14484 0.85506 9.9991E-05
0.0551983 0.944702 9.9991E-05
0.0891052 0.604023 0.306872
0.0437983 0.852143 0.104059
0.102111 0.897789 9.9991E-05
0.0831729 0.916727 9.9991E-05
0.0399284 0.959972 9.9991E-05
0.0886869 0.911213 9.9991E-05
0.0546942 0.945206 9.9991E-05
0.135576 0.731111 0.133313
0.10019 0.89971 9.9991E-05
0.513559 0.0555102 0.430931
0.182353 0.315086 0.502561
0.242002 0.357717 0.400281
0.318069 0.228632 0.453299
0.155131 0.392693 0.452176
0.361427 0.23982 0.398753
0.141981 0.346107 0.511912
0.213281 0.372872 0.413847
0.178646 0.403318 0.418036
0.224956 0.441894 0.333151
0.172743 0.47415 0.353107
0.839341 0.0919339 0.0687248
0.931 0.0688999 9.9991E-05
0.949334 0.0482068 0.0024593
0.928455 0.0714449 9.9991E-05
0.906244 0.0936559 9.9991E-05
0.858766 0.141134 9.9991E-05
0.869053 0.130847 9.9991E-05
0.916145 0.083755 9.9991E-05
0.917228 0.0826723 9.9991E-05
0.871741 0.128159 9.9991E-05
0.731511 9.9991E-05 0.268389
0.72005 0.00455587 0.275394
0.675357 9.9991E-05 0.324543
0.607107 9.9991E-05 0.392793
0.0122157 0.299415 0.688369
9.9991E-05 0.362886 0.637014
9.9991E-05 0.346125 0.653775
0.026796 0.192671 0.780533
0.101631 0.0266777 0.871691
0.0277921 0.420816 0.551392
9.9991E-05 0.373395 0.626505
9.9991E-05 0.283445 0.716455
9.9991E-05 0.224635 0.775265
9.9991E-05 0.401024 0.598876
9.9991E-05 0.192343 0.807557
0.0845495 9.9991E-05 0.91535
0.0836315 0.263426 0.652943
0.0135668 0.13627 0.850163
9.9991E-05 0.32847 0.67143
0.0571405 0.0282071 0.914652
0.336522 9.9991E-05 0.663378
0.307804 9.9991E-05 0.692096
0.26844 9.9991E-05 0.73146
0.295624 9.9991E-05 0.704276
0.265933 9.9991E-05 0.733967
0.286344 9.9991E-05 0.713556
0.841785 0.158115 9.9991E-05
0.851785 0.137727 0.0104873
0.762977 0.236924 9.9991E-05
0.758831 0.227169 0.0140008
0.797147 0.202753 9.9991E-05
0.544235 9.9991E-05 0.455665
0.646552 9.9991E-05 0.353348
0.590802 9.9991E-05 0.409098
0.81368 0.18622 9.9991E-05
0.57129 9.9991E-05 0.42861
0.265158 0.574 0.160842
0.0608964 0.61974 0.319364
0.179103 0.635537 0.185361
0.296245 0.445924 0.257831
0.0807963 0.526839 0.392364
0.585985 0.326758 0.0872567
0.0431449 0.177071 0.779784
0.0400475 0.213745 0.746208
0.202994 0.112309 0.684696
0.00750793 0.272974 0.719519
0.112719 9.9991E-05 0.887181
0.063801 0.383141 0.553058
0.0158904 0.311811 0.672298
0.0983975 0.129805 0.771798
0.0445157 0.372748 0.582736
0.128733 9.9991E-05 0.871167
9.9991E-05 0.292725 0.707175
0.00184366 0.324451 0.673705
0.135045 0.453628 0.411327
9.9991E-05 0.216241 0.783659
0.0501119 0.283651 0.666237
9.9991E-05 0.362881 0.637019
9.9991E-05 0.304136 0.695764
0.0372268 0.417633 0.54514
0.0645221 0.436968 0.49851
0.10926 0.351846 0.538894
0.761422 0.238478 9.9991E-05
0.83442 0.156422 0.00915757
0.787084 0.139288 0.073628
0.833672 0.128358 0.0379699
0.850652 0.149248 9.9991E-05
0.152054 0.0772784 0.770668
0.0762864 0.339884 0.58383
0.175863 0.493335 0.330802
0.016572 0.43829 0.545138
0.0543749 0.284467 0.661158
0.095093 0.216457 0.68845
0.32827 9.9991E-05 0.67163
0.0241479 0.284146 0.691706
0.18396 0.0543549 0.761685
0.100934 0.250051 0.649015
0.278962 0.0419205 0.679117
0.0594031 0.418925 0.521672
0.20603 0.0458413 0.748129
0.109416 0.288843 0.601742
0.0481425 0.324007 0.62785
0.0598428 0.168607 0.77155
0.0856496 0.284411 0.62994
0.0444577 0.422093 0.53345
0.0320099 0.185437 0.782553
0.0851711 0.388974 0.525855
0.0566472 0.291676 0.651676
0.0621682 9.9991E-05 0.937732
0.0650955 0.12402 0.810884
0.00251272 0.308492 0.688995
0.112637 9.9991E-05 0.887263
9.9991E-05 0.236552 0.763348
0.155594 0.0284861 0.81592
9.9991E-05 0.144361 0.855539
0.0977418 0.21943 0.682828
9.9991E-05 0.437398 0.562502
0.0630734 0.0882985 0.848628
0.0428402 0.317821 0.639339
9.9991E-05 0.419457 0.580443
0.0559186 0.293156 0.650926
0.0116067 0.375369 0.613025
0.0484581 0.281868 0.669674
0.046054 0.163755 0.790191
0.0547435 0.246355 0.698902
9.9991E-05 0.363694 0.636206
9.9991E-05 0.45055 0.54935
0.0585339 0.261272 0.680194
9.9991E-05 0.387519 0.612381
0.10058 0.216254 0.683166
0.0218845 0.396817 0.581298
0.0475717 0.383109 0.56932
0.0842724 0.418486 0.497242
0.326547 0.431044 0.242409
0.0996149 0.524392 0.375993
0.0735402 0.46087 0.46559
0.0786341 0.477524 0.443842
0.157771 0.556358 0.285871
9.9991E-05 0.31546 0.68444
0.151689 0.469418 0.378892
0.383872 0.146872 0.469256
0.0877074 0.499585 0.412708
0.110094 0.502072 0.387834
0.052463 0.509924 0.437613
0.255909 0.285649 0.458441
0.17072 0.506716 0.322565
0.123682 0.535663 0.340655
0.691791 0.158696 0.149513
0.126786 0.544346 0.328868
0.116842 0.559651 0.323507
0.0113823 0.506541 0.482077
0.140823 0.601609 0.257568
0.10883 0.435662 0.455507
9.9991E-05 0.359624 0.640276
0.043881 0.359816 0.596303
0.0507422 9.9991E-05 0.949158
0.0950384 9.9991E-05 0.904862
9.9991E-05 0.420792 0.579108
0.0546498 0.592757 0.352593
0.18613 0.563269 0.250601
0.293913 0.421781 0.284306
0.202436 0.534324 0.263241
0.204587 0.155674 0.639739
0.171456 0.235744 0.592799
9.9991E-05 0.470788 0.529112
0.00542412 0.397507 0.597069
0.1401 0.242798 0.617102
0.0319446 0.376133 0.591922
0.0204287 0.430755 0.548817
0.0751678 0.375576 0.549256
0.0712411 0.175183 0.753576
0.00283307 0.259179 0.737988
9.9991E-05 0.400221 0.599679
0.0558002 0.297796 0.646404
0.124311 0.349582 0.526107
9.9991E-05 0.316013 0.683887
0.0696383 0.077495 0.852867
9.9991E-05 0.401066 0.598835
0.0203512 0.142801 0.836848
0.0281079 0.283513 0.688379
0.0705409 0.408379 0.52108
0.0428506 0.311264 0.645886
0.171291 0.422132 0.406578
0.160567 0.471161 0.368273
0.157657 0.511697 0.330646
0.208155 0.440057 0.351789
0.190383 0.422088 0.387529
0.163 0.506497 0.330503
0.335039 0.164843 0.500119
9.9991E-05 0.575028 0.424872
0.579745 0.158092 0.262163
0.046791 0.544163 0.409046
0.00472991 0.00973642 0.985534
0.110014 9.9991E-05 0.889886
9.9991E-05 0.2296 0.7703
9.9991E-05 0.389209 0.610691
9.9991E-05 0.231774 0.768126
9.9991E-05 0.262361 0.737539
9.9991E-05 0.337745 0.662155
0.802287 0.17707 0.0206433
0.780984 0.156184 0.0628319
0.905361 0.0945392 9.9991E-05
0.909266 0.090634 9.9991E-05
0.00466745 0.31064 0.684693
0.0292973 0.346642 0.624061
9.9991E-05 0.236915 0.762985
0.0336388 0.428855 0.537506
0.0601896 0.341873 0.597938
0.0332386 0.0724675 0.894294
9.9991E-05 0.355888 0.644012
9.9991E-05 0.135249 0.864651
0.221579 0.471019 0.307402
9.9991E-05 0.277889 0.722011
0.0252044 0.121697 0.853099
9.9991E-05 0.358773 0.641127
0.0103406 0.20659 0.78307
9.9991E-05 0.358623 0.641277
9.9991E-05 0.396824 0.603076
9.9991E-05 0.0530253 0.946875
0.0108343 0.175918 0.813247
9.9991E-05 0.224777 0.775123
0.0193236 9.9991E-05 0.980576
9.9991E-05 0.246046 0.753854
0.0264002 9.9991E-05 0.9735
0.0627836 9.9991E-05 0.937116
9.9991E-05 0.380881 0.619019
0.0639766 0.0919577 0.844066
0.00616882 0.298855 0.694976
0.0230731 0.387295 0.589631
9.9991E-05 0.29485 0.70505
0.00940153 0.24577 0.744829
9.9991E-05 0.321054 0.678846
0.0185123 0.273543 0.707945
9.9991E-05 0.170271 0.829629
9.9991E-05 0.350982 0.648918
0.731458 9.9991E-05 0.268442
0.809811 0.0724635 0.117725
0.906069 9.9991E-05 0.0938315
0.890755 9.9991E-05 0.109145
0.779717 0.0155802 0.204703
0.0895173 0.0562911 0.854192
0.0994504 0.0283817 0.872168
9.9991E-05 0.0726785 0.927222
9.9991E-05 0.443583 0.556317
0.0754247 0.402542 0.522033
0.0222633 0.194314 0.783423
9.9991E-05 0.431755 0.568145
0.0306973 0.275977 0.693326
9.9991E-05 0.331285 0.668615
9.9991E-05 0.428029 0.571871
0.00308071 0.159725 0.837194
9.9991E-05 0.171965 0.827935
9.9991E-05 0.151694 0.848206
0.097461 0.39906 0.503479
9.9991E-05 0.256184 0.743716
0.00175887 0.269497 0.728744
0.0324947 0.813873 0.153633
0.117431 0.697372 0.185197
0.109021 0.735777 0.155202
0.184255 0.753412 0.0623335
0.141641 0.594279 0.264081
9.9991E-05 0.381056 0.618844
0.315418 0.684482 9.9991E-05
0.203387 0.703138 0.0934759
0.209871 0.445272 0.344857
0.075086 0.3754 0.549514
0.139448 0.24722 0.613332
0.0411987 0.401301 0.557501
9.9991E-05 0.421919 0.577981
0.14778 0.725503 0.126717
0.121456 0.670331 0.208214
0.10708 0.794585 0.0983352
0.163378 0.537351 0.299271
0.158015 0.725258 0.116726
0.125164 0.630998 0.243838
0.180927 0.716196 0.102878
0.0770422 0.686036 0.236922
0.0827382 0.377575 0.539687
0.208643 0.562525 0.228831
0.211651 0.788249 9.9991E-05
0.177584 0.566059 0.256357
0.247153 0.0823892 0.670458
9.9991E-05 0.457199 0.542701
0.202287 0.559574 0.238139
0.0224941 0.392357 0.585149
0.122967 0.357892 0.519141
0.225331 0.504263 0.270406
0.279446 0.521024 0.19953
0.0356862 0.516594 0.44772
0.121174 0.688605 0.190222
0.100048 0.756694 0.143258
0.277085 0.722815 9.9991E-05
0.0393542 0.39248 0.568166
0.129558 0.266404 0.604038
0.23715 0.172752 0.590098
0.0744469 0.436821 0.488733
0.14225 0.266561 0.591189
0.180854 0.416856 0.40229
0.176455 0.323066 0.500479
0.480414 0.20292 0.316666
0.545006 0.119231 0.335763
0.210149 0.303962 0.485889
0.458578 0.250689 0.290734
0.580893 0.286944 0.132163
0.18988 0.364738 0.445381
0.215836 0.438384 0.34578
0.338733 0.330916 0.330351
0.419206 0.216171 0.364623
0.0780451 0.438671 0.483284
0.282853 0.24322 0.473928
0.675616 0.0834528 0.240931
0.121725 0.483454 0.394822
0.18826 0.504302 0.307438
0.207128 0.544116 0.248755
0.0935905 0.676047 0.230363
0.13395 0.528477 0.337573
0.0857225 0.591703 0.322574
0.351963 0.476019 0.172018
0.178581 0.539702 0.281717
0.192784 0.615815 0.191401
0.296839 0.425483 0.277678
0.179958 0.278251 0.541791
0.122386 0.433177 0.444436
0.116218 0.469009 0.414773
0.0566579 0.451859 0.491483
0.316442 0.522064 0.161494
0.129868 0.548242 0.32189
0.441916 0.365267 0.192817
0.162629 0.616005 0.221366
0.29548 0.54257 0.16195
0.851052 0.039045 0.109903
0.294069 9.9991E-05 0.705831
0.267622 9.9991E-05 0.732278
0.276738 9.9991E-05 0.723162
0.210984 9.9991E-05 0.788916
0.293004 9.9991E-05 0.706896
0.227572 9.9991E-05 0.772328
0.251064 9.9991E-05 0.748836
0.41096 9.9991E-05 0.58894
0.891522 0.108378 9.9991E-05
0.832094 0.109715 0.0581911
0.861324 0.138576 9.9991E-05
0.879942 0.0522245 0.0678332
0.912564 0.0873362 9.9991E-05
0.898201 0.101699 9.9991E-05
0.805518 0.182401 0.0120804
0.846049 0.153851 9.9991E-05
0.796015 0.142827 0.0611584
0.862626 0.137274 9.9991E-05
0.942768 0.0549211 0.00231075
0.858428 0.141472 9.9991E-05
0.927158 0.0727421 9.9991E-05
0.900996 0.0989042 9.9991E-05
0.824677 0.175223 9.9991E-05
0.822464 0.177436 9.9991E-05
0.743287 0.256613 9.9991E-05
0.75908 0.24082 9.9991E-05
0.785713 0.214187 9.9991E-05
0.168204 0.259546 0.57225
0.0180092 0.456371 0.52562
0.0693332 0.44924 0.481427
0.150188 0.0869234 0.762888
0.10174 0.317059 0.581201
0.290338 0.0854511 0.624211
0.0696869 0.447485 0.482829
0.0975299 0.231235 0.671235
0.0664667 0.29974 0.633793
9.9991E-05 0.297154 0.702746
0.121005 0.187893 0.691102
0.0182185 0.445607 0.536174
0.0604178 0.344785 0.594797
0.125316 0.0138803 0.860804
0.215071 9.9991E-05 0.784829
0.219865 0.0958021 0.684333
0.0586179 0.468781 0.472601
0.118248 0.323954 0.557798
0.14106 0.329728 0.529212
9.9991E-05 0.465521 0.534379
0.0996824 0.529198 0.371119
0.126945 0.503101 0.369954
0.467472 0.217563 0.314964
0.113026 0.381811 0.505163
0.190762 0.460233 0.349005
0.582529 0.206521 0.21095
0.294512 0.439042 0.266445
0.356236 0.41956 0.224203
0.314273 0.359265 0.326462
0.0923561 0.52987 0.377774
0.167042 0.470275 0.362683
0.0648441 0.558318 0.376838
0.190906 0.447285 0.36181
0.467734 0.379759 0.152507
