0.0967753 9.9991E-05 0.903125
0.0442833 0.0144813 0.941235
0.172818 0.0112791 0.815903
0.123632 0.0314486 0.84492
0.135682 9.9991E-05 0.864218
0.110046 0.25385 0.636104
0.0557439 0.0589364 0.88532
0.0954572 0.0984936 0.806049
9.9991E-05 0.0596925 0.940207
0.235158 0.0480129 0.716829
0.00104381 0.178458 0.820498
0.162047 0.745758 0.0921947
0.37482 0.607671 0.0175092
0.158807 0.714047 0.127146
0.272601 0.59384 0.13356
0.304782 0.557578 0.13764
0.406359 0.564337 0.0293043
0.319781 0.657065 0.0231543
0.210961 0.588859 0.200179
9.9991E-05 0.738979 0.260921
0.310865 0.66444 0.0246954
0.26654 0.610001 0.12346
0.362526 0.624567 0.0129073
0.230306 0.663619 0.106075
0.478492 0.496976 0.0245313
0.391081 0.579205 0.029714
0.142136 0.687874 0.16999
0.262234 0.625382 0.112384
0.104703 0.740197 0.1551
0.226998 9.9991E-05 0.772902
0.205164 9.9991E-05 0.794737
0.192859 0.031539 0.775602
0.275968 0.0515545 0.672478
0.322042 0.664898 0.0130597
0.411308 0.563017 0.0256744
0.358132 0.641768 9.9991E-05
0.0157479 0.720388 0.263864
0.228368 0.742468 0.0291649
0.29563 0.620898 0.0834717
0.472858 0.527042 9.9991E-05
0.315321 0.608133 0.0765452
0.413257 0.586643 9.99992E-05
0.00326324 0.916309 0.0804274
0.416148 0.563256 0.0205967
0.370361 0.584155 0.0454843
0.420464 0.48984 0.0896959
0.126474 0.873426 9.9991E-05
0.388754 0.611146 9.9991E-05
0.375065 0.534916 0.090019
9.9991E-05 0.823769 0.176131
0.0499194 0.840791 0.10929
0.00421459 0.821451 0.174335
0.452808 0.547092 9.99956E-05
0.468506 0.463699 0.0677959
0.39194 0.546595 0.0614649
0.0824132 0.691624 0.225963
0.316191 0.683709 9.9991E-05
0.404284 0.502492 0.0932239
0.230999 0.604538 0.164463
0.0619639 0.580807 0.357229
0.358098 0.61976 0.0221418
0.290779 0.616281 0.0929398
9.9991E-05 0.801895 0.198005
0.285653 0.700206 0.0141416
0.36963 0.63027 9.9991E-05
0.424817 0.540687 0.034496
0.175132 0.71657 0.108298
0.284496 0.6796 0.0359043
0.398881 0.592729 0.00839009
0.044378 0.827391 0.128231
0.272184 0.727716 9.9991E-05
0.0523934 0.903164 0.0444428
0.345229 0.565608 0.0891639
9.9991E-05 0.928416 0.0714842
9.9991E-05 0.998778 0.00112209
0.132914 0.866986 9.9991E-05
0.228392 0.765557 0.00605021
0.358415 0.532967 0.108619
0.2712 0.7287 9.9991E-05
0.0904178 0.835175 0.074407
0.103587 0.829299 0.0671141
0.405123 0.533794 0.0610824
0.186252 0.77314 0.040608
0.219336 0.750815 0.0298495
0.217331 0.782569 9.9991E-05
9.9991E-05 0.924949 0.0749513
0.373704 0.626196 9.9991E-05
0.167349 0.00266337 0.829988
0.124601 9.9991E-05 0.875299
0.177256 9.9991E-05 0.822644
0.110904 9.9991E-05 0.888997
0.157598 9.9991E-05 0.842302
0.131427 0.00041418 0.868159
0.108882 9.9991E-05 0.891018
0.30419 0.613362 0.0824481
0.389494 0.543509 0.0669976
9.9991E-05 0.973461 0.0264388
0.401637 0.565315 0.033048
0.2603 0.7396 9.9991E-05
0.350154 0.649746 9.9991E-05
0.35242 0.64748 9.9991E-05
0.342826 0.657074 9.9991E-05
9.9991E-05 0.880475 0.119425
0.397724 0.498623 0.103654
0.421034 0.556073 0.0228928
0.408883 0.538337 0.05278
0.22012 0.77978 9.9991E-05
0.304587 0.695313 9.9991E-05
0.21641 0.755846 0.0277442
0.216435 0.783465 9.9991E-05
0.265288 0.708118 0.0265939
0.38784 0.61206 9.9991E-05
0.137817 0.666536 0.195647
0.268188 0.58798 0.143831
0.404454 0.566693 0.0288533
0.380079 0.592622 0.027299
0.246083 0.683532 0.0703855
0.388829 0.611071 9.9991E-05
0.276067 0.701123 0.0228098
0.26401 0.653803 0.0821876
0.42011 0.534744 0.045146
0.356425 0.640836 0.0027386
0.225618 0.754882 0.0195001
0.434766 0.532109 0.0331255
0.462451 0.492974 0.0445745
0.366405 0.633495 9.9991E-05
0.349548 0.645482 0.00497039
0.414164 0.585736 9.9991E-05
0.237254 0.596544 0.166201
0.399522 0.600378 9.9991E-05
0.434028 0.565872 9.9991E-05
0.185172 0.735181 0.0796467
0.0991751 0.738986 0.161839
0.346322 0.601621 0.0520567
0.0134371 0.906179 0.0803843
0.115928 0.75992 0.124152
0.219803 0.770136 0.0100608
0.0618456 0.801119 0.137036
0.146496 0.778921 0.074583
0.423588 0.576312 9.9991E-05
0.433231 0.497925 0.0688443
0.310535 0.620143 0.0693216
0.115584 0.791188 0.0932282
0.36741 0.506688 0.125902
0.322069 0.630856 0.0470753
9.9991E-05 0.70328 0.29662
0.424957 0.534441 0.0406014
0.186201 0.692874 0.120926
0.357424 0.535084 0.107492
0.146963 0.673434 0.179603
0.0407207 0.790407 0.168872
0.205529 0.703292 0.0911791
0.297376 0.611422 0.0912017
0.264147 0.566246 0.169606
0.14147 0.650815 0.207715
0.470049 0.519849 0.0101021
0.130486 0.859054 0.0104594
0.246058 0.753842 9.9991E-05
0.404184 0.568653 0.0271629
0.387114 0.238592 0.374294
0.178472 0.0655837 0.755944
0.159522 0.166828 0.67365
0.409412 0.136898 0.453691
0.382349 0.617551 9.9991E-05
0.370427 0.585199 0.0443739
0.948723 0.0511766 9.9991E-05
0.60963 0.343795 0.0465753
0.559365 0.320961 0.119674
0.159252 0.769746 0.0710019
0.36994 0.539561 0.0904994
0.114975 0.781796 0.103229
0.358879 0.641021 9.9991E-05
0.260736 0.681479 0.0577845
0.389456 0.604003 0.00654088
0.0601341 0.830936 0.108929
0.455476 0.544424 9.9991E-05
0.364167 0.620929 0.0149036
0.965421 9.9991E-05 0.0344786
0.962196 9.9991E-05 0.0377044
0.779039 0.149706 0.0712549
0.829745 0.138587 0.0316675
0.897022 0.0338646 0.0691136
0.95406 9.9991E-05 0.0458401
0.895983 9.9991E-05 0.103917
0.972841 9.9991E-05 0.0270592
0.963465 9.9991E-05 0.0364354
0.977069 9.9991E-05 0.0228306
0.938759 9.9991E-05 0.0611408
0.881238 0.0475577 0.0712045
0.852334 0.018079 0.129587
0.962409 9.9991E-05 0.0374914
0.596151 0.313314 0.090535
0.786728 0.113744 0.0995285
0.907311 9.9991E-05 0.0925891
0.929519 9.9991E-05 0.0703808
0.954386 9.9991E-05 0.0455142
0.936546 9.9991E-05 0.0633536
0.961719 9.9991E-05 0.0381815
0.76634 0.1306 0.10306
0.934865 9.9991E-05 0.0650353
0.0379759 0.435922 0.526102
0.276911 0.479229 0.24386
0.308412 0.441278 0.250309
0.206612 0.492116 0.301272
0.365104 0.501177 0.133718
0.247619 0.458212 0.294169
0.422575 0.47898 0.0984449
0.39959 0.412533 0.187876
0.468879 0.449168 0.0819535
0.424548 0.375597 0.199855
0.425831 0.421014 0.153155
0.0821089 0.0606073 0.857284
0.107699 9.9991E-05 0.892201
0.0314187 9.9991E-05 0.968481
0.0450901 9.9991E-05 0.95481
0.0935818 9.9991E-05 0.906318
0.118223 9.9991E-05 0.881677
0.125428 9.9991E-05 0.874472
0.0580121 0.00763865 0.934349
0.11217 9.9991E-05 0.88773
0.157901 9.9991E-05 0.841999
9.9991E-05 0.275618 0.724282
9.9991E-05 0.306679 0.693221
9.9991E-05 0.322994 0.676906
9.9991E-05 0.39675 0.60315
0.300814 0.691934 0.007252
0.296811 0.703089 9.9991E-05
0.343182 0.656718 9.9991E-05
0.192195 0.755831 0.0519749
0.00152719 0.859531 0.138942
0.38542 0.593479 0.0211014
0.35206 0.64784 9.9991E-05
0.27417 0.72573 9.9991E-05
0.243005 0.756895 9.9991E-05
0.38742 0.603972 0.00860731
0.205137 0.794763 9.9991E-05
9.9991E-05 0.950551 0.0493489
0.372982 0.581716 0.0453027
0.128766 0.843302 0.0279324
0.297407 0.702493 9.9991E-05
9.9991E-05 0.893546 0.106354
9.9991E-05 0.674924 0.324976
9.9991E-05 0.690678 0.309222
9.9991E-05 0.739399 0.260501
9.9991E-05 0.683371 0.316529
9.9991E-05 0.756921 0.242979
9.9991E-05 0.679691 0.320209
0.181524 9.9991E-05 0.818376
0.155068 9.9991E-05 0.844832
0.226491 9.9991E-05 0.773409
0.17655 0.0430042 0.780446
0.168949 0.0240739 0.806977
9.9991E-05 0.460139 0.539761
9.9991E-05 0.400259 0.599641
9.9991E-05 0.432411 0.567489
0.212262 9.9991E-05 0.787638
9.9991E-05 0.451239 0.548661
0.551291 0.209817 0.238892
0.620842 0.298566 0.0805915
0.680702 0.199789 0.119509
0.42655 0.295975 0.277475
0.519128 0.390979 0.0898936
0.356263 0.0468122 0.596925
0.227473 0.748467 0.0240605
0.165286 0.776726 0.0579878
0.132032 0.684755 0.183214
0.278845 0.721055 9.9991E-05
9.9991E-05 0.914426 0.0854737
0.341222 0.600731 0.0580463
0.299167 0.687688 0.0131456
0.136634 0.77926 0.0841059
0.341702 0.606657 0.0516411
0.00439991 0.878114 0.117486
0.289098 0.699258 0.0116441
0.306161 0.683702 0.0101367
0.477191 0.420311 0.102498
0.217918 0.781982 9.9991E-05
0.262754 0.660928 0.076318
0.320177 0.679723 9.9991E-05
0.258449 0.741451 9.9991E-05
0.422849 0.577051 9.9991E-05
0.372774 0.606627 0.0205989
0.377454 0.526699 0.0958475
0.274177 9.9991E-05 0.725723
0.212181 9.9991E-05 0.787719
0.0923801 0.0930072 0.814613
0.133837 0.0287441 0.837419
0.182267 0.00154392 0.816189
0.0575571 0.727276 0.215167
0.405403 0.573481 0.0211161
0.384182 0.364537 0.25128
0.443433 0.546147 0.0104204
0.334885 0.632636 0.0324794
0.201965 0.687536 0.1105
9.9991E-05 0.681723 0.318177
0.302174 0.697726 9.9991E-05
0.0166549 0.792712 0.190633
0.297214 0.631881 0.0709056
0.00635124 0.697137 0.296512
0.374923 0.573388 0.0516891
0.0433541 0.760779 0.195867
0.212251 0.710231 0.0775183
0.362575 0.637325 9.9991E-05
0.139822 0.753764 0.106413
0.300111 0.69724 0.00264905
0.347112 0.557772 0.0951155
0.140457 0.821964 0.0375789
0.331057 0.591754 0.0771884
0.310699 0.689201 9.9991E-05
9.9991E-05 0.922181 0.0777186
0.0738768 0.842702 0.0834216
0.306998 0.679139 0.0138628
9.9991E-05 0.867806 0.132094
0.237568 0.735166 0.0272665
0.00858782 0.793919 0.197493
0.136695 0.863205 9.9991E-05
0.207481 0.691607 0.100913
0.446561 0.553339 9.9991E-05
0.0617684 0.877537 0.0606949
0.38137 0.549569 0.069061
0.410266 0.583743 0.00599107
0.311351 0.657645 0.0310041
0.400474 0.5462 0.0533259
0.301096 0.654587 0.0443169
0.144084 0.744113 0.111804
0.265775 0.682669 0.0515558
0.386674 0.600915 0.0124112
0.393752 0.574826 0.0314217
0.2068 0.712779 0.080421
0.382819 0.568612 0.048569
0.207675 0.637787 0.154538
0.360585 0.639315 9.9991E-05
0.324178 0.620094 0.0557276
0.3998 0.515625 0.084575
0.410435 0.282313 0.307253
0.608665 0.296189 0.095146
0.470221 0.432508 0.0972706
0.471811 0.486874 0.0413149
0.517274 0.294985 0.187742
0.251841 0.748059 9.9991E-05
0.477721 0.411517 0.110762
0.161368 0.466231 0.372401
0.452148 0.477881 0.0699711
0.507569 0.438394 0.0540373
0.532783 0.399157 0.0680594
0.356823 0.445693 0.197484
0.512933 0.401721 0.0853464
0.527266 0.392788 0.079946
0.220804 0.144926 0.63427
0.447249 0.423025 0.129726
0.497543 0.330353 0.172104
0.534104 0.405556 0.0603408
0.607274 0.324292 0.0684341
0.486479 0.392481 0.12104
0.321935 0.675537 0.00252784
0.323527 0.625313 0.0511594
9.9991E-05 0.974821 0.0250792
9.9991E-05 0.898638 0.101262
0.387706 0.612194 9.9991E-05
0.584271 0.32255 0.0931798
0.53276 0.355453 0.111786
0.381164 0.33771 0.281125
0.517464 0.302536 0.18
0.165341 0.624087 0.210572
0.250905 0.584283 0.164812
0.437261 0.562639 9.9991E-05
0.38316 0.584787 0.0320533
0.244968 0.590712 0.164321
0.409625 0.58003 0.0103455
0.409527 0.578083 0.0123901
0.423966 0.512439 0.0635955
0.12563 0.796895 0.0774755
0.225753 0.696452 0.0777945
0.305893 0.688882 0.00522519
0.30896 0.668802 0.0222383
0.317082 0.561206 0.121711
0.267745 0.732155 9.9991E-05
0.116735 0.865913 0.0173528
0.345648 0.654252 9.9991E-05
0.0964663 0.854081 0.0494528
0.229008 0.728078 0.0429136
0.391806 0.538893 0.0693013
0.242489 0.748416 0.009095
0.440213 0.467694 0.0920931
0.429854 0.471342 0.0988039
0.46559 0.347335 0.187075
0.438924 0.344364 0.216712
0.472588 0.409373 0.118038
0.409125 0.420764 0.17011
0.152631 0.517816 0.329553
0.57296 0.398142 0.0288979
0.150324 0.293333 0.556343
0.556032 0.443868 9.9991E-05
9.9991E-05 0.968476 0.0314238
9.9991E-05 0.901368 0.0985319
0.229279 0.770621 9.9991E-05
0.467632 0.532268 9.9991E-05
0.179448 0.820452 9.9991E-05
0.283881 0.716019 9.9991E-05
0.299536 0.700364 9.9991E-05
0.205882 9.9991E-05 0.794018
0.182629 0.0882142 0.729157
0.111448 9.9991E-05 0.888452
0.115271 9.9991E-05 0.884629
0.334107 0.655841 0.0100525
0.364726 0.635174 9.9991E-05
0.279438 0.720462 9.9991E-05
0.427173 0.558764 0.0140624
0.386969 0.564717 0.0483139
0.111978 0.833473 0.0545489
0.335155 0.664745 9.9991E-05
0.131078 0.848123 0.0207995
0.462407 0.293533 0.244059
0.248526 0.751374 9.9991E-05
0.170045 0.815371 0.0145838
0.298365 0.701535 9.9991E-05
0.217926 0.781974 9.9991E-05
0.343854 0.656046 9.9991E-05
0.305523 0.668784 0.0256935
9.999E-05 0.9998 9.999E-05
0.136659 0.849858 0.0134837
0.225421 0.77448 9.9991E-05
9.9991E-05 0.968653 0.0312473
0.245899 0.745049 0.00905185
0.0322935 0.906555 0.0611518
9.9991E-05 0.920191 0.0797085
0.387332 0.612568 9.9991E-05
0.0808745 0.859985 0.0591403
0.287842 0.651323 0.0608354
0.430607 0.564335 0.00505821
0.29639 0.70351 9.9991E-05
0.243945 0.755955 9.9991E-05
0.325936 0.673964 9.9991E-05
0.280035 0.719865 9.9991E-05
0.0917256 0.908174 9.9991E-05
0.321682 0.648636 0.029682
9.9991E-05 0.276379 0.723521
0.0415851 0.161545 0.79687
9.9991E-05 0.0855473 0.914353
9.9991E-05 0.097873 0.902027
9.9991E-05 0.16307 0.83683
0.049699 0.862684 0.0876174
0.0080023 0.882274 0.109723
0.0908344 0.909066 9.9991E-05
0.461687 0.46081 0.0775022
0.456027 0.53291 0.0110629
0.188113 0.800931 0.0109558
0.378875 0.621025 9.9991E-05
0.328529 0.671371 9.9991E-05
0.278424 0.721476 9.9991E-05
0.374631 0.590475 0.034894
0.115888 0.884012 9.9991E-05
0.183615 0.816285 9.9991E-05
0.0901193 0.909781 9.9991E-05
0.395606 0.566035 0.0383594
0.165617 0.834283 9.9991E-05
0.30095 0.69895 9.9991E-05
0.710647 0.272456 0.0168963
0.649123 0.248701 0.102176
0.717208 0.197368 0.0854237
0.79463 0.0371507 0.16822
0.625733 0.29402 0.0802474
0.343146 0.656754 9.9991E-05
0.711263 9.9991E-05 0.288637
0.674318 0.193648 0.132034
0.379068 0.438899 0.182033
0.352379 0.531678 0.115942
0.282236 0.594232 0.123532
0.403861 0.51863 0.0775087
0.41133 0.525433 0.0632374
0.767794 0.0825083 0.149698
0.629419 0.226888 0.143692
0.811932 0.150816 0.0372511
0.561684 0.335946 0.102369
0.733139 0.164075 0.102786
0.613916 0.224486 0.161598
0.730807 0.0710019 0.198191
0.603534 0.357372 0.0390935
0.375798 0.520909 0.103294
0.604312 0.255774 0.139914
0.795579 0.025393 0.179028
0.583062 0.318765 0.0981721
0.0725225 0.632174 0.295304
0.402109 0.597791 9.9991E-05
0.539154 0.269792 0.191054
0.43123 0.56867 9.9991E-05
0.313977 0.500994 0.185029
0.411223 0.390919 0.197858
0.489554 0.297471 0.212975
0.444692 0.555208 9.9991E-05
0.60388 0.274325 0.121795
0.740928 0.144128 0.114944
0.73089 9.9991E-05 0.26901
0.418466 0.482183 0.0993507
0.205229 0.697669 0.0971017
0.14567 0.656398 0.197931
0.451229 0.467051 0.0817203
0.237781 0.62742 0.134799
0.435967 0.405393 0.15864
0.442796 0.456184 0.10102
0.218011 0.294346 0.487643
0.161484 0.306391 0.532125
0.251225 0.521757 0.227018
0.24215 0.295845 0.462005
0.27309 0.156152 0.570758
0.365379 0.494932 0.139689
0.391923 0.40788 0.200197
0.266215 0.382503 0.351281
0.251333 0.397298 0.35137
0.454622 0.404152 0.141226
0.219202 0.452891 0.327907
0.0891064 0.261348 0.649545
0.44438 0.429151 0.126469
0.441365 0.351218 0.207418
0.440259 0.317781 0.241961
0.675008 0.241566 0.0834259
0.552665 0.361389 0.0859468
0.572075 0.284975 0.142949
0.457182 0.203935 0.338883
0.533882 0.326109 0.140009
0.671702 0.17505 0.153248
0.436573 0.292071 0.271357
0.335912 0.430141 0.233947
0.447727 0.445706 0.106567
0.469225 0.375237 0.155538
0.457464 0.406262 0.136274
0.510536 0.196716 0.292747
0.546914 0.297087 0.155999
0.358834 0.176796 0.46437
0.545632 0.319297 0.135071
0.515157 0.140611 0.344233
0.0341959 0.111177 0.854627
9.9991E-05 0.713092 0.286808
9.9991E-05 0.726525 0.273375
9.9991E-05 0.713095 0.286805
9.9991E-05 0.761094 0.238806
9.9991E-05 0.742851 0.257049
9.9991E-05 0.766903 0.232997
9.9991E-05 0.731825 0.268075
9.9991E-05 0.564075 0.435825
0.0826906 9.9991E-05 0.917209
0.113045 0.0425736 0.844382
0.112068 9.9991E-05 0.887832
0.0576504 0.0939291 0.84842
0.10514 9.9991E-05 0.89476
0.049572 0.0175608 0.932867
0.199847 9.9991E-05 0.800053
0.178845 9.9991E-05 0.821055
0.137515 0.119301 0.743184
0.132289 9.9991E-05 0.867611
0.0253926 9.9991E-05 0.974507
0.128158 0.0108092 0.861033
0.0635749 9.9991E-05 0.936325
0.146282 9.9991E-05 0.853618
0.148915 9.9991E-05 0.850985
0.212326 9.9991E-05 0.787574
0.27289 9.9991E-05 0.72701
0.255993 9.9991E-05 0.743907
0.198025 9.9991E-05 0.801875
0.278517 0.582375 0.139108
0.419774 0.565563 0.0146629
0.393008 0.526774 0.0802179
0.0583433 0.741095 0.200562
0.369634 0.532768 0.0975972
0.110592 0.619221 0.270187
0.433516 0.473536 0.0929478
0.209119 0.68997 0.10091
0.316102 0.608369 0.0755291
0.338682 0.661218 9.9991E-05
0.311633 0.642934 0.0454331
0.384953 0.606602 0.00844582
0.297703 0.661209 0.041088
0.000358107 0.824224 0.175418
9.9991E-05 0.788806 0.211094
0.0719743 0.703842 0.224184
0.415442 0.574703 0.00985482
0.328736 0.579147 0.0921165
0.297472 0.600456 0.102072
0.489527 0.482383 0.0280903
0.500662 0.355819 0.143519
0.53434 0.34812 0.11754
0.217418 0.302306 0.480276
0.429725 0.536089 0.0341852
0.390586 0.402813 0.206601
0.191714 0.215994 0.592292
0.430713 0.293051 0.276236
0.39186 0.239498 0.368642
0.38352 0.344594 0.271886
0.519528 0.356103 0.124369
0.500376 0.358988 0.140636
0.581588 0.381357 0.0370549
0.438626 0.374044 0.18733
0.361409 0.190222 0.448369
