9.9991E-05 0.914024 0.0858757
9.999E-05 0.981662 0.0182384
0.00739356 0.805727 0.186879
0.000425445 0.811698 0.187877
9.9991E-05 0.871536 0.128364
0.211041 0.717401 0.0715576
0.0379028 0.908484 0.0536128
0.141301 0.795385 0.0633138
0.0618239 0.938076 9.9991E-05
0.0191493 0.755264 0.225587
0.133917 0.807378 0.0587042
0.738029 0.0907976 0.171173
0.57782 9.9991E-05 0.42208
0.692893 0.14615 0.160957
0.600388 0.0955641 0.304048
0.564105 0.125405 0.310489
0.517235 0.0046236 0.478142
0.738883 9.9991E-05 0.261017
0.627601 0.167626 0.204773
0.738598 0.261302 9.9991E-05
0.624983 0.0575691 0.317448
0.689745 0.0160936 0.294162
0.622215 0.0399792 0.337806
0.669664 0.0686199 0.261716
0.492814 9.9991E-05 0.507086
0.568465 9.9991E-05 0.431435
0.724494 0.16128 0.114226
0.631726 0.126783 0.241491
0.787744 0.100633 0.111623
9.9991E-05 0.807914 0.191986
0.0172623 0.787985 0.194753
9.9991E-05 0.783987 0.215913
0.0144672 0.743608 0.241925
0.652367 9.9991E-05 0.347533
0.621855 0.0435944 0.334551
0.643816 9.9991E-05 0.356084
0.739602 0.260298 9.9991E-05
0.753866 0.0482116 0.197922
0.655105 0.0244463 0.320449
0.598022 9.9991E-05 0.401878
0.583564 0.103502 0.312934
0.5116 0.0519764 0.436424
0.866831 0.0732996 0.059869
0.559166 0.0238868 0.416947
0.604982 0.0518126 0.343206
0.504594 0.0431836 0.452222
0.828587 9.9991E-05 0.171313
0.613427 0.0371155 0.349458
0.473655 0.144651 0.381694
0.809653 0.190247 9.9991E-05
0.876408 0.115247 0.0083452
0.793245 0.132612 0.074143
0.58138 0.0419528 0.376667
0.515408 0.040024 0.444568
0.62063 0.00908471 0.370285
0.750983 0.248917 9.9991E-05
0.647025 0.0149623 0.338013
0.540138 0.0104553 0.449406
0.609627 0.155087 0.235287
0.590489 0.370041 0.0394704
0.61641 9.9991E-05 0.38349
0.646357 0.0816196 0.272024
0.786469 0.213431 9.9991E-05
0.683504 9.9991E-05 0.316396
0.599588 9.9991E-05 0.400312
0.519601 0.100299 0.3801
0.708615 0.103567 0.187819
0.693588 9.9991E-05 0.306312
0.592355 0.0465314 0.361113
0.846029 0.153072 0.000899725
0.738498 9.9991E-05 0.261402
0.899817 0.0235293 0.0766539
0.627801 0.0464643 0.325735
0.965849 0.0340508 9.9991E-05
0.987015 0.0128849 9.9991E-05
0.875833 9.9991E-05 0.124067
0.744827 9.9991E-05 0.255073
0.521179 0.0402544 0.438566
0.80281 9.9991E-05 0.19709
0.844147 0.0922625 0.0635906
0.847606 0.127102 0.0252926
0.526285 0.0527261 0.420989
0.739324 0.0739662 0.18671
0.677394 0.0635473 0.259059
0.813662 9.9991E-05 0.186238
0.897731 0.102169 9.9991E-05
0.618951 0.00975089 0.371298
9.9991E-05 0.812605 0.187295
9.9991E-05 0.865943 0.133957
9.9991E-05 0.824415 0.175485
9.9991E-05 0.868608 0.131292
9.9991E-05 0.885218 0.114682
9.9991E-05 0.887615 0.112285
9.9991E-05 0.898918 0.100982
0.572209 0.0869587 0.340832
0.568148 0.0487892 0.383063
0.936361 0.0635388 9.9991E-05
0.531432 0.0263903 0.442178
0.731228 0.0434472 0.225325
0.630392 9.9991E-05 0.369508
0.612971 9.9991E-05 0.386929
0.675096 9.9991E-05 0.324804
0.82905 0.17085 9.9991E-05
0.503156 0.175984 0.320859
0.535997 9.9991E-05 0.463903
0.570352 0.0292879 0.40036
0.806152 0.013262 0.180586
0.715004 9.9991E-05 0.284896
0.701882 9.9991E-05 0.298018
0.754675 9.9991E-05 0.245225
0.779312 0.03994 0.180748
0.573786 0.0794042 0.34681
0.813273 0.106404 0.0803226
0.554616 0.215417 0.229967
0.527752 0.0819648 0.390283
0.485325 0.0497095 0.464965
0.650784 0.0957425 0.253474
0.643499 0.00656557 0.349936
0.684898 0.0916444 0.223457
0.661934 9.99917E-05 0.337966
0.571732 0.0566341 0.371634
0.668803 0.0223914 0.308806
0.746865 0.0165364 0.236599
0.534017 0.0166315 0.449352
0.515864 0.0773647 0.406771
0.592059 9.9991E-05 0.407841
0.616153 9.9991E-05 0.383747
0.601381 9.9991E-05 0.398519
0.651036 0.123462 0.225502
0.586421 9.9991E-05 0.413479
0.558232 9.9991E-05 0.441668
0.723493 0.114191 0.162317
0.77372 0.166093 0.0601868
0.577436 0.0878498 0.334714
0.87155 0.0838538 0.0445957
0.777494 0.127306 0.0952003
0.754948 0.0411012 0.203951
0.7742 0.0881486 0.137651
0.821296 0.0979595 0.0807441
0.554724 0.0232957 0.42198
0.514886 0.108548 0.376566
0.605002 0.00532552 0.389672
0.796586 0.117196 0.0862178
0.565775 0.0602585 0.373967
0.588677 0.0468575 0.364465
0.671475 0.328425 9.9991E-05
0.506376 0.056237 0.437387
0.666362 0.093944 0.239694
0.578407 0.0629652 0.358628
0.670231 0.227132 0.102637
0.730697 0.245123 0.0241792
0.753813 0.0292319 0.216955
0.522905 0.118421 0.358674
0.63343 0.114493 0.252077
0.682463 0.231099 0.086437
0.602044 9.9991E-05 0.397856
0.847613 9.9991E-05 0.152287
0.757462 0.00195393 0.240584
0.525598 0.0346624 0.439739
0.222124 0.434715 0.34316
0.0604781 0.786844 0.152678
0.178363 0.695303 0.126334
0.137914 0.486016 0.376069
0.617824 9.9991E-05 0.382076
0.533496 0.0114101 0.455094
0.104043 9.9991E-05 0.895857
0.260019 0.0305352 0.709446
0.290352 0.0455424 0.664106
0.784056 0.0356912 0.180253
0.51476 0.0303877 0.454852
0.816352 0.0844251 0.0992225
0.646653 9.9991E-05 0.353247
0.73233 0.000119014 0.267551
0.622065 0.00912813 0.368807
0.751032 0.137732 0.111236
0.516695 0.0104414 0.472864
0.554508 0.00490709 0.440585
9.9991E-05 0.0438515 0.956049
9.9991E-05 0.0365825 0.963318
0.213653 0.0693125 0.717035
0.0304273 0.0196416 0.949931
0.0436806 0.0716036 0.884716
9.9991E-05 0.0419149 0.957985
9.9991E-05 0.0944848 0.905415
9.999E-05 9.999E-05 0.9998
9.9991E-05 0.00837213 0.991528
9.9991E-05 0.0283887 0.971511
9.9991E-05 0.0440185 0.955882
9.9991E-05 0.131929 0.867971
9.9991E-05 0.136417 0.863483
9.9991E-05 0.0520739 0.947826
0.303505 0.0316731 0.664822
0.118404 0.0651171 0.816478
0.0188201 0.154399 0.826781
9.9991E-05 0.0739986 0.925901
9.9991E-05 0.0575498 0.94235
9.9991E-05 0.110905 0.888995
9.9991E-05 0.051867 0.948033
0.124273 0.0753272 0.800399
9.9991E-05 0.117648 0.882252
0.444122 0.538731 0.0171465
0.476635 0.188564 0.334801
0.479074 0.207323 0.313603
0.492411 0.310498 0.197091
0.446737 0.152359 0.400904
0.413021 0.326234 0.260745
0.407736 0.20721 0.385054
0.466419 0.153007 0.380574
0.415158 0.16228 0.422562
0.360343 0.237516 0.402141
0.507845 0.126828 0.365326
0.0756535 0.883906 0.0404403
9.9991E-05 0.911192 0.0887078
9.9991E-05 0.965782 0.0341183
9.9991E-05 0.930949 0.0689515
9.9991E-05 0.90833 0.0915701
9.9991E-05 0.884433 0.115467
9.9991E-05 0.868716 0.131184
0.0172358 0.888192 0.0945723
9.9991E-05 0.887644 0.112256
9.9991E-05 0.844311 0.155589
0.26747 0.73243 9.9991E-05
0.300702 0.699198 9.9991E-05
0.333941 0.665959 9.9991E-05
0.420498 0.579402 9.9991E-05
0.651318 0.0140873 0.334595
0.692519 0.0438942 0.263587
0.615863 0.0608395 0.323298
0.79136 0.0185275 0.190112
0.861991 0.093344 0.0446647
0.616078 9.9991E-05 0.383822
0.627681 9.9991E-05 0.372219
0.738376 9.9991E-05 0.261525
0.736858 9.9991E-05 0.263042
0.566769 0.0389803 0.394251
0.773974 0.00360506 0.222421
0.952823 0.0470775 9.9991E-05
0.683514 9.9991E-05 0.316386
0.821119 0.00661941 0.172262
0.705149 9.9991E-05 0.294751
0.897738 0.0930883 0.00917336
0.660441 0.339459 9.9991E-05
0.682547 0.317353 9.9991E-05
0.741419 0.258481 9.9991E-05
0.696133 0.303767 9.9991E-05
0.770441 0.229459 9.9991E-05
0.695441 0.286729 0.0178295
9.9991E-05 0.851489 0.148411
9.9991E-05 0.852459 0.147441
9.9991E-05 0.727489 0.272411
9.9991E-05 0.797417 0.202483
9.9991E-05 0.82218 0.17772
0.444172 0.555728 9.9991E-05
0.390018 0.609882 9.9991E-05
0.425251 0.574649 9.9991E-05
9.9991E-05 0.79791 0.20199
0.467288 0.532612 9.9991E-05
0.170007 0.270613 0.55938
0.315698 0.0911947 0.593107
0.147465 0.174752 0.677783
0.309645 0.233201 0.457154
0.395492 0.144941 0.459567
0.0795685 0.58194 0.338491
0.757044 0.0200895 0.222866
0.754089 0.0440051 0.201906
0.692287 0.201233 0.10648
0.702846 9.9991E-05 0.297054
0.913361 0.0865393 9.9991E-05
0.475788 0.0972327 0.426979
0.677409 0.0692076 0.253384
0.79911 0.0972633 0.103627
0.595369 0.0292873 0.375343
0.896523 0.0972593 0.00621731
0.688811 0.03667 0.274519
0.702971 0.0095749 0.287454
0.432619 0.166031 0.40135
0.792528 0.0148606 0.192611
0.686091 0.0205871 0.293322
0.657127 9.9991E-05 0.342774
0.705877 9.9991E-05 0.294023
0.613422 9.9991E-05 0.386478
0.496624 0.133222 0.370154
0.544082 0.0665211 0.389396
9.9991E-05 0.772004 0.227896
9.9991E-05 0.82825 0.171651
0.0617751 0.806596 0.131629
0.061776 0.818206 0.120018
9.9991E-05 0.826812 0.173088
0.755089 0.160178 0.0847329
0.530873 0.0530253 0.416102
0.387227 0.219841 0.392932
0.543749 9.9991E-05 0.456151
0.608968 0.0572672 0.333765
0.706225 0.161402 0.132373
0.699148 0.300752 9.9991E-05
0.631982 0.0362873 0.33173
0.724567 0.195932 0.0795007
0.627106 0.0625616 0.310332
0.687582 0.29848 0.0139377
0.503863 0.088728 0.407409
0.75613 0.220564 0.0233062
0.724169 0.0740281 0.201803
0.702259 0.0277575 0.269984
0.763485 0.119009 0.117506
0.590887 0.0872563 0.321857
0.517663 0.116424 0.365913
0.755787 0.0730194 0.171194
0.469374 0.163402 0.367225
0.699708 0.0328817 0.267411
0.891749 0.108151 9.9991E-05
0.797769 0.0947638 0.107467
0.657999 0.0231625 0.318838
0.895133 0.104767 9.9991E-05
0.748595 9.9991E-05 0.251305
0.831654 0.168246 9.9991E-05
0.828255 0.0361246 0.13562
0.683997 0.104334 0.211669
0.588402 9.9991E-05 0.411498
0.833715 0.0811534 0.0851319
0.596704 0.074962 0.328334
0.575506 0.037887 0.386607
0.662299 0.043345 0.294356
0.602805 0.0100898 0.387105
0.678103 0.0543445 0.267553
0.763133 0.047348 0.189519
0.701135 0.088614 0.210251
0.641058 9.9991E-05 0.358842
0.580704 0.0929394 0.326357
0.680489 0.105802 0.213709
0.610158 9.9991E-05 0.389742
0.623221 0.172861 0.203919
0.617517 9.9991E-05 0.382383
0.63677 0.0152469 0.347983
0.574292 0.0669785 0.35873
0.236674 0.315919 0.447406
0.338066 0.109412 0.552523
0.362045 0.143746 0.49421
0.508133 9.9991E-05 0.491767
0.269054 0.179541 0.551404
0.728368 9.9991E-05 0.271532
0.36214 0.135322 0.502538
0.49293 0.348119 0.15895
0.458102 0.0446357 0.497263
0.427798 0.0489516 0.523251
0.428607 0.0365127 0.53488
0.448944 0.238863 0.312193
0.355581 0.113048 0.531371
0.433904 0.00574498 0.560351
0.135854 0.688007 0.176139
0.33001 0.120524 0.549466
0.295835 0.106337 0.597828
0.455576 0.0403838 0.50404
0.253776 0.13298 0.613244
0.354962 0.147713 0.497325
0.657938 0.0292297 0.312832
0.573946 0.0495523 0.376501
0.942389 0.049387 0.00822393
0.893746 0.106154 9.9991E-05
0.548807 0.0675881 0.383605
0.329215 0.124607 0.546178
0.282324 0.110777 0.606899
0.302864 0.254328 0.442808
0.295063 0.194665 0.510272
0.698146 0.197521 0.104333
0.595746 0.189039 0.215215
0.512265 9.9991E-05 0.487635
0.532795 0.0721532 0.395052
0.663069 0.0870175 0.249914
0.53263 0.0763654 0.391004
0.552956 9.9991E-05 0.446944
0.531497 0.0594149 0.409088
0.866107 9.9991E-05 0.133793
0.780585 0.00336548 0.21605
0.609072 9.9991E-05 0.390828
0.654809 0.0823643 0.262827
0.572621 0.102566 0.324813
0.776079 9.9991E-05 0.223821
0.881855 0.0519646 0.0661803
0.636231 0.00398816 0.359781
0.892477 0.0256109 0.0819119
0.716053 0.0191177 0.264829
0.598229 0.0242494 0.377522
0.65495 9.9991E-05 0.34495
0.377222 0.103856 0.518922
0.493319 0.0877272 0.418954
0.339392 0.211884 0.448724
0.423325 0.181561 0.395115
0.340885 0.113873 0.545242
0.426585 0.103264 0.470151
0.475096 0.367878 0.157027
0.397641 0.0171192 0.58524
0.305258 0.575755 0.118986
0.391781 0.0603788 0.54784
0.978107 0.0217934 9.9991E-05
0.924329 0.0755706 9.9991E-05
0.734727 9.9991E-05 0.265173
0.62118 9.9991E-05 0.37872
0.838183 0.00631857 0.155499
0.684306 9.9991E-05 0.315594
0.710612 9.9991E-05 0.289288
0.0380646 0.787019 0.174917
0.0909193 0.799963 0.109117
9.9991E-05 0.905985 0.0939145
9.9991E-05 0.939965 0.0599346
0.689278 0.0107696 0.299953
0.5733 0.101574 0.325126
0.748639 9.9991E-05 0.251261
0.636883 0.0674339 0.295683
0.554152 0.0728533 0.372994
0.855939 0.0265031 0.117558
0.651264 9.9991E-05 0.348636
0.891428 9.9991E-05 0.108472
0.290357 0.20333 0.506313
0.710873 9.9991E-05 0.289027
0.816009 9.9991E-05 0.183891
0.704577 9.9991E-05 0.295323
0.777881 9.9991E-05 0.222019
0.623572 9.9991E-05 0.376328
0.638561 0.0134002 0.348039
0.98627 9.9991E-05 0.01363
0.792547 0.019955 0.187498
0.833021 0.0395242 0.127455
0.985343 0.0145569 9.9991E-05
0.722056 9.9991E-05 0.277844
0.916887 0.0434196 0.039693
0.891087 0.108813 9.9991E-05
0.637372 9.9991E-05 0.362528
0.85638 0.0531825 0.0904372
0.743994 9.9991E-05 0.255906
0.591981 9.9991E-05 0.407919
0.718654 9.9991E-05 0.281246
0.767747 0.000399123 0.231854
0.601758 9.9991E-05 0.398142
0.702106 9.9991E-05 0.297794
0.892496 9.9991E-05 0.107404
0.563066 0.0706191 0.366315
0.267945 0.731955 9.9991E-05
0.116033 0.800188 0.0837791
0.095059 0.904841 9.9991E-05
0.124403 0.875497 9.9991E-05
0.201061 0.777197 0.0217423
0.84894 0.0884842 0.0625755
0.870864 0.0917854 0.0373502
0.928481 9.9991E-05 0.0714193
0.508495 0.0511975 0.440307
0.630536 9.9991E-05 0.369364
0.774347 0.00507989 0.220573
0.577746 9.9991E-05 0.422154
0.660193 0.0619741 0.277833
0.698982 9.9991E-05 0.300918
0.634893 9.9991E-05 0.365007
0.843568 9.9991E-05 0.156332
0.793574 9.9991E-05 0.206326
0.833093 9.9991E-05 0.166807
0.582273 0.0577431 0.359984
0.805429 9.9991E-05 0.194471
0.729026 9.9991E-05 0.270874
0.290487 0.0390289 0.670484
0.16478 0.118626 0.716593
0.161202 0.119648 0.71915
0.0973905 0.219238 0.683372
0.247791 0.1094 0.642809
0.64792 0.00147607 0.350604
9.9991E-05 0.329491 0.670409
0.129503 0.187516 0.682981
0.444548 0.185504 0.369948
0.514775 0.0970502 0.388175
0.585295 0.16593 0.248775
0.540986 0.075437 0.383577
0.557786 0.087467 0.354747
0.037937 0.171259 0.790804
0.320566 0.0927419 0.586692
0.14194 0.0319922 0.826067
0.33209 0.113564 0.554346
0.0931339 0.179095 0.727771
0.290237 0.16301 0.546753
0.0811495 0.177876 0.740974
0.234073 0.0930123 0.672915
0.536473 0.0907417 0.372785
0.237018 0.217443 0.545539
9.9991E-05 0.252539 0.747361
0.299086 0.138164 0.562749
0.708079 0.267287 0.0246344
0.570894 9.9991E-05 0.429006
0.261624 0.185779 0.552597
0.491601 0.114713 0.393686
0.4977 0.189452 0.312848
0.35551 0.231457 0.413033
0.286236 0.247161 0.466603
0.429831 0.091622 0.478547
0.275098 0.0796227 0.645279
0.204229 0.0208218 0.774949
0.0198866 0.279244 0.700869
0.586627 0.0730205 0.340353
0.603037 0.155335 0.241628
0.620803 0.27993 0.0992679
0.476376 0.10336 0.420265
0.569117 0.13868 0.292203
0.365829 0.233784 0.400387
0.452868 0.124992 0.422141
0.286602 0.532545 0.180853
0.350166 0.513073 0.136761
0.476513 0.200924 0.322564
0.304935 0.455594 0.239471
0.117084 0.589696 0.29322
0.481584 0.151248 0.367168
0.393823 0.219874 0.386303
0.351442 0.36654 0.282018
0.330929 0.397725 0.271346
0.454391 0.109122 0.436487
0.478347 0.325726 0.195927
0.28553 0.645701 0.0687694
0.457643 0.0746514 0.467705
0.265795 0.234767 0.499437
0.253499 0.288812 0.457689
0.170952 0.106985 0.722062
0.301025 0.124042 0.574933
0.337722 0.0931881 0.56909
0.160519 0.366142 0.473339
0.352284 0.145016 0.502699
0.274377 0.172551 0.553072
0.268614 0.264453 0.466934
0.523465 0.180584 0.295951
0.407262 0.129612 0.463126
0.382837 0.165505 0.451658
0.446218 0.025054 0.528728
0.154691 0.324783 0.520526
0.305435 0.155337 0.539228
0.239221 0.428256 0.332523
0.356912 0.0964282 0.54666
0.220775 0.370726 0.408499
0.099333 0.859896 0.0407713
0.708232 0.291668 9.9991E-05
0.756097 0.243803 9.9991E-05
0.714779 0.285121 9.9991E-05
0.748997 0.250903 9.9991E-05
0.728803 0.271097 9.9991E-05
0.788414 0.211486 9.9991E-05
0.704188 0.295712 9.9991E-05
0.568926 0.430974 9.9991E-05
9.9991E-05 0.8972 0.1027
0.0723288 0.844417 0.0832544
9.9991E-05 0.857299 0.142601
0.0821128 0.85913 0.0587574
9.9991E-05 0.904673 0.0952273
9.9991E-05 0.90616 0.0937398
0.0251523 0.753796 0.221052
9.9991E-05 0.843411 0.156489
0.136913 0.768166 0.0949206
9.9991E-05 0.889631 0.110269
9.9991E-05 0.976948 0.0229516
9.9991E-05 0.872911 0.126989
9.9991E-05 0.909683 0.0902168
0.00851186 0.895547 0.0959407
9.9991E-05 0.819359 0.180541
9.9991E-05 0.825227 0.174673
9.9991E-05 0.751844 0.248056
9.9991E-05 0.739246 0.260654
9.9991E-05 0.7677 0.2322
0.530475 0.200735 0.268789
0.587965 0.0132439 0.398791
0.483971 0.0863132 0.429715
0.744121 0.185333 0.0705456
0.588244 0.112981 0.298774
0.614924 0.321745 0.0633309
0.519228 0.0464928 0.434279
0.699098 0.149719 0.151184
0.610647 0.0631911 0.326162
0.7174 0.0175676 0.265033
0.632828 0.115267 0.251905
0.613782 0.0588242 0.327393
0.648152 0.0488631 0.302985
0.855216 0.144684 9.9991E-05
0.767192 0.232708 9.9991E-05
0.690766 0.214947 0.0942878
0.498902 0.053906 0.447192
0.547363 0.0991194 0.353518
0.55005 0.10282 0.347131
0.515102 9.9991E-05 0.484798
0.378211 0.178423 0.443367
0.341562 0.106187 0.552251
0.263681 0.478696 0.257623
0.553658 0.0552795 0.391062
0.400077 0.225866 0.374056
0.22398 0.615383 0.160638
0.262168 0.30139 0.436442
0.301043 0.372204 0.326753
0.344771 0.29823 0.357
0.371322 0.14293 0.485748
0.365552 0.147185 0.487264
0.334742 0.132395 0.532863
0.408384 0.17588 0.415736
0.181662 0.452185 0.366153
