9.9946E-05 0.810068 9.9946E-05 9.9946E-05 0.127028 9.9946E-05 0.0591512 9.9946E-05 9.9946E-05 0.00315313
9.9946E-05 0.7971 9.9946E-05 9.9946E-05 0.193686 9.9946E-05 9.9946E-05 0.000823093 9.9946E-05 0.00779067
9.9964E-05 0.758476 0.0409241 0.0285042 0.105009 0.00500678 9.9964E-05 0.0616797 9.9964E-05 9.9964E-05
9.9955E-05 0.75757 0.123066 9.9955E-05 0.0613849 0.0381119 9.9955E-05 0.0193676 9.9955E-05 9.9955E-05
9.9946E-05 0.791723 0.0683131 9.9946E-05 0.136577 0.00278697 9.9946E-05 9.9946E-05 9.9946E-05 9.9946E-05
0.00461146 0.581316 0.0385676 0.0054893 0.0531261 0.0510821 0.0603488 9.9982E-05 0.205258 9.9982E-05
9.9946E-05 0.78794 9.9946E-05 9.9946E-05 9.9946E-05 0.0151952 0.00184642 9.9946E-05 0.194418 9.9946E-05
9.9955E-05 0.707071 9.9955E-05 9.9955E-05 0.0114277 0.0183904 0.00374923 9.9955E-05 0.258862 9.9955E-05
9.99549E-05 0.718277 9.99549E-05 9.99549E-05 0.102144 0.130322 9.99549E-05 0.0419644 0.0067931 9.99549E-05
9.9964E-05 0.778169 0.0149797 9.9964E-05 9.9964E-05 0.00492305 0.0140613 9.9964E-05 0.166276 0.0211909
9.9955E-05 0.701989 0.0667169 9.9955E-05 0.0369139 0.0032117 9.9955E-05 9.9955E-05 0.190669 9.9955E-05
9.9946E-05 9.9946E-05 0.00779845 9.9946E-05 0.0297923 9.9946E-05 0.0176208 9.9946E-05 9.9946E-05 0.944189
9.9973E-05 0.0394057 0.47025 9.9973E-05 0.0410626 0.000266985 0.0192156 9.9973E-05 0.011265 0.418234
9.9946E-05 9.9946E-05 0.0581362 9.9946E-05 9.9946E-05 9.9946E-05 0.0589575 0.0240323 9.9946E-05 0.858274
9.9946E-05 9.9946E-05 0.107779 9.9946E-05 9.9946E-05 9.9946E-05 0.0731805 0.0403059 9.9946E-05 0.778135
9.9964E-05 0.0725441 0.260618 9.9964E-05 0.000514518 9.9964E-05 0.107335 9.9964E-05 0.00622016 0.552368
9.9964E-05 0.0211662 0.461028 9.9964E-05 9.9964E-05 9.9964E-05 0.0559501 0.044359 0.0173246 0.399772
0.00204272 0.0225038 0.356569 9.9964E-05 9.9964E-05 9.9964E-05 0.0344115 9.9964E-05 0.0294974 0.554576
9.9964E-05 0.101855 0.105669 9.9964E-05 9.9964E-05 9.9964E-05 0.0567993 0.0237339 0.000629118 0.710914
9.9946E-05 0.0121822 9.9946E-05 9.9946E-05 9.9946E-05 0.0159975 9.9946E-05 9.9946E-05 0.0413601 0.929861
0.0390308 9.9982E-05 0.315683 0.0219872 0.0451295 9.9982E-05 0.0266304 0.0021765 0.0348831 0.51428
0.0906218 9.9973E-05 0.333026 0.0411446 9.9973E-05 9.9973E-05 0.0226399 0.0897346 0.085098 0.337435
0.0231982 9.9982E-05 0.450369 0.0943707 0.0403136 0.0471932 0.0281414 9.9982E-05 0.0489464 0.267267
9.9955E-05 0.0431585 0.0161971 9.9955E-05 9.9955E-05 9.9955E-05 0.0733775 9.9955E-05 0.0158525 0.850915
0.032542 0.0884666 0.538984 9.9982E-05 0.000475407 0.0448592 0.0604968 0.0324721 9.9982E-05 0.201504
9.9973E-05 0.0170335 0.383222 0.0328852 0.017754 9.9973E-05 0.0149293 9.9973E-05 0.0104442 0.523431
9.9946E-05 9.9946E-05 0.0145034 9.9946E-05 0.0415349 9.9946E-05 0.0231073 9.9946E-05 9.9946E-05 0.920255
9.9955E-05 0.0333504 0.049361 9.9955E-05 0.00628288 9.9955E-05 0.0551289 9.9955E-05 9.9955E-05 0.855377
9.9937E-05 9.9937E-05 0.0211149 9.9937E-05 9.9937E-05 9.9937E-05 9.9937E-05 9.9937E-05 0.0477848 0.930401
9.9937E-05 0.907411 0.0890018 9.9937E-05 9.9937E-05 9.9937E-05 0.00288727 9.9937E-05 9.9937E-05 9.9937E-05
9.9928E-05 0.886352 0.112849 9.9928E-05 9.9928E-05 9.9928E-05 9.9928E-05 9.9928E-05 9.9928E-05 9.9928E-05
9.9964E-05 0.725821 0.101301 9.9964E-05 0.0502616 0.0177346 0.0882271 0.0162547 9.9964E-05 9.9964E-05
9.9946E-05 0.736411 0.159987 9.9946E-05 9.9946E-05 9.9946E-05 0.0632488 0.0397528 9.9946E-05 9.9946E-05
9.9973E-05 0.047121 0.457875 0.157181 0.00497375 0.0435049 9.9973E-05 9.9973E-05 0.212053 0.0769909
0.0537037 0.0786372 0.513202 0.258166 9.9973E-05 0.0340093 0.0507369 9.9973E-05 9.9973E-05 0.0112454
9.9946E-05 9.9946E-05 0.565551 0.380885 9.9946E-05 9.9946E-05 0.000551834 0.0524128 9.9946E-05 9.9946E-05
9.9955E-05 9.9955E-05 0.0741716 0.0188956 0.0574017 0.22908 9.9955E-05 9.9955E-05 9.9955E-05 0.619952
0.0621127 9.9955E-05 0.313572 0.528865 9.9955E-05 9.9955E-05 9.9955E-05 0.0517374 0.0432129 9.9955E-05
9.9973E-05 0.0806165 0.472135 0.213222 9.9973E-05 0.0610873 0.0317359 0.00785316 9.9973E-05 0.13305
9.9955E-05 0.00744886 0.650335 0.225612 0.0288122 9.9955E-05 9.9955E-05 9.9955E-05 0.087292 9.9955E-05
9.9955E-05 0.0398525 0.480313 9.9955E-05 0.032284 9.9955E-05 9.9955E-05 9.9955E-05 0.364105 0.0829467
9.9973E-05 0.10978 0.561179 0.0598977 0.010198 0.0260453 9.9973E-05 9.9973E-05 0.123431 0.109169
9.9955E-05 0.0134496 0.114049 0.596742 9.9955E-05 0.0316052 9.9955E-05 9.9955E-05 9.9955E-05 0.243654
9.9964E-05 0.0169579 0.57934 9.9964E-05 0.0182144 9.9964E-05 9.9964E-05 0.0475098 0.305662 0.031916
0.0457449 0.0742702 0.587274 0.225575 9.9982E-05 0.0274666 0.0154418 0.0153513 0.00867693 9.9982E-05
0.037808 0.0896142 0.543045 0.147591 0.0442942 0.0628676 0.00680778 0.00774455 0.0537325 0.00649571
0.0713835 9.9946E-05 0.350401 0.558304 9.9946E-05 9.9946E-05 9.9946E-05 0.019312 9.9946E-05 9.9946E-05
9.9946E-05 0.107733 0.590458 0.282463 9.9946E-05 9.9946E-05 9.9946E-05 9.9946E-05 9.9946E-05 0.0187462
0.011721 0.0953029 0.590682 0.175515 0.0508723 0.0288718 0.0011939 0.017328 0.00698433 0.0215291
0.0741896 9.9955E-05 9.9955E-05 0.653777 9.9955E-05 0.0273531 9.9955E-05 0.105049 0.139132 9.9955E-05
0.0664485 9.9964E-05 0.0845764 0.0462474 9.9964E-05 0.2886 9.9964E-05 9.9964E-05 0.0346082 0.479119
0.171628 9.9982E-05 0.0536717 0.114974 0.0132194 9.9982E-05 0.00663519 0.113881 0.121424 0.404367
0.0742128 0.0506299 0.514768 0.0588743 9.9982E-05 0.107812 0.0421268 0.0268211 9.9982E-05 0.124556
0.0685501 0.00385534 0.585502 0.0292198 0.0615879 9.9991E-05 0.0022332 0.0770009 0.0261871 0.145764
0.0924497 0.0460307 0.567291 0.0999969 0.0285835 0.0101051 0.0253554 0.0537542 0.0225528 0.0538803
9.9964E-05 0.121417 0.107112 0.0629666 9.9964E-05 0.203237 9.9964E-05 0.00263075 9.9964E-05 0.502237
0.0210865 9.9973E-05 0.518456 0.0285626 0.00185525 0.114709 9.9973E-05 0.0370002 9.9973E-05 0.278031
9.9991E-05 0.00502825 0.512395 0.0999897 0.050588 0.0533755 0.0902724 0.0156604 0.0186425 0.153948
0.0536091 0.0973219 0.298371 0.0283043 9.9982E-05 0.0778568 0.0416496 9.9982E-05 0.0889575 0.31373
0.0251876 0.0710801 0.000776908 0.0409748 0.0898037 0.084144 0.0144463 9.9991E-05 0.115915 0.557572
0.0632579 9.9991E-05 0.482127 0.0841524 0.0444548 0.0608957 0.0120304 0.070457 0.0363618 0.146162
0.0432363 0.0891996 0.461694 0.0482566 0.00916513 0.0534488 9.9982E-05 9.9982E-05 0.0312882 0.263511
0.0268182 0.0926625 9.9973E-05 0.0470272 9.9973E-05 0.131744 9.9973E-05 0.00230708 0.0611288 0.638012
0.049995 0.00522616 0.339417 0.0686186 9.9973E-05 0.121423 0.00841965 9.9973E-05 9.9973E-05 0.4066
0.111979 0.0405143 0.567203 0.0790532 9.9973E-05 0.034435 9.9973E-05 0.0512097 9.9973E-05 0.115305
0.00204709 0.0435963 0.582704 0.0385098 0.0169128 0.0262757 9.9991E-05 0.056936 0.0286226 0.204295
9.9973E-05 0.0905569 0.17748 0.0873759 9.9973E-05 0.0465279 0.0278591 9.9973E-05 0.0639686 0.505932
0.0718367 0.0214189 0.45748 0.0229613 0.0465648 0.088938 0.0216185 0.00946965 0.0232539 0.236458
0.0706328 9.9991E-05 0.563753 0.0435179 0.0391557 0.0671089 0.0406012 0.0367857 0.0471839 0.0911605
0.0552372 9.9982E-05 0.110992 0.0707923 0.042783 0.136825 9.9982E-05 0.0185435 0.00272337 0.561904
9.9964E-05 0.00291936 0.482971 0.448643 0.0396586 0.00993469 9.9964E-05 9.9964E-05 9.9964E-05 0.0154738
9.9955E-05 9.9955E-05 0.176598 0.687729 0.0445261 9.9955E-05 0.00366272 9.9955E-05 9.9955E-05 0.0869848
0.0107261 0.076954 0.467193 0.227677 0.0154804 0.0240353 0.0444027 0.0498646 9.9991E-05 0.0835676
0.0717391 9.9955E-05 9.9955E-05 0.866131 9.9955E-05 9.9955E-05 0.00954546 0.0378014 0.0142835 9.9955E-05
0.0952128 9.9946E-05 9.9946E-05 0.863286 9.9946E-05 9.9946E-05 9.9946E-05 9.9946E-05 0.039319 0.00158257
0.0433663 9.9946E-05 0.222747 0.711951 9.9946E-05 9.9946E-05 9.9946E-05 9.9946E-05 0.0213353 9.9946E-05
9.9955E-05 9.9955E-05 0.455639 0.404782 0.0441663 0.0418369 9.9955E-05 9.9955E-05 9.9955E-05 0.0530758
0.0494204 0.098863 0.561229 0.126537 0.0176145 0.00703676 0.0399281 0.0377006 9.9991E-05 0.0615705
0.0516719 9.9973E-05 0.444882 0.447213 0.00124508 9.9973E-05 0.0204429 9.9973E-05 0.00690568 0.0273403
9.9955E-05 0.0304896 0.135211 0.571929 9.9955E-05 0.0626861 9.9955E-05 9.9955E-05 9.9955E-05 0.199184
9.9955E-05 9.9955E-05 0.239203 0.534096 0.00431513 0.0766398 9.9955E-05 9.9955E-05 9.9955E-05 0.145246
0.00419584 0.0389414 0.470585 0.273553 0.0569685 0.0455635 0.0407417 9.9982E-05 9.9982E-05 0.0692512
9.9946E-05 0.0498589 0.31082 0.546819 9.9946E-05 9.9946E-05 9.9946E-05 9.9946E-05 9.9946E-05 0.0919021
9.9955E-05 0.00825349 0.431992 0.439529 9.9955E-05 0.0139005 9.9955E-05 9.9955E-05 9.9955E-05 0.105825
0.0451825 9.9955E-05 0.449323 0.423399 9.9955E-05 9.9955E-05 9.9955E-05 0.0147739 0.0668222 9.9955E-05
0.130892 9.9955E-05 9.9955E-05 0.715739 9.9955E-05 0.00466299 9.9955E-05 0.105203 0.0430032 9.9955E-05
0.0113657 9.9986E-05 0.601512 0.258276 0.0458628 0.00161396 0.0265399 0.0330929 0.0215362 9.9986E-05
9.9946E-05 0.751072 0.087579 9.9946E-05 0.0871063 0.0736429 9.9946E-05 9.9946E-05 9.9946E-05 9.9946E-05
9.9937E-05 0.90508 0.0622559 9.9937E-05 0.0319648 9.9937E-05 9.9937E-05 9.9937E-05 9.9937E-05 9.9937E-05
9.9937E-05 0.861408 0.125431 9.9937E-05 9.9937E-05 9.9937E-05 0.0124617 9.9937E-05 9.9937E-05 9.9937E-05
9.9955E-05 0.889699 0.0452838 9.9955E-05 0.0292462 9.9955E-05 0.0305707 0.00470049 9.9955E-05 9.9955E-05
0.00527903 0.89722 9.9946E-05 9.9946E-05 0.0506244 9.9946E-05 0.0462768 9.9946E-05 9.9946E-05 9.9946E-05
0.0226188 0.81748 0.0601755 9.9964E-05 0.0494524 9.9964E-05 0.0410212 0.00885213 9.9964E-05 9.9964E-05
9.9937E-05 0.896836 0.0699499 9.9937E-05 0.032514 9.9937E-05 9.9937E-05 9.9937E-05 9.9937E-05 9.9937E-05
0.00966307 0.0564876 0.522174 0.268574 0.0367397 0.0618578 0.0372796 9.9982E-05 9.9982E-05 0.00702376
9.9982E-05 0.118536 0.52066 0.182027 9.9982E-05 0.00593332 0.0587907 0.0168132 0.00297845 0.0940613
0.0149531 0.0624093 0.0202102 0.63598 0.00781068 0.0732166 9.9973E-05 9.9973E-05 9.9973E-05 0.18512
0.0533511 0.0687953 0.564075 0.124436 0.0558854 0.0564168 9.9991E-05 0.0225624 0.027208 0.0271702
9.9964E-05 0.0012346 0.391022 0.440696 0.0204772 0.0218562 9.9964E-05 9.9964E-05 9.9964E-05 0.124314
9.9955E-05 0.0178229 0.532221 0.358296 0.0540652 0.0370949 9.9955E-05 9.9955E-05 9.9955E-05 9.9955E-05
0.0106435 0.0460676 0.56658 0.289187 9.9964E-05 0.00864588 9.9964E-05 9.9964E-05 0.0784761 9.9964E-05
0.0347715 9.9973E-05 0.497339 0.401735 0.0131089 0.00134954 0.0271636 9.9973E-05 9.9973E-05 0.0242326
9.9946E-05 0.0359237 9.9946E-05 0.665985 9.9946E-05 0.103523 9.9946E-05 9.9946E-05 9.9946E-05 0.193968
0.0637417 0.134311 0.479697 0.20771 0.0117785 0.0494169 0.0354322 9.9982E-05 9.9982E-05 0.0177128
9.9991E-05 0.0206663 0.635814 0.0847826 0.022236 0.0430706 0.00941979 0.0594754 0.0424747 0.0819604
0.0141013 0.118139 0.54677 0.1315 9.9973E-05 0.0882448 0.0278655 9.9973E-05 0.0730785 9.9973E-05
0.0377361 9.9964E-05 0.264206 0.495169 9.9964E-05 0.0263583 9.9964E-05 0.0334716 0.142659 9.9964E-05
0.0600358 9.9946E-05 0.504271 0.414538 0.0205553 9.9946E-05 9.9946E-05 9.9946E-05 9.9946E-05 9.9946E-05
9.9955E-05 9.9955E-05 0.439663 0.375233 0.012042 0.0353026 9.9955E-05 9.9955E-05 9.9955E-05 0.137259
0.0768597 9.9946E-05 0.369803 0.547349 9.9946E-05 0.00538886 9.9946E-05 9.9946E-05 9.9946E-05 9.9946E-05
9.9955E-05 0.0742035 0.434458 0.342201 9.9955E-05 0.105039 9.9955E-05 9.9955E-05 9.9955E-05 0.0435989
0.0379227 0.0798894 0.533607 0.164077 0.0168672 0.0676212 0.0181419 0.0368155 9.9991E-05 0.0449588
0.136034 9.9973E-05 0.246364 0.0320218 9.9973E-05 0.177029 0.011681 0.127195 9.9973E-05 0.269375
9.9982E-05 0.0621881 0.369027 0.035554 0.00984237 0.164363 9.9982E-05 0.00115818 0.083003 0.274664
0.0302494 0.0724313 0.515101 9.9982E-05 0.0342414 0.0657861 9.9982E-05 0.0433936 0.0947744 0.143823
0.0722451 0.0492547 0.561865 0.0352251 0.0500537 0.0785743 9.9982E-05 0.0477885 9.9982E-05 0.104794
9.9964E-05 0.0147541 0.431776 0.023037 9.9964E-05 0.17641 9.9964E-05 0.0369004 9.9964E-05 0.316723
0.0125947 0.106263 0.619938 0.0236369 9.9982E-05 0.152479 9.9982E-05 0.0108412 0.00327368 0.0707735
0.0229394 0.024113 0.443868 9.9964E-05 0.015478 0.243397 9.9964E-05 9.9964E-05 9.9964E-05 0.249805
0.00972123 0.0165652 0.542056 0.0513417 0.0115048 0.120839 9.9991E-05 0.142907 0.0229749 0.0819912
0.0310955 0.00659741 0.604481 9.9982E-05 0.0228315 0.160478 0.00777462 0.0860697 9.9982E-05 0.0804721
0.0546821 0.0381952 0.52048 9.9973E-05 9.9973E-05 0.147317 9.9973E-05 0.0408508 0.0321685 0.166007
0.050981 0.00644159 0.521519 9.9973E-05 0.0471596 0.176853 9.9973E-05 9.9973E-05 0.00401931 0.192727
0.107114 0.0468841 0.575491 9.9982E-05 0.0140224 0.0766155 0.0562389 9.9982E-05 0.0726972 0.0507362
0.0378247 0.0398391 0.600347 9.9991E-05 0.0195214 0.0947507 0.0237602 0.0520392 0.0529446 0.0788727
0.0757216 9.9982E-05 0.542205 0.0230394 9.9982E-05 0.0983855 0.0558376 0.0187557 0.0219327 0.163922
0.0493 9.9991E-05 0.521114 0.0133622 0.0280718 0.131833 0.0569125 0.0321622 0.0532603 0.113884
0.128863 9.9964E-05 0.562504 9.9964E-05 9.9964E-05 0.118965 0.0283435 9.9964E-05 0.0398292 0.121095
0.0944793 9.9991E-05 0.277467 0.0487808 0.0393693 0.167144 0.0283399 0.148204 0.0694704 0.126646
0.0708576 0.0294395 0.640097 0.0377867 0.0283467 0.101592 9.9991E-05 0.0115172 0.00115134 0.0791118
0.0751357 0.00258928 0.690346 9.9982E-05 0.0221793 0.0852392 0.00273473 0.0692565 9.9982E-05 0.0523194
0.0364387 0.0262114 0.133169 0.0624286 9.9964E-05 0.244593 9.9964E-05 9.9964E-05 9.9964E-05 0.496759
0.252765 9.9982E-05 0.0520088 0.0582297 9.9982E-05 0.108033 0.00670059 0.130741 0.0609199 0.330402
0.0523942 0.0362583 0.444705 0.0402651 9.9982E-05 0.130812 9.9982E-05 0.0446011 0.0240637 0.226701
0.344852 9.9973E-05 0.0238979 0.0631135 9.9973E-05 0.128191 9.9973E-05 0.0832546 0.0620243 0.294366
0.0249682 9.9946E-05 0.271545 9.9946E-05 9.9946E-05 0.168377 9.9946E-05 9.9946E-05 9.9946E-05 0.53451
0.0459569 9.9946E-05 0.387349 9.9946E-05 9.9946E-05 0.170618 9.9946E-05 9.9946E-05 9.9946E-05 0.395476
0.0324681 0.0154781 0.292915 0.0753188 9.9973E-05 0.195105 9.9973E-05 0.0133748 9.9973E-05 0.37504
0.0720498 9.9955E-05 0.266215 9.9955E-05 9.9955E-05 0.209644 9.9955E-05 9.9955E-05 0.0115295 0.440062
0.00555501 9.9982E-05 0.566676 0.0446034 0.027039 0.126559 9.9982E-05 0.0379068 0.0779387 0.113522
0.0989209 0.0649767 0.529152 0.047289 0.0153501 0.0695754 0.0248177 0.0251353 0.0223722 0.102411
0.053506 0.023251 0.528414 0.0768351 9.9982E-05 0.0476007 9.9982E-05 0.0518837 0.0136143 0.204696
0.170524 9.9973E-05 0.11277 0.0466739 9.9973E-05 0.142277 9.9973E-05 0.067929 0.0708131 0.388713
9.9991E-05 0.108009 0.452424 0.133947 0.0350141 0.0869523 0.054154 0.0530217 0.0618204 0.0145574
0.0594423 0.0464715 0.477036 0.0238875 9.9991E-05 0.042993 0.0143621 0.102985 0.201884 0.0308379
0.189422 9.9964E-05 9.9964E-05 0.0973509 0.00253653 0.0769443 9.9964E-05 0.273252 0.360094 9.9964E-05
0.0619506 0.0657793 0.630383 0.0369856 9.9982E-05 9.9982E-05 0.0109692 0.0237877 0.104828 0.0651164
0.131556 0.0431463 0.237639 0.0814127 0.00605724 0.0270948 0.026632 0.0928646 0.233153 0.120444
0.0612834 0.0674455 0.542856 0.00975946 0.00309186 0.0266292 9.9991E-05 0.0803604 0.181778 0.0266963
0.0477464 9.9973E-05 0.171478 0.103779 9.9973E-05 0.0952838 9.9973E-05 0.167632 0.369512 0.0442689
0.169625 9.9973E-05 0.015176 0.0820495 9.9973E-05 0.0957303 9.9973E-05 0.172335 0.387303 0.0774814
0.105654 0.036604 0.340474 0.0514416 9.9991E-05 0.0335504 0.0191012 0.0357939 0.288919 0.0883617
0.0321693 0.0756865 0.406868 0.132072 0.026333 0.0168502 0.0523343 0.0537334 0.15587 0.0480837
0.07727 0.0377406 0.400208 0.0259188 0.0504151 0.0488874 0.00333227 0.158264 0.0779652 0.119998
0.202864 9.9973E-05 0.0246926 0.125956 9.9973E-05 9.9973E-05 0.0347458 0.19065 0.186323 0.234468
0.0763551 0.0271661 0.512232 0.00912822 0.0281724 0.052621 0.049914 0.0593572 0.0740048 0.111049
0.173168 9.9973E-05 0.279893 0.0630208 9.9973E-05 0.0257158 9.9973E-05 0.0548119 0.311652 0.0914392
0.125619 9.9973E-05 0.37957 0.0728021 9.9973E-05 0.0478843 9.9973E-05 0.0555855 0.205016 0.113223
9.9991E-05 0.0760618 0.532406 0.00977235 0.0600043 0.0708097 0.0496963 0.0270736 0.156164 0.0179118
9.9973E-05 0.305302 0.150164 9.9973E-05 0.0140025 9.9973E-05 0.173484 0.186933 0.140941 0.0288734
9.9946E-05 0.338166 9.9946E-05 9.9946E-05 9.9946E-05 9.9946E-05 0.0811486 0.451851 0.128234 9.9946E-05
9.9955E-05 0.307447 9.9955E-05 9.9955E-05 0.0064347 9.9955E-05 0.087424 0.423418 0.174776 9.9955E-05
9.9964E-05 0.271885 0.0822321 9.9964E-05 9.9964E-05 0.00853898 0.197882 0.253036 0.186026 9.9964E-05
0.0944923 9.9955E-05 0.539191 0.0679291 9.9955E-05 9.9955E-05 9.9955E-05 9.9955E-05 0.275281 0.0226071
0.0871231 0.0554551 0.549472 0.111883 0.0400645 9.9991E-05 0.0151639 0.046665 0.0271424 0.0669311
9.9937E-05 9.9937E-05 0.330891 9.9937E-05 9.9937E-05 9.9937E-05 0.641183 9.9937E-05 9.9937E-05 0.0272266
9.9955E-05 0.0347711 0.367277 0.0255024 9.9955E-05 9.9955E-05 0.424433 9.9955E-05 9.9955E-05 0.147516
9.9973E-05 0.0451944 0.43885 9.9973E-05 9.9973E-05 0.0950607 0.345449 0.0207969 0.0104908 0.0438587
0.181407 9.9973E-05 0.171608 0.0306124 9.9973E-05 9.9973E-05 0.0324795 0.0123559 0.488522 0.0827162
0.0799277 0.00708467 0.433001 0.0925773 0.0938974 0.0957955 0.0257014 9.9991E-05 0.151695 0.0202199
0.1807 9.9955E-05 0.14309 9.9955E-05 9.9955E-05 9.9955E-05 9.9955E-05 0.00900824 0.514387 0.152315
0.0945387 0.0430553 0.558127 9.9964E-05 9.9964E-05 9.9964E-05 9.9964E-05 0.0354386 0.208591 0.0598499
0.146117 9.9973E-05 0.404371 9.9973E-05 0.00494972 9.9973E-05 0.0107464 0.0520364 0.277624 0.103855
0.0806616 9.9964E-05 0.532627 0.0190323 9.9964E-05 0.00636818 9.9964E-05 0.00336889 0.357542 9.9964E-05
0.106169 9.9964E-05 0.124441 0.0189814 9.9964E-05 9.9964E-05 9.9964E-05 0.0656903 0.620357 0.0639604
0.0133735 0.0110472 0.643864 9.9982E-05 0.0259089 9.9982E-05 0.0169569 0.00913272 0.256108 0.0234083
0.0365465 0.0289733 0.550197 0.0538092 0.0464766 0.0468333 9.9991E-05 0.0853033 0.145445 0.00631596
9.9946E-05 9.9946E-05 9.9946E-05 9.9946E-05 0.00701682 0.00827833 0.95669 9.9946E-05 0.0274154 9.9946E-05
0.0219101 9.9946E-05 0.0256253 9.9946E-05 9.9946E-05 9.9946E-05 0.92989 9.9946E-05 9.9946E-05 0.0219748
0.00877898 0.0287668 0.273451 0.0397651 0.0410398 0.00716422 0.53787 9.9991E-05 0.0107528 0.0523106
9.9964E-05 0.00785708 0.353171 0.000615786 0.0209427 0.0270244 0.589989 9.9964E-05 9.9964E-05 9.9964E-05
9.9946E-05 9.9946E-05 0.146367 9.9946E-05 9.9946E-05 0.032972 0.814304 9.9946E-05 9.9946E-05 0.00575685
9.99201E-05 9.99201E-05 9.99201E-05 9.99201E-05 9.99201E-05 9.99201E-05 0.999101 9.99201E-05 9.99201E-05 9.99201E-05
9.9928E-05 9.9928E-05 9.9928E-05 9.9928E-05 9.9928E-05 0.0302933 0.968907 9.9928E-05 9.9928E-05 9.9928E-05
9.9937E-05 9.9937E-05 0.0960075 9.9937E-05 9.9937E-05 9.9937E-05 0.853433 9.9937E-05 9.9937E-05 0.0498597
9.9946E-05 9.9946E-05 9.9946E-05 9.9946E-05 0.0216924 0.0473697 0.920145 9.9946E-05 9.9946E-05 0.0101932
9.99201E-05 9.99201E-05 9.99201E-05 9.99201E-05 9.99201E-05 9.99201E-05 0.999101 9.99201E-05 9.99201E-05 9.99201E-05
9.99201E-05 9.99201E-05 9.99201E-05 9.99201E-05 9.99201E-05 9.99201E-05 0.999101 9.99201E-05 9.99201E-05 9.99201E-05
9.9946E-05 9.9946E-05 0.204596 9.9946E-05 9.9946E-05 0.0244075 0.75924 9.9946E-05 0.011156 9.9946E-05
9.9973E-05 0.0368855 0.130124 0.0147667 0.00647696 0.00747053 0.754434 9.9973E-05 9.9973E-05 0.0495421
9.99201E-05 9.99201E-05 9.99201E-05 9.99201E-05 9.99201E-05 9.99201E-05 0.999101 9.99201E-05 9.99201E-05 9.99201E-05
9.9982E-05 0.0776925 0.372225 9.9982E-05 0.0197859 0.0418863 0.352365 0.00119207 0.0545197 0.0801336
9.9973E-05 0.0573258 0.280532 0.00211392 0.0125372 0.0436786 0.596848 9.9973E-05 9.9973E-05 0.00666463
9.9946E-05 0.0211959 0.171748 9.9946E-05 0.00669486 9.9946E-05 0.799761 9.9946E-05 9.9946E-05 9.9946E-05
9.9955E-05 0.00493918 0.0915196 0.0282972 9.9955E-05 0.00524289 0.869501 9.9955E-05 9.9955E-05 9.9955E-05
9.9928E-05 9.9928E-05 9.9928E-05 9.9928E-05 0.00478623 9.9928E-05 0.994414 9.9928E-05 9.9928E-05 9.9928E-05
9.9946E-05 9.9946E-05 0.0439085 9.9946E-05 0.0125138 0.00437639 0.938602 9.9946E-05 9.9946E-05 9.9946E-05
9.9928E-05 9.9928E-05 9.9928E-05 9.9928E-05 9.9928E-05 9.9928E-05 0.995364 0.00383627 9.9928E-05 9.9928E-05
0.0195978 0.0128148 0.22904 0.024383 0.0278198 0.0108249 0.637715 9.9982E-05 9.9982E-05 0.0376045
0.0015303 0.00352737 9.99615E-05 0.0261046 9.99615E-05 9.99615E-05 0.951723 9.99615E-05 9.99615E-05 0.0166145
0.0313801 0.172802 9.9964E-05 9.9964E-05 0.0126533 9.9964E-05 0.00163638 0.228948 0.55218 9.9964E-05
9.9982E-05 0.179076 0.318738 9.9982E-05 0.0221927 0.00878838 0.0758879 0.0454806 0.340602 0.00903398
9.9964E-05 0.159106 0.43873 9.9964E-05 9.9964E-05 0.00959416 0.0261792 0.0616869 0.304303 9.9964E-05
0.00328558 0.119586 0.115802 9.9973E-05 9.9973E-05 0.0359926 0.100966 0.140027 0.484041 9.9973E-05
9.9991E-05 0.0415163 0.384351 0.0594336 0.0184239 0.031812 0.109193 0.0911068 0.157002 0.107061
0.0180523 0.187244 0.0544644 9.9973E-05 9.9973E-05 9.9973E-05 0.088103 0.120663 0.479214 0.0519591
0.0435799 0.0828034 0.434134 9.9991E-05 0.0344094 0.0533336 0.0654466 0.101871 0.151212 0.0331102
9.9964E-05 0.0762004 0.240867 9.9964E-05 0.0626409 9.9964E-05 0.136343 0.0833908 0.400159 9.9964E-05
9.9964E-05 0.112823 0.418388 9.9964E-05 0.0334334 9.9964E-05 0.104619 0.0381605 0.292176 9.9964E-05
0.0111635 0.103639 0.306871 0.00747605 0.0547997 9.9991E-05 0.108458 0.0704786 0.328925 0.00809013
9.9973E-05 0.127184 0.412929 0.0533153 0.0455894 9.9973E-05 0.090011 0.0854829 0.185188 9.9973E-05
9.9964E-05 0.771014 0.0476909 9.9964E-05 0.113496 0.0266725 9.9964E-05 0.0133788 0.0273474 9.9964E-05
0.031226 0.831247 9.9946E-05 9.9946E-05 0.0814504 9.9946E-05 0.0554772 9.9946E-05 9.9946E-05 9.9946E-05
9.9955E-05 0.876029 0.00629072 9.9955E-05 0.0815338 0.0339771 9.9955E-05 0.00166915 9.9955E-05 9.9955E-05
9.9937E-05 0.894557 9.9937E-05 9.9937E-05 0.0442148 9.9937E-05 9.9937E-05 0.0605282 9.9937E-05 9.9937E-05
9.9955E-05 0.861778 0.0488491 9.9955E-05 0.0536762 9.9955E-05 0.00614901 9.9955E-05 9.9955E-05 0.0290478
0.00770984 0.790626 9.9955E-05 9.9955E-05 0.19013 9.9955E-05 0.00465093 0.00638298 9.9955E-05 9.9955E-05
9.9964E-05 0.853344 0.0490375 9.9964E-05 0.0689453 0.00240104 0.0196599 0.00621221 9.9964E-05 9.9964E-05
0.00140509 0.82824 9.9964E-05 9.9964E-05 0.099883 0.0351812 9.9964E-05 0.032911 9.9964E-05 0.00198003
9.9973E-05 0.767791 9.9973E-05 0.0302828 0.104502 9.9973E-05 0.0329114 0.0364485 0.00963289 0.0181309
9.9955E-05 0.741547 0.0106052 9.9955E-05 0.150373 9.9955E-05 0.00736389 0.0896109 9.9955E-05 9.9955E-05
9.9973E-05 0.537839 9.9973E-05 0.0837857 0.0489079 0.251469 9.9973E-05 0.00907501 0.0547742 0.0138499
0.0231495 0.598463 9.9964E-05 0.0151739 0.00779197 0.291929 9.9964E-05 9.9964E-05 9.9964E-05 0.0630932
9.9973E-05 0.504269 9.9973E-05 0.0579949 0.0104245 0.234375 9.9973E-05 0.0590105 0.0303987 0.103228
9.9955E-05 0.417187 9.9955E-05 9.9955E-05 0.0448786 0.280493 9.9955E-05 9.9955E-05 0.123041 0.1339
9.9973E-05 0.0398892 0.443299 0.217258 0.0166264 0.00833675 9.9973E-05 9.9973E-05 0.057984 0.216307
0.0113329 0.0258605 0.469026 0.275208 9.9982E-05 0.0917186 0.0368303 9.9982E-05 0.0164773 0.073346
0.0174942 9.9973E-05 0.522033 0.199363 0.0400208 0.105893 0.00470628 9.9973E-05 9.9973E-05 0.11019
9.9964E-05 0.0464343 0.320181 0.271729 9.9964E-05 0.129052 9.9964E-05 0.00167218 9.9964E-05 0.230532
0.0478517 9.9964E-05 0.116155 0.0478439 9.9964E-05 0.29257 9.9964E-05 9.9964E-05 0.0143251 0.480854
0.04823 0.00294589 0.665201 0.165054 0.0307244 0.0850192 9.9973E-05 9.9973E-05 9.9973E-05 0.0025262
0.0236606 9.9955E-05 0.624169 0.253477 9.9955E-05 0.0494443 9.9955E-05 9.9955E-05 9.9955E-05 0.0487497
0.0712151 9.9964E-05 0.514413 0.296347 9.9964E-05 0.0660384 9.9964E-05 0.0404895 0.011097 9.9964E-05
0.0754952 9.9937E-05 0.359978 0.563828 9.9937E-05 9.9937E-05 9.9937E-05 9.9937E-05 9.9937E-05 9.9937E-05
0.0487924 0.00813609 0.616203 0.116002 0.00738699 0.0625775 0.00471741 0.101905 0.00415571 0.0301243
9.9964E-05 0.0114231 0.4111 0.487712 0.00208437 0.0361917 9.9964E-05 9.9964E-05 9.9964E-05 0.051089
0.163521 9.9946E-05 9.9946E-05 0.817361 9.9946E-05 0.0100734 9.9946E-05 0.00844453 9.9946E-05 9.9946E-05
0.0191588 0.00632326 0.560102 0.146522 0.0276686 0.0906405 9.9973E-05 9.9973E-05 9.9973E-05 0.149285
0.0801562 9.9955E-05 0.152383 0.674031 9.9955E-05 9.9955E-05 9.9955E-05 0.0607412 0.0321884 9.9955E-05
0.0555657 9.9982E-05 0.566842 0.309513 0.0392846 0.011905 0.00111918 9.9982E-05 0.00734448 0.00822597
9.9955E-05 0.0160781 0.105446 0.615309 9.9955E-05 0.0554497 9.9955E-05 9.9955E-05 9.9955E-05 0.207217
9.9946E-05 0.0517027 9.9946E-05 9.9946E-05 0.0317763 0.813568 9.9946E-05 9.9946E-05 0.102353 9.9946E-05
9.9946E-05 9.9946E-05 0.0505945 9.9946E-05 0.0444212 0.812649 9.9946E-05 9.9946E-05 0.0917361 9.9946E-05
9.9964E-05 0.0273094 0.0214136 0.0232363 0.0129852 0.803317 9.9964E-05 9.9964E-05 0.111339 9.9964E-05
9.9937E-05 9.9937E-05 9.9937E-05 9.9937E-05 0.0774496 0.795659 9.9937E-05 9.9937E-05 0.126192 9.9937E-05
9.9955E-05 9.9955E-05 0.131918 9.9955E-05 0.00331551 0.812532 0.00953378 9.9955E-05 0.0422015 9.9955E-05
9.9955E-05 9.9955E-05 0.0609692 9.9955E-05 0.0203573 0.764962 0.0528408 9.9955E-05 0.100371 9.9955E-05
9.9964E-05 0.824938 9.9964E-05 0.0126953 0.0423808 0.0180099 0.0836015 9.9964E-05 9.9964E-05 0.0179749
9.9964E-05 0.783616 0.127033 9.9964E-05 0.0105689 0.0201826 9.9964E-05 0.0300656 9.9964E-05 0.0281349
0.0243487 0.758171 0.150183 0.00279401 0.0171964 9.9982E-05 0.0293682 0.0138312 9.9982E-05 0.00390674
9.9964E-05 0.829313 0.0218006 0.0498596 0.0256208 9.9964E-05 0.0572929 9.9964E-05 9.9964E-05 0.0157131
9.9973E-05 0.742065 0.13639 9.9973E-05 0.0205218 9.9973E-05 0.0439917 0.00861901 0.0322217 0.0158907
9.9955E-05 0.377842 9.9955E-05 0.00821092 0.0158269 0.48901 9.9955E-05 9.9955E-05 0.10861 9.9955E-05
0.0368646 0.415391 9.9955E-05 9.9955E-05 0.0150324 0.501823 9.9955E-05 9.9955E-05 0.030389 9.9955E-05
0.0237354 0.409798 0.0651508 9.9955E-05 9.9955E-05 0.477396 9.9955E-05 0.0234198 9.9955E-05 9.9955E-05
0.00587636 0.871934 0.111443 9.9946E-05 9.9946E-05 9.9946E-05 9.9946E-05 9.9946E-05 9.9946E-05 0.0101472
0.046935 0.336815 9.9964E-05 0.0350596 0.06535 0.468374 9.9964E-05 9.9964E-05 0.0470672 9.9964E-05
9.9964E-05 0.116344 0.310008 9.9964E-05 0.0461454 9.9964E-05 0.242255 0.238306 0.0465405 9.9964E-05
0.0262455 0.100302 0.498347 9.9982E-05 9.9982E-05 0.00727684 0.210518 0.0620267 0.0307171 0.0643672
9.9964E-05 0.151859 0.55237 9.9964E-05 0.041425 9.9964E-05 0.190727 0.0416177 0.0216012 9.9964E-05
9.9964E-05 0.200713 0.340808 9.9964E-05 0.0359285 9.9964E-05 0.205628 0.117647 0.0988754 9.9964E-05
0.0335093 0.139284 0.502449 9.9991E-05 0.0178167 0.00773263 0.11502 0.0275212 0.0421092 0.114458
0.000721555 0.314745 9.9964E-05 9.9964E-05 0.00371822 9.9964E-05 0.257121 0.341804 0.0814906 9.9964E-05
0.0123561 9.9973E-05 0.403398 0.00186617 0.012913 0.23202 9.9973E-05 9.9973E-05 0.0873244 0.249822
0.164839 9.9973E-05 0.374781 0.0617574 9.9973E-05 0.0895819 9.9973E-05 0.0211613 0.072424 0.215156
0.00690035 0.0081776 0.154249 0.0138284 9.9973E-05 0.15846 9.9973E-05 9.9973E-05 0.0760941 0.581991
0.163492 9.9982E-05 0.498054 0.0435747 0.00167227 0.0893851 9.9982E-05 0.0327203 0.0513061 0.119595
0.396954 9.9964E-05 9.9964E-05 0.0468485 9.9964E-05 0.159729 9.9964E-05 0.0359031 0.140538 0.219627
9.9982E-05 0.0637742 0.557414 0.0285861 9.9982E-05 0.0434294 0.000390931 0.0850005 0.0286127 0.192593
0.174058 0.0172992 0.497905 9.9982E-05 9.9982E-05 0.0870282 0.0152425 0.0197302 0.0447159 0.143821
0.0308547 0.0117097 0.294871 0.0232956 0.0318942 0.20674 9.9991E-05 0.00122781 0.0349965 0.364311
0.0868563 0.0897492 0.497776 0.052263 9.9991E-05 0.0259547 0.0277003 0.0146561 0.0326832 0.172261
0.20884 9.9973E-05 0.00863278 0.107147 9.9973E-05 0.0283755 9.9973E-05 0.026987 0.178684 0.441034
0.159578 9.9973E-05 0.54073 9.9973E-05 0.00102533 0.0736335 9.9973E-05 0.0346336 0.0141514 0.175948
0.0511285 9.9973E-05 0.468206 0.0204878 0.0140562 0.15723 9.9973E-05 9.9973E-05 0.0130648 0.275526
0.0539591 0.0544223 0.481407 0.0504026 0.0012523 0.0543365 0.0580459 0.164936 0.00476206 0.076476
0.145951 9.9973E-05 0.258662 0.109022 9.9973E-05 0.096128 9.9973E-05 0.0986822 0.0184136 0.272841
0.135588 9.9973E-05 0.360411 0.0911391 9.9973E-05 0.088302 9.9973E-05 0.0543166 0.0518159 0.218127
0.0995716 9.9982E-05 0.537082 0.0410603 9.9982E-05 0.109225 0.00339553 0.0238527 0.0585939 0.127019
0.0950192 9.9973E-05 0.528784 0.00270775 9.9973E-05 0.100728 9.9973E-05 0.0789747 0.0243974 0.169089
0.0806311 9.9973E-05 0.645894 9.9973E-05 9.9973E-05 0.0415076 0.0332691 0.0511678 0.035731 0.111499
0.0641536 0.0713401 0.512111 0.092439 0.019173 0.0619921 0.0338385 0.0087352 0.0128282 0.123389
0.0147474 0.0737778 0.486321 0.019346 0.00228288 0.100658 9.9991E-05 0.0395062 0.0316297 0.231632
9.99201E-05 9.99201E-05 9.99201E-05 9.99201E-05 0.999101 9.99201E-05 9.99201E-05 9.99201E-05 9.99201E-05 9.99201E-05
9.99201E-05 9.99201E-05 9.99201E-05 9.99201E-05 0.999101 9.99201E-05 9.99201E-05 9.99201E-05 9.99201E-05 9.99201E-05
9.9955E-05 0.410312 9.9955E-05 9.9955E-05 0.498382 0.0273578 9.9955E-05 0.0197864 0.0436624 9.9955E-05
9.9928E-05 0.0572232 9.9928E-05 9.9928E-05 0.941977 9.9928E-05 9.9928E-05 9.9928E-05 9.9928E-05 9.9928E-05
9.9937E-05 0.0910884 9.9937E-05 9.9937E-05 0.901741 9.9937E-05 9.9937E-05 9.9937E-05 0.006471 9.9937E-05
0.0219039 0.0206552 0.0383774 0.0461996 9.9973E-05 0.179703 9.9973E-05 0.0520832 9.9973E-05 0.640778
0.107698 0.00163827 0.468758 0.00885983 0.0322985 0.120303 0.0307393 0.0349522 0.0186721 0.176081
0.0524719 0.151332 0.405851 0.0154786 0.0130034 9.9991E-05 0.189672 0.114702 0.0510035 0.00638618
9.9964E-05 9.9964E-05 0.624102 9.9964E-05 0.0212308 0.106202 0.0223408 9.9964E-05 0.0187124 0.207012
9.9973E-05 0.0035358 0.467169 0.0663409 0.0167623 0.104341 9.9973E-05 0.0240578 9.9973E-05 0.317494
0.176184 9.9973E-05 0.199325 0.0331516 9.9973E-05 0.0730333 9.9973E-05 0.108649 0.0892769 0.32008
0.00789778 0.0326512 9.9973E-05 0.0414972 0.0236491 0.327106 9.9973E-05 0.033227 9.9973E-05 0.533672
9.9973E-05 0.0349166 0.434446 0.0460418 0.0377848 0.180757 9.9973E-05 0.00528708 9.9973E-05 0.260467
0.00598753 9.9973E-05 0.163294 9.9973E-05 0.0442994 0.296278 0.034524 9.9973E-05 0.017759 0.437558
0.0631188 0.00331601 0.404825 0.098863 0.018433 0.123298 0.0463378 0.0289376 0.120281 0.0925895
0.0597879 0.0185033 0.0716534 9.9973E-05 0.064705 0.259416 9.9973E-05 9.9973E-05 0.00370102 0.521933
0.0730989 0.0599934 0.519851 0.000900192 9.9982E-05 0.136869 0.0382208 0.0251806 9.9982E-05 0.145686
0.0196536 0.0172418 0.0410249 0.0510283 0.0438414 0.183862 0.00697046 0.0236446 0.0279306 0.584802
0.136402 9.9991E-05 0.1621 0.0819668 0.0135412 0.0945454 0.102717 0.0456364 0.0624771 0.300514
0.0726676 0.0274163 0.513539 0.0268212 0.0157307 0.0455961 0.00468236 0.0709862 0.176786 0.045774
0.140401 9.9964E-05 0.218063 0.00360703 9.9964E-05 0.0281887 9.9964E-05 9.9964E-05 0.514984 0.094357
0.00451609 0.00245826 0.50753 0.0342389 0.0224505 0.0181854 9.9982E-05 0.0219927 0.388428 9.9982E-05
0.000884262 0.0951821 0.550202 0.0406412 9.9982E-05 0.0607159 9.9982E-05 0.0909201 0.145636 0.0156178
0.107029 9.9964E-05 0.139117 0.0562725 9.9964E-05 9.9964E-05 9.9964E-05 0.0247827 0.573766 0.0986328
0.108375 0.0367565 0.512436 9.9991E-05 0.0506547 0.0374083 0.0272554 0.0333896 0.156512 0.0371132
0.055279 0.00902713 0.455163 0.0730961 0.0148114 0.0847616 9.9973E-05 9.9973E-05 0.307562 9.9973E-05
0.232569 9.9964E-05 0.0563933 0.122978 9.9964E-05 0.0416663 9.9964E-05 0.0508056 0.495188 9.9964E-05
0.124381 9.9964E-05 0.0982919 0.0355795 9.9964E-05 0.0364963 9.9964E-05 0.028406 0.676445 9.9964E-05
0.0647625 0.0122674 0.41918 0.0153758 9.9982E-05 0.0415558 9.9982E-05 0.0137905 0.42962 0.00324901
0.130968 9.9946E-05 9.9946E-05 0.165492 9.9946E-05 0.0634876 9.9946E-05 9.9946E-05 0.639453 9.9946E-05
0.0635885 9.9964E-05 0.333925 0.0510091 9.9964E-05 0.0572421 9.9964E-05 9.9964E-05 0.413926 0.0799093
0.0153416 0.010259 0.0534435 9.9973E-05 0.0114862 0.251472 9.9973E-05 0.000499772 9.9973E-05 0.657198
0.258116 9.9964E-05 0.142727 9.9964E-05 9.9964E-05 0.115922 0.0426572 0.0629131 9.9964E-05 0.377265
0.00109335 9.9973E-05 0.333611 0.0229233 0.0311555 0.193498 0.0562001 9.9973E-05 9.9973E-05 0.361219
0.00834785 0.0366045 0.525162 0.0523377 0.0118133 0.12194 0.0306038 0.0262171 9.9991E-05 0.186874
9.9955E-05 9.9955E-05 0.163185 0.104402 9.9955E-05 0.254688 0.0141418 9.9955E-05 9.9955E-05 0.463084
0.0582697 0.0277905 0.508686 0.0368528 0.000335907 0.0343031 0.0118881 0.101038 0.0143653 0.20647
0.0466802 0.0168367 0.554598 0.036057 0.0562004 0.111913 9.9991E-05 0.0131307 0.00682569 0.157658
0.0576873 9.9964E-05 0.495304 0.0645409 9.9964E-05 0.0905046 9.9964E-05 0.0963656 9.9964E-05 0.195198
0.0326397 9.9964E-05 0.496178 9.9964E-05 9.9964E-05 0.149145 0.0360858 0.0553331 9.9964E-05 0.230218
0.00250664 9.9964E-05 0.430501 9.9964E-05 0.0142907 0.22291 0.00661047 9.9964E-05 9.9964E-05 0.322782
0.00538149 9.9964E-05 0.215997 0.0704747 9.9964E-05 0.178888 9.9964E-05 0.0242257 9.9964E-05 0.504633
0.0403787 9.9964E-05 0.359784 0.0154043 9.9964E-05 0.186977 9.9964E-05 0.0271241 9.9964E-05 0.369932
0.104112 9.9973E-05 0.570114 0.0200526 9.9973E-05 0.0880545 9.9973E-05 0.0682504 0.0259079 0.123208
0.0606936 0.0211515 0.5559 0.0511474 0.00118827 0.0521943 0.0742204 0.0654163 9.9991E-05 0.117989
0.0541696 9.9973E-05 0.324818 0.0530313 9.9973E-05 0.106827 0.0324265 0.153997 9.9973E-05 0.274431
0.0800697 9.9982E-05 0.430815 0.0549727 9.9982E-05 0.144923 0.0797792 0.0397289 0.00983788 0.159674
0.00480329 0.00707042 0.321202 0.0419869 0.0135782 0.188531 0.0380688 0.0236001 9.9991E-05 0.361059
0.036455 9.9955E-05 0.552738 9.9955E-05 9.9955E-05 0.0832896 9.9955E-05 0.0845798 9.9955E-05 0.242438
0.0418502 9.9973E-05 0.419057 0.0109368 0.0232036 0.123074 0.0521144 9.9973E-05 9.9973E-05 0.329465
0.0592823 0.0308297 0.558298 0.0211132 0.0245444 0.0930439 0.0277272 0.0729317 0.00323685 0.108992
9.9973E-05 0.228867 0.401147 9.9973E-05 0.114336 9.9973E-05 0.0908757 0.0427229 0.0118767 0.109874
0.0431443 0.030213 0.537176 9.9991E-05 0.0613702 0.00259674 0.068001 0.104486 0.0101908 0.142723
0.0679345 0.148029 0.443238 0.0401718 0.0161452 0.0151462 0.108375 0.076579 9.9991E-05 0.084281
0.0911596 0.0694963 0.501832 9.9982E-05 0.010902 0.0421374 0.145344 0.0733347 0.065594 9.9982E-05
0.032228 0.109325 0.477864 9.9982E-05 0.0396918 0.010119 0.140529 0.169731 0.0203121 9.9982E-05
0.214578 9.9955E-05 0.445216 9.9955E-05 9.9955E-05 0.107678 9.9955E-05 9.9955E-05 0.0898363 0.142192
0.0221376 0.113574 0.522938 0.0639024 9.9991E-05 0.0356363 0.0829116 0.0900827 0.0584544 0.0102628
0.0619249 0.107254 9.9991E-05 0.00331246 0.0252455 0.00632305 0.122199 0.287606 0.151244 0.234791
0.0130556 0.0502012 0.592122 9.9982E-05 0.0441999 9.9982E-05 0.0437187 0.0957513 0.0693185 0.0914332
0.0338251 0.0613996 0.52234 0.0819517 0.0396219 0.00469854 0.111388 0.128272 9.9991E-05 0.0164034
0.000123615 0.0836974 0.494077 0.0545985 9.9991E-05 0.0320824 0.138091 0.0905561 0.0319028 0.0747716
0.081572 0.133426 0.268505 0.0298334 9.9982E-05 9.9982E-05 0.0681779 0.165707 0.116936 0.135643
0.0279686 0.112571 0.514167 9.9973E-05 0.040778 9.9973E-05 0.11796 0.0854174 9.9973E-05 0.100837
0.0917734 0.0660274 0.538699 9.9982E-05 0.0621295 0.058333 0.079849 0.0848931 0.0180954 9.9982E-05
0.0236932 0.328355 9.9955E-05 9.9955E-05 9.9955E-05 9.9955E-05 0.072645 0.506062 0.0687457 9.9955E-05
0.0118716 0.145375 0.463178 0.0204844 0.0423359 0.0433162 0.139032 0.0512255 0.00593409 0.0772478
0.0120133 0.119412 0.550313 0.010886 0.0177182 0.016011 0.140473 0.0871385 0.0315755 0.0144604
0.00110013 0.0522221 0.546598 0.0523823 9.9991E-05 0.038073 0.0909154 0.0774245 0.0462013 0.0949836
0.00730849 0.116684 0.548298 9.9964E-05 0.0438611 9.9964E-05 0.163209 0.120239 9.9964E-05 9.9964E-05
0.00538797 0.144311 0.469935 0.00648573 0.0553103 0.0118935 0.0971954 9.9991E-05 0.119716 0.0896661
0.455474 0.015021 0.413385 0.0464697 0.0553526 9.9973E-05 0.0127996 9.9973E-05 9.9973E-05 0.00119819
0.17647 0.070459 0.494618 0.0672953 9.9982E-05 0.0292914 0.0403711 9.9982E-05 0.0959142 0.0253814
0.941431 9.9955E-05 9.9955E-05 0.0329215 0.00714777 0.00542097 9.9955E-05 9.9955E-05 9.9955E-05 0.0125788
0.958923 0.0182141 9.9937E-05 9.9937E-05 9.9937E-05 9.9937E-05 9.9937E-05 9.9937E-05 9.9937E-05 0.0221635
0.355947 0.0866257 0.488577 9.9964E-05 0.0292202 9.9964E-05 0.0203242 9.9964E-05 0.0189063 9.9964E-05
0.0783613 0.0987792 0.3316 9.9973E-05 0.0189911 9.9973E-05 0.283274 0.0734561 0.115238 9.9973E-05
0.195579 0.147949 0.358296 9.9955E-05 9.9955E-05 9.9955E-05 0.226068 0.0716081 9.9955E-05 9.9955E-05
0.244821 0.101552 0.189994 9.9964E-05 0.0393424 9.9964E-05 0.246019 0.177872 9.9964E-05 9.9964E-05
0.162294 0.11751 0.372816 9.9955E-05 9.9955E-05 9.9955E-05 0.198322 0.148559 9.9955E-05 9.9955E-05
0.673017 0.0963407 0.0614468 9.9973E-05 9.9973E-05 9.9973E-05 0.0364725 0.0833726 0.0474878 0.0015625
0.680563 0.0736807 0.121453 9.9955E-05 9.9955E-05 9.9955E-05 0.0313222 0.0924816 9.9955E-05 9.9955E-05
0.337395 9.9973E-05 0.536952 0.00158774 0.00948141 9.9973E-05 0.0484863 9.9973E-05 0.0109245 0.0548728
0.474723 0.0531118 0.342646 9.9955E-05 0.0274872 9.9955E-05 0.101532 9.9955E-05 9.9955E-05 9.9955E-05
0.691341 0.0447112 0.21216 9.9964E-05 0.0242696 9.9964E-05 0.0248445 0.00227317 9.9964E-05 9.9964E-05
0.300883 0.0417909 0.547972 9.9982E-05 0.0149009 0.00522739 0.0160655 0.0214593 9.9982E-05 0.0515008
0.29688 0.0238489 0.595254 9.9955E-05 9.9955E-05 0.0289081 0.0546093 9.9955E-05 9.9955E-05 9.9955E-05
0.255092 0.0118931 0.462393 0.0540576 0.0775949 9.9991E-05 0.0694721 0.0255474 0.0218486 0.022001
0.675137 0.00547732 0.285671 9.9955E-05 9.9955E-05 9.9955E-05 0.0175152 9.9955E-05 9.9955E-05 0.0157004
0.50917 0.0241317 0.389199 9.9955E-05 9.9955E-05 0.0446345 9.9955E-05 9.9955E-05 9.9955E-05 0.0323651
0.290894 0.000515516 0.514848 0.00262263 9.9991E-05 0.02543 0.0137658 0.04102 0.051713 0.0590917
0.379472 0.0177521 0.434836 0.0223738 0.0162812 0.0631042 0.0204488 9.9991E-05 0.0400383 0.00559323
0.265452 0.103136 0.446017 0.0298988 9.9973E-05 0.0191079 0.0501456 9.9973E-05 9.9973E-05 0.0859423
0.476786 9.9964E-05 0.467462 0.00288068 9.9964E-05 0.0144467 9.9964E-05 0.0296292 9.9964E-05 0.00839563
0.809876 0.0143495 0.171634 9.9946E-05 9.9946E-05 0.00354124 9.9946E-05 9.9946E-05 9.9946E-05 9.9946E-05
0.354199 0.00359921 0.629599 9.9955E-05 0.00989949 0.00220348 9.9955E-05 9.9955E-05 9.9955E-05 9.9955E-05
0.75197 9.9964E-05 0.169044 0.0141075 9.9964E-05 0.0412379 9.9964E-05 9.9964E-05 0.0137427 0.00949731
0.507961 0.0333012 0.439503 0.000926436 9.9964E-05 0.0130557 9.9964E-05 9.9964E-05 9.9964E-05 0.00485275
0.339187 0.0868558 0.507351 9.9964E-05 0.0178839 0.0326795 9.9964E-05 9.9964E-05 0.0156429 9.9964E-05
0.331654 0.0428861 0.462206 0.0584498 0.0071093 0.0533477 0.0440467 9.9973E-05 9.9973E-05 9.9973E-05
0.0695816 0.184986 0.467935 0.0154202 0.0436177 0.00370983 0.0843299 9.9991E-05 0.0839014 0.0464176
0.104816 0.0741398 0.46478 9.9991E-05 0.0406896 0.0601063 0.11125 0.0509941 0.0815536 0.0115709
0.0812536 0.118313 0.317271 9.9973E-05 0.054547 9.9973E-05 0.236042 0.107351 0.0849215 9.9973E-05
0.084982 0.138315 0.328595 0.00666164 0.0455242 9.9991E-05 0.200504 0.0907854 0.0937851 0.0107473
9.9982E-05 0.0922978 0.397486 9.9982E-05 0.00911113 0.106321 0.180476 0.0508873 0.096543 0.066677
0.177188 0.141717 0.436743 0.0464172 9.9982E-05 0.00553616 0.120153 0.0602423 0.0118037 9.9982E-05
0.697408 0.166566 9.9946E-05 9.9946E-05 9.9946E-05 9.9946E-05 0.0923613 0.0430644 9.9946E-05 9.9946E-05
0.127476 0.0516399 0.501517 9.9973E-05 0.0164118 9.9973E-05 0.202362 0.0207972 0.0794961 9.9973E-05
0.4129 0.248394 9.9946E-05 9.9946E-05 9.9946E-05 9.9946E-05 0.067002 0.271104 9.9946E-05 9.9946E-05
0.297507 0.0627686 0.504879 9.9955E-05 9.9955E-05 9.9955E-05 0.123952 0.0103926 9.9955E-05 9.9955E-05
0.891695 9.9928E-05 0.107505 9.9928E-05 9.9928E-05 9.9928E-05 9.9928E-05 9.9928E-05 9.9928E-05 9.9928E-05
