0.768425 9.9964E-05 0.0221084 9.9964E-05 9.9964E-05 0.0288303 0.0126418 0.0404431 0.127152 9.9964E-05
0.699498 9.9937E-05 9.9937E-05 9.9937E-05 9.9937E-05 9.9937E-05 9.9937E-05 0.0331405 0.266662 9.9937E-05
0.609205 0.0454494 0.0244324 9.9964E-05 9.9964E-05 9.9964E-05 9.9964E-05 0.0205146 0.273932 0.0260671
0.641277 9.9955E-05 0.118272 0.0352807 9.9955E-05 9.9955E-05 9.9955E-05 0.0566741 0.147997 9.9955E-05
0.794958 9.9946E-05 0.0841314 0.00247422 9.9946E-05 9.9946E-05 9.9946E-05 9.9946E-05 0.117837 9.9946E-05
0.634274 0.0417653 0.125229 0.0399124 0.0288989 0.0125644 9.9982E-05 0.0382123 9.9982E-05 0.0789437
0.788483 9.99572E-05 0.0385404 0.0278295 9.99572E-05 9.99572E-05 9.99572E-05 0.0350146 9.99572E-05 0.109633
0.692827 9.9982E-05 0.0452271 0.0755429 0.00810115 0.0158841 9.9982E-05 0.0223518 0.00632148 0.133545
0.73833 9.99639E-05 9.99639E-05 0.110634 9.99639E-05 9.99639E-05 0.00952968 0.0183795 0.0938 0.0289267
0.771147 9.9973E-05 0.0787494 0.043178 0.0214874 0.00302122 9.9973E-05 0.00809247 9.9973E-05 0.0740246
0.709476 9.9955E-05 0.117788 0.0432721 9.9955E-05 9.9955E-05 9.9955E-05 9.9955E-05 0.0401014 0.0888627
9.9937E-05 9.9937E-05 9.9937E-05 9.9937E-05 9.9937E-05 0.0403478 0.945802 9.9937E-05 0.0131505 9.9937E-05
0.00230538 9.9964E-05 0.444556 9.9964E-05 9.9964E-05 0.0276189 0.468456 0.0329472 0.0237164 9.9964E-05
9.9937E-05 9.9937E-05 0.0145354 9.9937E-05 9.9937E-05 0.0912954 0.89347 9.9937E-05 9.9937E-05 9.9937E-05
0.0175369 9.9946E-05 0.0589704 9.9946E-05 9.9946E-05 0.124047 0.798846 9.9946E-05 9.9946E-05 9.9946E-05
0.0271538 9.9964E-05 0.28868 9.9964E-05 9.9964E-05 0.105203 0.509352 0.0123813 0.0568301 9.9964E-05
0.0229786 9.99755E-05 0.452105 9.99755E-05 0.0404192 0.0707618 0.366957 0.0155353 9.99755E-05 0.0309426
9.9955E-05 0.0645201 0.288945 9.9955E-05 9.9955E-05 0.066809 0.551004 0.0282222 9.9955E-05 9.9955E-05
0.0660367 9.9973E-05 0.0732155 9.9973E-05 9.9973E-05 0.0633902 0.714962 0.0173363 0.0386682 0.0260915
0.0149372 9.9946E-05 9.9946E-05 0.0234909 9.9946E-05 9.9946E-05 0.926294 9.9946E-05 9.9946E-05 0.0346779
9.9982E-05 0.0486888 0.30444 0.00159995 0.0591316 0.0392921 0.506399 0.0228462 9.9982E-05 0.0174029
9.9973E-05 0.0306269 0.362857 9.9973E-05 0.0380476 0.0156066 0.38155 0.013507 9.9973E-05 0.157504
9.9982E-05 0.0729506 0.477648 0.0107182 0.00897562 0.0560487 0.322748 0.033135 0.0175757 9.9982E-05
0.0304603 9.9955E-05 0.0789369 9.9955E-05 9.9955E-05 0.0408313 0.846604 0.00266803 9.9955E-05 9.9955E-05
0.0145005 0.0160476 0.565365 0.0332671 0.0590323 0.0723955 0.162392 0.0141428 0.0367715 0.0260854
0.00406037 9.9955E-05 0.420932 9.9955E-05 9.9955E-05 0.00286505 0.524283 9.9955E-05 0.0473599 9.9955E-05
0.0165863 9.9946E-05 0.0325457 9.9946E-05 9.9946E-05 9.9946E-05 0.908579 9.9946E-05 0.041689 9.9946E-05
9.9946E-05 9.9946E-05 0.051475 9.9946E-05 9.9946E-05 0.0696722 0.851355 9.9946E-05 0.026898 9.9946E-05
9.9937E-05 9.9937E-05 0.0336426 9.9937E-05 9.9937E-05 9.9937E-05 0.912326 9.9937E-05 9.9937E-05 0.0533315
9.99201E-05 9.99201E-05 9.99201E-05 9.99201E-05 9.99201E-05 9.99201E-05 9.99201E-05 0.999101 9.99201E-05 9.99201E-05
9.99201E-05 9.99201E-05 9.99201E-05 9.99201E-05 9.99201E-05 9.99201E-05 9.99201E-05 0.999101 9.99201E-05 9.99201E-05
0.335923 9.9964E-05 0.0467075 0.00848682 9.9964E-05 0.0754085 9.9964E-05 0.378719 0.154355 9.9964E-05
0.48267 9.9955E-05 0.114421 9.9955E-05 9.9955E-05 0.0950177 9.9955E-05 0.283476 0.0239146 9.9955E-05
0.0362766 0.210362 0.463826 0.084779 9.9982E-05 9.9982E-05 0.0250961 0.0357833 0.00815633 0.135521
0.101273 0.293521 0.495256 0.0165673 0.0144891 0.0298017 0.0487919 9.9973E-05 9.9973E-05 9.9973E-05
0.0234356 0.402029 0.565932 0.0080035 9.9946E-05 9.9946E-05 9.9946E-05 9.9946E-05 9.9946E-05 9.9946E-05
0.0420908 0.0434172 0.0619597 0.207719 0.0202831 9.9973E-05 0.616996 9.9973E-05 0.0072341 9.9973E-05
9.9955E-05 0.53251 0.285581 9.9955E-05 0.0321523 9.9955E-05 9.9955E-05 0.0104457 9.9955E-05 0.138812
0.0616903 0.20436 0.491179 9.9973E-05 0.0189371 0.0412964 0.178392 0.00384512 9.9973E-05 9.9973E-05
0.0117714 0.236234 0.677053 9.9973E-05 9.9973E-05 0.0118806 9.9973E-05 0.00248428 0.0209572 0.0393199
0.068362 0.0823351 0.543454 0.00411042 9.9982E-05 9.9982E-05 0.0433072 0.0194438 0.00610948 0.232678
0.0901528 0.0804107 0.580824 0.0227318 9.9982E-05 0.0128338 0.131041 0.00962708 9.9982E-05 0.0721796
0.0289458 0.636051 0.0987873 0.0162253 9.9955E-05 9.9955E-05 0.219491 9.9955E-05 9.9955E-05 9.9955E-05
0.0228343 9.9964E-05 0.657129 0.0218203 9.9964E-05 9.9964E-05 0.0328689 0.0152571 9.9964E-05 0.24969
0.0723343 0.255342 0.567876 0.0394997 9.9982E-05 0.00937612 9.9982E-05 0.00288575 0.0159504 0.0365365
0.0345724 0.100952 0.530059 0.0287204 0.0351714 0.0451583 0.0478133 0.0183204 0.0719558 0.0872773
9.9946E-05 0.581924 0.330687 9.9946E-05 0.0494643 9.9946E-05 9.9946E-05 9.9946E-05 9.9946E-05 0.0373251
0.041107 0.277736 0.574259 9.9973E-05 9.9973E-05 0.00598414 0.0321884 0.0172488 0.0511762 9.9973E-05
0.0752649 0.193865 0.544597 9.9991E-05 0.0606109 0.015001 0.00236342 0.0106847 0.0517805 0.0457325
9.9946E-05 0.635809 9.9946E-05 0.00300818 0.0265005 9.9946E-05 9.9946E-05 9.9946E-05 9.9946E-05 0.334083
9.9964E-05 0.0403618 0.0864819 0.28072 0.0260919 9.9964E-05 0.485841 9.9964E-05 9.9964E-05 0.0801034
9.9982E-05 0.0746946 0.0803128 0.0314876 0.142231 0.0364347 0.403695 9.9982E-05 0.00750904 0.223435
0.0687111 0.0287647 0.557696 0.0789121 0.0763038 0.0344518 0.0412725 0.0144069 0.0407473 0.0587335
0.0352928 0.0326089 0.57034 0.0125523 0.0479569 0.0431068 0.0988591 9.9991E-05 0.0512511 0.107932
0.0193126 0.00847061 0.529445 0.0157291 0.0666372 0.0619707 0.191573 0.0159318 0.0566992 0.0342308
0.0994315 0.0526777 0.16915 0.22646 9.9973E-05 9.9973E-05 0.375297 9.9973E-05 0.0182926 0.0583909
9.9964E-05 9.9964E-05 0.492907 0.121189 0.0175471 0.00380595 0.335194 0.0289573 9.9964E-05 9.9964E-05
0.0429303 0.131958 0.489796 0.0254303 0.0541018 0.0411132 0.14175 9.9982E-05 0.0727198 9.9982E-05
0.110743 0.0086954 0.358186 0.0832721 0.0696365 9.9973E-05 0.313115 9.9973E-05 9.9973E-05 0.0560512
0.130757 0.0517006 0.0304476 0.106527 9.9991E-05 0.0132029 0.536254 0.0112519 0.034963 0.0847963
0.0472443 0.062909 0.523736 0.0447919 0.0461297 0.0348453 0.172694 9.9991E-05 0.0666786 0.000871145
0.0532112 0.0928169 0.414378 0.0528818 0.0370424 0.0107223 0.286871 0.0168159 0.0351604 9.9991E-05
0.025772 0.0418377 9.9964E-05 0.134285 9.9964E-05 9.9964E-05 0.661304 0.0415536 9.9964E-05 0.0948471
9.9964E-05 0.0522022 0.328693 0.0668987 0.0442912 9.9964E-05 0.492333 0.0151822 9.9964E-05 9.9964E-05
0.0609776 0.0262372 0.546384 0.0055087 0.0981405 0.0231029 0.165691 0.0012502 9.9991E-05 0.0726081
9.9964E-05 9.9964E-05 0.579913 0.063382 9.9964E-05 9.9964E-05 0.182479 0.0208701 0.0660903 0.0868649
0.0279743 0.0865717 0.176971 0.0174622 0.0258286 9.9991E-05 0.541526 0.0456393 0.0514281 0.0264989
0.0198742 0.038955 0.43692 0.0560676 0.0610046 0.032642 0.312701 0.0416351 9.9982E-05 9.9982E-05
9.9982E-05 0.0688682 0.482743 0.0853363 0.0666354 0.0633231 0.147706 0.0226268 0.062561 9.9982E-05
9.9982E-05 0.0134302 0.106748 0.0800586 0.0399186 9.9982E-05 0.623645 0.0319144 0.0459272 0.0581579
9.9973E-05 0.454314 0.452563 0.000171256 9.9973E-05 0.00800958 0.0516545 0.0102887 0.0226982 9.9973E-05
9.9964E-05 0.717554 0.142897 0.00848798 9.9964E-05 9.9964E-05 0.0692431 0.0186573 0.0427605 9.9964E-05
0.0421647 0.267281 0.540436 0.0797324 9.9982E-05 0.00197701 9.9982E-05 0.0262364 0.0404812 0.00149131
9.9955E-05 0.848165 9.9955E-05 9.9955E-05 0.0209587 0.00418873 9.9955E-05 0.00249227 9.9955E-05 0.123696
9.9937E-05 0.814567 9.9937E-05 9.9937E-05 0.0777623 9.9937E-05 9.9937E-05 9.9937E-05 9.9937E-05 0.106972
9.9946E-05 0.676011 0.231967 9.9946E-05 0.0635336 9.9946E-05 9.9946E-05 9.9946E-05 9.9946E-05 0.0278888
9.9964E-05 0.418203 0.421095 0.0517679 9.9964E-05 9.9964E-05 0.0409377 0.0219259 0.0456705 9.9964E-05
0.0686334 0.135053 0.55189 0.0665303 0.0506112 0.0414588 0.0368266 9.9991E-05 0.0117497 0.0371463
0.000718971 0.46411 0.460757 9.9973E-05 0.00636278 0.0305962 0.0283458 9.9973E-05 9.9973E-05 0.00880958
0.0367192 0.573308 0.084707 0.0331694 9.9973E-05 9.9973E-05 0.252497 0.00121429 0.0180855 9.9973E-05
9.9964E-05 0.549755 0.246295 0.0538997 9.9964E-05 9.9964E-05 0.116767 0.0274317 0.00545152 9.9964E-05
0.0599835 0.228078 0.508862 0.0293751 0.0183713 0.0341837 0.050447 0.0304269 0.023901 0.016372
0.0175947 0.528593 0.319953 0.00508103 9.9973E-05 9.9973E-05 0.0932291 0.0196287 0.0156213 9.9973E-05
9.9964E-05 0.428797 0.428488 0.00780696 9.9964E-05 9.9964E-05 0.0894711 0.0211152 0.0239215 9.9964E-05
9.9946E-05 0.442957 0.463876 9.9946E-05 0.0126396 9.9946E-05 9.9946E-05 9.9946E-05 9.9946E-05 0.0799272
9.9937E-05 0.652832 9.9937E-05 9.9937E-05 0.110779 9.9937E-05 9.9937E-05 9.9937E-05 9.9937E-05 0.235689
9.9973E-05 0.300931 0.576164 0.0200373 9.9973E-05 0.0322911 9.9973E-05 0.0102211 0.0434908 0.0165649
0.639719 9.9964E-05 0.0587129 0.0477551 9.9964E-05 9.9964E-05 0.026819 0.04833 0.178264 9.9964E-05
0.878223 9.9946E-05 0.0546282 9.9946E-05 9.9946E-05 0.00535845 9.9946E-05 0.061191 9.9946E-05 9.9946E-05
0.821906 9.9946E-05 0.104731 9.9946E-05 9.9946E-05 0.0392192 9.9946E-05 0.0335442 9.9946E-05 9.9946E-05
0.901959 9.9955E-05 0.0304649 9.9955E-05 9.9955E-05 0.026465 9.9955E-05 0.0338098 0.00680135 9.9955E-05
0.858571 9.9964E-05 9.9964E-05 9.9964E-05 0.00700272 0.033148 0.00196745 0.0410137 0.0578973 9.9964E-05
0.847659 9.9955E-05 0.0740812 9.9955E-05 9.9955E-05 0.0461526 9.9955E-05 0.011899 0.0197086 9.9955E-05
0.903661 9.9937E-05 0.0807298 9.9937E-05 9.9937E-05 9.9937E-05 9.9937E-05 0.0149095 9.9937E-05 9.9937E-05
0.034302 0.211504 0.51785 0.0671051 0.0333536 0.0487825 0.0364488 0.0129444 0.0376096 9.9991E-05
0.0785763 0.149471 0.55008 0.0248538 0.0654107 0.0442616 0.0489617 0.0204502 0.0178348 9.9991E-05
0.0627315 0.698491 0.0115469 0.0659733 9.9955E-05 9.9955E-05 0.160758 9.9955E-05 9.9955E-05 9.9955E-05
0.0116942 0.13586 0.576598 0.0621074 0.0355425 0.0253177 0.0397939 0.0300971 0.0659152 0.0170744
0.00495346 0.468713 0.344729 0.0361317 9.9973E-05 9.9973E-05 0.087224 0.0159756 0.0419733 9.9973E-05
0.0528859 0.367957 0.511783 0.0378651 0.00277919 9.9973E-05 0.00197117 0.0244587 9.9973E-05 9.9973E-05
9.9982E-05 0.228897 0.545522 0.015882 0.0477069 0.00630046 9.9982E-05 0.0307211 0.0257112 0.099059
9.9973E-05 0.366583 0.471132 9.9973E-05 0.0406408 0.0462394 0.0348989 0.00681574 0.0333901 9.9973E-05
0.0410129 0.649053 9.9955E-05 0.101899 9.9955E-05 9.9955E-05 0.197521 0.0100142 9.9955E-05 9.9955E-05
0.0917852 0.182205 0.507266 0.101205 0.0101211 9.9973E-05 9.9973E-05 0.0444979 9.9973E-05 0.06262
0.0970327 0.144473 0.596005 0.0338652 0.0118003 0.0628055 0.053718 9.9973E-05 9.9973E-05 9.9973E-05
0.0714028 0.101485 0.550773 0.0434902 0.0369551 0.0162 0.103687 0.0259644 9.9991E-05 0.049943
9.9973E-05 0.485232 0.229731 9.9973E-05 0.0545317 0.0447732 0.00133161 0.0140243 9.9973E-05 0.170075
0.0126732 0.431403 0.464596 9.9955E-05 0.0714535 0.0193741 9.9955E-05 9.9955E-05 9.9955E-05 9.9955E-05
0.00960891 0.412219 0.429301 0.0268702 9.9964E-05 9.9964E-05 0.108063 9.9964E-05 0.0135376 9.9964E-05
9.9955E-05 0.538546 0.388729 0.00446788 0.0607646 9.9955E-05 9.9955E-05 9.9955E-05 9.9955E-05 0.00699316
0.0515333 0.369502 0.443114 0.099829 9.9955E-05 9.9955E-05 0.0355221 9.9955E-05 9.9955E-05 9.9955E-05
0.0575398 0.121942 0.511446 0.0766823 0.0407473 0.014006 0.0918041 0.00555451 0.0113812 0.0688971
9.9973E-05 9.9973E-05 0.244355 0.164717 0.199519 0.0199343 0.269842 0.0222598 9.9973E-05 0.0790729
0.0355571 9.9964E-05 0.340731 0.154822 9.9964E-05 9.9964E-05 0.312586 9.9964E-05 0.0492572 0.106647
0.0919235 0.0032277 0.496833 0.101116 0.0349958 0.0530055 0.146138 0.0102712 0.0133534 0.0491355
0.0778703 0.0694565 0.592313 0.0644648 0.0188446 9.9982E-05 0.0398019 9.9982E-05 0.0559327 0.0811157
9.9973E-05 9.9973E-05 0.417478 0.173892 9.9973E-05 0.00486649 0.309612 0.0410147 0.00570467 0.0471318
0.048354 9.9982E-05 0.572285 0.115842 0.0176642 0.0179106 0.170278 9.9982E-05 0.0121801 0.0452865
0.0416362 0.00139841 0.420035 0.21815 9.9973E-05 9.9973E-05 0.301528 0.0161444 0.000808243 9.9973E-05
0.0160435 0.0595482 0.509758 0.0838396 0.0762043 0.0342524 0.094384 0.0124907 0.0516893 0.06179
0.0506023 0.0190511 0.598207 0.121946 0.0436788 0.0116946 0.102233 0.0314028 9.9991E-05 0.0210843
0.0357658 9.9973E-05 0.536105 0.135744 0.0108005 9.9973E-05 0.230197 0.00891939 9.9973E-05 0.0421684
9.9973E-05 0.0349839 0.543383 0.13474 0.0108519 9.9973E-05 0.253965 0.0124659 0.00931027 9.9973E-05
0.0519285 9.9982E-05 0.589923 0.103993 0.0654107 0.0408902 0.109143 9.9982E-05 0.00766602 0.0308449
0.119107 9.9991E-05 0.540363 0.0697307 0.107254 0.0459689 0.0250647 0.0129453 0.00194911 0.0775166
9.9982E-05 0.0263336 0.563103 0.101685 0.108158 0.0487678 0.111264 9.9982E-05 0.0177583 0.0227304
0.0385434 0.00627302 0.551713 0.0781588 0.103853 0.0434191 0.0775684 0.00239711 0.0433106 0.0547635
0.0103216 9.9973E-05 0.592739 0.10411 0.144736 0.0212992 0.121349 9.9973E-05 9.9973E-05 0.00514573
0.0495246 0.0391199 0.280717 0.13155 0.102415 0.0418632 0.175321 0.00115562 0.00707987 0.171253
0.0370543 9.9991E-05 0.647831 0.0728986 0.063672 0.0171311 0.046109 0.00642197 0.0219649 0.0868173
0.0047516 9.9982E-05 0.633123 0.0767744 0.0868164 9.9982E-05 0.0766343 0.0245217 0.0427288 0.0544502
9.9982E-05 0.0561631 0.115957 0.215834 0.0421417 0.0168934 0.515063 9.9982E-05 0.0299551 0.00779279
9.9964E-05 9.9964E-05 0.0894098 0.0704802 0.196628 0.0138291 0.412928 9.9964E-05 9.9964E-05 0.216325
0.0340346 0.050169 0.470425 0.0696844 0.0106469 0.0292108 0.283196 0.00925711 0.00858808 0.0347885
9.9964E-05 0.0844687 0.0395632 0.105238 0.266553 9.9964E-05 0.29727 9.9964E-05 9.9964E-05 0.206507
9.9955E-05 9.9955E-05 0.237928 0.163336 0.0276996 9.9955E-05 0.560313 0.0102229 9.9955E-05 9.9955E-05
9.9955E-05 0.00591495 0.37352 0.13524 0.0570485 9.9955E-05 0.427777 9.9955E-05 9.9955E-05 9.9955E-05
9.9973E-05 0.0488632 0.286251 0.213388 0.00075931 9.9973E-05 0.414044 0.0331262 0.00326886 9.9973E-05
9.9955E-05 0.00363776 0.270137 0.189726 0.0484692 9.9955E-05 0.48753 9.9955E-05 9.9955E-05 9.9955E-05
0.0164015 0.0369158 0.5576 0.0762274 0.0163332 9.9991E-05 0.241343 0.0078335 0.0164641 0.0307808
0.0649041 0.0303634 0.514065 0.0744359 0.0156748 0.0675418 0.164153 9.9991E-05 0.0198037 0.0489586
0.0246879 0.00651518 0.51494 0.0896232 0.0575238 0.0177181 0.234359 9.9991E-05 0.0272789 0.0272546
9.9964E-05 0.0380008 0.0970464 0.110671 0.190534 9.9964E-05 0.424522 9.9964E-05 9.9964E-05 0.138826
0.109843 0.0832643 0.497988 0.013265 0.0421722 0.0143257 0.132024 0.00568656 0.0601063 0.0413241
0.0612545 0.0460911 0.471198 0.0218766 0.0867612 0.0249253 0.0235535 9.9991E-05 0.0229789 0.241261
0.0758015 0.116178 9.9973E-05 0.039539 0.149639 9.9973E-05 0.0231249 9.9973E-05 0.00885839 0.58656
0.0625027 0.0628447 0.658359 0.00809588 0.00675788 0.0212637 0.0243424 0.0123437 0.0070053 0.136484
0.0392712 0.125369 0.298658 0.026974 0.0888876 0.0122545 0.0997586 0.00915786 9.9991E-05 0.299569
0.0379971 0.0301371 0.540855 0.00682131 0.0322189 0.00492585 0.0828726 0.0275866 0.0224893 0.214096
0.00839549 0.0929371 0.247605 0.0867676 0.0256526 9.9982E-05 0.089636 0.0196312 9.9982E-05 0.429176
0.00141704 0.069224 0.131803 0.131623 0.0967081 9.9982E-05 0.0519611 0.0161813 9.9982E-05 0.500883
0.0333601 0.105542 0.411837 0.0667335 0.0901732 9.9982E-05 0.0193574 0.0130422 9.9982E-05 0.259755
9.9982E-05 0.108312 0.450303 0.070878 0.10744 0.0563483 0.0486923 9.9982E-05 0.0969477 0.0608781
0.0590935 0.0365448 0.424172 0.0675175 9.9991E-05 0.0195057 0.100434 0.0197186 0.0506553 0.222259
0.0198964 0.116376 0.0583117 9.9982E-05 0.148635 0.0603302 0.290771 0.00465064 9.9982E-05 0.300828
0.0461881 0.0278333 0.513013 0.0840589 0.0477445 0.0543235 0.105593 0.00714354 0.016525 0.0975771
9.9955E-05 0.0650916 0.300418 9.9955E-05 0.146445 9.9955E-05 0.140394 9.9955E-05 9.9955E-05 0.347152
9.9964E-05 0.0910076 0.433887 0.0219021 0.130396 9.9964E-05 0.100629 9.9964E-05 9.9964E-05 0.221779
0.0543594 0.0376809 0.604707 0.0841118 9.9982E-05 0.0311694 0.0323708 0.00854601 9.9982E-05 0.146854
0.33374 9.9964E-05 0.168218 0.0029213 9.9964E-05 0.209123 9.9964E-05 0.0264084 9.9964E-05 0.259189
0.421519 9.9937E-05 9.9937E-05 9.9937E-05 9.9937E-05 0.143135 9.9937E-05 9.9937E-05 9.9937E-05 0.434647
0.379105 9.9955E-05 9.9955E-05 9.9955E-05 9.9955E-05 0.114856 9.9955E-05 0.0058571 0.0267166 0.472966
0.31333 9.9955E-05 0.110432 9.9955E-05 9.9955E-05 0.234962 9.9955E-05 0.0266499 9.9955E-05 0.314125
9.9973E-05 0.062106 0.599361 0.00217536 0.0560859 9.9973E-05 0.0789799 0.0177953 9.9973E-05 0.183196
0.0111775 0.0809774 0.533361 0.00502297 0.0616316 0.0511667 0.0457672 0.0169237 0.0503537 0.143618
9.9964E-05 0.0203354 0.290766 0.00126097 9.9964E-05 0.658043 0.0170649 0.012129 9.9964E-05 9.9964E-05
9.9964E-05 0.0474912 0.359252 0.053907 9.9964E-05 0.439261 0.075035 0.0246537 9.9964E-05 9.9964E-05
0.033287 0.0518661 0.409182 0.0475468 0.0241181 0.348719 0.0206627 0.0221193 0.0423991 9.9991E-05
9.9964E-05 0.0639525 0.23535 0.0138444 0.171091 9.9964E-05 0.0987767 9.9964E-05 9.9964E-05 0.416586
0.0636879 0.0917633 0.446601 0.0345416 0.0460205 0.0309132 0.0812852 0.0190792 0.0707932 0.115315
9.9955E-05 0.0180381 0.240676 9.9955E-05 0.0987223 9.9955E-05 0.153322 9.9955E-05 9.9955E-05 0.488742
9.9964E-05 0.00438284 0.575094 9.9964E-05 0.0711452 9.9964E-05 0.0847431 0.0222904 9.9964E-05 0.241945
0.058589 0.00783521 0.454194 0.0261277 0.11309 0.00513538 0.0917712 9.9982E-05 9.9982E-05 0.243057
9.9955E-05 9.9955E-05 0.596018 0.0280675 0.0332459 9.9955E-05 9.9955E-05 0.0174154 9.9955E-05 0.324753
9.9964E-05 0.0432648 0.217555 0.00112003 0.108919 9.9964E-05 0.0487963 9.9964E-05 9.9964E-05 0.579945
0.044387 0.0570316 0.644158 0.0113846 0.0641827 0.0168145 9.9982E-05 0.021713 9.9982E-05 0.140129
0.0769002 0.0362592 0.568638 0.0178714 0.050172 9.9991E-05 0.0652083 0.00986294 0.0184336 0.156555
9.9946E-05 0.0265439 0.0260999 9.9946E-05 9.9946E-05 0.935259 9.9946E-05 9.9946E-05 0.011497 9.9946E-05
9.99485E-05 9.99485E-05 0.0544536 9.99485E-05 0.0328319 0.911794 0.000320893 9.99485E-05 9.99485E-05 9.99485E-05
0.0143375 9.9964E-05 0.311014 0.0515137 9.9964E-05 0.515734 0.0882684 0.0187324 9.9964E-05 9.9964E-05
9.9946E-05 9.9946E-05 0.358174 0.0134957 9.9946E-05 0.617225 9.9946E-05 0.0105061 9.9946E-05 9.9946E-05
9.9964E-05 9.9964E-05 0.127398 0.0179996 9.9964E-05 0.80909 0.0266613 0.01619 0.00226148 9.9964E-05
9.99201E-05 9.99201E-05 9.99201E-05 9.99201E-05 9.99201E-05 0.999101 9.99201E-05 9.99201E-05 9.99201E-05 9.99201E-05
9.9928E-05 9.9928E-05 9.9928E-05 0.0534044 9.9928E-05 0.945796 9.9928E-05 9.9928E-05 9.9928E-05 9.9928E-05
9.9932E-05 9.9932E-05 0.157358 9.9932E-05 9.9932E-05 0.841842 9.9932E-05 9.9932E-05 9.9932E-05 9.9932E-05
9.9946E-05 0.00228698 9.9946E-05 0.048806 9.9946E-05 0.93456 9.9946E-05 0.0137469 9.9946E-05 9.9946E-05
9.99201E-05 9.99201E-05 9.99201E-05 9.99201E-05 9.99201E-05 0.999101 9.99201E-05 9.99201E-05 9.99201E-05 9.99201E-05
9.99201E-05 9.99201E-05 9.99201E-05 9.99201E-05 9.99201E-05 0.999101 9.99201E-05 9.99201E-05 9.99201E-05 9.99201E-05
9.9955E-05 9.9955E-05 0.203194 0.000832084 9.9955E-05 0.747379 0.0246243 9.9955E-05 0.0234709 9.9955E-05
0.020567 9.9964E-05 0.109101 0.0334719 9.9964E-05 0.793936 0.0106552 9.9964E-05 0.0318696 9.9964E-05
9.99201E-05 9.99201E-05 9.99201E-05 9.99201E-05 9.99201E-05 0.999101 9.99201E-05 9.99201E-05 9.99201E-05 9.99201E-05
0.0727791 0.029458 0.352061 0.0492191 0.0155877 0.352343 0.0598064 0.0194965 9.9991E-05 0.0491492
0.0220838 0.000710958 0.251402 0.0332682 0.00368345 0.630102 0.00931072 0.0232038 0.0261343 9.9991E-05
9.9937E-05 9.9937E-05 0.175863 9.9937E-05 9.9937E-05 0.777976 9.9937E-05 9.9937E-05 0.0454609 9.9937E-05
9.9937E-05 9.9937E-05 0.0717328 0.00861919 9.9937E-05 0.918948 9.9937E-05 9.9937E-05 9.9937E-05 9.9937E-05
9.99201E-05 9.99201E-05 9.99201E-05 9.99201E-05 9.99201E-05 0.999101 9.99201E-05 9.99201E-05 9.99201E-05 9.99201E-05
9.9937E-05 9.9937E-05 0.0534781 9.9937E-05 9.9937E-05 0.943761 9.9937E-05 9.9937E-05 0.00206161 9.9937E-05
9.9928E-05 9.9928E-05 9.9928E-05 9.9928E-05 9.9928E-05 0.998329 9.9928E-05 0.000871543 9.9928E-05 9.9928E-05
0.00835166 0.0353246 0.215595 0.0306758 9.9982E-05 0.641941 0.017937 0.029059 0.0209152 9.9982E-05
9.9946E-05 0.0234551 0.00709053 9.9946E-05 9.9946E-05 0.952469 9.9946E-05 0.016386 9.9946E-05 9.9946E-05
0.236301 9.9955E-05 0.0141141 9.9955E-05 0.0499926 0.0441277 9.9955E-05 9.9955E-05 9.9955E-05 0.654964
0.161232 9.9982E-05 0.350111 0.000992793 9.9982E-05 0.0776955 0.0661934 0.0239658 0.011376 0.308234
0.106316 9.9973E-05 0.480381 0.0188443 0.0282863 0.0448972 9.9973E-05 0.0172412 9.9973E-05 0.303734
0.135545 9.9964E-05 0.220728 0.0427883 9.9964E-05 0.102795 9.9964E-05 0.00597707 9.9964E-05 0.491766
0.112669 0.0597596 0.399628 0.0190615 0.0250997 0.133645 0.112581 0.0202782 9.9991E-05 0.117178
0.16616 9.9973E-05 0.165912 0.00690599 0.00171686 0.0871112 9.9973E-05 0.0288574 9.9973E-05 0.543037
0.109004 0.00302615 0.440285 0.0627854 0.0180902 0.0640187 0.0702211 0.00586006 0.0347273 0.191982
0.0394599 0.000668804 0.320155 0.0112728 9.9982E-05 0.124244 0.00490642 9.9982E-05 0.0775675 0.421526
0.116408 9.9982E-05 0.473655 0.0231817 0.0145634 0.0987649 9.9982E-05 0.0352373 0.00376891 0.234221
0.105934 0.0235195 0.370671 9.9982E-05 9.9982E-05 0.100444 0.00213875 0.0259676 0.0451953 0.32593
0.0898454 0.0249288 0.431492 9.9991E-05 0.0282367 0.12316 0.0366379 0.0285707 0.0190126 0.218016
0.753086 0.00461327 0.0462379 0.00648953 9.9964E-05 9.9964E-05 9.9964E-05 9.9964E-05 0.170017 0.019157
0.752238 9.9964E-05 9.9964E-05 9.9964E-05 0.0115975 0.0611754 9.9964E-05 0.0397832 0.132394 0.00241224
0.75303 9.9946E-05 9.9946E-05 0.0195638 9.9946E-05 9.9946E-05 9.9946E-05 0.0397327 0.187074 9.9946E-05
0.871478 0.0105976 9.9964E-05 9.9964E-05 9.9964E-05 9.9964E-05 0.00166608 0.000913445 0.111533 0.00341254
0.750336 9.9955E-05 0.0486434 9.9955E-05 9.9955E-05 9.9955E-05 0.0323964 0.0428592 0.125265 9.9955E-05
0.731768 9.9937E-05 9.9937E-05 9.9937E-05 9.9937E-05 9.9937E-05 9.9937E-05 0.043253 0.22428 9.9937E-05
0.762172 9.9964E-05 0.0464309 0.00561428 9.9964E-05 0.00117352 9.9964E-05 0.0572404 0.126969 9.9964E-05
0.765004 9.9955E-05 9.9955E-05 0.023694 0.01024 9.9955E-05 9.9955E-05 0.048588 0.151974 9.9955E-05
0.784772 0.0197013 0.0250591 9.9982E-05 9.9982E-05 0.0192743 0.00050725 0.0262295 0.101904 0.0223526
0.707088 9.9964E-05 9.9964E-05 0.02084 9.9964E-05 0.0167045 9.9964E-05 0.0269474 0.199481 0.0285391
0.578869 0.079243 9.9964E-05 0.202943 9.9964E-05 9.9964E-05 0.0397783 9.9964E-05 0.0274886 0.0712779
0.585071 0.0205852 9.9973E-05 0.252861 0.010152 9.9973E-05 0.0903366 0.0211273 9.9973E-05 0.0195664
0.480456 0.0543161 9.9973E-05 0.176036 9.9973E-05 9.9973E-05 0.141469 0.0115138 0.0400488 0.0958605
0.472563 0.0320829 9.9955E-05 0.218745 9.9955E-05 9.9955E-05 0.193553 9.9955E-05 9.9955E-05 0.0825571
0.0547641 0.285281 0.433935 0.0305815 9.9982E-05 9.9982E-05 0.127848 0.03984 0.0173221 0.010228
0.0631546 0.353386 0.479069 0.0032027 0.0318607 9.9973E-05 0.0534807 0.0155466 9.9973E-05 9.9973E-05
9.9973E-05 0.1806 0.510951 0.0767771 0.011606 0.0067843 0.195397 9.9973E-05 0.0175849 9.9973E-05
0.0349638 0.272778 0.334002 0.110065 9.9964E-05 9.9964E-05 0.226314 0.0214779 9.9964E-05 9.9964E-05
9.9964E-05 0.0192871 0.108761 0.24855 0.0493217 9.9964E-05 0.536264 9.9964E-05 9.9964E-05 0.0374153
0.00390855 0.142423 0.648907 0.0236224 0.0913888 0.00600285 0.0475112 0.00837015 0.027766 9.9991E-05
9.9955E-05 0.255898 0.594761 0.083704 9.9955E-05 0.010586 0.0545511 9.9955E-05 9.9955E-05 9.9955E-05
9.9973E-05 0.238255 0.540183 0.0120101 0.0842848 9.9973E-05 0.0614273 0.00463077 9.9973E-05 0.0589092
9.9955E-05 0.543867 0.352151 9.9955E-05 0.0659252 0.0176089 9.9955E-05 9.9955E-05 9.9955E-05 0.0199485
0.0300079 0.124617 0.623182 0.0505382 0.058527 0.0377487 0.00906261 0.00503884 9.9991E-05 0.0611769
0.0157143 0.480082 0.404829 0.0444077 9.9964E-05 9.9964E-05 0.0369924 0.0175745 9.9964E-05 9.9964E-05
9.9937E-05 0.782048 9.9937E-05 9.9937E-05 0.140655 9.9937E-05 9.9937E-05 9.9937E-05 9.9937E-05 0.0765975
0.0917938 0.108241 0.494536 0.0415578 0.0597157 0.00508131 0.185194 0.0136803 9.9982E-05 9.9982E-05
9.9946E-05 0.592715 0.166443 9.9946E-05 0.102577 9.9946E-05 9.9946E-05 9.9946E-05 9.9946E-05 0.137666
9.9964E-05 0.357387 0.505822 9.9964E-05 0.0682015 9.9964E-05 0.0171768 0.0184463 0.0325665 9.9964E-05
0.0135645 0.637958 0.0910696 0.0215221 9.9955E-05 9.9955E-05 0.235386 9.9955E-05 9.9955E-05 9.9955E-05
0.0662694 9.9955E-05 0.00604016 0.828029 9.9955E-05 9.9955E-05 9.9955E-05 9.9955E-05 0.0191506 0.0800111
9.9946E-05 9.9946E-05 0.0748642 0.820513 9.9946E-05 9.9946E-05 9.9946E-05 9.9946E-05 0.054899 0.0491246
9.9964E-05 0.0135399 0.0445781 0.839518 9.9964E-05 9.9964E-05 9.9964E-05 0.019872 0.0358286 0.0462638
0.0224911 0.00129498 9.9955E-05 0.827877 9.9955E-05 9.9955E-05 9.9955E-05 9.9955E-05 0.0653831 0.0824543
9.9946E-05 9.9946E-05 0.124994 0.806522 9.9946E-05 9.9946E-05 9.9946E-05 9.9946E-05 0.0130661 0.0548176
9.9964E-05 9.9964E-05 0.0909582 0.80053 9.9964E-05 0.0345064 9.9964E-05 0.0086467 0.00892575 0.0560336
0.842006 0.00816874 0.0672085 0.00268438 9.9973E-05 0.0257211 9.9973E-05 0.0186466 0.0352646 9.9973E-05
0.841812 9.9946E-05 0.137304 0.00680535 0.0134782 9.9946E-05 9.9946E-05 9.9946E-05 9.9946E-05 9.9946E-05
0.759399 9.9973E-05 0.169427 9.9973E-05 0.00139468 0.0125835 0.00170165 0.0187342 0.0364603 9.9973E-05
0.848369 0.0347326 0.0337289 9.9955E-05 9.9955E-05 0.0684692 9.9955E-05 9.9955E-05 0.0142005 9.9955E-05
0.790637 9.99495E-05 0.158893 9.99495E-05 9.99495E-05 0.0377366 9.99495E-05 0.0121335 9.99495E-05 9.99495E-05
0.358004 0.00546019 9.9964E-05 0.511416 9.9964E-05 9.9964E-05 9.9964E-05 0.00272348 0.0252829 0.096713
0.402304 9.9964E-05 9.9964E-05 0.522322 0.0242808 0.0172511 9.9964E-05 0.0242759 9.9964E-05 0.00916659
0.362318 9.9982E-05 0.00880212 0.473941 0.0295519 0.014044 0.0354202 0.0322229 0.0434996 9.9982E-05
9.99201E-05 9.99201E-05 9.99201E-05 9.99201E-05 9.99201E-05 9.99201E-05 9.99201E-05 0.999101 9.99201E-05 9.99201E-05
0.299968 0.0846968 9.9973E-05 0.48627 0.0218965 9.9973E-05 0.000281192 0.0398836 0.0667033 9.9973E-05
0.204498 9.9955E-05 0.26618 9.9955E-05 9.9955E-05 0.297669 9.9955E-05 9.9955E-05 0.0518916 0.179261
0.107238 9.9982E-05 0.548001 0.010158 9.9982E-05 0.166112 0.0510391 0.0144227 0.0495274 0.0533014
0.156592 9.9955E-05 0.558853 9.9955E-05 9.9955E-05 0.230308 9.9955E-05 0.00220491 0.0515423 9.9955E-05
0.23531 9.9955E-05 0.343395 9.9955E-05 9.9955E-05 0.235798 9.9955E-05 9.9955E-05 0.0205579 0.16444
0.0780329 0.0394458 0.543823 0.0424594 0.00500245 0.0790893 0.0424486 0.0486052 0.0638845 0.0572092
0.383386 9.9964E-05 9.9964E-05 9.9964E-05 0.0168029 0.314514 9.9964E-05 0.0114012 0.0134994 0.259996
9.9973E-05 0.00366205 0.398847 0.203212 0.0773541 9.9973E-05 0.278209 9.9973E-05 0.00680027 0.031615
9.9973E-05 0.0482871 0.424648 0.0853445 0.138744 9.9973E-05 0.164128 0.00460367 9.9973E-05 0.133946
9.9973E-05 0.0105065 0.183513 0.154281 0.0283246 9.9973E-05 0.591292 0.0181176 9.9973E-05 0.0136653
9.9964E-05 0.0491714 0.49148 0.0551413 0.1717 9.9964E-05 0.170136 9.9964E-05 9.9964E-05 0.0619722
9.9955E-05 0.0581598 9.9955E-05 0.133649 0.299735 9.9955E-05 0.209173 9.9955E-05 9.9955E-05 0.298783
0.0754861 9.9991E-05 0.546379 0.0324192 0.057357 0.0200038 0.160165 0.00652771 0.0306982 0.0708643
0.0356007 9.9982E-05 0.471196 0.0400074 0.170342 0.0303808 0.179978 0.00962394 9.9982E-05 0.0626719
9.9982E-05 0.00544453 0.290386 0.183917 0.0204769 9.9982E-05 0.414073 0.00267639 0.00595632 0.0768692
0.0992934 0.0558529 0.489921 0.0632199 0.025313 0.0238906 0.200801 9.9982E-05 9.9982E-05 0.0415085
9.9964E-05 0.0807819 0.0451547 0.011046 0.17998 9.9964E-05 0.470975 9.9964E-05 9.9964E-05 0.211662
0.0215389 0.0520147 0.494992 0.0778338 0.113966 9.9982E-05 0.197216 9.9982E-05 0.0107375 0.0315006
0.03535 0.0488692 0.437556 0.109933 0.0953214 9.9982E-05 0.262993 0.00652535 0.00325195 9.9982E-05
0.108051 0.0670986 0.378559 9.9982E-05 0.0568976 0.132509 0.134541 9.9982E-05 0.0132288 0.108915
9.9973E-05 0.0721886 0.253313 0.0601764 0.123787 0.0141149 0.357945 9.9973E-05 9.9973E-05 0.118176
9.9982E-05 0.0638091 0.368986 0.0768033 0.104616 0.0220721 0.211558 0.0022428 9.9982E-05 0.149713
9.9964E-05 9.9964E-05 0.562984 0.138618 0.103909 0.0144325 0.107955 9.9964E-05 9.9964E-05 0.0717018
9.9964E-05 0.025189 0.49842 0.0748661 0.0952642 9.9964E-05 0.221585 9.9964E-05 9.9964E-05 0.0842764
9.9982E-05 0.0022511 0.628997 0.0737329 0.0696667 0.0415471 0.0636168 0.0268923 9.9982E-05 0.0930965
0.0360251 0.0333325 0.564206 0.0531245 0.0480227 9.9991E-05 0.124287 0.00896458 0.0791633 0.0527739
0.0639971 0.0788453 0.533152 0.0565797 0.0289199 9.9991E-05 0.196059 0.0117828 0.00261082 0.027953
9.99201E-05 9.99201E-05 9.99201E-05 9.99201E-05 9.99201E-05 9.99201E-05 9.99201E-05 9.99201E-05 0.999101 9.99201E-05
9.99201E-05 9.99201E-05 9.99201E-05 9.99201E-05 9.99201E-05 9.99201E-05 9.99201E-05 9.99201E-05 0.999101 9.99201E-05
0.377692 9.9955E-05 9.9955E-05 0.0508198 9.9955E-05 9.9955E-05 9.9955E-05 0.0357005 0.508679 0.0266089
0.0267164 9.9937E-05 9.9937E-05 9.9937E-05 9.9937E-05 9.9937E-05 9.9937E-05 0.0171249 0.955459 9.9937E-05
9.9937E-05 9.9937E-05 9.9937E-05 0.0270241 9.9937E-05 9.9937E-05 9.9937E-05 0.0203124 0.951964 9.9937E-05
0.0335875 0.0202203 0.0209107 0.132564 0.00603823 0.0112858 0.697671 0.0138183 0.000421669 0.0634829
0.0529046 0.029066 0.486314 0.0775521 0.108685 0.0294237 0.176471 9.9982E-05 9.9982E-05 0.0393846
0.137441 0.0576091 0.356373 0.0305979 0.0173635 0.239668 0.0238199 0.0166895 0.0264218 0.0940159
9.9991E-05 0.0612832 0.619383 0.110351 0.00402388 0.0372033 0.146016 0.0146968 0.00628441 0.000657896
9.9973E-05 0.0172943 0.426719 0.124946 9.9973E-05 0.0135452 0.388909 0.00119754 0.0270894 9.9973E-05
9.9964E-05 0.0520251 0.237396 0.0917499 0.151887 9.9964E-05 0.310455 9.9964E-05 9.9964E-05 0.156086
0.0443652 0.0212876 9.9982E-05 0.257538 0.00851506 9.9982E-05 0.624271 0.0194071 0.00519329 0.0192229
9.9973E-05 0.0355949 0.432395 0.17784 9.9973E-05 0.00330485 0.281582 0.00791819 0.0610647 9.9973E-05
0.0168578 9.9982E-05 0.157775 0.248287 9.9982E-05 0.0370091 0.5069 0.00723548 0.0205831 0.00515357
0.0489792 0.088887 0.44645 0.0408976 0.0769943 0.0131516 0.189943 0.000160539 0.0122509 0.0822854
0.0227521 9.9973E-05 0.0502164 0.210901 0.0503827 9.9973E-05 0.568209 9.9973E-05 0.0761954 0.0210427
0.0384585 9.9982E-05 0.4895 0.0893117 0.0216204 0.071984 0.227503 0.0146052 0.0468168 9.9982E-05
0.0158672 0.0547412 0.0400167 0.145049 9.9991E-05 0.00568461 0.629386 0.0210871 0.0279639 0.0601048
9.9973E-05 0.0382047 0.178939 0.0293478 0.162959 0.104835 0.378575 9.9973E-05 9.9973E-05 0.106841
9.9982E-05 0.0450341 0.524505 0.0857808 0.0784562 9.9982E-05 0.044311 0.0227792 0.0625272 0.136406
9.9964E-05 0.0528507 0.290366 0.00787662 0.0451268 9.9964E-05 0.0979441 9.9964E-05 9.9964E-05 0.505436
9.9964E-05 0.0552693 0.574954 0.0123924 0.0168268 9.9964E-05 0.0265415 9.9964E-05 9.9964E-05 0.313616
0.031721 0.0602446 0.526059 0.0711812 0.0384988 0.0094683 0.0200305 0.00686979 0.0399766 0.195951
9.9964E-05 0.0782081 0.261676 0.0392469 0.0502124 9.9964E-05 0.0234858 9.9964E-05 9.9964E-05 0.546771
0.0156575 0.0567669 0.527523 0.051631 0.0671906 0.0170622 0.0548202 0.0404823 0.0482933 0.120573
9.9964E-05 0.0577679 0.505944 0.0850977 0.05952 9.9964E-05 9.9964E-05 9.9964E-05 0.0207948 0.270476
9.9955E-05 0.146619 0.141823 0.0235963 0.139498 9.9955E-05 9.9955E-05 9.9955E-05 9.9955E-05 0.547964
9.9955E-05 0.0679564 0.20439 0.064374 0.0406709 9.9955E-05 9.9955E-05 9.9955E-05 9.9955E-05 0.622109
9.9973E-05 0.0289738 0.458343 0.0642811 0.0190224 9.9973E-05 0.0577648 0.010876 9.9973E-05 0.360439
9.9955E-05 0.218261 0.0586663 0.0882279 0.0925121 9.9955E-05 9.9955E-05 9.9955E-05 9.9955E-05 0.541833
9.9964E-05 0.0650175 0.452312 0.0419961 0.00367555 9.9964E-05 0.0783938 9.9964E-05 9.9964E-05 0.358205
9.9964E-05 0.0295409 0.0210982 0.208049 9.9964E-05 0.00891151 0.708405 9.9964E-05 0.0235963 9.9964E-05
9.9973E-05 0.0457677 0.0743688 0.0702429 0.292607 0.069414 0.430005 9.9973E-05 9.9973E-05 0.017294
9.9982E-05 0.0261401 0.299227 0.126112 0.0190625 0.0372052 0.402441 0.0315397 0.0580722 9.9982E-05
0.010329 0.0683722 0.51034 0.0792471 0.00561065 0.0416708 0.249108 9.9982E-05 0.0351225 9.9982E-05
9.9955E-05 0.107084 0.113085 0.216176 9.9955E-05 0.0363166 0.526839 9.9955E-05 9.9955E-05 9.9955E-05
0.067333 0.00806816 0.480294 0.0570622 0.0591235 0.0303828 0.190546 9.9982E-05 9.9982E-05 0.10699
9.9973E-05 9.9973E-05 0.483336 0.0794567 0.0495652 0.067011 0.241151 0.0117464 0.067433 9.9973E-05
9.9991E-05 0.0313211 0.468067 0.0836491 0.0659806 0.018864 0.272662 0.0129616 0.0118965 0.0344974
9.9973E-05 0.034307 0.426385 0.123433 0.0553909 0.0855677 0.272096 0.00252035 9.9973E-05 9.9973E-05
9.9973E-05 0.00884266 0.40279 0.188612 9.9973E-05 0.0305293 0.331465 0.00797698 0.0294843 9.9973E-05
9.9973E-05 0.0845369 0.157447 0.18164 0.0415852 0.0165151 0.485904 0.0320723 9.9973E-05 9.9973E-05
9.9973E-05 0.0365067 0.360423 0.1974 0.0455964 0.0485827 0.31082 0.000372394 9.9973E-05 9.9973E-05
9.9973E-05 0.0479021 0.571522 0.0949141 0.051728 9.9973E-05 0.152317 0.0124321 9.9973E-05 0.0688848
0.0595715 0.0503429 0.561507 0.0269241 0.029083 0.0527532 0.132314 9.9991E-05 0.0334583 0.0539467
9.9991E-05 0.0718111 0.237966 0.130532 0.0826292 0.114251 0.224295 0.0176026 0.038413 0.0824002
9.9964E-05 0.0746823 0.376716 0.102772 0.103842 0.109147 0.232441 9.9964E-05 9.9964E-05 9.9964E-05
9.9973E-05 0.0406441 0.261808 0.192622 9.9973E-05 0.0552175 0.42996 0.00478253 0.0146663 9.9973E-05
0.00862233 9.9973E-05 0.467505 0.0931284 0.0190726 0.0424457 0.341268 9.9973E-05 0.0276581 9.9973E-05
0.00763808 0.0423762 0.357396 0.0826667 0.03518 0.0751461 0.372309 9.9982E-05 0.0270874 9.9982E-05
0.0634108 9.9982E-05 0.480506 0.0583746 0.0335506 0.0829966 0.215976 0.016184 9.9982E-05 0.0488015
0.211607 9.9973E-05 0.431309 9.9973E-05 9.9973E-05 0.116127 0.0885317 0.00928041 0.103496 0.0393474
0.0477345 9.9973E-05 0.499268 9.9973E-05 9.9973E-05 0.138748 0.133662 0.0198665 0.0473762 0.113045
0.106811 0.0448456 0.490806 9.9982E-05 9.9982E-05 0.103562 0.0781501 0.0214779 0.0440708 0.110077
0.00764629 9.9991E-05 0.532503 0.0180859 0.106925 0.110764 0.0565079 0.0240337 0.0650473 0.0783866
0.153412 0.008091 0.450747 9.9982E-05 9.9982E-05 0.199264 0.0259236 0.011348 0.00949642 0.141517
9.9955E-05 9.9955E-05 0.462388 0.073038 0.162231 9.9955E-05 0.161854 9.9955E-05 9.9955E-05 0.139989
0.0889357 0.0701705 0.466594 0.02393 9.9982E-05 0.139282 0.0569844 0.0360941 9.9982E-05 0.11781
0.129183 9.9973E-05 0.00289384 9.9973E-05 0.0486969 0.170026 0.214919 9.9973E-05 0.0514339 0.382547
0.0309539 9.9982E-05 0.526617 0.00581051 9.9982E-05 0.119442 0.0780875 0.0233632 0.0656429 0.149882
0.0353177 9.9991E-05 0.517217 0.0255634 0.0126378 0.154688 0.0715744 0.0254473 0.070443 0.0870118
0.113158 0.0377505 0.53592 9.9982E-05 0.0799065 0.122087 0.0648343 0.0162743 9.9982E-05 0.0298701
0.111597 9.9982E-05 0.25932 9.9982E-05 0.117944 0.0944646 0.179124 0.0274 0.0157943 0.194157
0.137277 9.9973E-05 0.504762 9.9973E-05 9.9973E-05 0.11114 0.0910174 0.0113595 0.0434884 0.100656
0.10109 9.9973E-05 0.501709 0.0590185 0.0312345 0.133366 9.9973E-05 9.9973E-05 0.0395255 0.133756
0.412127 9.9955E-05 9.9955E-05 9.9955E-05 9.9955E-05 0.128085 9.9955E-05 0.00618117 0.0299857 0.423121
0.161034 0.0648426 0.468663 0.0198324 9.9991E-05 0.134952 0.0189703 0.0162401 0.0533858 0.0619805
0.0968504 9.9973E-05 0.518547 9.9973E-05 0.00400641 0.187969 9.9973E-05 0.00195303 0.0613458 0.129029
0.0603819 0.022904 0.571598 9.9982E-05 0.0774537 0.0754331 0.0998256 9.9982E-05 0.0347622 0.0574413
0.0954815 9.9973E-05 0.537857 9.9973E-05 0.0478441 0.166803 9.9973E-05 0.0124613 0.0563345 0.0829189
0.159812 0.047883 0.539252 9.9991E-05 0.00672711 0.0619498 0.0381598 0.0445219 0.0235588 0.0780358
9.9973E-05 0.0648457 0.393209 0.0280997 0.454907 0.0146273 9.9973E-05 0.00677735 0.0372338 9.9973E-05
0.0603993 0.0666409 0.455042 0.0547684 0.217823 0.0745721 0.0576157 0.0129383 9.9982E-05 9.9982E-05
9.9946E-05 0.00367418 9.9946E-05 0.0323517 0.914176 9.9946E-05 0.0491984 9.9946E-05 9.9946E-05 9.9946E-05
9.9964E-05 9.9964E-05 9.9964E-05 0.0104738 0.934913 9.9964E-05 0.0361536 0.00217159 0.0043914 0.0114965
0.100264 9.9973E-05 0.445081 9.9973E-05 0.319535 0.0298426 0.0850796 0.00785082 9.9973E-05 0.012048
0.121873 0.00937178 0.356974 9.9991E-05 0.0616822 0.284322 0.00571377 0.000824596 0.00149272 0.157646
0.188739 9.9955E-05 0.340359 9.9955E-05 0.218295 0.250625 9.9955E-05 9.9955E-05 9.9955E-05 0.00148224
0.177888 9.9955E-05 0.160772 9.9955E-05 0.258629 0.297404 9.9955E-05 9.9955E-05 9.9955E-05 0.104808
0.111926 9.9964E-05 0.330122 9.9964E-05 0.201767 0.258257 9.9964E-05 0.0365459 9.9964E-05 0.0609816
0.0792136 9.9964E-05 0.0558804 9.9964E-05 0.683301 0.043875 9.9964E-05 0.0130329 9.9964E-05 0.124297
0.0415604 9.9973E-05 0.0889847 9.9973E-05 0.699372 0.0695171 9.9973E-05 0.040467 0.0157084 0.0440906
0.0153762 9.9973E-05 0.557633 9.9973E-05 0.342885 0.0532756 0.0141306 9.9973E-05 0.0113998 0.00500002
0.0279682 9.9955E-05 0.344244 9.9955E-05 0.496753 0.0971058 9.9955E-05 9.9955E-05 0.0334292 9.9955E-05
0.0145232 9.9973E-05 0.201894 0.0130684 0.696319 0.0449381 9.9973E-05 0.0270655 0.00189155 9.9973E-05
0.0526249 9.9991E-05 0.505022 0.00898801 0.301541 0.0598419 0.0343834 0.0178687 0.0192358 0.000394615
0.0450415 9.9955E-05 0.55064 9.9955E-05 0.32311 0.05547 9.9955E-05 0.0252382 9.9955E-05 9.9955E-05
0.0271764 0.0427661 0.506836 0.00350385 0.254489 0.0302131 9.9982E-05 9.9982E-05 0.0644613 0.0703544
9.9964E-05 0.0131681 0.304244 0.00317753 0.667294 9.9964E-05 0.00891336 0.00280402 9.9964E-05 9.9964E-05
0.00289932 9.9973E-05 0.371201 0.0199413 0.515384 9.9973E-05 0.0747138 0.0116396 9.9973E-05 0.0039207
0.051508 0.000621963 0.505825 0.0421236 0.321677 9.9973E-05 0.0558413 9.9973E-05 0.0221024 9.9973E-05
9.9982E-05 0.0396455 0.448875 0.114045 0.332364 0.00395665 0.0278029 0.0225018 9.9982E-05 0.0106087
0.106673 0.0586925 0.52007 0.0386316 0.162202 0.0147911 0.0389311 9.9982E-05 9.9982E-05 0.0598092
9.99696E-05 0.0761275 0.424816 9.99696E-05 0.450045 9.99696E-05 9.99696E-05 0.00294379 0.0234879 0.0221797
9.9955E-05 0.0112154 0.164434 0.0265817 0.79513 9.9955E-05 9.9955E-05 0.00213982 9.9955E-05 9.9955E-05
9.9937E-05 9.9937E-05 0.633189 9.9937E-05 0.35002 9.9937E-05 9.9937E-05 0.0160913 9.9937E-05 9.9937E-05
9.9955E-05 0.00454515 0.165998 0.044928 0.7705 9.9955E-05 0.0135291 9.9955E-05 9.9955E-05 9.9955E-05
9.9955E-05 9.9955E-05 0.421355 0.0384905 0.512668 9.9955E-05 9.9955E-05 0.00439431 0.0225922 9.9955E-05
0.0562543 0.0189531 0.498849 0.0239748 0.293376 9.9991E-05 0.0474221 0.00925674 0.00600191 0.0458124
0.0530335 0.0856454 0.500773 0.000417976 0.303972 9.9973E-05 0.00155659 9.9973E-05 0.054302 9.9973E-05
0.130565 0.0538001 0.464918 0.0183988 0.0660665 0.143162 0.0300272 0.0327786 0.0165022 0.0437819
0.083637 0.0557148 0.433442 9.9991E-05 0.0759381 0.12332 0.0621389 0.042237 0.010322 0.11315
0.0511711 9.9982E-05 0.304638 9.9982E-05 0.0906247 0.236605 0.0371558 0.0297885 0.0984255 0.151391
0.119919 0.0249477 0.301056 9.9991E-05 0.133098 0.224149 0.0168521 0.0473969 0.0226928 0.109789
0.150274 0.0237551 0.498234 0.036809 0.0484226 0.120166 0.0204106 0.0148418 0.0302204 0.0568669
0.155861 0.0164437 0.455932 0.0227709 0.169269 0.115225 9.9982E-05 0.0284937 9.9982E-05 0.0358047
0.17789 9.9955E-05 9.9955E-05 9.9955E-05 0.659638 0.0996526 9.9955E-05 0.00788553 9.9955E-05 0.0544343
0.0189946 0.0282506 0.482902 0.0100366 0.138777 0.183371 9.9991E-05 0.00367006 0.104769 0.0291292
0.306905 9.9946E-05 9.9946E-05 9.9946E-05 0.371271 0.0915075 9.9946E-05 9.9946E-05 9.9946E-05 0.229717
0.063118 9.9955E-05 0.4686 9.9955E-05 0.295506 0.150246 9.9955E-05 9.9955E-05 0.0220296 9.9955E-05
9.9928E-05 9.9928E-05 0.0809856 9.9928E-05 0.918215 9.9928E-05 9.9928E-05 9.9928E-05 9.9928E-05 9.9928E-05
