0.0512449 9.9955E-05 9.9955E-05 0.0495058 9.9955E-05 0.874327 0.0102592 9.9955E-05 9.9955E-05 0.0141637
0.0353799 9.9964E-05 9.9964E-05 0.0176815 0.00953705 0.915683 9.9964E-05 9.9964E-05 0.00680059 0.0145183
0.0134036 9.9973E-05 0.0591811 0.000619064 0.0327468 0.851068 0.0106803 9.9973E-05 0.0320008 9.9973E-05
0.0416008 9.9973E-05 0.131817 9.9973E-05 9.9973E-05 0.779325 0.00485792 0.00891718 0.0175165 0.0156655
9.9937E-05 9.9937E-05 0.0791424 9.9937E-05 9.9937E-05 0.912806 0.00735218 9.9937E-05 9.9937E-05 9.9937E-05
0.0293499 9.9973E-05 0.0282994 0.0534786 9.9973E-05 0.619017 0.00528477 0.241429 9.9973E-05 0.0228423
0.0239921 9.9937E-05 9.9937E-05 9.9937E-05 9.9937E-05 0.7383 9.9937E-05 0.237009 9.9937E-05 9.9937E-05
0.0263973 9.9955E-05 9.9955E-05 0.0100323 9.9955E-05 0.688594 0.0277792 0.246697 9.9955E-05 9.9955E-05
0.0220462 9.99549E-05 9.99549E-05 9.99549E-05 9.99549E-05 0.800065 0.0141671 9.99549E-05 0.0378559 0.125366
9.9955E-05 9.9955E-05 0.0257925 0.0158056 9.9955E-05 0.742044 9.9955E-05 0.204491 9.9955E-05 0.0113668
0.0209517 9.9946E-05 0.0531704 9.9946E-05 9.9946E-05 0.710535 9.9946E-05 0.214743 9.9946E-05 9.9946E-05
9.9973E-05 9.9973E-05 0.180538 0.0324878 0.029199 0.0178793 9.9973E-05 0.121379 0.00827205 0.609945
0.01181 0.0119146 0.556777 9.9982E-05 0.0170281 0.0437175 0.000972928 0.045317 9.9982E-05 0.312263
9.9955E-05 9.9955E-05 0.237941 0.0655792 9.9955E-05 9.9955E-05 9.9955E-05 0.0350167 0.0604972 0.600466
9.9955E-05 9.9955E-05 0.251758 0.129708 9.9955E-05 0.0271202 9.9955E-05 9.9955E-05 0.0326169 0.558298
0.0277432 9.9964E-05 0.408069 0.0799957 9.9964E-05 0.0899851 9.9964E-05 0.0724966 9.9964E-05 0.321311
0.00200555 0.0162645 0.507021 0.0816344 9.9982E-05 0.0115447 9.9982E-05 0.0752194 0.0355575 0.270553
0.0381903 0.0240056 0.481416 0.0222796 0.0560406 9.9973E-05 9.9973E-05 0.0240838 9.9973E-05 0.353685
0.0145175 9.9973E-05 0.262316 0.0351188 9.9973E-05 0.0588347 9.9973E-05 0.0408025 0.0815456 0.506565
9.9955E-05 9.9955E-05 0.00753126 0.00387562 9.9955E-05 0.0290578 9.9955E-05 0.213541 9.9955E-05 0.745495
9.9964E-05 9.9964E-05 0.426144 9.9964E-05 0.0542993 0.0378969 9.9964E-05 0.0905268 0.02312 0.367613
0.00395516 0.0460405 0.435208 0.0210155 0.101932 9.9982E-05 9.9982E-05 0.13651 0.10716 0.147978
0.0357568 9.9973E-05 0.523655 9.9973E-05 0.102493 9.9973E-05 0.00864623 0.0840674 0.0172705 0.227812
0.0127707 9.9973E-05 0.202658 0.0732347 0.0482924 0.0221355 9.9973E-05 0.110307 9.9973E-05 0.530301
9.999E-05 0.00665791 0.593228 0.0676809 0.0342479 0.0911325 0.0130289 0.0467465 0.0133803 0.133797
9.9955E-05 9.9955E-05 0.522104 9.9955E-05 0.0164379 9.9955E-05 9.9955E-05 0.109107 0.0391037 0.312747
0.00932099 9.9973E-05 0.202766 0.00933401 0.0212502 0.0439401 9.9973E-05 0.103746 9.9973E-05 0.609343
9.9964E-05 9.9964E-05 0.253498 0.0625962 0.0363633 0.0433004 9.9964E-05 0.0533716 9.9964E-05 0.55047
9.9955E-05 9.9955E-05 0.185984 0.0121317 0.00688608 9.9955E-05 9.9955E-05 0.213412 9.9955E-05 0.581087
0.999101 9.99201E-05 9.99201E-05 9.99201E-05 9.99201E-05 9.99201E-05 9.99201E-05 9.99201E-05 9.99201E-05 9.99201E-05
0.999101 9.99201E-05 9.99201E-05 9.99201E-05 9.99201E-05 9.99201E-05 9.99201E-05 9.99201E-05 9.99201E-05 9.99201E-05
0.362258 9.9982E-05 0.0584249 0.0731041 0.00224312 0.484618 0.0092481 9.9982E-05 0.00807636 0.00182664
0.29652 9.9955E-05 0.136319 0.0581519 9.9955E-05 0.481063 9.9955E-05 9.9955E-05 0.0274459 9.9955E-05
0.0250327 9.9973E-05 0.459572 9.9973E-05 0.170203 0.0545895 0.0875866 0.166402 9.9973E-05 0.0363141
0.01211 0.0133989 0.503882 0.0633877 0.262588 0.0510542 9.9991E-05 0.0172652 0.0125901 0.0636239
9.9955E-05 9.9955E-05 0.532439 0.029393 0.395606 9.9955E-05 0.0136533 0.0284085 9.9955E-05 9.9955E-05
9.9964E-05 0.0159194 0.183999 9.9964E-05 0.0119365 0.05002 0.0110322 9.9964E-05 9.9964E-05 0.726693
0.0174849 0.00933868 0.236661 0.00560237 0.624445 9.9973E-05 9.9973E-05 0.040083 0.066085 9.9973E-05
0.0161654 9.9964E-05 0.524538 9.9964E-05 0.213604 0.105472 9.9964E-05 9.9964E-05 0.0162523 0.123569
9.9964E-05 9.9964E-05 0.678141 0.000641092 0.199774 0.0343978 0.026722 0.0599237 9.9964E-05 9.9964E-05
0.0101597 9.9973E-05 0.464781 0.00515446 9.9973E-05 0.0781568 0.0129483 0.392245 9.9973E-05 0.0362551
0.0123808 9.9973E-05 0.552014 0.0125689 0.0421365 0.0922929 9.9973E-05 0.177115 9.9973E-05 0.111192
0.0110587 9.9964E-05 0.145828 9.9964E-05 0.642558 0.0166284 0.00462906 9.9964E-05 9.9964E-05 0.178899
9.9973E-05 0.00770079 0.577204 9.9973E-05 9.9973E-05 0.0657341 0.00160892 0.314643 0.0242127 0.00859721
9.9973E-05 0.0326477 0.549133 0.0696965 0.177444 0.0484777 0.0601289 0.0621723 9.9973E-05 9.9973E-05
0.0310822 9.9982E-05 0.613399 9.9982E-05 0.0940327 0.0371464 0.0439862 0.103829 0.0665427 0.00978159
9.9946E-05 0.029181 0.347381 9.9946E-05 0.593768 9.9946E-05 9.9946E-05 9.9946E-05 0.0290698 9.9946E-05
0.026573 9.9973E-05 0.610782 9.9973E-05 0.248049 0.0753941 0.0194283 9.9973E-05 0.00997474 0.00949968
0.0359767 0.0154457 0.505194 0.0294154 0.224933 0.104677 0.0506167 0.0181912 0.000409708 0.0151407
9.9946E-05 0.0676718 9.9946E-05 9.9946E-05 0.680186 9.9946E-05 9.9946E-05 0.1349 0.116643 9.9946E-05
9.9964E-05 0.0498648 0.156856 9.9964E-05 0.047709 9.9964E-05 0.0825364 0.0817524 9.9964E-05 0.580882
9.9973E-05 0.135219 0.12441 0.0319242 0.153782 9.9973E-05 9.9973E-05 0.128782 0.123895 0.301689
0.00733329 0.0395054 0.570681 0.0599296 0.0309046 0.0827384 9.9991E-05 0.0073951 0.0331421 0.16827
0.0240866 0.0502034 0.591308 0.034513 9.9991E-05 0.0153603 0.0258621 0.0901106 0.0468333 0.121623
9.9973E-05 0.044906 0.618838 9.9973E-05 0.0275964 0.0312647 9.9973E-05 0.00570014 0.165709 0.105687
0.0191178 9.9982E-05 0.191804 9.9982E-05 0.0836859 0.10508 0.0619762 0.0327154 0.0384976 0.466923
0.0247217 0.0152295 0.537276 9.9973E-05 0.0240994 9.9973E-05 0.0467065 9.9973E-05 0.0439896 0.307677
0.0147736 0.00616765 0.515591 0.0602811 0.113623 0.047531 0.0429739 0.0713406 0.00903623 0.118682
0.0168528 0.0415156 0.417502 9.9991E-05 0.0502855 0.0980656 0.0236468 0.0807944 0.0291073 0.24213
0.000100233 9.9991E-05 0.106601 0.0194779 0.052322 0.135102 0.041172 0.160779 0.00442443 0.479921
0.0188429 0.0204875 0.561131 0.016825 0.100261 0.0592782 9.9991E-05 0.0453636 0.0192995 0.158411
0.0117926 0.033536 0.441227 0.0361336 0.0706189 0.0361987 0.0371758 0.00350616 0.0671085 0.262703
0.0356834 0.00507565 0.0481641 9.9991E-05 0.0936161 0.0474024 0.0301365 0.142596 0.0142648 0.582961
0.00438613 0.049443 0.417311 9.9982E-05 0.0870319 9.9982E-05 0.0244292 0.0192155 0.00902642 0.388957
0.0191478 0.128327 0.53199 0.0365604 0.0759623 0.0151477 0.037395 9.9991E-05 0.0384617 0.116908
0.0401272 9.9982E-05 0.648659 9.9982E-05 0.0199613 0.0439733 0.00550169 0.035307 0.0501555 0.156115
0.0622384 9.9982E-05 0.2517 0.0387243 0.080972 0.0228467 9.9982E-05 0.0722169 0.0339203 0.437181
0.0525636 0.0951464 0.496053 0.00639715 0.0641763 0.0220067 0.0328884 0.00785578 0.00384302 0.219069
0.00460559 0.0289666 0.538047 0.0429324 0.0707321 0.017894 0.0280858 0.0410875 0.0505404 0.177108
0.0361904 0.0418378 0.201929 9.9991E-05 0.100199 0.0201978 0.0347512 0.0197148 0.0329681 0.512111
0.00685704 9.9955E-05 0.500314 9.9955E-05 0.453925 9.9955E-05 0.0176348 9.9955E-05 9.9955E-05 0.0207694
0.017936 9.9964E-05 0.190333 0.00740361 0.712065 0.0100102 9.9964E-05 9.9964E-05 9.9964E-05 0.0618521
0.0464953 9.9982E-05 0.461683 0.0497405 0.283141 0.0345155 0.0234468 9.9982E-05 0.0565146 0.0442629
9.9946E-05 0.0795637 9.9946E-05 0.0041078 0.874027 9.9946E-05 9.9946E-05 9.9946E-05 0.0417013 9.9946E-05
9.9937E-05 0.0782497 9.9937E-05 9.9937E-05 0.88711 9.9937E-05 9.9937E-05 9.9937E-05 0.0339408 9.9937E-05
9.9937E-05 0.0357931 0.249845 9.9937E-05 0.713663 9.9937E-05 9.9937E-05 9.9937E-05 9.9937E-05 9.9937E-05
0.0320854 9.9955E-05 0.457909 9.9955E-05 0.450311 9.9955E-05 0.024598 9.9955E-05 9.9955E-05 0.0345964
9.9982E-05 0.00414448 0.558993 0.0340883 0.134775 0.113797 0.0199052 9.9982E-05 0.0820312 0.0520662
9.9955E-05 9.9955E-05 0.433674 0.0326279 0.517417 9.9955E-05 9.9955E-05 0.0120973 9.9955E-05 0.00368418
9.9955E-05 9.9955E-05 0.154094 9.9955E-05 0.598683 0.0431149 0.0581554 9.9955E-05 9.9955E-05 0.145454
0.00986286 9.9955E-05 0.270574 9.9955E-05 0.535436 9.9955E-05 0.0420425 9.9955E-05 9.9955E-05 0.141585
0.0434895 0.0243918 0.54859 0.0136562 0.269213 0.0384845 0.0509614 9.9982E-05 9.9982E-05 0.0110142
0.0156643 9.9964E-05 0.327336 9.9964E-05 0.521318 0.0397023 0.0316306 9.9964E-05 9.9964E-05 0.0639486
0.0558948 9.9955E-05 0.447227 9.9955E-05 0.399355 0.00237359 9.9955E-05 9.9955E-05 9.9955E-05 0.0946505
0.000240519 0.0183921 0.468873 9.9973E-05 0.45092 9.9973E-05 0.0206615 0.0163435 0.0242691 9.9973E-05
9.9946E-05 0.160598 9.9946E-05 9.9946E-05 0.706717 9.9946E-05 9.9946E-05 0.000250841 0.131834 9.9946E-05
0.00144204 0.00057704 0.619292 0.0161103 0.276381 0.0185245 9.9982E-05 0.0317507 0.035723 9.9982E-05
0.0499995 9.9964E-05 0.089474 9.9964E-05 9.9964E-05 0.789122 0.0555882 9.9964E-05 0.0143043 0.00111171
0.0579669 9.9946E-05 0.0623855 9.9946E-05 9.9946E-05 0.874594 9.9946E-05 9.9946E-05 0.00445375 9.9946E-05
0.0507459 9.9955E-05 0.117805 0.0304626 9.9955E-05 0.798132 9.9955E-05 9.9955E-05 0.00235445 9.9955E-05
0.0434917 9.9955E-05 0.028574 0.0467307 9.9955E-05 0.876513 9.9955E-05 9.9955E-05 0.0041907 9.9955E-05
0.0364531 9.9946E-05 9.9946E-05 0.0457604 9.9946E-05 0.912538 9.9946E-05 0.004649 9.9946E-05 9.9946E-05
0.0220362 0.0150355 0.0830135 0.0410122 9.9964E-05 0.830302 0.00820095 9.9964E-05 9.9964E-05 9.9964E-05
0.0197147 9.9937E-05 0.0729017 9.9937E-05 9.9937E-05 0.906684 9.9937E-05 9.9937E-05 9.9937E-05 9.9937E-05
0.0233577 0.0522194 0.558208 0.0198701 0.197599 0.060046 9.9991E-05 0.00420947 0.0122289 0.0721613
0.0354705 0.0449524 0.572678 0.0236124 0.156264 0.082422 9.9982E-05 9.9982E-05 0.0241216 0.0602791
9.9955E-05 9.9955E-05 0.050648 9.9955E-05 0.68685 0.0440946 0.0482406 9.9955E-05 9.9955E-05 0.169667
0.0115846 0.0174055 0.545021 0.0419495 0.155765 0.0747304 0.0857844 0.0480142 9.9991E-05 0.0196459
0.0153161 9.9964E-05 0.373042 9.9964E-05 0.47245 0.0238177 0.0348313 9.9964E-05 9.9964E-05 0.0801433
0.0153329 9.9982E-05 0.5132 9.9982E-05 0.378564 0.0619349 0.0057854 0.00964697 0.0075226 0.00781319
0.0261479 0.0370308 0.541318 0.0216318 0.269785 0.0239001 9.9973E-05 0.0798861 9.9973E-05 9.9973E-05
0.00235297 0.033063 0.49764 0.0372045 0.379109 0.0502304 9.9964E-05 9.9964E-05 9.9964E-05 9.9964E-05
9.9946E-05 9.9946E-05 9.9946E-05 9.9946E-05 0.666122 0.0575671 0.0327868 9.9946E-05 9.9946E-05 0.242924
0.0306802 0.0594929 0.512392 9.9982E-05 0.20113 0.0611351 0.033105 9.9982E-05 0.025172 0.0766923
0.00375492 0.00987345 0.635869 0.0211391 0.114081 0.0593824 0.0207334 0.0393379 0.00893121 0.0868977
0.0218669 0.0542481 0.555212 9.9991E-05 0.0671286 0.0705201 0.0238224 0.0775438 0.054183 0.0753757
0.0139115 0.101801 0.219748 0.00754352 0.517426 9.9991E-05 0.00328084 0.0658275 0.0573613 0.0130007
0.00359543 0.0255397 0.488225 9.9964E-05 0.469351 9.9964E-05 0.010356 0.00253336 9.9964E-05 9.9964E-05
9.9955E-05 9.9955E-05 0.433739 9.9955E-05 0.388931 0.00696485 0.0796442 9.9955E-05 9.9955E-05 0.0902215
9.9955E-05 0.03761 0.376689 0.0191821 0.551178 9.9955E-05 0.0148404 9.9955E-05 9.9955E-05 9.9955E-05
9.9973E-05 0.00897832 0.420909 9.9973E-05 0.351304 0.0444746 0.0157671 0.0266736 9.9973E-05 0.131594
0.0310586 0.0314316 0.493884 0.0211354 0.201352 0.0603001 0.04591 0.0269824 0.0108216 0.0771246
0.00481315 0.153579 0.295959 0.00958426 9.9973E-05 9.9973E-05 0.0254632 9.9973E-05 0.132185 0.378116
9.9955E-05 9.9955E-05 0.411459 9.9955E-05 9.9955E-05 0.0946155 0.0571593 0.134646 9.9955E-05 0.301621
9.9982E-05 0.00726938 0.537389 0.0543232 0.103755 0.0927274 9.9982E-05 0.0185825 0.0128882 0.172866
0.00744822 0.0360105 0.538238 0.0131227 0.0501975 0.0927517 9.9991E-05 0.10081 0.0395502 0.121771
0.0124483 9.9982E-05 0.460943 9.9982E-05 0.0240426 0.0112219 0.0472676 0.0387847 0.00483543 0.400256
9.9973E-05 0.0652032 0.609712 0.0139863 9.9973E-05 0.0125701 0.0352364 0.0420397 9.9973E-05 0.220952
9.9964E-05 0.0115889 0.459303 9.9964E-05 9.9964E-05 0.0315611 0.079021 0.0277645 9.9964E-05 0.390361
0.0301565 0.0461531 0.516864 9.9991E-05 0.032164 0.024134 0.0419022 0.0722655 0.11657 0.119691
0.000737638 0.0570453 0.608007 0.0213746 0.0219718 0.0341266 0.0662539 9.9991E-05 0.0457904 0.144593
0.0114633 0.03961 0.547387 9.9982E-05 9.9982E-05 0.0559841 0.0303602 0.0262201 0.00682566 0.28195
9.9973E-05 0.0203505 0.559277 9.9973E-05 0.0214286 0.0242451 0.0598717 0.0586764 9.9973E-05 0.255851
0.00545941 0.107838 0.603186 9.9982E-05 9.9982E-05 0.0539903 0.0161789 0.0416913 0.0425942 0.128861
0.00672422 0.0336824 0.581463 0.0631653 0.0156496 0.0595724 0.0161138 0.0782295 0.0293447 0.116055
9.9964E-05 0.062993 0.595133 0.0574733 9.9964E-05 9.9964E-05 9.9964E-05 0.0415928 0.02391 0.218498
0.0132741 0.100768 0.541031 0.0128495 9.9991E-05 0.0796821 0.0446417 0.0713424 0.0391052 0.0972061
0.00393778 0.0845016 0.574348 0.0313541 0.0154558 9.9991E-05 0.0745697 0.00638808 0.0584052 0.150939
0.0274105 0.0544247 0.3283 0.0108554 0.0279397 0.00384752 0.0239733 0.0533815 0.180871 0.288996
0.0249206 0.0812397 0.608358 0.034614 0.00811171 0.0276333 9.9982E-05 9.9982E-05 0.0426354 0.172287
0.000231696 0.132544 0.640978 0.0126015 9.9982E-05 9.9982E-05 0.0433929 0.0537534 0.0235577 0.0927419
9.9973E-05 0.0358265 0.220097 9.9973E-05 0.0563975 0.0322355 0.0354002 0.0469459 9.9973E-05 0.572797
9.9973E-05 0.211859 0.147994 9.9973E-05 0.0910877 9.9973E-05 0.0730593 0.0270559 0.147267 0.301376
9.9982E-05 0.0611559 0.52762 9.9982E-05 0.0571756 0.0518345 0.0319396 0.0360751 0.0390563 0.194943
9.9964E-05 0.250748 0.0443631 9.9964E-05 0.136854 9.9964E-05 9.9964E-05 0.0955678 0.0749292 0.397138
0.015217 0.0213746 0.31923 9.9973E-05 9.9973E-05 0.00437119 0.0251941 0.0251985 9.9973E-05 0.589115
9.9955E-05 0.026507 0.437812 9.9955E-05 0.0228715 9.9955E-05 9.9955E-05 0.00852015 9.9955E-05 0.50379
0.00429975 0.0198635 0.344306 9.9982E-05 0.0864249 0.00959393 0.0200529 9.9982E-05 0.00660134 0.508657
9.9964E-05 0.0335969 0.316418 9.9964E-05 0.00982903 9.9964E-05 0.0175108 0.0848886 9.9964E-05 0.537357
0.0184702 0.0222704 0.560789 9.9973E-05 0.0541564 0.0602094 9.9973E-05 0.0535281 9.9973E-05 0.230276
9.9982E-05 0.0639107 0.585281 0.00572143 0.0723456 0.0860398 0.0326122 9.9982E-05 0.044791 0.109098
9.9964E-05 0.0318571 0.627902 9.9964E-05 9.9964E-05 0.0020344 0.0321322 9.9964E-05 0.0557269 0.249948
9.9982E-05 0.140707 0.152569 0.00186048 0.0743775 9.9982E-05 0.00411565 0.11424 0.0635516 0.44838
0.0231903 0.0914578 0.4318 0.0412434 0.0755612 0.161265 0.063118 0.0668985 9.9991E-05 0.0453652
0.0145027 0.0521934 0.468987 9.9991E-05 0.0638043 0.0338536 0.0534181 0.147657 0.126141 0.039343
9.9964E-05 0.149291 9.9964E-05 9.9964E-05 0.16736 9.9964E-05 0.0407565 0.362959 0.25728 0.0219535
9.9973E-05 9.9973E-05 0.669613 0.0163363 0.0471954 0.0255573 9.9973E-05 0.153638 0.0542201 0.0331407
0.000784366 0.0742029 0.255194 0.0241421 0.117173 0.0557876 9.99902E-05 0.281869 0.0937936 0.096954
0.0353479 0.0962269 0.502662 0.00053136 0.0330864 0.0979748 0.0344347 0.12036 0.0792751 9.9991E-05
0.0253228 0.0498366 0.171964 9.9982E-05 0.0919571 9.9982E-05 0.064784 0.360923 0.141457 0.093556
0.00225042 0.145493 0.0265687 9.9982E-05 0.0905626 9.9982E-05 0.0847097 0.379496 0.194205 0.0765146
9.9991E-05 0.106676 0.344561 0.00839383 0.105237 0.0247603 0.0392887 0.232223 0.0746543 0.0641055
0.0122579 0.0426517 0.462677 0.0702494 0.00196133 0.0427104 0.0150713 0.117457 0.120498 0.114466
9.9982E-05 0.0471745 0.450153 9.9982E-05 0.07934 0.127221 0.0302691 0.103398 0.0813645 0.0808809
0.00615773 0.173893 0.0826828 0.0437287 0.180176 9.9982E-05 9.9982E-05 0.145965 0.221872 0.145325
0.0114393 0.0894815 0.517579 0.0482437 0.0381812 0.0628069 0.0742235 0.0720102 0.0229433 0.0630913
9.9964E-05 0.148402 0.246239 9.9964E-05 0.0638881 9.9964E-05 9.9964E-05 0.376044 0.0138628 0.151164
9.9973E-05 0.105458 0.392316 9.9973E-05 0.115797 9.9973E-05 0.012244 0.217335 0.0617994 0.0947517
0.0174392 0.056015 0.566083 0.0298792 9.9991E-05 0.0664349 0.0306829 0.0908617 0.0821188 0.0603851
0.0347131 9.9973E-05 0.152068 0.193746 9.9973E-05 0.234645 0.00822968 0.113054 0.263244 9.9973E-05
0.0105969 9.9955E-05 9.9955E-05 0.0884255 9.9955E-05 0.296836 9.9955E-05 0.0854064 0.518235 9.9955E-05
0.0029193 9.9955E-05 9.9955E-05 0.0762793 9.9955E-05 0.311867 9.9955E-05 0.159374 0.44906 9.9955E-05
9.9973E-05 9.9973E-05 0.0964963 0.219965 9.9973E-05 0.239654 0.0228404 0.129071 0.2799 0.0117723
0.0125849 0.0222244 0.550493 9.9964E-05 0.0714096 9.9964E-05 9.9964E-05 0.317922 9.9964E-05 0.0249667
0.041369 0.0430374 0.617945 9.9991E-05 0.0267201 0.0360988 0.000491883 0.137286 0.0370464 0.0599055
0.0135859 9.9964E-05 0.302882 0.663139 0.00670378 9.9964E-05 0.00552465 9.9964E-05 9.9964E-05 0.00776449
0.0103023 0.0596687 0.337018 0.439283 0.0278072 0.0234191 0.00300738 9.9982E-05 9.9982E-05 0.0992939
0.0246844 0.00527895 0.351538 0.388713 0.0896689 0.0334028 0.0386091 0.059711 9.9991E-05 0.00829386
9.9973E-05 0.186949 0.190032 0.000951104 0.0620672 9.9973E-05 9.9973E-05 0.464608 0.0437202 0.0513723
0.0280064 0.0250261 0.449546 0.0396811 0.104817 0.0635751 0.0490263 0.106546 0.0367556 0.0970202
9.9964E-05 0.145344 0.175511 9.9964E-05 0.0347473 9.9964E-05 9.9964E-05 0.530408 0.0226477 0.0909424
0.00315718 0.102021 0.554107 9.9982E-05 9.9982E-05 0.0164723 0.0337302 0.216164 0.0674021 0.00674584
0.00253184 0.141141 0.439526 0.0149128 9.9982E-05 9.9982E-05 0.0170002 0.322863 0.0207489 0.0410763
0.0232875 0.0375402 0.505141 9.9964E-05 0.0270878 9.9964E-05 0.0202369 0.386306 9.9964E-05 9.9964E-05
9.9964E-05 0.179421 0.148056 9.9964E-05 0.0290572 9.9964E-05 0.0194166 0.551372 0.0722773 9.9964E-05
0.0268171 0.0232401 0.58547 0.0122196 0.0940773 0.0406006 0.0135696 0.191172 0.0127346 9.9991E-05
9.9982E-05 0.0554359 0.5223 9.9982E-05 0.0236161 0.0584503 0.0888709 0.140176 0.0738804 0.03707
9.9946E-05 0.00329018 0.00565703 0.981891 9.9946E-05 9.9946E-05 0.00856168 9.9946E-05 9.9946E-05 9.9946E-05
9.9955E-05 0.0229182 0.0851033 0.874409 9.9955E-05 0.00770924 9.9955E-05 9.9955E-05 9.9955E-05 0.00936083
0.0126813 0.0583 0.289193 0.518691 0.0137371 0.0573585 0.0160182 9.9982E-05 9.9982E-05 0.0338212
9.9955E-05 0.00176464 0.338813 0.615429 0.0323793 9.9955E-05 0.0111143 9.9955E-05 9.9955E-05 9.9955E-05
9.9955E-05 9.9955E-05 0.110667 0.820028 0.0287758 9.9955E-05 0.00461391 9.9955E-05 9.9955E-05 0.0354156
9.99201E-05 9.99201E-05 9.99201E-05 0.999101 9.99201E-05 9.99201E-05 9.99201E-05 9.99201E-05 9.99201E-05 9.99201E-05
9.9937E-05 0.00512918 9.9937E-05 0.968579 9.9937E-05 9.9937E-05 9.9937E-05 9.9937E-05 9.9937E-05 0.025592
9.9937E-05 0.00724208 0.143876 0.848182 9.9937E-05 9.9937E-05 9.9937E-05 9.9937E-05 9.9937E-05 9.9937E-05
0.0228211 9.9946E-05 9.9946E-05 0.925576 9.9946E-05 9.9946E-05 0.0102024 9.9946E-05 9.9946E-05 0.0408007
9.99201E-05 9.99201E-05 9.99201E-05 0.999101 9.99201E-05 9.99201E-05 9.99201E-05 9.99201E-05 9.99201E-05 9.99201E-05
9.99201E-05 9.99201E-05 9.99201E-05 0.999101 9.99201E-05 9.99201E-05 9.99201E-05 9.99201E-05 9.99201E-05 9.99201E-05
0.0155122 9.9964E-05 0.192983 0.761845 0.00908831 9.9964E-05 9.9964E-05 0.0104883 9.9964E-05 0.00968328
0.0030043 9.9964E-05 0.109902 0.791011 9.9964E-05 0.0450529 9.9964E-05 9.9964E-05 0.0117655 0.0388642
0.00295843 9.9928E-05 9.9928E-05 0.996242 9.9928E-05 9.9928E-05 9.9928E-05 9.9928E-05 9.9928E-05 9.9928E-05
0.00161625 0.0101052 0.316853 0.380045 0.0330203 0.0817157 9.9991E-05 0.0932586 0.000597977 0.082688
0.013082 0.0415344 0.207174 0.661911 9.9982E-05 0.0179519 0.0417194 0.0116314 0.0047964 9.9982E-05
0.00474303 9.9964E-05 0.15395 0.794597 9.9964E-05 0.0266854 0.000660277 9.9964E-05 9.9964E-05 0.0189642
9.9946E-05 9.9946E-05 0.0772495 0.890841 0.0100343 0.0212753 9.9946E-05 9.9946E-05 9.9946E-05 9.9946E-05
9.99201E-05 9.99201E-05 9.99201E-05 0.999101 9.99201E-05 9.99201E-05 9.99201E-05 9.99201E-05 9.99201E-05 9.99201E-05
9.9937E-05 9.9937E-05 0.0248912 0.957621 9.9937E-05 9.9937E-05 9.9937E-05 9.9937E-05 0.0167882 9.9937E-05
0.00845749 9.9928E-05 9.9928E-05 0.990743 9.9928E-05 9.9928E-05 9.9928E-05 9.9928E-05 9.9928E-05 9.9928E-05
0.0185538 9.9973E-05 0.240418 0.647696 0.0157982 0.0240505 0.0381695 0.0150145 9.9973E-05 9.9973E-05
0.00613592 0.00329355 9.9955E-05 0.949422 0.031493 9.9955E-05 9.9955E-05 9.9955E-05 9.9955E-05 0.00915605
9.9955E-05 0.047226 9.9955E-05 0.0177287 9.9955E-05 0.181774 9.9955E-05 0.531686 0.221085 9.9955E-05
0.0162705 9.9982E-05 0.304347 0.134685 9.9982E-05 0.116918 0.00504372 0.288263 0.0547548 0.0795182
0.0170605 0.0337637 0.417516 0.0387997 9.9982E-05 0.0863348 0.0284993 0.282364 0.0954624 9.9982E-05
0.0136898 9.9973E-05 0.122011 0.124813 9.9973E-05 0.0870123 0.024453 0.480551 0.14717 9.9973E-05
0.0184415 0.0300522 0.374259 0.16697 0.0712788 0.0677345 0.00289381 0.165532 0.0450016 0.0578371
0.0337982 0.0114893 0.0585386 0.0883964 9.9973E-05 0.138373 9.9973E-05 0.487061 0.182043 9.9973E-05
9.9982E-05 0.0333425 0.465845 0.0622249 9.9982E-05 0.125933 0.0476416 0.146794 0.113895 0.00412367
9.9964E-05 9.9964E-05 0.218267 0.146803 9.9964E-05 0.0991983 0.021235 0.414171 0.0999259 9.9964E-05
0.0224527 0.0256705 0.433026 0.0878729 9.9991E-05 0.0794684 0.0285907 0.234583 0.0880715 0.000164112
0.0321724 9.9973E-05 0.280175 0.129274 0.0508112 0.0968103 9.9973E-05 0.291202 0.119256 9.9973E-05
0.0174802 0.0381495 0.37365 0.113162 0.0395001 0.100274 0.0597998 0.163767 0.0675174 0.0266999
0.000667754 0.00227981 0.0581729 9.9973E-05 9.9973E-05 0.872185 0.0316006 0.0144554 0.0203382 9.9973E-05
0.0372571 0.0270267 9.9955E-05 0.0711462 9.9955E-05 0.854718 9.9955E-05 9.9955E-05 0.00935183 9.9955E-05
0.0460494 0.00173993 0.0215501 9.9964E-05 9.9964E-05 0.908901 0.0147961 9.9964E-05 9.9964E-05 0.00656337
0.00854056 9.9955E-05 9.9955E-05 9.9955E-05 0.00342133 0.944043 9.9955E-05 9.9955E-05 0.0420393 0.0014565
0.0348502 9.9964E-05 0.0543885 9.9964E-05 9.9964E-05 0.872325 0.00448474 9.9964E-05 0.00692048 0.0266311
0.0603615 9.9955E-05 0.0211063 0.00482603 9.9955E-05 0.891712 9.9955E-05 9.9955E-05 0.0214947 9.9955E-05
0.0625608 9.9955E-05 0.0546427 0.0111682 9.9955E-05 0.868044 9.9955E-05 9.9955E-05 9.9955E-05 0.00308497
0.039953 0.00375137 9.9964E-05 9.9964E-05 9.9964E-05 0.885994 0.0158187 9.9964E-05 0.00757448 0.0465083
0.0174537 9.9973E-05 9.9973E-05 0.0427474 0.0391699 0.859752 9.9973E-05 0.0114509 0.0218821 0.00724392
0.0350562 9.9955E-05 0.0205596 9.9955E-05 9.9955E-05 0.80566 0.0335976 9.9955E-05 0.104627 9.9955E-05
9.9964E-05 9.9964E-05 9.9964E-05 9.9964E-05 0.0798247 0.592032 0.163454 0.02336 0.00540265 0.135527
0.0232156 0.0121794 9.9982E-05 9.9982E-05 0.0279335 0.574666 0.182062 0.00615335 0.0115216 0.162068
0.0159073 9.9973E-05 9.9973E-05 9.9973E-05 0.0536708 0.494216 0.136825 0.0376687 0.0272902 0.234123
9.9955E-05 9.9955E-05 9.9955E-05 9.9955E-05 0.00983841 0.451796 0.142315 0.131537 9.9955E-05 0.264014
0.0332063 9.9973E-05 0.471172 0.0130163 0.257481 0.0372956 9.9973E-05 0.0494904 9.9973E-05 0.138039
0.00658289 0.0168327 0.477375 0.0313454 0.265291 0.0269645 0.0451508 9.9991E-05 0.0203937 0.109964
9.9955E-05 0.0373772 0.515379 9.9955E-05 0.172601 0.0470787 9.9955E-05 9.9955E-05 9.9955E-05 0.227065
0.0321018 0.0139914 0.360858 9.9982E-05 0.281546 9.9982E-05 0.0108839 0.0170303 0.00815972 0.275229
9.9973E-05 0.0549941 0.186971 0.0055459 0.0493952 9.9973E-05 0.0498224 0.0382332 9.9973E-05 0.614738
9.9973E-05 0.0189664 0.662751 9.9973E-05 0.152276 0.0747628 0.0642045 9.9973E-05 0.00118827 0.0255518
9.9955E-05 0.00528674 0.598648 9.9955E-05 0.221523 9.9955E-05 0.0357482 9.9955E-05 9.9955E-05 0.138294
0.00822823 0.0862935 0.524916 9.9964E-05 0.295421 9.9964E-05 9.9964E-05 9.9964E-05 0.0431213 0.0416202
9.9955E-05 0.0599456 0.370384 0.00254137 0.558807 9.9955E-05 9.9955E-05 9.9955E-05 0.00782305 9.9955E-05
9.9991E-05 0.0490414 0.624119 0.0208945 0.167114 0.041774 0.037756 0.0101611 0.0385881 0.0104517
0.000817877 9.9964E-05 0.424611 9.9964E-05 0.471067 0.0273915 0.00347542 9.9964E-05 9.9964E-05 0.0722369
9.9928E-05 0.156955 9.9928E-05 9.9928E-05 0.842246 9.9928E-05 9.9928E-05 9.9928E-05 9.9928E-05 9.9928E-05
0.0293683 0.0319014 0.591724 9.9991E-05 0.080508 0.0574694 0.0140529 0.00109161 0.0276301 0.166155
9.9955E-05 0.092197 0.145232 9.9955E-05 0.667064 9.9955E-05 9.9955E-05 0.025401 0.069606 9.9955E-05
0.00082829 0.0402583 0.533903 9.9982E-05 0.342839 0.0506748 0.00367603 0.00696453 9.9982E-05 0.0206563
9.9946E-05 9.9946E-05 0.14507 9.9946E-05 0.63661 0.0185159 9.9946E-05 9.9946E-05 9.9946E-05 0.199204
9.9937E-05 9.9937E-05 9.9937E-05 9.9937E-05 9.9937E-05 0.0242097 0.954097 9.9937E-05 9.9937E-05 0.0209938
9.99201E-05 9.99201E-05 9.99201E-05 9.99201E-05 9.99201E-05 9.99201E-05 0.999101 9.99201E-05 9.99201E-05 9.99201E-05
0.00330542 9.9928E-05 9.9928E-05 9.9928E-05 9.9928E-05 9.9928E-05 0.995895 9.9928E-05 9.9928E-05 9.9928E-05
9.9946E-05 9.9946E-05 9.9946E-05 9.9946E-05 0.0101198 0.0251498 0.901883 9.9946E-05 9.9946E-05 0.0622478
9.9937E-05 9.9937E-05 0.0608171 9.9937E-05 0.00380918 9.9937E-05 0.934674 9.9937E-05 9.9937E-05 9.9937E-05
9.9937E-05 9.9937E-05 0.027526 0.023677 9.9937E-05 9.9937E-05 0.948097 9.9937E-05 9.9937E-05 9.9937E-05
0.0161476 0.0315275 0.0249372 0.0589215 0.0103954 0.841165 0.0166059 9.9973E-05 9.9973E-05 9.9973E-05
9.9964E-05 9.9964E-05 0.116249 0.00941259 0.0293051 0.801703 9.9964E-05 9.9964E-05 0.0252409 0.0176899
0.0182873 0.0197783 0.125773 0.0299575 9.9973E-05 0.75665 9.9973E-05 9.9973E-05 0.032446 0.0168082
9.9955E-05 9.9955E-05 0.00104912 0.0780591 0.0505076 0.857685 9.9955E-05 9.9955E-05 9.9955E-05 0.012199
0.0297572 9.9955E-05 0.134383 0.0527104 9.9955E-05 0.745769 9.9955E-05 0.0368798 9.9955E-05 9.9955E-05
0.0187044 9.9973E-05 9.9973E-05 9.9973E-05 0.0199338 0.338847 0.357599 0.0251704 0.0184571 0.220989
0.021333 0.0360819 9.9955E-05 9.9955E-05 9.9955E-05 0.368118 0.3915 9.9955E-05 9.9955E-05 0.182467
0.0338569 0.00547547 0.0104813 9.9973E-05 9.9973E-05 0.35511 0.410724 9.9973E-05 0.0367196 0.147333
0.999101 9.99201E-05 9.99201E-05 9.99201E-05 9.99201E-05 9.99201E-05 9.99201E-05 9.99201E-05 9.99201E-05 9.99201E-05
0.0265702 0.047504 9.9964E-05 9.9964E-05 0.0314053 0.329033 0.390172 9.9964E-05 9.9964E-05 0.174916
0.011642 0.0119159 0.327114 0.231628 9.9982E-05 0.17702 0.0023658 9.9982E-05 0.230678 0.00743604
9.9973E-05 9.9973E-05 0.570395 0.165044 9.9973E-05 0.1176 0.0271773 0.0261302 0.0647124 0.0286408
9.9937E-05 9.9937E-05 0.584614 0.190889 9.9937E-05 0.223797 9.9937E-05 9.9937E-05 9.9937E-05 9.9937E-05
9.9973E-05 0.012254 0.322589 0.229012 9.9973E-05 0.246504 0.0153059 0.0826028 0.0914317 9.9973E-05
0.0334202 0.0401458 0.508479 0.113589 0.0186293 0.109632 0.0526323 0.00541453 0.0831454 0.0349131
0.018732 0.0358905 9.9973E-05 0.240752 9.9973E-05 0.267554 0.024857 0.0195189 0.392395 9.9973E-05
0.00684192 0.0303505 0.449985 9.9973E-05 0.0464673 9.9973E-05 0.0735031 0.0296165 9.9973E-05 0.362935
9.9973E-05 0.178874 0.397427 9.9973E-05 0.0692237 9.9973E-05 0.0381938 0.0833994 0.0463935 0.186189
0.00211665 0.0225986 0.259129 9.9973E-05 0.0255354 9.9973E-05 0.0218093 0.0778784 9.9973E-05 0.590633
9.9973E-05 0.200277 0.500232 9.9973E-05 0.0305173 9.9973E-05 0.0268192 0.0154792 0.0146999 0.211676
9.9964E-05 0.377657 9.9964E-05 9.9964E-05 0.0554411 9.9964E-05 0.00249717 0.136376 0.0735763 0.354053
0.031228 0.0156047 0.631815 9.9982E-05 0.0291061 0.0817771 9.9982E-05 0.034535 0.0196096 0.156125
9.9991E-05 0.179029 0.514282 0.0103768 0.0381591 0.0212491 0.0726623 0.0448608 0.0398127 0.0794689
0.0192654 0.035863 0.315191 9.9991E-05 0.00351468 0.0159045 0.0121249 0.0720414 0.00061189 0.525383
9.9991E-05 0.0304621 0.506647 0.0131802 0.117943 0.0790887 0.0217391 0.0463206 0.00111891 0.1834
9.9964E-05 0.188395 0.0997665 9.9964E-05 0.144001 9.9964E-05 9.9964E-05 0.138455 0.0670404 0.361943
9.9964E-05 0.123872 0.552753 9.9964E-05 9.9964E-05 9.9964E-05 0.0255644 0.0963221 0.0272691 0.17382
9.9973E-05 0.023738 0.484984 9.9973E-05 0.100933 0.0259804 0.0328704 9.9973E-05 0.0362837 0.29491
9.9991E-05 0.078432 0.418713 0.103717 0.0535238 0.0651316 0.0211813 0.0429624 0.112014 0.104226
9.9964E-05 0.156424 0.338813 9.9964E-05 0.120971 9.9964E-05 9.9964E-05 0.000457961 0.112371 0.270564
9.9973E-05 0.127409 0.439392 9.9973E-05 0.0577575 9.9973E-05 0.0201319 0.0361837 0.102207 0.21662
9.9973E-05 0.0703122 0.610024 9.9973E-05 0.0431195 9.9973E-05 0.0721925 0.0635201 0.000444596 0.140088
0.00333446 0.0950735 0.542582 9.9982E-05 0.0551212 9.9982E-05 0.0328249 0.0399176 0.0158806 0.215066
0.00654648 0.0504912 0.621507 0.044252 0.0572937 0.0115332 0.0665153 0.0386472 0.0239026 0.0793115
0.00210075 0.00639547 0.573219 0.0407807 0.0871845 0.0762702 0.0804707 0.00188549 0.00651397 0.125179
9.9973E-05 0.0432639 0.556523 0.00800531 0.112294 0.0633858 9.9973E-05 9.9973E-05 0.0649022 0.151326
0.0208996 9.9946E-05 0.102094 0.0395969 9.9946E-05 0.836809 9.9946E-05 9.9946E-05 9.9946E-05 9.9946E-05
0.00416198 9.9937E-05 0.113857 9.9937E-05 9.9937E-05 0.881281 9.9937E-05 9.9937E-05 9.9937E-05 9.9937E-05
0.041655 9.9964E-05 0.0608674 9.9964E-05 9.9964E-05 0.83858 0.0181687 0.0324458 0.0078828 9.9964E-05
0.0254038 0.00391078 9.9964E-05 0.0652074 0.00647188 0.880259 0.0183478 9.9964E-05 9.9964E-05 9.9964E-05
0.0284931 9.9946E-05 0.0860632 9.9946E-05 9.9946E-05 0.877102 0.00774166 9.9946E-05 9.9946E-05 9.9946E-05
9.9991E-05 0.00334192 0.116615 0.0308691 0.0321174 0.0213958 0.0323943 0.0614751 0.0404504 0.661241
9.9982E-05 0.114085 0.508763 0.0336192 0.0678306 0.00434461 0.0318074 9.9982E-05 0.0477978 0.191553
0.0351151 0.0379522 0.424911 0.197554 9.9991E-05 0.132949 0.0261275 0.0441697 0.0995063 0.00161527
0.00865757 9.9973E-05 0.619545 0.0460797 0.0265961 9.9973E-05 0.0273187 9.9973E-05 0.0212866 0.250217
9.9955E-05 9.9955E-05 0.50571 9.9955E-05 0.0574945 0.00456251 9.9955E-05 9.9955E-05 0.0631235 0.36861
9.9973E-05 0.178355 0.25476 9.9973E-05 0.0316531 9.9973E-05 0.00266274 0.0312526 0.122538 0.378479
0.0237693 0.013434 9.9973E-05 9.9973E-05 0.0114263 0.0566774 9.9973E-05 0.0149771 0.0290372 0.850379
0.0367235 9.9982E-05 0.468714 9.9982E-05 0.0627198 0.00649544 0.072954 0.00555425 0.014561 0.332078
9.9973E-05 9.9973E-05 0.213973 0.0435965 0.0145922 0.03079 0.0838716 0.0366308 9.9973E-05 0.576246
0.00383068 0.0826672 0.456221 9.9991E-05 0.103766 0.024552 0.0870988 0.0876924 0.0380412 0.116031
9.9964E-05 0.0584974 0.144758 9.9964E-05 9.9964E-05 0.0684887 0.0623662 9.9964E-05 0.0537552 0.611735
0.00459504 0.0521917 0.542184 0.0419973 0.00260934 0.060771 0.0152085 9.9982E-05 9.9982E-05 0.280243
0.0192653 0.00792684 0.135534 9.9982E-05 0.0595558 0.0429283 9.9982E-05 0.0553844 0.0267122 0.652493
9.9973E-05 0.123193 0.23217 0.0965318 0.0882974 9.9973E-05 9.9973E-05 0.0248342 0.0606448 0.374029
0.0296744 0.0223887 0.519127 0.0144263 0.0686323 0.0071421 0.0586856 0.176242 0.0610429 0.0426392
9.9964E-05 0.143926 0.210393 9.9964E-05 0.0292312 9.9964E-05 0.0523639 0.513904 9.9964E-05 0.0497819
0.0197071 0.0875183 0.493573 9.9964E-05 9.9964E-05 9.9964E-05 0.0577241 0.287226 0.0538512 9.9964E-05
0.0382529 0.0418792 0.518824 0.0219984 0.0238595 0.0308422 0.0732593 0.197858 0.0311624 0.022064
9.9973E-05 0.0944227 0.149111 9.9973E-05 0.05977 9.9973E-05 0.0275159 0.607479 0.0127981 0.0486029
0.0287141 0.100907 0.503007 0.0384509 0.0485753 0.092322 0.0159196 0.118622 0.000245343 0.0532363
0.0145273 0.105435 0.442067 9.9982E-05 0.036254 0.0132014 0.0595931 0.303849 0.0248732 9.9982E-05
9.9964E-05 0.20311 0.0555566 9.9964E-05 0.106499 9.9964E-05 0.0444709 0.55907 0.030893 9.9964E-05
9.9964E-05 0.107469 0.0943709 9.9964E-05 0.00804472 9.9964E-05 0.0459887 0.716989 0.0267371 9.9964E-05
0.0154735 0.0708873 0.386782 9.9973E-05 0.00552955 9.9973E-05 0.00297008 0.4596 9.9973E-05 0.0584574
9.9955E-05 0.125371 9.9955E-05 9.9955E-05 0.18737 9.9955E-05 0.0614564 0.582108 0.0431945 9.9955E-05
9.9964E-05 0.0504817 0.367934 9.9964E-05 0.0524306 9.9964E-05 0.0603591 0.446121 9.9964E-05 0.0222735
0.00467034 9.9973E-05 0.160978 9.9973E-05 0.056458 0.0112087 0.0110068 9.9973E-05 0.0120538 0.743324
9.9964E-05 0.248026 0.149051 0.0588478 0.036604 9.9964E-05 9.9964E-05 9.9964E-05 0.070946 0.436125
0.0211062 0.0197778 0.398538 0.0206881 0.00496763 0.0346514 0.0469509 9.9982E-05 9.9982E-05 0.45312
9.9982E-05 0.0371794 0.525761 0.0649946 0.0347046 0.0284981 0.0187422 9.9982E-05 0.0343264 0.255594
9.9964E-05 0.0268815 0.212243 0.0278531 0.072199 9.9964E-05 0.0539831 9.9964E-05 9.9964E-05 0.60644
0.00421879 0.0442077 0.526004 0.0287336 0.0898819 0.0348203 0.033752 9.9991E-05 0.101619 0.136662
9.9964E-05 9.9964E-05 0.604733 0.00359993 9.9964E-05 0.0465961 0.0555767 9.9964E-05 0.0315375 0.257557
0.0350454 0.0492273 0.532536 9.9973E-05 0.0508341 9.9973E-05 9.9973E-05 0.036805 0.0394222 0.25583
0.00962585 0.0527681 0.506474 0.0423231 0.0600268 9.9982E-05 0.0540197 9.9982E-05 0.0288461 0.245716
0.00866217 9.9964E-05 0.469303 9.9964E-05 0.0385144 0.0270681 0.0268319 9.9964E-05 9.9964E-05 0.42922
0.0128179 0.0156891 0.28433 9.9964E-05 0.0818394 9.9964E-05 9.9964E-05 9.9964E-05 0.0335369 0.571387
9.9973E-05 0.0367391 0.426074 0.0113199 0.0251554 9.9973E-05 0.0246476 9.9973E-05 0.0290203 0.446744
9.9973E-05 0.0299711 0.56626 9.9973E-05 0.0397533 9.9973E-05 0.0678084 0.0132461 0.0925309 0.19013
0.0132035 0.0560759 0.574661 0.0301371 0.0350104 0.0160962 0.0345649 9.9991E-05 0.0949841 0.145167
0.0255759 0.0986171 0.29787 0.0644498 0.0597251 9.9982E-05 0.0209997 9.9982E-05 0.0997863 0.332776
0.00793802 0.0791513 0.442008 0.091661 0.127153 9.9982E-05 0.00555136 9.9982E-05 0.0381251 0.208213
0.03148 0.0103086 0.315093 0.0484065 0.0346178 9.9982E-05 0.0219226 0.0107779 9.9982E-05 0.527194
9.9982E-05 0.0435458 0.55294 0.0179018 0.0138503 0.0327414 0.0260319 9.9982E-05 0.0330532 0.279736
9.9973E-05 0.0120213 0.437458 0.0676973 0.0890528 0.0267979 0.051633 9.9973E-05 9.9973E-05 0.315039
0.021363 0.0495694 0.559083 0.0227744 0.00947504 0.0437317 0.0607222 0.00727532 0.0749319 0.151074
0.00180451 9.9982E-05 0.474878 0.0673699 9.9982E-05 0.325475 0.000302087 0.0397915 0.0690435 0.0211355
9.9982E-05 0.00522056 0.575062 0.0845601 0.0546158 0.114724 9.9982E-05 0.00797343 0.128069 0.0295744
0.0426367 0.0748362 0.418187 0.0989093 9.9982E-05 0.13475 9.9982E-05 0.0205789 0.0776714 0.13223
0.000261716 0.0399624 0.575802 0.0889521 9.9991E-05 0.0866836 0.0313996 0.00677485 0.111242 0.0588214
9.9982E-05 9.9982E-05 0.506712 0.0983641 0.0174699 0.145936 0.000422746 0.0384351 0.182679 0.00978177
9.9973E-05 0.187372 0.49671 9.9973E-05 0.0276755 9.9973E-05 0.0556035 0.0623733 0.00292312 0.167043
0.0110836 0.00208736 0.48599 0.120569 0.0922755 0.106229 9.9991E-05 0.0344374 0.0813516 0.0658763
9.9982E-05 0.0813032 0.0329161 0.117177 0.0535601 0.110978 9.9982E-05 0.153946 0.313505 0.136415
0.00313058 0.0304339 0.600765 0.0579587 9.9991E-05 0.0624803 0.0351613 0.00752158 0.135095 0.0673533
9.9982E-05 0.00339409 0.49721 0.14402 9.9982E-05 0.112949 0.00971658 0.0355476 0.103694 0.0932689
0.018017 0.0276088 0.516065 0.108484 0.0891608 0.088122 0.0160395 0.0590925 0.0471238 0.0302863
0.0197684 0.106471 0.343247 0.0320052 0.0183785 0.112665 9.9991E-05 0.0704378 0.214492 0.0824359
0.0130043 0.0101647 0.572765 0.0811124 9.9982E-05 0.162697 9.9982E-05 0.0523673 0.0776211 0.030068
0.0246767 0.103464 0.512035 0.125357 9.9991E-05 0.125434 0.0127675 0.0134094 0.0817495 0.00100612
9.9955E-05 0.000376454 9.9955E-05 0.0558405 9.9955E-05 0.319186 9.9955E-05 0.0526787 0.571419 9.9955E-05
0.0192916 0.0246708 0.511472 0.143925 0.0263658 0.136592 0.0305114 0.00742644 0.0158612 0.0838833
0.0124721 0.0196537 0.559039 0.134463 9.9973E-05 0.116636 9.9973E-05 0.0510986 0.106339 9.9973E-05
0.0131081 0.0569312 0.536383 0.0966706 0.0715825 0.0785741 0.00278678 0.049235 0.0122307 0.0824984
0.0306837 0.0165698 0.580613 0.106759 9.9964E-05 0.139949 9.9964E-05 9.9964E-05 0.125025 9.9964E-05
0.0344928 0.0294972 0.490807 0.0862405 0.00587259 0.203986 9.9982E-05 0.0964092 0.0524947 9.9982E-05
0.0113309 0.40988 0.427871 9.9964E-05 0.088657 0.0263494 0.0355115 9.9964E-05 9.9964E-05 9.9964E-05
9.9973E-05 0.225959 0.518653 0.0443469 0.0966587 0.0698398 9.9973E-05 0.0270007 9.9973E-05 0.0172418
9.9928E-05 0.912951 9.9928E-05 9.9928E-05 9.9928E-05 9.9928E-05 9.9928E-05 9.9928E-05 9.9928E-05 0.0862499
9.99459E-05 0.914596 9.99459E-05 9.99459E-05 9.99459E-05 0.0117305 9.99459E-05 0.0284709 9.99459E-05 0.044603
0.00833968 0.350756 0.457952 0.0200114 9.9982E-05 0.0847357 0.0146666 0.0425736 0.0207655 9.9982E-05
9.9964E-05 0.096025 0.320045 0.281772 9.9964E-05 0.128869 9.9964E-05 0.0929909 0.079898 9.9964E-05
9.9955E-05 0.160224 0.377114 0.230154 9.9955E-05 0.120604 9.9955E-05 9.9955E-05 0.111403 9.9955E-05
9.9955E-05 0.244738 0.201594 0.229286 9.9955E-05 0.121382 9.9955E-05 9.9955E-05 0.202501 9.9955E-05
0.041885 0.160013 0.374588 0.191095 9.9964E-05 0.0562514 9.9964E-05 9.9964E-05 0.175768 9.9964E-05
0.0164672 0.71141 0.0743317 0.00951457 9.9973E-05 0.0826263 9.9973E-05 0.0106215 0.0947288 9.9973E-05
0.0517746 0.660533 0.114892 0.0545531 9.9964E-05 0.00732989 9.9964E-05 9.9964E-05 0.110517 9.9964E-05
9.9973E-05 0.338419 0.56969 0.00936394 0.0124208 0.0213922 9.9973E-05 0.021133 0.0272809 9.9973E-05
9.9955E-05 0.452312 0.365739 0.0761955 9.9955E-05 0.0761566 9.9955E-05 9.9955E-05 0.0290971 9.9955E-05
0.0304364 0.679865 0.188041 0.0447818 9.9964E-05 0.0309999 9.9964E-05 9.9964E-05 0.0254766 9.9964E-05
0.000585365 0.265281 0.555656 0.0264206 9.9982E-05 0.0534122 0.0415778 0.00994051 9.9982E-05 0.0469265
9.9955E-05 0.315724 0.548999 0.047235 9.9955E-05 0.0768204 0.0107213 9.9955E-05 9.9955E-05 9.9955E-05
9.9991E-05 0.247983 0.495005 0.0714738 0.0105803 0.100994 0.00313747 0.00742767 0.0157937 0.0475052
0.00419749 0.659131 0.303391 9.9946E-05 0.0326807 9.9946E-05 9.9946E-05 9.9946E-05 9.9946E-05 9.9946E-05
9.9964E-05 0.465829 0.362788 9.9964E-05 9.9964E-05 0.0353398 0.011768 0.0240491 9.9964E-05 0.0998254
0.0252192 0.305234 0.523183 9.9991E-05 0.0337457 0.0146861 0.0146414 0.00289489 0.0279282 0.0523667
9.9982E-05 0.390341 0.431612 0.0185168 9.9982E-05 0.0524065 0.0541993 0.0311736 0.00168244 0.019868
9.9973E-05 0.228877 0.445961 0.0526329 0.0499914 0.14762 9.9973E-05 0.0121269 9.9973E-05 0.0624912
9.9955E-05 0.455409 0.386847 9.9955E-05 0.0414677 9.9955E-05 0.0456559 0.0701203 9.9955E-05 9.9955E-05
0.00971791 0.788052 0.17791 9.9946E-05 9.9946E-05 9.9946E-05 0.0237201 9.9946E-05 9.9946E-05 9.9946E-05
0.0117544 0.377754 0.590312 9.9964E-05 0.00122135 9.9964E-05 0.00697584 9.9964E-05 9.9964E-05 0.0115826
9.9946E-05 0.783531 0.168038 0.000996429 9.9946E-05 9.9946E-05 9.9946E-05 9.9946E-05 9.9946E-05 0.0468349
0.0164669 0.52745 0.43279 9.9973E-05 0.00533799 0.00193786 0.015538 0.000179217 9.9973E-05 9.9973E-05
0.0370647 0.28432 0.479669 9.9982E-05 0.0152577 0.0316628 0.00381917 0.0477005 9.9982E-05 0.100307
0.0109513 0.295169 0.451464 0.0260433 0.0735897 0.0585254 0.0318973 0.0178585 9.9991E-05 0.0344019
0.0848398 0.0844011 0.457675 0.107068 0.00546794 0.112377 0.00177773 0.0492981 0.0739977 0.023098
0.049554 0.0936872 0.401464 0.146275 9.9991E-05 0.0639949 0.0773653 0.104821 0.0427226 0.0200153
0.0331155 0.0537652 0.323979 0.220281 9.9973E-05 0.124388 9.9973E-05 0.119167 0.125005 9.9973E-05
0.0280576 0.109682 0.300894 0.209132 9.9991E-05 0.13178 0.0639562 0.0406093 0.0957517 0.0200372
0.0271787 0.0500346 0.444163 0.151786 0.0275978 0.146599 0.0165027 0.103596 9.9991E-05 0.032441
0.0323856 0.145873 0.394632 0.142439 0.0098821 0.106767 0.0316821 0.0472143 0.0497186 0.0394056
0.024898 0.695089 9.9955E-05 0.0914864 9.9955E-05 0.116533 9.9955E-05 9.9955E-05 0.0714939 9.9955E-05
0.00191489 0.149544 0.489048 0.154585 9.9982E-05 0.0991703 0.00549041 0.0597396 0.0403079 9.9982E-05
9.9946E-05 0.38911 9.9946E-05 0.0720655 9.9946E-05 0.245959 9.9946E-05 9.9946E-05 0.292266 9.9946E-05
0.0088487 0.308224 0.483617 0.119987 9.9964E-05 0.0742035 9.9964E-05 9.9964E-05 0.00471946 9.9964E-05
9.9928E-05 0.911426 0.0877745 9.9928E-05 9.9928E-05 9.9928E-05 9.9928E-05 9.9928E-05 9.9928E-05 9.9928E-05
