0.0579416 9.9946E-05 0.0388008 9.9946E-05 0.0231702 0.879488 9.9946E-05 9.9946E-05 9.9946E-05 9.9946E-05
9.9946E-05 9.9946E-05 0.0377767 0.0170422 0.011749 0.932832 9.9946E-05 9.9946E-05 9.9946E-05 9.9946E-05
9.9955E-05 9.9955E-05 0.0136093 0.0833484 9.9955E-05 0.825316 9.9955E-05 9.9955E-05 0.0256911 0.0515352
9.9955E-05 9.9955E-05 0.0526237 0.0524899 9.9955E-05 0.74682 0.021958 9.9955E-05 9.9955E-05 0.125609
9.9937E-05 9.9937E-05 9.9937E-05 9.9937E-05 9.9937E-05 0.90739 0.0143529 9.9937E-05 9.9937E-05 0.0775575
0.0608053 0.240816 0.0319846 9.9982E-05 0.0102545 0.596962 0.0119425 9.9982E-05 0.00886737 0.0381673
9.9937E-05 0.22063 0.04054 9.9937E-05 9.9937E-05 0.738131 9.9937E-05 9.9937E-05 9.9937E-05 9.9937E-05
0.0152638 0.28014 0.0276813 9.9955E-05 9.9955E-05 0.675167 0.00124796 9.9955E-05 9.9955E-05 9.9955E-05
9.99639E-05 0.0377333 0.00754911 0.0418499 9.99639E-05 0.801764 0.106273 0.00443077 9.99639E-05 9.99639E-05
0.0212898 0.180206 9.9955E-05 9.9955E-05 0.0392374 0.743342 0.0154253 9.9955E-05 9.9955E-05 9.9955E-05
0.00214009 0.190854 0.00737703 9.9964E-05 9.9964E-05 0.742741 0.0103936 9.9964E-05 9.9964E-05 0.0460944
0.00718863 9.9937E-05 9.9937E-05 9.9937E-05 0.961958 0.0301539 9.9937E-05 9.9937E-05 9.9937E-05 9.9937E-05
0.0030469 9.9964E-05 0.00916624 9.9964E-05 0.515394 0.046714 9.9964E-05 0.00266149 9.9964E-05 0.422618
0.0981928 9.9937E-05 9.9937E-05 0.00109528 0.900012 9.9937E-05 9.9937E-05 9.9937E-05 9.9937E-05 9.9937E-05
0.092712 9.9946E-05 9.9946E-05 9.9946E-05 0.818705 0.0230701 9.9946E-05 9.9946E-05 9.9946E-05 0.0649131
0.100033 9.9973E-05 0.0111464 0.0300535 0.506371 0.0507771 0.00308455 9.9973E-05 9.9973E-05 0.298235
0.0477341 9.9964E-05 0.00481982 0.0654673 0.373248 0.0264234 9.9964E-05 9.9964E-05 9.9964E-05 0.481908
0.0170292 0.00551344 0.0314959 0.000620546 0.551313 0.00251315 9.9991E-05 0.0045743 0.0267488 0.360092
0.0370749 9.9964E-05 0.0388026 0.0371483 0.712028 0.0684468 9.9964E-05 9.9964E-05 9.9964E-05 0.1061
9.9946E-05 0.0375487 9.9946E-05 9.9946E-05 0.93729 0.0162154 0.00834588 9.9946E-05 9.9946E-05 9.9946E-05
9.9973E-05 0.0191464 0.0172177 0.00484031 0.501033 0.0307171 9.9973E-05 9.9973E-05 0.0640866 0.362659
0.071866 0.143567 9.9973E-05 0.0627394 0.377388 9.9973E-05 9.9973E-05 0.0810506 0.0130348 0.250054
9.9973E-05 0.0400282 0.0188219 9.9973E-05 0.3084 0.0389115 0.0476967 9.9973E-05 0.0585983 0.487243
0.0527096 0.0398418 0.0187888 9.9955E-05 0.861399 0.0267615 9.9955E-05 9.9955E-05 9.9955E-05 9.9955E-05
0.0594842 0.0327086 9.9991E-05 0.00596272 0.203548 0.0960065 0.00867723 0.00483116 0.0255642 0.563117
0.00506227 0.00709857 9.9955E-05 9.9955E-05 0.554091 0.0521023 9.9955E-05 9.9955E-05 9.9955E-05 0.381146
0.00918344 9.9946E-05 9.9946E-05 9.9946E-05 0.927038 0.0479507 9.9946E-05 9.9946E-05 9.9946E-05 0.0152282
0.0554061 9.9946E-05 9.9946E-05 9.9946E-05 0.867461 0.0258012 9.9946E-05 9.9946E-05 9.9946E-05 0.0507321
9.9928E-05 0.0701609 9.9928E-05 9.9928E-05 0.92904 9.9928E-05 9.9928E-05 9.9928E-05 9.9928E-05 9.9928E-05
9.99201E-05 9.99201E-05 0.999101 9.99201E-05 9.99201E-05 9.99201E-05 9.99201E-05 9.99201E-05 9.99201E-05 9.99201E-05
9.99201E-05 9.99201E-05 0.999101 9.99201E-05 9.99201E-05 9.99201E-05 9.99201E-05 9.99201E-05 9.99201E-05 9.99201E-05
0.0449708 9.9964E-05 0.368511 0.0437964 9.9964E-05 0.453044 0.0166332 9.9964E-05 9.9964E-05 0.0726455
0.0365769 9.9955E-05 0.287699 0.0700333 9.9955E-05 0.454987 9.9955E-05 9.9955E-05 9.9955E-05 0.150204
9.99768E-05 0.170353 0.0199333 9.99768E-05 0.0692798 0.0480484 0.0446271 9.99768E-05 0.203645 0.443813
0.0774548 0.0319075 0.00394049 0.0126862 0.121259 0.0301089 0.0166515 9.9991E-05 0.224545 0.481347
0.0247237 0.0153309 9.9964E-05 0.0104827 9.9964E-05 9.9964E-05 9.9964E-05 0.00660994 0.418888 0.523565
9.9964E-05 9.9964E-05 9.9964E-05 9.9964E-05 0.601501 0.0441398 0.238297 0.0284853 0.0383928 0.0487844
0.0150067 0.0622475 0.0293832 0.0351333 9.9973E-05 9.9973E-05 9.9973E-05 0.0306138 0.565838 0.261478
0.0117696 9.9991E-05 0.0331091 0.015455 0.126818 0.0360793 0.0101706 0.0132201 0.221246 0.532033
0.00264541 0.033754 0.00157459 9.9964E-05 9.9964E-05 0.0414665 9.9964E-05 9.9964E-05 0.248023 0.672136
9.9973E-05 0.331015 0.0212594 9.9973E-05 0.0960368 0.0404636 0.00485491 9.9973E-05 0.0176132 0.488457
9.9964E-05 0.140294 9.9964E-05 9.9964E-05 0.0798618 0.0985294 0.0308667 9.9964E-05 0.0720162 0.578032
9.9955E-05 9.9955E-05 9.9955E-05 9.9955E-05 0.226012 0.0318465 0.0236562 9.9955E-05 0.619719 0.0982661
0.0195831 0.303879 0.00827121 0.000572727 0.0706329 0.0194265 0.00526719 9.9982E-05 9.9982E-05 0.572167
0.0173689 0.0396152 9.9973E-05 9.9973E-05 0.0595221 0.0932799 9.9973E-05 0.0143871 0.243009 0.532518
9.9991E-05 0.0543457 0.0269257 0.0843373 0.0123092 0.0753807 0.0015547 0.0211706 0.11134 0.612536
9.9955E-05 0.0143767 9.9955E-05 0.0086223 9.9955E-05 9.9955E-05 9.9955E-05 0.0264302 0.61361 0.336461
0.00399325 9.9982E-05 0.0101408 0.0335846 0.0321771 0.0723868 0.0164599 9.9982E-05 0.273143 0.557915
9.9973E-05 0.0705948 0.00906959 9.9973E-05 9.9973E-05 0.0983369 0.0480031 0.0328493 0.220887 0.519959
9.9946E-05 0.185381 9.9946E-05 0.0945452 9.9946E-05 9.9946E-05 9.9946E-05 0.0509652 0.668509 9.9946E-05
9.9964E-05 0.0685584 9.9964E-05 9.9964E-05 0.515018 9.9964E-05 0.24091 0.0653577 0.0411949 0.0685617
0.0150138 0.121401 9.9973E-05 0.109181 0.45062 9.9973E-05 9.9973E-05 0.151085 0.0832509 0.0691481
0.0460572 0.0841212 0.0164191 0.0587105 0.157137 0.0285997 0.0330608 0.0432573 0.000623876 0.532014
0.0210129 0.0150526 9.9982E-05 0.051073 0.18457 0.09165 9.9982E-05 0.0865255 0.0151746 0.534742
0.0138472 0.037909 0.0124948 0.0214785 0.137609 0.0889592 9.9982E-05 0.121884 9.9982E-05 0.565618
9.9973E-05 0.0669119 0.0226939 9.9973E-05 0.39527 0.0866247 0.221582 9.9973E-05 0.0788936 0.127724
9.9973E-05 9.9973E-05 0.0110481 0.0140525 0.305978 9.9973E-05 0.12147 0.0153233 0.0596411 0.472187
0.0342782 0.0386986 0.00600329 9.9991E-05 0.14462 0.0886393 0.0776775 0.0471694 0.023761 0.539053
9.9982E-05 0.0559717 0.0285609 9.9982E-05 0.273098 0.102065 0.0582919 0.0845583 0.0739123 0.323342
0.00503622 0.133444 0.0117871 9.9991E-05 0.509936 0.148101 0.12131 0.00932674 0.0423105 0.0186478
0.0104416 0.0757564 0.0120402 0.0160503 0.112953 0.0554898 0.0551411 0.0556494 0.0975106 0.508967
0.0192394 0.027145 0.00896266 0.0486651 0.313887 0.0356847 0.0815269 0.0474469 9.9991E-05 0.417342
9.9973E-05 0.115164 0.046289 0.00920556 0.614505 0.0301033 0.142258 9.9973E-05 0.0421754 9.9973E-05
9.9973E-05 9.9973E-05 0.000878042 0.0104231 0.458625 9.9973E-05 0.0948024 0.0478147 0.0499932 0.337164
9.999E-05 0.0223284 0.00248442 0.0600223 0.102905 0.0342883 0.101283 0.0787601 0.0261732 0.571656
9.999E-05 0.0320953 0.000934015 0.0326663 0.169717 0.064199 0.0395783 0.0491688 0.0414525 0.570089
0.0629261 0.0755719 0.0494064 9.9982E-05 0.531935 0.0402516 0.0510748 9.9982E-05 0.0767539 0.11188
0.0688838 0.0506824 0.0304987 0.00790737 0.270058 9.9991E-05 0.0554724 0.0208284 0.0811936 0.414375
0.0459768 0.0540982 0.0177848 0.0327686 0.154464 0.0183583 0.111457 0.0128091 0.0837281 0.468555
9.999E-05 0.0251447 0.0202779 0.00438675 0.587088 0.021008 0.127859 0.0554859 0.0615066 0.0971423
9.9955E-05 9.9955E-05 0.00245628 9.9955E-05 0.0330644 0.0245413 9.9955E-05 9.9955E-05 0.454219 0.485219
0.00142542 9.9964E-05 0.00159148 9.9964E-05 0.117268 0.00890883 9.9964E-05 9.9964E-05 0.715085 0.155321
0.0977502 9.9982E-05 0.00905781 9.9982E-05 0.088868 0.0681589 0.0489139 0.0321155 0.172373 0.482562
0.0122427 9.9955E-05 0.00220632 0.0253895 9.9955E-05 9.9955E-05 9.9955E-05 0.0684005 0.891261 9.9955E-05
9.9946E-05 0.0758116 9.9946E-05 9.9946E-05 0.0011413 9.9946E-05 9.9946E-05 0.0605266 0.861921 9.9946E-05
9.9946E-05 0.00882716 9.9946E-05 9.9946E-05 9.9946E-05 9.9946E-05 9.9946E-05 0.0227073 0.727899 0.239967
9.9964E-05 9.9964E-05 0.0205349 9.9964E-05 0.0415473 0.012627 0.0414207 9.9964E-05 0.418465 0.465005
0.00408008 9.9991E-05 0.0187891 0.0603759 0.0895214 0.113451 0.000307584 0.0143139 0.156558 0.542503
0.0130159 9.9964E-05 0.00438003 0.0118108 9.9964E-05 9.9964E-05 9.9964E-05 0.0134413 0.497106 0.459846
9.9955E-05 9.9955E-05 9.9955E-05 9.9955E-05 0.19057 0.0390725 0.0509766 9.9955E-05 0.604959 0.113922
9.9964E-05 9.9964E-05 0.0102226 9.9964E-05 0.152575 0.032073 0.0542335 9.9964E-05 0.519033 0.231464
0.0478394 0.0508481 0.0210522 9.9991E-05 0.0212037 0.0574787 0.0227706 0.0145656 0.299527 0.464614
9.9955E-05 9.9955E-05 0.0271445 9.9955E-05 0.131144 0.0111836 9.9955E-05 9.9955E-05 0.510135 0.319893
9.9955E-05 9.9955E-05 0.0379863 9.9955E-05 0.105491 9.9955E-05 0.011826 9.9955E-05 0.443086 0.401111
9.9955E-05 0.0288111 9.9955E-05 0.0182604 9.9955E-05 9.9955E-05 9.9955E-05 0.0240536 0.472026 0.456349
9.9937E-05 9.9937E-05 9.9937E-05 0.161591 9.9937E-05 9.9937E-05 9.9937E-05 0.145867 0.691843 9.9937E-05
0.0100669 0.0523335 9.9973E-05 0.000539632 9.9973E-05 0.0229891 0.0402111 9.9973E-05 0.282082 0.591478
9.9964E-05 9.9964E-05 0.0528117 0.00563423 0.0156134 0.790919 0.0662947 9.9964E-05 9.9964E-05 0.0683267
9.9946E-05 9.9946E-05 0.0585861 0.0434572 9.9946E-05 0.845554 9.9946E-05 9.9946E-05 9.9946E-05 0.0518035
0.0251175 9.9955E-05 0.0285825 0.0222465 9.9955E-05 0.820122 9.9955E-05 9.9955E-05 9.9955E-05 0.103432
0.0460819 9.9955E-05 0.0386364 0.015322 9.9955E-05 0.883418 9.9955E-05 9.9955E-05 9.9955E-05 0.0160423
0.0480546 9.9955E-05 0.0275718 9.9955E-05 0.00941093 0.910693 9.9955E-05 0.00376948 9.9955E-05 9.9955E-05
0.0340194 0.0111967 0.0203003 0.0111813 9.9973E-05 0.839742 9.9973E-05 0.0113276 9.9973E-05 0.0719328
9.9937E-05 9.9937E-05 0.0244944 9.9937E-05 9.9937E-05 0.892056 9.9937E-05 9.9937E-05 9.9937E-05 0.0827505
9.999E-05 0.00788317 0.0179752 0.0479498 0.0911007 0.00724648 0.00164542 0.0541353 0.204693 0.567271
0.0264026 0.0400856 0.035627 0.0565897 0.0146105 0.0561558 0.0434915 0.00141518 0.224213 0.501409
9.9955E-05 9.9955E-05 9.9955E-05 9.9955E-05 0.146504 0.0660741 0.0736239 9.9955E-05 0.685026 0.0282718
0.0240168 0.0405758 0.00102729 0.0151568 0.081037 0.0794887 0.0555798 0.0356376 0.102346 0.565134
9.9973E-05 9.9973E-05 0.0226912 9.9973E-05 0.0832591 0.0121929 0.0825701 0.00988672 0.403871 0.385229
9.9973E-05 9.9973E-05 0.0266325 9.9973E-05 0.0226283 0.0434176 0.0389728 0.00187633 0.317396 0.548776
9.9982E-05 0.098906 0.0056034 9.9982E-05 0.0600299 0.0226335 0.00345501 0.0258081 0.224528 0.558836
0.0483216 0.0115743 0.0110528 9.9982E-05 0.0193261 0.0111784 9.9982E-05 0.0194573 0.387298 0.491592
9.9946E-05 9.9946E-05 9.9946E-05 9.9946E-05 0.179923 0.0403342 0.120616 9.9946E-05 0.658527 9.9946E-05
0.00168594 0.0560833 0.0245425 0.0197161 0.0338308 0.130872 0.0525255 0.0228673 0.199083 0.458794
0.0324221 0.0667476 0.0251859 9.9982E-05 0.0481341 0.0743943 0.0273822 9.9982E-05 0.169578 0.555956
0.0166329 0.0578157 0.00846658 0.0177591 9.9991E-05 0.082725 0.0899544 0.02852 0.106318 0.591709
0.0181563 0.0968448 0.00198542 0.0186751 9.9982E-05 9.9982E-05 0.00947672 0.0814867 0.528215 0.24496
0.00479538 9.9955E-05 9.9955E-05 0.00315945 9.9955E-05 9.9955E-05 9.9955E-05 0.0555778 0.448474 0.487494
9.9955E-05 9.9955E-05 9.9955E-05 9.9955E-05 0.172206 0.00513308 0.0533613 9.9955E-05 0.346869 0.42193
9.9946E-05 0.0204325 9.9946E-05 9.9946E-05 9.9946E-05 9.9946E-05 9.9946E-05 0.0561935 0.55016 0.372615
9.9964E-05 0.0149167 9.9964E-05 9.9964E-05 0.12622 0.0432212 0.0497948 9.9964E-05 0.345458 0.419989
9.9973E-05 0.0400285 9.9973E-05 0.0479657 0.0458417 0.0851425 0.0854673 9.9973E-05 0.16632 0.528935
9.9955E-05 9.9955E-05 9.9955E-05 0.1409 0.163448 9.9955E-05 0.238466 0.163337 9.9955E-05 0.293349
9.9973E-05 0.0860783 9.9973E-05 0.0192617 0.293557 0.079144 0.159058 9.9973E-05 0.00873144 0.353869
0.0283588 0.00299861 0.0218831 0.0728932 0.0776424 0.0550754 0.109533 0.0805341 9.9991E-05 0.550981
0.0228291 0.0449107 0.0286114 0.0197591 0.0569381 0.0482897 0.121971 0.0846115 0.019744 0.552335
9.9991E-05 0.0262433 0.0168378 0.000525461 0.290981 0.0165017 0.189651 0.0199557 0.0400352 0.399169
9.9973E-05 0.0605302 9.9973E-05 0.00398782 0.152971 0.0290587 0.163686 0.0205097 9.9973E-05 0.568956
9.9964E-05 9.9964E-05 0.0229431 9.9964E-05 0.276525 0.0428783 0.209306 0.0262347 9.9964E-05 0.421712
0.0211893 0.00193442 0.0270183 0.118767 0.11497 0.0148699 0.0924759 0.0522475 0.0634554 0.493073
0.0032018 9.9991E-05 0.0102777 0.0371412 0.0409437 0.0695225 0.142513 0.0469023 0.030142 0.619255
9.9982E-05 0.0491097 0.0245926 0.0103806 0.233087 0.00917561 0.139938 9.9982E-05 0.000834037 0.532683
9.9982E-05 0.0751418 0.00695382 9.9982E-05 0.179191 0.0140906 0.161059 0.0150472 0.0386643 0.509653
0.0319678 0.030839 9.9991E-05 0.0203236 0.117862 0.0347336 0.0870235 0.0766785 0.0276883 0.572784
0.0536668 0.0124033 9.9991E-05 0.0829975 0.0935648 0.0570009 0.122852 0.028671 0.0193409 0.529403
0.00982031 0.0360585 9.9982E-05 0.0270848 0.169767 9.9982E-05 0.0766951 0.0777136 0.0239623 0.578698
9.9982E-05 0.098784 9.9982E-05 0.0664599 0.0751053 0.0392548 0.0828622 0.00759488 0.0162934 0.613446
0.0165203 9.9982E-05 0.0054823 0.0563428 0.16721 0.00490819 0.0934908 0.0808877 9.9982E-05 0.574958
9.9991E-05 0.0397314 0.0323161 0.154721 0.141319 0.00944171 0.143367 0.0751008 0.0654459 0.338458
0.0278792 0.00845082 9.9991E-05 0.0554346 0.0750301 0.0368252 0.106682 0.0546655 0.00898602 0.625946
9.9964E-05 0.0405955 0.0342287 0.0518743 9.9964E-05 9.9964E-05 0.137672 0.072168 9.9964E-05 0.663062
0.00476269 0.0133332 9.9991E-05 0.0207197 0.544214 0.00699068 0.234562 0.0092704 0.0527217 0.113326
9.9973E-05 0.0261691 9.9973E-05 0.163817 0.362511 9.9973E-05 0.0671653 0.242078 0.0336656 0.104294
0.0399572 0.0380492 9.9982E-05 9.9982E-05 0.235427 0.0373264 0.119559 0.0385126 0.0640913 0.426877
9.9973E-05 0.118117 9.9973E-05 0.0670287 0.297869 9.9973E-05 0.172417 0.259763 0.0776678 0.00683725
9.9955E-05 9.9955E-05 0.0217257 9.9955E-05 0.546124 9.9955E-05 0.14914 0.0567495 9.9955E-05 0.22576
9.9955E-05 9.9955E-05 9.9955E-05 9.9955E-05 0.39635 9.9955E-05 0.198977 0.0348318 0.021279 0.348062
9.9964E-05 9.9964E-05 0.0210641 0.000304585 0.356494 9.9964E-05 0.237359 9.9964E-05 0.0989963 0.285382
9.9964E-05 0.061133 9.9964E-05 9.9964E-05 0.397128 9.9964E-05 0.238538 0.0193935 0.0260058 0.257402
9.9982E-05 0.0715873 0.0231315 9.9982E-05 0.187498 0.0313963 0.0756037 0.0310006 0.0248579 0.554724
0.0499926 0.0602502 9.9991E-05 0.0661729 0.0931971 0.0513292 0.0673477 0.0411678 0.0574948 0.512948
0.0311748 9.9982E-05 9.9982E-05 0.038519 0.189403 0.0049633 0.0854407 0.0116644 0.0820065 0.556628
9.9973E-05 0.0824035 9.9973E-05 0.0641008 0.399385 9.9973E-05 0.176283 0.156004 0.0353169 0.086206
0.00357508 0.138655 0.0048158 9.9991E-05 0.0409398 0.15765 0.0530336 0.0518495 0.00966012 0.539721
0.0491567 0.137645 0.00558565 0.103103 0.0169831 0.0122013 0.0717053 0.0912738 0.0606347 0.451711
9.9964E-05 0.43218 9.9964E-05 0.236216 9.9964E-05 0.0161462 0.0545198 0.132896 0.127642 9.9964E-05
0.0388474 0.137018 0.0127826 0.043036 0.0992594 0.00962437 9.9991E-05 0.017485 0.0415126 0.600335
0.0288056 0.250866 0.0189214 0.0984854 0.116054 0.0171023 0.0269546 0.0592705 0.161242 0.222298
0.0109192 0.142127 0.0515009 0.13541 0.0380154 9.9982E-05 0.0545745 0.0565093 9.9982E-05 0.510745
9.9991E-05 0.362255 0.00368577 0.158156 0.0696184 0.0285175 0.0857651 0.0405195 0.0606836 0.190698
9.9982E-05 0.436041 0.0171258 0.144169 0.080172 9.9982E-05 0.0851112 0.133565 0.0967191 0.00689607
0.0137689 0.279485 0.0265796 0.0527261 0.0577996 9.9991E-05 0.0585186 0.0719439 0.0705224 0.368556
0.0532326 0.095802 0.0133828 0.060807 0.0655046 0.0734626 0.0462958 0.0958112 0.0857844 0.409917
0.00848855 0.115551 0.00858856 0.103252 0.107574 0.0911899 0.0997953 0.0202739 0.015226 0.430061
0.0333417 0.17994 0.0128436 0.167637 0.250268 9.9982E-05 9.9982E-05 0.154802 0.181926 0.019041
0.0696431 0.0912973 0.0130176 0.0530906 0.0203772 0.0617288 0.050003 0.0659787 0.0629091 0.511955
9.9973E-05 0.351188 9.9973E-05 0.0780008 0.0564449 9.9973E-05 0.0428837 0.144682 0.101987 0.224513
9.9973E-05 0.18946 9.9973E-05 0.0735144 0.0752555 9.9973E-05 0.0610382 0.118212 0.118957 0.363262
0.0168903 0.145713 0.0352202 0.0638139 0.0268581 0.0130071 0.0483811 0.036583 0.0267166 0.586816
0.220791 0.146714 0.0393951 0.165501 0.00810103 0.260889 0.0103384 9.9991E-05 0.00918818 0.138982
0.0836596 0.0790936 0.000173949 0.515125 9.9955E-05 0.321448 9.9955E-05 9.9955E-05 9.9955E-05 9.9955E-05
0.0629496 0.129349 9.9946E-05 0.494656 9.9946E-05 0.312445 9.9946E-05 9.9946E-05 9.9946E-05 9.9946E-05
0.2066 0.130016 9.9973E-05 0.268831 0.00257946 0.247735 0.0125384 9.9973E-05 9.9973E-05 0.131399
9.9964E-05 0.268494 0.011447 9.9964E-05 0.031592 9.9964E-05 9.9964E-05 0.0463976 0.101591 0.540078
9.9982E-05 0.126327 9.9982E-05 0.00482527 0.0657958 0.100525 0.0218286 0.0372431 0.0562543 0.587001
0.651489 9.9946E-05 0.00860118 9.9946E-05 0.00598638 9.9946E-05 9.9946E-05 9.9946E-05 9.9946E-05 0.333324
0.4105 9.9964E-05 0.0359379 9.9964E-05 0.122484 9.9964E-05 0.0293515 9.9964E-05 0.0250899 0.376237
0.39543 0.00822263 0.0317418 9.9991E-05 0.0863756 0.0391358 0.0242427 0.0111876 0.00715394 0.39641
9.9982E-05 0.482023 0.00698417 0.0516757 0.0989069 9.9982E-05 0.0112219 0.153792 0.00628369 0.188912
0.0354288 0.0385712 0.0284736 0.0539706 0.0489897 0.0668552 0.0586671 0.0937196 0.0829929 0.492331
9.9964E-05 0.576835 9.9964E-05 0.0155503 0.140004 9.9964E-05 9.9964E-05 0.10842 0.0161835 0.142607
9.9964E-05 0.222008 9.9964E-05 0.0399023 0.0408435 0.03923 9.9964E-05 0.105135 9.9964E-05 0.552481
9.9964E-05 0.24044 9.9964E-05 0.0691682 0.100007 9.9964E-05 0.0301802 0.117542 9.9964E-05 0.442264
9.99519E-05 0.390392 0.0201641 9.99519E-05 9.99519E-05 9.99519E-05 9.99519E-05 0.0612907 9.99519E-05 0.527554
9.9964E-05 0.575395 9.9964E-05 0.0798707 0.0417117 9.9964E-05 9.9964E-05 0.127249 0.0402181 0.135156
9.9982E-05 0.157022 0.0330854 0.0265126 9.9982E-05 0.00587275 0.0557645 0.0135468 0.0610898 0.646906
0.00161429 0.149082 0.00493858 0.047931 0.0408998 0.0558238 0.0171943 0.0650973 0.0328334 0.584585
0.959837 0.00507869 9.9946E-05 9.9946E-05 9.9946E-05 9.9946E-05 9.9946E-05 9.9946E-05 0.0218121 0.0126728
0.923146 9.9946E-05 9.9946E-05 9.9946E-05 0.010966 9.9946E-05 9.9946E-05 0.0378893 9.9946E-05 0.0273986
0.509136 0.0249558 0.014386 9.9973E-05 0.103808 0.0463473 9.9973E-05 9.9973E-05 0.00328915 0.297778
0.614909 9.9937E-05 9.9937E-05 9.9937E-05 9.9937E-05 9.9937E-05 0.0466917 9.9937E-05 9.9937E-05 0.3377
0.837133 9.9946E-05 9.9946E-05 9.9946E-05 0.0125111 9.9946E-05 0.0338259 9.9946E-05 9.9946E-05 0.11593
0.999101 9.99201E-05 9.99201E-05 9.99201E-05 9.99201E-05 9.99201E-05 9.99201E-05 9.99201E-05 9.99201E-05 9.99201E-05
0.964186 9.9937E-05 9.9937E-05 9.9937E-05 9.9937E-05 9.9937E-05 0.0280981 0.0070161 9.9937E-05 9.9937E-05
0.830481 9.9937E-05 9.9937E-05 9.9937E-05 0.0180488 9.9937E-05 9.9937E-05 9.9937E-05 9.9937E-05 0.150771
0.958377 9.9946E-05 0.00817167 9.9946E-05 0.00759441 9.9946E-05 0.0252574 9.9946E-05 9.9946E-05 9.9946E-05
0.999101 9.99201E-05 9.99201E-05 9.99201E-05 9.99201E-05 9.99201E-05 9.99201E-05 9.99201E-05 9.99201E-05 9.99201E-05
0.999101 9.99201E-05 9.99201E-05 9.99201E-05 9.99201E-05 9.99201E-05 9.99201E-05 9.99201E-05 9.99201E-05 9.99201E-05
0.743578 0.00102878 0.00510364 9.9964E-05 0.0228655 0.0131418 9.9964E-05 9.9964E-05 9.9964E-05 0.213883
0.804483 9.9973E-05 9.9973E-05 0.00417048 0.0388512 0.011602 0.0397107 9.9973E-05 0.0178839 0.0829989
0.997067 9.9928E-05 0.00213318 9.9928E-05 9.9928E-05 9.9928E-05 9.9928E-05 9.9928E-05 9.9928E-05 9.9928E-05
0.35155 0.0827183 0.0201127 9.9973E-05 0.0980799 0.0579751 9.9973E-05 0.0299984 9.9973E-05 0.359266
0.638824 0.0152043 0.0249658 9.9973E-05 9.9973E-05 0.0135414 0.0260458 9.9973E-05 0.0424273 0.238691
0.814528 9.9946E-05 0.00862733 9.9946E-05 9.9946E-05 0.0209279 9.9946E-05 9.9946E-05 9.9946E-05 0.155317
0.909709 9.9955E-05 0.00961205 9.9955E-05 0.0255067 9.9955E-05 9.9955E-05 9.9955E-05 0.0146555 0.0400166
0.999101 9.99201E-05 9.99201E-05 9.99201E-05 9.99201E-05 9.99201E-05 9.99201E-05 9.99201E-05 9.99201E-05 9.99201E-05
0.950498 9.9946E-05 9.9946E-05 0.000756344 9.9946E-05 0.00595179 9.9946E-05 9.9946E-05 9.9946E-05 0.0421944
0.989067 9.9928E-05 0.0101339 9.9928E-05 9.9928E-05 9.9928E-05 9.9928E-05 9.9928E-05 9.9928E-05 9.9928E-05
0.644744 9.9973E-05 0.01442 9.9973E-05 0.0701074 0.0423335 0.00138655 9.9973E-05 0.0139362 0.212773
0.97199 9.9955E-05 0.00283059 0.00191994 9.9955E-05 9.9955E-05 9.9955E-05 0.0158806 0.00687934 9.9955E-05
0.0198834 0.507019 9.9955E-05 0.225549 9.9955E-05 0.199995 9.9955E-05 0.0470535 9.9955E-05 9.9955E-05
0.0700706 0.230164 0.0144714 0.0893602 0.0410293 0.182899 0.0419052 9.9982E-05 9.9982E-05 0.329901
0.018029 0.287263 9.9964E-05 0.0851611 9.9964E-05 0.115455 0.0389597 9.9964E-05 9.9964E-05 0.454733
0.110358 0.474463 0.0156195 0.118684 9.9973E-05 0.119692 0.0179347 9.9973E-05 9.9973E-05 0.142949
0.130361 0.141601 0.0337742 0.0697741 0.120654 0.0590487 0.0412287 9.9991E-05 0.0208917 0.382566
0.114261 0.463527 0.0333851 0.162826 0.0365005 0.141651 9.9982E-05 0.000844189 9.9982E-05 0.0468047
0.0609563 0.136283 0.0193533 0.0987889 0.0376417 0.130513 0.0664077 0.00977954 9.9991E-05 0.440178
0.116065 0.37685 0.0164487 0.107887 9.9973E-05 0.134126 9.9973E-05 0.00661281 9.9973E-05 0.24171
0.0674957 0.217923 0.0225734 0.104725 9.9982E-05 0.093294 0.000320123 0.00334244 9.9982E-05 0.490127
0.0958856 0.314945 0.034524 0.0778258 0.0297836 0.102276 9.9982E-05 9.9982E-05 0.0310089 0.313551
0.0779477 0.272924 0.0189642 0.0583643 9.9991E-05 0.150361 0.00158148 0.00470554 0.00458902 0.410463
9.9964E-05 0.0362571 0.00914373 0.00575011 9.9964E-05 0.866735 0.0216704 9.9964E-05 9.9964E-05 0.0600439
0.0640417 9.9955E-05 0.0289999 0.030063 9.9955E-05 0.85851 9.9955E-05 0.017886 9.9955E-05 9.9955E-05
9.9955E-05 9.9955E-05 0.0376749 0.0153032 9.9955E-05 0.896333 0.0329944 9.9955E-05 9.9955E-05 0.0171946
9.9937E-05 9.9937E-05 0.00186901 0.0568038 9.9937E-05 0.940628 9.9937E-05 9.9937E-05 9.9937E-05 9.9937E-05
9.9973E-05 9.9973E-05 0.0396831 0.0236392 0.0267885 0.853085 0.00578505 0.00496338 9.9973E-05 0.0457556
0.00235307 9.9955E-05 0.0407684 0.00352405 9.9955E-05 0.945466 9.9955E-05 0.00738844 9.9955E-05 9.9955E-05
0.00731114 9.9955E-05 0.0473625 9.9955E-05 9.9955E-05 0.885292 0.00247463 9.9955E-05 9.9955E-05 0.0570595
9.9964E-05 9.9964E-05 0.0424937 0.0308584 0.00601289 0.892986 0.0246797 0.00256904 9.9964E-05 9.9964E-05
0.0286323 0.00496211 0.0165308 0.0193096 0.0189863 0.874205 9.9982E-05 9.9982E-05 0.0208454 0.0163287
0.00794468 0.00056354 0.0277782 0.0617647 9.9973E-05 0.851791 0.0395979 9.9973E-05 9.9973E-05 0.01026
0.00271104 0.0553384 9.9973E-05 9.9973E-05 0.0400533 0.608572 0.221656 0.00961219 0.0617575 9.9973E-05
9.9973E-05 0.0292498 0.0291489 9.9973E-05 0.0442525 0.59184 0.248691 0.0278312 0.0286862 9.9973E-05
9.9982E-05 0.0842544 0.0121623 0.0389422 0.125688 0.512319 0.195887 0.00420619 0.0263413 9.9982E-05
9.9955E-05 0.128631 9.9955E-05 9.9955E-05 0.153732 0.460965 0.253806 9.9955E-05 0.00236618 9.9955E-05
9.9973E-05 0.0062201 0.0440382 9.9973E-05 0.169589 0.0362497 0.0630118 9.9973E-05 0.231393 0.449198
0.0272358 9.9982E-05 0.00599215 9.9982E-05 0.0861132 0.0373123 0.0746151 0.0127998 0.304522 0.45121
0.0284796 9.9973E-05 9.9973E-05 9.9973E-05 0.0836995 0.016634 0.126997 0.00476287 0.196516 0.542612
9.9982E-05 9.9982E-05 0.0289491 0.0317336 0.237957 0.012524 0.144278 0.0303771 0.222445 0.291536
9.9964E-05 9.9964E-05 9.9964E-05 0.0124282 0.493411 9.9964E-05 0.296258 0.0462873 0.0142505 0.136965
9.9964E-05 9.9964E-05 0.00866994 9.9964E-05 9.9964E-05 0.0262788 0.0642864 0.0641597 0.181428 0.654777
9.9955E-05 9.9955E-05 9.9955E-05 9.9955E-05 0.059164 9.9955E-05 0.0899619 0.00938309 0.230187 0.610804
9.9973E-05 0.028991 0.00990536 0.0299547 9.9973E-05 9.9973E-05 0.0256173 0.110926 0.261431 0.532875
9.9937E-05 9.9937E-05 9.9937E-05 9.9937E-05 9.9937E-05 9.9937E-05 9.9937E-05 0.0579522 0.548637 0.392712
9.9991E-05 0.0428377 0.0223039 0.0361046 0.0499564 0.0189729 0.0613009 0.0360038 0.124835 0.607584
9.9955E-05 9.9955E-05 0.000283823 9.9955E-05 0.0898512 9.9955E-05 0.0134485 9.9955E-05 0.497169 0.398748
9.9937E-05 9.9937E-05 9.9937E-05 9.9937E-05 9.9937E-05 9.9937E-05 0.0102758 0.162941 0.826084 9.9937E-05
0.00835468 9.9973E-05 9.9973E-05 9.9973E-05 0.0935417 0.0755148 0.0876001 0.0683934 0.135519 0.530776
9.9955E-05 0.0357776 9.9955E-05 0.0561248 9.9955E-05 9.9955E-05 9.9955E-05 0.135158 0.623012 0.149428
9.9973E-05 9.9973E-05 0.0280143 0.00841987 0.00027024 9.9973E-05 0.0134661 0.0353005 0.398266 0.515963
9.9955E-05 9.9955E-05 9.9955E-05 9.9955E-05 0.221027 0.00359654 0.0630514 9.9955E-05 0.610481 0.101344
9.9937E-05 0.0787734 9.9937E-05 9.9937E-05 9.9937E-05 0.101483 0.819044 9.9937E-05 9.9937E-05 9.9937E-05
9.9946E-05 0.0909467 9.9946E-05 9.9946E-05 9.9946E-05 0.0529498 0.789662 9.9946E-05 9.9946E-05 0.0658415
9.9955E-05 0.120274 0.019131 9.9955E-05 9.9955E-05 0.0277981 0.798251 9.9955E-05 9.9955E-05 0.0340457
9.9946E-05 0.122688 9.9946E-05 9.9946E-05 9.9946E-05 0.085214 0.781656 9.9946E-05 0.00984197 9.9946E-05
9.9946E-05 0.0899896 9.9946E-05 9.9946E-05 9.9946E-05 0.00167301 0.779413 9.9946E-05 9.9946E-05 0.128324
0.0503699 0.0983924 9.9964E-05 9.9964E-05 9.9964E-05 0.0161599 0.767325 0.0133493 9.9964E-05 0.0540039
0.0675527 9.9964E-05 0.0213524 9.9964E-05 9.9964E-05 0.832703 0.00662658 9.9964E-05 0.0555656 0.0158004
9.9973E-05 9.9973E-05 9.9973E-05 0.0187175 0.0200523 0.816314 0.00933313 0.00241898 0.0298 0.103064
0.0157107 9.9964E-05 0.0164399 0.0479421 9.9964E-05 0.74454 9.9964E-05 0.043593 9.9964E-05 0.131374
0.0628466 9.9946E-05 9.9946E-05 9.9946E-05 0.00420124 0.849878 9.9946E-05 9.9946E-05 0.0824746 9.9946E-05
0.0482513 0.0308797 0.0112485 9.9955E-05 9.9955E-05 0.777186 9.9955E-05 9.9955E-05 9.9955E-05 0.131935
9.9964E-05 0.0934045 0.0272314 0.0147417 9.9964E-05 0.349041 0.514649 9.9964E-05 0.000531659 9.9964E-05
9.9955E-05 0.0504436 0.0384433 9.9955E-05 9.9955E-05 0.385435 0.486307 0.0388714 9.9955E-05 9.9955E-05
9.9964E-05 9.9964E-05 0.0290972 0.0463754 9.9964E-05 0.379784 0.477812 0.0390873 9.9964E-05 0.027444
9.99201E-05 9.99201E-05 0.999101 9.99201E-05 9.99201E-05 9.99201E-05 9.99201E-05 9.99201E-05 9.99201E-05 9.99201E-05
9.9964E-05 9.9964E-05 0.0365148 9.9964E-05 0.0475607 0.360911 0.470983 0.036171 0.0474602 9.9964E-05
0.240408 0.00801817 0.0136705 0.21683 9.9973E-05 0.191898 9.9973E-05 0.000580062 9.9973E-05 0.328296
0.146404 0.00125564 0.00431362 0.0843094 0.0248683 0.107103 0.0370848 0.0134431 9.9991E-05 0.581118
0.178287 9.9946E-05 9.9946E-05 9.9946E-05 0.0333021 0.194627 9.9946E-05 9.9946E-05 9.9946E-05 0.593185
0.211634 0.0743674 9.9964E-05 0.117459 9.9964E-05 0.23866 9.9964E-05 0.022935 9.9964E-05 0.334545
0.0907116 0.0479624 0.029526 0.0372345 0.0961517 0.115247 0.0397631 9.9991E-05 0.0377671 0.505536
0.2528 0.0525152 0.0202018 0.353133 9.9973E-05 0.307811 0.000968588 0.0122703 9.9973E-05 9.9973E-05
9.9955E-05 0.0887565 9.9955E-05 9.9955E-05 0.294298 9.9955E-05 0.211473 0.0279809 9.9955E-05 0.376992
9.9973E-05 0.0657622 9.9973E-05 0.0706165 0.147582 9.9973E-05 0.102113 0.157892 0.0718465 0.383888
9.9973E-05 0.0332465 0.0104046 9.9973E-05 0.600194 9.9973E-05 0.162748 0.00714224 0.0211517 0.164813
9.9964E-05 0.0553604 9.9964E-05 9.9964E-05 0.167658 9.9964E-05 0.0717895 0.189228 0.0549348 0.460629
9.9964E-05 0.198791 9.9964E-05 0.0646375 0.186641 9.9964E-05 0.149567 0.332678 0.0672846 9.9964E-05
9.9991E-05 0.00982402 0.0224367 0.0913823 0.175037 0.0263212 0.0187265 0.0604239 0.0371014 0.558647
9.9982E-05 0.0649993 0.0204986 0.0317371 0.171547 9.9982E-05 0.0815673 0.123702 0.00382438 0.501924
9.9982E-05 0.10619 0.0254387 0.00171446 0.396368 9.9982E-05 0.171532 0.0398805 0.0222061 0.236469
0.0337366 0.0387127 0.0164658 0.0215922 0.172021 0.0461251 0.0959515 9.9991E-05 0.0933297 0.481965
9.9973E-05 0.181904 9.9973E-05 0.0390825 0.436422 9.9973E-05 0.0433193 0.163589 0.125022 0.0103611
9.9982E-05 0.0397271 9.9982E-05 0.06003 0.179218 0.00964567 0.0646531 0.0827011 0.0304975 0.533327
0.00181667 0.0160176 9.9982E-05 0.0134141 0.311681 9.9982E-05 0.150636 0.0343961 0.0283949 0.443443
0.0978789 0.025846 9.9991E-05 0.143392 0.103124 0.0789891 0.0246996 0.0494002 0.0712768 0.405293
9.9973E-05 0.0283651 9.9973E-05 0.100356 0.321338 9.9973E-05 0.0679829 0.130041 0.0938881 0.257729
0.0131303 0.0880255 9.9982E-05 0.0714014 0.214991 9.9982E-05 0.0746292 0.0839798 0.100591 0.353052
0.00160025 0.0543484 9.9982E-05 0.0185373 0.142229 9.9982E-05 0.129025 0.0808794 0.0306731 0.542507
9.9973E-05 0.071156 9.9973E-05 0.051162 0.219773 9.9973E-05 0.0691018 0.0754124 0.0112334 0.501861
0.0196726 0.0208224 0.0317143 0.0467155 9.9982E-05 9.9982E-05 0.108084 0.0529262 0.0651992 0.654666
0.0335789 0.085725 0.00133057 0.0567251 0.0567743 0.0517551 0.0968661 0.0476509 0.0428343 0.52676
9.9982E-05 9.9982E-05 0.0157693 0.0472324 0.192391 0.0515306 0.0770438 0.0258786 0.0540778 0.535877
0.0354785 9.9946E-05 0.0152484 9.9946E-05 9.9946E-05 0.836578 9.9946E-05 9.9946E-05 9.9946E-05 0.112096
9.9937E-05 9.9937E-05 9.9937E-05 9.9937E-05 9.9937E-05 0.893014 9.9937E-05 0.00127029 9.9937E-05 0.105016
9.9964E-05 0.0209609 0.0465168 0.030044 9.9964E-05 0.819198 0.0376249 9.9964E-05 9.9964E-05 0.0452553
0.0589897 9.9964E-05 0.0224885 9.9964E-05 0.0158511 0.878217 9.9964E-05 0.0185762 9.9964E-05 0.00547707
9.9946E-05 0.00165665 0.0357551 9.9946E-05 9.9946E-05 0.872685 9.9946E-05 9.9946E-05 9.9946E-05 0.0893039
0.017836 0.0236995 0.0259635 0.0386995 0.664369 0.00907812 0.179558 0.0114448 0.0292517 9.9991E-05
0.0307694 9.9982E-05 0.00982371 0.0577132 0.160593 9.9982E-05 0.08056 0.139673 0.0429512 0.477717
0.211226 0.066936 9.9973E-05 0.0904244 9.9973E-05 0.1427 0.0195597 0.0373326 9.9973E-05 0.431521
0.0468633 0.00115067 0.0157961 9.9982E-05 0.233269 9.9982E-05 0.059752 0.00708203 0.0521159 0.583771
9.9964E-05 9.9964E-05 0.0181095 0.0248096 0.35491 9.9964E-05 0.0989246 9.9964E-05 0.0611407 0.441706
9.9973E-05 0.0430918 9.9973E-05 0.108767 0.288214 9.9973E-05 0.113102 0.202785 0.0302964 0.213445
9.9955E-05 9.9955E-05 0.0118267 0.073882 0.581862 0.033222 0.298707 9.9955E-05 9.9955E-05 9.9955E-05
9.9973E-05 9.9973E-05 0.024275 0.0405825 0.286796 0.012922 0.178392 9.9973E-05 0.0514 0.405333
0.0170743 0.00818238 0.0199904 9.9973E-05 0.474996 0.0182758 0.303919 9.9973E-05 9.9973E-05 0.157262
9.9991E-05 0.0716659 0.00608895 0.0973473 0.102015 0.0310305 0.123901 0.0468678 0.0695791 0.451404
9.9964E-05 9.9964E-05 9.9964E-05 0.0198746 0.5268 0.0820264 0.241946 0.0604811 9.9964E-05 0.0684718
0.0264532 9.9982E-05 0.00750933 9.9982E-05 0.249806 0.0798853 0.126387 0.00033482 0.0104789 0.498945
9.9973E-05 0.0495707 0.036311 0.0495045 0.610526 9.9973E-05 0.199826 9.9973E-05 0.0147359 0.039226
0.0845654 0.0221914 9.9982E-05 0.0841469 0.393557 9.9982E-05 0.0594061 0.108725 0.0912486 0.15596
9.9991E-05 0.191224 0.000873876 0.0481231 0.0745233 0.066104 0.0527078 0.0562953 0.0118284 0.49822
9.9964E-05 0.539528 9.9964E-05 9.9964E-05 0.0633182 9.9964E-05 0.0500157 0.0996513 0.0252275 0.22186
0.0208288 0.300909 0.00922043 0.0461269 0.0135618 0.0107198 0.0265033 0.0831888 0.0159679 0.472973
9.9982E-05 0.222265 9.9982E-05 0.055989 0.0830405 0.0576134 0.0431126 0.0152199 0.0301066 0.492453
9.9973E-05 0.533011 9.9973E-05 0.0660845 0.0843424 9.9973E-05 0.0163435 0.0463714 0.0953529 0.158194
0.00332664 0.142032 0.0129885 0.0212746 0.0618841 0.0714591 0.0670003 0.0366517 0.0920414 0.491342
9.9982E-05 0.324585 0.00960368 0.0327443 9.9982E-05 0.0159247 0.0735973 0.0366639 0.032531 0.47415
9.9973E-05 0.592861 9.9973E-05 0.0505193 0.0326651 9.9973E-05 0.0169338 0.145145 0.134268 0.0273078
9.9964E-05 0.734595 9.9964E-05 0.046967 9.9964E-05 9.9964E-05 0.0266948 0.0477875 0.0427341 0.100822
9.9973E-05 0.414301 9.9973E-05 0.0227699 0.0170066 9.9973E-05 0.045867 0.0331304 0.0538568 0.412769
9.9964E-05 0.641788 0.00241096 0.00439405 9.9964E-05 9.9964E-05 0.0529898 0.0852435 0.212774 9.9964E-05
9.9955E-05 0.463324 9.9955E-05 9.9955E-05 0.0892416 9.9955E-05 0.0655973 0.0130058 9.9955E-05 0.368331
0.0118323 9.9982E-05 0.00734176 9.9982E-05 0.654664 0.00444571 0.248463 0.024702 0.0161343 0.0322174
0.0536633 9.9973E-05 9.9973E-05 0.0673492 0.393049 9.9973E-05 0.11572 0.234411 0.0200334 0.115473
0.0426282 9.9982E-05 0.0130302 9.9982E-05 0.390336 0.013768 0.184713 0.00981064 0.0107548 0.334759
9.9982E-05 9.9982E-05 0.0143516 0.0259626 0.197419 0.0292384 0.147755 0.00797589 0.019955 0.557143
0.0026735 9.9964E-05 9.9964E-05 0.00280069 0.52301 9.9964E-05 0.236321 9.9964E-05 0.103284 0.131511
9.9982E-05 9.9982E-05 0.0141401 0.0911836 0.177198 0.0102313 0.0895289 0.0431951 0.0650149 0.509308
0.0428922 0.0299863 0.0213809 0.00487811 0.138124 0.0441469 0.131403 0.0113284 0.0463145 0.529546
0.000909787 9.9982E-05 0.0192078 0.0814544 0.195334 9.9982E-05 0.114084 0.0578503 0.0861763 0.444784
0.0263012 9.9973E-05 9.9973E-05 0.0186804 0.216386 9.9973E-05 0.155697 0.0619894 0.0529905 0.467656
0.00364862 9.9973E-05 0.00240768 9.9973E-05 0.298338 0.0107972 0.212023 0.0149723 9.9973E-05 0.457514
0.00946726 9.9982E-05 0.0269726 0.0128374 0.469205 9.9982E-05 0.207876 0.0255401 0.0726659 0.175235
9.9955E-05 9.9955E-05 9.9955E-05 9.9955E-05 0.35597 9.9955E-05 0.242895 0.0313255 0.00449561 0.364814
9.9973E-05 0.00109206 9.9973E-05 0.123498 0.140359 9.9973E-05 0.0838336 0.0645783 0.0177658 0.568574
9.9973E-05 9.9973E-05 9.9973E-05 0.0997671 0.146099 0.00757199 0.0479358 0.0875551 0.0223385 0.588432
0.0531483 9.9973E-05 9.9973E-05 0.141256 0.21988 9.9973E-05 0.158937 0.0714173 0.0716057 0.283456
0.0441567 9.9973E-05 9.9973E-05 0.0416367 0.181068 9.9973E-05 0.111082 0.0901822 0.0753421 0.456233
0.0368207 9.9982E-05 0.00489166 0.0194275 0.366596 9.9982E-05 0.215477 0.061771 0.000597751 0.294218
9.9973E-05 9.9973E-05 9.9973E-05 0.0192273 0.225478 0.0319223 0.147964 0.0506858 0.00249026 0.521932
0.0513113 9.9973E-05 9.9973E-05 9.9973E-05 0.333861 0.0513304 0.133073 0.0101932 0.00933279 0.410598
0.0268628 0.0340089 0.037336 0.0544324 0.094013 0.0491043 0.0997845 0.0242536 0.0554456 0.524759
0.0890103 0.0257774 9.99769E-05 0.0316823 0.099266 0.303621 9.99769E-05 9.99769E-05 0.0161248 0.434219
0.0689613 9.9973E-05 0.0270907 0.122957 0.0547695 0.0777044 9.9973E-05 0.045632 9.9973E-05 0.602586
0.107265 0.0522151 0.0621141 0.0892837 0.125637 0.057109 0.0102253 0.0281146 0.00995963 0.458077
0.0911696 0.0178808 0.0121554 0.158159 0.0134246 0.0236166 0.0504688 0.0458343 0.0558733 0.531418
0.137804 0.0522559 0.0108403 0.140952 0.0155435 0.133165 9.9982E-05 9.9982E-05 0.0439575 0.465281
9.9973E-05 0.130276 9.9973E-05 0.00173012 0.177741 9.9973E-05 0.0544545 0.160583 0.032033 0.442883
0.133928 0.0453124 0.0252871 0.0812578 0.0127824 0.0430664 0.0637357 0.017096 0.0582655 0.519269
0.12572 0.161666 9.9982E-05 0.284835 0.196192 0.121069 9.9982E-05 0.0869494 0.0110517 0.0123174
0.0227234 0.00961591 0.0117865 0.145894 0.0802218 0.0440919 0.0433076 0.0148569 9.9991E-05 0.627402
0.0916508 9.9991E-05 0.0297237 0.126358 0.0273481 0.0834123 0.0415791 0.0211607 0.0223837 0.556283
0.159829 0.0557114 0.0284211 0.0459472 0.0456379 0.0849279 0.0350066 0.0146418 0.0352894 0.494588
0.0605488 0.0811358 0.0208763 0.206035 0.168431 0.0709275 9.9991E-05 0.070186 0.010056 0.311704
0.0793838 9.9964E-05 0.0110071 0.0676882 0.129867 0.184095 9.9964E-05 9.9964E-05 9.9964E-05 0.527559
0.0783043 9.9973E-05 0.0171974 0.136994 9.9973E-05 0.0853397 0.0589343 0.0584195 9.9973E-05 0.564511
0.082621 0.060897 0.0101668 0.541442 9.9955E-05 0.304374 9.9955E-05 9.9955E-05 9.9955E-05 9.9955E-05
0.133039 0.00657415 0.0153249 0.066473 0.0938405 0.114535 0.0327139 0.0267711 0.0285037 0.482225
0.175193 0.0199565 0.0349811 0.0539894 9.9973E-05 0.105077 9.9973E-05 0.0327353 9.9973E-05 0.577767
0.0199649 0.066202 0.00711599 0.0812601 0.0990692 0.0683692 9.9991E-05 0.0305802 0.0132571 0.614081
0.145387 9.9955E-05 0.0210528 0.158181 9.9955E-05 0.126944 9.9955E-05 9.9955E-05 9.9955E-05 0.547936
0.0741412 0.0809161 0.0593273 0.0317688 0.0876812 0.144352 9.9982E-05 9.9982E-05 0.0331302 0.488484
9.9955E-05 9.9955E-05 0.000555609 9.9955E-05 9.9955E-05 0.0747093 9.9955E-05 0.460475 0.0460197 0.417741
0.0274897 0.0344265 0.00868872 0.0179995 0.0551765 0.0601133 0.00597252 0.220475 0.0891735 0.480485
9.9937E-05 9.9937E-05 9.9937E-05 9.9937E-05 0.062777 9.9937E-05 9.9937E-05 0.921064 0.015459 9.9937E-05
9.9946E-05 0.0034153 9.9946E-05 9.9946E-05 0.0300568 0.0208395 9.9946E-05 0.945089 9.9946E-05 9.9946E-05
0.0452767 0.0843018 0.0129969 9.9973E-05 0.0710069 0.0497787 9.9973E-05 0.309414 9.9973E-05 0.426925
0.274504 0.0593009 9.9973E-05 0.112997 9.9973E-05 0.0766822 0.028557 0.0792818 9.9973E-05 0.368377
0.253991 9.9955E-05 9.9955E-05 0.0912171 9.9955E-05 0.107856 9.9955E-05 0.202644 9.9955E-05 0.343792
0.26981 9.9955E-05 9.9955E-05 0.161804 9.9955E-05 0.130487 9.9955E-05 0.245972 9.9955E-05 0.191428
0.172413 9.9964E-05 0.0253936 0.171632 9.9964E-05 0.0706781 9.9964E-05 0.181491 9.9964E-05 0.377993
0.0119905 0.00996668 0.0193333 0.133272 0.000139683 0.0449917 9.9982E-05 0.713837 9.9982E-05 0.0662698
0.0336417 9.9964E-05 0.0362574 0.12742 9.9964E-05 0.0139195 9.9964E-05 0.679184 9.9964E-05 0.109178
0.0380461 0.0393559 9.9973E-05 0.00976684 0.0561435 0.007417 9.9973E-05 0.327282 9.9973E-05 0.521688
0.102176 9.9946E-05 9.9946E-05 9.9946E-05 9.9946E-05 0.0745927 9.9946E-05 0.466725 9.9946E-05 0.355906
0.0679603 9.9955E-05 0.00718611 9.9955E-05 9.9955E-05 0.0631345 9.9955E-05 0.703788 9.9955E-05 0.157431
0.0543924 9.9973E-05 0.00346586 9.9973E-05 0.0511247 0.0729928 0.0410139 0.285451 9.9973E-05 0.49126
0.0175934 9.9973E-05 0.0144698 0.00557338 9.9973E-05 0.031243 0.0484137 0.311699 9.9973E-05 0.570708
0.0784717 9.9973E-05 0.00335466 9.9973E-05 0.0396856 0.0394842 9.9973E-05 0.307019 0.0255369 0.506148
9.9955E-05 9.9955E-05 0.00384908 9.9955E-05 9.9955E-05 0.012994 0.0159045 0.659726 9.9955E-05 0.307027
9.9964E-05 0.0133474 9.9964E-05 9.9964E-05 0.0444602 0.024142 0.0501024 0.497066 9.9964E-05 0.370482
9.9982E-05 0.0416946 0.0215015 9.9982E-05 0.0338355 0.0286425 0.0225499 0.284281 0.0516564 0.515638
0.0130435 0.0696936 0.00378229 9.9973E-05 9.9973E-05 0.00688836 0.0862215 0.36282 9.9973E-05 0.45725
0.051804 0.0351371 0.00132537 0.0165353 0.054426 0.0483842 0.0393178 0.276621 9.9991E-05 0.476349
9.9982E-05 0.0621689 0.00529338 0.0177081 9.9982E-05 0.00779123 0.0312368 0.448232 0.0161009 0.411269
9.9946E-05 9.9946E-05 0.0228457 9.9946E-05 9.9946E-05 9.9946E-05 0.0179459 0.781463 9.9946E-05 0.177146
9.9937E-05 9.9937E-05 0.0167637 9.9937E-05 9.9937E-05 9.9937E-05 9.9937E-05 0.374602 9.9937E-05 0.607935
9.9946E-05 9.9946E-05 9.9946E-05 9.9946E-05 0.0299411 9.9946E-05 0.0236917 0.805739 9.9946E-05 0.140029
9.9946E-05 9.9946E-05 0.016441 9.9946E-05 9.9946E-05 0.0203544 9.9946E-05 0.554865 9.9946E-05 0.40774
0.027484 0.00793807 0.0213132 9.9982E-05 0.0345773 0.00842528 0.0782658 0.332209 9.9982E-05 0.489588
0.0110829 9.9982E-05 0.00932877 9.9982E-05 0.0807193 0.0733709 0.00192132 0.318286 0.00342065 0.50167
0.0798947 0.0334393 0.0312994 0.0511627 0.00158159 0.168701 9.9991E-05 0.0792648 0.0325099 0.522047
0.0919061 0.102509 0.0434955 0.0095165 0.0649312 0.122195 0.020106 0.130199 9.9991E-05 0.415043
0.213187 0.0417551 0.0222324 0.135065 9.9973E-05 0.149099 9.9973E-05 0.0931878 9.9973E-05 0.345174
0.167113 0.0430859 0.0267271 0.106604 0.0348608 0.149097 9.9991E-05 0.0795352 0.0420212 0.350856
0.221231 0.00646722 0.0198507 0.0623172 0.0294501 0.103805 0.0771127 0.0686117 0.0474375 0.363717
0.107025 0.082094 0.0117949 0.0226004 0.0107166 0.165534 9.9991E-05 0.169364 0.0204274 0.410343
0.0819106 9.9955E-05 0.0196716 0.11077 9.9955E-05 0.140749 9.9955E-05 0.646399 9.9955E-05 9.9955E-05
0.157915 0.0174253 0.030328 0.0323962 9.9973E-05 0.082558 9.9973E-05 0.136223 9.9973E-05 0.542855
0.067347 0.00327313 9.9955E-05 0.264341 9.9955E-05 0.254282 9.9955E-05 0.410257 9.9955E-05 9.9955E-05
0.111455 9.9955E-05 0.0118787 9.9955E-05 9.9955E-05 0.0537068 9.9955E-05 0.301542 9.9955E-05 0.520917
9.9928E-05 9.9928E-05 9.9928E-05 9.9928E-05 9.9928E-05 9.9928E-05 9.9928E-05 0.908211 9.9928E-05 0.0909897
