0.113922 9.9937E-05 9.9937E-05 0.0213329 9.9937E-05 9.9937E-05 9.9937E-05 9.9937E-05 9.9937E-05 0.864045
0.0339717 9.9937E-05 9.9937E-05 0.0168538 9.9937E-05 9.9937E-05 9.9937E-05 9.9937E-05 9.9937E-05 0.948475
9.9955E-05 0.0223221 9.9955E-05 9.9955E-05 0.0698119 9.9955E-05 0.0114506 9.9955E-05 0.0589213 0.836994
0.0223976 9.9955E-05 9.9955E-05 9.9955E-05 0.0256087 9.9955E-05 9.9955E-05 0.0186739 0.133111 0.79971
9.9937E-05 9.9937E-05 9.9937E-05 9.9937E-05 9.9937E-05 9.9937E-05 9.9937E-05 0.0103054 0.0821137 0.906881
0.0873202 0.0233031 9.9973E-05 0.00906756 9.9973E-05 0.224542 9.9973E-05 0.0477369 0.0264852 0.581246
9.9928E-05 9.9928E-05 9.9928E-05 9.9928E-05 9.9928E-05 0.242049 9.9928E-05 9.9928E-05 9.9928E-05 0.757151
9.9946E-05 0.0204617 9.9946E-05 9.9946E-05 9.9946E-05 0.275668 9.9946E-05 0.0012928 9.9946E-05 0.701978
9.99639E-05 9.99639E-05 9.99639E-05 0.0397063 0.0504338 0.0118175 0.00226792 0.0837893 9.99639E-05 0.811585
9.9955E-05 0.0180318 9.9955E-05 9.9955E-05 9.9955E-05 0.197168 9.9955E-05 0.0198509 0.0243904 0.74006
0.0202895 9.9946E-05 9.9946E-05 9.9946E-05 9.9946E-05 0.221024 9.9946E-05 9.9946E-05 0.0594313 0.698656
0.0249561 0.00951859 9.9937E-05 0.964826 9.9937E-05 9.9937E-05 9.9937E-05 9.9937E-05 9.9937E-05 9.9937E-05
0.0122573 0.0144404 9.9964E-05 0.463035 0.0130807 9.9964E-05 9.9964E-05 9.9964E-05 0.465817 0.0309697
9.9946E-05 0.0821095 9.9946E-05 0.863766 0.0101307 9.9946E-05 9.9946E-05 9.9946E-05 0.0433943 9.9946E-05
0.047681 0.0686912 9.9946E-05 0.798936 9.9946E-05 9.9946E-05 9.9946E-05 9.9946E-05 0.0840918 9.9946E-05
0.0230573 0.104251 9.9964E-05 0.549543 0.0179171 9.9964E-05 9.9964E-05 9.9964E-05 0.231987 0.072846
9.9955E-05 0.0332841 9.9955E-05 0.390464 0.0883114 9.9955E-05 9.9955E-05 9.9955E-05 0.456629 0.0308121
0.017224 0.0143112 9.9973E-05 0.561227 9.9973E-05 0.0135167 0.0444756 9.9973E-05 0.337495 0.011451
0.0727432 0.0208017 9.9964E-05 0.757004 0.030415 9.9964E-05 9.9964E-05 9.9964E-05 0.0633408 0.0552953
9.9937E-05 9.9937E-05 9.9937E-05 0.945708 9.9937E-05 0.035931 9.9937E-05 0.0176616 9.9937E-05 9.9937E-05
0.0388036 9.9982E-05 9.9982E-05 0.535773 0.00274201 0.0399369 0.0151117 0.00636726 0.337109 0.023956
9.9973E-05 0.0484473 0.0549164 0.362823 0.0666383 0.12478 0.0105054 9.9973E-05 0.33159 9.9973E-05
9.9982E-05 0.0153676 0.00498578 0.320665 9.9982E-05 0.0288211 0.0682619 0.0138071 0.490814 0.0570773
0.0448492 0.0395702 9.9946E-05 0.909881 9.9946E-05 0.00509964 9.9946E-05 9.9946E-05 9.9946E-05 9.9946E-05
9.999E-05 0.0672342 0.0199345 0.135828 0.0387045 0.0588751 0.00676716 0.0327881 0.606819 0.0329498
9.9955E-05 0.0095766 9.9955E-05 0.496343 0.00315078 9.9955E-05 9.9955E-05 9.9955E-05 0.44773 0.0426991
0.0485585 0.00805362 9.9964E-05 0.926145 9.9964E-05 0.00856213 9.9964E-05 9.9964E-05 0.0056284 0.00265233
9.9946E-05 0.072693 9.9946E-05 0.852495 9.9946E-05 9.9946E-05 9.9946E-05 9.9946E-05 0.0691092 0.00510301
9.9928E-05 9.9928E-05 9.9928E-05 0.929642 9.9928E-05 0.0695584 9.9928E-05 9.9928E-05 9.9928E-05 9.9928E-05
9.9937E-05 0.0361016 9.9937E-05 9.9937E-05 9.9937E-05 9.9937E-05 9.9937E-05 9.9937E-05 0.0841702 0.879029
9.9946E-05 0.02299 0.00257959 9.9946E-05 9.9946E-05 9.9946E-05 9.9946E-05 9.9946E-05 0.101589 0.872241
9.9946E-05 0.0902756 9.9946E-05 9.9946E-05 9.9946E-05 9.9946E-05 9.9946E-05 0.0161487 0.0873727 0.805603
0.0362337 0.0723753 9.9955E-05 9.9955E-05 0.0328244 9.9955E-05 9.9955E-05 9.9955E-05 0.135362 0.722705
9.9964E-05 9.9964E-05 9.9964E-05 0.00447389 9.9964E-05 0.179682 0.18421 0.0539848 0.488999 0.0882506
9.9964E-05 0.0314606 9.9964E-05 0.134336 0.0443242 9.9964E-05 0.256115 9.9964E-05 0.477212 0.0561523
0.00137937 0.00807592 9.9973E-05 9.9973E-05 0.0187537 0.00756634 0.366592 0.0154768 0.581856 9.9973E-05
9.9964E-05 9.9964E-05 0.0306824 0.546627 9.9964E-05 9.9964E-05 0.0398152 0.240902 0.0983607 0.0432131
9.9973E-05 0.0193224 0.0354192 9.9973E-05 0.0573676 0.0262536 0.572121 0.00881594 0.2804 9.9973E-05
0.0799806 9.9973E-05 0.0232771 0.173219 0.0104531 9.9973E-05 0.187079 9.9973E-05 0.443366 0.0823263
9.9955E-05 9.9955E-05 9.9955E-05 9.9955E-05 0.00911726 0.0725739 0.19182 9.9955E-05 0.692668 0.0333215
9.9955E-05 0.00911647 9.9955E-05 0.0927334 9.9955E-05 0.356138 9.9955E-05 9.9955E-05 0.467978 0.0735344
9.9982E-05 0.0470166 0.00263612 0.112647 9.9982E-05 0.179701 0.0612581 0.0516612 0.51066 0.0342208
9.9955E-05 9.9955E-05 9.9955E-05 0.216379 9.9955E-05 9.9955E-05 0.615227 0.00889118 0.121946 0.0370567
0.0394773 9.9964E-05 9.9964E-05 9.9964E-05 0.0508708 0.289569 9.9964E-05 0.0204532 0.577513 0.0217169
0.002143 0.0308194 9.9973E-05 9.9973E-05 9.9973E-05 0.0644969 0.193702 0.0408229 0.602406 0.0653091
0.00153375 0.0329197 9.9982E-05 0.0507901 0.0403436 0.112596 0.142485 9.9982E-05 0.531719 0.0874129
9.9946E-05 9.9946E-05 0.0186732 9.9946E-05 0.046252 9.9946E-05 0.567319 9.9946E-05 0.367156 9.9946E-05
0.0185317 0.00859712 9.9973E-05 0.0544479 0.0306804 9.9973E-05 0.228455 9.9973E-05 0.574263 0.0847246
0.0674984 0.0126452 0.0338006 0.0343108 9.9991E-05 0.0250801 0.18387 0.0568969 0.481297 0.104501
9.9955E-05 9.9955E-05 0.0551272 9.9955E-05 0.081039 0.142057 0.705798 0.0154792 9.9955E-05 9.9955E-05
9.9964E-05 9.9964E-05 0.0511397 0.431023 9.9964E-05 0.0766071 0.078653 0.296165 0.0660127 9.9964E-05
0.0267422 9.9982E-05 0.186037 0.37147 0.108205 0.114791 0.0907951 0.0335149 0.0682441 9.9982E-05
0.0218449 0.0413046 0.0241869 0.11639 0.0824922 0.0283793 0.0109443 0.109086 0.535687 0.029685
0.0147813 0.035281 0.0996849 0.202845 0.0460921 9.9982E-05 0.0371989 9.9982E-05 0.515743 0.0481743
0.0436433 0.000696525 0.0781086 0.0887976 0.0543797 0.0198319 0.00163306 0.0621591 0.593702 0.0570479
0.0205423 9.9982E-05 9.9982E-05 0.387424 0.0391343 0.0265978 0.0618391 0.226616 0.142363 0.0952835
9.9973E-05 9.9973E-05 0.0522789 0.274243 0.0297312 9.9973E-05 0.00142276 0.128221 0.506283 0.00751967
9.9973E-05 0.0310609 9.9973E-05 0.199177 0.0268731 9.9973E-05 0.0949051 0.0118067 0.54543 0.0904474
9.999E-05 0.0211607 0.0516811 0.224534 0.0110513 0.0682958 0.0748135 0.0926066 0.349835 0.105922
0.0336931 9.9982E-05 0.00743734 0.492494 9.9982E-05 0.100931 0.0634775 0.13193 0.0234741 0.146363
0.00489437 0.0144795 0.0389508 0.108291 0.0102131 0.0368827 0.10104 0.0944583 0.524841 0.065949
0.0406643 9.9991E-05 0.0781111 0.284797 0.00941569 0.00314971 0.0252647 0.0757432 0.415675 0.0670798
9.9973E-05 9.9973E-05 0.002037 0.630879 0.0351676 0.085985 0.0655737 0.125127 9.9973E-05 0.0549306
9.9964E-05 9.9964E-05 0.108197 0.418446 0.00898071 9.9964E-05 0.0410897 0.0725935 0.350293 9.9964E-05
0.100122 0.00111131 0.0757386 0.116197 0.0624244 9.9991E-05 0.0525383 0.0686219 0.509622 0.0135249
0.016496 0.00968432 0.0632644 0.144816 0.0493694 0.00959733 9.9991E-05 0.054601 0.576929 0.0751425
9.9982E-05 0.0571099 0.00842797 0.480584 9.9982E-05 0.0718302 0.0790758 0.064447 0.167855 0.0704705
9.9991E-05 0.0518777 0.073968 0.240171 0.0261865 0.0371538 0.0616372 0.0505867 0.446206 0.0121129
0.000257493 0.0228849 0.0685993 0.0901174 0.0250731 9.9991E-05 0.122198 0.0802132 0.544701 0.0458557
9.9982E-05 9.9982E-05 0.0356821 0.577041 0.0165035 0.0327331 0.0608558 0.127428 0.117754 0.0318031
9.9955E-05 0.00377531 9.9955E-05 0.0594936 9.9955E-05 9.9955E-05 0.411388 9.9955E-05 0.494239 0.030604
9.9955E-05 0.00989895 9.9955E-05 0.151346 9.9955E-05 9.9955E-05 0.629024 9.9955E-05 0.183085 0.0261467
0.0455569 9.9982E-05 9.9982E-05 0.0295307 0.0297111 0.0262053 0.209107 0.04146 0.52669 0.0915397
0.0258675 9.9964E-05 0.0645303 9.9964E-05 0.0171022 0.00255262 0.883607 9.9964E-05 0.00594085 9.9964E-05
9.9946E-05 9.9946E-05 0.0560729 0.0488168 9.9946E-05 0.0196263 0.874884 9.9946E-05 9.9946E-05 9.9946E-05
9.9946E-05 9.9946E-05 0.0757264 9.9946E-05 0.0116967 9.9946E-05 0.677188 9.9946E-05 0.234789 9.9946E-05
9.9955E-05 9.9955E-05 9.9955E-05 0.0591792 9.9955E-05 9.9955E-05 0.397106 0.0276407 0.495619 0.019955
0.0528399 0.00229713 0.0108289 0.109537 9.9973E-05 9.9973E-05 0.117946 9.9973E-05 0.546456 0.159795
9.9955E-05 0.0116613 9.9955E-05 0.0258954 9.9955E-05 0.0351065 0.448339 9.9955E-05 0.478499 9.9955E-05
9.9964E-05 0.0149071 9.9964E-05 0.19316 9.9964E-05 9.9964E-05 0.560899 0.0409337 0.144181 0.0455198
9.9964E-05 9.9964E-05 9.9964E-05 0.138955 9.9964E-05 0.00784223 0.496321 0.0808126 0.272582 0.00308687
9.9982E-05 0.0721143 0.0306137 0.0412318 0.00254124 0.0452796 0.237513 9.9982E-05 0.494685 0.075821
9.9946E-05 9.9946E-05 9.9946E-05 0.114353 9.9946E-05 9.9946E-05 0.517025 9.9946E-05 0.320411 0.0476119
0.0131358 9.9964E-05 9.9964E-05 0.102758 9.9964E-05 9.9964E-05 0.408431 0.0169727 0.442707 0.0155962
9.9955E-05 9.9955E-05 0.0379993 9.9955E-05 0.0160722 0.0458827 0.435064 9.9955E-05 0.464482 9.9955E-05
9.9955E-05 9.9955E-05 0.124977 9.9955E-05 0.101276 0.0388266 0.729078 0.00534217 9.9955E-05 9.9955E-05
9.999E-05 0.00295202 0.0135401 0.0178197 0.0315068 0.00503535 0.246072 0.0206005 0.616361 0.0460129
0.0121626 9.9964E-05 9.9964E-05 0.0131821 0.0239477 9.9964E-05 9.9964E-05 0.0583786 0.0850133 0.806916
0.0371116 9.9955E-05 9.9955E-05 0.00838687 0.0221288 9.9955E-05 9.9955E-05 9.9955E-05 0.0449256 0.886947
0.130083 9.9937E-05 9.9937E-05 9.9937E-05 9.9937E-05 9.9937E-05 9.9937E-05 9.9937E-05 0.0723067 0.79691
9.9946E-05 0.0708352 9.9946E-05 9.9946E-05 0.0250674 9.9946E-05 9.9946E-05 9.9946E-05 0.000577581 0.90292
9.99379E-05 0.0361527 0.00997446 9.99379E-05 9.99379E-05 9.99379E-05 9.99379E-05 9.99379E-05 9.99379E-05 0.953173
9.9955E-05 0.0477984 0.00775333 9.9955E-05 0.00377045 9.9955E-05 9.9955E-05 9.9955E-05 0.085201 0.854977
9.9937E-05 0.0167575 9.9937E-05 9.9937E-05 9.9937E-05 9.9937E-05 9.9937E-05 9.9937E-05 0.0813421 0.901201
0.104764 9.9973E-05 9.9973E-05 0.020209 9.9973E-05 0.0501204 0.229275 0.0331437 0.483926 0.0782621
9.999E-05 0.0333565 0.0363613 0.0288931 0.0343895 0.00613192 0.158763 0.0599512 0.530437 0.111617
9.9964E-05 9.9964E-05 0.00609338 0.156129 9.9964E-05 9.9964E-05 0.633448 0.0946549 0.0469077 0.0623672
0.0436381 0.0111604 0.0467941 0.0378435 9.9991E-05 0.0518056 0.10968 0.0527966 0.559843 0.0863384
9.9955E-05 9.9955E-05 9.9955E-05 0.0710286 9.9955E-05 9.9955E-05 0.413937 0.0466765 0.414392 0.0534663
0.0220282 9.9973E-05 9.9973E-05 0.0201009 9.9973E-05 0.0149224 0.316728 0.0221048 0.515657 0.0881592
9.9973E-05 0.0113428 0.0450266 0.00893429 9.9973E-05 0.0758908 0.261883 9.9973E-05 0.550581 0.0460419
0.0897893 9.9964E-05 0.0271674 0.0473353 9.9964E-05 9.9964E-05 0.337223 9.9964E-05 0.479025 0.0190595
9.9946E-05 9.9946E-05 9.9946E-05 0.232508 9.9946E-05 9.9946E-05 0.643988 0.0863188 9.9946E-05 0.0365855
0.0250234 0.0320692 0.00713946 0.0279199 0.0460993 0.0205076 0.159874 0.0885202 0.488447 0.1044
9.9991E-05 0.0112145 0.0296867 0.0352932 0.0277754 0.045111 0.119748 0.0172835 0.656762 0.0570254
0.023469 9.9973E-05 9.9973E-05 0.00183507 9.9973E-05 0.0397703 0.197934 0.0308516 0.614513 0.0913266
9.9973E-05 9.9973E-05 0.043471 0.0174946 0.0482558 0.126095 0.497284 0.00714144 0.259958 9.9973E-05
9.9964E-05 0.0221834 0.0358889 9.9964E-05 0.0186502 0.00150832 0.428752 9.9964E-05 0.492617 9.9964E-05
9.9955E-05 9.9955E-05 9.9955E-05 0.114245 9.9955E-05 9.9955E-05 0.387524 0.0337889 0.448267 0.0156756
9.9955E-05 0.011616 0.0218077 9.9955E-05 9.9955E-05 0.031716 0.530819 9.9955E-05 0.403542 9.9955E-05
0.00698025 9.9964E-05 9.9964E-05 0.0858243 9.9964E-05 9.9964E-05 0.378057 0.0507504 0.405491 0.0724972
9.9991E-05 0.0289544 0.0245816 0.0125947 0.0413074 0.00758875 0.193877 0.0761407 0.538804 0.0760518
0.0875344 9.9982E-05 0.169746 0.251301 0.0735705 0.0128795 0.038035 0.174029 0.192705 9.9982E-05
0.00263631 9.9982E-05 9.9982E-05 0.226554 0.0241009 0.0768352 0.020335 0.187171 0.398654 0.0635147
9.9982E-05 0.0167148 0.0460661 0.14171 0.0544446 0.0662112 9.9982E-05 0.0562372 0.534315 0.0841015
0.0779682 9.9991E-05 0.00691573 0.100299 0.0237336 0.0895291 0.0436119 0.0748513 0.537907 0.0450839
9.9973E-05 9.9973E-05 9.9973E-05 0.310965 0.00926774 0.0378288 0.0178784 0.177647 0.428201 0.0179125
0.0197342 0.0103385 0.000317787 0.187789 0.05038 0.034745 9.9991E-05 0.14343 0.54146 0.0117055
9.9964E-05 9.9964E-05 0.0155115 0.239333 0.0203297 9.9964E-05 9.9964E-05 0.230407 0.445913 0.0481059
0.0350163 9.9991E-05 0.0440403 0.0413036 0.116338 0.0223597 0.0287753 0.147045 0.527471 0.0375509
9.9973E-05 9.9973E-05 0.0762383 0.062389 0.0308997 9.9973E-05 0.0184589 0.123265 0.602797 0.085652
9.9973E-05 9.9973E-05 0.0271551 0.143024 0.0153394 0.0877731 9.9973E-05 0.135489 0.55318 0.0377394
9.9982E-05 9.9982E-05 0.0279317 0.158901 0.0229104 0.0117394 0.0397728 0.181819 0.55355 0.00317553
0.0485134 0.0184213 0.0751215 0.0287202 0.0644676 0.0261469 9.9991E-05 0.112603 0.610953 0.014953
0.0420886 9.9991E-05 0.064851 0.0412024 0.0622773 0.0597341 0.0127665 0.0819039 0.574886 0.0601898
9.9982E-05 0.0242222 0.0892686 0.100894 0.0291364 0.00970252 0.0581486 0.0925915 0.595836 9.9982E-05
0.0275374 0.0309159 0.0874358 0.0531779 0.00228293 0.0519186 9.9991E-05 0.119482 0.570101 0.0570479
9.99782E-05 0.0390831 0.116838 0.129267 9.99782E-05 0.0147503 9.99782E-05 0.0845541 0.592062 0.0231457
0.143653 9.9991E-05 0.0844695 0.0939918 0.096239 0.140243 0.0272074 0.149922 0.262213 0.00196137
0.0254424 0.0191372 0.0551959 0.0415583 0.0631482 9.9991E-05 0.0138483 0.132462 0.617581 0.0315263
9.9964E-05 9.9964E-05 0.0385514 9.9964E-05 0.0562268 0.0444992 9.9964E-05 0.134944 0.697019 0.0283595
0.00641371 9.9982E-05 0.0415144 0.421406 0.0335905 0.0124475 0.0474306 0.280289 0.156709 9.9982E-05
0.0208078 9.9982E-05 0.24763 0.336606 0.0914015 0.0610764 0.0518816 0.120621 0.0697756 9.9982E-05
9.9982E-05 0.0266689 0.0423201 0.238061 9.9982E-05 0.044507 0.0335614 0.0954275 0.474265 0.0449899
9.9973E-05 9.9973E-05 0.321809 0.24549 0.0844369 0.0736363 0.0727013 0.154339 0.0472872 9.9973E-05
9.9955E-05 9.9955E-05 0.0324011 0.506341 9.9955E-05 9.9955E-05 0.00545801 0.205003 0.250297 9.9955E-05
9.9955E-05 9.9955E-05 0.0439516 0.354021 9.9955E-05 9.9955E-05 0.0487028 0.18295 0.369875 9.9955E-05
9.9964E-05 9.9964E-05 0.0491519 0.319917 9.9964E-05 9.9964E-05 0.0541646 0.233692 0.319716 0.0229588
9.9964E-05 9.9964E-05 0.0695546 0.415002 9.9964E-05 0.0371167 0.00748576 0.201736 0.268705 9.9964E-05
9.9973E-05 9.9973E-05 0.0324435 0.222099 0.037857 9.9973E-05 0.00787081 0.0801997 0.593455 0.0257744
9.9973E-05 0.0302613 0.0427162 0.15601 0.0759182 9.9973E-05 9.9973E-05 0.09762 0.547611 0.0495638
0.00285276 0.0202993 0.0622067 0.180426 0.00786286 9.9982E-05 9.9982E-05 0.118608 0.548248 0.0592953
9.9982E-05 0.00305513 0.211769 0.327409 0.0723191 0.056566 0.0454794 0.162194 0.121008 9.9982E-05
0.0364878 0.00976663 0.0371735 0.11663 0.0279774 0.0472516 0.0919541 9.9991E-05 0.477711 0.154948
0.0642557 0.00831345 0.116017 9.9991E-05 0.0554595 0.150184 0.0454929 0.0789589 0.470196 0.0110237
9.9964E-05 9.9964E-05 0.189821 9.9964E-05 0.227105 0.357759 0.155023 0.0512001 9.9964E-05 0.0186913
9.9991E-05 0.0314468 0.0257748 0.0295432 0.0518343 0.124647 0.0413041 0.0403077 0.622162 0.0328795
9.9991E-05 0.0367079 0.134937 0.0993585 0.0985027 0.229745 0.100618 0.0111136 0.24121 0.0477078
0.0731174 0.015448 0.0179667 0.0265315 0.0467012 0.233402 0.00705183 0.0493321 0.472412 0.058037
9.9973E-05 9.9973E-05 0.0405387 9.9973E-05 0.145061 0.387416 0.0818235 0.110801 0.21574 0.0183201
9.9982E-05 9.9982E-05 0.20014 0.00532753 0.141378 0.382245 0.0918092 0.115411 0.0438007 0.0196884
0.0252608 0.00489266 0.0980457 0.0644047 0.0468751 0.27098 0.0643394 0.0844367 0.340665 9.9991E-05
0.0601087 0.0318157 0.00160793 0.0669816 0.0815562 0.0960323 0.0994662 0.0432771 0.456627 0.0625275
9.9991E-05 0.038992 0.0427753 0.0788761 0.0971219 0.0742818 0.0438481 0.0705714 0.409702 0.143732
9.9973E-05 0.0421446 0.173255 0.197544 0.189545 0.157625 0.195199 9.9973E-05 0.0443884 9.9973E-05
0.0325417 0.0436057 0.0810269 0.0594082 0.0132239 0.0838754 0.0443214 0.0607376 0.504042 0.0772171
9.9973E-05 9.9973E-05 0.155519 0.119296 0.074224 0.314053 0.066756 0.0117223 0.25813 9.9973E-05
9.9973E-05 9.9973E-05 0.112046 0.0713714 0.0905811 0.183986 0.111591 0.0232329 0.406892 9.9973E-05
9.9991E-05 0.0571408 0.0618975 0.0620636 0.0427509 0.0635731 0.00807201 0.0537369 0.531205 0.119461
0.255509 0.0860819 9.9973E-05 0.0317602 0.136759 0.167768 9.9973E-05 9.9973E-05 0.0803428 0.241478
0.151665 9.9946E-05 9.9946E-05 9.9946E-05 0.351356 0.17292 9.9946E-05 9.9946E-05 9.9946E-05 0.32346
9.9955E-05 0.0886356 0.0247286 9.9955E-05 0.356856 0.189375 9.9955E-05 9.9955E-05 9.9955E-05 0.339905
0.180153 0.11602 9.9982E-05 9.9982E-05 0.195664 0.148838 0.020076 0.020543 0.0841374 0.234369
9.9955E-05 0.0151062 0.0470893 9.9955E-05 9.9955E-05 0.289266 0.0848022 9.9955E-05 0.563237 9.9955E-05
9.9991E-05 0.0011224 0.0323494 0.0157222 0.0663873 0.14523 0.0452032 0.0177797 0.592173 0.0839337
0.060038 0.622587 9.9946E-05 0.0201865 9.9946E-05 9.9946E-05 9.9946E-05 9.9946E-05 0.296589 9.9946E-05
9.9982E-05 0.469559 0.0333314 0.079332 9.9982E-05 0.00661134 0.004865 0.0176225 0.367716 0.0207624
0.0969636 0.325717 0.0436367 0.0558857 9.9982E-05 9.9982E-05 0.01137 0.0562245 0.351534 0.0584687
9.9973E-05 0.00913247 0.173596 0.0978581 0.0364521 0.475589 0.0255997 9.9973E-05 0.181473 9.9973E-05
9.9973E-05 9.9973E-05 0.0929679 0.0723728 0.0677844 0.110354 9.9973E-05 0.048883 0.524351 0.0829871
9.9964E-05 9.9964E-05 0.114933 0.14855 0.0127782 0.526872 0.0325947 9.9964E-05 0.163872 9.9964E-05
0.0190184 9.9982E-05 0.0606037 0.0584874 0.0427469 0.241592 0.00285282 9.9982E-05 0.547059 0.0274398
9.9973E-05 0.0168212 0.141896 0.0635196 0.0631234 0.283804 9.9973E-05 0.0100125 0.420523 9.9973E-05
9.9973E-05 0.00697699 0.0585947 9.9973E-05 0.00512771 0.377517 0.00867733 0.026809 0.515997 9.9973E-05
9.9964E-05 9.9964E-05 0.130928 0.0232328 0.0489761 0.593717 0.06021 9.9964E-05 0.142536 9.9964E-05
0.0126652 0.0430528 0.0199416 9.9982E-05 0.00115903 0.212952 0.0710777 9.9982E-05 0.590951 0.0480003
9.9991E-05 0.0253042 0.0650192 0.0166089 0.0777617 0.128571 0.00701781 0.035626 0.586501 0.0574901
0.0203273 0.917157 0.000656936 9.9955E-05 9.9955E-05 9.9955E-05 9.9955E-05 9.9955E-05 0.0589891 0.00236952
9.9946E-05 0.890279 0.0370178 0.0272224 9.9946E-05 9.9946E-05 9.9946E-05 9.9946E-05 0.0448809 9.9946E-05
0.0221575 0.51136 0.0535762 0.0531101 9.9973E-05 9.9973E-05 0.0371601 9.9973E-05 0.270543 0.0517934
9.9955E-05 0.608832 0.0197728 9.9955E-05 0.0114391 9.9955E-05 9.9955E-05 0.0198662 0.339591 9.9955E-05
9.9946E-05 0.811184 9.9946E-05 9.9946E-05 9.9946E-05 0.00715396 9.9946E-05 0.0416066 0.139456 9.9946E-05
9.99201E-05 0.999101 9.99201E-05 9.99201E-05 9.99201E-05 9.99201E-05 9.99201E-05 9.99201E-05 9.99201E-05 9.99201E-05
9.9946E-05 0.935789 0.0191513 0.0362867 9.9946E-05 9.9946E-05 9.9946E-05 0.0081733 9.9946E-05 9.9946E-05
9.9928E-05 0.836546 9.9928E-05 9.9928E-05 9.9928E-05 9.9928E-05 9.9928E-05 9.9928E-05 0.162655 9.9928E-05
9.9946E-05 0.944141 9.9946E-05 0.0128581 9.9946E-05 9.9946E-05 9.9946E-05 0.0353026 9.9946E-05 0.00709865
9.9928E-05 0.995388 9.9928E-05 9.9928E-05 0.00381267 9.9928E-05 9.9928E-05 9.9928E-05 9.9928E-05 9.9928E-05
9.99201E-05 0.999101 9.99201E-05 9.99201E-05 9.99201E-05 9.99201E-05 9.99201E-05 9.99201E-05 9.99201E-05 9.99201E-05
9.9964E-05 0.738564 9.9964E-05 0.0171776 9.9964E-05 0.00378423 9.9964E-05 0.0260123 0.207509 0.00655284
0.0354801 0.76318 9.9982E-05 0.0146051 0.00727258 9.9982E-05 0.0313502 0.0112532 0.0981329 0.0385261
9.99201E-05 0.999101 9.99201E-05 9.99201E-05 9.99201E-05 9.99201E-05 9.99201E-05 9.99201E-05 9.99201E-05 9.99201E-05
0.0765714 0.355048 9.9982E-05 0.117288 0.00325029 0.083268 9.9982E-05 0.0518398 0.280389 0.032146
0.0660552 0.606234 0.00857459 9.9964E-05 9.9964E-05 9.9964E-05 9.9964E-05 0.0600497 0.230971 0.0277159
0.10709 0.728531 9.9955E-05 9.9955E-05 0.00751441 9.9955E-05 9.9955E-05 9.9955E-05 0.135881 0.020483
0.0316713 0.868241 9.9955E-05 9.9955E-05 9.9955E-05 9.9955E-05 0.0108083 9.9955E-05 0.0876585 0.00112112
0.0442395 0.954961 9.9928E-05 9.9928E-05 9.9928E-05 9.9928E-05 9.9928E-05 9.9928E-05 9.9928E-05 9.9928E-05
0.0951129 0.875588 9.9946E-05 9.9946E-05 0.0026212 9.9946E-05 9.9946E-05 9.9946E-05 0.0260787 9.9946E-05
0.0336992 0.965501 9.9928E-05 9.9928E-05 9.9928E-05 9.9928E-05 9.9928E-05 9.9928E-05 9.9928E-05 9.9928E-05
0.0574131 0.562677 0.0225212 9.9973E-05 0.0225855 9.9973E-05 0.0635241 9.9973E-05 0.216649 0.0543299
0.0288435 0.92746 0.0147161 9.9964E-05 0.010811 9.9964E-05 0.0100316 9.9964E-05 9.9964E-05 0.00773768
0.0189064 9.9955E-05 0.0622231 9.9955E-05 0.175372 0.553995 9.9955E-05 9.9955E-05 9.9955E-05 0.189003
0.024754 0.0848674 0.0024158 0.0232159 0.0538172 0.339678 9.9982E-05 9.9982E-05 0.310123 0.160929
0.120654 9.9973E-05 0.0113462 9.9973E-05 0.0383166 0.324747 9.9973E-05 0.0222871 0.396328 0.086022
0.14414 0.0635468 0.00980714 9.9982E-05 0.0595158 0.554373 9.9982E-05 0.0169712 0.0499159 0.10153
0.0680551 0.0903168 0.0194114 0.045662 0.0437442 0.138821 0.0920279 0.0280568 0.37371 0.100195
0.175251 0.0467129 0.0281437 9.9964E-05 0.0629403 0.547996 9.9964E-05 9.9964E-05 9.9964E-05 0.138556
0.0969064 0.0221912 0.057865 9.9991E-05 0.102471 0.174462 0.00596547 0.0447009 0.397791 0.097547
0.0483183 0.0993748 9.9964E-05 9.9964E-05 0.038826 0.458801 9.9964E-05 9.9964E-05 0.257854 0.0964263
0.11353 0.0629497 0.0316469 9.9991E-05 0.0799168 0.201661 0.00086162 0.0110096 0.404092 0.0942327
0.180724 0.046075 9.9973E-05 0.0309155 9.9973E-05 0.36884 0.00209689 9.9973E-05 0.251412 0.119636
0.134205 0.0465091 9.9991E-05 0.0219481 0.0659127 0.184685 0.049795 0.0319492 0.343214 0.121682
0.0228962 9.9964E-05 9.9964E-05 9.9964E-05 0.0134817 0.0393286 9.9964E-05 0.00289793 0.056401 0.864595
9.9946E-05 0.0755508 0.0210867 9.9946E-05 0.0272186 9.9946E-05 9.9946E-05 9.9946E-05 9.9946E-05 0.875544
9.9946E-05 9.9946E-05 9.9946E-05 9.9946E-05 0.0119071 9.9946E-05 9.9946E-05 0.0251275 0.0410488 0.921317
9.9937E-05 9.9937E-05 9.9937E-05 9.9937E-05 0.0534699 9.9937E-05 0.022857 9.9937E-05 9.9937E-05 0.922974
9.9946E-05 9.9946E-05 9.9946E-05 0.0398173 0.0301808 9.9946E-05 9.9946E-05 9.9946E-05 0.0430618 0.88634
0.058622 9.9928E-05 9.9928E-05 9.9928E-05 9.9928E-05 9.9928E-05 9.9928E-05 9.9928E-05 9.9928E-05 0.940579
9.9946E-05 0.00477183 9.9946E-05 9.9946E-05 0.0133688 9.9946E-05 9.9946E-05 9.9946E-05 0.0689491 0.912311
0.0139897 9.9964E-05 0.0195651 0.0388929 0.0161694 9.9964E-05 9.9964E-05 0.0190997 9.9964E-05 0.891883
9.9964E-05 0.0143532 9.9964E-05 0.00489816 0.0488115 9.9964E-05 0.0273784 9.9964E-05 0.0262073 0.877952
0.0515446 9.9973E-05 0.00387025 0.00841361 0.0792252 9.9973E-05 9.9973E-05 0.000328484 0.00673839 0.84958
0.0365965 9.9964E-05 9.9964E-05 0.039586 9.9964E-05 0.0901392 0.0373461 0.232377 9.9964E-05 0.563555
9.9964E-05 9.9964E-05 9.9964E-05 0.0716031 0.00937304 0.0303695 0.025883 0.261021 9.9964E-05 0.60135
9.9964E-05 9.9964E-05 9.9964E-05 0.138252 0.045243 0.0539729 0.0498731 0.208409 9.9964E-05 0.503851
9.9955E-05 9.9955E-05 9.9955E-05 0.193791 9.9955E-05 0.153682 0.00276084 0.215441 9.9955E-05 0.433825
9.9982E-05 0.00218023 9.9982E-05 0.183451 0.0329567 0.0416766 0.182759 0.0712252 0.436866 0.0486852
0.0412476 0.0450503 0.053144 0.0240632 9.9982E-05 9.9982E-05 0.301919 0.0787366 0.419027 0.0366126
0.013969 9.9973E-05 0.0405178 0.142625 9.9973E-05 9.9973E-05 0.141221 0.110068 0.528848 0.0224514
9.9964E-05 9.9964E-05 9.9964E-05 0.209839 0.0524016 9.9964E-05 0.22597 0.171712 0.333717 0.00596045
9.9955E-05 9.9955E-05 0.0699448 0.535031 9.9955E-05 0.0192364 9.9955E-05 0.263053 0.112235 9.9955E-05
0.0136048 0.00821144 0.0490512 0.0289232 9.9982E-05 9.9982E-05 0.176527 0.036949 0.641635 0.044898
9.9955E-05 0.00579926 9.9955E-05 0.0230602 9.9955E-05 9.9955E-05 0.246684 0.0967213 0.627235 9.9955E-05
0.0535943 9.9982E-05 0.0808017 0.0124249 0.0314247 0.0127878 0.240444 0.0457165 0.522606 9.9982E-05
0.025065 9.9946E-05 0.0810412 9.9946E-05 9.9946E-05 9.9946E-05 0.504062 9.9946E-05 0.389232 9.9946E-05
0.0482288 0.019906 0.0490467 9.9973E-05 0.0616751 9.9973E-05 0.0755515 0.126547 0.618745 9.9973E-05
9.9946E-05 9.9946E-05 9.9946E-05 0.0860501 9.9946E-05 9.9946E-05 0.436405 0.0626219 0.414323 9.9946E-05
9.9937E-05 9.9937E-05 0.150704 9.9937E-05 9.9937E-05 9.9937E-05 0.839047 0.00954979 9.9937E-05 9.9937E-05
9.9982E-05 0.0178331 0.0713089 0.156514 0.0194576 9.9982E-05 0.106151 0.0554322 0.510076 0.0630279
9.9955E-05 9.9955E-05 0.108138 9.9955E-05 0.0483644 0.0311043 0.63951 9.9955E-05 0.172384 9.9955E-05
0.0045912 0.0103577 0.0619184 9.9973E-05 9.9973E-05 0.0234578 0.323851 9.9973E-05 0.530456 0.0450679
9.9955E-05 9.9955E-05 9.9955E-05 0.221158 9.9955E-05 9.9955E-05 0.566448 0.0674873 0.137885 0.00652283
9.9946E-05 9.9946E-05 9.9946E-05 9.9946E-05 9.9946E-05 0.102587 9.9946E-05 0.807912 0.00880812 0.0800932
9.9946E-05 9.9946E-05 9.9946E-05 9.9946E-05 9.9946E-05 0.0792931 9.9946E-05 0.800919 0.0754981 0.0436903
9.9946E-05 9.9946E-05 9.9946E-05 9.9946E-05 9.9946E-05 0.0976074 9.9946E-05 0.797482 0.0611549 0.0431561
9.9946E-05 9.9946E-05 9.9946E-05 9.9946E-05 9.9946E-05 0.102182 0.0264266 0.806135 9.9946E-05 0.0646564
9.9937E-05 9.9937E-05 9.9937E-05 9.9937E-05 9.9937E-05 0.0550776 9.9937E-05 0.816947 0.127276 9.9937E-05
0.00419981 0.0192398 9.9964E-05 9.9964E-05 9.9964E-05 0.0804239 9.9964E-05 0.762072 0.115772 0.0178923
0.00565886 0.058527 9.9964E-05 9.9964E-05 9.9964E-05 9.9964E-05 0.0318937 0.0106226 0.039595 0.853303
0.0450973 0.0138873 9.9973E-05 9.9973E-05 0.00237671 9.9973E-05 0.0461594 0.0128095 0.067715 0.811655
0.0165568 0.035332 9.9982E-05 0.00871005 0.0327274 9.9982E-05 0.00829182 0.00286247 0.136066 0.759253
9.9937E-05 0.0940821 9.9937E-05 9.9937E-05 9.9937E-05 9.9937E-05 0.0850416 9.9937E-05 9.9937E-05 0.820177
9.9982E-05 0.0496267 9.9982E-05 0.0330702 0.0117425 0.0042112 0.0186635 0.00023661 0.119367 0.762882
9.9946E-05 9.9946E-05 9.9946E-05 0.0177873 9.9946E-05 0.117845 9.9946E-05 0.483163 9.9946E-05 0.380606
0.0473982 9.9955E-05 0.00257301 9.9955E-05 9.9955E-05 0.104026 9.9955E-05 0.463195 9.9955E-05 0.382309
0.0607705 9.9973E-05 0.0541298 0.0210485 0.00994607 0.0090033 9.9973E-05 0.465872 9.9973E-05 0.378929
9.9973E-05 0.0202702 0.0113735 0.0235415 9.9973E-05 0.0176204 9.9973E-05 0.00771584 0.0818888 0.83729
9.9964E-05 9.9964E-05 0.0320111 0.0302778 9.9964E-05 0.0784094 0.0429293 0.452826 9.9964E-05 0.363146
0.339317 0.0749186 0.0368752 9.9973E-05 0.114343 0.0432442 9.9973E-05 9.9973E-05 0.221955 0.169047
0.163326 0.109013 0.032544 9.9973E-05 0.0559866 0.0030017 9.9973E-05 9.9973E-05 0.519192 0.116637
0.15548 0.162421 9.9955E-05 9.9955E-05 0.0090887 9.9955E-05 9.9955E-05 9.9955E-05 0.484631 0.18788
0.29761 0.0548281 9.9973E-05 9.9973E-05 0.0632488 0.0788871 0.00134498 9.9973E-05 0.297496 0.206285
0.116223 0.0722243 0.0265727 0.0082096 0.0395196 9.9991E-05 0.0532708 0.0741355 0.484003 0.125742
0.349155 0.0285738 0.0347459 9.9964E-05 0.259091 0.0445193 9.9964E-05 9.9964E-05 9.9964E-05 0.283515
9.9964E-05 9.9964E-05 0.0297211 0.255033 9.9964E-05 0.0837006 0.00324289 0.193276 0.434626 9.9964E-05
9.9973E-05 9.9973E-05 0.18728 0.120984 0.040497 0.0642703 0.0528641 0.11063 0.423175 9.9973E-05
9.9973E-05 9.9973E-05 0.0248547 0.575471 9.9973E-05 0.0380548 0.0217782 0.146543 0.177122 0.0158756
9.9973E-05 9.9973E-05 0.16068 0.165066 0.019771 0.0471384 0.0574968 0.063016 0.486532 9.9973E-05
9.9964E-05 9.9964E-05 0.346649 0.14761 0.0656957 0.151646 0.126631 0.161369 9.9964E-05 9.9964E-05
0.0522162 9.9991E-05 0.0616211 0.148846 0.0493883 0.0419439 0.0230459 0.0359708 0.547624 0.039244
0.0145692 0.00808955 0.142168 0.103639 0.0642493 0.0151866 0.0477918 0.0899402 0.514205 0.000160939
9.9973E-05 9.9973E-05 9.9973E-05 0.384684 0.0556752 0.0362137 0.0165015 0.185555 0.303371 0.0176996
0.00471708 0.00299267 0.059684 0.178064 0.0431949 0.0209398 0.0476686 0.00688658 0.519515 0.116338
9.9973E-05 9.9973E-05 0.151145 0.374224 0.0555497 0.163501 0.13419 0.0804174 0.040673 9.9973E-05
9.9982E-05 0.0150508 0.0773755 0.0671191 0.0673778 0.0258495 0.0500151 0.141225 0.555787 9.9982E-05
9.9991E-05 0.0320907 0.0348397 0.280035 0.0332374 0.0364391 0.0114239 0.140253 0.429249 0.0023327
0.102369 0.0680542 0.0339744 0.100743 0.135372 0.0200251 0.0868498 0.0196412 0.403039 0.029933
9.9973E-05 9.9973E-05 0.133191 0.27488 0.100204 0.00110782 0.1441 0.0663919 0.279825 9.9973E-05
0.0334051 9.9982E-05 0.125507 0.239392 0.0445303 0.0549075 0.0888117 0.0573524 0.355893 9.9982E-05
9.9982E-05 0.0050915 0.0996571 0.082257 0.0494062 0.0390236 0.0155787 0.118556 0.59023 9.9982E-05
9.9973E-05 9.9973E-05 0.127104 0.1943 0.0125153 0.050814 0.0410711 0.0662264 0.507669 9.9973E-05
9.9991E-05 0.0467192 0.0570426 0.074108 0.0220588 0.0944177 0.0107022 0.0569947 0.603719 0.0341383
0.0635319 0.0149113 0.0279581 0.0412766 0.0358119 0.0382821 0.0641975 0.119676 0.545768 0.0485864
9.9982E-05 9.9982E-05 0.00161273 0.126287 0.0820138 0.00986322 0.0857877 0.090549 0.554506 0.0491805
9.9937E-05 0.0326061 9.9937E-05 9.9937E-05 9.9937E-05 9.9937E-05 9.9937E-05 9.9937E-05 0.132709 0.833986
9.9937E-05 9.9937E-05 0.0137964 9.9937E-05 9.9937E-05 9.9937E-05 9.9937E-05 9.9937E-05 0.114834 0.87067
9.9964E-05 9.9964E-05 9.9964E-05 9.9964E-05 0.0197835 0.0311779 0.00835683 0.0313034 0.0610453 0.847933
9.9946E-05 0.0627619 9.9946E-05 9.9946E-05 9.9946E-05 9.9946E-05 9.9946E-05 0.0278926 0.0289175 0.879828
9.99281E-05 9.99281E-05 9.99281E-05 9.99281E-05 9.99281E-05 9.99281E-05 9.99281E-05 9.99281E-05 0.101573 0.897628
0.0652568 9.9973E-05 0.015736 0.603274 0.0172832 0.0675471 0.0436805 0.186922 9.9973E-05 9.9973E-05
9.9991E-05 0.0214642 0.0955551 0.18875 0.0643477 0.00624882 0.0453116 0.0755641 0.47452 0.0281384
0.331366 0.0809866 0.0193099 9.9973E-05 9.9973E-05 0.144795 9.9973E-05 0.00558499 0.288489 0.129169
0.0340472 0.0299091 0.0332151 0.162529 9.9991E-05 0.0344571 0.030659 0.0942754 0.579155 0.0016528
0.044837 9.9955E-05 9.9955E-05 0.35314 9.9955E-05 9.9955E-05 0.0507181 0.140126 0.410679 9.9955E-05
9.9973E-05 9.9973E-05 0.173622 0.247085 0.106731 0.0940019 0.0505885 0.117216 0.210456 9.9973E-05
9.9964E-05 9.9964E-05 0.0312857 0.494337 0.0465641 9.9964E-05 0.039863 0.341757 9.9964E-05 0.0457935
0.0021841 9.9973E-05 9.9973E-05 0.196898 9.9973E-05 0.0668623 0.0387574 0.169776 0.461446 0.0637765
9.9973E-05 0.0479699 0.0142454 0.440901 9.9973E-05 0.0158855 9.9973E-05 0.285723 0.166459 0.0285163
0.00279028 9.9991E-05 0.0749911 0.134957 0.0346714 0.0708925 0.0911004 0.0836186 0.452585 0.0542935
9.9964E-05 9.9964E-05 0.0740011 0.4933 0.0201746 9.9964E-05 9.9964E-05 0.244214 0.0991274 0.0687828
9.9982E-05 0.0660667 0.0662676 0.115606 0.0240467 9.9982E-05 0.0218831 0.144551 0.497184 0.0641945
9.9982E-05 9.9982E-05 0.0207999 0.568815 0.0309454 0.0306156 0.0489069 0.173241 0.0785114 0.0479651
0.0957736 0.0060095 0.142893 0.315078 0.00889233 0.0601938 0.0640683 0.0875809 0.219411 9.9991E-05
9.9973E-05 9.9973E-05 0.0951372 9.9973E-05 0.0804831 0.189734 0.0568758 0.0497246 0.505298 0.0224475
9.9955E-05 9.9955E-05 0.0988263 0.0653031 9.9955E-05 0.578619 9.9955E-05 0.0314973 0.225254 9.9955E-05
0.00507733 9.9991E-05 0.0703537 0.0202057 0.0235803 0.304206 0.0435178 0.0122372 0.508508 0.0122141
0.0490664 9.9982E-05 0.0628466 0.0455027 9.9982E-05 0.197477 0.0261398 0.0254239 0.495264 0.0980792
9.9973E-05 9.9973E-05 0.0904389 0.0785198 0.0280642 0.563343 0.0512084 0.00195426 0.186172 9.9973E-05
9.9991E-05 0.0442919 0.0158646 0.0341179 0.0170142 0.170802 0.0791814 0.069478 0.515013 0.0541373
9.9982E-05 0.0029954 0.0916861 9.9982E-05 0.0236171 0.311505 0.0106116 0.0633815 0.449908 0.0460952
9.9964E-05 9.9964E-05 0.20421 9.9964E-05 0.0402163 0.53551 0.120371 0.0138516 0.0854409 9.9964E-05
9.9964E-05 9.9964E-05 0.0507608 9.9964E-05 0.0315719 0.719262 0.0644558 0.00985646 0.123693 9.9964E-05
9.9973E-05 9.9973E-05 0.0709573 9.9973E-05 0.0036246 0.40941 0.0490039 0.0352501 0.421869 0.00958604
9.9955E-05 9.9955E-05 0.14525 9.9955E-05 9.9955E-05 0.604003 0.180563 0.0587095 0.0109757 9.9955E-05
9.9964E-05 9.9964E-05 0.0446201 0.0532364 9.9964E-05 0.458475 0.0309859 0.0319388 0.380344 9.9964E-05
9.9955E-05 0.00244369 9.9955E-05 0.590497 9.9955E-05 9.9955E-05 0.0337778 0.290326 0.0824558 9.9955E-05
0.0357247 0.0192867 0.278576 0.329021 0.065934 9.9982E-05 0.0177573 0.104134 0.149366 9.9982E-05
0.0244335 0.0510247 0.0612503 0.33402 9.9973E-05 9.9973E-05 9.9973E-05 0.158818 0.342276 0.0278768
0.059539 9.9973E-05 9.9973E-05 0.192257 0.0462927 9.9973E-05 0.04914 0.119405 0.51044 0.0226267
0.0120695 9.9964E-05 0.0268249 0.439667 9.9964E-05 9.9964E-05 0.100718 0.246491 0.17383 9.9964E-05
0.0186513 9.9982E-05 0.0432878 0.140088 0.131744 9.9982E-05 0.0667561 0.0619627 0.499522 0.0377882
9.9973E-05 9.9973E-05 0.0597485 0.165666 0.0410496 9.9973E-05 0.0103093 0.12321 0.543577 0.056139
9.9973E-05 0.0676471 0.0808388 0.166517 0.0628533 9.9973E-05 0.077463 0.0974612 0.44692 9.9973E-05
0.0863765 9.9973E-05 0.0692043 0.198199 0.0347867 9.9973E-05 0.0389886 0.127595 0.44455 9.9973E-05
9.9973E-05 0.0388925 9.9973E-05 0.285673 0.0109392 0.00815298 0.0202145 0.214501 0.421327 9.9973E-05
9.9982E-05 0.012917 0.0469089 0.39196 0.0214343 9.9982E-05 0.0568106 0.230238 0.23635 0.00318131
9.9955E-05 0.0214642 0.0467076 0.288497 9.9955E-05 9.9955E-05 9.9955E-05 0.245746 0.397085 9.9955E-05
0.0139725 9.9973E-05 0.0844277 0.0936922 0.097562 9.9973E-05 0.0453168 0.106074 0.558654 9.9973E-05
9.9982E-05 0.0386116 0.0265357 0.0421187 0.101757 9.9982E-05 0.0420569 0.125591 0.622821 0.000308293
0.0515823 0.0552472 0.03993 0.136373 0.0953291 9.9982E-05 0.142359 0.180893 0.298086 9.9982E-05
0.0541654 0.0489684 0.0945106 0.141561 0.0406321 9.9982E-05 0.073307 0.126232 0.420424 9.9982E-05
9.9973E-05 0.0628308 0.00705088 0.312131 0.00938259 9.9973E-05 0.043371 0.24881 0.316124 9.9973E-05
0.0283117 0.00495844 0.0726353 0.208185 0.02788 9.9991E-05 0.0318518 0.0946492 0.52362 0.00780777
0.0460351 0.053504 0.0624975 0.206158 9.9982E-05 9.9982E-05 0.0600954 0.0953305 0.436089 0.0400915
0.075908 9.9982E-05 0.0737526 0.130009 9.9982E-05 0.0216535 0.00332585 0.102282 0.5303 0.0625696
0.181964 0.0133543 9.9982E-05 0.0710842 0.0521492 0.013562 9.9982E-05 0.00912729 0.381968 0.27659
0.116909 0.0792875 0.0511218 0.0716976 0.0996272 9.9982E-05 9.9982E-05 0.0255852 0.47536 0.0802116
0.183118 0.0398617 9.9991E-05 0.10792 0.0525279 0.0429943 0.0182115 0.0076388 0.4166 0.131028
0.147232 0.0154895 0.0523665 0.0342301 0.112026 9.9982E-05 9.9982E-05 0.0645505 0.509276 0.0646298
0.236063 0.0436075 0.0305505 9.9991E-05 0.0932465 0.0359975 0.00472194 0.0165908 0.416149 0.122973
9.9973E-05 9.9973E-05 0.190672 0.0740095 0.027428 0.0924543 0.00953798 0.122713 0.482886 9.9973E-05
0.132782 0.0565216 0.00727626 0.0285645 0.0580222 0.0367527 0.0833096 0.00716141 0.460747 0.128862
0.100772 0.0654201 0.0882398 0.158352 0.264498 0.173006 0.042926 9.9982E-05 9.9982E-05 0.106587
0.149449 0.00189205 9.9973E-05 0.0601098 0.128879 9.9973E-05 9.9973E-05 0.0902146 0.5256 0.043556
0.105896 0.0385202 0.0244212 9.9991E-05 0.108919 0.0157186 0.0209303 0.044164 0.543481 0.0978497
0.0832908 0.0864689 0.0228066 0.0789243 0.0712931 0.0164794 0.0198461 0.0123143 0.529678 0.0788989
0.120211 9.9982E-05 0.0750578 0.130924 0.207901 0.0573609 0.0485636 9.9982E-05 0.261048 0.0987329
0.128545 0.0410691 9.9973E-05 0.0946267 0.0664611 0.0322822 9.9973E-05 9.9973E-05 0.507626 0.12909
0.235509 0.0244106 0.0796379 9.9982E-05 0.0818788 9.9982E-05 0.000340944 0.035953 0.463839 0.0782313
0.155841 9.9964E-05 0.00406284 9.9964E-05 0.438223 0.064733 0.0132828 9.9964E-05 9.9964E-05 0.323458
0.0317687 0.123695 0.00776096 0.0706873 0.0434237 0.0344838 9.9982E-05 9.9982E-05 0.544097 0.143884
0.113184 0.104286 0.0271421 0.00512344 0.125973 0.013133 9.9982E-05 9.9982E-05 0.50199 0.108968
0.0599324 0.0587699 0.081154 0.0811125 0.109134 9.9991E-05 0.000884474 0.048401 0.525252 0.0352603
0.112672 0.114349 0.0281481 9.9973E-05 0.104619 0.01582 9.9973E-05 9.9973E-05 0.493424 0.130668
0.0945305 0.0334365 9.9982E-05 0.0442058 9.9982E-05 0.100867 0.04219 0.00398168 0.508293 0.172295
9.9973E-05 0.0299553 0.434251 9.9973E-05 9.9973E-05 0.00704145 0.0448888 0.0398108 0.383384 0.0603691
0.0695082 0.0173653 0.213222 0.146918 9.9982E-05 9.9982E-05 0.0500091 0.0160645 0.440552 0.0461604
9.9955E-05 9.9955E-05 0.904897 0.0110231 9.9955E-05 0.000435105 0.0665669 0.0165777 9.9955E-05 9.9955E-05
9.99459E-05 9.99459E-05 0.93671 0.048972 9.99459E-05 0.00852173 9.99459E-05 9.99459E-05 9.99459E-05 0.00519634
0.030141 9.9982E-05 0.310154 0.0380289 0.0385267 0.00171309 0.0179032 9.9982E-05 0.502296 0.0610367
0.313562 0.125887 0.107554 9.99881E-05 0.0349111 0.0749331 0.00783192 9.99881E-05 0.256728 0.078393
0.392589 0.0335153 0.226901 9.9955E-05 9.9955E-05 9.9955E-05 9.9955E-05 9.9955E-05 0.270116 0.0763795
0.334387 0.0825678 0.279077 9.9964E-05 0.0662879 9.9964E-05 9.9964E-05 9.9964E-05 0.147362 0.0899181
0.23726 0.0829792 0.192664 9.9964E-05 0.104295 9.9964E-05 9.9964E-05 9.9964E-05 0.305307 0.0770945
0.0622862 9.9964E-05 0.711582 9.9964E-05 0.100626 0.00908079 9.9964E-05 9.9964E-05 0.0684072 0.0476186
0.145761 9.9955E-05 0.667703 9.9955E-05 0.0667322 9.9955E-05 9.9955E-05 9.9955E-05 0.0689144 0.0503905
0.0772063 9.9955E-05 0.350628 0.0214614 9.9955E-05 0.00496127 9.9955E-05 9.9955E-05 0.545244 9.9955E-05
0.0193041 0.124413 0.470799 9.9955E-05 9.9955E-05 9.9955E-05 9.9955E-05 9.9955E-05 0.341059 0.0439255
0.0416963 0.0289696 0.699383 9.9964E-05 9.9964E-05 9.9964E-05 9.9964E-05 0.00156276 0.17387 0.0541178
0.0310558 0.0266835 0.318477 0.0197672 0.00376976 0.00775459 9.9982E-05 9.9982E-05 0.526011 0.0662812
0.0855293 0.0390175 0.308137 9.9973E-05 9.9973E-05 0.00247932 9.9973E-05 0.0112633 0.522911 0.0303627
0.0403384 0.0723316 0.254309 9.9991E-05 0.0117528 0.02758 0.0708404 0.00976582 0.4562 0.0567821
9.9955E-05 9.9955E-05 0.636494 0.0312322 9.9955E-05 0.00862058 9.9955E-05 9.9955E-05 0.321461 0.00169299
9.9964E-05 9.9964E-05 0.509396 0.092761 0.00208148 9.9964E-05 0.00179177 9.9964E-05 0.365406 0.028164
0.000971402 0.0096973 0.319316 0.02241 0.0310921 0.0111549 0.0414371 0.0112705 0.519325 0.0333255
0.029671 0.0248494 0.410752 0.013364 9.9982E-05 0.0132237 9.9982E-05 0.0606852 0.407697 0.0395571
0.0450442 0.00619 0.242795 0.0643418 0.0319182 9.9991E-05 0.0213341 0.0472831 0.467664 0.0733295
9.9955E-05 0.0100266 0.458376 9.9955E-05 9.9955E-05 0.0860566 0.0212705 9.9955E-05 0.423771 9.9955E-05
9.9955E-05 9.9955E-05 0.799917 0.0276742 9.9955E-05 9.9955E-05 0.00103056 0.00050692 0.170371 9.9955E-05
0.0293749 9.9946E-05 0.377897 9.9946E-05 9.9946E-05 9.9946E-05 9.9946E-05 9.9946E-05 0.585782 0.00634631
9.9955E-05 0.00454211 0.764888 0.0313448 9.9955E-05 9.9955E-05 9.9955E-05 0.0389256 0.1598 9.9955E-05
9.9937E-05 9.9937E-05 0.526433 9.9937E-05 9.9937E-05 9.9937E-05 9.9937E-05 9.9937E-05 0.443523 0.0293436
0.0431977 9.9973E-05 0.322231 9.9973E-05 9.9973E-05 0.0132221 0.0140248 0.0442888 0.493206 0.0695294
9.9964E-05 0.0340576 0.324878 9.9964E-05 9.9964E-05 9.9964E-05 0.0211157 0.0130611 0.532416 0.074071
0.0975282 0.0785839 0.0869169 0.060483 9.9991E-05 0.0466889 0.0298293 0.00206173 0.450065 0.147743
0.0586498 0.124005 0.0674837 0.0913045 0.0136245 0.0931758 0.0532753 9.9991E-05 0.362632 0.13575
0.152696 0.173396 0.0704993 0.036618 0.060184 0.10706 9.9982E-05 9.9982E-05 0.268139 0.131209
0.186193 0.131329 0.0828302 0.0343307 0.0580342 0.0620753 0.0061312 0.043363 0.284245 0.111468
0.127789 0.0964786 0.0278131 9.9991E-05 0.0649089 0.110368 0.0398167 0.00907118 0.40076 0.122895
0.17309 0.018835 0.141636 0.0346838 0.0137045 0.0743115 9.9982E-05 9.9982E-05 0.426189 0.11735
0.180798 9.9946E-05 0.662788 9.9946E-05 0.0180632 9.9946E-05 9.9946E-05 9.9946E-05 9.9946E-05 0.137752
0.228911 0.0588195 0.119223 9.9973E-05 0.0305516 0.0370724 9.9973E-05 9.9973E-05 0.464972 0.0601504
0.12393 9.9955E-05 0.431961 9.9955E-05 0.20084 0.00206609 9.9955E-05 9.9955E-05 9.9955E-05 0.240703
0.189516 0.0418339 0.287545 9.9955E-05 9.9955E-05 9.9955E-05 9.9955E-05 9.9955E-05 0.456145 0.0244598
9.9928E-05 9.9928E-05 0.90317 9.9928E-05 9.9928E-05 9.9928E-05 9.9928E-05 9.9928E-05 0.0960302 9.9928E-05
9.99279E-05 9.99279E-05 0.930816 9.99279E-05 9.99279E-05 9.99279E-05 0.0683841 9.99279E-05 9.99279E-05 9.99279E-05
