0.0155231 0.05061 0.933767 9.9991E-05
0.00351044 0.0137455 0.982644 9.9991E-05
0.0536928 0.0316425 0.9047 0.00996513
0.147086 9.9982E-05 0.852714 9.9982E-05
0.0756064 9.9982E-05 0.924194 9.9982E-05
0.0998795 0.0323338 0.689517 0.17827
0.0156079 0.020268 0.853967 0.110158
0.0253514 0.0467289 0.753089 0.174831
9.9982E-05 9.9982E-05 0.852138 0.147662
0.0483173 0.019896 0.805598 0.126189
0.11702 0.00143281 0.793403 0.0881443
0.357699 9.9991E-05 0.133818 0.508383
0.622853 0.044458 0.0734279 0.259261
0.383409 0.0623606 0.0704254 0.483805
0.395972 0.0797338 0.116737 0.407557
0.537871 0.0825617 0.141184 0.238383
0.59863 0.085206 0.0715621 0.244602
0.599283 0.0176075 0.0860106 0.297099
0.39265 0.0344237 0.207826 0.365101
0.156296 9.9991E-05 0.144665 0.698938
0.579748 9.9991E-05 0.0815016 0.33865
0.534062 0.0628383 0.0416877 0.361413
0.623498 0.0314917 0.0720002 0.27301
0.356592 0.0480324 0.155165 0.44021
0.68293 0.0734624 0.167621 0.0759866
0.630749 0.0255601 0.0848668 0.258824
0.340866 9.9991E-05 0.158904 0.50013
0.401221 0.0361163 0.148541 0.414122
0.364656 9.9991E-05 0.0874056 0.547839
0.0923157 0.0227409 0.884843 9.9991E-05
0.102205 0.0177167 0.879979 9.9991E-05
0.0845346 0.0958375 0.819528 9.9991E-05
0.135333 0.102523 0.762045 9.9991E-05
0.618326 9.9991E-05 0.0914038 0.290171
0.618302 0.0806952 0.0576282 0.243374
0.726735 9.9991E-05 0.00307265 0.270093
0.307994 9.9991E-05 0.141408 0.550497
0.412142 0.0386154 9.9991E-05 0.549142
0.63853 0.0549923 0.0912609 0.215216
0.808176 0.0147686 0.0599229 0.117132
0.638501 0.000675949 0.162727 0.198097
0.686865 0.0216037 0.136929 0.154602
0.392682 9.9991E-05 0.00570692 0.601511
0.663692 0.067551 0.0832371 0.18552
0.700341 0.054724 0.0565488 0.188386
0.678575 0.0329993 0.160086 0.12834
0.521222 9.9982E-05 9.9982E-05 0.478578
0.772711 0.00383664 0.0880452 0.135407
0.614572 0.0583537 0.135464 0.191611
9.9991E-05 0.0216508 0.00297487 0.975274
0.258847 9.9991E-05 0.0795462 0.661507
0.218759 0.0944173 0.0335416 0.653282
0.625349 0.0608106 0.120347 0.193494
0.649141 0.0665562 0.126186 0.158117
0.647482 0.0989398 0.108901 0.144677
0.296483 9.9991E-05 0.20508 0.498337
0.663758 9.9991E-05 0.053275 0.282867
0.661216 0.0494847 0.0979236 0.191376
0.49238 0.0155674 0.144521 0.347532
0.225706 9.9991E-05 0.232029 0.542165
0.618876 0.0508025 0.0846715 0.24565
0.580924 0.0291637 0.108722 0.28119
0.185711 9.9991E-05 0.142911 0.671278
0.54806 9.9991E-05 0.0614948 0.390345
0.637291 0.0872206 0.0471709 0.228318
0.699973 9.9991E-05 0.150758 0.149169
0.387087 0.0375611 0.126862 0.44849
0.559366 0.06168 0.0896266 0.289327
0.66644 0.052795 0.0804158 0.20035
0.343536 9.9991E-05 0.115876 0.540488
0.687471 9.9982E-05 9.9982E-05 0.312329
0.461175 9.9982E-05 9.9982E-05 0.538625
0.607196 0.0402098 0.105017 0.247577
0.212845 9.9982E-05 9.9982E-05 0.786955
0.196482 9.9982E-05 9.9982E-05 0.803318
0.436753 9.9982E-05 9.9982E-05 0.563047
0.664148 9.9991E-05 0.0237406 0.312012
0.631446 0.0670372 0.0890141 0.212502
0.678785 9.9982E-05 9.9982E-05 0.321015
0.387974 9.9991E-05 0.0456806 0.566245
0.476021 9.9991E-05 0.00485746 0.519022
0.63315 0.0533077 0.0761416 0.2374
0.56514 9.9991E-05 0.0224674 0.412293
0.624649 9.9991E-05 0.00469706 0.370554
0.610319 9.9982E-05 9.9982E-05 0.389481
0.0243774 0.07946 9.9991E-05 0.896063
0.71465 0.0454289 0.0406346 0.199286
0.11209 9.9982E-05 0.88771 9.9982E-05
0.0495556 0.0195322 0.930812 9.9991E-05
0.0856614 0.0472476 0.866991 9.9991E-05
9.9982E-05 0.0747371 0.925063 9.9982E-05
9.9982E-05 0.0369884 0.962812 9.9982E-05
0.0578301 0.0687437 0.873326 9.9991E-05
0.0536607 0.00477935 0.94146 9.9991E-05
0.671679 0.0290248 0.0939546 0.205341
0.587516 0.109518 0.0903765 0.212589
0.26696 9.9991E-05 0.0404246 0.692515
0.595072 0.0841724 0.0968847 0.223871
0.578524 9.9991E-05 0.0318262 0.389549
0.648811 0.0114148 0.0757633 0.264011
0.749018 0.0077874 0.0273164 0.215878
0.650038 0.0306916 0.0127318 0.306538
0.210545 9.9991E-05 0.0419307 0.747425
0.626815 0.0371312 0.125999 0.210055
0.742245 0.0280022 0.0922358 0.137517
0.646704 0.0664024 0.120254 0.166639
0.416038 0.0142306 9.9991E-05 0.569631
0.658245 0.020428 9.9991E-05 0.321227
0.641391 9.9982E-05 9.9982E-05 0.358409
0.56199 0.0089832 9.9991E-05 0.428927
0.60749 9.9991E-05 0.0536627 0.338747
0.709407 0.00111839 0.100118 0.189357
0.331699 0.0782912 0.0661625 0.523848
0.505595 9.9991E-05 0.149795 0.34451
0.619593 0.0478482 0.164866 0.167692
0.664091 0.0440713 0.122195 0.169643
0.548607 9.9991E-05 0.0874878 0.363805
0.66375 0.0360051 0.0576021 0.242642
0.541831 9.9991E-05 0.134847 0.323222
0.571571 0.0630765 0.0978084 0.267545
0.664947 0.0689281 0.0926052 0.173519
0.67503 9.9991E-05 0.105488 0.219382
0.679664 9.9991E-05 0.103629 0.216607
0.656278 0.0484786 0.10417 0.191073
0.68599 0.0537578 0.132938 0.127314
0.651765 0.0807559 0.0175299 0.24995
0.634064 0.0651753 0.0970381 0.203723
0.663613 0.0688579 0.0397753 0.227754
0.33179 0.109615 0.129292 0.429303
0.651954 0.0826996 0.0670735 0.198273
0.681175 0.051927 0.0595132 0.207384
0.346434 9.9991E-05 0.106699 0.546767
0.195411 0.0915121 0.0226654 0.690412
0.62529 0.0205951 0.109584 0.244531
0.107555 0.0941081 9.9991E-05 0.798237
0.456521 9.9991E-05 0.0877282 0.455651
0.572198 9.9991E-05 0.0107461 0.416955
0.495991 9.9991E-05 0.0682032 0.435706
0.43752 9.9991E-05 0.0549 0.50748
0.711401 0.0131868 0.089177 0.186235
0.616638 0.0678312 0.137107 0.178424
0.652879 0.0120626 0.0860297 0.249029
0.235812 0.0559805 0.0136814 0.694526
0.594314 0.0473418 0.175472 0.182873
0.493952 0.100405 0.0903225 0.315321
9.9991E-05 0.0575318 0.14595 0.796419
0.700469 0.0781546 0.0726143 0.148762
0.31928 0.0948239 0.106795 0.479101
0.550536 0.0754209 0.142878 0.231165
0.251471 0.0588154 0.11156 0.578154
0.118544 0.0396361 0.108034 0.733786
0.429444 0.0717555 0.0528244 0.445976
0.517215 0.0900443 0.147179 0.245561
0.478439 0.0628422 0.17138 0.287339
0.111217 0.162848 0.0475324 0.678403
0.527204 0.0773104 0.149645 0.245841
0.410607 0.0018945 9.9991E-05 0.587399
0.551279 0.0193814 9.9991E-05 0.429239
0.667826 0.0379468 0.111631 0.182596
0.127182 0.296672 0.399703 0.176443
9.9991E-05 0.225666 0.514549 0.259685
9.9991E-05 0.217847 0.489941 0.292112
0.02212 0.353122 0.371191 0.253567
0.669247 0.0181706 0.0327226 0.27986
0.694794 0.0386801 0.110365 0.15616
0.34405 0.65575 9.9982E-05 9.9982E-05
0.417885 0.462318 0.0289199 0.0908767
0.43648 0.38655 0.0565809 0.120389
0.29915 0.0846044 0.00400232 0.612243
0.516449 0.0844411 0.141314 0.257796
0.273226 0.0550796 9.9991E-05 0.671594
0.625176 0.0511373 0.0608121 0.262874
0.508069 0.0931247 0.0622097 0.336596
0.607709 0.0662602 0.0188245 0.307206
0.245896 0.074965 9.9991E-05 0.679039
0.714054 0.0544265 0.0833742 0.148145
0.649122 0.0380166 0.118252 0.194609
0.045055 0.954745 9.9982E-05 9.9982E-05
0.107352 0.880221 9.9991E-05 0.0123272
0.379928 0.496392 0.091422 0.032258
0.392075 0.607725 9.9982E-05 9.9982E-05
0.174934 0.809706 0.0152601 9.9991E-05
9.998E-05 0.9997 9.998E-05 9.998E-05
0.072005 0.927795 9.9982E-05 9.9982E-05
0.164628 0.835172 9.9982E-05 9.9982E-05
0.0325595 0.951665 0.0156754 9.9991E-05
9.998E-05 0.9997 9.998E-05 9.998E-05
9.998E-05 0.9997 9.998E-05 9.998E-05
0.232065 0.758631 0.0092046 9.9991E-05
0.16069 0.783041 0.0546081 0.00166025
9.998E-05 0.9997 9.998E-05 9.998E-05
0.432239 0.368385 0.105713 0.0936625
0.319766 0.618366 0.0502147 0.011653
0.171537 0.816601 0.0117622 9.9991E-05
0.0958651 0.903935 9.9982E-05 9.9982E-05
9.998E-05 0.9997 9.998E-05 9.998E-05
0.0505392 0.938755 0.0106057 9.9991E-05
9.998E-05 0.9997 9.998E-05 9.998E-05
0.286318 0.643647 0.0424753 0.0275601
0.0188021 0.947544 0.0335541 9.9991E-05
9.9991E-05 0.130802 0.321447 0.547651
0.365045 0.149643 0.228037 0.257275
0.481304 0.123231 0.164721 0.230744
0.154968 0.186514 0.240103 0.418415
0.458408 0.161912 0.134642 0.245037
0.0579639 0.227899 0.250553 0.463584
0.498737 0.13698 0.176061 0.188221
0.290351 0.201456 0.202096 0.306097
0.429722 0.191075 0.192837 0.186366
0.373273 0.17473 0.218576 0.233422
0.389793 0.189813 0.211114 0.209281
0.0650328 0.00402804 0.930839 9.9991E-05
9.9991E-05 0.0822228 0.910054 0.00762358
0.0334877 9.9982E-05 0.966312 9.9982E-05
9.9982E-05 9.9982E-05 0.993135 0.00666513
0.0685361 9.9982E-05 0.931264 9.9982E-05
0.00341082 0.0262532 0.970236 9.9991E-05
0.049768 0.00707632 0.943056 9.9991E-05
9.9982E-05 9.9982E-05 0.962647 0.0371527
0.0357974 0.0206243 0.900131 0.0434478
9.9991E-05 0.0282186 0.93958 0.0321009
9.9982E-05 9.9982E-05 0.657731 0.342069
9.9982E-05 9.9982E-05 0.670522 0.329278
0.000610746 9.9991E-05 0.599545 0.399744
9.9982E-05 9.9982E-05 0.571255 0.428545
0.61334 0.00726222 0.0807296 0.298669
0.592463 0.0476539 0.0756059 0.284278
0.681954 9.9991E-05 0.0649946 0.252952
0.518055 9.9991E-05 0.0452613 0.436583
0.331692 9.9991E-05 0.0652551 0.602952
0.778552 9.9991E-05 0.04353 0.177818
0.764751 0.00870947 9.9991E-05 0.226439
0.652979 0.0306065 9.9991E-05 0.316315
0.557183 9.9982E-05 9.9982E-05 0.442617
0.691182 0.0559836 0.0628973 0.189937
0.628224 9.9982E-05 9.9982E-05 0.371576
0.182889 9.9982E-05 9.9982E-05 0.816911
0.670467 0.0345636 0.0845036 0.210466
0.356532 9.9982E-05 9.9982E-05 0.643268
0.660078 9.9991E-05 0.0113488 0.328473
0.368622 9.9991E-05 0.00213656 0.629141
0.0434539 9.9991E-05 0.280916 0.67553
0.115987 9.9991E-05 0.248848 0.635065
0.0809088 9.9991E-05 0.234694 0.684297
0.0181939 9.9991E-05 0.266457 0.715249
0.169824 9.9991E-05 0.189771 0.640305
0.160989 9.9991E-05 0.212356 0.626555
0.0311957 0.0666621 0.890911 0.0112309
0.101665 0.0396239 0.850003 0.00870846
0.139809 0.0538127 0.806278 9.9991E-05
0.0325917 0.0970299 0.846442 0.0239366
0.129997 0.0634321 0.806471 9.9991E-05
0.00016181 9.9991E-05 0.505814 0.493924
0.0255378 9.9991E-05 0.545829 0.428533
0.0579182 9.9991E-05 0.535129 0.406853
0.113622 0.0225812 0.863697 9.9991E-05
0.0127518 9.9991E-05 0.509799 0.477349
0.232963 0.386739 0.27529 0.105008
0.574862 0.223397 0.161338 0.0404027
0.557696 0.257274 0.18493 9.9991E-05
0.311173 0.324141 0.288409 0.0762767
0.562595 0.139064 0.196548 0.101793
9.9991E-05 0.357074 0.44965 0.193175
0.580743 9.9991E-05 0.0580863 0.361071
0.509651 0.0631909 0.00733641 0.419822
0.41781 9.9991E-05 0.0883117 0.493779
0.591818 0.0450153 9.9991E-05 0.363066
9.9982E-05 0.00505037 9.9982E-05 0.99475
0.630667 0.0389443 0.119042 0.211348
0.548654 0.0796106 0.044623 0.327113
0.446067 9.9991E-05 0.0989974 0.454836
0.59858 0.0511411 0.106792 0.243487
0.221489 0.013712 9.9991E-05 0.764699
0.629542 0.0133446 0.0613558 0.295757
0.612434 9.9991E-05 0.0843807 0.303086
0.449718 0.211659 0.0864385 0.252184
0.427972 0.0349409 0.00485002 0.532237
0.461639 0.076249 0.0164723 0.44564
0.664168 0.0352666 9.9991E-05 0.300466
0.654364 0.00311347 9.9991E-05 0.342423
0.695545 0.0583645 0.0678685 0.178222
0.578364 0.0806827 0.120992 0.219962
0.65051 0.00999839 0.125647 0.213844
0.0824098 0.0540548 0.863435 9.9991E-05
0.108687 9.9982E-05 0.891113 9.9982E-05
0.0587495 9.9991E-05 0.93921 0.00194057
0.0280444 0.0622038 0.909652 9.9991E-05
0.092409 9.9982E-05 0.907391 9.9982E-05
0.257733 9.9991E-05 0.14117 0.600997
0.574596 0.0651358 0.0657654 0.294503
0.411744 0.222845 0.212318 0.153093
0.697358 0.0853873 0.0521198 0.165134
0.618649 0.00150419 0.0571083 0.322739
0.363451 0.0461535 9.9991E-05 0.590296
0.0940323 9.9991E-05 0.197765 0.708103
0.595145 9.9991E-05 0.119954 0.284801
0.352089 9.9991E-05 0.155549 0.492262
0.515146 0.0617948 0.0581085 0.36495
0.233033 9.9991E-05 0.190255 0.576612
0.620037 0.0769359 0.0943774 0.208649
0.261318 9.9991E-05 0.144548 0.594035
0.334898 0.116796 0.0503421 0.497964
0.608027 0.0409879 0.097703 0.253282
0.392878 0.0023366 0.032752 0.572033
0.553841 0.101628 0.0257069 0.318824
0.575589 0.0473715 0.0801621 0.296877
0.338514 0.00318699 0.0459898 0.612309
0.562138 0.0656759 0.109482 0.262704
0.58009 9.9991E-05 0.0799298 0.33988
0.193727 0.0130176 9.9991E-05 0.793155
0.240539 0.0251211 0.0270755 0.707265
0.504272 0.00263825 0.0502912 0.442799
0.145574 0.000583271 0.0294048 0.824438
0.503794 0.0165921 0.00230508 0.477308
0.275321 9.9991E-05 0.104772 0.619807
0.234346 0.127659 9.9991E-05 0.637896
0.537232 9.9991E-05 0.140727 0.321941
0.679503 0.012579 0.0810345 0.226884
0.361306 9.9991E-05 0.0509176 0.587677
0.5629 0.0879386 0.0919292 0.257232
0.657175 0.0101668 0.0868816 0.245776
0.599593 0.052663 0.0189931 0.328751
0.599376 0.039264 0.0622774 0.299083
0.605222 9.9991E-05 0.0805136 0.314164
0.415489 9.9991E-05 0.0715918 0.512819
0.534691 0.0406688 0.0509972 0.373643
0.656075 0.0521307 9.9991E-05 0.291694
0.631484 0.120394 0.0538757 0.194247
0.362258 0.123939 0.0530301 0.460772
0.529201 0.11755 9.9991E-05 0.353148
0.482764 0.0319005 0.0939812 0.391355
0.652114 0.0307925 0.0858719 0.231222
0.52843 0.0688576 0.0795433 0.323169
0.602302 0.0980838 0.109431 0.190183
0.487765 0.126422 0.348514 0.0372994
0.502311 0.202184 0.126328 0.169177
0.466212 0.20502 0.14057 0.188198
0.586386 0.146552 0.118594 0.148467
0.492744 0.215944 0.192701 0.0986111
0.561298 0.0322878 9.9991E-05 0.406315
0.552174 0.16059 0.162673 0.124563
0.0138629 0.265976 0.230204 0.489957
0.607628 0.129425 0.13736 0.125587
0.522049 0.208683 0.144809 0.124458
0.619478 0.162976 0.122422 0.0951248
0.346335 0.158344 0.195987 0.299334
0.604647 0.110205 0.226116 0.0590316
0.543499 0.218819 0.128918 0.108764
9.9991E-05 0.197152 0.518024 0.284724
0.542466 0.180876 0.183067 0.0935904
0.56806 0.215779 0.183764 0.0323973
0.622372 0.144723 0.0962123 0.136693
0.560159 0.239205 0.197029 0.00360667
0.537472 0.126262 0.236805 0.0994616
0.520349 0.040018 0.0231798 0.416453
0.542321 0.112581 0.0465041 0.298594
9.9982E-05 0.0806753 9.9982E-05 0.919125
0.0995322 0.0375036 9.9991E-05 0.862864
0.576674 0.0660117 0.0608267 0.296488
0.380609 0.346181 0.168806 0.104403
0.37116 0.327284 0.152736 0.14882
0.178066 0.390942 0.177239 0.253753
0.387733 0.29807 0.158297 0.1559
0.0898167 0.192138 0.0621252 0.65592
0.186185 0.169412 0.0526217 0.591781
0.596236 0.117209 0.0165738 0.269982
0.427157 0.192202 0.0378105 0.34283
0.251574 0.163914 0.0127525 0.57176
0.606836 0.0948783 0.0531145 0.245171
0.582314 0.153471 0.0372258 0.226989
0.5479 0.125467 0.123873 0.202761
0.431769 0.0379699 9.9991E-05 0.530161
0.454232 0.0467057 9.9991E-05 0.498962
0.600616 0.0626468 0.0132272 0.32351
0.498679 0.0854517 0.0346418 0.381227
0.56967 0.0606718 0.124905 0.244752
0.498966 0.0648159 9.9991E-05 0.436118
0.285732 0.04879 9.9991E-05 0.665378
0.700754 0.0520306 0.00890142 0.238314
0.225305 0.0930979 9.9991E-05 0.681497
0.502125 0.0579934 0.0275315 0.412351
0.524696 0.0749498 0.100665 0.29969
0.566871 0.0755971 0.0431594 0.314372
0.530393 0.173051 0.188104 0.108452
0.489974 0.164576 0.157234 0.188216
0.291309 0.321841 0.22183 0.16502
0.272953 0.305721 0.204707 0.216619
0.451431 0.209792 0.196612 0.142166
0.527487 0.143657 0.171599 0.157257
9.9991E-05 0.232067 0.149226 0.618607
0.550932 0.256804 0.0872422 0.105022
9.9991E-05 0.199603 0.350117 0.45018
0.536423 0.226907 0.0586091 0.178061
0.270356 0.00478088 9.9991E-05 0.724763
0.0975443 0.0226684 9.9991E-05 0.879687
0.586041 0.0212176 9.9991E-05 0.392642
0.677916 0.0621645 0.0130381 0.246881
0.533347 0.026292 9.9991E-05 0.440261
0.656676 0.053902 9.9991E-05 0.289321
0.653763 0.00673131 9.9991E-05 0.339406
0.0234313 0.0204258 0.91244 0.0437026
0.059754 0.064312 0.794003 0.0819308
9.9991E-05 0.0236935 0.967132 0.00907492
0.0298676 9.9982E-05 0.969932 9.9982E-05
0.654021 0.0177653 0.0409071 0.287307
0.650042 0.00824243 0.0890527 0.252663
0.710872 9.9991E-05 0.000592197 0.288436
0.7134 9.9991E-05 0.100781 0.185719
0.662517 0.0324093 0.117707 0.187366
0.486222 9.9991E-05 0.045991 0.467687
0.811381 9.9991E-05 0.0266626 0.161857
0.442934 0.0246356 9.9991E-05 0.53233
0.406408 0.222498 0.340696 0.030399
0.569689 0.022107 9.9991E-05 0.408104
0.569485 9.9982E-05 9.9982E-05 0.430315
0.672057 9.9982E-05 9.9982E-05 0.327743
0.603656 9.9991E-05 0.0401173 0.356127
0.741862 0.00902448 9.9991E-05 0.249013
0.703096 9.9991E-05 0.0641812 0.232623
0.240949 9.9982E-05 9.9982E-05 0.758851
0.468461 0.0118164 9.9991E-05 0.519623
0.580765 9.9982E-05 9.9982E-05 0.419036
0.10593 9.9982E-05 9.9982E-05 0.89387
0.588552 9.9991E-05 0.0608309 0.350517
0.276196 9.9982E-05 9.9982E-05 0.723604
0.0857262 9.9982E-05 9.9982E-05 0.914074
0.690096 0.0379973 0.00833123 0.263576
0.391858 9.9991E-05 0.0418886 0.566154
0.622842 9.9982E-05 9.9982E-05 0.376958
0.650757 0.0293549 0.103801 0.216087
0.674074 9.9991E-05 0.0328899 0.292936
0.422623 0.0432365 9.9991E-05 0.53404
0.725846 9.9991E-05 0.0363675 0.237687
0.670388 9.9991E-05 0.0427916 0.286721
0.504324 9.9982E-05 9.9982E-05 0.495476
0.645768 0.0358089 0.124347 0.194076
9.9982E-05 9.9982E-05 0.735907 0.263893
9.9982E-05 9.9982E-05 0.822051 0.177749
9.9982E-05 9.9982E-05 0.891138 0.108662
9.9982E-05 9.9982E-05 0.883862 0.115938
0.032897 9.9991E-05 0.813221 0.153782
0.388111 9.9991E-05 0.0386352 0.573154
0.362538 9.9991E-05 0.0503328 0.58703
0.41235 9.9982E-05 9.9982E-05 0.58745
0.642327 0.0853174 0.0776078 0.194748
0.620835 0.0628156 0.119524 0.196825
0.441182 0.0556567 9.9991E-05 0.503062
0.710154 0.0566578 9.9991E-05 0.233088
0.553674 0.025849 0.0463399 0.374137
0.660552 0.00804849 0.017051 0.314349
0.715968 0.0187711 0.0575297 0.207731
0.449754 9.9982E-05 9.9982E-05 0.550046
0.542837 9.9982E-05 9.9982E-05 0.456963
0.502853 9.9991E-05 0.0131368 0.48391
0.694963 0.0224923 0.140899 0.141646
0.611517 9.9991E-05 0.0272394 0.361144
0.568792 9.9991E-05 0.0409263 0.390181
0.496155 0.36188 0.106852 0.0351135
0.38173 0.471067 0.130391 0.0168117
0.450791 0.450722 0.0979746 0.00051175
0.268473 0.559085 0.154685 0.0177567
0.532864 0.261842 0.157449 0.0478461
0.5795 0.0527589 0.0716613 0.29608
9.9991E-05 0.687973 0.259403 0.0525247
0.302775 0.498216 0.160711 0.0382979
0.39874 0.19424 0.19698 0.21004
0.571307 0.0302869 0.173449 0.224957
0.550255 0.036977 0.154421 0.258346
0.684219 9.9991E-05 0.142369 0.173312
0.65787 0.0716398 0.171873 0.0986171
0.353224 0.476808 0.169868 9.9991E-05
0.426886 0.408813 0.138783 0.0255179
0.408374 0.516395 0.0751314 9.9991E-05
0.471644 0.288305 0.170219 0.0698319
0.247523 0.512079 0.165786 0.0746123
0.427756 0.395261 0.132326 0.0446568
0.243142 0.553091 0.172038 0.0317284
0.434223 0.344064 0.104563 0.117149
0.557143 0.0207679 0.172067 0.250022
0.40092 0.388234 0.133066 0.0777804
0.157114 0.597319 0.231521 0.0140462
0.422744 0.364942 0.124678 0.0876361
0.3786 9.9991E-05 0.245395 0.375906
0.6292 0.0904572 0.06498 0.215362
0.445294 0.339541 0.17372 0.041445
0.581929 9.9991E-05 0.197927 0.220044
0.576934 0.0069202 0.217654 0.198492
0.388185 0.210158 0.260756 0.140901
0.367836 0.287838 0.227586 0.11674
0.5542 0.114153 0.135476 0.196171
0.436802 0.33047 0.165855 0.0668723
0.423345 0.460143 0.116412 9.9991E-05
0.138999 0.649178 0.190357 0.0214663
0.631965 0.0868962 0.134342 0.146797
0.504536 9.9991E-05 0.198603 0.296761
0.137804 0.116342 0.143881 0.601972
0.57909 0.0887306 0.155321 0.176858
0.461588 0.0652537 0.131906 0.341252
0.51448 0.134179 0.193293 0.158048
0.535362 0.142469 0.123299 0.198869
9.9991E-05 0.19319 0.388029 0.41868
9.9991E-05 0.166551 0.350272 0.483077
0.315366 0.150862 0.203099 0.330672
9.9991E-05 0.26545 0.365811 0.368639
9.9991E-05 0.270663 0.482865 0.246373
0.380462 0.14232 0.222438 0.25478
0.371226 0.20148 0.248579 0.178715
0.0887812 0.258224 0.310178 0.342816
0.0402701 0.216554 0.295593 0.447582
0.479006 0.170541 0.184052 0.166401
0.112169 0.235711 0.267081 0.38504
9.9991E-05 0.162626 0.398141 0.439133
0.5896 0.12195 0.166294 0.122156
0.293049 0.261118 0.238243 0.20759
0.470297 0.174501 0.318241 0.0369608
0.626947 0.221606 0.151347 9.9991E-05
0.562247 0.242557 0.155798 0.0393976
0.51481 0.257363 0.180027 0.0478008
0.312843 0.230281 0.387796 0.0690793
0.49786 0.217533 0.239923 0.044684
0.512684 0.242214 0.243966 0.00113608
0.282338 0.294371 0.259514 0.163778
0.41259 0.0998193 0.222057 0.265534
0.536127 0.166643 0.209105 0.0881249
0.563772 0.188793 0.166666 0.0807696
0.618998 0.15654 0.127316 0.0971455
0.438054 0.260331 0.271651 0.0299638
0.548573 0.171653 0.246349 0.0334255
0.0328835 0.360987 0.384604 0.221526
0.585605 0.169829 0.197114 0.0474508
0.172444 0.341336 0.31891 0.16731
0.00173211 0.0154507 0.859158 0.123659
0.239356 9.9991E-05 0.181834 0.57871
0.0106178 9.9991E-05 0.21407 0.775212
0.0261428 9.9991E-05 0.164168 0.809589
0.117935 9.9991E-05 0.15803 0.723935
0.0872739 9.9991E-05 0.177078 0.735548
0.152444 9.9991E-05 0.167468 0.679988
0.0460681 9.9991E-05 0.211947 0.741884
0.0411828 9.9991E-05 0.32501 0.633707
0.0209313 9.9991E-05 0.944541 0.0344274
0.0842676 9.9991E-05 0.837986 0.0776467
0.0267958 0.0213036 0.899778 0.0521223
0.0388493 9.9991E-05 0.903421 0.0576299
0.0533325 9.9991E-05 0.918736 0.0278311
0.0585016 0.00152272 0.938887 0.00108867
0.144904 0.0839376 0.771059 9.9991E-05
0.0887329 0.00645291 0.904714 9.9991E-05
0.153274 0.0537545 0.746785 0.046187
0.0121161 0.0660228 0.921761 9.9991E-05
9.998E-05 9.998E-05 0.9997 9.998E-05
0.06984 0.0152429 0.914817 9.9991E-05
9.998E-05 9.998E-05 0.9997 9.998E-05
0.0247529 0.0100872 0.96506 9.9991E-05
0.0540156 0.0301604 0.915724 9.9991E-05
0.0449668 0.0239188 0.931014 9.9991E-05
0.0591849 0.0787417 0.861973 9.9991E-05
0.0887054 0.062814 0.848381 9.9991E-05
0.0742758 0.0931678 0.832456 9.9991E-05
0.475184 9.9991E-05 0.180456 0.34426
0.768073 9.9991E-05 0.110056 0.12177
0.652101 0.0611284 0.140947 0.145823
0.0964829 0.111922 0.105593 0.686003
0.56976 9.9991E-05 0.161255 0.268884
0.0887179 0.106331 0.13224 0.672711
0.658377 0.0970679 0.087953 0.156602
0.486864 9.9991E-05 0.185651 0.327385
0.562698 9.9991E-05 0.192217 0.244984
0.637813 9.9991E-05 0.089458 0.272629
0.542842 9.9991E-05 0.177478 0.27958
0.726323 0.0328275 0.056345 0.184504
0.624756 0.0103235 0.145485 0.219435
0.0528172 0.115339 0.0206669 0.811177
9.9991E-05 0.0824974 0.125618 0.791785
0.15148 0.0832033 0.121159 0.644158
0.697588 0.00389358 0.175514 0.123004
0.488779 0.0768551 0.086417 0.347949
0.675817 9.9991E-05 0.137834 0.18625
0.688495 0.0676078 0.119279 0.124618
0.498829 0.165482 0.241025 0.094664
0.589309 0.145021 0.23997 0.0257002
0.194808 0.143995 0.421554 0.239643
0.689381 0.0519238 0.157273 0.101422
0.483175 0.101176 0.242645 0.173004
9.9991E-05 0.241608 0.405933 0.352358
0.32002 0.216937 0.304172 0.158871
0.329173 0.160851 0.39944 0.110536
0.431622 0.0995481 0.32442 0.144409
0.562184 0.14766 0.132932 0.157224
0.562038 0.148064 0.218476 0.071422
0.602685 0.146429 0.168617 0.0822693
0.392493 0.233637 0.147781 0.226088
0.25982 0.141332 0.522447 0.0764013
