0.00542056 0.908979 9.9991E-05 0.0855008
0.022185 0.969309 9.9991E-05 0.00840648
0.0612618 0.885257 9.9991E-05 0.0533811
0.0923031 0.794275 9.9991E-05 0.113322
0.0356045 0.89218 9.9991E-05 0.0721152
0.102755 0.698184 0.0958532 0.103208
0.0331076 0.853786 0.0851841 0.0279226
0.111221 0.769939 0.085313 0.033527
0.123054 0.876746 9.9982E-05 9.9982E-05
0.0674302 0.81732 0.0791421 0.0361075
0.0967625 0.7764 0.0554179 0.07142
0.679672 0.0539601 0.123918 0.14245
0.493745 9.9991E-05 0.106143 0.400012
0.617191 0.0575521 0.127621 0.197636
0.57563 0.0763364 0.0815642 0.266469
0.463771 0.0668676 0.0860732 0.383288
0.39861 9.9991E-05 0.151085 0.450205
0.512039 9.9991E-05 0.139827 0.348034
0.54066 0.143964 0.0873891 0.227988
0.822918 0.0887562 0.0882259 9.9991E-05
0.538678 0.0221997 0.170385 0.268737
0.308098 0.0427987 0.347027 0.302077
0.428098 9.9991E-05 0.20707 0.364732
0.585764 0.106283 0.146817 0.161136
0.389295 9.9991E-05 0.101103 0.509502
0.511611 9.9991E-05 0.109316 0.378973
0.668112 0.0776198 0.126207 0.128061
0.609034 0.0661757 0.0995722 0.225218
0.664029 0.0451463 0.19673 0.094094
9.9982E-05 0.882189 9.9982E-05 0.117611
0.0172902 0.868554 9.9991E-05 0.114056
0.0260534 0.809173 9.9991E-05 0.164674
9.9982E-05 0.764496 9.9982E-05 0.235304
0.39466 0.0358046 0.25539 0.314146
0.332398 9.9991E-05 0.274162 0.393341
0.228979 9.9991E-05 0.412054 0.358867
0.772244 0.0596787 0.117757 0.0503201
0.161527 9.9991E-05 0.657788 0.180586
0.388224 0.0128385 0.21697 0.381968
0.282138 9.9991E-05 0.259326 0.458436
0.308295 0.0605814 0.280879 0.350244
0.325223 0.0311239 0.218648 0.425005
0.516641 0.0236797 0.40898 0.0506997
0.224218 0.0174653 0.320213 0.438103
0.239002 9.9991E-05 0.364611 0.396287
0.239806 0.0687667 0.264608 0.426819
0.178628 9.9991E-05 0.634211 0.18706
0.349873 9.9991E-05 0.235863 0.414164
0.282647 0.0518351 0.205424 0.460094
0.0531782 0.123443 0.823279 9.9991E-05
0.754951 0.0389298 0.172896 0.0332233
0.2972 0.0865415 0.521892 0.0943664
0.335608 0.0493983 0.185114 0.429879
0.295259 0.00477037 0.2465 0.45347
0.251219 0.00723134 0.252809 0.48874
0.669843 0.1549 0.0848436 0.0904129
0.525364 9.9991E-05 0.111921 0.362615
0.330905 0.0492699 0.202314 0.417511
0.424955 0.0911374 0.22096 0.262947
0.589036 0.197748 0.173435 0.0397815
0.369151 0.0278239 0.198656 0.40437
0.474805 0.0280148 0.15288 0.3443
0.652877 0.140524 0.206499 9.9991E-05
0.563155 9.9991E-05 0.183604 0.25314
0.26331 0.00369427 0.293672 0.439324
0.367185 9.9991E-05 0.220967 0.411748
0.53192 0.0901374 0.192346 0.185597
0.447549 0.00937011 0.193063 0.350018
0.441453 9.9991E-05 0.144037 0.414411
0.656325 0.0654835 0.164241 0.113951
0.381717 9.9991E-05 0.276187 0.341996
0.461319 9.9991E-05 0.411734 0.126847
0.309256 0.0321901 0.275322 0.383232
0.188729 9.9982E-05 0.811071 9.9982E-05
0.186792 9.9982E-05 0.813008 9.9982E-05
0.17432 9.9991E-05 0.68054 0.14504
0.376396 9.9991E-05 0.296576 0.326928
0.261506 0.0452414 0.252378 0.440875
0.22751 9.9991E-05 0.458958 0.313432
0.50723 0.0157406 0.396584 0.0804458
0.494451 9.9991E-05 0.365803 0.139646
0.292659 0.0366917 0.285905 0.384744
0.422517 9.9991E-05 0.356675 0.220708
0.38272 9.9991E-05 0.317656 0.299524
0.219612 9.9991E-05 0.514708 0.26558
0.0498926 0.102078 0.84793 9.9991E-05
0.243106 9.9991E-05 0.31675 0.440043
0.0982451 0.850552 9.9991E-05 0.0511034
9.9982E-05 0.915298 9.9982E-05 0.084502
0.00270557 0.851469 9.9991E-05 0.145726
9.9982E-05 0.933192 9.9982E-05 0.0666081
9.9982E-05 0.942757 9.9982E-05 0.0570431
0.00024288 0.878725 9.9991E-05 0.120933
9.9982E-05 0.932927 9.9982E-05 0.0668725
0.370575 9.9991E-05 0.217909 0.411415
0.323298 0.0512142 0.210903 0.414585
0.499878 0.0497118 0.45031 9.9991E-05
0.287325 0.00303671 0.285427 0.424212
0.447018 9.9991E-05 0.306639 0.246243
0.368415 0.00622654 0.274476 0.350883
0.230686 9.9991E-05 0.392692 0.376522
0.268881 9.9991E-05 0.381095 0.349924
0.566979 0.0324123 0.400508 9.9991E-05
0.347894 0.0477299 0.217466 0.38691
0.28089 0.0217695 0.236052 0.461288
0.308819 0.0580318 0.195282 0.437867
0.20315 0.00961396 0.629216 0.15802
0.229665 9.9991E-05 0.451625 0.31861
0.446458 9.9991E-05 0.260958 0.292484
0.211373 9.9991E-05 0.53631 0.252217
0.437902 9.9991E-05 0.29337 0.268629
0.266186 0.0410736 0.282775 0.409965
0.426981 0.040881 0.33129 0.200848
0.505316 0.0638304 0.166831 0.264023
0.324338 0.0504506 0.194798 0.430413
0.328053 0.0400867 0.200061 0.431799
0.581435 0.0219364 0.112754 0.283874
0.43444 9.9991E-05 0.168009 0.397451
0.611447 0.0205484 0.0817255 0.286279
0.319642 0.0536217 0.264342 0.362394
0.379963 0.00576947 0.16695 0.447318
0.472242 0.0125476 0.146878 0.368332
0.553084 9.9991E-05 0.152227 0.294588
0.363207 0.00690653 0.167429 0.462457
0.281614 0.0448635 0.222341 0.451182
0.379303 9.9991E-05 0.203196 0.417401
0.304948 0.0343981 0.185023 0.475631
0.321627 9.9991E-05 0.269462 0.408811
0.336827 0.10929 0.331125 0.222758
0.344364 0.00786043 0.205509 0.442266
0.307635 9.9991E-05 0.214323 0.477943
0.73423 0.0351523 0.127619 0.102998
0.342526 0.0618922 0.510778 0.0848038
0.460188 0.00649594 0.182038 0.351278
0.415762 0.0274594 0.554409 0.00236964
0.667163 0.0160511 0.142343 0.174443
0.677228 9.9991E-05 0.0765053 0.246167
0.674883 0.0205135 0.102611 0.201993
0.715841 9.9991E-05 0.11842 0.165639
0.432919 9.9991E-05 0.155793 0.411188
0.353407 0.0284058 0.189399 0.428789
0.465112 9.9991E-05 0.120347 0.414441
0.429671 0.0622853 0.442124 0.0659202
0.270655 0.128108 0.218545 0.382692
0.210574 0.0826492 0.339955 0.366822
0.0259358 0.262716 0.711248 9.9991E-05
0.219199 0.0161456 0.281799 0.482856
0.1457 0.140857 0.525679 0.187764
0.221887 0.0805804 0.297745 0.399787
0.17811 0.154123 0.566197 0.10157
0.133454 0.196809 0.669637 9.9991E-05
0.248445 0.0676661 0.436692 0.247197
0.237695 0.0901071 0.298715 0.373483
0.282009 0.159435 0.258321 0.300235
0.134365 0.15921 0.636176 0.0702483
0.262042 0.0325185 0.28244 0.423
0.228915 9.9991E-05 0.644662 0.126323
0.265351 9.9991E-05 0.479561 0.254989
0.281829 0.0667343 0.24464 0.406797
9.9991E-05 0.477687 0.223083 0.299131
9.9991E-05 0.70097 0.287004 0.011926
9.9982E-05 0.693937 0.305863 9.9982E-05
9.9991E-05 0.474228 0.233961 0.291711
0.207311 9.9991E-05 0.438142 0.354447
0.249705 0.0508644 0.261825 0.437605
0.086171 0.025631 9.9991E-05 0.888098
0.212843 0.0540192 0.0472511 0.685886
0.156792 0.109621 0.0579657 0.675621
0.0965909 0.0936181 0.690377 0.119414
0.333966 0.0654681 0.266348 0.334219
0.109562 0.0617194 0.739282 0.0894367
0.174028 0.0203438 0.444412 0.361217
0.143804 0.066126 0.45989 0.33018
0.137544 9.9991E-05 0.505737 0.356619
0.0323697 0.0937452 0.806681 0.0672042
0.206304 9.99993E-05 0.355537 0.438059
0.257392 0.04542 0.307862 0.389326
9.9982E-05 0.125 9.9982E-05 0.8748
9.9982E-05 0.100832 9.9982E-05 0.898968
0.0881781 0.126585 0.0403678 0.744869
0.0876655 0.0314866 0.00635267 0.874495
9.99826E-05 0.110534 9.99826E-05 0.889266
9.9982E-05 0.138359 9.9982E-05 0.861441
9.9982E-05 0.131226 9.9982E-05 0.868574
9.9982E-05 0.0566563 9.9982E-05 0.943144
9.9982E-05 0.154473 9.9982E-05 0.845327
9.9982E-05 0.114339 9.9982E-05 0.885461
9.9982E-05 0.130691 9.9982E-05 0.869109
9.9982E-05 0.117349 9.9982E-05 0.882451
9.9982E-05 0.177483 9.9982E-05 0.822317
9.9982E-05 0.128021 9.9982E-05 0.871779
0.162341 0.122539 0.0917186 0.623402
0.0497737 0.138003 9.9991E-05 0.812123
9.9982E-05 0.128449 9.9982E-05 0.871351
9.9982E-05 0.135501 9.9982E-05 0.864299
9.9982E-05 0.11442 9.9982E-05 0.88538
9.9982E-05 0.116558 9.9982E-05 0.883242
9.9982E-05 0.14701 9.9982E-05 0.85279
0.0290238 0.166953 0.0149434 0.78908
9.9982E-05 0.136755 9.9982E-05 0.863045
9.9982E-05 0.442419 0.557381 9.9982E-05
0.0951833 0.259708 0.324174 0.320935
0.0842587 0.193361 0.375552 0.346828
9.9991E-05 0.305422 0.511899 0.182579
0.203592 0.0930443 0.320312 0.383052
9.9991E-05 0.369693 0.504029 0.126178
0.162477 0.157485 0.304679 0.375358
9.9991E-05 0.264533 0.417514 0.317853
0.0810895 0.161937 0.318452 0.438521
0.0555603 0.224631 0.353535 0.366273
0.186341 0.159398 0.266812 0.387448
0.0155196 0.890454 0.0287198 0.0653067
9.9982E-05 0.934047 9.9982E-05 0.0657533
0.0425565 0.946354 9.9991E-05 0.0109894
9.9982E-05 0.997503 9.9982E-05 0.0022969
0.0574822 0.895289 9.9991E-05 0.0471287
9.9982E-05 0.968494 9.9982E-05 0.0313064
0.0153474 0.916261 9.9991E-05 0.0682918
0.0572895 0.934061 9.9991E-05 0.00854915
0.0284524 0.904247 9.9991E-05 0.0672005
0.018272 0.934766 9.9991E-05 0.0468616
0.342581 0.657219 9.9982E-05 9.9982E-05
0.327119 0.672681 9.9982E-05 9.9982E-05
0.372215 0.583977 0.0437078 9.9991E-05
0.414198 0.524996 0.0607054 9.9991E-05
0.456493 0.00598504 0.215675 0.321847
0.391056 9.9991E-05 0.256479 0.352365
0.415017 9.9991E-05 0.213792 0.371092
0.537916 9.9991E-05 0.244832 0.217152
0.781219 9.9991E-05 0.126037 0.092644
0.335348 9.9991E-05 0.218431 0.446121
0.358335 9.9991E-05 0.248646 0.39292
0.264578 9.9991E-05 0.384997 0.350325
0.195625 9.9991E-05 0.555266 0.249008
0.268998 9.9991E-05 0.302786 0.428116
0.389873 9.9991E-05 0.331333 0.278694
0.159554 9.9982E-05 0.840246 9.9982E-05
0.400764 9.9991E-05 0.17697 0.422167
0.117685 0.00390515 0.796645 0.0817649
0.24989 9.9991E-05 0.414357 0.335653
0.54092 9.9991E-05 0.392429 0.0665511
0.770707 0.225543 0.00365022 9.9991E-05
0.74161 0.208368 0.0499223 9.9991E-05
0.807343 0.177034 0.0155233 9.9991E-05
0.809406 0.190394 9.9982E-05 9.9982E-05
0.853685 0.125993 0.0202223 9.9991E-05
0.786628 0.173752 0.0361396 0.00348057
0.0281699 0.884098 9.9991E-05 0.0876325
0.0724948 0.812337 9.9991E-05 0.115068
0.0748543 0.755053 0.0234113 0.146682
0.034263 0.866063 9.9991E-05 0.0995739
0.0746335 0.76512 9.9991E-05 0.160147
0.533804 0.465996 9.9982E-05 9.9982E-05
0.49844 0.50136 9.9982E-05 9.9982E-05
0.510692 0.489108 9.9982E-05 9.9982E-05
0.058018 0.840515 9.9991E-05 0.101367
0.530847 0.468953 9.9982E-05 9.9982E-05
9.9991E-05 0.330043 0.189565 0.480292
0.193241 0.127682 0.113895 0.565181
0.103409 0.160589 0.0778275 0.658174
0.0434343 0.332209 0.190474 0.433882
0.291801 0.127237 0.105143 0.475818
9.9991E-05 0.590686 0.169532 0.239683
0.624948 9.9991E-05 0.141851 0.2331
0.328955 9.9991E-05 0.42488 0.246065
0.731778 0.0142817 0.129857 0.124083
0.32952 9.9991E-05 0.359499 0.310881
0.274291 0.0430634 0.682546 9.9991E-05
0.330859 0.0157181 0.217504 0.435919
0.338751 0.0195131 0.28987 0.351866
0.641251 0.0198326 0.168841 0.170075
0.39724 0.0448627 0.17789 0.380007
0.370615 0.0357262 0.57995 0.0137085
0.339545 9.9991E-05 0.278623 0.381732
0.542552 9.9991E-05 0.14773 0.309618
0.237085 0.111576 0.27247 0.378869
0.394918 0.00122568 0.408573 0.195284
0.330575 9.9991E-05 0.394801 0.274524
0.363489 9.9991E-05 0.24554 0.390871
0.360387 9.9991E-05 0.302848 0.336665
0.256066 9.9991E-05 0.258993 0.484842
0.345611 0.0669922 0.177895 0.409502
0.424086 0.0278051 0.148704 0.399405
9.9982E-05 0.84051 9.9982E-05 0.15929
0.0212019 0.863443 9.9991E-05 0.115255
0.0546547 0.887888 9.9991E-05 0.0573577
9.9982E-05 0.914625 9.9982E-05 0.0851752
0.0194745 0.903887 9.9991E-05 0.0765387
0.724487 0.0795012 0.166363 0.0296485
0.347705 9.9991E-05 0.270787 0.381408
0.0857495 0.2462 0.173533 0.494517
0.432594 9.9991E-05 0.112467 0.454839
0.542637 9.9991E-05 0.114511 0.342752
0.370735 0.0259474 0.444769 0.158549
0.808088 0.146067 0.0457445 9.9991E-05
0.565174 0.00540777 0.129326 0.300092
0.703798 0.0818588 0.0626524 0.15169
0.324112 0.0313755 0.327624 0.316889
0.710147 0.131647 0.127011 0.0311944
0.48453 0.0274002 0.0767141 0.411356
0.717543 0.0893244 0.152443 0.0406897
0.356718 0.0720374 0.355258 0.215987
0.247446 0.0553718 0.338574 0.358608
0.219765 0.0461254 0.611474 0.122635
0.152472 0.0477176 0.460671 0.339139
0.245667 0.0586331 0.329213 0.366487
0.107474 0.103287 0.721952 0.0672876
0.290755 0.0472655 0.307411 0.354569
0.19677 0.0430979 0.453328 0.306804
0.0661778 0.085245 0.848477 9.9991E-05
0.0495486 0.113298 0.818619 0.0185347
0.232365 0.0510259 0.496342 0.220267
0.0952168 0.100868 0.803815 9.9991E-05
0.25232 9.9991E-05 0.520559 0.22702
0.860946 0.0401411 0.0457812 0.0531318
0.452384 9.9991E-05 0.371188 0.176328
0.658173 9.9991E-05 0.0509899 0.290737
0.436658 9.9991E-05 0.152679 0.410564
0.777752 9.9991E-05 0.112759 0.109389
0.389785 0.0281416 0.198005 0.384069
0.507736 9.9991E-05 0.109474 0.38269
0.409831 9.9991E-05 0.249663 0.340406
0.503559 9.9991E-05 0.152334 0.344007
0.614413 9.9991E-05 0.0737183 0.311769
0.734357 9.9991E-05 0.0966043 0.168938
0.64778 9.9991E-05 0.0829853 0.269135
0.398585 9.9991E-05 0.209622 0.391693
0.35788 9.9991E-05 0.176851 0.465169
0.371966 0.0465928 0.311461 0.269981
0.430718 9.9991E-05 0.194092 0.37509
0.624572 0.0289214 0.0943418 0.252165
0.502071 9.9991E-05 0.116066 0.381762
0.522702 0.000145268 0.127356 0.349797
0.370206 0.020637 0.158751 0.450406
0.195545 0.28216 0.0787898 0.443504
0.215513 0.119445 0.163255 0.501787
0.210249 0.154093 0.213615 0.422043
0.25487 0.0513343 0.198256 0.495541
0.0954583 0.187598 0.219495 0.497449
0.325633 9.9991E-05 0.391006 0.283261
0.208563 0.121125 0.219707 0.450605
9.9991E-05 0.366828 0.473717 0.159354
0.283927 0.0825844 0.146989 0.486499
0.207209 0.112903 0.173581 0.506307
0.205168 0.0702429 0.223587 0.501002
0.127439 0.22151 0.363798 0.287253
0.223609 0.137673 0.11038 0.528338
0.194085 0.129529 0.171335 0.505052
9.9991E-05 0.676011 0.307612 0.0162764
0.217268 0.147184 0.111532 0.524016
0.114313 0.146968 0.155506 0.583214
0.237514 0.0529133 0.205529 0.504043
0.0968754 0.153003 0.157332 0.592789
0.179842 0.186114 0.187257 0.446787
0.143524 0.0429215 0.526322 0.287232
0.190084 0.00872251 0.390875 0.410318
0.0427784 0.0397564 0.917365 9.9991E-05
0.0168522 0.0872967 0.895751 9.9991E-05
0.17789 0.0472608 0.389935 0.384915
0.0372783 0.186968 0.234523 0.541231
9.9991E-05 0.207096 0.280774 0.51203
9.9991E-05 0.259562 0.326944 0.413394
9.9991E-05 0.214412 0.276753 0.508734
9.9991E-05 0.196311 0.752459 0.0511304
0.00533494 0.150898 0.714109 0.129659
0.106185 9.9991E-05 0.433035 0.46068
0.0491853 0.0770009 0.518285 0.355529
0.0314971 0.103541 0.68968 0.175282
0.23595 0.0217218 0.313053 0.429275
0.175007 9.9991E-05 0.393758 0.431135
0.15576 0.0580165 0.381273 0.40495
0.141183 9.9991E-05 0.644876 0.213841
0.221179 0.00797413 0.519462 0.251385
0.16232 9.9991E-05 0.485006 0.352574
0.287577 9.9991E-05 0.391045 0.321278
0.266371 0.0321692 0.319561 0.381899
0.154276 0.002354 0.549918 0.293452
0.0930728 0.0374095 0.796733 0.0727849
0.095214 9.9991E-05 0.462894 0.441792
0.152718 0.0133234 0.738006 0.0959529
0.149917 0.00375966 0.569135 0.277189
0.20971 0.0401969 0.404512 0.345581
0.20487 0.0253689 0.411836 0.357925
0.138055 0.167394 0.218783 0.475768
0.204427 0.130454 0.200499 0.464621
9.9991E-05 0.283861 0.240691 0.475348
0.0287132 0.246514 0.272576 0.452197
0.188114 0.160454 0.187688 0.463744
0.11028 0.132954 0.303527 0.453239
9.9991E-05 0.301654 0.65546 0.042786
0.0732008 0.072636 0.283059 0.571104
9.9982E-05 0.512457 0.487343 9.9982E-05
0.0966169 0.0422274 0.326601 0.534555
9.9991E-05 0.030966 0.940319 0.0286148
0.0125135 0.0515145 0.935872 9.9991E-05
0.121647 9.9991E-05 0.581517 0.296736
0.123856 9.9991E-05 0.446392 0.429652
0.140857 9.9991E-05 0.620958 0.238085
0.154972 9.9991E-05 0.473068 0.37186
0.112103 9.9991E-05 0.573504 0.314294
0.0875833 0.881734 9.9991E-05 0.0305825
0.0488552 0.794082 0.0559946 0.101069
0.0116372 0.962401 9.9991E-05 0.0258617
9.9982E-05 0.962434 9.9982E-05 0.0373656
0.236674 9.9991E-05 0.395927 0.367299
0.364577 9.9991E-05 0.270342 0.364982
0.347461 9.9991E-05 0.313523 0.338915
0.324015 9.9991E-05 0.270598 0.405287
0.296187 0.0421974 0.281382 0.380234
0.471701 9.9991E-05 0.35438 0.173819
0.232761 9.9991E-05 0.333396 0.433743
0.153006 9.9991E-05 0.675273 0.171621
0.224896 0.307376 0.0427333 0.424995
0.207209 9.9991E-05 0.492685 0.300006
0.401386 9.9991E-05 0.393642 0.204872
0.211809 9.9991E-05 0.445264 0.342827
0.43549 9.9991E-05 0.269068 0.295342
0.170178 9.9991E-05 0.434334 0.395389
0.316598 0.0289172 0.301905 0.352579
0.124113 9.9982E-05 0.875687 9.9982E-05
0.202515 9.9991E-05 0.589405 0.20798
0.159532 9.9991E-05 0.610338 0.23003
0.0566389 9.9982E-05 0.943161 9.9982E-05
0.412671 9.9991E-05 0.304045 0.283185
0.131477 0.0219304 0.83989 0.00670308
0.0925894 0.0233495 0.883961 9.9991E-05
0.200222 9.9991E-05 0.37935 0.420328
0.489581 0.0178659 0.399445 0.0931086
0.3525 9.9991E-05 0.342292 0.305108
0.269401 0.0482455 0.229798 0.452556
0.396752 9.9991E-05 0.277682 0.325466
0.415563 9.9991E-05 0.377266 0.207072
0.370349 9.9991E-05 0.263239 0.366313
0.388402 9.9991E-05 0.273502 0.337996
0.194461 9.9991E-05 0.616596 0.188843
0.345254 0.0645433 0.245984 0.344219
0.264966 0.722033 0.0129018 9.9991E-05
0.136978 0.815599 0.0473223 9.9991E-05
0.101945 0.897855 9.9982E-05 9.9982E-05
0.124093 0.875707 9.9982E-05 9.9982E-05
0.188281 0.781484 0.0301353 9.9991E-05
0.515544 0.0302658 0.385822 0.0683678
0.531364 0.0167155 0.386725 0.0651955
0.168852 9.9991E-05 0.714918 0.116129
0.316031 0.0132469 0.216348 0.454374
0.239197 0.0330557 0.266444 0.461303
0.152463 0.0109501 0.627919 0.208667
0.216235 9.9991E-05 0.378768 0.404897
0.209605 9.9991E-05 0.471684 0.318612
0.343938 9.9991E-05 0.313759 0.342203
0.279753 9.9991E-05 0.270815 0.449332
0.490893 9.9991E-05 0.388347 0.12066
0.469391 9.9991E-05 0.354593 0.175916
0.482263 9.9991E-05 0.337343 0.180294
0.255806 0.0627667 0.25547 0.425957
0.456765 9.9991E-05 0.305686 0.237449
0.450007 9.9991E-05 0.279199 0.270694
0.124572 0.100013 0.119983 0.655432
9.9991E-05 0.19577 0.155494 0.648636
0.0830659 0.147657 0.0628456 0.706431
9.9991E-05 0.261476 0.0633101 0.675114
0.1191 0.139428 0.122197 0.619275
0.175217 0.0131703 0.452352 0.35926
9.9982E-05 0.392879 9.9982E-05 0.606921
0.0550005 0.24344 0.0111807 0.690379
0.0273485 0.213188 0.400675 0.358789
0.28181 0.0882977 0.279336 0.350556
0.259977 0.134038 0.292946 0.313038
0.277786 0.085427 0.244982 0.391805
0.210103 0.109897 0.268062 0.411937
0.0167169 0.247179 0.0306062 0.705498
0.109775 0.172508 0.0876698 0.630047
0.0740034 0.160405 0.00813375 0.757457
0.179897 0.10713 0.12514 0.587833
0.0156438 0.26901 0.0772158 0.63813
0.0992227 0.1339 0.105953 0.660924
9.9991E-05 0.230017 0.0937306 0.676152
0.123065 0.138141 0.162956 0.575838
0.124284 0.12948 0.424683 0.321554
0.0810064 0.190524 0.126744 0.601725
9.9991E-05 0.31907 0.0253142 0.655516
0.0951829 0.158158 0.103379 0.64328
0.288204 0.218164 0.37678 0.116852
0.143925 0.0155141 0.404883 0.435678
0.083294 0.195734 0.0950178 0.625954
0.260387 0.103901 0.256689 0.379023
0.303595 0.125071 0.269101 0.302232
0.0650469 0.230462 0.261798 0.442694
0.0849273 0.258491 0.207549 0.449032
0.21609 0.0765082 0.235726 0.471676
0.17018 0.161977 0.070534 0.597308
0.0865109 0.113481 0.0715093 0.728499
9.9982E-05 0.313434 9.9982E-05 0.686366
0.216248 0.0504426 0.313366 0.419944
0.238078 0.126615 0.383995 0.251312
9.9991E-05 0.238885 0.739341 0.021674
0.248492 0.0890139 0.234321 0.428174
0.240313 0.109977 0.367401 0.282309
0.151637 0.188933 0.229973 0.429456
0.203472 0.115389 0.250667 0.430473
9.9991E-05 0.537937 0.436146 0.0258166
9.9982E-05 0.490475 0.509325 9.9982E-05
0.0205221 0.277586 0.468548 0.233344
9.9991E-05 0.464251 0.393049 0.1426
9.9991E-05 0.639324 0.255751 0.104825
0.0585521 0.225923 0.402091 0.313433
0.114623 0.278415 0.248234 0.358728
9.9991E-05 0.397978 0.391053 0.210869
9.9991E-05 0.398462 0.486174 0.115263
0.13247 0.15707 0.238125 0.472335
9.9991E-05 0.353372 0.472544 0.173984
9.9982E-05 0.535389 0.464411 9.9982E-05
0.240452 0.094195 0.208803 0.456551
0.0332959 0.292069 0.318976 0.355659
0.14255 0.297102 0.109646 0.450702
0.170816 0.126419 0.0583299 0.644436
0.136262 0.146123 0.150101 0.567514
0.103275 0.181737 0.139012 0.575976
0.204875 0.365334 0.0080296 0.421762
0.164334 0.204855 0.0982451 0.532566
0.13774 0.250607 0.0833824 0.52827
9.9991E-05 0.304744 0.265854 0.429302
0.272651 0.204435 0.205619 0.317294
0.176577 0.180076 0.194562 0.448784
0.204674 0.113647 0.155988 0.525691
0.221393 0.0398289 0.23623 0.502548
0.116524 0.266639 0.110009 0.506829
0.136836 0.176718 0.156976 0.52947
9.9991E-05 0.487515 0.219728 0.292656
0.152573 0.167328 0.174605 0.505494
9.9991E-05 0.353027 0.222695 0.424178
0.16201 0.835578 9.9991E-05 0.00231253
0.838655 0.119424 9.9991E-05 0.0418207
0.923544 0.0762562 9.9982E-05 9.9982E-05
0.966257 0.0335429 9.9982E-05 9.9982E-05
0.956046 0.0437536 9.9982E-05 9.9982E-05
0.944242 0.055558 9.9982E-05 9.9982E-05
0.954446 0.0453541 9.9982E-05 9.9982E-05
0.912606 0.0871936 9.9982E-05 9.9982E-05
0.794716 0.205084 9.9982E-05 9.9982E-05
0.0813905 0.900796 9.9991E-05 0.0177133
0.166964 0.803026 9.9991E-05 0.0299096
0.042538 0.89741 0.018946 0.041106
0.08089 0.88392 9.9991E-05 0.0350901
0.0887126 0.875069 9.9991E-05 0.0361186
0.047759 0.912898 9.9991E-05 0.0392428
0.0949241 0.732167 9.9991E-05 0.172809
9.9982E-05 0.899112 9.9982E-05 0.100688
0.0816275 0.7432 0.0420256 0.133147
9.9982E-05 0.904391 9.9982E-05 0.0954087
9.998E-05 0.9997 9.998E-05 9.998E-05
0.0311753 0.885603 9.9991E-05 0.0831217
9.998E-05 0.9997 9.998E-05 9.998E-05
9.9982E-05 0.959251 9.9982E-05 0.0405486
0.00606064 0.897748 9.9991E-05 0.0960913
9.9982E-05 0.912974 9.9982E-05 0.0868265
9.9982E-05 0.87159 9.9982E-05 0.12821
9.9982E-05 0.846626 9.9982E-05 0.153174
9.9982E-05 0.823614 9.9982E-05 0.176186
0.287962 0.149481 0.356452 0.206104
0.276888 0.0241666 0.27377 0.425176
0.25003 0.0687106 0.260811 0.420448
9.9991E-05 0.235012 0.75038 0.0145076
0.26148 0.0789457 0.329387 0.330187
9.9982E-05 0.258096 0.741704 9.9982E-05
0.159875 0.0442878 0.34706 0.448777
0.333756 0.120793 0.333817 0.211634
0.289374 0.140787 0.292633 0.277206
0.361981 9.9991E-05 0.296902 0.341017
0.285982 0.126527 0.314426 0.273066
0.249586 0.00863397 0.274073 0.467706
0.327474 0.0817403 0.246429 0.344357
0.476154 0.0827415 0.441005 9.9991E-05
9.9982E-05 0.23551 0.76429 9.9982E-05
9.9991E-05 0.230939 0.75037 0.0185908
0.290107 0.0616921 0.225231 0.42297
0.0935587 0.0908987 0.491493 0.324049
0.153902 0.0367719 0.424815 0.384511
0.237418 0.0607911 0.259862 0.441929
0.224557 0.20148 0.112461 0.461501
0.19696 0.190312 0.0870984 0.52563
0.236437 0.420458 0.109277 0.233828
0.304987 0.0966601 0.170938 0.427415
0.280292 0.205149 0.126996 0.387563
9.9991E-05 0.56746 0.348805 0.0836353
9.9991E-05 0.330091 0.284877 0.384932
0.145024 0.372256 0.134433 0.348287
0.293868 0.287828 0.0704007 0.347903
0.253592 0.124123 0.137896 0.484389
0.220378 0.169502 0.121143 0.488977
0.252928 0.122089 0.126312 0.498671
0.0939307 0.198688 0.309864 0.397517
0.125974 0.506897 0.106532 0.260597
