0.0480532 0.941245 0.0106019 9.9991E-05
0.00467641 0.995124 9.9982E-05 9.9982E-05
0.00724033 0.907602 0.0850579 9.9991E-05
0.00985966 0.844717 0.145323 9.9991E-05
9.9982E-05 0.935759 0.0640411 9.9982E-05
0.0563893 0.686772 0.0882555 0.168584
0.0174881 0.842745 9.9991E-05 0.139667
0.0492933 0.761704 0.00633527 0.182668
9.9982E-05 0.857919 9.9982E-05 0.141881
0.0188288 0.771279 0.0540662 0.155826
9.9991E-05 0.797288 0.114048 0.0885639
9.999E-05 0.138737 0.382199 0.478964
0.028864 0.107122 0.644464 0.21955
0.05544 0.114401 0.401478 0.428682
0.0805411 0.140303 0.410127 0.369029
0.0815395 0.166736 0.53612 0.215605
0.0789782 0.0469821 0.670564 0.203476
0.0578893 0.0976683 0.576339 0.268104
0.0485438 0.184162 0.394001 0.373293
9.9991E-05 0.125943 0.194545 0.679411
0.0116601 0.095157 0.562814 0.330369
0.089925 0.0418698 0.500974 0.367231
0.024164 0.0879327 0.687964 0.19994
0.00515407 0.150129 0.412052 0.432666
0.0843278 0.0772854 0.723993 0.114394
9.99941E-05 0.112076 0.675638 0.212186
9.9991E-05 0.144925 0.380503 0.474472
0.0333443 0.126382 0.433764 0.40651
9.9991E-05 0.10219 0.39199 0.50572
0.0115677 0.894544 0.0937888 9.9991E-05
0.00571533 0.869923 0.124262 9.9991E-05
0.0924135 0.816097 0.0913899 9.9991E-05
0.0675626 0.773009 0.159329 9.9991E-05
9.9991E-05 0.114249 0.631181 0.25447
0.0328724 0.094359 0.672876 0.199892
0.0162498 0.00374704 0.738495 0.241508
9.9991E-05 0.146441 0.312953 0.540506
0.0404239 9.9991E-05 0.43273 0.526746
0.0547801 0.0821242 0.664376 0.19872
9.9991E-05 0.0384136 0.811086 0.150401
0.00783735 0.143916 0.650275 0.197971
0.0177438 0.140596 0.714725 0.126935
9.9991E-05 0.0255991 0.399834 0.574467
0.0380701 0.100178 0.710991 0.150761
0.0153858 0.103121 0.695499 0.185994
0.0718882 0.116643 0.687673 0.123796
9.9982E-05 9.9982E-05 0.554131 0.445669
0.0284634 0.0789951 0.728297 0.164245
0.0406 0.161141 0.62307 0.175189
0.0337257 9.9982E-05 9.9982E-05 0.966074
9.9991E-05 0.078263 0.309069 0.612568
0.0745446 0.0375864 0.240972 0.646897
0.0594459 0.126998 0.668631 0.144925
0.0630541 0.0875318 0.691788 0.157626
0.0679542 0.089659 0.716016 0.126371
9.9991E-05 0.229441 0.300419 0.47004
9.9991E-05 0.0821722 0.664829 0.252899
0.0781368 0.12173 0.663425 0.136708
0.0381806 0.147389 0.499458 0.314973
9.9991E-05 0.244866 0.251509 0.503526
0.0486566 0.0999931 0.649144 0.202206
0.0552889 0.0978151 0.560067 0.286829
9.9991E-05 0.146097 0.223172 0.630631
9.9991E-05 0.0559899 0.570255 0.373655
0.0720332 0.0541623 0.683974 0.189831
9.9991E-05 0.14773 0.727957 0.124212
0.021728 0.158178 0.432146 0.387948
0.0250396 0.103927 0.623983 0.247051
0.0171767 0.102608 0.706722 0.173493
9.9991E-05 0.113431 0.396638 0.489831
0.0042869 0.0164045 0.706971 0.272338
9.9991E-05 0.0166045 0.482996 0.500299
0.0226615 0.116591 0.667117 0.19363
0.0122406 9.9991E-05 0.221237 0.766423
9.9982E-05 9.9982E-05 0.249835 0.749965
9.9982E-05 9.9982E-05 0.500781 0.499019
9.9991E-05 0.0312147 0.663739 0.304946
0.0565369 0.140035 0.706661 0.0967673
9.9982E-05 9.9982E-05 0.687862 0.311938
9.9991E-05 0.056354 0.415524 0.528022
9.9991E-05 0.0316936 0.513563 0.454643
0.0817777 0.0621927 0.668089 0.187941
9.9991E-05 0.0222712 0.574975 0.402654
9.9991E-05 0.0116825 0.670743 0.317474
9.9982E-05 9.9982E-05 0.678966 0.320834
0.0752978 9.9991E-05 0.0208328 0.903769
0.0721154 0.0273952 0.722744 0.177745
9.9982E-05 0.894962 0.104838 9.9982E-05
0.0305763 0.932925 0.0363987 9.9991E-05
0.0686823 0.842206 0.089012 9.9991E-05
0.0651114 0.934689 9.9982E-05 9.9982E-05
0.0497815 0.950019 9.9982E-05 9.9982E-05
0.063897 0.882289 0.0537144 9.9991E-05
9.9982E-05 0.942307 0.0574928 9.9982E-05
0.0343629 0.0990454 0.710158 0.156434
0.0772061 0.134948 0.664482 0.123364
9.9991E-05 0.0472107 0.301178 0.651512
0.0487568 0.0918809 0.675422 0.18394
9.9991E-05 0.035029 0.60397 0.360901
0.00348068 0.0629458 0.728592 0.204981
0.0124936 9.9991E-05 0.744071 0.243335
0.0465735 9.9991E-05 0.694938 0.258388
9.9991E-05 0.0407901 0.264341 0.694768
0.0261287 0.151893 0.664852 0.157126
0.0557108 0.066294 0.821907 0.0560879
0.0516169 0.161582 0.657118 0.129683
0.0245614 9.9991E-05 0.433882 0.541457
0.0357745 9.9991E-05 0.660205 0.30392
9.9991E-05 0.0220757 0.683911 0.293913
9.9982E-05 9.9982E-05 0.60014 0.39966
9.9991E-05 0.0696161 0.622123 0.308161
0.020904 0.101929 0.69674 0.180427
0.0766462 0.0700561 0.333906 0.519391
9.9991E-05 0.148486 0.527379 0.324035
0.0414784 0.153437 0.638635 0.166449
0.0608785 0.127471 0.690454 0.121197
9.9991E-05 0.111458 0.583391 0.305051
0.0553607 0.0970824 0.639351 0.208206
9.9991E-05 0.138708 0.576474 0.284718
0.0834307 0.0895628 0.599033 0.227974
0.0578204 0.112007 0.645515 0.184657
9.9991E-05 0.109646 0.670348 0.219905
9.9991E-05 0.116184 0.68253 0.201186
0.141293 0.0546878 0.654929 0.14909
0.0776893 0.145837 0.634046 0.142428
0.0886073 0.00563544 0.693011 0.212746
0.100536 0.0952816 0.621388 0.182794
0.0812499 0.0592282 0.620567 0.238955
0.116411 0.104721 0.331486 0.447382
0.0745404 0.0390792 0.714805 0.171575
0.0525518 0.0746184 0.726822 0.146008
9.9991E-05 0.108358 0.362083 0.529459
0.0943239 0.0239641 0.20262 0.679092
0.0228583 0.0891436 0.627065 0.260933
0.084142 9.9991E-05 0.129297 0.786461
9.9991E-05 0.0915477 0.472295 0.436057
9.9991E-05 0.0682062 0.581523 0.350171
9.9991E-05 0.111223 0.509991 0.378686
9.9991E-05 0.0728618 0.481139 0.445899
9.9991E-05 0.0873606 0.729501 0.183038
0.0537798 0.11083 0.661059 0.174331
0.0386282 0.0693423 0.695575 0.196454
0.0540355 0.0548622 0.247854 0.643249
0.0608858 0.162156 0.601369 0.175589
0.0785287 0.0815616 0.578747 0.261162
0.04959 0.135743 9.9991E-05 0.814567
0.127972 0.0723645 0.650535 0.149128
0.071592 0.114068 0.354068 0.460273
0.0799633 0.148678 0.582689 0.188669
0.0339388 0.127143 0.31069 0.528228
0.026606 0.111615 0.167293 0.694487
0.0493226 0.0653483 0.466832 0.418498
0.0968165 0.12046 0.538202 0.244521
0.0384058 0.190523 0.549293 0.221778
0.135536 0.0410628 0.171185 0.652216
0.0494698 0.130811 0.62979 0.189929
9.9982E-05 9.9982E-05 0.424019 0.575781
0.0173666 0.00308249 0.558938 0.420613
0.0589039 0.133524 0.658882 0.148691
0.328069 0.376114 0.0967439 0.199073
0.213957 0.515833 9.9991E-05 0.27011
0.206351 0.496507 9.9991E-05 0.297041
0.325934 0.356351 0.0733821 0.244332
0.0209663 0.00302512 0.723715 0.252294
0.0671998 0.0963277 0.687241 0.149232
0.6499 9.9982E-05 0.3499 9.9982E-05
0.4239 0.0505178 0.459249 0.0663329
0.351631 0.129612 0.476973 0.0417846
0.109913 9.9991E-05 0.295869 0.594118
0.0454848 0.14341 0.562278 0.248827
0.0549859 9.9991E-05 0.29792 0.646994
0.0541667 0.0673949 0.663235 0.215203
0.0790059 0.0742206 0.502525 0.344249
0.0695857 0.0137562 0.636217 0.280441
0.0993164 9.99997E-05 0.202961 0.697623
0.0296242 0.0828324 0.73637 0.151173
0.059674 0.149913 0.62493 0.165483
0.954653 9.9982E-05 0.0451469 9.9982E-05
0.896915 9.9991E-05 0.096033 0.0069523
0.517966 0.0762614 0.396598 0.00917514
0.607366 9.9982E-05 0.392434 9.9982E-05
0.795375 0.0102545 0.19427 9.9991E-05
0.9997 9.998E-05 9.998E-05 9.998E-05
0.984858 9.9982E-05 9.9982E-05 0.0149416
0.848326 9.9982E-05 0.151474 9.9982E-05
0.95241 0.00532491 0.0209732 0.0212922
0.9997 9.998E-05 9.998E-05 9.998E-05
0.9997 9.998E-05 9.998E-05 9.998E-05
0.758435 9.9982E-05 0.241365 9.9982E-05
0.808035 0.0479098 0.143955 9.9991E-05
0.9997 9.998E-05 9.998E-05 9.998E-05
0.424116 0.0784269 0.369316 0.128142
0.676586 0.0475695 0.275744 9.9991E-05
0.805905 0.0243052 0.16969 9.9991E-05
0.903988 0.00625033 0.0896613 9.9991E-05
0.9997 9.998E-05 9.998E-05 9.998E-05
0.941054 9.9982E-05 0.0587462 9.9982E-05
0.9997 9.998E-05 9.998E-05 9.998E-05
0.614556 0.0646331 0.306468 0.0143429
0.976833 9.9982E-05 0.0229669 9.9982E-05
0.149294 0.316846 9.9991E-05 0.533761
0.139181 0.227297 0.386406 0.247116
0.111756 0.196353 0.461932 0.22996
0.21647 0.200571 0.159939 0.42302
0.169212 0.154729 0.501095 0.174964
0.198066 0.269171 0.088806 0.443957
0.129804 0.217463 0.470585 0.182148
0.194273 0.194621 0.32447 0.286636
0.180392 0.20437 0.483449 0.131788
0.178499 0.215778 0.381143 0.22458
0.16268 0.217242 0.444302 0.175776
9.9991E-05 0.924615 0.072955 0.00233012
0.0932419 0.906558 9.9982E-05 9.9982E-05
9.9991E-05 0.966718 0.0244238 0.00875863
9.9982E-05 0.99565 9.9982E-05 0.00414966
9.9982E-05 0.939641 0.0601592 9.9982E-05
0.0154138 0.984386 9.9982E-05 9.9982E-05
0.0219802 0.936416 0.0415037 9.9991E-05
9.9982E-05 0.96341 9.9982E-05 0.03639
0.0526731 0.918182 9.9991E-05 0.0290445
0.0422327 0.933277 0.00988307 0.0146071
0.00889757 0.652707 9.9991E-05 0.338295
9.9982E-05 0.687059 9.9982E-05 0.312741
9.9991E-05 0.62382 0.00691795 0.369162
9.9991E-05 0.546171 0.00404961 0.449679
9.9991E-05 0.0915941 0.650185 0.258121
0.0186303 0.0690242 0.677093 0.235253
0.0114311 0.0430863 0.742741 0.202741
9.9991E-05 0.0659529 0.534131 0.399817
9.9991E-05 0.0643276 0.366157 0.569416
0.0238211 0.0552026 0.801028 0.119948
0.0111706 9.9991E-05 0.773449 0.215281
0.0164546 0.00456487 0.663569 0.315411
0.00106117 9.9991E-05 0.607817 0.391022
0.0551018 0.0601458 0.710259 0.174494
9.9991E-05 0.00388512 0.666501 0.329514
9.9982E-05 9.9982E-05 0.185052 0.814748
9.9991E-05 0.0928592 0.752778 0.154262
0.00736321 9.9991E-05 0.369334 0.623203
9.9991E-05 0.0459182 0.675002 0.27898
9.9991E-05 0.00353843 0.397647 0.598715
9.9991E-05 0.278303 0.045319 0.676278
9.9991E-05 0.256111 0.139996 0.603793
9.9991E-05 0.229945 0.111945 0.65801
9.9991E-05 0.269999 0.0384735 0.691428
9.9991E-05 0.183318 0.188878 0.627704
9.9991E-05 0.215438 0.200154 0.584308
0.0396615 0.900202 0.0600361 9.9991E-05
0.0107315 0.857493 0.131675 9.9991E-05
0.028515 0.798959 0.172426 9.9991E-05
0.0794395 0.864234 0.0315648 0.0247618
0.048029 0.815491 0.13638 9.9991E-05
9.9991E-05 0.515977 0.00127607 0.482647
9.9991E-05 0.544955 0.0160014 0.438944
9.9991E-05 0.544953 0.0542989 0.400648
0.00106727 0.873985 0.124847 9.9991E-05
9.9982E-05 0.515067 9.9982E-05 0.484733
0.355252 0.291332 0.28012 0.0732961
0.198332 0.176009 0.598165 0.0274935
0.255702 0.179605 0.564593 9.9991E-05
0.28759 0.290296 0.331069 0.0910454
0.130883 0.222184 0.588635 0.0582982
0.342053 0.461063 9.9991E-05 0.196785
9.9991E-05 0.051213 0.599516 0.349171
0.0451177 0.0124968 0.537024 0.405362
9.9991E-05 0.113335 0.400784 0.485781
0.0483853 9.9991E-05 0.62357 0.327945
0.0170851 9.9982E-05 9.9982E-05 0.982715
0.0730915 0.113308 0.639225 0.174376
0.0791607 0.0423793 0.608864 0.269596
9.9991E-05 0.0912734 0.466921 0.441705
0.0443268 0.154215 0.626289 0.175169
0.00937186 9.9991E-05 0.262969 0.727559
0.0337249 0.0438491 0.671144 0.251282
9.9991E-05 0.0950232 0.649088 0.255789
0.179628 0.094179 0.479489 0.246704
0.0601294 9.9991E-05 0.402492 0.537278
0.0891418 0.0122046 0.466785 0.431869
0.064061 0.00652781 0.674552 0.25486
9.9991E-05 0.0196442 0.651737 0.328519
0.0801918 0.0431101 0.702121 0.174577
0.0881332 0.113035 0.601329 0.197503
0.0456099 0.0902343 0.674118 0.190038
0.059545 0.845366 0.0949886 9.9991E-05
9.9982E-05 0.888974 0.110826 9.9982E-05
9.9991E-05 0.925995 0.0628844 0.0110211
0.0577631 0.932821 0.00931602 9.9991E-05
9.9982E-05 0.905974 0.0938264 9.9982E-05
9.9991E-05 0.148572 0.267655 0.583673
0.0735465 0.0738267 0.638171 0.214455
0.255696 0.206639 0.428778 0.108887
0.0535394 0.101261 0.723732 0.121468
0.013991 0.0878351 0.65058 0.247594
0.0708192 0.0063931 0.339717 0.583071
9.9991E-05 0.190919 0.131136 0.677845
0.00469897 0.148013 0.571481 0.275807
0.0175767 0.132815 0.364798 0.48481
0.0659714 0.0717093 0.532277 0.330042
9.9991E-05 0.193921 0.258582 0.547397
0.0420044 0.132247 0.666366 0.159383
9.9991E-05 0.150639 0.290728 0.558533
0.118811 0.0369153 0.329435 0.514839
0.0291831 0.114844 0.603397 0.252576
0.00054515 0.0299027 0.401631 0.567922
0.055318 0.0698966 0.603845 0.270941
0.0417978 0.139017 0.624338 0.194847
9.9991E-05 0.0365572 0.370901 0.592442
0.0542887 0.108873 0.596983 0.239856
0.0415229 0.0506929 0.60035 0.307435
0.0110723 9.9991E-05 0.233167 0.755661
0.0048097 0.0551265 0.28741 0.652654
0.00481162 0.0696247 0.563597 0.361967
0.00769938 0.0267522 0.166489 0.799059
0.00776798 0.0385103 0.512019 0.441703
9.9991E-05 0.106455 0.294435 0.59901
0.108754 9.9991E-05 0.264106 0.62704
0.0146259 0.133533 0.531539 0.320302
0.0643357 0.0636283 0.633459 0.238577
9.9991E-05 0.0464425 0.397323 0.556135
0.0705645 0.103574 0.587765 0.238097
0.058295 0.0685793 0.687304 0.185821
0.0586619 0.0332676 0.596913 0.311157
0.0716204 0.0496205 0.603958 0.274801
0.00320956 0.0942745 0.605313 0.297203
9.9991E-05 0.0651528 0.443528 0.491219
9.9991E-05 0.0601935 0.595145 0.344562
0.0624739 0.0198618 0.639649 0.278015
0.0839782 0.0412623 0.707336 0.167424
0.127858 0.061862 0.385892 0.424388
0.131425 0.0289476 0.518206 0.321421
0.0277266 0.0660129 0.503418 0.402842
0.0526463 0.0640618 0.628148 0.255144
0.0523921 0.0932959 0.624742 0.22957
0.0422438 0.138951 0.648471 0.170334
0.130215 0.366945 0.489918 0.0129213
0.179034 0.151542 0.562249 0.107176
0.214765 0.18739 0.443217 0.154627
0.152579 0.123663 0.572237 0.151521
0.26338 0.167873 0.463054 0.105693
0.0426615 9.9991E-05 0.590702 0.366536
0.135738 0.178 0.593368 0.0928943
0.263464 0.226664 0.0290243 0.480848
0.168851 0.12369 0.614795 0.0926633
0.23278 0.119149 0.522472 0.125599
0.184101 0.111232 0.578564 0.126104
0.204185 0.168791 0.314184 0.31284
0.168979 0.194437 0.571356 0.0652283
0.251599 0.106435 0.510367 0.131599
0.203775 0.503467 9.9991E-05 0.292658
0.200616 0.242026 0.539832 0.0175266
0.218601 0.18229 0.588524 0.0105847
0.159009 0.134254 0.590487 0.11625
0.274063 0.162215 0.563622 9.9991E-05
0.137527 0.246275 0.555543 0.0606552
0.0611265 0.0261464 0.548495 0.364232
0.0772264 0.0768438 0.567884 0.278046
0.0781178 9.9991E-05 0.0213128 0.900469
0.0608408 9.9991E-05 0.0752194 0.86384
0.0743732 0.070089 0.598813 0.256725
0.344656 0.157206 0.358527 0.139611
0.347702 0.162807 0.358343 0.131148
0.402404 0.147425 0.18765 0.262521
0.313989 0.14369 0.375349 0.166972
0.173405 0.0604276 0.118041 0.648127
0.170581 0.046656 0.179117 0.603646
0.134476 9.9991E-05 0.61863 0.246794
0.185125 0.0577934 0.438275 0.318807
0.158666 0.0190193 0.281662 0.540652
0.141374 0.0563728 0.603442 0.198812
0.12953 0.0360559 0.635231 0.199184
0.121924 0.0680553 0.604676 0.205345
0.0364977 9.9991E-05 0.461319 0.502083
0.0415505 0.0180865 0.488667 0.451696
0.0504817 0.0432907 0.636219 0.270009
0.0473274 0.0462741 0.53689 0.369509
0.117095 0.112883 0.497447 0.272574
0.0665359 9.9991E-05 0.54328 0.390084
0.0480685 9.9991E-05 0.306044 0.645788
0.0996221 9.9991E-05 0.667603 0.232675
0.0654141 9.9991E-05 0.275559 0.658927
0.0667925 0.00517488 0.554182 0.373851
0.0640282 0.0704397 0.585293 0.280239
0.0902368 0.0693012 0.58725 0.253212
0.176984 0.195383 0.547957 0.0796758
0.157201 0.197809 0.491238 0.153753
0.30314 0.221559 0.35538 0.119921
0.270328 0.229131 0.320538 0.180002
0.20299 0.186853 0.484075 0.126082
0.2065 0.128356 0.445444 0.219699
0.254423 0.118172 9.9991E-05 0.627306
0.270977 0.0753367 0.53723 0.116456
0.224017 0.324423 9.9991E-05 0.451459
0.217695 0.0559667 0.572934 0.153404
9.9982E-05 9.9982E-05 0.290194 0.709606
0.0129503 9.9991E-05 0.11791 0.86904
0.0256144 9.9991E-05 0.600675 0.373611
0.0763778 9.9991E-05 0.679043 0.244479
0.0260165 9.9991E-05 0.537016 0.436868
0.0469212 9.9991E-05 0.694528 0.258451
0.0547378 9.9991E-05 0.64507 0.300092
9.9991E-05 0.917164 0.0339056 0.0488303
0.0625469 0.786441 0.0411821 0.10983
0.0342899 0.96551 9.9982E-05 9.9982E-05
0.000571302 0.964158 0.0351706 9.9991E-05
0.0669068 0.0139771 0.658802 0.260314
0.017802 0.0563777 0.693209 0.232611
9.9991E-05 0.0339667 0.729339 0.236594
0.000954935 0.103059 0.743041 0.152946
0.0475069 0.125568 0.685222 0.141703
9.9991E-05 0.0369859 0.536077 0.426837
9.9991E-05 0.0128192 0.821709 0.165372
0.00876736 9.9991E-05 0.478776 0.512356
0.189583 0.342118 0.444331 0.0239671
0.0607418 9.9991E-05 0.525686 0.413472
9.9991E-05 0.0107061 0.581478 0.407716
0.00137482 9.9991E-05 0.713974 0.284551
9.9991E-05 0.0194782 0.61469 0.365732
0.0170204 9.9991E-05 0.764996 0.217884
9.9991E-05 0.0769509 0.69051 0.232439
9.9982E-05 9.9982E-05 0.279125 0.720675
9.9982E-05 9.9982E-05 0.524791 0.475009
0.0111574 9.9991E-05 0.56874 0.420003
9.9982E-05 9.9982E-05 0.134518 0.865282
9.9991E-05 0.0933401 0.606505 0.300055
9.9982E-05 9.9982E-05 0.278371 0.721429
9.9982E-05 9.9982E-05 0.104634 0.895166
0.0416804 9.9991E-05 0.746625 0.211595
9.9991E-05 0.0317217 0.431641 0.536537
9.9991E-05 0.00816451 0.671629 0.320106
0.0430086 0.106697 0.687325 0.162969
9.9991E-05 0.05718 0.684932 0.257788
0.0476401 9.9991E-05 0.481239 0.471021
0.0067311 0.0461206 0.747947 0.199202
9.9991E-05 0.0353342 0.709551 0.255015
9.9982E-05 9.9982E-05 0.533194 0.466606
0.0220327 0.0967041 0.674365 0.206899
9.9982E-05 0.724971 9.9982E-05 0.274829
9.9991E-05 0.812104 0.0181207 0.169675
9.9982E-05 0.880293 9.9982E-05 0.119507
9.9982E-05 0.87422 9.9982E-05 0.12558
9.9991E-05 0.801529 0.0454209 0.15295
9.9991E-05 0.031201 0.408695 0.560004
9.9991E-05 0.0439572 0.416514 0.539429
9.9982E-05 9.9982E-05 0.454623 0.545177
0.05769 0.119322 0.644552 0.178436
0.0583914 0.159143 0.678683 0.103783
0.0422867 9.9991E-05 0.453284 0.50433
0.0668185 9.9991E-05 0.749093 0.183989
0.057529 0.00403814 0.580599 0.357834
9.9991E-05 0.0530403 0.691828 0.255032
0.064576 0.0479233 0.718646 0.168855
9.9982E-05 9.9982E-05 0.494135 0.505665
9.9991E-05 0.0185988 0.554482 0.426819
9.9991E-05 0.0048099 0.543834 0.451256
0.0410005 0.134107 0.697837 0.127056
9.9991E-05 0.0352544 0.625001 0.339645
9.9991E-05 0.0294631 0.650654 0.319782
0.388314 0.133614 0.475556 0.00251643
0.465773 0.170434 0.335609 0.0281837
0.450452 0.0849404 0.464508 9.9991E-05
0.568361 0.129051 0.254369 0.0482183
0.278242 0.173059 0.487976 0.0607232
0.0574 0.053092 0.619861 0.269647
0.662999 0.274812 0.00887035 0.0533189
0.528237 0.146724 0.302847 0.0221914
0.194864 0.202442 0.411891 0.190804
0.0129618 0.20571 0.614536 0.166792
0.0552721 0.172796 0.521421 0.25051
0.0500234 0.188458 0.641059 0.12046
0.0564715 0.176267 0.63321 0.134052
0.468082 0.182423 0.349395 9.9991E-05
0.353275 0.169226 0.449587 0.0279117
0.527742 0.0754222 0.396735 9.9991E-05
0.29628 0.149808 0.509133 0.0447785
0.504038 0.165103 0.251916 0.0789432
0.390854 0.136591 0.443144 0.029411
0.552962 0.143574 0.272487 0.0309769
0.347268 0.102277 0.436366 0.114088
0.0560686 0.14868 0.546843 0.248409
0.332727 0.189562 0.434672 0.0430391
0.636165 0.219826 0.128151 0.0158579
0.34832 0.144869 0.414627 0.0921844
9.9991E-05 0.242924 0.379822 0.377154
0.0765146 0.0744584 0.672373 0.176654
0.361175 0.185089 0.419765 0.0339712
0.0161484 0.188903 0.611464 0.183484
0.0125017 0.204498 0.567512 0.215488
0.227764 0.227417 0.374471 0.170348
0.29581 0.225987 0.394794 0.0834092
0.0942936 0.147007 0.650992 0.107708
0.274526 0.175427 0.521222 0.0288253
0.406589 0.102057 0.491254 9.9991E-05
0.643558 0.201422 0.143546 0.0114742
0.0249359 0.129676 0.728661 0.116726
9.9993E-05 0.185174 0.528523 0.286204
0.104389 0.131711 0.167887 0.596013
0.0719404 0.211191 0.596371 0.120498
0.0513015 0.119712 0.471985 0.357002
0.176451 0.198056 0.521556 0.103938
0.117777 0.195461 0.542568 0.144194
0.207697 0.385759 9.9991E-05 0.406445
0.168342 0.346546 9.9991E-05 0.485012
0.130903 0.214942 0.364785 0.28937
0.278624 0.354203 0.0100007 0.357173
0.269787 0.47929 9.9991E-05 0.250823
0.148503 0.236745 0.391396 0.223356
0.197413 0.22425 0.378632 0.199704
0.285477 0.282972 0.0596708 0.37188
0.254609 0.267629 0.0287217 0.449041
0.205352 0.190327 0.472546 0.131775
0.215808 0.235664 0.157125 0.391403
0.153951 0.391178 9.9991E-05 0.454771
0.166332 0.130037 0.533801 0.16983
0.254777 0.21861 0.282735 0.243878
0.152665 0.340091 0.497342 0.00990208
0.24836 0.152913 0.598627 9.9991E-05
0.205234 0.175594 0.619072 9.9991E-05
0.283176 0.153772 0.517288 0.0457638
0.194057 0.41407 0.362977 0.0288954
0.185797 0.2547 0.523371 0.0361328
0.208466 0.272079 0.519355 9.9991E-05
0.285337 0.247861 0.34012 0.126681
0.125895 0.202806 0.417309 0.253989
0.123446 0.230511 0.592483 0.0535596
0.181676 0.168296 0.593276 0.0567519
0.124759 0.151023 0.634509 0.0897095
0.26152 0.272035 0.466345 9.9991E-05
0.182284 0.26138 0.540392 0.0159435
0.378866 0.380454 0.0104411 0.230238
0.176197 0.204903 0.582047 0.0368528
0.348538 0.323254 0.202727 0.125481
0.00121743 0.868848 0.00485184 0.125083
9.9991E-05 0.184236 0.238401 0.577263
9.9982E-05 0.221534 9.9982E-05 0.778266
9.9991E-05 0.175685 0.00857171 0.815643
9.9991E-05 0.153333 0.138611 0.707956
9.9991E-05 0.172519 0.111046 0.716335
9.9991E-05 0.169107 0.161722 0.669071
9.9991E-05 0.199589 0.061539 0.738772
9.9991E-05 0.331767 0.0685212 0.599612
9.9991E-05 0.923736 0.0182291 0.0579345
9.9991E-05 0.839117 0.0955011 0.0652823
9.9991E-05 0.899454 0.0551857 0.0452603
9.9991E-05 0.908243 0.0351778 0.0564788
0.00738687 0.909137 0.0515327 0.0319434
9.9991E-05 0.923964 0.0674377 0.00849851
0.0818594 0.777221 0.12957 0.0113497
0.0134916 0.908802 0.0776063 9.9991E-05
0.0418142 0.766306 0.160311 0.0315681
0.0548211 0.926297 0.0187819 9.9991E-05
9.9982E-05 0.99043 9.9982E-05 0.00937049
0.0353301 0.909517 0.0550527 9.9991E-05
0.0140315 0.985769 9.9982E-05 9.9982E-05
0.029713 0.952273 0.0179142 9.9991E-05
9.9982E-05 0.902932 0.0968678 9.9982E-05
0.00310977 0.937267 0.0595235 9.9991E-05
0.0678994 0.868499 0.0635019 9.9991E-05
0.0622446 0.831878 0.105777 9.9991E-05
0.0909471 0.81569 0.0932625 9.9991E-05
9.9991E-05 0.189626 0.504813 0.305461
9.9991E-05 0.131036 0.775147 0.0937173
0.0583546 0.112944 0.707757 0.120944
0.130878 0.086355 0.0878144 0.694952
0.025194 0.162462 0.578743 0.233602
0.125433 0.127056 0.0770364 0.670474
0.055579 0.0978931 0.705676 0.140852
9.9991E-05 0.18152 0.518983 0.299397
9.9991E-05 0.200457 0.599868 0.199575
9.9991E-05 0.102069 0.68871 0.209121
9.9991E-05 0.170896 0.536383 0.29262
0.0307141 0.0847356 0.777459 0.107091
9.9991E-05 0.150408 0.61381 0.235682
0.139393 9.9991E-05 0.07191 0.788597
0.0773856 0.121441 9.9991E-05 0.801073
0.0854337 0.136218 0.177495 0.600854
0.0533506 0.170293 0.679167 0.0971896
0.0856944 0.0806622 0.524248 0.309395
0.038994 0.0983059 0.671658 0.191042
0.109057 0.108294 0.686052 0.0965971
0.149478 0.267373 0.523505 0.0596438
0.181568 0.256113 0.562219 9.9991E-05
0.159284 0.42576 0.249903 0.165052
0.0431178 0.184406 0.672398 0.100079
0.121368 0.247032 0.489222 0.142378
0.246133 0.405544 9.9991E-05 0.348223
0.256157 0.283909 0.330138 0.129797
0.155801 0.392555 0.354051 0.0975931
0.0998015 0.34398 0.459717 0.0965022
0.140489 0.184131 0.551265 0.124115
0.145808 0.223425 0.554678 0.0760894
0.11698 0.196836 0.67201 0.0141743
0.213022 0.162686 0.426497 0.197795
0.111969 0.516553 0.287261 0.0842167
