9.9991E-05 0.0451898 0.927383 0.0273269
0.00664135 0.00172432 0.953367 0.0382674
9.999E-05 0.137369 0.779158 0.0833735
9.999E-05 0.128001 0.79788 0.0740188
9.999E-05 0.0943164 0.874488 0.0310956
0.145302 0.074155 0.67073 0.109814
0.0524908 9.9991E-05 0.930641 0.0167681
0.073075 0.0267659 0.793514 0.106645
9.9982E-05 9.9982E-05 0.875875 0.123925
0.0793275 0.16087 0.748614 0.0111887
0.0390128 9.9991E-05 0.814186 0.146701
0.365366 0.137499 9.9991E-05 0.497035
0.228704 0.37426 9.9991E-05 0.396936
0.176774 0.189984 0.0434407 0.589801
0.256162 0.299493 0.0455904 0.398754
0.287966 0.316156 0.116413 0.279465
0.300807 0.436707 0.010155 0.252331
0.297724 0.347108 9.9991E-05 0.355069
0.203415 0.29061 0.0656968 0.440278
0.154554 0.0593353 0.0616521 0.724458
0.328386 0.283847 9.9991E-05 0.387667
0.416842 0.315579 0.0499883 0.217591
0.339194 0.404875 9.9991E-05 0.255831
0.354398 0.26142 0.0197832 0.364399
0.35661 0.471419 9.9991E-05 0.171871
0.31932 0.387444 9.9991E-05 0.293136
0.192618 0.199101 0.0486828 0.559598
0.136331 0.299506 0.0339743 0.530188
0.348423 0.123959 0.012165 0.515453
9.9982E-05 0.179733 0.820067 9.9982E-05
9.9982E-05 0.159164 0.840636 9.9982E-05
9.9991E-05 0.179742 0.781426 0.0387319
0.0868505 0.18752 0.72553 9.9991E-05
0.525184 0.322127 9.9991E-05 0.152589
0.47939 0.3072 0.0307277 0.182682
0.60741 0.327024 0.0126536 0.0529119
0.194507 0.0472361 0.137171 0.621085
0.770653 0.195008 0.0285691 0.00576955
0.47626 0.305266 0.0262192 0.192254
0.574312 0.425488 9.9982E-05 9.9982E-05
0.569068 0.358237 0.0305007 0.042195
0.371887 0.392662 9.9991E-05 0.235351
0.730916 9.9991E-05 0.0491985 0.219786
0.489674 0.354306 0.00462302 0.151397
0.478648 0.412255 0.00620948 0.102888
0.463072 0.405849 0.04947 0.0816092
0.850358 0.102321 9.9991E-05 0.0472208
0.64038 0.340528 9.9991E-05 0.0189915
0.438169 0.362295 0.0516478 0.147888
0.79625 9.9991E-05 0.195126 0.00852339
0.370048 0.0240533 9.9991E-05 0.605799
0.613236 9.9991E-05 0.145323 0.241341
0.373541 0.408345 0.0533865 0.164728
0.421154 0.390019 0.0447345 0.144092
0.471808 0.3918 9.9991E-05 0.136292
0.429965 0.019558 0.145484 0.404993
0.426425 0.290254 9.9991E-05 0.283221
0.334187 0.408548 9.9991E-05 0.257165
0.415418 0.163901 0.0830165 0.337664
0.35675 0.0366974 0.246678 0.359875
0.382086 0.393579 9.9991E-05 0.224235
0.301224 0.310478 0.0194998 0.368798
0.324868 9.9991E-05 0.0971625 0.577869
0.440129 0.249137 9.9991E-05 0.310634
0.471542 0.372484 9.9991E-05 0.155873
0.349677 0.414427 9.9991E-05 0.235796
0.418616 0.173033 0.0757573 0.332594
0.409485 0.324437 9.9991E-05 0.265978
0.334135 0.356392 9.9991E-05 0.309372
0.441866 0.0244026 0.0795925 0.454139
0.661225 0.234224 9.9991E-05 0.104451
0.725081 0.0431664 0.0340799 0.197673
0.47418 0.306184 0.0167806 0.202856
0.940732 9.9982E-05 0.0590685 9.9982E-05
0.886898 9.9991E-05 0.0164014 0.0966008
0.833035 0.114959 9.9991E-05 0.0519063
0.685353 0.213288 9.9991E-05 0.101259
0.404154 0.38634 0.142537 0.0669693
0.650997 0.21194 9.9991E-05 0.136963
0.509965 0.105213 0.0218207 0.363001
0.524179 0.0767033 0.0147506 0.384367
0.505153 0.318346 0.0353243 0.141177
0.75832 0.0747017 0.0209033 0.146075
0.626225 0.183435 9.9991E-05 0.190239
0.826816 0.172984 9.9982E-05 9.9982E-05
0.861691 9.9991E-05 0.101351 0.0368579
0.444293 0.373647 9.9991E-05 0.181959
9.9991E-05 0.110485 0.79674 0.0926753
9.9982E-05 0.0878225 0.911978 9.9982E-05
9.9991E-05 0.135453 0.861545 0.00290178
9.9982E-05 0.0516142 0.948186 9.9982E-05
9.9982E-05 0.103354 0.896446 9.9982E-05
9.9991E-05 0.0864115 0.911426 0.00206282
9.9982E-05 0.0732103 0.92659 9.9982E-05
0.404171 0.319276 0.0722072 0.204346
0.439721 0.466233 0.00249212 0.0915543
0.787088 9.9991E-05 0.0396632 0.173149
0.529572 0.350617 0.0707954 0.0490157
0.648827 0.206786 0.0282407 0.116147
0.575468 0.308364 0.0629087 0.0532584
0.606903 0.298883 0.04876 0.0454538
0.687876 0.308005 0.00401858 9.9991E-05
0.621639 9.9991E-05 0.101609 0.276653
0.297378 0.394434 0.0514185 0.25677
0.461678 0.354988 0.0711133 0.11222
0.316244 0.334769 0.139358 0.209629
0.798335 0.14 0.0615644 9.9991E-05
0.71798 0.276257 0.00566261 9.9991E-05
0.551818 0.233592 0.0127573 0.201832
0.789079 0.186275 0.0245464 9.9991E-05
0.641773 0.207387 0.0487138 0.102126
0.475154 0.34672 9.9991E-05 0.178026
0.409291 0.107144 0.0950792 0.388486
0.177064 0.296613 0.0778736 0.44845
0.288538 0.335661 0.0629827 0.312818
0.319118 0.41038 0.00324075 0.267262
0.294444 0.290235 0.0382236 0.377097
0.371802 0.342564 9.9991E-05 0.285533
0.283492 0.28547 9.9991E-05 0.430939
0.451877 0.29764 9.9991E-05 0.250383
0.375741 0.311499 0.080513 0.232248
0.385649 0.313251 9.9991E-05 0.301
0.288506 0.265169 9.9991E-05 0.446225
0.419163 0.432027 9.9991E-05 0.148709
0.487036 0.372655 9.9991E-05 0.140209
0.371043 0.371455 9.9991E-05 0.257402
0.338363 0.429087 0.0353444 0.197206
0.395666 0.414519 9.9991E-05 0.189715
0.385842 0.233393 0.0932096 0.287555
0.331621 0.400827 9.9991E-05 0.267451
0.392379 0.417957 9.9991E-05 0.189564
0.259546 0.186434 0.0648878 0.489132
0.510666 0.105597 0.073481 0.310255
0.300651 0.328069 9.9991E-05 0.37118
0.601354 0.00788377 0.0125391 0.378223
0.323496 0.158727 0.0163951 0.501382
0.371827 0.219178 9.9991E-05 0.408895
0.267965 0.198408 9.9991E-05 0.533527
0.28549 0.129965 0.0401612 0.544383
0.360558 0.383135 9.9991E-05 0.256207
0.363763 0.371468 0.052006 0.212763
0.447353 0.319626 0.0378611 0.19516
0.479575 0.109589 0.0414423 0.369394
0.378294 0.293809 0.213936 0.113961
0.566979 0.281069 0.0635326 0.0884192
0.581343 9.9991E-05 0.262946 0.155611
0.500173 0.368434 0.112021 0.0193722
0.580775 0.192153 0.142623 0.0844502
0.407679 0.363298 0.0796959 0.149327
0.602615 0.119348 0.217558 0.060479
0.624899 9.9991E-05 0.165766 0.209236
0.611325 0.18865 0.0517178 0.148308
0.411442 0.395491 0.0350707 0.157996
0.523264 0.212899 0.128149 0.135688
0.563127 0.046954 0.229318 0.160601
0.444513 0.342821 0.0688758 0.143791
0.696473 0.0851901 9.9991E-05 0.218237
0.55284 0.239164 9.9991E-05 0.207896
0.542991 0.344704 0.0089045 0.1034
0.177121 0.31027 0.397704 0.114906
0.138343 0.0849823 0.776575 9.9991E-05
0.240295 0.0645936 0.695012 9.9991E-05
0.128534 0.334333 0.51151 0.0256227
0.639733 0.360067 9.9982E-05 9.9982E-05
0.387288 0.364963 0.0668663 0.180883
9.9982E-05 0.920269 9.9982E-05 0.0795308
0.194563 0.629732 0.115123 0.0605824
0.210644 0.668696 0.0770903 0.0435691
0.715708 0.138294 0.0937491 0.0522491
0.446447 0.335085 0.0184353 0.200032
0.789024 0.0714017 0.119323 0.0202515
0.574321 0.334196 9.9991E-05 0.0913838
0.660615 0.221438 0.102586 0.0153605
0.564871 0.35856 9.9991E-05 0.0764689
0.759357 0.0672284 0.0621902 0.111224
0.519034 0.426249 9.9991E-05 0.054617
0.546618 0.315495 0.0372876 0.1006
9.9982E-05 0.936645 0.0631549 9.9982E-05
9.9982E-05 0.948814 0.0509859 9.9982E-05
0.162147 0.720593 0.113705 0.00355463
0.0665836 0.900395 0.0329218 9.9991E-05
9.9982E-05 0.913906 0.0858941 9.9982E-05
9.9982E-05 0.921407 0.0783929 9.9982E-05
9.9982E-05 0.899397 0.100403 9.9982E-05
0.00679733 0.941277 0.0518258 9.9991E-05
9.9982E-05 0.99909 0.000709807 9.9982E-05
9.9982E-05 0.920616 0.0791836 9.9982E-05
9.9982E-05 0.929419 0.0703807 9.9982E-05
9.9991E-05 0.865896 0.1138 0.0202039
9.9982E-05 0.844044 0.155756 9.9982E-05
9.9982E-05 0.924371 0.0754285 9.9982E-05
0.20426 0.563868 0.0245897 0.207283
0.0844006 0.769884 0.145616 9.9991E-05
0.0409583 0.823939 0.135003 9.9991E-05
9.9982E-05 0.92823 0.0715704 9.9982E-05
9.9982E-05 0.938449 0.0613507 9.9982E-05
9.9982E-05 0.88707 0.11273 9.9982E-05
9.9982E-05 0.895427 0.104373 9.9982E-05
0.0740892 0.78604 0.0465179 0.0933531
9.9982E-05 0.86321 0.13659 9.9982E-05
0.449232 9.9982E-05 0.550568 9.9982E-05
0.350377 0.287161 0.188023 0.174439
0.412881 0.312676 0.223085 0.0513582
0.475743 0.145501 0.378656 9.9991E-05
0.35305 0.410695 0.151853 0.0844015
0.44013 0.212668 0.347101 9.9991E-05
0.393445 0.32172 0.164418 0.120417
0.473603 0.289585 0.236712 9.9991E-05
0.365297 0.446966 0.134285 0.0534521
0.431256 0.369447 0.199196 9.9991E-05
0.434436 0.319694 0.24577 9.9991E-05
0.061319 0.0367052 0.840127 0.0618489
9.9982E-05 0.0861033 0.913697 9.9982E-05
0.00257636 0.0225738 0.97475 9.9991E-05
9.9991E-05 0.0132413 0.951213 0.0354453
9.9982E-05 0.0623969 0.937403 9.9982E-05
9.9982E-05 0.110838 0.888962 9.9982E-05
9.9982E-05 0.128384 0.871416 9.9982E-05
0.0231054 0.0378247 0.931447 0.00762249
9.9982E-05 0.0621029 0.937697 9.9982E-05
9.9991E-05 0.101039 0.889391 0.00947024
0.0101563 9.9991E-05 0.66545 0.324293
0.0476416 9.9991E-05 0.605258 0.347001
0.0924825 9.9991E-05 0.584666 0.322751
0.120907 9.9991E-05 0.514243 0.364751
0.427857 0.287124 9.9991E-05 0.284919
0.486593 0.302553 9.9991E-05 0.210754
0.407146 0.320191 9.9991E-05 0.272563
0.5413 0.152992 0.000275812 0.305433
0.252192 0.0557832 9.9991E-05 0.691924
0.559855 0.387779 9.9991E-05 0.052266
0.650185 0.295575 9.9991E-05 0.0541401
0.528556 0.272126 9.9991E-05 0.199218
0.742032 0.250976 9.9991E-05 0.00689122
0.515065 0.37445 9.9991E-05 0.110385
0.673848 0.20412 9.9991E-05 0.121932
0.851665 9.9991E-05 0.0406908 0.107544
0.465139 0.287779 0.0285487 0.218533
0.862942 0.0874144 0.0495431 9.9991E-05
0.680358 0.244931 9.9991E-05 0.074611
0.705385 9.9991E-05 0.0462151 0.2483
0.000919327 9.9991E-05 0.167362 0.831619
0.101569 9.9991E-05 0.119731 0.7786
0.00966603 9.9991E-05 0.05819 0.932044
0.000383942 9.9991E-05 0.12206 0.877456
0.0363419 9.9991E-05 0.0248545 0.938704
9.9991E-05 0.0362527 0.119797 0.84385
9.9982E-05 0.15148 0.848321 9.9982E-05
9.9991E-05 0.102341 0.783762 0.113797
9.9982E-05 0.259825 0.739975 9.9982E-05
9.9991E-05 0.177337 0.748512 0.0740507
9.9991E-05 0.158007 0.772708 0.0691849
9.9982E-05 9.9982E-05 0.410464 0.589336
0.100938 9.9991E-05 0.501017 0.397945
0.0573895 9.9991E-05 0.475731 0.466779
9.9991E-05 0.150481 0.799768 0.0496512
0.0274408 9.9991E-05 0.408479 0.56398
0.169044 0.523483 0.307373 9.9991E-05
0.346739 0.480486 0.109282 0.0634933
0.110045 0.636014 0.163177 0.090764
0.248195 0.426321 0.259464 0.0660194
0.276127 0.497049 0.162836 0.0639884
0.141633 0.272374 0.585893 9.9991E-05
0.318986 0.23496 9.9991E-05 0.445954
0.542835 0.120796 0.078816 0.257553
0.160119 0.17287 0.0471188 0.619892
0.564824 0.205814 9.9991E-05 0.229262
0.713745 9.9991E-05 0.0798442 0.206311
0.378015 0.269836 0.0745223 0.277627
0.542329 0.289367 0.00379147 0.164512
0.366457 0.116731 9.9991E-05 0.516712
0.37031 0.352051 0.0530865 0.224553
0.63043 9.9991E-05 0.0918983 0.277572
0.505302 0.248472 9.9991E-05 0.246126
0.423532 0.276438 0.0108543 0.289176
0.318945 0.350246 0.188022 0.142787
0.436521 0.162838 9.9991E-05 0.400541
0.392607 0.258611 0.0193318 0.32945
0.516825 0.302521 9.9991E-05 0.180554
0.595819 0.225796 9.9991E-05 0.178284
0.335239 0.468463 9.9991E-05 0.196197
0.373885 0.400302 0.0126251 0.213188
0.427873 0.376978 0.0684174 0.126731
9.9982E-05 0.205317 0.794483 9.9982E-05
0.0101562 0.155965 0.833779 9.9991E-05
0.0926427 0.0523032 0.82702 0.0280343
0.0478418 0.0703065 0.855498 0.0263534
9.9991E-05 0.1755 0.798086 0.0263146
0.236132 0.072704 0.0144254 0.676739
0.446597 0.344508 0.041205 0.167691
0.378558 0.360998 0.260345 9.9991E-05
0.431038 0.35448 9.9991E-05 0.214381
0.424725 0.27554 9.9991E-05 0.299635
0.239359 0.229323 9.9991E-05 0.531218
0.197678 9.9991E-05 0.18496 0.617262
0.310621 0.305384 9.9991E-05 0.383895
0.139309 0.0911145 0.0876118 0.681964
0.487121 0.275597 0.0440669 0.193215
0.142106 0.0871041 0.14234 0.628449
0.272659 0.381501 0.0552935 0.290547
0.226827 0.104769 0.0673159 0.601088
0.290869 0.247299 0.0469388 0.414893
0.399721 0.271966 0.0354358 0.292876
0.65054 0.101179 0.101958 0.146324
0.475243 0.353124 0.116687 0.054946
0.477324 0.268067 0.0257306 0.228878
0.678967 0.132232 0.078255 0.110545
0.472127 0.349448 0.0545789 0.123846
0.616057 0.271885 0.0511552 0.0609026
0.776991 9.9991E-05 0.0338762 0.189033
0.855786 0.030927 0.078177 0.03511
0.632444 0.248248 0.0535347 0.0657732
0.716183 9.9991E-05 0.136259 0.147457
0.633856 0.160918 9.9991E-05 0.205126
0.253599 0.0453438 0.0359347 0.665122
0.538374 0.106288 9.9991E-05 0.355238
0.273465 0.227977 0.0240234 0.474534
0.27456 0.440333 9.9991E-05 0.285006
0.287006 0.134773 9.9991E-05 0.578121
0.5196 0.297128 0.106314 0.0769583
0.333726 0.396387 0.045714 0.224173
0.26767 0.379753 9.9991E-05 0.352478
0.292253 0.329682 0.0143964 0.363669
0.304788 0.286179 0.00540744 0.403625
0.173939 0.190077 9.9991E-05 0.635884
0.312429 0.239168 9.9991E-05 0.448303
0.408674 0.361802 9.9991E-05 0.229425
0.386142 0.365945 9.9991E-05 0.247813
0.421502 0.18271 0.0528148 0.342973
0.337148 0.371297 9.9991E-05 0.291455
0.122562 0.288339 0.0393892 0.549709
0.28807 0.418255 9.9991E-05 0.293575
0.346492 0.327642 0.022924 0.302942
0.435124 0.401517 0.0696692 0.0936899
0.209399 0.388702 0.354106 0.0477922
0.359093 0.44958 0.182569 0.00875765
0.375843 0.407426 0.091696 0.125035
0.311325 0.466928 0.0465949 0.175152
0.27075 0.51863 0.157445 0.0531755
0.491965 0.252595 9.9991E-05 0.255341
0.226805 0.451611 0.126837 0.194747
0.472041 0.106879 0.409009 0.0120709
0.356023 0.469292 0.0655481 0.109137
0.353385 0.482351 0.0771114 0.0871525
0.289359 0.498151 0.0446447 0.167845
0.353036 0.339448 0.211379 0.096137
0.31399 0.465745 0.159349 0.0609163
0.339913 0.490171 0.132052 0.0378635
0.216518 0.103536 0.679847 9.9991E-05
0.282715 0.446913 0.168923 0.101448
0.286487 0.505917 0.194283 0.0133129
0.348677 0.480161 0.0543138 0.116848
0.316067 0.54446 0.129328 0.0101455
0.290221 0.494741 0.0972552 0.117783
0.683899 0.232753 0.0477505 0.0355976
0.521201 0.352496 0.126203 9.9991E-05
0.851053 9.9991E-05 0.0263213 0.122525
0.814123 9.9991E-05 0.0980502 0.0877272
0.53732 0.298537 0.0111693 0.152974
0.296131 0.499326 0.145418 0.0591248
0.36264 0.483991 0.153269 9.9991E-05
0.305298 0.363003 0.331599 9.9991E-05
0.312756 0.447682 0.239462 9.9991E-05
0.704832 0.0533901 0.241678 9.9991E-05
0.607123 0.136058 0.256719 9.9991E-05
0.506615 0.399867 9.9991E-05 0.0934172
0.560899 0.341293 0.0710062 0.0268015
0.644349 0.162043 0.164117 0.029491
0.492791 0.378973 0.0478335 0.080402
0.425903 0.401044 0.0156601 0.157393
0.432332 0.356532 0.0641354 0.147
0.744032 0.108774 9.9991E-05 0.147095
0.639567 0.197788 9.9991E-05 0.162545
0.49972 0.36318 0.0227988 0.114301
0.487725 0.24581 0.130506 0.135958
0.468684 0.331455 0.0851075 0.114754
0.719134 0.232308 0.0281422 0.0204153
0.670857 0.0463402 0.0526082 0.230195
0.617849 0.356067 0.0259843 9.9991E-05
0.83658 0.0625932 0.0358316 0.0649949
0.67574 0.213764 0.0635558 0.0469406
0.599136 0.330101 0.0313586 0.0394048
0.672402 0.288243 9.9991E-05 0.0392542
0.400186 0.439759 0.159955 9.9991E-05
0.375648 0.428379 0.103546 0.0924269
0.290663 0.400423 0.187139 0.121775
0.29687 0.362292 0.247347 0.0934913
0.246054 0.422387 0.162981 0.168577
0.384659 0.411701 0.157058 0.0465816
0.617556 0.0261877 0.356156 9.9991E-05
0.347802 0.553015 0.0152734 0.083909
0.333126 0.0654336 0.601341 9.9991E-05
0.440873 0.495729 0.0574388 0.00595969
0.931004 9.9991E-05 0.0483575 0.0205386
0.858035 9.9982E-05 0.141765 9.9982E-05
0.709338 0.199246 9.9991E-05 0.0913164
0.650333 0.330456 9.9991E-05 0.0191107
0.73908 0.15628 9.9991E-05 0.10454
0.61708 0.265723 9.9991E-05 0.117098
0.622995 0.282404 9.9991E-05 0.0945017
9.9991E-05 0.134909 0.830158 0.0348337
9.9991E-05 0.116974 0.775128 0.107798
9.9991E-05 0.0996442 0.890868 0.0093881
9.9982E-05 0.0526393 0.947161 9.9982E-05
0.549549 0.327385 9.9991E-05 0.122965
0.654899 0.275937 0.0380565 0.0311084
0.595665 0.268535 9.9991E-05 0.1357
0.388943 0.41245 0.0667974 0.13181
0.480086 0.342575 0.0763555 0.100983
0.689955 0.0673228 0.0189136 0.223809
0.591829 0.34459 9.9991E-05 0.0634808
0.844262 0.0897546 0.0658835 9.9991E-05
0.192459 0.455071 0.239411 0.113059
0.662901 0.241066 9.9991E-05 0.0959332
0.613036 0.177218 9.9991E-05 0.209646
0.709428 0.277622 9.9991E-05 0.0128505
0.660746 0.164909 0.00594681 0.168398
0.668857 0.298063 9.9991E-05 0.0329792
0.614089 0.324641 9.9991E-05 0.0611699
0.997599 9.9982E-05 0.00220117 9.9982E-05
0.815902 0.0586401 0.0717967 0.0536615
0.737337 0.152281 0.0449479 0.065434
0.980033 9.9982E-05 0.0197667 9.9982E-05
0.53717 0.219518 0.0163013 0.22701
0.900834 9.9991E-05 0.0349208 0.0641449
0.876476 9.9991E-05 0.100279 0.0231452
0.549296 0.40269 0.0479142 9.9991E-05
0.704227 0.0602113 0.0763609 0.159201
0.608845 0.23771 9.9991E-05 0.153346
0.421466 0.365043 9.9991E-05 0.213391
0.623627 0.243094 9.9991E-05 0.133179
0.320773 0.219344 9.9991E-05 0.459782
0.575636 0.267847 9.9991E-05 0.156418
0.512007 0.288078 9.9991E-05 0.199815
0.832774 0.0878452 9.9991E-05 0.0792811
0.620743 0.228637 0.0866582 0.063962
0.0527264 0.00361361 0.647225 0.296435
0.0945465 0.0213698 0.777591 0.106492
0.00933302 9.9991E-05 0.853153 0.137414
9.9982E-05 9.9982E-05 0.815964 0.183836
9.9982E-05 9.9982E-05 0.760913 0.238888
0.642646 0.0413681 0.0647982 0.251187
0.768918 9.9991E-05 0.117791 0.113191
0.953855 0.0459448 9.9982E-05 9.9982E-05
0.469409 0.387231 0.0204984 0.122862
0.519983 0.405519 9.9991E-05 0.0743972
0.80014 0.168508 0.0312528 9.9991E-05
0.606981 0.346852 0.0163653 0.0298024
0.683335 0.23454 0.0820248 9.9991E-05
0.561644 0.308729 0.00126013 0.128367
0.505081 0.389143 9.9991E-05 0.105676
0.651252 0.129279 0.034384 0.185086
0.703484 0.143508 9.9991E-05 0.152908
0.630792 0.0940764 9.9991E-05 0.275032
0.476692 0.311202 0.0944183 0.117688
0.745443 0.153789 9.9991E-05 0.100667
0.613998 0.286698 0.0211474 0.0781562
0.115634 0.699493 0.0772087 0.107664
0.178036 0.623116 0.156888 0.0419596
0.185291 0.698583 0.116025 9.9991E-05
0.114682 0.698913 0.183849 0.00255602
0.277082 0.601854 0.0698338 0.0512307
0.595597 0.255568 0.0553849 0.0934495
9.9982E-05 0.665693 0.334107 9.9982E-05
0.116392 0.695998 0.18751 9.9991E-05
0.398931 0.397468 0.192466 0.0111362
0.526138 0.297791 0.157789 0.0182815
0.490775 0.235154 0.115568 0.158503
0.527711 0.341732 0.103986 0.026571
0.494156 0.321989 0.116215 0.0676404
0.0483623 0.672508 0.279029 9.9991E-05
0.19405 0.593504 0.147133 0.0653139
0.0859436 0.770548 0.08055 0.0629583
0.259505 0.536265 0.117043 0.0871875
0.140862 0.682504 0.166919 0.00971398
0.175834 0.545236 0.178571 0.100358
0.107103 0.674515 0.128048 0.0903344
0.178644 0.674109 0.127096 0.0201504
0.514185 0.336923 0.0659233 0.0829683
0.211728 0.566293 0.149878 0.0721011
0.021334 0.787415 0.186628 0.00462274
0.186127 0.584523 0.14987 0.0794793
0.42105 0.0592615 0.176696 0.342993
0.457668 0.40947 9.9991E-05 0.132762
0.176598 0.535643 0.182028 0.105731
0.462431 0.34284 0.112723 0.082007
0.457118 0.310138 0.0865953 0.146149
0.341106 0.384915 0.251843 0.0221359
0.231436 0.494015 0.274449 9.9991E-05
0.437698 0.418863 0.0664996 0.0769393
0.200084 0.65028 0.104743 0.0448932
0.195548 0.678867 0.125485 9.9991E-05
0.0310996 0.70036 0.26844 9.9991E-05
0.458021 0.351584 0.0851141 0.105281
0.563683 0.191426 0.136226 0.108664
0.675985 0.0714926 0.252423 9.9991E-05
0.399836 0.349013 0.0685214 0.18263
0.44457 0.215323 0.0725751 0.267532
0.329742 0.412401 0.244091 0.0137668
0.417321 0.337391 0.0735856 0.171703
0.34916 0.11281 0.537929 9.9991E-05
0.388251 0.0381543 0.573495 9.9991E-05
0.418598 0.269658 0.207737 0.104008
0.301077 0.209807 0.489016 9.9991E-05
0.216094 0.185493 0.598313 9.9991E-05
0.461522 0.334947 0.199073 0.00445784
0.376993 0.350407 0.25578 0.0168201
0.377606 0.21918 0.386084 0.0171299
0.407166 0.173553 0.419181 9.9991E-05
0.365863 0.423138 0.125782 0.0852165
0.462985 0.193189 0.343726 9.9991E-05
0.307399 0.00876435 0.683736 9.9991E-05
0.253572 0.436309 0.0812374 0.228882
0.271302 0.443832 0.184192 0.100673
0.186016 0.453989 0.254748 0.105247
0.237069 0.592529 0.125017 0.0453848
0.363127 0.425908 0.146463 0.0645014
0.35246 0.531785 0.115655 9.9991E-05
0.133018 0.437367 0.339867 0.0897487
0.299153 0.43295 0.159746 0.108151
0.186907 0.521293 0.242261 0.0495387
0.296136 0.436138 0.267626 9.9991E-05
0.269347 0.31404 0.207806 0.208806
0.285627 0.475224 0.101329 0.13782
0.242022 0.468503 0.0562299 0.233245
0.41544 0.400352 0.0539689 0.130239
0.0785534 0.515274 0.263228 0.142945
0.364968 0.440699 0.126046 0.0682867
0.269638 0.288602 0.44166 9.9991E-05
0.314023 0.481493 0.180065 0.0244192
0.221698 0.43981 0.338392 9.9991E-05
0.0270465 0.0256692 0.817833 0.129452
0.106495 0.0280399 0.0608199 0.804645
9.9982E-05 9.9982E-05 0.0220943 0.977706
9.9982E-05 9.9982E-05 0.0225711 0.977229
9.998E-05 9.998E-05 9.998E-05 0.9997
9.9991E-05 0.0242526 0.0487677 0.92688
9.998E-05 9.998E-05 9.998E-05 0.9997
9.9982E-05 9.9982E-05 0.0444713 0.955329
9.9982E-05 9.9982E-05 0.183481 0.816319
9.9991E-05 0.0573036 0.910096 0.0325006
9.9991E-05 0.0738679 0.806205 0.119827
9.9982E-05 0.0922299 0.90757 9.9982E-05
9.9991E-05 0.0426467 0.847371 0.109882
9.9991E-05 0.0855167 0.908357 0.00602635
9.9982E-05 9.9982E-05 0.929558 0.0702418
9.9991E-05 0.138569 0.726427 0.134904
0.00713677 0.125195 0.867568 9.9991E-05
9.9991E-05 0.15121 0.684643 0.164048
9.9982E-05 0.0751966 0.924603 9.9982E-05
9.9991E-05 0.0154661 0.958044 0.0263903
9.9991E-05 0.0707515 0.869255 0.0598934
9.9991E-05 0.046044 0.948819 0.00503747
9.9991E-05 0.0983121 0.890263 0.0113251
9.9991E-05 0.12763 0.865531 0.00673894
9.9982E-05 0.156131 0.843669 9.9982E-05
9.9982E-05 0.224282 0.775518 9.9982E-05
9.9982E-05 0.218031 0.781769 9.9982E-05
9.9982E-05 0.167578 0.832222 9.9982E-05
0.388158 0.236463 0.192555 0.182824
0.541366 0.320145 9.9991E-05 0.138389
0.369843 0.423515 0.031117 0.175524
0.778875 9.9982E-05 0.220925 9.9982E-05
0.412317 0.295472 0.0993877 0.192823
0.66879 9.9982E-05 0.33101 9.9982E-05
0.457675 0.438232 0.0979008 0.0061929
0.533565 0.173654 0.141853 0.150928
0.514031 0.261296 0.039468 0.185205
0.558635 0.261223 9.9991E-05 0.180043
0.541125 0.199687 0.129999 0.129189
0.499719 0.390583 9.9991E-05 0.109598
0.407211 0.339311 0.0428372 0.210641
0.377129 0.0110546 0.0836859 0.528131
0.686103 9.9991E-05 0.213128 0.100669
0.680458 0.039892 0.247795 0.0318553
0.425925 0.376846 0.0238319 0.173397
0.527045 0.266037 0.0933002 0.113618
0.538837 0.268148 0.131058 0.0619577
0.568207 0.419456 0.0122378 9.9991E-05
0.337333 0.442138 0.19147 0.0290595
0.269882 0.46598 0.140439 0.1237
0.133712 0.189428 0.470101 0.206759
0.357291 0.322478 0.137164 0.183067
0.293968 0.396649 0.21408 0.0953028
0.281348 0.130774 0.587777 9.9991E-05
0.297719 0.389418 0.312763 9.9991E-05
0.149159 0.34898 0.341924 0.159937
0.202301 0.333702 0.250673 0.213324
0.223678 0.461659 0.163615 0.151048
0.296808 0.450645 0.201875 0.0506727
0.233502 0.469829 0.0792674 0.217402
0.284746 0.476308 0.10012 0.138825
0.097014 0.348098 0.481752 0.0731365
