0.0230567 0.0339688 9.9982E-05 9.9982E-05 0.0248328 0.917942
9.9982E-05 0.00573574 0.0257306 9.9982E-05 0.0126849 0.955649
0.0453789 0.00960346 0.0563549 9.9982E-05 9.9982E-05 0.888463
0.129922 9.9973E-05 9.9973E-05 9.9973E-05 0.041439 0.828339
0.0862196 9.9973E-05 0.0049498 9.9973E-05 9.9973E-05 0.908531
0.0900801 0.0424276 9.9991E-05 0.134653 0.0648109 0.667929
0.017284 9.9982E-05 9.9982E-05 0.132204 0.0135605 0.836752
0.0178278 0.0241689 9.9991E-05 0.138635 0.0782364 0.741032
9.99729E-05 9.99729E-05 9.99729E-05 0.0274108 0.139905 0.832385
0.0517675 0.0106675 9.9991E-05 0.123275 0.0574404 0.75675
0.113112 9.9982E-05 9.9982E-05 0.0595892 0.0522676 0.774831
0.254899 0.021147 0.147448 0.0357476 0.495085 0.0456731
0.576227 0.0469908 0.0194974 0.0511398 0.255793 0.0503524
0.246125 0.0970614 0.105098 0.0838632 0.467752 9.9991E-05
0.311682 0.107241 0.0759947 0.0263185 0.465369 0.0133948
0.402612 0.126574 0.0756249 0.0316845 0.279487 0.0840173
0.57375 0.0778979 9.9991E-05 0.086632 0.223438 0.0381815
0.48073 0.0449479 0.129969 0.0382473 0.256496 0.0496094
0.298017 0.0576158 0.0421212 0.0813936 0.391607 0.129245
0.0277984 0.0259936 0.108563 0.117209 0.695661 0.0247749
0.420746 0.032314 0.176955 0.0604882 0.286173 0.023324
0.429589 0.0732773 0.0582369 0.228998 0.201081 0.00881727
0.553743 0.0462972 0.157483 0.0191789 0.223198 9.9991E-05
0.233176 0.0644372 0.111066 0.0966 0.436556 0.0581657
0.62403 0.0736776 0.0362998 0.0634369 0.089105 0.11345
0.528646 0.0260173 0.115665 0.0154678 0.263601 0.0506028
0.218579 0.0423462 0.14901 0.04042 0.514132 0.0355129
0.260164 0.102137 0.119977 0.024571 0.441367 0.0517845
0.246837 9.9991E-05 0.113234 0.137167 0.470821 0.0318417
0.0838397 0.0227907 9.9973E-05 9.9973E-05 9.9973E-05 0.89307
0.108987 9.9973E-05 0.00211742 9.9973E-05 9.9973E-05 0.888595
0.116109 0.0702062 9.9982E-05 9.9982E-05 0.0150515 0.798434
0.172635 0.0631054 0.00807052 9.9982E-05 9.9982E-05 0.755989
0.483073 9.9991E-05 0.216487 0.10878 0.0735701 0.11799
0.532806 0.0147093 0.29172 0.0460551 0.014288 0.100422
0.556917 9.9991E-05 0.343123 0.0364194 0.0410466 0.0223934
0.196049 0.0138073 0.111268 0.00941369 0.634918 0.0345438
0.221316 0.0524523 0.596301 0.12973 9.9982E-05 9.9982E-05
0.533996 0.0691776 0.225779 9.9991E-05 0.130002 0.040945
0.733698 9.9982E-05 0.156836 0.0546438 9.9982E-05 0.0546219
0.595061 9.9991E-05 0.061216 0.173487 0.0465971 0.123539
0.611463 9.9991E-05 0.056088 0.127572 0.0852967 0.119481
0.122183 9.9982E-05 0.679768 9.9982E-05 0.18696 0.0108897
0.68367 0.013046 9.9991E-05 0.202884 0.0222445 0.078055
0.564825 0.0570261 0.219199 0.0809484 0.0387225 0.0392789
0.613424 0.010419 0.0935071 0.10902 0.0439726 0.129658
0.335852 9.9973E-05 0.540246 0.123602 9.9973E-05 9.9973E-05
0.615913 0.0153358 0.21118 0.0653151 0.0207606 0.0714956
0.580862 0.0403374 0.145985 0.0684416 0.0577604 0.106613
9.9964E-05 9.9964E-05 0.612999 0.386601 9.9964E-05 9.9964E-05
0.184355 9.9982E-05 0.0810984 0.129956 0.604391 9.9982E-05
0.171861 0.0594855 0.120352 0.387776 0.260426 9.9991E-05
0.536442 0.0842775 0.0616591 0.0621608 0.145542 0.109918
0.563522 0.0605711 0.0481311 0.167105 0.0777248 0.0829462
0.598456 0.0697114 0.0372433 0.153407 0.0814934 0.0596886
0.220706 9.9991E-05 0.103129 0.0617904 0.486692 0.127583
0.582223 9.9982E-05 0.00728675 0.0662346 0.344056 9.9982E-05
0.53301 0.0676338 0.129326 0.0842067 0.152695 0.0331279
0.399507 0.0354976 0.0634816 0.117813 0.299847 0.0838532
0.147116 0.024519 0.107024 0.0942778 0.478639 0.148424
0.572854 0.0151392 0.0504853 0.115853 0.136629 0.109039
0.45022 0.0540273 0.0958133 0.0498445 0.278857 0.0712374
0.104658 9.9991E-05 0.127309 0.127037 0.567435 0.0734614
0.469415 9.9982E-05 0.0945801 0.0390261 0.396779 9.9982E-05
0.634695 0.021666 0.0870683 0.120121 0.0866315 0.049818
0.654861 9.9991E-05 0.00567621 0.0601281 0.227328 0.0519068
0.307514 0.0342088 0.107757 0.0814604 0.387889 0.0811699
0.545106 9.9991E-05 0.094944 0.0620924 0.207222 0.0905353
0.579513 0.0305578 0.0661971 0.0920595 0.176287 0.055385
0.260089 9.9991E-05 0.105137 0.118249 0.494594 0.0218307
0.492561 0.0137082 0.46647 9.9982E-05 9.9982E-05 0.0270609
0.193396 9.9982E-05 0.705589 9.9982E-05 0.0770253 0.0237899
0.500219 0.01787 0.267334 9.9991E-05 0.0495023 0.164975
9.9973E-05 0.00276166 0.87189 0.125049 9.9973E-05 9.9973E-05
9.9964E-05 9.9964E-05 0.831557 0.168043 9.9964E-05 9.9964E-05
0.221975 9.9973E-05 0.706295 0.0714304 9.9973E-05 9.9973E-05
0.472265 9.9982E-05 0.432237 9.9982E-05 0.0542394 0.0410593
0.534528 0.0868084 0.13573 0.0853608 0.0180331 0.13954
0.446404 0.043385 0.470224 0.0397872 9.9982E-05 9.9982E-05
0.162511 9.9982E-05 0.64001 9.9982E-05 0.169572 0.0277068
0.260959 9.9982E-05 0.569479 9.9982E-05 0.158974 0.0103876
0.538933 0.0224158 0.32689 0.0107654 0.0197175 0.0812782
0.330259 9.9982E-05 0.582636 9.9982E-05 0.0612797 0.0256254
0.476398 9.9973E-05 0.453441 9.9973E-05 0.069861 9.9973E-05
0.43144 9.9973E-05 0.458417 0.109843 9.9973E-05 9.9973E-05
9.9964E-05 9.9964E-05 0.661907 0.337694 9.9964E-05 9.9964E-05
0.618891 0.0469475 0.278274 0.0251326 9.9991E-05 0.0306553
0.0783763 9.9973E-05 9.9973E-05 9.9973E-05 0.0676742 0.85365
0.0679927 9.9964E-05 9.9964E-05 9.9964E-05 9.9964E-05 0.931607
0.101242 0.0466934 9.9973E-05 9.9973E-05 9.9973E-05 0.851764
0.0066832 0.0505715 9.9973E-05 9.9973E-05 9.9973E-05 0.942445
9.9973E-05 0.0406402 0.00435224 9.9973E-05 9.9973E-05 0.954708
0.074181 0.0421441 9.9982E-05 0.00905311 9.9982E-05 0.874422
0.0706942 9.9964E-05 9.9964E-05 9.9964E-05 9.9964E-05 0.928906
0.531597 0.0687359 0.191087 0.0215062 0.0757627 0.111311
0.545767 0.0326335 0.194457 0.019343 0.0613077 0.146492
0.0214388 9.9991E-05 0.718031 0.00243263 0.213639 0.044359
0.568043 0.00230357 0.202853 0.0823323 0.0203996 0.124069
0.405191 9.9982E-05 0.435197 9.9982E-05 0.138604 0.0208084
0.54225 9.9982E-05 0.347772 9.9982E-05 0.0310169 0.0787606
0.560281 0.00145694 0.284805 0.0966369 0.0289861 0.0278339
0.496189 0.0581658 0.378546 0.00786422 0.026922 0.0323133
9.9973E-05 9.9973E-05 0.699694 9.9973E-05 0.262034 0.0379719
0.513602 0.0386113 0.206454 0.0318565 0.105459 0.104017
0.659167 0.0241503 0.122777 0.0333793 0.0713263 0.0892008
0.557793 0.0865497 0.130429 0.0470435 0.0821234 0.0960613
0.257342 9.99898E-05 0.517471 0.214508 0.0104793 9.99898E-05
0.526503 9.9973E-05 0.366362 0.106835 9.9973E-05 9.9973E-05
0.467733 9.9982E-05 0.365296 9.9982E-05 0.165786 0.000984964
0.378481 9.9973E-05 0.53922 0.0819994 9.9973E-05 9.9973E-05
0.438896 9.9991E-05 0.390518 0.00833644 0.126134 0.0360147
0.593078 0.0192561 0.137962 0.0770642 0.0689183 0.103721
0.34601 0.0297668 9.9982E-05 0.235679 0.388344 9.9982E-05
0.482382 9.9982E-05 9.9982E-05 0.100997 0.325227 0.0911943
0.602815 0.0398564 9.9991E-05 0.139316 0.10079 0.117122
0.645328 0.0244295 0.0143615 0.105787 0.112161 0.0979324
0.472667 0.00739696 0.0289777 0.0479364 0.400251 0.0427709
0.637475 9.9991E-05 0.0218723 0.0522793 0.229054 0.0592185
0.501255 9.9991E-05 0.0172939 0.00644951 0.419828 0.0550733
0.539027 0.0246407 0.0670373 0.131723 0.12492 0.112652
0.652023 0.0399539 0.0087444 0.0316996 0.177898 0.0896815
0.613838 9.9982E-05 9.9982E-05 0.0574904 0.270886 0.057586
0.615663 9.9991E-05 0.0321469 0.0295764 0.30582 0.0166943
0.658373 0.0117963 0.061153 0.0772173 0.117804 0.0736567
0.598106 0.0475503 9.9991E-05 0.0936294 0.14064 0.119974
0.625901 0.0465446 0.0192016 0.109864 0.193738 0.00475035
0.58512 0.0820995 9.9991E-05 0.0871375 0.178694 0.0668489
0.640331 0.056882 9.9991E-05 0.126128 0.171381 0.00517762
0.352333 0.067821 0.0230822 0.249405 0.259845 0.0475146
0.641096 0.0253361 0.033109 0.0577676 0.221163 0.0215282
0.682659 0.0334783 9.9991E-05 0.110756 0.149271 0.0237348
0.219451 0.0270639 0.101282 0.0527058 0.585928 0.013569
0.164156 0.0287418 0.0924764 0.40062 0.313906 9.9991E-05
0.560058 0.0181436 0.0538576 0.0882156 0.240944 0.0387815
0.096337 9.9982E-05 0.0948478 0.476111 0.332504 9.9982E-05
0.361704 9.9991E-05 0.0461718 0.0350593 0.542761 0.0142035
0.443605 9.9982E-05 0.105627 0.0434235 0.407144 9.9982E-05
0.38872 9.9991E-05 0.108025 0.0207834 0.451567 0.0308044
0.395518 9.9982E-05 0.0362643 0.0460906 0.521927 9.9982E-05
0.633494 9.9982E-05 9.9982E-05 0.0867984 0.206297 0.0732103
0.60199 0.0366484 0.00816012 0.13192 0.149223 0.0720576
0.623133 0.028781 0.0614087 0.0458241 0.17359 0.0672626
0.197659 0.0156484 0.0666879 0.344162 0.375743 9.9991E-05
0.50066 0.0199956 0.0826038 0.125293 0.111171 0.160277
0.531517 0.0207969 0.021709 0.282752 0.0632203 0.0800051
9.9982E-05 9.9982E-05 0.0936545 0.691476 0.0822832 0.132386
0.670141 0.0403458 0.0276789 0.19153 0.018688 0.051616
0.329219 0.001478 0.147663 0.394604 0.0426157 0.0844199
0.559121 0.0662686 0.0320884 0.197261 0.0288488 0.116412
0.248312 9.9991E-05 0.0877378 0.448126 0.116757 0.0989672
0.110177 9.9991E-05 0.0964531 0.612538 0.123295 0.0574373
0.42083 9.9991E-05 0.095956 0.320986 0.0987117 0.0634162
0.481229 0.0974486 0.0388585 0.171511 0.106299 0.104653
0.438056 0.0339108 0.0550663 0.221098 0.110936 0.140932
0.1 0.0856738 0.168979 0.505883 0.114767 0.0246972
0.583068 0.0689308 0.0634434 0.1461 0.0626497 0.0758081
0.381051 9.9982E-05 0.0558198 0.490592 0.0723372 9.9982E-05
0.486296 9.9982E-05 0.0717967 0.351395 0.0903121 9.9982E-05
0.576233 0.0654041 0.0878535 0.145122 0.0490306 0.0763566
0.141886 0.24083 9.9982E-05 0.233491 9.9982E-05 0.383593
9.9973E-05 0.1336 9.9973E-05 0.367792 9.9973E-05 0.498308
9.9973E-05 0.11232 9.9973E-05 0.42553 9.9973E-05 0.461849
0.064636 0.261501 0.00313333 0.300352 9.9991E-05 0.370278
0.663011 9.9982E-05 0.0286071 0.275604 0.0325784 9.9982E-05
0.627242 0.0156615 0.0400948 0.130211 0.0617499 0.125041
0.31198 0.684346 9.9973E-05 9.9973E-05 0.00337461 9.9973E-05
0.373915 0.481539 0.0173986 0.0180156 0.107311 0.00182047
0.368891 0.380715 0.0687518 0.0113642 0.120931 0.049347
0.298364 0.0210411 0.035217 0.589215 0.0560629 9.9991E-05
0.476883 0.0502468 0.0693727 0.18149 0.136748 0.0852595
0.26741 9.9982E-05 0.0163944 0.640825 0.0751709 9.9982E-05
0.582933 9.9982E-05 9.9982E-05 0.337655 0.0118394 0.0673723
0.505111 9.9982E-05 9.9982E-05 0.412667 0.0564717 0.0255497
0.618687 9.9973E-05 9.9973E-05 0.378703 9.9973E-05 0.0023102
0.231935 9.9982E-05 0.0753076 0.656494 0.0360638 9.9982E-05
0.672533 0.00531529 0.0743985 0.157198 9.9991E-05 0.0904553
0.627808 0.0168516 0.0261367 0.160054 0.0887049 0.0804445
0.0345698 0.961365 0.00116178 9.9982E-05 9.9982E-05 0.00270361
0.0527615 0.918162 0.00484362 9.9982E-05 0.0240333 9.9982E-05
0.275492 0.561968 0.0508553 9.9991E-05 0.0559042 0.0556801
0.360584 0.620314 9.9973E-05 9.9973E-05 0.0188017 9.9973E-05
0.153383 0.798015 9.9973E-05 9.9973E-05 0.048302 9.9973E-05
9.996E-05 0.9995 9.996E-05 9.996E-05 9.996E-05 9.996E-05
0.00287814 0.947821 9.9973E-05 9.9973E-05 0.0490005 9.9973E-05
0.149469 0.850131 9.9964E-05 9.9964E-05 9.9964E-05 9.9964E-05
9.9973E-05 0.932681 0.00757563 9.9973E-05 0.0594437 9.9973E-05
9.996E-05 0.9995 9.996E-05 9.996E-05 9.996E-05 9.996E-05
9.996E-05 0.9995 9.996E-05 9.996E-05 9.996E-05 9.996E-05
0.190392 0.793517 9.9982E-05 9.9982E-05 0.0117634 0.0041278
0.110664 0.789413 9.9982E-05 9.9982E-05 0.0707086 0.0290141
9.996E-05 0.9995 9.996E-05 9.996E-05 9.996E-05 9.996E-05
0.304046 0.412409 0.0975618 0.017974 0.0643806 0.103629
0.267808 0.646027 9.9991E-05 0.0115818 0.0233223 0.0511607
0.165006 0.769616 9.9973E-05 9.9973E-05 9.9973E-05 0.0650783
0.0707516 0.889267 0.0301509 9.9982E-05 0.00962997 9.9982E-05
9.996E-05 0.9995 9.996E-05 9.996E-05 9.996E-05 9.996E-05
0.0091829 0.967711 0.011773 9.9982E-05 9.9982E-05 0.0111327
9.996E-05 0.9995 9.996E-05 9.996E-05 9.996E-05 9.996E-05
0.216079 0.65862 0.0500854 0.014346 0.0230291 0.037841
9.9973E-05 0.961652 0.024653 9.9973E-05 9.9973E-05 0.0133953
9.9973E-05 0.052999 9.9973E-05 0.648081 9.9973E-05 0.29862
0.382579 0.0891581 0.00701387 0.273494 0.0604728 0.187282
0.461853 0.0482393 9.9982E-05 0.318958 9.9982E-05 0.17075
0.229144 0.0883742 9.9982E-05 0.478512 9.9982E-05 0.203771
0.481645 0.104996 0.0661602 0.169655 0.0441606 0.133384
0.132375 0.102708 0.00469047 0.528805 9.9991E-05 0.231322
0.460752 0.0781004 9.9991E-05 0.197341 0.0537399 0.209967
0.319059 0.096894 9.9982E-05 0.370075 9.9982E-05 0.213771
0.469913 0.105094 9.9982E-05 0.250389 9.9982E-05 0.174404
0.321334 0.153493 0.0353892 0.313266 9.9991E-05 0.176418
0.442991 0.134321 0.0435834 0.170465 0.0475256 0.161114
0.0491402 9.9982E-05 0.0210477 9.9982E-05 0.011018 0.918594
9.9982E-05 0.0535084 0.0246591 0.00908437 9.9982E-05 0.912548
0.0289759 9.9973E-05 9.9973E-05 9.9973E-05 0.0214415 0.949283
9.9973E-05 9.9973E-05 0.0203193 9.9973E-05 0.00065425 0.978727
0.061591 9.9973E-05 9.9973E-05 9.9973E-05 0.0137364 0.924373
0.0140175 0.000953984 9.9982E-05 0.0080213 9.9982E-05 0.976807
0.0722869 0.00615992 9.9982E-05 9.9982E-05 0.00240803 0.918945
0.0179873 9.9973E-05 9.9973E-05 9.9973E-05 0.0430178 0.938695
0.0230284 0.0292306 0.0294469 0.027919 9.9991E-05 0.890275
0.0175372 0.0146651 9.9991E-05 0.0397782 0.0231813 0.904738
9.9982E-05 9.9982E-05 0.0400498 0.0640436 0.285607 0.6101
9.9973E-05 9.9973E-05 9.9973E-05 0.0438783 0.338806 0.617016
9.9982E-05 9.9982E-05 0.0564282 0.0725932 0.324391 0.546387
9.9982E-05 9.9982E-05 0.00762717 0.144108 0.397988 0.450077
0.509732 0.00750421 0.24371 0.0017837 0.172493 0.0647777
0.481814 0.0416144 0.326704 9.9991E-05 0.118864 0.0309031
0.565787 9.9982E-05 0.191902 9.9982E-05 0.214318 0.0277933
0.367971 9.9991E-05 0.301692 0.0211197 0.284403 0.0247141
0.220069 0.00505617 0.0655772 0.0943868 0.614811 9.9991E-05
0.677429 9.9991E-05 0.165835 0.0666406 0.0490222 0.0409733
0.613411 0.0127533 0.259331 9.9982E-05 0.114305 9.9982E-05
0.556998 0.00802833 0.264517 0.122373 0.0479847 9.9991E-05
0.379912 9.9973E-05 0.557855 0.061933 9.9973E-05 9.9973E-05
0.614055 0.0285146 0.105027 0.12977 0.0774963 0.0451376
0.427304 9.9982E-05 0.492851 9.9982E-05 0.0606674 0.0189776
9.9964E-05 9.9964E-05 0.763987 0.235613 9.9964E-05 9.9964E-05
0.559658 0.0349299 0.186198 9.9991E-05 0.150349 0.0687642
0.148349 9.9973E-05 0.609799 0.241552 9.9973E-05 9.9973E-05
0.490081 0.0313871 0.396821 0.0259604 0.0239609 0.0317895
0.13164 9.9973E-05 0.646681 9.9973E-05 0.221379 9.9973E-05
0.00234756 9.9982E-05 9.9982E-05 0.0191544 0.809979 0.168319
0.0602099 9.9982E-05 9.9982E-05 0.0674772 0.765084 0.107029
0.0227848 9.9991E-05 0.0073167 0.0506492 0.808953 0.110197
9.9982E-05 9.9982E-05 0.0086335 0.0506784 0.81607 0.124419
0.10985 9.9982E-05 9.9982E-05 0.0388472 0.815168 0.0359349
0.0966146 0.0299881 9.9991E-05 0.0208688 0.792019 0.0604098
0.0150279 0.0598584 0.0664081 9.9982E-05 9.9982E-05 0.858506
0.109904 0.0111668 0.0245012 9.9991E-05 0.00939908 0.844929
0.124308 0.0383621 0.0259395 0.0137585 0.0216166 0.776016
9.9973E-05 0.0854792 0.0845619 9.9973E-05 9.9973E-05 0.829659
0.125771 0.0483014 0.0216901 9.9991E-05 0.0206603 0.783477
9.9973E-05 9.9973E-05 9.9973E-05 0.046103 0.562761 0.390836
9.9982E-05 0.0015449 9.9982E-05 0.0462299 0.503936 0.448089
0.0120152 0.00607588 9.9991E-05 0.012773 0.529669 0.439367
0.115879 9.9973E-05 9.9973E-05 9.9973E-05 0.0248092 0.859011
9.9982E-05 9.9982E-05 0.0295558 0.0424478 0.524549 0.403247
0.293693 0.287773 9.9982E-05 0.170291 9.9982E-05 0.248043
0.552355 0.219743 9.9991E-05 0.0526649 0.0442004 0.130937
0.569523 0.218154 9.9973E-05 9.9973E-05 9.9973E-05 0.212024
0.348757 0.223517 9.9982E-05 0.138884 9.9982E-05 0.288642
0.555774 0.106915 0.0898211 0.0521411 0.0631991 0.13215
9.9973E-05 0.295772 9.9973E-05 0.269295 9.9973E-05 0.434633
0.495766 9.9982E-05 0.000434491 0.117962 0.385638 9.9982E-05
0.46905 9.9982E-05 0.0768179 0.279086 0.174846 9.9982E-05
0.301613 0.00620477 0.101122 0.0489992 0.532594 0.00946684
0.558121 0.0115622 0.073285 0.195774 0.161157 9.9991E-05
9.9973E-05 9.9973E-05 0.0899415 0.586842 0.322916 9.9973E-05
0.659668 0.0217768 0.0327242 0.0663796 0.173044 0.0464068
0.553135 0.000487302 0.0429782 0.207019 0.162666 0.0337143
0.402687 9.9991E-05 0.0300275 0.0480041 0.496226 0.0229555
0.588383 0.0106091 0.140659 0.00944641 0.15834 0.092562
0.167994 9.9982E-05 0.154666 0.393375 0.283764 9.9982E-05
0.599724 9.9991E-05 0.0351105 0.180829 0.162398 0.0218395
0.517886 0.00992501 0.0695259 0.0367711 0.353464 0.0124281
0.458127 0.108141 0.0573743 0.185004 0.0711106 0.120244
0.389448 0.00603384 0.10321 0.258409 0.242799 9.9991E-05
0.450497 0.0070656 0.0759802 0.244622 0.221736 9.9991E-05
0.587885 0.00898188 0.0474702 0.155262 0.182339 0.0180629
0.596073 9.9982E-05 0.037731 0.15536 0.210635 9.9982E-05
0.581764 0.0900956 0.0712969 0.1147 0.124763 0.0173798
0.536233 0.0715689 0.148828 0.0198777 0.158757 0.0647356
0.561928 0.027705 0.0579995 0.0836478 0.183276 0.085444
0.117839 0.0373671 9.9973E-05 9.9973E-05 9.9973E-05 0.844494
0.114113 9.9964E-05 9.9964E-05 9.9964E-05 9.9964E-05 0.885487
0.0424677 9.9991E-05 0.0289964 0.0323121 0.00996021 0.886164
0.0211279 0.0496291 9.9982E-05 9.9982E-05 0.018514 0.910529
0.0916188 9.9964E-05 9.9964E-05 9.9964E-05 9.9964E-05 0.907981
0.119027 0.0496137 0.104253 0.0960098 0.614427 0.0166694
0.509873 0.0603967 0.0724526 0.18096 0.176217 9.9991E-05
0.400051 0.23901 9.9982E-05 0.149735 9.9982E-05 0.211004
0.668126 0.0528084 0.02105 9.9991E-05 0.229061 0.0288544
0.5267 0.0374673 0.0831264 9.9991E-05 0.330693 0.0219133
0.315116 0.0109572 0.0680645 0.323776 0.281987 9.9991E-05
0.0126618 9.9991E-05 0.0967295 0.0628401 0.745351 0.0823179
0.489018 0.00924898 0.0660713 0.0169263 0.339088 0.0796479
0.237103 0.0518973 0.0247949 0.0336249 0.613287 0.0392924
0.466483 0.0185957 0.112861 0.176829 0.174622 0.0506088
0.164838 0.00144302 0.0401301 0.0821726 0.63772 0.0736959
0.571913 0.0654155 0.00735118 9.9991E-05 0.291114 0.0641068
0.156994 0.0218392 0.117064 0.0685354 0.583304 0.0522633
0.252331 0.108077 0.097221 0.247919 0.294352 9.9991E-05
0.624558 0.0115311 0.0018828 0.238131 0.078459 0.0454384
0.337948 9.9982E-05 0.0288578 0.520495 0.112499 9.9982E-05
0.568827 9.9991E-05 0.000282543 0.333986 0.0181116 0.0786936
0.548817 0.0145078 0.0413167 0.254609 0.0566493 0.0840994
0.277609 9.9982E-05 0.0720298 0.57652 0.073641 9.9982E-05
0.540167 0.0512561 0.0255965 0.181896 0.108798 0.0922861
0.529962 9.9991E-05 0.0287987 0.342328 0.0760219 0.0227892
0.162548 9.9982E-05 0.0760607 0.722133 0.0390587 9.9982E-05
0.247055 9.9982E-05 0.0135391 0.687766 0.0514391 9.9982E-05
0.483594 9.9991E-05 0.000608295 0.393858 0.0839945 0.0378451
0.0869429 9.9982E-05 0.138199 0.685212 0.0894468 9.9982E-05
0.453569 9.9982E-05 0.0359627 0.388298 0.12197 9.9982E-05
0.137364 0.0411106 0.138128 0.0023586 0.680939 9.9991E-05
0.229917 0.0586704 0.063243 0.278488 0.369582 9.9991E-05
0.417568 0.0451337 0.0688678 9.9991E-05 0.431089 0.0372418
0.588525 0.0434091 0.0720665 0.0108219 0.258334 0.0268435
0.196813 0.0538237 0.153816 9.9982E-05 0.595347 9.9982E-05
0.559464 0.0532184 0.0274363 0.137133 0.1682 0.054548
0.587813 0.0231453 0.0259414 0.0365805 0.290902 0.035618
0.529834 0.0408266 0.118273 0.0858015 0.219144 0.0061213
0.516057 0.0881761 0.0885932 0.0320525 0.275021 9.9991E-05
0.498656 0.0325487 0.0364897 9.9982E-05 0.432105 9.9982E-05
0.264309 0.0540873 0.113318 0.0273092 0.540877 9.9991E-05
0.456433 0.0260838 0.0305202 9.9982E-05 0.486763 9.9982E-05
0.585476 0.0543564 0.0160615 0.119005 0.225001 9.9991E-05
0.60655 0.0828469 0.00427116 0.120718 0.15916 0.0264542
0.316509 0.110559 0.116 0.159345 0.265064 0.0325231
0.470931 0.0972377 0.10792 0.0944737 0.229337 9.9991E-05
0.383749 0.0492298 0.0681752 0.00254927 0.493394 0.00290269
0.557528 0.0517103 0.0123896 0.0532347 0.282164 0.0429735
0.441089 0.102896 0.104157 0.0370852 0.30333 0.0114424
0.52092 0.0338685 0.0745599 0.109966 0.157085 0.1036
0.502162 0.113246 9.9982E-05 9.9982E-05 0.0634713 0.320921
0.557745 0.150215 0.0303844 0.113024 0.0236234 0.125009
0.434223 0.154839 0.127545 0.0496713 0.0673794 0.166343
0.563107 0.123534 9.9991E-05 0.159667 0.0931047 0.0604882
0.455867 0.196209 0.032315 0.135027 0.000925718 0.179656
0.521407 9.9973E-05 9.9973E-05 0.293546 0.184748 9.9973E-05
0.503395 0.0853369 0.110472 0.10266 9.9991E-05 0.198036
0.0790217 0.171095 0.00720801 0.45001 0.0770742 0.215592
0.60816 0.0952468 9.9991E-05 0.143383 0.0735414 0.0795695
0.566007 0.16575 0.000254865 0.0523343 0.0500297 0.165625
0.51822 0.186378 0.0703466 0.120515 0.0272875 0.0772536
0.334979 0.088795 0.0837897 0.281082 0.00670606 0.204648
0.508486 0.134187 0.0289839 0.0732828 0.046328 0.208732
0.554766 0.159102 9.9991E-05 0.150893 0.00790541 0.127234
9.9973E-05 0.133609 9.9973E-05 0.389284 9.9973E-05 0.476807
0.528322 0.140045 0.0363434 0.0198927 0.0786123 0.196785
0.541159 0.183853 9.9982E-05 0.0956201 9.9982E-05 0.179168
0.57829 0.107566 0.0722015 0.127534 0.0225766 0.091832
0.516115 0.202066 9.9982E-05 0.0743322 9.9982E-05 0.207287
0.503379 0.0980401 0.0775038 0.0737107 0.020423 0.226943
0.510509 0.00984729 0.0981928 0.338066 0.0177192 0.0256665
0.494523 0.0592597 0.15091 0.160586 0.0851616 0.0495598
0.0151186 9.9982E-05 0.168815 0.709612 0.106255 9.9982E-05
0.0770937 9.9982E-05 0.091522 0.759881 0.0713032 9.9982E-05
0.565854 0.00969091 9.9991E-05 0.287344 0.0518294 0.085182
0.347627 0.306754 9.9982E-05 0.196856 9.9982E-05 0.148563
0.379815 0.258671 9.9982E-05 0.202043 9.9982E-05 0.159271
0.214015 0.308626 9.9982E-05 0.349109 9.9982E-05 0.128051
0.386247 0.25384 9.9982E-05 0.235181 9.9982E-05 0.124533
0.194581 0.0221239 9.9982E-05 0.699019 9.9982E-05 0.0840758
0.21472 0.0374918 0.0600162 0.610013 0.0124771 0.0652816
0.573974 0.0787427 0.0538807 0.293203 9.9982E-05 9.9982E-05
0.48014 0.0928358 9.9982E-05 0.384305 9.9982E-05 0.0425198
0.302769 0.0620742 0.0558791 0.512023 0.0535523 0.0137019
0.61627 0.0386184 0.015198 0.261947 0.0183659 0.0496007
0.61451 0.0674088 9.9982E-05 0.275329 9.9982E-05 0.042552
0.542551 0.0771238 0.0986204 0.197748 0.0245604 0.0593964
0.404053 9.9982E-05 0.0921348 0.485864 0.0177486 9.9982E-05
0.464795 9.9991E-05 0.0715593 0.363107 0.0991988 0.00123971
0.537282 0.026502 0.0822951 0.282136 0.0434049 0.0283793
0.484907 0.0230115 0.0663322 0.310759 0.0947609 0.0202295
0.502394 0.0899607 0.0396411 0.222636 0.0766348 0.0687337
0.498454 9.9991E-05 0.0829537 0.413045 0.00156788 0.0038792
0.278609 9.9982E-05 0.0388422 0.595945 0.0864035 9.9982E-05
0.692877 0.000359532 0.0214669 0.262101 9.9991E-05 0.0230952
0.231261 9.9982E-05 0.116301 0.564472 0.0877657 9.9982E-05
0.499905 9.9982E-05 9.9982E-05 0.457195 0.0394017 0.00329865
0.49462 0.059365 0.0945658 0.215108 0.084436 0.0519048
0.475488 0.0626707 0.15175 0.209512 0.0626661 0.0379131
0.503096 0.106831 9.9991E-05 0.129012 0.057924 0.203037
0.460285 0.11662 0.0714103 0.160658 0.0405923 0.150434
0.329448 0.239777 9.9991E-05 0.21195 0.00582244 0.212902
0.340119 0.220143 0.00704652 0.232475 9.9991E-05 0.200117
0.504066 0.137457 9.9991E-05 0.143255 0.0715707 0.143551
0.45348 0.14096 9.9991E-05 0.242954 0.00346687 0.15904
0.0171746 0.143487 0.0655761 0.639571 9.9991E-05 0.13409
0.558138 0.184329 9.9982E-05 0.163387 9.9982E-05 0.0939456
9.9973E-05 0.107346 9.9973E-05 0.588713 9.9973E-05 0.303641
0.578881 0.118156 9.9982E-05 0.24891 9.9982E-05 0.0538529
0.229885 9.9973E-05 0.0977765 0.672039 9.9973E-05 9.9973E-05
0.0352325 9.9982E-05 0.239044 0.703183 0.0223403 9.9982E-05
0.527656 9.9982E-05 0.0577027 0.372065 0.0423767 9.9982E-05
0.649771 0.0135018 0.0534185 0.277542 0.00566717 9.9991E-05
0.495737 9.9982E-05 0.0580252 0.421385 0.0246526 9.9982E-05
0.621313 9.9982E-05 0.0851866 0.286058 0.00724215 9.9982E-05
0.603923 9.9982E-05 0.0467553 0.347152 0.00196909 9.9982E-05
0.0105056 0.0345189 0.00660603 9.9991E-05 0.0757417 0.872528
0.0169647 0.0671378 0.0351706 0.0742945 0.0617765 0.744656
0.00712523 0.0250156 9.9982E-05 9.9982E-05 0.045809 0.92185
0.0403255 9.9973E-05 9.9973E-05 0.0181405 9.9973E-05 0.941234
0.517029 0.0211306 0.300937 0.0843397 9.9991E-05 0.0764641
0.53777 0.00636494 0.31295 0.00383724 0.0848371 0.0542401
0.497838 0.0106667 0.448971 9.9991E-05 0.00512199 0.0373029
0.603671 9.9982E-05 0.233986 9.9982E-05 0.0835461 0.0785965
0.544775 0.0154531 0.140461 0.113602 0.0815644 0.104145
0.274731 9.9982E-05 0.565824 9.9982E-05 0.100218 0.0590278
0.670662 9.9973E-05 0.301051 9.9973E-05 9.9973E-05 0.0279868
0.243253 9.9973E-05 0.611939 0.144508 9.9973E-05 9.9973E-05
0.427018 0.146771 0.00389706 0.0259827 0.0909588 0.305372
0.453258 0.0173399 0.351136 0.161608 0.0165574 9.9991E-05
0.343712 9.9982E-05 0.544869 9.9982E-05 0.102706 0.00851311
0.540491 9.9991E-05 0.349259 0.0552887 0.0369855 0.0178758
0.419802 0.0223542 0.447922 9.9991E-05 0.104683 0.0051387
0.561173 0.0257188 0.362779 0.0501286 9.9982E-05 9.9982E-05
0.562047 9.9982E-05 0.357087 9.9982E-05 0.0285601 0.0521056
9.9964E-05 9.9964E-05 0.842231 0.157369 9.9964E-05 9.9964E-05
0.328289 9.9973E-05 0.503806 0.167605 9.9973E-05 9.9973E-05
0.352077 0.0101303 0.56177 0.0758222 9.9982E-05 9.9982E-05
9.9964E-05 9.9964E-05 0.815435 0.184165 9.9964E-05 9.9964E-05
0.409457 0.0020002 0.404005 9.9991E-05 0.123941 0.0604966
0.0615962 9.9973E-05 0.621612 0.316492 9.9973E-05 9.9973E-05
9.9964E-05 9.9964E-05 0.778389 0.221211 9.9964E-05 9.9964E-05
0.603811 0.0333825 0.317116 0.0115785 9.9991E-05 0.0340118
0.139996 0.0147001 0.651875 9.9991E-05 0.1465 0.0468284
0.477689 0.0120573 0.410478 0.0181846 0.0814908 9.9991E-05
0.588578 0.0437554 0.205856 0.0420788 0.0060243 0.113708
0.518394 9.9982E-05 0.380818 9.9982E-05 0.0611761 0.0394124
0.39226 9.9982E-05 0.00498089 0.287509 0.31505 9.9982E-05
0.516909 0.0358905 0.369781 9.9991E-05 0.0183384 0.0589817
0.510965 9.9991E-05 0.349181 0.00502025 0.128291 0.00644198
0.317429 9.9973E-05 0.555112 0.127159 9.9973E-05 9.9973E-05
0.524175 0.0257418 0.224934 0.0370242 0.129012 0.0591126
9.9973E-05 9.9973E-05 9.9973E-05 0.0377396 0.290269 0.671692
9.9982E-05 9.9982E-05 0.0233743 0.0456018 0.157063 0.773761
9.9973E-05 9.9973E-05 9.9973E-05 0.00681216 0.150746 0.842141
9.9973E-05 9.9973E-05 9.9973E-05 0.032263 0.140977 0.82646
0.0194748 9.9991E-05 0.0132017 0.040958 0.171389 0.754876
0.105049 9.9982E-05 0.684484 9.9982E-05 0.167884 0.0423827
0.0929914 9.9982E-05 0.729787 9.9982E-05 0.125925 0.0510966
0.144528 0.013745 0.745797 0.0957305 9.9982E-05 9.9982E-05
0.483266 0.0730793 0.163638 0.0999484 0.0917419 0.0883265
0.464405 0.106125 0.264264 0.0441222 0.0245325 0.0965508
0.178032 0.0570678 0.63688 0.117302 9.9991E-05 0.0106182
0.605716 0.0561386 0.280336 0.0491804 9.9991E-05 0.00852966
0.40103 0.0451669 0.43604 0.0928927 9.9991E-05 0.0247698
0.516745 9.9982E-05 0.359299 9.9982E-05 0.0789506 0.0448048
0.597915 0.0446931 0.28666 9.9991E-05 0.0275142 0.0431171
0.206891 0.00479644 0.60962 9.9982E-05 0.178493 9.9982E-05
0.302611 9.9973E-05 0.592922 9.9973E-05 0.104167 9.9973E-05
0.289131 9.9982E-05 0.566476 9.9982E-05 0.084773 0.0594204
0.679219 9.9982E-05 9.9982E-05 0.178693 0.0236933 0.118195
0.39342 9.9973E-05 0.50161 9.9973E-05 0.10467 9.9973E-05
0.399835 0.0121407 0.419126 9.9991E-05 0.124847 0.0439519
0.461833 0.347139 9.9982E-05 0.079996 9.9982E-05 0.110832
0.33951 0.417413 0.00385023 0.0816885 9.9991E-05 0.157439
0.398016 0.440453 9.9991E-05 0.0386045 0.0199727 0.102854
0.299461 0.487939 9.9982E-05 0.0535748 9.9982E-05 0.158826
0.479732 0.27213 9.9991E-05 0.0596093 0.0828724 0.105556
0.523628 9.9982E-05 0.199056 0.189475 9.9982E-05 0.0876408
0.000728409 0.656195 9.9982E-05 0.0899437 9.9982E-05 0.252933
0.302487 0.483873 9.9982E-05 0.0312882 9.9982E-05 0.182151
0.354869 0.144338 0.0905335 0.235658 9.9991E-05 0.174501
0.54347 9.9982E-05 9.9982E-05 0.241144 0.0739044 0.141281
0.50542 9.9982E-05 9.9982E-05 0.252062 0.113985 0.128334
0.626609 9.9991E-05 0.0133155 0.163555 0.044543 0.151877
0.637263 0.00166937 0.0248591 0.137586 0.0214733 0.17715
0.351624 0.478289 9.9973E-05 9.9973E-05 9.9973E-05 0.169787
0.40591 0.376692 9.9991E-05 0.0440887 0.0600706 0.113139
0.440983 0.47719 9.9973E-05 9.9973E-05 9.9973E-05 0.0815274
0.44073 0.297411 0.0200764 0.0636182 0.0222541 0.155911
0.2311 0.478237 0.0335785 0.0874613 9.9991E-05 0.169523
0.395853 0.362799 0.038708 0.0397558 0.0109082 0.151976
0.229187 0.553076 0.0207304 0.0407261 0.0105348 0.145746
0.350816 0.361893 0.0228999 0.098079 0.0775872 0.0887252
0.497774 9.9991E-05 0.0461258 0.340877 0.0079564 0.107166
0.367977 0.360126 0.0569825 0.00713126 0.0597898 0.147994
0.105909 0.59147 0.0118528 0.0616838 9.9991E-05 0.228984
0.37322 0.361347 0.0635259 9.9991E-05 0.0663472 0.13546
0.303543 9.9991E-05 0.0639119 0.314226 0.137154 0.181065
0.636389 9.9973E-05 9.9973E-05 0.306316 9.9973E-05 0.0569944
0.392614 0.354243 9.9991E-05 0.0551746 0.0315972 0.166271
0.542685 9.9982E-05 9.9982E-05 0.187096 0.097547 0.172472
0.521707 9.9982E-05 9.9982E-05 0.232655 0.0885214 0.156917
0.379434 0.178346 0.0577465 0.147013 9.9991E-05 0.23736
0.362089 0.247718 9.9982E-05 0.164852 9.9982E-05 0.225141
0.581582 0.0799936 0.0778608 0.131841 9.9991E-05 0.128622
0.434238 0.308548 0.0633456 0.0435769 0.00255076 0.147741
0.473791 0.397699 9.9973E-05 9.9973E-05 9.9973E-05 0.12821
0.127054 0.629198 9.9982E-05 0.082271 9.9982E-05 0.161276
0.627033 0.0632464 9.9991E-05 0.105861 0.109038 0.0947207
0.475097 9.9991E-05 0.0475201 0.266768 0.0643139 0.1462
0.161712 9.9973E-05 9.9973E-05 0.725956 9.9973E-05 0.112032
0.617688 0.0355503 9.9982E-05 0.171361 9.9982E-05 0.1752
0.399677 0.0365422 0.00920731 0.349384 0.136291 0.0688982
0.458215 0.157277 0.0303015 0.153356 0.00518064 0.19567
0.49254 0.0773334 0.043681 0.216524 0.0302267 0.139695
9.9973E-05 0.10729 9.9973E-05 0.523662 9.9973E-05 0.368748
9.9973E-05 0.0725423 9.9973E-05 0.62298 9.9973E-05 0.304178
0.35027 0.0551654 9.9982E-05 0.409771 9.9982E-05 0.184593
0.0328646 0.146292 9.9982E-05 0.479767 9.9982E-05 0.340876
9.9973E-05 0.17261 9.9973E-05 0.366618 9.9973E-05 0.460472
0.386379 0.0770827 0.0045419 0.33152 9.9991E-05 0.200376
0.368291 0.166725 9.9991E-05 0.206259 0.0489742 0.209651
0.157753 0.149459 9.9982E-05 0.39315 9.9982E-05 0.299439
0.0844997 0.125003 9.9982E-05 0.536497 9.9982E-05 0.2538
0.479697 0.128197 0.0357968 0.196608 9.9991E-05 0.159601
0.163686 0.107476 9.9982E-05 0.47525 9.9982E-05 0.253389
9.9973E-05 0.0617824 9.9973E-05 0.598871 9.9973E-05 0.339046
0.491125 0.11056 0.0824767 0.134353 0.0666511 0.114835
0.345164 0.141099 9.9991E-05 0.290759 0.0148832 0.207994
0.428105 0.149047 0.0639967 0.0407137 0.0143626 0.303774
0.588272 0.216315 9.9973E-05 9.9973E-05 9.9973E-05 0.195113
0.560438 0.182426 9.9982E-05 0.0882487 9.9982E-05 0.168687
0.495259 0.236396 0.0100254 0.0929837 9.9991E-05 0.165236
0.298175 0.218194 0.0132921 0.0296389 0.0838724 0.356827
0.568385 0.1337 9.9982E-05 9.9982E-05 0.066863 0.230852
0.489622 0.178878 0.0259921 0.00707666 0.0100342 0.288397
0.279349 0.231211 0.00949294 0.231908 9.9991E-05 0.247939
0.31353 0.121999 0.23494 0.0488917 0.101994 0.178645
0.521908 0.102892 0.0654765 0.0650172 0.0345184 0.210187
0.521275 0.169019 0.0251516 0.0929959 0.0212733 0.170285
0.585727 0.0924101 0.11686 0.0165146 0.0571093 0.131379
0.431606 0.20281 9.9991E-05 0.0622663 0.0315315 0.271686
0.53864 0.156137 0.0538316 0.00175334 0.0494582 0.20018
0.0552786 0.295662 9.9982E-05 0.285892 9.9982E-05 0.362968
0.561916 0.115595 9.9991E-05 0.116939 0.0343116 0.171138
0.18825 0.273385 9.9982E-05 0.224281 9.9982E-05 0.313884
9.9973E-05 0.00925653 9.9973E-05 9.9973E-05 0.182677 0.807766
0.141933 0.0158889 0.0445878 9.9991E-05 0.760754 0.036737
9.996E-05 9.996E-05 9.996E-05 9.996E-05 0.9995 9.996E-05
9.996E-05 9.996E-05 9.996E-05 9.996E-05 0.9995 9.996E-05
0.0133319 9.9964E-05 9.9964E-05 9.9964E-05 0.986268 9.9964E-05
0.000969989 0.0116232 9.9973E-05 9.9973E-05 0.987107 9.9973E-05
0.0571411 9.9964E-05 9.9964E-05 9.9964E-05 0.942459 9.9964E-05
9.996E-05 9.996E-05 9.996E-05 9.996E-05 0.9995 9.996E-05
9.9964E-05 9.9964E-05 9.9964E-05 9.9964E-05 0.836676 0.162924
0.00985577 9.9991E-05 0.0258828 0.0100049 0.0545971 0.899559
0.0736715 9.9973E-05 9.9973E-05 9.9973E-05 0.13149 0.794539
0.0109227 0.00722944 0.0581613 0.022599 0.0187868 0.882301
0.019266 9.9982E-05 9.9982E-05 0.0132442 0.0872239 0.880066
9.9982E-05 0.0225317 0.00955117 9.9982E-05 0.0854951 0.882222
0.053213 9.9982E-05 0.0340223 9.9982E-05 0.0174799 0.895085
0.165508 0.0574534 9.9982E-05 0.00948235 9.9982E-05 0.767356
0.0864753 9.9973E-05 0.00613069 9.9973E-05 9.9973E-05 0.907094
0.113798 0.0526752 0.00153096 0.0527954 0.0587889 0.720411
0.0504673 0.0552221 9.9973E-05 9.9973E-05 9.9973E-05 0.894011
9.9973E-05 9.9973E-05 9.9973E-05 0.00224218 0.00373797 0.99372
0.0408823 0.0397189 0.0190904 9.9991E-05 0.00395933 0.896249
9.9973E-05 9.9973E-05 0.00970198 9.9973E-05 0.00118892 0.988809
0.0395402 9.9973E-05 9.9973E-05 0.00228146 9.9973E-05 0.957878
0.100973 0.00290469 9.9973E-05 9.9973E-05 9.9973E-05 0.895822
0.0779531 0.0022911 9.9973E-05 9.9973E-05 9.9973E-05 0.919456
0.0907265 0.038004 9.9973E-05 9.9973E-05 9.9973E-05 0.87097
0.119672 0.0189842 9.9973E-05 9.9973E-05 9.9973E-05 0.861044
0.10099 0.070558 9.9973E-05 9.9973E-05 9.9973E-05 0.828152
0.405173 9.9991E-05 0.0811133 0.279309 0.0892162 0.145089
0.680814 9.9991E-05 0.0248843 0.170111 0.0218266 0.102264
0.594044 0.0480545 0.0622846 0.0759701 0.0600718 0.159575
0.131006 9.9982E-05 0.0464667 0.730595 9.9982E-05 0.0917318
0.524821 9.9982E-05 9.9982E-05 0.246172 0.108929 0.119878
0.0995807 9.9973E-05 9.9973E-05 0.797893 9.9973E-05 0.102227
0.662591 0.0148046 0.00960163 0.222882 9.9991E-05 0.0900208
0.419318 9.9991E-05 0.138674 0.211024 0.100823 0.130061
0.510772 9.9991E-05 0.00150931 0.263804 0.0316675 0.192147
0.477946 0.00875916 0.381648 9.9991E-05 0.0505168 0.0810297
0.480315 9.9991E-05 0.0959827 0.165846 0.114178 0.143577
0.70231 9.9973E-05 9.9973E-05 0.198144 9.9973E-05 0.0992454
0.536529 9.9991E-05 0.0109388 0.256618 0.0972529 0.0985616
0.0417268 0.0647503 0.11792 0.340434 0.435069 9.9991E-05
0.018775 9.9973E-05 9.9973E-05 0.885644 9.9973E-05 0.0952809
0.174015 9.9973E-05 9.9973E-05 0.716301 9.9973E-05 0.109384
0.602896 0.0348014 0.00830525 0.182035 0.0436903 0.128273
0.51801 0.00367109 9.9982E-05 0.390909 9.9982E-05 0.0872101
0.602324 9.9973E-05 9.9973E-05 0.308794 9.9973E-05 0.0885817
0.621287 0.0572241 0.0152352 0.173905 0.0521592 0.0801892
0.413141 0.166188 0.0355558 0.069385 0.090303 0.225427
0.511722 0.17331 9.9991E-05 0.0394197 0.0602479 0.215201
0.173366 0.116273 0.0360643 0.0856889 0.187456 0.401152
0.634748 0.00830589 9.9991E-05 0.0802235 0.131333 0.145289
0.445288 0.0767387 9.9991E-05 0.0649556 0.166297 0.246621
9.9973E-05 0.172941 9.9973E-05 0.423716 9.9973E-05 0.403043
0.31298 0.189949 9.9982E-05 0.217402 9.9982E-05 0.279469
0.316787 0.144447 0.000663508 0.0925252 0.0825892 0.362988
0.442665 0.0663433 9.9991E-05 0.0376507 0.125744 0.327497
0.586948 0.106047 9.9991E-05 0.0441304 0.121081 0.141694
0.556872 0.101629 0.0258908 0.0505742 0.0645011 0.200533
0.581949 0.104903 0.0418068 0.0338039 0.0487767 0.18876
0.380504 0.177144 0.0837022 0.16744 0.0102158 0.180995
0.231088 0.118936 9.9991E-05 0.0840396 0.0722445 0.493592
