9.9982E-05 0.92172 0.0153263 9.9982E-05 0.0304773 0.0322759
9.9973E-05 0.976181 0.00999792 0.0135212 9.9973E-05 9.9973E-05
9.9982E-05 0.886849 9.9982E-05 0.0783803 0.030638 0.00393308
9.9973E-05 0.814405 0.0531157 9.9973E-05 0.13218 9.9973E-05
9.9964E-05 0.906155 9.9964E-05 9.9964E-05 0.0934451 9.9964E-05
0.109545 0.656178 0.0895665 9.9991E-05 0.0994254 0.0451853
0.126699 0.814823 0.0424223 0.0158554 9.9982E-05 9.9982E-05
0.0956012 0.75428 0.105409 9.9982E-05 0.0445101 9.9982E-05
0.0408346 0.830934 0.127931 9.99729E-05 9.99729E-05 9.99729E-05
0.10147 0.773203 0.0428492 9.9982E-05 0.0822785 9.9982E-05
0.0754839 0.742165 0.0748793 9.9982E-05 0.107272 9.9982E-05
0.0897151 0.0451643 0.476827 0.126928 0.242662 0.0187047
0.0116 0.0644792 0.308371 0.0167621 0.556843 0.0419448
0.123485 0.00973834 0.446598 0.102445 0.23077 0.0869637
0.0409891 0.0278268 0.459523 0.0478596 0.310681 0.11312
0.0136144 0.0928034 0.284396 0.0575114 0.459973 0.0917009
0.0599394 0.0401369 0.18991 0.0450383 0.619236 0.0457395
0.0266884 0.0535903 0.271695 0.128023 0.479488 0.0405162
0.0688591 0.111336 0.37901 0.105854 0.255173 0.0797672
0.146441 0.0201326 0.660618 0.114799 0.0525333 0.00547625
0.0565479 0.0278575 0.294821 0.116898 0.487424 0.0164522
0.243315 0.027586 0.132292 0.079799 0.458417 0.0585903
0.0240341 0.0473397 0.182918 0.147358 0.581542 0.0168085
0.0861676 0.0833483 0.403396 0.126241 0.234553 0.0662944
0.0824301 0.0739894 0.0841304 0.0683226 0.631543 0.0595841
0.0161592 0.0577377 0.254406 0.103559 0.508234 0.0599037
0.0485144 0.0563234 0.482865 0.119004 0.276625 0.0166674
0.0437664 0.0527185 0.42482 0.0901918 0.304772 0.0837319
0.143584 0.0187608 0.478191 0.119927 0.239437 9.9991E-05
9.9973E-05 0.889878 9.9973E-05 9.9973E-05 0.105075 0.00474625
9.9964E-05 0.878175 9.9964E-05 9.9964E-05 0.121425 9.9964E-05
9.9982E-05 0.790813 0.0328173 9.9982E-05 0.101759 0.0744104
9.9973E-05 0.74403 9.9973E-05 9.9973E-05 0.16157 0.0941007
0.0602302 0.106553 0.0606927 0.254326 0.518099 9.9991E-05
9.999E-05 0.102596 0.0614692 0.266814 0.507423 0.0615967
0.0365484 0.01373 9.9991E-05 0.357586 0.573877 0.0181581
0.0424031 0.0473734 0.60532 0.0899726 0.214831 9.9991E-05
0.191441 9.9982E-05 9.9982E-05 0.549151 0.243578 0.0156293
9.9991E-05 0.0766825 0.147034 0.260789 0.489954 0.0254403
0.0228858 0.0497171 9.9991E-05 0.200824 0.717451 0.00902164
0.164422 0.124764 0.0615866 0.0847026 0.564425 9.9991E-05
0.0501457 0.122037 0.0761836 0.145181 0.592601 0.0138513
9.9982E-05 0.0118043 0.170378 0.690649 0.126969 9.9982E-05
0.215835 0.0681812 0.0483292 9.9991E-05 0.659361 0.00819298
0.0558056 0.0818997 0.0593957 0.200482 0.560167 0.0422497
0.15361 0.13456 0.0305265 0.0894609 0.561411 0.0304316
0.131215 9.9973E-05 9.9973E-05 0.54651 0.321975 9.9973E-05
9.9991E-05 0.10117 0.00686957 0.282141 0.576001 0.0337182
0.0480946 0.11273 0.0311236 0.209443 0.571945 0.0266639
0.417923 9.9964E-05 9.9964E-05 0.581678 9.9964E-05 9.9964E-05
0.111599 9.9982E-05 0.601802 0.102849 0.183549 9.9982E-05
0.381894 9.9991E-05 0.263871 0.137305 0.166132 0.0506979
0.138716 0.072112 0.142714 0.0268225 0.571469 0.0481668
0.157217 0.0735703 0.0893821 0.029155 0.588054 0.0626209
0.145638 0.0556633 0.0843473 0.0169874 0.597918 0.0994459
0.0425653 0.112065 0.500894 0.136653 0.194091 0.0137318
0.0527895 9.9991E-05 0.35375 0.00596513 0.575224 0.0121717
0.0623353 0.0463474 0.139011 0.111964 0.574634 0.0657091
0.110162 0.0953458 0.277374 0.104421 0.39177 0.0209277
0.108851 0.158298 0.443532 0.111071 0.158777 0.0194714
0.0445981 0.0681404 0.192145 0.111661 0.553922 0.0295337
0.065497 0.0905246 0.263451 0.0836862 0.475088 0.0217538
0.134846 0.0928529 0.538998 0.130523 0.10268 9.9991E-05
0.0462286 0.00237861 0.37121 0.116135 0.449589 0.0144579
0.102588 0.0292519 0.153443 0.074039 0.567074 0.0736047
0.0252596 0.11117 0.154244 0.0767582 0.632468 9.9991E-05
0.0883497 0.0701636 0.363148 0.139527 0.272252 0.0665597
0.109635 0.0371312 0.207728 0.0788188 0.481169 0.0855178
0.0453801 0.0436173 0.203594 0.0936629 0.556948 0.056797
0.0867691 0.0355484 0.488986 0.110994 0.277602 9.9991E-05
9.9982E-05 0.039156 0.0373228 0.472993 0.450328 9.9982E-05
9.9991E-05 0.0496958 0.0794477 0.699983 0.169006 0.00176667
0.0341302 0.0912664 0.0491882 0.281716 0.460509 0.0831911
0.185916 9.9964E-05 9.9964E-05 0.813684 9.9964E-05 9.9964E-05
0.167797 9.9964E-05 9.9964E-05 0.831803 9.9964E-05 9.9964E-05
0.089523 9.9973E-05 9.9973E-05 0.685879 0.224299 9.9973E-05
9.9982E-05 0.0521449 0.0877656 0.422161 0.437729 9.9982E-05
0.0658308 0.125149 0.0549478 0.143535 0.54508 0.0654573
0.0433784 9.9982E-05 9.9982E-05 0.455975 0.470034 0.0304125
9.9982E-05 0.0615819 0.17111 0.63371 0.133398 9.9982E-05
9.9982E-05 0.0198393 0.16472 0.561606 0.253635 9.9982E-05
9.9991E-05 0.0609466 0.0772287 0.260397 0.551824 0.0495041
9.9991E-05 0.00588499 0.0947541 0.569918 0.313948 0.0153951
9.9982E-05 0.0303582 0.108399 0.42311 0.437933 9.9982E-05
0.0916491 9.9973E-05 9.9973E-05 0.467611 0.44044 9.9973E-05
0.337247 9.9964E-05 9.9964E-05 0.662353 9.9964E-05 9.9964E-05
0.0358795 0.0241514 9.9991E-05 0.296644 0.613369 0.0298565
9.9973E-05 0.837281 0.0849376 9.9973E-05 0.0774814 9.9973E-05
9.9973E-05 0.930048 9.9973E-05 9.9973E-05 0.0567231 0.0129288
9.9973E-05 0.855771 9.9973E-05 9.9973E-05 0.10985 0.0340792
9.9973E-05 0.92281 9.9973E-05 9.9973E-05 0.017497 0.0593927
9.9973E-05 0.951 9.9973E-05 0.0135673 9.9973E-05 0.0351329
0.0157971 0.869474 9.9982E-05 9.9982E-05 0.0645057 0.0500233
9.9964E-05 0.929438 9.9964E-05 9.9964E-05 0.0701624 9.9964E-05
9.9991E-05 0.0830382 0.0841248 0.246672 0.533518 0.0525468
0.0701025 0.105185 0.0974178 0.148308 0.526563 0.0524238
0.0379729 0.0549299 0.20015 0.698853 0.00799402 9.9991E-05
0.0504502 0.0942382 0.0618043 0.17396 0.612859 0.00668867
9.9982E-05 0.0477936 0.0841507 0.506496 0.361359 9.9982E-05
9.9991E-05 0.089461 0.0118062 0.342901 0.534521 0.0212108
0.0856975 0.0358435 0.00448417 0.268745 0.599034 0.00619581
9.9991E-05 0.0126306 0.0205839 0.432314 0.458121 0.0762503
9.9973E-05 0.0427741 0.269863 0.687063 9.9973E-05 9.9973E-05
0.0792822 0.0922496 0.137937 0.156028 0.498695 0.0358088
0.0581688 0.0825494 0.0692192 0.0990756 0.690887 9.9991E-05
0.0337519 0.104152 0.0698742 0.159562 0.57571 0.0569496
0.220919 9.9982E-05 9.9982E-05 0.514185 0.237929 0.0267661
0.0867071 9.9973E-05 9.9973E-05 0.427386 0.485607 9.9973E-05
9.9991E-05 0.00394976 0.14047 0.404772 0.436126 0.0145819
0.0760123 9.9982E-05 9.9982E-05 0.552413 0.341899 0.0294755
9.9982E-05 0.0485961 0.132436 0.382876 0.435892 9.9982E-05
0.0641852 0.0682281 0.0559096 0.241019 0.538648 0.0320096
0.24325 9.9991E-05 0.378038 0.0226745 0.290679 0.065259
0.0907042 0.0872709 0.337735 0.052411 0.431779 9.9991E-05
0.0738628 0.109323 0.192061 0.0168476 0.569016 0.0388901
0.0846713 0.110145 0.0890955 0.0563088 0.659679 9.9991E-05
0.0610727 0.026106 0.3799 0.0466349 0.481347 0.00494028
0.085756 0.0265482 0.21293 0.029966 0.589422 0.0553779
0.026594 0.0207484 0.451214 9.9982E-05 0.501243 9.9982E-05
0.142494 0.0700736 0.109645 0.106275 0.563676 0.00783744
0.0195958 0.0736411 0.194164 0.0548037 0.625069 0.0327266
0.0879235 0.0542605 0.226518 0.0131682 0.61803 9.9991E-05
9.9982E-05 0.0350077 0.297059 0.0706714 0.597062 9.9982E-05
0.0909075 0.0623727 0.151054 0.00766204 0.666926 0.021078
0.135253 0.111741 0.0687099 9.9991E-05 0.666228 0.0179679
0.181453 9.9991E-05 0.156958 0.00158834 0.587952 0.0719485
0.136234 0.0560521 0.108532 0.0315093 0.593867 0.0738056
0.110548 9.9991E-05 0.185789 0.0318625 0.575804 0.0958959
0.270998 0.0734514 0.259279 9.9991E-05 0.331267 0.064904
0.103303 0.0344158 0.151959 0.013023 0.633373 0.0639265
0.163269 0.0396714 0.119118 0.00254682 0.669618 0.00577653
0.0726284 0.0142637 0.540096 0.115214 0.238082 0.0197151
0.404487 9.9991E-05 0.315956 0.0316973 0.223989 0.0237698
0.0971376 0.0311297 0.240848 0.0799229 0.52636 0.0246021
0.431026 9.9982E-05 0.322884 0.133465 0.112425 9.9982E-05
0.0543773 0.00455436 0.512482 0.0782261 0.350261 9.9991E-05
9.9973E-05 9.9973E-05 0.452839 0.0863595 0.460502 9.9973E-05
0.0177226 0.02755 0.455243 0.129269 0.370115 9.9991E-05
0.0698435 9.9982E-05 0.535247 0.0395444 0.355165 9.9982E-05
0.0809854 0.0590785 0.187964 0.0447531 0.614409 0.0128102
0.095146 0.0801076 0.173688 0.0111504 0.569289 0.0706189
0.0885843 0.0328892 0.225701 0.03192 0.590269 0.0306364
0.309781 9.9991E-05 0.389475 0.0645577 0.203904 0.0321822
0.103813 0.143052 0.0632655 0.120029 0.549749 0.0200914
0.30501 0.12323 0.0183041 0.00650102 0.534614 0.0123408
0.686186 0.118114 0.0916301 0.103869 9.9982E-05 9.9982E-05
0.154803 0.0724766 0.017877 0.0323751 0.655988 0.0664798
0.414627 0.0857964 0.050609 0.091883 0.329552 0.0275325
0.262524 0.106951 0.0202685 0.00933047 0.509278 0.0916488
0.474885 0.0755609 0.129796 0.0642947 0.255363 9.9991E-05
0.607916 0.059175 0.155769 0.0463924 0.130648 9.9991E-05
0.335516 0.0420851 0.0811342 0.0853647 0.43046 0.02544
0.135364 0.10042 0.108092 0.0933158 0.434428 0.128381
0.198666 0.176718 0.0870792 0.0693264 0.468111 9.9991E-05
0.496147 0.0207201 0.110157 0.192804 0.106964 0.0732082
0.165438 0.103813 0.0739131 0.00750907 0.614672 0.0346546
0.45713 9.9982E-05 0.0989719 0.0947226 0.348975 9.9982E-05
0.351213 9.9982E-05 0.0791031 0.0980213 0.471462 9.9982E-05
0.204747 0.0768854 9.9991E-05 0.102481 0.577542 0.0382443
0.23099 0.372042 0.0209476 9.9991E-05 0.121666 0.254254
0.39259 0.473987 9.9973E-05 9.9973E-05 9.9973E-05 0.133123
0.427606 0.452113 9.9973E-05 9.9973E-05 9.9973E-05 0.119981
0.302049 0.339817 0.0211506 9.9991E-05 0.0542969 0.282587
0.269199 9.9982E-05 0.00693525 0.065435 0.658231 9.9982E-05
0.108805 0.101816 0.0465462 0.109766 0.587852 0.0452136
9.9982E-05 9.9982E-05 0.00729706 0.00627959 0.320662 0.665561
0.0115236 0.0175976 0.109322 0.0482138 0.3578 0.455543
0.0172294 0.0660422 0.105799 0.005946 0.398678 0.406305
0.570667 9.9991E-05 0.0585624 0.0421705 0.318268 0.0102317
0.168692 0.122949 0.120182 0.0847065 0.497423 0.00604669
0.596903 9.9982E-05 0.0836595 0.0226183 0.296619 9.9982E-05
0.335333 0.0530521 9.9973E-05 9.9973E-05 0.611315 9.9973E-05
0.370025 0.0274516 0.0668249 9.9991E-05 0.490744 0.0448541
0.360143 9.9973E-05 9.9973E-05 0.0244191 0.615138 9.9973E-05
0.677313 9.9982E-05 0.0166151 0.0204752 0.285397 9.9982E-05
0.196855 0.0721562 0.0154813 0.0421441 0.644551 0.0288121
0.216189 0.117762 0.00536879 0.023696 0.633776 0.00320824
9.9973E-05 9.9973E-05 0.00591606 0.0245225 9.9973E-05 0.969261
0.00636384 9.9982E-05 0.019452 9.9982E-05 0.0716767 0.902307
9.9991E-05 0.0785302 0.0349638 0.0521794 0.27504 0.559187
9.9964E-05 9.9964E-05 9.9964E-05 9.9964E-05 0.349604 0.649996
9.9982E-05 9.9982E-05 0.0148535 0.00817998 0.134221 0.842546
9.996E-05 9.996E-05 9.996E-05 9.996E-05 9.996E-05 0.9995
9.9964E-05 9.9964E-05 0.0395651 9.9964E-05 9.9964E-05 0.960035
9.9973E-05 9.9973E-05 9.9973E-05 0.0134838 0.117865 0.868351
9.9964E-05 9.9964E-05 0.0615746 9.9964E-05 9.9964E-05 0.938026
9.996E-05 9.996E-05 9.996E-05 9.996E-05 9.996E-05 0.9995
9.996E-05 9.996E-05 9.996E-05 9.996E-05 9.996E-05 0.9995
9.9973E-05 9.9973E-05 0.0359293 9.9973E-05 0.190736 0.773035
9.9991E-05 0.0342163 0.0435757 0.0354037 0.0811924 0.805512
9.996E-05 9.996E-05 9.996E-05 9.996E-05 9.996E-05 0.9995
0.0279787 0.0502468 0.143381 0.0220672 0.344966 0.41136
9.9991E-05 0.0507323 0.0340715 0.0128745 0.215779 0.686442
9.9991E-05 0.0411494 0.000170621 0.0197923 0.138378 0.80041
9.9982E-05 0.00370986 0.00693183 9.9982E-05 0.100441 0.888717
9.996E-05 9.996E-05 9.996E-05 9.996E-05 9.996E-05 0.9995
9.9964E-05 9.9964E-05 9.9964E-05 9.9964E-05 0.0548127 0.944787
9.996E-05 9.996E-05 9.996E-05 9.996E-05 9.996E-05 0.9995
9.9991E-05 0.0213593 0.0673164 0.0638961 0.182962 0.664367
9.9973E-05 9.9973E-05 9.9973E-05 0.0114024 0.000896715 0.987401
0.645742 0.300517 9.9973E-05 9.9973E-05 9.9973E-05 0.0534409
0.270897 0.189633 0.0553404 9.9991E-05 0.344461 0.139569
0.303151 0.152928 9.9982E-05 9.9982E-05 0.481816 0.0619051
0.481738 0.190604 0.00798376 9.9991E-05 0.213964 0.10561
0.169974 0.155073 0.0174279 0.0723546 0.480564 0.104606
0.513659 0.23979 9.9982E-05 9.9982E-05 0.141402 0.10495
0.222344 0.159167 0.0319782 0.00612936 0.457622 0.122759
0.361624 0.192875 9.9982E-05 9.9982E-05 0.33085 0.114451
0.214257 0.174355 9.9982E-05 9.9982E-05 0.516411 0.0947777
0.324312 0.212982 9.9982E-05 9.9982E-05 0.374172 0.0883343
0.202036 0.184537 9.9991E-05 0.0342536 0.463371 0.115702
0.0126068 0.899403 0.0206209 0.00189786 0.0653719 9.9991E-05
0.0314971 0.897093 9.9982E-05 0.00181597 9.9982E-05 0.0693941
9.9973E-05 0.959347 0.0240983 9.9973E-05 0.0162548 9.9973E-05
9.9964E-05 0.986824 9.9964E-05 0.0127762 9.9964E-05 9.9964E-05
9.9973E-05 0.911236 0.0349269 9.9973E-05 0.0535367 9.9973E-05
0.00377845 0.974958 0.00215765 9.99913E-05 0.0115603 0.00744613
9.9982E-05 0.922913 0.00521886 9.9982E-05 0.0488373 0.0228308
0.0076749 0.92947 0.053381 9.9982E-05 0.00927381 9.9982E-05
0.0208621 0.884708 0.0113951 0.0460589 0.000119676 0.0368564
0.0529489 0.916271 0.0148965 9.9982E-05 0.015684 9.9982E-05
0.0628291 0.595923 0.273247 0.0678013 9.9982E-05 9.9982E-05
0.0548281 0.611345 0.333527 9.9973E-05 9.9973E-05 9.9973E-05
0.0760309 0.537378 0.325253 0.0611379 9.9982E-05 9.9982E-05
0.10212 0.463646 0.403003 0.0310308 9.9982E-05 9.9982E-05
0.0250812 0.0440754 0.189351 0.270101 0.425025 0.0463668
0.0225225 0.0479304 0.116506 0.292411 0.477865 0.0427648
0.0127623 0.0169582 0.19952 0.191709 0.572582 0.00646821
9.9991E-05 0.0291209 0.25529 0.354241 0.342846 0.0184029
0.043341 9.9991E-05 0.62327 0.104382 0.183003 0.0459028
0.0611518 0.0200125 0.063152 0.206483 0.642816 0.00638434
9.9982E-05 9.9982E-05 0.12916 0.265733 0.586298 0.0186093
0.146266 9.9991E-05 0.0481189 0.262143 0.53092 0.0124519
0.0875917 9.9973E-05 9.9973E-05 0.559547 0.352562 9.9973E-05
0.102737 0.0437846 0.0759579 0.120181 0.585482 0.0718581
9.9982E-05 0.0323366 0.0796321 0.467035 0.420796 9.9982E-05
0.222001 9.9964E-05 9.9964E-05 0.777599 9.9964E-05 9.9964E-05
0.0346084 0.0926202 0.120834 0.152188 0.599649 9.9991E-05
0.244677 9.9973E-05 9.9973E-05 0.598301 0.156723 9.9973E-05
0.0390234 0.0303643 0.0508724 0.361864 0.508069 0.00980703
9.9973E-05 9.9973E-05 0.227826 0.681649 0.0902251 9.9973E-05
0.0681983 0.144693 0.779192 9.9982E-05 0.00771697 9.9982E-05
0.0761695 0.116791 0.720488 9.9982E-05 0.0863514 9.9982E-05
0.0719058 0.0871513 0.786918 0.0263779 0.0275468 9.9991E-05
0.0647515 0.118631 0.788034 0.0283838 9.9982E-05 9.9982E-05
0.0723371 0.0548498 0.752515 9.9982E-05 0.120098 9.9982E-05
0.0576784 0.0816808 0.737465 9.9991E-05 0.103256 0.0198198
9.9982E-05 0.879041 9.9982E-05 0.0408168 0.0247413 0.0552007
9.9982E-05 0.826181 0.0328342 0.0193455 0.121439 9.9982E-05
0.0133548 0.770257 0.0140112 0.00773977 0.154067 0.0405703
9.9982E-05 0.852978 9.9982E-05 0.0658629 0.0304126 0.0505467
9.9982E-05 0.79982 9.9982E-05 0.0128554 0.137258 0.0498667
0.0811621 0.390974 0.527564 9.9973E-05 9.9973E-05 9.9973E-05
0.0422882 0.440681 0.516731 9.9973E-05 9.9973E-05 9.9973E-05
0.0277612 0.456103 0.497649 9.9991E-05 0.017549 0.000837674
9.9982E-05 0.865428 0.000900347 0.0231358 0.110336 9.9982E-05
0.0486239 0.418375 0.493618 0.0391834 9.9982E-05 9.9982E-05
0.137755 0.275764 9.9982E-05 9.9982E-05 0.269408 0.316873
0.0351809 0.157608 0.0424122 0.03539 0.550775 0.178633
9.9973E-05 0.221298 9.9973E-05 9.9973E-05 0.568383 0.210019
0.143124 0.261065 9.9982E-05 9.9982E-05 0.325079 0.270532
0.0932463 0.180125 0.0903918 9.9991E-05 0.518208 0.117929
0.273134 0.437542 9.9973E-05 9.9973E-05 9.9973E-05 0.289024
0.0535201 9.9982E-05 0.412274 0.0684884 0.465517 9.9982E-05
0.261138 9.9991E-05 0.176584 0.0589918 0.496925 0.00626113
0.0524807 9.9991E-05 0.539603 0.111098 0.293313 0.00340581
0.23847 9.9991E-05 0.155649 0.0147458 0.590923 0.000112378
0.578281 9.9973E-05 0.3236 0.0978195 9.9973E-05 9.9973E-05
0.154007 0.0679135 0.106326 0.0214982 0.613694 0.0365611
0.143263 0.0238127 0.194488 0.0376962 0.569149 0.0315918
0.0906414 0.0254985 0.442827 0.0543983 0.386535 9.9991E-05
0.073868 0.0908806 0.166617 0.0672319 0.575457 0.0259459
0.396411 9.9982E-05 0.325704 0.118488 0.159197 9.9982E-05
0.168329 0.0312968 0.150035 0.0448208 0.593387 0.0121309
0.0204627 0.0234166 0.327996 0.119707 0.508318 9.9991E-05
0.157665 0.0830471 0.112401 0.0519308 0.42332 0.171637
0.271315 9.9991E-05 0.231989 0.149472 0.345173 0.00195076
0.245336 9.9991E-05 0.186498 0.0686678 0.468071 0.0313275
0.101227 0.0125155 0.142142 0.104799 0.639217 9.9991E-05
0.139358 9.9982E-05 0.150846 0.123403 0.586193 9.9982E-05
0.132027 0.0244209 0.103372 0.024696 0.659706 0.0557785
0.100689 0.111235 0.131635 0.080238 0.550541 0.025663
0.0871676 0.0602374 0.166947 0.0462112 0.639337 9.9991E-05
9.9973E-05 0.848663 9.9973E-05 9.9973E-05 0.108675 0.0423625
9.9973E-05 0.880138 9.9973E-05 9.9973E-05 0.114995 0.00456695
0.0114764 0.893994 0.00274038 0.0366563 0.0550333 9.9991E-05
9.9991E-05 0.900365 0.0138629 0.0141778 0.0103706 0.0611235
9.9964E-05 0.906024 9.9964E-05 9.9964E-05 0.0935764 9.9964E-05
0.059621 0.0273584 0.642587 0.123918 0.117201 0.0293143
0.150303 0.0279323 0.182202 0.00801876 0.56732 0.0642245
0.12644 0.225741 0.0217622 9.9991E-05 0.409772 0.216185
0.0180375 0.0241223 0.227768 0.0350965 0.664952 0.0300234
9.9991E-05 0.039795 0.339394 0.103539 0.503078 0.0140933
0.346266 9.9991E-05 0.283576 0.0514588 0.307487 0.011112
0.0654024 0.0722594 0.73576 0.113967 0.00111645 0.011495
9.9982E-05 0.0486265 0.357139 0.0912488 0.502786 9.9982E-05
0.0709943 0.0331408 0.563408 0.0300608 0.250422 0.0519736
0.141297 0.0515412 0.18449 0.0971402 0.524753 0.000778766
0.0733807 0.0899656 0.590637 0.0582294 0.187688 9.9991E-05
0.00572485 0.0778378 0.276437 0.028521 0.557657 0.0538222
0.0515835 0.0494016 0.582121 0.149103 0.150091 0.0176999
0.25073 0.0029573 0.279687 0.101178 0.292176 0.0732711
0.248434 0.0530261 0.0911122 0.01373 0.558153 0.035545
0.518626 9.9982E-05 0.108586 0.0320261 0.340562 9.9982E-05
0.316444 0.0551644 0.0444519 9.9982E-05 0.58374 9.9982E-05
0.235679 0.0768836 0.0913855 0.0374565 0.55161 0.00698591
0.567128 9.9982E-05 0.0551344 0.0705857 0.306952 9.9982E-05
0.251882 0.0713431 0.0591071 0.0435692 0.573998 9.9991E-05
0.353306 0.042464 0.0604872 0.0115694 0.532073 9.9991E-05
0.688431 9.9982E-05 0.0528588 0.117976 0.140534 9.9982E-05
0.684628 9.9982E-05 0.0379823 0.0229234 0.254266 9.9982E-05
0.34466 0.0426926 0.0618231 0.0763832 0.474341 9.9991E-05
0.660217 9.9982E-05 0.0552578 0.182514 0.101811 9.9982E-05
0.381013 9.9982E-05 0.0919521 0.0533147 0.47352 9.9982E-05
9.9982E-05 9.9982E-05 0.704641 0.106554 0.151471 0.0371336
0.28537 9.9991E-05 0.330958 0.090012 0.226045 0.0675143
9.9991E-05 0.00876457 0.433278 0.0731638 0.406058 0.0786359
9.9991E-05 0.0376864 0.254043 0.0903756 0.55742 0.0603748
9.9982E-05 9.9982E-05 0.587849 0.14767 0.216203 0.0480789
0.114521 0.0185935 0.255107 0.00896302 0.520136 0.0826797
9.9991E-05 0.0224599 0.283714 0.0801671 0.590756 0.0228028
0.112436 9.9991E-05 0.265921 0.0595754 0.550117 0.0118508
0.0352946 9.9991E-05 0.290841 0.0686619 0.543983 0.0611197
9.9991E-05 0.0224425 0.402849 0.0581407 0.482107 0.0343606
0.0171612 9.9991E-05 0.549667 0.129397 0.265033 0.038642
0.00768346 9.9991E-05 0.444942 0.088289 0.416628 0.0423571
0.123101 0.0156863 0.18998 0.0334321 0.586616 0.0511837
0.0667925 0.0650923 0.112558 0.0936516 0.559775 0.10213
0.166907 0.0487422 0.284917 0.0776521 0.319902 0.10188
0.138194 9.9991E-05 0.25335 0.0486095 0.450009 0.109737
0.0125384 9.9991E-05 0.469278 0.074529 0.392516 0.051038
0.0220778 0.0151844 0.241264 0.0998528 0.536071 0.0855492
0.00853765 0.0260241 0.293465 0.118955 0.47448 0.0785387
0.0152497 0.106955 0.167402 0.0495576 0.580649 0.0801872
0.0374485 0.315568 0.0622511 0.0323932 0.413057 0.139283
0.115234 0.13677 0.0141082 9.9991E-05 0.598715 0.135072
0.112173 0.162166 0.0927284 0.0662196 0.417355 0.149358
0.130824 0.104142 0.0579264 0.0322349 0.54294 0.131933
0.15347 0.180152 9.9982E-05 9.9982E-05 0.464638 0.20154
0.267526 9.9982E-05 0.196474 0.000216608 0.535584 9.9982E-05
0.077081 0.156805 9.9991E-05 0.15342 0.495265 0.11733
0.453033 0.22511 0.0714403 0.0140992 0.0599001 0.176417
0.129551 0.0932726 0.0426566 9.9991E-05 0.612974 0.121446
0.0898219 0.153122 0.05099 0.013488 0.531911 0.160666
0.103438 0.0801634 0.0286868 0.0664768 0.541135 0.1801
0.321505 0.176612 0.0468899 0.0268454 0.298689 0.129459
0.0593313 0.164044 0.0400533 0.0206259 0.588325 0.12762
0.116305 0.164924 0.012226 9.9991E-05 0.548541 0.157904
0.390732 0.487286 9.9973E-05 9.9973E-05 9.9973E-05 0.121682
0.0736576 0.174654 0.0644316 0.0600784 0.491044 0.136134
0.105458 0.156791 9.9991E-05 0.0303309 0.51189 0.19543
0.113784 0.10206 0.0304013 0.0669463 0.596814 0.089995
0.107183 0.178061 9.9982E-05 9.9982E-05 0.471453 0.243103
0.0414734 0.186251 0.064066 0.077261 0.46688 0.164069
0.30722 0.0382024 0.00909126 0.101347 0.544039 9.9991E-05
0.178847 0.0553262 0.0681646 0.118625 0.510115 0.0689219
0.736829 9.9982E-05 0.0578608 0.168688 0.0364219 9.9982E-05
0.733668 9.9982E-05 0.0494593 0.112988 0.103685 9.9982E-05
0.258734 0.0707925 0.05778 0.0137931 0.571171 0.0277287
0.176421 0.131363 9.9982E-05 9.9982E-05 0.368244 0.323772
0.213232 0.143441 9.9982E-05 9.9982E-05 0.364979 0.278147
0.343229 0.146581 9.9982E-05 9.9982E-05 0.217862 0.292128
0.214505 0.149508 9.9982E-05 9.9982E-05 0.41186 0.223927
0.718456 0.0584527 9.9982E-05 9.9982E-05 0.219954 0.00293693
0.585769 0.0516693 0.00121013 0.0643215 0.221188 0.0758429
0.274753 9.9982E-05 9.9982E-05 0.0541858 0.62212 0.0487417
0.361956 0.0724467 9.9982E-05 9.9982E-05 0.46463 0.100767
0.542176 0.024452 0.0392555 0.0616811 0.277778 0.0546582
0.245528 0.0405744 0.0459227 0.0201106 0.593678 0.0541862
0.281881 0.0444262 9.9982E-05 9.9982E-05 0.636369 0.0371242
0.237941 0.0632996 0.0555816 0.0535743 0.532596 0.0570069
0.447332 9.9982E-05 0.0313941 0.0947898 0.426284 9.9982E-05
0.383524 9.9982E-05 0.0676713 0.106088 0.442516 9.9982E-05
0.301721 0.0205288 0.0303544 0.0780965 0.5692 9.9991E-05
0.315937 0.0109321 0.132978 0.0325058 0.491909 0.0157386
0.22805 0.039818 0.0677224 0.0542535 0.537927 0.0722293
0.37031 9.9982E-05 0.00212175 0.12738 0.499988 9.9982E-05
0.591593 9.9982E-05 0.0231486 0.10034 0.284718 9.9982E-05
0.256615 9.9973E-05 9.9973E-05 0.0730048 0.67008 9.9973E-05
0.539945 9.9982E-05 0.064288 0.148944 0.246623 9.9982E-05
0.381719 0.00585901 0.00929289 0.056542 0.546487 9.9991E-05
0.213181 0.0731002 0.0822299 0.102995 0.512315 0.0161779
0.207122 0.0508467 0.102885 0.0979162 0.530656 0.0105737
0.145195 0.174204 9.9991E-05 0.0140904 0.545666 0.120745
0.143694 0.152025 0.0717995 0.0626149 0.421407 0.14846
0.192115 0.203911 9.9982E-05 9.9982E-05 0.323624 0.28015
0.159721 0.20369 0.0426355 0.0291216 0.346014 0.218818
0.1155 0.177465 0.0520002 0.0222143 0.471394 0.161426
0.167071 0.164925 0.0374301 0.0276382 0.451919 0.151017
0.688351 0.126162 9.9991E-05 0.0157117 0.00955614 0.160119
0.137079 0.0678338 9.9991E-05 0.0354076 0.549469 0.21011
0.590127 0.283787 9.9973E-05 9.9973E-05 9.9973E-05 0.125785
0.230488 0.041579 9.9982E-05 9.9982E-05 0.566927 0.160806
0.632524 9.9973E-05 9.9973E-05 0.127711 0.239465 9.9973E-05
0.684008 9.9973E-05 9.9973E-05 0.251254 0.0644376 9.9973E-05
0.373992 9.9973E-05 9.9973E-05 0.0748712 0.550837 9.9973E-05
0.271471 9.9973E-05 9.9973E-05 0.0485769 0.679652 9.9973E-05
0.411261 9.9982E-05 0.0143607 0.0823279 0.49185 9.9982E-05
0.268616 9.9973E-05 9.9973E-05 0.0886342 0.642449 9.9973E-05
0.312611 9.9973E-05 9.9973E-05 0.0779769 0.609113 9.9973E-05
9.9991E-05 0.857857 0.076363 0.0181557 0.0176728 0.0298519
0.0340655 0.764603 0.0674825 0.0390801 0.0319749 0.0627942
9.9982E-05 0.939276 0.0347606 9.9982E-05 0.0115665 0.0141968
0.0154517 0.955464 9.9973E-05 9.9973E-05 0.0287842 9.9973E-05
0.0560963 0.0407146 0.0198896 0.334238 0.524688 0.0243735
9.9982E-05 0.050773 0.0845889 0.325966 0.538473 9.9982E-05
9.9982E-05 0.02403 0.0127867 0.452236 0.510747 9.9982E-05
9.9982E-05 0.0994958 0.0073194 0.292053 0.600932 9.9982E-05
0.121588 0.111132 0.0600508 0.122459 0.584671 9.9991E-05
9.9982E-05 0.0491096 0.0986466 0.583395 0.268649 9.9982E-05
9.9973E-05 0.00270269 9.9973E-05 0.335935 0.661062 9.9973E-05
0.165981 9.9973E-05 9.9973E-05 0.579143 0.254576 9.9973E-05
0.0477844 0.316076 0.0435963 0.0318703 0.397668 0.163005
0.193782 9.9982E-05 9.9982E-05 0.382621 0.400286 0.0231111
9.9982E-05 0.020296 0.0532282 0.602362 0.323914 9.9982E-05
0.0869803 9.9982E-05 9.9982E-05 0.399954 0.492379 0.0204868
9.9991E-05 0.00732527 0.109295 0.460013 0.37155 0.0517162
0.0190328 9.9982E-05 9.9982E-05 0.411334 0.539518 0.0299154
0.00881822 0.0747952 0.0265686 0.331342 0.558376 9.9991E-05
0.157089 9.9964E-05 9.9964E-05 0.842511 9.9964E-05 9.9964E-05
0.133856 9.9982E-05 9.9982E-05 0.562639 0.266403 0.0369016
0.086732 9.9982E-05 9.9982E-05 0.56933 0.320819 0.0229182
0.232799 9.9964E-05 9.9964E-05 0.766801 9.9964E-05 9.9964E-05
9.9982E-05 0.0480263 0.106115 0.422282 0.423377 9.9982E-05
0.328124 9.9973E-05 9.9973E-05 0.617955 0.0536216 9.9973E-05
0.272949 9.9964E-05 9.9964E-05 0.726651 9.9964E-05 9.9964E-05
0.0232407 0.0390982 9.9991E-05 0.348394 0.542955 0.0462122
9.9991E-05 0.0560091 0.158348 0.622576 0.157948 0.00501956
9.9982E-05 9.9982E-05 0.093272 0.439155 0.461269 0.00610351
0.0207463 0.114478 0.0696475 0.171699 0.579482 0.0439472
9.9991E-05 0.0742527 0.0517243 0.36747 0.498098 0.00835551
0.263085 9.9991E-05 0.298081 0.0219037 0.404819 0.0120108
0.00135926 0.0443834 0.0668362 0.337111 0.538972 0.0113385
9.9982E-05 0.00890308 0.107629 0.346531 0.536737 9.9982E-05
0.100975 9.9973E-05 9.9973E-05 0.580062 0.318663 9.9973E-05
0.0414236 0.113511 0.0900577 0.249777 0.486069 0.0191624
0.0770815 0.670512 0.252107 9.9973E-05 9.9973E-05 9.9973E-05
0.0141731 0.771714 0.15091 0.0576615 0.0054417 9.9991E-05
0.0274506 0.841167 0.131083 9.9973E-05 9.9973E-05 9.9973E-05
0.0322609 0.832578 0.134861 9.9973E-05 9.9973E-05 9.9973E-05
0.0477058 0.757084 0.162205 0.0219017 0.0110034 9.9991E-05
9.9991E-05 0.0631359 0.132487 0.693003 0.105429 0.00584517
9.9982E-05 0.0376287 0.126581 0.711287 0.124304 9.9982E-05
0.101926 9.9982E-05 9.9982E-05 0.743019 0.115034 0.0398208
0.122656 0.102699 0.0504509 0.117912 0.570573 0.0357085
0.0642242 0.12486 0.0411513 0.168011 0.509625 0.0921284
0.0927768 0.0100206 9.9991E-05 0.637821 0.21069 0.0485922
9.9991E-05 0.0269935 0.00440782 0.338729 0.533767 0.0960031
0.0973992 0.0624145 9.9991E-05 0.437434 0.333744 0.0689075
0.00345055 0.0387457 0.0599733 0.374213 0.480743 0.0428744
9.9982E-05 0.0678206 9.9982E-05 0.270506 0.616422 0.0450514
9.9991E-05 0.0127939 0.142213 0.643987 0.191879 0.00902725
9.9973E-05 9.9973E-05 0.149526 0.593097 0.257078 9.9973E-05
9.9982E-05 0.0453871 0.103361 0.571701 0.279351 9.9982E-05
0.200105 0.114931 0.0439412 9.9982E-05 0.640822 9.9982E-05
9.9982E-05 0.0576323 0.0583144 0.496217 0.387636 9.9982E-05
9.9982E-05 0.0542642 0.0922956 0.451916 0.401324 9.9982E-05
0.0446237 0.0880438 0.0723024 0.0141331 0.418445 0.362452
0.0827844 0.135375 9.9982E-05 9.9982E-05 0.362394 0.419247
0.0474629 0.117606 0.020314 9.9991E-05 0.415222 0.399296
0.0559392 0.143156 0.00017589 0.0139698 0.248104 0.538654
0.0430979 0.139089 0.0282563 0.0124971 0.482741 0.294319
0.228643 0.0650859 9.9982E-05 0.156248 0.549823 9.9982E-05
0.118522 0.231492 9.9973E-05 9.9973E-05 9.9973E-05 0.649687
0.0344736 0.159008 0.0240902 0.0155887 0.286392 0.480448
0.234369 0.188875 9.9991E-05 0.0493405 0.381566 0.14575
0.218989 0.154633 0.0631734 9.9982E-05 0.563006 9.9982E-05
0.255574 0.161043 0.0468621 0.00837949 0.528042 9.9991E-05
0.0915271 0.18566 0.0419081 0.0510908 0.629714 9.9991E-05
0.0946533 0.13342 0.108883 0.0458484 0.595931 0.0212638
9.9982E-05 0.17459 0.0267563 9.9982E-05 0.349252 0.449202
0.0698601 0.16654 0.0449611 9.9991E-05 0.376705 0.341834
9.9973E-05 0.0910228 9.9973E-05 9.9973E-05 0.435232 0.473445
0.0311107 0.140606 0.0224673 0.0679258 0.467286 0.270605
0.106502 0.151978 0.00142716 0.0228463 0.213091 0.504155
0.0361081 0.135082 0.00943652 0.0656096 0.424807 0.328957
0.0742671 0.132624 9.9982E-05 9.9982E-05 0.258789 0.53412
0.0950929 0.10567 0.0599488 0.0242254 0.398647 0.316416
0.284812 0.12132 0.0113776 0.0319006 0.55049 9.9991E-05
0.0758706 0.150017 0.0160326 0.0186396 0.394221 0.345219
0.0636817 0.208215 9.9982E-05 9.9982E-05 0.154504 0.573399
0.0402858 0.109895 0.0279657 0.0652125 0.405523 0.351119
0.275203 0.19034 0.149923 0.074313 0.310121 9.9991E-05
0.301523 0.0368189 9.9973E-05 9.9973E-05 0.661359 9.9973E-05
0.0219738 0.143299 0.0904294 0.0117169 0.384503 0.348077
0.174015 0.148525 0.114 0.020526 0.542834 9.9991E-05
0.212843 0.183366 0.0581153 0.0283942 0.517181 9.9991E-05
0.172399 0.19397 9.9991E-05 0.0385582 0.346346 0.248627
0.166286 0.232461 9.9982E-05 9.9982E-05 0.355703 0.24535
0.148776 0.148394 9.9991E-05 0.0415449 0.598295 0.0628904
0.0570762 0.171737 0.0239047 0.0350805 0.391212 0.32099
9.9991E-05 0.0973505 0.0354695 0.0236646 0.420328 0.423087
0.0879351 0.182902 9.9982E-05 9.9982E-05 0.109052 0.619911
0.145649 0.128317 0.0711165 9.9991E-05 0.607605 0.0472122
0.259052 0.162883 0.0420887 0.0811989 0.454677 9.9991E-05
0.705574 0.111004 9.9973E-05 9.9973E-05 0.183121 9.9973E-05
0.107557 0.17302 0.00332665 0.0722291 0.621154 0.022713
0.237756 0.062195 0.201895 0.0471357 0.388469 0.0625496
0.153391 0.18621 9.9982E-05 9.9982E-05 0.489814 0.170385
0.178117 0.117438 0.11674 9.9991E-05 0.486239 0.101365
0.543246 0.341483 9.9973E-05 9.9973E-05 9.9973E-05 0.114971
0.631698 0.312051 9.9973E-05 9.9973E-05 9.9973E-05 0.0559517
0.411507 0.193521 9.9991E-05 0.00794144 0.327822 0.0591073
0.4697 0.305766 9.9982E-05 9.9982E-05 0.0678111 0.156523
0.377841 0.446281 9.9973E-05 9.9973E-05 9.9973E-05 0.175578
0.343557 0.16839 9.9982E-05 9.9982E-05 0.445003 0.0428508
0.263635 0.213084 0.0270175 9.9991E-05 0.350894 0.14527
0.385482 0.30594 0.00718335 9.9991E-05 0.143189 0.158106
0.51665 0.261296 9.9982E-05 9.9982E-05 0.0906592 0.131194
0.175866 0.167501 9.9991E-05 0.0167483 0.5299 0.109885
0.458183 0.25317 9.9982E-05 9.9982E-05 0.171961 0.116485
0.59501 0.352451 9.9973E-05 9.9973E-05 9.9973E-05 0.0522389
0.102135 0.152707 0.0806621 0.0384795 0.504925 0.121091
0.2845 0.1931 0.0242543 9.9991E-05 0.351325 0.146721
0.0124111 0.332417 9.9991E-05 0.0564389 0.456436 0.142197
0.000553111 0.192243 9.9982E-05 9.9982E-05 0.593978 0.213027
0.0939377 0.164987 9.9991E-05 0.0386265 0.491155 0.211194
0.126556 0.140739 9.9982E-05 9.9982E-05 0.498322 0.234184
0.0193628 0.355309 0.0651024 0.0255194 0.353508 0.181199
0.0732968 0.227879 0.00990678 9.9991E-05 0.501607 0.18721
0.0392842 0.251898 0.00772928 0.0291969 0.492227 0.179664
0.221163 0.234376 0.0106541 9.9991E-05 0.293497 0.24021
0.0599335 0.176338 0.11353 0.210257 0.285704 0.154239
0.0442192 0.214454 0.0446196 0.0828388 0.445639 0.168229
0.0791411 0.173513 0.0401864 0.0116142 0.566668 0.128878
0.0461866 0.119984 0.07577 0.102521 0.540059 0.115478
0.0594063 0.254547 0.04473 9.9991E-05 0.410103 0.231114
0.0337678 0.252349 9.9991E-05 0.0567908 0.548032 0.108961
0.311582 0.341848 9.9982E-05 9.9982E-05 0.0301055 0.316265
0.0829502 0.198245 0.0207179 0.0212818 0.536501 0.140305
0.213276 0.306275 9.9982E-05 9.9982E-05 0.168698 0.311551
0.0057314 0.814379 0.17959 9.9973E-05 9.9973E-05 9.9973E-05
9.9982E-05 0.0664724 0.792514 0.0298653 0.110948 9.9982E-05
9.996E-05 9.996E-05 0.9995 9.996E-05 9.996E-05 9.996E-05
9.996E-05 9.996E-05 0.9995 9.996E-05 9.996E-05 9.996E-05
9.9964E-05 9.9964E-05 0.95351 9.9964E-05 0.0460905 9.9964E-05
9.9964E-05 9.9964E-05 0.98702 9.9964E-05 9.9964E-05 0.0125805
9.9964E-05 9.9964E-05 0.968973 9.9964E-05 0.030627 9.9964E-05
9.996E-05 9.996E-05 0.9995 9.996E-05 9.996E-05 9.996E-05
9.9964E-05 0.140832 0.858768 9.9964E-05 9.9964E-05 9.9964E-05
9.9973E-05 0.906367 0.0399494 0.0533835 9.9973E-05 9.9973E-05
9.9973E-05 0.78534 0.132875 9.9973E-05 0.0814848 9.9973E-05
0.01088 0.889214 0.0431185 0.0138396 0.0428481 9.9991E-05
0.0322844 0.86047 0.0712777 9.9982E-05 0.0357676 9.9982E-05
9.9991E-05 0.883247 0.0960985 0.00759486 0.00030852 0.012651
9.9982E-05 0.914359 0.0218512 0.0106599 0.05293 9.9982E-05
0.0525007 0.736235 9.9991E-05 0.00557433 0.126343 0.079247
9.9973E-05 0.911835 9.9973E-05 9.9973E-05 0.0815242 0.00634109
0.0303875 0.699217 0.0914431 9.9991E-05 0.0901911 0.0886611
9.9973E-05 0.907735 9.9973E-05 9.9973E-05 0.0277402 0.0642244
0.0177748 0.981825 9.9964E-05 9.9964E-05 9.9964E-05 9.9964E-05
9.9991E-05 0.870406 0.0329724 0.0050026 0.0380312 0.0534883
0.00796485 0.990596 0.00113967 9.9973E-05 9.9973E-05 9.9973E-05
0.00378508 0.943052 0.00112925 9.9991E-05 0.032677 0.0192566
9.9973E-05 0.894109 9.9973E-05 9.9973E-05 0.0839105 0.0216801
9.9964E-05 0.93007 9.9964E-05 9.9964E-05 0.0695304 9.9964E-05
9.9973E-05 0.857503 9.9973E-05 9.9973E-05 0.0905919 0.0516049
9.9973E-05 0.859308 9.9973E-05 9.9973E-05 0.127356 0.013036
9.9973E-05 0.820808 9.9973E-05 9.9973E-05 0.102982 0.0759092
0.278748 0.145812 0.0863368 0.0691246 0.419879 9.9991E-05
0.158603 0.0774688 0.0121387 0.0451675 0.706522 9.9991E-05
0.158032 0.122567 0.0386569 0.094716 0.577916 0.00811152
0.716644 0.0759397 9.9982E-05 0.0718037 0.135413 9.9982E-05
0.266602 0.110701 0.0873014 0.0102854 0.52501 9.9991E-05
0.758996 0.110382 9.9973E-05 9.9973E-05 0.130322 9.9973E-05
0.248197 0.0964209 9.9982E-05 9.9982E-05 0.622875 0.0323074
0.204681 0.158195 0.115094 0.114683 0.407247 9.9991E-05
0.229027 0.166128 0.0742401 9.9982E-05 0.530405 9.9982E-05
9.9991E-05 0.0835352 0.00758755 0.45374 0.44564 0.00939723
0.196354 0.153661 0.104134 0.0999236 0.445827 9.9991E-05
0.197542 0.0823132 9.9973E-05 9.9973E-05 0.719845 9.9973E-05
0.261715 0.106559 0.0769361 9.9982E-05 0.55459 9.9982E-05
0.293796 9.9991E-05 0.450581 0.159479 0.018947 0.0770974
0.818468 0.066333 0.0567028 9.9982E-05 0.0582962 9.9982E-05
0.696643 0.0839768 0.0182425 9.9982E-05 0.200938 9.9982E-05
0.148129 0.153491 0.0264345 0.0397788 0.608901 0.0232652
0.396515 0.0698301 9.9982E-05 0.0061809 0.527274 9.9982E-05
0.269281 0.0715189 9.9982E-05 0.0461341 0.612866 9.9982E-05
0.104825 0.119796 0.0305614 0.0730758 0.643855 0.0278858
0.077593 0.22322 0.0525974 0.0303042 0.452067 0.164219
0.0378656 0.223567 0.0332737 0.0237885 0.56813 0.113374
0.0724366 0.380609 0.207227 0.0437623 0.146123 0.149842
0.098048 0.189017 0.0787865 0.0295911 0.570693 0.0338647
0.0701939 0.229245 0.147136 9.9991E-05 0.454481 0.0988433
0.409697 0.400102 9.9973E-05 9.9973E-05 9.9973E-05 0.189901
0.2293 0.284592 9.9982E-05 9.9982E-05 0.276179 0.20973
0.0985297 0.371204 0.0784588 0.00586034 0.311749 0.134198
0.0195683 0.333697 0.136819 0.0150103 0.42697 0.0679354
0.130323 0.168011 0.0565308 9.99989E-05 0.554429 0.0906056
0.0407538 0.203054 0.0595074 0.0482791 0.544442 0.103963
0.0775856 0.172407 0.037074 9.9991E-05 0.647244 0.0655887
0.17679 0.203121 9.9991E-05 0.105734 0.369368 0.144888
0.0333228 0.508679 0.0680524 0.0479537 0.241921 0.100071
