0.923684 9.9982E-05 0.00934034 0.0489878 0.0177878 9.9982E-05
0.972711 0.0268893 9.9964E-05 9.9964E-05 9.9964E-05 9.9964E-05
0.897054 0.0617159 9.9982E-05 0.016566 0.0244637 9.9982E-05
0.838105 9.9973E-05 0.0275898 9.9973E-05 0.134005 9.9973E-05
0.919877 9.9964E-05 9.9964E-05 9.9964E-05 0.0797236 9.9964E-05
0.651532 0.0281844 0.0872827 0.0416986 0.083159 0.108143
0.820327 0.00460023 0.0462233 9.9991E-05 0.00478185 0.123968
0.72411 9.9991E-05 0.0991629 0.0196836 0.0210548 0.135889
0.812583 9.99729E-05 0.141435 9.99729E-05 9.99729E-05 0.0456822
0.759898 9.9982E-05 0.0422359 9.9982E-05 0.0735184 0.124147
0.744524 9.9982E-05 0.0640257 9.9982E-05 0.0968813 0.0943686
0.0372165 0.187372 0.471466 0.0467729 0.201063 0.0561102
0.0367013 0.0562478 0.251036 0.084846 0.553097 0.018072
9.999E-05 0.119537 0.464468 0.101538 0.222095 0.0922617
0.0553392 0.10373 0.44496 0.12901 0.266861 9.9991E-05
0.0883483 0.0516432 0.298271 0.134873 0.38877 0.0380941
0.0480504 0.103411 0.19326 0.100569 0.520674 0.0340357
0.0229985 0.147476 0.296763 0.0418926 0.455747 0.0351234
0.130611 0.0595705 0.391235 0.0715801 0.289285 0.0577185
0.0453694 0.0910037 0.675746 9.9991E-05 0.0547654 0.133016
0.0355269 0.150281 0.273903 0.0532461 0.396756 0.0902866
0.0119544 0.104379 0.149597 0.0546874 0.411099 0.268283
0.0228503 0.131773 0.173838 0.0508083 0.557091 0.0636388
0.0439136 0.13661 0.454722 0.0937983 0.199339 0.0716167
0.0663901 0.003948 0.131765 0.0618424 0.650824 0.0852306
0.0567251 0.0472276 0.273103 0.00369158 0.55681 0.0624432
0.0447145 0.132233 0.470826 0.0438073 0.22214 0.0862797
0.0316524 0.139639 0.436834 0.0968936 0.253139 0.0418422
0.00232153 0.138302 0.447768 9.9991E-05 0.265172 0.146337
0.888863 9.9973E-05 9.9973E-05 0.00494368 0.105893 9.9973E-05
0.875851 9.9973E-05 9.9973E-05 0.00130671 0.122542 9.9973E-05
0.806664 0.00193267 0.00988944 0.086361 0.0950529 9.9991E-05
0.756799 9.9973E-05 9.9973E-05 0.0808262 0.162075 9.9973E-05
0.0984152 0.174602 0.0944632 9.9991E-05 0.509876 0.122543
0.0809097 0.28931 0.0701589 0.052323 0.507199 9.9991E-05
0.0257382 0.403233 0.00904603 9.9991E-05 0.534464 0.0274186
0.029382 0.141813 0.611884 9.9991E-05 0.190649 0.026173
9.9982E-05 0.536687 9.9982E-05 0.0252398 0.245791 0.192083
0.0703491 0.202926 0.14989 0.0127394 0.563996 9.9991E-05
0.0434816 0.156074 9.9982E-05 9.9982E-05 0.717781 0.0824638
0.131261 0.0675997 0.0598266 9.9991E-05 0.552168 0.189045
0.118306 0.113917 0.0655446 9.9991E-05 0.605639 0.0964933
0.0349145 0.691167 0.174527 9.9982E-05 0.0991918 9.9982E-05
0.0812978 9.9991E-05 0.0250069 0.0104054 0.664088 0.219102
0.089752 0.222477 0.114667 0.0281933 0.535932 0.00897948
0.123175 0.187347 0.00379927 0.0620607 0.551204 0.0724138
9.9973E-05 0.558866 9.9973E-05 9.9973E-05 0.317423 0.123411
0.0849109 0.289223 9.9982E-05 0.0459131 0.579753 9.9982E-05
0.117866 0.203406 0.0064238 0.0656995 0.535698 0.070907
0.00184866 0.549586 9.9973E-05 9.9973E-05 9.9973E-05 0.448265
9.9982E-05 0.0703083 0.607203 9.9982E-05 0.192448 0.129841
0.00036085 0.135368 0.242821 0.0645468 0.152242 0.404662
0.0968801 0.0630243 0.0805643 0.0526279 0.578499 0.128404
0.0800816 0.00938404 0.115148 0.0620426 0.594427 0.138917
0.118574 0.0543665 0.0242249 0.0532155 0.615791 0.133828
0.115864 0.157309 0.487244 9.9991E-05 0.222846 0.0166372
0.000826215 0.0587533 0.356245 0.023206 0.560566 0.000403529
0.0566985 0.126347 0.170135 0.0452348 0.560872 0.0407122
0.0959527 0.110184 0.262315 0.0298153 0.393296 0.108437
0.169065 0.120097 0.467015 0.0235275 0.125624 0.0946725
0.0809291 0.0941696 0.162269 0.0150444 0.578281 0.0693074
0.0518928 0.0494896 0.266162 0.0397036 0.512892 0.0798599
0.0653175 0.0986158 0.572205 9.9991E-05 0.0943803 0.169382
9.9991E-05 0.11105 0.392111 0.00620726 0.457834 0.0326967
0.0199999 0.0130119 0.141965 0.0435322 0.599411 0.182081
0.0920886 0.0352541 0.174569 9.9991E-05 0.631549 0.0664398
0.0920242 0.128933 0.384809 0.049718 0.285651 0.0588637
0.0442752 0.0834066 0.238981 0.0137528 0.511824 0.10776
0.0343113 0.0875344 0.218497 0.0416005 0.585116 0.0329414
0.0497172 0.169006 0.466444 0.00523 0.231907 0.0776954
0.036054 0.49105 9.9973E-05 9.9973E-05 0.472596 9.9973E-05
0.0398034 0.74753 0.0368266 9.9982E-05 0.17564 9.9982E-05
0.126074 0.264766 0.0376321 0.0658979 0.46804 0.0375893
9.9964E-05 0.810699 9.9964E-05 9.9964E-05 9.9964E-05 0.188901
9.9964E-05 0.817627 9.9964E-05 9.9964E-05 9.9964E-05 0.181973
9.9973E-05 0.730182 9.9973E-05 9.9973E-05 0.189866 0.079652
0.0310788 0.438854 0.0772124 0.036405 0.41635 9.9991E-05
0.11045 0.0751692 0.078919 0.0677194 0.554372 0.11337
0.0035904 0.524622 9.9991E-05 0.0323894 0.437903 0.00139553
0.0404673 0.666161 0.172675 9.9982E-05 0.120497 9.9982E-05
0.00331765 0.584609 0.181645 9.9982E-05 0.230228 9.9982E-05
0.0932426 0.316834 0.0596084 0.0680362 0.462179 9.9991E-05
0.0353935 0.588514 0.0530463 9.9982E-05 0.322846 9.9982E-05
0.0448691 0.498947 0.0501202 0.0038454 0.402118 9.9991E-05
9.9973E-05 0.440897 9.9973E-05 9.9973E-05 0.444793 0.11401
9.9964E-05 0.591947 9.9964E-05 9.9964E-05 9.9964E-05 0.407653
0.0559004 0.260044 9.9991E-05 0.0169753 0.605059 0.0619214
0.838376 9.9982E-05 0.0922057 0.00248226 0.0667357 9.9982E-05
0.934652 9.9973E-05 9.9973E-05 0.00234101 0.0627067 9.9973E-05
0.850793 9.9973E-05 9.9973E-05 0.0143374 0.13457 9.9973E-05
0.933938 9.9973E-05 9.9973E-05 0.0429056 0.0228563 9.9973E-05
0.947686 0.00530765 0.0094927 0.0373135 9.9982E-05 9.9982E-05
0.878942 9.9982E-05 9.9982E-05 0.0348568 0.0854445 0.000556987
0.940478 9.9964E-05 9.9964E-05 9.9964E-05 0.0591222 9.9964E-05
0.0484182 0.222248 0.0956132 0.0512142 0.582407 9.9991E-05
0.104842 0.210905 0.0639941 0.0798072 0.513344 0.0271086
0.0426036 0.733018 0.217479 9.9991E-05 0.00614008 0.000658976
0.0779587 0.166758 0.0368708 0.0325503 0.591769 0.0940931
0.0507684 0.503044 0.108061 9.9982E-05 0.337926 9.9982E-05
0.0787594 0.372025 0.0162613 9.9982E-05 0.532754 9.9982E-05
0.0244569 0.245444 9.9982E-05 9.9982E-05 0.611731 0.118168
9.9991E-05 0.414296 0.0177733 0.0605935 0.478472 0.0287655
0.042449 0.720668 0.236583 9.9973E-05 9.9973E-05 9.9973E-05
0.133479 0.186117 0.107462 0.0458385 0.477563 0.0495405
0.0640007 0.0993797 0.0923598 0.0348303 0.634401 0.0750286
0.107634 0.17744 0.0853331 0.0669199 0.535737 0.0269368
0.0243593 0.513032 0.0255657 0.0244719 0.211391 0.201181
0.00390219 0.409669 9.9982E-05 9.9982E-05 0.494277 0.0919516
0.0118698 0.383147 0.146885 0.000415234 0.457583 9.9991E-05
9.9982E-05 0.568318 9.9982E-05 0.0215639 0.372207 0.0377114
0.0505364 0.401058 0.140109 9.9982E-05 0.408096 9.9982E-05
0.0767732 0.203382 0.126168 0.0406461 0.523382 0.0296481
0.00999968 0.00453106 0.35382 0.0705939 0.308868 0.252187
0.0849125 0.0095175 0.359021 9.9991E-05 0.437126 0.109323
0.12101 0.0197111 0.128258 0.00949646 0.613689 0.107836
0.126912 0.0716231 0.19518 0.0404147 0.522941 0.0429289
0.059566 0.0990071 0.350897 9.9991E-05 0.470673 0.0197571
0.0346271 9.9991E-05 0.299763 0.0338121 0.603912 0.027786
0.0680084 9.9982E-05 0.404079 9.9982E-05 0.498536 0.0291769
0.0678325 0.0302881 0.185976 0.0315874 0.538927 0.145388
0.0459202 9.9991E-05 0.213112 0.053088 0.613758 0.074021
0.0512184 9.9982E-05 0.283741 9.9982E-05 0.603252 0.0615891
0.0298752 0.0578418 0.298209 9.9991E-05 0.573317 0.0406576
0.06238 9.9991E-05 0.16328 0.0522252 0.603339 0.118676
0.13075 9.9991E-05 0.126844 0.0408618 0.589455 0.11199
9.9982E-05 9.9982E-05 0.239223 0.0749798 0.588057 0.0975406
0.0746317 0.0178584 0.128914 0.0730158 0.556984 0.148596
0.00668982 9.9991E-05 0.173879 0.0394772 0.644917 0.134937
0.0389843 0.00302913 0.269792 0.0884855 0.315444 0.284265
0.0688132 0.0450024 0.130888 0.0278361 0.669902 0.0575587
0.0474306 9.9991E-05 0.110314 0.00934124 0.721917 0.110898
9.9991E-05 0.103814 0.559751 0.0471528 0.236498 0.0526842
9.9991E-05 0.0424238 0.30553 0.0198329 0.209953 0.422161
0.0433688 0.0625124 0.234922 0.0249902 0.530295 0.103912
9.9982E-05 0.0735318 0.329848 9.9982E-05 0.126908 0.469513
9.9982E-05 0.0760264 0.52151 9.9982E-05 0.359072 0.0431917
9.9982E-05 0.0565167 0.442491 9.9982E-05 0.457623 0.0431692
0.040492 0.137475 0.441179 9.9991E-05 0.375379 0.00537493
9.9982E-05 0.0528327 0.531865 9.9982E-05 0.372921 0.0421813
0.0575522 0.0167061 0.221994 0.00547608 0.619448 0.0788233
0.0733361 0.0577256 0.138761 0.0451359 0.586739 0.0983015
0.0383019 0.0323775 0.254233 0.0329605 0.620311 0.0218154
9.9991E-05 0.0279298 0.394201 0.0140368 0.21793 0.345803
0.173218 0.124796 0.0894018 0.0350021 0.481548 0.0960337
0.0580135 0.0190704 0.0696049 0.0290413 0.549502 0.274768
0.116912 0.0965328 0.066459 9.9982E-05 9.9982E-05 0.719896
0.0874197 0.00366025 0.0435141 0.0497223 0.666753 0.148931
0.112058 0.127247 0.0575237 0.0226076 0.303051 0.377513
0.115862 0.0216625 0.0441277 0.0148386 0.565206 0.238304
0.108885 0.0290517 0.0790924 9.9991E-05 0.288683 0.494188
0.0917026 0.0571916 0.133265 9.9991E-05 0.103534 0.614207
0.0437119 0.0775452 0.091647 0.0245113 0.407031 0.355554
0.114761 0.114613 0.110876 0.0584768 0.472802 0.128471
0.171894 0.0700726 0.0940312 0.0483604 0.468418 0.147224
0.0727216 0.170688 0.100435 0.0570427 0.103854 0.49526
0.0895006 0.0216856 0.128067 0.0382766 0.595905 0.126565
9.9982E-05 0.0663782 0.116782 9.9982E-05 0.350568 0.466072
9.9982E-05 0.0907442 0.0870959 9.9982E-05 0.44734 0.37462
0.106713 0.0812904 0.0868231 0.0730063 0.530783 0.121384
0.369422 9.9991E-05 0.0203135 0.261214 0.123574 0.225376
0.501827 9.9973E-05 9.9973E-05 0.115054 9.9973E-05 0.382819
0.458157 9.9973E-05 9.9973E-05 0.131409 9.9973E-05 0.410134
0.376076 9.9982E-05 9.9982E-05 0.278425 0.051638 0.293661
9.9982E-05 0.0589348 0.0108269 9.9982E-05 0.637894 0.292144
0.0543355 0.0362899 0.0639951 0.0501709 0.663286 0.131922
9.9964E-05 9.9964E-05 9.9964E-05 0.670053 0.329547 9.9964E-05
0.0310407 0.0586798 0.0442304 0.467033 0.398916 9.9991E-05
0.0669533 0.0355415 0.0977525 0.3889 0.410752 9.9991E-05
9.9991E-05 0.0394608 0.0393363 0.0144497 0.297003 0.60965
0.09697 0.0684805 0.0561863 0.0757869 0.503393 0.199183
9.9973E-05 9.9973E-05 0.087704 9.9973E-05 0.291675 0.620321
0.0823068 0.0511507 9.9982E-05 9.9982E-05 0.589255 0.277088
0.0508286 0.000665236 0.0225139 0.0263642 0.482949 0.416679
0.0238617 0.0109119 9.9991E-05 0.00997123 0.615381 0.339774
9.9973E-05 9.9973E-05 0.0205906 9.9973E-05 0.271754 0.707356
0.0895867 0.0216069 9.9982E-05 9.9982E-05 0.687507 0.201099
0.126806 0.0868754 0.0297946 9.9991E-05 0.580745 0.17568
9.9964E-05 0.00773725 9.9964E-05 0.991863 9.9964E-05 9.9964E-05
9.9973E-05 9.9973E-05 0.0242673 0.904967 0.0704657 9.9973E-05
0.0676476 0.0406677 0.0456598 0.52783 0.318094 9.9991E-05
9.9973E-05 9.9973E-05 0.0168332 0.616372 0.366495 9.9973E-05
9.9982E-05 0.00962364 0.0276998 0.812466 0.150011 9.9982E-05
9.996E-05 9.996E-05 9.996E-05 0.9995 9.996E-05 9.996E-05
9.9964E-05 9.9964E-05 0.0292716 0.970329 9.9964E-05 9.9964E-05
9.9964E-05 9.9964E-05 9.9964E-05 0.852552 0.147048 9.9964E-05
0.00409323 0.000933178 0.0531048 0.941669 9.9982E-05 9.9982E-05
9.996E-05 9.996E-05 9.996E-05 0.9995 9.996E-05 9.996E-05
9.996E-05 9.996E-05 9.996E-05 0.9995 9.996E-05 9.996E-05
9.9982E-05 0.00999072 0.0176454 0.765642 0.206522 9.9982E-05
0.0445326 0.0199039 0.0459773 0.797028 0.0924582 9.9991E-05
9.996E-05 9.996E-05 9.996E-05 0.9995 9.996E-05 9.996E-05
0.0816397 0.0702188 0.084482 0.375278 0.363225 0.0251572
0.0442892 0.0300862 0.0178116 0.677632 0.230081 9.9991E-05
0.0420733 0.00609915 0.00231985 0.812715 0.136693 9.9991E-05
9.9982E-05 0.0049256 0.00344152 0.887973 0.10346 9.9982E-05
9.996E-05 9.996E-05 9.996E-05 0.9995 9.996E-05 9.996E-05
0.00249184 9.9973E-05 9.9973E-05 0.968026 0.0291822 9.9973E-05
9.996E-05 9.996E-05 9.996E-05 0.9995 9.996E-05 9.996E-05
0.0693035 0.0328099 0.00895641 0.622566 0.256841 0.00952353
9.9964E-05 0.0108979 9.9964E-05 0.988702 9.9964E-05 9.9964E-05
0.30945 9.9973E-05 9.9973E-05 0.052296 9.9973E-05 0.637954
0.219903 9.9991E-05 0.0745972 0.090647 0.354044 0.260709
0.186567 9.9982E-05 9.9982E-05 0.0361595 0.469267 0.307807
0.204551 9.9982E-05 9.9982E-05 0.119928 0.172871 0.502449
0.169599 0.0883323 0.032327 0.0982087 0.435527 0.176007
0.243172 9.9982E-05 9.9982E-05 0.126025 0.101 0.529604
0.195627 9.9991E-05 0.0199129 0.0995564 0.472346 0.212458
0.181553 9.9982E-05 9.9982E-05 0.11405 0.317315 0.386882
0.191856 9.9982E-05 9.9982E-05 0.0936644 0.495452 0.218827
0.200262 9.9982E-05 9.9982E-05 0.128391 0.352199 0.318949
0.163853 0.05983 9.9991E-05 0.124981 0.441107 0.210129
0.914025 0.00765264 0.012584 9.9991E-05 0.0495493 0.0160892
0.900144 0.00669405 9.9982E-05 0.0781226 9.9982E-05 0.0148391
0.967919 9.9973E-05 0.0228818 9.9973E-05 0.00889971 9.9973E-05
0.960977 0.0204813 9.9973E-05 9.9973E-05 9.9973E-05 0.0182415
0.914618 9.9973E-05 0.0369061 9.9973E-05 0.0481765 9.9973E-05
0.980159 9.9973E-05 9.9973E-05 0.00482953 0.0147119 9.9973E-05
0.930558 9.9973E-05 9.9973E-05 0.0189592 0.0501828 9.9973E-05
0.939029 9.9973E-05 0.0556095 9.9973E-05 0.00506126 9.9973E-05
0.883559 0.020298 0.0532672 0.0389394 9.9991E-05 0.00383638
0.90165 9.9982E-05 0.0362194 0.0324384 9.9982E-05 0.0294922
0.59 0.0561392 0.305552 0.00347129 9.9991E-05 0.0447371
0.634015 9.9973E-05 0.338343 9.9973E-05 9.9973E-05 0.0273418
0.534726 0.0629108 0.338039 9.9982E-05 9.9982E-05 0.0641239
0.444297 0.0197719 0.416563 9.9982E-05 9.9982E-05 0.119168
0.073155 0.282165 0.180708 0.00419214 0.426635 0.0331449
0.0600371 0.371732 0.0875837 0.0251544 0.445828 0.00966523
0.0437692 0.201242 0.198334 0.0168371 0.539717 9.9991E-05
0.00937992 0.277805 0.31947 9.9991E-05 0.369737 0.0235088
9.9991E-05 0.0803813 0.570259 0.00874106 0.233095 0.107424
0.0291649 0.182734 0.0988757 0.0427264 0.628447 0.0180512
9.9991E-05 0.245791 0.142074 0.000248751 0.60955 0.00223576
0.0249053 0.300964 0.0185934 0.00395087 0.53391 0.117676
9.9973E-05 0.520315 9.9973E-05 9.9973E-05 0.375683 0.103702
0.0807832 0.094787 0.0511009 9.9991E-05 0.632388 0.14084
0.0226439 0.488481 0.0809357 9.9982E-05 0.40774 9.9982E-05
9.9964E-05 0.730824 9.9964E-05 9.9964E-05 9.9964E-05 0.268776
0.0367013 0.163821 0.149819 0.0272634 0.578944 0.0434517
9.9982E-05 0.622482 9.9982E-05 0.000295164 0.149315 0.227708
0.0487492 0.386333 0.0188437 9.9991E-05 0.500813 0.0451614
9.9973E-05 0.643449 0.227996 9.9973E-05 0.128255 9.9973E-05
0.143452 9.9982E-05 0.797473 9.9982E-05 0.00734406 0.0515309
0.115045 9.9982E-05 0.769183 9.9982E-05 0.068891 0.0466806
0.112672 0.0310025 0.7795 9.9991E-05 0.0414553 0.0352705
0.117708 9.9973E-05 0.810624 9.9973E-05 9.9973E-05 0.0713675
0.0437579 9.9991E-05 0.794704 0.000571653 0.10598 0.0548867
0.0922937 9.9991E-05 0.757737 0.0232341 0.104978 0.0216572
0.874693 0.0314869 0.0169935 0.0568249 0.0199017 9.9991E-05
0.835921 0.00549936 0.0511037 0.00990317 0.0974727 9.9991E-05
0.772867 0.00128981 0.0272705 0.0223266 0.148685 0.0275617
0.849718 0.0693536 0.00911817 0.0580153 0.0136953 9.9991E-05
0.77922 9.9991E-05 0.0101234 0.0389752 0.136802 0.0347794
0.387396 9.9973E-05 0.552194 9.9973E-05 9.9973E-05 0.0601095
0.445895 9.9973E-05 0.501169 9.9973E-05 9.9973E-05 0.0526363
0.438259 9.9991E-05 0.513797 0.0209083 0.0162536 0.0106821
0.846996 0.0163904 0.0172175 9.9982E-05 0.119196 9.9982E-05
0.417 0.0489109 0.506501 9.9982E-05 9.9982E-05 0.0273887
0.275816 9.9982E-05 9.9982E-05 0.291499 0.296098 0.136387
0.125543 9.9991E-05 0.031154 0.20578 0.56561 0.0718135
0.203549 9.9973E-05 9.9973E-05 0.235749 0.560402 9.9973E-05
0.290263 9.9982E-05 9.9982E-05 0.250406 0.331961 0.127171
0.192386 0.0527352 0.0296348 0.0988114 0.520354 0.106078
0.433085 9.9973E-05 9.9973E-05 0.312705 9.9973E-05 0.25391
0.000777192 0.0381901 0.409966 9.9991E-05 0.465213 0.0857532
9.9982E-05 0.0446737 0.199577 9.9982E-05 0.484503 0.271047
9.9982E-05 0.128089 0.521479 9.9982E-05 0.294447 0.0557854
9.9982E-05 0.049719 0.146217 9.9982E-05 0.561368 0.242496
9.9973E-05 0.0382756 0.341168 9.9973E-05 9.9973E-05 0.620256
0.0677839 9.9991E-05 0.184404 0.0444025 0.553464 0.149845
0.0129156 0.0167563 0.145668 9.9991E-05 0.624489 0.200071
0.0227943 0.0474868 0.50451 9.9991E-05 0.368405 0.0567045
0.0920692 0.0595752 0.194893 9.9991E-05 0.590757 0.0626058
9.9982E-05 0.129364 0.300268 9.9982E-05 0.152806 0.417361
0.000450308 0.0682246 0.17399 0.0389312 0.578352 0.140052
9.9991E-05 0.0852496 0.332343 0.00456334 0.516427 0.0613171
0.0677678 0.0367861 0.105508 0.153221 0.438054 0.198663
9.9991E-05 0.102016 0.271313 0.0189834 0.335171 0.272416
9.9991E-05 0.105051 0.18192 0.0220514 0.431038 0.259839
9.9991E-05 0.0252537 0.219889 0.00671964 0.618148 0.12989
9.9982E-05 0.0431104 0.173567 9.9982E-05 0.581442 0.20168
0.0186483 0.0395365 0.15849 0.0721977 0.62086 0.0902678
0.0720655 0.0792478 0.171165 0.0727781 0.554827 0.0499161
0.0867827 0.0572169 0.203371 0.0115516 0.579723 0.0613553
0.837452 9.9973E-05 9.9973E-05 0.0409486 0.1213 9.9973E-05
0.881232 9.9964E-05 9.9964E-05 9.9964E-05 0.118368 9.9964E-05
0.902224 0.00279355 0.00696308 9.9991E-05 0.0571424 0.0307771
0.916181 0.035379 0.00571477 0.0355873 0.00703795 9.9991E-05
0.906574 9.9964E-05 9.9964E-05 9.9964E-05 0.0930266 9.9964E-05
0.0280138 0.0861325 0.610434 0.0567258 0.113042 0.105651
0.0440365 0.0733254 0.202072 0.0469063 0.530117 0.103542
0.234988 9.9982E-05 9.9982E-05 0.20369 0.423506 0.137615
0.0348608 0.0206981 0.238329 0.0799757 0.60617 0.0199672
0.0071031 0.102096 0.362263 0.0328141 0.495623 9.9991E-05
9.9991E-05 0.0100459 0.296311 0.0280269 0.307165 0.358351
0.0573658 0.0678704 0.781607 0.0169009 0.0112025 0.0650537
0.0604488 0.0703962 0.387625 0.0247684 0.436187 0.0205746
0.0163497 0.0316442 0.57969 0.0469867 0.236214 0.0891153
0.0707851 0.0783962 0.139572 9.9991E-05 0.538317 0.17283
0.0633922 0.00537102 0.655303 9.9991E-05 0.182131 0.0937026
0.0565138 0.0476041 0.261995 0.0402572 0.585871 0.00775922
0.0484955 0.0980757 0.57299 0.00613768 0.191334 0.0829669
9.9991E-05 0.0909731 0.272452 0.0970291 0.261021 0.278425
0.079556 9.9991E-05 0.0745718 0.00914792 0.590271 0.246353
9.9973E-05 9.9973E-05 0.119707 9.9973E-05 0.316772 0.563221
0.0655542 0.0452787 0.00336297 9.9991E-05 0.54702 0.338685
0.106474 0.0176232 0.0310569 0.00736271 0.594288 0.243195
9.9982E-05 0.0620786 0.0608529 9.9982E-05 0.284565 0.592303
0.0602879 0.110008 0.063389 0.0472426 0.520934 0.198139
0.0507522 0.0326101 0.0634474 9.9991E-05 0.515996 0.337095
9.9982E-05 0.0710078 0.028501 9.9982E-05 0.18516 0.715131
0.0033987 0.0575689 0.00462849 9.9991E-05 0.219908 0.714396
0.0207405 0.00175775 0.0513857 9.9991E-05 0.464739 0.461277
9.9982E-05 0.125794 0.0883313 9.9982E-05 0.0936018 0.692073
9.9982E-05 0.043807 0.0882928 9.9982E-05 0.47122 0.39648
9.9982E-05 0.112666 0.694642 0.0244566 0.168036 9.9982E-05
9.9991E-05 0.0680381 0.357899 0.0983431 0.18731 0.288309
0.0247216 0.0807084 0.45677 0.0701999 0.3675 9.9991E-05
0.0712315 0.0468784 0.265676 0.0362584 0.579855 9.9991E-05
9.9982E-05 0.145363 0.576236 0.0191838 0.259017 9.9982E-05
0.0723933 0.0486419 0.194 0.0424667 0.520183 0.122315
0.033611 0.071596 0.233189 0.0623656 0.584268 0.0149697
0.00275164 0.0877803 0.25003 0.0429298 0.514358 0.10215
9.9991E-05 0.0662362 0.322955 0.0776726 0.480954 0.0520817
0.0213806 0.0724471 0.386043 0.0321756 0.487579 0.000374854
9.9991E-05 0.134313 0.532111 0.0214749 0.27355 0.0384508
9.9991E-05 0.078538 0.433552 0.0189655 0.435412 0.0334325
9.9991E-05 0.0527723 0.227411 0.0125341 0.590723 0.116459
0.0307637 9.9991E-05 0.174546 0.0665326 0.641802 0.0862557
0.0394253 0.105946 0.275817 0.121553 0.291116 0.166143
9.9991E-05 0.0718155 0.241124 0.114337 0.445068 0.127556
0.00569953 0.0597046 0.471093 0.0552906 0.393119 0.0150925
9.9991E-05 0.0634292 0.271057 0.0436524 0.545031 0.0767306
0.0131361 0.0974185 0.301741 0.108098 0.452178 0.0274287
0.0987623 0.0434135 0.165632 0.0462319 0.568204 0.0777564
0.34139 9.9991E-05 0.0599276 0.111741 0.460633 0.0262087
0.0885428 0.00308987 0.0928582 0.176179 0.525711 0.113619
0.190596 0.0800966 0.00849004 0.129766 0.481518 0.109534
0.0851813 9.9991E-05 0.0806006 0.138188 0.561018 0.134913
0.178199 0.0435938 0.0292364 0.208936 0.435272 0.104764
9.9973E-05 9.9973E-05 0.216193 9.9973E-05 0.514237 0.269269
0.134141 0.0671257 0.0607674 0.146837 0.457209 0.133919
0.21167 0.0246956 0.0908412 0.201791 0.0574942 0.413508
0.12986 9.9991E-05 0.0843865 0.0928344 0.598689 0.0941297
0.164934 0.0344032 0.0374218 0.189036 0.499756 0.0744497
0.0801123 0.0478413 0.0630197 0.150033 0.542626 0.116367
0.182262 0.0176428 0.0738621 0.114382 0.316249 0.295602
0.202848 9.9991E-05 0.0911578 0.0994267 0.585475 0.0209917
0.166991 9.9991E-05 0.0228896 0.155316 0.517591 0.137113
0.478918 9.9973E-05 9.9973E-05 0.128948 9.9973E-05 0.391835
0.151305 0.0256325 0.105485 0.18257 0.520294 0.014713
0.166763 0.0253441 9.9991E-05 0.1865 0.553345 0.0679478
0.105703 0.0304679 0.102061 0.0933984 0.564831 0.10354
0.149644 9.9982E-05 9.9982E-05 0.230819 0.536977 0.0823604
0.21542 0.0385293 0.0288334 0.120364 0.540837 0.0560158
0.0386467 0.147702 9.9982E-05 9.9982E-05 0.461699 0.351753
0.0617525 0.146802 0.0567509 0.043935 0.507244 0.183516
9.9982E-05 0.155236 0.0782774 9.9982E-05 0.0132863 0.753
9.9982E-05 0.0831144 0.0757269 9.9982E-05 0.0571163 0.783842
0.0972974 0.0277989 0.050833 0.0108431 0.543556 0.269672
0.144562 9.9982E-05 9.9982E-05 0.301889 0.367444 0.185905
0.175768 9.9982E-05 9.9982E-05 0.235978 0.380239 0.207815
0.158449 9.9982E-05 9.9982E-05 0.311056 0.181558 0.348737
0.149343 9.9982E-05 9.9982E-05 0.242707 0.378447 0.229303
0.077996 9.9982E-05 9.9982E-05 0.0412194 0.180205 0.70038
0.0700748 0.0110447 9.9991E-05 0.0349647 0.257111 0.626705
9.9982E-05 0.0364628 9.9982E-05 0.0564699 0.624294 0.282574
0.0556947 9.9982E-05 9.9982E-05 0.1119 0.446009 0.386196
0.026455 0.0386272 9.9991E-05 0.0375976 0.334602 0.562618
0.047785 0.00078421 0.0607356 0.0224875 0.600158 0.268049
0.0397579 0.0111984 0.0248157 0.0519088 0.614782 0.257537
0.0697532 0.101217 0.00996422 0.0572259 0.542477 0.219363
9.9982E-05 0.0510816 0.00287556 9.9982E-05 0.41354 0.532303
9.9982E-05 0.0521699 0.080871 9.9982E-05 0.458116 0.408643
0.0160925 0.0485102 0.0450147 9.9991E-05 0.618178 0.272105
0.017476 0.00798344 0.120651 9.9991E-05 0.520545 0.333245
0.0746114 0.0386897 0.0658849 0.0395696 0.520039 0.261205
9.9982E-05 0.0655109 0.042048 9.9982E-05 0.502989 0.389252
9.9982E-05 0.0638589 0.0283642 9.9982E-05 0.286376 0.621201
9.9973E-05 0.0191669 9.9973E-05 9.9973E-05 0.720747 0.259786
9.9982E-05 0.0816013 0.108004 9.9982E-05 0.238547 0.571648
0.00765375 0.0176849 0.0218997 9.9991E-05 0.528881 0.42378
0.0916648 0.072857 0.0492646 9.9991E-05 0.533799 0.252314
0.0241955 0.0786693 0.0761555 0.0243663 0.571306 0.225307
0.187056 0.100131 0.0396257 0.140015 0.449762 0.083411
0.184269 0.0464186 0.0940097 0.128343 0.426229 0.120731
0.20887 9.9982E-05 9.9982E-05 0.262905 0.310312 0.217713
0.218856 9.9991E-05 0.0413377 0.23382 0.309951 0.195935
0.191737 9.9991E-05 0.0695603 0.169524 0.458515 0.110564
0.15747 9.9991E-05 0.00529685 0.0865365 0.496741 0.253856
0.137505 0.02304 0.00257545 0.157356 0.00282651 0.676697
0.102951 9.9982E-05 9.9982E-05 0.174171 0.578262 0.144417
0.334446 9.9973E-05 9.9973E-05 0.102548 9.9973E-05 0.562706
0.0613658 9.9982E-05 9.9982E-05 0.132561 0.565194 0.240679
9.9973E-05 0.10141 9.9973E-05 9.9973E-05 0.199694 0.698596
9.9982E-05 0.203594 0.0219176 9.9982E-05 0.0508745 0.723414
9.9982E-05 0.0703908 0.0384138 9.9982E-05 0.526446 0.364549
9.9973E-05 0.0456304 9.9973E-05 9.9973E-05 0.6667 0.28737
9.9982E-05 0.0472937 0.0172749 9.9982E-05 0.499132 0.436099
9.9973E-05 0.109389 9.9973E-05 9.9973E-05 0.61131 0.279001
9.9973E-05 0.0519872 9.9973E-05 9.9973E-05 0.623324 0.324389
0.87825 0.0193832 0.0656977 9.9991E-05 0.02494 0.0116295
0.757913 0.0106059 0.0742424 0.0714292 0.0198776 0.0659324
0.935814 9.9991E-05 0.0331772 0.019405 0.00494468 0.00655941
0.952168 9.9973E-05 9.9973E-05 9.9973E-05 0.0432466 0.00428576
0.0172559 0.26197 0.0127692 0.0700383 0.519243 0.118723
0.0787201 0.304297 0.0952737 9.9982E-05 0.521509 9.9982E-05
0.0268399 0.443628 0.0307857 9.9982E-05 0.498546 9.9982E-05
0.103913 0.262099 0.0449718 9.9982E-05 0.588817 9.9982E-05
0.0941241 0.134042 0.057207 0.00414165 0.57439 0.136095
0.0482127 0.618271 0.0953037 9.9982E-05 0.238012 9.9982E-05
0.0338378 0.339986 9.9973E-05 9.9973E-05 0.625877 9.9973E-05
0.00613324 0.571386 9.9982E-05 9.9982E-05 0.239752 0.182529
0.29025 0.00706186 0.105737 0.165496 0.402911 0.0285453
9.9991E-05 0.398642 0.00970919 0.0238063 0.397191 0.170551
0.0194053 0.558635 0.0864017 9.9982E-05 0.335358 9.9982E-05
9.9991E-05 0.363625 0.0256933 0.00825579 0.496885 0.105441
0.0182626 0.435013 0.124542 0.0219723 0.400111 9.9991E-05
9.9973E-05 0.327872 9.9973E-05 9.9973E-05 0.582551 0.0892766
0.0851366 0.379625 0.0174238 9.9982E-05 0.517615 9.9982E-05
9.9964E-05 0.816062 9.9964E-05 9.9964E-05 9.9964E-05 0.183538
9.9982E-05 0.540103 9.9982E-05 0.0167228 0.292209 0.150766
9.9982E-05 0.578079 9.9982E-05 0.0345995 0.30205 0.0850717
9.9964E-05 0.716899 9.9964E-05 9.9964E-05 9.9964E-05 0.282701
0.0592095 0.452905 0.109678 9.9982E-05 0.378008 9.9982E-05
9.9973E-05 0.636206 9.9973E-05 9.9973E-05 0.0394875 0.324007
9.9964E-05 0.73951 9.9964E-05 9.9964E-05 9.9964E-05 0.26009
0.0413546 0.284624 9.9991E-05 0.0316283 0.557211 0.0850828
0.0347862 0.649062 0.158518 9.9982E-05 0.157433 9.9982E-05
0.000998242 0.462628 0.0648383 0.0297715 0.428018 0.0137466
0.133568 0.183717 0.00363993 0.0457249 0.548595 0.0847557
0.0411299 0.408387 0.0470138 0.00149458 0.501875 9.9991E-05
9.9982E-05 0.00780857 0.293623 9.9982E-05 0.41495 0.283418
0.0270056 0.334633 0.0745179 0.0222334 0.541511 9.9991E-05
0.032992 0.390172 0.0748534 9.9982E-05 0.501782 9.9982E-05
9.9973E-05 0.573564 9.9973E-05 9.9973E-05 0.29127 0.134866
0.146046 0.282106 0.0689092 0.0237362 0.479102 9.9991E-05
0.684828 9.9973E-05 0.26393 9.9973E-05 9.9973E-05 0.0509426
0.761245 0.0206131 0.177066 9.9982E-05 9.9982E-05 0.0408758
0.845623 9.9964E-05 0.153977 9.9964E-05 9.9964E-05 9.9964E-05
0.8233 9.9973E-05 0.153083 9.9973E-05 9.9973E-05 0.0233169
0.742808 0.0269356 0.183134 9.9991E-05 0.0258187 0.0212032
0.0621866 0.705086 0.123651 0.00502007 0.103957 9.9991E-05
0.0374318 0.717618 0.12448 9.9982E-05 0.12027 9.9982E-05
9.9982E-05 0.734706 9.9982E-05 0.0255335 0.117715 0.121845
0.12128 0.156497 0.00844925 0.0210848 0.587676 0.105013
0.107821 0.182771 0.0231068 0.0684385 0.543348 0.0745147
0.024041 0.581999 9.9991E-05 0.0231119 0.246694 0.124054
0.0281039 0.286424 9.9991E-05 0.075777 0.548292 0.0613039
0.0351721 0.415593 9.9991E-05 0.0765128 0.351401 0.121221
0.0275868 0.363077 0.0645129 0.0101045 0.517024 0.0176953
0.0470403 0.347986 9.9982E-05 0.0707065 0.534067 9.9982E-05
9.9982E-05 0.644921 0.159443 0.00779631 0.18764 9.9982E-05
9.9973E-05 0.622701 0.108514 9.9973E-05 0.268485 9.9973E-05
0.0328107 0.594659 0.101537 9.9982E-05 0.270794 9.9982E-05
0.158207 0.0270395 0.0145528 9.9991E-05 0.644125 0.155976
0.0218395 0.50479 0.102042 9.9982E-05 0.371129 9.9982E-05
0.0525303 0.521984 0.0773924 0.0121473 0.335846 9.9991E-05
0.108047 9.9991E-05 0.0199429 0.380383 0.412844 0.0786834
0.139737 0.0182388 9.9991E-05 0.464841 0.307439 0.0696448
0.117253 9.9982E-05 9.9982E-05 0.413244 0.441928 0.0273747
0.157207 9.9982E-05 9.9982E-05 0.474219 0.304851 0.0635239
0.114208 0.0312454 0.00769398 0.323641 0.437544 0.0856677
0.0870431 0.211056 9.9982E-05 9.9982E-05 0.501488 0.200213
0.249507 9.9973E-05 9.9973E-05 0.653731 9.9973E-05 0.0964619
0.17977 0.00227826 9.9991E-05 0.446704 0.357571 0.013576
0.196072 0.0341343 9.9991E-05 0.153963 0.343592 0.272139
0.139528 0.0300013 0.0704803 9.9991E-05 0.562208 0.197683
0.124631 0.0208528 0.0724433 0.00987501 0.5231 0.249098
0.160149 0.0489882 0.0434171 0.00925879 0.590372 0.147815
0.139175 0.00892189 0.0188726 0.0122393 0.646204 0.174587
0.190682 9.9973E-05 9.9973E-05 0.437288 0.37173 9.9973E-05
0.122138 0.022901 0.0439331 0.356161 0.407174 0.0476925
0.0963839 9.9973E-05 9.9973E-05 0.516772 0.386544 9.9973E-05
0.180149 0.019976 0.0518979 0.251073 0.446839 0.0500651
0.164023 0.0476501 0.0444875 0.473667 0.24037 0.0298021
0.1299 9.9991E-05 0.0225172 0.325697 0.443654 0.078131
0.14168 0.009115 0.0110587 0.538651 0.236452 0.0630433
0.0994046 0.0389229 0.0543211 0.328731 0.414181 0.0644397
0.135334 0.0551672 9.9991E-05 0.00172287 0.484371 0.323305
0.179912 0.0341918 0.0414179 0.324915 0.391549 0.0280135
0.20694 0.0101879 9.9991E-05 0.586627 0.125164 0.0709814
0.132467 0.0644005 0.0305518 0.341246 0.387159 0.0441749
0.191867 0.110135 0.129764 9.9991E-05 0.293965 0.274169
0.064116 9.9973E-05 9.9973E-05 9.9973E-05 0.646796 0.288789
0.1522 9.9991E-05 0.0158612 0.331574 0.413075 0.0871893
0.165289 0.020382 0.108646 9.9991E-05 0.524325 0.181258
0.17483 9.9982E-05 0.0759682 9.9982E-05 0.519946 0.229056
0.215243 9.9991E-05 0.0146113 0.190475 0.382283 0.197288
0.215377 0.0257857 0.00799414 0.237457 0.372644 0.140741
0.124099 0.0552387 0.0818644 0.0538577 0.582033 0.102907
0.153619 9.9991E-05 0.0462905 0.261031 0.486362 0.0525969
0.106484 0.0295235 0.0297493 0.416343 0.4178 9.9991E-05
0.174981 9.9982E-05 9.9982E-05 0.634954 0.119797 0.0700677
0.104824 9.9991E-05 0.0569786 0.0442656 0.659147 0.134685
0.161101 0.0749711 0.00385765 9.9991E-05 0.471724 0.288246
0.119243 9.9973E-05 9.9973E-05 9.9973E-05 0.167491 0.712966
0.192939 0.0254861 0.0335013 9.9991E-05 0.616717 0.131256
0.104314 9.9982E-05 0.120843 9.9982E-05 0.459488 0.315155
0.191808 0.0417181 0.0331525 0.149724 0.476106 0.107491
0.143349 0.0903741 0.0434046 0.0974109 0.473484 0.151978
0.373879 9.9973E-05 9.9973E-05 0.113068 9.9973E-05 0.512752
0.324 9.9973E-05 9.9973E-05 0.0740645 9.9973E-05 0.601635
0.210008 0.0133246 9.9991E-05 0.0517621 0.329975 0.39483
0.339225 9.9982E-05 9.9982E-05 0.173327 0.0329713 0.454276
0.478858 9.9973E-05 9.9973E-05 0.1823 9.9973E-05 0.338541
0.175445 0.0135474 9.9991E-05 0.0811839 0.400501 0.329223
0.243807 0.0219051 0.0205029 0.109219 0.388536 0.21603
0.311863 9.9982E-05 9.9982E-05 0.165658 0.11625 0.406029
0.296581 9.9982E-05 9.9982E-05 0.106832 0.0912974 0.50509
0.192027 0.0404802 9.9991E-05 0.103088 0.496307 0.167999
0.237421 9.9982E-05 9.9982E-05 0.123942 0.168101 0.470335
0.372401 9.9973E-05 9.9973E-05 0.0507949 9.9973E-05 0.576504
0.131431 0.0453219 0.0945071 0.129123 0.498473 0.101145
0.206775 9.9991E-05 0.0379171 0.207829 0.275643 0.271737
0.325169 0.0453887 9.9991E-05 0.173675 0.414065 0.0416027
0.16289 9.9973E-05 9.9973E-05 0.19861 0.638201 9.9973E-05
0.176318 9.9982E-05 9.9982E-05 0.166531 0.552099 0.104852
0.179017 0.0143758 9.9991E-05 0.216592 0.49698 0.0929347
0.368716 0.0272611 0.065928 0.22128 0.297931 0.0188838
0.22318 9.9991E-05 0.0496839 0.158282 0.51133 0.0574246
0.248659 0.0342981 9.9991E-05 0.193457 0.487864 0.0356215
0.238641 0.0123077 9.9991E-05 0.249583 0.271109 0.22826
0.230201 0.281975 0.0782921 0.11043 0.289015 0.0100866
0.254488 0.0818981 0.023318 0.121218 0.485415 0.0336629
0.168472 9.9991E-05 0.00252812 0.146498 0.533806 0.148596
0.131006 0.126173 0.0353507 0.121986 0.585384 9.9991E-05
0.280883 9.9991E-05 0.0101417 0.200431 0.423862 0.0845825
0.252863 9.9982E-05 9.9982E-05 0.133985 0.540472 0.0724804
0.353062 9.9982E-05 9.9982E-05 0.304419 0.0672992 0.27502
0.222082 0.0597639 9.9991E-05 0.136946 0.528168 0.0529394
0.314858 9.9982E-05 9.9982E-05 0.276129 0.205812 0.203001
0.804637 0.00760628 0.185212 9.9982E-05 9.9982E-05 0.00234427
0.0610528 9.9982E-05 0.76988 0.0173289 0.151538 9.9982E-05
9.996E-05 9.996E-05 0.9995 9.996E-05 9.996E-05 9.996E-05
9.996E-05 9.996E-05 0.9995 9.996E-05 9.996E-05 9.996E-05
9.9964E-05 9.9964E-05 0.970219 9.9964E-05 0.0293807 9.9964E-05
9.9964E-05 9.9964E-05 0.980602 0.0189982 9.9964E-05 9.9964E-05
9.9964E-05 9.9964E-05 0.954128 9.9964E-05 0.045472 9.9964E-05
9.996E-05 9.996E-05 0.9995 9.996E-05 9.996E-05 9.996E-05
0.140535 9.9964E-05 0.859065 9.9964E-05 9.9964E-05 9.9964E-05
0.924461 0.0357665 0.0251494 9.9982E-05 0.0144227 9.9982E-05
0.799052 9.9973E-05 0.147162 9.9973E-05 0.0534863 9.9973E-05
0.881438 0.0197812 0.0397838 0.00672157 0.0276875 0.0245875
0.861156 9.9982E-05 0.0769577 9.9982E-05 0.0307818 0.0309044
0.869346 0.00735089 0.0999496 0.0188897 0.00436388 9.9991E-05
0.902906 9.9973E-05 0.0460682 9.9973E-05 0.0507254 9.9973E-05
0.758046 9.9991E-05 0.00933047 0.0949112 0.110933 0.02668
0.888321 9.9964E-05 9.9964E-05 9.9964E-05 0.111279 9.9964E-05
0.733627 9.9991E-05 0.0555094 0.0501238 0.106761 0.0538787
0.918488 9.9973E-05 9.9973E-05 0.0520523 0.0291601 9.9973E-05
0.988684 0.00191809 9.9973E-05 9.9973E-05 9.9973E-05 0.00909754
0.891897 0.0199358 0.012834 0.0178407 0.0573926 9.9991E-05
0.99787 9.9964E-05 0.00173062 9.9964E-05 9.9964E-05 9.9964E-05
0.95433 9.9973E-05 9.9973E-05 0.000995046 0.0443751 9.9973E-05
0.907888 0.00804974 9.9982E-05 0.025118 0.0587442 9.9982E-05
0.924974 9.9973E-05 9.9973E-05 0.0119791 0.0627465 9.9973E-05
0.871116 9.9973E-05 9.9973E-05 0.0696292 0.0589549 9.9973E-05
0.843748 9.9973E-05 9.9973E-05 0.0300369 0.125916 9.9973E-05
0.826778 9.9973E-05 9.9973E-05 0.0765462 0.0963763 9.9973E-05
0.152119 0.058938 0.0910206 9.9991E-05 0.413988 0.283835
0.0813568 0.028978 0.0236704 9.9991E-05 0.699747 0.166148
0.106843 0.061685 0.0868177 0.0309381 0.603408 0.110308
0.097451 0.0770588 9.9982E-05 9.9982E-05 0.127281 0.698009
0.117189 0.0434565 0.119021 9.9991E-05 0.484852 0.235381
0.115743 9.9982E-05 9.9982E-05 0.0151679 0.105231 0.763658
0.0779099 9.9982E-05 9.9982E-05 0.0499863 0.624837 0.247066
0.170199 0.138263 0.109392 9.9991E-05 0.389156 0.19289
0.165202 0.0143205 0.076539 9.9991E-05 0.517973 0.225865
0.0829643 0.420915 0.0296298 9.9982E-05 0.466291 9.9982E-05
0.130105 0.0626074 0.120714 9.9991E-05 0.464444 0.22203
0.0779694 0.0162494 0.0431105 9.9991E-05 0.696283 0.166288
0.0983578 0.0394337 0.083454 9.9991E-05 0.544747 0.233908
9.9991E-05 0.117923 0.473284 0.0709941 0.0158894 0.32181
0.102838 9.9982E-05 0.0252517 9.9982E-05 0.0251252 0.846585
0.110108 9.9973E-05 9.9973E-05 9.9973E-05 0.172786 0.716806
0.136184 0.0277034 0.0591658 0.0244086 0.594417 0.158122
0.0735117 0.00657616 9.9991E-05 0.0367919 0.485336 0.397685
0.0842642 9.9973E-05 9.9973E-05 9.9973E-05 0.625337 0.290098
0.0875031 0.00708186 0.0582085 0.0400088 0.62934 0.177857
0.268093 0.0353557 0.0266815 0.126876 0.431769 0.111224
0.214314 0.00748673 0.0388055 0.146368 0.576603 0.0164224
0.371241 0.0407932 0.212224 0.157849 0.170192 0.0477011
0.17941 0.0135444 0.158633 0.0370438 0.590695 0.0206731
0.227303 0.00659285 0.139751 0.0954488 0.442425 0.0884795
0.400206 9.9973E-05 9.9973E-05 0.171123 9.9973E-05 0.428371
0.290241 9.9982E-05 9.9982E-05 0.182526 0.30074 0.226293
0.375885 9.9991E-05 0.052586 0.134659 0.335604 0.101166
0.345852 0.00776441 0.119694 0.0715692 0.4184 0.0367207
0.158929 0.0535045 0.0215294 0.126306 0.519014 0.120717
0.205786 0.0985432 0.010841 0.139568 0.508639 0.0366223
0.14858 9.9991E-05 0.0554673 0.0661777 0.628007 0.101668
0.168832 0.0226899 0.0301371 0.176727 0.394462 0.207152
0.507133 0.0267436 0.0541646 0.0736406 0.256297 0.0820215
