0.831246 9.9964E-05 9.9964E-05 0.0481313 0.00795149 9.9964E-05 0.0583807 0.0538904 9.9964E-05
0.903173 9.9973E-05 0.01102 0.0279233 9.9973E-05 0.0271932 0.0208322 9.9973E-05 0.00955798
0.734291 0.096067 0.0330223 9.9973E-05 0.015001 9.9973E-05 0.0962778 0.0250407 9.9973E-05
0.742954 0.0353625 9.9964E-05 9.9964E-05 0.0968008 9.9964E-05 0.0717407 0.0527422 9.9964E-05
0.853842 0.0696843 9.9964E-05 0.0273121 9.9964E-05 9.9964E-05 9.9964E-05 0.0355798 0.0131824
0.545448 0.0621819 0.027769 0.150817 9.9991E-05 0.06766 0.0158778 0.0798361 0.0503101
0.775409 9.9955E-05 9.9955E-05 0.123277 9.9955E-05 0.05769 0.0431249 9.9955E-05 9.9955E-05
0.672374 9.9982E-05 9.9982E-05 0.131555 0.0178698 0.0328907 0.0304371 0.0710254 0.0436473
0.789828 9.99639E-05 0.0251848 9.99639E-05 0.0726727 9.99639E-05 0.0245441 9.99639E-05 0.0873708
0.62818 0.0615642 9.9973E-05 0.108153 9.9973E-05 9.9973E-05 0.0512829 0.124863 0.0256572
0.6969 9.9973E-05 9.9973E-05 0.093846 0.0252639 0.0979549 0.0317811 9.9973E-05 0.0539542
9.9955E-05 0.031694 0.0831711 9.9955E-05 9.9955E-05 0.865701 9.9955E-05 0.0189344 9.9955E-05
9.9964E-05 0.413634 9.9964E-05 0.0435992 9.9964E-05 0.481177 0.0567841 0.00440636 9.9964E-05
0.00449234 0.0569105 9.9991E-05 0.00290567 0.0480294 0.707267 0.0407209 0.0690249 0.0705491
0.00565057 0.107875 9.9955E-05 9.9955E-05 9.9955E-05 0.788597 9.9955E-05 0.0973774 9.9955E-05
0.111001 0.246036 9.9964E-05 9.9964E-05 9.9964E-05 0.466076 9.9964E-05 0.108118 0.0683689
0.061348 0.494697 9.9991E-05 0.0447742 0.0031603 0.301066 0.0090548 0.0836093 0.00219098
9.9982E-05 0.308015 0.0493699 0.0307689 9.9982E-05 0.547955 0.000984181 0.0625273 0.000180423
0.0653382 0.206215 9.9964E-05 9.9964E-05 9.9964E-05 0.63875 0.0292115 0.0600856 9.9964E-05
0.0523314 9.9955E-05 9.9955E-05 9.9955E-05 0.0990993 0.828699 9.9955E-05 9.9955E-05 0.0193706
9.9982E-05 0.299449 0.0454721 0.0699504 0.0308698 0.405303 0.046664 0.102092 9.9982E-05
0.0206934 0.469965 9.9973E-05 0.0430427 9.9973E-05 0.272625 0.0301818 9.9973E-05 0.163192
0.0389202 0.445115 0.0831852 9.9991E-05 0.110859 0.239972 0.00725615 0.0500704 0.0245222
9.9955E-05 0.108325 9.9955E-05 9.9955E-05 9.9955E-05 0.773986 0.0435632 0.0736264 9.9955E-05
0.040731 0.603969 9.9982E-05 0.0648542 9.9982E-05 0.167948 0.023435 0.047969 0.050894
9.9955E-05 0.48561 9.9955E-05 9.9955E-05 9.9955E-05 0.426851 0.0207207 0.0663192 9.9955E-05
9.9955E-05 9.9955E-05 0.0400841 9.9955E-05 9.9955E-05 0.895131 0.0435733 0.0207117 9.9955E-05
9.99373E-05 9.99373E-05 9.99373E-05 9.99373E-05 9.99373E-05 0.812952 9.99373E-05 0.186349 9.99373E-05
9.9955E-05 0.0886707 0.00298222 9.9955E-05 9.9955E-05 0.84386 9.9955E-05 9.9955E-05 0.0639872
9.993E-05 9.993E-05 9.993E-05 9.993E-05 9.993E-05 9.993E-05 0.999201 9.993E-05 9.993E-05
9.993E-05 9.993E-05 9.993E-05 9.993E-05 9.993E-05 9.993E-05 0.999201 9.993E-05 9.993E-05
0.43955 0.0832125 0.0564974 9.9973E-05 0.0173207 9.9973E-05 0.391298 0.0118224 9.9973E-05
0.474649 0.0208246 0.0715847 9.9973E-05 0.0158558 9.9973E-05 0.300836 0.11595 9.9973E-05
0.00246691 0.545177 0.151804 0.0795019 0.0202657 0.132198 0.0317615 9.9991E-05 0.0367247
0.0433273 0.482129 0.147501 9.9982E-05 0.0803263 0.15103 0.0447031 0.0507832 9.9982E-05
9.9964E-05 0.49628 0.39742 0.0458446 9.9964E-05 9.9964E-05 0.0126266 0.0474291 9.9964E-05
0.0955044 0.0780534 0.0189033 9.9991E-05 0.296292 0.385462 0.00573069 0.0434234 0.0765314
0.00651245 0.240141 0.530074 9.9982E-05 0.120281 9.9982E-05 0.00514548 0.0138992 0.0837465
0.0628998 0.40294 0.19279 9.9982E-05 0.045672 0.162691 0.032942 0.0998661 9.9982E-05
9.9973E-05 0.719152 0.125948 0.0757913 9.9973E-05 9.9973E-05 0.020649 0.0488477 0.00931241
0.107737 0.520166 0.152886 0.0801758 9.9973E-05 9.9973E-05 0.0516959 9.9973E-05 0.0870401
0.0441758 0.58238 0.0989037 0.0069833 0.0649338 0.111075 0.0321704 0.0213392 0.0380387
0.00644317 0.0874702 0.706328 9.9982E-05 0.0756639 0.0833327 0.0254126 0.0151499 9.9982E-05
0.00950713 0.587038 9.9973E-05 0.00368799 9.9973E-05 0.207213 9.9973E-05 0.0291284 0.163125
0.0560197 0.531879 0.285225 0.0353949 9.9982E-05 0.0231338 0.0126144 9.9982E-05 0.0555327
0.0475283 0.514695 0.134055 9.9991E-05 0.105349 0.0204467 0.0326418 0.128738 0.0164463
9.9964E-05 0.263887 0.578655 9.9964E-05 0.0330323 9.9964E-05 0.0408211 9.9964E-05 0.083205
0.0582255 0.548537 0.287888 9.9973E-05 0.0413823 9.9973E-05 9.9973E-05 0.0532019 0.0104648
0.155237 0.398625 0.231495 0.0834358 0.0526028 9.9973E-05 9.9973E-05 0.0783047 9.9973E-05
0.0542266 9.9955E-05 0.59827 9.9955E-05 0.0319131 9.9955E-05 9.9955E-05 9.9955E-05 0.31509
9.9973E-05 0.101161 0.212564 0.0665471 0.215431 0.274468 9.9973E-05 9.9973E-05 0.129529
0.0166129 9.9973E-05 0.214782 0.0729746 9.9973E-05 0.32513 9.9973E-05 0.00993822 0.360262
0.121664 0.430953 0.122286 9.9991E-05 0.0791293 0.123454 0.0198007 0.0824504 0.0201626
0.116021 0.549009 0.0824326 9.9991E-05 0.0353712 0.122971 0.0108626 0.0439489 0.0392836
0.0544386 0.627704 0.0521732 9.9982E-05 0.0960249 0.034398 0.0369404 9.9982E-05 0.0981205
0.0630055 0.165648 0.291874 0.0547751 0.229997 0.0549459 0.0509639 9.9991E-05 0.0886915
9.9982E-05 0.521726 0.0211352 0.0566761 0.0822943 0.183078 0.0561162 9.9982E-05 0.0787741
0.130651 0.62009 9.9964E-05 9.9964E-05 0.0637984 0.139879 9.9964E-05 9.9964E-05 0.045182
0.118188 0.300339 0.112432 9.9991E-05 0.111161 0.268771 0.00646377 0.0100172 0.0725276
0.134719 9.9982E-05 0.104401 0.155608 9.9982E-05 0.345973 0.0248855 0.0809899 0.153224
9.9991E-05 0.496627 0.187378 0.0853834 0.0978893 0.0131903 0.0700536 0.0443823 0.00499669
0.0893337 0.365029 0.0922369 0.0129527 0.0800804 0.335081 9.9982E-05 0.0250866 9.9982E-05
9.9973E-05 9.9973E-05 0.0838917 0.0846389 0.0435932 0.604073 0.0691306 9.9973E-05 0.114373
9.9964E-05 0.466745 0.0362704 9.9964E-05 0.0645037 0.380833 9.9964E-05 9.9964E-05 0.0512478
0.0327212 0.545476 0.08869 9.9991E-05 0.0172656 0.127824 0.00224083 0.0565922 0.12909
0.0740017 0.589489 0.00942546 9.9991E-05 0.130315 0.141904 0.0161149 0.0146389 0.0240106
0.0731396 0.210752 0.207435 0.0230737 0.146804 0.231402 0.000444284 0.0430096 0.0639398
9.9991E-05 0.379701 0.0574676 0.00778771 0.00638819 0.322527 0.0539176 0.0767719 0.0953389
0.036071 0.542964 0.030119 0.157878 0.0675798 0.118588 0.0377016 0.00899896 9.9991E-05
9.9982E-05 0.106448 0.11132 0.0261042 0.121775 0.411509 0.0514381 9.9982E-05 0.171206
9.9946E-05 0.507452 0.413763 9.9946E-05 0.0781855 9.9946E-05 9.9946E-05 9.9946E-05 9.9946E-05
9.9973E-05 0.0869984 0.708999 9.9973E-05 0.0567596 0.0943988 0.0483721 0.00417195 9.9973E-05
0.112171 0.529376 0.179874 0.037717 0.054835 0.065257 0.0205702 9.9982E-05 9.9982E-05
0.00490706 9.9964E-05 0.821962 0.0320798 9.9964E-05 9.9964E-05 9.9964E-05 0.0129437 0.127708
9.9946E-05 9.9946E-05 0.811626 9.9946E-05 9.9946E-05 0.0666288 9.9946E-05 9.9946E-05 0.121146
9.9964E-05 0.214038 0.679954 9.9964E-05 0.0514513 9.9964E-05 9.9964E-05 0.0122968 0.0418599
0.0135227 0.387571 0.432531 0.111251 9.9982E-05 0.0274412 0.0235868 0.00389596 9.9982E-05
0.127222 0.53474 0.0799719 0.0353437 9.9982E-05 0.15988 0.0256905 0.0369518 9.9982E-05
9.9973E-05 0.347029 0.44578 9.9973E-05 0.127392 9.9973E-05 0.0145958 0.055742 0.00916146
0.0618532 0.0244104 0.654459 0.0812335 0.0789941 0.031078 0.00585504 0.0620168 9.9991E-05
0.00279479 0.144337 0.439136 0.104059 0.174712 0.0907892 0.0310148 0.0130576 9.9991E-05
0.0935288 0.501066 0.159779 0.054695 9.9991E-05 0.00803811 0.0505208 0.0798967 0.0523761
0.0187016 0.265615 0.59316 9.9973E-05 9.9973E-05 0.0870967 0.0153588 0.0197679 9.9973E-05
9.9982E-05 0.348807 0.497677 0.00361261 0.0476949 0.0368085 0.0604065 0.00479343 9.9982E-05
9.9946E-05 0.410145 0.548136 9.9946E-05 9.9946E-05 9.9946E-05 9.9946E-05 9.9946E-05 0.0411194
9.9955E-05 9.9955E-05 0.650133 0.00845235 9.9955E-05 9.9955E-05 9.9955E-05 0.0345267 0.306388
0.0249897 0.526767 0.298362 0.0120077 0.0616976 9.9982E-05 0.0318071 0.0441689 9.9982E-05
0.758036 0.0747985 9.9973E-05 0.0190082 9.9973E-05 0.066611 0.055613 0.0256335 9.9973E-05
0.780285 0.0754856 9.9946E-05 9.9946E-05 9.9946E-05 9.9946E-05 0.14363 9.9946E-05 9.9946E-05
0.727981 0.0656043 9.9973E-05 0.0146771 0.011629 9.9973E-05 0.122958 0.0568507 9.9973E-05
0.808411 0.0417156 0.0137169 9.9973E-05 9.9973E-05 9.9973E-05 0.12417 0.00197557 0.00971136
0.7492 0.0156635 0.0588093 9.9973E-05 9.9973E-05 0.00448056 0.113342 0.0582044 9.9973E-05
0.831354 0.0219108 0.0479047 9.9973E-05 0.0107202 9.9973E-05 0.0616153 0.0261955 9.9973E-05
0.863318 0.0451266 0.0172866 9.99551E-05 9.99551E-05 9.99551E-05 0.0737686 9.99551E-05 9.99551E-05
0.0510488 0.342721 0.335165 9.9991E-05 0.0682136 0.0319347 0.0571608 0.104026 0.00963045
0.0765644 0.40053 0.188214 9.9991E-05 0.0145425 0.111645 0.0472696 0.102752 0.0583832
0.0517459 9.9973E-05 0.845695 0.0431111 0.0245575 0.0268913 9.9973E-05 9.9973E-05 0.00769957
0.0454983 0.497631 0.076976 0.0323267 9.9991E-05 0.24822 0.0161377 0.023216 0.0598946
9.9964E-05 0.346176 0.361197 9.9964E-05 0.138993 0.11962 0.0336145 9.9964E-05 9.9964E-05
9.9973E-05 0.466454 0.386078 9.9973E-05 0.024572 9.9973E-05 0.0225693 0.0501769 0.0498497
0.0570194 0.513638 0.208077 9.9982E-05 0.00424947 0.0956526 0.00497852 9.9982E-05 0.116185
9.9982E-05 0.342393 0.452997 0.0510475 9.9982E-05 0.00699097 0.0242359 0.118758 0.00337752
0.067437 9.9964E-05 0.650241 0.0824716 9.9964E-05 0.188159 9.9964E-05 9.9964E-05 0.0112914
0.112876 0.390682 0.14267 9.9991E-05 0.0906011 0.0645831 0.0231178 0.0757025 0.0996682
0.0105995 0.565634 0.215562 9.9973E-05 9.9973E-05 0.0834845 0.0727736 0.0516469 9.9973E-05
9.9973E-05 0.608149 0.0737514 9.9973E-05 0.123179 9.9973E-05 0.0516676 0.0791663 0.063787
9.9964E-05 0.259233 0.47911 9.9964E-05 9.9964E-05 0.0341675 0.0463756 9.9964E-05 0.180714
9.9964E-05 0.511391 0.325852 0.0302016 9.9964E-05 9.9964E-05 0.0362712 9.9964E-05 0.0958842
0.0471734 0.300081 0.444001 0.00957263 0.00803064 0.121388 0.0685047 0.00114945 9.9991E-05
9.9964E-05 0.109591 0.647827 0.0531284 9.9964E-05 0.0320982 9.9964E-05 0.156956 9.9964E-05
0.0455804 0.360425 0.428714 0.0172637 0.114872 0.0328449 9.9973E-05 9.9973E-05 9.9973E-05
0.116082 0.574721 0.0952418 0.0153703 0.0649027 0.0471722 0.0357137 9.9991E-05 0.0506965
0.0363816 0.22447 0.117406 9.9982E-05 0.203712 0.247993 0.0232492 9.9982E-05 0.146588
0.0888018 0.38517 0.0299737 0.0805695 0.159275 0.192762 0.0338044 0.0295432 9.9991E-05
0.0360069 0.567635 9.9982E-05 0.0359637 0.119561 0.019467 9.9982E-05 0.0352947 0.185872
0.0297384 0.609498 0.0149514 9.9982E-05 0.203892 9.9982E-05 0.000136233 0.0252952 0.116289
9.9964E-05 0.42358 9.9964E-05 9.9964E-05 0.220856 0.249689 0.0782871 9.9964E-05 0.0271884
0.00012406 0.594831 0.015309 0.0170555 0.118094 0.175318 0.0560138 0.00976164 0.0134933
0.0477959 0.431563 0.131765 0.030682 0.203761 0.154132 9.9973E-05 9.9973E-05 9.9973E-05
0.0634231 0.549569 0.0732919 9.9973E-05 0.151032 9.9973E-05 0.0122861 9.9973E-05 0.150098
0.0456007 0.539185 9.9982E-05 0.0164687 0.18599 9.9982E-05 0.0156872 0.0892077 0.107661
9.9973E-05 0.544417 0.0939589 9.9973E-05 0.114431 0.147478 0.0508748 9.9973E-05 0.0485401
0.00229492 0.550233 0.131306 0.0141606 0.292247 0.00945836 9.9973E-05 9.9973E-05 9.9973E-05
9.9991E-05 0.550471 0.0238703 0.11588 0.0297419 0.1098 0.0498661 0.093966 0.0263042
0.0616282 0.640995 0.00218705 0.0133404 0.044865 0.0843348 0.0413467 9.9991E-05 0.111202
9.9973E-05 0.546226 0.0370302 0.0409872 0.132372 0.21734 9.9973E-05 0.0257452 9.9973E-05
0.0661959 0.584751 0.000279531 9.9991E-05 0.211844 0.0125453 0.00456895 0.0130618 0.106654
9.9991E-05 0.464139 0.00221518 0.0867831 0.159071 0.0514433 0.0217725 0.132333 0.0821429
0.092245 0.419604 9.9973E-05 9.9973E-05 0.174575 0.0936152 0.0449871 9.9973E-05 0.174674
0.0257111 0.501375 0.065612 9.9982E-05 0.18386 0.112152 0.0371795 0.0739098 9.9982E-05
9.9973E-05 0.669187 9.9973E-05 9.9973E-05 0.139464 0.0122025 0.0420653 0.00275605 0.134026
0.0498438 0.20872 0.235091 9.9991E-05 0.253673 0.189246 0.019851 0.023512 0.0199634
9.9964E-05 0.149871 0.0835642 9.9964E-05 0.158431 0.195939 9.9964E-05 9.9964E-05 0.411795
0.00771212 0.514084 0.113494 0.0575684 0.109941 0.106228 9.9982E-05 9.9982E-05 0.0907721
9.9982E-05 0.0280779 0.206275 0.0207109 0.271224 9.9982E-05 0.014129 0.0738029 0.38558
0.020037 0.216479 0.0662662 0.00390697 0.207864 0.419037 9.9982E-05 9.9982E-05 0.0662097
0.0120716 0.399037 0.114738 9.9973E-05 0.160656 0.260394 9.9973E-05 9.9973E-05 0.0528029
0.0103347 0.282608 0.190358 0.0670668 0.181285 0.227153 0.0409948 9.9982E-05 9.9982E-05
0.0321939 0.233204 0.118715 0.0528684 0.18083 0.331243 9.9982E-05 9.9982E-05 0.0507467
0.0783732 0.60994 9.9982E-05 9.9982E-05 0.0939774 0.0651115 0.0219845 0.00770705 0.122707
0.135651 0.434783 0.155718 0.00429126 0.0929472 9.9982E-05 9.9982E-05 0.151248 0.0251618
0.0947627 0.516611 0.105285 0.0331649 0.165714 0.0525786 0.00203025 9.9991E-05 0.0297542
9.9982E-05 0.139457 0.0545466 9.9982E-05 0.291994 0.14951 0.011794 0.0170613 0.335438
0.120496 0.494437 0.192981 0.0145466 0.0402155 9.9982E-05 0.0602684 9.9982E-05 0.076856
0.0491831 0.461673 0.125439 0.0516984 9.9991E-05 0.0677558 0.0127296 0.0256106 0.205811
0.103225 9.9982E-05 0.0934907 0.0758141 0.0528576 0.0848047 0.0348572 9.9982E-05 0.554751
0.185376 0.649555 9.9955E-05 9.9955E-05 9.9955E-05 9.9955E-05 0.00904205 9.9955E-05 0.155527
0.119151 0.292823 0.237086 0.058684 0.0494812 0.0502126 9.9991E-05 0.000648116 0.191813
0.0385886 0.481468 0.0835663 0.0371429 9.9991E-05 0.0597526 0.0380078 0.0637139 0.19766
0.0322394 0.293819 0.0771525 0.102433 9.9982E-05 0.0381141 0.0390663 9.9982E-05 0.416976
9.9982E-05 0.228273 0.00577561 0.0324727 0.0251481 0.167958 0.0524727 9.9982E-05 0.4877
9.9982E-05 0.415169 0.109586 0.105459 0.017012 0.0671719 0.0199173 9.9982E-05 0.265486
0.0802381 0.419477 9.9982E-05 0.029037 0.0364652 0.200028 9.9982E-05 0.017589 0.216967
0.146437 0.314894 0.0359214 0.105748 9.9991E-05 0.126794 0.0493121 0.0483419 0.172452
0.0196386 0.0109335 0.123268 0.00928557 9.9991E-05 0.18902 0.0423532 0.164085 0.441316
0.0910581 0.594143 9.99772E-05 0.0334329 9.99772E-05 0.179365 9.99772E-05 0.00262369 0.0990769
9.9964E-05 0.419881 0.0592144 0.0846129 9.9964E-05 0.12996 9.9964E-05 9.9964E-05 0.305932
9.9973E-05 0.414412 0.223478 0.0164287 0.0288866 0.166452 9.9973E-05 9.9973E-05 0.150044
0.0764808 0.605618 0.026121 0.0355214 9.9991E-05 0.0678513 0.0268359 0.00542254 0.156049
0.234905 0.138951 9.9973E-05 9.9973E-05 9.9973E-05 0.0923382 0.0795713 0.227611 0.226323
0.52809 9.9955E-05 9.9955E-05 9.9955E-05 9.9955E-05 9.9955E-05 0.0271962 0.150802 0.293412
0.36849 9.9955E-05 9.9955E-05 9.9955E-05 9.9955E-05 9.9955E-05 0.0570812 0.156964 0.416965
0.4168 0.13155 9.9982E-05 0.0286864 0.0102348 9.9982E-05 0.0103059 0.27277 0.129453
9.9964E-05 0.612013 0.0788155 9.9964E-05 9.9964E-05 9.9964E-05 0.0146983 0.0302751 0.263799
0.0214925 0.556286 0.0619054 0.0449798 0.0251605 9.9991E-05 0.0807175 0.0231677 0.186191
9.9964E-05 0.267307 0.025332 9.9964E-05 0.0623173 9.9964E-05 0.00710162 0.637542 9.9964E-05
9.9973E-05 0.326767 0.0534553 9.9973E-05 0.10898 0.0790855 0.0457894 0.385623 9.9973E-05
0.145867 0.396686 0.0673671 9.9973E-05 0.026395 9.9973E-05 0.0219956 0.34139 9.9973E-05
9.9982E-05 0.393823 0.0543979 0.0507584 0.00427915 9.9982E-05 0.0123696 0.00199215 0.48218
9.9982E-05 0.438706 0.0746842 9.9982E-05 0.0772817 0.11015 0.0393102 0.0582507 0.201417
9.9973E-05 0.162662 0.0654001 0.0621694 9.9973E-05 9.9973E-05 0.0161805 0.0525961 0.640692
9.9973E-05 0.5604 0.111403 0.0914214 9.9973E-05 0.0292293 9.9973E-05 0.0125577 0.194689
0.0237541 0.462795 0.127941 9.9964E-05 0.0621038 9.9964E-05 9.9964E-05 9.9964E-05 0.323006
9.9973E-05 0.605183 0.0237068 0.0501578 9.9973E-05 0.119267 9.9973E-05 0.0236702 0.177716
9.9973E-05 0.236156 0.0878737 0.0246891 0.00810763 0.125701 9.9973E-05 9.9973E-05 0.517172
0.0869809 0.687404 0.0210118 0.0279837 0.0252888 9.9991E-05 0.016662 0.0156328 0.118936
0.0471321 0.521459 0.0928038 0.0506903 9.9982E-05 0.116895 9.9982E-05 0.0743322 0.0964881
9.9955E-05 0.0399375 0.0191672 9.9955E-05 9.9955E-05 0.00550544 9.9955E-05 0.93489 9.9955E-05
9.9946E-05 0.162892 0.0285464 9.9946E-05 9.9946E-05 9.9946E-05 9.9946E-05 0.807962 9.9946E-05
0.0377795 0.198842 0.123456 9.9982E-05 0.0126239 0.00889941 0.0040256 0.614174 9.9982E-05
9.9964E-05 0.232778 9.9964E-05 0.045984 0.0374161 9.9964E-05 0.00263912 0.680783 9.9964E-05
9.9955E-05 0.113387 0.0990472 9.9955E-05 9.9955E-05 9.9955E-05 9.9955E-05 0.774838 0.0122273
9.993E-05 9.993E-05 9.993E-05 9.993E-05 9.993E-05 9.993E-05 9.993E-05 0.999201 9.993E-05
0.00503907 9.9955E-05 9.9955E-05 9.9955E-05 0.0447695 9.9955E-05 0.00880223 0.940889 9.9955E-05
9.9937E-05 0.171715 9.9937E-05 9.9937E-05 9.9937E-05 9.9937E-05 9.9937E-05 0.827585 9.9937E-05
9.9937E-05 9.9937E-05 9.9937E-05 9.9937E-05 0.032724 9.9937E-05 9.9937E-05 0.966576 9.9937E-05
9.993E-05 9.993E-05 9.993E-05 9.993E-05 9.993E-05 9.993E-05 9.993E-05 0.999201 9.993E-05
9.9937E-05 9.9937E-05 9.9937E-05 9.9937E-05 9.9937E-05 9.9937E-05 0.0119884 0.987312 9.9937E-05
0.0113171 0.176716 9.9964E-05 9.9964E-05 9.9964E-05 0.0545374 0.037114 0.719916 9.9964E-05
9.9964E-05 9.9964E-05 0.0223542 0.026788 0.0808101 0.0381207 9.9964E-05 0.831527 9.9964E-05
9.9946E-05 9.9946E-05 0.0338234 9.9946E-05 0.00852733 9.9946E-05 9.9946E-05 0.95705 9.9946E-05
9.9991E-05 0.212496 0.0610919 0.0123982 0.0544665 0.146956 0.0564621 0.454966 0.00106274
9.9964E-05 0.27587 0.0299691 9.9964E-05 0.0551946 9.9964E-05 0.00510429 0.633462 9.9964E-05
0.00898725 0.0651635 0.0745029 9.9973E-05 0.0556601 9.9973E-05 0.0046592 0.790727 9.9973E-05
0.0547359 0.141635 9.9964E-05 9.9964E-05 9.9964E-05 0.0211678 0.0202497 0.761812 9.9964E-05
9.993E-05 9.993E-05 9.993E-05 9.993E-05 9.993E-05 9.993E-05 9.993E-05 0.999201 9.993E-05
9.9955E-05 0.00741397 9.9955E-05 9.9955E-05 0.055827 9.9955E-05 0.0257158 0.910543 9.9955E-05
9.9946E-05 9.9946E-05 0.0270683 9.9946E-05 9.9946E-05 9.9946E-05 0.00595888 0.966373 9.9946E-05
9.9964E-05 0.216402 0.0653189 0.0487833 9.9964E-05 9.9964E-05 0.0404062 0.62869 9.9964E-05
9.9973E-05 0.0352863 0.0275308 9.9973E-05 0.0178913 9.9973E-05 0.00722096 0.888673 0.0230979
0.345038 9.9946E-05 9.9946E-05 9.9946E-05 9.9946E-05 9.9946E-05 9.9946E-05 0.0583628 0.595999
0.159284 0.418745 9.9991E-05 0.123068 0.0035234 0.0488808 0.0524124 0.0515238 0.142462
0.192174 0.447295 0.0324501 0.115709 9.9982E-05 9.9982E-05 0.0071941 0.013158 0.19182
0.113004 0.192708 9.9973E-05 0.0699844 9.9973E-05 9.9973E-05 0.0931037 0.099903 0.430997
0.156386 0.477323 9.9973E-05 0.0978505 9.9973E-05 9.9973E-05 0.0661188 0.0578695 0.144152
0.21015 0.214831 0.0918218 9.9973E-05 9.9973E-05 9.9973E-05 0.066581 0.091506 0.32481
0.201818 0.377085 9.9991E-05 0.0990191 0.0381676 0.0588481 0.0166937 0.0425545 0.165714
0.163599 0.349049 0.134342 0.000583567 9.9973E-05 9.9973E-05 9.9973E-05 0.11976 0.232367
0.118712 0.423881 0.0864974 9.9973E-05 9.9973E-05 9.9973E-05 0.139277 0.0804654 0.150867
0.0899254 0.418101 9.9973E-05 0.0167065 9.9973E-05 9.9973E-05 0.0908606 0.133177 0.25093
0.0909915 0.473081 0.00178774 0.00606632 0.00365355 0.00318429 0.0260187 0.111564 0.283653
0.805436 0.0580847 9.9955E-05 0.06296 9.9955E-05 9.9955E-05 9.9955E-05 9.9955E-05 0.0730193
0.840907 9.9964E-05 9.9964E-05 9.9964E-05 0.0118498 9.9964E-05 0.0590942 0.0722257 0.0155232
0.873518 9.9973E-05 0.0127617 9.9973E-05 0.0370674 0.0187865 0.0551135 9.9973E-05 0.00245255
0.901253 0.0116984 9.9964E-05 0.00486026 0.0560986 9.9964E-05 0.0256902 9.9964E-05 9.9964E-05
0.78426 0.00619988 9.9973E-05 9.9973E-05 0.0554955 0.00979621 0.12562 9.9973E-05 0.0183284
0.837791 9.9955E-05 9.9955E-05 9.9955E-05 9.9955E-05 9.9955E-05 0.0630574 0.0528999 0.0457515
0.813028 0.026853 9.9964E-05 0.018402 9.9964E-05 9.9964E-05 0.0680143 0.0733033 9.9964E-05
0.80881 0.0110557 9.9973E-05 9.9973E-05 0.00926381 9.9973E-05 0.0549453 0.00682584 0.108799
0.890799 0.0403433 0.0411714 9.9955E-05 9.9955E-05 9.9955E-05 0.0271866 9.9955E-05 9.9955E-05
0.831376 0.00711194 9.9982E-05 0.00407186 0.0200027 9.9982E-05 0.0204441 0.0973951 0.0193982
0.531656 9.9964E-05 0.0739381 0.106442 9.9964E-05 0.244032 0.0435327 9.9964E-05 9.9964E-05
0.531844 9.9973E-05 0.0162062 0.180577 0.0448735 0.200301 0.0258982 9.9973E-05 9.9973E-05
0.491106 9.9973E-05 0.0139649 0.0930564 9.9973E-05 0.271505 0.0409913 9.9973E-05 0.0890773
0.500395 9.9964E-05 0.0902082 0.12912 0.00748827 0.272388 9.9964E-05 9.9964E-05 9.9964E-05
0.0525988 0.451307 0.265661 9.9973E-05 0.0887249 0.119772 0.0216354 9.9973E-05 9.9973E-05
9.9982E-05 0.506583 0.171504 0.155648 9.9982E-05 0.105535 0.00770525 0.0311274 0.0216972
9.9973E-05 0.502612 0.111569 0.0176403 0.171514 0.13225 9.9973E-05 0.0641151 9.9973E-05
0.0209711 0.366628 0.189902 9.9982E-05 0.164686 0.22501 0.0105973 9.9982E-05 0.0220059
9.9973E-05 0.121567 0.106821 0.0342956 0.408074 0.314512 0.0144293 9.9973E-05 9.9973E-05
0.0255947 0.665917 0.173041 0.0232947 0.0176411 0.00546371 0.00428733 0.0102385 0.0745219
0.02994 0.562009 0.291273 9.9982E-05 0.031448 0.00935677 9.9982E-05 0.0126167 0.0631563
0.00120952 0.565768 0.259535 0.0317245 0.0098369 0.0551494 9.9991E-05 0.00109649 0.07558
9.9964E-05 0.338573 0.575225 0.00642858 9.9964E-05 9.9964E-05 9.9964E-05 0.0468294 0.0325436
0.0324078 0.592805 0.205902 0.0362603 0.0830311 9.9982E-05 0.0301323 9.9982E-05 0.0192616
9.9964E-05 0.365329 0.426763 0.0884189 9.9964E-05 0.105408 0.0136815 9.9964E-05 9.9964E-05
9.9946E-05 9.9946E-05 0.682661 9.9946E-05 0.0582205 9.9946E-05 9.9946E-05 9.9946E-05 0.258519
0.0644056 0.570972 0.118844 9.9964E-05 0.159903 0.0854753 9.9964E-05 9.9964E-05 9.9964E-05
0.00913976 0.221551 0.469274 0.0211723 9.9973E-05 0.049674 9.9973E-05 9.9973E-05 0.228889
0.00542158 0.491903 0.374299 9.9973E-05 0.0764045 9.9973E-05 9.9973E-05 0.0158743 0.0357974
0.0521543 0.031841 0.682218 0.0454545 0.0744639 0.108427 9.9982E-05 9.9982E-05 0.00524168
0.0170502 9.9955E-05 9.9955E-05 0.943879 0.0358794 9.9955E-05 9.9955E-05 0.00269194 9.9955E-05
9.993E-05 9.993E-05 9.993E-05 0.999201 9.993E-05 9.993E-05 9.993E-05 9.993E-05 9.993E-05
9.993E-05 9.993E-05 9.993E-05 0.999201 9.993E-05 9.993E-05 9.993E-05 9.993E-05 9.993E-05
0.0113688 9.9955E-05 0.00976792 0.87915 0.0992132 9.9955E-05 9.9955E-05 9.9955E-05 9.9955E-05
9.99431E-05 9.99431E-05 9.99431E-05 0.976288 9.99431E-05 0.0230129 9.99431E-05 9.99431E-05 9.99431E-05
9.9955E-05 0.00114277 9.9955E-05 0.89603 0.0604223 9.9955E-05 9.9955E-05 0.0419055 9.9955E-05
0.816375 0.118902 9.9955E-05 0.0122957 9.9955E-05 9.9955E-05 0.0519274 9.9955E-05 9.9955E-05
0.806126 0.0755418 9.9964E-05 9.9964E-05 0.0705061 9.9964E-05 0.0254397 0.0219868 9.9964E-05
0.674205 0.132973 9.9964E-05 0.0324019 9.9964E-05 9.9964E-05 0.0709072 0.089113 9.9964E-05
0.700781 0.0251057 9.9973E-05 9.9973E-05 0.032413 0.0870821 0.0692017 0.085117 9.9973E-05
0.763377 0.120747 0.00187054 9.9973E-05 0.0650164 0.0122997 9.9973E-05 0.0363897 9.9973E-05
0.340514 9.9964E-05 0.0564194 0.167986 0.386275 9.9964E-05 0.0484052 9.9964E-05 9.9964E-05
0.457598 9.9982E-05 0.0192248 0.188018 0.193152 0.0129724 0.0310947 9.9982E-05 0.0977398
0.401991 9.9973E-05 0.0655298 0.263648 0.219827 0.0135598 0.0351446 9.9973E-05 9.9973E-05
9.993E-05 9.993E-05 9.993E-05 9.993E-05 9.993E-05 9.993E-05 0.999201 9.993E-05 9.993E-05
0.3215 9.9973E-05 0.122315 0.278365 0.240651 9.9973E-05 0.00462209 9.9973E-05 0.032246
0.192836 0.309708 9.9982E-05 0.0239873 0.0186769 9.9982E-05 0.00378757 0.345333 0.105471
0.148475 0.444162 0.00689384 0.0346519 0.0671823 9.9982E-05 9.9982E-05 0.275424 0.0230112
0.164915 0.59066 9.9955E-05 9.9955E-05 9.9955E-05 9.9955E-05 0.0552796 0.188645 9.9955E-05
0.247877 0.325491 0.0486392 0.0223613 0.0237189 9.9991E-05 0.0199937 0.251391 0.0604282
0.0879522 0.338912 0.0635477 0.00836286 0.0704462 0.0786783 0.0480783 0.247251 0.0567714
0.469454 9.9955E-05 9.9955E-05 9.9955E-05 9.9955E-05 0.00696671 9.9955E-05 0.31461 0.208469
9.9973E-05 0.468047 0.104104 0.0785854 0.152717 0.130596 9.9973E-05 9.9973E-05 0.0656508
0.000435238 0.358296 0.0941041 9.9973E-05 0.187411 0.0980011 9.9973E-05 9.9973E-05 0.261453
0.0641851 0.144518 9.9982E-05 0.0671197 0.173258 0.528773 0.0126642 9.9982E-05 0.00928197
9.9973E-05 0.405344 0.171659 0.0262507 0.0927069 0.143761 9.9973E-05 9.9973E-05 0.159979
9.9955E-05 9.9955E-05 0.211924 9.9955E-05 0.110944 0.0575775 9.9955E-05 9.9955E-05 0.619054
0.0396451 0.477129 0.0644617 9.9991E-05 0.0215361 0.21384 0.0107898 0.114063 0.0584355
0.0429844 0.491666 0.0434116 9.9991E-05 0.152044 0.102574 0.0163252 0.0428579 0.108038
0.0201239 0.226256 0.14766 9.9973E-05 0.228611 0.373259 0.00379099 9.9973E-05 9.9973E-05
0.113188 0.581268 0.0738145 9.9973E-05 0.129869 0.0850772 0.0164829 9.9973E-05 9.9973E-05
9.9973E-05 0.116884 0.10813 0.000748941 0.0316516 0.353317 9.9973E-05 9.9973E-05 0.388969
9.9991E-05 0.428096 0.029467 0.067374 0.041519 0.174384 0.0112168 0.0447003 0.203143
9.9982E-05 0.512332 0.132103 0.0656449 0.152948 0.0888733 0.015739 9.9982E-05 0.0321599
0.172249 0.400245 0.118874 0.0305506 0.0178913 0.0637174 9.9991E-05 0.137858 0.0585148
9.9955E-05 0.343695 9.9955E-05 9.9955E-05 0.117256 0.318089 9.9955E-05 9.9955E-05 0.22046
0.0494894 0.426806 0.0889474 0.075847 0.107458 0.186803 9.9982E-05 9.9982E-05 0.0644488
0.0413967 0.489321 0.0554208 9.9982E-05 0.00913727 0.200205 9.9982E-05 0.0128194 0.1915
9.9973E-05 0.554697 0.0673403 0.017415 0.0940929 0.118495 9.9973E-05 9.9973E-05 0.14766
0.0261578 0.644988 0.0158862 0.104121 0.0681442 9.9991E-05 0.0164805 0.0790039 0.0451184
0.0954206 0.665205 0.0710743 9.9973E-05 0.0791654 0.0570364 9.9973E-05 0.0317987 9.9973E-05
0.0693635 0.541119 0.105414 0.0653251 0.0726908 0.0370872 9.9991E-05 0.0293705 0.0795296
0.79932 0.182519 9.9946E-05 9.9946E-05 9.9946E-05 9.9946E-05 9.9946E-05 0.017562 9.9946E-05
0.826493 0.153439 9.9955E-05 9.9955E-05 9.9955E-05 9.9955E-05 0.0180568 0.00151143 9.9955E-05
0.78463 0.0453199 9.9964E-05 9.9964E-05 0.0569547 9.9964E-05 9.9964E-05 0.0263744 0.0863208
0.74275 0.00930872 0.0392608 0.103914 9.9973E-05 9.9973E-05 0.0385805 0.0658857 9.9973E-05
0.779485 0.139535 9.9955E-05 0.0013686 9.9955E-05 9.9955E-05 0.0791118 9.9955E-05 9.9955E-05
9.9982E-05 0.0680024 0.0454403 0.0414272 0.279228 0.464114 9.9982E-05 0.0557499 0.0458378
0.0609465 0.468648 9.9973E-05 9.9973E-05 0.0947318 0.198476 9.9973E-05 0.0525362 0.124361
0.21988 0.451865 9.9955E-05 9.9955E-05 9.9955E-05 9.9955E-05 9.9955E-05 0.0877903 0.239965
9.9982E-05 0.591257 0.0108908 9.9982E-05 0.160117 0.0512883 0.0315293 0.0579655 0.0967523
9.9982E-05 0.457551 0.0504616 0.0606919 0.223456 0.0773969 0.0253856 9.9982E-05 0.104857
9.9973E-05 0.289238 9.9973E-05 9.9973E-05 0.193448 0.164438 0.0296283 0.0127879 0.31016
0.107836 9.9982E-05 0.146981 0.00680099 0.335526 0.229324 0.0167499 9.9982E-05 0.156583
9.9982E-05 0.439944 0.0259236 0.0935898 0.216492 0.0796801 9.9982E-05 0.0598841 0.0842869
0.0693868 0.15104 0.0361745 0.0445987 0.301509 0.228125 0.0183679 9.9991E-05 0.150699
0.0940964 0.411243 0.125961 0.0350251 0.123037 0.0460411 0.0211867 0.00508592 0.138324
0.113391 0.0422189 0.114373 0.0351572 0.329697 0.296237 9.9991E-05 0.00115378 0.0676727
0.0630362 0.572534 0.102226 9.9973E-05 0.0828219 0.159071 0.020011 9.9973E-05 9.9973E-05
0.0985979 0.0537481 0.145953 0.0128667 0.25896 0.369211 0.0197238 0.0191032 0.0218367
9.9973E-05 0.307864 9.9973E-05 9.9973E-05 0.205991 0.189588 0.0273804 0.0249447 0.243933
9.9964E-05 0.472834 9.9964E-05 0.130919 9.9964E-05 0.141875 9.9964E-05 0.0673012 0.186671
0.00243433 0.306551 9.9973E-05 0.0831505 0.0264543 0.0671325 9.9973E-05 9.9973E-05 0.513978
9.9964E-05 0.610192 9.9964E-05 0.0926619 9.9964E-05 0.132745 0.0377674 9.9964E-05 0.126234
0.100959 0.536044 0.0423064 0.0766643 9.9982E-05 0.0674952 0.0403863 9.9982E-05 0.135945
9.9964E-05 0.366857 0.0579726 0.0640824 0.0207435 9.9964E-05 9.9964E-05 9.9964E-05 0.489944
9.9982E-05 0.413634 9.9982E-05 0.0419621 0.0271928 0.211685 0.0250893 0.126462 0.153775
0.0285366 0.504683 0.0494293 0.171972 9.9973E-05 9.9973E-05 0.0132166 9.9973E-05 0.231863
9.9973E-05 0.120339 0.079713 0.0817712 0.0800688 0.0219502 9.9973E-05 9.9973E-05 0.615857
9.9955E-05 0.324397 0.00979319 0.0730495 9.9955E-05 9.9955E-05 9.9955E-05 9.9955E-05 0.592261
0.0265165 0.519792 9.9955E-05 0.103443 9.9955E-05 9.9955E-05 9.9955E-05 9.9955E-05 0.349748
9.9973E-05 0.141358 0.166047 0.0997493 0.0295439 0.028655 9.9973E-05 9.9973E-05 0.534346
9.9964E-05 0.412797 0.0997386 0.098851 9.9964E-05 0.195979 9.9964E-05 9.9964E-05 0.192234
0.0259986 0.0308757 0.193874 0.0422931 0.425104 0.240157 0.0273648 0.014233 9.9991E-05
9.9973E-05 0.248479 0.101443 9.9973E-05 0.278974 0.123167 9.9973E-05 0.0124204 0.235217
9.9973E-05 0.326978 0.154231 9.9973E-05 0.297264 0.178215 0.025735 0.0172772 9.9973E-05
9.9982E-05 0.472734 0.122654 9.9982E-05 0.135965 0.111301 0.0366215 0.114526 0.00599906
9.9973E-05 0.176789 0.215258 0.0231439 0.24818 0.328704 9.9973E-05 9.9973E-05 0.00762554
0.0880098 0.412383 0.0126741 0.04341 0.162498 9.9991E-05 0.010236 0.115117 0.155573
0.080144 0.58071 0.0195358 9.9982E-05 0.220403 9.9982E-05 0.0287079 0.0309714 0.0393279
9.9991E-05 0.460363 0.112619 0.0197605 0.0274041 0.245242 0.0342169 0.0550704 0.0452243
9.9982E-05 0.398978 0.00483273 9.9982E-05 0.176646 0.242106 0.00364983 0.130933 0.0426546
0.0552812 0.345214 0.177008 0.0138516 0.283794 0.0329042 0.0306281 0.0338249 0.0274936
9.9973E-05 0.152684 0.185184 9.9973E-05 0.348524 0.18159 9.9973E-05 0.09054 0.0411784
0.0256176 0.258397 0.110851 0.0416865 0.325065 0.101991 9.9991E-05 0.127279 0.00901291
9.9973E-05 0.586428 0.118539 0.012475 0.19118 0.0709102 9.9973E-05 0.0201682 9.9973E-05
0.0552115 0.532822 0.0135303 9.9991E-05 0.135219 0.113745 0.0119798 0.031101 0.106291
0.0193332 0.41478 0.0422489 0.0197191 0.152788 0.138616 0.0369857 9.9991E-05 0.175428
9.9973E-05 0.508881 0.0310359 9.9973E-05 0.249168 0.067373 9.9973E-05 0.0504977 0.0927439
0.0707271 0.368373 9.9973E-05 9.9973E-05 0.322041 0.114821 0.0362958 9.9973E-05 0.0874424
0.0121923 0.621543 0.0539465 9.9973E-05 0.153089 0.1487 9.9973E-05 9.9973E-05 0.0102297
0.0148184 0.540474 0.0792504 9.9982E-05 0.210308 0.0722075 9.9982E-05 0.0282179 0.0545236
0.0942465 0.465164 0.116196 9.9991E-05 0.101714 0.0407258 0.0369822 0.143643 0.00122985
0.334324 0.478267 0.0153991 9.9973E-05 9.9973E-05 0.0764882 0.0312986 0.0639228 9.9973E-05
0.146513 0.460101 0.107376 0.0141338 9.9982E-05 9.9982E-05 0.0565779 0.172501 0.0425968
0.112098 0.521754 0.0753093 0.00823753 0.00728838 0.0823294 0.0379167 0.112595 0.0424708
9.9982E-05 0.537901 0.0787313 0.0602554 0.0223173 0.119383 0.052704 0.128508 9.9982E-05
0.176903 0.431431 0.0880664 9.9973E-05 9.9973E-05 0.0678733 0.0467683 0.188658 9.9973E-05
9.9973E-05 0.48911 0.0402022 0.0288406 0.051169 0.212121 9.9973E-05 9.9973E-05 0.178257
0.167571 0.517228 0.141874 9.9973E-05 0.0538243 9.9973E-05 9.9973E-05 0.0466583 0.0725448
0.232689 9.9964E-05 0.176568 9.9964E-05 9.9964E-05 0.0753695 9.9964E-05 0.14741 0.367563
0.105193 0.432931 0.0484942 9.9982E-05 0.0585909 0.0959476 0.0507898 0.207854 9.9982E-05
0.0878713 0.491402 0.0113832 0.0224222 0.120769 0.0148383 0.0135875 0.135263 0.102464
0.0924444 0.38341 0.0729845 0.0353046 0.110027 0.0704484 9.9991E-05 0.171789 0.063493
0.095296 0.197225 0.0748142 0.0970614 0.000899602 0.144807 0.056874 0.161765 0.171258
0.193443 0.512076 0.0106225 9.9973E-05 9.9973E-05 0.0964963 9.9973E-05 0.126086 0.0609764
0.125067 0.51302 9.9973E-05 9.9973E-05 0.0408585 9.9973E-05 0.0254996 0.140111 0.155144
0.453095 9.9955E-05 9.9955E-05 9.9955E-05 9.9955E-05 9.9955E-05 0.0177124 0.217136 0.311557
0.138894 0.397455 0.122012 0.0271523 0.0053774 0.0135123 0.09397 0.201528 9.9991E-05
0.123324 0.435957 0.15726 9.9973E-05 9.9973E-05 0.0306612 0.0489414 0.203557 9.9973E-05
0.129668 0.557653 0.0164792 0.0556688 9.9982E-05 0.0198048 9.9982E-05 0.108717 0.111809
0.172021 0.515367 9.9973E-05 9.9973E-05 9.9973E-05 0.0481106 0.0015864 0.21942 0.0431953
0.161246 0.550427 0.025276 9.9982E-05 9.9982E-05 0.0282459 0.0341549 0.126291 0.0741598
9.9973E-05 0.517133 0.110764 0.0436186 0.056153 9.9973E-05 0.0296214 9.9973E-05 0.24241
0.0709917 0.570415 0.0910266 0.0131703 0.0559958 0.0332631 9.9991E-05 0.0547831 0.110254
9.9964E-05 0.018435 0.276674 0.0078092 9.9964E-05 0.0796253 9.9964E-05 9.9964E-05 0.617057
9.9955E-05 0.0799036 0.166633 9.9955E-05 0.0419514 9.9955E-05 9.9955E-05 9.9955E-05 0.711012
9.9973E-05 0.369666 0.0788653 0.0608246 9.9973E-05 0.151517 9.9973E-05 0.156567 0.182261
0.154971 0.450208 9.9973E-05 9.9973E-05 0.0331597 0.0737569 9.9973E-05 0.257243 0.0303613
0.0732088 0.275212 0.0384448 9.9973E-05 9.9973E-05 9.9973E-05 0.00853693 0.40451 0.199788
0.149873 0.0664769 9.9982E-05 0.00242129 9.9982E-05 0.105981 0.00692234 0.36238 0.305746
0.166174 0.314705 9.9973E-05 9.9973E-05 9.9973E-05 0.1246 0.0208145 0.245618 0.127788
0.0586191 0.0740705 9.9964E-05 9.9964E-05 9.9964E-05 0.0642962 9.9964E-05 0.130893 0.671722
0.0725978 0.246932 0.00818669 9.9973E-05 9.9973E-05 9.9973E-05 0.014163 0.0505608 0.60726
9.9982E-05 0.466845 0.0705366 0.0388182 9.9982E-05 0.0567945 0.0329723 0.133422 0.200412
0.0498808 0.496644 0.0757865 9.9964E-05 9.9964E-05 9.9964E-05 9.9964E-05 0.0855458 0.291743
0.00987562 0.327779 0.0639918 0.010261 0.0244786 9.9991E-05 0.0306768 0.062196 0.470642
9.9991E-05 0.485321 0.0238926 0.0275951 0.00483297 0.144579 0.0420925 0.0789439 0.192643
0.026366 0.495931 0.0299652 9.9973E-05 0.0642597 9.9973E-05 9.9973E-05 0.11981 0.263368
0.0741329 0.334132 0.101985 9.9991E-05 0.0614183 0.120687 0.00424531 0.161999 0.141299
9.9982E-05 0.35182 0.0966587 0.065497 0.0242343 0.0654211 0.00537149 9.9982E-05 0.390797
9.9973E-05 0.361368 0.183554 9.9973E-05 0.0456161 0.0447453 0.0336859 9.9973E-05 0.330731
9.9982E-05 0.540564 9.9982E-05 0.00074471 0.153536 0.00762842 0.0220888 0.00136392 0.273875
0.00801911 0.329924 0.0419771 0.0711967 0.0953427 9.9991E-05 0.0260502 0.0947166 0.332673
0.0270749 0.494604 0.0252297 0.0111316 9.9982E-05 0.136633 0.028035 9.9982E-05 0.277092
0.0314239 0.450347 9.9964E-05 9.9964E-05 0.0154282 0.0865495 9.9964E-05 9.9964E-05 0.415851
9.9964E-05 0.240712 0.0927118 0.0248223 0.0645794 9.9964E-05 9.9964E-05 9.9964E-05 0.576774
0.0306325 0.572179 0.135834 9.9964E-05 9.9964E-05 9.9964E-05 9.9964E-05 0.0385285 0.222427
9.9955E-05 0.268696 0.094238 9.9955E-05 0.0703322 9.9955E-05 9.9955E-05 9.9955E-05 0.566234
9.9964E-05 0.42991 0.109026 0.0325164 9.9964E-05 0.0384389 9.9964E-05 9.9964E-05 0.389709
0.063182 0.618841 0.0860545 9.9973E-05 0.00902008 9.9973E-05 0.0239829 9.9973E-05 0.198619
9.9973E-05 0.463856 0.143202 0.0126293 0.108615 9.9973E-05 9.9973E-05 0.00712722 0.26427
0.177683 0.431934 0.0475273 0.0313085 9.9991E-05 0.0679846 0.0233386 0.154294 0.0658298
0.0768903 0.437161 0.0347717 0.134447 0.038738 9.9991E-05 0.0247017 0.101052 0.152139
0.122744 0.261587 0.0923579 0.0237018 9.9991E-05 0.0564511 0.00504387 0.297788 0.140226
0.120316 0.247867 0.00897396 0.140124 9.9991E-05 0.0632586 0.0222469 0.293849 0.103264
0.13713 0.372674 0.105949 0.116265 9.9982E-05 0.0670049 9.9982E-05 0.198721 0.00205704
0.147334 0.479569 0.0382302 0.0154517 0.0213078 9.9991E-05 0.0372385 0.116541 0.144228
0.144284 9.9982E-05 0.00193812 0.0154491 0.0365515 9.9982E-05 0.0307759 0.161972 0.608829
0.0447007 0.547147 9.9991E-05 0.0646363 0.0275295 0.0051527 0.0414584 0.19611 0.073165
0.308002 9.9946E-05 9.9946E-05 9.9946E-05 9.9946E-05 9.9946E-05 9.9946E-05 0.147987 0.543412
0.068755 0.511804 0.00314016 0.0314615 9.9973E-05 9.9973E-05 9.9973E-05 0.209979 0.17456
9.9946E-05 0.136189 0.275448 9.9946E-05 9.9946E-05 9.9946E-05 9.9946E-05 9.9946E-05 0.587764
9.9946E-05 9.9946E-05 0.299835 9.9946E-05 9.9946E-05 0.0195532 9.9946E-05 9.9946E-05 0.680012
9.9973E-05 0.485906 0.106603 9.9973E-05 0.0432117 0.0646813 0.011491 9.9973E-05 0.287807
9.9973E-05 0.608502 0.0652427 9.9973E-05 9.9973E-05 0.0403226 0.0494788 0.00281058 0.233343
9.9964E-05 0.435695 0.0455951 9.9964E-05 0.0675391 0.101081 9.9964E-05 9.9964E-05 0.34969
0.0219107 0.476144 0.219165 9.9964E-05 0.0584744 9.9964E-05 9.9964E-05 9.9964E-05 0.223906
9.9982E-05 0.539675 0.0702806 0.0178365 0.0481743 0.0567625 0.00200586 9.9982E-05 0.265065
0.736961 0.0877847 0.0185011 9.9982E-05 9.9982E-05 0.0291715 0.101848 0.0231971 0.00233743
0.631598 9.9982E-05 0.00587292 0.0573751 0.0653861 0.0952328 0.0527736 0.0915618 9.9982E-05
0.823452 9.9973E-05 9.9973E-05 0.0215434 0.0384937 0.0222962 0.0481385 0.045776 9.9973E-05
0.79713 0.0294097 9.9955E-05 9.9955E-05 9.9955E-05 9.9955E-05 0.15266 9.9955E-05 0.0203009
9.9973E-05 0.481963 0.330477 9.9973E-05 9.9973E-05 0.0571681 0.0481096 0.00942892 0.0725537
0.0318561 0.410512 0.412108 0.0511768 0.0399276 0.0196668 0.0291182 0.00553528 9.9991E-05
9.9955E-05 0.433754 0.352102 9.9955E-05 9.9955E-05 0.16489 0.048754 9.9955E-05 9.9955E-05
0.0509125 0.49208 0.239858 9.9982E-05 9.9982E-05 0.0519088 0.02198 0.0729846 0.070076
0.0318011 0.514536 0.162957 0.113118 0.0495735 9.9991E-05 0.026227 0.0357795 0.0659079
0.0408074 0.141735 0.622574 0.0454944 9.9982E-05 0.119344 9.9982E-05 0.0145986 0.0152469
9.9973E-05 0.549487 0.331663 9.9973E-05 0.0247142 0.0498836 0.0326066 0.0113454 9.9973E-05
9.9955E-05 0.308098 0.414111 9.9955E-05 9.9955E-05 9.9955E-05 0.0376955 9.9955E-05 0.239596
0.179913 0.501672 0.0433274 0.0292857 9.9991E-05 0.0279903 0.0228158 0.138924 0.0559717
9.9973E-05 0.284345 0.384545 0.0157154 0.0732098 9.9973E-05 9.9973E-05 0.107383 0.134501
9.9973E-05 0.224547 0.580055 9.9973E-05 0.0415644 0.0792598 0.0529163 9.9973E-05 0.0213571
9.9964E-05 0.498436 0.36305 0.0986895 9.9964E-05 9.9964E-05 0.000441594 0.0389834 9.9964E-05
9.9991E-05 0.335001 0.456107 0.0874608 0.053842 0.0118785 0.0366456 0.00369126 0.0152738
9.9964E-05 0.506327 0.39229 9.9964E-05 9.9964E-05 9.9964E-05 0.00777551 0.0592738 0.0339337
9.9973E-05 0.498107 0.324252 0.0751105 9.9973E-05 0.0155617 0.0242166 0.0624524 9.9973E-05
9.9946E-05 0.00626667 0.890722 9.9946E-05 9.9946E-05 9.9946E-05 9.9946E-05 9.9946E-05 0.102412
9.9964E-05 0.225008 0.555527 9.9964E-05 9.9964E-05 0.0300416 9.9964E-05 0.022822 0.166201
0.0426173 0.320999 0.533846 9.9973E-05 9.9973E-05 0.049551 0.0419624 9.9973E-05 0.0107247
9.9937E-05 9.9937E-05 0.728548 9.9937E-05 9.9937E-05 9.9937E-05 9.9937E-05 9.9937E-05 0.270753
0.0208599 0.314358 0.453915 0.107593 0.0921641 0.00154382 9.9982E-05 0.00936645 9.9982E-05
9.9973E-05 0.0535796 0.59207 0.042546 9.9973E-05 9.9973E-05 0.00279209 0.0221991 0.286513
0.0171588 9.9946E-05 0.64753 9.9946E-05 9.9946E-05 9.9946E-05 9.9946E-05 9.9946E-05 0.334711
9.9982E-05 0.46668 0.385789 0.0290605 0.0251519 9.9982E-05 0.00203097 0.042555 0.0485317
0.077686 0.0863241 0.644899 0.0911083 0.0320991 0.00216741 0.024507 0.00626307 0.0349457
9.9964E-05 0.375208 0.399029 0.104704 0.0494505 9.9964E-05 9.9964E-05 0.0712077 9.9964E-05
0.0135336 0.591394 0.220224 9.9991E-05 0.00116004 0.0303879 0.0904248 0.0179665 0.0348099
9.9964E-05 0.526191 0.409286 0.0269031 0.0329347 0.00428564 9.9964E-05 9.9964E-05 9.9964E-05
9.9982E-05 0.346414 0.0597899 0.0134307 0.241689 0.0881194 9.9982E-05 0.0662033 0.184154
9.9973E-05 0.54069 0.28339 0.0303004 0.0574902 0.0623886 0.0254412 9.9973E-05 9.9973E-05
0.00727368 0.380386 0.387445 9.9982E-05 0.0371553 0.0751746 0.027252 0.085114 9.9982E-05
9.9955E-05 0.300089 0.652883 9.9955E-05 9.9955E-05 9.9955E-05 0.0145507 9.9955E-05 0.0319777
0.0818098 0.481473 0.24072 0.0326592 0.0381058 9.9991E-05 0.0662149 0.0254776 0.0334399
0.579681 9.9973E-05 0.0147686 9.9973E-05 0.204908 0.0618235 0.0462296 9.9973E-05 0.0922899
0.726265 0.0344262 0.0685378 9.9964E-05 9.9964E-05 0.123299 0.0470723 9.9964E-05 9.9964E-05
0.705671 9.9973E-05 0.012168 9.9973E-05 0.0896394 0.0555089 0.0961276 9.9973E-05 0.0405856
0.695034 9.99693E-05 9.99693E-05 0.0498681 0.107999 9.99693E-05 0.087013 9.99693E-05 0.0596857
0.647585 0.0259034 9.9973E-05 0.12113 0.104121 0.0665607 0.0343995 9.9973E-05 9.9973E-05
0.0604783 0.0536636 0.752061 9.9973E-05 0.0690815 0.0449198 9.9973E-05 0.0194963 9.9973E-05
0.0525452 9.9982E-05 0.745283 0.00617339 0.0585368 0.097545 0.0235304 9.9982E-05 0.0161863
9.9946E-05 0.109202 0.725759 9.9946E-05 9.9946E-05 9.9946E-05 9.9946E-05 9.9946E-05 0.16444
