0.0498257 9.9982E-05 9.9982E-05 0.918459 0.0315155
0.0212947 9.9982E-05 0.0009005 0.977605 9.9982E-05
0.0168812 0.018988 0.0708411 0.89319 9.9991E-05
0.0183975 9.9982E-05 0.141454 0.839948 9.9982E-05
9.9973E-05 9.9973E-05 0.0714905 0.92821 9.9973E-05
0.0801548 0.0792141 0.102733 0.703293 0.0346046
0.0532073 0.104295 9.9991E-05 0.833785 0.00861315
0.10258 0.116818 9.9991E-05 0.743835 0.0366668
0.15402 0.00965979 9.9982E-05 0.83612 9.9982E-05
0.0641217 0.0990785 0.0429289 0.785446 0.0084252
0.0266986 0.108577 0.0895676 0.775057 9.9991E-05
0.565253 0.0834533 0.282586 0.0353851 0.0333224
0.295237 0.00921229 0.56112 0.0448194 0.0896121
0.51739 0.0724547 0.304759 0.00369944 0.101697
0.484952 0.0495191 0.286871 0.0315647 0.147093
0.318642 0.0149307 0.449538 0.0716252 0.145264
0.215012 0.0459378 0.612205 0.043726 0.0831191
0.308309 0.0632313 0.547458 0.049159 0.0318433
0.413483 0.0595944 0.294066 0.12694 0.105916
0.730607 0.151462 0.0861513 0.010662 0.0211181
0.348711 0.0952061 0.490891 0.00736388 0.0578284
0.166385 0.257772 0.468944 0.0179587 0.0889403
0.297462 0.0275874 0.595194 0.0320296 0.0477269
0.461628 0.116795 0.270554 0.0635149 0.0875083
0.142164 0.0246427 0.606906 0.123147 0.10314
0.310756 0.029983 0.549281 0.0250403 0.0849399
0.516432 0.0896061 0.285892 0.0685206 0.039549
0.497007 0.0739862 0.311312 0.0241668 0.0935284
0.511174 0.162929 0.289569 0.0362286 9.9991E-05
9.9982E-05 9.9982E-05 0.0930783 0.902777 0.0039451
9.9973E-05 9.9973E-05 0.113608 0.886092 9.9973E-05
0.0100504 9.9991E-05 0.101314 0.820438 0.0680974
9.9982E-05 9.9982E-05 0.191268 0.760721 0.0478108
0.0788411 0.223707 0.586414 0.110939 9.9991E-05
0.106058 0.146278 0.603566 0.0728163 0.0712822
0.0489508 0.233337 0.706278 0.0113346 9.9991E-05
0.653127 0.0710832 0.233084 0.0319272 0.0107786
0.0011163 0.53135 0.459412 0.00802219 9.9991E-05
0.205615 0.0718677 0.589784 0.0821061 0.0506265
9.9991E-05 0.148453 0.756579 0.0755192 0.0193492
0.0567515 0.202034 0.590678 0.150437 9.9991E-05
0.109389 0.1136 0.661867 0.0927281 0.0224161
0.333261 0.324035 0.342505 9.9982E-05 9.9982E-05
9.9991E-05 0.195878 0.629373 0.0972224 0.0774267
0.0936732 0.141073 0.659157 0.0606457 0.0454513
0.0601589 0.10089 0.614685 0.163592 0.0606745
0.0490119 0.43654 0.514249 9.9982E-05 9.9982E-05
0.0523862 0.125264 0.727985 0.094264 9.9991E-05
0.110609 0.10635 0.566737 0.129709 0.0865953
0.12032 0.864239 9.9982E-05 0.0152408 9.9982E-05
0.628779 0.140706 0.230315 9.9982E-05 9.9982E-05
0.261951 0.460663 0.196776 9.9991E-05 0.0805089
0.140006 0.147575 0.525524 0.0779784 0.108917
0.103971 0.147186 0.56327 0.0771137 0.10846
0.0396764 0.125384 0.643363 0.109509 0.0820676
0.518103 0.0893317 0.254658 0.126863 0.0110445
0.330265 0.0297858 0.604708 0.0351416 9.9991E-05
0.149157 0.0693338 0.653095 0.068005 0.0604094
0.320343 0.0841949 0.426593 0.109129 0.0597401
0.511647 0.148037 0.16931 0.146452 0.0245543
0.206737 0.0666467 0.592843 0.0518845 0.0818883
0.281421 0.092461 0.494099 0.0507369 0.0812822
0.597474 0.206047 0.137082 0.0592967 9.9991E-05
0.411509 0.060902 0.511899 0.0155896 9.9991E-05
0.129153 0.175083 0.575175 0.057232 0.0633566
0.175894 0.0200734 0.63865 0.114459 0.050923
0.420327 0.115104 0.335935 0.0670575 0.0615767
0.2591 0.0883811 0.562412 0.029076 0.0610311
0.158757 0.121557 0.607675 0.0722183 0.0397923
0.511026 0.161637 0.294595 0.0311863 0.00155538
0.103843 0.226656 0.661503 0.00789779 9.9991E-05
0.265934 0.289024 0.444842 9.9982E-05 9.9982E-05
0.102159 0.170212 0.55009 0.089503 0.0880365
0.0374243 0.737738 0.224637 9.9982E-05 9.9982E-05
0.0544985 0.745599 0.199703 9.9982E-05 9.9982E-05
0.00561836 0.560001 0.43418 9.9982E-05 9.9982E-05
0.149914 0.180435 0.650435 0.0191154 9.9991E-05
0.0686694 0.136982 0.601009 0.147636 0.0457039
0.0336088 0.304061 0.653482 0.000684094 0.00816465
0.353785 0.270734 0.370958 0.00442231 9.9991E-05
0.29179 0.256942 0.451067 9.9982E-05 9.9982E-05
0.117431 0.174164 0.545877 0.0548887 0.10764
0.206696 0.221036 0.547307 0.0248609 9.9991E-05
0.183349 0.216008 0.600443 9.9982E-05 9.9982E-05
0.0416991 0.33581 0.622291 9.9982E-05 9.9982E-05
0.098559 0.825923 0.0620082 9.9991E-05 0.0134095
0.046431 0.171144 0.699094 0.0245741 0.0587573
0.0668629 9.9982E-05 0.0720002 0.860937 9.9982E-05
9.9973E-05 9.9973E-05 0.061512 0.938188 9.9973E-05
9.9982E-05 9.9982E-05 0.0804163 0.882706 0.0366774
9.9982E-05 9.9982E-05 0.0266818 0.941113 0.0320051
9.9973E-05 9.9973E-05 9.9973E-05 0.978821 0.0208794
9.9982E-05 9.9982E-05 0.0820551 0.884178 0.033567
9.9973E-05 9.9973E-05 0.062909 0.936791 9.9973E-05
0.111126 0.147727 0.628804 0.0360954 0.0762468
0.0604414 0.0919995 0.635743 0.130123 0.0816933
0.313007 0.446246 0.240547 9.9982E-05 9.9982E-05
0.062827 0.145368 0.651091 0.0900062 0.0507073
0.206213 0.237577 0.551401 0.00470863 9.9991E-05
0.0955682 0.158084 0.671789 0.0744588 9.9991E-05
0.0349063 0.279753 0.677825 0.00741593 9.9991E-05
0.0692083 0.23996 0.629176 0.00707956 0.0545766
0.431683 0.374156 0.193961 9.9982E-05 9.9982E-05
0.135275 0.133354 0.601833 0.105463 0.0240752
0.0722363 0.101205 0.702521 0.10177 0.022267
0.100569 0.0870897 0.635264 0.109523 0.0675551
0.0934823 0.475757 0.411601 9.9991E-05 0.0190599
9.9982E-05 0.321249 0.657449 0.0211025 9.9982E-05
0.237494 0.142841 0.609298 0.0102675 9.9991E-05
0.0390589 0.389417 0.571324 9.9982E-05 9.9982E-05
0.22897 0.174633 0.586657 0.00963987 9.9991E-05
0.0785102 0.170454 0.612178 0.115944 0.0229149
0.370089 0.251236 0.281765 0.000787147 0.0961222
0.351126 0.0784367 0.464935 0.10345 0.00205211
0.19522 9.9991E-05 0.591139 0.153574 0.059967
0.127117 0.0869229 0.674588 0.0703462 0.0410253
0.332517 0.0655122 0.513958 0.0685285 0.0194844
0.248562 9.9991E-05 0.638159 0.0643728 0.048806
0.399442 9.9991E-05 0.503813 0.0724508 0.024194
0.143132 0.150084 0.534807 0.118813 0.0531637
0.204095 0.0243029 0.592232 0.0840572 0.0953128
0.26633 0.0518074 0.588109 0.0733816 0.0203715
0.29457 0.0492181 0.590273 0.0359694 0.0299696
0.144578 0.0823112 0.614921 0.0638265 0.0943635
0.184397 0.0492717 0.600295 0.0638487 0.102187
0.185053 0.093824 0.600717 0.0165298 0.103876
0.0985592 0.106273 0.606033 0.0768404 0.112294
0.220837 0.0701083 0.618486 0.00558793 0.0849806
0.265689 0.252981 0.278207 0.0898409 0.113282
0.135756 0.0839503 0.657978 0.0467255 0.0755902
0.137621 0.06098 0.659634 0.056228 0.0855365
0.639641 0.0578572 0.248579 0.0175631 0.0363592
0.341826 0.432927 0.13663 9.9991E-05 0.0885159
0.253043 0.0836586 0.520753 0.0527231 0.0898222
0.322551 0.529307 0.103278 9.9991E-05 0.044764
0.585876 0.0258228 0.380242 9.9991E-05 0.00795969
0.43379 0.0597739 0.506236 9.9982E-05 9.9982E-05
0.501467 0.0862905 0.399602 9.9991E-05 0.01254
0.48743 0.0829557 0.427362 9.9991E-05 0.00215191
0.188779 0.0672657 0.63913 0.0722182 0.0326073
0.196897 0.0620137 0.56429 0.0952471 0.0815523
0.244298 0.0451272 0.591343 0.0287408 0.090491
0.39365 0.358591 0.200282 9.9991E-05 0.0473775
0.06955 0.121039 0.576612 0.202922 0.0298765
0.0264389 0.277169 0.489197 0.127409 0.0797859
0.0429332 0.775627 9.9982E-05 0.18124 9.9982E-05
0.0615228 0.131297 0.665092 0.060933 0.0811554
0.0799439 0.397755 0.355368 0.122415 0.0445186
0.025533 0.238695 0.528957 0.112995 0.0938202
0.118361 0.494803 0.264478 0.122258 9.9991E-05
0.134197 0.638681 0.123596 0.103427 9.9991E-05
0.0943823 0.392275 0.412577 0.0329844 0.0677811
0.105412 0.22789 0.446586 0.11457 0.105542
0.129239 0.232722 0.39905 0.150896 0.0880927
0.103482 0.615507 0.131836 0.0655633 0.0836115
0.0834359 0.154147 0.606295 0.103527 0.052595
0.10645 0.525455 0.367896 9.9982E-05 9.9982E-05
0.0644578 0.399283 0.534358 0.00180117 9.9991E-05
0.0365676 0.152697 0.593078 0.136514 0.0811431
9.9991E-05 0.211936 0.131944 0.413915 0.242105
9.9982E-05 0.307514 9.9982E-05 0.538013 0.154274
9.9982E-05 0.348893 9.9982E-05 0.508369 0.142538
0.0121134 0.246274 0.0645163 0.389578 0.287518
9.9982E-05 0.300085 0.675617 0.0240973 9.9982E-05
0.0719084 0.134004 0.614138 0.109678 0.0702717
9.9973E-05 9.9973E-05 0.316706 9.9973E-05 0.682994
0.0916127 9.9991E-05 0.398411 0.0540251 0.455851
0.0921507 0.0416508 0.382968 0.087453 0.395778
0.0596614 0.566491 0.2956 0.0265422 0.051705
0.109635 0.221731 0.494484 0.0775838 0.0965662
0.0787013 0.623502 0.283654 0.00965581 0.0044875
9.9991E-05 0.296774 0.585623 0.0757311 0.0417721
0.0329742 0.29955 0.541346 0.123312 0.00281827
9.9991E-05 0.337928 0.634001 0.0137991 0.0141717
0.0118056 0.70778 0.240372 0.0230059 0.0170367
9.9991E-05 0.162987 0.69517 0.100592 0.0411502
0.0445887 0.192438 0.596793 0.0846663 0.081514
0.00660412 9.9982E-05 0.0159304 9.9982E-05 0.977266
0.0369385 9.9982E-05 0.0303023 9.9982E-05 0.932559
0.0409212 0.024438 0.280852 0.0708335 0.582955
0.011622 9.9982E-05 0.343827 9.9982E-05 0.644351
0.0510559 9.9982E-05 0.127758 9.9982E-05 0.820986
9.997E-05 9.997E-05 9.997E-05 9.997E-05 0.9996
0.044249 9.9973E-05 9.9973E-05 9.9973E-05 0.955451
9.9973E-05 9.9973E-05 0.155305 9.9973E-05 0.844395
0.0561673 9.9973E-05 9.9973E-05 9.9973E-05 0.943533
9.997E-05 9.997E-05 9.997E-05 9.997E-05 0.9996
9.997E-05 9.997E-05 9.997E-05 9.997E-05 0.9996
0.013174 9.9991E-05 0.214008 0.0200046 0.752714
0.0771798 9.9991E-05 0.0924693 0.0277502 0.802501
9.997E-05 9.997E-05 9.997E-05 9.997E-05 0.9996
0.106598 0.0861938 0.347123 0.0544321 0.405653
0.0271988 9.9991E-05 0.278444 0.0540098 0.640247
9.9982E-05 9.9982E-05 0.149705 0.0372368 0.812858
9.9973E-05 9.9973E-05 0.0899056 9.9973E-05 0.909795
9.997E-05 9.997E-05 9.997E-05 9.997E-05 0.9996
9.9982E-05 9.9982E-05 0.0145491 0.0147716 0.970479
9.997E-05 9.997E-05 9.997E-05 9.997E-05 0.9996
0.0636957 9.9995E-05 0.228615 0.0683192 0.63927
0.000921248 0.0101034 0.00856183 0.0105353 0.969878
9.9982E-05 0.589873 9.9982E-05 0.344701 0.0652257
0.0180414 0.24711 0.349243 0.239278 0.146327
0.000573619 0.275205 0.453149 0.20713 0.0639432
9.9991E-05 0.446394 0.169575 0.231996 0.151935
0.0127071 0.218728 0.453369 0.190234 0.124961
9.9991E-05 0.484426 0.0936743 0.295182 0.126617
0.0180044 0.230098 0.412386 0.182741 0.15677
9.9991E-05 0.321429 0.318629 0.196389 0.163453
9.9991E-05 0.18699 0.455128 0.188514 0.169268
9.9991E-05 0.273131 0.356964 0.22613 0.143675
0.0254168 0.168117 0.432318 0.19058 0.183568
0.00760929 0.00721744 0.0700461 0.915027 9.9991E-05
9.9991E-05 0.0183712 0.0257796 0.898185 0.0575645
0.0351621 9.9973E-05 9.9973E-05 0.964538 9.9973E-05
9.9973E-05 0.0237101 9.9973E-05 0.97599 9.9973E-05
0.0279913 9.9982E-05 0.0619538 0.909855 9.9982E-05
9.9973E-05 9.9973E-05 9.9973E-05 0.997366 0.00233433
9.9982E-05 9.9982E-05 0.0536688 0.944983 0.00114855
0.0628001 9.9982E-05 0.00097988 0.93602 9.9982E-05
0.0199276 0.019184 0.0194557 0.925398 0.0160348
0.0245261 0.0260849 0.0225024 0.926014 0.000872613
0.308907 0.0898414 9.9982E-05 0.601052 9.9982E-05
0.373273 0.0112265 9.9982E-05 0.615301 9.9982E-05
0.354687 0.106916 9.9982E-05 0.538197 9.9982E-05
0.455254 0.0849865 9.9982E-05 0.459559 9.9982E-05
0.201389 0.143713 0.585165 0.0696324 9.9991E-05
0.172663 0.16819 0.59717 0.0481437 0.0138343
0.285606 0.0408854 0.621078 0.0260986 0.0263314
0.358049 0.132137 0.496271 0.0134436 9.9991E-05
0.645501 0.0939589 0.231055 9.9991E-05 0.0293857
0.0904535 0.0987985 0.740637 0.070011 9.9991E-05
0.170618 0.0951045 0.728909 9.9991E-05 0.00526846
0.0785355 0.286774 0.612445 9.9991E-05 0.0221458
0.0210567 0.40627 0.572473 9.9982E-05 9.9982E-05
0.12949 0.126182 0.642189 0.0550693 0.0470704
0.186344 0.214367 0.599088 9.9982E-05 9.9982E-05
0.101184 0.737607 0.161009 9.9982E-05 9.9982E-05
0.194229 0.0777791 0.596583 0.097385 0.0340241
0.0125968 0.639274 0.347929 9.9982E-05 9.9982E-05
0.0553241 0.272653 0.632931 0.0275255 0.0115657
0.355178 0.315378 0.329245 9.9982E-05 9.9982E-05
0.782617 0.0602172 9.9982E-05 0.156966 9.9982E-05
0.774402 0.000163949 0.0959564 0.129378 9.9991E-05
0.757205 0.0789443 0.0507824 0.112968 9.9991E-05
0.845124 0.0226325 9.9982E-05 0.132044 9.9982E-05
0.749343 0.0515328 0.135216 0.0638083 9.9991E-05
0.761794 0.0391903 0.0832631 0.0772733 0.038479
0.0157491 9.9991E-05 0.0553456 0.894254 0.0345515
0.0396972 9.9982E-05 0.117419 0.842684 9.9982E-05
9.9991E-05 0.00463277 0.157292 0.813374 0.0246006
0.0264605 0.0150203 0.052079 0.85906 0.0473801
0.0014215 9.9991E-05 0.12436 0.809739 0.0643796
0.534015 0.0405273 9.9982E-05 0.425258 9.9982E-05
0.52077 0.0191608 9.9982E-05 0.459869 9.9982E-05
0.533344 0.00317951 0.00710177 0.439565 0.0168091
0.0259169 9.9982E-05 0.103711 0.870172 9.9982E-05
0.541801 0.0491142 9.9982E-05 0.408885 9.9982E-05
9.9991E-05 0.12261 0.274326 0.278861 0.324104
0.0542652 0.0299688 0.487396 0.159453 0.268916
9.9982E-05 9.9982E-05 0.540627 0.195551 0.263622
9.9991E-05 0.128421 0.319588 0.283593 0.268298
0.0884219 0.0928154 0.505394 0.159731 0.153638
9.9982E-05 0.236282 9.9982E-05 0.46706 0.296458
0.410526 0.0460701 0.533418 0.00988589 9.9991E-05
0.185693 0.300419 0.483143 0.000811008 0.0299349
0.606898 0.0340344 0.358867 9.9982E-05 9.9982E-05
0.151794 0.238351 0.58162 9.9991E-05 0.0281347
0.314032 0.685669 9.9973E-05 9.9973E-05 9.9973E-05
0.107965 0.0861237 0.589031 0.149103 0.0677777
0.154364 0.174695 0.565079 0.0237545 0.0821081
0.477845 0.0912632 0.398011 0.0327815 9.9991E-05
0.150862 0.112085 0.577324 0.0961108 0.0636183
0.325368 0.490783 0.183649 9.9982E-05 9.9982E-05
0.173233 0.153626 0.601103 0.0490758 0.0229611
0.35103 0.0445313 0.564731 0.0164841 0.0232237
0.128698 0.172624 0.403831 0.122607 0.17224
0.254591 0.335826 0.360533 9.9991E-05 0.0489506
0.202083 0.289312 0.448789 9.9991E-05 0.0597159
0.177084 0.129641 0.623954 0.0237686 0.0455519
0.184642 0.187301 0.617882 9.9991E-05 0.0100752
0.0941942 0.128934 0.660081 0.0289787 0.0878121
0.163532 0.0908525 0.553624 0.1311 0.0608916
0.178886 0.100004 0.56304 0.0969712 0.061098
9.9982E-05 9.9982E-05 0.1041 0.858162 0.0375386
9.9973E-05 9.9973E-05 0.110608 0.889092 9.9973E-05
0.0130909 0.0211136 0.0571776 0.908518 9.9991E-05
0.0237611 9.9991E-05 0.0234081 0.905023 0.0477077
9.9973E-05 9.9973E-05 0.0762086 0.923491 9.9973E-05
0.674857 0.111239 0.152051 0.00212286 0.0597305
0.180671 0.117791 0.553252 0.0534702 0.0948164
0.0234137 0.127727 0.39552 0.212702 0.240638
0.208317 0.0221138 0.669058 0.0336726 0.0668385
0.40996 0.0107982 0.518605 0.000294567 0.060342
0.279155 0.359718 0.302364 0.0132984 0.0454648
0.804212 0.104125 0.0260607 0.0525707 0.0130315
0.36073 0.00441295 0.534166 0.0814148 0.019277
0.60181 0.0336471 0.262878 0.0231232 0.0785416
0.197398 0.227413 0.483751 0.0158899 0.0755471
0.681041 0.0422517 0.192803 0.0838044 9.9991E-05
0.280027 9.9991E-05 0.524131 0.0705158 0.125226
0.595803 0.144015 0.196446 0.0426194 0.0211158
0.320403 0.285619 0.250701 9.9991E-05 0.143178
0.101192 0.192172 0.557711 0.0997832 0.0491425
0.0347674 0.56765 0.34328 0.054203 9.9991E-05
0.0166905 0.300305 0.58882 0.0749329 0.0192515
0.0445271 0.210793 0.615774 0.122107 0.00679848
0.0214016 0.622644 0.30044 0.0554146 9.9991E-05
0.0822186 0.195165 0.566779 0.0932898 0.0625474
0.0621405 0.299878 0.562026 0.0758557 9.9991E-05
0.0105191 0.802219 0.187061 9.9982E-05 9.9982E-05
0.0187109 0.694803 0.230047 0.0563392 9.9991E-05
0.0282612 0.387678 0.519146 0.0648149 9.9991E-05
0.0970787 0.785026 0.117696 9.9982E-05 9.9982E-05
0.111571 0.373311 0.47297 0.0420486 9.9991E-05
0.735508 0.0252815 0.203397 9.9991E-05 0.0357132
0.342885 0.319056 0.233272 9.9991E-05 0.104687
0.433107 9.9991E-05 0.40791 0.0331363 0.125747
0.274239 9.9991E-05 0.588239 0.0228416 0.114581
0.631507 0.0452831 0.274787 9.9991E-05 0.0483226
0.16745 0.162774 0.55967 0.0220147 0.0880909
0.297154 0.0748099 0.568802 0.00153206 0.0577012
0.27865 0.102434 0.521315 0.0177385 0.0798623
0.310799 0.0453971 0.542445 9.9991E-05 0.101259
0.422166 0.00337003 0.50259 9.9991E-05 0.071774
0.547415 0.0835491 0.324977 9.9991E-05 0.0439583
0.50038 0.00827454 0.42637 9.9991E-05 0.0648755
0.221558 0.104244 0.605173 9.9991E-05 0.0689255
0.142905 0.118513 0.593781 0.03188 0.112922
0.336766 0.21202 0.291922 0.00666509 0.152627
0.234345 0.147605 0.479453 9.9991E-05 0.138497
0.533267 0.0108638 0.377842 9.9991E-05 0.0779273
0.266275 0.030984 0.595036 0.0518312 0.0558733
0.327681 0.0587488 0.464652 0.0481964 0.100722
0.167729 0.0934335 0.564838 0.0901984 0.083801
0.0567809 9.9991E-05 0.46418 0.326809 0.152129
0.00880561 0.127526 0.504457 0.154381 0.204831
0.0503159 0.130005 0.449026 0.193281 0.177372
0.0814331 0.125978 0.527612 0.0862516 0.178725
0.000835812 0.107779 0.447303 0.230441 0.213641
0.179951 0.267493 0.534757 9.9991E-05 0.0176995
0.0279558 0.101312 0.547403 0.172079 0.15125
0.105206 0.41806 0.0156396 0.225509 0.235586
0.0453491 0.0710578 0.59457 0.121773 0.16725
0.034912 0.105432 0.505924 0.161271 0.19246
0.0446472 0.101614 0.566478 0.135044 0.152217
0.034153 0.304357 0.291817 0.218929 0.150744
0.0348534 0.0153341 0.551215 0.227709 0.170888
0.0226023 0.101419 0.518146 0.161206 0.196626
9.9982E-05 0.356537 9.9982E-05 0.522563 0.1207
9.9991E-05 0.0630408 0.503956 0.226159 0.206744
9.9991E-05 0.0218695 0.578114 0.193973 0.205943
0.0267579 0.154031 0.525395 0.123337 0.170479
9.9991E-05 0.00457973 0.54383 0.222441 0.229049
0.035877 0.062984 0.539023 0.254693 0.107423
0.0114897 0.394488 0.507578 0.0584709 0.0279739
0.0473756 0.251877 0.557696 0.0630371 0.0800137
0.0888983 0.864697 0.0382042 9.9991E-05 0.00810056
0.0844942 0.833351 0.0819546 9.9982E-05 9.9982E-05
0.0112741 0.305531 0.528954 0.0801432 0.0740976
9.9991E-05 0.17098 0.330101 0.161338 0.337481
9.9991E-05 0.201065 0.325457 0.156352 0.317026
9.9991E-05 0.31196 0.185244 0.175025 0.327671
9.9991E-05 0.193954 0.365875 0.167538 0.272533
9.9991E-05 0.68018 0.11154 0.106513 0.101667
9.9991E-05 0.630642 0.176902 0.0975879 0.0947675
9.9991E-05 0.287318 0.608514 0.00241533 0.101652
9.9991E-05 0.331687 0.455147 0.0797007 0.133365
0.0323634 0.563191 0.254666 0.0458154 0.103964
0.10295 0.176405 0.572288 0.062623 0.0857332
9.9991E-05 0.251218 0.615513 0.0549389 0.0782297
0.0323892 0.220122 0.497882 0.100902 0.148705
0.00229765 0.549829 0.446001 0.00177251 9.9991E-05
0.0779198 0.407998 0.48694 0.0235555 0.0035867
0.0739868 0.270007 0.569434 0.0643062 0.0222653
0.106313 0.325827 0.494929 0.0297482 0.0431823
0.0351857 0.245638 0.55175 0.075415 0.0920106
9.9982E-05 0.461289 0.53061 9.9982E-05 0.00790118
0.0170297 0.648371 0.334399 9.9982E-05 9.9982E-05
9.9991E-05 0.255137 0.679037 0.0195361 0.0461906
0.0879617 0.629614 0.250945 9.9991E-05 0.0313792
9.9982E-05 0.396596 0.537235 0.0659693 9.9982E-05
0.0106755 0.300756 0.561509 0.107281 0.0197779
0.0941825 0.278035 0.50966 0.0536074 0.0645157
0.0277168 0.179914 0.493468 0.161919 0.136982
0.0490478 0.171745 0.466858 0.19647 0.115879
9.9991E-05 0.166316 0.331831 0.228672 0.273081
0.0451401 0.19376 0.289321 0.182922 0.288858
0.0871736 0.0567802 0.44879 0.18135 0.225906
0.0164029 0.212363 0.453763 0.140728 0.176744
9.9982E-05 0.662273 9.9982E-05 0.158748 0.178779
9.9991E-05 0.126275 0.540261 0.0979134 0.235451
9.9982E-05 0.517442 9.9982E-05 0.353417 0.128941
9.9991E-05 0.203658 0.526577 0.0716546 0.198011
9.9973E-05 0.771331 0.228369 9.9973E-05 9.9973E-05
0.0576503 0.86014 0.0820099 9.9982E-05 9.9982E-05
0.0174777 0.385546 0.5846 9.9991E-05 0.012276
0.0200279 0.281074 0.62002 9.9991E-05 0.0787784
9.9973E-05 0.471143 0.528558 9.9973E-05 9.9973E-05
9.9982E-05 0.325687 0.640004 9.9982E-05 0.0341092
9.9973E-05 0.334347 0.665353 9.9973E-05 9.9973E-05
0.0976653 9.9991E-05 0.00207892 0.892538 0.00761796
0.0842302 0.0371693 0.0355875 0.78594 0.0570732
0.0268725 9.9982E-05 9.9982E-05 0.950811 0.0221165
9.9973E-05 9.9973E-05 0.0440366 0.955663 9.9973E-05
0.0122639 0.249961 0.671276 0.0545096 0.0119891
0.140525 0.163858 0.658528 0.032302 0.0047873
0.13628 0.170771 0.69275 9.9982E-05 9.9982E-05
0.0531317 0.11416 0.689659 0.14295 9.9991E-05
0.0974846 0.12489 0.656365 0.0995761 0.021684
0.266341 0.260582 0.470152 0.00282478 9.9991E-05
0.0133383 0.152727 0.779653 0.054182 9.9991E-05
0.0243847 0.535151 0.440264 9.9982E-05 9.9982E-05
0.0255382 0.0428291 0.403927 0.350425 0.177281
0.0340274 0.388625 0.577148 9.9982E-05 9.9982E-05
0.222691 0.254385 0.522723 9.9982E-05 9.9982E-05
0.0582029 0.269685 0.652634 9.9991E-05 0.0193777
0.239462 0.18013 0.572115 0.00819202 9.9991E-05
9.9982E-05 0.291017 0.695256 0.0135268 9.9982E-05
0.141633 0.161596 0.637795 0.0588767 9.9991E-05
0.0129634 0.730782 0.256054 9.9982E-05 9.9982E-05
0.0433803 0.47994 0.47648 9.9982E-05 9.9982E-05
0.0513103 0.392576 0.555914 9.9982E-05 9.9982E-05
0.0264779 0.880692 0.09263 9.9982E-05 9.9982E-05
0.187307 0.194367 0.578748 0.0394781 9.9991E-05
0.0573516 0.711806 0.230642 9.9982E-05 9.9982E-05
0.0821616 0.839759 0.0778799 9.9982E-05 9.9982E-05
0.0130296 0.258493 0.675986 0.0273801 0.0251113
0.300638 0.311522 0.38764 9.9982E-05 9.9982E-05
0.204357 0.158614 0.629939 0.00699057 9.9991E-05
0.00373789 0.140736 0.679175 0.125558 0.0507937
0.156264 0.160036 0.65983 0.0237699 9.9991E-05
0.276494 0.27608 0.391701 9.9991E-05 0.055625
0.141182 0.154289 0.685975 0.00200771 0.0165467
0.168537 0.168343 0.66292 9.9982E-05 9.9982E-05
0.0353854 0.458884 0.505531 9.9982E-05 9.9982E-05
0.0801331 0.183445 0.602441 0.120621 0.0133607
0.286277 0.0295781 9.9982E-05 0.683945 9.9982E-05
0.160024 0.0515496 0.00307441 0.785252 9.9991E-05
0.144847 9.9973E-05 9.9973E-05 0.854853 9.9973E-05
0.140015 0.00242759 9.9982E-05 0.857357 9.9982E-05
0.1681 0.0357059 0.0366166 0.759478 9.9991E-05
0.317925 0.345451 0.336424 9.9982E-05 9.9982E-05
0.310558 0.326626 0.362617 9.9982E-05 9.9982E-05
0.0101291 0.604997 0.384674 9.9982E-05 9.9982E-05
0.0835962 0.116674 0.670907 0.124073 0.00474907
0.058218 0.112153 0.625222 0.124427 0.0799795
0.0180628 0.501203 0.474878 9.9991E-05 0.00575594
0.0356735 0.192075 0.723142 0.000113277 0.0489963
0.0287118 0.352132 0.546597 0.016772 0.055787
0.115637 0.243687 0.622841 0.017734 9.9991E-05
0.0474283 0.126967 0.725502 0.039 0.0611024
0.335594 0.259338 0.404868 9.9982E-05 9.9982E-05
0.292539 0.231077 0.476184 9.9982E-05 9.9982E-05
0.264956 0.271775 0.463069 9.9982E-05 9.9982E-05
0.0243723 0.111186 0.694918 0.129049 0.0404748
0.228345 0.208329 0.563126 9.9982E-05 9.9982E-05
0.207229 0.170377 0.594609 0.0276854 9.9991E-05
0.00865807 0.0456119 0.448043 0.124636 0.373051
9.9991E-05 0.0500327 0.339853 0.14215 0.467864
0.0335443 9.9991E-05 0.457004 0.0727988 0.436553
9.9991E-05 0.0550333 0.252021 0.161853 0.530992
0.0171853 0.025447 0.475442 0.119834 0.362092
9.9982E-05 0.304764 0.613341 0.0816945 9.9982E-05
9.9982E-05 0.0918872 9.9982E-05 0.260936 0.646977
9.9991E-05 0.0389432 0.280558 0.16129 0.519108
9.9991E-05 0.26129 0.396777 0.178087 0.163746
0.0928406 0.128002 0.571606 0.20662 0.000930234
0.0520749 0.210907 0.490594 0.198763 0.0476606
0.0182816 0.160302 0.644591 0.167751 0.00907471
9.9991E-05 0.13925 0.632472 0.16456 0.0636181
9.9982E-05 9.9982E-05 0.332507 0.178266 0.489027
0.0464445 0.0481685 0.371551 0.153714 0.380123
9.9982E-05 9.9982E-05 0.360245 0.0844215 0.555134
0.0159848 0.0203384 0.519127 0.155824 0.288726
0.0484926 0.0397076 0.249706 0.165273 0.496821
0.0393713 0.0290513 0.436755 0.140482 0.35434
0.0109304 0.0611371 0.237131 0.146254 0.544548
0.0530312 0.102132 0.388765 0.107266 0.348806
0.034231 0.265875 0.534686 0.137956 0.0272525
0.0262937 0.0515346 0.364793 0.183186 0.374192
9.9991E-05 0.0398789 0.129492 0.220277 0.610252
0.08994 0.00744417 0.354458 0.122213 0.425944
0.141698 0.279091 0.351547 0.227564 9.9991E-05
9.9991E-05 0.253666 0.611501 0.0707632 0.0639696
0.0247972 0.0345257 0.431324 0.18429 0.325063
0.0409832 0.177311 0.587642 0.193964 9.9991E-05
0.0597855 0.149826 0.552725 0.237563 9.9991E-05
0.00298261 0.160416 0.405207 0.223425 0.207968
0.0245739 0.112363 0.35545 0.232499 0.275115
0.0941307 0.113459 0.544092 0.123883 0.124436
0.0545494 0.0174256 0.446112 0.163716 0.318197
0.00699446 9.9991E-05 0.44587 0.112671 0.434364
9.9991E-05 0.0518054 0.119874 0.198993 0.629227
0.0438786 0.104069 0.593749 0.135297 0.123007
0.0356327 0.266877 0.499253 0.198138 9.9991E-05
9.9991E-05 0.674317 0.12932 0.14723 0.0490336
0.0631925 0.105344 0.654271 0.154342 0.02285
0.167133 0.269056 0.417731 0.105967 0.0401125
9.9991E-05 0.132219 0.46542 0.218294 0.183967
9.9991E-05 0.202693 0.522447 0.177567 0.0971929
9.9982E-05 0.467633 9.9982E-05 0.39804 0.134127
9.9982E-05 0.526233 9.9982E-05 0.376182 0.0973855
9.9991E-05 0.354966 0.322725 0.24369 0.0785186
9.9991E-05 0.436267 0.031543 0.363736 0.168354
9.9982E-05 0.287641 9.9982E-05 0.509428 0.202732
9.9991E-05 0.288386 0.37815 0.203131 0.130232
0.0134097 0.246033 0.31007 0.236602 0.193884
9.9991E-05 0.365501 0.129268 0.326035 0.179096
9.9991E-05 0.487452 0.0403968 0.304952 0.167099
9.9991E-05 0.180079 0.480746 0.177402 0.161673
9.9991E-05 0.426738 0.155524 0.273313 0.144325
9.9982E-05 0.520116 9.9982E-05 0.391037 0.0886473
0.0531956 0.111264 0.50916 0.148194 0.178186
9.9991E-05 0.229414 0.302185 0.245697 0.222603
0.0770449 0.00973089 0.402237 0.30617 0.204817
9.9982E-05 9.9982E-05 0.605434 0.156315 0.238051
9.9991E-05 0.0825534 0.486472 0.208391 0.222483
0.0341757 0.0186857 0.491244 0.158131 0.297764
0.103439 9.9991E-05 0.310837 0.359063 0.226561
0.0264482 0.0191944 0.505426 0.232266 0.216665
9.9991E-05 0.00338247 0.502472 0.297353 0.196692
9.9991E-05 0.201123 0.266531 0.265313 0.266933
0.148564 0.169172 0.378031 0.188655 0.115577
0.0103895 0.105414 0.514207 0.234667 0.135323
0.0984947 0.0462828 0.509795 0.135138 0.210289
0.0786701 0.077464 0.548144 0.114088 0.181634
0.0305517 0.0431983 0.396185 0.298415 0.23165
0.0137762 0.0389991 0.509995 0.205957 0.231273
9.9991E-05 0.270314 0.0172408 0.370212 0.342133
0.0330023 0.0696396 0.499153 0.189924 0.208281
9.9991E-05 0.207924 0.169892 0.29437 0.327714
0.184986 9.9982E-05 9.9982E-05 0.807462 0.00735252
0.766412 0.00429437 0.16233 0.0459403 0.0210231
0.9996 9.997E-05 9.997E-05 9.997E-05 9.997E-05
0.9996 9.997E-05 9.997E-05 9.997E-05 9.997E-05
0.960852 9.9982E-05 0.00349115 9.9982E-05 0.0354568
0.987611 9.9973E-05 9.9973E-05 9.9973E-05 0.0120893
0.974043 9.9973E-05 0.0256569 9.9973E-05 9.9973E-05
0.994831 9.9973E-05 9.9973E-05 0.00486871 9.9973E-05
0.855798 9.9973E-05 9.9973E-05 0.143902 9.9973E-05
0.0700095 0.00547069 0.0204824 0.903937 9.9991E-05
0.151992 9.9982E-05 0.0426964 0.805112 9.9982E-05
0.0567564 0.0118823 0.0347158 0.896546 9.9991E-05
0.0874168 9.9982E-05 0.03755 0.874833 9.9982E-05
0.108441 9.9982E-05 0.000261771 0.891098 9.9982E-05
0.0315088 9.9982E-05 0.0621574 0.906134 9.9982E-05
9.9991E-05 0.0132891 0.161484 0.768757 0.0563694
9.9982E-05 9.9982E-05 0.0722362 0.919266 0.00829746
0.059827 0.041428 0.106986 0.734434 0.0573252
9.9982E-05 9.9982E-05 0.0250497 0.908048 0.0667023
9.997E-05 9.997E-05 9.997E-05 0.9996 9.997E-05
0.0245495 9.9991E-05 0.0547637 0.906097 0.0144896
0.00315457 9.9973E-05 9.9973E-05 0.996546 9.9973E-05
9.9982E-05 9.9982E-05 0.0291125 0.966326 0.004362
9.9982E-05 9.9982E-05 0.0878778 0.911305 0.0006175
9.9982E-05 9.9982E-05 0.044048 0.939565 0.0161873
9.9982E-05 9.9982E-05 0.0666359 0.879754 0.0534105
9.9982E-05 9.9982E-05 0.105563 0.861779 0.0324587
9.9982E-05 9.9982E-05 0.0955455 0.830033 0.0742219
0.062814 0.286099 0.454439 0.196548 9.9991E-05
0.0292517 0.130108 0.708849 0.131691 9.9991E-05
0.0856869 0.0774187 0.648205 0.14113 0.0475593
9.9991E-05 0.730609 0.106466 0.117921 0.0449042
0.125209 0.171561 0.558271 0.144859 9.9991E-05
9.9991E-05 0.719762 0.101118 0.170914 0.00810613
9.9991E-05 0.191456 0.591364 0.104992 0.112088
0.127892 0.219461 0.476882 0.175666 9.9991E-05
0.0304872 0.239522 0.545866 0.184025 9.9991E-05
0.102654 0.221849 0.621878 0.0535193 9.9991E-05
0.114197 0.212307 0.516427 0.156969 9.9991E-05
0.0392281 0.159084 0.657595 0.0830301 0.0610625
0.0735887 0.196562 0.57238 0.157369 9.9991E-05
0.424016 0.423834 0.0570948 9.9991E-05 0.0949549
9.9982E-05 0.824183 0.0201634 0.155454 9.9982E-05
9.9991E-05 0.68235 0.136093 0.159943 0.0215134
0.0141993 0.15914 0.633351 0.164682 0.0286277
9.9991E-05 0.346732 0.497026 0.0963729 0.0597685
9.9982E-05 0.257787 0.648477 0.0935364 9.9982E-05
0.0566876 0.107733 0.627292 0.14012 0.068167
0.0969885 0.072782 0.429645 0.239318 0.161267
0.0409056 0.00990363 0.564856 0.234213 0.150122
0.211604 0.0696272 0.164725 0.393208 0.160837
0.0773515 0.0850705 0.595568 0.183473 0.0585365
0.158493 0.0531223 0.413592 0.245969 0.128824
9.9982E-05 0.385608 9.9982E-05 0.430951 0.183241
9.9991E-05 0.190909 0.260396 0.288465 0.26013
0.0731436 0.0876573 0.278753 0.376866 0.18358
0.151159 0.00846264 0.390006 0.338636 0.111736
0.0229321 0.122725 0.554864 0.132462 0.167017
0.0354052 0.0770515 0.577532 0.203288 0.106724
9.9991E-05 0.0509886 0.62811 0.206127 0.114675
9.9991E-05 0.191238 0.432445 0.18632 0.189897
0.0697692 0.0467374 0.243727 0.532748 0.107018
