0.0531341 0.916767 9.9991E-05 0.0154685 0.0145304
9.9973E-05 0.991156 9.9973E-05 9.9973E-05 0.00854374
0.00361179 0.888519 0.0198033 0.0741645 0.0139019
9.9982E-05 0.845082 9.9982E-05 0.12503 0.0296886
9.9982E-05 0.926999 9.9982E-05 0.067683 0.00511803
0.0381778 0.684034 0.147316 0.0641537 0.0663186
9.9991E-05 0.832815 0.127936 0.010404 0.0287456
0.00884536 0.772861 0.121106 0.0319368 0.0652499
9.9982E-05 0.843441 0.0156599 9.9982E-05 0.140699
9.999E-05 0.801479 0.110219 0.0408311 0.0473701
9.9991E-05 0.792652 0.074366 0.0909365 0.0419452
0.0128111 0.0507326 0.117996 0.303354 0.515106
0.0509394 0.0599547 0.0422952 0.571965 0.274846
0.0847563 9.9991E-05 0.0790091 0.310217 0.525918
0.14142 0.038627 0.00925476 0.28392 0.526778
0.150636 0.0955431 9.9991E-05 0.435514 0.318207
0.103525 0.0397344 0.0257017 0.610172 0.220867
0.0862111 0.0403417 0.0634396 0.499951 0.310057
0.0916781 0.0973566 0.0769763 0.285722 0.448267
9.999E-05 0.0182776 0.152902 0.0820022 0.746718
0.0502603 0.0390626 0.107659 0.475929 0.32709
0.0705645 0.0492369 0.235485 0.472458 0.172255
0.0483378 0.0393984 0.0860531 0.592096 0.234115
0.0798283 0.063466 0.10267 0.278122 0.475914
0.0870633 0.113869 0.0418902 0.689594 0.0675834
0.0455058 0.0554222 0.00706944 0.573671 0.318331
0.0169138 0.0633902 0.0569725 0.308648 0.554076
0.105292 0.0239419 0.0841168 0.304717 0.481933
0.0030389 0.0330334 0.14379 0.27645 0.543687
0.022177 0.884446 9.9982E-05 0.093177 9.9982E-05
9.9973E-05 0.87397 9.9973E-05 0.12573 9.9973E-05
0.0780431 0.814537 9.9982E-05 0.10722 9.9982E-05
0.0634342 0.773092 9.9982E-05 0.163274 9.9982E-05
0.0333372 0.0819942 0.189456 0.571407 0.123806
0.0756471 0.084621 0.149784 0.599961 0.0899875
0.00286441 0.00244393 0.239798 0.689582 0.0653116
0.0130002 0.0247907 0.0622142 0.219814 0.680181
9.9982E-05 9.9982E-05 0.567239 0.424442 0.00811827
0.0459783 0.0447009 0.0779812 0.648045 0.183294
0.00823399 0.0706047 0.135232 0.765273 0.0206568
9.9991E-05 0.179329 0.150826 0.576179 0.0935665
0.0421535 0.121094 0.0905545 0.642032 0.104166
9.9982E-05 9.9982E-05 0.327851 0.330123 0.341826
0.0646848 0.0769723 0.203058 0.631895 0.0233902
0.0306266 0.0814627 0.160684 0.666964 0.0602626
0.0438728 0.184461 0.115056 0.604948 0.0516625
9.9982E-05 9.9982E-05 0.431518 0.490802 0.0774804
0.0363875 0.082046 0.113075 0.653085 0.115407
0.0373529 0.119356 0.109384 0.601257 0.13265
9.9982E-05 0.00598164 0.892354 9.9982E-05 0.101464
9.9982E-05 9.9982E-05 0.117856 0.229057 0.652888
0.0687602 0.0133361 0.445729 0.195317 0.276857
0.124473 0.07771 0.0829414 0.587405 0.12747
0.0850681 0.0731094 0.139371 0.60221 0.100241
0.0911136 0.0714544 0.0761891 0.643564 0.117679
9.9991E-05 0.120432 0.124754 0.234144 0.52057
0.0293598 9.9982E-05 9.9982E-05 0.632471 0.337969
0.103438 0.0718169 0.0617049 0.594885 0.168155
0.0487404 0.11099 0.0913375 0.443965 0.304968
0.00998723 0.141035 0.157943 0.174051 0.516984
0.0727603 0.0732449 0.0862577 0.569663 0.198074
0.0408655 0.0749738 0.0710973 0.57477 0.238293
9.9991E-05 0.0754239 0.170666 0.144784 0.609025
0.0362673 9.9991E-05 0.0987822 0.459279 0.405571
0.0620897 0.0507136 0.161486 0.606939 0.118772
9.9991E-05 0.119012 0.0374739 0.675539 0.167875
0.0812404 0.0664935 0.098248 0.309552 0.444466
0.0909674 0.0454548 0.102034 0.493755 0.267789
0.0743298 0.014666 0.0740079 0.621348 0.215648
9.9991E-05 0.0224135 0.126885 0.293852 0.556749
9.9991E-05 0.0112402 0.217808 0.653771 0.117081
9.9982E-05 9.9982E-05 0.305604 0.412609 0.281587
0.0815071 0.08864 0.143991 0.565419 0.120442
9.9982E-05 9.9982E-05 0.713685 0.20122 0.0848949
9.9982E-05 9.9982E-05 0.751168 0.186113 0.0625191
9.9982E-05 9.9982E-05 0.540807 0.416349 0.0426439
9.9991E-05 0.0380112 0.147016 0.621116 0.193756
0.0775832 0.132723 0.125131 0.58818 0.0763829
9.9982E-05 9.9982E-05 0.303474 0.635202 0.0611233
9.9991E-05 0.00500382 0.319715 0.343806 0.331375
9.9982E-05 9.9982E-05 0.275626 0.438679 0.285496
0.0484037 0.0834051 0.180266 0.577941 0.109985
9.9991E-05 0.0250567 0.283144 0.50101 0.19069
9.9982E-05 9.9982E-05 0.201337 0.599109 0.199354
9.9991E-05 0.000250825 0.378055 0.607454 0.0141404
9.9982E-05 9.9982E-05 0.832877 0.0566392 0.110284
0.0199127 0.0385931 0.161455 0.721631 0.0584082
9.9982E-05 0.859226 9.9982E-05 0.0585114 0.0820626
9.9973E-05 0.940062 9.9973E-05 0.0596384 9.9973E-05
0.0298852 0.85505 9.9982E-05 0.114865 9.9982E-05
0.0337546 0.944466 9.9982E-05 0.0215796 9.9982E-05
0.0247484 0.964429 9.9982E-05 0.0106228 9.9982E-05
0.0236482 0.888371 9.9982E-05 0.0877803 9.9982E-05
9.9973E-05 0.933616 9.9973E-05 0.0660845 9.9973E-05
0.0317819 0.0894476 0.113493 0.66408 0.101197
0.0358199 0.108809 0.0814067 0.674524 0.0994404
9.9982E-05 9.9982E-05 0.435328 0.221648 0.342824
0.043709 0.108693 0.0912415 0.619231 0.137126
9.9982E-05 9.9982E-05 0.211761 0.533541 0.254498
9.9991E-05 0.0700661 0.153295 0.678569 0.0979697
0.0063863 0.064727 0.235079 0.693707 9.9991E-05
0.0328328 0.0132797 0.206413 0.600913 0.146561
9.9982E-05 9.9982E-05 0.370298 0.178575 0.450927
0.0470421 0.11457 0.107121 0.587841 0.143426
0.0625848 0.0933635 0.0559299 0.702183 0.0859386
0.0323546 0.146396 0.117051 0.625139 0.0790593
9.9982E-05 9.9982E-05 0.480761 0.415131 0.103908
0.00377178 0.0136561 0.322817 0.648072 0.0116833
9.9982E-05 9.9982E-05 0.184349 0.580407 0.235045
9.9982E-05 9.9982E-05 0.411666 0.542745 0.0453893
9.9991E-05 0.0251698 0.201236 0.574647 0.198847
0.0242838 0.131172 0.117735 0.571193 0.155615
0.0886218 0.00492438 0.225102 0.288573 0.392778
9.9991E-05 0.095953 0.0374247 0.479725 0.386797
0.0902499 0.111091 9.9991E-05 0.541959 0.256601
0.0541761 0.118055 0.0900064 0.601047 0.136716
0.0376566 0.0438939 0.0645256 0.496609 0.357315
0.0532005 0.0368431 0.0384743 0.605521 0.265962
9.9982E-05 0.0823912 9.9982E-05 0.517125 0.400284
0.0477036 0.0907675 0.140892 0.559376 0.161261
0.0699592 0.106315 0.0168079 0.624153 0.182766
0.0187121 0.0588956 0.0529985 0.63726 0.232134
9.9991E-05 0.0339917 0.0311516 0.645974 0.288783
0.051532 0.111709 0.0463366 0.626133 0.164289
0.0608993 0.0901561 0.0838279 0.621704 0.143412
0.11958 9.9991E-05 0.0623733 0.570624 0.247322
0.0981304 0.0982542 0.105795 0.540508 0.157312
0.0559245 0.0201949 0.126468 0.633642 0.16377
0.116565 0.0692834 0.26375 0.283954 0.266447
0.127068 0.0211645 0.0912463 0.579851 0.18067
0.0465579 0.0230004 0.118853 0.67883 0.132759
0.0465352 9.9991E-05 0.0830629 0.2433 0.627002
0.0867283 9.9991E-05 0.429498 0.144865 0.338808
0.0707652 0.0670999 0.10071 0.516381 0.245043
0.0212651 9.9991E-05 0.522102 0.13714 0.319393
9.9982E-05 9.9982E-05 0.0199165 0.40277 0.577113
9.9982E-05 9.9982E-05 0.0591512 0.492949 0.4477
9.9991E-05 0.016302 0.0643085 0.398325 0.520965
0.00983399 9.9991E-05 0.0576036 0.406842 0.525621
0.0115832 0.0676082 0.107851 0.641945 0.171012
0.0922132 0.0925664 0.0735967 0.538964 0.202659
0.062841 0.0463501 0.0374778 0.596472 0.256859
0.0315344 9.9991E-05 0.378596 0.21021 0.37956
0.0400494 0.16235 0.148874 0.531473 0.117254
0.0777098 0.102363 0.290334 0.475941 0.0536533
9.9982E-05 0.164568 0.762365 9.9982E-05 0.0728675
0.0962807 0.0661526 0.131504 0.658271 0.0477917
0.0345303 0.127963 0.400888 0.350167 0.0864509
0.0787311 0.127692 0.216399 0.516054 0.0611245
0.00806384 0.127197 0.482239 0.255066 0.127434
9.9991E-05 0.113002 0.637914 0.122376 0.126608
0.0301551 0.0839282 0.363402 0.416921 0.105594
0.105293 0.138012 0.163944 0.489163 0.103587
0.071496 0.178438 0.171591 0.464333 0.114143
0.081671 0.0761886 0.548631 0.168499 0.12501
0.130567 0.0487124 0.142973 0.537058 0.14069
9.9982E-05 9.9982E-05 0.526002 0.390992 0.0828064
0.0104864 9.9991E-05 0.378852 0.49581 0.114752
0.0756492 0.141091 0.146126 0.58423 0.0529038
0.279737 0.376497 0.198827 0.110401 0.0345383
0.146252 0.526462 0.327085 9.9982E-05 9.9982E-05
0.14722 0.475604 0.376975 9.9982E-05 9.9982E-05
0.303396 0.383062 0.241885 0.0297249 0.0419328
0.0143978 0.0230515 0.300865 0.649393 0.0122926
0.0380166 0.111036 0.127948 0.653351 0.0696483
0.674398 9.9973E-05 9.9973E-05 0.325302 9.9973E-05
0.480858 0.0400265 9.9991E-05 0.376916 0.102099
0.374835 0.119088 0.000524429 0.416236 0.0893164
0.0477561 0.0340195 0.590151 0.281506 0.0465673
0.061443 0.108878 0.188576 0.530532 0.110572
9.9991E-05 0.00656566 0.579326 0.306575 0.107433
0.0128865 0.0914027 0.255036 0.610057 0.0306179
0.0214293 0.101247 0.325631 0.520144 0.0315486
0.0451539 0.0302269 0.313627 0.610892 9.9991E-05
0.0235943 0.0434277 0.689346 0.222868 0.0207635
0.0512215 0.0888841 0.202104 0.657691 9.9991E-05
0.0482249 0.129365 0.164155 0.62542 0.0328352
0.972307 9.9982E-05 9.9982E-05 0.0123899 0.0151031
0.916788 9.9982E-05 9.9982E-05 0.0702146 0.0127973
0.556304 0.0411243 9.9991E-05 0.299162 0.10331
0.622946 9.9982E-05 9.9982E-05 0.338305 0.0385495
0.822852 9.9982E-05 9.9982E-05 0.134018 0.0429294
0.9996 9.997E-05 9.997E-05 9.997E-05 9.997E-05
0.974525 9.9973E-05 9.9973E-05 9.9973E-05 0.0251753
0.866271 9.9973E-05 9.9973E-05 0.133429 9.9973E-05
0.930565 9.9973E-05 9.9973E-05 9.9973E-05 0.0691351
0.9996 9.997E-05 9.997E-05 9.997E-05 9.997E-05
0.9996 9.997E-05 9.997E-05 9.997E-05 9.997E-05
0.766519 0.0286711 9.9982E-05 0.20461 9.9982E-05
0.802276 0.000652777 9.9991E-05 0.0886571 0.108315
0.9996 9.997E-05 9.997E-05 9.997E-05 9.997E-05
0.394299 0.101156 0.0597909 0.392659 0.0520944
0.648812 0.0216816 9.9991E-05 0.276408 0.0529987
0.815506 0.0329932 9.9982E-05 0.151301 9.9982E-05
0.898842 9.9982E-05 9.9982E-05 0.0987956 0.00216201
0.9996 9.997E-05 9.997E-05 9.997E-05 9.997E-05
0.962515 9.9973E-05 9.9973E-05 0.0371851 9.9973E-05
0.9996 9.997E-05 9.997E-05 9.997E-05 9.997E-05
0.637913 0.0609394 0.0107899 0.216207 0.0741512
0.966487 0.00994816 0.0127108 9.9991E-05 0.010754
0.0584356 0.35483 0.586535 9.9982E-05 9.9982E-05
0.111438 0.241827 0.263766 0.35304 0.0299276
0.0508866 0.214606 0.262971 0.471437 9.9991E-05
0.149096 0.235702 0.466794 0.148308 9.9991E-05
0.123082 0.185021 0.203988 0.449456 0.0384524
0.139587 0.312093 0.460229 0.0879919 9.9991E-05
0.111706 0.204253 0.193553 0.462182 0.0283056
0.131116 0.23409 0.326163 0.308531 9.9991E-05
0.118901 0.203869 0.189999 0.487132 9.9991E-05
0.14844 0.23674 0.24327 0.371451 9.9991E-05
0.163969 0.222169 0.190455 0.423307 9.9991E-05
9.9991E-05 0.923007 0.00132089 0.0707593 0.00481258
0.0694018 0.899798 0.0282644 0.00205625 0.000479253
9.9982E-05 0.977629 9.9982E-05 0.0129326 0.00923859
9.9973E-05 0.99859 9.9973E-05 9.9973E-05 0.00111035
9.9982E-05 0.94073 9.9982E-05 0.0464376 0.0126324
0.0123232 0.984204 9.9982E-05 9.9982E-05 0.00327237
0.0134227 0.895766 9.9991E-05 0.0579977 0.0327134
9.9973E-05 0.951944 9.9973E-05 9.9973E-05 0.0477556
0.0283178 0.911146 0.00791907 0.0236464 0.0289703
9.9991E-05 0.943239 0.0127589 0.0182217 0.0256808
9.9982E-05 0.6097 0.0721869 9.9982E-05 0.317914
9.9982E-05 0.606865 0.0300534 9.9982E-05 0.362882
9.9982E-05 0.552317 0.101107 9.9982E-05 0.346376
9.9982E-05 0.461956 0.129993 9.9982E-05 0.407851
0.00790436 0.062585 0.175952 0.541749 0.211809
0.0378936 0.00885201 0.1531 0.569948 0.230206
0.0102467 0.0179681 0.0764668 0.629465 0.265853
9.9991E-05 0.0232422 0.137719 0.463071 0.375867
0.0205976 9.9991E-05 0.118495 0.21915 0.641657
0.0215865 0.0456153 0.100168 0.721476 0.111154
0.00758218 9.9991E-05 0.109876 0.686646 0.195796
0.00828861 9.9991E-05 0.266147 0.631762 0.093703
9.9982E-05 9.9982E-05 0.415943 0.542374 0.0414828
0.0604462 0.0460079 0.142594 0.651356 0.0995961
9.9982E-05 9.9982E-05 0.210074 0.555509 0.234217
9.9982E-05 9.9982E-05 0.766832 0.139138 0.0938298
0.084829 0.0329862 0.122451 0.5552 0.204534
9.9982E-05 9.9982E-05 0.640203 0.350404 0.00919283
9.9991E-05 0.0231838 0.291526 0.615409 0.0697815
9.9982E-05 9.9982E-05 0.320077 0.309674 0.370048
9.9982E-05 0.155717 0.0612742 9.9982E-05 0.782809
9.9991E-05 0.134759 0.0495663 0.0694739 0.746101
9.9991E-05 0.10512 0.0934302 0.0216273 0.779722
9.9982E-05 0.125638 0.0410433 9.9982E-05 0.833118
9.9991E-05 0.0559614 0.0456116 0.104088 0.794239
0.0389463 0.0856856 0.0358998 0.0767335 0.762735
0.057736 0.875575 9.9991E-05 0.0455052 0.021084
0.00358613 0.86286 9.9991E-05 0.118202 0.0152526
0.0332699 0.807365 0.000151616 0.159114 9.9991E-05
0.0465004 0.883091 9.9991E-05 0.0304907 0.0398176
0.030492 0.808964 9.9991E-05 0.158076 0.00236871
9.9982E-05 0.418986 0.0187863 9.9982E-05 0.562028
9.9982E-05 0.450482 0.0423024 9.9982E-05 0.507016
0.00180538 0.458086 9.9991E-05 0.0117311 0.528277
0.00335562 0.86621 9.9982E-05 0.130235 9.9982E-05
9.9982E-05 0.399532 0.0444673 9.9982E-05 0.555801
0.336031 0.288722 0.118835 0.256311 9.9991E-05
0.238807 0.166465 0.0174276 0.531509 0.0457916
0.273355 0.192356 9.9982E-05 0.534088 9.9982E-05
0.252681 0.304352 0.120462 0.322406 9.9991E-05
0.145558 0.19349 0.0925469 0.516124 0.0522807
0.313456 0.45893 0.227414 9.9982E-05 9.9982E-05
9.9991E-05 0.0035115 0.0836784 0.492094 0.420616
0.0307001 9.9991E-05 0.291775 0.4833 0.194125
9.9991E-05 0.043758 0.0663873 0.322133 0.567622
0.0557628 9.9991E-05 0.230121 0.565205 0.148812
9.9973E-05 9.9973E-05 0.711823 9.9973E-05 0.287877
0.0349108 0.117826 0.0897771 0.63648 0.121006
0.0517915 0.0360195 0.171046 0.581991 0.159151
9.9991E-05 0.0431318 0.132996 0.378792 0.44498
0.080084 0.0890456 0.108658 0.553405 0.168808
9.9982E-05 9.9982E-05 0.479881 0.196358 0.323561
0.0382947 0.0113619 0.167187 0.608925 0.174232
0.0263873 0.0265988 0.0636647 0.556184 0.327165
0.156112 0.126952 0.15825 0.43562 0.123066
0.0565749 9.9991E-05 0.312972 0.356626 0.273727
0.0643419 9.9991E-05 0.249679 0.455698 0.230181
0.0432084 0.0175698 0.153717 0.625765 0.15974
0.0121063 9.9991E-05 0.186572 0.607044 0.194179
0.100778 0.0363678 0.127486 0.641192 0.0941754
0.0723122 0.0923224 0.105757 0.537495 0.192114
0.0653758 0.0737835 0.0493133 0.582514 0.229013
0.0551052 0.863446 9.9982E-05 0.0812484 9.9982E-05
9.9973E-05 0.893867 9.9973E-05 0.105833 9.9973E-05
9.9991E-05 0.919029 0.022782 0.0518691 0.00621994
0.0628453 0.892307 9.9991E-05 0.00271277 0.0420352
9.9982E-05 0.913126 9.9982E-05 0.0788139 0.00786031
0.06555 0.00841282 0.104142 0.136959 0.684937
0.102343 0.0238961 0.118391 0.529392 0.225979
0.218505 0.235656 0.119218 0.368768 0.0578532
0.0971695 0.0290833 0.0146722 0.631328 0.227747
0.0178685 0.00964449 0.0257059 0.544964 0.401817
0.0614931 9.9991E-05 0.365389 0.265686 0.307333
0.0294099 0.0578047 0.124663 0.0114699 0.776652
0.0706553 0.0337265 0.0167385 0.487103 0.391777
0.0645482 0.0532242 0.0231143 0.239305 0.619808
0.0387068 0.0546503 0.222553 0.485181 0.198909
0.0465179 0.0579565 0.0525677 0.152777 0.690181
0.125229 0.0420103 0.00252533 0.526397 0.303839
0.0322205 0.0475172 0.160416 0.156703 0.603144
0.13976 9.9991E-05 0.301241 0.24415 0.314749
0.0254833 0.139163 0.195794 0.586188 0.0533729
9.9991E-05 0.0469487 0.535472 0.353925 0.0635546
0.00879492 0.112559 0.284878 0.593668 9.9991E-05
0.0518383 0.118109 0.197946 0.55593 0.0761762
9.9991E-05 0.0494799 0.605523 0.313945 0.0309519
0.0680096 0.101397 0.207574 0.566686 0.056333
9.9991E-05 0.0775705 0.3061 0.575555 0.0406741
9.9982E-05 9.9982E-05 0.765717 0.192633 0.0414499
9.9991E-05 0.0469706 0.673549 0.257152 0.022229
9.9991E-05 0.080562 0.349243 0.513998 0.0560972
9.9991E-05 0.0191911 0.770492 0.112057 0.0981599
9.9991E-05 0.0334329 0.369189 0.474885 0.122393
0.0252936 9.9991E-05 0.0553879 0.186787 0.732431
0.112504 9.9991E-05 0.303595 0.193824 0.389977
0.0727976 0.0242039 9.9991E-05 0.423873 0.479025
0.0897287 0.0363027 0.00494418 0.590588 0.278437
0.0420042 9.9991E-05 0.0340677 0.263814 0.660014
0.10488 0.0624943 0.140467 0.523195 0.168965
0.0740894 0.0641525 0.051971 0.591685 0.218102
0.0732693 0.0112352 0.138239 0.508152 0.269105
0.101176 0.00086506 0.0890913 0.487993 0.320875
0.0539713 0.00581966 9.9991E-05 0.49415 0.445959
0.0523815 9.9991E-05 0.050067 0.298986 0.598465
0.0371662 9.9991E-05 0.0391964 0.437492 0.486045
0.058821 0.0070964 0.137011 0.582073 0.214999
0.064304 0.0961103 0.104937 0.629716 0.104933
0.128463 0.025801 0.2254 0.319541 0.300795
0.131423 9.9991E-05 0.150415 0.474206 0.243857
0.0862362 9.9991E-05 0.0500057 0.360073 0.503585
0.053235 0.0330088 0.0156871 0.610131 0.287938
0.0990429 0.042843 0.0857289 0.438116 0.334269
0.0480734 0.0962941 0.0542039 0.603228 0.198201
0.132342 0.336132 9.9991E-05 0.466564 0.0648613
0.177419 0.140853 0.1209 0.537651 0.0231763
0.15248 0.178653 0.05429 0.477134 0.137443
0.184489 0.131592 0.114607 0.512566 0.0567458
0.211634 0.213801 0.105326 0.469139 9.9991E-05
0.0232137 9.9991E-05 0.283125 0.52047 0.173091
0.140707 0.1875 0.15925 0.500916 0.0116268
0.213791 0.250133 0.432285 0.0586541 0.0451367
0.169627 0.114492 0.0892205 0.555817 0.070843
0.193054 0.186793 0.0501712 0.522201 0.0477808
0.179067 0.13852 0.0812256 0.566629 0.0345577
0.118663 0.230614 0.305208 0.338705 0.00680897
0.187251 0.173545 0.0244712 0.564051 0.0506815
0.190283 0.174395 0.0840268 0.520636 0.0306587
0.134249 0.516916 0.348635 9.9982E-05 9.9982E-05
0.150739 0.245026 0.0612238 0.509425 0.0335854
0.220541 0.17466 0.0222744 0.544603 0.0379216
0.135867 0.110901 0.0895689 0.609914 0.0537491
0.248332 0.180991 0.0526679 0.51791 9.9991E-05
0.096967 0.238204 0.104206 0.560523 9.9991E-05
0.00409805 0.0469672 0.406892 0.541942 9.9991E-05
0.09718 0.0719659 0.24646 0.520199 0.0641951
9.9982E-05 9.9982E-05 0.866664 0.0475787 0.0855578
9.9991E-05 0.0135382 0.812887 0.0892627 0.0842117
0.0696895 0.10728 0.25404 0.522859 0.0461321
0.312692 0.169099 0.177288 0.340821 9.9991E-05
0.30425 0.146219 0.195155 0.354276 9.9991E-05
0.337646 0.175341 0.293612 0.193301 9.9991E-05
0.306617 0.174131 0.206458 0.312695 9.9991E-05
0.0843883 0.103176 0.688602 0.123733 9.9991E-05
0.119762 0.110787 0.592045 0.176281 0.00112551
0.0812322 0.0162859 0.284253 0.618129 9.9991E-05
0.13107 0.0749584 0.355768 0.438104 9.9991E-05
0.0997457 0.0497555 0.581558 0.253202 0.015738
0.103444 0.0479071 0.172629 0.580304 0.0957164
0.0835403 0.0779987 0.180963 0.626077 0.0314212
0.0917958 0.137964 0.255135 0.51259 0.00251458
0.0338909 0.00502597 0.527348 0.408317 0.0254178
9.9991E-05 0.0330761 0.446872 0.46899 0.0509615
0.027212 0.0336545 0.236826 0.577937 0.124371
0.0443407 0.0455902 0.284016 0.536282 0.0897711
0.0610305 0.108733 0.218361 0.578186 0.033689
9.9991E-05 0.0438229 0.433449 0.514757 0.00787116
0.0109837 0.0173849 0.675866 0.28136 0.0144059
0.0310184 0.0101603 0.28009 0.678631 9.9991E-05
0.0293209 9.9991E-05 0.609266 0.249648 0.111665
0.00636705 0.029895 0.397611 0.566027 9.9991E-05
0.0304053 0.109434 0.230063 0.572932 0.0571655
0.0544285 0.0838286 0.226263 0.507841 0.127639
0.131682 0.208461 0.108417 0.520539 0.0309011
0.150508 0.186654 0.161003 0.482787 0.0190488
0.298262 0.21468 0.170825 0.316133 9.9991E-05
0.245408 0.215476 0.140383 0.319772 0.0789601
0.240209 0.170722 0.133101 0.39709 0.0588783
0.147013 0.191608 0.163211 0.498068 9.9991E-05
0.168131 0.180208 0.651461 9.9982E-05 9.9982E-05
0.226782 0.130692 0.0881981 0.544327 0.0100008
0.130297 0.364711 0.504792 9.9982E-05 9.9982E-05
0.18859 0.0921066 0.226125 0.493078 9.9991E-05
9.9973E-05 9.9973E-05 0.755564 0.244136 9.9973E-05
9.9982E-05 9.9982E-05 0.875603 0.0873353 0.0368622
9.9973E-05 9.9973E-05 0.420338 0.579362 9.9973E-05
0.0577669 0.0226758 0.236191 0.645894 0.0374726
9.9982E-05 9.9982E-05 0.457731 0.519357 0.0227116
0.0151178 9.9982E-05 0.321236 0.663446 9.9982E-05
9.9973E-05 9.9973E-05 0.340733 0.658967 9.9973E-05
0.0027379 0.887559 9.9991E-05 0.0299679 0.0796357
0.047079 0.776918 0.0325424 0.0713599 0.0721002
0.00428014 0.969287 9.9991E-05 0.0038967 0.0224359
9.9973E-05 0.962104 9.9973E-05 0.0375966 9.9973E-05
0.0470033 0.0249609 0.259136 0.616311 0.0525885
0.0277566 0.0461209 0.145541 0.65162 0.128962
9.9991E-05 0.0200843 0.166663 0.688661 0.124492
0.00932772 0.0758343 0.0643097 0.708411 0.142117
0.0235017 0.144654 0.114149 0.623743 0.0939523
9.9991E-05 0.0357293 0.261494 0.411728 0.290949
9.9991E-05 0.0204038 0.194156 0.762327 0.0230124
9.9982E-05 0.000566363 0.547003 0.452231 9.9982E-05
0.198669 0.316087 9.9991E-05 0.36181 0.123334
0.00869334 9.9991E-05 0.35011 0.591097 0.049999
9.9982E-05 9.9982E-05 0.252166 0.532387 0.215248
0.00254504 0.00654354 0.319035 0.639492 0.0323846
0.0427964 9.9991E-05 0.187713 0.521803 0.247588
9.9982E-05 0.00342115 0.301265 0.695114 9.9982E-05
0.0219971 0.0662019 0.169153 0.620165 0.122482
9.9982E-05 9.9982E-05 0.771002 0.212455 0.0163435
0.00371935 9.9991E-05 0.509998 0.448509 0.0376736
9.9982E-05 9.9982E-05 0.429932 0.531108 0.0387605
9.9973E-05 9.9973E-05 0.922679 0.0770208 9.9973E-05
9.9991E-05 0.064219 0.184522 0.526172 0.224987
9.9982E-05 9.9982E-05 0.719354 0.26047 0.0199757
9.9982E-05 9.9982E-05 0.84748 0.047706 0.104614
0.0160208 0.0547034 0.22101 0.681897 0.0263686
9.9982E-05 9.9982E-05 0.34012 0.345015 0.314665
9.9982E-05 9.9982E-05 0.219239 0.630477 0.150084
0.108012 0.0712615 0.131436 0.579621 0.10967
9.9991E-05 0.0241152 0.134994 0.635961 0.20483
0.0624396 9.9991E-05 0.276712 0.379408 0.28134
0.0338144 0.0357881 0.127794 0.636246 0.166358
9.9991E-05 0.0198844 0.159742 0.625343 0.194931
9.9982E-05 9.9982E-05 0.471907 0.47484 0.0530532
0.0249926 0.0864901 0.1396 0.600125 0.148792
9.9982E-05 0.662028 0.0228569 9.9982E-05 0.314915
9.9982E-05 0.796777 0.043711 9.9982E-05 0.159312
9.9973E-05 0.848088 9.9973E-05 9.9973E-05 0.151612
9.9973E-05 0.86135 9.9973E-05 9.9973E-05 0.13835
9.9982E-05 0.767614 9.9982E-05 0.0336315 0.198555
9.9991E-05 0.00118404 0.30912 0.342573 0.347024
9.9991E-05 0.0136697 0.331068 0.323675 0.331487
9.9973E-05 9.9973E-05 0.606894 0.392806 9.9973E-05
0.11077 0.0988568 0.149034 0.547554 0.0937848
0.0585742 0.134094 0.0963292 0.618909 0.0920935
9.9982E-05 9.9982E-05 0.535148 0.438824 0.0258278
0.0433641 0.00599841 0.198961 0.68316 0.068517
0.018505 0.0329552 0.360135 0.52815 0.0602549
9.9991E-05 0.0133336 0.165507 0.655635 0.165425
0.0461541 0.0227653 0.118649 0.686358 0.126074
9.9982E-05 9.9982E-05 0.27528 0.422275 0.302246
9.9982E-05 9.9982E-05 0.224455 0.50542 0.269924
9.9982E-05 9.9982E-05 0.290728 0.482649 0.226423
0.0142951 0.14436 0.122901 0.663944 0.0545004
9.9982E-05 9.9982E-05 0.222572 0.551726 0.225501
9.9991E-05 0.00518733 0.211852 0.538926 0.243935
0.346927 0.132486 0.0465275 0.473959 9.9991E-05
0.45152 0.164257 0.0692128 0.31491 9.9991E-05
0.449236 0.106772 9.9991E-05 0.435158 0.00873405
0.514091 0.200739 9.9982E-05 0.284971 9.9982E-05
0.305879 0.143283 0.0848122 0.465926 9.9991E-05
0.0113278 0.0866449 0.299814 0.602114 9.9991E-05
0.662251 0.256333 0.0685728 9.9991E-05 0.0127434
0.508752 0.152918 0.0352408 0.30299 9.9991E-05
0.161253 0.230779 0.220653 0.387215 9.9991E-05
0.00683743 0.167348 0.147024 0.590595 0.0881956
9.9991E-05 0.195454 0.218434 0.514842 0.0711696
0.0484115 0.160887 0.14346 0.610658 0.0365834
0.0436049 0.151691 0.125357 0.635275 0.0440713
0.487297 0.180404 9.9982E-05 0.332098 9.9982E-05
0.336635 0.154168 9.9991E-05 0.477719 0.0313781
0.521398 0.0876377 9.9982E-05 0.390764 9.9982E-05
0.284647 0.159498 0.041722 0.4799 0.0342333
0.508032 0.171012 0.099926 0.21059 0.0104396
0.36971 0.110525 0.0212782 0.411258 0.0872287
0.577602 0.141662 0.0452765 0.193934 0.0415252
0.361247 0.140605 0.0353187 0.42627 0.0365599
9.9982E-05 0.173662 0.283762 0.542377 9.9982E-05
0.372242 0.146543 0.0582258 0.340026 0.0829629
0.586294 0.221025 0.0405762 0.139029 0.0130757
0.367645 0.132325 0.0146227 0.383489 0.101919
9.9991E-05 0.216321 0.294376 0.32882 0.160384
0.0554834 0.0727661 0.234561 0.63709 9.9991E-05
0.361935 0.158163 9.9991E-05 0.439113 0.0406891
9.9991E-05 0.190093 0.1318 0.597569 0.0804375
9.9991E-05 0.221177 0.156651 0.533786 0.0882852
0.22477 0.224322 0.160408 0.351123 0.0393772
0.264362 0.281718 0.10999 0.343829 9.9991E-05
0.0839709 0.179883 0.146092 0.550586 0.039468
0.307175 0.171267 0.0204718 0.428859 0.0722268
0.417986 0.118642 9.9982E-05 0.463172 9.9982E-05
0.644018 0.209647 0.0429892 0.103246 9.9991E-05
0.0646407 0.125872 0.0601654 0.683403 0.0659187
9.9991E-05 0.201985 0.249468 0.509985 0.0384618
0.0395219 0.161416 0.65604 0.142922 9.9991E-05
0.0358931 0.177395 0.102375 0.654478 0.0298582
0.0544785 0.104979 0.263689 0.419005 0.157849
0.193036 0.190075 0.113161 0.478503 0.025224
0.121235 0.188958 0.14986 0.497827 0.0421197
0.13584 0.415045 0.448915 9.9982E-05 9.9982E-05
0.081255 0.394744 0.523801 9.9982E-05 9.9982E-05
0.0998784 0.227068 0.337568 0.335386 9.9991E-05
0.186944 0.395143 0.39643 0.0213831 9.9991E-05
0.206032 0.508469 0.285298 9.9982E-05 9.9982E-05
0.120214 0.210811 0.311308 0.357568 9.9991E-05
0.18768 0.247141 0.18288 0.355749 0.026549
0.200826 0.341364 0.340087 0.117623 9.9991E-05
0.163583 0.323996 0.483148 0.0291725 9.9991E-05
0.15364 0.213599 0.148877 0.483783 9.9991E-05
0.139967 0.272528 0.407943 0.179462 9.9991E-05
0.083797 0.408765 0.507238 9.9982E-05 9.9982E-05
0.14243 0.137983 0.133264 0.533679 0.0526444
0.204571 0.213261 0.233919 0.348149 9.9991E-05
0.174338 0.335987 0.0571985 0.432377 9.9991E-05
0.227752 0.197794 9.9982E-05 0.574254 9.9982E-05
0.214882 0.175996 0.0393243 0.564185 0.0056131
0.258732 0.182634 0.0904288 0.468104 9.9991E-05
0.223936 0.37388 0.00539978 0.301072 0.0957125
0.189738 0.250724 0.0224121 0.537026 9.9991E-05
0.198769 0.290018 0.00441433 0.506698 9.9991E-05
0.243891 0.279639 0.187663 0.288706 9.9991E-05
0.137601 0.19216 0.155937 0.369755 0.144548
0.132023 0.20375 0.105045 0.515016 0.0441669
0.181536 0.158567 0.0882553 0.526181 0.0454607
0.128471 0.138628 0.0358722 0.618074 0.0789545
0.228563 0.301602 0.0142142 0.439776 0.0158439
0.171292 0.276043 0.0463774 0.506187 9.9991E-05
0.341749 0.384542 0.261069 0.012541 9.9991E-05
0.199441 0.15743 9.9991E-05 0.568441 0.0745887
0.32493 0.316607 0.193449 0.164914 9.9991E-05
0.000896763 0.805351 9.9982E-05 9.9982E-05 0.193552
0.00347615 0.0435215 9.9991E-05 0.140169 0.812733
9.997E-05 9.997E-05 9.997E-05 9.997E-05 0.9996
9.997E-05 9.997E-05 9.997E-05 9.997E-05 0.9996
0.020649 9.9973E-05 9.9973E-05 9.9973E-05 0.979051
0.0063596 9.9973E-05 9.9973E-05 9.9973E-05 0.99334
0.0101966 9.9982E-05 9.9982E-05 0.0240549 0.965549
9.997E-05 9.997E-05 9.997E-05 9.997E-05 0.9996
9.9973E-05 0.127106 9.9973E-05 9.9973E-05 0.872594
9.9982E-05 0.91672 9.9982E-05 0.0206833 0.0623965
9.9982E-05 0.815577 9.9982E-05 0.0557084 0.128514
9.9991E-05 0.889703 0.0120404 0.0430129 0.0551439
9.9982E-05 0.885427 9.9982E-05 0.0148298 0.099543
9.9982E-05 0.885253 9.9982E-05 0.024087 0.0904601
9.9982E-05 0.925988 9.9982E-05 0.0510478 0.0227638
0.067919 0.749192 9.9991E-05 0.148679 0.0341092
0.00239007 0.916205 9.9982E-05 0.0812045 9.9982E-05
0.0426349 0.737424 0.0101575 0.130489 0.079295
0.0491903 0.921155 9.9982E-05 0.0294543 9.9982E-05
9.9973E-05 0.997722 0.00197838 9.9973E-05 9.9973E-05
0.0208553 0.88813 9.9991E-05 0.0557265 0.0351884
9.997E-05 0.9996 9.997E-05 9.997E-05 9.997E-05
9.9973E-05 0.955979 9.9973E-05 0.0437209 9.9973E-05
0.00854049 0.915752 9.9982E-05 0.0755076 9.9982E-05
9.9973E-05 0.941054 9.9973E-05 0.0586465 9.9973E-05
0.0567451 0.889849 9.9982E-05 0.053206 9.9982E-05
0.0425994 0.863529 9.9982E-05 0.0936712 9.9982E-05
0.0697105 0.833662 9.9982E-05 0.0964274 9.9982E-05
9.9991E-05 0.160659 0.265103 0.446461 0.127678
9.9991E-05 0.133909 0.128553 0.699373 0.0380647
0.0331479 0.170734 0.0938819 0.606775 0.0954606
0.0481327 0.132284 0.728263 0.09122 9.9991E-05
0.0201877 0.152611 0.200392 0.53593 0.0908794
0.0303182 0.175734 0.740367 0.0534803 9.9991E-05
0.0542784 0.111608 0.200208 0.633806 9.9991E-05
9.9991E-05 0.201258 0.227761 0.463009 0.107872
9.9991E-05 0.19365 0.215382 0.539378 0.0514893
9.9991E-05 0.0803843 0.186085 0.637767 0.0956634
9.9991E-05 0.141522 0.219946 0.506586 0.131846
0.0457775 0.117128 0.157919 0.679075 9.9991E-05
9.9991E-05 0.170062 0.171353 0.539343 0.119142
0.104437 9.9991E-05 0.397385 0.0434145 0.454664
9.9973E-05 0.167735 0.831965 9.9973E-05 9.9973E-05
0.00959841 0.161899 0.652731 0.175672 9.9991E-05
0.0144891 0.184642 0.120601 0.649301 0.0309668
0.0435877 0.103891 0.364372 0.488049 9.9991E-05
9.9982E-05 0.133906 0.221575 0.644319 9.9982E-05
0.0624684 0.153043 0.141827 0.642562 9.9991E-05
0.173879 0.252961 0.0730285 0.429176 0.0709557
0.150054 0.220455 0.0209871 0.566044 0.0424599
0.166036 0.388294 0.0814269 0.152192 0.212051
0.089172 0.153346 0.0267861 0.569603 0.161093
0.106014 0.237031 0.00263035 0.452069 0.202255
0.172507 0.428302 0.39899 9.9982E-05 9.9982E-05
0.216405 0.310752 0.177989 0.294753 9.9991E-05
0.155444 0.383989 0.0758999 0.314373 0.0702944
0.117921 0.291703 9.9991E-05 0.398174 0.192101
0.132381 0.198214 0.0338052 0.526708 0.108892
0.132207 0.229389 0.0439492 0.532395 0.0620594
0.12114 0.181002 0.0764744 0.596018 0.0253659
0.184604 0.198058 0.149822 0.433836 0.0336802
0.139661 0.509216 0.0499787 0.208622 0.0925222
