9.9955E-05 9.9955E-05 9.9955E-05 9.9955E-05 0.017627 0.741002 0.0390008 9.9955E-05 0.0386898 0.16318
0.00883054 9.9946E-05 9.9946E-05 9.9946E-05 9.9946E-05 0.665159 9.9946E-05 0.0270019 9.9946E-05 0.298409
9.9955E-05 9.9955E-05 9.9955E-05 9.9955E-05 0.10208 0.57849 0.0262573 9.9955E-05 0.0863438 0.206329
0.0119197 0.0887586 9.9973E-05 9.9973E-05 0.0292502 0.639664 0.0467665 9.9973E-05 0.0577207 0.125621
9.9955E-05 9.9955E-05 9.9955E-05 9.9955E-05 0.0523906 0.596065 0.0368614 0.00720246 9.9955E-05 0.306981
0.00644965 0.0113782 0.0429314 0.159592 0.104672 0.509769 0.0495502 9.9991E-05 0.00453641 0.111021
0.0512066 9.9955E-05 9.9955E-05 0.0474515 0.00392308 0.86339 9.9955E-05 9.9955E-05 0.0335291 9.9955E-05
0.0189037 0.0157876 9.9982E-05 0.0478052 0.0698962 0.763524 0.0652474 0.00118493 0.0174512 9.9982E-05
9.99639E-05 9.99639E-05 0.0886823 0.021501 9.99639E-05 0.698858 0.0408445 9.99639E-05 0.0030392 0.146675
9.9973E-05 0.0012244 9.9973E-05 0.0259534 0.125637 0.69927 0.0142593 0.0892799 0.044076 9.9973E-05
0.047698 9.9964E-05 9.9964E-05 0.0575748 0.055052 0.71601 0.069764 9.9964E-05 9.9964E-05 0.053501
0.810337 0.0820495 0.0401381 9.9946E-05 0.0668755 9.9946E-05 9.9946E-05 9.9946E-05 9.9946E-05 9.9946E-05
0.427966 0.105101 9.9955E-05 9.9955E-05 0.37341 9.9955E-05 0.0664678 9.9955E-05 0.0265563 9.9955E-05
0.657228 0.105664 9.9973E-05 0.0554001 0.0873907 0.0236002 9.9973E-05 0.0468428 0.0235744 9.9973E-05
0.610712 0.156264 9.9955E-05 9.9955E-05 0.146062 0.0652613 9.9955E-05 0.0212013 9.9955E-05 9.9955E-05
0.421172 0.164326 0.0901493 9.9973E-05 0.181587 0.0679124 9.9973E-05 9.9973E-05 0.0438765 0.0306773
0.309268 0.176121 0.0016597 0.0260973 0.409104 9.9982E-05 9.9982E-05 0.00361989 0.0508995 0.0230305
0.41935 0.125665 0.0194344 0.0660327 0.338726 9.9973E-05 0.0189323 0.0115597 9.9973E-05 9.9973E-05
0.556812 0.0845727 9.9964E-05 9.9964E-05 0.205954 0.118782 9.9964E-05 0.000342958 0.0331361 9.9964E-05
0.827139 9.9955E-05 9.9955E-05 0.0281183 9.9955E-05 0.0621794 0.0629674 9.9955E-05 9.9955E-05 0.0190964
0.409122 0.0540005 0.0789047 9.9982E-05 0.288659 9.9982E-05 0.0567391 0.0368631 0.0405941 0.0349177
0.21024 0.0825018 0.129692 0.227227 0.343404 9.9973E-05 9.9973E-05 0.00115808 9.9973E-05 0.00547839
0.288081 0.0333442 0.0261271 0.0243629 0.453117 0.0770016 9.9982E-05 0.0476528 9.9982E-05 0.0501137
0.648175 0.116091 0.0267276 9.9955E-05 0.172409 9.9955E-05 9.9955E-05 9.9955E-05 0.0360978 9.9955E-05
0.208992 0.0778525 9.9964E-05 9.9964E-05 0.542284 0.0988331 9.9964E-05 0.0524726 9.9964E-05 0.0191652
0.420318 0.109834 9.9955E-05 0.018713 0.397559 9.9955E-05 9.9955E-05 9.9955E-05 9.9955E-05 0.0530762
0.806671 0.10225 0.0451163 9.9964E-05 0.00726489 0.0185345 9.9964E-05 9.9964E-05 0.0197642 9.9964E-05
0.779527 0.194104 9.9946E-05 9.9946E-05 0.0120946 0.0136747 9.9946E-05 9.9946E-05 9.9946E-05 9.9946E-05
0.727326 0.0695284 0.0285672 0.096791 0.0772879 9.9955E-05 9.9955E-05 9.9955E-05 9.9955E-05 9.9955E-05
9.99201E-05 9.99201E-05 9.99201E-05 9.99201E-05 9.99201E-05 9.99201E-05 9.99201E-05 9.99201E-05 0.999101 9.99201E-05
9.99201E-05 9.99201E-05 9.99201E-05 9.99201E-05 9.99201E-05 9.99201E-05 9.99201E-05 9.99201E-05 0.999101 9.99201E-05
9.9964E-05 0.0477333 0.0165135 9.9964E-05 0.0608483 0.318346 9.9964E-05 9.9964E-05 0.40988 0.146279
9.9973E-05 0.128121 0.0597895 0.00196719 0.0362238 0.451669 9.9973E-05 9.9973E-05 0.285907 0.0360233
0.0681159 0.0416651 0.286724 9.9991E-05 0.510905 0.032386 0.0283988 0.00184379 0.0125531 0.0173086
0.0775777 0.00148798 0.283341 9.9964E-05 0.473612 0.126376 0.0372057 9.9964E-05 9.9964E-05 9.9964E-05
9.9946E-05 9.9946E-05 0.394263 9.9946E-05 0.556645 0.0382253 9.9946E-05 9.9946E-05 0.0102668 9.9946E-05
0.523434 9.9973E-05 0.0164454 9.9973E-05 0.0946323 0.0892403 0.22823 0.0250826 0.0226362 9.9973E-05
9.9955E-05 0.076909 0.563912 9.9955E-05 0.285586 9.9955E-05 0.0280048 0.0450883 9.9955E-05 9.9955E-05
0.211104 0.0250483 0.0825946 9.9982E-05 0.452217 0.0612844 0.0063085 0.0740886 9.9982E-05 0.0871547
0.090039 9.9973E-05 0.147405 9.9973E-05 0.666876 9.9973E-05 0.0210525 0.00985063 0.00411088 0.0603656
9.9973E-05 9.9973E-05 0.0793643 0.146329 0.607507 0.081791 0.00923715 9.9973E-05 0.0406639 0.0348081
0.075134 9.9973E-05 0.114252 0.0573243 0.624144 0.0575669 0.000275938 9.9973E-05 0.0710033 9.9973E-05
0.240262 9.9964E-05 0.574837 0.0222409 0.13713 0.00583503 9.9964E-05 9.9964E-05 0.0192954 9.9964E-05
0.0713239 0.0369102 0.0739709 0.145672 0.593941 0.0616303 9.9982E-05 9.9982E-05 0.0119663 0.00438553
9.9982E-05 0.108303 0.141456 0.0525826 0.538526 0.0208159 9.9982E-05 0.088752 0.0324296 0.016935
0.0727158 9.9991E-05 0.0159233 0.103177 0.534966 0.0763747 0.0210433 0.062281 0.0466348 0.0667847
9.9946E-05 9.9946E-05 0.611317 9.9946E-05 0.345342 9.9946E-05 9.9946E-05 0.0278862 0.0148548 9.9946E-05
0.0614572 0.126346 0.2754 9.9964E-05 0.446232 9.9964E-05 9.9964E-05 9.9964E-05 0.00550043 0.0846643
9.9973E-05 0.100019 0.288802 9.9973E-05 0.449714 0.0263923 9.9973E-05 0.0240302 0.00723087 0.103512
9.9937E-05 9.9937E-05 0.725717 0.218791 9.9937E-05 0.0547927 9.9937E-05 9.9937E-05 9.9937E-05 9.9937E-05
0.376378 9.9964E-05 0.200591 0.0516836 0.158419 9.9964E-05 0.185438 0.0270909 9.9964E-05 9.9964E-05
0.373495 9.9973E-05 0.147315 0.309976 0.031815 9.9973E-05 0.0344187 0.0737845 9.9973E-05 0.0288967
0.120528 0.116274 0.0853926 9.9991E-05 0.407738 0.0560287 0.0737299 0.0652457 0.0605501 0.0144121
0.119878 0.0834659 0.0653463 0.0471533 0.456656 0.0792148 9.9982E-05 0.109131 0.0389552 9.9982E-05
0.00650555 0.0211887 0.0455786 0.169437 0.586867 9.9982E-05 0.0828772 0.0273497 9.9982E-05 0.0599967
0.178697 9.9982E-05 0.259838 0.0360486 0.127097 0.0871731 0.213513 0.0678129 0.029621 9.9982E-05
0.158142 0.0316128 9.9982E-05 0.0787319 0.529787 9.9982E-05 0.144742 0.0361923 0.0178872 0.00270502
0.229181 0.0302322 0.0659628 0.0218168 0.548468 0.024823 9.9982E-05 9.9982E-05 0.00762565 0.0716912
0.298796 0.00768901 0.120516 0.0501497 0.310201 0.00235058 0.0292815 0.0549053 0.0444537 0.0816573
0.382267 0.0431502 0.0676773 0.159388 0.0665166 0.103567 0.0984164 0.013215 0.0115316 0.0542723
0.0928453 0.0132413 0.11312 0.0657991 0.543607 0.035068 9.9982E-05 0.0575288 0.0785905 9.9982E-05
0.371814 0.0340434 9.9982E-05 9.9982E-05 0.351201 0.0373623 0.10172 0.0448856 0.0430174 0.0157567
0.607854 9.9973E-05 0.104886 0.0437864 9.9973E-05 0.0436331 0.134752 0.0205975 0.0441908 9.9973E-05
0.440429 0.0382617 0.00962418 0.0361752 0.429359 9.9964E-05 9.9964E-05 0.0457507 9.9964E-05 9.9964E-05
0.106519 9.9955E-05 9.9955E-05 0.0136217 0.662553 9.9955E-05 9.9955E-05 0.204157 0.0126494 9.9955E-05
0.106037 0.0653402 0.0408874 0.0527856 0.515622 0.0775942 0.0375709 0.103963 9.9982E-05 9.9982E-05
0.456575 0.0391215 0.16072 9.9973E-05 0.143183 0.0378513 9.9973E-05 0.115352 0.0468972 9.9973E-05
0.324694 0.0471568 0.0459192 0.0658281 0.367372 9.9973E-05 9.9973E-05 0.0858061 0.0629235 9.9973E-05
0.139746 0.0111159 0.026435 9.9991E-05 0.481986 0.0498711 0.105425 0.115767 0.0555356 0.0140178
0.546932 9.9964E-05 0.0907729 0.115207 0.127476 9.9964E-05 0.0665995 9.9964E-05 0.052613 9.9964E-05
0.0151257 9.9946E-05 0.345474 9.9946E-05 0.590626 9.9946E-05 0.0481747 9.9946E-05 9.9946E-05 9.9946E-05
0.115111 9.9964E-05 0.630126 9.9964E-05 0.167882 9.9964E-05 0.0397399 9.9964E-05 0.0231524 0.0235893
0.198102 0.0989281 0.128214 9.9982E-05 0.415392 0.0400453 0.0581496 0.0183927 0.042576 9.9982E-05
9.9937E-05 9.9937E-05 0.908606 0.0499535 9.9937E-05 9.9937E-05 9.9937E-05 9.9937E-05 9.9937E-05 0.0407414
0.0666392 9.9946E-05 0.787559 0.0750291 9.9946E-05 9.9946E-05 9.9946E-05 0.0701725 9.9946E-05 9.9946E-05
9.9946E-05 9.9946E-05 0.681286 9.9946E-05 0.246658 9.9946E-05 0.0299773 0.0414795 9.9946E-05 9.9946E-05
0.0274672 9.9964E-05 0.406441 9.9964E-05 0.406246 9.9964E-05 0.101642 9.9964E-05 0.0152317 0.0425725
0.176671 0.0377702 0.0820836 9.9973E-05 0.513677 0.00979758 0.00837126 9.9973E-05 9.9973E-05 0.17133
0.0993004 0.0089954 0.4551 0.0842544 0.31581 0.00306894 9.9973E-05 9.9973E-05 9.9973E-05 0.0331711
0.0651771 0.0537302 0.620356 9.9964E-05 0.0785462 0.0776466 0.104144 9.9964E-05 9.9964E-05 9.9964E-05
0.111456 9.9964E-05 0.438864 9.9964E-05 0.236824 0.0393877 0.137053 9.9964E-05 9.9964E-05 0.0360157
9.9973E-05 0.146199 0.306713 9.9973E-05 0.387449 0.0539349 0.0517694 0.0285537 0.0250807 9.9973E-05
0.0745084 0.0106993 0.482589 0.0139651 0.324408 0.0654672 9.9973E-05 9.9973E-05 0.0280633 9.9973E-05
0.134156 9.9955E-05 0.384696 9.9955E-05 0.361046 9.9955E-05 9.9955E-05 9.9955E-05 0.0401561 0.0794465
9.9946E-05 9.9946E-05 0.574466 0.0379085 0.364039 9.9946E-05 9.9946E-05 0.0229865 9.9946E-05 9.9946E-05
0.057593 0.0111834 0.630042 0.16945 9.9955E-05 9.9955E-05 9.9955E-05 0.131233 9.9955E-05 9.9955E-05
0.0593321 0.0138864 0.162072 0.0252191 0.595536 9.9973E-05 9.9973E-05 0.0676656 0.0759895 9.9973E-05
0.0454396 0.0305309 9.9964E-05 9.9964E-05 0.0909121 0.664628 9.9964E-05 9.9964E-05 0.0319457 0.136144
9.9946E-05 9.9946E-05 9.9946E-05 9.9946E-05 0.0432079 0.600984 9.9946E-05 9.9946E-05 0.144146 0.211062
9.9973E-05 0.0405229 9.9973E-05 0.00148471 0.0485337 0.574978 0.0384974 9.9973E-05 0.140629 0.155055
9.9955E-05 9.9955E-05 9.9955E-05 0.0379003 0.011388 0.559777 9.9955E-05 9.9955E-05 0.106684 0.283751
9.9964E-05 0.0490525 0.0562622 9.9964E-05 0.0313439 0.620786 9.9964E-05 9.9964E-05 0.113004 0.129151
9.9964E-05 0.0163298 9.9964E-05 9.9964E-05 0.0290472 0.664015 9.9964E-05 0.0168473 0.0846416 0.188719
9.99461E-05 9.99461E-05 9.99461E-05 9.99461E-05 0.024075 0.649447 9.99461E-05 9.99461E-05 0.0771183 0.24876
0.0958908 0.0397104 0.316436 9.9964E-05 0.376217 9.9964E-05 9.9964E-05 9.9964E-05 0.0751783 0.0961675
0.0200429 0.0636589 0.177407 0.0504128 0.546123 0.0227995 0.0366777 0.0219484 0.0460999 0.0148302
0.083377 9.9973E-05 0.775075 9.9973E-05 0.0122818 0.00200602 0.021134 0.0365171 9.9973E-05 0.0693096
0.0338752 0.0686457 0.091191 0.0586011 0.500221 9.9982E-05 0.112087 0.0711256 0.064053 9.9982E-05
0.0650927 9.9964E-05 0.421715 9.9964E-05 0.407339 0.0730197 0.0311712 9.9964E-05 0.00126221 9.9964E-05
9.9955E-05 0.00763095 0.379056 9.9955E-05 0.597005 9.9955E-05 9.9955E-05 0.00957298 0.00623512 9.9955E-05
0.121462 9.9955E-05 0.153434 9.9955E-05 0.579227 0.0576431 9.9955E-05 0.0877343 9.9955E-05 9.9955E-05
9.9973E-05 0.0537264 0.402631 9.9973E-05 0.481961 0.0145389 0.000582937 0.0159245 0.0303349 9.9973E-05
0.198508 9.9955E-05 0.639815 9.9955E-05 9.9955E-05 0.116105 0.0421711 9.9955E-05 0.00290127 9.9955E-05
9.9964E-05 0.0115341 0.225363 9.9964E-05 0.553051 9.9964E-05 0.034927 9.9964E-05 0.0813523 0.0933728
0.0408514 0.0201691 0.239919 9.9964E-05 0.596923 0.0355841 9.9964E-05 9.9964E-05 9.9964E-05 0.0661533
0.0571932 0.16307 0.156748 0.0195691 0.475597 0.0490685 0.0695491 9.9982E-05 0.00900565 9.9982E-05
0.0447885 0.0342302 0.531834 0.0886215 0.269319 9.9964E-05 9.9964E-05 0.0308065 9.9964E-05 9.9964E-05
9.9955E-05 9.9955E-05 0.321711 9.9955E-05 0.52393 0.0107082 9.9955E-05 0.116358 0.0267923 9.9955E-05
0.128858 0.000938459 0.38865 0.0133971 0.429064 0.0252151 9.9973E-05 9.9973E-05 0.0135781 9.9973E-05
9.9955E-05 0.109866 0.637308 9.9955E-05 0.247078 9.9955E-05 9.9955E-05 0.00118176 0.00406699 9.9955E-05
0.0507308 9.9964E-05 0.447374 9.9964E-05 0.35135 9.9964E-05 0.0141569 9.9964E-05 0.0242607 0.111727
9.9982E-05 0.00612778 0.14129 0.0665881 0.526575 0.0524426 0.0693276 9.9982E-05 0.085327 0.0521227
0.457713 9.9973E-05 9.9973E-05 0.0982898 0.165743 0.0245024 0.0452575 0.174535 0.0336591 9.9973E-05
0.205776 0.040306 9.9973E-05 0.0726184 0.370092 9.9973E-05 0.188149 9.9973E-05 0.0659053 0.0568534
0.0897959 9.9991E-05 0.0249115 0.0430792 0.455013 0.115171 0.0843887 0.0935128 0.0181956 0.0758323
0.121914 0.0490922 0.101163 9.9973E-05 0.473306 9.9973E-05 9.9973E-05 0.0995896 0.0399469 0.114689
0.369117 9.9964E-05 9.9964E-05 0.00890311 0.428894 9.9964E-05 0.0871319 9.9964E-05 0.0709275 0.0346275
0.198928 9.9982E-05 0.098188 0.0147188 0.492502 0.0703957 0.0793675 9.9982E-05 0.0355499 0.0101511
0.281398 0.0120005 9.9973E-05 9.9973E-05 0.420725 0.0265331 0.15308 0.0903709 9.9973E-05 0.015593
0.11838 9.9982E-05 0.018097 0.112733 0.524347 0.0898836 0.0834534 0.025006 9.9982E-05 0.0278992
9.9982E-05 0.0435659 0.0828925 0.129005 0.523903 0.0476364 0.11824 0.0134053 0.0411513 9.9982E-05
0.233206 0.0073896 0.144806 9.9973E-05 0.524834 0.0110504 9.9973E-05 9.9973E-05 0.0591483 0.0192659
0.30316 9.9973E-05 0.0542455 9.9973E-05 0.447349 9.9973E-05 0.127892 0.027143 0.0336365 0.0062736
0.0841756 0.064421 9.9982E-05 0.0850845 0.596906 0.0314948 0.0760549 0.0347168 9.9982E-05 0.0269468
0.0221787 0.0431273 0.0761163 0.0598845 0.547114 0.0673291 0.0972792 0.0543074 0.0220711 0.0105929
0.207319 0.00637702 9.9964E-05 9.9964E-05 0.610331 9.9964E-05 0.0846652 0.0883946 9.9964E-05 0.00251378
9.9982E-05 0.00461489 0.113625 0.0828308 0.578202 9.9982E-05 0.072639 0.0172961 0.0427918 0.0878002
0.185452 0.0400628 0.0149044 0.0430597 0.500765 9.9991E-05 0.044364 0.073378 0.0548369 0.0430763
0.313727 9.9982E-05 0.0038694 0.110225 0.331346 9.9982E-05 0.0331123 0.048027 0.0127382 0.146755
0.246959 0.0277039 9.9973E-05 0.0224621 0.545013 0.0486775 0.0845895 0.0242949 9.9973E-05 9.9973E-05
0.0755024 9.9973E-05 9.9973E-05 0.0180724 0.696305 9.9973E-05 0.0370371 0.101098 0.00502976 0.0666554
0.381452 0.0956611 0.110733 9.9982E-05 0.143756 9.9982E-05 0.126033 0.0907472 0.0431226 0.00829501
0.386239 0.0462114 0.0192994 0.169316 0.120616 9.9991E-05 0.024316 0.17972 0.0156034 0.0385797
0.160023 9.9982E-05 0.0633115 0.0191847 0.497513 9.9982E-05 0.176252 0.0273369 0.0188589 0.03732
0.165553 0.0437685 0.118797 0.142236 0.0168984 9.9973E-05 0.209235 0.303212 9.9973E-05 9.9973E-05
0.433605 9.9973E-05 0.0815678 9.9973E-05 0.223621 0.00530775 0.133203 0.0949629 9.9973E-05 0.0274331
0.334065 9.9964E-05 0.0712807 9.9964E-05 0.388698 0.0470657 0.0908962 0.0675952 9.9964E-05 9.9964E-05
0.391702 9.9964E-05 0.202484 9.9964E-05 0.272896 0.0109351 0.119839 0.00174465 9.9964E-05 9.9964E-05
0.448846 9.9964E-05 0.0981201 9.9964E-05 0.226219 0.0407805 0.17113 0.0145046 9.9964E-05 9.9964E-05
0.00155894 0.0514559 0.00814143 0.0163968 0.61929 9.9991E-05 0.0662192 0.158345 0.00327854 0.0752143
0.0615578 0.0581879 0.0607456 0.00951329 0.604768 0.051718 0.130084 0.00607928 0.00173963 0.0156059
0.134467 9.9991E-05 0.038905 0.0240541 0.501906 0.0321298 0.141114 0.00512501 0.0198335 0.102366
0.331106 0.0700461 0.138776 0.158202 0.0472864 9.9973E-05 0.204624 0.0496599 9.9973E-05 9.9973E-05
0.0190234 9.9982E-05 0.0022711 0.19122 0.474398 9.9982E-05 0.0923992 0.0461956 0.0437677 0.130525
0.121329 0.0857332 0.0611771 0.227033 0.463179 0.0215873 9.9982E-05 0.0131487 0.00661331 9.9982E-05
0.137356 9.9973E-05 0.11739 0.432204 9.9973E-05 9.9973E-05 0.0997713 0.100812 0.0405266 0.0716395
0.0387238 9.9982E-05 0.0747641 0.0568869 0.519369 0.0815577 9.9982E-05 0.115711 0.0471273 0.0656602
9.9982E-05 9.9982E-05 0.198801 0.175465 0.322273 0.0382199 0.0458228 0.0848435 0.0269253 0.107449
0.0565381 0.00551629 0.0607098 0.135713 0.51434 0.0720296 0.04231 0.108435 0.00430821 9.9991E-05
0.0209721 0.0314754 0.0469382 0.381046 0.2638 0.0463553 0.0904588 0.0885083 0.0303455 9.9991E-05
0.116658 9.9982E-05 0.0606781 0.375494 0.146411 9.9982E-05 0.0992005 0.135463 0.0550102 0.010885
0.0323993 9.9982E-05 0.130688 0.130477 0.392017 0.0370364 0.0693642 0.200074 0.00774511 9.9982E-05
9.9973E-05 0.132089 0.0456606 0.13526 0.42382 0.12804 0.0559527 0.0788776 9.9973E-05 9.9973E-05
0.0982595 0.0818136 0.0974688 0.11636 0.365051 0.10343 0.111674 9.9982E-05 0.0257437 9.9982E-05
0.101203 0.149981 0.251197 0.335676 9.9973E-05 9.9973E-05 0.0469084 0.0657053 0.0490292 9.9973E-05
0.0865862 0.0653565 0.0243292 0.185952 0.49102 0.0338531 0.00487534 0.0629202 9.9991E-05 0.0450079
0.202459 9.9964E-05 0.13154 0.268406 0.346119 9.9964E-05 0.0429389 0.00813676 9.9964E-05 9.9964E-05
0.147553 9.9973E-05 0.155794 0.108774 0.424002 0.0323707 0.00204447 0.129162 9.9973E-05 9.9973E-05
0.139183 0.109448 0.0624219 9.9982E-05 0.494594 0.0777303 0.0575903 0.0253978 9.9982E-05 0.0334347
0.0444035 0.253216 9.9973E-05 0.254017 0.12113 0.119314 9.9973E-05 9.9973E-05 0.0887049 0.118914
9.9955E-05 0.0985316 9.9955E-05 0.349229 9.9955E-05 0.432062 9.9955E-05 9.9955E-05 0.0426832 0.0769951
9.9946E-05 0.147776 9.9946E-05 0.45444 9.9946E-05 0.309002 9.9946E-05 9.9946E-05 0.0881823 9.9946E-05
0.00632148 0.256654 9.9973E-05 0.229818 0.130797 0.300195 9.9973E-05 9.9973E-05 0.0188816 0.0570323
9.99638E-05 9.99638E-05 0.12367 0.201491 0.581978 9.99638E-05 0.0580614 0.0343 9.99638E-05 9.99638E-05
0.0965088 0.0308354 0.0331555 0.126015 0.51012 9.9991E-05 0.0120881 0.0870836 0.0313337 0.0727595
0.0523389 0.671954 9.9937E-05 9.9937E-05 0.275008 9.9937E-05 9.9937E-05 9.9937E-05 9.9937E-05 9.9937E-05
0.155847 0.419311 9.9982E-05 9.9982E-05 0.272555 0.023521 0.0470676 0.0346784 0.0269925 0.0198263
0.0681113 0.436083 0.0374129 9.9973E-05 0.306716 0.082075 0.0670384 0.00226435 9.9973E-05 9.9973E-05
9.9946E-05 9.9946E-05 0.0951299 0.377137 0.343695 9.9946E-05 9.9946E-05 0.183438 9.9946E-05 9.9946E-05
9.9991E-05 0.0229048 0.0956551 0.10687 0.486738 0.0126676 0.0914142 0.0976197 0.00327342 0.0827568
0.0556086 9.9955E-05 0.0762674 0.492172 0.230246 9.9955E-05 9.9955E-05 0.145206 9.9955E-05 9.9955E-05
0.0213231 9.9973E-05 0.0721292 0.239772 0.56788 0.0140329 0.0453181 0.0392446 9.9973E-05 9.9973E-05
0.196771 9.99643E-05 9.99643E-05 0.177228 0.443879 9.99643E-05 9.99643E-05 0.143828 0.0112972 0.0265962
0.0439156 0.0408315 0.0264758 0.24849 0.567429 9.9973E-05 9.9973E-05 0.0473404 9.9973E-05 0.0252181
0.209584 9.9964E-05 0.0801098 0.381041 0.167141 9.9964E-05 0.021826 0.139898 9.9964E-05 9.9964E-05
9.9982E-05 0.129905 0.0887234 0.0721144 0.519258 0.086954 0.0459981 0.0166064 0.0402407 9.9982E-05
0.121527 0.0313247 0.0933821 0.10218 0.470998 0.0196016 0.0132162 0.0960428 9.9991E-05 0.0516285
9.9955E-05 0.905773 0.005273 9.9955E-05 0.00872126 9.9955E-05 9.9955E-05 0.0273205 9.9955E-05 0.0524121
9.9955E-05 0.94988 0.0214335 9.9955E-05 0.0229409 9.9955E-05 0.00416371 0.0010817 9.9955E-05 9.9955E-05
0.110765 0.538866 0.0648879 9.9955E-05 0.232169 9.9955E-05 9.9955E-05 9.9955E-05 9.9955E-05 0.0528121
9.9946E-05 0.622884 9.9946E-05 9.9946E-05 0.355012 9.9946E-05 0.0022212 9.9946E-05 0.0192833 9.9946E-05
9.9964E-05 0.756484 0.0171515 9.9964E-05 0.182885 0.023246 0.0176638 9.9964E-05 9.9964E-05 0.00217045
9.9937E-05 0.993536 9.9937E-05 0.000713131 9.9937E-05 9.9937E-05 9.9937E-05 9.9937E-05 0.00505119 9.9937E-05
9.9946E-05 0.937243 9.9946E-05 9.9946E-05 9.9946E-05 9.9946E-05 0.0354131 0.00421973 9.9946E-05 0.0225248
9.9928E-05 0.870283 9.9928E-05 9.9928E-05 0.128918 9.9928E-05 9.9928E-05 9.9928E-05 9.9928E-05 9.9928E-05
0.00350373 0.935993 9.9955E-05 9.9955E-05 0.0295193 9.9955E-05 0.021047 9.9955E-05 0.00943753 9.9955E-05
9.99201E-05 0.999101 9.99201E-05 9.99201E-05 9.99201E-05 9.99201E-05 9.99201E-05 9.99201E-05 9.99201E-05 9.99201E-05
9.9928E-05 0.955902 9.9928E-05 9.9928E-05 9.9928E-05 9.9928E-05 9.9928E-05 9.9928E-05 0.0432982 9.9928E-05
0.0266077 0.739107 0.0100482 9.9964E-05 0.18582 9.9964E-05 0.00677235 9.9964E-05 0.0312447 9.9964E-05
9.9964E-05 0.851051 0.0042278 9.9964E-05 0.00449724 0.0246196 0.100331 9.9964E-05 0.0148738 9.9964E-05
9.9928E-05 0.978041 9.9928E-05 9.9928E-05 9.9928E-05 9.9928E-05 9.9928E-05 9.9928E-05 0.0211598 9.9928E-05
0.0771337 0.377288 0.0465368 9.9973E-05 0.40975 0.0320537 0.0309118 9.9973E-05 9.9973E-05 0.0260269
0.00929496 0.701325 0.0699922 9.9964E-05 0.120658 9.9964E-05 0.0776869 9.9964E-05 0.0206438 9.9964E-05
9.9955E-05 0.698934 9.9955E-05 9.9955E-05 0.157472 9.9955E-05 0.0714014 9.9955E-05 0.0272894 0.0444036
0.0425087 0.795133 9.9955E-05 9.9955E-05 0.111436 0.00319916 9.9955E-05 9.9955E-05 0.0472238 9.9955E-05
9.9946E-05 0.970854 9.9946E-05 9.9946E-05 0.00892864 0.0022691 0.0173484 9.9946E-05 9.9946E-05 9.9946E-05
9.9964E-05 0.894074 9.9964E-05 9.9964E-05 0.0262642 9.9964E-05 0.00492337 0.0298493 0.00444886 0.0400404
9.9937E-05 0.94807 0.00882887 9.9937E-05 9.9937E-05 9.9937E-05 9.9937E-05 9.9937E-05 0.0424015 9.9937E-05
9.9973E-05 0.614077 0.0597737 9.9973E-05 0.169342 0.0272709 0.0533382 0.0660881 9.9973E-05 0.00981011
0.0140573 0.828325 9.9973E-05 9.9973E-05 0.0955626 0.0207489 0.00793855 0.0262557 0.00681249 9.9973E-05
9.9955E-05 0.0722039 9.9955E-05 0.552566 9.9955E-05 0.187976 9.9955E-05 0.0982249 9.9955E-05 0.0885294
0.00478719 0.0719519 9.9991E-05 0.134012 0.385485 0.0170161 0.195765 0.0428936 0.078405 0.0695837
9.9964E-05 0.07751 0.107855 0.193865 0.350437 0.221623 0.0483107 9.9964E-05 9.9964E-05 9.9964E-05
9.9973E-05 0.0923104 9.9973E-05 0.379435 0.166546 0.179413 0.0565941 0.0625526 0.0628491 9.9973E-05
9.9973E-05 0.135629 0.0820641 0.108971 0.452015 0.112378 0.012641 0.0960012 9.9973E-05 9.9973E-05
9.9973E-05 0.0874189 0.0602473 0.360197 0.1944 0.221991 9.9973E-05 0.0193532 0.056092 9.9973E-05
0.0893095 0.0591185 0.0297864 0.136575 0.407046 0.181565 9.9982E-05 0.0505039 9.9982E-05 0.0458954
9.9991E-05 0.16862 0.0731754 0.285095 0.31903 0.0795202 0.00559706 0.051567 0.00911515 0.00817932
9.9973E-05 0.111385 9.9973E-05 0.138532 0.520826 0.14493 0.0138286 9.9973E-05 0.0644166 0.00578125
9.9973E-05 0.150438 0.00440099 0.312904 0.366491 0.0174151 9.9973E-05 9.9973E-05 0.0414974 0.106554
0.107433 0.143157 0.0636092 0.107523 0.383042 0.145346 0.0231255 9.9982E-05 0.0265645 9.9982E-05
9.9955E-05 9.9955E-05 9.9955E-05 9.9955E-05 0.0366101 0.76432 0.065576 0.0579963 9.9955E-05 0.0749982
9.9955E-05 0.0703198 9.9955E-05 9.9955E-05 9.9955E-05 0.714383 9.9955E-05 0.00910257 0.0613189 0.144376
9.9964E-05 9.9964E-05 0.0117459 0.0150158 0.0135383 0.89312 9.9964E-05 9.9964E-05 0.0479249 0.018255
9.9946E-05 9.9946E-05 9.9946E-05 9.9946E-05 0.035335 0.941243 0.00575895 9.9946E-05 0.0170631 9.9946E-05
0.00899431 0.0308363 9.9982E-05 0.016459 0.0133022 0.765643 0.0195939 0.0230236 0.121948 9.9982E-05
9.9946E-05 0.0392198 9.9946E-05 9.9946E-05 9.9946E-05 0.57897 9.9946E-05 9.9946E-05 0.0826501 0.29856
9.9955E-05 0.0321993 9.9955E-05 9.9955E-05 0.0294201 0.67786 9.9955E-05 9.9955E-05 0.055122 0.204898
9.9973E-05 0.0246086 0.00465949 0.0504648 9.9973E-05 0.744925 0.0272363 9.9973E-05 0.0684318 0.0793736
9.9955E-05 9.9955E-05 9.9955E-05 9.9955E-05 0.041869 0.868105 9.9955E-05 0.00782558 0.0138166 0.0678837
9.9964E-05 0.0672229 9.9964E-05 0.00298892 9.9964E-05 0.614766 0.0309714 9.9964E-05 0.0121139 0.271536
0.184237 9.9955E-05 0.127584 9.9955E-05 9.9955E-05 0.638743 0.0354969 9.9955E-05 0.0134394 9.9955E-05
0.147885 9.9964E-05 0.0505357 9.9964E-05 9.9964E-05 0.563509 0.173077 0.0267533 0.0378397 9.9964E-05
0.211002 9.9973E-05 0.00892476 0.147044 9.9973E-05 0.405346 0.100262 9.9973E-05 0.0479097 0.0792107
0.25641 9.9946E-05 0.135121 9.9946E-05 9.9946E-05 0.504376 0.103494 9.9946E-05 9.9946E-05 9.9946E-05
0.239483 9.9982E-05 0.125281 0.0620632 0.513982 9.9982E-05 0.0374625 0.00640026 0.013251 0.00187654
0.118061 0.115281 0.220404 9.9964E-05 0.376443 9.9964E-05 9.9964E-05 0.112723 9.9964E-05 0.056687
0.0839355 0.0588132 0.245604 0.0117072 0.476132 9.9964E-05 0.123408 9.9964E-05 9.9964E-05 9.9964E-05
0.29646 9.9982E-05 0.0539926 0.0246809 0.357616 0.0557136 0.117652 0.0860231 9.9982E-05 0.00766131
0.637628 9.9973E-05 0.0411303 9.9973E-05 0.0961452 0.00203217 0.183055 0.0365888 0.00312058 9.9973E-05
9.9973E-05 0.0940757 0.206274 9.9973E-05 0.516471 0.00999674 9.9973E-05 0.143382 0.00304242 0.0264587
0.101008 0.0104537 0.317762 9.9982E-05 0.474587 0.0264819 0.0649842 9.9982E-05 0.00380149 0.000721973
0.0752593 0.00542055 0.24163 9.9964E-05 0.529273 9.9964E-05 9.9964E-05 0.104568 9.9964E-05 0.0434494
9.9946E-05 0.08309 0.566344 0.0160724 0.333894 9.9946E-05 9.9946E-05 9.9946E-05 9.9946E-05 9.9946E-05
9.9964E-05 0.0908154 0.159475 0.0130292 0.608409 9.9964E-05 0.0578066 0.0700651 9.9964E-05 9.9964E-05
0.122119 9.9964E-05 0.343837 9.9964E-05 0.400059 9.9964E-05 0.0489484 0.0638227 9.9964E-05 0.0208133
0.0281453 9.9964E-05 0.729314 0.000165887 9.9964E-05 9.9964E-05 0.0611258 0.17194 9.9964E-05 0.00890895
0.179947 9.9973E-05 0.118 9.9973E-05 0.419822 9.9973E-05 0.0486459 0.0737136 0.00720689 0.152365
0.0604727 9.9973E-05 0.473434 0.148956 0.217701 0.0082656 9.9973E-05 0.0771443 9.9973E-05 0.0137261
0.0647802 9.9964E-05 0.291536 9.9964E-05 0.502792 9.9964E-05 9.9964E-05 0.0791366 0.0129983 0.0483566
0.109755 9.9964E-05 0.6657 9.9964E-05 0.0896184 0.0463997 0.0797471 0.00837985 9.9964E-05 9.9964E-05
9.9955E-05 0.00103743 9.9955E-05 0.0807307 0.00743245 0.0796393 0.83066 9.9955E-05 9.9955E-05 9.9955E-05
9.9946E-05 9.9946E-05 9.9946E-05 0.0486268 0.0879196 9.9946E-05 0.815121 9.9946E-05 9.9946E-05 0.0477326
9.9937E-05 9.9937E-05 9.9937E-05 0.0402555 9.9937E-05 9.9937E-05 0.937272 0.0217725 9.9937E-05 9.9937E-05
9.9955E-05 9.9955E-05 0.0724832 9.9955E-05 9.9955E-05 0.0754659 0.817374 0.0187635 9.9955E-05 0.0154133
0.00548942 0.00205421 9.9973E-05 0.0389771 0.0818689 9.9973E-05 0.841334 9.9973E-05 0.0117002 0.0182762
9.9946E-05 0.0218692 9.9946E-05 9.9946E-05 0.0495521 9.9946E-05 0.877817 9.9946E-05 9.9946E-05 0.050162
9.9946E-05 9.9946E-05 9.9946E-05 9.9946E-05 0.107274 0.816468 9.9946E-05 9.9946E-05 0.0448799 0.0307784
0.0352462 0.027932 9.9946E-05 9.9946E-05 0.0842246 0.851998 9.9946E-05 9.9946E-05 9.9946E-05 9.9946E-05
9.9964E-05 0.0872494 9.9964E-05 9.9964E-05 0.140923 0.65999 0.0113509 9.9964E-05 0.0310176 0.069069
0.0308888 0.0927786 9.9964E-05 9.9964E-05 0.065532 0.749271 0.0176872 9.9964E-05 0.0434425 9.9964E-05
9.9946E-05 0.10141 9.9946E-05 9.9946E-05 0.0758422 0.8159 0.00624845 9.9946E-05 9.9946E-05 9.9946E-05
0.058088 9.9973E-05 0.0738411 0.0143509 9.9973E-05 0.336625 0.44432 9.9973E-05 0.0312282 0.0412465
9.9955E-05 9.9955E-05 0.121489 9.9955E-05 9.9955E-05 0.479804 0.335214 0.0280087 0.0349844 9.9955E-05
9.9955E-05 9.9955E-05 0.0392096 9.9955E-05 9.9955E-05 0.409399 0.429759 0.0956564 0.0254769 9.9955E-05
9.99201E-05 9.99201E-05 9.99201E-05 9.99201E-05 9.99201E-05 9.99201E-05 9.99201E-05 9.99201E-05 0.999101 9.99201E-05
9.9973E-05 0.0101139 0.0751022 9.9973E-05 9.9973E-05 0.279754 0.478302 0.0758186 0.0254773 0.0551322
9.9964E-05 0.321889 9.9964E-05 0.104563 0.246276 0.126855 9.9964E-05 0.0296321 9.9964E-05 0.170385
0.0325871 0.179318 9.9964E-05 9.9964E-05 0.492547 0.135017 9.9964E-05 0.0617406 0.0983905 9.9964E-05
0.0155943 0.241214 9.9964E-05 9.9964E-05 0.528785 0.144089 9.9964E-05 9.9964E-05 0.0312539 0.0386633
9.9973E-05 0.195277 9.9973E-05 0.137553 0.342288 0.124608 0.0635966 9.9973E-05 0.0384762 0.0979011
0.0593887 0.17568 9.9991E-05 0.0558551 0.413057 0.102104 0.0536027 0.0860219 0.0296931 0.0244966
9.9946E-05 0.291605 9.9946E-05 0.259259 9.9946E-05 0.273264 9.9946E-05 9.9946E-05 9.9946E-05 0.175271
0.284025 9.9964E-05 0.0530886 9.9964E-05 0.402889 0.0285311 0.136082 0.094984 9.9964E-05 9.9964E-05
0.173587 9.9973E-05 0.0387084 0.108445 0.302585 9.9973E-05 0.0936275 0.257805 0.0249425 9.9973E-05
0.60608 9.9955E-05 9.9955E-05 9.9955E-05 0.169038 0.115486 0.0734 9.9955E-05 0.035496 9.9955E-05
0.15471 9.9955E-05 0.104156 9.9955E-05 0.411174 9.9955E-05 0.093005 0.236455 9.9955E-05 9.9955E-05
0.231051 9.9955E-05 0.174314 0.266302 9.9955E-05 9.9955E-05 0.00617981 0.321653 9.9955E-05 9.9955E-05
0.380502 0.0375593 0.0414607 0.00412271 0.461874 9.9973E-05 9.9973E-05 9.9973E-05 0.0467132 0.0274678
0.234499 0.0298946 0.0286325 9.9973E-05 0.342976 0.0103366 9.9973E-05 0.259562 0.0937991 9.9973E-05
0.527102 9.9982E-05 0.0434211 0.00552163 0.267063 9.9982E-05 0.0477998 0.0336104 0.0305965 0.0446851
0.186876 0.0724886 0.043633 0.0371938 0.466439 0.037872 0.102531 0.052767 9.9982E-05 9.9982E-05
0.517063 9.9955E-05 0.0613326 0.27301 0.0265511 9.9955E-05 9.9955E-05 0.121543 9.9955E-05 9.9955E-05
0.120313 0.0473066 9.9982E-05 0.2014 0.373543 9.9982E-05 0.109873 0.12338 0.00155101 0.0224345
0.11263 0.0163279 0.140438 9.9973E-05 0.503481 0.0498971 0.147005 9.9973E-05 0.0299214 9.9973E-05
0.0454041 0.182304 0.122809 0.114349 0.336547 0.142776 0.0274979 0.0281141 9.9982E-05 9.9982E-05
0.405051 9.9964E-05 0.00238762 0.0657253 0.340541 9.9964E-05 0.00304973 0.182845 9.9964E-05 9.9964E-05
0.198793 0.00233074 0.0431607 0.0482412 0.470801 0.0515902 0.11035 0.0655039 0.00912968 9.9991E-05
0.11563 0.0729335 0.128505 0.0821276 0.404044 0.00636233 0.0488056 0.141393 9.9982E-05 9.9982E-05
0.154557 9.9973E-05 0.0202328 0.0739344 0.54054 9.9973E-05 0.105994 0.0761565 9.9973E-05 0.0282848
0.119172 0.0798942 0.0701035 9.9973E-05 0.537764 9.9973E-05 0.0538014 0.129033 9.9973E-05 0.00993273
0.213083 9.9973E-05 0.118708 0.0256847 0.514092 0.077809 9.9973E-05 0.0173728 0.032951 9.9973E-05
0.162361 0.0751892 0.0361382 0.0119878 0.597848 0.0579778 0.0243157 9.9991E-05 0.00974923 0.0243333
9.99279E-05 9.99279E-05 9.99279E-05 9.99279E-05 0.00433367 9.99279E-05 9.99279E-05 9.99279E-05 9.99279E-05 0.994867
9.9928E-05 9.9928E-05 9.9928E-05 9.9928E-05 9.9928E-05 9.9928E-05 9.9928E-05 9.9928E-05 0.00245503 0.996746
9.9955E-05 9.9955E-05 9.9955E-05 0.0861751 9.9955E-05 0.292304 0.0184546 0.0234008 9.9955E-05 0.579166
9.9928E-05 9.9928E-05 9.9928E-05 9.9928E-05 9.9928E-05 9.9928E-05 0.0542941 9.9928E-05 9.9928E-05 0.944906
9.9937E-05 9.9937E-05 9.9937E-05 9.9937E-05 9.9937E-05 0.0534423 9.9937E-05 9.9937E-05 0.0357991 0.910059
0.645704 0.0484578 9.9964E-05 9.9964E-05 0.0725683 9.9964E-05 0.19194 9.9964E-05 0.0234425 0.0174874
0.321197 0.074767 9.9973E-05 0.006537 0.449476 0.0519216 9.9973E-05 0.087385 9.9973E-05 0.00841631
9.9982E-05 0.0591648 0.0677406 0.125146 0.496043 0.164314 0.024469 0.0116852 0.0512369 9.9982E-05
0.235128 0.0604224 9.9982E-05 0.0318522 0.571772 9.9982E-05 0.00882143 0.0265891 0.00011357 0.0651014
0.17987 0.023592 0.120039 9.9982E-05 0.445621 0.0189847 0.0953323 9.9982E-05 0.00306101 0.1133
0.360567 0.06503 9.9982E-05 0.08316 0.182792 9.9982E-05 0.103604 0.144397 0.0282151 0.0320347
0.602754 9.9955E-05 0.055593 0.0110717 9.9955E-05 9.9955E-05 0.13314 9.9955E-05 9.9955E-05 0.196941
0.232823 9.9973E-05 9.9973E-05 0.0311316 0.460243 9.9973E-05 0.177425 0.0641002 0.0170029 0.016974
0.470642 0.0701981 9.9991E-05 0.0111003 0.0833659 0.0453994 0.222857 0.0917293 0.00339185 0.00121571
0.168633 0.03768 9.9973E-05 0.085217 0.463312 9.9973E-05 0.0837827 0.0767744 9.9973E-05 0.0843014
0.497828 9.9973E-05 0.00941065 9.9973E-05 0.0578177 0.0856205 0.190016 0.103448 9.9973E-05 0.0555582
0.106801 0.01335 9.9973E-05 0.0567447 0.593151 0.000150088 0.1681 9.9973E-05 9.9973E-05 0.0614035
0.487524 9.9973E-05 9.9973E-05 9.9973E-05 0.138949 0.0986628 0.17106 0.0730996 0.027858 0.00254646
0.244515 0.0626392 9.9982E-05 0.134338 0.306776 0.011077 0.138669 0.0733513 9.9982E-05 0.0284347
0.055509 0.0100882 0.0182495 0.227729 0.504892 9.9982E-05 0.100567 0.0330848 9.9982E-05 0.0496807
0.0561686 9.9955E-05 9.9955E-05 0.380453 0.313093 9.9955E-05 0.14236 0.107426 9.9955E-05 9.9955E-05
0.0949425 9.9982E-05 0.108193 0.141897 0.572104 0.0319588 0.00426041 9.9982E-05 0.0205397 0.0259058
0.0635956 9.9973E-05 0.0591598 0.172652 0.603303 9.9973E-05 9.9973E-05 0.0127219 0.0780816 0.0101857
9.9955E-05 9.9955E-05 0.100839 0.354952 0.324494 9.9955E-05 0.123063 0.0961521 9.9955E-05 9.9955E-05
9.9982E-05 0.0990191 0.0495754 0.11624 0.419813 9.9982E-05 0.165288 0.0951685 0.0207428 0.0339532
9.9973E-05 9.9973E-05 0.0783594 0.195114 0.572711 9.9973E-05 0.0598278 0.0530146 0.0272469 0.0134265
0.0253503 9.9964E-05 0.117438 0.492045 0.0866839 9.9964E-05 0.114212 0.16387 9.9964E-05 9.9964E-05
0.00969638 9.9964E-05 0.103765 0.543156 0.29052 9.9964E-05 0.0260001 0.0264627 9.9964E-05 9.9964E-05
0.041572 9.9964E-05 9.9964E-05 0.293765 0.503592 9.9964E-05 0.0842705 0.0606241 0.015777 9.9964E-05
9.99549E-05 9.99549E-05 0.244419 0.467025 0.131634 9.99549E-05 0.107515 0.0489077 9.99549E-05 9.99549E-05
0.194361 9.9955E-05 0.0580756 0.288353 0.454016 9.9955E-05 0.00469515 9.9955E-05 9.9955E-05 9.9955E-05
0.596012 0.0475673 0.110026 0.0244389 9.9982E-05 0.0463467 0.163439 9.9982E-05 0.00803265 0.00393798
0.367627 0.0276244 0.0236384 9.9964E-05 0.205493 9.9964E-05 0.0894925 0.285725 9.9964E-05 9.9964E-05
0.378184 0.0541093 0.0812629 9.9973E-05 0.245038 9.9973E-05 0.0722377 0.104106 9.9973E-05 0.0647624
0.18503 0.0388647 9.9982E-05 9.9982E-05 0.62135 0.023647 0.0913161 0.00310214 0.0177427 0.0187468
0.512003 0.0255253 0.102573 9.9964E-05 0.155939 9.9964E-05 0.190598 0.0129616 9.9964E-05 9.9964E-05
0.119145 0.102465 0.0126065 0.0657089 0.362171 0.0322402 0.1048 0.14121 0.0595534 9.9991E-05
0.1418 0.126942 0.0206851 9.9982E-05 0.430292 9.9982E-05 0.0988838 0.069673 0.0164492 0.0950749
0.436782 0.122695 0.0237211 0.0482479 0.346884 9.9964E-05 0.0212713 9.9964E-05 9.9964E-05 9.9964E-05
0.209821 0.1376 0.0344779 9.9982E-05 0.418426 0.0186331 0.124856 0.0314815 0.0245048 9.9982E-05
0.260741 0.0982182 0.0217005 0.0218102 0.354826 9.9973E-05 0.236531 0.00587242 9.9973E-05 9.9973E-05
0.482972 0.0277011 0.0775574 9.9964E-05 0.211435 9.9964E-05 0.166922 0.0330119 9.9964E-05 9.9964E-05
0.24788 0.102906 9.9955E-05 9.9955E-05 0.277887 9.9955E-05 0.26193 0.108897 9.9955E-05 9.9955E-05
0.173037 0.0564086 9.9955E-05 9.9955E-05 0.539287 9.9955E-05 0.0867058 0.144062 9.9955E-05 9.9955E-05
0.23624 0.115326 9.9982E-05 0.0214755 0.453129 0.00942059 0.0500395 0.0984633 0.0157066 9.9982E-05
0.298313 0.0303033 0.0367734 0.0645932 0.369074 0.014024 0.0963629 0.0618575 0.0202642 0.00843511
0.243445 0.105938 9.9964E-05 9.9964E-05 0.41437 9.9964E-05 0.0938098 0.118657 0.0233797 9.9964E-05
0.309222 0.0355633 9.9982E-05 0.0734306 0.336186 0.0489255 0.132905 9.9982E-05 0.0510152 0.0125519
0.18795 9.9955E-05 9.9955E-05 9.9955E-05 0.682604 9.9955E-05 0.0879449 0.00415518 9.9955E-05 0.0368464
0.236703 0.040841 0.0408059 9.9982E-05 0.459935 9.9982E-05 0.0577275 0.0225784 0.0180153 0.123194
0.0405364 0.0922302 0.0864182 0.0293282 0.513947 0.0282837 0.129589 0.0648504 0.0147169 9.9991E-05
9.9973E-05 0.130309 0.064657 0.0360161 0.38887 0.163133 9.9973E-05 9.9973E-05 0.0165256 0.200189
9.9973E-05 0.23583 0.171981 0.0567222 0.299697 0.0502008 9.9973E-05 9.9973E-05 0.0241388 0.16113
9.9973E-05 0.169567 0.109471 0.134134 0.468714 9.9973E-05 0.0130713 9.9973E-05 0.0890236 0.0157201
0.132797 0.178584 0.0228871 9.9982E-05 0.465922 0.0861574 0.0107163 0.0476071 0.0551293 9.9982E-05
0.150021 0.19133 9.9973E-05 9.9973E-05 0.358113 0.0297537 9.9973E-05 0.0435305 0.0555661 0.171387
0.321758 0.00709045 9.9964E-05 0.054827 0.431968 9.9964E-05 9.9964E-05 0.17212 0.011837 9.9964E-05
0.0226497 0.165324 0.0718972 9.9982E-05 0.461142 0.0991847 9.9982E-05 0.0401735 0.0070414 0.132387
0.108392 0.12766 0.098801 0.487367 0.00331649 0.119142 9.9982E-05 0.00159778 9.9982E-05 0.053523
0.116706 0.225288 9.9982E-05 0.0898111 0.432345 0.0451383 0.0449585 9.9982E-05 0.0288954 0.0166576
0.053889 0.16177 0.0461497 0.0108961 0.496832 9.9991E-05 0.0457865 0.0626167 0.0564713 0.0654887
0.136158 0.291047 0.00907932 9.9991E-05 0.377675 0.0519115 0.0384287 0.0790154 0.00459942 0.0119858
0.204989 0.193031 0.0923318 0.201755 0.169428 0.0240171 9.9982E-05 9.9982E-05 0.043129 0.07112
0.00302775 0.0733351 0.00638556 0.036916 0.565208 0.218434 0.0468236 0.0289279 0.00396888 0.0169737
0.0340702 0.0962394 9.9982E-05 0.0871774 0.566886 0.0197232 9.9982E-05 0.0505724 0.107377 0.0377538
9.9964E-05 0.198741 9.9964E-05 0.331566 9.9964E-05 0.367693 9.9964E-05 0.000978475 0.0236936 0.0769277
0.0342598 0.243508 9.9982E-05 9.9982E-05 0.401993 0.00922818 0.0268207 0.0366525 0.0889731 0.158365
9.9973E-05 0.154497 9.9973E-05 0.0577281 0.551839 0.130096 0.0494127 0.0461855 0.00994209 9.9973E-05
0.0131375 0.119955 9.9964E-05 0.130664 0.57896 0.0719645 9.9964E-05 0.0849191 9.9964E-05 9.9964E-05
9.9973E-05 0.173242 9.9973E-05 0.0964798 0.521874 0.146204 0.0122849 0.00328188 9.9973E-05 0.0463333
9.9982E-05 0.157299 0.0906924 0.00203515 0.489928 0.122381 9.9982E-05 0.0652395 0.0538075 0.0184174
9.9964E-05 0.0124747 0.0348285 9.9964E-05 0.364421 0.0807129 9.9964E-05 0.491451 0.0157123 9.9964E-05
0.0693926 0.0573688 9.9973E-05 9.9973E-05 0.472186 0.0692696 0.0032682 0.273909 0.054306 9.9973E-05
0.14977 9.9937E-05 0.0427497 9.9937E-05 9.9937E-05 9.9937E-05 9.9937E-05 0.806781 9.9937E-05 9.9937E-05
0.0418226 9.99369E-05 9.99369E-05 9.99369E-05 9.99369E-05 9.99369E-05 0.0516502 0.905828 9.99369E-05 9.99369E-05
0.00937778 0.135894 0.00542981 9.9982E-05 0.290321 0.0372893 0.0498796 0.415153 0.0564552 9.9982E-05
0.0701499 0.274102 0.00346015 0.031557 0.402442 0.105394 9.9982E-05 0.029747 9.9982E-05 0.0829478
9.9964E-05 0.316257 9.9964E-05 0.0767667 0.264681 0.0932643 9.9964E-05 0.23026 0.0183717 9.9964E-05
0.0518674 0.290733 0.0334473 0.10696 0.111795 0.196149 9.9982E-05 0.193852 0.0149952 9.9982E-05
0.0686292 0.237166 9.9973E-05 9.9973E-05 0.301442 0.0968477 9.9973E-05 0.184475 0.0539031 0.057238
9.9955E-05 0.0791196 9.9955E-05 0.154616 9.9955E-05 9.9955E-05 9.9955E-05 0.624349 0.017144 0.124272
9.9973E-05 0.0896659 9.9973E-05 0.0386581 0.0605683 0.0396762 9.9973E-05 0.674698 0.0600503 0.0363833
9.9964E-05 0.0655107 0.083631 9.9964E-05 0.468032 9.9964E-05 0.0275213 0.30059 0.0543152 9.9964E-05
9.9946E-05 0.0549273 9.9946E-05 9.9946E-05 0.416697 0.0643881 9.9946E-05 0.463388 9.9946E-05 9.9946E-05
9.9955E-05 0.038872 9.9955E-05 9.9955E-05 0.122727 9.9955E-05 9.9955E-05 0.685293 0.0445878 0.10802
0.00333629 0.0572632 9.9964E-05 9.9964E-05 0.422099 0.0698537 9.9964E-05 0.393937 9.9964E-05 0.0531108
9.9964E-05 0.0933424 0.036524 9.9964E-05 0.455491 0.00162183 0.0280763 0.384544 9.9964E-05 9.9964E-05
0.0403841 0.101725 0.0587344 0.00598969 0.4711 0.109658 0.018065 0.0935988 9.9991E-05 0.100645
0.199747 9.9973E-05 0.00288316 0.0370211 0.216015 9.9973E-05 9.9973E-05 0.521259 0.00370545 0.0190695
0.0384886 9.9955E-05 9.9955E-05 9.9955E-05 0.33641 0.0245049 9.9955E-05 0.591594 0.00850273 9.9955E-05
9.9964E-05 0.0130937 0.110052 9.9964E-05 0.51851 9.9964E-05 0.0356535 0.282081 0.0402103 9.9964E-05
9.9973E-05 0.0719656 9.9973E-05 0.0441682 0.274081 9.9973E-05 0.159653 0.396975 0.0483256 0.00453153
0.0366192 0.0840236 0.0567247 0.04826 0.38403 9.9991E-05 0.0723103 0.22584 0.0106667 0.0814249
0.0274421 9.9955E-05 9.9955E-05 0.143928 0.411523 0.0152263 9.9955E-05 0.401381 9.9955E-05 9.9955E-05
0.0334822 9.9946E-05 9.9946E-05 9.9946E-05 0.148058 9.9946E-05 0.0838384 0.734021 9.9946E-05 9.9946E-05
9.9964E-05 0.0386123 9.9964E-05 0.0176608 0.565964 0.0260177 9.9964E-05 0.322974 9.9964E-05 0.0283711
0.122233 9.9955E-05 0.0330403 9.9955E-05 0.135248 9.9955E-05 9.9955E-05 0.701486 9.9955E-05 0.0074929
9.9973E-05 0.010919 0.0589431 0.0147322 0.363484 0.0207949 9.9973E-05 0.481998 9.9973E-05 0.0488295
9.9964E-05 0.069543 0.0882669 9.9964E-05 0.511376 0.05814 9.9964E-05 0.227142 0.0451323 9.9964E-05
0.0536281 9.9964E-05 0.101681 0.0367394 0.457919 0.0532599 9.9964E-05 0.296374 9.9964E-05 9.9964E-05
0.175171 0.124554 9.9973E-05 0.0848285 0.366952 0.170022 9.9973E-05 9.9973E-05 0.016507 0.0616653
0.0829529 0.260256 0.0211516 0.0519978 0.289104 0.0629773 0.10464 0.0794593 9.9991E-05 0.0473611
9.9973E-05 0.209378 9.9973E-05 0.0787618 0.315884 9.9973E-05 0.0460017 0.144599 0.0417596 0.163316
0.0824392 0.143305 9.9991E-05 0.0621067 0.312787 0.120758 0.0917907 0.107271 0.0519791 0.0274627
0.00145662 0.185572 0.0891395 0.0421344 0.400384 0.188036 0.0902668 9.9991E-05 0.00241784 0.000492922
9.9973E-05 0.209877 0.0625017 9.9973E-05 0.345275 0.149748 9.9973E-05 0.198231 0.000448336 0.033618
9.9964E-05 0.0699896 9.9964E-05 0.0331818 9.9964E-05 0.123672 9.9964E-05 0.665493 0.0147936 0.092471
9.9964E-05 0.24633 9.9964E-05 9.9964E-05 0.476532 9.9964E-05 0.0549073 0.157979 0.0332356 0.0306161
9.9946E-05 0.0790408 9.9946E-05 0.143465 9.9946E-05 0.378214 9.9946E-05 0.39868 9.9946E-05 9.9946E-05
9.9955E-05 0.20145 9.9955E-05 9.9955E-05 0.436764 0.0626785 9.9955E-05 0.29105 9.9955E-05 0.00755823
9.9946E-05 9.9946E-05 0.249699 0.00422911 0.0244973 9.9946E-05 9.9946E-05 0.720974 9.9946E-05 9.9946E-05
9.9937E-05 9.9937E-05 0.141565 0.0234249 9.9937E-05 9.9937E-05 9.9937E-05 0.834311 9.9937E-05 9.9937E-05
0.0765904 0.0197885 0.0787089 9.9964E-05 0.353028 9.9964E-05 9.9964E-05 0.468329 0.00315557 9.9964E-05
