0.0191919 9.9964E-05 0.802814 9.9964E-05 0.0841009 9.9964E-05 9.9964E-05 0.0824874 0.0110059
0.0126637 9.9973E-05 0.867294 0.0337089 0.0183823 0.0401326 0.0275181 9.9973E-05 9.9973E-05
0.0103436 0.0859686 0.787967 0.046405 0.0531053 9.9973E-05 9.9973E-05 9.9973E-05 0.015911
9.9964E-05 9.9964E-05 0.723357 0.0433991 0.0730375 9.9964E-05 9.9964E-05 0.0755199 0.0842869
9.9964E-05 0.0866312 0.848911 0.0443011 9.9964E-05 0.00520755 9.9964E-05 9.9964E-05 0.0145491
0.0578124 0.0564679 0.576264 0.0497998 0.00207613 0.0188102 0.200349 9.9991E-05 0.0383205
9.9973E-05 9.9973E-05 0.789013 0.000849881 0.037413 9.9973E-05 0.107577 0.0530963 0.0117509
9.9973E-05 0.0313369 0.678963 0.104817 0.0367444 0.00226395 0.145575 9.9973E-05 9.9973E-05
0.0565078 9.99639E-05 0.803375 0.0493118 0.0415906 9.99639E-05 0.0488148 9.99639E-05 9.99639E-05
9.9982E-05 0.0588585 0.626069 0.0198058 0.016834 0.0146145 0.185228 9.9982E-05 0.0783899
9.9955E-05 0.0455494 0.721416 0.0843215 9.9955E-05 9.9955E-05 0.148213 9.9955E-05 9.9955E-05
0.0907054 0.164441 0.0144625 9.9964E-05 9.9964E-05 9.9964E-05 9.9964E-05 0.710518 0.0194737
9.9973E-05 0.452433 0.00242491 0.0371999 0.0399522 9.9973E-05 9.9973E-05 0.45025 0.0174403
9.9973E-05 0.118021 0.00124856 9.9973E-05 0.0512165 0.051235 9.9973E-05 0.704582 0.0733975
9.9964E-05 0.172462 0.0465954 9.9964E-05 0.0435984 9.9964E-05 9.9964E-05 0.62437 0.112574
0.0199755 0.183317 0.0983078 9.9973E-05 9.9973E-05 0.0103513 9.9973E-05 0.457534 0.230215
9.9982E-05 0.523629 0.0150491 9.9982E-05 0.0350209 0.0179934 0.0323967 0.30967 0.0660402
0.0943389 0.400105 9.9973E-05 0.00386785 9.9973E-05 9.9973E-05 0.0798801 0.346053 0.0754559
0.0412672 0.194708 0.133359 9.9973E-05 0.00324033 9.9973E-05 9.9973E-05 0.543736 0.0833899
9.9964E-05 9.9964E-05 0.0342146 0.0479803 0.0262994 9.9964E-05 0.0488199 0.842286 9.9964E-05
0.106356 0.276384 9.9991E-05 0.0605656 0.0232708 0.0778573 0.0260163 0.328716 0.100734
0.133634 0.348735 9.9991E-05 0.0529055 0.0277752 0.101771 0.0836791 0.198012 0.0533876
0.0961937 0.558493 0.0452407 9.9982E-05 9.9982E-05 0.019662 0.00789631 0.262829 0.00948565
0.031063 0.159603 9.9964E-05 9.9964E-05 0.0194872 9.9964E-05 9.9964E-05 0.693158 0.0962895
0.0177782 0.549316 0.0492748 0.0289076 0.0153542 0.0233661 9.9991E-05 0.202394 0.113509
0.0262216 0.511121 9.9973E-05 9.9973E-05 0.0211631 9.9973E-05 0.000707244 0.34505 0.0954367
0.0154153 0.0241459 0.00523172 0.00588156 0.0401346 0.000842452 9.9991E-05 0.793136 0.115112
9.9973E-05 0.113431 0.0378893 9.9973E-05 0.00291338 9.9973E-05 0.0392018 0.643649 0.162616
9.9973E-05 0.100641 0.0116767 9.9973E-05 9.9973E-05 0.0238185 0.0399869 0.773075 0.0505017
9.993E-05 9.993E-05 9.993E-05 9.993E-05 0.999201 9.993E-05 9.993E-05 9.993E-05 9.993E-05
9.993E-05 9.993E-05 9.993E-05 9.993E-05 0.999201 9.993E-05 9.993E-05 9.993E-05 9.993E-05
0.00545414 0.128058 0.483139 9.9955E-05 0.382849 9.9955E-05 9.9955E-05 9.9955E-05 9.9955E-05
0.0783527 0.0931843 0.535371 9.9973E-05 0.270911 9.9973E-05 0.00952521 9.9973E-05 0.0123558
0.221543 0.516938 0.0758504 0.0341197 9.9982E-05 0.0553878 9.9982E-05 0.0729444 0.0230161
0.244428 0.426117 0.0416842 0.0929826 0.0205306 0.0909619 0.0275712 9.9991E-05 0.0556239
0.366772 0.523435 0.00655363 0.0384965 0.0595878 9.9973E-05 0.00485496 9.9973E-05 9.9973E-05
0.0363039 0.0608685 0.0886686 0.141717 0.0256686 0.0324088 9.9982E-05 0.614165 9.9982E-05
0.556329 0.289879 9.9973E-05 0.0476145 0.0337252 0.0645369 9.9973E-05 9.9973E-05 0.00761619
0.20166 0.485776 0.0286817 0.0693043 0.0277026 0.0774365 9.9991E-05 0.0863554 0.0229839
0.278387 0.691634 0.00582955 0.000926186 0.00339695 0.000495746 9.9982E-05 9.9982E-05 0.0191304
0.0662603 0.586992 0.141515 0.0797601 9.9964E-05 9.9964E-05 0.125073 9.9964E-05 9.9964E-05
0.0931007 0.55968 0.0490513 0.138845 0.0537127 0.00220835 0.0423847 0.0498958 0.011122
0.665975 0.0601516 0.061575 0.0285245 0.0229966 9.9973E-05 9.9973E-05 0.160478 9.9973E-05
0.0170954 0.58598 0.0717843 0.0197385 9.9982E-05 9.9982E-05 0.241129 0.0280273 0.0360456
0.207681 0.533012 9.9982E-05 0.0177552 0.00370706 0.10487 0.00566321 9.9982E-05 0.127112
0.137572 0.519584 0.143564 0.0631065 0.0382826 9.9982E-05 9.9982E-05 0.0316247 0.0660663
0.719483 0.203954 9.9955E-05 9.9955E-05 9.9955E-05 0.0411565 9.9955E-05 9.9955E-05 0.0349068
0.223821 0.615951 9.9982E-05 0.0167251 0.0307755 0.0297894 0.0656303 9.9982E-05 0.0171073
0.0545408 0.603791 0.144844 0.0192933 9.9982E-05 0.171454 0.00171012 9.9982E-05 0.00416587
0.706772 9.9964E-05 0.0675076 0.0199317 9.9964E-05 0.00553313 0.199856 9.9964E-05 9.9964E-05
0.215594 0.106632 9.9964E-05 0.186042 9.9964E-05 9.9964E-05 0.0926906 0.398643 9.9964E-05
0.0904866 0.0478489 9.9964E-05 9.9964E-05 9.9964E-05 0.106781 0.347516 0.406967 9.9964E-05
9.9982E-05 0.509228 0.0667167 0.0888172 9.9982E-05 0.0280936 0.0107887 0.21956 0.0765959
9.9982E-05 0.548913 0.0389826 9.9982E-05 0.0320913 0.074382 0.0761243 0.183113 0.0461938
9.9982E-05 0.560693 0.0652729 0.0137932 0.0183236 9.9982E-05 0.113998 0.221668 0.00605152
0.206322 0.136905 0.11579 0.164325 9.9982E-05 0.0150749 0.0142419 0.347141 9.9982E-05
9.9973E-05 0.562439 9.9973E-05 0.0676292 0.020777 0.0805133 0.107363 0.160979 9.9973E-05
9.9973E-05 0.573017 0.109918 0.00883003 0.0379096 0.0412888 9.9973E-05 0.228736 9.9973E-05
0.115475 0.283185 0.131277 0.00776625 0.0374657 9.9982E-05 0.055055 0.369576 9.9982E-05
0.0110954 0.0267918 0.188645 0.00789319 9.9982E-05 9.9982E-05 0.17776 0.550656 0.0369578
0.0616973 0.547343 0.0471173 0.0427591 0.0673993 0.0557542 0.0530833 0.0506994 0.0741471
0.0271862 0.302781 0.104197 0.0234698 9.9982E-05 0.076749 9.9982E-05 0.412038 0.0533785
0.02553 9.9964E-05 9.9964E-05 0.0906468 0.0590183 9.9964E-05 0.129286 0.695119 9.9964E-05
9.9973E-05 0.403359 9.9973E-05 0.0561227 0.000576561 0.105122 9.9973E-05 0.43424 0.000279939
0.102515 0.48834 9.9973E-05 9.9973E-05 9.9973E-05 0.0828037 0.0448287 0.163102 0.118112
0.0289444 0.456059 9.9982E-05 9.9982E-05 0.0923848 0.0607713 0.0926684 0.193655 0.0753168
0.133317 0.196321 0.0626542 9.9982E-05 9.9982E-05 0.00442423 0.0671679 0.469675 0.0662399
0.110646 0.438376 9.9973E-05 9.9973E-05 0.0403408 9.9973E-05 0.0573073 0.326726 0.0263036
0.0420614 0.617984 0.0990186 0.101515 0.00264567 0.080377 9.9982E-05 0.0561977 9.9982E-05
0.106008 0.0884048 9.9982E-05 0.0614581 0.0689983 0.101724 0.0214235 0.551783 9.9982E-05
0.468802 0.505984 9.9946E-05 9.9946E-05 9.9946E-05 9.9946E-05 9.9946E-05 0.0246141 9.9946E-05
0.720015 0.0836291 9.9964E-05 9.9964E-05 0.0143249 9.9964E-05 9.9964E-05 0.14736 0.034271
0.0494313 0.452874 0.0820583 0.00177382 0.00225281 0.0486744 0.0240982 0.25541 0.0834275
0.820477 9.9937E-05 9.9937E-05 9.9937E-05 9.9937E-05 9.9937E-05 0.178824 9.9937E-05 9.9937E-05
0.825199 9.9955E-05 9.9955E-05 0.00585138 9.9955E-05 0.0394191 0.129031 9.9955E-05 9.9955E-05
0.730029 0.223656 9.9946E-05 9.9946E-05 9.9946E-05 9.9946E-05 9.9946E-05 0.045716 9.9946E-05
0.418114 0.424144 0.0930458 0.0203857 0.00143396 9.9973E-05 9.9973E-05 0.0425762 9.9973E-05
0.154885 0.435466 0.177513 9.9991E-05 0.0246195 0.00311518 0.0129617 0.111679 0.07966
0.503862 0.299936 9.9964E-05 9.9964E-05 9.9964E-05 0.0121869 9.9964E-05 0.0928381 0.0907764
0.643687 0.0584651 0.0303301 0.159149 9.9973E-05 9.9973E-05 9.9973E-05 0.0715501 0.0365184
0.513374 0.222828 0.003418 0.164603 9.9973E-05 9.9973E-05 9.9973E-05 0.0686767 0.0267996
0.281189 0.402749 0.0230673 0.0227048 0.0475346 0.0884376 9.99864E-05 9.99864E-05 0.134118
0.563129 0.229171 9.9955E-05 9.9955E-05 9.9955E-05 9.9955E-05 9.9955E-05 0.175402 0.0317987
0.430336 0.372304 0.0222881 0.0113265 0.0479547 9.9973E-05 9.9973E-05 0.115491 9.9973E-05
0.498388 0.349461 0.00127892 9.9964E-05 9.9964E-05 0.0859029 0.0645685 9.9964E-05 9.9964E-05
0.704889 9.9955E-05 9.9955E-05 9.9955E-05 9.9955E-05 0.094423 0.197595 9.9955E-05 0.00259361
0.267845 0.642393 0.0277553 0.00851172 9.9964E-05 9.9964E-05 0.0530946 9.9964E-05 9.9964E-05
9.9973E-05 0.0990064 0.77831 0.0290822 0.0376549 9.9973E-05 9.9973E-05 0.0349994 0.0206476
9.9946E-05 0.0870621 0.815871 9.9946E-05 0.0964676 9.9946E-05 9.9946E-05 9.9946E-05 9.9946E-05
9.9955E-05 0.0943248 0.771804 9.9955E-05 0.100796 9.9955E-05 9.9955E-05 9.9955E-05 0.0325753
9.9955E-05 0.0577959 0.785611 9.9955E-05 0.142103 9.9955E-05 0.0139911 9.9955E-05 9.9955E-05
0.0114137 0.0616159 0.77601 9.9973E-05 0.112693 0.0197555 9.9973E-05 9.9973E-05 0.0182114
0.077797 9.9973E-05 0.826301 9.9973E-05 0.0605946 0.00585569 0.00987013 9.9973E-05 0.0192818
9.99551E-05 0.0733587 0.867225 9.99551E-05 0.0564816 0.00243474 9.99551E-05 9.99551E-05 9.99551E-05
0.184325 0.49911 0.15482 0.0640068 9.9973E-05 0.0502367 9.9973E-05 0.0472012 9.9973E-05
0.0201108 0.603857 0.0246099 0.0395624 0.0732005 9.9982E-05 9.9982E-05 0.157554 0.0809058
0.795347 0.00474085 0.0506766 9.9964E-05 9.9964E-05 0.0347492 9.9964E-05 0.114087 9.9964E-05
0.285501 0.399927 0.0975734 0.0589006 0.0220527 0.0160293 0.0503936 9.9991E-05 0.0695224
0.372608 0.375556 0.0308798 9.9982E-05 0.0242141 0.00279558 9.9982E-05 0.166347 0.0273999
0.280742 0.583783 0.036416 9.9973E-05 9.9973E-05 0.0802576 0.00117068 9.9973E-05 0.0173303
0.379551 0.489947 0.0304183 9.9964E-05 9.9964E-05 0.0727459 9.9964E-05 9.9964E-05 0.0269382
0.471529 0.396516 9.9964E-05 9.9964E-05 0.0459656 0.00599145 9.9964E-05 9.9964E-05 0.0795981
0.644599 9.9955E-05 0.0580189 0.0620059 9.9955E-05 9.9955E-05 9.9955E-05 0.234876 9.9955E-05
9.9991E-05 0.485386 0.0654193 0.0878013 0.0830351 0.160888 0.00291302 0.067253 0.0472038
0.202048 0.5193 0.0522153 9.9982E-05 0.0187227 0.10773 9.9982E-05 0.0510771 0.048706
0.188689 0.587308 0.0836057 9.9973E-05 0.0673913 9.9973E-05 0.033735 9.9973E-05 0.0389718
0.500038 0.279769 0.0409104 9.9982E-05 0.0140732 0.0672491 0.0799294 9.9982E-05 0.0178311
0.330294 0.475635 0.014741 9.9973E-05 0.00206585 0.0847478 0.0922166 9.9973E-05 9.9973E-05
0.449875 0.428638 0.0466935 0.0566901 0.0164932 9.9973E-05 9.9973E-05 9.9973E-05 0.0013101
0.635355 0.290847 9.9946E-05 9.9946E-05 9.9946E-05 9.9946E-05 9.9946E-05 9.9946E-05 0.0731988
0.341435 0.460611 0.015597 0.0869857 0.0158865 9.9973E-05 9.9973E-05 0.0791854 9.9973E-05
0.102131 0.508805 0.145197 9.9973E-05 0.0431712 0.0722997 9.9973E-05 0.128096 9.9973E-05
0.0827362 0.0716585 0.018077 0.099662 0.0169439 0.190601 0.00475493 0.441365 0.0742015
9.9973E-05 0.415208 0.0819424 0.102004 9.9973E-05 9.9973E-05 0.0611411 0.327168 0.012237
0.0159451 0.43622 0.169697 9.9982E-05 0.0105256 0.0738754 9.9982E-05 0.218691 0.0748459
0.0823395 0.564614 0.0279302 0.101697 0.0170196 0.0416363 0.0824033 0.00668582 0.0756745
0.0182491 0.394285 9.9982E-05 0.0290338 0.0166983 0.0230948 0.0575321 0.460907 9.9982E-05
9.9964E-05 0.503801 9.9964E-05 0.142142 9.9964E-05 9.9964E-05 0.0386743 0.21877 0.0962125
9.9964E-05 0.430992 0.00295697 0.191777 9.9964E-05 9.9964E-05 9.9964E-05 0.349597 0.024277
0.0469109 0.481365 0.0386691 0.15466 0.0100201 0.0452049 0.118838 0.067665 0.0366667
0.00308853 0.506017 0.118779 0.0940163 0.0141581 0.152982 0.0458609 0.0649983 9.9991E-05
9.99845E-05 0.529262 0.0224254 0.0266059 0.00852035 0.0413019 0.0691919 0.302492 9.99845E-05
0.00294448 0.470937 9.9973E-05 0.133432 0.0151648 0.0555151 9.9973E-05 0.321707 9.9973E-05
0.0723672 0.624816 0.0895837 0.097772 0.00321183 0.00176037 0.0540571 9.9991E-05 0.0563314
9.9991E-05 0.46288 0.0935201 0.133063 0.00807215 0.0550853 0.0186906 0.161883 0.0667056
9.9964E-05 0.460714 9.9964E-05 0.112058 9.9964E-05 0.0888655 9.9964E-05 0.244602 0.0933609
9.9991E-05 0.548638 0.0179435 0.163639 0.000678668 0.114944 0.073918 0.000342895 0.0797962
9.9973E-05 0.538955 9.9973E-05 0.0861831 0.0787854 0.0546 9.9973E-05 0.186774 0.054403
9.9982E-05 0.335547 0.0517732 0.0608112 0.0309625 0.0662777 0.157989 0.296439 9.9982E-05
9.9955E-05 0.711752 9.9955E-05 0.155045 0.0207717 9.9955E-05 9.9955E-05 0.111932 9.9955E-05
9.9973E-05 0.541081 9.9973E-05 0.109925 9.9973E-05 0.0163556 0.0307255 0.210739 0.0908737
0.168281 0.205593 0.0230904 0.15566 9.9991E-05 0.0582927 0.0124178 0.307303 0.069262
0.0147429 0.092915 0.00930249 0.0808598 9.9991E-05 0.204411 0.184523 0.307106 0.106041
0.0950659 0.467751 9.9973E-05 0.141266 0.0357862 9.9973E-05 9.9973E-05 0.171478 0.0883535
0.134985 0.0518167 9.9982E-05 0.265307 9.9982E-05 0.22263 0.170869 0.118494 0.0356973
0.0554178 0.252894 0.0548555 0.0808269 9.9964E-05 9.9964E-05 9.9964E-05 0.555606 9.9964E-05
0.146773 0.373695 0.0512963 0.0237214 9.9982E-05 0.0289162 9.9982E-05 0.370137 0.00526172
0.157715 0.214335 9.9964E-05 0.130804 0.0184596 9.9964E-05 9.9964E-05 0.478287 9.9964E-05
0.00455339 0.239752 9.9982E-05 0.164057 9.9982E-05 0.0348244 0.0286445 0.472129 0.0558394
0.0243649 0.637482 0.0317353 0.0580608 0.0454685 9.99909E-05 0.0576597 0.1356 0.0095291
0.10281 0.418169 0.127891 9.9973E-05 9.9973E-05 0.0579399 9.9973E-05 0.199631 0.0932588
0.125442 0.328492 9.9982E-05 0.0404245 0.0181626 0.00879691 9.9982E-05 0.314441 0.164041
0.172505 0.030426 9.9973E-05 0.0882414 9.9973E-05 9.9973E-05 0.17271 0.431156 0.104662
0.0119837 0.640952 0.140135 0.046378 0.034635 0.0355392 0.0901767 9.9982E-05 9.9982E-05
0.127208 0.38206 0.00663876 0.0640705 9.9991E-05 0.0196169 0.227702 0.0255181 0.147086
0.131751 0.000856241 0.0748719 0.0920713 0.0113223 0.106377 0.435685 0.146966 9.9991E-05
0.137701 0.548483 0.0700174 9.9982E-05 9.9982E-05 0.0233629 0.119272 0.0685782 0.032385
0.0977921 0.337401 0.0834186 0.0429856 9.9991E-05 0.0954689 0.185469 0.127671 0.0296939
0.0542967 0.557717 0.0746133 0.0222429 0.0148845 0.00277284 0.174391 0.0605257 0.0385567
0.170899 0.243062 0.0599451 0.100102 0.00696727 9.9991E-05 0.372758 0.0429403 0.00322681
0.0292489 0.247023 0.0192662 0.120079 0.014931 0.0679524 0.410814 0.0905864 9.9991E-05
0.061693 0.440732 0.052812 0.103939 9.9982E-05 0.0944442 0.178571 0.0676096 9.9982E-05
9.9982E-05 0.48716 0.0306241 0.14792 0.0231207 0.0124878 0.239315 0.0591721 9.9982E-05
0.0872343 0.45168 0.159834 0.0486863 9.9982E-05 9.9982E-05 0.156495 0.0790704 0.0167995
0.25137 9.9982E-05 0.0184572 0.00529048 9.9982E-05 0.0394696 0.341397 0.176597 0.167219
9.9982E-05 0.47739 9.9982E-05 0.0737398 0.0458142 0.0711103 0.1578 0.0538422 0.120104
0.054497 0.357431 9.9964E-05 9.9964E-05 9.9964E-05 0.0869046 0.280132 0.220635 9.9964E-05
0.0750267 0.436246 9.9973E-05 9.9973E-05 0.0136154 0.0807745 0.144993 0.249044 9.9973E-05
0.13455 0.582003 0.00598755 9.9991E-05 0.0651573 0.0481709 0.0607983 0.0250105 0.0782224
9.9973E-05 0.121556 0.258127 9.9973E-05 0.0437752 9.9973E-05 0.210356 0.120065 0.245822
9.9955E-05 9.9955E-05 0.459012 9.9955E-05 0.0243267 9.9955E-05 0.379232 9.9955E-05 0.13693
9.9964E-05 9.9964E-05 0.412549 9.9964E-05 0.0571449 0.0418263 0.383839 9.9964E-05 0.104242
9.9955E-05 0.0854807 0.356822 9.9955E-05 9.9955E-05 9.9955E-05 0.250515 9.9955E-05 0.306682
0.101263 0.636051 9.9955E-05 9.9955E-05 9.9955E-05 0.0142545 0.247932 9.9955E-05 9.9955E-05
0.076799 0.596034 9.9991E-05 0.0756416 0.0110212 0.07571 0.0788773 0.0411025 0.0447145
9.9946E-05 0.295905 9.9946E-05 9.9946E-05 9.9946E-05 9.9946E-05 9.9946E-05 0.0557576 0.647738
9.9982E-05 0.307357 0.0123461 0.0522672 0.00790373 0.0597911 9.9982E-05 0.184689 0.375447
9.9973E-05 0.346993 0.0862975 0.044756 9.9973E-05 0.00105246 9.9973E-05 0.147492 0.373109
0.130513 0.303905 9.9964E-05 9.9964E-05 9.9964E-05 0.17314 0.342936 0.0491072 9.9964E-05
0.0610507 0.593012 9.9973E-05 9.9973E-05 0.0301711 0.16954 0.115563 9.9973E-05 0.0303626
0.100985 0.208881 9.9964E-05 9.9964E-05 9.9964E-05 0.137732 0.517175 0.0348267 9.9964E-05
0.0153004 0.562242 0.0152427 0.0298671 9.9991E-05 0.0659105 0.116429 0.170411 0.0244971
0.0644264 0.456017 9.9982E-05 0.04823 0.0298534 0.103807 0.1332 0.164266 9.9982E-05
9.9973E-05 0.60124 9.9973E-05 0.0265979 9.9973E-05 0.0211733 0.301012 0.0351947 0.0144821
0.0939052 0.177477 9.9964E-05 9.9964E-05 9.9964E-05 0.0641097 0.478974 0.185135 9.9964E-05
0.190969 0.540586 9.9973E-05 0.0603273 0.0280164 9.9973E-05 0.0639886 9.9973E-05 0.115813
0.0673085 0.507219 0.0741182 0.0267857 9.9982E-05 0.0363824 0.222868 9.9982E-05 0.065118
9.9937E-05 0.0558201 9.9937E-05 9.9937E-05 9.9937E-05 9.9937E-05 9.9937E-05 9.9937E-05 0.94348
9.9964E-05 0.128973 9.9964E-05 0.017231 9.9964E-05 0.0174512 0.00247566 9.9964E-05 0.833469
0.0773269 0.266987 0.0755238 9.9982E-05 0.00273463 0.0281811 9.9982E-05 0.00858296 0.540463
9.9964E-05 0.287963 0.0136451 0.0559286 0.0157909 9.9964E-05 9.9964E-05 9.9964E-05 0.626273
9.9964E-05 0.0859936 9.9964E-05 0.0536774 9.9964E-05 9.9964E-05 0.0655892 0.00145552 0.792884
9.993E-05 9.993E-05 9.993E-05 9.993E-05 9.993E-05 9.993E-05 9.993E-05 9.993E-05 0.999201
9.9937E-05 9.9937E-05 9.9937E-05 0.035351 9.9937E-05 9.9937E-05 9.9937E-05 9.9937E-05 0.963949
9.9946E-05 0.150103 9.9946E-05 9.9946E-05 0.0146718 9.9946E-05 9.9946E-05 9.9946E-05 0.834625
9.9937E-05 9.9937E-05 9.9937E-05 0.0403237 9.9937E-05 9.9937E-05 9.9937E-05 9.9937E-05 0.958977
9.9937E-05 9.9937E-05 9.9937E-05 9.9937E-05 0.00143604 9.9937E-05 9.9937E-05 9.9937E-05 0.997864
9.9937E-05 9.9937E-05 9.9937E-05 9.9937E-05 0.0168228 9.9937E-05 9.9937E-05 9.9937E-05 0.982478
9.9955E-05 0.19471 9.9955E-05 9.9955E-05 0.0695112 9.9955E-05 9.9955E-05 0.0389751 0.696304
9.9964E-05 0.167547 0.0492351 0.0058482 0.0162499 9.9964E-05 9.9964E-05 9.9964E-05 0.76072
0.0332288 9.9955E-05 9.9955E-05 0.00377416 0.0110107 9.9955E-05 9.9955E-05 9.9955E-05 0.951487
0.109899 0.306274 0.0791268 0.0435851 9.9982E-05 9.9982E-05 0.00579196 0.0864188 0.368705
0.0685692 0.206392 0.0455802 0.0306753 9.9964E-05 9.9964E-05 9.9964E-05 9.9964E-05 0.648384
9.9964E-05 0.206 0.035285 9.9964E-05 9.9964E-05 9.9964E-05 0.0260831 0.00424207 0.72799
9.9937E-05 9.9937E-05 9.9937E-05 9.9937E-05 9.9937E-05 9.9937E-05 9.9937E-05 0.0740713 0.925229
9.9937E-05 9.9937E-05 9.9937E-05 9.9937E-05 9.9937E-05 0.0186421 9.9937E-05 9.9937E-05 0.980658
9.9973E-05 0.0480424 0.0537252 9.9973E-05 0.0140248 9.9973E-05 0.00618725 0.00890482 0.868816
9.9937E-05 9.9937E-05 9.9937E-05 9.9937E-05 0.0113194 9.9937E-05 9.9937E-05 9.9937E-05 0.987981
9.9973E-05 0.201749 0.0266054 0.0843597 9.9973E-05 0.0795374 9.9973E-05 0.00346522 0.603983
0.0221441 0.0217947 0.00433531 0.0308092 9.9973E-05 0.0135025 9.9973E-05 9.9973E-05 0.907114
0.0580665 9.9973E-05 0.292894 9.9973E-05 9.9973E-05 0.010977 0.57392 0.00367447 0.0601682
9.9991E-05 0.405536 0.122653 0.087424 0.0440768 0.0330744 0.240105 0.0390998 0.0279303
9.9982E-05 0.450972 0.198456 0.0936652 0.00315274 0.0104375 0.208873 9.9982E-05 0.0342432
9.9973E-05 0.292357 0.111654 0.0578834 0.0260149 9.9973E-05 0.467599 9.9973E-05 0.0441915
0.0481311 0.360936 0.106992 9.9982E-05 9.9982E-05 0.00214865 0.240131 0.125881 0.11558
0.0815094 0.160904 0.161405 9.9973E-05 0.0706933 9.9973E-05 0.416712 9.9973E-05 0.108477
0.0102271 0.452127 0.222713 0.0254208 9.9982E-05 0.140176 0.0799234 0.0692124 9.9982E-05
0.0443942 0.296094 0.0845607 9.9973E-05 9.9973E-05 0.0231191 0.388581 9.9973E-05 0.162951
0.0101616 0.482845 0.123367 0.000896503 0.0642738 9.9982E-05 0.206997 9.9982E-05 0.111259
9.9964E-05 0.282993 0.085026 9.9964E-05 0.0462219 9.9964E-05 0.368056 9.9964E-05 0.217303
0.00737259 0.532641 0.127504 0.0268953 0.0533092 9.9982E-05 0.215792 0.0362857 9.9982E-05
9.9955E-05 0.0557331 0.814887 0.0788486 9.9955E-05 9.9955E-05 0.0500315 9.9955E-05 9.9955E-05
9.9964E-05 9.9964E-05 0.852543 9.9964E-05 0.0710951 0.000406833 0.025871 9.9964E-05 0.0496845
0.014029 9.9955E-05 0.905809 0.00878755 0.0708752 9.9955E-05 9.9955E-05 9.9955E-05 9.9955E-05
9.9955E-05 0.0293668 0.900693 0.0307354 0.038705 9.9955E-05 9.9955E-05 9.9955E-05 9.9955E-05
9.9973E-05 0.00818409 0.778263 0.0136011 0.12349 9.9973E-05 0.0329492 0.0432121 9.9973E-05
9.9955E-05 9.9955E-05 0.82705 9.9955E-05 0.0806809 0.0367141 9.9955E-05 9.9955E-05 0.0550553
9.9964E-05 0.00514856 0.836818 0.0162748 0.0785177 9.9964E-05 9.9964E-05 9.9964E-05 0.062841
9.9964E-05 0.00565585 0.836713 9.9964E-05 0.0414415 0.0398372 0.0759523 9.9964E-05 9.9964E-05
0.016121 0.0463961 0.870467 9.9973E-05 0.0431116 0.00626072 9.9973E-05 0.0173441 9.9973E-05
9.9964E-05 9.9964E-05 0.752605 9.9964E-05 0.0484184 9.9964E-05 0.0188748 0.0770358 0.102666
0.09597 9.9973E-05 0.577266 0.0733722 0.0453577 0.0423161 9.9973E-05 0.165418 9.9973E-05
0.0134588 9.9973E-05 0.559452 0.219382 0.0296197 0.0277968 9.9973E-05 0.149991 9.9973E-05
9.9973E-05 9.9973E-05 0.518168 0.087526 0.0193252 0.063101 0.0622894 0.24929 9.9973E-05
0.0133742 9.9964E-05 0.48217 0.0871751 9.9964E-05 9.9964E-05 0.0195692 0.397311 9.9964E-05
0.195005 0.552147 9.9982E-05 0.00439444 0.0056726 0.003363 0.0465114 0.192707 9.9982E-05
0.253821 0.486518 0.125625 0.0462303 9.9973E-05 0.0819907 9.9973E-05 0.00551447 9.9973E-05
0.173264 0.521541 0.0126275 0.145165 9.9991E-05 0.0339067 0.00356587 0.0953611 0.0144687
0.169217 0.401406 9.9973E-05 0.0481886 0.0325524 0.0390885 9.9973E-05 0.309247 9.9973E-05
0.0382593 0.0871676 9.9964E-05 0.295779 9.9964E-05 0.0134307 9.9964E-05 0.564964 9.9964E-05
0.178633 0.611817 0.0543407 9.9982E-05 0.015478 0.0394431 9.9982E-05 0.0757168 0.0243717
0.294519 0.533719 9.9973E-05 0.0479062 9.9973E-05 9.9973E-05 0.00210617 0.0918426 0.0296067
0.274986 0.526372 9.99705E-05 9.99705E-05 9.99705E-05 0.082356 0.0567821 0.0591037 9.99705E-05
0.535355 0.333794 9.9973E-05 0.00375499 9.9973E-05 0.0161428 0.0731022 9.9973E-05 0.037551
0.159742 0.5464 0.0219893 0.148976 9.9982E-05 0.0543072 0.0201293 9.9982E-05 0.0482561
0.366105 0.379976 9.9964E-05 0.153761 9.9964E-05 0.00268136 9.9964E-05 0.0970764 9.9964E-05
0.686493 9.9955E-05 9.9955E-05 0.126557 9.9955E-05 0.18476 0.00169073 9.9955E-05 9.9955E-05
0.0013156 0.510502 0.0324452 0.103372 9.9991E-05 0.122254 0.0427326 0.167687 0.0195916
0.487465 0.220689 0.0526432 9.9964E-05 9.9964E-05 0.0654924 0.173311 9.9964E-05 9.9964E-05
0.482639 0.457143 0.0306654 9.9973E-05 0.0149468 0.0108652 9.9973E-05 0.00344092 9.9973E-05
0.669704 9.9955E-05 0.0806423 0.0639137 9.9955E-05 9.9955E-05 9.9955E-05 0.185241 9.9955E-05
0.037479 9.9955E-05 0.0133235 0.818748 9.9955E-05 9.9955E-05 0.12995 9.9955E-05 9.9955E-05
9.9964E-05 0.0533128 0.0336204 0.813732 9.9964E-05 0.0147786 0.0841566 9.9964E-05 9.9964E-05
9.9955E-05 0.0142825 9.9955E-05 0.916809 9.9955E-05 0.0171829 0.0512261 9.9955E-05 9.9955E-05
0.00950703 9.9964E-05 0.0645856 0.871145 9.9964E-05 0.0443149 0.0100476 9.9964E-05 9.9964E-05
0.03011 0.046359 9.9964E-05 0.803248 9.9964E-05 9.9964E-05 0.100794 9.9964E-05 0.0190897
9.9955E-05 0.0791764 0.00741423 0.880968 9.9955E-05 9.9955E-05 9.9955E-05 9.9955E-05 0.0319411
0.0132459 0.0893695 0.795005 9.9964E-05 0.0705463 9.9964E-05 9.9964E-05 9.9964E-05 0.0314329
9.9964E-05 0.10609 0.797957 0.0723012 0.0118559 9.9964E-05 9.9964E-05 0.0113959 9.9964E-05
9.9982E-05 0.0859635 0.668565 0.0480513 0.0383761 9.9982E-05 0.0244084 0.00816826 0.126267
9.9973E-05 0.034533 0.711876 0.0147979 0.022237 9.9973E-05 9.9973E-05 0.0971107 0.119146
9.9964E-05 0.105293 0.727154 0.0799788 0.00934118 9.9964E-05 9.9964E-05 9.9964E-05 0.0778336
0.00715858 9.9973E-05 0.361573 0.472845 0.00470062 9.9973E-05 0.0668576 0.0865655 9.9973E-05
0.0691444 9.9973E-05 0.417744 0.366861 0.0219365 0.111225 0.0127885 9.9973E-05 9.9973E-05
0.0697701 9.9964E-05 0.372114 0.409703 0.0160586 0.131955 9.9964E-05 9.9964E-05 9.9964E-05
9.993E-05 9.993E-05 9.993E-05 9.993E-05 0.999201 9.993E-05 9.993E-05 9.993E-05 9.993E-05
0.0952096 9.9982E-05 0.336147 0.43449 0.0132362 0.0159453 0.0365578 0.0682142 9.9982E-05
0.0239946 0.185651 0.165667 9.9991E-05 0.00265249 0.0909916 0.117015 0.00489589 0.409032
9.9973E-05 0.520561 0.140178 0.0411485 0.0620801 9.9973E-05 0.0187518 9.9973E-05 0.21698
9.9955E-05 0.524813 0.185565 9.9955E-05 9.9955E-05 9.9955E-05 9.9955E-05 0.0147094 0.274414
9.9964E-05 0.311185 0.219831 9.9964E-05 9.9964E-05 0.0517984 0.164912 9.9964E-05 0.251873
0.0420618 0.426899 0.160923 0.0129429 9.9991E-05 0.061439 0.0222582 0.133067 0.140309
9.9946E-05 9.9946E-05 0.382077 9.9946E-05 9.9946E-05 9.9946E-05 0.306399 9.9946E-05 0.310925
0.0504253 0.371961 9.9973E-05 0.175775 9.9973E-05 0.0599116 0.0427702 0.298858 9.9973E-05
0.0160226 0.350885 9.9973E-05 0.0773712 9.9973E-05 0.137358 0.163853 0.25421 9.9973E-05
9.9973E-05 0.17054 0.077156 0.0257019 0.0215407 0.023426 9.9973E-05 0.681335 9.9973E-05
0.0781097 0.465095 0.0107168 0.061851 9.9982E-05 0.201015 0.0382376 0.144776 9.9982E-05
0.138575 9.9964E-05 9.9964E-05 0.000502661 9.9964E-05 0.285812 0.295838 0.278872 9.9964E-05
0.0671488 0.406457 9.9982E-05 9.9982E-05 0.0394327 0.0988467 0.0415933 0.264764 0.081557
0.0412127 0.457213 0.0409505 0.0997223 9.9991E-05 0.145695 0.00279728 0.177423 0.0348862
0.0360368 0.291778 0.0253273 0.0574274 0.0364695 9.9973E-05 9.9973E-05 0.552661 9.9973E-05
0.0495667 0.464967 0.0778295 0.0904401 0.00735858 9.9991E-05 0.00557896 0.180399 0.12376
0.145034 0.0110617 9.9964E-05 9.9964E-05 9.9964E-05 0.0414822 0.217866 0.584156 9.9964E-05
0.0498214 0.397235 9.9991E-05 0.0315067 0.00543504 0.141851 0.166045 0.148231 0.0597764
0.168162 0.466579 9.9973E-05 0.11521 0.0532089 9.9973E-05 9.9973E-05 0.191675 0.00486521
0.213019 0.347966 0.14964 0.0137949 9.9982E-05 9.9982E-05 0.0435105 0.0197384 0.212132
9.9964E-05 0.326455 9.9964E-05 0.0258622 9.9964E-05 0.132371 0.102271 0.412641 9.9964E-05
0.00930401 0.400552 0.0417499 0.110618 0.00820056 0.166895 9.9982E-05 0.262482 9.9982E-05
0.06683 0.503626 9.9982E-05 0.0402077 9.9982E-05 0.121028 0.0729072 0.152228 0.0429737
0.0762573 0.457446 0.0427445 0.166612 9.9982E-05 0.0375003 0.0721531 0.147086 9.9982E-05
0.0762295 0.545428 9.9982E-05 0.0266776 0.0327958 0.107763 9.9982E-05 0.126495 0.0844119
9.9991E-05 0.547989 0.0938419 0.000129425 0.0130743 0.11661 0.0427058 0.142554 0.0429956
0.0958917 0.511256 0.0153488 0.0579346 0.0277752 0.0826806 0.0105984 0.174232 0.0242832
9.9946E-05 0.145974 0.785468 9.9946E-05 9.9946E-05 9.9946E-05 9.9946E-05 9.9946E-05 0.0679583
0.00502564 0.0745348 0.84417 9.9964E-05 9.9964E-05 0.0553314 9.9964E-05 9.9964E-05 0.0205381
0.0210938 0.0833435 0.804652 0.0343557 9.9973E-05 0.0256978 0.030557 9.9973E-05 9.9973E-05
0.0963406 9.9964E-05 0.796826 0.057109 0.0214218 9.9964E-05 9.9964E-05 9.9964E-05 0.0279024
9.9955E-05 0.163922 0.764228 9.9955E-05 0.0666741 0.00467594 9.9955E-05 9.9955E-05 9.9955E-05
9.9964E-05 0.0363036 0.0122992 0.151302 9.9964E-05 9.9964E-05 9.9964E-05 0.71939 0.0803046
0.0848616 0.321665 0.0578412 0.0406471 9.9991E-05 0.106099 0.0101022 0.247597 0.131087
0.148291 0.328709 0.228788 0.0257573 0.0123194 0.0558804 0.0450941 9.9991E-05 0.155061
9.9964E-05 0.653841 9.9964E-05 0.0561798 0.0322046 9.9964E-05 9.9964E-05 0.237208 0.0201663
0.129011 0.459802 0.063519 0.0744707 9.9973E-05 9.9973E-05 9.9973E-05 0.227966 0.0449323
9.9973E-05 0.16552 9.9973E-05 0.0933341 9.9973E-05 0.140595 0.119068 0.367185 0.113998
0.0494095 9.9973E-05 0.0923463 0.162196 0.0723979 9.9973E-05 0.0137891 0.609561 9.9973E-05
0.0182063 0.495119 9.9982E-05 0.202512 0.0307974 0.0422722 9.9982E-05 0.169895 0.0409982
9.9982E-05 0.0740339 0.0964385 0.22143 0.0210243 0.152621 9.9982E-05 0.415947 0.0183051
0.132932 0.296605 0.0309878 0.169485 9.9982E-05 0.113843 0.131881 9.9982E-05 0.124066
9.9982E-05 0.042381 0.140209 0.074077 0.0220662 0.144205 9.9982E-05 0.5611 0.0157611
0.069773 0.578352 0.123467 0.0803543 0.0101425 0.0128242 0.00677836 0.0914478 0.0268605
9.9973E-05 0.144632 0.100651 0.159768 0.0244884 0.0226363 9.9973E-05 0.547525 9.9973E-05
0.0651626 0.243342 0.0314235 0.134719 0.0340676 0.0472225 0.100351 0.301284 0.0424285
0.0814706 0.448017 0.0614145 0.0233452 0.00633376 0.130009 0.213253 0.036057 9.9991E-05
9.99549E-05 0.315987 9.99549E-05 0.137022 9.99549E-05 0.157611 0.388881 9.99549E-05 9.99549E-05
0.0457074 0.497808 0.0335184 0.0511939 9.9982E-05 9.9982E-05 0.220725 0.128822 0.0220251
0.116722 0.532261 0.0666704 0.0417186 0.0696706 9.9991E-05 0.107612 0.0600002 0.00524542
0.0353919 0.390803 9.9973E-05 0.0930165 9.9973E-05 0.0224631 0.43348 0.0245455 9.9973E-05
9.9982E-05 0.464159 0.0109186 0.149905 9.9982E-05 0.0969778 0.193986 0.057142 0.0267114
0.0257161 0.555502 9.9973E-05 0.0899223 0.0183695 0.104079 0.206111 9.9973E-05 9.9973E-05
0.124756 0.12225 9.9973E-05 0.0809558 9.9973E-05 0.138491 0.523706 0.00954108 9.9973E-05
0.104971 0.274643 9.9964E-05 0.051222 9.9964E-05 0.0455252 0.523238 9.9964E-05 9.9964E-05
9.9955E-05 0.485647 9.9955E-05 0.116862 9.9955E-05 0.108232 0.288759 9.9955E-05 9.9955E-05
0.239128 0.168174 9.9973E-05 0.0792407 9.9973E-05 0.0648746 0.407017 0.0412657 9.9973E-05
9.9955E-05 0.477172 9.9955E-05 0.0737661 9.9955E-05 9.9955E-05 0.224624 0.223938 9.9955E-05
0.12107 9.9973E-05 9.9973E-05 0.178174 0.0324052 0.042965 9.9973E-05 0.584713 0.040373
0.0408332 0.176611 9.9982E-05 0.080442 9.9982E-05 0.209612 0.0523705 0.415878 0.0240535
9.9973E-05 0.342075 9.9973E-05 0.128505 0.0416522 0.063324 9.9973E-05 0.36966 0.0544839
9.9973E-05 0.592599 0.0439313 0.063047 9.9973E-05 9.9973E-05 0.00190108 0.232385 0.0658373
0.131812 0.123851 9.9973E-05 0.145256 9.9973E-05 0.0281261 9.9973E-05 0.50749 0.0631642
9.9982E-05 0.445289 0.0440791 0.108199 0.040721 0.183138 0.0903775 9.9982E-05 0.0879964
0.0233335 0.538141 0.0188013 0.117936 0.00588002 0.123409 0.0294408 0.0592969 0.0837603
0.0325448 0.451161 9.9982E-05 0.0783857 0.00181923 9.9982E-05 0.0807639 0.277942 0.0771829
9.9982E-05 0.312408 0.0270822 0.0863188 0.00755015 0.114838 9.9982E-05 0.350662 0.100941
0.143045 0.340156 0.0434505 0.210322 9.9982E-05 0.00915495 9.9982E-05 0.219386 0.0342854
0.0242662 0.204305 9.9973E-05 0.192251 0.00550138 9.9973E-05 9.9973E-05 0.502632 0.0707443
9.9982E-05 0.313514 0.00456253 0.240347 0.0100682 0.115269 9.9982E-05 0.230432 0.085606
9.9964E-05 0.527852 9.9964E-05 0.101299 9.9964E-05 0.150561 9.9964E-05 0.173716 0.0461715
0.0257483 0.486509 0.0692538 0.0690452 9.9982E-05 0.132822 9.9982E-05 0.15352 0.0629027
0.0089768 0.367989 0.0316832 0.112701 0.0529967 0.0992258 0.0560466 0.270281 9.9991E-05
9.9964E-05 0.416286 9.9964E-05 0.144423 9.9964E-05 0.156739 9.9964E-05 0.215183 0.0669698
9.9991E-05 0.321593 0.0097556 0.169094 0.0403581 0.00168635 0.0977518 0.329032 0.0306291
0.131953 0.487623 9.9982E-05 0.026762 0.0371189 0.0126195 9.9982E-05 0.226638 0.0770848
9.9982E-05 0.478801 0.0498251 0.12125 0.00586003 0.00371306 9.9982E-05 0.295586 0.0447648
0.00189388 0.523819 0.109173 0.0111481 9.9982E-05 0.128814 9.9982E-05 0.140575 0.0843764
0.0483701 0.413573 0.277232 9.9973E-05 0.0605766 9.9973E-05 0.0825557 9.9973E-05 0.117393
0.0312749 0.398289 0.0430097 9.9991E-05 0.0286928 0.0323335 0.161463 0.0295485 0.275288
0.0720986 0.391902 0.100365 9.9991E-05 0.0501707 0.0243184 0.101109 0.160157 0.0997791
0.0676591 0.487471 0.0335695 0.00733349 0.0420408 0.168504 9.9991E-05 0.0456789 0.147643
0.0483555 0.336456 0.172126 9.9973E-05 0.0053184 9.9973E-05 9.9973E-05 0.198273 0.239171
9.9973E-05 0.338207 9.9973E-05 0.0190259 9.9973E-05 0.200902 0.0714671 0.36051 0.00958911
0.000522377 0.506319 0.186073 9.9982E-05 9.9982E-05 0.0432074 0.0962154 0.0482886 0.119175
0.088539 9.9964E-05 0.185154 9.9964E-05 9.9964E-05 9.9964E-05 0.441023 0.119602 0.165282
9.9964E-05 0.42544 9.9964E-05 9.9964E-05 0.0344849 9.9964E-05 0.127869 0.201873 0.209934
0.0776583 0.524427 0.0471533 0.0113419 0.0540099 0.0848696 9.9991E-05 0.0346323 0.165807
0.0540763 0.471093 0.0726772 0.0382466 0.0159894 0.0796914 0.0326493 0.0326065 0.20297
9.9982E-05 0.29216 0.0872588 9.9982E-05 0.0803149 0.0600756 0.197233 0.169386 0.113372
0.00657179 0.502397 0.172868 9.9982E-05 0.00297377 9.9982E-05 0.107338 0.071222 0.13643
9.9982E-05 0.553557 0.0780298 9.9982E-05 0.0461196 0.0781909 0.0457094 0.00581532 0.192378
9.9964E-05 9.9964E-05 0.366912 9.9964E-05 0.0659135 0.00441524 0.369776 9.9964E-05 0.192583
9.9982E-05 0.467182 0.0612289 0.114693 0.101517 9.9982E-05 0.0223707 0.109044 0.123765
0.0715984 0.458324 0.148119 9.9973E-05 9.9973E-05 0.0203729 0.0888411 9.9973E-05 0.212444
0.00935099 0.662305 0.121872 0.00597297 9.9982E-05 0.0495591 0.0798102 9.9982E-05 0.0709295
9.9964E-05 0.559911 0.183347 0.00523126 9.9964E-05 9.9964E-05 0.0820625 9.9964E-05 0.169048
0.0444902 0.494891 0.104154 0.0432073 0.0593062 9.9991E-05 0.103861 0.0210803 0.12891
9.9955E-05 0.384456 9.9955E-05 0.0632123 9.9955E-05 0.463261 9.9955E-05 9.9955E-05 0.0885708
0.090265 0.523862 0.018247 9.9991E-05 0.0387114 0.165312 0.0725271 0.0730579 0.0179175
0.0198605 9.9946E-05 9.9946E-05 9.9946E-05 9.9946E-05 0.845843 9.9946E-05 0.133697 9.9946E-05
0.0179295 9.9955E-05 0.00551363 0.0273609 9.9955E-05 0.948696 9.9955E-05 9.9955E-05 9.9955E-05
0.000625253 0.467916 0.0196564 9.9991E-05 0.0585887 0.348022 0.011251 0.0553379 0.0385032
9.9973E-05 0.329446 0.0766227 9.9973E-05 9.9973E-05 0.0872488 0.079669 0.0496605 0.377053
9.9973E-05 0.253669 0.062274 9.9973E-05 0.0258621 0.269048 0.0388706 9.9973E-05 0.349977
9.9982E-05 0.106397 0.143484 9.9982E-05 0.0304957 0.197212 0.17894 0.0344122 0.30886
9.9982E-05 0.247008 0.0941802 9.9982E-05 0.0816631 0.189549 0.0385341 0.0779922 0.270874
9.9964E-05 0.0722321 0.0332888 9.9964E-05 9.9964E-05 0.623218 0.185529 9.9964E-05 0.0853324
9.9973E-05 0.0876039 0.0635076 9.9973E-05 0.0326339 0.656123 0.0655705 9.9973E-05 0.0942614
0.0154421 0.470844 9.9973E-05 9.9973E-05 0.0071087 0.35206 0.00358984 9.9973E-05 0.150655
9.9955E-05 0.357966 0.057984 9.9955E-05 9.9955E-05 0.48997 9.9955E-05 9.9955E-05 0.0935805
9.9955E-05 0.10929 9.9955E-05 9.9955E-05 0.0380558 0.727992 9.9955E-05 9.9955E-05 0.124162
0.0800948 0.44006 0.00213984 9.9982E-05 0.0517132 0.299329 9.9982E-05 0.0609165 0.0655463
9.9955E-05 0.474792 9.9955E-05 0.0236536 9.9955E-05 0.413566 9.9955E-05 9.9955E-05 0.0874884
9.9982E-05 0.371207 0.0796878 0.0932961 9.9982E-05 0.230512 0.00765562 0.0624324 0.15501
0.031442 0.329944 9.9973E-05 0.00569958 0.0332392 0.565034 9.9973E-05 0.0343417 9.9973E-05
0.05273 0.256721 9.9973E-05 9.9973E-05 0.0150226 0.505854 9.9973E-05 0.148877 0.0204958
0.0461831 0.52241 9.9964E-05 0.114127 9.9964E-05 0.315869 9.9964E-05 9.9964E-05 0.00101102
0.0379518 0.33926 0.0714233 0.125761 9.9982E-05 0.405578 0.0126763 9.9982E-05 0.00714957
9.9973E-05 0.459792 9.9973E-05 9.9973E-05 0.0302788 0.0910616 0.193386 0.0983282 0.126853
9.9964E-05 0.482942 9.9964E-05 0.000249796 9.9964E-05 0.405104 0.109518 0.00178742 9.9964E-05
0.0137626 0.217962 9.9955E-05 0.0686481 9.9955E-05 0.699127 9.9955E-05 9.9955E-05 9.9955E-05
0.0446776 0.542724 0.0613601 9.9964E-05 9.9964E-05 0.342708 9.9964E-05 9.9964E-05 0.00812992
0.0656644 0.168228 9.9973E-05 0.0440483 9.9973E-05 0.662431 9.9973E-05 0.0508599 0.00846839
9.9982E-05 0.360459 0.00170699 0.0338351 0.0365455 0.498282 9.9982E-05 0.030822 0.0381491
0.0911175 0.466656 0.0267541 0.052439 9.9982E-05 0.207659 0.0379563 9.9982E-05 0.117219
0.0610182 0.475772 9.9982E-05 0.119418 0.0136969 0.257641 0.0626054 0.00964785 9.9982E-05
0.0142898 0.472952 0.131333 9.9982E-05 9.9982E-05 0.076784 0.0764175 0.0288452 0.199178
9.9991E-05 0.35217 0.135048 0.0433144 0.0720283 0.181806 0.0687679 0.0328658 0.1139
0.0233492 0.368258 0.0918349 0.130584 0.015696 0.0406834 0.110194 9.9991E-05 0.219301
9.9991E-05 0.300721 0.0854058 0.170315 0.0487211 0.145985 0.0583989 0.0167094 0.173644
0.090807 0.275521 0.10648 0.0776662 0.01699 9.9991E-05 0.0262791 0.145439 0.260718
0.0317786 0.384717 0.0211499 0.0543016 0.0926502 0.193126 0.0269343 9.9991E-05 0.195243
9.9964E-05 9.9964E-05 0.184412 9.9964E-05 0.0167916 0.641476 0.0700712 9.9964E-05 0.0868484
9.9982E-05 0.603736 0.0162231 0.0598937 0.0787958 0.0848246 0.0319607 9.9982E-05 0.124366
9.9955E-05 9.9955E-05 0.35435 9.9955E-05 9.9955E-05 0.389694 0.184229 9.9955E-05 0.0712273
0.00355678 0.503132 0.100786 9.9973E-05 9.9973E-05 0.237693 9.9973E-05 0.0314658 0.123066
0.178742 0.0717385 9.9955E-05 9.9955E-05 9.9955E-05 0.668139 0.0808807 9.9955E-05 9.9955E-05
0.0613252 9.9964E-05 9.9964E-05 9.9964E-05 0.0115356 0.844866 0.0355838 0.0462897 9.9964E-05
0.0091091 0.410832 9.9973E-05 9.9973E-05 0.0142671 0.489011 9.9973E-05 0.0490422 0.0274384
9.9955E-05 0.585 0.0366397 9.9955E-05 0.0245427 0.353317 9.9955E-05 9.9955E-05 9.9955E-05
0.0618639 0.360939 9.9955E-05 9.9955E-05 9.9955E-05 0.544459 9.9955E-05 0.0322378 9.9955E-05
0.0721147 0.452437 9.9955E-05 0.000901556 9.9955E-05 0.474047 9.9955E-05 9.9955E-05 9.9955E-05
9.9946E-05 0.509575 9.9946E-05 9.9946E-05 9.9946E-05 0.47896 9.9946E-05 0.0108652 9.9946E-05
9.9964E-05 0.0912125 0.755731 9.9964E-05 0.0732466 0.0666378 9.9964E-05 9.9964E-05 0.0127723
0.0222514 9.9982E-05 0.6557 0.142379 0.0260335 0.00312131 9.9982E-05 0.0100575 0.140257
9.9964E-05 9.9964E-05 0.850355 0.0303902 0.0476976 9.9964E-05 9.9964E-05 0.0254702 0.0456872
9.9955E-05 0.0182027 0.788697 9.9955E-05 0.178548 0.0140527 9.9955E-05 9.9955E-05 9.9955E-05
0.398252 0.51212 9.9973E-05 0.0139183 0.05462 0.012179 9.9973E-05 9.9973E-05 0.00861099
0.279611 0.479348 0.0651648 0.043531 0.00781764 0.0232216 9.9991E-05 0.0838439 0.0173615
0.468747 0.458583 9.9955E-05 9.9955E-05 0.0309856 9.9955E-05 9.9955E-05 0.0411847 9.9955E-05
0.245973 0.599572 0.112371 9.9973E-05 0.0211713 9.9973E-05 0.00524874 0.015364 9.9973E-05
0.178419 0.513449 0.0873503 0.0801595 9.9982E-05 9.9982E-05 0.032599 0.0542983 0.0535247
0.567517 0.245224 0.026515 0.0143889 9.9973E-05 9.9973E-05 0.0599035 0.0861515 9.9973E-05
0.39908 0.551685 9.9955E-05 9.9955E-05 0.011267 9.9955E-05 9.9955E-05 0.0374682 9.9955E-05
0.511664 0.31618 9.9964E-05 9.9964E-05 0.0262458 0.0378472 0.107663 9.9964E-05 9.9964E-05
9.9982E-05 0.418118 0.209249 0.0143727 0.0317597 0.0618945 9.9982E-05 0.0728483 0.191557
0.396233 0.407866 9.9964E-05 9.9964E-05 9.9964E-05 0.122856 9.9964E-05 0.027472 0.045174
0.59642 0.235694 9.9973E-05 0.0357815 0.0243635 0.00997795 9.9973E-05 0.097463 9.9973E-05
0.410821 0.490705 9.9955E-05 9.9955E-05 9.9955E-05 9.9955E-05 9.9955E-05 0.0623165 0.035658
0.405727 0.373592 0.0307226 0.0287593 9.9973E-05 0.111728 9.9973E-05 0.0491721 9.9973E-05
0.353522 0.52175 9.9973E-05 0.0134675 0.035319 9.9973E-05 0.0297651 9.9973E-05 0.0458766
0.363248 0.513036 0.0833252 0.00125611 9.9973E-05 0.0358357 9.9973E-05 0.00299861 9.9973E-05
0.896986 0.0672293 9.9955E-05 9.9955E-05 9.9955E-05 0.0307174 0.00456711 9.9955E-05 9.9955E-05
0.646336 0.170744 0.0113128 9.9982E-05 0.0294398 0.0186274 0.07984 9.9982E-05 0.0434995
0.549403 0.267614 9.9964E-05 0.0375314 0.0949895 0.0500619 9.9964E-05 9.9964E-05 9.9964E-05
0.826047 9.9946E-05 9.9946E-05 9.9946E-05 9.9946E-05 0.0174635 0.15589 9.9946E-05 9.9946E-05
0.418383 0.300773 9.9973E-05 0.0672507 0.0134722 9.9973E-05 9.9973E-05 0.13685 0.0629711
0.628836 0.0772699 9.9955E-05 9.9955E-05 9.9955E-05 0.000931649 0.292463 9.9955E-05 9.9955E-05
0.745392 9.9946E-05 9.9946E-05 9.9946E-05 9.9946E-05 0.076366 0.177642 9.9946E-05 9.9946E-05
0.25757 0.488987 0.00251577 9.9991E-05 0.0210262 0.0812949 0.089317 0.012598 0.0465915
0.582671 0.14862 0.0766791 9.9964E-05 0.0132369 9.9964E-05 9.9964E-05 0.178393 9.9964E-05
0.345067 0.400783 0.00917292 0.0614153 0.0058672 9.9991E-05 0.0300479 0.0987419 0.0488052
0.189151 0.524409 0.0374773 9.9982E-05 0.045119 0.0648134 0.0283315 9.9982E-05 0.110499
0.338269 0.482224 0.0165211 0.0716896 9.9982E-05 9.9982E-05 0.0312828 0.0111536 0.0486601
9.9973E-05 0.280303 9.9973E-05 0.0462426 0.00375085 0.112965 0.0540651 0.502374 9.9973E-05
0.390908 0.508799 9.9955E-05 0.0827386 9.9955E-05 0.0170549 9.9955E-05 9.9955E-05 9.9955E-05
0.361221 0.401593 9.9964E-05 9.9964E-05 0.0364817 9.9964E-05 9.9964E-05 0.184272 0.0160318
0.646104 0.315302 9.9955E-05 0.0067181 0.031376 9.9955E-05 9.9955E-05 9.9955E-05 9.9955E-05
0.191139 0.505552 0.0647953 0.0334086 0.0495195 0.155285 9.9973E-05 9.9973E-05 9.9973E-05
0.0791681 9.9973E-05 0.558322 0.186613 0.0527734 9.9973E-05 0.0706659 0.0521579 9.9973E-05
0.0666931 0.0162342 0.666444 0.031659 0.0700766 9.9982E-05 0.0864702 0.0622228 9.9982E-05
0.00522321 9.9973E-05 0.7379 0.0758975 0.108089 9.9973E-05 0.0598627 0.0127277 9.9973E-05
9.9964E-05 9.9964E-05 0.686867 0.129009 0.117102 0.0433349 0.0232875 9.9964E-05 9.9964E-05
9.9964E-05 9.9964E-05 0.687692 0.140458 0.0140688 9.9964E-05 0.110761 0.0466204 9.9964E-05
0.654564 0.0871 0.0519919 9.9955E-05 9.9955E-05 9.9955E-05 9.9955E-05 0.205845 9.9955E-05
