0.0512471 9.9964E-05 9.9964E-05 9.9964E-05 0.808147 0.049286 0.0328441 9.9964E-05 0.0580763
0.0335275 9.9964E-05 0.0101658 0.0370913 0.890813 9.9964E-05 9.9964E-05 9.9964E-05 0.0280023
0.081084 0.119708 9.9973E-05 0.0133354 0.743468 0.0316039 0.010501 9.9973E-05 9.9973E-05
0.0361059 0.0525606 0.00546487 9.9973E-05 0.746282 0.0751328 9.9973E-05 9.9973E-05 0.0841541
9.9964E-05 0.0289316 0.00669892 9.9964E-05 0.878202 0.0385114 9.9964E-05 0.0472563 9.9964E-05
9.9964E-05 9.9964E-05 9.9964E-05 0.0212398 0.607944 0.0313167 9.9964E-05 0.321468 0.0176315
0.0407063 9.9946E-05 9.9946E-05 9.9946E-05 0.793495 9.9946E-05 9.9946E-05 0.165199 9.9946E-05
0.0151712 9.9964E-05 9.9964E-05 9.9964E-05 0.682359 0.044459 9.9964E-05 0.236928 0.0206836
0.028418 9.99639E-05 9.99639E-05 0.0785825 0.748403 9.99639E-05 0.0850973 9.99639E-05 0.0590989
0.0322181 0.0588866 9.9964E-05 9.9964E-05 0.663203 0.0598896 9.9964E-05 0.185402 9.9964E-05
9.9955E-05 9.9955E-05 9.9955E-05 0.00603028 0.728646 9.9955E-05 9.9955E-05 0.239625 0.0251983
9.9973E-05 0.2609 9.9973E-05 0.136288 9.9973E-05 0.04803 0.0595119 0.0709432 0.424027
0.046919 0.529337 9.9964E-05 0.0912201 9.9964E-05 9.9964E-05 0.111488 9.9964E-05 0.220636
0.0029904 0.269568 0.12941 9.9973E-05 9.9973E-05 0.0293254 0.11301 9.9973E-05 0.455397
0.0359112 0.33715 9.9973E-05 9.9973E-05 0.0297808 0.0894739 0.129855 9.9973E-05 0.37753
9.999E-05 0.442706 0.027514 0.0456329 0.113995 0.0523219 0.075353 0.0335347 0.208843
9.9973E-05 0.546998 0.0807022 0.0694054 0.126333 0.0649548 9.9973E-05 9.9973E-05 0.111307
0.0371839 0.369307 9.9982E-05 0.176852 9.9982E-05 0.126309 0.0437727 0.0852189 0.161156
0.0014703 0.384902 9.9973E-05 0.0959967 0.0928545 9.9973E-05 0.107031 9.9973E-05 0.317446
0.0130854 0.00582407 0.0335693 0.132069 0.0492467 0.0637294 9.9991E-05 0.121628 0.580748
0.0252837 0.401951 0.0116132 0.138831 9.9991E-05 0.0694934 0.10365 0.0408286 0.208248
0.0485184 0.463974 0.0335858 0.109648 9.9982E-05 9.9982E-05 0.0989548 0.0794004 0.165719
9.9982E-05 0.559 0.0579048 0.0288558 0.08367 0.0178391 9.9982E-05 0.0926543 0.159876
0.041225 0.220996 0.0409692 0.247069 9.9991E-05 0.0800993 0.0319809 0.117638 0.219923
0.0375719 0.569948 9.9982E-05 0.0129195 0.131404 9.9982E-05 0.063898 0.100517 0.0835419
0.051924 0.506209 9.9982E-05 0.1366 9.9982E-05 0.0723414 0.0721932 0.00316221 0.15737
0.0550491 0.211306 0.0548386 0.128173 9.9982E-05 0.0917829 0.0327854 9.9982E-05 0.425865
9.9964E-05 0.330096 9.9964E-05 0.119333 9.9964E-05 0.114916 0.101551 9.9964E-05 0.333704
9.9973E-05 0.292118 0.109176 0.0733269 9.9973E-05 9.9973E-05 0.0796067 0.114054 0.331417
0.999201 9.993E-05 9.993E-05 9.993E-05 9.993E-05 9.993E-05 9.993E-05 9.993E-05 9.993E-05
0.999201 9.993E-05 9.993E-05 9.993E-05 9.993E-05 9.993E-05 9.993E-05 9.993E-05 9.993E-05
0.37284 0.0179426 9.9964E-05 0.068011 0.481677 0.0591297 9.9964E-05 9.9964E-05 9.9964E-05
0.245241 0.0762205 9.9973E-05 0.10338 0.450749 0.0478909 0.0762197 9.9973E-05 9.9973E-05
0.000742564 0.531345 9.9964E-05 0.228228 9.9964E-05 9.9964E-05 9.9964E-05 0.160846 0.0784392
9.9982E-05 0.485863 9.9982E-05 0.311237 0.0615743 0.0673019 0.00504984 0.0355327 0.033241
0.0454879 0.4556 9.9964E-05 0.365724 9.9964E-05 0.0860325 9.9964E-05 0.0467554 9.9964E-05
0.00545808 0.208655 0.0727756 0.045018 0.102388 9.9982E-05 9.9982E-05 0.0213563 0.544149
0.039489 0.344465 9.9955E-05 0.602823 9.9955E-05 0.0127233 9.9955E-05 9.9955E-05 9.9955E-05
0.0254308 0.50899 0.00996815 0.228121 0.0532053 0.020926 9.9982E-05 9.9982E-05 0.153159
0.0809933 0.628044 9.9964E-05 0.212245 9.9964E-05 0.0319911 9.9964E-05 0.0463261 9.9964E-05
0.037741 0.531192 9.9982E-05 0.0189592 0.0690585 0.0137703 9.9982E-05 0.316448 0.0126307
0.0925604 0.581648 9.9973E-05 0.0873557 0.0498057 9.9973E-05 9.9973E-05 0.166521 0.0218091
0.0164996 0.184379 9.9964E-05 0.666257 9.9964E-05 9.9964E-05 0.0614079 9.9964E-05 0.0710573
9.9982E-05 0.534088 9.9982E-05 0.0237431 0.00624727 0.0614699 0.0155764 0.331264 0.0274112
0.0198149 0.390737 0.0379713 0.230295 0.106624 0.0544727 9.9982E-05 0.159885 9.9982E-05
0.0359366 0.49391 0.0290875 0.196836 0.144295 0.094128 9.9982E-05 9.9982E-05 0.00560704
9.9955E-05 0.303612 0.0144386 0.638521 9.9955E-05 9.9955E-05 0.0429285 9.9955E-05 9.9955E-05
0.0296129 0.628684 9.9973E-05 0.248843 0.0165681 0.0138357 0.0621559 9.9973E-05 9.9973E-05
0.080393 0.539197 0.0878348 0.113508 0.021979 0.0466337 0.0695516 0.0408035 9.9991E-05
9.9964E-05 9.9964E-05 0.0525643 0.711806 0.0642338 9.9964E-05 0.141915 0.0290813 9.9964E-05
9.9964E-05 0.161108 9.9964E-05 0.195755 9.9964E-05 9.9964E-05 0.0945776 0.0971929 0.450967
9.9973E-05 9.9973E-05 0.132008 0.293765 9.9973E-05 0.0352988 0.21514 0.130444 0.193044
0.0390183 0.588459 0.0588007 9.9982E-05 9.9982E-05 0.0574751 0.0671572 0.0673385 0.121551
9.9982E-05 0.592854 0.0769645 0.0202577 0.155374 9.9982E-05 0.0258332 0.0539216 0.0745945
9.9982E-05 0.515733 0.0738331 0.0887167 0.0306751 0.11539 0.108055 9.9982E-05 0.0673964
0.0104887 0.209788 0.0249478 0.270601 0.0367057 9.9982E-05 0.0974967 9.9982E-05 0.349772
0.0176558 0.621181 9.9964E-05 0.0635972 9.9964E-05 9.9964E-05 9.9964E-05 0.0801194 0.217047
9.9973E-05 0.480459 9.9973E-05 0.0339614 9.9973E-05 0.107324 0.118033 0.129367 0.130555
0.0465948 0.329225 0.0178977 0.18553 0.0213179 0.0153425 0.0533442 0.20594 0.124808
0.0318014 0.052605 9.9991E-05 0.173402 0.133039 0.028913 0.173648 0.0622561 0.344236
0.0328758 0.550195 9.9982E-05 0.130502 9.9982E-05 0.00197465 0.0909957 0.0920766 0.10118
0.0149979 0.427264 0.0724562 0.0219808 9.9973E-05 9.9973E-05 0.208713 9.9973E-05 0.254288
0.0348627 9.9973E-05 0.0052181 0.214694 9.9973E-05 9.9973E-05 0.134003 0.155347 0.455575
0.00922062 0.486566 0.1174 0.134597 9.9982E-05 9.9982E-05 0.039179 0.0576534 0.155184
0.0315799 0.55781 0.138351 0.0693365 0.0240534 0.0241238 0.0703512 0.0305272 0.0538678
0.094743 0.499764 0.0979331 9.9982E-05 0.000312753 9.9982E-05 0.0888501 0.0412475 0.17695
9.9982E-05 0.307802 9.9982E-05 0.26457 0.0231355 0.0357497 0.151801 0.00613873 0.210604
0.0477002 0.4676 0.0924569 0.193107 9.9982E-05 0.00896151 0.130276 9.9982E-05 0.0596987
0.0307291 0.573892 0.0657393 0.0430296 0.0334339 0.0670187 0.0374709 0.0237528 0.124934
0.060194 0.172002 0.119215 0.223683 9.9973E-05 9.9973E-05 0.124487 9.9973E-05 0.30012
9.9946E-05 0.54791 9.9946E-05 0.36953 9.9946E-05 9.9946E-05 9.9946E-05 9.9946E-05 0.08196
0.0289086 0.204451 9.9955E-05 0.651972 9.9955E-05 9.9955E-05 9.9955E-05 9.9955E-05 0.11417
0.0310418 0.543162 0.182734 0.128661 9.9973E-05 9.9973E-05 0.0273933 9.9973E-05 0.086708
9.9964E-05 9.9964E-05 0.00764348 0.899387 9.9964E-05 0.00916462 0.0409423 0.0424624 9.9964E-05
9.9973E-05 0.0219317 0.0367543 0.868425 9.9973E-05 9.9973E-05 0.0170393 0.0515552 0.00399474
9.9946E-05 0.284271 9.9946E-05 0.676742 9.9946E-05 0.0383872 9.9946E-05 9.9946E-05 9.9946E-05
0.0179609 0.437078 9.9973E-05 0.419494 0.0107126 9.9973E-05 9.9973E-05 0.0156692 0.0987858
0.0399662 0.579621 0.0170266 0.105213 0.0795655 9.9982E-05 0.120576 9.9982E-05 0.0578317
0.0529573 0.404896 9.9973E-05 0.412636 9.9973E-05 9.9973E-05 0.0672501 0.00565783 0.0563022
9.9964E-05 0.178108 9.9964E-05 0.617419 0.0330705 0.0511265 9.9964E-05 9.9964E-05 0.119876
9.9973E-05 0.25009 9.9973E-05 0.432485 0.0495136 0.00411721 9.9973E-05 0.0197797 0.243715
9.9982E-05 0.494489 0.082127 0.224109 0.0322982 0.108873 0.0104541 0.0474498 9.9982E-05
0.0129666 0.323283 9.9964E-05 0.568918 9.9964E-05 0.0506572 9.9964E-05 0.043775 9.9964E-05
0.0544637 0.425587 9.9973E-05 0.404545 0.0536479 9.9973E-05 9.9973E-05 0.0520441 0.00941221
9.9955E-05 0.393124 9.9955E-05 0.574434 0.00255502 9.9955E-05 9.9955E-05 0.0293874 9.9955E-05
9.9973E-05 9.9973E-05 0.115274 0.704314 0.0216097 9.9973E-05 0.056606 0.0941145 0.00778212
0.0137016 0.555651 0.0366443 0.207883 0.00468848 0.0446042 9.9991E-05 0.0992789 0.0374483
0.033161 0.0841858 9.9964E-05 9.9964E-05 0.748814 0.0623842 9.9964E-05 9.9964E-05 0.0710556
0.0991771 0.102722 9.9946E-05 9.9946E-05 0.797501 9.9946E-05 9.9946E-05 9.9946E-05 9.9946E-05
0.12108 0.0769815 9.9964E-05 9.9964E-05 0.761396 0.0308031 0.00933997 9.9964E-05 9.9964E-05
0.111985 0.0325148 9.9955E-05 9.9955E-05 0.731609 9.9955E-05 0.123392 9.9955E-05 9.9955E-05
0.0975604 0.0986971 9.9973E-05 9.9973E-05 0.762686 0.00327357 0.018482 0.0190012 9.9973E-05
0.053747 0.058479 9.9973E-05 9.9973E-05 0.80038 0.0320351 0.0458726 0.00918658 9.9973E-05
0.061697 0.0631434 9.99461E-05 9.99461E-05 0.87456 9.99461E-05 9.99461E-05 9.99461E-05 9.99461E-05
0.0121511 0.412051 9.9982E-05 0.209452 0.0901125 0.0788379 9.9982E-05 0.0829504 0.114245
0.0351913 0.594287 9.9982E-05 0.207003 0.0513177 0.00330145 0.0637427 9.9982E-05 0.0449572
9.9955E-05 0.0958716 9.9955E-05 0.809133 0.0185328 9.9955E-05 9.9955E-05 9.9955E-05 0.075963
0.0575965 0.457058 0.0524802 0.259046 0.0268833 0.0439836 0.0767377 0.0261144 9.9991E-05
0.0227935 0.389262 9.9982E-05 0.484014 0.011125 0.0264574 9.9982E-05 0.0413523 0.0247962
0.00262552 0.648528 9.9955E-05 0.207067 0.141281 9.9955E-05 9.9955E-05 9.9955E-05 9.9955E-05
0.0282327 0.598369 0.0575419 0.248036 0.0474373 9.9973E-05 9.9973E-05 9.9973E-05 0.0200837
9.9973E-05 0.424956 0.0146103 0.405891 0.0628174 0.0494091 9.9973E-05 0.0420157 9.9973E-05
9.9946E-05 9.9946E-05 9.9946E-05 0.781277 0.0755458 9.9946E-05 9.9946E-05 9.9946E-05 0.142577
0.0109594 0.39253 0.0965887 0.116466 0.0582395 0.101311 0.0954735 0.0328942 0.0955382
9.9973E-05 0.718562 0.0398314 0.0961236 0.0448164 9.9973E-05 9.9973E-05 0.0926341 0.00773263
9.9982E-05 0.502548 9.9982E-05 0.0459637 0.0211146 0.0886932 0.0538347 0.113519 0.174127
0.0157201 0.217439 9.9973E-05 0.597461 9.9973E-05 0.0278734 0.0412067 0.1 9.9973E-05
0.0127285 0.508881 0.112829 0.323879 9.9964E-05 9.9964E-05 0.0412823 9.9964E-05 9.9964E-05
0.065272 0.419047 9.9973E-05 0.400825 0.000285866 0.0386623 9.9973E-05 9.9973E-05 0.075608
9.9946E-05 0.251547 9.9946E-05 0.632876 9.9946E-05 0.114978 9.9946E-05 9.9946E-05 9.9946E-05
0.0327773 0.483884 9.9964E-05 0.367377 0.035063 9.9964E-05 9.9964E-05 9.9964E-05 0.0804991
0.00308538 0.542281 0.0502052 0.136866 0.131911 9.9973E-05 9.9973E-05 9.9973E-05 0.135352
9.9982E-05 0.263105 0.208207 0.103932 0.0331443 0.0264572 0.106301 9.9982E-05 0.258654
0.0506916 0.386305 9.9973E-05 9.9973E-05 9.9973E-05 0.0773242 0.134907 0.0218721 0.3286
0.0167518 0.490386 0.0393198 0.164587 0.13552 0.0375546 0.00319613 0.0434911 0.0691936
0.0253874 0.642663 0.024207 0.0701809 0.0626251 0.036656 0.00638441 9.9991E-05 0.131796
0.0601377 0.493381 0.0814515 9.9973E-05 9.9973E-05 9.9973E-05 0.0404082 0.0301531 0.294169
9.9973E-05 0.582456 0.0357394 0.0830832 9.9973E-05 0.0325093 9.9973E-05 0.0468099 0.219102
9.9982E-05 0.52693 0.0613714 0.00213315 0.0449826 0.0112356 0.0123092 9.9982E-05 0.340838
0.035075 0.522077 0.0526783 0.10364 0.0346361 9.9991E-05 0.0523311 0.0601362 0.139327
9.9973E-05 0.540949 9.9973E-05 0.0466172 0.0558139 0.0841864 9.9973E-05 0.102256 0.169878
0.0286977 0.679294 9.9964E-05 0.0308484 9.9964E-05 9.9964E-05 0.12601 9.9964E-05 0.13475
0.0376763 0.527591 0.0198645 0.0287035 9.9973E-05 9.9973E-05 9.9973E-05 0.0401638 0.345701
0.00336286 0.614418 0.0561859 9.9991E-05 0.0428179 0.0506002 0.0490799 0.147114 0.0363215
0.022542 0.48514 0.136965 9.9991E-05 0.1196 0.0179003 0.0337584 0.0876531 0.096341
9.9964E-05 0.567163 0.060199 0.0407447 9.9964E-05 0.070155 9.9964E-05 9.9964E-05 0.261339
0.00709601 0.577684 0.119469 0.0664878 0.0572001 9.9982E-05 0.0241311 9.9982E-05 0.147732
0.0243391 0.544369 0.0401807 0.101707 9.9982E-05 0.0633166 0.0181355 9.9982E-05 0.207752
0.0360119 0.3693 0.161894 0.0361555 0.0726465 9.9982E-05 0.102229 9.9982E-05 0.221562
9.9964E-05 0.678834 0.0480984 0.0156464 9.9964E-05 9.9964E-05 0.065288 9.9964E-05 0.191734
9.9964E-05 0.624216 0.198287 9.9964E-05 0.0175503 9.9964E-05 0.0909106 9.9964E-05 0.0686359
0.0225672 0.209338 0.136796 0.15324 0.00860655 0.0951104 0.000172165 9.9991E-05 0.37407
9.9982E-05 0.210363 0.0875959 0.152501 9.9982E-05 0.0080702 0.183313 0.105705 0.252252
0.0220204 0.449987 9.9982E-05 0.0740239 9.9982E-05 0.0489953 0.0234796 0.180715 0.200579
0.0141797 9.9982E-05 0.346578 0.191653 9.9982E-05 0.0709428 0.0370667 0.0306461 0.308733
0.0415453 0.263651 0.12114 0.16669 0.0582333 0.0301349 9.9982E-05 9.9982E-05 0.318406
9.9964E-05 0.456712 0.0951359 0.107672 9.9964E-05 9.9964E-05 9.9964E-05 0.0430983 0.296983
0.0270133 0.368967 0.0524662 0.103441 9.9973E-05 9.9973E-05 0.00775408 9.9973E-05 0.440059
9.9973E-05 0.29306 0.0376463 0.205205 0.0205401 0.0201304 9.9973E-05 9.9973E-05 0.423118
0.0292951 0.643293 0.101326 0.0446149 0.0151369 0.00602523 0.00519694 0.0445282 0.110583
9.9991E-05 0.483601 0.0443262 0.109661 0.121495 0.0787916 0.0508698 0.0016875 0.109469
0.0307791 0.446418 0.120683 0.12501 9.9982E-05 0.0540698 0.0177088 9.9982E-05 0.205131
9.9982E-05 0.148319 0.13504 0.215184 9.9982E-05 0.0167889 0.104644 0.0225272 0.357297
9.9982E-05 0.465379 0.0226369 0.13434 0.111575 0.0732501 0.0582495 0.134369 9.9982E-05
0.0099462 0.473923 0.114156 0.0620732 9.99865E-05 0.00676009 0.123433 0.209508 9.99865E-05
0.0094907 9.9982E-05 0.114474 0.206832 0.0942306 9.9982E-05 0.219315 0.250809 0.10465
0.0158658 0.628738 0.121996 0.0170297 0.0644549 0.0216649 9.9982E-05 0.13005 9.9982E-05
0.0304543 0.301486 0.0920407 0.155796 0.0043362 9.9991E-05 0.249492 0.081073 0.0852225
0.0338755 0.524414 0.0799946 0.095876 0.0504795 9.9982E-05 0.181 9.9982E-05 0.034161
0.0377493 0.23821 9.9973E-05 0.165372 9.9973E-05 9.9973E-05 0.261173 0.22649 0.0707064
0.05014 0.118255 0.124172 0.127074 9.9982E-05 9.9982E-05 0.110774 0.352558 0.116829
9.9982E-05 0.42566 0.176893 0.113335 0.0836421 9.9982E-05 0.0290959 0.0786397 0.0925344
9.9982E-05 0.414258 0.0917705 0.0811398 0.0844706 0.0249844 9.9982E-05 0.211019 0.0921575
9.9991E-05 0.397921 0.107141 0.0237926 0.170956 0.0285596 0.0263151 0.133182 0.112032
0.0153263 0.0223278 0.0781947 0.329545 0.00985728 0.124579 0.20416 0.136192 0.0798179
9.9982E-05 0.523648 0.133911 0.0641533 0.104337 0.0768627 9.9982E-05 0.0827967 0.0140911
9.9973E-05 0.320778 0.0872596 0.270574 9.9973E-05 9.9973E-05 0.078589 0.212171 0.0303285
0.0127406 0.473545 0.0893461 0.164085 9.9982E-05 9.9982E-05 0.062869 0.112398 0.084816
0.0655027 0.512296 0.0444387 0.159387 0.00419227 0.0575958 0.00789227 0.148595 9.9991E-05
0.0289941 0.125158 0.00943718 0.00736334 0.250656 0.23404 0.170491 0.169631 0.00422955
0.0165895 9.9964E-05 9.9964E-05 9.9964E-05 0.402344 0.0830562 0.372303 0.125307 9.9964E-05
0.0208665 9.9964E-05 9.9964E-05 9.9964E-05 0.256995 0.0839926 0.542943 0.0948038 9.9964E-05
9.9973E-05 0.0508354 9.9973E-05 9.9973E-05 0.253614 0.270069 0.307723 0.0950658 0.0223937
9.9964E-05 0.54211 0.0245398 0.0655392 9.9964E-05 9.9964E-05 0.0621818 0.30523 9.9964E-05
9.9991E-05 0.589762 0.0730136 0.0667398 0.0632132 0.0176815 0.131058 0.0285927 0.0298392
0.000983594 0.24918 9.9964E-05 0.0337341 9.9964E-05 0.665497 9.9964E-05 9.9964E-05 0.050205
0.00840914 0.343399 0.0190947 0.032064 9.9973E-05 0.458892 9.9973E-05 9.9973E-05 0.137841
9.9982E-05 0.387526 0.0338697 0.026579 0.0608077 0.343748 9.9982E-05 0.0647025 0.0825677
0.0261983 0.21043 0.168562 0.109958 9.9982E-05 0.0062724 0.0347294 0.44365 9.9982E-05
0.0182031 0.439569 0.0935949 0.113584 0.0535207 0.0509364 0.0133447 0.149606 0.067641
9.9973E-05 0.113398 0.171796 0.0975898 9.9973E-05 0.0212374 0.104561 0.491118 9.9973E-05
9.9973E-05 0.544755 0.00763411 0.130837 9.9973E-05 9.9973E-05 0.0936612 0.205613 0.0172003
9.9982E-05 0.413456 0.166051 0.118972 9.9982E-05 0.0363673 0.069423 0.171898 0.0236327
9.9982E-05 0.479255 0.0426707 0.08287 0.00191582 0.0051862 0.083558 0.304344 9.9982E-05
9.9973E-05 0.135102 0.17612 0.176984 9.9973E-05 0.0184317 0.107144 0.385918 9.9973E-05
9.9973E-05 0.637843 0.0956631 9.9973E-05 0.0370622 0.0909809 0.0283904 0.109761 9.9973E-05
0.00862814 0.592394 0.121926 0.0236392 0.0896519 9.9973E-05 9.9973E-05 0.163461 9.9973E-05
9.9937E-05 9.9937E-05 0.0370497 9.9937E-05 9.9937E-05 0.962251 9.9937E-05 9.9937E-05 9.9937E-05
9.9964E-05 0.0180313 0.00899535 0.0387866 9.9964E-05 0.919913 9.9964E-05 9.9964E-05 0.0138743
0.0125823 0.252348 9.9964E-05 0.0989543 9.9964E-05 0.558288 9.9964E-05 0.0774279 9.9964E-05
0.00602074 0.336664 9.9955E-05 9.9955E-05 9.9955E-05 0.653981 0.00283414 9.9955E-05 9.9955E-05
9.9955E-05 0.150719 9.9955E-05 0.0225393 9.9955E-05 0.792839 9.9955E-05 9.9955E-05 0.0334029
9.993E-05 9.993E-05 9.993E-05 9.993E-05 9.993E-05 0.999201 9.993E-05 9.993E-05 9.993E-05
9.9946E-05 9.9946E-05 9.9946E-05 9.9946E-05 9.9946E-05 0.94806 0.00755321 9.9946E-05 0.043787
9.9955E-05 0.172213 0.0104295 9.9955E-05 9.9955E-05 0.81263 9.9955E-05 0.00422728 9.9955E-05
9.9946E-05 0.0593982 9.9946E-05 9.9946E-05 9.9946E-05 0.905993 9.9946E-05 9.9946E-05 0.0340096
9.993E-05 9.993E-05 9.993E-05 9.993E-05 9.993E-05 0.999201 9.993E-05 9.993E-05 9.993E-05
0.0112444 9.9937E-05 9.9937E-05 9.9937E-05 9.9937E-05 0.988056 9.9937E-05 9.9937E-05 9.9937E-05
0.0911138 0.225631 9.9964E-05 9.9964E-05 9.9964E-05 0.646345 9.9964E-05 0.00563869 0.0308715
9.9973E-05 0.0959949 0.000115843 0.00362215 0.0633567 0.796974 9.9973E-05 9.9973E-05 0.0396364
9.9946E-05 9.9946E-05 9.9946E-05 0.017854 9.9946E-05 0.978057 9.9946E-05 9.9946E-05 0.00348921
0.0170979 0.325719 9.9982E-05 0.113189 0.0843968 0.347439 0.0429049 9.9982E-05 0.069054
0.0178946 0.249804 9.9982E-05 0.0410628 0.0163677 0.620049 0.0158015 9.9982E-05 0.0388204
0.0164212 0.134755 9.9973E-05 9.9973E-05 0.0194362 0.719288 0.0560089 9.9973E-05 0.0537914
0.013405 0.0827158 9.9964E-05 0.00880609 9.9964E-05 0.847509 9.9964E-05 9.9964E-05 0.0471642
9.9955E-05 0.014643 9.9955E-05 0.00139392 0.0235388 0.959924 9.9955E-05 9.9955E-05 9.9955E-05
9.9973E-05 0.052268 0.00193488 9.9973E-05 0.0177628 0.896182 0.00542174 9.9973E-05 0.0261304
9.993E-05 9.993E-05 9.993E-05 9.993E-05 9.993E-05 0.999201 9.993E-05 9.993E-05 9.993E-05
0.0133382 0.311414 0.0201836 0.0101492 0.0501125 0.592837 0.000308056 9.9991E-05 0.00155653
9.9964E-05 9.9964E-05 0.0323907 0.0194267 0.0278729 0.877507 9.9964E-05 0.0424023 9.9964E-05
9.9964E-05 9.9964E-05 0.0595115 0.00773336 0.251713 9.9964E-05 0.243049 0.437593 9.9964E-05
0.0609019 0.301242 0.0125706 0.0130236 0.107185 0.0665381 0.0941713 0.221984 0.122383
0.041951 0.38445 0.0523516 9.9973E-05 0.234335 9.9973E-05 0.0196075 0.267005 9.9973E-05
0.107526 0.122499 0.0268993 9.9991E-05 0.027369 0.0845598 0.209989 0.410072 0.0109858
0.0123319 0.474285 0.0308108 0.0525517 0.120934 0.0721689 9.9982E-05 0.236718 9.9982E-05
0.0483599 0.125647 0.0294155 0.0987896 0.170155 0.043724 0.234312 0.249497 9.9991E-05
9.9991E-05 0.452818 0.105633 0.0104296 0.134419 0.0273313 0.0824997 0.168622 0.0181463
9.9973E-05 0.23861 0.0471982 9.9973E-05 0.0695809 0.133321 0.124769 0.386221 9.9973E-05
0.109623 0.396643 0.0136733 9.9991E-05 0.00961242 0.0544014 0.140328 0.270904 0.00471561
0.057065 0.251068 9.9964E-05 9.9964E-05 9.9964E-05 0.135193 0.125212 0.431063 9.9964E-05
9.9973E-05 0.462743 0.0147552 0.0930933 0.250293 9.9973E-05 0.101816 0.0769998 9.9973E-05
9.9955E-05 0.0576086 9.9955E-05 9.9955E-05 0.854511 9.9955E-05 9.9955E-05 0.0557942 0.0315868
0.0680115 9.9964E-05 0.0217077 9.9964E-05 0.821567 0.0561305 0.0321838 9.9964E-05 9.9964E-05
0.0274162 9.9955E-05 9.9955E-05 9.9955E-05 0.892479 9.9955E-05 0.0426603 9.9955E-05 0.0369451
0.00721198 0.0438418 9.9955E-05 9.9955E-05 0.941185 9.9955E-05 9.9955E-05 9.9955E-05 0.00726135
0.114325 9.9955E-05 9.9955E-05 9.9955E-05 0.768035 0.0222017 9.9955E-05 9.9955E-05 0.0949382
0.0820714 9.9964E-05 0.0369613 9.9964E-05 0.751439 0.0364036 0.0927249 9.9964E-05 9.9964E-05
0.0400037 0.0418739 9.9964E-05 9.9964E-05 0.807532 0.0994782 0.0107121 9.9964E-05 9.9964E-05
0.0501712 9.9964E-05 0.0679873 0.010438 0.801773 9.9964E-05 0.0692305 9.9964E-05 9.9964E-05
0.00925749 0.0450671 9.9964E-05 0.00531608 0.858561 9.9964E-05 0.0813987 9.9964E-05 9.9964E-05
9.9955E-05 0.0138882 9.9955E-05 9.9955E-05 0.812204 0.0789569 0.0944513 9.9955E-05 9.9955E-05
0.0414836 9.9973E-05 0.00961745 0.114821 0.5629 0.00839023 9.9973E-05 9.9973E-05 0.262488
9.9973E-05 0.00265377 9.9973E-05 0.0695069 0.590752 0.000261036 0.0192377 9.9973E-05 0.317289
0.0288608 9.9973E-05 0.0691101 0.039932 0.489974 9.9973E-05 0.0730696 9.9973E-05 0.298754
9.9964E-05 9.9964E-05 0.0587763 0.10111 0.520566 9.9964E-05 9.9964E-05 0.0371632 0.281985
0.0164504 0.53627 9.9973E-05 0.239404 0.0426902 9.9973E-05 9.9973E-05 0.0639192 0.100967
9.9982E-05 0.547395 0.0348227 0.21238 0.0252763 0.0235663 9.9982E-05 0.115859 0.0405003
0.00075139 0.59528 9.9982E-05 0.195351 0.0390579 0.00575501 9.9982E-05 0.0577518 0.105852
0.0442659 0.373258 9.9973E-05 0.254669 0.0538082 9.9973E-05 0.00489452 9.9973E-05 0.268805
9.9973E-05 0.178174 0.0435022 0.0731272 9.9973E-05 0.00358178 9.9973E-05 0.0988883 0.602427
0.0352462 0.682237 0.0473978 0.132249 9.9973E-05 0.0380341 9.9973E-05 9.9973E-05 0.064536
9.9955E-05 0.576049 9.9955E-05 0.302515 9.9955E-05 9.9955E-05 0.00841022 9.9955E-05 0.112526
9.9964E-05 0.499763 9.9964E-05 0.311846 9.9964E-05 9.9964E-05 0.0200055 0.0691319 0.0988541
9.9973E-05 0.366832 0.0809363 0.469562 9.9973E-05 0.00905292 9.9973E-05 0.0624821 0.0108347
9.9982E-05 0.619942 9.9982E-05 0.112959 0.0432326 0.00267039 0.0776432 0.0196814 0.123672
0.028238 0.370776 0.0145165 0.431904 9.9982E-05 0.0124541 9.9982E-05 0.0299238 0.111988
0.000562916 9.9964E-05 0.17376 0.756316 0.0177646 9.9964E-05 9.9964E-05 9.9964E-05 0.051197
9.9973E-05 0.517001 9.9973E-05 0.195017 0.118923 9.9973E-05 0.0764792 0.00739391 0.0848867
9.9964E-05 0.215398 0.0351072 0.545368 9.9964E-05 9.9964E-05 0.119736 0.083991 9.9964E-05
0.00867547 0.532236 0.0376212 0.403534 0.0175333 9.9964E-05 9.9964E-05 9.9964E-05 9.9964E-05
9.9955E-05 0.114817 9.9955E-05 0.672119 0.0612555 9.9955E-05 9.9955E-05 9.9955E-05 0.151309
0.00848686 9.9964E-05 9.9964E-05 9.9964E-05 0.128317 9.9964E-05 0.0327046 0.174995 0.655097
9.9946E-05 9.9946E-05 9.9946E-05 9.9946E-05 0.0664467 9.9946E-05 9.9946E-05 0.33005 0.602904
0.0056334 9.9946E-05 9.9946E-05 9.9946E-05 9.9946E-05 9.9946E-05 9.9946E-05 0.282611 0.711156
9.9946E-05 9.9946E-05 9.9946E-05 9.9946E-05 0.0943631 9.9946E-05 9.9946E-05 0.180466 0.724571
0.007809 9.9955E-05 9.9955E-05 9.9955E-05 9.9955E-05 0.017016 9.9955E-05 0.252227 0.722449
9.9964E-05 0.0787913 9.9964E-05 9.9964E-05 0.0857752 0.0122269 9.9964E-05 0.0881136 0.734693
0.0652024 0.0531533 9.9964E-05 0.0277939 0.80082 0.0526307 9.9964E-05 9.9964E-05 9.9964E-05
9.9964E-05 0.0693831 9.9964E-05 9.9964E-05 0.783347 0.0312817 0.0428894 9.9964E-05 0.072699
0.068887 0.0894407 0.00399806 9.9973E-05 0.694513 0.110674 0.0321876 9.9973E-05 9.9973E-05
0.0257268 0.0787774 9.9964E-05 9.9964E-05 0.710792 0.103605 9.9964E-05 9.9964E-05 0.0806983
9.9955E-05 0.120253 9.9955E-05 9.9955E-05 0.794997 0.064871 0.0193798 9.9955E-05 9.9955E-05
0.0158246 9.9973E-05 9.9973E-05 0.00738867 0.383175 9.9973E-05 0.0216515 0.0763359 0.495325
0.0141661 9.9973E-05 0.055108 0.0497129 0.461667 9.9973E-05 9.9973E-05 0.101862 0.317183
9.9964E-05 9.9964E-05 0.0622171 0.109518 0.414999 0.00261623 9.9964E-05 9.9964E-05 0.41025
0.999201 9.993E-05 9.993E-05 9.993E-05 9.993E-05 9.993E-05 9.993E-05 9.993E-05 9.993E-05
9.9964E-05 9.9964E-05 0.0013123 0.10509 0.373081 9.9964E-05 9.9964E-05 0.0570971 0.463019
9.9964E-05 0.356578 0.0358646 9.9964E-05 0.117046 0.222635 0.267476 9.9964E-05 9.9964E-05
0.00192707 0.570928 9.9982E-05 0.0258598 0.196828 0.122721 0.0535795 9.9982E-05 0.0279571
0.0312677 0.569499 9.9955E-05 9.9955E-05 0.196354 0.202379 9.9955E-05 9.9955E-05 9.9955E-05
9.9982E-05 0.358482 0.00261033 0.0852393 0.204904 0.176351 0.121516 0.0506968 9.9982E-05
0.0379898 0.505257 0.0640256 0.00611788 0.167987 0.149817 0.0272862 0.00930385 0.0322153
0.00467564 9.9973E-05 0.0264903 9.9973E-05 0.365527 0.284484 0.280223 0.0383007 9.9973E-05
0.0131889 0.401086 0.0955458 0.102175 9.9973E-05 9.9973E-05 9.9973E-05 0.000884805 0.386819
9.9973E-05 0.319198 0.248184 0.147476 9.9973E-05 9.9973E-05 0.080519 0.05959 0.144733
0.0257798 0.337273 9.9982E-05 0.00724345 0.0196068 9.9982E-05 0.0826269 0.0372718 0.489998
9.9973E-05 0.4859 0.269055 0.13063 9.9973E-05 9.9973E-05 0.0409769 0.00132963 0.0718084
9.9955E-05 9.9955E-05 0.418947 0.241744 9.9955E-05 9.9955E-05 0.168124 9.9955E-05 0.170685
0.0253293 0.60462 0.013815 0.134696 0.00175565 9.9991E-05 0.118899 0.00477502 0.09601
0.0169972 0.536663 0.214199 9.9973E-05 9.9973E-05 9.9973E-05 0.0840668 0.0471121 0.100662
0.0336087 0.401186 9.9973E-05 0.119736 0.0055518 9.9973E-05 0.080311 9.9973E-05 0.359307
9.9991E-05 0.570655 0.0498528 0.0784267 0.0450581 0.0117396 0.0694153 0.0566191 0.118133
9.9973E-05 0.0979435 0.161215 0.234801 9.9973E-05 9.9973E-05 0.236127 0.0304195 0.239193
9.9973E-05 0.438192 0.159576 0.0469904 9.9973E-05 9.9973E-05 0.147905 0.136192 0.070845
9.9973E-05 0.525231 9.9973E-05 0.0873268 9.9973E-05 0.0300219 0.0609282 0.035945 0.260247
9.9982E-05 0.390102 9.9982E-05 0.155968 0.149193 0.178333 0.0501794 0.0345309 0.0414941
9.9964E-05 0.406646 0.233608 0.0251382 9.9964E-05 9.9964E-05 0.0977161 9.9964E-05 0.236492
9.9964E-05 0.434801 0.200402 0.0418415 0.0185507 9.9964E-05 9.9964E-05 9.9964E-05 0.304005
9.9973E-05 0.408609 0.138573 0.166786 9.9973E-05 0.0860706 9.9973E-05 0.163618 0.0360424
9.9964E-05 0.526117 0.117502 0.145132 9.9964E-05 9.9964E-05 0.107782 9.9964E-05 0.103066
0.0507859 0.678844 0.113453 9.9973E-05 9.9973E-05 9.9973E-05 0.0393233 0.048038 0.0692566
0.0203933 0.551563 0.0566335 9.9991E-05 0.111234 0.0328982 0.0218487 0.0023307 0.202999
0.00680334 0.588554 9.9982E-05 0.11317 0.0725684 0.0178935 0.103557 9.9982E-05 0.0972531
0.0254118 0.136896 9.9955E-05 9.9955E-05 0.747659 0.0895325 9.9955E-05 9.9955E-05 9.9955E-05
0.018628 0.0549798 0.0618265 9.9973E-05 0.801917 0.0416567 9.9973E-05 0.0206921 9.9973E-05
9.9982E-05 0.0707641 0.00924059 0.0157132 0.769124 9.9982E-05 0.0264041 0.0697587 0.0387957
9.9964E-05 0.0609584 9.9964E-05 0.0922494 0.81586 0.0171587 9.9964E-05 9.9964E-05 0.0133739
0.0708514 0.10029 9.9964E-05 9.9964E-05 0.775914 0.0484003 9.9964E-05 9.9964E-05 0.00414475
9.9964E-05 0.222058 9.9964E-05 0.149637 9.9964E-05 0.0459024 0.0767646 9.9964E-05 0.505238
0.0110286 0.563317 0.197733 0.0907756 0.105933 9.9982E-05 0.0123736 9.9982E-05 0.0186388
9.9982E-05 0.303069 9.9982E-05 0.0891631 0.163554 0.308362 0.0070319 0.116106 0.0125149
0.0486317 0.693213 9.9973E-05 0.0662069 9.9973E-05 0.0182244 0.0566126 9.9973E-05 0.116812
0.034978 0.577835 0.0841086 0.0891821 0.0131177 9.9982E-05 0.0390013 9.9982E-05 0.161577
9.9964E-05 0.327975 0.24436 9.9964E-05 9.9964E-05 0.0140858 0.130529 9.9964E-05 0.28265
0.040912 0.0720765 9.9973E-05 0.142725 0.0816344 9.9973E-05 0.139252 9.9973E-05 0.5231
0.0154905 0.52379 0.00298963 0.065046 9.9991E-05 0.0225397 0.0475869 0.058185 0.264272
0.0276245 0.158822 0.160453 0.0653558 0.0229168 0.079912 0.0323212 9.9991E-05 0.452495
0.0415165 0.290492 0.102819 0.125418 9.9991E-05 0.100671 0.0149771 0.104422 0.219584
0.0109709 0.146576 0.116631 0.0578527 0.133896 9.9982E-05 0.0489315 9.9982E-05 0.484942
0.0111492 0.619899 9.9973E-05 0.0264185 0.0733057 0.0445357 9.9973E-05 9.9973E-05 0.224392
0.0402319 0.176509 0.0564296 0.106177 0.0452867 0.0344977 9.9991E-05 0.0483858 0.492382
0.0213355 0.388837 0.036501 0.0848122 0.019538 0.0362732 0.114392 0.0629622 0.235349
9.9982E-05 0.3991 0.0554694 0.0510085 0.0166501 0.0498015 9.9982E-05 0.313718 0.114052
9.9973E-05 0.183352 0.1621 0.0393367 9.9973E-05 9.9973E-05 0.0433 0.562779 0.00883264
0.0110462 0.464682 0.0425571 0.0643629 0.051719 9.9982E-05 9.9982E-05 0.327784 0.0376487
9.9982E-05 0.519919 0.00544921 0.0652075 0.114673 0.00289168 0.00327792 0.288382 9.9982E-05
9.9964E-05 0.2087 0.097239 0.0469965 9.9964E-05 9.9964E-05 9.9964E-05 0.631833 0.0148311
0.00443686 0.52546 0.126369 0.056052 0.0780764 9.9982E-05 9.9982E-05 0.122729 0.0866764
9.9964E-05 0.473827 0.125863 0.0866394 9.9964E-05 9.9964E-05 0.121111 0.19216 9.9964E-05
9.9964E-05 9.9964E-05 0.134551 0.155343 9.9964E-05 9.9964E-05 0.0268789 0.663227 0.0196006
9.9964E-05 0.163234 0.0907647 0.154288 9.9964E-05 9.9964E-05 0.142439 0.448875 9.9964E-05
0.0345748 0.393843 0.0972439 0.0184336 0.0120766 9.9991E-05 0.0111567 0.392128 0.0404435
0.00208251 0.0816455 0.0927222 0.150939 9.9982E-05 9.9982E-05 0.0524017 0.512494 0.107515
9.9964E-05 0.405024 9.9964E-05 0.130242 9.9964E-05 9.9964E-05 0.0313554 0.347034 0.0859448
9.9973E-05 0.162236 0.0239289 0.110433 9.9973E-05 0.0150953 0.100299 9.9973E-05 0.587708
9.9964E-05 0.281665 0.31697 0.0364436 9.9964E-05 9.9964E-05 0.0740842 9.9964E-05 0.290438
0.0189074 0.367638 0.0204717 0.120386 9.9982E-05 0.0843813 0.0200076 9.9982E-05 0.368007
0.00709997 0.581308 0.0194313 9.9982E-05 9.9982E-05 0.0991405 0.0230225 0.0204844 0.249313
9.9964E-05 0.268834 0.055614 0.167912 9.9964E-05 9.9964E-05 0.0494281 9.9964E-05 0.457812
0.0515151 0.454958 0.144678 0.103937 0.000106917 0.0324449 0.0638142 9.9991E-05 0.148446
0.0323098 0.531946 9.9991E-05 0.00533092 0.0190379 0.0992144 0.0785821 0.0240761 0.209403
9.9982E-05 0.552421 0.0535805 0.0346966 0.0384315 0.0268763 0.0717473 9.9982E-05 0.222047
0.0368917 0.526933 0.0970044 0.00532114 9.9982E-05 0.0308445 9.9982E-05 0.0223095 0.280496
9.9964E-05 0.3964 9.9964E-05 0.229403 0.0646105 0.0576847 9.9964E-05 9.9964E-05 0.251502
9.9964E-05 0.276332 0.0287694 0.101906 9.9964E-05 0.0815685 9.9964E-05 9.9964E-05 0.511024
9.9964E-05 0.27202 0.102851 9.9964E-05 9.9964E-05 0.148068 9.9964E-05 0.00442853 0.472232
9.9955E-05 0.57297 0.135818 9.9955E-05 9.9955E-05 0.0369364 9.9955E-05 9.9955E-05 0.253776
0.0219785 0.676198 0.042149 9.9973E-05 0.0680845 9.9973E-05 0.104874 9.9973E-05 0.0864156
9.9964E-05 0.444608 0.0318756 0.121861 9.9964E-05 9.9964E-05 0.198743 9.9964E-05 0.202513
9.9982E-05 0.499442 0.126904 0.00945203 9.9982E-05 0.0573667 0.0717486 0.00709063 0.227796
0.0160304 0.35829 9.9973E-05 0.000321621 9.9973E-05 9.9973E-05 0.155863 0.0948233 0.374371
9.9982E-05 0.659958 0.0365437 0.0777111 0.0165852 0.0281601 0.0444796 9.9982E-05 0.136362
9.9982E-05 0.527599 0.0792801 0.0824885 0.0504562 0.0239937 0.0136101 9.9982E-05 0.222372
0.0292781 0.613465 9.9991E-05 0.0349506 0.0204319 0.0478477 0.0370613 0.0555008 0.161364
0.0460196 0.405421 0.00881797 0.0444561 0.276791 0.113715 0.0330196 0.0716597 9.9991E-05
0.0839497 0.433335 0.0330107 0.0922697 0.0565434 0.158923 0.141768 9.9982E-05 9.9982E-05
0.0599437 0.482422 0.0403513 0.0176985 0.0676425 0.134192 0.0616321 0.0858197 0.050298
0.000773004 0.607723 0.00801048 0.0388778 0.0584884 0.120077 0.150175 9.9991E-05 0.0157753
0.0464758 0.442246 0.0964033 0.0502208 0.135415 0.173947 0.0550911 9.9982E-05 9.9982E-05
0.00712911 0.397365 0.303023 0.0531941 9.9982E-05 9.9982E-05 0.0220467 0.0265053 0.190537
0.013495 0.497351 0.0284354 0.0249451 0.18136 0.0752939 0.0864084 0.052627 0.0400844
9.9982E-05 0.0309998 0.0205998 0.200229 0.15044 0.0720772 0.404751 0.120703 9.9982E-05
0.0468832 0.480568 0.0256267 0.065867 0.0808862 0.155715 0.0135369 0.029643 0.101274
0.0305171 0.514215 0.057976 0.0270319 0.121379 0.117535 0.0611772 0.021548 0.0486213
0.0293252 0.52374 9.9991E-05 0.0739711 0.0746087 0.19481 0.0226191 0.0140064 0.0668197
0.047342 0.369546 0.0727806 0.0276286 0.0486512 0.0488555 0.267459 9.9991E-05 0.117637
9.9964E-05 0.580137 9.9964E-05 0.0172192 0.197479 0.081526 0.123239 9.9964E-05 9.9964E-05
0.0337407 0.593512 0.0687909 9.9982E-05 0.119336 0.0943274 0.0843432 0.00575055 9.9982E-05
0.0543186 9.9973E-05 0.0282686 0.0479185 0.347411 0.115476 0.406307 9.9973E-05 9.9973E-05
0.0527844 0.518619 0.0199411 9.9982E-05 0.125598 0.191465 0.0636895 9.9982E-05 0.0277026
0.0522559 0.396338 0.123124 0.0394979 0.113312 0.211746 9.9982E-05 0.063526 9.9982E-05
0.00183453 0.598028 9.9991E-05 0.0616519 0.0417708 0.0826523 0.147329 0.0145021 0.0521313
9.9955E-05 0.635533 9.9955E-05 9.9955E-05 0.1781 0.0233509 0.162516 9.9955E-05 9.9955E-05
0.0601776 0.510622 0.0344974 0.00439902 0.150263 0.0688466 0.0751221 0.0586097 0.0374625
0.00621769 0.334413 0.459523 0.0162253 0.0265757 0.0848054 9.9991E-05 0.0315349 0.0406047
0.0181386 0.419815 0.224395 9.9982E-05 0.0832676 0.0591106 9.9982E-05 0.107728 0.0873458
9.9955E-05 9.9955E-05 0.767922 0.155671 9.9955E-05 9.9955E-05 9.9955E-05 0.00503099 0.0708763
9.9964E-05 9.9964E-05 0.849475 0.123622 0.00117043 9.9964E-05 0.000798028 9.9964E-05 0.024535
0.0479778 0.4609 0.253541 9.9991E-05 0.0305718 0.0939578 0.0412535 0.0302329 0.0414655
9.9964E-05 0.436898 0.0653855 9.9964E-05 0.105746 0.218687 0.172884 9.9964E-05 9.9964E-05
0.000322425 0.286651 0.155833 9.9973E-05 0.066046 0.311375 0.179473 9.9973E-05 9.9973E-05
9.9982E-05 0.0914557 0.196139 9.9982E-05 0.134705 0.316347 0.195343 0.00617847 0.0596312
0.024764 0.374841 0.142171 9.9973E-05 0.161042 0.161628 0.135255 9.9973E-05 9.9973E-05
9.9973E-05 0.0548707 0.689278 9.9973E-05 0.021627 0.00824647 0.161585 0.0640929 9.9973E-05
0.0395651 0.194051 0.554914 9.9964E-05 9.9964E-05 0.0464625 0.164608 9.9964E-05 9.9964E-05
9.9955E-05 0.477319 0.368897 9.9955E-05 9.9955E-05 0.125218 9.9955E-05 0.028066 9.9955E-05
9.9955E-05 0.368618 0.453002 9.9955E-05 0.0958496 0.0820303 9.9955E-05 9.9955E-05 9.9955E-05
0.0522591 0.131408 0.635394 9.9964E-05 9.9964E-05 0.112852 0.0676869 9.9964E-05 9.9964E-05
9.9982E-05 0.386836 0.277344 9.9982E-05 0.0361683 0.151172 0.0585141 0.0775051 0.0122606
9.9964E-05 0.411362 0.406973 9.9964E-05 0.0177404 0.134073 0.0294515 9.9964E-05 9.9964E-05
0.000487452 0.426468 0.132384 9.9991E-05 0.118594 0.128368 0.0141172 0.0781958 0.101285
0.0264737 0.283547 0.586862 9.9964E-05 9.9964E-05 9.9964E-05 9.9964E-05 0.0041758 0.0985408
0.0231668 0.30644 0.416029 0.0619227 9.9982E-05 0.0626557 9.9982E-05 0.0699332 0.0596521
0.0403922 0.478346 0.333957 0.037469 0.0331746 9.9991E-05 0.00359684 0.0186277 0.0543371
0.0107467 0.304524 0.330802 0.0314408 0.0467557 0.0922598 9.9991E-05 0.108116 0.0752552
0.00860849 0.454928 0.171755 0.0212237 9.9982E-05 0.085796 0.191087 9.9982E-05 0.0664018
9.9946E-05 0.432483 0.400428 9.9946E-05 9.9946E-05 9.9946E-05 9.9946E-05 0.16649 9.9946E-05
9.9955E-05 0.189255 0.739732 9.9955E-05 9.9955E-05 9.9955E-05 9.9955E-05 0.0171951 0.0533181
9.9964E-05 0.552068 0.363663 0.0228085 0.0238104 9.9964E-05 9.9964E-05 0.0372509 9.9964E-05
9.9973E-05 0.175895 0.724425 0.0569844 0.0144604 0.0028232 9.9973E-05 9.9973E-05 0.025112
0.0127664 0.396395 0.550463 0.00772913 9.9964E-05 9.9964E-05 9.9964E-05 0.0322468 9.9964E-05
0.015206 0.573321 0.245718 0.0833508 0.0229706 0.0219104 0.0284448 0.00897874 9.9991E-05
0.0165763 0.480554 0.193826 0.146802 0.0947418 9.9973E-05 9.9973E-05 9.9973E-05 0.0671996
9.9982E-05 0.460408 9.9982E-05 0.0443173 0.1473 0.174283 0.0605122 0.100555 0.0124248
9.9991E-05 0.463265 0.139321 0.00156111 0.121514 0.0690111 0.0654824 0.0213068 0.118439
9.9982E-05 0.330988 0.0883584 9.9982E-05 0.134339 0.233233 0.089745 0.0788324 0.044304
0.0779044 0.282302 0.0997533 9.9991E-05 0.104718 0.177356 0.0889701 0.105273 0.0636232
9.9982E-05 0.323908 0.0151011 0.0029875 0.101139 0.317155 9.9982E-05 0.205725 0.0337843
0.0873948 0.415099 0.203255 9.9982E-05 0.0127728 0.0704106 0.106228 0.104641 9.9982E-05
0.0314635 9.9964E-05 0.6194 9.9964E-05 0.135936 0.105128 0.107672 9.9964E-05 9.9964E-05
0.0677506 0.480913 0.0753606 9.9982E-05 0.0138318 0.194865 9.9982E-05 0.141091 0.0259874
0.0186745 9.9964E-05 0.483753 9.9964E-05 0.33209 0.0455057 0.119577 9.9964E-05 9.9964E-05
9.9964E-05 0.525429 0.253434 9.9964E-05 0.0853231 0.108514 0.0269004 9.9964E-05 9.9964E-05
9.9946E-05 0.0242308 0.864123 0.111047 9.9946E-05 9.9946E-05 9.9946E-05 9.9946E-05 9.9946E-05
0.00373308 9.9946E-05 0.857788 0.137879 9.9946E-05 9.9946E-05 9.9946E-05 9.9946E-05 9.9946E-05
0.0168708 0.415986 0.494642 0.0611223 9.9964E-05 9.9964E-05 9.9964E-05 9.9964E-05 0.010979
9.9937E-05 0.570588 0.428713 9.9937E-05 9.9937E-05 9.9937E-05 9.9937E-05 9.9937E-05 9.9937E-05
9.9955E-05 0.374421 0.592347 9.9955E-05 9.9955E-05 9.9955E-05 9.9955E-05 0.00987509 0.022858
0.0195848 0.47602 0.442472 0.0440399 0.000839417 0.0167439 9.9973E-05 9.9973E-05 9.9973E-05
9.9946E-05 0.429653 0.527352 0.0423953 9.9946E-05 9.9946E-05 9.9946E-05 9.9946E-05 9.9946E-05
0.0617866 0.00813341 0.0572323 9.9973E-05 0.744337 0.092701 0.03551 9.9973E-05 9.9973E-05
0.0286595 9.9982E-05 0.0155143 0.0139358 0.65314 0.166861 9.9982E-05 0.0190877 0.102602
0.0386873 9.9964E-05 9.9964E-05 9.9964E-05 0.877512 0.0495915 0.00574538 9.9964E-05 0.0280636
0.132954 0.0209802 0.0122285 9.9964E-05 0.807872 9.9964E-05 0.0255659 9.9964E-05 9.9964E-05
0.0492712 0.421021 0.0200592 0.372818 9.9982E-05 0.00969798 0.100317 9.9982E-05 0.0266157
9.9955E-05 0.484837 0.0435287 0.409693 0.0614424 9.9955E-05 9.9955E-05 9.9955E-05 9.9955E-05
0.031553 0.501691 9.9955E-05 0.461042 9.9955E-05 9.9955E-05 9.9955E-05 9.9955E-05 0.00521439
0.0632291 0.552761 9.9964E-05 0.194753 0.0157297 9.9964E-05 9.9964E-05 0.173127 9.9964E-05
9.9991E-05 0.354941 0.0417078 0.197213 0.0428544 0.112813 0.0217075 0.0994165 0.129246
9.9982E-05 0.232005 0.0368437 0.515488 0.0200057 9.9982E-05 0.00976215 0.089208 0.0964869
0.0449483 0.593438 0.0276172 0.312125 9.9964E-05 0.0214718 9.9964E-05 9.9964E-05 9.9964E-05
0.0290844 0.298376 0.0637539 0.510064 9.9964E-05 9.9964E-05 9.9964E-05 0.0983215 9.9964E-05
0.00560143 0.519417 0.00900736 9.9991E-05 0.232729 0.0710996 0.0793347 0.0720622 0.010648
9.9973E-05 0.470131 0.0949982 0.294617 9.9973E-05 0.0125772 0.0596093 9.9973E-05 0.0677672
0.023903 0.395365 9.9955E-05 0.464576 9.9955E-05 9.9955E-05 9.9955E-05 9.9955E-05 0.115656
9.9955E-05 0.531002 0.079445 0.315421 9.9955E-05 9.9955E-05 9.9955E-05 9.9955E-05 0.0736325
0.0149639 0.43332 0.0929632 0.418121 9.9964E-05 9.9964E-05 9.9964E-05 9.9964E-05 0.0402316
9.9964E-05 0.583513 0.0538884 0.277122 9.9964E-05 9.9964E-05 0.061048 0.0240293 9.9964E-05
9.9955E-05 0.559625 0.0549747 0.301053 0.0838478 9.9955E-05 9.9955E-05 9.9955E-05 9.9955E-05
9.9946E-05 0.114703 0.0210256 0.863672 9.9946E-05 9.9946E-05 9.9946E-05 9.9946E-05 9.9946E-05
0.0221784 0.290223 0.0629109 0.570959 9.9973E-05 9.9973E-05 0.0299994 0.0234289 9.9973E-05
0.034721 0.330615 9.9982E-05 0.536971 0.0449128 0.0146768 0.0284195 9.9982E-05 0.00948409
9.9946E-05 9.9946E-05 0.0629247 0.876888 9.9946E-05 9.9946E-05 0.0595877 9.9946E-05 9.9946E-05
0.0394599 0.452852 0.0759741 0.263136 0.0312988 0.0221119 9.9982E-05 9.9982E-05 0.114968
9.9964E-05 0.0938719 0.00175635 0.581346 9.9964E-05 9.9964E-05 0.102547 0.220079 9.9964E-05
9.9946E-05 9.9946E-05 0.0425047 0.787033 9.9946E-05 9.9946E-05 0.169863 9.9946E-05 9.9946E-05
0.020244 0.603383 9.9964E-05 0.285635 9.9964E-05 9.9964E-05 0.0559382 9.9964E-05 0.0344007
0.00485243 0.216203 9.9973E-05 0.6348 0.0541724 9.9973E-05 9.9973E-05 0.0623262 0.0273463
9.9964E-05 0.353431 9.9964E-05 0.427993 9.9964E-05 0.0697618 9.9964E-05 0.0777337 0.0706802
0.0774999 0.567316 0.0948544 0.16315 9.9973E-05 0.0283576 9.9973E-05 9.9973E-05 0.0685229
9.9964E-05 0.588153 9.9964E-05 0.265928 9.9964E-05 9.9964E-05 0.0190345 0.00805799 0.118427
9.9973E-05 0.392137 0.161577 0.0408 9.9973E-05 0.00990237 0.10102 9.9973E-05 0.294264
0.0173542 0.554494 0.0159023 0.310815 9.9982E-05 0.0141739 9.9982E-05 0.0711582 0.0159017
0.0243944 0.506808 9.9973E-05 0.33736 0.0413532 9.9973E-05 9.9973E-05 0.0621529 0.0276317
9.9946E-05 0.307236 9.9946E-05 0.619348 9.9946E-05 9.9946E-05 9.9946E-05 0.0728167 9.9946E-05
0.0412668 0.374036 0.102869 0.218583 9.9973E-05 0.0817926 9.9973E-05 0.181152 9.9973E-05
0.0478548 9.9973E-05 9.9973E-05 0.0319179 0.58158 0.0118548 9.9973E-05 0.0811904 0.245302
0.0639623 0.0096095 0.000703516 0.071788 0.666024 0.018926 0.087532 9.9991E-05 0.0813545
0.12371 9.9964E-05 9.9964E-05 0.0295365 0.65135 9.9964E-05 0.0625335 9.9964E-05 0.132471
0.0897443 9.9973E-05 0.0384436 0.00662452 0.727558 9.9973E-05 0.0224212 9.9973E-05 0.114908
0.066119 9.9955E-05 9.9955E-05 9.9955E-05 0.647124 9.9955E-05 9.9955E-05 0.17837 0.107887
9.9964E-05 0.182884 9.9964E-05 0.64549 0.077999 0.0087438 9.9964E-05 9.9964E-05 0.0844835
0.0222823 0.100585 9.9982E-05 0.64065 0.0269558 9.9982E-05 0.0319555 0.0912206 0.086151
9.9964E-05 0.137456 0.0642949 0.736978 9.9964E-05 0.00695082 9.9964E-05 0.0539203 9.9964E-05
