9.9964E-05 0.0509186 9.9964E-05 9.9964E-05 9.9964E-05 0.093106 0.0221378 0.111412 0.722026
9.9964E-05 0.0302407 9.9964E-05 0.0151122 0.00709801 9.9964E-05 9.9964E-05 0.143127 0.804022
0.0846541 0.0835488 9.9973E-05 9.9973E-05 9.9973E-05 0.035117 0.0353767 0.0346849 0.726319
9.9973E-05 0.050565 0.0991909 9.9973E-05 9.9973E-05 0.0266544 0.0844588 0.076211 0.66262
9.9955E-05 9.9955E-05 9.9955E-05 9.9955E-05 9.9955E-05 0.0583572 0.0904569 0.131999 0.718687
9.9946E-05 9.9946E-05 9.9946E-05 9.9946E-05 0.00384329 9.9946E-05 0.0552525 0.940305 9.9946E-05
9.993E-05 9.993E-05 9.993E-05 9.993E-05 9.993E-05 9.993E-05 9.993E-05 0.999201 9.993E-05
9.9955E-05 0.0177793 9.9955E-05 9.9955E-05 9.9955E-05 0.0214373 9.9955E-05 0.872024 0.0882592
9.99729E-05 0.0334736 9.99729E-05 0.0612818 0.0593542 0.0441931 9.99729E-05 0.0523914 0.749006
0.00142345 0.024487 9.9964E-05 9.9964E-05 9.9964E-05 9.9964E-05 0.0466926 0.906152 0.020845
9.99369E-05 9.99369E-05 9.99369E-05 9.99369E-05 9.99369E-05 9.99369E-05 9.99369E-05 0.82464 0.17466
0.0639103 9.9964E-05 0.74327 0.0557265 9.9964E-05 9.9964E-05 0.035584 0.101109 9.9964E-05
0.394076 0.0127062 0.431136 0.00733541 0.00498085 0.0451886 0.104377 9.9982E-05 9.9982E-05
0.182122 9.9973E-05 0.715779 9.9973E-05 0.0294957 9.9973E-05 0.0111236 0.0438055 0.0173747
0.170228 9.9955E-05 0.69502 9.9955E-05 9.9955E-05 9.9955E-05 0.0965188 9.9955E-05 0.0377336
0.206768 9.9973E-05 0.384524 0.086591 9.9973E-05 9.9973E-05 0.159964 0.118796 0.0430571
0.42409 0.0385326 0.302641 9.9973E-05 9.9973E-05 9.9973E-05 0.136052 0.066083 0.0323018
0.366945 0.0530556 0.472608 9.9964E-05 0.0299807 9.9964E-05 0.0770107 9.9964E-05 9.9964E-05
0.101262 9.9964E-05 0.661857 0.0213204 9.9964E-05 9.9964E-05 0.0703072 9.9964E-05 0.144854
9.9946E-05 9.9946E-05 0.816726 9.9946E-05 0.0440144 9.9946E-05 9.9946E-05 0.13866 9.9946E-05
0.290713 0.0279599 0.424708 0.121404 0.0180381 9.9991E-05 0.0694299 0.0388402 0.00880669
0.355714 0.056373 0.287747 0.0832663 0.129814 0.00734673 0.0709287 0.00870957 9.9991E-05
0.454479 9.9973E-05 0.282927 0.0255258 9.9973E-05 0.141586 0.0542052 9.9973E-05 0.0409777
0.0335249 0.00305017 0.674745 0.0729726 9.9973E-05 9.9973E-05 0.110035 0.105372 9.9973E-05
0.472596 0.0262963 0.246895 9.9982E-05 9.9982E-05 0.0420734 0.10954 0.0301595 0.0722397
0.421412 0.0242102 0.412167 9.9973E-05 9.9973E-05 9.9973E-05 0.0985123 0.0118424 0.0315557
0.0007929 0.0139076 0.796122 0.0342967 9.9991E-05 0.0153654 0.0806082 0.0485305 0.0102764
9.9946E-05 9.9946E-05 0.751365 9.9946E-05 9.9946E-05 9.9946E-05 0.174233 0.0738023 9.9946E-05
0.105729 9.9973E-05 0.711123 0.0297759 0.0526142 9.9973E-05 0.0190414 0.0814165 9.9973E-05
9.993E-05 0.999201 9.993E-05 9.993E-05 9.993E-05 9.993E-05 9.993E-05 9.993E-05 9.993E-05
9.993E-05 0.999201 9.993E-05 9.993E-05 9.993E-05 9.993E-05 9.993E-05 9.993E-05 9.993E-05
0.024021 0.364786 0.0420368 0.00895789 9.9982E-05 9.9982E-05 0.0500868 0.0343246 0.475587
0.0648211 0.29498 9.9973E-05 0.00613047 9.9973E-05 9.9973E-05 0.127534 0.0683568 0.437878
0.524307 0.00613575 0.190544 0.152548 9.9973E-05 0.0504298 9.9973E-05 9.9973E-05 0.0757354
0.433321 0.0473882 0.227983 0.156898 9.9982E-05 0.0348662 9.9982E-05 0.0584552 0.0408884
0.49171 9.9964E-05 0.0702714 0.331259 9.9964E-05 9.9964E-05 0.0623527 0.044007 9.9964E-05
0.00529458 9.9982E-05 0.589607 0.114601 9.9982E-05 0.179802 0.0171075 0.0314885 0.0619003
0.213357 0.0036388 9.9973E-05 0.638254 0.0556968 9.9973E-05 0.0407403 9.9973E-05 0.0480134
0.327358 9.9973E-05 0.0947695 0.278043 9.9973E-05 0.0750375 0.125877 9.9973E-05 0.0986158
0.613568 0.0712674 9.9964E-05 0.292036 9.9964E-05 9.9964E-05 0.0179478 9.9964E-05 0.00478155
0.50221 0.0547742 0.0406034 0.151759 0.0130089 0.0413266 0.0616963 0.134522 9.9991E-05
0.627851 0.0362297 0.0462842 0.0751068 0.0242197 0.0676529 9.9991E-05 0.0257857 0.0967704
0.0288136 0.0294629 0.203121 0.710059 0.0281435 9.9964E-05 9.9964E-05 9.9964E-05 9.9964E-05
0.566912 0.00209815 0.0517989 0.0686557 0.068015 0.0116542 0.0847133 0.0903966 0.0557559
0.49288 0.028473 9.9982E-05 0.291038 0.0368137 0.0931606 0.0481529 9.9982E-05 0.00928237
0.543015 0.0606935 0.0266946 0.141493 9.9982E-05 0.0305819 0.0319704 9.9982E-05 0.165352
0.285022 0.0111613 9.9973E-05 0.681436 0.00417676 0.00539887 9.9973E-05 9.9973E-05 0.012505
0.542734 0.0261618 9.9964E-05 0.250306 9.9964E-05 9.9964E-05 0.0345486 9.9964E-05 0.14585
0.44345 9.9973E-05 9.9973E-05 0.197178 9.9973E-05 0.153612 0.146067 0.0214724 0.037921
9.9946E-05 9.9946E-05 9.9946E-05 0.559336 0.339614 9.9946E-05 9.9946E-05 9.9946E-05 0.100451
0.0895349 9.9973E-05 0.362341 0.176341 0.159387 0.173444 9.9973E-05 0.0386517 9.9973E-05
0.0350181 9.9982E-05 0.304752 0.158461 0.357746 0.00622917 0.00422338 0.13337 9.9982E-05
0.451633 0.043032 0.259267 0.0452194 0.0242763 0.0420001 0.0706108 0.0638616 9.9991E-05
0.521008 9.9982E-05 0.195274 0.0155271 0.062771 9.9982E-05 0.0551471 0.0498583 0.100215
0.603871 9.9991E-05 0.0694511 0.0593332 0.0389903 0.100381 0.0168749 0.0136424 0.0973562
0.0830529 0.0381393 0.456975 0.152388 0.101688 0.113608 9.9991E-05 0.0408947 0.0131538
0.568571 0.0421607 0.234638 0.0323416 9.9973E-05 0.0766785 9.9973E-05 9.9973E-05 0.0453105
0.558025 0.00436835 0.253992 9.9973E-05 9.9973E-05 9.9973E-05 0.063745 0.0769323 0.0426376
0.177873 0.0144204 0.251849 0.234305 0.0396682 0.0523762 0.0249912 0.112225 0.0922914
9.9991E-05 0.0225295 0.339285 0.170101 0.12625 0.0843447 0.01905 0.102944 0.135396
0.474647 0.0283392 0.219051 0.0987542 0.00686002 0.0685106 0.0401517 0.0316562 0.0320293
0.350481 0.0350659 0.263904 0.134942 0.0367671 0.0626799 0.0361666 9.9991E-05 0.0798946
9.9973E-05 0.0381392 0.640964 0.0622675 0.107632 0.0765397 9.9973E-05 0.0741571 9.9973E-05
0.473156 9.9973E-05 0.332707 0.0640862 0.104545 0.0209621 9.9973E-05 9.9973E-05 0.00424461
0.657995 0.00957783 0.104699 0.0560389 0.0884366 0.00721592 0.0621665 0.0137702 9.9991E-05
0.484964 0.0877224 0.102562 0.0213426 0.155017 0.0344952 0.0558988 0.0528752 0.00512239
0.197538 0.0714632 0.335145 0.117165 0.180313 0.0538224 0.0443542 9.9982E-05 9.9982E-05
0.32487 0.0685566 0.348221 0.121228 0.012 9.9982E-05 0.0854945 0.0394301 9.9982E-05
0.53852 0.0114603 0.114698 0.0968155 9.9991E-05 0.100758 0.0311062 0.0231101 0.0834314
0.104875 0.0649501 0.464482 0.110504 0.217813 0.0370761 9.9973E-05 9.9973E-05 9.9973E-05
0.548823 0.0197025 0.00650553 0.414242 9.9964E-05 0.0103271 9.9964E-05 9.9964E-05 9.9964E-05
0.0852483 0.0382353 0.159229 0.678504 9.9964E-05 9.9964E-05 9.9964E-05 0.0383829 9.9964E-05
0.456219 9.9982E-05 9.9982E-05 0.250712 0.0014087 0.131238 0.0645068 0.0439171 0.0517988
9.9964E-05 0.00329766 9.9964E-05 0.829898 0.134566 9.9964E-05 0.0122267 0.0196114 9.9964E-05
9.9946E-05 9.9946E-05 0.0366776 0.780045 0.182677 9.9946E-05 9.9946E-05 9.9946E-05 9.9946E-05
0.200774 9.9955E-05 9.9955E-05 0.751632 9.9955E-05 9.9955E-05 0.0454626 9.9955E-05 0.00163115
0.360597 0.0415271 9.9955E-05 0.593965 9.9955E-05 9.9955E-05 9.9955E-05 0.0034108 9.9955E-05
0.468807 0.00404303 0.0238419 0.29838 0.033056 0.0043451 0.0585395 9.9991E-05 0.108887
0.365113 0.023587 0.0964676 0.400634 9.9973E-05 0.0410185 0.07288 9.9973E-05 9.9973E-05
0.0853566 9.9982E-05 0.116721 0.650132 9.9982E-05 0.0507398 0.0294134 0.0443371 0.0231002
0.133969 0.00184897 0.132611 0.513428 9.9973E-05 0.095486 9.9973E-05 0.122357 9.9973E-05
0.457724 9.9982E-05 0.0083058 0.219448 9.9982E-05 0.131691 0.0767461 0.0344107 0.0714747
0.138705 0.0242751 0.159966 0.586945 9.9973E-05 9.9973E-05 0.0559219 0.0338874 9.9973E-05
0.362176 0.0535635 0.065348 0.458693 9.9973E-05 0.00457763 9.9973E-05 0.0553422 9.9973E-05
0.37349 9.9946E-05 9.9946E-05 0.587608 0.0383025 9.9946E-05 9.9946E-05 9.9946E-05 9.9946E-05
9.9946E-05 9.9946E-05 9.9946E-05 0.693872 0.292485 9.9946E-05 0.0130426 9.9946E-05 9.9946E-05
0.562745 0.0508698 9.9973E-05 0.281673 0.0302564 0.0113821 0.0627742 9.9973E-05 9.9973E-05
0.0585759 0.0452364 0.0760552 9.9973E-05 9.9973E-05 9.9973E-05 0.0263055 0.0482986 0.745228
0.0912814 0.100145 9.9946E-05 9.9946E-05 9.9946E-05 9.9946E-05 9.9946E-05 9.9946E-05 0.807974
0.0694899 0.121113 9.9955E-05 9.9955E-05 9.9955E-05 9.9955E-05 0.0203125 9.9955E-05 0.788585
0.0947835 0.071271 9.9955E-05 9.9955E-05 0.00287267 9.9955E-05 9.9955E-05 9.9955E-05 0.830573
0.0748831 0.0914288 9.9973E-05 0.0503044 9.9973E-05 9.9973E-05 0.00718211 0.0446309 0.731271
0.066453 0.0504482 9.9973E-05 9.9973E-05 0.0043997 0.00129117 9.9973E-05 0.0611735 0.815934
0.0261257 0.0656125 9.9964E-05 9.9964E-05 9.9964E-05 9.9964E-05 0.00410479 0.0932703 0.810487
0.421857 0.00812279 0.0486772 0.252845 0.022573 0.00711548 0.104833 0.0956576 0.0383193
0.603788 9.9973E-05 9.9973E-05 0.129261 0.0271463 0.0894674 0.117323 9.9973E-05 0.032714
9.9964E-05 9.9964E-05 0.098494 0.812337 0.0698033 0.0133987 9.9964E-05 0.00556758 9.9964E-05
0.585858 9.9982E-05 0.111897 0.116989 0.079078 9.9982E-05 0.000669253 0.0387247 0.0665834
0.355755 0.00214506 0.137862 0.443706 9.9973E-05 9.9973E-05 9.9973E-05 0.0410527 0.0191791
0.538479 9.9973E-05 9.9973E-05 0.250295 0.0089828 0.0664359 0.0497867 9.9973E-05 0.0857207
0.515346 0.0208758 0.039236 0.260145 0.079768 9.9982E-05 0.00623922 9.9982E-05 0.0781899
0.369568 0.0509416 9.9973E-05 0.476654 9.9973E-05 0.00867087 0.0881295 9.9973E-05 0.00573641
9.9964E-05 9.9964E-05 0.260378 0.641552 9.9964E-05 0.015783 9.9964E-05 0.0138989 0.0679882
0.466169 0.0368433 0.0650249 0.198678 9.9982E-05 9.9982E-05 0.0455569 0.124746 0.0627822
0.667158 0.0199229 0.105879 0.131866 9.9973E-05 9.9973E-05 9.9973E-05 0.011596 0.0632775
0.510429 0.0102459 0.00618971 0.115343 0.0195357 0.113761 0.150234 0.0503908 0.023872
0.275277 0.0510191 0.0410896 0.465494 0.16672 9.9964E-05 9.9964E-05 9.9964E-05 9.9964E-05
0.397647 0.0547354 9.9982E-05 0.473872 0.00162377 0.00359585 0.0160222 0.0523034 9.9982E-05
0.419313 0.0195045 0.127688 0.37179 9.9964E-05 9.9964E-05 9.9964E-05 9.9964E-05 0.0613048
0.203572 9.9955E-05 9.9955E-05 0.629801 9.9955E-05 0.0161861 0.149941 9.9955E-05 9.9955E-05
0.412112 0.000117232 0.0718047 0.415279 9.9982E-05 0.00612754 9.9982E-05 0.0234628 0.0708964
0.48503 0.00511934 0.115071 0.10593 9.9982E-05 0.0889688 0.0644972 9.9982E-05 0.135183
0.174939 0.0322359 0.418987 9.9982E-05 0.27377 0.0706789 9.9982E-05 0.0275129 0.00167652
0.327878 0.0165668 0.206647 9.9982E-05 0.0358095 0.207253 0.116733 9.9982E-05 0.0889126
0.476622 0.0260165 0.227227 0.00963554 0.0516086 0.0616235 0.100682 0.0103957 0.0361896
0.609659 0.026066 9.9982E-05 0.148528 0.0941232 0.0635262 0.00433239 9.9982E-05 0.0535648
0.43613 0.0587164 0.409679 9.9973E-05 0.0179804 0.0644665 9.9973E-05 0.0127277 9.9973E-05
0.469646 0.0118398 0.312997 9.9973E-05 9.9973E-05 0.0840565 0.0592194 9.9973E-05 0.0619415
0.463025 9.9964E-05 0.37707 9.9964E-05 0.0260358 0.0988665 9.9964E-05 9.9964E-05 0.0346023
0.39575 0.00894645 0.141992 0.17972 0.0777291 0.124656 0.0546974 9.9991E-05 0.0164077
0.513948 9.9991E-05 0.164757 0.0590609 0.051649 0.0350097 0.0451106 0.0350318 0.0953332
0.579648 9.9964E-05 0.292497 0.00422949 0.0336931 9.9964E-05 9.9964E-05 9.9964E-05 0.089533
0.510143 9.9955E-05 0.316815 0.00979294 9.9955E-05 0.162749 9.9955E-05 9.9955E-05 9.9955E-05
0.666488 0.0374394 0.014133 0.0275986 0.0801365 0.081169 0.0151289 9.9991E-05 0.0778068
0.535498 9.9991E-05 0.0703826 0.0227727 0.0447548 0.106339 0.0687866 0.116984 0.0343819
0.549468 9.9964E-05 0.30142 9.9964E-05 0.0376961 0.0496143 0.0614015 9.9964E-05 9.9964E-05
0.549347 0.00872293 0.07703 0.060898 0.0682395 0.15259 0.0696995 9.9991E-05 0.0133722
0.54885 0.0288642 0.251664 0.0399638 0.045012 0.0263896 0.059056 9.9982E-05 9.9982E-05
0.344702 0.0500241 0.249684 9.9982E-05 0.193224 0.0470983 0.0220378 9.9982E-05 0.0930303
0.568794 0.0186691 0.201698 0.0199004 0.0085472 0.0555801 0.0634596 0.063251 9.9991E-05
0.63734 0.000291434 0.161974 9.9973E-05 0.08837 0.0995578 9.9973E-05 9.9973E-05 0.0121674
0.190787 9.9982E-05 0.420384 0.15066 0.0323257 0.0986738 0.049878 0.057092 9.9982E-05
0.187656 9.9973E-05 0.306446 9.9973E-05 0.361097 0.0864753 0.0193324 9.9973E-05 0.0386935
0.532842 0.0629899 0.246169 0.0716171 9.9973E-05 0.0742303 9.9973E-05 9.9973E-05 0.011852
0.118536 0.0176822 0.0675671 0.192996 0.400089 0.202829 9.9973E-05 9.9973E-05 9.9973E-05
0.155561 0.0281022 0.507374 0.0884448 9.9973E-05 0.133948 9.9973E-05 9.9973E-05 0.0862709
0.41831 9.9973E-05 0.349467 0.0534079 0.0457135 0.063623 9.9973E-05 9.9973E-05 0.0691793
0.231911 0.0430913 0.447975 0.127697 0.0216268 0.127399 9.9973E-05 9.9973E-05 9.9973E-05
0.239453 9.9973E-05 0.498641 0.0498367 0.0425177 0.124389 9.9973E-05 9.9973E-05 0.0448622
0.691303 0.0851629 0.0932555 0.00891512 0.0749244 0.0316744 9.9982E-05 9.9982E-05 0.0145645
0.492777 9.9973E-05 0.0904702 9.9973E-05 0.0791735 0.176752 0.0601013 9.9973E-05 0.100425
0.457659 0.0204874 0.199305 0.0809462 0.0836913 0.0653227 0.0399513 9.9991E-05 0.0525378
0.0624494 0.00391272 0.464794 0.074943 0.30053 0.0691363 0.0240344 9.9982E-05 9.9982E-05
0.388333 9.9973E-05 9.9973E-05 0.1663 9.9973E-05 0.230591 0.0836992 0.0248617 0.105915
0.431787 0.00782962 0.132627 0.149683 0.12756 0.0430321 0.037254 0.0577551 0.0124713
0.0554837 0.00169541 0.000102147 0.164303 0.479605 0.111179 9.9991E-05 0.073573 0.113959
0.61526 0.0186214 0.0449594 0.0957094 0.0549739 9.9982E-05 0.0436639 9.9982E-05 0.126612
0.39814 9.9973E-05 9.9973E-05 0.125287 0.328232 0.0436481 9.9973E-05 0.0267303 0.0776626
0.475769 9.9982E-05 0.0612485 0.0431171 0.190157 0.0481787 0.0582178 9.9982E-05 0.123111
0.27502 9.9982E-05 0.00359751 0.128314 0.29613 0.130749 9.9982E-05 0.146904 0.0190851
0.236577 0.00859138 0.0940677 0.107592 0.334424 0.0698254 9.9991E-05 0.10239 0.0464323
0.411405 9.9982E-05 0.0424098 0.140569 0.209517 0.13407 9.9982E-05 0.012213 0.049616
0.392295 0.0636629 0.0902675 0.0960013 0.185924 9.9982E-05 0.0511656 0.120483 9.9982E-05
0.329279 0.0237328 0.157405 0.12336 0.131205 9.9991E-05 0.106448 0.0709854 0.0574847
9.9982E-05 9.9982E-05 0.0285997 0.247288 0.430998 0.0232963 0.162217 0.0473589 0.0600419
0.392088 0.0643248 0.205493 9.9991E-05 0.159747 0.0222051 0.111767 0.0166771 0.0275987
0.408086 9.9964E-05 0.198239 0.0717162 0.314276 9.9964E-05 9.9964E-05 0.00728345 9.9964E-05
0.425495 9.9964E-05 0.168511 0.163194 0.183918 9.9964E-05 9.9964E-05 0.0584824 9.9964E-05
0.543226 0.0399525 0.143392 0.0619358 0.0344597 9.9991E-05 0.0246155 0.0128179 0.139501
0.12498 0.0534668 9.9973E-05 9.9973E-05 0.218518 9.9973E-05 0.243554 0.119847 0.239335
9.9964E-05 0.0411917 9.9964E-05 9.9964E-05 0.299232 9.9964E-05 0.14981 0.150787 0.35858
9.9964E-05 0.0267898 9.9964E-05 9.9964E-05 0.382005 9.9964E-05 0.162511 0.0852671 0.343028
0.106672 0.015826 0.0659024 9.9982E-05 0.0879516 9.9982E-05 0.290411 0.129119 0.303917
0.63073 0.0234122 9.9973E-05 0.129897 0.158902 0.02367 9.9973E-05 0.0330891 9.9973E-05
0.44637 0.0431009 9.9982E-05 0.10762 0.152243 0.0847452 0.0966757 0.0690453 9.9982E-05
0.230693 9.9946E-05 0.0721974 9.9946E-05 9.9946E-05 9.9946E-05 0.69651 9.9946E-05 9.9946E-05
0.173867 0.0852882 0.166151 0.0595875 0.0154895 9.9982E-05 0.437847 9.9982E-05 0.0615702
0.296645 0.0123855 0.114425 0.00151978 0.0725644 0.0894038 0.357599 0.0420475 0.0134109
0.316711 0.0134484 0.0103244 0.106252 0.424498 9.9973E-05 9.9973E-05 0.128466 9.9973E-05
0.425406 0.0586906 0.0374726 0.027117 0.192895 0.11375 0.14447 9.9982E-05 9.9982E-05
0.2522 0.00236969 0.0880029 0.0385239 0.588196 9.9973E-05 9.9973E-05 0.0304072 9.9973E-05
0.510732 9.9982E-05 0.0839868 0.158275 0.139493 0.00416893 0.00998908 0.0931555 9.9982E-05
0.509582 9.9973E-05 0.108535 9.9973E-05 0.300364 0.0557052 9.9973E-05 0.0156776 0.00983734
0.548381 9.9973E-05 0.0557605 0.02953 0.194181 9.9973E-05 0.0357358 0.136112 9.9973E-05
0.25155 9.9973E-05 0.0893336 0.0617194 0.510808 0.0318271 9.9973E-05 0.0544625 9.9973E-05
0.462634 9.9982E-05 0.003034 0.197148 0.0921772 0.0381675 0.0836757 9.9982E-05 0.122963
0.550407 9.9982E-05 0.0830284 0.107984 0.127386 0.0202621 0.051838 0.0588939 9.9982E-05
9.9955E-05 9.9955E-05 9.9955E-05 0.00439847 0.00416307 9.9955E-05 0.985054 9.9955E-05 0.00588461
0.0777149 9.9946E-05 0.0269794 9.9946E-05 9.9946E-05 9.9946E-05 0.894706 9.9946E-05 9.9946E-05
0.193172 0.00555168 0.103716 0.0637364 9.9973E-05 9.9973E-05 0.604935 0.0285885 9.9973E-05
0.267971 9.9946E-05 9.9946E-05 9.9946E-05 9.9946E-05 0.0371254 0.694304 9.9946E-05 9.9946E-05
0.0698224 9.9973E-05 0.0575387 0.00857878 9.9973E-05 0.0108092 0.790858 0.062093 9.9973E-05
9.9946E-05 9.9946E-05 9.9946E-05 9.9946E-05 9.9946E-05 0.0075333 0.984812 0.00705484 9.9946E-05
9.9955E-05 0.0152517 0.0113312 9.9955E-05 9.9955E-05 9.9955E-05 0.967091 0.0058262 9.9955E-05
0.0974438 9.9937E-05 9.9937E-05 9.9937E-05 9.9937E-05 9.9937E-05 0.901857 9.9937E-05 9.9937E-05
0.00599353 9.9955E-05 0.021519 9.9955E-05 9.9955E-05 0.0121724 0.959815 9.9955E-05 9.9955E-05
9.993E-05 9.993E-05 9.993E-05 9.993E-05 9.993E-05 9.993E-05 0.999201 9.993E-05 9.993E-05
9.9937E-05 0.0332433 9.9937E-05 9.9937E-05 9.9937E-05 9.9937E-05 0.966057 9.9937E-05 9.9937E-05
0.13103 0.0312329 0.0543966 9.9964E-05 9.9964E-05 9.9964E-05 0.721033 9.9964E-05 0.0619075
0.0530414 9.9964E-05 0.0812437 9.9964E-05 9.9964E-05 9.9964E-05 0.804877 0.00887239 0.0515652
9.9955E-05 0.00579766 9.9955E-05 0.0184649 9.9955E-05 0.00732021 0.967917 9.9955E-05 9.9955E-05
0.303611 9.9973E-05 0.0929574 0.0911824 9.9973E-05 0.0120379 0.402137 0.0977743 9.9973E-05
0.20961 9.9964E-05 0.0537232 0.0258154 9.9964E-05 9.9964E-05 0.644105 9.9964E-05 0.0663456
0.0673843 0.0631329 0.0170331 0.0586672 9.9973E-05 0.0120637 0.781419 9.9973E-05 9.9973E-05
0.107277 9.9955E-05 0.0255421 9.9955E-05 9.9955E-05 9.9955E-05 0.849227 9.9955E-05 0.0174539
0.00993241 9.9946E-05 9.9946E-05 9.9946E-05 9.9946E-05 0.000463499 0.989004 9.9946E-05 9.9946E-05
9.9964E-05 9.9964E-05 9.9964E-05 0.0110936 9.9964E-05 0.00327448 0.908728 0.070245 0.00625942
9.9946E-05 0.0120608 9.9946E-05 9.9946E-05 9.9946E-05 9.9946E-05 0.952836 0.0345034 9.9946E-05
0.156053 0.0440966 0.0420021 0.0628537 9.9982E-05 0.0465431 0.619062 9.9982E-05 0.0291888
9.9973E-05 0.000303137 0.052995 0.00257494 9.9973E-05 0.04399 0.864852 0.0349847 9.9973E-05
9.9955E-05 9.9955E-05 9.9955E-05 9.9955E-05 0.533525 9.9955E-05 0.0525814 0.186961 0.226433
0.395504 0.00843088 0.140057 0.0241416 0.147661 9.9982E-05 9.9982E-05 0.0751719 0.208833
0.340722 9.9991E-05 0.0855111 0.0436693 0.116487 0.0207565 0.0674624 0.247191 0.0781005
0.275367 0.0265032 9.9982E-05 9.9982E-05 0.370578 0.0132873 0.0701814 0.082555 0.161328
0.42539 0.0541158 9.9991E-05 0.0395984 0.133856 0.0327932 0.148852 0.154189 0.011106
0.192274 0.0381064 9.9982E-05 0.0791331 0.30143 9.9982E-05 0.11046 0.166873 0.111524
0.390292 0.0915317 0.145164 0.0698707 0.0333518 0.0434014 0.00690099 0.219387 9.9991E-05
0.378194 0.00777446 9.9973E-05 9.9973E-05 0.190987 9.9973E-05 0.119317 0.252956 0.0504701
0.41117 0.112083 0.0769907 0.0366327 0.159904 0.0123785 0.122621 0.0681205 9.9991E-05
0.382504 0.0459489 9.9973E-05 9.9973E-05 0.209079 9.9973E-05 0.174861 0.0936038 0.093703
0.49607 0.0223597 9.9982E-05 9.9982E-05 0.095673 0.0260564 0.0898623 0.103746 0.166033
0.0407689 9.9964E-05 9.9964E-05 9.9964E-05 0.0537244 0.0889751 9.9964E-05 0.0525194 0.763612
9.9964E-05 0.0513591 9.9964E-05 9.9964E-05 0.0138424 0.0352286 0.0534716 9.9964E-05 0.845698
9.9946E-05 0.0536676 9.9946E-05 9.9946E-05 9.9946E-05 0.0271727 9.9946E-05 9.9946E-05 0.91856
0.0392577 0.0422012 9.9955E-05 9.9955E-05 9.9955E-05 0.00775159 9.9955E-05 9.9955E-05 0.91029
0.00333759 0.132136 0.0240048 9.9973E-05 9.9973E-05 0.047545 9.9973E-05 0.00970261 0.782974
9.9955E-05 0.0609609 9.9955E-05 9.9955E-05 0.038649 9.9955E-05 0.0769093 9.9955E-05 0.822981
9.9964E-05 0.0925556 9.9964E-05 9.9964E-05 9.9964E-05 0.00474127 0.0661719 0.140458 0.695674
9.9973E-05 0.0568541 9.9973E-05 0.0136348 0.0868497 0.0143947 9.9973E-05 0.0332167 0.79475
0.00125246 0.0281602 0.0319681 0.0265818 9.9982E-05 9.9982E-05 0.0197233 0.0259626 0.866152
0.00235882 0.0170742 0.0255481 9.9973E-05 9.9973E-05 0.0205116 0.0954169 9.9973E-05 0.83879
9.9982E-05 0.0714495 0.108234 0.105539 0.0539079 0.129598 9.9982E-05 0.00829016 0.522781
9.9973E-05 0.0260724 0.136708 0.0962387 9.9973E-05 0.189215 9.9973E-05 0.0323736 0.519092
9.9982E-05 0.0472323 0.149038 0.0134285 0.1229 0.134376 9.9982E-05 0.00440116 0.528424
9.9973E-05 9.9973E-05 0.215961 0.0698643 0.017815 0.169852 9.9973E-05 0.0774338 0.448774
0.38358 0.00132499 0.282685 0.220636 9.9982E-05 0.0357173 9.9982E-05 0.0368346 0.0390226
0.410138 9.9973E-05 0.191847 0.30974 9.9973E-05 0.0196554 9.9973E-05 0.0369684 0.0313501
0.472676 9.9973E-05 0.165453 0.206628 9.9973E-05 0.047694 0.0912156 0.0160329 9.9973E-05
0.278956 0.0301073 0.302016 0.182354 0.0864458 0.0644447 9.9982E-05 9.9982E-05 0.0554759
0.051596 9.9982E-05 0.535476 0.104223 0.0258204 0.234641 0.00704035 0.0410033 9.9982E-05
0.582086 0.0366783 0.0630701 0.205283 9.9982E-05 9.9982E-05 0.020313 0.0108133 0.081557
0.5176 9.9973E-05 0.0876151 0.311276 0.0166904 0.0628683 9.9973E-05 9.9973E-05 0.00365077
0.515197 9.9973E-05 0.071741 0.316567 0.0250985 0.0658053 9.9973E-05 0.00529159 9.9973E-05
0.33062 9.9964E-05 9.9964E-05 0.53814 0.108828 0.0133391 0.0086733 9.9964E-05 9.9964E-05
0.550221 9.9982E-05 0.0448525 0.133563 0.0543069 0.140209 0.0494355 9.9982E-05 0.027213
0.350876 0.0181705 0.0727737 0.42294 0.00831958 0.111921 0.0147984 9.9982E-05 9.9982E-05
9.9964E-05 0.00204207 0.0362766 0.678027 0.24056 0.0426941 9.9964E-05 9.9964E-05 9.9964E-05
0.520088 9.9991E-05 0.0275974 0.121031 0.113356 0.0945609 0.00640061 0.0358201 0.0810457
0.249292 9.9964E-05 0.0341035 0.467788 0.242956 9.9964E-05 9.9964E-05 9.9964E-05 0.00546085
0.480542 0.0119143 0.0764653 0.376169 9.9982E-05 0.0125483 0.032082 0.0100791 9.9982E-05
9.9955E-05 9.9955E-05 0.157156 0.726235 9.9955E-05 0.0404748 9.9955E-05 9.9955E-05 0.0756339
0.00534086 9.9973E-05 9.9973E-05 9.9973E-05 0.0280028 0.821944 0.00804053 0.113622 0.0227495
0.058441 9.9964E-05 9.9964E-05 9.9964E-05 0.0624625 0.795049 9.9964E-05 0.0506259 0.0330218
0.0166373 9.9964E-05 9.9964E-05 0.00943299 0.0269093 0.891524 9.9964E-05 0.0550962 9.9964E-05
9.9964E-05 9.9964E-05 9.9964E-05 0.0611383 0.0133459 0.83555 9.9964E-05 0.0535357 0.0360299
0.0821768 9.9973E-05 0.0301895 9.9973E-05 0.0418126 0.816906 0.0277501 0.000865221 9.9973E-05
0.0847417 9.9955E-05 9.9955E-05 9.9955E-05 9.9955E-05 0.859951 0.0428845 0.0119234 9.9955E-05
0.0771129 0.0379571 9.9964E-05 0.0347766 9.9964E-05 9.9964E-05 0.0428656 9.9964E-05 0.806888
0.0709322 9.9955E-05 0.0893665 9.9955E-05 9.9955E-05 9.9955E-05 0.0219437 9.9955E-05 0.817258
0.0947603 0.0413211 9.9964E-05 9.9964E-05 9.9964E-05 9.9964E-05 0.104677 0.0573933 0.701449
0.0150475 0.0509465 0.10964 9.9973E-05 9.9973E-05 9.9973E-05 0.118349 0.0222308 0.683487
0.0450706 0.0199753 0.0431891 9.9982E-05 9.9982E-05 0.0279801 0.112622 0.0919403 0.659023
9.9973E-05 0.0303797 0.142595 9.9973E-05 0.00920841 0.469958 9.9973E-05 0.0470503 0.300508
9.9973E-05 0.011862 9.9973E-05 0.0751853 0.0452551 0.417557 9.9973E-05 0.110056 0.339784
9.9973E-05 0.0625245 9.9973E-05 0.106302 0.0152994 0.459789 9.9973E-05 0.017224 0.338561
9.993E-05 0.999201 9.993E-05 9.993E-05 9.993E-05 9.993E-05 9.993E-05 9.993E-05 9.993E-05
9.9964E-05 9.9964E-05 9.9964E-05 0.0543716 0.0394923 0.507188 9.9964E-05 0.0503872 0.348161
0.255747 9.9955E-05 9.9955E-05 9.9955E-05 0.167569 9.9955E-05 0.362114 9.9955E-05 0.21407
0.580052 9.9964E-05 0.0634867 0.0134749 9.9964E-05 9.9964E-05 0.169812 9.9964E-05 0.172774
0.482767 0.0494825 9.9955E-05 9.9955E-05 9.9955E-05 9.9955E-05 0.307359 9.9955E-05 0.159892
0.246258 9.9982E-05 0.017282 0.121792 0.0603293 9.9982E-05 0.238075 0.072134 0.24393
0.343913 0.0413847 0.0370081 0.0762759 0.0604937 0.010843 0.225637 0.126953 0.0774923
9.9955E-05 9.9955E-05 9.9955E-05 9.9955E-05 0.214078 9.9955E-05 0.327622 0.0266159 0.431184
0.360474 9.9982E-05 0.324318 0.0814126 0.0439521 0.123777 0.00675059 0.059116 9.9982E-05
0.379083 9.9973E-05 0.14319 0.103747 0.206152 0.134143 0.033385 9.9973E-05 9.9973E-05
0.133421 0.0232841 0.684481 9.9973E-05 9.9973E-05 0.0909751 9.9973E-05 0.0137845 0.0537546
0.530843 0.00390352 0.0909616 0.130142 0.143439 0.10041 9.9973E-05 9.9973E-05 9.9973E-05
9.9955E-05 9.9955E-05 0.128467 0.176079 0.650446 0.0445083 9.9955E-05 9.9955E-05 9.9955E-05
0.391013 9.9991E-05 0.230052 0.0667623 0.0625715 0.0066661 0.168008 0.0201468 0.0546802
0.523208 9.9973E-05 0.228836 0.037623 0.170803 0.0231632 9.9973E-05 0.0160674 9.9973E-05
0.241236 0.0201092 0.589723 9.9973E-05 0.0513413 0.0346398 9.9973E-05 9.9973E-05 0.0626509
0.602534 0.0458863 0.237104 0.0314991 0.00575239 9.9982E-05 9.9982E-05 0.0667196 0.0103042
0.0399727 9.9955E-05 0.446794 0.135601 0.377133 9.9955E-05 9.9955E-05 9.9955E-05 9.9955E-05
0.439228 9.9973E-05 0.173317 0.0211017 0.21668 0.115388 0.0339845 9.9973E-05 9.9973E-05
0.558872 0.049558 0.259731 0.00376786 9.9982E-05 0.108371 9.9982E-05 0.00435779 0.0151422
0.311264 9.9982E-05 0.0122487 0.198917 0.086159 0.0267136 0.212231 9.9982E-05 0.152267
0.353767 9.9955E-05 0.382354 0.0278864 0.235493 9.9955E-05 9.9955E-05 9.9955E-05 9.9955E-05
0.426562 9.9973E-05 0.210715 9.9973E-05 0.166634 0.132948 0.0548158 9.9973E-05 0.00802456
0.46889 0.00224557 0.194513 0.0404101 0.232355 9.9991E-05 0.051881 0.00318589 0.00641862
0.551495 9.9982E-05 0.204119 0.0243086 0.0869277 0.0373191 9.9982E-05 0.0664609 0.02917
0.661223 0.0355383 9.9982E-05 0.0211264 0.0453186 0.13342 0.0758746 0.0272993 9.9982E-05
0.446627 0.0598344 0.193577 0.0816312 9.9982E-05 0.0642511 0.12384 9.9982E-05 0.0300386
0.468276 0.0331105 0.222707 0.0436732 0.0543445 0.0357467 0.0709646 9.9991E-05 0.0710774
0.147365 0.0164204 9.9955E-05 9.9955E-05 9.9955E-05 9.9955E-05 0.0720548 9.9955E-05 0.76366
0.103005 0.0195336 9.9973E-05 0.0168021 9.9973E-05 9.9973E-05 0.0161776 0.0200278 0.824154
0.0579258 9.9973E-05 0.0172276 0.0288569 0.0478834 0.0812496 9.9973E-05 9.9973E-05 0.766557
0.0106491 0.0202292 9.9982E-05 0.0585689 0.00685745 0.076987 0.0270312 9.9982E-05 0.799477
0.112352 0.0799351 9.9964E-05 9.9964E-05 9.9964E-05 9.9964E-05 0.0494159 0.0373617 0.720535
0.0522609 9.9982E-05 0.626011 0.0356357 0.0799767 0.164421 0.0327202 9.9982E-05 0.00877468
0.4231 0.0228956 0.172007 0.112972 0.165238 0.051291 0.0522965 9.9982E-05 9.9982E-05
0.432843 0.00772137 9.9982E-05 0.0846922 0.0330568 0.0395319 0.239543 9.9982E-05 0.162412
0.56015 0.0736815 0.198961 0.0146684 0.00352382 0.0635085 0.0853064 9.9982E-05 9.9982E-05
0.46522 0.00782213 0.275539 0.124886 0.0445905 0.0213812 9.9982E-05 9.9982E-05 0.0603622
0.22527 0.035376 0.407907 9.9973E-05 0.234535 0.0719522 0.0246596 9.9973E-05 9.9973E-05
9.9973E-05 0.0152738 0.540253 0.00632153 0.184115 0.137173 9.9973E-05 9.9973E-05 0.116565
0.396155 0.00661936 0.200383 0.118323 9.9982E-05 0.186882 0.0685129 9.9982E-05 0.0229246
0.0978627 0.00211893 0.400567 0.0422715 0.0582102 0.262859 0.05235 0.0296329 0.0541283
0.393536 9.9982E-05 0.138693 0.0988025 0.0565485 0.176383 0.0214084 0.114428 9.9982E-05
0.0383762 9.9982E-05 0.520812 0.0287257 0.0891476 0.169156 0.00259514 9.9982E-05 0.150987
0.486165 0.0292771 0.173823 0.076552 9.9982E-05 0.10378 0.0839424 9.9982E-05 0.0462602
0.114792 9.9973E-05 0.600042 9.9973E-05 0.0132374 0.137212 9.9973E-05 0.076565 0.0578508
0.329433 0.0248461 0.276159 0.0323543 0.131959 0.0984405 0.0675924 9.9991E-05 0.0391149
0.437502 9.9982E-05 0.168374 0.0463957 0.123311 0.0689552 0.0447998 0.110462 9.9982E-05
0.303594 9.9955E-05 9.9955E-05 9.9955E-05 0.501032 0.0931188 9.9955E-05 0.101756 9.9955E-05
0.531777 9.9973E-05 0.110034 0.00150313 0.186943 9.9973E-05 0.0126943 0.156749 9.9973E-05
0.544211 0.0589733 9.9982E-05 0.0694971 0.120713 0.121682 9.9982E-05 0.0464015 0.0383221
0.393355 9.9973E-05 0.0278275 0.057834 0.404458 0.0265098 9.9973E-05 0.0897158 9.9973E-05
0.382861 0.0064415 0.108768 0.0777457 0.130747 0.0683771 0.0650752 0.130234 0.0297505
0.581057 0.0587442 9.9973E-05 0.121606 0.141152 0.0725578 9.9973E-05 9.9973E-05 0.0245818
0.181188 9.9964E-05 9.9964E-05 0.0842614 0.615529 0.0946005 9.9964E-05 0.0240208 9.9964E-05
0.318466 9.9955E-05 9.9955E-05 0.0486529 0.564405 9.9955E-05 9.9955E-05 0.0679765 9.9955E-05
0.492238 0.0129951 9.9964E-05 9.9964E-05 0.341024 0.14462 9.9964E-05 0.0087232 9.9964E-05
0.162942 9.9973E-05 0.0557961 0.191447 0.406902 0.0514509 9.9973E-05 0.131162 9.9973E-05
0.478612 9.9973E-05 0.221854 0.0224748 0.180429 0.0771535 9.9973E-05 0.0191772 9.9973E-05
0.0107529 0.0240006 0.595242 0.160327 0.0851126 0.124265 9.9973E-05 9.9973E-05 9.9973E-05
0.219295 9.9964E-05 0.358433 0.0360716 0.308285 0.0775148 9.9964E-05 9.9964E-05 9.9964E-05
0.290445 0.0185902 0.375274 0.105923 9.9982E-05 0.138496 0.0615845 9.9982E-05 0.00948701
0.68897 0.00978253 0.135305 9.9973E-05 0.000519598 0.0978612 9.9973E-05 9.9973E-05 0.0672623
0.0953776 9.9973E-05 0.493913 0.236502 0.00429184 0.113846 9.9973E-05 0.0557698 9.9973E-05
0.396931 0.0375495 0.172678 0.0435952 0.149872 0.114258 0.0706853 9.9991E-05 0.0143314
0.541539 0.0374518 0.183937 9.9973E-05 9.9973E-05 0.0935226 0.0521721 9.9973E-05 0.0910779
0.351819 0.0107753 0.346721 9.9982E-05 0.0726784 0.141983 0.0733511 9.9982E-05 0.00247278
0.43267 0.0191032 0.272506 0.047864 9.9973E-05 0.114197 0.113359 9.9973E-05 9.9973E-05
0.369569 0.0161405 0.286802 0.083141 0.0114207 0.188333 0.044394 9.9982E-05 9.9982E-05
0.099091 9.9964E-05 0.543316 0.102179 9.9964E-05 0.163561 0.0914529 9.9964E-05 9.9964E-05
0.333181 9.9973E-05 0.309083 0.0253969 9.9973E-05 0.234985 0.0593134 0.0377413 9.9973E-05
0.601849 9.9973E-05 0.219232 0.0154652 0.026123 0.107051 0.0299797 9.9973E-05 9.9973E-05
0.546109 0.0257368 0.224417 0.0324756 9.9982E-05 0.0817303 0.0393182 0.0500131 9.9982E-05
0.367805 0.0225835 0.0614271 0.137066 0.172578 0.185393 0.0313496 9.9991E-05 0.0216977
0.42971 9.9973E-05 0.207019 0.0618721 0.038311 0.114791 0.147997 9.9973E-05 9.9973E-05
0.322807 0.0333802 0.273433 9.9982E-05 0.0765889 0.215043 0.0301449 9.9982E-05 0.0484035
0.528572 9.9982E-05 0.257807 0.0233665 9.9982E-05 0.115841 0.0243038 0.0063752 0.0435349
0.423386 9.9982E-05 0.274058 0.0650873 0.0396456 0.0638504 0.119596 9.9982E-05 0.0141769
0.453839 0.0393177 0.13406 0.0753576 0.0522629 0.0674385 0.166551 9.9991E-05 0.0110731
0.345811 0.0308719 0.079272 0.0743613 9.9982E-05 9.9982E-05 0.0748895 0.0898615 0.304733
0.405917 0.0846842 0.0510626 0.111959 0.104683 9.9982E-05 0.194003 9.9982E-05 0.0474904
0.458886 0.031755 0.105426 0.00121919 0.0568006 0.040131 0.175885 0.129797 9.9991E-05
0.535481 0.0306429 0.103723 0.0648423 0.0321188 0.0529237 0.11439 0.0657784 9.9991E-05
0.410204 0.0291852 0.0908986 0.0679242 9.9982E-05 9.9982E-05 0.192364 0.0300595 0.179165
0.459339 9.9964E-05 0.177678 9.9964E-05 0.216267 0.11525 0.0310659 9.9964E-05 9.9964E-05
0.485919 0.0225804 9.9991E-05 0.151673 0.0050294 0.0476162 0.150434 0.0370384 0.0996103
9.9964E-05 9.9964E-05 0.100013 0.122625 0.376708 9.9964E-05 0.146488 9.9964E-05 0.253766
0.482733 9.9973E-05 0.166962 9.9973E-05 9.9973E-05 0.0431893 0.18921 0.0266255 0.0909799
0.510071 0.0430144 0.0344587 0.103627 9.9982E-05 0.00491814 0.115657 9.9982E-05 0.188054
0.45966 0.0250412 0.111992 0.0324839 0.0215212 0.0738694 0.221732 0.00768019 0.0460198
0.31494 0.0245421 0.106206 9.9991E-05 0.188214 0.0131801 0.142913 0.0156988 0.194207
0.430871 0.00331296 0.124505 0.0323427 0.00875957 9.9991E-05 0.232801 0.0794622 0.0878449
0.479778 0.0505577 9.9982E-05 9.9982E-05 0.145171 0.037564 0.215092 0.0151794 0.0564579
9.9955E-05 0.0293653 9.9955E-05 9.9955E-05 0.312592 9.9955E-05 0.208107 9.9955E-05 0.449436
0.484256 0.138435 9.9973E-05 9.9973E-05 0.0495306 0.0390161 0.200036 9.9973E-05 0.0884267
0.42015 0.0174239 0.101766 0.0562706 0.00293177 9.9991E-05 0.257417 0.0770712 0.0668693
0.505501 9.9982E-05 0.0463516 9.9982E-05 0.109571 0.0343275 0.170984 0.0841808 0.0488844
0.522373 9.9955E-05 0.143863 9.9955E-05 9.9955E-05 9.9955E-05 0.146752 9.9955E-05 0.186512
0.491515 0.0135969 0.0976968 9.9982E-05 0.0891492 9.9982E-05 0.116245 0.0304962 0.161101
0.501225 0.0247942 0.0306816 0.171346 0.167909 0.0380808 0.0356784 9.9991E-05 0.0301859
0.427978 0.0499042 0.15814 0.0125382 0.0403523 0.064249 0.0891417 0.122245 0.035452
0.0230562 9.9955E-05 0.155656 0.260231 0.560558 9.9955E-05 9.9955E-05 9.9955E-05 9.9955E-05
0.0797432 9.9964E-05 0.00218044 0.193353 0.626106 0.0982178 9.9964E-05 9.9964E-05 9.9964E-05
0.466488 0.0449044 0.0710023 0.158102 0.0861672 0.0465904 0.0802715 9.9991E-05 0.046374
0.376618 9.9964E-05 0.118941 9.9964E-05 0.116643 9.9964E-05 0.309978 9.9964E-05 0.0774198
0.317803 0.0109775 9.9964E-05 9.9964E-05 0.2588 9.9964E-05 0.387749 9.9964E-05 0.0242698
0.0634383 0.0347583 0.108808 0.0579587 0.267394 9.9991E-05 0.347919 0.007713 0.111911
0.275922 0.0100165 0.107219 9.9973E-05 0.154566 9.9973E-05 0.314628 9.9973E-05 0.137349
0.167135 0.0052493 9.9964E-05 9.9964E-05 0.710091 9.9964E-05 0.108174 9.9964E-05 0.00895083
0.319361 9.9955E-05 9.9955E-05 9.9955E-05 0.532125 9.9955E-05 0.0526877 9.9955E-05 0.0953272
0.512123 0.052025 0.107706 0.127223 0.117152 9.9982E-05 0.0813608 0.00220985 9.9982E-05
0.523384 9.9964E-05 9.9964E-05 0.0570424 0.263939 9.9964E-05 0.0747502 0.0804846 9.9964E-05
0.275526 0.0230294 9.9964E-05 9.9964E-05 0.574031 9.9964E-05 0.0966973 9.9964E-05 0.0303168
0.500603 9.9982E-05 0.152431 0.0099669 0.14975 9.9982E-05 0.0630428 0.0271072 0.0968994
0.553789 0.0133661 9.9991E-05 0.0445853 0.168655 0.10526 0.0644153 0.00874832 0.0410812
0.38975 9.9982E-05 9.9982E-05 0.174447 0.132029 0.0237721 0.150876 0.0329641 0.0959621
0.432953 0.00562442 0.0804999 0.0348443 0.381721 0.0640577 9.9973E-05 9.9973E-05 9.9973E-05
0.318356 0.0635791 0.0972845 0.163482 0.334186 9.9973E-05 0.0228134 9.9973E-05 9.9973E-05
0.597392 0.00254671 0.0325114 0.0314455 0.170877 0.0898027 9.9991E-05 0.00179937 0.0735249
0.45928 9.9973E-05 0.0338563 9.9973E-05 0.384559 0.088491 0.00176012 9.9973E-05 0.0317533
0.512588 9.9982E-05 0.0811428 0.00768592 0.172039 9.9982E-05 0.0762606 0.0753077 0.0747762
0.531798 9.9946E-05 9.9946E-05 9.9946E-05 0.373856 0.0937463 9.9946E-05 9.9946E-05 9.9946E-05
0.318796 9.9964E-05 0.0287741 0.0600483 0.513806 0.0781764 9.9964E-05 9.9964E-05 9.9964E-05
0.587438 9.9964E-05 9.9964E-05 0.1541 0.138662 9.9964E-05 0.0228064 9.9964E-05 0.096593
0.301496 9.9955E-05 0.0336524 0.150628 0.513724 9.9955E-05 9.9955E-05 9.9955E-05 9.9955E-05
0.494917 0.000822494 9.9982E-05 0.0211224 0.467238 9.9982E-05 0.00105654 0.00339567 0.0112476
0.603971 0.0135187 0.0807177 0.0279396 0.173574 9.9982E-05 0.0511952 0.0488837 9.9982E-05
0.447136 9.9973E-05 0.0562686 0.149915 0.250437 0.04931 9.9973E-05 9.9973E-05 0.0466331
0.48829 0.0167029 9.9991E-05 0.0403915 0.08662 0.0466491 0.190039 0.0219172 0.10929
0.376852 0.032789 0.166344 9.9982E-05 0.156679 9.9982E-05 0.118615 0.0210427 0.127479
0.307814 9.9991E-05 0.0399641 0.0509205 0.123953 0.0338773 0.235274 0.0668602 0.141236
0.277631 0.0645325 0.0767801 9.9991E-05 0.164615 0.0752122 0.231756 0.0605404 0.0488321
0.332969 9.9991E-05 0.0587523 0.126714 0.063682 0.00700369 0.241647 0.00870178 0.16043
0.424807 0.00570758 0.0278697 0.0906826 0.0203899 0.0887526 0.160263 9.9991E-05 0.181427
0.0354682 0.0235416 9.9982E-05 0.00112673 0.540583 0.100482 0.178956 9.9982E-05 0.119642
0.575007 0.0296719 0.00935624 9.9991E-05 0.083096 0.0616102 0.168057 0.0486449 0.0244573
9.9964E-05 0.0173333 9.9964E-05 9.9964E-05 0.451187 9.9964E-05 0.157399 0.124238 0.249443
0.627193 0.00327649 9.9973E-05 9.9973E-05 0.159191 0.00991078 0.155657 9.9973E-05 0.0444724
0.183356 9.9946E-05 9.9946E-05 0.227952 0.588092 9.9946E-05 9.9946E-05 9.9946E-05 9.9946E-05
9.9955E-05 0.00658941 0.0911038 0.25278 0.649027 9.9955E-05 9.9955E-05 9.9955E-05 9.9955E-05
0.524576 0.0289029 0.0994915 0.0490138 0.297616 9.9964E-05 9.9964E-05 9.9964E-05 9.9964E-05
0.679582 0.00143994 9.9973E-05 0.0714812 0.18266 9.9973E-05 0.032866 9.9973E-05 0.0316708
0.434551 9.9964E-05 0.0697012 0.0939579 0.346263 0.0551264 9.9964E-05 9.9964E-05 9.9964E-05
0.550543 0.00716739 9.9964E-05 0.198027 0.186854 0.0570087 9.9964E-05 9.9964E-05 9.9964E-05
0.589209 0.0035874 0.0142739 0.0577112 0.312931 0.0137828 0.00830483 9.9982E-05 9.9982E-05
0.0395142 0.0550922 9.9982E-05 0.0410368 9.9982E-05 0.0226139 0.0610027 0.0320576 0.748483
9.9982E-05 0.0265068 0.0578232 0.0302631 9.9982E-05 0.0615851 0.0724446 0.133961 0.617216
9.9964E-05 0.0369255 0.0345108 9.9964E-05 9.9964E-05 9.9964E-05 0.0659782 0.04565 0.816536
0.0638268 0.136566 9.9946E-05 9.9946E-05 9.9946E-05 9.9946E-05 9.9946E-05 9.9946E-05 0.799007
0.438948 0.0478232 0.118065 0.247608 0.0462549 0.0614 0.0397011 9.9982E-05 9.9982E-05
0.439826 9.9973E-05 0.0323259 0.375436 0.0520076 9.9973E-05 0.0286618 9.9973E-05 0.0714419
0.415353 9.9955E-05 0.0484496 0.463634 9.9955E-05 9.9955E-05 9.9955E-05 0.0720641 9.9955E-05
0.599794 9.9946E-05 9.9946E-05 0.266222 9.9946E-05 9.9946E-05 9.9946E-05 9.9946E-05 0.133385
0.553555 0.00132571 0.0573642 0.127514 9.9991E-05 0.0770012 0.0402699 0.0991465 0.043723
0.192381 9.9982E-05 0.0767862 0.584499 0.0515245 9.9982E-05 0.00309424 0.0251046 0.0664106
0.502169 0.0297243 0.0944869 0.363202 9.9964E-05 9.9964E-05 0.010018 9.9964E-05 9.9964E-05
0.327611 0.0576534 9.9964E-05 0.477187 0.133303 9.9964E-05 0.00384546 9.9964E-05 9.9964E-05
0.453712 0.0190044 0.096004 9.9982E-05 9.9982E-05 0.0110348 0.120263 0.0296945 0.270087
0.349509 9.9964E-05 0.0422068 0.386022 0.12993 9.9964E-05 0.0919323 9.9964E-05 9.9964E-05
0.277074 0.0210983 0.0595954 0.52238 0.000233083 0.105991 9.9982E-05 0.0134283 9.9982E-05
0.483267 9.9973E-05 0.0591677 0.38648 0.00390868 0.0307692 0.0361079 9.9973E-05 9.9973E-05
0.340382 0.0395251 0.11923 0.414098 9.9973E-05 0.0667267 9.9973E-05 9.9973E-05 0.0197386
0.534601 0.00127328 9.9973E-05 0.403076 0.0163175 9.9973E-05 0.00562237 9.9973E-05 0.0388101
0.553935 0.0160939 9.9973E-05 0.278304 9.9973E-05 0.067969 0.0427256 9.9973E-05 0.040673
0.0563314 9.9955E-05 9.9955E-05 0.863713 0.0704509 9.9955E-05 0.00900445 9.9955E-05 9.9955E-05
0.186108 9.9973E-05 0.0827576 0.524713 0.114971 9.9973E-05 0.0775577 9.9973E-05 0.0135928
0.26045 9.9973E-05 9.9973E-05 0.541145 0.0836188 0.0893461 0.0243083 9.9973E-05 0.000831711
9.9937E-05 9.9937E-05 9.9937E-05 0.711787 0.287513 9.9937E-05 9.9937E-05 9.9937E-05 9.9937E-05
0.378008 0.027954 0.107181 0.370105 9.9982E-05 0.0567108 0.0373202 9.9982E-05 0.0225217
0.122734 9.9955E-05 9.9955E-05 0.535916 0.316629 9.9955E-05 9.9955E-05 0.0242203 9.9955E-05
9.9946E-05 9.9946E-05 9.9946E-05 0.639597 0.35212 9.9946E-05 9.9946E-05 9.9946E-05 0.00768387
0.587736 0.0304374 9.9973E-05 0.294452 9.9973E-05 0.0569167 0.0210081 9.9973E-05 0.0091497
0.0589244 0.00927318 0.204064 0.628665 9.9973E-05 9.9973E-05 0.0160316 0.0827411 9.9973E-05
0.363626 9.9964E-05 0.192184 0.335573 9.9964E-05 0.00642504 0.101791 9.9964E-05 9.9964E-05
0.4332 0.0498564 0.0100832 0.186321 9.9982E-05 9.9982E-05 0.11021 0.0990679 0.111062
0.473773 9.9964E-05 0.131586 0.333837 9.9964E-05 0.00431962 9.9964E-05 9.9964E-05 0.0560844
0.276189 0.00369454 0.40587 0.0272495 0.230619 0.0202334 0.0359443 9.9982E-05 9.9982E-05
0.380243 9.9964E-05 0.091316 0.41786 0.000324984 9.9964E-05 0.109856 9.9964E-05 9.9964E-05
0.429466 0.00845214 0.234651 0.304658 9.9973E-05 9.9973E-05 0.0118232 9.9973E-05 0.0106493
0.284977 0.0223928 9.9964E-05 0.644924 0.0458807 9.9964E-05 0.00142524 9.9964E-05 9.9964E-05
0.520305 0.0567526 0.105442 0.1694 0.0750259 0.0120713 0.0591354 9.9991E-05 0.00176772
9.9982E-05 0.0594272 0.0705592 0.0231478 0.0113607 0.233263 9.9982E-05 0.0902471 0.511795
0.0158771 0.0659771 0.0383057 0.0966434 0.00453575 0.0809017 9.9991E-05 0.00112451 0.696535
9.9955E-05 0.164096 9.9955E-05 9.9955E-05 0.0462357 0.130385 9.9955E-05 9.9955E-05 0.658784
9.9973E-05 0.0968701 0.0434709 9.9973E-05 0.0383064 0.0667957 9.9973E-05 0.056475 0.697782
0.00203243 0.0490447 0.0445359 9.9973E-05 9.9973E-05 0.198034 9.9973E-05 0.0805994 0.625453
9.9973E-05 9.9973E-05 0.179824 0.723825 9.9973E-05 0.0117669 0.0344044 0.0437837 0.00609562
0.0766379 0.00668057 0.0562226 0.724589 0.0588138 0.0205718 9.9991E-05 0.0221236 0.0342606
0.111575 9.9946E-05 9.9946E-05 0.708844 0.178981 9.9946E-05 9.9946E-05 9.9946E-05 9.9946E-05
