0.0271457 9.9973E-05 0.0282029 9.9973E-05 0.0312633 0.913088 9.9973E-05
9.9973E-05 9.9973E-05 0.0416433 0.00759603 0.0348797 0.915581 9.9973E-05
0.0755943 9.9982E-05 0.0170147 9.9982E-05 0.0532054 0.801858 0.0521281
0.073548 0.0820788 9.9982E-05 9.9982E-05 0.0511171 0.760497 0.0325593
0.0802686 9.9973E-05 9.9973E-05 9.9973E-05 0.0884911 0.806916 0.0240246
0.036812 0.0119843 0.0034737 0.055393 0.165278 0.623469 0.10359
9.999E-05 0.0132398 0.0295198 0.085572 0.0587986 0.803073 0.00969724
0.00987774 0.00530586 9.9991E-05 0.0871149 0.136164 0.747553 0.0138846
9.9982E-05 0.0700727 0.0327686 0.0713475 0.0131107 0.812501 9.9982E-05
0.0619108 9.9982E-05 9.9982E-05 0.063247 0.0958611 0.67461 0.104171
9.9982E-05 0.0526669 0.0239479 0.040001 0.172273 0.710912 9.9982E-05
0.121846 0.590851 0.149506 0.00457682 9.9982E-05 9.9982E-05 0.13302
0.0983981 0.338641 0.00137252 0.00467977 0.0179035 0.0217692 0.517236
0.0821169 0.521493 0.0447183 0.154788 9.9982E-05 9.9982E-05 0.196684
0.151276 0.487389 0.0552076 0.0178933 9.9982E-05 9.9982E-05 0.288034
0.178997 0.274308 0.0855099 0.0413751 9.9991E-05 0.111056 0.308655
0.125548 0.181813 0.0306048 0.0774344 0.0292279 0.0616583 0.493714
0.128201 0.304549 0.187189 9.9991E-05 0.0141196 0.0111714 0.354671
0.134633 0.388084 0.148943 0.0216143 9.9991E-05 0.0795215 0.227104
0.045318 0.723994 0.0422381 0.140762 0.0313268 0.0162613 9.9991E-05
0.0979251 0.212816 0.130368 0.0933005 0.0493733 0.0798173 0.3364
0.0460361 0.191542 0.156638 0.128585 9.9991E-05 0.0506421 0.426457
0.0836 0.2203 0.161666 0.0199066 0.0380069 9.9991E-05 0.47642
0.125246 0.464019 0.148948 0.0713873 9.9982E-05 9.9982E-05 0.1902
0.0637213 0.222636 9.9982E-05 0.00784255 9.9982E-05 0.0831264 0.622473
0.128552 0.314422 0.12954 9.9982E-05 9.9982E-05 0.0497437 0.377542
0.132685 0.600428 0.120883 0.0468123 9.9991E-05 0.0369796 0.0621123
0.202229 0.599496 0.0913142 0.0108315 9.9991E-05 0.00124642 0.0947834
9.9973E-05 0.533013 0.0518071 0.158329 9.9973E-05 9.9973E-05 0.256552
0.0408441 9.9964E-05 9.9964E-05 9.9964E-05 9.9964E-05 0.846092 0.112664
9.9955E-05 9.9955E-05 9.9955E-05 9.9955E-05 9.9955E-05 0.824605 0.174896
0.0215414 0.0274013 9.9973E-05 9.9973E-05 9.9973E-05 0.794684 0.156073
0.0290904 9.9973E-05 0.0284542 9.9973E-05 9.9973E-05 0.75286 0.189296
9.999E-05 0.11011 0.159358 0.10737 0.0365037 0.0275143 0.559044
0.096635 0.0968331 0.348786 9.9982E-05 9.9982E-05 0.0590182 0.398528
9.9964E-05 9.9964E-05 0.410732 9.9964E-05 9.9964E-05 0.0858064 0.503062
9.9982E-05 0.681913 0.0609524 0.0243408 9.9982E-05 0.11427 0.118324
0.0923094 9.9982E-05 0.59036 0.0683096 9.9982E-05 0.0190636 0.229758
0.0514786 0.220111 0.166897 9.9982E-05 9.9982E-05 0.0918839 0.46943
0.0407296 9.9982E-05 0.183603 0.047694 0.00495278 9.9982E-05 0.722821
9.9982E-05 9.9982E-05 0.100104 0.0401951 0.138539 0.0900086 0.630953
9.999E-05 0.107248 0.0685508 0.0480454 0.0900317 0.0780177 0.608006
9.999E-05 0.157629 0.691511 0.0200838 0.00876442 0.0855566 0.0363548
0.0236741 0.0120935 0.0427499 0.16002 0.0916075 0.0402813 0.629573
0.0885323 9.9991E-05 0.35161 0.0326161 0.066754 0.0619837 0.398403
0.0673505 0.0255638 0.12114 0.0267655 0.0522006 0.144731 0.562249
9.9964E-05 9.9964E-05 0.593397 0.105516 9.9964E-05 9.9964E-05 0.300687
0.0766403 0.0248714 0.311493 9.9982E-05 9.9982E-05 0.0465595 0.540236
0.105996 9.9991E-05 0.251143 0.0757883 0.0362569 0.0641368 0.466579
9.9964E-05 9.9964E-05 0.597419 0.326383 9.9964E-05 0.075798 9.9964E-05
9.9982E-05 0.492387 0.184766 0.152802 0.0452645 9.9982E-05 0.124581
0.0145402 0.267395 0.169819 0.37146 0.0320022 0.0243276 0.120456
0.114273 0.104724 0.077149 9.9991E-05 0.0963253 0.0714231 0.536005
0.0650409 0.0904402 0.0712759 0.123155 9.9991E-05 0.0689454 0.581043
0.0822048 0.0471314 0.0768261 0.148352 0.0100557 0.030248 0.605182
9.9991E-05 0.354087 0.243536 0.0941166 0.043624 0.126053 0.138483
0.0608813 0.201843 0.0907221 0.062441 0.0474193 9.9991E-05 0.536594
0.0913845 0.323555 0.0218991 9.9991E-05 0.0150683 0.0704633 0.477529
9.9982E-05 0.263769 0.181593 0.104909 9.9982E-05 0.116662 0.332866
0.0725299 0.322855 0.00898058 0.25096 0.10018 0.140749 0.103746
0.0121687 0.124577 0.193106 0.0116102 0.0415717 0.106794 0.510172
0.0349695 0.318734 0.0994922 0.0900878 9.9991E-05 0.085343 0.371274
9.9982E-05 0.506641 0.244718 0.137679 0.0518149 0.0589474 9.9982E-05
0.0307511 0.244139 0.101084 0.11054 0.0239083 9.9991E-05 0.489477
0.0377127 0.130696 0.0406742 0.117369 0.0329682 9.9991E-05 0.64048
0.0331625 0.194031 0.0868608 0.0197207 9.9991E-05 0.145966 0.52016
0.0145579 0.290265 0.208443 0.110315 9.9991E-05 0.0731187 0.3032
0.0101599 0.163352 0.161287 0.150757 9.9991E-05 0.0375207 0.476824
0.0854744 0.11997 0.112911 0.0481653 0.0812442 0.051046 0.501188
9.9982E-05 0.432802 0.174674 0.142634 0.0701287 9.9982E-05 0.179561
9.9964E-05 0.0505922 0.486134 9.9964E-05 9.9964E-05 9.9964E-05 0.462874
0.0389282 0.141136 0.732749 9.9982E-05 9.9982E-05 0.0279942 0.0589928
0.122296 0.11284 0.165821 0.0535127 0.0463387 0.0380816 0.46111
9.9964E-05 9.9964E-05 0.846547 0.116511 0.0365414 9.9964E-05 9.9964E-05
9.9964E-05 9.9964E-05 0.800252 0.179047 0.0203005 9.9964E-05 9.9964E-05
9.9964E-05 9.9964E-05 0.805802 9.9964E-05 0.0330707 9.9964E-05 0.160728
9.9982E-05 0.0217525 0.496352 9.9982E-05 0.0752774 0.0124194 0.393999
0.0109725 9.9991E-05 0.19074 0.107844 0.00896237 0.131011 0.550371
0.0678048 0.123638 0.512089 9.9982E-05 9.9982E-05 0.0129149 0.283353
0.0527231 0.122437 0.644659 9.9982E-05 0.10406 9.9982E-05 0.0759219
9.9982E-05 0.170581 0.52539 9.9982E-05 0.0714414 0.0419578 0.19043
0.0728461 0.122654 0.254231 0.0546588 9.9991E-05 0.0492601 0.44625
0.0539009 0.14574 0.587825 9.9982E-05 9.9982E-05 0.0180295 0.194304
9.9991E-05 0.0170976 0.455103 0.0219749 0.0646546 0.0648954 0.376174
9.9964E-05 9.9964E-05 0.617644 0.0431748 9.9964E-05 9.9964E-05 0.338781
0.00934031 0.0272312 0.60172 0.341119 0.0144584 0.00603171 9.9991E-05
9.9982E-05 0.0806598 0.310584 9.9982E-05 0.00182599 0.0272749 0.579455
0.0498441 0.0480935 0.0305464 9.9991E-05 0.000487549 0.786738 0.0841909
9.9955E-05 9.9955E-05 9.9955E-05 9.9955E-05 9.9955E-05 0.91759 0.0819102
0.0765449 9.9973E-05 9.9973E-05 9.9973E-05 0.0114554 0.85211 0.0595902
0.0342976 9.9982E-05 0.00500812 0.0191813 9.9982E-05 0.920386 0.0209272
0.00570627 9.9982E-05 0.0356224 0.0119933 9.9982E-05 0.882908 0.0635702
0.0493168 9.9973E-05 0.0279252 9.9973E-05 0.0584441 0.864014 9.9973E-05
9.9964E-05 9.9964E-05 9.9964E-05 9.9964E-05 0.0019585 0.929189 0.0684526
0.126867 0.106671 0.29237 9.9991E-05 0.003909 0.0397392 0.430343
0.0260226 9.9982E-05 0.216908 0.0349431 9.9982E-05 0.0604761 0.66145
9.9973E-05 0.133464 0.810362 0.0386781 9.9973E-05 0.0171962 9.9973E-05
0.0722713 0.0874424 0.135802 0.0952679 0.00853746 0.0365694 0.564109
0.00231689 0.123536 0.431916 9.9982E-05 9.9982E-05 0.0142222 0.427809
9.9973E-05 0.00126348 0.425107 9.9973E-05 9.9973E-05 0.0792172 0.494112
9.9973E-05 9.9973E-05 0.266359 0.109797 9.9973E-05 0.0474565 0.576088
0.0960979 9.9982E-05 0.472661 9.9982E-05 0.000337997 0.0442038 0.386499
9.9982E-05 0.162761 0.72238 0.0227486 0.0461712 0.0457396 9.9982E-05
0.0509017 0.127814 0.184465 0.0272528 0.0456082 0.144282 0.419676
0.0833709 9.9982E-05 0.227959 9.9982E-05 0.0758131 0.0234017 0.589255
0.0773365 0.0174551 0.222131 9.9982E-05 0.12817 9.9982E-05 0.554707
0.0602623 9.9973E-05 0.528075 0.166676 9.9973E-05 9.9973E-05 0.244687
9.9982E-05 9.9982E-05 0.339618 0.131968 0.0350799 0.0240026 0.469132
0.0525116 9.9982E-05 0.514691 9.9982E-05 0.0638488 0.0365231 0.332226
0.171891 9.9973E-05 0.658219 9.9973E-05 0.0384827 9.9973E-05 0.131108
9.9973E-05 0.197576 0.365884 9.9973E-05 9.9973E-05 0.0577663 0.378474
0.0178647 0.0941942 0.253322 0.0654495 0.0333633 0.0713204 0.464486
9.9982E-05 0.344749 0.0170243 0.289032 9.9982E-05 0.0525502 0.296445
0.0257173 0.235392 0.0726684 9.9991E-05 0.126374 0.111933 0.427815
0.0270749 0.249854 0.0278679 0.0309543 0.0434767 0.0871069 0.533665
0.0378687 0.129234 0.108414 9.9991E-05 0.0459396 0.0814589 0.596985
9.9964E-05 0.480634 9.9964E-05 9.9964E-05 9.9964E-05 0.0580546 0.460911
9.9973E-05 0.275166 9.9973E-05 0.0524469 0.0444112 9.9973E-05 0.627676
0.0288252 0.356323 0.0500147 9.9982E-05 0.0891693 9.9982E-05 0.475468
0.0181166 0.184797 0.0700772 0.170032 9.9991E-05 0.0122574 0.54462
0.158877 0.145119 0.100158 0.0150709 0.0697742 0.0479557 0.463045
9.9982E-05 0.257754 0.110071 0.032593 9.9982E-05 0.015586 0.583796
9.9982E-05 0.450788 0.0245427 0.0226056 0.0319471 9.9982E-05 0.469917
0.028452 0.0984593 0.0343496 0.115503 0.0542136 9.9991E-05 0.668923
0.0183666 0.0396111 0.0603476 0.101251 0.119175 0.0269453 0.634304
0.0480537 0.359467 0.036534 9.9973E-05 9.9973E-05 9.9973E-05 0.555645
0.0894934 9.9991E-05 0.0772662 0.0464003 0.112425 0.116219 0.558096
0.131775 0.151626 0.0814926 0.0757151 0.109188 9.9991E-05 0.450104
0.0343754 0.365226 0.0193002 0.109666 0.018861 0.0622218 0.390349
0.0464673 0.183884 0.0169838 9.9982E-05 0.072736 9.9982E-05 0.679729
0.0959207 0.250326 9.9982E-05 0.0749742 0.0278135 9.9982E-05 0.550766
0.116162 0.498689 0.196138 0.0427176 0.024703 9.9991E-05 0.12149
0.0203274 0.359884 0.0896814 0.354304 0.0129288 9.9991E-05 0.162773
0.0696455 0.327124 0.0529521 0.00746744 0.0394843 9.9991E-05 0.503226
0.0475625 0.28081 0.1825 0.293982 0.112696 9.9991E-05 0.0823494
9.9982E-05 0.540889 0.118927 0.0989186 9.9982E-05 0.0412542 0.199811
9.9973E-05 0.365838 0.196047 0.0724957 9.9973E-05 9.9973E-05 0.36532
9.9982E-05 0.485532 0.189702 9.9982E-05 0.0400599 0.0246142 0.259892
0.0517797 0.51494 0.19659 0.0147706 0.00100297 9.9991E-05 0.220816
9.9982E-05 0.216249 0.0557329 0.00734629 9.9982E-05 0.114558 0.605914
0.0690932 0.0336356 0.0113293 0.0781263 0.103419 0.106189 0.598207
0.0233214 0.221597 0.0718295 0.0657918 9.9991E-05 0.0649051 0.552456
0.0450095 0.367796 0.194877 0.250062 0.0157969 9.9991E-05 0.126359
0.0161219 0.0501156 0.214514 0.0354643 0.0116854 0.186337 0.485762
0.0248461 0.0338718 0.0105416 0.20279 9.9991E-05 0.0959852 0.631865
9.9991E-05 0.0749676 0.100159 0.542172 0.0873927 0.147165 0.0480438
0.0256837 0.0612012 0.074068 0.167996 9.9991E-05 0.0533339 0.617617
0.00154016 0.0513075 0.164685 0.261559 0.0353154 0.119922 0.36567
0.0130863 0.0540668 0.0226829 0.169821 0.0810377 0.0980758 0.56123
9.9991E-05 0.074979 0.100235 0.419914 0.062307 0.0578817 0.284583
9.9991E-05 0.135007 0.0860803 0.442257 0.0275398 0.0704975 0.238518
9.9991E-05 0.0607689 0.0154677 0.270989 0.125235 0.0293797 0.498059
0.0938456 0.0278457 0.0177351 0.262457 0.064182 0.108584 0.425351
0.00405768 0.0578053 0.0483031 0.230769 0.0354016 0.147042 0.476622
0.158082 0.138746 0.212709 0.430416 9.9982E-05 0.0598461 9.9982E-05
0.0357796 0.113587 0.037538 0.178102 0.00424165 0.108923 0.521829
9.9973E-05 0.138759 0.222091 0.291447 9.9973E-05 9.9973E-05 0.347404
9.9982E-05 0.0535215 0.187523 0.186875 0.0623717 9.9982E-05 0.509508
0.0388943 0.145188 0.10244 0.0615965 9.9991E-05 0.0595647 0.592217
0.217648 0.0689068 9.9991E-05 0.157109 0.0620606 0.322884 0.171291
0.137149 9.9964E-05 9.9964E-05 0.311843 9.9964E-05 0.550609 9.9964E-05
0.149499 9.9964E-05 9.9964E-05 0.445561 9.9964E-05 0.404541 9.9964E-05
0.370944 0.0525329 9.9982E-05 0.176472 9.9982E-05 0.343049 0.0568028
9.9973E-05 9.9973E-05 0.106226 0.204288 0.0201045 9.9973E-05 0.669082
0.0242302 0.106732 0.0257556 0.0965051 0.0157289 0.101568 0.629481
0.710409 0.0145897 0.0351151 9.9973E-05 9.9973E-05 9.9973E-05 0.239586
0.417703 0.224417 0.071643 9.9982E-05 9.9982E-05 0.0482389 0.237798
0.269603 0.0322114 0.0486402 9.9991E-05 0.0864522 0.102836 0.460157
9.9973E-05 9.9973E-05 0.064163 0.482346 0.00695568 9.9973E-05 0.446235
0.0417386 0.0502772 0.0152708 0.233309 9.9991E-05 0.111335 0.54797
9.9973E-05 9.9973E-05 0.0164885 0.566719 0.0846003 9.9973E-05 0.331892
0.0220356 9.9991E-05 0.077768 0.233736 0.0125511 0.0136385 0.640171
0.0232302 0.102007 0.148721 0.231478 9.9991E-05 0.00359652 0.490867
0.034187 9.9982E-05 0.014488 0.228976 0.0912221 9.9982E-05 0.630927
9.9982E-05 0.0465954 0.10749 0.515862 0.0647004 9.9982E-05 0.265153
0.142413 0.0763329 0.137965 0.0943231 9.9991E-05 0.0472817 0.501584
0.0510564 0.113511 0.0149025 0.160659 0.0723739 0.028925 0.558572
0.997512 9.9955E-05 0.00198858 9.9955E-05 9.9955E-05 9.9955E-05 9.9955E-05
0.88659 9.9964E-05 9.9964E-05 0.000178745 9.9964E-05 9.9964E-05 0.112831
0.560749 0.0449993 0.0561636 9.9982E-05 9.9982E-05 0.0526448 0.285243
0.657385 9.9964E-05 9.9964E-05 9.9964E-05 0.0404677 9.9964E-05 0.301748
0.827596 9.9964E-05 9.9964E-05 9.9964E-05 0.00720659 9.9964E-05 0.164798
0.9994 9.995E-05 9.995E-05 9.995E-05 9.995E-05 9.995E-05 9.995E-05
0.976455 9.9964E-05 9.9964E-05 0.00927483 0.01387 9.9964E-05 9.9964E-05
0.822373 9.9964E-05 0.0187696 9.9964E-05 9.9964E-05 9.9964E-05 0.158458
0.939316 0.00857267 0.0153283 9.9973E-05 0.0364834 9.9973E-05 9.9973E-05
0.9994 9.995E-05 9.995E-05 9.995E-05 9.995E-05 9.995E-05 9.995E-05
0.998335 9.9955E-05 9.9955E-05 9.9955E-05 9.9955E-05 0.00116498 9.9955E-05
0.740686 0.0666114 9.9982E-05 9.9982E-05 0.0234638 0.0127669 0.156272
0.81706 0.0740089 9.9982E-05 9.9982E-05 0.0193799 0.044445 0.0449063
0.98215 9.9955E-05 9.9955E-05 9.9955E-05 0.0173507 9.9955E-05 9.9955E-05
0.416974 0.0586942 0.0874351 0.00483624 0.0445823 0.0329216 0.354557
0.643701 0.0830807 0.00332374 9.9991E-05 0.00235036 0.0454022 0.222042
0.736897 0.00665938 0.00570305 0.0313979 9.9991E-05 0.0337774 0.185465
0.895652 0.0369568 9.9973E-05 9.9973E-05 9.9973E-05 0.0405826 0.0265088
0.975957 9.9964E-05 9.9964E-05 0.0121962 9.9964E-05 9.9964E-05 0.0114465
0.867227 0.0539857 9.9973E-05 9.9973E-05 9.9973E-05 0.00355075 0.0749363
0.9994 9.995E-05 9.995E-05 9.995E-05 9.995E-05 9.995E-05 9.995E-05
0.605158 0.0153134 9.9982E-05 9.9982E-05 0.103324 0.00835651 0.267648
0.916274 0.0308805 0.0491155 9.9973E-05 0.00342995 9.9973E-05 9.9973E-05
0.0550052 9.9964E-05 9.9964E-05 0.594675 9.9964E-05 0.34992 9.9964E-05
0.104295 0.0100844 0.0675342 0.113003 0.219089 0.115916 0.370079
0.0428711 0.0395788 0.0198737 0.23498 0.0586738 0.203525 0.400498
0.10182 9.9982E-05 9.9982E-05 0.425657 0.0316632 0.246537 0.194123
0.0927726 0.00702792 9.9991E-05 0.171095 0.109928 0.157438 0.461639
0.0845948 9.9973E-05 9.9973E-05 0.435547 9.9973E-05 0.223197 0.256362
0.00837631 0.057983 0.0636213 0.102261 9.9991E-05 0.197233 0.570426
0.162036 9.9991E-05 0.0318532 0.303112 0.00369015 0.13666 0.362549
0.111198 0.0194226 9.9991E-05 0.205251 0.000953765 0.172008 0.491067
0.167325 9.9973E-05 9.9973E-05 0.261972 9.9973E-05 0.203803 0.366601
0.0838366 0.0676424 0.0556997 0.157164 0.0107483 0.157539 0.46737
9.9973E-05 9.9973E-05 9.9973E-05 0.0563573 0.0766008 0.814021 0.0527211
0.032424 0.0462441 9.9973E-05 0.0178306 9.9973E-05 0.903201 9.9973E-05
9.9955E-05 0.0575923 9.9955E-05 9.9955E-05 9.9955E-05 0.941908 9.9955E-05
9.9973E-05 0.0315772 9.9973E-05 9.9973E-05 0.019448 0.931262 0.0174128
0.045756 0.122785 9.9973E-05 9.9973E-05 9.9973E-05 0.829211 0.00194801
0.0601542 0.0123273 0.00130299 0.0135978 9.9991E-05 0.89588 0.0166373
0.0722532 9.9973E-05 0.0336461 9.9973E-05 9.9973E-05 0.88768 0.0061204
9.9964E-05 9.9964E-05 0.0342726 0.0768038 9.9964E-05 0.888524 9.9964E-05
9.9955E-05 9.9955E-05 0.034957 9.9955E-05 9.9955E-05 0.964543 9.9955E-05
0.0896001 0.0580227 9.9982E-05 0.0141606 9.9982E-05 0.836187 0.00182964
0.00824088 0.126747 0.142628 0.0334678 0.101478 0.587339 9.9991E-05
9.9973E-05 0.204406 0.056467 9.9973E-05 0.137549 0.601278 9.9973E-05
9.9982E-05 0.302668 0.0235443 0.148804 0.0132533 0.511531 9.9982E-05
9.9982E-05 0.266705 0.0872326 0.0703842 0.0637424 0.511736 9.9982E-05
9.9973E-05 0.101752 0.320365 9.9973E-05 9.9973E-05 0.107228 0.470355
0.0949363 0.0464315 0.3702 9.9991E-05 0.0609852 0.00207923 0.425268
0.0663161 0.207679 0.219851 9.9982E-05 0.0533458 9.9982E-05 0.452609
9.9991E-05 0.28084 0.247223 0.0297453 0.0119829 0.0242932 0.405816
9.9982E-05 0.624367 0.161869 0.028556 0.0657052 9.9982E-05 0.119302
0.0356391 0.0101542 0.304342 0.0590537 0.0235237 0.017721 0.549566
0.0600493 0.133707 0.317839 0.00662298 9.9982E-05 9.9982E-05 0.481582
0.00463307 0.11817 0.304187 0.0876559 0.0260693 9.9991E-05 0.459185
0.0343588 9.9973E-05 0.609748 0.0379641 9.9973E-05 9.9973E-05 0.317629
0.000546995 0.0884377 0.118582 0.0483133 0.100691 0.0758359 0.567593
0.0210467 0.0523312 0.519159 9.9982E-05 0.10025 9.9982E-05 0.307014
9.9964E-05 0.0823811 0.69422 0.222999 9.9964E-05 9.9964E-05 9.9964E-05
9.9991E-05 0.0628074 0.26378 0.0714106 0.005007 0.113375 0.48352
0.0418157 9.9973E-05 0.532611 0.257028 9.9973E-05 9.9973E-05 0.168245
0.0269939 9.9982E-05 0.375912 0.100219 0.0377905 9.9982E-05 0.458885
0.00340762 0.215698 0.699111 9.9991E-05 0.00393391 0.0488361 0.0289128
0.000849378 9.9982E-05 0.000772527 0.031389 0.889915 0.0768741 9.9982E-05
9.9955E-05 9.9955E-05 9.9955E-05 9.9955E-05 0.996915 9.9955E-05 0.00258554
9.995E-05 9.995E-05 9.995E-05 9.995E-05 0.9994 9.995E-05 9.995E-05
9.9964E-05 9.9964E-05 0.0168145 9.9964E-05 0.934645 0.0481407 9.9964E-05
0.06926 0.00803515 9.9964E-05 9.9964E-05 0.922305 9.9964E-05 9.9964E-05
0.0772264 9.9955E-05 9.9955E-05 9.9955E-05 0.922274 9.9955E-05 9.9955E-05
0.00403831 9.9964E-05 9.9964E-05 9.9964E-05 9.9964E-05 0.863069 0.132493
0.00883998 0.120708 9.9973E-05 9.9973E-05 9.9973E-05 0.817383 0.0527682
0.103307 9.9982E-05 9.9982E-05 0.0181609 0.00913229 0.7485 0.120699
0.130799 0.121778 9.9973E-05 9.9973E-05 9.9973E-05 0.73463 0.0124933
0.0718086 0.0501134 9.9982E-05 9.9982E-05 0.0190461 0.775885 0.0829473
9.9973E-05 0.269434 9.9973E-05 0.0113249 0.334477 0.384464 9.9973E-05
9.9982E-05 0.115964 0.0641629 0.0549951 0.313925 0.450753 9.9982E-05
9.9982E-05 0.187505 0.0118674 0.0401364 0.322759 0.437533 9.9982E-05
0.019308 0.00279226 9.9973E-05 9.9973E-05 9.9973E-05 0.825191 0.152408
9.9982E-05 0.194603 0.0384178 0.051878 0.354623 0.360278 9.9982E-05
0.3609 9.9973E-05 9.9973E-05 0.163758 9.9973E-05 0.210862 0.26418
0.216645 9.9991E-05 0.0217754 0.0247107 0.00438822 0.109672 0.622709
0.230518 0.00701586 9.9973E-05 9.9973E-05 9.9973E-05 0.158907 0.603259
0.204047 9.9991E-05 0.000649508 0.0592763 0.103952 0.251979 0.379996
0.0978151 0.089632 0.0220993 9.9991E-05 0.053102 0.125797 0.611454
0.307771 9.9964E-05 9.9964E-05 0.242001 9.9964E-05 0.449828 9.9964E-05
0.0385855 0.291683 0.106484 0.0832555 0.101745 9.9991E-05 0.378146
9.9973E-05 0.350783 9.9973E-05 0.264295 9.9973E-05 0.00154456 0.383077
9.9991E-05 0.521936 0.0889999 0.0621905 0.00393184 0.0772569 0.245585
9.9982E-05 0.149784 0.102516 0.152273 0.0659863 9.9982E-05 0.529241
9.9973E-05 0.177334 0.140113 0.674102 0.00815095 9.9973E-05 9.9973E-05
0.06106 0.158902 0.0795835 0.104918 0.0101912 0.0372619 0.548084
9.9991E-05 0.173579 0.073357 0.137983 0.0767267 0.0659811 0.472273
9.9982E-05 0.502753 0.0694602 0.0667743 9.9982E-05 0.0206383 0.340174
0.0202363 0.146047 0.125713 0.0294395 0.0132234 0.113484 0.551857
9.9973E-05 0.373154 0.140392 0.331336 9.9973E-05 9.9973E-05 0.154819
0.0274001 0.0999082 0.015172 0.306345 0.0637642 9.9991E-05 0.48731
0.00381908 0.295451 0.16297 9.9991E-05 0.0373319 0.0295054 0.470823
0.0938017 0.0137302 0.1119 0.0568765 0.0693555 0.188651 0.465685
9.9982E-05 0.23551 0.0989836 0.218618 0.0407264 9.9982E-05 0.405962
0.0334533 0.245404 0.0700107 0.115899 0.0660106 0.0225336 0.446689
0.151027 0.146797 0.101547 0.163208 0.0317946 9.9991E-05 0.405526
0.0122943 0.150316 0.0860504 0.136051 0.0340653 0.0170142 0.564209
0.0605192 0.156918 0.0957134 9.9991E-05 0.0217044 0.00830101 0.656744
0.168754 0.0829887 0.301813 9.9982E-05 9.9982E-05 0.0331789 0.413066
0.0466732 0.0663297 0.136496 0.0756772 0.0316742 0.0594012 0.583748
0.103189 9.9973E-05 0.013908 9.9973E-05 9.9973E-05 0.778622 0.103981
0.0454228 9.9973E-05 0.0623697 9.9973E-05 9.9973E-05 0.827815 0.0640926
0.00710941 0.115614 0.0340649 0.0852519 9.9982E-05 0.75776 9.9982E-05
0.0838936 9.9973E-05 0.0640973 9.9973E-05 0.0528186 0.798891 9.9973E-05
0.0301381 9.9973E-05 9.9973E-05 9.9973E-05 0.0383632 0.79968 0.131518
0.00277394 0.719462 0.00903139 0.0596273 9.9982E-05 9.9982E-05 0.208905
0.0309937 0.196386 0.00815547 0.143505 0.0258069 0.0628155 0.532338
0.196154 0.00868059 0.0364007 0.201603 0.0800384 0.117329 0.359794
9.9973E-05 0.235687 9.9973E-05 0.0744485 9.9973E-05 0.000232485 0.689333
9.9982E-05 0.198755 0.233511 9.9982E-05 0.0344164 0.0626337 0.470484
0.0570309 0.300944 0.00864817 0.275608 0.0735964 9.9991E-05 0.284073
9.9982E-05 0.655697 0.0132113 0.184068 0.0465186 0.100305 9.9982E-05
0.00847487 0.244607 0.0802931 0.0449268 0.13295 9.9991E-05 0.488648
0.0148765 0.419132 0.0803075 0.145721 0.104145 0.0516943 0.184123
0.0037022 0.0775259 0.0362069 0.188654 0.109418 0.104678 0.479815
0.0183817 0.66192 0.0181947 0.091558 9.9991E-05 0.125978 0.0838676
0.071309 0.218373 9.9991E-05 0.00151711 0.0738523 0.0480553 0.586794
0.00450601 0.615553 0.100178 0.0560766 9.9991E-05 0.0784486 0.145138
0.054454 0.3762 0.149693 0.137251 9.9991E-05 0.0221156 0.260186
0.00323571 0.156995 0.100366 0.146318 0.0689012 0.0376116 0.486572
9.9973E-05 0.110361 9.9973E-05 0.427102 0.114865 9.9973E-05 0.347372
9.9991E-05 0.125176 0.0386705 0.104039 0.0789768 0.0903774 0.56266
0.0417671 0.0232445 0.0963926 0.200452 0.0206166 0.0556086 0.561919
9.9973E-05 9.9973E-05 0.0931756 0.373235 0.128556 9.9973E-05 0.404734
0.112576 0.184291 0.0523948 0.15609 9.9991E-05 0.038812 0.455737
9.9982E-05 9.9982E-05 0.0735721 0.278034 0.0572387 0.0274228 0.563532
9.9973E-05 9.9973E-05 0.11708 0.571897 0.158462 9.9973E-05 0.152261
9.9973E-05 9.9973E-05 0.000429735 0.551693 0.129671 9.9973E-05 0.317907
9.9982E-05 0.0618187 0.0148354 0.291096 0.0767529 9.9982E-05 0.555297
9.9982E-05 0.0950357 0.167945 0.479345 0.0788133 9.9982E-05 0.178661
9.9991E-05 0.0791863 0.105052 0.182527 0.0936224 0.0314515 0.508061
0.033457 0.659057 0.0912251 0.0770183 0.0250417 0.0291237 0.0850772
9.9973E-05 0.34786 0.157806 0.238077 9.9973E-05 9.9973E-05 0.255957
0.0812715 0.48731 0.0793988 9.9982E-05 0.0442169 9.9982E-05 0.307603
0.145456 0.129167 0.169331 9.9982E-05 0.0764003 9.9982E-05 0.479445
9.9982E-05 0.561423 0.155565 0.0472128 0.0329443 9.9982E-05 0.202655
0.115453 0.141383 9.9991E-05 0.0862543 0.0516683 0.0849587 0.520183
0.0613907 0.218584 0.114701 0.0193488 0.0922431 9.9991E-05 0.493632
0.0682202 0.310454 0.0691422 0.0792472 0.0237238 9.9991E-05 0.449113
0.111393 0.329077 0.0296955 9.9982E-05 0.0168418 9.9982E-05 0.512792
0.0110766 0.220278 0.179363 9.9991E-05 0.0925866 0.0551562 0.441439
0.098201 0.528064 0.200508 9.9982E-05 0.0502892 9.9982E-05 0.122738
0.121575 0.360187 0.095677 0.0291158 0.108957 9.9991E-05 0.284388
0.00025272 0.254641 0.0674191 0.0262014 0.0375108 9.9991E-05 0.613875
9.9982E-05 0.249547 9.9982E-05 0.0504263 0.0107433 0.0604299 0.628653
9.9991E-05 0.219242 0.0431144 0.197799 0.0716959 0.0178126 0.450237
0.0766483 0.235479 9.9982E-05 0.120894 0.0432034 9.9982E-05 0.523575
0.0259644 0.426781 9.9991E-05 0.0728418 0.0343145 0.0684702 0.371529
0.0235792 0.22276 0.0875854 9.9982E-05 0.0857988 9.9982E-05 0.580077
0.0868687 0.258813 9.9991E-05 0.00782395 0.061452 0.03993 0.545012
0.091039 0.132604 9.9982E-05 0.135186 9.9982E-05 0.0800123 0.560959
0.105804 0.0997112 0.0714939 9.9982E-05 9.9982E-05 0.352794 0.369997
0.203872 0.0295214 0.000664124 0.148413 9.9991E-05 0.154652 0.462778
0.110883 0.0652235 0.0761824 9.9982E-05 9.9982E-05 0.147316 0.600195
0.117268 0.0518375 0.0459398 0.0748542 0.0467786 0.0265118 0.63681
0.178658 0.0371906 0.131429 0.0266203 9.9991E-05 0.219563 0.406439
9.9964E-05 0.272393 9.9964E-05 0.215788 9.9964E-05 9.9964E-05 0.51142
0.0737348 0.0845267 9.9991E-05 0.0455382 0.00857387 0.149963 0.637564
0.172887 0.014539 0.0731074 0.466805 9.9991E-05 0.263705 0.00885612
0.187659 0.0643178 0.081004 0.0765888 0.024663 0.0649057 0.500861
0.156537 0.0282053 0.0746312 0.0652669 0.119968 0.0868217 0.46857
0.277788 0.0670545 0.121453 0.0197289 0.0125393 0.0640265 0.43741
0.0585429 0.0875097 0.0503714 0.206371 9.9991E-05 0.195526 0.401579
0.0774445 0.00299375 0.0578072 9.9982E-05 9.9982E-05 0.223087 0.638467
0.0679284 9.9973E-05 9.9973E-05 0.152663 9.9973E-05 0.147364 0.631745
0.169958 9.9964E-05 9.9964E-05 0.358081 9.9964E-05 0.471561 9.9964E-05
0.127306 9.9973E-05 0.0632956 9.9973E-05 9.9973E-05 0.220815 0.588284
0.15006 0.0752246 9.9973E-05 9.9973E-05 9.9973E-05 0.172993 0.601423
0.0703076 0.0711289 0.0755615 0.0480335 9.9991E-05 0.136373 0.598495
0.166384 9.9973E-05 9.9973E-05 9.9973E-05 0.000138761 0.209597 0.623581
0.182122 0.202778 9.9991E-05 0.0248456 0.0304187 0.0940215 0.465715
0.0956864 0.0982982 0.123512 0.138669 0.0306834 0.0271542 0.485997
0.0263682 0.202509 0.0380775 0.206091 9.9991E-05 0.0260669 0.500787
9.9973E-05 0.172605 0.257702 0.528447 9.9973E-05 9.9973E-05 0.0409469
9.9973E-05 0.105388 0.177456 0.647159 9.9973E-05 9.9973E-05 0.0696975
0.0870383 0.0649193 0.0796823 0.225855 9.9991E-05 0.0133012 0.529104
0.284082 0.0345117 9.9982E-05 0.163753 9.9982E-05 0.0973767 0.420077
0.332282 9.9973E-05 9.9973E-05 0.20615 9.9973E-05 0.113011 0.348257
0.207267 0.0375997 9.9982E-05 0.263764 9.9982E-05 0.257944 0.233225
0.215198 9.9973E-05 9.9973E-05 0.202957 9.9973E-05 0.192812 0.388733
0.0572656 9.9982E-05 9.9982E-05 0.695833 0.0108747 0.0199208 0.215906
0.0442476 9.9973E-05 9.9973E-05 0.582839 9.9973E-05 0.0904263 0.282187
0.156547 9.9982E-05 0.194206 0.121021 0.0213244 9.9982E-05 0.506702
0.0934906 9.9982E-05 0.102036 0.226711 9.9982E-05 0.0673015 0.510261
0.0939559 0.00860899 9.9991E-05 0.595985 0.00746118 0.0174828 0.276406
0.10106 0.0964451 9.9991E-05 0.168687 0.0574021 0.032232 0.544074
0.0553554 0.0210227 0.00373331 0.27641 9.9991E-05 0.00588106 0.637497
0.122162 0.0765691 0.0784036 0.128724 0.0511993 0.159215 0.383726
9.9982E-05 0.0763052 0.130525 0.32527 0.084117 9.9982E-05 0.383583
0.00784561 0.0872911 0.109366 0.394243 9.9982E-05 9.9982E-05 0.401054
9.9982E-05 9.9982E-05 0.0972947 0.191333 0.0740409 0.0411736 0.595958
0.0522899 0.103519 0.149139 0.265513 0.00299422 0.0824079 0.344137
0.0808676 0.086934 0.175284 0.182056 0.0487333 9.9991E-05 0.426025
9.9982E-05 0.012747 0.0922697 0.399337 0.0313836 9.9982E-05 0.464063
9.9982E-05 0.0457776 0.0151058 0.525058 0.125896 9.9982E-05 0.287962
0.0142653 9.9982E-05 0.18545 0.185185 9.9982E-05 0.0475161 0.567383
9.9982E-05 0.068603 0.216999 0.465391 0.0184222 9.9982E-05 0.230385
9.9973E-05 9.9973E-05 0.0322416 0.375075 0.145585 9.9973E-05 0.446799
0.0945389 0.0469371 0.0823214 0.0903813 0.0725683 0.019394 0.593859
0.0300623 0.0585962 0.221373 0.217962 9.9991E-05 0.0321387 0.439768
0.173682 9.9991E-05 0.102012 0.0754669 0.0296399 0.190797 0.428303
0.141537 0.0264757 0.0913104 0.155536 0.076423 0.097143 0.411574
0.180352 0.127073 9.9982E-05 0.115366 9.9982E-05 0.191552 0.385457
0.150018 9.9982E-05 9.9982E-05 0.091435 0.121507 0.203816 0.433024
0.244178 0.0310883 0.0590162 9.9991E-05 0.129323 0.163431 0.372864
0.120402 9.9991E-05 0.111325 0.0392147 0.0438018 0.161998 0.523158
0.1617 9.9973E-05 9.9973E-05 0.602741 0.09247 0.142789 9.9973E-05
0.196602 9.9982E-05 9.9982E-05 0.00873564 0.0746444 0.0619055 0.657913
0.114161 9.9964E-05 9.9964E-05 0.539575 9.9964E-05 0.345865 9.9964E-05
0.15681 9.9991E-05 0.0356661 0.135824 0.00166078 0.0475334 0.622406
9.9964E-05 9.9964E-05 0.285511 0.591097 9.9964E-05 9.9964E-05 0.122992
9.9964E-05 0.0477334 0.309421 0.642445 9.9964E-05 9.9964E-05 9.9964E-05
0.00189611 0.0795993 0.169575 0.247522 9.9982E-05 9.9982E-05 0.501207
0.00736777 9.9982E-05 0.112785 0.22484 0.0325369 9.9982E-05 0.62227
9.9973E-05 0.079095 0.0891971 0.373912 9.9973E-05 9.9973E-05 0.457496
9.9973E-05 0.0102005 0.190333 0.222933 9.9973E-05 9.9973E-05 0.576234
9.9973E-05 9.9973E-05 0.196307 0.242129 0.032348 9.9973E-05 0.528916
0.0455489 9.9982E-05 0.0246879 0.0527645 9.9982E-05 0.789212 0.0875867
0.128077 0.0499171 9.9982E-05 0.0338642 0.0926498 0.695292 9.9982E-05
0.0912786 0.0102544 9.9973E-05 9.9973E-05 0.0076886 0.890478 9.9973E-05
9.9955E-05 9.9955E-05 9.9955E-05 9.9955E-05 9.9955E-05 0.93292 0.0665798
0.0051607 0.0351564 0.264986 0.144774 0.0235895 0.0383512 0.487982
0.115732 0.081241 0.353809 9.9991E-05 0.0249921 0.0168138 0.407312
9.9964E-05 0.118711 0.405417 9.9964E-05 9.9964E-05 9.9964E-05 0.475472
9.9973E-05 0.165814 0.215898 9.9973E-05 9.9973E-05 0.0707591 0.547229
0.119882 0.0291991 0.161441 9.9991E-05 0.0983811 0.102101 0.488895
9.9991E-05 0.0964658 0.612718 0.0385432 0.0564912 0.0557627 0.13992
0.0229957 9.9964E-05 0.444022 9.9964E-05 9.9964E-05 9.9964E-05 0.532582
9.9982E-05 9.9982E-05 0.500019 0.149148 0.0127685 0.0202983 0.317566
0.15867 0.0853034 0.0243246 9.9991E-05 0.0438218 0.242273 0.445507
0.0680958 0.0406358 0.420199 0.0994017 0.0266701 9.9991E-05 0.344898
0.0244288 0.114494 0.597654 9.9973E-05 9.9973E-05 9.9973E-05 0.263123
0.0421813 0.0361766 0.375674 0.0307246 9.9991E-05 0.00154522 0.513598
9.9982E-05 0.0821994 0.574797 0.00591725 9.9982E-05 0.03294 0.303947
0.00152769 9.9982E-05 0.390911 0.0696767 9.9982E-05 0.00291752 0.534767
0.00671867 9.9982E-05 0.33309 9.9982E-05 0.0712999 0.0582195 0.530472
9.9964E-05 9.9964E-05 0.822249 0.143708 9.9964E-05 9.9964E-05 0.0336428
0.112238 9.9991E-05 0.570566 0.120682 0.0388799 0.0137465 0.143788
0.00347158 9.9991E-05 0.563413 0.0820171 0.0224722 0.0410022 0.287524
9.9955E-05 9.9955E-05 0.719306 0.280194 9.9955E-05 9.9955E-05 9.9955E-05
0.0682963 0.04195 0.462389 0.0101054 0.0630467 0.040885 0.313327
9.9973E-05 9.9973E-05 0.615741 0.268692 0.076131 9.9973E-05 0.039136
9.9964E-05 0.00746399 0.612822 0.379315 9.9964E-05 9.9964E-05 9.9964E-05
0.0906773 0.0323675 0.33745 0.0318498 9.9991E-05 0.0394368 0.468118
0.0341472 0.182695 0.613822 9.9982E-05 9.9982E-05 0.0315038 0.137632
0.100019 0.114737 0.473711 9.9982E-05 0.0310922 9.9982E-05 0.280241
0.086341 0.0496558 0.246742 9.9982E-05 9.9982E-05 0.0887479 0.528313
0.0323297 0.0553632 0.36948 9.9982E-05 0.0273641 9.9982E-05 0.515263
0.0180325 0.354957 0.0644124 0.195051 9.9982E-05 9.9982E-05 0.367347
0.0200586 0.0360463 0.433412 9.9982E-05 0.000876525 9.9982E-05 0.509406
0.0042273 0.161379 0.314434 9.9982E-05 9.9982E-05 0.0372682 0.482491
9.9973E-05 9.9973E-05 0.68123 0.0415815 0.0127815 9.9973E-05 0.264107
0.0416815 9.9982E-05 0.236788 9.9982E-05 0.144779 0.104789 0.471762
9.9982E-05 0.26327 0.0148398 0.0367952 0.0754472 0.609448 9.9982E-05
0.00545728 0.0475329 0.0872599 9.9991E-05 0.104863 0.72006 0.0347269
9.9973E-05 0.121169 9.9973E-05 0.0776532 0.0125188 0.788359 9.9973E-05
9.9982E-05 0.0269577 0.0269696 0.0388497 0.138568 0.768455 9.9982E-05
9.9982E-05 0.00805874 9.9982E-05 0.00393986 0.223765 0.758657 0.00537875
0.0535489 0.213317 0.728956 9.9973E-05 9.9973E-05 0.003878 9.9973E-05
9.9991E-05 0.0789992 0.684679 0.0673364 0.0108018 0.0551655 0.102918
0.0100333 9.9973E-05 0.796634 0.135656 9.9973E-05 9.9973E-05 0.0573766
0.0818483 9.9982E-05 0.385126 9.9982E-05 0.0125211 0.0957231 0.424581
0.038683 9.9991E-05 0.249972 0.0112991 0.0657032 0.114035 0.520209
0.0279483 9.9991E-05 0.600069 0.0452461 0.0030287 0.0589469 0.264661
0.0854089 0.0121927 0.376136 0.000908921 9.9991E-05 0.00434003 0.520914
0.0259411 9.9982E-05 0.538965 0.0122095 9.9982E-05 0.0353569 0.387328
9.9973E-05 0.0720503 0.381812 9.9973E-05 9.9973E-05 0.0173331 0.528505
0.0737897 0.0385522 0.315302 9.9991E-05 0.10208 0.00806769 0.462108
9.9973E-05 0.158673 0.602055 9.9973E-05 0.0443444 9.9973E-05 0.194628
9.9973E-05 0.0571901 0.677276 9.9973E-05 9.9973E-05 0.0247623 0.240471
0.00689532 0.106417 0.67159 9.9982E-05 0.00248457 9.9982E-05 0.212413
9.9991E-05 0.0681131 0.0114061 0.168118 0.0604914 0.0601032 0.631668
9.9973E-05 0.0621483 0.524433 9.9973E-05 9.9973E-05 0.0712674 0.341851
9.9982E-05 0.0615038 0.480936 9.9982E-05 0.0106485 0.040239 0.406473
0.373242 9.9982E-05 0.0117529 9.9982E-05 0.0440156 0.0744631 0.496327
0.506272 9.9982E-05 9.9982E-05 0.0740197 0.0303152 0.0792837 0.30991
0.351886 9.9982E-05 9.9982E-05 0.0528172 0.00826168 0.137116 0.449719
0.493152 0.0121953 9.9982E-05 0.0268922 9.9982E-05 0.167107 0.300453
0.213045 0.0106657 9.9982E-05 9.9982E-05 0.000846791 0.214259 0.560984
0.0291471 9.9982E-05 0.302781 0.136018 9.9982E-05 0.063357 0.468497
0.591531 9.9964E-05 9.9964E-05 9.9964E-05 9.9964E-05 0.292242 0.115827
0.394897 9.9982E-05 0.0264913 0.0440734 9.9982E-05 0.143153 0.391185
0.193885 9.9991E-05 0.168712 0.110911 0.0926072 0.106319 0.327466
9.9982E-05 0.0656454 9.9982E-05 0.190295 0.00693488 0.12891 0.608016
0.0266944 0.113061 0.0601801 0.203372 0.076002 0.0929372 0.427754
0.0577054 9.9991E-05 0.0756359 0.102885 0.148766 0.0755797 0.539328
0.0320273 9.9991E-05 0.183063 0.1121 0.0586884 0.122465 0.491557
0.383922 9.9964E-05 9.9964E-05 9.9964E-05 9.9964E-05 0.224498 0.39118
0.385729 0.0423563 0.0621041 9.9982E-05 9.9982E-05 0.115804 0.393807
0.410556 9.9964E-05 9.9964E-05 9.9964E-05 9.9964E-05 0.121377 0.467668
0.317699 0.0283829 0.0128317 0.0570162 0.042894 0.0647707 0.476406
0.542771 9.9982E-05 0.0159674 0.0459739 9.9982E-05 0.119676 0.275412
0.34292 9.9982E-05 0.0107927 0.0401279 9.9982E-05 0.155419 0.450541
0.5729 9.9973E-05 9.9973E-05 0.0558458 9.9973E-05 0.122759 0.248195
0.39934 0.0811334 0.0210648 0.0407853 0.00651234 0.0311475 0.420017
0.0305282 9.9991E-05 0.0687329 0.203805 0.100822 0.0471126 0.548899
0.364455 0.0195092 0.0216139 0.0840143 0.0503799 0.12463 0.335398
0.645025 9.9973E-05 9.9973E-05 9.9973E-05 0.0273474 0.13283 0.194498
0.360625 0.127301 0.0470634 0.0111557 9.9991E-05 0.159095 0.29466
0.0303326 0.080576 0.177666 0.192069 0.192765 0.131118 0.195474
0.0415597 0.0815634 9.9982E-05 0.1927 9.9982E-05 0.0259904 0.657986
0.334144 0.0930931 0.117228 9.9982E-05 9.9982E-05 0.136771 0.318564
0.0253015 0.044933 0.0562323 0.078588 0.130144 0.0742682 0.590533
0.00175959 9.9991E-05 0.116721 0.129917 0.112331 0.159585 0.479586
0.266285 0.0177363 0.167663 0.00334947 0.0579865 0.152373 0.334606
0.245554 9.9973E-05 9.9973E-05 0.131343 9.9973E-05 0.231481 0.391323
0.0610474 9.99928E-05 0.0548596 0.0668827 0.114154 0.0837176 0.619239
0.405371 0.0304132 0.0700916 0.0596755 9.9991E-05 0.101206 0.333143
0.407765 9.9964E-05 9.9964E-05 9.9964E-05 9.9964E-05 0.151019 0.440816
0.545609 9.9973E-05 9.9973E-05 0.0234702 9.9973E-05 0.262362 0.168259
0.11481 0.00910324 0.0988694 0.0662272 0.0318504 0.0914139 0.587726
9.9991E-05 0.0744726 0.084704 0.166839 0.0799903 0.0919799 0.501914
9.9973E-05 9.9973E-05 9.9973E-05 0.531234 0.1386 0.0720889 0.257777
9.9991E-05 0.0315351 0.0965958 0.034644 0.0123945 0.195307 0.629424
0.0421142 0.226171 0.162923 0.113909 0.0776435 0.0926506 0.284588
0.092937 0.0335653 0.0258903 0.169207 9.9991E-05 0.186856 0.491444
0.0627693 0.0453356 0.155424 0.119178 9.9991E-05 0.140606 0.476587
0.235738 9.9964E-05 9.9964E-05 0.482474 9.9964E-05 0.281388 9.9964E-05
0.131472 9.9964E-05 9.9964E-05 0.608515 9.9964E-05 0.259614 9.9964E-05
0.0586037 0.115424 9.9982E-05 0.349546 9.9982E-05 0.160639 0.315587
0.21505 9.9973E-05 9.9973E-05 0.418601 9.9973E-05 0.357446 0.00860266
0.202305 9.9964E-05 9.9964E-05 0.385863 9.9964E-05 0.411432 9.9964E-05
0.13203 0.0849025 0.0600051 0.26068 9.9991E-05 0.0918799 0.370403
0.198063 0.0306811 0.0260634 0.171251 0.0153901 0.171692 0.386859
0.100853 9.9991E-05 0.0871902 0.300923 0.02136 0.299513 0.190061
0.20487 0.0289043 9.9982E-05 0.478714 9.9982E-05 0.22757 0.059743
0.136904 0.0306536 0.109089 0.111929 0.040349 0.175702 0.395374
0.207725 0.0152157 0.0848404 0.421229 9.9991E-05 0.168494 0.102396
0.0564204 9.9964E-05 9.9964E-05 0.518698 9.9964E-05 0.424482 9.9964E-05
0.0874312 0.141255 9.9991E-05 0.0389199 0.0082738 0.202796 0.521224
0.192087 9.9973E-05 9.9973E-05 0.237165 9.9973E-05 0.150863 0.419585
0.10675 0.0311643 0.0448452 9.9991E-05 0.0114015 0.340505 0.465234
0.229648 9.9964E-05 9.9964E-05 9.9964E-05 9.9964E-05 0.176043 0.593909
0.197045 9.9991E-05 0.0647355 0.0522144 0.0254526 0.187535 0.472917
0.241881 9.9991E-05 0.00698109 0.029522 0.0511941 0.149003 0.521319
0.192485 0.0573822 9.9982E-05 0.0345479 9.9982E-05 0.373266 0.342118
0.116258 0.0614125 9.9991E-05 0.00990856 0.00788148 0.218006 0.586433
0.283054 9.9982E-05 0.0508757 9.9982E-05 0.0287557 0.186679 0.450436
0.217338 9.9991E-05 0.0565877 0.120812 0.0603564 0.281733 0.263073
0.146408 0.213984 0.233475 9.9982E-05 9.9982E-05 0.181684 0.224249
0.102423 0.0367953 0.1092 0.0271888 0.0577988 0.18832 0.478275
0.114623 0.0591095 0.0663989 0.0467691 0.034259 0.199652 0.479189
0.0394054 0.116249 9.9991E-05 0.0271073 0.0142042 0.0919117 0.711023
0.206465 9.9982E-05 9.9982E-05 0.053692 0.0435693 0.292984 0.40309
0.169338 9.9991E-05 0.0226995 0.030734 0.00453083 0.247468 0.52513
0.168904 9.9973E-05 9.9973E-05 0.25103 9.9973E-05 0.358862 0.220903
0.289424 0.0112996 9.9991E-05 0.000493643 0.0753905 0.167974 0.455318
0.278233 9.9991E-05 0.0032613 0.146848 0.0246091 0.289902 0.257046
9.9982E-05 0.0769106 0.0418712 0.0102037 0.0725585 0.798256 9.9982E-05
0.00762841 0.59719 0.0021466 9.9991E-05 0.266047 0.100648 0.0262395
9.9964E-05 0.732733 9.9964E-05 9.9964E-05 0.254137 0.0127303 9.9964E-05
9.9964E-05 0.682377 9.9964E-05 9.9964E-05 0.305174 0.012049 9.9964E-05
9.9955E-05 0.678013 9.9955E-05 9.9955E-05 0.321487 9.9955E-05 9.9955E-05
9.9955E-05 0.761408 9.9955E-05 9.9955E-05 0.238093 9.9955E-05 9.9955E-05
9.9964E-05 0.612666 9.9964E-05 9.9964E-05 0.368494 9.9964E-05 0.0184401
9.9964E-05 0.702343 9.9964E-05 9.9964E-05 0.26239 0.0348673 9.9964E-05
9.9964E-05 0.552804 9.9964E-05 9.9964E-05 0.25847 0.188326 9.9964E-05
0.0214182 0.0403086 9.9973E-05 9.9973E-05 9.9973E-05 0.902667 0.0353064
0.0264724 0.0809238 9.9991E-05 0.00837548 0.0362933 0.806107 0.0417275
0.00876307 9.9973E-05 0.023932 9.9973E-05 9.9973E-05 0.880172 0.086833
9.9973E-05 0.105613 9.9973E-05 0.0827302 9.9973E-05 0.781075 0.0302816
0.0251415 9.9982E-05 0.0398108 9.9982E-05 0.034623 0.895348 0.00487662
0.041567 9.9982E-05 0.00590642 0.0313181 0.0790849 0.841924 9.9982E-05
0.178945 9.9973E-05 9.9973E-05 9.9973E-05 0.10932 0.695641 0.0157938
0.0586798 9.9973E-05 0.0589514 9.9973E-05 0.0396448 0.842424 9.9973E-05
0.0552925 0.0330664 0.0380313 9.9991E-05 0.148508 0.672441 0.0525604
0.0677359 9.9973E-05 0.0262596 9.9973E-05 0.0238632 0.881841 9.9973E-05
9.9955E-05 9.9955E-05 9.9955E-05 9.9955E-05 0.0467277 0.952772 9.9955E-05
0.0640924 0.039949 9.9982E-05 9.9982E-05 0.0760853 0.806377 0.0132966
0.0300189 9.9964E-05 9.9964E-05 9.9964E-05 0.114599 0.854982 9.9964E-05
0.0290768 9.9973E-05 9.9973E-05 9.9973E-05 0.0250829 0.884236 0.0613043
0.024519 9.9973E-05 0.0623592 9.9973E-05 9.9973E-05 0.862092 0.0507298
9.9955E-05 9.9955E-05 9.9955E-05 9.9955E-05 9.9955E-05 0.855128 0.144372
0.115058 9.9964E-05 9.9964E-05 9.9964E-05 9.9964E-05 0.777908 0.106633
0.101978 9.9973E-05 9.9973E-05 9.9973E-05 0.00261626 0.769014 0.126092
0.0463288 9.9964E-05 9.9964E-05 9.9964E-05 9.9964E-05 0.804863 0.148408
0.0333366 0.00466716 0.0178964 0.207179 0.178272 0.122671 0.435978
9.9991E-05 0.0130767 0.0941195 0.0552497 0.0746641 0.0313017 0.731488
9.9991E-05 0.0429393 0.0582391 0.0425412 0.137307 0.113887 0.604986
9.9982E-05 9.9982E-05 0.0368898 0.657262 0.113246 0.0111873 0.181215
9.9982E-05 0.149784 9.9982E-05 0.132579 0.093854 0.0891611 0.534422
9.9973E-05 9.9973E-05 9.9973E-05 0.621049 0.0837281 0.112458 0.182465
0.00513174 9.9982E-05 9.9982E-05 0.171077 0.106591 0.0524367 0.664563
9.9991E-05 0.0369738 0.0840074 0.162967 0.187062 0.111278 0.417613
9.9991E-05 0.0357822 0.0831635 0.169921 0.11983 0.0535068 0.537697
9.9973E-05 9.9973E-05 0.473054 9.9973E-05 0.0235087 0.0938861 0.409251
9.9991E-05 0.0389374 0.0244397 0.18395 0.168013 0.0886079 0.495952
9.9991E-05 0.0218609 0.0127624 0.127039 0.126838 0.0489439 0.662456
0.012916 9.9991E-05 0.0757921 0.0647828 0.201966 0.0759032 0.56854
0.0677866 0.519804 0.122283 0.283955 0.00597152 9.9982E-05 9.9982E-05
9.9964E-05 9.9964E-05 0.0346129 0.688699 0.276288 9.9964E-05 9.9964E-05
9.9973E-05 9.9973E-05 9.9973E-05 0.534121 0.168609 0.0359978 0.260973
0.0565502 0.00240938 0.0589312 0.152616 0.116524 0.0344201 0.578549
9.9973E-05 9.9973E-05 9.9973E-05 0.27176 0.0430419 0.0977526 0.587146
0.00769296 9.9991E-05 0.00832527 0.265373 0.0673902 0.0844551 0.566663
9.9982E-05 9.9982E-05 0.128871 0.0976164 0.037017 0.114913 0.621382
