0.0617576 0.0584443 9.9973E-05 0.00522153 9.9973E-05 9.9973E-05 0.874277
0.0262007 0.0277581 9.9982E-05 9.9982E-05 0.0275504 0.0192935 0.898997
0.0319648 0.074532 0.0178606 0.111908 9.9982E-05 9.9982E-05 0.763534
0.12285 0.0672261 0.0851989 0.00442638 9.9982E-05 9.9982E-05 0.720098
0.00572358 9.9973E-05 0.032241 0.06545 9.9973E-05 9.9973E-05 0.896286
0.0679434 0.0545904 0.0497483 0.0211733 0.148896 0.0754475 0.582201
0.0817871 0.0586088 0.00239273 9.9982E-05 9.9982E-05 0.0838346 0.773177
0.10874 0.0495929 0.0160255 0.0041014 9.9991E-05 0.106029 0.715411
0.0850096 0.0255228 9.9982E-05 9.9982E-05 0.0413587 0.0330479 0.814861
0.121925 0.0582494 0.036421 0.0791171 9.9991E-05 0.0503325 0.653855
0.133578 9.9982E-05 9.9982E-05 0.0382965 0.0104804 0.105552 0.711893
0.433637 0.00469122 0.124566 0.210103 0.226803 9.9982E-05 9.9982E-05
0.236318 0.0660925 0.0631272 0.503875 0.0446621 0.0858254 9.9991E-05
0.449833 0.0231992 0.0528568 0.284429 0.0425016 0.137577 0.00960337
0.337482 0.0425881 0.114299 0.344888 0.103285 0.0573587 9.9991E-05
0.209119 0.0259225 0.142601 0.32205 0.0959609 0.123051 0.0812946
0.152592 0.0197388 0.0436378 0.572659 0.0692292 0.0743551 0.067788
0.209327 0.0521078 0.0377414 0.461428 0.157088 0.0822085 9.9991E-05
0.310538 0.0183201 0.105238 0.287374 0.16686 9.9991E-05 0.111571
0.618733 0.0378564 0.0802622 9.9991E-05 0.0808686 0.178169 0.00401005
0.221375 0.0660556 0.1331 0.26821 0.255574 0.0555856 9.9991E-05
0.140878 0.0499837 0.014743 0.467083 0.118347 0.208865 9.9991E-05
0.200905 9.9973E-05 9.9973E-05 0.562634 0.197955 9.9973E-05 0.0382047
0.301068 0.0349561 0.111664 0.292983 0.164346 0.0948818 9.9991E-05
0.0592743 0.0341583 0.08997 0.604944 0.0705108 0.0857167 0.0554258
0.229977 0.0481494 0.020801 0.619943 0.0155554 0.0654752 9.9991E-05
0.463787 0.0425702 0.124923 0.152555 0.215966 9.9982E-05 9.9982E-05
0.451872 0.0127053 0.250704 0.156887 0.0857061 0.0303381 0.0117876
0.432154 9.9982E-05 0.0170545 0.251937 0.0264323 0.272222 9.9982E-05
9.995E-05 0.9994 9.995E-05 9.995E-05 9.995E-05 9.995E-05 9.995E-05
9.995E-05 0.9994 9.995E-05 9.995E-05 9.995E-05 9.995E-05 9.995E-05
0.0120613 0.400911 0.0121079 0.0735189 0.00787527 9.9991E-05 0.493425
9.9982E-05 0.319022 0.0620535 0.0875244 0.0239471 9.9982E-05 0.507253
0.0512373 0.0211398 9.9991E-05 0.509493 0.347799 0.00216887 0.0680618
0.0530247 0.0220173 0.0893967 0.457795 0.266559 0.0371497 0.0740575
9.9982E-05 0.015732 0.0258442 0.572397 0.35672 9.9982E-05 0.0291075
0.547068 0.0549175 0.0183626 0.179965 0.151736 9.9991E-05 0.0478502
0.00523668 0.0135493 0.0623773 0.269284 0.592406 0.0570469 9.9991E-05
0.133827 0.0100099 0.012433 0.497194 0.20345 0.0308216 0.112264
9.9964E-05 9.9964E-05 9.9964E-05 0.708233 0.20566 9.9964E-05 0.085707
0.0458355 0.0741661 9.9991E-05 0.591015 0.101943 0.148864 0.0380765
0.0453394 0.0469551 0.00257705 0.723437 0.077896 0.0149954 0.0888001
0.0503232 0.0318673 0.0157091 0.0761167 0.788318 9.9991E-05 0.0375662
0.0295805 0.0246396 0.0663841 0.607878 0.121906 0.149513 9.9991E-05
9.9982E-05 9.9982E-05 0.0867054 0.515276 0.266484 0.0450075 0.0863276
0.0465107 0.0404438 0.0810637 0.488337 0.160566 0.0951202 0.0879582
9.9973E-05 9.9973E-05 9.9973E-05 0.292808 0.644836 0.047167 0.0148898
9.999E-05 0.0306408 0.0239311 0.562998 0.30177 0.0214636 0.0590962
9.9991E-05 0.00974211 0.0538489 0.453936 0.305816 0.0504809 0.126076
9.9964E-05 9.9964E-05 9.9964E-05 9.9964E-05 0.593041 0.353808 0.0527511
0.474918 9.9973E-05 9.9973E-05 0.154546 0.261909 0.108328 9.9973E-05
0.214969 9.9991E-05 0.0490789 0.0772344 0.18534 0.466642 0.00663654
0.145804 0.0822606 0.0548262 0.491863 0.127264 0.0500842 0.0478974
0.0366093 9.9991E-05 0.125874 0.506291 0.0712111 0.169842 0.0900719
0.0419078 9.9991E-05 0.0774571 0.549604 0.0971806 0.189481 0.04427
0.332101 9.9982E-05 9.9982E-05 0.139994 0.304608 0.143959 0.0791381
0.220794 0.0715258 0.0241643 0.548078 0.131127 0.0042108 9.9991E-05
0.15946 0.0033563 0.112542 0.524883 0.0337058 0.113186 0.0528681
0.182315 0.00498545 0.110157 0.251989 0.229611 0.106171 0.114772
0.302886 0.0221737 0.0341686 0.0925753 0.142624 0.220271 0.185302
0.0953535 0.066339 9.9991E-05 0.491091 0.209278 0.0126092 0.125229
0.245741 0.0221414 0.029539 0.418935 0.0574577 0.0865162 0.13967
0.588507 0.0451417 9.9991E-05 0.0675618 0.149584 0.125673 0.0234319
0.225201 0.0106614 9.9982E-05 0.535661 0.160134 0.0681422 9.9982E-05
0.00840423 0.0170097 0.0107658 0.613883 0.160869 0.166162 0.0229065
0.148401 0.0675114 0.0194072 0.504579 0.134934 0.125067 9.9991E-05
0.166345 0.0244865 0.053821 0.269377 0.24953 0.163999 0.0724413
0.107946 0.0873852 0.0554778 0.494885 0.0906184 0.163588 9.9991E-05
0.045653 0.0375851 0.0583941 0.553363 0.10837 0.128764 0.0678712
0.328473 0.0826475 9.9982E-05 0.210325 0.202377 0.175978 9.9982E-05
0.0374648 0.00959966 9.9973E-05 0.529744 0.422892 9.9973E-05 9.9973E-05
0.0768155 0.0482752 0.000942783 0.0845628 0.789204 9.9982E-05 9.9982E-05
0.114238 9.9991E-05 0.0576489 0.495905 0.206714 0.00848802 0.116907
9.9955E-05 9.9955E-05 9.9955E-05 9.9955E-05 0.812654 0.186846 9.9955E-05
0.026623 9.9964E-05 9.9964E-05 9.9964E-05 0.838121 0.134856 9.9964E-05
0.00925437 9.9973E-05 9.9973E-05 0.273867 0.70812 0.00845861 9.9973E-05
9.9973E-05 0.0367523 9.9973E-05 0.413721 0.531329 9.9973E-05 0.0178982
0.0871527 0.0460932 0.0441355 0.489241 0.221627 0.00765044 0.104101
0.0308169 0.063398 0.0054086 0.407206 0.492971 9.9982E-05 9.9982E-05
0.125738 0.0209429 0.00252546 0.124938 0.702612 9.9991E-05 0.0231435
0.23227 0.0119335 9.9982E-05 0.176373 0.537604 9.9982E-05 0.0416198
0.121031 0.00276739 0.075421 0.53613 0.179291 9.9991E-05 0.0852596
0.0365025 0.0283283 0.0854986 0.181417 0.652164 9.9991E-05 0.0159895
0.0088506 0.0521099 0.0124696 0.382705 0.479339 9.9991E-05 0.0644253
9.9964E-05 9.9964E-05 9.9964E-05 0.398507 0.557105 0.0439887 9.9964E-05
9.9955E-05 9.9955E-05 9.9955E-05 9.9955E-05 0.714842 0.284659 9.9955E-05
9.9991E-05 0.0185247 0.0154496 0.644654 0.209051 0.0585122 0.0537088
0.0712092 0.0327954 0.00411304 0.118949 9.9982E-05 9.9982E-05 0.772734
9.9964E-05 0.114551 9.9964E-05 0.0652925 9.9964E-05 9.9964E-05 0.819757
9.9973E-05 0.148572 0.00407543 0.100497 9.9973E-05 9.9973E-05 0.746556
9.9973E-05 0.116222 9.9973E-05 0.0318237 9.9973E-05 0.014931 0.836723
9.9982E-05 0.121308 0.000781408 0.0738119 9.9982E-05 0.030618 0.773281
0.0126836 0.0835356 0.0297183 0.0199916 9.9991E-05 0.0184218 0.835549
9.9982E-05 0.0762008 0.00866488 0.0538823 0.0117662 9.9982E-05 0.849286
0.150457 0.0177619 0.0814858 0.445626 0.157868 0.0209187 0.125882
0.00910489 9.9991E-05 0.0647767 0.567177 0.208932 0.0641293 0.08578
0.126969 9.9964E-05 9.9964E-05 9.9964E-05 0.806204 9.9964E-05 0.0664274
0.0224803 0.0637048 0.0661624 0.492103 0.215783 0.0661362 0.0736299
0.137963 0.0231868 9.9982E-05 0.425021 0.37197 9.9982E-05 0.0416598
9.9982E-05 0.0653248 9.9982E-05 0.544388 0.32328 0.0352889 0.0315186
9.9982E-05 9.9982E-05 0.0454666 0.536378 0.31465 0.0165297 0.0867764
9.9991E-05 0.0357871 0.0562775 0.469612 0.423035 0.0101222 0.00506685
0.223649 9.9964E-05 9.9964E-05 9.9964E-05 0.737981 9.9964E-05 0.0379698
0.00187695 0.0433432 0.00810741 0.529866 0.267528 0.012743 0.136535
9.9991E-05 0.00991297 0.0199099 0.651853 0.165451 0.0644104 0.088362
0.0186125 9.9991E-05 0.0683785 0.552272 0.131706 0.0407054 0.188226
9.9991E-05 0.0569537 0.0318947 0.208838 0.486495 0.190982 0.0247367
0.015425 0.00499669 0.00780216 0.48749 0.381211 0.0526174 0.0504579
0.0466519 0.00393469 9.9991E-05 0.418237 0.413482 0.0639829 0.053611
9.9982E-05 0.00450742 0.112123 0.299817 0.581668 0.00168414 9.9982E-05
0.0583499 0.00608291 0.0132473 0.43584 0.38372 0.00500395 0.0977556
0.0413466 0.0166434 0.0477255 0.502498 0.225654 0.0930366 0.0730956
0.377015 0.0305055 0.0315128 0.190059 0.0608578 0.301267 0.00878303
0.253986 0.0332811 0.0681761 0.387437 0.119117 0.00787828 0.130125
0.245198 0.0177891 0.106178 0.476308 0.0119438 0.0561986 0.0863852
0.0905168 9.9991E-05 0.0766021 0.547955 0.190886 0.00451872 0.0894221
0.364021 0.0714124 9.9973E-05 0.498673 9.9973E-05 0.0655937 9.9973E-05
0.282207 0.00802921 0.0346711 0.56439 0.0369416 0.0467207 0.0270397
0.419515 9.9991E-05 0.0290866 0.491147 0.0389613 0.0168063 0.00438376
0.186072 9.9982E-05 9.9982E-05 0.525485 0.0173775 0.128863 0.142002
0.130952 9.9973E-05 9.9973E-05 0.592729 9.9973E-05 0.174543 0.101476
0.169645 0.0584659 9.9982E-05 0.578664 0.110245 0.0827814 9.9982E-05
0.224708 0.0142191 9.9982E-05 0.561493 0.0873172 0.112063 9.9982E-05
0.0669848 9.9982E-05 0.0857813 0.647313 9.9982E-05 0.161451 0.0382703
0.15317 9.9982E-05 0.0444005 0.523491 9.9982E-05 0.176506 0.102233
0.249011 9.9973E-05 0.0852851 0.578828 0.0865754 9.9973E-05 9.9973E-05
0.175552 0.0091961 0.0346121 0.573796 9.9991E-05 0.140564 0.0661796
0.179765 9.9982E-05 0.0918638 0.609223 0.051104 0.0678436 9.9982E-05
0.294363 0.0252948 9.9982E-05 0.380907 9.9982E-05 0.178316 0.120919
0.189177 0.00665131 0.0943682 0.594991 0.090565 9.9991E-05 0.0241476
0.0914823 0.00287546 9.9982E-05 0.786273 9.9982E-05 0.0557657 0.0634035
0.466542 0.0352451 0.0604411 0.280802 0.0932902 0.0635795 9.9991E-05
0.316898 9.9991E-05 0.0203579 0.204266 0.101086 0.31635 0.0409428
0.184247 0.0256916 0.0124462 0.581282 0.0946379 9.9991E-05 0.101595
0.303078 9.9982E-05 0.017575 0.148243 0.159264 0.37164 9.9982E-05
0.388097 0.0171401 9.9991E-05 0.336216 0.111754 0.119443 0.0272504
0.347056 9.9982E-05 9.9982E-05 0.459373 0.146983 0.0426335 0.00375463
0.472852 0.0292443 9.9973E-05 0.291329 0.206275 9.9973E-05 9.9973E-05
0.54633 9.9991E-05 0.0170789 0.344176 0.0655462 0.0165683 0.010201
0.0378841 0.0189923 0.0386938 0.595752 0.149091 0.0710711 0.0885155
0.113856 0.0216459 0.00133218 0.574968 0.0649622 0.0628201 0.160416
0.206195 0.04031 0.0118047 0.532457 0.15304 9.9991E-05 0.0560942
0.32842 0.0505415 0.0604812 0.0769424 0.193028 0.290487 9.9991E-05
0.0698843 0.0487275 0.115647 0.503087 0.0384712 0.112068 0.112114
0.00429809 0.00639143 0.00143155 0.593622 0.139062 0.180429 0.0747647
0.093437 0.0147102 9.9991E-05 0.0576714 0.164871 0.573599 0.0956106
0.0253914 0.00474514 9.9991E-05 0.745634 0.0338599 0.0982832 0.0919865
0.0941575 9.9991E-05 0.0933859 0.255711 0.161656 0.327474 0.0675148
0.0884391 0.0162673 0.0947057 0.402235 0.110142 0.201667 0.0865439
0.0233107 0.0299734 9.9991E-05 0.294034 0.108028 0.446895 0.0976592
0.177712 0.0228137 9.9991E-05 0.265579 0.0872417 0.433923 0.01263
0.141372 0.0127148 9.9991E-05 0.482591 0.075324 0.222592 0.0653057
0.109957 0.0579457 0.103735 0.379567 0.0936374 0.213614 0.0415448
0.154188 0.0893913 0.102692 0.304964 0.102246 0.194187 0.0523317
0.130562 0.00773866 0.177904 9.9991E-05 0.261929 0.390291 0.0314757
0.0287759 0.0239883 0.0474197 0.568229 0.103822 0.184356 0.043409
0.0559987 9.9973E-05 9.9973E-05 0.401696 0.19744 0.344566 9.9973E-05
0.176041 9.9982E-05 9.9982E-05 0.478991 0.138229 0.195224 0.0113163
9.9991E-05 0.0414146 0.0101906 0.584434 0.155868 0.098812 0.109181
9.9991E-05 0.0618277 0.244174 0.165169 0.0223045 0.260726 0.2457
9.9973E-05 0.0268586 0.146483 9.9973E-05 9.9973E-05 0.31287 0.513488
9.9973E-05 0.0588585 0.119041 9.9973E-05 9.9973E-05 0.453695 0.368106
0.0172112 0.0229186 0.279489 0.115979 9.9991E-05 0.199965 0.364337
9.9982E-05 0.00174542 0.00567797 0.663836 0.0660268 0.262514 9.9982E-05
0.0924847 0.0363547 9.9982E-05 0.563758 0.15937 9.9982E-05 0.147832
9.9955E-05 9.9955E-05 0.709016 0.290484 9.9955E-05 9.9955E-05 9.9955E-05
0.141829 0.0146002 0.470495 0.256165 0.11671 9.9982E-05 9.9982E-05
0.0970346 9.9982E-05 0.466431 0.285458 0.123911 9.9982E-05 0.0269653
0.00493161 0.0179782 9.9982E-05 0.365899 0.0613628 0.549628 9.9982E-05
0.0567392 0.00712421 9.9991E-05 0.512897 0.040694 0.246627 0.135819
0.037461 9.9964E-05 9.9964E-05 0.277373 9.9964E-05 0.684767 9.9964E-05
9.9991E-05 0.00579041 0.00959453 0.563187 0.074635 0.286884 0.0598095
0.0321848 9.9982E-05 0.0573059 0.456111 0.148913 0.305284 9.9982E-05
0.0133222 9.9982E-05 0.0385138 0.592017 0.0446874 0.311259 9.9982E-05
0.0824622 9.9982E-05 0.0140975 0.213237 0.0849903 0.605013 9.9982E-05
0.00620336 0.0297066 0.0419175 0.629391 0.0964062 0.147948 0.0484273
0.0522538 0.00817637 0.0109754 0.619665 0.0077717 0.228245 0.0729132
9.9955E-05 9.9955E-05 0.95937 9.9955E-05 0.0401305 9.9955E-05 9.9955E-05
9.9973E-05 9.9973E-05 0.886503 0.0363232 0.0671611 0.0097127 9.9973E-05
0.00649998 0.00536217 0.613089 0.250593 0.079731 0.00863336 0.036091
9.9964E-05 9.9964E-05 0.661463 0.329717 9.9964E-05 9.9964E-05 0.00841925
0.0313209 0.0190971 0.808474 0.0547979 0.0861098 9.9982E-05 9.9982E-05
9.995E-05 9.995E-05 0.9994 9.995E-05 9.995E-05 9.995E-05 9.995E-05
0.0302457 9.9964E-05 0.963344 9.9964E-05 0.00601083 9.9964E-05 9.9964E-05
9.9955E-05 9.9955E-05 0.845746 0.153754 9.9955E-05 9.9955E-05 9.9955E-05
9.9964E-05 9.9964E-05 0.910423 0.0621179 0.0270591 9.9964E-05 9.9964E-05
9.9964E-05 0.00807319 0.982704 9.9964E-05 9.9964E-05 0.00882275 9.9964E-05
9.9955E-05 0.0322867 0.967214 9.9955E-05 9.9955E-05 9.9955E-05 9.9955E-05
0.024052 0.0762864 0.736372 0.154607 0.00848285 9.9982E-05 9.9982E-05
0.0289525 9.9973E-05 0.816135 0.109613 9.9973E-05 9.9973E-05 0.0450002
9.9964E-05 0.00305979 0.95497 9.9964E-05 0.0415703 9.9964E-05 9.9964E-05
0.100853 0.055757 0.421695 0.245887 0.147497 9.9991E-05 0.0282112
9.9982E-05 0.0255248 0.627242 0.267256 9.9982E-05 0.0384026 0.0413754
0.0543429 0.00112262 0.729908 0.156326 9.9991E-05 0.00554875 0.0526519
0.052524 0.0550767 0.847476 0.0446236 9.99763E-05 9.99763E-05 9.99763E-05
9.9955E-05 9.9955E-05 0.972467 0.0270335 9.9955E-05 9.9955E-05 9.9955E-05
9.9964E-05 9.9964E-05 0.822789 0.0884761 9.9964E-05 9.9964E-05 0.0883353
9.9955E-05 9.9955E-05 0.978824 9.9955E-05 9.9955E-05 9.9955E-05 0.0206765
0.103199 0.00185249 0.610429 0.230428 9.9982E-05 9.9982E-05 0.0538915
0.00720154 0.00664176 0.89981 0.01659 0.0695569 9.9982E-05 9.9982E-05
9.9964E-05 9.9964E-05 0.0346434 9.9964E-05 9.9964E-05 0.622533 0.342423
0.129506 0.0453817 0.122209 0.390019 9.9991E-05 0.201636 0.111149
9.9973E-05 9.9973E-05 9.9973E-05 0.479115 0.0741914 0.13394 0.312453
9.9991E-05 0.0351679 0.112865 0.167467 0.00497272 0.474459 0.204968
0.0548396 0.0380896 0.128871 0.462952 9.9991E-05 0.228855 0.0862929
9.9991E-05 0.0995075 0.0595662 0.175718 0.0869632 0.339321 0.238824
0.098143 0.0136841 0.0534551 0.439167 9.9991E-05 0.173617 0.221834
9.9973E-05 9.9973E-05 0.180165 0.315879 9.9973E-05 0.400924 0.102731
0.0624335 0.104758 0.128456 0.424271 9.9991E-05 0.212581 0.0674013
9.9982E-05 0.0287719 0.158496 0.329849 9.9982E-05 0.337606 0.145077
0.0880411 0.0311229 0.0785772 0.457486 9.9991E-05 0.17444 0.170233
0.0710995 9.9973E-05 9.9973E-05 0.0442831 9.9973E-05 0.0294874 0.85483
9.9982E-05 0.0749677 0.0466427 9.9982E-05 0.024485 0.0224763 0.831228
0.0433325 0.0661712 9.9973E-05 9.9973E-05 0.00353641 9.9973E-05 0.88666
0.0268239 0.0707126 9.9964E-05 9.9964E-05 9.9964E-05 9.9964E-05 0.902064
0.0854849 0.14439 0.00271655 9.9973E-05 9.9973E-05 9.9973E-05 0.767108
9.9973E-05 0.0801019 0.0633728 9.9973E-05 0.0185399 9.9973E-05 0.837686
0.0305048 0.077479 0.0533509 0.0145909 0.00333957 9.9991E-05 0.820635
0.0603582 0.0631858 0.0187837 0.00478964 0.0110483 0.0399629 0.801871
9.9982E-05 0.0585577 0.0071482 0.0308171 0.0324267 9.9982E-05 0.87085
9.9982E-05 0.022002 0.0817281 0.0299698 9.9982E-05 0.0183379 0.847762
0.267773 0.0426229 0.0144247 9.9991E-05 0.0881743 0.0351264 0.551778
0.326925 0.0353152 9.9973E-05 9.9973E-05 0.0681316 9.9973E-05 0.569328
0.292446 0.0496612 9.9973E-05 9.9973E-05 9.9973E-05 0.190742 0.466851
0.334238 9.9973E-05 9.9973E-05 9.9973E-05 0.102627 0.0561457 0.506689
0.0584175 0.00609153 9.9982E-05 0.519255 0.32922 9.9982E-05 0.0868159
0.0437564 9.9973E-05 0.0924785 0.432045 0.43142 9.9973E-05 9.9973E-05
0.152594 0.0371666 9.9982E-05 0.605602 0.165418 9.9982E-05 0.0390196
0.284173 9.9991E-05 0.00530565 0.393988 0.280081 0.012376 0.0239765
0.615956 9.9982E-05 0.0373214 0.14452 0.15276 0.0492418 9.9982E-05
0.0073387 0.0576758 0.033585 0.617958 0.184761 0.00546178 0.0932204
0.059475 9.9991E-05 0.020466 0.600969 0.315173 0.00183674 0.00197979
0.0435711 0.0142119 9.9991E-05 0.576396 0.247525 0.109413 0.00878425
9.9982E-05 9.9982E-05 0.072936 0.338844 0.522857 0.0547869 0.0103768
0.11401 0.0168308 0.0925463 0.558883 0.17649 0.0401351 0.00110532
0.124834 0.0390424 9.9982E-05 0.379018 0.444386 0.0125191 9.9982E-05
0.0322995 9.9964E-05 9.9964E-05 9.9964E-05 0.771716 0.195584 9.9964E-05
0.135177 0.0329046 0.0124899 0.593325 0.107671 0.0895441 0.0288882
9.9964E-05 9.9964E-05 9.9964E-05 0.251274 0.512119 0.236208 9.9964E-05
0.0130403 0.0235682 9.9982E-05 0.501967 0.400971 0.0602536 9.9982E-05
0.178695 9.9973E-05 9.9973E-05 0.0710902 0.67858 9.9973E-05 0.0713345
0.71922 9.9973E-05 9.9973E-05 0.0156527 9.9973E-05 0.125065 0.139762
0.72903 9.9973E-05 9.9973E-05 0.0480259 9.9973E-05 0.113237 0.109407
0.812263 0.0039877 9.9982E-05 0.00405677 9.9982E-05 0.125338 0.0541548
0.767435 0.00498412 9.9982E-05 9.9982E-05 0.0536468 0.0355697 0.138164
0.825827 9.9973E-05 9.9973E-05 0.105385 9.9973E-05 0.0578141 0.0106734
0.766356 9.9982E-05 0.0306658 0.0866103 9.9982E-05 0.0451963 0.0709715
9.9973E-05 0.0665381 0.0119579 0.0685751 9.9973E-05 9.9973E-05 0.852629
0.0274575 0.0425591 0.0138564 0.0849765 9.9982E-05 9.9982E-05 0.830951
9.9982E-05 0.0434409 0.138727 0.101145 9.9982E-05 0.0196611 0.696827
0.105521 0.0756053 0.096693 0.0067603 9.9982E-05 9.9982E-05 0.715221
0.0586013 0.0163593 0.0919963 0.0513215 9.9982E-05 9.9982E-05 0.781522
0.559611 0.0599676 9.9982E-05 9.9982E-05 0.0073813 0.0356133 0.337227
0.423469 0.0511483 9.9982E-05 9.9982E-05 0.0286548 0.059303 0.437225
0.430917 0.0453565 9.9973E-05 9.9973E-05 0.114405 9.9973E-05 0.409022
9.995E-05 0.9994 9.995E-05 9.995E-05 9.995E-05 9.995E-05 9.995E-05
0.455707 0.0529623 9.9982E-05 9.9982E-05 0.0664657 0.0696871 0.354978
9.9982E-05 0.0113086 0.344753 0.280416 9.9982E-05 0.156458 0.206864
0.0561889 0.0240207 0.25351 0.418465 0.1035 0.0578274 0.086487
9.9973E-05 0.0382907 0.242962 0.509086 9.9973E-05 9.9973E-05 0.209361
9.9991E-05 0.0125796 0.244045 0.334124 0.0845043 0.10337 0.221276
0.144385 9.9991E-05 0.145172 0.44477 0.0313117 0.0283381 0.205924
9.9964E-05 9.9964E-05 0.31359 9.9964E-05 9.9964E-05 0.280914 0.405096
0.356718 9.9973E-05 9.9973E-05 0.422198 0.177776 0.0430087 9.9973E-05
0.14207 0.0141669 9.9982E-05 0.455275 0.0698455 0.318442 9.9982E-05
0.518528 0.0679257 9.9991E-05 0.266824 0.0966358 0.0453004 0.00468604
0.14405 9.9973E-05 9.9973E-05 0.53114 0.14579 0.17872 9.9973E-05
0.194526 9.9964E-05 9.9964E-05 9.9964E-05 0.174605 0.630469 9.9964E-05
0.177176 0.0480612 0.0811539 0.515813 0.0546879 0.0917594 0.0313485
0.196348 0.00782227 0.018489 0.446648 0.123768 0.157518 0.0494068
0.427057 0.0504684 9.9982E-05 0.354634 0.129635 0.0380056 9.9982E-05
0.103039 9.9982E-05 0.0429243 0.483749 0.247967 9.9982E-05 0.12212
0.295839 9.9973E-05 9.9973E-05 0.171607 0.119087 0.413167 9.9973E-05
0.159588 0.000158547 0.032385 0.490244 0.109986 0.207538 9.9991E-05
0.214579 0.0550884 9.9982E-05 0.644519 0.0287009 0.0569132 9.9982E-05
0.103306 9.9991E-05 0.176837 0.40054 0.107366 0.0729493 0.138902
0.267343 9.9973E-05 9.9973E-05 0.447396 0.0243913 0.26057 9.9973E-05
0.283416 0.0178807 0.0558775 0.40372 0.112092 0.126914 9.9991E-05
0.147759 9.9982E-05 0.0900069 0.428763 0.18266 0.150611 9.9982E-05
0.184645 9.9991E-05 0.0260714 0.519635 0.17084 0.0673012 0.0314085
0.0669326 9.9991E-05 0.0782985 0.63598 0.0806031 0.0904371 0.0476487
0.10756 0.0166729 0.125055 0.537821 0.074849 0.128183 0.00985864
0.129845 9.9982E-05 9.9982E-05 0.543485 0.147453 0.0636309 0.115386
9.9964E-05 9.9964E-05 0.0401611 0.156419 9.9964E-05 9.9964E-05 0.80302
9.9973E-05 9.9973E-05 0.00965877 0.113564 0.0230257 9.9973E-05 0.853451
0.0317164 9.9991E-05 0.00197094 0.106918 0.0164358 0.0515507 0.791308
9.9982E-05 0.0324701 0.0310397 0.0391308 0.0889549 9.9982E-05 0.808205
9.9973E-05 0.0589787 0.0346946 0.0962934 9.9973E-05 9.9973E-05 0.809733
0.538558 0.0192284 0.069803 0.187409 0.107703 0.0608309 0.0164673
0.180353 0.01269 0.0499206 0.438405 0.0993194 0.176657 0.042655
9.9982E-05 9.9982E-05 0.0977313 0.519941 0.107569 0.134777 0.139782
0.145773 0.0157361 0.0760869 0.588594 0.151141 0.00503896 0.0176305
0.26114 0.0196957 9.9991E-05 0.519539 0.102487 0.0241716 0.0728657
0.318863 0.0333157 0.0688054 0.277973 0.00324245 0.2977 9.9991E-05
0.563012 0.0350288 9.9982E-05 9.9982E-05 0.147627 0.109629 0.144503
0.257862 0.00282592 0.0353743 0.50653 0.122728 0.0484069 0.0262729
0.500901 0.0195272 0.0633159 0.17615 0.0788711 0.102055 0.0591798
0.242065 9.9991E-05 0.0488574 0.372471 0.0895916 0.2039 0.0430143
0.477872 0.00960765 9.9991E-05 0.141697 0.110109 0.14998 0.110634
0.186549 0.0117939 0.090369 0.541066 0.0249886 0.0156645 0.129569
0.51911 0.0173411 0.0498908 0.135916 0.147432 0.0758029 0.0545074
0.3296 0.026037 0.0894215 0.381926 0.0723676 0.100548 9.9991E-05
0.0166264 0.0205202 0.0718279 0.581838 9.9991E-05 0.260035 0.049052
0.0833369 9.9973E-05 9.9973E-05 0.362966 9.9973E-05 0.531382 0.0220152
9.9982E-05 0.00559538 9.9982E-05 0.624402 0.0146045 0.234592 0.120607
0.0565894 0.0395577 0.027328 0.48442 0.0628697 0.225393 0.103842
0.0797503 9.9964E-05 9.9964E-05 0.458565 9.9964E-05 0.461285 9.9964E-05
0.0564356 0.0432788 0.00502882 0.630076 0.0383325 0.221706 0.00514182
0.0132146 0.00499324 9.9991E-05 0.565607 0.11205 0.248744 0.0552911
0.110578 9.9973E-05 9.9973E-05 0.151343 0.0632786 0.6745 9.9973E-05
9.9964E-05 9.9964E-05 9.9964E-05 0.32992 0.0637798 0.605901 9.9964E-05
0.102722 9.9973E-05 9.9973E-05 0.511237 9.9973E-05 0.372903 0.012838
0.0846625 9.9982E-05 9.9982E-05 0.167496 0.199798 0.528827 0.019017
0.0738429 9.9964E-05 9.9964E-05 0.556115 9.9964E-05 0.369642 9.9964E-05
0.578435 9.9991E-05 0.0830559 0.0917936 0.170384 0.0302928 0.0459391
0.274748 9.9982E-05 0.0476075 0.208377 0.242756 0.226311 9.9982E-05
0.443022 9.9982E-05 0.1178 0.326791 0.0809335 9.9982E-05 0.0312537
0.221015 0.01153 0.0590285 0.590361 0.105733 0.0122324 9.9991E-05
0.500897 9.9973E-05 9.9973E-05 0.268093 0.19577 0.0349399 9.9973E-05
0.141262 0.054632 0.0063102 0.612649 9.9991E-05 0.134359 0.0506879
0.238413 0.0359492 0.0833866 0.440725 0.0362805 0.165146 9.9991E-05
0.323474 9.9973E-05 0.121168 0.440911 0.114148 9.9973E-05 9.9973E-05
0.269635 0.0242841 0.109593 0.458156 0.109629 0.0264304 0.00227215
0.289585 0.0382876 0.0177949 0.434588 0.211642 9.9991E-05 0.0080017
0.473233 9.9973E-05 0.0846001 0.219444 0.222422 9.9973E-05 9.9973E-05
0.450939 0.0112581 0.118676 0.318541 0.0981839 9.9991E-05 0.00230133
0.256719 9.9982E-05 0.074486 0.599318 0.0252432 0.0440332 9.9982E-05
0.0772881 0.0780985 9.9982E-05 0.665927 0.0276852 0.150801 9.9982E-05
0.252511 0.00411507 0.016611 0.463693 0.052075 0.172915 0.0380799
0.299813 9.9982E-05 0.105201 0.514262 0.000890774 0.0796335 9.9982E-05
0.377607 0.0329482 9.9982E-05 0.418253 9.9982E-05 0.106238 0.0647539
0.244344 9.9982E-05 0.0164866 0.630222 0.0449278 9.9982E-05 0.0638194
0.23847 9.9982E-05 0.159832 0.444134 0.105801 9.9982E-05 0.0515627
0.177837 9.9982E-05 0.137661 0.457568 9.9982E-05 0.147696 0.0790374
9.9973E-05 9.9973E-05 0.0647481 0.495022 9.9973E-05 0.0515973 0.388332
0.0245024 0.0302968 0.278966 0.428711 0.133884 9.9991E-05 0.103539
0.0271424 0.0123104 0.165793 0.502192 9.9991E-05 0.183323 0.10914
0.0437887 0.0649342 0.0949163 0.629025 0.0256686 0.0918761 0.0497913
0.0575258 0.0907798 0.207109 0.397858 0.0521401 0.053376 0.141211
0.175724 9.9982E-05 0.0567169 0.434198 0.112084 0.221077 9.9982E-05
0.0782266 0.0704458 0.194438 0.380216 0.0179996 0.130748 0.127925
0.0161015 0.000757899 0.135154 0.0503823 0.0379814 0.496215 0.263408
0.0936888 9.9982E-05 0.157997 0.554152 9.9982E-05 0.0867163 0.107245
0.0206912 9.9991E-05 0.15353 0.510684 0.111897 0.0865232 0.116574
0.090003 0.0386522 0.245524 0.435039 0.0752608 0.0930553 0.0224651
0.0971896 0.0507023 0.146418 0.265106 0.122983 0.203119 0.114482
9.9991E-05 0.0433469 0.0917399 0.526623 0.0446554 0.116211 0.177325
9.9982E-05 0.033974 0.127432 0.630643 9.9982E-05 0.0992006 0.108551
9.9973E-05 0.0379186 0.190265 9.9973E-05 9.9973E-05 0.3244 0.447117
9.9982E-05 0.0405398 0.213046 0.390027 0.15687 9.9982E-05 0.199317
0.0158896 0.0175966 0.158045 0.58565 9.9991E-05 0.031469 0.191249
0.0776522 0.006716 0.0676701 0.550512 0.146057 0.0220964 0.129296
9.9991E-05 0.0656967 0.196489 0.512673 0.0348564 0.0916832 0.0985013
0.0334287 0.0472431 0.135674 0.524259 0.0254069 0.101538 0.132451
9.9991E-05 0.107138 0.0799927 0.411043 0.174464 0.225093 0.00216968
0.0328623 0.0064715 0.0440708 0.5376 0.106601 0.197169 0.0752254
0.0781451 9.9973E-05 9.9973E-05 0.0344579 0.361808 0.525289 9.9973E-05
0.05961 9.9973E-05 9.9973E-05 0.10206 0.237191 0.600839 9.9973E-05
0.0259958 0.0404725 0.0479359 0.52448 0.204695 0.099455 0.0569663
9.9973E-05 9.9973E-05 0.263199 0.413789 9.9973E-05 0.207038 0.115674
9.9991E-05 0.0176051 0.37982 0.300386 0.00704365 0.243747 0.0512986
9.9982E-05 0.0297607 0.337469 0.159353 9.9982E-05 0.307713 0.165504
0.0031796 0.0527144 0.252399 0.337632 9.9991E-05 0.204635 0.14934
9.9982E-05 0.00493498 0.0894043 0.141706 0.0133485 0.750406 9.9982E-05
9.9991E-05 0.049491 0.0897845 0.156066 0.119008 0.563528 0.0220223
0.0369289 0.0288716 0.137863 0.519111 0.08498 0.192145 9.9991E-05
9.9991E-05 0.0108346 0.076022 0.507751 0.0408224 0.336057 0.0284134
9.9991E-05 0.100557 0.0966157 0.165651 0.0895055 0.534012 0.0135586
0.016665 0.024887 0.181389 0.45408 0.172659 0.130891 0.0194301
0.00581839 9.9991E-05 0.173977 0.481721 0.123774 0.191165 0.0234454
0.0927346 9.9991E-05 0.188971 0.26236 0.186608 0.184508 0.0847191
0.142743 9.9973E-05 9.9973E-05 0.367796 0.151679 0.337482 9.9973E-05
0.108784 0.0190049 0.0214567 0.363533 0.201279 0.285843 9.9991E-05
0.0394115 0.0588645 9.9982E-05 0.56032 0.0890914 0.252113 9.9982E-05
0.134528 0.0132113 9.9991E-05 0.365163 0.110348 0.319207 0.057442
0.0101085 9.9991E-05 0.084391 0.45091 0.0959948 0.23695 0.121546
9.9964E-05 9.9964E-05 9.9964E-05 0.550494 0.0266319 0.422475 9.9964E-05
0.142178 9.9973E-05 9.9973E-05 0.30477 0.124692 0.428059 9.9973E-05
9.9973E-05 9.9973E-05 0.0574022 0.574386 0.169791 0.198121 9.9973E-05
0.0681775 9.9973E-05 9.9973E-05 0.266511 0.200457 0.464554 9.9973E-05
9.9973E-05 0.0109549 9.9973E-05 0.476249 0.0855794 0.426917 9.9973E-05
0.0856526 0.0827142 0.0679143 0.517062 0.0684001 0.176416 0.00184093
0.0130132 0.0348092 0.0100484 0.54815 0.172682 0.198846 0.0224507
9.9973E-05 9.9973E-05 0.166655 0.558187 9.9973E-05 0.130568 0.144289
0.0792785 0.044869 0.126312 0.379934 0.0967061 0.140347 0.132554
0.0391021 0.00382767 0.215512 0.37376 0.0181335 0.16717 0.182495
0.114374 0.0685447 0.267816 0.262677 0.0504882 0.118006 0.118095
0.0937598 9.9982E-05 0.169449 0.477251 0.0670102 9.9982E-05 0.19233
9.9991E-05 0.0917778 0.146575 0.474267 0.000877525 0.198297 0.0881057
0.030894 0.0047982 0.172199 9.9991E-05 0.0849443 0.551804 0.155261
0.0112416 0.0805173 0.208039 0.515088 0.011651 0.109902 0.0635613
9.9973E-05 0.0194825 0.122907 9.9973E-05 9.9973E-05 0.551106 0.306204
9.9982E-05 9.9982E-05 0.206795 0.480196 0.0891549 0.170614 0.0530402
9.9964E-05 9.9964E-05 9.9964E-05 0.102279 0.370723 0.526599 9.9964E-05
0.0546101 0.00227602 9.9973E-05 9.9973E-05 0.402093 0.540721 9.9973E-05
9.9982E-05 0.013168 0.0147228 0.461489 0.258143 0.252277 9.9982E-05
9.9982E-05 0.0124128 0.012864 0.621453 0.138117 0.214953 9.9982E-05
9.9964E-05 9.9964E-05 9.9964E-05 0.437848 0.266638 0.295114 9.9964E-05
0.0190766 0.00882204 0.0150878 0.497061 0.332688 0.121475 0.00578928
0.0397873 0.00854269 0.0433034 0.517949 0.146648 0.243669 9.9991E-05
9.9991E-05 0.0832283 0.0657513 0.0547905 0.0369071 0.0262894 0.732933
0.0635892 0.0352566 0.0937664 0.00508728 0.0508183 0.0449044 0.706578
0.0290992 0.0633444 0.0372775 9.9973E-05 9.9973E-05 9.9973E-05 0.869979
9.9973E-05 0.145956 9.9973E-05 0.0264159 9.9973E-05 0.0283815 0.798947
9.9973E-05 0.0817509 9.9973E-05 0.510377 0.366324 9.9973E-05 0.0412475
0.0125974 9.9991E-05 0.0105508 0.494351 0.374356 0.00455092 0.103493
9.9964E-05 0.0644431 9.9964E-05 0.461672 0.473485 9.9964E-05 9.9964E-05
0.0356918 0.0513675 0.00144489 0.565286 0.226083 0.0154026 0.104724
0.0597688 9.9982E-05 0.0146082 0.569567 0.206693 9.9982E-05 0.149163
0.062308 9.9982E-05 9.9982E-05 0.200762 0.596326 0.0876767 0.0527277
9.9973E-05 0.0243538 0.0716028 0.456309 0.447434 9.9973E-05 9.9973E-05
9.9973E-05 0.0189236 9.9973E-05 0.299996 0.496788 0.183993 9.9973E-05
0.0552806 0.0168281 0.154825 0.508142 9.9991E-05 0.0398932 0.224931
0.0726613 0.000474262 0.0734041 0.366638 0.405478 0.0812445 9.9991E-05
0.153675 0.0117587 9.9973E-05 0.29932 0.534947 9.9973E-05 9.9973E-05
0.0229487 9.9982E-05 0.0328036 0.568853 0.351189 0.0240055 9.9982E-05
0.0285183 9.9964E-05 9.9964E-05 0.43151 0.539572 9.9964E-05 9.9964E-05
9.9973E-05 0.0188758 9.9973E-05 0.548579 0.370915 0.0613298 9.9973E-05
9.9973E-05 0.00944176 9.9973E-05 0.494418 0.371268 9.9973E-05 0.124572
9.9964E-05 9.9964E-05 9.9964E-05 0.0748196 0.852852 0.0719285 9.9964E-05
9.9982E-05 9.9982E-05 0.027394 0.243315 0.617797 0.106525 0.00476837
0.0069172 0.014938 9.9991E-05 0.310991 0.623979 0.0205747 0.0225009
9.9955E-05 9.9955E-05 9.9955E-05 9.9955E-05 0.73942 0.26008 9.9955E-05
0.127689 9.9973E-05 0.0874834 0.303413 0.481114 9.9973E-05 9.9973E-05
9.9973E-05 9.9973E-05 0.0305045 0.0489813 0.641402 0.278813 9.9973E-05
9.9955E-05 9.9955E-05 9.9955E-05 9.9955E-05 0.675175 0.324325 9.9955E-05
9.9982E-05 0.0744956 0.0112212 0.508756 0.384366 9.9982E-05 0.0209616
0.0730873 9.9973E-05 9.9973E-05 0.175511 0.710736 9.9973E-05 0.0403654
0.0715408 0.00207141 0.0766366 0.362921 0.482197 0.0010409 0.00359218
0.00399346 0.081486 0.0509218 0.55831 0.239097 0.0660919 9.9991E-05
0.0943011 9.9973E-05 9.9973E-05 0.521181 0.374417 9.9973E-05 0.00980079
0.294461 9.9982E-05 0.105462 0.273708 0.166307 0.159862 9.9982E-05
9.9982E-05 0.024012 9.9982E-05 0.500795 0.42837 0.0209323 0.0256904
0.0357741 0.0456569 0.0152042 0.387079 0.430456 0.0589338 0.0268956
9.9964E-05 9.9964E-05 9.9964E-05 0.29983 0.64595 0.05382 9.9964E-05
0.0653429 0.0772684 0.105324 0.426492 0.281001 0.0330716 0.0115002
0.226963 0.0761395 9.9982E-05 9.9982E-05 0.0739332 0.0301298 0.592635
0.0968978 0.106576 0.0176848 9.9991E-05 0.0988618 0.0139496 0.66593
0.138743 0.161237 9.9973E-05 9.9973E-05 9.9973E-05 0.0402524 0.659468
0.116124 0.0799394 9.9982E-05 9.9982E-05 0.00578526 0.0309133 0.767038
0.198384 0.0514999 9.9982E-05 0.0265404 9.9982E-05 0.0403293 0.683047
0.135024 9.9982E-05 0.0299605 0.0511383 0.718337 9.9982E-05 0.0653406
0.082026 0.0395215 9.9991E-05 0.0797607 0.683218 0.0632739 0.0520996
9.9973E-05 9.9973E-05 0.0180556 0.0919622 0.790629 0.0990537 9.9973E-05
9.9982E-05 9.9982E-05 0.0397085 0.568476 0.229133 0.0701454 0.0923368
9.9991E-05 0.0496277 0.0303513 0.538837 0.167841 0.119392 0.0938509
9.9982E-05 0.011037 9.9982E-05 0.241157 0.610616 0.0948318 0.0421577
9.9991E-05 0.0420186 0.0689593 0.574927 0.258092 0.0152935 0.0406093
9.9991E-05 0.0252389 0.0278139 0.389238 0.459423 0.0623412 0.0358455
9.9982E-05 9.9982E-05 0.0267146 0.502837 0.384483 0.0474627 0.0383026
0.0205185 9.9991E-05 0.0100635 0.660513 0.151155 0.0270078 0.130642
0.19074 9.9991E-05 0.0448145 0.210528 0.508035 0.010151 0.0356319
0.0342892 0.0309366 9.9973E-05 0.32077 0.613704 9.9973E-05 9.9973E-05
0.13347 0.006483 9.9973E-05 0.323524 0.536224 9.9973E-05 9.9973E-05
0.0499228 9.9973E-05 9.9973E-05 0.56203 9.9973E-05 0.273586 0.114162
9.9973E-05 0.0475818 9.9973E-05 0.376253 0.531164 9.9973E-05 0.044701
0.0381789 9.9982E-05 0.0207117 0.396481 0.468 0.076428 9.9982E-05
0.0817419 0.0317639 0.425143 0.382344 0.029919 0.012476 0.0366122
9.9982E-05 0.0763567 0.370909 0.444874 9.9982E-05 0.012332 0.0953283
0.0482446 9.9982E-05 0.450019 0.399167 9.9982E-05 0.0133786 0.08899
9.9982E-05 0.0563895 0.472679 0.331231 9.9982E-05 0.0888858 0.0506148
0.103081 0.0138531 0.24832 0.511278 9.9991E-05 0.0162665 0.107102
9.9991E-05 0.0241297 0.0693333 0.407862 0.264677 0.181468 0.0524302
9.9973E-05 0.0623354 0.687367 9.9973E-05 9.9973E-05 0.0620654 0.187932
9.9982E-05 0.0140214 0.460998 0.315415 0.025534 9.9982E-05 0.183831
9.9991E-05 0.0238109 0.123631 0.411065 0.0720516 0.261509 0.107833
0.0120099 0.0830292 9.9982E-05 0.554136 9.9982E-05 0.289563 0.0610623
0.0552818 0.0631717 9.9982E-05 0.485734 9.9982E-05 0.259428 0.136184
0.115974 9.9991E-05 0.0186624 0.591032 0.00322272 0.171723 0.0992861
0.059655 0.00603723 0.104048 0.572531 0.0222635 0.215356 0.02011
9.9973E-05 0.0746217 0.417113 0.344004 9.9973E-05 9.9973E-05 0.163961
0.0260973 9.9982E-05 0.448657 0.332117 0.0913908 9.9982E-05 0.101538
9.9964E-05 9.9964E-05 0.463829 0.416981 9.9964E-05 9.9964E-05 0.118791
0.093645 0.047331 0.368343 0.430557 9.9991E-05 0.0490253 0.0109986
9.9982E-05 0.010595 0.594273 0.125777 0.150815 9.9982E-05 0.118339
0.00341798 0.0668534 0.302488 0.404289 0.107455 0.0418277 0.0736678
9.9982E-05 0.0196752 0.5524 0.233628 9.9982E-05 0.126333 0.0677636
0.0533168 0.0551363 0.356721 0.410813 0.020837 0.0783108 0.024865
9.9991E-05 0.0790778 0.0535208 0.460674 0.170153 0.231946 0.00452886
0.0569347 0.0712153 0.315387 0.395752 9.9991E-05 0.0598403 0.100771
9.9973E-05 9.9973E-05 0.660919 0.0984818 9.9973E-05 0.0736913 0.166608
0.01679 0.0727409 0.317689 0.361401 0.0606158 9.9991E-05 0.170663
0.248409 0.0587484 9.9991E-05 0.200083 0.0713798 0.294258 0.127022
0.0923353 0.0644688 0.0492448 0.620415 9.9982E-05 0.173336 9.9982E-05
0.113303 0.0240523 0.29272 0.365823 9.9991E-05 0.0148002 0.189201
0.105524 0.0714247 0.057094 0.587216 0.0439686 0.092925 0.0418486
0.00470944 0.0301333 0.0156043 0.470834 0.125323 0.195087 0.158309
0.00764533 0.0441937 0.223221 0.364221 0.127392 0.111853 0.121474
9.9991E-05 0.016916 0.262506 0.378815 0.0213589 0.0953476 0.224956
0.145321 0.0154238 0.140221 0.568401 0.00875418 0.0953068 0.0265733
0.0119198 9.9991E-05 0.409898 0.392776 0.000192219 0.0093083 0.175805
9.9982E-05 9.9982E-05 0.466915 0.339027 0.0461956 0.0296405 0.118022
9.9982E-05 0.0204961 0.569858 0.174757 9.9982E-05 0.00227631 0.232412
0.0375813 0.0579099 0.0228764 0.587269 0.0531656 0.148573 0.0926242
0.0967983 0.0353622 9.9991E-05 0.477643 0.142143 0.171862 0.0760914
9.9982E-05 0.0774698 0.0167842 0.152073 9.9982E-05 0.709456 0.0440172
0.0941603 0.00495154 0.0254031 0.615827 9.9991E-05 0.121135 0.138422
0.241986 9.9991E-05 0.00858252 0.320291 0.0951856 0.196607 0.137247
9.9982E-05 9.9982E-05 0.0959393 0.488023 0.0440444 0.150281 0.221513
0.0463871 0.0202632 0.0567489 0.453211 0.143002 0.100284 0.180104
9.9964E-05 9.9964E-05 0.167039 9.9964E-05 9.9964E-05 0.491894 0.340667
9.9973E-05 0.0521417 0.0832322 9.9973E-05 9.9973E-05 0.599076 0.26525
0.00590421 9.9982E-05 0.0636664 0.32107 9.9982E-05 0.40736 0.201799
9.9982E-05 0.0506076 0.19837 0.00486279 9.9982E-05 0.48055 0.26541
9.9964E-05 9.9964E-05 0.20334 9.9964E-05 9.9964E-05 0.369685 0.426575
9.9991E-05 0.0113211 0.134232 0.369784 0.00595172 0.380504 0.0981072
9.9991E-05 0.0395949 0.135936 0.423607 0.0179003 0.17639 0.206472
9.9973E-05 9.9973E-05 0.168851 0.194606 9.9973E-05 0.305021 0.331222
9.9982E-05 0.0564786 0.120069 0.0863006 9.9982E-05 0.478609 0.258343
9.9982E-05 0.037794 0.0730125 0.544024 9.9982E-05 0.245793 0.0991765
9.9982E-05 0.0474828 0.105418 0.159333 9.9982E-05 0.497085 0.190481
9.9973E-05 0.040661 0.0453145 9.9973E-05 9.9973E-05 0.531752 0.381973
0.174292 9.9991E-05 0.185032 0.385075 0.0208348 0.101877 0.13279
0.031201 0.0122501 0.206547 0.296812 9.9991E-05 0.255447 0.197643
0.0311245 0.0395328 0.193837 0.408591 0.00711201 0.000791625 0.319011
9.9964E-05 9.9964E-05 0.24728 0.566393 9.9964E-05 9.9964E-05 0.185927
0.0161392 9.9982E-05 0.229388 0.435982 0.131 9.9982E-05 0.18729
0.0159829 9.9991E-05 0.285366 0.377318 0.0753425 0.0840538 0.161837
9.9964E-05 9.9964E-05 0.239494 0.353565 9.9964E-05 9.9964E-05 0.406541
0.0144947 0.0113524 0.149976 0.531505 9.9991E-05 0.0219591 0.270613
0.0334134 0.0878389 0.328825 0.335572 0.0349218 0.040187 0.139241
9.9982E-05 0.113112 0.24395 0.381821 9.9982E-05 0.124502 0.136415
0.163318 0.00603099 0.1563 0.197888 0.288748 0.0221368 0.165579
0.0655217 0.0394692 0.168484 0.420819 0.0897855 0.0772883 0.138632
0.173656 0.00612636 0.246736 0.418314 9.9991E-05 0.117541 0.0375269
0.0151572 0.0755282 0.0861438 0.538664 0.149955 0.0342148 0.100337
0.0216231 0.0712358 0.26638 0.392743 9.9991E-05 0.0357246 0.212194
0.0232078 0.0507818 0.14282 0.53388 9.9991E-05 0.0508013 0.198409
9.9973E-05 9.9973E-05 0.163368 0.213121 9.9973E-05 0.249315 0.373896
0.0782227 0.0640586 0.259499 0.453315 0.0219745 9.9991E-05 0.122831
9.9982E-05 0.0248841 0.327022 0.21092 9.9982E-05 0.237553 0.199421
0.0549074 0.00972187 9.9982E-05 9.9982E-05 0.0808733 0.0403805 0.813917
0.739007 9.9973E-05 9.9973E-05 0.116536 0.0134305 9.9973E-05 0.130726
0.987378 9.9955E-05 9.9955E-05 9.9955E-05 9.9955E-05 9.9955E-05 0.0121226
0.953417 0.0460835 9.9955E-05 9.9955E-05 9.9955E-05 9.9955E-05 9.9955E-05
0.969606 9.9964E-05 0.0114628 0.0185311 9.9964E-05 9.9964E-05 9.9964E-05
0.896592 0.0391488 0.0287811 0.0351781 9.9973E-05 9.9973E-05 9.9973E-05
0.846869 0.0532117 9.9964E-05 0.0995195 9.9964E-05 9.9964E-05 9.9964E-05
0.91751 0.0136099 9.9964E-05 9.9964E-05 9.9964E-05 9.9964E-05 0.0684802
0.798622 0.112808 9.9964E-05 9.9964E-05 9.9964E-05 9.9964E-05 0.0881706
0.0136761 0.0774224 0.00587547 0.0300038 0.00831121 9.9991E-05 0.864611
0.163614 0.102937 0.00145987 0.0219212 0.00798477 9.9991E-05 0.701983
0.0384452 0.132282 0.0402134 0.00198543 0.00971145 9.9991E-05 0.777262
0.126836 0.0614772 9.9973E-05 0.0492323 9.9973E-05 9.9973E-05 0.762155
0.0173059 9.9982E-05 0.0427716 0.0309327 0.0248993 9.9982E-05 0.88389
0.0269599 0.0678935 9.9973E-05 9.9973E-05 0.0640128 9.9973E-05 0.840834
0.100354 0.0967218 0.155368 9.9973E-05 9.9973E-05 9.9973E-05 0.647256
9.9982E-05 0.08177 0.0788992 9.9982E-05 0.0444982 0.00402343 0.790609
0.123504 0.094824 0.0573834 0.037612 0.0262531 9.9991E-05 0.660324
9.9973E-05 0.0367632 0.0782694 9.9973E-05 0.0263841 9.9973E-05 0.858283
0.0419477 0.071562 9.9964E-05 9.9964E-05 9.9964E-05 9.9964E-05 0.88609
0.0252841 0.0649543 0.0424752 0.042504 9.9991E-05 0.0407159 0.783967
0.0242363 0.0181521 0.0146595 0.0126132 9.9982E-05 9.9982E-05 0.930139
9.9982E-05 0.106373 0.0214845 0.00910683 9.9982E-05 0.0381065 0.824729
0.0122872 0.0656643 0.0293754 0.0783612 0.02514 9.9991E-05 0.789072
9.9973E-05 0.0217835 0.0483636 0.107821 9.9973E-05 9.9973E-05 0.821732
9.9973E-05 0.0177053 0.072367 0.128012 9.9973E-05 9.9973E-05 0.781616
9.9973E-05 0.0511675 0.0983449 0.125219 9.9973E-05 9.9973E-05 0.724969
9.9982E-05 0.0721848 0.0731455 0.0666541 0.0166076 9.9982E-05 0.771208
0.168094 9.9991E-05 0.0270073 0.421091 0.00164165 0.282859 0.0992066
0.0336524 0.0328556 9.9991E-05 0.694949 0.0786054 0.116257 0.04358
0.1093 0.0281809 0.00455328 0.577361 0.0536452 0.119951 0.107009
0.0756225 9.9982E-05 9.9982E-05 0.17985 0.026888 0.701839 0.0156005
0.0712452 0.00606899 9.9982E-05 0.589779 9.9982E-05 0.26215 0.0705566
9.9964E-05 9.9964E-05 9.9964E-05 0.169034 9.9964E-05 0.69427 0.136296
9.9964E-05 9.9964E-05 9.9964E-05 0.695715 9.9964E-05 0.203842 0.100043
0.208406 0.0230628 9.9991E-05 0.419327 0.00821015 0.30512 0.035775
0.0865901 0.0521105 9.9991E-05 0.561745 0.0611361 0.173476 0.0648423
0.0301855 9.9982E-05 9.9982E-05 0.535278 0.329613 0.0479475 0.0567755
0.102881 0.0218459 9.9982E-05 0.458721 9.9982E-05 0.354913 0.0614397
0.00504672 0.0720725 9.9982E-05 0.723067 9.9982E-05 0.176024 0.0235902
0.139617 0.100676 9.9991E-05 0.565405 0.0125379 0.178138 0.00352615
0.503591 9.9982E-05 0.0703161 0.0609039 0.114312 0.250677 9.9982E-05
0.0932321 9.9964E-05 9.9964E-05 9.9964E-05 9.9964E-05 0.891701 0.0146667
0.0729069 9.9982E-05 0.0154805 0.178382 9.9982E-05 0.68442 0.0486101
0.0302739 9.9982E-05 0.0917261 0.651267 9.9982E-05 0.148589 0.0779435
0.00400284 9.9973E-05 9.9973E-05 0.602987 9.9973E-05 0.280266 0.112444
9.9982E-05 0.0013714 9.9982E-05 0.531338 0.0530667 0.278872 0.135152
9.9991E-05 0.0906056 0.0834863 0.531962 0.0655652 0.21803 0.0102518
0.00586844 9.9991E-05 0.170978 0.501763 0.104108 0.0155055 0.201677
0.0772309 9.9973E-05 0.0961935 0.646507 9.9973E-05 9.9973E-05 0.179769
