9.9973E-05 0.00750099 0.847174 9.9973E-05 9.9973E-05 0.0808872 0.0641383
0.0205123 9.9982E-05 0.873059 9.9982E-05 0.0047067 0.058805 0.0427169
9.999E-05 0.0403419 0.759034 0.107176 0.0104328 0.00708587 0.0758294
9.9982E-05 0.0604116 0.750779 0.0637109 9.9982E-05 0.083258 0.0416402
0.010533 0.0442231 0.849184 0.0660484 0.00557079 0.0243404 9.9991E-05
0.167164 0.0813201 0.604203 0.0149681 0.0758584 0.0313511 0.0251351
0.0990184 0.0053528 0.82387 0.0228806 9.9991E-05 0.0296471 0.0191311
0.116512 0.00974572 0.716337 9.9982E-05 9.9982E-05 0.132987 0.0242185
0.0372619 9.9982E-05 0.817518 9.9982E-05 0.0340473 0.0947724 0.0162006
0.0280468 0.0309334 0.735147 0.154043 9.9982E-05 0.0516296 9.9982E-05
0.0921631 9.9982E-05 0.744013 0.0423047 0.00743317 0.113886 9.9982E-05
9.9973E-05 0.101427 9.9973E-05 0.21751 0.171558 0.509205 9.9973E-05
0.0298963 0.047353 9.9991E-05 0.398639 0.124874 0.372124 0.0270132
0.180703 0.102974 9.9991E-05 0.204904 0.00714647 0.479136 0.0250368
0.0493608 0.141405 0.017467 0.374455 0.0119895 0.384927 0.020395
0.0711378 0.147946 0.0981961 0.38155 0.0889452 0.212125 9.9991E-05
0.0860871 0.0807914 0.0137454 0.521969 0.137857 0.0799791 0.0795707
9.9982E-05 0.0721719 9.9982E-05 0.438212 0.179401 0.23175 0.0782655
9.9991E-05 0.142136 0.113362 0.257711 0.135634 0.348642 0.00241486
0.0701707 0.125214 9.9982E-05 9.9982E-05 0.0829206 0.690271 0.0312235
0.0902688 0.0569279 9.9991E-05 0.456781 0.112385 0.227003 0.0565334
0.218614 0.0729924 9.9991E-05 0.415166 0.0675262 0.174322 0.0512798
0.0144239 0.0178828 0.0612211 0.553144 0.117008 0.196272 0.0400484
0.0526235 0.108842 9.9991E-05 0.261171 0.181586 0.390724 0.00495401
0.00126697 0.0914808 0.0749699 0.606653 0.102531 0.122999 9.9991E-05
0.0181511 0.0921182 9.9991E-05 0.54408 0.0840968 0.250717 0.0107361
0.00921466 0.138161 9.9991E-05 0.0987759 0.195647 0.512692 0.0454097
0.0443749 0.224064 0.0124539 0.156986 0.141696 0.420326 9.9991E-05
0.145132 0.0193611 0.00323821 0.24537 0.133575 0.453224 9.9991E-05
9.995E-05 9.995E-05 9.995E-05 9.995E-05 9.995E-05 9.995E-05 0.9994
9.995E-05 9.995E-05 9.995E-05 9.995E-05 9.995E-05 9.995E-05 0.9994
9.999E-05 0.0665409 0.46841 0.0426977 0.0385852 0.0475444 0.336121
0.00945022 0.0663877 0.53661 0.105471 0.0176972 9.9991E-05 0.264283
0.0547893 0.00109501 0.0543673 0.57519 0.194483 0.10326 0.0168159
9.999E-05 0.0752499 0.03567 0.54861 0.27543 0.0273321 0.0376086
0.0293167 9.9964E-05 9.9964E-05 0.556415 0.413868 9.9964E-05 9.9964E-05
9.9991E-05 0.04545 0.07926 0.160223 0.110182 0.588719 0.0160658
0.08019 0.032648 0.0119806 0.287047 0.566329 0.00277463 0.019031
9.9982E-05 0.0941501 0.072873 0.555291 0.204356 0.0731304 9.9982E-05
0.0589469 0.0149494 0.0364531 0.696864 0.183834 9.9991E-05 0.00885289
0.0599034 9.9991E-05 0.108129 0.597844 0.0973498 0.103339 0.0333354
9.9982E-05 9.9982E-05 0.0831039 0.641613 0.0974144 0.137845 0.0398241
0.0269261 9.9982E-05 9.9982E-05 0.146177 0.722412 0.0945215 0.00976348
0.121982 9.9982E-05 0.0944585 0.667375 0.0148116 0.101173 9.9982E-05
9.999E-05 0.0528517 0.034377 0.610094 0.229628 0.0449572 0.0279914
0.120555 0.0306962 0.0937516 0.592884 0.0625667 0.0410697 0.0584777
9.9964E-05 9.9964E-05 9.9964E-05 0.317608 0.64013 9.9964E-05 0.0418612
9.9982E-05 0.0279389 0.0863139 0.595567 0.287628 9.9982E-05 0.00235253
0.0180031 0.0542276 0.119513 0.561001 0.204694 0.035821 0.00674079
0.261227 9.9964E-05 0.0838021 9.9964E-05 0.654571 9.9964E-05 9.9964E-05
0.122232 9.9982E-05 9.9982E-05 0.233785 0.174589 0.468792 0.000401944
0.460338 0.0276086 9.9982E-05 0.102526 0.15755 0.251778 9.9982E-05
9.9991E-05 0.0599202 0.055486 0.561035 0.147821 0.159404 0.0162337
0.142484 0.0209062 0.17703 0.601461 0.0566694 9.9991E-05 0.00135009
0.175361 0.0348535 0.0858363 0.598496 0.0599133 0.0433401 0.00220042
0.190045 9.9991E-05 0.066543 0.145958 0.258431 0.301982 0.0369418
0.0468549 9.9982E-05 9.9982E-05 0.612089 0.0174862 0.275094 0.0482758
0.0652512 0.0840876 0.122301 0.621107 9.9982E-05 0.107053 9.9982E-05
0.061599 0.0112658 0.105161 0.386032 0.281528 0.138113 0.0163009
0.173557 0.0432564 0.197398 0.0824715 0.0889087 0.408056 0.00635284
0.102776 0.00313095 9.9991E-05 0.515956 0.114762 0.141858 0.121417
0.139631 0.113618 0.0179071 0.386418 0.0807886 0.248899 0.0127383
0.156273 9.9982E-05 9.9982E-05 0.024207 0.209816 0.507974 0.101531
0.081857 9.9982E-05 9.9982E-05 0.557463 0.0689377 0.261558 0.029984
0.140304 0.0521858 0.00927239 0.665745 0.0186957 0.113698 9.9991E-05
0.0964619 0.0771603 9.9991E-05 0.606879 0.0134119 0.15762 0.0483665
0.0799889 0.0788023 0.0409949 0.257138 0.274279 0.224167 0.0446295
0.173827 0.0854591 9.9991E-05 0.418106 0.129339 0.154396 0.0387725
0.0456705 0.00407106 0.0616694 0.55865 0.0754316 0.231794 0.0227134
0.210675 9.9982E-05 9.9982E-05 0.236081 0.0615759 0.43164 0.0598285
9.9973E-05 9.9973E-05 9.9973E-05 0.499767 0.402796 0.0704793 0.0266577
9.9973E-05 9.9973E-05 9.9973E-05 0.160484 0.731655 0.0473448 0.0602162
0.0166517 0.0535602 0.0636391 0.449638 0.232916 0.137492 0.0461029
0.107488 9.9964E-05 0.00707823 9.9964E-05 0.885034 9.9964E-05 9.9964E-05
0.134098 9.9955E-05 9.9955E-05 9.9955E-05 0.865403 9.9955E-05 9.9955E-05
0.0012865 0.0347891 9.9973E-05 0.196121 0.767504 9.9973E-05 9.9973E-05
0.0204423 9.9982E-05 0.00623315 0.490354 0.413412 0.0693592 9.9982E-05
9.9982E-05 0.0489437 0.0969265 0.637791 0.119614 0.0965257 9.9982E-05
0.0248384 0.0757411 9.9991E-05 0.347997 0.435855 0.0996438 0.0158242
9.9982E-05 9.9982E-05 0.0416407 0.127678 0.677912 0.135849 0.0167202
9.9973E-05 9.9973E-05 0.0620165 0.205855 0.498692 0.233137 9.9973E-05
9.9991E-05 0.0238273 0.0377178 0.452146 0.235175 0.1623 0.088734
9.9991E-05 0.0719057 0.000737666 0.209284 0.637962 0.0572657 0.0227454
0.0649196 0.0752504 9.9991E-05 0.340615 0.464296 0.0102216 0.0445975
0.0599289 9.9964E-05 9.9964E-05 0.410194 0.529477 9.9964E-05 9.9964E-05
0.260808 0.0122083 0.0313205 9.9982E-05 0.68823 0.00723335 9.9982E-05
0.0104482 9.9982E-05 0.0399426 0.537424 0.326878 0.0851066 9.9982E-05
9.9982E-05 0.0234031 0.725007 0.142733 9.9982E-05 0.0387951 0.0698627
9.9964E-05 9.9964E-05 0.769127 0.106502 9.9964E-05 9.9964E-05 0.123971
9.9973E-05 0.0376061 0.715233 0.104534 9.9973E-05 9.9973E-05 0.142327
0.029034 9.9973E-05 0.798781 0.0186284 9.9973E-05 9.9973E-05 0.153257
9.9973E-05 0.0012999 0.788747 0.0888178 9.9973E-05 9.9973E-05 0.120835
0.0203432 9.9973E-05 0.809887 0.0826868 9.9973E-05 9.9973E-05 0.0867829
9.9964E-05 9.9964E-05 0.85187 0.0838749 9.9964E-05 9.9964E-05 0.0638557
0.134162 0.110569 0.0271526 0.445728 0.231928 0.0503602 9.9991E-05
0.0178185 0.131996 9.9991E-05 0.454738 0.189175 0.116805 0.0893677
9.9982E-05 9.9982E-05 0.0270972 0.0572945 0.775176 0.136078 0.00415405
0.0447783 0.0145995 0.0964676 0.531363 0.267306 0.0453861 9.9991E-05
9.9982E-05 9.9982E-05 0.00438484 0.465517 0.436958 0.0693936 0.0235466
9.9964E-05 9.9964E-05 0.0824841 0.589128 0.327988 9.9964E-05 9.9964E-05
0.117069 9.9982E-05 9.9982E-05 0.577181 0.227087 0.0377671 0.0406968
0.00788502 0.0883387 0.016241 0.420953 0.425358 9.9991E-05 0.0411249
0.0197609 9.9973E-05 0.0541835 9.9973E-05 0.74981 0.175946 9.9973E-05
0.0218746 0.0101989 0.14491 0.536212 0.1934 0.0846423 0.00876252
0.057251 0.0373226 0.0597704 0.636944 0.208512 9.9982E-05 9.9982E-05
0.0413013 0.104078 0.0134949 0.555306 0.098714 0.166275 0.0208315
0.178612 9.9973E-05 9.9973E-05 0.286905 0.480855 9.9973E-05 0.0533284
0.0159657 0.0456139 9.9982E-05 0.43055 0.449072 9.9982E-05 0.0585987
9.9982E-05 0.0335323 9.9982E-05 0.393344 0.486496 0.0444366 0.0419908
9.9973E-05 0.137952 9.9973E-05 0.208529 0.652136 9.9973E-05 0.00108345
9.9973E-05 9.9973E-05 0.0475382 0.396839 0.485629 0.069694 9.9973E-05
0.119213 0.0694303 0.112985 0.396882 0.204486 0.082235 0.0147685
0.20554 0.0371053 0.0258358 0.290804 9.9991E-05 0.434775 0.00583876
0.0914998 0.0133386 0.128858 0.460348 9.9991E-05 0.270593 0.0352636
0.0164381 0.110506 0.110413 0.48809 0.0282287 0.205186 0.0411379
0.0105549 0.10285 0.140984 0.53048 0.133296 0.0812764 0.000559268
9.9973E-05 9.9973E-05 9.9973E-05 0.54117 0.0448938 0.329881 0.0837558
0.105239 0.055063 9.9973E-05 0.585965 9.9973E-05 0.253434 9.9973E-05
0.0147255 0.0163148 0.0488728 0.533568 9.9982E-05 0.386319 9.9982E-05
0.144857 9.9982E-05 0.0574987 0.63063 0.0101017 0.156712 9.9982E-05
0.0496383 0.122286 0.06102 0.503208 0.0908149 0.15625 0.016783
0.0805627 9.9982E-05 9.9982E-05 0.561582 0.0225497 0.279276 0.0558305
0.0486861 9.9973E-05 9.9973E-05 0.58632 9.9973E-05 0.358007 0.00668687
0.120595 9.9991E-05 0.0507106 0.680267 0.0773551 0.064016 0.00695629
0.16862 0.122024 0.0534257 0.546272 9.9982E-05 0.109458 9.9982E-05
9.9973E-05 0.137359 9.9973E-05 0.466546 0.136155 0.25964 9.9973E-05
0.147728 9.9982E-05 0.0625074 0.662528 9.9982E-05 0.06589 0.0611468
0.0950947 0.0354374 9.9982E-05 0.573762 9.9982E-05 0.257022 0.0384839
0.230697 0.0522441 0.0953947 0.357696 9.9982E-05 0.263768 9.9982E-05
0.0107627 0.0851854 0.025951 0.596512 0.0622107 0.217191 0.00218755
0.0777259 0.0410484 0.090339 0.681104 9.9982E-05 0.109582 9.9982E-05
0.0644766 0.101058 9.9982E-05 0.226452 0.185973 0.421841 9.9982E-05
0.347509 0.0768612 9.9991E-05 0.167034 0.100506 0.288969 0.0190203
0.0887515 0.0674659 9.99844E-05 0.546783 0.0733904 0.223409 9.99844E-05
0.384536 0.0110579 9.9991E-05 0.110133 0.170344 0.29798 0.0258493
0.0661741 9.9991E-05 0.0855321 0.345181 0.0794806 0.422004 0.00152807
0.041689 9.9982E-05 0.0298576 0.415806 0.188115 0.324332 9.9982E-05
0.0393662 9.9991E-05 0.0150401 0.35574 0.144609 0.436743 0.00840174
0.0364044 0.0314551 9.9982E-05 0.317003 0.140158 0.474779 9.9982E-05
9.9982E-05 9.9982E-05 0.0936027 0.672961 0.0946407 0.116278 0.022318
0.0873616 0.00152616 0.121738 0.562949 0.0704887 0.132129 0.0238079
9.9982E-05 9.9982E-05 0.0104227 0.594246 0.161305 0.189114 0.0447121
0.340878 0.0339126 9.9991E-05 0.159834 0.0537376 0.401782 0.00975521
0.149019 0.0109815 0.204012 0.535347 0.0134721 0.0870681 9.9991E-05
0.185232 0.0665667 0.051575 0.513781 0.0771249 0.0823489 0.0233711
0.551624 9.9982E-05 0.143862 9.9982E-05 0.128554 0.147807 0.0279532
0.066268 0.0977061 0.123686 0.601233 0.110907 9.9982E-05 9.9982E-05
0.267113 0.0614424 0.108937 0.341859 0.214436 9.9991E-05 0.0061126
0.187852 0.125147 0.0489822 0.486198 0.0830748 0.0506541 0.0180922
0.390688 9.9991E-05 0.110025 0.231575 0.181149 0.0755314 0.0109315
0.491595 9.9991E-05 0.0781058 0.166408 0.12981 0.111559 0.0224224
0.292753 9.9982E-05 0.0260621 0.511855 0.0261275 0.143002 9.9982E-05
0.11137 0.0848835 0.112586 0.481981 0.0606265 0.148142 0.000410009
0.167771 0.0231599 0.164823 0.467848 0.0520456 0.0555728 0.0687796
0.413346 0.18267 0.0569368 9.9982E-05 0.220109 0.126738 9.9982E-05
0.132711 0.0596646 0.0124927 0.48803 0.195691 0.11131 9.9991E-05
0.409613 9.9973E-05 9.9973E-05 0.377762 0.157292 0.0550328 9.9973E-05
0.29482 0.0279659 9.9982E-05 0.476736 0.106442 0.0938367 9.9982E-05
0.165125 0.0894363 0.0152438 0.487507 0.0921239 0.091827 0.0587373
0.247148 0.22081 0.281171 0.176072 9.9982E-05 9.9982E-05 0.0745986
0.318815 0.138569 0.517329 9.9973E-05 9.9973E-05 9.9973E-05 0.0249875
0.427554 0.119144 0.409769 9.9973E-05 9.9973E-05 9.9973E-05 0.0432325
0.171876 0.285797 0.373313 0.129798 9.9982E-05 9.9982E-05 0.0390163
0.274794 0.00974796 9.9973E-05 0.609883 0.105275 9.9973E-05 9.9973E-05
0.0358828 9.9991E-05 0.145335 0.594846 0.184968 0.0241261 0.0147428
9.9964E-05 0.718094 9.9964E-05 0.278087 9.9964E-05 0.00341888 9.9964E-05
9.9991E-05 0.38025 0.0430192 0.334013 0.140641 0.0376473 0.0643292
9.9991E-05 0.3967 0.109177 0.353067 0.0714151 0.0648941 0.00464679
0.476872 9.9982E-05 9.9982E-05 0.398321 0.0700754 0.0334252 0.0211065
0.232391 0.00521903 0.0523435 0.577324 9.9991E-05 0.100271 0.0323514
0.663187 0.0296477 9.9982E-05 0.234954 0.0634978 0.00851413 9.9982E-05
0.221103 9.9982E-05 0.0674272 0.562228 0.124848 0.0241934 9.9982E-05
0.315733 9.9982E-05 0.0762465 0.499409 0.0763602 0.0320516 9.9982E-05
0.309215 0.0294241 9.9991E-05 0.582784 0.0303872 0.0287025 0.0193871
0.569886 9.9973E-05 9.9973E-05 0.246324 0.151624 0.0318662 9.9973E-05
0.13824 0.0536568 0.0174597 0.673909 0.0954394 0.0211955 9.9991E-05
0.218962 0.0338289 0.139856 0.607054 9.9973E-05 9.9973E-05 9.9973E-05
9.9964E-05 0.948337 9.9964E-05 0.0362051 0.0150584 9.9964E-05 9.9964E-05
9.9973E-05 0.871832 0.00872068 0.115394 0.00375392 9.9973E-05 9.9973E-05
0.0125641 0.579003 0.0285064 0.277687 0.0740695 0.0261417 0.00202851
9.9955E-05 0.637442 9.9955E-05 0.362058 9.9955E-05 9.9955E-05 9.9955E-05
9.9964E-05 0.862533 9.9964E-05 0.0693369 0.0677302 9.9964E-05 9.9964E-05
9.995E-05 0.9994 9.995E-05 9.995E-05 9.995E-05 9.995E-05 9.995E-05
9.9955E-05 0.979889 9.9955E-05 9.9955E-05 9.9955E-05 0.0196109 9.9955E-05
9.9955E-05 0.868026 9.9955E-05 0.131474 9.9955E-05 9.9955E-05 9.9955E-05
9.9973E-05 0.962237 9.9973E-05 9.9973E-05 0.019376 0.00612681 0.0119607
9.995E-05 0.9994 9.995E-05 9.995E-05 9.995E-05 9.995E-05 9.995E-05
9.9955E-05 0.989019 9.9955E-05 9.9955E-05 9.9955E-05 9.9955E-05 0.0104814
0.00575252 0.681181 9.9973E-05 0.232428 9.9973E-05 9.9973E-05 0.0803381
9.9982E-05 0.747148 0.058432 0.157444 0.01485 9.9982E-05 0.0219266
9.9964E-05 0.975227 9.9964E-05 9.9964E-05 0.0167649 9.9964E-05 0.00760844
0.0109367 0.438361 0.0458274 0.306818 0.140516 0.0574408 9.9991E-05
9.9982E-05 0.556387 0.10566 0.315219 9.9982E-05 0.0139945 0.00853931
9.9991E-05 0.78779 0.0134482 0.125832 0.0160784 0.0138519 0.0429002
9.9973E-05 0.859418 9.9973E-05 0.092312 9.9973E-05 0.0269337 0.0210364
9.995E-05 0.9994 9.995E-05 9.995E-05 9.995E-05 9.995E-05 9.995E-05
9.9982E-05 0.878833 0.0617223 0.0153538 0.0348205 0.00907057 9.9982E-05
9.995E-05 0.9994 9.995E-05 9.995E-05 9.995E-05 9.995E-05 9.995E-05
9.9982E-05 0.629541 0.0304185 0.198097 0.0213293 0.120414 9.9982E-05
9.9973E-05 0.917237 0.0140121 9.9973E-05 9.9973E-05 0.054029 0.0144222
0.623413 0.01675 0.353921 9.9973E-05 0.00561548 9.9973E-05 9.9973E-05
0.219317 0.070691 0.140638 0.434874 9.9991E-05 0.113379 0.0210006
0.157551 0.0425072 0.283417 0.421686 0.0899637 9.9991E-05 0.00477497
0.453092 0.115175 0.221015 0.181755 9.9982E-05 9.9982E-05 0.0287631
0.230375 0.0671123 0.0646888 0.530405 0.034313 0.0243786 0.0487271
0.293623 0.0457361 0.299827 0.261131 0.0665443 9.9991E-05 0.0330389
0.161913 0.0494834 0.151539 0.502303 0.0514285 0.0710353 0.0122986
0.388739 0.136661 0.140538 0.333763 9.9973E-05 9.9973E-05 9.9973E-05
0.229976 0.145636 0.0682005 0.453752 9.9982E-05 9.9982E-05 0.102235
0.315842 0.139765 0.0749822 0.379664 0.0258 9.9991E-05 0.0638472
0.0717176 0.055448 0.253915 0.522666 0.0186054 0.0360013 0.0416463
0.0582599 9.9973E-05 0.838998 0.0485881 9.9973E-05 0.0538538 9.9973E-05
9.9982E-05 0.0708196 0.868575 0.00643656 0.00312028 9.9982E-05 0.0508486
9.9964E-05 9.9964E-05 0.939909 9.9964E-05 9.9964E-05 0.0191778 0.0405136
9.9973E-05 9.9973E-05 0.942671 0.0427131 9.9973E-05 0.00630198 0.00801425
9.9982E-05 0.013578 0.801415 0.035426 9.9982E-05 0.0232318 0.126149
9.9973E-05 0.0692279 0.836485 9.9973E-05 0.0256802 9.9973E-05 0.0683065
9.9973E-05 0.10959 0.8278 9.9973E-05 0.00162073 9.9973E-05 0.0606885
0.0735704 0.0503404 0.861233 9.9982E-05 9.9982E-05 0.0133335 0.00132328
9.9982E-05 9.9982E-05 0.861224 0.0452125 0.04935 0.00997325 0.0340401
9.9982E-05 0.106628 0.868072 0.00114112 9.9982E-05 0.0138437 0.0101149
9.9973E-05 9.9973E-05 0.585667 9.9973E-05 0.157101 0.205035 0.0518967
9.9982E-05 0.013906 0.549459 9.9982E-05 0.0876866 0.320183 0.0285649
0.147391 9.9982E-05 0.455384 9.9982E-05 0.042416 0.306793 0.0478156
0.0142592 9.9973E-05 0.52591 9.9973E-05 0.120999 0.338532 9.9973E-05
9.9973E-05 9.9973E-05 9.9973E-05 0.553997 0.253958 0.146062 0.0456821
9.9982E-05 0.0536801 0.0497504 0.472532 0.330101 0.093736 9.9982E-05
0.00909435 0.0140079 9.9982E-05 0.556802 0.207692 0.212204 9.9982E-05
0.102273 9.9991E-05 0.0498099 0.392869 0.111402 0.297976 0.0455696
0.0753625 9.9973E-05 9.9973E-05 0.150373 0.117634 0.656331 9.9973E-05
9.9982E-05 0.14011 0.0455442 0.463929 0.279934 0.0702825 9.9982E-05
0.0622999 9.9973E-05 9.9973E-05 0.585637 0.305807 0.0459558 9.9973E-05
0.163543 9.9991E-05 0.00943128 0.512205 0.23062 0.0581124 0.0259879
0.00553886 0.0825584 9.9973E-05 0.314651 0.596952 9.9973E-05 9.9973E-05
0.0255072 0.0276532 0.0611722 0.643936 0.100762 0.131303 0.00966652
0.0112633 9.9982E-05 9.9982E-05 0.49085 0.376568 0.113007 0.00811226
0.179694 9.9973E-05 9.9973E-05 9.9973E-05 0.703595 0.0983951 0.0180158
0.0496267 0.0209285 0.109657 0.531828 0.15802 0.12984 9.9991E-05
0.255429 9.9973E-05 0.0251624 0.269939 0.449169 9.9973E-05 9.9973E-05
0.0489756 9.9964E-05 9.9964E-05 0.507326 0.443299 9.9964E-05 9.9964E-05
9.9973E-05 9.9973E-05 0.0659954 0.0757108 0.665309 0.192685 9.9973E-05
0.12446 9.9964E-05 0.130773 9.9964E-05 9.9964E-05 0.744367 9.9964E-05
0.130049 9.9973E-05 0.118714 0.0984709 9.9973E-05 0.652467 9.9973E-05
0.109173 9.9982E-05 0.0717161 0.00310657 0.0377886 0.778016 9.9982E-05
0.100076 9.9973E-05 0.131382 0.0099685 9.9973E-05 0.758274 9.9973E-05
0.128838 0.0448283 9.9982E-05 0.00328495 9.9982E-05 0.813379 0.00947076
0.0834033 0.0431489 0.0777132 0.0645251 9.9982E-05 0.731009 9.9982E-05
9.9982E-05 0.0681303 0.796184 0.0415621 0.013878 9.9982E-05 0.0800452
9.9973E-05 9.9973E-05 0.810117 0.113612 9.9973E-05 0.0413571 0.0346146
9.9973E-05 0.114487 0.721457 0.12525 9.9973E-05 9.9973E-05 0.0385064
9.9982E-05 0.0688175 0.727057 0.0671477 9.9982E-05 0.0977463 0.0390317
9.9973E-05 0.0275466 0.832586 0.116345 9.9973E-05 0.0232225 9.9973E-05
0.00154798 9.9982E-05 0.401906 9.9982E-05 0.000756801 0.583145 0.0124444
0.11096 9.9982E-05 0.442227 9.9982E-05 0.0507841 0.393963 0.00186567
0.0087848 9.9982E-05 0.429049 9.9982E-05 0.099131 0.432518 0.0303173
9.995E-05 9.995E-05 9.995E-05 9.995E-05 9.995E-05 9.995E-05 0.9994
0.0145669 9.9982E-05 0.354481 9.9982E-05 0.0726726 0.522683 0.0353968
0.132504 0.304124 0.259361 0.299901 9.9982E-05 0.00391061 9.9982E-05
9.9982E-05 0.159025 0.105368 0.610366 9.9982E-05 0.104944 0.0200961
9.9982E-05 0.223565 0.099938 0.592969 0.038193 9.9982E-05 0.0451347
0.117212 0.17386 0.283082 0.399344 9.9982E-05 0.0263023 9.9982E-05
0.0432493 0.0413738 0.199326 0.59466 0.0594047 9.9991E-05 0.061886
0.250728 0.294301 0.454572 9.9964E-05 9.9964E-05 9.9964E-05 9.9964E-05
0.088546 9.9982E-05 0.0588276 0.471337 0.123652 0.257438 9.9982E-05
0.248113 0.00780666 0.0240695 0.37376 0.148164 0.197986 9.9991E-05
9.9982E-05 9.9982E-05 0.0297152 0.336588 0.0480765 0.534199 0.0512221
0.225995 9.9982E-05 0.0101203 0.427769 0.215328 0.120588 9.9982E-05
0.658617 9.9964E-05 9.9964E-05 9.9964E-05 0.17609 0.164893 9.9964E-05
0.125509 0.0718021 0.0166031 0.494618 0.120732 0.118445 0.0522906
0.132605 9.9991E-05 0.055727 0.503607 0.0619166 0.240012 0.00603268
9.9973E-05 9.9973E-05 9.9973E-05 0.353488 0.108962 0.501289 0.0359616
0.0845402 9.9991E-05 0.0456447 0.645652 0.000170549 0.159851 0.0640407
0.439874 9.9973E-05 9.9973E-05 0.126949 0.135574 0.297303 9.9973E-05
0.23429 0.023754 9.9982E-05 0.46226 0.150629 0.128867 9.9982E-05
0.117729 0.01532 9.9991E-05 0.537469 0.110696 0.183824 0.034862
0.0967983 0.137433 0.153531 0.433746 0.038754 0.139637 9.9991E-05
0.235421 9.9973E-05 9.9973E-05 0.408965 0.140124 0.215189 9.9973E-05
0.138391 9.9982E-05 9.9982E-05 0.461799 0.145634 0.251633 0.0023432
0.128488 0.121789 9.9982E-05 0.452919 0.178766 0.117837 9.9982E-05
0.137949 9.9982E-05 0.00980792 0.472333 0.101153 0.278557 9.9982E-05
0.0382283 0.109183 9.9991E-05 0.590706 0.0637625 0.181107 0.016913
9.9991E-05 0.0474466 0.102509 0.551777 0.182028 0.0877065 0.0284318
0.0276351 0.0276353 0.119508 0.56261 0.158162 0.057884 0.046566
9.9964E-05 0.0841684 0.794142 0.12129 9.9964E-05 9.9964E-05 9.9964E-05
9.9982E-05 0.038974 0.810264 0.0675613 0.0717502 9.9982E-05 0.0112503
0.0438925 0.00382497 0.805899 0.0687363 0.0306961 0.0468514 9.9991E-05
9.9973E-05 0.0465567 0.838426 9.9973E-05 0.105734 9.9973E-05 0.00898308
9.9982E-05 0.0772383 0.771692 0.0682617 0.0185781 9.9982E-05 0.0640297
0.0508458 0.0831224 9.9991E-05 0.190989 0.050539 0.624086 0.000317352
0.115345 0.0226811 0.0985419 0.537464 0.0786909 0.118625 0.0286522
0.122111 0.0943807 0.204546 0.532637 9.9982E-05 9.9982E-05 0.0461254
0.0168919 0.121093 0.0066889 0.609173 0.0603747 0.139356 0.0464233
9.9982E-05 0.0721614 0.0456267 0.469531 0.130641 0.28184 9.9982E-05
0.230172 0.0500237 9.9982E-05 0.328251 9.9982E-05 0.347135 0.0442181
0.135523 9.9991E-05 0.100087 0.0347785 0.0538437 0.632712 0.0429556
9.9982E-05 0.0150065 9.9982E-05 0.514732 0.102088 0.328365 0.039609
0.040121 0.0653815 0.0816991 0.143303 0.0971527 0.562543 0.00980061
0.140437 0.0137583 0.0662724 0.411358 0.146556 0.221517 9.9991E-05
0.0785477 9.9991E-05 0.12373 0.167366 0.0650008 0.565131 0.000125007
0.0315603 0.0191698 0.0570308 0.662991 9.9991E-05 0.215883 0.0132647
0.0365534 0.0410616 0.0682499 0.229199 0.0804544 0.544381 9.9991E-05
0.195736 0.0287507 0.00862235 0.403181 0.0370297 0.314075 0.0126047
0.279693 0.0272145 0.00948024 0.458792 0.0982004 0.06204 0.0645798
0.534825 9.9973E-05 0.0368351 0.329079 9.9973E-05 0.0989619 9.9973E-05
0.202094 0.0260716 0.0645694 0.626006 0.0810591 9.9982E-05 9.9982E-05
0.200154 9.9991E-05 0.0485608 0.627731 0.0217456 0.0134668 0.0882426
0.487062 9.9964E-05 9.9964E-05 0.406471 9.9964E-05 0.106067 9.9964E-05
0.261726 9.9982E-05 0.0432241 0.587426 9.9982E-05 0.0505953 0.0568288
0.227585 9.9982E-05 0.0393549 0.576281 0.124404 0.0321744 9.9982E-05
0.640807 9.9973E-05 9.9973E-05 0.138893 0.0908655 0.129134 9.9973E-05
0.621314 9.9973E-05 9.9973E-05 0.302596 0.0499962 0.0257942 9.9973E-05
0.423973 9.9964E-05 9.9964E-05 0.481149 9.9964E-05 0.0944783 9.9964E-05
0.558726 9.9973E-05 9.9973E-05 0.166975 0.140415 0.133584 9.9973E-05
0.243852 9.9982E-05 0.0463078 0.500531 0.0256724 0.183437 9.9982E-05
0.0221168 0.0357054 9.9991E-05 0.100323 0.180547 0.633599 0.027609
0.170974 0.0306319 9.9982E-05 0.243316 0.155859 0.399019 9.9982E-05
9.9982E-05 0.079584 9.9982E-05 0.399866 0.0334653 0.463794 0.0230909
0.13524 0.011287 9.9991E-05 0.629878 0.0356832 0.102592 0.0852196
0.0413163 0.00677492 9.9991E-05 0.265567 0.189548 0.484103 0.0125916
0.208279 0.0682456 9.9982E-05 0.437107 9.9982E-05 0.234698 0.0514698
0.0906741 9.9991E-05 0.054918 0.632389 0.0570968 0.112278 0.0525442
9.9991E-05 0.0566175 0.0805892 0.468738 0.118 0.266175 0.00977947
9.9982E-05 0.135699 9.9982E-05 0.401521 0.107727 0.296123 0.0587302
9.9991E-05 0.0407064 0.0107196 0.402613 0.148793 0.374763 0.0223047
9.9973E-05 0.0734202 9.9973E-05 0.269528 0.0770829 0.579669 9.9973E-05
0.0553228 0.0951392 9.9982E-05 0.338076 0.0459299 0.465332 9.9982E-05
0.0776868 0.0523412 9.9982E-05 0.634755 0.0305308 0.204486 9.9982E-05
0.0702984 0.0328861 0.03665 0.599407 0.0436032 0.182363 0.0347923
0.188431 9.9991E-05 0.0172389 0.453072 0.0329295 0.268137 0.0400914
0.0380743 0.10263 9.9982E-05 0.48141 0.0646053 0.313081 9.9982E-05
0.0603145 0.039122 0.0468369 0.398144 9.9991E-05 0.40705 0.0484321
0.0178811 9.9991E-05 0.0190033 0.728126 0.0154655 0.17734 0.0420836
0.0840952 0.0277235 0.0309448 0.564859 0.0254484 0.266829 9.9991E-05
0.0186696 0.124402 0.0278795 0.540893 9.9991E-05 0.252304 0.0357518
9.9991E-05 0.14613 0.283452 0.434273 0.0404086 0.0464772 0.0491587
0.0250002 0.252458 0.0880385 0.409973 0.17855 9.9991E-05 0.0458806
0.0920841 0.143221 0.114588 0.494086 0.00324253 0.11003 0.0427487
0.105123 0.115828 0.00628004 0.607362 0.039297 0.0580629 0.0680477
0.04782 0.194749 0.185949 0.471186 0.0855892 0.014607 9.9991E-05
0.279881 0.0105567 9.9973E-05 0.503039 9.9973E-05 0.206223 9.9973E-05
9.9991E-05 0.0941829 0.204296 0.550499 0.116523 0.0227222 0.0116775
0.430686 0.158414 0.296324 9.9982E-05 0.112552 0.00182403 9.9982E-05
0.0783449 0.273489 0.0543825 0.427052 0.0134758 0.127627 0.0256289
0.0430622 0.202666 0.0976366 0.517754 9.9991E-05 0.109189 0.0295925
0.0684635 0.171034 0.160526 0.49328 0.00799094 0.0986056 9.9991E-05
0.164325 0.0665531 0.231669 0.348883 0.094427 0.0496896 0.044453
0.134291 0.217578 0.0944964 0.489526 0.0639088 9.9982E-05 9.9982E-05
0.115156 0.192515 0.0934964 0.484115 9.9991E-05 0.0579576 0.0566594
0.338153 0.147353 0.471089 9.9973E-05 9.9973E-05 9.9973E-05 0.0431055
9.9982E-05 0.177946 0.135599 0.550331 0.0486108 9.9982E-05 0.087312
0.074033 0.178891 0.128519 0.528653 0.0187171 0.0183057 0.0528815
0.0937079 0.103129 0.0546092 0.592365 0.102439 0.0302355 0.0235144
0.0171144 0.180792 0.190938 0.587281 9.9991E-05 0.00918134 0.0145938
0.138592 0.130572 0.126775 0.543341 0.00342024 0.0390891 0.0182108
0.317021 0.0441737 9.9991E-05 0.465697 0.121909 0.0315165 0.0195819
0.243403 0.0474222 0.0175082 0.521879 9.9991E-05 0.155983 0.013705
0.583686 9.9973E-05 9.9973E-05 0.101761 0.29511 0.019143 9.9973E-05
0.700083 9.9973E-05 9.9973E-05 0.0390294 0.163726 0.0968615 9.9973E-05
0.118506 0.0505903 0.0922891 0.51746 0.101603 0.119451 9.9991E-05
0.157764 0.303876 0.111723 0.426336 9.9973E-05 9.9973E-05 9.9973E-05
0.251278 0.3135 0.0868887 0.335453 9.9982E-05 9.9982E-05 0.0126809
0.324478 0.349433 0.12697 0.15892 0.0126486 9.9991E-05 0.0274502
0.138826 0.274483 0.100283 0.397295 9.9991E-05 0.0288869 0.0601271
0.696975 0.0530337 0.0533371 0.185169 9.9982E-05 9.9982E-05 0.0112853
0.54106 0.0184044 0.0943766 0.330841 9.9982E-05 9.9982E-05 0.0151177
0.180751 0.110353 9.9991E-05 0.520905 0.157162 0.0162867 0.0144431
0.348148 0.0606536 0.0555739 0.5099 0.0255251 9.9982E-05 9.9982E-05
0.556882 0.130837 9.9982E-05 0.243055 9.9982E-05 0.041138 0.0278882
0.177997 0.0803729 0.0190981 0.564171 0.110952 0.000628729 0.0467808
0.247567 0.131101 9.9982E-05 0.589684 0.0103016 0.0211468 9.9982E-05
0.234031 0.0997005 0.0146777 0.524078 9.9991E-05 0.0529351 0.074478
0.366548 9.9973E-05 9.9973E-05 0.381561 0.176782 0.0748097 9.9973E-05
0.384563 0.0356481 9.9991E-05 0.360812 0.0775902 0.102025 0.0392612
0.213139 0.00282639 0.060652 0.557443 0.0885844 0.0747089 0.00264609
0.231717 0.0222232 0.0726663 0.459645 0.0922656 0.101659 0.0198248
0.225861 0.16249 0.0280904 0.425556 0.126697 9.9991E-05 0.0312064
0.36852 0.00881786 9.9991E-05 0.488108 0.101468 0.020917 0.0120694
0.563102 9.9973E-05 9.9973E-05 0.290825 0.0423462 0.103427 9.9973E-05
0.220858 0.0138541 0.0341589 0.619682 0.100922 9.9991E-05 0.0104255
0.456679 9.9973E-05 9.9973E-05 0.305729 0.149712 0.0875808 9.9973E-05
0.38943 9.9973E-05 9.9973E-05 0.484158 0.0898059 9.9973E-05 0.0363064
0.276382 9.9973E-05 9.9973E-05 0.592235 0.0551398 9.9973E-05 0.0759428
0.144033 0.0470868 9.9991E-05 0.494031 0.189965 0.0982842 0.0264992
0.119188 0.171989 0.163418 0.438712 0.00271738 0.0735883 0.0303871
0.184318 0.220904 0.0837525 0.248758 0.125622 0.122016 0.0146291
0.145923 0.243835 0.167235 0.366741 0.0320387 0.0441278 9.9991E-05
0.130343 0.158863 0.0920255 0.31663 0.0715626 0.103584 0.126992
9.9982E-05 0.298483 0.0880047 0.316393 0.135081 0.161839 9.9982E-05
0.20349 0.151446 0.113103 0.430565 9.9991E-05 0.013882 0.0874134
0.589025 0.173533 0.0962361 9.9991E-05 0.0419239 0.0511671 0.0480147
0.0871753 0.214369 0.122027 0.576129 9.9973E-05 9.9973E-05 9.9973E-05
0.531341 0.116895 0.351363 9.9964E-05 9.9964E-05 9.9964E-05 9.9964E-05
0.207084 0.179425 0.0737775 0.539414 9.9973E-05 9.9973E-05 9.9973E-05
0.618163 9.9964E-05 9.9964E-05 0.102541 0.278896 9.9964E-05 9.9964E-05
0.646936 9.9964E-05 9.9964E-05 9.9964E-05 0.311143 0.0415209 9.9964E-05
0.320366 9.9982E-05 9.9982E-05 0.489703 0.135018 0.0436619 0.0110517
0.280994 0.00903747 9.9973E-05 0.642102 0.0675666 9.9973E-05 9.9973E-05
0.390595 9.9973E-05 9.9973E-05 0.358861 0.229356 0.0208885 9.9973E-05
0.266373 9.9964E-05 9.9964E-05 0.574894 0.158333 9.9964E-05 9.9964E-05
0.296141 9.9964E-05 9.9964E-05 0.603834 0.0996258 9.9964E-05 9.9964E-05
9.9982E-05 0.0637835 0.73157 0.0936551 0.0367727 9.9982E-05 0.0740183
9.9982E-05 0.0955968 0.717023 9.9982E-05 0.000315769 0.150026 0.0368391
9.9973E-05 0.0812846 0.857277 9.9973E-05 9.9973E-05 0.033795 0.0273435
9.9964E-05 9.9964E-05 0.837795 0.0341714 9.9964E-05 9.9964E-05 0.127633
0.107018 0.0441704 9.9991E-05 0.51699 0.245423 0.0260501 0.0602492
9.9982E-05 0.0138321 0.0596256 0.432998 0.419216 0.0741276 9.9982E-05
9.9964E-05 9.9964E-05 9.9964E-05 0.456469 0.467051 9.9964E-05 0.0760808
0.0218385 9.9982E-05 0.11309 0.551991 0.267688 9.9982E-05 0.0451927
0.0410202 0.0443839 0.092206 0.531918 0.199573 0.0857237 0.00517452
0.0216374 0.0201546 0.0357816 0.200746 0.578255 0.133917 0.00950877
9.9982E-05 0.0238983 9.9982E-05 0.571337 0.361735 0.00872412 0.0341057
0.159162 9.9973E-05 9.9973E-05 0.317522 0.462233 9.9973E-05 0.0607822
0.0133752 0.195199 0.23 0.46796 9.9991E-05 0.0825817 0.0107838
0.135506 0.0328634 9.9982E-05 0.43389 0.337213 0.0603281 9.9982E-05
9.9982E-05 0.0158226 9.9982E-05 0.300098 0.554919 0.0986216 0.0303392
0.0526906 9.9991E-05 0.0131267 0.514344 0.394136 0.0175917 0.00801155
9.9973E-05 9.9973E-05 0.0422 0.371907 0.549201 0.0363919 9.9973E-05
0.0774232 0.0241278 9.9973E-05 0.58972 0.308429 9.9973E-05 9.9973E-05
9.9973E-05 0.02426 0.0411374 0.578239 0.356063 9.9973E-05 9.9973E-05
0.0283862 9.9964E-05 9.9964E-05 0.0847789 0.886435 9.9964E-05 9.9964E-05
0.126172 0.0720426 9.9991E-05 0.154934 0.630341 0.0151287 0.00128214
0.0364536 9.9982E-05 9.9982E-05 0.302372 0.511061 0.144234 0.00567893
0.225317 9.9955E-05 9.9955E-05 9.9955E-05 0.774184 9.9955E-05 9.9955E-05
9.9982E-05 9.9982E-05 0.036945 0.417798 0.400233 0.106053 0.0387706
0.247039 9.9964E-05 9.9964E-05 0.113898 0.638663 9.9964E-05 9.9964E-05
0.255228 9.9955E-05 9.9955E-05 9.9955E-05 0.744272 9.9955E-05 9.9955E-05
9.9991E-05 0.0640137 0.0174649 0.537799 0.360473 0.00325166 0.0168984
9.9991E-05 0.0177975 0.0525834 0.150758 0.61773 0.146837 0.014194
9.9973E-05 0.116325 9.9973E-05 0.303849 0.48621 0.0933159 9.9973E-05
0.123053 9.9982E-05 0.0929205 0.633336 0.126525 0.0239654 9.9982E-05
9.9964E-05 9.9964E-05 0.0688187 0.548358 0.382423 9.9964E-05 9.9964E-05
0.291433 0.0396093 9.9982E-05 0.37043 0.0276307 0.270697 9.9982E-05
9.9991E-05 0.026389 0.0531245 0.572871 0.303204 0.0427614 0.00155
9.9982E-05 9.9982E-05 0.00936994 0.455606 0.432637 0.0702906 0.0318963
0.0316991 9.9973E-05 9.9973E-05 0.277901 0.659823 9.9973E-05 0.0302774
0.0483398 0.0220976 0.0517294 0.533624 0.31873 0.00818039 0.0172986
0.0458812 9.9973E-05 0.586118 9.9973E-05 9.9973E-05 0.320332 0.0473685
0.0310285 9.9991E-05 0.654293 0.0213453 0.0805509 0.129115 0.083567
0.0269291 9.9973E-05 0.714842 9.9973E-05 9.9973E-05 0.157049 0.10088
0.0570184 9.9973E-05 0.726465 9.9973E-05 9.9973E-05 0.139707 0.0765099
9.9973E-05 9.9973E-05 0.698595 0.0285262 9.9973E-05 0.230216 0.0423634
9.9982E-05 0.01629 0.0606245 0.0771285 0.73078 0.114977 9.9982E-05
0.0342173 9.9991E-05 0.0557308 0.111215 0.641613 0.141555 0.0155688
0.0884356 9.9964E-05 9.9964E-05 0.0899725 0.821192 9.9964E-05 9.9964E-05
0.0940991 0.0564587 0.0858091 0.445906 0.317527 9.9982E-05 9.9982E-05
0.00839236 0.0750208 0.0806823 0.428418 0.306321 0.101066 9.9991E-05
0.00803287 0.0317246 0.0566783 0.254123 0.643024 9.9991E-05 0.0063172
0.0996943 0.0789634 9.9973E-05 0.584338 0.236705 9.9973E-05 9.9973E-05
0.0644822 0.0567418 0.0224785 0.323972 0.532126 9.9982E-05 9.9982E-05
0.00573257 0.00419818 0.0759045 0.515604 0.378383 0.00557561 0.0146029
9.9982E-05 0.0594176 0.0193282 0.569699 0.347157 0.00419853 9.9982E-05
9.9973E-05 0.000885357 9.9973E-05 0.244776 0.616086 0.137953 9.9973E-05
9.9973E-05 9.9973E-05 9.9973E-05 0.305897 0.641021 0.0225427 0.0302391
9.9973E-05 9.9973E-05 9.9973E-05 0.334826 0.524036 0.124047 0.0167912
0.16605 9.9973E-05 0.146187 0.667358 9.9973E-05 9.9973E-05 0.0201047
9.9973E-05 9.9973E-05 9.9973E-05 0.312775 0.648404 0.0218538 0.0166672
9.9973E-05 9.9973E-05 0.0504984 0.490994 0.399431 0.0587763 9.9973E-05
0.026083 0.330328 0.0566733 0.514168 0.0491834 9.9991E-05 0.0234637
0.0574524 0.489764 0.0472854 0.331381 9.9991E-05 0.019196 0.0548211
0.00147352 0.358636 0.125916 0.487658 9.9982E-05 9.9982E-05 0.0261169
0.0419541 0.501524 0.121337 0.292876 0.0236952 9.9991E-05 0.0185139
0.144477 0.344987 0.0854895 0.402514 9.9982E-05 0.0223325 9.9982E-05
0.121426 9.9973E-05 0.0535441 0.546461 0.278269 9.9973E-05 9.9973E-05
0.0360545 0.649767 0.236204 0.0338415 9.9982E-05 9.9982E-05 0.0439326
0.0675302 0.479922 0.136491 0.244944 0.0171554 9.9991E-05 0.053857
0.220968 0.152324 0.0141324 0.404948 0.108769 0.00694712 0.0919112
0.306392 9.9973E-05 0.0788682 0.562528 9.9973E-05 9.9973E-05 0.051912
0.294208 0.0425143 0.0731863 0.518672 9.9982E-05 0.0712194 9.9982E-05
0.155549 0.0238528 0.0486305 0.602691 0.0485263 0.106639 0.0141122
0.167263 0.000407553 0.117176 0.625985 0.0218606 0.0495941 0.0177135
9.9973E-05 0.43303 0.167351 0.392231 9.9973E-05 9.9973E-05 0.0070875
9.9982E-05 0.316519 0.152668 0.454884 9.9982E-05 0.0192444 0.056485
9.9964E-05 0.51956 0.0765312 0.403509 9.9964E-05 9.9964E-05 9.9964E-05
0.0379775 0.341621 0.118377 0.40334 9.9991E-05 0.0906492 0.00793552
9.9991E-05 0.479119 0.133163 0.315035 0.0257001 0.0224583 0.0244247
0.00335785 0.312376 0.111533 0.42887 9.9991E-05 0.0623725 0.0813908
0.0624044 0.528648 0.112283 0.253327 9.9982E-05 9.9982E-05 0.0431383
0.0603136 0.389596 0.0542811 0.441592 0.000894466 9.9991E-05 0.0532227
0.261197 0.000774469 0.0826386 0.62416 0.00537539 9.9991E-05 0.0257543
9.9982E-05 0.442424 0.121799 0.290367 0.0756367 0.069573 9.9982E-05
0.00688938 0.635294 0.174816 0.162486 9.9982E-05 9.9982E-05 0.0203142
9.99935E-05 0.350632 0.0953637 0.356777 0.140275 0.0180502 0.0388027
0.234486 9.9991E-05 0.150524 0.202869 0.151545 0.24289 0.0175856
0.191147 0.101848 0.00159788 0.562169 0.102478 0.0213486 0.0194116
9.9982E-05 0.313943 0.166377 0.355993 0.0700706 0.0934159 9.9982E-05
0.184888 9.9982E-05 0.0924249 0.597139 9.9982E-05 0.0954259 0.0299222
0.196156 9.9991E-05 0.102232 0.470627 0.0859858 0.115845 0.0290537
0.0402055 0.224572 0.196561 0.374852 0.110122 0.0361783 0.0175102
0.0928523 0.295009 0.197597 0.356767 0.0402863 9.9991E-05 0.0173888
0.102327 0.105289 0.115437 0.501419 0.0888309 0.0622473 0.0244511
0.00563924 0.370339 0.161642 0.34336 0.0595096 9.9991E-05 0.0594099
0.0381705 0.455406 0.0310634 0.471569 9.9982E-05 9.9982E-05 0.00359093
0.103005 0.629246 0.179141 0.0883081 9.9973E-05 9.9973E-05 9.9973E-05
0.0438024 0.0117079 0.0957756 0.707559 9.9991E-05 0.0903703 0.0506848
0.205136 9.9982E-05 0.158975 0.452876 0.062236 0.120577 9.9982E-05
0.636554 0.0170385 0.0832932 0.201304 0.00593413 9.9991E-05 0.0557762
0.00635761 0.0825725 0.171756 0.57615 0.0807542 0.0823094 9.9991E-05
0.201512 0.0457942 0.0324372 0.373773 0.0248896 0.321493 9.9991E-05
0.205474 0.102606 0.118264 0.50254 0.0130655 9.9991E-05 0.0579514
0.16258 0.111871 0.0829017 0.493337 0.0102954 0.122249 0.0167664
0.483469 0.184142 0.331989 9.9964E-05 9.9964E-05 9.9964E-05 9.9964E-05
0.584082 0.0811857 0.257798 9.9973E-05 9.9973E-05 9.9973E-05 0.0766339
0.380747 0.126041 0.0847461 0.226365 9.9991E-05 0.126747 0.0552535
0.388498 0.183141 0.323418 0.0528073 0.0176172 9.9991E-05 0.0344185
0.314757 0.212805 0.437919 9.9973E-05 9.9973E-05 9.9973E-05 0.0342188
0.281669 0.0928744 0.163906 0.377817 0.0755048 9.9991E-05 0.00812944
0.186806 0.179494 0.19162 0.36033 9.9991E-05 0.0389324 0.0427181
0.289306 0.177958 0.272354 0.195403 0.0179967 0.0351704 0.0118111
0.45154 0.129283 0.252635 0.0939795 9.9982E-05 9.9982E-05 0.0723628
0.223015 0.022919 0.159089 0.546749 9.9982E-05 0.0480275 9.9982E-05
0.440192 0.137373 0.156908 0.136822 0.0899478 9.9991E-05 0.0386569
0.531794 0.0148955 0.391751 9.9973E-05 9.9973E-05 9.9973E-05 0.0612592
0.0698824 0.140016 0.157743 0.515708 0.02762 0.08893 9.9991E-05
0.212457 0.200908 0.156843 0.3765 9.9991E-05 0.00998504 0.0432067
9.9982E-05 0.124502 0.263374 0.479817 0.102006 9.9982E-05 0.0301012
9.9973E-05 0.166336 0.194583 0.609992 9.9973E-05 9.9973E-05 0.0287888
0.0248483 0.143193 0.160566 0.563176 0.108017 9.9982E-05 9.9982E-05
0.075121 0.358226 0.0916382 0.416272 9.9982E-05 0.0585425 9.9982E-05
0.0304757 0.230153 0.280088 0.351244 0.0150564 0.066372 0.0266106
9.9982E-05 0.104038 0.25038 0.616201 0.00437548 0.0248059 9.9982E-05
9.9982E-05 0.22712 0.178404 0.503892 9.9982E-05 0.0169952 0.0733896
0.0977624 0.24887 0.221085 0.30928 0.0582627 9.9991E-05 0.06464
0.014829 0.142386 0.218942 0.228639 0.279017 0.10806 0.00812692
0.0436393 0.100645 0.160901 0.556664 0.00568183 0.122831 0.00963768
0.0288303 0.15008 0.131193 0.495507 0.0327231 0.131475 0.0301912
0.0929393 0.175521 0.0331662 0.438025 0.0996506 0.138168 0.0225289
0.0354816 0.242821 0.245431 0.365134 9.9991E-05 0.0568411 0.0541916
9.9991E-05 0.183578 0.182963 0.533077 0.0442275 0.0238682 0.032187
0.203508 0.222231 0.37458 0.198411 0.00107035 9.9982E-05 9.9982E-05
0.0359163 0.153874 0.169887 0.502172 0.0300312 0.0875754 0.0205443
0.132792 0.29594 0.297775 0.234051 0.0392419 9.9982E-05 9.9982E-05
0.0118723 9.9982E-05 0.811825 9.9982E-05 0.0786405 0.0778014 0.0196604
0.0991077 0.0428439 0.0555403 0.0822905 9.9991E-05 0.710762 0.00935524
9.9955E-05 9.9955E-05 0.000237715 9.9955E-05 9.9955E-05 0.999263 9.9955E-05
9.9955E-05 9.9955E-05 9.9955E-05 9.9955E-05 9.9955E-05 0.939663 0.0598376
9.9964E-05 0.00429117 9.9964E-05 0.0139924 9.9964E-05 0.981317 9.9964E-05
9.9973E-05 0.00125269 9.9973E-05 0.0236666 9.9973E-05 0.937299 0.0374816
9.9964E-05 9.9964E-05 9.9964E-05 0.0564446 9.9964E-05 0.909169 0.0339871
9.9955E-05 9.9955E-05 9.9955E-05 9.9955E-05 9.9955E-05 0.960265 0.0392347
9.9982E-05 0.0131144 0.188903 0.0329403 9.9982E-05 0.718577 0.0462657
9.9991E-05 0.0247485 0.819383 0.042439 0.011133 0.026233 0.0759639
9.9982E-05 9.9982E-05 0.726142 0.0193222 0.0833567 0.0903944 0.0805849
9.9982E-05 0.0645202 0.816074 0.00992182 0.0395869 9.9982E-05 0.0696968
0.00954929 9.9982E-05 0.810325 0.0428249 9.9982E-05 0.095846 0.0412552
9.9982E-05 0.0309849 0.895351 0.0501091 9.9982E-05 0.0140735 0.00928114
9.9991E-05 0.0095067 0.847951 0.00993395 0.0383786 0.0610212 0.0331085
9.9982E-05 0.159238 0.640067 9.9982E-05 0.0406991 0.0469652 0.112831
0.0119414 0.0656731 0.812433 0.0439689 9.9982E-05 9.9982E-05 0.0657832
9.9991E-05 0.0199825 0.706286 0.0861024 0.0330989 0.120091 0.0343383
9.9973E-05 0.054795 0.840018 9.9973E-05 0.0595202 9.9973E-05 0.0453672
9.9973E-05 9.9973E-05 0.895375 9.9973E-05 0.0376536 0.00433692 0.0623342
0.0425913 0.0655856 0.782883 0.0191701 9.9991E-05 0.0240006 0.0656693
9.9973E-05 0.0201638 0.903059 9.9973E-05 9.9973E-05 0.0415168 0.0349602
0.0228674 0.0243664 0.810413 0.0607951 9.9982E-05 9.9982E-05 0.0813582
9.9991E-05 0.019095 0.776953 0.0550544 0.0084636 0.0448166 0.0955178
9.9964E-05 9.9964E-05 0.782069 0.154863 9.9964E-05 9.9964E-05 0.0626678
9.9973E-05 0.10447 0.725271 0.118047 9.9973E-05 9.9973E-05 0.0519128
9.9973E-05 0.0464569 0.71113 0.192948 9.9973E-05 9.9973E-05 0.0491657
9.9964E-05 9.9964E-05 0.746567 0.163152 9.9964E-05 9.9964E-05 0.0898811
0.199822 9.9982E-05 0.178865 0.448784 0.0983712 0.0739575 9.9982E-05
0.101339 9.9991E-05 0.0652535 0.703428 0.0403984 0.068825 0.0206561
0.0977743 0.0149929 0.0498507 0.593791 0.138587 0.00793259 0.0970715
0.567585 9.9982E-05 0.0534354 0.173054 0.177479 9.9982E-05 0.0282466
0.141673 9.9982E-05 0.157845 0.576849 9.9982E-05 0.109697 0.013737
0.704476 9.9964E-05 0.135045 0.160079 9.9964E-05 9.9964E-05 9.9964E-05
0.204125 9.9982E-05 0.0820432 0.648602 9.9982E-05 0.0595721 0.00545851
0.240982 9.9982E-05 0.112852 0.451365 0.08105 0.113551 9.9982E-05
0.235754 9.9991E-05 0.0469617 0.568356 0.047103 0.0432527 0.0584731
0.0154788 0.062344 0.0444105 0.43041 0.370339 0.0668889 0.0101285
0.244463 9.9991E-05 0.0200447 0.492663 0.111016 0.0652927 0.0664204
0.222017 9.9973E-05 0.0551538 0.705332 9.9973E-05 9.9973E-05 0.0171969
0.22665 9.9982E-05 0.0176598 0.578654 9.9982E-05 0.112023 0.0648132
0.193744 0.0177323 9.9982E-05 0.128263 0.140207 0.519853 9.9982E-05
0.826712 9.9982E-05 0.0295761 0.0130676 0.0400095 0.090435 9.9982E-05
0.645917 9.9973E-05 0.103117 0.242672 9.9973E-05 0.00799436 9.9973E-05
0.220216 0.0295035 0.0151411 0.642261 9.9991E-05 0.008314 0.0844651
0.285928 9.9973E-05 0.142733 0.568527 9.9973E-05 0.00251144 9.9973E-05
0.218164 0.0100545 0.112291 0.552868 0.0881083 0.0174484 0.0010658
0.184711 0.0801775 0.0300148 0.571949 0.0859068 9.9991E-05 0.0471414
0.170266 0.164073 0.183045 0.467502 0.00997548 9.9991E-05 0.00503841
