9.9964E-05 9.9964E-05 9.9964E-05 0.0571353 0.0574292 0.827786 0.0572496 9.9964E-05
0.0417431 0.0200163 9.9973E-05 9.9973E-05 0.011891 0.886568 0.039482 9.9973E-05
9.9973E-05 9.9973E-05 9.9973E-05 0.0283608 0.0333424 0.701464 0.126203 0.110329
9.9973E-05 9.9973E-05 9.9973E-05 0.052623 0.0566018 0.736389 0.0641717 0.0899144
9.9982E-05 0.00247232 9.9982E-05 0.0419122 0.0061977 0.867676 0.0248518 0.0566896
0.0107621 9.9973E-05 0.378739 0.0357676 9.9973E-05 0.558073 0.0163585 9.9973E-05
9.9955E-05 9.9955E-05 0.22479 9.9955E-05 9.9955E-05 0.717386 0.0573239 9.9955E-05
9.9973E-05 9.9973E-05 0.233439 0.00660567 0.0408078 0.693175 0.0256722 9.9973E-05
0.0590407 0.0187429 9.99729E-05 9.99729E-05 0.100567 0.807838 0.0135113 9.99729E-05
9.9982E-05 9.9982E-05 0.229107 0.0811519 0.00645983 0.606437 0.074469 0.00217476
9.9955E-05 9.9955E-05 0.292192 9.9955E-05 0.0119027 0.695406 9.9955E-05 9.9955E-05
0.230884 9.9973E-05 0.105708 0.0740655 0.351282 9.9973E-05 9.9973E-05 0.23776
9.9982E-05 0.00292973 0.0136983 0.0782597 0.289536 9.9982E-05 0.058483 0.556893
0.151872 0.0674889 0.0179123 0.0400868 0.351378 0.0504116 0.0268337 0.294016
9.9982E-05 0.124774 9.9982E-05 0.148842 0.361163 0.0321483 0.0168586 0.316014
0.0868453 0.0253564 0.121255 0.117961 0.186376 0.109707 0.0102966 0.342202
0.0726506 9.9982E-05 9.9982E-05 0.0547507 0.141489 0.0716409 0.0575866 0.601683
0.0746953 0.0961643 0.16554 0.0465119 0.175438 9.9991E-05 0.0618718 0.379679
0.179506 0.0524596 9.9982E-05 9.9982E-05 0.209476 0.135167 0.0321357 0.391056
0.0785017 0.0567385 0.238562 0.0577288 0.532988 0.0233004 0.0120803 9.9991E-05
0.161904 0.060648 0.0601818 0.0834726 0.225867 0.0285903 0.0238422 0.355495
0.0703381 0.0966212 0.124829 0.00365506 0.0483047 0.0207121 0.0843843 0.551156
0.164508 9.9982E-05 0.136478 0.00113681 0.0658879 0.0984404 9.9982E-05 0.533349
0.182293 0.0130186 0.186486 0.0518204 0.207748 0.0174896 0.022071 0.319072
0.030425 0.0505367 0.0122448 9.9991E-05 0.0776006 0.0932906 0.0343639 0.701438
0.0798985 9.9991E-05 0.0419441 0.117956 0.18753 0.0259447 0.0276042 0.519022
0.226478 0.0385737 0.056322 0.0725519 0.377708 9.9991E-05 0.0444357 0.18383
0.144341 0.00704006 0.0410131 0.19639 0.415222 9.9991E-05 0.0162746 0.179619
0.11807 0.143883 0.164022 0.0075716 0.313547 0.00987168 9.9991E-05 0.242935
9.994E-05 9.994E-05 9.994E-05 9.994E-05 9.994E-05 9.994E-05 0.9993 9.994E-05
9.994E-05 9.994E-05 9.994E-05 9.994E-05 9.994E-05 9.994E-05 0.9993 9.994E-05
0.0923438 9.9964E-05 9.9964E-05 0.0574578 9.9964E-05 0.464026 0.385773 9.9964E-05
0.0566752 9.9973E-05 9.9973E-05 0.111822 9.9973E-05 0.46813 0.292963 0.0701096
0.116304 0.0266314 0.0861632 0.0117229 0.127764 9.9991E-05 0.0601612 0.571154
0.298699 9.9991E-05 0.0309637 0.0630699 0.0650106 0.0409602 0.0163505 0.484846
0.366136 0.0176738 0.0836673 0.0103954 9.9982E-05 9.9982E-05 0.000527871 0.521399
0.0749317 0.0787936 9.9982E-05 9.9982E-05 0.547636 0.0573125 0.031699 0.209427
0.525069 0.0268348 0.00511186 0.0202804 9.9991E-05 0.0538097 0.0265353 0.342259
0.120834 0.071981 9.9982E-05 9.9982E-05 0.105215 0.0631032 0.0461982 0.592469
0.202944 9.9973E-05 0.108622 0.0244121 9.9973E-05 0.00255352 9.9973E-05 0.661168
0.0613896 9.9991E-05 0.284995 0.00731802 0.0466021 0.0691492 0.0330466 0.4974
0.043866 9.9991E-05 0.237876 0.0234976 0.0635773 0.0233866 0.0545786 0.553118
0.722409 9.9973E-05 0.0145668 9.9973E-05 0.11387 9.9973E-05 0.0394985 0.109355
0.00362657 9.9982E-05 0.389267 0.0774371 0.0260093 9.9982E-05 0.0185954 0.484865
0.213407 9.9964E-05 0.105544 0.0759656 9.9964E-05 9.9964E-05 9.9964E-05 0.604684
0.128335 0.0883234 9.9982E-05 0.103823 9.9982E-05 0.0961795 0.0238739 0.559265
0.604589 0.0635422 9.9955E-05 9.9955E-05 9.9955E-05 9.9955E-05 9.9955E-05 0.331369
0.311585 9.9982E-05 9.9982E-05 0.0495745 0.044095 0.0400262 0.0200234 0.534496
0.156007 0.0462825 0.0899308 0.0951484 0.0184563 0.0881039 0.0445416 0.461529
0.639913 0.297126 9.9955E-05 9.9955E-05 9.9955E-05 0.0624619 9.9955E-05 9.9955E-05
0.184429 0.139969 0.100255 0.0358691 0.397992 9.9991E-05 0.00457936 0.136807
0.253096 0.27002 0.190236 0.0106326 0.187658 0.0181297 9.9991E-05 0.0701275
0.0563621 0.105357 0.0497626 0.0794347 0.0887932 9.9991E-05 0.0834509 0.536739
0.103705 0.0248025 0.0943821 9.9991E-05 0.0426519 0.0965819 0.0155616 0.622215
0.123547 0.0629828 0.128808 0.0468974 0.0769341 0.013792 0.0200018 0.527037
0.29164 0.095232 0.0324764 9.9991E-05 0.304485 0.0853366 0.0359288 0.154801
9.9964E-05 0.181302 0.0206065 9.9964E-05 0.192312 9.9964E-05 9.9964E-05 0.60538
0.156089 9.9982E-05 0.0794927 0.0926112 0.0750757 0.100815 9.9982E-05 0.495716
0.123009 0.0129217 0.142514 0.0234181 0.216795 0.0720585 0.0667507 0.342533
0.16305 0.0973536 0.163501 0.0436292 0.250966 0.160367 0.0411521 0.0799817
0.241066 0.141479 0.0377923 0.112025 9.9991E-05 0.0511233 0.0539366 0.362478
0.0617689 0.173649 9.9982E-05 9.9982E-05 0.226066 0.0374081 0.0581426 0.442766
0.246259 0.0813916 0.123189 9.9973E-05 0.463382 9.9973E-05 0.0854779 9.9973E-05
0.168501 0.225721 9.9973E-05 9.9973E-05 0.0869502 9.9973E-05 0.0132952 0.505232
0.0476024 0.161843 9.9982E-05 0.0910427 0.061525 0.0186712 9.9982E-05 0.619116
0.035536 0.0643836 0.0207972 0.128664 0.156353 0.0687603 0.0375428 0.487963
0.305661 0.135199 0.0158575 0.0234751 0.235072 0.0136632 0.0488022 0.22227
0.140502 0.223873 9.9982E-05 0.00549018 0.125575 9.9982E-05 0.0649187 0.439442
0.120669 0.0516683 9.9982E-05 9.9982E-05 0.145274 0.0549348 0.0691738 0.55808
0.153993 0.181648 0.0602186 9.9982E-05 0.308778 9.9982E-05 0.0635958 0.231567
0.403385 9.9964E-05 0.0246998 9.9964E-05 0.0554806 9.9964E-05 9.9964E-05 0.516035
0.777813 9.9973E-05 9.9973E-05 0.0156031 0.0296791 9.9973E-05 0.0443347 0.13227
0.194545 0.0955816 9.9991E-05 0.0307357 0.0986113 0.0831425 0.0193033 0.477981
0.893953 0.0386247 0.0669228 9.9955E-05 9.9955E-05 9.9955E-05 9.9955E-05 9.9955E-05
0.823379 0.176021 9.9946E-05 9.9946E-05 9.9946E-05 9.9946E-05 9.9946E-05 9.9946E-05
0.739529 9.9955E-05 9.9955E-05 9.9955E-05 0.00764802 9.9955E-05 9.9955E-05 0.252323
0.507901 0.00572138 9.9991E-05 0.0296691 0.0356582 0.0159362 0.031138 0.373876
0.073472 0.0740811 9.9991E-05 0.112604 0.10393 0.0341753 0.0954698 0.506168
0.520327 9.9991E-05 0.0130469 0.0145328 0.0457038 0.0368371 0.0240967 0.345356
0.726301 9.9982E-05 9.9982E-05 0.0506345 0.191581 0.00293701 0.0171241 0.0112225
0.492157 9.9973E-05 9.9973E-05 0.0153654 0.273125 0.0577654 9.9973E-05 0.161287
0.260345 9.9982E-05 9.9982E-05 0.158108 0.0407018 0.021617 0.0590177 0.460011
0.602097 9.9973E-05 9.9973E-05 0.0301853 0.0248112 9.9973E-05 0.0469073 0.295699
0.546368 9.9973E-05 0.00359972 9.9973E-05 9.9973E-05 0.0520641 0.00799913 0.389669
0.558741 9.9964E-05 0.106783 9.9964E-05 9.9964E-05 9.9964E-05 0.00707755 0.326998
0.649962 0.285645 0.0249625 0.015002 9.9973E-05 0.0241281 9.9973E-05 9.9973E-05
0.221917 9.9964E-05 9.9964E-05 9.9964E-05 0.0821224 0.0673205 9.9964E-05 0.62824
9.9973E-05 9.9973E-05 9.9973E-05 0.000270316 0.0386055 0.761868 0.082485 0.116471
9.9955E-05 9.9955E-05 9.9955E-05 9.9955E-05 9.9955E-05 0.778131 0.136221 0.0851489
9.9973E-05 9.9973E-05 9.9973E-05 0.0195837 0.0302673 0.728266 0.136238 0.0853455
0.0031449 0.0345765 9.9982E-05 0.0284033 9.9982E-05 0.799811 0.116918 0.0169461
9.9973E-05 9.9973E-05 0.0496518 0.00266246 9.9973E-05 0.762079 0.127751 0.057556
9.9973E-05 0.0356432 9.9973E-05 0.0157716 9.9973E-05 0.800332 0.082698 0.0652554
0.00809105 9.9982E-05 0.0230097 0.0322066 9.9982E-05 0.86832 0.0620589 0.00611345
0.266178 0.0101644 0.0671426 0.0329242 0.023586 0.162239 9.9991E-05 0.437666
0.19814 0.0297472 0.0472822 0.0866189 0.0174174 0.0989917 0.00493395 0.516869
0.856919 0.0237631 9.9973E-05 9.9973E-05 0.0492689 0.0667734 9.9973E-05 0.00297528
0.172654 9.9982E-05 0.162118 0.0718468 9.9982E-05 0.0801792 0.0765584 0.436444
0.368506 9.9982E-05 0.144791 0.0313914 0.0995679 9.9982E-05 0.0351973 0.320347
0.351953 9.9973E-05 9.9973E-05 0.028949 9.9973E-05 0.0315587 0.0132735 0.573966
0.267432 0.0363228 0.161495 9.9973E-05 9.9973E-05 9.9973E-05 0.0157752 0.518675
0.522333 9.9964E-05 9.9964E-05 0.10595 9.9964E-05 9.9964E-05 0.027163 0.344153
0.75865 9.9955E-05 9.9955E-05 9.9955E-05 0.183562 0.0572888 9.9955E-05 9.9955E-05
0.0349526 0.157961 0.0895277 9.9991E-05 0.0472749 0.134011 0.0179114 0.518262
0.108364 0.0336726 0.132349 9.9982E-05 9.9982E-05 0.105543 0.00680243 0.613068
0.179637 0.0843617 9.9991E-05 0.0296385 0.000237452 0.14352 0.0322307 0.530274
0.524332 0.196567 0.022722 9.9973E-05 9.9973E-05 9.9973E-05 0.00796641 0.248112
0.302061 0.138666 9.9964E-05 9.9964E-05 9.9964E-05 9.9964E-05 0.0108996 0.547973
0.442939 0.00303022 0.0224816 9.9991E-05 0.118278 0.0230016 0.0225203 0.367649
0.626974 0.00139067 0.0458878 0.113681 9.9973E-05 9.9973E-05 9.9973E-05 0.211766
0.473599 9.9973E-05 9.9973E-05 0.0196636 0.0817118 0.0219757 9.9973E-05 0.40275
0.161534 9.9982E-05 9.9982E-05 0.0140141 0.0739853 0.165099 0.0197014 0.565466
0.0495448 0.27435 0.0058729 9.9982E-05 0.305137 0.0730663 9.9982E-05 0.291829
0.0408752 0.000707228 0.02048 0.118428 0.339351 0.104967 0.0491238 0.326068
0.130274 0.0475796 9.9982E-05 0.0987942 0.161363 0.0756064 9.9982E-05 0.486183
0.0726237 9.9991E-05 0.0770024 0.0285478 0.106905 0.0990301 0.0207975 0.594994
9.9973E-05 0.127247 0.0541864 9.9973E-05 0.271282 9.9973E-05 0.0348851 0.5121
0.0192593 0.0837235 0.0671629 0.0264524 0.162638 0.0257435 0.0188331 0.596188
9.9964E-05 0.11134 9.9964E-05 9.9964E-05 0.352376 0.0525793 9.9964E-05 0.483305
0.0947426 0.0434368 9.9982E-05 9.9982E-05 0.175517 0.107955 0.0224066 0.555743
0.109323 0.0471944 0.139851 0.104009 0.142598 0.00141431 9.9991E-05 0.45551
0.0989896 0.0169422 0.0980319 9.9982E-05 0.0966146 9.9982E-05 0.102928 0.586294
0.0946404 0.130962 9.9964E-05 9.9964E-05 0.242186 9.9964E-05 9.9964E-05 0.531812
9.9973E-05 0.0796578 0.104784 9.9973E-05 0.0921788 0.0838051 9.9973E-05 0.639274
9.9973E-05 0.0795971 0.0679398 9.9973E-05 0.0568653 0.094924 9.9973E-05 0.700374
0.0840691 0.0436244 9.9982E-05 0.0557586 0.274191 9.9982E-05 0.0097462 0.532411
9.9982E-05 0.0458145 0.0478126 9.9982E-05 0.164537 0.0428718 0.0424876 0.656276
0.126702 0.110472 0.0607709 0.032926 0.173452 9.9991E-05 0.0396789 0.455898
0.0599993 0.257853 9.9982E-05 9.9982E-05 0.17711 0.0393126 0.0103768 0.455148
0.0522333 0.129923 9.9991E-05 0.0512014 0.131772 0.0593113 0.00174244 0.573717
9.9955E-05 0.149886 9.9955E-05 9.9955E-05 0.102358 9.9955E-05 9.9955E-05 0.747255
0.210464 0.135148 9.9973E-05 0.129654 0.362443 9.9973E-05 9.9973E-05 0.161991
0.0805686 0.403194 0.0678542 0.00309572 0.240386 0.00364046 0.0350594 0.166202
0.0469426 0.00814622 0.151609 0.0955082 0.15659 0.0712618 0.0016838 0.468259
0.130483 0.379695 9.9982E-05 0.0246196 0.315538 9.9982E-05 0.0127531 0.136712
0.146877 0.116006 0.0740341 9.9982E-05 0.354683 0.012157 9.9982E-05 0.296043
0.186434 0.0321672 9.9964E-05 9.9964E-05 0.345328 9.9964E-05 9.9964E-05 0.43567
0.177852 0.0859423 0.0181193 9.9982E-05 0.363756 9.9982E-05 0.0371704 0.31696
0.0666834 0.0567154 0.0678229 9.9982E-05 0.463401 0.0199837 9.9982E-05 0.325193
0.0438495 9.9991E-05 0.0585226 0.122582 0.106512 0.0325858 0.00574609 0.630103
9.9982E-05 0.0867989 0.0220113 0.0893119 0.159966 0.0740381 9.9982E-05 0.567674
0.0139709 0.047033 0.101332 9.9991E-05 0.196959 0.032299 0.0548983 0.553408
0.0554358 0.319637 0.0654951 0.0242288 0.324369 9.9991E-05 0.0264173 0.184318
0.0497904 0.0815464 0.0825934 0.0131178 0.132716 0.0651839 0.0200418 0.55501
0.150713 0.0248587 0.180492 0.108199 0.0995283 9.9982E-05 9.9982E-05 0.436009
0.086653 0.352661 0.320256 9.9982E-05 0.111918 0.123196 0.00511549 9.9982E-05
0.0839559 0.0103475 0.0912069 0.0523807 9.9982E-05 0.1564 9.9982E-05 0.60551
0.167717 0.295973 0.040522 0.0145382 0.0023483 0.143471 9.9991E-05 0.33533
0.162763 0.0925269 0.0347006 0.0757249 0.0445932 0.0826402 0.0128682 0.494183
0.0498835 0.173338 0.414567 0.0188521 0.0804418 0.0350178 0.04443 0.183469
0.050953 0.218632 0.453572 9.9991E-05 0.0643892 0.00287276 0.0601353 0.149346
0.0132941 0.204716 0.218511 9.9991E-05 0.0814767 0.0356831 0.0363417 0.409877
9.9991E-05 0.0761744 0.257958 0.0610982 0.0724131 0.11597 0.0198633 0.396423
0.0695883 0.133848 0.163399 0.00388031 0.044591 0.0816284 9.9991E-05 0.502965
0.244547 0.248469 0.271574 0.128533 0.0462422 0.0366325 0.0239026 9.9991E-05
0.0830059 0.175451 0.122829 0.0467257 0.0368135 0.025099 0.0091851 0.50089
0.167474 0.119289 0.365315 9.9973E-05 0.0223902 9.9973E-05 9.9973E-05 0.325231
0.094287 0.218096 0.13811 9.9982E-05 0.0806132 0.01856 9.9982E-05 0.450134
9.9973E-05 0.072969 0.0458044 9.9973E-05 0.0880319 0.181793 9.9973E-05 0.611102
9.9982E-05 0.0848587 0.266443 0.280564 9.9982E-05 0.202443 0.0918056 0.0736857
9.9973E-05 0.213466 0.0949634 0.136566 9.9973E-05 0.531055 0.0236495 9.9973E-05
9.9973E-05 0.307269 0.0641427 0.148418 9.9973E-05 0.417034 0.0628363 9.9973E-05
9.9982E-05 0.100745 0.125807 0.342164 9.9982E-05 0.361783 0.0166406 0.0526603
0.0631468 9.9955E-05 0.376764 9.9955E-05 9.9955E-05 9.9955E-05 9.9955E-05 0.55959
0.117752 0.15391 0.0241855 0.107511 0.0577099 0.0482563 9.9991E-05 0.490575
0.00388382 9.9973E-05 9.9973E-05 0.671959 0.0326599 9.9973E-05 0.0440983 0.247099
0.0949462 0.0310134 9.9982E-05 0.436848 0.112482 9.9982E-05 0.010127 0.314383
0.0737006 0.00600965 0.037637 0.402843 9.9991E-05 0.194181 0.00487163 0.280656
0.141811 0.196675 0.396367 9.9973E-05 9.9973E-05 9.9973E-05 0.0224307 0.242415
0.0221085 0.121533 0.161765 0.0126593 9.9982E-05 0.0749081 9.9982E-05 0.606827
0.00376086 0.310487 0.55483 9.9964E-05 9.9964E-05 9.9964E-05 9.9964E-05 0.130522
0.15998 0.0426205 0.251018 9.9973E-05 9.9973E-05 0.0365092 9.9973E-05 0.509573
0.105349 0.125637 0.297823 9.9973E-05 9.9973E-05 0.020343 9.9973E-05 0.450549
0.0406411 0.0658287 0.359018 0.0383969 9.9973E-05 9.9973E-05 9.9973E-05 0.495815
0.0492559 0.296272 0.471545 9.9973E-05 0.00823449 9.9973E-05 9.9973E-05 0.174392
0.233634 9.9991E-05 0.0992253 0.0221191 0.0153489 0.0204843 0.0311131 0.577976
0.103873 0.0785529 0.187925 0.0574058 9.9982E-05 0.0710027 9.9982E-05 0.501041
0.00796294 9.9946E-05 9.9946E-05 0.991437 9.9946E-05 9.9946E-05 9.9946E-05 9.9946E-05
9.9955E-05 9.9955E-05 9.9955E-05 0.918458 0.0383512 9.9955E-05 9.9955E-05 0.0426908
0.135082 9.9982E-05 0.0017057 0.607329 9.9982E-05 0.0378279 0.0384221 0.179434
9.9964E-05 0.0100815 9.9964E-05 0.645006 9.9964E-05 9.9964E-05 0.0527688 0.291744
0.0786867 9.9982E-05 0.0449094 0.82452 0.0190912 9.9982E-05 0.00884597 0.0237466
9.994E-05 9.994E-05 9.994E-05 0.9993 9.994E-05 9.994E-05 9.994E-05 9.994E-05
9.9964E-05 9.9964E-05 0.00951391 0.934562 0.0541759 0.00134806 9.9964E-05 9.9964E-05
9.9946E-05 9.9946E-05 9.9946E-05 0.870759 9.9946E-05 9.9946E-05 9.9946E-05 0.128642
9.9955E-05 9.9955E-05 9.9955E-05 0.969109 0.0191199 9.9955E-05 0.0112717 9.9955E-05
9.994E-05 9.994E-05 9.994E-05 0.9993 9.994E-05 9.994E-05 9.994E-05 9.994E-05
9.9946E-05 9.9946E-05 9.9946E-05 0.949156 9.9946E-05 9.9946E-05 0.0502447 9.9946E-05
0.0584936 9.9964E-05 9.9964E-05 0.754207 9.9964E-05 9.9964E-05 0.0614477 0.125452
0.00154971 9.9973E-05 0.0146117 0.798725 9.9973E-05 0.0649732 9.9973E-05 0.11984
0.00771339 9.9955E-05 9.9955E-05 0.977752 0.0140352 9.9955E-05 9.9955E-05 9.9955E-05
0.00234111 0.0572475 0.0654172 0.431535 0.101387 9.9991E-05 0.0479169 0.294055
0.0183324 0.000354755 9.9991E-05 0.663372 0.0888963 0.0108934 0.0290554 0.188996
0.0416014 9.9982E-05 0.0417869 0.735123 9.9982E-05 0.0140619 0.0430273 0.124199
9.9964E-05 9.9964E-05 9.9964E-05 0.813953 9.9964E-05 0.0238258 0.0317577 0.130064
9.994E-05 9.994E-05 9.994E-05 0.9993 9.994E-05 9.994E-05 9.994E-05 9.994E-05
9.9973E-05 0.00492412 9.9973E-05 0.869185 9.9973E-05 0.00931415 0.0148511 0.101425
9.9955E-05 9.9955E-05 0.00973925 0.967598 9.9955E-05 9.9955E-05 0.022163 9.9955E-05
0.00101005 9.9982E-05 0.134404 0.595762 0.0401884 0.0178885 9.9982E-05 0.210547
0.0403176 0.0191664 9.9973E-05 0.855374 9.9973E-05 0.0316301 9.9973E-05 0.0532119
9.9964E-05 0.233658 0.432097 0.0222508 9.9964E-05 0.311595 9.9964E-05 9.9964E-05
9.9991E-05 0.0283959 0.384599 0.102511 0.123614 0.117954 0.0296485 0.213178
9.9982E-05 9.9982E-05 0.328478 0.0465235 0.035441 0.192052 0.016423 0.380882
9.9982E-05 0.225457 0.371441 0.13733 9.9982E-05 0.16471 0.0199072 0.0809552
9.9991E-05 0.0782028 0.218966 0.0944151 0.0391795 0.116566 0.055489 0.397082
9.9982E-05 0.2495 0.264033 0.139475 9.9982E-05 0.187072 0.0521973 0.107523
0.0456141 0.102319 0.229219 0.129727 9.9991E-05 0.171032 0.021436 0.300553
0.00427267 0.104183 0.313242 0.18092 9.9982E-05 0.103659 9.9982E-05 0.293524
0.00294338 0.0529427 0.237244 0.162584 9.9991E-05 0.0528951 0.0789738 0.412317
9.9982E-05 0.142284 0.257674 0.335019 9.9982E-05 0.0824637 0.0288271 0.153532
0.0800171 0.000449952 0.170923 0.114443 9.9991E-05 0.174063 0.0228256 0.437178
9.9973E-05 0.0145252 0.0121829 9.9973E-05 0.0813902 0.826591 9.9973E-05 0.0650106
0.00193666 0.0420969 9.9973E-05 0.0501629 9.9973E-05 0.813911 0.091593 9.9973E-05
9.9964E-05 9.9964E-05 9.9964E-05 9.9964E-05 0.00314854 0.900629 0.0582986 0.0375239
9.9964E-05 9.9964E-05 9.9964E-05 9.9964E-05 0.0504467 0.902897 0.0287615 0.0174945
9.9964E-05 9.9964E-05 9.9964E-05 0.0267845 0.0843278 0.742227 0.146261 9.9964E-05
9.9964E-05 0.0462681 9.9964E-05 0.0394637 9.9964E-05 0.837125 0.0767432 9.9964E-05
9.9964E-05 9.9964E-05 9.9964E-05 0.0653338 9.9964E-05 0.842195 0.0711904 0.0208809
9.9973E-05 0.0739588 0.0280484 9.9973E-05 9.9973E-05 0.841596 0.0414665 0.0146302
0.0236704 0.00804685 9.9973E-05 9.9973E-05 9.9973E-05 0.906578 0.0105942 0.0508108
9.9964E-05 9.9964E-05 9.9964E-05 0.0409931 9.9964E-05 0.843148 0.0367935 0.0786653
0.113218 0.0498387 9.9973E-05 9.9973E-05 0.210656 0.579906 0.0460818 9.9973E-05
0.129967 9.9982E-05 9.9982E-05 0.00299351 0.252267 0.557545 0.0353286 0.0216992
0.130016 0.063438 0.0400804 9.9982E-05 0.217354 0.512643 0.0362684 9.9982E-05
0.121892 9.9964E-05 0.101448 9.9964E-05 0.296928 0.479333 9.9964E-05 9.9964E-05
0.193118 9.9982E-05 0.102273 9.9982E-05 0.136467 0.00430194 0.02196 0.541679
0.338363 9.9973E-05 0.16548 0.0793144 0.0047973 9.9973E-05 9.9973E-05 0.411745
0.180848 9.9973E-05 0.121602 0.101785 0.101934 9.9973E-05 9.9973E-05 0.49353
0.241695 0.0817403 9.9973E-05 9.9973E-05 0.211922 9.9973E-05 0.0556611 0.408681
0.160034 0.0345325 0.0681363 0.0264188 0.560412 9.9982E-05 9.9982E-05 0.150267
0.211657 0.0189464 0.130951 0.000601104 0.0175657 9.9991E-05 0.00552576 0.614653
0.260382 0.0643053 9.9973E-05 9.9973E-05 0.0692963 9.9973E-05 0.00790856 0.597808
0.292163 0.00442788 0.0563563 0.0102307 0.0830197 9.9991E-05 0.000367569 0.553335
0.533186 0.00166108 0.0593208 0.0446737 9.9973E-05 9.9973E-05 9.9973E-05 0.360859
0.1356 0.0585288 0.0423692 9.9982E-05 0.0896737 0.048232 9.9982E-05 0.625397
0.389052 0.0382694 9.9982E-05 0.00169488 0.102656 9.9982E-05 0.0194431 0.448685
0.709959 0.234698 9.9955E-05 9.9955E-05 0.0548431 9.9955E-05 9.9955E-05 9.9955E-05
0.0609346 0.0288917 0.0298864 9.9991E-05 0.189964 0.0267833 0.0624945 0.600945
0.562911 0.151254 9.9964E-05 9.9964E-05 9.9964E-05 0.0594676 9.9964E-05 0.225967
0.322977 0.105 9.9973E-05 9.9973E-05 0.0199075 9.9973E-05 0.0207897 0.531026
0.656737 0.00487575 0.00357155 9.9982E-05 0.188312 0.0324716 9.9982E-05 0.113832
9.9955E-05 9.9955E-05 0.251633 9.9955E-05 0.639695 0.108171 9.9955E-05 9.9955E-05
9.9964E-05 9.9964E-05 0.251984 9.9964E-05 0.633031 0.07656 9.9964E-05 0.0380259
9.9955E-05 9.9955E-05 0.245814 9.9955E-05 0.734423 9.9955E-05 0.0192632 9.9955E-05
0.0160184 9.9964E-05 0.17618 9.9964E-05 0.69687 0.110531 9.9964E-05 9.9964E-05
9.9973E-05 9.9973E-05 0.233384 9.9973E-05 0.694964 0.0305282 0.0016467 0.0391769
9.9973E-05 9.9973E-05 0.138073 0.0647857 0.738982 0.0282303 9.9973E-05 0.0296295
9.9973E-05 0.0110773 9.9973E-05 0.00371416 9.9973E-05 0.799971 0.0668611 0.118077
9.9973E-05 9.9973E-05 9.9973E-05 0.0144187 0.0766345 0.807873 0.0197688 0.0810054
9.9982E-05 9.9982E-05 0.000305712 0.0409622 0.0169422 0.716052 0.0627894 0.162748
9.9973E-05 9.9973E-05 9.9973E-05 0.0815362 0.0767605 0.739164 0.0406032 0.0616361
9.9973E-05 9.9973E-05 9.9973E-05 0.127209 0.0683972 0.750474 0.00598844 0.0476318
0.0195882 9.9973E-05 0.0529995 9.9973E-05 0.512622 0.409042 0.00544782 9.9973E-05
9.9973E-05 0.0917239 0.0254932 9.9973E-05 0.41009 0.438164 0.0342294 9.9973E-05
0.0170397 0.100379 9.9991E-05 0.00344032 0.430054 0.414634 0.0175482 0.0168053
9.994E-05 9.994E-05 9.994E-05 9.994E-05 9.994E-05 9.994E-05 0.9993 9.994E-05
0.0853207 0.000554408 0.0522581 0.00146445 0.515784 0.338382 0.00613699 9.9991E-05
9.9973E-05 0.122648 0.0247642 0.30106 9.9973E-05 0.255741 9.9973E-05 0.295486
9.9991E-05 0.012812 0.0543257 0.110322 0.029077 0.162682 0.0406686 0.590013
9.9964E-05 9.9964E-05 9.9964E-05 0.288359 9.9964E-05 0.129446 0.0496757 0.532119
0.0257832 0.0814737 0.0458631 0.187393 0.0280376 0.229573 0.0346339 0.367242
0.0102052 0.0252947 0.0815595 0.167085 0.0669149 0.134568 0.0210047 0.493367
9.9964E-05 0.191918 0.001348 0.331712 9.9964E-05 0.474622 9.9964E-05 9.9964E-05
0.156969 0.0720491 0.0833671 9.9982E-05 0.267041 0.0246436 9.9982E-05 0.395731
0.114531 0.286391 9.9964E-05 9.9964E-05 0.164406 9.9964E-05 9.9964E-05 0.434272
0.052759 0.00285718 0.0622815 9.9991E-05 0.483106 0.0570305 0.0595408 0.282325
0.0273194 0.313734 9.9964E-05 9.9964E-05 0.138399 9.9964E-05 9.9964E-05 0.520148
0.232275 0.661642 9.9955E-05 9.9955E-05 0.105583 9.9955E-05 9.9955E-05 9.9955E-05
0.205428 9.9982E-05 0.070443 9.9982E-05 0.168351 0.0172837 0.100441 0.437853
0.132436 0.116717 0.0263162 0.0447729 0.207084 9.9991E-05 0.0319452 0.440628
0.0913112 0.0819057 0.0417642 9.9991E-05 0.35202 0.0317088 0.0261678 0.375022
0.0726165 9.99779E-05 0.165243 9.99779E-05 0.111941 0.0825312 9.99779E-05 0.567368
0.210643 0.330717 0.0839967 9.9973E-05 0.232823 9.9973E-05 9.9973E-05 0.14152
0.0839214 0.27763 0.044099 0.0808202 0.110431 9.9991E-05 0.0111137 0.391885
0.0337613 0.0537989 0.0463877 9.9982E-05 0.262532 9.9982E-05 0.0568027 0.546518
0.114904 0.0399526 0.0968597 0.208116 0.0425646 0.145085 9.9991E-05 0.352419
0.0675204 0.281316 9.9964E-05 9.9964E-05 0.20289 9.9964E-05 9.9964E-05 0.447874
0.104753 0.156249 9.9973E-05 9.9973E-05 0.215854 0.0228314 9.9973E-05 0.500012
0.221115 0.094999 0.105332 0.107145 0.0920181 9.9982E-05 9.9982E-05 0.379192
0.076418 0.12616 0.0221016 9.9982E-05 0.208507 0.0307636 9.9982E-05 0.53585
0.0699576 0.111661 0.113754 0.00172483 0.0870291 0.0103298 0.0245103 0.581034
0.0492339 0.0734682 9.9982E-05 0.0116215 0.105346 0.0979384 9.9982E-05 0.662192
0.109272 0.0654961 0.0401634 0.0212752 0.0975972 0.101785 0.0128293 0.551582
9.9955E-05 9.9955E-05 9.9955E-05 0.081609 9.9955E-05 0.789369 9.9955E-05 0.128523
0.0125834 0.0492364 9.9982E-05 0.0163147 9.9982E-05 0.811243 0.0311518 0.0792705
0.0154855 0.00776758 0.0695072 0.0155184 0.0401071 0.781132 9.9991E-05 0.0703822
0.089759 9.9982E-05 9.9982E-05 0.030297 0.0074276 0.805465 0.0237111 0.0431401
9.9955E-05 9.9955E-05 9.9955E-05 9.9955E-05 9.9955E-05 0.781278 0.0656021 0.15262
0.105988 0.0298537 0.0201775 0.0194906 0.563105 0.00561928 0.00846073 0.247305
0.0964696 0.122839 0.020693 0.0200835 0.186443 9.9991E-05 0.0143379 0.539033
0.087009 0.0920716 0.0062828 0.239502 0.0346506 0.14523 0.0465261 0.348728
0.0721395 9.9991E-05 0.0252765 0.111696 0.191351 0.00299164 0.0386408 0.557805
0.134313 0.0256821 9.9973E-05 9.9973E-05 0.236605 0.0448412 9.9973E-05 0.558259
0.0159406 0.262706 0.0736385 0.0172465 0.318505 9.9991E-05 0.028314 0.283549
0.17001 0.173112 9.9982E-05 9.9982E-05 0.517261 0.0972243 0.0317613 0.0104315
9.9973E-05 0.108866 9.9973E-05 0.0375518 0.307032 9.9973E-05 0.00272372 0.543527
0.106449 0.0582874 0.0744883 0.0280498 0.454634 0.0253983 0.0282001 0.224493
0.115738 0.153117 0.0623182 0.00237234 0.119636 0.0746543 9.9991E-05 0.472064
0.0620472 0.142947 9.9973E-05 9.9973E-05 0.50861 0.165047 9.9973E-05 0.12105
9.9991E-05 0.0142676 0.0457333 0.0245267 0.217786 0.0724106 0.0290947 0.596081
0.0995054 0.0663982 9.9991E-05 0.00647316 0.483128 0.0776246 0.0628747 0.203896
0.0610605 0.163229 0.0895557 0.0321469 0.268558 0.0336837 0.0207901 0.330977
0.0700771 0.154203 0.179188 0.0926283 0.0834758 9.9982E-05 9.9982E-05 0.420227
9.9964E-05 0.15423 0.584111 9.9964E-05 0.0522799 9.9964E-05 9.9964E-05 0.20898
0.0584384 9.9973E-05 0.429805 0.0583547 0.0331981 9.9973E-05 9.9973E-05 0.419904
0.0447724 0.0188495 0.217404 0.00443457 0.0124724 0.138521 0.0600997 0.503446
0.0146419 0.179662 0.547519 9.9964E-05 9.9964E-05 9.9964E-05 9.9964E-05 0.257777
0.103465 0.0413148 0.141846 0.00779774 9.9991E-05 0.172589 0.00761858 0.525268
0.063913 0.121752 0.245719 9.9982E-05 9.9982E-05 0.0256023 0.0578552 0.484959
0.058185 0.28652 0.625078 9.9964E-05 0.0298171 9.9964E-05 9.9964E-05 9.9964E-05
0.0553812 0.174452 0.595527 9.9964E-05 9.9964E-05 9.9964E-05 9.9964E-05 0.17424
9.9973E-05 0.180599 0.351132 9.9973E-05 0.00377612 9.9973E-05 0.0153901 0.448803
0.156125 0.176541 0.618624 9.9964E-05 9.9964E-05 9.9964E-05 9.9964E-05 0.0483091
0.176731 0.00197909 0.423432 9.9973E-05 0.0346564 9.9973E-05 9.9973E-05 0.362901
0.152248 0.0888321 9.9982E-05 9.9982E-05 0.557837 0.000302254 0.0172877 0.183293
0.01045 0.354544 9.9964E-05 9.9964E-05 0.293019 9.9964E-05 9.9964E-05 0.341587
0.112391 0.0466709 9.9982E-05 0.0445746 0.408313 9.9982E-05 0.0412362 0.346614
9.9982E-05 0.0149249 0.0106624 0.0835813 0.200806 9.9982E-05 0.0414813 0.648344
0.112227 0.0880132 0.0663176 9.9973E-05 0.426433 9.9973E-05 9.9973E-05 0.306709
9.9991E-05 0.208662 0.125242 0.0422226 0.120448 0.00628065 0.0396282 0.457417
0.119176 0.0117987 9.9982E-05 0.118518 0.25645 9.9982E-05 0.0402318 0.453626
0.0260144 0.145612 9.9982E-05 9.9982E-05 0.195321 0.0645509 0.00928435 0.559017
9.9973E-05 0.118889 9.9973E-05 0.085269 0.275256 9.9973E-05 0.0187822 0.501504
0.161002 0.0386163 9.9991E-05 0.0469073 0.342112 0.00931241 0.0065334 0.395417
0.18968 0.0534352 9.9973E-05 0.0919321 0.479506 9.9973E-05 9.9973E-05 0.185148
0.123008 0.00340194 0.0609113 0.150828 0.40185 0.0159328 9.9991E-05 0.243969
9.9973E-05 0.0645689 0.0891622 0.0219595 0.185128 9.9973E-05 9.9973E-05 0.638882
0.0419763 0.0673611 0.0129726 0.0379411 0.146332 0.0543106 0.0125879 0.626519
9.9973E-05 0.22492 9.9973E-05 9.9973E-05 0.253211 0.0146072 0.0383659 0.468596
9.9964E-05 0.187399 9.9964E-05 0.031772 0.247997 9.9964E-05 9.9964E-05 0.532432
0.00681199 0.0440444 0.0667836 9.9991E-05 0.313561 0.110297 0.0476761 0.410726
0.024144 0.0363583 9.9982E-05 0.0140605 0.180215 0.0295543 9.9982E-05 0.715468
0.0389007 0.0285675 9.9991E-05 0.0751416 0.24245 0.00454934 0.039837 0.570454
0.053432 0.105977 0.019945 0.112519 0.15585 0.0460072 0.0451226 0.461148
0.0687297 9.9982E-05 0.0898083 0.158898 9.9982E-05 0.294624 0.00157935 0.386161
0.157008 0.0769685 0.0344302 0.21789 9.9991E-05 0.132638 0.00257102 0.378394
9.9991E-05 0.051526 0.0923154 0.0928983 0.02174 0.119319 0.053354 0.568747
0.105497 0.0590917 0.0106578 0.0751585 0.0759643 0.0173063 0.0635448 0.592779
0.133455 0.0408413 9.9982E-05 0.190169 9.9982E-05 0.131251 0.053583 0.450501
0.140509 0.201593 0.051871 0.0434032 0.165413 9.9982E-05 9.9982E-05 0.397011
0.108324 0.0615006 0.0144049 0.0755008 9.9991E-05 0.143608 0.087284 0.509277
0.154299 0.258557 0.211598 0.135581 9.9973E-05 0.239664 9.9973E-05 9.9973E-05
0.0096846 0.0844562 0.00162759 0.167982 0.0678131 0.132862 0.0340462 0.501528
0.0385632 0.0698353 9.9991E-05 0.12455 0.0898759 0.107615 0.0294996 0.539962
0.0414868 0.113369 9.9991E-05 0.20426 0.0959524 0.0231972 0.0503357 0.471299
0.10961 0.102438 0.114306 0.100166 0.0808141 0.147809 0.0429707 0.301886
0.0443953 0.0313328 0.0376377 0.0537569 0.0599459 0.212731 0.0105691 0.549632
9.9973E-05 0.0912419 9.9973E-05 0.0792904 9.9973E-05 0.197985 0.0375067 0.593676
9.9964E-05 0.318435 9.9964E-05 0.190898 9.9964E-05 0.463593 0.0266746 9.9964E-05
0.0453977 0.0750967 9.9982E-05 0.197375 9.9982E-05 0.123888 0.0845775 0.473464
9.9973E-05 0.0162104 9.9973E-05 0.123138 0.0611335 0.245988 9.9973E-05 0.55323
0.00797554 9.9991E-05 0.117687 0.0795988 0.0622744 0.124385 0.0226058 0.585374
9.9973E-05 0.00908263 9.9973E-05 0.113956 9.9973E-05 0.241138 0.0261527 0.609371
0.022918 0.0376498 0.122385 0.144985 0.0459015 0.108689 0.0339078 0.483563
0.145254 0.222318 9.9991E-05 0.0573403 0.087745 0.00310645 0.0349554 0.449182
0.0325106 0.150414 0.07367 0.0156156 0.0879059 0.053313 9.9991E-05 0.586471
0.122632 0.717277 9.9964E-05 9.9964E-05 0.0471685 9.9964E-05 9.9964E-05 0.112523
0.0727131 0.783837 9.99639E-05 9.99639E-05 0.0637229 9.99639E-05 9.99639E-05 0.0793272
0.107533 0.25563 9.9982E-05 0.0874487 0.0720016 9.9982E-05 0.0378628 0.439324
9.9973E-05 0.126129 0.113277 0.208895 9.9973E-05 0.131066 9.9973E-05 0.420334
9.9973E-05 0.223136 9.9973E-05 0.31487 9.9973E-05 0.0922209 0.0284941 0.34098
0.00604765 0.222566 0.0798762 0.322351 9.9991E-05 0.210319 0.0145146 0.144225
9.9973E-05 0.203338 9.9973E-05 0.288641 9.9973E-05 0.167389 0.0157777 0.324554
9.9964E-05 0.735413 9.9964E-05 0.0654982 9.9964E-05 0.043533 9.9964E-05 0.155156
9.9973E-05 0.645209 9.9973E-05 0.0709172 9.9973E-05 0.0342564 0.0429652 0.206352
9.9973E-05 0.292395 0.0126441 0.110524 9.9973E-05 9.9973E-05 0.00820853 0.575929
9.9964E-05 0.340113 9.9964E-05 0.100913 9.9964E-05 0.0344309 9.9964E-05 0.524143
9.9973E-05 0.612303 9.9973E-05 0.030827 9.9973E-05 0.0108813 0.0223908 0.323298
0.0186507 0.324069 9.9991E-05 0.0858214 0.00512117 0.0153547 0.0234184 0.527465
9.9982E-05 0.254365 0.0810208 0.0679035 0.00659343 0.0450798 9.9982E-05 0.544837
0.102592 0.174943 9.9973E-05 9.9973E-05 0.0523717 0.127689 9.9973E-05 0.542103
0.0753781 0.416314 9.9964E-05 9.9964E-05 0.0811204 9.9964E-05 9.9964E-05 0.426788
0.149932 0.330955 0.0817522 0.0541664 0.0286804 9.9991E-05 0.010557 0.343857
9.9964E-05 0.213613 0.0634459 9.9964E-05 0.10704 9.9964E-05 9.9964E-05 0.615501
9.9982E-05 0.343829 0.0334136 9.9982E-05 0.143327 0.053334 0.00673022 0.419167
0.104806 0.142722 0.14024 0.0978721 0.0114264 0.112799 9.9991E-05 0.390035
9.9955E-05 0.425578 0.0329729 9.9955E-05 9.9955E-05 9.9955E-05 9.9955E-05 0.540949
9.9964E-05 0.624497 0.0028806 9.9964E-05 0.0508016 9.9964E-05 9.9964E-05 0.321421
0.0746339 0.217077 0.0979548 0.0375701 9.9982E-05 0.024675 9.9982E-05 0.547889
0.091704 0.594922 9.9964E-05 9.9964E-05 0.0345762 9.9964E-05 9.9964E-05 0.278398
0.0589414 0.420646 0.0548654 9.9973E-05 9.9973E-05 9.9973E-05 0.0193255 0.445921
0.166631 0.2002 9.9982E-05 0.0417288 9.9982E-05 0.00610064 0.0451124 0.540028
9.9982E-05 0.316553 0.0419694 0.0191585 0.0458463 9.9982E-05 0.0205521 0.55572
9.9991E-05 0.104614 0.0449301 0.14888 0.0164821 0.143994 0.0677764 0.473222
0.0279352 0.143363 0.0805769 0.0745419 9.9982E-05 0.184058 9.9982E-05 0.489325
0.0155727 0.0914327 0.0898687 0.266683 0.0482962 0.171408 0.00579708 0.310942
9.9982E-05 0.193611 0.145419 0.256046 9.9982E-05 0.107215 0.0347422 0.262767
0.153274 9.9982E-05 0.0496709 0.144313 0.0580208 0.188405 9.9982E-05 0.406117
0.156331 0.119101 0.0611 0.13897 0.0317689 0.116803 0.0478843 0.328043
9.9964E-05 0.667128 9.9964E-05 0.149128 9.9964E-05 0.167644 0.0157 9.9964E-05
9.9991E-05 0.0390632 0.0751097 0.207651 0.0605506 0.0369138 0.0250304 0.555582
9.9964E-05 0.525622 9.9964E-05 0.136272 9.9964E-05 0.323957 0.0137488 9.9964E-05
9.9964E-05 0.243586 9.9964E-05 0.165739 9.9964E-05 0.0409624 9.9964E-05 0.549313
0.251176 0.612214 9.9955E-05 9.9955E-05 9.9955E-05 9.9955E-05 9.9955E-05 0.136109
0.19281 0.80659 9.9946E-05 9.9946E-05 9.9946E-05 9.9946E-05 9.9946E-05 9.9946E-05
0.135346 0.404673 9.9964E-05 9.9964E-05 9.9964E-05 9.9964E-05 0.00115966 0.458421
9.9982E-05 0.25208 9.9982E-05 0.0160748 0.00634502 0.0145708 0.0328938 0.677836
0.0490377 0.438732 0.0615839 9.9973E-05 0.0126242 9.9973E-05 9.9973E-05 0.437722
0.098405 0.339056 9.9955E-05 9.9955E-05 9.9955E-05 9.9955E-05 9.9955E-05 0.56204
0.0516235 0.345987 9.9955E-05 9.9955E-05 9.9955E-05 9.9955E-05 9.9955E-05 0.601889
0.0527252 0.00912918 9.9982E-05 0.0651266 9.9982E-05 0.724362 0.0854259 0.0630307
9.9973E-05 9.9973E-05 0.0547984 0.120905 0.10932 0.648104 0.0665734 9.9973E-05
9.9964E-05 9.9964E-05 9.9964E-05 0.0708353 0.0403226 0.830048 0.0583947 9.9964E-05
9.9955E-05 9.9955E-05 9.9955E-05 9.9955E-05 9.9955E-05 0.799673 0.159133 0.0406946
0.35785 0.00329443 0.0568161 9.9991E-05 0.0919667 0.00600083 0.0386753 0.445297
0.374156 9.9973E-05 9.9973E-05 0.0549883 0.0813717 9.9973E-05 0.0660213 0.423162
0.486832 0.0505436 9.9964E-05 9.9964E-05 9.9964E-05 9.9964E-05 0.0442068 0.418018
0.230885 9.9982E-05 0.0267944 9.9982E-05 0.00702551 0.12658 0.0175875 0.590927
0.162891 0.0324856 0.139857 9.9982E-05 9.9982E-05 0.142202 0.00795797 0.514405
0.619956 9.9982E-05 0.0383051 0.0417083 0.110487 0.0232209 9.9982E-05 0.166123
0.440423 9.9973E-05 9.9973E-05 0.00840653 9.9973E-05 0.00590707 0.0471985 0.497765
0.567148 0.0877566 0.067853 9.9973E-05 9.9973E-05 9.9973E-05 0.0360798 0.240863
9.9991E-05 0.0688066 0.0121178 0.135749 0.0567484 0.175466 0.0319406 0.519071
0.373626 0.110259 0.0179986 0.0193276 0.0557451 9.9982E-05 9.9982E-05 0.422844
0.54588 9.9964E-05 9.9964E-05 9.9964E-05 0.0781922 9.9964E-05 0.0654382 0.310089
0.330344 0.0578268 9.9973E-05 9.9973E-05 0.0684286 9.9973E-05 0.0186922 0.524408
0.519475 9.9973E-05 9.9973E-05 9.9973E-05 0.0591827 0.00656064 0.0155851 0.398896
0.383715 0.0253538 0.032882 0.0195647 9.9973E-05 9.9973E-05 9.9973E-05 0.538185
0.311758 9.9964E-05 9.9964E-05 9.9964E-05 9.9964E-05 0.0539259 0.0642206 0.569696
0.893061 0.0496112 0.0102565 9.9964E-05 9.9964E-05 9.9964E-05 9.9964E-05 0.046671
0.501184 0.0154116 0.151181 0.0311043 0.0336936 0.0150609 0.0102311 0.242133
0.502221 0.0547018 9.9973E-05 9.9973E-05 0.0992925 9.9973E-05 0.011065 0.33242
0.809024 0.190376 9.9946E-05 9.9946E-05 9.9946E-05 9.9946E-05 9.9946E-05 9.9946E-05
0.480384 0.00202725 0.0177209 0.0101573 0.0772358 9.9991E-05 0.0349915 0.377384
0.644909 0.152448 0.163443 0.0150602 9.9973E-05 9.9973E-05 9.9973E-05 0.0238404
0.681514 0.288098 9.9964E-05 9.9964E-05 0.018801 0.0111868 9.9964E-05 9.9964E-05
0.356017 0.0472541 9.9982E-05 0.0163417 0.0493873 9.9982E-05 0.0297484 0.501051
0.716508 9.9982E-05 9.9982E-05 0.00509843 0.0511898 0.0688935 0.0124007 0.145709
0.434892 9.9982E-05 0.0440366 0.087153 0.0384332 0.0862724 9.9982E-05 0.309013
0.135599 0.0779756 0.0260555 0.0435535 9.9982E-05 0.0843251 9.9982E-05 0.632291
0.301519 9.9973E-05 0.0628398 9.9973E-05 0.0628447 0.0296083 9.9973E-05 0.542888
9.9964E-05 0.351481 9.9964E-05 0.0753496 0.223925 9.9964E-05 9.9964E-05 0.348845
0.387386 0.013929 9.9982E-05 0.0551881 0.0243764 0.0107122 9.9982E-05 0.508209
0.382955 9.9982E-05 0.0468789 0.0328409 0.0339049 9.9982E-05 0.0457458 0.457475
0.661579 9.9955E-05 0.0460626 9.9955E-05 9.9955E-05 9.9955E-05 9.9955E-05 0.291859
0.232731 0.0962497 0.147764 0.0204551 9.9991E-05 0.011374 0.0334637 0.457863
0.0272639 0.00808252 0.0690122 9.9982E-05 0.257105 0.5914 0.0469363 9.9982E-05
0.0852621 9.9982E-05 0.00921294 9.9982E-05 0.0883916 0.717002 0.0798763 0.0200552
0.0175139 0.0197119 9.9973E-05 9.9973E-05 0.139039 0.705536 0.1179 9.9973E-05
0.0139115 0.0357729 0.0115519 9.9982E-05 0.132092 0.711904 0.0945681 9.9982E-05
9.9964E-05 9.9964E-05 0.056508 9.9964E-05 0.223806 0.629491 0.0897949 9.9964E-05
0.723055 9.9964E-05 9.9964E-05 9.9964E-05 0.141206 0.0365019 9.9964E-05 0.0988376
0.598009 0.00939454 0.0613745 9.9982E-05 0.191507 0.0421682 9.9982E-05 0.0973471
0.844397 0.00658548 0.0748094 0.0125024 9.9973E-05 9.9973E-05 9.9973E-05 0.0614055
0.201023 9.9982E-05 0.066499 0.0913347 9.9982E-05 0.11094 0.00702392 0.522979
0.146897 0.006682 0.0926888 0.0293141 0.0214811 0.0860128 0.00274525 0.614179
0.574814 0.0382128 0.0239113 9.9982E-05 9.9982E-05 0.0554453 0.0172432 0.290173
0.319874 9.9964E-05 0.0386282 0.0741265 9.9964E-05 9.9964E-05 9.9964E-05 0.566971
0.426908 0.0247695 0.128035 0.0788956 9.9982E-05 0.010123 9.9982E-05 0.331069
0.309816 9.9964E-05 0.104748 9.9964E-05 9.9964E-05 0.0641066 9.9964E-05 0.52093
0.343081 9.9973E-05 0.0661236 0.0700711 9.9973E-05 0.0582609 9.9973E-05 0.462163
0.579974 9.9973E-05 0.107211 0.015334 0.0917266 9.9973E-05 9.9973E-05 0.205454
0.592659 9.9964E-05 9.9964E-05 9.9964E-05 0.0514942 9.9964E-05 0.048363 0.307084
0.464707 9.9973E-05 0.0587727 9.9973E-05 0.157847 9.9973E-05 0.00826023 0.310113
0.0709623 9.9973E-05 0.33836 0.0570168 9.9973E-05 0.060988 9.9973E-05 0.472373
0.580851 9.9964E-05 9.9964E-05 9.9964E-05 0.0117564 9.9964E-05 0.0309113 0.376081
0.519853 9.9991E-05 0.052816 0.0572225 0.0437351 0.0243622 0.0123255 0.289586
9.9982E-05 9.9982E-05 0.0282993 0.328119 0.0116075 0.0303608 0.0422156 0.559198
9.9982E-05 0.0500648 0.0120178 0.434957 9.9982E-05 0.131445 0.0145541 0.356762
0.00788607 9.9973E-05 0.0690284 0.452731 9.9973E-05 0.111939 9.9973E-05 0.358116
9.9982E-05 0.0601562 0.00574876 0.412252 9.9982E-05 0.137544 0.0109513 0.373148
0.0275925 0.0842431 0.0189157 0.224877 9.9982E-05 0.118393 9.9982E-05 0.525779
0.270517 9.9964E-05 0.265884 0.0996255 9.9964E-05 9.9964E-05 9.9964E-05 0.363574
9.9973E-05 0.0705042 9.9973E-05 0.628159 9.9973E-05 0.198692 0.0586601 0.0436856
0.0181812 9.9982E-05 9.9982E-05 0.440113 0.0285295 0.152416 0.0310927 0.329467
0.0935138 9.9982E-05 0.24965 0.127779 9.9982E-05 0.154897 0.00963253 0.364328
9.9973E-05 0.0101482 0.395263 9.9973E-05 9.9973E-05 0.0307901 0.0805612 0.482938
0.0187183 9.9982E-05 0.531047 0.0318367 0.014566 9.9982E-05 0.0978423 0.305789
9.9982E-05 9.9982E-05 0.375922 0.0468003 0.0336884 0.0294411 0.0238345 0.490114
0.0874347 9.9982E-05 0.164259 0.000809787 9.9982E-05 0.0771164 0.0405993 0.629581
9.9964E-05 9.9964E-05 9.9964E-05 0.445543 9.9964E-05 0.134591 0.0842623 0.335204
0.028641 9.9982E-05 9.9982E-05 0.342752 0.0447168 0.156112 0.0234397 0.404138
9.9964E-05 9.9964E-05 9.9964E-05 0.478551 0.0341648 0.0328217 9.9964E-05 0.454062
9.9991E-05 0.104071 0.014638 0.287394 0.109014 0.0545656 0.0462412 0.383976
9.9973E-05 0.0782085 0.00562248 0.496576 9.9973E-05 0.209463 9.9973E-05 0.209831
0.0652195 9.9982E-05 9.9982E-05 0.247432 0.0621494 0.0847372 0.0561163 0.484145
9.9973E-05 0.115975 9.9973E-05 0.543837 0.00847263 0.123578 9.9973E-05 0.207838
9.9982E-05 0.0905348 9.9982E-05 0.355518 0.076437 0.0176085 0.0577634 0.401938
0.0838399 9.9964E-05 0.426842 0.0833659 9.9964E-05 9.9964E-05 9.9964E-05 0.405552
0.00639956 9.9991E-05 0.133322 0.371048 0.041807 0.103703 0.0868113 0.256809
9.9973E-05 9.9973E-05 0.016597 0.622407 9.9973E-05 0.148346 0.0436816 0.168668
0.159969 9.9991E-05 0.0868411 0.316684 0.00589793 0.0569754 0.0792082 0.294324
0.0432591 9.9982E-05 0.623238 9.9982E-05 0.124041 0.0752551 0.0283315 0.105676
9.9973E-05 9.9973E-05 0.472076 0.032977 0.0139964 9.9973E-05 0.00954268 0.471108
9.9982E-05 0.0845875 0.0829985 0.239989 0.079066 0.205108 9.9982E-05 0.308051
9.9973E-05 9.9973E-05 0.249734 9.9973E-05 0.0697166 0.0387105 0.0650212 0.576518
0.0659741 9.9991E-05 0.365042 0.0447984 0.00140712 0.0770071 0.0646656 0.381005
0.0768385 9.9982E-05 0.13774 0.210494 9.9982E-05 0.183348 0.00508113 0.386298
9.9982E-05 0.124284 0.00202519 0.203422 9.9982E-05 0.233559 0.0272024 0.409307
0.0207431 9.9991E-05 0.19786 0.118935 0.0431103 0.0903879 0.032009 0.496855
9.9973E-05 9.9973E-05 0.0828446 0.371772 9.9973E-05 0.119461 0.016536 0.409086
9.9964E-05 0.051368 9.9964E-05 0.384248 9.9964E-05 0.138304 9.9964E-05 0.425681
9.9964E-05 0.0346732 9.9964E-05 0.594083 9.9964E-05 0.201308 9.9964E-05 0.169536
0.00337955 9.9982E-05 0.285494 0.027309 9.9982E-05 0.0840484 0.0380471 0.561522
0.00280842 9.9982E-05 0.541607 9.9982E-05 0.00876558 0.0252323 0.0652791 0.356108
9.9973E-05 0.181845 0.641084 0.108888 9.9973E-05 0.0171965 0.0506863 9.9973E-05
0.11173 0.000927789 0.146823 0.12979 0.0407391 0.102716 9.9991E-05 0.467175
0.0428638 0.177345 0.133326 0.0269557 0.180764 0.0534867 0.00783746 0.377421
0.0551465 0.122654 0.0962254 0.0726508 9.9991E-05 0.231836 0.00753326 0.413854
0.0417618 0.156819 0.045633 0.0616518 0.0280175 0.126125 0.0457732 0.494218
9.9964E-05 0.455911 0.00411216 0.17597 9.9964E-05 0.363607 9.9964E-05 9.9964E-05
9.9973E-05 0.496711 0.0589941 0.0590117 9.9973E-05 0.333018 0.0519645 9.9973E-05
9.9982E-05 0.363802 0.0280163 0.0906355 0.00362473 0.177128 9.9982E-05 0.336593
