9.9982E-05 9.9982E-05 0.917694 0.0494716 0.0326346
9.9973E-05 0.0570649 0.942635 9.9973E-05 9.9973E-05
0.113168 9.9991E-05 0.840071 0.00654608 0.0401151
9.9982E-05 9.9982E-05 0.760975 0.125559 0.113266
0.0540058 9.9991E-05 0.880854 0.0272945 0.0377462
0.0723575 0.209236 0.663146 0.00894125 0.0463186
0.00926737 0.0991128 0.859042 9.9991E-05 0.0324775
9.999E-05 0.118858 0.727574 0.103243 0.0502249
9.9982E-05 0.0771872 0.836564 0.086049 9.9982E-05
0.102833 0.0935524 0.726973 0.00634114 0.0703008
0.0236691 0.0812213 0.777024 0.117985 9.9991E-05
0.297283 0.1444 9.9991E-05 0.463677 0.0945398
0.571182 0.0447005 0.0190096 0.247498 0.11761
0.269304 0.0690803 0.0446847 0.484509 0.132422
0.337767 0.0591427 0.0809822 0.34352 0.178588
0.396518 0.140539 0.112901 0.198839 0.151202
0.61231 0.0368334 0.0860431 0.154255 0.110559
0.441161 0.100601 0.00266206 0.321634 0.133941
0.37879 0.0530456 0.156777 0.33217 0.0792173
0.0369107 0.195045 0.0295915 0.669015 0.0694372
0.379269 0.137547 9.9991E-05 0.332235 0.150848
0.566391 0.18659 0.039429 0.130425 0.0771651
0.5549 0.163392 0.0363594 0.192875 0.0524741
0.351658 0.152886 0.0212534 0.380613 0.0935894
0.623442 0.0327382 0.0747437 0.133365 0.13571
0.534506 0.0455735 0.0778239 0.246662 0.0954349
0.263784 0.0678674 0.0438651 0.52442 0.100063
0.281026 0.0913645 0.0462793 0.41656 0.164771
0.244154 0.188011 0.0177556 0.477674 0.0724059
0.0909612 9.9982E-05 0.849642 9.9982E-05 0.0591971
0.138675 9.9973E-05 0.861025 9.9973E-05 9.9973E-05
0.184433 9.9982E-05 0.771298 9.9982E-05 0.0440682
0.173685 9.9982E-05 0.761549 9.9982E-05 0.0645669
0.662605 0.1066 0.0546162 0.158594 0.0175856
0.559447 0.110782 0.151747 0.139653 0.0383708
0.717754 0.245633 0.0364137 9.9982E-05 9.9982E-05
0.213623 0.147788 0.112227 0.526262 9.9991E-05
0.498479 0.413653 9.9982E-05 0.0876679 9.9982E-05
0.604249 0.19734 9.9991E-05 0.164519 0.0337915
0.779546 0.11372 0.0447992 9.9991E-05 0.0618354
0.673872 0.111474 0.159837 0.054717 9.9991E-05
0.722652 0.0588208 0.0286168 0.133508 0.0564028
0.323598 0.46632 0.00345038 0.206531 9.9991E-05
0.68926 0.123132 0.0801685 0.0539444 0.0534955
0.660415 0.18969 0.0539857 9.9991E-05 0.0958088
0.53348 0.0963462 0.10108 0.121386 0.147708
0.561835 0.416282 9.9982E-05 0.0216833 9.9982E-05
0.761989 0.119105 0.0796371 9.9991E-05 0.0391691
0.595854 0.175941 0.139513 0.0404738 0.0482184
9.9982E-05 0.8516 0.0963443 0.0518557 9.9982E-05
0.24759 0.297793 9.9982E-05 0.454418 9.9982E-05
0.0936506 0.594558 9.9991E-05 0.220904 0.0907868
0.530353 0.0192667 0.0572993 0.255293 0.137788
0.558422 0.111057 0.0622668 0.100702 0.167552
0.5966 0.138514 0.0719517 0.0519683 0.140966
0.202483 0.287226 0.123877 0.386314 9.9991E-05
0.636131 0.111203 9.9991E-05 0.223137 0.0294282
0.669219 9.9991E-05 0.104997 0.16313 0.0625535
0.455425 0.155691 0.161099 0.227684 9.9991E-05
0.0801459 0.247689 0.226794 0.362648 0.0827227
0.606553 0.131141 0.0871808 0.0851196 0.0900057
0.448637 0.108935 0.0999691 0.260925 0.0815331
0.104036 0.331756 0.0258191 0.538289 9.9991E-05
0.598296 0.0828709 0.0246813 0.221187 0.072964
0.631353 0.0944223 0.0235999 0.134206 0.116419
0.5742 0.225419 0.0765048 0.0241759 0.0997006
0.408183 0.232955 0.0439594 0.262518 0.0523842
0.452746 0.19252 0.0238846 0.205642 0.125207
0.620785 0.0395994 0.0723958 0.212591 0.0546287
0.315559 0.24144 0.0194677 0.423434 9.9991E-05
0.72631 0.124203 9.9982E-05 0.149287 9.9982E-05
0.409651 0.407863 9.9982E-05 0.182287 9.9982E-05
0.648271 0.215618 0.101464 0.0285772 0.00606941
0.201954 0.797746 9.9973E-05 9.9973E-05 9.9973E-05
0.211623 0.713424 9.9982E-05 0.0747532 9.9982E-05
0.599839 0.367559 9.9982E-05 0.0324019 9.9982E-05
0.640609 0.230238 9.9982E-05 0.128953 9.9982E-05
0.671627 0.144258 0.146092 0.0228572 0.0151658
0.614035 0.245227 0.0465482 0.0913059 0.0028841
0.401562 0.29125 0.0443835 0.262704 9.9991E-05
0.392926 0.241034 9.9982E-05 0.36584 9.9982E-05
0.558702 0.141865 0.0569841 0.129681 0.112768
0.484456 0.355492 0.0127951 0.147158 9.9991E-05
0.571571 0.278667 0.0182152 0.131447 9.9991E-05
0.568232 0.431468 9.9973E-05 9.9973E-05 9.9973E-05
0.166706 0.817443 0.00545819 0.0102923 9.9991E-05
0.755119 0.019612 0.05168 0.121704 0.0518856
0.0792224 9.9991E-05 0.784327 0.0612025 0.0751486
0.0817962 9.9973E-05 0.917904 9.9973E-05 9.9973E-05
0.0678053 9.9982E-05 0.888375 9.9982E-05 0.0436196
0.0403979 0.0135322 0.931291 9.9991E-05 0.0146793
0.0855133 9.9982E-05 0.896646 9.9982E-05 0.0176409
0.0531815 9.9982E-05 0.907961 9.9982E-05 0.0386573
0.0868772 9.9973E-05 0.912823 9.9973E-05 9.9973E-05
0.583892 0.0988159 0.134226 0.120013 0.0630526
0.672827 0.114061 0.0340995 0.0609127 0.118099
0.271036 0.577072 9.9982E-05 0.151692 9.9982E-05
0.614685 0.16947 0.104964 0.00596609 0.104915
0.603645 0.198244 0.0338188 0.156387 0.00790452
0.737362 0.171538 0.086739 9.9991E-05 0.00426134
0.700177 0.250158 0.0494652 9.9982E-05 9.9982E-05
0.568502 0.285207 0.032703 0.045502 0.0680859
0.138103 0.563152 9.9982E-05 0.298546 9.9982E-05
0.592362 0.117591 0.17522 0.102913 0.0119152
0.718568 0.199011 0.0613503 9.9991E-05 0.0209711
0.638064 0.0379516 0.104685 0.130791 0.0885082
0.455608 0.503628 0.0165639 0.0190058 0.00519428
0.67087 0.29541 0.0335199 9.9982E-05 9.9982E-05
0.564968 0.241646 0.0302077 0.163079 9.9991E-05
0.482804 0.38056 9.9991E-05 0.0396555 0.0968802
0.644874 0.152602 0.0667985 0.135626 9.9991E-05
0.659246 0.104593 0.168065 0.0679955 9.9991E-05
0.259064 0.341201 9.9991E-05 0.335581 0.0640539
0.458322 0.00224703 0.147596 0.346693 0.0451414
0.572692 9.9991E-05 0.156764 0.193203 0.0772412
0.635779 0.0375013 0.0969927 0.156706 0.0730213
0.584079 0.035466 0.0330253 0.34733 9.9991E-05
0.574743 0.0322587 0.0101379 0.280868 0.101993
0.490506 0.0104279 0.0399524 0.379159 0.0799552
0.559681 0.157832 0.160354 0.0993757 0.0227573
0.572265 0.113949 0.109635 0.150556 0.0535938
0.562437 0.160679 0.0519135 0.172082 0.0528875
0.658459 0.0127016 9.9982E-05 0.328639 9.9982E-05
0.614243 0.0673842 0.0758383 0.136833 0.105702
0.574663 0.0764252 0.150529 0.0848191 0.113563
0.627442 0.00200582 9.9991E-05 0.296503 0.0739492
0.654158 0.0806142 0.0649259 0.113777 0.0865255
0.592666 0.13126 0.0504259 0.14075 0.0848991
0.394274 0.137313 0.159358 0.308955 9.9991E-05
0.665746 0.0177327 9.9991E-05 0.231062 0.0853586
0.696329 0.0385971 9.9991E-05 0.166163 0.0988104
0.324547 0.205248 9.9991E-05 0.37897 0.0911344
0.157475 0.405648 0.0323894 0.282992 0.121495
0.529925 0.143518 0.0292264 0.192002 0.105329
0.103232 0.468954 9.9991E-05 0.343065 0.0846482
0.385796 0.176162 0.0271822 0.41076 9.9991E-05
0.54014 0.164552 0.0106053 0.284603 9.9991E-05
0.446257 0.0301859 9.9982E-05 0.523358 9.9982E-05
0.333494 0.130073 9.9991E-05 0.525421 0.0109119
0.642702 0.151889 0.0111705 0.138762 0.0554765
0.535813 0.0643931 0.143742 0.118826 0.137226
0.607969 0.124905 0.0781216 0.129342 0.0596623
0.159885 0.374448 9.9991E-05 0.351565 0.114001
0.588189 0.122312 0.237776 0.0516234 9.9991E-05
0.497944 0.254718 0.0310419 0.0763027 0.139994
0.0700461 0.615874 0.187678 0.126302 9.9991E-05
0.688318 0.163472 0.111594 9.9991E-05 0.0365154
0.405419 0.369249 0.136454 0.0314132 0.0574648
0.54009 0.191656 0.0774519 0.101128 0.0896739
0.339687 0.42007 0.167027 0.0593952 0.0138208
0.252928 0.450393 0.1281 0.168479 9.9991E-05
0.521376 0.303747 0.0818171 0.0929595 9.9991E-05
0.544729 0.0903463 0.0883671 0.168173 0.108384
0.459083 0.207293 0.234815 0.0987083 9.9991E-05
0.0436258 0.554732 0.107113 0.106545 0.187983
0.709697 0.115571 0.0539457 0.11105 0.00973601
0.498903 0.329718 9.9982E-05 0.171179 9.9982E-05
0.606002 0.33991 9.9982E-05 0.0538882 9.9982E-05
0.59378 0.0952906 0.165094 0.0941553 0.0516796
0.164135 0.24267 0.320069 0.0136814 0.259444
9.9982E-05 0.233451 0.635031 9.9982E-05 0.131318
9.9982E-05 0.303671 0.518632 9.9982E-05 0.177497
0.073396 0.0355161 0.424069 0.0851248 0.381894
0.640562 0.307362 9.9982E-05 9.9982E-05 0.051876
0.640872 0.159059 0.116606 0.00843982 0.075024
0.272515 9.9982E-05 9.9982E-05 0.00824644 0.719039
0.355037 0.0653291 9.9991E-05 0.098591 0.480942
0.295314 0.066445 0.0385089 0.0981586 0.501573
0.340941 0.526838 0.00542073 0.0340732 0.0927275
0.485503 0.207367 0.0895361 0.0528771 0.164717
0.261523 0.673634 0.0366254 9.9991E-05 0.0281171
0.589663 0.252487 0.0943653 0.0363368 0.0271479
0.512457 0.297728 0.0422074 0.113481 0.0341271
0.556453 0.215517 9.9991E-05 0.0977457 0.130185
0.279063 0.631091 0.0332777 0.0563079 0.000259829
0.688623 0.0744105 0.0378514 0.0907881 0.108327
0.583087 0.220334 0.148063 0.0102149 0.0383013
9.9973E-05 0.00259958 9.9973E-05 9.9973E-05 0.997101
0.0858421 9.9973E-05 9.9973E-05 9.9973E-05 0.913858
0.342563 9.9982E-05 0.0806837 9.9982E-05 0.576553
0.269718 9.9982E-05 0.0348106 9.9982E-05 0.695271
0.111573 0.0017759 0.00229891 0.0430023 0.84135
9.997E-05 9.997E-05 9.997E-05 9.997E-05 0.9996
9.9973E-05 9.9973E-05 9.9973E-05 0.0240011 0.975699
0.0511487 9.9973E-05 9.9973E-05 9.9973E-05 0.948551
9.9973E-05 9.9973E-05 9.9973E-05 0.0186383 0.981062
9.997E-05 9.997E-05 9.997E-05 9.997E-05 0.9996
9.997E-05 9.997E-05 9.997E-05 9.997E-05 0.9996
0.191342 9.9991E-05 0.016006 0.0239991 0.768553
0.0584803 9.9991E-05 0.0276507 0.0738003 0.839969
9.997E-05 9.997E-05 9.997E-05 9.997E-05 0.9996
0.342221 0.0785721 0.0340026 0.0895681 0.455636
0.151219 9.9991E-05 0.0342122 0.102349 0.71212
0.155563 9.9991E-05 0.0741256 0.00458212 0.765629
0.0296848 9.9982E-05 9.9982E-05 0.074338 0.895777
9.997E-05 9.997E-05 9.997E-05 9.997E-05 0.9996
0.0749261 9.9991E-05 0.057709 0.0374236 0.829841
9.9973E-05 9.9973E-05 0.0227616 9.9973E-05 0.976938
0.243744 0.0358686 0.0202973 0.0629276 0.637162
9.9982E-05 0.0264206 9.9982E-05 0.0433824 0.929997
9.9982E-05 0.548608 0.391424 9.9982E-05 0.0597686
0.468624 0.153712 0.232945 0.0876891 0.0570293
0.375103 0.274041 0.219231 0.0423295 0.0892949
0.177351 0.44262 0.26133 9.9991E-05 0.118599
0.446004 0.193872 0.129091 0.0382732 0.19276
0.198881 0.348913 0.331097 9.9991E-05 0.121008
0.423362 0.112491 0.262671 0.119202 0.082273
0.266674 0.352 0.141409 9.9991E-05 0.239817
0.436184 0.173 0.23806 9.9991E-05 0.152656
0.314996 0.211332 0.206104 9.9991E-05 0.267468
0.44464 0.265149 0.140635 9.9991E-05 0.149475
0.0511252 0.0229472 0.857086 0.0687412 9.9991E-05
9.9982E-05 0.00362908 0.921232 9.9982E-05 0.0749385
0.00580157 0.00971085 0.963911 0.0204769 9.9991E-05
9.9973E-05 9.9973E-05 0.934889 0.0648111 9.9973E-05
0.00921599 9.9991E-05 0.885557 0.0771496 0.027978
9.9973E-05 9.9973E-05 0.910538 9.9973E-05 0.0891618
0.0420086 9.9991E-05 0.89263 0.00221861 0.0630424
0.0116838 0.0764774 0.911639 9.9982E-05 9.9982E-05
0.0448723 0.0228803 0.932047 9.9982E-05 9.9982E-05
9.9982E-05 9.9982E-05 0.867151 0.0313041 0.101345
9.9991E-05 0.0771682 0.602305 0.312568 0.00785921
9.9982E-05 0.0226103 0.592352 0.384838 9.9982E-05
9.9982E-05 0.150637 0.557806 0.291357 9.9982E-05
9.9982E-05 0.187629 0.500571 0.3116 9.9982E-05
0.567758 0.153982 0.0567267 0.178028 0.0435052
0.580862 0.277391 0.00240938 0.119784 0.0195533
0.59177 0.110639 9.9991E-05 0.218126 0.0793653
0.571574 0.193471 0.011183 0.223673 9.9991E-05
0.26716 0.0984349 9.9982E-05 0.634205 9.9982E-05
0.773268 0.140292 0.0862402 9.9982E-05 9.9982E-05
0.769237 0.109885 9.9991E-05 0.0917733 0.029005
0.590789 0.269318 9.9991E-05 0.130706 0.00908679
0.506202 0.455224 9.9982E-05 9.9982E-05 0.038374
0.669779 0.0244433 0.0969702 0.174279 0.034529
0.560944 0.246388 0.0054359 0.187132 9.9991E-05
0.0754065 0.822808 9.9982E-05 0.101585 9.9982E-05
0.588819 0.198605 0.0471117 0.161343 0.00412116
0.381673 0.569257 0.0210744 0.0235906 0.00440554
0.667181 0.25711 9.9991E-05 0.0344006 0.0412088
0.295152 0.398856 9.9982E-05 0.305792 9.9982E-05
9.9991E-05 0.103943 0.122496 0.758602 0.0148591
0.0145268 0.0584885 0.132111 0.794774 9.9991E-05
9.9982E-05 0.0592486 0.0447343 0.895817 9.9982E-05
9.9982E-05 0.0461093 0.0965413 0.857149 9.9982E-05
9.9991E-05 0.0865484 0.00991742 0.84009 0.0633437
0.0666113 9.9991E-05 0.0855718 0.800597 0.0471197
0.0664044 9.9982E-05 0.899046 9.9982E-05 0.0343493
0.0565143 9.9991E-05 0.843876 0.0438008 0.0557091
0.0607818 9.9982E-05 0.778468 9.9982E-05 0.16055
0.0271723 9.9991E-05 0.780427 0.0916568 0.100644
0.0514079 9.9991E-05 0.769428 0.0715935 0.107471
9.9982E-05 0.0464592 0.43292 0.520421 9.9982E-05
9.9982E-05 0.151512 0.461846 0.386442 9.9982E-05
9.9982E-05 0.0608225 0.443856 0.495122 9.9982E-05
0.146124 9.9991E-05 0.79148 0.0331977 0.0290984
9.9982E-05 0.10489 0.360194 0.534716 9.9982E-05
0.21379 0.130473 0.223816 9.9991E-05 0.431822
0.53059 9.9991E-05 0.138278 0.0387681 0.292264
0.530555 9.9982E-05 0.211626 9.9982E-05 0.257618
0.379411 0.109231 0.253872 0.0278942 0.229591
0.611281 0.0250924 0.174851 0.0679564 0.120819
9.9982E-05 0.180168 0.516876 9.9982E-05 0.302756
0.445492 0.141928 0.017675 0.36616 0.028745
0.431821 0.344607 9.9991E-05 0.198871 0.0246021
0.344078 0.0330003 0.080408 0.542413 9.9991E-05
0.529056 0.208279 9.9991E-05 0.220152 0.042413
9.9973E-05 0.822862 9.9973E-05 0.176839 9.9973E-05
0.659003 0.0223556 0.0888867 0.162446 0.0673085
0.549441 0.197954 0.0658059 0.186699 9.9991E-05
0.429892 0.102338 0.0304346 0.437236 9.9991E-05
0.581371 0.113435 0.068453 0.157534 0.0792061
0.19627 0.516 9.9982E-05 0.287531 9.9982E-05
0.39308 0.242904 0.0245845 0.185515 0.153917
0.56279 0.124363 0.018723 0.275356 0.018768
0.476747 0.124001 0.178404 9.9991E-05 0.220748
0.393858 0.278583 9.9991E-05 0.294097 0.0333629
0.558744 0.144466 9.9991E-05 0.276994 0.0196958
0.409901 0.220382 9.9991E-05 0.221527 0.148091
0.62479 0.191605 0.050887 0.132617 9.9991E-05
0.647151 0.0377997 0.067439 0.176349 0.0712614
0.570647 0.126944 0.0905092 0.120413 0.0914869
0.613434 0.0327857 0.138567 0.170541 0.0446725
0.121666 9.9982E-05 0.820531 9.9982E-05 0.0576024
0.0764952 9.9982E-05 0.889878 9.9982E-05 0.0334264
0.0617803 0.0187475 0.812433 0.10694 9.9991E-05
0.065918 0.04604 0.857258 0.00757024 0.0232139
0.123752 9.9982E-05 0.866168 9.9982E-05 0.00987999
0.171852 0.112461 9.9991E-05 0.641927 0.0736607
0.5429 0.0961537 0.0732882 0.189527 0.098131
0.396367 0.259563 0.177265 0.014654 0.15215
0.674456 9.9982E-05 9.9982E-05 0.210209 0.115134
0.559059 0.0381262 0.0791167 0.292286 0.0314123
0.245749 0.3705 9.9991E-05 0.268533 0.115119
0.0263028 0.233881 0.100966 0.63875 9.9991E-05
0.654704 0.0461776 0.00815685 0.250504 0.0404578
0.168361 0.151618 0.104306 0.50263 0.0730857
0.432197 0.214033 0.0637046 0.14504 0.145025
0.154257 0.157471 0.131008 0.532644 0.0246196
0.613454 0.0050107 0.128562 0.195987 0.0569863
0.21949 0.151625 0.0423606 0.54383 0.0426938
0.288986 0.245408 0.0267726 0.295716 0.143117
0.504451 0.234212 0.109479 0.124673 0.0271848
0.28809 0.43391 0.0673331 0.168105 0.0425619
0.664833 0.192175 0.0824172 0.0604756 9.9991E-05
0.578662 0.107839 0.20456 0.0606578 0.0482806
0.404469 0.396427 0.0870426 0.111961 9.9991E-05
0.524811 0.190484 0.117686 0.0972456 0.0697735
0.64514 0.247067 0.0426299 0.0650635 9.9991E-05
0.164963 0.768911 9.9982E-05 0.0659261 9.9982E-05
0.303626 0.611923 0.0267588 0.0575918 9.9991E-05
0.545734 0.309227 0.0503393 0.0695986 0.0251009
0.205027 0.629495 0.075184 0.0901934 9.9991E-05
0.559267 0.266779 0.0667022 0.107152 9.9991E-05
0.134872 0.18563 9.9991E-05 0.618828 0.0605697
0.227743 0.343922 9.9991E-05 0.350479 0.0777564
0.398695 0.0525614 9.9991E-05 0.427303 0.121341
0.642335 0.0178061 0.0546145 0.174844 0.1104
0.307264 0.158408 9.9982E-05 0.534128 9.9982E-05
0.417172 0.152059 0.0541407 0.169329 0.207299
0.591966 0.0489074 0.0764349 0.158345 0.124346
0.575719 0.03138 9.9991E-05 0.294945 0.0978556
0.444307 0.0608186 9.9991E-05 0.362398 0.132376
0.419154 0.157753 0.00222319 0.315512 0.105359
0.233098 0.0711296 9.9991E-05 0.575017 0.120655
0.339797 0.140555 0.00234569 0.420439 0.096864
0.681205 0.0726783 9.9991E-05 0.192942 0.0530744
0.560467 0.077377 0.0973183 0.17247 0.0923675
0.53834 0.146765 0.0807752 0.23402 9.9991E-05
0.508902 0.0856697 9.9991E-05 0.270229 0.1351
0.481528 0.0446736 0.0453222 0.409515 0.0189603
0.680445 0.010676 9.9991E-05 0.221237 0.0875422
0.503064 0.0588044 0.079403 0.252329 0.106399
0.399085 0.119463 0.130372 0.225896 0.125185
0.386257 9.9991E-05 0.40922 0.0413365 0.163087
0.496485 0.0940054 0.175846 9.9991E-05 0.233563
0.536123 0.141874 0.115137 9.9991E-05 0.206765
0.567391 0.0533106 0.0947282 0.141619 0.142952
0.457278 0.0711006 0.236018 9.9991E-05 0.235503
0.586576 0.157729 9.9991E-05 0.195816 0.0597797
0.564531 0.0440016 0.266187 0.00932458 0.115955
9.9982E-05 0.525678 0.26154 9.9982E-05 0.212582
0.50055 0.0214322 0.0649867 0.156415 0.256616
0.569862 9.9991E-05 0.163251 0.0528733 0.213913
0.368726 0.0536994 0.0941485 0.132122 0.351305
0.336546 0.218862 0.231728 0.0846028 0.128262
0.531827 0.046935 0.233078 0.0010259 0.187135
0.480335 0.106467 0.161431 9.9991E-05 0.251668
9.9982E-05 0.295482 0.499526 9.9982E-05 0.204792
0.493502 9.9991E-05 0.21246 0.0434514 0.250486
0.470083 0.0846035 0.113955 9.9991E-05 0.331258
0.64446 0.0634085 0.181014 9.9991E-05 0.111017
0.566184 0.00935526 0.176992 9.9991E-05 0.247368
0.496294 0.120281 0.200651 0.0302958 0.152478
0.5255 0.358871 0.0122791 0.0676388 0.0357113
0.557787 0.208581 0.0900386 0.0685409 0.0750527
0.12778 0.793253 9.9982E-05 0.0787672 9.9982E-05
0.0572123 0.908388 0.00781051 0.0264892 9.9991E-05
0.627442 0.207897 0.0274439 0.0458462 0.0913709
0.365441 0.14292 0.136571 0.0130335 0.342034
0.292867 0.226879 0.069711 9.9991E-05 0.410443
0.12219 0.303565 0.207529 9.9991E-05 0.366617
0.315649 0.136954 0.195872 0.00801787 0.343507
9.9982E-05 0.743715 0.0613291 9.9982E-05 0.194756
0.162916 0.58828 0.104986 9.9991E-05 0.143719
0.517244 0.235172 0.0497679 0.000739494 0.197077
0.477328 0.308367 0.0426707 0.0211475 0.150486
0.197589 0.55995 0.0755829 9.9991E-05 0.166779
0.481383 0.29988 0.0323771 0.0396384 0.146722
0.547186 0.23656 0.0574336 9.9991E-05 0.15872
0.409228 0.263337 0.144951 9.9991E-05 0.182384
0.408727 0.495904 9.9982E-05 0.0951685 9.9982E-05
0.38824 0.438344 0.0519905 0.0801698 0.0412555
0.562 0.235616 9.9991E-05 0.138039 0.0642438
0.423905 0.35256 0.0663959 0.0690015 0.0881379
0.565877 0.224702 0.0459661 0.0961166 0.0673375
0.595074 0.286202 0.0432934 0.0499621 0.0254685
0.30812 0.606751 9.9982E-05 0.0849286 9.9982E-05
0.621729 0.276916 0.0474631 9.9991E-05 0.0537916
0.276865 0.648246 9.9991E-05 0.0289994 0.0457897
0.476575 0.484162 0.0176505 9.9991E-05 0.0215124
0.640731 0.279757 0.0722046 0.00164082 0.00566716
0.541649 0.3191 0.0161178 0.114344 0.0087894
0.487218 0.137878 0.165169 0.00527043 0.204464
0.408015 0.164382 0.118983 0.0821369 0.226484
0.307069 0.139586 0.171497 0.0944293 0.287419
0.283038 0.0686731 0.17899 0.144778 0.324521
0.499998 9.9991E-05 0.137158 0.145753 0.21699
0.364763 0.163122 0.0799126 0.0535773 0.338625
9.9991E-05 0.569642 0.20462 0.0181267 0.207511
0.58183 9.9991E-05 0.133666 0.0127808 0.271623
9.9982E-05 0.435842 0.396192 9.9982E-05 0.167766
0.529802 0.161752 0.0794435 0.00918556 0.219817
0.207346 0.792354 9.9973E-05 9.9973E-05 9.9973E-05
0.046253 0.894965 9.9991E-05 0.0520402 0.00664164
0.529378 0.436821 9.9982E-05 9.9982E-05 0.0336006
0.730348 0.248806 0.0206468 9.9982E-05 9.9982E-05
0.515426 0.462955 9.9982E-05 0.0214183 9.9982E-05
0.644859 0.341274 0.00818398 9.9991E-05 0.00558322
0.657371 0.234198 9.9991E-05 0.0682087 0.0401224
0.0591972 0.0252297 0.850683 9.9991E-05 0.0647904
9.9991E-05 0.0264731 0.719109 0.18021 0.0741082
9.9982E-05 9.9982E-05 0.887952 0.0438532 0.0679944
0.0461815 9.9973E-05 0.953519 9.9973E-05 9.9973E-05
0.630384 0.202766 0.0493582 0.117392 9.9991E-05
0.592997 0.217504 0.073255 0.0872484 0.0289953
0.680231 0.201101 0.0234133 0.0951549 9.9991E-05
0.657734 0.0706755 0.108151 0.11703 0.0464091
0.657228 0.110266 0.0987623 0.133644 9.9991E-05
0.411683 0.381919 9.9982E-05 0.206198 9.9982E-05
0.717397 0.204678 0.0405974 0.00506288 0.0322646
0.502716 0.496984 9.9973E-05 9.9973E-05 9.9973E-05
0.434118 9.9991E-05 0.273614 0.0979659 0.194203
0.535831 0.294053 9.9991E-05 0.0915027 0.078513
0.507907 0.375879 0.00142936 0.114685 9.9991E-05
0.719598 0.199824 0.00118996 0.0792883 9.9991E-05
0.565327 0.325258 0.015034 0.0942801 9.9991E-05
0.675816 0.284907 0.0390777 9.9982E-05 9.9982E-05
0.679519 0.194531 0.0925383 9.9991E-05 0.0333117
0.262823 0.736877 9.9973E-05 9.9973E-05 9.9973E-05
0.407945 0.465133 0.00364666 0.103455 0.0198202
0.500643 0.411517 9.9982E-05 0.0876396 9.9982E-05
0.0615928 0.938107 9.9973E-05 9.9973E-05 9.9973E-05
0.596895 0.206132 0.0591721 0.137701 9.9991E-05
0.257149 0.667558 0.00643535 0.0687574 9.9991E-05
0.106082 0.845959 9.9982E-05 0.0477593 9.9982E-05
0.698631 0.165776 0.0145941 0.106229 0.01477
0.388906 0.469669 0.0235558 0.11777 9.9991E-05
0.664392 0.21876 0.0404733 0.0762745 9.9991E-05
0.652783 0.150418 0.0923467 0.0219879 0.0824646
0.654809 0.204662 0.0070232 0.133406 9.9991E-05
0.27028 0.285676 9.9991E-05 0.291294 0.15265
0.659581 0.231534 9.9991E-05 0.0926058 0.0161792
0.612531 0.207147 0.044375 0.130284 0.00566205
0.504984 0.47531 9.9982E-05 0.0195059 9.9982E-05
0.638617 0.160286 0.052234 0.0948389 0.0540236
9.9991E-05 0.0623326 0.638535 0.29058 0.00845174
0.0407546 0.1176 0.780882 0.0565617 0.00420148
9.9982E-05 0.0452666 0.834074 0.12046 9.9982E-05
9.9973E-05 9.9973E-05 0.83394 0.16576 9.9973E-05
0.00478026 9.9982E-05 0.728857 0.266163 9.9982E-05
0.388169 0.380199 0.0551551 0.176376 9.9991E-05
0.326606 0.473159 0.027117 0.173018 9.9991E-05
0.349431 0.650269 9.9973E-05 9.9973E-05 9.9973E-05
0.651262 9.9991E-05 0.146673 0.0504027 0.151563
0.696484 0.139642 0.128356 0.00781249 0.0277062
0.481661 0.473185 0.0249493 9.9991E-05 0.0201044
0.748324 0.190892 9.9991E-05 0.00157112 0.0591133
0.484751 0.390511 0.0650217 0.0082563 0.0514594
0.681745 0.217568 9.9982E-05 0.100487 9.9982E-05
0.772534 0.0940074 0.103527 0.0298311 9.9991E-05
0.405638 0.342468 9.9982E-05 0.251694 9.9982E-05
0.5839 0.334146 0.000306667 0.0815476 9.9991E-05
0.46392 0.291344 9.9982E-05 0.244536 9.9982E-05
0.611625 0.168634 0.179793 0.0398473 9.9991E-05
0.587496 0.249863 0.0145985 0.147943 9.9991E-05
0.593717 0.233683 0.0497429 0.0926097 0.0302468
0.350263 0.0579888 0.0434666 9.9991E-05 0.548182
0.425157 0.0488856 0.0964945 0.000237826 0.429225
0.402771 9.9982E-05 0.0923006 9.9982E-05 0.504728
0.307811 0.0789765 0.110911 9.9991E-05 0.502202
0.374946 9.9991E-05 0.163669 0.118033 0.343252
0.609668 0.332432 0.0495877 9.9991E-05 0.00821281
9.9982E-05 9.9982E-05 0.264427 0.0278986 0.707475
0.327612 9.9982E-05 0.19633 9.9982E-05 0.475857
0.392545 0.204514 0.188629 0.0437805 0.170532
0.636571 0.16337 0.141549 0.0584099 9.9991E-05
0.442999 0.285148 0.144138 0.0894655 0.0382499
0.602857 0.141026 0.21263 0.0012544 0.0422327
0.688871 0.141607 0.115581 9.9991E-05 0.0538412
0.304786 9.9982E-05 0.235729 9.9982E-05 0.459285
0.328431 9.9991E-05 0.162784 0.115055 0.393629
0.429739 9.9982E-05 0.0622132 9.9982E-05 0.507848
0.429256 0.118489 0.0343478 0.088296 0.329612
0.290931 0.0713197 0.129511 9.9991E-05 0.508139
0.402386 0.0419291 0.119261 9.9991E-05 0.436324
0.170776 0.0932011 0.0999429 0.00569257 0.630388
0.323721 0.0756098 0.0765553 0.0748372 0.449276
0.575018 0.270559 0.0995556 0.0131823 0.0416851
0.424579 0.0465901 0.172815 0.0137476 0.342268
0.192151 9.9982E-05 0.169686 9.9982E-05 0.637964
0.306044 0.0885836 0.183116 0.064516 0.35774
0.240239 0.317055 0.199054 0.243551 9.9991E-05
0.473123 0.15256 9.9991E-05 0.116067 0.25815
0.385043 0.0915772 0.146746 9.9991E-05 0.376534
0.583667 0.0918245 0.175679 0.0962852 0.0525438
0.593983 0.0931204 0.271893 0.0409035 9.9991E-05
0.390832 0.135512 0.244054 0.0325389 0.197063
0.396359 0.0527945 0.295333 9.9991E-05 0.255413
0.639841 0.0525243 0.0360392 0.106183 0.165413
0.377726 0.0835026 0.101851 9.9991E-05 0.436821
0.403085 0.026627 0.0505661 0.00600029 0.513722
0.151919 0.00701393 0.189168 0.0375647 0.614335
0.679478 0.0692283 0.161879 0.0893149 9.9991E-05
0.553424 0.182697 0.150516 0.113263 9.9991E-05
0.210175 0.558155 0.167834 9.9991E-05 0.0637357
0.656269 0.0833523 0.11775 0.0405194 0.102109
0.472993 0.127817 0.0742482 0.270604 0.0543373
0.462973 0.0862242 0.153834 0.0983855 0.198583
0.486001 0.0574018 0.110767 0.164407 0.181423
9.9982E-05 0.401592 0.356568 9.9982E-05 0.241639
9.9982E-05 0.469347 0.372377 9.9982E-05 0.158076
0.306421 0.238499 0.138861 0.120049 0.196171
9.9982E-05 0.386111 0.382116 9.9982E-05 0.231573
9.9982E-05 0.24949 0.511855 9.9982E-05 0.238455
0.35882 0.2581 0.167322 0.0268651 0.188893
0.35667 0.212037 0.248125 9.9991E-05 0.183068
0.129934 0.34036 0.302199 9.9991E-05 0.227407
0.0604922 0.36286 0.307142 0.0345428 0.234962
0.511918 0.141247 0.105771 0.0363136 0.204751
0.106545 0.458637 0.255168 9.9991E-05 0.17955
9.9982E-05 0.382396 0.507411 9.9982E-05 0.109993
0.529528 0.0825097 0.133086 0.043192 0.211684
0.281198 0.118599 0.19516 0.101504 0.303539
0.433764 0.0576102 0.320003 0.0277396 0.160883
0.60707 9.9982E-05 0.165903 9.9982E-05 0.226828
0.512192 0.0421106 0.19381 9.9991E-05 0.251787
0.408375 0.0253412 0.132823 0.0472711 0.386189
0.371684 9.9991E-05 0.38919 0.0502308 0.188795
0.580758 9.9991E-05 0.212954 0.0234218 0.182766
0.435567 9.9991E-05 0.216873 0.0470114 0.300449
0.313759 0.0824364 0.222999 0.076989 0.303816
0.36275 0.184345 0.124247 0.167675 0.160983
0.662905 0.0469994 0.19556 0.0676569 0.0268785
0.563313 9.9991E-05 0.121206 0.115774 0.199608
0.542821 0.173838 0.0838883 0.0723205 0.127132
0.373393 9.9991E-05 0.291761 0.0129382 0.321808
0.594928 9.9982E-05 0.224713 9.9982E-05 0.180159
0.185832 0.178402 0.434577 9.9991E-05 0.201089
0.334342 0.0973544 0.145237 0.0902316 0.332834
0.143621 0.190149 0.282982 9.9991E-05 0.383148
9.9991E-05 0.0555595 0.812084 0.130116 0.00214035
0.138781 9.9982E-05 0.0831816 0.777838 9.9982E-05
9.9973E-05 9.9973E-05 0.00665116 0.993049 9.9973E-05
9.997E-05 9.997E-05 9.997E-05 0.9996 9.997E-05
9.997E-05 9.997E-05 9.997E-05 0.9996 9.997E-05
0.0220326 9.9991E-05 0.00670864 0.925831 0.0453282
0.0866799 9.9973E-05 9.9973E-05 0.91302 9.9973E-05
9.9973E-05 9.9973E-05 0.0336176 0.966083 9.9973E-05
9.9973E-05 9.9973E-05 0.169176 0.830525 9.9973E-05
0.024509 0.0262311 0.923068 0.0260922 9.9991E-05
0.0644607 9.9991E-05 0.788405 0.132922 0.0141117
0.0409198 9.9982E-05 0.895467 9.9982E-05 0.0634133
0.0225065 0.0406842 0.856457 0.0777793 0.00257266
0.0100611 9.9991E-05 0.926462 0.0331518 0.0302253
9.9991E-05 0.00311168 0.932067 0.0614041 0.00331706
0.00615106 9.9991E-05 0.745776 0.0801724 0.167801
0.0436017 0.0215617 0.876038 9.9991E-05 0.058699
0.0614236 9.9991E-05 0.705525 0.151949 0.0810024
0.0265299 0.0133427 0.906166 9.9991E-05 0.0538611
9.9973E-05 0.0128428 0.986857 9.9973E-05 9.9973E-05
0.0314092 0.00858144 0.858024 0.0381396 0.0638459
9.9982E-05 9.9982E-05 0.920459 0.0514516 0.0278896
0.0419543 0.00944669 0.874162 0.0166566 0.0577804
0.077101 9.9991E-05 0.869353 0.00533533 0.0481106
0.0933852 9.9982E-05 0.841206 9.9982E-05 0.0652091
0.0415682 9.9982E-05 0.79008 9.9982E-05 0.168151
0.144465 9.9982E-05 0.793439 9.9982E-05 0.0618951
0.125702 9.9982E-05 0.819287 9.9982E-05 0.0548112
0.480861 0.271592 0.209009 0.0290706 0.00946732
0.705403 0.126813 0.157216 0.0104681 9.9991E-05
0.639605 0.069862 0.174197 0.0660145 0.050322
0.18551 0.657167 0.111567 0.0306874 0.0150682
0.605439 0.132733 0.121269 0.140459 9.9991E-05
0.107876 0.651647 0.172021 9.9991E-05 0.0683558
0.634083 0.0540355 0.129318 0.0719828 0.11058
0.492765 0.249659 0.0979011 0.159575 9.9991E-05
0.595736 0.217242 0.10371 0.0571777 0.0261346
0.628569 0.280664 0.00989748 0.0807696 9.9991E-05
0.481849 0.158992 0.147317 0.172642 0.0392004
0.711137 0.0775852 0.138071 0.0304688 0.0427381
0.618578 0.104214 0.110927 0.166181 9.9991E-05
0.0491807 0.417104 9.9991E-05 0.463123 0.0704931
9.9982E-05 0.792549 0.107351 0.0999004 9.9982E-05
0.197871 0.600437 0.158643 0.0364022 0.00664685
0.664482 0.0720501 0.0895104 0.121697 0.0522601
0.602881 0.208132 0.136476 0.0284233 0.0240868
0.614796 0.233987 0.151018 9.9982E-05 9.9982E-05
0.633552 0.190382 0.10711 9.9991E-05 0.0688568
0.513335 0.120449 0.188155 9.9991E-05 0.17796
0.619403 9.9982E-05 0.205496 9.9982E-05 0.174901
0.194747 0.0965957 0.434602 0.146273 0.127783
0.709931 9.9991E-05 0.164141 0.1114 0.0144277
0.491992 0.0180018 0.258 0.130172 0.101834
9.9982E-05 0.360808 0.435535 9.9982E-05 0.203457
0.300357 0.11941 0.301126 9.9991E-05 0.279008
0.332594 0.0568173 0.356143 0.0637656 0.19068
0.505739 0.015596 0.349282 0.0809569 0.0484263
0.489675 0.0314573 0.106171 0.202834 0.169864
0.5483 0.041019 0.233945 9.9991E-05 0.176636
0.564336 9.9991E-05 0.205354 0.0258651 0.204345
0.410909 0.251084 0.190945 9.9991E-05 0.146962
0.358109 9.9982E-05 0.494338 9.9982E-05 0.147353
