0.0575328 9.9982E-05 0.922638 0.0196294 9.9982E-05
9.9973E-05 9.9973E-05 0.94246 9.9973E-05 0.0572405
0.0423833 0.0733306 0.830976 0.0532105 9.9991E-05
0.115614 9.9982E-05 0.782194 0.101992 9.9982E-05
0.0151743 0.0427135 0.888477 0.0535353 9.9991E-05
0.0986643 0.0918773 0.628179 0.0767072 0.104572
0.122148 0.00233748 0.829763 9.9991E-05 0.0456515
0.162747 9.9991E-05 0.756186 0.0155646 0.0654024
0.0805798 9.9982E-05 0.815007 9.9982E-05 0.104213
0.0257722 0.0451611 0.729567 0.100971 0.098529
0.150382 0.013838 0.7895 9.9991E-05 0.04618
0.564836 0.268089 9.9991E-05 0.0979759 0.0689985
0.342838 0.520844 0.00442871 0.111348 0.0205422
0.520438 0.302906 0.00707612 0.0825851 0.0869949
0.42501 0.308051 0.0241582 0.161921 0.0808602
0.250071 0.342131 0.126982 0.166546 0.11427
0.109139 0.651662 0.0777501 0.0895521 0.0718972
0.286498 0.486702 0.0356589 0.129617 0.0615239
0.408414 0.338541 0.0685529 0.121239 0.063253
0.715507 0.0142003 0.0237601 0.0945313 0.152002
0.20228 0.489702 9.9991E-05 0.135286 0.172631
0.277494 0.437597 9.9991E-05 0.107893 0.176917
0.1811 0.659521 0.0836959 0.0236947 0.0519887
0.353838 0.372856 0.0431674 0.117372 0.112766
0.0613346 0.621286 0.0582471 0.181657 0.0774755
0.305442 0.485586 9.9991E-05 0.184156 0.0247159
0.538666 0.222339 9.9991E-05 0.124443 0.114453
0.507436 0.2551 9.9991E-05 0.230074 0.00729025
0.437265 0.267143 9.9991E-05 0.0410261 0.254466
9.9982E-05 0.0477367 0.869558 0.0825054 9.9982E-05
0.011836 0.149787 0.811682 0.0265953 9.9991E-05
9.99899E-05 0.172961 0.81476 0.0120795 9.99899E-05
9.9982E-05 0.126166 0.77509 0.0985435 9.9982E-05
0.144552 0.733413 0.031384 9.9991E-05 0.0905514
0.0723048 0.636195 0.0980204 0.0372909 0.156189
0.0138212 0.760134 0.00892568 9.9991E-05 0.217019
0.619159 0.211368 0.0944701 0.0136039 0.0613993
0.0038058 0.540064 0.0654438 9.9991E-05 0.390587
0.213597 0.523377 0.0862464 0.108778 0.068002
9.9991E-05 0.788276 0.0145238 0.0792866 0.117814
9.9991E-05 0.675953 0.139164 0.0374692 0.147314
0.0824112 0.708488 0.137392 0.0716086 9.9991E-05
0.166101 0.363629 0.0225421 9.9991E-05 0.447628
9.9991E-05 0.606684 0.120945 0.0743046 0.197967
0.0467237 0.657793 0.0779212 0.0302968 0.187266
9.9991E-05 0.688737 0.132274 0.137304 0.0415849
9.9973E-05 0.529305 9.9973E-05 9.9973E-05 0.470395
9.9991E-05 0.740454 0.038216 0.0803208 0.14091
0.0208276 0.572418 0.129128 0.151206 0.126421
0.0495853 0.0200812 0.115181 9.9991E-05 0.815052
0.514408 0.253198 9.9982E-05 9.9982E-05 0.232194
0.194675 0.114507 0.0908257 0.0311569 0.568835
0.210283 0.572836 0.0453395 0.14185 0.0296916
0.0505586 0.654201 0.151717 0.0526186 0.0909047
0.0637893 0.611863 0.0670004 0.167751 0.089596
0.335016 0.287226 0.063995 9.9991E-05 0.313663
0.223237 0.606886 9.9991E-05 0.062835 0.106942
0.118118 0.564078 0.0959945 0.162112 0.0596977
0.277436 0.410756 0.150198 0.0416066 0.120003
0.363805 0.11882 0.181361 0.0567367 0.279277
0.183712 0.543603 0.0594635 0.101225 0.111997
0.278464 0.416134 0.0844876 0.0664349 0.154479
0.553632 0.146581 0.0491616 9.9991E-05 0.250526
0.324581 0.551949 0.00586615 0.0723359 0.0452679
0.104786 0.543946 0.0481895 0.127903 0.175176
0.179875 0.531428 0.139781 0.0908865 0.0580296
0.325191 0.405622 0.0380957 0.0742697 0.156822
0.218324 0.551379 9.9991E-05 0.104664 0.125533
0.18482 0.629409 0.0447957 0.0590702 0.0819055
0.419071 0.31319 0.0113464 9.9991E-05 0.256292
0.0685733 0.731973 9.9982E-05 9.9982E-05 0.199253
0.258469 0.396268 9.9982E-05 9.9982E-05 0.345063
0.214994 0.593586 9.9991E-05 0.0870883 0.104231
0.0322984 0.186626 9.9982E-05 9.9982E-05 0.780876
0.0961048 0.211856 9.9982E-05 9.9982E-05 0.691839
0.0419531 0.516028 9.9982E-05 9.9982E-05 0.441819
0.206141 0.579596 0.0298503 9.9991E-05 0.184313
0.0750034 0.5882 0.132179 0.0887145 0.115902
0.105187 0.560939 0.0276439 0.0506783 0.255552
0.322842 0.353765 0.0115356 9.9991E-05 0.311757
0.419995 0.382658 0.0155239 9.9991E-05 0.181723
0.0351947 0.628108 0.115897 0.129616 0.0911833
0.169052 0.486717 9.9982E-05 9.9982E-05 0.344031
0.0979325 0.583173 0.0635093 9.9991E-05 0.255285
9.9982E-05 0.570086 0.0250995 9.9982E-05 0.404615
0.0583636 0.171253 9.9982E-05 9.9982E-05 0.770183
0.11172 0.735354 0.0543573 9.9991E-05 0.0984681
0.068297 0.102191 0.80681 0.0226015 9.9991E-05
9.9973E-05 0.0793442 0.920356 9.9973E-05 9.9973E-05
9.9982E-05 0.0687268 0.880776 0.0502973 9.9982E-05
9.9982E-05 0.0362068 0.955969 0.00762429 9.9982E-05
9.9991E-05 0.0903555 0.901199 0.0072578 0.00108769
9.9982E-05 9.9982E-05 0.907356 0.0573164 0.0351278
9.9982E-05 0.0375745 0.931352 0.0308732 9.9982E-05
0.16779 0.537962 0.128679 0.0508966 0.114672
0.144429 0.525128 0.0739915 0.131429 0.125023
0.183654 0.254983 9.9982E-05 9.9982E-05 0.561164
0.100574 0.539049 0.105536 0.0824243 0.172417
0.107857 0.599988 0.0541678 9.9991E-05 0.237887
9.9982E-05 0.749296 0.0801936 9.9982E-05 0.17031
9.9982E-05 0.678611 0.0726059 9.9982E-05 0.248583
0.0249811 0.64838 0.00684962 0.0610336 0.258756
0.293321 0.16956 9.9982E-05 9.9982E-05 0.536919
0.0392692 0.485918 0.175309 0.120829 0.178675
0.0983418 0.650422 0.118658 0.0636602 0.0689179
0.122892 0.730328 0.0911326 0.0555465 9.9991E-05
9.9973E-05 0.473846 9.9973E-05 9.9973E-05 0.525854
0.00795231 0.667409 0.0155489 9.9991E-05 0.30899
0.218276 0.594982 9.9982E-05 9.9982E-05 0.186542
0.0272057 0.535337 9.9991E-05 0.0378098 0.399547
0.143686 0.656781 0.0043937 9.9991E-05 0.195039
0.128971 0.607846 0.150848 0.0645244 0.047811
0.24275 0.349604 0.0832981 0.0438971 0.280451
0.345995 0.389494 0.0725789 0.127103 0.0648295
0.19123 0.461963 0.121843 0.192493 0.0324714
0.116851 0.575046 0.0294106 0.152469 0.126224
0.382943 0.520079 0.00994656 0.0518241 0.0352075
0.314869 0.55641 0.0352976 0.0933239 9.9991E-05
0.399868 0.545861 0.00660075 0.0475701 9.9991E-05
0.144799 0.557252 0.0957645 0.0808265 0.121358
0.19213 0.580679 0.0529731 0.121449 0.0527687
0.134372 0.600731 0.0483374 0.0520604 0.164499
0.353068 0.607426 0.039307 9.9982E-05 9.9982E-05
0.124888 0.567583 9.9991E-05 0.180285 0.127144
0.0532474 0.482149 0.151644 0.130655 0.182304
0.298679 0.622933 9.9982E-05 0.0781882 9.9982E-05
0.0831588 0.567842 0.0788143 0.148679 0.121506
0.214571 0.561337 9.9991E-05 0.153192 0.0708
0.255791 0.385298 0.0896765 0.0955161 0.173718
0.154834 0.629889 9.9991E-05 0.151687 0.0634895
0.199137 0.709996 9.9982E-05 0.0906672 9.9982E-05
0.437814 0.2777 0.0153252 0.0934282 0.175733
0.288219 0.151173 0.0571627 0.0833071 0.420139
0.310187 0.575466 0.0180674 0.0961801 9.9991E-05
0.329546 0.12449 9.9991E-05 0.0729603 0.472904
0.471694 0.335875 0.0102122 9.9991E-05 0.182119
0.29535 0.556139 0.057364 9.9991E-05 0.091047
0.474019 0.430076 0.00441214 9.9991E-05 0.0913928
0.465176 0.338953 9.9991E-05 0.0554261 0.140345
0.133178 0.615135 0.0141351 0.0848859 0.152665
0.0959643 0.507436 0.0613146 0.144653 0.190633
0.190062 0.567762 0.0523108 0.0586607 0.131205
0.356214 0.162818 9.9991E-05 0.112989 0.367879
0.113119 0.574053 0.209347 0.00348024 0.0999999
0.0175003 0.467618 0.0811346 0.115676 0.318071
0.0688418 0.0284535 0.204818 9.9991E-05 0.697787
9.9991E-05 0.675346 0.13886 0.0886154 0.0970789
0.00190314 0.424236 0.137154 0.0534106 0.383297
0.0681571 0.490315 0.0982973 0.129426 0.213804
0.0680614 0.330174 0.157481 9.9991E-05 0.444184
0.128982 0.281706 0.11734 9.9991E-05 0.471872
0.116138 0.501169 0.0960448 9.9991E-05 0.286549
0.0661617 0.519637 0.142002 0.0955488 0.176651
0.170221 0.441291 0.141957 0.100799 0.145731
0.148557 0.0067186 0.0768286 0.195826 0.57207
0.122368 0.477246 0.0754941 0.187729 0.137163
0.107954 0.454452 9.9982E-05 9.9982E-05 0.437394
0.0751903 0.549138 9.9991E-05 0.0536694 0.321902
9.9991E-05 0.58688 0.121123 0.0994846 0.192412
9.9991E-05 0.106692 0.322962 0.323263 0.246984
9.9982E-05 9.9982E-05 0.539422 0.205919 0.254459
9.9982E-05 9.9982E-05 0.518325 0.164248 0.317227
0.00487662 0.0687578 0.370404 0.394998 0.160964
9.9991E-05 0.672788 0.0351167 0.0723026 0.219693
0.0302064 0.59933 0.0721683 0.0845819 0.213713
9.9973E-05 0.248269 9.9973E-05 0.751431 9.9973E-05
0.162129 0.400473 0.00667968 0.430619 9.9991E-05
0.0426992 0.401766 0.0785459 0.443336 0.0336531
9.9991E-05 0.367903 0.0207359 0.0442967 0.566965
0.0953245 0.57088 0.070734 0.135282 0.127779
0.0417735 0.193684 0.0151129 0.0968781 0.652552
0.0602136 0.625863 0.0175406 0.0565881 0.239794
0.0399186 0.55637 0.0179202 0.0431422 0.342649
0.0298624 0.598577 0.0443501 0.0834554 0.243755
0.0160813 0.302527 0.0579466 0.0105644 0.612881
0.0817983 0.636359 0.107641 0.106207 0.0679959
0.00466823 0.484513 0.0700428 0.157388 0.283388
9.9973E-05 9.9973E-05 9.9973E-05 0.990534 0.0091658
9.9982E-05 0.017183 9.9982E-05 0.940763 0.0418545
0.0949807 0.208446 0.100793 0.59568 9.9991E-05
9.9982E-05 0.337303 0.00475435 0.657743 9.9982E-05
0.0112623 0.086588 0.0215 0.84957 0.0310798
9.997E-05 9.997E-05 9.997E-05 0.9996 9.997E-05
0.0156105 9.9982E-05 0.0198574 0.964332 9.9982E-05
9.9973E-05 0.0873763 9.9973E-05 0.912324 9.9973E-05
0.0407869 9.9973E-05 9.9973E-05 0.958913 9.9973E-05
9.997E-05 9.997E-05 9.997E-05 0.9996 9.997E-05
9.997E-05 9.997E-05 9.997E-05 0.9996 9.997E-05
9.9982E-05 0.19429 0.0178392 0.787671 9.9982E-05
0.0232293 0.105255 0.0312104 0.840205 9.9991E-05
0.00147748 0.0095599 9.9982E-05 0.988763 9.9982E-05
0.0664078 0.366493 0.118134 0.417523 0.0314419
0.0588312 0.195274 0.0219516 0.679835 0.0441085
0.0102661 0.120817 0.0687977 0.80002 9.9991E-05
0.0569672 0.0428538 0.00803861 0.89204 9.9991E-05
9.9973E-05 0.0261251 9.9973E-05 0.973575 9.9973E-05
9.9973E-05 0.111 9.9973E-05 0.8887 9.9973E-05
9.9973E-05 9.9973E-05 9.9973E-05 0.988357 0.0113433
0.0817243 0.132536 0.0457285 0.684611 0.0554
0.0440837 0.0398173 9.9991E-05 0.888999 0.0270004
9.9982E-05 9.9982E-05 0.372886 0.0592061 0.567708
0.158087 0.511516 0.236002 0.0585797 0.0358157
0.064241 0.393346 0.218734 0.120053 0.203626
9.9991E-05 0.150434 0.300767 0.166701 0.381998
0.0925391 0.583346 0.135151 0.14063 0.0483334
9.9991E-05 0.168753 0.252754 0.178781 0.399612
9.9991E-05 0.509329 0.18619 0.0650464 0.239335
9.9991E-05 0.255106 0.129394 0.226343 0.389057
9.9991E-05 0.410537 0.169893 0.21304 0.206429
9.9991E-05 0.306124 0.252843 0.232078 0.208855
9.9991E-05 0.527643 0.209991 0.0872 0.175066
0.0855993 0.0394238 0.848009 9.9991E-05 0.0268674
9.9982E-05 9.9982E-05 0.915368 0.0710496 0.013382
0.00489263 9.9982E-05 0.976621 9.9982E-05 0.018286
9.9973E-05 0.0239845 0.975716 9.9973E-05 9.9973E-05
0.0772321 0.0226214 0.895594 0.00445204 9.9991E-05
9.9982E-05 9.9982E-05 0.878172 0.0871206 0.0345075
9.9973E-05 9.9973E-05 0.929416 0.0702841 9.9973E-05
0.00325856 0.000724837 0.890433 9.9991E-05 0.105484
9.9982E-05 0.0331388 0.961543 9.9982E-05 0.00511778
0.0318372 9.9991E-05 0.886756 0.0766706 0.00463653
0.221927 9.9982E-05 0.644953 9.9982E-05 0.13292
0.310778 9.9991E-05 0.606 0.0221137 0.0610088
0.313557 9.9982E-05 0.520121 9.9982E-05 0.166122
0.401966 9.9982E-05 0.488513 9.9982E-05 0.109321
0.185144 0.716855 0.0664021 9.9991E-05 0.0314989
0.0786893 0.553354 0.0281294 0.0741127 0.265715
0.184923 0.621379 9.9991E-05 0.0909605 0.102637
0.265166 0.507017 0.0265099 9.9991E-05 0.201206
0.692163 0.200562 9.9982E-05 9.9982E-05 0.107076
0.0903622 0.684363 0.0540077 0.0779109 0.093356
0.0952869 0.728972 0.0076772 0.019071 0.148993
0.104428 0.649884 9.9991E-05 0.00312415 0.242464
0.00600144 0.541956 9.9991E-05 0.00801562 0.443927
0.100922 0.788133 0.0257464 9.9991E-05 0.0850994
0.176909 0.540625 0.0114289 9.9991E-05 0.270937
0.0948248 0.0750737 9.9982E-05 9.9982E-05 0.829901
0.18626 0.612911 0.0692887 0.0615762 0.0699637
9.9973E-05 0.383283 9.9973E-05 9.9973E-05 0.616417
9.9973E-05 0.722287 9.9973E-05 9.9973E-05 0.277413
0.237508 0.267322 9.9982E-05 9.9982E-05 0.494971
0.755134 0.00744514 0.138999 9.9991E-05 0.0983221
0.739249 0.068936 0.104401 9.9991E-05 0.0873136
0.892865 9.9982E-05 0.0712278 9.9982E-05 0.0357073
0.773979 0.00786883 0.125245 9.9991E-05 0.0928069
0.870003 0.0508238 9.9991E-05 0.00948296 0.0695898
0.824045 0.0229106 0.0751934 0.0777512 9.9991E-05
9.9982E-05 0.0858161 0.884782 0.029202 9.9982E-05
0.0614373 0.0132985 0.845729 0.0794355 9.9991E-05
9.9982E-05 0.10868 0.779569 0.111551 9.9982E-05
0.0668385 0.0387047 0.771461 0.122896 9.9991E-05
0.0461239 0.0750825 0.806268 0.0724253 9.9991E-05
0.583873 9.9982E-05 0.370112 9.9982E-05 0.0458149
0.427613 9.9982E-05 0.466441 9.9982E-05 0.105746
0.484068 0.0228469 0.411895 9.9991E-05 0.0810903
0.0340961 0.0684323 0.81149 0.0858814 9.9991E-05
0.589105 9.9982E-05 0.355671 9.9982E-05 0.0550239
9.9991E-05 0.22638 0.224085 0.422004 0.127431
0.0770111 0.514213 0.103494 0.284333 0.0209486
9.9982E-05 0.473309 0.195056 0.331435 9.9982E-05
9.9991E-05 0.305322 0.311807 0.274943 0.107829
0.0198529 0.433605 0.17254 0.244031 0.129972
9.9982E-05 9.9982E-05 0.465443 0.34282 0.191537
0.295383 0.528317 9.9991E-05 0.00973401 0.166466
0.250994 0.397725 0.0232151 0.0649015 0.263165
0.579762 0.288721 0.079785 0.0469031 0.00482874
0.130154 0.562269 9.9991E-05 0.0368398 0.270637
0.16134 9.9973E-05 9.9973E-05 9.9973E-05 0.83836
0.123811 0.608758 0.10779 0.127903 0.0317383
0.101345 0.575204 9.9991E-05 0.108462 0.214889
0.372027 0.389218 0.0956236 9.9991E-05 0.143031
0.246176 0.483298 0.101519 0.118231 0.0507761
0.339423 0.185753 9.9991E-05 0.0135083 0.461215
0.173134 0.503125 9.9991E-05 0.0828476 0.240794
0.353962 0.578023 0.0347838 0.0331307 9.9991E-05
0.18546 0.426923 0.125987 0.245071 0.0165597
0.250656 0.450865 9.9991E-05 0.0613007 0.237078
0.27497 0.513978 9.9991E-05 0.0808356 0.130116
0.0851862 0.524064 0.0240668 0.160666 0.206017
0.167304 0.612738 0.0173736 0.0129642 0.18962
0.163257 0.679352 0.0266787 0.106959 0.0237539
0.280234 0.54726 0.0493739 0.0888454 0.0342859
0.142324 0.607602 0.144754 0.104099 0.00122127
9.9982E-05 0.160323 0.778891 0.0605863 9.9982E-05
9.9991E-05 0.0757381 0.854722 0.0361376 0.033302
0.0512009 0.0881117 0.791276 9.9991E-05 0.0693116
0.061097 0.0497565 0.787435 0.0489692 0.0527422
9.9973E-05 0.138272 0.861428 9.9973E-05 9.9973E-05
0.677972 0.177243 9.9991E-05 0.0651031 0.0795824
0.234672 0.413786 9.9991E-05 0.217983 0.13346
0.0395479 0.392114 0.163437 0.230976 0.173925
0.194729 0.665182 9.9991E-05 0.0837553 0.0562346
0.295468 0.560244 9.9991E-05 0.0513512 0.092837
0.375227 0.294632 0.0124007 0.0880498 0.229691
0.687969 0.0189277 0.115988 9.9991E-05 0.177015
0.369365 0.562553 0.0583418 0.00964054 9.9991E-05
0.526187 0.194141 0.0489218 0.0573376 0.173413
0.197715 0.46105 0.0396323 0.104317 0.197286
0.597134 0.150934 0.0762865 0.0509413 0.124704
0.255495 0.471219 0.0597483 0.213437 9.9991E-05
0.573829 0.200121 0.0862465 0.0677693 0.0720335
0.320892 0.309782 0.0225737 0.144915 0.201838
0.0441246 0.50584 0.0717145 0.125532 0.252789
0.0498222 0.284488 0.0412654 0.0774361 0.546989
0.0167243 0.616195 0.071047 0.0655219 0.230512
9.9982E-05 0.650146 0.200585 9.9982E-05 0.149069
0.0679795 0.407155 0.0488579 0.00751305 0.468494
0.0413044 0.415519 0.023127 0.211156 0.308893
9.9982E-05 0.626571 0.0937024 9.9982E-05 0.279527
0.118982 0.166242 9.9982E-05 9.9982E-05 0.714576
9.9991E-05 0.344083 0.0159318 0.00564252 0.634243
0.102788 0.545908 0.0305066 0.0301721 0.290625
0.105744 0.242346 0.0340819 9.9991E-05 0.617728
0.0805761 0.551626 0.0634104 9.9991E-05 0.304287
0.666524 0.201128 0.00718243 0.0349176 0.0902482
0.371136 0.244465 9.9991E-05 0.0936423 0.290657
0.461484 0.332812 9.9991E-05 0.137559 0.0680446
0.227635 0.6473 0.00506952 0.119896 9.9991E-05
0.556669 0.343997 9.9982E-05 9.9982E-05 0.099134
0.240793 0.444788 0.0405854 0.163333 0.1105
0.211608 0.549744 0.0742327 0.164315 9.9991E-05
0.192201 0.559646 0.0507766 0.079104 0.118272
0.319194 0.412008 0.0244615 0.188527 0.0558094
0.374115 0.446469 0.043951 0.0766805 0.0587845
0.51016 0.271675 9.9991E-05 0.104768 0.113296
0.475143 0.345972 9.9991E-05 0.131045 0.0477404
0.21761 0.661079 9.9991E-05 0.100334 0.0208772
0.208565 0.551733 0.0446578 0.149518 0.0455267
0.281415 0.394232 0.0557805 0.0766985 0.191874
0.233086 0.542914 9.9991E-05 0.102928 0.120971
0.443469 0.356922 9.9991E-05 0.18995 0.00955988
0.31166 0.581248 9.9991E-05 0.103541 0.0034503
0.304312 0.498877 0.0813339 0.109661 0.00581616
0.154129 0.535849 0.116247 0.125085 0.0686892
9.9991E-05 0.408876 0.388713 0.167364 0.0349467
0.011846 0.445496 0.121903 0.305383 0.115372
0.078066 0.461403 0.124292 0.214724 0.121515
0.111366 0.562934 9.9991E-05 0.218214 0.107386
9.9991E-05 0.483391 0.212941 0.236707 0.0668618
0.192699 0.526507 9.9991E-05 0.0483767 0.232318
0.0267077 0.591789 0.233033 0.14837 9.9991E-05
9.9991E-05 0.0046233 0.299361 0.156193 0.539723
0.158349 0.516115 0.0750983 0.20073 0.0497071
0.00871339 0.524373 0.193713 0.232448 0.0407519
0.133085 0.51647 0.0828706 0.245985 0.0215899
0.0977308 0.284076 0.200076 0.150833 0.267284
0.0303901 0.576608 0.210118 0.16412 0.0187633
9.9991E-05 0.596099 0.197307 0.179945 0.0265484
9.9982E-05 9.9982E-05 0.487718 0.223486 0.288597
0.0241558 0.510082 0.176663 0.288999 9.9991E-05
0.0747483 0.420421 0.129203 0.343724 0.0319036
9.9991E-05 0.598432 0.121643 0.149886 0.129939
9.9991E-05 0.540732 0.189884 0.250688 0.0185968
0.0714421 0.485077 0.262109 0.17691 0.0044615
0.0930933 0.383194 0.0181434 0.172212 0.333356
0.0869942 0.524724 0.109824 0.0857317 0.192726
0.0703456 0.146544 9.9991E-05 0.00415995 0.77885
0.0684159 0.103932 9.9982E-05 9.9982E-05 0.827452
9.9991E-05 0.581281 0.103953 0.0609922 0.253673
0.0355349 0.433926 0.129133 0.349424 0.0519816
9.9991E-05 0.336209 0.0992263 0.392857 0.171608
9.9991E-05 0.15492 0.270564 0.286849 0.287567
9.9991E-05 0.367326 0.230499 0.282245 0.11983
9.9991E-05 0.0460932 0.0657609 0.201207 0.686839
9.9991E-05 0.17514 0.0673025 0.197002 0.560456
9.9982E-05 0.581042 9.9982E-05 0.129496 0.289262
9.9991E-05 0.498518 0.0703371 0.148091 0.282954
9.9991E-05 0.24676 0.114334 0.130242 0.508564
0.078891 0.493319 0.121711 0.100178 0.205901
9.9991E-05 0.478387 0.0357951 0.193202 0.292516
0.181378 0.411349 0.0429029 0.225429 0.138941
0.04894 0.420241 0.0752422 9.9991E-05 0.455477
0.0568261 0.453222 9.9991E-05 0.051305 0.438547
0.103514 0.557749 9.9991E-05 0.121545 0.217092
0.0953616 0.3674 0.0809366 0.124411 0.33189
0.104339 0.513694 0.0583508 0.114757 0.208859
0.0174726 0.567985 0.0187876 9.9991E-05 0.395655
0.0210088 0.317992 0.0212145 9.9991E-05 0.639684
9.9991E-05 0.608129 0.0800152 0.0580949 0.253661
0.0990243 0.318018 9.9991E-05 0.0113616 0.571496
0.0183532 0.510207 9.9991E-05 0.0656421 0.405697
0.0691157 0.615434 0.0356749 0.127226 0.152549
0.050918 0.435431 0.0626536 0.0692687 0.381729
9.9991E-05 0.463329 0.176206 0.212318 0.148048
0.080149 0.467101 0.134164 0.144362 0.174224
0.0852839 0.290526 0.177843 0.280921 0.165426
0.136021 0.289849 0.144357 0.27986 0.149912
0.0544137 0.454791 0.20715 0.161006 0.122639
0.0128151 0.367424 0.148295 0.234492 0.236974
9.9982E-05 9.9982E-05 0.191793 0.203674 0.604333
0.0382946 0.447872 0.119364 0.282459 0.11201
9.9982E-05 9.9982E-05 0.3882 0.15733 0.45427
9.9991E-05 0.52055 0.0449388 0.282808 0.151603
9.9973E-05 0.218383 9.9973E-05 9.9973E-05 0.781317
0.0228566 0.0897145 9.9982E-05 9.9982E-05 0.887229
9.9982E-05 0.553869 9.9982E-05 0.0206651 0.425266
9.9991E-05 0.645968 0.00335473 0.118355 0.232222
9.9973E-05 0.533323 9.9973E-05 9.9973E-05 0.466377
0.00877654 0.590706 9.9991E-05 0.0968991 0.303518
9.9982E-05 0.656651 9.9982E-05 0.000102334 0.343047
9.9991E-05 0.0810445 0.838034 0.0326778 0.0481435
0.141407 9.9991E-05 0.718679 0.121084 0.01873
0.0520663 9.9982E-05 0.889986 0.0577481 9.9982E-05
9.9973E-05 0.0639191 0.935781 9.9973E-05 9.9973E-05
0.0533124 0.677292 0.0674758 0.00322522 0.198695
0.040754 0.667903 0.0799476 0.0101392 0.201256
0.0958852 0.721631 0.0212891 9.9991E-05 0.161095
0.0787417 0.729624 0.127096 0.0232586 0.0412794
0.0323118 0.544216 0.139148 0.10148 0.182844
0.137201 0.40037 9.9982E-05 9.9982E-05 0.462228
0.0636145 0.745396 0.0369133 0.0127324 0.141344
0.00250307 0.569074 0.00250255 9.9991E-05 0.42582
0.0307847 0.463054 0.26188 0.206565 0.0377158
0.0654722 0.52991 9.9991E-05 0.0626172 0.341901
0.222706 0.530814 9.9982E-05 9.9982E-05 0.246281
0.0150059 0.702866 9.9982E-05 9.9982E-05 0.281929
0.110351 0.564356 9.9982E-05 9.9982E-05 0.325093
9.9973E-05 0.795942 9.9973E-05 9.9973E-05 0.203759
0.0681117 0.703142 0.0610945 0.0148582 0.152794
9.9973E-05 0.301221 9.9973E-05 9.9973E-05 0.698479
0.0894876 0.412596 9.9991E-05 0.0551206 0.442696
0.103478 0.544 9.9982E-05 9.9982E-05 0.352322
9.9973E-05 0.0882488 9.9973E-05 9.9973E-05 0.911451
0.254781 0.592524 9.9991E-05 0.00900484 0.14359
0.00845569 0.348865 0.00462459 9.9991E-05 0.637955
0.079704 0.128763 0.0122086 9.9991E-05 0.779225
0.0170821 0.710909 0.0178671 0.0517825 0.202359
0.189348 0.447646 0.0123819 9.9991E-05 0.350524
0.171134 0.563142 9.9991E-05 0.0590115 0.206612
0.00653314 0.696039 0.127477 0.0544272 0.115523
0.158069 0.68485 9.9982E-05 9.9982E-05 0.156882
0.208759 0.388229 9.9991E-05 0.0853188 0.317593
0.13556 0.621859 0.0244088 0.0683763 0.149795
0.168861 0.597166 0.0385046 0.0641971 0.131272
0.00818267 0.523807 9.9982E-05 9.9982E-05 0.46781
0.166619 0.540563 0.0209715 9.9991E-05 0.271746
0.310273 0.000236811 0.649363 9.9991E-05 0.0400269
0.143013 0.034698 0.76773 9.9991E-05 0.0544593
0.116549 9.9982E-05 0.824484 9.9982E-05 0.0587673
0.155852 9.9982E-05 0.795065 9.9982E-05 0.048883
0.239396 0.0423411 0.718063 9.9982E-05 9.9982E-05
0.261885 0.36965 0.00788578 9.9991E-05 0.360479
0.154362 0.304899 0.0687278 9.9991E-05 0.471911
9.9973E-05 0.357079 9.9973E-05 9.9973E-05 0.642621
0.112912 0.556724 9.9991E-05 0.143721 0.186543
0.0370392 0.556874 0.137106 0.128612 0.140369
9.9982E-05 0.52397 0.0499533 9.9982E-05 0.425877
0.00653033 0.719877 9.9991E-05 0.114924 0.158569
9.9982E-05 0.556083 0.0926074 9.9982E-05 0.351109
0.0353273 0.662119 0.0358064 0.0237654 0.242982
0.0303156 0.808364 0.049364 0.0123898 0.0995663
0.172385 0.43864 9.9982E-05 9.9982E-05 0.388775
0.171414 0.589365 9.9982E-05 9.9982E-05 0.239022
0.281241 0.536284 9.9982E-05 9.9982E-05 0.182275
0.00806997 0.645082 0.202391 9.9991E-05 0.144357
0.102481 0.596329 0.043465 9.9991E-05 0.257625
0.107352 0.585227 0.0399249 9.9991E-05 0.267396
0.0202376 0.363762 0.0756984 0.485218 0.0550834
0.0577176 0.308206 0.135983 0.474492 0.023602
9.9982E-05 0.468923 0.122286 0.408592 9.9982E-05
9.9991E-05 0.298225 0.105408 0.513356 0.0829105
9.9991E-05 0.494948 0.165212 0.332092 0.0076478
9.9991E-05 0.590853 0.0189759 0.0576658 0.332405
0.026241 0.0347586 0.258757 0.680143 9.9991E-05
0.0538302 0.343186 0.161389 0.441495 9.9991E-05
9.9991E-05 0.430563 0.200068 0.200642 0.168627
9.9982E-05 0.588512 0.238169 9.9982E-05 0.173119
0.145578 0.513341 0.155538 0.0326577 0.152886
0.164276 0.514737 0.117911 0.102383 0.100694
9.9982E-05 0.660168 0.206872 9.9982E-05 0.132761
9.9982E-05 0.303652 0.172209 0.523939 9.9982E-05
0.0750508 0.386338 0.143361 0.39515 9.9991E-05
9.9982E-05 0.435014 0.0738317 0.490954 9.9982E-05
0.152808 0.424552 0.0950213 0.327519 9.9991E-05
9.9991E-05 0.213819 0.118913 0.56439 0.102779
0.100343 0.32355 0.117176 0.394749 0.0641824
0.0233487 0.144376 0.127206 0.615626 0.0894431
0.0981464 0.308675 0.038557 0.527439 0.0271827
0.0010542 0.644194 0.161753 9.9991E-05 0.192899
0.105049 0.344155 0.106069 0.360859 0.0838681
9.9982E-05 0.170573 0.210106 0.619121 9.9982E-05
0.109567 0.445856 0.0855974 0.298208 0.0607704
0.317084 0.253161 0.225814 9.9991E-05 0.203842
0.121626 0.53198 0.0193192 0.177759 0.149316
0.0795042 0.407363 0.142014 0.371018 9.9991E-05
0.010971 0.642107 0.160644 0.0778626 0.108415
0.0612008 0.495651 0.191423 0.0448344 0.206891
0.0977814 0.297698 0.15076 0.350291 0.10347
0.0699342 0.31776 0.225322 0.317236 0.0697477
0.0227329 0.563581 0.0345792 0.241351 0.137757
9.9991E-05 0.341858 0.128556 0.440745 0.0887405
0.00513581 0.451342 0.0493543 0.494068 9.9991E-05
0.0784271 0.107178 0.158309 0.655985 9.9991E-05
0.00690634 0.561284 0.122021 0.0981621 0.211626
0.0411867 0.544508 0.153808 9.9991E-05 0.260397
0.0128998 0.188184 0.170166 0.0693406 0.559409
0.0974464 0.60166 0.222236 9.9991E-05 0.0785579
0.225148 0.494867 0.0970308 0.0875093 0.0954447
0.0463428 0.506615 0.248591 0.163593 0.0348577
0.0991772 0.41307 0.161321 0.149741 0.176692
9.9982E-05 9.9982E-05 0.366705 0.228035 0.40506
9.9982E-05 9.9982E-05 0.366351 0.149074 0.484375
0.034607 0.247531 0.203605 0.188905 0.325352
0.0382102 9.9991E-05 0.354782 0.25715 0.349758
9.9982E-05 9.9982E-05 0.482054 0.218683 0.299063
0.0408402 0.352303 0.122858 0.202835 0.281164
9.9991E-05 0.36255 0.223437 0.218385 0.195528
0.0423996 0.213158 0.332431 0.172042 0.23997
9.9982E-05 9.9982E-05 0.337674 0.239003 0.423124
9.9991E-05 0.466808 0.124873 0.202158 0.206061
9.9991E-05 0.126716 0.241231 0.170914 0.461038
9.9982E-05 9.9982E-05 0.496484 0.083782 0.419534
0.147499 0.449397 0.125841 0.277163 9.9991E-05
0.0945067 0.314282 0.168851 0.326545 0.0958154
0.0342017 0.416528 0.349929 0.177985 0.021357
9.9982E-05 0.52559 0.156936 0.317275 9.9982E-05
0.0405662 0.573538 0.199793 0.186002 9.9991E-05
0.0322939 0.507652 0.18255 0.277404 9.9991E-05
0.00858964 0.34628 0.387401 0.25763 9.9991E-05
9.9991E-05 0.568016 0.169256 0.241287 0.0213406
9.9982E-05 0.500843 0.276477 0.22248 9.9982E-05
0.0364456 0.335687 0.198268 0.294035 0.135564
0.103797 0.409551 0.170362 0.10103 0.21526
0.0838426 0.636194 0.151768 0.128095 9.9991E-05
0.0915509 0.467973 0.162946 0.240635 0.0368959
0.064199 0.576297 0.108038 0.161789 0.0896765
9.9991E-05 0.343192 0.30919 0.290379 0.0571398
0.00814471 0.559474 0.199584 0.158276 0.0745212
9.9991E-05 0.0709313 0.39709 0.29853 0.233349
0.0311344 0.577145 0.118265 0.220537 0.0529193
9.9991E-05 0.174245 0.319721 0.30624 0.199694
0.138488 0.0124956 0.787989 0.00615376 0.0548744
0.816965 0.0559047 0.0463101 0.0512206 0.0295993
0.9996 9.997E-05 9.997E-05 9.997E-05 9.997E-05
0.9996 9.997E-05 9.997E-05 9.997E-05 9.997E-05
0.9996 9.997E-05 9.997E-05 9.997E-05 9.997E-05
0.948807 9.9973E-05 9.9973E-05 0.0508931 9.9973E-05
0.921332 0.0783678 9.9973E-05 9.9973E-05 9.9973E-05
0.979851 9.9973E-05 0.0198487 9.9973E-05 9.9973E-05
0.806357 9.9973E-05 0.193343 9.9973E-05 9.9973E-05
0.0154942 0.0210982 0.952595 0.010713 9.9991E-05
0.128786 0.0463924 0.818737 0.00598462 9.9991E-05
9.9991E-05 0.0461362 0.879345 0.0167574 0.057661
0.149204 0.0296683 0.820927 9.9982E-05 9.9982E-05
0.0477954 0.00908259 0.881657 0.0613654 9.9991E-05
0.0839797 9.9991E-05 0.88963 0.012737 0.0135538
0.0445574 0.0368778 0.758517 0.117028 0.0430203
9.9982E-05 9.9982E-05 0.85509 0.0881903 0.0565195
0.0987488 0.155672 0.739842 9.9991E-05 0.00563662
9.9982E-05 0.0300724 0.906507 0.0632207 9.9982E-05
0.000409963 9.9991E-05 0.965105 0.00545807 0.028927
0.0787688 0.0274323 0.839636 0.0467099 0.00745332
0.0349512 9.9982E-05 0.958349 0.00649954 9.9982E-05
9.9982E-05 0.0501778 0.938682 0.0109406 9.9982E-05
0.0184184 0.0676884 0.86096 0.0528331 9.9991E-05
9.9982E-05 0.123241 0.850123 0.0264362 9.9982E-05
9.9982E-05 0.0752365 0.773337 0.151226 9.9982E-05
9.9982E-05 0.116937 0.78466 0.0982031 9.9982E-05
9.9982E-05 0.102164 0.829253 0.0683834 9.9982E-05
0.0914127 0.45059 0.183252 0.0363385 0.238407
9.9982E-05 0.808599 0.104448 9.9982E-05 0.0867528
0.117573 0.642326 0.110384 0.0850366 0.0446802
0.0123113 0.109404 0.0991268 0.0616859 0.717472
0.178828 0.522388 0.167597 0.0368511 0.0943361
9.9991E-05 0.139563 0.215792 0.0246509 0.619893
0.0465136 0.669906 0.135181 0.0138438 0.134555
0.160605 0.514474 0.155988 9.9991E-05 0.168833
0.125138 0.534394 0.0855322 0.0551342 0.199802
0.0773671 0.692274 0.0306463 9.9991E-05 0.199613
0.147749 0.497541 0.157064 9.9991E-05 0.197545
0.0666089 0.663731 0.0941916 0.0178894 0.157579
0.155267 0.625173 0.137051 9.9991E-05 0.0824089
0.481341 0.0812882 9.9991E-05 0.0869674 0.350304
0.0662717 9.9991E-05 0.105085 0.00291577 0.825628
0.10141 0.134927 0.11693 0.0700292 0.576705
0.0985431 0.631469 0.129843 0.106271 0.0338736
9.9991E-05 0.543647 0.172819 0.0775098 0.205924
0.0161211 0.555745 0.175251 9.9991E-05 0.252783
9.9991E-05 0.71872 0.1458 0.0832676 0.0521119
9.9991E-05 0.458418 0.21897 0.245269 0.0772431
0.0169998 0.590168 0.199066 0.193666 9.9991E-05
0.124191 0.149467 0.469713 0.141992 0.114638
0.056821 0.643549 0.186521 0.0586438 0.0544655
0.110775 0.501069 0.256365 0.100545 0.0312454
9.9982E-05 9.9982E-05 0.445482 0.203585 0.350732
9.9991E-05 0.324903 0.300296 0.257854 0.116848
0.0623659 0.301336 0.394941 0.188205 0.0531514
0.116478 0.431065 0.385109 0.0672486 9.9991E-05
0.126609 0.490258 0.150622 0.198618 0.0338932
9.9982E-05 0.548933 0.276001 0.174865 9.9982E-05
0.115222 0.556388 0.144541 0.17835 0.00549843
0.0646275 0.374034 0.186382 0.189213 0.185743
9.9991E-05 0.352784 0.467927 0.147011 0.0321776
