0.917106 9.9982E-05 0.0527764 9.9982E-05 0.0299179
0.941374 9.9973E-05 0.0583258 9.9973E-05 9.9973E-05
0.846937 9.9991E-05 0.0246631 0.101795 0.0265053
0.728848 9.9991E-05 0.11643 0.0317108 0.122911
0.867558 9.9982E-05 9.9982E-05 0.0938667 0.0383754
0.626856 0.0998775 0.109408 0.150177 0.0136816
0.848248 0.100608 0.050944 9.9982E-05 9.9982E-05
0.72184 0.101052 0.146449 9.9991E-05 0.0305584
0.845173 0.116308 0.0383188 9.9982E-05 9.9982E-05
0.739826 0.0688687 0.0532938 0.0957895 0.0422223
0.79045 0.0677566 0.118399 0.0232951 9.9991E-05
9.999E-05 0.0674516 0.52229 0.337802 0.0723565
0.0244758 9.9991E-05 0.27615 0.629259 0.0700143
0.019714 0.0810238 0.516078 0.291248 0.0919359
0.0210994 0.0611314 0.407868 0.322699 0.187203
0.138738 0.00226304 0.212198 0.530438 0.116363
0.054387 0.00942837 0.191953 0.570782 0.17345
0.0374757 0.151746 0.260234 0.452107 0.0984384
0.117714 0.0739907 0.339451 0.361145 0.107699
0.0305205 0.12692 0.705151 0.0776928 0.0597164
9.999E-05 0.149378 0.323705 0.435136 0.0916816
0.0856325 0.230315 0.146825 0.486116 0.051111
0.0499868 0.141283 0.15903 0.6496 9.9991E-05
0.0277228 0.17477 0.364497 0.326081 0.106929
0.15412 0.0197801 0.0882426 0.713299 0.0245584
0.0401666 0.0282987 0.235446 0.660165 0.035924
0.0426051 0.0752178 0.529876 0.280014 0.0722874
9.9991E-05 0.128108 0.412705 0.260052 0.199035
9.9991E-05 0.139218 0.498308 0.308037 0.054337
0.841574 9.9982E-05 9.9982E-05 0.115863 0.0423624
0.851297 9.9973E-05 9.9973E-05 0.148403 9.9973E-05
0.815369 9.9991E-05 0.0206592 0.129867 0.0340044
0.759134 9.9982E-05 9.9982E-05 0.161238 0.0794278
0.0994329 0.207028 0.0883243 0.605115 9.9991E-05
0.111976 0.173077 0.111592 0.603254 9.9991E-05
9.9982E-05 0.327519 9.9982E-05 0.659441 0.0128397
0.0729519 0.0706744 0.613956 0.239816 0.00260164
0.0181614 0.454232 0.0286533 0.498853 9.9991E-05
0.0261842 0.187168 0.104998 0.65088 0.0307699
0.06498 0.197222 9.9982E-05 0.737598 9.9982E-05
0.120745 0.182675 0.0281705 0.634765 0.0336449
0.124372 0.0291398 0.145174 0.687221 0.0140941
9.9982E-05 0.48973 0.210461 0.299609 9.9982E-05
0.0200341 0.277447 0.024005 0.523021 0.155493
0.024185 0.211844 0.0667464 0.666529 0.0306946
0.185468 0.1404 0.0384696 0.537775 0.0978877
9.9982E-05 0.497616 9.9982E-05 0.501322 0.000862513
0.0481436 0.171206 9.9991E-05 0.772868 0.00768263
0.126208 0.16985 0.010228 0.648083 0.0456312
0.0991192 0.873771 0.021445 0.0055645 9.9991E-05
9.9982E-05 0.243761 0.483446 0.272593 9.9982E-05
9.9991E-05 0.561717 0.255631 0.0908083 0.0917435
0.133072 0.00464002 0.154546 0.597901 0.109841
0.0708858 0.109745 0.0303173 0.669903 0.119148
0.025951 0.0769018 0.180076 0.583906 0.133165
0.147166 0.268175 0.364908 0.219651 9.9991E-05
9.9991E-05 0.0737249 0.249478 0.648017 0.0286802
0.0590894 0.0266727 0.180172 0.563305 0.170761
0.120135 0.217461 0.212122 0.391782 0.0584995
0.165377 0.262119 0.364221 0.111504 0.096779
0.047548 0.0726048 0.215108 0.576436 0.0883036
0.0227902 0.103984 0.294122 0.417696 0.161408
0.0698216 0.280293 0.557778 0.0920074 9.9991E-05
9.9982E-05 0.132715 0.277465 0.58962 9.9982E-05
0.0719184 0.158814 0.0692834 0.644102 0.0558831
0.121674 0.037864 0.165174 0.611443 0.0638454
0.0264022 0.296713 0.26268 0.346566 0.067639
0.0404145 0.228336 0.0842426 0.596904 0.0501026
9.9991E-05 0.113647 0.200285 0.603873 0.0820942
0.00278758 0.281813 0.46812 0.24718 9.9991E-05
9.9982E-05 0.190539 0.14776 0.661501 9.9982E-05
9.9982E-05 0.43019 0.160765 0.408845 9.9982E-05
0.0967106 0.124496 0.0974223 0.623169 0.0582022
9.9973E-05 0.812177 9.9973E-05 0.187523 9.9973E-05
9.9982E-05 0.758229 0.0494709 0.1921 9.9982E-05
9.9973E-05 0.513203 9.9973E-05 0.486497 9.9973E-05
9.9982E-05 0.248517 0.147317 0.603966 9.9982E-05
0.100842 0.0867162 0.0315357 0.728739 0.0521672
9.9991E-05 0.356725 0.0714743 0.553901 0.0177997
0.0269377 0.32286 0.247982 0.402121 9.9991E-05
0.00718494 0.287871 0.30818 0.391682 0.00508148
0.107312 0.130162 0.0659563 0.612319 0.0842503
0.0088938 0.407179 0.0848209 0.471794 0.0273124
0.0222167 0.262369 0.150567 0.564747 9.9991E-05
9.9973E-05 0.451472 9.9973E-05 0.548228 9.9973E-05
0.0104038 0.822441 0.0340514 0.133004 9.9991E-05
0.0140964 0.174282 0.0478091 0.64149 0.122323
0.808236 9.9991E-05 0.028679 0.136558 0.0264268
0.899845 9.9973E-05 9.9973E-05 0.0998552 9.9973E-05
0.886229 9.9982E-05 9.9982E-05 0.0808358 0.032735
0.910058 9.9982E-05 9.9982E-05 0.0878435 0.00189835
0.902242 9.9982E-05 9.9982E-05 0.089594 0.00796354
0.914095 9.9982E-05 0.0016892 0.0840155 9.9982E-05
0.941099 9.9973E-05 9.9973E-05 0.0586013 9.9973E-05
0.0660866 0.193733 0.122165 0.49505 0.122965
0.0866075 0.223067 0.0568192 0.58848 0.0450265
9.9982E-05 0.649732 0.114516 0.235552 9.9982E-05
0.0893937 0.123059 0.0342448 0.649048 0.104254
0.0383854 0.231185 0.122568 0.607762 9.9991E-05
0.142642 0.195177 9.9991E-05 0.653608 0.00847239
0.0935686 0.293367 0.00688111 0.598985 0.00719801
9.9982E-05 0.319482 9.9982E-05 0.575639 0.104679
0.00410209 0.62341 0.276911 0.0954764 9.9991E-05
0.144163 0.102271 0.126744 0.61784 0.00898132
0.0326119 0.145028 0.0997629 0.679202 0.0433956
0.101755 0.169395 0.0377165 0.596153 0.0949806
9.9991E-05 0.514707 0.0389004 0.404368 0.0419248
0.0268199 0.350623 9.9982E-05 0.622357 9.9982E-05
0.0316712 0.19377 0.162127 0.612332 9.9991E-05
9.9982E-05 0.482334 9.9982E-05 0.451795 0.0656714
0.0648828 0.220558 0.14509 0.569369 9.9991E-05
0.18785 0.111834 0.0654253 0.606455 0.0284364
0.00294565 0.290984 0.347604 0.272596 0.0858705
0.102216 9.9991E-05 0.372726 0.477449 0.0475095
0.154814 0.0504439 0.163831 0.572889 0.0580223
0.0614632 0.15627 0.113633 0.478522 0.190112
0.0477856 9.9991E-05 0.335749 0.613918 0.00244736
0.000497312 0.00726231 0.300569 0.610414 0.0812571
9.9982E-05 9.9982E-05 0.450278 0.525602 0.0239201
0.162737 0.105361 0.161755 0.553519 0.016628
0.0642189 0.0175377 0.178723 0.690758 0.0487617
0.0631053 0.0819177 0.209388 0.645489 9.9991E-05
0.0282822 0.00128328 0.382107 0.545851 0.0424772
0.0306965 0.0958197 0.103304 0.624573 0.145608
0.0517454 0.117916 0.144739 0.5795 0.1061
9.9991E-05 0.0164231 0.234592 0.671748 0.0771371
0.0790697 0.101676 0.0748137 0.61501 0.12943
9.9991E-05 0.0472791 0.219296 0.604741 0.128584
0.0842958 0.15544 0.329284 0.410744 0.0202358
9.9982E-05 9.9982E-05 0.162877 0.691989 0.144934
0.0358416 0.00607507 0.198618 0.69675 0.0627153
9.9991E-05 0.192141 0.44085 0.284668 0.0822405
0.000155465 0.485058 0.250864 0.159833 0.104089
0.0134575 0.08232 0.209753 0.592055 0.102415
9.9991E-05 0.478532 0.3495 0.11362 0.0582477
0.0403088 0.192024 0.414938 0.352629 9.9991E-05
9.9982E-05 0.207307 0.291798 0.500695 9.9982E-05
0.0275206 0.0953323 0.471707 0.405341 9.9991E-05
9.9991E-05 0.124697 0.495008 0.304511 0.0756838
0.100796 0.0433736 0.130964 0.724766 9.9991E-05
0.0927796 0.0232681 0.235649 0.503357 0.144946
0.142286 0.0596232 0.161144 0.636847 9.9991E-05
9.9991E-05 0.364722 0.429814 0.101951 0.103413
0.176654 0.136872 0.0795745 0.584281 0.0226192
0.11787 0.258019 0.104872 0.447412 0.0718269
0.199836 0.625575 0.153379 0.0211098 9.9991E-05
0.109213 0.18831 9.9991E-05 0.678601 0.023775
0.114773 0.371176 0.00962704 0.488344 0.0160807
0.040224 0.213248 0.0917563 0.445555 0.209217
0.154423 0.484908 0.100343 0.260225 9.9991E-05
0.1088 0.455683 0.194702 0.240715 9.9991E-05
0.0735253 0.29289 0.129805 0.496643 0.00713687
0.0866198 0.133525 0.0735243 0.615352 0.0909799
0.0931779 0.288053 0.132019 0.375103 0.111647
0.0708045 0.555212 0.137297 0.0476902 0.188996
0.145794 0.15307 0.0536573 0.593721 0.0537568
9.9982E-05 0.404473 0.0846306 0.510697 9.9982E-05
9.9991E-05 0.356922 0.170042 0.466726 0.00621005
0.117809 0.137324 0.0941309 0.602595 0.0481413
0.347872 0.230413 9.9991E-05 0.132493 0.289122
0.625898 0.220428 9.9982E-05 9.9982E-05 0.153474
0.510913 0.330699 9.9982E-05 9.9982E-05 0.158188
0.369659 0.119741 0.0748442 0.0674521 0.368303
9.9982E-05 0.240997 9.9982E-05 0.758303 0.000499756
0.0493199 0.144052 0.115533 0.576655 0.11444
9.9982E-05 9.9982E-05 0.0166653 0.294272 0.688863
0.0210546 9.9991E-05 0.163179 0.318214 0.497453
0.120159 0.0944524 0.0184848 0.449921 0.316982
0.0339619 0.542259 0.0033291 0.386096 0.0343539
0.0484475 0.22071 0.0395501 0.523275 0.168017
0.0414567 0.657238 0.0236156 0.23366 0.0440301
0.0511089 0.26556 9.9991E-05 0.623082 0.0601488
0.0219869 0.278282 0.114923 0.534096 0.0507119
0.0417167 0.271479 9.9991E-05 0.582247 0.104458
0.021596 0.648615 0.0504242 0.243774 0.0355909
0.0387223 0.170693 9.9991E-05 0.642192 0.148293
0.0719417 0.267357 9.9991E-05 0.55007 0.110531
9.9982E-05 9.9982E-05 0.00946681 0.00886253 0.981471
9.9982E-05 0.000920974 9.9982E-05 0.0907355 0.908144
0.0382919 0.0284582 0.0597535 0.241987 0.631509
9.9973E-05 9.9973E-05 9.9973E-05 0.306245 0.693455
9.9982E-05 9.9982E-05 0.00669789 0.126767 0.866336
9.997E-05 9.997E-05 9.997E-05 9.997E-05 0.9996
9.9973E-05 9.9973E-05 0.0375141 9.9973E-05 0.962186
9.9973E-05 9.9973E-05 9.9973E-05 0.10404 0.89566
9.9982E-05 9.9982E-05 0.00383147 0.0401534 0.955815
9.997E-05 9.997E-05 9.997E-05 9.997E-05 0.9996
9.997E-05 9.997E-05 9.997E-05 9.997E-05 0.9996
0.027933 0.0200001 0.00632968 0.159806 0.785931
0.0260073 9.9991E-05 0.0441563 0.164591 0.765146
9.997E-05 9.997E-05 9.997E-05 9.997E-05 0.9996
0.0454559 0.131022 9.9991E-05 0.425388 0.398035
0.0866292 9.9991E-05 0.0267502 0.206039 0.680482
0.0651757 9.9982E-05 9.9982E-05 0.183739 0.750885
0.0278684 9.9982E-05 9.9982E-05 0.145273 0.826658
9.997E-05 9.997E-05 9.997E-05 9.997E-05 0.9996
0.0413019 9.9982E-05 9.9982E-05 0.0616042 0.896894
9.997E-05 9.997E-05 9.997E-05 9.997E-05 0.9996
0.0317882 9.9991E-05 0.117564 0.232752 0.617796
0.0335892 0.0213792 0.0164049 0.0162032 0.912424
0.383173 0.548255 9.9982E-05 9.9982E-05 0.0683726
0.226394 0.210736 0.031622 0.416149 0.115099
0.287106 0.160166 0.00947037 0.459765 0.0834933
0.327865 0.422737 9.9991E-05 0.158458 0.0908397
0.175357 0.140909 0.0964349 0.465714 0.121585
0.28398 0.429186 9.9991E-05 0.187843 0.0988908
0.225635 0.138412 0.0153911 0.549067 0.0714952
0.16177 0.348166 9.9991E-05 0.229759 0.260205
0.216924 0.201184 9.9991E-05 0.40005 0.181741
0.245112 0.275275 9.9991E-05 0.219065 0.260449
0.205826 0.168309 0.0389511 0.448142 0.138772
0.836446 0.0241619 0.0806493 0.0586429 9.9991E-05
0.924164 0.0180898 9.9982E-05 9.9982E-05 0.0575459
0.974142 9.9973E-05 0.0255578 9.9973E-05 9.9973E-05
0.965633 9.9982E-05 0.0259629 0.00820428 9.9982E-05
0.890213 9.9982E-05 0.0970534 9.9982E-05 0.0125335
0.89362 0.0310595 9.9982E-05 9.9982E-05 0.0751204
0.886379 9.9991E-05 0.00547353 0.0564105 0.0516369
0.93675 0.0298809 0.0302576 9.9991E-05 0.00301163
0.919997 0.0495713 9.9991E-05 0.0124446 0.017887
0.842183 9.9991E-05 0.0334345 0.0128276 0.111455
0.583602 0.114319 0.296851 9.9991E-05 0.00512916
0.582603 0.060378 0.335577 0.00404023 0.0174017
0.526066 0.165652 0.308082 9.9982E-05 9.9982E-05
0.504044 0.14295 0.352806 9.9982E-05 9.9982E-05
0.0451454 0.10464 0.163997 0.638576 0.047641
0.0243684 0.306868 0.0366471 0.627859 0.00425679
9.9991E-05 0.0938795 0.200001 0.65061 0.0554093
0.0100004 0.145646 0.311525 0.529036 0.00379185
9.9991E-05 0.141056 0.611784 0.230481 0.0165786
0.0892845 0.182335 9.9982E-05 0.728181 9.9982E-05
9.9991E-05 0.187813 0.109223 0.634186 0.0686785
9.9982E-05 0.265946 0.107065 0.626789 9.9982E-05
9.9982E-05 0.443891 9.9982E-05 0.472509 0.0834001
9.9991E-05 0.0623482 0.196783 0.730452 0.0103164
9.9982E-05 0.378477 0.0926123 0.528711 9.9982E-05
9.9982E-05 0.80814 0.120676 0.0709846 9.9982E-05
0.0245019 0.183359 0.179254 0.537682 0.0752037
0.0102874 0.571681 0.0520193 0.365912 9.9991E-05
9.9982E-05 0.286522 0.0678522 0.645426 9.9982E-05
0.00024206 0.438155 0.253447 0.308057 9.9991E-05
0.138559 0.0714939 0.789748 9.9982E-05 9.9982E-05
0.127433 0.0706032 0.759993 0.0418703 9.9991E-05
0.0369342 0.0744045 0.888461 9.9982E-05 9.9982E-05
0.100878 0.0747749 0.824147 9.9982E-05 9.9982E-05
9.9991E-05 0.0672233 0.85043 0.0141456 0.0681015
0.091038 9.9991E-05 0.787125 0.0817308 0.040006
0.898048 9.9982E-05 9.9982E-05 0.0729092 0.0288428
0.820079 9.9991E-05 0.0548289 0.0873706 0.0376216
0.783666 9.9982E-05 9.9982E-05 0.0990496 0.117085
0.780859 9.9991E-05 0.0697966 0.0604875 0.0887574
0.794925 9.9991E-05 0.0228014 0.0506566 0.131517
0.37581 0.0817542 0.542236 9.9982E-05 9.9982E-05
0.469467 0.119806 0.410526 9.9982E-05 9.9982E-05
0.431528 0.083766 0.484506 9.9982E-05 9.9982E-05
0.827736 9.9991E-05 0.00776102 0.13657 0.0278326
0.33899 0.137815 0.522995 9.9982E-05 9.9982E-05
0.265913 0.109304 9.9991E-05 0.222596 0.402087
0.097558 9.9991E-05 0.0707168 0.544175 0.28745
0.173006 9.9982E-05 9.9982E-05 0.526226 0.300569
0.230845 0.124909 0.0380651 0.312042 0.294139
0.146369 0.0308909 0.0841589 0.605139 0.133443
0.484533 0.190813 9.9982E-05 9.9982E-05 0.324454
0.00488994 0.138303 0.308422 0.548285 9.9991E-05
0.0540221 0.286023 0.20921 0.450645 9.9991E-05
0.0641711 9.9991E-05 0.570148 0.362465 0.00311601
9.9991E-05 0.293091 0.136432 0.505592 0.0647848
9.9973E-05 0.816475 0.183225 9.9973E-05 9.9973E-05
9.9991E-05 0.182428 0.210332 0.468691 0.138449
0.0985045 0.184295 0.128242 0.57217 0.0167891
0.0827213 0.0656656 0.408116 0.443398 9.9991E-05
0.0766132 0.178649 0.153013 0.539135 0.0525895
0.00781024 0.511674 0.297598 0.182817 9.9991E-05
9.9991E-05 0.235028 0.213331 0.471126 0.0804153
9.9991E-05 0.0896411 0.299787 0.56684 0.0436314
0.119202 0.1751 0.0642704 0.416463 0.224964
9.9991E-05 0.225882 0.3544 0.342144 0.0774729
9.9991E-05 0.144464 0.309302 0.491324 0.0548103
9.9991E-05 0.280284 0.16791 0.400043 0.151663
9.9982E-05 0.205244 0.21792 0.576636 9.9982E-05
0.0737956 0.0131965 0.171108 0.649259 0.0926413
0.125716 0.137262 0.159254 0.483837 0.0939308
0.090679 0.0189123 0.20188 0.631036 0.057492
0.770516 9.9982E-05 9.9982E-05 0.170084 0.0592001
0.847843 9.9982E-05 9.9982E-05 0.126505 0.0254517
0.781756 0.0938814 0.0438861 0.016935 0.0635417
0.834418 0.0224179 0.0545572 0.0760616 0.0125455
0.868779 9.9973E-05 9.9973E-05 0.130921 9.9973E-05
9.9991E-05 0.0763053 0.638237 0.189862 0.0954958
0.0116752 0.198774 0.128476 0.527327 0.133747
0.193981 0.163461 9.9991E-05 0.456601 0.185857
0.108925 0.00697378 0.150737 0.58649 0.146874
0.0613998 0.0477232 0.319918 0.570859 9.9991E-05
9.9991E-05 0.179159 0.421506 0.228435 0.1708
0.142156 0.204973 0.638488 0.0142833 9.9991E-05
0.0429359 9.9991E-05 0.332249 0.596182 0.0285335
0.063782 0.138306 0.562375 0.154787 0.0807494
0.0538368 0.130643 0.273231 0.458485 0.0838048
0.132249 0.117037 0.55504 0.19497 0.000703442
0.0856964 9.9991E-05 0.188826 0.631384 0.0939929
0.122363 0.113667 0.501693 0.262178 9.9991E-05
0.0118919 0.155724 0.326803 0.392726 0.112855
0.0395243 0.246927 0.183849 0.457175 0.0725251
0.0727041 0.50609 0.063617 0.352989 0.00460061
0.116727 0.233645 9.9991E-05 0.645445 0.00408235
0.137976 0.146139 0.0211776 0.661322 0.0333856
0.0128367 0.422669 0.144822 0.419572 9.9991E-05
0.0950729 0.299157 0.0111318 0.454333 0.140305
0.0869152 0.315026 9.9982E-05 0.597858 9.9982E-05
9.9982E-05 0.717853 0.129961 0.151986 9.9982E-05
0.0257114 0.657422 0.00231732 0.314449 9.9991E-05
0.0230574 0.272158 0.0851094 0.619575 9.9991E-05
0.0284421 0.527095 0.221783 0.22258 9.9991E-05
0.0104785 0.3138 0.0982297 0.577392 9.9991E-05
0.00522677 0.163576 0.659494 0.0669941 0.104709
9.9991E-05 0.319018 0.332274 0.28247 0.0661383
0.0417231 0.0825259 0.432495 0.383067 0.0601896
0.0480945 9.9991E-05 0.200205 0.666014 0.0855863
9.9982E-05 0.078826 0.597282 0.323692 9.9982E-05
0.0247776 0.162311 0.196112 0.425877 0.190923
0.0159718 0.0608024 0.17887 0.549293 0.195062
0.0361727 0.142265 0.331195 0.43718 0.0531868
0.0379849 0.0820981 0.273575 0.541195 0.0651466
9.9991E-05 0.0715519 0.317479 0.56077 0.0500994
9.9991E-05 0.0238626 0.56434 0.285861 0.125837
9.9991E-05 0.0443906 0.452128 0.419569 0.083812
9.9991E-05 0.0893115 0.21154 0.597788 0.101261
0.00610125 0.0655664 0.190244 0.601312 0.136777
0.0686337 0.182847 0.257145 0.457652 0.033722
9.9991E-05 0.130533 0.256262 0.51547 0.097635
0.0787157 9.9991E-05 0.450127 0.37212 0.0989379
0.0214455 0.0364074 0.261515 0.67634 0.00429187
0.0403476 9.9991E-05 0.301186 0.624187 0.0341794
0.0746424 0.0885924 0.192785 0.507872 0.136108
0.36667 0.0113551 9.9991E-05 0.465087 0.156788
0.134509 0.136781 0.00812272 0.428449 0.292137
0.257879 0.145784 9.9991E-05 0.511891 0.0843464
0.135371 0.0455733 0.106458 0.622635 0.0899628
0.153967 0.121349 9.9991E-05 0.405919 0.318665
9.9991E-05 0.242469 0.226608 0.474089 0.0567341
0.247633 0.041868 9.9991E-05 0.562454 0.147944
0.279202 0.526256 9.9991E-05 0.0289756 0.165467
0.110883 0.0579483 0.11015 0.510385 0.210634
0.116459 0.15545 0.00360176 0.5003 0.224189
0.0373241 0.157727 0.0212517 0.537235 0.246462
0.207115 0.177223 0.112063 0.308379 0.195221
0.174023 0.0650006 0.0172306 0.584465 0.15928
0.16855 0.0331132 0.000658225 0.618354 0.179325
0.468655 0.337022 9.9982E-05 9.9982E-05 0.194123
0.206221 0.0189835 0.0581761 0.498542 0.218078
0.193565 0.0305312 0.0438248 0.414928 0.317151
0.191288 0.0249863 0.0606918 0.670668 0.0523656
0.158323 0.0247389 9.9991E-05 0.562777 0.254062
0.222266 0.0151861 0.050758 0.605953 0.105837
0.0112312 0.332053 0.0415434 0.577295 0.037877
0.113212 0.21883 0.0350043 0.538661 0.0942922
9.9982E-05 0.720099 0.125129 0.154572 9.9982E-05
9.9991E-05 0.789462 0.117037 0.0925236 0.000877426
0.0171616 0.239162 0.0619873 0.562458 0.119231
0.0469445 0.143201 0.0120111 0.401452 0.396391
0.0757771 0.222522 9.9991E-05 0.302698 0.398903
0.170098 0.340577 0.00803473 0.119175 0.362115
0.197538 0.119245 0.00212265 0.341527 0.339568
0.102282 0.638276 9.9991E-05 0.100188 0.159154
0.105934 0.57131 9.9991E-05 0.159294 0.163362
9.9991E-05 0.229918 0.0101597 0.595433 0.16439
0.0524936 0.334149 9.9991E-05 0.437734 0.175523
0.080357 0.499618 0.00351971 0.259053 0.157452
0.066064 0.222124 9.9991E-05 0.574035 0.137677
0.0618526 0.19477 0.0281625 0.587311 0.127904
0.0640607 0.226153 0.115377 0.458721 0.135688
0.000246819 0.384747 0.180261 0.434645 9.9991E-05
9.9991E-05 0.439932 0.115881 0.362131 0.0819555
9.9991E-05 0.339192 0.0485618 0.497651 0.114495
0.0380744 0.30785 0.111127 0.44067 0.102278
0.059023 0.163451 0.0956428 0.515182 0.166702
0.0452119 0.364843 0.0390388 0.550807 9.9991E-05
9.9991E-05 0.544281 0.120018 0.334743 0.000856797
0.0306454 0.260873 9.9991E-05 0.659262 0.04912
9.9991E-05 0.548274 0.112465 0.285596 0.0535646
0.0636749 0.321082 0.0855858 0.46334 0.0663174
0.021361 0.188444 0.140914 0.573665 0.0756163
0.0427413 0.332465 0.0234957 0.567124 0.0341738
0.103417 0.0800971 0.0511149 0.557028 0.208343
0.141207 0.0837192 0.156497 0.347384 0.271193
0.16487 0.150959 0.0368866 0.358619 0.288666
0.219463 0.0484091 0.151047 0.300397 0.280684
0.166306 0.101894 0.157473 0.426932 0.147395
0.194338 0.0159284 0.0658131 0.52821 0.195711
0.201976 0.534866 0.0645526 9.9991E-05 0.198506
0.067764 0.0137748 0.046242 0.665043 0.207177
0.386497 0.4152 9.9982E-05 9.9982E-05 0.198104
0.0541906 0.193235 0.00531198 0.541982 0.20528
9.9973E-05 0.819083 9.9973E-05 0.180617 9.9973E-05
9.9991E-05 0.898415 0.0461234 0.0540193 0.00134203
9.9991E-05 0.379744 0.0554583 0.505879 0.0588194
0.0698889 0.210058 9.9991E-05 0.691302 0.0286511
9.9982E-05 0.448175 0.0649273 0.486698 9.9982E-05
0.0163156 0.344775 9.9991E-05 0.638318 0.000491019
9.9991E-05 0.34403 0.0183687 0.589525 0.0479764
0.82711 9.9991E-05 0.00490293 0.167687 0.000200247
0.740105 9.9982E-05 0.167627 9.9982E-05 0.0920683
0.918994 9.9982E-05 0.0201805 9.9982E-05 0.0606253
0.950459 9.9973E-05 9.9973E-05 0.049241 9.9973E-05
0.0951508 0.1987 0.0106422 0.695407 9.9991E-05
0.0785488 0.248943 0.0727357 0.56485 0.0349225
0.0153398 0.256893 0.0716136 0.656054 9.9991E-05
0.118282 0.200169 9.9991E-05 0.675496 0.00595254
0.0498789 0.0721918 0.189504 0.677128 0.0112979
9.9982E-05 0.413632 0.119846 0.466322 9.9982E-05
0.0127655 0.125363 0.0338388 0.827932 9.9991E-05
9.9982E-05 0.508231 0.0436291 0.44794 9.9982E-05
0.284593 0.00552167 0.061743 0.47862 0.169522
9.9991E-05 0.380335 0.0276385 0.575895 0.0160316
9.9982E-05 0.344796 0.118023 0.536982 9.9982E-05
9.9991E-05 0.2592 0.0246134 0.683134 0.0329531
9.9982E-05 0.375703 0.0711293 0.552967 9.9982E-05
9.9982E-05 0.329214 9.9982E-05 0.627853 0.0427328
0.0697242 0.154275 0.036213 0.739688 9.9991E-05
9.9973E-05 0.701224 9.9973E-05 0.298476 9.9973E-05
0.0559544 0.506496 9.9991E-05 0.436946 0.000503877
0.0535766 0.414629 0.0625399 0.469155 9.9991E-05
9.9973E-05 0.948252 9.9973E-05 0.0514478 9.9973E-05
0.00103058 0.351315 0.120917 0.445645 0.0810925
9.9982E-05 0.71718 0.00474292 0.277877 9.9982E-05
0.0038781 0.906215 9.9982E-05 0.089707 9.9982E-05
0.0553787 0.22247 0.0123808 0.621275 0.0884958
9.9982E-05 0.420261 0.198181 0.381358 9.9982E-05
0.00787423 0.248523 0.165578 0.52566 0.0523651
0.169009 0.186188 0.00268471 0.584498 0.0576207
9.9982E-05 0.172081 0.136629 0.69109 9.9982E-05
9.9991E-05 0.230401 0.308146 0.400841 0.0605117
9.9991E-05 0.232178 0.0825618 0.661144 0.0240156
0.0556335 0.200575 0.134414 0.609277 9.9991E-05
9.9982E-05 0.540016 0.00136361 0.45842 9.9982E-05
0.0623488 0.18462 0.0776018 0.604898 0.0705308
0.679137 0.0453641 0.248505 0.0220555 0.0049382
0.758594 0.0328207 0.11932 0.0891655 9.9991E-05
0.801017 0.049145 0.149638 9.9982E-05 9.9982E-05
0.818399 0.0528566 0.128545 9.9982E-05 9.9982E-05
0.728767 0.00817869 0.213995 0.0489598 9.9991E-05
0.0387966 0.44507 0.174817 0.341217 9.9991E-05
0.00253823 0.559876 0.144215 0.293271 9.9991E-05
9.9982E-05 0.68659 9.9982E-05 0.308244 0.00496633
0.15874 0.00165286 0.0137661 0.748888 0.076953
0.0809504 0.0613986 0.143614 0.648247 0.0657902
0.04469 0.432956 9.9982E-05 0.522154 9.9982E-05
9.9991E-05 0.193591 0.054781 0.653275 0.0982531
0.0673254 0.393138 9.9991E-05 0.473664 0.0657724
0.0284922 0.230543 0.09136 0.649505 9.9991E-05
9.9991E-05 0.213124 0.064768 0.575567 0.146441
9.9982E-05 0.359188 0.241213 0.399399 9.9982E-05
9.9982E-05 0.310555 0.132029 0.557216 9.9982E-05
9.9982E-05 0.279931 0.20413 0.51574 9.9982E-05
0.121762 0.143592 0.0742686 0.640539 0.0198386
0.047487 0.32696 0.0583783 0.567075 9.9991E-05
0.0464679 0.285728 0.0682984 0.599406 9.9991E-05
0.113246 0.034367 0.0142805 0.382301 0.455806
0.102981 0.0698041 0.0051467 0.368588 0.45348
0.0998265 0.00809613 9.9991E-05 0.433937 0.45804
0.14213 0.0523675 0.0361083 0.343906 0.425488
0.191669 9.9991E-05 0.116096 0.345413 0.346722
0.0326843 0.324636 9.9991E-05 0.592121 0.0504585
0.287469 9.9982E-05 0.00721526 9.9982E-05 0.705115
0.167398 9.9982E-05 9.9982E-05 0.32975 0.502652
0.194715 0.239778 0.0110505 0.369695 0.18476
0.155436 0.162637 9.9982E-05 0.681727 9.9982E-05
0.172098 0.187968 0.147788 0.441159 0.0509869
0.151391 0.0897761 0.0357621 0.624607 0.0984631
0.0994612 0.0898887 0.0842396 0.632399 0.0940119
0.244855 9.9982E-05 9.9982E-05 0.375779 0.379166
0.121028 9.9991E-05 0.0937893 0.348141 0.436942
0.0912146 9.9982E-05 9.9982E-05 0.377403 0.531182
0.16727 0.122902 9.9991E-05 0.385895 0.323832
0.124109 0.0495044 9.9991E-05 0.298097 0.528189
0.126133 0.136672 0.00537177 0.410226 0.321598
0.123276 0.0333418 9.9991E-05 0.247161 0.596121
0.0734742 0.0345972 0.0446382 0.453983 0.393308
0.138399 0.230002 9.9991E-05 0.59307 0.0384287
0.206307 9.9991E-05 0.0671198 0.374015 0.352457
0.143862 9.9982E-05 9.9982E-05 0.153992 0.701946
0.102494 0.0809378 0.00791195 0.400477 0.40818
0.17483 0.334817 0.22382 0.209766 0.0567665
9.9991E-05 0.142472 0.0730291 0.62705 0.157349
0.193019 9.9991E-05 0.102782 0.32646 0.377638
0.171329 0.0459447 0.0828704 0.685242 0.014614
0.17031 0.235063 0.00180874 0.577229 0.0155892
0.253648 0.107384 0.00585368 0.403158 0.229956
0.175823 0.0815113 0.10624 0.26371 0.372716
0.0900841 0.154028 0.0549999 0.543863 0.157025
0.111326 0.035644 0.0675117 0.443196 0.342323
0.0695676 0.00909453 9.9991E-05 0.381269 0.539968
0.254688 9.9991E-05 0.00256417 0.11538 0.627268
0.141041 0.112369 0.0303668 0.713758 0.00246522
0.17607 0.220896 0.0867087 0.516225 9.9991E-05
0.153062 0.612248 9.9991E-05 0.124294 0.110297
0.135636 0.0709131 0.0826655 0.577288 0.133497
0.0396756 0.243065 0.255552 0.414656 0.0470519
0.162964 0.198546 9.9991E-05 0.446426 0.191964
0.069074 0.171535 0.210565 0.388853 0.159972
0.347897 0.420637 9.9982E-05 9.9982E-05 0.231266
0.369493 0.482861 9.9982E-05 9.9982E-05 0.147446
0.16 0.271023 0.0987066 0.281923 0.188348
0.344167 0.406929 9.9982E-05 9.9982E-05 0.248703
0.457757 0.286352 9.9982E-05 9.9982E-05 0.25569
0.128872 0.286748 0.0201792 0.373156 0.191045
0.207233 0.204953 9.9991E-05 0.355527 0.232188
0.29508 0.241663 0.118772 0.154311 0.190174
0.304277 0.392425 9.9991E-05 0.0700329 0.233165
0.196007 0.134861 0.0565666 0.51814 0.0944254
0.253646 0.436978 9.9991E-05 0.145107 0.164169
0.514015 0.387495 9.9982E-05 9.9982E-05 0.0982897
0.168116 0.00531074 0.0563373 0.658348 0.111888
0.196259 0.124089 0.0298284 0.332542 0.317282
0.28623 0.0232551 0.0475232 0.533899 0.109092
0.138181 9.9991E-05 0.00136294 0.598624 0.261733
0.18206 9.9991E-05 0.023572 0.598583 0.195685
0.15437 0.0359991 0.0520017 0.39644 0.361189
0.413855 9.9991E-05 0.0232358 0.416304 0.146506
0.197906 9.9991E-05 0.0613647 0.570256 0.170374
0.234567 0.00685756 9.9991E-05 0.462651 0.295825
0.242381 0.118441 0.027486 0.295028 0.316663
0.127676 0.237369 0.13571 0.336907 0.162337
0.223151 0.0644867 0.0254852 0.613716 0.0731611
0.237791 0.0205962 0.0310634 0.614717 0.0958324
0.110642 0.104116 0.0767111 0.58628 0.122251
0.293724 0.0247833 0.0479676 0.302247 0.331278
0.211307 0.0975989 0.0683588 0.458952 0.163783
0.464219 0.158229 9.9991E-05 0.18192 0.195533
0.131185 0.0272401 0.0864704 0.545192 0.209913
0.263594 0.185873 9.9991E-05 0.184559 0.365874
0.811307 0.0672334 0.098613 0.0227467 9.9991E-05
0.107003 0.0239232 0.743371 0.125603 9.9991E-05
0.0107885 9.9973E-05 0.988912 9.9973E-05 9.9973E-05
0.0215294 9.9973E-05 0.978171 9.9973E-05 9.9973E-05
9.9982E-05 9.9982E-05 0.967216 0.0246143 0.00796983
9.9982E-05 9.9982E-05 0.931255 0.00611347 0.0624316
0.00211479 9.9982E-05 0.892056 0.10563 9.9982E-05
0.0645153 9.9973E-05 0.935185 9.9973E-05 9.9973E-05
0.182684 9.9973E-05 0.817016 9.9973E-05 9.9973E-05
0.909343 9.9991E-05 0.0367324 0.0499581 0.00386665
0.831103 0.0115278 0.11193 0.0453396 9.9991E-05
0.896418 0.0579179 9.9991E-05 0.0059045 0.0396591
0.785619 0.0140067 0.190687 0.00958722 9.9991E-05
0.931328 0.00494526 0.0167157 9.9991E-05 0.046911
0.91479 0.00484852 0.0630387 9.9991E-05 0.0172227
0.710212 9.9991E-05 0.0956139 0.0529855 0.141088
0.899365 0.0105627 9.9991E-05 0.0190938 0.0708782
0.676252 0.0080962 0.177899 0.0781167 0.0596356
0.897361 9.9991E-05 0.000480029 0.0474349 0.0546243
0.980104 9.9973E-05 0.0195962 9.9973E-05 9.9973E-05
0.840129 0.0137013 0.0608474 0.0208915 0.0644312
0.977997 9.9991E-05 0.014301 0.00532509 0.00227742
0.933876 9.9982E-05 9.9982E-05 0.05237 0.0135543
0.881772 9.9991E-05 0.0106384 0.0581525 0.0493369
0.879423 9.9982E-05 9.9982E-05 0.0858546 0.0345224
0.787777 9.9982E-05 9.9982E-05 0.0951298 0.116894
0.801899 9.9982E-05 9.9982E-05 0.160831 0.0370695
0.819519 9.9982E-05 9.9982E-05 0.13309 0.0471907
0.187256 0.229992 0.135027 0.420616 0.0271088
0.113607 0.123566 0.00320707 0.759519 9.9991E-05
0.145828 0.115687 0.0355264 0.702859 9.9991E-05
0.103239 0.714937 9.9991E-05 0.154876 0.0268479
0.135783 0.127022 0.0984136 0.638681 9.9991E-05
0.230723 0.619442 9.9991E-05 0.108811 0.0409241
0.0924195 0.228021 9.9991E-05 0.531577 0.147882
0.129585 0.225405 0.140107 0.504803 9.9991E-05
0.11601 0.174941 0.0886167 0.605689 0.0147435
0.00211595 0.312554 0.0888935 0.533233 0.0632027
0.147015 0.328027 0.0695064 0.416976 0.0384755
0.118673 0.198494 0.0157682 0.634334 0.0327319
0.151699 0.058265 0.105255 0.684681 9.9991E-05
9.9991E-05 0.320074 0.514204 0.100536 0.0650863
0.114323 0.844168 0.0413087 9.9982E-05 9.9982E-05
0.121368 0.635245 0.033901 0.199518 0.00996702
0.150685 0.0886188 0.0243262 0.73627 9.9991E-05
0.148352 0.210512 0.0097948 0.554012 0.0773295
0.123898 0.24898 9.9982E-05 0.626923 9.9982E-05
0.0770964 0.187481 9.9991E-05 0.667946 0.0673764
0.239323 0.0424352 0.00616929 0.593679 0.118394
0.210691 9.9991E-05 0.0798535 0.621302 0.0880529
0.376942 0.147577 0.152876 0.0871319 0.235473
0.154206 0.038605 0.131623 0.675466 9.9991E-05
0.235236 0.138931 0.0575221 0.424236 0.144075
0.468879 0.353848 9.9982E-05 9.9982E-05 0.177073
0.265333 0.148572 9.9991E-05 0.349209 0.236785
0.38478 0.0643067 0.059962 0.391447 0.0995042
0.384845 0.0151675 0.0952409 0.422299 0.0824475
0.11637 9.9991E-05 0.153516 0.503308 0.226707
0.178284 0.00908543 0.0541752 0.618966 0.13949
0.149163 0.0101365 0.070253 0.597141 0.173306
0.212399 0.120873 0.102005 0.407119 0.157605
0.479531 0.0268519 9.9991E-05 0.344985 0.148532
