0.0401987 0.930107 9.9982E-05 9.9982E-05 0.0294939
9.9982E-05 0.946227 9.9982E-05 0.0306507 0.0229227
0.0979678 0.810456 0.0600048 9.9991E-05 0.0314713
0.0287836 0.792108 0.106298 9.9991E-05 0.0727104
0.0622761 0.892119 0.0454052 9.9982E-05 9.9982E-05
0.0957843 0.654861 0.0480834 0.110957 0.0903147
0.018767 0.879099 9.9991E-05 0.0952319 0.00680218
0.00560759 0.807942 0.0222933 0.0626562 0.101501
9.9982E-05 0.826563 9.9982E-05 0.100554 0.072683
0.084581 0.764489 0.0743962 0.0764335 9.9991E-05
0.0277144 0.787307 9.9991E-05 0.0805433 0.104335
0.261434 9.9991E-05 0.12098 0.146986 0.470501
0.525902 0.00120929 0.111621 9.9991E-05 0.361168
0.26772 0.055282 0.0692076 0.191859 0.415932
0.391023 0.091954 0.0910399 0.0268937 0.399089
0.404804 0.10678 0.148113 0.146941 0.193361
0.634329 0.0720684 0.125281 9.9991E-05 0.168221
0.522908 9.9991E-05 0.108504 0.163016 0.205472
0.42221 0.141162 0.101532 0.0290948 0.306001
0.0175006 0.0493442 0.0717854 0.195668 0.665702
0.38119 9.9991E-05 0.122313 0.212101 0.284296
0.523287 0.0962284 0.00227906 0.124549 0.253657
0.552558 0.0706486 0.0613295 0.0852633 0.2302
0.306366 0.0224906 0.156231 0.160892 0.354021
0.643441 0.125505 0.0831785 0.119235 0.0286397
0.545337 0.0336268 0.103294 0.0674367 0.250306
0.224578 0.0414784 0.125883 0.0860891 0.521971
0.175016 0.0157216 0.225173 0.0984746 0.485615
0.280662 9.9991E-05 0.0370776 0.209142 0.473018
0.0651366 0.824267 0.110396 9.9982E-05 9.9982E-05
0.144915 0.851124 0.0037604 9.9982E-05 9.9982E-05
0.152103 0.847598 9.9973E-05 9.9973E-05 9.9973E-05
0.166438 0.723145 0.110217 9.9982E-05 9.9982E-05
0.619448 0.0643499 9.9991E-05 0.234641 0.0814611
0.599917 0.0977557 0.0343161 0.109485 0.158526
0.685445 0.0678823 0.00774796 0.238824 9.9991E-05
0.223337 0.0784925 9.9991E-05 0.0863927 0.611678
0.465613 0.0139508 0.0308465 0.445771 0.0438187
0.639272 0.117465 0.00617393 0.0808766 0.156213
0.830364 0.00358879 9.9982E-05 0.165847 9.9982E-05
0.656771 0.171526 9.9991E-05 0.137671 0.0339322
0.726066 0.120579 9.9991E-05 0.0563359 0.0969189
0.322297 9.9991E-05 0.00596997 0.497566 0.174067
0.556823 0.0740974 0.104151 0.096323 0.168605
0.606244 0.0825746 0.0862926 0.220475 0.00441381
0.574618 0.100154 0.0446257 0.197398 0.0832051
0.525244 9.9973E-05 9.9973E-05 0.474456 9.9973E-05
0.690526 0.0786976 9.9982E-05 0.230576 9.9982E-05
0.587297 0.105959 0.086668 0.217776 0.00230078
9.9982E-05 0.0927473 9.9982E-05 0.844687 0.0623655
0.298672 9.9982E-05 9.9982E-05 0.224507 0.47662
0.112924 0.049575 0.0274822 0.641196 0.168823
0.6496 0.0360161 0.0590757 0.081979 0.17333
0.730124 0.134141 9.9991E-05 0.046584 0.0890513
0.681559 0.0651476 0.114553 0.0618218 0.0769178
0.211961 0.0762553 0.0189095 0.326834 0.36604
0.653736 0.0622408 0.00197358 0.0839457 0.198104
0.592811 0.0751675 0.0948105 0.0748974 0.162313
0.367262 0.121817 9.9991E-05 0.205631 0.305189
0.0267485 0.230356 0.101084 0.338876 0.302936
0.5897 0.0455864 0.0779862 0.118255 0.168471
0.408778 0.129518 0.0804376 0.0986431 0.282624
0.0728836 0.0765614 9.9991E-05 0.296106 0.554349
0.435368 0.00415578 0.10993 0.113658 0.336889
0.616695 0.0206583 0.0760142 0.216616 0.0700166
0.527966 0.0811072 0.152053 0.162003 0.076871
0.329697 0.0199924 0.0681383 0.213112 0.369061
0.508636 0.0389424 0.0738398 0.216375 0.162206
0.625933 0.0483625 0.0584325 0.0876718 0.179601
0.246587 0.0119493 9.9991E-05 0.357075 0.384289
0.709893 9.9982E-05 9.9982E-05 0.230955 0.0589515
0.382449 9.9982E-05 9.9982E-05 0.456436 0.160915
0.647811 0.0418559 0.0348882 0.208041 0.0674046
0.177909 9.9982E-05 9.9982E-05 0.814324 0.00756666
0.179183 9.9982E-05 9.9982E-05 0.750099 0.0705177
0.470951 9.9982E-05 9.9982E-05 0.501559 0.0272891
0.603148 0.0519985 9.9991E-05 0.214836 0.129918
0.605162 0.189816 9.9991E-05 0.0665453 0.138376
0.550849 0.0366537 0.0757652 0.324364 0.0123681
0.351662 0.044153 9.9991E-05 0.379938 0.224147
0.403718 0.0496848 9.9991E-05 0.308324 0.238173
0.567336 0.121414 0.0446752 0.240949 0.0256259
0.416529 0.0536808 0.00976311 0.423787 0.0962402
0.557846 0.0441318 9.9991E-05 0.316304 0.081618
0.613834 9.9973E-05 9.9973E-05 0.385866 9.9973E-05
0.0972971 0.000544632 0.0468985 0.789632 0.0656278
0.641579 9.9991E-05 0.036117 0.172291 0.149913
0.0854043 0.781556 0.0528071 9.9991E-05 0.080133
0.0826712 0.917029 9.9973E-05 9.9973E-05 9.9973E-05
0.0991199 0.842949 0.0577314 9.9982E-05 9.9982E-05
0.0470294 0.938522 0.0142484 9.9982E-05 9.9982E-05
0.0928331 0.906867 9.9973E-05 9.9973E-05 9.9973E-05
0.0384667 0.886106 0.0552982 0.0200288 9.9991E-05
0.0717618 0.927938 9.9973E-05 9.9973E-05 9.9973E-05
0.69037 0.102893 0.0253808 0.152998 0.0283574
0.608128 0.0482939 0.143128 0.151337 0.0491122
0.203787 0.0076957 9.9991E-05 0.648906 0.139512
0.586308 0.0862618 0.0807312 0.238636 0.00806251
0.545705 9.9982E-05 9.9982E-05 0.249139 0.204956
0.711658 0.078624 0.00717114 0.171696 0.0308511
0.633128 0.0822786 9.9991E-05 0.206416 0.0780779
0.672242 0.0170571 0.00185682 0.308744 9.9991E-05
0.123938 0.00771436 9.9991E-05 0.592323 0.275924
0.553588 0.139338 0.0367812 0.190463 0.0798304
0.644875 0.037045 0.0860725 0.231907 9.9991E-05
0.549671 0.0769026 0.142693 0.0475333 0.183201
0.453799 0.0344383 9.9982E-05 0.511563 9.9982E-05
0.653183 9.9982E-05 0.0171189 0.329498 9.9982E-05
0.561725 0.0312146 9.9991E-05 0.309515 0.0974457
0.510329 9.9982E-05 0.0622667 0.427205 9.9982E-05
0.584319 0.0982664 9.9991E-05 0.227678 0.0896369
0.580465 0.0669329 0.0695492 0.18424 0.0988128
0.19821 0.0103386 0.089691 0.259193 0.442567
0.426374 0.0904699 0.0903828 9.9991E-05 0.392673
0.578084 0.0490744 0.0491241 0.0413055 0.282412
0.633255 0.0769438 0.0984252 0.124659 0.0667169
0.505255 0.0316481 0.0384005 9.9991E-05 0.424597
0.54948 0.0249946 0.108288 9.9991E-05 0.317137
0.52726 9.9991E-05 0.0112321 0.02196 0.439448
0.618041 0.0791945 9.9991E-05 0.161858 0.140807
0.575723 9.9991E-05 0.110436 0.0745048 0.239236
0.599956 0.0513682 0.0169442 0.0874435 0.244288
0.621647 9.9982E-05 9.9982E-05 0.057217 0.320936
0.659142 9.9991E-05 0.046635 0.144753 0.14937
0.591489 0.108161 0.0895255 9.9991E-05 0.210724
0.632481 9.9991E-05 0.0434492 0.0316328 0.292337
0.534048 0.0158247 0.176284 0.128654 0.145188
0.542973 0.0465924 0.111862 0.154552 0.144021
0.468601 0.137698 9.9991E-05 0.114963 0.278638
0.64303 0.0132329 0.0810706 0.0736513 0.189016
0.704362 0.0115439 0.0923535 0.0198277 0.171912
0.277868 9.9991E-05 0.0918273 0.177335 0.45287
0.120313 0.0416022 0.0808815 0.439076 0.318127
0.549606 0.0721257 0.0705574 0.118329 0.189382
0.0935074 9.9991E-05 0.0757561 0.491523 0.339113
0.308422 0.0375039 0.0101386 0.191122 0.452814
0.517416 0.0147804 9.9991E-05 0.103718 0.363985
0.386689 0.049498 9.9991E-05 0.101984 0.461729
0.351504 9.9982E-05 9.9982E-05 0.152625 0.495671
0.618755 0.101851 0.0953433 0.0257308 0.158319
0.543247 0.0857681 0.115378 0.0985507 0.157056
0.567428 0.0407227 0.073567 0.0983711 0.219912
0.17517 0.00776458 0.0876881 0.292874 0.436503
0.603955 0.207268 9.9991E-05 0.110872 0.0778047
0.447042 0.093994 0.129038 0.329826 9.9991E-05
0.0133067 0.218735 0.00303755 0.626074 0.138847
0.629821 0.0815073 0.090498 0.198074 9.9991E-05
0.385172 0.0949635 0.0523138 0.372657 0.0948933
0.493853 0.139506 0.114592 0.193466 0.0585826
0.327804 0.146391 0.0302108 0.406136 0.0894588
0.200465 0.15626 9.9991E-05 0.505093 0.138082
0.500994 0.0702839 9.9991E-05 0.228897 0.199725
0.510881 0.159238 0.079018 0.112111 0.138752
0.395554 0.174646 0.101165 0.177663 0.150972
0.0293962 0.0765174 0.205397 0.583254 0.105435
0.53796 0.0441559 0.0971988 0.22985 0.0908353
0.385554 9.9982E-05 9.9982E-05 0.440487 0.173759
0.581032 0.000130843 9.9991E-05 0.372959 0.0457775
0.609454 0.153615 0.0548587 0.135016 0.0470565
0.122795 0.336164 0.313059 0.16472 0.0632622
9.9982E-05 0.601887 0.172079 0.225834 9.9982E-05
9.9982E-05 0.525354 0.146083 0.328364 9.9982E-05
0.0302009 0.445539 0.34245 0.18171 9.9991E-05
0.711033 9.9982E-05 0.0321451 0.256622 9.9982E-05
0.593384 0.139978 0.047181 0.178482 0.0409752
0.264773 9.9973E-05 0.734927 9.9973E-05 9.9973E-05
0.298293 0.0731406 0.467505 0.125691 0.0353704
0.462903 0.0763107 0.343034 0.0769133 0.0408389
0.391745 0.0652314 9.9991E-05 0.516128 0.0267959
0.509819 0.0949277 0.0794418 0.246309 0.0695021
0.228553 0.0706942 0.01734 0.642574 0.0408385
0.661224 0.0628922 0.0383057 0.192518 0.0450606
0.562504 0.0503203 9.9991E-05 0.35637 0.0307063
0.555676 0.0756114 0.0796905 0.276584 0.0124381
0.256051 0.0210073 0.0457162 0.644169 0.0330561
0.618893 0.0651111 0.177383 0.120466 0.0181461
0.587371 0.0442192 0.0673523 0.187312 0.113746
0.00501204 9.9982E-05 0.961095 0.0336929 9.9982E-05
0.0840409 9.9973E-05 0.915659 9.9973E-05 9.9973E-05
0.241375 0.00754868 0.649732 9.9991E-05 0.101245
0.28789 0.0208875 0.687679 9.9991E-05 0.00344375
0.107051 9.9982E-05 0.845035 9.9982E-05 0.0477136
9.997E-05 9.997E-05 0.9996 9.997E-05 9.997E-05
9.9973E-05 0.0544312 0.945269 9.9973E-05 9.9973E-05
0.150373 9.9973E-05 0.849327 9.9973E-05 9.9973E-05
9.9973E-05 9.9973E-05 0.96671 9.9973E-05 0.0329896
9.997E-05 9.997E-05 0.9996 9.997E-05 9.997E-05
9.997E-05 9.997E-05 0.9996 9.997E-05 9.997E-05
0.18985 0.0251587 0.784791 9.9982E-05 9.9982E-05
0.137407 0.0747701 0.787623 9.9982E-05 9.9982E-05
9.9973E-05 9.9973E-05 0.988635 9.9973E-05 0.0110654
0.28177 0.0838475 0.429259 0.0842593 0.120864
0.162563 0.0994247 0.717964 9.9991E-05 0.0199483
0.110952 0.0362385 0.838838 9.9991E-05 0.0138718
0.0763721 0.0202379 0.883058 9.9991E-05 0.0202318
9.9973E-05 0.0164542 0.983246 9.9973E-05 9.9973E-05
0.0715827 0.0478783 0.880339 9.9982E-05 9.9982E-05
9.997E-05 9.997E-05 0.9996 9.997E-05 9.997E-05
0.165117 0.0406934 0.629657 9.9991E-05 0.164433
0.0770494 9.9982E-05 0.878806 9.9982E-05 0.0439443
9.9982E-05 0.391939 0.0709499 0.536911 9.9982E-05
0.455695 0.24454 0.0856581 0.090609 0.123498
0.421813 0.29387 0.0590774 0.171989 0.0532504
0.1561 0.267093 0.151346 0.425361 9.9991E-05
0.343252 0.141127 0.209021 0.208928 0.0976715
0.182591 0.317138 0.150311 0.349859 9.9991E-05
0.472858 0.248339 0.0753082 0.142279 0.0612159
0.30809 0.206913 0.214399 0.270499 9.9991E-05
0.509177 0.24356 0.137653 0.102949 0.0066605
0.321414 0.21309 0.220633 0.244763 9.9991E-05
0.542394 0.220654 0.0341542 0.202699 9.9991E-05
9.9982E-05 0.866268 9.9982E-05 0.0456279 0.0879041
9.9982E-05 0.910811 0.0535016 0.035487 9.9982E-05
0.0209866 0.978713 9.9973E-05 9.9973E-05 9.9973E-05
0.0138686 0.96213 9.9982E-05 9.9982E-05 0.023801
9.9982E-05 0.89388 0.0456313 9.9982E-05 0.060289
9.9991E-05 0.919305 0.0532164 0.022853 0.00452531
0.0215779 0.895166 0.0766506 9.9991E-05 0.00650525
9.9973E-05 0.945215 9.9973E-05 0.0544849 9.9973E-05
0.0509645 0.931136 9.9982E-05 0.0176992 9.9982E-05
0.00516387 0.860998 0.0889267 0.044811 9.9991E-05
9.9982E-05 0.605538 9.9982E-05 0.151867 0.242395
9.9991E-05 0.588345 0.00403488 0.0677109 0.339809
9.9982E-05 0.527728 9.9982E-05 0.130126 0.341946
9.9982E-05 0.491915 9.9982E-05 0.128596 0.379289
0.619342 0.0475621 9.9991E-05 0.18412 0.148875
0.630177 0.0926158 0.0378792 0.192982 0.0463457
0.519695 9.9991E-05 0.0723777 0.0940534 0.313774
0.448054 0.0450529 9.9991E-05 0.244303 0.26249
0.16045 9.9991E-05 0.0150462 0.141672 0.682732
0.725852 0.0678338 9.9991E-05 0.143576 0.0626377
0.690032 9.9991E-05 0.0170485 0.190281 0.102539
0.634851 9.9982E-05 9.9982E-05 0.237987 0.126962
0.515841 9.9991E-05 0.00413437 0.428551 0.0513737
0.720696 0.0615963 0.0165271 0.0720463 0.129134
0.475251 0.0155339 9.9991E-05 0.326149 0.182966
0.0577395 9.9982E-05 9.9982E-05 0.818068 0.123992
0.515029 0.0466881 0.0693747 0.0810888 0.287819
0.375966 0.0368128 9.9982E-05 0.587021 9.9982E-05
0.648889 9.9982E-05 9.9982E-05 0.261227 0.0896846
0.26375 9.9982E-05 9.9982E-05 0.428482 0.307568
9.9982E-05 0.165821 9.9982E-05 0.0842101 0.749769
0.0511468 0.126796 9.9991E-05 0.0848546 0.737102
9.9982E-05 0.0822612 9.9982E-05 0.0727327 0.844806
9.9982E-05 0.143456 9.9982E-05 0.0829311 0.773413
0.0165307 9.9991E-05 0.0411183 0.155594 0.786657
0.113118 0.0732723 9.9982E-05 9.9982E-05 0.81341
0.0627194 0.878141 0.0545934 0.00444664 9.9991E-05
0.0514263 0.830953 0.05949 9.9991E-05 0.0580307
0.0978647 0.74753 0.154405 9.9982E-05 9.9982E-05
0.0172242 0.744275 0.143898 9.9991E-05 0.0945025
0.0971722 0.805929 0.0753839 9.9991E-05 0.0214149
9.9982E-05 0.42228 9.9982E-05 0.0368218 0.540698
9.9982E-05 0.512239 9.9982E-05 0.124426 0.363135
9.9982E-05 0.467231 9.9982E-05 0.143142 0.389428
0.133436 0.803557 0.0628065 9.9982E-05 9.9982E-05
9.9982E-05 0.423506 9.9982E-05 0.160206 0.416088
0.280206 0.226959 0.3762 0.116535 9.9991E-05
0.580501 0.115858 0.235607 9.9991E-05 0.0679345
0.549639 0.14908 0.301081 9.9982E-05 9.9982E-05
0.38375 0.29166 0.231796 0.0926935 9.9991E-05
0.46819 0.204386 0.237808 0.0267615 0.0628546
9.9982E-05 0.483596 0.314285 0.201919 9.9982E-05
0.488378 0.0103042 0.00474928 0.0791721 0.417396
0.382582 0.0200843 0.0256341 0.3311 0.2406
0.342854 0.062326 9.9982E-05 9.9982E-05 0.59462
0.513435 9.9982E-05 9.9982E-05 0.287676 0.198689
9.9973E-05 9.9973E-05 9.9973E-05 0.807487 0.192214
0.544095 0.173875 0.0463771 0.147706 0.0879462
0.593751 0.0809215 0.0388395 0.158618 0.12787
0.381361 9.9982E-05 9.9982E-05 0.101228 0.517211
0.588486 0.122041 0.0188712 0.0762786 0.194323
0.173039 9.9982E-05 9.9982E-05 0.532421 0.29434
0.410306 9.9991E-05 0.14656 0.274854 0.168179
0.598627 9.9982E-05 9.9982E-05 0.0917976 0.309375
0.47296 0.137224 0.227607 0.0712775 0.0909312
0.41202 9.9991E-05 0.0419364 0.240098 0.305846
0.472824 0.0208974 0.0481871 0.162827 0.295264
0.530329 0.0124148 0.0962622 0.185959 0.175035
0.575349 0.0266655 9.9991E-05 0.249498 0.148388
0.579192 0.000388027 0.173764 0.121919 0.124737
0.623042 0.158134 0.0766956 0.0676547 0.0744734
0.665326 0.0764794 0.0356126 0.0999196 0.122662
0.0787159 0.768777 0.152307 9.9982E-05 9.9982E-05
0.0536084 0.866068 0.0662511 0.0139728 9.9991E-05
0.0414358 0.826935 0.00712871 0.0522891 0.0722117
0.0284347 0.824504 0.0482245 0.0608708 0.037966
0.098071 0.894018 0.00771113 9.9982E-05 9.9982E-05
0.184376 0.00932389 0.0659062 0.0997379 0.640656
0.530132 0.0153571 0.0711409 0.175793 0.207577
0.395969 0.21344 0.185169 0.149371 0.05605
0.705541 0.0156276 0.0759034 9.9991E-05 0.202828
0.605532 0.0548638 9.9991E-05 0.104161 0.235343
0.235566 0.0264232 0.134358 0.231998 0.371655
0.0617553 0.157199 9.9991E-05 0.0780672 0.702879
0.48601 0.037717 0.0711804 9.9991E-05 0.404992
0.189444 0.0574652 0.0733848 0.154773 0.524933
0.488552 0.077792 0.0358788 0.226524 0.171253
0.15882 0.160012 0.0130913 0.114173 0.553903
0.607656 0.118934 0.0447017 0.0376731 0.191035
0.247967 0.0958671 0.00744221 0.10134 0.547383
0.370258 0.0932858 0.0756279 0.0985263 0.362302
0.464093 0.0672561 0.115454 0.18494 0.168257
0.26893 0.032937 0.0653142 0.469206 0.163612
0.618476 0.12208 9.9991E-05 0.2486 0.0107441
0.606274 0.127008 0.0954101 0.112871 0.0584368
0.434332 0.0316824 9.9991E-05 0.436079 0.0978069
0.550823 0.0985804 0.100925 0.178672 0.0709998
0.659541 0.101953 9.9991E-05 0.220292 0.0181139
0.187958 9.9982E-05 9.9982E-05 0.719503 0.0923397
0.333652 0.0360537 9.9991E-05 0.608617 0.0215777
0.565105 0.0443625 9.9991E-05 0.322879 0.0675533
0.246271 0.0495275 9.9991E-05 0.6169 0.087202
0.507414 0.0330104 9.9991E-05 0.312014 0.147461
0.136503 9.9991E-05 0.0427211 0.141063 0.679613
0.25918 9.9991E-05 0.0422544 0.339466 0.358999
0.364406 9.9991E-05 0.0927676 0.0489621 0.493764
0.565973 9.9991E-05 0.173072 0.155094 0.10576
0.247427 9.9991E-05 0.0564738 0.192455 0.503545
0.480149 0.0935509 0.155476 0.109503 0.161321
0.550181 0.0961253 0.151526 0.0494723 0.152695
0.511338 0.0405271 0.1215 0.0418835 0.284752
0.477401 9.9982E-05 0.183783 9.9982E-05 0.338615
0.447644 0.0473493 0.0604838 0.0779933 0.36653
0.276125 9.9991E-05 0.0699788 0.111504 0.542292
0.268685 9.9991E-05 0.121377 0.0907112 0.519126
0.606597 9.9991E-05 0.0456729 0.0525955 0.295035
0.657952 0.106534 0.0319747 0.00893176 0.194607
0.483682 0.115222 0.0220465 0.110316 0.268733
0.49857 9.9991E-05 0.106553 0.0785305 0.316247
0.444846 0.0650424 0.000911251 9.9991E-05 0.489101
0.634572 0.0409055 0.0359033 0.00338539 0.285234
0.542968 0.0424351 0.0735092 0.0933026 0.247785
0.539582 0.0625262 0.121151 0.0440963 0.232645
0.402181 0.369492 0.170114 0.0531759 0.00503653
0.50217 0.195258 0.225856 0.0766154 9.9991E-05
0.631469 0.213132 0.0474682 0.0784159 0.0295146
0.631511 0.0482306 0.134147 0.0523472 0.133764
0.436714 0.196067 0.253216 0.113904 9.9991E-05
0.470233 9.9991E-05 0.103118 0.223715 0.202834
0.498073 0.15131 0.197899 0.055707 0.0970105
9.9982E-05 0.295504 0.171365 0.532932 9.9982E-05
0.487067 0.0980496 0.259126 0.108284 0.0474723
0.517121 0.131103 0.20267 0.0820931 0.0670127
0.464119 0.130659 0.280549 9.9991E-05 0.124573
0.271706 0.164508 0.221208 0.181966 0.160612
0.530938 0.268586 0.106364 0.0940112 9.9991E-05
0.554211 0.182986 0.192941 0.0697617 9.9991E-05
9.9982E-05 0.535341 0.184371 0.280088 9.9982E-05
0.497109 0.158084 0.265471 9.9991E-05 0.079236
0.523092 0.2163 0.224166 0.0222019 0.0142401
0.598338 0.145765 0.134065 0.0857768 0.0360552
0.567671 0.174036 0.233171 0.0250212 9.9991E-05
0.511051 0.202921 0.152275 0.037109 0.096644
0.511332 0.0834909 0.0586362 0.259342 0.0871981
0.538067 0.0512328 0.0615578 0.23295 0.116193
0.144685 9.9991E-05 0.0129077 0.724427 0.11788
0.0778079 9.9982E-05 9.9982E-05 0.75423 0.167762
0.461328 0.0561993 0.151057 0.23403 0.0973862
0.472622 0.126852 0.291041 0.109385 9.9991E-05
0.345557 0.114856 0.374834 0.164653 9.9991E-05
0.145575 0.26418 0.28909 0.301055 9.9991E-05
0.387353 0.195515 0.257074 0.137101 0.0229583
0.1432 0.127333 0.123234 0.606133 9.9991E-05
0.267972 0.143632 0.0936671 0.494629 9.9991E-05
0.647604 0.0449253 0.105918 0.201453 9.9991E-05
0.534412 0.140388 0.0726663 0.252434 9.9991E-05
0.294028 0.127376 0.117242 0.461254 9.9991E-05
0.477528 0.0784448 0.160813 0.145832 0.137382
0.567611 0.0568906 0.0982276 0.223036 0.0542349
0.4669 0.123489 0.136848 0.167904 0.104859
0.428704 0.00782303 9.9991E-05 0.469284 0.0940884
0.381973 9.9991E-05 0.071098 0.43235 0.114479
0.614945 9.9991E-05 0.0625838 0.271075 0.0512961
0.463366 0.0747581 0.0266478 0.307396 0.127833
0.399179 0.0198823 0.178328 0.275855 0.126756
0.609069 0.0346264 9.9991E-05 0.288169 0.0680358
0.335162 0.00060811 9.9991E-05 0.511763 0.152367
0.66809 0.099541 9.9982E-05 0.232169 9.9982E-05
0.297389 0.00393585 0.0118975 0.569891 0.116887
0.55022 0.0322195 9.9982E-05 0.41736 9.9982E-05
0.556273 0.0593676 0.100827 0.147138 0.136394
0.603383 0.0323904 0.0499672 0.301637 0.012623
0.575337 0.242564 0.164326 0.0176736 9.9991E-05
0.516573 0.18848 0.115582 0.129547 0.0498178
0.420452 0.181058 0.241791 0.156599 9.9991E-05
0.335402 0.165882 0.222387 0.0862676 0.190061
0.578577 0.207198 0.149455 9.9991E-05 0.0646696
0.432283 0.201791 0.199082 0.166744 9.9991E-05
9.9991E-05 0.221763 0.205869 0.554026 0.0182427
0.563178 0.149106 0.193299 0.0561903 0.0382263
9.9982E-05 0.428605 0.175282 0.395913 9.9982E-05
0.575772 0.0683604 0.22852 0.127248 9.9991E-05
0.216152 9.9973E-05 9.9973E-05 0.783548 9.9973E-05
0.0546653 0.00767108 9.9991E-05 0.89856 0.0390039
0.563569 9.9991E-05 0.00142857 0.400924 0.0339785
0.65986 9.9991E-05 0.0304682 0.227963 0.0816092
0.484503 9.9982E-05 9.9982E-05 0.48496 0.0303373
0.577088 9.9982E-05 0.0123935 0.410318 9.9982E-05
0.660529 9.9991E-05 0.00683486 0.275261 0.0572758
0.0605335 0.803607 0.0605727 0.0700877 0.00519893
9.9982E-05 0.736365 0.101531 9.9982E-05 0.161904
9.9982E-05 0.883939 0.072482 9.9982E-05 0.0433793
0.0371071 0.962593 9.9973E-05 9.9973E-05 9.9973E-05
0.591147 0.108301 9.9991E-05 0.232198 0.0682536
0.60758 0.0904137 9.9991E-05 0.14964 0.152266
0.632682 0.0116858 9.9991E-05 0.279106 0.0764262
0.644249 0.159213 0.016679 0.179759 9.9991E-05
0.498655 0.0893137 0.0597238 0.211791 0.140517
0.386835 0.0347929 9.9991E-05 0.418855 0.159416
0.676867 0.0404062 0.0081127 0.219792 0.054822
0.482902 9.9973E-05 9.9973E-05 0.516798 9.9973E-05
0.427069 0.274581 0.232255 0.0236143 0.0424817
0.511881 9.9991E-05 0.0403119 0.316071 0.131636
0.481666 9.9982E-05 9.9982E-05 0.332574 0.18556
0.683582 9.9982E-05 9.9982E-05 0.284327 0.0318911
0.530875 0.0170655 9.9991E-05 0.356936 0.095024
0.725411 9.9973E-05 9.9973E-05 0.274289 9.9973E-05
0.608609 0.130547 9.9991E-05 0.209737 0.0510069
0.260835 9.9973E-05 9.9973E-05 0.738865 9.9973E-05
0.439767 0.00970598 9.9991E-05 0.48322 0.0672072
0.445754 9.9982E-05 9.9982E-05 0.474527 0.0795181
0.0519023 9.9973E-05 9.9973E-05 0.947798 9.9973E-05
0.506722 9.9991E-05 0.0337073 0.281994 0.177477
0.229236 9.9991E-05 0.0176427 0.710008 0.0430134
0.0884942 9.9982E-05 9.9982E-05 0.9073 0.00400578
0.668524 0.070072 9.9991E-05 0.251066 0.0102383
0.383844 0.0230491 9.9991E-05 0.487281 0.105726
0.500893 9.9991E-05 0.0735419 0.215276 0.210189
0.622685 0.06031 0.0897539 0.183761 0.0434909
0.703723 9.9982E-05 9.9982E-05 0.157177 0.1389
0.333177 9.9991E-05 0.143685 0.232887 0.290152
0.60565 9.9991E-05 0.0612978 0.210791 0.122162
0.510878 9.9991E-05 0.0722309 0.252101 0.16469
0.434845 9.9982E-05 9.9982E-05 0.543007 0.0219471
0.663079 0.0726709 0.0671556 0.110718 0.0863771
0.0344694 0.64108 9.9991E-05 0.0234346 0.300916
0.0563332 0.777947 9.9991E-05 0.0400894 0.125531
9.9982E-05 0.798848 9.9982E-05 0.04687 0.154082
9.9982E-05 0.825692 9.9982E-05 0.010663 0.163445
0.0228389 0.749141 9.9982E-05 9.9982E-05 0.227821
0.339116 0.0305851 9.9991E-05 0.394703 0.235497
0.287398 0.0143457 9.9991E-05 0.547498 0.150658
0.337633 9.9973E-05 9.9973E-05 0.662067 9.9973E-05
0.541375 0.170148 0.141761 0.146616 9.9991E-05
0.561877 0.175779 0.0150362 0.176724 0.0705841
0.378655 0.0930389 0.0173909 0.510816 9.9991E-05
0.5992 0.00311772 0.151885 0.230667 0.0151307
0.515426 0.0386983 0.0200207 0.384273 0.0415825
0.715304 0.0534854 0.0145027 0.182955 0.0337533
0.626359 0.0486851 0.0360058 0.217325 0.0716243
0.424085 9.9982E-05 9.9982E-05 0.449632 0.126083
0.52612 9.9982E-05 9.9982E-05 0.316809 0.156871
0.495728 9.9982E-05 9.9982E-05 0.30398 0.200092
0.639157 0.102513 0.0225818 0.174107 0.0616406
0.61403 0.0279273 9.9991E-05 0.280503 0.0774399
0.539333 0.0630009 0.00154699 0.354806 0.0413124
0.439401 0.159716 0.367144 9.9991E-05 0.0336386
0.350814 0.0904293 0.507313 0.0249641 0.0264803
0.379464 0.0954939 0.468332 0.0566097 9.9991E-05
0.337429 0.128121 0.448024 0.0692662 0.0171601
0.464693 0.170618 0.2993 0.0458224 0.0195669
0.574335 0.0200149 0.0265012 0.379049 9.9991E-05
0.0605772 0.252382 0.651941 0.00406128 0.0310386
0.305426 0.180776 0.489725 0.0239728 9.9991E-05
0.370617 0.188136 0.205711 0.235436 9.9991E-05
0.600693 0.173514 0.0468883 0.0904372 0.0884677
0.433063 0.124304 0.0107366 0.277183 0.154714
0.655158 0.203063 9.9991E-05 0.0501284 0.09155
0.602125 0.1121 0.0230325 0.104153 0.158588
0.261118 0.29027 0.448412 9.9982E-05 9.9982E-05
0.278345 0.107037 0.447995 0.000735518 0.165887
0.454438 0.120064 0.425298 9.9982E-05 9.9982E-05
0.467468 0.133228 0.324353 0.0748505 9.9991E-05
0.263711 0.149253 0.570886 0.0160504 9.9991E-05
0.431539 0.103561 0.326097 9.9991E-05 0.138703
0.273558 0.131484 0.579391 0.0154664 9.9991E-05
0.343615 0.0898327 0.457219 9.9991E-05 0.109233
0.472072 0.163607 0.0382488 0.325972 9.9991E-05
0.265722 0.189469 0.414375 0.111688 0.0187466
0.148734 0.14855 0.702516 9.9982E-05 9.9982E-05
0.35958 0.117336 0.390973 0.0991886 0.0329217
0.261116 0.167532 9.9991E-05 0.279416 0.291836
0.549554 0.0128171 0.177981 0.233119 0.0265291
0.395462 0.179962 0.310692 0.0796048 0.0342795
0.684264 0.192054 0.025851 0.0621665 0.035664
0.589688 0.201341 9.9991E-05 0.173172 0.0356991
0.324429 0.196965 0.284044 0.150789 0.0437731
0.32205 0.259773 0.307999 0.0677413 0.0424375
0.607901 0.094325 0.153648 0.127131 0.0169953
0.374706 0.128371 0.397655 0.063646 0.0356224
0.403733 0.113419 0.482648 9.9982E-05 9.9982E-05
0.218761 0.220645 0.560394 9.9982E-05 9.9982E-05
0.639099 0.0976085 0.108268 0.144135 0.0108893
0.487714 0.17168 9.9991E-05 0.255956 0.0845504
0.166213 0.205533 0.0376605 0.590493 9.9991E-05
0.6078 0.136069 0.0587962 0.0636447 0.13369
0.499077 0.172552 9.9991E-05 0.161361 0.16691
0.512994 0.185565 0.162836 0.138505 9.9991E-05
0.502187 0.113171 0.142311 0.0939064 0.148425
9.9982E-05 0.355488 0.250946 0.393366 9.9982E-05
9.9982E-05 0.383344 0.149402 0.467054 9.9982E-05
0.282048 0.183383 0.162001 0.307078 0.0654898
0.00501773 0.419071 0.207434 0.363881 0.00459586
9.9982E-05 0.479211 0.222397 0.298192 9.9982E-05
0.302733 0.195729 0.163704 0.337733 9.9991E-05
0.359591 0.275315 0.145131 0.187327 0.0326369
0.178197 0.357176 0.170914 0.259269 0.034443
0.0805574 0.333587 0.218219 0.367537 9.9991E-05
0.525832 0.140702 0.158603 0.122941 0.0519211
0.193226 0.298444 0.135474 0.372756 9.9991E-05
9.9982E-05 0.54747 0.0722587 0.380071 9.9982E-05
0.513177 0.143598 0.211796 0.116244 0.0151852
0.32059 0.174922 0.269144 0.230458 0.00488639
0.422975 0.294555 0.212241 0.0433685 0.0268598
0.573564 0.170982 0.255254 9.9982E-05 9.9982E-05
0.53174 0.189173 0.260039 9.9991E-05 0.0189477
0.510641 0.0924963 0.336137 0.0606254 9.9991E-05
0.330064 0.442884 0.195814 9.9991E-05 0.031138
0.526252 0.240826 0.20463 9.9991E-05 0.0281924
0.494954 0.21965 0.256353 0.0289425 9.9991E-05
0.349521 0.272193 0.260167 0.118019 9.9991E-05
0.366945 0.100265 0.149666 0.20403 0.179095
0.508667 0.163654 0.161249 0.0605899 0.105839
0.472448 0.171079 0.164256 0.154595 0.0376221
0.595716 0.132533 0.119895 0.0968724 0.0549827
0.359962 0.321521 0.244732 0.0353815 0.0384041
0.458382 0.286092 0.223002 0.0324238 9.9991E-05
0.128856 0.445438 0.25171 0.173896 9.9991E-05
0.582481 0.194345 0.190949 9.9991E-05 0.0321261
0.188136 0.302048 0.377617 0.132098 9.9991E-05
9.9991E-05 0.792545 0.023213 0.0241414 0.16
0.0549055 0.0193661 0.0343585 0.0930801 0.79829
9.997E-05 9.997E-05 9.997E-05 9.997E-05 0.9996
9.9973E-05 0.034071 9.9973E-05 9.9973E-05 0.965629
0.0216249 9.9982E-05 0.00990621 9.9982E-05 0.968269
0.0591258 9.9982E-05 0.00953424 9.9982E-05 0.93114
0.0774182 9.9973E-05 9.9973E-05 9.9973E-05 0.922282
9.9973E-05 0.0363652 9.9973E-05 9.9973E-05 0.963335
9.9973E-05 0.15505 9.9973E-05 9.9973E-05 0.84465
0.0125692 0.906679 0.0462195 9.9991E-05 0.0344321
0.0545188 0.843058 9.9982E-05 9.9982E-05 0.102224
0.0530387 0.881873 0.0495386 0.0141576 0.00139181
0.0282465 0.837681 9.9982E-05 9.9982E-05 0.133873
0.0110824 0.869969 0.0502451 9.9991E-05 0.0686036
0.0241347 0.919951 0.0139456 0.00424955 0.0377196
0.0333129 0.734606 0.158379 0.0112029 0.0624991
0.0832003 0.885599 0.0310008 9.9982E-05 9.9982E-05
0.0476647 0.754018 0.0660196 0.0397311 0.0925668
9.9973E-05 0.892965 0.106735 9.9973E-05 9.9973E-05
9.9973E-05 0.970662 9.9973E-05 9.9973E-05 0.0290379
9.9982E-05 0.828482 0.0599899 9.9982E-05 0.111328
0.0119421 0.933272 0.0194894 9.9991E-05 0.035197
0.00874685 0.919664 0.0713894 9.9982E-05 9.9982E-05
0.0632995 0.875175 0.0420142 9.9991E-05 0.0194112
0.108954 0.856179 0.0346674 9.9982E-05 9.9982E-05
0.062274 0.798267 0.139259 9.9982E-05 9.9982E-05
0.118752 0.786932 0.0941163 9.9982E-05 9.9982E-05
0.0948628 0.822919 0.0820178 9.9982E-05 9.9982E-05
0.45946 0.213532 9.9991E-05 0.29968 0.0272279
0.788999 0.0753679 9.9982E-05 0.135433 9.9982E-05
0.531556 0.219045 0.0019155 0.166812 0.0806717
0.154987 0.117884 0.0453914 0.681638 9.9991E-05
0.6006 0.167393 9.9991E-05 0.139287 0.0926198
0.106182 0.22964 0.0307685 0.633309 9.9991E-05
0.699971 0.164106 0.0162532 0.061808 0.0578617
0.45734 0.139403 9.9991E-05 0.263465 0.139692
0.673545 0.117789 9.9991E-05 0.147529 0.0610383
0.646853 0.0138655 9.9991E-05 0.304021 0.0351609
0.535033 0.108819 9.9991E-05 0.183838 0.172211
0.641844 0.130938 0.0235133 0.157876 0.045829
0.613043 0.126736 9.9991E-05 0.0898366 0.170284
0.0726249 9.9991E-05 0.105559 0.347526 0.47419
9.9982E-05 0.102454 9.9982E-05 0.814161 0.0831848
0.191126 0.13202 0.0744824 0.571277 0.0310938
0.656289 0.133083 0.0256334 0.110206 0.0747883
0.523817 0.137277 0.0353083 0.301828 0.00176976
0.553776 0.209097 9.9982E-05 0.236927 9.9982E-05
0.560312 0.131111 0.0793771 0.164076 0.0651235
0.531488 0.266539 0.152912 0.0489612 9.9991E-05
0.573169 0.13157 0.22063 9.9991E-05 0.0745307
0.145207 0.413663 0.15009 0.137337 0.153702
0.681613 0.175218 0.0288773 9.9991E-05 0.114191
0.471809 0.272969 0.111473 0.0770915 0.066657
9.9982E-05 0.45153 0.196802 0.351468 9.9982E-05
0.341054 0.286864 0.200785 0.171196 9.9991E-05
0.324531 0.348634 0.184896 0.0636247 0.0783139
0.434656 0.327642 0.104037 9.9991E-05 0.133566
0.534128 0.114949 0.22215 0.0882857 0.0404875
0.519374 0.223288 0.130938 0.1263 9.9991E-05
0.561869 0.125676 0.181021 0.057091 0.074343
0.451925 0.236225 0.13024 0.174527 0.00708202
0.345715 0.491659 0.136311 0.026215 9.9991E-05
