0.0582663 9.9982E-05 0.0542884 9.9982E-05 0.887245
9.9982E-05 9.9982E-05 0.0104248 0.0674904 0.921885
0.0443253 0.117535 9.9982E-05 9.9982E-05 0.83794
0.0723247 0.00869411 0.107559 9.9991E-05 0.811322
0.0960143 0.011583 0.0322021 0.00257011 0.85763
0.10538 0.047002 0.0641686 0.175111 0.608339
0.00447503 0.0380817 9.9991E-05 0.0867372 0.870606
0.0507574 9.9991E-05 0.113331 0.106908 0.728904
9.9982E-05 9.9982E-05 0.0824056 0.0671642 0.85023
0.0482275 0.12608 0.0245281 0.0656985 0.735466
9.9991E-05 0.0366204 0.118963 0.029143 0.815173
0.0826411 0.343119 0.500118 0.0654658 0.00865568
0.0971498 0.559465 0.300524 9.9991E-05 0.0427608
0.0993949 0.295283 0.414792 0.172342 0.0181884
0.149492 0.343922 0.385738 0.0778223 0.0430255
0.149817 0.38697 0.207757 0.106787 0.148669
0.11666 0.57441 0.0544271 0.16263 0.0918729
0.0596519 0.4749 0.234382 0.225432 0.0056339
0.0985225 0.370876 0.329236 0.0749679 0.126397
0.0658517 0.0577005 0.652515 0.215529 0.00840402
0.0713724 0.458286 0.376264 0.0706351 0.0234425
0.0409151 0.497613 0.135986 0.254991 0.0704948
0.0599864 0.596835 0.217528 0.0287543 0.0968968
0.0740891 0.344229 0.291287 0.256898 0.0334965
0.145586 0.683532 0.10273 0.0680522 9.9991E-05
0.0899352 0.590295 0.209478 0.0703013 0.0399902
0.0996103 0.303233 0.453138 0.101261 0.0427579
0.163904 0.291795 0.410103 0.134098 9.9991E-05
9.9982E-05 0.295585 0.434825 0.269389 9.9982E-05
0.110409 0.043583 9.9982E-05 9.9982E-05 0.845808
0.0546855 0.113057 9.9982E-05 9.9982E-05 0.832058
0.0645759 0.101357 0.0204863 9.9991E-05 0.813481
0.091077 0.13528 9.9991E-05 0.0194113 0.754132
0.00860647 0.667442 0.145042 0.178292 0.000617068
0.0138095 0.71057 0.034222 0.10491 0.136488
0.0532283 0.712914 9.9991E-05 0.201922 0.0318354
0.00961054 0.180495 0.60744 0.0876373 0.114817
0.00324851 0.521944 0.0379981 0.436709 9.9991E-05
0.0883634 0.462922 0.24099 0.106363 0.101361
0.0972266 0.667702 9.9991E-05 0.184205 0.0507668
9.9991E-05 0.679024 0.0741425 0.130293 0.116441
0.0122557 0.759461 0.0704422 9.9991E-05 0.157741
9.9982E-05 0.348861 0.214481 0.436458 9.9982E-05
0.140592 0.586109 9.9991E-05 0.197458 0.0757411
0.0882625 0.656303 9.9991E-05 0.158743 0.096591
0.17284 0.498974 0.0535366 0.141347 0.133302
9.9973E-05 0.546659 9.9973E-05 0.453041 9.9973E-05
0.0967175 0.681265 9.9991E-05 0.127038 0.0948789
0.121527 0.551555 0.0585812 0.222716 0.045621
9.9982E-05 9.9982E-05 0.0347303 0.861824 0.103246
9.9982E-05 0.246871 0.427468 0.325461 9.9982E-05
0.0775003 0.0936189 0.25485 0.556104 0.0179266
0.0519909 0.629847 0.102042 0.0893058 0.126815
0.0954511 0.633603 0.168225 0.0223328 0.080388
0.108224 0.64887 0.0338709 0.124978 0.0840573
9.9991E-05 0.274534 0.401444 0.26717 0.056753
0.00572207 0.670321 0.253133 0.041272 0.0295523
0.147484 0.535995 0.0668931 0.155526 0.0941016
0.0656885 0.40535 0.199464 0.222642 0.106856
0.00971304 0.178215 0.322777 0.225938 0.263357
0.0926254 0.622764 0.0819342 0.152093 0.050583
0.131648 0.389645 0.367036 0.075553 0.0361178
9.9991E-05 0.103948 0.522491 0.3489 0.0245611
0.0714276 0.5437 0.23512 0.149652 9.9991E-05
0.0794302 0.68209 0.146952 0.0914276 9.9991E-05
0.0624941 0.60229 0.187236 0.0569919 0.0909875
0.0727361 0.411094 0.302082 0.147709 0.0663798
0.134728 0.481914 0.184149 0.18744 0.0117693
0.0957935 0.597669 0.196106 0.00418308 0.106248
9.9991E-05 0.313088 0.375365 0.278506 0.0329408
9.9982E-05 0.737045 0.146702 0.116053 9.9982E-05
9.9982E-05 0.416033 0.224817 0.35895 9.9982E-05
0.107376 0.576429 0.113069 0.0731266 0.13
9.9982E-05 0.180676 0.0189223 0.800202 9.9982E-05
9.9982E-05 0.211005 0.0482619 0.740534 9.9982E-05
9.9982E-05 0.504684 0.0631985 0.431918 9.9982E-05
9.9991E-05 0.674021 0.0807062 0.22334 0.0218329
0.00960069 0.657818 0.0274124 0.119125 0.186045
0.0536036 0.553927 0.0490149 0.343355 9.9991E-05
0.00629122 0.412113 0.323966 0.231778 0.0258512
9.9991E-05 0.417655 0.312826 0.256757 0.0126627
0.152029 0.558108 0.090188 0.157736 0.0419388
9.9991E-05 0.515956 0.0555558 0.407112 0.0212764
9.9991E-05 0.564569 0.0412185 0.33536 0.0587529
9.9982E-05 0.582535 9.9982E-05 0.400064 0.0172008
9.9991E-05 0.138738 0.0364426 0.81422 0.0104986
0.0584705 0.649588 0.134174 0.141986 0.0157812
0.0615006 0.0270445 0.106851 9.9991E-05 0.804504
9.9973E-05 0.0983136 9.9973E-05 9.9973E-05 0.901387
0.0303514 0.0902359 9.9982E-05 9.9982E-05 0.879213
9.9973E-05 0.0724203 9.9973E-05 9.9973E-05 0.92728
9.9973E-05 0.0981291 9.9973E-05 9.9973E-05 0.901571
9.9982E-05 0.0984576 9.9982E-05 0.00887443 0.892468
9.9973E-05 0.0560019 9.9973E-05 9.9973E-05 0.943698
0.0448675 0.6157 0.143504 0.110277 0.0856511
0.0877085 0.603051 0.106868 0.138709 0.0636632
9.9991E-05 0.270053 0.157936 0.561017 0.0108939
0.077922 0.654162 0.0565472 0.108317 0.103053
9.9991E-05 0.624161 0.162019 0.194216 0.0195041
0.0218049 0.718406 9.9991E-05 0.159408 0.100281
0.0627138 0.57849 9.9991E-05 0.305906 0.0527908
0.0197812 0.62337 9.9991E-05 0.283361 0.0733877
9.9991E-05 0.144425 0.324964 0.528441 0.00206969
0.0301578 0.577076 0.106133 0.152056 0.134577
0.0764006 0.681849 0.0805144 0.0696016 0.0916342
0.198395 0.549311 0.213226 0.0389689 9.9991E-05
0.00769768 0.44971 9.9982E-05 0.542392 9.9982E-05
0.0159619 0.623777 9.9991E-05 0.297854 0.0623074
9.9991E-05 0.597354 0.132601 0.233807 0.036138
0.0753884 0.411806 0.0249478 0.487758 9.9991E-05
9.9991E-05 0.56231 0.110575 0.238897 0.0881181
9.9991E-05 0.634745 0.0510942 0.101276 0.212785
0.108403 0.221862 0.388702 0.280932 9.9991E-05
0.08417 0.387901 0.366058 9.9991E-05 0.161771
0.0185976 0.560835 0.0946563 0.158974 0.166937
0.124414 0.663993 0.0554516 0.108551 0.0475907
9.9982E-05 0.543159 0.395841 9.9982E-05 0.0608006
0.145717 0.599773 0.246586 9.9991E-05 0.00782377
0.059075 0.525775 0.404978 9.9991E-05 0.0100715
0.112154 0.529532 0.119928 0.195435 0.0429517
0.0430233 0.65771 0.126789 0.0269252 0.145552
9.9991E-05 0.642151 0.169375 0.108932 0.0794423
9.9982E-05 0.560946 0.316609 0.122245 9.9982E-05
0.0654015 0.598295 0.107093 0.130973 0.0982368
0.0748746 0.636657 0.0707624 0.11976 0.0979458
0.0942956 0.651474 0.224029 0.0301013 9.9991E-05
0.0933458 0.549888 0.123679 0.112747 0.12034
0.132413 0.565182 0.14415 0.158155 9.9991E-05
0.0235674 0.424983 0.255773 0.190071 0.105606
0.109966 0.565991 0.235424 0.0765121 0.0121071
0.0881451 0.771168 0.106372 9.9991E-05 0.0342143
0.114985 0.285137 0.423958 0.175819 9.9991E-05
0.0873961 0.168711 0.361803 0.330773 0.0513178
0.000215538 0.643583 0.248165 0.0961062 0.0119297
0.0854703 0.0921453 0.327788 0.494497 9.9991E-05
9.9991E-05 0.387577 0.415433 0.159339 0.037551
9.9991E-05 0.50445 0.339484 0.14885 0.00711641
9.9991E-05 0.439992 0.541935 0.0174765 0.000495855
0.00159568 0.386968 0.477743 0.126263 0.00743025
0.0162346 0.743179 0.12442 0.0403568 0.0758096
0.131165 0.577479 0.122799 0.0810181 0.0875383
0.0105755 0.685331 0.156366 0.0822483 0.065479
0.0831081 0.182038 0.333314 0.40144 9.9991E-05
0.0162652 0.573327 0.0359192 0.184312 0.190176
0.0371902 0.612211 0.0341727 0.237335 0.0790906
9.9991E-05 0.0606769 0.112159 0.636196 0.190867
0.0556294 0.657731 9.9991E-05 0.146207 0.140333
9.9991E-05 0.431959 0.0936793 0.323236 0.151026
0.13304 0.526795 0.0116112 0.237364 0.0911887
0.0224921 0.278619 0.136774 0.415211 0.146904
9.9991E-05 0.249345 0.131757 0.473272 0.145526
9.9991E-05 0.502492 0.109089 0.299373 0.0889466
0.0827966 0.518158 0.147727 0.200098 0.0512195
0.0607516 0.496087 0.160474 0.133773 0.148914
0.176114 0.0947452 0.0120645 0.644006 0.0730702
0.124128 0.543409 9.9991E-05 0.217676 0.114687
9.9982E-05 0.47034 0.108639 0.420822 9.9982E-05
0.0290914 0.576265 0.0941765 0.300367 9.9991E-05
0.0907151 0.555726 0.060762 0.16688 0.125917
0.271377 0.158499 0.0476985 0.211547 0.310879
0.14638 9.9982E-05 9.9982E-05 0.273191 0.580229
0.168256 9.9982E-05 9.9982E-05 0.346709 0.484836
0.361699 0.0607124 0.0444274 0.134692 0.39847
0.0541375 0.699845 9.9991E-05 0.245748 0.000169464
0.101666 0.671199 0.0954211 0.118366 0.0133469
0.705669 0.247558 0.0465725 9.9982E-05 9.9982E-05
0.412864 0.387346 0.121228 9.9991E-05 0.0784618
0.496781 0.265306 0.0725088 0.106405 0.058999
9.9982E-05 0.461784 9.9982E-05 0.497151 0.0408649
0.0314336 0.639824 0.027731 0.255229 0.0457821
0.0651854 0.205907 0.00557992 0.690899 0.0324289
0.0562826 0.603963 0.0196171 0.286344 0.0337939
9.9991E-05 0.533707 0.0501871 0.347479 0.0685264
0.0708377 0.574924 0.0651499 0.27201 0.0170775
0.065056 0.24911 0.0476745 0.632338 0.00582188
0.0787506 0.679774 0.0290645 0.141485 0.0709259
0.106719 0.580985 0.0106363 0.203373 0.0982871
0.977604 9.9973E-05 9.9973E-05 0.0220963 9.9973E-05
0.88463 0.11507 9.9973E-05 9.9973E-05 9.9973E-05
0.528481 0.308916 0.00402103 0.0633423 0.0952396
0.701007 0.298694 9.9973E-05 9.9973E-05 9.9973E-05
0.813161 0.129522 9.9991E-05 0.0507018 0.00651478
0.9996 9.997E-05 9.997E-05 9.997E-05 9.997E-05
0.972502 9.9973E-05 0.0271982 9.9973E-05 9.9973E-05
0.902598 0.0927206 9.9982E-05 0.00448167 9.9982E-05
0.96441 0.0198822 0.015508 9.9982E-05 9.9982E-05
0.9996 9.997E-05 9.997E-05 9.997E-05 9.997E-05
0.9996 9.997E-05 9.997E-05 9.997E-05 9.997E-05
0.781864 0.171302 0.0149182 9.9991E-05 0.0318155
0.822303 0.0952652 0.0547589 9.9991E-05 0.0275733
0.979576 9.9973E-05 0.0201245 9.9973E-05 9.9973E-05
0.393051 0.333226 0.141502 0.0656402 0.0665804
0.709463 0.147393 0.142944 9.9982E-05 9.9982E-05
0.790966 0.146137 9.9982E-05 9.9982E-05 0.0626968
0.889885 0.0443594 0.0478161 9.9991E-05 0.0178393
0.9996 9.997E-05 9.997E-05 9.997E-05 9.997E-05
0.873274 0.0543332 9.9982E-05 9.9982E-05 0.0721926
0.993939 9.9973E-05 9.9973E-05 9.9973E-05 0.00576131
0.68114 0.236624 0.0624233 0.0197126 9.9991E-05
0.90373 0.0395006 0.0304536 0.00407149 0.0222442
0.0632682 9.9982E-05 9.9982E-05 0.547839 0.388693
0.096721 0.423193 0.0989988 0.194639 0.186448
0.096225 0.415833 0.0358895 0.236103 0.21595
0.206342 0.0982584 9.9991E-05 0.450576 0.244723
0.1187 0.566807 9.9991E-05 0.179132 0.135261
0.125612 0.198898 9.9991E-05 0.400598 0.274792
0.1403 0.442671 0.0779408 0.160993 0.178095
0.236427 0.284859 9.9991E-05 0.293295 0.185319
0.205667 0.439159 9.9991E-05 0.170323 0.184751
0.237606 0.256776 9.9991E-05 0.279527 0.225991
0.144349 0.450392 0.107271 0.141898 0.15609
9.9991E-05 0.0112792 0.104891 0.0124878 0.871242
0.0446892 9.9973E-05 9.9973E-05 9.9973E-05 0.955011
9.9973E-05 9.9973E-05 0.0222729 9.9973E-05 0.977427
9.9982E-05 0.0183564 0.0242748 9.9982E-05 0.957169
0.00667069 9.9982E-05 0.0762807 9.9982E-05 0.916849
0.0893811 9.9982E-05 9.9982E-05 0.0179731 0.892446
0.0433533 0.0248039 9.9982E-05 9.9982E-05 0.931643
9.9982E-05 0.00428772 0.0646427 9.9982E-05 0.93087
9.9973E-05 0.0553071 9.9973E-05 9.9973E-05 0.944393
0.107942 9.9991E-05 0.00111549 0.0164807 0.874362
0.0154761 9.9991E-05 0.261404 0.0917389 0.631281
0.0112668 9.9991E-05 0.344997 0.0508369 0.5928
9.9982E-05 9.9982E-05 0.281976 0.147081 0.570743
9.9982E-05 9.9982E-05 0.345048 0.142778 0.511974
0.00221478 0.616156 0.12001 0.20077 0.0608492
0.0271957 0.625886 0.135591 0.211227 9.9991E-05
0.0203852 0.643357 0.180658 0.105365 0.0502346
9.9991E-05 0.569273 0.231205 0.172927 0.0264956
0.0282998 0.183481 0.627848 0.160271 9.9991E-05
0.0282623 0.755641 9.9991E-05 0.184322 0.0316748
0.0557586 0.661742 0.0989776 0.183421 9.9991E-05
0.0222195 0.644333 0.125611 0.207736 9.9991E-05
0.0287579 0.524044 9.9982E-05 0.446998 9.9982E-05
0.0272181 0.693702 0.111928 0.121142 0.0460095
9.9982E-05 0.557908 0.207018 0.234873 9.9982E-05
9.9982E-05 0.0693759 0.164348 0.766076 9.9982E-05
0.0314964 0.596007 0.0688402 0.243595 0.0600621
0.00131431 0.415528 0.0193701 0.563688 9.9991E-05
0.000531581 0.657069 0.028644 0.313655 9.9991E-05
9.9991E-05 0.286782 0.337141 0.358222 0.0177542
0.0628936 9.9991E-05 0.759551 0.0531862 0.12427
0.0313331 0.0247719 0.775764 0.0887573 0.0793741
9.9982E-05 9.9982E-05 0.852134 0.104772 0.0428947
9.9982E-05 9.9982E-05 0.808503 0.0918597 0.0994375
0.0799139 9.9982E-05 0.853444 0.0664425 9.9982E-05
0.0909591 0.0444357 0.833258 9.9991E-05 0.0312468
0.0621803 0.0286582 0.0569097 9.9991E-05 0.852152
0.088531 0.000391746 0.0905802 9.9991E-05 0.820397
0.107829 0.117031 9.9982E-05 9.9982E-05 0.774939
0.132328 0.00964931 0.121358 9.9991E-05 0.736564
0.0707555 0.0878223 0.0369289 9.9991E-05 0.804393
9.9982E-05 9.9982E-05 0.53595 0.0806985 0.383151
9.9982E-05 9.9982E-05 0.388546 0.154183 0.457071
9.9982E-05 9.9982E-05 0.424097 0.108676 0.467028
0.0648396 0.0925636 0.0133228 9.9991E-05 0.829174
0.00262642 9.9991E-05 0.516294 0.110455 0.370524
0.415611 0.259578 9.9991E-05 0.0967543 0.227957
0.271774 0.561359 0.0738294 9.9991E-05 0.0929375
0.313164 0.535342 9.9982E-05 9.9982E-05 0.151294
0.292361 0.279277 0.00508435 0.159778 0.2635
0.294691 0.369943 0.149181 9.9991E-05 0.186085
0.347586 9.9982E-05 9.9982E-05 0.184447 0.467766
9.9982E-05 0.542924 0.337018 0.119858 9.9982E-05
0.00197022 0.430087 0.235321 0.332522 9.9991E-05
9.9982E-05 0.349059 0.538434 9.9982E-05 0.112306
0.0807305 0.448138 0.137525 0.333507 9.9991E-05
9.9973E-05 9.9973E-05 0.198838 0.800862 9.9973E-05
0.104483 0.593749 0.141058 0.0644277 0.096282
0.0387651 0.582386 0.20268 0.152193 0.023975
9.9991E-05 0.42907 0.45099 0.0995716 0.0202683
0.0973421 0.575004 0.205021 0.0406066 0.0820255
0.0223494 0.192928 0.252809 0.531813 9.9991E-05
0.137879 0.423696 0.141088 0.297236 9.9991E-05
0.04628 0.587458 0.276495 0.0896678 9.9991E-05
0.253328 0.417767 0.0954688 0.0898405 0.143596
0.0286253 0.444497 0.248173 0.278605 9.9991E-05
0.0115092 0.528347 0.268494 0.167746 0.0239028
0.134015 0.462505 0.144042 0.259337 9.9991E-05
9.9982E-05 0.705081 0.188641 0.106078 9.9982E-05
0.1342 0.644638 0.0699344 0.130152 0.0210756
0.116455 0.553853 0.116597 0.0555786 0.157517
0.122253 0.534487 0.218142 0.0932035 0.0319142
0.156007 0.0890163 9.9982E-05 9.9982E-05 0.754777
0.0485429 0.0826644 9.9991E-05 0.0308079 0.837885
9.9991E-05 0.0601502 0.051438 0.0526335 0.835678
0.0166215 0.0662234 0.0289308 0.0628122 0.825412
9.9973E-05 0.141664 9.9973E-05 9.9973E-05 0.858036
0.0817396 0.218983 0.630164 0.0690138 9.9991E-05
0.0937308 0.497406 0.154317 0.180958 0.0735885
0.254487 0.402595 0.0739362 0.0639992 0.204983
0.105538 0.636055 0.238158 0.020149 9.9991E-05
0.0590441 0.605037 0.320463 9.9991E-05 0.0153561
0.1069 0.271979 0.309757 0.29625 0.0151142
0.000173534 0.0107504 0.642131 0.184663 0.162282
0.060247 0.55329 0.335162 0.0379185 0.0133833
0.116966 0.120259 0.521689 0.185949 0.0551355
0.104261 0.380292 0.225815 0.253816 0.0358155
0.0424113 0.123036 0.555017 0.175144 0.104392
0.139324 0.570669 0.190124 9.9991E-05 0.0997833
0.104368 0.162619 0.547594 0.122364 0.063055
0.107729 0.367511 0.271914 0.242965 0.00988015
0.130071 0.432985 0.127064 0.265594 0.0442855
0.0144409 0.267167 0.110422 0.533748 0.0742225
0.0360643 0.632732 0.0456203 0.206352 0.0792312
0.0135582 0.621826 0.034469 0.152106 0.178041
9.9991E-05 0.4374 0.0659786 0.465291 0.0312305
0.116253 0.480394 0.134388 0.21268 0.0562849
0.0333506 0.616049 0.0481984 0.272789 0.0296124
9.9982E-05 0.138319 0.145501 0.71598 9.9982E-05
9.9982E-05 0.355471 9.9982E-05 0.624944 0.0193847
0.0143585 0.512611 0.051684 0.380028 0.0413191
9.9982E-05 0.242059 0.114012 0.643729 9.9982E-05
0.0281289 0.508356 0.152833 0.286536 0.0241464
0.0448146 0.119428 0.656113 0.179544 9.9991E-05
0.0392414 0.281747 0.318964 0.359948 9.9991E-05
0.129511 0.388709 0.407832 0.0473815 0.0265662
0.133032 0.671694 0.195073 9.9982E-05 9.9982E-05
9.9982E-05 0.349618 0.445851 0.204331 9.9982E-05
0.165073 0.416656 0.0963687 0.28146 0.0404422
0.126196 0.636138 0.145369 0.0863419 0.00595618
0.13524 0.480759 0.292033 0.0918683 9.9991E-05
0.179162 0.432104 0.280829 0.107804 9.9991E-05
0.046008 0.512809 0.336662 0.0634193 0.0411011
0.0817973 0.279701 0.550077 0.088325 9.9991E-05
0.164502 0.351263 0.39936 0.0847741 9.9991E-05
0.115423 0.608423 0.199568 0.0764855 9.9991E-05
0.126422 0.629837 0.133024 0.0636051 0.0471118
9.9991E-05 0.525529 0.182089 0.188437 0.103845
0.118171 0.543577 0.234217 0.103934 9.9991E-05
0.0287959 0.429348 0.431285 0.000878605 0.109693
0.103459 0.629812 0.211327 0.0217985 0.0336032
0.144325 0.537577 0.156467 0.104716 0.0569155
0.188445 0.474188 0.147699 0.134037 0.05563
0.160035 0.411909 9.9991E-05 0.0370198 0.390936
0.273811 0.463574 9.9991E-05 0.124381 0.138134
0.17864 0.541076 0.0249648 0.0993707 0.155949
0.191851 0.558417 0.0733154 0.127415 0.0490015
0.236276 0.495078 9.9991E-05 0.104766 0.163781
0.0920055 0.471424 0.180131 0.25634 9.9991E-05
0.145443 0.420527 0.0915785 0.176352 0.1661
0.204478 9.9982E-05 9.9982E-05 0.528607 0.266715
0.216424 0.487701 0.0557276 0.100852 0.139295
0.255487 0.484897 0.0797244 0.0399761 0.139916
0.252495 0.48268 0.00212084 0.150199 0.112505
0.167121 0.318601 0.088592 0.232262 0.193423
0.186608 0.478776 9.9991E-05 0.127987 0.206529
0.278288 0.435625 0.0610589 0.116335 0.108693
0.196571 9.9982E-05 9.9982E-05 0.304494 0.498735
0.27327 0.516929 9.9991E-05 0.0124517 0.197249
0.29739 0.501167 0.0382312 0.0187796 0.144433
0.181944 0.643295 9.9991E-05 0.0361784 0.138482
0.27747 0.504348 0.00206693 9.9991E-05 0.216014
0.133413 0.568179 0.0377163 0.0953825 0.165309
0.09032 0.498665 0.0741041 0.331406 0.00550527
0.122527 0.51188 0.02209 0.258443 0.0850595
9.9982E-05 0.143298 0.16723 0.689272 9.9982E-05
9.9982E-05 0.0805474 0.0814654 0.837787 9.9982E-05
0.23016 0.350093 0.149115 0.245715 0.0249177
0.395964 0.388439 9.9991E-05 0.133997 0.0814996
0.442474 0.22782 9.9991E-05 0.237817 0.0917891
0.246347 0.235366 9.9991E-05 0.257433 0.260754
0.350938 0.360223 0.0169183 0.0606576 0.211263
0.149204 0.104697 9.9991E-05 0.631574 0.114425
0.18354 0.158258 9.9991E-05 0.541194 0.116908
0.20008 0.488767 9.9982E-05 0.310954 9.9982E-05
0.158457 0.474321 0.00111802 0.312382 0.0537227
0.161824 0.227062 9.9991E-05 0.547238 0.0637765
0.134921 0.510112 0.112191 0.194717 0.0480586
0.230696 0.499582 9.9982E-05 0.269522 9.9982E-05
0.0809719 0.508093 0.0226212 0.224511 0.163803
0.0448146 0.432727 0.0640227 0.458336 9.9991E-05
0.0646442 0.387639 0.0468526 0.489618 0.0112459
0.0815402 0.55892 0.112367 0.221108 0.0260639
0.11242 0.362924 0.0995139 0.345442 0.0797
0.16893 0.468049 0.0396782 0.226531 0.0968115
0.0317309 0.547348 9.9982E-05 0.420721 9.9982E-05
9.9982E-05 0.290415 0.0944439 0.614941 9.9982E-05
0.065827 0.597659 9.9982E-05 0.336314 9.9982E-05
0.0204632 0.284936 0.066921 0.627579 9.9991E-05
0.0372152 0.506333 0.0178833 0.42987 0.0086981
0.0527866 0.626927 0.0728582 0.167752 0.0796763
0.10361 0.536412 0.0226878 0.33719 9.9991E-05
0.220653 0.464778 0.0231966 0.098036 0.193337
0.199847 0.397157 0.0791817 0.188899 0.134915
0.307541 0.3994 0.0146354 0.165882 0.112541
0.215763 0.376226 0.116237 0.0964571 0.195317
0.18409 0.541924 0.0380234 0.0522864 0.183676
0.236544 0.368412 0.121929 0.178186 0.094929
0.216593 9.9982E-05 9.9982E-05 0.617144 0.166062
0.319937 0.526207 0.00574984 0.0731803 0.0749256
0.159791 9.9982E-05 9.9982E-05 0.440897 0.399112
0.312358 0.525653 9.9991E-05 0.118959 0.0429299
9.9973E-05 0.199304 9.9973E-05 0.800396 9.9973E-05
0.0255601 0.0200367 0.0918859 0.862417 9.9991E-05
0.017301 0.563472 0.0347621 0.384365 9.9991E-05
0.119757 0.597919 9.9982E-05 0.282124 9.9982E-05
9.9982E-05 0.491405 0.0166519 0.491744 9.9982E-05
9.9982E-05 0.644489 0.00728761 0.348023 9.9982E-05
0.0679875 0.595026 0.0210475 0.315839 9.9991E-05
0.0909932 0.0826551 0.00847575 0.00668042 0.811196
0.104488 9.9991E-05 0.142656 0.0544796 0.698277
0.0431779 9.9982E-05 0.0662079 9.9982E-05 0.890414
9.9973E-05 0.0312719 9.9973E-05 9.9973E-05 0.968428
0.04629 0.540523 0.0390464 0.321708 0.0524329
9.9991E-05 0.625278 0.0281821 0.276202 0.0702377
9.9991E-05 0.633627 0.109253 0.241225 0.0157945
0.0172392 0.723704 0.0578913 0.112173 0.0889928
0.0258938 0.572536 0.10365 0.170009 0.127912
9.9991E-05 0.42174 0.137279 0.420675 0.0202063
0.0544805 0.769284 0.00705804 0.169077 9.9991E-05
9.9973E-05 0.480896 9.9973E-05 0.518804 9.9973E-05
0.18915 0.465038 0.0747687 9.9991E-05 0.270943
0.105859 0.505046 0.102035 0.286959 9.9991E-05
9.9982E-05 0.57577 0.14713 0.2769 9.9982E-05
0.056817 0.672485 0.00219332 0.225773 0.0427319
9.9991E-05 0.630349 0.0979867 0.268891 0.00267369
0.0338107 0.710086 9.9982E-05 0.255903 9.9982E-05
9.9982E-05 0.71596 9.9982E-05 0.190849 0.0929915
9.9973E-05 0.355079 9.9973E-05 0.644621 9.9973E-05
9.9991E-05 0.399889 0.0596938 0.501984 0.0383335
0.0341192 0.4561 0.143904 0.365777 9.9991E-05
9.9973E-05 0.0647273 9.9973E-05 0.934973 9.9973E-05
0.0260397 0.54118 0.146997 0.255373 0.0304114
0.00903692 0.22668 9.9982E-05 0.764083 9.9982E-05
9.9982E-05 0.0927071 0.0601788 0.846914 9.9982E-05
0.0730546 0.634788 9.9991E-05 0.271916 0.0201414
9.9991E-05 0.411969 0.182565 0.360102 0.0452631
0.0226223 0.619863 0.147097 0.210317 9.9991E-05
0.0435183 0.698769 9.9991E-05 0.131163 0.12645
9.9982E-05 0.63144 0.189453 0.178906 9.9982E-05
0.115574 0.404608 0.251601 0.228117 9.9991E-05
0.00973038 0.682564 0.155224 0.151001 0.00148011
0.0406401 0.601852 0.123874 0.233535 9.9991E-05
9.9982E-05 0.515855 0.039282 0.444663 9.9982E-05
0.0581695 0.577505 9.9991E-05 0.241566 0.122659
9.9982E-05 9.9982E-05 0.271343 0.0661562 0.662301
9.9991E-05 0.0686958 0.0651002 0.0887325 0.777371
9.9982E-05 9.9982E-05 0.140149 0.0218014 0.837849
9.9982E-05 9.9982E-05 0.146135 0.0425382 0.811127
9.9982E-05 0.0172648 0.223585 9.9982E-05 0.75895
9.9991E-05 0.347028 0.246048 0.395248 0.0115757
9.9982E-05 0.329212 0.281124 0.389465 9.9982E-05
9.9973E-05 0.351582 9.9973E-05 0.648118 9.9973E-05
0.0462862 0.652004 0.069619 0.138728 0.0933631
9.9991E-05 0.685013 0.0621851 0.159329 0.0933731
9.9991E-05 0.45887 0.0350614 0.481608 0.0243611
0.0863658 0.721164 9.9991E-05 0.18657 0.00580024
9.9973E-05 0.598724 9.9973E-05 0.400976 9.9973E-05
9.9991E-05 0.695789 0.0859775 0.180389 0.0377447
0.0771468 0.722754 0.0876833 0.108353 0.00406349
9.9982E-05 0.425261 0.208554 0.365985 9.9982E-05
9.9982E-05 0.553099 0.143087 0.303614 9.9982E-05
9.9982E-05 0.552054 0.231458 0.216288 9.9982E-05
0.116118 0.611749 0.034262 0.174443 0.0634283
9.9991E-05 0.548505 0.0949956 0.329592 0.0268072
0.0350371 0.625466 0.0932445 0.189258 0.0569947
0.471051 0.403173 0.0221283 9.9991E-05 0.103548
0.495645 0.366807 9.9991E-05 0.0555395 0.0819077
0.497418 0.373038 9.9991E-05 0.0374369 0.0920072
0.551586 0.294481 9.9991E-05 0.0317811 0.122052
0.370565 0.459011 0.0509198 9.9991E-05 0.119405
0.0399183 0.566921 9.9991E-05 0.377173 0.0158878
0.715374 9.9991E-05 0.00897951 0.000840476 0.274706
0.562919 0.260554 0.0131031 0.00043565 0.162988
0.163452 0.427807 9.9991E-05 0.225259 0.183381
9.9991E-05 0.668279 0.0388464 0.135266 0.157509
0.0661898 0.432119 0.0762297 0.257908 0.167553
0.0472812 0.61469 0.0576307 0.10354 0.176857
0.00107583 0.638095 0.00184694 0.154205 0.204778
0.594033 0.239435 9.9982E-05 9.9982E-05 0.166333
0.395639 0.367187 0.094917 0.0063847 0.135872
0.523277 0.408654 9.9982E-05 9.9982E-05 0.0678692
0.305012 0.453309 0.071587 0.0419573 0.128134
0.579101 0.226686 9.9991E-05 0.0679371 0.126176
0.288245 0.379409 0.0634176 0.083943 0.184985
0.612326 0.217635 0.060588 0.0134449 0.0960055
0.488171 0.296174 0.136607 0.0789486 9.9991E-05
0.0549147 0.609274 0.00937032 0.227552 0.0988889
0.313822 0.385831 0.0185789 0.0444676 0.2373
0.647535 0.182659 9.9991E-05 0.02479 0.144916
0.432845 0.333213 9.9991E-05 0.142567 0.0912744
0.00859354 0.263187 0.27179 0.28347 0.17296
0.226308 0.53219 0.0283653 0.213037 9.9991E-05
0.352629 0.405815 0.0844244 9.9991E-05 0.157032
0.0718889 0.539214 0.0485116 0.170628 0.169758
9.9991E-05 0.562513 0.00672177 0.189427 0.241239
0.276621 0.35062 0.0950605 0.103267 0.174432
0.359734 0.276521 9.9991E-05 0.14928 0.214365
0.191631 0.522692 0.0503786 0.138122 0.097176
0.441359 0.293622 0.0529939 0.0170681 0.194956
0.487095 0.372119 9.9991E-05 0.040513 0.100173
0.660512 0.120575 9.9982E-05 9.9982E-05 0.218714
0.105657 0.644394 9.9991E-05 0.144199 0.10565
9.9991E-05 0.556603 0.0628874 0.197876 0.182533
0.101972 0.165643 9.9991E-05 0.569752 0.162533
0.0541266 0.607146 0.0961697 0.0919995 0.150558
0.0629349 0.423272 0.176302 0.233315 0.104176
0.114492 0.567001 9.9991E-05 0.069668 0.248739
0.125578 0.417167 0.0258466 0.189519 0.24189
0.252546 9.9982E-05 9.9982E-05 0.409774 0.337479
0.163009 9.9982E-05 9.9982E-05 0.461173 0.375618
0.202296 0.175491 0.026818 0.405985 0.189409
0.269941 0.0082595 0.00126114 0.345914 0.374624
0.250129 9.9982E-05 9.9982E-05 0.265761 0.483911
0.178256 0.32199 0.0192308 0.311664 0.168859
0.140008 0.384387 9.9991E-05 0.19829 0.277215
0.183736 0.192274 9.9991E-05 0.269791 0.3541
0.191463 0.0870109 0.0102658 0.370478 0.340782
0.147959 0.494195 0.0463408 0.133179 0.178326
0.195353 0.0974291 9.9991E-05 0.484964 0.222154
0.104115 9.9982E-05 9.9982E-05 0.395158 0.500527
0.25631 0.531579 0.0885848 0.0483907 0.0751346
0.292024 0.2937 0.0918386 0.173197 0.149241
0.187718 0.449121 0.0708621 9.9991E-05 0.292199
0.244626 0.585738 9.9982E-05 9.9982E-05 0.169436
0.246753 0.521109 9.9991E-05 0.116309 0.115728
0.305075 0.45905 0.0401793 9.9991E-05 0.195596
0.189885 0.410306 9.9982E-05 9.9982E-05 0.399609
0.226785 0.499152 0.070132 0.00373886 0.200192
0.29463 0.419321 0.0515507 9.9991E-05 0.234398
0.295542 0.300275 0.0175596 0.110104 0.276519
0.117677 0.315074 0.204738 0.208501 0.15401
0.0610805 0.639915 0.0364185 0.0121125 0.250474
0.265724 0.514661 0.0311958 0.0344041 0.154015
0.0828828 0.684256 0.0554696 0.0432988 0.134093
0.318477 0.39272 9.9991E-05 0.0130065 0.275697
0.20035 0.491629 9.9991E-05 0.0862605 0.22166
0.262049 0.112494 9.9991E-05 0.224646 0.400711
0.207789 0.475506 0.123988 0.0171174 0.175599
0.405312 0.14083 9.9991E-05 0.161319 0.292439
9.9991E-05 0.0155523 0.0975313 0.0723986 0.814418
0.00441998 0.102593 0.805408 0.0136321 0.073947
9.997E-05 9.997E-05 0.9996 9.997E-05 9.997E-05
9.997E-05 9.997E-05 0.9996 9.997E-05 9.997E-05
9.9973E-05 0.039178 0.960522 9.9973E-05 9.9973E-05
0.0515362 0.00596489 0.942299 9.9982E-05 9.9982E-05
9.9973E-05 0.091116 0.908584 9.9973E-05 9.9973E-05
9.9973E-05 9.9973E-05 0.96328 9.9973E-05 0.0364204
9.9973E-05 9.9973E-05 0.803737 9.9973E-05 0.195963
0.0391377 0.00464441 0.00624893 0.0152025 0.934766
9.9982E-05 0.0402066 0.143259 9.9982E-05 0.816334
0.0204079 0.0353217 0.0123021 9.9991E-05 0.931868
9.9991E-05 0.0210584 0.107471 0.0424106 0.82896
0.0419932 0.0105868 0.0242062 9.9991E-05 0.923114
9.9982E-05 9.9982E-05 0.0355995 0.075052 0.889148
0.145968 0.00286694 0.0799521 0.0214495 0.749764
0.0757433 9.9982E-05 9.9982E-05 0.0358003 0.888256
0.110159 0.0255435 0.146192 9.9991E-05 0.718006
0.0615302 0.00674749 9.9982E-05 9.9982E-05 0.931522
9.9973E-05 9.9973E-05 0.0235755 9.9973E-05 0.976125
0.0601496 9.9991E-05 0.0410049 0.0172665 0.881479
0.0203698 9.9982E-05 0.0237711 9.9982E-05 0.955659
0.0159779 0.0256609 0.0158864 9.9991E-05 0.942375
0.0639151 0.0733566 9.9982E-05 9.9982E-05 0.862528
0.0636871 0.0715349 9.9982E-05 9.9982E-05 0.864578
0.169499 0.0491413 9.9982E-05 9.9982E-05 0.78116
0.0984493 0.118772 9.9982E-05 9.9982E-05 0.782579
0.0560284 0.113558 9.9982E-05 9.9982E-05 0.830214
0.0587746 0.418441 0.0959667 0.269607 0.15721
9.9982E-05 0.807037 9.9982E-05 0.0729551 0.119808
0.0686722 0.607413 0.0881572 0.113229 0.122529
0.0115258 0.142035 9.9991E-05 0.731935 0.114404
0.0415266 0.60003 0.139262 0.0582571 0.160925
0.0431645 0.122145 9.9991E-05 0.633055 0.201535
0.109462 0.674088 9.9991E-05 0.133077 0.0832732
9.9991E-05 0.514158 0.170733 0.212493 0.102517
9.9991E-05 0.580444 0.0420729 0.201308 0.176076
0.0240893 0.6323 9.9991E-05 0.315767 0.0277439
9.9991E-05 0.490663 0.145705 0.224876 0.138656
9.9991E-05 0.747678 0.0112292 0.0772877 0.163705
0.0409244 0.616225 0.0600448 0.204092 0.0787137
0.0773275 0.0318107 0.505724 0.385038 9.9991E-05
9.9982E-05 9.9982E-05 0.0399769 0.863999 0.0958245
0.0324585 0.181119 0.0706036 0.590266 0.125553
0.0735806 0.664702 0.0994379 0.0676198 0.0946593
9.9991E-05 0.650512 0.0295728 0.157139 0.162677
9.9982E-05 0.634596 9.9982E-05 0.200772 0.164432
0.11776 0.692637 9.9991E-05 0.121696 0.0678071
0.22167 0.534279 0.0023861 0.0178078 0.223857
0.165848 0.592026 0.024907 9.9991E-05 0.217118
0.141158 0.118056 0.0706506 0.22878 0.441355
0.151661 0.496114 0.0869379 0.091734 0.173552
0.14539 0.483243 0.0700712 0.0446349 0.256661
0.203407 9.9982E-05 9.9982E-05 0.335485 0.460908
0.213454 0.312006 9.9991E-05 0.144696 0.329744
0.18497 0.331408 0.012683 0.124451 0.346488
0.139885 0.436481 0.0625892 9.9991E-05 0.360945
0.19331 0.508013 0.0402197 0.0915551 0.166902
0.144101 0.601243 0.0173492 0.0272673 0.210039
0.213178 0.591403 0.0215334 0.0165292 0.157357
0.193714 0.432513 9.9991E-05 0.209446 0.164226
0.152381 0.338487 0.0109533 0.0344514 0.463727
