0.0388243 0.0205885 0.0325177 9.9991E-05 0.90797
0.0113326 9.9982E-05 0.00729269 9.9982E-05 0.981175
9.9991E-05 0.0608005 0.0191572 0.00970116 0.910241
0.0121386 0.127833 0.0214796 9.9991E-05 0.838449
9.9973E-05 0.0918513 9.9973E-05 9.9973E-05 0.907849
0.0271726 0.118246 0.0475634 0.122956 0.684062
9.9991E-05 0.0237875 0.0320237 0.0902681 0.853821
0.0187783 0.0387576 0.0760254 0.115832 0.750607
9.9982E-05 9.9982E-05 0.147748 0.0147446 0.837307
9.999E-05 0.0378028 0.0463323 0.111385 0.80438
9.9991E-05 0.0873191 0.0601068 0.0574729 0.795001
0.0419687 0.259346 0.563328 0.1059 0.0294563
0.086878 0.539818 0.304234 9.9991E-05 0.0689698
0.09229 0.280893 0.510321 0.0994438 0.0170528
0.126006 0.318519 0.442052 0.052944 0.0604784
0.126654 0.454683 0.336395 9.9991E-05 0.0821682
0.115328 0.546483 0.244595 0.0834491 0.0101455
0.0688617 0.501836 0.299643 0.100556 0.0291024
0.0838308 0.292695 0.443621 0.0710277 0.108825
0.022996 0.0666497 0.736104 0.168516 0.00573434
0.0390082 0.483664 0.321281 0.131557 0.0244889
0.103661 0.42602 0.189238 0.260138 0.0209435
0.0226447 0.628133 0.200179 0.0600913 0.0889523
0.0577273 0.303302 0.423949 0.124451 0.0905705
0.112514 0.674019 0.064847 0.0420852 0.106536
0.0508921 0.569765 0.272622 0.0431452 0.0635764
0.0285201 0.296284 0.523133 0.111356 0.0407064
0.0917108 0.303245 0.458512 0.0850508 0.0614815
9.9991E-05 0.287957 0.513162 0.180693 0.0180887
0.0015359 0.101143 9.9982E-05 9.9982E-05 0.897121
9.9973E-05 0.119672 9.9973E-05 9.9973E-05 0.880028
0.0926604 0.0979513 9.9982E-05 9.9982E-05 0.809188
0.0696685 0.168251 9.9982E-05 9.9982E-05 0.761881
9.9991E-05 0.562568 0.0970691 0.22963 0.110633
0.0294188 0.613719 0.0873727 0.16983 0.0996595
0.00299674 0.718611 9.9991E-05 0.240724 0.0375687
0.00956049 0.222213 0.675635 0.0704986 0.0220933
9.9982E-05 0.444728 0.0391162 0.515956 9.9982E-05
0.0163072 0.643436 0.170724 0.0700622 0.0994712
9.9991E-05 0.803445 0.00699144 0.128554 0.0609094
9.9991E-05 0.628806 0.049957 0.168492 0.152645
0.0338754 0.622763 0.0898467 0.143465 0.11005
9.9982E-05 0.336141 0.330571 0.333088 9.9982E-05
0.0735753 0.625313 0.0238541 0.161689 0.115569
0.0616661 0.625175 0.00868589 0.198251 0.106223
0.0427458 0.636357 0.0424547 0.118619 0.159824
9.9982E-05 0.516755 0.0433837 0.439661 9.9982E-05
0.0326504 0.66468 0.0964532 0.0987509 0.107465
0.0568861 0.612987 0.0548343 0.140733 0.13456
9.9982E-05 9.9982E-05 0.123285 0.858312 0.0182026
9.9982E-05 0.203814 0.632712 0.163273 9.9982E-05
0.07135 0.183744 0.248599 0.496207 9.9991E-05
0.0832511 0.591002 0.131965 0.116124 0.0776579
0.0949897 0.590754 0.133984 0.0810878 0.0991842
0.122294 0.559801 0.0879954 0.185505 0.0444046
0.0183553 0.23929 0.518368 0.111415 0.112572
0.0382878 0.579078 0.343818 0.0276944 0.0111219
0.0953096 0.602506 0.176665 0.0435799 0.0819395
0.0439604 0.421428 0.246789 0.15254 0.135282
9.9991E-05 0.181985 0.488908 0.176383 0.152624
0.0771931 0.541423 0.165623 0.122559 0.0932025
0.0468967 0.538144 0.251186 0.0799932 0.0837805
9.9991E-05 0.135235 0.56281 0.224639 0.0772161
9.9982E-05 0.511365 0.398584 0.0898516 9.9982E-05
0.055883 0.646315 0.094298 0.16339 0.040114
0.034416 0.658392 0.129021 0.0986653 0.0795055
0.0739356 0.30788 0.398182 0.168583 0.0514199
0.0597796 0.539172 0.227533 0.11027 0.0632443
0.0929602 0.564472 0.245851 0.0617956 0.0349212
9.9991E-05 0.278772 0.507801 0.176013 0.0373133
9.9991E-05 0.651558 0.145812 0.187611 0.0149182
9.9982E-05 0.398494 0.294693 0.306613 9.9982E-05
0.0616849 0.56962 0.0646934 0.187466 0.116536
9.9982E-05 0.191735 0.0630606 0.745004 9.9982E-05
9.9982E-05 0.166807 0.0702217 0.762771 9.9982E-05
9.9973E-05 0.441277 9.9973E-05 0.558423 9.9973E-05
9.9991E-05 0.617758 0.176048 0.177026 0.0290679
0.0845685 0.584949 0.0587687 0.135686 0.136028
9.9982E-05 0.640459 0.00349402 0.355847 9.9982E-05
9.9982E-05 0.347687 0.333404 0.318709 9.9982E-05
9.9982E-05 0.422817 0.29911 0.277872 9.9982E-05
0.0086642 0.622431 0.0872113 0.204009 0.0776842
9.9982E-05 0.525902 0.21143 0.262468 9.9982E-05
9.9991E-05 0.598338 0.161007 0.234516 0.00603852
9.9991E-05 0.600736 0.0431796 0.351104 0.0048805
0.0199702 0.0506068 0.0633524 0.865971 9.9991E-05
0.059623 0.697629 0.0640188 0.167358 0.0113716
0.000515345 0.0669401 0.0764616 9.9991E-05 0.855983
0.00488946 0.0701418 9.9982E-05 9.9982E-05 0.924769
0.0413871 0.0990251 9.9982E-05 9.9982E-05 0.859388
0.0511861 0.00717687 9.9982E-05 9.9982E-05 0.941437
0.0437613 9.9973E-05 9.9973E-05 9.9973E-05 0.955939
0.0622991 0.0706608 9.9982E-05 9.9982E-05 0.86684
9.9973E-05 0.0626347 9.9973E-05 9.9973E-05 0.937065
0.0528244 0.624459 0.115252 0.124139 0.0833254
0.0679534 0.61227 0.0859852 0.124238 0.109553
9.9991E-05 0.225113 0.356899 0.415437 0.00245081
0.0492801 0.618358 0.141549 0.131033 0.0597803
9.9991E-05 0.537093 0.244786 0.217002 0.00101837
9.9991E-05 0.676082 0.0868891 0.185476 0.0514529
0.0110098 0.669493 0.00785703 0.243258 0.0683821
0.0281176 0.600958 0.0909764 0.25622 0.0237271
9.9982E-05 0.186474 0.441565 0.37176 9.9982E-05
0.0698213 0.533166 0.123739 0.187877 0.0853963
0.00343268 0.750461 0.0852938 0.0669757 0.093837
0.0273852 0.682214 0.0461875 0.112108 0.132105
9.9991E-05 0.404299 0.116564 0.477635 0.00140183
9.9982E-05 0.653322 0.0256871 0.320791 9.9982E-05
9.9991E-05 0.594631 0.195222 0.195395 0.0146513
9.9982E-05 0.563593 0.0396084 0.396599 9.9982E-05
9.9991E-05 0.546571 0.209156 0.223597 0.0205761
0.101006 0.529627 0.14281 0.129865 0.0966924
0.10439 0.27374 0.370546 0.236815 0.0145084
0.00671144 0.480978 0.350283 0.0784821 0.0835457
0.0868598 0.517547 0.20802 0.0615512 0.126022
0.0424623 0.658828 0.0885855 0.0980743 0.11205
0.00482606 0.544126 0.377081 0.0226298 0.0513372
0.046115 0.631591 0.264059 0.0327222 0.0255134
0.017476 0.482575 0.428129 9.9991E-05 0.0717197
0.0369885 0.550217 0.130514 0.158195 0.124085
0.0593169 0.640021 0.153696 0.059552 0.0874143
9.9991E-05 0.65002 0.262708 0.0218548 0.0653177
9.9991E-05 0.611067 0.324126 0.0219597 0.0427468
0.0838455 0.635403 0.152431 0.0793741 0.0489461
0.126863 0.573779 0.1061 0.0832077 0.11005
0.0994232 0.593524 0.203887 0.103066 9.9991E-05
0.137703 0.526607 0.114704 0.109861 0.111124
0.0717826 0.592834 0.206187 0.117423 0.0117732
0.121991 0.277126 0.285598 0.24267 0.0726149
0.0797667 0.608906 0.155575 0.0774256 0.0783261
0.0782205 0.65882 0.122135 0.108417 0.0324078
0.00587426 0.256074 0.59826 0.122135 0.0176573
0.0799345 0.163583 0.307187 0.449196 9.9991E-05
0.0502474 0.509427 0.235488 0.130127 0.0747108
0.0492493 0.096564 0.346176 0.50791 9.9991E-05
0.00966274 0.383031 0.568261 0.0272208 0.0118241
0.00755685 0.482287 0.478527 0.0315298 9.9991E-05
9.9982E-05 0.419995 0.512189 0.0676161 9.9982E-05
9.9982E-05 0.404206 0.530585 0.0650083 9.9982E-05
0.0126787 0.621697 0.18539 0.103424 0.0768106
0.124119 0.566647 0.16066 0.0577636 0.0908094
0.0872434 0.574631 0.296297 0.0417289 9.9991E-05
0.0672072 0.163755 0.414848 0.354091 9.9991E-05
0.0794431 0.513323 0.102679 0.140292 0.164262
0.0753951 0.496733 0.0147047 0.294771 0.118396
9.9982E-05 9.9982E-05 0.0548906 0.778358 0.166551
0.100155 0.650475 0.00309255 0.125194 0.121084
0.0623801 0.314239 0.0667957 0.428815 0.12777
0.0847994 0.520027 9.9991E-05 0.230304 0.16477
9.9991E-05 0.27569 0.101809 0.486502 0.135899
9.9991E-05 0.121683 0.0845869 0.66539 0.12824
0.0385973 0.433229 0.0874057 0.374859 0.0659086
0.117147 0.484303 0.0610394 0.203637 0.133874
0.0562214 0.422214 0.138561 0.184173 0.198831
0.121115 0.0967988 0.125714 0.602748 0.0536244
0.0874722 0.563202 0.062739 0.146088 0.140498
9.9982E-05 0.406231 0.0710391 0.52253 9.9982E-05
0.0231307 0.494429 0.0917606 0.39058 9.9991E-05
0.0805806 0.612311 0.0767109 0.0980552 0.132343
0.270992 0.118441 9.9991E-05 0.215261 0.395206
0.151369 9.9982E-05 9.9982E-05 0.317468 0.530963
0.147198 9.9982E-05 9.9982E-05 0.349124 0.503479
0.280089 0.0855156 9.9991E-05 0.249987 0.384308
9.9991E-05 0.676562 0.0280373 0.272891 0.0224102
0.0584404 0.678255 0.0428752 0.137171 0.0832588
0.675693 0.324007 9.9973E-05 9.9973E-05 9.9973E-05
0.458162 0.429715 0.0774927 9.9991E-05 0.0345302
0.413122 0.401843 0.0968905 0.0147847 0.0733604
0.0258087 0.29424 0.0547875 0.58151 0.0436545
0.0566484 0.50338 0.111239 0.207285 0.121448
0.000999146 0.31642 0.0557221 0.605828 0.0210309
0.019713 0.607759 9.9991E-05 0.273376 0.0990516
0.0397933 0.465825 0.0292126 0.379339 0.0858298
0.00648931 0.610086 9.9991E-05 0.350404 0.0329208
0.0189529 0.23582 9.9991E-05 0.708025 0.0371026
0.0283585 0.680332 9.9991E-05 0.167434 0.123775
0.0736745 0.585047 0.031127 0.187606 0.122546
0.956974 0.0273466 0.0141409 9.9991E-05 0.00143806
0.896053 0.0978403 0.00590701 9.9982E-05 9.9982E-05
0.533204 0.34414 0.0697629 9.9991E-05 0.0527927
0.666198 0.333503 9.9973E-05 9.9973E-05 9.9973E-05
0.829617 0.157341 0.0128425 9.9982E-05 9.9982E-05
0.9996 9.997E-05 9.997E-05 9.997E-05 9.997E-05
0.965379 9.9973E-05 0.0343209 9.9973E-05 9.9973E-05
0.871501 0.128199 9.9973E-05 9.9973E-05 9.9973E-05
0.946883 9.9973E-05 0.0528166 9.9973E-05 9.9973E-05
0.9996 9.997E-05 9.997E-05 9.997E-05 9.997E-05
0.9996 9.997E-05 9.997E-05 9.997E-05 9.997E-05
0.759996 0.205142 0.0346612 9.9982E-05 9.9982E-05
0.810244 0.0955878 0.0607818 9.9991E-05 0.0332865
0.9996 9.997E-05 9.997E-05 9.997E-05 9.997E-05
0.428708 0.395093 0.116348 0.0236798 0.0361706
0.643632 0.267204 0.0525538 9.9991E-05 0.0365102
0.829155 0.157896 0.00323051 9.9991E-05 0.00961843
0.906966 0.0725654 0.0202685 9.9982E-05 9.9982E-05
0.9996 9.997E-05 9.997E-05 9.997E-05 9.997E-05
0.966767 0.0329334 9.9973E-05 9.9973E-05 9.9973E-05
0.9996 9.997E-05 9.997E-05 9.997E-05 9.997E-05
0.600641 0.304492 0.0213751 9.9991E-05 0.0733918
0.930998 0.0301153 0.00351452 9.9991E-05 0.0352717
0.0696314 9.9982E-05 9.9982E-05 0.591154 0.339015
0.14279 0.35569 9.9991E-05 0.253252 0.248168
0.0804905 0.442156 9.9991E-05 0.253117 0.224136
0.143845 0.173244 9.9991E-05 0.430287 0.252524
0.143267 0.430659 0.106992 0.181299 0.137784
0.173233 0.0690971 9.9991E-05 0.490007 0.267563
0.107345 0.458775 0.0234145 0.1989 0.211565
0.136863 0.327213 9.9991E-05 0.288325 0.2475
0.171842 0.465773 9.9991E-05 0.188201 0.174085
0.173206 0.34687 9.9991E-05 0.253367 0.226457
0.159185 0.419717 0.0334169 0.182694 0.204987
9.9982E-05 0.057724 9.9982E-05 0.0383283 0.903748
0.0594864 9.9982E-05 9.9982E-05 0.0280402 0.912274
9.9982E-05 0.00708728 0.0272909 9.9982E-05 0.965422
9.9973E-05 9.9973E-05 9.9973E-05 0.0105476 0.989153
9.9982E-05 0.0512975 0.0326435 9.9982E-05 0.915859
0.0122325 0.0139427 9.9982E-05 9.9982E-05 0.973625
0.00228855 0.0666982 9.9982E-05 9.9982E-05 0.930813
9.9982E-05 9.9982E-05 0.0526624 0.000619829 0.946518
0.0275451 0.0122616 0.0030745 0.034701 0.922418
0.0134185 0.028714 0.0153671 9.9991E-05 0.9424
9.9982E-05 9.9982E-05 0.317469 0.0751672 0.607163
9.9982E-05 9.9982E-05 0.361694 0.0194366 0.61867
9.9982E-05 9.9982E-05 0.37578 0.0830722 0.540947
9.9982E-05 9.9982E-05 0.429098 0.105537 0.465165
9.9991E-05 0.57978 0.189189 0.1608 0.0701319
9.9991E-05 0.615968 0.180771 0.162214 0.0409472
9.9991E-05 0.64519 0.227428 0.0836162 0.0436654
9.9991E-05 0.47754 0.330506 0.143826 0.0480277
0.0259669 0.210067 0.646581 0.117285 9.9991E-05
0.00917253 0.753345 0.0968628 0.0988221 0.0417974
9.9982E-05 0.691902 0.160844 0.147054 9.9982E-05
0.00198158 0.640129 0.0941113 0.263678 9.9991E-05
9.9973E-05 0.561059 9.9973E-05 0.438641 9.9973E-05
0.0297611 0.71102 0.0520592 0.120206 0.0869532
9.9982E-05 0.578953 0.200328 0.22052 9.9982E-05
9.9982E-05 0.15833 0.069538 0.771932 9.9982E-05
0.0509483 0.630733 0.178601 0.0724801 0.0672374
9.9973E-05 0.339561 9.9973E-05 0.660139 9.9973E-05
0.00612782 0.658093 0.0591545 0.23639 0.0402347
9.9982E-05 0.294703 0.374161 0.330936 9.9982E-05
9.9982E-05 9.9982E-05 0.770235 0.0636909 0.165874
9.9991E-05 0.0678466 0.715032 0.0850047 0.132017
9.9991E-05 0.0416465 0.78806 0.0600983 0.110095
9.9982E-05 9.9982E-05 0.821638 0.0595534 0.118608
0.0122024 0.0949486 0.798174 0.045801 0.0488739
0.0325806 0.0840247 0.769753 0.0348735 0.0787684
0.0562946 0.051763 0.0131623 9.9991E-05 0.87868
9.9982E-05 0.130966 0.0303512 9.9982E-05 0.838483
0.0418904 0.155797 0.0094432 9.9991E-05 0.792769
0.0827384 0.0305287 0.0410146 9.9991E-05 0.845618
0.047184 0.150033 9.9982E-05 9.9982E-05 0.802583
9.9982E-05 9.9982E-05 0.577617 0.0104775 0.411706
0.002502 9.9982E-05 0.539409 9.9982E-05 0.457889
9.9982E-05 0.0005164 0.562396 9.9982E-05 0.436887
9.99742E-05 0.129165 9.99742E-05 9.99742E-05 0.870535
9.9982E-05 9.9982E-05 0.53465 0.0598099 0.40534
0.315128 0.273406 9.9991E-05 0.111078 0.300288
0.254431 0.513096 0.0145206 0.0312501 0.186703
0.278361 0.520438 9.9982E-05 9.9982E-05 0.201
0.256634 0.317991 9.9991E-05 0.1056 0.319676
0.112489 0.598446 0.0376873 0.0233375 0.22804
0.320659 9.9982E-05 9.9982E-05 0.218611 0.46053
9.9991E-05 0.493903 0.417422 0.0832928 0.00528169
0.0411775 0.451471 0.214054 0.293197 9.9991E-05
9.9982E-05 0.328917 0.601815 0.069068 9.9982E-05
0.0233606 0.582672 0.16492 0.228947 9.9991E-05
9.9973E-05 9.9973E-05 0.30616 0.69354 9.9973E-05
0.0613888 0.594251 0.115823 0.0992975 0.129239
0.05452 0.557849 0.154466 0.190101 0.0430638
9.9991E-05 0.421489 0.439215 0.100071 0.0391252
0.0339891 0.610018 0.188253 0.0625328 0.105207
9.9982E-05 0.187608 0.309377 0.502815 9.9982E-05
0.047176 0.624139 0.150405 0.169902 0.00837782
9.9991E-05 0.58029 0.343188 0.0479447 0.0284772
0.206504 0.391741 0.0749647 0.237775 0.0890151
0.0468698 0.372905 0.271741 0.308385 9.9991E-05
0.0320621 0.466518 0.196824 0.304496 9.9991E-05
0.0216379 0.642394 0.18084 0.155028 9.9991E-05
0.0270358 0.591875 0.181201 0.199788 9.9991E-05
0.0859106 0.722559 0.0988378 0.0646088 0.0280835
0.0477093 0.599305 0.155325 0.0889074 0.108754
0.0483876 0.632766 0.13209 0.101771 0.0849862
0.0439878 0.113417 9.9982E-05 9.9982E-05 0.842395
9.9973E-05 0.117236 9.9973E-05 9.9973E-05 0.882464
9.9991E-05 0.0638437 0.0051223 0.020007 0.910927
0.0480546 0.0202029 0.0152169 9.9991E-05 0.916426
9.9973E-05 0.0891826 9.9973E-05 9.9973E-05 0.910518
0.0505348 0.14697 0.638464 0.142336 0.021696
0.0973169 0.567759 0.151572 0.183252 9.9991E-05
0.254721 0.437178 0.0130335 0.102336 0.192732
0.0800031 0.656884 0.244206 0.0112212 0.00768552
0.0460522 0.542569 0.377828 0.0334509 9.9991E-05
0.0314023 0.317262 0.283629 0.367607 9.9991E-05
0.0177918 0.0448447 0.819538 0.0689156 0.04891
0.0431752 0.501006 0.349417 0.0270071 0.0793942
0.0541233 0.267504 0.614269 0.0204793 0.0436241
0.0328842 0.532782 0.182604 0.193528 0.0582016
0.012825 0.201646 0.640681 0.0796127 0.0652348
0.118784 0.55689 0.246591 0.0121631 0.0655721
0.0317645 0.177627 0.629612 0.13552 0.0254766
0.134183 0.245018 0.324296 0.295999 0.00050477
0.0436452 0.558048 0.0866845 0.192249 0.119373
9.9991E-05 0.355614 0.0631578 0.531741 0.0493868
0.0309065 0.580258 0.0161037 0.274544 0.0981878
0.0646861 0.541974 0.0745666 0.158115 0.160658
9.9991E-05 0.308751 0.0269537 0.623648 0.0405472
0.0321573 0.552572 0.0242497 0.237469 0.153552
9.9991E-05 0.560564 0.00454077 0.334698 0.100097
9.9982E-05 0.173825 0.0747953 0.75118 9.9982E-05
9.9982E-05 0.236348 9.9982E-05 0.726127 0.0373244
9.9991E-05 0.493169 0.0402176 0.38442 0.082093
9.9991E-05 0.112959 0.0909728 0.773297 0.0226711
0.000483805 0.470696 0.0673022 0.437873 0.0236455
0.016834 0.184648 0.756354 0.0420644 9.9991E-05
0.103302 0.209333 0.377769 0.309497 9.9991E-05
0.0952161 0.426755 0.45669 9.9991E-05 0.0212391
0.0830872 0.595108 0.294725 0.021071 0.00600817
0.0300098 0.276332 0.623004 0.0705545 9.9991E-05
0.123388 0.49527 0.213478 0.141639 0.0262245
0.0521276 0.608504 0.266357 0.0316942 0.0413171
0.0813315 0.491179 0.263447 0.134524 0.0295185
0.0957763 0.512856 0.311022 0.0776623 0.00268361
0.0680937 0.492044 0.41664 9.9991E-05 0.0231223
0.0408237 0.332446 0.544616 0.0820139 9.9991E-05
0.0411966 0.468437 0.474461 0.0158055 9.9991E-05
0.0612701 0.623723 0.225333 0.089574 9.9991E-05
0.082415 0.606067 0.112078 0.12686 0.0725798
0.167269 0.305479 0.315621 0.191578 0.0200531
0.122012 0.476637 0.261914 0.139337 9.9991E-05
0.0673965 0.38118 0.504771 0.0465526 9.9991E-05
0.0890425 0.551527 0.289695 0.0369125 0.032823
0.106236 0.508693 0.329149 0.0279428 0.0279789
0.0798123 0.589847 0.194263 0.0366125 0.0994656
0.152828 0.4411 0.0610383 9.9991E-05 0.344934
0.164198 0.55451 0.0641555 0.053658 0.163478
0.183399 0.42094 0.0488584 0.142913 0.203889
0.166837 0.522915 9.9991E-05 0.185411 0.124737
0.198024 0.471609 9.9991E-05 0.113878 0.216388
0.0088243 0.537775 0.191503 0.261799 9.9991E-05
0.147227 0.555254 0.0021443 0.121105 0.17427
0.224051 0.00405825 0.06656 0.464938 0.240392
0.155081 0.550644 0.0935982 0.0849441 0.115733
0.178936 0.561934 0.0486135 0.070084 0.140433
0.178116 0.553056 0.0457247 0.0847003 0.138403
0.126529 0.297575 0.0114407 0.335084 0.229371
0.151198 0.577634 0.0410091 0.0049667 0.225192
0.222742 0.506029 0.0169821 0.124988 0.129259
0.137223 9.9982E-05 9.9982E-05 0.340575 0.522002
0.188825 0.515224 0.0742658 0.0303384 0.191347
0.218245 0.557201 0.017547 0.0321974 0.17481
0.0823012 0.634149 0.00693688 0.126467 0.150146
0.258753 0.507629 9.9991E-05 0.0535666 0.179952
0.120957 0.586219 0.0338301 0.0263554 0.232639
0.0464771 0.510719 9.9991E-05 0.378301 0.0644035
0.045499 0.570456 0.0296354 0.2527 0.10171
0.00192306 0.0367939 0.0755296 0.885653 9.9991E-05
9.9991E-05 0.0906856 0.0698879 0.8334 0.00592653
0.0528525 0.512491 0.053664 0.289186 0.0918069
0.330597 0.351938 9.9991E-05 0.156894 0.160472
0.314355 0.333698 9.9991E-05 0.186103 0.165744
0.366696 0.179154 9.9991E-05 0.281917 0.172134
0.280103 0.357033 9.9991E-05 0.190979 0.171785
0.0898377 0.129842 9.9991E-05 0.668425 0.111795
0.0885867 0.189067 9.9991E-05 0.634217 0.0880294
0.0662101 0.606455 0.00253262 0.287752 0.0370501
0.112256 0.451217 9.9991E-05 0.338183 0.0982437
0.0597213 0.309067 9.9991E-05 0.566649 0.0644625
0.114273 0.554952 0.0512887 0.204063 0.0754232
0.0734332 0.613784 0.00164558 0.23994 0.0711972
0.128507 0.519603 0.0701555 0.199263 0.0824713
0.00840835 0.447972 0.00091223 0.518287 0.0244199
9.9991E-05 0.472219 0.0844636 0.433084 0.0101335
0.00873469 0.586599 0.0741476 0.261704 0.0688148
0.0400294 0.483435 0.108498 0.320102 0.0479357
0.0762424 0.506689 0.0997777 0.205902 0.111389
0.00150187 0.554738 9.9991E-05 0.42147 0.0221896
9.9991E-05 0.308924 0.0159576 0.672645 0.00237376
0.0454137 0.670988 9.9991E-05 0.281659 0.0018399
0.0146004 0.25931 0.105743 0.620246 9.9991E-05
9.9991E-05 0.537102 0.0334762 0.392936 0.0363863
0.0146519 0.605082 0.0247281 0.232638 0.1229
0.0732465 0.52588 0.0954457 0.225184 0.0802442
0.180939 0.473025 0.0343648 0.106726 0.204945
0.18064 0.501843 9.9991E-05 0.173045 0.144373
0.28861 0.36613 9.9991E-05 0.120499 0.224661
0.251873 0.316997 0.0190405 0.17935 0.232739
0.174519 0.460107 0.0579413 0.126692 0.18074
0.159675 0.446977 0.0292883 0.192282 0.171777
0.172621 9.9982E-05 9.9982E-05 0.664338 0.162841
0.231867 0.529853 9.9991E-05 0.115848 0.122332
0.142854 9.9982E-05 9.9982E-05 0.51388 0.343066
0.196918 0.51736 9.9991E-05 0.199926 0.0856961
9.9973E-05 0.257523 9.9973E-05 0.742177 9.9973E-05
9.9982E-05 0.0951656 0.0248391 0.879795 9.9982E-05
0.0017638 0.5711 0.0112867 0.41575 9.9991E-05
0.0474363 0.623506 9.9991E-05 0.29042 0.0385381
9.9982E-05 0.522066 0.0311691 0.446565 9.9982E-05
9.9991E-05 0.691171 0.00982389 0.295904 0.00300077
0.0210943 0.641351 9.9982E-05 0.337354 9.9982E-05
0.00388268 0.0342748 0.0689618 0.00381363 0.889067
0.0733069 0.0443556 0.0525605 0.0480076 0.781769
0.0065938 9.9982E-05 0.0347594 9.9982E-05 0.958447
9.9973E-05 0.0330305 9.9973E-05 9.9973E-05 0.96667
0.0300358 0.625279 0.00714257 0.268997 0.0685459
9.9991E-05 0.648517 0.151135 0.156337 0.0439115
9.9991E-05 0.677494 0.160558 0.15061 0.0112383
9.9991E-05 0.695729 0.0785415 0.136066 0.0895642
9.9991E-05 0.640396 0.0900999 0.144631 0.124774
9.9991E-05 0.461996 0.236359 0.277504 0.0240411
0.00459549 0.788583 0.0637477 0.13073 0.0123441
9.9982E-05 0.428293 0.00748466 0.564023 9.9982E-05
0.216328 0.386438 0.118876 0.00859949 0.269759
0.0133181 0.551999 0.0316425 0.40294 9.9991E-05
9.9982E-05 0.505614 0.242541 0.251645 9.9982E-05
9.9991E-05 0.663849 0.0222166 0.31296 0.000874428
9.9991E-05 0.586437 0.233853 0.171048 0.0085614
0.00570871 0.717873 9.9991E-05 0.268571 0.0077471
9.9991E-05 0.667114 0.0827913 0.16736 0.0826344
9.9982E-05 0.199614 0.0130908 0.787096 9.9982E-05
9.9982E-05 0.468315 0.0615099 0.469975 9.9982E-05
0.0136082 0.510636 9.9982E-05 0.475556 9.9982E-05
9.9973E-05 0.0697503 9.9973E-05 0.92995 9.9973E-05
9.9991E-05 0.534122 0.220568 0.220754 0.0244562
9.9982E-05 0.240274 0.0401696 0.719357 9.9982E-05
9.9982E-05 0.0576641 0.0446407 0.897495 9.9982E-05
0.0140364 0.686337 0.0449571 0.229161 0.0255078
9.9982E-05 0.350674 0.32063 0.328496 9.9982E-05
9.9991E-05 0.593648 0.212533 0.191836 0.00188306
0.0688508 0.617075 0.0696652 0.139715 0.104693
9.9991E-05 0.625226 0.180598 0.175088 0.0189876
0.0317447 0.411074 0.269226 0.287856 9.9991E-05
0.00268936 0.684332 0.0710292 0.209578 0.0323714
9.9991E-05 0.649356 0.147316 0.173258 0.0299708
9.9982E-05 0.487711 0.0463568 0.465732 9.9982E-05
0.0266777 0.561284 0.104482 0.195958 0.111598
9.9982E-05 9.9982E-05 0.278085 0.0241443 0.697571
9.9982E-05 9.9982E-05 0.151034 0.053944 0.794822
9.9982E-05 9.9982E-05 0.104372 0.010577 0.884852
9.9973E-05 9.9973E-05 0.149509 9.9973E-05 0.850191
9.9991E-05 0.0265314 0.196351 0.0124036 0.764615
9.9991E-05 0.360272 0.308056 0.322077 0.00949564
9.9991E-05 0.338603 0.30289 0.349322 0.00908538
9.9973E-05 0.395281 9.9973E-05 0.604419 9.9973E-05
0.0722066 0.611809 0.0583081 0.117576 0.1401
0.0503703 0.645152 0.0221375 0.165016 0.117324
0.0172196 0.436996 0.0362925 0.506873 0.00261977
0.0803802 0.63412 0.0646839 0.219345 0.00147078
0.0251478 0.524984 0.0427278 0.359764 0.0473758
9.9991E-05 0.663182 0.159274 0.138896 0.0385488
0.0356946 0.695324 0.107916 0.124106 0.0369583
9.9982E-05 0.395511 0.305829 0.298461 9.9982E-05
9.9982E-05 0.488736 0.273419 0.237645 9.9982E-05
9.9982E-05 0.494311 0.278374 0.227115 9.9982E-05
9.9991E-05 0.684094 0.043338 0.0906362 0.181832
9.9991E-05 0.527155 0.217002 0.232842 0.0229006
9.9991E-05 0.555098 0.234101 0.201921 0.00878049
0.401931 0.434503 0.070317 0.00633834 0.0869109
0.457905 0.324238 0.0241082 0.0806663 0.113083
0.419071 0.45408 0.0257242 9.9991E-05 0.101025
0.529445 0.243865 9.9991E-05 0.0344586 0.192131
0.335167 0.475354 0.0755179 9.9991E-05 0.113862
9.9982E-05 0.607899 9.9982E-05 0.299 0.0929018
0.669702 9.9982E-05 9.9982E-05 0.0829114 0.247187
0.524999 0.284204 0.0248972 0.00357999 0.162319
0.163039 0.352999 9.9991E-05 0.266824 0.217037
9.9991E-05 0.560536 0.0695216 0.176653 0.193189
0.00578556 0.525821 0.0324652 0.228974 0.206954
0.00759535 0.646257 0.0209952 0.123322 0.201831
0.0799952 0.615434 0.0563407 0.0767732 0.171457
0.479797 0.352203 9.9982E-05 9.9982E-05 0.167801
0.424576 0.351273 0.073294 0.0171997 0.133657
0.528018 0.399404 9.9982E-05 9.9982E-05 0.0723771
0.288055 0.450175 0.00456006 0.10173 0.15548
0.524888 0.21205 0.0375086 0.052843 0.172711
0.351479 0.450566 0.062759 0.00991934 0.125277
0.576412 0.218699 0.0389109 0.0596783 0.1063
0.341347 0.404645 0.0299952 0.0876253 0.136388
0.0436705 0.510363 9.9991E-05 0.291007 0.154859
0.39829 0.28888 0.0607778 0.090359 0.161693
0.586952 0.152342 0.00163814 0.0325479 0.22652
0.396348 0.370052 0.0570939 0.0371493 0.139356
9.9991E-05 0.334753 0.131471 0.303249 0.230426
0.0391359 0.631172 9.9991E-05 0.244194 0.0853986
0.392757 0.411764 9.9991E-05 0.0285713 0.166808
9.9991E-05 0.576504 0.0949126 0.146371 0.182113
9.9991E-05 0.533832 0.0651403 0.186044 0.214884
0.205069 0.380686 9.9991E-05 0.186817 0.227327
0.289969 0.347683 9.9991E-05 0.122091 0.240157
0.121053 0.608528 0.0513152 0.132677 0.086426
0.267327 0.50148 0.00877764 0.0674125 0.155003
0.432873 0.443787 9.9982E-05 9.9982E-05 0.12314
0.656671 0.103688 9.9991E-05 0.0555333 0.184008
0.0588122 0.646668 0.0166885 0.138052 0.139779
9.9991E-05 0.501191 0.0225389 0.279066 0.197104
0.0321295 0.137423 9.9991E-05 0.673023 0.157325
0.0474159 0.560321 0.0329599 0.161134 0.198169
0.0617697 0.42609 0.136374 0.287709 0.0880579
0.173503 0.502384 9.9991E-05 0.126778 0.197236
0.159034 0.446361 0.0562559 0.14206 0.196289
0.148593 9.9982E-05 9.9982E-05 0.450454 0.400753
0.0913464 9.9982E-05 9.9982E-05 0.540555 0.367899
0.136477 0.270939 9.9991E-05 0.367981 0.224503
0.202238 0.0113163 9.9991E-05 0.410155 0.376191
0.19678 9.9982E-05 9.9982E-05 0.289563 0.513458
0.122812 0.344387 9.9991E-05 0.316123 0.216578
0.181793 0.34363 0.00374438 0.212059 0.258775
0.197035 0.121517 9.9991E-05 0.3723 0.309048
0.146015 0.0662817 9.9991E-05 0.47368 0.313923
0.147738 0.519787 9.9991E-05 0.141627 0.190749
0.153134 0.136225 9.9991E-05 0.430798 0.279743
0.0822238 9.9982E-05 9.9982E-05 0.515248 0.402328
0.170893 0.524469 0.0792798 0.105202 0.120156
0.177609 0.323725 0.0230216 0.242257 0.233388
0.159153 0.429484 0.0313092 0.0472057 0.332848
0.231011 0.585539 9.9982E-05 9.9982E-05 0.183249
0.215735 0.547744 9.9991E-05 0.0755748 0.160846
0.295604 0.463279 9.9991E-05 0.0688269 0.17219
0.206893 0.341717 0.0710719 9.9991E-05 0.380218
0.25046 0.482047 0.0532111 0.0176197 0.196662
0.217442 0.491554 0.0114047 0.00790161 0.271698
0.264341 0.270264 9.9991E-05 0.205648 0.259647
0.099455 0.39669 0.158797 0.129864 0.215194
0.180052 0.475443 0.0489921 0.115281 0.180232
0.18414 0.49443 0.0792618 0.102408 0.139761
0.131457 0.591927 0.0829361 0.0684059 0.125274
0.24921 0.426395 0.0166694 9.9991E-05 0.307625
0.168528 0.553554 9.9991E-05 0.0437179 0.2341
0.328763 0.0239665 9.9991E-05 0.25424 0.392931
0.19491 0.524619 9.9991E-05 0.0302935 0.250078
0.312921 0.172764 9.9991E-05 0.189245 0.32497
0.00521684 9.9982E-05 0.190484 9.9982E-05 0.804099
0.00591627 0.143334 0.807101 9.9991E-05 0.0435492
9.997E-05 9.997E-05 0.9996 9.997E-05 9.997E-05
9.997E-05 9.997E-05 0.9996 9.997E-05 9.997E-05
0.00161876 9.9973E-05 0.998081 9.9973E-05 9.9973E-05
0.0175896 9.9973E-05 0.98211 9.9973E-05 9.9973E-05
9.9973E-05 0.0495909 0.950109 9.9973E-05 9.9973E-05
9.9973E-05 9.9973E-05 0.994471 9.9973E-05 0.0052291
9.9973E-05 9.9973E-05 0.862747 9.9973E-05 0.136953
9.9982E-05 0.0090805 0.0760506 9.9982E-05 0.914669
9.9982E-05 0.0674118 0.132704 9.9982E-05 0.799684
9.9991E-05 0.0548282 0.0583696 0.00384794 0.882854
9.9991E-05 0.0446512 0.0742824 0.0107154 0.870251
0.000321202 0.0295347 0.0773949 9.9991E-05 0.892649
9.9982E-05 0.0507136 0.0450558 9.9982E-05 0.904031
0.0854722 0.107806 0.0568171 9.9991E-05 0.749805
9.9973E-05 0.0885508 9.9973E-05 9.9973E-05 0.911149
0.0482789 0.122883 0.0563502 0.0354051 0.737082
0.0459938 0.0353186 9.9982E-05 9.9982E-05 0.918488
9.9973E-05 9.9973E-05 9.9973E-05 0.00704805 0.992652
0.0230477 0.0548633 0.0269608 9.9991E-05 0.895028
9.997E-05 9.997E-05 9.997E-05 9.997E-05 0.9996
9.9973E-05 0.0352072 9.9973E-05 9.9973E-05 0.964493
0.0132244 0.0722936 9.9982E-05 9.9982E-05 0.914282
0.00807146 0.0617947 9.9982E-05 9.9982E-05 0.929934
0.060266 0.0701128 9.9982E-05 9.9982E-05 0.869421
0.0387157 0.0984342 9.9982E-05 9.9982E-05 0.86265
0.0778422 0.0864045 9.9982E-05 9.9982E-05 0.835553
9.9991E-05 0.434225 0.111277 0.277166 0.177232
9.9991E-05 0.703285 0.0411559 0.137826 0.117634
0.0146014 0.632425 0.0535554 0.102191 0.197227
0.0545365 0.0920623 9.9991E-05 0.72109 0.132212
0.0190402 0.548576 0.0882401 0.193602 0.150541
0.0125671 0.0935517 9.9991E-05 0.717138 0.176643
0.0697917 0.603 9.9991E-05 0.199329 0.127779
9.9991E-05 0.465712 0.126204 0.233677 0.174307
9.9991E-05 0.529493 0.0403171 0.205799 0.224291
0.00701564 0.604179 0.115627 0.20676 0.0664177
9.9991E-05 0.51555 0.083081 0.22469 0.176579
9.9982E-05 0.703297 9.9982E-05 0.186835 0.109668
9.9991E-05 0.553576 0.0949644 0.193212 0.158149
0.0983672 0.0284448 0.485934 0.387154 9.9991E-05
9.9982E-05 0.000779482 9.9982E-05 0.825947 0.173074
0.0141242 0.134187 9.9991E-05 0.68206 0.169529
0.0192773 0.650106 9.9991E-05 0.139726 0.190791
0.0270387 0.511321 9.9991E-05 0.365609 0.0959318
9.9982E-05 0.629624 9.9982E-05 0.249099 0.121077
0.091282 0.611419 0.0199957 0.19865 0.0786534
0.182957 0.452985 0.0932674 0.0343377 0.236453
0.161413 0.550528 9.9991E-05 0.0492366 0.238722
0.174541 0.137339 0.231657 0.0733366 0.383127
0.039948 0.603294 0.138014 0.00627009 0.212474
0.142093 0.444581 0.163169 0.0339505 0.216206
0.172484 9.9982E-05 9.9982E-05 0.372132 0.455184
0.242978 0.281844 9.9991E-05 0.188065 0.287013
0.18802 0.315608 0.0758791 0.0335826 0.386911
0.127249 0.394784 0.177354 9.9991E-05 0.300513
0.122551 0.505443 0.0421145 0.154751 0.17514
0.100549 0.589109 0.00999957 0.0801474 0.220195
0.112914 0.625519 0.0428735 0.0339148 0.184778
0.213361 0.329289 0.0587313 0.218846 0.179773
0.115833 0.242589 0.054416 0.0679494 0.519213
