9.9991E-05 0.0182982 0.0278586 0.0212659 0.932477
9.9982E-05 0.0165767 0.00531147 9.9982E-05 0.977912
0.0304369 0.000288672 9.9991E-05 0.0637364 0.905438
9.9982E-05 0.0188263 9.9982E-05 0.135013 0.84596
9.9973E-05 9.9973E-05 9.9973E-05 0.0722411 0.927459
0.109634 0.0770843 0.0396067 0.0830692 0.690606
0.0932216 0.0512037 9.9982E-05 9.9982E-05 0.855375
0.0978974 0.122899 0.0190958 0.0105472 0.74956
0.00505076 0.184493 9.9982E-05 9.9982E-05 0.810257
0.101541 0.0488763 9.9991E-05 0.0484037 0.801079
0.068014 0.0626387 9.9991E-05 0.0937334 0.775514
0.0948077 0.559818 0.0614278 0.274733 0.00921408
0.0186575 0.28516 0.066634 0.57949 0.0500581
0.102731 0.507125 0.0945896 0.278238 0.0173162
0.0273912 0.491108 0.129364 0.318133 0.0340042
9.999E-05 0.326717 0.120862 0.466052 0.086269
0.0530495 0.192334 0.100463 0.608421 0.0457328
0.0824313 0.331986 0.0507105 0.517394 0.0174782
0.0725188 0.44178 0.113202 0.285559 0.0869402
0.136009 0.736363 0.0181686 0.0838958 0.0255637
0.0956317 0.340119 0.053831 0.501708 0.00870969
0.248371 0.193559 0.102858 0.418108 0.037104
0.0859006 0.230061 0.0452089 0.59179 0.0470392
0.10183 0.461363 0.0749507 0.310264 0.0515927
0.0491397 0.0846354 0.0729514 0.678749 0.114525
0.0292236 0.30483 0.0419455 0.573136 0.0508648
0.0727429 0.554294 0.032921 0.277073 0.0629687
0.0646332 0.467614 0.0808417 0.333392 0.0535198
0.131021 0.554259 9.9991E-05 0.288013 0.0266074
9.9973E-05 9.9973E-05 9.9973E-05 0.0948795 0.904821
9.9982E-05 9.9982E-05 0.00415944 0.115428 0.880212
9.9982E-05 9.9982E-05 0.0942856 0.0867532 0.818761
9.9982E-05 9.9982E-05 0.0975179 0.137137 0.765145
0.152014 0.12715 9.9991E-05 0.601992 0.118744
0.148402 0.087988 0.0746156 0.601718 0.0872766
0.23581 0.0227355 9.9991E-05 0.712647 0.0287082
0.0339791 0.658975 0.019325 0.247132 0.0405891
0.549348 0.00418737 0.00210013 0.444265 9.9991E-05
0.1329 0.171802 0.0465385 0.565345 0.0834153
0.122287 0.02248 0.0177164 0.7709 0.0666166
0.190697 0.0632562 9.9991E-05 0.580296 0.165651
0.117749 0.0970758 0.0413903 0.641668 0.102117
0.348383 0.336717 9.9982E-05 0.3147 9.9982E-05
0.175363 0.0258104 0.082225 0.623386 0.0932157
0.121407 0.0741766 0.0150788 0.687507 0.101831
0.0965472 0.0508453 0.0440638 0.647203 0.16134
0.475502 9.9973E-05 9.9973E-05 0.524198 9.9973E-05
0.102206 0.0497513 0.027649 0.709203 0.111191
0.171518 0.0590975 0.0447482 0.593292 0.131345
0.883589 0.115335 9.9982E-05 9.9982E-05 0.000875441
0.122326 0.646486 9.9982E-05 0.230989 9.9982E-05
0.449873 0.270183 0.0876191 0.187447 0.00487725
0.133238 0.099155 0.0914631 0.582429 0.0937149
0.113416 0.0918005 0.0998345 0.588617 0.106332
0.116734 0.0550681 0.0728003 0.636323 0.119075
0.120263 0.506479 0.000854385 0.259295 0.113109
0.0325897 0.336675 0.0355839 0.595051 9.9991E-05
0.0944854 0.185387 0.096465 0.52595 0.0977131
0.0976609 0.295161 0.0637569 0.444925 0.098496
0.144339 0.502349 9.9991E-05 0.18403 0.169182
0.111833 0.144385 0.0609532 0.592446 0.0903827
0.0757314 0.249763 0.0486194 0.51891 0.106976
0.206546 0.580197 9.9991E-05 0.139646 0.0735102
0.085379 0.386489 0.0230917 0.50494 9.9991E-05
0.162023 0.102875 0.0630248 0.623327 0.04875
0.00278524 0.190429 0.02267 0.664477 0.119639
0.161734 0.399276 0.070993 0.312772 0.0552248
0.10151 0.245554 0.0823906 0.515019 0.0555272
0.0740546 0.173725 0.0603978 0.623832 0.0679906
0.139002 0.528336 9.9991E-05 0.282324 0.0502379
0.191673 0.153325 9.9982E-05 0.654802 9.9982E-05
0.312222 0.272381 9.9982E-05 0.415197 9.9982E-05
0.0920381 0.162301 0.0604566 0.611214 0.0739904
0.723897 0.0792481 9.9982E-05 0.196655 9.9982E-05
0.741226 0.100527 9.9982E-05 0.158047 9.9982E-05
0.518944 0.0617246 9.9982E-05 0.419131 9.9982E-05
0.173307 0.175512 9.9991E-05 0.646967 0.00411388
0.0862623 0.0967193 0.0808073 0.625072 0.111139
0.304762 0.0478005 0.0179641 0.629373 9.9991E-05
0.277167 0.345874 9.9991E-05 0.357584 0.0192753
0.229519 0.321388 9.9982E-05 0.448894 9.9982E-05
0.162001 0.108995 0.077893 0.548981 0.10213
0.232432 0.235786 9.9991E-05 0.519683 0.011999
0.208487 0.190104 9.9982E-05 0.601209 9.9982E-05
0.345287 0.0143138 9.9982E-05 0.640199 9.9982E-05
0.822878 0.116662 0.0135716 0.0467885 9.9991E-05
0.177215 0.00105692 9.9991E-05 0.791833 0.0297951
9.9982E-05 0.0744802 9.9982E-05 0.0728679 0.852452
9.9982E-05 9.9982E-05 0.0155513 0.0421076 0.942141
9.9982E-05 9.9982E-05 0.0402825 0.0800747 0.879443
9.9982E-05 9.9982E-05 0.0539594 0.00787932 0.937961
9.9991E-05 0.0103764 0.0252696 0.00474274 0.959511
9.9982E-05 9.9982E-05 0.0482889 0.068721 0.88279
9.9973E-05 9.9973E-05 9.9973E-05 0.0582988 0.941401
0.0945934 0.0949256 0.0244492 0.718172 0.0678597
0.103723 0.0841773 0.0923824 0.609016 0.110702
0.435671 0.353624 9.9982E-05 0.210505 9.9982E-05
0.0811052 0.117343 0.074068 0.647376 0.080108
0.190544 0.261137 9.9991E-05 0.54376 0.00445882
0.183486 0.1025 9.9991E-05 0.644318 0.0695954
0.192352 0.0778242 0.0307891 0.671016 0.0280192
0.240296 0.0859383 0.0403617 0.609466 0.0239376
0.360104 0.462927 9.9982E-05 0.176768 9.9982E-05
0.121665 0.173246 0.0337852 0.563435 0.107868
0.0887411 0.0738341 0.0704981 0.693814 0.0731129
0.132814 0.0430817 0.0148702 0.687864 0.12137
0.513655 0.0749982 0.0058635 0.405383 9.9991E-05
0.350108 9.9973E-05 9.9973E-05 0.649592 9.9973E-05
0.170733 0.215379 9.9982E-05 0.613688 9.9982E-05
0.396787 0.0455423 9.9982E-05 0.557471 9.9982E-05
0.167535 0.225134 9.9991E-05 0.590754 0.0164772
0.116032 0.098326 0.11021 0.588254 0.0871783
0.229102 0.388148 0.107148 0.261412 0.0141903
0.0703042 0.33747 9.9991E-05 0.476019 0.116107
0.0368448 0.194735 0.0808035 0.530493 0.157123
0.0566025 0.101498 0.0580535 0.64076 0.143086
0.0311149 0.386322 0.0243109 0.526238 0.0320142
0.0263578 0.24441 0.0668396 0.639323 0.0230699
9.9991E-05 0.442939 0.020166 0.482365 0.0544306
0.1568 0.135745 0.0534672 0.544378 0.10961
0.0357598 0.15743 0.094373 0.618716 0.0937205
0.0320886 0.240428 0.014019 0.640987 0.0724772
0.0448453 0.265492 9.9991E-05 0.624561 0.0650022
0.0813439 0.096198 0.0711158 0.65792 0.0934223
0.122425 0.0726495 0.0517692 0.63739 0.115766
0.129044 0.170272 0.0951345 0.605449 9.9991E-05
0.12011 0.113147 0.147845 0.545993 0.0729057
0.11568 0.182922 0.0523477 0.638454 0.0105965
0.243735 0.245961 0.0905079 0.322941 0.0968556
0.0364646 0.148198 0.110832 0.657765 0.0467401
0.132147 0.046443 0.0816589 0.675348 0.0644036
0.0807859 0.632604 0.0259058 0.260605 9.9991E-05
0.440174 0.305678 0.0725364 0.181512 9.9991E-05
0.0544794 0.294906 0.0630392 0.530942 0.0566328
0.516138 0.339112 0.0568037 0.0878466 9.9991E-05
0.0824054 0.507672 0.00873126 0.397213 0.00397839
0.0346013 0.456709 9.9982E-05 0.508489 9.9982E-05
0.0644979 0.486336 9.9991E-05 0.441678 0.00738848
0.064227 0.551967 9.9982E-05 0.383606 9.9982E-05
0.0635438 0.240795 0.061161 0.610535 0.0239647
0.104236 0.144454 0.0447067 0.596109 0.110494
0.0659855 0.21655 0.0408707 0.632989 0.043605
0.360299 0.389624 0.0532547 0.196723 9.9991E-05
0.145249 0.12378 0.0440329 0.542312 0.144627
0.297922 0.0136911 0.0298668 0.537964 0.120556
0.764946 0.062275 0.00382352 9.9991E-05 0.168855
0.110828 0.040444 0.0862926 0.653314 0.109121
0.434314 0.0613236 0.0472745 0.345297 0.11179
0.172081 0.0414796 0.0916725 0.566682 0.128085
0.496794 0.106771 0.00848618 0.263305 0.124644
0.650871 0.120339 9.9991E-05 0.124687 0.104002
0.338976 0.0854094 0.0371877 0.438418 0.10001
0.186764 0.0264422 0.102584 0.511959 0.172251
0.171786 0.120001 0.0617972 0.443405 0.20301
0.600929 0.117161 0.0917499 0.117256 0.072904
0.132256 0.084798 0.0972892 0.546936 0.138721
0.518714 0.102864 9.9982E-05 0.378222 9.9982E-05
0.37025 0.129725 0.00589576 0.494029 9.9991E-05
0.154818 0.0431824 0.0863721 0.62404 0.0915875
0.23412 9.9991E-05 0.273379 0.107843 0.384558
0.322144 9.9982E-05 0.149872 9.9982E-05 0.527783
0.358358 9.9982E-05 0.128277 9.9982E-05 0.513165
0.264649 9.9991E-05 0.308607 0.0510543 0.37559
0.324976 9.9991E-05 0.00271458 0.641321 0.0308892
0.167119 0.031661 0.0790879 0.629879 0.0922533
9.9982E-05 0.0186443 0.689904 0.291252 9.9982E-05
9.9991E-05 0.134817 0.481606 0.370173 0.0133046
9.9991E-05 0.137002 0.431238 0.363993 0.0676664
0.574078 0.0487472 0.0381359 0.303025 0.0360147
0.224138 0.0847598 0.0699997 0.500207 0.120896
0.611942 0.076206 0.0167907 0.279762 0.0152996
0.243391 9.9991E-05 0.0246187 0.609016 0.122875
0.337067 0.0364663 0.0538117 0.501299 0.0713556
0.294752 9.9991E-05 0.0149627 0.635176 0.0550091
0.702867 9.9991E-05 0.0258019 0.238775 0.0324569
0.204523 9.9991E-05 0.0670017 0.650326 0.0780491
0.215231 0.0325971 0.0652419 0.570184 0.116746
9.9982E-05 0.00481741 0.981274 0.0137084 9.9982E-05
9.9982E-05 0.0159532 0.920623 0.0632236 9.9982E-05
9.9991E-05 0.0950528 0.590255 0.247037 0.0675554
9.9982E-05 0.0135644 0.671545 0.31469 9.9982E-05
9.9982E-05 0.0309887 0.833037 0.135775 9.9982E-05
9.997E-05 9.997E-05 0.9996 9.997E-05 9.997E-05
9.9973E-05 0.0467993 0.952901 9.9973E-05 9.9973E-05
9.9973E-05 9.9973E-05 0.87913 0.120571 9.9973E-05
9.9973E-05 0.0395601 0.96014 9.9973E-05 9.9973E-05
9.997E-05 9.997E-05 0.9996 9.997E-05 9.997E-05
9.997E-05 9.997E-05 0.9996 9.997E-05 9.997E-05
9.9982E-05 0.0201104 0.765852 0.213838 9.9982E-05
9.9991E-05 0.0537273 0.800322 0.105677 0.040174
9.997E-05 9.997E-05 0.9996 9.997E-05 9.997E-05
0.0203061 0.0835067 0.39715 0.391216 0.107821
9.9991E-05 0.0461982 0.684113 0.222284 0.0473051
9.9982E-05 9.9982E-05 0.810915 0.168152 0.0207329
9.9982E-05 0.0233508 0.917511 0.0589378 9.9982E-05
9.997E-05 9.997E-05 0.9996 9.997E-05 9.997E-05
9.9982E-05 9.9982E-05 0.980129 0.00840037 0.0112709
9.997E-05 9.997E-05 0.9996 9.997E-05 9.997E-05
9.9991E-05 0.0403997 0.643927 0.247176 0.0683976
0.0196729 0.00223932 0.96992 9.9991E-05 0.00806788
0.585545 9.9982E-05 0.0630131 9.9982E-05 0.351242
0.272521 0.0363977 0.146626 0.325128 0.219327
0.268471 9.9991E-05 0.0721596 0.460056 0.199213
0.461388 9.9991E-05 0.126665 0.162109 0.249738
0.179525 0.0846141 0.14089 0.436842 0.158128
0.493162 9.9991E-05 0.130938 0.0847791 0.29102
0.168044 0.0644099 0.106163 0.464116 0.197267
0.303287 9.9991E-05 0.116536 0.323066 0.257011
0.188868 9.9991E-05 0.158391 0.447972 0.204668
0.266592 9.9991E-05 0.127384 0.370001 0.235923
0.219139 0.000449226 0.194941 0.381089 0.204382
9.9982E-05 0.0102973 9.9982E-05 0.0590194 0.930483
0.0258524 9.9982E-05 0.0611232 9.9982E-05 0.912824
9.9982E-05 0.0249919 9.9982E-05 0.0175097 0.957298
0.02046 9.9973E-05 9.9973E-05 9.9973E-05 0.97924
9.9982E-05 0.0315639 9.9982E-05 0.0548711 0.913365
0.000652358 0.00273644 0.00484457 0.00330511 0.988462
9.9991E-05 0.00283807 0.0135067 0.0438864 0.939669
9.9973E-05 0.0554702 9.9973E-05 9.9973E-05 0.94423
0.00470633 0.0465773 0.00761659 0.0318552 0.909245
0.00471686 0.0430519 0.0258156 9.9991E-05 0.926316
0.0688588 0.320671 9.9982E-05 9.9982E-05 0.61027
0.0333441 0.356959 9.9982E-05 9.9982E-05 0.609497
0.0847 0.374289 9.9982E-05 9.9982E-05 0.540811
0.095998 0.414803 9.9982E-05 9.9982E-05 0.488999
0.175979 0.184474 0.024328 0.550592 0.064627
0.13681 0.191553 0.0356333 0.612706 0.0232979
0.0811255 0.281059 0.00551542 0.6322 9.9991E-05
0.117879 0.367303 9.9991E-05 0.48461 0.0301078
0.0576601 0.644661 0.0218055 0.275773 9.9991E-05
0.149774 0.0684985 0.0395182 0.709064 0.0331454
0.11947 0.149345 9.99859E-05 0.730986 9.99859E-05
0.255986 0.0777196 0.0121111 0.652889 0.00129412
0.42875 0.0100597 9.9982E-05 0.560991 9.9982E-05
0.125572 0.0897969 0.0459763 0.669683 0.0689712
0.215364 0.213281 9.9982E-05 0.571155 9.9982E-05
0.744482 0.100831 9.9982E-05 0.154486 9.9982E-05
0.023377 0.185647 0.051998 0.651234 0.0877432
0.655151 9.9973E-05 9.9973E-05 0.34455 9.9973E-05
0.281204 0.0329186 9.9991E-05 0.653349 0.0324291
0.305008 0.39671 9.9982E-05 0.298083 9.9982E-05
0.0233389 0.816559 9.9982E-05 9.9982E-05 0.159902
0.0428427 0.752898 9.9991E-05 0.0849255 0.119233
0.0534969 0.800765 9.9991E-05 0.0302083 0.11543
0.0466939 0.832706 9.9982E-05 9.9982E-05 0.1204
0.0300285 0.789931 0.00556542 0.11508 0.0593954
0.0442681 0.781536 0.0360688 0.0716501 0.0664774
9.9991E-05 0.0682559 0.0605577 0.00424111 0.866845
9.9991E-05 0.0434464 0.016807 0.0999269 0.83972
0.0126579 0.0200534 0.0481504 0.114022 0.805116
9.9991E-05 0.0502462 0.0486616 0.0447783 0.856214
9.9991E-05 0.000213381 0.0310047 0.143069 0.825613
0.0409241 0.543199 9.9982E-05 9.9982E-05 0.415677
0.00231677 0.526466 0.00417517 9.9991E-05 0.466942
9.9991E-05 0.523806 0.00412129 0.0177793 0.454194
9.9982E-05 0.0103922 9.9982E-05 0.11915 0.870258
0.038135 0.550152 9.9982E-05 9.9982E-05 0.411513
0.139173 9.9991E-05 0.34302 0.233847 0.28386
0.0406648 0.0107067 0.241452 0.521858 0.185319
9.9982E-05 9.9982E-05 0.245396 0.541487 0.212917
0.109181 9.9991E-05 0.261474 0.323521 0.305725
0.034028 0.0679045 0.147095 0.550812 0.20016
0.230073 9.9982E-05 0.307974 9.9982E-05 0.461753
0.0761555 0.42024 9.9982E-05 0.503404 9.9982E-05
0.300703 0.170775 0.0477511 0.480671 9.9991E-05
0.0614995 0.587841 9.9991E-05 0.347213 0.00334631
0.235118 0.168637 0.0466323 0.549513 9.9991E-05
0.662579 0.337121 9.9973E-05 9.9973E-05 9.9973E-05
0.11686 0.153879 0.0753205 0.588124 0.0658167
0.216073 0.117248 0.0662386 0.570708 0.0297328
0.0986499 0.4831 9.9991E-05 0.38237 0.0357807
0.0556769 0.204303 0.0640352 0.595705 0.0802803
0.521587 0.298954 9.9982E-05 0.179259 9.9982E-05
0.187495 0.106129 0.0227516 0.640452 0.0431726
0.0431781 0.372135 0.0425386 0.536338 0.00580994
0.19099 0.0872507 0.174347 0.436221 0.111192
0.28622 0.284836 0.0329787 0.395865 9.9991E-05
0.286802 0.205919 0.0481405 0.459038 9.9991E-05
0.138505 0.198468 0.0673571 0.595569 9.9991E-05
0.200439 0.16039 0.012249 0.618883 0.0080386
0.111625 0.115858 0.119803 0.624562 0.0281523
0.0813635 0.153551 0.041343 0.62408 0.0996627
0.0639912 0.160225 0.00653066 0.64303 0.126222
9.9982E-05 9.9982E-05 0.0459473 0.0907933 0.863059
9.9982E-05 9.9982E-05 0.00817168 0.107019 0.884609
0.0122944 0.0078271 9.9991E-05 0.0574339 0.922345
9.9991E-05 0.0295001 0.0549162 0.0136103 0.901873
9.9973E-05 9.9973E-05 9.9973E-05 0.0760993 0.923601
0.118778 0.620536 0.0549699 0.16299 0.042726
0.172349 0.145799 0.0718892 0.544522 0.0654407
0.130349 0.0221692 0.266097 0.383962 0.197423
0.0242637 0.207138 0.0856087 0.657842 0.0251473
0.0253241 0.342223 0.0426646 0.571593 0.0181954
0.34186 0.302254 0.0519984 0.303788 9.9991E-05
0.0799324 0.809039 0.000691425 0.0429137 0.0674231
9.9991E-05 0.368895 0.0258071 0.545079 0.0601185
0.0684839 0.600481 0.0555791 0.26119 0.014266
0.190282 0.198525 0.064144 0.520343 0.0267062
0.0704418 0.65958 0.0198177 0.174275 0.0758855
0.00537538 0.263296 0.0645626 0.587755 0.0790108
0.126095 0.632732 0.0109919 0.184574 0.0456068
0.292629 0.295762 0.132585 0.256617 0.0224073
0.179236 0.0678817 0.0303711 0.578354 0.144158
0.548934 0.0652216 9.9991E-05 0.351057 0.0346881
0.30191 0.029761 0.0379826 0.576958 0.0533882
0.205143 0.0189532 0.0379031 0.590902 0.147099
0.621748 0.0440536 9.9991E-05 0.295544 0.038554
0.180007 0.0836275 0.0611506 0.565025 0.11019
0.296228 0.0378352 9.9991E-05 0.56493 0.100907
0.771999 0.0136025 9.9991E-05 0.209386 0.00491302
0.714208 9.9982E-05 9.9982E-05 0.227722 0.0578701
0.388656 0.0418295 9.9991E-05 0.492025 0.0773898
0.775507 0.0842306 9.9991E-05 0.113813 0.0263493
0.416741 0.0928298 0.0134641 0.474883 0.00208265
0.0386064 0.741468 0.0400719 0.179754 9.9991E-05
0.291842 0.390089 0.113146 0.204823 9.9991E-05
9.9991E-05 0.469871 0.0976798 0.411896 0.020453
0.0694174 0.239782 0.0707595 0.570927 0.0491143
0.0443807 0.634882 0.0174508 0.303187 9.9991E-05
0.115583 0.161743 0.0821015 0.521519 0.119054
0.0291111 0.227562 0.0582052 0.637903 0.0472188
0.102171 0.284261 0.0877783 0.523496 0.00229277
0.0754386 0.299216 0.0783422 0.523084 0.0239193
9.9991E-05 0.407685 0.0787152 0.512684 0.00081603
0.0834285 0.559572 0.0423693 0.31453 9.9991E-05
0.0236548 0.47773 0.0561146 0.442401 9.9991E-05
0.0934587 0.218815 0.0989471 0.588679 9.9991E-05
0.0859015 0.12427 0.122977 0.624971 0.0418808
0.210241 0.284814 0.122317 0.341668 0.0409606
0.164335 0.217912 0.15094 0.466712 9.9991E-05
0.037005 0.493124 0.0735567 0.396214 9.9991E-05
0.0739632 0.237821 0.0804129 0.575563 0.03224
0.103357 0.293011 0.107605 0.479135 0.0168918
0.0595989 0.158824 0.0495449 0.618493 0.113538
9.9991E-05 0.0611537 0.14536 0.462495 0.330891
0.0795202 0.0353839 0.202019 0.538675 0.144402
0.136964 0.0327049 0.172608 0.487742 0.169981
0.0711871 0.0426224 0.180469 0.542614 0.163107
0.131774 0.00646404 0.257102 0.411669 0.192991
0.281218 0.146613 0.0335967 0.538472 9.9991E-05
0.0927874 0.0171426 0.163703 0.529964 0.196402
0.439746 0.081323 0.20165 0.0236397 0.253641
0.0737352 0.0483566 0.152162 0.594441 0.131306
0.07089 0.0467527 0.142946 0.547106 0.192305
0.103609 0.0611647 0.152095 0.539795 0.143336
0.321901 0.029823 0.115081 0.338922 0.194274
0.0207669 0.0350589 0.135616 0.574173 0.234385
0.114331 0.0158236 0.229131 0.496257 0.144457
0.354666 9.9982E-05 0.131375 9.9982E-05 0.513759
9.9991E-05 0.0863937 0.16045 0.567436 0.18562
0.0413001 9.9991E-05 0.186894 0.565195 0.206511
0.0902417 0.0497826 0.12795 0.597161 0.134865
0.0169518 9.9991E-05 0.234122 0.53913 0.209696
0.0649289 0.0445075 0.113879 0.530278 0.246407
0.345903 0.0385359 0.0337447 0.530874 0.0509424
0.20208 0.0974715 0.0634236 0.570792 0.066233
0.896106 0.0656812 0.0134764 0.0246368 9.9991E-05
0.825202 0.0878066 9.9982E-05 0.0867919 9.9982E-05
0.292688 0.0237092 0.0587983 0.513662 0.111142
0.143578 0.00195036 0.352805 0.339683 0.161984
0.161851 9.9991E-05 0.312941 0.345539 0.179569
0.295983 9.9991E-05 0.343905 0.172712 0.187299
0.183808 9.9991E-05 0.274111 0.376652 0.165329
0.675955 9.9991E-05 0.117255 0.0818249 0.124865
0.607222 9.9991E-05 0.0967656 0.191131 0.104781
0.273613 9.9991E-05 0.0918318 0.608658 0.0257971
0.341379 9.9991E-05 0.134124 0.437799 0.0865976
0.558792 9.9991E-05 0.0986084 0.273834 0.0686658
0.207505 0.0621653 0.0723769 0.587211 0.0707412
0.200136 0.0372647 0.138371 0.583753 0.0404749
0.223969 0.0394023 0.116297 0.543325 0.0770064
0.516729 0.0100454 0.00512578 0.435995 0.0321046
0.446793 0.0536034 9.9991E-05 0.485155 0.0143491
0.308269 0.0826041 0.057807 0.533048 0.0182711
0.293411 0.0887767 0.0811874 0.49933 0.0372946
0.235646 0.0455028 0.0817507 0.541302 0.095799
0.401867 0.00648301 9.9991E-05 0.559134 0.032416
0.688181 0.0101436 9.9982E-05 0.301475 9.9982E-05
0.269018 9.9991E-05 0.0314665 0.696757 0.00265872
0.598873 0.123817 0.0324874 0.244723 9.9991E-05
0.395727 0.00992395 0.00955114 0.53777 0.0470284
0.25769 0.0524589 9.9991E-05 0.587193 0.102559
0.213002 0.102116 0.0532598 0.575802 0.0558207
0.124658 9.9991E-05 0.19062 0.495641 0.188981
0.131289 0.107555 0.202552 0.428699 0.129905
0.172921 9.9991E-05 0.286421 0.323432 0.217125
0.153243 0.0394619 0.242364 0.352524 0.212408
0.0790326 0.096803 0.216942 0.446534 0.160689
0.177183 9.9991E-05 0.153482 0.500372 0.168863
0.646725 9.9982E-05 0.182044 9.9982E-05 0.171032
0.122025 9.9991E-05 0.204599 0.545998 0.127278
0.510694 9.9982E-05 0.132123 9.9982E-05 0.356983
0.188904 9.9991E-05 0.210605 0.514275 0.0861164
0.736038 9.9973E-05 9.9973E-05 0.263662 9.9973E-05
0.857146 0.0511683 9.9982E-05 0.0914856 9.9982E-05
0.376249 0.0299793 0.00469575 0.588947 0.000128857
0.248375 9.9991E-05 0.0646169 0.6709 0.0160083
0.454627 0.0102956 0.0109087 0.524069 9.9991E-05
0.287522 9.9991E-05 0.03187 0.676504 0.00400405
0.381106 9.9982E-05 0.0158427 0.602851 9.9982E-05
9.9991E-05 0.0941258 0.0144725 0.00575516 0.885547
0.0161429 0.0982314 0.060101 0.0545196 0.771005
9.9982E-05 0.0250753 0.0116422 9.9982E-05 0.963083
9.9973E-05 9.9973E-05 9.9973E-05 0.0172624 0.982438
0.241598 0.0391782 0.0337739 0.615147 0.0703027
0.13377 0.138234 9.9991E-05 0.666143 0.0617534
0.142926 0.178857 9.9982E-05 0.678017 9.9982E-05
0.113706 0.142482 0.0107638 0.672233 0.0608153
0.142859 0.0552979 0.0621055 0.633143 0.106594
0.276735 0.271235 9.9991E-05 0.440798 0.0111319
0.165904 0.00475844 9.9991E-05 0.789837 0.0394006
0.504894 0.0477867 9.9991E-05 0.434382 0.0128372
9.9991E-05 0.0576838 0.177512 0.412312 0.352392
0.358999 0.0605156 0.0110969 0.569289 9.9991E-05
0.22665 0.213739 9.9982E-05 0.559411 9.9982E-05
0.310724 0.0135458 0.00713131 0.653438 0.0151606
0.154763 0.267403 0.00720088 0.565719 0.00491373
0.280027 9.9982E-05 9.9982E-05 0.714447 0.00532644
0.149752 0.0802815 9.9991E-05 0.687398 0.0824688
0.739823 0.0336333 9.9982E-05 0.226344 9.9982E-05
0.476378 0.0546835 0.00715434 0.461684 9.9991E-05
0.446892 0.0356625 9.9982E-05 0.517246 9.9982E-05
0.887168 0.0279898 9.9982E-05 0.0846418 9.9982E-05
0.17969 0.219532 9.9991E-05 0.564459 0.0362193
0.715371 0.0508517 9.9982E-05 0.233578 9.9982E-05
0.88836 0.0658851 9.9982E-05 0.0455552 9.9982E-05
0.208545 0.0398796 9.9991E-05 0.697043 0.0544327
0.322866 0.286137 9.9982E-05 0.390797 9.9982E-05
0.191563 0.222932 0.00509502 0.576681 0.00372947
0.132446 0.0816991 0.0865653 0.620598 0.0786915
0.128486 0.166513 9.9991E-05 0.663223 0.0416782
0.298086 0.270734 0.0466502 0.38443 9.9991E-05
0.133683 0.137078 9.9991E-05 0.677845 0.0512944
0.139288 0.200108 9.9991E-05 0.64322 0.0172841
0.475714 0.0531415 9.9982E-05 0.470944 9.9982E-05
0.137372 0.1106 0.0155164 0.59253 0.143982
0.0259205 0.294167 9.9982E-05 9.9982E-05 0.679712
0.0675732 0.145056 9.9982E-05 9.9982E-05 0.787171
9.9973E-05 0.140962 9.9973E-05 9.9973E-05 0.858738
9.9973E-05 0.155318 9.9973E-05 9.9973E-05 0.844383
0.0348749 0.187437 9.9991E-05 0.0170699 0.760519
0.32689 0.343022 9.9982E-05 0.329888 9.9982E-05
0.339968 0.317109 9.9982E-05 0.342723 9.9982E-05
0.612005 9.9973E-05 9.9973E-05 0.387695 9.9973E-05
0.123343 0.065581 0.0676802 0.642936 0.100461
0.150935 0.0769183 0.13025 0.558283 0.0836133
0.51422 0.00293665 9.9991E-05 0.466559 0.0161849
0.143452 0.0553659 0.0704299 0.724862 0.00588975
0.340913 0.0589984 0.0307045 0.550844 0.0185404
0.207231 0.131599 0.015789 0.631235 0.014146
0.157813 0.0652153 0.0689161 0.662153 0.0459025
0.28805 0.28383 9.9982E-05 0.42792 9.9982E-05
0.25079 0.257966 9.9982E-05 0.491045 9.9982E-05
0.208484 0.28233 9.9982E-05 0.508986 9.9982E-05
0.115455 0.0245662 0.0282405 0.678081 0.153657
0.167496 0.243575 9.9991E-05 0.574113 0.0147161
0.21346 0.218693 9.9991E-05 0.545284 0.0224635
0.0395698 0.0364324 0.416781 0.401617 0.1056
0.0352641 0.0164048 0.475619 0.367314 0.105398
0.000417165 9.9991E-05 0.437367 0.459526 0.10259
0.0202799 9.9991E-05 0.554094 0.246757 0.178769
9.9991E-05 0.0321655 0.316638 0.496556 0.15454
0.302201 9.9982E-05 9.9982E-05 0.624631 0.0729685
0.0812404 9.9982E-05 0.659588 9.9982E-05 0.258972
0.0234191 0.0441616 0.507479 0.269827 0.155113
0.235622 9.9991E-05 0.145055 0.40756 0.211663
0.196816 0.0712419 0.0326047 0.551221 0.148116
0.21518 0.0547235 0.0168996 0.523969 0.189228
0.129796 0.0278177 0.0461074 0.609127 0.187152
0.0838786 0.0403447 0.0577632 0.638802 0.179212
9.9982E-05 9.9982E-05 0.494861 0.318532 0.186407
0.00137319 0.00344412 0.395629 0.43695 0.162604
9.9982E-05 9.9982E-05 0.536912 0.387416 0.0754718
0.0560513 0.0556298 0.295213 0.430114 0.162992
0.052781 0.0184333 0.50839 0.246645 0.173751
0.0215659 0.0454105 0.349106 0.457056 0.126862
0.0385626 9.9991E-05 0.569352 0.226737 0.165249
0.0611685 0.0726156 0.368698 0.391304 0.106214
0.261561 9.9991E-05 0.0449713 0.538926 0.154442
0.0088306 0.0744042 0.395677 0.353506 0.167581
0.0404497 9.9991E-05 0.609347 0.111806 0.238297
0.0435046 0.0645017 0.38563 0.39146 0.114904
0.278844 0.146415 9.9991E-05 0.356967 0.217674
0.218313 9.9991E-05 0.058044 0.6547 0.0688428
0.0325735 0.0120569 0.342004 0.434312 0.179054
0.170652 0.0340962 0.0358625 0.569431 0.189958
0.191638 0.0751805 0.0341884 0.508495 0.190498
0.172075 0.0427142 0.265745 0.306034 0.213432
0.138127 9.9991E-05 0.265236 0.349685 0.246852
0.129607 0.0133905 0.113309 0.592218 0.151476
0.0445061 0.0736681 0.337161 0.417254 0.127411
9.9991E-05 0.0224207 0.41941 0.426721 0.131348
0.0484097 9.9991E-05 0.623615 0.15523 0.172645
0.105111 0.00857066 0.0568152 0.677329 0.152175
0.230886 0.094856 9.9991E-05 0.482093 0.192065
0.657532 9.9991E-05 0.0210523 0.152371 0.168944
0.118568 9.9991E-05 0.0843682 0.632733 0.164231
0.2833 0.151723 0.0648865 0.411916 0.0881746
0.119629 0.0199576 0.159584 0.480367 0.220463
0.122486 0.0842587 0.124064 0.48767 0.181522
0.439338 9.9982E-05 0.130311 9.9982E-05 0.430151
0.536709 9.9982E-05 0.0869545 9.9982E-05 0.376136
0.364068 9.9991E-05 0.121322 0.282065 0.232445
0.407209 9.9991E-05 0.187208 0.0135948 0.391888
0.296539 9.9982E-05 0.198772 9.9982E-05 0.504488
0.297276 9.9991E-05 0.105633 0.370296 0.226695
0.188576 0.002541 0.178458 0.366396 0.26403
0.391613 9.9991E-05 0.197055 0.100645 0.310587
0.468708 9.9991E-05 0.141571 0.072625 0.316996
0.169264 0.00333919 0.137451 0.490907 0.199039
0.426613 9.9991E-05 0.168279 0.117586 0.287421
0.517746 9.9982E-05 0.0702702 9.9982E-05 0.411784
0.114476 0.0678559 0.126667 0.548756 0.142245
0.215645 9.9991E-05 0.200548 0.317451 0.266256
0.0474691 0.0272824 0.196779 0.409035 0.319434
9.9982E-05 9.9982E-05 0.241278 0.587603 0.170919
0.0709234 9.9991E-05 0.26364 0.490775 0.174561
0.124586 9.9991E-05 0.265932 0.457998 0.151383
0.0181648 0.05108 0.203704 0.3309 0.396151
9.9991E-05 0.0252351 0.218693 0.521479 0.234493
0.0419732 9.9991E-05 0.221509 0.436701 0.299717
0.204844 9.9991E-05 0.256563 0.290218 0.248275
0.163874 0.14513 0.126179 0.357736 0.20708
0.0820967 0.0287241 0.147128 0.509991 0.23206
0.11144 0.00125988 0.205586 0.494234 0.18748
0.0496693 0.0979671 0.154983 0.549557 0.147824
0.0461995 9.9991E-05 0.21676 0.45085 0.28609
0.0383028 9.9991E-05 0.178449 0.522599 0.260549
0.271593 9.9991E-05 0.338608 0.0246062 0.365093
0.0584403 9.9991E-05 0.186725 0.534911 0.219824
0.210911 9.9991E-05 0.308577 0.161149 0.319262
0.00453199 0.170971 0.00960602 9.9991E-05 0.814791
9.9991E-05 0.824469 0.0288904 0.120458 0.026083
9.997E-05 0.9996 9.997E-05 9.997E-05 9.997E-05
9.997E-05 0.9996 9.997E-05 9.997E-05 9.997E-05
9.9982E-05 0.984751 0.0105456 0.00450302 9.9982E-05
9.9973E-05 0.985672 0.0140285 9.9973E-05 9.9973E-05
9.9982E-05 0.977605 0.00103196 0.0211634 9.9982E-05
9.997E-05 0.9996 9.997E-05 9.997E-05 9.997E-05
9.9973E-05 0.850453 9.9973E-05 9.9973E-05 0.149247
9.9982E-05 0.0813657 9.9982E-05 0.0172203 0.901214
9.9982E-05 0.162945 9.9982E-05 0.0373454 0.79951
0.0221649 0.0517229 0.0251403 0.00889369 0.892078
0.00332285 0.0722321 9.9991E-05 0.0283214 0.896024
9.9982E-05 0.0903096 9.9982E-05 0.0231733 0.886317
9.9991E-05 0.0606238 0.0156804 0.0310829 0.892513
0.00892753 0.0175211 0.0658588 0.133522 0.774171
9.9973E-05 9.9973E-05 9.9973E-05 0.0848192 0.914881
0.00928644 0.076538 0.0567221 0.115806 0.741647
9.9982E-05 9.9982E-05 0.0363898 0.0317575 0.931653
9.997E-05 9.997E-05 9.997E-05 9.997E-05 0.9996
9.9991E-05 0.0228662 0.00211541 0.0781149 0.896803
9.9973E-05 0.00326908 9.9973E-05 9.9973E-05 0.996431
9.9973E-05 9.9973E-05 9.9973E-05 0.0327777 0.966922
9.9982E-05 9.9982E-05 0.016963 0.0692222 0.913615
9.9982E-05 9.9982E-05 0.01924 0.0477921 0.932768
9.9982E-05 9.9982E-05 0.0735667 0.0430667 0.883167
9.9982E-05 9.9982E-05 0.0475659 0.103127 0.849108
9.9982E-05 9.9982E-05 0.0699538 0.0880195 0.841827
0.288332 0.126443 9.9991E-05 0.427911 0.157214
0.101297 0.0183569 9.9991E-05 0.753053 0.127193
0.107536 0.0931497 0.0690647 0.627018 0.103232
0.740469 9.9991E-05 0.044726 0.0896357 0.125069
0.199538 0.0906181 9.9991E-05 0.54925 0.160494
0.711475 9.9991E-05 0.0199943 0.0952888 0.173142
0.15671 9.9991E-05 0.0984326 0.637255 0.107502
0.231192 0.121246 9.9991E-05 0.458319 0.189143
0.188333 0.0671654 9.9991E-05 0.525587 0.218815
0.14291 0.162539 9.9991E-05 0.64391 0.0505408
0.219856 0.135318 9.9991E-05 0.481784 0.162942
0.126928 9.9991E-05 0.0292907 0.7189 0.124782
0.184091 0.048085 9.9991E-05 0.576281 0.191443
0.42747 0.458564 0.107453 0.00641314 9.9991E-05
0.831983 9.9982E-05 9.9982E-05 0.00702091 0.160796
0.681552 9.9991E-05 0.0351344 0.1392 0.144014
0.144978 0.0206741 0.00807245 0.650318 0.175957
0.342588 9.9991E-05 0.0281188 0.53989 0.0893027
0.252208 9.9991E-05 0.0268601 0.608753 0.112078
0.148982 0.00247736 0.0971995 0.625519 0.125822
0.040906 0.0577974 0.188207 0.454658 0.258432
0.0260537 9.9991E-05 0.163585 0.561901 0.24836
0.0675274 0.237617 0.150597 0.163836 0.380423
0.0854653 0.0887454 0.0908137 0.604893 0.130082
0.0910111 0.152356 0.128682 0.423312 0.204639
0.394593 9.9982E-05 0.176107 9.9982E-05 0.4291
0.198258 9.9991E-05 0.192408 0.305838 0.303396
0.0382215 0.0675331 0.129191 0.360689 0.404365
9.9991E-05 0.157256 0.118228 0.40427 0.320146
0.078005 0.0551496 0.112774 0.575477 0.178595
0.0439277 0.0612421 0.0943849 0.569362 0.231083
0.0413461 0.0458896 0.114603 0.603421 0.194741
0.207243 9.9991E-05 0.195326 0.413096 0.184235
0.0393523 0.0868514 0.132599 0.253247 0.487951
