0.00257104 0.917919 0.0510649 9.9991E-05 0.0283447
9.9982E-05 0.980001 0.00582696 9.9982E-05 0.0139725
0.0567952 0.873939 0.0109846 0.00708367 0.0511972
0.135793 0.84961 9.9982E-05 9.9982E-05 0.0143964
0.065845 0.930126 9.9982E-05 9.9982E-05 0.00382899
0.0791066 0.683319 0.0457774 0.0920071 0.0997903
9.9991E-05 0.822282 0.0138429 0.088173 0.0756026
0.0188922 0.747235 0.0288445 0.0855979 0.119431
9.99729E-05 0.834539 9.99729E-05 9.99729E-05 0.165161
0.0328318 0.78326 0.0143215 0.106014 0.0635726
0.113754 0.785893 9.9991E-05 0.0802622 0.0199909
0.278986 0.0246035 0.0260192 0.139248 0.531144
0.556235 0.0651295 0.060635 0.0615224 0.256478
0.281988 9.9991E-05 0.10579 0.0558345 0.556287
0.278528 0.0320876 0.147134 0.0261067 0.516143
0.431489 0.056556 0.156182 0.00201599 0.353757
0.610685 0.0475154 0.0980223 0.0395713 0.204206
0.523321 9.9991E-05 0.0575427 0.0748122 0.344224
0.275602 0.0890616 0.110793 0.105678 0.418865
0.0870638 0.00569005 0.0172188 0.123255 0.766772
0.464887 0.0239995 0.03768 0.128979 0.344454
0.468998 0.0364872 0.0843776 0.251612 0.158526
0.609697 0.0441797 0.0424839 0.0733608 0.230278
0.252869 0.0325159 0.111097 0.146226 0.457292
0.678004 0.0881179 0.084319 0.0224513 0.127108
0.551885 0.0709012 0.0435869 0.0600351 0.273592
0.258379 0.0286798 0.0466877 0.0607165 0.605537
0.307996 0.0340789 0.105467 0.0949536 0.457505
0.284967 0.0359127 0.0152803 0.177263 0.486577
0.0970592 0.898195 0.00454575 9.9982E-05 9.9982E-05
0.122624 0.877076 9.9973E-05 9.9973E-05 9.9973E-05
0.100014 0.81514 0.084646 9.9982E-05 9.9982E-05
0.16475 0.766584 0.068466 9.9982E-05 9.9982E-05
0.585093 0.108799 9.9991E-05 0.171693 0.134315
0.63129 0.0729218 0.0352703 0.143654 0.116864
0.676195 0.0340592 0.00510715 0.25338 0.0312586
0.223019 0.0154403 0.011967 0.088583 0.660991
0.441112 9.9982E-05 9.9982E-05 0.533991 0.0246972
0.605931 0.056295 0.0402887 0.141846 0.155639
0.755564 0.0734968 0.015117 0.127839 0.0279829
0.607887 0.157386 9.9991E-05 0.130809 0.103818
0.669226 0.0993592 0.0216272 0.100368 0.109419
0.336908 9.9982E-05 9.9982E-05 0.335185 0.327707
0.662282 0.124011 0.0355995 0.178007 9.9991E-05
0.633498 0.0552095 0.0866086 0.197204 0.0274799
0.614063 0.123174 0.0920419 0.0662407 0.104481
0.507171 9.9982E-05 9.9982E-05 0.463821 0.0288079
0.716301 0.0614796 9.9991E-05 0.128448 0.0936715
0.595199 0.0883623 0.0919389 0.113253 0.111247
9.9982E-05 0.0114182 9.9982E-05 0.857251 0.13113
0.211747 9.9982E-05 9.9982E-05 0.157072 0.630981
0.171235 0.0155457 0.081904 0.45671 0.274605
0.619583 0.0427435 0.0976958 0.147729 0.0922484
0.595883 0.0982437 0.0793261 0.133817 0.0927307
0.634584 0.0769163 0.0672445 0.143429 0.0778256
0.252804 0.122019 9.9991E-05 0.0659075 0.55917
0.615732 0.0129439 0.0297175 9.9991E-05 0.341506
0.611005 0.0540092 0.0945621 0.0763531 0.16407
0.447399 0.126129 0.0284717 0.160262 0.237738
0.148616 0.156228 0.0232971 0.156499 0.51536
0.581676 0.0954841 0.0509869 0.125285 0.146568
0.500717 0.0545046 0.0692494 0.0830578 0.292471
0.140913 0.0541228 9.9991E-05 0.164523 0.640342
0.47768 9.9991E-05 0.0267487 0.102469 0.393002
0.57273 0.040953 0.127358 0.160808 0.0981509
0.641954 0.101462 0.0440298 0.0755212 0.137033
0.321837 0.0780752 0.0579402 0.129715 0.412432
0.550579 0.0382333 0.0633547 0.122766 0.225067
0.602203 0.0862041 0.0549213 0.0903504 0.166321
0.27473 0.0370814 9.9991E-05 0.132268 0.55582
0.641451 9.9982E-05 9.9982E-05 0.239911 0.118438
0.403684 9.9982E-05 9.9982E-05 0.342057 0.254058
0.647515 0.126431 0.00789123 0.141754 0.0764085
0.203323 9.9982E-05 9.9982E-05 0.755333 0.0411449
0.184817 9.9982E-05 9.9982E-05 0.766647 0.0483363
0.447059 9.9982E-05 9.9982E-05 0.518419 0.0343215
0.634481 0.0246312 9.9991E-05 0.166846 0.173941
0.599727 0.0950478 0.0709707 0.107888 0.126366
0.630754 9.9982E-05 9.9982E-05 0.314459 0.0545873
0.345044 0.00646775 9.9991E-05 0.260497 0.387891
0.414403 9.9982E-05 9.9982E-05 0.284822 0.300575
0.578233 0.092475 0.0815005 0.112818 0.134974
0.521516 0.000480275 9.9991E-05 0.230433 0.247471
0.586022 9.9982E-05 9.9982E-05 0.200602 0.213176
0.614434 9.9982E-05 9.9982E-05 0.352732 0.032634
0.0598119 9.9982E-05 9.9982E-05 0.875001 0.0649874
0.738742 0.0365646 0.0326467 0.163718 0.0283287
0.0792629 0.857737 9.9982E-05 9.9982E-05 0.0627996
0.057375 0.942325 9.9973E-05 9.9973E-05 9.9973E-05
0.0961887 0.854873 0.0487387 9.9982E-05 9.9982E-05
0.00866378 0.939679 0.0514576 9.9982E-05 9.9982E-05
9.9982E-05 0.968834 0.0290293 0.0019369 9.9982E-05
0.0898685 0.8766 0.033332 9.9982E-05 9.9982E-05
0.0659722 0.933728 9.9973E-05 9.9973E-05 9.9973E-05
0.646039 0.060177 0.0720793 0.142858 0.0788471
0.612722 0.128248 0.0756034 0.135137 0.0482904
0.217468 9.9982E-05 9.9982E-05 0.398948 0.383384
0.638215 0.0746637 0.0736084 0.128954 0.0845586
0.54816 0.0084853 9.9991E-05 0.25323 0.190025
0.664011 0.0693403 9.9991E-05 0.127951 0.138598
0.658647 0.0795033 0.00171027 0.21969 0.0404494
0.637805 0.025559 0.0141707 0.259801 0.0626641
0.191727 9.9982E-05 9.9982E-05 0.347015 0.461059
0.621049 0.100891 0.0360546 0.109221 0.132785
0.697203 0.0955194 0.0313574 0.078007 0.0979132
0.599627 0.0964416 0.0627919 0.0933392 0.147801
0.392759 9.9982E-05 9.9982E-05 0.512549 0.0944917
0.645197 9.9991E-05 0.0224101 0.322775 0.00951808
0.603696 9.9982E-05 9.9982E-05 0.174911 0.221193
0.548101 9.9982E-05 9.9982E-05 0.400488 0.0512106
0.545501 0.0279615 9.9991E-05 0.190354 0.236084
0.588048 0.116189 0.0520427 0.150977 0.0927428
0.271641 9.9991E-05 0.0953876 0.252677 0.380195
0.47592 0.103422 9.9991E-05 0.0944243 0.326133
0.496735 0.0984694 0.139194 0.0758162 0.189785
0.597874 0.0992476 0.0672682 0.107561 0.128049
0.519188 0.0594836 9.9991E-05 0.0556853 0.365543
0.617531 0.065157 0.0423676 0.0407114 0.234233
0.480756 0.054821 0.0297831 9.9991E-05 0.43454
0.544231 0.0851399 0.048634 0.14951 0.172485
0.63 0.0242415 0.0991819 0.0493738 0.197203
0.585673 0.0687705 0.0287791 0.0725805 0.244196
0.618426 0.0372406 9.9991E-05 0.0549233 0.28931
0.575053 0.00928014 0.121114 0.118248 0.176305
0.611518 0.0892269 0.0797479 0.0656447 0.153863
0.637845 0.0115167 0.0840146 0.0988165 0.167807
0.577595 0.0701357 0.0932724 0.116198 0.142799
0.613916 0.0293347 0.0647451 0.112395 0.179609
0.315142 0.058846 0.120964 0.232597 0.272451
0.681386 0.0834846 0.0374674 0.0512262 0.146436
0.661752 0.0814614 0.0299322 0.123708 0.103146
0.290262 0.0252083 0.0116862 0.058943 0.613901
0.150509 0.00358534 0.0716896 0.456305 0.317911
0.578214 0.06462 0.0443493 0.0780099 0.234807
0.0922335 9.9991E-05 0.0271491 0.543479 0.337038
0.410596 9.9982E-05 9.9982E-05 0.0236848 0.565519
0.513983 9.9982E-05 9.9982E-05 0.0588643 0.426953
0.423075 0.00834454 9.9991E-05 0.049572 0.518909
0.388407 9.9982E-05 9.9982E-05 0.0482077 0.563185
0.639133 0.065136 0.0292492 0.0608065 0.205675
0.580968 0.102119 0.113057 0.0930944 0.110762
0.610808 0.0594029 0.0553605 0.025162 0.249267
0.16427 9.9991E-05 0.0683798 0.362496 0.404754
0.532099 0.167043 0.0644479 0.120308 0.116102
0.500835 0.131513 0.0496422 0.268343 0.0496668
9.9982E-05 0.174756 9.9982E-05 0.774784 0.0502603
0.652071 0.0614305 0.0751759 0.192501 0.0188219
0.343106 0.107287 0.0532743 0.463648 0.032684
0.53174 0.169775 0.0458016 0.242898 0.00978617
0.265173 0.136874 0.0071062 0.480538 0.110309
0.108283 0.119014 9.9991E-05 0.637572 0.135031
0.416178 0.0865757 0.0421811 0.384697 0.070368
0.520403 0.147772 0.067416 0.192023 0.0723856
0.456693 0.144778 0.0929417 0.209091 0.0964966
0.150827 0.0793392 0.0714384 0.614616 0.08378
0.54654 0.127802 0.0766462 0.122398 0.126614
0.357731 9.9982E-05 9.9982E-05 0.55385 0.0882189
0.528643 0.00846363 9.9991E-05 0.387885 0.0749086
0.622231 0.0930131 0.0469518 0.148672 0.089132
0.125958 0.396245 0.257291 0.212113 0.00839192
9.9982E-05 0.538302 0.14416 0.317338 9.9982E-05
9.9982E-05 0.515302 0.131326 0.353172 9.9982E-05
0.0615364 0.383461 0.292716 0.246168 0.0161191
0.681352 9.9982E-05 9.9982E-05 0.300359 0.0180887
0.68074 0.130127 0.0223888 0.136296 0.0304489
0.311458 9.9982E-05 0.66826 9.9982E-05 0.0200825
0.454629 0.0259724 0.429401 0.0150926 0.0749051
0.385787 0.0692801 0.414621 0.0045255 0.125786
0.260632 0.0328089 0.0517077 0.606864 0.0479877
0.535104 0.086373 0.0882605 0.197322 0.0929405
0.295584 0.00407517 0.0112332 0.624884 0.0642234
0.638733 0.0857636 0.0114071 0.263997 9.9991E-05
0.517528 0.0683147 0.0503055 0.34491 0.0189419
0.615596 0.0206964 0.0186761 0.344932 9.9991E-05
0.242254 0.0472581 0.0103904 0.699998 9.9991E-05
0.704075 0.0760602 0.0527151 0.16705 9.9991E-05
0.64303 0.104034 0.0104208 0.151962 0.0905537
0.0416282 9.9973E-05 0.958072 9.9973E-05 9.9973E-05
0.0768315 9.9982E-05 0.906376 9.9982E-05 0.016593
0.312882 0.0297471 0.562767 0.0158315 0.0787724
0.350257 9.9973E-05 0.649443 9.9973E-05 9.9973E-05
0.128598 9.9982E-05 0.828705 9.9982E-05 0.0424978
9.997E-05 9.997E-05 0.9996 9.997E-05 9.997E-05
9.9973E-05 9.9973E-05 0.969389 9.9973E-05 0.0303108
0.142809 9.9982E-05 0.851488 9.9982E-05 0.00550356
9.9973E-05 9.9973E-05 0.955884 9.9973E-05 0.0438161
9.997E-05 9.997E-05 0.9996 9.997E-05 9.997E-05
9.997E-05 9.997E-05 0.9996 9.997E-05 9.997E-05
0.216398 9.9982E-05 0.765317 9.9982E-05 0.0180857
0.135098 0.057161 0.774289 9.9991E-05 0.0333524
9.997E-05 9.997E-05 0.9996 9.997E-05 9.997E-05
0.396412 0.0902729 0.38455 0.0540809 0.0746844
0.239595 0.0520415 0.645734 9.9991E-05 0.06253
0.171346 0.0370758 0.791379 9.9982E-05 9.9982E-05
0.101148 9.9982E-05 0.884472 9.9982E-05 0.0141793
9.997E-05 9.997E-05 0.9996 9.997E-05 9.997E-05
0.0508383 9.9973E-05 0.948862 9.9973E-05 9.9973E-05
9.997E-05 9.997E-05 0.9996 9.997E-05 9.997E-05
0.263982 0.0545851 0.649762 9.9991E-05 0.0315715
9.9982E-05 9.9982E-05 0.97916 0.0193325 0.00130745
9.9982E-05 0.338292 0.0777884 0.58372 9.9982E-05
0.363152 0.278001 0.0947345 0.217447 0.0466653
0.443034 0.20455 0.0847487 0.267568 9.9991E-05
0.165834 0.264989 0.125268 0.443809 9.9991E-05
0.459563 0.18025 0.12103 0.193009 0.0461481
0.0787439 0.274711 0.15907 0.487375 9.9991E-05
0.394875 0.218937 0.137933 0.211079 0.0371761
0.308859 0.229713 0.135978 0.32535 9.9991E-05
0.415544 0.196721 0.159811 0.227824 9.9991E-05
0.330182 0.233549 0.163833 0.272336 9.9991E-05
0.455474 0.22699 0.104349 0.169651 0.0435371
0.0579956 0.915878 9.9982E-05 9.9982E-05 0.0259268
9.99822E-05 0.904005 0.0849223 0.0108723 9.99822E-05
0.0122824 0.951896 9.9982E-05 9.9982E-05 0.0356212
9.9973E-05 0.987447 9.9973E-05 9.9973E-05 0.0122534
0.0538982 0.925494 9.9982E-05 9.9982E-05 0.0204077
0.0118734 0.987827 9.9973E-05 9.9973E-05 9.9973E-05
0.0442359 0.908311 0.0198138 9.9991E-05 0.0275388
9.9973E-05 0.92643 9.9973E-05 9.9973E-05 0.0732703
9.99947E-05 0.926109 0.0113273 0.0320953 0.0303688
0.00155616 0.921762 0.0270505 9.9991E-05 0.0495317
9.9982E-05 0.600355 9.9982E-05 0.0560201 0.343425
9.9982E-05 0.616007 9.9982E-05 0.0333224 0.350471
9.9982E-05 0.551739 9.9982E-05 0.106177 0.341884
9.9982E-05 0.452864 9.9982E-05 0.099818 0.447118
0.566065 0.0762354 9.9991E-05 0.177321 0.180278
0.614466 0.0711187 0.00783192 0.15853 0.148053
0.598784 0.0307958 0.0500768 0.0939423 0.226402
0.465279 0.00801563 9.9991E-05 0.156515 0.370091
0.241717 9.9991E-05 0.0345658 0.111196 0.612422
0.715497 0.0308515 0.0376027 0.134707 0.0813418
0.680606 9.9991E-05 0.0205317 0.105388 0.193375
0.623175 9.9982E-05 9.9982E-05 0.293748 0.0828773
0.551814 9.9982E-05 9.9982E-05 0.426068 0.0219184
0.666372 0.0735442 0.052624 0.0876887 0.119771
0.558756 9.9982E-05 9.9982E-05 0.236417 0.204627
0.147587 9.9982E-05 9.9982E-05 0.766466 0.0857464
0.622476 0.0839101 0.0257943 0.0615604 0.20626
0.322737 9.9982E-05 9.9982E-05 0.674653 0.0024104
0.678708 0.0104219 0.00554695 0.235086 0.0702372
0.324776 9.9982E-05 9.9982E-05 0.310606 0.364418
9.9982E-05 0.143562 9.9982E-05 0.0266155 0.829622
0.0728787 0.116136 9.9991E-05 0.0325999 0.778286
0.0462472 0.106263 9.9991E-05 0.0598545 0.787536
9.9982E-05 0.125227 9.9982E-05 0.0246372 0.849936
0.130219 0.050424 9.9991E-05 0.0199387 0.799318
0.0674436 0.0711266 0.0432778 0.034192 0.78396
0.0778227 0.897849 0.0123097 9.9991E-05 0.011919
0.120637 0.844297 0.00505308 9.9991E-05 0.0299125
0.174384 0.795297 0.0277477 0.000461549 0.00210925
0.0555095 0.85298 0.0504621 9.9991E-05 0.0409482
0.158163 0.792262 0.0337433 9.9991E-05 0.015732
9.9982E-05 0.425935 9.9982E-05 0.021863 0.552002
9.9982E-05 0.446816 0.0015392 9.9982E-05 0.551445
9.9982E-05 0.441655 0.0183056 9.9982E-05 0.539839
0.110917 0.87519 9.9982E-05 9.9982E-05 0.0136935
9.9982E-05 0.40549 9.9982E-05 0.0393055 0.555005
0.223465 0.297669 0.350779 0.127987 9.9991E-05
0.561205 0.186174 0.205779 0.0204395 0.0264024
0.533745 0.19482 0.271236 9.9982E-05 9.9982E-05
0.286584 0.284623 0.282337 0.146356 9.9991E-05
0.55735 0.207886 0.122115 0.084724 0.0279248
9.9982E-05 0.465946 0.316212 0.217641 9.9982E-05
0.517769 0.0152735 9.9991E-05 0.050785 0.416072
0.492033 9.9991E-05 0.0285997 0.295004 0.184263
0.337495 0.0113752 9.9991E-05 0.0845976 0.566432
0.54479 9.9991E-05 0.0375953 0.244691 0.172823
9.9973E-05 9.9973E-05 9.9973E-05 0.682198 0.317502
0.599245 0.114922 0.0815671 0.0483914 0.155875
0.556753 0.0335393 0.0613656 0.19466 0.153682
0.407152 0.0514899 9.9991E-05 0.0932851 0.447973
0.572608 0.110914 0.0569135 0.0525717 0.206993
0.191644 9.9982E-05 9.9982E-05 0.523437 0.284719
0.591593 0.0568924 0.0284192 0.176078 0.147017
0.536945 0.0163267 0.0452208 0.0661996 0.335308
0.451002 0.106332 0.167213 0.200959 0.074493
0.368249 9.9991E-05 0.0400984 0.344235 0.247317
0.481831 9.9991E-05 0.0516114 0.257357 0.209101
0.601582 9.9991E-05 0.0384931 0.183323 0.176502
0.617119 0.0091417 9.9991E-05 0.193771 0.179869
0.647815 0.0471198 0.0984129 0.100044 0.106608
0.551618 0.142953 0.0632156 0.0969141 0.145299
0.578837 0.0771387 0.0593837 0.0926813 0.191959
0.110719 0.848702 0.0403783 9.9982E-05 9.9982E-05
0.104789 0.894911 9.9973E-05 9.9973E-05 9.9973E-05
0.0663771 0.923468 9.9991E-05 0.00142757 0.00862739
0.0181689 0.926939 0.0521897 9.9991E-05 0.00260202
0.0797225 0.919978 9.9973E-05 9.9973E-05 9.9973E-05
0.148469 0.00236574 0.0645017 0.116523 0.66814
0.547274 0.0904665 0.0478167 0.154858 0.159585
0.385117 0.228232 0.239488 0.123646 0.0235177
0.604846 0.0375071 0.107067 0.0435564 0.207023
0.537772 0.0101404 0.0417911 0.00518091 0.405115
0.297223 0.0216293 0.0356857 0.351929 0.293532
0.0388471 0.0713076 0.00146115 0.0949405 0.793444
0.493135 0.0587327 0.0462831 0.00193466 0.399914
0.253992 0.0245813 0.0654045 0.0214019 0.63462
0.492006 0.0590405 0.0601717 0.200261 0.188521
0.179737 0.0637804 0.0211 0.0549945 0.680388
0.575566 0.0558898 0.0841108 9.9991E-05 0.284333
0.165722 0.0552465 0.0347301 0.136695 0.607606
0.280836 0.0492457 0.0819904 0.301758 0.28617
0.577643 0.132035 0.0173769 0.248872 0.0240734
0.342984 0.0356364 9.9991E-05 0.552584 0.0686951
0.521942 0.098814 0.0357502 0.315815 0.0276791
0.573817 0.170537 0.0309153 0.22463 9.9991E-05
0.299204 0.0477211 9.9991E-05 0.623653 0.0293218
0.577967 0.137741 0.0489649 0.193056 0.0422711
0.542176 0.0749502 9.9991E-05 0.312716 0.0700582
0.191603 0.0101431 9.9991E-05 0.776241 0.0219123
0.239301 0.0801737 9.9991E-05 0.677538 0.00288782
0.483074 0.0602409 9.9991E-05 0.369152 0.0874337
0.130759 0.0167264 9.9991E-05 0.773425 0.0789893
0.450952 0.0515528 9.9991E-05 0.384104 0.113291
0.200185 9.9991E-05 0.0196431 0.0272052 0.752867
0.193516 9.9991E-05 0.114668 0.315143 0.376572
0.40089 0.0340303 0.0923798 9.9991E-05 0.4726
0.573837 0.0214294 0.0899656 0.0576478 0.25712
0.288695 9.9991E-05 0.035884 0.0340575 0.641263
0.546451 0.0923287 0.0916264 0.103387 0.166206
0.595451 0.054868 0.055961 0.0214731 0.272247
0.502382 9.9991E-05 0.086418 0.170764 0.240336
0.52901 0.00076309 0.0984254 0.0620519 0.309749
0.544785 0.0204839 0.0555888 9.9991E-05 0.379042
0.341565 9.9991E-05 0.0327575 0.0720753 0.553502
0.439804 9.9991E-05 0.0497762 0.0260029 0.484316
0.598498 9.9991E-05 0.0664306 0.134958 0.200013
0.598157 0.0803094 0.0665249 0.115972 0.139037
0.287472 0.0411095 0.14397 0.249502 0.277947
0.459339 9.9991E-05 0.118771 0.161671 0.260119
0.378931 9.9991E-05 0.0754508 0.0215907 0.523928
0.60489 0.0512829 0.0409441 0.0329717 0.269911
0.476736 0.0100894 0.101032 0.0594548 0.352688
0.542852 0.0860673 0.0988519 0.101151 0.171078
0.466563 0.366479 0.12889 9.9991E-05 0.0379691
0.522313 0.151609 0.179798 0.111311 0.0349682
0.496291 0.186919 0.126924 0.118906 0.0709594
0.519675 0.14007 0.154512 0.132781 0.0529617
0.425642 0.212807 0.22491 0.136541 9.9991E-05
0.518168 9.9991E-05 0.0433643 0.249488 0.18888
0.501112 0.147294 0.172602 0.0982008 0.0807903
0.0109454 0.273238 0.205328 0.466588 0.0439007
0.555715 0.141969 0.136225 0.140786 0.0253053
0.51138 0.122426 0.211476 0.0921346 0.0625842
0.536709 0.124464 0.19125 0.11199 0.0355879
0.289416 0.190674 0.168302 0.300246 0.0513618
0.580637 0.21485 0.145228 0.0372231 0.0220623
0.505423 0.194902 0.185136 0.111683 0.00285607
9.9982E-05 0.538841 0.114954 0.346006 9.9982E-05
0.54884 0.211866 0.162447 0.0132265 0.0636206
0.496873 0.17007 0.233622 0.0993351 9.9991E-05
0.615784 0.128459 0.115672 0.131768 0.00831578
0.578584 0.187133 0.225297 0.00888633 9.9991E-05
0.550734 0.224157 0.115928 0.0674339 0.041747
0.527996 0.0651433 0.0193706 0.360942 0.0265485
0.555618 0.0524728 0.0625744 0.253083 0.0762522
0.00980804 9.9991E-05 0.0287638 0.882351 0.0789769
0.0700373 9.9982E-05 9.9982E-05 0.832856 0.0969068
0.530301 0.106933 0.0568014 0.272763 0.0332002
0.359464 0.175248 0.32453 0.140659 9.9991E-05
0.320457 0.166798 0.312648 0.199997 9.9991E-05
0.161484 0.170389 0.354198 0.313829 9.9991E-05
0.344129 0.192887 0.274748 0.188136 9.9991E-05
0.125819 0.0968454 0.0948858 0.68235 9.9991E-05
0.19051 0.0972994 0.0971047 0.614986 9.9991E-05
0.610346 0.0129661 0.0951956 0.281393 9.9991E-05
0.436706 0.0962667 0.139116 0.327812 9.9991E-05
0.303118 0.0634869 0.0615147 0.57178 9.9991E-05
0.627125 0.0627474 0.0626778 0.171275 0.0761749
0.609206 0.0576216 0.0791046 0.253968 9.9991E-05
0.539474 0.0599716 0.109636 0.240342 0.0505761
0.421611 0.00418515 0.0144398 0.544948 0.0148159
0.486709 0.0519367 9.9991E-05 0.410241 0.0510133
0.563918 0.0706667 0.0452601 0.2862 0.0339555
0.501506 0.0146241 0.0602666 0.303454 0.120149
0.568916 0.098815 0.0560587 0.235941 0.0402696
0.523507 0.018899 0.00340485 0.416375 0.0378151
0.294389 0.0145301 9.9991E-05 0.675443 0.0155383
0.694534 0.00764679 0.0275999 0.270119 9.9991E-05
0.254326 9.9991E-05 0.00682476 0.63698 0.10177
0.540931 0.0399369 0.00390498 0.415127 9.9991E-05
0.55901 0.113042 0.0296639 0.242667 0.0556168
0.570388 0.0557391 0.0759179 0.231439 0.0665157
0.496625 0.192534 0.146322 0.135466 0.0290537
0.449296 0.15582 0.152454 0.173526 0.068905
0.332319 0.234038 0.265116 0.168427 9.9991E-05
0.318859 0.215108 0.269449 0.196484 9.9991E-05
0.455245 0.161793 0.196302 0.115871 0.0707881
0.449927 0.174492 0.170888 0.204592 9.9991E-05
9.9982E-05 0.166805 0.173888 0.659107 9.9982E-05
0.528529 0.10889 0.231444 0.108511 0.0226264
9.9982E-05 0.371818 0.132622 0.49536 9.9982E-05
0.506477 0.066346 0.20137 0.225707 9.9991E-05
0.246046 9.9973E-05 9.9973E-05 0.753654 9.9973E-05
0.0680766 9.9982E-05 9.9982E-05 0.896384 0.0353391
0.554644 9.9991E-05 0.0114078 0.411894 0.021954
0.653594 0.0107759 0.0416898 0.29384 9.9991E-05
0.539228 9.9973E-05 9.9973E-05 0.460472 9.9973E-05
0.65454 0.00523546 0.01601 0.319444 0.00477065
0.641406 9.9973E-05 9.9973E-05 0.358294 9.9973E-05
0.0185249 0.880865 0.0074063 0.0302203 0.062983
0.0445115 0.769214 0.0740529 0.0280556 0.084166
9.9982E-05 0.954334 0.0301535 9.9982E-05 0.0153124
0.0352216 0.964478 9.9973E-05 9.9973E-05 9.9973E-05
0.654233 0.0552611 0.0413027 0.249103 9.9991E-05
0.629992 0.0341925 0.0296406 0.16468 0.141496
0.692147 9.9982E-05 9.9982E-05 0.134036 0.173617
0.672865 0.07744 0.0185851 0.0878713 0.143239
0.633679 0.142566 0.0224235 0.149061 0.0522705
0.455346 0.0198671 9.9991E-05 0.282544 0.242142
0.791144 0.0179327 9.9991E-05 0.148609 0.0422145
0.443483 9.9982E-05 9.9982E-05 0.532687 0.0236294
0.418724 0.324746 0.183476 9.9991E-05 0.0729548
0.565542 9.9991E-05 0.0268231 0.364892 0.0426436
0.510901 9.9982E-05 9.9982E-05 0.254333 0.234566
0.654214 9.9982E-05 9.9982E-05 0.285148 0.0604374
0.566843 0.00862942 0.00439118 0.140015 0.280121
0.709873 9.9973E-05 9.9973E-05 0.289827 9.9973E-05
0.66686 0.0382258 9.9991E-05 0.162146 0.132667
0.240578 9.9982E-05 9.9982E-05 0.736536 0.0226867
0.480452 9.9982E-05 9.9982E-05 0.492719 0.0266286
0.519432 9.9991E-05 0.00284757 0.433288 0.0443328
0.081763 9.9982E-05 9.9982E-05 0.903508 0.0145288
0.537017 0.0416848 9.9991E-05 0.191296 0.229902
0.236144 9.9982E-05 9.9982E-05 0.701831 0.0618241
0.0452412 9.9982E-05 9.9982E-05 0.876772 0.0777868
0.628611 0.031304 0.047382 0.246949 0.045754
0.354349 9.9982E-05 9.9982E-05 0.300433 0.345018
0.575934 9.9991E-05 0.00332516 0.217875 0.202766
0.643803 0.101864 0.0281402 0.179005 0.0471876
0.662956 0.0127927 9.9991E-05 0.10919 0.214961
0.365366 9.9991E-05 0.0556222 0.29722 0.281692
0.66655 0.044979 0.00611229 0.141204 0.141155
0.639529 0.0210418 9.9991E-05 0.161622 0.177707
0.49983 9.9982E-05 9.9982E-05 0.461342 0.0386277
0.590859 0.132615 0.0485528 0.085546 0.142427
9.9982E-05 0.663155 9.9982E-05 0.0445662 0.292078
0.000886832 0.776051 9.9991E-05 0.0558429 0.16712
9.9973E-05 0.845251 9.9973E-05 9.9973E-05 0.154449
9.9982E-05 0.837016 9.9982E-05 0.00621979 0.156564
0.0103007 0.758011 9.9991E-05 0.0380024 0.193586
0.340724 0.00553702 9.9991E-05 0.301581 0.352057
0.33749 9.9982E-05 9.9982E-05 0.349873 0.312437
0.407682 9.9973E-05 9.9973E-05 0.592018 9.9973E-05
0.626385 0.0894673 0.0762827 0.117135 0.0907303
0.633166 0.0877233 0.0755419 0.156622 0.0469465
0.40884 0.0165098 9.9991E-05 0.540605 0.0339452
0.65928 9.9991E-05 0.0760731 0.217017 0.04753
0.523561 0.0329532 0.0291967 0.349435 0.0648538
0.653979 0.0216144 9.9991E-05 0.175901 0.148406
0.678665 0.0410117 0.057129 0.062755 0.160439
0.418547 9.9982E-05 9.9982E-05 0.265994 0.315259
0.468939 9.9982E-05 9.9982E-05 0.265382 0.265479
0.489711 0.0017899 9.9991E-05 0.27842 0.22998
0.647385 0.144068 0.0483096 0.0999186 0.0603185
0.564626 9.9982E-05 9.9982E-05 0.163214 0.271959
0.56112 0.0250278 9.9991E-05 0.191479 0.222273
0.429276 0.119817 0.391643 0.0559526 0.00331057
0.332675 0.146751 0.453482 0.0669918 9.9991E-05
0.473858 0.118481 0.407461 9.9982E-05 9.9982E-05
0.277826 0.138484 0.516824 0.0667665 9.9991E-05
0.492757 0.142024 0.315355 0.0466785 0.00318484
0.609464 0.0803832 0.00844989 0.301603 9.9991E-05
9.9982E-05 0.273887 0.644296 0.0816174 9.9982E-05
0.287747 0.13864 0.532249 0.0241774 0.0171863
0.406832 0.199766 0.161817 0.231484 9.9991E-05
0.575179 0.180129 0.0280822 0.166797 0.0498122
0.54011 0.167329 0.0242737 0.198366 0.0699215
0.611716 0.192738 0.028075 0.137188 0.030283
0.63554 0.162011 0.0398112 0.108649 0.0539891
0.354531 0.182725 0.462544 9.9982E-05 9.9982E-05
0.434311 0.159433 0.361197 0.0220643 0.0229955
0.395105 0.111291 0.493404 9.9982E-05 9.9982E-05
0.433197 0.187082 0.284155 0.0896033 0.00596301
0.258149 0.184929 0.496539 0.0296096 0.0307733
0.487259 0.149619 0.324563 0.0177715 0.0207883
0.244391 0.124498 0.539851 0.0567849 0.0344751
0.448535 0.111769 0.317056 0.0828017 0.0398374
0.49405 0.176241 0.0210105 0.308598 9.9991E-05
0.401007 0.176285 0.350042 0.0665983 0.00606825
0.130373 0.231529 0.611243 0.0267559 9.9991E-05
0.421418 0.115183 0.340735 0.0553826 0.0672822
0.335299 0.22898 9.9991E-05 0.297587 0.138033
0.61221 0.0929537 0.0734211 0.221316 9.9991E-05
0.360688 0.14045 0.37688 0.06017 0.061812
0.543676 0.17046 0.0136187 0.139086 0.13316
0.535098 0.198489 9.9991E-05 0.185855 0.080458
0.339842 0.265163 0.206624 0.184168 0.00420204
0.359639 0.226099 0.282848 0.131314 9.9991E-05
0.595067 0.199624 0.0589206 0.116997 0.0293914
0.473942 0.195587 0.285713 0.0105479 0.0342102
0.435871 0.0875432 0.438742 9.9991E-05 0.0377434
0.127268 0.204956 0.634806 0.0328701 9.9991E-05
0.652824 0.130421 0.0406613 0.11343 0.0626634
0.486717 0.197722 9.9991E-05 0.259621 0.05584
0.145167 0.143843 0.0337938 0.677096 9.9991E-05
0.567964 0.200863 0.037959 0.131439 0.0617762
0.390578 0.117381 0.0721386 0.304884 0.115018
0.468594 0.211702 0.173072 0.146532 9.9991E-05
0.541462 0.190207 0.102517 0.165713 9.9991E-05
9.9982E-05 0.415714 0.129285 0.454801 9.9982E-05
9.9982E-05 0.390104 0.08359 0.526106 9.9982E-05
0.346304 0.248391 0.0683752 0.33683 9.9991E-05
0.00938631 0.372954 0.217711 0.399848 9.9991E-05
9.9982E-05 0.502899 0.187939 0.308962 9.9982E-05
0.311832 0.241686 0.14553 0.300852 9.9991E-05
0.372421 0.261691 0.157268 0.20852 9.9991E-05
0.137752 0.332628 0.162543 0.366977 9.9991E-05
0.0586683 0.326101 0.142592 0.47254 9.9991E-05
0.497975 0.2101 0.134839 0.139956 0.0171298
0.155261 0.277376 0.142263 0.425 9.9991E-05
9.9982E-05 0.413045 0.0682015 0.518554 9.9982E-05
0.520473 0.12243 0.13754 0.134522 0.0850348
0.312081 0.252002 0.200808 0.214194 0.0209151
0.400781 0.359579 0.163511 0.0382078 0.0379214
0.574543 0.18873 0.236527 9.9982E-05 9.9982E-05
0.537835 0.170451 0.190542 0.0887047 0.0124667
0.522654 0.188365 0.206881 0.0819994 9.9991E-05
0.326374 0.366865 0.197896 0.0354865 0.0733783
0.514181 0.229691 0.193485 0.00301133 0.0596317
0.503891 0.295232 0.200677 9.9982E-05 9.9982E-05
0.294136 0.261483 0.252304 0.191978 9.9991E-05
0.384165 0.201769 0.127556 0.138019 0.148492
0.523633 0.211398 0.103495 0.0694413 0.0920326
0.559273 0.185276 0.176114 0.079237 9.9991E-05
0.565239 0.181933 0.142053 0.0583706 0.0524038
0.455475 0.291142 0.220385 0.0100889 0.0229092
0.569767 0.263373 0.153486 0.0102191 0.00315522
0.0155212 0.392003 0.321981 0.270395 9.9991E-05
0.538103 0.21996 0.170247 0.054669 0.0170212
0.15868 0.314433 0.321482 0.205305 9.9991E-05
9.9973E-05 0.820172 9.9973E-05 9.9973E-05 0.179528
0.183244 0.0288096 0.0166317 0.0114226 0.759892
9.997E-05 9.997E-05 9.997E-05 9.997E-05 0.9996
9.997E-05 9.997E-05 9.997E-05 9.997E-05 0.9996
0.0281549 9.9982E-05 0.00558084 9.9982E-05 0.966064
9.9973E-05 9.9973E-05 0.043643 9.9973E-05 0.956057
0.0619942 9.9973E-05 9.9973E-05 9.9973E-05 0.937706
9.997E-05 9.997E-05 9.997E-05 9.997E-05 0.9996
9.9973E-05 0.143944 9.9973E-05 9.9973E-05 0.855756
0.00452503 0.900301 9.9991E-05 0.00564009 0.0894339
0.0461012 0.80837 9.9982E-05 9.9982E-05 0.145329
0.0615142 0.899809 9.9982E-05 9.9982E-05 0.038477
0.0232503 0.876996 9.9982E-05 9.9982E-05 0.0995537
0.0301831 0.898509 9.9982E-05 9.9982E-05 0.0711076
0.0510821 0.900114 9.9982E-05 9.9982E-05 0.0486037
0.131413 0.76472 0.0643329 9.9991E-05 0.0394333
0.0896162 0.910084 9.9973E-05 9.9973E-05 9.9973E-05
0.136851 0.744477 0.0243507 0.0202321 0.0740889
0.0556401 0.921882 0.0222781 9.9982E-05 9.9982E-05
9.9982E-05 0.987878 9.9982E-05 0.00545633 0.0064657
0.0411531 0.890578 0.0302839 9.9991E-05 0.0378847
9.9982E-05 0.990542 0.00850207 9.9982E-05 0.000756035
0.0313671 0.953079 0.0018913 9.9991E-05 0.0135628
0.0895564 0.901298 0.00894589 9.9982E-05 9.9982E-05
0.0396912 0.944319 0.0157903 9.9982E-05 9.9982E-05
0.0680663 0.868717 0.0630169 9.9982E-05 9.9982E-05
0.119187 0.836295 0.0443173 9.9982E-05 9.9982E-05
0.090316 0.830071 0.0794129 9.9982E-05 9.9982E-05
0.46045 0.18719 9.9991E-05 0.263893 0.0883672
0.743571 0.116341 9.9991E-05 0.131317 0.00867199
0.623994 0.124272 0.107046 0.0640637 0.0806242
0.111729 0.139078 0.0354446 0.713649 9.9991E-05
0.518267 0.155325 0.0182667 0.166348 0.141794
0.0667749 0.162404 0.0435931 0.727128 9.9991E-05
0.629833 0.115512 0.0667126 0.187843 9.9991E-05
0.460318 0.19145 9.9991E-05 0.220496 0.127636
0.556344 0.199394 9.9991E-05 0.197624 0.0465372
0.629303 0.0642485 9.9991E-05 0.174705 0.131644
0.509108 0.187514 9.9991E-05 0.204603 0.0986752
0.683072 0.119951 0.0164059 0.180471 9.9991E-05
0.561856 0.187589 9.9991E-05 0.14962 0.100835
0.0101745 9.9991E-05 0.107809 0.388937 0.492979
9.9973E-05 0.172687 9.9973E-05 0.827014 9.9973E-05
0.16254 0.162082 0.0326569 0.64262 9.9991E-05
0.597375 0.16765 0.0664186 0.147973 0.0205827
0.501853 0.109981 0.0393762 0.34869 9.9991E-05
0.636128 0.112653 9.9982E-05 0.251019 9.9982E-05
0.614844 0.125602 0.0688537 0.149852 0.040849
0.450664 0.242601 0.1746 0.0564523 0.0756824
0.58312 0.226099 0.164674 0.0260064 9.9991E-05
0.170633 0.394368 0.172643 0.0470236 0.215332
0.545325 0.121708 0.105994 0.0816594 0.145314
0.414491 0.230755 0.128349 0.0590169 0.167388
9.9982E-05 0.425729 0.171013 0.403058 9.9982E-05
0.300219 0.279634 0.220582 0.199464 9.9991E-05
0.301031 0.388497 0.177213 0.0543695 0.0788888
0.412641 0.304182 0.109577 0.0129032 0.160697
0.543323 0.202604 0.129697 0.0729913 0.0513848
0.514294 0.205857 0.140004 0.0557759 0.0840699
0.661531 0.20478 0.0907056 0.0428825 9.9991E-05
0.412382 0.189126 0.17992 0.198878 0.0196938
0.255741 0.514506 0.117641 0.0449566 0.0671554
