9.9964E-05 0.89849 0.0256167 9.9964E-05 0.02811 0.0168172 0.00475458 9.9964E-05 9.9964E-05 0.0258117
9.9946E-05 0.883031 9.9946E-05 9.9946E-05 9.9946E-05 0.004747 9.9946E-05 0.00970384 9.9946E-05 0.101919
0.00636549 0.684026 9.9964E-05 0.0235413 0.0197106 9.9964E-05 9.9964E-05 0.0455462 9.9964E-05 0.220411
0.0161183 0.707185 9.9955E-05 0.0324686 0.121449 9.9955E-05 9.9955E-05 9.9955E-05 9.9955E-05 0.122279
9.9946E-05 0.860664 9.9946E-05 0.0192744 0.0760958 9.9946E-05 9.9946E-05 9.9946E-05 9.9946E-05 0.0433658
0.159617 0.646892 0.0242084 0.0634243 0.0591177 0.0196186 9.9982E-05 0.0182537 0.0086679 9.9982E-05
0.171471 0.773035 9.9946E-05 0.0522107 9.9946E-05 9.9946E-05 9.9946E-05 9.9946E-05 9.9946E-05 0.00268414
0.19334 0.641209 0.00626325 0.0711059 9.9964E-05 0.0280364 9.9964E-05 9.9964E-05 9.9964E-05 0.0596462
9.99459E-05 0.823782 9.99459E-05 0.0853797 9.99459E-05 9.99459E-05 0.0792091 9.99459E-05 9.99459E-05 0.0110293
0.111341 0.708396 9.9964E-05 0.0414708 0.0437522 0.0614133 9.9964E-05 9.9964E-05 9.9964E-05 0.0332269
0.139514 0.673875 9.9955E-05 0.0393496 0.0772996 9.9955E-05 9.9955E-05 9.9955E-05 9.9955E-05 0.0694619
9.9928E-05 9.9928E-05 0.0120795 9.9928E-05 9.9928E-05 0.987121 9.9928E-05 9.9928E-05 9.9928E-05 9.9928E-05
9.9973E-05 0.0181545 0.0455147 9.9973E-05 0.403409 0.452158 0.0484261 9.9973E-05 0.0197507 0.0122875
9.9937E-05 9.9937E-05 0.0853634 9.9937E-05 9.9937E-05 0.872736 0.0412014 9.9937E-05 9.9937E-05 9.9937E-05
9.9946E-05 9.9946E-05 0.1128 9.9946E-05 0.0136563 0.868198 9.9946E-05 9.9946E-05 9.9946E-05 0.00474583
0.000353761 9.9955E-05 0.116218 9.9955E-05 0.244672 0.587416 9.9955E-05 9.9955E-05 9.9955E-05 0.0508408
9.9964E-05 0.0151828 0.0886722 9.9964E-05 0.40795 0.446677 9.9964E-05 9.9964E-05 0.0403449 0.000773333
0.00895995 0.0157166 0.0226205 9.9964E-05 0.303591 0.605662 9.9964E-05 0.0430498 9.9964E-05 9.9964E-05
0.0314947 0.0230032 0.0761559 9.9964E-05 0.0427765 0.79004 9.9964E-05 9.9964E-05 9.9964E-05 0.0361303
0.0374836 9.9937E-05 9.9937E-05 0.0119977 9.9937E-05 0.949819 9.9937E-05 9.9937E-05 9.9937E-05 9.9937E-05
0.0335008 9.9973E-05 0.022973 9.9973E-05 0.310833 0.555248 0.0683511 0.00391835 0.00487659 9.9973E-05
0.0959057 9.9964E-05 0.0448285 9.9964E-05 0.339651 0.351735 0.117501 9.9964E-05 0.0499795 9.9964E-05
0.0573772 9.9991E-05 0.0170029 0.00386587 0.458617 0.348852 0.00631959 0.0658287 0.0346051 0.00743099
0.00707322 9.9937E-05 0.0555507 9.9937E-05 9.9937E-05 0.936676 9.9937E-05 9.9937E-05 9.9937E-05 9.9937E-05
0.019186 0.0237662 0.0669131 9.9982E-05 0.570372 0.243581 0.000865912 9.9982E-05 0.0463321 0.0287835
9.9955E-05 0.0140595 0.0368122 9.9955E-05 0.373596 0.570499 9.9955E-05 9.9955E-05 0.00453273 9.9955E-05
9.9928E-05 9.9928E-05 9.9928E-05 9.9928E-05 9.9928E-05 0.972495 9.9928E-05 9.9928E-05 9.9928E-05 0.0267059
9.9937E-05 9.9937E-05 0.0666291 9.9937E-05 0.0227275 0.909944 9.9937E-05 9.9937E-05 9.9937E-05 9.9937E-05
0.0348212 9.9937E-05 9.9937E-05 9.9937E-05 9.9937E-05 0.962413 9.9937E-05 9.9937E-05 0.00206638 9.9937E-05
9.9937E-05 0.899152 0.0142617 9.9937E-05 0.0858868 9.9937E-05 9.9937E-05 9.9937E-05 9.9937E-05 9.9937E-05
9.9928E-05 0.885472 9.9928E-05 9.9928E-05 0.113729 9.9928E-05 9.9928E-05 9.9928E-05 9.9928E-05 9.9928E-05
9.9946E-05 0.798307 0.0730198 9.9946E-05 0.110041 9.9946E-05 9.9946E-05 9.9946E-05 9.9946E-05 0.0180331
9.9955E-05 0.725737 0.0564179 9.9955E-05 0.162705 9.9955E-05 9.9955E-05 0.0206196 9.9955E-05 0.0340205
0.0960203 0.0644954 9.9973E-05 0.0520911 0.474886 0.0856065 9.9973E-05 0.217865 9.9973E-05 0.00873607
0.0263637 0.0440179 0.047488 0.0358673 0.441507 0.161462 0.00222144 0.222211 9.9991E-05 0.0187619
0.00381158 9.9964E-05 0.0174645 0.0266875 0.534938 9.9964E-05 0.0823587 0.33434 9.9964E-05 9.9964E-05
9.9964E-05 0.00678311 9.9964E-05 0.190276 0.0817046 0.466392 0.235599 9.9964E-05 9.9964E-05 0.0188455
9.9937E-05 9.9937E-05 9.9937E-05 9.9937E-05 0.242015 9.9937E-05 0.224607 0.532679 9.9937E-05 9.9937E-05
9.9973E-05 0.0676651 0.0353259 0.0291331 0.494724 0.121281 0.0945968 0.156975 9.9973E-05 9.9973E-05
0.0451611 0.0286846 9.9973E-05 0.0135525 0.668708 9.9973E-05 0.0180456 0.223148 0.00239965 9.9973E-05
0.300374 0.03176 9.9973E-05 0.0519554 0.463527 0.0839339 9.9973E-05 0.041962 9.9973E-05 0.0261879
0.125539 0.0593051 9.9973E-05 0.0229614 0.542152 0.136167 9.9973E-05 0.0851239 0.0284509 9.9973E-05
9.9955E-05 0.0166501 9.9955E-05 0.0437255 0.0235158 0.279621 9.9955E-05 0.635988 9.9955E-05 9.9955E-05
0.275755 0.0192558 0.0153042 0.0337435 0.627352 0.00125133 9.9982E-05 0.020793 0.00634458 9.9982E-05
0.104922 9.9964E-05 0.0568392 0.0600192 0.530872 9.9964E-05 9.9964E-05 0.22338 9.9964E-05 0.0235683
0.0709756 0.102362 0.00442345 9.9982E-05 0.570067 0.0413214 9.9982E-05 0.16438 0.00817523 0.0380953
9.9946E-05 9.9946E-05 9.9946E-05 9.9946E-05 0.302438 9.9946E-05 0.153089 0.531846 0.0120284 9.9946E-05
0.0222854 0.0589325 0.00708078 0.0216854 0.547424 0.0729348 0.000328235 0.233362 0.00680148 0.0291664
0.0292172 0.0588832 0.0387139 0.0334073 0.487253 0.0693939 0.02061 0.131574 0.0660408 0.0649065
0.065178 9.9937E-05 9.9937E-05 9.9937E-05 9.9937E-05 9.9937E-05 0.434596 0.499526 9.9937E-05 9.9937E-05
0.000297607 9.9973E-05 9.9973E-05 0.263362 0.0963776 0.419282 0.163936 0.035638 0.0208066 9.9973E-05
0.0806728 0.0263745 0.0275678 0.00180422 0.126762 0.246773 0.37693 0.0588261 0.0541903 9.9991E-05
0.0362859 0.0699918 0.0555875 0.0303604 0.540076 0.119206 0.133778 0.00199367 0.0126202 9.9991E-05
0.0512453 0.0593044 0.0250556 0.0370388 0.564004 0.109036 0.0814442 9.9991E-05 0.0437618 0.0290099
0.0228765 0.0825001 0.0359551 9.9982E-05 0.571169 0.070899 0.146815 9.9982E-05 0.0555226 0.0140621
9.9964E-05 0.0866632 9.9964E-05 0.236912 0.15613 0.353543 0.100935 0.0654168 9.9964E-05 9.9964E-05
9.9955E-05 9.9955E-05 9.9955E-05 0.0903535 0.488503 0.267471 0.131968 9.9955E-05 9.9955E-05 0.0212059
0.0368769 0.0694079 0.0810744 0.0378164 0.462875 0.147677 9.9991E-05 0.1193 0.040502 0.00437023
0.0157997 0.0463214 0.0255245 0.070971 0.285862 0.322858 0.0349763 0.0524453 0.0888185 0.0564228
0.00943919 0.171715 9.9973E-05 0.0856023 0.0442272 0.498187 0.180383 0.0101465 9.9973E-05 9.9973E-05
0.0608264 0.0667895 0.0682821 0.0607251 0.495619 0.0843133 0.0839849 0.072064 0.00729594 9.9991E-05
9.999E-05 0.0626903 0.00325295 0.0617697 0.432687 0.31013 0.0197392 0.0235181 0.0534716 0.0326415
9.9964E-05 0.0727828 9.9964E-05 0.134244 9.9964E-05 0.559164 0.168248 0.0528458 0.0123156 9.9964E-05
9.9964E-05 9.9964E-05 9.9964E-05 0.120709 0.368132 0.393621 0.0592775 0.0273563 0.0305037 9.9964E-05
0.00440856 0.0203472 0.0215293 9.9991E-05 0.529073 0.0934419 0.139742 0.0668808 0.0799481 0.0445283
9.9964E-05 0.105199 9.9964E-05 0.00906132 0.622786 0.111613 0.144661 9.9964E-05 0.00627986 9.9964E-05
0.0255559 0.0469609 0.0496355 0.0495197 0.137503 0.491252 0.0923545 0.0837465 9.9991E-05 0.0233723
0.000967749 0.0313458 0.0384471 0.0495283 0.442022 0.202553 0.0739951 0.0728122 0.0752084 0.0131204
9.9982E-05 9.9982E-05 0.0688262 0.0666047 0.501264 0.1703 0.0588695 0.0353135 0.0570418 0.0415796
0.0224242 9.9991E-05 0.00176646 0.120325 0.0995963 0.517391 0.0964564 0.0565684 0.0475513 0.0378207
9.9955E-05 0.028117 9.9955E-05 0.0328462 0.399947 0.0592428 9.9955E-05 0.479347 9.9955E-05 9.9955E-05
9.9955E-05 0.00723514 9.9955E-05 9.9955E-05 0.0926927 0.189873 9.9955E-05 0.706815 9.9955E-05 0.00288489
0.00142347 0.100701 0.016046 0.049253 0.49131 0.0562919 9.9982E-05 0.257965 9.9982E-05 0.0268101
9.9928E-05 9.9928E-05 9.9928E-05 9.9928E-05 9.9928E-05 9.9928E-05 0.222615 0.776586 9.9928E-05 9.9928E-05
9.9937E-05 9.9937E-05 9.9937E-05 9.9937E-05 9.9937E-05 9.9937E-05 0.168065 0.794505 0.0367311 9.9937E-05
9.9946E-05 9.9946E-05 9.9946E-05 9.9946E-05 0.182444 9.9946E-05 0.126371 0.680849 0.00973548 9.9946E-05
9.9955E-05 9.9955E-05 9.9955E-05 0.0788462 0.388678 0.1069 9.9955E-05 0.388368 9.9955E-05 0.0367073
0.0157632 0.057487 0.0752161 0.0224226 0.480127 0.0723166 0.0240144 0.147443 0.0592748 0.0459347
9.9973E-05 9.9973E-05 0.037321 9.9973E-05 0.406875 0.0484529 0.045657 0.452692 0.000866768 0.00783552
9.9955E-05 9.9955E-05 9.9955E-05 0.0353122 0.0346974 0.304456 9.9955E-05 0.607463 9.9955E-05 0.0175716
9.9946E-05 9.9946E-05 9.9946E-05 0.0650469 0.182725 0.258419 9.9946E-05 0.493209 9.9946E-05 9.9946E-05
0.0465219 0.0668178 0.0351182 0.022634 0.489915 0.0152717 9.9991E-05 0.314874 0.00299961 0.00574823
9.9955E-05 0.0174148 0.0160667 9.9955E-05 0.210069 0.241732 9.9955E-05 0.514218 9.9955E-05 9.9955E-05
9.9955E-05 9.9955E-05 9.9955E-05 0.00805531 0.3895 0.184372 9.9955E-05 0.392603 0.0249692 9.9955E-05
0.0104785 9.9964E-05 9.9964E-05 9.9964E-05 0.391792 9.9964E-05 0.0761097 0.488164 0.0120748 0.0209813
0.0576087 9.9946E-05 9.9946E-05 9.9946E-05 9.9946E-05 9.9946E-05 0.275268 0.605501 0.0610224 9.9946E-05
0.017054 9.9973E-05 0.0203162 9.9973E-05 0.595293 9.9973E-05 0.0493032 0.226018 0.0451981 0.0465179
9.9955E-05 0.741499 9.9955E-05 0.0555055 0.0836434 0.00894169 9.9955E-05 9.9955E-05 9.9955E-05 0.109911
9.99371E-05 0.928473 9.99371E-05 9.99371E-05 0.0593832 9.99371E-05 9.99371E-05 9.99371E-05 9.99371E-05 0.0114446
9.9946E-05 0.816132 0.0355218 9.9946E-05 0.116181 9.9946E-05 9.9946E-05 9.9946E-05 9.9946E-05 0.0315658
9.9946E-05 0.891123 0.051477 9.9946E-05 0.0307897 9.9946E-05 9.9946E-05 9.9946E-05 9.9946E-05 0.0260106
9.9946E-05 0.875664 0.0319586 9.9946E-05 9.9946E-05 0.00737109 9.9946E-05 9.9946E-05 9.9946E-05 0.0844068
9.9955E-05 0.837247 0.0234767 9.9955E-05 0.0847196 9.9955E-05 9.9955E-05 9.9955E-05 0.0107425 0.043314
9.9928E-05 0.912676 9.9928E-05 9.9928E-05 0.0865246 9.9928E-05 9.9928E-05 9.9928E-05 9.9928E-05 9.9928E-05
0.0149021 0.0593555 0.0460749 0.00182963 0.505011 0.105933 0.0742317 0.187981 0.00458123 9.9991E-05
0.00937191 0.106806 0.0458079 9.9991E-05 0.53902 0.0225043 0.0391428 0.191812 0.0143808 0.031053
9.9955E-05 0.0311578 9.9955E-05 0.109492 9.9955E-05 0.161779 9.9955E-05 0.667132 0.029939 9.9955E-05
0.000440153 0.0600862 0.058437 0.0288168 0.528615 0.0773972 0.0959146 0.12289 0.027303 9.9991E-05
9.9955E-05 9.9955E-05 9.9955E-05 0.057575 0.338163 0.126311 9.9955E-05 0.434841 9.9955E-05 0.04261
0.00514703 0.0636933 0.00373847 0.0371133 0.495144 0.0464982 9.9982E-05 0.336756 9.9982E-05 0.0117094
0.00999658 9.9982E-05 9.9982E-05 0.00322613 0.506745 0.0363797 0.0881395 0.244243 0.0761271 0.0349433
9.9973E-05 9.9973E-05 0.0291924 9.9973E-05 0.476181 0.0586039 0.0372548 0.345274 0.0446435 0.00855059
9.9937E-05 9.9937E-05 9.9937E-05 0.11465 9.9937E-05 0.238687 9.9937E-05 0.645964 9.9937E-05 9.9937E-05
9.9991E-05 0.0891251 0.0628289 0.0670579 0.421406 0.0602039 0.0116286 0.206807 0.0718696 0.00897234
0.0450539 0.0983639 9.9973E-05 0.0217593 0.625587 0.0360454 0.0130604 0.15983 9.9973E-05 9.9973E-05
0.0226168 0.0947447 0.0474008 9.9991E-05 0.484869 0.0663868 0.0207011 0.150426 0.0648082 0.0479468
0.0669743 0.010698 9.9973E-05 0.0401714 0.22556 9.9973E-05 0.132344 0.489716 0.034236 9.9973E-05
9.9955E-05 9.9955E-05 0.0148071 9.9955E-05 0.461146 9.9955E-05 0.0219133 0.422954 0.0786801 9.9955E-05
9.9946E-05 9.9946E-05 9.9946E-05 0.079458 0.392484 0.141139 9.9946E-05 0.38632 9.9946E-05 9.9946E-05
9.9964E-05 9.9964E-05 0.0100872 9.9964E-05 0.339735 9.9964E-05 0.0154586 0.575087 0.0588276 0.000404934
9.9955E-05 0.0139938 9.9955E-05 0.0519927 0.39825 0.137057 9.9955E-05 0.398207 9.9955E-05 9.9955E-05
0.0521219 0.0736485 0.0444268 0.0856876 0.496778 0.0687082 0.0406603 0.122052 0.0135964 0.00232035
9.9955E-05 0.0505731 9.9955E-05 0.115672 0.356895 9.9955E-05 0.412716 9.9955E-05 0.0636431 9.9955E-05
0.0862171 0.0530351 9.9964E-05 0.16364 0.402341 0.174918 0.11945 9.9964E-05 9.9964E-05 9.9964E-05
0.0957515 0.0806631 0.0303624 0.056321 0.553363 0.0716401 0.0901698 0.00106151 0.00961984 0.0110477
9.9982E-05 0.0251072 0.00298072 0.0648717 0.59776 9.9982E-05 0.130737 0.0361653 0.0255824 0.116595
9.9973E-05 0.0333874 9.9973E-05 0.150549 0.478855 0.177808 0.117767 0.0304311 9.9973E-05 0.0109014
0.0111745 0.0582987 9.9973E-05 0.104556 0.600957 0.0864851 0.129852 9.9973E-05 0.00837603 9.9973E-05
9.9964E-05 0.0612513 9.9964E-05 0.19658 0.421283 0.242152 0.0590361 9.9964E-05 0.0192985 9.9964E-05
0.00198792 0.0680108 0.0355199 0.022442 0.505556 0.0542414 0.26298 0.00654026 9.9991E-05 0.0426223
9.9991E-05 0.0621537 0.050632 0.048506 0.578877 0.039807 0.140657 0.0177106 0.0405718 0.0209853
0.00401754 0.0692863 9.9973E-05 0.082362 0.572935 0.0782499 0.162196 9.9973E-05 0.0306529 9.9973E-05
9.9964E-05 0.035972 9.9964E-05 0.132977 0.588183 0.118686 0.116377 0.00740566 9.9964E-05 9.9964E-05
9.9982E-05 0.0539723 0.0524629 0.0987407 0.593729 0.030425 0.140739 9.9982E-05 0.0069573 0.0227742
0.0709107 0.0778164 0.0268739 0.0800121 0.594348 9.9973E-05 0.122946 9.9973E-05 9.9973E-05 0.0267926
9.9955E-05 9.9955E-05 0.0339986 0.0626241 0.608421 0.0260126 0.268444 9.9955E-05 9.9955E-05 9.9955E-05
0.0434248 0.0352819 0.0303911 0.111097 0.56006 0.0418287 0.113594 9.9991E-05 0.0393579 0.0248643
9.9973E-05 0.0220599 0.028886 0.0957128 0.572496 9.9973E-05 0.209032 0.00253487 0.0689789 9.9973E-05
0.0346723 0.103366 9.9982E-05 0.0767629 0.379881 0.0190572 0.338307 9.9982E-05 0.0340532 0.0136998
9.9982E-05 0.0438064 0.0281069 0.059858 0.652353 9.9982E-05 0.185814 0.0111442 0.00837501 0.0103427
9.9964E-05 0.0186167 9.9964E-05 0.0766516 0.6888 9.9964E-05 0.145725 9.9964E-05 0.04542 0.0243866
9.9973E-05 9.9973E-05 9.9973E-05 0.233795 0.162484 0.389211 0.159049 0.0325239 0.0042346 0.0184016
0.0119264 9.9982E-05 0.00307763 0.0289891 0.214296 0.155249 0.529611 9.9982E-05 0.0548946 0.00175622
0.0213702 9.9991E-05 0.0245928 0.092997 0.457469 0.178776 0.0873135 0.0491004 0.0477102 0.0405711
0.0444513 9.9973E-05 9.9973E-05 0.0562673 0.157688 0.00161574 0.658969 0.0188063 0.0619022 9.9973E-05
9.9964E-05 0.00267656 9.9964E-05 0.167486 0.263954 0.47204 0.0867271 9.9964E-05 0.00671672 9.9964E-05
9.9946E-05 9.9946E-05 9.9946E-05 0.141928 0.417173 0.261695 0.178605 9.9946E-05 9.9946E-05 9.9946E-05
9.9964E-05 0.0196687 9.9964E-05 0.185355 0.310754 0.308442 0.141557 0.0338231 9.9964E-05 9.9964E-05
9.9964E-05 9.9964E-05 9.9964E-05 0.211815 0.265543 0.390791 0.0530729 0.0267687 0.0516096 9.9964E-05
0.0111338 0.0295412 9.9982E-05 0.0562836 0.580626 0.151396 0.113021 0.0172172 9.9982E-05 0.0405811
9.9974E-05 0.115484 0.0455543 0.075526 0.60997 0.0507721 0.0608929 9.9974E-05 0.0415003 9.9974E-05
9.9973E-05 0.0505728 9.9973E-05 0.13093 0.573074 0.110449 0.0522011 0.0576686 0.0248048 9.9973E-05
9.99459E-05 9.99459E-05 9.99459E-05 9.99459E-05 0.245039 0.00861363 0.72706 9.99459E-05 9.99459E-05 0.0186876
0.0803053 0.112873 0.0245658 0.0600421 0.4568 0.0438388 0.034768 0.122036 0.0326118 0.0321597
0.18177 0.0499046 0.0200138 0.0493156 0.458618 0.00574828 0.0854213 0.0218936 0.123035 0.00428034
0.4473 0.0681795 9.9964E-05 0.0180983 9.9964E-05 9.9964E-05 0.331064 0.085305 0.0496535 9.9964E-05
0.131055 9.9973E-05 0.00960434 0.00314036 0.654627 0.0507472 0.0965813 9.9973E-05 9.9973E-05 0.0539451
0.283195 0.025852 0.00861008 9.9991E-05 0.266046 0.0794294 0.142749 0.0812322 0.0920361 0.0207504
0.193272 0.0748634 9.9982E-05 0.0270315 0.536062 9.9982E-05 0.0661302 0.0108439 0.06172 0.0298768
0.390099 0.0344704 9.9991E-05 0.0877143 0.219336 0.00726133 0.14825 0.0759471 0.018222 0.0185994
0.459905 0.0143737 9.9982E-05 0.0990513 0.0223093 0.0719336 0.134555 0.0726713 0.125 9.9982E-05
0.228727 0.0133276 0.0284957 0.0478625 0.376295 0.0772373 0.137433 0.0235297 0.0658496 0.00124304
0.16366 0.0912674 0.040904 0.0474371 0.429505 0.0531808 0.0497275 0.0635505 0.0606681 9.9991E-05
0.131916 0.142971 0.0232591 0.0452258 0.416037 0.0559148 0.100674 0.0285481 0.0553556 9.9991E-05
0.216247 0.0231711 0.047839 9.9982E-05 0.0623907 0.113417 0.396126 0.0711208 0.0694885 9.9982E-05
0.0899155 0.084839 0.0227347 0.0355265 0.528481 0.101153 0.0362621 0.0387654 0.0612713 0.00105134
0.340783 9.9973E-05 9.9973E-05 0.010931 0.267348 0.110731 0.1456 0.0572777 0.0670295 9.9973E-05
0.255583 9.9973E-05 9.9973E-05 0.0542888 0.400788 0.0361238 0.109498 0.0970345 0.0463839 9.9973E-05
0.127579 0.0210233 0.0213891 0.0210737 0.591734 0.0583619 9.9991E-05 0.0402482 0.059785 0.0587064
0.157805 0.373516 0.224223 9.9955E-05 0.109752 9.9955E-05 0.134204 9.9955E-05 9.9955E-05 9.9955E-05
0.228477 0.44697 0.119169 9.9946E-05 9.9946E-05 9.9946E-05 0.204785 9.9946E-05 9.9946E-05 9.9946E-05
0.282028 0.426729 0.118235 9.9946E-05 9.9946E-05 9.9946E-05 0.172409 9.9946E-05 9.9946E-05 9.9946E-05
0.214873 0.300192 0.230895 9.9964E-05 0.0929631 9.9964E-05 0.139667 9.9964E-05 9.9964E-05 0.0210099
0.208258 9.9964E-05 9.9964E-05 9.9964E-05 0.551377 0.0211259 0.0897942 0.079444 0.0496002 9.9964E-05
0.075713 0.0939534 0.0285383 0.0367059 0.568266 9.9991E-05 0.0414339 0.0842804 0.0609721 0.0100374
9.9955E-05 9.9955E-05 0.649789 0.010697 0.312118 0.0194594 9.9955E-05 0.0074366 9.9955E-05 9.9955E-05
9.9982E-05 0.0371718 0.45007 0.0261721 0.360802 0.0808944 0.0293407 0.00241514 0.0129337 9.9982E-05
9.9982E-05 0.0912089 0.3604 0.0646637 0.390171 0.0396782 9.9982E-05 0.00655081 0.0170248 0.0301027
0.388807 9.9964E-05 9.9964E-05 0.022757 0.240135 9.9964E-05 0.137895 0.0440542 0.165953 9.9964E-05
0.146707 0.0747358 0.0554944 0.0934417 0.47868 9.9982E-05 0.0847271 0.0340453 0.0319688 9.9982E-05
0.439381 9.9964E-05 9.9964E-05 9.9964E-05 0.18353 0.104727 0.117503 0.00803109 0.146428 9.9964E-05
0.190954 9.9982E-05 9.9982E-05 0.0131001 0.532977 0.0167311 0.0574306 0.0639226 0.0678095 0.0568751
0.305263 9.9973E-05 0.017893 9.9973E-05 0.393223 0.104432 0.0336211 9.9973E-05 0.137086 0.00818239
0.335872 9.9964E-05 9.9964E-05 0.016792 0.556796 9.9964E-05 0.0199359 0.0167452 0.053459 9.9964E-05
0.466088 9.9955E-05 9.9955E-05 9.9955E-05 0.206144 9.9955E-05 0.237962 0.0317883 0.0575167 9.9955E-05
0.189161 0.0117745 9.9973E-05 9.9973E-05 0.64505 0.0252899 9.9973E-05 0.0732909 0.025741 0.0293929
0.18183 0.0577451 0.0266626 0.000473809 0.555738 0.0568903 0.0549496 9.9991E-05 0.0363331 0.0292768
9.9946E-05 9.9946E-05 0.947618 9.9946E-05 0.0345148 9.9946E-05 9.9946E-05 0.0129469 9.9946E-05 0.00432045
9.9946E-05 9.9946E-05 0.877647 0.00787609 0.094893 0.0189847 9.9946E-05 9.9946E-05 9.9946E-05 9.9946E-05
9.9991E-05 0.0363181 0.544017 0.0163978 0.241745 0.0544154 0.000540805 0.0230047 0.0593865 0.0240752
9.9946E-05 9.9946E-05 0.60805 0.0261226 0.357562 9.9946E-05 9.9946E-05 9.9946E-05 0.00766586 9.9946E-05
9.9946E-05 9.9946E-05 0.812863 0.009185 0.130449 0.0469036 9.9946E-05 9.9946E-05 9.9946E-05 9.9946E-05
9.99201E-05 9.99201E-05 0.999101 9.99201E-05 9.99201E-05 9.99201E-05 9.99201E-05 9.99201E-05 9.99201E-05 9.99201E-05
9.9937E-05 9.9937E-05 0.954881 0.0386008 9.9937E-05 0.00581814 9.9937E-05 9.9937E-05 9.9937E-05 9.9937E-05
9.9946E-05 9.9946E-05 0.836502 9.9946E-05 0.153459 9.9946E-05 0.00379054 0.00564808 9.9946E-05 9.9946E-05
9.9937E-05 9.9937E-05 0.939067 0.041819 9.9937E-05 0.0184144 9.9937E-05 9.9937E-05 9.9937E-05 9.9937E-05
9.99201E-05 9.99201E-05 0.999101 9.99201E-05 9.99201E-05 9.99201E-05 9.99201E-05 9.99201E-05 9.99201E-05 9.99201E-05
9.99201E-05 9.99201E-05 0.999101 9.99201E-05 9.99201E-05 9.99201E-05 9.99201E-05 9.99201E-05 9.99201E-05 9.99201E-05
9.9946E-05 9.9946E-05 0.755445 9.9946E-05 0.178958 0.0417899 9.9946E-05 9.9946E-05 9.9946E-05 0.0232078
9.9955E-05 9.9955E-05 0.783131 0.0210032 0.0813157 0.0635775 9.9955E-05 9.9955E-05 9.9955E-05 0.0504727
9.9928E-05 9.9928E-05 0.998223 9.9928E-05 9.9928E-05 9.9928E-05 9.9928E-05 9.9928E-05 9.9928E-05 0.000977523
9.9973E-05 0.0629987 0.359798 0.0467657 0.368421 9.9973E-05 0.0762262 0.0427004 9.9973E-05 0.0427902
9.9964E-05 9.9964E-05 0.638486 0.0529284 0.225809 0.00705708 9.9964E-05 0.0455971 9.9964E-05 0.0297225
0.0188223 9.9964E-05 0.818652 0.0260796 0.109257 0.0102507 9.9964E-05 9.9964E-05 9.9964E-05 0.0165387
9.9946E-05 9.9946E-05 0.89891 0.0101598 0.0584536 0.0318765 9.9946E-05 9.9946E-05 9.9946E-05 9.9946E-05
9.99201E-05 9.99201E-05 0.999101 9.99201E-05 9.99201E-05 9.99201E-05 9.99201E-05 9.99201E-05 9.99201E-05 9.99201E-05
9.9937E-05 9.9937E-05 0.961369 9.9937E-05 0.0222944 0.0156366 9.9937E-05 9.9937E-05 9.9937E-05 9.9937E-05
9.9928E-05 9.9928E-05 0.979328 9.9928E-05 9.9928E-05 9.9928E-05 9.9928E-05 9.9928E-05 9.9928E-05 0.0198722
9.9955E-05 0.0562429 0.617456 9.9955E-05 0.220493 0.0599384 9.9955E-05 0.0453693 9.9955E-05 9.9955E-05
9.9964E-05 9.9964E-05 0.952554 0.00230419 9.9964E-05 0.0209855 9.9964E-05 0.0113205 0.0019412 0.0104945
0.61924 0.220015 0.0212179 9.9964E-05 9.9964E-05 9.9964E-05 0.0692014 9.9964E-05 0.0507224 0.019204
0.283701 0.179007 0.102249 9.9964E-05 0.345619 0.0280383 0.0609861 9.9964E-05 9.9964E-05 9.9964E-05
0.310094 0.125952 0.0495841 0.0279229 0.428106 9.9973E-05 9.9973E-05 9.9973E-05 0.042443 0.0155978
0.500665 0.134731 0.0837973 0.032868 0.173283 9.9973E-05 0.0734585 9.9973E-05 0.000896804 9.9973E-05
0.21886 0.0924149 0.0988698 0.0278316 0.361753 0.128512 9.9982E-05 0.0427621 9.9982E-05 0.0287964
0.471428 0.197871 0.0777821 9.9964E-05 0.111231 9.9964E-05 0.133216 9.9964E-05 0.00807306 9.9964E-05
0.193048 0.134544 0.0866367 0.0488822 0.385025 0.0651364 0.0556379 9.9982E-05 0.030889 9.9982E-05
0.384304 0.104305 0.0743852 9.9964E-05 0.284793 9.9964E-05 0.111275 9.9964E-05 9.9964E-05 0.0405373
0.23821 0.109211 0.126893 0.0146859 0.419556 0.0682135 0.0229306 9.9973E-05 9.9973E-05 9.9973E-05
0.348585 0.138844 0.101737 9.9964E-05 0.330594 0.0654636 9.9964E-05 0.0143768 9.9964E-05 9.9964E-05
0.209546 0.144887 0.138992 0.0113449 0.389654 0.0357403 0.0289358 0.0407004 9.9982E-05 9.9982E-05
0.0157008 0.735159 9.9964E-05 0.0279733 0.0371336 9.9964E-05 9.9964E-05 9.9964E-05 0.00876982 0.174864
9.9946E-05 0.800783 0.0525685 9.9946E-05 9.9946E-05 9.9946E-05 9.9946E-05 9.9946E-05 0.027182 0.118867
9.9946E-05 0.779048 9.9946E-05 0.0344834 9.9946E-05 9.9946E-05 0.00809026 9.9946E-05 9.9946E-05 0.177779
0.0106916 0.868344 9.9946E-05 9.9946E-05 9.9946E-05 9.9946E-05 9.9946E-05 0.00537367 9.9946E-05 0.114991
9.9955E-05 0.837392 9.9955E-05 9.9955E-05 0.0325543 0.0511826 0.00265511 9.9955E-05 9.9955E-05 0.0757163
9.9937E-05 0.849653 9.9937E-05 9.9937E-05 9.9937E-05 9.9937E-05 0.0178801 9.9937E-05 9.9937E-05 0.131768
9.9955E-05 0.809765 0.0207444 9.9955E-05 0.0655465 0.00500486 9.9955E-05 9.9955E-05 9.9955E-05 0.0984392
0.0108739 0.894268 9.9973E-05 0.00327957 0.00118312 0.0351136 0.0156722 9.9973E-05 9.9973E-05 0.0393093
9.9964E-05 0.832202 0.0258 9.9964E-05 0.00197252 0.00331708 9.9964E-05 0.0640167 9.9964E-05 0.0722922
0.0347682 0.854958 0.010262 0.0110285 0.00813598 0.028754 0.00117231 9.9991E-05 0.00273978 0.048081
0.0693439 0.538985 9.9964E-05 0.253002 9.9964E-05 0.053739 9.9964E-05 0.0457026 9.9964E-05 0.0388282
0.0252001 0.581086 9.9973E-05 0.264345 9.9973E-05 0.0973396 9.9973E-05 0.00138959 0.0103415 0.0199979
0.0646566 0.482573 9.9982E-05 0.200598 9.9982E-05 0.150517 0.0233093 0.0272744 0.00738032 0.0434913
0.0751017 0.421183 9.9973E-05 0.234333 9.9973E-05 0.189706 0.0490351 0.0157268 9.9973E-05 0.0146136
0.0242464 0.0544424 9.9973E-05 0.102921 0.397529 0.132612 9.9973E-05 0.287307 9.9973E-05 0.000642144
0.00619202 0.0569378 0.0374252 0.0247977 0.386617 0.110879 9.9982E-05 0.368037 0.00891425 9.9982E-05
9.9982E-05 0.0249009 0.0101596 0.0888687 0.515862 0.0954595 0.0041956 0.192581 0.0677729 9.9982E-05
9.9973E-05 0.00743727 9.9973E-05 0.126883 0.27285 0.237052 0.0591784 0.264371 0.0319293 9.9973E-05
9.9955E-05 9.9955E-05 9.9955E-05 0.265983 0.145151 0.39746 0.164619 9.9955E-05 0.0262867 9.9955E-05
9.9973E-05 0.047315 9.9973E-05 9.9973E-05 0.596906 0.0420326 0.056855 0.205873 0.0488747 0.00184407
9.9973E-05 9.9973E-05 0.00223094 0.0788994 0.560381 0.023918 0.0479039 0.262466 0.0239006 9.9973E-05
0.06032 0.00448403 9.9991E-05 0.0200187 0.515142 0.00504362 0.12607 0.234288 0.0333855 0.00114857
9.9955E-05 9.9955E-05 0.00151403 9.9955E-05 0.340028 9.9955E-05 0.12735 0.500312 0.0302967 9.9955E-05
0.051287 0.014041 0.0235713 0.0749009 0.595424 9.9982E-05 0.0686052 0.145944 9.9982E-05 0.0260267
9.9955E-05 0.00756923 9.9955E-05 0.0200155 0.366674 0.135667 9.9955E-05 0.469574 9.9955E-05 9.9955E-05
9.9937E-05 9.9937E-05 9.9937E-05 9.9937E-05 9.9937E-05 9.9937E-05 0.289218 0.696863 0.0132195 9.9937E-05
9.9982E-05 0.0267263 9.9982E-05 0.0483986 0.573978 0.074392 0.0849123 0.126248 0.0164126 0.0487326
0.00415099 9.9955E-05 9.9955E-05 9.9955E-05 0.117875 9.9955E-05 0.214444 0.593277 0.0697537 9.9955E-05
0.000471595 9.9973E-05 9.9973E-05 0.0334174 0.481873 9.9973E-05 0.111007 0.34078 0.0096978 0.022453
9.9946E-05 9.9946E-05 9.9946E-05 0.0918714 0.0545979 0.225356 9.9946E-05 0.627575 9.9946E-05 9.9946E-05
0.0786761 0.0554322 0.00176093 0.832336 9.9964E-05 9.9964E-05 9.9964E-05 0.0107974 9.9964E-05 0.0205971
0.0975276 0.00936318 9.9955E-05 0.814716 0.0477928 9.9955E-05 9.9955E-05 9.9955E-05 9.9955E-05 0.0301003
0.0880771 9.9946E-05 9.9946E-05 0.823095 9.9946E-05 9.9946E-05 9.9946E-05 0.0301271 9.9946E-05 0.0581012
0.0953495 0.0263312 9.9973E-05 0.777205 9.9973E-05 0.00322861 0.00560651 0.0418494 9.9973E-05 0.05013
0.0721977 9.9964E-05 0.00630864 0.793862 0.116115 9.9964E-05 9.9964E-05 0.00523814 9.9964E-05 0.00587819
0.0930524 9.9946E-05 0.0368768 0.786767 0.0827037 9.9946E-05 9.9946E-05 9.9946E-05 9.9946E-05 9.9946E-05
9.9964E-05 0.851769 0.046438 0.0079326 0.0266876 9.9964E-05 9.9964E-05 0.051886 9.9964E-05 0.0148865
9.9955E-05 0.829928 0.0240816 0.0232343 0.0946342 9.9955E-05 9.9955E-05 0.0276219 9.9955E-05 9.9955E-05
0.0211238 0.757292 0.0280906 9.9973E-05 0.145375 0.0185024 9.9973E-05 9.9973E-05 0.00148081 0.0278349
9.9964E-05 0.802083 0.0562719 0.00817799 0.0367428 9.9964E-05 9.9964E-05 0.0502335 9.9964E-05 0.0460906
0.0287922 0.777705 0.0429666 9.9955E-05 0.13674 0.0132971 9.9955E-05 9.9955E-05 9.9955E-05 9.9955E-05
0.0899865 0.32731 9.9955E-05 0.51143 9.9955E-05 0.0355566 9.9955E-05 9.9955E-05 9.9955E-05 0.0352174
0.0219299 0.392622 0.0308959 0.496821 9.9964E-05 0.0358183 9.9964E-05 9.9964E-05 0.0215135 9.9964E-05
0.00183608 0.385127 0.0133301 0.482596 0.00967703 0.0243854 9.9982E-05 9.9982E-05 0.0476224 0.0352258
9.9946E-05 0.87107 9.9946E-05 9.9946E-05 0.112161 0.00471833 9.9946E-05 0.0114504 9.9946E-05 9.9946E-05
0.00309301 0.369334 9.9973E-05 0.465119 9.9973E-05 0.0757936 9.9973E-05 0.0295317 0.0534545 0.00337431
0.0983022 0.27676 0.275389 9.9955E-05 0.259168 9.9955E-05 0.089881 9.9955E-05 9.9955E-05 9.9955E-05
0.0933918 0.132686 0.15347 0.000666478 0.535884 0.012301 0.0567427 9.9982E-05 9.9982E-05 0.0146587
9.9955E-05 0.149219 0.231432 9.9955E-05 0.557688 0.0108044 9.9955E-05 9.9955E-05 9.9955E-05 0.050357
0.065511 0.243193 0.230718 9.9964E-05 0.300419 9.9964E-05 0.112116 9.9964E-05 9.9964E-05 0.0476434
0.043958 0.144075 0.1488 0.0540731 0.431094 0.0650492 0.00761404 0.00430157 0.0576867 0.0433477
0.129504 0.398733 0.291542 9.9955E-05 9.9955E-05 9.9955E-05 0.164757 9.9955E-05 9.9955E-05 0.0149647
9.9946E-05 9.9946E-05 9.9946E-05 0.232917 0.430157 0.161582 0.174745 9.9946E-05 9.9946E-05 9.9946E-05
9.9964E-05 9.9964E-05 9.9964E-05 0.062463 0.460447 0.0297168 0.381726 0.0128615 0.0523861 9.9964E-05
9.9964E-05 9.9964E-05 9.9964E-05 0.169999 0.167259 0.534642 0.0725935 0.0401112 0.0149948 9.9964E-05
9.9973E-05 9.9973E-05 9.9973E-05 0.0369342 0.490048 0.0804472 0.277562 0.00844172 0.097465 0.0088023
9.99459E-05 9.99459E-05 9.99459E-05 0.0185095 9.99459E-05 0.0335792 0.826126 9.99459E-05 0.121185 9.99459E-05
0.0317769 0.0675282 0.0467112 0.0412031 0.501272 0.138845 0.0964017 0.010317 0.034379 0.0315655
0.0655279 0.0243097 0.0127343 0.0226128 0.573113 0.0349695 0.223034 0.00080844 0.0328503 0.0100399
0.0317236 9.9964E-05 9.9964E-05 0.160141 0.285302 0.381829 0.126513 9.9964E-05 9.9964E-05 0.0140919
0.0432098 0.0553197 0.01853 0.111054 0.542039 0.0974861 0.0996726 0.0324887 9.9982E-05 9.9982E-05
0.0341109 9.9973E-05 9.9973E-05 0.000117512 0.146933 0.200773 0.577042 0.0366763 9.9973E-05 0.00404716
0.0297115 0.0149924 9.9973E-05 0.0263734 0.590037 0.0450092 0.24619 9.9973E-05 0.0473864 9.9973E-05
0.0156898 9.9982E-05 9.9982E-05 0.159682 0.482177 0.222397 0.085979 0.0226971 0.0101135 0.00106433
0.00796095 0.0588009 0.14878 9.9982E-05 0.388735 0.0641717 0.21311 0.0592503 9.9982E-05 0.0589921
0.0417396 9.9973E-05 9.9973E-05 0.0332737 0.316588 0.199798 0.344521 0.0254836 0.0382966 9.9973E-05
0.0204423 9.9964E-05 9.9964E-05 0.0724223 0.485427 0.0654037 0.345679 0.0102253 9.9964E-05 9.9964E-05
9.9982E-05 0.0035241 0.0115929 0.0875538 0.570985 0.0613494 0.170562 0.0330616 0.0611716 9.9982E-05
0.0147685 9.9973E-05 9.9973E-05 0.0298266 0.558955 0.0745264 0.238137 0.0480554 0.0354309 9.9973E-05
0.0831709 0.0130388 0.0509957 0.000308229 0.650346 9.9982E-05 0.134361 0.057268 0.0103111 9.9982E-05
9.9982E-05 0.1126 0.0433551 0.0671951 0.521856 0.0472182 0.0973512 0.0895892 0.0206355 9.9982E-05
0.0137338 0.0847885 9.9982E-05 0.0336729 0.51805 0.231645 0.0484609 0.0296204 0.0398285 9.9982E-05
9.9946E-05 0.68895 0.0160752 9.9946E-05 0.107305 9.9946E-05 9.9946E-05 9.9946E-05 9.9946E-05 0.187071
9.9946E-05 0.706104 9.9946E-05 9.9946E-05 0.0970049 9.9946E-05 0.00093908 9.9946E-05 9.9946E-05 0.195352
0.040828 0.716639 9.9955E-05 0.0474643 0.039971 9.9955E-05 9.9955E-05 9.9955E-05 9.9955E-05 0.154598
9.9955E-05 0.814383 0.047065 0.00814577 0.00979547 9.9955E-05 9.9955E-05 9.9955E-05 9.9955E-05 0.120111
9.9946E-05 0.713935 9.9946E-05 0.00952023 0.0790015 9.9946E-05 9.9946E-05 9.9946E-05 9.9946E-05 0.196944
0.00308143 0.023537 0.0307224 0.18302 0.0338081 0.504069 0.20577 0.0157915 9.9982E-05 9.9982E-05
9.9973E-05 0.048166 9.9973E-05 0.0582937 0.571418 0.0556587 0.202212 9.9973E-05 0.0500617 0.0138896
0.0804847 0.180199 0.225455 0.0416855 0.393127 0.00795358 0.0436726 9.9982E-05 0.0272226 9.9982E-05
9.9964E-05 9.9964E-05 0.00894852 0.0537208 0.606348 0.180019 0.118852 9.9964E-05 9.9964E-05 0.0317122
9.9964E-05 0.00676472 9.9964E-05 0.0649662 0.480579 0.278175 0.16052 9.9964E-05 9.9964E-05 0.00859539
0.0460531 9.9964E-05 9.9964E-05 0.0790157 0.330622 0.0244927 0.494409 9.9964E-05 0.0250071 9.9964E-05
9.9946E-05 0.0657674 9.9946E-05 0.262748 9.9946E-05 0.414346 0.256538 9.9946E-05 9.9946E-05 9.9946E-05
9.9973E-05 0.00800249 9.9973E-05 0.159269 0.457452 0.173043 0.143038 0.0147445 9.9973E-05 0.0441514
0.00362368 0.0404797 0.0488194 0.233834 0.167814 0.406553 0.0875005 9.9982E-05 0.0111758 9.9982E-05
0.0438048 0.0773586 9.9991E-05 0.0671221 0.523258 0.0219291 0.15575 0.059589 0.0408921 0.0101964
9.9964E-05 9.9964E-05 9.9964E-05 0.202813 0.0639172 0.463384 0.174399 9.9964E-05 0.029976 0.0651101
9.9973E-05 0.0443148 0.0219425 0.11091 0.579381 0.089752 0.109087 9.9973E-05 9.9973E-05 0.0443127
9.9982E-05 0.0215549 0.000408389 0.160819 0.0501534 0.496201 0.211152 0.0211599 9.9982E-05 0.0383514
9.9973E-05 0.0134767 0.0623352 0.0106747 0.277246 0.139155 0.495875 0.000938219 9.9973E-05 9.9973E-05
0.1346 0.0816604 9.9991E-05 0.033668 0.465397 0.131969 0.0208354 0.0528249 0.0770228 0.00192226
0.4642 9.9964E-05 9.9964E-05 0.058882 0.208141 0.0848551 9.9964E-05 0.0692113 0.114311 9.9964E-05
0.329456 0.0212529 9.9973E-05 0.0389647 0.489973 9.9973E-05 0.0297729 0.0290002 0.0612809 9.9973E-05
0.198387 0.0258091 9.9991E-05 0.0833176 0.532058 0.0319263 0.0510925 0.0646983 0.00268354 0.0099274
0.554066 9.9973E-05 9.9973E-05 0.0357379 0.18734 0.0426125 0.0392728 0.0881103 0.0525613 9.9973E-05
0.172467 0.0284134 0.0508797 0.00996619 0.535263 0.0143712 0.00121711 0.0804583 0.0883826 0.0185816
0.283757 9.9964E-05 9.9964E-05 0.101061 0.450897 9.9964E-05 9.9964E-05 0.0695513 0.0929038 0.00142928
0.491798 9.9964E-05 9.9964E-05 0.044326 0.0722514 9.9964E-05 0.123826 0.133473 0.133926 9.9964E-05
0.629289 9.9964E-05 9.9964E-05 0.0602265 0.112293 0.00587145 9.9964E-05 0.0864234 0.105497 9.9964E-05
0.372354 9.9973E-05 9.9973E-05 0.0534969 0.401267 0.0192569 0.0610805 0.0364379 0.0558074 9.9973E-05
0.54053 9.9955E-05 9.9955E-05 0.071407 9.9955E-05 9.9955E-05 0.130758 0.177775 0.0790299 9.9955E-05
0.35846 9.9973E-05 9.9973E-05 0.0663025 0.359842 0.076973 0.0277438 0.0840659 0.0263127 9.9973E-05
9.9955E-05 9.9955E-05 9.9955E-05 0.194598 0.101171 0.393318 0.303363 9.9955E-05 9.9955E-05 0.00705068
9.9937E-05 9.9937E-05 9.9937E-05 9.9937E-05 0.280094 0.0649514 0.654255 9.9937E-05 9.9937E-05 9.9937E-05
9.9973E-05 0.000402271 0.0399096 0.138941 0.34852 0.274426 0.157244 9.9973E-05 9.9973E-05 0.0402567
9.9973E-05 0.0345813 0.0246408 0.0984507 0.557022 0.121969 0.137496 9.9973E-05 9.9973E-05 0.0255408
9.9955E-05 9.9955E-05 9.9955E-05 0.230015 0.209262 0.260917 0.283337 0.0159686 9.9955E-05 9.9955E-05
9.9982E-05 0.0752553 0.00416114 0.0391865 0.572256 0.0409563 0.242646 0.0110013 9.9982E-05 0.0143368
9.9964E-05 0.0228875 9.9964E-05 0.0969861 0.592942 0.122876 0.146393 9.9964E-05 0.0175167 9.9964E-05
9.9982E-05 0.00412672 0.0143404 0.116675 0.503498 0.0613746 0.264152 0.0260851 9.9982E-05 0.00954838
9.9973E-05 9.9973E-05 0.0443683 0.0954678 0.477695 0.178237 0.106994 0.0446797 0.0522586 9.9973E-05
9.9964E-05 9.9964E-05 0.00905929 0.176707 0.438538 0.206611 0.16459 9.9964E-05 9.9964E-05 0.00409559
9.9964E-05 9.9964E-05 9.9964E-05 0.154954 0.262584 0.332499 0.215954 0.0285434 9.9964E-05 0.00506642
9.9955E-05 9.9955E-05 0.0037456 0.197648 0.427321 0.213337 0.157449 9.9955E-05 9.9955E-05 9.9955E-05
9.9955E-05 9.9955E-05 9.9955E-05 0.062547 0.599803 0.0210032 0.296358 9.9955E-05 9.9955E-05 0.0197896
0.0531693 0.0158591 0.0208782 9.9973E-05 0.582461 0.109178 0.187857 9.9973E-05 9.9973E-05 0.0302976
9.9982E-05 0.0553994 0.041104 0.0345258 0.369997 0.067088 0.388363 0.0136726 9.9982E-05 0.0296504
9.9964E-05 9.9964E-05 0.0677886 0.0716927 0.45186 0.0978787 0.303815 9.9964E-05 0.00656562 9.9964E-05
9.9973E-05 9.9973E-05 0.00120044 0.21454 0.343275 0.25355 0.153323 9.9973E-05 0.00813564 0.0256757
9.9964E-05 9.9964E-05 0.0425797 0.075291 0.531923 0.113853 0.206427 9.9964E-05 9.9964E-05 0.0295262
9.9964E-05 9.9964E-05 0.0621137 0.136223 0.421442 0.192383 0.16798 9.9964E-05 9.9964E-05 0.0194582
0.0115976 0.111646 0.00989578 0.057128 0.578365 0.0189159 0.13054 0.0251281 0.0339231 0.0228602
0.0400621 0.328874 0.0757788 9.9964E-05 0.434389 0.118522 9.9964E-05 9.9964E-05 9.9964E-05 0.00197375
0.0765412 0.0899755 0.124842 9.9973E-05 0.538493 0.0546263 0.0710696 9.9973E-05 9.9973E-05 0.0441523
0.0308266 0.114927 0.106779 0.00151729 0.479187 0.11094 0.102803 9.9991E-05 0.0196306 0.0332902
0.0595941 0.0314146 0.135056 0.00781978 0.523479 9.9982E-05 0.113055 9.9982E-05 0.0496828 0.079699
0.0950158 0.175123 0.16332 9.9964E-05 0.444564 0.0134035 0.108173 9.9964E-05 9.9964E-05 9.9964E-05
9.9946E-05 9.9946E-05 9.9946E-05 0.0350285 0.525277 9.9946E-05 0.387711 9.9946E-05 0.0513847 9.9946E-05
0.107026 0.0772388 0.121323 0.0296385 0.473216 9.9982E-05 0.0576589 0.0657575 9.9982E-05 0.0679414
0.180702 0.178076 0.162855 9.9955E-05 0.063529 9.9955E-05 0.414338 9.9955E-05 9.9955E-05 9.9955E-05
0.0841439 0.0663515 0.0988633 0.0147976 0.550647 9.9973E-05 0.139985 9.9973E-05 9.9973E-05 0.0449115
0.0196288 0.121776 0.111229 9.9982E-05 0.554257 0.0448302 0.0575559 9.9982E-05 0.0647251 0.0257981
0.0589969 0.107233 0.138031 0.0174906 0.522293 0.0236234 0.072961 0.0461781 0.0130939 9.9991E-05
0.068328 0.14842 0.049334 9.9982E-05 0.312435 0.0336491 0.26092 9.9982E-05 0.0670263 0.0596881
0.0911476 0.185487 0.101086 0.010532 0.523259 0.0728932 9.9973E-05 9.9973E-05 9.9973E-05 0.0152946
0.0349155 0.129708 0.144943 0.0164047 0.526965 9.9973E-05 0.102415 9.9973E-05 0.044349 9.9973E-05
0.173696 0.417689 0.105187 9.9955E-05 9.9955E-05 9.9955E-05 0.263178 9.9955E-05 9.9955E-05 0.0397499
0.0313206 0.123359 0.15195 0.0236328 0.500288 0.0645559 0.0401991 0.0127117 9.9991E-05 0.0518833
0.0701523 0.132077 0.130037 9.9973E-05 0.564271 9.9973E-05 0.0435918 9.9973E-05 0.0161595 0.0434108
0.0493943 0.058811 0.0978388 9.9991E-05 0.54149 0.0938327 0.0717002 0.0151569 0.0439537 0.0277218
0.0971262 0.121717 0.194565 9.9964E-05 0.493743 9.9964E-05 0.0671852 9.9964E-05 9.9964E-05 0.0252648
0.0508299 0.205642 0.126295 9.9973E-05 0.45733 0.0958572 0.00337064 0.0603762 9.9973E-05 9.9973E-05
9.9982E-05 0.0725695 0.00519009 0.0280608 0.41572 9.9982E-05 0.015764 0.00644031 0.450281 0.00577416
0.0126485 0.0781788 0.0372971 9.9982E-05 0.460851 0.108331 0.00867468 0.0524149 0.241404 9.9982E-05
9.9937E-05 9.9937E-05 9.9937E-05 0.0169508 9.9937E-05 9.9937E-05 0.137855 9.9937E-05 0.844495 9.9937E-05
9.9955E-05 9.9955E-05 9.9955E-05 0.00686397 9.9955E-05 0.0200133 0.0415188 9.9955E-05 0.926947 0.00415729
0.0236107 0.0793421 0.0276548 9.9982E-05 0.464288 0.0739118 0.00468864 9.9982E-05 0.303983 0.022321
0.118768 0.121157 0.33677 0.0136717 0.28511 9.9973E-05 0.00968994 9.9973E-05 0.114533 9.9973E-05
9.9955E-05 0.166992 0.283617 9.9955E-05 0.296203 9.9955E-05 9.9955E-05 9.9955E-05 0.238539 0.0141484
0.0288029 0.184227 0.279953 9.9964E-05 0.165555 9.9964E-05 0.0586613 9.9964E-05 0.282401 9.9964E-05
0.0880977 0.132021 0.258916 9.9955E-05 0.307698 9.9955E-05 9.9955E-05 9.9955E-05 0.212768 9.9955E-05
0.0620406 0.0855616 0.0694229 9.9973E-05 0.000497896 9.9973E-05 0.00776667 9.9973E-05 0.765287 0.00912366
0.0431466 0.0800089 0.0575472 0.0142979 0.0701996 9.9982E-05 9.9982E-05 0.023102 0.705449 0.00604889
9.9955E-05 0.00064237 0.0411943 9.9955E-05 0.527961 9.9955E-05 9.9955E-05 9.9955E-05 0.426037 0.00366532
9.9946E-05 0.0598808 0.11443 9.9946E-05 0.339416 9.9946E-05 9.9946E-05 9.9946E-05 0.485674 9.9946E-05
9.9955E-05 0.0530778 0.0395744 9.9955E-05 0.180576 9.9955E-05 9.9955E-05 9.9955E-05 0.724683 0.00158904
0.0263453 0.0224507 0.0603389 0.0410918 0.461822 0.0661664 9.9982E-05 9.9982E-05 0.316299 0.00528573
9.9946E-05 0.0598845 0.0179761 9.9946E-05 0.576532 9.9946E-05 9.9946E-05 9.9946E-05 0.345008 9.9946E-05
0.0603944 0.0197165 0.062943 0.00434326 0.427268 0.0414659 9.9991E-05 0.0573105 0.287228 0.0392311
9.99462E-05 0.0139283 9.99462E-05 9.99462E-05 0.304528 9.99462E-05 9.99462E-05 0.0206429 0.660301 9.99462E-05
0.00705602 0.0294403 9.9982E-05 9.9982E-05 0.336802 0.0583182 0.0515598 0.0420975 0.470292 0.00423415
9.9973E-05 9.9973E-05 0.014098 0.0364917 0.485588 0.0188934 9.9973E-05 0.0664285 0.360708 0.0174927
0.0673646 0.0324009 9.9973E-05 0.0735089 0.370769 0.0802279 9.9973E-05 9.9973E-05 0.364458 0.010971
0.0144505 0.103442 0.0703176 0.0191756 0.484645 0.0480097 0.0244822 0.0184155 0.216961 9.9991E-05
0.0638396 9.9964E-05 9.9964E-05 9.9964E-05 0.39314 0.0106397 0.0230409 0.0548472 0.454093 9.9964E-05
9.9937E-05 9.9937E-05 9.9937E-05 0.0512335 0.146125 9.9937E-05 9.9937E-05 9.9937E-05 0.801942 9.9937E-05
9.9946E-05 9.9946E-05 9.9946E-05 9.9946E-05 0.585903 9.9946E-05 9.9946E-05 0.0116063 0.389005 0.0128865
9.9964E-05 9.9964E-05 9.9964E-05 0.0252171 0.102739 0.0690907 0.000993066 0.02385 0.77771 9.9964E-05
9.9955E-05 0.00489204 9.9955E-05 9.9955E-05 0.393975 0.016089 9.9955E-05 9.9955E-05 0.569517 0.0150276
9.9973E-05 0.0841027 0.00324043 0.0634109 0.479088 9.9973E-05 9.9973E-05 0.0104465 0.334666 0.0247457
0.0352548 9.9982E-05 0.0309505 0.0553637 0.459909 0.0599923 9.9982E-05 0.0143169 0.3092 0.0348133
0.105384 0.0894822 0.0878272 0.000713677 0.432562 0.0434576 9.9982E-05 9.9982E-05 0.123794 0.11658
0.0361997 0.172698 0.111827 0.0177119 0.456285 0.0653875 9.9991E-05 0.0157825 0.122925 0.00108372
0.151263 0.129372 0.268854 9.9982E-05 0.253798 0.0249141 0.00871256 9.9982E-05 0.0904886 0.0723987
0.047224 0.156888 0.248622 9.9982E-05 0.302692 9.9982E-05 0.0685055 0.00466933 0.120877 0.0503229
0.0652418 0.102164 0.193308 0.0420132 0.422678 0.0392096 0.0436826 9.9991E-05 0.0659464 0.0256563
0.102857 0.15413 0.133147 9.9982E-05 0.385892 9.9982E-05 0.0179843 0.0413932 0.146255 0.0181414
0.00683057 0.165111 0.0933783 9.9955E-05 9.9955E-05 9.9955E-05 0.0722213 9.9955E-05 0.661959 9.9955E-05
0.0565361 0.0522113 0.182926 9.9973E-05 0.527861 9.9973E-05 0.0131904 9.9973E-05 0.132889 0.0340855
0.134571 0.322935 0.0761441 9.9955E-05 9.9955E-05 9.9955E-05 0.134536 9.9955E-05 0.331314 9.9955E-05
9.9955E-05 0.0550263 0.148922 9.9955E-05 0.446546 9.9955E-05 9.9955E-05 9.9955E-05 0.330671 0.0183342
9.9937E-05 9.9937E-05 9.9937E-05 9.9937E-05 0.021657 9.9937E-05 9.9937E-05 0.00465385 0.97299 9.9937E-05
