9.9946E-05 9.9946E-05 9.9946E-05 0.0260286 9.9946E-05 9.9946E-05 9.9946E-05 0.893097 0.0470001 0.0332743
9.9946E-05 9.9946E-05 9.9946E-05 0.0236585 9.9946E-05 9.9946E-05 9.9946E-05 0.92831 0.0129026 0.0345295
0.00679062 9.9973E-05 0.037837 9.9973E-05 0.0466405 9.9973E-05 0.0406477 0.849872 0.0120172 0.00589491
0.031257 9.9946E-05 9.9946E-05 9.9946E-05 9.9946E-05 9.9946E-05 0.140092 0.789627 9.9946E-05 0.0384241
0.0139639 9.9937E-05 9.9937E-05 9.9937E-05 9.9937E-05 9.9937E-05 0.0834776 0.901859 9.9937E-05 9.9937E-05
0.027774 0.22796 0.016388 9.9973E-05 9.9973E-05 9.9973E-05 0.0356365 0.615526 0.0646508 0.0117654
9.9937E-05 0.217619 9.9937E-05 9.9937E-05 9.9937E-05 9.9937E-05 9.9937E-05 0.746127 9.9937E-05 0.0355544
0.019468 0.24652 9.9955E-05 9.9955E-05 9.9955E-05 9.9955E-05 9.9955E-05 0.693611 0.0166087 0.0232926
0.108697 0.00399967 9.99729E-05 0.0228407 0.0497504 0.0119354 9.99729E-05 0.782224 9.99729E-05 0.0202526
0.0155021 0.211509 9.9973E-05 0.00882463 9.9973E-05 0.00138769 9.9973E-05 0.728842 0.0287731 0.00486161
0.00755567 0.208106 9.9964E-05 9.9964E-05 9.9964E-05 9.9964E-05 0.0407314 0.722937 0.00379467 0.0164757
9.9946E-05 9.9946E-05 9.9946E-05 0.976322 9.9946E-05 9.9946E-05 0.00565644 0.00836583 0.00905645 9.9946E-05
9.9964E-05 9.9964E-05 9.9964E-05 0.466066 9.9964E-05 0.0107224 0.434196 0.0444097 0.0201195 0.0240866
9.9946E-05 9.9946E-05 9.9946E-05 0.878745 0.00505766 9.9946E-05 0.0318769 9.9946E-05 0.0837211 9.9946E-05
9.9955E-05 9.9955E-05 9.9955E-05 0.787307 9.9955E-05 9.9955E-05 0.104093 0.011775 0.0806772 0.0156481
9.9946E-05 9.9946E-05 9.9946E-05 0.541608 9.9946E-05 9.9946E-05 0.299334 0.0600206 0.098438 9.9946E-05
9.9964E-05 9.9964E-05 9.9964E-05 0.444407 9.9964E-05 0.0140872 0.447805 0.0174026 0.0665188 0.00938008
9.9964E-05 9.9964E-05 0.0233987 0.586745 9.9964E-05 0.00891359 0.300866 9.9964E-05 0.0414656 0.0382113
9.9964E-05 9.9964E-05 9.9964E-05 0.691285 0.051268 9.9964E-05 0.117004 0.0762354 0.0421479 0.0216605
0.00813728 0.0704883 9.9946E-05 0.90503 9.9946E-05 9.9946E-05 9.9946E-05 0.0157447 9.9946E-05 9.9946E-05
9.9973E-05 0.0236629 0.082605 0.520672 0.0536886 9.9973E-05 0.278818 9.9973E-05 0.0308654 0.00938853
9.9973E-05 0.101653 9.9973E-05 0.359903 0.0524938 0.102972 0.31985 9.9973E-05 0.046009 0.01682
0.0482256 0.0741043 0.0568058 0.333647 0.0128204 9.9982E-05 0.44061 9.9982E-05 0.0169461 0.0166403
9.9955E-05 0.0296096 9.9955E-05 0.902234 9.9955E-05 9.9955E-05 9.9955E-05 0.0163452 0.0470747 0.00423712
0.00704909 0.0414765 0.000513392 0.241532 9.9982E-05 0.0374525 0.5306 0.0901419 0.0510342 9.9982E-05
9.9973E-05 0.00433949 9.9973E-05 0.510215 0.0306244 9.9973E-05 0.423536 0.0224277 0.00750325 0.00105443
9.9955E-05 0.00123756 9.9955E-05 0.936175 9.9955E-05 9.9955E-05 0.00338202 0.0566995 0.00200564 9.9955E-05
9.9946E-05 9.9946E-05 9.9946E-05 0.883417 9.9946E-05 9.9946E-05 0.0309975 9.9946E-05 0.0822446 0.00274104
9.9928E-05 0.0810446 9.9928E-05 0.918156 9.9928E-05 9.9928E-05 9.9928E-05 9.9928E-05 9.9928E-05 9.9928E-05
9.99201E-05 9.99201E-05 9.99201E-05 9.99201E-05 9.99201E-05 9.99201E-05 9.99201E-05 9.99201E-05 9.99201E-05 0.999101
9.99201E-05 9.99201E-05 9.99201E-05 9.99201E-05 9.99201E-05 9.99201E-05 9.99201E-05 9.99201E-05 9.99201E-05 0.999101
0.0044694 9.9973E-05 9.9973E-05 0.00260085 0.0173034 9.9973E-05 0.0539682 0.450734 0.0839199 0.386704
9.9955E-05 9.9955E-05 9.9955E-05 9.9955E-05 0.0394711 9.9955E-05 0.147503 0.477334 0.0398213 0.29537
0.0290311 0.214717 0.173113 0.0554244 9.9982E-05 0.000403509 0.445626 0.0493639 9.9982E-05 0.0321209
9.9982E-05 0.0301402 0.2393 0.124928 0.00300853 9.9982E-05 0.527758 0.0363838 0.00924317 0.0290381
0.0251618 9.9964E-05 0.406258 9.9964E-05 0.00850083 0.00705448 0.551086 9.9964E-05 0.0015389 9.9964E-05
0.221393 9.9964E-05 0.0343517 0.612228 9.9964E-05 0.01587 0.0763758 0.039382 9.9964E-05 9.9964E-05
0.00333961 0.0552088 0.57432 9.9973E-05 0.0367488 0.0519455 0.260087 9.9973E-05 9.9973E-05 0.0180508
0.0330686 9.9973E-05 0.221635 0.139457 0.0200552 9.9973E-05 0.512503 0.0503082 9.9973E-05 0.022673
9.9946E-05 0.0854129 0.179955 9.9946E-05 9.9946E-05 9.9946E-05 0.713049 0.0209832 9.9946E-05 9.9946E-05
0.0128507 0.354149 0.0220842 0.0422573 9.9973E-05 9.9973E-05 0.493685 0.0474227 9.9973E-05 0.0272517
0.0767078 0.186242 0.0254371 0.0908068 9.9982E-05 9.9982E-05 0.535401 0.0601212 0.00886998 0.0162142
0.0413065 9.9955E-05 0.604653 0.205711 9.9955E-05 9.9955E-05 0.12421 0.0236194 9.9955E-05 9.9955E-05
0.0153363 0.33295 9.9973E-05 0.0503471 0.0014436 9.9973E-05 0.551726 0.000556984 0.0473396 9.9973E-05
0.00109033 0.0343751 0.222542 0.0108722 0.0440768 0.0127864 0.583484 0.0586466 0.0320265 9.9991E-05
9.9982E-05 0.0663395 0.11323 0.0806662 0.0234917 0.0202195 0.55097 0.0895743 9.9982E-05 0.0553094
9.9946E-05 9.9946E-05 0.569214 9.9946E-05 0.0140557 0.0779248 0.338206 9.9946E-05 9.9946E-05 9.9946E-05
9.9964E-05 9.9964E-05 0.198701 0.0242266 0.0450674 9.9964E-05 0.628865 0.0816653 9.9964E-05 0.0210745
0.03119 0.0480657 0.144092 0.00121408 9.9991E-05 0.040908 0.574246 0.109882 0.0290839 0.0212182
0.0046033 0.129656 0.683837 9.9955E-05 0.087405 0.0939991 9.9955E-05 9.9955E-05 9.9955E-05 9.9955E-05
0.268513 0.0822997 0.0366394 0.481855 9.9964E-05 0.0530523 0.0772416 9.9964E-05 9.9964E-05 9.9964E-05
9.9973E-05 0.108128 0.136305 0.395621 0.131314 0.138868 0.0832268 9.9973E-05 0.00623802 9.9973E-05
0.0464972 0.0281255 0.0574617 0.114049 0.0369011 0.0595016 0.560629 0.0320062 0.0647288 9.9991E-05
9.9982E-05 0.0246972 0.0603095 0.175072 0.075759 0.02194 0.5513 0.030348 0.0603745 9.9982E-05
0.0263562 9.9973E-05 0.0437822 0.125259 0.0468333 0.0758813 0.592177 0.089411 9.9973E-05 9.9973E-05
0.215193 0.0491199 0.0723928 0.391018 0.0176009 9.9982E-05 0.138525 0.114159 9.9982E-05 0.00179232
0.0863446 9.9964E-05 9.9964E-05 0.320997 0.0167723 0.0602038 0.491285 9.9964E-05 9.9964E-05 0.0239972
0.00938733 0.00482042 0.076948 0.198292 0.0101721 0.041817 0.539391 0.0577471 0.0422271 0.0191975
0.0994902 0.014235 0.0364083 0.320173 0.0466931 0.0702773 0.303241 0.0896262 0.00435273 0.0155033
0.126103 0.0924083 0.0380311 0.543354 9.9964E-05 9.9964E-05 0.0504845 0.149219 9.9964E-05 9.9964E-05
0.0713785 0.0508543 0.035453 0.16557 0.00238226 0.0500261 0.526397 0.0662472 0.0139689 0.0177229
0.118292 9.9982E-05 0.0249646 0.247389 0.0317551 0.075106 0.452855 0.0373241 9.9982E-05 0.0121136
0.137642 0.0872644 0.040865 0.641252 9.9973E-05 0.0203956 9.9973E-05 0.0223797 9.9973E-05 0.0499005
0.0738586 9.9955E-05 0.0823034 0.45073 9.9955E-05 0.0343467 0.358261 9.9955E-05 9.9955E-05 9.9955E-05
0.0231719 0.0481914 0.0353408 0.123414 0.069796 0.100416 0.585799 9.9991E-05 0.00139386 0.0123772
0.0134625 9.9982E-05 0.0630926 0.179617 0.0676197 0.035781 0.582063 0.0194362 9.9982E-05 0.0387272
0.0400029 0.0385878 0.0743011 0.552398 0.00349024 0.0182229 0.148579 0.0376117 0.0334985 0.0533083
0.0365222 0.0234598 0.0509301 0.319258 0.0316452 0.0253635 0.432585 0.0142153 0.0157175 0.0503033
0.0570791 0.0129301 0.0534277 0.238029 9.9991E-05 0.059955 0.510071 0.0218229 0.0375518 0.00903313
0.111182 0.00985223 0.0746802 0.621356 0.0284868 0.0151669 0.104807 9.9982E-05 9.9982E-05 0.0342686
9.9955E-05 9.9955E-05 0.451025 0.0328896 9.9955E-05 9.9955E-05 0.470197 0.0425459 9.9955E-05 0.00284217
9.9955E-05 9.9955E-05 0.701649 0.078392 9.9955E-05 9.9955E-05 0.191446 0.00661263 9.9955E-05 0.0214005
0.0210881 9.9982E-05 0.249337 0.0771778 0.0539658 9.9982E-05 0.475184 0.0497891 0.0437146 0.029544
9.9946E-05 9.9946E-05 0.890671 9.9946E-05 0.0471245 0.0582935 9.9946E-05 9.9946E-05 0.00331102 9.9946E-05
9.9937E-05 0.0438067 0.874072 9.9937E-05 9.9937E-05 0.081422 9.9937E-05 9.9937E-05 9.9937E-05 9.9937E-05
9.9946E-05 0.0164349 0.670869 9.9946E-05 9.9946E-05 0.0404257 0.271671 9.9946E-05 9.9946E-05 9.9946E-05
0.0385838 9.9964E-05 0.365935 0.0946862 9.9964E-05 9.9964E-05 0.459359 0.00751613 9.9964E-05 0.0335198
0.0384481 0.0136913 0.169796 0.0844946 0.082373 0.0197865 0.472752 0.0504218 0.0569131 0.0113235
9.9964E-05 9.9964E-05 0.446007 0.0271873 9.9964E-05 0.0252854 0.460446 9.9964E-05 0.0231389 0.0175348
0.0575987 9.9955E-05 0.576516 0.216897 9.9955E-05 9.9955E-05 0.106774 0.0417137 9.9955E-05 9.9955E-05
0.0714882 9.9964E-05 0.488944 0.167189 9.9964E-05 9.9964E-05 0.253636 0.0121903 9.9964E-05 0.00615314
0.0835829 9.9973E-05 0.281727 0.00450749 0.00978091 9.9973E-05 0.491796 0.0547955 0.0735095 9.9973E-05
9.9955E-05 9.9955E-05 0.500655 0.122728 9.9955E-05 9.9955E-05 0.337067 0.0278139 9.9955E-05 0.0112362
0.0274137 9.9964E-05 0.393887 0.114402 9.9964E-05 0.00458368 0.434065 9.9964E-05 9.9964E-05 0.0252491
9.9955E-05 9.9955E-05 0.457169 9.9955E-05 0.0109195 0.079281 0.441593 9.9955E-05 9.9955E-05 0.0105377
9.9946E-05 0.0453579 0.670506 9.9946E-05 0.133307 0.150229 9.9946E-05 9.9946E-05 9.9946E-05 9.9946E-05
0.0324014 9.9955E-05 0.278085 9.9955E-05 0.0204613 9.9955E-05 0.618316 0.0502372 9.9955E-05 9.9955E-05
0.0390348 9.9964E-05 9.9964E-05 0.0173404 0.016765 9.9964E-05 0.0937452 0.777406 9.9964E-05 0.0553086
9.9946E-05 9.9946E-05 9.9946E-05 9.9946E-05 0.0150999 9.9946E-05 0.0491734 0.874361 9.9946E-05 0.0607661
9.9964E-05 9.9964E-05 9.9964E-05 0.0222038 0.0189567 9.9964E-05 0.0930896 0.797243 0.0288534 0.0392541
9.9955E-05 9.9955E-05 9.9955E-05 9.9955E-05 0.0140328 9.9955E-05 0.0360745 0.878945 0.0529537 0.0174938
9.9955E-05 9.9955E-05 9.9955E-05 0.0221111 9.9955E-05 0.00115314 9.9955E-05 0.917673 0.0255241 0.0330388
9.9964E-05 0.0140882 9.9964E-05 9.9964E-05 9.9964E-05 0.00645327 0.0572653 0.837787 0.0611837 0.0228222
9.9937E-05 9.9937E-05 9.9937E-05 9.9937E-05 9.9937E-05 9.9937E-05 0.0796716 0.893562 9.9937E-05 0.0260665
0.025098 9.9982E-05 0.160566 0.139913 0.0412493 9.9982E-05 0.566479 0.0403405 0.0180299 0.00812477
0.0281463 0.0118177 0.164991 9.9991E-05 0.0381817 0.0348205 0.532887 0.0625394 0.0796985 0.0468179
0.0884615 9.9955E-05 0.668397 0.163804 9.9955E-05 9.9955E-05 0.0333552 0.0454827 9.9955E-05 9.9955E-05
0.00582334 0.0128659 0.154085 0.111026 0.0350302 0.00246937 0.614601 0.00732935 9.9991E-05 0.0566695
0.0133266 9.9964E-05 0.464759 0.112602 9.9964E-05 9.9964E-05 0.355724 0.0297405 9.9964E-05 0.0234476
0.0204486 0.00443343 0.314682 0.057371 0.00163054 9.9982E-05 0.512486 0.0595448 9.9982E-05 0.0292042
9.9982E-05 0.0935024 0.26568 0.000173053 9.9982E-05 0.0287296 0.562833 0.0248257 0.00645109 0.0176052
9.9964E-05 9.9964E-05 0.360046 0.106804 9.9964E-05 0.0377012 0.446075 0.00889092 0.0400831 9.9964E-05
0.0933551 9.9946E-05 0.673672 0.189868 9.9946E-05 9.9946E-05 9.9946E-05 0.0425055 9.9946E-05 9.9946E-05
0.108148 0.0345729 0.1349 0.0459354 0.031501 0.0355222 0.502247 0.084151 0.0126821 0.0103405
0.0205125 0.0587717 0.136742 0.093883 0.00378062 0.00939787 0.593964 0.0280273 0.0374815 0.01744
0.0531843 0.0754341 0.13635 0.0179698 9.9982E-05 9.9982E-05 0.544398 0.116073 0.0245546 0.0318365
9.9982E-05 0.111641 0.508 0.0181624 0.0350008 0.0437101 0.260086 9.9982E-05 0.00407314 0.0191269
9.9946E-05 9.9946E-05 0.386936 9.9946E-05 0.0256169 0.0512836 0.535564 9.9946E-05 9.9946E-05 9.9946E-05
0.0596245 9.9964E-05 0.373244 0.127847 9.9964E-05 0.00372885 0.418459 0.0166967 9.9964E-05 9.9964E-05
9.9946E-05 9.9946E-05 0.528808 9.9946E-05 9.9946E-05 0.0742857 0.389422 9.9946E-05 9.9946E-05 0.00688466
0.0758123 0.0500586 0.35146 0.0716771 9.9964E-05 9.9964E-05 0.426156 0.0244361 9.9964E-05 9.9964E-05
0.116196 9.9991E-05 0.0857838 0.0830746 0.0776409 0.0370066 0.536283 0.00891956 0.0377628 0.0172319
0.201072 9.9973E-05 9.9973E-05 0.239761 0.114654 0.176714 0.253922 9.9973E-05 0.00181141 0.0117662
0.194537 0.109971 0.0131768 0.271368 0.000268821 9.9982E-05 0.3485 0.0445432 9.9982E-05 0.0174352
0.0908626 0.00830786 0.0274801 0.122226 0.0101948 0.040524 0.534691 0.11763 0.0315448 0.0165395
0.0908946 0.100321 0.0380393 0.0276195 0.0376772 0.0352009 0.599071 0.0709758 9.9982E-05 9.9982E-05
0.201811 0.0542604 9.9955E-05 0.309924 9.9955E-05 9.9955E-05 0.413264 9.9955E-05 9.9955E-05 0.0202414
0.136148 0.00390641 9.9991E-05 0.175047 0.0433228 0.0443461 0.535751 0.0226086 0.0234618 0.0153074
0.215974 9.9955E-05 9.9955E-05 0.275935 9.9955E-05 0.0440919 0.430492 0.0330067 9.9955E-05 9.9955E-05
0.0956304 9.9982E-05 0.0650457 0.103148 0.109511 0.0559224 0.523894 0.0187361 9.9982E-05 0.0279125
0.160441 9.9991E-05 0.0470259 0.0294425 0.0164237 0.0211259 0.635812 0.0731297 0.00942952 0.00706964
0.118859 0.0554692 0.0383816 0.153824 0.0155431 0.0445068 0.520483 0.0454351 9.9991E-05 0.00739788
0.175437 0.0823405 0.00842441 0.157444 9.9973E-05 0.040339 0.532284 9.9973E-05 9.9973E-05 0.00343131
0.0801836 0.0506162 9.9982E-05 0.11889 0.0427078 0.0481105 0.553682 0.048875 0.0567343 9.9982E-05
0.0936634 0.0539073 9.9991E-05 0.0526339 0.0346454 0.0267991 0.583116 0.0932557 0.0313228 0.030556
0.109196 9.9973E-05 0.00698769 0.196532 0.0203764 0.0898464 0.536029 9.9973E-05 0.0407327 9.9973E-05
0.106293 0.0505143 0.0296595 0.0085103 0.0645246 0.0464124 0.577135 0.0427896 0.0683449 0.00581649
0.118972 9.9991E-05 0.0218059 0.113958 0.0207293 0.116478 0.535883 0.00362431 0.0481062 0.0203443
0.113048 0.0114815 0.0946922 0.17452 0.140154 0.103338 0.27775 0.0240249 0.0258531 0.0351371
0.12312 9.99861E-05 0.0365678 0.0694171 0.0770389 0.0305878 0.621539 0.0176786 0.0238507 9.99861E-05
0.126523 0.0248283 9.9973E-05 9.9973E-05 0.0593356 0.0918143 0.682075 0.00956108 9.9973E-05 0.00556326
0.242804 9.9982E-05 0.0682461 0.496141 0.0126793 0.0259 0.129576 0.0126036 0.0118509 9.9982E-05
0.123176 0.0483645 0.0948454 0.303667 0.11841 0.235871 0.0707923 9.9982E-05 0.00467402 9.9982E-05
0.0966763 0.0783686 0.033074 0.196505 0.00503007 0.0482778 0.460895 0.0494941 0.0315793 9.9991E-05
0.120912 0.0748412 0.0911857 0.307479 0.0817906 0.323392 9.9964E-05 9.9964E-05 9.9964E-05 9.9964E-05
0.183538 0.0228472 0.00908159 0.513561 9.9973E-05 0.00215341 0.240622 9.9973E-05 9.9973E-05 0.0278969
0.163795 9.9955E-05 0.0488595 0.374939 9.9955E-05 0.0347816 0.377124 9.9955E-05 9.9955E-05 9.9955E-05
0.239484 9.9964E-05 0.10594 0.326572 0.00789194 9.9964E-05 0.302715 9.9964E-05 9.9964E-05 0.0169972
0.189446 0.0440283 0.0355389 0.425572 9.9964E-05 0.0608939 0.244121 9.9964E-05 9.9964E-05 9.9964E-05
0.115482 0.0761912 0.0163772 0.142409 9.9982E-05 9.9982E-05 0.580953 0.0406369 0.000453899 0.027297
0.0635891 0.0696419 9.9973E-05 0.213916 0.0561392 9.9973E-05 0.543887 0.0329982 9.9973E-05 0.019528
0.0761085 9.9982E-05 0.056947 0.220109 0.0133965 0.0606825 0.508781 0.0322139 0.0315607 9.9982E-05
0.125448 0.0908854 0.0728197 0.349222 0.0886839 0.173197 0.0913881 9.9982E-05 0.00815644 9.9982E-05
0.0545295 0.0841549 0.07109 0.0837207 0.0277895 9.9982E-05 0.503434 0.151005 9.9982E-05 0.0240759
0.0346613 0.194259 0.0604243 0.0404899 0.0751582 0.0418358 0.471424 0.0591993 0.0224477 9.9991E-05
0.073534 0.3714 0.163719 9.9955E-05 0.290462 0.100385 9.9955E-05 9.9955E-05 9.9955E-05 9.9955E-05
9.9973E-05 0.138511 9.9973E-05 0.0604139 0.0635068 0.0432053 0.641661 0.0264139 0.025988 9.9973E-05
0.0125945 0.258201 0.103454 0.0833581 0.115792 0.0915578 0.277067 0.0232816 0.0225284 0.0121654
0.0642917 0.115374 0.0281776 0.0511428 0.104069 0.038741 0.510453 0.0427168 0.00594005 0.0390938
0.116357 0.330795 0.0473593 0.0485046 0.186721 0.0612289 0.188723 9.9982E-05 9.9982E-05 0.0201114
0.0995682 0.350186 0.114558 0.0666244 0.179741 0.156732 0.0322903 9.9973E-05 9.9973E-05 9.9973E-05
0.0680838 0.307448 0.0721807 0.0588096 0.0716504 0.0707001 0.329134 0.00569853 0.0161949 9.9991E-05
0.0118105 0.109889 0.0727894 0.0776833 0.0741572 0.0625491 0.432538 0.070679 0.0761083 0.0117956
0.0498175 0.0911514 0.0574042 0.0862835 0.111455 0.0698616 0.424833 0.0968731 9.9991E-05 0.0122212
9.9982E-05 0.147205 0.164217 0.284017 0.165998 0.168158 0.0174088 9.9982E-05 0.0340527 0.0187422
0.0288501 0.104707 0.0531805 0.0534425 0.00973172 0.115468 0.513519 0.067549 0.0373218 0.0162309
9.9964E-05 0.326556 0.0868163 0.129449 0.075887 0.122807 0.258085 9.9964E-05 9.9964E-05 9.9964E-05
0.0479684 0.232796 0.0837028 0.064934 0.0619236 0.125803 0.382573 9.9973E-05 9.9973E-05 9.9973E-05
0.0390373 0.108693 0.0610939 9.9982E-05 0.0394328 0.056079 0.586936 0.0886767 0.0198513 9.9982E-05
9.9964E-05 0.161665 9.9964E-05 9.9964E-05 0.194077 9.9964E-05 0.174287 0.283808 0.164807 0.0209553
9.9946E-05 0.103575 9.9946E-05 9.9946E-05 0.529654 9.9946E-05 9.9946E-05 0.301581 0.0645904 9.9946E-05
9.9964E-05 0.11267 9.9964E-05 9.9964E-05 0.499387 0.0165156 9.9964E-05 0.292448 0.0705114 0.0080682
9.9964E-05 0.129078 9.9964E-05 9.9964E-05 0.313673 9.9964E-05 0.144666 0.231571 0.177861 0.00275129
9.9964E-05 0.28724 0.0576642 0.0147627 9.9964E-05 0.0884572 0.541892 9.9964E-05 9.9964E-05 0.00958366
0.0205657 0.0936344 0.0633628 0.141861 0.0197875 0.0240667 0.567946 0.0279182 0.0403506 0.000507733
9.9946E-05 9.9946E-05 0.0141799 0.0398483 9.9946E-05 9.9946E-05 0.313996 9.9946E-05 0.631376 9.9946E-05
0.0418919 0.00953491 0.0423434 0.0687407 9.9982E-05 0.00698305 0.350041 9.9982E-05 0.460643 0.0196222
0.0128346 9.9982E-05 0.0342801 0.101292 9.9982E-05 0.0354971 0.34676 0.0524753 0.401855 0.0148065
9.9973E-05 0.440997 0.0493493 0.0977405 0.0216467 0.183046 0.163229 9.9973E-05 0.0436908 9.9973E-05
0.105905 0.0232935 0.0342219 9.9982E-05 0.110036 0.118949 0.51936 0.0834771 9.9982E-05 0.00455719
9.9955E-05 0.563179 9.9955E-05 0.124392 0.00608566 0.157969 0.147874 9.9955E-05 9.9955E-05 9.9955E-05
9.9973E-05 0.223926 0.000875314 0.0293163 0.0518158 0.0927076 0.555215 0.0458439 9.9973E-05 9.9973E-05
9.9973E-05 0.218407 9.9973E-05 0.103432 0.0843879 0.157254 0.410746 9.9973E-05 0.0234623 0.00201124
9.9955E-05 0.398913 9.9955E-05 9.9955E-05 0.00926533 0.0437724 0.542743 9.9955E-05 9.9955E-05 0.00480637
9.9964E-05 0.584675 0.0453757 0.0565863 0.0499513 0.145049 0.117963 9.9964E-05 9.9964E-05 9.9964E-05
9.9982E-05 0.232503 0.0323599 9.9982E-05 0.0361114 0.0273727 0.614135 0.00373446 0.04336 0.0102228
9.9982E-05 0.152376 0.0153943 0.0436213 0.0395568 0.109586 0.553898 0.0468911 9.9982E-05 0.0384768
9.9937E-05 9.9937E-05 9.9937E-05 9.9937E-05 9.9937E-05 0.0144433 0.0284107 9.9937E-05 0.956446 9.9937E-05
9.9955E-05 0.00183359 9.9955E-05 0.0269823 9.9955E-05 0.0210516 0.051436 9.9955E-05 0.898197 9.9955E-05
9.9973E-05 0.0317769 0.0177035 0.124908 9.9973E-05 9.9973E-05 0.256527 0.0617677 0.503054 0.00396234
0.0510258 9.9937E-05 9.9937E-05 9.9937E-05 9.9937E-05 9.9937E-05 0.328711 9.9937E-05 0.619564 9.9937E-05
0.0288071 9.9955E-05 9.9955E-05 0.00817548 9.9955E-05 9.9955E-05 0.133468 9.9955E-05 0.812875 0.016174
9.99201E-05 9.99201E-05 9.99201E-05 9.99201E-05 9.99201E-05 9.99201E-05 9.99201E-05 9.99201E-05 0.999101 9.99201E-05
0.0175628 9.9937E-05 9.9937E-05 0.00217416 9.9937E-05 9.9937E-05 9.9937E-05 9.9937E-05 0.979563 9.9937E-05
9.9937E-05 9.9937E-05 9.9937E-05 0.00154803 9.9937E-05 9.9937E-05 0.173334 9.9937E-05 0.824419 9.9937E-05
0.0355136 9.9964E-05 0.00315912 0.00944903 9.9964E-05 9.9964E-05 9.9964E-05 0.012564 0.930436 0.0084785
9.99201E-05 9.99201E-05 9.99201E-05 9.99201E-05 9.99201E-05 9.99201E-05 9.99201E-05 9.99201E-05 0.999101 9.99201E-05
9.99201E-05 9.99201E-05 9.99201E-05 9.99201E-05 9.99201E-05 9.99201E-05 9.99201E-05 9.99201E-05 0.999101 9.99201E-05
0.00261555 9.9955E-05 0.00698441 0.0280632 9.9955E-05 9.9955E-05 0.191957 9.9955E-05 0.76988 9.9955E-05
9.9964E-05 9.9964E-05 0.00351545 0.0760156 0.00785546 9.9964E-05 0.0836016 0.0171337 0.811478 9.9964E-05
9.99201E-05 9.99201E-05 9.99201E-05 9.99201E-05 9.99201E-05 9.99201E-05 9.99201E-05 9.99201E-05 0.999101 9.99201E-05
9.9982E-05 0.0759814 0.0527174 0.155114 0.0052212 9.9982E-05 0.257891 0.0390813 0.394487 0.0193064
0.030498 9.9973E-05 9.9973E-05 0.0377398 9.9973E-05 0.0394334 0.229113 0.054863 0.599883 0.00816975
9.9946E-05 9.9946E-05 9.9946E-05 9.9946E-05 9.9946E-05 9.9946E-05 0.159551 0.0391107 0.792872 0.00786649
9.9946E-05 9.9946E-05 9.9946E-05 0.0254331 9.9946E-05 9.9946E-05 0.0685286 9.9946E-05 0.897658 0.00778068
9.9928E-05 9.9928E-05 9.9928E-05 9.9928E-05 9.9928E-05 9.9928E-05 0.0157737 9.9928E-05 0.983427 9.9928E-05
9.9946E-05 9.9946E-05 9.9946E-05 0.0107494 0.0166678 9.9946E-05 0.0413049 9.9946E-05 0.930678 9.9946E-05
9.9928E-05 9.9928E-05 9.9928E-05 9.9928E-05 9.9928E-05 9.9928E-05 9.9928E-05 9.9928E-05 0.986536 0.0126645
0.00954605 9.9973E-05 0.0491366 0.0260811 9.9973E-05 9.9973E-05 0.22428 0.0399453 0.636284 0.0144271
9.9946E-05 9.9946E-05 0.0162178 9.9946E-05 9.9946E-05 9.9946E-05 9.9946E-05 0.0118811 0.954782 0.0165194
9.9955E-05 0.488422 9.9955E-05 9.9955E-05 0.238166 0.0748819 9.9955E-05 0.185982 0.0120483 9.9955E-05
0.0181636 0.308247 9.9991E-05 0.038489 0.0410647 0.017084 0.283613 0.157941 0.121293 0.0140047
0.0109878 0.30312 9.9973E-05 9.9973E-05 0.114913 9.9973E-05 0.431478 0.111469 0.0263573 0.00137477
0.0167287 0.46951 9.9982E-05 9.9982E-05 0.160631 0.0220176 0.154451 0.108849 0.0574853 0.0101274
0.0149469 0.143265 0.0508447 0.0934133 0.0782621 9.9991E-05 0.41358 0.0920831 0.0888743 0.0246302
9.9964E-05 0.506258 9.9964E-05 9.9964E-05 0.13259 0.0700044 9.9964E-05 0.146009 0.136645 0.00809427
0.0177168 0.133536 9.9991E-05 0.0594824 0.0994971 0.0365228 0.448998 0.131275 0.0638526 0.00901899
9.9973E-05 0.362598 9.9973E-05 9.9973E-05 0.0726173 0.0295006 0.267267 0.121457 0.123667 0.0225929
0.0147451 0.226772 9.9982E-05 9.9982E-05 0.0993763 0.00160418 0.439376 0.107448 0.081928 0.0285504
9.9991E-05 0.301425 0.00901082 0.0251947 0.123664 0.00717804 0.305504 0.090187 0.100845 0.0368921
9.9982E-05 0.200754 0.0417478 9.9982E-05 0.121189 0.00576781 0.407521 0.131128 0.0743714 0.0173214
0.0255013 0.0359106 0.00887132 9.9964E-05 0.00102884 9.9964E-05 0.0411312 0.887157 9.9964E-05 9.9964E-05
9.9946E-05 9.9946E-05 9.9946E-05 9.9946E-05 9.9946E-05 0.0454167 9.9946E-05 0.85927 0.0663906 0.0283226
0.0123266 9.9973E-05 9.9973E-05 0.000530244 0.0112079 0.000414946 0.0225686 0.908678 9.9973E-05 0.0439742
9.9937E-05 9.9937E-05 0.00572868 9.9937E-05 0.0344464 9.9937E-05 9.9937E-05 0.959125 9.9937E-05 9.9937E-05
0.00335096 9.9964E-05 9.9964E-05 0.0219868 0.00659628 9.9964E-05 0.0614109 0.849282 9.9964E-05 0.0569731
9.9955E-05 9.9955E-05 9.9955E-05 0.00834716 0.0116075 9.9955E-05 9.9955E-05 0.912532 0.0112876 0.0557257
0.00834549 9.9955E-05 9.9955E-05 9.9955E-05 9.9955E-05 9.9955E-05 0.0587029 0.878166 0.00100287 0.0532834
0.0101945 9.9964E-05 9.9964E-05 0.0416922 0.0101068 0.0133009 9.9964E-05 0.891486 9.9964E-05 0.0328199
9.9973E-05 0.0202191 0.0431243 9.9973E-05 0.0168771 9.9973E-05 0.0088218 0.875734 0.0231673 0.0117568
9.9964E-05 9.9964E-05 9.9964E-05 0.0049189 0.0817565 9.9964E-05 0.0193533 0.848017 0.0103493 0.0352055
0.241954 0.0694433 0.0726837 0.00809044 0.0305364 9.9964E-05 9.9964E-05 0.576892 9.9964E-05 9.9964E-05
0.281403 0.0109339 0.0348029 0.0400637 0.022513 0.0111512 9.9982E-05 0.584231 9.9982E-05 0.0147008
0.229198 0.0718642 0.0541182 0.0974363 0.0415472 9.9973E-05 9.9973E-05 0.493007 9.9973E-05 0.0125295
0.266712 0.157951 0.0299984 0.101066 9.9955E-05 9.9955E-05 9.9955E-05 0.443773 9.9955E-05 9.9955E-05
0.0573725 0.0180873 0.270406 0.152495 0.0137813 9.9982E-05 0.4268 0.0395121 9.9982E-05 0.0213465
0.0291495 9.9973E-05 0.256654 0.142818 9.9973E-05 0.0446453 0.455229 0.0605773 0.0106271 9.9973E-05
0.129174 9.9982E-05 0.173061 0.117528 9.9982E-05 0.00778078 0.540357 0.00420379 0.00616935 0.0215262
0.105215 9.9973E-05 0.252631 0.283682 0.0224425 0.00214286 0.323996 9.9973E-05 9.9973E-05 0.00959091
0.291251 0.00572524 0.0201802 0.505725 9.9964E-05 0.0579063 0.118812 9.9964E-05 9.9964E-05 9.9964E-05
0.0531458 9.9964E-05 0.19237 0.0212653 9.9964E-05 0.0135101 0.673455 0.0458539 9.9964E-05 9.9964E-05
0.112453 9.9946E-05 0.231479 0.0468902 9.9946E-05 9.9946E-05 0.608578 9.9946E-05 9.9946E-05 9.9946E-05
0.0390506 9.9973E-05 0.290696 0.0282585 0.0259735 0.0658339 0.542551 9.9973E-05 9.9973E-05 0.00733708
9.9946E-05 0.00452439 0.541096 9.9946E-05 9.9946E-05 0.0605253 0.393255 9.9946E-05 9.9946E-05 9.9946E-05
0.0929747 0.0282661 0.117444 9.9991E-05 0.0337733 0.0221898 0.65744 0.0403173 0.000622411 0.00687268
0.021181 9.9964E-05 0.482051 0.0415249 9.9964E-05 9.9964E-05 0.413601 0.0279301 9.9964E-05 0.0133116
0.0216697 9.9946E-05 0.838072 9.9946E-05 0.0157949 0.123864 9.9946E-05 9.9946E-05 9.9946E-05 9.9946E-05
0.0399706 9.9973E-05 0.112015 0.142299 9.9973E-05 0.0455744 0.553855 0.0959204 9.9973E-05 0.0100654
9.9955E-05 0.0474325 0.656536 9.9955E-05 0.057144 0.0730478 0.16534 9.9955E-05 9.9955E-05 9.9955E-05
0.0492415 9.9955E-05 0.315857 9.9955E-05 0.0232556 0.058385 0.552761 9.9955E-05 9.9955E-05 9.9955E-05
0.0739013 9.9955E-05 0.622494 0.159842 9.9955E-05 9.9955E-05 0.133002 0.0102608 9.9955E-05 9.9955E-05
0.815954 0.0739436 9.9946E-05 9.9946E-05 9.9946E-05 9.9946E-05 0.0149193 0.0945831 9.9946E-05 9.9946E-05
0.791911 0.105773 9.9946E-05 9.9946E-05 9.9946E-05 9.9946E-05 0.06494 0.0367764 9.9946E-05 9.9946E-05
0.80029 0.134403 9.9946E-05 9.9946E-05 9.9946E-05 9.9946E-05 0.0503184 0.0143887 9.9946E-05 9.9946E-05
0.79724 0.115155 0.011251 9.9946E-05 9.9946E-05 9.9946E-05 9.9946E-05 0.0757543 9.9946E-05 9.9946E-05
0.758556 0.117782 9.9937E-05 9.9937E-05 9.9937E-05 9.9937E-05 0.122963 9.9937E-05 9.9937E-05 9.9937E-05
0.750785 0.114593 9.9955E-05 9.9955E-05 9.9955E-05 9.9955E-05 0.0838636 0.0166362 0.033623 9.9955E-05
9.9955E-05 9.9955E-05 0.0524269 9.9955E-05 9.9955E-05 9.9955E-05 0.0109688 0.858196 0.0608802 0.0170285
0.0476274 9.9964E-05 9.9964E-05 0.0141421 0.0177976 9.9964E-05 0.103574 0.806057 0.0104019 9.9964E-05
9.9955E-05 9.9955E-05 9.9955E-05 9.9955E-05 0.0327628 9.9955E-05 0.165528 0.769414 0.0181399 0.0136554
0.0167906 9.9955E-05 0.0607585 9.9955E-05 9.9955E-05 9.9955E-05 0.00468441 0.844621 0.0726456 9.9955E-05
9.9964E-05 0.0467566 9.9964E-05 9.9964E-05 0.000242285 9.9964E-05 0.106074 0.776794 0.0539747 0.0157591
0.532417 0.0773653 0.0125695 9.9955E-05 0.0193875 9.9955E-05 9.9955E-05 0.35776 9.9955E-05 9.9955E-05
0.48192 0.0623384 9.9955E-05 9.9955E-05 9.9955E-05 0.0292212 9.9955E-05 0.395658 9.9955E-05 0.0303626
0.48579 9.9973E-05 9.9973E-05 9.9973E-05 0.0333366 0.032953 0.0293504 0.388785 0.0067284 0.0227571
9.99201E-05 9.99201E-05 9.99201E-05 9.99201E-05 9.99201E-05 9.99201E-05 9.99201E-05 9.99201E-05 9.99201E-05 0.999101
0.469736 0.0386373 0.0515446 9.9964E-05 9.9964E-05 0.0593911 9.9964E-05 0.334998 9.9964E-05 0.0452939
9.9955E-05 9.9955E-05 9.9955E-05 9.9955E-05 0.235423 9.9955E-05 0.369626 0.189637 0.193935 0.0108795
0.0463983 0.0619418 0.0056853 0.0107872 0.061248 9.9982E-05 0.540458 0.114191 0.159091 9.9982E-05
9.9946E-05 9.9946E-05 9.9946E-05 0.0513589 9.9946E-05 9.9946E-05 0.547927 0.205724 0.19439 9.9946E-05
9.9973E-05 0.0528828 0.00823974 0.0135339 0.116094 9.9973E-05 0.365756 0.265665 0.177529 9.9973E-05
0.0578251 0.08191 0.00925952 0.143584 0.047819 0.014254 0.40597 0.0933039 0.111096 0.0349792
9.9964E-05 0.0322203 9.9964E-05 9.9964E-05 0.357169 0.0354403 9.9964E-05 0.3147 0.241688 0.018383
0.246993 0.057066 0.0176345 0.250956 9.9964E-05 0.0483733 0.378578 9.9964E-05 9.9964E-05 9.9964E-05
0.0930659 0.0959232 0.0631921 0.201785 0.0277131 0.153186 0.364835 9.9973E-05 9.9973E-05 9.9973E-05
0.176001 0.049982 0.0115983 0.552677 9.9973E-05 0.0243807 0.184451 0.000610223 9.9973E-05 9.9973E-05
0.0526788 0.0277101 0.0660189 0.169137 0.0378703 0.17195 0.474334 9.9973E-05 9.9973E-05 9.9973E-05
0.158892 0.118923 0.0927781 0.187159 0.0654784 0.376369 9.9964E-05 9.9964E-05 9.9964E-05 9.9964E-05
0.066332 0.0492292 0.0853149 0.130238 0.0459275 9.9991E-05 0.52697 0.0392079 0.010365 0.0463158
0.0974104 0.0964018 0.00863876 0.125672 0.0339932 0.0973389 0.535774 0.00143102 0.00324033 9.9991E-05
0.187592 0.0369583 0.062276 0.398411 9.9982E-05 0.0335348 0.244481 0.0279578 9.9982E-05 0.0085888
0.0472237 0.0561646 0.0100761 0.199521 9.9991E-05 0.0846403 0.453705 0.112837 0.0320634 0.00366774
0.0328379 0.0990905 0.162679 0.421899 0.0814427 0.175646 0.0261041 9.9973E-05 9.9973E-05 9.9973E-05
0.0692194 0.0365906 0.00971374 0.199769 0.0647326 0.0844387 0.533572 0.00176368 9.9982E-05 9.9982E-05
0.122298 0.0086213 0.0601559 0.268595 9.9973E-05 0.0677432 0.456744 0.0155427 9.9973E-05 9.9973E-05
0.0320216 9.9982E-05 0.0515449 0.101782 0.139178 0.0803777 0.418128 0.0745622 0.102206 9.9982E-05
0.0725033 9.9964E-05 0.134546 0.264032 0.121012 0.130288 0.277218 9.9964E-05 9.9964E-05 9.9964E-05
0.102063 0.0275998 0.082941 0.209677 0.062377 0.108713 0.40633 9.9973E-05 9.9973E-05 9.9973E-05
0.133372 0.0305366 0.0470509 0.0857411 0.0107815 0.122785 0.556992 9.9982E-05 0.0125406 9.9982E-05
0.0826107 0.0220697 0.0936928 0.152338 0.0287401 0.109625 0.506588 9.9982E-05 9.9982E-05 0.00413612
0.0908497 0.0633604 0.0317096 0.0705153 0.0265064 0.108577 0.565237 9.9982E-05 0.0430447 9.9982E-05
0.110409 0.0125537 0.0925976 0.0113564 9.9991E-05 0.0673651 0.536986 0.107439 0.0487917 0.0124013
0.0755141 9.9982E-05 0.0375808 0.162398 0.0469802 0.035152 0.544849 0.0943082 9.9982E-05 0.00301741
9.9946E-05 9.9946E-05 9.9946E-05 9.9946E-05 9.9946E-05 9.9946E-05 0.130477 0.825262 0.0256294 0.0180317
9.9946E-05 9.9946E-05 9.9946E-05 9.9946E-05 9.9946E-05 9.9946E-05 0.121484 0.876308 0.00125777 0.000351161
0.033738 0.0271212 0.00176409 9.9973E-05 9.9973E-05 0.00188752 0.0502322 0.841444 9.9973E-05 0.0435131
0.00752182 9.9964E-05 0.00741878 9.9964E-05 9.9964E-05 0.00654503 9.9964E-05 0.875522 0.0686403 0.0339526
9.9937E-05 9.9937E-05 9.9937E-05 9.9937E-05 9.9937E-05 9.9937E-05 0.0917963 0.889522 9.9937E-05 0.0179817
0.202321 0.00880787 0.0463133 0.633164 0.058536 9.9973E-05 9.9973E-05 0.0217911 0.0287668 9.9973E-05
0.0673839 9.9973E-05 0.00462542 0.236597 0.0989289 0.0877406 0.486377 0.0180479 9.9973E-05 9.9973E-05
0.0176383 0.12516 0.0416944 9.9982E-05 0.045675 0.0551228 0.338605 0.185124 0.19078 9.9982E-05
0.0650855 0.0370461 0.00452431 0.227546 0.0325388 0.00425321 0.591722 9.9991E-05 0.0357467 0.00143693
0.126958 9.9955E-05 0.0383929 0.388246 0.0225998 9.9955E-05 0.423303 9.9955E-05 9.9955E-05 9.9955E-05
0.0991907 0.0400379 0.0202974 0.317738 0.125916 0.191103 0.205416 9.9973E-05 9.9973E-05 9.9973E-05
0.291205 9.9964E-05 0.0229415 0.580065 0.0456095 9.9964E-05 9.9964E-05 0.0408624 9.9964E-05 0.0189165
0.153435 0.0646374 0.0570879 0.231982 0.00584204 9.9991E-05 0.42822 0.0446664 0.00618178 0.0078472
0.268997 9.9982E-05 9.9982E-05 0.49524 0.0139545 0.0294807 0.140934 0.0221291 0.0265095 0.00255445
0.104562 0.112289 0.121536 0.102482 0.0359825 0.0419434 0.433028 0.03168 0.0131331 0.00336375
0.226208 0.0301128 9.9973E-05 0.552819 0.00885076 0.0622187 0.062296 0.0571949 9.9973E-05 9.9973E-05
0.133479 9.9991E-05 0.00183866 0.198397 0.0370691 0.0167732 0.527567 0.0352581 0.0417405 0.00777689
0.186589 0.0465608 0.094662 0.573097 0.0296097 0.00776643 0.0296609 0.00441091 9.9991E-05 0.0275433
0.0555298 0.062769 0.047453 0.407321 0.0258216 0.15661 0.169804 0.0283511 0.0390966 0.00724413
0.101405 0.204575 0.00258036 0.0299625 0.0510123 0.0582688 0.49403 0.0342766 0.0145748 0.00931588
0.00877279 0.5171 0.0496402 0.113277 0.0162694 0.104983 0.189658 9.9973E-05 9.9973E-05 9.9973E-05
9.9973E-05 0.355227 0.0116198 0.0262841 0.0282693 0.0610051 0.481152 0.0361433 9.9973E-05 9.9973E-05
0.0163076 0.196266 0.00712416 0.0566602 0.10845 0.0681465 0.526478 0.00980062 0.00278889 0.0079779
0.0141922 0.596018 0.0693894 0.0621525 0.028189 0.0806656 0.149093 9.9973E-05 9.9973E-05 9.9973E-05
0.0578956 0.136311 0.0809944 0.0133413 0.0392158 0.0504514 0.527207 0.0327032 0.020533 0.0413468
0.0642997 0.351595 0.034965 9.9964E-05 9.9964E-05 0.0680621 0.470457 9.9964E-05 9.9964E-05 0.0102214
0.0128324 0.561724 0.109971 0.0193584 0.0414563 0.209775 0.0445831 9.9973E-05 9.9973E-05 9.9973E-05
0.0175667 0.685483 0.0612807 0.0113697 0.0536459 0.0630479 0.107306 9.9973E-05 9.9973E-05 9.9973E-05
0.0328659 0.395851 0.0111191 0.0508142 0.0251984 0.0632404 0.404505 9.9982E-05 9.9982E-05 0.0162066
0.0602711 0.667239 0.162565 9.9964E-05 0.00406544 0.104851 9.9964E-05 9.9964E-05 9.9964E-05 0.000607873
0.0313751 0.429545 0.0661367 0.0582865 9.9964E-05 0.0415257 0.372732 9.9964E-05 9.9964E-05 9.9964E-05
0.247653 9.9964E-05 0.015472 0.688532 9.9964E-05 0.00768751 0.0250967 9.9964E-05 9.9964E-05 0.0151587
0.121399 9.9964E-05 9.9964E-05 0.388723 0.0566911 0.271039 0.132767 9.9964E-05 0.02898 9.9964E-05
0.17848 9.9982E-05 0.0328579 0.328691 9.9982E-05 0.037734 0.344699 0.0185221 0.0463041 0.0125125
0.116095 9.9991E-05 0.0164479 0.184056 0.0199166 0.0850647 0.496955 0.044782 0.0345492 0.00203323
0.21733 9.9955E-05 0.0841824 0.543323 9.9955E-05 0.0252008 0.129464 9.9955E-05 9.9955E-05 9.9955E-05
0.10312 0.014771 0.042183 0.129781 0.083119 0.048052 0.531549 0.0326173 0.0131843 0.00162309
0.132565 9.9973E-05 0.0603402 0.171991 0.0405379 9.9973E-05 0.525852 9.9973E-05 0.0227256 0.0456889
0.126229 9.9973E-05 0.0295197 0.213002 0.0688663 0.06362 0.487219 9.9973E-05 9.9973E-05 0.0112442
0.116192 9.9982E-05 0.0675116 0.215616 0.0281126 0.0751776 0.44362 9.9982E-05 0.0506254 0.0029446
0.200498 9.9982E-05 0.0399092 0.298714 9.9982E-05 0.0101643 0.431837 0.000196887 0.00778031 0.0106998
0.160647 9.9982E-05 0.0805258 0.494743 0.0269571 0.0183904 0.180636 9.9982E-05 0.01158 0.0263203
0.222293 9.9964E-05 0.0193734 0.343902 9.9964E-05 0.0246874 0.371513 9.9964E-05 0.0178312 9.9964E-05
0.103918 9.9973E-05 0.0624766 0.138167 0.056904 0.0792211 0.553902 9.9973E-05 0.00511159 9.9973E-05
0.0521642 0.0114326 0.0157217 0.12552 0.11493 0.0359575 0.636821 9.9982E-05 0.00725355 9.9982E-05
0.15521 9.9982E-05 0.143546 0.166394 0.139305 0.0335395 0.302108 9.9982E-05 0.0503617 0.00933575
0.0806599 9.9973E-05 0.0672965 0.201923 0.0289221 0.115993 0.444932 9.9973E-05 0.059974 9.9973E-05
0.249919 0.0239028 0.0198742 0.324439 9.9982E-05 0.0137305 0.325924 9.9982E-05 0.0182574 0.0237531
0.0733611 9.9982E-05 0.0297477 0.318758 0.0137531 0.0304196 0.47692 0.0291448 0.0276955 9.9982E-05
0.0841898 9.9973E-05 0.0348037 0.259906 9.9973E-05 0.115405 0.413645 0.0497933 0.0419562 9.9973E-05
0.139144 0.0614151 0.0444341 0.108334 0.018014 9.9991E-05 0.481088 0.0702147 0.0539025 0.0233542
9.9973E-05 0.0349138 9.9973E-05 0.0811154 0.0761067 9.9973E-05 0.419433 0.271405 0.0917625 0.0249632
9.9964E-05 9.9964E-05 9.9964E-05 0.068552 0.157974 0.0471304 0.546767 0.0799059 0.0992702 9.9964E-05
0.0379503 0.0299681 0.0241648 0.104983 0.0527593 0.030007 0.428135 0.120059 0.13619 0.0357837
0.0308797 0.0319099 0.0113065 0.0542594 0.0873407 0.0535082 0.571595 0.0471319 0.0683915 0.0436773
0.0115095 9.9991E-05 0.0660637 0.0169895 0.153398 0.00903277 0.499451 0.113196 0.118591 0.0116682
0.0839028 0.0620939 0.0516468 0.189712 0.0226345 0.144718 0.444992 9.9973E-05 9.9973E-05 9.9973E-05
0.0443795 0.0708548 0.0618388 9.9991E-05 0.0607789 0.00643946 0.522654 0.0963055 0.0985034 0.0381454
9.9982E-05 0.0884312 0.0906682 0.216759 0.328119 0.0478261 9.9982E-05 0.105865 0.12145 0.000681909
0.0647059 0.0165911 0.0359044 0.0870613 0.0797657 0.0281055 0.508162 0.0779895 0.101099 0.00061609
0.0387465 9.9982E-05 0.0654257 0.0392521 0.0702556 0.0303588 0.498972 0.114194 0.142595 9.9982E-05
9.9991E-05 0.0534188 0.0878298 0.0850322 0.0466365 0.00983565 0.48364 0.065348 0.139491 0.0286675
9.9991E-05 0.00032037 0.027933 0.0910055 0.257732 0.138842 0.328572 0.114641 0.0235478 0.0173063
9.9973E-05 9.9973E-05 0.0255311 0.0807549 0.0979233 9.9973E-05 0.509793 0.153274 0.125794 0.00662996
0.0633052 0.00384969 9.9982E-05 9.9982E-05 0.0887557 0.0826209 0.526204 0.107009 0.118067 0.00998913
9.9964E-05 0.0152405 0.0194713 9.9964E-05 0.586045 9.9964E-05 9.9964E-05 0.304266 0.0597335 0.0148435
0.0415319 0.0138354 0.028202 0.0976662 0.0733029 0.0499664 0.436263 0.127884 0.12027 0.0110776
9.9973E-05 0.0766403 9.9973E-05 9.9973E-05 0.0740865 0.0268278 0.527477 0.124836 0.148543 0.0212898
0.0484945 0.0447025 0.0492179 0.0628112 0.0875171 0.0239572 0.554744 0.0627703 0.0612006 0.00458505
9.9955E-05 9.9955E-05 9.9955E-05 9.9955E-05 0.160428 9.9955E-05 0.577897 0.106547 0.132558 0.0220703
9.9973E-05 0.127163 0.0416389 0.0430958 9.9973E-05 9.9973E-05 0.464106 0.184632 0.09522 0.0438447
9.9964E-05 0.0119768 0.0537128 9.9964E-05 9.9964E-05 0.445824 0.42281 0.055991 9.9964E-05 0.00928511
9.9973E-05 0.0227013 0.0534712 0.0880292 9.9973E-05 0.263586 0.454155 0.06519 0.0525673 9.9973E-05
0.028363 9.9946E-05 0.00206341 0.0200417 9.9946E-05 0.948932 9.9946E-05 9.9946E-05 9.9946E-05 9.9946E-05
9.9946E-05 0.0268249 9.9946E-05 0.0524698 9.9946E-05 0.911615 9.9946E-05 9.9946E-05 9.9946E-05 0.00849071
9.9973E-05 0.0165671 9.9973E-05 0.0986346 9.9973E-05 0.308356 0.48348 0.0650968 0.0116114 0.0159549
0.00483611 0.0535391 9.9982E-05 9.9982E-05 0.100389 0.0966824 0.382213 0.12352 0.2374 0.00122071
9.9955E-05 9.9955E-05 9.9955E-05 9.9955E-05 0.111075 0.179483 0.370587 0.108855 0.229499 9.9955E-05
9.9955E-05 9.9955E-05 9.9955E-05 9.9955E-05 0.192519 0.266805 0.172924 0.132358 0.234894 9.9955E-05
9.9964E-05 9.9964E-05 9.9964E-05 9.9964E-05 0.209802 0.149549 0.380403 0.0444019 0.178212 0.0372332
9.9973E-05 0.0184603 9.9973E-05 9.9973E-05 0.095615 0.722934 0.0464936 0.0602074 0.0456706 0.0103187
0.0111404 9.9973E-05 9.9973E-05 9.9973E-05 0.123057 0.679988 0.0926221 0.0331963 0.0301647 0.0295319
9.9964E-05 0.0304841 0.0293877 9.9964E-05 9.9964E-05 0.322566 0.564801 0.0106404 0.0417204 9.9964E-05
9.9946E-05 9.9946E-05 9.9946E-05 9.9946E-05 9.9946E-05 0.46539 0.387568 0.0830716 0.0633704 9.9946E-05
9.9955E-05 9.9955E-05 9.9955E-05 9.9955E-05 9.9955E-05 0.719743 0.169932 0.0374714 0.0485831 0.0237707
0.0191402 9.9991E-05 0.00457786 0.0552819 0.0173288 0.264955 0.566245 0.0302427 0.0301771 0.0119514
0.0271726 9.9964E-05 9.9964E-05 9.9964E-05 0.0188903 0.284837 0.592314 9.9964E-05 0.0419907 0.0343949
0.0212979 0.0411518 9.9982E-05 0.0225468 9.9982E-05 0.284875 0.454382 0.0884201 0.0550846 0.0320418
0.00345791 9.9964E-05 9.9964E-05 0.0558403 9.9964E-05 0.645707 0.266821 0.00572769 9.9964E-05 0.0220457
9.9964E-05 0.0645742 0.0194249 0.0470913 9.9964E-05 0.500906 0.344714 0.0228901 9.9964E-05 9.9964E-05
0.0490743 9.9982E-05 0.0118404 0.0433075 0.0187495 0.3246 0.515374 0.0138629 9.9982E-05 0.0229914
0.0751567 0.0605254 0.0535545 9.9973E-05 9.9973E-05 0.337526 0.416945 0.0381583 9.9973E-05 0.0178347
0.0293795 0.0430683 9.9973E-05 0.0626473 9.9973E-05 0.261405 0.456066 0.115657 0.0314758 9.9973E-05
0.0226677 0.0483879 0.0656529 9.9973E-05 0.01005 0.404549 0.446649 0.00174398 9.9973E-05 9.9973E-05
0.0110727 9.9946E-05 9.9946E-05 9.9946E-05 9.9946E-05 0.812987 0.159905 9.9946E-05 9.9946E-05 0.0154356
9.9946E-05 9.9946E-05 9.9946E-05 9.9946E-05 9.9946E-05 0.379974 0.597605 0.0161704 9.9946E-05 0.00565069
0.00439136 9.9955E-05 9.9955E-05 0.0937181 9.9955E-05 0.790174 0.094394 9.9955E-05 0.0168232 9.9955E-05
9.9964E-05 0.0231501 9.9964E-05 0.052919 9.9964E-05 0.507294 0.381382 0.0288048 9.9964E-05 0.00605042
0.0572698 0.0551453 0.0248507 9.9973E-05 9.9973E-05 0.299603 0.485173 0.0639961 9.9973E-05 0.0136616
0.0318895 0.0461311 0.0597384 9.9982E-05 9.9982E-05 0.317672 0.448269 0.0283344 0.0462045 0.0215611
9.9991E-05 0.0697437 0.015352 0.0354067 0.0413259 0.11405 0.455411 0.132282 0.133609 0.00271809
0.0473478 0.11675 0.00432283 9.9991E-05 0.0189833 0.110168 0.433065 0.133651 0.091362 0.0442508
9.9973E-05 0.0863372 9.9973E-05 9.9973E-05 0.172195 0.0833158 0.331719 0.0813245 0.211754 0.033055
0.0255603 0.078567 9.9991E-05 0.032564 0.0982244 0.115294 0.279156 0.123223 0.202302 0.0450095
0.00384015 0.0837462 9.9991E-05 0.0678508 0.0596582 0.0678192 0.398293 0.123573 0.162323 0.0327969
9.9982E-05 0.0737933 0.0441069 9.9982E-05 0.0441322 0.164055 0.403685 0.130869 0.109402 0.029756
9.9955E-05 9.9955E-05 9.9955E-05 9.9955E-05 0.11466 0.666612 9.9955E-05 0.127146 0.0696814 0.0214013
9.9973E-05 0.0517625 9.9973E-05 9.9973E-05 0.00858967 0.142598 0.501441 0.11235 0.178335 0.00462386
9.9955E-05 0.0010526 9.9955E-05 9.9955E-05 0.259279 0.397272 9.9955E-05 0.276448 0.0654485 9.9955E-05
9.9964E-05 9.9964E-05 9.9964E-05 9.9964E-05 0.00186601 0.325699 0.493817 0.0647138 0.112956 0.000547839
9.9928E-05 9.9928E-05 9.9928E-05 9.9928E-05 9.9928E-05 0.903083 0.096118 9.9928E-05 9.9928E-05 9.9928E-05
9.9937E-05 9.9937E-05 0.0800412 9.9937E-05 9.9937E-05 0.915796 9.9937E-05 9.9937E-05 9.9937E-05 0.00346315
