0.0996869 9.9946E-05 9.9946E-05 9.9946E-05 9.9946E-05 9.9946E-05 0.00306613 9.9946E-05 0.888413 0.00823407
0.0338492 9.9937E-05 9.9937E-05 9.9937E-05 9.9937E-05 9.9937E-05 9.9937E-05 9.9937E-05 0.936349 0.0291023
9.9964E-05 0.097029 0.018197 9.9964E-05 9.9964E-05 0.0097891 0.0205968 0.0496399 0.804348 9.9964E-05
0.0253653 0.0418338 9.9955E-05 9.9955E-05 9.9955E-05 9.9955E-05 0.0191174 0.131121 0.782063 9.9955E-05
9.9946E-05 9.9946E-05 0.00147265 9.9946E-05 9.9946E-05 9.9946E-05 0.000188594 0.0853925 0.912347 9.9946E-05
0.126575 9.9955E-05 9.9955E-05 9.9955E-05 0.20967 9.9955E-05 0.0599668 0.0101768 0.593112 9.9955E-05
0.00589386 9.9946E-05 9.9946E-05 9.9946E-05 0.211679 9.9946E-05 0.0127315 9.9946E-05 0.769096 9.9946E-05
0.0405477 9.9946E-05 9.9946E-05 9.9946E-05 0.231533 9.9946E-05 0.0525701 9.9946E-05 0.674749 9.9946E-05
9.99639E-05 0.046458 9.99639E-05 9.99639E-05 0.00536298 0.000282054 0.0805853 9.99639E-05 0.810351 0.0565608
0.0465176 9.9964E-05 0.00409328 9.9964E-05 0.20449 9.9964E-05 0.0221739 9.9964E-05 0.720512 0.00181302
0.0783661 9.9955E-05 9.9955E-05 9.9955E-05 0.208687 9.9955E-05 0.00466467 0.0239058 0.683876 9.9955E-05
9.9946E-05 9.9946E-05 0.0193042 9.9946E-05 9.9946E-05 9.9946E-05 9.9946E-05 0.100148 0.0434831 0.836465
9.9955E-05 9.9955E-05 0.0287425 0.0225148 9.9955E-05 9.9955E-05 9.9955E-05 0.482086 0.082681 0.383476
9.9955E-05 0.0109357 0.0410925 9.9955E-05 9.9955E-05 9.9955E-05 9.9955E-05 0.164686 0.0117254 0.771061
9.9946E-05 9.9946E-05 0.09354 9.9946E-05 9.9946E-05 9.9946E-05 9.9946E-05 0.178922 0.054949 0.671989
0.0416712 9.9955E-05 0.0618162 9.9955E-05 9.9955E-05 9.9955E-05 9.9955E-05 0.342415 0.0884676 0.465131
9.9946E-05 0.0886446 0.0209494 9.9946E-05 9.9946E-05 9.9946E-05 9.9946E-05 0.550964 9.9946E-05 0.338843
9.9946E-05 9.9946E-05 0.0339949 9.9946E-05 9.9946E-05 9.9946E-05 9.9946E-05 0.406109 0.0386001 0.520697
0.00101812 0.00170511 0.0560043 9.9964E-05 9.9964E-05 9.9964E-05 9.9964E-05 0.152578 0.109786 0.678509
9.9946E-05 9.9946E-05 9.9946E-05 9.9946E-05 0.00881985 9.9946E-05 0.018876 9.9946E-05 0.0348808 0.936824
9.999E-05 0.0431286 0.00186319 0.0308678 0.0106672 0.0359707 0.00262214 0.39951 0.0498429 0.425427
0.0307124 0.0671962 0.0254261 0.033212 0.146197 9.9973E-05 9.9973E-05 0.372669 9.9973E-05 0.324288
9.9964E-05 9.9964E-05 0.000957722 9.9964E-05 9.9964E-05 0.0847738 0.0534384 0.542817 0.0521002 0.265513
0.00634726 9.9955E-05 0.0465429 9.9955E-05 9.9955E-05 9.9955E-05 9.9955E-05 0.129461 0.0534917 0.763658
9.9982E-05 0.00616786 0.0559401 0.046945 0.0256093 9.9982E-05 0.00840346 0.626026 0.0925104 0.138198
9.9955E-05 0.0373195 0.0200663 9.9955E-05 9.9955E-05 9.9955E-05 9.9955E-05 0.433952 0.0342068 0.473956
9.9946E-05 9.9946E-05 0.00863465 9.9946E-05 9.9946E-05 9.9946E-05 9.9946E-05 0.123315 0.0749253 0.792526
9.9946E-05 9.9946E-05 0.0552582 9.9946E-05 9.9946E-05 9.9946E-05 9.9946E-05 0.133672 0.0372323 0.773238
9.9955E-05 9.9955E-05 0.00177087 9.9955E-05 0.0662472 9.9955E-05 9.9955E-05 0.121809 0.00452522 0.805147
9.9937E-05 9.9937E-05 0.0202194 9.9937E-05 9.9937E-05 9.9937E-05 9.9937E-05 0.0840493 0.895032 9.9937E-05
9.9946E-05 9.9946E-05 0.0199122 0.00136075 9.9946E-05 9.9946E-05 9.9946E-05 0.107174 0.870954 9.9946E-05
0.0289823 0.00582117 0.0652947 9.9964E-05 9.9964E-05 9.9964E-05 0.00283726 0.0933898 0.803275 9.9964E-05
0.0651752 0.0322807 0.0145213 9.9964E-05 9.9964E-05 9.9964E-05 0.000524895 0.154681 0.732417 9.9964E-05
0.00622655 9.9973E-05 9.9973E-05 9.9973E-05 0.154533 0.215999 0.0390937 0.492773 0.0780414 0.0130332
9.9973E-05 0.0312036 0.036327 9.9973E-05 9.9973E-05 0.249473 0.0495898 0.476236 0.0703268 0.0865433
9.9973E-05 9.9973E-05 0.00635549 0.00335881 0.0462134 0.380954 0.00466139 0.538519 0.0196381 9.9973E-05
9.9964E-05 9.9964E-05 9.9964E-05 0.00858735 9.9964E-05 0.00639846 0.156788 0.132631 0.0291678 0.666028
9.9973E-05 0.0415272 0.0317639 0.0367124 0.0337072 0.617997 0.000440821 0.237552 9.9973E-05 9.9973E-05
9.9973E-05 0.0198983 0.0425355 9.9973E-05 9.9973E-05 0.190721 0.031991 0.543345 0.0313245 0.139885
0.00876444 9.9955E-05 9.9955E-05 9.9955E-05 0.0953794 0.21649 9.9955E-05 0.649401 0.0294663 9.9955E-05
9.9964E-05 9.9964E-05 0.0072563 9.9964E-05 0.354323 9.9964E-05 0.0318744 0.534134 0.0661337 0.00587869
9.999E-05 0.0108962 0.0237167 0.0292249 0.153756 0.0461019 0.0341893 0.576709 0.0737673 0.0515389
9.9955E-05 9.9955E-05 9.9955E-05 9.9955E-05 9.9955E-05 0.616391 0.0725194 0.163322 0.0294775 0.11779
0.0484296 0.00474634 0.0115924 0.00526873 0.301789 9.9991E-05 0.0125028 0.574361 0.0210256 0.0201848
9.9991E-05 0.0189656 0.0230306 0.00103447 0.00257925 0.231549 0.0227812 0.606524 0.0743903 0.0190457
0.00447241 9.99992E-05 0.0340258 0.02403 0.10028 0.129462 0.0140883 0.568188 0.122982 0.00237117
0.0228012 9.9946E-05 9.9946E-05 0.0699366 9.9946E-05 0.572891 9.9946E-05 0.333771 9.9946E-05 9.9946E-05
0.0373832 0.0558095 9.9964E-05 9.9964E-05 9.9964E-05 0.261894 0.000789202 0.576621 0.067103 9.9964E-05
0.0916001 9.9982E-05 0.0217634 0.0671987 0.0220408 0.170776 0.0544514 0.490741 0.0812289 9.9982E-05
9.9946E-05 0.0787209 9.9946E-05 0.0109861 0.155918 0.753776 9.9946E-05 9.9946E-05 9.9946E-05 9.9946E-05
9.9964E-05 9.9964E-05 9.9964E-05 0.000746783 0.0694762 0.0584223 0.29013 0.168268 9.9964E-05 0.412556
0.0489396 0.0792129 9.9973E-05 0.11011 0.1103 0.0950999 9.9973E-05 0.0984956 9.9973E-05 0.457542
0.056882 0.0744031 9.9982E-05 0.0406427 9.9982E-05 0.00539655 0.105959 0.588899 0.0109306 0.116688
9.9991E-05 0.0367724 0.0619614 0.078281 0.000713204 0.0533109 0.0335915 0.577579 0.0431949 0.114495
0.023441 0.0661408 0.0160215 0.0533203 0.0136533 9.9982E-05 9.9982E-05 0.61689 0.0589299 0.151403
0.0101052 0.0170964 9.9973E-05 9.9973E-05 9.9973E-05 0.0753611 0.232727 0.168346 0.109056 0.387008
0.00391876 0.0282849 9.9982E-05 9.9982E-05 0.00254514 0.0119901 0.117571 0.530953 0.00835041 0.296188
9.999E-05 0.00426785 0.0621921 0.0127254 0.031855 0.0821397 0.0351168 0.570394 0.0907144 0.110495
9.9982E-05 9.9982E-05 0.0281818 0.0391067 0.0660281 0.0300875 0.0938303 0.38222 0.110504 0.249842
9.9973E-05 9.9973E-05 0.00486139 9.9973E-05 0.0712296 0.0230571 0.100271 0.0708524 0.155288 0.57414
9.9991E-05 0.0507493 0.0154523 0.0573021 0.0213081 0.0484877 0.0584033 0.51964 0.0781275 0.150429
0.0217754 0.0475303 9.9991E-05 0.0308223 0.0116453 0.0546977 0.0753884 0.471481 0.059796 0.226763
9.9973E-05 0.00341066 9.9973E-05 9.9973E-05 0.0852306 0.0474843 0.108416 0.0251716 0.0773713 0.652615
9.9964E-05 0.0134278 9.9964E-05 9.9964E-05 9.9964E-05 0.0678203 0.108151 0.425713 0.00304467 0.381443
0.0482877 0.0347812 0.0177502 0.105519 9.9991E-05 0.0623715 0.0175613 0.564257 0.00778015 0.141592
0.000151751 0.0396043 9.99864E-05 9.99864E-05 0.0338112 0.00476684 0.0147468 0.64766 0.079774 0.179285
9.9991E-05 0.00754727 0.0582478 0.00650572 0.0188977 0.0677133 0.0546055 0.193231 0.100373 0.492779
9.999E-05 0.0199428 0.0465718 0.0622397 0.0176116 0.051996 0.0611999 0.456167 0.033035 0.251136
0.00363916 0.0447434 0.00269442 0.0601415 9.9991E-05 0.0740259 0.0161201 0.585256 0.0174645 0.195815
9.9982E-05 0.0178786 9.9982E-05 0.00735456 0.0117474 0.0457803 0.141909 0.182618 0.0647077 0.527804
9.9946E-05 9.9946E-05 9.9946E-05 9.9946E-05 9.9946E-05 0.437466 0.0389273 0.51055 0.0124568 9.9946E-05
9.9955E-05 9.9955E-05 9.9955E-05 9.9955E-05 9.9955E-05 0.656129 0.0302184 0.240917 0.0353211 0.0369151
0.0719262 9.9973E-05 9.9973E-05 0.0372293 9.9973E-05 0.192299 0.0620496 0.506411 0.0902612 0.0395233
0.0403217 0.00932227 9.9955E-05 0.0612202 0.0180525 0.870584 9.9955E-05 9.9955E-05 9.9955E-05 9.9955E-05
9.9937E-05 9.9937E-05 9.9937E-05 0.0466041 0.0780744 0.874622 9.9937E-05 9.9937E-05 9.9937E-05 9.9937E-05
0.0122264 9.9946E-05 9.9946E-05 0.00248231 9.9946E-05 0.724445 9.9946E-05 0.260247 9.9946E-05 9.9946E-05
9.9955E-05 9.9955E-05 9.9955E-05 9.9955E-05 9.9955E-05 0.422373 0.0427147 0.488407 0.0220894 0.0239161
9.9991E-05 0.0430573 0.0490975 0.0132404 0.0382965 0.121605 0.113519 0.511776 0.102466 0.00684216
0.0284463 9.9955E-05 0.00552154 9.9955E-05 9.9955E-05 0.451495 9.9955E-05 0.486801 9.9955E-05 0.0272364
9.9955E-05 9.9955E-05 9.9955E-05 9.9955E-05 9.9955E-05 0.568092 0.136395 0.18042 0.0256988 0.088895
9.9946E-05 9.9946E-05 9.9946E-05 9.9946E-05 9.9946E-05 0.510671 0.103253 0.303311 9.9946E-05 0.0821647
9.9982E-05 0.00224737 0.0387315 9.9982E-05 0.0143307 0.263792 0.0497152 0.514644 0.104613 0.0117261
9.9955E-05 9.9955E-05 9.9955E-05 9.9955E-05 9.9955E-05 0.51639 0.01969 0.346055 0.0567171 0.0606479
9.9955E-05 9.9955E-05 9.9955E-05 9.9955E-05 9.9955E-05 0.406468 0.0780685 0.470516 0.0271981 0.0172499
9.9946E-05 0.0351003 9.9946E-05 0.0457589 9.9946E-05 0.437978 9.9946E-05 0.480564 9.9946E-05 9.9946E-05
9.9946E-05 0.0807963 9.9946E-05 0.098335 0.0654663 0.754803 9.9946E-05 9.9946E-05 9.9946E-05 9.9946E-05
0.0252239 9.9973E-05 0.00372115 0.00393172 0.0342508 0.244992 9.9973E-05 0.630728 0.0568521 9.9973E-05
0.015569 0.0179878 9.9955E-05 9.9955E-05 9.9955E-05 9.9955E-05 0.0485551 0.0961847 0.821204 9.9955E-05
0.0446087 0.0255342 9.9946E-05 9.9946E-05 9.9946E-05 9.9946E-05 9.9946E-05 0.0474986 0.881759 9.9946E-05
0.095984 0.0103315 0.0108827 9.9964E-05 9.9964E-05 9.9964E-05 9.9964E-05 0.0629256 0.815731 0.00374526
9.9946E-05 0.0200305 0.0521797 9.9946E-05 9.9946E-05 9.9946E-05 9.9946E-05 0.0100636 0.917127 9.9946E-05
0.0277508 9.9955E-05 0.0201218 0.00832132 9.9955E-05 9.9955E-05 9.9955E-05 9.9955E-05 0.92557 0.0177367
9.9955E-05 0.0177398 0.0553057 0.00571348 9.9955E-05 9.9955E-05 9.9955E-05 0.0674033 0.853338 9.9955E-05
0.00240228 9.9937E-05 9.9937E-05 9.9937E-05 9.9937E-05 9.9937E-05 9.9937E-05 0.0790001 0.917898 9.9937E-05
9.9982E-05 0.0297617 0.0843196 0.0210538 9.9982E-05 0.195706 0.0661154 0.522541 0.0518789 0.0284238
0.0248531 0.0439467 0.0486007 0.0175289 0.00220837 0.173429 0.0216793 0.55027 0.0815818 0.0359022
9.9955E-05 9.9955E-05 9.9955E-05 9.9955E-05 9.9955E-05 0.655796 0.0997347 0.0667321 0.0504009 0.126837
0.0442019 0.0338451 0.0243451 9.9982E-05 9.9982E-05 0.166247 0.043527 0.587961 0.0393073 0.0603655
9.9955E-05 9.9955E-05 9.9955E-05 9.9955E-05 9.9955E-05 0.417811 0.0842001 0.396151 0.0282337 0.0731049
9.9955E-05 0.017834 9.9955E-05 9.9955E-05 9.9955E-05 0.298996 0.0397067 0.578126 0.0648374 9.9955E-05
0.00820016 0.00301751 0.0179699 0.0309608 0.083992 0.224177 0.0470159 0.551982 0.0325847 9.9991E-05
0.043997 0.00356609 9.9973E-05 0.0390517 9.9973E-05 0.378163 9.9973E-05 0.483772 0.0394614 0.0116882
9.9955E-05 9.9955E-05 9.9955E-05 9.9955E-05 9.9955E-05 0.627256 0.134875 0.0301874 0.0493975 0.157784
0.0459854 9.9982E-05 0.0417851 0.058526 0.00459775 0.182186 0.0982246 0.493099 0.0753964 9.9982E-05
0.0288124 0.0248843 0.0601282 9.9991E-05 0.0541465 0.124164 0.0522452 0.586484 0.0175632 0.0514725
9.9991E-05 0.057813 0.00036684 0.0321157 0.0318955 0.10126 0.0424799 0.60572 0.0924702 0.0357791
0.029902 0.0206841 0.0202575 0.0683408 0.103132 0.499457 9.9982E-05 0.230814 9.9982E-05 0.0272127
9.9964E-05 0.00627633 0.0410422 0.114717 0.00282267 0.392147 9.9964E-05 0.442595 9.9964E-05 9.9964E-05
9.9955E-05 9.9955E-05 9.9955E-05 9.9955E-05 9.9955E-05 0.370837 0.0545337 0.470639 0.0446179 0.0588724
9.9946E-05 9.9946E-05 0.0234268 0.0908384 9.9946E-05 0.525719 9.9946E-05 0.359416 9.9946E-05 9.9946E-05
0.00717193 9.9955E-05 9.9955E-05 9.9955E-05 9.9955E-05 0.341303 0.111079 0.495177 0.0447691 9.9955E-05
0.0251686 0.0245007 0.0520783 9.9991E-05 0.0974986 0.137986 0.0731459 0.480626 0.0159199 0.0929761
0.0872218 0.0604508 0.00265416 0.180074 9.9982E-05 0.0178467 0.132302 0.226263 9.9982E-05 0.292987
0.0242455 9.9964E-05 9.9964E-05 9.9964E-05 0.109002 9.9964E-05 0.215638 0.383623 0.0612559 0.205836
0.0242305 0.0269727 0.00110186 0.0722683 0.0547216 9.9991E-05 0.0593465 0.543034 0.1319 0.0863243
0.0369861 0.0165908 0.0117857 0.00966657 0.071364 0.048965 0.0820877 0.526634 0.0884398 0.10748
0.0567994 9.9973E-05 9.9973E-05 9.9973E-05 0.0266674 0.0365373 0.194951 0.418014 0.00233034 0.2644
0.0197355 0.00877334 0.0327252 0.0247668 0.0399442 9.9991E-05 0.156811 0.541778 0.0151299 0.160236
9.9946E-05 9.9946E-05 9.9946E-05 9.9946E-05 9.9946E-05 9.9946E-05 0.241943 0.42322 0.0316638 0.302573
0.0664662 0.0460571 9.9991E-05 0.0937683 0.00954267 0.0475585 0.0791294 0.500038 0.0219505 0.13539
0.0857235 0.0564519 0.00106365 0.0232858 9.9982E-05 9.9982E-05 0.0767421 0.615333 0.00892749 0.132272
0.0243038 9.9973E-05 9.9973E-05 0.0233191 0.0773982 9.9973E-05 0.13115 0.542997 0.0485991 0.151933
0.0184993 9.9982E-05 9.9982E-05 0.00441056 0.0100142 0.0123547 0.178389 0.544379 0.0441866 0.187567
0.0768263 9.9991E-05 0.00637498 0.067089 0.0497639 0.0490122 0.0654757 0.555169 0.0419769 0.0882124
0.072736 0.092885 9.9982E-05 0.0381868 0.026416 9.9982E-05 0.086927 0.564825 0.077018 0.0408066
9.9982E-05 0.020831 0.0630485 0.088023 0.0122741 0.0234703 0.10141 0.535056 9.9982E-05 0.155687
0.0408176 9.9991E-05 0.0659208 0.0921026 0.0216391 0.0571084 0.0983517 0.537508 0.0698631 0.0165889
0.048967 9.9973E-05 0.02015 0.120661 9.9973E-05 0.0489751 0.0904266 0.563387 9.9973E-05 0.107133
0.161957 0.032526 9.9991E-05 0.109495 0.0706908 0.0101342 0.10168 0.241113 0.0432864 0.229017
0.11714 0.0398257 9.9991E-05 0.0393575 0.00780643 0.0438258 0.0858318 0.543686 0.00737253 0.115055
0.0613001 0.0509168 9.9973E-05 0.0538121 9.9973E-05 0.0339516 0.0965263 0.605298 9.9973E-05 0.0978952
0.0052715 9.9982E-05 9.9982E-05 0.00742635 0.0121517 0.064922 0.252554 0.200177 0.0397178 0.41758
0.0602396 0.0412597 0.0072924 0.210916 0.0761107 0.0346668 0.0377481 0.0472391 9.9991E-05 0.484428
9.9982E-05 9.9982E-05 0.034508 0.00858315 0.0104809 0.0759841 0.103423 0.483956 0.0559989 0.226866
0.0120807 0.0363794 9.9973E-05 0.22477 0.118415 0.078216 0.0848338 9.9973E-05 9.9973E-05 0.445005
9.9946E-05 9.9946E-05 9.9946E-05 0.00553697 9.9946E-05 9.9946E-05 0.17231 0.294528 9.9946E-05 0.527025
9.9964E-05 9.9964E-05 9.9964E-05 0.00192829 0.00848264 0.010408 0.164009 0.389398 9.9964E-05 0.425374
9.9955E-05 0.0234912 9.9955E-05 9.9955E-05 9.9955E-05 0.0787302 0.20135 0.322361 9.9955E-05 0.373567
9.9955E-05 9.9955E-05 9.9955E-05 0.0335572 0.0136538 9.9955E-05 0.220541 0.334629 9.9955E-05 0.397119
0.0061238 0.0105683 0.0343513 9.9991E-05 0.0745697 0.0189407 0.0788897 0.537982 0.0423562 0.196118
0.0740564 0.0726019 0.0259021 0.058178 9.9991E-05 0.000789245 0.0787014 0.497639 0.0346377 0.157394
9.9982E-05 0.0118186 0.0118772 0.0492399 0.021411 9.9982E-05 0.116412 0.565604 0.0413762 0.182061
0.0780799 9.9973E-05 9.9973E-05 0.072349 0.0820413 0.0914603 0.0389575 0.0805716 9.9973E-05 0.55624
0.0878827 9.9991E-05 0.0146684 0.0335001 0.0939813 0.0181541 0.0422567 0.473564 0.135039 0.100854
9.9982E-05 0.0829959 0.0479893 0.092019 0.171641 0.0485853 0.0416323 0.458593 9.9982E-05 0.0563439
9.9973E-05 0.207832 9.9973E-05 0.111622 0.411669 0.122035 0.0164822 9.9973E-05 0.0170804 0.112979
9.9973E-05 0.0763181 0.0429544 9.9973E-05 0.134818 0.0180473 9.9973E-05 0.608386 0.0397386 0.0794374
9.9991E-05 0.0838666 0.0312504 0.103188 0.230472 0.104136 0.00146074 0.250797 0.0620526 0.132677
0.0551773 0.0982357 9.9982E-05 0.0647018 0.131046 9.9982E-05 0.0577758 0.52731 0.0516124 0.0139415
9.9973E-05 0.144026 9.9973E-05 0.0541722 0.340041 0.0503721 0.0943305 0.233007 9.9973E-05 0.0837513
9.9973E-05 0.14437 9.9973E-05 0.113195 0.374133 0.105363 0.112277 0.0366777 9.9973E-05 0.113683
0.0511207 0.0387851 9.9991E-05 0.103028 0.237269 0.0560489 0.0788329 0.348904 0.0105701 0.0753413
0.0341796 0.126634 0.0244378 0.0377 0.0494634 0.0347217 0.0627406 0.472161 0.0562856 0.101676
0.0468564 0.0728248 9.9991E-05 0.0360477 0.130341 0.0724241 0.0152315 0.411196 0.138235 0.0767439
9.9973E-05 0.139905 0.0442641 0.109142 0.180315 0.161109 9.9973E-05 0.0380412 9.9973E-05 0.326924
0.058226 0.058297 0.0438249 0.0770635 0.0820709 9.9991E-05 0.0425973 0.500532 0.031103 0.106186
9.9964E-05 0.05867 9.9964E-05 0.137659 0.316121 0.075867 9.9964E-05 0.25198 9.9964E-05 0.159304
9.9973E-05 0.0922081 9.9973E-05 0.103583 0.210426 0.0964168 0.0439016 0.413097 9.9973E-05 0.0400678
0.00467762 0.103656 0.0521827 0.00264603 0.141304 0.0552919 0.0188136 0.529535 0.0390288 0.0528641
0.2545 0.125644 0.0834592 9.9982E-05 0.162116 9.9982E-05 0.0186156 0.0643118 0.261385 0.0297675
0.208573 0.331555 9.9946E-05 9.9946E-05 0.169772 9.9946E-05 9.9946E-05 9.9946E-05 0.2895 9.9946E-05
0.0422217 0.388166 0.0597154 0.00242254 0.183191 9.9964E-05 9.9964E-05 9.9964E-05 0.323883 9.9964E-05
0.296892 0.164722 0.0892208 9.9982E-05 0.175493 9.9982E-05 0.00610389 0.0314548 0.225773 0.010139
9.9955E-05 9.9955E-05 9.9955E-05 0.0431189 0.266688 0.0588972 9.9955E-05 0.552747 9.9955E-05 0.0780492
9.9991E-05 0.0575984 0.0144592 0.0425003 0.0761383 0.0458509 0.0383517 0.634273 0.0499442 0.0407837
0.0123894 9.9946E-05 0.616696 9.9946E-05 9.9946E-05 9.9946E-05 0.0287918 0.341523 9.9946E-05 9.9946E-05
9.9964E-05 9.9964E-05 0.459479 9.9964E-05 9.9964E-05 0.0310332 0.0114946 0.377646 0.014898 0.10505
0.050353 0.0153354 0.334297 0.0202392 9.9991E-05 0.0263472 0.0311595 0.38507 0.0812986 0.0557999
9.9973E-05 0.0185734 0.0367941 0.179525 0.430303 0.028981 9.9973E-05 0.184534 9.9973E-05 0.12099
9.9991E-05 0.0683744 0.0511986 0.0482333 0.143516 0.0242645 0.0515688 0.481791 0.0346018 0.0963516
9.9955E-05 9.9955E-05 9.9955E-05 0.10809 0.509669 0.00171582 9.9955E-05 0.179989 9.9955E-05 0.200035
9.9982E-05 0.0432583 9.9982E-05 0.0917929 0.223762 0.0169026 0.00396081 0.550976 0.0497615 0.0193858
0.0407689 0.0527387 9.9973E-05 0.125321 0.293456 9.9973E-05 0.00279066 0.441394 9.9973E-05 0.0432314
0.0342346 0.00507225 0.00131877 0.0906173 0.345571 9.9964E-05 9.9964E-05 0.522786 9.9964E-05 9.9964E-05
9.9973E-05 0.0334434 0.0192791 0.128536 0.59141 0.0364675 9.9973E-05 0.107829 9.9973E-05 0.0827348
0.00177179 0.00882202 9.9982E-05 0.00328395 0.232891 0.0408253 0.0150916 0.663446 0.0336678 9.9982E-05
0.0532399 0.0372483 9.9991E-05 0.0716151 0.137849 0.0669681 0.00429436 0.548438 0.0735385 0.00670916
9.9946E-05 9.9946E-05 0.936643 9.9946E-05 0.0269021 9.9946E-05 9.9946E-05 0.0324793 0.00337636 9.9946E-05
9.9937E-05 9.9937E-05 0.897267 0.0326012 9.9937E-05 9.9937E-05 9.9937E-05 0.0694327 9.9937E-05 9.9937E-05
0.0156884 9.9964E-05 0.535057 9.9964E-05 9.9964E-05 0.0242673 9.9964E-05 0.284262 0.0418239 0.0985015
0.025518 9.9964E-05 0.598544 0.00178894 9.9964E-05 9.9964E-05 0.024275 0.347875 0.00159875 9.9964E-05
0.0227356 9.9964E-05 0.784609 9.9964E-05 9.9964E-05 0.0341715 0.000634243 0.148382 9.9964E-05 0.00906792
9.99201E-05 9.99201E-05 0.999101 9.99201E-05 9.99201E-05 9.99201E-05 9.99201E-05 9.99201E-05 9.99201E-05 9.99201E-05
9.9946E-05 9.9946E-05 0.926518 0.00858379 9.9946E-05 9.9946E-05 0.0513183 0.0129807 9.9946E-05 9.9946E-05
9.9937E-05 9.9937E-05 0.816373 9.9937E-05 9.9937E-05 9.9937E-05 9.9937E-05 0.177275 9.9937E-05 0.00565177
9.9928E-05 9.9928E-05 0.942033 9.9928E-05 9.9928E-05 9.9928E-05 0.0571679 9.9928E-05 9.9928E-05 9.9928E-05
9.9928E-05 0.00469748 0.994503 9.9928E-05 9.9928E-05 9.9928E-05 9.9928E-05 9.9928E-05 9.9928E-05 9.9928E-05
9.99201E-05 9.99201E-05 0.999101 9.99201E-05 9.99201E-05 9.99201E-05 9.99201E-05 9.99201E-05 9.99201E-05 9.99201E-05
0.0622818 9.9946E-05 0.703778 9.9946E-05 0.0313939 9.9946E-05 9.9946E-05 0.201946 9.9946E-05 9.9946E-05
0.0259252 0.0331712 0.747218 9.9964E-05 9.9964E-05 9.9964E-05 0.0302729 0.135415 0.0275974 9.9964E-05
9.99201E-05 9.99201E-05 0.999101 9.99201E-05 9.99201E-05 9.99201E-05 9.99201E-05 9.99201E-05 9.99201E-05 9.99201E-05
0.101794 9.9982E-05 0.322333 9.9982E-05 0.0826692 0.00181192 0.0484327 0.314972 0.0838602 0.0439259
0.0167719 0.0115595 0.599554 9.9973E-05 9.9973E-05 9.9973E-05 0.0356217 0.294352 0.0379163 0.00392447
0.078324 0.00103049 0.714016 9.9955E-05 9.9955E-05 9.9955E-05 9.9955E-05 0.168058 0.038072 9.9955E-05
0.00438968 9.9955E-05 0.865955 9.9955E-05 9.9955E-05 0.0200823 9.9955E-05 0.0890015 0.020072 9.9955E-05
0.0213725 9.9928E-05 0.977828 9.9928E-05 9.9928E-05 9.9928E-05 9.9928E-05 9.9928E-05 9.9928E-05 9.9928E-05
0.038996 0.0228816 0.932868 9.9946E-05 9.9946E-05 9.9946E-05 9.9946E-05 0.00465428 9.9946E-05 9.9946E-05
9.9937E-05 0.000571539 0.986453 9.9937E-05 9.9937E-05 9.9937E-05 9.9937E-05 9.9937E-05 0.0122758 9.9937E-05
0.0391469 9.9973E-05 0.594778 0.00303337 9.9973E-05 0.0412099 0.0496399 0.219944 0.0519482 9.9973E-05
0.0268232 0.000188997 0.943212 9.9955E-05 9.9955E-05 9.9955E-05 9.9955E-05 9.9955E-05 0.0142648 0.015011
0.0570759 0.166327 9.9955E-05 0.0541634 0.543661 9.9955E-05 9.9955E-05 9.9955E-05 0.178273 9.9955E-05
0.0805555 0.0161268 0.0491584 9.9982E-05 0.304816 9.9982E-05 0.071605 0.304713 0.149871 0.0229543
0.119066 0.0514559 0.00161696 0.0114349 0.313422 9.9982E-05 0.00894731 0.40129 0.0925669 9.9982E-05
0.123421 0.0921746 0.0436997 9.9973E-05 0.499563 9.9973E-05 0.0196829 0.117307 0.103851 9.9973E-05
0.0888274 0.00671558 0.0635493 9.9982E-05 0.151505 0.0690391 9.9982E-05 0.452032 0.123069 0.0450631
0.183947 0.0670608 0.0346423 0.00717702 0.505945 9.9973E-05 9.9973E-05 9.9973E-05 0.129621 0.0713074
0.0969306 0.0683082 0.0806464 0.0703265 0.131421 9.9991E-05 0.0290823 0.35811 0.10514 0.059935
0.0787953 0.100721 0.0663608 9.9973E-05 0.359507 9.9973E-05 9.9973E-05 0.254619 0.123731 0.0159664
0.188468 0.0321516 9.9955E-05 9.9955E-05 0.246745 9.9955E-05 9.9955E-05 0.406943 0.125193 9.9955E-05
0.143821 0.024067 0.0707405 0.00781611 0.330909 9.9982E-05 9.9982E-05 0.282835 0.136093 0.00351778
0.0230542 0.0297154 0.134868 0.0120706 0.189945 0.0681987 0.00923192 0.385094 0.147722 9.9991E-05
9.9964E-05 0.0320326 0.00546474 9.9964E-05 0.0185365 9.9964E-05 0.0077152 0.0640368 0.871814 9.9964E-05
0.0156953 0.0274758 0.0656257 0.0186796 9.9964E-05 0.00695549 9.9964E-05 9.9964E-05 0.865168 9.9964E-05
9.9955E-05 0.0312383 0.0112389 9.9955E-05 9.9955E-05 9.9955E-05 0.0313928 0.0201672 0.905463 9.9955E-05
9.9937E-05 0.06427 9.9937E-05 9.9937E-05 9.9937E-05 0.017647 9.9937E-05 9.9937E-05 0.917383 9.9937E-05
9.9937E-05 9.9937E-05 9.9937E-05 9.9937E-05 9.9937E-05 9.9937E-05 9.9937E-05 0.0720922 0.888489 0.0387196
0.0666269 9.9928E-05 9.9928E-05 9.9928E-05 9.9928E-05 9.9928E-05 9.9928E-05 9.9928E-05 0.932574 9.9928E-05
9.9955E-05 0.000669062 0.0300616 9.9955E-05 9.9955E-05 9.9955E-05 0.0170402 0.0553489 0.896381 9.9955E-05
0.00693127 0.0421554 9.9955E-05 9.9955E-05 9.9955E-05 9.9955E-05 0.0372212 9.9955E-05 0.893206 0.0199868
9.9964E-05 0.0374357 0.0318213 9.9964E-05 0.0189982 0.0310979 9.9964E-05 9.9964E-05 0.860923 0.0193243
0.0247501 0.059207 0.014235 0.00323525 0.00638815 9.9982E-05 0.0136015 0.013357 0.865026 9.9982E-05
0.00280286 9.9982E-05 0.0041878 0.00127252 0.0582257 0.0697032 0.243734 9.9982E-05 0.577542 0.0423317
9.9973E-05 0.01601 9.9973E-05 0.0026192 0.0231778 0.0360225 0.272737 9.9973E-05 0.594558 0.0545752
9.9964E-05 0.00454096 9.9964E-05 9.9964E-05 0.03954 0.0885351 0.187201 9.9964E-05 0.534709 0.145074
9.9955E-05 9.9955E-05 9.9955E-05 9.9955E-05 0.138761 0.0225674 0.247268 9.9955E-05 0.433299 0.157604
9.9973E-05 0.0292206 0.00591509 9.9973E-05 9.9973E-05 0.244338 0.0722991 0.490601 0.0566793 0.100646
0.00851453 9.9982E-05 0.0281862 0.032713 9.9982E-05 0.322903 0.0338147 0.493076 0.0373689 0.0432238
9.9973E-05 9.9973E-05 0.0242214 0.0264897 9.9973E-05 0.185634 0.0701166 0.534913 0.0335027 0.124823
9.9964E-05 0.0146971 9.9964E-05 9.9964E-05 9.9964E-05 0.218992 0.162282 0.378586 0.0211826 0.20386
9.9955E-05 9.9955E-05 9.9955E-05 0.0345218 0.00559961 9.9955E-05 0.276306 0.181369 9.9955E-05 0.501704
9.9982E-05 0.0256406 0.0106763 0.0730279 9.9982E-05 0.124002 0.0311941 0.647857 0.00784987 0.0795526
9.9955E-05 9.9955E-05 9.9955E-05 0.0168379 9.9955E-05 0.235645 0.0952516 0.621716 9.9955E-05 0.0300499
9.9973E-05 0.0257492 9.9973E-05 0.0765152 0.0486753 0.290265 0.0288261 0.525447 0.00422186 9.9973E-05
0.0279115 9.9946E-05 9.9946E-05 0.0554129 9.9946E-05 0.517032 9.9946E-05 0.399044 9.9946E-05 9.9946E-05
0.0230723 0.0631569 0.0228244 0.0557013 9.9982E-05 0.156248 0.0668959 0.57608 0.0358208 9.9982E-05
9.9946E-05 9.9946E-05 9.9946E-05 9.9946E-05 9.9946E-05 0.427633 0.081536 0.457553 0.0326783 9.9946E-05
9.9937E-05 9.9937E-05 9.9937E-05 0.167421 0.0173955 0.814484 9.9937E-05 9.9937E-05 9.9937E-05 9.9937E-05
9.9982E-05 0.000282795 0.0303066 0.0189333 9.9982E-05 0.102039 0.0981636 0.569884 0.0449774 0.135213
9.9955E-05 0.0341141 9.9955E-05 0.0778819 0.094324 0.616006 9.9955E-05 0.177174 9.9955E-05 9.9955E-05
9.9982E-05 9.9982E-05 0.00825554 0.0392143 0.0274115 0.364333 0.0105749 0.517487 0.0271692 0.00535448
9.9955E-05 9.9955E-05 9.9955E-05 9.9955E-05 9.9955E-05 0.596608 0.10015 0.163713 0.0036018 0.135428
9.9937E-05 9.9937E-05 9.9937E-05 9.9937E-05 0.0958046 9.9937E-05 0.810773 9.9937E-05 0.0927225 9.9937E-05
9.9946E-05 9.9946E-05 9.9946E-05 9.9946E-05 0.096048 9.9946E-05 0.819398 0.0633259 0.020628 9.9946E-05
9.9946E-05 9.9946E-05 9.9946E-05 9.9946E-05 0.128304 9.9946E-05 0.836643 0.0150001 0.0194533 9.9946E-05
9.9946E-05 9.9946E-05 9.9946E-05 9.9946E-05 0.148161 0.0036776 0.791804 9.9946E-05 0.0557572 9.9946E-05
9.9937E-05 9.9937E-05 9.9937E-05 9.9937E-05 0.0778194 9.9937E-05 0.81935 0.102131 9.9937E-05 9.9937E-05
0.00532623 9.9955E-05 0.023489 9.9955E-05 0.114487 9.9955E-05 0.759602 0.0965961 9.9955E-05 9.9955E-05
0.00246841 9.9964E-05 0.0676311 9.9964E-05 9.9964E-05 0.0492582 0.0326267 0.0173687 0.830247 9.9964E-05
0.0326442 0.0497048 0.00311539 9.9973E-05 9.9973E-05 0.00814951 0.0158001 0.109671 0.780615 9.9973E-05
0.0487535 0.0255638 0.0243634 0.0247087 0.00137268 9.9982E-05 0.00694588 0.135854 0.732238 9.9982E-05
9.9955E-05 9.9955E-05 0.0837465 9.9955E-05 9.9955E-05 0.0470172 0.013904 0.0223481 0.832484 9.9955E-05
9.9964E-05 0.0279003 0.0645604 9.9964E-05 0.0193126 9.9964E-05 0.033137 0.112327 0.742362 9.9964E-05
0.0361345 9.9955E-05 9.9955E-05 9.9955E-05 0.0963296 0.00979273 0.514707 9.9955E-05 0.342536 9.9955E-05
0.0718367 9.9955E-05 9.9955E-05 0.0198151 0.0325146 9.9955E-05 0.517024 9.9955E-05 0.35831 9.9955E-05
0.0543802 0.00137305 9.9964E-05 0.0167849 0.0534739 9.9964E-05 0.494117 9.9964E-05 0.379471 9.9964E-05
9.99634E-05 9.99634E-05 0.0172951 0.0110745 9.99634E-05 9.99634E-05 9.99634E-05 0.0923885 0.846041 0.0327013
9.9964E-05 9.9964E-05 0.0202629 0.0461568 0.0410386 0.0119886 0.51472 9.9964E-05 0.365433 9.9964E-05
0.323838 0.145297 0.0874886 0.0281626 0.030521 9.9973E-05 9.9973E-05 0.243128 0.141264 9.9973E-05
0.114446 0.0652154 0.0986423 9.9982E-05 0.0102627 9.9982E-05 0.050134 0.555168 0.0930176 0.0129143
0.192652 9.9946E-05 0.138547 9.9946E-05 9.9946E-05 9.9946E-05 9.9946E-05 0.511146 0.157055 9.9946E-05
0.322779 0.0398946 0.0780385 9.9982E-05 0.0865772 0.0136229 9.9982E-05 0.247733 0.178379 0.0327758
0.139439 0.0337228 0.0115035 0.054004 0.0309114 0.0184595 0.00783549 0.492299 0.136625 0.0752006
0.400408 0.219725 0.0113751 0.00577084 0.0742003 9.9964E-05 9.9964E-05 9.9964E-05 0.288121 9.9964E-05
9.9973E-05 9.9973E-05 9.9973E-05 0.00838242 0.02574 0.0391103 0.18615 0.433428 0.0244686 0.282421
0.0402512 9.9973E-05 9.9973E-05 0.127401 0.0819652 0.055441 0.0522489 0.357502 9.9973E-05 0.284891
9.9964E-05 9.9964E-05 9.9964E-05 9.9964E-05 0.00882538 0.0152331 0.163079 0.26135 0.0164004 0.534712
9.9973E-05 9.9973E-05 0.00565993 0.152796 0.0341233 0.0516807 0.034134 0.48984 9.9973E-05 0.231466
9.9964E-05 0.00300849 9.9964E-05 0.323069 0.150586 0.0375147 0.0265974 9.9964E-05 9.9964E-05 0.458824
0.0410231 0.0249446 0.0103651 9.9991E-05 0.0247241 0.115764 0.0774889 0.563784 0.0542786 0.0875272
0.0290119 0.0404201 0.0118092 0.13424 0.0416353 0.0508811 0.0399499 0.505103 9.9991E-05 0.146849
9.9955E-05 9.9955E-05 9.9955E-05 9.9955E-05 0.0324412 9.9955E-05 0.175327 0.356226 0.0241158 0.41139
0.0601854 9.9982E-05 9.9982E-05 0.0253559 0.0697754 0.0343764 0.0545433 0.498515 0.0799035 0.177145
9.9964E-05 0.00295938 9.9964E-05 0.119773 0.159452 0.09392 9.9964E-05 0.0618261 9.9964E-05 0.56167
9.9973E-05 0.0249135 9.9973E-05 0.0909455 0.0732332 0.0488119 0.0696052 0.555632 9.9973E-05 0.136559
9.9982E-05 0.0143036 0.0142833 0.0386438 0.0282122 0.0249351 0.135111 0.475491 9.9982E-05 0.26882
0.151783 0.127241 0.00592882 0.00569244 0.0200035 0.0628517 0.024226 0.39647 0.0321668 0.173637
9.9964E-05 0.109494 9.9964E-05 0.116563 9.9964E-05 0.112742 0.0416285 0.302127 9.9964E-05 0.317045
0.0467479 0.0283071 9.9982E-05 0.0772042 0.0671847 0.0703784 0.0831716 0.352615 9.9982E-05 0.274191
9.9973E-05 0.0288524 9.9973E-05 0.0989635 0.019988 0.00145412 0.1024 0.584247 9.9973E-05 0.163795
9.9973E-05 0.0194055 9.9973E-05 0.0734649 0.0341407 0.10924 0.0463215 0.503518 9.9973E-05 0.21361
9.9982E-05 0.0539164 0.0456371 0.0771442 0.0489337 0.0511693 0.0478813 0.636325 9.9982E-05 0.0387933
9.9991E-05 0.0377442 0.0390508 0.0587887 0.0538902 0.0767188 0.0532492 0.54041 0.0960052 0.0440434
0.0139875 0.0386873 9.9991E-05 0.0292878 0.00541262 0.102762 0.0386155 0.530476 0.0822675 0.158404
9.9937E-05 9.9937E-05 0.0434246 9.9937E-05 9.9937E-05 9.9937E-05 9.9937E-05 0.116553 0.839323 9.9937E-05
9.9928E-05 9.9928E-05 9.9928E-05 9.9928E-05 9.9928E-05 9.9928E-05 9.9928E-05 0.131165 0.868035 9.9928E-05
9.9964E-05 0.0198059 0.0084816 9.9964E-05 0.0576459 9.9964E-05 0.0401864 0.0389116 0.834569 9.9964E-05
9.9964E-05 9.9964E-05 0.0438202 0.0086573 9.9964E-05 0.0244858 9.9964E-05 0.016182 0.901867 0.00458823
9.99281E-05 9.99281E-05 9.99281E-05 9.99281E-05 9.99281E-05 9.99281E-05 9.99281E-05 0.100112 0.899088 9.99281E-05
0.0281813 0.0311886 9.9973E-05 9.9973E-05 9.9973E-05 0.0136987 0.2167 0.0730959 0.0245639 0.612272
0.0492301 0.0429786 0.0300313 0.079028 0.0128712 0.0601352 0.0812838 0.472778 9.9991E-05 0.171564
0.232118 0.0014672 0.0661184 0.103632 0.0531123 0.00693272 0.0526369 0.363981 0.119901 9.9991E-05
9.9982E-05 9.9982E-05 0.0382508 0.00397227 0.00200559 0.0239499 0.086604 0.611467 0.0292804 0.20427
0.000885359 0.0112797 9.9964E-05 9.9964E-05 9.9964E-05 9.9964E-05 0.0868543 0.508586 0.0256222 0.366373
9.9973E-05 0.12136 9.9973E-05 0.112555 0.0514522 0.0364065 0.0396588 0.262443 9.9973E-05 0.375824
9.9937E-05 9.9937E-05 9.9937E-05 9.9937E-05 9.9937E-05 9.9937E-05 0.251781 9.9937E-05 0.0898332 0.657687
0.0326495 9.9973E-05 0.0101645 9.9973E-05 9.9973E-05 0.00600776 0.205306 0.435722 0.0530789 0.256772
9.9955E-05 9.9955E-05 0.0571607 9.9955E-05 9.9955E-05 9.9955E-05 0.255095 0.208858 0.0298231 0.448563
0.0196444 9.9991E-05 0.0312985 0.0496479 0.0964114 0.130898 0.111635 0.437682 0.0289164 0.0937659
9.9964E-05 0.00704094 9.9964E-05 0.0207789 9.9964E-05 9.9964E-05 0.223578 0.112766 0.0743125 0.561124
9.9955E-05 9.9955E-05 0.0503407 9.9955E-05 9.9955E-05 9.9955E-05 0.122702 0.506012 0.0637674 0.256678
9.9964E-05 9.9964E-05 9.9964E-05 9.9964E-05 0.0208414 0.00436236 0.142363 0.122378 0.0728565 0.636799
0.155032 9.9973E-05 9.9973E-05 0.0689057 0.0670863 0.0885331 0.0268196 0.163862 9.9973E-05 0.429461
0.0414411 0.043435 9.9982E-05 0.11374 0.169622 9.9982E-05 0.0658336 0.489232 0.03906 0.037437
9.9955E-05 9.9955E-05 9.9955E-05 0.110662 0.493774 9.9955E-05 0.0122043 0.259411 9.9955E-05 0.123449
0.0160808 0.00777571 0.0104809 0.0139014 0.386181 0.0176282 0.0175714 0.507143 0.0231377 9.9991E-05
9.9973E-05 0.0640376 9.9973E-05 9.9973E-05 0.156629 0.0478726 0.0319264 0.549944 0.0811392 0.0681508
9.9973E-05 0.0418853 9.9973E-05 0.0441866 0.564227 0.089638 0.00104473 0.200136 9.9973E-05 0.0585824
9.9982E-05 9.9982E-05 0.0398263 0.059415 0.17342 0.0775641 0.0367697 0.497768 0.0648286 0.0502082
9.9973E-05 0.0120794 9.9973E-05 0.076321 0.295975 0.0312574 0.0627632 0.484269 0.0370348 9.9973E-05
9.9973E-05 0.0187824 9.9973E-05 0.171342 0.542639 0.124618 0.00430986 0.0636683 9.9973E-05 0.0743401
9.9964E-05 0.0246354 9.9964E-05 0.0723718 0.687539 0.0473527 0.0362894 0.131412 9.9964E-05 9.9964E-05
9.9964E-05 9.9964E-05 9.9964E-05 0.0533507 0.405019 0.0465973 0.0266173 0.413802 9.9964E-05 0.0542142
9.9955E-05 9.9955E-05 9.9955E-05 0.161953 0.622522 0.155191 0.0590907 0.000743111 9.9955E-05 9.9955E-05
9.9964E-05 9.9964E-05 9.9964E-05 0.0378915 0.368107 0.0628023 0.0580262 0.400332 9.9964E-05 0.072441
9.9964E-05 9.9964E-05 0.00778499 9.9964E-05 9.9964E-05 0.00605726 0.196093 0.11991 0.0118224 0.657933
0.0976089 0.0087056 9.9964E-05 0.210662 9.9964E-05 9.9964E-05 0.00600686 0.113293 9.9964E-05 0.563324
0.0854332 9.9973E-05 0.0104829 0.00784805 9.9973E-05 9.9973E-05 0.189656 0.331402 0.0206643 0.354214
0.129121 0.0166831 9.9973E-05 9.9973E-05 9.9973E-05 0.0399723 0.113313 0.484043 0.00368802 0.21288
0.0437774 9.9955E-05 9.9955E-05 9.9955E-05 9.9955E-05 0.086799 0.233841 0.159757 9.9955E-05 0.475326
0.133033 0.053468 9.9991E-05 0.0140904 0.015889 0.0549325 0.0693885 0.461072 0.00277487 0.195253
9.9982E-05 0.0421819 0.0579965 0.0045651 9.9982E-05 0.073791 0.112261 0.532139 0.04899 0.127875
0.0702154 0.0257962 0.0107196 0.032914 9.9982E-05 0.0488398 0.076388 0.449171 9.9982E-05 0.285756
0.0785881 0.0192412 0.0286077 0.0147037 9.9991E-05 0.0253388 0.114854 0.451187 0.0217262 0.245653
0.00403925 9.9964E-05 0.0442669 9.9964E-05 9.9964E-05 9.9964E-05 0.220331 0.444249 0.00786996 0.278843
9.9955E-05 9.9955E-05 0.0266535 9.9955E-05 9.9955E-05 0.0446431 0.208174 0.228172 9.9955E-05 0.491857
9.9955E-05 9.9955E-05 0.0441468 9.9955E-05 9.9955E-05 0.0177056 0.231659 0.376508 9.9955E-05 0.329482
0.08146 0.0211154 9.9973E-05 0.0522992 9.9973E-05 0.0441352 0.0924126 0.543587 9.9973E-05 0.164691
0.00771064 0.0298049 0.0694461 9.9991E-05 0.0919519 0.0302556 0.0574032 0.517227 0.0425223 0.153578
0.169 0.0565519 9.9973E-05 0.0473243 9.9973E-05 0.0739959 0.0603889 0.258591 9.9973E-05 0.333847
0.0522137 9.9982E-05 0.0639981 0.0820218 0.00653643 0.0530855 0.100291 0.402732 9.9982E-05 0.238922
9.9971E-05 0.0187341 0.0360153 9.9971E-05 9.9971E-05 0.0272312 0.22229 0.344264 9.9971E-05 0.351065
0.0500779 0.000799644 9.9982E-05 0.0011113 9.9982E-05 0.0306343 0.0617381 0.538595 0.0180958 0.298748
9.9982E-05 0.00286064 0.0894622 0.0365839 9.9982E-05 0.0348557 0.11636 0.414586 0.00452662 0.300565
9.9982E-05 0.0258102 9.9982E-05 0.061476 0.0875422 0.0466354 0.0423247 0.536826 0.13596 0.0632255
0.122336 0.0482922 0.0595088 9.9973E-05 9.9973E-05 0.00598123 9.9973E-05 0.408547 0.280399 0.0746355
0.175538 0.119796 0.0356358 0.0152199 9.9982E-05 9.9982E-05 0.0293571 0.49375 0.046082 0.0844219
0.145168 0.0771487 0.0308861 0.0160538 0.0446232 0.0276884 0.0396893 0.416925 0.0916541 0.110164
0.197926 0.0701243 0.0358429 0.0277876 0.0395232 0.0318503 0.0507443 0.473765 0.0468824 0.025554
0.295183 0.0791808 0.00414764 0.0211002 0.0320523 0.0394197 9.9991E-05 0.381617 0.105185 0.0420143
9.9964E-05 9.9964E-05 9.9964E-05 0.168691 0.0875754 0.0167751 0.0650674 0.456879 9.9964E-05 0.204612
0.122531 0.0368668 0.0790274 9.9982E-05 0.0289119 0.111897 0.0511209 0.44696 0.122485 9.9982E-05
0.138587 0.174534 0.0745078 0.0646489 0.140277 0.0129428 9.9982E-05 9.9982E-05 0.108697 0.285605
0.142537 0.0910357 0.0521772 9.9982E-05 0.0330446 9.9982E-05 0.0217444 0.471579 0.0624307 0.125251
0.12928 0.0598902 0.0913884 0.00350091 9.9991E-05 0.0410711 0.024855 0.481247 0.114555 0.0541125
0.0507684 0.0630173 0.118753 0.0199866 0.0347883 0.0917333 9.9991E-05 0.500379 0.0844996 0.0359738
0.158874 0.155102 9.9973E-05 0.0882175 0.0806127 9.9973E-05 9.9973E-05 0.253931 0.087871 0.175092
0.114376 0.0736817 0.0671183 9.9973E-05 0.0354871 9.9973E-05 9.9973E-05 0.50045 0.12596 0.0826265
0.190708 0.0672842 0.0179773 0.071118 0.0104258 9.9991E-05 0.0289714 0.48698 0.0875193 0.0389158
0.156251 0.407032 9.9964E-05 9.9964E-05 0.092965 0.00597014 9.9964E-05 9.9964E-05 0.304547 0.0328353
0.0579366 0.0312496 0.0859294 0.0250799 0.0161668 9.9991E-05 0.054152 0.523499 0.180616 0.025271
0.108301 0.0557114 0.0779179 0.0453449 0.0746116 9.9982E-05 9.9982E-05 0.523276 0.111199 0.00343936
0.0367452 0.0644331 0.0708493 0.0761489 0.00026654 9.9982E-05 9.9982E-05 0.585516 0.101382 0.0644598
0.175922 0.114299 0.085121 0.0447389 9.9964E-05 9.9964E-05 9.9964E-05 0.485657 0.0938622 9.9964E-05
0.0326929 0.0309653 0.0861455 0.00465196 0.0609245 0.0180455 9.9991E-05 0.517225 0.201263 0.0479863
9.9964E-05 9.9964E-05 0.0124907 0.41499 9.9964E-05 0.0670124 0.0286561 0.431102 0.0453485 9.9964E-05
0.0185959 0.0235947 0.0415081 0.225976 0.0472119 0.0513514 9.9991E-05 0.45374 0.0631121 0.0748106
9.9946E-05 9.9946E-05 9.9946E-05 0.899431 9.9946E-05 0.0436474 0.00119433 9.9946E-05 9.9946E-05 0.0551275
9.9937E-05 9.9937E-05 9.9937E-05 0.912273 0.0170085 9.9937E-05 9.9937E-05 9.9937E-05 9.9937E-05 0.0700188
9.9964E-05 0.0106758 9.9964E-05 0.300188 0.020887 9.9964E-05 9.9964E-05 0.509729 0.0911854 0.0669343
0.279322 0.0575537 0.119421 0.0913767 0.0778293 9.9973E-05 9.9973E-05 0.310651 0.0635471 9.9973E-05
0.349407 9.9955E-05 0.0572155 0.211037 9.9955E-05 9.9955E-05 9.9955E-05 0.296991 0.0848496 9.9955E-05
0.313243 0.0799697 0.116558 0.282513 9.9964E-05 9.9964E-05 9.9964E-05 0.116639 0.0906772 9.9964E-05
0.284409 0.0814147 0.0674381 0.205296 9.9964E-05 9.9964E-05 9.9964E-05 0.298741 0.0623009 9.9964E-05
0.0957582 0.0958237 9.9964E-05 0.721999 0.00825231 9.9964E-05 9.9964E-05 0.0290115 0.0487559 9.9964E-05
0.0689201 0.0856484 0.0170987 0.703527 9.9973E-05 9.9973E-05 0.0127959 0.0926272 0.0190826 9.9973E-05
0.0745702 0.0212443 9.9955E-05 0.343807 0.0247406 9.9955E-05 9.9955E-05 0.535138 9.9955E-05 9.9955E-05
0.0271652 0.00909462 0.11048 0.471941 9.9964E-05 9.9964E-05 9.9964E-05 0.344417 0.0365031 9.9964E-05
0.0980613 0.0229171 9.9964E-05 0.672866 9.9964E-05 9.9964E-05 0.0046862 0.168076 0.0329931 9.9964E-05
0.0598568 0.00578136 0.029861 0.312595 0.00918491 9.9991E-05 0.02955 0.49996 0.035441 0.0176703
0.0682769 9.9964E-05 0.00876465 0.343575 9.9964E-05 9.9964E-05 0.00500246 0.55007 0.0239113 9.9964E-05
0.0175568 9.9982E-05 0.0592738 0.274922 0.0617695 0.0146068 0.017713 0.474973 0.0789854 9.9982E-05
9.9955E-05 0.00681891 9.9955E-05 0.642502 9.9955E-05 9.9955E-05 9.9955E-05 0.297047 0.010051 0.0430816
9.9964E-05 9.9964E-05 9.9964E-05 0.517124 0.0241492 9.9964E-05 0.0134401 0.366169 0.0232371 0.0554815
9.99702E-05 0.0450704 0.0210963 0.278583 9.99702E-05 9.99702E-05 0.0929135 0.536799 9.99702E-05 0.0251384
9.9982E-05 0.0288383 0.00744842 0.320611 0.0267823 0.0312119 0.125478 0.455037 0.00439345 9.9982E-05
0.0698988 0.012206 0.0105592 0.217925 0.0244817 0.0930145 0.035187 0.463701 0.0410646 0.031963
9.9964E-05 0.0381026 9.9964E-05 0.398777 0.0719115 0.0507167 9.9964E-05 0.439178 9.9964E-05 0.00091378
9.9946E-05 9.9946E-05 9.9946E-05 0.809175 9.9946E-05 9.9946E-05 0.0184508 0.167282 9.9946E-05 0.00449214
0.00682754 9.9946E-05 9.9946E-05 0.368301 9.9946E-05 9.9946E-05 9.9946E-05 0.607841 0.0164308 9.9946E-05
9.9964E-05 9.9964E-05 0.00612589 0.764601 9.9964E-05 0.0126769 0.0401126 0.144667 9.9964E-05 0.0314167
9.9946E-05 9.9946E-05 9.9946E-05 0.535934 9.9946E-05 9.9946E-05 0.011972 0.430233 0.0212607 9.9946E-05
0.00893173 9.9982E-05 9.9982E-05 0.320039 0.00324354 0.0292489 0.0333874 0.48085 0.0944002 0.0296988
9.9964E-05 9.9964E-05 0.0248707 0.255908 9.9964E-05 0.0984652 0.0528447 0.502641 0.0648706 9.9964E-05
0.143073 0.00663932 0.0713355 0.139375 0.0328197 0.00948799 0.0187526 0.456204 0.122213 9.9991E-05
9.9991E-05 0.061828 0.0895281 0.120257 0.0655726 0.0172363 0.0390673 0.460378 0.145577 0.000454672
0.290178 0.102102 0.076552 0.0495453 0.0812309 9.9973E-05 9.9973E-05 0.281289 0.118803 9.9973E-05
0.141811 0.059271 0.166528 0.0668304 0.10245 0.0317241 0.043224 0.303449 0.0846124 9.9991E-05
0.173769 0.0126653 0.0604122 0.0485066 0.103794 0.00550503 0.0146595 0.411889 0.118538 0.0502611
0.079107 0.0557211 0.0630392 0.194054 0.0384651 0.0172447 0.0258677 0.419885 0.106516 9.9991E-05
0.151669 0.0134113 9.9946E-05 0.678964 9.9946E-05 9.9946E-05 9.9946E-05 9.9946E-05 0.155357 9.9946E-05
0.175351 0.0104154 0.109778 0.177441 9.9964E-05 9.9964E-05 9.9964E-05 0.473134 0.0534797 9.9964E-05
0.14167 0.201012 9.9955E-05 0.395064 0.0340994 9.9955E-05 9.9955E-05 9.9955E-05 0.227655 9.9955E-05
0.180893 9.9955E-05 0.0571248 0.305725 9.9955E-05 9.9955E-05 9.9955E-05 0.436266 0.019491 9.9955E-05
9.9928E-05 9.9928E-05 9.9928E-05 0.93557 9.9928E-05 9.9928E-05 9.9928E-05 0.0636311 9.9928E-05 9.9928E-05
9.9928E-05 9.9928E-05 9.9928E-05 0.938932 9.9928E-05 0.0602685 9.9928E-05 9.9928E-05 9.9928E-05 9.9928E-05
