0.451 9.9973E-05 9.9973E-05 0.50422 0.0286582 0.0158216 9.9973E-05
0.49695 9.9955E-05 9.9955E-05 0.50255 9.9955E-05 9.9955E-05 9.9955E-05
0.588167 9.9973E-05 9.9973E-05 0.326548 9.9973E-05 0.0255311 0.0594536
0.409133 9.9982E-05 9.9982E-05 0.495962 0.0304468 0.0619626 0.0022954
0.440399 9.9973E-05 9.9973E-05 0.502915 9.9973E-05 0.0402494 0.0161366
9.9982E-05 0.0836124 0.0188775 0.781844 9.9982E-05 0.0376474 0.0778188
9.995E-05 9.995E-05 9.995E-05 0.9994 9.995E-05 9.995E-05 9.995E-05
9.9973E-05 0.0013884 9.9973E-05 0.937962 0.0253433 9.9973E-05 0.0350062
0.462751 0.0369078 0.03015 0.440531 0.0294605 9.99819E-05 9.99819E-05
9.9973E-05 0.00196968 9.9973E-05 0.89574 9.9973E-05 0.0306202 0.0713701
9.9964E-05 0.0443828 9.9964E-05 0.885692 9.9964E-05 9.9964E-05 0.069525
9.9982E-05 9.9982E-05 0.124478 0.0655125 0.472026 0.0198485 0.317935
0.0380913 0.102543 0.0369401 9.9991E-05 0.238823 0.035301 0.548202
0.08584 0.0346718 0.122871 9.9991E-05 0.405851 0.160373 0.190294
0.0399575 0.00223893 0.0181805 0.0953073 0.377612 0.146808 0.319896
0.0883158 0.00182965 0.12329 0.103579 0.212117 0.150934 0.319934
9.9991E-05 0.0621296 0.0998424 0.00781852 0.157948 0.12717 0.544992
9.999E-05 0.0948533 0.1137 0.0164486 0.238056 0.115766 0.421076
0.148759 0.00780856 0.108047 9.9991E-05 0.343558 0.093127 0.298601
9.9991E-05 0.115309 0.0797273 0.0410957 0.679383 0.0419793 0.0424055
0.0331746 0.0327344 0.125047 0.0309635 0.248914 0.142988 0.386179
0.0415136 0.192832 0.0631357 9.9991E-05 0.21634 0.0694711 0.416608
0.0268709 0.0623981 0.118929 0.0245039 0.136846 0.0204964 0.609956
9.9982E-05 0.0481171 0.146608 9.9982E-05 0.437869 0.12931 0.237896
9.9991E-05 0.0445827 0.117861 0.0216576 0.142151 0.131639 0.542009
0.108499 0.0217561 9.9982E-05 9.9982E-05 0.22223 0.0539931 0.593323
0.0242188 0.0317095 0.123622 9.9991E-05 0.505934 0.130614 0.183802
0.000865998 0.0184944 0.0382385 0.0529301 0.455939 0.209432 0.2241
9.9982E-05 0.105322 0.135975 0.0149966 0.463753 9.9982E-05 0.279754
0.9994 9.995E-05 9.995E-05 9.995E-05 9.995E-05 9.995E-05 9.995E-05
0.981784 9.9955E-05 9.9955E-05 9.9955E-05 9.9955E-05 9.9955E-05 0.0177166
0.863317 9.9973E-05 0.0339308 9.9973E-05 0.0361068 9.9973E-05 0.0663453
0.638228 9.9982E-05 0.0313946 0.191888 9.9982E-05 0.0590643 0.0792251
9.9982E-05 9.9982E-05 0.268283 0.102681 0.0840953 0.0249847 0.519755
0.106558 9.9991E-05 0.266803 0.0231787 0.0426838 0.0921076 0.468568
9.9973E-05 9.9973E-05 0.357781 0.0449882 9.9973E-05 0.0378601 0.559071
0.0370762 9.9991E-05 0.0984145 0.0446109 0.616133 0.087108 0.116557
0.0445689 9.9982E-05 0.59407 9.9982E-05 0.0181212 0.0673193 0.27572
0.0830294 9.9973E-05 0.291939 9.9973E-05 0.110195 9.9973E-05 0.514536
0.0476809 9.9973E-05 0.217477 0.0308484 9.9973E-05 9.9973E-05 0.703693
0.00387588 0.0928408 0.0137881 0.174887 0.0674246 9.9991E-05 0.647083
0.0549777 9.9991E-05 0.200183 0.122069 0.0434769 0.0194495 0.559744
9.9973E-05 9.9973E-05 0.617455 0.0661139 0.139664 9.9973E-05 0.176467
9.999E-05 0.172152 0.0231597 0.111984 0.0170627 0.0374227 0.638119
9.9973E-05 9.9973E-05 0.258989 0.0916984 9.9973E-05 0.103699 0.545313
0.233596 9.9973E-05 0.113024 9.9973E-05 9.9973E-05 0.0354788 0.617601
0.00772111 9.9964E-05 0.692035 9.9964E-05 9.9964E-05 9.9964E-05 0.299844
0.0687907 9.9973E-05 0.274958 9.9973E-05 9.9973E-05 0.0358204 0.620131
0.044278 9.9991E-05 0.101264 0.0960556 0.140432 0.0423009 0.575569
0.0809915 0.2086 0.710009 9.9964E-05 9.9964E-05 9.9964E-05 9.9964E-05
9.9973E-05 0.140359 0.198198 9.9973E-05 0.474415 9.9973E-05 0.186729
9.9982E-05 0.445324 0.245823 9.9982E-05 0.248709 0.0149382 0.0450056
0.0201126 0.0397177 0.0575027 0.0524994 0.115116 0.101133 0.613918
9.9991E-05 0.109871 0.0324036 0.0776269 0.145622 0.0969478 0.537428
0.0673925 0.130076 0.0555553 9.9991E-05 0.100783 0.0717006 0.574392
0.0193569 0.122995 0.261755 0.0443027 0.341914 9.9991E-05 0.209576
0.0920324 0.0859127 0.0728111 9.9991E-05 0.135979 0.0118031 0.601362
0.090742 0.0835384 9.9982E-05 9.9982E-05 0.112683 0.0870053 0.625832
0.119503 0.0405412 0.196537 0.0663868 0.21313 0.0277438 0.336158
0.0938838 0.189938 0.156822 0.0653074 0.384322 0.0658098 0.0439166
0.0943363 0.0603079 0.159607 9.9991E-05 0.135223 0.0821436 0.468283
0.0173242 0.122271 0.0652955 0.0230411 0.292139 0.110482 0.369447
9.9982E-05 0.168036 0.19653 0.0397495 0.536181 9.9982E-05 0.0593039
0.0298443 0.0188603 0.103558 0.0140395 0.281679 0.0217321 0.530287
0.0850777 0.0839151 0.130886 9.9991E-05 0.0668973 0.0434209 0.589704
0.14567 0.000641221 0.138801 0.0401181 0.101738 0.046555 0.526477
0.0536045 0.12481 0.202785 9.9991E-05 0.29088 0.0589536 0.268868
0.0320669 0.124528 0.0119057 0.0294813 0.222816 0.0196204 0.559582
0.129319 0.0235174 0.123688 9.9982E-05 0.179341 9.9982E-05 0.543934
0.0907173 0.117922 0.172713 9.9982E-05 0.405108 9.9982E-05 0.213339
9.9964E-05 9.9964E-05 0.384662 0.0140438 9.9964E-05 9.9964E-05 0.600895
0.0422292 9.9973E-05 0.642403 9.9973E-05 0.0997917 9.9973E-05 0.215276
0.0603912 0.0398375 0.18849 0.0399085 0.0354775 0.00408549 0.63181
0.0110508 0.125279 0.863271 9.9964E-05 9.9964E-05 9.9964E-05 9.9964E-05
0.0101703 0.135459 0.822117 9.9973E-05 9.9973E-05 9.9973E-05 0.0319537
9.9964E-05 9.9964E-05 0.715995 9.9964E-05 9.9964E-05 0.000367455 0.283237
0.00634672 9.9982E-05 0.404082 0.0528364 0.0578464 9.9982E-05 0.478688
0.0448026 0.0783377 0.122031 0.0928387 0.0928699 0.0349441 0.534176
0.0826142 9.9973E-05 0.461667 9.9973E-05 9.9973E-05 0.0547509 0.400668
9.9982E-05 9.9982E-05 0.654269 0.0891904 0.0902271 0.0403121 0.125801
9.9973E-05 9.9973E-05 0.480705 0.106918 0.185699 9.9973E-05 0.226378
0.0145315 9.9991E-05 0.31666 0.09621 0.0222143 0.142377 0.407908
9.9973E-05 9.9973E-05 0.483109 0.137154 0.00709468 9.9973E-05 0.372342
9.9973E-05 0.00784935 0.389376 0.117883 9.9973E-05 9.9973E-05 0.484592
0.00645132 0.0116551 0.563091 0.0278013 9.9982E-05 9.9982E-05 0.390801
9.9982E-05 0.177544 0.751561 0.00668809 0.0351354 0.0288716 9.9982E-05
0.0101837 0.0464537 0.116248 9.9991E-05 0.147429 0.0485183 0.631067
0.492541 9.9982E-05 9.9982E-05 0.37709 0.0453942 0.0716822 0.0130926
0.738236 9.9964E-05 9.9964E-05 0.230024 9.9964E-05 9.9964E-05 0.0313401
0.777759 9.9973E-05 9.9973E-05 0.13444 9.9973E-05 0.0127141 0.074788
0.860584 0.0186232 9.9964E-05 0.120393 9.9964E-05 9.9964E-05 9.9964E-05
0.683002 9.9982E-05 0.0149001 0.268649 9.9982E-05 0.00849176 0.0247577
0.643957 9.9973E-05 0.00034791 0.320179 9.9973E-05 0.0352159 9.9973E-05
0.679738 9.9964E-05 9.9964E-05 0.301551 9.9964E-05 9.9964E-05 0.0183114
0.20995 9.9973E-05 0.253649 9.9973E-05 0.042055 9.9973E-05 0.494046
0.072386 0.0417102 0.185982 0.0249159 0.113331 9.9991E-05 0.561576
0.040355 9.9982E-05 0.803703 0.0279616 0.0862171 9.9982E-05 0.041563
0.0973587 0.000862311 0.193882 0.0631385 0.100241 0.0764576 0.46806
9.9982E-05 9.9982E-05 0.451227 0.0738732 0.061198 0.0414781 0.372024
0.0527684 9.9964E-05 0.328188 9.9964E-05 9.9964E-05 9.9964E-05 0.618644
9.9982E-05 0.036776 0.343656 0.00788624 9.9982E-05 0.0440505 0.567432
9.9973E-05 9.9973E-05 0.439221 0.102605 9.9973E-05 0.0490962 0.408779
0.0383496 9.9973E-05 0.692394 0.0134456 0.255511 9.9973E-05 9.9973E-05
0.0664895 0.0999475 0.0783585 0.071442 0.108644 0.0220024 0.553116
9.9982E-05 0.0692807 0.134697 0.0668527 9.9982E-05 0.0981766 0.630793
0.121815 9.9991E-05 0.10719 0.0870806 0.0652805 0.0123713 0.606162
0.00346032 0.148065 0.51269 9.9973E-05 9.9973E-05 9.9973E-05 0.335485
0.00345524 9.9982E-05 0.385144 0.0498458 9.9982E-05 0.0436166 0.517738
0.0713434 0.00396881 0.311685 0.0359588 0.102419 9.9991E-05 0.474525
9.9964E-05 9.9964E-05 0.581965 9.9964E-05 9.9964E-05 0.114804 0.302831
0.108438 9.9982E-05 0.353574 0.00815255 0.0578232 9.9982E-05 0.471812
0.156579 0.0721616 0.211445 9.9982E-05 0.0181023 9.9982E-05 0.541513
0.00868624 0.125292 0.12369 0.0731509 0.373306 0.0689225 0.226952
0.152443 0.127051 9.9991E-05 0.00759053 0.228056 0.0126531 0.472106
0.099405 0.00345567 0.0765381 0.0476697 0.123846 0.126696 0.522389
0.0196413 9.9991E-05 0.118202 0.13201 0.140436 0.0318636 0.557748
0.0020226 0.0240384 0.00627522 0.0640829 0.349303 9.9991E-05 0.554178
9.9991E-05 0.0481457 0.144816 0.0682572 0.184817 0.0735196 0.480345
0.0493884 0.0079152 0.0501254 9.9982E-05 0.408439 9.9982E-05 0.483932
0.125802 0.057237 0.0572716 9.9982E-05 0.167298 9.9982E-05 0.592192
0.0835125 0.139803 0.00086854 0.00808119 0.109137 0.00337638 0.655222
0.0546903 0.0798744 0.0981962 9.9982E-05 0.0816121 9.9982E-05 0.685427
0.0719788 9.9973E-05 0.102886 9.9973E-05 0.269278 9.9973E-05 0.555557
0.00194054 0.104633 9.9991E-05 0.0510775 0.118706 0.0368021 0.686741
0.114623 0.13024 0.0454898 9.9991E-05 0.200914 0.0873708 0.421263
9.9973E-05 9.9973E-05 0.0825268 9.9973E-05 0.330523 0.0806217 0.506029
0.0839226 0.167901 9.9973E-05 9.9973E-05 0.108892 9.9973E-05 0.638984
0.00236266 0.04634 0.00604885 0.0709837 0.221893 0.0939052 0.558466
0.0801422 0.177773 9.9982E-05 0.0148373 0.259491 9.9982E-05 0.467556
0.0189663 0.0381502 0.0486456 0.0557832 0.195976 0.0232247 0.619254
0.133207 0.0753437 9.9973E-05 9.9973E-05 0.0934384 9.9973E-05 0.697711
0.0112678 9.9991E-05 0.290293 0.069363 0.332763 0.0257513 0.270461
0.061261 0.251064 0.192705 9.9991E-05 0.258324 0.0402529 0.196293
0.107761 0.0706062 0.104309 0.0282973 0.129382 0.0133683 0.546276
9.9982E-05 0.264442 0.313451 9.9982E-05 0.30498 0.0773266 0.0396004
0.0961672 9.9973E-05 0.0674579 9.9973E-05 0.518271 9.9973E-05 0.317804
9.9973E-05 9.9973E-05 0.210329 0.0668024 0.284736 9.9973E-05 0.437832
0.0932886 9.9973E-05 0.137498 9.9973E-05 0.39415 9.9973E-05 0.374764
0.0155607 9.9982E-05 0.155666 9.9982E-05 0.497679 0.0618987 0.268995
0.036395 0.141593 9.9982E-05 0.0150119 0.159442 9.9982E-05 0.647357
9.9991E-05 0.0745269 0.0887746 0.117305 0.103646 0.050908 0.564739
0.146036 9.9973E-05 0.127567 9.9973E-05 0.220905 9.9973E-05 0.505192
9.9982E-05 0.222175 0.202588 9.9982E-05 0.324357 0.123224 0.127457
0.0249956 0.173932 0.0198742 0.101948 0.088064 9.9991E-05 0.591086
9.9991E-05 0.276447 0.020126 0.000583751 0.101053 0.114524 0.487166
0.139879 0.483348 0.220335 9.9982E-05 0.144894 9.9982E-05 0.0113438
0.0249596 0.0850525 0.0783685 0.133658 9.9982E-05 9.9982E-05 0.677762
0.0827278 0.293783 0.186122 0.0127117 0.103143 0.0474203 0.274093
0.160607 0.206694 0.102535 0.0073734 0.0336206 0.0135365 0.475634
9.9991E-05 0.425566 0.146274 0.0539389 0.123843 0.0022265 0.248052
0.0615325 0.428207 0.0951922 9.9982E-05 0.192252 9.9982E-05 0.222616
0.0819602 0.249648 0.097601 0.0438436 0.0462093 9.9991E-05 0.480637
0.00149693 0.169869 9.9991E-05 0.121075 0.0389471 0.0423896 0.626123
9.9991E-05 0.0817402 0.0842761 0.120635 0.231824 0.0919141 0.38951
0.014761 0.404524 0.259801 9.9982E-05 0.132858 0.187856 9.9982E-05
0.0693228 0.0994048 0.0528735 0.0147472 0.0796774 0.0432546 0.64072
9.9973E-05 0.318046 0.174684 9.9973E-05 0.122044 9.9973E-05 0.384926
9.9982E-05 0.18573 0.144351 0.044235 0.113707 9.9982E-05 0.511776
0.175002 0.0626847 0.151621 9.9991E-05 0.0222108 0.0716035 0.516778
0.167877 0.244922 0.00272157 0.161346 9.9991E-05 0.261203 0.161831
0.218109 0.380969 9.9973E-05 0.296025 9.9973E-05 0.104598 9.9973E-05
0.368188 0.461072 9.9973E-05 0.0759037 9.9973E-05 0.0945361 9.9973E-05
0.186699 0.179947 9.9991E-05 0.183624 0.00389333 0.315252 0.130485
9.9973E-05 0.268732 0.0210749 9.9973E-05 0.0169443 9.9973E-05 0.692949
0.0210533 0.120564 0.114456 9.9991E-05 0.137277 0.12293 0.48362
9.9973E-05 9.9973E-05 0.0224491 9.9973E-05 0.0358531 0.699158 0.24224
0.072441 9.9973E-05 9.9973E-05 9.9973E-05 0.139488 0.488945 0.298825
0.0348685 0.000229832 0.0961198 0.0329985 0.0486545 0.442814 0.344315
9.9973E-05 0.441343 0.171973 0.0442184 9.9973E-05 9.9973E-05 0.342166
9.9991E-05 0.238479 0.115197 0.0541536 0.0648674 0.0190555 0.508148
9.9982E-05 0.641618 0.135078 9.9982E-05 0.0266752 0.00965598 0.186774
9.9991E-05 0.238952 0.075946 0.0354463 0.000154402 0.0288688 0.620533
9.9973E-05 0.31871 0.171501 9.9973E-05 0.0564306 9.9973E-05 0.453058
9.9973E-05 0.362928 9.9973E-05 0.00691805 0.0131189 9.9973E-05 0.616736
9.9973E-05 0.600566 0.111362 9.9973E-05 0.113403 9.9973E-05 0.174369
0.0217141 0.196885 9.9982E-05 9.9982E-05 0.02085 0.125178 0.635173
9.9982E-05 0.143638 9.9982E-05 0.113506 0.0749151 0.0677786 0.599962
9.9955E-05 9.9955E-05 0.044285 9.9955E-05 9.9955E-05 0.955215 9.9955E-05
9.9964E-05 9.9964E-05 0.0462386 9.9964E-05 9.9964E-05 0.912821 0.0405403
0.0871227 9.9991E-05 0.107171 0.0233716 0.020438 0.5517 0.210096
9.9955E-05 9.9955E-05 9.9955E-05 9.9955E-05 9.9955E-05 0.670475 0.329026
9.9973E-05 0.0235304 9.9973E-05 9.9973E-05 0.041962 0.808112 0.126096
9.995E-05 9.995E-05 9.995E-05 9.995E-05 9.995E-05 0.9994 9.995E-05
9.9973E-05 9.9973E-05 0.0116093 0.0038666 0.00425781 0.979966 9.9973E-05
9.9955E-05 9.9955E-05 9.9955E-05 9.9955E-05 9.9955E-05 0.865485 0.134015
9.9964E-05 9.9964E-05 9.9964E-05 9.9964E-05 0.0320929 0.965987 0.00152002
9.995E-05 9.995E-05 9.995E-05 9.995E-05 9.995E-05 0.9994 9.995E-05
9.995E-05 9.995E-05 9.995E-05 9.995E-05 9.995E-05 0.9994 9.995E-05
0.071416 9.9964E-05 9.9964E-05 9.9964E-05 9.9964E-05 0.735986 0.192198
0.0115648 0.0410228 9.9982E-05 9.9982E-05 0.0169853 0.848433 0.0817939
9.9955E-05 9.9955E-05 9.9955E-05 9.9955E-05 0.0148909 0.984609 9.9955E-05
0.130659 9.9973E-05 0.138991 9.9973E-05 9.9973E-05 0.388916 0.341134
0.0693039 0.0168312 0.051367 9.9982E-05 9.9982E-05 0.637539 0.224759
0.0862287 0.0131681 9.9982E-05 9.9982E-05 0.0116479 0.707101 0.181654
0.0493174 9.9982E-05 9.9982E-05 0.0106459 0.0130059 0.873811 0.0530202
9.995E-05 9.995E-05 9.995E-05 9.995E-05 9.995E-05 0.9994 9.995E-05
0.0432671 9.9991E-05 0.0101755 0.00757017 0.0170245 0.872904 0.0489588
9.9955E-05 9.9955E-05 9.9955E-05 0.0197969 9.9955E-05 0.979703 9.9955E-05
9.9991E-05 0.0150686 0.0121109 0.0598738 0.0747934 0.584052 0.254002
9.9964E-05 9.9964E-05 0.0298216 0.0352805 9.9964E-05 0.934498 9.9964E-05
0.0984071 0.591425 0.0323995 0.212222 9.9982E-05 0.0653467 9.9982E-05
0.111504 0.20811 0.0165255 0.087605 0.103183 0.0419299 0.431142
0.0557277 0.24119 0.0139721 0.204831 9.9982E-05 9.9982E-05 0.484079
0.112713 0.567462 0.0187167 0.0695739 9.9991E-05 0.103865 0.127569
0.0414288 0.156897 0.00377714 0.102562 0.164499 0.140233 0.390603
0.129192 0.359258 0.0469754 0.148796 9.9991E-05 0.112866 0.202812
9.9982E-05 0.184231 0.0659512 0.239718 9.9982E-05 0.146788 0.363112
9.9973E-05 0.311208 9.9973E-05 0.17895 9.9973E-05 0.230387 0.279155
9.9973E-05 0.185831 9.9973E-05 0.152708 9.9973E-05 0.163777 0.497384
0.11035 0.346084 9.9982E-05 0.00990525 9.9982E-05 0.186483 0.346978
0.129605 0.163083 0.0376771 0.120394 0.0500042 0.121041 0.378196
0.448547 9.9973E-05 9.9973E-05 0.47033 0.0463519 9.9973E-05 0.0344703
0.68443 0.0022127 9.9973E-05 0.305384 9.9973E-05 0.00767272 9.9973E-05
0.745933 9.9955E-05 9.9955E-05 0.253568 9.9955E-05 9.9955E-05 9.9955E-05
0.667622 9.9964E-05 9.9964E-05 0.328779 9.9964E-05 9.9964E-05 0.00319899
0.60087 9.9964E-05 9.9964E-05 0.362786 0.0359441 9.9964E-05 9.9964E-05
0.62324 9.9964E-05 9.9964E-05 0.327468 9.9964E-05 0.0488919 9.9964E-05
0.505664 9.9964E-05 9.9964E-05 0.45145 9.9964E-05 0.0424865 9.9964E-05
0.606977 0.0420188 0.00279434 0.34791 9.9973E-05 9.9973E-05 9.9973E-05
0.564208 9.9973E-05 0.00496933 0.419658 9.9973E-05 0.0108652 9.9973E-05
0.619905 0.0220001 9.9982E-05 0.26754 0.0227718 0.0675826 9.9982E-05
0.308057 9.9973E-05 0.121867 0.390074 0.179702 9.9973E-05 9.9973E-05
0.28348 0.000666822 0.0450677 0.411239 0.259346 9.9982E-05 9.9982E-05
0.398754 0.098965 0.0395404 0.202819 0.259721 9.9982E-05 9.9982E-05
0.204834 0.0201219 0.10364 0.348371 0.322833 9.9982E-05 9.9982E-05
0.0377546 9.9991E-05 0.234442 0.0226564 0.176847 0.0354738 0.492727
0.0375744 9.9991E-05 0.312231 0.0396166 0.0891801 0.015257 0.506041
0.0506762 9.9973E-05 0.127497 9.9973E-05 0.219707 9.9973E-05 0.60182
0.000894597 0.00838369 0.206718 0.106443 0.255255 9.9991E-05 0.422205
9.9991E-05 0.0395826 0.0973931 0.00903005 0.64426 0.0145157 0.195119
9.9973E-05 9.9973E-05 0.352065 0.0390866 9.9973E-05 0.0103855 0.598163
9.9973E-05 9.9973E-05 0.31295 9.9973E-05 0.0644775 0.0276823 0.59459
9.9991E-05 0.0741792 0.269886 0.0533856 0.0875116 0.020862 0.494075
9.9973E-05 0.0423374 0.527181 9.9973E-05 9.9973E-05 0.0296758 0.400506
0.0873635 0.0383704 0.171346 9.9982E-05 0.0104928 9.9982E-05 0.692227
0.034367 9.9973E-05 0.38679 9.9973E-05 0.160226 9.9973E-05 0.418318
9.9964E-05 0.0853803 0.828461 9.9964E-05 0.0857584 9.9964E-05 9.9964E-05
0.0519138 0.0646681 0.237634 0.095613 0.00694869 9.9991E-05 0.543123
9.9964E-05 0.154604 0.542217 9.9964E-05 9.9964E-05 9.9964E-05 0.302779
9.9973E-05 0.114703 0.238236 0.0294957 9.9973E-05 9.9973E-05 0.617265
9.9973E-05 9.9973E-05 0.649044 0.0503983 0.175209 9.9973E-05 0.12505
9.9973E-05 0.0871478 0.0346044 0.278284 0.599664 9.9973E-05 9.9973E-05
9.9973E-05 0.110816 9.9973E-05 0.218809 0.573714 9.9973E-05 0.0963613
9.9973E-05 0.0450808 9.9973E-05 0.202112 0.741994 9.9973E-05 0.0105127
9.9973E-05 0.0291458 0.02308 0.245751 0.701723 9.9973E-05 9.9973E-05
9.9982E-05 0.126794 9.9982E-05 0.133609 0.674366 0.0183309 0.0467006
9.9973E-05 9.9973E-05 9.9973E-05 0.177377 0.718876 0.0224153 0.0810319
0.543323 9.9973E-05 0.026089 0.356983 9.9973E-05 0.0733048 9.9973E-05
0.402218 9.9982E-05 9.9982E-05 0.440561 0.0677649 0.0847756 0.00448043
0.586022 9.9973E-05 9.9973E-05 0.237161 9.9973E-05 0.135227 0.0412902
0.448931 9.9982E-05 9.9982E-05 0.359317 0.0319861 0.150371 0.00919399
0.333475 9.9982E-05 9.9982E-05 0.475963 0.0220459 0.145161 0.0231544
0.0533894 9.9973E-05 0.0677564 0.466124 0.41243 9.9973E-05 9.9973E-05
0.016882 0.0236856 0.149984 0.608108 0.20114 9.9982E-05 9.9982E-05
0.0320875 9.9973E-05 0.161111 0.508314 0.298188 9.9973E-05 9.9973E-05
0.947812 9.9964E-05 9.9964E-05 9.9964E-05 0.0185306 9.9964E-05 0.0332572
0.029022 0.0290987 0.165571 0.43535 0.340759 9.9982E-05 9.9982E-05
0.1776 0.137651 9.9982E-05 0.0191877 9.9982E-05 0.399713 0.265649
0.0451525 0.0543977 9.9991E-05 0.10006 0.0448818 0.139749 0.615659
0.168094 9.9973E-05 9.9973E-05 0.0505203 9.9973E-05 0.24819 0.532896
0.00525797 0.0641744 0.0806788 0.223626 0.0240267 0.356206 0.246029
0.140309 9.9991E-05 0.077796 0.0410093 0.116585 0.166531 0.45767
0.244991 0.227395 9.9973E-05 0.196765 9.9973E-05 0.330549 9.9973E-05
9.9982E-05 0.0832935 0.13466 0.0717007 0.271171 9.9982E-05 0.438975
0.0244099 0.24303 0.123862 9.9982E-05 0.239772 9.9982E-05 0.368726
0.0359821 0.052409 0.0149534 0.0595785 0.485455 9.9991E-05 0.351522
9.9982E-05 0.164653 0.200675 9.9982E-05 0.167278 0.0152869 0.451906
9.9964E-05 0.431203 0.352205 9.9964E-05 0.216192 9.9964E-05 9.9964E-05
0.115205 0.0919843 0.0564096 9.9991E-05 0.180844 0.0469774 0.50848
0.0468113 0.0687833 0.0447986 0.0335245 0.236703 9.9991E-05 0.569279
0.0353208 9.9982E-05 0.0676491 0.0233309 0.498979 9.9982E-05 0.37452
0.0527834 0.129143 9.9991E-05 0.0906179 0.17349 0.0466094 0.507257
9.9973E-05 0.338144 0.263733 9.9973E-05 0.274898 9.9973E-05 0.122925
9.9982E-05 0.219152 0.0220002 9.9982E-05 0.243931 0.0641001 0.450616
0.0475594 0.000111177 0.0943098 9.9982E-05 0.252187 9.9982E-05 0.605633
0.0304001 0.0463257 0.1832 0.211146 9.9991E-05 0.167737 0.361091
9.9973E-05 0.130774 0.138608 9.9973E-05 0.271821 9.9973E-05 0.458497
9.9991E-05 0.0596506 0.145373 0.048555 0.282216 0.0378902 0.426215
9.9991E-05 0.108299 0.174398 0.0536864 0.104389 0.116264 0.442863
9.9991E-05 0.146186 0.0916198 0.0397493 0.124679 0.0257337 0.571932
0.0459093 9.9982E-05 0.0633475 9.9982E-05 0.19221 0.052074 0.64626
0.148129 0.0257075 0.117316 0.0382676 0.065028 0.0499576 0.555595
0.109114 0.0530225 0.088236 9.9991E-05 0.142418 0.0753382 0.531771
0.728102 9.9973E-05 9.9973E-05 0.112127 9.9973E-05 0.073021 0.0864505
0.705271 9.9973E-05 0.050082 0.199789 9.9973E-05 0.0445579 9.9973E-05
0.596539 0.00741605 0.0196469 0.277231 0.0673007 9.9991E-05 0.0317658
0.730762 9.9973E-05 0.0934696 0.146753 0.028716 9.9973E-05 9.9973E-05
0.675902 9.9973E-05 9.9973E-05 0.246707 9.9973E-05 0.00145554 0.0756349
0.0427538 0.0341243 0.159055 9.9991E-05 0.568906 0.0551577 0.139904
0.113363 0.0885332 0.138317 9.9991E-05 0.131685 0.104516 0.423485
0.193638 0.0715273 0.0134291 0.0856292 0.0546684 0.156793 0.424315
0.127194 9.9973E-05 0.0419486 9.9973E-05 0.133485 9.9973E-05 0.697072
0.056424 9.9982E-05 0.210589 9.9982E-05 0.190738 0.0316461 0.510402
0.00767331 0.19549 0.0237332 9.9991E-05 0.393399 0.0624274 0.317178
0.201111 0.0771756 0.156365 9.9973E-05 0.565049 9.9973E-05 9.9973E-05
0.0130484 0.0462486 0.0101853 9.9991E-05 0.313855 0.0833641 0.533199
0.0381182 0.0861348 0.144992 9.9991E-05 0.497362 0.101648 0.131645
9.9991E-05 0.19623 0.17233 0.06024 0.188488 0.029866 0.352745
0.090584 9.9991E-05 0.136262 0.0592823 0.544467 0.0581037 0.111201
0.146029 0.063066 0.113882 9.9991E-05 0.121818 0.0255415 0.529563
0.0911536 0.0548662 0.11708 0.0332779 0.474683 0.00020929 0.228729
0.049434 0.112336 0.155199 9.9991E-05 0.27303 0.0466112 0.363291
9.9982E-05 0.178418 9.9982E-05 0.0584565 0.173868 0.0416355 0.547422
9.9982E-05 0.584833 0.00808735 0.0219034 0.0988617 9.9982E-05 0.286114
0.0596676 0.324504 0.00794961 9.9982E-05 0.029494 9.9982E-05 0.578185
0.0803615 0.171442 9.9982E-05 0.0582738 0.0170326 9.9982E-05 0.67269
9.9982E-05 0.471347 0.0305188 0.000623063 0.113084 9.9982E-05 0.384228
9.9991E-05 0.136953 0.0749018 0.018031 0.122196 0.137295 0.510523
0.0349765 0.260545 0.0857584 0.0362038 9.9991E-05 0.0263409 0.556076
9.9973E-05 0.669858 0.14987 9.9973E-05 0.0465553 9.9973E-05 0.133416
9.9973E-05 0.577619 0.0468204 9.9973E-05 0.0420631 9.9973E-05 0.333198
0.00453725 0.331694 9.9973E-05 9.9973E-05 0.152162 9.9973E-05 0.511306
9.9982E-05 0.500033 0.133007 0.0217401 0.104728 9.9982E-05 0.240292
9.9973E-05 0.299317 0.0418371 9.9973E-05 0.137862 9.9973E-05 0.520684
0.0288645 0.000550072 0.237552 9.9991E-05 0.576858 0.0760915 0.079984
9.9982E-05 0.177282 0.20984 9.9982E-05 0.281053 0.0184108 0.313213
0.0559471 9.9982E-05 0.243565 9.9982E-05 0.349003 0.0963944 0.25489
0.0571117 9.9991E-05 0.0910783 0.0360671 0.166169 0.0644786 0.584996
9.9982E-05 0.0100014 0.259545 9.9982E-05 0.470788 0.0287386 0.230726
0.00642786 0.049814 0.111912 0.100667 0.137751 0.0658838 0.527545
0.0764297 0.0744094 0.0587952 9.9991E-05 0.210539 0.0423862 0.537341
0.00451702 0.0144957 0.0546965 0.0832912 0.272065 0.141337 0.429597
0.0164873 0.0813316 0.14176 9.9991E-05 0.236786 0.104652 0.418883
0.0168065 9.9982E-05 0.101047 0.0927774 0.311912 9.9982E-05 0.477258
9.9973E-05 9.9973E-05 0.164207 9.9973E-05 0.53493 0.082533 0.21803
9.9982E-05 9.9982E-05 0.0554439 0.0660555 0.429019 0.0324585 0.416823
9.9982E-05 0.00545726 0.102501 9.9982E-05 0.218604 0.0438326 0.629405
0.00833215 0.062548 0.105387 0.0424306 0.170955 0.0754684 0.534879
0.0492282 0.133451 0.0985848 9.9991E-05 0.32313 0.0145479 0.380958
9.9982E-05 0.040815 0.076443 9.9982E-05 0.265601 0.156797 0.460144
0.105381 0.034283 0.000897069 9.9991E-05 0.395706 0.0193895 0.444243
9.9982E-05 9.9982E-05 0.0843218 0.0223668 0.263294 0.0173558 0.612462
0.050073 0.0550707 0.0927046 9.9991E-05 0.276075 0.0424297 0.483547
0.106603 9.9991E-05 0.101011 0.0179815 0.163875 0.128988 0.48144
0.289134 0.0386291 9.9982E-05 0.0934786 9.9982E-05 0.0911565 0.487402
0.182306 0.150271 0.057645 9.9982E-05 9.9982E-05 0.133977 0.475602
0.100006 0.053613 0.0430595 0.135955 9.9991E-05 0.120847 0.546419
0.132689 0.00596185 0.117606 9.9982E-05 9.9982E-05 0.0986171 0.644927
0.139106 9.9991E-05 0.134209 0.0458932 0.00677195 0.241865 0.432055
9.9982E-05 0.158366 0.0441496 9.9982E-05 0.278798 0.0090713 0.509415
0.0808031 9.9982E-05 9.9982E-05 0.110015 0.117243 0.103369 0.58837
0.276379 0.439815 0.155467 9.9982E-05 0.0019637 0.126176 9.9982E-05
0.0965509 0.0655087 0.00236035 0.0621845 0.14625 0.164537 0.462609
0.0339848 0.0223834 0.0932742 0.0782261 0.101369 0.18116 0.489602
0.0934429 0.03938 9.9982E-05 9.9982E-05 0.120616 0.249429 0.496933
0.201175 0.206892 0.0893348 9.9991E-05 0.0680779 0.154063 0.280357
0.0569362 0.079678 0.0327695 0.130427 0.0160561 0.292696 0.391437
0.138299 0.123013 9.9982E-05 9.9982E-05 0.0309447 0.152239 0.555304
0.431326 0.364048 9.9973E-05 0.0269514 9.9973E-05 0.177375 9.9973E-05
0.219983 9.9982E-05 0.0485712 9.9982E-05 0.00262608 0.175658 0.552962
0.154785 0.0997619 9.9982E-05 0.0223972 9.9982E-05 0.175414 0.547441
0.133986 0.0538372 0.0720109 9.9991E-05 0.0513835 0.0830732 0.60561
0.141031 0.0271685 0.0139082 0.0955785 0.0115683 0.209054 0.501691
0.0777451 0.0537515 0.0625354 0.11719 0.0297191 0.204708 0.454351
0.0559041 0.153884 0.235434 0.027925 0.0606523 0.0018244 0.464376
9.9991E-05 0.276499 0.08318 0.0189915 0.0445245 0.0526364 0.524069
9.9973E-05 0.330243 0.593582 9.9973E-05 0.063441 9.9973E-05 0.0124349
9.9973E-05 0.358997 0.528339 0.00144434 0.11092 9.9973E-05 9.9973E-05
9.9991E-05 0.0344603 0.250733 0.0842023 0.0425941 0.0668791 0.521031
0.063363 0.177431 9.9982E-05 9.9982E-05 0.0654284 0.332743 0.360835
0.0941348 0.126175 0.0892458 9.9982E-05 9.9982E-05 0.384655 0.30559
0.115 0.289859 9.9991E-05 0.134685 0.0012945 0.295497 0.163564
0.214348 0.0959041 0.00824862 0.00434613 0.0293963 0.226079 0.421678
0.0446307 0.468275 0.27 9.9982E-05 9.9982E-05 0.133042 0.0838513
0.178653 0.262565 0.313494 9.9982E-05 9.9982E-05 0.089913 0.155176
9.9991E-05 0.0685846 0.232073 0.0673017 0.0147888 0.119547 0.497604
9.9982E-05 0.0989744 0.255265 0.103008 9.9982E-05 0.11318 0.429373
0.0865879 0.215645 0.29745 9.9982E-05 9.9982E-05 0.122621 0.277496
9.9982E-05 0.0386423 0.169936 0.0960338 9.9982E-05 0.0846718 0.610516
9.9991E-05 0.102498 0.238224 0.042441 0.00700881 0.140196 0.469532
0.0738353 0.0814745 0.164369 0.0763771 0.0881378 0.166819 0.348987
0.0413132 0.206965 0.334534 9.9982E-05 0.057744 9.9982E-05 0.359243
9.9991E-05 0.197409 0.302237 0.00625857 0.085245 0.0614343 0.347315
0.0178968 0.136505 0.23753 0.0701335 0.00420256 9.9991E-05 0.533632
0.025982 0.175519 0.2501 0.0310678 0.150968 0.0144955 0.351867
0.0694596 0.184759 0.0707108 9.9991E-05 0.0690537 0.12536 0.480557
9.9973E-05 0.270763 0.148935 9.9973E-05 0.0659916 9.9973E-05 0.514011
9.9982E-05 0.227399 0.33315 0.0130762 0.136524 9.9982E-05 0.28965
0.0769248 0.0135685 0.369329 9.9982E-05 9.9982E-05 0.0501912 0.489786
9.9982E-05 0.27216 0.41605 9.9982E-05 0.0714811 0.000200842 0.239908
0.000302006 0.195021 0.252648 0.108369 9.9982E-05 9.9982E-05 0.44346
0.0946103 0.0556061 0.201555 0.045089 0.0600454 0.0045478 0.538546
9.9991E-05 0.194266 0.263787 0.0329196 0.0176752 0.00922499 0.482027
0.0221928 0.14367 9.9982E-05 0.12839 9.9982E-05 0.234304 0.471243
0.117077 0.276745 0.0635828 0.0172343 9.9991E-05 0.188578 0.336683
0.179587 0.153535 0.0135017 0.0349636 0.0385019 0.222485 0.357426
0.0366955 0.130452 9.9991E-05 0.153387 0.182539 0.25994 0.236885
0.0439117 9.9991E-05 0.0502913 0.151204 0.105182 0.159751 0.48956
0.0670337 0.0752307 0.141905 0.131416 0.0437299 0.133513 0.407172
0.0321378 0.458705 0.18184 0.166044 0.0191013 0.142072 9.9991E-05
9.9982E-05 0.131213 9.9982E-05 0.107056 0.0143594 0.195535 0.551637
0.0956503 0.367499 0.0655956 0.324246 9.9982E-05 0.146809 9.9982E-05
9.9982E-05 0.142326 0.0630832 0.0767202 9.9982E-05 0.159573 0.558098
9.9964E-05 0.385236 0.491175 9.9964E-05 9.9964E-05 9.9964E-05 0.123188
9.9964E-05 0.380838 0.542697 9.9964E-05 0.0760654 9.9964E-05 9.9964E-05
9.9982E-05 0.0717762 0.327917 9.9982E-05 0.112325 0.108156 0.379626
9.9982E-05 0.0698127 0.13992 0.0927074 9.9982E-05 0.0316615 0.665698
9.9973E-05 0.169782 0.368142 9.9973E-05 0.0713269 9.9973E-05 0.39045
0.0513637 0.102764 0.384332 0.0113153 9.9991E-05 0.0270187 0.423107
9.9982E-05 0.0765508 0.267375 9.9982E-05 0.0416252 0.015856 0.598393
0.629058 0.018567 0.0367602 0.254597 9.9991E-05 0.0458261 0.0150921
0.386051 9.9973E-05 9.9973E-05 0.386055 0.13587 0.0917248 9.9973E-05
0.588175 9.9973E-05 9.9973E-05 0.355886 0.0194345 0.0362042 9.9973E-05
0.837365 9.9955E-05 9.9955E-05 0.162135 9.9955E-05 9.9955E-05 9.9955E-05
0.047317 9.9973E-05 0.323475 9.9973E-05 0.112686 9.9973E-05 0.516222
0.035226 9.9991E-05 0.366103 0.0281833 0.0635537 0.0103933 0.496441
0.030095 9.9982E-05 0.500683 0.021287 0.00951113 9.9982E-05 0.438223
0.0185835 9.9991E-05 0.226081 0.0993941 0.0168781 0.017351 0.621613
9.9991E-05 0.137286 0.114746 0.124953 0.0345289 0.033926 0.55446
9.9991E-05 0.0442541 0.523371 0.0600381 0.0926117 0.0160104 0.263615
0.0898387 9.9973E-05 0.271433 9.9973E-05 0.0282171 9.9973E-05 0.610212
0.0352488 0.128619 0.503586 9.9973E-05 9.9973E-05 9.9973E-05 0.332246
0.155325 9.9991E-05 0.00801296 0.121794 0.0382293 0.208149 0.46839
9.9982E-05 0.0628434 0.374754 9.9982E-05 0.0473562 0.0195141 0.495332
0.0213224 9.9982E-05 0.552817 9.9982E-05 0.0909009 0.014247 0.320513
9.9973E-05 9.9973E-05 0.405209 9.9973E-05 0.0541438 0.0228458 0.517502
0.0781384 9.9973E-05 0.49199 9.9973E-05 0.0223774 9.9973E-05 0.407194
0.0153247 0.0121879 0.358955 9.9982E-05 9.9982E-05 0.0221231 0.59121
0.0279126 9.9991E-05 0.237736 0.0572369 0.0141687 0.0247563 0.638089
9.9964E-05 0.00660053 0.868733 9.9964E-05 9.9964E-05 9.9964E-05 0.124267
0.0479851 9.9991E-05 0.578989 0.0294561 0.0533276 0.044611 0.245532
0.0357867 0.0226526 0.570703 0.0417124 0.0297953 9.9991E-05 0.29925
9.9955E-05 0.194519 0.804981 9.9955E-05 9.9955E-05 9.9955E-05 9.9955E-05
9.9982E-05 9.9982E-05 0.35038 0.0530154 0.144524 0.0286144 0.423266
0.0104307 0.220641 0.666951 9.9973E-05 9.9973E-05 9.9973E-05 0.101678
0.00482581 0.209 0.785774 9.9964E-05 9.9964E-05 9.9964E-05 9.9964E-05
0.101493 0.00822431 0.283376 9.9982E-05 9.9982E-05 0.0128663 0.593841
9.9982E-05 0.00689452 0.560534 0.1079 0.0796909 9.9982E-05 0.244781
9.9982E-05 9.9982E-05 0.338307 0.0909402 0.111801 0.0572091 0.401542
0.0321771 9.9991E-05 0.204828 0.0590827 0.0357434 0.101595 0.566473
9.9982E-05 9.9982E-05 0.306678 0.0529366 0.140531 0.0529484 0.446705
9.9982E-05 0.161959 0.201319 9.9982E-05 0.230213 0.0561744 0.350135
9.9991E-05 0.0458628 0.368007 0.0103427 0.0309544 0.0291972 0.515536
0.0436688 9.9982E-05 0.332994 9.9982E-05 0.120486 0.0156542 0.486997
0.0249955 9.9964E-05 0.652851 9.9964E-05 9.9964E-05 9.9964E-05 0.321754
0.0507647 0.0140425 0.252774 0.104062 0.0590215 0.0311606 0.488175
0.334339 0.08888 0.012388 0.331684 0.232508 9.9982E-05 9.9982E-05
0.468923 0.0226304 0.0612531 0.371726 0.0468577 9.9991E-05 0.0285098
0.593211 0.0303125 9.9973E-05 0.291734 0.0844421 9.9973E-05 9.9973E-05
0.503149 0.0195444 0.00161487 0.379378 0.0961133 9.9982E-05 9.9982E-05
0.360061 9.9973E-05 9.9973E-05 0.483374 0.134588 9.9973E-05 0.0216778
0.0197307 9.9991E-05 0.606999 0.0325956 0.156953 0.0277653 0.155856
9.99759E-05 9.99759E-05 0.675852 0.101562 0.123617 9.99759E-05 0.098669
9.9964E-05 0.0564617 0.751646 9.9964E-05 9.9964E-05 9.9964E-05 0.191493
0.0926465 0.0251864 0.13418 0.044292 0.0601502 0.0944211 0.549124
0.0461973 0.00710147 0.1525 0.0820899 9.9991E-05 0.097247 0.614764
0.0459128 0.0533656 0.554497 0.0246979 9.9982E-05 9.9982E-05 0.321327
9.9991E-05 0.0466454 0.265255 0.0135319 0.00471212 0.0336169 0.636138
9.9982E-05 0.0542567 0.446837 0.0718652 9.9982E-05 0.0495111 0.37733
0.0102211 0.0455719 0.265928 0.0325215 0.0610467 9.9991E-05 0.584611
0.0344885 9.9991E-05 0.183974 0.034821 0.0585856 0.0423958 0.645635
9.9982E-05 0.0129337 0.557594 0.035733 0.106681 9.9982E-05 0.286859
0.0398895 9.9973E-05 0.501268 9.9973E-05 0.0929914 9.9973E-05 0.365551
9.9964E-05 9.9964E-05 0.442465 9.9964E-05 0.166052 9.9964E-05 0.391082
0.0215585 0.198616 9.9982E-05 0.0923107 0.033729 9.9982E-05 0.653586
9.9973E-05 9.9973E-05 0.459653 0.046878 0.0657448 9.9973E-05 0.427424
9.9982E-05 0.0533013 0.448929 0.0724122 0.00302314 9.9982E-05 0.422134
0.0565261 0.0132782 9.9991E-05 0.0561783 0.0564559 0.407893 0.409569
0.124332 0.0874251 9.9991E-05 0.0612505 0.00590715 0.365545 0.35544
0.015297 0.0774826 9.9982E-05 0.0786709 9.9982E-05 0.494235 0.334115
0.0961289 0.0851972 9.9982E-05 0.0351719 9.9982E-05 0.47432 0.308982
0.139474 9.9982E-05 9.9982E-05 0.0380425 0.0618504 0.27724 0.483192
0.0621976 0.105582 0.420796 0.000709151 0.0123289 0.0586159 0.339771
0.182503 0.0633973 9.9991E-05 0.0498377 0.0373244 0.639892 0.0269455
0.19676 9.9982E-05 0.0400247 0.00989681 9.9982E-05 0.463675 0.289443
0.119231 0.245588 9.9982E-05 0.0365783 9.9982E-05 0.177441 0.420962
0.126434 0.182562 9.9982E-05 0.0434493 0.0523674 9.9982E-05 0.594987
9.9982E-05 0.309021 0.0445909 0.150008 0.0292598 9.9982E-05 0.46692
9.9991E-05 0.14898 0.0144301 0.136678 0.0622226 0.0168455 0.620744
0.0484236 0.174651 9.9991E-05 0.0803826 0.0489573 0.0333441 0.614141
0.10584 9.9973E-05 9.9973E-05 0.144699 9.9973E-05 0.456945 0.292216
0.0227666 9.9991E-05 0.0511107 0.145082 0.0670456 0.385969 0.327926
0.112069 0.0391407 9.9973E-05 9.9973E-05 9.9973E-05 0.442442 0.406048
0.0789938 9.9991E-05 0.116534 0.0682779 0.120187 0.266677 0.34923
0.157213 0.0369862 9.9982E-05 9.9982E-05 0.00159121 0.518968 0.285041
0.0776945 0.102051 9.9982E-05 9.9982E-05 0.0889321 0.344324 0.386799
0.109228 0.090418 9.9973E-05 9.9973E-05 9.9973E-05 0.602057 0.197997
0.0758442 9.9991E-05 0.0139926 0.0892088 0.102096 0.423627 0.295131
0.0191592 0.237977 9.9991E-05 0.17599 0.00980759 0.00391177 0.553054
0.0569922 0.0141754 0.0371553 0.1591 9.9991E-05 0.297123 0.435353
0.0620927 0.0324874 9.9982E-05 0.173688 9.9982E-05 0.602327 0.129204
0.0763085 9.9991E-05 0.0531703 0.0803996 0.097664 0.440082 0.252275
9.9982E-05 0.278415 0.0380557 0.199311 0.201129 9.9982E-05 0.282889
9.9982E-05 0.235463 0.0432044 9.9982E-05 0.0990634 0.0896402 0.532429
0.0434097 0.0499153 9.9991E-05 0.0808574 0.136194 0.366643 0.32288
0.0340484 0.165729 9.9991E-05 0.13422 0.0741725 0.00479364 0.586937
0.0487161 0.247877 9.9982E-05 0.123882 0.08402 9.9982E-05 0.495305
0.216265 0.0694195 0.142906 0.0247423 0.0115885 0.210822 0.324257
0.145766 0.0368442 0.0831728 0.140745 9.9991E-05 0.211377 0.381995
0.0813383 0.102347 0.0039798 0.0174025 0.0512902 0.0705277 0.673114
0.139086 0.0204038 0.0277169 9.9991E-05 0.103091 0.286948 0.422655
0.0527942 9.9973E-05 9.9973E-05 0.111707 9.9973E-05 0.470143 0.365056
0.129603 0.0972938 9.9982E-05 0.0485739 9.9982E-05 0.601647 0.122683
0.079601 0.130955 0.0636655 0.110411 9.9991E-05 0.0599363 0.555331
0.0266665 0.23723 0.0502281 0.118496 0.0696171 9.9991E-05 0.497663
0.105682 0.669703 0.0268392 9.9973E-05 9.9973E-05 9.9973E-05 0.197476
0.0403218 0.156793 9.9991E-05 0.117225 0.0209943 0.0439525 0.620613
0.0221439 0.043292 0.102354 0.163254 0.170243 0.046754 0.45196
0.125 0.0845275 0.080499 0.0829741 9.9991E-05 0.199645 0.427254
0.153431 0.111919 0.0981924 0.0338349 0.0988922 0.106099 0.397632
0.288222 0.567912 9.9964E-05 9.9964E-05 9.9964E-05 0.143466 9.9964E-05
0.338551 0.600884 9.9964E-05 9.9964E-05 9.9964E-05 0.0601652 9.9964E-05
0.12321 0.344452 0.0412093 9.9991E-05 0.0670534 0.162481 0.261494
0.33361 0.463752 9.9973E-05 0.002175 9.9973E-05 0.200162 9.9973E-05
0.420115 0.38977 9.9964E-05 9.9964E-05 9.9964E-05 0.189715 9.9964E-05
0.132266 0.257365 0.0887756 9.9991E-05 0.0056731 0.149235 0.366585
0.17357 0.17223 0.0595012 0.02755 9.9991E-05 0.173955 0.393094
0.286361 0.328047 0.00470224 9.9982E-05 9.9982E-05 0.119929 0.26076
0.315742 0.457606 9.9973E-05 9.9973E-05 9.9973E-05 0.121861 0.104491
0.129481 0.166972 0.0308183 0.026618 0.026648 0.0874077 0.532055
0.241297 0.422755 0.0824707 9.9982E-05 9.9982E-05 0.096636 0.156641
0.437036 0.562464 9.9955E-05 9.9955E-05 9.9955E-05 9.9955E-05 9.9955E-05
0.133278 0.0407919 0.0585906 0.0313639 0.126552 0.165654 0.443769
0.230269 0.188902 0.0470939 9.9991E-05 0.0217614 0.203173 0.308701
0.215544 9.9991E-05 0.00229331 0.102912 0.0722972 0.194266 0.412588
0.207033 9.9973E-05 9.9973E-05 0.0305959 9.9973E-05 0.22045 0.541621
0.163982 0.0266916 9.9991E-05 0.122107 0.0101404 0.186044 0.490935
0.0992538 0.0436343 0.0546611 0.103955 0.0342727 0.214539 0.449684
0.325875 0.0145229 9.9991E-05 0.113888 0.0265848 0.136204 0.382825
0.271253 9.9982E-05 9.9982E-05 0.0188872 0.063745 0.0815209 0.564394
0.237021 9.9991E-05 0.00898552 0.0261968 0.0543259 0.23416 0.439211
0.258176 0.127623 9.9982E-05 9.9982E-05 0.0387161 0.258435 0.31685
0.0811632 0.0333543 0.249943 0.106007 0.125704 0.188501 0.215327
0.143166 0.0197356 0.0830407 0.0443857 0.0731692 0.0855568 0.550946
0.112357 9.9991E-05 0.0762396 0.110517 0.0332536 0.190559 0.476974
0.0222945 0.00258677 0.180155 0.0626968 9.9991E-05 0.187264 0.544902
0.207082 0.0395331 9.9991E-05 0.0790007 0.0574809 0.312852 0.303951
0.234677 9.9991E-05 0.034672 0.0792036 0.0072576 0.153802 0.490288
0.346384 0.239475 0.0534053 0.0262741 9.9991E-05 0.246035 0.0883263
0.214434 9.9973E-05 9.9973E-05 9.9973E-05 0.108175 0.181416 0.495675
0.266794 0.196657 0.0288472 0.0301559 9.9991E-05 0.283607 0.193839
0.750529 0.044664 0.0372727 0.079811 0.0875229 9.9982E-05 9.9982E-05
0.0437843 0.0171595 9.9982E-05 0.0746966 0.708434 9.9982E-05 0.155725
9.9964E-05 9.9964E-05 0.00669043 0.0648274 0.928082 9.9964E-05 9.9964E-05
0.077417 9.9955E-05 9.9955E-05 9.9955E-05 0.922083 9.9955E-05 9.9955E-05
9.9964E-05 9.9964E-05 9.9964E-05 9.9964E-05 0.981691 0.0138733 0.00403555
0.0160287 9.9973E-05 9.9973E-05 9.9973E-05 0.919084 0.0545869 0.0100006
0.0359381 9.9964E-05 9.9964E-05 9.9964E-05 0.925253 9.9964E-05 0.038409
0.0617908 9.9964E-05 9.9964E-05 0.00661318 0.931196 9.9964E-05 9.9964E-05
0.225722 9.9955E-05 9.9955E-05 9.9955E-05 0.773778 9.9955E-05 9.9955E-05
0.667998 9.9964E-05 9.9964E-05 0.310139 9.9964E-05 9.9964E-05 0.0214634
0.45351 9.9982E-05 9.9982E-05 0.424663 0.0700786 0.03583 0.0157187
0.575971 9.9964E-05 9.9964E-05 0.373488 9.9964E-05 0.0501414 9.9964E-05
0.500182 0.0734694 9.9973E-05 0.352466 0.073583 9.9973E-05 9.9973E-05
0.547858 9.9964E-05 9.9964E-05 0.402384 9.9964E-05 0.0493578 9.9964E-05
0.388063 9.9973E-05 0.0305801 0.579578 9.9973E-05 0.0014787 9.9973E-05
0.478963 0.05011 9.9991E-05 0.270091 0.0619658 0.136557 0.00221365
0.416227 9.9964E-05 9.9964E-05 0.490123 9.9964E-05 0.09325 9.9964E-05
0.363252 9.9991E-05 0.0340049 0.44716 0.0520666 0.0442305 0.0591864
0.526175 9.9964E-05 9.9964E-05 0.413821 9.9964E-05 0.0596035 9.9964E-05
0.54841 9.9955E-05 9.9955E-05 0.45109 9.9955E-05 9.9955E-05 9.9955E-05
0.572251 0.0234987 9.9973E-05 0.345408 9.9973E-05 0.0585421 9.9973E-05
0.531395 9.9955E-05 9.9955E-05 0.468105 9.9955E-05 9.9955E-05 9.9955E-05
0.586527 9.9964E-05 9.9964E-05 0.382671 9.9964E-05 0.0304025 9.9964E-05
0.513741 9.9982E-05 9.9982E-05 0.369793 0.0196435 0.0566397 0.0399827
0.450979 9.9973E-05 9.9973E-05 0.445356 9.9973E-05 0.0888442 0.0145212
0.395943 9.9973E-05 9.9973E-05 0.439347 9.9973E-05 0.150594 0.0138165
0.399217 9.9973E-05 9.9973E-05 0.413665 9.9973E-05 0.132429 0.0543889
0.522861 9.9973E-05 9.9973E-05 0.339847 9.9973E-05 0.076346 0.0606453
0.0494969 0.269384 0.0465137 0.104886 0.118505 0.032638 0.378576
9.9982E-05 0.109112 0.0550929 0.0961464 0.0598759 9.9982E-05 0.679573
0.127861 0.0460597 0.125194 0.0384714 0.0737141 0.0638233 0.524877
9.9982E-05 0.631128 0.133554 0.0392341 0.0178668 9.9982E-05 0.178017
0.0075752 0.150862 9.9982E-05 0.150245 0.0954785 9.9982E-05 0.595639
0.059827 0.718863 9.9982E-05 0.0580141 0.0152703 9.9982E-05 0.147825
0.0479457 0.274727 0.062279 0.0399594 0.00470584 0.0224807 0.547903
9.9973E-05 0.270341 9.9973E-05 0.0972006 0.144246 9.9973E-05 0.487913
0.0155335 0.197882 9.9982E-05 0.112346 0.11048 9.9982E-05 0.563558
0.0181417 9.9982E-05 0.338563 0.0590208 9.9982E-05 0.0351871 0.548887
9.9973E-05 0.280833 9.9973E-05 0.144331 0.0972941 9.9973E-05 0.477242
0.0191135 0.116637 0.0320946 0.114743 0.00738681 9.9991E-05 0.709925
0.0620994 0.220585 9.9982E-05 0.00958236 0.132036 9.9982E-05 0.575498
9.9982E-05 0.0930055 0.251168 9.9982E-05 0.519787 0.0929564 0.0428825
9.9973E-05 0.810358 0.0763008 0.015164 0.0978777 9.9973E-05 9.9973E-05
9.9964E-05 0.705779 9.9964E-05 0.087208 9.9964E-05 9.9964E-05 0.206613
9.9973E-05 0.157518 9.9973E-05 0.182354 0.00186406 9.9973E-05 0.657964
0.0391977 0.237149 9.9982E-05 0.0787162 0.0384363 9.9982E-05 0.606301
0.115301 0.232711 0.131081 0.0393421 9.9982E-05 9.9982E-05 0.481365
0.0578253 0.132855 0.0260964 0.0724558 9.9991E-05 0.0637793 0.646888
0.0936832 0.0239604 0.0820698 0.10691 9.9991E-05 0.175959 0.517318
0.130508 9.9991E-05 0.0278315 0.0563182 0.0752841 0.172348 0.53761
