9.9964E-05 0.077683 0.894238 9.9964E-05 0.0276793 9.9964E-05 9.9964E-05
9.9964E-05 9.9964E-05 0.926665 0.0167964 9.9964E-05 0.0561384 9.9964E-05
0.113035 0.0661578 0.784321 9.9973E-05 0.0361868 9.9973E-05 9.9973E-05
0.0729105 0.0872327 0.775074 9.9973E-05 0.0644824 9.9973E-05 9.9973E-05
0.0222629 0.0491921 0.822737 0.0321081 0.0735004 9.9982E-05 9.9982E-05
9.9982E-05 0.0811217 0.594414 9.9982E-05 0.112465 0.0720172 0.139782
9.999E-05 0.0121902 0.804393 0.00493777 0.0159979 0.0128999 0.149481
9.9973E-05 0.164909 0.726586 9.9973E-05 0.0243581 9.9973E-05 0.0838467
9.99729E-05 0.0437324 0.816942 9.99729E-05 9.99729E-05 0.0724213 0.0666045
0.064894 0.0335837 0.688631 0.0801672 0.0733927 9.9991E-05 0.0592309
0.0192094 0.125038 0.714959 9.9973E-05 9.9973E-05 9.9973E-05 0.140494
0.208483 0.386021 9.9982E-05 9.9982E-05 0.0917156 0.255367 0.0582139
0.558672 0.257542 9.9973E-05 9.9973E-05 0.0459893 9.9973E-05 0.137497
0.306638 0.323768 0.0420536 0.152127 0.0216087 0.0839783 0.0698256
0.336309 0.321389 0.0707226 9.9991E-05 0.131946 0.109242 0.0302918
0.404991 0.223312 0.122946 0.0466715 0.0879633 0.0675622 0.0465546
0.578687 0.133855 0.0109832 0.0581813 0.113277 0.0933508 0.0116659
0.464938 0.217869 0.0287158 0.0456015 0.0409992 0.19614 0.00573544
0.293972 0.303715 0.121177 0.0107469 0.088691 0.181599 9.9991E-05
9.9982E-05 0.52862 9.9982E-05 0.0297795 0.0975714 0.182196 0.161633
0.350297 0.225925 0.0112093 9.9991E-05 0.0922627 0.276728 0.0434786
0.404591 0.0753247 0.0330512 0.100127 0.0868317 0.148699 0.151375
0.534185 0.142531 0.0561647 0.0363654 0.0245581 0.138763 0.0674333
0.289967 0.245926 0.0401866 0.0486967 0.0892865 0.217032 0.0689046
0.646987 0.0900156 0.0695805 0.0791701 0.0205764 0.0199962 0.0736742
0.463998 0.112275 0.0687631 9.9991E-05 0.087346 0.138001 0.129516
0.163039 0.430753 0.0407424 9.9991E-05 0.096296 0.192126 0.076943
0.143789 0.350788 0.0244514 9.9991E-05 0.202544 0.246076 0.0322521
0.234559 0.386569 9.9991E-05 0.0647858 0.0197956 0.177765 0.116426
0.13526 9.9964E-05 0.824272 9.9964E-05 0.0400685 9.9964E-05 9.9964E-05
0.190081 9.9955E-05 0.809419 9.9955E-05 9.9955E-05 9.9955E-05 9.9955E-05
0.155598 9.9973E-05 0.787217 9.9973E-05 0.0285731 0.028312 9.9973E-05
0.199447 9.9973E-05 0.750201 9.9973E-05 0.0377722 0.0122799 9.9973E-05
0.500403 0.120157 0.0150993 9.9991E-05 0.0040084 0.32189 0.0383414
0.39591 0.162952 0.0707838 0.0353987 0.0390109 0.295844 9.9991E-05
0.579254 9.9973E-05 9.9973E-05 0.0506621 0.0254949 0.344289 9.9973E-05
0.086824 0.571183 0.0551143 0.0383225 0.0426719 0.205784 9.9991E-05
0.273276 9.9982E-05 9.9982E-05 0.0783325 0.0428753 0.590794 0.014522
0.466313 0.107248 0.0949664 0.0476593 0.0389995 0.244713 9.9991E-05
0.64436 9.9991E-05 0.00610604 0.0210733 0.0666265 0.243475 0.0182592
0.580724 0.0275155 0.112133 0.0119908 9.9991E-05 0.137955 0.129582
0.584346 0.0377933 0.063449 9.9991E-05 0.0576777 0.169846 0.0867887
0.0999589 0.0678047 0.0593443 9.9982E-05 9.9982E-05 0.757415 0.0152771
0.595457 0.0616901 0.0207862 9.9982E-05 9.9982E-05 0.065831 0.256035
0.515122 0.0280813 0.0196249 0.00635896 0.0873699 0.21986 0.123584
0.61939 0.00956322 0.0987369 0.0108005 0.0911819 0.0810099 0.0893173
0.330312 9.9964E-05 9.9964E-05 0.0247749 9.9964E-05 0.644513 9.9964E-05
0.620746 9.9973E-05 0.0400109 9.9973E-05 9.9973E-05 0.308456 0.0304867
0.466111 9.9982E-05 0.148135 0.0323307 0.0918367 0.261387 9.9982E-05
9.9973E-05 9.9973E-05 0.0570144 0.0215237 9.9973E-05 0.697634 0.223528
0.147982 0.443342 9.9982E-05 0.0771622 9.9982E-05 0.300332 0.0309822
0.0727352 0.188788 9.9991E-05 0.108829 0.0377362 0.249076 0.342736
0.532135 0.128005 0.032436 0.0252613 0.0630795 0.149159 0.0699242
0.606949 0.0579239 0.0829841 0.100591 0.0425056 9.9991E-05 0.108946
0.613952 0.0632618 0.0664684 0.140629 0.0293943 9.9991E-05 0.0861943
0.145419 0.391495 0.0572135 0.0439058 9.9991E-05 0.243478 0.118389
0.553957 0.229921 9.9982E-05 0.0727439 9.9982E-05 0.0256515 0.117526
0.546274 0.155156 0.0887958 0.0297821 0.0710827 0.0570131 0.051896
0.308038 0.170425 0.142559 0.0218713 0.0133525 0.288603 0.0551521
0.0354626 0.308397 0.167181 9.9991E-05 0.0640174 0.247349 0.177493
0.504072 0.105252 0.0631802 0.0191255 0.0360445 0.227033 0.045292
0.414868 0.288122 0.0918407 0.0629775 0.0458557 0.0281431 0.0681926
0.0373465 0.479629 0.0526724 0.0124824 9.9991E-05 0.236673 0.181096
0.523186 0.169742 9.9991E-05 0.0559531 0.00917629 0.157797 0.0840463
0.66117 0.0307719 9.9982E-05 0.159746 0.0552476 9.9982E-05 0.0928644
0.508695 0.149251 0.144875 0.144205 0.0324328 9.9991E-05 0.0204412
0.286684 0.251345 0.052863 0.107698 0.0281945 0.216946 0.0562687
0.478367 0.172557 9.9982E-05 9.9982E-05 0.022503 0.126148 0.200225
0.645129 0.0704697 0.126354 0.10908 9.9982E-05 0.0487668 9.9982E-05
0.231672 0.351664 0.0332913 0.0944985 9.9991E-05 0.178618 0.110156
0.492271 0.0168247 9.9964E-05 9.9964E-05 9.9964E-05 0.490504 9.9964E-05
0.150802 0.0352335 0.0336366 9.9982E-05 0.0354184 0.744709 9.9982E-05
0.463273 0.0560384 0.0391254 0.0248034 0.154915 0.228456 0.0333886
9.9973E-05 9.9973E-05 0.00701835 0.00179287 9.9973E-05 0.862577 0.128312
9.9982E-05 0.0155568 0.0286766 0.100261 9.9982E-05 0.806682 0.0486245
0.244455 0.00882529 9.9973E-05 9.9973E-05 0.0151142 0.731306 9.9973E-05
0.424934 9.9973E-05 0.0132532 9.9973E-05 0.0185725 0.54294 9.9973E-05
0.568352 0.13564 0.158518 9.9982E-05 0.00184667 0.135443 9.9982E-05
0.400921 0.0299172 9.9991E-05 0.0726527 0.0598808 0.425338 0.011191
0.0763477 0.180448 0.0359503 9.9982E-05 0.0228855 0.684169 9.9982E-05
0.24298 0.259662 0.0466735 9.9973E-05 9.9973E-05 0.450385 9.9973E-05
0.503976 0.0384807 0.0666167 0.0267451 0.0722575 0.246762 0.0451619
0.219491 0.0275305 0.0590196 9.9982E-05 0.0415838 0.652175 9.9982E-05
0.480111 0.00781628 0.0281885 9.9982E-05 9.9982E-05 0.466363 0.0173209
0.422162 9.9964E-05 9.9964E-05 9.9964E-05 9.9964E-05 0.545958 0.0314805
9.9964E-05 9.9964E-05 9.9964E-05 0.179222 9.9964E-05 0.720112 0.100266
0.559696 0.056962 0.0369203 9.9991E-05 0.081493 0.24245 0.0223787
0.150746 0.0200921 0.828762 9.9964E-05 9.9964E-05 9.9964E-05 9.9964E-05
0.114076 9.9955E-05 0.885424 9.9955E-05 9.9955E-05 9.9955E-05 9.9955E-05
0.101641 9.9955E-05 0.897859 9.9955E-05 9.9955E-05 9.9955E-05 9.9955E-05
0.0917041 9.9964E-05 0.867603 9.9964E-05 9.9964E-05 9.9964E-05 0.0402935
0.0551123 9.9973E-05 0.844975 9.9973E-05 0.0614276 0.0381855 9.9973E-05
0.0667235 9.9973E-05 0.881507 0.018102 0.0333674 9.9973E-05 9.9973E-05
0.081456 9.99551E-05 0.918044 9.99551E-05 9.99551E-05 9.99551E-05 9.99551E-05
0.444063 9.9982E-05 0.179898 0.0162696 0.0606 0.29897 9.9982E-05
0.49539 0.0591741 0.0822772 0.0329274 0.0934407 0.213845 0.0229456
9.9973E-05 0.0857999 0.0286593 0.0470241 9.9973E-05 0.838217 9.9973E-05
0.474155 0.106108 0.0397034 0.0732998 0.0924653 0.131784 0.0824836
0.424005 0.0840327 0.0481655 9.9982E-05 0.0142139 0.429383 9.9982E-05
0.575662 0.0850006 0.0125157 0.0221645 0.0611518 0.243406 9.9991E-05
0.584594 0.00693471 9.9991E-05 0.0777059 0.0292079 0.226282 0.0751757
0.433918 9.9973E-05 9.9973E-05 0.0102301 0.0572562 0.498296 9.9973E-05
9.9964E-05 0.165812 0.078891 9.9964E-05 9.9964E-05 0.754898 9.9964E-05
0.541615 0.0511174 0.16409 9.9991E-05 0.0442444 0.161298 0.037535
0.74696 0.0811243 0.0254829 9.9982E-05 9.9982E-05 0.133578 0.0126543
0.434997 0.109729 0.0704197 0.0652576 0.110209 0.209287 9.9991E-05
0.318489 9.9973E-05 9.9973E-05 0.0968777 9.9973E-05 0.448029 0.136304
0.39606 9.9982E-05 0.0643056 0.0649839 0.0415664 0.432884 9.9982E-05
0.485513 0.105247 9.9973E-05 0.000149841 9.9973E-05 0.40879 9.9973E-05
0.255522 9.9973E-05 9.9973E-05 0.0176513 0.081095 0.645432 9.9973E-05
0.451995 0.110291 0.0497676 0.0008907 9.9982E-05 0.386856 9.9982E-05
0.609341 0.0405994 0.0974477 0.00928487 9.9991E-05 0.209663 0.033564
0.23224 0.331904 0.0339127 0.205381 9.9991E-05 0.0899059 0.106556
0.48118 0.284862 0.0820538 9.9991E-05 0.0236406 0.0514711 0.076693
0.505068 0.250545 0.123939 0.0130715 0.0447254 0.0146076 0.048044
0.566263 0.0697656 0.062548 0.0323668 0.0687087 0.0419709 0.158377
0.527778 0.341999 9.9973E-05 0.0877621 9.9973E-05 9.9973E-05 0.0421609
0.547069 0.262373 0.038978 0.052279 0.0620528 0.0224144 0.0148345
0.497488 0.392733 9.9982E-05 0.0238496 9.9982E-05 0.0595585 0.0261706
0.538604 0.199717 9.9991E-05 0.0820935 0.0122255 0.0689774 0.0982829
0.581085 0.17225 9.9991E-05 0.0070672 0.00910094 0.0501929 0.180204
0.623634 0.134923 0.0661314 0.0791491 9.9982E-05 0.0959631 9.9982E-05
0.52575 0.348026 9.9982E-05 0.0200167 9.9982E-05 0.0671221 0.038885
0.665378 0.0986888 0.0658836 9.9982E-05 0.0290173 9.9982E-05 0.140832
0.489586 0.109374 0.190228 0.0278338 0.0221425 0.160736 9.9991E-05
0.50057 0.239833 9.9982E-05 0.150369 0.0396764 0.0693521 9.9982E-05
0.573223 0.118572 0.0792718 0.152316 0.0469182 9.9991E-05 0.0295988
0.541885 0.322335 9.9982E-05 0.0267682 0.0470515 0.0617605 9.9982E-05
0.379977 0.281846 0.0721588 0.0889962 0.000441471 9.9991E-05 0.17648
0.689654 0.169006 9.9991E-05 0.0288693 0.0445561 0.0097066 0.0581082
0.68735 0.185498 9.9973E-05 0.0541034 9.9973E-05 9.9973E-05 0.0727494
0.160307 0.352122 9.9991E-05 0.0885748 0.11617 0.204544 0.078181
0.230593 0.266382 9.9982E-05 0.179587 9.9982E-05 0.0612104 0.262028
0.47298 0.3151 0.0443252 0.061405 0.0686268 9.9991E-05 0.0374629
0.0353214 0.317422 9.9991E-05 0.215379 0.0358359 0.192398 0.203544
0.334732 0.43095 0.0705812 0.0837679 0.00458134 0.0752876 9.9991E-05
0.458981 0.285552 0.0302097 9.9973E-05 9.9973E-05 0.224957 9.9973E-05
0.332689 0.391514 0.0148054 9.9973E-05 9.9973E-05 0.260692 9.9973E-05
0.305973 0.445417 9.9973E-05 9.9973E-05 9.9973E-05 0.153636 0.0946746
0.634253 0.0928457 0.117931 0.115273 9.9982E-05 0.0394977 9.9982E-05
0.58705 0.197265 0.107847 0.0587134 0.0406436 0.00838117 9.9991E-05
0.557732 0.0942833 0.145444 0.0712458 0.00819323 0.123001 9.9991E-05
0.11403 0.34477 9.9991E-05 0.0695617 0.0664743 0.168802 0.236262
0.45967 0.162141 0.144709 9.9991E-05 0.0119763 0.147562 0.0738425
0.458094 9.9991E-05 0.0100958 0.0874115 0.0297406 0.190885 0.223672
9.9982E-05 0.126032 0.115581 0.159796 9.9982E-05 0.188792 0.4096
0.573141 9.9991E-05 0.11371 0.130603 0.0236669 0.129524 0.0292552
0.346356 0.0779747 0.0804279 0.0998869 9.9991E-05 0.120965 0.27429
0.462878 0.0452463 0.0378047 0.06464 0.074275 0.0546739 0.260482
0.261093 0.0828248 0.031663 0.0451163 0.00554553 0.132768 0.440989
0.207409 0.0728149 0.0741197 0.149549 9.9991E-05 0.0705842 0.425424
0.379723 0.119655 0.0607734 0.248841 9.9991E-05 0.109564 0.0813433
0.541125 0.095822 0.136458 0.112376 9.9991E-05 0.0390244 0.0750944
0.389948 0.182551 0.0810104 0.075826 0.0358226 0.141441 0.0934014
0.00792542 0.108174 0.0226773 0.115589 0.168709 0.184153 0.392772
0.615289 0.01542 0.0320592 0.000673488 0.0970797 0.122649 0.11683
0.334794 0.10223 9.9982E-05 0.126945 9.9982E-05 0.197437 0.238395
0.426063 0.128746 9.9991E-05 0.166694 0.00117524 0.102313 0.174908
0.579803 0.0294909 0.0943948 0.107316 0.0158729 0.00242496 0.170698
0.147405 0.0132792 0.262279 0.0113022 0.24723 9.9991E-05 0.318404
9.9964E-05 9.9964E-05 0.500839 9.9964E-05 0.105921 9.9964E-05 0.39284
9.9973E-05 9.9973E-05 0.401457 0.0265249 0.145077 9.9973E-05 0.426641
0.132336 0.00138348 0.357024 9.9982E-05 0.289302 9.9982E-05 0.219755
0.625699 9.9973E-05 9.9973E-05 0.114724 9.9973E-05 0.0484452 0.210832
0.465654 0.0889712 0.0609821 0.100547 0.16705 9.9991E-05 0.116695
0.270194 0.0215923 9.9973E-05 9.9973E-05 0.681952 0.0259613 9.9973E-05
0.260887 0.0618703 0.0441514 0.00705669 0.450063 0.175871 9.9991E-05
0.335465 0.165832 0.00184648 0.00663132 0.380398 0.0276995 0.0821275
0.313432 9.9982E-05 9.9982E-05 0.143325 0.0104019 0.147682 0.384959
0.537564 0.114773 0.0926364 0.108519 9.9991E-05 0.0786432 0.0677645
0.222629 9.9973E-05 9.9973E-05 0.168176 9.9973E-05 0.0989457 0.509949
0.562226 9.9982E-05 9.9982E-05 0.12799 0.0281027 0.0868814 0.194601
0.473606 0.0610247 0.00902849 0.108034 0.0178926 0.117577 0.212836
0.549726 0.0839469 9.9991E-05 0.0338186 0.0382768 0.0529791 0.241152
0.246303 0.0555353 9.9982E-05 0.120323 9.9982E-05 0.109961 0.467678
0.586867 0.0729112 0.0434776 9.9991E-05 0.0813668 0.151722 0.0635555
0.54332 0.061578 9.9991E-05 0.0997712 0.0642627 0.0630505 0.167918
9.9964E-05 9.9964E-05 9.9964E-05 0.00577817 0.935374 0.0584481 9.9964E-05
0.116136 0.0327464 9.9973E-05 0.0151278 0.83569 9.9973E-05 9.9973E-05
0.33615 0.0683482 0.0393052 9.9982E-05 0.540003 0.0159935 9.9982E-05
0.25915 0.020125 9.9973E-05 0.0389534 0.681472 9.9973E-05 9.9973E-05
0.150681 0.00561764 0.0494658 9.9982E-05 0.771337 9.9982E-05 0.0226989
9.995E-05 9.995E-05 9.995E-05 9.995E-05 0.9994 9.995E-05 9.995E-05
9.9955E-05 0.0682867 9.9955E-05 9.9955E-05 0.931214 9.9955E-05 9.9955E-05
0.119551 9.9964E-05 9.9964E-05 9.9964E-05 0.852465 0.027585 9.9964E-05
9.9964E-05 0.0383948 9.9964E-05 9.9964E-05 0.960413 0.0007926 9.9964E-05
9.995E-05 9.995E-05 9.995E-05 9.995E-05 0.9994 9.995E-05 9.995E-05
9.995E-05 9.995E-05 9.995E-05 9.995E-05 0.9994 9.995E-05 9.995E-05
0.184948 9.9973E-05 0.0531774 0.0392611 0.722314 9.9973E-05 9.9973E-05
0.0865676 0.089648 9.9964E-05 9.9964E-05 0.823385 9.9964E-05 9.9964E-05
9.9955E-05 9.9955E-05 9.9955E-05 9.9955E-05 0.987996 0.0115046 9.9955E-05
0.369829 0.072256 0.0558132 0.065067 0.401951 0.0349835 9.9991E-05
0.207696 0.0587789 0.0238245 9.9991E-05 0.645902 0.0400009 0.0236976
0.14661 0.0305006 0.0674376 9.9973E-05 0.755152 9.9973E-05 9.9973E-05
0.0882331 0.0434256 0.0144973 0.000839612 0.841835 9.9991E-05 0.0110694
0.0138108 9.9964E-05 9.9964E-05 9.9964E-05 0.985487 0.000302605 9.9964E-05
0.00476055 0.0161464 0.0559753 9.9973E-05 0.922818 9.9973E-05 9.9973E-05
9.995E-05 9.995E-05 9.995E-05 9.995E-05 0.9994 9.995E-05 9.995E-05
0.236591 0.0166287 0.124686 0.0141927 0.569909 9.9991E-05 0.0378929
9.9964E-05 9.9964E-05 0.0154209 0.129602 0.854577 9.9964E-05 9.9964E-05
9.9982E-05 9.9982E-05 0.257218 0.0543759 0.0591349 0.0480541 0.581017
0.412447 0.0896365 0.152192 9.9991E-05 0.089229 0.0247456 0.23165
0.410646 0.0478646 0.253614 0.0233814 0.00407088 0.0841421 0.176281
0.220375 9.9982E-05 0.115113 0.0145337 0.16075 9.9982E-05 0.489028
0.482471 0.0128782 0.137471 0.0666338 0.125305 0.0611009 0.11414
0.133723 9.9991E-05 0.203086 0.0393314 0.137752 0.0671605 0.418847
0.540802 0.0543459 0.19435 0.0322548 0.00680005 9.9991E-05 0.171348
0.318165 9.9991E-05 0.136804 0.0209164 0.113637 0.0366363 0.373741
0.501252 9.9982E-05 0.113047 0.0164916 0.0852271 9.9982E-05 0.283782
0.383899 9.9973E-05 0.136575 9.9973E-05 0.123263 9.9973E-05 0.355963
0.535128 0.0359751 0.183942 9.9982E-05 0.0474072 9.9982E-05 0.197348
0.0238815 0.0906516 0.815255 0.00633135 9.9991E-05 0.0185151 0.0452653
0.0155125 0.0138562 0.8991 0.00636664 0.0557565 9.9991E-05 0.00930839
9.9964E-05 0.0181977 0.960191 9.9964E-05 9.9964E-05 9.9964E-05 0.0212113
0.0453899 0.0210612 0.933149 9.9964E-05 9.9964E-05 9.9964E-05 9.9964E-05
9.9973E-05 0.0589328 0.88557 0.0457619 0.00943581 9.9973E-05 9.9973E-05
9.9964E-05 9.9964E-05 0.844104 0.0525014 0.102994 9.9964E-05 9.9964E-05
0.0573069 9.9964E-05 0.867788 9.9964E-05 0.0745056 9.9964E-05 9.9964E-05
0.00557274 9.9982E-05 0.877008 0.0611643 9.9982E-05 0.00755498 0.0484997
9.9964E-05 9.9964E-05 0.913869 9.9964E-05 0.0109135 0.0748176 9.9964E-05
9.9982E-05 0.0409461 0.828868 0.00679463 0.0967169 9.9982E-05 0.0264742
9.9973E-05 0.213292 0.616159 0.0617512 9.9973E-05 0.108498 9.9973E-05
9.9973E-05 0.290737 0.575489 0.00151452 9.9973E-05 0.131959 9.9973E-05
9.9982E-05 0.278461 0.513455 0.0591948 9.9982E-05 0.0553079 0.0933807
9.9973E-05 0.289333 0.537781 9.9973E-05 9.9973E-05 0.168276 0.00430997
0.475521 0.0369451 0.0610081 0.0678863 0.0446441 0.280068 0.0339278
0.492928 0.105449 0.0547022 0.0766198 9.9991E-05 0.205173 0.0650287
0.504908 0.153953 0.030114 9.9991E-05 0.0476656 0.247408 0.0158517
0.425022 0.198528 0.0368625 0.0628912 9.9991E-05 0.2402 0.0363961
0.136296 0.563449 9.9982E-05 0.0928446 0.0171155 0.190095 9.9982E-05
0.594404 0.0872922 0.0388837 0.0783756 0.0798411 0.121103 9.9991E-05
0.56026 0.0850708 9.9982E-05 0.0367043 0.0215554 0.29621 9.9982E-05
0.511792 0.143259 9.9982E-05 0.0219429 9.9982E-05 0.319513 0.00329326
0.362707 0.0488821 9.9982E-05 9.9982E-05 0.0254995 0.447385 0.115326
0.571356 0.146758 0.0188627 0.00437851 0.0871004 0.114995 0.056549
0.445765 0.112776 0.0041053 0.0690655 9.9991E-05 0.364098 0.00409088
9.9973E-05 0.0323144 9.9973E-05 0.226806 9.9973E-05 0.726248 0.0143324
0.530276 0.165253 0.11282 9.9982E-05 9.9982E-05 0.189724 0.00172817
0.237066 9.9973E-05 9.9973E-05 0.0528914 9.9973E-05 0.513495 0.196247
0.491811 9.9982E-05 9.9982E-05 0.0992607 0.00516409 0.385713 0.0178506
0.0680003 0.106913 0.084062 9.9973E-05 9.9973E-05 0.740725 9.9973E-05
9.9973E-05 0.726491 0.104438 9.9973E-05 0.00835572 9.9973E-05 0.160415
0.0390034 0.672662 0.10087 0.0278157 9.9982E-05 9.9982E-05 0.159448
9.9973E-05 0.844166 0.0342878 0.0312046 9.9973E-05 9.9973E-05 0.0900414
9.9982E-05 0.769247 0.0900973 0.0394502 9.9982E-05 0.0171107 0.0838945
0.0787532 0.757716 9.9964E-05 9.9964E-05 9.9964E-05 9.9964E-05 0.163131
0.0933402 0.72992 0.0768945 9.9982E-05 0.036773 9.9982E-05 0.0628719
0.10186 9.9973E-05 0.866444 9.9973E-05 0.0190492 0.0123465 9.9973E-05
0.0726657 0.0918925 0.785139 9.9973E-05 0.0500029 9.9973E-05 9.9973E-05
0.149553 9.9973E-05 0.733267 9.9973E-05 0.101736 9.9973E-05 0.0151431
0.0981572 0.0410728 0.777066 9.9973E-05 0.0834045 9.9973E-05 9.9973E-05
0.168251 0.0202584 0.79119 9.9973E-05 0.020001 9.9973E-05 9.9973E-05
9.9973E-05 0.553036 0.357594 9.9973E-05 9.9973E-05 0.00463809 0.0844327
9.9973E-05 0.39404 0.440293 0.0852055 9.9973E-05 9.9973E-05 0.080162
9.9973E-05 0.434871 0.431995 0.126514 9.9973E-05 0.00631999 9.9973E-05
0.12372 0.0506702 0.82521 9.9964E-05 9.9964E-05 9.9964E-05 9.9964E-05
9.9982E-05 0.483064 0.360244 0.098071 9.9982E-05 0.027805 0.0306165
0.28477 9.9973E-05 0.182396 9.9973E-05 0.283193 9.9973E-05 0.249341
0.477101 0.0443156 0.119454 9.9982E-05 0.273928 9.9982E-05 0.0850015
0.534465 9.9964E-05 0.217268 9.9964E-05 0.247867 9.9964E-05 9.9964E-05
0.324903 0.0398135 0.221769 9.9991E-05 0.206307 0.0602212 0.146887
0.432764 0.0942455 0.121529 9.9991E-05 0.233496 0.0582549 0.0596098
9.9973E-05 9.9973E-05 0.417463 0.00872593 0.29538 9.9973E-05 0.278131
0.438437 0.3468 9.9973E-05 0.109115 9.9973E-05 0.105347 9.9973E-05
0.372924 0.204965 9.9991E-05 0.141302 0.041324 0.0719559 0.167429
0.259093 0.468568 0.11309 0.0441547 9.9991E-05 0.1017 0.013294
0.47961 0.115661 9.9982E-05 0.203762 9.9982E-05 0.0954486 0.10532
9.9973E-05 0.176099 9.9973E-05 0.407779 9.9973E-05 0.165286 0.250536
0.505628 0.163845 9.9982E-05 0.0603311 0.0505174 9.9982E-05 0.219478
0.474744 0.18009 9.9982E-05 0.116266 9.9982E-05 0.149285 0.0794144
0.356956 0.33211 0.0741963 0.0195516 9.9991E-05 0.193566 0.02352
0.476875 0.2227 0.0537975 0.0384181 0.0772294 0.0938932 0.0370865
0.0776683 0.22082 9.9982E-05 0.116778 9.9982E-05 0.209646 0.374888
0.427121 0.156906 9.9982E-05 0.154272 9.9982E-05 0.100151 0.16135
0.537519 0.314335 0.0165014 0.00219166 0.00678656 0.0477245 0.0749416
0.322027 0.05828 0.0523879 0.00886961 0.26169 0.170344 0.126402
0.348909 0.22489 9.9982E-05 0.292544 9.9982E-05 0.0796044 0.0538531
0.448466 0.242461 0.0369585 0.180988 0.0147727 0.0762526 9.9991E-05
0.442401 0.119967 9.9991E-05 0.13942 0.0744775 0.113717 0.109917
0.583974 0.149994 9.9982E-05 9.9982E-05 0.00195049 0.164923 0.0989594
0.638809 0.11395 0.0115652 0.115252 0.064866 0.0451783 0.0103803
0.41867 0.209643 0.104733 9.9991E-05 0.0745029 0.189121 0.00323028
0.616744 0.125741 0.0858364 0.0126939 9.9982E-05 9.9982E-05 0.158785
0.164571 9.9964E-05 0.767755 9.9964E-05 0.0672742 9.9964E-05 9.9964E-05
0.126618 9.9973E-05 0.837504 0.0269255 0.00865274 9.9973E-05 9.9973E-05
0.0563382 0.0841856 0.758516 0.0246445 0.0234938 0.0178175 0.0350047
9.9982E-05 0.022973 0.854012 9.9982E-05 0.00996949 0.101041 0.0118045
0.128651 0.000194139 0.842133 9.9973E-05 0.0287223 9.9973E-05 9.9973E-05
0.107112 0.518923 9.9991E-05 0.00678 0.0987925 0.256435 0.0118575
0.525067 0.10143 0.0866368 0.090351 0.0261839 0.120962 0.0493691
0.367546 0.0512663 0.169251 9.9991E-05 0.223013 0.0560195 0.132805
0.594332 0.220521 0.0223827 0.00441256 0.0715675 0.0866845 9.9991E-05
0.580105 0.262609 9.9973E-05 0.0317522 9.9973E-05 0.125233 9.9973E-05
0.21083 0.337466 9.9982E-05 0.199359 0.0820429 9.9982E-05 0.170103
0.0331594 0.540891 0.112924 9.9982E-05 9.9982E-05 0.175034 0.137791
0.537478 0.204135 0.0221736 0.0750707 9.9982E-05 0.160943 9.9982E-05
0.0636309 0.508884 0.0655264 0.131325 0.0949473 0.1074 0.0282867
0.352395 0.114909 0.0865873 0.119381 0.0865306 0.105417 0.13478
0.0516293 0.54154 0.133622 0.0978937 0.0292724 0.145943 9.9991E-05
0.516879 0.162668 0.0587563 0.0667381 0.139316 0.0555434 9.9991E-05
0.144806 0.492395 0.0429307 0.0451467 0.078507 0.159199 0.0370154
0.283263 0.344195 0.00477806 0.178137 0.0997655 0.0546737 0.0351878
0.477301 0.137363 0.0423196 0.109133 9.9991E-05 0.0511963 0.182587
0.267746 0.123591 9.9973E-05 0.156794 9.9973E-05 9.9973E-05 0.451569
0.660135 0.0368603 9.9982E-05 0.0257755 0.0113765 9.9982E-05 0.265652
0.590941 9.9991E-05 0.161977 0.0495556 0.00132484 0.06875 0.127351
0.358564 0.0126822 9.9982E-05 0.140182 9.9982E-05 0.0893079 0.399064
0.572988 0.147599 0.0863189 0.083664 9.9991E-05 0.0273685 0.0819611
0.550889 0.0507754 0.0213117 0.108421 9.9991E-05 0.0369045 0.231598
0.0797913 0.0613993 9.9982E-05 0.168099 9.9982E-05 0.161667 0.528844
0.27153 0.0255419 9.9982E-05 0.0862009 9.9982E-05 0.0431385 0.573389
0.478449 0.105569 9.9973E-05 0.0984954 9.9973E-05 9.9973E-05 0.317187
0.139155 0.114901 9.9982E-05 0.120086 9.9982E-05 0.179865 0.445792
0.504218 0.132331 9.9973E-05 9.9973E-05 9.9973E-05 0.0939389 0.269212
0.058982 0.636568 9.9982E-05 0.0773591 0.0381838 0.188707 9.9982E-05
0.16868 0.324866 9.9991E-05 0.370971 0.0179591 0.0478175 0.0696065
0.317313 0.34226 0.00824368 0.156689 0.0783469 0.0970471 9.9991E-05
0.592603 0.223524 0.0565395 9.9991E-05 0.0792948 0.0436835 0.00425586
0.164729 0.45106 9.9991E-05 0.117267 0.0426669 0.188481 0.0356959
0.475057 0.160797 0.0473645 0.24796 0.0302667 0.00198208 0.0365729
0.560759 0.206651 0.0395911 0.0856507 0.0383002 0.0527524 0.0162961
0.47722 0.293939 0.017163 0.0945228 0.0699322 0.00687337 0.0403497
0.478483 0.224741 9.9982E-05 0.139057 0.108362 0.0491567 9.9982E-05
0.431511 0.280447 0.0457953 0.0383772 0.0374257 0.166344 9.9991E-05
0.160604 0.491948 9.9982E-05 0.0513455 0.116049 0.179853 9.9982E-05
0.213003 0.420413 9.9982E-05 0.12668 0.164107 0.0755973 9.9982E-05
0.570296 0.188017 0.0174228 0.121777 0.0555988 0.0167629 0.0301253
0.520627 0.165952 9.9991E-05 0.082114 0.0426469 0.0926546 0.0959056
0.371504 0.242989 9.9991E-05 0.158505 0.0699183 0.0447037 0.11228
0.494408 0.245054 9.9973E-05 0.215372 0.0448656 9.9973E-05 9.9973E-05
0.392173 0.435212 9.9973E-05 9.9973E-05 0.0563695 9.9973E-05 0.115945
0.656899 0.20291 0.0251092 0.0359262 0.0145467 0.064509 9.9991E-05
0.503756 0.206497 0.0193597 0.0953363 0.0555774 0.104024 0.0154492
0.531521 0.147048 0.0111057 0.104586 0.099991 0.0331859 0.0725625
0.400642 9.9982E-05 0.364362 9.9982E-05 0.122714 0.0794373 0.0326445
0.439011 9.9991E-05 0.104278 0.0254459 0.21562 0.0412223 0.174322
0.598371 0.0698936 0.146062 0.0225216 0.0857352 0.0262698 0.0511466
0.633016 0.0183287 0.0815611 0.132123 0.0466723 0.0351501 0.0531493
0.427081 9.9991E-05 0.226758 0.0434999 0.250362 0.0456616 0.00653688
0.452636 0.193135 9.9982E-05 0.230575 0.0305485 9.9982E-05 0.0929049
0.372834 0.00871478 0.148366 0.0833699 0.217631 0.168985 9.9991E-05
9.9982E-05 9.9982E-05 0.220475 0.00253 0.126708 0.230674 0.419413
0.518786 0.0336122 0.0920082 0.0362548 0.152409 0.0812779 0.0856521
0.433548 0.111093 0.0987594 0.0428842 0.198145 0.115471 9.9991E-05
0.526265 0.0240796 0.0310609 0.11818 0.20346 0.0927647 0.00418951
0.292268 0.106081 0.117597 0.0806796 0.160776 0.0418179 0.20078
0.434731 9.9982E-05 0.202193 0.024067 0.158334 0.180475 9.9982E-05
0.564609 9.9982E-05 0.150871 0.0878179 0.107758 9.9982E-05 0.0887441
9.9982E-05 9.9982E-05 0.466338 0.00751676 0.151723 0.0108011 0.363421
0.494062 9.9982E-05 0.242005 9.9982E-05 0.1306 0.00360181 0.129531
0.447805 9.9982E-05 0.0675905 0.0501855 0.249076 9.9982E-05 0.185143
0.625456 9.9991E-05 0.0717989 0.0800176 0.0898643 0.0157805 0.116983
0.568454 9.9973E-05 0.184413 9.9973E-05 0.140948 9.9973E-05 0.105886
0.537259 0.0416845 0.144256 0.103826 0.122765 0.00514202 0.0450671
0.419135 0.0104749 0.0475331 0.404673 0.0335129 0.0845714 9.9991E-05
0.497946 0.077594 0.112385 0.180297 0.0174086 9.9991E-05 0.114269
9.9964E-05 0.0855647 9.9964E-05 0.745412 9.9964E-05 0.168623 9.9964E-05
9.9964E-05 0.04339 9.9964E-05 0.909789 9.9964E-05 0.0464215 9.9964E-05
0.330645 0.118071 0.00532648 0.314457 0.127694 0.103708 9.9991E-05
0.381444 9.9982E-05 0.0602721 0.0802885 0.31444 9.9982E-05 0.163355
0.2637 9.9982E-05 0.0929933 0.252213 0.371899 9.9982E-05 0.0189956
0.178424 0.0227144 0.220601 0.169476 0.252925 0.0259157 0.129944
0.328466 9.9973E-05 0.214531 0.190147 0.266557 9.9973E-05 9.9973E-05
0.0400716 9.9982E-05 0.0677781 0.706323 0.0788098 9.9982E-05 0.106818
0.115941 9.9982E-05 0.1399 0.66273 0.0592812 9.9982E-05 0.0219485
0.453865 9.9982E-05 0.0236166 0.433565 0.0874372 0.00131624 9.9982E-05
0.364228 9.9973E-05 0.0433285 0.458937 0.133207 9.9973E-05 9.9973E-05
0.123656 9.9973E-05 0.0758056 0.699734 0.100505 9.9973E-05 9.9973E-05
0.504721 0.0223202 0.113537 0.283512 0.0757093 9.9982E-05 9.9982E-05
0.556633 9.9964E-05 9.9964E-05 0.363319 0.0796478 9.9964E-05 9.9964E-05
0.435608 0.0332104 0.0418947 0.131016 0.132229 0.108887 0.117155
0.275768 0.0700657 0.0088741 0.606732 9.9982E-05 0.038361 9.9982E-05
0.273775 0.0727565 9.9991E-05 0.567993 0.0589943 0.0242024 0.00217929
0.607235 0.0391062 9.9982E-05 0.300521 9.9982E-05 0.00672419 0.0462134
0.360371 0.103887 0.0343171 0.405489 0.0440723 0.0243897 0.0274745
0.457792 0.126422 0.061586 0.0856127 0.0676286 0.0844056 0.116553
0.440886 9.9964E-05 9.9964E-05 0.412221 9.9964E-05 9.9964E-05 0.146493
0.187109 0.0711485 9.9973E-05 0.693417 9.9973E-05 9.9973E-05 0.0480257
0.456703 9.9982E-05 9.9982E-05 0.358172 0.0679481 0.060905 0.0560727
0.170118 0.062337 9.9973E-05 0.746936 9.9973E-05 0.0203095 9.9973E-05
0.440973 9.9973E-05 0.0136562 0.541809 0.00326193 9.9973E-05 9.9973E-05
0.462317 9.9982E-05 0.069985 0.239489 0.126747 0.101262 9.9982E-05
0.513171 0.00440812 0.0545438 0.231707 0.0717394 0.0720033 0.0524279
0.450694 9.9991E-05 0.134783 0.0602012 0.205096 0.017162 0.131964
0.374773 0.13384 0.14671 0.126634 0.13109 9.9991E-05 0.0868533
0.319306 0.0205065 0.190258 9.9991E-05 0.251298 0.0268338 0.191698
0.271096 0.100904 0.116943 0.0813188 0.233127 9.9991E-05 0.196512
0.389039 0.086716 0.108851 0.0234347 0.271964 0.0743447 0.0456509
0.424044 9.9991E-05 0.167769 0.0601306 0.172519 0.112672 0.0627651
9.9973E-05 9.9973E-05 0.191918 0.587726 0.13137 9.9973E-05 0.0886865
0.568456 0.0199232 0.0213486 0.13451 0.20963 0.00142136 0.044711
9.9973E-05 9.9973E-05 0.399638 0.443706 0.0839802 9.9973E-05 0.0723757
0.506312 9.9982E-05 0.0669415 0.270193 0.152282 9.9982E-05 0.00407058
0.0926031 9.9973E-05 9.9973E-05 0.793492 9.9973E-05 0.102263 0.0113417
9.9964E-05 9.9964E-05 0.00183603 0.904921 9.9964E-05 0.0928433 9.9964E-05
0.473661 9.9964E-05 9.9964E-05 0.487655 9.9964E-05 0.0382841 9.9964E-05
0.613182 9.9955E-05 9.9955E-05 0.386318 9.9955E-05 9.9955E-05 9.9955E-05
0.349981 0.0494546 9.9973E-05 0.598729 9.9973E-05 0.00153577 9.9973E-05
0.443382 9.9964E-05 9.9964E-05 0.477466 9.9964E-05 0.0787513 9.9964E-05
0.467137 9.9973E-05 0.00421931 0.526053 0.00229068 9.9973E-05 9.9973E-05
0.050604 0.018804 0.792006 0.0667052 0.0716805 9.9982E-05 9.9982E-05
9.9973E-05 0.11091 0.685413 0.0460764 0.157301 9.9973E-05 9.9973E-05
9.9964E-05 0.0852656 0.848012 9.9964E-05 0.0663227 9.9964E-05 9.9964E-05
0.0369026 9.9964E-05 0.920103 0.0425941 9.9964E-05 9.9964E-05 9.9964E-05
0.427348 0.0648627 9.9991E-05 0.0196131 0.0643961 0.364718 0.0589622
0.5236 0.0269599 0.0457655 0.0181787 0.00460098 0.380795 9.9991E-05
0.483688 0.0792605 9.9964E-05 9.9964E-05 9.9964E-05 0.436652 9.9964E-05
0.607131 0.031641 0.118352 9.9982E-05 9.9982E-05 0.119446 0.123229
0.602633 0.0926713 0.0829286 9.9991E-05 0.0323301 0.0885891 0.100748
0.193225 0.087603 0.0420705 9.9991E-05 0.0265475 0.597585 0.0528691
0.543819 9.9973E-05 9.9973E-05 0.100768 0.0360144 0.319099 9.9973E-05
0.323914 9.9973E-05 9.9973E-05 0.138978 9.9973E-05 0.398094 0.138715
0.443726 0.0819685 0.255345 0.0418924 0.176868 9.9982E-05 9.9982E-05
0.374695 0.0568375 9.9982E-05 0.163059 0.0843607 0.320848 9.9982E-05
0.375892 0.0895499 0.0035142 9.9973E-05 9.9973E-05 0.530744 9.9973E-05
0.549899 0.00690872 9.9973E-05 0.129363 9.9973E-05 0.313529 9.9973E-05
0.437687 0.0356188 0.00530751 0.16782 0.00626834 0.347198 9.9991E-05
0.585651 9.9982E-05 9.9982E-05 0.0357586 0.0281886 0.338465 0.0117374
0.461223 9.9982E-05 0.0688789 0.0375101 0.0723613 0.359827 9.9982E-05
0.0504039 9.9973E-05 9.9973E-05 0.0795462 9.9973E-05 0.84177 0.0279796
0.257805 0.0370832 9.9991E-05 0.00296313 0.0270483 0.578844 0.0961563
0.236036 0.067252 9.9982E-05 0.0141436 0.0403438 0.642025 9.9982E-05
9.9964E-05 9.9964E-05 9.9964E-05 0.0637651 9.9964E-05 0.789137 0.146698
0.461854 0.115736 9.9973E-05 9.9973E-05 9.9973E-05 0.380427 0.0416828
0.0858699 9.9973E-05 9.9973E-05 0.0451316 9.9973E-05 0.585817 0.282882
9.9964E-05 9.9964E-05 9.9964E-05 0.0496864 9.9964E-05 0.786697 0.163217
0.598144 0.0230107 0.0811465 0.0299911 9.9991E-05 0.216123 0.0514839
0.213851 0.066558 0.0534429 0.0241324 9.9991E-05 0.634507 0.00740878
0.264663 0.0557065 9.9982E-05 9.9982E-05 0.133488 0.499812 0.04613
0.559195 0.0125407 0.0394322 0.0344522 0.121044 0.119016 0.11432
0.551706 0.0676507 9.9973E-05 0.0533153 9.9973E-05 0.327028 9.9973E-05
0.350981 0.263636 9.9991E-05 0.129008 0.0492886 0.148043 0.0589431
0.543306 9.9973E-05 9.9973E-05 0.140621 0.0431441 0.272628 9.9973E-05
0.51841 0.117983 0.0349386 0.00482818 9.9982E-05 0.32364 9.9982E-05
0.307343 9.9964E-05 9.9964E-05 9.9964E-05 9.9964E-05 0.621912 0.0703459
0.416899 0.0319385 0.130833 0.064344 0.0276594 0.308919 0.0194079
0.0270653 0.255566 0.618558 9.9982E-05 9.9982E-05 0.00177223 0.0968388
0.0508121 0.0705496 0.723543 9.9982E-05 9.9982E-05 0.0776267 0.0772683
9.9973E-05 0.115392 0.81162 9.9973E-05 9.9973E-05 0.00482576 0.0678624
9.9964E-05 0.133932 0.814348 0.0513205 9.9964E-05 9.9964E-05 9.9964E-05
0.0202993 0.186637 0.713541 9.9973E-05 9.9973E-05 9.9973E-05 0.0792228
0.104817 0.16731 0.0279667 9.9982E-05 0.0381683 0.661538 9.9982E-05
0.0887992 0.115438 0.0300603 0.0341327 9.9991E-05 0.703706 0.0277637
0.119385 9.99756E-05 9.99756E-05 0.0799255 0.0162018 0.784188 9.99756E-05
0.43658 0.0147409 0.0397464 9.9991E-05 0.122703 0.257374 0.128755
0.602204 0.0366502 0.100845 0.0364688 0.027948 0.100442 0.0954428
0.251972 9.9991E-05 0.0289282 0.0321181 0.0113382 0.590423 0.0851202
0.494166 0.00780416 0.00413494 0.0696441 0.0745448 0.329908 0.0197974
0.424832 0.00947069 0.0501299 0.106389 9.9982E-05 0.408979 9.9982E-05
0.540077 0.0526722 0.0132211 9.9982E-05 9.9982E-05 0.265083 0.128746
0.633811 9.9973E-05 0.0942371 9.9973E-05 0.020748 0.250904 9.9973E-05
0.237032 0.104575 9.9973E-05 9.9973E-05 0.051179 0.606915 9.9973E-05
0.365912 0.0052435 0.0178607 9.9973E-05 9.9973E-05 0.610684 9.9973E-05
0.341052 0.115536 9.9964E-05 9.9964E-05 9.9964E-05 0.543012 9.9964E-05
0.611823 0.0628849 0.0514737 0.0171971 9.9982E-05 9.9982E-05 0.256421
0.44767 0.0573574 9.9973E-05 0.000383595 9.9973E-05 0.494289 9.9973E-05
0.37658 0.0748179 0.0330676 9.9991E-05 0.0699069 0.364396 0.081131
0.272917 9.9982E-05 0.133636 9.9982E-05 0.478104 0.000634126 0.114509
0.362528 9.9982E-05 0.10644 0.0118856 0.389106 9.9982E-05 0.12984
0.416145 0.012316 0.0890438 9.9982E-05 0.447672 9.9982E-05 0.034623
0.334189 9.9982E-05 0.0948842 0.0507352 0.465291 9.9982E-05 0.0547014
0.415349 9.9991E-05 0.0952878 0.0914007 0.309964 0.0840986 0.00380013
0.420831 9.9982E-05 0.0137667 9.9982E-05 0.0739327 0.317292 0.173978
0.0496661 9.9973E-05 0.269203 9.9973E-05 0.623944 9.9973E-05 0.0568879
0.346538 9.9973E-05 0.188275 0.0316736 0.433213 9.9973E-05 9.9973E-05
0.397552 9.9982E-05 0.167439 9.9982E-05 0.0779316 0.184887 0.17199
0.624975 9.9964E-05 0.0903859 9.9964E-05 9.9964E-05 9.9964E-05 0.284239
0.439715 0.10643 0.0528995 0.0162578 0.035268 0.0375928 0.311838
0.699814 0.103288 0.0221083 9.9973E-05 9.9973E-05 9.9973E-05 0.174489
0.545802 0.0863351 0.106005 9.9991E-05 0.0319741 0.102647 0.127137
0.345651 9.9982E-05 0.16422 0.0121751 0.472438 9.9982E-05 0.00531533
0.331609 0.10703 0.125041 0.0661018 0.337593 0.032525 9.9991E-05
0.444832 9.9973E-05 0.0870987 0.0150758 0.452694 9.9973E-05 9.9973E-05
0.439104 0.0735383 0.184473 0.0450718 0.195909 0.0435734 0.0183312
0.316441 9.9973E-05 0.114309 9.9973E-05 0.484299 9.9973E-05 0.0846519
0.431337 9.9991E-05 0.100193 0.0651886 0.301666 0.0566497 0.0448665
0.2322 9.9973E-05 0.150605 0.126335 0.49056 9.9973E-05 9.9973E-05
0.429538 0.0608189 0.0360606 0.0927124 0.38067 9.9982E-05 9.9982E-05
0.56115 9.9973E-05 9.9973E-05 9.9973E-05 0.0478891 0.0183663 0.372295
0.245854 0.094669 0.147711 9.9991E-05 0.393361 0.0508179 0.0674871
0.258137 9.9973E-05 0.163036 9.9973E-05 0.531823 9.9973E-05 0.0467038
0.25568 9.9982E-05 0.145981 0.133376 0.384889 0.0798738 9.9982E-05
0.207078 0.232162 0.133013 9.9982E-05 9.9982E-05 0.136714 0.290833
0.52974 0.0554889 9.9973E-05 9.9973E-05 0.102716 9.9973E-05 0.311756
0.383656 0.0776123 0.153322 0.0524789 0.280623 0.0522074 9.9991E-05
0.528901 0.154221 0.058512 9.9991E-05 0.03186 0.0428703 0.183536
0.528283 9.9973E-05 0.147106 9.9973E-05 9.9973E-05 0.0872671 0.237044
0.274754 0.038623 0.163956 9.9991E-05 0.270903 0.17313 0.0785336
0.3059 0.00732692 0.190198 0.130468 0.306888 9.9991E-05 0.0591185
0.504282 0.086132 9.9982E-05 9.9982E-05 0.100037 0.128179 0.18117
0.339922 0.0494214 0.147796 9.9991E-05 0.378633 0.043896 0.0402308
0.300301 0.0372603 0.0964168 0.0790994 0.486723 9.9982E-05 9.9982E-05
0.109356 9.9982E-05 0.241001 0.0680851 0.557512 9.9982E-05 0.0238454
0.620045 9.9982E-05 0.0678929 0.0379703 9.9982E-05 0.149353 0.124539
0.47898 0.073262 0.0250264 9.9982E-05 9.9982E-05 0.0846105 0.337921
0.268592 9.9964E-05 0.0282379 9.9964E-05 9.9964E-05 9.9964E-05 0.70277
0.56844 0.0734408 0.0186009 9.9991E-05 0.0624842 0.145739 0.131196
0.42115 0.214644 0.142763 0.0151616 9.9991E-05 0.0880989 0.118082
0.448744 9.9991E-05 0.202534 0.0340009 0.0704919 0.119142 0.124988
0.526913 0.103503 0.10483 0.0603485 0.0647942 0.00700817 0.132603
9.9964E-05 9.9964E-05 0.194496 9.9964E-05 0.200648 9.9964E-05 0.604456
9.9964E-05 9.9964E-05 0.197112 9.9964E-05 0.0963933 9.9964E-05 0.706095
0.315325 0.0706079 0.125587 0.0397381 0.0624739 9.9991E-05 0.386168
9.9973E-05 9.9973E-05 0.250018 9.9973E-05 0.232344 0.0156775 0.50166
9.9964E-05 9.9964E-05 0.3744 9.9964E-05 0.208456 9.9964E-05 0.416745
0.384588 9.9982E-05 0.0750093 0.160697 0.119456 9.9982E-05 0.26005
0.287668 9.9991E-05 0.135907 0.0238777 0.223771 0.0444699 0.284207
0.229951 9.9982E-05 0.226884 9.9982E-05 0.141603 0.0540782 0.347284
0.128048 9.9973E-05 0.174669 9.9973E-05 0.116074 9.9973E-05 0.580909
0.514346 9.9991E-05 0.0875399 0.101622 0.0970788 0.0282991 0.171014
0.113435 9.9982E-05 0.14967 9.9982E-05 0.146188 0.126701 0.463806
9.9964E-05 9.9964E-05 0.325807 9.9964E-05 0.0205029 9.9964E-05 0.653291
0.509298 0.132544 0.142888 9.9982E-05 0.120892 9.9982E-05 0.0941783
0.361463 0.0621219 0.0615952 9.9982E-05 0.202134 9.9982E-05 0.312486
0.463527 9.9982E-05 0.315927 9.9982E-05 0.144547 0.0213365 0.0544632
0.564503 9.9973E-05 0.16693 9.9973E-05 0.224183 9.9973E-05 0.0440851
0.514234 9.9982E-05 0.220505 9.9982E-05 0.148133 0.0746179 0.0423108
0.545144 9.9982E-05 0.133526 9.9982E-05 0.199277 0.0793327 0.0425212
0.336536 0.0421713 0.378388 9.9982E-05 0.19823 9.9982E-05 0.0444751
0.605411 0.0230553 0.241698 0.0186838 0.0932996 9.9991E-05 0.0177528
0.524069 9.9973E-05 0.264655 9.9973E-05 0.15975 0.051226 9.9973E-05
0.371713 0.0328092 0.316237 0.0532581 0.133396 0.0650623 0.0275248
0.340586 0.0470663 0.184125 0.0190221 0.106302 0.272693 0.030206
0.458658 0.00415115 0.141119 9.9991E-05 0.200717 0.13465 0.0606052
0.608468 9.9991E-05 0.190434 0.0299551 0.0537383 0.0863242 0.0309808
0.589549 9.9982E-05 0.116818 0.0797539 0.0909823 0.122697 9.9982E-05
0.411767 9.9982E-05 0.277278 9.9982E-05 0.255355 0.00284249 0.0525576
0.518611 9.9982E-05 0.213978 0.114387 0.146841 9.9982E-05 0.0059821
0.174876 9.9991E-05 0.400459 0.00885564 0.183056 0.0206514 0.212002
0.585384 9.9973E-05 0.187623 9.9973E-05 0.153153 9.9973E-05 0.0735399
0.216438 9.9982E-05 0.299512 9.9982E-05 0.283267 0.023855 0.176728
9.9973E-05 0.131525 0.772395 9.9973E-05 9.9973E-05 0.0403115 0.0554688
0.036125 0.782251 0.0452328 0.00771946 0.0358142 0.0560702 0.0367874
9.9973E-05 0.921048 0.0357311 0.0182243 9.9973E-05 0.0246964 9.9973E-05
9.995E-05 0.9994 9.995E-05 9.995E-05 9.995E-05 9.995E-05 9.995E-05
9.995E-05 0.9994 9.995E-05 9.995E-05 9.995E-05 9.995E-05 9.995E-05
9.9955E-05 0.956782 9.9955E-05 9.9955E-05 0.0427183 9.9955E-05 9.9955E-05
0.0844759 0.915024 9.9955E-05 9.9955E-05 9.9955E-05 9.9955E-05 9.9955E-05
9.9964E-05 0.950329 0.0432668 9.9964E-05 9.9964E-05 9.9964E-05 0.00600417
9.9955E-05 0.80346 0.19604 9.9955E-05 9.9955E-05 9.9955E-05 9.9955E-05
9.9973E-05 9.9973E-05 0.876103 9.9973E-05 0.038974 0.0530675 0.0315559
0.076786 0.122915 0.780882 9.9973E-05 9.9973E-05 9.9973E-05 0.0191178
0.0350301 0.00784936 0.866996 9.9982E-05 0.0543363 0.0355884 9.9982E-05
9.9964E-05 0.130504 0.794128 0.0749685 9.9964E-05 9.9964E-05 9.9964E-05
0.0109926 0.0149861 0.842642 9.9982E-05 0.0974315 0.0337476 9.9982E-05
9.9964E-05 0.0910329 0.846385 0.0621823 9.9964E-05 9.9964E-05 9.9964E-05
0.00678992 0.0801051 0.755977 0.0474476 0.109481 9.9982E-05 9.9982E-05
0.0123575 9.9982E-05 0.84016 9.9982E-05 0.0917664 0.0168774 0.0386388
0.0714299 0.0959637 0.712404 0.00229078 0.077594 9.9991E-05 0.0402172
9.9973E-05 9.9973E-05 0.897178 0.00394862 0.080639 0.0179343 9.9973E-05
0.0017769 9.9964E-05 0.936059 0.0617641 9.9964E-05 9.9964E-05 9.9964E-05
0.126726 0.00676137 0.832048 9.9982E-05 0.0147105 9.9982E-05 0.0195543
0.0274033 0.0143216 0.939145 9.9973E-05 9.9973E-05 9.9973E-05 0.0188305
0.0859979 9.9955E-05 0.913502 9.9955E-05 9.9955E-05 9.9955E-05 9.9955E-05
0.0685588 9.9964E-05 0.885093 9.9964E-05 0.0459478 9.9964E-05 9.9964E-05
0.0991201 9.9964E-05 0.874181 9.9964E-05 0.0262988 9.9964E-05 9.9964E-05
0.0685037 9.9964E-05 0.772087 9.9964E-05 0.159009 9.9964E-05 9.9964E-05
0.152157 9.9964E-05 0.779912 9.9964E-05 0.067531 9.9964E-05 9.9964E-05
0.121251 9.9973E-05 0.802073 9.9973E-05 0.046904 0.0294722 9.9973E-05
0.38796 0.0783495 0.101603 9.9982E-05 9.9982E-05 0.093394 0.338494
0.690062 0.060032 0.07016 0.000528589 9.9991E-05 0.0711621 0.107955
0.572035 0.0787459 0.0950978 0.0827637 0.0487965 0.0570281 0.0655325
0.173335 9.9973E-05 9.9973E-05 0.0525234 9.9973E-05 0.0857252 0.688116
0.622217 0.122176 0.0596932 0.00508377 9.9991E-05 0.0353888 0.155341
0.106469 9.9982E-05 0.0834516 9.9982E-05 0.0145698 0.054333 0.740977
0.674069 9.9964E-05 0.0680812 9.9964E-05 9.9964E-05 9.9964E-05 0.25745
0.439072 0.128787 0.0130212 9.9982E-05 9.9982E-05 0.161351 0.25757
0.550623 0.0235082 0.0437765 9.9982E-05 9.9982E-05 0.0478246 0.334068
0.434667 0.0682245 0.041469 0.063321 0.0521882 0.34003 9.9991E-05
0.490245 0.10228 0.0294315 9.9982E-05 9.9982E-05 0.0587553 0.319088
0.645328 0.083563 0.0318041 0.0362401 9.9991E-05 0.0538602 0.149105
0.595282 0.115094 0.0537832 0.0178244 9.9991E-05 0.00942753 0.208488
0.0151398 0.487579 9.9991E-05 0.189464 0.0411883 0.177014 0.0895149
9.9973E-05 0.0919121 9.9973E-05 0.128173 9.9973E-05 0.0654625 0.714153
0.179556 0.0962812 9.9964E-05 9.9964E-05 9.9964E-05 9.9964E-05 0.723763
0.630765 9.9973E-05 0.0935502 9.9973E-05 0.0596884 9.9973E-05 0.215696
0.52639 0.0120745 0.0617439 9.9982E-05 9.9982E-05 0.107621 0.29197
0.520985 9.9973E-05 0.0878268 9.9973E-05 9.9973E-05 0.0679971 0.322891
0.623997 9.9982E-05 0.0701846 9.9982E-05 0.0618923 0.123118 0.120608
0.505213 0.0097345 0.217231 0.119339 0.146608 9.9991E-05 0.00177412
