9.9964E-05 0.867946 0.0890833 0.0425709 9.9964E-05 9.9964E-05 9.9964E-05
9.9964E-05 0.947277 9.9964E-05 9.9964E-05 0.009419 9.9964E-05 0.042904
0.123599 0.828643 9.9973E-05 0.0368074 9.9973E-05 9.9973E-05 0.0106505
0.0437714 0.811845 0.0997468 0.0443365 9.9979E-05 9.9979E-05 9.9979E-05
0.0322535 0.878263 9.9973E-05 0.0238194 0.0653641 9.9973E-05 9.9973E-05
0.0737753 0.635403 0.0838655 9.9982E-05 9.9982E-05 0.120075 0.0866809
9.9973E-05 0.81652 0.0447986 9.9973E-05 9.9973E-05 0.113186 0.0251957
0.0235302 0.737971 0.106959 0.0176829 0.0394113 0.0743463 9.9991E-05
9.9982E-05 0.814325 0.0631359 9.9982E-05 0.0210751 0.0713321 0.0299318
0.0684165 0.692709 0.0419113 0.0481366 0.063769 0.0849575 9.9991E-05
0.0397815 0.706938 0.0670353 9.9982E-05 9.9982E-05 0.149393 0.0366522
0.314211 9.9982E-05 0.425037 0.0504586 9.9982E-05 0.0539606 0.156133
0.546429 0.0368285 0.236651 0.0430055 0.0236555 9.9991E-05 0.11333
0.270095 0.0478311 0.479045 0.0567505 0.0884952 0.0549293 0.00285417
0.304058 0.000238091 0.343479 0.198036 9.9991E-05 0.030128 0.123961
0.359038 0.0830344 0.251247 0.133741 9.9991E-05 0.0769201 0.0959187
0.516801 0.103191 0.142303 0.105425 0.0632031 0.0138479 0.0552279
0.405335 9.9991E-05 0.195996 0.123734 0.0327709 0.101532 0.140532
0.326757 0.138312 0.276001 0.039591 9.9991E-05 0.0415771 0.177662
9.9982E-05 0.00536936 0.614472 0.0759787 9.9982E-05 0.133399 0.170581
0.359195 9.9991E-05 0.27959 0.101478 0.0256327 0.117475 0.11653
0.438452 0.0250741 0.15859 0.0431114 0.068985 0.167837 0.0979505
0.54095 0.0331698 0.175381 0.0357708 9.9991E-05 0.0757463 0.138882
0.271485 0.0308498 0.316871 0.0794176 9.9991E-05 0.0439803 0.257297
0.593035 0.0576164 0.0752842 0.0714239 9.9991E-05 0.119506 0.0830345
0.539861 0.012418 0.19229 0.0522568 9.9991E-05 0.105186 0.0978877
0.138156 0.048098 0.430726 0.129497 0.041685 9.9991E-05 0.211738
0.266101 9.9982E-05 0.415597 0.19548 9.9982E-05 0.00250415 0.120118
0.29721 9.9991E-05 0.441959 0.0101804 0.0250312 0.0744997 0.15102
0.131886 0.817293 9.9964E-05 0.0504216 9.9964E-05 9.9964E-05 9.9964E-05
0.176457 0.816809 9.9964E-05 0.00633392 9.9964E-05 9.9964E-05 9.9964E-05
0.158292 0.805752 0.0150481 9.9973E-05 9.9973E-05 9.9973E-05 0.0206086
0.0930092 0.721137 9.9973E-05 0.140161 9.9973E-05 9.9973E-05 0.0453922
0.562961 0.0995052 0.0447974 9.9982E-05 0.110869 9.9982E-05 0.181667
0.427248 0.119148 0.061352 0.0641541 9.9991E-05 0.0119771 0.316021
0.540465 9.9982E-05 9.9982E-05 0.00904595 0.0959194 0.0188043 0.335565
0.169309 0.0829891 0.607071 9.9991E-05 0.0335289 0.0340652 0.0729366
0.304649 0.0233672 9.9991E-05 0.0404227 0.0284234 0.0378308 0.565207
0.527833 0.0257377 0.154127 0.020852 0.0689807 0.00236509 0.200105
0.730451 9.9964E-05 9.9964E-05 9.9964E-05 9.9964E-05 0.0420815 0.227068
0.540624 0.13479 9.9973E-05 9.9973E-05 9.9973E-05 0.144693 0.179593
0.586827 0.0902733 0.0565625 9.9991E-05 0.0571699 0.087149 0.121918
0.0810801 0.0257286 0.135214 0.00886842 9.9991E-05 0.0137669 0.735242
0.57738 0.0141538 0.013768 0.0661105 9.9991E-05 0.26265 0.0658378
0.443157 0.023813 0.0127818 0.166074 0.0891434 0.0177468 0.247284
0.595337 0.115265 9.9991E-05 0.04103 0.00575446 0.0868497 0.155664
0.309937 9.9964E-05 9.9964E-05 9.9964E-05 0.0202194 9.9964E-05 0.669443
0.665371 0.0514451 9.9982E-05 0.0484464 0.0514409 9.9982E-05 0.183096
0.55615 0.133617 0.00924661 0.0157501 9.9991E-05 0.0381104 0.247025
9.9973E-05 0.0534289 9.9973E-05 9.9973E-05 0.0723937 0.273094 0.600783
0.214295 9.9982E-05 0.439399 9.9982E-05 0.0566008 0.0685333 0.220972
0.0242355 9.9991E-05 0.200494 0.0268123 0.144326 0.406426 0.197606
0.600189 0.0647215 0.186051 0.0727333 9.9982E-05 0.076106 9.9982E-05
0.651718 0.105845 0.0267653 0.00983613 0.114997 0.0834723 0.00736717
0.616094 0.0348045 0.120448 0.0459447 0.0849383 0.0976706 9.9991E-05
0.161601 0.0944726 0.341311 9.9991E-05 0.0342809 0.130969 0.237265
0.532247 0.0724341 0.198714 9.9982E-05 0.0780491 9.9982E-05 0.118356
0.640378 0.059275 0.117856 0.057793 9.9982E-05 0.124498 9.9982E-05
0.345413 0.0589784 0.206293 9.9991E-05 0.0176276 0.195612 0.175977
0.0171996 0.180736 0.324353 0.0893079 9.9991E-05 0.191619 0.196684
0.574997 0.0707028 0.163393 0.00467333 9.9991E-05 0.133345 0.0527883
0.342273 0.0657088 0.277394 0.0794745 0.104271 0.00930787 0.121571
0.0292856 0.0336548 0.539761 9.9982E-05 9.9982E-05 0.215062 0.182036
0.471813 9.9991E-05 0.249878 0.0583114 0.0131363 0.106647 0.100115
0.7091 9.9982E-05 0.110633 0.0168914 0.0693574 0.0938184 9.9982E-05
0.471934 0.0072832 0.147668 0.104608 0.147864 0.099797 0.0208452
0.286671 0.0306942 0.283885 0.0659079 0.0884001 0.129449 0.114993
0.459539 0.0158128 0.217866 0.107628 0.0159989 0.128528 0.0546277
0.532498 0.110186 0.145135 0.0635763 0.0753276 0.0027945 0.0704831
0.232962 9.9982E-05 0.339922 9.9982E-05 0.117206 0.165177 0.144534
0.5179 9.9973E-05 0.0819252 9.9973E-05 9.9973E-05 0.00678087 0.393094
0.149496 9.9964E-05 0.0861994 9.9964E-05 9.9964E-05 9.9964E-05 0.763904
0.516751 0.0999898 0.101156 0.00590832 0.0500814 0.0170707 0.209042
9.9955E-05 9.9955E-05 9.9955E-05 9.9955E-05 9.9955E-05 0.136933 0.862567
9.9973E-05 9.9973E-05 0.0217189 9.9973E-05 0.0442358 0.183878 0.749867
0.249931 9.9973E-05 0.0195635 0.00254177 9.9973E-05 9.9973E-05 0.727664
0.385219 0.0853763 0.0107944 9.9973E-05 9.9973E-05 9.9973E-05 0.51831
0.504274 0.140213 0.105759 0.0704865 0.0334487 9.9991E-05 0.145718
0.335793 0.00768752 0.0248309 0.0638449 0.119577 9.9991E-05 0.448167
0.154772 0.0591998 0.131293 0.00228345 9.9982E-05 9.9982E-05 0.652253
0.213282 0.0611404 0.221456 9.9973E-05 9.9973E-05 9.9973E-05 0.503822
0.528373 0.0753364 0.0575959 0.0865954 0.098137 0.00708314 0.146879
0.237645 0.0329803 0.0296502 0.0614617 9.9982E-05 9.9982E-05 0.638062
0.425253 0.0837926 0.0408481 0.014654 9.9991E-05 0.00775736 0.427595
0.390739 9.9964E-05 9.9964E-05 9.9964E-05 9.9964E-05 0.0988122 0.510049
9.9973E-05 0.00626189 9.9973E-05 9.9973E-05 0.0834496 0.20794 0.702049
0.536178 9.9982E-05 0.0394713 0.13613 9.9982E-05 0.0448869 0.243134
0.0738315 0.769681 0.094648 0.0615393 9.9973E-05 9.9973E-05 9.9973E-05
0.0918385 0.903378 9.9964E-05 9.9964E-05 9.9964E-05 9.9964E-05 0.0043837
0.104392 0.861179 9.9964E-05 0.0340289 9.9964E-05 9.9964E-05 9.9964E-05
0.0355862 0.91267 9.9982E-05 0.00782352 9.9982E-05 0.041094 0.0026259
0.0826302 0.874752 9.9982E-05 9.9982E-05 0.0074559 0.0238828 0.0110795
0.0716456 0.888384 9.9973E-05 0.0138526 0.0258179 9.9973E-05 9.9973E-05
0.0325948 0.923981 9.9973E-05 0.0244492 0.0186755 9.9973E-05 9.9973E-05
0.553635 0.0716556 0.0603887 0.00284981 9.9991E-05 0.0955795 0.215792
0.526816 0.122309 0.109559 9.9982E-05 0.016623 9.9982E-05 0.224493
0.0714906 0.0357606 0.0687632 9.9982E-05 0.0737502 9.9982E-05 0.750035
0.5855 0.0381551 0.0173226 0.0966352 0.0166404 0.0815927 0.164154
0.426522 0.0549531 0.0612928 9.9982E-05 9.9982E-05 0.0359922 0.42104
0.575872 0.0729254 9.9991E-05 0.0266136 0.00156564 0.0164182 0.306506
0.49685 0.0236657 9.9982E-05 0.0192658 0.186926 9.9982E-05 0.273093
0.550245 0.0603279 9.9982E-05 0.0160049 0.0403892 9.9982E-05 0.332833
9.9964E-05 0.0519594 0.212135 9.9964E-05 9.9964E-05 9.9964E-05 0.735506
0.584604 0.0892207 0.0647175 0.00593034 0.129564 0.0401019 0.0858616
0.592954 0.0704276 0.0205947 9.9982E-05 9.9982E-05 0.0992857 0.216538
0.449105 0.0965409 0.112962 0.103801 9.9982E-05 9.9982E-05 0.237391
0.327575 0.0144397 9.9982E-05 9.9982E-05 0.0216538 0.0810035 0.555128
0.542471 9.9973E-05 9.9973E-05 9.9973E-05 0.104943 0.00207159 0.350215
0.438466 0.0252463 0.0959627 0.0207418 9.9991E-05 0.00510102 0.414382
0.246413 9.9973E-05 9.9973E-05 0.11209 9.9973E-05 0.0224053 0.618791
0.439717 0.0902978 0.0745425 9.9973E-05 9.9973E-05 9.9973E-05 0.395142
0.478715 0.188554 9.9982E-05 0.0156138 0.0270509 9.9982E-05 0.289867
0.184859 0.0379884 0.329909 0.0366712 0.236 0.0719115 0.102661
0.401992 0.0676862 0.328456 0.0679755 9.9991E-05 0.0922065 0.0415831
0.567173 0.049985 0.147337 0.0915695 0.0966733 0.0471631 9.9991E-05
0.649071 0.0877483 0.0479986 9.9991E-05 0.0295246 0.0311727 0.154385
0.514997 0.0228835 0.343427 9.9982E-05 0.0771456 0.0413475 9.9982E-05
0.638043 9.9973E-05 0.241041 9.9973E-05 9.9973E-05 0.0843388 0.0362772
0.499558 0.0338491 0.369492 9.9973E-05 0.0968012 9.9973E-05 9.9973E-05
0.477912 0.0992449 0.083155 0.0462843 0.148976 0.0229416 0.121486
0.595784 0.0749854 0.0841488 0.0311972 9.9991E-05 0.107109 0.106676
0.588722 0.0437045 0.186218 9.9982E-05 0.0651767 9.9982E-05 0.115979
0.537043 9.9982E-05 0.36465 9.9982E-05 0.062116 0.0197738 0.0162172
0.690591 0.0343427 0.0681693 0.035652 0.0578178 0.0845362 0.0288913
0.659141 0.108825 0.0530535 9.9982E-05 0.0957158 0.0830649 9.9982E-05
0.530258 9.9982E-05 0.240533 0.0936452 0.0909151 9.9982E-05 0.0444492
0.547212 0.0348501 0.115804 0.0453938 0.158073 0.0985677 9.9991E-05
0.491968 9.9991E-05 0.161124 0.0935912 0.112847 0.0507373 0.0896334
0.403271 0.0131644 0.321212 9.9982E-05 0.119998 0.142155 9.9982E-05
0.513915 0.000485998 0.194121 0.106694 0.0117196 0.102771 0.0702937
0.654157 0.0423897 0.119277 0.0372295 0.080733 0.0661138 9.9991E-05
0.163747 0.0157983 0.400848 0.128905 0.041114 0.0365424 0.213046
0.208669 9.9991E-05 0.310386 0.0240085 0.145836 0.182244 0.128756
0.477958 0.0796307 0.191521 0.0270424 0.105263 9.9991E-05 0.118486
0.0572632 9.9991E-05 0.302834 0.0538675 0.272582 0.187099 0.126255
0.254584 0.0586111 0.417498 9.9991E-05 0.100903 0.0396305 0.128672
0.417449 9.9982E-05 0.337908 9.9982E-05 0.0575396 0.0755427 0.111361
0.376886 0.036159 0.480404 9.9982E-05 0.0276922 9.9982E-05 0.078659
0.309669 9.9982E-05 0.421982 9.9982E-05 0.00866898 0.0422162 0.217264
0.617422 0.0279261 0.133644 0.0310684 0.03435 0.0704773 0.0851122
0.555642 0.0925599 0.0718358 0.00444585 0.0111016 0.183728 0.0806864
0.57042 0.0489444 0.0766419 0.0234917 0.130703 0.0233032 0.126496
0.0623245 9.9991E-05 0.337159 0.109699 0.0359081 0.254373 0.200436
0.472441 0.235613 9.9982E-05 9.9982E-05 0.0373118 0.046515 0.20792
0.362327 0.0573648 0.0690476 0.126123 0.129567 0.058886 0.196685
0.00608183 0.127134 0.0659115 9.9991E-05 0.162165 0.42627 0.212338
0.657009 0.0604559 9.9991E-05 0.00123239 0.116353 0.0732101 0.0916396
0.304504 0.103529 0.00719761 0.0547173 0.0949227 0.232416 0.202713
0.515805 0.0265239 0.14717 0.0375433 0.00933585 0.263522 9.9991E-05
0.265236 0.0327726 0.110009 9.9991E-05 0.0138589 0.397094 0.180929
0.233999 0.0257023 0.124528 9.9991E-05 0.0914264 0.381152 0.143092
0.430213 0.0526073 0.109333 9.9991E-05 0.145851 0.161247 0.100649
0.490413 0.0268503 0.168647 0.0578062 0.120479 0.135705 9.9991E-05
0.363026 0.110291 0.13448 0.0976402 0.0780933 0.135718 0.0807511
9.9991E-05 0.0331813 0.0949605 0.168229 0.0496751 0.372324 0.281531
0.534999 0.11703 9.9991E-05 0.07587 0.0745296 0.0770341 0.120437
0.410322 9.9982E-05 0.0702428 9.9982E-05 0.0207088 0.336785 0.161742
0.429586 9.9982E-05 0.18179 9.9982E-05 0.116328 0.118124 0.153972
0.555098 0.0740751 0.0331998 0.10279 0.114925 0.119812 9.9991E-05
0.124591 0.258331 0.00815785 0.275226 0.0390847 0.29451 9.9991E-05
9.9964E-05 0.457731 9.9964E-05 0.158035 9.9964E-05 0.383834 9.9964E-05
9.9964E-05 0.380918 9.9964E-05 0.158068 9.9964E-05 0.460614 9.9964E-05
0.0898842 0.37009 9.9973E-05 0.301874 9.9973E-05 0.237852 9.9973E-05
0.6592 9.9973E-05 9.9973E-05 9.9973E-05 0.000513166 0.314739 0.0252473
0.572353 0.147461 0.132595 0.0287357 0.116558 9.9991E-05 0.00219724
0.307629 9.9973E-05 0.0132285 0.651704 0.0271379 9.9973E-05 9.9973E-05
0.353181 0.00968666 0.0894489 0.45236 0.00290727 9.9991E-05 0.0923154
0.324342 0.0886898 0.0914295 0.375472 0.0441148 0.0210423 0.0549098
0.337465 9.9973E-05 9.9973E-05 9.9973E-05 0.148133 0.413184 0.100918
0.554407 0.0376945 0.0142783 0.0424938 0.126525 0.139077 0.0855253
0.225369 9.9982E-05 9.9982E-05 0.015939 0.200795 0.494234 0.0634632
0.550665 9.9991E-05 0.0604818 0.0409809 0.0655016 0.234623 0.0476483
0.488711 9.9982E-05 0.0249607 9.9982E-05 0.147496 0.272798 0.0658346
0.538566 9.9991E-05 0.0294489 0.0470084 0.0544082 0.312363 0.0181053
0.207136 9.9982E-05 0.0694526 9.9982E-05 0.146842 0.469401 0.106969
0.560604 0.00301535 0.0152059 0.175445 0.0665899 0.136943 0.0421962
0.470792 0.0983589 0.0153266 0.0683224 0.144534 0.196637 0.00602879
0.017724 9.9973E-05 9.9973E-05 0.961636 0.0179232 9.9973E-05 0.00241662
0.0787344 9.9964E-05 0.0266783 0.894187 9.9964E-05 9.9964E-05 9.9964E-05
0.224403 0.0968393 0.0800733 0.582156 9.9982E-05 9.9982E-05 0.0163289
0.379098 9.9955E-05 9.9955E-05 0.620402 9.9955E-05 9.9955E-05 9.9955E-05
0.239456 0.0121879 9.9982E-05 0.719612 9.9982E-05 0.0171446 0.0113997
9.995E-05 9.995E-05 9.995E-05 0.9994 9.995E-05 9.995E-05 9.995E-05
9.9955E-05 9.9955E-05 0.0317476 0.967753 9.9955E-05 9.9955E-05 9.9955E-05
0.238236 9.9955E-05 9.9955E-05 0.761264 9.9955E-05 9.9955E-05 9.9955E-05
0.0348268 9.9964E-05 0.0306856 0.934088 9.9964E-05 9.9964E-05 9.9964E-05
9.995E-05 9.995E-05 9.995E-05 0.9994 9.995E-05 9.995E-05 9.995E-05
9.995E-05 9.995E-05 9.995E-05 0.9994 9.995E-05 9.995E-05 9.995E-05
0.23092 0.053242 9.9973E-05 0.711934 9.9973E-05 9.9973E-05 0.00360409
0.109742 9.9973E-05 0.0713674 0.814302 9.9973E-05 9.9973E-05 0.00428847
9.9955E-05 9.9955E-05 9.9955E-05 0.973214 9.9955E-05 9.9955E-05 0.026286
0.28071 0.0986475 0.0670979 0.429864 0.12348 9.9982E-05 9.9982E-05
0.219419 0.00169338 0.149113 0.629475 9.9973E-05 9.9973E-05 9.9973E-05
0.143998 0.0681602 0.00671945 0.742364 0.0131711 0.0254879 9.9991E-05
0.0945235 9.9964E-05 0.0391555 0.865921 9.9964E-05 9.9964E-05 9.9964E-05
0.0267437 0.0119961 9.9964E-05 0.96086 9.9964E-05 9.9964E-05 9.9964E-05
0.0188917 0.00857203 0.0105746 0.92751 0.0275843 9.9991E-05 0.00676772
9.995E-05 9.995E-05 9.995E-05 0.9994 9.995E-05 9.995E-05 9.995E-05
0.262252 0.0758867 0.0591549 0.578965 9.9982E-05 0.0235422 9.9982E-05
0.0907706 9.9973E-05 0.00399175 0.859272 9.9973E-05 9.9973E-05 0.0456659
9.9982E-05 0.274193 9.9982E-05 0.0396867 0.0294849 0.643643 0.0127915
0.371025 0.141754 0.106609 0.105945 9.9991E-05 0.244262 0.0303049
0.432465 0.189211 0.0309066 0.0220635 9.9991E-05 0.259415 0.0658389
0.21289 0.160215 0.0345135 0.102102 9.9982E-05 0.490079 9.9982E-05
0.414811 0.140653 0.0770068 0.130465 0.125138 0.111825 9.9991E-05
0.22171 0.211404 9.9991E-05 0.103453 0.0559843 0.356514 0.0508354
0.410913 0.17603 0.0776856 0.0751558 0.0490123 0.191039 0.0201647
0.281789 0.12776 0.00397076 0.165852 9.9982E-05 0.420428 9.9982E-05
0.519995 0.138292 9.9982E-05 0.0582112 9.9982E-05 0.188804 0.0944974
0.253425 0.151488 9.9973E-05 0.232691 9.9973E-05 0.362096 9.9973E-05
0.528267 0.166518 0.0231719 0.0555838 9.9991E-05 0.181996 0.044364
0.0304772 0.824415 0.0676743 9.9982E-05 0.0137937 0.0634398 9.9982E-05
9.9973E-05 0.892542 0.00128158 0.065011 0.0408651 9.9973E-05 9.9973E-05
0.000890171 0.981615 0.0149733 9.9973E-05 9.9973E-05 0.00222185 9.9973E-05
0.0564017 0.938919 9.9964E-05 9.9964E-05 9.9964E-05 9.9964E-05 0.00427978
0.0360863 0.894612 0.0689018 9.9964E-05 9.9964E-05 9.9964E-05 9.9964E-05
9.9973E-05 0.877117 9.9973E-05 0.0492636 0.0649374 9.9973E-05 0.00838178
0.0343166 0.87976 9.9964E-05 0.0855234 9.9964E-05 9.9964E-05 9.9964E-05
9.9964E-05 0.871669 9.9964E-05 9.9964E-05 0.0638807 0.0640505 9.9964E-05
0.0409635 0.913266 9.9982E-05 0.00446791 9.9982E-05 0.0295684 0.0115337
0.00928069 0.819304 9.9973E-05 0.0779785 9.9973E-05 0.0931365 9.9973E-05
9.9973E-05 0.605687 0.242141 9.9973E-05 0.0353393 9.9973E-05 0.116533
9.9973E-05 0.609558 0.330143 0.00555402 9.9973E-05 9.9973E-05 0.0544456
9.9973E-05 0.525907 0.297022 9.9973E-05 9.9973E-05 0.140163 0.0366084
9.9982E-05 0.523607 0.293308 9.9982E-05 0.0501089 0.0655353 0.0672411
0.490978 0.0873646 0.0798626 0.00878934 9.9991E-05 0.0180647 0.314841
0.406296 9.9982E-05 0.0223451 0.0873261 0.147431 9.9982E-05 0.336401
0.555376 0.0057413 0.154043 0.0152077 9.9991E-05 0.0749399 0.194592
0.413716 0.0332971 0.278685 9.9982E-05 9.9982E-05 0.0278054 0.246297
0.197544 9.9982E-05 0.613766 0.00821084 0.0672839 9.9982E-05 0.112995
0.581176 0.0667664 0.0375475 0.0566992 0.0232457 9.9991E-05 0.234465
0.596913 9.9973E-05 0.0317041 0.0520954 9.9973E-05 9.9973E-05 0.318988
0.512593 9.9982E-05 0.0448115 9.9982E-05 0.0341354 0.055634 0.352626
0.336531 9.9973E-05 9.9973E-05 0.0630505 9.9973E-05 0.033166 0.566953
0.539909 0.0685106 0.106458 0.0556246 0.0427742 9.9991E-05 0.186624
0.358482 9.9982E-05 0.0860802 0.0243259 0.0937791 9.9982E-05 0.437133
9.9973E-05 9.9973E-05 0.0198552 9.9973E-05 0.263941 0.0289994 0.686905
0.482818 0.0259277 0.048259 0.00495862 0.0590279 0.166303 0.212707
0.246275 9.9991E-05 0.036568 0.00256681 0.110841 0.124118 0.479532
0.546693 9.9964E-05 9.9964E-05 9.9964E-05 0.125463 9.9964E-05 0.327444
0.095906 0.0424742 0.150505 9.9973E-05 9.9973E-05 9.9973E-05 0.710815
9.9964E-05 0.110582 0.712888 9.9964E-05 9.9964E-05 0.17613 9.9964E-05
0.0664611 0.0335313 0.729625 9.9973E-05 9.9973E-05 0.170082 9.9973E-05
9.9973E-05 0.0393723 0.834624 9.9973E-05 0.0344457 0.0912583 9.9973E-05
9.9973E-05 0.10424 0.796134 9.9973E-05 9.9973E-05 0.0779053 0.0214206
0.0576319 9.9973E-05 0.81845 0.0155603 9.9973E-05 0.108058 9.9973E-05
0.065798 0.0727166 0.783262 0.077923 9.9973E-05 9.9973E-05 9.9973E-05
0.0618844 0.84343 9.9973E-05 0.0456231 9.9973E-05 9.9973E-05 0.048763
0.0497623 0.806128 0.10063 0.043179 9.9973E-05 9.9973E-05 9.9973E-05
0.147405 0.772185 9.9964E-05 0.0800109 9.9964E-05 9.9964E-05 9.9964E-05
0.0814079 0.740553 0.0971286 0.0806104 9.9973E-05 9.9973E-05 9.9973E-05
0.0572587 0.777146 0.0717979 0.0708548 9.9982E-05 0.0227424 9.9982E-05
9.9964E-05 0.376271 0.525992 9.9964E-05 9.9964E-05 0.0973366 9.9964E-05
9.9982E-05 0.462153 0.369606 9.9982E-05 0.120196 0.0348334 0.0130113
9.9964E-05 0.39317 0.507386 9.9964E-05 0.0990443 9.9964E-05 9.9964E-05
0.1785 0.813525 0.00698667 0.000688882 9.9973E-05 9.9973E-05 9.9973E-05
9.9982E-05 0.354612 0.497886 9.9982E-05 0.0338879 0.0827881 0.0306263
0.25318 0.160742 9.9982E-05 0.41956 0.0103988 0.15592 9.9982E-05
0.516263 0.16059 0.0374249 0.191669 9.9991E-05 0.0496234 0.0443299
0.550683 0.209681 9.9964E-05 0.239236 9.9964E-05 9.9964E-05 9.9964E-05
0.309952 0.257369 9.9982E-05 0.219758 9.9982E-05 0.159128 0.0535933
0.495962 0.185856 0.0509113 0.121736 0.0722156 0.0334905 0.039829
9.9964E-05 0.408846 9.9964E-05 0.314054 9.9964E-05 0.276699 9.9964E-05
0.425685 9.9982E-05 0.314642 9.9982E-05 0.0746564 0.0804317 0.104385
0.34166 9.9991E-05 0.210767 0.0134457 0.134616 0.15207 0.147341
0.270108 0.0370091 0.47103 9.9991E-05 0.0954178 0.107085 0.0192504
0.47877 9.9982E-05 0.120255 9.9982E-05 0.300778 0.0184054 0.0815923
9.9973E-05 9.9973E-05 0.159331 9.9973E-05 0.419278 0.295778 0.125314
0.539159 0.0921434 0.0613235 9.9991E-05 0.0038453 0.205483 0.0979454
0.519478 0.0240494 0.219497 9.9991E-05 0.0379971 0.0906374 0.108241
0.404782 0.0326687 0.444531 9.9991E-05 0.0593333 0.00999986 0.0485853
0.486511 0.0803304 0.125076 0.112226 0.0648974 0.0102965 0.120662
0.132661 9.9982E-05 0.252507 9.9982E-05 0.164616 0.258008 0.192008
0.468839 0.0465352 0.160454 0.0266804 0.165121 0.13227 9.9991E-05
0.571596 9.9973E-05 0.329863 9.9973E-05 9.9973E-05 0.0100132 0.0882281
0.334695 0.133085 0.0390075 0.202539 9.9991E-05 0.138243 0.152331
0.344434 9.9982E-05 0.255998 9.9982E-05 0.343331 0.0479059 0.00813139
0.448236 9.9991E-05 0.310455 0.00512915 0.18488 0.0435091 0.00768997
0.463537 9.9991E-05 0.0984123 0.0897958 0.113093 0.11087 0.124191
0.531474 0.0206506 0.154012 0.0140788 0.111373 0.0360026 0.132409
0.640798 0.00600596 0.129856 0.107717 0.0499044 9.9991E-05 0.0656189
0.464223 0.0874502 0.10563 0.0882306 0.05382 0.0148211 0.185826
0.44078 0.0627399 0.0972557 0.161573 0.00851925 0.0429693 0.186163
0.127976 0.774593 9.9964E-05 0.097031 9.9964E-05 9.9964E-05 9.9964E-05
0.10637 0.838941 9.9982E-05 0.021413 0.0182596 9.9982E-05 0.0148164
0.0750923 0.754254 0.092456 0.00114738 0.020397 0.00942026 0.0472333
9.9973E-05 0.815206 9.9973E-05 0.0398711 0.041639 9.9973E-05 0.102983
0.137343 0.8254 9.9964E-05 0.0368577 9.9964E-05 9.9964E-05 9.9964E-05
0.218441 9.9991E-05 0.572547 0.064058 0.00688905 0.0456269 0.0923377
0.449053 0.0331599 0.0980456 0.0903723 0.155697 0.145705 0.0279669
0.44791 0.189357 0.01779 0.139369 9.9991E-05 0.162303 0.0431711
0.594478 9.9991E-05 0.183147 0.0899001 0.0545514 0.0228052 0.0550176
0.500646 0.0227009 0.242116 0.0177623 0.123297 0.0254429 0.068035
0.300996 9.9982E-05 0.333417 0.0434109 0.156422 0.165554 9.9982E-05
0.0222082 0.122495 0.561368 9.9982E-05 9.9982E-05 0.156901 0.136828
0.501877 0.00618227 0.309291 9.9991E-05 0.0840107 0.0442652 0.0542741
0.143213 0.0266733 0.504192 0.0924769 0.179864 0.0150507 0.0385302
0.398545 9.9982E-05 0.302229 0.051511 0.0488666 0.198648 9.9982E-05
0.0992777 0.106101 0.509457 0.0131253 0.181926 9.9991E-05 0.0900134
0.452364 0.0615425 0.259881 0.131419 0.0343281 9.9991E-05 0.0603647
0.20554 0.0796157 0.517251 9.9991E-05 0.0450708 0.0868698 0.0655533
0.274895 9.9982E-05 0.317995 0.114088 0.179894 0.112927 9.9982E-05
0.401217 0.0428987 0.105033 0.0292735 0.0947915 0.221159 0.105628
0.341314 9.9973E-05 0.078129 9.9973E-05 0.100533 0.479725 9.9973E-05
0.559733 0.000736814 0.0587092 9.9991E-05 0.0874868 0.277991 0.0152431
0.56064 0.0567984 0.0619188 9.9982E-05 9.9982E-05 0.214127 0.106316
0.373791 9.9973E-05 0.113078 9.9973E-05 0.0529696 0.459861 9.9973E-05
0.618351 0.0140063 0.0606218 9.9991E-05 0.0368761 0.256826 0.0132181
0.57419 0.0405024 9.9982E-05 9.9982E-05 0.187388 0.148425 0.0492955
0.175825 9.9982E-05 0.0694444 9.9982E-05 0.0816562 0.623241 0.0496333
0.224539 9.9973E-05 9.9973E-05 9.9973E-05 0.0700657 0.566716 0.13838
0.515659 0.0120273 9.9982E-05 9.9982E-05 0.063518 0.397005 0.0115905
0.197452 9.9982E-05 0.0947903 9.9982E-05 0.131969 0.396882 0.178706
0.495114 9.9973E-05 0.0707684 9.9973E-05 9.9973E-05 0.358613 0.0752042
0.138321 0.00265455 0.586016 0.0359574 0.00399528 0.0831136 0.149942
0.236458 9.9982E-05 0.333395 0.0230549 0.34649 9.9982E-05 0.0604015
0.365253 0.0648348 0.356032 0.0564128 0.082618 9.9991E-05 0.0747494
0.64631 0.00661658 0.116058 0.0771675 0.0326573 0.0875102 0.0336807
0.252519 9.9991E-05 0.496134 0.00685992 0.0949738 0.0191013 0.130312
0.430638 0.0340811 0.171015 0.0943202 0.12081 0.135478 0.0136589
0.511877 0.0539081 0.198279 0.084552 9.9991E-05 0.0514545 0.099829
0.445483 9.9991E-05 0.217592 0.0396613 0.0296554 0.110682 0.156827
0.435355 0.000176856 0.274256 0.087937 0.0449008 0.0606447 0.0967297
0.405948 0.0600392 0.248232 0.0447149 9.9982E-05 9.9982E-05 0.240866
0.209133 9.9973E-05 0.522435 0.0966138 9.9973E-05 9.9973E-05 0.171518
0.268949 9.9982E-05 0.446899 0.155996 0.0988461 9.9982E-05 0.0291094
0.616256 9.9982E-05 0.250915 9.9982E-05 0.0563326 0.014915 0.0613814
0.600674 0.0807227 0.124508 0.0219628 0.107025 0.0587409 0.0063667
0.399239 0.0626405 0.24085 9.9991E-05 0.0746287 0.079125 0.143417
0.520231 9.9982E-05 0.290337 0.0743933 0.095076 0.0197631 9.9982E-05
0.347093 0.0721925 0.467089 0.0107053 9.9991E-05 0.0668666 0.0359532
0.672811 0.0174794 0.199846 0.00100411 0.0741841 9.9991E-05 0.034576
0.389345 9.9982E-05 0.220108 0.179418 0.156845 9.9982E-05 0.0540829
0.526208 0.0733689 0.181585 0.016987 0.127086 0.0746655 9.9991E-05
0.293562 0.285413 9.9982E-05 0.150447 9.9982E-05 0.114802 0.155577
0.404768 0.116555 9.9991E-05 0.268672 0.0198 0.107255 0.082851
0.548714 0.0521831 0.0816185 0.0759951 9.9991E-05 0.16163 0.0797592
0.631863 0.088229 0.0481322 0.0995141 0.0633519 0.00875694 0.060153
0.414858 0.235586 9.9982E-05 0.221444 0.0788567 9.9982E-05 0.0490546
0.490036 9.9973E-05 0.138174 9.9973E-05 0.24371 0.12778 9.9973E-05
0.514016 0.11196 0.0837112 0.113882 0.118331 9.9991E-05 0.0580001
0.0210405 0.196428 9.9991E-05 0.127604 0.0675111 0.484044 0.103272
0.52648 0.109673 0.119055 0.121007 0.0532192 0.0704665 9.9991E-05
0.452992 0.157674 0.0788856 0.163985 0.10188 0.0361924 0.00839067
0.517749 0.070266 0.0529352 0.234612 0.0633621 0.0609753 9.9991E-05
0.315041 0.13075 0.142331 0.0925993 0.0363722 0.200592 0.0823148
0.568613 0.177072 9.9982E-05 0.114006 0.0807303 0.0593786 9.9982E-05
0.59709 0.162352 9.9982E-05 0.0980244 0.11614 0.0261927 9.9982E-05
9.9973E-05 0.43971 9.9973E-05 0.170469 0.0587422 0.330779 9.9973E-05
0.544931 0.278207 9.9982E-05 0.130973 0.023861 0.0218292 9.9982E-05
0.574651 0.142169 9.9973E-05 0.226849 9.9973E-05 0.0560318 9.9973E-05
0.571901 0.0992756 0.115618 0.119525 0.0156288 0.0779505 9.9991E-05
0.592138 0.111988 9.9982E-05 0.156186 0.0156859 0.123803 9.9982E-05
0.451573 0.156332 0.0900133 0.164558 0.0233998 0.0238371 0.0902875
0.425068 0.0454687 0.0715011 0.0584865 0.362681 0.0216343 0.0151605
0.453053 0.068848 0.111237 0.0837409 0.223477 0.0296413 0.0300025
9.9964E-05 9.9964E-05 0.0767806 9.9964E-05 0.805648 9.9964E-05 0.117171
9.9964E-05 0.0107163 0.0637534 9.9964E-05 0.92513 9.9964E-05 9.9964E-05
0.406025 0.0712225 0.0121002 0.0885247 0.39857 9.9991E-05 0.023457
0.352911 0.156711 0.00877557 0.272639 0.104872 0.103991 9.9991E-05
0.310382 0.103263 9.9982E-05 0.329945 0.254197 9.9982E-05 0.00201263
0.129897 0.171024 0.0293705 0.324851 0.188643 0.156115 9.9991E-05
0.304222 0.203984 9.9973E-05 0.270164 0.22133 9.9973E-05 9.9973E-05
0.0490458 0.0660705 9.9982E-05 0.0280623 0.694827 0.161794 9.9982E-05
0.145921 0.10965 9.9982E-05 0.110525 0.6028 0.0309044 9.9982E-05
0.436501 0.00596055 9.9982E-05 0.141747 0.375067 9.9982E-05 0.0405242
0.458228 0.0703398 9.9973E-05 0.043779 0.427353 9.9973E-05 9.9973E-05
0.193915 0.0518403 9.9973E-05 0.0956163 0.658328 9.9973E-05 9.9973E-05
0.431281 0.034926 0.0974795 0.122109 0.300216 0.0138892 9.9991E-05
0.463375 0.0253924 9.9982E-05 0.127062 0.332448 0.0515223 9.9982E-05
0.406292 0.15091 9.9982E-05 0.148666 0.197513 0.0964183 9.9982E-05
0.279273 9.9973E-05 0.00874581 9.9973E-05 0.672184 9.9973E-05 0.0394966
0.432609 9.9973E-05 0.0709495 9.9973E-05 0.443431 0.0527102 9.9973E-05
0.507587 0.0567679 0.0141052 0.037237 0.322297 9.9991E-05 0.0619065
0.378978 0.0224345 0.109424 9.9991E-05 0.289937 0.151401 0.0477266
0.303949 0.130408 0.0953962 0.152443 0.111897 0.0377228 0.168184
0.474096 9.9973E-05 0.00534619 9.9973E-05 0.421842 0.0984155 9.9973E-05
0.212993 9.9973E-05 0.0188791 9.9973E-05 0.73935 0.0284782 9.9973E-05
0.528817 0.0628749 9.9982E-05 0.0109077 0.36092 9.9982E-05 0.0362801
0.189433 9.9964E-05 0.0486455 9.9964E-05 0.761522 9.9964E-05 9.9964E-05
0.443213 9.9964E-05 9.9964E-05 9.9964E-05 0.555471 0.00091607 9.9964E-05
0.610494 0.0419535 9.9991E-05 0.00564669 0.299055 0.024555 0.0181958
0.454645 0.0469509 0.134703 9.9982E-05 0.320495 9.9982E-05 0.043007
0.446771 0.111655 0.0507456 0.126742 0.0250184 0.136755 0.102312
0.390713 0.165791 0.037498 0.142687 0.161104 0.0751864 0.0270197
0.385566 0.171875 0.0615818 0.242954 0.095466 0.0356314 0.00692556
0.418623 0.158869 0.130716 0.145054 9.9982E-05 0.14654 9.9982E-05
0.512071 0.0991383 0.0056538 0.148855 0.0576883 0.0768269 0.0997669
0.42985 0.146834 0.0357769 0.196626 0.171035 0.00601118 0.0138665
9.9973E-05 0.213097 9.9973E-05 0.131693 0.610188 0.0447226 9.9973E-05
0.596272 0.142381 0.0109822 0.12515 0.11729 0.0078247 9.9991E-05
9.9973E-05 0.34026 9.9973E-05 0.0984922 0.438078 0.12287 9.9973E-05
0.467611 0.063622 9.9973E-05 0.183823 0.284645 9.9973E-05 9.9973E-05
0.0418189 9.9964E-05 9.9964E-05 9.9964E-05 0.846269 9.9964E-05 0.111512
9.9955E-05 9.9955E-05 9.9955E-05 9.9955E-05 0.889396 9.9955E-05 0.110104
0.432551 9.9964E-05 9.9964E-05 9.9964E-05 0.438051 9.9964E-05 0.128998
0.620325 0.0252727 9.9973E-05 0.00711104 0.346992 9.9973E-05 9.9973E-05
0.33895 9.9973E-05 0.0295939 9.9973E-05 0.590758 9.9973E-05 0.0403974
0.504453 9.9964E-05 9.9964E-05 9.9964E-05 0.486753 9.9964E-05 0.00839345
0.47711 9.9964E-05 9.9964E-05 0.0254281 0.497062 9.9964E-05 9.9964E-05
0.053633 0.751184 9.9982E-05 0.07625 0.0927281 0.0260047 9.9982E-05
9.9982E-05 0.712404 0.15362 0.106317 0.0175714 0.00988753 9.9982E-05
9.9964E-05 0.923148 0.0333251 0.0431266 9.9964E-05 9.9964E-05 9.9964E-05
0.0537321 0.927557 9.9964E-05 9.9964E-05 0.0183106 9.9964E-05 9.9964E-05
0.490636 0.0453486 0.0640052 0.0264358 0.0698313 9.9991E-05 0.303643
0.40975 0.0097536 0.0482989 0.0720951 9.9982E-05 9.9982E-05 0.459902
0.503035 0.0131238 9.9964E-05 9.9964E-05 9.9964E-05 9.9964E-05 0.483442
0.574356 0.104479 9.9973E-05 9.9973E-05 9.9973E-05 0.0117085 0.309156
0.466346 0.0336371 0.0742675 0.0741224 0.0465549 0.107098 0.197974
0.163097 9.9991E-05 0.0846032 0.0389925 0.0423313 0.0805007 0.590375
0.537009 9.9973E-05 9.9973E-05 0.03697 0.0686718 9.9973E-05 0.357049
0.32996 9.9973E-05 9.9973E-05 9.9973E-05 0.0357461 0.137442 0.496552
0.458554 0.220893 0.0343707 0.156746 0.043648 0.0856886 9.9991E-05
0.294273 9.9991E-05 0.0563732 0.117221 0.0521038 0.058438 0.421491
0.283656 9.9964E-05 0.164725 9.9964E-05 9.9964E-05 9.9964E-05 0.551219
0.495775 0.01058 0.0830045 0.0207717 0.0499994 9.9991E-05 0.339769
0.40277 0.046136 0.00760306 9.9982E-05 0.0189732 9.9982E-05 0.524318
0.59233 9.9964E-05 9.9964E-05 9.9964E-05 0.0561499 9.9964E-05 0.351121
0.517058 0.0586212 0.0241349 0.0260288 0.0047397 9.9991E-05 0.369318
0.0182288 9.9964E-05 9.9964E-05 9.9964E-05 0.151724 9.9964E-05 0.829647
0.219031 9.9991E-05 0.00586191 0.0073286 0.0947261 0.109897 0.563055
0.282794 0.0291773 0.0405221 9.9982E-05 0.0800445 9.9982E-05 0.567262
9.9964E-05 9.9964E-05 9.9964E-05 9.9964E-05 0.046255 0.149793 0.803552
0.408824 0.018575 0.115596 9.9982E-05 0.0374661 9.9982E-05 0.419338
0.055289 9.9973E-05 9.9973E-05 9.9973E-05 0.0345657 0.301657 0.608189
9.9964E-05 9.9964E-05 9.9964E-05 9.9964E-05 0.145854 0.129087 0.724659
0.454649 9.9991E-05 0.0379726 0.0533339 0.153454 0.0124724 0.288018
0.21373 0.0529033 0.0827207 9.9982E-05 0.0462832 9.9982E-05 0.604163
0.373922 0.00125786 0.158181 0.0691523 9.9982E-05 9.9982E-05 0.397287
0.559714 0.166256 9.9982E-05 0.02688 9.9982E-05 0.0364203 0.21053
0.544023 9.9973E-05 0.1287 9.9973E-05 9.9973E-05 0.0104364 0.316541
0.330557 9.9991E-05 0.335351 0.0629572 0.100317 0.0639805 0.106737
0.551413 0.0209714 9.9973E-05 9.9973E-05 0.0643431 9.9973E-05 0.362973
0.387122 0.000227671 0.0952654 0.0658834 0.0624561 9.9991E-05 0.388945
0.27182 9.9964E-05 9.9964E-05 9.9964E-05 9.9964E-05 0.102705 0.625075
0.584123 0.0466156 9.9991E-05 0.00579476 0.0435213 0.0980803 0.221765
9.9982E-05 0.643808 0.292654 9.9982E-05 0.0133642 0.020437 0.0295365
0.0358364 0.776445 0.0567692 9.9982E-05 9.9982E-05 0.000666757 0.130083
9.9982E-05 0.780704 0.12375 9.9982E-05 0.0217375 0.0651736 0.00843458
9.9964E-05 0.832912 0.120244 9.9964E-05 9.9964E-05 9.9964E-05 0.0464439
0.0626828 0.693683 0.18955 9.9973E-05 9.9973E-05 0.0537845 9.9973E-05
0.0353866 0.0260603 0.142603 0.0705854 9.9982E-05 9.9982E-05 0.725165
0.173592 0.0567602 0.0794581 9.9991E-05 0.00110386 0.0639602 0.625025
0.189784 9.9973E-05 9.9973E-05 9.9973E-05 0.0331651 0.0542663 0.722485
0.441306 0.0883873 0.0760209 0.0971462 0.0125821 0.0204601 0.264097
0.55867 0.104565 9.9982E-05 0.0329405 9.9982E-05 0.0852732 0.218351
0.237654 0.0329064 9.9991E-05 0.0159118 0.0443637 0.100977 0.568087
0.611417 9.9973E-05 9.9973E-05 0.0363964 0.0751393 9.9973E-05 0.276748
0.273217 0.0166655 9.9982E-05 0.108309 9.9982E-05 0.032162 0.569447
0.578938 0.00545046 0.0610542 9.9991E-05 0.0370369 0.00919868 0.308222
0.578224 0.0674033 0.067328 0.0382276 0.00425968 0.00930778 0.235249
0.265951 9.9982E-05 0.126076 0.0507424 9.9982E-05 0.0272921 0.529739
0.317807 0.0130502 9.9964E-05 9.9964E-05 9.9964E-05 9.9964E-05 0.668743
0.295725 9.9964E-05 0.132014 9.9964E-05 9.9964E-05 9.9964E-05 0.571861
0.60921 0.0951302 0.0626695 9.9973E-05 9.9973E-05 0.23269 9.9973E-05
0.408159 9.9964E-05 0.0447341 9.9964E-05 9.9964E-05 9.9964E-05 0.546707
0.389838 9.9982E-05 0.0249087 0.094963 9.9982E-05 0.04365 0.44644
0.479623 0.0446225 0.0127479 0.360242 9.9982E-05 0.102565 9.9982E-05
0.407731 0.0742262 0.0726707 0.429009 9.9982E-05 0.0161636 9.9982E-05
0.404921 0.153465 9.9982E-05 0.399486 0.0210525 0.0208744 9.9982E-05
0.260403 0.0656965 9.9982E-05 0.546103 0.0403274 0.0872702 9.9982E-05
0.400967 0.194503 9.9973E-05 0.349038 9.9973E-05 9.9973E-05 0.0551919
0.417441 0.0347093 9.9991E-05 0.0150348 0.0243578 0.201849 0.306508
0.035926 0.233428 9.9982E-05 0.6827 0.00797488 0.0397715 9.9982E-05
0.361386 0.204759 9.9973E-05 0.410688 9.9973E-05 9.9973E-05 0.0228672
0.424063 0.175214 9.9991E-05 0.0626557 0.0144365 0.263237 0.060295
0.544681 0.135952 0.030219 9.9973E-05 9.9973E-05 0.288848 9.9973E-05
0.504532 0.0205117 0.0625943 9.9982E-05 9.9982E-05 0.390315 0.0218475
0.584899 0.0180605 0.131254 0.0371676 9.9991E-05 0.188629 0.0398898
0.589057 0.0602539 0.0187087 0.0160248 9.9991E-05 0.261936 0.0539187
0.356434 0.15649 9.9973E-05 0.474587 9.9973E-05 0.0121899 9.9973E-05
0.396929 0.173894 0.0321849 0.357277 0.0336369 9.9991E-05 0.0059775
0.41433 0.0676102 9.9982E-05 0.46704 0.043206 0.00761403 9.9982E-05
0.391201 0.142682 0.162085 0.259776 9.9982E-05 0.0440555 9.9982E-05
0.238488 0.0909657 9.9982E-05 0.580664 0.0400118 9.9982E-05 0.0496703
0.394477 0.195948 9.9991E-05 0.316546 0.00344994 0.0415609 0.0479184
0.226318 0.129375 0.0304492 0.572308 0.0353892 0.00606068 9.9991E-05
0.401548 0.0948823 0.0564883 0.398562 9.9991E-05 0.00706473 0.0413541
0.557291 9.9964E-05 0.0311238 9.9964E-05 9.9964E-05 0.411185 9.9964E-05
0.343599 0.180639 0.0375099 0.325589 9.9982E-05 9.9982E-05 0.112463
0.184244 0.127488 9.9982E-05 0.637326 0.00287834 0.0478634 9.9982E-05
0.225913 0.120895 0.0838486 0.381077 0.1431 9.9991E-05 0.0450668
0.20906 0.10649 0.238199 9.9982E-05 9.9982E-05 0.378071 0.0679802
0.562128 9.9973E-05 9.9973E-05 0.108107 9.9973E-05 0.284421 0.0450441
0.337884 0.159872 0.101453 0.325576 0.0554224 9.9991E-05 0.0196934
0.614361 0.0888033 0.0704621 0.00664922 9.9982E-05 0.219524 9.9982E-05
0.507028 0.129511 9.9982E-05 0.0168012 9.9982E-05 0.290177 0.0562823
0.305868 0.136877 0.042808 0.28573 0.0042177 0.129032 0.0954676
0.369137 0.225952 9.9991E-05 0.19313 0.160957 0.0190366 0.0316877
0.61599 0.0547653 0.0582313 0.113312 9.9991E-05 0.111618 0.045984
0.279017 0.089132 9.9991E-05 0.414364 0.02637 0.0147323 0.176285
0.360964 0.094674 9.9982E-05 0.490213 0.0474694 0.00648009 9.9982E-05
0.136479 0.215186 0.00661863 0.569371 9.9982E-05 0.0721462 9.9982E-05
0.523954 0.117038 9.9991E-05 0.0908169 0.0655859 0.138885 0.0636198
0.469956 0.0534339 0.109194 9.9982E-05 9.9982E-05 0.292998 0.0742185
0.237345 0.0152108 9.9973E-05 9.9973E-05 0.00816021 0.738985 9.9973E-05
0.676198 0.0839018 0.0877092 0.0490439 9.9982E-05 0.102947 9.9982E-05
0.400655 0.0671302 0.247271 0.0203653 0.0270459 0.201568 0.035965
0.467406 0.162595 9.9982E-05 0.120616 9.9982E-05 0.199223 0.0499606
0.543787 0.174606 0.145244 9.9991E-05 0.0232219 0.0562209 0.0568203
9.9964E-05 0.21024 9.9964E-05 0.212648 9.9964E-05 0.576713 9.9964E-05
9.9964E-05 0.236222 9.9964E-05 0.123921 9.9964E-05 0.639457 9.9964E-05
0.243971 0.110579 0.0392287 0.1782 0.0902165 0.337705 9.9991E-05
0.0409326 0.247937 9.9982E-05 0.242334 9.9982E-05 0.438867 0.0297289
9.9964E-05 0.283418 9.9964E-05 0.253429 9.9964E-05 0.462752 9.9964E-05
0.410326 0.105627 9.9991E-05 0.0909035 0.143443 0.227626 0.0219749
0.410857 0.265785 9.9982E-05 0.102493 0.0267245 0.193941 9.9982E-05
0.223304 0.244177 9.9982E-05 0.12231 9.9982E-05 0.381464 0.0285452
0.0927994 0.209356 0.0283869 0.188718 9.9982E-05 0.480541 9.9982E-05
0.499428 0.128749 0.0252432 0.0937484 9.9982E-05 0.252631 9.9982E-05
0.110124 0.112693 9.9982E-05 0.16842 9.9982E-05 0.491583 0.116981
9.9964E-05 0.322271 9.9964E-05 0.0719447 9.9964E-05 0.605385 9.9964E-05
0.496182 0.10367 0.0877328 0.117477 0.0017576 0.124453 0.0687273
0.269199 0.0401478 0.0655711 0.272988 0.0181019 0.296554 0.0374377
0.39126 0.280733 0.0791353 0.18713 9.9982E-05 9.9982E-05 0.0615415
0.55348 0.19405 9.9964E-05 0.25207 9.9964E-05 9.9964E-05 9.9964E-05
0.495593 0.194129 9.9991E-05 0.192291 0.00545253 0.0791135 0.0333203
0.531311 0.17913 9.9982E-05 0.171257 0.0301462 0.087956 9.9982E-05
0.304189 0.366651 0.0322894 0.211909 0.0708225 0.0140389 9.9991E-05
0.532946 0.223069 0.0238221 0.142468 0.0435575 0.0340378 9.9991E-05
0.426229 0.230111 9.9982E-05 0.238003 9.9982E-05 0.034888 0.0705687
0.389613 0.253291 0.0363524 0.14412 9.9991E-05 0.164347 0.0121759
0.263537 0.219768 0.106278 0.145277 0.0417148 0.0090935 0.214331
0.500849 0.186863 0.100085 0.14324 0.0116668 0.0571955 9.9991E-05
0.460217 0.206059 0.0016984 0.138591 9.9991E-05 0.110648 0.0826869
0.587534 0.11492 0.012068 0.0723371 0.117461 0.0560606 0.0396199
0.430288 0.281273 0.012919 0.190967 9.9982E-05 0.0843527 9.9982E-05
0.511054 0.160313 9.9991E-05 0.205168 0.0380398 0.0676748 0.0176504
0.149528 0.35287 9.9991E-05 0.229215 0.00420655 0.209199 0.0548812
0.480805 0.207988 0.020881 0.18619 0.0488264 0.0552099 9.9991E-05
0.238686 0.223831 9.9982E-05 0.286021 0.00768154 0.24358 9.9982E-05
9.9973E-05 0.795522 0.0891557 9.9973E-05 9.9973E-05 0.050065 0.0649571
0.101921 0.110066 0.745141 9.9973E-05 0.0425721 9.9973E-05 9.9973E-05
9.9964E-05 0.0363057 0.962727 9.9964E-05 0.000567383 9.9964E-05 9.9964E-05
9.9955E-05 0.00531734 0.994183 9.9955E-05 9.9955E-05 9.9955E-05 9.9955E-05
0.0298376 9.9973E-05 0.954296 0.00695555 0.00861138 9.9973E-05 9.9973E-05
0.048206 9.9964E-05 0.930957 0.0204368 9.9964E-05 9.9964E-05 9.9964E-05
0.108597 0.000726654 0.890276 9.9964E-05 9.9964E-05 9.9964E-05 9.9964E-05
9.9955E-05 0.0512832 0.948217 9.9955E-05 9.9955E-05 9.9955E-05 9.9955E-05
0.00644374 0.201962 0.783115 0.00817909 9.9973E-05 9.9973E-05 9.9973E-05
9.9973E-05 0.866587 0.0833752 0.0493632 9.9973E-05 0.000374539 9.9973E-05
0.043952 0.820634 0.128427 9.9973E-05 0.00668727 9.9973E-05 9.9973E-05
0.00290354 0.867416 9.9982E-05 0.0743129 9.9982E-05 0.0365494 0.018618
0.0435424 0.795944 0.122177 9.9973E-05 9.9973E-05 0.0380366 9.9973E-05
9.9982E-05 0.864762 0.0514249 0.0717247 9.9982E-05 0.0102927 0.0015959
9.9973E-05 0.913927 0.0574304 0.000935122 0.0274075 9.9973E-05 9.9973E-05
0.0439983 0.729893 0.0740291 0.130383 9.9982E-05 0.0214972 9.9982E-05
0.00996359 0.855068 0.0226021 0.100178 0.0119889 9.9982E-05 9.9982E-05
0.0627611 0.703454 0.146719 0.0532926 9.9982E-05 9.9982E-05 0.0335725
0.0124732 0.907705 9.9982E-05 0.0521525 0.00222655 9.9982E-05 0.0252428
9.9964E-05 0.917787 0.038775 9.9964E-05 0.043038 9.9964E-05 9.9964E-05
9.9964E-05 0.862334 0.0728546 0.0644118 9.9964E-05 9.9964E-05 9.9964E-05
0.00716784 0.947468 0.028395 0.0166696 9.9973E-05 9.9973E-05 9.9973E-05
0.0949795 0.875101 9.9964E-05 9.9964E-05 9.9964E-05 0.02952 9.9964E-05
0.0590525 0.887689 9.9973E-05 0.00289655 9.9973E-05 9.9973E-05 0.0500619
0.118327 0.861202 9.9964E-05 0.0200709 9.9964E-05 9.9964E-05 9.9964E-05
0.148359 0.760141 9.9964E-05 0.0911006 9.9964E-05 9.9964E-05 9.9964E-05
0.174572 0.782294 9.9964E-05 0.0427339 9.9964E-05 9.9964E-05 9.9964E-05
0.121479 0.841698 9.9964E-05 0.0364236 9.9964E-05 9.9964E-05 9.9964E-05
0.420462 0.128334 0.0377286 9.9982E-05 9.9982E-05 0.336189 0.0770875
0.70694 0.0273741 0.0362325 9.9982E-05 9.9982E-05 0.1637 0.0655543
0.681751 0.0975338 0.112189 9.9991E-05 0.0580191 0.000759464 0.0496478
0.195864 9.9982E-05 0.0070114 9.9982E-05 0.0195633 0.680755 0.0966061
0.53038 0.0968058 0.12275 9.9982E-05 0.0253426 0.224522 9.9982E-05
0.203113 0.0351152 9.9964E-05 9.9964E-05 9.9964E-05 0.761372 9.9964E-05
0.629624 0.0597176 9.9973E-05 0.0563667 9.9973E-05 0.253992 9.9973E-05
0.438759 0.0246761 0.133264 9.9982E-05 9.9982E-05 0.30679 0.0963108
0.561752 0.00314896 0.080305 9.9982E-05 9.9982E-05 0.310271 0.044323
0.4698 0.0278562 9.9991E-05 0.0504296 0.0413174 0.0274562 0.383041
0.465791 9.9964E-05 0.150225 9.9964E-05 9.9964E-05 0.383584 9.9964E-05
0.667513 9.9973E-05 0.0691959 9.9973E-05 9.9973E-05 0.25721 0.00578082
0.633018 0.00837609 0.118331 9.9973E-05 9.9973E-05 0.239975 9.9973E-05
0.0484427 9.9991E-05 0.416939 0.0184453 0.305445 0.0899324 0.120695
9.9973E-05 9.9973E-05 0.0899933 9.9973E-05 0.0820676 0.82028 0.00735923
0.215568 9.9964E-05 0.0315279 9.9964E-05 9.9964E-05 0.752504 9.9964E-05
0.631401 0.0656565 0.0556109 9.9982E-05 0.00244308 0.244689 9.9982E-05
0.537816 0.0483931 0.0954241 9.9973E-05 9.9973E-05 0.318067 9.9973E-05
0.591486 0.104004 0.0121039 9.9991E-05 0.0174365 0.228738 0.046132
0.703192 0.0586493 0.0342725 9.9991E-05 0.0378291 0.141505 0.0244521
