0.0421756 0.922051 9.9973E-05 9.9973E-05 0.0354732 9.9973E-05
9.99705E-05 0.97944 9.99705E-05 0.0201603 9.99705E-05 9.99705E-05
9.999E-05 0.890897 0.0479715 0.0468752 0.00915016 0.00500654
9.9982E-05 0.817104 0.144447 9.9982E-05 0.0289099 0.00933931
9.9973E-05 0.919316 0.0749755 9.9973E-05 0.0054083 9.9973E-05
0.0344141 0.654814 0.080347 0.0413492 0.0523757 0.1367
0.00068675 0.819624 0.006315 9.9991E-05 0.0178746 0.155399
0.00682736 0.727178 0.0152721 9.9991E-05 0.0787556 0.171867
9.99729E-05 0.83524 9.99729E-05 9.99729E-05 0.127892 0.0365681
9.9991E-05 0.778582 0.0500549 0.0134004 0.0162677 0.141595
9.9982E-05 0.749041 0.105639 9.9982E-05 0.020097 0.125023
0.00908204 0.0445757 0.247277 0.124623 0.520875 0.0535668
0.0562396 0.056186 0.556429 0.0387923 0.292253 9.9991E-05
0.0909326 0.0163518 0.257679 0.104876 0.481291 0.0488695
0.128505 0.046926 0.259347 0.0620797 0.451749 0.0513935
0.122346 0.0766479 0.431719 0.0457565 0.26495 0.0585813
0.0662768 0.0268194 0.572448 0.0430639 0.218357 0.0730348
0.0483856 0.0384748 0.463411 0.12135 0.288343 0.0400351
0.0650276 0.0894745 0.308234 0.0169738 0.432828 0.0874613
0.0212487 9.9991E-05 0.0652373 0.0489676 0.715408 0.149038
0.0333813 0.0104158 0.440465 0.109185 0.345105 0.0614471
0.0552569 0.0348603 0.422769 0.0792287 0.163397 0.244487
0.0434402 0.0438042 0.530808 0.110406 0.214178 0.0573631
0.0520576 0.039583 0.265414 0.0769716 0.458998 0.106976
0.0832541 0.0892826 0.634477 0.0252212 0.0590416 0.108723
0.0361484 0.0661015 0.563868 0.0171501 0.266122 0.0506107
0.0172806 0.0459 0.270932 0.0841539 0.508431 0.0733029
0.0887418 0.0380696 0.271154 0.10413 0.417253 0.080652
9.9991E-05 0.000220657 0.258911 0.10428 0.515033 0.121456
0.0186296 0.890943 0.0901272 9.9973E-05 9.9973E-05 9.9973E-05
9.9964E-05 0.879089 0.120512 9.9964E-05 9.9964E-05 9.9964E-05
0.0829895 0.797505 0.0926225 9.9982E-05 0.0266828 9.9982E-05
0.0707753 0.752291 0.176634 9.9973E-05 9.9973E-05 9.9973E-05
9.999E-05 0.0777447 0.499343 0.247582 0.114239 0.0609916
0.0486355 0.111035 0.488088 0.267878 0.0799806 0.00438283
9.9991E-05 0.0114804 0.539789 0.410508 0.0106619 0.02746
0.00279645 0.0322676 0.198812 0.0947139 0.643238 0.0281723
0.00730712 9.9982E-05 0.267063 0.557696 9.9982E-05 0.167733
0.0346465 0.0733848 0.532972 0.192233 0.108308 0.0584562
9.9982E-05 0.0616367 0.726855 0.163426 9.9982E-05 0.0478822
9.9991E-05 0.117015 0.567053 0.0561284 0.0449573 0.214746
0.0206716 0.114767 0.575086 0.132066 0.0568762 0.100533
9.9982E-05 0.0162414 0.12605 0.644605 0.212904 9.9982E-05
0.0275945 0.0827254 0.636688 9.9991E-05 0.0390852 0.213807
0.0782317 0.0545987 0.546611 0.223657 0.0630115 0.03389
0.0384616 0.129478 0.631724 0.0971245 9.9991E-05 0.103113
9.9973E-05 9.9973E-05 0.317967 0.597328 9.9973E-05 0.084405
9.9982E-05 0.107654 0.600806 0.281291 0.0100483 9.9982E-05
0.0610458 0.131355 0.543581 0.136975 0.058525 0.0685187
9.9973E-05 0.00368906 9.9973E-05 0.613078 9.9973E-05 0.382933
9.9982E-05 9.9982E-05 0.201903 0.108355 0.584691 0.10485
0.0593491 9.9991E-05 0.144628 0.160142 0.264795 0.370986
0.0647608 0.0666202 0.597468 0.0193869 0.122982 0.128783
0.0436096 0.0780558 0.590164 9.9991E-05 0.132972 0.155098
0.0600401 0.0952722 0.590727 0.0774239 0.0694663 0.10707
9.9991E-05 0.124781 0.213198 0.151807 0.461291 0.0488233
0.0107296 0.0458949 0.549047 0.0383244 0.323693 0.0323106
0.0826985 0.0902095 0.547511 0.0856236 0.189946 0.00401207
0.0373424 0.103494 0.403985 0.0952133 0.262416 0.0975499
0.0250811 0.140703 0.143803 0.0916649 0.481867 0.11688
0.0321943 0.0941446 0.562983 0.0510589 0.145157 0.114462
0.0529964 0.062956 0.465008 0.074305 0.266226 0.078508
9.9991E-05 0.0549141 0.112325 0.128745 0.563365 0.140551
9.9982E-05 9.9982E-05 0.46151 0.0940934 0.361621 0.0825756
0.0354188 0.0376776 0.590785 0.0630242 0.118662 0.154433
9.9991E-05 0.0864843 0.650296 0.0275226 0.138555 0.0970415
0.0519838 0.0617095 0.274993 0.16941 0.367423 0.0744804
0.0445994 0.051073 0.528915 0.0539312 0.256243 0.0652377
0.0292533 0.0460714 0.588433 0.0958217 0.168522 0.0718985
9.9991E-05 0.0187735 0.260714 0.0994498 0.496017 0.124946
0.00413295 0.0150628 0.483463 0.490477 0.00676408 9.9991E-05
0.0118125 0.0157157 0.167134 0.735006 0.0702313 9.9991E-05
0.0638249 0.0873331 0.500006 0.246666 0.0915324 0.010638
9.9964E-05 9.9964E-05 9.9964E-05 0.849023 9.9964E-05 0.150577
9.9964E-05 9.9964E-05 9.9964E-05 0.845183 9.9964E-05 0.154418
9.9973E-05 9.9973E-05 0.211166 0.724621 9.9973E-05 0.0639126
0.00184721 0.015549 0.472234 0.434162 0.076108 9.9991E-05
0.0712925 0.101075 0.526364 0.132722 0.0648516 0.103695
0.0131029 9.9982E-05 0.440007 0.527998 9.9982E-05 0.0186914
9.9982E-05 0.0409642 0.126199 0.642275 0.190362 9.9982E-05
9.9982E-05 0.00471296 0.232024 0.592184 0.170879 9.9982E-05
0.0327459 0.0970304 0.503072 0.279272 0.0877798 9.9991E-05
0.0301209 0.0485444 0.291501 0.575647 0.0540863 9.9991E-05
9.9982E-05 0.0366721 0.390565 0.506038 0.0665253 9.9982E-05
9.9982E-05 0.00210432 0.467249 0.471916 9.9982E-05 0.0585313
9.9964E-05 9.9964E-05 9.9964E-05 0.638708 9.9964E-05 0.360892
0.0538636 0.0240177 0.596703 0.289004 0.0226106 0.0138009
9.9973E-05 0.85282 0.0760075 9.9973E-05 0.0708721 9.9973E-05
9.9964E-05 0.936367 0.0632328 9.9964E-05 9.9964E-05 9.9964E-05
0.0310107 0.856702 0.111987 9.9973E-05 9.9973E-05 9.9973E-05
0.0568501 0.930877 0.0119735 9.9973E-05 9.9973E-05 9.9973E-05
0.0250303 0.962041 9.9973E-05 0.0126284 9.9973E-05 9.9973E-05
0.0352494 0.879617 0.0781251 9.9982E-05 9.9982E-05 0.00680885
9.9964E-05 0.933063 0.0665369 9.9964E-05 9.9964E-05 9.9964E-05
0.0363733 0.122435 0.55556 0.208691 0.0763111 0.000629199
0.0620891 0.163442 0.539016 0.14198 0.0450759 0.0483969
9.9982E-05 0.0361796 9.9982E-05 0.74094 0.21854 0.00414076
0.0299131 0.059032 0.588189 0.162982 0.0843164 0.075568
9.9982E-05 0.0389417 0.352613 0.495539 0.112706 9.9982E-05
9.9982E-05 0.0874437 0.567669 0.305754 0.0389334 9.9982E-05
0.0162118 0.040188 0.563534 0.295823 9.9991E-05 0.0841434
0.0491917 0.0169494 0.466332 0.407654 0.0351744 0.0246977
9.9973E-05 0.037847 9.9973E-05 0.688534 0.273319 9.9973E-05
0.0672718 0.11063 0.496603 0.202233 0.0899755 0.0332858
0.0555969 0.0675158 0.630285 0.140577 0.0998242 0.00620124
0.0279965 0.109885 0.592648 0.150067 0.0672343 0.0521691
0.0244574 0.00453661 0.246672 0.500033 0.0471036 0.177198
0.057812 9.9982E-05 0.457045 0.420426 9.9982E-05 0.0645177
9.9982E-05 0.0294627 0.432418 0.389299 0.148621 9.9982E-05
0.00540119 9.9982E-05 0.354887 0.586788 9.9982E-05 0.0527236
9.9982E-05 0.0521904 0.441956 0.358431 0.147222 9.9982E-05
0.0400898 0.0880033 0.540919 0.169891 0.0457179 0.11538
0.0583861 9.9991E-05 0.291173 0.0133195 0.396047 0.240974
9.9991E-05 0.0886317 0.445631 0.0211137 0.346334 0.0981894
0.0525301 0.10227 0.575279 9.9991E-05 0.163344 0.106477
0.0284942 0.0558875 0.608505 0.0550695 0.162916 0.0891275
9.9982E-05 0.0324445 0.495378 0.0481787 0.423799 9.9982E-05
0.0453565 0.0376893 0.597162 0.0062909 0.226672 0.0868296
0.0153562 0.0341245 0.47319 9.9991E-05 0.438176 0.0390535
0.0754947 0.0566931 0.518159 0.0419414 0.12888 0.178832
0.0566885 0.0770988 0.596068 0.0504273 0.170003 0.0497147
9.9982E-05 0.0564028 0.60936 9.9982E-05 0.230272 0.103765
9.9991E-05 0.0265157 0.588564 0.0230479 0.3295 0.0322725
0.0315987 0.0439088 0.66692 0.018624 0.156035 0.0829131
0.0819175 0.0781842 0.561931 0.0318916 0.152315 0.0937602
0.0505909 9.9991E-05 0.62224 0.0174226 0.224628 0.0850186
0.067241 0.0403256 0.578953 0.0650532 0.151896 0.0965313
0.0315572 9.9991E-05 0.623234 0.0228306 0.171951 0.150327
0.0614418 0.0379353 0.316102 9.9991E-05 0.343117 0.241304
0.0675357 0.0714743 0.618424 0.0257704 0.178601 0.0381954
0.0460342 0.00607033 0.674838 9.9991E-05 0.158985 0.113972
0.0195769 0.0186091 0.226634 0.0844541 0.591223 0.0595032
0.0400987 9.9991E-05 0.171712 0.0518801 0.36223 0.373979
0.0366147 0.0528651 0.509535 0.046073 0.268198 0.0867141
0.00395832 9.9991E-05 0.112672 0.120797 0.340563 0.42191
9.9991E-05 0.00617863 0.371405 0.0430679 0.532026 0.0472223
9.9982E-05 9.9982E-05 0.461911 0.0673335 0.466932 0.00362313
9.9991E-05 0.0148982 0.358853 0.136423 0.472224 0.0175021
9.9982E-05 9.9982E-05 0.340268 0.0875444 0.512071 0.0599163
9.9991E-05 0.0694609 0.636542 0.0412434 0.219677 0.0329763
0.0661515 0.0749145 0.562439 0.0134664 0.181903 0.101126
0.0168416 0.0511933 0.650107 0.090122 0.18556 0.00617612
0.00201867 9.9991E-05 0.244248 0.0489169 0.397988 0.306729
0.0240662 0.160512 0.530762 0.0945728 0.0626144 0.127473
0.0438167 0.0810356 0.485007 0.03193 0.050194 0.308017
9.9982E-05 0.105288 9.9982E-05 0.0952744 0.080353 0.718884
0.0425032 0.0996042 0.641758 0.0700588 9.9991E-05 0.145976
0.0247468 0.0967158 0.33941 0.102267 0.0691129 0.367747
0.0452945 0.102129 0.53444 9.9991E-05 0.0832717 0.234765
9.9991E-05 0.0944454 0.260024 0.0345743 0.098998 0.511859
9.9991E-05 0.0433644 0.129323 0.0489934 0.148297 0.629923
0.0220237 0.0441903 0.431803 0.0559952 0.0795804 0.366407
0.0627837 0.137393 0.486571 0.059913 0.0601647 0.193174
0.0455789 0.193682 0.428839 0.0351714 0.068271 0.228457
0.0642579 0.047753 0.122631 0.17432 0.0994592 0.491578
0.0621049 0.0927079 0.553653 0.0902211 0.0582429 0.14307
9.9982E-05 9.9982E-05 0.368225 0.0365687 0.0892605 0.505746
9.9982E-05 9.9982E-05 0.461779 0.0773879 0.0915786 0.369054
0.0436992 0.0735891 0.600687 0.01119 0.13907 0.131764
0.237642 0.388001 0.135946 9.9991E-05 0.0104436 0.227867
0.135602 0.482528 9.9973E-05 9.9973E-05 9.9973E-05 0.381571
0.126779 0.459114 9.9973E-05 9.9973E-05 9.9973E-05 0.413807
0.259605 0.357436 0.0912582 9.9991E-05 0.00214947 0.289451
9.9991E-05 0.00185468 0.635185 0.0862122 0.0153107 0.261338
0.0245279 0.11862 0.605823 0.0332671 0.0588752 0.158886
0.656194 9.9982E-05 0.333441 0.00220359 0.00796171 9.9982E-05
0.450848 9.9982E-05 0.376149 9.9982E-05 0.167814 0.0049888
0.423751 0.0630005 0.3592 0.0460353 0.0699412 0.0380714
0.0086908 0.00473141 0.300201 0.0414694 0.0493672 0.59554
0.0630218 0.114026 0.466766 0.106043 0.0804483 0.169695
9.9973E-05 9.9973E-05 0.29756 9.9973E-05 0.0804615 0.621679
9.9991E-05 0.0686403 0.60362 0.0264798 0.0151526 0.286008
9.9982E-05 0.0458776 0.532761 9.9982E-05 0.0663373 0.354824
9.9964E-05 9.9964E-05 0.630419 9.9964E-05 9.9964E-05 0.369181
9.9982E-05 9.9982E-05 0.228903 0.0432813 0.0341126 0.693503
0.037723 0.0922135 0.633127 0.0989382 9.9991E-05 0.137899
0.0028562 0.119908 0.627939 0.0282163 0.0385283 0.182552
0.954863 0.000800554 0.0239321 0.0202048 9.9982E-05 9.9982E-05
0.923281 9.9982E-05 0.040196 0.00957333 0.02675 9.9982E-05
0.564924 0.0483579 0.270243 0.0396965 0.0766787 9.9991E-05
0.585357 0.0112528 0.388459 9.9982E-05 0.0147315 9.9982E-05
0.838619 9.9982E-05 0.118022 0.0236911 0.0194675 9.9982E-05
0.9995 9.996E-05 9.996E-05 9.996E-05 9.996E-05 9.996E-05
0.955266 9.9973E-05 0.0102265 9.9973E-05 0.0342073 9.9973E-05
0.853971 9.9964E-05 0.145629 9.9964E-05 9.9964E-05 9.9964E-05
0.938789 9.9964E-05 9.9964E-05 9.9964E-05 0.0608116 9.9964E-05
0.9995 9.996E-05 9.996E-05 9.996E-05 9.996E-05 9.996E-05
0.9995 9.996E-05 9.996E-05 9.996E-05 9.996E-05 9.996E-05
0.761726 9.9973E-05 0.210701 9.9973E-05 0.0272727 9.9973E-05
0.805567 0.00322167 0.116285 9.9982E-05 0.0747269 9.9982E-05
0.9995 9.996E-05 9.996E-05 9.996E-05 9.996E-05 9.996E-05
0.379183 0.0624589 0.356308 0.0889087 0.0936383 0.0195031
0.631967 0.0346234 0.250023 0.0324343 0.0508526 9.9991E-05
0.780207 0.0434952 0.1442 0.0318977 9.9982E-05 9.9982E-05
0.900692 0.0127016 0.0863069 9.9973E-05 9.9973E-05 9.9973E-05
0.9995 9.996E-05 9.996E-05 9.996E-05 9.996E-05 9.996E-05
0.96518 0.00651245 0.0280079 9.9973E-05 9.9973E-05 9.9973E-05
0.9995 9.996E-05 9.996E-05 9.996E-05 9.996E-05 9.996E-05
0.612903 0.0641398 0.252818 0.0610003 0.00903919 9.9991E-05
0.952041 0.00936877 9.9982E-05 0.0282629 0.0101273 9.9982E-05
0.0505208 0.301453 9.9973E-05 9.9973E-05 9.9973E-05 0.647726
0.103574 0.206504 0.389889 9.9991E-05 0.0257662 0.274167
0.0578107 0.188627 0.446866 9.9982E-05 9.9982E-05 0.306497
0.0910367 0.189377 0.228112 9.9982E-05 9.9982E-05 0.491274
0.162516 0.100549 0.383963 0.0610706 0.0709896 0.220912
0.101238 0.265539 0.149003 9.9982E-05 9.9982E-05 0.48402
0.0852194 0.196496 0.445738 0.0419435 0.0281195 0.202484
0.0896745 0.193422 0.358059 9.9982E-05 9.9982E-05 0.358645
0.119618 0.164552 0.461212 9.9991E-05 0.0058799 0.248639
0.123088 0.191297 0.378213 0.00435781 9.9991E-05 0.302944
0.0922783 0.211231 0.45596 0.0645268 9.9991E-05 0.175905
9.9991E-05 0.907286 0.0640266 0.0066673 0.00396717 0.0179528
0.0768787 0.876748 9.9982E-05 0.0320668 9.9982E-05 0.014107
9.9973E-05 0.958664 0.00556555 9.9973E-05 0.0354705 9.9973E-05
9.9973E-05 0.968423 9.9973E-05 9.9973E-05 0.0129047 0.0183719
0.00345035 0.914828 0.0719451 9.9982E-05 9.9982E-05 0.00957677
9.9964E-05 0.979588 0.0200122 9.9964E-05 9.9964E-05 9.9964E-05
0.0292081 0.926942 0.0435497 9.9973E-05 9.9973E-05 9.9973E-05
9.9982E-05 0.938035 0.00445737 0.00535829 0.0519498 9.9982E-05
0.0261054 0.921475 9.9991E-05 0.0356453 0.0155435 0.00113132
0.026181 0.910042 9.9982E-05 9.9982E-05 0.0353504 0.0282268
9.9982E-05 0.598035 9.9982E-05 0.0288011 0.300572 0.0723917
9.9973E-05 0.600362 9.9973E-05 9.9973E-05 0.351929 0.0474095
9.9982E-05 0.540175 9.9982E-05 0.0411477 0.322285 0.096192
9.9973E-05 0.453465 9.9973E-05 9.9973E-05 0.44551 0.100725
9.9982E-05 0.0752997 0.516978 0.267758 0.139764 9.9982E-05
0.0279624 0.0317341 0.497567 0.295133 0.106631 0.0409723
0.00688303 0.0352666 0.54588 0.173914 0.203248 0.0348078
9.9982E-05 0.046289 0.360251 0.307098 0.286162 9.9982E-05
0.0102268 9.9991E-05 0.220885 0.0959723 0.632412 0.0404038
9.9991E-05 0.0241847 0.681566 0.170026 0.113567 0.0105572
0.00887138 9.9982E-05 0.622249 0.259712 0.108968 9.9982E-05
0.0263498 9.9991E-05 0.520193 0.263314 0.0674873 0.122556
9.9973E-05 9.9973E-05 0.376227 0.556095 9.9973E-05 0.0673788
0.0457113 0.0461992 0.563969 0.152658 0.0870481 0.104414
9.9973E-05 9.9973E-05 0.368154 0.5408 0.0907463 9.9973E-05
9.9964E-05 9.9964E-05 9.9964E-05 0.778596 9.9964E-05 0.221004
0.0194248 0.0496445 0.550003 0.17613 0.182416 0.0223809
9.9973E-05 9.9973E-05 0.14883 0.606223 9.9973E-05 0.244647
0.0525003 0.015336 0.47145 0.422127 0.0270448 0.0115418
9.9982E-05 0.00969994 0.104131 0.657703 0.228265 9.9982E-05
9.9982E-05 0.145786 9.9982E-05 0.00566417 0.78252 0.0658308
9.9982E-05 0.113427 0.0666446 9.9982E-05 0.767686 0.0520421
9.9991E-05 0.102284 0.039565 0.0289702 0.773955 0.0551265
9.9973E-05 0.125386 9.9973E-05 9.9973E-05 0.812065 0.0622491
9.9982E-05 0.0647054 0.122248 9.9982E-05 0.783945 0.0289018
0.0136822 0.0684358 0.0815409 9.9991E-05 0.742712 0.0935291
0.0516928 0.870837 0.0310879 0.0382787 0.0080038 9.9991E-05
0.0119585 0.836704 0.119932 0.0129309 0.0183749 9.9991E-05
0.0356659 0.784149 0.156243 0.0053445 9.9991E-05 0.0184974
0.0677 0.843348 0.0238996 0.0431152 0.0218371 9.9991E-05
0.0560811 0.782184 0.137674 9.9991E-05 0.00154706 0.0224142
9.9973E-05 0.398932 9.9973E-05 9.9973E-05 0.51927 0.0814983
0.00174306 0.421432 9.9982E-05 9.9982E-05 0.499269 0.0773552
0.00498171 0.432078 0.0186483 9.9991E-05 0.509045 0.0351466
9.9973E-05 0.857463 0.117338 9.9973E-05 0.0248993 9.9973E-05
9.9982E-05 0.400174 9.9982E-05 0.0451272 0.520044 0.0344547
0.304358 0.25571 0.279244 9.9982E-05 9.9982E-05 0.160489
0.204451 0.151203 0.539972 9.9991E-05 0.0460256 0.0582486
0.210213 0.213731 0.575757 9.9973E-05 9.9973E-05 9.9973E-05
0.247089 0.27878 0.296348 0.0153653 9.9991E-05 0.162318
0.113796 0.193813 0.511031 0.0294901 0.050643 0.101227
0.282596 0.467564 9.9973E-05 9.9973E-05 9.9973E-05 0.24954
9.9991E-05 0.00284598 0.442917 0.0691483 0.432361 0.052627
9.9982E-05 9.9982E-05 0.488115 0.0573287 0.164314 0.290043
9.9982E-05 9.9982E-05 0.308164 0.0764367 0.572057 0.0431417
9.9982E-05 9.9982E-05 0.534866 0.0590578 0.180343 0.225533
9.9973E-05 9.9973E-05 9.9973E-05 0.0531637 0.350458 0.596078
0.0478584 0.0941741 0.600406 0.0410736 0.13303 0.083458
0.00546257 0.039365 0.587343 0.0727561 0.12528 0.169793
9.9991E-05 0.0301744 0.365777 0.0191305 0.506999 0.0778191
0.0277099 0.0834393 0.554514 0.0925234 0.180288 0.0615258
9.9982E-05 9.9982E-05 0.164454 0.149857 0.304797 0.380692
0.0236212 0.00481631 0.599804 0.0889374 0.163183 0.119638
9.9991E-05 0.0184314 0.519136 0.0689326 0.328743 0.0646572
0.162166 0.0798666 0.408662 0.0500147 0.124433 0.174858
0.00467621 9.9991E-05 0.365469 0.0841277 0.282397 0.263231
0.0346856 9.9991E-05 0.42741 0.0813321 0.219459 0.237014
0.0121504 9.9991E-05 0.624406 0.0556794 0.214033 0.0936318
9.9982E-05 9.9982E-05 0.586275 0.091885 0.163848 0.157792
0.0477917 0.033305 0.656272 0.0294542 0.112131 0.121046
0.0549844 0.114134 0.511432 0.0960059 0.17933 0.0441139
0.0386679 0.0790169 0.574169 0.0983985 0.17069 0.0390583
0.0373986 0.850972 0.11133 9.9973E-05 9.9973E-05 9.9973E-05
0.00130174 0.883687 0.114712 9.9973E-05 9.9973E-05 9.9973E-05
9.9991E-05 0.905701 0.0381487 0.0275442 0.017673 0.0108326
0.0449008 0.899392 0.0401926 0.00491668 0.010498 9.9991E-05
9.9964E-05 0.90917 0.0904304 9.9964E-05 9.9964E-05 9.9964E-05
0.0316271 0.0181903 0.138222 0.106795 0.598794 0.106372
0.0363874 0.0238153 0.573089 0.0455171 0.220938 0.100254
0.242254 0.192493 0.403535 9.9982E-05 9.9982E-05 0.161517
0.0461395 0.0185271 0.638017 0.0352101 0.223484 0.0386222
0.0229299 0.000908579 0.536713 0.0657527 0.373595 9.9991E-05
9.9982E-05 9.9982E-05 0.356965 0.0361255 0.296894 0.309815
9.9991E-05 0.0666932 0.0256887 0.091798 0.756387 0.0593331
0.0112944 0.0681133 0.480592 0.0628347 0.363115 0.0140502
0.0671008 0.0257038 0.2242 0.0474119 0.597496 0.0380877
0.0147704 0.034274 0.48242 0.0775985 0.219664 0.171273
9.9991E-05 0.0719733 0.174864 0.046459 0.603068 0.103535
0.0582905 0.0783347 0.567652 0.00466143 0.245287 0.045775
0.0113725 0.0439206 0.176746 0.0921409 0.58956 0.0862595
0.130722 9.9991E-05 0.247291 0.121388 0.269758 0.230741
0.0437681 0.0447291 0.562043 0.00237743 0.112057 0.235026
9.9973E-05 9.9973E-05 0.319916 9.9973E-05 0.134759 0.545025
9.9991E-05 0.0611086 0.565611 0.0412553 0.00933392 0.322591
9.9991E-05 0.0844579 0.581383 0.0257216 0.0853117 0.223026
9.9982E-05 9.9982E-05 0.289423 0.0842009 0.0526638 0.573512
0.02521 0.123241 0.567414 0.108923 0.0333032 0.141908
9.9991E-05 0.0136813 0.568262 0.0215374 0.0499273 0.346492
9.9982E-05 9.9982E-05 0.164576 0.0790102 0.0478301 0.708384
9.9982E-05 9.9982E-05 0.21307 0.00819656 0.0512097 0.727324
9.9991E-05 0.0282086 0.469809 0.0199482 0.108346 0.373589
9.9982E-05 9.9982E-05 0.0863902 0.154843 0.0814413 0.677126
9.9982E-05 9.9982E-05 0.450295 0.0423307 0.143354 0.363821
0.0375325 9.9982E-05 0.14702 0.11076 0.704488 9.9982E-05
0.0892615 9.9991E-05 0.202423 0.0720567 0.398127 0.238033
0.0479592 0.0531741 0.438105 0.0451449 0.415517 9.9991E-05
0.0865472 0.021561 0.512481 0.0710979 0.265266 0.0430476
0.0491833 9.9982E-05 0.208514 0.159058 0.583045 9.9982E-05
0.0811054 0.0318359 0.513636 0.0565595 0.166026 0.150837
0.00602309 0.0628175 0.618425 0.0674455 0.22336 0.0219287
0.0563007 0.0254343 0.48155 0.119475 0.214506 0.102733
0.0712525 9.9991E-05 0.512714 0.0563604 0.271679 0.0878933
0.0448209 0.00478169 0.508644 0.0235425 0.418111 9.9991E-05
0.0226537 9.9991E-05 0.308578 0.112053 0.519185 0.0374302
0.0406622 9.9982E-05 0.430078 0.0755738 0.453486 9.9982E-05
0.0429862 9.9991E-05 0.614812 0.0351425 0.215104 0.0918551
0.110301 0.0162851 0.544129 0.0969072 0.173672 0.0587061
0.0881985 0.0341854 0.32993 0.0731902 0.329333 0.145162
0.113832 9.9991E-05 0.476911 0.0703965 0.209032 0.129728
0.0418252 9.9991E-05 0.393462 0.0324411 0.510619 0.021552
0.0520175 0.0352572 0.543452 0.0578354 0.272603 0.038835
0.100828 0.0245165 0.435414 0.0841444 0.336965 0.018132
0.0912886 0.0718396 0.531736 0.0609385 0.207906 0.0362915
0.110683 0.36275 0.453921 9.9991E-05 0.0562594 0.0162862
0.152882 0.115733 0.52952 0.0333095 0.0726416 0.0959141
0.129207 0.159923 0.497629 0.04184 0.0521638 0.119237
0.136391 0.121079 0.520785 0.00454592 0.0659592 0.15124
0.181419 0.207364 0.425689 0.0646106 9.9991E-05 0.120818
9.9982E-05 9.9982E-05 0.513222 0.0360696 0.202839 0.24767
0.136152 0.185147 0.502091 0.0564233 0.0434933 0.0766941
0.192819 0.211706 0.038464 0.0426253 0.08362 0.430766
0.129108 0.101522 0.57076 9.9991E-05 0.0584936 0.140016
0.154559 0.140752 0.533917 9.9991E-05 0.0658223 0.10485
0.175247 0.101877 0.490317 0.0762094 0.0458338 0.110516
0.105403 0.183813 0.329148 9.9991E-05 0.0455742 0.335963
0.120399 0.220015 0.563774 9.9991E-05 0.0354634 0.0602482
0.14747 0.125689 0.566642 9.9991E-05 0.0282345 0.131864
0.126794 0.488077 9.9973E-05 9.9973E-05 9.9973E-05 0.384829
0.189388 0.176362 0.490541 0.00248998 0.0683607 0.0728581
0.176876 0.177561 0.525873 0.017389 9.9991E-05 0.102201
0.074984 0.0728822 0.60321 0.0293598 0.0593683 0.160196
0.196004 0.195688 0.530158 9.9982E-05 9.9982E-05 0.0779499
0.0949903 0.215923 0.530792 0.0358662 0.0432244 0.0792043
0.0396841 0.0467415 0.454957 0.156209 0.034947 0.267461
0.0447937 0.0824903 0.527365 0.134545 0.0443458 0.166461
9.9982E-05 9.9982E-05 0.00675351 0.191483 0.0974197 0.704144
9.9982E-05 9.9982E-05 0.0580452 0.134295 0.102648 0.704811
0.066854 0.0762272 0.496135 0.0863505 0.0455712 0.228862
0.313897 0.14138 0.356734 9.9991E-05 0.0340802 0.153808
0.25981 0.152209 0.382769 9.9982E-05 9.9982E-05 0.205012
0.310607 0.163735 0.203191 9.9982E-05 9.9982E-05 0.322267
0.217491 0.171505 0.409155 9.9982E-05 9.9982E-05 0.20165
0.0206815 0.0558352 0.192105 9.9982E-05 9.9982E-05 0.731178
0.0532102 0.0534517 0.215646 0.111074 0.0032804 0.563338
0.0499054 9.9982E-05 0.622947 9.9982E-05 0.0042782 0.322669
0.0666609 0.0622156 0.488561 0.0134113 9.9991E-05 0.369051
0.0184633 0.0545686 0.327858 0.0484426 0.0379717 0.512695
0.0384504 0.0196622 0.616919 9.9991E-05 0.0697446 0.255124
0.0243804 0.051119 0.666984 9.9982E-05 9.9982E-05 0.257316
0.0969577 0.0589956 0.50265 0.06477 0.0398286 0.236798
9.9982E-05 9.9982E-05 0.39573 0.0970393 0.0306552 0.476376
9.9982E-05 9.9982E-05 0.431054 0.103457 0.0615498 0.403739
0.00289871 0.00929934 0.570423 0.076335 0.0636704 0.277373
9.9991E-05 0.0253849 0.509697 0.0530704 0.0891155 0.322632
0.0557667 0.103863 0.534935 0.0915388 9.9991E-05 0.213796
9.9982E-05 9.9982E-05 0.513211 0.103264 0.0264436 0.356881
9.9982E-05 9.9982E-05 0.281289 0.0848304 0.0444379 0.589242
9.9982E-05 0.0291462 0.68998 0.0210454 9.9982E-05 0.259628
9.9982E-05 9.9982E-05 0.232054 0.149842 0.0839836 0.53392
9.9982E-05 9.9982E-05 0.503895 0.0619242 0.0515277 0.382453
9.9991E-05 0.0665224 0.599099 0.0578081 0.0520614 0.224409
0.0215294 0.0623703 0.552265 0.0681149 0.103128 0.192593
0.146414 0.184549 0.528576 9.9991E-05 0.0170026 0.123359
0.0883976 0.170344 0.502905 0.0439966 0.0370365 0.15732
0.240012 0.215384 0.350505 9.9982E-05 9.9982E-05 0.193899
0.228963 0.175273 0.344286 0.0226541 0.017175 0.21165
0.121459 0.141032 0.495469 9.9991E-05 0.0843131 0.157627
0.130462 0.164708 0.46511 0.0453429 0.00672802 0.187649
0.165963 0.142145 0.00887302 0.0517116 9.9991E-05 0.631208
0.187343 0.0748408 0.56588 0.00774713 9.9991E-05 0.164089
0.106945 0.324058 9.9973E-05 9.9973E-05 9.9973E-05 0.568698
0.129228 0.0756739 0.560201 9.9982E-05 9.9982E-05 0.234697
9.9973E-05 9.9973E-05 0.203366 0.164641 9.9973E-05 0.631693
9.9982E-05 9.9982E-05 0.0319495 0.262662 0.0363983 0.66879
9.9982E-05 9.9982E-05 0.556294 0.0510854 0.0183368 0.374084
9.9991E-05 0.00814311 0.646198 0.101853 0.0166999 0.227005
9.9982E-05 9.9982E-05 0.482715 0.0697684 0.0277827 0.419534
9.9982E-05 9.9982E-05 0.622414 0.07452 0.0315315 0.271335
9.9973E-05 9.9973E-05 0.605715 0.0870221 9.9973E-05 0.306963
0.0120849 0.883356 0.00156781 0.0377299 0.0651614 9.9991E-05
0.0620811 0.779448 0.030484 0.0485348 0.0532998 0.0261524
0.0164115 0.938947 0.018449 9.9982E-05 0.0259922 9.9982E-05
9.9973E-05 0.932016 0.0489313 9.9973E-05 9.9973E-05 0.0187525
0.0821142 0.034979 0.482996 0.369521 9.9991E-05 0.0302901
9.9982E-05 0.0659633 0.559508 0.276499 0.0978299 9.9982E-05
9.9982E-05 0.0259307 0.489975 0.46052 0.0233743 9.9982E-05
0.0198557 0.0569558 0.584951 0.261747 0.0704433 0.00604728
9.9982E-05 0.148095 0.61788 0.140889 9.9982E-05 0.0929357
9.9982E-05 0.0313178 0.277879 0.577381 0.113222 9.9982E-05
9.9973E-05 0.0117075 0.659728 0.328265 9.9973E-05 9.9973E-05
0.0150492 9.9982E-05 0.240696 0.583043 9.9982E-05 0.161012
0.153815 0.285209 0.423936 9.9991E-05 0.0842001 0.0527397
0.0476293 9.9982E-05 0.400801 0.377034 9.9982E-05 0.174335
9.9982E-05 0.00598986 0.325591 0.556708 0.111511 9.9982E-05
0.0205578 9.9991E-05 0.485605 0.414544 0.012735 0.0664581
0.0108488 0.024736 0.410487 0.44308 0.110747 9.9991E-05
0.0205048 9.9982E-05 0.566362 0.40174 9.9982E-05 0.0111929
9.9982E-05 0.0911121 0.552008 0.344324 0.0123566 9.9982E-05
9.9964E-05 9.9964E-05 9.9964E-05 0.824255 9.9964E-05 0.175345
0.0335925 9.9982E-05 0.269106 0.566119 9.9982E-05 0.130982
0.0399205 9.9982E-05 0.327449 0.543771 9.9982E-05 0.08866
9.9964E-05 9.9964E-05 9.9964E-05 0.77866 9.9964E-05 0.22094
9.9991E-05 0.0683598 0.363366 0.460369 0.105975 0.00183032
9.9973E-05 9.9973E-05 0.0547703 0.653346 9.9973E-05 0.291584
9.9964E-05 9.9964E-05 9.9964E-05 0.753884 9.9964E-05 0.245717
0.0210236 0.0355606 0.572203 0.303692 9.9991E-05 0.0674217
9.9982E-05 0.0439383 0.164448 0.606806 0.184608 9.9982E-05
9.9982E-05 0.0336003 0.454317 0.435131 0.0767512 9.9982E-05
0.057243 0.128194 0.532889 0.163899 9.9991E-05 0.117675
0.00919208 0.0341085 0.468498 0.401317 0.086784 9.9991E-05
0.00424877 9.9991E-05 0.399176 0.0273994 0.297858 0.271218
9.9982E-05 0.0590941 0.556039 0.336762 0.0479051 9.9982E-05
9.9982E-05 0.0108461 0.492304 0.363476 0.133175 9.9982E-05
9.9973E-05 9.9973E-05 0.321428 0.547741 9.9973E-05 0.130531
0.00158783 0.126392 0.519686 0.271742 0.0759749 0.00461771
9.9973E-05 0.681945 9.9973E-05 9.9973E-05 0.277062 0.0406931
9.9982E-05 0.780256 9.9982E-05 0.0590496 0.13297 0.0275246
9.9973E-05 0.845296 9.9973E-05 9.9973E-05 0.129824 0.0245801
9.9973E-05 0.852348 9.9973E-05 9.9973E-05 0.139525 0.00782762
9.9991E-05 0.761671 0.0315883 0.0358321 0.16708 0.00372846
9.9982E-05 0.04076 0.0978627 0.685192 0.175985 9.9982E-05
9.9982E-05 0.0364554 0.106533 0.692066 0.164746 9.9982E-05
0.0225566 9.9982E-05 0.134691 0.76103 9.9982E-05 0.0815223
0.0297532 0.122405 0.584651 0.196826 0.0426003 0.0237643
0.0866079 0.0933324 0.515853 0.177866 0.114233 0.0121081
0.0531401 9.9982E-05 0.2277 0.619586 9.9982E-05 0.0993738
0.0436603 0.0147898 0.622568 0.288681 9.9991E-05 0.030201
0.0322463 0.0423385 0.362997 0.441661 0.00935698 0.1114
9.9991E-05 0.0633856 0.506568 0.374361 0.0368322 0.0187529
0.0472197 0.0635761 0.586787 0.258691 0.0436269 9.9991E-05
0.0102562 9.9982E-05 0.199083 0.648921 0.14154 9.9982E-05
9.9973E-05 9.9973E-05 0.299071 0.587418 0.113211 9.9973E-05
9.9982E-05 0.0231801 0.311266 0.54369 0.121664 9.9982E-05
9.9973E-05 0.133384 0.699283 9.9973E-05 9.9973E-05 0.167033
9.9982E-05 0.0534113 0.370233 0.494846 0.0813097 9.9982E-05
0.0226272 0.0154006 0.399395 0.44908 0.113397 9.9991E-05
0.34208 0.118127 0.458264 0.0239262 9.9991E-05 0.0575032
0.437368 0.153067 0.316086 9.9991E-05 0.0156227 0.0777569
0.396083 0.107775 0.440415 9.9982E-05 9.9982E-05 0.0555276
0.502499 0.128161 0.286856 9.9991E-05 0.00627524 0.0761089
0.295786 0.141191 0.508468 9.9982E-05 9.9982E-05 0.0543552
9.9982E-05 0.0460623 0.559711 0.132648 9.9982E-05 0.261379
0.612585 0.242487 0.042651 9.9982E-05 9.9982E-05 0.102077
0.480796 0.14379 0.297555 9.9991E-05 0.0209558 0.0568027
0.11191 0.180082 0.399105 9.9982E-05 9.9982E-05 0.308704
9.9982E-05 0.145958 0.540327 9.9982E-05 0.0971285 0.216386
0.0143239 0.140029 0.487635 9.9991E-05 0.0821658 0.275746
9.9982E-05 0.154279 0.622931 9.9982E-05 0.0167594 0.205831
0.00633114 0.179212 0.647312 0.00536224 0.0564512 0.105331
0.473568 0.174866 0.338241 0.0131253 9.9982E-05 9.9982E-05
0.343138 0.139616 0.444178 0.00662694 0.026982 0.0394588
0.470805 0.102096 0.426798 9.9973E-05 9.9973E-05 9.9973E-05
0.304021 0.111938 0.4023 0.0732405 0.0388626 0.0696366
0.485698 0.152499 0.250399 9.9982E-05 9.9982E-05 0.111205
0.307641 0.113649 0.41059 0.0723465 0.0691135 0.0266607
0.522187 0.166618 0.232457 0.000236263 0.0340484 0.0444536
0.299751 0.11613 0.399633 0.0812967 0.0689556 0.0342344
0.00661964 0.116536 0.515551 0.0196185 0.0101006 0.331574
0.347843 0.159583 0.35474 0.0396189 0.0539855 0.044229
0.590494 0.21852 0.124585 9.9982E-05 9.9982E-05 0.0662009
0.306498 0.118358 0.428851 0.0176452 0.0865674 0.0420805
9.9991E-05 0.163688 0.320618 0.0465895 0.153294 0.31571
0.00208019 0.0383313 0.655737 9.9982E-05 9.9982E-05 0.303651
0.291763 0.186163 0.421006 0.0233427 0.0365161 0.0412096
9.9982E-05 0.132082 0.596565 9.9982E-05 0.0758353 0.195317
9.9982E-05 0.195154 0.523748 9.9982E-05 0.0756297 0.205269
0.244692 0.186302 0.340142 0.0354218 0.0185022 0.17494
0.234224 0.208145 0.385562 9.9982E-05 9.9982E-05 0.171868
0.0557779 0.107706 0.563113 0.0865443 0.0550999 0.131759
0.287057 0.125768 0.461164 0.0199931 0.0783714 0.0276462
0.419821 0.0899642 0.441998 9.9982E-05 0.0480169 9.9982E-05
0.601528 0.18177 0.149965 9.9982E-05 9.9982E-05 0.0665374
9.9982E-05 0.126083 0.684612 9.9982E-05 0.0461709 0.142935
9.9991E-05 0.137145 0.480408 0.0610154 0.0568416 0.26449
9.9973E-05 0.094304 0.181028 9.9973E-05 9.9973E-05 0.724368
0.033732 0.180766 0.595858 0.0251588 0.0568198 0.107666
9.9991E-05 0.0709819 0.446691 0.0177291 0.164793 0.299705
0.165266 0.19744 0.443325 0.0382984 0.00784114 0.14783
0.116089 0.123463 0.479421 0.0693966 0.0411025 0.170528
0.122249 0.345408 9.9973E-05 9.9973E-05 9.9973E-05 0.532043
0.0747417 0.324272 9.9973E-05 9.9973E-05 9.9973E-05 0.600686
0.060979 0.195254 0.356142 0.0155908 9.9991E-05 0.371935
0.161692 0.327032 0.0387371 9.9982E-05 9.9982E-05 0.472339
0.181116 0.462855 9.9973E-05 9.9973E-05 9.9973E-05 0.355729
0.0569184 0.220864 0.386307 0.00926733 9.9991E-05 0.326543
0.150543 0.2101 0.374924 0.0147059 9.9991E-05 0.249627
0.142055 0.26959 0.16062 9.9982E-05 9.9982E-05 0.427534
0.111197 0.256921 0.087717 9.9982E-05 9.9982E-05 0.543965
0.114118 0.183149 0.503064 9.9982E-05 9.9982E-05 0.199469
0.108846 0.242712 0.192675 9.9982E-05 9.9982E-05 0.455566
0.0585088 0.350283 9.9973E-05 9.9973E-05 9.9973E-05 0.590909
0.125189 0.13644 0.49505 0.0779823 0.0612303 0.104108
0.170988 0.189253 0.329809 9.99841E-05 9.99841E-05 0.309751
0.143976 0.325391 0.450115 0.0279422 0.00873994 0.0438364
0.193392 0.16596 0.640348 9.9973E-05 9.9973E-05 9.9973E-05
0.183635 0.166121 0.549075 9.9982E-05 9.9982E-05 0.10097
0.233897 0.163028 0.498038 9.9982E-05 9.9982E-05 0.104837
0.226289 0.356976 0.271619 0.0457033 0.0564906 0.0429219
0.177949 0.232797 0.503672 0.0297272 0.022244 0.0336118
0.193155 0.282788 0.468711 0.0367661 0.0184799 9.9991E-05
0.232569 0.228284 0.303239 9.9982E-05 9.9982E-05 0.235708
0.11259 0.203902 0.312218 0.209261 0.0808958 0.0811324
0.0796442 0.226312 0.517279 0.044565 0.0172672 0.114933
0.153954 0.123992 0.532698 0.0203614 0.0767751 0.0922199
0.143705 0.141942 0.553351 0.0672603 0.0672097 0.0265319
0.187708 0.301445 0.424333 9.9991E-05 0.00620664 0.0802066
0.126652 0.255887 0.555178 0.00673422 9.9991E-05 0.0554497
0.283459 0.359388 0.0593079 9.9982E-05 9.9982E-05 0.297645
0.174261 0.161047 0.504377 9.9991E-05 0.0516071 0.108608
0.304828 0.307432 0.176531 9.9982E-05 9.9982E-05 0.211009
0.00418873 0.801339 9.9991E-05 0.00300563 0.18528 0.00608612
0.0112564 0.0448922 0.152524 0.0110655 0.780162 9.9991E-05
9.996E-05 9.996E-05 9.996E-05 9.996E-05 0.9995 9.996E-05
9.996E-05 9.996E-05 9.996E-05 9.996E-05 0.9995 9.996E-05
9.9964E-05 9.9964E-05 0.0340967 9.9964E-05 0.965503 9.9964E-05
0.000274891 9.9973E-05 0.00362445 9.9973E-05 0.995801 9.9973E-05
9.9964E-05 9.9964E-05 0.0279395 9.9964E-05 0.971661 9.9964E-05
9.9964E-05 0.00556701 9.9964E-05 9.9964E-05 0.994033 9.9964E-05
9.9964E-05 0.130231 9.9964E-05 9.9964E-05 0.869369 9.9964E-05
9.9982E-05 0.898667 0.0200622 0.0215384 0.0595325 9.9982E-05
9.9973E-05 0.820048 0.0572643 9.9973E-05 0.122388 9.9973E-05
9.9991E-05 0.893968 0.0225755 0.0206166 0.0316565 0.0310831
9.9982E-05 0.858211 0.0442197 9.9982E-05 0.0634959 0.033873
0.000661877 0.883402 0.0203019 0.0113854 0.0841484 9.9991E-05
9.9973E-05 0.920754 0.0705884 0.008358 9.9973E-05 9.9973E-05
0.0670858 0.745497 0.137617 0.0206772 0.0182633 0.0108599
9.9964E-05 0.902311 0.0972892 9.9964E-05 9.9964E-05 9.9964E-05
0.0443464 0.707257 0.124947 9.9991E-05 0.0895948 0.033754
0.0639036 0.911978 0.0238186 9.9973E-05 9.9973E-05 9.9973E-05
9.9964E-05 0.987596 9.9964E-05 9.9964E-05 9.9964E-05 0.0120041
0.0114648 0.901826 0.051038 0.0213035 0.0142675 9.9991E-05
9.9964E-05 0.98721 0.0123904 9.9964E-05 9.9964E-05 9.9964E-05
0.0105889 0.949685 0.032582 9.9982E-05 9.9982E-05 0.00694397
0.0214502 0.905442 0.0630376 0.0098705 9.9982E-05 9.9982E-05
0.0166653 0.934532 0.0485031 9.9973E-05 9.9973E-05 9.9973E-05
0.0571415 0.874914 0.0676448 9.9973E-05 9.9973E-05 9.9973E-05
0.0425363 0.843065 0.114099 9.9973E-05 9.9973E-05 9.9973E-05
0.088953 0.821632 0.0891156 9.9973E-05 9.9973E-05 9.9973E-05
9.9991E-05 0.149202 0.4028 0.114692 0.0759874 0.257218
9.9982E-05 0.0873794 0.706734 9.9982E-05 0.0507443 0.154942
0.023291 0.14254 0.600439 0.0631369 0.0564453 0.114148
9.9982E-05 0.0799643 0.137421 0.0556141 9.9982E-05 0.726801
9.9982E-05 0.122556 0.524673 9.9982E-05 0.096282 0.256288
9.9973E-05 0.101478 0.112393 9.9973E-05 9.9973E-05 0.785829
0.0590467 0.0732123 0.635755 9.9982E-05 9.9982E-05 0.231786
9.9991E-05 0.138565 0.415554 0.101423 0.106429 0.237929
9.9982E-05 0.171013 0.503258 9.9982E-05 0.0646607 0.260869
9.9982E-05 0.0576069 0.47391 0.401555 0.0667282 9.9982E-05
9.9991E-05 0.13396 0.486553 0.0595817 0.105393 0.214413
9.9982E-05 0.0858619 0.679325 9.9982E-05 0.0280126 0.206601
9.9982E-05 0.110094 0.577953 9.9982E-05 0.11006 0.201693
0.0727881 9.9991E-05 0.0185368 0.164651 0.436021 0.307903
9.9982E-05 0.0787588 0.0347518 9.9982E-05 0.0284804 0.857809
9.9982E-05 0.0957439 0.167796 0.0149962 9.9982E-05 0.721264
0.0183644 0.136772 0.6098 0.0206298 0.022268 0.192166
0.00288296 0.047182 0.550628 0.0117679 9.9991E-05 0.387439
9.9982E-05 0.0917669 0.593944 0.041864 9.9982E-05 0.272225
0.0353298 0.103539 0.657991 0.0253534 0.00684668 0.17094
0.161226 0.205003 0.426848 0.0705615 0.0942983 0.0420636
0.115148 0.234331 0.567747 0.0540376 0.00523406 0.0235029
0.131485 0.375987 0.160353 0.0477658 0.208975 0.0754335
0.012594 0.157995 0.636898 9.9991E-05 0.158047 0.034365
0.116785 0.20559 0.434118 9.9991E-05 0.173784 0.0696236
0.171732 0.383838 9.9973E-05 9.9973E-05 9.9973E-05 0.44413
0.211609 0.281162 0.315304 0.0150643 9.9991E-05 0.17676
0.153924 0.359932 0.315534 9.9991E-05 0.0801246 0.0903865
0.0918496 0.321691 0.392271 0.033398 0.145031 0.0157595
0.142125 0.161106 0.53518 0.00798441 0.0645203 0.0890842
0.101956 0.222191 0.511622 0.0916867 0.0258162 0.0467279
0.0816631 0.179235 0.58577 0.0595674 0.0202845 0.0734794
0.192835 0.162721 0.35913 0.0976786 9.9991E-05 0.187535
0.124317 0.470307 0.226078 0.0221622 0.0685121 0.0886237
