0.0420072 0.0335195 9.9982E-05 0.0130413 9.9982E-05 0.911232
9.9982E-05 0.00647917 9.9982E-05 0.0280206 0.00502499 0.960275
0.00868534 0.0431324 0.00321507 9.9991E-05 0.0562173 0.88865
9.9973E-05 0.143341 9.9973E-05 0.0226414 9.9973E-05 0.833717
9.9964E-05 0.076229 9.9964E-05 9.9964E-05 9.9964E-05 0.923371
0.0608737 0.0746314 0.162136 0.0390324 9.9991E-05 0.663226
9.999E-05 0.019927 0.128153 0.0270952 0.0075126 0.817212
0.00466542 0.0372215 0.129424 0.0737672 9.9991E-05 0.754822
9.99729E-05 9.99729E-05 0.0253226 0.14133 9.99729E-05 0.833048
9.9982E-05 0.0545032 0.110153 0.0668582 9.9982E-05 0.768286
9.9982E-05 0.0907384 0.122355 0.0389873 9.9982E-05 0.747719
0.0269313 0.219724 0.0285979 0.50831 0.173724 0.0427127
0.0725742 0.53523 0.00948569 0.252673 0.0672012 0.0628352
0.0594805 0.294797 0.0737135 0.477345 0.0945636 9.9991E-05
0.121509 0.287822 0.0283936 0.440492 0.0828962 0.0388874
0.130306 0.395064 0.0350775 0.299978 0.0489563 0.0906177
0.057894 0.579513 0.0438547 0.183402 0.0684544 0.0668823
0.0216658 0.510165 0.0593992 0.279967 0.0914104 0.0373927
0.0848455 0.273244 0.0731691 0.43725 0.0508552 0.0806365
0.00660751 0.0628001 0.113086 0.716544 0.0827204 0.0182419
0.0610993 0.411275 0.056404 0.29794 0.156385 0.0168971
0.0693641 0.442868 0.223406 0.184448 0.0782611 0.00165222
0.0276815 0.547099 0.0427257 0.188889 0.147966 0.0456387
0.0865484 0.234546 0.0676669 0.442953 0.134203 0.0340825
0.030107 0.685346 0.0525571 0.103075 0.00892462 0.11999
0.0105259 0.565825 0.0327741 0.311463 0.0462725 0.0331396
0.0173795 0.233313 0.068228 0.514465 0.124812 0.0418021
0.078944 0.30672 0.0477923 0.459183 0.0656294 0.0417307
9.9991E-05 0.234252 0.115528 0.47979 0.140716 0.0296136
0.0127388 0.101474 9.9973E-05 9.9973E-05 9.9973E-05 0.885488
9.9964E-05 0.127072 9.9964E-05 9.9964E-05 9.9964E-05 0.872528
0.0636379 0.119316 9.9982E-05 0.00250978 9.9982E-05 0.814336
0.045822 0.177837 9.9973E-05 9.9973E-05 9.9973E-05 0.776041
0.000641802 0.491496 0.0897491 0.104573 0.235447 0.0780924
0.0536283 0.463038 9.9991E-05 0.0673528 0.313303 0.102578
9.9982E-05 0.559004 0.0106433 9.9982E-05 0.415121 0.0150315
0.0275672 0.157903 9.9991E-05 0.663267 0.131433 0.0197292
0.00424096 0.274048 0.159483 9.9982E-05 0.562027 9.9982E-05
0.0217366 0.531338 9.9991E-05 0.118216 0.238503 0.0901066
0.00516355 0.690044 0.0104073 0.0141356 0.203828 0.0764211
9.9991E-05 0.599879 0.179475 0.0168373 0.0709915 0.132717
9.9991E-05 0.616985 0.100521 0.0663053 0.0996372 0.116451
9.9982E-05 0.141658 9.9982E-05 0.17866 0.668078 0.0114035
9.9982E-05 0.676306 0.184979 0.0501908 9.9982E-05 0.0883246
0.0461608 0.535869 0.0221155 9.9991E-05 0.310253 0.0855019
9.9991E-05 0.61019 0.122496 0.0049029 0.126355 0.135956
9.9973E-05 0.300806 0.0970172 9.9973E-05 0.601877 9.9973E-05
0.0163685 0.59345 0.00223958 0.0321441 0.285999 0.0697991
0.0105212 0.5942 0.0353478 0.0433206 0.168995 0.147615
9.9964E-05 9.9964E-05 0.405508 9.9964E-05 0.594092 9.9964E-05
9.9982E-05 0.188846 0.0906153 0.617246 0.103093 9.9982E-05
0.0683879 0.13404 0.370011 0.274623 0.146522 0.00641714
0.0493456 0.599282 0.1208 0.0927154 0.0823033 0.0555543
0.0280824 0.646157 0.0907423 0.0977685 0.050897 0.0863531
0.0226644 0.647231 0.147625 0.0816241 0.00123714 0.0996182
9.9991E-05 0.197241 0.0737155 0.506895 0.12159 0.10046
0.014754 0.529072 0.0498991 0.364712 0.0278796 0.0136825
0.0770817 0.551891 0.0206442 0.151333 0.142345 0.0567058
0.00579528 0.442929 0.0639609 0.292383 0.100662 0.0942689
0.0264694 0.13933 0.0999724 0.489765 0.100598 0.143865
0.0163628 0.580352 0.0785109 0.146829 0.0811761 0.0967692
0.0213335 0.484546 0.0611473 0.222727 0.145819 0.0644268
9.9991E-05 0.0944311 0.140197 0.574612 0.126093 0.0645668
0.0266894 0.429341 0.0409569 0.382979 0.119934 9.9991E-05
0.0420771 0.58267 0.170175 0.0573995 0.0802273 0.0674514
9.9991E-05 0.631321 0.0837075 0.181962 0.0235043 0.0794046
0.0637065 0.257172 0.0422025 0.363854 0.201279 0.0717858
0.0470754 0.507624 0.0849086 0.206479 0.115544 0.0383683
0.0115521 0.573383 0.0909148 0.202219 0.0865563 0.0353744
9.9991E-05 0.243691 0.100162 0.487633 0.13217 0.0362434
9.9973E-05 0.459778 9.9973E-05 9.9973E-05 0.505129 0.0347937
9.9982E-05 0.192553 9.9982E-05 0.0792813 0.698126 0.0298394
0.0423065 0.458149 0.0285577 0.0744598 0.305916 0.0906106
9.9964E-05 9.9964E-05 0.160627 9.9964E-05 0.838973 9.9964E-05
9.9964E-05 9.9964E-05 0.190676 9.9964E-05 0.808924 9.9964E-05
9.9973E-05 0.219097 0.0921163 9.9973E-05 0.688487 9.9973E-05
0.0068218 0.474041 9.9991E-05 0.0483708 0.438119 0.0325474
0.0900719 0.519778 0.0403911 0.0401865 0.161435 0.148138
0.026038 0.461427 0.0121691 9.9982E-05 0.500166 9.9982E-05
9.9982E-05 0.121124 9.9982E-05 0.174745 0.641657 0.0622737
9.9982E-05 0.235967 9.9982E-05 0.186517 0.555948 0.0213673
0.0501638 0.487424 0.0140731 0.0259182 0.319718 0.102703
9.9982E-05 0.305026 9.9982E-05 0.0504538 0.603028 0.041292
9.9982E-05 0.452301 9.9982E-05 0.0897365 0.44434 0.0134226
9.9982E-05 0.455724 0.0851466 9.9982E-05 0.452807 0.00612176
9.9964E-05 9.9964E-05 0.368428 9.9964E-05 0.631172 9.9964E-05
0.0135092 0.62752 0.0401208 0.0270803 0.266919 0.024851
9.9973E-05 0.0746706 9.9973E-05 0.0671271 9.9973E-05 0.857902
0.0169808 0.0610384 9.9973E-05 9.9973E-05 9.9973E-05 0.921681
0.0349434 0.118068 9.9973E-05 9.9973E-05 9.9973E-05 0.846688
0.0430534 0.0136937 9.9973E-05 9.9973E-05 9.9973E-05 0.942953
0.0397678 0.0106058 9.9982E-05 9.9982E-05 0.00384296 0.945584
0.0361284 0.080112 0.00428641 9.9982E-05 9.9982E-05 0.879273
9.9964E-05 0.0745259 9.9964E-05 9.9964E-05 9.9964E-05 0.925074
0.0436586 0.545916 0.0217836 0.144211 0.199265 0.0451664
0.0803534 0.534178 0.0479717 0.0750683 0.166499 0.09593
9.9973E-05 9.9973E-05 9.9973E-05 0.214491 0.735605 0.0496035
0.0341883 0.56556 0.0421731 0.0930879 0.158808 0.106182
9.9982E-05 0.367856 9.9982E-05 0.0662664 0.520848 0.0448298
0.00644868 0.546705 9.9991E-05 0.0289488 0.343351 0.0744465
0.0273619 0.568438 0.0587375 0.0103278 0.290542 0.0445924
0.0486725 0.508595 0.0249591 0.0252219 0.368405 0.0241461
9.9973E-05 9.9973E-05 9.9973E-05 0.259507 0.700985 0.0392076
0.0672775 0.479907 0.0667504 0.143259 0.160216 0.0825899
0.0330736 0.663139 0.0524726 0.0228864 0.152895 0.0755332
0.0237683 0.587695 0.0282727 0.0292746 0.200333 0.130656
0.0305416 0.242287 0.228568 9.9982E-05 0.498404 9.9982E-05
0.00401621 0.525513 0.0892946 9.9982E-05 0.380977 9.9982E-05
9.9982E-05 0.440279 9.9982E-05 0.148225 0.38684 0.024456
0.00109955 0.37206 0.0730356 9.9982E-05 0.553604 9.9982E-05
9.9982E-05 0.43113 9.9982E-05 0.0947926 0.397732 0.0761455
0.0252011 0.57121 0.0632598 0.0956597 0.167777 0.0768922
0.0355488 0.315355 0.255271 0.386182 0.00381164 0.00383204
9.9991E-05 0.467889 0.0875083 0.354426 0.00615227 0.0839247
0.0628314 0.559009 0.0433703 0.22326 0.0220359 0.0894937
0.0423974 0.597538 0.0648247 0.131252 0.0547461 0.109242
9.9991E-05 0.509424 0.0663497 0.343703 0.0461155 0.0343073
0.00535399 0.653653 0.0112842 0.295267 9.9991E-05 0.0343419
9.9982E-05 0.491063 0.0102357 0.421478 9.9982E-05 0.0770232
0.0327234 0.53947 0.139123 0.155637 0.0622831 0.0707634
0.0568857 0.611137 0.0737282 0.158024 0.0327526 0.0674724
9.9991E-05 0.598835 0.0745245 0.25825 0.0138105 0.0544805
9.9991E-05 0.574012 0.0211969 0.301914 0.0751376 0.0276392
0.0557843 0.62314 0.100053 0.138535 9.9991E-05 0.0823879
0.027829 0.623111 0.129676 0.116967 9.9991E-05 0.102317
0.0831108 0.574223 0.0969289 0.186546 0.0590911 9.9991E-05
0.0543236 0.541761 0.128634 0.159767 0.0430703 0.0724436
0.0531309 0.625055 0.0987373 0.177328 0.0429935 0.00275454
0.0824965 0.341557 0.243803 0.256364 0.0469712 0.0288083
0.0863454 0.572919 0.114121 0.0954046 0.0932832 0.0379274
0.0483233 0.660657 0.134772 0.156048 9.9982E-05 9.9982E-05
0.0399342 0.191985 0.0315085 0.603411 0.112627 0.0205336
0.0552274 0.14592 0.388724 0.355593 0.0544367 9.9991E-05
0.0544966 0.502021 0.135822 0.242975 0.0261211 0.0385654
0.0127619 0.106236 0.450413 0.357684 0.072806 9.9991E-05
9.9982E-05 0.361883 0.0424827 0.557817 0.0376173 9.9982E-05
9.9982E-05 0.475758 0.0427021 0.424056 0.0572842 9.9982E-05
9.9991E-05 0.363194 0.00118198 0.481366 0.136577 0.0175803
9.9982E-05 0.354483 0.013456 0.536207 0.0956547 9.9982E-05
0.0357306 0.561131 0.0407683 0.20001 0.103725 0.0586357
0.0724192 0.582202 0.0817534 0.143736 0.0436201 0.076269
0.0189841 0.592846 0.0168736 0.214662 0.111364 0.0452709
0.0248571 0.1753 0.338675 0.418661 0.0424065 9.9991E-05
0.0466707 0.508051 0.112385 0.102186 0.0835416 0.147166
0.0248083 0.514392 0.293236 0.035753 0.0329889 0.0988213
9.9982E-05 9.9982E-05 0.732165 0.0668649 0.0856676 0.115103
0.0482355 0.682695 0.192145 9.9991E-05 0.0110999 0.0657239
0.0502592 0.286322 0.37532 0.104282 0.118143 0.0656732
0.0437282 0.555291 0.193167 0.0811625 0.0135042 0.113147
9.9991E-05 0.254039 0.489439 0.134248 0.0211833 0.100991
9.9991E-05 0.107314 0.62131 0.125974 0.0779283 0.0673739
9.9991E-05 0.428804 0.321535 0.0919798 0.102893 0.0546875
0.0541784 0.503829 0.160973 0.0959105 0.0656022 0.119507
0.0541915 0.442311 0.179837 0.0931425 0.0816726 0.148845
0.0504555 0.154626 0.473031 0.102124 0.175197 0.0445654
0.0181763 0.613185 0.134835 0.0952144 0.0071587 0.13143
9.9982E-05 0.377924 0.465148 0.129861 0.0268667 9.9982E-05
9.9982E-05 0.488591 0.344679 0.0664844 0.100046 9.9982E-05
0.0486886 0.601168 0.167216 0.051881 0.0240398 0.107007
0.245214 0.118227 0.252503 9.9982E-05 9.9982E-05 0.383855
0.125333 9.9973E-05 0.398028 9.9973E-05 9.9973E-05 0.476339
0.109649 9.9973E-05 0.442614 9.9973E-05 9.9973E-05 0.447437
0.275618 0.0949128 0.280154 9.9982E-05 9.9982E-05 0.349115
9.9982E-05 0.637311 0.288385 0.0174231 0.0566805 9.9982E-05
0.0436345 0.625693 0.161959 0.0369612 0.0250452 0.106707
0.675851 0.30838 9.9973E-05 9.9973E-05 0.0154694 9.9973E-05
0.471431 0.383022 9.9991E-05 0.0747295 0.0417032 0.0290144
0.371906 0.330598 0.0332844 0.122976 0.0549975 0.0862377
0.00546023 0.32307 0.568672 0.102598 9.9982E-05 9.9982E-05
0.0542819 0.509141 0.176009 0.054992 0.0965253 0.109051
9.9982E-05 0.291491 0.606924 0.0989595 0.00242554 9.9982E-05
9.9991E-05 0.623974 0.281278 0.0467716 0.00576853 0.0421073
0.0441174 0.502122 0.376727 0.0637718 9.9991E-05 0.0131627
9.9973E-05 0.615077 0.382921 0.00170138 9.9973E-05 9.9973E-05
9.9973E-05 0.258807 0.700855 0.0400376 9.9973E-05 9.9973E-05
0.0170918 0.695714 0.189513 9.9991E-05 0.029177 0.0684035
9.9991E-05 0.637789 0.200038 0.0386438 0.00574974 0.117679
0.988235 9.9964E-05 9.9964E-05 9.9964E-05 0.0113654 9.9964E-05
0.930538 0.0492515 9.9973E-05 9.9973E-05 0.019911 9.9973E-05
0.557032 0.286409 9.9991E-05 0.0729119 0.0634416 0.0201063
0.633416 0.357284 9.9973E-05 0.00900009 9.9973E-05 9.9973E-05
0.816527 0.160735 9.9973E-05 0.0224378 9.9973E-05 9.9973E-05
0.9995 9.996E-05 9.996E-05 9.996E-05 9.996E-05 9.996E-05
0.948291 0.015902 9.9973E-05 0.035507 9.9973E-05 9.9973E-05
0.864777 0.134823 9.9964E-05 9.9964E-05 9.9964E-05 9.9964E-05
0.939307 9.9964E-05 9.9964E-05 0.0602933 9.9964E-05 9.9964E-05
0.9995 9.996E-05 9.996E-05 9.996E-05 9.996E-05 9.996E-05
0.9995 9.996E-05 9.996E-05 9.996E-05 9.996E-05 9.996E-05
0.76851 0.194813 9.9982E-05 0.0319983 9.9982E-05 0.0044783
0.799715 0.0954131 9.9991E-05 0.0582629 0.0106867 0.035822
0.9995 9.996E-05 9.996E-05 9.996E-05 9.996E-05 9.996E-05
0.377832 0.326093 0.0513792 0.0498168 0.111794 0.0830851
0.629 0.268582 0.000215772 0.0238466 0.005406 0.0729488
0.79665 0.153333 9.9991E-05 0.010072 0.000214295 0.0396305
0.920913 0.0503504 9.9973E-05 9.9973E-05 0.0284367 9.9973E-05
0.9995 9.996E-05 9.996E-05 9.996E-05 9.996E-05 9.996E-05
0.97221 0.0271448 9.9973E-05 9.9973E-05 9.9973E-05 0.000344903
0.9995 9.996E-05 9.996E-05 9.996E-05 9.996E-05 9.996E-05
0.66674 0.213484 9.9991E-05 0.0444013 0.0433862 0.031889
0.969007 9.9964E-05 9.9964E-05 9.9964E-05 0.0305933 9.9964E-05
0.0638005 9.9973E-05 0.634667 9.9973E-05 9.9973E-05 0.301232
0.0926065 0.384959 0.254902 0.0523274 9.9991E-05 0.215105
0.0337697 0.480653 0.316058 9.9982E-05 9.9982E-05 0.16932
0.118666 0.184897 0.500537 9.9982E-05 9.9982E-05 0.1957
0.134776 0.40576 0.208215 0.0391039 0.0979969 0.114148
0.147025 0.0916611 0.520286 9.9982E-05 9.9982E-05 0.240827
0.0658067 0.461971 0.218554 0.0634343 0.0106513 0.179584
0.0878237 0.346624 0.370981 9.9982E-05 9.9982E-05 0.194371
0.113752 0.480144 0.239154 9.9982E-05 9.9982E-05 0.16675
0.163891 0.362345 0.314754 9.9982E-05 9.9982E-05 0.15881
0.140468 0.399458 0.165718 0.0656409 0.0444348 0.18428
9.9982E-05 0.0765897 0.0214642 9.9982E-05 0.00408334 0.897663
0.0636972 9.9991E-05 0.017667 0.00677438 0.0229477 0.888814
9.9973E-05 0.0245564 9.9973E-05 0.0251613 9.9973E-05 0.949982
9.9964E-05 9.9964E-05 0.0110308 9.9964E-05 9.9964E-05 0.988569
9.9973E-05 0.0582016 9.9973E-05 0.0211161 9.9973E-05 0.920382
0.00398822 0.0151303 9.9973E-05 9.9973E-05 9.9973E-05 0.980582
0.0306541 0.0478866 9.9982E-05 0.0132372 9.9982E-05 0.908022
9.9973E-05 9.9973E-05 0.00949837 0.0541876 9.9973E-05 0.936014
0.0555845 9.9991E-05 0.0250192 0.0230423 0.00887973 0.887374
0.0173973 0.00584311 0.0441325 0.0254023 9.9991E-05 0.907125
9.9982E-05 9.9982E-05 0.044476 0.293538 0.0578581 0.603928
9.9982E-05 9.9982E-05 0.031391 0.34993 0.0144425 0.604036
9.9982E-05 9.9982E-05 0.079336 0.315434 0.0636784 0.541352
9.9982E-05 9.9982E-05 0.1193 0.421559 0.00845227 0.450488
9.9991E-05 0.493117 0.0127684 0.127532 0.278262 0.0882205
0.0304895 0.430839 9.9991E-05 0.0944515 0.386772 0.0573475
0.00472696 0.545711 9.9991E-05 0.182301 0.24883 0.0183302
0.00633127 0.391671 0.0186402 0.273227 0.284352 0.0257784
0.00052055 0.223199 0.052945 0.622408 0.100827 9.9991E-05
0.0059066 0.661535 0.0338135 0.0657387 0.212898 0.020108
0.00462693 0.624678 9.9982E-05 0.087542 0.282954 9.9982E-05
9.9991E-05 0.538556 0.126669 0.0443387 0.282004 0.00833214
9.9973E-05 0.384701 0.097755 9.9973E-05 0.517244 9.9973E-05
0.0404899 0.623097 0.137739 0.039631 0.112613 0.0464292
9.9973E-05 0.391164 9.9973E-05 0.100264 0.508272 9.9973E-05
9.9964E-05 9.9964E-05 0.213639 9.9964E-05 0.785961 9.9964E-05
9.9991E-05 0.605025 0.0499245 0.134324 0.113511 0.0971157
9.9973E-05 0.140465 0.215744 9.9973E-05 0.643491 9.9973E-05
9.9991E-05 0.529066 0.0398261 0.022531 0.402478 0.00599897
9.9973E-05 0.106685 9.9973E-05 0.198527 0.694488 9.9973E-05
9.9982E-05 0.0194379 0.0665763 0.772029 9.9982E-05 0.141757
9.9982E-05 0.0713143 0.0608358 0.750017 9.9982E-05 0.117633
9.9982E-05 0.0219875 0.0758006 0.791558 9.9982E-05 0.110454
9.9973E-05 9.9973E-05 0.0681256 0.808028 9.9973E-05 0.123546
9.9991E-05 0.110547 0.0376986 0.796268 0.00156369 0.0538229
0.0219339 0.0972277 0.0498927 0.748847 9.9991E-05 0.0819992
0.0422964 0.0014098 9.9991E-05 0.000233687 0.0785101 0.87745
0.016184 0.0930306 9.9991E-05 0.0356377 0.0229934 0.832054
0.043995 0.111528 0.00819988 9.9991E-05 0.0414403 0.794736
0.0681487 0.00577574 9.9991E-05 0.00302397 0.0799749 0.842977
0.0382449 0.143511 0.0119057 0.0103505 9.9991E-05 0.795888
9.9973E-05 9.9973E-05 0.074155 0.529704 9.9973E-05 0.395841
9.9973E-05 9.9973E-05 0.0782879 0.478047 9.9973E-05 0.443365
0.00641929 0.0115969 0.0377333 0.50736 9.9991E-05 0.436791
9.9973E-05 0.129054 9.9973E-05 9.9973E-05 0.0118146 0.858831
9.9982E-05 9.9982E-05 0.0632572 0.512849 0.0171783 0.406515
0.306545 0.27987 0.16423 9.9982E-05 9.9982E-05 0.249156
0.220466 0.507324 0.0780752 0.0400033 0.000391993 0.15374
0.23906 0.544287 9.9973E-05 9.9973E-05 9.9973E-05 0.216353
0.233461 0.321528 0.103707 9.9991E-05 0.0369169 0.304287
0.0781215 0.566856 0.0541764 0.0789562 0.0484847 0.173405
0.309243 9.9973E-05 0.276457 9.9973E-05 9.9973E-05 0.414001
9.9982E-05 0.460938 0.106069 0.39343 0.0393628 9.9982E-05
9.9982E-05 0.468274 0.282078 0.18188 0.067568 9.9982E-05
9.9982E-05 0.286049 0.0776459 0.534023 0.102082 9.9982E-05
9.9982E-05 0.565902 0.272574 0.142518 0.0188065 9.9982E-05
9.9973E-05 9.9973E-05 0.615134 0.335278 0.0492883 9.9973E-05
0.0680478 0.5954 0.12315 0.143845 0.00887684 0.0606806
0.0266576 0.583303 0.165172 0.205302 0.016456 0.00310936
9.9991E-05 0.383991 0.102951 0.45599 0.0376714 0.0192967
0.0535626 0.54038 0.0686951 0.208759 0.0307354 0.0978678
9.9982E-05 0.155371 0.381814 0.316409 0.146206 9.9982E-05
9.9991E-05 0.570877 0.16606 0.178496 0.0774326 0.00703374
9.9982E-05 0.527011 0.0802776 0.314037 0.0784746 9.9982E-05
0.144545 0.433581 0.156388 0.104157 0.0681216 0.0932067
0.0291159 0.352227 0.250758 0.279413 0.0883864 9.9991E-05
0.0244672 0.453587 0.254579 0.19702 0.0702469 9.9991E-05
0.0235308 0.590464 0.168803 0.198784 0.0183182 9.9991E-05
0.0251724 0.540705 0.174866 0.189473 0.0696829 9.9991E-05
0.0637177 0.675982 0.113168 0.100008 0.032377 0.0147481
0.0371892 0.565436 0.0800301 0.136845 0.0902538 0.0902458
9.9991E-05 0.56055 0.0959854 0.1307 0.117968 0.0946968
0.0569048 0.0951196 9.9973E-05 9.9973E-05 9.9973E-05 0.847676
0.00728635 0.111332 9.9973E-05 9.9973E-05 9.9973E-05 0.881081
9.9991E-05 0.0554736 0.0284132 0.00431403 0.00738439 0.904315
0.0721806 9.9982E-05 9.9982E-05 0.0139357 0.0215701 0.892114
9.9973E-05 0.0901218 9.9973E-05 0.00213957 9.9973E-05 0.907439
0.0590213 0.118011 0.0589756 0.652943 0.106045 0.00500413
0.0298354 0.547626 0.141173 0.210744 0.0257258 0.0448954
0.23552 0.381467 0.19619 0.0308898 9.9991E-05 0.155833
0.0767011 0.609294 9.9991E-05 0.257072 0.050487 0.00634635
0.0404948 0.479657 9.9982E-05 0.374165 0.105483 9.9982E-05
0.0299811 0.298796 0.320423 0.325941 0.0247591 9.9991E-05
0.0112051 0.000527327 0.0732367 0.758614 0.105204 0.0512135
0.0369918 0.433651 0.0346892 0.379505 0.0587856 0.0563773
0.0504575 0.231033 0.0378592 0.618287 0.0263988 0.0359638
0.0215928 0.482198 0.160553 0.177014 0.0990815 0.0595606
9.9991E-05 0.166047 0.0686316 0.655911 0.0223146 0.0869951
0.090116 0.568132 9.9991E-05 0.284729 0.00748971 0.0494338
0.0391009 0.127417 0.0418166 0.60981 0.137457 0.044398
0.0969152 0.255038 0.239726 0.341071 0.0671507 9.9991E-05
9.9982E-05 0.568513 0.231871 0.106973 9.9982E-05 0.0924431
9.9973E-05 0.353325 0.536252 0.110124 9.9973E-05 9.9973E-05
9.9982E-05 0.57469 0.328957 9.9982E-05 0.0297627 0.0663901
9.9991E-05 0.587261 0.177084 0.0840211 0.0523312 0.0992024
9.9982E-05 0.29985 0.6007 0.0575123 0.0417371 9.9982E-05
0.0302596 0.531436 0.160945 0.106678 0.0825853 0.0880966
9.9991E-05 0.545226 0.304507 0.0399187 0.0571555 0.0530924
9.9982E-05 0.171483 0.716488 0.0660552 0.0457741 9.9982E-05
9.9982E-05 0.254178 0.681959 0.0629884 0.000675464 9.9982E-05
9.9982E-05 0.50258 0.397496 0.0587262 9.9982E-05 0.040998
9.9982E-05 0.0904902 0.683264 0.0699053 0.156141 9.9982E-05
9.9982E-05 0.49643 0.374655 0.119543 0.00917193 9.9982E-05
0.0432254 0.150305 9.9982E-05 0.708427 0.0978427 9.9982E-05
0.0713601 0.19366 0.267257 0.366514 0.101108 9.9991E-05
0.064777 0.416576 9.9991E-05 0.429156 0.0718137 0.0175767
0.0500242 0.553582 9.9991E-05 0.233814 0.107284 0.0551958
0.0628978 0.211158 9.9982E-05 0.571836 0.153908 9.9982E-05
0.0812659 0.521563 0.137907 0.139065 0.0725711 0.0476274
0.0254493 0.591296 0.0752075 0.259011 0.0261906 0.0228451
0.0664906 0.518275 0.0649536 0.24971 0.100471 9.9991E-05
0.0412911 0.525453 0.0509391 0.265903 0.10686 0.00955345
0.0483855 0.471919 0.0388327 0.389204 0.0515593 9.9991E-05
0.042762 0.27433 0.0117948 0.544761 0.126253 9.9991E-05
0.0467665 0.382238 0.0192912 0.461066 0.0905384 9.9991E-05
0.0318535 0.593265 0.112795 0.189782 0.0641428 0.00816177
0.0722968 0.60727 0.0752633 0.157801 0.0575704 0.0297986
0.127477 0.308677 0.165583 0.280892 0.107534 0.00983729
0.0651044 0.487197 0.136959 0.209721 0.100919 9.9991E-05
0.0590604 0.362077 0.000623453 0.49207 0.0860687 9.9991E-05
0.0538409 0.544226 0.0406331 0.313799 0.0474003 9.9991E-05
0.078991 0.441816 0.0199006 0.344255 0.0755579 0.0394791
0.0530441 0.553805 0.0961043 0.128936 0.0454884 0.122622
0.1444 0.434691 0.00531069 0.051809 0.0361863 0.327603
0.167575 0.518192 0.0823697 0.0375431 0.0309961 0.163325
0.145183 0.480335 0.105441 0.0959459 0.0182641 0.15483
0.124413 0.559252 0.162739 0.0353711 0.000663108 0.117561
0.219785 0.442779 0.129251 9.9991E-05 0.0220389 0.186047
9.9982E-05 0.536432 0.236102 0.191991 0.0352751 9.9982E-05
0.0949223 0.526866 0.0981599 0.0325926 0.0476259 0.199834
0.194289 0.0777146 0.440129 0.0647515 0.0029726 0.220143
0.102332 0.577708 0.121906 0.0774029 9.9991E-05 0.12055
0.150862 0.510264 0.0847683 0.0495699 0.0499935 0.154543
0.161033 0.577697 0.0593251 0.0547795 0.0238975 0.123268
0.0957462 0.337516 0.270936 0.0576983 0.0448669 0.193236
0.140422 0.564838 0.0778747 0.0316022 9.9991E-05 0.185163
0.149288 0.527963 0.111768 0.0501179 9.9991E-05 0.160763
0.127429 9.9973E-05 0.387024 9.9973E-05 9.9973E-05 0.485246
0.178799 0.463707 9.9991E-05 0.140342 0.0318452 0.185208
0.177741 0.528863 0.115665 9.9991E-05 0.00296669 0.174664
0.074285 0.622899 0.084635 0.0382849 0.0548901 0.125006
0.195612 0.552722 0.0721877 9.9982E-05 9.9982E-05 0.179279
0.124393 0.527216 0.041421 0.060655 0.0373531 0.208961
9.9991E-05 0.518577 0.344185 0.0239717 0.105441 0.00772458
0.0357834 0.50084 0.194149 0.130271 0.083162 0.0557947
9.9982E-05 0.0161768 0.736564 0.0707769 0.176283 9.9982E-05
9.9982E-05 0.0853622 0.724174 0.095809 0.0944548 9.9982E-05
0.038868 0.541535 0.286136 0.0448344 0.0342278 0.0543989
0.328335 0.319167 0.177857 9.9991E-05 0.0181616 0.156379
0.243393 0.401614 0.216814 9.9982E-05 9.9982E-05 0.137979
0.285748 0.219451 0.313616 9.9982E-05 9.9982E-05 0.180985
0.263787 0.361742 0.220468 9.9982E-05 9.9982E-05 0.153802
0.0356492 0.190398 0.70443 9.9982E-05 9.9982E-05 0.0693228
0.0619856 0.234525 0.597875 0.0332533 0.0125774 0.0597834
0.0244112 0.657127 0.287659 0.0306028 9.9982E-05 9.9982E-05
0.102996 0.451734 0.377488 9.9982E-05 9.9982E-05 0.0675817
0.0679238 0.265341 0.522428 0.0874885 0.0540459 0.00277246
0.0627015 0.567362 0.232882 0.103142 9.9991E-05 0.0338116
0.0589795 0.621231 0.268382 0.0069147 0.00669513 0.0377979
0.0747403 0.523469 0.241745 0.0299879 0.0652504 0.0648069
9.9982E-05 0.414397 0.472103 0.0251536 0.0881466 9.9982E-05
9.9982E-05 0.446188 0.348643 0.111736 0.0932335 9.9982E-05
9.9991E-05 0.596036 0.26419 0.0436269 0.0773321 0.0187147
0.0208348 0.528254 0.320042 0.0944573 0.00835368 0.0280582
0.0215881 0.552612 0.218696 0.0580751 0.049251 0.0997775
9.9982E-05 0.516391 0.403471 0.0299421 0.0499956 9.9982E-05
9.9982E-05 0.257819 0.619555 0.0504262 0.0719992 9.9982E-05
9.9964E-05 0.697831 0.301769 9.9964E-05 9.9964E-05 9.9964E-05
9.9982E-05 0.275967 0.59404 0.0762515 0.053541 9.9982E-05
9.9982E-05 0.548245 0.394824 9.9982E-05 0.0404094 0.0163214
0.00352184 0.571489 0.193857 0.0964894 0.0587287 0.0759136
0.0283738 0.554292 0.246255 0.111292 0.0388904 0.0208962
0.113265 0.540209 0.123994 0.00469106 0.0099225 0.207918
0.119378 0.44779 0.182519 0.0544649 0.0321511 0.163696
0.261552 0.338159 0.176916 9.9991E-05 0.0352355 0.188037
0.253238 0.3181 0.171547 0.0373442 0.0306077 0.189164
0.232087 0.416693 0.12641 0.0456799 0.0271802 0.15195
0.0758492 0.504075 0.197231 0.0203927 0.0372736 0.165179
0.127169 0.0379676 0.685483 9.9982E-05 9.9982E-05 0.149181
0.203343 0.54677 0.178499 9.9982E-05 9.9982E-05 0.0711878
0.105447 9.9973E-05 0.572272 9.9973E-05 9.9973E-05 0.321981
0.137226 0.553052 0.222225 0.0060609 9.9991E-05 0.0813363
9.9973E-05 0.233442 0.667463 9.9973E-05 0.0987957 9.9973E-05
9.9982E-05 0.043073 0.70317 0.0340489 0.219508 9.9982E-05
9.9982E-05 0.554443 0.38491 0.00930672 0.0511398 9.9982E-05
0.0172777 0.644741 0.253633 0.00130398 0.0672167 0.0158282
9.9982E-05 0.49441 0.428903 0.0332804 0.043207 9.9982E-05
9.9973E-05 0.633933 0.325494 9.9973E-05 0.0402732 9.9973E-05
9.9982E-05 0.625375 0.338004 0.00220519 0.0342153 9.9982E-05
9.9982E-05 0.026826 9.9982E-05 0.0410821 0.0400211 0.891871
0.0858552 0.0152035 0.0244997 0.0665031 0.0513882 0.75655
9.9973E-05 0.0218878 9.9973E-05 0.0218842 9.9973E-05 0.955928
9.9973E-05 0.039517 0.0190607 9.9973E-05 9.9973E-05 0.941122
0.037745 0.49271 0.0379491 0.0105667 0.368121 0.0529075
9.9991E-05 0.523498 0.000514097 0.0935655 0.315239 0.0670837
9.9982E-05 0.528263 9.9982E-05 0.0135481 0.44166 0.0163292
0.00681452 0.570675 9.9991E-05 0.134347 0.240721 0.0473421
0.0199095 0.590708 0.0959288 0.0318453 0.146798 0.114811
9.9982E-05 0.245291 9.9982E-05 0.0994831 0.606489 0.048536
9.9973E-05 0.641606 9.9973E-05 9.9973E-05 0.348235 0.00985906
9.9973E-05 0.254052 0.165656 9.9973E-05 0.579992 9.9973E-05
0.16707 0.435385 0.0175341 0.0517852 9.9991E-05 0.328125
0.0236956 0.419693 0.193632 9.9982E-05 0.362779 9.9982E-05
9.9973E-05 0.336307 9.9973E-05 0.105855 0.557538 9.9973E-05
0.0134285 0.500602 0.0833772 0.0293807 0.37097 0.00224161
0.0186309 0.395683 9.9991E-05 0.0971083 0.460279 0.0281986
9.9973E-05 0.554083 0.0507713 9.9973E-05 0.394845 9.9973E-05
0.00501454 0.513562 9.9991E-05 0.0489733 0.366635 0.0657151
9.9964E-05 9.9964E-05 0.177271 9.9964E-05 0.822329 9.9964E-05
0.01218 0.2946 0.136584 9.9982E-05 0.556436 9.9982E-05
0.029554 0.318932 0.0667519 9.9982E-05 0.584562 9.9982E-05
9.9964E-05 9.9964E-05 0.242906 9.9964E-05 0.756694 9.9964E-05
9.9982E-05 0.365633 9.9982E-05 0.119766 0.443247 0.0711542
9.9973E-05 0.0621589 0.337066 9.9973E-05 0.600475 9.9973E-05
9.9964E-05 9.9964E-05 0.243629 9.9964E-05 0.755971 9.9964E-05
0.0344469 0.530125 0.0819579 9.9992E-05 0.319375 0.0339947
9.9982E-05 0.168988 9.9982E-05 0.162788 0.618404 0.04962
0.0483376 0.405974 9.9991E-05 0.100949 0.432118 0.0125216
0.0847412 0.512124 0.0848845 0.0404742 0.159607 0.118169
9.9982E-05 0.479163 9.9982E-05 0.0771789 0.402709 0.040749
9.9982E-05 0.386762 0.278832 0.303422 0.0307838 9.9982E-05
9.9982E-05 0.522423 9.9982E-05 0.0406588 0.367141 0.0695776
9.9982E-05 0.492902 9.9982E-05 0.106629 0.392118 0.008151
9.9973E-05 0.304731 0.138164 9.9973E-05 0.556806 9.9973E-05
0.0195354 0.536855 9.9991E-05 0.070482 0.258892 0.114136
9.9973E-05 9.9973E-05 0.045327 0.2884 9.9973E-05 0.665973
9.9991E-05 0.00219035 0.0212072 0.178089 0.0157328 0.782681
9.9964E-05 9.9964E-05 9.9964E-05 0.147158 9.9964E-05 0.852442
9.9973E-05 9.9973E-05 0.0292751 0.131142 9.9973E-05 0.839283
9.9991E-05 0.0170121 0.0611135 0.162353 0.0292776 0.730144
9.9982E-05 0.115297 9.9982E-05 0.152021 0.678565 0.0539171
9.9982E-05 0.0973867 9.9982E-05 0.13759 0.711616 0.0532073
0.0190832 0.147315 0.0881956 9.9982E-05 0.745207 9.9982E-05
0.0401377 0.557012 0.10711 0.0631977 0.123391 0.109152
0.0637197 0.569912 0.016108 0.0401276 0.198877 0.111256
0.0540877 0.199584 0.0925292 9.9982E-05 0.653599 9.9982E-05
0.0954587 0.544432 0.0145715 9.9991E-05 0.330066 0.0153721
0.0655078 0.37196 0.0633104 9.9991E-05 0.459735 0.0393861
9.9982E-05 0.517868 9.9982E-05 0.0396935 0.386441 0.0557973
0.0636618 0.560833 9.9982E-05 9.9982E-05 0.331717 0.043588
0.0105764 0.186615 9.9982E-05 0.143729 0.658879 9.9982E-05
9.9973E-05 0.302168 9.9973E-05 0.100356 0.597177 9.9973E-05
9.9982E-05 0.296058 9.9982E-05 0.108815 0.576277 0.0186496
9.9982E-05 0.649359 0.172226 0.053372 9.9982E-05 0.124843
9.9982E-05 0.366726 9.9982E-05 0.0775022 0.531157 0.0244148
0.0101618 0.385552 9.9991E-05 0.113768 0.453678 0.0367413
0.334289 0.471745 0.0890686 9.9982E-05 9.9982E-05 0.104697
0.440995 0.351245 0.0593038 9.9991E-05 0.0182168 0.130139
0.410226 0.461935 9.9982E-05 0.0221273 9.9982E-05 0.105512
0.51771 0.290273 0.0231712 9.9982E-05 9.9982E-05 0.168645
0.296359 0.480986 0.0772351 0.0441754 9.9991E-05 0.101144
9.9982E-05 0.527707 0.263353 9.9982E-05 0.151392 0.0573493
0.662941 9.9982E-05 0.0953838 0.00222258 9.9982E-05 0.239253
0.458276 0.30804 0.0159373 9.9991E-05 0.0224117 0.195235
0.15902 0.357494 0.25472 0.0265903 0.000899776 0.201276
9.9991E-05 0.545307 0.192434 0.0794586 0.0246493 0.158051
9.9982E-05 0.504353 0.276759 0.07215 9.9982E-05 0.146538
0.0340553 0.606739 0.122697 0.0837271 0.031688 0.121093
0.0163436 0.633037 0.156435 0.0534756 0.00502618 0.135683
0.460678 0.331477 0.0120237 0.0148095 9.9991E-05 0.180912
0.382343 0.368582 0.0600762 0.0452047 0.0121225 0.131671
0.499309 0.399259 9.9982E-05 9.9982E-05 0.00667068 0.0945611
0.239204 0.444892 0.0875115 0.00426894 0.0356213 0.188502
0.505127 0.202484 0.0814796 0.0488818 9.9991E-05 0.161927
0.287008 0.460788 0.0917464 0.00288874 0.00853597 0.149033
0.527084 0.239029 0.0342002 9.9991E-05 0.0623177 0.137269
0.327297 0.425145 0.089294 0.0201964 0.0277857 0.110282
0.0268637 0.490176 0.31558 0.0152627 0.0358185 0.116299
0.341066 0.378667 0.128885 0.0169636 9.9991E-05 0.134319
0.593891 0.129665 0.0664704 9.9982E-05 9.9982E-05 0.209774
0.340427 0.387656 0.00762997 0.0729038 0.0557968 0.135586
9.9991E-05 0.309945 0.302566 0.151535 0.0599025 0.175953
0.00609462 0.64686 0.308768 9.9982E-05 9.9982E-05 0.0380773
0.338491 0.432259 0.0840646 0.015621 9.9991E-05 0.129464
9.9991E-05 0.54036 0.196637 0.0730459 0.0432187 0.146639
9.9982E-05 0.517333 0.230752 0.077428 9.9982E-05 0.174287
0.229792 0.289913 0.169391 0.0115829 0.0820032 0.217319
0.298357 0.338563 0.162699 9.9982E-05 9.9982E-05 0.20018
0.0602497 0.524172 0.103076 0.0312124 0.137439 0.143852
0.294902 0.422624 0.0239454 0.0369568 0.0453077 0.176264
0.434679 0.435072 0.0125747 0.0179001 0.0148332 0.0849402
0.619092 0.123709 0.0585974 9.9982E-05 9.9982E-05 0.198401
0.0308095 0.671692 0.1269 0.0467925 9.9991E-05 0.123706
9.9991E-05 0.45033 0.265666 0.0472651 0.0728249 0.163814
9.9973E-05 0.187322 0.715615 9.9973E-05 9.9973E-05 0.0967631
0.0507346 0.581676 0.116927 0.0150274 0.0643822 0.171253
0.0293044 0.434991 0.297473 0.151545 0.0102443 0.0764433
0.114696 0.502479 0.174633 0.0360662 9.9991E-05 0.172026
0.103584 0.526137 0.142348 0.0155284 0.0443808 0.168022
0.131073 9.9973E-05 0.518618 9.9973E-05 9.9973E-05 0.350009
0.0690135 9.9973E-05 0.61695 9.9973E-05 9.9973E-05 0.313737
0.0595884 0.363314 0.389473 9.9982E-05 9.9982E-05 0.187425
0.152062 0.0844345 0.437372 9.9982E-05 9.9982E-05 0.325932
0.18293 9.9973E-05 0.348707 9.9973E-05 9.9973E-05 0.468063
0.0738781 0.3676 0.325632 9.9991E-05 0.00200036 0.23079
0.172565 0.348803 0.225267 0.0150473 9.9991E-05 0.238218
0.161774 0.163749 0.39434 9.9982E-05 9.9982E-05 0.279937
0.0921183 0.112924 0.525666 9.9982E-05 9.9982E-05 0.269092
0.109545 0.484122 0.161907 0.030639 0.0209508 0.192837
0.129403 0.177672 0.446358 9.9982E-05 9.9982E-05 0.246367
0.0624334 9.9973E-05 0.577806 9.9973E-05 9.9973E-05 0.35946
0.142066 0.460713 0.106839 0.0787817 0.0840319 0.127569
0.162236 0.343855 0.258114 0.0122953 9.9991E-05 0.223399
0.124756 0.413501 0.0835961 0.00606635 0.0576694 0.314411
0.175513 0.630258 9.9982E-05 0.000725279 9.9982E-05 0.193304
0.180506 0.558375 0.0924079 9.9982E-05 9.9982E-05 0.168511
0.229172 0.494983 0.116821 9.9982E-05 9.9982E-05 0.158824
0.214852 0.295964 0.0421484 0.0418021 0.0439388 0.361294
0.167595 0.511182 0.0539033 0.0349856 9.9991E-05 0.232234
0.186248 0.490154 0.0276911 9.9991E-05 0.0306071 0.2652
0.265839 0.272877 0.205111 9.9982E-05 9.9982E-05 0.255973
0.115375 0.318045 0.0280688 0.085196 0.241881 0.211434
0.085686 0.497111 0.0482365 9.9991E-05 0.127815 0.241051
0.172738 0.525521 0.0968509 0.0808999 0.0215683 0.102421
0.126423 0.545869 0.032404 0.0717841 0.0625753 0.160945
0.206263 0.421075 0.0852931 9.9982E-05 9.9982E-05 0.287169
0.146491 0.504207 0.0626458 9.9991E-05 0.068596 0.217961
0.310385 0.0231103 0.306463 9.9982E-05 9.9982E-05 0.359842
0.137801 0.539767 0.0881098 0.0482918 9.9991E-05 0.185931
0.283691 0.193728 0.23442 9.9982E-05 9.9982E-05 0.28796
0.0166066 9.9982E-05 0.0111991 0.192952 9.9982E-05 0.779043
0.0227973 0.121629 0.00894335 0.817619 9.9991E-05 0.0289116
9.996E-05 9.996E-05 9.996E-05 0.9995 9.996E-05 9.996E-05
9.996E-05 9.996E-05 9.996E-05 0.9995 9.996E-05 9.996E-05
0.00686856 0.0292881 9.9973E-05 0.963543 9.9973E-05 9.9973E-05
9.996E-05 9.996E-05 9.996E-05 0.9995 9.996E-05 9.996E-05
9.9964E-05 0.044364 9.9964E-05 0.955236 9.9964E-05 9.9964E-05
9.996E-05 9.996E-05 9.996E-05 0.9995 9.996E-05 9.996E-05
9.9964E-05 9.9964E-05 9.9964E-05 0.868319 9.9964E-05 0.131281
9.9982E-05 0.00661915 9.9982E-05 0.0691835 0.0144317 0.909566
9.9973E-05 0.0618748 9.9973E-05 0.125103 9.9973E-05 0.812722
0.000967079 0.0282964 9.9991E-05 0.0477761 0.0433246 0.879536
9.9991E-05 0.0230256 0.00629429 0.0888566 0.0141126 0.867611
0.011225 0.0175645 9.9991E-05 0.0396039 0.0453955 0.886111
9.9973E-05 0.0284402 9.9973E-05 9.9973E-05 0.0470528 0.924207
0.0729576 0.132675 9.9982E-05 0.0536931 9.9982E-05 0.740475
0.00850726 0.0875706 9.9973E-05 9.9973E-05 9.9973E-05 0.903622
0.0482088 0.108311 0.0596528 0.0436035 0.00916637 0.731058
0.0561912 0.0273943 9.9973E-05 9.9973E-05 9.9973E-05 0.916115
9.9964E-05 9.9964E-05 0.019414 9.9964E-05 9.9964E-05 0.980186
0.036731 0.0405174 9.9991E-05 0.00994764 0.0349586 0.877745
9.9964E-05 9.9964E-05 9.9964E-05 9.9964E-05 0.0100277 0.989572
9.9964E-05 0.0444601 9.9964E-05 9.9964E-05 9.9964E-05 0.95514
0.024693 0.0805832 9.9973E-05 9.9973E-05 9.9973E-05 0.894424
0.0198371 0.0542385 9.9982E-05 9.9982E-05 0.000357343 0.925367
0.0298238 0.101919 9.9973E-05 9.9973E-05 9.9973E-05 0.867958
0.0392121 0.112492 9.9973E-05 9.9973E-05 9.9973E-05 0.847996
0.0642459 0.112935 9.9973E-05 9.9973E-05 9.9973E-05 0.822519
9.9991E-05 0.407228 0.258987 0.0956823 0.0899738 0.148029
9.9991E-05 0.700055 0.114863 0.0666018 0.0178982 0.100482
0.00935402 0.623287 0.0852062 0.0840917 0.0639928 0.134068
0.00636102 0.140918 0.720543 9.9991E-05 0.0500851 0.0819927
9.9982E-05 0.491138 0.200696 0.18538 9.9982E-05 0.122585
9.9973E-05 0.122579 0.769655 9.9973E-05 9.9973E-05 0.107466
0.00645532 0.653341 0.217627 9.9991E-05 0.0255803 0.0968964
9.9991E-05 0.439262 0.207487 0.114176 0.0870738 0.151901
9.9982E-05 0.523364 0.243758 0.0663901 9.9982E-05 0.166288
0.0200897 0.457819 9.9991E-05 0.0402113 0.432737 0.0490421
9.9991E-05 0.465751 0.209735 0.100903 0.0779763 0.145535
9.9973E-05 0.711167 0.233199 9.9973E-05 9.9973E-05 0.0553342
9.9982E-05 0.53685 0.213019 0.132649 9.9982E-05 0.117281
0.0738496 0.02187 0.328479 0.460153 0.115548 9.9991E-05
9.9982E-05 0.0469255 0.851002 0.0188967 9.9982E-05 0.082976
9.9973E-05 0.184617 0.704558 9.9973E-05 9.9973E-05 0.110526
0.0157349 0.626655 0.14197 0.0597461 0.0401678 0.115726
9.9982E-05 0.535199 0.353691 9.9982E-05 0.0131723 0.097738
9.9973E-05 0.64435 0.276175 9.9973E-05 9.9973E-05 0.0791755
0.0743688 0.634048 0.147612 0.0211247 0.0588887 0.0639581
0.148011 0.453074 0.063331 0.0350401 0.0420296 0.258514
0.139372 0.562059 0.00639216 0.0390676 0.0386584 0.214451
0.144887 0.138779 0.0612448 0.232345 0.0549711 0.367774
0.0139227 0.631748 0.0399129 0.11339 0.00787615 0.193151
0.0949756 0.478351 0.0990618 0.135608 9.9991E-05 0.191903
0.182826 9.9973E-05 0.419933 9.9973E-05 9.9973E-05 0.39694
0.216677 0.296287 0.19699 9.9982E-05 9.9982E-05 0.289846
0.151951 0.313964 0.102226 0.0779119 9.9991E-05 0.353848
0.109197 0.371429 0.00780674 0.130341 0.0534196 0.327807
0.0958922 0.569184 0.100996 0.0345586 0.0119142 0.187456
0.105726 0.548722 0.0240054 0.0495014 0.076546 0.195499
0.107532 0.603947 0.0452398 0.0902192 9.9991E-05 0.152962
0.176869 0.365812 0.138522 0.0537982 0.122863 0.142135
0.12067 0.226966 0.0892836 0.0342845 0.0466814 0.482114
