9.9955E-05 0.00191826 9.9955E-05 0.0367731 0.0978018 9.9955E-05 9.9955E-05 0.863007 9.9955E-05
9.99589E-05 0.00542695 9.99589E-05 0.0126363 0.039387 9.99589E-05 9.99589E-05 0.94205 9.99589E-05
0.0613009 0.0204152 0.0034233 9.9982E-05 0.00279289 0.0144839 9.9982E-05 0.872303 0.025081
0.129638 0.0320729 9.9973E-05 9.9973E-05 0.0474733 0.00962672 0.000386287 0.780503 9.9973E-05
0.0928062 0.00869076 0.00407786 9.9964E-05 9.9964E-05 0.00931794 9.9964E-05 0.884707 9.9964E-05
0.0747278 0.0821815 0.00702187 0.0315064 0.107271 0.0919614 9.9982E-05 0.60513 9.9982E-05
0.00696329 0.0475079 0.0135088 9.9964E-05 9.9964E-05 0.158263 9.9964E-05 0.773357 9.9964E-05
0.0429699 0.101361 0.0228091 9.9973E-05 9.9973E-05 0.152289 0.00211519 0.678156 9.9973E-05
9.99549E-05 0.10387 9.99549E-05 0.0207771 9.99549E-05 0.0664831 9.99549E-05 0.80837 9.99549E-05
0.0497451 0.0682476 9.9973E-05 9.9973E-05 0.0165971 0.123704 0.00241321 0.738993 9.9973E-05
0.111428 0.0629796 9.9955E-05 9.9955E-05 9.9955E-05 0.114737 9.9955E-05 0.710356 9.9955E-05
0.0141527 9.9955E-05 9.9955E-05 0.940602 0.0248134 9.9955E-05 9.9955E-05 0.0199326 9.9955E-05
0.47446 9.9964E-05 0.00864183 0.445224 0.046198 9.9964E-05 9.9964E-05 0.0250762 9.9964E-05
0.0437948 9.9955E-05 0.0438016 0.896897 0.0150072 9.9955E-05 9.9955E-05 9.9955E-05 9.9955E-05
0.0527257 9.9964E-05 0.0809092 0.78818 0.0686371 9.9964E-05 9.9964E-05 0.00914833 9.9964E-05
0.29482 9.9964E-05 0.0510013 0.520138 0.0793586 9.9964E-05 9.9964E-05 0.054282 9.9964E-05
0.478875 9.9964E-05 0.0736823 0.341007 9.9964E-05 0.0838471 0.0221889 9.9964E-05 9.9964E-05
0.383322 9.9982E-05 0.0328737 0.516586 9.9982E-05 0.00572453 0.0163046 0.0400732 0.00491566
0.104651 9.9973E-05 0.0548559 0.698242 0.0288769 0.0183955 9.9973E-05 0.0946794 9.9973E-05
9.9955E-05 0.0292924 9.9955E-05 0.903448 9.9955E-05 0.0449494 9.9955E-05 0.0218103 9.9955E-05
0.295602 9.9982E-05 9.9982E-05 0.516556 0.0515469 0.059789 0.0156266 0.00365177 0.0570277
0.346469 9.9982E-05 0.0491128 0.379291 0.0113383 0.12836 0.0575437 0.0276847 9.9982E-05
0.479632 0.0635872 0.0434804 0.28001 9.9982E-05 0.026458 9.9982E-05 0.0383273 0.0683043
0.0359603 9.9964E-05 0.0629052 0.841777 9.9964E-05 0.0195635 9.9964E-05 0.0393941 9.9964E-05
0.61538 0.00924982 0.0598032 0.132852 9.9982E-05 0.0451832 0.0334053 0.103927 9.9982E-05
0.371074 9.9973E-05 0.0187378 0.514149 0.0335278 0.0161543 9.9973E-05 0.0460577 9.9973E-05
0.0316138 9.9955E-05 0.0295412 0.910383 9.9955E-05 9.9955E-05 9.9955E-05 0.0279618 9.9955E-05
0.0624848 9.9955E-05 0.0698292 0.852925 9.9955E-05 9.9955E-05 9.9955E-05 0.0142607 9.9955E-05
0.023093 9.9955E-05 0.00478238 0.915228 9.9955E-05 0.0563965 9.9955E-05 9.9955E-05 9.9955E-05
0.0965335 9.9946E-05 0.0329918 9.9946E-05 9.9946E-05 9.9946E-05 9.9946E-05 0.869875 9.9946E-05
0.116943 9.9946E-05 0.030538 9.9946E-05 9.9946E-05 9.9946E-05 9.9946E-05 0.85192 9.9946E-05
0.110156 9.9955E-05 0.0838014 9.9955E-05 0.00316225 9.9955E-05 9.9955E-05 0.802381 9.9955E-05
0.173929 9.9955E-05 0.0584319 9.9955E-05 0.0359506 9.9955E-05 9.9955E-05 0.731188 9.9955E-05
0.512474 0.049988 9.9982E-05 0.0173769 9.9982E-05 0.0936554 0.00732408 0.0816261 0.237356
0.531116 0.0417953 0.0210856 0.0545362 0.0165724 9.9991E-05 0.0106683 0.0839778 0.240148
0.519888 0.04301 0.0256675 9.9973E-05 9.9973E-05 0.00120152 0.0294483 9.9973E-05 0.380485
0.0716696 0.195653 9.9973E-05 0.633167 9.9973E-05 9.9973E-05 0.0387755 0.0281114 0.0323233
0.265665 9.9964E-05 0.0237008 9.9964E-05 9.9964E-05 0.090159 0.0212021 9.9964E-05 0.598873
0.52555 0.0101882 0.0211227 0.106729 0.0424808 9.9982E-05 9.9982E-05 0.0940604 0.199669
0.679094 0.0132465 0.0258907 9.9982E-05 0.0221441 0.0409334 9.9982E-05 0.0297573 0.188734
0.563805 9.9955E-05 9.9955E-05 0.111913 9.9955E-05 0.225322 9.9955E-05 0.0984603 9.9955E-05
0.616479 0.0546834 0.0158745 0.0930885 9.9982E-05 0.075316 9.9982E-05 0.0940093 0.0503498
0.119167 0.0589041 9.9964E-05 0.165088 9.9964E-05 9.9964E-05 9.9964E-05 0.0373318 0.61911
0.667604 0.0201407 9.9964E-05 9.9964E-05 0.0105939 0.253166 9.9964E-05 0.0480961 9.9964E-05
0.579306 0.00202152 9.9991E-05 0.0564458 0.00294213 0.0668285 0.0143684 0.0829096 0.195079
0.630394 0.0242726 0.00101798 0.0160974 0.0400612 0.0868885 9.9991E-05 0.114417 0.0867512
0.325558 9.9964E-05 9.9964E-05 9.9964E-05 0.0182807 0.0168041 0.049492 9.9964E-05 0.589465
0.552059 9.9973E-05 0.0500933 0.0545797 0.0279989 9.9973E-05 9.9973E-05 0.0754499 0.239519
0.503817 9.9991E-05 0.0475212 0.0444413 0.0325089 0.0479185 0.0509472 0.109498 0.163248
9.9955E-05 0.0113921 9.9955E-05 9.9955E-05 9.9955E-05 0.301209 0.0143743 9.9955E-05 0.672525
0.0861979 0.257971 9.9973E-05 0.518165 9.9973E-05 0.057896 0.0403657 9.9973E-05 0.0391045
0.073325 9.9973E-05 9.9973E-05 0.389302 0.0650804 0.218203 0.121009 9.9973E-05 0.13278
0.461653 0.0260083 0.0659598 0.212192 0.0368884 0.0924131 0.0226358 0.0396369 0.0426125
0.538618 0.0373689 0.0665656 0.120857 0.0299 0.089951 0.059078 0.0500054 0.00765591
0.572839 0.0307342 0.00839762 0.11554 0.0950044 0.0844414 0.0308596 0.0301724 0.0320115
0.13595 0.236271 9.9973E-05 0.40134 9.9973E-05 0.0557701 9.9973E-05 0.11515 0.0552195
0.485719 0.0845897 0.00851577 0.36891 0.0169271 9.9973E-05 0.0350387 9.9973E-05 9.9973E-05
0.551804 0.00795425 0.0529357 0.180074 0.0149077 9.9991E-05 0.0223713 0.0654627 0.104391
0.328636 0.131122 0.0545759 0.22303 9.9991E-05 0.0584355 0.0403814 0.0829173 0.0808014
0.0579538 0.125025 9.9982E-05 0.532982 9.9982E-05 0.0856508 0.00267638 0.150687 0.0448255
0.510121 0.0982803 0.0428526 0.186431 0.00745681 0.0466798 0.0231956 0.0541372 0.0308456
0.435374 0.0606069 9.9982E-05 0.305482 0.0739146 0.0553959 0.0327144 0.036313 9.9982E-05
9.9973E-05 0.119426 9.9973E-05 0.643006 9.9973E-05 0.0815552 0.0145266 0.0538655 0.0873212
0.359242 0.0475368 0.00731601 0.477435 9.9982E-05 9.9982E-05 0.0654826 0.00596052 0.0368268
0.497043 0.0296835 0.0467132 0.18051 0.0248987 0.0423781 0.131646 0.00977245 0.0373548
0.638393 0.0347546 9.9982E-05 0.174761 0.0113763 0.0308434 9.9982E-05 0.0907406 0.018932
0.156115 0.0402156 0.0681932 0.570097 9.9991E-05 0.0387298 0.0222608 0.0588703 0.0454185
0.415097 0.06212 0.0620525 0.297988 9.9991E-05 0.00248376 0.0497818 0.0491508 0.0612257
0.505357 0.0394178 0.0239058 0.214151 0.0178761 9.9991E-05 0.0343905 0.0854174 0.0793848
0.135012 0.0771033 9.9982E-05 0.643975 9.9982E-05 0.0262751 0.0254629 0.0510792 0.040892
0.485694 9.9964E-05 9.9964E-05 0.0149816 0.0222755 9.9964E-05 9.9964E-05 0.0377698 0.438879
0.199315 9.9964E-05 0.00325601 0.0962317 9.9964E-05 9.9964E-05 9.9964E-05 0.0252469 0.675551
0.468033 0.0173668 0.0249234 0.0397718 0.0445553 0.0489807 9.9991E-05 0.103271 0.252999
9.9955E-05 9.9955E-05 9.9955E-05 9.9955E-05 0.0294132 0.0468394 0.0568159 9.9955E-05 0.866432
9.9946E-05 9.9946E-05 9.9946E-05 9.9946E-05 9.9946E-05 0.132061 0.00184825 9.9946E-05 0.865491
0.229032 9.9964E-05 0.0175365 9.9964E-05 9.9964E-05 0.0287254 0.0336675 9.9964E-05 0.690638
0.463588 0.0559321 9.9964E-05 0.0406159 9.9964E-05 9.9964E-05 9.9964E-05 0.0434806 0.395983
0.496839 0.0277831 9.9991E-05 0.0651696 0.114773 0.0336221 0.0298267 0.061743 0.170143
0.469827 9.9964E-05 0.00587815 9.9964E-05 0.0224341 9.9964E-05 0.042435 9.9964E-05 0.459026
0.172737 0.0632092 9.9964E-05 0.159353 9.9964E-05 9.9964E-05 9.9964E-05 0.0386869 0.565614
0.249808 0.0935763 9.9964E-05 0.135589 9.9964E-05 9.9964E-05 9.9964E-05 0.0148657 0.505761
0.475395 0.0439218 0.0569934 0.00698607 0.0216535 0.00704743 0.0114897 0.105904 0.270609
0.307836 9.9964E-05 0.0223562 0.113371 9.9964E-05 9.9964E-05 9.9964E-05 0.0328085 0.523228
0.47222 0.0217894 9.9964E-05 0.0757027 9.9964E-05 9.9964E-05 9.9964E-05 0.0255252 0.404363
0.4788 9.9955E-05 9.9955E-05 9.9955E-05 9.9955E-05 0.0521255 0.0585591 9.9955E-05 0.410016
9.9955E-05 9.9955E-05 9.9955E-05 9.9955E-05 0.00597395 0.22038 0.0912697 9.9955E-05 0.681877
0.595113 0.0189006 0.0346812 9.9991E-05 0.0459448 0.0244751 0.0218678 0.0108842 0.248033
0.0861047 0.0653859 9.9955E-05 9.9955E-05 0.0137246 9.9955E-05 9.9955E-05 0.834285 9.9955E-05
0.0515546 9.9946E-05 9.9946E-05 9.9946E-05 0.0580677 9.9946E-05 9.9946E-05 0.889778 9.9946E-05
0.099263 9.9964E-05 0.00241375 0.0119595 0.0623282 9.9964E-05 9.9964E-05 0.823636 9.9964E-05
0.00828951 9.9946E-05 0.0607934 9.9946E-05 9.9946E-05 9.9946E-05 9.9946E-05 0.930317 9.9946E-05
9.9964E-05 9.9964E-05 0.0472982 0.0023043 9.9964E-05 9.9964E-05 0.00282797 0.939614 0.00755555
0.0878241 0.0132059 0.0600789 9.9955E-05 9.9955E-05 9.9955E-05 9.9955E-05 0.838391 9.9955E-05
0.079784 9.9937E-05 9.9937E-05 9.9937E-05 9.9937E-05 9.9937E-05 9.9937E-05 0.919516 9.9937E-05
0.55599 0.0278901 0.0367127 0.0747032 0.0290127 0.0142498 0.00128588 0.0846336 0.175522
0.541253 0.0420654 0.0231301 0.0493535 0.0479061 9.9991E-05 0.022083 0.106562 0.167547
0.0083247 0.0956128 9.9973E-05 0.183668 9.9973E-05 9.9973E-05 0.000840671 0.0449038 0.66635
0.545281 0.0171057 0.0380923 0.0989987 0.0351308 9.9982E-05 9.9982E-05 0.0965 0.168691
0.374304 0.0504822 9.99799E-05 0.0836142 9.99799E-05 9.99799E-05 0.0177119 0.04361 0.429978
0.532991 0.0443663 9.9955E-05 9.9955E-05 9.9955E-05 9.9955E-05 9.9955E-05 0.0754867 0.346656
0.56977 9.99912E-05 0.00018153 0.0129244 0.011197 0.011572 0.053288 0.0611958 0.279771
0.491678 9.9964E-05 9.9964E-05 0.0512115 0.0503691 9.9964E-05 0.0405654 9.9964E-05 0.365776
9.9955E-05 0.0789031 9.9955E-05 0.251377 9.9955E-05 9.9955E-05 9.9955E-05 0.0341331 0.635087
0.482303 0.107908 0.00991936 0.0671885 0.0551198 0.00644118 0.0408667 0.0954097 0.134844
0.626401 0.0414688 0.0193652 0.0761722 0.0224094 0.0512451 0.00164196 0.063885 0.0974112
0.553782 9.9991E-05 0.0401069 0.102799 0.0121602 0.0927137 0.0432456 0.0823608 0.0727313
0.271668 0.00337266 0.0195755 9.9982E-05 9.9982E-05 0.164435 0.0279639 0.0110696 0.501715
0.485234 9.9955E-05 9.9955E-05 9.9955E-05 0.0422761 9.9955E-05 0.0634578 9.9955E-05 0.408532
0.439396 0.0435989 0.00840224 0.158861 0.0127144 9.9982E-05 9.9982E-05 0.0034887 0.33334
0.383284 9.9964E-05 0.0212058 9.9964E-05 9.9964E-05 0.00824389 0.0402955 9.9964E-05 0.546571
0.428691 0.0509414 9.9973E-05 0.0838164 9.9973E-05 9.9973E-05 0.00371482 0.0614811 0.371056
0.546215 0.0685281 0.0105114 9.9991E-05 0.0848425 0.0382365 0.0280224 0.0611825 0.162362
0.196107 0.195526 9.9982E-05 0.269366 0.108932 0.0778939 0.138945 9.9982E-05 0.0130293
0.391279 0.131512 9.9973E-05 0.318237 9.9973E-05 0.0687314 9.9973E-05 0.0751516 0.0147897
0.524255 0.0413434 0.0158628 0.162666 0.0797341 0.00667961 0.0577653 0.111594 9.9991E-05
0.549048 0.0880647 9.9991E-05 0.103682 0.0775264 0.0448628 0.0117632 0.0916136 0.0333388
0.438188 0.175842 0.00946205 0.258391 0.000268763 0.0182061 9.9991E-05 0.0559547 0.0435871
0.550594 0.0875812 0.0282607 0.254842 0.0185721 0.019046 0.0379409 0.00306343 9.9991E-05
0.409603 0.189759 9.9964E-05 0.313183 9.9964E-05 9.9964E-05 0.0159824 0.0710716 9.9964E-05
0.508216 0.10669 9.9991E-05 0.0638814 0.084714 0.0699694 0.0409362 0.050726 0.0747665
0.519361 0.073902 0.0320401 0.131256 0.111616 0.0150654 0.0781955 0.0191528 0.0194111
0.521209 0.120288 9.9973E-05 0.17683 0.0668893 9.9973E-05 0.0664877 0.0479958 9.9973E-05
0.559067 0.122596 9.9964E-05 0.220716 9.9964E-05 9.9964E-05 0.0430835 0.054138 9.9964E-05
0.542089 0.0804065 0.0292914 0.0965166 0.10655 0.0161707 0.108854 0.0200224 9.9991E-05
0.566516 0.0401015 0.0360087 0.135124 0.00946447 0.0364656 0.0725738 0.103646 9.9991E-05
0.564673 0.0979361 0.0651784 0.164342 9.9973E-05 0.0175593 0.0900111 9.9973E-05 9.9973E-05
0.492294 0.0364933 0.0733883 0.147031 0.0331887 0.0636554 0.0761968 0.0528967 0.0248559
0.583222 0.106591 0.0268315 0.075226 0.0122494 0.00499855 0.149578 0.0223438 0.018959
0.235533 0.136111 9.9991E-05 0.261147 0.153108 0.113694 0.0647294 0.0311744 0.00440354
0.562649 0.0872995 9.9991E-05 0.146376 0.0416675 0.0219431 0.0473586 0.0527251 0.0398811
0.557662 0.107291 0.0577649 0.035028 0.0435327 0.0465292 0.126714 0.0253777 9.9991E-05
0.146952 0.193122 9.9982E-05 0.543889 9.9982E-05 0.0108209 0.0373636 0.0324848 0.0351683
0.0643746 0.0471185 9.9982E-05 0.415813 0.0435973 0.192829 0.188046 9.9982E-05 0.0480217
0.454963 0.0747071 0.0521768 0.212683 9.9991E-05 0.00967281 0.123629 0.0371964 0.0348716
0.0269263 0.107479 9.9973E-05 0.364584 9.9973E-05 0.182021 0.230156 9.9973E-05 0.0885331
0.251276 0.151867 9.9982E-05 0.574926 9.9982E-05 0.00145159 0.0182468 0.000488277 0.00154476
0.391028 0.155036 9.9955E-05 0.405347 9.9955E-05 9.9955E-05 0.0480896 9.9955E-05 9.9955E-05
0.293352 0.180445 9.9973E-05 0.445259 9.9973E-05 9.9973E-05 0.0164798 0.0275992 0.0365657
0.277919 0.189949 9.9973E-05 0.450529 9.9973E-05 0.0105641 0.0371031 9.9973E-05 0.0336359
0.51038 0.0777418 9.9982E-05 0.272131 0.0701761 0.0414914 0.0209114 9.9982E-05 0.00696886
0.500262 0.0593093 0.0354256 0.128263 0.0501938 9.9991E-05 0.0750478 0.0923142 0.0590844
0.554244 0.0754215 0.0486022 0.178582 9.9982E-05 9.9982E-05 0.0407414 0.0410289 0.0611802
0.0888553 0.106729 0.00395588 0.504166 9.9982E-05 0.149656 0.107303 9.9982E-05 0.0391349
0.518111 0.063673 0.0359848 0.0942886 0.0308923 0.0359572 0.020782 0.147921 0.0523909
0.496766 0.0296485 0.0141285 0.00404309 0.0378683 0.214764 0.0849822 0.0525844 0.0652158
9.9964E-05 0.0796026 9.9964E-05 9.9964E-05 9.9964E-05 0.57824 0.129265 0.0687468 0.143745
0.692358 0.0110751 0.0302697 0.0437651 9.9991E-05 0.127539 0.0196492 0.049115 0.026129
0.286231 0.0252197 0.0332833 0.0806931 9.9991E-05 0.279019 0.123348 0.0705875 0.101519
0.506436 0.0180784 0.0121515 0.011215 0.0650518 0.159545 0.058637 0.105514 0.0633711
0.293915 0.100471 9.9991E-05 0.0391259 0.00333904 0.452764 0.0314558 0.0240141 0.054815
0.122778 0.11664 9.9982E-05 0.0195971 9.9982E-05 0.510778 0.107193 0.0271736 0.0956396
0.400053 0.0832136 9.9991E-05 0.0472476 0.038542 0.299205 0.0618031 0.00653425 0.0633023
0.386969 0.0563905 0.106917 0.134738 9.9991E-05 0.134508 0.0359371 0.0827266 0.0617141
0.402322 0.0509627 0.0487161 0.10414 0.0120549 0.133932 0.0798128 0.142793 0.0252666
0.0506356 9.9982E-05 0.0698382 0.258464 9.9982E-05 0.304615 0.160269 0.0136988 0.14228
0.535784 0.0606076 0.0474829 0.0568294 0.0628499 0.137247 0.0264008 0.0581274 0.0146708
0.315707 9.9964E-05 9.9964E-05 0.15114 9.9964E-05 0.35183 0.0841897 9.9964E-05 0.0967333
0.454404 0.00871869 9.9973E-05 0.146461 9.9973E-05 0.199817 0.0997342 9.9973E-05 0.0905654
0.572675 0.0529439 0.0714714 0.040439 0.00615974 0.167271 0.0287924 0.0516872 0.00856054
0.0984253 0.00513648 0.116145 0.0260251 0.221598 0.245574 9.9982E-05 0.286897 9.9982E-05
9.9946E-05 9.9946E-05 9.9946E-05 9.9946E-05 0.219029 0.405261 9.9946E-05 0.375111 9.9946E-05
9.9946E-05 9.9946E-05 0.129458 9.9946E-05 9.9946E-05 0.471232 9.9946E-05 0.39871 9.9946E-05
0.0601582 0.00685703 0.128816 0.0149662 0.238654 0.291328 9.9982E-05 0.259022 9.9982E-05
0.622598 9.9964E-05 9.9964E-05 0.0428804 9.9964E-05 0.215976 0.0359674 9.9964E-05 0.0821791
0.577152 0.067455 0.0586129 9.9991E-05 0.0278965 0.0911635 0.0389446 0.0871034 0.0515721
0.31687 9.9946E-05 0.600189 9.9946E-05 0.082341 9.9946E-05 9.9946E-05 9.9946E-05 9.9946E-05
0.371344 0.00552482 0.421468 0.0774942 0.0442752 9.9982E-05 9.9982E-05 0.0219011 0.057793
0.326985 0.0372547 0.374302 0.0461499 0.0385931 0.0257623 0.0552005 0.0718935 0.0238599
0.266554 9.9964E-05 9.9964E-05 0.115166 9.9964E-05 0.42515 0.116749 9.9964E-05 0.0759815
0.461069 0.0262301 0.0519201 0.103773 0.00604456 0.116738 0.0375475 0.0950964 0.101582
0.250913 9.9964E-05 9.9964E-05 0.135461 9.9964E-05 0.479072 0.110288 9.9964E-05 0.0238669
0.568828 9.9982E-05 9.9982E-05 0.0378193 0.023813 0.21567 0.0660737 0.0367649 0.0508309
0.503054 9.9973E-05 9.9973E-05 0.0674091 9.9973E-05 0.25703 0.156803 0.0141167 0.00128778
0.603037 0.0142061 9.9964E-05 9.9964E-05 9.9964E-05 0.326253 0.0523561 9.9964E-05 0.00374813
0.232452 9.9964E-05 9.9964E-05 0.0621633 9.9964E-05 0.557852 0.0755702 9.9964E-05 0.0715623
0.621413 9.9964E-05 0.0762452 9.9964E-05 9.9964E-05 0.223908 9.9964E-05 0.0248871 0.0531463
0.559317 9.9982E-05 0.048303 0.0135 9.9982E-05 0.185618 0.0590795 0.106244 0.0277379
0.00841383 9.9973E-05 0.934639 9.9973E-05 0.0465445 0.00549984 9.9973E-05 0.000331347 0.00427184
0.0545542 9.9955E-05 0.903904 0.00610262 9.9955E-05 9.9955E-05 0.0349399 9.9955E-05 9.9955E-05
0.275223 0.0632153 0.542656 0.0459219 0.00821008 9.9973E-05 9.9973E-05 0.0644738 9.9973E-05
0.371681 0.00656538 0.571963 9.9964E-05 0.0487838 9.9964E-05 0.000607502 9.9964E-05 9.9964E-05
0.133406 0.0117588 0.812311 9.9973E-05 9.9973E-05 0.00505802 0.00346153 9.9973E-05 0.0337044
9.993E-05 9.993E-05 0.999201 9.993E-05 9.993E-05 9.993E-05 9.993E-05 9.993E-05 9.993E-05
0.00188993 0.0417448 0.949288 0.00657759 9.9955E-05 9.9955E-05 9.9955E-05 9.9955E-05 9.9955E-05
0.154525 9.9955E-05 0.839931 0.00136236 9.9955E-05 9.9955E-05 9.9955E-05 9.9955E-05 0.00368225
9.9937E-05 0.0587016 0.940599 9.9937E-05 9.9937E-05 9.9937E-05 9.9937E-05 9.9937E-05 9.9937E-05
9.993E-05 9.993E-05 0.999201 9.993E-05 9.993E-05 9.993E-05 9.993E-05 9.993E-05 9.993E-05
9.993E-05 9.993E-05 0.999201 9.993E-05 9.993E-05 9.993E-05 9.993E-05 9.993E-05 9.993E-05
0.17817 9.9964E-05 0.775951 0.0336576 0.00712206 9.9964E-05 9.9964E-05 0.00469965 9.9964E-05
0.100456 0.0307652 0.755216 0.0381359 0.0471735 9.9982E-05 9.9982E-05 0.0273573 0.000696201
9.993E-05 9.993E-05 0.999201 9.993E-05 9.993E-05 9.993E-05 9.993E-05 9.993E-05 9.993E-05
0.316446 0.0503061 0.336347 0.0944195 0.0920926 9.9991E-05 0.0105339 0.0576083 0.0421462
0.270822 0.00552864 0.606822 0.0270364 0.0438446 9.9982E-05 0.00856018 0.0371867 9.9982E-05
0.161178 0.0104516 0.742102 9.9955E-05 0.0857691 9.9955E-05 9.9955E-05 9.9955E-05 9.9955E-05
0.102365 0.00167107 0.85831 0.0214295 9.9973E-05 9.9973E-05 9.9973E-05 0.0031909 0.0127335
9.9937E-05 9.9937E-05 0.959147 9.9937E-05 0.0401538 9.9937E-05 9.9937E-05 9.9937E-05 9.9937E-05
0.0296009 9.9955E-05 0.906383 0.00837416 0.0551424 9.9955E-05 9.9955E-05 9.9955E-05 9.9955E-05
9.9946E-05 9.9946E-05 0.99499 9.9946E-05 0.00158518 9.9946E-05 9.9946E-05 0.00282478 9.9946E-05
0.245866 0.0318974 0.6216 0.0371049 0.00639064 0.00582776 0.00562692 0.0225213 0.0231652
9.9973E-05 9.9973E-05 0.919375 0.00151842 0.025674 9.9973E-05 0.0186724 0.00786777 0.0265924
0.00663603 9.9973E-05 0.0139043 9.9973E-05 0.0583107 0.620791 0.0753709 0.224687 9.9973E-05
0.321607 9.9973E-05 0.10579 0.0899835 0.0348429 0.295077 9.9973E-05 0.152401 9.9973E-05
0.470532 0.0384342 9.9973E-05 9.9973E-05 0.111465 0.276881 0.00596636 0.0964212 9.9973E-05
0.190059 0.0558606 0.0442724 9.9973E-05 0.112204 0.470906 9.9973E-05 0.126399 9.9973E-05
0.42457 9.9991E-05 0.0228732 0.119458 0.133896 0.163105 0.032092 0.0826153 0.0212894
0.125679 9.9982E-05 0.0783992 0.0129205 0.0610088 0.525834 0.0234508 0.172508 9.9982E-05
0.398846 0.0363711 0.0139881 0.00137478 0.137824 0.200144 0.0467707 0.153836 0.0108457
0.324253 9.9964E-05 0.0545621 9.9964E-05 0.07934 0.403184 9.9964E-05 0.138261 9.9964E-05
0.450024 9.9973E-05 0.0508237 9.9973E-05 0.116058 0.242158 0.00746098 0.133175 9.9973E-05
0.353452 9.9964E-05 0.0298536 9.9964E-05 0.205369 0.328609 9.9964E-05 0.0823165 9.9964E-05
0.422814 0.0240025 0.0711719 0.0969232 0.0739013 0.186286 0.0129126 0.111888 9.9991E-05
0.0859138 0.0158321 9.9955E-05 9.9955E-05 9.9955E-05 0.0302103 9.9955E-05 0.867544 9.9955E-05
9.9964E-05 9.9964E-05 0.0548805 9.9964E-05 0.0177743 0.0130023 0.0231677 0.890775 9.9964E-05
0.00317552 0.0171682 9.9973E-05 0.0307029 9.9973E-05 9.9973E-05 0.00107187 0.938784 0.00879747
9.9955E-05 9.9955E-05 9.9955E-05 0.00794203 9.9955E-05 0.0187198 9.9955E-05 0.970648 0.00219067
0.0397118 0.0019596 9.9955E-05 0.0676803 9.9955E-05 9.9955E-05 9.9955E-05 0.890149 9.9955E-05
9.9946E-05 9.9946E-05 9.9946E-05 9.9946E-05 0.067242 9.9946E-05 0.00497003 0.927188 9.9946E-05
0.0744759 0.00335427 0.0159341 9.9955E-05 9.9955E-05 9.9955E-05 9.9955E-05 0.905736 9.9955E-05
9.9973E-05 0.0351772 9.9973E-05 0.0261313 0.00146678 0.0103596 0.01646 0.910105 9.9973E-05
0.0125945 9.9982E-05 0.019914 0.00245227 0.00801794 0.015379 9.9982E-05 0.898358 0.0430844
0.00818436 0.0144515 9.9982E-05 0.0184861 0.0410979 0.0291598 0.00261656 0.885804 9.9982E-05
9.9964E-05 0.252854 9.9964E-05 0.028097 9.9964E-05 0.0700157 9.9964E-05 0.580505 0.0681285
9.9964E-05 0.260766 9.9964E-05 0.0805957 9.9964E-05 0.0404561 9.9964E-05 0.594105 0.0236779
9.9964E-05 0.205638 9.9964E-05 0.160004 9.9964E-05 0.0539395 9.9964E-05 0.52839 0.0516284
9.9964E-05 0.251305 9.9964E-05 0.186878 9.9964E-05 0.109147 9.9964E-05 0.436073 0.0161974
0.445781 0.0743129 0.0308464 0.136569 9.9982E-05 0.027835 9.9982E-05 0.0661703 0.218285
0.459925 0.0862625 0.0475747 0.042374 9.99873E-05 9.99873E-05 0.0226839 0.0364896 0.304491
0.535305 0.128528 0.0145125 0.106783 9.9982E-05 9.9982E-05 0.0607179 0.0400976 0.113856
0.313272 0.0634625 9.9964E-05 0.28693 9.9964E-05 9.9964E-05 9.9964E-05 0.055629 0.280306
0.088955 0.260077 0.0069804 0.568535 9.9982E-05 0.0131016 0.0435924 9.9982E-05 0.0185584
0.653698 0.0660776 0.0176956 0.0419396 0.010206 9.9991E-05 0.048767 0.0346072 0.126909
0.618742 0.089793 0.018146 0.0423641 9.9964E-05 9.9964E-05 9.9964E-05 9.9964E-05 0.230555
0.490735 0.0405089 9.9982E-05 0.00642257 0.0848789 0.0554402 0.0548842 9.9982E-05 0.26693
0.379817 9.9955E-05 9.9955E-05 9.9955E-05 0.0422279 9.9955E-05 0.055828 9.9955E-05 0.521627
0.636381 0.0231492 0.0536755 9.9982E-05 9.9982E-05 0.0765896 0.040484 0.0421865 0.127334
0.44667 0.0397828 9.9964E-05 0.0659516 9.9964E-05 9.9964E-05 9.9964E-05 0.00780182 0.439394
9.9955E-05 0.0121295 9.9955E-05 9.9955E-05 9.9955E-05 0.0658498 0.144121 9.9955E-05 0.7774
0.598033 0.0259521 9.9982E-05 0.218061 0.0283569 9.9982E-05 0.0288057 0.0486898 0.051902
0.168821 9.9955E-05 9.9955E-05 9.9955E-05 9.9955E-05 0.130604 0.0802425 9.9955E-05 0.619833
0.519559 0.0304878 0.0077726 9.9982E-05 9.9982E-05 0.0123726 0.0392075 0.046614 0.343787
0.138761 0.084778 9.9964E-05 0.179394 9.9964E-05 9.9964E-05 9.9964E-05 0.0162057 0.580462
0.00113349 0.857916 0.0106119 9.9964E-05 9.9964E-05 0.06399 9.9964E-05 0.0659487 9.9964E-05
0.060901 0.864301 0.0138739 9.9964E-05 9.9964E-05 0.0350251 9.9964E-05 0.0254994 9.9964E-05
0.0443395 0.869889 9.9955E-05 9.9955E-05 9.9955E-05 0.0714572 9.9955E-05 0.0138143 9.9955E-05
9.9955E-05 0.839865 9.9955E-05 9.9955E-05 9.9955E-05 0.0535598 9.9955E-05 0.0651983 0.0408775
0.112033 0.833491 0.00966848 9.9955E-05 9.9955E-05 0.0443077 9.9955E-05 9.9955E-05 9.9955E-05
0.0944436 0.807201 0.0570602 9.9964E-05 9.9964E-05 0.0236187 9.9964E-05 0.0172764 9.9964E-05
0.0193305 0.00359119 0.0305652 0.00578127 0.0555386 9.9982E-05 9.9982E-05 0.847208 0.0377856
0.0891486 0.0341206 9.9964E-05 0.0424194 0.039786 9.9964E-05 9.9964E-05 0.794126 9.9964E-05
0.109505 9.9982E-05 0.00741699 0.0384536 0.0741727 9.9982E-05 0.00949221 0.749271 0.0114883
9.9955E-05 0.000759399 0.0720493 9.9955E-05 9.9955E-05 9.9955E-05 9.9955E-05 0.843707 0.0829843
0.135328 9.9982E-05 0.017985 0.00138541 0.0675134 0.0187004 9.9982E-05 0.747696 0.0111922
9.9955E-05 0.544798 9.9955E-05 9.9955E-05 9.9955E-05 0.0887198 9.9955E-05 0.358304 0.00767837
9.9964E-05 0.510824 9.9964E-05 9.9964E-05 0.0575324 0.0541008 0.00952102 0.367621 9.9964E-05
0.00925626 0.497185 9.9973E-05 0.00882791 0.0609232 9.9973E-05 0.0315132 0.391995 9.9973E-05
0.111623 0.0186373 0.0222582 9.9964E-05 9.9964E-05 9.9964E-05 0.00584175 0.84124 9.9964E-05
9.9982E-05 0.474942 0.00821561 0.0212696 9.9982E-05 0.0445335 0.0555146 0.380782 0.0145427
0.227522 9.9973E-05 0.0505911 0.0148974 0.432749 0.120678 9.9973E-05 0.153263 9.9973E-05
0.417728 0.0101615 0.0467083 0.11002 0.300126 9.9991E-05 0.0169113 0.0717318 0.0265123
0.512325 9.9955E-05 0.176023 9.9955E-05 0.145989 9.9955E-05 9.9955E-05 0.165163 9.9955E-05
0.288963 9.9973E-05 0.0853238 9.9973E-05 0.279655 0.135968 0.00541224 0.204378 9.9973E-05
0.460158 0.0438049 0.102566 0.0857606 0.109225 0.000165561 0.0567773 0.139059 0.00248288
9.9964E-05 9.9964E-05 0.0362011 9.9964E-05 0.402811 0.237843 0.00793559 0.31481 9.9964E-05
0.406908 0.193292 9.9964E-05 0.355808 9.9964E-05 0.0124975 0.031095 9.9964E-05 9.9964E-05
0.392932 0.117184 9.9973E-05 0.199166 9.9973E-05 0.112999 0.175683 9.9973E-05 0.00173588
0.187724 0.166398 9.9973E-05 0.566178 9.9973E-05 9.9973E-05 0.0346838 0.0101814 0.0345361
0.462112 0.0661689 0.0147079 0.18539 0.00443764 0.0502612 0.185694 9.9991E-05 0.0311287
9.9964E-05 0.124686 9.9964E-05 0.203454 9.9964E-05 0.279269 0.306074 9.9964E-05 0.0861177
0.537345 0.0117666 0.0342008 0.213301 0.0375292 0.044797 0.018583 0.0690662 0.0334111
0.507556 0.0966655 0.0168887 0.0670011 0.0280932 0.0956597 0.136624 0.0194882 0.0320242
0.303802 0.187868 9.9982E-05 0.385026 9.9982E-05 0.0444673 0.0158815 0.0213031 0.0414517
0.447737 0.0304731 0.0338008 0.223524 0.0339912 0.0492558 0.0687385 0.0567845 0.0556951
0.0369831 0.0338911 9.9973E-05 0.458213 9.9973E-05 0.176693 0.145263 9.9973E-05 0.148658
0.533009 0.045489 0.00251715 0.230842 0.00648101 0.0266126 0.100644 0.0244993 0.029907
0.460941 0.144685 9.9982E-05 0.302464 9.9982E-05 0.0317537 0.0313644 0.0222134 0.00637822
0.389541 0.0363128 0.0584433 0.124456 0.16206 0.0784242 0.0422376 0.0687817 0.0397432
0.265064 0.0415704 9.9982E-05 0.318292 0.0208551 0.0974936 0.1586 9.9982E-05 0.0979249
0.386899 0.0634478 9.9982E-05 0.266426 0.0100188 0.0919653 0.142787 9.9982E-05 0.0382556
0.545397 0.12489 0.00113028 0.115388 0.0389904 0.0288669 0.134862 9.9991E-05 0.0103755
0.531331 0.0573785 9.9982E-05 0.192581 0.0108766 0.0870411 0.102663 9.9982E-05 0.0179294
0.592141 0.0298445 0.0369693 0.0718511 0.0684761 0.044821 0.0721073 0.00534101 0.0784487
0.537678 0.0804919 0.0160997 0.122206 0.00661354 0.0662554 0.0199022 0.0894052 0.0613481
0.496529 0.0524264 9.9991E-05 0.236686 0.0518498 0.043535 0.00850857 0.0766804 0.0336849
0.12865 9.9946E-05 0.0459319 9.9946E-05 9.9946E-05 9.9946E-05 9.9946E-05 0.824818 9.9946E-05
0.129993 9.9937E-05 9.9937E-05 9.9937E-05 9.9937E-05 9.9937E-05 9.9937E-05 0.869307 9.9937E-05
0.0481873 0.0475802 9.9964E-05 9.9964E-05 9.9964E-05 0.0335965 9.9964E-05 0.86338 0.00685625
0.00673332 9.9973E-05 0.0617335 9.9973E-05 0.021141 9.9973E-05 0.00968273 0.894919 0.00549015
0.106115 9.9937E-05 9.9937E-05 9.9937E-05 9.9937E-05 9.9937E-05 9.9937E-05 0.893186 9.9937E-05
0.00585637 0.150355 9.9991E-05 0.674084 0.0214624 0.0431612 0.00668494 0.0445463 0.05375
0.457872 0.0888548 9.9982E-05 0.193642 0.111391 0.0142977 0.105156 9.9982E-05 0.0285859
0.365283 0.00262511 0.078156 0.00121098 0.255446 0.126401 0.0315054 0.120274 0.0190989
0.590088 0.0425206 0.045064 0.253497 0.0283758 9.9982E-05 0.0214151 0.0188391 9.9982E-05
0.400251 0.0650606 9.9973E-05 0.474199 0.0170198 9.9973E-05 9.9973E-05 0.0108527 0.0323174
0.204192 0.0464722 9.9982E-05 0.388953 0.0401647 0.179294 0.108536 9.9982E-05 0.0321876
9.9973E-05 0.25825 9.9973E-05 0.640654 9.9973E-05 0.0169865 0.00407464 0.0683444 0.0113907
0.43262 0.172453 9.9982E-05 0.253164 0.0506702 0.00180025 9.9982E-05 0.0593383 0.0297548
0.160668 0.315585 0.0571335 0.425731 9.9973E-05 0.00861348 9.9973E-05 0.0319695 9.9973E-05
0.366185 0.0850742 9.9982E-05 0.215719 0.0999633 0.0785874 0.0432921 9.9982E-05 0.110979
0.0660841 0.217632 9.9973E-05 0.556018 9.9973E-05 0.041969 0.0430875 0.0749093 9.9973E-05
0.47014 0.124818 0.0160055 0.22017 0.105452 9.9982E-05 0.0324812 0.0307323 9.9982E-05
0.061335 0.163942 9.9973E-05 0.598295 9.9973E-05 0.0187383 9.9973E-05 0.057547 0.099843
0.14573 0.0156246 0.0174619 0.430261 0.125859 0.0516141 0.0756192 9.9991E-05 0.137731
0.515067 0.0420169 9.9991E-05 0.0751347 0.0634223 0.179044 0.0572071 0.0267842 0.041224
0.336541 0.0434341 9.9973E-05 0.0338975 9.9973E-05 0.46927 0.0927015 9.9973E-05 0.0238556
0.590047 0.0213228 0.00813035 9.9991E-05 0.0328318 0.291003 0.0182176 0.0164969 0.0218505
0.53982 0.0435896 9.9982E-05 0.0944696 0.0106828 0.19935 0.0404398 0.0714491 9.9982E-05
0.287164 0.0596826 9.9973E-05 0.000896988 9.9973E-05 0.558225 0.0417551 9.9973E-05 0.0519763
0.505832 0.0870196 0.0838256 0.000485359 9.9991E-05 0.088976 0.0844278 0.0713532 0.07798
0.5382 0.0898233 9.9964E-05 9.9964E-05 9.9964E-05 0.264469 0.0869711 9.9964E-05 0.0201371
0.130648 0.0572976 9.9964E-05 9.9964E-05 9.9964E-05 0.542145 0.154764 9.9964E-05 0.114746
0.230465 0.0455199 9.9964E-05 9.9964E-05 9.9964E-05 0.625992 0.0059697 9.9964E-05 0.0916533
0.490837 0.0794216 9.9973E-05 0.0346847 9.9973E-05 0.33674 0.0446195 9.9973E-05 0.0133972
0.0837519 0.117906 9.9964E-05 9.9964E-05 9.9964E-05 0.555715 0.0768297 9.9964E-05 0.165397
0.474643 0.0700069 9.9964E-05 0.0434211 9.9964E-05 0.355741 9.9964E-05 9.9964E-05 0.0557874
0.00897303 0.194638 0.00958464 0.785604 9.9964E-05 9.9964E-05 9.9964E-05 0.00080036 9.9964E-05
0.0541146 0.0341797 0.00179241 0.511939 0.121572 9.9982E-05 0.24535 9.9982E-05 0.0308517
0.288754 0.123541 0.0200128 0.472304 0.0759305 9.9982E-05 9.9982E-05 0.0117635 0.00749426
0.472508 0.130046 9.9973E-05 0.211339 0.117685 9.9973E-05 9.9973E-05 0.0274244 0.0406984
0.0957375 0.219129 0.00107313 0.574456 0.0288468 9.9973E-05 9.9973E-05 9.9973E-05 0.0804571
0.405184 0.0390619 0.00468914 0.285899 0.132718 0.0312732 0.0565767 0.0259184 0.0186797
0.538354 0.113083 0.0283167 0.20702 0.0318953 9.9991E-05 0.0470024 0.014334 0.0198941
0.395685 0.0468413 0.0458822 0.293638 0.0678585 0.0504757 0.0512928 9.9991E-05 0.0482263
0.405503 0.0732169 9.9973E-05 0.336414 0.0972858 9.9973E-05 0.0313504 9.9973E-05 0.0559302
0.424922 0.172377 0.0517413 0.336592 9.9964E-05 9.9964E-05 9.9964E-05 0.0139679 9.9964E-05
0.176411 0.196831 0.00409184 0.550091 0.0289644 9.9973E-05 9.9973E-05 9.9973E-05 0.0433103
0.340531 0.241498 0.0394187 0.336654 9.9973E-05 9.9973E-05 0.0052254 9.9973E-05 0.0363727
0.555433 0.0808595 9.9982E-05 0.179054 0.072946 0.0309282 0.0676314 9.9982E-05 0.0129476
0.610839 0.0572029 0.0466437 0.139315 9.9982E-05 0.0933225 0.0298246 0.0226527 9.9982E-05
0.236287 0.104581 9.9982E-05 0.235071 0.170851 0.0901132 0.0762579 9.9982E-05 0.0866396
0.373276 0.0731372 0.0642425 0.238135 0.085599 9.9982E-05 0.108135 9.9982E-05 0.057275
0.287443 0.177086 9.9973E-05 0.44112 0.0675154 9.9973E-05 0.00767326 9.9973E-05 0.0188619
0.454435 0.0910281 0.041138 0.293253 0.0813145 9.9982E-05 0.0358367 9.9982E-05 0.00279469
0.360195 0.103049 0.0891095 0.317018 0.0214836 9.9991E-05 0.0257204 0.0241935 0.059132
0.490559 0.0636232 0.0337287 0.156263 0.076432 9.9991E-05 0.0437488 0.0940477 0.0414983
0.351008 9.9973E-05 0.0502999 0.117278 0.17141 0.00204364 9.9973E-05 0.30766 9.9973E-05
0.440883 0.0055876 0.031516 0.118239 0.236678 0.0442785 0.043322 0.0793965 9.9991E-05
0.388545 9.9991E-05 0.0275457 0.084546 0.20373 0.0288175 0.0439415 0.139565 0.08321
0.484142 0.00929653 0.0268237 0.0605211 0.201598 0.100365 0.043395 0.0708795 0.00298032
0.366255 9.9991E-05 0.0365767 0.0442027 0.296651 0.102635 0.0306525 0.10551 0.0174183
0.494661 0.107485 9.9973E-05 0.173843 9.9973E-05 0.0671639 0.14815 9.9973E-05 0.00839788
0.460922 0.0163782 9.9991E-05 0.0288278 0.215396 0.0108969 0.0710814 0.125853 0.0705444
0.00336521 9.9991E-05 0.0655856 0.194831 0.171259 0.327687 0.0666221 0.150306 0.0202434
0.514201 0.00870095 9.9982E-05 0.0911027 0.205882 0.0809857 0.0410389 0.0578882 9.9982E-05
0.475553 0.0259575 0.0792541 0.0266978 0.142532 0.0227934 0.0895745 0.125986 0.011651
0.497051 9.9991E-05 0.101292 0.112725 0.0792558 0.0656222 0.0560904 0.0867234 0.00113983
0.245708 9.9991E-05 0.00984874 0.149911 0.151512 0.158923 0.0855122 0.168683 0.0298023
0.46428 0.0158371 0.0803631 0.0970342 0.128614 0.0411538 9.9991E-05 0.171661 0.000956221
0.50305 0.0153109 0.0472852 9.9982E-05 0.207651 0.0750962 0.0543453 0.0970612 9.9982E-05
9.9946E-05 9.9946E-05 9.9946E-05 9.9946E-05 0.205635 0.405266 9.9946E-05 0.388499 9.9946E-05
0.436742 0.00837569 0.134678 0.115062 0.0992422 0.0198934 9.9991E-05 0.147167 0.0387391
0.554007 9.9973E-05 0.0707533 9.9973E-05 0.155827 0.0406813 0.00859939 0.169832 9.9973E-05
0.54338 9.9982E-05 0.0559148 0.124625 0.0885965 0.0498625 0.0508582 0.0865638 9.9982E-05
0.497177 9.9973E-05 0.0411762 9.9973E-05 0.273456 0.0426615 0.0121092 0.13312 9.9973E-05
0.463991 9.9991E-05 0.0469632 0.0708029 0.0745233 0.0370392 0.0450542 0.205536 0.0559906
0.425644 9.9973E-05 0.00864661 9.9973E-05 0.0144137 9.9973E-05 0.434073 0.0672348 0.0496878
0.417517 9.9982E-05 0.0503862 0.0769462 0.0948366 9.9982E-05 0.211309 0.0513866 0.0974184
9.9955E-05 0.0247749 9.9955E-05 9.9955E-05 9.9955E-05 0.0158845 0.886565 9.9955E-05 0.0722763
9.9955E-05 0.0110395 9.9955E-05 0.056629 9.9955E-05 9.9955E-05 0.931389 0.000442628 9.9955E-05
0.456422 9.9973E-05 0.0267894 0.0593077 0.0236309 9.9973E-05 0.345575 0.0879753 9.9973E-05
0.274618 9.9982E-05 0.105649 0.0298186 0.351613 0.0614868 0.0964391 0.0801757 9.9982E-05
0.222584 9.9973E-05 0.0300888 9.9973E-05 0.434891 0.00513838 0.230961 0.0760365 9.9973E-05
0.0891329 9.9973E-05 0.0658404 9.9973E-05 0.411819 0.0584162 0.260294 0.114197 9.9973E-05
0.27292 9.9973E-05 0.0555931 9.9973E-05 0.349654 0.0238594 0.218917 0.0787562 9.9973E-05
0.0192855 9.9964E-05 9.9964E-05 9.9964E-05 0.144699 0.12394 0.666256 0.0454199 9.9964E-05
0.0740696 0.0109771 9.9982E-05 9.9982E-05 0.135772 0.0227 0.671702 0.0653703 0.0192088
0.522535 9.9982E-05 0.0308763 0.00553949 0.0685195 0.0226053 0.346123 0.00360196 9.9982E-05
0.334234 9.9964E-05 0.101631 9.9964E-05 0.0264089 9.9964E-05 0.477173 0.0601537 9.9964E-05
0.141376 0.0323271 0.0126103 9.9973E-05 0.110115 9.9973E-05 0.690097 0.0131749 9.9973E-05
0.502598 0.0313974 9.9982E-05 0.0040728 0.124174 0.00378721 0.293 0.0407705 9.9982E-05
0.48674 0.0455981 9.9955E-05 9.9955E-05 0.165342 9.9955E-05 0.30182 9.9955E-05 9.9955E-05
0.447302 9.9991E-05 0.0467474 0.0379643 0.0661134 0.00604659 0.291915 0.0759618 0.0278499
0.318132 0.0178894 9.9973E-05 0.020925 9.9973E-05 9.9973E-05 0.625777 0.00938368 0.00759345
0.365527 0.0102476 9.9973E-05 0.0721179 9.9973E-05 0.0514277 0.48415 0.0162306 9.9973E-05
0.498806 0.0472834 0.0392539 9.9973E-05 9.9973E-05 0.0309127 0.343541 0.0399024 9.9973E-05
0.436053 0.0898054 0.00109495 9.9982E-05 0.0142739 0.0395492 0.385022 0.0340014 9.9982E-05
0.457317 9.9982E-05 0.0371064 0.0555371 0.046026 9.9982E-05 0.277831 0.0796057 0.0463766
0.470368 9.9964E-05 9.9964E-05 9.9964E-05 9.9964E-05 0.0486567 0.425051 0.0208639 0.0346612
0.159722 0.0110019 9.9955E-05 0.00408965 9.9955E-05 9.9955E-05 0.824686 9.9955E-05 9.9955E-05
0.582214 0.00694179 0.00531071 9.9964E-05 0.0282416 9.9964E-05 0.376892 9.9964E-05 9.9964E-05
0.132602 0.0149945 0.00273809 0.0644653 9.9982E-05 9.9982E-05 0.772881 0.00277845 0.00934066
0.416002 9.99459E-05 9.99459E-05 9.99459E-05 9.99459E-05 9.99459E-05 0.541585 0.0418133 9.99459E-05
0.517331 0.0219208 9.9982E-05 0.0457876 0.0236819 0.0364073 0.293768 0.0609037 9.9982E-05
0.476433 0.0340333 0.0862662 9.9973E-05 9.9973E-05 9.9973E-05 0.279467 0.0455111 0.0779892
0.446551 0.0182846 0.0728546 0.0145127 0.107258 0.0596868 0.113639 0.162287 0.00492685
0.440831 0.015852 0.12974 0.00883901 0.0333399 0.0535011 0.127705 0.107475 0.0827171
0.293214 9.9973E-05 0.120577 9.9973E-05 0.241724 0.145142 0.0401193 0.158924 9.9973E-05
0.271272 0.00380025 0.127113 0.0827777 0.147733 0.086049 0.108172 0.159177 0.0139066
0.386503 0.0250246 0.0888852 0.0246089 0.184598 0.0685941 0.03748 0.128771 0.0555347
0.395138 9.9982E-05 0.0503406 0.00524968 0.166567 0.0481497 0.190466 0.143888 9.9982E-05
9.9955E-05 9.9955E-05 9.9955E-05 9.9955E-05 0.158319 0.0466626 0.665541 0.128977 9.9955E-05
0.479637 9.9982E-05 0.0618399 0.00988419 0.262004 0.0582222 0.100588 0.0276251 9.9982E-05
9.9964E-05 9.9964E-05 0.00674328 9.9964E-05 0.116685 0.216583 0.378838 0.280751 9.9964E-05
0.438512 9.9964E-05 0.0473718 9.9964E-05 0.200827 9.9964E-05 0.294651 0.0182377 9.9964E-05
0.0749384 9.9937E-05 9.9937E-05 9.9937E-05 9.9937E-05 9.9937E-05 0.924362 9.9937E-05 9.9937E-05
9.9937E-05 9.9937E-05 9.9937E-05 9.9937E-05 9.9937E-05 9.9937E-05 0.934138 9.9937E-05 0.0651625
0.442052 9.9937E-05 9.9937E-05 9.9937E-05 9.9937E-05 9.9937E-05 0.557248 9.9937E-05 9.9937E-05
0.532957 9.9955E-05 0.0250706 9.9955E-05 9.9955E-05 9.9955E-05 0.419519 0.0219534 9.9955E-05
0.384966 0.00132505 9.9946E-05 9.9946E-05 9.9946E-05 9.9946E-05 0.613109 9.9946E-05 9.9946E-05
0.553366 9.9937E-05 9.9937E-05 9.9937E-05 9.9937E-05 9.9937E-05 0.445934 9.9937E-05 9.9937E-05
0.526389 9.9937E-05 9.9937E-05 9.9937E-05 9.9937E-05 9.9937E-05 0.472912 9.9937E-05 9.9937E-05
0.00296624 0.0513284 0.0217137 0.0203743 9.9982E-05 9.9982E-05 0.0114055 0.872355 0.0196569
0.0529407 0.0752169 0.0403353 9.9991E-05 0.033146 0.0443076 0.0013683 0.742624 0.00996076
0.00338787 0.0330409 0.0121777 9.9973E-05 9.9973E-05 0.00222363 0.0106414 0.938229 9.9973E-05
0.0476283 9.9946E-05 9.9946E-05 9.9946E-05 9.9946E-05 0.0263867 9.9946E-05 0.925385 9.9946E-05
0.493692 9.9991E-05 0.00756658 0.00727075 0.0432736 0.04394 0.0300978 0.0644823 0.309576
0.533838 0.0795621 0.0343717 0.0515792 9.9982E-05 0.0102502 9.9982E-05 0.0352008 0.254998
0.525763 9.9964E-05 9.9964E-05 0.0378311 0.0124708 9.9964E-05 9.9964E-05 0.029501 0.394035
0.585897 0.0040076 9.9982E-05 0.0854161 0.0401251 0.0324432 9.9982E-05 0.0515759 0.200335
0.54853 0.0288947 0.0321908 0.0708033 9.9982E-05 0.119624 9.9982E-05 0.0889439 0.110813
0.286334 0.067482 9.9964E-05 0.0792044 9.9964E-05 9.9964E-05 9.9964E-05 0.0578842 0.508695
0.629061 9.9973E-05 0.0118046 0.00374525 0.0294013 9.9973E-05 0.037345 9.9973E-05 0.288343
0.288101 9.9964E-05 0.00800783 9.9964E-05 9.9964E-05 0.0845672 0.0633484 9.9964E-05 0.555576
0.324517 0.0622543 0.101186 0.0559963 0.160805 0.0506696 9.9982E-05 0.244371 9.9982E-05
0.392992 0.00550303 0.0440945 9.9973E-05 9.9973E-05 0.0398675 0.127071 9.9973E-05 0.390172
0.374843 0.0665189 9.9964E-05 0.0514503 9.9964E-05 9.9964E-05 9.9964E-05 0.00958336 0.497204
0.55827 9.9964E-05 0.0172225 9.9964E-05 9.9964E-05 0.00951658 0.0493458 9.9964E-05 0.365245
0.414111 0.085777 0.0182124 0.0616854 9.9964E-05 9.9964E-05 9.9964E-05 9.9964E-05 0.419815
0.575766 0.00482 0.0202913 9.9973E-05 9.9973E-05 0.0209999 0.0310045 9.9973E-05 0.346818
0.539397 0.023547 9.9982E-05 0.0069538 0.0220974 9.9982E-05 0.00195726 0.0976674 0.30818
0.00836176 9.9955E-05 9.9955E-05 9.9955E-05 9.9955E-05 0.0643857 0.0589594 9.9955E-05 0.867793
0.305275 9.9973E-05 0.0215245 0.0145615 9.9973E-05 0.0771882 0.0638531 9.9973E-05 0.517298
0.344368 9.9964E-05 0.0295467 9.9964E-05 9.9964E-05 0.027057 0.0482317 9.9964E-05 0.550397
9.9946E-05 9.9946E-05 9.9946E-05 9.9946E-05 9.9946E-05 0.0929169 0.0788614 9.9946E-05 0.827622
0.397735 0.0522128 9.9964E-05 0.117356 9.9964E-05 9.9964E-05 9.9964E-05 0.0720016 0.360295
0.10351 9.9964E-05 9.9964E-05 0.00136906 9.9964E-05 0.225043 0.062468 9.9964E-05 0.60721
9.9946E-05 9.9946E-05 9.9946E-05 9.9946E-05 9.9946E-05 0.144375 0.0520435 9.9946E-05 0.802982
0.53859 9.9982E-05 0.0517942 0.0235154 9.9982E-05 0.0139533 0.0546804 0.0136357 0.303631
0.180018 0.0909271 9.9964E-05 0.119434 9.9964E-05 9.9964E-05 9.9964E-05 0.05089 0.558331
0.423386 0.011379 0.0251616 0.140455 9.9982E-05 0.00493716 9.9982E-05 0.0201672 0.374314
0.532802 0.0538765 0.030858 9.9991E-05 0.0439655 0.0785618 0.0118758 0.0829463 0.165014
0.475969 0.034017 0.008186 0.101721 9.9973E-05 9.9973E-05 9.9973E-05 0.0562167 0.32359
0.284112 0.0668885 9.9973E-05 0.361528 0.0557811 0.1094 0.12199 9.9973E-05 9.9973E-05
0.587977 0.0333024 0.00840638 9.9973E-05 9.9973E-05 0.0126982 9.9973E-05 0.0530908 0.304225
0.517325 0.0448415 9.9964E-05 0.112581 9.9964E-05 9.9964E-05 9.9964E-05 0.0477104 0.277142
0.33922 9.9964E-05 9.9964E-05 0.0239578 9.9964E-05 0.0699326 0.041454 9.9964E-05 0.525036
0.48838 0.0913867 0.00699569 0.0110313 0.0630214 9.9991E-05 0.00701847 0.099631 0.232436
0.00251423 0.268086 0.00355114 9.9982E-05 9.9982E-05 0.0730987 0.000194259 0.649429 0.00292706
0.00211457 0.138287 9.9964E-05 9.9964E-05 9.9964E-05 0.0332536 9.9964E-05 0.763346 0.0625989
9.9973E-05 0.0955703 9.9973E-05 0.00120306 9.9973E-05 0.0442183 0.00306815 0.85009 0.00554984
9.9955E-05 0.107038 9.9955E-05 0.0106911 9.9955E-05 0.0541178 9.9955E-05 0.827654 9.9955E-05
0.0398719 0.136853 9.9964E-05 0.0180513 9.9964E-05 0.0633327 9.9964E-05 0.741491 9.9964E-05
0.121898 0.0358745 9.9964E-05 0.138587 9.9964E-05 9.9964E-05 9.9964E-05 0.0608778 0.642363
