9.9955E-05 9.9955E-05 9.9955E-05 9.9955E-05 0.0314313 9.9955E-05 0.0501389 0.874135 0.0437951
9.9955E-05 9.9955E-05 9.9955E-05 9.9955E-05 0.0172738 9.9955E-05 0.03108 0.944087 0.00705926
0.0305614 9.9973E-05 0.0478305 0.0381564 0.00511254 9.9973E-05 9.9973E-05 0.87005 0.00798922
9.9955E-05 9.9955E-05 0.130541 9.9955E-05 0.0453805 0.0327961 9.9955E-05 0.790783 9.9955E-05
9.9955E-05 9.9955E-05 0.0900384 9.9955E-05 0.00332483 0.00892959 9.9955E-05 0.897207 9.9955E-05
0.0510016 9.9982E-05 0.0764669 0.132667 0.0159043 0.0593269 9.9982E-05 0.616526 0.0479074
0.00789783 9.9973E-05 0.00653288 0.136138 0.0333285 0.0493568 9.9973E-05 0.766447 9.9973E-05
0.0204862 0.00570353 0.0163693 0.130355 0.0216894 0.097258 9.9991E-05 0.695806 0.0122322
9.99549E-05 9.99549E-05 9.99549E-05 0.07786 0.0266673 0.110508 9.99549E-05 0.784465 9.99549E-05
9.9964E-05 9.9964E-05 0.0644945 0.0947205 9.9964E-05 0.0704718 0.0214675 0.748446 9.9964E-05
9.9964E-05 9.9964E-05 0.0935814 0.133874 0.0049663 0.0435082 9.9964E-05 0.72367 9.9964E-05
9.9946E-05 9.9946E-05 9.9946E-05 9.9946E-05 9.9946E-05 9.9946E-05 0.947188 0.0171786 0.0350335
9.9973E-05 0.019406 0.412643 9.9973E-05 0.019684 9.9973E-05 0.486957 0.0168235 0.0441863
9.9946E-05 9.9946E-05 0.0389892 9.9946E-05 9.9946E-05 9.9946E-05 0.885132 9.9946E-05 0.0752796
9.9955E-05 9.9955E-05 0.0685493 9.9955E-05 9.9955E-05 9.9955E-05 0.82532 0.00452566 0.101106
9.9955E-05 9.9955E-05 0.265768 9.9955E-05 9.9955E-05 9.9955E-05 0.531368 0.0733411 0.129023
9.9973E-05 9.9973E-05 0.502799 0.029536 0.00107954 9.9973E-05 0.416899 0.00800129 0.0413855
0.0457443 9.9982E-05 0.395727 0.0226415 0.0288512 0.00137705 0.500577 9.9982E-05 0.00488153
9.9973E-05 9.9973E-05 0.074546 0.0248739 0.0280599 9.9973E-05 0.724148 0.0680385 0.0800337
9.9964E-05 9.9964E-05 9.9964E-05 0.0306877 0.00137214 0.0268051 0.934449 0.00628613 9.9964E-05
0.0353213 9.9982E-05 0.303922 0.0695645 0.0192525 0.0137154 0.539267 9.9982E-05 0.0187567
9.9973E-05 0.0408432 0.384938 0.186824 0.00216415 9.9973E-05 0.33771 9.9973E-05 0.0472203
0.0532999 0.0199049 0.496389 0.00531103 0.0184203 0.0501898 0.299546 0.016325 0.0406138
9.9955E-05 9.9955E-05 0.00285799 9.9955E-05 9.9955E-05 9.9955E-05 0.88583 0.033118 0.0776938
0.036324 0.0436168 0.574097 0.0307391 0.039965 0.00856159 0.136567 0.0590942 0.0710352
9.9964E-05 9.9964E-05 0.419317 9.9964E-05 0.0121232 9.9964E-05 0.522211 0.0123527 0.033597
9.9955E-05 9.9955E-05 0.0137097 9.9955E-05 9.9955E-05 9.9955E-05 0.925461 0.0392324 0.0210971
9.9955E-05 9.9955E-05 0.0579757 9.9955E-05 9.9955E-05 9.9955E-05 0.857499 0.0161365 0.0678892
9.9946E-05 9.9946E-05 0.00645955 0.0668663 9.9946E-05 9.9946E-05 0.926075 9.9946E-05 9.9946E-05
9.993E-05 9.993E-05 9.993E-05 9.993E-05 0.999201 9.993E-05 9.993E-05 9.993E-05 9.993E-05
9.993E-05 9.993E-05 9.993E-05 9.993E-05 0.999201 9.993E-05 9.993E-05 9.993E-05 9.993E-05
9.9973E-05 9.9973E-05 0.0396017 9.9973E-05 0.369062 0.0260817 0.0087925 0.46528 0.0908821
0.0159112 9.9964E-05 0.128334 9.9964E-05 0.305074 9.9964E-05 9.9964E-05 0.485525 0.0647565
0.203596 9.9982E-05 0.488063 0.172575 0.0116927 0.0471377 0.0210062 0.055729 9.9982E-05
0.294449 0.000271059 0.424545 0.0309067 0.0044462 0.0103136 0.129422 0.0259837 0.0796623
0.375979 0.024907 0.517217 0.0453635 9.9982E-05 0.00386054 9.9982E-05 0.00595412 0.0265187
0.0119324 0.0598897 0.0812919 9.9982E-05 0.00656639 0.206816 0.583314 0.0499905 9.9982E-05
0.570186 0.0210638 0.237628 0.13482 0.0116968 9.9973E-05 9.9973E-05 9.9973E-05 0.0243046
0.205514 0.00236761 0.444342 9.9991E-05 0.019404 0.0204827 0.172157 0.0603693 0.0752636
0.197126 0.033228 0.686604 0.0201884 9.9982E-05 0.0294574 9.9982E-05 0.0196828 0.0135138
0.0225684 9.9982E-05 0.535589 0.214717 0.0139532 0.0150783 0.0965904 0.101303 9.9982E-05
0.0845417 9.9991E-05 0.519758 0.133834 0.0440423 0.00595177 0.161751 0.027964 0.0220572
0.635946 9.9973E-05 0.0897929 9.9973E-05 0.00129301 0.0168118 0.222955 0.0329017 9.9973E-05
9.9973E-05 9.9973E-05 0.64794 0.240414 9.9973E-05 0.0203665 0.0647369 0.0221952 0.00404738
0.252564 0.0140393 0.530705 0.00353307 0.0204959 0.00938018 0.0491383 0.0389604 0.0811839
0.120978 0.00809052 0.594606 0.115309 0.0315026 9.9991E-05 0.0526026 0.0741552 0.00265586
0.573132 0.0814186 0.301973 0.0429766 9.9955E-05 9.9955E-05 9.9955E-05 9.9955E-05 9.9955E-05
0.284189 9.9982E-05 0.591394 9.9982E-05 0.00967787 0.00284599 0.0119501 0.0865083 0.0132345
0.146965 0.036582 0.493581 0.0269207 0.00703713 0.101219 0.0323066 0.123583 0.0318055
0.61352 0.0719828 9.9946E-05 0.313898 9.9946E-05 9.9946E-05 9.9946E-05 9.9946E-05 9.9946E-05
0.0279801 0.0972934 0.0463144 0.0436231 9.9973E-05 0.266123 0.518366 9.9973E-05 9.9973E-05
0.119189 0.143026 0.050367 0.211198 9.9982E-05 0.0475449 0.380929 9.9982E-05 0.0475451
9.999E-05 0.0327188 0.532869 0.0665115 0.0246759 0.0839541 0.156538 0.0377474 0.0648851
9.9991E-05 0.0616624 0.579671 0.114386 0.0303048 0.0308721 0.127627 0.0181993 0.0371779
0.0227367 0.0778836 0.562123 0.0782095 0.00107074 9.9991E-05 0.110088 0.087313 0.0604759
0.0743394 9.9982E-05 0.138467 0.0148495 0.0160601 0.221073 0.424409 0.110602 9.9982E-05
0.00635033 0.0410534 0.462682 0.00187618 0.0201278 0.128528 0.339182 9.9982E-05 9.9982E-05
0.0818143 0.012664 0.509363 0.00459591 0.0413277 0.0491521 0.206234 0.0634623 0.0313864
0.0482691 0.056472 0.332534 0.0186668 0.0176101 0.0422437 0.362829 0.106936 0.0144388
0.0393684 0.017305 0.0364542 0.0971016 9.9991E-05 0.103949 0.548467 0.155503 0.00175137
0.00401466 0.083659 0.519571 0.034529 0.0245994 0.0319041 0.222283 0.0590504 0.020389
0.011538 0.105936 0.478381 0.0124205 0.0243674 0.0581034 0.250267 0.0588861 9.9991E-05
0.0231699 9.9964E-05 9.9964E-05 0.12151 0.04364 0.131661 0.67962 9.9964E-05 9.9964E-05
0.0131732 0.100211 0.305756 9.9991E-05 0.00289903 0.110318 0.433174 0.00408004 0.0302882
0.070657 0.132268 0.538744 0.0392193 0.0150721 0.00768591 0.134572 0.0225443 0.0392377
9.9982E-05 0.0393254 0.575829 0.0772784 0.0270176 0.00501097 0.19809 0.0772487 9.9982E-05
0.0688078 0.0213259 0.156759 0.0248152 0.0587072 0.0386734 0.553001 0.0432964 0.0346141
0.0754593 0.0850052 0.406823 0.00642138 0.0378456 0.0643168 0.261651 9.9991E-05 0.0623779
0.0171713 0.0712152 0.49122 9.9991E-05 0.0234023 0.118401 0.209163 0.0099183 0.0594084
0.0441851 0.0540837 0.100351 0.0464756 0.0373218 0.108104 0.609279 9.9982E-05 9.9982E-05
0.441408 9.9973E-05 0.484745 9.9973E-05 0.000837515 0.0275651 0.0356474 0.00949641 9.9973E-05
0.684991 9.9964E-05 0.182053 9.9964E-05 0.0252128 9.9964E-05 0.105822 0.00152199 9.9964E-05
0.180956 0.0269883 0.520052 0.0485607 0.0283184 0.027922 0.0514577 0.0825694 0.0331752
0.853309 0.0666933 9.9955E-05 0.0785156 9.9955E-05 9.9955E-05 9.9955E-05 9.9955E-05 0.000981787
0.809525 0.0830529 9.9946E-05 0.106823 9.9946E-05 9.9946E-05 9.9946E-05 9.9946E-05 9.9946E-05
0.674121 0.0507036 0.236215 0.03846 9.9955E-05 9.9955E-05 9.9955E-05 9.9955E-05 9.9955E-05
0.411234 9.9964E-05 0.433753 9.9964E-05 0.036359 0.0338077 0.0844461 9.9964E-05 9.9964E-05
0.109314 0.0724207 0.519792 0.0317563 0.0301459 0.0333667 0.0784073 0.101462 0.0233348
0.449112 0.0636829 0.425711 0.00437395 9.9973E-05 9.9973E-05 0.024627 9.9973E-05 0.0321933
0.616517 9.9964E-05 0.118923 9.9964E-05 9.9964E-05 0.0515233 0.160573 0.0520631 9.9964E-05
0.49969 9.9973E-05 0.236206 9.9973E-05 0.00636968 0.0895217 0.147016 0.0208971 9.9973E-05
0.25643 9.9991E-05 0.507784 0.044336 0.0177625 0.0253283 0.037489 0.0476802 0.0630896
0.530263 9.9973E-05 0.299635 9.9973E-05 0.017663 0.00237181 0.134881 0.0148858 9.9973E-05
0.414962 9.9973E-05 0.421708 9.9973E-05 0.0280959 0.0270536 0.103979 0.0039016 9.9973E-05
0.491138 0.0525008 0.397801 0.0514487 0.00671139 9.9964E-05 9.9964E-05 9.9964E-05 9.9964E-05
0.658743 0.10413 9.9946E-05 0.236527 9.9946E-05 9.9946E-05 9.9946E-05 9.9946E-05 9.9946E-05
0.258152 0.0305952 0.585339 0.0286181 0.0109837 9.9982E-05 9.9982E-05 0.0415487 0.0445625
9.9955E-05 9.9955E-05 0.0905967 9.9955E-05 0.0565794 0.0688752 9.9955E-05 0.783449 9.9955E-05
9.9946E-05 9.9946E-05 0.0725624 9.9946E-05 0.0490225 9.9946E-05 9.9946E-05 0.877815 9.9946E-05
0.00306936 9.9964E-05 0.111918 9.9964E-05 0.0343457 9.9964E-05 9.9964E-05 0.818742 0.0315245
9.9955E-05 9.9955E-05 0.0270552 9.9955E-05 0.0315523 9.9955E-05 9.9955E-05 0.896949 0.0439435
9.9955E-05 0.0207068 9.9955E-05 9.9955E-05 0.0565815 9.9955E-05 9.9955E-05 0.893466 0.0287461
9.9973E-05 0.000742537 0.0769319 0.00776538 0.0180473 9.9973E-05 9.9973E-05 0.852759 0.0434537
9.9946E-05 9.9946E-05 0.065658 9.9946E-05 0.0206687 9.9946E-05 9.9946E-05 0.913074 9.9946E-05
0.181508 9.9982E-05 0.538463 9.9982E-05 0.0195953 0.0711458 0.0951147 0.060736 0.0332372
0.144526 0.026664 0.487345 0.0385215 0.0384492 0.0702921 0.0628638 0.0681139 0.0632239
0.711061 0.00109414 9.9964E-05 9.9964E-05 9.9964E-05 0.0657805 0.167145 0.0545193 9.9964E-05
0.178626 0.0371111 0.527683 9.9991E-05 0.0241425 0.0128646 0.139586 0.0625518 0.0173358
0.506755 9.9973E-05 0.331181 9.9973E-05 0.00743257 0.033432 0.0682233 0.052677 9.9973E-05
0.355385 9.9982E-05 0.516674 0.0165134 0.0379011 0.0118808 0.0289469 0.0324989 9.9982E-05
0.242821 0.0483111 0.576168 0.0836454 0.0135627 0.0287 9.9982E-05 0.00659192 9.9982E-05
0.348401 0.0660949 0.469009 9.9982E-05 0.0141185 9.9982E-05 0.072008 0.00455309 0.025615
0.67146 9.9955E-05 9.9955E-05 9.9955E-05 9.9955E-05 0.10805 0.192656 0.0273337 9.9955E-05
0.147676 0.0222479 0.508505 0.000956258 0.0147931 0.0839464 0.111123 0.0771644 0.0335881
0.131918 9.9991E-05 0.631157 0.0855453 0.000712906 0.0194698 0.0498755 0.06777 0.0134512
0.157721 0.0552579 0.55244 9.9991E-05 0.0309391 0.00563308 0.0698332 0.0920399 0.0360356
0.498784 0.0601091 0.25817 0.161836 9.9964E-05 0.0207019 9.9964E-05 9.9964E-05 9.9964E-05
0.392352 0.0748869 0.488085 0.0178713 0.0129064 0.00337026 9.9982E-05 9.9982E-05 0.0103288
0.369027 9.9964E-05 0.448099 9.9964E-05 9.9964E-05 0.0700983 0.0998273 0.0125491 9.9964E-05
0.504748 0.079387 0.370354 0.0308039 9.9964E-05 9.9964E-05 9.9964E-05 9.9964E-05 0.0143073
0.391935 9.9973E-05 0.418371 9.9973E-05 0.00218096 0.0716668 0.0863658 0.029181 9.9973E-05
0.197211 9.9982E-05 0.550075 9.9982E-05 0.0361728 0.0432377 0.103179 0.0589033 0.0110206
0.00922947 0.161138 0.174408 0.084489 0.0135856 0.199717 0.29585 9.9991E-05 0.0614826
9.9973E-05 9.9973E-05 0.383981 0.0662046 0.00180242 0.203031 0.285803 0.0588782 9.9973E-05
0.00153772 0.0227933 0.546308 0.0522185 0.0261828 0.0708306 0.129277 0.0985984 0.0522535
0.0562428 0.0331432 0.608371 0.0962498 0.00244101 0.0449577 0.0902723 0.0682219 9.9991E-05
0.0162482 9.9982E-05 0.428465 0.0482006 0.0178787 0.19245 0.273583 0.0229735 9.9982E-05
9.9991E-05 0.0347635 0.554789 0.0643007 0.00376033 0.141005 0.163687 0.0329027 0.00469117
9.9964E-05 0.038301 0.404416 9.9964E-05 9.9964E-05 0.201962 0.303077 0.0518448 9.9964E-05
0.037159 0.0254761 0.542327 0.153033 0.0317869 0.0841905 0.059204 0.0397161 0.0271076
0.0114808 0.0749832 0.586777 0.0188262 0.00874063 0.0932987 0.129158 0.0526077 0.0241281
9.9973E-05 9.9973E-05 0.529054 0.0593005 0.0111055 0.140943 0.206288 0.053009 9.9973E-05
0.000457459 0.0396545 0.530321 9.9982E-05 0.0249172 0.151608 0.2514 0.00144237 9.9982E-05
0.000151086 0.065178 0.606271 0.0235278 9.9991E-05 0.105596 0.131263 0.0374498 0.0304631
0.0186595 0.0940801 0.547262 0.0415689 9.9991E-05 0.0633186 0.0828878 0.137058 0.0150649
9.9973E-05 0.136925 0.565177 0.0329348 9.9973E-05 0.0978783 0.118688 9.9973E-05 0.0480974
0.00882278 0.0611515 0.515605 0.086041 0.031589 0.116545 0.114136 0.0178059 0.048304
0.00383935 0.109899 0.596262 0.043564 9.9982E-05 0.106964 0.106388 9.9982E-05 0.0328841
9.9991E-05 0.115135 0.337985 0.175416 0.00234717 0.150803 0.152563 0.0260774 0.0395725
0.0277172 0.0724945 0.64086 0.024392 0.0060257 0.1254 0.039497 0.0635136 9.9991E-05
9.9991E-05 0.124935 0.607951 0.0269732 0.011604 0.118568 0.068648 0.0178229 0.0233977
0.0573276 0.0507418 0.127575 9.9982E-05 9.9982E-05 0.196089 0.530576 0.0291008 0.00839054
0.0037924 0.23302 0.0662314 0.162501 9.9982E-05 0.090351 0.406764 9.9982E-05 0.0371409
0.0299999 0.00607567 0.464319 0.0633291 0.00620273 0.120481 0.240987 0.0452459 0.0233598
0.0731821 0.292737 0.0140539 0.183326 9.9973E-05 0.120436 0.315965 9.9973E-05 9.9973E-05
0.00083959 0.0306221 0.250972 9.9973E-05 0.0155885 0.205897 0.495781 9.9973E-05 9.9973E-05
0.0536082 0.0268103 0.375695 9.9964E-05 9.9964E-05 0.161369 0.382118 9.9964E-05 9.9964E-05
0.0875546 0.0438156 0.285322 9.9973E-05 0.0202441 0.178587 0.384176 9.9973E-05 9.9973E-05
0.00156734 0.0174043 0.259119 9.9964E-05 9.9964E-05 0.191305 0.530205 9.9964E-05 9.9964E-05
0.00535936 0.0967339 0.544703 0.000732971 9.9982E-05 0.0807725 0.18214 0.0893585 9.9982E-05
0.0426208 0.108239 0.541838 0.0197976 0.0168855 0.0908886 0.0878198 0.0733339 0.0185772
0.0274419 0.00962494 0.567137 0.0338637 0.0186544 0.10198 0.205893 0.035306 9.9991E-05
0.0118303 0.170696 0.0737462 0.154746 9.9982E-05 0.101383 0.484561 9.9982E-05 0.00283761
0.0916462 0.0641285 0.524739 0.0588215 9.9991E-05 0.0527286 0.0579094 0.136648 0.0132784
0.0374166 0.0957862 0.50142 0.194779 0.00709663 0.0282423 0.0549701 0.062839 0.0174508
0.102523 0.159928 9.9982E-05 0.614513 0.0020732 0.0539041 0.0187451 0.0481137 9.9982E-05
0.0406757 9.9982E-05 0.669405 0.139608 9.9982E-05 0.0516831 0.0213316 0.0534057 0.0236902
0.0929531 0.0877427 0.302876 0.313201 0.0323586 0.0219488 0.091913 0.0360509 0.0209568
0.0231526 0.0310915 0.466396 0.22225 0.0386932 0.0648863 0.0503705 0.0527526 0.0504079
0.0643603 0.010884 0.265422 0.48271 0.0295561 0.14452 9.9982E-05 0.00234858 9.9982E-05
0.0836439 0.0988546 0.0798266 0.540809 0.00391587 0.132703 0.0600476 9.9982E-05 9.9982E-05
0.0964825 0.0938204 0.407175 0.248376 0.00691116 0.0709865 0.0251651 0.0381065 0.0129767
0.0310613 0.0874626 0.459251 0.119019 9.9991E-05 0.0495862 0.108216 0.100108 0.0451965
0.0689853 0.00643901 0.428014 0.196665 0.00785254 0.0279749 0.138926 0.105052 0.0200911
0.130847 0.115576 0.0470886 0.361071 0.00360584 9.9982E-05 0.273207 9.9982E-05 0.0684048
0.0735372 0.0470193 0.491043 0.0917902 0.00064462 0.0673714 0.0932165 0.0496926 0.0856854
0.063583 0.131792 0.305128 0.366597 9.9973E-05 0.0305118 0.102088 9.9973E-05 9.9973E-05
0.0448648 0.130962 0.452076 0.265912 9.9973E-05 0.0321448 0.073741 9.9973E-05 9.9973E-05
0.0237298 0.014832 0.577105 0.198766 0.0257319 0.097623 9.9991E-05 0.00783021 0.054282
9.9973E-05 9.9973E-05 0.121274 0.26989 0.0211955 9.9973E-05 0.0308734 0.302691 0.253777
9.9955E-05 9.9955E-05 9.9955E-05 0.445934 0.00110428 9.9955E-05 9.9955E-05 0.413953 0.138509
9.9955E-05 9.9955E-05 9.9955E-05 0.478364 0.00208155 9.9955E-05 9.9955E-05 0.392727 0.126327
9.9964E-05 9.9964E-05 0.087557 0.302241 9.9964E-05 9.9964E-05 0.0500352 0.301904 0.257863
0.0748571 0.0665729 0.591958 0.226575 0.0133825 9.9973E-05 0.0263547 9.9973E-05 9.9973E-05
0.0955561 0.0114489 0.63562 0.148982 0.0113819 0.0323147 9.9982E-05 0.0644966 9.9982E-05
9.9955E-05 9.9955E-05 0.304989 9.9955E-05 0.00997671 0.0133704 9.9955E-05 9.9955E-05 0.671164
0.000478472 0.0272801 0.395489 9.9991E-05 0.0249254 0.00702113 0.118953 0.0050312 0.420722
0.0512864 0.0363621 0.317902 9.9991E-05 0.0081346 0.0637261 0.0647561 0.0562606 0.401472
0.0481802 0.157167 0.280769 0.439723 9.9973E-05 0.0356242 0.0382359 9.9973E-05 9.9973E-05
0.0628857 0.0510252 0.49496 0.160708 0.00595844 0.105993 0.0215065 0.0644652 0.0324987
0.0248564 0.0758762 0.234947 0.500188 9.9973E-05 0.0187501 0.145082 9.9973E-05 9.9973E-05
0.000676276 0.0720539 0.579784 0.242617 9.9982E-05 0.000817131 0.0596569 0.0441947 9.9982E-05
9.9982E-05 0.116959 0.452412 0.326656 0.00486261 9.9982E-05 0.0474436 0.0385195 0.0129469
9.9955E-05 0.0368108 0.599037 0.345172 9.9955E-05 0.0184804 9.9955E-05 9.9955E-05 9.9955E-05
0.0596298 0.0572108 0.216656 0.608506 9.9973E-05 0.0222276 0.03547 9.9973E-05 9.9973E-05
0.0878934 0.018851 0.62812 0.176787 0.0278201 9.9982E-05 9.9982E-05 0.0180562 0.0422724
0.0284962 0.0629915 0.592087 0.194512 0.00320384 0.0394229 0.016535 0.0578543 0.0048971
0.0149976 9.9955E-05 0.0139627 9.9955E-05 9.9955E-05 0.012183 9.9955E-05 9.9955E-05 0.958357
9.9946E-05 0.0472093 0.0722633 9.9946E-05 9.9946E-05 9.9946E-05 9.9946E-05 9.9946E-05 0.879928
0.0518711 0.0249812 0.26405 9.9982E-05 0.0181901 9.9982E-05 0.0546993 0.0467395 0.539269
9.9955E-05 9.9955E-05 0.32977 9.9955E-05 0.0105196 0.0428048 9.9955E-05 9.9955E-05 0.616406
0.00120129 9.9973E-05 0.164461 9.9973E-05 0.0180722 0.0242232 0.000134846 9.9973E-05 0.791608
9.993E-05 9.993E-05 9.993E-05 9.993E-05 9.993E-05 9.993E-05 9.993E-05 9.993E-05 0.999201
9.9964E-05 0.00473381 9.9964E-05 9.9964E-05 0.00297018 0.0310087 0.00292154 9.9964E-05 0.957966
0.0152845 9.9946E-05 0.131682 9.9946E-05 9.9946E-05 9.9946E-05 9.9946E-05 9.9946E-05 0.852433
9.9946E-05 9.9946E-05 9.9946E-05 9.9946E-05 0.00435048 0.0401567 9.9946E-05 9.9946E-05 0.954893
9.993E-05 9.993E-05 9.993E-05 9.993E-05 9.993E-05 9.993E-05 9.993E-05 9.993E-05 0.999201
9.993E-05 9.993E-05 9.993E-05 9.993E-05 9.993E-05 9.993E-05 9.993E-05 9.993E-05 0.999201
9.9955E-05 9.9955E-05 0.187435 9.9955E-05 0.015826 9.9955E-05 0.0267664 9.9955E-05 0.769473
0.0297651 9.9982E-05 0.0863666 9.9982E-05 0.00116718 0.0104217 0.0482955 0.0302026 0.793581
9.993E-05 9.993E-05 9.993E-05 9.993E-05 9.993E-05 9.993E-05 9.993E-05 9.993E-05 0.999201
9.9991E-05 0.0221857 0.368708 0.0445835 0.0338366 0.0445854 0.0946424 0.0117937 0.379564
0.0281848 9.9982E-05 0.280178 9.9982E-05 0.0124125 0.00359997 0.0241185 0.0444136 0.606893
9.9955E-05 9.9955E-05 0.12963 9.9955E-05 9.9955E-05 0.0188521 9.9955E-05 0.0528607 0.798158
9.9955E-05 9.9955E-05 0.0996345 9.9955E-05 0.010956 0.000419887 9.9955E-05 9.9955E-05 0.88849
9.993E-05 9.993E-05 9.993E-05 9.993E-05 9.993E-05 9.993E-05 9.993E-05 9.993E-05 0.999201
9.9955E-05 9.9955E-05 0.038575 9.9955E-05 9.9955E-05 9.9955E-05 0.0139145 0.0165892 0.930422
9.9937E-05 9.9937E-05 9.9937E-05 9.9937E-05 0.0122608 9.9937E-05 9.9937E-05 9.9937E-05 0.98704
0.0130283 0.0116351 0.246356 9.9991E-05 0.0253499 0.0282193 0.0213206 0.0205376 0.633453
0.0162476 9.9946E-05 9.9946E-05 9.9946E-05 0.0183667 9.9946E-05 9.9946E-05 9.9946E-05 0.964786
9.9964E-05 0.070741 0.0145016 0.633659 9.9964E-05 9.9964E-05 9.9964E-05 0.243726 0.0369732
9.9982E-05 9.9982E-05 0.345727 0.284806 0.0118918 0.0737863 0.0172181 0.165309 0.101061
9.9982E-05 0.0165485 0.438394 0.318963 0.0211052 0.0541499 9.9982E-05 0.0991794 0.0514602
9.9964E-05 9.9964E-05 0.218269 0.529497 9.9964E-05 0.0466346 9.9964E-05 0.113101 0.0920981
0.103041 0.0294906 0.423438 0.135994 0.024426 0.00194269 0.0581668 0.1341 0.0894021
9.9991E-05 0.0287337 0.131177 0.520153 0.0324793 0.00570377 0.0160163 0.180188 0.085449
9.9991E-05 0.0536692 0.423209 0.153318 0.0124606 0.0276604 0.10104 0.153773 0.0747711
9.9964E-05 9.9964E-05 0.372835 0.400927 0.00279452 9.9964E-05 9.9964E-05 0.152332 0.0707117
9.9982E-05 0.0117059 0.44163 0.251962 0.0488198 9.9982E-05 0.0188815 0.0894109 0.13739
9.9964E-05 9.9964E-05 0.378116 0.348692 0.0180709 9.9964E-05 9.9964E-05 0.154063 0.100658
0.0874226 0.00670693 0.405884 0.203582 0.0141914 0.0209973 0.00674313 0.12759 0.126882
9.9955E-05 9.9955E-05 0.0703824 0.0270071 9.9955E-05 0.0170688 9.9955E-05 0.885042 9.9955E-05
0.0114348 0.0382034 9.9973E-05 0.000116385 0.0227563 9.9973E-05 9.9973E-05 0.858385 0.0688044
9.9964E-05 0.00413207 0.0318579 9.9964E-05 0.0334656 0.0364125 9.9964E-05 0.893732 9.9964E-05
0.0188987 9.9955E-05 9.9955E-05 0.028469 0.00383668 9.9955E-05 9.9955E-05 0.948296 9.9955E-05
9.9955E-05 9.9955E-05 0.0573768 9.9955E-05 0.0548809 9.9955E-05 0.0446503 0.842592 9.9955E-05
9.9964E-05 0.00353682 9.9964E-05 9.9964E-05 0.0402572 9.9964E-05 0.00887106 0.923777 0.0231582
9.9964E-05 9.9964E-05 0.0583614 9.9964E-05 0.0494367 0.000555994 0.0170257 0.87422 9.9964E-05
9.9973E-05 0.0116213 0.006698 0.0177395 0.0546112 0.0384507 9.9973E-05 0.870579 9.9973E-05
0.044208 9.9991E-05 0.0362085 0.0259956 0.00483333 0.0133749 0.00538528 0.868263 0.00163132
9.99671E-05 9.99671E-05 9.99671E-05 0.0472418 0.0158299 0.0344915 9.99671E-05 0.875375 0.0266622
0.0761881 9.9964E-05 9.9964E-05 0.0666649 9.9964E-05 0.230729 0.0392764 0.586742 9.9964E-05
0.00604808 9.9973E-05 9.9973E-05 0.0413951 0.0118525 0.295433 0.0597236 0.585248 9.9973E-05
0.0290369 9.9973E-05 9.9973E-05 0.0901287 0.00695277 0.211599 0.151373 0.510609 9.9973E-05
0.0184915 9.9964E-05 9.9964E-05 0.0654411 9.9964E-05 0.269674 0.183445 0.462548 9.9964E-05
0.213736 9.9982E-05 0.44903 0.0277227 0.0264222 0.0430372 0.194507 0.0453446 9.9982E-05
0.321881 0.0324559 0.458564 9.9982E-05 9.9982E-05 0.0333482 0.0865681 0.0411554 0.0258279
0.199296 0.0323909 0.514791 9.9973E-05 0.016267 0.0901357 0.14682 9.9973E-05 9.9973E-05
0.291874 9.9964E-05 0.350578 9.9964E-05 0.0370088 0.125455 0.194685 9.9964E-05 9.9964E-05
0.0262336 0.0730679 0.0957701 9.9973E-05 9.9973E-05 0.263999 0.532507 9.9973E-05 0.00812282
0.221348 0.0649709 0.6334 9.9973E-05 9.9973E-05 9.9973E-05 0.0118931 0.0588416 0.00924594
0.274699 0.0228357 0.595147 9.9964E-05 9.9964E-05 0.0731924 0.0337255 9.9964E-05 9.9964E-05
0.259247 0.0896781 0.526814 0.0558835 0.0221231 0.0227206 0.0172792 9.9991E-05 0.00615452
0.543187 0.0782807 0.357209 0.00353594 9.9964E-05 9.9964E-05 9.9964E-05 9.9964E-05 0.0173878
0.156195 0.0911415 0.621608 0.0160697 0.00771797 0.0682531 9.9982E-05 0.0388148 9.9982E-05
0.489846 9.9964E-05 0.411826 9.9964E-05 0.0236573 0.018696 0.0555753 9.9964E-05 9.9964E-05
0.783657 0.12028 9.9955E-05 0.0855493 9.9955E-05 0.0100134 9.9955E-05 9.9955E-05 9.9955E-05
0.0687397 0.107977 0.535266 9.9982E-05 0.0287217 0.0187955 0.161211 0.0790889 9.9982E-05
0.642403 0.0728807 0.15787 0.126347 9.9955E-05 9.9955E-05 9.9955E-05 9.9955E-05 9.9955E-05
0.372773 0.0578443 0.520825 0.00170739 0.0136393 0.0116542 9.9982E-05 0.0213574 9.9982E-05
0.643569 9.9964E-05 0.0750059 9.9964E-05 9.9964E-05 0.0532655 0.197699 0.0300601 9.9964E-05
9.9955E-05 9.9955E-05 0.024803 0.0558707 9.9955E-05 0.83736 9.9955E-05 0.0814666 9.9955E-05
9.9964E-05 0.00170353 0.0871425 0.0321689 9.9964E-05 0.839737 9.9964E-05 0.0388484 9.9964E-05
9.9964E-05 9.9964E-05 0.0436055 0.0688751 0.00998333 0.836086 9.9964E-05 0.0410499 9.9964E-05
0.0435099 9.9955E-05 9.9955E-05 0.0554639 9.9955E-05 0.811548 9.9955E-05 0.0889788 9.9955E-05
9.9946E-05 9.9946E-05 0.134305 0.0258777 9.9946E-05 0.839218 9.9946E-05 9.9946E-05 9.9946E-05
9.9955E-05 9.9955E-05 0.0958975 0.0446846 9.9955E-05 0.824593 9.9955E-05 9.9955E-05 0.0343247
0.0225545 9.9973E-05 0.0315234 9.9973E-05 0.0153332 0.0249676 9.9973E-05 0.854611 0.0507106
0.0103088 9.9973E-05 0.106637 9.9973E-05 0.00794472 0.0319451 9.9973E-05 0.817581 0.0252834
9.9982E-05 0.00701776 0.140247 0.0156731 0.0258386 0.0247014 9.9982E-05 0.744574 0.0417485
0.0745585 9.9973E-05 0.00717666 9.9973E-05 0.000443176 9.9973E-05 0.00694246 0.842712 0.0678671
9.99759E-05 9.99759E-05 0.154646 0.0016678 0.0111923 0.032385 9.99759E-05 0.781635 0.0181742
0.00191853 9.9964E-05 9.9964E-05 0.0985558 0.0152432 0.527497 9.9964E-05 0.356386 9.9964E-05
9.9964E-05 0.0540285 9.9964E-05 9.9964E-05 0.0386735 0.510087 9.9964E-05 0.379468 0.0173438
9.9964E-05 0.0425667 0.0515341 9.9964E-05 0.0418255 0.486908 9.9964E-05 0.376766 9.9964E-05
9.993E-05 9.993E-05 9.993E-05 9.993E-05 0.999201 9.993E-05 9.993E-05 9.993E-05 9.993E-05
0.0222195 0.0560277 9.9982E-05 0.0162629 0.0372163 0.48053 0.0345917 0.352952 9.9982E-05
9.9973E-05 0.00242041 0.299871 0.14301 0.00685465 9.9973E-05 9.9973E-05 0.258886 0.288658
0.00133618 9.9991E-05 0.58144 0.0309645 0.0232833 0.0239281 0.0335405 0.12825 0.177158
9.9955E-05 9.9955E-05 0.555194 9.9955E-05 9.9955E-05 9.9955E-05 0.00787403 0.183903 0.252529
9.9964E-05 0.0408509 0.347532 0.0984781 9.9964E-05 9.9964E-05 9.9964E-05 0.277209 0.23553
0.0500765 9.9991E-05 0.524829 0.0504884 0.0499971 0.00619133 0.0910856 0.157743 0.0694888
9.9955E-05 9.9955E-05 9.9955E-05 0.287 0.0236694 9.9955E-05 9.9955E-05 0.392236 0.296595
0.0103944 0.0437905 0.425237 0.024474 9.9973E-05 0.205994 0.28981 9.9973E-05 9.9973E-05
0.0544744 0.220647 0.403766 0.0675236 0.00265476 0.0577267 0.193007 9.9982E-05 9.9982E-05
0.00832886 9.99763E-05 0.171987 0.0266516 0.00691549 0.181054 0.604763 9.99763E-05 9.99763E-05
0.0352742 0.17801 0.507139 0.0657182 9.9973E-05 0.0883452 0.125214 9.9973E-05 9.9973E-05
0.0323326 0.340392 9.9964E-05 0.295227 9.9964E-05 0.142339 0.18931 9.9964E-05 9.9964E-05
0.0618528 0.0243227 0.503928 0.0375079 0.0503478 0.0629516 0.141867 0.0429586 0.0742635
0.0238209 0.125579 0.509844 0.0785135 9.9991E-05 0.0661665 0.139952 0.0150867 0.0409378
0.0271311 9.9973E-05 0.283099 0.0437734 0.0161319 0.184836 0.444728 9.9973E-05 9.9973E-05
0.0589385 0.024317 0.548603 0.0615834 0.00754346 0.0816257 0.144031 0.0521469 0.0212111
0.0888947 0.165756 0.018788 0.238666 9.9973E-05 0.0039202 0.483675 9.9973E-05 9.9973E-05
0.0619919 0.0560031 0.543744 0.0782755 9.9991E-05 0.0605334 0.166901 0.0301541 0.00229766
0.0165051 0.0754147 0.451267 9.9964E-05 9.9964E-05 0.153323 0.30309 9.9964E-05 9.9964E-05
0.030447 0.103052 0.393959 0.0927762 9.9991E-05 0.0191709 0.134794 0.115642 0.110059
0.0947664 0.133004 0.261564 0.115933 9.9982E-05 0.0630899 0.304672 9.9982E-05 0.0267697
0.0809078 0.101163 0.374653 0.147481 9.9982E-05 0.0698844 0.206601 9.9982E-05 0.0191095
0.0337822 0.158144 0.52466 9.9973E-05 9.9973E-05 0.136616 0.120956 9.9973E-05 0.0255424
0.055317 0.108833 0.542471 0.0526673 9.9973E-05 0.0911893 0.149222 9.9973E-05 9.9973E-05
0.0289691 0.0852473 0.5934 0.0532727 0.0240039 0.0562267 0.0968016 9.9991E-05 0.0619791
0.0842899 0.0791008 0.552666 0.0210106 0.0178383 0.100602 0.032299 0.05701 0.0551832
0.0692346 0.0271557 0.52244 0.015773 0.00606706 0.034767 0.245889 0.0785737 9.9991E-05
9.9955E-05 9.9955E-05 0.111889 9.9955E-05 0.00878449 9.9955E-05 9.9955E-05 0.83892 0.0399073
9.9946E-05 9.9946E-05 0.119227 9.9946E-05 0.0043411 9.9946E-05 9.9946E-05 0.875832 9.9946E-05
9.9964E-05 9.9964E-05 0.0457857 0.0300055 0.0465677 0.0399706 9.9964E-05 0.837271 9.9964E-05
0.00914209 9.9973E-05 0.0138868 9.9973E-05 0.0152563 9.9973E-05 0.0362428 0.875716 0.0494565
9.9946E-05 9.9946E-05 0.101357 9.9946E-05 0.0324336 9.9946E-05 9.9946E-05 0.86561 9.9946E-05
0.0296401 0.0232392 0.0167655 0.0534005 0.00386712 0.15701 0.661457 0.043113 0.0115075
0.00434114 0.133511 0.464149 0.0218788 0.0133114 0.0141083 0.27121 0.0500881 0.0274027
0.0154339 0.0251741 0.43199 0.122676 0.000481883 0.0160066 9.9991E-05 0.184835 0.203303
0.0574619 0.0236925 0.549485 9.9982E-05 0.0269491 0.0833467 0.204471 9.9982E-05 0.0543934
0.069964 9.9973E-05 0.44461 9.9973E-05 0.0230024 0.110608 0.326415 9.9973E-05 0.0251002
9.9964E-05 0.190512 0.229824 0.184656 9.9964E-05 0.0854586 0.309149 9.9964E-05 9.9964E-05
9.9964E-05 9.9964E-05 9.9964E-05 0.0416151 0.0192629 0.280927 0.624277 0.0335189 9.9964E-05
0.0320098 0.0108649 0.423902 9.9982E-05 0.000783311 0.160789 0.320819 0.0506323 9.9982E-05
9.9982E-05 0.0312225 0.160408 9.9982E-05 0.00915866 0.278275 0.450768 0.0354881 0.0344796
0.0901666 0.0454396 0.468634 0.147259 0.0108103 0.069971 0.139459 0.0132821 0.0149792
9.9964E-05 0.055242 0.0426558 9.9964E-05 9.9964E-05 0.233274 0.579976 0.0884522 9.9964E-05
0.0141905 0.0340336 0.511829 9.9991E-05 0.00619408 0.117064 0.20204 0.0395412 0.0750082
0.0446862 9.9982E-05 0.0495317 0.0469523 0.0292925 0.177204 0.626559 0.0255743 9.9982E-05
0.0512483 0.145201 0.165465 0.0902016 0.00790575 0.0550667 0.390574 9.9991E-05 0.0942383
0.00321103 0.0649557 0.532843 0.188556 0.0274732 0.0756904 0.0669022 0.0140552 0.0263136
0.0846503 0.05868 0.273726 0.432401 9.9973E-05 0.0581582 0.0920845 9.9973E-05 9.9973E-05
0.00344473 0.094927 0.548637 0.2834 0.00772792 0.00384976 0.020016 0.0378976 9.9991E-05
9.9982E-05 0.0275739 0.579439 0.197085 0.0285814 0.05102 0.0694603 0.0466409 9.9982E-05
0.0783924 0.0142638 0.269366 0.573294 9.9973E-05 0.0527203 0.0116634 9.9973E-05 9.9973E-05
0.0622789 0.100794 0.540697 0.147471 0.0222394 0.0733851 0.00336438 0.0372091 0.0125607
0.0270285 0.0881098 0.516286 0.273401 0.0102987 0.0845757 9.9973E-05 9.9973E-05 9.9973E-05
0.143978 0.131964 0.143608 0.544789 9.9964E-05 0.0352616 9.9964E-05 9.9964E-05 9.9964E-05
0.0564758 0.0468935 0.213317 0.635939 9.9964E-05 0.0469755 9.9964E-05 9.9964E-05 9.9964E-05
0.0201532 0.036497 0.483874 0.365097 9.9973E-05 0.0655188 0.0285595 9.9973E-05 9.9973E-05
0.222139 0.0484825 0.0562151 0.564184 9.9964E-05 0.108579 9.9964E-05 9.9964E-05 9.9964E-05
0.100652 9.9964E-05 0.432825 0.342547 9.9964E-05 0.0757656 0.0478108 9.9964E-05 9.9964E-05
0.0180234 0.0417005 0.0297369 9.9973E-05 0.00378499 0.219037 0.687417 9.9973E-05 9.9973E-05
0.00897012 0.267307 0.0817622 0.0124998 9.9982E-05 0.103773 0.436244 9.9982E-05 0.0892442
9.9973E-05 0.040773 0.32851 9.9973E-05 0.0282354 0.170022 0.380539 9.9973E-05 0.0516211
0.0840899 0.0244868 0.524846 0.0169162 9.9991E-05 0.0960785 0.159606 0.0515761 0.0423006
0.0879348 9.9964E-05 0.145608 9.9964E-05 9.9964E-05 0.203978 0.55372 9.9964E-05 0.00835865
0.0321981 0.0566065 0.472418 0.064853 9.9991E-05 0.124177 0.149368 0.0341766 0.0661022
0.0299705 0.0464423 0.546022 9.9991E-05 0.00315246 0.124116 0.182073 0.0387755 0.0293483
0.0334195 0.0826582 0.438407 0.060524 0.00720049 0.106991 0.209545 9.9991E-05 0.0611545
0.00682511 0.070256 0.424772 9.9982E-05 9.9982E-05 0.116525 0.294094 0.01573 0.0715983
0.0129557 0.00358541 0.384609 9.9982E-05 0.0190699 0.193832 0.337773 9.9982E-05 0.0479754
0.032555 0.043751 0.235797 9.9982E-05 0.015382 0.181623 0.485253 9.9982E-05 0.00543939
0.028595 0.0283429 0.382818 9.9973E-05 9.9973E-05 0.203686 0.312392 9.9973E-05 0.0438657
0.0351231 0.062544 0.590726 0.0492061 9.9973E-05 0.117856 0.144245 9.9973E-05 9.9973E-05
0.000961031 0.082616 0.560709 0.0530257 9.9991E-05 0.0884998 0.143782 0.0167559 0.0535502
0.0881559 0.0787843 0.260257 0.0957847 9.9991E-05 0.120262 0.223079 0.0413448 0.0922325
0.0753801 0.0941268 0.428997 0.0357683 9.9982E-05 0.105986 0.179292 9.9982E-05 0.0802497
0.0110905 0.0515937 0.27244 9.9991E-05 0.0126927 0.202515 0.393751 0.00686535 0.0489522
0.0175774 0.0538726 0.462937 9.9973E-05 9.9973E-05 0.0817276 0.317637 9.9973E-05 0.0659491
0.05604 0.0434928 0.374048 9.9982E-05 9.9982E-05 0.105744 0.329043 0.00982742 0.0816045
9.9982E-05 0.0512901 0.530588 0.0328392 9.9982E-05 0.0975071 0.149983 0.104859 0.0327336
9.9973E-05 9.9973E-05 0.413403 0.074609 0.0123341 9.9973E-05 0.077968 0.316118 0.105268
9.9982E-05 0.0044434 0.501797 0.108021 9.9982E-05 0.00947415 0.118521 0.110629 0.146914
0.03495 0.0777228 0.4674 0.0699495 0.0323808 0.0224174 0.0501375 0.122872 0.12217
0.0419421 0.030437 0.527038 0.088625 0.0111698 9.9991E-05 0.0532294 0.131058 0.1164
9.9982E-05 0.00706361 0.445651 0.136686 9.9982E-05 0.00528072 0.0477836 0.18448 0.172855
9.9964E-05 0.174637 0.442843 0.107443 9.9964E-05 0.0740444 0.200633 9.9964E-05 9.9964E-05
0.0723982 0.00978544 0.521125 0.12248 0.016182 0.0112376 0.03753 0.0834581 0.125803
0.0094318 0.0378985 9.9973E-05 0.374601 9.9973E-05 9.9973E-05 0.233888 0.163427 0.180454
9.9991E-05 0.0135856 0.563149 0.105196 0.0138859 0.0446194 0.0786908 0.0796639 0.101109
0.0410531 0.0809075 0.515448 0.0894005 0.0321716 9.9991E-05 0.00602268 0.103058 0.131839
0.0477554 0.0907779 0.476826 0.0552219 0.0152005 0.00628152 0.0557744 0.0772988 0.174864
9.9982E-05 0.0920843 0.265069 0.214302 0.0421051 9.9982E-05 0.152934 0.124873 0.108432
9.9964E-05 9.9964E-05 0.554911 0.0749854 9.9964E-05 9.9964E-05 0.0679008 0.168802 0.133
9.9982E-05 0.0671935 0.509652 0.0623653 0.0276328 0.0552459 9.9982E-05 0.118003 0.159707
9.9946E-05 9.9946E-05 9.9946E-05 0.42093 9.9946E-05 9.9946E-05 9.9946E-05 0.4437 0.13477
0.0287348 0.0117516 0.474083 9.9991E-05 0.0255876 0.0436625 0.1007 0.133 0.18238
9.9982E-05 0.0117059 0.54289 0.0790052 0.0484651 9.9982E-05 0.02828 0.144761 0.144692
9.9973E-05 0.0382323 0.536247 0.10113 9.9973E-05 9.9973E-05 0.0998562 0.107862 0.116372
9.9973E-05 0.0302106 0.525294 0.0659209 0.039906 9.9973E-05 9.9973E-05 0.129307 0.209062
0.048257 9.9982E-05 0.494769 0.0902333 0.0318381 9.9982E-05 0.069129 0.157931 0.107643
0.0698046 0.461481 0.38783 9.9982E-05 0.0017558 0.0296749 0.000420727 0.0488326 9.9982E-05
0.0572966 0.309471 0.47895 9.9982E-05 0.0297372 9.9982E-05 0.0245227 0.0707802 0.0290426
0.0147875 0.918863 9.9955E-05 0.0382514 9.9955E-05 0.0275981 9.9955E-05 9.9955E-05 9.9955E-05
9.9955E-05 0.937474 9.9955E-05 0.0297786 0.00236539 9.9955E-05 0.0298821 9.9955E-05 9.9955E-05
0.00487225 0.345142 0.486249 0.003205 0.0212297 9.9991E-05 0.0374533 0.0956441 0.00610477
9.9964E-05 0.0973252 0.322188 0.122257 9.9964E-05 9.9964E-05 9.9964E-05 0.148573 0.309257
9.9955E-05 0.243327 0.324775 9.9955E-05 9.9955E-05 9.9955E-05 9.9955E-05 0.17223 0.259168
9.9964E-05 0.305701 0.14165 0.0695645 9.9964E-05 9.9964E-05 9.9964E-05 0.172548 0.310136
9.9973E-05 0.217501 0.336152 0.0572869 0.0412529 9.9973E-05 9.9973E-05 0.113282 0.234225
9.9973E-05 0.739955 0.027388 0.0888239 0.00367905 9.9973E-05 9.9973E-05 0.0998214 0.0400332
9.9973E-05 0.746232 0.0896926 0.000308929 0.0347927 9.9973E-05 9.9973E-05 0.08282 0.045854
0.0112251 0.359419 0.522396 9.9973E-05 0.000499597 9.9973E-05 0.0389728 9.9973E-05 0.0671881
9.9955E-05 0.488321 0.347589 9.9955E-05 9.9955E-05 9.9955E-05 9.9955E-05 0.0615799 0.102011
9.9964E-05 0.703845 0.184865 9.9964E-05 0.0258225 9.9964E-05 9.9964E-05 0.0458815 0.0391864
9.9982E-05 0.316823 0.506337 9.9982E-05 0.010237 0.0427389 0.0561434 0.0410519 0.0264689
9.9973E-05 0.333898 0.534481 9.9973E-05 0.00628998 0.00836329 9.9973E-05 0.048804 0.0678638
0.0184858 0.314404 0.44901 0.0255056 9.9982E-05 0.031119 9.9982E-05 0.0792137 0.0820628
0.0256241 0.651511 0.30869 9.9955E-05 9.9955E-05 9.9955E-05 0.0136752 9.9955E-05 9.9955E-05
0.0121094 0.47735 0.365285 0.0242836 9.9973E-05 9.9973E-05 0.103613 0.0170582 9.9973E-05
0.0103783 0.345839 0.496558 9.9973E-05 0.0347238 0.0524946 0.0597069 9.9973E-05 9.9973E-05
9.9991E-05 0.361558 0.452722 0.0313552 0.00305847 0.0921808 0.0086949 0.0458656 0.00446527
0.0645359 0.22842 0.412818 9.9982E-05 9.9982E-05 0.0198725 0.0988308 0.0919235 0.083399
0.0436373 0.462914 0.436159 0.0567905 9.9955E-05 9.9955E-05 9.9955E-05 9.9955E-05 9.9955E-05
0.00898577 0.812516 0.171168 9.9955E-05 9.9955E-05 0.00682992 9.9955E-05 9.9955E-05 9.9955E-05
9.9955E-05 0.384435 0.595752 9.9955E-05 0.00454721 9.9955E-05 9.9955E-05 9.9955E-05 0.0147655
0.00788228 0.738943 0.144258 9.9964E-05 9.9964E-05 0.0649946 0.0435221 9.9964E-05 9.9964E-05
9.9946E-05 0.553141 0.432491 9.9946E-05 9.9946E-05 9.9946E-05 9.9946E-05 0.0137679 9.9946E-05
0.0295998 0.29312 0.507094 9.9973E-05 9.9973E-05 0.059953 9.9973E-05 0.0911501 0.0187841
0.0320003 0.308007 0.488846 0.00131214 0.0138279 0.00248269 0.110018 0.0400319 0.00347469
9.9982E-05 0.141196 0.4341 0.0601024 0.0255057 9.9982E-05 0.039099 0.119876 0.179922
0.0751706 0.128382 0.460908 0.0605693 0.003 0.0123941 9.9991E-05 0.166264 0.0932119
9.9973E-05 0.102833 0.299412 0.146884 0.03077 9.9973E-05 9.9973E-05 0.171312 0.24849
0.00865323 0.124963 0.296857 0.135981 0.0197984 9.9991E-05 0.025564 0.151842 0.236242
0.0128092 0.0740123 0.395857 0.059517 0.0162436 0.0141085 0.087054 0.146674 0.193725
0.020218 0.208183 0.386697 0.0377901 0.0429958 0.0193182 0.015642 0.150498 0.118658
9.9964E-05 0.722631 9.9964E-05 0.00801323 0.0219688 9.9964E-05 9.9964E-05 0.173248 0.0737396
0.0321171 0.132365 0.500149 0.0421554 0.0267846 0.000543576 9.9991E-05 0.0719565 0.19383
9.9955E-05 0.399211 9.9955E-05 0.186956 9.9955E-05 9.9955E-05 9.9955E-05 0.326158 0.087176
9.9964E-05 0.347402 0.456027 9.9964E-05 0.0244622 9.9964E-05 9.9964E-05 0.0413048 0.130404
9.9937E-05 0.929054 0.0702463 9.9937E-05 9.9937E-05 9.9937E-05 9.9937E-05 9.9937E-05 9.9937E-05
0.0541924 0.944116 9.9946E-05 9.9946E-05 0.00109233 9.9946E-05 9.9946E-05 9.9946E-05 9.9946E-05
9.9937E-05 0.576364 0.422937 9.9937E-05 9.9937E-05 9.9937E-05 9.9937E-05 9.9937E-05 9.9937E-05
9.9955E-05 0.391653 0.58373 9.9955E-05 9.9955E-05 9.9955E-05 9.9955E-05 0.012821 0.0112963
9.9937E-05 0.631629 0.367672 9.9937E-05 9.9937E-05 9.9937E-05 9.9937E-05 9.9937E-05 9.9937E-05
9.9937E-05 0.4662 0.5331 9.9937E-05 9.9937E-05 9.9937E-05 9.9937E-05 9.9937E-05 9.9937E-05
0.0050298 0.489967 0.504403 9.9946E-05 9.9946E-05 9.9946E-05 9.9946E-05 9.9946E-05 9.9946E-05
9.9991E-05 0.0176083 0.0267366 0.0136183 0.040259 0.0596657 0.0113037 0.824643 0.00606576
9.9982E-05 0.0279836 0.0194112 0.0395773 0.0443004 0.0804641 9.9982E-05 0.712321 0.0757425
9.9964E-05 0.0026088 9.9964E-05 9.9964E-05 0.0225456 0.0503296 9.9964E-05 0.89792 0.0261964
9.9955E-05 9.9955E-05 0.0255128 0.0368124 0.043626 9.9955E-05 9.9955E-05 0.893549 9.9955E-05
0.316226 0.0360659 0.5112 0.0338402 0.00820686 9.9991E-05 0.0128275 0.042636 0.0388972
0.309771 9.9991E-05 0.537251 0.00806326 0.0481932 0.0332339 0.0348661 0.0210412 0.00748044
0.434641 9.9964E-05 0.499584 9.9964E-05 0.00869002 9.9964E-05 0.0366264 0.0200581 9.9964E-05
0.223261 9.9991E-05 0.545844 0.0414448 0.0254541 0.0616855 0.0626455 0.0316083 0.0079571
0.115022 9.9991E-05 0.56954 0.0817759 0.0137127 0.0385299 0.0630562 0.0981931 0.0200701
0.552695 9.9973E-05 0.248926 9.9973E-05 0.0163989 0.022746 0.123813 0.035121 9.9973E-05
0.32671 9.9955E-05 0.625718 9.9955E-05 0.0356721 9.9955E-05 9.9955E-05 0.0114007 9.9955E-05
0.565374 0.0631967 0.239679 0.0950085 0.0271892 9.9973E-05 9.9973E-05 9.9973E-05 0.00925251
9.9982E-05 9.9982E-05 0.388743 0.0177558 0.0418413 0.0307392 0.0721786 0.292571 0.155971
0.360648 0.113364 0.408306 0.0662903 9.9973E-05 9.9973E-05 0.0370353 9.9973E-05 0.0140568
0.514456 9.9964E-05 0.321714 9.9964E-05 0.0256878 0.0244914 0.113251 9.9964E-05 9.9964E-05
0.396319 0.0558032 0.500437 0.014328 9.9973E-05 0.00319708 9.9973E-05 9.9973E-05 0.0296165
0.453521 9.9982E-05 0.358265 9.9982E-05 0.00285116 0.0732202 0.0757096 0.0101505 0.0260823
0.423701 0.0210399 0.520946 9.9964E-05 9.9964E-05 9.9964E-05 9.9964E-05 0.00541117 0.0285018
0.339741 0.00338527 0.521265 9.9991E-05 0.0231009 0.0450121 0.000349386 0.0573845 0.00966168
0.863873 0.0626786 0.00397448 0.0689738 9.9955E-05 9.9955E-05 9.9955E-05 9.9955E-05 9.9955E-05
0.530746 0.0939456 0.28372 0.0565688 9.9964E-05 9.9964E-05 9.9964E-05 9.9964E-05 0.0346199
0.536434 0.0737705 0.348226 0.00743799 9.9964E-05 9.9964E-05 9.9964E-05 9.9964E-05 0.0337312
0.817912 0.0582359 9.9946E-05 0.123252 9.9946E-05 9.9946E-05 9.9946E-05 9.9946E-05 9.9946E-05
0.390992 9.9973E-05 0.419816 9.9973E-05 0.00531454 0.0280989 0.0961035 0.0593749 9.9973E-05
0.639346 0.0494956 0.067972 0.242687 9.9955E-05 9.9955E-05 9.9955E-05 9.9955E-05 9.9955E-05
0.790087 0.0347536 9.9946E-05 0.17456 9.9946E-05 9.9946E-05 9.9946E-05 9.9946E-05 9.9946E-05
0.287119 0.0745451 0.561771 9.9964E-05 9.9964E-05 9.9964E-05 9.9964E-05 0.0324838 0.0436809
0.578521 9.9973E-05 0.147193 9.9973E-05 0.000880494 0.0959692 0.138114 0.0390224 9.9973E-05
0.356203 9.9982E-05 0.48069 0.00715228 9.9982E-05 0.0428518 0.08126 0.0289709 0.00267279
0.178486 9.9991E-05 0.545687 0.056114 0.0264647 0.0544665 0.00813654 0.0935521 0.0369928
0.356491 9.9964E-05 0.496832 9.9964E-05 9.9964E-05 0.0211332 0.105017 0.0201265 9.9964E-05
0.00511926 0.158895 0.27944 0.119807 9.9973E-05 0.0217804 0.414658 9.9973E-05 9.9973E-05
0.287987 0.051577 0.547235 9.9982E-05 0.0268237 0.0439952 9.9982E-05 0.0232459 0.0189367
0.348925 9.9964E-05 0.474558 9.9964E-05 0.0189683 0.0423335 0.114815 9.9964E-05 9.9964E-05
0.549432 0.100039 0.313018 0.022482 9.9964E-05 9.9964E-05 0.0146288 9.9964E-05 9.9964E-05
0.168678 0.0552775 0.51481 0.00956018 0.000532676 0.079168 0.0711779 0.0741622 0.0266329
9.9964E-05 9.9964E-05 9.9964E-05 0.061534 0.0533925 0.273366 0.0193446 0.591963 9.9964E-05
0.0245059 9.9964E-05 9.9964E-05 0.0598998 0.0651862 0.162081 9.9964E-05 0.687928 9.9964E-05
9.9955E-05 9.9955E-05 9.9955E-05 0.0572858 0.188446 0.0958187 9.9955E-05 0.65795 9.9955E-05
9.9955E-05 9.9955E-05 9.9955E-05 0.03398 0.115691 0.12824 9.9955E-05 0.72159 9.9955E-05
9.9973E-05 9.9973E-05 0.0261071 0.0762414 0.0318788 0.157294 0.0143883 0.69379 9.9973E-05
0.636889 9.9964E-05 0.0774497 9.9964E-05 9.9964E-05 0.0412069 0.195372 0.0486835 9.9964E-05
0.681601 9.9973E-05 0.0978306 9.9973E-05 0.0118908 0.0444809 0.0973928 0.0665041 9.9973E-05
