9.9955E-05 0.0184721 0.0237389 9.9955E-05 0.061558 9.9955E-05 9.9955E-05 9.9955E-05 0.895731
9.9946E-05 9.9946E-05 0.0212113 9.9946E-05 0.00139268 9.9946E-05 9.9946E-05 9.9946E-05 0.976796
0.0496094 0.00936739 9.9973E-05 0.0754844 0.00486016 9.9973E-05 9.9973E-05 0.0262258 0.834153
9.9946E-05 9.9946E-05 9.9946E-05 0.0639202 9.9946E-05 9.9946E-05 9.9946E-05 0.14145 0.79403
9.9946E-05 0.0153789 9.9946E-05 9.9946E-05 9.9946E-05 9.9946E-05 9.9946E-05 0.0766661 0.907355
0.00430519 0.0242071 9.9973E-05 9.9973E-05 0.072219 0.262607 9.9973E-05 0.0013445 0.635017
9.9937E-05 9.9937E-05 9.9937E-05 9.9937E-05 9.9937E-05 0.237016 9.9937E-05 9.9937E-05 0.762285
9.9955E-05 0.0198703 9.9955E-05 9.9955E-05 0.029041 0.252947 9.9955E-05 9.9955E-05 0.697642
9.99729E-05 0.111999 0.0158774 0.056247 9.99729E-05 0.00693595 0.000139658 9.99729E-05 0.808501
9.9946E-05 9.9946E-05 9.9946E-05 9.9946E-05 0.0281768 0.247409 9.9946E-05 9.9946E-05 0.723815
9.9955E-05 0.000953813 9.9955E-05 9.9955E-05 9.9955E-05 0.216953 9.9955E-05 0.0469334 0.73466
9.9964E-05 9.9964E-05 0.936291 9.9964E-05 0.0353436 0.00605165 9.9964E-05 0.00268487 0.0192294
0.00521746 9.9973E-05 0.459429 9.9973E-05 0.0207211 0.000962717 9.9973E-05 0.456312 0.0570582
9.9955E-05 9.9955E-05 0.853216 0.00717326 0.0612142 9.9955E-05 9.9955E-05 0.0778966 9.9955E-05
9.9955E-05 9.9955E-05 0.749736 9.9955E-05 0.131228 9.9955E-05 9.9955E-05 0.0953772 0.0231593
9.9955E-05 9.9955E-05 0.499532 9.9955E-05 0.0646743 9.9955E-05 9.9955E-05 0.334748 0.100546
9.9964E-05 9.9964E-05 0.440392 0.0312773 0.06526 9.9964E-05 0.0201701 0.442501 9.9964E-05
0.00748864 9.9982E-05 0.547643 9.9982E-05 0.0121314 0.00625147 0.0116996 0.37645 0.038135
9.9964E-05 9.9964E-05 0.701482 0.0225416 0.0816244 9.9964E-05 9.9964E-05 0.105615 0.0883378
9.9946E-05 9.9946E-05 0.940365 9.9946E-05 9.9946E-05 0.0530045 9.9946E-05 9.9946E-05 0.00603072
0.0426221 0.0102849 0.509101 0.0267009 0.00229573 0.0148057 9.9991E-05 0.359044 0.0350457
0.0154187 9.9982E-05 0.321445 0.0941939 0.0367537 0.100832 0.0839421 0.347215 9.9982E-05
0.114133 0.0308003 0.292486 9.9982E-05 0.0177326 0.0386032 9.9982E-05 0.486387 0.0196579
9.9964E-05 9.9964E-05 0.844386 9.9964E-05 0.0637839 0.0165684 9.9964E-05 0.0340368 0.0408255
0.0174641 0.00974047 0.13555 0.0418497 0.0346494 0.0568964 0.00670826 0.637536 0.0596053
9.9964E-05 9.9964E-05 0.510617 9.9964E-05 0.0245714 0.0462559 9.9964E-05 0.406312 0.0118435
9.9964E-05 9.9964E-05 0.905268 9.9964E-05 0.0324968 0.0219724 9.9964E-05 0.00285827 0.0370046
9.9955E-05 9.9955E-05 0.831452 9.9955E-05 0.0652625 9.9955E-05 9.9955E-05 0.102488 0.000297477
9.9946E-05 9.9946E-05 0.863831 9.9946E-05 9.9946E-05 0.110884 9.9946E-05 0.0246846 9.9946E-05
9.9946E-05 9.9946E-05 9.9946E-05 9.9946E-05 0.0328197 9.9946E-05 9.9946E-05 0.0746569 0.891924
9.9955E-05 9.9955E-05 0.00473798 9.9955E-05 0.00490039 9.9955E-05 9.9955E-05 0.112111 0.877751
9.9964E-05 9.9964E-05 0.017973 9.9964E-05 0.0743631 0.016749 9.9964E-05 0.0945115 0.796004
9.9964E-05 9.9964E-05 9.9964E-05 0.0207212 0.0835514 9.9964E-05 0.0062152 0.155961 0.733151
0.182562 0.0454087 0.0261824 9.9973E-05 9.9973E-05 0.218191 9.9973E-05 0.466146 0.0612102
0.269237 0.0422956 0.120096 9.9973E-05 0.0434337 9.9973E-05 9.9973E-05 0.474466 0.0501713
0.375771 9.9955E-05 9.9955E-05 9.9955E-05 9.9955E-05 0.0160058 9.9955E-05 0.584431 0.0232915
9.9964E-05 0.170072 0.672635 9.9964E-05 9.9964E-05 9.9964E-05 0.0422272 0.077497 0.0371684
0.586251 9.9973E-05 9.9973E-05 0.0276091 0.0106179 0.062068 0.0497145 0.26344 9.9973E-05
0.134639 0.0181501 0.207063 0.00172838 0.00801616 9.9991E-05 0.021328 0.518081 0.090894
0.143749 9.9955E-05 9.9955E-05 9.9955E-05 9.9955E-05 0.147113 9.9955E-05 0.683316 0.025322
0.0160675 9.9964E-05 0.0260337 9.9964E-05 9.9964E-05 0.408928 9.9964E-05 0.457437 0.0911334
0.0872683 9.9973E-05 0.122658 9.9973E-05 0.0122526 0.129179 9.9973E-05 0.549892 0.0984499
0.592034 0.0114955 0.278333 9.9964E-05 9.9964E-05 9.9964E-05 9.9964E-05 0.10511 0.0126275
9.9973E-05 0.0322875 0.0407388 0.00512191 9.9973E-05 0.313469 9.9973E-05 0.581367 0.0267152
0.232638 0.00475444 0.0396724 9.9991E-05 0.0304885 0.051688 0.0114884 0.562852 0.066318
0.100424 9.9991E-05 0.0346511 0.0290381 0.00748309 0.098332 0.0221379 0.625351 0.0824822
0.558287 9.9955E-05 9.9955E-05 0.0221307 9.9955E-05 9.9955E-05 0.0775715 0.341511 9.9955E-05
0.243051 0.00304401 0.0449262 0.0668694 9.9973E-05 9.9973E-05 9.9973E-05 0.598407 0.043403
0.123602 0.0473702 0.0244799 0.032705 9.9982E-05 0.0440803 9.9982E-05 0.613982 0.11358
0.689515 0.0101703 9.9964E-05 0.113542 9.9964E-05 0.117685 0.0686883 9.9964E-05 9.9964E-05
0.0387389 0.233246 0.513302 9.9973E-05 9.9973E-05 0.0902109 0.0360215 0.0881804 9.9973E-05
0.0892763 9.9982E-05 0.421476 0.0961746 0.00711814 0.135815 0.164091 0.0858491 9.9982E-05
0.010508 0.00858094 0.174666 0.0177986 0.0268397 0.0495566 0.0701423 0.576165 0.0657428
0.0043338 9.9991E-05 0.153074 0.115574 0.0258241 0.062225 0.0254648 0.576565 0.0368389
0.064449 0.000241762 0.120887 0.0767488 0.0311859 9.9991E-05 0.0614528 0.58905 0.0558851
0.053372 0.218577 0.428147 0.00621134 9.9982E-05 0.0475803 9.9982E-05 0.148833 0.097079
0.0268331 0.138662 0.326416 9.9982E-05 9.9982E-05 0.00467777 0.010859 0.485762 0.00659065
0.0739046 0.0370141 0.231939 0.0282686 0.0184713 9.9991E-05 0.007162 0.533505 0.0696351
0.0439652 0.0747372 0.280188 0.0322016 0.00107316 0.0520087 0.0711926 0.348609 0.0960245
0.0228672 0.100931 0.568854 9.9982E-05 0.012098 0.0994428 9.9982E-05 0.0266043 0.169002
0.0272951 0.0801152 0.144328 0.0304864 9.9991E-05 0.061243 0.0373223 0.56543 0.0536795
0.0550221 0.0780264 0.2932 9.9982E-05 9.9982E-05 0.0106172 0.0522195 0.432954 0.0777613
0.0134811 0.137113 0.65458 9.9973E-05 9.9973E-05 0.130642 0.0171823 9.9973E-05 0.046702
0.049271 0.0819784 0.452229 9.9982E-05 9.9982E-05 0.0141011 0.015975 0.379253 0.00699227
0.0745518 0.038661 0.134886 0.0684248 9.9982E-05 9.9982E-05 0.0848784 0.581237 0.017161
0.0210756 0.0965348 0.152979 0.0252387 9.9991E-05 0.0225248 0.0125325 0.624892 0.0441222
0.0501299 0.0354077 0.519391 9.9991E-05 0.0210744 0.0578287 0.0149321 0.185936 0.115201
0.0382898 0.0325561 0.287969 0.0453026 0.015162 9.9991E-05 0.0809271 0.454235 0.0454584
0.0999451 0.0929737 0.200635 0.0467351 0.0322477 9.9991E-05 0.00993055 0.494103 0.0233296
0.0153207 0.111696 0.611707 0.0395779 9.9991E-05 0.0692545 0.0296252 0.104063 0.0186554
0.443366 0.0101615 0.0163378 9.9973E-05 0.0229076 9.9973E-05 9.9973E-05 0.490566 0.0163617
0.684507 9.9964E-05 0.0977915 9.9964E-05 0.00170656 9.9964E-05 9.9964E-05 0.18828 0.0273156
0.235945 0.0327369 0.0637609 0.0320532 0.014348 9.9982E-05 9.9982E-05 0.498928 0.122029
0.846087 9.9964E-05 9.9964E-05 0.0372987 0.0182229 0.00466945 0.0933221 9.9964E-05 9.9964E-05
0.880044 9.9946E-05 9.9946E-05 0.0221347 9.9946E-05 9.9946E-05 0.0972212 9.9946E-05 9.9946E-05
0.682397 9.9955E-05 9.9955E-05 0.00961931 9.9955E-05 9.9955E-05 0.0662731 0.241211 9.9955E-05
0.442187 0.0278801 9.9964E-05 0.0174303 9.9964E-05 9.9964E-05 9.9964E-05 0.487598 0.0245054
0.106626 0.0458534 0.0794612 0.106805 0.021878 9.9991E-05 0.0300938 0.495319 0.113864
0.452234 9.9955E-05 0.0742723 9.9955E-05 9.9955E-05 9.9955E-05 0.014084 0.45891 9.9955E-05
0.57089 0.0342522 0.204326 9.9964E-05 9.9964E-05 9.9964E-05 9.9964E-05 0.138838 0.0512945
0.544289 0.0134442 0.179945 9.9973E-05 9.9973E-05 0.0147684 9.9973E-05 0.223222 0.024031
0.276902 0.0143369 0.0592531 9.9991E-05 0.0268092 0.00527778 0.002173 0.513008 0.10214
0.498218 0.0124003 0.137655 9.9964E-05 9.9964E-05 9.9964E-05 9.9964E-05 0.310369 0.0409576
0.404436 0.00649521 0.136106 9.9964E-05 9.9964E-05 9.9964E-05 9.9964E-05 0.437418 0.0151453
0.467224 9.9964E-05 9.9964E-05 0.0547583 9.9964E-05 0.0031904 0.00894242 0.465486 9.9964E-05
0.689985 9.9955E-05 9.9955E-05 0.120708 9.9955E-05 0.00882672 0.17998 9.9955E-05 9.9955E-05
0.271389 9.9964E-05 9.9964E-05 0.0338053 9.9964E-05 0.0385198 9.9964E-05 0.640159 0.0157266
9.9955E-05 0.0399007 0.0194448 9.9955E-05 9.9955E-05 9.9955E-05 9.9955E-05 0.0849918 0.855163
9.9955E-05 9.9955E-05 9.9955E-05 0.0222391 0.00977605 9.9955E-05 9.9955E-05 0.0657298 0.901755
9.9955E-05 9.9955E-05 9.9955E-05 0.0427742 0.0291556 9.9955E-05 9.9955E-05 0.0971673 0.830403
9.9955E-05 9.9955E-05 9.9955E-05 0.0334524 0.0349008 9.9955E-05 9.9955E-05 0.0259604 0.905187
0.000795273 9.9964E-05 9.9964E-05 0.0277566 0.0363111 9.9964E-05 0.00518476 9.9964E-05 0.929552
9.9964E-05 9.9964E-05 9.9964E-05 0.00509527 0.0440291 9.9964E-05 0.0401737 0.0600247 0.850277
9.9937E-05 9.9937E-05 9.9937E-05 9.9937E-05 9.9937E-05 9.9937E-05 9.9937E-05 0.082328 0.916972
0.164503 0.0502483 0.00324115 0.0897139 0.00190594 9.9991E-05 0.0600421 0.581305 0.0489411
0.197897 0.0356508 0.0241347 0.0065584 0.0505525 0.0079096 0.0246746 0.534704 0.117918
0.66356 0.122949 0.124623 9.9964E-05 9.9964E-05 9.9964E-05 9.9964E-05 0.0363039 0.052164
0.166521 0.0091448 0.0269796 9.9991E-05 0.0203283 0.0703774 0.0644346 0.547219 0.0948951
0.450546 0.0210809 0.111012 9.9964E-05 9.9964E-05 9.9964E-05 9.9964E-05 0.369484 0.0474767
0.300671 0.0894826 0.00962431 0.0196168 9.9982E-05 0.0127957 9.9982E-05 0.534795 0.0328147
0.254948 9.9991E-05 0.0558738 0.0331407 0.0121559 0.0631152 0.0101079 0.553271 0.017287
0.388876 9.9973E-05 0.0112971 9.9973E-05 0.0537914 9.9973E-05 0.0176249 0.497273 0.0308377
0.6399 0.0956258 0.236916 9.9955E-05 9.9955E-05 9.9955E-05 9.9955E-05 9.9955E-05 0.0270581
0.17331 0.0779497 9.9982E-05 9.9982E-05 0.00818801 0.104752 0.0244993 0.52289 0.0882107
0.114261 0.0703138 0.0487214 0.0361639 0.036197 0.0415336 9.9991E-05 0.637753 0.0149562
0.154774 0.0471531 0.0504037 0.00398649 0.0214129 0.0214991 0.0156228 0.546951 0.138197
0.476585 0.0163253 9.9982E-05 0.0613789 0.00657499 0.140803 0.0642102 0.233923 9.9982E-05
0.426204 9.9955E-05 9.9955E-05 9.9955E-05 0.00408613 9.9955E-05 0.0928885 0.476322 9.9955E-05
0.382946 0.0371887 0.0920122 9.9964E-05 9.9964E-05 9.9964E-05 9.9964E-05 0.463874 0.0235794
0.510307 9.9955E-05 9.9955E-05 9.9955E-05 9.9955E-05 0.0183152 0.0765675 0.394311 9.9955E-05
0.380192 0.054267 0.0748971 9.9964E-05 9.9964E-05 9.9964E-05 9.9964E-05 0.437795 0.0524487
0.233758 0.0277636 9.9991E-05 0.0156392 0.0204381 0.0981822 0.0253232 0.511083 0.0677131
0.0224038 0.170987 0.237172 0.146518 9.9973E-05 9.9973E-05 0.14685 0.275769 9.9973E-05
0.00399304 0.192855 0.251485 0.0237388 9.9991E-05 0.0599125 0.0131888 0.388332 0.0663941
0.0153548 0.09366 0.13529 0.00910984 0.0514929 0.00718393 0.0198765 0.551742 0.116289
0.0745228 0.0484014 0.0792996 0.11233 0.0126703 0.0556737 9.9991E-05 0.597736 0.0192662
0.0390217 0.14986 0.256777 0.0238082 9.9982E-05 0.062409 9.9982E-05 0.433946 0.0339787
9.9982E-05 0.122494 0.190915 0.0455979 0.00803587 9.9982E-05 0.0308284 0.581874 0.0200553
9.9964E-05 0.205457 0.318833 9.9964E-05 9.9964E-05 9.9964E-05 0.028772 0.39876 0.0477782
0.0310169 0.0919463 0.0933717 0.0933354 9.9991E-05 0.04003 0.0414592 0.563217 0.0455232
9.9973E-05 0.106135 0.099668 0.0596756 9.9973E-05 9.9973E-05 0.0472864 0.624231 0.0627038
0.016159 0.098806 0.179538 9.9982E-05 9.9982E-05 0.0402111 0.0532688 0.549828 0.0619888
0.015179 0.144256 0.206707 0.0166478 9.9991E-05 0.0468271 0.0327895 0.519628 0.0178658
9.9982E-05 0.0839189 0.106625 0.0374267 0.0128075 9.9982E-05 0.118325 0.611058 0.0296386
0.0125022 0.0818206 0.0562424 0.109556 0.0300809 0.0243381 0.0378087 0.593229 0.0544221
0.0130877 0.106097 0.113063 0.0370031 0.0167426 0.0166333 0.0992326 0.598041 9.9991E-05
0.0539943 0.109926 0.0819557 0.0411181 0.051728 0.0391622 0.0578828 0.52644 0.0377925
0.0101521 0.101551 0.141531 9.9982E-05 0.0193268 9.9982E-05 0.130749 0.580056 0.0164345
9.9991E-05 0.180908 0.164613 0.116629 0.0728921 0.0722922 0.116686 0.27399 0.00188857
0.0113121 0.0833417 0.0838637 0.0781063 0.0139923 9.9991E-05 0.0654198 0.620822 0.0430418
9.9973E-05 0.0931763 0.0549468 0.0519006 9.9973E-05 0.025501 0.08875 0.685425 9.9973E-05
0.0559115 0.193252 0.527625 0.0160488 9.9991E-05 0.00920964 0.010694 0.159642 0.0275171
0.0676598 0.0593291 0.413048 0.126464 9.9982E-05 0.0347947 0.231103 0.0674016 9.9982E-05
0.0321933 0.0767433 0.283313 0.0213802 0.0300691 0.0144745 0.0489553 0.44964 0.043231
0.0749904 0.105563 0.375357 0.084433 9.9973E-05 0.0641616 0.295195 9.9973E-05 9.9973E-05
9.9955E-05 0.177411 0.532442 9.9955E-05 9.9955E-05 9.9955E-05 0.0268801 0.262767 9.9955E-05
0.0081761 0.149539 0.425629 9.9973E-05 9.9973E-05 0.012147 0.0350411 0.369168 9.9973E-05
0.0889134 0.177283 0.390347 0.0122623 9.9973E-05 9.9973E-05 9.9973E-05 0.309608 0.0212864
0.0341218 0.164171 0.480589 9.9973E-05 9.9973E-05 0.0706281 0.00508757 0.245103 9.9973E-05
0.0265709 0.0710533 0.175204 9.9982E-05 9.9982E-05 0.0621736 0.0262499 0.550095 0.0884539
0.0436813 0.0602447 0.11315 0.0401297 0.0248359 0.0310516 0.0460807 0.553497 0.0873287
0.0210813 0.108809 0.153745 0.0456991 0.00932476 9.9991E-05 0.0639717 0.595217 0.00205193
0.0378239 0.0895741 0.481662 0.0608741 0.00508873 0.0623158 0.17192 0.0906416 9.9991E-05
0.0547266 0.0661474 0.112675 0.00970107 9.9991E-05 0.0877428 0.0506212 0.478351 0.139935
0.0186534 0.0453628 0.0637177 0.127997 9.9991E-05 0.178105 0.0548077 0.486636 0.0246203
0.107485 0.0821325 9.9964E-05 0.265794 9.9964E-05 0.370656 0.173533 9.9964E-05 9.9964E-05
0.0214947 9.9991E-05 0.0930237 0.0650876 0.0522732 0.131362 0.00188622 0.582071 0.0527016
0.0773333 0.0446273 0.0697615 0.159209 0.0196232 0.230512 0.114884 0.265494 0.018555
0.0342073 0.0742413 0.00148 0.10124 0.0282207 0.164088 0.0784494 0.474947 0.0431271
0.0404557 0.131891 0.0231295 0.139658 9.9991E-05 0.378436 0.0861786 0.184639 0.0155129
0.0666186 0.094804 0.112119 0.177592 9.9982E-05 0.403569 0.126514 0.0185837 9.9982E-05
0.103678 0.0557558 0.0456297 0.0885851 9.9982E-05 0.246604 0.106292 0.353255 9.9982E-05
0.036147 0.052853 0.0571522 0.0412866 0.0671827 0.188048 0.0509553 0.446425 0.0599501
9.9991E-05 0.094663 0.130958 0.103306 0.0102178 0.111185 0.0349203 0.424108 0.0905418
0.143905 9.9982E-05 0.239777 0.188777 0.0437981 0.174794 0.177404 0.0313454 9.9982E-05
0.00523147 0.0624463 0.115773 0.0695181 0.0367439 0.0619643 0.0500474 0.533633 0.0646417
0.109629 0.0535486 0.107872 0.0616961 9.9982E-05 0.293906 0.130282 0.242867 9.9982E-05
0.103649 0.0537779 0.0764 0.104149 9.9982E-05 0.153475 0.120099 0.388249 9.9982E-05
9.9991E-05 0.105222 0.0339934 0.0776598 0.0134288 0.114208 0.010996 0.579397 0.0649959
9.9973E-05 9.9973E-05 0.0404588 0.172085 0.233219 0.184088 9.9973E-05 0.0913272 0.278523
9.9964E-05 0.00278943 9.9964E-05 0.520431 0.0843398 0.0795502 9.9964E-05 9.9964E-05 0.31249
9.9955E-05 9.9955E-05 9.9955E-05 0.507867 0.0826307 0.100173 9.9955E-05 9.9955E-05 0.308829
9.9982E-05 0.0209074 0.000133827 0.235288 0.213174 0.168836 9.9982E-05 0.109196 0.252266
0.0867839 0.00822905 0.0265582 9.9973E-05 9.9973E-05 0.306593 0.0270501 0.544486 9.9973E-05
0.0348799 0.05101 0.00272463 0.0707186 9.9991E-05 0.0964063 0.0867262 0.609253 0.048181
0.016125 9.9955E-05 0.0150906 9.9955E-05 0.645421 9.9955E-05 9.9955E-05 0.322864 9.9955E-05
0.00329108 9.9964E-05 0.147115 9.9964E-05 0.439907 9.9964E-05 9.9964E-05 0.372243 0.0370443
0.0649784 0.0265972 0.0650579 9.9991E-05 0.368694 0.0264722 0.00627678 0.331829 0.109994
0.0485195 9.9982E-05 0.0578176 0.0684905 0.0108418 0.418155 0.207432 0.188543 9.9982E-05
0.091531 0.108631 0.026914 0.0270584 0.0621506 0.16093 0.033995 0.400108 0.0886818
9.9964E-05 9.9964E-05 0.155175 0.0145822 9.9964E-05 0.555253 0.145113 0.129476 9.9964E-05
9.9973E-05 9.9973E-05 0.0634231 0.0290967 9.9973E-05 0.256124 0.0645677 0.544413 0.0420755
9.9973E-05 9.9973E-05 0.0846437 0.0412303 0.00445821 0.308567 0.136846 0.423954 9.9973E-05
0.00575835 0.00842712 9.9964E-05 9.9964E-05 9.9964E-05 0.389433 0.08392 0.512062 9.9964E-05
0.0381867 9.9973E-05 0.0694861 0.0597534 9.9973E-05 0.602329 0.144943 0.085002 9.9973E-05
0.0864213 9.9991E-05 0.000642487 0.0190012 0.0085588 0.212139 0.0246829 0.617508 0.0309462
9.9982E-05 0.0238929 0.0329458 0.0988585 9.9982E-05 0.171043 0.0439048 0.600884 0.0282708
0.000368687 0.0086282 9.9955E-05 9.9955E-05 0.984054 0.00644982 9.9955E-05 9.9955E-05 9.9955E-05
9.9955E-05 9.9955E-05 0.0377034 9.9955E-05 0.902991 9.9955E-05 0.0152643 0.0435419 9.9955E-05
0.00943015 9.9973E-05 0.132013 9.9973E-05 0.545282 9.9973E-05 0.0129624 0.233904 0.0661091
9.9955E-05 0.0254043 9.9955E-05 9.9955E-05 0.624928 9.9955E-05 0.0101611 0.339007 9.9955E-05
9.9955E-05 0.0081392 0.0387141 9.9955E-05 0.801778 9.9955E-05 9.9955E-05 0.150869 9.9955E-05
9.993E-05 9.993E-05 9.993E-05 9.993E-05 0.999201 9.993E-05 9.993E-05 9.993E-05 9.993E-05
9.9955E-05 0.0241073 0.00633896 9.9955E-05 0.967599 9.9955E-05 0.00145477 9.9955E-05 9.9955E-05
9.9946E-05 9.9946E-05 0.0114474 9.9946E-05 0.831508 9.9946E-05 9.9946E-05 0.156445 9.9946E-05
9.9946E-05 0.0372542 0.0404448 9.9946E-05 0.921701 9.9946E-05 9.9946E-05 9.9946E-05 9.9946E-05
9.993E-05 9.993E-05 9.993E-05 9.993E-05 0.999201 9.993E-05 9.993E-05 9.993E-05 9.993E-05
9.993E-05 9.993E-05 9.993E-05 9.993E-05 0.999201 9.993E-05 9.993E-05 9.993E-05 9.993E-05
9.9964E-05 0.0226682 9.9964E-05 9.9964E-05 0.773437 0.00621649 9.9964E-05 0.194056 0.00322214
9.9973E-05 0.0431337 0.0292806 0.0177227 0.778317 9.9973E-05 9.9973E-05 0.0955778 0.0356685
9.993E-05 9.993E-05 9.993E-05 9.993E-05 0.999201 9.993E-05 9.993E-05 9.993E-05 9.993E-05
0.0459855 0.0561526 0.0862853 0.0087503 0.396131 0.00454531 0.0229958 0.315864 0.0632902
9.9973E-05 0.00853212 0.0312669 9.9973E-05 0.634273 0.0376324 9.9973E-05 0.231389 0.0566063
9.9973E-05 0.00359265 0.0192153 9.9973E-05 0.774384 0.00944515 9.9973E-05 0.156653 0.0364103
0.0252651 9.9946E-05 9.9946E-05 9.9946E-05 0.912982 9.9946E-05 9.9946E-05 0.0611536 9.9946E-05
9.993E-05 9.993E-05 9.993E-05 9.993E-05 0.999201 9.993E-05 9.993E-05 9.993E-05 9.993E-05
9.9964E-05 9.9964E-05 0.0077502 0.00740927 0.963234 9.9964E-05 9.9964E-05 0.00982332 0.0113836
9.993E-05 9.993E-05 9.993E-05 9.993E-05 0.999201 9.993E-05 9.993E-05 9.993E-05 9.993E-05
9.9964E-05 0.0394953 0.0294621 9.9964E-05 0.611932 9.9964E-05 9.9964E-05 0.258252 0.060459
9.9955E-05 9.9955E-05 0.00481498 0.00817416 0.974733 9.9955E-05 0.0117782 9.9955E-05 9.9955E-05
9.9964E-05 9.9964E-05 9.9964E-05 0.217611 0.0170492 0.510767 0.0598857 9.9964E-05 0.194286
9.9982E-05 0.00738082 0.0295104 0.064348 0.0642826 0.320919 9.9982E-05 0.327697 0.185662
9.9973E-05 9.9973E-05 9.9973E-05 0.0731342 0.0600601 0.310989 0.051523 0.38626 0.117734
9.9982E-05 0.0304631 9.9982E-05 0.148503 0.124515 0.50172 0.0100257 0.102116 0.0824569
0.0554145 9.9991E-05 0.0566137 0.0696953 0.0764784 0.186383 0.0268825 0.446114 0.0823188
9.9973E-05 9.9973E-05 9.9973E-05 0.165139 0.122572 0.510881 0.0179238 0.0317943 0.15139
0.00868255 0.0263588 0.0322067 0.0617829 0.079039 0.214492 0.0534587 0.390488 0.133491
9.9964E-05 9.9964E-05 9.9964E-05 0.0761696 0.129152 0.451866 9.9964E-05 0.223085 0.119328
9.9973E-05 9.9973E-05 9.9973E-05 0.108689 0.1355 0.235952 0.00939453 0.40787 0.102294
0.0184504 9.9982E-05 0.015703 0.0649886 0.131591 0.359757 9.9982E-05 0.265805 0.143504
0.0738079 0.0166768 0.0514987 0.094299 0.0832463 0.136636 9.9991E-05 0.410269 0.133466
0.0104343 0.0113547 9.9982E-05 0.0127172 9.9982E-05 0.0279315 0.002448 0.0481434 0.886771
0.0125077 9.9964E-05 9.9964E-05 0.00858184 0.0793597 9.9964E-05 0.0113766 9.9964E-05 0.887774
9.9955E-05 0.0370053 9.9955E-05 0.0126846 9.9955E-05 9.9955E-05 9.9955E-05 0.0144583 0.935352
9.9937E-05 9.9937E-05 9.9937E-05 0.0496607 9.9937E-05 9.9937E-05 9.9937E-05 9.9937E-05 0.94964
9.9955E-05 9.9955E-05 0.0564158 0.00161083 9.9955E-05 9.9955E-05 9.9955E-05 0.0359856 0.905488
9.9955E-05 9.9955E-05 0.0101507 0.0359784 9.9955E-05 9.9955E-05 9.9955E-05 0.00809137 0.94528
9.9964E-05 0.00716804 0.0292496 9.9964E-05 0.0076384 9.9964E-05 9.9964E-05 0.0441935 0.911351
9.9955E-05 9.9955E-05 0.0370459 0.00263821 9.9955E-05 9.9955E-05 0.0205 9.9955E-05 0.939316
0.0156088 9.9973E-05 0.0121603 0.0353626 0.0223107 0.0262786 9.9973E-05 9.9973E-05 0.887979
9.9964E-05 0.0146233 9.9964E-05 0.11009 0.0150972 9.9964E-05 9.9964E-05 0.0130399 0.84675
0.0534377 0.253713 0.0237488 0.00871406 0.0111067 0.0902368 9.9982E-05 9.9982E-05 0.558843
0.0378655 0.277952 0.0365746 0.0134287 9.9982E-05 0.0165612 0.0282996 9.9982E-05 0.589118
0.0434968 0.220865 0.112071 0.0689638 9.9982E-05 0.0345945 0.0139044 9.9982E-05 0.505905
0.0229938 0.265674 0.162281 9.9964E-05 9.9964E-05 0.118136 9.9964E-05 9.9964E-05 0.430515
0.249533 0.0529369 0.213477 9.9973E-05 9.9973E-05 0.00253332 9.9973E-05 0.422218 0.0590022
0.334846 0.0328118 0.0945192 0.00241509 0.0211151 9.9991E-05 0.0140318 0.475033 0.0251282
0.156927 0.107914 0.183653 9.9973E-05 0.00632633 9.9973E-05 9.9973E-05 0.526899 0.0179804
0.261423 0.0978958 0.238521 0.00196579 9.9991E-05 0.0081056 0.00506237 0.342121 0.0448047
0.0132157 0.233719 0.541042 9.9982E-05 0.00417729 0.0264235 0.0326358 0.148587 9.9982E-05
0.175591 0.0275456 0.105154 0.00315879 0.00410585 0.0111238 0.0243035 0.622836 0.0261808
0.249579 0.0562599 0.0972459 9.9973E-05 0.0112539 9.9973E-05 0.028243 0.557119 9.9973E-05
0.273827 9.9964E-05 0.057229 0.0482255 9.9964E-05 9.9964E-05 0.110967 0.509352 9.9964E-05
0.536976 9.9946E-05 9.9946E-05 9.9946E-05 9.9946E-05 9.9946E-05 0.0607108 0.401714 9.9946E-05
0.119148 0.045643 9.9982E-05 0.0806153 9.9982E-05 0.0371608 0.0412285 0.621704 0.0542995
0.469166 0.0257746 0.0852103 9.9964E-05 9.9964E-05 9.9964E-05 9.9964E-05 0.412764 0.00668537
0.819912 0.00106209 9.9946E-05 9.9946E-05 9.9946E-05 9.9946E-05 0.178426 9.9946E-05 9.9946E-05
0.102549 0.0592241 0.16516 0.0250539 0.0109613 9.9991E-05 0.026031 0.554204 0.0567171
0.656003 9.9964E-05 9.9964E-05 0.057434 9.9964E-05 0.045348 0.112982 0.127834 9.9964E-05
0.374493 9.9973E-05 0.00354441 9.9973E-05 0.00357538 9.9973E-05 0.0451209 0.552347 0.0206199
0.603069 0.0508638 0.198159 9.9964E-05 9.9964E-05 9.9964E-05 9.9964E-05 0.132371 0.0151365
0.00697547 0.830314 9.9964E-05 9.9964E-05 9.9964E-05 0.0560212 9.9964E-05 0.0144248 0.0918651
9.9955E-05 0.802938 9.9955E-05 9.9955E-05 9.9955E-05 0.0865244 9.9955E-05 0.0832051 0.0268325
9.9955E-05 0.834395 9.9955E-05 9.9955E-05 9.9955E-05 0.100377 9.9955E-05 0.043846 0.0208816
9.9946E-05 0.794183 9.9946E-05 9.9946E-05 9.9946E-05 0.126646 9.9946E-05 9.9946E-05 0.0785713
9.9946E-05 0.826825 9.9946E-05 9.9946E-05 9.9946E-05 0.0542271 9.9946E-05 0.118348 9.9946E-05
9.9955E-05 0.795522 9.9955E-05 9.9955E-05 0.0536125 0.100065 9.9955E-05 0.0503007 9.9955E-05
0.0506961 0.0032472 9.9973E-05 9.9973E-05 0.0602027 9.9973E-05 0.00348772 0.0106415 0.871425
0.0215454 0.0214318 0.0176729 0.00715529 9.9973E-05 9.9973E-05 9.9973E-05 0.115612 0.816283
0.0169336 0.000493683 0.012401 0.0292986 0.0372181 9.9991E-05 0.00729126 0.138554 0.75771
0.0634108 0.00492337 0.018424 9.9964E-05 0.0757287 9.9964E-05 9.9964E-05 9.9964E-05 0.837113
9.9964E-05 9.9964E-05 9.9964E-05 0.0117533 0.0384251 0.0330523 9.9964E-05 0.142397 0.773972
0.00818267 0.48682 9.9964E-05 9.9964E-05 9.9964E-05 0.120176 0.00109649 9.9964E-05 0.383325
9.9964E-05 0.506015 9.9964E-05 9.9964E-05 0.00820795 0.0569933 0.0334843 9.9964E-05 0.394899
9.9982E-05 0.484342 0.0140954 0.00313413 0.00545825 9.9982E-05 0.0481424 0.0330489 0.411579
0.00327446 0.0152151 0.0210046 9.9973E-05 9.9973E-05 9.9973E-05 0.00110763 0.10545 0.853648
0.0519163 0.506163 9.9973E-05 9.9973E-05 0.000700045 0.0141441 0.0474199 9.9973E-05 0.379356
9.9973E-05 9.9973E-05 9.9973E-05 0.207508 0.244775 0.0654995 0.00727564 0.285271 0.189371
0.0148707 0.0145593 9.9982E-05 0.120251 0.127898 0.00531729 9.9982E-05 0.589552 0.127352
9.9955E-05 9.9955E-05 9.9955E-05 0.0346734 0.190659 9.9955E-05 9.9955E-05 0.578985 0.195183
0.000395816 9.9982E-05 9.9982E-05 0.113654 0.226056 0.0989794 0.0124893 0.318162 0.230063
0.0162545 0.0288847 0.118855 9.9991E-05 0.101124 0.0842911 0.0409538 0.443704 0.165833
9.9964E-05 9.9964E-05 9.9964E-05 0.314789 0.262566 0.0668344 0.0340772 9.9964E-05 0.321333
9.9973E-05 0.20741 0.305408 9.9973E-05 9.9973E-05 0.0456619 0.0501108 0.384251 0.00685822
0.0558064 0.0476575 0.204682 0.0389105 9.9982E-05 0.0732918 0.176723 0.402729 9.9982E-05
0.0108799 0.17003 0.547909 9.9982E-05 9.9982E-05 0.0600032 0.00929859 0.190722 0.010958
9.9973E-05 0.0554257 0.206105 0.00126728 9.9973E-05 0.079856 0.178436 0.47861 9.9973E-05
0.038099 0.124363 0.278576 0.0840359 9.9973E-05 0.0638112 0.410815 9.9973E-05 9.9973E-05
0.0723178 0.0533862 0.115192 0.0444217 0.0236161 0.0119026 0.0289924 0.530159 0.120012
9.9982E-05 0.0374163 0.148237 0.0578065 0.00865797 0.0515399 0.148216 0.547926 9.9982E-05
0.0464978 0.135685 0.404192 9.9973E-05 9.9973E-05 0.110015 9.9973E-05 0.254812 0.0484993
0.0413205 0.0408248 0.235208 0.0373996 0.022778 0.0300604 0.0278144 0.525062 0.0395327
0.107621 0.00311468 0.458265 0.0440881 9.9982E-05 0.182517 0.174389 0.0298057 9.9982E-05
0.0289913 0.0379282 0.206602 0.0641264 9.9991E-05 0.0283263 0.124066 0.49159 0.0182694
0.0742321 0.123229 0.26609 9.9982E-05 9.9982E-05 0.00372937 0.0315317 0.482785 0.0182034
0.0611307 9.99927E-05 0.108158 0.160887 0.116041 0.0191779 0.0689914 0.421608 0.043906
0.0900511 0.0396352 0.322368 0.0830868 9.9982E-05 0.0451833 0.147345 0.272132 9.9982E-05
0.0247791 0.0790825 0.231912 0.0821989 9.9982E-05 0.0591602 0.13553 0.387138 9.9982E-05
0.0628927 0.129585 0.0885776 0.0220726 9.9982E-05 0.0778538 0.102879 0.515939 9.9982E-05
0.0173072 0.103424 0.197565 0.041608 9.9982E-05 0.042756 0.0877077 0.509432 9.9982E-05
0.0328539 0.106015 0.0661039 0.0610064 0.0285793 0.0199834 0.0541986 0.63116 9.9991E-05
0.0550337 0.15014 0.075108 0.0817438 0.0390138 0.0216555 0.0116293 0.540394 0.0252816
0.0890181 0.11275 0.163113 0.0416422 9.9973E-05 9.9973E-05 9.9973E-05 0.536918 0.0562581
9.9946E-05 9.9946E-05 9.9946E-05 9.9946E-05 0.0299705 9.9946E-05 9.9946E-05 0.120797 0.848632
9.9946E-05 9.9946E-05 9.9946E-05 9.9946E-05 0.00137954 9.9946E-05 9.9946E-05 0.115157 0.882864
9.9964E-05 0.041021 9.9964E-05 0.0303354 9.9964E-05 0.0123418 9.9964E-05 0.0585276 0.857374
0.00715954 9.9964E-05 0.00558524 9.9964E-05 0.0542376 9.9964E-05 9.9964E-05 0.0058675 0.92675
9.9955E-05 0.014104 9.9955E-05 9.9955E-05 9.9955E-05 0.0116628 9.9955E-05 0.0730152 0.900718
0.0593085 0.171658 0.669571 0.0478809 0.0249941 9.9982E-05 9.9982E-05 0.0175171 0.00887028
0.00078964 0.0838041 0.165732 0.0950485 0.0349433 9.9991E-05 0.137186 0.468158 0.0142389
9.9991E-05 0.0334509 0.0352681 0.085094 0.187039 0.0980297 0.00132723 0.404224 0.155466
9.9982E-05 0.0523216 0.268695 9.9982E-05 0.0167884 0.00116216 0.0133281 0.594126 0.0533792
0.0430066 0.0995216 0.412157 9.9964E-05 0.0380643 9.9964E-05 9.9964E-05 0.40685 9.9964E-05
9.9973E-05 0.103533 0.344358 0.0935526 9.9973E-05 0.0458514 0.20212 0.210285 9.9973E-05
9.9955E-05 0.258179 0.664911 0.0379975 9.9955E-05 9.9955E-05 9.9955E-05 9.9955E-05 0.0384129
0.0120251 0.16745 0.3045 0.0158291 0.0381713 0.0135015 9.9991E-05 0.404281 0.0441421
9.9973E-05 0.261451 0.479026 9.9973E-05 0.0419262 9.9973E-05 0.0253981 0.141491 0.0504076
0.0669717 0.144394 0.156303 0.0205975 0.0346554 0.0790838 0.0868271 0.411068 9.9991E-05
9.9973E-05 0.209753 0.598995 0.00648975 9.9973E-05 9.9973E-05 0.0618846 0.0591243 0.0634529
9.9982E-05 0.102563 0.235611 0.0222542 0.0415487 9.9982E-05 0.00640978 0.543129 0.0482845
0.0497141 0.108134 0.674506 0.00600728 9.9991E-05 0.0562145 0.0307478 0.0153857 0.0591912
0.0434311 0.060265 0.40349 0.0305309 0.0866451 0.066996 0.14055 0.167991 9.9991E-05
0.0363857 0.0710136 0.0680295 0.0542502 0.0252077 0.186648 0.0443512 0.478521 0.0355927
0.0744928 9.9964E-05 0.100742 9.9964E-05 9.9964E-05 0.540095 0.118803 0.165467 9.9964E-05
0.0191534 0.026354 0.0268714 0.031215 0.0163239 0.393902 0.0344435 0.451637 9.9991E-05
0.061263 0.0167186 0.0938442 0.0406643 0.0504501 0.216281 0.00399617 0.451899 0.0648829
0.0439754 0.00473277 0.0884337 0.0387625 9.9982E-05 0.579348 0.0908264 0.153721 9.9982E-05
0.0636597 0.0239962 0.0759049 0.00656284 9.9991E-05 0.12222 0.0660896 0.519973 0.121494
0.0478195 0.1029 9.9973E-05 0.0230482 9.9973E-05 0.296418 0.0663835 0.463131 9.9973E-05
0.121177 0.012903 9.9973E-05 0.0027965 9.9973E-05 0.643142 0.191786 0.0278955 9.9973E-05
0.0653954 0.051836 9.9973E-05 0.0144182 9.9973E-05 0.716417 0.0713525 0.0802815 9.9973E-05
0.0334067 0.0889466 9.9973E-05 0.00812139 9.9973E-05 0.459496 0.0139985 0.395731 9.9973E-05
0.178315 0.062231 9.9955E-05 9.9955E-05 9.9955E-05 0.628124 0.130831 9.9955E-05 9.9955E-05
0.0509029 0.0572954 0.0943737 0.000792156 9.9982E-05 0.432779 0.0237653 0.339892 9.9982E-05
9.9964E-05 0.1974 0.732345 9.9964E-05 9.9964E-05 9.9964E-05 0.000466257 0.0548053 0.0145837
9.9973E-05 0.0798094 0.419761 0.0725069 0.0488316 9.9973E-05 0.276434 0.102358 9.9973E-05
0.024659 0.16363 0.397154 9.9982E-05 0.0521482 9.9982E-05 0.0294367 0.322578 0.0101936
0.00290657 0.0828829 0.301659 0.0208954 0.0284197 9.9991E-05 0.061836 0.473592 0.0277084
0.0764813 0.185916 0.56773 9.9964E-05 0.0224947 9.9964E-05 9.9964E-05 0.146978 9.9964E-05
0.0133841 0.0746815 0.195614 0.114741 9.9982E-05 9.9982E-05 0.0583323 0.510828 0.032219
0.0214944 0.114049 0.225286 0.0311193 0.0311545 9.9991E-05 0.0182154 0.556919 0.00166281
0.0959456 0.0715896 0.184595 0.0765192 9.9973E-05 9.9973E-05 0.0586111 0.51244 9.9973E-05
0.0529505 0.0979353 0.281237 0.0188104 0.0235894 9.9982E-05 0.0585914 0.466686 9.9982E-05
9.9973E-05 0.204938 0.327279 0.00240843 0.0137664 9.9973E-05 9.9973E-05 0.44229 0.00901776
0.0275615 0.173588 0.560894 0.00613536 9.9973E-05 9.9973E-05 0.0392882 0.192233 9.9973E-05
9.9964E-05 0.185976 0.378031 9.9964E-05 0.00577109 9.9964E-05 0.0268833 0.402938 9.9964E-05
9.9964E-05 0.112322 0.147331 0.0730773 9.9964E-05 9.9964E-05 0.0975703 0.5693 9.9964E-05
0.0542792 0.0689121 0.107846 0.0886706 0.082014 0.030167 0.030343 0.537668 9.9991E-05
0.121758 0.0975852 0.212623 0.141466 0.0654032 9.9982E-05 0.0679628 0.293002 9.9982E-05
0.0734652 0.0819206 0.234539 0.0420325 0.0846797 9.9982E-05 0.0800863 0.403076 9.9982E-05
0.0237783 0.219313 0.381499 0.0319737 0.00799564 9.9982E-05 0.00614931 0.329091 9.9982E-05
0.0173165 0.0738343 0.326302 0.0500057 0.0161389 9.9973E-05 9.9973E-05 0.516103 9.9973E-05
0.0343486 0.0887265 0.291559 9.9982E-05 0.0286265 9.9982E-05 0.081284 0.440673 0.0345824
0.0565307 0.0295316 0.133999 0.036602 0.0240331 0.0221439 0.107454 0.485947 0.103759
9.9973E-05 9.9973E-05 0.106246 0.0337927 0.088064 0.0341135 9.9973E-05 0.434978 0.302506
9.9973E-05 9.9973E-05 0.0722118 0.114766 0.104633 9.9973E-05 0.0584362 0.54314 0.106513
0.045448 0.0184244 9.9991E-05 0.113103 0.0732339 0.048437 0.0641643 0.487445 0.149644
0.0183281 0.0568261 0.0212165 0.0970353 0.103454 0.0129791 0.0820694 0.524973 0.0831179
0.0337917 9.9982E-05 0.00542179 0.17935 0.144542 0.0225858 9.9982E-05 0.491494 0.122614
9.9964E-05 0.0608105 0.175376 9.9964E-05 9.9964E-05 0.0978528 0.221667 0.443894 9.9964E-05
0.0494011 0.0543153 0.00926736 0.0506125 0.121913 0.0920924 0.0278934 0.481758 0.112746
0.0271228 9.9982E-05 0.187792 0.273742 0.138614 0.130565 0.11406 9.9982E-05 0.127905
9.9991E-05 0.0712562 0.0470767 0.136742 0.101345 0.0523339 0.00488015 0.551681 0.0345849
9.9973E-05 9.9973E-05 0.118278 0.118322 0.129289 9.9973E-05 0.00282604 0.507678 0.123307
0.0833524 0.0202491 9.9982E-05 0.0624811 0.117063 9.9982E-05 0.0679022 0.556059 0.0926931
0.0102759 9.9991E-05 0.119741 0.172109 0.0628718 0.0916054 0.11566 0.289704 0.137933
9.9973E-05 9.9973E-05 0.0653783 0.0180753 0.104089 0.0619211 9.9973E-05 0.542616 0.20762
9.9982E-05 0.0200118 9.9982E-05 0.162691 0.0984357 0.00536601 0.0571394 0.581028 0.0751287
9.9964E-05 9.9964E-05 9.9964E-05 0.54885 0.0745052 0.00269812 0.049283 9.9964E-05 0.324263
9.9982E-05 0.0449975 0.11273 0.086742 0.14605 0.0156023 9.9982E-05 0.465882 0.127796
9.9982E-05 9.9982E-05 0.0203075 0.110662 0.117672 0.00567241 0.038161 0.592 0.115325
9.9991E-05 0.0217118 0.100558 0.00357876 0.0913204 0.0665816 0.0981967 0.53811 0.0798424
9.9973E-05 9.9973E-05 9.9973E-05 0.124111 0.12161 0.0101803 0.0124816 0.575472 0.155845
0.030636 9.9973E-05 0.0595465 9.9973E-05 0.0478614 0.0885078 9.9973E-05 0.52656 0.246589
0.0270461 0.0405102 9.9973E-05 9.9973E-05 9.9973E-05 0.011737 0.415145 0.449928 0.0553337
0.0592561 0.0223606 0.0685729 9.9991E-05 0.048214 0.0403123 0.242362 0.468038 0.0507843
0.00160027 0.0147575 0.0449595 9.9955E-05 9.9955E-05 9.9955E-05 0.938183 9.9955E-05 9.9955E-05
9.99459E-05 9.99459E-05 0.022908 9.99459E-05 9.99459E-05 9.99459E-05 0.957874 9.99459E-05 0.0186187
0.0029894 0.00984964 0.0326851 9.9991E-05 0.0187222 0.103083 0.315746 0.450813 0.0660115
9.9973E-05 9.9973E-05 9.9973E-05 0.0909195 0.293847 0.0660141 0.10218 0.350969 0.0957705
9.9964E-05 9.9964E-05 9.9964E-05 0.113642 0.247969 9.9964E-05 0.176358 0.337836 0.123796
9.9964E-05 9.9964E-05 9.9964E-05 0.184233 0.254102 9.9964E-05 0.238959 0.212172 0.110133
9.9964E-05 9.9964E-05 9.9964E-05 0.102756 0.213535 9.9964E-05 0.196797 0.369113 0.117399
9.9964E-05 9.9964E-05 9.9964E-05 0.129694 0.0330958 9.9964E-05 0.713167 0.0554214 0.0682221
9.9964E-05 9.9964E-05 9.9964E-05 0.10205 0.0269374 9.9964E-05 0.641027 0.15515 0.0744354
9.9964E-05 9.9964E-05 0.0202364 9.9964E-05 0.0418769 9.9964E-05 0.383169 0.532427 0.0218904
9.9955E-05 9.9955E-05 9.9955E-05 9.9955E-05 0.0930893 9.9955E-05 0.472759 0.373828 0.059824
9.9955E-05 9.9955E-05 9.9955E-05 9.9955E-05 0.0113492 9.9955E-05 0.686636 0.228488 0.0730275
9.9973E-05 9.9973E-05 0.04657 0.0406129 0.0295565 9.9973E-05 0.276317 0.536719 0.0699246
9.9973E-05 0.0262186 9.9973E-05 0.0188198 0.0423382 9.9973E-05 0.301756 0.574648 0.0359193
0.0234932 0.00205873 0.056405 9.9991E-05 0.0987337 0.0514735 0.260283 0.42394 0.0835128
0.00200183 9.9964E-05 0.0107731 9.9964E-05 9.9964E-05 9.9964E-05 0.686103 0.298804 0.0019182
9.9973E-05 0.022482 0.0607467 9.9973E-05 9.9973E-05 0.008579 0.482031 0.424115 0.00174695
0.0547476 0.0337556 0.00653411 0.048283 9.9982E-05 9.9982E-05 0.326625 0.51898 0.0108745
9.9982E-05 0.116134 0.00303852 0.0410268 9.9982E-05 0.0425106 0.346055 0.419003 0.0320334
0.000108482 9.9973E-05 0.0590662 9.9973E-05 0.0279464 9.9973E-05 0.249675 0.534879 0.128026
0.0398971 0.02278 9.9973E-05 9.9973E-05 9.9973E-05 0.00253999 0.474002 0.457732 0.00274878
9.9955E-05 0.0180051 9.9955E-05 9.9955E-05 9.9955E-05 0.00189655 0.790143 0.189455 9.9955E-05
9.9946E-05 0.0316129 9.9946E-05 9.9946E-05 9.9946E-05 9.9946E-05 0.358433 0.609355 9.9946E-05
0.00218918 0.0192741 0.0533788 9.9964E-05 9.9964E-05 9.9964E-05 0.747337 0.177421 9.9964E-05
9.9946E-05 9.9946E-05 9.9946E-05 9.9946E-05 9.9946E-05 9.9946E-05 0.55865 0.411249 0.0295013
0.0718299 0.0537372 0.00793763 0.0145723 9.9991E-05 0.0109892 0.232386 0.518413 0.0900344
9.9973E-05 0.0494822 0.0451659 9.9973E-05 9.9973E-05 0.0187142 0.306291 0.524798 0.0552494
9.9982E-05 0.0762897 9.9982E-05 0.0396136 0.127165 0.0504229 0.10886 0.448218 0.149231
0.0445831 0.0517062 0.0482386 0.0622319 0.136577 0.0253841 0.13205 0.383672 0.115557
9.9982E-05 9.9982E-05 0.0389116 0.140729 0.213547 0.0521675 0.0582006 0.346513 0.149731
9.9982E-05 9.9982E-05 0.0301791 0.104682 0.201822 0.0471561 0.118922 0.322932 0.174108
0.0283064 0.0390383 0.0700643 0.0365545 0.168487 0.0660264 0.0571612 0.404483 0.129878
0.0199277 0.00292575 0.000465679 0.105769 0.124499 0.0114449 0.158217 0.429708 0.147043
9.9955E-05 9.9955E-05 9.9955E-05 0.0708438 0.0837786 9.9955E-05 0.677468 9.9955E-05 0.16741
9.9982E-05 0.0019504 9.9982E-05 0.0283684 0.142953 0.0657878 0.141215 0.534437 0.0850882
9.9955E-05 9.9955E-05 9.9955E-05 0.254508 0.0713598 9.9955E-05 0.40252 9.9955E-05 0.271113
9.9964E-05 9.9964E-05 9.9964E-05 0.00830172 0.124371 9.9964E-05 0.322008 0.497831 0.0470882
9.9937E-05 9.9937E-05 9.9937E-05 9.9937E-05 9.9937E-05 9.9937E-05 0.918901 0.0803998 9.9937E-05
0.0622685 9.9937E-05 9.9937E-05 9.9937E-05 9.9937E-05 9.9937E-05 0.937032 9.9937E-05 9.9937E-05
9.9955E-05 0.00583047 0.0146854 9.9955E-05 9.9955E-05 9.9955E-05 0.521188 0.457796 9.9955E-05
9.9946E-05 9.9946E-05 9.9946E-05 9.9946E-05 9.9946E-05 9.9946E-05 0.40534 0.587149 0.00691164
9.9946E-05 0.0109173 9.9946E-05 9.9946E-05 9.9946E-05 9.9946E-05 0.613621 0.374862 9.9946E-05
0.0161884 9.9946E-05 9.9946E-05 9.9946E-05 9.9946E-05 9.9946E-05 0.410266 0.572946 9.9946E-05
9.9937E-05 9.9937E-05 9.9937E-05 9.9937E-05 9.9937E-05 9.9937E-05 0.467878 0.531423 9.9937E-05
0.0159995 0.056097 0.00971815 0.0131473 0.016117 0.0166711 0.0114108 9.9991E-05 0.860739
9.9973E-05 0.0893429 9.9973E-05 0.0681379 0.0560017 0.0136264 9.9973E-05 0.0411977 0.731393
9.9973E-05 0.0293758 9.9973E-05 0.00125419 0.0323732 0.00769062 0.00559211 9.9973E-05 0.923414
9.9946E-05 9.9946E-05 9.9946E-05 0.0880682 9.9946E-05 9.9946E-05 9.9946E-05 0.0291862 0.882146
0.318366 0.00421731 0.0277544 0.0502975 0.0366293 0.0434415 9.9982E-05 0.519094 9.9982E-05
0.326284 0.0335799 0.0399541 9.9973E-05 9.9973E-05 0.0110108 9.9973E-05 0.534912 0.0539592
0.430154 9.9955E-05 0.0673019 9.9955E-05 9.9955E-05 9.9955E-05 9.9955E-05 0.494214 0.00782998
0.187493 0.0669606 0.0679026 9.9982E-05 0.00283766 0.0172735 9.9982E-05 0.564079 0.0932542
0.0878656 9.9973E-05 0.127289 9.9973E-05 0.0278147 0.173594 9.9973E-05 0.501905 0.0812318
0.516994 0.0149662 0.119488 9.9964E-05 9.9964E-05 9.9964E-05 9.9964E-05 0.277083 0.0710689
0.27972 9.9955E-05 9.9955E-05 9.9955E-05 9.9955E-05 9.9955E-05 0.0335448 0.671765 0.0144701
0.592536 9.9964E-05 9.9964E-05 0.0254302 9.9964E-05 0.00442648 0.0932454 0.283962 9.9964E-05
9.9973E-05 0.0424149 0.0716631 9.9973E-05 0.151519 0.046429 9.9973E-05 0.388445 0.299229
0.395398 9.9973E-05 0.0369156 0.034541 9.9973E-05 0.00940295 0.0844549 0.438987 9.9973E-05
0.545279 0.0845841 0.0218673 9.9955E-05 9.9955E-05 9.9955E-05 9.9955E-05 0.34777 9.9955E-05
0.372659 0.00104535 9.9964E-05 9.9964E-05 9.9964E-05 0.0362119 0.0562686 0.533415 9.9964E-05
0.416116 0.0634004 0.0740401 9.9973E-05 0.0154456 9.9973E-05 9.9973E-05 0.411067 0.0196309
0.366117 9.9955E-05 9.9955E-05 0.00262903 9.9955E-05 9.9955E-05 0.0570121 0.573743 9.9955E-05
0.341478 0.0484132 9.9955E-05 9.9955E-05 9.9955E-05 9.9955E-05 9.9955E-05 0.53856 0.0710489
0.886005 9.9955E-05 9.9955E-05 9.9955E-05 0.0223207 0.012796 0.078379 9.9955E-05 9.9955E-05
0.519371 9.9973E-05 0.028375 0.0311101 9.9973E-05 0.0268859 0.0825292 0.311429 9.9973E-05
0.565203 9.9955E-05 9.9955E-05 0.0432563 9.9955E-05 9.9955E-05 0.0446216 0.34642 9.9955E-05
0.817045 9.9946E-05 9.9946E-05 0.0285504 9.9946E-05 9.9946E-05 0.153805 9.9946E-05 9.9946E-05
0.376123 0.0237624 0.0906308 9.9973E-05 9.9973E-05 0.0429916 9.9973E-05 0.397313 0.0688798
0.644364 9.9973E-05 0.0374663 0.0257932 9.9973E-05 0.175615 0.0888262 0.0276353 9.9973E-05
0.872631 9.9946E-05 9.9946E-05 0.0673087 9.9946E-05 9.9946E-05 0.0594603 9.9946E-05 9.9946E-05
0.314876 0.0146277 9.9982E-05 9.9982E-05 0.016987 0.00794038 0.0302528 0.593156 0.0219597
0.580497 0.0331024 0.192133 9.9973E-05 0.0154505 9.9973E-05 9.9973E-05 0.156554 0.0219635
0.356535 0.0346024 0.0875227 9.9973E-05 9.9973E-05 0.000547093 9.9973E-05 0.477679 0.0428139
0.192051 0.0229131 9.9991E-05 0.0230119 0.0528044 0.00293045 0.0339141 0.572657 0.0996177
0.361008 0.0160804 0.100142 9.9973E-05 0.00304415 9.9973E-05 9.9973E-05 0.470263 0.0491622
0.0213527 0.0484625 0.410209 0.0475765 0.0150068 0.0397224 0.149865 0.267705 9.9991E-05
0.315616 0.0558456 0.0120116 9.9973E-05 9.9973E-05 9.9973E-05 0.00988861 0.586425 0.0199131
0.339143 0.00225609 0.129185 9.9964E-05 9.9964E-05 9.9964E-05 9.9964E-05 0.511876 0.0171391
0.559084 9.9973E-05 0.0555403 0.0143431 9.9973E-05 0.00455 0.0445412 0.321641 9.9973E-05
0.234453 0.0315541 0.0772452 0.0264844 0.00285464 0.0117871 0.00996227 0.523183 0.0824756
9.9973E-05 0.233696 0.0275027 0.0405934 9.9973E-05 0.0599573 0.0148866 9.9973E-05 0.623064
0.0513708 0.127314 9.9973E-05 0.0638777 9.9973E-05 0.0304567 9.9973E-05 0.0063432 0.720338
0.00209239 0.103866 9.9955E-05 0.0855322 9.9955E-05 9.9955E-05 9.9955E-05 9.9955E-05 0.808009
9.9955E-05 0.121522 9.9955E-05 0.00211605 9.9955E-05 0.0528843 9.9955E-05 9.9955E-05 0.822978
9.9955E-05 0.152053 0.0159753 9.9955E-05 9.9955E-05 0.0926549 9.9955E-05 9.9955E-05 0.738817
0.617055 0.0482067 0.161343 9.9964E-05 9.9964E-05 9.9964E-05 9.9964E-05 0.113878 0.0591172
