0.102291 0.897609 9.9991E-05
0.063128 0.936772 9.9991E-05
0.101045 0.885629 0.0133264
0.143445 0.818071 0.0384841
0.112448 0.887452 9.9991E-05
0.125953 0.697485 0.176562
0.0495985 0.861024 0.089377
0.0626357 0.794073 0.143291
9.9991E-05 0.930434 0.0694657
0.0740685 0.792414 0.133517
0.102832 0.779192 0.117976
0.0867111 0.163633 0.749656
0.346433 0.0520408 0.601526
0.17575 0.111619 0.71263
0.218602 0.131296 0.650102
0.32912 0.130016 0.540865
0.382888 0.0125147 0.604597
0.281342 0.0400946 0.678563
0.200868 0.205846 0.593286
9.9991E-05 0.213914 0.785986
0.251608 0.0811134 0.667279
0.261284 0.0616703 0.677046
0.320843 0.000925788 0.678231
0.12571 0.179921 0.694369
0.419002 0.0562386 0.524759
0.326758 0.0420117 0.63123
0.0794905 0.182749 0.737761
0.178742 0.135218 0.68604
0.0368202 0.157256 0.805923
0.142909 0.856991 9.9991E-05
0.151553 0.848347 9.9991E-05
0.20452 0.79538 9.9991E-05
0.250538 0.736741 0.0127211
0.267712 0.0776493 0.654639
0.367979 0.0418025 0.590218
0.324825 9.9991E-05 0.675075
0.0256999 0.170144 0.804156
0.149051 9.9991E-05 0.850849
0.343508 0.0737733 0.582719
0.388669 9.9991E-05 0.611231
0.321288 0.0852977 0.593414
0.363149 0.0643412 0.57251
0.0298073 0.0783177 0.891875
0.39904 0.00823769 0.592723
0.397908 9.9991E-05 0.601992
0.409472 0.050177 0.540351
0.165335 9.9991E-05 0.834565
0.377909 0.0104709 0.61162
0.382726 0.0573986 0.559876
9.9991E-05 0.128649 0.871251
9.9991E-05 0.135067 0.864833
0.0603525 0.143448 0.796199
0.420885 0.0419819 0.537133
0.395938 0.0251671 0.578895
0.431738 0.046745 0.521517
0.0537326 0.231119 0.715148
0.322538 0.00321902 0.674243
0.368955 0.0597449 0.5713
0.224238 0.148476 0.627286
0.0177388 0.292986 0.689275
0.372668 0.03919 0.588142
0.284889 0.0916138 0.623497
9.9991E-05 0.222443 0.777457
0.199806 0.0361453 0.764049
0.375823 0.01433 0.609847
0.394098 0.0073195 0.598583
0.135187 0.171757 0.693056
0.314283 0.0618933 0.623824
0.372152 0.0100191 0.617829
0.0650196 0.156034 0.778946
0.274993 9.9991E-05 0.724907
0.107044 0.00369688 0.88926
0.349338 0.0647348 0.585927
9.9991E-05 0.0153981 0.984502
9.999E-05 9.999E-05 0.9998
0.106903 9.9991E-05 0.892997
0.255496 9.9991E-05 0.744404
0.390664 0.044331 0.565005
0.251466 9.9991E-05 0.748434
0.0439036 0.0662791 0.889817
0.0941992 0.0232661 0.882535
0.365014 0.00745942 0.627527
0.209103 0.00162706 0.78927
0.256143 9.9991E-05 0.743757
0.228001 9.9991E-05 0.771899
9.9991E-05 0.0882109 0.911689
0.399562 9.9991E-05 0.600338
0.095004 0.852789 0.0522067
0.0978164 0.902084 9.9991E-05
0.168115 0.831785 9.9991E-05
0.123661 0.876239 9.9991E-05
0.0760636 0.923836 9.9991E-05
0.159261 0.840639 9.9991E-05
0.106601 0.893299 9.9991E-05
0.398344 0.0101521 0.591503
0.411645 0.0252697 0.563086
9.9991E-05 0.0971803 0.90272
0.417824 0.0313679 0.550808
0.192436 0.00638755 0.801177
0.311749 9.9991E-05 0.688151
0.327884 9.9991E-05 0.672016
0.331239 9.9991E-05 0.668661
9.9991E-05 0.112541 0.887359
0.321237 0.0641199 0.614643
0.39731 0.000531306 0.602159
0.410585 0.0533857 0.536029
0.143957 0.015471 0.840572
0.287265 9.9991E-05 0.712635
0.252949 9.9991E-05 0.746951
0.213863 9.9991E-05 0.786037
0.23765 0.00710999 0.75524
0.372325 0.0295985 0.598077
0.165869 0.127388 0.706743
0.198728 0.122368 0.678904
0.397866 0.0790464 0.523087
0.388942 0.0365277 0.574531
0.234891 0.060344 0.704765
0.390774 0.0139451 0.595281
0.23845 0.102699 0.658851
0.334113 0.0419566 0.62393
0.408965 0.052252 0.538783
0.331994 0.0602494 0.607756
0.30327 9.9991E-05 0.69663
0.426127 0.013156 0.560717
0.398419 0.0655521 0.536029
0.390271 9.9991E-05 0.609629
0.380801 0.0541391 0.56506
0.389302 9.9991E-05 0.610598
0.202184 0.136092 0.661725
0.423777 0.0286941 0.547529
0.417856 9.9991E-05 0.582044
0.0737536 0.147651 0.778595
0.0590051 0.108127 0.832868
0.318753 0.0523686 0.628878
9.9991E-05 0.0792979 0.920602
0.115544 0.112038 0.772417
0.216355 0.0208997 0.762745
0.151987 0.0837689 0.764244
0.115242 0.0725857 0.812173
0.32946 0.0528712 0.617669
0.384465 0.0571659 0.558369
0.316151 0.0303148 0.653534
0.0369908 0.119439 0.84357
0.368493 0.140308 0.4912
0.292594 0.0478022 0.659604
9.9991E-05 0.298693 0.701207
0.459977 0.00141424 0.538608
0.183172 0.134262 0.682566
0.355259 0.0959857 0.548755
0.0877342 0.187541 0.724724
9.9991E-05 0.212907 0.786993
0.209098 0.101583 0.689319
0.305406 0.11562 0.578973
0.289412 0.164219 0.546368
0.0739428 0.176855 0.749202
0.408087 0.0187651 0.573147
0.126861 9.9991E-05 0.873039
0.196112 9.9991E-05 0.803788
0.407289 0.0566889 0.536023
0.324434 0.458247 0.21732
0.126594 0.718975 0.154431
0.100738 0.730581 0.168681
0.308714 0.450022 0.241264
0.324938 9.9991E-05 0.674963
0.396404 0.0256543 0.577942
0.889489 9.9991E-05 0.110411
0.709343 0.0546159 0.236041
0.62193 0.09112 0.28695
0.112609 0.094938 0.792453
0.326182 0.0809281 0.59289
0.0745056 0.0615721 0.863922
0.338652 0.0265322 0.634816
0.264649 0.0469356 0.688416
0.326263 9.9991E-05 0.673637
0.0661466 0.102496 0.831358
0.412634 0.028111 0.559255
0.355808 0.0664216 0.57777
0.92035 0.0795498 9.9991E-05
0.941343 0.0585571 9.9991E-05
0.750454 0.0975284 0.152018
0.827628 0.0347248 0.137647
0.932943 0.0492456 0.0178119
0.927408 0.072492 9.9991E-05
0.922937 0.0769634 9.9991E-05
0.954915 0.013014 0.0320711
0.886395 0.113505 9.9991E-05
0.934639 0.0652611 9.9991E-05
0.925421 0.0744792 9.9991E-05
0.901005 0.0564403 0.0425545
0.874487 0.112978 0.0125351
0.951445 0.0484549 9.9991E-05
0.60742 0.0955826 0.296998
0.830072 0.10126 0.0686683
0.898745 0.101156 9.9991E-05
0.93864 0.0612603 9.9991E-05
0.951802 0.0480977 9.9991E-05
0.928902 0.0709982 9.9991E-05
0.922833 0.077067 9.9991E-05
0.78137 0.113659 0.104971
0.906425 0.0934747 9.9991E-05
0.0259809 0.458296 0.515723
0.318321 0.240832 0.440847
0.336649 0.172735 0.490616
0.201977 0.319926 0.478098
0.384504 0.117095 0.498401
0.179395 0.344396 0.476209
0.369898 0.171705 0.458397
0.311237 0.236481 0.452282
0.410801 0.157272 0.431927
0.357023 0.228702 0.414275
0.382733 0.183482 0.433785
0.0910151 0.899218 0.0097665
0.112426 0.887474 9.9991E-05
0.0568818 0.943018 9.9991E-05
0.0276391 0.972261 9.9991E-05
0.101978 0.897922 9.9991E-05
0.0457826 0.954117 9.9991E-05
0.106167 0.893733 9.9991E-05
0.0455653 0.954335 9.9991E-05
0.102693 0.897207 9.9991E-05
0.0904165 0.909484 9.9991E-05
9.9991E-05 0.720502 0.279398
9.9991E-05 0.726658 0.273242
9.9991E-05 0.657767 0.342133
9.9991E-05 0.595101 0.404799
0.267428 0.048903 0.683668
0.295665 0.018909 0.685426
0.316908 0.0137701 0.669322
0.158687 0.0343687 0.806944
0.0340952 0.123917 0.841988
0.399157 9.9991E-05 0.600743
0.320889 9.9991E-05 0.679011
0.275769 9.9991E-05 0.724131
0.184339 9.9991E-05 0.815561
0.389751 9.9991E-05 0.610149
0.198872 9.9991E-05 0.801028
9.999E-05 9.999E-05 0.9998
0.344159 0.0384081 0.617433
0.0669469 9.9991E-05 0.932953
0.312769 9.9991E-05 0.687131
0.01932 0.0398262 0.940854
9.9991E-05 0.364455 0.635445
9.9991E-05 0.327404 0.672496
9.9991E-05 0.302274 0.697626
9.9991E-05 0.32282 0.67708
9.9991E-05 0.2505 0.7494
9.9991E-05 0.292814 0.707086
0.130471 0.869429 9.9991E-05
0.154193 0.817566 0.0282408
0.202035 0.759228 0.0387374
0.138145 0.860069 0.00178652
0.195454 0.779495 0.0250512
9.9991E-05 0.554892 0.445008
9.9991E-05 0.608676 0.391224
9.9991E-05 0.59537 0.40453
0.1354 0.838712 0.0258881
9.9991E-05 0.561254 0.438646
0.49697 0.308823 0.194207
0.527703 0.121281 0.351016
0.619311 0.138619 0.24207
0.477399 0.271181 0.251419
0.453626 0.137103 0.40927
0.314226 0.584145 0.101629
0.183819 0.054534 0.761647
0.225705 0.0288979 0.745397
0.0959528 0.114307 0.789741
0.284552 9.9991E-05 0.715348
9.9991E-05 0.102118 0.897782
0.376573 0.0500113 0.573416
0.331515 0.0234121 0.645072
0.134316 0.105592 0.760091
0.357429 0.0191636 0.623407
9.9991E-05 0.0761306 0.923769
0.341852 9.9991E-05 0.658048
0.273898 0.0255471 0.700555
0.396496 0.113071 0.490432
0.171355 0.0491489 0.779496
0.218898 0.0205501 0.760552
0.366216 9.9991E-05 0.633684
0.286027 9.9991E-05 0.713873
0.411275 9.9991E-05 0.588625
0.366426 0.0830717 0.550502
0.366785 0.0497723 0.583442
0.197208 0.802692 9.9991E-05
0.157617 0.842283 9.9991E-05
0.0890485 0.896449 0.0145022
0.115666 0.884234 9.9991E-05
0.11472 0.88518 9.9991E-05
0.0106877 0.214876 0.774437
0.320136 0.0808578 0.599006
0.479171 0.200089 0.320739
0.426637 0.00759213 0.565771
0.29478 0.032755 0.672465
0.118831 0.0845985 0.79657
9.9991E-05 0.268712 0.731188
0.225327 0.0964993 0.678174
0.0915268 0.185437 0.723037
0.278096 0.0392417 0.682663
0.00317024 0.208543 0.788287
0.360619 0.0470065 0.592375
0.00607472 0.184977 0.808948
0.199768 0.0900562 0.710176
0.31614 0.107433 0.576427
0.089088 0.0911738 0.819738
0.319588 0.0401101 0.640302
0.338028 0.110423 0.551548
0.0487361 0.0973547 0.853909
0.352097 0.0421969 0.605706
0.261501 0.0497631 0.688736
9.9991E-05 0.0897706 0.910129
0.0198988 0.114756 0.865345
0.197867 0.0544098 0.747724
9.9991E-05 0.0972653 0.902635
0.212471 0.0149249 0.772604
0.00962031 0.175019 0.815361
0.138228 0.0354857 0.826286
0.247152 0.0804759 0.672372
0.352404 0.0267853 0.62081
0.0770351 0.0938576 0.829107
0.373347 0.0352613 0.591392
0.359341 0.0310679 0.609591
0.299205 9.9991E-05 0.700695
0.313545 0.0468756 0.639579
0.281703 0.0513562 0.666941
0.0929349 0.103814 0.803252
0.249495 0.0435351 0.70697
0.338026 9.9991E-05 0.661874
0.406054 0.0470498 0.546896
0.245237 0.0939964 0.660766
0.314068 9.9991E-05 0.685832
0.221782 0.0795116 0.698706
0.332665 0.0255948 0.641741
0.319677 0.0657432 0.614579
0.339173 0.0888806 0.571946
0.444362 0.308206 0.247432
0.494019 0.0857757 0.420205
0.440373 0.151621 0.408006
0.46238 0.0788389 0.458781
0.487313 0.160571 0.352116
0.263107 9.9991E-05 0.736793
0.442749 0.113387 0.443864
0.185817 0.351594 0.462588
0.472391 0.0764811 0.451128
0.502683 0.0835069 0.41381
0.475788 0.0543252 0.469887
0.297478 0.227708 0.474814
0.500219 0.156465 0.343316
0.484704 0.101813 0.413483
0.116398 0.683856 0.199745
0.471789 0.167446 0.360765
0.555781 0.12712 0.317099
0.460559 0.0535324 0.485909
0.582496 0.135591 0.281913
0.449575 0.155973 0.394452
0.268693 0.0127759 0.718531
0.348569 0.0342575 0.617174
9.9991E-05 0.0508633 0.949037
9.9991E-05 0.0977009 0.902199
0.324844 0.0491178 0.626038
0.525897 0.18836 0.285743
0.50437 0.166066 0.329564
0.439794 0.233029 0.327177
0.48094 0.169057 0.350004
0.0957825 0.184673 0.719544
0.131573 0.169633 0.698793
0.391647 9.9991E-05 0.608253
0.363221 0.0643769 0.572402
0.176789 0.0958783 0.727332
0.389728 0.0615241 0.548748
0.421606 9.9991E-05 0.578294
0.375603 0.0494679 0.574929
0.160877 0.0234056 0.815717
0.197299 0.00419123 0.79851
0.320646 9.9991E-05 0.679254
0.276521 0.00696269 0.716516
0.383036 0.0418624 0.575101
0.258671 9.9991E-05 0.741229
0.0937945 0.0435171 0.862688
0.367097 9.9991E-05 0.632803
0.068339 0.0414546 0.890206
0.239257 0.000132697 0.760611
0.333186 0.0590085 0.607806
0.368941 0.00674966 0.624309
0.431353 0.143598 0.425049
0.425174 0.156312 0.418514
0.486812 0.226986 0.286201
0.41082 0.216087 0.373094
0.462668 0.157791 0.379541
0.401992 0.162911 0.435097
0.0978411 0.308725 0.593434
0.538443 0.0534338 0.408123
0.0991747 0.548314 0.352511
0.490362 0.0192398 0.490398
0.0207069 0.0225666 0.956726
9.9991E-05 0.0611916 0.938708
0.246198 9.9991E-05 0.753702
0.36628 9.9991E-05 0.63362
0.196581 9.9991E-05 0.803319
0.36327 9.9991E-05 0.63663
0.302412 9.9991E-05 0.697488
0.0722196 0.885352 0.0424281
0.130373 0.80378 0.0658465
0.0799783 0.919922 9.9991E-05
0.065812 0.934088 9.9991E-05
0.346298 0.00537367 0.648328
0.300156 0.0271612 0.672682
0.273436 9.9991E-05 0.726464
0.314838 0.0483221 0.63684
0.350189 0.0442905 0.605521
0.133367 0.0589243 0.807709
0.347381 9.9991E-05 0.652519
0.137829 9.9991E-05 0.862071
0.415048 0.289758 0.295194
0.226866 9.9991E-05 0.773034
0.154358 9.9991E-05 0.845542
0.301522 9.9991E-05 0.698378
0.242517 0.0120783 0.745405
0.341895 9.9991E-05 0.658005
0.303619 0.0313993 0.664981
9.9991E-05 0.00755983 0.99234
0.192391 9.9991E-05 0.807509
0.204397 9.9991E-05 0.795503
9.999E-05 9.999E-05 0.9998
0.203821 0.060406 0.735773
9.9991E-05 0.0288552 0.971045
9.9991E-05 0.0301732 0.969727
0.350176 9.9991E-05 0.649724
0.0746921 0.0672371 0.858071
0.280701 9.9991E-05 0.719199
0.372822 0.0631237 0.564054
0.300844 0.0156865 0.68347
0.186977 0.0307424 0.78228
0.323262 9.9991E-05 0.676638
0.278546 9.9991E-05 0.721354
0.165009 9.9991E-05 0.834891
0.289841 0.0474063 0.662752
9.9991E-05 0.776217 0.223683
0.0208972 0.831649 0.147454
9.9991E-05 0.939419 0.0604808
9.9991E-05 0.928085 0.0718152
0.020035 0.814366 0.165599
0.0364296 0.0890265 0.874544
0.0230805 0.0862649 0.890655
0.109978 9.9991E-05 0.889922
0.358432 0.0318855 0.609682
0.411283 0.0282307 0.560486
0.158093 9.9991E-05 0.841807
0.391804 9.9991E-05 0.608096
0.252235 0.0323731 0.715392
0.284648 9.9991E-05 0.715252
0.393835 9.9991E-05 0.606065
0.102424 9.9991E-05 0.897476
0.148182 9.9991E-05 0.851718
0.142327 0.00761916 0.850054
0.369948 0.069058 0.560994
0.18493 9.9991E-05 0.81497
0.218249 0.0178277 0.763923
0.639326 0.10846 0.252214
0.654538 0.134585 0.210877
0.711394 0.0804027 0.208203
0.680295 0.191939 0.127766
0.595386 0.0943159 0.310298
0.315109 0.0315514 0.653339
0.65079 0.34911 9.9991E-05
0.690692 0.168665 0.140643
0.385178 0.180124 0.434698
0.301114 0.155124 0.543763
0.28743 0.130012 0.582558
0.374 0.0910929 0.534907
0.367985 0.0871592 0.544856
0.704342 0.176925 0.118733
0.625382 0.150237 0.224381
0.77756 0.0746158 0.147824
0.566184 0.10654 0.327275
0.64045 0.225877 0.133673
0.612295 0.103393 0.284312
0.720461 0.16845 0.111089
0.556352 0.0965991 0.347049
0.315543 0.083465 0.600992
0.586577 0.169926 0.243497
0.728583 0.257605 0.0138126
0.563468 0.170704 0.265828
0.110379 0.243577 0.646044
0.386636 0.02258 0.590784
0.595627 0.127218 0.277155
0.290382 0.119894 0.589723
0.3056 0.14275 0.55165
0.43828 0.202571 0.359149
0.478605 0.218943 0.302451
0.410421 0.074985 0.514594
0.542804 0.158073 0.299123
0.72832 0.109061 0.162619
0.728845 0.25233 0.0188258
0.464544 0.0259905 0.509465
0.206874 0.168457 0.624669
0.0481873 0.258649 0.693163
0.389748 0.0995912 0.51066
0.245052 0.133592 0.621356
0.431831 0.15545 0.412719
0.383987 0.138493 0.47752
0.111563 0.531089 0.357349
0.0563752 0.526298 0.417327
0.250266 0.237048 0.512686
0.205773 0.461812 0.332414
0.205159 0.635736 0.159105
0.309534 0.213384 0.477083
0.372001 0.270478 0.357521
0.258259 0.352526 0.389215
0.168926 0.416767 0.414307
0.399868 0.134518 0.465614
0.214579 0.339364 0.446057
0.0497175 0.601034 0.349249
0.423334 0.106476 0.47019
0.370534 0.259593 0.369873
0.447864 0.285211 0.266925
0.638225 0.10655 0.255224
0.516268 0.144762 0.33897
0.570114 0.129008 0.300878
0.408137 0.361772 0.230091
0.514499 0.189875 0.295626
0.528808 0.220013 0.251179
0.412307 0.269714 0.317979
0.314754 0.198902 0.486344
0.432183 0.144914 0.422903
0.494216 0.105931 0.399854
0.434825 0.0911047 0.47407
0.498071 0.24383 0.258099
0.490846 0.198525 0.310629
0.348169 0.474782 0.177049
0.468607 0.132869 0.398524
0.427635 0.36772 0.204645
0.0259481 0.879077 0.0949748
0.00232321 0.235497 0.762179
9.9991E-05 0.283232 0.716668
9.9991E-05 0.25401 0.74589
9.9991E-05 0.219206 0.780694
9.9991E-05 0.226082 0.773818
9.9991E-05 0.21985 0.78005
9.9991E-05 0.246518 0.753382
9.9991E-05 0.388246 0.611654
0.0562555 0.916635 0.0271098
0.0883126 0.827109 0.0845788
0.092147 0.890182 0.0176706
0.0463764 0.915797 0.037827
0.085463 0.914437 9.9991E-05
0.0963707 0.903529 9.9991E-05
0.194404 0.749159 0.0564373
0.143689 0.856211 9.9991E-05
0.167317 0.75492 0.0777626
0.122674 0.877226 9.9991E-05
0.0260231 0.973877 9.9991E-05
0.109208 0.890692 9.9991E-05
0.0311052 0.968795 9.9991E-05
0.0806367 0.919263 9.9991E-05
0.136556 0.863344 9.9991E-05
0.108133 0.891767 9.9991E-05
0.167685 0.832215 9.9991E-05
0.17202 0.82788 9.9991E-05
0.218778 0.781122 9.9991E-05
0.193624 0.145024 0.661353
0.37736 0.0189599 0.60368
0.404012 0.0706338 0.525354
0.0238013 0.227455 0.748744
0.281644 0.0999547 0.618402
0.0222647 0.274621 0.703114
0.415092 0.0463428 0.538565
0.197888 0.178497 0.623615
0.271912 0.146984 0.581104
0.289816 9.9991E-05 0.710084
0.254578 0.121662 0.62376
0.39985 0.00772104 0.592429
0.304854 0.085557 0.609589
9.9991E-05 0.153348 0.846552
9.9991E-05 0.254611 0.745289
0.0328352 0.24297 0.724194
0.344365 0.0889686 0.566666
0.314498 0.0673688 0.618133
0.338039 0.0520017 0.609959
0.411614 0.0429536 0.545432
0.428619 0.207983 0.363399
0.490147 0.155087 0.354766
0.249644 0.45212 0.298236
0.388087 0.120764 0.49115
0.352611 0.220143 0.427245
0.161358 0.560453 0.278189
0.412603 0.306502 0.280895
0.348565 0.385013 0.266422
0.328288 0.320327 0.351385
0.416683 0.155405 0.427912
0.438929 0.134776 0.426295
0.506243 0.0789674 0.414789
0.399505 0.147451 0.453044
0.277264 0.501727 0.221009
