0.0991459 0.900754 9.9991E-05
0.0617642 0.938136 9.9991E-05
0.108936 0.887376 0.00368769
0.146291 0.806049 0.0476594
0.111824 0.888076 9.9991E-05
0.104498 0.730973 0.164529
0.0428667 0.852438 0.104696
0.0637276 0.788769 0.147503
9.9991E-05 0.926993 0.0729067
0.0833755 0.807164 0.109461
0.0808926 0.798607 0.1205
0.0813564 0.169739 0.748904
0.358027 0.0701578 0.571815
0.164538 0.139006 0.696456
0.221864 0.138794 0.639342
0.340335 0.118281 0.541384
0.389441 0.0247351 0.585824
0.27472 0.0495414 0.675739
0.177455 0.200915 0.62163
9.9991E-05 0.206312 0.793588
0.247118 0.0416009 0.711281
0.258229 0.0415957 0.700175
0.332924 0.022601 0.644475
0.135023 0.174761 0.690216
0.4254 0.0445173 0.530083
0.335902 0.0320354 0.632062
0.0951876 0.148105 0.756707
0.192627 0.113708 0.693665
0.0513798 0.127526 0.821094
0.15642 0.84348 9.9991E-05
0.161009 0.838891 9.9991E-05
0.205425 0.794475 9.9991E-05
0.253194 0.739604 0.00720208
0.292494 0.0570125 0.650493
0.347293 0.024098 0.628609
0.330505 9.9991E-05 0.669395
0.0249067 0.166142 0.808952
0.174468 9.9991E-05 0.825432
0.381106 0.0281152 0.590779
0.413481 9.9991E-05 0.586419
0.325463 0.0704402 0.604097
0.370278 0.0303826 0.599339
0.0311253 0.0722483 0.896626
0.426162 0.0123315 0.561507
0.385666 0.0171554 0.597178
0.364996 0.0818396 0.553165
0.167701 9.9991E-05 0.832199
0.371771 9.9991E-05 0.628129
0.341422 0.089124 0.569454
9.9991E-05 0.135814 0.864086
9.9991E-05 0.133064 0.866836
0.0718727 0.128655 0.799472
0.381289 0.0489259 0.569785
0.374937 0.0715328 0.55353
0.42811 9.9991E-05 0.57179
0.0492706 0.239415 0.711314
0.304611 0.0245471 0.670842
0.372097 0.0406545 0.587248
0.219215 0.146885 0.6339
0.0392127 0.271563 0.689224
0.333018 0.0487459 0.618236
0.318 0.0776006 0.604399
9.9991E-05 0.223644 0.776256
0.220842 0.0249831 0.754174
0.392559 9.9991E-05 0.607341
0.372487 0.0460469 0.581466
0.149108 0.1612 0.689692
0.32995 0.0378156 0.632234
0.335225 0.0194619 0.645313
0.058216 0.139477 0.802307
0.257388 9.9991E-05 0.742512
0.10551 0.0409802 0.85351
0.31747 0.0567734 0.625757
9.9991E-05 0.00744398 0.992456
9.999E-05 9.999E-05 0.9998
0.118355 9.9991E-05 0.881545
0.274012 9.9991E-05 0.725888
0.345373 0.074178 0.580449
0.270761 9.9991E-05 0.729139
0.0375511 0.0879272 0.874522
0.104616 0.00930541 0.886078
0.367402 0.0546482 0.57795
0.166473 0.0133571 0.82017
0.270751 9.9991E-05 0.729149
0.237934 9.9991E-05 0.761966
9.9991E-05 0.0820987 0.917801
0.384144 9.9991E-05 0.615756
0.105015 0.848469 0.0465157
0.125351 0.874549 9.9991E-05
0.166321 0.833579 9.9991E-05
0.103563 0.896337 9.9991E-05
0.0838542 0.916046 9.9991E-05
0.160843 0.839057 9.9991E-05
0.112193 0.887707 9.9991E-05
0.374109 0.015502 0.610389
0.348986 0.0464536 0.60456
9.9991E-05 0.0931699 0.90673
0.403449 9.9991E-05 0.596451
0.214601 0.00936694 0.776032
0.337989 0.0432239 0.618787
0.350315 9.9991E-05 0.649585
0.303343 9.9991E-05 0.696557
9.9991E-05 0.11246 0.88744
0.336614 0.0733089 0.590077
0.420993 9.9991E-05 0.578907
0.375517 0.0610611 0.563422
0.13444 0.0130123 0.852547
0.298157 9.9991E-05 0.701743
0.257184 9.9991E-05 0.742716
0.203023 9.9991E-05 0.796877
0.245044 0.00130321 0.753653
0.356067 0.0723699 0.571563
0.179356 0.0933473 0.727296
0.184313 0.132052 0.683635
0.350589 0.114594 0.534817
0.341035 0.0859752 0.57299
0.251782 0.0593626 0.688856
0.388368 0.0214665 0.590165
0.251285 0.0753149 0.6734
0.32295 0.0578323 0.619218
0.414687 0.0370384 0.548274
0.337368 0.0415467 0.621085
0.288925 0.0223687 0.688707
0.414159 9.9991E-05 0.585741
0.400302 0.068499 0.531199
0.401803 0.00136298 0.596834
0.372082 0.0693295 0.558589
0.380029 9.9991E-05 0.619871
0.19167 0.150776 0.657553
0.423309 0.00894819 0.567743
0.406257 9.9991E-05 0.593643
0.0742192 0.141193 0.784588
0.0655314 0.119394 0.815074
0.297297 0.050549 0.652154
9.9991E-05 0.0820726 0.917827
0.119347 0.0893856 0.791268
0.199596 0.0199837 0.780421
0.163793 0.0904438 0.745763
0.119346 0.0600549 0.820599
0.349603 0.0323228 0.618074
0.334703 0.0685874 0.596709
0.374117 9.9991E-05 0.625783
0.0454873 0.10566 0.848852
0.331463 0.111509 0.557028
0.2865 0.0897483 0.623751
9.9991E-05 0.28764 0.71226
0.46194 9.9991E-05 0.53796
0.173421 0.137968 0.688611
0.337961 0.0821882 0.57985
0.0854567 0.17219 0.742353
9.9991E-05 0.193536 0.806364
0.223741 0.0792468 0.697012
0.354534 0.0981953 0.547271
0.28961 0.162662 0.547729
0.074973 0.168848 0.756179
0.364004 0.0559638 0.580032
0.100585 9.9991E-05 0.899315
0.219951 9.9991E-05 0.779949
0.400896 0.0572554 0.541849
0.325808 0.443611 0.230581
0.125133 0.713198 0.161669
0.0936106 0.722885 0.183504
0.309248 0.445781 0.244972
0.331626 9.9991E-05 0.668274
0.36663 0.0502131 0.583157
0.894863 0.00619609 0.0989409
0.665007 0.061274 0.273719
0.597303 0.0850924 0.317604
0.118133 0.0861575 0.795709
0.339691 0.0647189 0.59559
0.0862474 0.0632462 0.850506
0.341648 0.0234014 0.634951
0.273943 0.0590844 0.666973
0.334896 9.9991E-05 0.665004
0.0759044 0.0770281 0.847068
0.407205 0.0106748 0.58212
0.381822 0.0433424 0.574836
0.919356 0.080544 9.9991E-05
0.924122 0.0757784 9.9991E-05
0.715157 0.0863151 0.198528
0.869407 0.0153279 0.115265
0.896416 0.101317 0.00226694
0.912917 0.0869832 9.9991E-05
0.918465 0.081435 9.9991E-05
0.982012 0.0178884 9.9991E-05
0.889872 0.110028 9.9991E-05
0.941035 0.0588651 9.9991E-05
0.9274 0.0725005 9.9991E-05
0.90405 0.0561372 0.0398126
0.832464 0.151308 0.0162285
0.963882 0.0360175 9.9991E-05
0.592471 0.0859625 0.321566
0.799172 0.0808693 0.119958
0.894546 0.105354 9.9991E-05
0.913931 0.0859691 9.9991E-05
0.959968 0.039932 9.9991E-05
0.926575 0.0733248 9.9991E-05
0.91835 0.0815496 9.9991E-05
0.7596 0.11307 0.12733
0.908108 0.0917918 9.9991E-05
0.0313468 0.478976 0.489677
0.313373 0.257655 0.428972
0.340189 0.147128 0.512684
0.18965 0.293297 0.517053
0.375165 0.167206 0.457629
0.151817 0.362958 0.485225
0.345186 0.197078 0.457736
0.312418 0.234765 0.452817
0.417295 0.138607 0.444098
0.379123 0.21148 0.409398
0.368029 0.186051 0.44592
0.105908 0.893992 9.9991E-05
0.116323 0.883577 9.9991E-05
0.0548331 0.945067 9.9991E-05
0.028932 0.970968 9.9991E-05
0.0990363 0.900864 9.9991E-05
0.052022 0.947878 9.9991E-05
0.109807 0.890093 9.9991E-05
0.0476652 0.952235 9.9991E-05
0.0965604 0.894877 0.008563
0.101348 0.898552 9.9991E-05
9.9991E-05 0.700137 0.299763
9.9991E-05 0.731401 0.268499
9.9991E-05 0.647221 0.352679
9.9991E-05 0.575647 0.424253
0.285856 0.0329558 0.681188
0.320903 0.0110816 0.668016
0.3095 9.9991E-05 0.6904
0.14903 0.0815054 0.769464
0.0453675 0.117916 0.836716
0.421607 9.9991E-05 0.578293
0.309248 9.9991E-05 0.690652
0.295893 9.9991E-05 0.704007
0.239778 9.9991E-05 0.760122
0.394287 9.9991E-05 0.605613
0.220234 9.9991E-05 0.779666
9.999E-05 9.999E-05 0.9998
0.346238 0.0150627 0.638699
0.0798233 0.00221902 0.917958
0.315903 9.9991E-05 0.683997
0.0339943 0.0532417 0.912764
9.9991E-05 0.360997 0.638903
9.9991E-05 0.31147 0.68843
9.9991E-05 0.306415 0.693485
9.9991E-05 0.32756 0.67234
9.9991E-05 0.245441 0.754459
9.9991E-05 0.309057 0.690843
0.141764 0.858136 9.9991E-05
0.141738 0.809195 0.0490668
0.186243 0.774885 0.0388719
0.14748 0.848039 0.00448187
0.194536 0.783037 0.022427
9.9991E-05 0.5561 0.4438
9.9991E-05 0.603438 0.396462
9.9991E-05 0.585296 0.414604
0.146952 0.832437 0.0206109
9.9991E-05 0.556264 0.443636
0.505794 0.284239 0.209967
0.552648 0.11838 0.328972
0.634227 0.138675 0.227098
0.476136 0.264645 0.259219
0.457324 0.148247 0.394429
0.306097 0.589817 0.104086
0.210544 0.0436379 0.745818
0.247874 9.9991E-05 0.752026
0.0725812 0.113115 0.814303
0.283364 9.9991E-05 0.716536
9.9991E-05 0.0888508 0.911049
0.388062 0.0375316 0.574406
0.303846 9.9991E-05 0.696054
0.117099 0.127881 0.75502
0.355083 0.0807797 0.564138
9.9991E-05 0.0849865 0.914914
0.330575 9.9991E-05 0.669325
0.271357 0.0210267 0.707617
0.403585 0.0874717 0.508944
0.173695 0.0376426 0.788663
0.253272 9.9991E-05 0.746628
0.337038 9.9991E-05 0.662862
0.302632 9.9991E-05 0.697268
0.397611 9.9991E-05 0.602289
0.336662 0.0620825 0.601256
0.329404 0.0543307 0.616265
0.191308 0.808592 9.9991E-05
0.161756 0.838144 9.9991E-05
0.0959851 0.888476 0.015539
0.122997 0.876903 9.9991E-05
0.129467 0.870433 9.9991E-05
0.0105225 0.190465 0.799012
0.310811 0.0431205 0.646069
0.464232 0.197334 0.338434
0.41284 9.9991E-05 0.58706
0.299203 0.032371 0.668426
0.125957 0.083733 0.79031
9.9991E-05 0.263147 0.736753
0.234413 0.0878798 0.677707
0.0868548 0.178185 0.73496
0.256654 0.0344568 0.708889
0.0141891 0.232667 0.753144
0.38142 0.067704 0.550876
0.0264872 0.204885 0.768627
0.18475 0.110916 0.704334
0.324148 0.0786228 0.597229
0.0859781 0.0626349 0.851387
0.327739 0.0480664 0.624195
0.318045 0.091585 0.59037
0.0748283 0.0797967 0.845375
0.334106 0.0871476 0.578747
0.281211 0.0400988 0.67869
9.9991E-05 0.0899899 0.90991
0.00296743 0.124421 0.872611
0.198289 0.0650934 0.736617
9.9991E-05 0.105107 0.894793
0.192006 9.9991E-05 0.807894
0.00660835 0.162812 0.83058
0.14886 0.0291773 0.821963
0.248747 0.0857344 0.665519
0.365827 0.0512863 0.582886
0.0827791 0.0931949 0.824026
0.33039 0.0477391 0.621871
0.361617 0.0277409 0.610642
0.307501 0.00471777 0.687781
0.319701 0.0476327 0.632666
0.262398 0.0541382 0.683464
0.0936115 0.104379 0.802009
0.237698 0.0493192 0.712983
0.348096 9.9991E-05 0.651804
0.39607 9.9991E-05 0.60383
0.223036 0.108036 0.668928
0.351211 9.9991E-05 0.648689
0.213645 0.0827699 0.703585
0.337746 0.0521844 0.610069
0.309959 0.047739 0.642302
0.386006 0.0658931 0.548101
0.41606 0.274555 0.309385
0.50772 0.0716384 0.420642
0.430101 0.117173 0.452726
0.493113 0.0775863 0.429301
0.471688 0.160835 0.367477
0.258319 9.9991E-05 0.741581
0.422132 0.157723 0.420145
0.172123 0.358231 0.469646
0.460954 0.0821313 0.456915
0.48042 0.0935183 0.426061
0.462178 0.0995848 0.438237
0.289583 0.235976 0.474441
0.484007 0.160504 0.355489
0.511536 0.0853067 0.403157
0.0987141 0.705404 0.195882
0.485006 0.143371 0.371624
0.54085 0.126741 0.33241
0.440475 0.0496245 0.509901
0.537134 0.143741 0.319125
0.446003 0.154145 0.399852
0.274416 0.0221877 0.703396
0.361493 0.0253039 0.613203
9.9991E-05 0.0366119 0.963288
9.9991E-05 0.073151 0.926749
0.340241 0.0475555 0.612203
0.54211 0.161945 0.295946
0.522966 0.172045 0.304989
0.438179 0.255203 0.306618
0.496917 0.176965 0.326118
0.111537 0.188033 0.70043
0.142415 0.172605 0.684979
0.419972 9.9991E-05 0.579928
0.364061 0.0883759 0.547564
0.206512 0.0899572 0.703531
0.370592 0.00705774 0.62235
0.410532 0.000126348 0.589342
0.358931 0.0532773 0.587791
0.189524 0.0126034 0.797873
0.190803 0.011955 0.797242
0.311707 9.9991E-05 0.688193
0.289188 0.0129235 0.697888
0.337286 0.0526222 0.610092
0.236351 9.9991E-05 0.763549
0.0878951 0.0387507 0.873354
0.396811 9.9991E-05 0.603089
0.0908332 0.00690184 0.902265
0.251766 0.0151009 0.733133
0.323837 0.0472441 0.628919
0.306976 0.0362447 0.656779
0.448164 0.162609 0.389226
0.401072 0.149538 0.449389
0.469805 0.237332 0.292863
0.430173 0.233411 0.336416
0.442577 0.123084 0.434339
0.421496 0.13582 0.442685
0.105523 0.307409 0.587068
0.560368 0.0553568 0.384275
0.0892321 0.553593 0.357175
0.49976 0.0432518 0.456988
0.00924838 0.0206292 0.970122
9.9991E-05 0.0460023 0.953898
0.260081 9.9991E-05 0.739819
0.375274 9.9991E-05 0.624626
0.219108 9.9991E-05 0.780792
0.362425 9.9991E-05 0.637475
0.300066 9.9991E-05 0.699835
0.0941958 0.889662 0.0161422
0.117963 0.780208 0.101829
0.0679023 0.931998 9.9991E-05
0.0772779 0.922622 9.9991E-05
0.373089 9.9991E-05 0.626811
0.329828 9.9991E-05 0.670072
0.292213 9.9991E-05 0.707687
0.359969 0.0178955 0.622135
0.36581 0.0462308 0.587959
0.115827 0.0622413 0.821932
0.372043 9.9991E-05 0.627857
0.129633 9.9991E-05 0.870267
0.409427 0.321418 0.269155
0.232057 9.9991E-05 0.767843
0.150265 9.9991E-05 0.849635
0.301624 9.9991E-05 0.698276
0.248811 9.9991E-05 0.751089
0.331604 9.9991E-05 0.668296
0.286102 0.0132719 0.700626
9.9991E-05 0.00533923 0.994561
0.172369 9.9991E-05 0.827531
0.211422 9.9991E-05 0.788478
9.999E-05 9.999E-05 0.9998
0.21829 0.0198413 0.761869
9.9991E-05 0.0273407 0.972559
9.9991E-05 0.0218108 0.978089
0.342875 9.9991E-05 0.657025
0.0575135 0.056125 0.886362
0.257963 9.9991E-05 0.741937
0.392078 0.0483441 0.559577
0.270512 9.9991E-05 0.729388
0.189332 0.00207223 0.808596
0.313191 9.9991E-05 0.686709
0.26862 9.9991E-05 0.73128
0.141542 9.9991E-05 0.858358
0.325941 0.0600644 0.613995
9.9991E-05 0.761925 0.237975
0.0098223 0.82427 0.165908
9.9991E-05 0.923108 0.0767918
9.9991E-05 0.914558 0.0853421
0.0286492 0.790419 0.180931
0.0400164 0.0914691 0.868514
0.0188683 0.0875431 0.893589
0.0974094 9.9991E-05 0.902491
0.374565 0.0840836 0.541351
0.380131 0.0805111 0.539358
0.179759 9.9991E-05 0.820141
0.396417 9.9991E-05 0.603483
0.275398 0.000144375 0.724458
0.280252 9.9991E-05 0.719648
0.381238 9.9991E-05 0.618662
0.0887518 9.9991E-05 0.911148
0.117884 9.9991E-05 0.882016
0.120056 0.0136439 0.8663
0.392859 0.039609 0.567532
0.194547 9.9991E-05 0.805353
0.235399 9.9991E-05 0.764501
0.646144 0.0788661 0.27499
0.65716 0.135999 0.206842
0.710836 0.096302 0.192862
0.732168 0.190932 0.0769003
0.606284 0.102247 0.291469
0.329087 0.0384241 0.632489
0.634626 0.365274 9.9991E-05
0.68625 0.192322 0.121429
0.383222 0.178781 0.437996
0.309795 0.113188 0.577017
0.321444 0.120018 0.558538
0.355352 0.086497 0.558151
0.430345 0.0725304 0.497125
0.670962 0.187672 0.141366
0.624722 0.155355 0.219923
0.753961 0.102475 0.143565
0.564841 0.126804 0.308354
0.633558 0.20772 0.158722
0.621441 0.0979267 0.280633
0.705864 0.196362 0.0977737
0.567614 0.124726 0.30766
0.328522 0.106957 0.564521
0.60895 0.140327 0.250723
0.693977 0.29848 0.00754298
0.619246 0.109355 0.271399
0.118991 0.236747 0.644262
0.411113 9.9991E-05 0.588787
0.599998 0.153949 0.246053
0.318645 0.0942517 0.587103
0.267263 0.172206 0.560531
0.449877 0.21405 0.336073
0.485418 0.223723 0.290859
0.434578 0.0760055 0.489417
0.5823 0.123894 0.293807
0.737456 0.085519 0.177025
0.749315 0.250585 9.9991E-05
0.43352 0.0229665 0.543514
0.234018 0.148676 0.617306
0.064667 0.238117 0.697216
0.383606 0.0873971 0.528997
0.24943 0.106557 0.644012
0.389191 0.179346 0.431462
0.389457 0.109372 0.501171
0.113387 0.549237 0.337377
0.0433953 0.531217 0.425388
0.247013 0.23428 0.518707
0.204806 0.464536 0.330657
0.193114 0.632577 0.174308
0.338844 0.200962 0.460193
0.34503 0.251111 0.403859
0.240467 0.39004 0.369493
0.169315 0.401378 0.429308
0.412003 0.14594 0.442057
0.233996 0.352203 0.413801
0.0482246 0.589616 0.362159
0.399297 0.112481 0.488222
0.354367 0.23909 0.406544
0.461209 0.292271 0.246519
0.600831 0.107152 0.292017
0.522773 0.135257 0.34197
0.544894 0.15261 0.302496
0.390398 0.375989 0.233613
0.510409 0.173548 0.316043
0.522893 0.230921 0.246186
0.419399 0.266439 0.314163
0.292427 0.211774 0.495799
0.434488 0.16869 0.396822
0.48027 0.0895472 0.430182
0.500044 0.0389519 0.461004
0.487604 0.260416 0.25198
0.498488 0.181854 0.319658
0.345015 0.479465 0.17552
0.513273 0.14017 0.346557
0.42659 0.369239 0.204172
0.0364421 0.863863 0.0996947
9.9991E-05 0.252332 0.747568
9.9991E-05 0.282101 0.717799
9.9991E-05 0.228655 0.771245
9.9991E-05 0.204422 0.795478
9.9991E-05 0.260898 0.739002
9.9991E-05 0.215578 0.784322
9.9991E-05 0.264554 0.735346
9.9991E-05 0.384242 0.615658
0.0624654 0.913776 0.0237583
0.0848369 0.832017 0.0831465
0.104747 0.880248 0.0150057
0.0646105 0.887559 0.0478309
0.0804244 0.905707 0.0138689
0.103216 0.896684 9.9991E-05
0.246885 0.734869 0.0182459
0.137167 0.862733 9.9991E-05
0.163639 0.734766 0.101594
0.135184 0.864716 9.9991E-05
0.0360344 0.963866 9.9991E-05
0.126931 0.872969 9.9991E-05
0.0314776 0.968422 9.9991E-05
0.0799514 0.919949 9.9991E-05
0.136632 0.863268 9.9991E-05
0.11086 0.88904 9.9991E-05
0.167732 0.832168 9.9991E-05
0.180926 0.818974 9.9991E-05
0.202255 0.797645 9.9991E-05
0.20673 0.154305 0.638965
0.404074 0.0231521 0.572774
0.403808 0.0713212 0.524871
0.00876121 0.229876 0.761363
0.273899 0.124448 0.601653
0.00279101 0.253319 0.74389
0.433613 0.0382397 0.528148
0.207089 0.167822 0.625089
0.263207 0.148161 0.588632
0.244712 0.00712619 0.748162
0.236497 0.134496 0.629007
0.410196 0.027598 0.562206
0.292262 0.115648 0.592091
0.00107293 0.135423 0.863504
9.9991E-05 0.26062 0.73928
0.0383168 0.232759 0.728924
0.383444 0.0877078 0.528849
0.298334 0.0530182 0.648647
0.369878 0.0245562 0.605566
0.444112 0.0072105 0.548678
0.424808 0.227649 0.347543
0.507573 0.122748 0.36968
0.237024 0.424192 0.338784
0.391976 0.11468 0.493344
0.34979 0.225025 0.425185
0.153829 0.575852 0.270319
0.41647 0.312639 0.270891
0.357579 0.366976 0.275445
0.347839 0.323526 0.328635
0.433782 0.108376 0.457842
0.433597 0.17252 0.393883
0.464042 0.111066 0.424892
0.408295 0.170382 0.421323
0.274861 0.505167 0.219972
