0.112675 9.9991E-05 0.887225
0.0446328 9.9991E-05 0.955267
0.108108 0.0109732 0.880919
0.146582 0.0363562 0.817062
0.114318 9.9991E-05 0.885582
0.118664 0.178667 0.702668
0.0681368 0.0756724 0.856191
0.0610385 0.140075 0.798886
9.9991E-05 0.0659169 0.933983
0.0545298 0.138598 0.806872
0.0947479 0.118401 0.786852
0.0694814 0.780061 0.150458
0.335242 0.631842 0.0329156
0.151334 0.754917 0.0937493
0.2284 0.633606 0.137993
0.331687 0.560969 0.107344
0.401477 0.598423 9.9991E-05
0.277471 0.668114 0.0544148
0.188798 0.600019 0.211184
9.9991E-05 0.785496 0.214404
0.237667 0.705059 0.0572732
0.262072 0.673729 0.064199
0.361614 0.638286 9.9991E-05
0.129702 0.706823 0.163475
0.471183 0.504309 0.0245079
0.343325 0.63225 0.0244246
0.0855614 0.754723 0.159715
0.183246 0.662849 0.153905
0.0549263 0.811478 0.133596
0.158529 9.9991E-05 0.841371
0.156676 9.9991E-05 0.843224
0.204915 9.9991E-05 0.794985
0.250147 0.00953642 0.740316
0.267548 0.665335 0.0671166
0.342081 0.643282 0.0146366
0.319934 0.679966 9.9991E-05
0.0277581 0.781583 0.190659
0.128725 0.871175 9.9991E-05
0.346276 0.601081 0.0526436
0.419638 0.580262 9.9991E-05
0.315582 0.605708 0.0787094
0.357071 0.61771 0.0252184
0.0162365 0.912507 0.0712561
0.416657 0.554334 0.0290085
0.391213 0.607087 0.0017007
0.389601 0.547815 0.062584
0.149716 0.850184 9.9991E-05
0.402284 0.581499 0.0162171
0.368098 0.546988 0.0849141
9.9991E-05 0.874326 0.125574
9.9991E-05 0.865002 0.134898
0.0785264 0.809262 0.112212
0.424254 0.556192 0.019554
0.409928 0.561793 0.0282788
0.428316 0.571584 9.9991E-05
0.0511775 0.727585 0.221237
0.286054 0.686374 0.0275727
0.384229 0.592737 0.0230341
0.22728 0.631221 0.141499
0.0358565 0.678858 0.285286
0.407232 0.54712 0.0456478
0.288709 0.650783 0.0605077
9.9991E-05 0.7697 0.2302
0.209683 0.74699 0.0433275
0.387722 0.605972 0.00630587
0.371209 0.573336 0.0554552
0.134937 0.694509 0.170554
0.338627 0.640845 0.0205278
0.340586 0.643612 0.0158019
0.047342 0.800783 0.151875
0.264789 0.735111 9.9991E-05
0.0928501 0.876961 0.0301892
0.354102 0.611342 0.0345558
9.9991E-05 0.997465 0.00243523
9.999E-05 0.9998 9.999E-05
0.101244 0.898656 9.9991E-05
0.262222 0.737028 0.000750869
0.382277 0.555673 0.0620501
0.267667 0.732233 9.9991E-05
0.0392141 0.87816 0.0826257
0.0953441 0.885042 0.0196137
0.373665 0.600769 0.0255661
0.191654 0.78863 0.0197157
0.227779 0.772121 9.9991E-05
0.242869 0.757031 9.9991E-05
9.9991E-05 0.913612 0.0862881
0.392217 0.607683 9.9991E-05
0.112911 0.0333418 0.853747
0.111661 9.9991E-05 0.888239
0.180743 9.9991E-05 0.819157
0.121672 9.9991E-05 0.878228
0.0718576 9.9991E-05 0.928042
0.15837 9.9991E-05 0.84153
0.121365 9.9991E-05 0.878535
0.396247 0.533605 0.0701474
0.387893 0.559812 0.0522952
9.9991E-05 0.910046 0.0898537
0.359972 0.602696 0.0373316
0.209948 0.770937 0.0191148
0.304185 0.685742 0.0100725
0.347422 0.652478 9.9991E-05
0.31987 0.68003 9.9991E-05
9.9991E-05 0.892555 0.107345
0.331658 0.58699 0.0813512
0.425736 0.574164 9.9991E-05
0.368449 0.578794 0.0527572
0.117176 0.853379 0.0294447
0.278267 0.721633 9.9991E-05
0.238782 0.761118 9.9991E-05
0.219038 0.780862 9.9991E-05
0.220034 0.761734 0.0182324
0.341112 0.63141 0.027478
0.166756 0.723568 0.109676
0.224347 0.646734 0.128919
0.375951 0.564735 0.0593141
0.39266 0.537704 0.0696358
0.248985 0.677245 0.0737697
0.383162 0.614019 0.0028189
0.235445 0.677193 0.0873623
0.319648 0.637369 0.0429834
0.378799 0.572426 0.0487751
0.311849 0.623465 0.0646866
0.326143 0.670739 0.00311771
0.420899 0.569508 0.00959316
0.450499 0.516713 0.0327873
0.374645 0.625255 9.9991E-05
0.364543 0.617294 0.0181629
0.352651 0.647249 9.9991E-05
0.202158 0.661397 0.136445
0.415707 0.568575 0.015718
0.38922 0.61068 9.9991E-05
0.0590448 0.783704 0.157252
0.0589011 0.807971 0.133128
0.295995 0.662408 0.0415973
9.9991E-05 0.920058 0.079842
0.116628 0.78945 0.0939215
0.231626 0.747582 0.0207914
0.131617 0.774045 0.0943381
0.132707 0.797479 0.0698135
0.355875 0.587801 0.0563245
0.351717 0.579426 0.0688569
0.366895 0.610716 0.0223898
0.0511958 0.851784 0.0970197
0.35627 0.563841 0.079889
0.323684 0.629089 0.0472275
9.9991E-05 0.721085 0.278815
0.455811 0.544089 9.9991E-05
0.19352 0.6752 0.13128
0.381718 0.523735 0.0945471
0.0777514 0.735293 0.186956
9.9991E-05 0.775143 0.224757
0.235301 0.682122 0.0825763
0.326428 0.560948 0.112624
0.290652 0.542829 0.166519
0.0620064 0.76738 0.170613
0.393067 0.549849 0.0570848
0.119886 0.870128 0.00998569
0.210375 0.789525 9.9991E-05
0.414229 0.531335 0.054435
0.339721 0.207447 0.452832
0.119899 0.16755 0.71255
0.0927174 0.1662 0.741082
0.306364 0.236564 0.457072
0.304097 0.695803 9.9991E-05
0.397244 0.547494 0.0552624
0.891096 0.0951583 0.0137456
0.687527 0.253328 0.0591451
0.598479 0.284237 0.117284
0.101578 0.813486 0.084936
0.316491 0.618448 0.0650612
0.0746991 0.87451 0.0507906
0.345081 0.626975 0.0279446
0.295009 0.657613 0.0473783
0.35444 0.64546 9.9991E-05
0.0400061 0.854463 0.105531
0.40935 0.59055 9.9991E-05
0.366288 0.546728 0.0869833
0.928098 9.9991E-05 0.0718022
0.927087 9.9991E-05 0.0728128
0.69764 0.196125 0.106236
0.859054 0.134841 0.0061046
0.900214 0.0159798 0.0838058
0.9245 9.9991E-05 0.0754
0.912902 9.9991E-05 0.086998
0.972281 0.0141464 0.0135724
0.893102 9.9991E-05 0.106798
0.937627 9.9991E-05 0.0622734
0.936277 9.9991E-05 0.0636232
0.894533 0.0340725 0.0713947
0.851293 9.9991E-05 0.148607
0.950072 9.9991E-05 0.0498279
0.60796 0.281714 0.110326
0.790086 0.110971 0.0989427
0.908343 9.9991E-05 0.0915574
0.922021 9.9991E-05 0.0778788
0.955034 9.9991E-05 0.0448656
0.922005 9.9991E-05 0.0778954
0.926286 9.9991E-05 0.073614
0.805372 0.100553 0.0940747
0.883497 9.9991E-05 0.116403
0.0323768 0.50841 0.459213
0.324339 0.43071 0.244952
0.344734 0.498299 0.156967
0.214759 0.501563 0.283677
0.365631 0.515881 0.118488
0.159936 0.465835 0.374229
0.347853 0.49412 0.158027
0.292438 0.472758 0.234804
0.376485 0.449379 0.174137
0.346859 0.44667 0.20647
0.392292 0.430084 0.177624
0.101402 0.00426154 0.894336
0.115324 9.9991E-05 0.884576
0.0592884 9.9991E-05 0.940612
0.03626 9.9991E-05 0.96364
0.0925006 9.9991E-05 0.907399
0.0515101 9.9991E-05 0.94839
0.124725 9.9991E-05 0.875175
0.0516562 9.9991E-05 0.948244
0.108371 0.00115804 0.890471
0.0901033 9.9991E-05 0.909797
9.9991E-05 0.290419 0.709481
9.9991E-05 0.267227 0.732673
9.9991E-05 0.355548 0.644352
9.9991E-05 0.397315 0.602585
0.2548 0.718211 0.0269891
0.302295 0.65808 0.0396256
0.325437 0.674463 9.9991E-05
0.153086 0.792508 0.0544059
0.0344048 0.845775 0.119821
0.386459 0.613441 9.9991E-05
0.33439 0.66551 9.9991E-05
0.296798 0.703102 9.9991E-05
0.208261 0.791639 9.9991E-05
0.368531 0.63137 9.9991E-05
0.222569 0.777331 9.9991E-05
9.999E-05 0.9998 9.999E-05
0.341962 0.595202 0.0628358
0.0665162 0.925363 0.00812073
0.317459 0.682441 9.9991E-05
0.0278014 0.91254 0.059659
9.9991E-05 0.662234 0.337666
9.9991E-05 0.686191 0.313709
9.9991E-05 0.68263 0.31727
9.9991E-05 0.672287 0.327613
9.9991E-05 0.749271 0.250629
9.9991E-05 0.709225 0.290675
0.132821 9.9991E-05 0.867079
0.15488 0.0196344 0.825486
0.185949 0.0490984 0.764953
0.158232 9.9991E-05 0.841668
0.19481 0.0293018 0.775888
9.9991E-05 0.442238 0.557662
9.9991E-05 0.421868 0.578032
9.9991E-05 0.408413 0.591487
0.136235 0.0362625 0.827502
9.9991E-05 0.454227 0.545673
0.523439 0.177534 0.299027
0.56104 0.340677 0.0982823
0.621508 0.23307 0.145423
0.482316 0.233655 0.284029
0.450171 0.400278 0.149552
0.324014 0.0928951 0.583091
0.224284 0.721163 0.0545526
0.225455 0.774445 9.9991E-05
0.0778271 0.82147 0.100703
0.30678 0.69312 9.9991E-05
9.9991E-05 0.901507 0.0983931
0.385756 0.538689 0.075555
0.323043 0.654529 0.0224279
0.116465 0.777149 0.106386
0.340548 0.599434 0.0600188
9.9991E-05 0.91391 0.0859904
0.32729 0.664366 0.00834417
0.254526 0.717712 0.0277621
0.376233 0.52572 0.0980472
0.172238 0.796609 0.0311534
0.252084 0.74209 0.00582563
0.324892 0.675008 9.9991E-05
0.305334 0.694566 9.9991E-05
0.428313 0.571587 9.9991E-05
0.373036 0.563081 0.0638832
0.339839 0.602575 0.0575856
0.190358 9.9991E-05 0.809542
0.151263 9.9991E-05 0.848637
0.104453 9.9991E-05 0.895447
0.111217 9.9991E-05 0.888683
0.120518 9.9991E-05 0.879382
9.9991E-05 0.790517 0.209383
0.355141 0.637454 0.00740519
0.469004 0.322919 0.208077
0.413658 0.586242 9.9991E-05
0.292319 0.677507 0.0301745
0.126365 0.818075 0.0555595
9.9991E-05 0.72878 0.27112
0.246997 0.650666 0.102337
0.0883268 0.734941 0.176732
0.262411 0.68421 0.0533791
0.00406376 0.759597 0.236339
0.381809 0.554117 0.0640737
0.00076403 0.790469 0.208767
0.191518 0.71877 0.0897119
0.338551 0.610113 0.0513358
0.0831849 0.841838 0.074977
0.349193 0.605504 0.0453034
0.347015 0.601839 0.0511455
0.0740573 0.841295 0.0846473
0.359985 0.559815 0.0802001
0.230528 0.68919 0.0802825
9.9991E-05 0.922198 0.0777016
0.0197794 0.854623 0.125598
0.214756 0.744982 0.0402619
9.9991E-05 0.892806 0.107094
0.199955 0.769124 0.0309216
9.9991E-05 0.810921 0.188979
0.142046 0.824351 0.033603
0.244951 0.662632 0.0924168
0.361017 0.601296 0.0376867
0.0557761 0.850222 0.094002
0.355245 0.596683 0.0480723
0.353066 0.637474 0.00946
0.308007 0.682619 0.00937441
0.337304 0.662596 9.9991E-05
0.278916 0.667278 0.0538056
0.116364 0.785667 0.0979685
0.227543 0.733578 0.0388788
0.365495 0.634405 9.9991E-05
0.402301 0.561643 0.0360566
0.247661 0.628592 0.123747
0.333587 0.666312 0.00010075
0.190666 0.733098 0.0762364
0.354343 0.623043 0.0226132
0.297373 0.656655 0.045972
0.381517 0.55549 0.0629927
0.431626 0.286263 0.282111
0.494939 0.43024 0.0748213
0.395781 0.472824 0.131395
0.474509 0.424569 0.100923
0.517945 0.313723 0.168333
0.266964 0.732936 9.9991E-05
0.387142 0.476408 0.13645
0.168035 0.478449 0.353516
0.468963 0.459586 0.071451
0.500517 0.410071 0.0894124
0.494997 0.440293 0.0647104
0.264249 0.505117 0.230634
0.496162 0.364318 0.13952
0.496203 0.396398 0.107399
0.11885 0.190477 0.690674
0.487943 0.389922 0.122135
0.507903 0.353893 0.138204
0.453775 0.493256 0.0529689
0.588388 0.281281 0.130331
0.45055 0.404941 0.144508
0.239359 0.718847 0.0417939
0.365073 0.604865 0.0300617
9.9991E-05 0.948707 0.0511932
9.9991E-05 0.912028 0.0878718
0.31579 0.607588 0.0766222
0.545861 0.301821 0.152318
0.523696 0.294046 0.182258
0.435232 0.336753 0.228015
0.495252 0.325578 0.17917
0.102889 0.689216 0.207895
0.115933 0.70936 0.174707
0.413665 0.586235 9.9991E-05
0.370099 0.574868 0.0550322
0.175864 0.727204 0.0969322
0.397213 0.589653 0.0131342
0.403771 0.596129 9.9991E-05
0.399252 0.523953 0.0767945
0.148319 0.826954 0.0247271
0.18607 0.780849 0.0330812
0.340774 0.659126 9.9991E-05
0.283861 0.691982 0.0241571
0.335734 0.591858 0.0724082
0.255448 0.744452 9.9991E-05
0.0866195 0.886174 0.0272065
0.377698 0.622202 9.9991E-05
0.0717587 0.906153 0.0220884
0.266255 0.732814 0.00093124
0.291878 0.642205 0.0659172
0.305572 0.643023 0.0514056
0.445953 0.417922 0.136125
0.397328 0.483641 0.119031
0.46895 0.28569 0.24536
0.434624 0.338396 0.226981
0.459471 0.409205 0.131324
0.421641 0.462276 0.116083
0.106256 0.581268 0.312476
0.524678 0.399516 0.0758059
0.0698297 0.376064 0.554106
0.492321 0.505512 0.00216667
0.0270464 0.948499 0.0244546
9.9991E-05 0.952925 0.0469748
0.278748 0.721152 9.9991E-05
0.370954 0.628946 9.9991E-05
0.209564 0.790336 9.9991E-05
0.327078 0.672822 9.9991E-05
0.325722 0.674178 9.9991E-05
0.0913582 0.0202452 0.888397
0.146209 0.0645099 0.789281
0.0857576 9.9991E-05 0.914142
0.0763478 9.9991E-05 0.923552
0.332093 0.667807 9.9991E-05
0.321772 0.678128 9.9991E-05
0.278817 0.721083 9.9991E-05
0.359956 0.594889 0.0451545
0.359268 0.558176 0.0825559
0.135779 0.83342 0.0308005
0.37056 0.62934 9.9991E-05
0.128799 0.871101 9.9991E-05
0.399814 0.306122 0.294064
0.241253 0.758647 9.9991E-05
0.169479 0.825131 0.00539
0.283689 0.716211 9.9991E-05
0.234648 0.765252 9.9991E-05
0.321123 0.678777 9.9991E-05
0.31306 0.672421 0.014519
9.9991E-05 0.988602 0.0112976
0.166748 0.833152 9.9991E-05
0.209949 0.789951 9.9991E-05
9.999E-05 0.9998 9.999E-05
0.238498 0.743265 0.0182368
9.9991E-05 0.972076 0.0278236
9.9991E-05 0.96707 0.0328301
0.349875 0.650025 9.9991E-05
0.0645472 0.886802 0.0486505
0.263165 0.736735 9.9991E-05
0.368706 0.559647 0.0716468
0.275594 0.724306 9.9991E-05
0.206052 0.793848 9.9991E-05
0.357315 0.637607 0.0050776
0.235979 0.763921 9.9991E-05
0.147305 0.852595 9.9991E-05
0.323214 0.608575 0.0682107
9.9991E-05 0.219741 0.780159
0.00757107 0.166125 0.826304
9.9991E-05 0.0816109 0.918289
9.9991E-05 0.0949896 0.90491
0.00763597 0.169411 0.822953
0.0314054 0.896749 0.0718455
0.0258058 0.902659 0.0715354
0.0986597 0.90124 9.9991E-05
0.418415 0.550841 0.0307439
0.395432 0.550412 0.0541557
0.169171 0.830729 9.9991E-05
0.379231 0.620669 9.9991E-05
0.268339 0.721606 0.0100549
0.281175 0.718725 9.9991E-05
0.419929 0.579971 9.9991E-05
0.0967982 0.890503 0.0126988
0.123659 0.876241 9.9991E-05
0.164653 0.823278 0.0120684
0.40164 0.565762 0.0325984
0.206726 0.793174 9.9991E-05
0.224887 0.762404 0.0127091
0.632608 0.290538 0.0768536
0.657254 0.200104 0.142642
0.694469 0.221811 0.0837193
0.667953 0.114766 0.217281
0.605909 0.286677 0.107413
0.322604 0.641214 0.0361814
0.661061 9.9991E-05 0.338839
0.673168 0.134444 0.192387
0.37445 0.432646 0.192904
0.298881 0.588525 0.112594
0.285254 0.56305 0.151696
0.381909 0.523484 0.094607
0.395006 0.524325 0.0806684
0.695781 0.154748 0.149471
0.630487 0.229033 0.140479
0.761834 0.141092 0.0970738
0.579215 0.30707 0.113715
0.656758 0.149858 0.193384
0.618717 0.247445 0.133838
0.702601 0.108971 0.188427
0.571574 0.293532 0.134894
0.286201 0.619667 0.0941321
0.600742 0.240191 0.159066
0.695742 0.0198122 0.284446
0.596961 0.239396 0.163643
0.0928115 0.649215 0.257973
0.401501 0.587051 0.0114489
0.607533 0.249162 0.143305
0.334436 0.544577 0.120987
0.285399 0.552104 0.162497
0.447082 0.356859 0.196059
0.520741 0.252741 0.226517
0.405684 0.522066 0.0722503
0.5914 0.268223 0.140378
0.703604 0.185288 0.111108
0.737262 0.0102974 0.25244
0.419817 0.550718 0.0294653
0.213548 0.617268 0.169184
0.0483985 0.718963 0.232638
0.429669 0.471961 0.0983699
0.284119 0.626902 0.0889793
0.419377 0.415143 0.16548
0.396969 0.502457 0.100574
0.125441 0.343349 0.53121
0.0649596 0.412753 0.522287
0.271089 0.501929 0.226982
0.204926 0.335728 0.459346
0.19764 0.185606 0.616754
0.308468 0.487416 0.204116
0.384641 0.377664 0.237695
0.244955 0.388339 0.366705
0.168157 0.425383 0.406459
0.438291 0.427947 0.133762
0.207977 0.444195 0.347828
0.0336961 0.386051 0.580253
0.432936 0.457213 0.109852
0.373483 0.371764 0.254753
0.448005 0.278062 0.273933
0.606288 0.283805 0.109907
0.53887 0.351435 0.109695
0.557173 0.319779 0.123048
0.407701 0.223397 0.368901
0.475237 0.335754 0.189009
0.522677 0.24299 0.234333
0.424695 0.31273 0.262575
0.30542 0.488393 0.206187
0.448913 0.386061 0.165026
0.46577 0.440766 0.0934646
0.483118 0.451741 0.0651401
0.486605 0.267247 0.246147
0.512519 0.304935 0.182545
0.335561 0.197787 0.466651
0.516903 0.328133 0.154964
0.422599 0.191982 0.385419
0.043871 0.0979606 0.858168
9.9991E-05 0.745444 0.254456
9.9991E-05 0.723873 0.276027
9.9991E-05 0.764896 0.235004
9.9991E-05 0.794052 0.205848
9.9991E-05 0.755188 0.244712
9.9991E-05 0.782563 0.217337
9.9991E-05 0.724365 0.275535
9.9991E-05 0.609482 0.390418
0.0541888 0.0291259 0.916685
0.0770718 0.0847291 0.838199
0.0941666 0.0111248 0.894709
0.0667436 0.0424746 0.890782
0.0778253 0.0216246 0.90055
0.0986451 9.9991E-05 0.901255
0.223642 0.0340719 0.742286
0.147263 9.9991E-05 0.852637
0.172778 0.0880427 0.739179
0.113794 9.9991E-05 0.886106
0.0299045 9.9991E-05 0.969995
0.107298 9.9991E-05 0.892602
0.0298901 9.9991E-05 0.97001
0.0735778 9.9991E-05 0.926322
0.12343 9.9991E-05 0.87647
0.121384 9.9991E-05 0.878516
0.160523 9.9991E-05 0.839377
0.181686 9.9991E-05 0.818214
0.212683 9.9991E-05 0.787217
0.193068 0.644775 0.162157
0.38853 0.60439 0.00708017
0.420678 0.525092 0.05423
0.0273196 0.74146 0.231221
0.294344 0.57414 0.131516
0.0185141 0.71021 0.271276
0.436759 0.53269 0.0305516
0.189927 0.642859 0.167214
0.251943 0.585914 0.162144
0.267759 0.732141 9.9991E-05
0.266953 0.603753 0.129294
0.43237 0.561742 0.00588741
0.28895 0.579493 0.131556
9.9991E-05 0.841433 0.158467
9.9991E-05 0.75233 0.24757
0.0585237 0.728955 0.212521
0.376822 0.52337 0.0998073
0.295344 0.647038 0.0576175
0.352252 0.598017 0.0497303
0.450167 0.514425 0.0354075
0.424829 0.362027 0.213144
0.467412 0.377733 0.154855
0.211931 0.327691 0.460378
0.386229 0.50854 0.105231
0.356288 0.41679 0.226923
0.156801 0.286438 0.556761
0.400194 0.290926 0.30888
0.368114 0.257267 0.374619
0.341753 0.342636 0.315611
0.461895 0.468663 0.0694419
0.437555 0.421076 0.141369
0.466021 0.394096 0.139883
0.409249 0.41298 0.177771
0.295118 0.214267 0.490615
