0.898865 9.9991E-05 0.101035
0.94983 9.9991E-05 0.0500699
0.878356 0.0129111 0.108733
0.828052 0.0177282 0.15422
0.895183 9.9991E-05 0.104717
0.718121 0.157537 0.124342
0.869888 0.0783328 0.0517792
0.796103 0.145259 0.0586381
0.931398 0.0685025 9.9991E-05
0.804636 0.120483 0.0748801
0.778134 0.134183 0.0876827
0.150913 0.76849 0.0805971
0.0442591 0.61923 0.336511
0.12736 0.715624 0.157016
0.135895 0.63823 0.225875
0.104732 0.565977 0.32929
0.00801481 0.575682 0.416303
0.030143 0.690452 0.279405
0.219297 0.604342 0.176361
0.20832 0.79158 9.9991E-05
0.0574771 0.692868 0.249655
0.0437269 0.69464 0.261633
0.011011 0.66174 0.327249
0.174588 0.699748 0.125663
0.0232047 0.51705 0.459745
0.0171547 0.661992 0.320853
0.179876 0.755347 0.0647772
0.130415 0.695796 0.173789
0.138086 0.818058 0.0438567
0.858645 9.9991E-05 0.141255
0.854907 9.9991E-05 0.144993
0.802209 9.9991E-05 0.197691
0.734375 0.0232289 0.242396
0.0483862 0.682783 0.268831
0.0127861 0.647666 0.339548
9.9991E-05 0.670313 0.329587
0.192531 0.783485 0.0239845
0.00603773 0.854664 0.139299
0.0319211 0.635297 0.332782
9.9991E-05 0.589789 0.410111
0.0953732 0.604028 0.300598
0.050271 0.545061 0.404668
0.0679199 0.918565 0.0135152
0.00169 0.577536 0.420774
9.9991E-05 0.616578 0.383322
0.0720729 0.539766 0.388161
9.9991E-05 0.823099 0.176801
0.023045 0.607345 0.36961
0.0541683 0.536349 0.409482
0.132522 0.867378 9.9991E-05
0.145239 0.854661 9.9991E-05
0.143886 0.807831 0.0482832
0.0474519 0.559898 0.39265
0.0368223 0.535459 0.427719
9.9991E-05 0.57259 0.42731
0.239477 0.715484 0.0450384
9.9991E-05 0.721189 0.278711
0.05836 0.524922 0.416718
0.139257 0.660789 0.199955
0.296478 0.698371 0.00515116
0.0112972 0.594402 0.394301
0.0885152 0.605783 0.305702
0.234793 0.765107 9.9991E-05
0.0149229 0.757157 0.227921
9.9991E-05 0.627397 0.372503
0.0574035 0.587375 0.355222
0.176514 0.669716 0.15377
0.0356558 0.629471 0.334874
9.9991E-05 0.639181 0.360719
0.161424 0.778049 0.0605266
9.9991E-05 0.715285 0.284615
0.0228865 0.874128 0.102986
0.0459182 0.573713 0.380369
0.0128421 0.987058 9.9991E-05
9.999E-05 0.9998 9.999E-05
9.9991E-05 0.891118 0.108782
9.9991E-05 0.742241 0.257659
0.0726077 0.551703 0.375689
9.9991E-05 0.707913 0.291987
0.0766024 0.891039 0.0323585
0.0204682 0.878348 0.101184
0.0400837 0.592117 0.367799
0.0146936 0.822323 0.162983
9.9991E-05 0.769482 0.230418
9.9991E-05 0.76898 0.23092
0.0777553 0.922145 9.9991E-05
9.9991E-05 0.633382 0.366518
0.867082 0.0368673 0.0960506
0.887082 9.9991E-05 0.112818
0.837641 9.9991E-05 0.162259
0.907212 9.9991E-05 0.0926881
0.915312 9.9991E-05 0.0845882
0.847549 9.9991E-05 0.152351
0.895479 9.9991E-05 0.104421
0.0475529 0.563057 0.38939
0.0341976 0.561503 0.404299
0.0948502 0.90505 9.9991E-05
0.0380677 0.602542 0.359391
0.0245157 0.795369 0.180116
9.9991E-05 0.684916 0.314984
9.9991E-05 0.662364 0.337536
9.9991E-05 0.673203 0.326697
0.0949646 0.904935 9.9991E-05
0.053628 0.614815 0.331557
9.9991E-05 0.591997 0.407903
0.0765565 0.543318 0.380125
0.0179305 0.863842 0.118227
9.9991E-05 0.723362 0.276538
9.9991E-05 0.754502 0.245398
9.9991E-05 0.807382 0.192518
0.0211449 0.765249 0.213606
0.0414675 0.598357 0.360175
0.1204 0.727043 0.152557
0.129133 0.670496 0.200371
0.107467 0.52836 0.364174
0.0927228 0.558031 0.349246
0.096674 0.651587 0.251739
0.00800114 0.620647 0.371352
0.086344 0.684709 0.228947
0.0587659 0.620617 0.320617
0.052806 0.567677 0.379517
0.0171066 0.675245 0.307649
0.0304345 0.691756 0.277809
0.00527399 0.575021 0.419705
0.0497554 0.556202 0.394043
9.9991E-05 0.617615 0.382285
0.02475 0.605701 0.369549
9.9991E-05 0.618618 0.381282
0.13274 0.650388 0.216872
9.9991E-05 0.551066 0.448834
9.9991E-05 0.581911 0.417989
0.156302 0.777392 0.066306
0.110539 0.823105 0.0663566
0.0870754 0.589349 0.323576
0.0712009 0.928699 9.9991E-05
0.0964401 0.772953 0.130607
0.0232408 0.795344 0.181415
0.0893605 0.768066 0.142573
0.0786899 0.7905 0.13081
0.0221813 0.595432 0.382387
0.0758848 0.587896 0.336219
9.9991E-05 0.61176 0.38814
0.104216 0.860845 0.0349391
0.0794343 0.553305 0.367261
0.0667889 0.627893 0.305318
0.284383 0.715517 9.9991E-05
9.9991E-05 0.577868 0.422032
0.143051 0.686195 0.170754
0.10634 0.544847 0.348813
0.178969 0.739713 0.0813178
0.209026 0.790874 9.9991E-05
0.0747977 0.692767 0.232436
0.0898192 0.61786 0.29232
0.130803 0.559338 0.30986
0.161711 0.773791 0.0644988
0.0353461 0.570973 0.393681
0.00154298 0.903799 0.0946577
9.9991E-05 0.790848 0.209052
0.0525605 0.542488 0.404952
0.448377 0.222275 0.329348
0.701885 0.193678 0.104437
0.72835 0.188024 0.0836262
0.468984 0.227257 0.303759
9.9991E-05 0.689365 0.310535
0.00429124 0.561354 0.434355
9.9991E-05 0.110377 0.889523
0.0357063 0.296444 0.66785
0.0956577 0.271187 0.633155
0.0914133 0.794342 0.114245
0.0808142 0.592397 0.326788
0.0463504 0.886584 0.0670661
0.0198006 0.65485 0.325349
0.0724263 0.661594 0.26598
9.9991E-05 0.651166 0.348734
0.100891 0.838076 0.0610334
9.9991E-05 0.55509 0.44481
0.0570832 0.583979 0.358938
0.0676719 9.9991E-05 0.932228
0.0627669 9.9991E-05 0.937133
0.0998099 0.165209 0.734981
9.9991E-05 0.121203 0.878697
0.0736753 0.00419114 0.922134
0.0615925 9.9991E-05 0.938308
0.0805438 9.9991E-05 0.919356
9.9991E-05 0.00937857 0.990521
0.082364 9.9991E-05 0.917536
0.0567791 9.9991E-05 0.943121
0.0451993 9.9991E-05 0.954701
0.0669417 0.0463557 0.886703
0.138242 9.9991E-05 0.861658
0.064551 9.9991E-05 0.935349
0.104109 0.334871 0.561021
0.103664 0.105928 0.790408
0.11085 9.9991E-05 0.88905
0.0667466 9.9991E-05 0.933153
0.0227132 9.9991E-05 0.977187
0.0683365 9.9991E-05 0.931564
0.0871346 9.9991E-05 0.912765
0.0873362 0.12003 0.792634
0.0806585 9.9991E-05 0.919242
0.45148 0.518786 0.0297343
0.226986 0.462376 0.310638
0.1579 0.503581 0.338519
0.310306 0.494734 0.194959
0.114057 0.501836 0.384107
0.361141 0.464353 0.174507
0.143742 0.476172 0.380086
0.234925 0.49619 0.268885
0.138845 0.451268 0.409887
0.192364 0.458088 0.349549
0.204363 0.393942 0.401694
0.89115 0.021149 0.0877012
0.889746 9.9991E-05 0.110154
0.939841 9.9991E-05 0.0600586
0.964476 9.9991E-05 0.035424
0.902476 9.9991E-05 0.0974244
0.942636 9.9991E-05 0.0572645
0.900598 9.9991E-05 0.0993017
0.941364 9.9991E-05 0.0585361
0.897982 0.0116913 0.0903263
0.919956 9.9991E-05 0.0799441
0.699472 0.300428 9.9991E-05
0.730855 0.269045 9.9991E-05
0.648094 0.351806 9.9991E-05
0.597833 0.402067 9.9991E-05
0.04189 0.681887 0.276223
9.9991E-05 0.713956 0.285944
0.0042961 0.681065 0.314639
0.0429038 0.802526 0.15457
0.104725 0.862352 0.0329225
9.9991E-05 0.60791 0.39199
9.9991E-05 0.677687 0.322213
9.9991E-05 0.711594 0.288306
9.9991E-05 0.791561 0.208339
0.00664329 0.600561 0.392795
9.9991E-05 0.809693 0.190207
9.999E-05 0.9998 9.999E-05
0.0340254 0.628133 0.337842
0.00574987 0.923653 0.070597
9.9991E-05 0.707624 0.292276
0.0561087 0.926743 0.0171487
0.366266 0.633634 9.9991E-05
0.314962 0.684938 9.9991E-05
0.307801 0.692099 9.9991E-05
0.320444 0.679456 9.9991E-05
0.249914 0.749986 9.9991E-05
0.298553 0.701347 9.9991E-05
0.87434 9.9991E-05 0.12556
0.801013 0.0561179 0.142869
0.749261 0.0462407 0.204498
0.848819 9.9991E-05 0.151081
0.784122 0.0246632 0.191215
0.563571 0.436329 9.9991E-05
0.597383 0.402517 9.9991E-05
0.581152 0.418748 9.9991E-05
0.855832 0.0110357 0.133132
0.558949 0.440951 9.9991E-05
0.29379 0.183235 0.522974
0.0964565 0.374274 0.52927
0.147773 0.245841 0.606386
0.309451 0.234014 0.456534
0.130132 0.443049 0.426819
0.574533 0.134247 0.291221
0.0492516 0.767583 0.183166
0.0282489 0.759748 0.212003
0.115698 0.815437 0.0688649
9.9991E-05 0.719391 0.280509
0.106795 0.893105 9.9991E-05
0.0499243 0.587139 0.362937
0.0131159 0.660355 0.326529
0.120059 0.777012 0.102929
0.0495222 0.576091 0.374387
0.100752 0.899148 9.9991E-05
9.9991E-05 0.65014 0.34976
0.0526115 0.708689 0.238699
0.11408 0.488458 0.397461
0.0665139 0.769979 0.163507
0.0259321 0.746499 0.227569
9.9991E-05 0.658813 0.341087
9.9991E-05 0.719576 0.280324
9.9991E-05 0.569637 0.430263
0.0548903 0.580706 0.364403
0.0642968 0.576987 0.358716
0.797479 9.9991E-05 0.202421
0.840119 9.9991E-05 0.159781
0.882166 0.0286528 0.0891808
0.881158 9.9991E-05 0.118742
0.885594 9.9991E-05 0.114306
0.229799 0.770101 9.9991E-05
0.0318149 0.63414 0.334045
0.193789 0.30872 0.497491
9.9991E-05 0.613969 0.385931
0.0208779 0.710854 0.268268
0.0793826 0.814828 0.105789
0.253091 0.746809 9.9991E-05
0.0669498 0.660654 0.272396
0.176977 0.709166 0.113857
0.0675907 0.676989 0.255421
0.233612 0.766288 9.9991E-05
0.0611401 0.557203 0.381657
0.192474 0.800964 0.00656277
0.0904811 0.709385 0.200134
0.0467596 0.63937 0.31387
0.0845261 0.810009 0.105465
0.0291459 0.671071 0.299783
0.0785324 0.593144 0.328324
0.0799986 0.859055 0.0609466
0.0424586 0.591175 0.366367
0.025895 0.712296 0.261809
0.077263 0.922637 9.9991E-05
0.105512 0.871352 0.023136
0.0576861 0.724234 0.21808
0.0961849 0.903715 9.9991E-05
0.0237876 0.769426 0.206787
0.160952 0.836077 0.00297133
0.0408488 0.822891 0.13626
0.0940361 0.643301 0.262663
0.0232004 0.613631 0.363168
0.0990511 0.84973 0.0512191
0.0614386 0.59906 0.339502
0.0380303 0.582679 0.379291
0.0432713 0.658257 0.298472
0.0468893 0.66222 0.29089
0.0410111 0.685083 0.273905
0.098089 0.778158 0.123753
0.0436184 0.734198 0.222184
9.9991E-05 0.636933 0.362967
0.00546145 0.574625 0.419913
0.0952236 0.677841 0.226936
9.9991E-05 0.652597 0.347303
0.0981849 0.704259 0.197557
0.0138588 0.633853 0.352288
0.0530314 0.634025 0.312944
0.0868676 0.54309 0.370043
0.296037 0.276748 0.427215
0.0962315 0.412207 0.491562
0.166765 0.395184 0.438051
0.0955185 0.418853 0.485629
0.168352 0.323117 0.508531
9.9991E-05 0.742477 0.257423
0.1532 0.430356 0.416445
0.341655 0.484454 0.173891
0.0838336 0.453576 0.46259
0.0747033 0.438481 0.486815
0.0725606 0.44378 0.483659
0.218183 0.499255 0.282562
0.140629 0.370293 0.489077
0.108241 0.392293 0.499467
0.679727 0.209919 0.110354
0.168357 0.362608 0.469035
0.104307 0.366557 0.529135
0.0376373 0.51453 0.447832
0.142345 0.281913 0.575742
0.167671 0.380076 0.452254
0.00890005 0.738485 0.252615
0.0483426 0.630032 0.321625
0.0559055 0.943995 9.9991E-05
0.0896387 0.910261 9.9991E-05
0.0386951 0.617824 0.343481
0.17617 0.281191 0.542639
0.159127 0.292782 0.54809
0.249083 0.339104 0.411812
0.165392 0.348073 0.486536
0.195247 0.72293 0.0818233
0.156977 0.725104 0.117919
9.9991E-05 0.599932 0.399968
0.0585427 0.579029 0.362428
0.097581 0.724042 0.178377
0.0176515 0.594774 0.387574
9.9991E-05 0.589542 0.410358
0.0293137 0.59433 0.376357
9.9991E-05 0.823223 0.176677
0.0318321 0.783552 0.184616
9.9991E-05 0.697002 0.302898
0.0150516 0.719527 0.265421
0.0520953 0.609381 0.338523
9.9991E-05 0.732336 0.267564
0.02969 0.907961 0.0623494
9.9991E-05 0.618685 0.381215
0.0270902 0.889859 0.0830513
0.0075668 0.741499 0.250934
0.0531469 0.637206 0.309647
0.0398931 0.664772 0.295335
0.151463 0.39893 0.449608
0.148876 0.458831 0.392293
0.23147 0.319371 0.449159
0.218469 0.336765 0.444766
0.13734 0.406349 0.45631
0.158919 0.423885 0.417196
0.307098 0.577653 0.11525
0.0503924 0.406264 0.543343
0.538713 0.378945 0.0823423
0.0326104 0.494819 0.472571
0.0380262 0.957184 0.00478998
0.0532856 0.946614 9.9991E-05
9.9991E-05 0.736591 0.263309
9.9991E-05 0.644415 0.355485
9.9991E-05 0.767361 0.232539
9.9991E-05 0.668361 0.331539
9.9991E-05 0.685938 0.313962
0.889385 0.0182451 0.0923696
0.793421 0.0806233 0.125956
0.936933 9.9991E-05 0.062967
0.92012 9.9991E-05 0.0797804
9.9991E-05 0.65672 0.34318
9.9991E-05 0.669124 0.330776
9.9991E-05 0.738131 0.261769
0.0376738 0.635214 0.327112
0.0614464 0.609476 0.329078
0.0425825 0.81962 0.137798
9.9991E-05 0.639147 0.360753
9.9991E-05 0.865858 0.134042
0.308683 0.260252 0.431065
9.9991E-05 0.760421 0.239479
0.0139729 0.835151 0.150876
9.9991E-05 0.707365 0.292535
9.9991E-05 0.760688 0.239212
9.9991E-05 0.690769 0.309131
0.0055798 0.654185 0.340235
9.999E-05 0.9998 9.999E-05
9.9991E-05 0.834165 0.165735
9.9991E-05 0.794951 0.204949
9.999E-05 0.9998 9.999E-05
0.0207104 0.753295 0.225995
0.0279448 0.971955 9.9991E-05
0.0288095 0.97109 9.9991E-05
9.9991E-05 0.620163 0.379737
0.0823777 0.86003 0.057592
9.9991E-05 0.719393 0.280507
0.0641411 0.548623 0.387236
9.9991E-05 0.717012 0.282888
0.0236269 0.776306 0.200067
9.9991E-05 0.647255 0.352645
9.9991E-05 0.701419 0.298481
9.9991E-05 0.849275 0.150625
0.0783582 0.618129 0.303513
0.781211 0.218689 9.9991E-05
0.8367 0.153212 0.0100874
0.929599 0.0703012 9.9991E-05
0.903025 0.0968746 9.9991E-05
0.814553 0.168362 0.0170851
0.0908159 0.883664 0.0255198
0.0540752 0.927845 0.0180803
9.9991E-05 0.896103 0.103797
0.0456456 0.597068 0.357287
0.0507499 0.582467 0.366784
0.000722461 0.848546 0.150731
9.9991E-05 0.59671 0.40319
0.016294 0.730806 0.2529
9.9991E-05 0.69036 0.30954
9.9991E-05 0.592479 0.407421
9.9991E-05 0.880634 0.119266
0.0113745 0.856585 0.13204
0.0386972 0.847055 0.114247
0.0722117 0.548743 0.379045
0.0117424 0.782342 0.205916
0.014908 0.736014 0.249078
0.0868562 0.32069 0.592454
0.164618 0.173649 0.661733
0.0992231 0.181089 0.719688
0.180561 0.140365 0.679074
0.0835942 0.304187 0.612219
0.0101288 0.671909 0.317962
0.362991 9.9991E-05 0.636909
0.182104 0.11266 0.705235
0.197105 0.431626 0.371269
0.104497 0.596478 0.299025
0.145222 0.578622 0.276156
0.0668984 0.580266 0.352835
0.110074 0.49131 0.398617
0.174138 0.116724 0.709138
0.131651 0.233125 0.635224
0.0902226 0.142779 0.766999
0.122076 0.323844 0.55408
0.216538 0.1378 0.645662
0.0908539 0.2818 0.627347
0.182965 0.149046 0.667989
0.133321 0.271391 0.595288
0.100411 0.614388 0.285201
0.168227 0.236474 0.595299
0.28017 0.00179953 0.71803
0.110968 0.286656 0.602376
0.232832 0.654817 0.112351
0.0106052 0.593819 0.395576
0.136972 0.248138 0.61489
0.130191 0.538783 0.331027
0.16279 0.545062 0.292148
0.190291 0.36668 0.443029
0.207438 0.288423 0.504138
0.0852774 0.521905 0.392817
0.128628 0.294564 0.576808
0.114128 0.185304 0.700569
0.254998 0.0112931 0.733709
0.0711069 0.503214 0.425679
0.139566 0.618707 0.241726
0.245336 0.705351 0.0493123
0.0858421 0.538437 0.375721
0.127822 0.654929 0.21725
0.151605 0.382813 0.465581
0.133053 0.490819 0.376128
0.549925 0.353377 0.0966975
0.527874 0.435705 0.0364209
0.228297 0.510178 0.261525
0.464166 0.328882 0.206953
0.645385 0.170874 0.183741
0.240223 0.473396 0.286381
0.228864 0.397221 0.373915
0.369686 0.400362 0.229953
0.405325 0.449872 0.144803
0.151183 0.385539 0.463279
0.341506 0.446391 0.212103
0.606148 0.36617 0.0276822
0.101791 0.47079 0.427419
0.23966 0.38098 0.37936
0.299269 0.250675 0.450057
0.0974234 0.268167 0.63441
0.120861 0.341452 0.537687
0.147779 0.31552 0.536701
0.361645 0.238648 0.399706
0.202201 0.306729 0.49107
0.212068 0.270746 0.517187
0.257961 0.30216 0.439879
0.204821 0.500861 0.294318
0.143973 0.406655 0.449372
0.0720511 0.435891 0.492058
0.100828 0.437608 0.461565
0.244888 0.263941 0.491171
0.177299 0.30072 0.521981
0.460466 0.187993 0.351541
0.11116 0.400504 0.488336
0.380876 0.203019 0.416105
0.877956 0.0881766 0.0338673
0.255229 0.744671 9.9991E-05
0.281898 0.718002 9.9991E-05
0.243078 0.756822 9.9991E-05
0.22087 0.77903 9.9991E-05
0.254016 0.745884 9.9991E-05
0.208015 0.791885 9.9991E-05
0.260701 0.739199 9.9991E-05
0.387586 0.612314 9.9991E-05
0.904192 0.0420545 0.0537539
0.833614 0.0978792 0.0685066
0.887036 0.0397226 0.0732414
0.891498 0.0428034 0.0656987
0.904341 9.9991E-05 0.095559
0.903059 9.9991E-05 0.0968411
0.751223 0.0356258 0.213152
0.866137 9.9991E-05 0.133763
0.748793 0.0953238 0.155884
0.874374 9.9991E-05 0.125526
0.963521 9.9991E-05 0.0363789
0.886646 9.9991E-05 0.113254
0.946748 9.9991E-05 0.0531518
0.915574 9.9991E-05 0.0843258
0.865354 9.9991E-05 0.134546
0.874054 9.9991E-05 0.125846
0.832535 9.9991E-05 0.167365
0.818458 9.9991E-05 0.181442
0.785337 9.9991E-05 0.214563
0.151342 0.643662 0.204996
0.0134877 0.578279 0.408233
0.0834425 0.51816 0.398397
0.216222 0.752784 0.0309939
0.10314 0.615625 0.281235
0.260333 0.729566 0.0101007
0.0458396 0.533496 0.420665
0.142421 0.656444 0.201136
0.155534 0.571466 0.273
9.9991E-05 0.71683 0.28307
0.148833 0.625243 0.225924
0.00786807 0.561238 0.430894
0.0935251 0.615622 0.290852
0.153371 0.846529 9.9991E-05
0.259383 0.740517 9.9991E-05
0.240132 0.720603 0.0392656
0.0607253 0.546745 0.39253
0.0921623 0.615656 0.292182
0.025767 0.606752 0.367481
9.9991E-05 0.545763 0.454137
0.219355 0.35014 0.430505
0.1359 0.373411 0.490689
0.460874 0.291968 0.247158
0.0762184 0.500223 0.423559
0.208916 0.423366 0.367717
0.575225 0.283603 0.141172
0.314548 0.275359 0.410094
0.388168 0.248812 0.36302
0.324917 0.335698 0.339385
0.0935166 0.46409 0.442393
0.156712 0.409309 0.433979
0.117269 0.407983 0.474749
0.159199 0.423511 0.41729
0.496594 0.222342 0.281063
