9.9964E-05 0.852256 9.9964E-05 9.9964E-05 0.0492293 0.0272282 0.070887 9.9964E-05
0.0270304 0.917277 9.9973E-05 0.0263499 0.0239041 9.9973E-05 9.9973E-05 0.00513833
9.9973E-05 0.77789 0.117287 9.9973E-05 0.0390009 0.0277369 0.0377856 9.9973E-05
9.9973E-05 0.765419 0.00294124 9.9973E-05 0.0352369 0.0766375 0.119466 9.9973E-05
9.9964E-05 0.881019 0.0534899 0.0257619 9.9964E-05 0.0393296 9.9964E-05 9.9964E-05
9.9973E-05 0.60771 0.13492 9.9973E-05 9.9973E-05 0.015112 0.0605204 0.181437
9.9964E-05 0.800385 9.9964E-05 9.9964E-05 0.0360311 9.9964E-05 0.0671883 0.0959953
9.9973E-05 0.677302 9.9973E-05 9.9973E-05 0.0130848 0.044604 0.164776 0.0999326
0.0615452 0.783376 9.99729E-05 9.99729E-05 0.0233149 9.99729E-05 0.0873808 0.0440832
9.9991E-05 0.69539 0.115388 0.000715337 0.0108478 0.0452427 0.0118249 0.120491
9.9964E-05 0.711394 0.0458703 9.9964E-05 9.9964E-05 9.9964E-05 0.113768 0.128568
0.155372 9.9982E-05 0.264933 0.0192491 9.9982E-05 0.0934754 0.428486 0.0382843
9.9982E-05 9.9982E-05 0.515184 0.0855681 0.0687812 0.0541112 0.265499 0.010656
0.0950623 0.0923601 0.27859 0.1048 0.00163757 0.0293725 0.389088 0.00908926
0.0784334 0.0414729 0.257807 0.100132 0.0122982 0.181398 0.313852 0.0146071
0.0934688 0.0877032 0.320302 0.0764102 9.9991E-05 0.188387 0.230955 0.00267275
0.063755 0.0892348 0.61749 0.031081 0.0523886 0.091823 0.0541278 9.9991E-05
0.236513 9.9982E-05 0.339856 0.0171316 0.036703 0.127341 0.242256 9.9982E-05
0.088508 0.162483 0.290935 0.0593136 9.9982E-05 0.0808818 0.317678 9.9982E-05
0.113175 0.0141131 0.0164891 9.9982E-05 9.9982E-05 0.0921934 0.650264 0.113565
0.0931104 0.0481119 0.362839 0.100438 0.040141 0.0600772 0.295182 9.9991E-05
0.0310418 0.0126207 0.495858 0.103967 0.048377 0.000245583 0.125553 0.182337
0.071646 0.0828909 0.618378 0.0351857 9.9991E-05 0.017389 0.1161 0.0583106
0.194294 0.0383271 0.299358 0.01523 0.0171612 0.111367 0.324163 9.9991E-05
9.9982E-05 0.140742 0.622723 0.0295535 9.9982E-05 0.000283732 0.124536 0.0819623
9.9982E-05 9.9982E-05 0.638596 0.0439273 0.0620887 0.0273251 0.139762 0.0881012
0.249604 9.9973E-05 0.141563 9.9973E-05 0.0147049 0.124349 0.46948 9.9973E-05
0.133256 0.0212318 0.152585 0.0251732 9.9982E-05 0.223099 0.444455 9.9982E-05
0.0797591 0.0139638 0.291237 0.160518 9.9982E-05 9.9982E-05 0.42205 0.0322724
9.994E-05 9.994E-05 9.994E-05 9.994E-05 0.9993 9.994E-05 9.994E-05 9.994E-05
9.994E-05 9.994E-05 9.994E-05 9.994E-05 0.9993 9.994E-05 9.994E-05 9.994E-05
0.0560751 0.465484 0.0516059 9.9973E-05 0.385813 0.0407213 9.9973E-05 9.9973E-05
0.00527317 0.516776 0.147443 9.9973E-05 0.263255 0.0669534 9.9973E-05 9.9973E-05
0.189125 9.9982E-05 0.572827 0.0130065 0.0236788 9.9982E-05 0.0885437 0.112619
0.278445 0.122353 0.456809 9.9982E-05 0.00877897 0.0567451 0.0766692 9.9982E-05
0.447904 0.0182952 0.477128 9.9973E-05 0.0213946 0.0349778 9.9973E-05 9.9973E-05
0.081763 0.0679303 0.10891 0.103949 0.0373446 0.0373335 0.559511 0.00325933
0.527029 0.00995784 0.328104 0.0316107 0.0328329 9.9991E-05 0.00252262 0.0678431
0.191358 0.00424297 0.428345 0.0811641 0.0780416 0.0668258 0.149922 9.9991E-05
0.102396 0.0116353 0.665035 9.9982E-05 0.0196544 0.0304641 9.9982E-05 0.170615
0.0948082 0.10903 0.616661 9.9964E-05 9.9964E-05 9.9964E-05 9.9964E-05 0.1791
0.133618 0.0536099 0.618263 0.0513126 0.057463 9.9982E-05 0.0855335 9.9982E-05
0.690666 0.0274484 0.0890726 9.9991E-05 0.014113 0.00164277 0.161168 0.0157896
0.0350863 0.042547 0.630621 9.9991E-05 0.0335434 0.00956211 0.0344368 0.214103
0.220356 0.00886259 0.421266 0.025874 0.0342978 0.122813 0.0812314 0.0852992
0.142278 9.9982E-05 0.521341 9.9982E-05 0.0820424 0.060494 0.0291477 0.164497
0.604795 9.9973E-05 0.30211 0.018499 0.0361883 9.9973E-05 9.9973E-05 0.0381083
0.186155 0.067643 0.625616 9.9982E-05 9.9982E-05 0.0085051 0.00191036 0.10997
0.215923 0.0282675 0.557151 9.9991E-05 0.0960968 0.066295 0.00979962 0.0263669
0.752104 0.0414388 9.9955E-05 9.9955E-05 9.9955E-05 9.9955E-05 9.9955E-05 0.205957
0.21607 0.000204643 0.158665 0.0827268 0.00242696 9.9991E-05 0.429212 0.110594
0.241127 0.0126851 0.108078 0.128157 9.9982E-05 9.9982E-05 0.211942 0.297811
9.9982E-05 0.112731 0.540883 0.174676 0.0408647 0.0384235 0.0922216 9.9982E-05
0.0109942 0.0731338 0.483674 0.0830616 9.9991E-05 0.153785 0.0858015 0.10945
9.9973E-05 0.0772692 0.608622 0.135219 0.0236663 9.9973E-05 9.9973E-05 0.154923
0.181295 0.0895128 0.189925 0.0517956 9.9982E-05 9.9982E-05 0.398612 0.0886599
0.0380621 0.0234004 0.581957 0.0846297 0.00542341 9.9991E-05 0.157799 0.108629
0.0358412 0.0417285 0.523593 0.00819975 9.9991E-05 0.0672636 0.0953045 0.227969
0.167807 0.0995815 0.319191 0.145297 0.0302035 9.9991E-05 0.129987 0.107834
0.17816 0.134529 0.0917758 9.9991E-05 0.047958 0.0497498 0.374292 0.123437
0.150389 9.9982E-05 0.565178 0.00652222 0.0721301 9.9982E-05 0.15471 0.0508706
0.128674 0.0369169 0.363973 0.0983484 0.00291449 0.0403746 0.248991 0.0798082
0.213021 9.9973E-05 0.0565905 9.9973E-05 0.0552214 9.9973E-05 0.510845 0.164022
0.0882505 9.9982E-05 0.549998 0.145635 0.0351394 9.9982E-05 0.17194 0.00883676
0.0279293 0.00557002 0.634657 0.175151 9.9991E-05 0.0228736 0.0648153 0.0689041
9.9982E-05 9.9982E-05 0.443363 0.0704516 0.129241 0.123854 0.220055 0.0128362
0.217655 0.0693894 0.318284 9.9991E-05 0.000336889 0.0411996 0.260425 0.0926103
0.101967 9.9991E-05 0.510505 0.0370164 0.0687443 0.0297066 0.125722 0.126238
0.142302 0.0433738 0.433962 0.0981555 0.102396 0.0940281 0.0856833 9.9991E-05
0.170752 9.9982E-05 0.188491 0.0691148 0.0841393 9.9982E-05 0.401453 0.08585
0.407546 9.9964E-05 0.492978 9.9964E-05 9.9964E-05 9.9964E-05 0.0811471 0.0179293
0.712892 0.00360671 0.160613 9.9973E-05 0.0498592 9.9973E-05 0.0727289 9.9973E-05
0.108766 0.0850397 0.49301 0.0394306 0.0195142 0.102776 0.107134 0.0443292
0.873432 9.9946E-05 9.9946E-05 9.9946E-05 9.9946E-05 9.9946E-05 9.9946E-05 0.125968
0.816344 9.9964E-05 9.9964E-05 0.122647 9.9964E-05 9.9964E-05 0.0297085 0.0309007
0.714846 9.9946E-05 0.284554 9.9946E-05 9.9946E-05 9.9946E-05 9.9946E-05 9.9946E-05
0.517321 9.9955E-05 0.448749 9.9955E-05 0.0334298 9.9955E-05 9.9955E-05 9.9955E-05
0.177864 0.055288 0.514626 9.9991E-05 0.0687924 0.0983686 0.0565594 0.0284012
0.460178 9.9982E-05 0.433546 0.0189998 0.0528552 0.00592077 0.0283001 9.9982E-05
0.640572 0.00345523 0.121882 9.9973E-05 9.9973E-05 0.0505501 0.18324 9.9973E-05
0.469665 9.9964E-05 0.20581 9.9964E-05 9.9964E-05 0.0473367 0.276788 9.9964E-05
0.27767 9.9982E-05 0.394074 0.0730098 0.090782 0.038721 0.125543 9.9982E-05
0.534104 0.0377254 0.320391 0.0236053 9.9982E-05 0.0457628 0.0382117 9.9982E-05
0.440678 0.0256186 0.42218 9.9973E-05 0.0695782 9.9973E-05 0.0416451 9.9973E-05
0.539485 9.9982E-05 0.322634 0.0852828 0.0204455 0.000153368 9.9982E-05 0.0317992
0.691125 0.0013377 9.9973E-05 0.0707985 9.9973E-05 9.9973E-05 0.00762206 0.228817
0.120412 0.0128535 0.63435 9.9991E-05 0.0222963 0.0387079 0.116809 0.0544719
0.016163 0.776861 0.088736 9.9982E-05 0.0173041 0.0379739 0.0627618 9.9982E-05
9.9955E-05 0.794032 0.0803051 9.9955E-05 0.125163 9.9955E-05 9.9955E-05 9.9955E-05
9.9964E-05 0.774057 0.0707095 9.9964E-05 0.099662 0.0551718 9.9964E-05 9.9964E-05
9.9973E-05 0.826638 0.00585138 9.9973E-05 0.112589 0.00825425 9.9973E-05 0.0463679
9.9964E-05 0.793132 0.0938561 0.0113271 0.101285 9.9964E-05 9.9964E-05 9.9964E-05
0.000604032 0.858361 0.0595661 9.9982E-05 0.0443043 0.0131245 9.9982E-05 0.02384
9.99551E-05 0.843064 0.0803382 9.99551E-05 0.0760976 9.99551E-05 9.99551E-05 9.99551E-05
0.23989 0.114872 0.545502 9.9973E-05 0.0298163 9.9973E-05 0.0696204 9.9973E-05
0.0514896 0.0770058 0.573769 0.0807336 9.9982E-05 0.0786701 0.138132 9.9982E-05
0.839351 0.0212243 9.9973E-05 0.0479588 0.00363159 9.9973E-05 0.0875341 9.9973E-05
0.142111 0.174986 0.518722 0.106803 0.0423073 0.0117963 0.00317432 9.9991E-05
0.410634 0.0404176 0.446618 9.9982E-05 0.0037943 0.00382025 0.0945155 9.9982E-05
0.253314 9.9964E-05 0.618862 0.114938 9.9964E-05 0.012486 9.9964E-05 9.9964E-05
0.206137 0.0738957 0.560695 0.129402 0.0246853 0.00498496 9.9982E-05 9.9982E-05
0.404372 0.012092 0.448269 0.064362 0.0202002 0.0452441 9.9991E-05 0.00536084
0.769778 0.0803873 9.9964E-05 9.9964E-05 9.9964E-05 9.9964E-05 0.13844 0.0109943
0.247511 0.137826 0.517487 9.9973E-05 0.0534919 9.9973E-05 9.9973E-05 0.0433836
0.207651 0.0541172 0.619908 9.9973E-05 9.9973E-05 0.0477892 9.9973E-05 0.0702346
0.128072 9.9991E-05 0.457712 0.0102243 0.0966105 0.14207 0.119838 0.0453733
0.482355 9.9973E-05 0.286052 0.117712 0.0544564 9.9973E-05 9.9973E-05 0.0591244
0.405436 9.9982E-05 0.475193 0.0261255 0.00289733 0.0289853 9.9982E-05 0.0611634
0.359384 9.9964E-05 0.459785 9.9964E-05 0.0498465 9.9964E-05 0.130585 9.9964E-05
0.538301 9.9964E-05 0.316707 0.0496883 9.9964E-05 0.0949038 9.9964E-05 9.9964E-05
0.392359 0.0383278 0.448455 9.9964E-05 9.9964E-05 9.9964E-05 0.120458 9.9964E-05
0.22227 0.157975 0.54276 0.0431653 0.0120138 9.9991E-05 0.0086462 0.0130701
0.0393568 9.9991E-05 0.191151 0.240151 0.0601694 0.0335721 0.327282 0.108217
9.9991E-05 0.0644619 0.387395 0.0155587 0.0469126 0.0971695 0.343735 0.0446666
9.9982E-05 0.0839574 0.665223 0.0232037 0.00314581 9.9982E-05 0.177557 0.0467129
0.151207 0.0509341 0.585451 0.0560289 0.00779237 0.0931676 0.0553191 9.9991E-05
9.9973E-05 9.9973E-05 0.513052 0.0390945 0.0805396 9.9973E-05 0.36161 0.00540404
0.0238282 0.0674264 0.564058 0.121404 9.9991E-05 0.022963 0.18765 0.0125695
9.9964E-05 0.109985 0.45212 0.0542686 9.9964E-05 9.9964E-05 0.383227 9.9964E-05
0.131183 0.10239 0.505513 0.0628664 0.0486431 9.9982E-05 0.149205 9.9982E-05
0.0973798 0.0257575 0.547653 9.9982E-05 9.9982E-05 0.0686159 0.177025 0.0833695
0.0463189 9.9982E-05 0.603775 0.102304 0.048486 9.9982E-05 0.165237 0.033679
9.9964E-05 9.9964E-05 0.573687 0.0801811 9.9964E-05 9.9964E-05 0.3412 0.00453168
0.0412722 0.050145 0.611417 0.0800058 9.9991E-05 0.063278 0.0965598 0.0572223
0.0652469 0.042893 0.583242 0.0548666 0.0343346 0.0674233 0.120958 0.0310355
0.0556112 9.9982E-05 0.522222 0.0929094 0.00161795 0.0791355 0.248304 9.9982E-05
0.073571 0.0329712 0.546389 0.0284042 0.0306985 0.0879738 0.12273 0.077262
0.0219436 9.9982E-05 0.50315 0.109162 0.00228577 0.11562 0.247638 9.9982E-05
0.0342203 0.0312942 0.367761 0.0289405 0.0222048 0.0522265 0.235932 0.22742
0.00850535 9.9982E-05 0.708994 0.022663 0.015527 9.9982E-05 0.12156 0.122551
9.9982E-05 0.0228354 0.658048 0.0892651 0.0533046 0.0661644 0.110183 9.9982E-05
0.216554 0.0568931 0.231617 0.0135995 9.9991E-05 0.0752395 0.392121 0.0138758
9.9991E-05 0.0116924 0.196761 0.26004 0.0635661 0.00832198 0.26247 0.197049
0.0169501 0.0331877 0.673287 9.9982E-05 0.000637592 9.9982E-05 0.185431 0.0903067
0.140495 9.9991E-05 0.0784867 0.276923 0.0246567 0.0219691 0.279807 0.177562
0.124484 0.0677943 0.274043 0.140453 0.000828204 9.9991E-05 0.387192 0.00510584
0.145764 0.0643543 0.44468 0.00845949 9.9973E-05 9.9973E-05 0.336442 9.9973E-05
0.134353 9.9973E-05 0.361666 0.0634773 0.00739279 9.9973E-05 0.432812 9.9973E-05
0.140089 0.0301101 0.299262 0.0198838 9.9991E-05 0.0190197 0.488397 0.00313841
0.0995604 0.0702871 0.601068 0.115404 0.0292101 9.9991E-05 0.069056 0.015314
0.0833762 0.0829102 0.613606 9.9982E-05 9.9982E-05 0.0464742 0.147421 0.0260126
0.066045 0.00388841 0.487169 0.127121 0.0682041 9.9991E-05 0.182819 0.0646539
0.153855 9.9982E-05 0.157534 9.9982E-05 0.000584853 0.0405809 0.391866 0.255379
0.088584 0.14678 0.507808 9.9982E-05 0.0838618 9.9982E-05 0.0957216 0.0770447
0.096257 9.9991E-05 0.538062 0.110744 0.0378699 0.00260387 0.0706431 0.14372
0.17478 0.0793583 9.9982E-05 0.108826 0.0210202 9.9982E-05 0.168023 0.447793
0.0994916 0.0258209 0.697435 0.048887 0.0470275 9.9982E-05 9.9982E-05 0.081138
0.246759 0.0427542 0.318033 0.0173949 9.9991E-05 0.0480059 0.11347 0.213483
0.131491 9.9991E-05 0.43162 0.0431257 0.058375 0.114988 0.0711666 0.149134
0.0303054 9.9964E-05 0.323894 9.9964E-05 9.9964E-05 9.9964E-05 0.157759 0.487641
0.0342776 0.0144269 0.255619 0.171612 0.0172735 9.9991E-05 0.138981 0.36771
0.0183944 0.0323771 0.442939 0.232878 9.9982E-05 9.9982E-05 0.0887059 0.184505
9.9982E-05 0.0787034 0.492445 0.15417 9.9982E-05 0.0619334 0.051394 0.161154
0.110691 0.10124 0.369542 0.0964195 0.0124113 0.0511895 0.0827022 0.175805
0.219768 9.9982E-05 9.9982E-05 0.0471954 0.0241596 0.183793 0.138846 0.386037
0.0579063 0.0340708 0.578147 0.0775258 9.9991E-05 0.0805117 0.0848344 0.0869037
0.147687 9.9973E-05 0.408078 0.0138814 9.9973E-05 9.9973E-05 0.115902 0.314152
0.159144 9.9973E-05 0.480362 0.0710765 9.9973E-05 9.9973E-05 0.0742777 0.214839
0.0873411 0.0827784 0.574845 0.0894259 0.0427954 0.0215808 0.0700139 0.0312197
9.9982E-05 0.236223 0.110229 9.9982E-05 0.0365747 0.264672 0.0565586 0.295543
9.9955E-05 0.48172 9.9955E-05 9.9955E-05 9.9955E-05 0.136608 9.9955E-05 0.381172
9.9964E-05 0.307773 9.9964E-05 9.9964E-05 0.058178 0.118584 9.9964E-05 0.515064
9.9973E-05 0.30697 0.0733231 9.9973E-05 0.0296643 0.287191 9.9973E-05 0.302552
9.9955E-05 9.9955E-05 0.700843 0.0508241 9.9955E-05 9.9955E-05 9.9955E-05 0.247833
0.0905498 0.155115 0.537653 0.0796165 9.9991E-05 0.0429963 0.00218826 0.0917814
0.0326972 9.9964E-05 0.258411 9.9964E-05 9.9964E-05 0.658169 0.0503226 9.9964E-05
0.215837 9.9982E-05 0.19991 0.00568166 0.0603123 0.469497 0.0485615 9.9982E-05
0.0659975 0.00530999 0.311522 0.0409844 0.0133042 0.427221 0.0776935 0.0579677
0.0606637 9.9982E-05 0.356193 0.101309 0.00547164 9.9982E-05 0.0225243 0.453639
9.9991E-05 0.0368483 0.559529 0.0751094 0.025667 0.0806537 0.0938147 0.128278
0.0786853 9.9973E-05 0.208447 0.229479 9.9973E-05 9.9973E-05 0.0035306 0.479559
0.00960963 9.9973E-05 0.669481 0.0449984 9.9973E-05 9.9973E-05 0.0335269 0.242084
0.131546 9.9973E-05 0.499854 0.16207 0.0466055 9.9973E-05 9.9973E-05 0.159625
9.9964E-05 9.9964E-05 0.685444 0.0627574 9.9964E-05 9.9964E-05 0.053268 0.198131
0.103817 9.9973E-05 0.239066 0.0969457 9.9973E-05 9.9973E-05 0.0554567 0.504415
0.123978 0.106373 0.51281 0.118498 9.9982E-05 0.0733762 0.0647644 9.9982E-05
0.00800258 0.0528373 0.674055 0.109316 9.9982E-05 9.9982E-05 0.0339702 0.121619
9.9964E-05 9.9964E-05 0.0301454 0.0112163 9.9964E-05 0.956902 9.9964E-05 0.00133624
9.9964E-05 9.9964E-05 0.133891 0.0039476 9.9964E-05 0.8569 0.00486217 9.9964E-05
9.9982E-05 0.0191972 0.282449 9.9982E-05 0.00193693 0.556078 0.108198 0.0319411
9.9973E-05 0.00693897 0.211672 0.0583004 0.0130227 0.709766 9.9973E-05 9.9973E-05
0.0487045 0.00450949 0.107082 0.00102114 9.9982E-05 0.792032 9.9982E-05 0.0464512
9.994E-05 9.994E-05 9.994E-05 9.994E-05 9.994E-05 0.9993 9.994E-05 9.994E-05
0.00343739 0.025354 9.9964E-05 9.9964E-05 9.9964E-05 0.930911 0.0398982 9.9964E-05
9.9946E-05 9.9946E-05 0.149154 9.9946E-05 9.9946E-05 0.850246 9.9946E-05 9.9946E-05
9.9955E-05 9.9955E-05 9.9955E-05 9.9955E-05 0.0171004 0.938382 0.0440183 9.9955E-05
9.994E-05 9.994E-05 9.994E-05 9.994E-05 9.994E-05 0.9993 9.994E-05 9.994E-05
9.9946E-05 9.9946E-05 9.9946E-05 9.9946E-05 0.0162275 0.983173 9.9946E-05 9.9946E-05
9.9973E-05 9.9973E-05 0.156108 0.0317649 0.0483583 0.757958 0.00551103 9.9973E-05
9.9973E-05 0.0312921 0.171077 9.9973E-05 0.0457707 0.71968 0.0318803 9.9973E-05
0.0191605 9.9955E-05 9.9955E-05 9.9955E-05 0.0116675 0.968672 9.9955E-05 9.9955E-05
0.055232 0.187678 0.310643 0.105335 9.9991E-05 0.331722 0.00910667 0.000184112
0.103727 0.0213376 0.189431 9.9982E-05 0.0230509 0.618252 0.0440006 9.9982E-05
9.9973E-05 0.0640116 0.162433 9.9973E-05 0.0189813 0.7237 0.030574 9.9973E-05
9.9955E-05 9.9955E-05 0.0672132 9.9955E-05 9.9955E-05 0.882414 0.0498735 9.9955E-05
9.994E-05 9.994E-05 9.994E-05 9.994E-05 9.994E-05 0.9993 9.994E-05 9.994E-05
9.9955E-05 0.05178 0.0506368 9.9955E-05 9.9955E-05 0.897083 9.9955E-05 9.9955E-05
0.000364632 9.9964E-05 0.007025 9.9964E-05 9.9964E-05 0.984484 9.9964E-05 0.00772655
9.9982E-05 0.0252382 0.224207 0.0581542 0.0416464 0.615179 0.035376 9.9982E-05
0.0556318 0.0275666 9.9973E-05 9.9973E-05 9.9973E-05 0.879798 0.0340366 0.00266721
0.0799263 0.286796 9.9973E-05 0.0249525 9.9973E-05 0.0204939 9.9973E-05 0.587531
0.0733242 0.0968428 0.335491 0.029037 0.0652848 0.0873997 0.159837 0.152783
0.069886 0.215212 0.359009 9.9991E-05 0.0186398 0.0693466 0.0446871 0.223119
9.9982E-05 0.0896842 0.174088 9.9982E-05 0.0645686 0.0873202 0.0187862 0.565353
9.9982E-05 0.0694037 0.367043 9.9982E-05 0.00331099 0.211105 0.0984101 0.250528
0.0179447 0.217442 0.217923 0.0533514 0.0654701 0.0501817 9.9991E-05 0.377587
0.0948944 0.178407 0.338469 0.254455 0.0261084 0.0884373 0.0148292 0.00440111
0.00437419 0.115962 0.329091 9.9973E-05 9.9973E-05 0.145217 9.9973E-05 0.405056
0.0166154 0.0403614 0.534414 0.0407784 0.0938539 0.0833824 9.9991E-05 0.190494
9.9973E-05 0.0567347 0.293366 9.9973E-05 0.0593282 0.201615 9.9973E-05 0.388656
0.117507 0.195717 0.475662 9.9991E-05 0.0051056 0.0822114 0.00207452 0.121622
9.9973E-05 0.845732 0.0554883 0.0454836 9.9973E-05 9.9973E-05 0.0216409 0.0313555
9.9964E-05 0.86381 9.9964E-05 0.0114105 0.0449072 0.0794729 9.9964E-05 9.9964E-05
0.017883 0.92209 9.9955E-05 9.9955E-05 0.0595273 9.9955E-05 9.9955E-05 9.9955E-05
9.9973E-05 0.905949 0.0287203 0.000918555 0.0369855 9.9973E-05 0.0271266 9.9973E-05
9.9964E-05 0.807774 9.9964E-05 0.0274253 0.120168 9.9964E-05 0.0442323 9.9964E-05
0.0199366 0.840261 9.9973E-05 0.0294355 0.0665847 0.0434824 9.9973E-05 9.9973E-05
0.0142216 0.82323 0.0278797 9.9982E-05 0.0500076 0.0725089 0.0119527 9.9982E-05
9.9964E-05 0.899149 9.9964E-05 0.0517259 0.0175473 9.9964E-05 9.9964E-05 0.0311778
0.0266827 0.885985 0.0548337 0.0100942 0.00851433 0.0136902 9.9982E-05 9.9982E-05
9.9991E-05 0.8343 0.032343 0.00372713 0.0146517 0.0867973 0.00452624 0.0235549
0.149379 0.550526 9.9973E-05 0.018394 0.0528281 9.9973E-05 0.228573 9.9973E-05
0.0363366 0.538214 9.9973E-05 9.9973E-05 0.0585332 0.0398364 0.326779 9.9973E-05
0.0358915 0.478709 9.9982E-05 0.0343468 0.0605406 9.9982E-05 0.28049 0.109822
0.140244 0.488291 9.9964E-05 9.9964E-05 9.9964E-05 9.9964E-05 0.298843 0.0722224
0.207796 0.00684784 0.5148 0.085988 0.0489023 0.00278263 0.132783 9.9991E-05
0.294188 0.0512272 0.424373 0.12206 9.9982E-05 0.051277 0.0566749 9.9982E-05
0.154532 9.9982E-05 0.590342 0.0789229 0.00213436 0.0454252 0.128444 9.9982E-05
0.255378 9.9982E-05 0.447338 0.0196627 0.0345344 9.9982E-05 0.215236 0.0276516
0.17885 0.000315328 0.14867 9.9973E-05 9.9973E-05 0.0513286 0.620536 9.9973E-05
0.189228 0.0670188 0.583415 0.12237 0.0012833 0.00273601 0.0338498 9.9991E-05
0.291518 9.9991E-05 0.540577 0.00916348 0.00337464 0.016295 0.0646711 0.0743003
0.233596 9.9991E-05 0.513311 0.00893992 0.00902354 0.0251208 0.113662 0.0962456
0.574042 9.9973E-05 0.323669 0.00313657 9.9973E-05 0.060282 9.9973E-05 0.0385702
0.0600964 0.0274977 0.61681 0.120444 9.9982E-05 9.9982E-05 0.0677238 0.107228
0.360751 0.0470891 0.382551 0.0714838 9.9982E-05 0.000984936 0.13694 9.9982E-05
0.728211 9.9964E-05 9.9964E-05 0.14408 9.9964E-05 9.9964E-05 0.0969288 0.0303805
0.227766 0.0347207 0.428402 0.0551686 0.0111357 0.031827 0.180321 0.0306588
0.511844 9.9973E-05 0.214745 0.0703101 9.9973E-05 0.0263661 9.9973E-05 0.176435
0.290436 0.00805515 0.498129 0.105631 9.9991E-05 0.0141649 0.00810104 0.0753823
0.650348 0.0524908 0.121723 9.9964E-05 9.9964E-05 9.9964E-05 0.175038 9.9964E-05
9.9964E-05 0.0990691 9.9964E-05 9.9964E-05 0.0339652 9.9964E-05 0.725551 0.141015
9.9964E-05 0.0857398 0.0733314 9.9964E-05 9.9964E-05 9.9964E-05 0.696219 0.14431
9.9982E-05 0.000533709 0.00727919 0.0481827 0.0131319 9.9982E-05 0.835482 0.0951906
0.0685197 0.1151 9.9964E-05 9.9964E-05 9.9964E-05 9.9964E-05 0.747623 0.0683576
9.9982E-05 9.9982E-05 0.0369278 0.00105234 0.0270226 0.087113 0.752718 0.0949667
9.9964E-05 0.0747777 9.9964E-05 9.9964E-05 9.9964E-05 0.10189 0.741453 0.0814788
9.9964E-05 0.806527 0.107375 9.9964E-05 0.0718249 0.0138731 9.9964E-05 9.9964E-05
9.9964E-05 0.820696 0.105738 9.9964E-05 0.0270888 9.9964E-05 0.0460769 9.9964E-05
9.9973E-05 0.703525 0.0994427 0.0222917 0.0487412 0.1257 9.9973E-05 9.9973E-05
9.9973E-05 0.709352 0.0340314 9.9973E-05 0.0251229 0.104248 0.126947 9.9973E-05
9.9964E-05 0.788519 0.158647 9.9964E-05 9.9964E-05 0.030373 0.0220615 9.9964E-05
9.9964E-05 0.364867 9.9964E-05 9.9964E-05 0.00995081 9.9964E-05 0.553071 0.0717118
0.0153912 0.479084 9.9982E-05 0.0540231 0.00270959 9.9982E-05 0.380947 0.067645
0.065165 0.426337 9.9973E-05 0.0866057 0.0189285 9.9973E-05 0.402663 9.9973E-05
9.994E-05 9.994E-05 9.994E-05 9.994E-05 0.9993 9.994E-05 9.994E-05 9.994E-05
0.0560715 0.358387 9.9973E-05 9.9973E-05 0.0142945 9.9973E-05 0.508023 0.0629241
9.9973E-05 0.179487 0.241008 0.0377172 9.9973E-05 0.401546 9.9973E-05 0.139942
0.0249157 9.9982E-05 0.507121 9.9982E-05 0.0823739 0.205215 0.0839698 0.0962045
9.9964E-05 0.16826 0.463033 9.9964E-05 0.0447001 0.323607 9.9964E-05 9.9964E-05
9.9982E-05 0.261693 0.364866 0.0781507 0.00341013 0.174429 9.9982E-05 0.117251
0.00810388 0.0511635 0.390944 9.9991E-05 0.0511672 0.229225 0.148899 0.120397
9.9955E-05 0.394702 9.9955E-05 9.9955E-05 9.9955E-05 0.321086 9.9955E-05 0.283713
0.0761896 9.9982E-05 0.45939 0.134746 0.0123301 9.9982E-05 0.26055 0.0565949
0.0820203 0.054644 0.390784 0.17913 9.9982E-05 9.9982E-05 0.232903 0.060318
0.0104783 0.0466874 0.330099 0.0503355 0.0468152 9.9982E-05 0.515384 9.9982E-05
0.103329 9.9973E-05 0.442384 0.30897 9.9973E-05 9.9973E-05 0.109169 0.0358492
0.179748 9.9964E-05 9.9964E-05 0.386442 9.9964E-05 9.9964E-05 0.129103 0.304307
9.9991E-05 0.0867078 0.565848 0.106806 0.00781428 0.00760029 0.209057 0.0160667
9.9982E-05 0.0321265 0.457639 0.227541 0.0292962 9.9982E-05 0.215313 0.0378843
0.0726395 9.9982E-05 0.36596 0.015364 0.0537873 9.9982E-05 0.42923 0.0628192
0.00133316 0.143593 0.533741 0.0795453 9.9991E-05 0.0435463 0.157846 0.0402957
0.192794 9.9973E-05 0.119635 0.136002 9.9973E-05 9.9973E-05 0.272 0.279269
9.9982E-05 0.0111109 0.539065 0.231564 9.9982E-05 0.0036587 0.10617 0.108231
0.114506 9.9982E-05 0.555453 9.9982E-05 0.000405751 0.0330146 0.218109 0.0783124
0.104083 0.0970516 0.401934 0.000117566 9.9991E-05 0.220208 0.148487 0.0280189
0.0611098 9.9973E-05 0.36404 0.231958 9.9973E-05 9.9973E-05 0.292504 0.0500887
0.0990446 0.0530125 0.427771 0.185482 9.9982E-05 9.9982E-05 0.194122 0.0403681
0.0295058 9.9982E-05 0.508036 0.124074 9.9982E-05 0.0928144 0.119412 0.125958
0.0934992 0.0988111 0.478795 0.167001 9.9973E-05 9.9973E-05 0.161594 9.9973E-05
0.00173608 9.9991E-05 0.693192 0.0787043 0.0332933 0.0342287 0.132834 0.0259108
0.115488 0.085705 0.455056 0.162621 0.00355087 0.0420839 0.058999 0.076496
0.0331126 0.0794691 0.577252 0.0711367 9.9991E-05 0.0056134 0.13322 0.100096
9.9955E-05 0.785972 0.113574 9.9955E-05 9.9955E-05 0.099954 9.9955E-05 9.9955E-05
0.0286411 0.771616 0.106669 0.011432 0.0331183 0.0483241 9.9982E-05 9.9982E-05
9.9973E-05 0.788258 0.072619 0.0647647 9.9973E-05 9.9973E-05 0.0348326 0.0392259
0.098287 0.791953 9.9973E-05 0.0509012 9.9973E-05 0.0219677 0.036591 9.9973E-05
9.9955E-05 0.784286 0.142169 9.9955E-05 0.0730456 9.9955E-05 9.9955E-05 9.9955E-05
0.0981005 9.9991E-05 0.170042 0.0304645 0.0297683 0.028358 0.573157 0.0700097
9.9982E-05 9.9982E-05 0.432054 0.19316 0.0589324 0.107801 0.14947 0.0583828
0.131357 0.134568 0.306332 0.0873007 0.0240487 0.217968 0.0198414 0.0785845
9.9973E-05 9.9973E-05 0.659453 9.9973E-05 0.0308332 0.0569957 0.173357 0.0790611
0.152844 0.0727435 0.439922 0.0831344 0.0208755 0.0293815 0.201 9.9991E-05
0.0260945 9.9991E-05 0.225847 0.184372 0.0409584 0.0696972 0.335643 0.117288
0.107986 0.0721941 0.0056513 0.025811 0.0485431 9.9991E-05 0.606905 0.13281
9.9982E-05 0.0440866 0.534934 0.126012 0.0160496 0.0179439 0.260774 9.9982E-05
9.9982E-05 0.0186688 0.184936 0.17377 0.0567541 0.053189 0.512483 9.9982E-05
0.117777 0.0215292 0.411304 0.154354 0.00972283 0.0369558 0.19098 0.0573783
0.0661203 0.118217 0.0625708 0.157794 0.0126162 0.0620926 0.520489 9.9991E-05
0.039265 0.109967 0.53422 0.0039262 0.0121165 0.136922 0.163484 9.9991E-05
0.088501 0.0614881 0.167182 0.120572 0.0215187 0.0200572 0.520582 9.9991E-05
0.0988972 0.0414813 0.309772 0.195023 0.0340087 0.048822 0.229721 0.0422744
0.158791 0.0537274 0.450251 0.0148752 9.9991E-05 0.0395412 0.0908827 0.191832
0.000315018 9.9973E-05 0.302933 0.0953568 9.9973E-05 9.9973E-05 0.195965 0.405131
0.0324338 0.0193128 0.620355 9.9982E-05 9.9982E-05 0.0169857 0.0265688 0.284144
9.9982E-05 0.0930073 0.519494 0.0741622 9.9982E-05 0.0220826 0.149178 0.141876
0.0273943 9.9973E-05 0.41415 0.0795787 9.9973E-05 9.9973E-05 0.0986553 0.379922
0.0319929 0.00620102 0.423948 0.00986952 9.9991E-05 0.168506 0.226397 0.132985
0.111863 0.0461269 0.496765 0.192506 0.00243513 9.9982E-05 9.9982E-05 0.150104
0.178125 9.9973E-05 0.123237 0.136851 9.9973E-05 9.9973E-05 0.0376022 0.523885
0.0644703 9.9973E-05 0.299646 0.0825182 9.9973E-05 9.9973E-05 0.00984873 0.543217
9.9964E-05 9.9964E-05 0.50484 0.151785 9.9964E-05 9.9964E-05 0.0567735 0.286202
0.105026 9.9973E-05 0.225415 0.0789143 9.9973E-05 9.9973E-05 0.132195 0.45815
0.0658031 9.9964E-05 0.506008 9.9964E-05 9.9964E-05 9.9964E-05 0.153854 0.273936
0.20059 0.0312216 0.0846458 0.0613528 9.9982E-05 0.0242977 0.597692 9.9982E-05
0.0479119 9.9973E-05 0.238184 0.393801 9.9973E-05 9.9973E-05 0.292726 0.0270771
0.102706 0.0304306 0.350875 0.0563289 0.0429243 0.0485985 0.368036 9.9991E-05
9.9973E-05 0.0253901 0.590434 9.9973E-05 9.9973E-05 0.0858729 0.293902 0.00410086
0.174121 9.9973E-05 0.304236 0.0331938 9.9973E-05 9.9973E-05 0.479424 0.00872478
0.0224906 0.0843337 0.429657 0.20238 0.0215805 0.0797492 0.12379 0.0360188
9.9991E-05 0.00105022 0.493033 0.145674 0.0380733 0.0782753 0.194833 0.0489609
0.0899888 0.0669867 0.553358 0.0607787 9.9991E-05 0.00782349 0.211129 0.00983521
0.0300429 9.9982E-05 0.578748 0.0849342 0.0601028 9.9982E-05 0.241178 0.0047941
0.0555019 0.0254532 0.493066 9.9973E-05 9.9973E-05 0.0517156 0.373963 9.9973E-05
0.161671 9.9973E-05 0.258375 0.029591 9.9973E-05 0.0534682 0.496595 9.9973E-05
0.0985744 9.9973E-05 0.298262 0.0480635 9.9973E-05 0.116881 0.43792 9.9973E-05
9.9973E-05 0.0211076 0.589927 0.141644 9.9973E-05 0.0194484 0.227574 9.9973E-05
0.0209319 0.0208307 0.652634 0.0724595 0.0714829 0.0442695 0.0847527 0.0326391
0.05894 0.0458442 0.409769 0.203742 0.0164904 9.9991E-05 0.20562 0.0594936
0.000593759 9.9973E-05 0.448532 0.240411 9.9973E-05 0.0797653 0.230398 9.9973E-05
9.9982E-05 0.00725212 0.460651 0.0149988 0.0329979 9.9982E-05 0.365787 0.118113
0.114943 0.00136027 0.666285 0.0291414 0.010915 9.9991E-05 0.17517 0.00208508
0.144538 0.0310971 0.478303 0.0557491 0.00445977 0.0517521 0.234002 9.9991E-05
9.9982E-05 0.012453 0.5489 0.150647 0.0125454 0.096404 0.17885 9.9982E-05
0.10069 0.305023 0.352398 9.9982E-05 0.0383991 0.14728 9.9982E-05 0.0560101
0.0791128 0.0359669 0.45514 0.066798 0.0490081 0.243389 0.00153219 0.0690529
9.9982E-05 0.0779095 0.544308 9.9982E-05 0.0884858 0.113275 0.0374721 0.13835
0.0791029 0.0671667 0.462176 0.0391289 0.0748788 0.120306 0.15714 9.9991E-05
9.9982E-05 0.141028 0.402593 0.134437 0.0362045 0.283366 9.9982E-05 0.00217021
9.9964E-05 9.9964E-05 0.519222 0.199785 9.9964E-05 9.9964E-05 0.153092 0.127502
0.0570416 0.208585 0.512307 0.0565993 0.00349646 0.139051 0.0159753 0.00694418
0.160222 0.186425 0.041707 0.0309651 9.9982E-05 0.117441 9.9982E-05 0.463039
9.9991E-05 0.142574 0.477536 0.0454707 0.0116423 0.197655 0.067129 0.0578932
9.9982E-05 0.0607681 0.433096 0.139998 0.0728845 0.2242 0.0688536 9.9982E-05
0.0586631 9.9991E-05 0.448222 0.0431077 0.0481737 0.233331 0.0707225 0.09768
0.14049 0.0597344 0.288533 0.0330767 0.0749767 0.169796 0.0926402 0.140753
0.00494293 0.148525 0.495959 9.9982E-05 0.0105467 0.20266 9.9982E-05 0.137166
9.9982E-05 0.137991 0.501957 0.139264 0.0501475 0.090479 9.9982E-05 0.0799621
9.9964E-05 0.383449 9.9964E-05 9.9964E-05 0.0476625 0.199249 9.9964E-05 0.36924
0.0865384 0.126683 0.425077 9.9991E-05 0.0738738 0.239734 0.00323432 0.0447594
9.9982E-05 0.122199 0.468388 0.111565 0.0551772 0.183676 9.9982E-05 0.058796
0.0730051 0.0923015 0.521234 0.104262 9.9991E-05 0.114776 0.0223932 0.0719288
9.9982E-05 0.211893 0.579614 0.00486948 0.00385371 0.13118 9.9982E-05 0.0683897
9.9991E-05 0.143568 0.551652 0.0259058 0.00911451 0.189993 0.0138566 0.0658104
0.0278562 9.9982E-05 0.403514 0.399749 0.0470936 0.071953 0.0496342 9.9982E-05
9.9964E-05 0.0652329 0.524745 0.362849 0.0467732 9.9964E-05 9.9964E-05 9.9964E-05
0.101752 9.9964E-05 9.9964E-05 0.820273 9.9964E-05 9.9964E-05 0.0491107 0.0284644
0.000802515 9.9964E-05 9.9964E-05 0.990139 9.9964E-05 9.9964E-05 0.00483625 0.00382248
9.9973E-05 0.0663355 0.480104 0.350585 9.9973E-05 0.0585196 0.0441557 9.9973E-05
9.9973E-05 0.0950102 0.330897 0.0796918 9.9973E-05 0.327895 9.9973E-05 0.166206
9.9973E-05 0.106601 0.289334 0.249203 0.0187575 0.335804 9.9973E-05 9.9973E-05
9.9991E-05 0.198212 0.178782 0.190651 0.0285271 0.250774 0.00459668 0.148357
9.9982E-05 0.194019 0.349314 0.153592 0.0399513 0.251412 9.9982E-05 0.0115115
9.9982E-05 0.0443258 0.0345575 0.694213 0.0145404 0.0784396 9.9982E-05 0.133724
9.9973E-05 0.0729217 0.0467847 0.652851 9.9973E-05 0.110459 9.9973E-05 0.116683
0.0471379 0.00143085 0.474765 0.314955 0.042256 0.118895 0.000460152 9.9991E-05
9.9964E-05 0.0414387 0.408997 0.466309 9.9964E-05 0.0828557 9.9964E-05 9.9964E-05
9.9973E-05 0.0250229 0.07562 0.737759 0.0340564 0.127242 9.9973E-05 9.9973E-05
0.0278276 0.0412326 0.484748 0.270549 0.0113242 0.0929485 0.0337303 0.0376399
9.9964E-05 0.0238149 0.46633 0.4452 9.9964E-05 0.0642551 9.9964E-05 9.9964E-05
0.00661827 0.119503 0.366459 0.267152 9.9991E-05 0.141087 0.0752985 0.0237821
9.9964E-05 9.9964E-05 0.309294 0.598262 0.0128046 9.9964E-05 0.0792387 9.9964E-05
0.0391758 9.9982E-05 0.299778 0.552087 0.0375007 0.0495157 0.0217427 9.9982E-05
0.0277421 0.02972 0.544108 0.233884 0.00369358 0.0415315 0.030877 0.0884436
9.9982E-05 0.059014 0.321346 0.346378 0.112481 9.9982E-05 0.0707191 0.0898631
0.0178572 0.0311455 0.439917 0.188648 9.9982E-05 0.130023 9.9982E-05 0.19221
0.0201348 9.9973E-05 0.433441 0.465211 9.9973E-05 9.9973E-05 0.00703203 0.0738807
9.9964E-05 9.9964E-05 0.183277 0.700873 9.9964E-05 9.9964E-05 0.103662 0.011789
0.0680988 0.00483254 0.458783 0.405106 9.9973E-05 0.0628792 9.9973E-05 9.9973E-05
0.110562 9.9964E-05 0.140501 0.737868 9.9964E-05 0.0106686 9.9964E-05 9.9964E-05
9.9964E-05 0.0454525 0.366158 0.563564 9.9964E-05 9.9964E-05 9.9964E-05 0.0244254
0.0781518 0.113862 0.529173 0.187416 0.00399763 0.0389981 0.00103602 0.0473657
0.0193355 0.0489672 0.452451 0.472545 9.9973E-05 9.9973E-05 0.00640171 9.9973E-05
0.0769747 0.178248 0.471555 9.9982E-05 9.9982E-05 0.150622 0.0859095 0.0364907
0.0787247 0.102689 0.382697 0.153884 0.0447644 0.15502 0.0597828 0.0224376
9.9991E-05 0.147191 0.288433 0.11415 0.0245361 0.267429 0.0296571 0.128503
9.9982E-05 0.0756555 0.297521 9.9982E-05 0.0358428 0.232313 0.12895 0.229518
0.0979846 0.141619 0.347576 0.0261455 0.0154567 0.198742 0.145457 0.0270191
9.9991E-05 0.143915 0.449865 0.146239 0.0155451 0.136367 0.0567881 0.0511799
9.9973E-05 0.16502 9.9973E-05 0.578534 0.00541374 0.0886499 9.9973E-05 0.162082
9.9982E-05 0.107245 0.542085 0.0694955 0.0398674 0.211351 0.0297556 9.9982E-05
9.9973E-05 0.335065 9.9973E-05 0.369637 0.00846238 0.108989 9.9973E-05 0.177547
9.9964E-05 0.036474 0.391612 0.354523 9.9964E-05 0.216991 9.9964E-05 9.9964E-05
0.138678 9.9955E-05 0.0559423 0.80488 9.9955E-05 9.9955E-05 9.9955E-05 9.9955E-05
0.0465427 9.9955E-05 9.9955E-05 0.935075 0.017882 9.9955E-05 9.9955E-05 9.9955E-05
0.0581842 9.9973E-05 0.442158 0.472358 0.0143137 9.9973E-05 0.0126863 9.9973E-05
9.9955E-05 9.9955E-05 0.550037 0.419196 9.9955E-05 0.030267 9.9955E-05 9.9955E-05
0.0302764 9.9964E-05 0.326297 0.633406 9.9964E-05 9.9964E-05 0.00962075 9.9964E-05
0.132698 0.0243951 0.408902 0.433605 9.9964E-05 9.9964E-05 9.9964E-05 9.9964E-05
9.9955E-05 9.9955E-05 0.475859 0.512376 9.9955E-05 0.0112644 9.9955E-05 9.9955E-05
9.9973E-05 0.759704 0.0819429 0.0704624 0.0580226 0.0295679 9.9973E-05 9.9973E-05
0.0346134 0.658655 9.9982E-05 0.0238233 0.0462506 0.124348 0.11211 9.9982E-05
9.9964E-05 0.81515 9.9964E-05 9.9964E-05 0.0672892 0.0489113 0.0682493 9.9964E-05
9.9964E-05 0.818635 0.0366886 0.00410223 0.140174 9.9964E-05 9.9964E-05 9.9964E-05
0.218827 0.0414633 0.52251 0.102792 0.0615462 9.9982E-05 0.0526619 9.9982E-05
0.42905 0.00927322 0.376449 9.9991E-05 0.0416785 0.0500515 0.0350331 0.0583657
0.435174 9.9973E-05 0.469477 0.0476184 0.0180454 9.9973E-05 0.0293854 9.9973E-05
0.267698 0.114934 0.58575 9.9973E-05 0.0297774 9.9973E-05 0.00154093 9.9973E-05
0.181297 0.150197 0.468767 9.9982E-05 0.000346267 9.9982E-05 0.135822 0.063371
0.536881 9.9973E-05 0.237897 0.00529844 9.9973E-05 9.9973E-05 0.140239 0.079385
0.333931 0.00326361 0.561574 0.00935237 0.0148054 0.0589498 0.0180239 9.9991E-05
0.465011 9.9973E-05 0.325237 0.0608214 0.0178811 9.9973E-05 9.9973E-05 0.130749
9.9991E-05 0.259595 0.471123 0.00317425 0.0130344 0.114321 0.0931726 0.0454801
0.321596 9.9982E-05 0.416979 0.0905 9.9982E-05 0.0347656 0.0369349 0.0990245
0.544292 9.9973E-05 0.33109 9.9973E-05 0.0379687 0.00634815 0.0800012 9.9973E-05
0.328535 9.9973E-05 0.579707 0.0785676 0.00245754 9.9973E-05 0.0104335 9.9973E-05
0.419671 0.0394906 0.315083 0.154139 9.9973E-05 9.9973E-05 0.0713163 9.9973E-05
0.288343 9.9982E-05 0.544524 0.0981929 0.0161875 0.0125334 9.9982E-05 0.0400186
0.3568 0.0813337 0.535172 9.9964E-05 0.0262946 9.9964E-05 9.9964E-05 9.9964E-05
0.834163 9.9955E-05 0.0122049 0.153132 9.9955E-05 9.9955E-05 9.9955E-05 9.9955E-05
0.574073 9.9991E-05 0.233949 0.0823661 0.0142375 0.0103879 0.0100916 0.0747945
0.508847 0.0625987 0.318171 0.0569428 0.018263 9.9991E-05 0.0315774 0.00350016
0.877652 9.9946E-05 9.9946E-05 9.9946E-05 9.9946E-05 9.9946E-05 9.9946E-05 0.121748
0.435892 0.00238473 0.418409 9.9982E-05 0.0371253 0.00609891 0.0998898 9.9982E-05
0.562358 9.9973E-05 0.127837 0.0657737 0.000661229 9.9973E-05 9.9973E-05 0.24307
0.668135 9.9955E-05 9.9955E-05 0.164271 9.9955E-05 9.9955E-05 9.9955E-05 0.167094
0.357683 9.9964E-05 0.573418 9.9964E-05 0.0506965 0.0178032 9.9964E-05 9.9964E-05
0.618234 0.0689032 0.201354 9.9964E-05 9.9964E-05 9.9964E-05 0.111108 9.9964E-05
0.36992 0.00141961 0.328989 9.9982E-05 9.9982E-05 0.156489 0.0934208 0.0495611
0.166824 0.100101 0.565897 9.9982E-05 0.0271109 0.0564754 9.9982E-05 0.0833923
0.387542 0.0461804 0.523304 9.9964E-05 9.9964E-05 9.9964E-05 0.0425739 9.9964E-05
0.0101302 9.9973E-05 0.446475 0.120559 9.9973E-05 9.9973E-05 0.276479 0.146057
0.257222 0.0309618 0.540943 0.0745088 9.9982E-05 0.0128804 0.0832844 9.9982E-05
0.371884 0.017395 0.452436 9.9991E-05 0.0439663 0.0168168 0.0708413 0.0265609
0.69442 9.9964E-05 0.24322 9.9964E-05 0.0171935 9.9964E-05 9.9964E-05 0.0447667
0.227289 0.130112 0.574374 0.0270046 9.9973E-05 9.9973E-05 9.9973E-05 0.0409208
9.9973E-05 0.595835 0.0189969 9.9973E-05 0.079561 9.9973E-05 0.218528 0.0867788
0.0466329 0.670063 0.0409538 9.9982E-05 0.0859931 9.9982E-05 0.119271 0.0368864
9.9964E-05 0.699021 9.9964E-05 9.9964E-05 0.125602 9.9964E-05 0.0834745 0.0915022
9.9964E-05 0.746117 9.9964E-05 0.0145461 0.104857 9.9964E-05 0.13408 9.9964E-05
0.011921 0.720927 0.0216378 0.00700912 0.020342 9.9991E-05 0.205091 0.0129719
0.677655 0.0620387 0.138828 9.9964E-05 9.9964E-05 9.9964E-05 0.121078 9.9964E-05
0.622658 0.0756945 0.0973527 0.0284337 0.0430087 9.9982E-05 0.132652 9.9982E-05
0.827076 9.9955E-05 0.143081 0.0293432 9.9955E-05 9.9955E-05 9.9955E-05 9.9955E-05
0.160809 0.150094 0.582655 0.0329559 0.0224707 0.00722526 9.9991E-05 0.0436901
0.161934 0.122241 0.47569 9.9973E-05 9.9973E-05 0.17906 0.0607746 9.9973E-05
0.514609 9.9964E-05 0.30226 9.9964E-05 9.9964E-05 0.0626313 9.9964E-05 0.1201
0.283471 9.9973E-05 0.521315 0.0139138 9.9973E-05 0.129363 9.9973E-05 0.0516368
0.434557 0.00720522 0.428824 0.0638437 9.9982E-05 0.0149304 9.9982E-05 0.0504389
0.38966 9.9982E-05 0.533987 0.0185287 0.025494 9.9982E-05 0.000658105 0.0314725
0.261705 0.0180409 0.579895 0.00785032 9.9991E-05 0.0584279 0.059054 0.0149265
0.611382 9.9964E-05 0.252377 9.9964E-05 9.9964E-05 0.0193516 0.116489 9.9964E-05
0.530714 9.9964E-05 0.369118 9.9964E-05 0.0160499 9.9964E-05 0.0837181 9.9964E-05
0.466602 9.9955E-05 0.372773 9.9955E-05 9.9955E-05 9.9955E-05 0.160125 9.9955E-05
0.0285254 0.0932931 0.611668 0.00184786 0.00927248 9.9991E-05 0.0537301 0.201563
0.526477 0.0458126 0.377214 9.9973E-05 0.00513158 9.9973E-05 0.0450645 9.9973E-05
0.392708 9.9982E-05 0.425259 9.9982E-05 0.0514347 0.0362403 0.0624285 0.0317293
0.0579467 0.0389325 0.496754 9.9982E-05 0.0328462 0.337075 0.0362458 9.9982E-05
0.0531683 0.0998205 0.411657 0.0260662 0.0105878 0.385606 9.9991E-05 0.0129943
9.9973E-05 0.123753 0.353225 9.9973E-05 0.00103429 0.390914 9.9973E-05 0.130774
0.0312113 0.125437 0.292871 0.00357336 9.9982E-05 0.471832 9.9982E-05 0.0748758
0.00621465 0.127599 0.495647 9.9982E-05 9.9982E-05 0.278683 0.0180667 0.0735899
0.271096 9.9973E-05 0.464446 0.0376493 9.9973E-05 0.0343427 9.9973E-05 0.192166
0.0254256 0.154967 0.0603929 9.9982E-05 0.0780391 0.599572 9.9982E-05 0.0814041
0.108343 0.106319 0.243285 0.0470909 0.033339 0.461424 9.9982E-05 9.9982E-05
0.0558499 0.162181 0.455331 9.9973E-05 9.9973E-05 0.10602 9.9973E-05 0.220318
9.9973E-05 0.102124 0.562131 9.9973E-05 0.00576194 9.9973E-05 0.0267152 0.302968
0.0734884 0.0710858 0.418208 0.0108824 0.0530674 0.00760699 0.15925 0.206411
9.9973E-05 0.0456498 0.615533 9.9973E-05 0.0556558 9.9973E-05 0.046533 0.236328
0.150046 0.106953 0.591303 9.9991E-05 0.000779348 0.0531522 0.0390645 0.0586029
9.9982E-05 0.191461 0.294671 0.0374266 0.0537988 0.40153 9.9982E-05 0.020913
0.0667471 0.219091 0.377881 9.9973E-05 9.9973E-05 0.306449 0.0295324 9.9973E-05
9.9982E-05 0.0519946 0.406849 9.9982E-05 0.00567979 0.462285 0.00869469 0.0642975
0.0115799 0.123041 0.444074 0.0181652 0.0529303 0.2605 0.0718938 0.017816
0.0267314 0.0716028 0.315563 9.9982E-05 0.0440488 0.459061 9.9982E-05 0.0827931
0.051566 0.112578 0.403034 9.9982E-05 0.0618548 0.274991 0.0957764 9.9982E-05
9.9973E-05 0.165657 0.266851 0.0640651 9.9973E-05 0.495958 9.9973E-05 0.00716813
9.9982E-05 0.074154 0.31319 0.0829462 0.0537108 0.412838 0.0629616 9.9982E-05
9.9982E-05 0.0158419 0.518736 9.9982E-05 0.0104794 0.0530898 0.023068 0.378585
0.100775 0.206098 0.286822 0.0384075 9.9991E-05 0.340222 0.0106 0.0169754
9.9964E-05 0.185536 0.195059 9.9964E-05 9.9964E-05 0.53662 9.9964E-05 0.0823843
0.0697854 0.180054 0.385821 9.9982E-05 0.0134753 0.306653 0.0440115 9.9982E-05
0.0539885 0.0431958 0.208819 9.9982E-05 0.0315954 9.9982E-05 0.298764 0.363438
9.9964E-05 9.9964E-05 0.568066 9.9964E-05 9.9964E-05 0.0962592 0.0913547 0.243921
0.0175177 0.222827 0.387075 0.0747044 9.9982E-05 0.250904 0.046772 9.9982E-05
9.9982E-05 0.0545715 0.590753 0.0656466 0.0254538 9.9982E-05 0.0535191 0.209856
9.9973E-05 0.140105 0.467249 9.9973E-05 0.049417 9.9973E-05 0.110451 0.232478
0.0989305 0.120116 0.301703 0.0442141 0.0697948 0.259381 9.9991E-05 0.10576
9.9982E-05 0.182415 0.28199 0.0857191 0.0497411 0.308365 9.9982E-05 0.0915702
0.0645964 9.9982E-05 0.549408 9.9982E-05 0.0927467 0.0806003 0.0203463 0.192102
0.0819333 0.0608895 0.349521 9.9991E-05 0.0316946 0.344512 0.00845738 0.122892
9.9973E-05 0.11607 0.273642 0.0985768 9.9973E-05 0.444579 9.9973E-05 0.0668316
9.9982E-05 0.11746 0.152307 9.9982E-05 0.0183513 0.619987 0.0197213 0.071973
0.00704975 0.0987265 0.641444 0.0907022 9.9982E-05 0.0494322 9.9982E-05 0.112446
0.0843188 0.10165 0.498106 9.9973E-05 9.9973E-05 9.9973E-05 0.12283 0.192795
0.052374 9.9982E-05 0.198683 0.0258257 0.0640716 9.9982E-05 0.0298149 0.629031
0.0747596 0.148622 0.503494 0.051086 9.9991E-05 0.132321 0.00995993 0.0796565
0.0187152 0.106683 0.441692 0.1383 0.0132195 0.0441982 0.202538 0.0346531
0.0525838 0.171374 0.521973 9.9982E-05 0.0499353 0.101398 9.9982E-05 0.102536
0.0327366 0.0831172 0.362475 0.0974241 0.0481656 0.132539 0.0818314 0.161711
9.9955E-05 0.189284 9.9955E-05 9.9955E-05 9.9955E-05 0.218332 9.9955E-05 0.591884
9.9964E-05 0.102255 9.9964E-05 9.9964E-05 0.0620438 0.104308 9.9964E-05 0.730994
9.9991E-05 0.0657019 0.265593 0.0463697 0.0211539 0.117479 0.119107 0.364495
