0.0188096 9.9973E-05 0.869327 9.9973E-05 0.058871 0.00324857 0.0494443 9.9973E-05
9.9955E-05 9.9955E-05 0.930468 0.0471194 9.9955E-05 9.9955E-05 9.9955E-05 0.021913
9.9973E-05 9.9973E-05 0.811657 0.0435063 0.0229354 0.0440868 0.0775143 9.9973E-05
9.9982E-05 0.0849678 0.785366 9.9982E-05 0.0204407 0.0553956 0.0490058 0.00462401
9.9973E-05 9.9973E-05 0.860237 9.9973E-05 0.0129244 0.0203972 0.0642984 0.0418426
0.134071 0.0886122 0.554037 0.0375112 0.0398331 0.0631971 0.0826386 9.9991E-05
0.154185 0.0607533 0.782478 9.9964E-05 9.9964E-05 0.00218443 9.9964E-05 9.9964E-05
0.149298 9.9982E-05 0.689184 9.9982E-05 0.112521 0.0241437 0.00374646 0.0209068
0.0480358 0.0383624 0.838552 0.0435016 0.0311368 9.9982E-05 9.9982E-05 0.000211091
0.0686939 0.00533927 0.715539 9.9991E-05 0.0107355 0.0630914 0.133215 0.00328539
0.202147 9.9964E-05 0.659772 9.9964E-05 0.0858497 9.9964E-05 0.0518322 9.9964E-05
9.9964E-05 0.83428 9.9964E-05 0.0248841 9.9964E-05 0.0511901 0.0892464 9.9964E-05
9.9973E-05 0.412436 0.0212884 9.9973E-05 0.0849838 0.00508164 0.47591 9.9973E-05
0.0337066 0.806374 0.0259099 9.9982E-05 0.0240819 0.0202323 0.0894954 9.9982E-05
9.9964E-05 0.763939 0.0146144 9.9964E-05 9.9964E-05 0.115223 0.105823 9.9964E-05
0.0738407 0.457053 0.0833026 9.9973E-05 9.9973E-05 0.143123 0.242381 9.9973E-05
9.9964E-05 0.417381 0.03613 9.9964E-05 9.9964E-05 9.9964E-05 0.506718 0.0393713
0.0430646 0.414924 9.9982E-05 0.073569 9.9982E-05 0.0877252 0.370451 0.0100665
9.9964E-05 0.704207 0.0680583 9.9964E-05 9.9964E-05 0.10755 0.119785 9.9964E-05
0.0788865 0.778255 0.0010133 9.9964E-05 0.141445 9.9964E-05 9.9964E-05 9.9964E-05
9.999E-05 0.422516 0.0213601 0.0806023 0.0272946 0.0433826 0.338911 0.065834
0.191851 0.299412 0.0394873 9.9982E-05 9.9982E-05 0.0234057 0.376059 0.0695853
9.9982E-05 0.276486 0.0338155 0.0638181 0.113304 0.0247834 0.487593 9.9982E-05
9.9955E-05 0.801936 9.9955E-05 9.9955E-05 9.9955E-05 0.0373714 0.160193 9.9955E-05
0.0510444 0.171137 0.127821 0.0288259 0.00798328 9.9982E-05 0.612989 9.9982E-05
0.0546803 0.419304 0.0163306 9.9973E-05 9.9973E-05 0.0590653 0.45032 9.9973E-05
9.9955E-05 0.925145 0.0221404 9.9955E-05 9.9955E-05 0.0522151 9.9955E-05 9.9955E-05
9.9955E-05 0.822928 0.000955991 9.9955E-05 9.9955E-05 0.175616 9.9955E-05 9.9955E-05
0.0439425 0.842982 9.9964E-05 9.9964E-05 9.9964E-05 9.9964E-05 0.0477186 0.0649571
9.9964E-05 0.0319386 0.813439 9.9964E-05 9.9964E-05 0.0689017 0.0853212 9.9964E-05
9.9955E-05 0.0387846 0.821434 9.9955E-05 9.9955E-05 9.9955E-05 0.139281 9.9955E-05
9.9973E-05 9.9973E-05 0.775205 0.0579973 0.0206051 0.0280915 0.117802 9.9973E-05
9.9964E-05 9.9964E-05 0.736594 0.0778052 9.9964E-05 0.0431848 0.142016 9.9964E-05
0.111531 0.161807 0.0422547 0.131301 9.9982E-05 9.9982E-05 0.516949 0.0359571
0.000699572 0.034358 9.9982E-05 0.343029 0.121238 0.104204 0.396272 9.9982E-05
0.0441549 9.9964E-05 0.0225396 0.362013 9.9964E-05 9.9964E-05 0.570893 9.9964E-05
9.9982E-05 0.502298 0.0977242 0.117156 0.250215 9.9982E-05 0.0243114 0.00809604
0.00868559 0.00482855 0.00432643 0.482488 0.0473109 0.017544 0.313916 0.120901
0.0149604 0.135836 0.0664868 0.199663 0.0934157 0.0162307 0.473308 9.9991E-05
0.0800918 9.9982E-05 9.9982E-05 0.183618 0.0364703 0.0474406 0.608152 0.0440282
0.227852 9.9973E-05 0.0848877 9.9973E-05 0.0582084 0.0106732 0.618079 9.9973E-05
0.0673408 0.0533526 0.101268 0.112936 0.0581806 9.9982E-05 0.606722 9.9982E-05
0.0127775 0.146149 0.0288198 0.6517 0.0255489 9.9982E-05 0.134805 9.9982E-05
0.27973 0.0494727 0.0261922 9.9982E-05 0.0194363 0.0241807 0.600788 9.9982E-05
0.108414 9.9973E-05 0.0400933 0.194969 9.9973E-05 0.0346621 0.621562 9.9973E-05
0.151109 0.112093 0.0523567 0.0403084 0.0557491 0.128767 0.459517 9.9991E-05
9.9955E-05 9.9955E-05 9.9955E-05 0.606181 9.9955E-05 9.9955E-05 0.349111 0.0442083
9.9955E-05 9.9955E-05 0.0843719 0.230622 9.9955E-05 9.9955E-05 0.684506 9.9955E-05
0.100931 9.9982E-05 0.0838123 0.156939 0.00441733 0.0330144 0.620686 9.9982E-05
0.254545 9.9955E-05 0.0459997 0.698955 9.9955E-05 9.9955E-05 9.9955E-05 9.9955E-05
0.0324864 0.411745 9.9982E-05 0.160023 0.234803 9.9982E-05 0.141617 0.0191256
0.341214 0.333187 9.9982E-05 0.133238 0.0278762 9.9982E-05 0.0612862 0.102998
9.999E-05 0.261543 0.0901401 0.0868585 0.0384942 0.053403 0.395085 0.0743758
0.0260087 0.309119 0.0752955 9.9991E-05 0.0144361 0.00747338 0.539003 0.028564
0.121333 9.9991E-05 0.0309919 0.129264 0.0413943 0.0332281 0.615149 0.0285397
0.102906 0.214317 0.0770621 0.280195 0.164383 9.9982E-05 0.160938 9.9982E-05
0.0248309 0.202754 9.9982E-05 0.0521031 0.13885 9.9982E-05 0.528936 0.0523252
0.120481 0.190193 0.0387455 9.9973E-05 9.9973E-05 0.0875353 0.562745 9.9973E-05
0.105891 0.217369 0.121672 0.170986 0.0673397 0.00476879 0.311873 9.9991E-05
0.173854 0.444463 0.165122 0.0989256 0.0690986 0.0483366 9.9982E-05 9.9982E-05
0.0488994 0.126507 0.0986412 0.126995 0.0659176 0.0187317 0.514208 9.9991E-05
9.999E-05 0.288201 0.053962 0.08325 0.123659 0.0195638 0.333592 0.0976721
0.0929122 0.597478 0.0233078 0.132682 0.15332 9.9973E-05 9.9973E-05 9.9973E-05
0.0220842 0.402285 9.9982E-05 0.0888825 9.9982E-05 0.0163395 0.408336 0.0618732
0.0092242 0.125834 0.0147341 0.00197851 0.0656052 0.0973721 0.566691 0.118561
0.0568381 0.0568348 0.139403 0.107332 0.0193483 0.00355367 0.541286 0.0754038
0.0496032 0.447348 0.0156461 0.166805 0.0882162 0.0440327 0.171531 0.0168184
0.108532 0.324025 9.9982E-05 0.0694759 9.9982E-05 0.0605315 0.381038 0.0561986
0.0158649 0.0693116 0.116798 9.9982E-05 0.0210285 9.9982E-05 0.577063 0.199734
0.106985 0.474879 0.00321781 0.139112 0.0921877 9.9991E-05 0.119215 0.0643037
9.9955E-05 9.9955E-05 9.9955E-05 0.40766 0.0601866 9.9955E-05 0.531653 9.9955E-05
9.9964E-05 0.17006 0.00826932 0.669428 9.9964E-05 9.9964E-05 0.151843 9.9964E-05
0.0887175 0.0536056 0.0348218 0.249035 9.9991E-05 0.0164874 0.541901 0.0153313
0.141904 9.9955E-05 9.9955E-05 0.84909 9.9955E-05 0.00850618 9.9955E-05 9.9955E-05
0.0742108 0.101435 9.9964E-05 0.803099 9.9964E-05 9.9964E-05 9.9964E-05 0.0208552
9.9955E-05 9.9955E-05 9.9955E-05 0.682053 0.0229905 9.9955E-05 0.294457 9.9955E-05
9.9964E-05 0.085159 9.9964E-05 0.372719 0.115018 9.9964E-05 0.426704 9.9964E-05
0.00325809 9.9982E-05 0.0465624 0.267004 9.9982E-05 0.0489136 0.589167 0.0448951
9.9973E-05 0.012403 0.0706501 0.385614 9.9973E-05 9.9973E-05 0.471745 0.0592882
9.9982E-05 0.134505 0.025604 0.59546 0.0808405 0.0202006 0.143189 9.9982E-05
9.9991E-05 0.0766865 0.00616364 0.457274 0.240819 0.00791689 0.185292 0.0257478
0.0754061 9.9991E-05 0.0725786 0.18872 0.0277483 0.059039 0.569761 0.00664735
9.9973E-05 0.0762353 0.0283707 0.592617 9.9973E-05 0.0253609 0.277116 9.9973E-05
9.9973E-05 0.128572 0.0121405 0.438292 9.9973E-05 0.00685502 0.413841 9.9973E-05
0.0678803 9.9973E-05 0.00802812 0.491929 9.9973E-05 9.9973E-05 0.371742 0.0601206
0.173499 9.9973E-05 0.00273281 0.699919 0.00469345 9.9973E-05 9.9973E-05 0.118856
0.0037529 0.0507864 9.9982E-05 0.136665 0.161933 9.9982E-05 0.604583 0.0420798
9.9973E-05 0.0748702 0.807347 9.9973E-05 0.012397 0.014724 0.0903616 9.9973E-05
9.99461E-05 9.99461E-05 0.901845 9.99461E-05 9.99461E-05 9.99461E-05 0.0975556 9.99461E-05
9.9964E-05 9.9964E-05 0.861501 9.9964E-05 0.00758826 0.0304375 0.100073 9.9964E-05
0.0484255 9.9973E-05 0.896865 0.0156809 9.9973E-05 0.0258601 0.0128684 9.9973E-05
9.9955E-05 9.9955E-05 0.869274 9.9955E-05 9.9955E-05 9.9955E-05 0.122302 0.00792432
0.0133124 9.9982E-05 0.865884 0.00695132 9.9982E-05 0.0675609 0.0157726 0.030319
0.057562 9.9964E-05 0.870719 9.9964E-05 9.9964E-05 0.0241217 0.0471973 9.9964E-05
9.9973E-05 9.9973E-05 0.0746855 0.323198 0.0462418 0.0902361 0.465339 9.9973E-05
9.9982E-05 0.0227665 0.0605482 0.162137 9.9982E-05 0.0225749 0.610429 0.121345
9.9964E-05 0.155328 0.0193355 0.79757 9.9964E-05 9.9964E-05 0.0273659 9.9964E-05
0.101295 9.9991E-05 0.0758205 0.198405 0.0286836 0.0863101 0.479593 0.0297928
9.9973E-05 0.120046 0.0635866 0.338611 0.0220294 9.9973E-05 0.455427 9.9973E-05
0.0194315 9.9973E-05 0.077013 0.233817 9.9973E-05 9.9973E-05 0.621958 0.0474804
9.9973E-05 0.113171 0.0845932 0.164786 9.9973E-05 9.9973E-05 0.53021 0.10694
9.9964E-05 9.9964E-05 0.00674966 0.456835 9.9964E-05 0.0721136 0.463902 9.9964E-05
9.9973E-05 0.0632831 0.0437701 0.770602 0.107283 9.9973E-05 9.9973E-05 0.0147622
0.0771471 0.0496153 0.120306 0.191513 0.0195827 0.0211901 0.493617 0.027029
0.0180452 0.0131096 0.145685 0.16523 9.9982E-05 0.0717549 0.585975 9.9982E-05
0.0202813 0.0938922 9.9982E-05 0.188598 0.116704 0.103574 0.476751 9.9982E-05
0.119573 0.0198483 9.9982E-05 0.543007 9.9982E-05 0.028065 0.255845 0.0334616
0.0423612 9.9973E-05 0.0413317 0.361488 9.9973E-05 9.9973E-05 0.519256 0.0352632
0.0350617 0.0714045 0.0659533 0.417746 0.0133205 9.9991E-05 0.380843 0.0155709
9.9955E-05 9.9955E-05 9.9955E-05 0.671489 9.9955E-05 0.0827396 0.245272 9.9955E-05
9.9973E-05 0.047138 0.0315914 0.436146 0.0563983 9.9973E-05 0.428427 9.9973E-05
9.9991E-05 0.17798 0.0851179 0.103766 0.0479536 0.0032141 0.555216 0.0266524
0.126997 0.314602 9.9982E-05 0.0480548 0.155977 9.9982E-05 0.186121 0.168048
0.0637416 0.238289 0.0746902 9.9982E-05 0.218976 0.043354 0.360749 9.9982E-05
9.9973E-05 0.0636714 0.115415 9.9973E-05 0.173478 9.9973E-05 0.524679 0.122458
0.0333754 9.9982E-05 0.0695892 0.0891024 0.189075 0.0339594 0.584698 9.9982E-05
0.0463612 0.37899 0.0100812 9.9982E-05 0.106569 9.9982E-05 0.407158 0.05064
9.9991E-05 0.173602 0.026172 0.00329916 0.187121 0.0627791 0.449222 0.0977045
9.9973E-05 0.295071 9.9973E-05 0.0087896 0.23161 9.9973E-05 0.458413 0.00581644
9.9982E-05 0.00244373 0.168765 0.0125566 0.144522 9.9982E-05 0.549273 0.12224
0.161343 9.9982E-05 0.0456994 0.0443616 0.171583 0.0378975 0.538916 9.9982E-05
0.0549479 0.135039 0.0469991 0.0692507 0.0883789 9.9991E-05 0.55739 0.0478952
9.9964E-05 0.246381 9.9964E-05 9.9964E-05 0.182147 9.9964E-05 0.470333 0.100739
0.147531 0.00891688 9.9991E-05 0.00895485 0.122164 0.154223 0.53069 0.0274207
0.0360064 0.0277181 0.121361 0.0901593 0.0595332 0.0582999 0.563927 0.0429944
9.9982E-05 0.177677 9.9982E-05 0.0914683 0.0907974 0.0974229 0.472408 0.0700264
0.0854554 0.0800687 9.9982E-05 9.9982E-05 0.191942 0.091733 0.493473 0.0571275
0.048775 0.145773 9.9982E-05 9.9982E-05 0.15775 0.0576083 0.544263 0.0456304
0.179786 0.277792 0.0449491 9.9982E-05 0.140068 9.9982E-05 0.319615 0.0375892
0.00798002 0.0129748 9.9982E-05 0.119858 0.128016 0.111247 0.619724 9.9982E-05
0.0892752 0.0888141 9.9982E-05 9.9982E-05 0.131499 0.0300113 0.618311 0.0418887
9.9991E-05 0.358551 0.00345093 0.171024 0.180831 0.0679533 0.14635 0.0717397
0.281949 0.262766 0.0016255 0.0134607 0.11663 9.9991E-05 0.158654 0.164815
0.0653374 0.00656984 0.0999476 0.0612436 0.218246 9.9982E-05 0.548456 9.9982E-05
0.13375 0.163893 9.9982E-05 0.217318 0.225864 0.0455681 9.9982E-05 0.213407
9.9991E-05 0.455309 0.0339884 0.0942843 0.204989 0.0041064 0.159552 0.0476704
0.00674608 0.18598 9.9982E-05 0.16693 0.149657 9.9982E-05 0.409457 0.0810301
9.9982E-05 0.395359 0.0078338 0.0539295 0.180585 9.9982E-05 0.242108 0.119985
0.0126064 0.297006 9.9991E-05 0.0953441 0.285095 0.0303532 0.199934 0.0795604
0.00573833 0.127024 0.0792566 0.162398 0.0122306 0.0512338 0.561479 0.000638688
0.0269954 0.0716801 0.0920616 9.9991E-05 0.0898101 0.0120467 0.613598 0.0937082
9.9991E-05 0.206944 0.0826847 0.112474 0.00992589 0.0235009 0.461938 0.102433
0.187282 0.234302 9.9991E-05 0.118205 0.156446 0.0158023 0.100583 0.187279
0.101424 9.9991E-05 0.152452 0.128252 0.13602 0.080194 0.376147 0.0254112
0.286219 0.111303 0.0175802 0.0226307 9.9982E-05 9.9982E-05 0.493109 0.0689582
0.507649 0.0731246 0.115855 0.156572 0.0300575 9.9982E-05 9.9982E-05 0.116542
0.0970219 0.0512261 0.0416601 0.0640562 0.0311972 0.0296602 0.660132 0.025046
0.243196 0.0896539 0.0553667 0.171307 0.0421071 9.9991E-05 0.366678 0.0315914
0.183598 0.155141 0.00818406 0.0918878 9.9991E-05 0.0287594 0.494742 0.0375889
0.435443 0.0206888 0.00658419 0.0866966 0.104163 9.9991E-05 0.309045 0.0372795
0.46007 0.0308871 0.0181786 0.147622 0.0937721 9.9991E-05 0.221057 0.0283133
0.0998526 9.9982E-05 0.0501741 0.08634 0.137638 9.9982E-05 0.434875 0.19092
0.126539 0.0986655 0.0575892 9.9991E-05 0.100249 0.0534789 0.456365 0.107013
0.120157 0.175426 0.143642 0.113369 0.0573594 0.0314518 0.358496 9.9991E-05
0.344066 0.145409 0.0584437 0.222677 9.9982E-05 0.143693 9.9982E-05 0.0855108
0.173493 0.0469439 0.0597221 9.9973E-05 9.9973E-05 9.9973E-05 0.574624 0.144917
0.383679 0.056495 9.9973E-05 0.203219 0.0249023 9.9973E-05 0.331404 9.9973E-05
0.2433 0.0953924 9.9982E-05 0.10073 0.0203117 9.9982E-05 0.468393 0.0716731
0.269094 0.0549418 0.0654544 0.00672432 0.0331044 0.00379932 0.48306 0.0838217
0.221042 0.0380237 0.283587 9.9982E-05 9.9982E-05 0.224049 0.202375 0.0307238
0.374674 9.9955E-05 0.483445 9.9955E-05 9.9955E-05 0.141381 9.9955E-05 9.9955E-05
0.43793 9.9955E-05 0.432421 9.9955E-05 9.9955E-05 0.129149 9.9955E-05 9.9955E-05
0.215413 0.033857 0.335309 9.9982E-05 0.00564569 0.310868 0.0987083 9.9982E-05
0.213553 9.9973E-05 9.9973E-05 0.116016 9.9973E-05 0.0060393 0.635981 0.0281104
0.137226 0.0425644 0.0161382 0.1034 0.0649555 0.140054 0.490265 0.00539627
9.9955E-05 0.0599311 9.9955E-05 9.9955E-05 9.9955E-05 0.616531 0.323039 9.9955E-05
9.9973E-05 0.132686 9.9973E-05 0.123295 9.9973E-05 0.542837 0.159484 0.0413982
0.0327265 0.0550196 0.00117815 0.112844 0.0506265 0.47717 0.270335 9.9991E-05
0.411215 0.0863193 9.9964E-05 9.9964E-05 9.9964E-05 9.9964E-05 0.308287 0.193779
0.194021 0.0623917 0.0498168 0.0564441 9.9982E-05 9.9982E-05 0.511626 0.125501
0.475913 0.0534601 9.9973E-05 0.0791633 9.9973E-05 9.9973E-05 0.180019 0.211145
0.234728 9.9982E-05 0.0269107 0.0579909 0.0633433 9.9982E-05 0.591386 0.0254409
0.215597 0.0627442 9.9982E-05 0.110367 9.9982E-05 0.0234164 0.43597 0.151705
0.255609 9.9982E-05 9.9982E-05 0.0570911 0.064991 0.0218983 0.575787 0.024424
0.501701 0.100306 9.9982E-05 0.114447 0.00130633 9.9982E-05 0.183745 0.0982949
0.103256 0.0347877 0.0608074 0.154716 0.0302954 0.123516 0.437677 0.0549451
0.196122 9.9982E-05 9.9982E-05 0.151675 0.0269583 0.0542609 0.48493 0.0858539
9.9955E-05 0.014487 9.9955E-05 0.0160367 9.9955E-05 0.968977 9.9955E-05 9.9955E-05
9.9964E-05 0.00310684 9.9964E-05 9.9964E-05 0.0104863 0.848057 0.13795 9.9964E-05
9.9982E-05 9.9982E-05 0.0357428 0.0876186 0.0192643 0.614079 0.185488 0.0576074
9.9955E-05 9.9955E-05 9.9955E-05 9.9955E-05 0.0319416 0.653925 0.313634 9.9955E-05
0.0158158 0.0380389 9.9973E-05 9.9973E-05 0.024878 0.816058 0.10491 9.9973E-05
9.994E-05 9.994E-05 9.994E-05 9.994E-05 9.994E-05 0.9993 9.994E-05 9.994E-05
9.9955E-05 9.9955E-05 0.00843788 9.9955E-05 0.0586359 0.932426 9.9955E-05 9.9955E-05
9.9946E-05 9.9946E-05 9.9946E-05 9.9946E-05 9.9946E-05 0.766458 0.232942 9.9946E-05
9.9955E-05 0.0139897 9.9955E-05 9.9955E-05 0.00326306 0.982247 9.9955E-05 9.9955E-05
9.994E-05 9.994E-05 9.994E-05 9.994E-05 9.994E-05 0.9993 9.994E-05 9.994E-05
9.994E-05 9.994E-05 9.994E-05 9.994E-05 9.994E-05 0.9993 9.994E-05 9.994E-05
9.9973E-05 0.0635614 0.0115535 9.9973E-05 0.0346136 0.763806 0.126165 9.9973E-05
9.9973E-05 0.0443349 0.0547131 9.9973E-05 0.00398562 0.736637 0.16003 9.9973E-05
9.9955E-05 0.0297438 9.9955E-05 0.000880222 9.9955E-05 0.968876 9.9955E-05 9.9955E-05
9.9991E-05 0.00835066 0.0731081 0.0961761 0.0981645 0.432459 0.221968 0.069674
9.9973E-05 9.9973E-05 0.0431699 0.0336527 0.113482 0.602 0.207395 9.9973E-05
0.0282681 9.9964E-05 9.9964E-05 9.9964E-05 0.03487 0.72022 0.216242 9.9964E-05
9.9964E-05 0.0897419 0.0174735 9.9964E-05 9.9964E-05 0.804992 0.0873926 9.9964E-05
9.9946E-05 9.9946E-05 9.9946E-05 9.9946E-05 9.9946E-05 0.975877 0.0235238 9.9946E-05
0.0122649 9.9973E-05 0.0488299 9.9973E-05 0.0416241 0.843602 0.0533788 9.9973E-05
9.994E-05 9.994E-05 9.994E-05 9.994E-05 9.994E-05 0.9993 9.994E-05 9.994E-05
9.9982E-05 9.9982E-05 0.0214 0.0053448 0.0396611 0.55903 0.278026 0.096338
9.9964E-05 0.0905221 9.9964E-05 0.0463391 9.9964E-05 0.830434 0.0323046 9.9964E-05
0.625444 0.0424446 0.298538 9.9973E-05 9.9973E-05 0.0179384 9.9973E-05 0.0153342
0.216898 0.0502772 0.129156 9.9982E-05 0.0995609 0.0120194 0.491888 9.9982E-05
0.285532 9.9982E-05 0.167132 0.00833159 0.0618341 0.0663092 0.410661 9.9982E-05
0.447555 9.9982E-05 0.124412 0.0443874 0.0660772 0.141739 0.17563 9.9982E-05
0.260736 0.0436933 0.117829 0.0560893 9.9991E-05 0.119455 0.386718 0.0153792
0.378359 0.00455824 0.225317 0.101998 9.9982E-05 0.0710562 0.218513 9.9982E-05
0.0818627 0.0735285 0.204464 0.0902789 0.0754985 0.00827802 0.455302 0.0107873
0.385342 9.9991E-05 0.0807837 0.0648351 0.00677263 0.126965 0.313469 0.0217326
0.195122 0.0413998 0.15564 9.9982E-05 9.9982E-05 0.136341 0.409408 0.06189
0.356699 9.9964E-05 0.156221 9.9964E-05 9.9964E-05 0.113346 0.373334 9.9964E-05
0.248521 0.0167632 0.154225 9.9973E-05 9.9973E-05 0.0367161 0.543475 9.9973E-05
0.0291698 9.9973E-05 0.803898 9.9973E-05 0.0915423 9.9973E-05 0.0509571 0.0241328
9.9964E-05 9.9964E-05 0.880963 9.9964E-05 0.0370982 0.0299673 9.9964E-05 0.0515721
0.0194988 9.9973E-05 0.939329 0.0252226 0.00671299 9.9973E-05 0.00893714 9.9973E-05
9.9964E-05 9.9964E-05 0.899209 9.9964E-05 0.0465692 9.9964E-05 0.050689 0.00313248
0.0196526 0.0521159 0.883612 9.9973E-05 0.0162765 9.9973E-05 0.028043 9.9973E-05
9.9964E-05 9.9964E-05 0.839846 9.9964E-05 9.9964E-05 0.070771 0.0403698 0.048613
9.9964E-05 9.9964E-05 0.876309 9.9964E-05 0.0267786 0.0535478 0.042965 9.9964E-05
0.00231935 9.9982E-05 0.88921 0.0263117 0.00707239 9.9982E-05 0.0251401 0.0497462
9.9982E-05 0.00947523 0.903385 0.0434352 9.9982E-05 0.0180444 0.022938 0.00252185
0.0500862 0.00984193 0.830607 9.9964E-05 9.9964E-05 0.109065 9.9964E-05 9.9964E-05
0.0133401 0.174225 0.552541 0.0994072 0.124819 9.9982E-05 9.9982E-05 0.0354682
9.9964E-05 0.206196 0.544748 0.0413053 0.207351 9.9964E-05 9.9964E-05 9.9964E-05
0.100191 0.148093 0.533327 0.0596734 0.156691 9.9982E-05 9.9982E-05 0.00182545
0.0425933 0.27826 0.433794 0.107211 0.137842 9.9973E-05 9.9973E-05 9.9973E-05
9.9973E-05 0.212727 0.025202 0.192469 0.0443831 9.9973E-05 0.524918 9.9973E-05
0.0189795 0.0961325 0.0358088 0.186183 0.0455228 9.9991E-05 0.492423 0.12485
9.9982E-05 0.0243672 9.9982E-05 0.218767 0.170263 0.101907 0.402915 0.0815801
0.0362942 0.275631 0.0504268 0.182195 0.115293 9.9982E-05 0.339961 9.9982E-05
9.9964E-05 0.447945 9.9964E-05 0.125128 0.318025 9.9964E-05 0.108502 9.9964E-05
0.0359471 0.0473709 0.0352566 0.21211 9.9991E-05 0.0268498 0.565551 0.0768144
0.0449422 9.9973E-05 9.9973E-05 0.368662 0.0265509 0.060328 0.499217 9.9973E-05
0.100659 9.9973E-05 9.9973E-05 0.26647 0.141607 9.9973E-05 0.474254 0.0167094
0.0621518 9.9982E-05 9.9982E-05 0.529985 0.00739509 0.0531629 0.336598 0.0105076
0.0110541 9.9973E-05 0.0419273 0.141624 0.179778 9.9973E-05 0.625316 9.9973E-05
9.9973E-05 0.107552 9.9973E-05 0.330388 0.104859 9.9973E-05 0.396909 0.0599917
0.0350063 9.9964E-05 9.9964E-05 0.78579 0.068823 9.9964E-05 9.9964E-05 0.109981
0.0725368 0.0838982 0.0199421 0.146573 0.0847373 9.9991E-05 0.504692 0.0875207
0.141237 9.9973E-05 9.9973E-05 0.558691 9.9973E-05 0.0498163 0.170843 0.0791123
0.00658719 0.0167233 9.9991E-05 0.378085 0.0570143 0.00763046 0.510516 0.0233438
9.9982E-05 0.118702 0.0126953 0.725435 0.0683128 0.000193319 0.0744611 9.9982E-05
0.101887 9.9982E-05 0.0718743 0.0366951 0.754491 0.0106331 9.9982E-05 0.0242198
0.148633 9.9964E-05 0.0305227 9.9964E-05 0.798838 9.9964E-05 0.0216062 9.9964E-05
0.0988719 9.9955E-05 9.9955E-05 9.9955E-05 0.863232 9.9955E-05 9.9955E-05 0.0373966
0.0606105 9.9964E-05 0.0703854 9.9964E-05 0.862001 9.9964E-05 9.9964E-05 0.00660278
0.0901006 9.9964E-05 9.9964E-05 9.9964E-05 0.825307 9.9964E-05 0.0318601 0.0523322
0.0076295 9.9973E-05 0.0063533 9.9973E-05 0.871923 0.0880838 0.0257105 9.9973E-05
0.0245494 0.00105387 0.848772 0.00891626 9.9991E-05 0.0432693 0.0471866 0.0261523
9.9973E-05 0.100184 0.778475 9.9973E-05 0.085543 0.0176303 0.0178678 9.9973E-05
9.9964E-05 0.0533055 0.72915 9.9964E-05 9.9964E-05 0.0623093 0.154836 9.9964E-05
9.9964E-05 0.178524 0.709792 9.9964E-05 9.9964E-05 0.102525 0.00875916 9.9964E-05
9.9973E-05 0.0490735 0.768058 9.9973E-05 0.017657 0.0651416 0.0997698 9.9973E-05
0.107055 0.022107 0.364093 0.00971184 0.496733 9.9973E-05 9.9973E-05 9.9973E-05
0.0225108 9.9973E-05 0.431761 0.13452 0.404853 9.9973E-05 9.9973E-05 0.00605522
9.9973E-05 9.9973E-05 0.423891 0.0827327 0.449524 9.9973E-05 0.00521067 0.0383418
9.9964E-05 0.0657824 0.793391 9.9964E-05 9.9964E-05 0.0104832 0.129944 9.9964E-05
0.0801865 9.9964E-05 0.338761 0.101339 0.479313 9.9964E-05 9.9964E-05 9.9964E-05
0.174555 9.9973E-05 0.159357 9.9973E-05 9.9973E-05 0.332626 0.273562 0.0596002
0.0432973 0.0471855 0.0718209 0.0132655 0.0220454 0.207236 0.516132 0.0790165
9.9955E-05 9.9955E-05 0.212128 9.9955E-05 9.9955E-05 0.209837 0.577534 9.9955E-05
0.111369 9.9973E-05 0.254668 9.9973E-05 0.063433 0.171783 0.398448 9.9973E-05
9.9982E-05 0.111955 0.187578 0.0672719 0.01249 0.169472 0.451034 9.9982E-05
0.27069 9.9964E-05 0.411951 9.9964E-05 9.9964E-05 0.309857 9.9964E-05 0.00710222
0.00789942 0.277503 9.9982E-05 0.0897391 0.187978 9.9982E-05 0.368736 0.0679447
0.0593284 0.174561 0.0232806 0.0838415 0.0974991 9.9991E-05 0.344577 0.216812
9.9973E-05 0.525621 0.0968193 9.9973E-05 0.0948589 9.9973E-05 0.210083 0.072317
0.0505619 0.20208 0.0130686 0.060796 0.0661985 9.9991E-05 0.3949 0.212295
0.316354 0.113304 9.9973E-05 0.175933 0.0227052 9.9973E-05 9.9973E-05 0.371405
0.0422715 0.127653 0.0585471 0.151888 0.0168519 0.0284489 0.507858 0.0664811
0.0381331 0.165313 0.0264563 9.9982E-05 0.048979 9.9982E-05 0.496929 0.223989
9.9982E-05 0.44694 0.0404802 0.121215 0.121583 9.9982E-05 0.22082 0.0487624
0.00664874 0.185777 0.145309 0.063427 9.9991E-05 0.01263 0.574162 0.0119461
0.349809 0.400046 9.9973E-05 0.109845 9.9973E-05 9.9973E-05 0.0453454 0.0946546
0.107739 0.121353 9.9991E-05 0.110186 0.0881268 0.0998122 0.342383 0.130301
9.9982E-05 0.138142 9.9982E-05 0.121989 0.133089 0.0332061 0.505605 0.0677692
0.0620587 0.0985368 0.124162 0.0302938 0.0427382 0.171318 0.380583 0.0903095
0.0595931 0.243123 9.9982E-05 0.0762463 0.0856391 9.9982E-05 0.349594 0.185605
0.0677284 0.187598 0.0287014 0.0152747 0.185149 0.0116968 0.406001 0.0978505
0.087729 0.153875 9.9982E-05 0.0129338 0.074615 9.9982E-05 0.510027 0.16062
0.107621 0.150897 9.9982E-05 0.0685569 0.0563843 9.9982E-05 0.525805 0.0905358
9.9982E-05 0.11163 9.9982E-05 0.0921548 0.101224 0.0492057 0.612023 0.0335632
9.9982E-05 0.208989 0.0216737 0.180063 0.0259188 0.0977694 0.465386 9.9982E-05
9.9991E-05 0.134718 0.0742916 0.0375631 0.0983623 0.0841841 0.455311 0.11547
9.9955E-05 9.9955E-05 0.78259 9.9955E-05 9.9955E-05 0.042934 0.173977 9.9955E-05
9.9973E-05 9.9973E-05 0.848554 0.00370974 9.9973E-05 0.00767018 0.111012 0.0287537
9.9973E-05 9.9973E-05 0.789113 0.0224822 0.0772718 9.9973E-05 0.0778605 0.0329722
9.9973E-05 9.9973E-05 0.785796 0.0263642 0.0523896 0.0645028 9.9973E-05 0.0706474
9.9946E-05 9.9946E-05 0.829379 9.9946E-05 9.9946E-05 9.9946E-05 0.170021 9.9946E-05
0.0174656 0.569314 9.9991E-05 0.0434981 0.251093 0.0593786 0.0433359 0.0158152
0.0723494 0.210887 0.0425515 0.0279532 0.0523255 0.0547302 0.455469 0.0837342
0.0885777 9.9982E-05 0.194629 0.0376855 9.9982E-05 0.0937284 0.51501 0.0701696
9.9973E-05 0.12696 9.9973E-05 9.9973E-05 0.138355 0.055404 0.606283 0.0726986
9.9982E-05 0.249725 0.0248753 0.132837 0.0900152 9.9982E-05 0.420774 0.0815735
0.16979 0.216791 9.9982E-05 9.9982E-05 0.16824 0.0353576 0.243414 0.166208
0.0958836 0.361691 0.0843635 0.148676 0.309086 9.9973E-05 9.9973E-05 9.9973E-05
9.9973E-05 0.165533 0.0392521 0.0462651 0.242779 9.9973E-05 0.505872 9.9973E-05
0.00637283 0.369613 0.0280367 0.0282195 0.266095 0.071082 0.063865 0.166717
0.0822629 9.9991E-05 0.0538615 0.122014 0.219394 0.0939054 0.359635 0.0688278
9.9991E-05 0.437967 0.0782661 0.0372202 0.254993 0.0460957 0.00438047 0.140978
9.9982E-05 0.149448 0.0667768 0.114793 0.122921 0.0711444 0.474717 9.9982E-05
9.9982E-05 0.574732 0.0367243 0.0150732 0.199858 9.9982E-05 0.0657274 0.107685
0.0850637 0.289831 0.0499132 0.140595 0.115371 0.045724 0.273401 9.9991E-05
0.157086 0.116309 0.0135981 0.0278696 0.131334 0.0838966 0.392553 0.0773535
0.548404 0.0645505 9.9973E-05 9.9973E-05 0.0571231 9.9973E-05 0.300075 0.0295479
0.204904 0.068261 0.0904496 9.9982E-05 0.0529384 9.9982E-05 0.553168 0.030079
0.131112 9.9991E-05 0.0980407 0.118708 0.0190212 0.0592666 0.495872 0.0778786
0.411909 0.0162793 9.9982E-05 0.0384259 0.0521738 9.9982E-05 0.354086 0.126926
0.100619 0.14792 0.0765486 0.0917551 0.0873132 0.0301482 0.435976 0.0297206
0.305244 9.9964E-05 9.9964E-05 9.9964E-05 0.045375 9.9964E-05 0.520193 0.128788
0.578601 9.9973E-05 9.9973E-05 0.141561 0.0674451 9.9973E-05 0.0917948 0.120298
0.637734 9.9973E-05 9.9973E-05 0.0435577 0.0193604 9.9973E-05 0.280821 0.018227
0.329542 0.00407076 9.9982E-05 0.0254526 0.115387 9.9982E-05 0.466103 0.0592445
0.458494 0.0759617 9.9982E-05 0.292271 0.0251704 9.9982E-05 0.145543 0.00236055
0.349399 0.184817 9.9964E-05 9.9964E-05 0.0450106 9.9964E-05 0.420373 9.9964E-05
0.0190365 0.362116 9.9982E-05 0.169891 0.344304 0.0332023 0.0712509 9.9982E-05
0.0127864 0.247915 9.9991E-05 0.100787 0.161357 0.00722821 0.202957 0.26687
9.9991E-05 0.23272 0.0812509 0.132144 0.192908 0.028937 0.330517 0.00142299
0.0268675 0.0410974 0.0733615 9.9991E-05 0.0857079 0.00269281 0.692155 0.0780181
9.9973E-05 0.393375 9.9973E-05 0.195096 0.204392 9.9973E-05 0.170408 0.0364286
0.131945 0.0930486 0.0517205 0.0327635 0.0610999 0.0817344 0.448844 0.0988446
0.04777 0.0948406 0.0174954 0.0426345 0.143988 0.142344 0.510828 9.9991E-05
9.9973E-05 0.369526 0.0158179 0.0245929 0.115357 9.9973E-05 0.474406 9.9973E-05
9.9982E-05 0.18111 9.9982E-05 0.0115694 0.116417 0.081184 0.504107 0.105413
9.9991E-05 0.148795 0.0321608 0.147666 0.234128 0.0897971 0.317617 0.0297361
9.9982E-05 0.430363 9.9982E-05 0.0657909 0.215349 0.0616534 0.168806 0.0578381
9.9982E-05 0.300918 9.9982E-05 0.0696788 0.208204 0.0259418 0.340622 0.0544353
0.0558717 0.124232 9.9991E-05 0.0414169 0.113772 0.0335932 0.581865 0.0491496
9.9973E-05 0.0718544 0.0986593 0.128888 0.101148 9.9973E-05 0.59915 9.9973E-05
0.183921 0.116694 0.00202227 0.0682618 0.162964 9.9991E-05 0.365385 0.100652
0.00734753 0.108913 9.9991E-05 0.0325855 0.142142 0.038077 0.534177 0.136658
9.9973E-05 0.272966 0.054378 9.9973E-05 0.281108 0.110511 0.280737 9.9973E-05
9.9973E-05 0.119072 9.9973E-05 0.0599143 0.155272 9.9973E-05 0.599903 0.0655377
9.9991E-05 0.159438 0.0448588 0.0338447 0.160449 0.0165559 0.504382 0.0803715
9.9991E-05 0.0337348 0.0944927 0.0319232 0.0836607 0.0750546 0.488397 0.192637
0.0666033 0.0457406 0.360143 0.000462665 9.9982E-05 0.0626527 0.464198 9.9982E-05
0.0135109 0.0235074 0.200152 0.0164316 9.9991E-05 0.135057 0.532583 0.0786568
0.0105503 0.203169 0.135563 0.0933275 9.9991E-05 0.194383 0.350802 0.0121056
0.141015 0.00702911 0.127367 0.0123298 0.00483794 0.0821099 0.579144 0.046167
9.9973E-05 0.0749816 0.247486 9.9973E-05 9.9973E-05 0.122165 0.425264 0.129803
0.12335 0.272771 9.9964E-05 9.9964E-05 9.9964E-05 9.9964E-05 0.402617 0.200862
0.0237183 9.9991E-05 0.202653 0.0446399 0.0601793 0.0544222 0.543733 0.0705548
0.426799 0.112797 0.179156 0.119618 9.9982E-05 0.126276 0.0351533 9.9982E-05
0.11224 0.193887 0.0364112 9.9982E-05 0.0394892 0.206356 0.411416 9.9982E-05
9.9991E-05 0.0865536 0.0895905 0.0431738 0.0848197 0.143891 0.515295 0.0365767
0.0170269 0.118144 0.0503496 9.9991E-05 0.0346606 0.198317 0.473485 0.107917
0.191438 0.0672842 0.142217 0.0914112 0.0425385 0.0866298 0.348909 0.029572
0.171484 9.9973E-05 0.160691 9.9973E-05 9.9973E-05 0.0695758 0.571954 0.025996
0.059579 9.9973E-05 0.165562 9.9973E-05 9.9973E-05 0.0950909 0.632225 0.0472427
0.297972 9.9973E-05 0.45943 0.00476657 9.9973E-05 0.165607 9.9973E-05 0.0719236
9.9964E-05 0.135109 0.174484 9.9964E-05 9.9964E-05 0.197883 0.492125 9.9964E-05
0.0691612 9.9991E-05 0.140817 0.0745533 0.00385169 0.169686 0.531165 0.0106668
0.103136 9.9982E-05 0.124511 0.0484887 9.9982E-05 0.16249 0.485786 0.075389
0.0876065 0.0192646 0.179749 9.9982E-05 9.9982E-05 0.11412 0.576655 0.0224054
0.0376229 9.9982E-05 0.169307 9.9982E-05 0.104077 0.104689 0.538607 0.0454969
9.9973E-05 9.9973E-05 0.0323482 9.9973E-05 0.0196375 0.0412911 0.331256 0.575168
0.0832811 9.9982E-05 0.100645 0.0218991 0.00995131 9.9982E-05 0.525831 0.258193
9.9955E-05 0.120678 9.9955E-05 0.13043 9.9955E-05 9.9955E-05 9.9955E-05 0.748392
0.0182051 0.0194022 0.00947148 0.0255236 0.0484203 9.9982E-05 9.9982E-05 0.878777
9.9982E-05 0.154825 0.0945131 0.0112518 9.9982E-05 0.0294946 0.431324 0.278392
0.0702398 9.9982E-05 0.0730583 9.9982E-05 0.0152655 0.24507 0.439373 0.156793
0.0173808 9.9973E-05 0.123313 9.9973E-05 9.9973E-05 0.327436 0.260163 0.271408
0.196168 0.0232615 0.200238 0.0563485 9.9991E-05 0.271575 0.181289 0.0710196
0.0426395 0.0360353 0.185876 9.9982E-05 9.9982E-05 0.242719 0.325938 0.166593
0.134144 0.007075 0.0703564 9.9973E-05 9.9973E-05 0.0928949 9.9973E-05 0.69523
0.0317733 9.9973E-05 0.106171 9.9973E-05 9.9973E-05 0.0778071 0.107965 0.675983
9.9964E-05 9.9964E-05 9.9964E-05 9.9964E-05 0.00318017 0.104035 0.503417 0.388967
9.9964E-05 9.9964E-05 0.0134136 9.9964E-05 9.9964E-05 0.102265 0.385284 0.498637
9.9964E-05 9.9964E-05 0.0779125 9.9964E-05 9.9964E-05 0.12558 0.0203592 0.775748
9.9982E-05 0.0253966 0.0365595 9.9982E-05 0.0398808 0.0462178 0.507662 0.344083
0.0368086 9.9973E-05 9.9973E-05 9.9973E-05 0.0091844 0.087658 0.521072 0.344977
0.0743706 0.0818048 0.0784324 9.9991E-05 0.0518367 0.171543 0.32001 0.221903
9.9982E-05 0.0671183 0.0235533 0.018063 0.000975355 9.9982E-05 0.285516 0.604574
9.9973E-05 0.120181 9.9973E-05 0.0823755 0.00445399 9.9973E-05 0.321484 0.471206
0.065673 0.0127338 0.0880747 0.00791267 0.0155559 0.0307972 0.451134 0.328119
0.0596193 0.011358 0.0209919 0.0707372 0.126755 0.0624983 0.342279 0.305761
0.06624 0.105137 0.025109 0.0452817 9.9991E-05 0.107769 0.388727 0.261636
0.100771 0.048493 9.9964E-05 9.9964E-05 9.9964E-05 9.9964E-05 0.4303 0.420036
9.9955E-05 9.9955E-05 9.9955E-05 9.9955E-05 0.123989 9.9955E-05 0.173983 0.701528
9.9964E-05 9.9964E-05 0.0307095 0.0824325 9.9964E-05 9.9964E-05 0.530046 0.356412
9.9955E-05 9.9955E-05 9.9955E-05 0.0408355 9.9955E-05 9.9955E-05 0.166812 0.791853
9.9964E-05 9.9964E-05 9.9964E-05 0.00756364 9.9964E-05 0.0217754 0.401776 0.568486
0.0835348 9.9982E-05 0.0831591 0.00553126 0.0635107 9.9982E-05 0.554721 0.209343
9.9973E-05 9.9973E-05 0.0340548 0.13754 0.0598013 9.9973E-05 0.515965 0.252339
0.174854 0.030883 0.0705482 9.9982E-05 9.9982E-05 0.194817 0.484004 0.0446942
9.9982E-05 0.00469553 0.125203 9.9982E-05 0.161862 0.148575 0.349906 0.209558
0.137306 0.0239802 0.125565 9.9991E-05 0.0415939 0.218501 0.402263 0.0506908
0.0498296 0.0694971 0.201236 9.9991E-05 0.0626779 0.199892 0.308215 0.108553
0.0142257 0.112036 0.199307 9.9991E-05 0.00951141 0.106479 0.503839 0.0545009
0.12832 9.9982E-05 0.0916465 9.9982E-05 0.0837882 0.188564 0.450266 0.0572153
0.0985957 9.9964E-05 0.172175 9.9964E-05 9.9964E-05 0.0991791 9.9964E-05 0.62965
0.0278475 9.9982E-05 0.0554338 9.9982E-05 0.0831839 0.208485 0.533297 0.0915533
0.107596 9.9964E-05 0.37519 9.9964E-05 9.9964E-05 0.0855932 9.9964E-05 0.431221
9.9973E-05 9.9973E-05 0.0773812 9.9973E-05 0.0131005 0.165161 0.458414 0.285643
0.0521541 9.9964E-05 9.9964E-05 0.202174 9.9964E-05 9.9964E-05 0.0692281 0.676044
9.9946E-05 9.9946E-05 9.9946E-05 0.191446 9.9946E-05 9.9946E-05 9.9946E-05 0.807954
0.00937337 0.0205907 9.9982E-05 0.0674443 0.00756358 9.9982E-05 0.409633 0.485195
9.9982E-05 0.0335223 0.0542082 0.00665194 9.9982E-05 0.0133628 0.530291 0.361764
9.9964E-05 0.128217 9.9964E-05 0.0091635 9.9964E-05 9.9964E-05 0.319061 0.543159
9.9955E-05 9.9955E-05 9.9955E-05 0.0322251 9.9955E-05 9.9955E-05 0.47913 0.488145
9.9964E-05 0.0450563 9.9964E-05 9.9964E-05 9.9964E-05 0.00438568 0.514626 0.435533
9.9973E-05 0.0182373 0.797027 9.9973E-05 0.00522046 9.9973E-05 0.124135 0.0550804
0.0368786 0.0281563 0.682836 9.9982E-05 0.127489 0.109969 0.0144712 9.9982E-05
9.9964E-05 0.056599 0.895029 9.9964E-05 0.00904471 0.0389275 9.9964E-05 9.9964E-05
9.9955E-05 9.9955E-05 0.94996 9.9955E-05 9.9955E-05 9.9955E-05 0.0261227 0.0234177
9.9982E-05 0.0850062 0.0563421 0.336785 0.0346349 0.0599106 0.427121 9.9982E-05
9.9982E-05 0.0643424 0.0640573 0.364576 9.9982E-05 0.108338 0.379253 0.019234
9.9955E-05 0.10064 9.9955E-05 0.434646 9.9955E-05 9.9955E-05 0.464214 9.9955E-05
0.079081 0.0266702 0.0737114 0.189136 0.0127588 9.9991E-05 0.585927 0.0326161
0.1836 0.00228009 0.0438529 0.120622 0.107876 0.0221026 0.519566 9.9991E-05
0.00985486 0.139974 0.00812811 0.528743 0.0627037 0.00753248 0.16676 0.0763032
9.9964E-05 9.9964E-05 0.0131711 0.331234 9.9964E-05 0.061709 0.593486 9.9964E-05
0.197129 9.9955E-05 9.9955E-05 0.465308 9.9955E-05 9.9955E-05 0.337063 9.9955E-05
9.9991E-05 0.0779625 0.234971 0.0144128 0.0382425 0.150255 0.440041 0.0440161
0.075646 0.0472905 9.9991E-05 0.283811 0.0211036 0.0394227 0.375005 0.157621
9.9973E-05 0.0136635 0.0403177 0.560154 0.0837818 9.9973E-05 0.301783 9.9973E-05
9.9955E-05 9.9955E-05 9.9955E-05 0.400377 0.029703 9.9955E-05 0.56942 9.9955E-05
9.9991E-05 0.0245611 0.0151154 0.486424 0.0504633 0.0123147 0.384503 0.026519
0.0277265 9.9964E-05 9.9964E-05 0.373612 9.9964E-05 9.9964E-05 0.55661 0.0416518
9.9973E-05 0.0776549 0.0515481 0.268921 9.9973E-05 9.9973E-05 0.547965 0.0536107
9.9955E-05 9.9955E-05 9.9955E-05 0.907222 9.9955E-05 9.9955E-05 0.0749816 0.0172964
0.0880574 0.10972 9.9982E-05 0.542984 9.9982E-05 0.0278802 0.186618 0.0445398
9.9964E-05 9.9964E-05 9.9964E-05 0.56839 0.111344 9.9964E-05 0.284257 0.0356091
0.152347 9.9955E-05 9.9955E-05 0.804585 9.9955E-05 9.9955E-05 9.9955E-05 0.042568
9.9982E-05 0.0498969 0.00721943 0.307543 0.138608 9.9982E-05 0.421657 0.0748754
0.231572 9.9991E-05 0.000121302 0.601099 0.00707955 0.00263485 0.109819 0.047574
0.17046 9.9964E-05 9.9964E-05 0.735688 0.00901948 9.9964E-05 9.9964E-05 0.0844329
9.9982E-05 0.0013393 0.037034 0.303147 9.9982E-05 0.0132782 0.59952 0.0454813
9.9982E-05 0.18826 0.0466837 0.598875 0.0183676 0.0133928 0.134222 9.9982E-05
0.0289004 0.105942 0.0418338 0.414398 0.014334 0.0204835 0.374008 9.9991E-05
0.0434309 9.9982E-05 0.0663476 0.18479 0.0612517 0.101377 0.542604 9.9982E-05
0.0551178 9.9982E-05 9.9982E-05 0.233198 0.0959939 0.0405712 0.532367 0.0425524
0.149105 0.23977 9.9991E-05 0.0281317 0.0627585 0.00520203 0.320237 0.194696
9.9973E-05 9.9973E-05 0.00945009 0.30721 0.094705 0.0570499 0.531285 9.9973E-05
9.9982E-05 0.105244 0.0503732 0.315681 0.0598935 0.00676812 0.46184 9.9982E-05
0.0290656 9.9955E-05 9.9955E-05 0.669892 9.9955E-05 9.9955E-05 0.300543 9.9955E-05
0.0212681 9.9991E-05 0.0461603 0.263045 0.0868161 0.0431141 0.53146 0.008036
0.0993524 0.0892639 0.591266 0.000935789 0.218882 9.9973E-05 9.9973E-05 9.9973E-05
0.0180472 0.0640791 0.721386 0.0962681 0.0572996 0.0101677 0.0326523 9.9991E-05
0.0676164 0.0174371 0.810364 9.9964E-05 0.104182 9.9964E-05 9.9964E-05 9.9964E-05
0.108043 9.9964E-05 0.781688 9.9964E-05 0.108804 9.9964E-05 9.9964E-05 0.00106567
0.0372893 0.0577533 0.739318 9.9973E-05 0.131221 9.9973E-05 0.0341194 9.9973E-05
9.9973E-05 0.124838 0.0617292 0.632986 0.055263 9.9973E-05 0.124884 9.9973E-05
0.0362593 0.0446178 0.0304609 0.63257 0.097492 9.9991E-05 0.1538 0.0047004
0.0396995 9.9964E-05 9.9964E-05 0.743553 9.9964E-05 9.9964E-05 0.153721 0.0626273
9.9973E-05 0.0417912 0.118568 0.180695 9.9973E-05 9.9973E-05 0.463923 0.194723
0.0270969 9.9991E-05 0.0762647 0.165871 0.0773134 0.106121 0.473985 0.0732488
0.0991945 9.9982E-05 0.0390287 0.560532 0.0226272 9.9982E-05 0.257823 0.0205942
9.9964E-05 9.9964E-05 9.9964E-05 0.234057 9.9964E-05 0.034642 0.60425 0.126651
0.108058 9.9982E-05 0.0465315 0.381893 9.9982E-05 0.0200307 0.433765 0.00952191
0.0577748 0.151977 0.0501419 0.196914 9.9982E-05 9.9982E-05 0.514592 0.0284004
9.9973E-05 0.120036 0.0926382 0.200177 9.9973E-05 9.9973E-05 0.585157 0.00169221
0.0230567 0.114688 9.9982E-05 0.552818 0.0971504 0.0400403 0.172046 9.9982E-05
9.9973E-05 0.105748 0.00383493 0.538574 0.0185828 9.9973E-05 0.33296 9.9973E-05
9.9973E-05 0.140852 9.9973E-05 0.535786 0.0422442 0.00333672 0.277481 9.9973E-05
0.207761 0.0940261 0.0107845 0.0617891 0.0256438 0.047445 0.55245 9.9991E-05
9.9964E-05 0.0779012 0.0644031 0.425704 9.9964E-05 9.9964E-05 0.431592 9.9964E-05
9.9973E-05 9.9973E-05 0.0586759 0.40175 0.0365461 9.9973E-05 0.452624 0.0501033
0.0379683 0.0834092 0.0755776 9.9973E-05 9.9973E-05 0.371134 0.431611 9.9973E-05
0.0725496 0.0709483 0.0803758 0.0301628 9.9982E-05 0.37118 0.374583 9.9982E-05
0.0537988 9.9964E-05 0.143325 9.9964E-05 9.9964E-05 0.336259 0.466218 9.9964E-05
0.0770111 9.9973E-05 0.124198 9.9973E-05 9.9973E-05 0.468153 0.30757 0.0227684
0.0419269 0.0604837 0.114473 9.9982E-05 9.9982E-05 0.272171 0.470935 0.03981
0.158022 9.9964E-05 0.0313374 0.324114 9.9964E-05 9.9964E-05 0.486127 9.9964E-05
0.0894698 9.9964E-05 0.205977 9.9964E-05 9.9964E-05 0.613478 0.0906759 9.9964E-05
0.0790783 9.9982E-05 0.103447 0.0213918 9.9982E-05 0.482208 0.276955 0.0367195
0.238358 9.9973E-05 0.112523 0.118315 9.9973E-05 0.135593 0.394911 9.9973E-05
0.322783 0.0435682 0.0947485 9.9964E-05 9.9964E-05 9.9964E-05 0.5385 9.9964E-05
0.275113 0.136341 0.0710895 0.0244007 0.0701411 9.9982E-05 0.422715 9.9982E-05
0.263162 0.0714387 0.039349 9.9982E-05 0.02066 0.0379706 0.56722 9.9982E-05
0.0680792 9.9991E-05 0.0341895 0.0625519 0.116557 0.0739731 0.622683 0.0218664
0.0206599 9.9964E-05 0.254446 9.9964E-05 9.9964E-05 0.348779 0.375715 9.9964E-05
0.0179891 9.9982E-05 0.179232 0.0565985 9.9982E-05 0.302802 0.408106 0.0350725
0.0486194 9.9964E-05 0.0723529 9.9964E-05 9.9964E-05 0.417995 0.460633 9.9964E-05
9.9973E-05 9.9973E-05 0.131302 9.9973E-05 0.0911863 0.254236 0.425007 0.0979696
0.0590817 9.9973E-05 0.0773014 9.9973E-05 9.9973E-05 0.560989 0.261931 0.0403968
0.10026 9.9991E-05 0.106056 0.046384 0.0118973 0.288969 0.445869 0.000464105
0.00388366 9.9973E-05 0.108777 9.9973E-05 9.9973E-05 0.609166 0.221272 0.0566019
0.0827094 0.054533 9.9982E-05 9.9982E-05 0.0500447 0.399126 0.373197 0.0401903
0.385825 9.9973E-05 9.9973E-05 0.0614725 0.0342577 0.066508 0.451637 9.9973E-05
0.0655303 9.9973E-05 0.230613 9.9973E-05 0.0747015 0.267546 0.36131 9.9973E-05
0.0618966 9.9964E-05 0.164318 9.9964E-05 9.9964E-05 0.528046 0.245339 9.9964E-05
0.0145454 0.0378717 0.111981 0.100001 0.0312393 0.314604 0.341117 0.0486407
0.382598 0.264406 0.119947 0.0382061 0.0620775 9.9982E-05 0.132565 9.9982E-05
0.24918 0.0995698 9.9973E-05 9.9973E-05 0.0564833 0.0534999 0.540967 9.9973E-05
9.9982E-05 0.025855 0.180911 9.9982E-05 0.0789799 0.237058 0.399083 0.077913
0.220894 0.0229213 0.0316334 9.9982E-05 0.104178 0.0277343 0.592439 9.9982E-05
0.255281 0.0413722 0.145005 0.0912733 9.9982E-05 9.9982E-05 0.459134 0.00773363
0.107558 9.9982E-05 0.118 0.175017 0.0616322 0.211274 0.326318 9.9982E-05
0.0371504 9.9982E-05 0.278933 0.0258753 9.9982E-05 0.229033 0.30191 0.126899
0.141577 9.9982E-05 0.0819329 0.0963501 0.0225732 0.15572 0.501647 9.9982E-05
9.9973E-05 0.0055164 0.168086 0.147611 9.9973E-05 0.353078 0.325409 9.9973E-05
0.0205079 0.0232383 0.0333817 9.9991E-05 0.0209796 0.458888 0.370906 0.0719988
0.037396 9.9973E-05 0.232475 9.9973E-05 9.9973E-05 0.475588 0.221895 0.0323459
0.0981619 9.9982E-05 0.112026 0.138763 0.0553237 0.124538 0.470988 9.9982E-05
0.298425 0.205668 0.00662834 0.0114186 0.00267329 9.9982E-05 0.474987 9.9982E-05
0.695303 9.9982E-05 0.0518371 0.0193856 0.0204898 9.9982E-05 0.167138 0.0456462
0.136489 9.9982E-05 0.0648754 0.0567997 0.0589166 0.104003 0.578717 9.9982E-05
0.0713637 0.208371 0.0744378 0.0375898 0.0754753 0.0319286 0.359224 0.14161
0.155939 9.9973E-05 0.19571 0.0558942 9.9973E-05 0.161204 0.430954 9.9973E-05
0.109216 0.0781512 0.116399 9.9991E-05 0.0169814 0.0451839 0.440959 0.19301
0.544609 9.9955E-05 0.22849 9.9955E-05 9.9955E-05 0.226402 9.9955E-05 9.9955E-05
0.662831 9.9955E-05 0.234191 9.9955E-05 9.9955E-05 0.102478 9.9955E-05 9.9955E-05
0.336374 0.102564 0.0687232 0.0217071 0.0311824 0.105221 0.261122 0.0731067
