0.0209928 0.00791473 0.888431 0.033464 0.0488973 9.9973E-05 9.9973E-05 9.9973E-05
9.9973E-05 0.0021345 0.903416 0.0104486 0.0442194 0.0394814 9.9973E-05 9.9973E-05
0.116342 0.0320855 0.745222 9.9973E-05 0.0693948 9.9973E-05 0.0366559 9.9973E-05
0.0455773 0.0404285 0.719151 0.0838761 0.0634892 9.9982E-05 0.047278 9.9982E-05
0.082384 0.0281442 0.859831 9.9964E-05 9.9964E-05 9.9964E-05 0.0292412 9.9964E-05
0.0511028 0.100587 0.602817 0.0493872 9.9991E-05 0.0415498 0.0796514 0.0748055
9.9973E-05 0.0121537 0.780368 0.0579621 0.0416597 9.9973E-05 9.9973E-05 0.107556
0.0060912 0.133605 0.704069 0.0161661 0.0136878 9.9991E-05 0.0547258 0.0715549
9.99729E-05 0.0420024 0.840822 9.99729E-05 0.00505431 0.0561039 9.99729E-05 0.0557176
0.0372645 0.0962029 0.599854 9.9991E-05 0.0469646 0.023549 0.107093 0.0889713
0.0219163 0.0483876 0.753688 0.0734088 9.9973E-05 9.9973E-05 9.9973E-05 0.102299
0.113945 9.9964E-05 9.9964E-05 0.759733 9.9964E-05 0.0644082 0.0615135 9.9964E-05
0.435919 0.0266072 9.9973E-05 0.391948 0.0507506 9.9973E-05 0.0944756 9.9973E-05
0.123427 9.9991E-05 0.0675269 0.688695 0.0203639 0.00304005 0.0755297 0.0213174
0.174794 9.9973E-05 0.0275236 0.629433 0.00396889 9.9973E-05 0.163981 9.9973E-05
0.281098 0.00717409 0.120886 0.339183 9.9991E-05 0.100918 0.101927 0.0487143
0.459242 9.9973E-05 0.0558754 0.332955 0.0576157 9.9973E-05 0.0940118 9.9973E-05
0.34173 0.0535486 9.9991E-05 0.351981 0.043165 0.0652402 0.111441 0.0327946
0.247145 9.9982E-05 0.0956901 0.564891 0.0319437 0.0142043 0.0459267 9.9982E-05
9.9973E-05 0.0359915 0.0665454 0.855292 9.9973E-05 9.9973E-05 0.0053365 0.0365351
0.333699 0.0402974 0.0146707 0.307415 0.0428171 0.16812 0.0300445 0.062936
0.517877 0.00951228 9.9982E-05 0.259548 0.0162973 0.0494292 9.9982E-05 0.147136
0.527187 0.0367992 0.0974975 0.260093 9.9973E-05 0.0781233 9.9973E-05 9.9973E-05
0.15536 9.9973E-05 9.9973E-05 0.67307 0.0281574 0.0194132 0.123699 9.9973E-05
0.592119 0.0838991 0.043706 0.0621115 0.0537535 0.115611 0.0486993 9.9991E-05
0.424149 9.9973E-05 9.9973E-05 0.402715 0.0471935 0.0231335 0.10251 9.9973E-05
0.0147309 9.9973E-05 0.00934957 0.819363 0.0336385 9.9973E-05 0.122618 9.9973E-05
9.9946E-05 9.9946E-05 9.9946E-05 0.828882 9.9946E-05 9.9946E-05 0.170518 9.9946E-05
0.18594 9.9964E-05 0.0362238 0.72506 9.9964E-05 9.9964E-05 9.9964E-05 0.0523766
9.994E-05 9.994E-05 9.994E-05 9.994E-05 0.9993 9.994E-05 9.994E-05 9.994E-05
9.994E-05 9.994E-05 9.994E-05 9.994E-05 0.9993 9.994E-05 9.994E-05 9.994E-05
0.0782584 9.9973E-05 0.489716 0.0204401 0.375884 0.0354012 9.9973E-05 9.9973E-05
0.0988981 9.9973E-05 0.544706 9.9973E-05 0.234877 0.063184 0.0580351 9.9973E-05
0.600957 0.0835605 0.0667273 0.15866 9.9982E-05 0.0664049 9.9982E-05 0.0234902
0.429518 0.0108997 0.109512 0.00638318 9.9982E-05 0.375492 0.0679961 9.9982E-05
0.51682 9.9973E-05 0.0364921 9.9973E-05 9.9973E-05 0.377607 0.0391029 0.0296775
0.0956491 0.0997007 0.0367273 0.668668 0.0459867 0.0213487 0.00212572 0.0297933
0.337559 9.9982E-05 0.0231195 0.0311349 0.0143562 0.556933 9.9982E-05 0.0366977
0.443823 9.9964E-05 0.0931978 0.19042 9.9964E-05 0.272159 9.9964E-05 9.9964E-05
0.688096 0.00787215 9.9973E-05 9.9973E-05 0.0153963 0.254024 0.0343116 9.9973E-05
0.49979 0.0567134 0.0778958 0.0833968 0.0191223 0.108598 0.0411957 0.113288
0.626905 0.0550495 0.0444562 0.114618 0.0547758 0.0479321 0.0291134 0.0271507
0.043252 9.9964E-05 9.9964E-05 0.20274 0.046332 0.707276 9.9964E-05 9.9964E-05
0.542924 0.0396831 0.0104638 0.0497713 0.0350481 0.0481017 0.0634436 0.210564
0.484839 0.0251382 0.0526433 0.0635308 0.0206873 0.275878 0.0614807 0.0158028
0.449219 0.0233846 0.141945 9.9982E-05 0.0344741 0.244141 0.106636 9.9982E-05
0.317136 0.0250702 9.9964E-05 9.9964E-05 0.0105795 0.646814 9.9964E-05 9.9964E-05
0.629803 9.9973E-05 0.0419103 9.9973E-05 0.0211824 0.302762 0.00404269 9.9973E-05
0.525865 0.104701 9.9982E-05 9.9982E-05 0.0185609 0.14111 0.129234 0.0803302
9.9964E-05 9.9964E-05 0.0569756 9.9964E-05 0.00477957 0.649867 9.9964E-05 0.287978
0.118126 0.157756 9.9973E-05 0.485185 9.9973E-05 0.200038 9.9973E-05 0.0385945
9.9973E-05 0.00634883 9.9973E-05 0.354741 9.9973E-05 0.264774 0.0261322 0.347704
0.455229 0.0999292 0.0495014 0.186401 0.0673873 9.9991E-05 0.12365 0.0178014
0.565321 9.9973E-05 0.101018 0.17637 9.9973E-05 9.9973E-05 0.0388315 0.118159
0.581957 0.0229492 0.0543816 0.0676035 9.9991E-05 0.0986881 0.0228127 0.151507
0.134872 0.122583 0.0525689 0.333611 0.0462399 0.175963 9.9991E-05 0.134062
0.583955 0.0709909 0.0142675 0.258012 9.9982E-05 0.0673917 9.9982E-05 0.00518275
0.486803 9.9973E-05 0.0685619 0.188362 9.9973E-05 9.9973E-05 0.0933732 0.1626
0.337137 0.0351334 0.113941 0.270615 0.0212438 0.150308 0.0102379 0.0613837
0.01137 0.0445149 0.189487 0.447652 0.0362541 0.0596442 0.0252649 0.185813
0.533081 0.0279793 0.0778434 0.140203 0.0391215 0.103975 0.0457708 0.0320253
0.356268 0.0430748 0.0889352 0.362577 9.9991E-05 0.065493 0.0523331 0.0312195
9.9973E-05 0.122542 9.9973E-05 0.585202 0.0713166 0.120458 9.9973E-05 0.100181
0.453752 9.9973E-05 9.9973E-05 0.420802 0.00638711 0.0619981 9.9973E-05 0.0567613
0.682837 0.0362112 9.9982E-05 0.0937026 0.0341656 0.0438559 9.9982E-05 0.109028
0.604923 0.112497 0.0660928 0.087044 0.0927358 0.0168598 9.9991E-05 0.0197483
0.253624 0.0260826 0.0269351 0.443083 0.0315952 0.0726512 0.0193752 0.126654
0.405016 9.9982E-05 9.9982E-05 0.308647 0.00794381 0.0757121 0.0836584 0.118823
0.60661 0.146718 0.0378127 0.0581863 0.0569392 0.02783 0.034791 0.0311133
0.138045 0.0825606 9.9982E-05 0.585325 0.0439363 0.101069 9.9982E-05 0.0488639
0.470124 0.0150616 9.9964E-05 0.0876754 9.9964E-05 0.426739 9.9964E-05 9.9964E-05
0.147103 9.9964E-05 9.9964E-05 0.173203 0.0405761 0.638718 9.9964E-05 9.9964E-05
0.595734 0.0319477 0.0610514 0.137822 9.9982E-05 0.156081 0.0171632 9.9982E-05
9.9964E-05 0.00740652 0.0174331 9.9964E-05 9.9964E-05 0.834099 9.9964E-05 0.140662
9.9955E-05 9.9955E-05 9.9955E-05 0.071683 9.9955E-05 0.849607 9.9955E-05 0.07821
0.296618 9.9955E-05 9.9955E-05 9.9955E-05 9.9955E-05 0.698452 9.9955E-05 0.00443075
0.432814 0.0355477 9.9973E-05 0.081201 0.0357803 0.414357 9.9973E-05 9.9973E-05
0.59859 0.0393658 0.097103 9.9973E-05 9.9973E-05 0.21945 9.9973E-05 0.0451907
0.336647 9.9973E-05 9.9973E-05 0.0455287 0.0115865 0.500615 0.105323 9.9973E-05
0.0880153 0.0902369 0.0369386 0.100663 0.014281 0.653711 0.0160542 9.9991E-05
0.178289 0.130435 0.0471977 0.0893489 9.9973E-05 0.554429 9.9973E-05 9.9973E-05
0.566523 0.124101 0.0744752 9.9982E-05 0.0092797 0.215896 0.0095245 9.9982E-05
0.134122 9.9973E-05 9.9973E-05 0.0893547 0.0243954 0.629202 0.122626 9.9973E-05
0.347172 0.0652516 9.9982E-05 0.0562571 0.0372536 0.457547 0.0363187 9.9982E-05
0.324499 9.9973E-05 0.0138308 9.9973E-05 0.0326293 0.626103 9.9973E-05 0.00263744
9.9964E-05 0.0309378 0.000340003 9.9964E-05 9.9964E-05 0.799473 9.9964E-05 0.168849
0.535489 0.0324367 0.0151701 0.0671055 0.0268595 0.242985 0.0798547 9.9991E-05
0.112467 9.9973E-05 0.746505 0.0518351 0.0541807 9.9973E-05 0.0347124 9.9973E-05
0.0837667 9.9964E-05 0.798057 0.000277542 0.117499 9.9964E-05 9.9964E-05 9.9964E-05
0.0482922 0.0309763 0.714091 9.9973E-05 0.152558 9.9973E-05 0.0537818 9.9973E-05
0.0369626 9.9973E-05 0.784897 9.9973E-05 0.123842 0.0380112 0.0159872 9.9973E-05
0.0426968 9.9982E-05 0.771349 9.9982E-05 0.101765 0.0162116 0.0403948 0.0273833
0.0245027 0.0609241 0.794107 9.9973E-05 0.0743877 9.9973E-05 0.0457786 9.9973E-05
9.9973E-05 0.00607533 0.844417 9.9973E-05 0.0971124 0.0254027 0.0266925 9.9973E-05
0.471218 9.9982E-05 9.9982E-05 0.102273 0.0333596 0.273502 0.0440362 0.075411
0.517114 9.9982E-05 0.045335 0.0808587 0.035274 0.261567 0.059652 9.9982E-05
9.9955E-05 9.9955E-05 0.0359757 0.161774 9.9955E-05 0.801751 9.9955E-05 9.9955E-05
0.57568 0.0792285 0.0858125 9.9991E-05 0.0580687 0.120352 0.037462 0.0432968
0.402409 9.9973E-05 0.0602355 0.178729 0.00799202 0.350335 9.9973E-05 9.9973E-05
0.60662 9.9964E-05 0.090234 9.9964E-05 0.00377955 0.298966 9.9964E-05 9.9964E-05
0.527655 9.9991E-05 0.0186941 0.121578 0.0441468 0.237002 0.00833653 0.0424875
0.390814 0.000867987 9.9964E-05 9.9964E-05 9.9964E-05 0.501779 0.10614 9.9964E-05
9.9964E-05 0.0488862 0.0521875 0.183255 9.9964E-05 0.715272 9.9964E-05 9.9964E-05
0.509915 0.101403 0.0833101 0.0860883 0.0180284 0.0826626 0.0850729 0.0335203
0.675735 9.9982E-05 0.0464757 0.0187408 0.0596761 0.16549 9.9982E-05 0.033683
0.555385 0.0869489 0.107992 0.0310298 0.0103207 0.119733 0.0636851 0.0249054
0.299664 9.9973E-05 0.00067049 9.9973E-05 0.0381825 0.534193 9.9973E-05 0.126989
0.476308 9.9973E-05 0.0195397 9.9973E-05 0.00817484 0.433835 9.9973E-05 0.0618418
0.398957 0.0874624 0.00191659 0.152483 0.0189297 0.340051 9.9982E-05 9.9982E-05
0.300178 9.9955E-05 9.9955E-05 9.9955E-05 9.9955E-05 0.629991 0.0693305 9.9955E-05
0.421842 0.0237019 0.0551099 0.0626079 9.9973E-05 0.436438 9.9973E-05 9.9973E-05
0.638801 9.9982E-05 0.105497 0.0463391 0.0120076 0.177681 0.0194747 9.9982E-05
0.17039 0.0558835 0.0482624 0.405666 9.9991E-05 0.154273 0.036053 0.129373
0.438056 0.110196 0.0898498 0.253925 0.0647409 0.00483618 0.00283356 0.0355628
0.575273 0.077006 0.135042 0.123509 9.9973E-05 0.08887 9.9973E-05 9.9973E-05
0.699759 0.0341076 0.106178 0.0279222 9.9982E-05 0.128959 0.00287444 9.9982E-05
0.423215 0.0669495 9.9982E-05 0.336683 0.0565375 0.112912 9.9982E-05 0.00350225
0.617836 0.137549 0.0697326 0.174483 9.9964E-05 9.9964E-05 9.9964E-05 9.9964E-05
0.4341 0.136613 0.0363932 0.367649 9.9973E-05 9.9973E-05 0.0249446 9.9973E-05
0.477952 0.0743573 0.109374 0.159926 0.00737198 0.0177241 9.9991E-05 0.153195
0.587189 0.0479825 0.0609164 0.0700335 0.0893881 0.063914 0.0135939 0.0669828
0.548996 0.0639717 0.0365235 0.195619 0.0382663 0.102318 9.9991E-05 0.0142058
0.476532 0.208231 9.9964E-05 0.312963 0.00187446 9.9964E-05 9.9964E-05 9.9964E-05
0.662071 0.0891953 0.0970285 0.0260096 9.9982E-05 9.9982E-05 0.00526625 0.12023
0.568294 0.0354348 0.10374 9.9982E-05 9.9982E-05 0.109186 0.0678611 0.115283
0.569412 0.162232 9.9964E-05 0.173209 9.9964E-05 9.9964E-05 0.0947472 9.9964E-05
0.605887 0.0897434 9.9973E-05 0.117179 0.0416323 9.9973E-05 9.9973E-05 0.145258
0.487461 0.0834677 0.0805863 0.137426 9.9991E-05 0.0538293 0.115501 0.0416291
0.403394 0.0415206 0.0833338 0.338559 9.9982E-05 9.9982E-05 0.00392728 0.129066
0.624039 0.162129 0.0286944 0.0975591 9.9982E-05 0.0259968 0.0613813 9.9982E-05
0.657692 0.0604935 0.0445203 0.0837394 0.000659509 9.9991E-05 0.0254904 0.127305
0.206201 0.141131 0.0269603 0.442967 9.9991E-05 0.0656551 0.0372486 0.0797365
0.158239 0.105603 9.9991E-05 0.286231 0.0371532 0.0636468 0.0483315 0.300695
0.514631 0.132893 0.0805195 0.160098 0.0177151 0.0423199 9.9991E-05 0.0517243
0.080581 0.224413 9.9991E-05 0.149459 0.00134035 0.285421 0.00319815 0.255487
0.252519 0.0724453 0.0642345 0.521467 9.9973E-05 0.0890342 9.9973E-05 9.9973E-05
0.399687 0.116648 0.026274 0.293292 9.9982E-05 0.143576 9.9982E-05 0.020323
0.250835 0.0998307 0.038218 0.484365 0.0281082 0.0984429 9.9982E-05 9.9982E-05
0.270143 0.121154 9.9973E-05 0.54493 9.9973E-05 0.028341 9.9973E-05 0.0351318
0.620437 0.0497022 0.073593 0.136861 0.0452917 0.067704 0.00631059 9.9991E-05
0.576427 0.163165 0.0745802 9.9982E-05 9.9982E-05 0.0860682 0.0639313 0.0356283
0.564445 0.046938 0.0739494 0.188176 0.015309 0.0653704 0.00301043 0.0428014
0.114998 0.0713938 0.0135224 0.36528 0.0165116 0.167332 0.0377986 0.213163
0.579988 9.9964E-05 0.194863 0.0448377 9.9964E-05 0.179911 9.9964E-05 9.9964E-05
0.515225 0.0951198 0.0298445 0.0204838 9.9991E-05 0.0599836 0.0636932 0.21555
0.0198171 0.104334 0.0946141 0.0487887 0.0300949 0.233817 9.9991E-05 0.468434
0.667265 9.9973E-05 0.0815522 9.9973E-05 0.0136974 0.0984488 9.9973E-05 0.138737
0.315742 0.047078 0.0978456 0.0444509 9.9991E-05 0.21303 0.0762892 0.205465
0.455558 0.0440308 0.0478501 0.12244 0.034281 0.144551 0.0857639 0.0655254
0.245251 0.0201997 0.0279739 0.0601574 0.049821 0.144972 9.9991E-05 0.451525
0.167878 0.108223 0.0497398 0.116817 9.9982E-05 0.154033 9.9982E-05 0.403108
0.453268 0.0571723 0.0757093 0.130976 9.9982E-05 0.0994592 9.9982E-05 0.183216
0.381243 0.0168838 0.134534 0.0797819 0.0306048 0.15234 0.0457223 0.158889
0.461746 0.0395308 0.159021 0.111693 0.0149494 0.0419473 9.9991E-05 0.171012
9.9982E-05 9.9982E-05 0.0210869 0.218802 0.010571 0.222016 0.142127 0.385197
0.535335 9.9991E-05 0.0651559 0.155346 0.023637 0.0842138 0.044877 0.0913352
0.427764 9.9964E-05 9.9964E-05 0.206133 9.9964E-05 0.11993 9.9964E-05 0.245773
0.476592 0.074491 9.9973E-05 0.179986 9.9973E-05 0.0956487 9.9973E-05 0.172983
0.54954 0.0526463 0.0137834 0.00109369 0.0590814 0.173441 0.0934764 0.0569375
0.15233 0.0112185 0.305842 9.9982E-05 0.0701706 9.9982E-05 0.214997 0.245242
9.9964E-05 9.9964E-05 0.506092 9.9964E-05 0.0358967 9.9964E-05 0.108306 0.349306
9.9964E-05 9.9964E-05 0.354209 9.9964E-05 0.0547852 9.9964E-05 0.124986 0.46562
0.0797365 9.9982E-05 0.377235 0.026415 0.0308274 9.9982E-05 0.295339 0.190247
0.684442 9.9955E-05 9.9955E-05 9.9955E-05 9.9955E-05 0.102063 9.9955E-05 0.212995
0.58675 0.0493627 0.0403169 0.0181758 0.0883408 0.0813501 9.9991E-05 0.135603
0.26049 9.9964E-05 9.9964E-05 0.0395143 0.00602788 9.9964E-05 0.693568 9.9964E-05
0.305971 0.111041 9.9982E-05 0.0464666 0.0157366 0.131103 0.389483 9.9982E-05
0.380973 0.0690932 0.0653815 9.9982E-05 0.0028828 9.9982E-05 0.380921 0.100549
0.381702 9.9973E-05 9.9973E-05 0.0220747 0.0311151 0.101261 9.9973E-05 0.463547
0.513711 9.9982E-05 0.0690709 0.0297706 9.9982E-05 0.163685 0.0446147 0.178947
0.277938 0.00831739 9.9973E-05 0.0803661 9.9973E-05 0.0881694 9.9973E-05 0.544909
0.575241 0.0231522 0.0838656 0.0574916 9.9982E-05 0.129855 9.9982E-05 0.130195
0.446244 9.9973E-05 9.9973E-05 0.14694 9.9973E-05 0.0750572 0.0319294 0.299529
0.557742 0.0252945 0.00422006 0.0616883 0.00363587 0.0913147 0.0786618 0.177443
0.194857 9.9964E-05 9.9964E-05 0.115119 9.9964E-05 0.190582 9.9964E-05 0.499043
0.522522 9.9982E-05 0.0632947 0.0616804 9.9982E-05 0.168811 0.134346 0.0491463
0.641573 0.0814687 0.03343 9.9973E-05 0.00191129 9.9973E-05 9.9973E-05 0.241317
9.9946E-05 9.9946E-05 9.9946E-05 9.9946E-05 9.9946E-05 0.0349889 0.964411 9.9946E-05
0.0463836 0.0214127 9.9964E-05 9.9964E-05 9.9964E-05 9.9964E-05 0.915328 0.0164755
0.32034 0.0177028 9.9973E-05 9.9973E-05 0.023322 0.0922578 0.546077 9.9973E-05
0.291163 0.0507018 9.9964E-05 9.9964E-05 0.0180541 9.9964E-05 0.639681 9.9964E-05
0.113641 9.9973E-05 0.0195957 0.0498846 9.9973E-05 0.0304436 0.786135 9.9973E-05
9.994E-05 9.994E-05 9.994E-05 9.994E-05 9.994E-05 9.994E-05 0.9993 9.994E-05
9.9955E-05 0.0299666 9.9955E-05 0.0283843 9.9955E-05 9.9955E-05 0.941149 9.9955E-05
0.148158 9.9946E-05 9.9946E-05 9.9946E-05 9.9946E-05 9.9946E-05 0.851242 9.9946E-05
9.9964E-05 0.00893322 9.9964E-05 0.0591028 0.0229226 9.9964E-05 0.908642 9.9964E-05
9.994E-05 9.994E-05 9.994E-05 9.994E-05 9.994E-05 9.994E-05 0.9993 9.994E-05
9.9946E-05 9.9946E-05 9.9946E-05 9.9946E-05 0.00770955 9.9946E-05 0.991691 9.9946E-05
0.176908 9.9964E-05 9.9964E-05 0.0622722 0.0337184 9.9964E-05 0.726701 9.9964E-05
0.123272 0.042711 0.00453305 9.9973E-05 0.0294351 9.9973E-05 0.799749 9.9973E-05
9.9964E-05 9.9964E-05 9.9964E-05 0.00558204 0.00224617 0.0687637 0.923008 9.9964E-05
0.333033 0.0616416 0.0722918 9.9982E-05 0.0258677 0.136485 0.37048 9.9982E-05
0.179271 0.0995911 0.021746 0.000313693 0.0258215 0.0423374 0.616197 0.014723
0.166221 0.0414756 0.043967 9.9973E-05 0.0392228 9.9973E-05 0.708813 9.9973E-05
0.123528 9.9964E-05 9.9964E-05 0.00507444 0.0576463 9.9964E-05 0.813351 9.9964E-05
0.00915703 9.9946E-05 9.9946E-05 9.9946E-05 9.9946E-05 9.9946E-05 0.990243 9.9946E-05
0.0167134 0.0442368 0.0518391 9.9973E-05 0.00600908 9.9973E-05 0.880902 9.9973E-05
9.9946E-05 9.9946E-05 9.9946E-05 9.9946E-05 0.037203 9.9946E-05 0.962197 9.9946E-05
0.204897 0.0499769 0.0771424 0.0154768 9.9982E-05 0.0577176 0.594589 9.9982E-05
9.9964E-05 9.9964E-05 9.9964E-05 0.0874488 0.0117663 9.9964E-05 0.897099 0.00328575
9.9964E-05 9.9964E-05 0.292765 0.0253378 9.9964E-05 9.9964E-05 0.0301358 0.651362
0.39292 0.0642745 0.103408 0.102698 0.0217757 9.9991E-05 0.0447992 0.270025
0.449235 0.02901 0.21247 9.9982E-05 9.9982E-05 0.0569142 0.0523387 0.199832
0.220643 0.0147863 0.204464 9.9982E-05 0.0240044 9.9982E-05 0.100615 0.435287
0.55484 0.0458357 0.139291 0.00370845 9.9982E-05 9.9982E-05 0.0737214 0.182403
0.139324 9.9982E-05 0.214081 9.9982E-05 0.0385346 0.105725 0.120793 0.381343
0.430563 9.9991E-05 0.207997 0.0713007 0.0638762 0.0991249 0.0525768 0.0744617
0.336996 0.02409 0.142043 9.9982E-05 9.9982E-05 0.0205819 0.14687 0.329219
0.490266 9.9982E-05 0.0356946 0.0680624 0.078259 9.9982E-05 0.122239 0.205279
0.339126 9.9973E-05 0.0841996 9.9973E-05 0.100154 9.9973E-05 0.169432 0.306788
0.468941 9.9991E-05 0.147246 0.10516 0.0339142 0.0176145 0.0489744 0.17805
0.0618766 0.0804571 0.825545 9.9964E-05 9.9964E-05 9.9964E-05 9.9964E-05 0.0317213
9.9964E-05 9.9964E-05 0.85775 9.9964E-05 0.0861709 9.9964E-05 0.0463012 0.00937821
0.0283879 9.9973E-05 0.889341 0.00369802 0.0446615 9.9973E-05 9.9973E-05 0.0336115
0.0214718 0.0400131 0.873921 9.9973E-05 0.0278368 9.9973E-05 9.9973E-05 0.0364569
9.9973E-05 0.0684437 0.742542 0.0329089 0.138274 9.9973E-05 0.0175314 9.9973E-05
9.9964E-05 9.9964E-05 0.821629 9.9964E-05 0.0790857 9.9964E-05 0.0717255 0.0271604
0.069989 9.9973E-05 0.835116 9.9973E-05 0.0497699 0.00515683 0.0396682 9.9973E-05
0.0138644 9.9973E-05 0.858125 9.9973E-05 0.0367498 0.000918408 9.9973E-05 0.0900429
9.9973E-05 9.9973E-05 0.88143 0.0634051 0.0296101 0.00453894 0.0207155 9.9973E-05
9.9964E-05 9.9964E-05 0.851655 0.0443454 9.9964E-05 9.9964E-05 0.0950215 0.00857824
9.9973E-05 0.0600617 0.562683 0.261107 0.0365578 0.0792909 9.9973E-05 9.9973E-05
9.9982E-05 0.183536 0.540577 0.185985 0.0473747 0.0415009 0.000826109 9.9982E-05
9.9973E-05 0.0170833 0.460023 0.349267 0.0527197 9.9973E-05 9.9973E-05 0.120607
9.9964E-05 0.109129 0.491693 0.366293 9.9964E-05 0.0324845 9.9964E-05 9.9964E-05
0.492941 9.9973E-05 0.0766452 0.19146 0.017205 0.221449 9.9973E-05 9.9973E-05
0.512034 9.9973E-05 0.0697044 0.124559 9.9973E-05 0.270963 0.0224395 9.9973E-05
0.462344 0.0549268 0.0888864 0.16741 9.9982E-05 0.186552 0.0396811 9.9982E-05
0.366125 0.11202 0.0726651 0.226131 0.0119097 0.210949 9.9982E-05 9.9982E-05
0.0496361 0.157855 9.9982E-05 0.649345 9.9982E-05 0.081453 0.0142958 0.0472153
0.600434 9.9973E-05 0.120133 0.0557213 0.0313837 0.192028 9.9973E-05 9.9973E-05
0.514781 0.0708814 9.9973E-05 0.0987039 9.9973E-05 0.294852 0.0204817 9.9973E-05
0.512604 0.0549943 9.9982E-05 0.0373031 0.0202161 0.225781 9.9982E-05 0.148902
0.318419 9.9964E-05 9.9964E-05 0.00102147 9.9964E-05 0.605685 0.0744744 9.9964E-05
0.69362 0.150541 0.0371402 9.9973E-05 9.9973E-05 0.116386 0.00201197 9.9973E-05
0.399365 0.110742 9.9973E-05 0.0555372 0.0110208 0.423035 9.9973E-05 9.9973E-05
9.9973E-05 0.0740246 9.9973E-05 0.0496862 0.0144594 0.760715 9.9973E-05 0.100815
0.561889 0.118803 0.112414 9.9982E-05 0.0390095 0.152334 9.9982E-05 0.0153507
0.201497 9.9973E-05 9.9973E-05 9.9973E-05 0.00111657 0.578009 0.0383565 0.180722
0.483225 0.0253272 9.9973E-05 9.9973E-05 0.0230628 0.458523 0.00956188 9.9973E-05
0.035552 0.111308 0.0676942 0.0870083 9.9973E-05 0.698138 9.9973E-05 9.9973E-05
0.0162959 0.80817 0.0747263 9.9964E-05 9.9964E-05 9.9964E-05 9.9964E-05 0.100408
0.0260132 0.864794 0.0239033 9.9973E-05 9.9973E-05 9.9973E-05 0.0236497 0.0613401
9.9946E-05 0.993485 9.9946E-05 9.9946E-05 9.9946E-05 9.9946E-05 9.9946E-05 0.00591532
9.9964E-05 0.898893 0.0451289 9.9964E-05 9.9964E-05 0.0543206 9.9964E-05 0.00125723
0.00604539 0.881851 9.9982E-05 0.0146476 0.00380404 0.0519661 0.0414863 9.9982E-05
0.0193217 0.921109 9.9955E-05 9.9955E-05 9.9955E-05 9.9955E-05 0.0590691 9.9955E-05
0.0462378 0.0211322 0.804414 9.9982E-05 0.0984193 0.0053996 0.0241973 9.9982E-05
0.0204449 9.9973E-05 0.781362 0.125709 0.0130035 9.9973E-05 0.0591803 9.9973E-05
0.133219 9.9973E-05 0.727481 0.000817707 0.0730988 9.9973E-05 0.0650837 9.9973E-05
9.9964E-05 9.9964E-05 0.698687 0.156624 0.0248134 9.9964E-05 0.119475 9.9964E-05
0.0517957 0.03445 0.759392 0.00855046 0.0203056 9.9982E-05 0.125307 9.9982E-05
9.9982E-05 0.491135 0.334144 0.0302476 0.0306173 0.0774692 9.9982E-05 0.0361869
9.9973E-05 0.407507 0.460578 0.0639227 9.9973E-05 0.0406405 9.9973E-05 0.0270521
9.9955E-05 0.491301 0.408603 9.9955E-05 9.9955E-05 0.099597 9.9955E-05 9.9955E-05
9.994E-05 9.994E-05 9.994E-05 9.994E-05 0.9993 9.994E-05 9.994E-05 9.994E-05
9.9982E-05 0.56492 0.321687 9.9982E-05 0.0202691 0.0621058 0.0250955 0.00572292
0.292456 9.9973E-05 0.176737 9.9973E-05 0.00558973 9.9973E-05 0.353076 0.171842
0.565476 0.0474678 0.115448 9.9982E-05 0.0469996 0.0280852 0.196323 9.9982E-05
0.555281 9.9955E-05 0.216502 9.9955E-05 9.9955E-05 9.9955E-05 0.227717 9.9955E-05
0.414864 9.9982E-05 0.28259 0.00248767 0.0394993 9.9982E-05 0.139059 0.1213
0.384609 0.0879833 0.175148 9.9982E-05 0.0513637 0.152888 0.147808 9.9982E-05
0.000409576 9.9964E-05 0.447888 9.9964E-05 9.9964E-05 9.9964E-05 0.311583 0.239719
0.428734 0.162402 0.0325853 0.236086 9.9982E-05 0.0547249 9.9982E-05 0.0852674
0.366369 0.0912454 9.9973E-05 0.225037 9.9973E-05 0.0785558 9.9973E-05 0.238493
0.228449 0.0825746 0.0353545 0.602924 0.0494035 0.00109445 9.9982E-05 9.9982E-05
0.489043 0.0659848 9.9973E-05 0.174698 9.9973E-05 0.101504 9.9973E-05 0.16847
9.9964E-05 0.0155978 9.9964E-05 0.158149 9.9964E-05 0.29261 9.9964E-05 0.533243
0.483522 0.026362 0.104527 0.104533 0.0625009 0.102944 0.031923 0.0836879
0.482981 0.0181411 9.9991E-05 0.180567 0.0491863 0.0901399 0.0130131 0.165871
0.27132 0.0236292 0.0755978 0.46567 0.00763789 0.155946 9.9982E-05 9.9982E-05
0.493959 0.00344252 0.0789295 0.294609 9.9982E-05 0.1151 9.9982E-05 0.0137608
0.050625 9.9964E-05 9.9964E-05 0.45114 9.9964E-05 0.191372 9.9964E-05 0.306463
0.510464 0.0725034 9.9973E-05 0.191586 9.9973E-05 0.042694 9.9973E-05 0.182452
0.413393 0.162112 9.9991E-05 0.223564 0.0266586 0.125862 0.047789 0.000521466
0.384424 0.0514281 0.132226 0.10488 9.9991E-05 0.0780625 0.188827 0.0600525
0.385346 0.0437969 9.9982E-05 0.290422 9.9982E-05 0.13803 0.00244345 0.139762
0.457001 0.0893317 0.028832 0.313391 9.9982E-05 0.0902917 0.0209526 9.9982E-05
0.37088 9.9973E-05 9.9973E-05 0.177296 9.9973E-05 0.157859 0.16503 0.128636
0.586844 0.0353825 0.0722948 0.102092 9.9982E-05 0.08187 9.9982E-05 0.121316
0.656066 0.0832851 0.0309056 0.0651795 0.0619813 0.0835331 0.0189489 9.9991E-05
0.471923 0.0343447 0.0159424 0.207844 0.0390388 0.150117 0.0610473 0.0197427
0.575039 0.0353799 0.141077 0.175495 0.0263615 0.0392794 0.00726804 9.9991E-05
0.14568 9.9955E-05 0.781998 9.9955E-05 9.9955E-05 9.9955E-05 0.0718224 9.9955E-05
0.141452 9.9955E-05 0.846236 9.9955E-05 9.9955E-05 9.9955E-05 0.0118118 9.9955E-05
0.038523 9.9973E-05 0.802702 0.0799286 9.9973E-05 0.0459922 9.9973E-05 0.0325541
0.0173159 0.0713882 0.773287 9.9982E-05 0.0293263 0.0807485 0.0277338 9.9982E-05
0.132306 9.9955E-05 0.781404 9.9955E-05 0.0857903 9.9955E-05 9.9955E-05 9.9955E-05
0.0698773 0.168403 0.0275956 0.693251 0.0172998 9.9982E-05 0.0233725 9.9982E-05
0.446948 0.0322383 0.0329375 0.200385 0.0295134 0.127563 0.0841112 0.0463041
0.441378 0.0196679 0.215424 0.00223732 9.9982E-05 9.9982E-05 0.1621 0.158992
0.656954 9.9982E-05 9.9982E-05 0.0843586 0.0649483 0.101698 0.0232332 0.0686082
0.471737 0.0811038 0.0689971 0.20331 0.00448024 0.168023 0.000549587 0.00179943
0.208165 0.107406 9.9991E-05 0.225686 0.0187092 0.13596 0.095034 0.20894
9.9982E-05 0.159745 0.0596543 0.548969 0.0756057 0.0526123 9.9982E-05 0.103214
0.464421 0.211364 0.0191633 0.103521 9.9982E-05 0.155018 0.0463126 9.9982E-05
0.145009 0.21553 0.025486 0.444 0.0136796 0.0288609 0.0404158 0.0870188
0.389359 0.244504 0.0633455 9.9982E-05 9.9982E-05 0.173665 0.0528731 0.0760544
0.0602465 0.210529 0.0975019 0.52068 9.9982E-05 0.0658759 9.9982E-05 0.0449665
0.572401 0.0955828 0.0603951 0.168495 0.0753172 0.0247244 0.00298412 9.9991E-05
0.167056 0.165247 0.0506888 0.524916 0.0174021 0.0367461 0.0236855 0.0142582
0.33076 0.108241 9.9991E-05 0.210304 0.012124 0.156528 0.00130741 0.180636
0.466658 0.117116 0.0815703 0.0604911 9.9991E-05 0.0546125 0.0977262 0.121725
0.331304 0.030032 9.9973E-05 0.0644902 9.9973E-05 0.0481081 9.9973E-05 0.525765
0.583349 9.9982E-05 0.0873519 0.120609 0.0128961 0.0137424 9.9982E-05 0.181851
0.501815 9.9991E-05 0.139529 0.0214335 0.0446733 0.119054 0.037502 0.135893
0.353018 0.0731672 9.9973E-05 0.00542611 9.9973E-05 0.103244 9.9973E-05 0.464845
0.49369 0.049481 0.143376 0.0605437 9.9991E-05 0.0635196 0.0331881 0.156102
0.554025 0.0553077 0.0146653 9.9982E-05 0.0119106 0.0901024 9.9982E-05 0.273788
0.134438 0.116513 9.9964E-05 9.9964E-05 9.9964E-05 0.167532 9.9964E-05 0.581118
0.28386 0.0610738 9.9964E-05 9.9964E-05 9.9964E-05 0.0792313 9.9964E-05 0.575435
0.565859 0.098387 9.9955E-05 9.9955E-05 9.9955E-05 9.9955E-05 9.9955E-05 0.335254
0.202535 0.0546152 9.9973E-05 0.0957945 9.9973E-05 0.166511 9.9973E-05 0.480244
0.476862 9.9964E-05 9.9964E-05 0.182564 9.9964E-05 0.047861 9.9964E-05 0.292313
0.0151674 0.158997 0.021009 0.628499 9.9982E-05 0.150844 0.0252844 9.9982E-05
0.245025 0.106027 9.9973E-05 0.311741 9.9973E-05 0.109667 9.9973E-05 0.227241
0.255411 0.110628 0.030336 0.350131 0.0297567 0.158047 0.0655901 9.9991E-05
0.621323 0.0898774 9.9982E-05 0.152699 0.0407882 9.9982E-05 0.0275239 0.0675884
0.217776 0.21393 9.9982E-05 0.375341 0.0164987 0.151901 0.0243532 9.9982E-05
0.536176 0.0563821 0.0150655 0.0172927 0.0757848 0.130397 0.0424046 0.126498
0.533327 0.187075 0.0542429 0.150339 0.0308891 0.0197521 0.0242759 9.9991E-05
0.482793 0.236183 9.9973E-05 0.0794161 9.9973E-05 0.104694 0.0966133 9.9973E-05
0.523215 0.189907 0.0335107 0.119604 9.9991E-05 0.0310779 0.0628167 0.0397688
0.403944 0.238634 0.0386674 0.114262 0.0135609 0.17847 0.0123625 9.9991E-05
0.125621 0.194595 9.9982E-05 0.434959 0.0213073 0.121121 0.102197 9.9982E-05
0.32635 0.244938 9.9982E-05 0.276208 9.9982E-05 0.0517777 0.0895064 0.0110197
0.633001 0.0917617 9.9973E-05 0.233619 9.9973E-05 0.0352235 0.00609445 9.9973E-05
0.540024 0.0863505 0.0591719 0.163848 0.0106922 0.091081 0.048732 9.9991E-05
0.42533 0.128073 9.9991E-05 0.139013 0.0764403 0.109638 0.0084333 0.112973
0.578572 0.0875309 9.9991E-05 0.234844 0.00175393 0.00988334 0.0280838 0.0592315
0.413297 0.148492 0.0289008 0.337796 0.0396158 9.9991E-05 0.00119498 0.0306037
0.597443 0.0738791 0.0560306 0.205889 9.9973E-05 0.0664585 9.9973E-05 9.9973E-05
0.499327 0.036393 0.00658793 0.291847 0.0131037 0.0613144 0.0913275 9.9991E-05
0.418221 0.113444 0.044749 0.0837641 0.00703417 0.0941603 0.173714 0.0649134
0.333291 9.9982E-05 0.299629 0.0796141 0.0393602 9.9982E-05 0.218094 0.0298121
0.481191 9.9991E-05 0.13374 0.0320786 0.0391195 0.0212413 0.229463 0.0630674
0.378407 9.9982E-05 0.0784018 0.116228 0.0447894 9.9982E-05 0.171883 0.21009
0.529629 9.9982E-05 0.0861111 0.161866 0.0180815 0.068034 0.136078 9.9982E-05
0.494554 9.9982E-05 0.234085 0.0254905 0.0242465 0.0565995 0.164824 9.9982E-05
0.474026 0.0996756 9.9991E-05 0.23554 0.0209255 0.0287327 0.00815222 0.132847
0.506041 9.9982E-05 0.200858 0.0764282 9.9982E-05 0.063019 0.0764004 0.0770537
9.9973E-05 9.9973E-05 0.248893 0.124591 9.9973E-05 0.100583 0.110886 0.414746
0.527346 0.014758 0.0588228 0.107494 0.035281 9.9991E-05 0.19214 0.0640589
0.669241 0.0634561 0.122392 9.9982E-05 9.9982E-05 0.0100166 0.0624325 0.072262
0.412411 9.9991E-05 0.0497868 0.141474 0.0310392 0.0721422 0.255824 0.0372221
0.35283 9.9982E-05 0.151608 0.123736 0.0201786 9.9982E-05 0.0793939 0.272053
0.545162 0.0039143 0.2388 9.9991E-05 0.00607366 0.0630605 0.0641176 0.0787726
0.529875 0.00459082 0.0938525 0.0415213 0.0933093 9.9991E-05 0.121697 0.115054
9.9964E-05 9.9964E-05 0.398178 9.9964E-05 0.0438875 9.9964E-05 0.177675 0.37986
0.508544 9.9982E-05 0.163273 9.9982E-05 0.0819842 0.137368 0.101683 0.00694775
0.480802 0.0395129 0.131815 0.0264087 0.023516 0.0297706 0.206791 0.0613837
0.529316 9.9982E-05 0.0877498 0.074797 9.9982E-05 0.105641 0.128307 0.0739894
0.557271 9.9973E-05 0.224321 9.9973E-05 0.0240899 9.9973E-05 0.134479 0.0595392
0.500348 9.9991E-05 0.143618 0.070551 0.0597074 0.049831 0.133872 0.0419723
0.4276 0.0717622 0.0368997 9.9991E-05 0.0622277 0.224818 0.0123833 0.164209
0.47795 0.00929429 0.0598608 0.107074 0.0800666 0.100695 0.0488268 0.116233
0.00817952 0.0089309 9.9982E-05 0.228275 9.9982E-05 0.38436 0.0171113 0.352943
0.0232345 0.085792 9.9973E-05 0.0487599 9.9973E-05 0.393107 9.9973E-05 0.448807
0.496087 0.0197462 9.9991E-05 0.0891343 0.0697115 0.162658 0.0863133 0.0762505
0.444268 9.9973E-05 0.104418 0.0312875 9.9973E-05 9.9973E-05 0.262965 0.156762
0.387324 9.9973E-05 0.0791793 9.9973E-05 0.00329837 9.9973E-05 0.319383 0.210515
0.191716 9.9982E-05 0.198443 0.0755622 9.9982E-05 0.0177722 0.276184 0.240123
0.355617 9.9982E-05 0.163246 0.03486 0.0337549 9.9982E-05 0.2644 0.147923
0.199419 0.0725063 0.00131655 9.9982E-05 9.9982E-05 0.0655091 0.0641625 0.596887
0.288889 9.9982E-05 0.0466694 9.9982E-05 0.0609327 0.121595 0.0511565 0.430557
0.528069 0.0331199 9.9991E-05 0.0407135 0.0443947 0.104811 0.0933026 0.155489
0.494309 9.9982E-05 0.072734 9.9982E-05 0.0192004 0.187531 0.0784185 0.147608
0.291378 9.9982E-05 0.0197115 9.9982E-05 0.0594802 0.192689 0.0783953 0.358146
0.514917 0.0361493 0.00208322 0.121359 0.0505764 0.0976725 0.0966597 0.080582
0.518351 0.0747616 0.0136118 9.9982E-05 9.9982E-05 0.073135 0.130784 0.189156
0.377887 0.0803937 0.0709661 0.0657459 9.9982E-05 9.9982E-05 0.23191 0.172898
0.311573 0.0880411 9.9973E-05 0.160239 9.9973E-05 0.173253 9.9973E-05 0.266594
0.399523 0.0407497 9.9991E-05 0.0876987 0.0303574 0.183939 0.0126289 0.245003
0.540804 0.188387 0.01557 9.9982E-05 0.0248736 0.0541442 9.9982E-05 0.176021
0.363382 0.0899932 0.0423243 9.9991E-05 0.0173579 0.193502 0.0299956 0.263345
0.429514 0.0453443 0.0698042 0.0874075 9.9991E-05 0.0545541 0.119628 0.193648
0.589378 0.0604078 9.9973E-05 0.046223 9.9973E-05 0.069009 9.9973E-05 0.234682
0.237728 0.158801 9.9964E-05 9.9964E-05 9.9964E-05 0.209077 9.9964E-05 0.393994
0.549903 0.024573 0.0304037 9.9982E-05 9.9982E-05 0.144538 0.0524869 0.197895
0.195569 0.0944229 9.9973E-05 9.9973E-05 9.9973E-05 0.387646 0.0254116 0.29665
0.432955 0.117825 9.9973E-05 9.9973E-05 0.0221875 0.193987 9.9973E-05 0.232746
0.618323 0.103251 0.0180101 9.9982E-05 0.0609146 0.0906017 9.9982E-05 0.1087
0.479949 9.9982E-05 9.9982E-05 0.112245 0.0637007 0.214141 0.0077645 0.122
0.515995 9.9982E-05 0.0721313 0.0260586 0.044214 9.9982E-05 0.184103 0.157297
0.333414 0.0891271 0.0984241 0.0953245 0.0105881 9.9991E-05 0.166884 0.206138
0.365128 0.0455918 0.183155 9.9982E-05 9.9982E-05 0.0623375 0.199686 0.143902
0.323328 0.0815309 0.121515 0.0510246 0.052241 0.0492825 0.179951 0.141128
0.336398 0.00498477 0.132641 0.232299 9.9991E-05 0.0438555 0.219421 0.0303018
0.454397 0.105143 0.0903706 9.9991E-05 0.0609695 0.0414056 0.12351 0.124104
9.9982E-05 0.0888509 0.114841 9.9982E-05 0.00409761 0.127027 0.154831 0.510152
0.627838 0.0866535 0.00506884 9.9982E-05 0.0176279 9.9982E-05 0.126838 0.135774
9.9955E-05 9.9955E-05 0.298409 9.9955E-05 9.9955E-05 9.9955E-05 0.154468 0.546623
0.557646 9.9982E-05 0.0806714 0.0370602 9.9982E-05 0.0271514 0.126724 0.170547
0.112488 0.0311665 9.9964E-05 9.9964E-05 9.9964E-05 0.416704 9.9964E-05 0.439241
9.9955E-05 9.9955E-05 9.9955E-05 0.122455 9.9955E-05 0.427737 9.9955E-05 0.449308
0.50082 0.0139189 9.9973E-05 0.0482919 9.9973E-05 0.249538 9.9973E-05 0.187131
0.665286 0.0629549 9.9973E-05 9.9973E-05 0.0170015 0.101264 9.9973E-05 0.153194
0.399633 0.0315028 9.9973E-05 0.0988645 9.9973E-05 0.22359 9.9973E-05 0.24611
0.592975 0.0442088 9.9973E-05 9.9973E-05 0.0460666 0.29347 9.9973E-05 0.0229798
0.56969 9.9964E-05 9.9964E-05 0.0249096 9.9964E-05 0.262466 9.9964E-05 0.142534
0.126539 9.9964E-05 0.768263 9.9964E-05 0.0925251 0.0122731 9.9964E-05 9.9964E-05
9.9991E-05 0.0784564 0.654111 0.0676711 0.0432861 0.0260294 0.0974334 0.0329129
9.9973E-05 0.000510057 0.853937 0.0472937 0.0553259 9.9973E-05 0.0426337 9.9973E-05
0.0396226 9.9955E-05 0.814099 9.9955E-05 0.145779 9.9955E-05 9.9955E-05 9.9955E-05
0.427572 9.9982E-05 0.030066 0.0427875 0.0602383 0.388775 0.0503608 9.9982E-05
0.327423 0.0854312 0.0148585 0.121549 9.9982E-05 0.340605 0.109933 9.9982E-05
0.451084 9.9982E-05 0.00941411 0.0642693 0.00479929 0.442775 0.0274586 9.9982E-05
0.600012 9.9973E-05 0.124688 0.044702 9.9973E-05 0.226764 9.9973E-05 0.00353396
0.48183 0.106675 0.0148845 9.9982E-05 9.9982E-05 0.202796 0.0547795 0.138835
0.217067 0.0245276 0.0196557 0.101812 9.9991E-05 0.575983 0.00816103 0.0526938
0.499718 9.9973E-05 0.0189357 9.9973E-05 0.0138414 0.409655 0.0575502 9.9973E-05
0.299987 9.9964E-05 9.9964E-05 9.9964E-05 0.0317858 0.551337 9.9964E-05 0.11649
0.465463 9.9991E-05 0.207458 0.0387936 0.0388139 0.0290508 0.134012 0.0863083
0.446201 0.101521 9.9982E-05 0.0386184 9.9982E-05 0.306168 0.0180989 0.0891926
0.318755 0.0826023 9.9973E-05 0.0701773 0.0506517 0.477513 9.9973E-05 9.9973E-05
0.562839 0.00200487 9.9973E-05 0.00304307 9.9973E-05 0.379161 9.9973E-05 0.0526526
0.476929 0.047061 0.0452362 0.0136109 9.9973E-05 0.416863 9.9973E-05 9.9973E-05
0.55269 9.9973E-05 0.010634 9.9973E-05 0.021005 0.400812 9.9973E-05 0.0145582
0.607573 0.0400579 0.0426231 9.9973E-05 0.00683164 0.302614 9.9973E-05 9.9973E-05
0.0715127 9.9955E-05 9.9955E-05 9.9955E-05 9.9955E-05 0.926393 9.9955E-05 0.0015944
0.257864 9.9991E-05 0.0257956 0.0273465 0.00205835 0.589828 0.00470618 0.092301
0.315434 0.0757152 9.9964E-05 9.9964E-05 0.013212 0.595239 9.9964E-05 9.9964E-05
9.9946E-05 9.9946E-05 9.9946E-05 9.9946E-05 9.9946E-05 0.850526 9.9946E-05 0.148874
0.375387 0.0764855 0.0450842 0.0112432 9.9973E-05 0.4915 9.9973E-05 9.9973E-05
0.0942599 9.9964E-05 9.9964E-05 9.9964E-05 9.9964E-05 0.66334 0.0111845 0.230816
9.9964E-05 0.00970764 9.9964E-05 9.9964E-05 0.0188554 0.750596 9.9964E-05 0.220441
0.562433 0.0469825 0.0760561 9.9973E-05 9.9973E-05 0.304353 0.0098751 9.9973E-05
0.140649 9.9973E-05 0.0666577 0.199016 9.9973E-05 0.590126 0.00325118 9.9973E-05
0.394404 0.036282 9.9982E-05 0.0695817 9.9982E-05 0.397742 0.0872353 0.0145554
0.482035 9.9982E-05 0.116716 0.0886226 0.0644725 0.227649 0.0203038 9.9982E-05
0.471359 0.0708235 0.023987 9.9973E-05 9.9973E-05 0.385319 0.0482116 9.9973E-05
0.333428 0.0571759 9.9973E-05 0.321202 9.9973E-05 0.117639 9.9973E-05 0.170255
0.475157 0.0855051 0.0365581 0.0202521 9.9982E-05 0.322244 0.060084 9.9982E-05
0.444088 9.9973E-05 0.015769 0.18465 9.9973E-05 0.330398 0.0247961 9.9973E-05
0.28515 9.9955E-05 9.9955E-05 9.9955E-05 0.0335141 0.680836 9.9955E-05 9.9955E-05
0.567372 0.191343 0.0511005 0.0107407 0.015074 0.113655 0.017087 0.0336279
9.9982E-05 0.168949 0.571505 0.124288 0.0281126 0.0338776 9.9982E-05 0.0730678
9.9982E-05 0.0879697 0.68242 0.0960217 0.0646822 0.0525616 0.016145 9.9982E-05
9.9973E-05 0.11082 0.688006 0.0507304 0.131135 9.9973E-05 9.9973E-05 0.0190094
9.9973E-05 0.0983351 0.720561 0.0659754 0.0933146 9.9973E-05 9.9973E-05 0.0215139
9.9982E-05 0.174439 0.682356 0.05646 0.0638416 0.00367679 9.9982E-05 0.0190266
0.0497751 0.0288251 0.0116812 0.210308 9.9982E-05 0.659061 0.0401495 9.9982E-05
0.023924 9.9982E-05 0.0289553 0.133237 0.0314507 0.769582 9.9982E-05 0.0126508
0.139362 9.9955E-05 9.9955E-05 9.9955E-05 9.9955E-05 0.788258 9.9955E-05 0.0718801
0.580658 9.9982E-05 0.112252 0.0121201 9.9982E-05 0.185878 0.0498715 0.0590202
0.592865 0.00189016 0.0645338 0.00619802 0.0248476 0.201034 0.079053 0.0295784
0.250733 9.9973E-05 0.0428696 9.9973E-05 9.9973E-05 0.571766 0.0460573 0.088274
0.580891 0.0223007 9.9982E-05 9.9982E-05 0.0171694 0.323656 0.0519162 0.00386732
0.395967 9.99803E-05 0.0987945 9.99803E-05 9.99803E-05 0.430961 0.0381022 0.0358763
0.549452 0.0267858 0.0330861 0.0973249 9.9991E-05 0.202584 0.0633273 0.0273398
0.558305 0.00176974 0.0777809 0.059599 9.9991E-05 0.238715 0.0271229 0.0366079
0.203993 0.0869898 9.9982E-05 0.112968 9.9982E-05 0.562688 0.029726 0.00343546
0.305053 0.0352585 9.9973E-05 0.0485712 0.0435782 0.567239 9.9973E-05 9.9973E-05
0.268581 0.0574408 9.9973E-05 0.143927 0.0185136 0.511238 9.9973E-05 9.9973E-05
0.667132 0.0660544 0.0483718 9.9973E-05 0.0277065 9.9973E-05 9.9973E-05 0.190435
0.346947 9.9973E-05 0.000514731 0.00543427 0.104153 0.542651 9.9973E-05 9.9973E-05
0.450838 0.00156619 0.0558143 0.099088 0.00336119 0.389133 9.9982E-05 9.9982E-05
0.386819 0.073439 0.0254169 0.0403849 0.034175 9.9991E-05 0.415178 0.024487
0.402047 9.9973E-05 0.152339 9.9973E-05 0.0267616 9.9973E-05 0.387184 0.0313685
0.407672 9.9964E-05 0.0747697 9.9964E-05 9.9964E-05 9.9964E-05 0.450797 0.066361
0.324211 9.9991E-05 0.088329 0.030184 0.0519634 0.00509976 0.436022 0.0640909
0.504471 9.9973E-05 0.125786 9.9973E-05 0.0559716 9.9973E-05 0.248522 0.0649494
0.469561 9.9973E-05 0.0403824 9.9973E-05 0.0225152 0.369338 9.9973E-05 0.0979035
0.0404892 9.9973E-05 0.16552 9.9973E-05 0.0602518 9.9973E-05 0.646645 0.086794
0.306443 9.9973E-05 0.148794 9.9973E-05 0.0260423 0.0345185 0.483903 9.9973E-05
0.421441 0.0983261 0.0843757 9.9991E-05 0.0103029 0.0497494 0.138843 0.196862
0.642757 0.0979463 0.0987837 9.9973E-05 0.0200488 9.9973E-05 9.9973E-05 0.140164
0.417532 0.0512973 0.0607697 0.132436 0.0292097 9.9991E-05 0.0102033 0.298452
0.56978 0.0416104 0.0294052 0.101511 0.0429812 9.9991E-05 0.0254446 0.189167
0.562936 0.0630406 0.145973 0.0376293 9.9991E-05 0.0899653 0.0612506 0.039105
0.351451 9.9964E-05 0.206333 9.9964E-05 0.0575633 9.9964E-05 0.384253 9.9964E-05
0.274754 0.0493879 0.0691002 0.076104 0.0352957 0.073208 0.42205 9.9991E-05
0.406267 0.0145979 0.129312 9.9964E-05 9.9964E-05 9.9964E-05 0.449423 9.9964E-05
0.443412 0.0446728 0.148795 0.0103093 0.0240828 0.0824695 0.230283 0.0159749
0.217018 9.9991E-05 0.0459245 0.0133794 0.0174807 0.0491358 0.575439 0.0815227
0.27971 0.009941 0.0809707 9.9991E-05 0.0289647 0.136042 0.433467 0.0308049
0.184876 9.9982E-05 0.0670712 9.9982E-05 0.0259173 0.0907435 0.572195 0.0589966
0.456376 9.9973E-05 0.077824 0.0749427 9.9973E-05 9.9973E-05 0.369032 0.0215257
0.525175 9.9973E-05 9.9973E-05 0.139614 0.0178595 9.9973E-05 0.0250372 0.292014
0.322269 0.0377219 0.137123 9.9982E-05 0.0365518 9.9982E-05 0.305765 0.160369
0.116011 9.9973E-05 0.16269 9.9973E-05 0.0258322 9.9973E-05 0.675228 0.0199391
0.334585 0.0272771 0.117801 9.9991E-05 0.0199067 0.144998 0.336832 0.0185009
0.181863 0.176632 0.109201 0.213118 0.0155707 0.0351349 9.9991E-05 0.268381
0.60801 9.9973E-05 9.9973E-05 0.176732 0.00750199 9.9973E-05 0.0435297 0.163926
0.364184 0.0856626 0.160265 0.000690442 0.0189551 0.0543175 0.314585 0.00134113
0.529521 9.9982E-05 0.0717589 0.147676 0.0587435 9.9982E-05 0.029973 0.162127
0.487395 0.0926466 0.171786 0.0449119 0.0311469 0.0504172 9.9991E-05 0.121597
0.345153 0.023987 0.126722 9.9991E-05 0.0465067 0.151076 0.187104 0.119351
0.359469 9.9973E-05 0.139978 0.0768416 9.9973E-05 9.9973E-05 0.226831 0.19658
0.549749 0.0791532 0.0586009 9.9982E-05 0.0949054 0.0956042 0.121787 9.9982E-05
0.409008 0.010245 0.140441 0.0822714 0.0439093 9.9991E-05 0.306917 0.00710868
0.378795 9.9973E-05 0.0932056 0.010304 9.9973E-05 0.0199187 0.497477 9.9973E-05
0.168513 9.9973E-05 0.186801 9.9973E-05 0.051668 9.9973E-05 0.568802 0.023917
0.593499 0.0700893 9.9982E-05 9.9982E-05 0.0699671 0.0397516 0.0583759 0.168117
0.445016 9.9982E-05 0.0993074 0.206904 0.0174085 0.0615254 9.9982E-05 0.169639
0.205559 0.027788 9.9973E-05 9.9973E-05 0.0616618 0.0481777 9.9973E-05 0.656514
0.542381 0.089828 0.0761377 9.9991E-05 0.019301 0.0657929 0.102055 0.104404
0.342538 0.18656 0.0872514 0.117646 9.9991E-05 0.071518 0.0737809 0.120605
0.47775 9.9982E-05 0.200077 0.0867373 0.0165049 9.9982E-05 0.129413 0.0893175
0.418354 0.0762513 0.145271 0.100525 0.0641845 9.9991E-05 0.0643684 0.130945
9.9955E-05 9.9955E-05 0.281348 9.9955E-05 9.9955E-05 9.9955E-05 0.175715 0.542437
9.9964E-05 9.9964E-05 0.188018 9.9964E-05 0.0825697 9.9964E-05 0.0685329 0.66048
0.339687 9.9982E-05 0.058713 0.0904475 0.038029 9.9982E-05 0.0713118 0.401612
