9.9955E-05 0.848155 0.0252289 9.9955E-05 9.9955E-05 0.0425574 9.9955E-05 9.9955E-05 0.0835585
9.9955E-05 0.899744 9.9955E-05 9.9955E-05 0.00420219 0.0211024 0.0744515 9.9955E-05 9.9955E-05
0.0305576 0.722101 0.138136 9.9964E-05 9.9964E-05 0.0873152 9.9964E-05 9.9964E-05 0.02149
0.039847 0.734115 0.038721 9.9973E-05 9.9973E-05 0.0772954 9.9973E-05 0.0726634 0.0370579
0.0464575 0.828077 0.0401602 9.9964E-05 9.9964E-05 9.9964E-05 0.0491729 9.9964E-05 0.0357322
0.0725408 0.545481 0.0885753 0.110817 0.0208593 0.0364908 0.0722114 0.00959511 0.0434296
9.9973E-05 0.743163 0.00456252 0.0888766 9.9973E-05 0.0672926 0.043782 0.0520235 9.9973E-05
9.9973E-05 0.676013 0.00262322 0.046759 9.9973E-05 0.0605643 0.10213 9.9973E-05 0.11161
9.99729E-05 0.806183 9.99729E-05 0.0496133 0.0483144 0.0220832 9.99729E-05 0.0156583 0.0578481
0.0567302 0.654127 0.082718 0.0465588 9.9973E-05 0.0400598 0.119506 9.9973E-05 9.9973E-05
9.9982E-05 0.687154 0.0354696 0.0484981 9.9982E-05 0.00827332 0.0777801 0.0149562 0.127669
0.0352734 9.9964E-05 0.123284 9.9964E-05 0.0108735 9.9964E-05 9.9964E-05 0.826031 0.00413816
0.0398495 9.9973E-05 0.460173 0.11088 9.9973E-05 0.0228441 9.9973E-05 0.291495 0.0744587
0.100503 0.0347181 0.100463 9.9964E-05 9.9964E-05 9.9964E-05 0.0325672 0.731349 9.9964E-05
0.142449 0.0184066 0.23166 9.9964E-05 9.9964E-05 9.9964E-05 0.0254171 0.581668 9.9964E-05
0.110745 0.119968 0.306411 0.025118 0.0202958 0.0104991 0.0306964 0.376166 9.9991E-05
0.0504083 0.0137511 0.492676 9.9973E-05 9.9973E-05 0.072424 0.0314076 0.339033 9.9973E-05
0.0928698 9.9991E-05 0.323656 0.027724 0.00593684 0.0139838 0.0897854 0.351594 0.094351
0.0607356 0.116997 0.240322 9.9964E-05 0.0418337 9.9964E-05 9.9964E-05 0.539713 9.9964E-05
9.9964E-05 0.0586346 9.9964E-05 0.0429363 9.9964E-05 0.0174118 9.9964E-05 0.792744 0.0878731
0.0397187 9.9982E-05 0.321949 9.9982E-05 0.0341905 0.0618971 0.0763383 0.438497 0.0272099
0.0217732 9.9982E-05 0.43791 0.104121 9.9982E-05 0.018762 0.0773402 0.192567 0.147326
0.0674015 0.0653929 0.463476 9.9982E-05 0.0969695 9.9982E-05 0.0239135 0.260391 0.0222557
0.0831916 9.9964E-05 0.194838 9.9964E-05 0.02729 0.0140755 9.9964E-05 0.680205 9.9964E-05
0.0490506 0.086056 0.565058 0.0210374 0.107516 0.00841935 9.9991E-05 0.155803 0.00695932
0.0912368 0.0120897 0.459611 0.07508 0.0375194 0.0436734 9.9982E-05 0.28059 9.9982E-05
0.0719094 0.0269033 0.014993 9.9964E-05 9.9964E-05 0.0410348 9.9964E-05 0.84476 9.9964E-05
0.163969 0.00960236 0.0463345 9.9964E-05 9.9964E-05 0.0260735 9.9964E-05 0.753621 9.9964E-05
0.0159627 0.00825433 0.111986 0.00695616 9.9982E-05 9.9982E-05 0.0631193 0.728612 0.0649103
9.993E-05 9.993E-05 9.993E-05 9.993E-05 9.993E-05 0.999201 9.993E-05 9.993E-05 9.993E-05
9.993E-05 9.993E-05 9.993E-05 9.993E-05 9.993E-05 0.999201 9.993E-05 9.993E-05 9.993E-05
0.0407721 0.504414 0.0386846 9.9964E-05 9.9964E-05 0.387755 9.9964E-05 0.0279743 9.9964E-05
0.0598825 0.473741 0.081214 9.9964E-05 0.076151 0.308612 9.9964E-05 9.9964E-05 9.9964E-05
9.9973E-05 0.0696692 0.558081 0.0265561 0.156416 9.9973E-05 0.0558172 9.9973E-05 0.133161
0.0163014 0.0594552 0.419963 9.9991E-05 0.323124 0.00789477 0.101064 0.0347637 0.037333
0.0505964 0.01035 0.482631 9.9964E-05 0.426396 9.9964E-05 0.0296264 9.9964E-05 9.9964E-05
9.9964E-05 0.125786 0.0840313 9.9964E-05 0.0459983 9.9964E-05 9.9964E-05 0.646383 0.0974013
0.0109948 9.9973E-05 0.289508 0.0535287 0.531088 0.0415042 0.073076 9.9973E-05 9.9973E-05
0.0936919 0.00964658 0.536633 9.9982E-05 0.160412 9.9982E-05 0.0223707 0.109043 0.0680032
0.0308635 0.00660248 0.677287 9.9973E-05 0.272116 9.9973E-05 0.00849352 9.9973E-05 0.00433814
9.9982E-05 0.0855957 0.573305 0.061269 0.0274951 0.0369752 0.058432 9.9982E-05 0.156728
0.0358619 0.048353 0.549894 0.0040665 0.143683 0.0521616 0.0531781 0.0512262 0.0615754
9.9973E-05 0.0295644 0.0446974 0.0666832 0.642312 0.0221845 9.9973E-05 0.194259 9.9973E-05
0.0587602 9.9973E-05 0.553942 0.214056 0.131482 9.9973E-05 9.9973E-05 0.00802304 0.033437
0.0909479 9.9973E-05 0.400484 9.9973E-05 0.318155 0.0476067 0.0497644 0.0927419 9.9973E-05
9.9973E-05 0.118084 0.633059 0.0190488 0.136057 0.0592002 9.9973E-05 9.9973E-05 0.034251
9.9955E-05 9.9955E-05 0.272767 0.0109653 0.662736 9.9955E-05 0.0530313 9.9955E-05 9.9955E-05
0.0506273 0.00432576 0.598511 0.0149901 0.328365 9.9973E-05 9.9973E-05 9.9973E-05 0.0028812
0.00611029 0.132266 0.566008 9.9991E-05 0.0856383 0.0236361 0.0613691 0.0139861 0.110886
9.9955E-05 0.0585262 9.9955E-05 0.222413 0.69615 9.9955E-05 9.9955E-05 0.0224113 9.9955E-05
9.9964E-05 9.9964E-05 0.046937 0.0733745 0.25078 9.9964E-05 9.9964E-05 0.394702 0.233807
9.9973E-05 0.00744921 0.0307974 0.277876 0.118485 9.9973E-05 0.0897952 0.475298 9.9973E-05
0.0740984 0.104855 0.511817 0.0432263 0.059241 0.000657097 9.9991E-05 0.116912 0.0890926
9.9973E-05 0.130803 0.636461 0.0632452 9.9973E-05 0.00387542 0.0381304 0.127185 9.9973E-05
9.9973E-05 0.0983794 0.638456 0.0686327 0.0544765 9.9973E-05 0.0406223 0.0991327 9.9973E-05
9.999E-05 0.0938879 0.112292 0.0768406 0.21926 0.000680095 0.0637249 0.247766 0.185449
0.0148193 9.9991E-05 0.500506 0.0266551 0.105069 0.0595648 0.017902 0.180652 0.0947319
9.9964E-05 0.101589 0.561734 0.17809 0.0486077 9.9964E-05 9.9964E-05 0.109578 9.9964E-05
9.9991E-05 0.0675002 0.296214 0.0593681 0.115962 0.0673119 0.0813524 0.299098 0.013094
0.0257892 0.166212 9.9991E-05 0.124847 0.0606202 0.0372473 0.0409971 0.498343 0.0458441
0.0393855 0.0799617 0.469452 9.9991E-05 0.0822526 0.0452052 0.0535487 0.22799 0.00210433
0.0204854 0.00154305 0.360743 0.065907 0.00851103 0.0597963 0.0671241 0.409653 0.00623748
9.9973E-05 9.9973E-05 9.9973E-05 0.066859 0.0944301 0.0652386 0.0193637 0.679834 0.0739748
0.0573208 9.9973E-05 0.34852 9.9973E-05 0.0371462 9.9973E-05 0.0525871 0.495646 0.00847997
0.0705729 9.9982E-05 0.563354 0.00232825 0.0123888 9.9982E-05 0.141281 0.101903 0.107972
9.9964E-05 9.9964E-05 0.535819 0.0352452 9.9964E-05 0.0736342 0.0670365 0.287865 9.9964E-05
0.0433826 0.0300042 0.23011 0.0500172 0.107898 0.0148817 0.0481978 0.475408 9.9991E-05
9.9964E-05 9.9964E-05 0.435729 0.0730102 0.0367219 0.0433341 9.9964E-05 0.410805 9.9964E-05
9.9982E-05 0.0351986 0.619492 0.0100889 9.9982E-05 0.0455513 0.0741595 0.130432 0.0848784
9.9982E-05 9.9982E-05 0.153201 0.0817208 0.0610736 0.0502351 0.0485752 0.539553 0.065442
9.9955E-05 9.9955E-05 0.491654 0.000996749 0.42811 9.9955E-05 9.9955E-05 0.0787396 9.9955E-05
0.0510615 9.9964E-05 0.0944476 9.9964E-05 0.699656 0.0330999 9.9964E-05 0.121336 9.9964E-05
9.9991E-05 0.0427315 0.52047 0.0618878 0.178352 0.0148017 0.00492651 0.144603 0.0321271
9.9937E-05 9.9937E-05 9.9937E-05 0.105167 0.894133 9.9937E-05 9.9937E-05 9.9937E-05 9.9937E-05
9.9964E-05 9.9964E-05 9.9964E-05 0.0481541 0.784584 9.9964E-05 0.101427 0.0410124 0.0244225
0.0247582 9.9955E-05 0.219322 0.0124784 0.742942 9.9955E-05 9.9955E-05 9.9955E-05 9.9955E-05
9.9964E-05 9.9964E-05 0.456547 0.0410581 0.475682 0.0103395 9.9964E-05 9.9964E-05 0.0159738
0.101813 0.109859 0.459845 9.9973E-05 0.167638 9.9973E-05 9.9973E-05 0.145973 0.0145722
0.0971847 0.00314054 0.35676 9.9973E-05 0.528726 0.0125113 9.9973E-05 0.00137735 9.9973E-05
0.0416284 0.00345776 0.0396 9.9982E-05 0.696734 0.00581365 9.9982E-05 0.145974 0.0665923
0.00516084 0.0426473 0.206465 9.9973E-05 0.542193 9.9973E-05 9.9973E-05 0.0255047 0.177729
0.0803721 0.057105 0.508884 9.9973E-05 0.243134 0.0673715 0.0428332 9.9973E-05 9.9973E-05
0.0927979 9.9964E-05 0.147965 9.9964E-05 0.631156 0.0259005 9.9964E-05 0.101781 9.9964E-05
9.9973E-05 0.0576091 0.404132 9.9973E-05 0.341413 0.0454425 9.9973E-05 0.128941 0.0221623
9.9955E-05 9.9955E-05 0.290505 9.9955E-05 0.59391 0.0355664 0.079519 9.9955E-05 9.9955E-05
9.9955E-05 9.9955E-05 9.9955E-05 0.191756 0.762666 9.9955E-05 0.0405909 9.9955E-05 0.00448752
0.0775301 9.9973E-05 0.526672 9.9973E-05 0.291585 0.0373556 9.9973E-05 0.00534067 0.0612173
0.0461963 0.733156 0.0681359 9.9973E-05 9.9973E-05 0.0526338 9.9973E-05 0.0984082 0.00117022
9.9946E-05 0.755222 0.0885497 9.9946E-05 9.9946E-05 0.155629 9.9946E-05 9.9946E-05 9.9946E-05
0.019494 0.729868 0.101599 9.9964E-05 9.9964E-05 0.133223 9.9964E-05 9.9964E-05 0.0154157
0.0145587 0.760712 0.0305201 0.0542075 9.9964E-05 0.139602 9.9964E-05 9.9964E-05 9.9964E-05
9.9964E-05 0.728942 0.0540348 9.9964E-05 0.0228358 0.163506 0.0302817 9.9964E-05 9.9964E-05
0.0327641 0.824103 9.9973E-05 9.9973E-05 0.0481296 0.0569233 0.0010317 9.9973E-05 0.0367481
9.9955E-05 0.857733 0.0339289 9.9955E-05 9.9955E-05 0.0763794 9.9955E-05 0.0314589 9.9955E-05
0.0725743 0.073614 0.43683 9.9982E-05 0.230269 0.0587089 0.0621447 0.0656593 9.9982E-05
0.0776514 0.0990171 0.496812 9.9973E-05 0.228556 0.0357873 9.9973E-05 0.0618768 9.9973E-05
9.9964E-05 0.016672 0.00376069 9.9964E-05 0.769011 9.9964E-05 0.0346547 0.175502 9.9964E-05
9.9982E-05 0.0776768 0.568083 9.9982E-05 0.0571502 0.0319463 0.119335 0.0567556 0.0888533
0.000904215 0.0381646 0.428757 9.9982E-05 0.414919 0.00738238 9.9982E-05 0.104301 0.00537188
9.9964E-05 0.0367127 0.637489 9.9964E-05 0.267332 0.0271451 0.0309217 9.9964E-05 9.9964E-05
9.9973E-05 0.015261 0.516658 9.9973E-05 0.195857 0.0195103 0.18806 0.0643539 9.9973E-05
0.0629576 0.000653229 0.38732 9.9973E-05 0.467099 0.0249175 0.0567528 9.9973E-05 9.9973E-05
9.99647E-05 0.0557676 9.99647E-05 9.99647E-05 0.695054 9.99647E-05 0.0125755 0.16572 0.0704833
0.0800959 0.114188 0.4607 0.0576474 0.096529 0.0694988 0.0264642 0.0947771 9.9991E-05
9.9982E-05 0.0102055 0.626521 9.9982E-05 0.144446 0.0239869 0.0412619 0.0920955 0.0612833
0.0724226 0.0539768 0.506272 9.9991E-05 0.105608 0.0503126 0.0658183 0.0966156 0.0488748
0.0610827 9.9973E-05 0.226592 0.123931 0.527581 0.00264499 0.0578689 9.9973E-05 9.9973E-05
0.0388226 9.9973E-05 0.371211 0.0317705 0.509933 9.9973E-05 0.0235372 9.9973E-05 0.0244257
9.9964E-05 9.9964E-05 0.414568 9.9964E-05 0.43166 0.0320156 9.9964E-05 0.0840718 0.0372849
0.124795 9.9955E-05 0.237891 9.9955E-05 0.633986 9.9955E-05 0.00282854 9.9955E-05 9.9955E-05
9.9982E-05 0.0900263 0.468901 0.0292137 0.244952 9.9982E-05 0.0269407 0.0490183 0.0907482
9.9973E-05 0.111642 0.456077 9.9973E-05 0.198498 0.0790081 0.0924819 9.9973E-05 0.0619923
9.9982E-05 0.073376 0.147703 0.161427 0.0222025 0.012935 0.0872285 0.494928 9.9982E-05
0.0441057 0.0437353 0.378729 0.0382059 9.9982E-05 0.03827 9.9982E-05 0.337935 0.118819
0.0571943 0.0391069 0.512819 9.9991E-05 0.0661727 0.0365283 0.0329603 0.1794 0.0757183
9.9982E-05 0.117091 0.570191 9.9982E-05 0.0442427 0.0120608 0.088437 0.0344919 0.133285
9.9973E-05 9.9973E-05 0.376886 9.9973E-05 0.021946 0.037252 0.0438203 0.505261 0.0145346
9.9973E-05 0.0154216 0.548293 9.9973E-05 0.0229228 0.00129532 9.9973E-05 0.316689 0.0950783
0.00100961 9.9964E-05 0.4454 9.9964E-05 9.9964E-05 9.9964E-05 0.0292754 0.431117 0.0927982
9.9982E-05 9.9982E-05 0.505972 0.106515 0.0368069 0.0367183 0.0624495 0.115427 0.135911
0.0517325 0.0713163 0.623349 0.110727 0.0179156 9.9982E-05 9.9982E-05 0.0760441 0.0487153
9.9982E-05 0.0417433 0.563115 0.00510557 0.0697106 0.0273704 0.0128137 0.279941 9.9982E-05
9.9964E-05 0.0088525 0.487111 9.9964E-05 0.0215499 9.9964E-05 9.9964E-05 0.282056 0.200031
0.039518 9.9973E-05 0.646975 0.076417 9.9973E-05 9.9973E-05 0.0388775 0.048757 0.149155
0.0870538 0.0655548 0.54708 9.9973E-05 0.00104601 9.9973E-05 0.182611 9.9973E-05 0.116355
0.0123803 9.9964E-05 0.560627 9.9964E-05 9.9964E-05 9.9964E-05 0.0794221 0.263452 0.0837192
9.9973E-05 9.9973E-05 0.5953 0.120204 9.9973E-05 0.0284768 0.118292 0.0121412 0.125285
0.0599854 9.9991E-05 0.497824 0.00302591 0.140709 0.0618694 0.0396564 0.111665 0.0851649
9.9982E-05 0.0889654 0.268741 0.153908 9.9982E-05 0.0253348 0.0913491 0.336653 0.0348487
0.00453307 0.00509256 0.575255 0.0183583 0.0440045 0.0177879 0.0746475 0.159433 0.100889
0.0272554 0.0325709 0.635798 9.9973E-05 9.9973E-05 9.9973E-05 0.0772965 0.160519 0.0662611
0.0398918 0.0310193 0.198209 0.0113075 0.0606406 0.0148029 0.105818 0.411593 0.126717
0.0439164 9.9982E-05 0.103196 0.251618 0.0213838 9.9982E-05 0.103348 0.358242 0.118095
0.00182794 0.016127 0.490664 9.9991E-05 0.0955323 0.0567785 0.0335295 0.150207 0.155234
0.0263976 9.9991E-05 0.0308263 0.170425 0.13561 0.0103089 0.232215 0.225453 0.168664
9.9973E-05 0.0682269 0.24795 9.9973E-05 0.101574 9.9973E-05 0.0291263 0.507457 0.0453667
9.9973E-05 0.0548303 0.395987 9.9973E-05 0.0899421 9.9973E-05 0.0155554 0.376852 0.0665333
9.9973E-05 9.9973E-05 0.25714 9.9973E-05 0.0773933 0.0355833 0.0346983 0.460657 0.134227
0.0312626 9.9982E-05 0.236513 0.0441003 0.12479 9.9982E-05 0.0259121 0.418535 0.118687
9.9973E-05 0.0540428 0.615719 0.0538651 0.0522022 0.0839055 9.9973E-05 0.139966 9.9973E-05
0.00948211 0.0981086 0.619045 0.0376986 0.00269802 0.0113534 0.144516 0.0553832 0.0217152
0.0193728 0.0329683 0.535226 0.0118958 0.011292 0.0325418 0.13915 0.217454 9.9991E-05
0.0730634 9.9982E-05 0.0827218 0.189777 0.105027 9.9982E-05 0.0142311 0.412598 0.122382
9.9982E-05 0.118066 0.627474 0.0119081 9.9982E-05 0.032775 0.109605 0.0648221 0.0351498
0.0660122 9.9982E-05 0.446814 0.236149 0.115646 0.0121894 0.00473915 0.11825 9.9982E-05
9.9982E-05 0.11147 9.9982E-05 0.402579 0.157417 0.00800176 0.125804 0.110485 0.0840435
0.0236207 0.107201 0.625736 0.0561514 0.116323 9.9973E-05 0.070668 9.9973E-05 9.9973E-05
9.9973E-05 0.11311 0.360753 0.233618 0.211531 9.9973E-05 0.0602792 9.9973E-05 0.0204082
0.0837003 0.0862859 0.36499 0.10377 0.0524205 0.0171495 0.123417 0.149595 0.0186711
9.9982E-05 0.0503536 0.207047 0.355318 0.239321 0.0249116 0.0317628 9.9982E-05 0.0910865
9.9982E-05 9.9982E-05 0.213353 0.357129 0.0424196 0.0495949 0.11555 0.101696 0.120058
9.9973E-05 9.9973E-05 0.426856 0.128463 0.0698429 9.9973E-05 0.197728 0.0509384 0.125872
0.0021368 0.0638221 0.483429 0.176018 0.0222024 9.9991E-05 0.0340822 0.183173 0.0350365
0.0300302 0.0991624 0.408553 0.178542 0.0801978 0.0046787 0.0146188 0.184117 9.9991E-05
0.129866 9.9973E-05 9.9973E-05 0.35774 0.184529 9.9973E-05 0.0469916 0.256307 0.0242661
0.179424 0.0467481 0.418322 0.121702 9.9982E-05 0.0185631 0.161738 0.0533031 9.9982E-05
9.9955E-05 9.9955E-05 0.355432 0.269409 0.209219 9.9955E-05 9.9955E-05 0.16544 9.9955E-05
9.9964E-05 9.9964E-05 0.436328 0.148085 0.130268 9.9964E-05 0.0671984 0.217721 9.9964E-05
0.0718587 0.111225 0.576004 0.0620212 0.0205479 9.9991E-05 0.0245571 0.112692 0.0209945
0.223523 0.234364 0.158026 0.244557 0.00369235 0.0613329 9.9991E-05 0.0541124 0.0202919
0.0937529 0.462922 9.9955E-05 0.411444 9.9955E-05 0.0313821 9.9955E-05 9.9955E-05 9.9955E-05
0.10166 0.35672 9.9955E-05 0.516781 9.9955E-05 0.0243393 9.9955E-05 9.9955E-05 9.9955E-05
0.33684 0.279714 9.9964E-05 0.261166 9.9964E-05 0.000878272 9.9964E-05 0.121002 9.9964E-05
9.9946E-05 9.9946E-05 0.7171 0.215763 0.0665378 9.9946E-05 9.9946E-05 9.9946E-05 9.9946E-05
0.101282 0.0826504 0.518286 0.0470064 0.0409646 0.000181254 0.156892 9.9991E-05 0.0526379
0.677671 9.9955E-05 0.276283 9.9955E-05 0.0074209 9.9955E-05 9.9955E-05 0.0381257 9.9955E-05
0.416135 9.9982E-05 0.310894 9.9982E-05 0.0569756 0.0410066 0.0641223 0.085783 0.0248835
0.341611 0.0688463 0.411853 9.9982E-05 0.0433912 0.001898 0.0846348 9.9982E-05 0.0475661
9.9973E-05 9.9973E-05 0.311509 0.295546 0.0911981 0.0457238 0.183415 0.0723082 9.9973E-05
0.0556473 0.0399439 0.518432 0.182749 0.0728367 0.00991983 0.00286771 0.117504 9.9991E-05
9.9982E-05 9.9982E-05 0.179929 0.435459 0.113301 0.00371148 0.217174 0.0476412 0.00258455
9.9973E-05 9.9973E-05 0.613346 0.189403 0.00771628 9.9973E-05 0.115927 0.0578103 0.0154977
0.0250177 9.9982E-05 0.457293 0.138102 0.0850613 0.0331494 0.171874 0.0893019 9.9982E-05
9.9964E-05 9.9964E-05 0.592118 0.203371 0.0413559 9.9964E-05 0.0694533 9.9964E-05 0.093302
9.9973E-05 9.9973E-05 0.181775 0.435387 0.1529 9.9973E-05 0.121578 0.0916797 0.01638
0.0818654 0.00744042 0.613947 0.0787251 0.0945258 9.9982E-05 9.9982E-05 0.0596075 0.063689
9.9982E-05 0.0659094 0.554892 0.180841 0.0567866 9.9982E-05 0.0434832 0.0232552 0.0746327
0.991305 9.9937E-05 9.9937E-05 9.9937E-05 9.9937E-05 9.9937E-05 0.00799503 9.9937E-05 9.9937E-05
0.940545 9.9946E-05 0.0256668 9.9946E-05 9.9946E-05 9.9946E-05 0.0331883 9.9946E-05 9.9946E-05
0.561025 9.9973E-05 0.167425 9.9973E-05 0.0830419 0.0267101 9.9973E-05 0.0800038 0.0814946
0.650915 9.9955E-05 0.294129 9.9955E-05 9.9955E-05 0.00637583 9.9955E-05 9.9955E-05 0.0480802
0.825655 9.9955E-05 0.0801845 9.9955E-05 0.092939 9.9955E-05 9.9955E-05 9.9955E-05 0.000721916
0.991212 9.9946E-05 9.9946E-05 0.00555208 9.9946E-05 9.9946E-05 9.9946E-05 9.9946E-05 0.00263597
0.939641 9.9946E-05 9.9946E-05 0.0236045 9.9946E-05 9.9946E-05 9.9946E-05 9.9946E-05 0.0361543
0.887113 9.9946E-05 0.0984721 9.9946E-05 9.9946E-05 9.9946E-05 9.9946E-05 0.0138156 9.9946E-05
0.944456 9.9946E-05 0.00331366 9.9946E-05 9.9946E-05 9.9946E-05 9.9946E-05 0.0516306 9.9946E-05
0.999201 9.993E-05 9.993E-05 9.993E-05 9.993E-05 9.993E-05 9.993E-05 9.993E-05 9.993E-05
0.992173 9.9937E-05 9.9937E-05 9.9937E-05 9.9937E-05 0.00712762 9.9937E-05 9.9937E-05 9.9937E-05
0.742001 9.9964E-05 0.132031 9.9964E-05 9.9964E-05 0.0540448 0.00986181 0.0616622 9.9964E-05
0.81685 0.0378634 0.0313073 9.9973E-05 0.0173221 0.0403067 9.9973E-05 9.9973E-05 0.0560506
0.953758 9.9937E-05 9.9937E-05 9.9937E-05 0.0455425 9.9937E-05 9.9937E-05 9.9937E-05 9.9937E-05
0.396643 0.0849022 0.268132 9.9982E-05 0.117199 0.0166868 9.9982E-05 0.063057 0.0531809
0.677848 9.9982E-05 0.126959 0.0376295 0.0414729 0.00421875 9.9982E-05 0.0352613 0.0764109
0.714783 9.9973E-05 0.167171 0.00860505 0.0069851 0.0463616 9.9973E-05 9.9973E-05 0.0557949
0.872362 9.9955E-05 0.0861535 9.9955E-05 9.9955E-05 9.9955E-05 9.9955E-05 0.0364641 0.00452037
0.990324 0.00897596 9.9937E-05 9.9937E-05 9.9937E-05 9.9937E-05 9.9937E-05 9.9937E-05 9.9937E-05
0.900404 0.0240233 0.0510219 9.9973E-05 9.9973E-05 0.000899258 0.000372717 9.9973E-05 0.0229793
0.987912 9.9937E-05 9.9937E-05 9.9937E-05 9.9937E-05 0.011388 9.9937E-05 9.9937E-05 9.9937E-05
0.663254 9.9964E-05 0.212797 9.9964E-05 9.9964E-05 0.00886624 0.0511359 9.9964E-05 0.0635469
0.892489 0.0301418 9.9973E-05 0.0134696 0.0214417 9.9973E-05 0.0114332 0.0307247 9.9973E-05
0.0228875 0.293714 9.9973E-05 0.543247 0.0742668 9.9973E-05 0.0393633 0.0262206 9.9973E-05
0.0104634 0.171838 0.457766 0.253542 9.9982E-05 0.0168667 0.0203057 9.9982E-05 0.0690191
0.0821826 0.196654 0.356836 0.167456 0.0942419 9.9982E-05 9.9982E-05 0.0152717 0.0871576
0.0781059 0.157628 0.187806 0.437621 9.9982E-05 0.0589551 0.00104441 9.9982E-05 0.0786404
0.0986138 0.045107 0.466509 0.199489 9.9982E-05 9.9982E-05 0.0616942 0.0844403 0.0439464
0.0137204 0.228937 0.219726 0.396473 0.0474115 0.0203402 0.0731929 9.9982E-05 9.9982E-05
0.0446075 0.115205 0.402872 0.102729 0.0220695 9.9991E-05 0.145699 0.0936838 0.0730335
0.151941 0.123485 0.324993 0.378564 0.0206167 9.9964E-05 9.9964E-05 9.9964E-05 9.9964E-05
0.0717548 0.0762517 0.435648 0.138502 0.0115903 0.117884 0.0470244 0.101244 9.9991E-05
0.198938 0.0863241 0.309585 0.352779 9.9964E-05 0.0519744 9.9964E-05 9.9964E-05 9.9964E-05
0.136263 0.165938 0.315981 0.127261 0.0090063 0.00106506 0.0904919 0.153895 9.9991E-05
9.9955E-05 0.802791 0.0428029 9.9955E-05 9.9955E-05 9.9955E-05 0.097077 9.9955E-05 0.0568291
0.045371 0.862748 9.9964E-05 0.0255783 9.9964E-05 0.0611007 0.00480186 9.9964E-05 9.9964E-05
9.9955E-05 0.892868 9.9955E-05 0.029391 9.9955E-05 0.0504668 9.9955E-05 9.9955E-05 0.0267742
0.0119138 0.878639 0.0147376 9.9964E-05 9.9964E-05 0.0499971 9.9964E-05 9.9964E-05 0.044313
9.9955E-05 0.810267 9.9955E-05 0.0130674 9.9955E-05 0.106942 9.9955E-05 0.069224 9.9955E-05
0.0916909 0.826903 9.9955E-05 9.9955E-05 9.9955E-05 0.0577577 9.9955E-05 0.0231491 9.9955E-05
0.0658032 0.820013 0.00607075 9.9973E-05 9.9973E-05 0.0806159 9.9973E-05 0.00656763 0.0206293
9.9955E-05 0.827659 9.9955E-05 0.0643003 9.9955E-05 0.0497341 0.0578067 9.9955E-05 9.9955E-05
0.0287151 0.860182 9.9955E-05 9.9955E-05 9.9955E-05 0.0215575 9.9955E-05 0.0890461 9.9955E-05
0.0933894 0.794457 9.9964E-05 0.0318088 9.9964E-05 0.0265841 9.9964E-05 9.9964E-05 0.0533614
9.9973E-05 0.56076 9.9973E-05 9.9973E-05 0.0677692 0.0555903 0.00481001 0.243171 0.0675994
9.9964E-05 0.591853 9.9964E-05 9.9964E-05 0.0432638 0.0296794 9.9964E-05 0.183846 0.150957
9.9982E-05 0.496252 9.9982E-05 0.0447573 0.00129923 0.0363652 0.0157508 0.315542 0.089834
9.9964E-05 0.479724 9.9964E-05 9.9964E-05 0.0131744 9.9964E-05 0.0126061 0.376739 0.117357
0.0550865 9.9973E-05 0.433058 9.9973E-05 0.243577 0.0241365 0.0107954 0.233047 9.9973E-05
0.0336475 0.016942 0.418808 9.9982E-05 0.285482 9.9982E-05 0.112035 0.121992 0.0108936
0.0755705 9.9973E-05 0.46998 9.9973E-05 0.0722898 9.9973E-05 0.0705512 0.206768 0.104541
9.9982E-05 9.9982E-05 0.315352 0.0333133 0.210957 0.0440835 0.0653988 0.325803 0.00489268
9.9973E-05 9.9973E-05 0.0423003 0.0217271 0.131464 9.9973E-05 0.0169274 0.557667 0.229614
0.0264412 0.0126283 0.592157 9.9982E-05 0.20707 9.9982E-05 0.112048 0.0323626 0.0170924
0.00938897 9.9991E-05 0.477842 0.0385558 0.239136 0.00176152 0.0361027 0.183837 0.0132766
9.9973E-05 9.9973E-05 0.508124 0.0279491 0.260982 9.9973E-05 0.0835558 0.0796823 0.0394065
0.09332 9.9964E-05 0.27555 9.9964E-05 0.591599 9.9964E-05 0.0164256 9.9964E-05 0.0227055
0.00386478 9.9973E-05 0.605563 0.0616736 0.214515 0.0523813 0.0617026 9.9973E-05 9.9973E-05
9.9973E-05 9.9973E-05 0.354051 9.9973E-05 0.391312 0.0167129 0.0777905 0.0644336 0.0953997
9.9964E-05 9.9964E-05 9.9964E-05 9.9964E-05 0.69993 0.00119511 0.188292 0.0669946 0.043188
0.0355307 0.0613012 0.487225 0.0833197 0.132465 0.0111506 9.9982E-05 0.188808 9.9982E-05
9.9973E-05 9.9973E-05 0.187258 0.15789 0.576176 9.9973E-05 0.042969 0.0235817 0.0118256
9.9964E-05 9.9964E-05 0.508841 0.0791521 0.402106 0.00518185 9.9964E-05 9.9964E-05 0.00431907
9.9973E-05 0.0368332 0.0981146 9.9973E-05 0.577668 9.9973E-05 0.019977 0.175394 0.0917138
9.9955E-05 0.0536465 9.9955E-05 0.145936 0.0139181 9.9955E-05 9.9955E-05 9.9955E-05 0.786
0.0104868 9.9955E-05 0.0376984 0.146397 9.9955E-05 9.9955E-05 9.9955E-05 9.9955E-05 0.804918
9.9946E-05 9.9946E-05 9.9946E-05 0.00823983 9.9946E-05 9.9946E-05 0.0478751 9.9946E-05 0.943285
9.9955E-05 0.0689092 9.9955E-05 9.9955E-05 0.010164 9.9955E-05 0.0847016 9.9955E-05 0.835725
9.9955E-05 9.9955E-05 0.0698295 0.102258 9.9955E-05 9.9955E-05 9.9955E-05 0.0245664 0.802846
0.0122706 0.0100038 0.0805837 0.0364496 9.9964E-05 9.9964E-05 9.9964E-05 9.9964E-05 0.860292
0.0260026 0.822672 0.0653741 9.9964E-05 9.9964E-05 0.0502924 0.035259 9.9964E-05 9.9964E-05
0.0348167 0.786095 0.0922576 9.9973E-05 9.9973E-05 0.0084227 9.9973E-05 0.0510502 0.0270584
0.114141 0.702973 0.143422 9.9955E-05 9.9955E-05 0.0389647 9.9955E-05 9.9955E-05 9.9955E-05
0.134917 0.736999 9.9964E-05 0.0143068 9.9964E-05 0.0228311 9.9964E-05 0.0905467 9.9964E-05
0.0801192 0.782617 0.0861545 9.9973E-05 9.9973E-05 0.0107219 9.9973E-05 0.00174373 0.0383432
9.9973E-05 0.323434 9.9973E-05 0.0539897 0.00724287 0.017157 9.9973E-05 0.141999 0.455877
9.9982E-05 0.426484 9.9982E-05 0.0649299 0.0156247 0.00122049 0.0356716 0.0601465 0.395723
9.9973E-05 0.428713 9.9973E-05 9.9973E-05 0.119627 0.0268449 0.0522866 0.0187406 0.353488
9.993E-05 9.993E-05 9.993E-05 9.993E-05 9.993E-05 0.999201 9.993E-05 9.993E-05 9.993E-05
9.9955E-05 0.363445 9.9955E-05 9.9955E-05 0.154602 9.9955E-05 9.9955E-05 0.0168832 0.46457
0.398415 0.172792 0.239358 0.174526 9.9964E-05 9.9964E-05 0.0145091 9.9964E-05 9.9964E-05
0.210306 0.114519 0.518659 0.0604662 9.9973E-05 9.9973E-05 9.9973E-05 0.00679798 0.0889516
0.232989 0.158743 0.57148 9.9955E-05 9.9955E-05 0.0362877 9.9955E-05 9.9955E-05 9.9955E-05
0.187661 0.263168 0.364235 0.109633 0.0298463 0.0148125 0.0248095 9.9991E-05 0.00573492
0.157706 0.141986 0.425332 0.0754045 0.122148 0.0746723 9.9982E-05 0.00255039 9.9982E-05
0.28308 0.41616 9.9946E-05 0.300161 9.9946E-05 9.9946E-05 9.9946E-05 9.9946E-05 9.9946E-05
9.9973E-05 9.9973E-05 0.369813 0.0177216 0.123287 9.9973E-05 0.0401866 0.291958 0.156734
0.0235442 9.9982E-05 0.305033 0.0837545 0.0522507 9.9982E-05 0.221127 0.182759 0.131332
9.9964E-05 0.0454398 0.174718 9.9964E-05 9.9964E-05 0.0410878 9.9964E-05 0.677541 0.0608135
9.9973E-05 9.9973E-05 0.427472 0.0122777 0.0884596 9.9973E-05 0.15804 0.200246 0.113205
9.9964E-05 9.9964E-05 9.9964E-05 0.274211 0.11486 9.9964E-05 0.348629 0.206059 0.0558419
9.9973E-05 0.0423645 0.421005 0.13923 0.0456983 9.9973E-05 9.9973E-05 0.279057 0.0723451
0.0140567 0.0267618 0.402263 0.027896 9.9982E-05 9.9982E-05 0.184908 0.194291 0.149624
9.9973E-05 9.9973E-05 0.229952 9.9973E-05 0.0500282 0.071622 0.0333685 0.508419 0.10631
0.0511992 0.0565243 0.444502 0.025972 9.9991E-05 0.0119324 0.0535895 0.323029 0.0331516
9.9964E-05 9.9964E-05 0.0383784 0.214529 0.089221 9.9964E-05 0.0557812 0.601691 9.9964E-05
9.9964E-05 9.9964E-05 0.506334 0.109998 9.9964E-05 9.9964E-05 0.141102 0.154747 0.0874189
9.9973E-05 9.9973E-05 0.442019 9.9973E-05 0.0517072 0.0327389 0.0631597 0.210729 0.199345
0.147517 0.129945 0.417884 0.0495451 0.13398 0.00460525 9.9991E-05 0.109996 0.00642683
9.9955E-05 9.9955E-05 0.328901 0.0661027 9.9955E-05 9.9955E-05 0.108901 0.495596 9.9955E-05
0.00828172 0.00380783 0.398985 9.9982E-05 0.0535653 9.9982E-05 0.132581 0.316438 0.0861406
0.0881815 0.00611356 0.366749 0.113838 0.130593 9.9991E-05 0.0529003 0.208169 0.0333562
9.9973E-05 9.9973E-05 0.543182 0.109778 0.0960897 9.9973E-05 0.0321277 0.127012 0.091511
0.0583554 0.0168984 0.61709 9.9991E-05 0.0775894 0.0222017 0.0463822 0.0114851 0.149898
0.0341947 0.058138 0.45582 0.0281029 0.0885652 0.0380392 0.0447179 0.151804 0.100618
0.02025 0.0513352 0.514337 9.9982E-05 0.0363548 0.0585937 9.9982E-05 0.193937 0.124992
0.0682885 0.771407 0.159705 9.9946E-05 9.9946E-05 9.9946E-05 9.9946E-05 9.9946E-05 9.9946E-05
9.9955E-05 0.825913 0.118155 9.9955E-05 9.9955E-05 0.00610517 0.0493275 9.9955E-05 9.9955E-05
9.9973E-05 0.764973 0.0755446 0.0420777 0.0122049 9.9973E-05 0.0393468 0.0655534 9.9973E-05
0.052175 0.794043 9.9964E-05 9.9964E-05 0.130079 0.00789452 0.0154085 9.9964E-05 9.9964E-05
9.9946E-05 0.827224 0.139622 9.9946E-05 9.9946E-05 0.0325547 9.9946E-05 9.9946E-05 9.9946E-05
0.039641 0.00531618 0.128458 0.0582001 9.9973E-05 9.9973E-05 9.9973E-05 0.659261 0.108824
0.03187 0.0298128 0.420139 0.0946976 9.9982E-05 0.0359301 0.158659 0.228691 9.9982E-05
0.190614 0.150177 0.34843 0.144682 0.00667907 0.0383613 0.0831303 9.9991E-05 0.0378264
9.9973E-05 9.9973E-05 0.582604 0.0456205 0.0261237 0.0857815 9.9973E-05 0.217485 0.0420849
9.9973E-05 0.1175 0.467596 9.9973E-05 0.137477 9.9973E-05 0.0311328 0.138993 0.107002
0.141128 9.9982E-05 0.170866 0.142059 9.9982E-05 0.00822173 0.0263937 0.409861 0.101271
9.9973E-05 0.0790955 9.9973E-05 0.12553 0.0257573 0.0388577 9.9973E-05 0.619978 0.110482
0.0390263 9.9973E-05 0.439259 9.9973E-05 9.9973E-05 0.0121603 0.0806827 0.192515 0.236057
0.0698164 0.0542198 0.0599262 9.9991E-05 0.0173072 0.0234607 0.113057 0.4091 0.253012
0.0466139 0.00536264 0.311095 0.101689 0.133806 0.00409899 0.17501 0.0852698 0.137054
9.9982E-05 0.16158 0.0384002 9.9982E-05 0.0398683 0.0202271 0.0802995 0.593242 0.0661829
9.9973E-05 0.126438 0.6091 9.9973E-05 9.9973E-05 0.0105911 0.00161235 0.157465 0.0944948
0.00896112 0.0335241 0.0822469 9.9991E-05 0.0160368 0.0481691 0.0457601 0.614874 0.150328
0.0236851 9.9991E-05 0.29263 0.174482 0.0720498 0.0282108 0.0509652 0.240619 0.117258
9.9982E-05 0.0920094 0.433328 0.0858717 0.0462912 9.9982E-05 0.155996 0.0941752 0.0921287
9.9973E-05 9.9973E-05 0.301192 0.411664 0.0844729 9.9973E-05 0.0883789 0.0367295 0.0772636
9.9973E-05 0.0311087 0.553404 0.25256 0.0299236 9.9973E-05 9.9973E-05 0.0786623 0.054042
9.9973E-05 0.0226457 0.451965 0.182901 0.135376 0.091304 9.9973E-05 0.115509 9.9973E-05
9.9964E-05 9.9964E-05 0.356809 0.35242 0.0806829 9.9964E-05 0.112383 9.9964E-05 0.097305
0.0691687 0.0128844 0.420578 0.145955 0.0388655 0.0335678 9.9991E-05 0.200343 0.0785382
9.9964E-05 9.9964E-05 0.54299 0.283686 0.0716575 0.0168123 9.9964E-05 9.9964E-05 0.0844549
9.9973E-05 9.9973E-05 0.0893256 0.436776 0.130595 9.9973E-05 0.145317 0.0792212 0.118465
9.9964E-05 9.9964E-05 0.204527 0.551468 0.094613 9.9964E-05 0.0654197 9.9964E-05 0.0835718
9.9964E-05 9.9964E-05 0.515144 0.242878 0.0729594 9.9964E-05 0.0650072 9.9964E-05 0.103612
9.9973E-05 9.9973E-05 0.183537 0.388738 0.223812 9.9973E-05 0.0709476 0.0288887 0.103777
9.9964E-05 9.9964E-05 0.390842 0.293471 0.0462518 9.9964E-05 9.9964E-05 0.237805 0.0312308
9.9973E-05 0.0141834 9.9973E-05 0.0393784 0.122177 0.0308292 9.9973E-05 0.629116 0.164016
0.0102524 9.9982E-05 0.160244 0.0428988 0.0564342 9.9982E-05 0.276578 0.416567 0.0368254
0.0622551 9.9982E-05 0.233897 9.9982E-05 0.0432967 0.0178834 0.00937557 0.584909 0.0481831
0.0263671 9.9991E-05 0.604163 0.0122946 0.0683771 0.0104393 0.0527627 0.17439 0.0511064
0.0304956 9.9964E-05 0.0886876 9.9964E-05 0.147094 9.9964E-05 9.9964E-05 0.55032 0.183003
0.171595 0.0197379 0.34078 0.123262 0.14539 0.0386035 0.100975 0.0434228 0.0162338
0.0186861 0.0216141 0.551121 0.115368 9.9991E-05 0.077335 0.0156717 0.134934 0.0651705
0.0735607 0.0282624 0.443551 0.00967351 0.024359 0.00107171 0.0179083 0.389433 0.0121799
0.154703 9.9982E-05 0.320123 9.9982E-05 0.00572965 0.00482351 0.110282 0.376033 0.0281054
0.117915 9.9973E-05 0.362845 9.9973E-05 0.108078 0.0110378 9.9973E-05 0.196724 0.2031
0.11849 9.9973E-05 0.0916544 9.9973E-05 0.0786901 0.00274636 9.9973E-05 0.547999 0.16012
0.0851281 9.9982E-05 0.234594 9.9982E-05 0.0854967 0.0169885 0.085093 0.322013 0.170487
9.9955E-05 9.9955E-05 0.546896 9.9955E-05 9.9955E-05 9.9955E-05 0.131479 0.27473 0.0463955
0.051939 0.047209 0.526263 0.0406803 0.118816 9.9995E-05 0.0199807 0.130847 0.0641651
9.9973E-05 0.0585683 0.415017 0.0392665 9.9973E-05 9.9973E-05 0.106718 0.351938 0.0281917
0.0932768 9.9973E-05 0.427611 9.9973E-05 0.029066 9.9973E-05 0.139018 0.211147 0.0995804
0.0642685 0.0262398 0.309395 0.0362662 9.9982E-05 0.0341073 9.9982E-05 0.378191 0.151332
0.0562366 0.0374828 0.569826 9.9982E-05 0.1239 0.00476462 9.9982E-05 0.103651 0.103939
0.110444 0.0116519 0.401779 9.9991E-05 0.0186943 0.0662401 0.023918 0.270674 0.0964979
0.107677 0.0713358 0.367893 0.0457944 0.0617995 0.0472837 9.9991E-05 0.150936 0.147181
0.116019 0.342367 0.36599 0.0763992 0.00798065 9.9973E-05 9.9973E-05 0.0909438 9.9973E-05
0.21759 0.0584354 0.488168 0.0906152 0.0262082 0.0446994 0.0142046 0.0599789 9.9991E-05
0.132101 0.112957 0.517769 0.124036 9.9973E-05 0.0160452 9.9973E-05 0.0967916 9.9973E-05
0.0733111 0.0546248 0.545969 0.065928 9.9991E-05 0.0436633 0.0105436 0.18355 0.0223099
0.229464 0.151851 0.406033 9.9973E-05 9.9973E-05 0.0512906 0.0825882 0.0784738 9.9973E-05
9.9955E-05 9.9955E-05 0.410619 0.0572494 9.9955E-05 9.9955E-05 0.21447 0.317162 9.9955E-05
0.142498 0.172347 0.37805 9.9991E-05 0.105514 0.0210842 0.0385372 0.137831 0.00403848
0.135973 0.178183 9.9964E-05 0.404436 0.109085 9.9964E-05 9.9964E-05 0.171923 9.9964E-05
0.183445 0.0316548 0.439108 0.119102 9.9973E-05 0.0590361 9.9973E-05 0.167354 9.9973E-05
0.114359 0.140138 0.433458 0.0426725 0.10413 0.0314062 0.091314 0.0424235 9.9991E-05
0.212653 0.0264058 0.400259 0.0709708 0.00172475 0.0437648 0.110298 0.098534 0.0353907
0.124269 0.136148 0.269177 0.148005 0.00339587 0.0532718 0.0571273 0.208505 9.9991E-05
0.126404 0.206305 0.512439 0.0663959 0.0298043 0.00502347 9.9982E-05 0.0534289 9.9982E-05
0.149251 0.0892109 0.63544 0.0112858 9.9973E-05 0.0473941 9.9973E-05 0.0671182 9.9973E-05
0.192965 0.363302 9.9982E-05 0.353211 0.0136414 0.0629269 0.0042508 0.00950274 9.9982E-05
0.10858 0.0733098 0.515716 0.108923 9.9982E-05 0.0923282 9.9982E-05 0.0587254 0.0422178
0.205081 0.14534 0.503202 0.0538645 9.9973E-05 9.9973E-05 0.0855614 9.9973E-05 0.00665167
0.129612 0.0990722 0.559244 0.112458 0.00517031 9.9982E-05 0.0161295 0.0781136 9.9982E-05
0.15286 0.155121 0.518398 0.12077 9.9964E-05 9.9964E-05 9.9964E-05 0.052451 9.9964E-05
0.182996 0.0885834 0.38622 0.109207 9.9991E-05 0.0816039 0.0720169 0.0174034 0.0618697
0.065955 0.00567514 0.367991 0.0292102 0.0792172 0.00531793 0.376722 9.9991E-05 0.0698117
0.05114 0.106443 0.514555 0.00567931 9.9991E-05 0.0114798 0.0914215 0.112893 0.106288
9.9946E-05 9.9946E-05 9.9946E-05 9.9946E-05 0.0675686 9.9946E-05 0.846727 0.0851044 9.9946E-05
9.99549E-05 9.99549E-05 9.99549E-05 0.0165536 9.99549E-05 9.99549E-05 0.946322 0.034852 0.00177248
0.0539348 0.0104386 0.403376 9.9982E-05 0.0709364 0.0837563 0.374226 0.00313176 9.9982E-05
0.333682 0.0964904 0.335394 0.118122 9.9973E-05 9.9973E-05 0.0491093 0.0669022 9.9973E-05
0.308099 0.0669169 0.259325 0.0712154 9.9973E-05 0.037574 0.25657 9.9973E-05 9.9973E-05
0.349429 0.180134 0.0942102 0.17038 9.9982E-05 0.00810927 0.144741 0.0527975 9.9982E-05
0.257252 0.116233 0.311698 0.0162867 9.9973E-05 0.0366993 0.261532 9.9973E-05 9.9973E-05
0.0940313 0.0364582 0.0492198 0.154889 9.9973E-05 0.0203632 0.644739 9.9973E-05 9.9973E-05
0.105322 0.055587 0.060605 9.9964E-05 9.9964E-05 0.0839014 0.694184 9.9964E-05 9.9964E-05
0.125208 9.9955E-05 0.446442 9.9955E-05 9.9955E-05 0.016841 0.41101 9.9955E-05 9.9955E-05
0.102868 0.0408534 0.364639 9.9964E-05 9.9964E-05 0.000384382 0.490855 9.9964E-05 9.9964E-05
0.118932 0.0158442 0.125173 9.9964E-05 9.9964E-05 0.0494558 0.690195 9.9964E-05 9.9964E-05
0.0821066 0.0655076 0.441052 0.0263255 0.0165574 9.9982E-05 0.267858 0.100394 9.9982E-05
0.0874618 0.000270948 0.504848 0.0293833 9.9982E-05 0.00493263 0.363319 9.9982E-05 0.00958442
0.0743126 0.0735725 0.395287 0.0597706 0.00562102 0.0612961 0.269565 0.0364996 0.0240758
9.9955E-05 0.0172941 0.317022 9.9955E-05 9.9955E-05 9.9955E-05 0.620455 9.9955E-05 0.0447293
0.0154677 0.0039849 0.28599 0.00359643 9.9991E-05 0.0317514 0.569911 0.0784353 0.0107632
9.9973E-05 9.9973E-05 0.50336 0.0745232 9.9973E-05 0.0296363 0.249998 0.0783299 0.0638521
0.0106417 0.053264 0.387982 0.0245533 0.0509847 0.0126564 0.36246 0.00862257 0.0888343
0.135946 0.0912203 0.294408 0.00130829 0.110047 9.9982E-05 0.164504 0.202366 9.9982E-05
9.9955E-05 9.9955E-05 0.411703 0.124578 9.9955E-05 9.9955E-05 0.336026 0.127193 9.9955E-05
9.9955E-05 9.9955E-05 0.156043 9.9955E-05 9.9955E-05 9.9955E-05 0.748655 0.0237394 0.0710635
0.00746183 0.0723435 0.507656 9.9973E-05 0.037138 0.0103502 0.36475 9.9973E-05 9.9973E-05
9.9955E-05 9.9955E-05 0.136356 9.9955E-05 0.098466 9.9955E-05 0.723851 0.0408274 9.9955E-05
9.9955E-05 9.9955E-05 0.365188 9.9955E-05 0.0181874 9.9955E-05 0.558007 9.9955E-05 0.0581178
0.0373076 9.9982E-05 0.532285 9.9982E-05 0.05329 0.0399967 0.216302 0.0132173 0.107401
0.0482412 0.0229451 0.417346 9.9973E-05 0.0792566 9.9973E-05 0.350179 0.0817321 9.9973E-05
0.145205 0.076275 0.471146 0.193366 0.0145794 0.0287253 0.0705038 9.9982E-05 9.9982E-05
0.164848 0.106731 0.41086 0.0567833 9.9991E-05 0.0226029 0.056457 0.0219778 0.15964
0.291483 0.0501458 0.26761 0.189344 9.9991E-05 0.0066975 0.0451495 0.0583045 0.0911659
0.253191 0.098623 0.219888 0.0702478 9.9991E-05 0.0649683 0.0898304 0.171726 0.0314253
0.202869 0.14496 0.342767 0.0522346 9.9982E-05 9.9982E-05 0.0597186 0.179928 0.0173226
0.217599 0.0490667 0.28193 0.128055 0.0847953 0.070673 0.103094 0.0646876 9.9991E-05
0.103652 0.1486 9.9964E-05 0.139922 9.9964E-05 0.0192701 0.588156 9.9964E-05 9.9964E-05
0.17242 0.0828025 0.539107 0.0246248 9.9973E-05 0.0176346 0.163112 9.9973E-05 9.9973E-05
0.0816127 0.344386 9.9964E-05 0.0990114 9.9964E-05 0.018103 0.456487 9.9964E-05 9.9964E-05
0.170454 0.0446952 0.478741 9.9955E-05 9.9955E-05 9.9955E-05 0.30561 9.9955E-05 9.9955E-05
9.9955E-05 9.9955E-05 0.0575626 0.0914131 0.133089 9.9955E-05 0.717435 9.9955E-05 9.9955E-05
9.9964E-05 9.9964E-05 9.9964E-05 0.0148647 0.125901 0.0116047 0.823082 9.9964E-05 0.0241475
9.9964E-05 9.9964E-05 0.39841 9.9964E-05 0.0328643 0.0454895 0.449884 0.0729521 9.9964E-05
0.0198349 0.0318461 0.598934 9.9964E-05 0.0188325 9.9964E-05 0.330153 9.9964E-05 9.9964E-05
9.9937E-05 9.9937E-05 0.378301 9.9937E-05 9.9937E-05 9.9937E-05 0.621 9.9937E-05 9.9937E-05
0.00132293 0.01797 0.452797 9.9973E-05 0.0787172 9.9973E-05 0.439949 9.9973E-05 0.00894368
9.9946E-05 9.9946E-05 0.506426 9.9946E-05 9.9946E-05 9.9946E-05 0.456003 0.0369714 9.9946E-05
0.0571852 0.739746 0.0497079 9.9973E-05 9.9973E-05 0.0492821 0.0880988 9.9973E-05 0.0156795
0.076341 0.678401 9.9973E-05 9.9973E-05 9.9973E-05 0.0265342 0.0518301 0.0632696 0.103324
0.0673518 0.904298 9.9955E-05 9.9955E-05 9.9955E-05 0.00826802 9.9955E-05 9.9955E-05 0.0195825
9.9955E-05 0.804652 0.00639827 9.9955E-05 9.9955E-05 0.141054 0.0473964 9.9955E-05 9.9955E-05
0.029337 9.9982E-05 0.534337 0.0255102 0.26962 0.0212972 0.0276392 9.9982E-05 0.0920597
0.0332125 0.114148 0.424074 9.9982E-05 0.334616 9.9982E-05 0.0345069 0.0281551 0.031088
0.00167845 0.0150386 0.4569 9.9973E-05 0.419762 0.00846027 9.9973E-05 0.0978609 9.9973E-05
9.9964E-05 9.9964E-05 0.562703 0.0655031 0.200088 0.06692 9.9964E-05 9.9964E-05 0.104386
0.0665534 0.0569715 0.45002 0.137746 0.184658 0.0154426 9.9982E-05 9.9982E-05 0.0884086
0.0111733 0.0608184 0.226654 0.0320023 0.486655 9.9991E-05 0.0296665 0.0985449 0.0543854
9.9955E-05 9.9955E-05 0.57038 9.9955E-05 0.368036 0.0400187 9.9955E-05 0.0210647 9.9955E-05
9.9955E-05 9.9955E-05 0.318856 0.128141 0.500284 0.0522185 9.9955E-05 9.9955E-05 9.9955E-05
0.145499 0.260328 0.467455 9.9964E-05 9.9964E-05 0.00246821 9.9964E-05 0.123851 9.9964E-05
0.040029 9.9964E-05 0.334905 0.144177 0.315029 9.9964E-05 0.16546 9.9964E-05 9.9964E-05
9.9964E-05 9.9964E-05 0.286198 9.9964E-05 0.50874 0.0483975 9.9964E-05 0.122016 0.0342485
9.9964E-05 9.9964E-05 0.523096 9.9964E-05 0.303998 9.9964E-05 0.101312 0.0476755 0.023519
9.9964E-05 9.9964E-05 0.374963 9.9964E-05 0.524278 0.0418307 0.0192373 9.9964E-05 0.0392915
0.00929851 9.9955E-05 0.585728 9.9955E-05 0.311877 9.9955E-05 0.0925972 9.9955E-05 9.9955E-05
0.0274443 0.0265987 0.501836 9.9973E-05 0.346073 0.0137843 9.9973E-05 9.9973E-05 0.0839639
9.9955E-05 9.9955E-05 0.0214878 9.9955E-05 0.924609 0.00312817 0.0502756 9.9955E-05 9.9955E-05
0.0224011 9.9982E-05 0.209957 0.099128 0.561661 0.0316617 0.0657482 0.00924367 9.9982E-05
9.9955E-05 9.9955E-05 0.262395 9.9955E-05 0.635838 0.0406428 9.9955E-05 9.9955E-05 0.0606246
9.9937E-05 9.9937E-05 9.9937E-05 0.170244 0.829057 9.9937E-05 9.9937E-05 9.9937E-05 9.9937E-05
9.9982E-05 0.0392732 0.406002 0.0474635 0.419044 0.0294285 9.9982E-05 0.0403162 0.0182727
9.9964E-05 9.9964E-05 0.0632931 0.289677 0.617821 9.9964E-05 0.027292 9.9964E-05 0.00151709
9.9955E-05 0.00413185 9.9955E-05 0.226379 0.761055 9.9955E-05 0.00793417 9.9955E-05 9.9955E-05
0.0237353 0.00137243 0.491661 0.0303204 0.361225 0.00690277 0.0628106 9.9991E-05 0.0218727
9.9973E-05 0.0276838 0.164158 9.9973E-05 0.568787 9.9973E-05 0.0293133 0.132855 0.0769038
0.0905252 0.0383198 0.386048 0.0135802 0.387302 9.9982E-05 9.9982E-05 0.0462603 0.037765
0.0775679 0.0167572 0.572101 0.05837 0.179089 0.045586 9.9991E-05 0.0431365 0.00729197
0.0550631 9.9964E-05 0.43098 9.9964E-05 0.392287 9.9964E-05 9.9964E-05 0.0891666 0.0321038
9.9973E-05 9.9973E-05 0.296057 0.124801 0.00526033 0.0137652 0.114845 0.444971 9.9973E-05
9.9973E-05 0.0104157 0.538525 9.9973E-05 0.392861 9.9973E-05 0.0349747 0.00240474 0.0205195
0.00819806 0.0644448 0.402218 9.9982E-05 0.349649 0.00785132 0.0236684 0.14377 9.9982E-05
9.9946E-05 9.9946E-05 0.29741 0.0211826 0.680808 9.9946E-05 9.9946E-05 9.9946E-05 9.9946E-05
9.9973E-05 0.0567962 0.525369 0.00457287 0.379622 0.0260689 0.00727049 9.9973E-05 9.9973E-05
9.9973E-05 0.537472 0.0208906 0.0622167 9.9973E-05 0.0869396 9.9973E-05 0.0887978 0.203383
0.00358966 0.687518 0.0264185 0.0256429 0.0817218 0.0686664 9.9991E-05 0.0878846 0.018458
9.9964E-05 0.66502 9.9964E-05 0.0840549 9.9964E-05 0.142609 9.9964E-05 0.0119848 0.0959313
9.9973E-05 0.703755 9.9973E-05 0.0113226 0.0552001 0.0955431 0.0027668 9.9973E-05 0.131113
9.9973E-05 0.656706 0.0508281 0.003232 9.9973E-05 0.0553194 9.9973E-05 0.0324545 0.20116
9.9955E-05 0.0462112 0.0837293 9.9955E-05 0.631961 9.9955E-05 9.9955E-05 0.237599 9.9955E-05
9.9982E-05 0.052139 0.0508304 9.9982E-05 0.65713 0.0521834 0.0216501 0.144625 0.0212415
