0.805462 0.0796449 9.9964E-05 0.0146236 9.9964E-05 9.9964E-05 0.0404923 0.0593779 9.9964E-05
0.903591 9.9946E-05 0.0163602 9.9946E-05 9.9946E-05 0.0794491 9.9946E-05 9.9946E-05 9.9946E-05
0.719462 0.0745478 9.9955E-05 9.9955E-05 0.125088 9.9955E-05 9.9955E-05 0.0804027 9.9955E-05
0.723395 0.0539046 9.9964E-05 0.102342 0.0706109 9.9964E-05 0.0493479 9.9964E-05 9.9964E-05
0.866944 9.9955E-05 9.9955E-05 9.9955E-05 0.0511765 0.0235498 0.0578299 9.9955E-05 9.9955E-05
0.552134 0.0157903 9.9964E-05 0.0438084 9.9964E-05 9.9964E-05 0.083423 9.9964E-05 0.304444
0.779955 0.0350446 9.9946E-05 9.9946E-05 9.9946E-05 9.9946E-05 9.9946E-05 9.9946E-05 0.1844
0.684129 0.0279941 9.9964E-05 0.0591826 9.9964E-05 9.9964E-05 0.00900169 9.9964E-05 0.219292
0.788033 0.00489758 0.0416879 0.0975484 9.99639E-05 9.99639E-05 9.99639E-05 0.0674331 9.99639E-05
0.662079 0.00803527 9.9964E-05 0.0417004 9.9964E-05 9.9964E-05 0.0953621 9.9964E-05 0.192423
0.715874 9.9955E-05 0.00223499 0.0416515 9.9955E-05 9.9955E-05 9.9955E-05 9.9955E-05 0.23974
9.9973E-05 9.9973E-05 0.196427 0.399467 0.14408 0.00967615 0.158922 9.9973E-05 0.0911271
9.999E-05 0.00259099 0.000131599 0.259167 0.556621 0.0313489 0.0668913 0.0795437 0.00360515
0.0235689 9.9982E-05 0.104304 0.336806 0.29678 0.10009 0.040766 0.0974852 9.9982E-05
0.0207137 9.9982E-05 0.126391 0.303448 0.217432 0.0639144 0.231608 0.0362929 9.9982E-05
0.0765978 9.9991E-05 0.123157 0.186127 0.27827 0.0448203 0.192116 0.00679099 0.0920205
0.0814455 0.0611236 0.059372 9.9991E-05 0.529755 0.0804354 0.0701091 0.0429738 0.0746857
9.9982E-05 0.00375893 0.121078 0.145659 0.365018 0.0150215 0.136558 9.9982E-05 0.212707
0.109314 9.9973E-05 0.140409 0.284485 0.369994 9.9973E-05 0.0521218 0.0433775 9.9973E-05
0.0497612 9.9973E-05 0.146277 0.542092 9.9973E-05 9.9973E-05 0.0992671 0.00567385 0.156629
9.9991E-05 0.0300317 0.129261 0.197992 0.440042 0.0638884 0.0407522 0.0133777 0.0845538
9.999E-05 0.0107751 0.0399088 0.0846176 0.46969 0.141731 0.0220087 0.125363 0.105806
0.000368123 9.9982E-05 0.23004 0.133575 0.44019 0.0110703 0.0882736 9.9982E-05 0.0962833
9.9973E-05 0.00478171 0.279701 0.253114 0.212605 9.9973E-05 0.142449 9.9973E-05 0.107049
0.0950932 0.0133675 0.0110431 0.0378515 0.620877 9.9982E-05 0.101614 9.9982E-05 0.119954
9.9982E-05 0.0247533 0.0659429 0.161336 0.560715 9.9982E-05 0.0116554 0.142489 0.0329076
9.9973E-05 0.0317544 0.231206 0.442609 0.106581 9.9973E-05 0.150852 9.9973E-05 0.0366963
9.9982E-05 9.9982E-05 0.163072 0.339373 0.251587 0.0250962 0.149859 0.0601996 0.010613
0.00974417 9.9991E-05 0.0822235 0.347921 0.178526 0.0784872 0.0899906 0.017718 0.19529
9.993E-05 0.999201 9.993E-05 9.993E-05 9.993E-05 9.993E-05 9.993E-05 9.993E-05 9.993E-05
9.993E-05 0.999201 9.993E-05 9.993E-05 9.993E-05 9.993E-05 9.993E-05 9.993E-05 9.993E-05
0.410485 0.379667 9.9955E-05 9.9955E-05 0.145172 9.9955E-05 9.9955E-05 0.0641767 9.9955E-05
0.514196 0.230888 0.0369256 9.9964E-05 0.171745 9.9964E-05 9.9964E-05 0.0458453 9.9964E-05
9.9973E-05 0.0140278 0.290179 0.0282084 0.435681 0.0557327 9.9973E-05 9.9973E-05 0.175871
0.0279486 9.9964E-05 0.374077 0.0894473 0.425287 9.9964E-05 0.0828395 9.9964E-05 9.9964E-05
0.0374555 9.9946E-05 0.404526 9.9946E-05 0.557419 9.9946E-05 9.9946E-05 9.9946E-05 9.9946E-05
0.110182 0.0135418 0.122529 0.495776 0.214475 0.0377895 9.9982E-05 0.00550646 9.9982E-05
0.00636687 9.9973E-05 0.566446 9.9973E-05 0.242607 0.0885323 9.9973E-05 0.0349839 0.0607639
0.0732823 9.9973E-05 0.263111 0.0800334 0.490453 0.0430787 9.9973E-05 0.0497418 9.9973E-05
0.00859859 0.021929 0.167931 9.9982E-05 0.627075 0.027562 0.0227422 9.9982E-05 0.123962
0.0759113 0.00649922 0.087663 9.9964E-05 0.519744 9.9964E-05 9.9964E-05 9.9964E-05 0.309783
0.0142729 0.0640052 0.101458 0.140241 0.576328 9.9982E-05 0.0115109 9.9982E-05 0.0919834
9.9964E-05 0.0668363 0.691606 0.131324 0.0630985 9.9964E-05 9.9964E-05 0.0467351 9.9964E-05
0.0704798 0.0169106 0.0189411 0.00722517 0.564201 9.9973E-05 9.9973E-05 9.9973E-05 0.321943
0.0772215 9.9991E-05 0.220353 0.0511054 0.53757 0.0158924 0.0579196 0.0308789 0.00895971
0.0743404 0.0849699 0.132364 9.9982E-05 0.475882 9.9982E-05 0.0663379 0.00947011 0.156436
9.9955E-05 9.9955E-05 0.647332 9.9955E-05 0.303475 0.0177392 9.9955E-05 0.030954 9.9955E-05
0.0322128 0.00209763 0.236477 9.9982E-05 0.683171 9.9982E-05 0.00228049 0.0190585 0.0245025
0.0580967 0.0622291 0.103805 0.00748805 0.560767 0.100951 0.0320929 9.9991E-05 0.0744698
0.047924 0.00209604 0.768435 9.9964E-05 9.9964E-05 9.9964E-05 9.9964E-05 0.139774 0.0413702
9.9982E-05 9.9982E-05 0.270173 0.420865 0.125698 0.029166 0.0335628 0.03302 0.0873149
9.9973E-05 9.9973E-05 0.325031 0.188136 0.00013646 0.0999414 9.9973E-05 0.155911 0.230545
0.0559247 0.0678767 9.9991E-05 0.162288 0.49984 0.0367687 0.0573805 0.0344403 0.0853811
0.0938449 9.9964E-05 0.0783328 0.116748 0.616936 0.0937385 9.9964E-05 9.9964E-05 9.9964E-05
0.0464528 0.0485752 9.9991E-05 0.051296 0.648557 0.0417021 0.00953439 0.0659263 0.0878558
0.0402432 9.9982E-05 0.239484 0.335241 0.203883 0.0781073 9.9982E-05 0.0773286 0.0255134
9.9982E-05 0.00092648 0.0767991 0.188216 0.553303 0.066555 9.9982E-05 0.0155076 0.0984935
0.0601804 0.065266 0.0417679 0.080189 0.499279 0.0459058 0.0528276 0.0599754 0.0946085
0.107281 0.0628797 0.0988632 0.193936 0.378863 0.0250632 0.00843088 9.9991E-05 0.124583
0.116207 0.0164697 0.122745 0.326104 0.104641 0.0195952 0.0215884 0.182097 0.0905526
9.9982E-05 0.0161441 0.141663 0.122875 0.620422 0.0421608 9.9982E-05 0.0521256 0.00440939
0.0162068 9.9982E-05 0.034926 0.20504 0.477754 0.0748006 0.0157872 0.175285 9.9982E-05
9.9982E-05 0.0679986 0.288909 0.423824 0.00335327 0.00642743 9.9982E-05 0.0778339 0.131454
9.9964E-05 0.0203916 0.137077 0.179314 0.571209 9.9964E-05 9.9964E-05 0.091608 9.9964E-05
9.9982E-05 9.9982E-05 0.0727072 0.0271523 0.55077 0.0780391 0.0710761 0.0910718 0.108983
0.0646327 0.0150765 9.9991E-05 0.230463 0.519298 0.027427 0.0589411 0.0620602 0.0220021
9.9982E-05 0.0273997 0.224507 0.215668 0.307471 0.0609294 9.9982E-05 0.136236 0.0275894
9.9982E-05 0.0360162 0.0516686 0.0837187 0.517426 0.0718476 9.9982E-05 0.065177 0.173946
0.0311261 0.043817 0.0764368 0.111501 0.555772 0.109444 0.0717021 9.9982E-05 9.9982E-05
9.9973E-05 0.0494005 0.197995 0.311134 0.224184 0.0952587 9.9973E-05 0.121728 9.9973E-05
9.9964E-05 0.0159319 0.401141 0.0520166 0.501899 9.9964E-05 9.9964E-05 0.0286124 9.9964E-05
9.9955E-05 0.051443 0.654905 0.113212 0.17994 9.9955E-05 9.9955E-05 9.9955E-05 9.9955E-05
0.0320989 9.9973E-05 0.100604 0.142505 0.549947 9.9973E-05 0.0360778 0.138467 9.9973E-05
9.9955E-05 9.9955E-05 0.854873 9.9955E-05 9.9955E-05 0.0304072 9.9955E-05 0.0743895 0.0398305
9.9946E-05 9.9946E-05 0.798067 9.9946E-05 9.9946E-05 0.0797696 9.9946E-05 9.9946E-05 0.121564
9.9955E-05 9.9955E-05 0.6536 9.9955E-05 0.2947 0.0328457 9.9955E-05 9.9955E-05 0.0183553
0.0111577 0.0447368 0.472435 0.0601717 0.376853 9.9973E-05 9.9973E-05 9.9973E-05 0.0343452
0.105089 0.0284362 0.159912 0.0852247 0.456931 0.0539097 0.0426811 0.0388454 0.0289699
9.9982E-05 0.0484044 0.432246 0.0401863 0.412916 9.9982E-05 0.00228013 0.0579353 0.00583188
0.0662441 0.0130939 0.604326 0.128653 0.159064 9.9973E-05 0.0283188 9.9973E-05 9.9973E-05
0.0623167 9.9955E-05 0.537779 0.20836 0.191045 9.9955E-05 9.9955E-05 9.9955E-05 9.9955E-05
0.0869059 9.9982E-05 0.12759 0.0638384 0.611349 9.9982E-05 0.0198819 0.024181 0.0660542
0.0240467 0.00938515 0.549166 0.0816315 0.277793 9.9982E-05 0.0124461 9.9982E-05 0.0453315
0.0236657 0.019012 0.514967 0.023722 0.296485 9.9982E-05 0.0874784 9.9982E-05 0.0344703
0.010261 0.00449464 0.578901 9.9973E-05 0.358845 0.0105918 9.9973E-05 0.0366062 9.9973E-05
9.9964E-05 9.9964E-05 0.679686 9.9964E-05 9.9964E-05 0.158974 0.0154003 0.106351 0.0391884
9.9973E-05 0.0193255 0.270329 0.0455134 0.586339 0.000920808 9.9973E-05 9.9973E-05 0.0772715
0.780707 0.0512599 9.9973E-05 0.0273773 0.0980532 0.00999751 0.0323056 9.9973E-05 9.9973E-05
0.786337 0.131926 9.9946E-05 9.9946E-05 0.0811378 9.9946E-05 9.9946E-05 9.9946E-05 9.9946E-05
0.763422 0.0956059 9.9964E-05 9.9964E-05 0.0686082 9.9964E-05 0.047991 0.0239734 9.9964E-05
0.779826 0.133486 9.9955E-05 9.9955E-05 0.0375656 9.9955E-05 9.9955E-05 0.0486225 9.9955E-05
0.71244 0.112082 0.0224845 9.9973E-05 0.0800207 9.9973E-05 0.0152661 0.0574066 9.9973E-05
0.788966 0.0845904 9.9964E-05 9.9964E-05 0.066419 9.9964E-05 0.00777569 0.0518492 9.9964E-05
0.840127 0.0739287 9.9964E-05 9.9964E-05 0.0469367 9.9964E-05 0.0243488 9.9964E-05 0.0142586
0.0625982 0.0418908 0.211888 0.0289356 0.505373 0.0333871 0.0648642 0.0509636 9.9991E-05
0.0631983 0.0265056 0.12216 0.164622 0.460135 0.0596256 0.103553 9.9982E-05 9.9982E-05
0.0574768 9.9964E-05 0.851866 0.0706218 0.00523882 0.0143964 9.9964E-05 9.9964E-05 9.9964E-05
0.114547 9.9973E-05 0.217332 9.9973E-05 0.556898 0.00373367 9.9973E-05 0.0599376 0.0472516
0.0412328 9.9973E-05 0.317621 0.129777 0.385371 9.9973E-05 0.0614673 9.9973E-05 0.0642296
0.0662938 9.9973E-05 0.231114 9.9973E-05 0.625593 0.0381962 9.9973E-05 0.0171469 0.0213563
9.9964E-05 0.0306834 0.315345 9.9964E-05 0.533824 9.9964E-05 0.0332674 9.9964E-05 0.0864799
0.0201296 0.0286807 0.403033 9.9982E-05 0.367698 0.0511152 0.12529 0.00385422 9.9982E-05
0.094456 9.9946E-05 0.693641 0.211303 9.9946E-05 9.9946E-05 9.9946E-05 9.9946E-05 9.9946E-05
0.142019 0.0238394 0.166344 0.0235674 0.54327 9.9982E-05 0.056491 0.0442691 9.9982E-05
0.0377972 9.9982E-05 0.194563 0.0495429 0.53803 0.01283 9.9982E-05 0.0465292 0.120509
0.0732559 0.0526312 0.127155 0.0898872 0.526345 0.0109025 0.0349868 0.0389075 0.0459285
9.9973E-05 0.0367235 0.606348 9.9973E-05 0.199967 9.9973E-05 0.049445 0.0460404 0.0611759
0.016934 0.03728 0.39921 9.9982E-05 0.419957 0.0102766 0.034629 9.9982E-05 0.0815126
0.0054959 0.0542499 0.422254 0.0640439 0.410727 9.9973E-05 9.9973E-05 9.9973E-05 0.0429294
9.9946E-05 9.9946E-05 0.644786 9.9946E-05 0.162737 9.9946E-05 0.191877 9.9946E-05 9.9946E-05
0.0807036 9.9955E-05 0.441638 0.0995698 0.377588 9.9955E-05 9.9955E-05 9.9955E-05 9.9955E-05
0.0347885 0.0300269 0.121736 0.114003 0.547776 0.0809867 0.00254366 0.0464375 0.0217014
0.00279262 9.9973E-05 0.116795 0.284628 0.252255 0.239196 9.9973E-05 0.104034 9.9973E-05
0.0577369 0.0452181 9.9982E-05 0.272405 0.383259 9.9982E-05 0.00696526 0.033876 0.200339
0.116089 0.0539464 9.9982E-05 0.127626 0.536061 0.0497372 0.0205512 9.9982E-05 0.0957886
0.0610452 9.9982E-05 0.127426 0.0814944 0.560133 0.0514939 0.113251 9.9982E-05 0.00495681
0.0468659 0.0673732 0.0164641 0.281423 0.448324 0.101577 9.9982E-05 9.9982E-05 0.037773
0.0255223 9.9973E-05 9.9973E-05 0.242921 0.577696 0.0583926 0.0419353 9.9973E-05 0.0532325
0.017254 9.9964E-05 9.9964E-05 0.359135 0.526512 0.0741607 9.9964E-05 9.9964E-05 0.0225381
0.0552358 0.00459084 0.148411 0.0738469 0.603017 0.0228659 9.9982E-05 0.091832 9.9982E-05
0.0697086 0.0308102 0.00270794 0.085163 0.567912 9.9982E-05 0.0347821 9.9982E-05 0.208716
9.9973E-05 0.0297961 0.0685755 0.199324 0.553917 9.9973E-05 9.9973E-05 0.0158586 0.132229
9.9982E-05 0.0164451 0.0524927 0.297063 0.504059 0.0501585 9.9982E-05 0.00774822 0.0718338
0.0179523 9.9982E-05 9.9982E-05 0.152914 0.516985 0.0763988 0.111382 0.0216523 0.102514
0.0995201 9.9982E-05 0.0500451 0.09285 0.5623 0.107148 0.0325925 9.9982E-05 0.0553443
9.9964E-05 9.9964E-05 0.116466 0.220622 0.475378 0.0743535 0.11278 9.9964E-05 9.9964E-05
9.9973E-05 0.042689 9.9973E-05 0.126965 0.616243 9.9973E-05 0.00098567 0.106822 0.105996
9.9973E-05 0.0606461 9.9973E-05 0.166025 0.549808 0.0608027 0.0839073 9.9973E-05 0.0785114
0.0467559 0.0398476 9.9982E-05 0.254068 0.387013 0.143688 9.9982E-05 0.114316 0.0141111
9.9991E-05 0.0245885 0.101582 0.0868667 0.607429 0.0424916 0.0135961 0.0335677 0.0897781
9.9973E-05 0.0202316 9.9973E-05 0.140688 0.641714 0.0829406 9.9973E-05 0.0420482 0.0720781
0.0272173 0.00474363 0.209379 0.367122 0.241502 0.0875823 0.0622536 9.9982E-05 9.9982E-05
9.9973E-05 9.9973E-05 0.142973 0.215719 0.19755 0.237568 9.9973E-05 0.156992 0.048898
9.9982E-05 0.000878182 0.146194 0.166777 0.530913 9.9982E-05 0.0507138 0.0217355 0.0825884
9.9982E-05 9.9982E-05 0.204573 0.280965 0.075312 0.316289 0.027144 0.0936487 0.00186827
0.0448327 0.000520716 0.141486 0.402186 0.284208 0.105355 9.9982E-05 0.021212 9.9982E-05
0.0364127 9.9973E-05 0.236278 0.245979 0.429081 0.00601083 9.9973E-05 9.9973E-05 0.0459379
0.0383598 0.0410144 0.11347 0.448976 0.35778 9.9964E-05 9.9964E-05 9.9964E-05 9.9964E-05
0.00996964 9.9982E-05 0.0340046 0.459772 0.312074 0.0822545 0.0131391 9.9982E-05 0.0885864
0.0185247 0.024269 0.0379412 0.138355 0.586348 0.0953521 0.0578301 9.9991E-05 0.0412798
0.123387 9.9982E-05 0.0540805 0.134507 0.62964 0.0161525 9.9982E-05 0.0287959 0.0132368
9.9964E-05 0.0539546 0.130084 0.212412 0.528975 0.0741739 9.9964E-05 9.9964E-05 9.9964E-05
9.9964E-05 9.9964E-05 0.139561 0.311504 0.174345 0.119538 9.9964E-05 0.254652 9.9964E-05
0.139323 9.9991E-05 0.0615699 0.0470575 0.491723 0.0993747 0.00814611 0.0820333 0.0706728
0.00351358 9.9991E-05 0.0727657 0.0245036 0.389919 0.0866313 0.137204 0.0591431 0.226219
0.0711777 0.0299592 0.105828 0.0555523 9.9982E-05 0.13218 9.9982E-05 0.153458 0.451645
0.106797 0.00483462 0.0868747 9.9982E-05 0.656343 0.0359492 0.0426325 9.9982E-05 0.066369
0.0309797 0.0260661 0.214726 0.026921 0.283366 0.0623711 0.00453388 0.152983 0.198053
0.0329567 0.00876451 0.0984814 0.0568696 0.441631 0.0604527 0.0834321 0.18507 0.0323416
0.0382579 0.0168703 0.116295 0.10868 0.179139 0.0192296 9.9991E-05 0.166031 0.355398
0.0254587 0.0287136 0.111794 0.116044 0.0897045 0.113947 9.9991E-05 0.0297029 0.484535
0.0490957 0.0203202 0.0579664 0.068171 0.376222 0.173511 9.9991E-05 0.034239 0.220375
0.058209 0.0620493 0.0424055 0.0743959 0.393657 0.0455769 0.0763808 0.0768503 0.170475
0.100483 9.9982E-05 0.198697 0.174807 0.291241 9.9982E-05 0.122263 0.0405854 0.0717236
0.0220703 0.0215142 0.323579 0.0468993 9.9991E-05 0.072736 0.105495 0.22024 0.187367
0.103865 0.0364541 9.9982E-05 0.0312074 0.490142 0.0129037 0.0840736 9.9982E-05 0.241154
9.9973E-05 9.9973E-05 0.244017 0.000383425 0.241234 0.0990982 9.9973E-05 0.0838048 0.331163
9.9982E-05 9.9982E-05 0.169337 0.0617949 0.425279 0.0841824 0.0304466 0.0268672 0.201893
0.0962421 0.00802943 0.155231 0.0592431 0.44538 0.00045877 9.9991E-05 0.074769 0.160547
0.218283 0.0560835 0.082444 9.9982E-05 0.1143 9.9982E-05 0.219065 0.196522 0.113102
0.415231 0.0126565 9.9964E-05 9.9964E-05 9.9964E-05 9.9964E-05 0.0887011 0.356131 0.126881
0.250352 0.0349411 9.9973E-05 9.9973E-05 9.9973E-05 0.0258111 0.0508461 0.57795 0.0597992
0.227372 0.0304175 9.9982E-05 0.0445931 0.160433 9.9982E-05 0.210111 0.312927 0.0139465
9.9973E-05 0.00576335 0.0586454 9.9973E-05 0.574682 0.00979752 9.9973E-05 0.0249195 0.325892
0.0388387 9.9982E-05 0.04956 0.113185 0.514953 0.0674506 0.0835093 9.9982E-05 0.132303
9.9955E-05 0.00194519 9.9955E-05 0.0432869 0.293205 9.9955E-05 0.661063 9.9955E-05 9.9955E-05
9.9973E-05 0.0426539 0.0331469 0.0766474 0.36557 0.0944622 0.38722 9.9973E-05 9.9973E-05
0.0714312 0.0614411 0.00374804 0.0991311 0.427671 9.9982E-05 0.240826 0.0955521 9.9982E-05
9.9973E-05 9.9973E-05 0.0827868 9.9973E-05 0.235869 0.196749 0.0196959 0.000561069 0.464038
0.0442888 9.9991E-05 0.0899235 0.0728946 0.518314 0.000174241 0.0528093 0.0745276 0.146968
9.9964E-05 9.9964E-05 0.0535752 9.9964E-05 0.12267 0.113386 9.9964E-05 0.0848415 0.625127
9.9964E-05 9.9964E-05 0.0447982 9.9964E-05 0.53143 0.0547525 9.9964E-05 0.0521104 0.31651
0.0309498 9.9991E-05 0.137585 0.00466129 0.394852 0.125851 0.00754101 0.0250098 0.273449
9.9973E-05 9.9973E-05 0.0285263 9.9973E-05 0.43583 0.0612095 0.110975 0.0169724 0.346188
9.9964E-05 9.9964E-05 0.0958989 9.9964E-05 0.143237 0.217299 9.9964E-05 0.00343185 0.539734
0.0885329 9.9973E-05 9.9973E-05 9.9973E-05 0.615828 0.126105 0.0093939 0.0638393 0.0960008
0.0478241 9.9982E-05 0.159544 9.9982E-05 0.449326 0.0278103 0.0816912 0.0204133 0.213192
0.00507965 9.9955E-05 9.9955E-05 9.9955E-05 9.9955E-05 0.0381821 0.949097 9.9955E-05 0.00714114
9.9946E-05 9.9946E-05 9.9946E-05 9.9946E-05 0.0557854 9.9946E-05 0.91282 9.9946E-05 0.0307953
0.0327796 0.0247505 0.106271 0.0139025 0.251744 9.9982E-05 0.525494 9.9982E-05 0.0448594
9.9946E-05 9.9946E-05 9.9946E-05 9.9946E-05 0.267945 0.0650122 0.666443 9.9946E-05 9.9946E-05
0.00303072 9.9973E-05 0.0358888 0.0363294 0.0638955 9.9973E-05 0.836358 9.9973E-05 0.0241971
9.9937E-05 9.9937E-05 9.9937E-05 9.9937E-05 9.9937E-05 9.9937E-05 0.99713 0.00217068 9.9937E-05
9.9946E-05 9.9946E-05 9.9946E-05 9.9946E-05 9.9946E-05 0.049162 0.938781 0.0114575 9.9946E-05
0.00123953 9.9946E-05 9.9946E-05 9.9946E-05 0.149421 9.9946E-05 0.84874 9.9946E-05 9.9946E-05
9.9946E-05 9.9946E-05 0.0517214 0.0251927 9.9946E-05 9.9946E-05 0.922486 9.9946E-05 9.9946E-05
9.993E-05 9.993E-05 9.993E-05 9.993E-05 9.993E-05 9.993E-05 0.999201 9.993E-05 9.993E-05
9.9937E-05 0.0372439 9.9937E-05 9.9937E-05 9.9937E-05 9.9937E-05 0.962057 9.9937E-05 9.9937E-05
9.9955E-05 0.0989744 9.9955E-05 9.9955E-05 0.106226 0.046738 0.747562 9.9955E-05 9.9955E-05
9.9973E-05 0.0155463 0.00391566 0.0514284 0.0992775 9.9973E-05 0.772283 0.0572489 9.9973E-05
9.9946E-05 0.0176514 0.0472175 9.9946E-05 9.9946E-05 9.9946E-05 0.934531 9.9946E-05 9.9946E-05
9.9982E-05 9.9982E-05 0.0062987 0.164371 0.288652 0.0442503 0.367885 0.0672759 0.0610666
0.0216742 0.00423236 9.9973E-05 0.0764987 0.198652 9.9973E-05 0.628286 0.0703568 9.9973E-05
9.9964E-05 0.0138013 9.9964E-05 0.0226065 0.204547 9.9964E-05 0.678871 0.0797738 9.9964E-05
9.9955E-05 0.0110001 9.9955E-05 0.0867985 0.0559582 9.9955E-05 0.845744 9.9955E-05 9.9955E-05
9.9937E-05 9.9937E-05 9.9937E-05 9.9937E-05 0.00184156 9.9937E-05 0.997459 9.9937E-05 9.9937E-05
0.0243866 9.9955E-05 9.9955E-05 9.9955E-05 0.0446566 9.9955E-05 0.85656 0.0738967 9.9955E-05
9.9937E-05 0.0301125 9.9937E-05 9.9937E-05 9.9937E-05 9.9937E-05 0.969188 9.9937E-05 9.9937E-05
0.0172805 9.9973E-05 9.9973E-05 0.0735606 0.242149 0.0318024 0.592479 0.042428 9.9973E-05
0.000912394 0.042793 9.9973E-05 9.9973E-05 0.015668 0.0256482 0.902271 9.9973E-05 0.0124077
0.300491 9.9964E-05 0.0361103 9.9964E-05 9.9964E-05 0.0319546 9.9964E-05 0.154902 0.476142
0.153408 0.0161258 9.9982E-05 0.0640775 0.347936 9.9982E-05 0.0937845 0.0743563 0.250112
0.258646 0.0296428 9.9973E-05 0.00835522 0.376324 9.9973E-05 0.0430466 9.9973E-05 0.283686
0.0807819 0.0751828 9.9982E-05 9.9982E-05 0.0839304 0.0603561 0.104097 0.195566 0.399885
0.0792314 0.0469672 0.0517646 9.9991E-05 0.494142 0.034513 0.0197634 0.134543 0.138976
0.160887 0.0518875 0.0363275 9.9982E-05 0.0959066 9.9982E-05 0.0952983 0.168441 0.391052
0.12658 0.040932 9.9982E-05 0.00389133 0.51373 0.0682512 9.9982E-05 0.137574 0.108841
0.103005 0.000438492 0.0217564 9.9982E-05 0.198184 9.9982E-05 0.158112 0.10928 0.409025
0.0651659 0.0860672 0.0509443 9.9982E-05 0.338771 9.9982E-05 0.16779 0.0711968 0.219865
0.0811599 0.0434444 9.9973E-05 9.9973E-05 0.182844 9.9973E-05 0.166126 0.135282 0.390843
0.161157 0.0510348 0.0521054 9.9991E-05 0.519308 0.0136072 0.0220396 0.037728 0.14292
0.811002 9.9955E-05 9.9955E-05 0.0457564 0.0438919 9.9955E-05 9.9955E-05 9.9955E-05 0.0988501
0.80089 0.0995774 9.9964E-05 9.9964E-05 9.9964E-05 0.0235381 0.0384766 0.0371182 9.9964E-05
0.895114 0.0357194 9.9955E-05 0.0154868 9.9955E-05 9.9955E-05 9.9955E-05 0.0531805 9.9955E-05
0.929555 9.9964E-05 0.00824603 0.00190158 0.0417228 9.9964E-05 9.9964E-05 9.9964E-05 0.0181752
0.720849 0.102055 9.9955E-05 0.0477217 9.9955E-05 9.9955E-05 9.9955E-05 0.128875 9.9955E-05
0.799047 0.0506998 9.9964E-05 9.9964E-05 9.9964E-05 0.023915 0.0398697 0.0860687 9.9964E-05
0.781971 0.0783016 9.9964E-05 9.9964E-05 0.0185526 9.9964E-05 0.0823733 0.0384013 9.9964E-05
0.821498 0.0163866 0.0447708 0.0447984 0.00568181 9.9973E-05 9.9973E-05 0.0665641 9.9973E-05
0.864127 0.013646 0.0457077 9.9973E-05 0.0237258 9.9973E-05 0.00328706 0.0492069 9.9973E-05
0.810236 9.9955E-05 9.9955E-05 9.9955E-05 0.0283275 9.9955E-05 0.043617 0.11732 9.9955E-05
0.585207 0.0590204 0.0870244 0.210132 9.9973E-05 0.0466542 0.0116625 9.9973E-05 9.9973E-05
0.540824 0.0257609 0.084037 0.295223 9.9973E-05 0.00232405 9.9973E-05 0.0515308 9.9973E-05
0.449378 0.0662706 0.0302876 0.292608 9.9982E-05 0.068215 9.9982E-05 0.0878254 0.00521508
0.493228 9.9964E-05 0.127704 0.264077 9.9964E-05 0.032353 9.9964E-05 9.9964E-05 0.0822377
0.0622485 0.0624561 0.181347 0.0911246 0.548989 0.0535344 9.9973E-05 9.9973E-05 9.9973E-05
0.00769582 9.9973E-05 0.282935 0.0571354 0.425177 0.147015 0.079743 9.9973E-05 9.9973E-05
9.9973E-05 0.00194276 0.143695 0.127612 0.601692 0.0756666 9.9973E-05 9.9973E-05 0.0490917
9.9982E-05 0.0247057 0.195172 0.285706 0.373548 0.0230913 9.9982E-05 0.0347584 0.0628191
0.00792033 0.000364896 0.159983 0.576249 0.218149 9.9982E-05 0.0169415 9.9982E-05 0.0201929
0.0490759 0.000482408 0.195968 9.9991E-05 0.583825 0.0779123 0.0488867 0.0239776 0.0197714
9.9964E-05 9.9964E-05 0.288186 0.0654313 0.588838 0.0519585 9.9964E-05 0.00518618 9.9964E-05
9.9964E-05 9.9964E-05 0.284998 9.9964E-05 0.526157 0.10625 9.9964E-05 0.0476325 0.0345614
9.9973E-05 9.9973E-05 0.594068 0.00762896 0.281588 0.046204 0.0670614 9.9973E-05 0.00314951
0.00288282 9.9982E-05 0.174683 0.0677671 0.585314 9.9982E-05 0.00936693 0.0616094 0.0981767
0.0109954 9.9973E-05 0.425823 0.10154 0.398167 0.0547549 9.9973E-05 9.9973E-05 0.00842002
9.9946E-05 9.9946E-05 0.663449 0.102052 9.9946E-05 0.2339 9.9946E-05 9.9946E-05 9.9946E-05
0.0572769 0.00921986 0.201264 0.10965 0.484158 0.0205645 0.00253012 9.9991E-05 0.115237
9.9955E-05 9.9955E-05 0.533847 9.9955E-05 0.212377 0.140502 9.9955E-05 0.112774 9.9955E-05
9.9964E-05 0.0403031 0.392737 9.9964E-05 0.444909 0.10594 9.9964E-05 9.9964E-05 0.0157112
0.0393235 9.9973E-05 0.676902 0.172326 0.058948 0.00563077 9.9973E-05 0.0465696 9.9973E-05
0.136216 9.9946E-05 9.9946E-05 0.613345 9.9946E-05 9.9946E-05 9.9946E-05 9.9946E-05 0.24984
0.0934245 9.9955E-05 9.9955E-05 0.530635 0.0473635 9.9955E-05 9.9955E-05 9.9955E-05 0.328077
0.0143733 9.9946E-05 9.9946E-05 0.7035 9.9946E-05 9.9946E-05 9.9946E-05 9.9946E-05 0.281527
0.0895927 9.9955E-05 9.9955E-05 0.698839 9.9955E-05 0.0100772 9.9955E-05 9.9955E-05 0.200991
0.0308268 0.0143839 9.9964E-05 0.64882 9.9964E-05 9.9964E-05 0.0137785 9.9964E-05 0.291791
0.0930895 9.9973E-05 9.9973E-05 0.623706 0.0763146 0.00877356 0.00359493 9.9973E-05 0.194222
0.842794 0.0288348 9.9955E-05 9.9955E-05 0.111584 9.9955E-05 9.9955E-05 0.0162871 9.9955E-05
0.782139 0.0191428 9.9964E-05 0.0519729 0.110026 9.9964E-05 0.0363196 9.9964E-05 9.9964E-05
0.722464 0.0511738 9.9955E-05 9.9955E-05 0.126622 9.9955E-05 0.0992399 9.9955E-05 9.9955E-05
0.695267 0.0481016 9.9973E-05 0.049903 0.1072 9.9973E-05 0.0647467 0.0344815 9.9973E-05
0.79556 9.9955E-05 9.9955E-05 9.9955E-05 0.163806 9.9955E-05 0.0104927 0.0296412 9.9955E-05
0.353443 0.0298856 0.0162071 0.524848 9.9964E-05 9.9964E-05 9.9964E-05 9.9964E-05 0.0752162
0.458828 9.9964E-05 0.00139556 0.361294 9.9964E-05 0.0214805 9.9964E-05 9.9964E-05 0.156603
0.404507 0.0252484 0.00844109 0.406501 9.9973E-05 0.143114 9.9973E-05 0.0118886 9.9973E-05
9.993E-05 0.999201 9.993E-05 9.993E-05 9.993E-05 9.993E-05 9.993E-05 9.993E-05 9.993E-05
0.396658 0.0377455 0.0840341 0.481062 9.9955E-05 9.9955E-05 9.9955E-05 9.9955E-05 9.9955E-05
0.152919 9.9973E-05 9.9973E-05 9.9973E-05 0.282942 0.00555296 0.313314 0.186768 0.0582041
0.111158 0.0512057 9.9973E-05 0.0440997 0.503063 9.9973E-05 0.15289 0.137283 9.9973E-05
0.204418 0.0219187 9.9955E-05 9.9955E-05 0.501924 9.9955E-05 0.27124 9.9955E-05 9.9955E-05
0.240406 0.00512576 0.0662039 9.9982E-05 0.391383 9.9982E-05 0.110843 0.180081 0.00575835
0.120937 0.0286205 0.0399819 0.0506074 0.469886 0.126079 0.122967 0.00983913 0.0310824
0.335221 9.9964E-05 9.9964E-05 9.9964E-05 0.031753 9.9964E-05 0.253196 0.327306 0.0521239
0.0162015 9.9982E-05 0.09172 0.285623 0.470079 0.0922609 9.9982E-05 0.00150031 0.0424152
9.9973E-05 9.9973E-05 0.0643435 0.221465 0.386997 0.201743 9.9973E-05 0.0935163 0.0316348
0.0637476 0.0271273 0.0407871 0.465122 0.32922 0.0162598 9.9982E-05 0.0575366 9.9982E-05
9.9991E-05 0.00727306 0.117706 0.132798 0.365231 0.245691 0.0388266 0.0210901 0.0712851
9.9955E-05 9.9955E-05 0.235783 0.167419 9.9955E-05 0.368938 9.9955E-05 0.227359 9.9955E-05
9.9982E-05 0.0333014 0.0299928 0.106924 0.515263 0.0928472 9.9982E-05 0.217969 0.00350164
9.9982E-05 0.0560255 0.121566 0.188831 0.443094 0.135024 9.9982E-05 0.0030867 0.0521733
9.9973E-05 0.0246254 0.150006 0.323681 0.344012 0.0956019 9.9973E-05 0.0617748 9.9973E-05
0.0746529 9.9973E-05 0.134227 0.136549 0.541225 9.9973E-05 0.029954 0.0830913 9.9973E-05
9.9973E-05 9.9973E-05 0.348351 0.219702 0.0579026 0.0756589 9.9973E-05 0.228629 0.0694569
9.9973E-05 9.9973E-05 9.9973E-05 0.0967773 0.388409 0.280314 0.0047957 0.130635 0.0987693
9.9982E-05 0.0638519 0.0914208 0.272057 0.4891 0.017504 0.0459411 0.0199259 9.9982E-05
0.145096 9.9982E-05 0.139522 0.06655 0.394973 0.00632063 0.125891 0.121447 9.9982E-05
9.9973E-05 9.9973E-05 0.0974055 0.17731 0.430299 0.173543 9.9973E-05 0.108862 0.0122815
0.0464436 0.0185136 0.0627766 0.239467 0.44012 0.19238 9.9973E-05 9.9973E-05 9.9973E-05
9.9982E-05 9.9982E-05 0.0302476 0.108695 0.428768 0.205004 0.0762538 0.0257054 0.125126
0.00180947 9.9982E-05 0.134865 0.13523 0.518882 0.0864251 9.9982E-05 0.0306482 0.0919403
9.9973E-05 9.9973E-05 9.9973E-05 0.13304 0.661183 0.0668016 0.00600964 0.0760117 0.0566545
0.103645 0.0269409 0.0654836 0.104837 0.556117 0.0957248 0.0470506 9.9982E-05 9.9982E-05
0.034142 0.0317921 0.115301 0.0842981 0.563324 0.0521774 0.00593491 0.11293 9.9991E-05
0.784885 9.9955E-05 9.9955E-05 9.9955E-05 0.13015 0.0163931 0.0680723 9.9955E-05 9.9955E-05
0.816726 0.016882 0.0247065 9.9973E-05 0.0518302 0.0489551 0.0406003 9.9973E-05 9.9973E-05
0.76427 9.9991E-05 0.00764156 0.0570551 0.0617557 0.0501522 0.0166925 0.0211492 0.0211833
0.808763 0.00227135 0.0913105 0.00559863 9.9973E-05 0.0398924 0.0518639 9.9973E-05 9.9973E-05
0.767709 0.0602943 9.9973E-05 9.9973E-05 0.081878 0.0648575 0.0178186 9.9973E-05 0.00714303
9.9973E-05 0.000297204 0.104663 0.508749 0.247692 9.9973E-05 0.0243224 0.113976 9.9973E-05
0.0730032 9.9973E-05 9.9973E-05 0.12811 0.500199 0.171882 9.9973E-05 0.0616491 0.0648575
0.205177 9.9973E-05 9.9973E-05 9.9973E-05 0.405939 0.0208461 0.107946 0.0144187 0.245373
9.9973E-05 0.0700718 9.9973E-05 0.0890157 0.683937 0.01077 9.9973E-05 0.0803689 0.065537
0.049139 9.9973E-05 0.10162 0.196715 0.556491 0.0571014 9.9973E-05 0.0386339 9.9973E-05
9.9973E-05 9.9973E-05 0.0757366 0.2369 0.346528 0.0784003 9.9973E-05 0.228333 0.0338021
9.9964E-05 0.0643483 0.161294 0.551035 9.9964E-05 0.0244637 9.9964E-05 0.198459 9.9964E-05
0.0277385 0.0128627 0.0256516 0.330794 0.506959 0.0309018 0.0413269 9.9991E-05 0.0236654
0.0223207 0.0410652 0.031486 0.501912 0.178686 0.186195 9.9982E-05 0.0381349 9.9982E-05
0.139604 9.9982E-05 0.185133 0.123448 0.36612 0.0783002 0.07982 9.9982E-05 0.0273738
0.0894352 0.038733 0.112175 0.464856 0.0996914 0.13328 0.0262863 0.0354434 9.9991E-05
0.0651433 0.0590402 0.0270613 0.147282 0.633152 0.0613325 0.00678852 9.9982E-05 9.9982E-05
0.0544305 9.9982E-05 0.0954566 0.465682 0.203652 0.0473307 9.9982E-05 0.0724028 0.0608454
9.9982E-05 0.01599 0.131477 0.234168 0.291819 0.175813 0.0583652 0.0921679 9.9982E-05
9.9973E-05 9.9973E-05 9.9973E-05 0.10078 0.378488 0.166507 0.0336945 0.0687354 0.251496
9.9973E-05 0.00258135 9.9973E-05 0.0549938 0.189349 0.128232 9.9973E-05 0.042329 0.582215
0.0431355 0.014547 0.0756137 9.9973E-05 0.436908 9.9973E-05 0.00153415 9.9973E-05 0.427961
0.0971435 0.0534679 0.0436619 9.9991E-05 0.492739 0.0474502 0.0583235 0.0200088 0.187105
9.9964E-05 9.9964E-05 0.0532304 0.0692502 0.2346 0.0704024 9.9964E-05 9.9964E-05 0.572117
9.9991E-05 0.078831 0.0814797 0.023958 0.377232 0.145703 0.069706 0.0260755 0.196915
0.0648458 0.0112675 0.0496702 9.9991E-05 0.479218 0.165614 0.00934846 0.0366654 0.183271
9.9955E-05 9.9955E-05 0.126847 0.0452496 9.9955E-05 0.104378 9.9955E-05 9.9955E-05 0.723025
9.9964E-05 9.9964E-05 0.123488 9.9964E-05 0.138707 0.0720253 9.9964E-05 0.064118 0.601262
0.00821999 0.0434793 9.9973E-05 0.039965 0.357388 0.10812 9.9973E-05 9.9973E-05 0.442527
0.00232078 9.9982E-05 0.191472 0.0707422 0.00632221 0.0296439 9.9982E-05 0.0155576 0.683741
9.9964E-05 9.9964E-05 0.0802309 0.0761169 0.41066 9.9964E-05 9.9964E-05 0.0424438 0.390148
9.9955E-05 9.9955E-05 0.221367 0.499445 0.117165 9.9955E-05 9.9955E-05 0.161524 9.9955E-05
9.9973E-05 9.9973E-05 0.0736941 0.386084 0.187377 0.309292 0.0361272 0.00712516 9.9973E-05
9.9973E-05 9.9973E-05 0.108564 0.36146 0.308311 0.0695142 0.13494 0.0169108 9.9973E-05
0.0182064 9.9982E-05 0.0718801 0.137412 0.684726 9.9982E-05 0.0128011 0.0309885 0.0437856
9.9964E-05 9.9964E-05 0.242422 0.449673 0.272605 9.9964E-05 9.9964E-05 0.000186755 0.0347136
9.9982E-05 0.0465208 0.0241423 0.213699 0.441552 0.111873 0.0680587 0.0939547 9.9982E-05
9.9973E-05 0.0150763 0.0699992 0.231482 0.471849 9.9973E-05 0.105681 0.105613 9.9973E-05
0.0182745 9.9982E-05 9.9982E-05 0.270092 0.536297 0.0776778 0.0465283 0.0340098 0.0169207
0.0156903 9.9973E-05 0.109792 0.218001 0.473904 0.0844531 0.0978596 9.9973E-05 9.9973E-05
0.0347548 9.9964E-05 0.13769 0.285012 0.443305 9.9964E-05 9.9964E-05 9.9964E-05 0.098839
9.9973E-05 0.0149967 0.190695 0.515141 0.177667 0.0197497 0.0814515 9.9973E-05 9.9973E-05
9.9973E-05 9.9973E-05 0.106996 0.433707 0.299371 0.0371297 0.0995156 9.9973E-05 0.0229814
9.9973E-05 9.9973E-05 0.0612873 0.238348 0.57605 0.0515581 0.0355175 0.0369392 9.9973E-05
0.0458505 9.9982E-05 9.9982E-05 0.147739 0.629226 0.0573051 0.0262568 0.0723616 0.0210618
9.9973E-05 0.0743997 9.9973E-05 0.159057 0.474209 0.142119 9.9973E-05 0.115922 0.0339948
9.9964E-05 9.9964E-05 9.9964E-05 0.184395 0.512715 0.157222 0.0653455 0.0799218 9.9964E-05
0.0046902 0.0469897 9.9982E-05 0.36358 0.442662 0.0202257 9.9982E-05 0.0969124 0.0247404
0.0489224 9.9982E-05 0.0840829 0.180996 0.531573 0.0409382 0.0664387 0.0468496 9.9982E-05
0.0482112 0.0151908 0.109476 0.216456 0.479092 0.0173886 0.0595092 9.9991E-05 0.054576
0.00237374 0.018688 0.0241751 0.130153 0.393696 0.223228 0.186718 0.0208674 9.9991E-05
0.258348 0.0350359 0.0388162 0.019712 0.400034 9.9991E-05 0.100155 0.106631 0.041168
0.135452 0.0182218 0.0738806 9.9982E-05 0.47896 9.9982E-05 0.115693 0.141199 0.0363936
0.0784902 0.036182 0.0415989 0.0347765 0.506174 0.0352675 0.136328 0.0737057 0.057477
0.00762101 0.0177462 9.9982E-05 0.0890776 0.527478 0.0950922 0.153552 0.109233 9.9982E-05
0.12951 0.0466738 0.057367 0.0582326 0.425414 0.0587199 0.151481 0.0725017 9.9991E-05
9.9982E-05 0.0157187 9.9982E-05 0.124586 0.412651 0.211953 0.0590047 0.024058 0.151829
0.0703719 0.0408317 0.0301419 9.9991E-05 0.589145 0.0701023 0.0638204 0.121263 0.014224
0.107364 9.9964E-05 0.224572 9.9964E-05 9.9964E-05 9.9964E-05 0.0808809 0.44646 0.140323
0.0419797 0.030618 0.024439 0.154493 0.564165 0.016502 0.103907 0.0637965 9.9991E-05
0.0891543 0.0250704 0.0512357 0.0712468 0.469171 9.9991E-05 0.19659 0.048383 0.0490482
0.0991338 0.0124309 9.9982E-05 0.0111017 0.514752 0.105467 0.220082 0.0368331 9.9982E-05
0.0783043 0.0247504 0.184615 9.9982E-05 0.26024 9.9982E-05 0.139337 0.199938 0.112615
0.222382 0.0135854 0.00784347 0.0290288 0.629086 0.0257179 0.0162312 0.0560258 9.9991E-05
0.0434246 0.132228 0.00667605 9.9991E-05 0.508119 0.0219397 0.144325 0.0636486 0.0795394
0.272929 0.0853727 0.0145866 9.9973E-05 9.9973E-05 0.064176 0.119261 0.443374 9.9973E-05
0.0466897 0.115611 9.9973E-05 0.0594734 0.544854 9.9973E-05 0.102666 0.130407 9.9973E-05
0.144456 0.0333195 0.0196131 0.00195073 0.559027 0.0445201 0.125093 0.071921 9.9991E-05
0.0407682 0.0621521 0.0743627 9.9991E-05 0.565035 0.0981218 0.0754486 0.0560591 0.0279522
0.1236 9.9955E-05 9.9955E-05 9.9955E-05 0.606955 9.9955E-05 0.133154 0.135791 9.9955E-05
0.0768453 0.0607682 9.9982E-05 0.0698057 0.545549 9.9982E-05 0.0954861 0.0399206 0.111425
9.9982E-05 0.0242214 0.103303 0.0211843 0.421592 0.297029 0.0644434 9.9982E-05 0.0680276
0.0823007 9.9982E-05 0.0898746 0.0185341 0.411881 0.210377 0.0679857 9.9982E-05 0.118848
9.9955E-05 9.9955E-05 0.0860372 0.023276 9.9955E-05 0.855236 9.9955E-05 9.9955E-05 0.0349514
0.0167122 9.99549E-05 9.99549E-05 0.0448758 9.99549E-05 0.924143 9.99549E-05 9.99549E-05 0.0137694
0.0187508 0.0125363 0.114934 0.0150344 0.448436 0.290871 0.0992381 9.9982E-05 9.9982E-05
0.0920681 9.9973E-05 9.9973E-05 9.9973E-05 0.324356 0.104484 0.293203 0.149816 0.0357736
0.05122 0.0420344 0.0106248 9.9982E-05 0.202719 0.229313 0.332026 0.131863 9.9982E-05
0.103285 0.0273467 0.00402511 0.00896241 0.168847 0.156565 0.20394 0.209047 0.117982
0.143583 0.0474008 9.9973E-05 9.9973E-05 0.366699 0.177527 0.185894 0.0785961 9.9973E-05
0.073588 9.9973E-05 9.9973E-05 9.9973E-05 0.00390916 0.6613 0.0488594 0.113373 0.0986707
0.0315968 0.0466914 9.9973E-05 9.9973E-05 0.10875 0.633325 0.0591773 0.12016 9.9973E-05
9.9964E-05 0.046372 9.9964E-05 9.9964E-05 0.486182 0.314759 0.125583 0.0267045 9.9964E-05
0.0506073 9.9955E-05 9.9955E-05 9.9955E-05 0.400579 0.442141 0.106173 9.9955E-05 9.9955E-05
9.9964E-05 0.0520269 9.9964E-05 9.9964E-05 0.0512644 0.752251 0.125327 0.0187313 9.9964E-05
0.0784762 0.00146268 9.9982E-05 0.0799474 0.495051 0.260568 0.0794556 0.00483923 9.9982E-05
9.9973E-05 0.0359872 9.9973E-05 0.0130708 0.472208 0.376012 0.0955986 0.00682382 9.9973E-05
0.147034 9.9973E-05 9.9973E-05 0.0266684 0.406184 0.176434 0.108684 9.9973E-05 0.134695
9.9964E-05 9.9964E-05 0.0203638 0.0729112 0.291893 0.585954 9.9964E-05 9.9964E-05 0.0284782
9.9973E-05 0.0244144 0.0344746 0.0751026 0.251831 0.57524 9.9973E-05 9.9973E-05 0.0386379
0.0385475 0.0190415 0.0542702 0.0256451 0.53936 0.238628 9.9982E-05 9.9982E-05 0.0843077
0.118436 9.9982E-05 9.9982E-05 0.0376883 0.350504 0.300949 0.0444105 0.0128029 0.135009
0.0213878 9.9991E-05 0.184489 0.0309952 0.308678 0.132311 0.134305 0.0519333 0.1358
9.9964E-05 0.0108082 9.9964E-05 9.9964E-05 0.455506 0.410141 9.9964E-05 0.0246842 0.0984606
9.9955E-05 9.9955E-05 9.9955E-05 0.0706206 0.145444 0.756046 9.9955E-05 9.9955E-05 0.027389
0.0554617 9.9955E-05 0.0664439 9.9955E-05 0.558025 0.319569 9.9955E-05 9.9955E-05 9.9955E-05
9.99551E-05 9.99551E-05 0.086078 9.99551E-05 0.202356 0.709602 9.99551E-05 9.99551E-05 0.00146427
0.00127723 0.0312623 9.9964E-05 9.9964E-05 0.383984 0.524858 9.9964E-05 9.9964E-05 0.0582178
9.9982E-05 0.0460477 0.0503834 0.0345962 0.515474 0.199118 0.091307 9.9982E-05 0.0628738
9.9973E-05 0.0861257 0.077084 9.9973E-05 0.433601 0.364505 0.0141368 0.0242473 9.9973E-05
0.0779358 0.0684865 0.0782168 9.9982E-05 0.41701 9.9982E-05 0.180469 0.0696488 0.108032
0.0609026 0.0483034 9.9991E-05 0.129815 0.273423 0.192627 0.230172 0.0433388 0.0213178
0.0861861 0.0201025 9.9991E-05 0.0540225 0.347534 0.0785153 0.231015 0.125766 0.0567585
0.12903 0.0475343 9.9991E-05 0.0198154 0.246616 0.132979 0.247075 0.0260984 0.150752
0.175941 0.0228225 0.0873421 0.0981497 0.376361 0.049686 0.144599 9.9991E-05 0.0449989
0.0795426 0.0638865 9.9991E-05 0.0764361 0.34457 0.150424 0.160576 0.065416 0.0590486
0.171331 0.00502959 9.9973E-05 9.9973E-05 9.9973E-05 0.616775 0.116871 0.0661914 0.0235017
0.0621088 9.9973E-05 9.9973E-05 0.0296531 0.569561 0.0693322 0.190866 9.9973E-05 0.078179
0.303675 0.0146798 9.9964E-05 9.9964E-05 9.9964E-05 0.408123 0.0876284 0.185494 9.9964E-05
0.0792033 9.9955E-05 9.9955E-05 9.9955E-05 0.434548 0.27742 0.208329 9.9955E-05 9.9955E-05
9.9946E-05 9.9946E-05 0.206659 9.9946E-05 0.0185017 0.77424 9.9946E-05 9.9946E-05 9.9946E-05
0.00563564 9.9946E-05 0.0732393 9.9946E-05 9.9946E-05 0.920525 9.9946E-05 9.9946E-05 9.9946E-05
9.9955E-05 0.0226181 0.0937772 9.9955E-05 0.435165 0.44794 9.9955E-05 9.9955E-05 9.9955E-05
9.9946E-05 0.0574324 9.9946E-05 9.9946E-05 0.577879 0.364089 9.9946E-05 9.9946E-05 9.9946E-05
9.9946E-05 9.9946E-05 0.0920546 9.9946E-05 0.321306 0.58604 9.9946E-05 9.9946E-05 9.9946E-05
0.0271487 0.011332 0.0287454 9.9964E-05 0.449504 0.48287 9.9964E-05 9.9964E-05 9.9964E-05
9.9946E-05 9.9946E-05 9.9946E-05 0.00573971 0.549181 0.44448 9.9946E-05 9.9946E-05 9.9946E-05
0.705949 0.0758098 9.9973E-05 9.9973E-05 0.0467987 0.105272 0.0507668 9.9973E-05 0.015104
0.679919 0.0542347 9.9973E-05 0.0783323 9.9973E-05 0.0393352 0.110928 9.9973E-05 0.0369509
0.864557 0.0295506 9.9955E-05 0.0437929 9.9955E-05 9.9955E-05 0.0616 9.9955E-05 9.9955E-05
0.781793 0.133177 9.9955E-05 9.9955E-05 0.0722813 9.9955E-05 9.9955E-05 0.0122492 9.9955E-05
9.9973E-05 0.0223661 0.348679 0.110613 0.417289 0.0585199 0.0422325 9.9973E-05 9.9973E-05
0.0808727 9.9964E-05 0.442969 9.9964E-05 0.38951 9.9964E-05 0.0714319 0.0148164 9.9964E-05
9.9946E-05 0.0133069 0.49559 9.9946E-05 0.490504 9.9946E-05 9.9946E-05 9.9946E-05 9.9946E-05
0.0660326 0.0340259 0.308176 9.9964E-05 0.583387 9.9964E-05 9.9964E-05 9.9964E-05 0.00797875
0.0230545 9.9982E-05 0.22321 9.9982E-05 0.400219 0.040014 0.091637 0.0556447 0.166021
0.0151351 9.9973E-05 0.571058 0.0906961 0.203307 9.9973E-05 0.0172128 9.9973E-05 0.102292
0.00138935 0.0338958 0.350041 9.9964E-05 0.588158 9.9964E-05 0.0261156 9.9964E-05 9.9964E-05
9.9964E-05 0.00631602 0.531544 9.9964E-05 0.270923 0.0489301 9.9964E-05 9.9964E-05 0.141887
0.190073 0.00505781 9.9982E-05 9.9982E-05 0.426798 0.0492874 0.219761 0.0275442 0.0812779
9.9964E-05 9.9964E-05 0.401225 0.0583405 0.400634 0.0930473 9.9964E-05 0.0463532 9.9964E-05
9.9955E-05 0.0374924 0.59843 0.117185 0.246392 9.9955E-05 9.9955E-05 9.9955E-05 9.9955E-05
9.9964E-05 9.9964E-05 0.313775 0.0494987 0.512037 0.0858075 0.0384818 9.9964E-05 9.9964E-05
0.0331578 0.0275904 0.416397 0.0918837 0.370304 0.0603672 9.9973E-05 9.9973E-05 9.9973E-05
9.9964E-05 9.9964E-05 0.360841 9.9964E-05 0.497158 0.104933 0.0161826 9.9964E-05 0.0204854
0.0597491 0.0211797 0.281475 9.9991E-05 0.485499 0.0788485 0.0370741 0.0286517 0.00742274
9.99461E-05 9.99461E-05 0.89127 9.99461E-05 0.034814 0.0733169 9.99461E-05 9.99461E-05 9.99461E-05
0.00363669 9.9973E-05 0.531482 0.0135296 0.250071 0.0223037 9.9973E-05 9.9973E-05 0.178678
0.0124305 9.9973E-05 0.528211 0.0948958 0.29205 0.0143158 9.9973E-05 0.0577976 9.9973E-05
9.9946E-05 9.9946E-05 0.900847 9.9946E-05 9.9946E-05 0.0334173 9.9946E-05 0.0651358 9.9946E-05
0.0142625 0.0520956 0.414556 0.0647217 0.33265 0.0601989 0.0337756 0.0276396 9.9991E-05
9.9955E-05 9.9955E-05 0.72251 9.9955E-05 9.9955E-05 0.0422493 9.9955E-05 0.123088 0.111653
9.9955E-05 9.9955E-05 0.751515 0.00812005 9.9955E-05 0.0953842 9.9955E-05 0.144481 9.9955E-05
0.0233608 0.0170766 0.264334 9.9982E-05 0.476121 0.116678 0.0675964 0.0346335 9.9982E-05
0.0460645 0.00567287 0.60918 0.0912955 0.20078 0.0206511 9.9982E-05 9.9982E-05 0.0261553
9.9964E-05 9.9964E-05 0.386172 0.111686 0.390984 9.9964E-05 0.0979371 0.0128213 9.9964E-05
9.9973E-05 0.0622064 0.236434 0.0257334 0.534963 0.0802477 0.0601162 9.9973E-05 9.9973E-05
9.9958E-05 9.9958E-05 0.358667 0.0697759 0.556739 9.9958E-05 9.9958E-05 0.0143186 9.9958E-05
9.9973E-05 9.9973E-05 9.9973E-05 0.237568 0.408223 0.19358 0.0174521 0.102105 0.0407723
9.9973E-05 0.0253738 0.333149 0.039935 0.471717 0.0383574 0.091168 9.9973E-05 9.9973E-05
0.025388 0.0268681 0.329042 0.105146 0.493416 9.9982E-05 9.9982E-05 0.00646602 0.0134739
9.9955E-05 0.0114923 0.673613 9.9955E-05 0.278929 9.9955E-05 9.9955E-05 0.0354653 9.9955E-05
0.0255371 0.0474728 0.121857 0.013801 0.594786 0.00909676 0.0479492 0.0188449 0.120656
0.577222 0.0519267 0.0353349 0.229876 9.9982E-05 9.9982E-05 0.00356486 0.0166401 0.0852349
0.686554 0.0602794 0.0821438 0.0622742 0.0361202 9.9982E-05 9.9982E-05 0.0609351 0.0114937
0.676417 0.122092 9.9964E-05 0.116906 9.9964E-05 9.9964E-05 9.9964E-05 0.0821854 0.00199972
0.679731 0.0984982 9.9964E-05 0.128201 9.9964E-05 0.030101 9.9964E-05 0.0630679 9.9964E-05
0.630856 0.0596774 9.9955E-05 0.188806 9.9955E-05 9.9955E-05 9.9955E-05 9.9955E-05 0.120161
0.0464413 9.9964E-05 0.650827 0.158119 0.121083 9.9964E-05 0.0231287 9.9964E-05 9.9964E-05
0.0919376 0.00223698 0.678115 0.096586 0.110272 0.0205527 9.9973E-05 9.9973E-05 9.9973E-05
