9.9964E-05 0.84482 0.0344433 9.9964E-05 9.9964E-05 0.0693756 0.0298595 9.9964E-05 0.0211014
0.0148033 0.866844 0.0309117 9.9973E-05 0.0177758 0.0384395 9.9973E-05 9.9973E-05 0.0309257
9.9964E-05 0.732439 0.00719401 0.122552 9.9964E-05 0.0712097 9.9964E-05 9.9964E-05 0.0662051
9.9955E-05 0.725799 0.109043 9.9955E-05 9.9955E-05 0.0744252 0.0902324 9.9955E-05 9.9955E-05
0.047153 0.841936 9.9955E-05 0.0403441 9.9955E-05 9.9955E-05 0.0700673 9.9955E-05 9.9955E-05
9.9973E-05 0.546939 0.0319028 9.9973E-05 0.026046 0.0170055 0.0933977 0.284409 9.9973E-05
0.00421772 0.724619 0.0252983 9.9973E-05 9.9973E-05 0.0593047 0.0279632 0.158297 9.9973E-05
9.9964E-05 0.684174 0.0273329 9.9964E-05 9.9964E-05 0.0611449 0.00252919 0.224419 9.9964E-05
9.99639E-05 0.756311 0.0988704 9.99639E-05 0.0337419 0.0150734 9.99639E-05 9.99639E-05 0.0956032
0.0244594 0.632427 9.9973E-05 0.0392572 9.9973E-05 0.0538067 0.111729 0.138021 9.9973E-05
9.9946E-05 0.731015 0.0519393 9.9946E-05 9.9946E-05 9.9946E-05 9.9946E-05 0.216446 9.9946E-05
9.9964E-05 9.9964E-05 0.427489 0.158503 0.166521 9.9964E-05 0.106632 0.140455 9.9964E-05
0.10696 9.9991E-05 0.206977 0.516484 0.027935 0.0190953 0.0546709 0.0377239 0.0300542
0.0819477 0.00784656 0.417407 0.223193 0.0660031 0.0208261 0.0622862 9.9991E-05 0.120391
0.0489155 9.9991E-05 0.310264 0.234085 0.0950157 0.0404837 0.203407 0.0425661 0.025163
0.0691996 0.0689913 0.189692 0.353626 0.016366 0.0133519 0.103742 0.138613 0.0464176
0.056397 9.9973E-05 0.0772044 0.488901 9.9973E-05 0.0374365 0.115073 0.224688 9.9973E-05
9.9973E-05 9.9973E-05 0.202293 0.440636 0.0961863 0.0678581 0.0564362 0.13629 9.9973E-05
9.9982E-05 0.0310235 0.300565 0.322644 0.115639 0.0173131 0.0920274 9.9982E-05 0.120588
0.012708 0.0224644 0.564314 9.9973E-05 0.0463494 9.9973E-05 0.0692218 0.284643 9.9973E-05
9.9982E-05 0.00839125 0.23121 0.385466 0.211738 0.0623929 0.0234367 0.0771654 9.9982E-05
0.0892804 9.9991E-05 0.109085 0.37855 0.130961 0.0433438 0.0538996 0.0561692 0.138611
9.9973E-05 0.0558613 0.145609 0.591766 0.0748104 9.9973E-05 0.00328947 0.128365 9.9973E-05
9.9973E-05 9.9973E-05 0.355617 0.172097 0.168482 0.0160028 0.160136 0.127366 9.9973E-05
9.9982E-05 0.104045 0.0671438 0.557027 0.0376686 9.9982E-05 0.0690459 0.145713 0.0191569
9.9982E-05 0.0266782 0.223231 0.530408 0.0732646 0.0165348 0.063955 9.9982E-05 0.0657282
9.9973E-05 9.9973E-05 0.462958 0.136592 0.209237 0.0305378 0.113182 0.047193 9.9973E-05
9.999E-05 0.00241372 0.333084 0.177276 0.0949284 0.0110936 0.191836 0.104534 0.0847347
0.0757121 0.00725321 0.371108 0.226925 0.177991 9.9982E-05 0.0200987 0.120712 9.9982E-05
9.993E-05 9.993E-05 9.993E-05 9.993E-05 9.993E-05 0.999201 9.993E-05 9.993E-05 9.993E-05
9.993E-05 9.993E-05 9.993E-05 9.993E-05 9.993E-05 0.999201 9.993E-05 9.993E-05 9.993E-05
9.9982E-05 0.539461 0.02045 0.0801459 0.0278391 0.304793 0.0016591 9.9982E-05 0.0254515
9.9964E-05 0.534957 9.9964E-05 0.0936443 0.0540764 0.268598 0.0483248 9.9964E-05 9.9964E-05
0.0909031 9.9982E-05 0.026898 0.446946 0.242709 0.043568 0.0488192 0.0999562 9.9982E-05
9.999E-05 0.0577925 0.120505 0.489589 0.245027 0.00423464 0.00804306 0.00364508 0.0710639
0.0763679 9.9964E-05 9.9964E-05 0.440564 0.378873 0.0129569 0.0908378 9.9964E-05 9.9964E-05
0.0143547 0.0748166 0.5657 0.20338 0.102756 0.0386929 9.9973E-05 9.9973E-05 9.9973E-05
0.0981953 9.9973E-05 9.9973E-05 0.282576 0.530214 0.031469 0.00661742 9.9973E-05 0.0506291
0.0793311 0.030694 0.142052 0.494522 0.169092 0.053956 0.0164115 9.9991E-05 0.0138411
0.00974163 0.022937 9.9991E-05 0.605745 0.157325 0.0158356 0.0271237 0.105626 0.0555666
0.013106 0.0557922 0.0202273 0.436513 0.100242 0.0271288 0.0728044 0.274087 9.9991E-05
9.9973E-05 0.0687326 0.00151633 0.600259 0.137684 0.0752191 9.9973E-05 0.116289 9.9973E-05
9.9973E-05 0.0197709 0.132992 0.117861 0.703106 0.0182629 9.9973E-05 9.9973E-05 0.00770696
9.9964E-05 0.0173844 9.9964E-05 0.445933 0.0446824 9.9964E-05 0.104637 0.386963 9.9964E-05
0.106991 0.0896456 9.9982E-05 0.597772 0.110592 0.0297442 0.032662 0.0323936 9.9982E-05
9.9982E-05 0.116097 9.9982E-05 0.688598 0.00308506 0.0258461 0.0114405 0.0734359 0.081298
0.0927066 9.9955E-05 9.9955E-05 0.356813 0.530619 9.9955E-05 9.9955E-05 9.9955E-05 0.019362
0.0362099 0.0637607 9.9973E-05 0.550262 0.308667 0.0278085 9.9973E-05 9.9973E-05 0.0129918
0.0500915 0.120989 9.9964E-05 0.575564 0.252493 0.000462842 9.9964E-05 9.9964E-05 9.9964E-05
0.14309 0.0461384 9.9964E-05 9.9964E-05 0.618016 9.9964E-05 9.9964E-05 0.0260353 0.16632
0.0391296 9.9964E-05 0.446721 0.190701 0.208738 9.9964E-05 9.9964E-05 0.11431 9.9964E-05
0.121644 9.9973E-05 0.183035 0.0867449 0.237122 9.9973E-05 9.9973E-05 0.125777 0.245378
0.0544865 0.0416468 0.166866 0.532073 0.0789178 0.0196836 0.0301705 9.9991E-05 0.0760555
0.0696343 0.146917 9.9973E-05 0.483313 0.104595 9.9973E-05 0.0999242 0.0953168 9.9973E-05
0.00256562 0.0195032 0.0967777 0.636141 0.0525495 0.0133079 0.00521294 0.0710008 0.102941
0.0169718 0.0734669 0.33733 0.162286 0.30102 0.0266251 9.9991E-05 0.0809112 0.00128963
9.9964E-05 9.9964E-05 0.192473 0.6263 0.141271 9.9964E-05 9.9964E-05 0.0231057 0.0164508
9.9982E-05 0.0309621 0.11988 0.44728 0.141536 9.9982E-05 0.165755 0.0749359 0.0194507
0.0655127 0.0693986 0.211486 0.276843 0.178027 0.0354574 0.0405362 0.111464 0.0112746
9.999E-05 0.104775 0.351677 0.0875847 0.174361 0.0154185 0.0383208 0.0561477 0.171616
0.0408222 9.9973E-05 0.117027 0.50809 0.14882 0.0364194 9.9973E-05 9.9973E-05 0.148521
0.0369361 0.0693867 0.22049 0.444696 0.128314 9.9982E-05 0.00890483 9.9982E-05 0.0910718
0.0383622 9.9982E-05 0.500343 0.0274387 0.226782 0.0744291 9.9982E-05 0.0904173 0.0420282
0.0205099 9.9982E-05 0.309508 0.44726 0.101611 0.0117856 0.0676689 9.9982E-05 0.0414574
0.178717 0.0188016 0.0838535 0.561124 0.0432201 9.9991E-05 0.0834992 0.0280768 0.0026077
0.125545 0.0908341 0.155894 0.516289 0.0268777 0.0446602 9.9982E-05 9.9982E-05 0.0396996
0.0701576 0.0313918 0.203054 0.315669 0.225188 0.0295441 0.0130381 0.04746 0.0644976
0.00860538 9.9991E-05 0.191964 0.389935 0.172138 0.0552687 0.0416323 0.0277589 0.112598
0.123555 0.0118333 0.234445 0.533172 0.037564 0.0591304 9.9973E-05 9.9973E-05 9.9973E-05
0.0718469 9.9982E-05 0.365571 0.196854 0.219447 0.0445767 9.9982E-05 0.0763081 0.0251965
9.9955E-05 9.9955E-05 0.00777732 0.514559 0.45895 9.9955E-05 9.9955E-05 0.0182135 9.9955E-05
9.9964E-05 9.9964E-05 0.099875 0.104826 0.73636 0.0356808 9.9964E-05 0.022858 9.9964E-05
0.0860962 0.0378315 0.088789 0.524918 0.0397053 0.0373854 0.0432836 0.141891 9.9991E-05
0.0476288 9.9955E-05 9.9955E-05 9.9955E-05 0.843487 9.9955E-05 9.9955E-05 0.0294697 0.0789152
0.0288943 9.9946E-05 9.9946E-05 9.9946E-05 0.919275 9.9946E-05 9.9946E-05 9.9946E-05 0.0512315
9.99371E-05 9.99371E-05 9.99371E-05 0.271926 0.727374 9.99371E-05 9.99371E-05 9.99371E-05 9.99371E-05
9.9964E-05 0.0140531 0.0367342 0.398251 0.483199 0.0673628 9.9964E-05 9.9964E-05 9.9964E-05
9.9973E-05 0.0509852 0.0640376 0.596324 0.153612 0.0219721 9.9973E-05 9.9973E-05 0.112769
9.9974E-05 9.9974E-05 0.0803408 0.351882 0.503699 0.0117793 0.0403777 9.9974E-05 0.0116218
9.9973E-05 0.0134465 0.128144 0.0733026 0.746574 0.0248299 0.0134026 9.9973E-05 9.9973E-05
9.9964E-05 0.000682783 0.252735 0.229414 0.500835 0.0159332 9.9964E-05 9.9964E-05 9.9964E-05
0.0301346 0.0744647 0.0718356 0.436001 0.256742 0.0403529 0.0902693 9.9982E-05 9.9982E-05
9.9964E-05 0.0313513 0.0408476 0.19367 0.670013 9.9964E-05 0.0637186 9.9964E-05 9.9964E-05
9.9973E-05 0.0411376 0.0403086 0.34392 0.481332 0.0564697 9.9973E-05 0.0365324 9.9973E-05
0.0838251 0.00473463 9.9964E-05 0.307027 0.562253 9.9964E-05 9.9964E-05 9.9964E-05 0.0417604
0.140416 0.00590157 0.0153391 9.9982E-05 0.699702 9.9982E-05 0.00355244 0.058638 0.0762505
9.9973E-05 0.00624528 0.0359495 0.687949 0.105032 9.9973E-05 9.9973E-05 0.0873773 0.0771471
9.9964E-05 0.742832 0.0358719 0.0770989 9.9964E-05 0.0580283 0.0857691 9.9964E-05 9.9964E-05
9.9946E-05 0.828959 9.9946E-05 0.0926079 9.9946E-05 0.0778335 9.9946E-05 9.9946E-05 9.9946E-05
9.9973E-05 0.722044 0.00182404 0.0431936 9.9973E-05 0.110896 0.091925 9.9973E-05 0.0298169
9.9964E-05 0.809645 9.9964E-05 0.0114206 9.9964E-05 0.0616387 0.0335464 9.9964E-05 0.0833498
9.9964E-05 0.766039 9.9964E-05 0.0657304 9.9964E-05 0.0968258 0.0176872 9.9964E-05 0.0533179
9.9973E-05 0.824157 9.9973E-05 9.9973E-05 0.0173334 0.0534408 0.0415746 0.0310834 0.0321104
9.9955E-05 0.868407 9.9955E-05 0.054707 9.9955E-05 0.0417488 0.0346373 9.9955E-05 9.9955E-05
9.9973E-05 0.159132 0.00144514 0.587713 0.219483 0.014892 0.0170353 9.9973E-05 9.9973E-05
9.9973E-05 0.17282 0.0629717 0.617048 0.114021 0.00669101 0.0261483 9.9973E-05 9.9973E-05
0.104093 0.086721 0.075161 0.0114618 0.722164 9.9964E-05 9.9964E-05 9.9964E-05 9.9964E-05
9.9982E-05 0.146038 0.0163379 0.536526 0.183969 0.0116821 0.0390888 0.066158 9.9982E-05
9.9973E-05 0.0179456 0.0960765 0.342404 0.487403 0.00860396 0.0472669 9.9973E-05 9.9973E-05
0.109817 0.0686151 9.9982E-05 0.397815 0.286415 0.0266765 0.0969708 0.0134906 9.9982E-05
0.185883 0.0382264 9.9973E-05 0.477544 0.268488 0.00738035 9.9973E-05 0.0221777 9.9973E-05
0.0960462 0.00405237 9.9973E-05 0.412394 0.396811 0.0155824 0.074814 9.9973E-05 9.9973E-05
9.9946E-05 0.102084 0.184815 9.9946E-05 0.712502 9.9946E-05 9.9946E-05 9.9946E-05 9.9946E-05
0.0396478 0.0362425 0.0128449 0.513241 0.178115 0.034596 0.0181942 0.0386732 0.128446
0.0305612 0.0688593 0.0147453 0.622031 0.109056 0.0168809 0.0185118 0.119255 9.9991E-05
0.053022 0.106251 0.0620882 0.500058 0.173807 0.0646455 9.9982E-05 0.0399288 9.9982E-05
0.0552364 9.9973E-05 9.9973E-05 0.219754 0.504627 0.0622094 9.9973E-05 0.126851 0.0310221
0.0942427 0.0291089 9.9973E-05 0.497399 0.338816 9.9973E-05 0.0209359 0.0191982 9.9973E-05
9.9982E-05 9.9982E-05 0.130845 0.449836 0.312739 0.0470361 0.0163733 0.0187245 0.0242453
9.9964E-05 9.9964E-05 9.9964E-05 0.258862 0.580364 0.0226722 0.121946 0.0157554 9.9964E-05
9.9955E-05 0.0713326 0.0599492 0.430118 0.438101 9.9955E-05 9.9955E-05 9.9955E-05 9.9955E-05
9.9973E-05 0.0728635 0.112939 0.553312 0.094516 0.0447714 9.9973E-05 9.9973E-05 0.121298
0.236298 9.9973E-05 0.379735 0.174575 0.0148174 9.9973E-05 0.0135602 9.9973E-05 0.180715
9.9991E-05 0.0038686 0.350634 0.357242 0.00757412 0.0454663 0.0923787 0.123823 0.0189135
0.0506022 0.0737328 0.144787 0.535992 0.0507797 9.9991E-05 0.0564725 0.0852498 0.00228427
0.0553277 0.136405 0.113103 0.517261 0.119041 0.00509919 0.0535624 9.9982E-05 9.9982E-05
0.0174084 9.9973E-05 0.288706 0.512147 0.0307156 0.0848131 9.9973E-05 9.9973E-05 0.0659098
9.9982E-05 0.0475175 0.210926 0.598649 0.0240998 9.9982E-05 0.0299289 0.0370484 0.0516304
0.0967613 0.029396 0.340827 0.520529 9.9964E-05 9.9964E-05 9.9964E-05 9.9964E-05 0.0120866
0.103634 0.0815482 0.168045 0.578484 0.0301156 0.00737071 9.9982E-05 9.9982E-05 0.0306029
9.9973E-05 0.00358701 0.236344 0.52872 9.9973E-05 9.9973E-05 0.0422996 0.122717 0.0660324
9.9982E-05 9.9982E-05 0.14703 0.502159 0.142282 0.0538911 0.0650066 0.0722379 0.0171934
0.00611866 9.9973E-05 0.348107 0.556646 9.9973E-05 0.0245569 9.9973E-05 0.0536814 0.0105908
9.9964E-05 9.9964E-05 0.147911 0.621949 9.9964E-05 0.0363772 0.0127426 9.9964E-05 0.18062
0.0763673 0.0704023 0.113711 0.520039 0.0542097 9.9982E-05 0.0721963 0.0928751 9.9982E-05
0.0934291 9.9982E-05 0.268327 0.510299 0.047698 0.0194386 0.0438022 9.9982E-05 0.0168063
9.9973E-05 9.9973E-05 0.224868 0.496027 9.9973E-05 0.00534199 0.0845858 0.048394 0.140483
0.0527758 0.00105623 0.219804 0.53798 0.00438048 0.0255172 0.0847585 0.0736278 9.9991E-05
0.0871465 0.0413464 0.162148 0.436052 9.9982E-05 0.0217917 9.9982E-05 0.071117 0.180198
0.0699422 9.9964E-05 0.190529 0.546326 9.9964E-05 9.9964E-05 9.9964E-05 0.0504235 0.142379
0.0213293 9.9964E-05 0.158864 0.712179 9.9964E-05 0.0256858 9.9964E-05 9.9964E-05 0.0815428
0.0621456 0.00346753 0.425678 0.275217 0.125042 9.9982E-05 0.0645335 9.9982E-05 0.0437165
0.170491 9.9964E-05 0.304658 0.269359 0.050415 9.9964E-05 9.9964E-05 9.9964E-05 0.204677
0.0361758 0.0102439 0.203004 0.499439 9.9991E-05 0.054138 0.0411395 0.116402 0.0393589
0.346322 9.9964E-05 0.279452 0.10418 0.136832 9.9964E-05 9.9964E-05 9.9964E-05 0.132814
0.0488989 0.0327714 0.353457 0.262094 0.163923 9.9973E-05 9.9973E-05 0.138555 9.9973E-05
0.0556339 0.0370394 0.262882 0.506736 0.137308 9.9964E-05 9.9964E-05 9.9964E-05 9.9964E-05
0.00357336 0.0449571 0.348508 0.316334 0.244141 0.0413121 9.9982E-05 0.000973595 9.9982E-05
0.00457157 9.9973E-05 0.403131 0.326553 0.158337 9.9973E-05 0.0619707 0.0451365 9.9973E-05
0.0283526 0.0179148 0.075259 0.572028 0.0397707 0.0330292 0.0764707 0.157075 9.9991E-05
0.0403561 0.148621 0.0767236 0.536331 0.0623936 9.9991E-05 0.0745073 0.0262869 0.0346808
0.101495 0.045047 0.105685 0.568715 0.0804398 0.0401424 9.9991E-05 0.0431593 0.0152161
0.125969 9.9973E-05 0.310537 0.162479 0.219166 9.9973E-05 9.9973E-05 0.00859404 0.172955
0.0451472 0.109218 0.0367218 0.509706 0.15853 9.9991E-05 0.0518555 0.0161561 0.0725656
0.0509968 0.025758 0.0960091 0.535772 0.0930291 9.9991E-05 0.014191 0.136706 0.0474377
0.0884371 0.0824199 0.112961 9.9973E-05 0.243154 9.9973E-05 9.9973E-05 0.243042 0.229687
0.0536155 0.163037 9.9964E-05 0.654195 0.00807203 9.9964E-05 9.9964E-05 0.120681 9.9964E-05
0.10655 0.0740337 0.0542288 0.3975 0.152807 9.9991E-05 0.00754417 0.0455251 0.161712
0.0947343 0.0374454 0.125059 0.485295 0.040145 9.9991E-05 0.000804343 0.02063 0.195787
0.0754524 0.0137594 0.0626679 0.235926 0.151844 0.0166124 9.9991E-05 0.232784 0.210854
0.170463 0.0566392 0.139623 0.135627 0.0669182 0.00820395 9.9991E-05 0.348266 0.0741596
0.0975168 0.0309104 0.111624 0.395789 0.174741 9.9982E-05 9.9982E-05 0.152278 0.0369406
0.118687 0.144786 9.9973E-05 0.493088 0.0370796 9.9973E-05 0.0579076 0.148152 9.9973E-05
9.9982E-05 0.148325 0.084539 0.422593 0.185079 9.9982E-05 0.004144 0.0978864 0.0572335
0.161611 0.0551168 0.065932 9.9982E-05 0.269256 9.9982E-05 0.117445 0.207419 0.123021
9.9982E-05 0.011366 0.0929349 0.492011 0.138031 0.0377177 0.103062 0.124677 9.9982E-05
0.0274336 9.9973E-05 0.0522751 0.285079 0.190974 9.9973E-05 9.9973E-05 0.365875 0.078063
0.0481591 0.0164139 0.123857 0.493223 0.150366 9.9982E-05 9.9982E-05 0.0902423 0.0775391
0.134794 0.00316716 0.0634674 0.579761 9.9991E-05 0.0169581 0.00784351 0.0542008 0.139708
9.9982E-05 0.182142 9.9982E-05 0.14208 0.0479649 0.0634191 0.195822 0.147645 0.220728
9.9964E-05 0.357211 9.9964E-05 9.9964E-05 9.9964E-05 0.0541344 0.063036 0.112837 0.412382
0.0242745 0.260693 9.9973E-05 9.9973E-05 9.9973E-05 0.0289794 0.0621834 0.154703 0.468866
9.9973E-05 0.295945 9.9973E-05 0.109106 9.9973E-05 0.0187771 0.27398 0.0614673 0.240426
0.0355181 9.9964E-05 9.9964E-05 0.585888 0.0807929 9.9964E-05 9.9964E-05 0.274518 0.0228827
0.12421 0.0596979 0.0271488 0.501817 9.9982E-05 0.0467507 0.0672259 0.17295 9.9982E-05
9.99371E-05 9.99371E-05 9.99371E-05 0.339214 9.99371E-05 9.99371E-05 0.660086 9.99371E-05 9.99371E-05
0.00296652 9.9982E-05 0.107057 0.320187 0.063668 0.00591351 0.425854 9.9982E-05 0.0741535
0.0562576 0.113649 0.101857 0.276863 0.00860785 0.0179031 0.380223 0.0445391 9.9991E-05
0.22366 9.9973E-05 9.9973E-05 0.284706 0.0505855 0.015731 9.9973E-05 0.384517 0.0405009
0.0700999 0.0362403 0.00359693 0.464223 0.0154707 9.9991E-05 0.0998438 0.207787 0.102639
0.263674 9.9973E-05 9.9973E-05 0.0796724 0.0663368 9.9973E-05 0.0277507 0.484819 0.0774474
0.0555878 9.9973E-05 0.00218843 0.540559 0.152443 9.9973E-05 9.9973E-05 0.174484 0.0744375
0.206489 0.047624 0.0389808 0.441559 0.0792688 0.0005548 9.9991E-05 0.137712 0.0477115
0.102305 9.9964E-05 9.9964E-05 0.523922 9.9964E-05 9.9964E-05 0.049479 0.320515 0.00337957
0.204751 9.9964E-05 9.9964E-05 0.0902181 0.176987 9.9964E-05 9.9964E-05 0.374203 0.15344
9.9973E-05 0.0176567 9.9973E-05 0.499574 0.223078 9.9973E-05 0.091838 0.149421 0.0181315
0.0419213 0.090582 9.9991E-05 0.592211 0.0891597 0.0236748 0.0306045 0.113213 0.0185346
9.9937E-05 9.9937E-05 9.9937E-05 9.9937E-05 0.0149694 9.9937E-05 0.984331 9.9937E-05 9.9937E-05
0.0369851 9.9946E-05 9.9946E-05 0.0747727 9.9946E-05 9.9946E-05 0.887643 9.9946E-05 9.9946E-05
0.0211373 0.0970361 9.9982E-05 0.192693 0.0542019 0.0158752 0.598267 0.0205896 9.9982E-05
9.9955E-05 9.9955E-05 0.0125297 0.313144 9.9955E-05 0.0498255 0.624001 9.9955E-05 9.9955E-05
9.9955E-05 9.9955E-05 0.026067 0.0854398 9.9955E-05 9.9955E-05 0.857503 0.0304901 9.9955E-05
9.993E-05 9.993E-05 9.993E-05 9.993E-05 9.993E-05 9.993E-05 0.999201 9.993E-05 9.993E-05
0.050809 9.9946E-05 9.9946E-05 9.9946E-05 9.9946E-05 9.9946E-05 0.929366 9.9946E-05 0.019225
0.00595312 9.9946E-05 9.9946E-05 0.184973 9.9946E-05 9.9946E-05 0.808474 9.9946E-05 9.9946E-05
9.9937E-05 9.9937E-05 0.0353088 9.9937E-05 9.9937E-05 9.9937E-05 0.963992 9.9937E-05 9.9937E-05
9.9937E-05 9.9937E-05 9.9937E-05 9.9937E-05 9.9937E-05 0.00127741 0.998023 9.9937E-05 9.9937E-05
9.9937E-05 9.9937E-05 9.9937E-05 9.9937E-05 9.9937E-05 0.0108387 0.988462 9.9937E-05 9.9937E-05
9.9973E-05 9.9973E-05 0.0204947 0.0610174 0.0222305 0.059516 0.806795 0.0296467 9.9973E-05
9.9955E-05 9.9955E-05 0.0822766 0.111027 9.9955E-05 9.9955E-05 0.804267 9.9955E-05 0.00192946
9.9937E-05 9.9937E-05 9.9937E-05 9.9937E-05 0.0103088 9.9937E-05 0.988992 9.9937E-05 9.9937E-05
0.0223393 0.0380044 0.0843245 0.432333 0.0453215 9.9982E-05 0.314149 9.9982E-05 0.0633288
9.9964E-05 0.0779489 0.051097 0.220183 9.9964E-05 9.9964E-05 0.601627 0.0487443 9.9964E-05
9.9964E-05 0.0245194 9.9964E-05 0.142536 9.9964E-05 0.0526761 0.734288 0.045581 9.9964E-05
9.9955E-05 9.9955E-05 0.0368436 0.0532048 9.9955E-05 0.00792464 0.901527 9.9955E-05 9.9955E-05
0.00111202 0.00414303 9.9964E-05 0.0398953 9.9964E-05 9.9964E-05 0.930071 9.9964E-05 0.0243792
9.9964E-05 0.0283307 9.9964E-05 0.0582047 9.9964E-05 0.00968006 0.873157 9.9964E-05 0.0302272
9.9937E-05 9.9937E-05 9.9937E-05 9.9937E-05 9.9937E-05 0.03353 0.96577 9.9937E-05 9.9937E-05
0.00367336 0.049578 0.0842222 0.263123 9.99814E-05 0.000873306 0.59823 9.99814E-05 9.99814E-05
0.0190431 0.0232355 0.0529178 0.0020781 9.9964E-05 9.9964E-05 0.902326 9.9964E-05 9.9964E-05
0.0668651 0.232 9.9964E-05 9.9964E-05 9.9964E-05 9.9964E-05 0.0419078 0.471139 0.187688
9.9991E-05 0.055925 0.105825 0.294034 0.0485058 0.0468155 0.116651 0.264131 0.0680121
9.9964E-05 0.232228 9.9964E-05 0.363366 0.0319525 9.9964E-05 0.0425696 0.329484 9.9964E-05
9.9991E-05 0.00464623 0.0342489 0.0840851 0.0642317 0.0751813 0.0985113 0.360174 0.278822
9.9982E-05 0.0983793 0.096312 0.415268 9.9982E-05 0.0448135 0.074124 0.141258 0.129645
9.9982E-05 0.14039 9.9982E-05 0.135198 0.0886235 0.050098 0.0679268 0.291478 0.226086
0.015431 0.0957209 0.0754563 0.316083 0.0740956 9.9991E-05 0.168734 0.179438 0.0749404
9.9964E-05 0.0636254 9.9964E-05 0.263641 9.9964E-05 9.9964E-05 0.1366 0.379837 0.155896
0.121556 0.0321478 0.00154372 0.42764 0.00955024 0.0605762 0.108641 0.153116 0.0852301
9.9964E-05 9.9964E-05 9.9964E-05 0.281386 9.9964E-05 0.0355629 0.191163 0.280092 0.211397
9.9991E-05 0.20305 0.0947693 0.386399 0.0712735 0.019418 0.0179431 0.191351 0.0156969
9.9955E-05 0.809476 0.0487989 0.0712842 9.9955E-05 9.9955E-05 9.9955E-05 0.0699413 9.9955E-05
9.9955E-05 0.792361 9.9955E-05 9.9955E-05 9.9955E-05 0.100157 0.0467961 9.9955E-05 0.0601866
9.9964E-05 0.916966 0.0155714 9.9964E-05 0.00722619 0.0510099 9.9964E-05 9.9964E-05 0.00882666
9.9955E-05 0.911778 9.9955E-05 0.0469176 9.9955E-05 0.0302936 9.9955E-05 9.9955E-05 0.0105112
9.9973E-05 0.782821 0.0347546 0.021847 9.9973E-05 0.104848 0.0146446 9.9973E-05 0.0407845
9.9955E-05 0.756035 9.9955E-05 9.9955E-05 9.9955E-05 0.0757234 0.0538793 9.9955E-05 0.113863
9.9964E-05 0.810496 9.9964E-05 0.0476714 9.9964E-05 0.0565901 0.0547379 9.9964E-05 0.0301052
0.0344008 0.8541 9.9964E-05 0.0117108 9.9964E-05 0.0131328 9.9964E-05 9.9964E-05 0.0862557
9.9964E-05 0.855603 9.9964E-05 0.0235718 0.0274342 0.0277718 9.9964E-05 9.9964E-05 0.0652194
9.9964E-05 0.802493 9.9964E-05 0.0339913 9.9964E-05 0.0110035 0.0239534 9.9964E-05 0.128159
0.0527143 0.620332 0.226975 9.9964E-05 0.0894586 0.0101199 9.9964E-05 9.9964E-05 9.9964E-05
9.9964E-05 0.561436 0.292035 9.9964E-05 0.105733 0.0134768 9.9964E-05 9.9964E-05 0.0269206
0.0669409 0.456733 0.27804 9.9973E-05 0.0101522 0.0190107 9.9973E-05 9.9973E-05 0.168824
0.0527205 0.521661 0.311953 9.9964E-05 0.0828641 9.9964E-05 9.9964E-05 0.0304008 9.9964E-05
9.9973E-05 0.0167605 0.123301 0.48001 0.252135 0.0504703 9.9973E-05 9.9973E-05 0.077023
0.0555729 0.0678193 0.152185 0.484716 0.197924 0.0141291 0.00966655 0.0178876 9.9991E-05
9.9973E-05 0.0529804 0.142173 0.500222 0.209802 9.9973E-05 0.0252308 0.0692915 9.9973E-05
0.0611506 0.0214224 0.256283 0.418679 0.167366 0.00618217 9.9982E-05 9.9982E-05 0.0687167
9.9973E-05 9.9973E-05 0.556671 0.145418 0.165471 0.023098 0.0139093 0.0951328 9.9973E-05
0.0616257 0.101576 9.9973E-05 0.518352 0.269761 9.9973E-05 0.0400664 0.00832004 9.9973E-05
0.0138423 0.00699693 0.118549 0.626709 0.160092 0.0162446 9.9982E-05 9.9982E-05 0.0573665
0.000909063 9.9973E-05 0.0813802 0.53304 0.240523 9.9973E-05 9.9973E-05 0.0458242 0.0980236
0.0780355 9.9955E-05 9.9955E-05 0.322167 0.524484 9.9955E-05 0.0748136 9.9955E-05 9.9955E-05
0.0116797 0.0661502 0.101125 0.588216 0.143495 0.0301932 9.9991E-05 0.0335354 0.0255057
0.0337832 0.0268773 0.173377 0.358855 0.372822 0.0335125 9.9982E-05 0.000573694 9.9982E-05
0.201067 9.9964E-05 0.0743806 9.9964E-05 0.714378 0.00884928 9.9964E-05 0.000925625 9.9964E-05
0.072232 0.0480669 0.154705 0.49666 0.186746 9.9973E-05 0.0412913 9.9973E-05 9.9973E-05
0.108592 9.9973E-05 0.0307258 0.197111 0.487379 9.9973E-05 9.9973E-05 0.0787183 0.0971739
0.02321 9.9982E-05 9.9982E-05 0.492365 0.356846 0.0118397 0.0153515 0.0515559 0.0486324
9.9955E-05 0.0424838 0.167073 9.9955E-05 0.754205 9.9955E-05 0.0357384 9.9955E-05 9.9955E-05
9.9964E-05 0.103383 0.727085 9.9964E-05 0.0177953 9.9964E-05 9.9964E-05 0.111871 0.0394656
9.9955E-05 0.0829461 0.669539 0.0505229 9.9955E-05 9.9955E-05 9.9955E-05 0.196492 9.9955E-05
0.025789 9.9955E-05 0.79011 9.9955E-05 9.9955E-05 0.0299371 9.9955E-05 0.153664 9.9955E-05
0.0446383 0.156581 0.711714 9.9964E-05 0.014181 9.9964E-05 9.9964E-05 0.0724855 9.9964E-05
9.9955E-05 9.9955E-05 0.750806 9.9955E-05 9.9955E-05 0.0298367 0.0625627 0.156295 9.9955E-05
9.9973E-05 0.0297263 0.741546 9.9973E-05 9.9973E-05 0.00654647 0.101324 0.10632 0.0142366
9.9973E-05 0.824947 9.9973E-05 0.0679259 0.00282745 0.0485247 0.0310778 9.9973E-05 0.0243969
9.9964E-05 0.821068 0.0349163 0.104905 9.9964E-05 0.00967253 0.0290386 9.9964E-05 9.9964E-05
9.9973E-05 0.704405 0.00112655 0.0697252 9.9973E-05 0.0334439 0.11627 0.0747295 9.9973E-05
9.9964E-05 0.646761 0.0624695 9.9964E-05 9.9964E-05 0.0695772 0.142909 0.0778842 9.9964E-05
9.9973E-05 0.785684 0.00979438 0.0878037 9.9973E-05 0.0138638 0.0477292 0.0548246 9.9973E-05
9.9955E-05 0.347432 0.46136 9.9955E-05 9.9955E-05 0.0346502 9.9955E-05 0.156058 9.9955E-05
0.0740281 0.456614 0.323069 9.9964E-05 0.010193 9.9964E-05 9.9964E-05 0.135696 9.9964E-05
0.176079 0.413593 0.378541 9.9964E-05 0.01058 0.0208067 9.9964E-05 9.9964E-05 9.9964E-05
9.993E-05 9.993E-05 9.993E-05 9.993E-05 9.993E-05 0.999201 9.993E-05 9.993E-05 9.993E-05
0.0525409 0.357173 0.437765 9.9964E-05 9.9964E-05 0.0515543 9.9964E-05 0.100567 9.9964E-05
9.9955E-05 0.136047 9.9955E-05 0.360971 9.9955E-05 9.9955E-05 0.25522 9.9955E-05 0.247262
0.00788837 0.0778386 0.0654242 0.503055 9.9982E-05 9.9982E-05 0.19331 0.108915 0.0433682
9.9964E-05 0.176428 9.9964E-05 0.528078 9.9964E-05 0.052092 0.208874 9.9964E-05 0.0341287
9.9973E-05 0.214835 9.9973E-05 0.326098 0.0829415 9.9973E-05 0.212221 0.0239886 0.139616
9.9991E-05 0.103991 0.0563092 0.452422 0.0432938 0.00154379 0.150674 0.189722 0.00194394
9.9964E-05 0.351498 9.9964E-05 0.00887203 9.9964E-05 9.9964E-05 0.279069 0.0522338 0.307928
0.133193 0.0189889 0.328825 0.422902 0.0924176 9.9973E-05 9.9973E-05 9.9973E-05 0.00337357
0.128695 0.0330666 0.161474 0.311646 0.157951 9.9982E-05 9.9982E-05 0.126753 0.080214
0.0262896 0.0906533 0.481866 0.272469 0.0490893 0.0449205 9.9982E-05 0.0345126 9.9982E-05
0.287238 9.9964E-05 0.124776 0.483955 0.098127 9.9964E-05 9.9964E-05 9.9964E-05 0.00550454
0.371418 9.9964E-05 0.168348 9.9964E-05 0.258598 9.9964E-05 9.9964E-05 0.000729165 0.200508
0.0823519 0.0789396 0.135708 0.552847 0.0858504 0.0125238 0.000311852 9.9991E-05 0.0513672
0.167754 0.0236446 0.205055 0.521029 9.9982E-05 0.0147753 9.9982E-05 0.0496903 0.0178515
0.0218458 0.0466345 0.334576 0.364016 0.138014 0.0119979 9.9991E-05 0.0542182 0.0285975
0.026082 0.109795 0.0216613 0.545869 0.0591523 9.9991E-05 0.0667564 0.116829 0.0537546
0.0968831 9.9973E-05 0.257954 0.0895584 0.218794 9.9973E-05 9.9973E-05 0.141895 0.194615
0.128775 9.9964E-05 0.173156 0.496042 9.9964E-05 9.9964E-05 9.9964E-05 0.0280091 0.173619
0.0205046 9.9991E-05 0.256015 0.489188 0.112004 0.0177095 0.00495579 0.00665087 0.0928725
0.00684184 0.112678 0.0928053 0.301518 0.196123 9.9982E-05 0.196566 9.9982E-05 0.0932671
0.195964 9.9973E-05 0.221359 0.38966 0.064518 9.9973E-05 9.9973E-05 0.0354973 0.0927011
0.0542699 9.9964E-05 0.269418 0.481059 0.0922023 9.9964E-05 9.9964E-05 9.9964E-05 0.102651
0.137772 9.9982E-05 0.142041 0.486707 0.0611932 9.9982E-05 0.0508502 0.120686 0.000551014
0.0772615 0.0663372 0.154052 0.462942 0.219968 9.9973E-05 9.9973E-05 0.0191387 9.9973E-05
0.113067 9.9973E-05 0.121806 0.586968 0.0542056 9.9973E-05 0.062921 9.9973E-05 0.0607332
0.0320219 0.100048 0.206304 0.533104 0.0712695 0.0569524 9.9973E-05 9.9973E-05 9.9973E-05
0.0668258 0.0673639 0.178682 0.485973 0.0936893 9.9982E-05 0.0561061 9.9982E-05 0.0511606
9.9946E-05 0.769548 9.9946E-05 0.141864 9.9946E-05 9.9946E-05 0.0879883 9.9946E-05 9.9946E-05
9.9964E-05 0.820414 9.9964E-05 0.0774275 0.0388084 0.0026262 0.0603241 9.9964E-05 9.9964E-05
0.0142387 0.738573 0.0641323 0.0605412 0.0329785 9.9991E-05 0.00690688 0.0450908 0.0374382
0.0313978 0.794289 9.9955E-05 9.9955E-05 0.0951071 9.9955E-05 0.0787065 9.9955E-05 9.9955E-05
9.9955E-05 0.806813 9.9955E-05 0.139545 9.9955E-05 0.023812 9.9955E-05 0.0293297 9.9955E-05
9.9982E-05 9.9982E-05 0.580156 0.180766 0.0917774 0.00246638 0.0349939 0.0317162 0.0779243
0.0581017 9.9973E-05 0.12519 0.557057 0.120633 0.0153554 9.9973E-05 9.9973E-05 0.123362
0.00191147 0.228282 9.9982E-05 0.434399 0.0926993 9.9982E-05 0.0978203 0.0853443 0.0593438
0.0331538 0.00414759 0.169995 0.638189 0.0744146 0.0402196 0.0221519 0.0176286 9.9991E-05
9.9964E-05 0.0647962 0.287312 0.504153 0.0816367 9.9964E-05 9.9964E-05 9.9964E-05 0.0617027
0.129908 9.9955E-05 0.321238 0.340461 9.9955E-05 9.9955E-05 9.9955E-05 9.9955E-05 0.207893
9.9964E-05 0.0430178 0.606429 9.9964E-05 0.166114 0.0393575 9.9964E-05 9.9964E-05 0.144682
0.0643019 9.9973E-05 0.316121 0.44212 0.0856702 0.0311928 0.0602944 9.9973E-05 9.9973E-05
0.252786 0.0853627 0.414247 0.11318 0.0628115 9.9982E-05 0.0483718 0.0230409 9.9982E-05
0.0787393 0.0378841 0.192967 0.413109 0.131892 9.9991E-05 0.021692 0.00868152 0.114934
0.0541457 0.060408 0.489182 0.0856129 0.130083 9.9982E-05 0.0770562 9.9982E-05 0.103312
0.0144152 0.0821604 0.17537 0.628611 9.9991E-05 0.000254014 0.0298764 0.00536242 0.06385
0.0885671 0.0271934 0.39617 0.172669 0.188887 0.0358292 9.9982E-05 9.9982E-05 0.0904845
0.124677 9.9991E-05 0.248657 0.346726 0.11534 0.0088843 0.0528223 0.0553557 0.0474382
0.178026 0.0592006 9.9982E-05 0.407782 9.9982E-05 0.0116944 0.0460536 0.27112 0.0259237
0.079051 9.9955E-05 0.0521335 0.188875 9.9955E-05 9.9955E-05 9.9955E-05 0.679441 9.9955E-05
0.00943543 0.0967496 9.9973E-05 0.451639 0.0604505 0.0105105 9.9973E-05 0.370915 9.9973E-05
0.0361173 0.121814 9.9982E-05 0.473766 0.0700348 0.0638056 0.064024 0.170238 9.9982E-05
0.13652 9.9973E-05 0.053479 0.264851 0.0627257 9.9973E-05 9.9973E-05 0.45567 0.0264541
0.0254731 0.0173219 0.0482912 0.393528 0.152489 0.0169662 0.0697023 0.182142 0.0940861
0.110161 0.0114953 0.0309137 0.48348 0.0627985 0.0596111 9.9991E-05 0.185985 0.0554564
0.218952 9.9964E-05 0.0371498 9.9964E-05 0.188702 9.9964E-05 9.9964E-05 0.538873 0.0159231
0.166469 9.9964E-05 9.9964E-05 0.157825 0.0446162 9.9964E-05 9.9964E-05 0.507386 0.123304
0.194359 0.00578255 0.0742231 0.431912 9.9973E-05 0.0275983 9.9973E-05 0.265825 9.9973E-05
0.159768 9.9982E-05 0.0626815 0.0573109 0.200624 0.00281295 9.9982E-05 0.473561 0.0430418
9.9973E-05 0.048273 0.0476076 0.418987 0.105794 9.9973E-05 9.9973E-05 0.344438 0.0345998
0.0519105 9.9964E-05 0.535312 0.180903 0.129798 9.9964E-05 9.9964E-05 9.9964E-05 0.101677
0.309941 9.9964E-05 0.299944 0.270125 0.0449991 9.9964E-05 9.9964E-05 9.9964E-05 0.0745917
0.0422714 0.0193436 0.526248 0.341011 0.0200335 9.9982E-05 0.0360648 9.9982E-05 0.0148277
9.9955E-05 9.9955E-05 0.194103 0.665252 9.9955E-05 0.0418232 9.9955E-05 9.9955E-05 0.0983228
9.9955E-05 9.9955E-05 0.473252 0.240437 0.267586 9.9955E-05 9.9955E-05 9.9955E-05 0.0182247
0.179092 9.9973E-05 0.105429 0.532267 9.9973E-05 9.9973E-05 0.0343822 0.018454 0.130075
0.0171149 0.0420093 0.195911 0.562758 0.0444631 9.9982E-05 0.0264738 9.9982E-05 0.11107
9.9973E-05 0.00105388 0.181719 0.558413 0.137405 0.0557709 9.9973E-05 9.9973E-05 0.0653377
0.0629729 0.015236 0.255498 0.422087 0.111904 0.0438173 0.0389756 9.9991E-05 0.0494097
9.9973E-05 0.00443901 0.345184 0.45992 0.126401 0.049906 9.9973E-05 0.0138496 9.9973E-05
9.9973E-05 9.9973E-05 0.501134 0.218748 0.196048 0.00115404 0.0798588 9.9973E-05 0.00275759
0.02535 9.9982E-05 0.483386 0.350788 0.014123 0.00302402 0.0803612 0.042768 9.9982E-05
0.2018 9.9964E-05 0.191452 0.560707 9.9964E-05 9.9964E-05 0.0288311 0.0168096 9.9964E-05
0.0643478 9.9973E-05 0.192997 0.631462 9.9973E-05 0.0459899 0.00327013 9.9973E-05 0.0616332
0.0630502 9.9973E-05 0.276524 0.423612 0.0785221 9.9973E-05 9.9973E-05 0.0159169 0.142074
0.0788456 9.9973E-05 0.257676 0.554331 0.0179658 9.9973E-05 0.0100071 9.9973E-05 0.0808741
9.9964E-05 9.9964E-05 0.424068 0.371771 9.9964E-05 9.9964E-05 0.037443 0.0292756 0.137042
0.0494804 9.9982E-05 0.214661 0.614505 0.0156706 0.0399589 9.9982E-05 0.0153888 0.0501355
0.0895452 0.00369847 0.242373 0.378991 0.0724614 9.9982E-05 0.142696 0.0700345 9.9982E-05
0.130759 0.0715103 0.184051 0.421985 0.0547155 9.9991E-05 0.107469 0.0288518 0.000558592
9.9982E-05 0.280468 0.0617878 0.365692 9.9982E-05 0.0307102 0.121065 0.0414416 0.098636
0.0503084 0.0894535 9.9982E-05 0.415289 0.0653434 9.9982E-05 0.222193 0.0132612 0.143951
0.0629613 0.12675 0.00959263 0.488067 0.0585541 9.9982E-05 0.165992 9.9982E-05 0.0878831
0.0830756 0.00488501 0.0951167 0.52133 0.0745485 0.0533736 0.0873503 9.9991E-05 0.0802207
0.0981791 0.215841 9.9982E-05 0.48083 0.0138061 0.0219034 0.125828 9.9982E-05 0.0434124
0.216474 9.9973E-05 0.206064 0.425733 9.9973E-05 0.0133771 9.9973E-05 0.128941 0.00911105
9.9991E-05 0.0767962 0.124393 0.475845 0.123247 0.0475463 0.101131 0.0172719 0.033669
0.0449511 0.113565 9.9982E-05 0.0449571 0.190175 9.9982E-05 0.100064 0.108156 0.397932
0.0648734 0.0746036 0.0670569 0.482496 0.0308827 0.0404497 0.10153 0.058338 0.0797699
0.12914 0.118633 9.9973E-05 0.547263 0.0744135 0.0260365 0.104213 9.9973E-05 9.9973E-05
0.0195535 0.0378232 0.083184 0.544303 0.0445164 0.0401551 0.133752 0.0395653 0.0571469
0.117663 0.122669 0.175276 0.241709 9.9991E-05 0.0177552 0.129197 0.0426881 0.152943
9.9991E-05 0.149879 0.01653 0.476732 0.0224655 0.0388629 0.116051 0.0611225 0.118258
0.0651414 0.116824 9.9982E-05 0.49687 9.9982E-05 0.0360446 0.0962528 0.0664686 0.122199
9.9964E-05 0.294805 9.9964E-05 9.9964E-05 0.0490205 0.0363172 0.117419 9.9964E-05 0.502038
9.9991E-05 0.0866253 0.00826057 0.437792 0.0602499 0.0722105 0.225527 0.0865043 0.02273
0.00224399 0.0748897 9.9982E-05 0.56089 0.0255127 0.0155725 0.193119 9.9982E-05 0.127572
0.0280143 0.116893 0.0377792 0.504217 0.0982876 0.0154065 0.102653 0.0670664 0.0296835
9.9973E-05 0.156355 0.0110172 0.525784 0.0678864 9.9973E-05 0.0978024 9.9973E-05 0.140855
0.0891812 0.139029 9.9991E-05 0.401253 0.118007 0.043622 0.130956 0.0216425 0.0562091
0.334329 9.9982E-05 0.0675871 0.373998 0.114607 0.0482748 0.0583224 0.00268214 9.9982E-05
0.212948 0.0533499 9.9982E-05 0.474317 0.00666053 0.0334633 0.0661972 0.152864 9.9982E-05
0.767396 9.9955E-05 0.0340325 9.9955E-05 0.182923 9.9955E-05 9.9955E-05 0.0151487 9.9955E-05
0.883648 0.00652663 0.0688443 9.9964E-05 0.0279233 9.9964E-05 9.9964E-05 0.0126584 9.9964E-05
0.272041 0.0271276 0.0454922 0.451856 0.0320227 9.9982E-05 0.126946 9.9982E-05 0.0443148
0.0913697 0.0571403 0.0207502 0.337316 9.9982E-05 9.9982E-05 0.281103 0.108339 0.103781
0.188687 0.0284755 9.9964E-05 0.311885 9.9964E-05 9.9964E-05 0.281605 9.9964E-05 0.188947
0.165755 0.144085 9.9982E-05 0.209572 0.0403316 0.0039183 0.266773 9.9982E-05 0.169365
0.119995 0.125893 9.9973E-05 0.395298 9.9973E-05 0.0271865 0.205341 9.9973E-05 0.125986
0.675311 0.00730471 9.9964E-05 0.0271236 9.9964E-05 9.9964E-05 0.0732257 9.9964E-05 0.216636
0.614432 0.0565049 9.9973E-05 0.126213 9.9973E-05 0.037356 0.0353867 9.9973E-05 0.129807
0.364917 9.9964E-05 9.9964E-05 0.445554 9.9964E-05 0.0425383 0.132871 9.9964E-05 0.013719
0.460091 0.0584963 9.9964E-05 0.416508 9.9964E-05 0.00169436 0.0628108 9.9964E-05 9.9964E-05
0.739749 9.9955E-05 9.9955E-05 0.0852139 9.9955E-05 0.0462871 0.12825 9.9955E-05 9.9955E-05
0.316406 0.0479313 0.0422051 0.477639 9.9991E-05 0.0417642 0.0619594 0.00461714 0.00737806
0.262541 0.0493528 0.10546 0.44033 9.9964E-05 9.9964E-05 0.141917 9.9964E-05 9.9964E-05
0.156929 0.0602364 0.115435 0.350809 0.131939 0.0284092 0.156043 9.9982E-05 9.9982E-05
0.57548 0.026701 0.107349 0.260976 9.9964E-05 0.0290938 9.9964E-05 9.9964E-05 9.9964E-05
0.501083 9.9973E-05 0.0887405 0.347768 0.0225499 0.0387378 9.9973E-05 0.000820378 9.9973E-05
0.222236 9.9982E-05 0.0741593 0.476294 0.121109 9.9982E-05 0.00202197 0.0425242 0.0614552
0.383743 0.0141623 0.140942 0.367823 0.0159084 0.036171 0.0235573 0.0175935 9.9991E-05
0.181567 0.0475768 0.102431 0.411448 9.9982E-05 9.9982E-05 0.0419668 0.148798 0.0660119
0.475077 9.9946E-05 9.9946E-05 0.417138 9.9946E-05 9.9946E-05 9.9946E-05 0.107185 9.9946E-05
0.682107 0.00273717 0.0742555 0.240401 9.9955E-05 9.9955E-05 9.9955E-05 9.9955E-05 9.9955E-05
0.283629 0.0174028 9.9973E-05 0.49067 0.0791241 0.0154894 9.9973E-05 0.113385 9.9973E-05
0.667739 0.0142017 0.0482532 0.216077 0.0533293 9.9964E-05 9.9964E-05 9.9964E-05 9.9964E-05
0.490908 9.9973E-05 9.9973E-05 0.3696 0.00497408 0.0673729 0.0305694 0.0362759 9.9973E-05
0.265643 9.9982E-05 9.9982E-05 0.469729 0.0687569 0.123112 0.0404201 0.0222654 0.00987392
0.323963 0.00744627 0.0264654 0.504151 0.0613739 9.9991E-05 0.00162763 0.0439197 0.0309528
0.0510703 0.0620141 0.0888802 0.445463 9.9982E-05 0.0914178 0.207411 0.0535432 9.9982E-05
0.0583285 0.128371 0.100484 0.404991 9.9982E-05 0.0711891 0.133248 0.10319 9.9982E-05
9.9991E-05 0.0421076 0.0723389 0.402233 0.00325796 0.040103 0.180664 0.0747058 0.18449
0.0775608 0.101759 0.16378 0.32119 0.0290537 0.0215153 0.205201 0.00571726 0.0742223
0.0406079 0.125502 0.0685432 0.260859 0.172965 9.9991E-05 0.223661 0.0909779 0.0167828
0.130247 0.111652 0.0786248 0.38249 0.0306986 0.0149741 0.158464 0.00758061 0.0852691
0.613509 0.169414 9.9955E-05 9.9955E-05 9.9955E-05 9.9955E-05 0.107392 9.9955E-05 0.109185
0.0938293 0.128941 0.0415972 0.521756 9.9964E-05 9.9964E-05 0.213477 9.9964E-05 9.9964E-05
0.418019 0.282321 9.9955E-05 9.9955E-05 9.9955E-05 9.9955E-05 0.0981007 9.9955E-05 0.20106
0.230383 0.115107 9.9955E-05 0.518639 9.9955E-05 9.9955E-05 0.135371 9.9955E-05 9.9955E-05
0.812072 9.9955E-05 9.9955E-05 0.072472 0.111073 0.0038824 9.9955E-05 9.9955E-05 9.9955E-05
0.860666 0.0078984 9.9964E-05 9.9964E-05 0.109467 0.0151748 9.9964E-05 0.00639338 9.9964E-05
0.491602 9.9946E-05 9.9946E-05 0.437887 0.0699109 9.9946E-05 9.9946E-05 9.9946E-05 9.9946E-05
0.382358 9.9964E-05 9.9964E-05 0.547646 9.9964E-05 0.059178 0.00226571 0.00815242 9.9964E-05
0.605742 9.9946E-05 9.9946E-05 0.31116 9.9946E-05 9.9946E-05 9.9946E-05 0.0824977 9.9946E-05
0.46377 0.0166742 0.0201441 0.428852 0.0637575 0.00650187 9.9973E-05 9.9973E-05 9.9973E-05
0.467116 9.9946E-05 9.9946E-05 0.518772 9.9946E-05 0.0135123 9.9946E-05 9.9946E-05 9.9946E-05
0.0505244 0.736047 9.9973E-05 0.0964855 9.9973E-05 0.0478439 0.0113069 0.0574919 9.9973E-05
0.0322085 0.65767 0.0790008 9.9973E-05 9.9973E-05 0.0207906 0.126727 0.0833028 9.9973E-05
9.9964E-05 0.885009 0.0101104 9.9964E-05 9.9964E-05 0.0206644 0.0814261 9.9964E-05 0.00239038
9.9955E-05 0.772423 9.9955E-05 0.0314487 9.9955E-05 0.147297 9.9955E-05 9.9955E-05 0.048331
9.9982E-05 0.0265222 0.0582903 0.404725 0.364859 0.0551497 0.0574362 9.9982E-05 0.0328177
9.9973E-05 0.094124 9.9973E-05 0.426864 0.387134 0.012203 0.0582076 9.9973E-05 0.0211674
9.9955E-05 9.9955E-05 0.0769257 0.464431 0.401096 0.0570471 9.9955E-05 9.9955E-05 9.9955E-05
9.9964E-05 0.117282 9.9964E-05 0.562051 0.211894 9.9964E-05 9.9964E-05 0.0654377 0.0429352
9.9982E-05 0.0166377 0.0540449 0.477546 0.146468 0.00514437 0.0688276 0.231132 9.9982E-05
0.00636556 0.0236377 0.108614 0.183036 0.516764 9.9982E-05 0.0374922 0.123891 9.9982E-05
0.0601835 9.9955E-05 9.9955E-05 0.607938 0.323766 0.00761205 9.9955E-05 9.9955E-05 9.9955E-05
0.0430601 9.9973E-05 9.9973E-05 0.310948 0.526746 0.0417146 9.9973E-05 0.030297 0.0469352
0.12493 0.27629 9.9973E-05 0.396801 0.0323511 9.9973E-05 0.106512 0.0628156 9.9973E-05
0.132272 9.9973E-05 0.056771 0.419341 0.305556 9.9973E-05 0.0301922 9.9973E-05 0.0555677
9.9964E-05 9.9964E-05 0.129237 0.242142 0.540126 0.045192 0.0429032 9.9964E-05 9.9964E-05
0.102884 0.0133027 0.00140801 0.523609 0.323908 9.9973E-05 0.0345881 9.9973E-05 9.9973E-05
0.0996749 9.9964E-05 0.0836686 0.339257 0.445717 0.0312824 9.9964E-05 9.9964E-05 9.9964E-05
0.00368172 9.9955E-05 9.9955E-05 0.567758 0.389627 9.9955E-05 9.9955E-05 9.9955E-05 0.0384338
0.030608 9.9955E-05 9.9955E-05 0.545621 0.373036 0.0502353 9.9955E-05 9.9955E-05 9.9955E-05
0.0449509 9.9955E-05 9.9955E-05 0.0500396 0.872608 9.9955E-05 9.9955E-05 0.0319021 9.9955E-05
0.0769317 9.9973E-05 0.0490775 0.241081 0.49395 9.9973E-05 0.0280689 0.110591 9.9973E-05
0.0512595 0.0010008 0.105066 0.337218 0.456106 0.0114323 9.9982E-05 9.9982E-05 0.0377176
0.0743477 9.9946E-05 9.9946E-05 9.9946E-05 0.836187 9.9946E-05 9.9946E-05 9.9946E-05 0.0888656
9.9973E-05 0.00521234 0.127794 0.450664 0.339816 0.050026 9.9973E-05 9.9973E-05 0.0261878
0.0632808 9.9964E-05 9.9964E-05 0.0637517 0.622597 9.9964E-05 9.9964E-05 0.151787 0.0981842
0.172235 9.9946E-05 9.9946E-05 9.9946E-05 0.674057 9.9946E-05 9.9946E-05 9.9946E-05 0.153108
0.0199529 9.9964E-05 0.0524444 0.582427 0.327437 9.9964E-05 9.9964E-05 9.9964E-05 0.0173387
9.9982E-05 0.046768 0.057812 0.18885 0.643316 0.0297118 0.00599968 0.0273426 9.9982E-05
9.9982E-05 9.9982E-05 0.0573717 0.301636 0.422878 0.00961257 0.0860561 0.0995622 0.0226834
0.176795 0.110839 0.0283306 0.537973 0.0140587 0.0205948 0.0871172 0.0241918 9.9991E-05
9.9964E-05 9.9964E-05 0.12744 0.467479 0.347938 9.9964E-05 0.0221872 0.0345565 9.9964E-05
0.158091 9.9991E-05 0.215978 0.391917 0.0968788 0.0198505 0.0255126 0.00404577 0.0876257
0.0169712 9.9982E-05 0.0320106 0.497961 0.347981 0.00709846 0.0226396 0.0751383 9.9982E-05
9.9982E-05 0.0319387 0.101742 0.47283 0.342661 0.0385781 9.9982E-05 0.0115264 0.000522775
9.9955E-05 9.9955E-05 9.9955E-05 0.291916 0.703289 0.00115779 9.9955E-05 0.00313722 9.9955E-05
0.131925 0.0359229 0.0363518 0.371149 0.164845 0.047118 0.136566 0.0180394 0.0580832
9.9964E-05 0.573612 0.2484 9.9964E-05 9.9964E-05 0.0548296 0.0121046 0.110654 9.9964E-05
0.0146523 0.609675 0.0972138 0.0801229 0.00849157 0.0840326 9.9982E-05 9.9982E-05 0.105612
9.9964E-05 0.639116 0.104055 9.9964E-05 9.9964E-05 0.144873 9.9964E-05 0.021876 0.0896809
0.0668584 0.762054 0.103444 9.9964E-05 9.9964E-05 0.0617444 9.9964E-05 9.9964E-05 0.00549908
9.9955E-05 0.702175 0.163695 9.9955E-05 9.9955E-05 0.0331395 9.9955E-05 0.10049 9.9955E-05
9.9964E-05 0.0817435 0.0950978 0.121048 0.697039 9.9964E-05 0.00467152 9.9964E-05 9.9964E-05
9.9973E-05 0.0613571 0.0652473 0.0606689 0.729556 0.0291014 9.9973E-05 0.0537691 9.9973E-05
