0.0299211 9.9991E-05 0.0163427 0.909358 0.0442786
9.9982E-05 0.0174462 9.9982E-05 0.965117 0.0172372
0.0754874 9.9991E-05 0.0826276 0.783498 0.0582872
9.9982E-05 9.9982E-05 0.0948938 0.800062 0.104844
0.07016 9.9982E-05 0.0164726 0.913167 9.9982E-05
0.072583 0.124533 0.047344 0.647111 0.108429
0.00728953 0.0308126 0.0060337 0.8818 0.0740639
0.0127423 0.0835344 0.01682 0.780352 0.106552
9.9982E-05 0.0920537 9.9982E-05 0.853027 0.0547189
0.0985501 0.0307671 0.088345 0.749637 0.0327003
0.0617353 0.0704159 9.9991E-05 0.772533 0.0952161
0.352482 0.0775085 0.0480503 9.9991E-05 0.52186
0.527841 0.0899949 0.141709 0.011038 0.229417
0.229536 0.14291 0.105606 0.0189104 0.503038
0.383973 0.0968706 0.150244 0.0432703 0.325642
0.433748 0.0511166 0.151995 0.100894 0.262247
0.652863 9.9991E-05 0.12355 0.085213 0.138274
0.492695 0.12304 0.136975 0.0367906 0.210501
0.365788 0.0500452 0.0789313 0.141324 0.363912
0.0423005 0.218367 0.0910883 0.00933585 0.638908
0.461891 0.118849 0.100923 0.0684596 0.249878
0.500021 0.15549 0.119113 0.00992446 0.215452
0.613559 0.0570549 0.0637814 0.059851 0.205754
0.3459 0.171827 0.109488 9.9991E-05 0.372685
0.641319 0.0517608 0.085254 0.0804725 0.141194
0.515414 0.0395577 0.162868 0.0152192 0.266941
0.271838 0.122095 0.0860649 0.0234367 0.496566
0.191254 0.0751032 0.247119 9.9991E-05 0.486423
0.229379 0.268178 0.0416173 9.9991E-05 0.460725
0.0655612 9.9982E-05 0.062897 0.871342 9.9982E-05
0.11932 9.9982E-05 0.0501136 0.830366 9.9982E-05
0.149154 9.9982E-05 0.0374453 0.813201 9.9982E-05
0.133692 9.9982E-05 0.117526 0.748582 9.9982E-05
0.65355 0.162634 9.9991E-05 0.072308 0.111407
0.62494 0.071522 0.0482854 0.109859 0.145394
0.707823 0.135296 9.9991E-05 0.0766082 0.0801727
0.193432 0.0410224 0.0284988 0.0700255 0.667021
0.520625 0.411073 9.9991E-05 0.0141968 0.0540061
0.575793 0.124229 0.0924963 9.9991E-05 0.207381
0.697677 0.139613 0.117122 0.0454883 9.9991E-05
0.621325 0.165357 0.0430603 0.0827016 0.0875564
0.756451 0.027217 9.9991E-05 0.164081 0.0521509
0.303038 0.43314 9.9982E-05 9.9982E-05 0.263622
0.67176 0.144182 0.0930025 0.0586957 0.0323605
0.624119 0.178691 0.0513105 0.0662707 0.0796088
0.666985 0.0430444 0.113671 0.128828 0.0474719
0.500806 0.419813 9.9982E-05 9.9982E-05 0.079181
0.696487 0.146116 0.0656683 0.029086 0.0626419
0.575391 0.116447 0.084938 0.172499 0.0507253
0.0227938 0.854593 9.9991E-05 0.0595967 0.0629163
0.275231 0.303789 9.9982E-05 9.9982E-05 0.420779
0.161738 0.586998 0.0358766 0.0339873 0.1814
0.551692 0.0490979 0.129033 0.0994014 0.170775
0.58918 0.0431992 0.14421 0.150604 0.0728072
0.585707 0.0861128 0.134654 0.0822633 0.111263
0.157655 0.313539 9.9991E-05 0.102672 0.426035
0.590102 0.142059 0.0573158 9.9991E-05 0.210424
0.505239 0.118581 0.173701 0.0342606 0.168219
0.409374 0.280452 0.0390759 0.115748 0.155349
0.0918628 0.288789 0.0595897 0.210429 0.34933
0.565256 0.110407 0.149508 0.0763421 0.0984872
0.39843 0.145699 0.0835851 0.0540854 0.3182
0.0632913 0.320825 9.9991E-05 0.0773646 0.538419
0.54824 0.135854 0.0909226 9.9991E-05 0.224883
0.634 0.117364 0.117709 9.9991E-05 0.130827
0.583184 0.0829208 0.0518781 0.104248 0.177769
0.31824 0.263748 0.0981268 0.0472988 0.272586
0.548014 0.0913231 0.0960272 0.0568816 0.207754
0.444631 0.139012 0.148282 0.0277394 0.240337
0.304155 0.262947 9.9991E-05 0.0593737 0.373424
0.716969 0.185475 9.9982E-05 9.9982E-05 0.0973566
0.419935 0.37832 9.9982E-05 9.9982E-05 0.201545
0.518049 0.175432 0.141202 0.0386149 0.126702
0.203905 0.748326 9.9982E-05 9.9982E-05 0.0475692
0.261045 0.691692 9.9982E-05 9.9982E-05 0.0470634
0.513242 0.445875 9.9982E-05 9.9982E-05 0.0406825
0.708406 0.205589 9.9991E-05 0.00816588 0.0777392
0.682022 0.064608 0.0458421 0.149721 0.0578073
0.632346 0.231454 0.0508001 9.9991E-05 0.0852993
0.42529 0.237756 9.9991E-05 0.0144842 0.32237
0.40787 0.226675 9.9991E-05 0.0430459 0.322309
0.522965 0.13298 0.162431 0.154189 0.0274351
0.541526 0.312849 0.0165929 0.00549285 0.123539
0.618486 0.201571 9.9991E-05 0.0651632 0.11468
0.557637 0.438768 9.9982E-05 9.9982E-05 0.00339526
0.180327 0.760138 9.9982E-05 9.9982E-05 0.0593359
0.622578 0.0619429 0.125642 0.0430519 0.146785
0.109333 9.9991E-05 0.0296452 0.823588 0.0373339
0.0683405 9.9973E-05 9.9973E-05 0.93136 9.9973E-05
0.0642671 9.9982E-05 0.0714978 0.864035 9.9982E-05
0.0163938 0.00462193 0.0418158 0.937069 9.9991E-05
0.0638725 9.9982E-05 0.0552122 0.880715 9.9982E-05
0.0260396 0.0243998 0.0457574 0.903703 9.9991E-05
0.0399992 9.9982E-05 0.0231433 0.936658 9.9982E-05
0.565072 0.138673 0.0774749 0.115301 0.10348
0.565649 0.0128432 0.188872 9.9991E-05 0.232536
0.239502 0.539951 9.9982E-05 9.9982E-05 0.220347
0.611721 0.0377362 0.123703 0.126532 0.100308
0.600401 0.188941 9.9991E-05 0.0804244 0.130134
0.705706 0.139894 0.0436875 0.110613 9.9991E-05
0.647956 0.234653 0.00199863 0.106673 0.00871984
0.540884 0.330711 0.128205 9.9982E-05 9.9982E-05
0.159003 0.557427 9.9991E-05 0.027403 0.256067
0.600591 0.00569911 0.0687531 0.163878 0.161079
0.763281 0.0289551 0.0797646 0.0915677 0.0364311
0.501223 0.205188 0.165923 0.0257015 0.101965
0.490345 0.45225 9.9991E-05 0.05232 0.00498503
0.68388 0.299795 9.9991E-05 0.0114163 0.00480841
0.599395 0.244947 9.9991E-05 0.00221362 0.153344
0.582198 0.407119 0.010483 9.9982E-05 9.9982E-05
0.599312 0.163101 9.9991E-05 0.075796 0.161692
0.626146 0.0983393 0.0672505 0.113188 0.0950761
0.214329 0.303077 0.105123 0.041046 0.336426
0.4517 0.0193788 0.0608417 0.125962 0.342118
0.588863 9.9991E-05 0.07254 0.111661 0.226836
0.605042 0.0686923 0.098982 0.103204 0.124079
0.581556 9.9982E-05 9.9982E-05 0.073244 0.345
0.646042 0.0463081 0.071778 9.9991E-05 0.235772
0.473979 0.00630939 0.112083 9.9991E-05 0.407528
0.531405 0.0866124 0.0255546 0.126533 0.229894
0.548158 9.9991E-05 0.0972237 0.136142 0.218376
0.683759 0.0299192 9.9991E-05 0.0554506 0.230772
0.574852 0.0493345 9.9982E-05 9.9982E-05 0.375613
0.692069 0.06785 0.135487 0.0286633 0.0759301
0.45969 0.142848 0.162568 0.11101 0.123885
0.576155 0.0956732 0.117253 0.00709152 0.203828
0.531167 0.0520619 0.127316 0.0628901 0.226565
0.571911 0.0865443 0.137398 9.9991E-05 0.204046
0.386103 0.174198 0.0842479 0.0944327 0.261018
0.672968 9.9991E-05 0.0559325 0.0361152 0.234884
0.572977 0.0109216 0.15463 0.047543 0.213928
0.28738 0.144754 0.131718 9.9991E-05 0.436047
0.0875997 0.430136 0.133664 0.0027371 0.345864
0.590311 0.0477543 0.091666 9.9991E-05 0.270169
0.0829473 0.507422 0.0832805 9.9991E-05 0.32625
0.338237 0.126416 0.000408486 0.0430993 0.491839
0.54206 0.0733939 9.9991E-05 0.0250715 0.359375
0.39069 0.040207 9.9991E-05 0.0595713 0.509431
0.290777 0.193697 0.0415031 9.9991E-05 0.473923
0.623635 0.106978 0.123566 0.0419004 0.103921
0.612856 9.9991E-05 0.0891726 0.130834 0.167038
0.585297 0.0325372 0.0915277 0.0618413 0.228797
0.100844 0.422379 0.103651 9.9991E-05 0.373025
0.473676 0.13414 0.0987241 0.22161 0.07185
0.553051 0.180071 0.123218 0.101253 0.0424069
0.0553979 0.673794 9.9991E-05 0.195539 0.075169
0.641833 0.100082 0.101341 0.152185 0.00455911
0.392053 0.391176 0.0924969 0.108602 0.0156712
0.526072 0.217104 0.054197 0.158031 0.0445951
0.281482 0.407804 0.0458657 0.125094 0.139754
0.275036 0.49399 9.9991E-05 0.134949 0.0959255
0.502966 0.274966 0.0176532 0.0824406 0.121973
0.554162 0.124518 0.0481509 0.161845 0.111324
0.384175 0.17377 0.132047 0.175344 0.134665
0.0392743 0.574145 0.184696 0.0915598 0.110325
0.474551 0.198774 0.0785702 0.12951 0.118596
0.469578 0.425561 0.0116075 9.9991E-05 0.0931539
0.489735 0.304127 0.0461837 0.0507887 0.109165
0.42303 0.172837 0.170721 0.106734 0.126678
0.169871 0.235293 0.243856 0.350879 9.9991E-05
9.9982E-05 0.233811 0.157312 0.608676 9.9982E-05
9.9982E-05 0.317581 0.171446 0.510773 9.9982E-05
9.9982E-05 0.16789 0.407334 0.424576 9.9982E-05
0.69809 0.226876 0.0656085 9.9991E-05 0.00932548
0.544948 0.26581 0.0789449 0.0631082 0.0471885
0.237776 9.9982E-05 0.729841 9.9982E-05 0.0321825
0.306277 9.9991E-05 0.529142 0.0131536 0.151327
0.292702 0.123418 0.440045 0.0974716 0.0463632
0.353266 0.542742 0.0519555 0.0519364 9.9991E-05
0.566579 0.181905 0.1277 9.9991E-05 0.123716
0.257036 0.692696 0.0430651 0.00710378 9.9991E-05
0.542691 0.279754 0.160965 0.00945033 0.00713953
0.530885 0.260897 0.00671835 0.106974 0.0945254
0.579063 0.244144 0.109379 0.0673138 9.9991E-05
0.25665 0.606697 0.0775566 0.00866038 0.0504357
0.594363 0.163288 0.17473 0.0675198 9.9991E-05
0.6236 0.225722 0.0261834 0.124394 9.9991E-05
0.0583744 0.0106538 0.930772 9.9982E-05 9.9982E-05
0.0630889 9.9982E-05 0.901258 9.9982E-05 0.0354532
0.212976 9.9982E-05 0.613105 9.9982E-05 0.173719
0.244502 9.9982E-05 0.732894 0.0224037 9.9982E-05
0.149832 9.9982E-05 0.804363 9.9982E-05 0.0456045
9.997E-05 9.997E-05 0.9996 9.997E-05 9.997E-05
9.9982E-05 9.9982E-05 0.975918 0.00129558 0.0225862
0.11443 9.9973E-05 0.88527 9.9973E-05 9.9973E-05
0.0619948 9.9982E-05 0.923348 9.9982E-05 0.0144575
9.997E-05 9.997E-05 0.9996 9.997E-05 9.997E-05
9.997E-05 9.997E-05 0.9996 9.997E-05 9.997E-05
0.136362 9.9991E-05 0.780335 0.0471334 0.03607
0.0929028 9.9991E-05 0.836054 0.0524579 0.0184857
9.9973E-05 9.9973E-05 0.989613 9.9973E-05 0.0100873
0.364788 0.113883 0.419861 0.00613766 0.0953309
0.228545 9.9991E-05 0.670432 0.0165354 0.0843876
0.179181 9.9991E-05 0.768255 0.027329 0.0251347
0.0655572 9.9982E-05 0.902754 0.0314891 9.9982E-05
9.997E-05 9.997E-05 0.9996 9.997E-05 9.997E-05
0.0138547 9.9991E-05 0.884659 0.0614016 0.0399852
9.997E-05 9.997E-05 0.9996 9.997E-05 9.997E-05
0.209545 0.0179708 0.679178 0.0231695 0.0701364
0.0168963 0.0263946 0.929863 9.9991E-05 0.026746
9.9982E-05 0.550515 0.0726882 0.376597 9.9982E-05
0.377394 0.183718 0.116934 0.19199 0.129964
0.453222 0.159728 0.0713395 0.31561 9.9991E-05
0.116192 0.40903 0.189765 0.284912 9.9991E-05
0.484819 0.124817 0.223279 0.166984 9.9991E-05
0.126307 0.405656 0.183119 0.284818 9.9991E-05
0.514597 0.127836 0.0716204 0.218754 0.067193
0.366671 0.290313 0.210067 0.132849 9.9991E-05
0.414319 0.15829 0.201634 0.225658 9.9991E-05
0.251415 0.224486 0.306585 0.217414 9.9991E-05
0.434925 0.207562 0.0830961 0.259777 0.0146401
0.0291621 0.0278832 9.9991E-05 0.868573 0.0742813
9.9982E-05 0.0238711 0.0697352 0.906194 9.9982E-05
9.9982E-05 0.0316241 9.9982E-05 0.946238 0.0219383
0.00328882 9.9982E-05 9.9982E-05 0.945515 0.0509965
0.039666 9.9982E-05 9.9982E-05 0.917804 0.0423303
9.9982E-05 0.0221793 0.0916493 0.885971 9.9982E-05
0.0420576 9.9991E-05 0.0677252 0.87071 0.0194072
0.0130306 0.0648305 9.9991E-05 0.918096 0.00394281
0.0368357 0.0291946 9.9982E-05 0.93377 9.9982E-05
0.0346464 0.0211914 0.0654801 0.874402 0.00428013
9.9982E-05 0.14951 9.9982E-05 0.581988 0.268302
0.0135426 0.129671 9.9991E-05 0.564253 0.292433
9.9982E-05 0.166241 9.9982E-05 0.543764 0.289795
9.9982E-05 0.16595 9.9982E-05 0.489705 0.344144
0.595289 0.1002 0.0473086 0.0208359 0.236366
0.603411 0.108408 0.0709121 0.0401976 0.177071
0.583835 0.190862 0.0627339 9.9991E-05 0.162469
0.477756 0.0535025 0.033527 0.0564042 0.37881
0.224477 0.116077 0.00595293 9.9991E-05 0.653393
0.674213 0.161688 0.085729 0.0639671 0.0144028
0.607416 0.173764 0.0855728 9.9991E-05 0.133148
0.633984 0.248837 9.9982E-05 9.9982E-05 0.116979
0.53265 0.365942 0.0521634 9.9991E-05 0.049145
0.693644 0.115577 0.0571084 0.046528 0.0871433
0.613041 0.226916 9.9982E-05 9.9982E-05 0.159842
0.0796362 0.82455 9.9982E-05 9.9982E-05 0.0956139
0.588567 0.0431035 0.00533271 0.0948218 0.268175
0.401672 0.548682 9.9982E-05 9.9982E-05 0.0494462
0.72027 0.238106 9.9991E-05 0.0258423 0.0156814
0.315039 0.445521 9.9991E-05 0.00564704 0.233693
9.9982E-05 0.126357 9.9982E-05 0.128247 0.745197
0.0394437 0.117426 0.0285994 0.0913772 0.723153
9.9982E-05 0.142647 9.9982E-05 0.0491914 0.807962
9.9982E-05 0.0992713 9.9982E-05 0.0864789 0.81405
0.00679065 0.0966661 0.0731355 0.00388141 0.819526
0.0442207 0.0218878 0.105863 0.0400937 0.787935
0.0786319 9.9982E-05 0.0274837 0.893684 9.9982E-05
0.0152591 9.9991E-05 0.0526114 0.850295 0.0817343
0.0669398 9.9991E-05 0.133611 0.791656 0.00769323
0.0278304 9.9991E-05 0.121039 0.745719 0.105312
0.060342 9.9991E-05 0.0732587 0.788867 0.0774319
9.9982E-05 0.0881076 9.9982E-05 0.390099 0.521594
9.9982E-05 0.145616 9.9982E-05 0.487002 0.367181
9.9991E-05 0.124663 0.0162299 0.390985 0.468022
0.0929308 9.9991E-05 0.0279644 0.87453 0.00447514
9.9982E-05 0.08796 9.9982E-05 0.390796 0.521044
0.235518 0.175097 0.39852 0.190765 9.9991E-05
0.514762 0.0711157 0.25485 0.105585 0.0536875
0.478076 9.9982E-05 0.333141 0.188583 9.9982E-05
0.3794 0.104603 0.282366 0.233531 9.9991E-05
0.557943 0.0736334 0.206504 0.154591 0.00732894
9.9982E-05 0.217618 0.346897 0.435285 9.9982E-05
0.472099 0.141968 0.0666077 0.00901044 0.310314
0.356489 0.270057 0.0769369 9.9991E-05 0.296417
0.312552 0.0166798 9.9991E-05 0.077008 0.59366
0.498188 0.316831 0.0683193 9.9991E-05 0.116562
9.9973E-05 0.810765 9.9973E-05 9.9973E-05 0.188935
0.584364 0.10106 0.0789894 0.144283 0.0913045
0.550305 0.220288 0.0210936 0.12686 0.0814534
0.430772 0.064577 0.0048317 0.0478938 0.451925
0.609538 0.0457119 0.0190506 0.168386 0.157314
0.209253 0.537012 9.9982E-05 9.9982E-05 0.253534
0.486444 0.243257 0.0978006 0.025075 0.147424
0.503749 0.0366208 0.095613 9.9991E-05 0.363918
0.305887 0.126789 0.237716 0.143778 0.18583
0.382539 0.301554 0.0720206 9.9991E-05 0.243787
0.455364 0.0988887 0.113014 0.0125476 0.320186
0.446354 0.285779 0.179912 9.9991E-05 0.0878553
0.602476 0.139585 9.9991E-05 0.0407245 0.217114
0.68568 0.0881087 0.0849464 0.052898 0.0883673
0.602537 0.125469 0.096816 0.078428 0.09675
0.529603 0.199505 0.0865001 0.112455 0.0719374
0.0986449 9.9982E-05 0.127938 0.773217 9.9982E-05
0.13573 9.9982E-05 0.0119219 0.852148 9.9982E-05
0.045245 0.114906 0.012722 0.806612 0.0205152
0.00632545 0.0647106 0.0673763 0.784936 0.076652
0.142837 9.9973E-05 9.9973E-05 0.856863 9.9973E-05
0.155924 0.12574 0.105231 9.9991E-05 0.613005
0.516503 0.190249 0.104972 0.0693676 0.118908
0.37214 0.205567 0.22334 0.198853 9.9991E-05
0.624266 0.0778618 0.0904561 9.9991E-05 0.207316
0.597972 0.0567531 0.00241379 0.096432 0.246429
0.243166 0.24963 0.109942 9.9991E-05 0.397162
0.00363872 0.21208 9.9991E-05 0.144897 0.639284
0.557856 0.0437415 0.0345176 0.0464203 0.317465
0.165572 0.174063 0.0544254 0.0773424 0.528597
0.440633 0.265903 0.10942 0.0181021 0.165941
0.132699 0.200003 0.0351347 0.121917 0.510246
0.494315 9.9991E-05 0.182585 0.0753202 0.24768
0.162546 0.0889123 0.0689377 0.0254465 0.654157
0.323586 0.199386 0.127201 9.9991E-05 0.349726
0.417055 0.176598 0.149173 0.0498693 0.207304
0.315785 0.537196 0.0950205 0.0013575 0.0506411
0.673872 0.182058 9.9991E-05 0.122118 0.0218519
0.508583 0.223684 0.103815 0.129566 0.0343531
0.368271 0.484936 0.013061 0.0196462 0.114085
0.425207 0.23743 0.179678 0.0401543 0.11753
0.641373 0.242129 0.00340288 0.107612 0.00548254
0.197814 0.747552 9.9982E-05 9.9982E-05 0.0544338
0.386346 0.603028 9.9982E-05 0.0104263 9.9982E-05
0.479212 0.307926 0.0933785 0.0379292 0.0815544
0.239289 0.578346 9.9991E-05 0.0391107 0.143154
0.606849 0.274104 9.9991E-05 0.0503583 0.0685892
0.111343 0.169302 0.0303718 9.9991E-05 0.688883
0.270623 0.326424 0.0257814 9.9991E-05 0.377072
0.403195 0.0742128 0.0492822 0.0387799 0.43453
0.590494 9.9982E-05 0.157944 9.9982E-05 0.251362
0.352877 0.102632 9.9982E-05 9.9982E-05 0.544291
0.407185 0.178316 0.16942 0.016009 0.22907
0.575918 0.0361029 0.131739 0.101762 0.154479
0.516839 0.00992109 0.17984 9.9991E-05 0.2933
0.421942 0.0658823 0.23903 9.9991E-05 0.273045
0.448015 0.0363883 0.116472 9.9991E-05 0.399025
0.236361 0.0912521 0.135356 9.9991E-05 0.53693
0.304965 0.114293 0.103624 9.9991E-05 0.477017
0.711286 0.0255957 0.000406701 9.9991E-05 0.262611
0.613293 0.104917 0.141238 0.0352177 0.105334
0.401036 0.186834 0.1019 0.0703812 0.239848
0.559155 0.0727149 0.111844 9.9991E-05 0.256186
0.343405 0.0625439 0.099736 0.0493301 0.444985
0.639834 9.9991E-05 0.0434535 0.0271209 0.289492
0.495407 0.0721695 0.137548 0.0394318 0.255443
0.523816 0.0423107 0.161568 0.0258382 0.246467
0.367837 0.046225 0.221593 0.335368 0.0289761
0.422997 0.160398 0.31172 0.104786 9.9991E-05
0.552128 0.0916751 0.128884 0.186454 0.0408584
0.623399 0.0410458 0.151843 0.163815 0.0198974
0.461782 0.0837466 0.214801 0.190542 0.0491285
0.381065 0.285864 0.147111 9.9991E-05 0.185861
0.367536 0.0792384 0.307561 0.0929564 0.152708
0.0360967 0.511722 0.198456 0.253625 9.9991E-05
0.450723 0.0496152 0.283635 0.106862 0.109164
0.394574 0.137286 0.257039 0.117296 0.0938047
0.524943 0.0764771 0.257378 0.00992592 0.131275
0.325786 0.294465 0.143362 0.20082 0.0355667
0.498871 0.0353342 0.247132 0.196497 0.0221663
0.538767 0.0414472 0.224375 0.195311 9.9991E-05
9.9982E-05 0.338959 0.172231 0.488609 9.9982E-05
0.540375 9.9991E-05 0.213255 0.18007 0.0662005
0.496155 0.0607134 0.228569 0.18828 0.0262824
0.516679 0.121601 0.193703 0.116663 0.0513549
0.537435 0.0124597 0.228968 0.201321 0.0198177
0.615536 0.0177659 0.169017 0.17445 0.0232307
0.515945 0.357461 0.0818961 9.9991E-05 0.0445981
0.471015 0.254979 0.146022 0.041439 0.0865447
0.0697443 0.762016 0.0183376 9.9991E-05 0.149802
0.0597974 0.805671 0.00635176 9.9991E-05 0.12808
0.475074 0.2342 0.188881 0.0254509 0.0763937
0.33738 0.133414 0.460157 0.0518018 0.0172469
0.256376 0.195544 0.457977 0.0900026 9.9991E-05
0.206885 0.276341 0.308721 0.207954 9.9991E-05
0.361924 0.112425 0.314378 0.211173 9.9991E-05
0.0381628 0.71208 0.191965 0.057692 9.9991E-05
0.196498 0.571642 0.160983 0.070778 9.9991E-05
0.518631 0.271948 0.209221 9.9982E-05 9.9982E-05
0.513358 0.264628 0.181441 0.0404735 9.9991E-05
0.249856 0.555279 0.158124 0.0366403 9.9991E-05
0.480192 0.235773 0.178059 0.0267175 0.0792583
0.567469 0.26622 0.117142 0.0267276 0.0224404
0.426828 0.119067 0.173635 0.135871 0.144599
0.426429 0.419854 9.9991E-05 0.0261291 0.127488
0.400196 0.451142 0.0734685 9.9991E-05 0.0750935
0.44801 0.288434 0.144235 0.01031 0.109011
0.431027 0.217671 0.108781 0.0734782 0.169042
0.514143 0.191145 0.12552 0.0578739 0.111318
0.536956 0.400999 0.0618449 9.9982E-05 9.9982E-05
0.328315 0.616384 9.9982E-05 9.9982E-05 0.0551008
0.696523 0.223332 0.0246584 0.0553869 9.9991E-05
0.293568 0.594524 0.00149119 9.9991E-05 0.110317
0.515554 0.409243 0.0462512 0.0288521 9.9991E-05
0.518399 0.163685 0.140748 0.0704143 0.106754
0.489495 0.269506 0.143835 9.9991E-05 0.0970639
0.519115 0.148483 0.207587 0.124715 9.9991E-05
0.342692 0.205259 0.255333 0.151917 0.0447992
0.424578 0.100468 0.233095 0.193605 0.048255
0.298021 0.140606 0.245838 0.130567 0.184968
0.449035 9.9991E-05 0.185201 0.232388 0.133276
0.477138 0.117065 0.205999 0.121081 0.0787167
9.9982E-05 0.581996 0.218863 0.198941 9.9982E-05
0.580003 0.00530764 0.297633 0.0776942 0.0393613
9.9982E-05 0.427755 0.178128 0.393917 9.9982E-05
0.515398 0.169934 0.290068 0.0245005 9.9991E-05
0.250417 0.749283 9.9973E-05 9.9973E-05 9.9973E-05
0.0472303 0.924375 9.9982E-05 9.9982E-05 0.0281943
0.59434 0.322608 0.013159 9.9991E-05 0.0697929
0.693162 0.242201 0.0368646 0.0276728 9.9991E-05
0.486309 0.486327 9.9982E-05 9.9982E-05 0.0271644
0.554447 0.33442 0.0945268 9.9991E-05 0.0165067
0.577434 0.339006 0.0833606 9.9982E-05 9.9982E-05
0.0782116 0.050123 0.0192143 0.852351 9.9991E-05
9.9991E-05 0.0273578 0.0894139 0.718419 0.164709
9.9982E-05 9.9982E-05 0.0317655 0.946526 0.0215088
0.0456754 9.9973E-05 9.9973E-05 0.954025 9.9973E-05
0.648106 0.187127 9.9991E-05 0.0782386 0.086428
0.592078 0.165815 0.0499564 0.120821 0.0713301
0.710329 0.169179 9.9982E-05 9.9982E-05 0.120292
0.739359 0.0749813 9.9991E-05 0.117889 0.0676705
0.59254 0.243112 0.0898227 0.0744256 9.9991E-05
0.410048 0.391189 9.9991E-05 0.00120229 0.19746
0.809956 0.146899 0.0253434 0.0117064 0.00609511
0.527101 0.417335 9.9982E-05 0.0553642 9.9982E-05
0.458547 0.038247 0.192622 0.290855 0.0197285
0.606487 0.348861 0.00232952 9.9991E-05 0.0422224
0.490096 0.287318 9.9982E-05 9.9982E-05 0.222386
0.770846 0.213608 9.9982E-05 9.9982E-05 0.0153465
0.5936 0.307584 9.9982E-05 9.9982E-05 0.0986153
0.718845 0.280855 9.9973E-05 9.9973E-05 9.9973E-05
0.665482 0.180676 0.0236804 0.0863448 0.0438166
0.316009 0.683691 9.9973E-05 9.9973E-05 9.9973E-05
0.413796 0.529955 9.9982E-05 9.9982E-05 0.0560488
0.528289 0.373226 9.9991E-05 0.0209037 0.077481
0.100695 0.899005 9.9973E-05 9.9973E-05 9.9973E-05
0.591507 0.241946 0.0212202 0.0347234 0.110603
0.337248 0.662452 9.9973E-05 9.9973E-05 9.9973E-05
0.0989868 0.856582 9.9991E-05 0.00837558 0.0359556
0.653606 0.149777 0.0930668 0.021693 0.0818571
0.362458 0.437721 9.9991E-05 0.0187772 0.180944
0.588953 0.204679 0.0448952 9.9991E-05 0.161373
0.720529 0.0811727 0.0615819 0.136617 9.99977E-05
0.735407 0.139807 9.9982E-05 9.9982E-05 0.124586
0.301742 0.272304 0.125707 9.9991E-05 0.300146
0.682365 0.227931 9.9991E-05 0.0134028 0.0762012
0.606681 0.189127 0.0866024 0.0263533 0.0912367
0.55126 0.44844 9.9973E-05 9.9973E-05 9.9973E-05
0.589032 0.187638 0.0572757 0.12555 0.040504
0.00026042 0.0374236 9.9991E-05 0.663368 0.298848
0.0547222 0.0742883 9.9991E-05 0.786928 0.0839616
9.9982E-05 0.0513205 9.9982E-05 0.817583 0.130896
9.9982E-05 0.0266075 9.9982E-05 0.808533 0.16466
0.0145597 9.9982E-05 9.9982E-05 0.731757 0.253483
0.377196 0.324182 9.9982E-05 9.9982E-05 0.298422
0.268408 0.485293 9.9991E-05 0.0207031 0.225497
0.339629 0.660071 9.9973E-05 9.9973E-05 9.9973E-05
0.568712 0.128879 0.137669 0.0483408 0.116399
0.624588 0.0880372 0.104954 0.182321 9.9991E-05
0.509823 0.4712 9.9982E-05 0.018777 9.9982E-05
0.682073 0.226869 0.0303909 0.0605669 9.9991E-05
0.515842 0.326009 9.9991E-05 0.103839 0.0542102
0.717107 0.23216 9.9982E-05 9.9982E-05 0.0505334
0.736206 0.116524 0.0217765 0.0414601 0.0840333
0.416208 0.386674 9.9982E-05 9.9982E-05 0.196918
0.573479 0.28081 9.9991E-05 0.0102239 0.135387
0.565581 0.275323 9.9982E-05 9.9982E-05 0.158896
0.585932 0.173346 0.0410635 0.117635 0.0820235
0.60792 0.279997 9.9982E-05 9.9982E-05 0.111883
0.679259 0.23323 9.9991E-05 0.0236506 0.0637602
0.393112 0.0797129 0.452163 0.0469657 0.0280467
0.41101 0.0250484 0.446798 0.117044 9.9991E-05
0.408039 0.0154107 0.454767 0.121683 9.9991E-05
0.270562 0.0337042 0.550987 0.144647 9.9991E-05
0.415523 0.0882683 0.356661 0.139447 9.9991E-05
0.561117 0.335737 0.0846805 0.0183653 9.9991E-05
0.00192292 0.0431021 0.662394 0.29248 9.9991E-05
0.330124 0.0622355 0.469182 0.138359 9.9991E-05
0.443731 0.164646 0.217694 0.171784 0.00214507
0.589379 0.139036 0.0475012 0.193397 0.030687
0.40051 0.216341 0.13154 0.129946 0.121664
0.570169 0.14831 0.0592217 0.119884 0.102415
0.523223 0.199365 0.126951 0.0869344 0.0635269
0.30419 9.9982E-05 0.488298 0.207311 9.9982E-05
0.332861 9.9991E-05 0.420595 0.0971747 0.14927
0.439839 9.9982E-05 0.509639 0.0503215 9.9982E-05
0.51627 0.0107428 0.303904 0.168983 9.9991E-05
0.291788 0.000368745 0.536766 0.158776 0.0123009
0.417183 0.0407752 0.356578 0.185363 9.9991E-05
0.173262 0.000920952 0.64634 0.146977 0.0325001
0.405691 9.9991E-05 0.4522 0.0451402 0.0968683
0.54621 0.246615 0.0701534 0.136921 9.9991E-05
0.332349 0.0872332 0.413682 0.122588 0.0441476
0.154981 9.9982E-05 0.686104 0.158715 9.9982E-05
0.283804 0.06788 0.416689 0.0329252 0.198701
0.29098 0.271393 9.9991E-05 0.190866 0.246661
0.555394 0.193531 0.135686 0.0373725 0.0780165
0.323796 9.9991E-05 0.347788 0.188226 0.14009
0.568956 0.0273967 0.0795269 0.168489 0.155631
0.566311 0.115416 0.053751 0.191091 0.0734313
0.36027 0.189873 0.277438 0.124953 0.0474665
0.218729 0.0986351 0.390338 0.19592 0.0963787
0.606836 0.0996945 0.161504 0.131865 9.9991E-05
0.418611 0.0979613 0.330102 0.153226 9.9991E-05
0.344791 0.0103322 0.55508 0.0896966 9.9991E-05
0.190738 9.9982E-05 0.544082 0.26498 9.9982E-05
0.727544 0.047223 9.9991E-05 0.206541 0.0185915
0.575216 0.145874 9.9991E-05 0.158766 0.120044
0.156194 0.595515 0.116181 0.132009 9.9991E-05
0.546286 0.104138 0.202925 0.146552 9.9991E-05
0.414203 0.161196 0.141443 0.0953814 0.187776
0.540064 0.113016 0.147684 0.199136 9.9991E-05
0.378197 0.185496 0.223694 0.0634047 0.149208
9.9982E-05 0.427184 0.226399 0.346216 9.9982E-05
9.9982E-05 0.473755 0.137935 0.38811 9.9982E-05
0.175363 0.365026 0.237664 0.14226 0.0796877
9.9991E-05 0.404007 0.226844 0.362941 0.00610892
9.9982E-05 0.297468 0.2561 0.446232 9.9982E-05
0.330114 0.30739 0.194866 0.148726 0.0189037
0.381105 0.183821 0.203711 0.231263 9.9991E-05
0.136355 0.266521 0.251515 0.29032 0.0552895
0.0082068 0.450012 0.274433 0.267248 9.9991E-05
0.488146 0.151423 0.160675 0.189569 0.0101872
0.109785 0.449954 0.20046 0.2397 9.9991E-05
9.9982E-05 0.398796 0.0976291 0.503375 9.9982E-05
0.557014 9.9991E-05 0.216794 0.137608 0.0884838
0.282039 0.212753 0.332153 0.132896 0.0401584
0.49145 0.0131434 0.102702 0.349268 0.0434363
0.481464 9.9991E-05 0.284002 0.22372 0.010714
0.510879 0.0627585 0.217352 0.201749 0.00726184
0.481899 0.0409063 0.272851 0.143589 0.060754
0.407507 9.9982E-05 0.211187 0.381106 9.9982E-05
0.587646 9.9991E-05 0.161522 0.227146 0.0235862
0.46565 9.9982E-05 0.271239 0.262911 9.9982E-05
0.324158 0.120816 0.259837 0.283418 0.0117702
0.353718 0.162772 0.130707 0.178971 0.173831
0.516249 0.0726629 0.138442 0.213311 0.0593352
0.584642 0.0883692 0.158987 0.152163 0.0158399
0.607646 0.0446355 0.189906 0.157713 9.9991E-05
0.326477 9.9991E-05 0.342982 0.269322 0.0611194
0.545437 9.9991E-05 0.158498 0.273359 0.0226061
0.214934 0.139977 0.219995 0.424994 9.9991E-05
0.450091 0.0818426 0.265005 0.202961 9.9991E-05
0.124574 0.180774 0.388616 0.305935 9.9991E-05
0.0101655 0.0854094 9.9991E-05 0.794518 0.109807
0.0520054 0.110968 0.0320152 0.0555897 0.749422
9.997E-05 9.997E-05 9.997E-05 9.997E-05 0.9996
9.9973E-05 9.9973E-05 9.9973E-05 0.000228808 0.999471
9.9973E-05 9.9973E-05 0.00924596 9.9973E-05 0.990454
0.0127457 9.9982E-05 0.0447152 9.9982E-05 0.942339
0.0933058 9.9982E-05 9.9982E-05 0.00631528 0.900179
9.9973E-05 9.9973E-05 9.9973E-05 0.0317877 0.967912
0.0129047 9.9982E-05 9.9982E-05 0.207496 0.779399
0.0378176 9.9991E-05 0.00989727 0.92212 0.030065
0.0816257 9.9991E-05 0.00308702 0.812436 0.102751
0.0153722 0.0274393 0.045954 0.911135 9.9991E-05
9.9982E-05 0.00598405 9.9982E-05 0.855053 0.138763
0.0498436 9.9991E-05 0.0666292 0.880446 0.00298155
9.9982E-05 0.0459175 9.9982E-05 0.898032 0.05585
0.0334199 9.9991E-05 0.114131 0.763745 0.0886048
0.0669823 9.9982E-05 0.0704204 0.862397 9.9982E-05
0.0904836 9.9991E-05 0.0287676 0.709261 0.171387
9.9982E-05 0.00402449 0.0682065 0.927569 9.9982E-05
9.9982E-05 0.0101447 9.9982E-05 0.951995 0.0376602
0.0325724 9.9991E-05 0.0696898 0.85758 0.0400577
9.9982E-05 9.9982E-05 0.0170501 0.9214 0.0613503
0.0349038 9.9982E-05 0.0501293 0.914767 9.9982E-05
0.039511 9.9991E-05 0.0510887 0.894717 0.0145833
0.0747457 9.9982E-05 0.0490813 0.875973 9.9982E-05
0.0846741 9.9982E-05 0.141814 0.773312 9.9982E-05
0.12296 9.9982E-05 0.0828064 0.794033 9.9982E-05
0.104625 9.9982E-05 0.0822497 0.812925 9.9982E-05
0.404876 0.319815 0.0759455 0.148031 0.0513328
0.772709 0.109588 9.9982E-05 0.117504 9.9982E-05
0.592035 0.146218 0.126079 0.135567 9.9991E-05
0.12305 0.720108 0.0499841 0.106758 9.9991E-05
0.585495 0.173373 0.0377648 0.0847206 0.118647
0.139402 0.620063 0.00368045 0.236755 9.9991E-05
0.585064 0.185396 0.109399 0.120041 9.9991E-05
0.528909 0.216099 9.9991E-05 0.111972 0.142921
0.584788 0.174267 0.0400351 0.104315 0.0965954
0.706628 0.256444 9.9982E-05 0.0367283 9.9982E-05
0.548578 0.247098 9.9991E-05 0.162027 0.0421969
0.750948 0.122129 0.0244841 0.0766227 0.0258156
0.652826 0.113118 0.00193098 0.146002 0.0861227
0.0688913 0.385598 0.0952632 9.9991E-05 0.450148
9.9982E-05 0.876359 9.9982E-05 0.11369 0.00975053
0.223238 0.59822 0.013777 0.1357 0.0290647
0.661562 0.0174021 0.044041 0.158608 0.118387
0.644118 0.230289 0.00789122 0.117601 9.9991E-05
0.610178 0.179438 9.9982E-05 0.210184 9.9982E-05
0.662882 0.136912 0.0803284 0.04124 0.0786378
0.412302 0.14036 0.256761 0.190477 9.9991E-05
0.633582 9.9991E-05 0.157298 0.189182 0.0198381
0.0939533 0.156543 0.179549 0.396964 0.17299
0.718872 0.012221 9.9991E-05 0.134847 0.133959
0.419265 0.0858061 0.187676 0.169705 0.137548
9.9982E-05 0.348078 0.184681 0.467041 9.9982E-05
0.368574 0.133546 0.172486 0.325294 9.9991E-05
0.385637 0.0796506 0.188048 0.336375 0.0102895
0.403767 9.9991E-05 0.142433 0.344968 0.108732
0.372193 0.0541842 0.231685 0.156254 0.185684
0.438403 0.0163709 0.254036 0.19805 0.0931396
0.572208 0.0392971 0.202813 0.149651 0.0360313
0.364169 0.228489 0.261997 0.145245 9.9991E-05
0.277709 0.0237717 0.206627 0.466375 0.0255172
