0.909885 9.9982E-05 9.9982E-05 0.0135047 0.0764103
0.931365 9.9982E-05 0.024129 9.9982E-05 0.0443063
0.820396 0.0301691 9.9991E-05 0.117622 0.0317128
0.774655 0.0790666 9.9991E-05 0.0436858 0.102492
0.850749 0.0367412 9.9991E-05 0.0865412 0.025869
0.640716 0.089484 0.183371 0.0628846 0.023544
0.88875 0.018897 0.0698929 9.9991E-05 0.0223599
0.776333 0.0137338 0.112432 9.9991E-05 0.0974016
0.849358 9.9982E-05 0.0642594 9.9982E-05 0.0861824
0.729888 0.0730566 0.0811745 0.066719 0.0491621
0.770481 9.9991E-05 0.0849019 0.0321353 0.112382
9.9991E-05 0.0465873 0.105004 0.316906 0.531403
9.9991E-05 0.0526463 0.0639951 0.558751 0.324507
0.0523797 0.0809065 0.0834529 0.33104 0.452221
0.0518056 0.180042 0.0459322 0.316225 0.405995
0.166271 0.114023 0.0874424 0.416858 0.215405
0.0482206 0.130462 0.0837319 0.611792 0.125793
0.0041604 0.113624 0.176707 0.461943 0.243566
0.138925 0.0972431 0.0657005 0.382791 0.31534
0.0521419 0.0626956 0.173557 0.0342069 0.677399
9.999E-05 0.11678 0.211766 0.378378 0.292976
0.0050782 0.14541 0.346904 0.410901 0.0917078
0.086949 0.0328382 0.0226998 0.642696 0.214817
9.999E-05 0.154496 0.172432 0.283305 0.389667
0.0813726 0.0756658 9.9991E-05 0.644921 0.19794
0.064285 0.10426 0.103087 0.582979 0.145388
0.0385987 0.0976432 0.141309 0.224422 0.498027
0.00570101 0.197071 0.0848149 0.206387 0.506026
0.0414779 0.0270382 0.224185 0.259304 0.447995
0.850325 0.0438195 9.9982E-05 0.105655 9.9982E-05
0.869979 9.9973E-05 9.9973E-05 0.129721 9.9973E-05
0.807055 0.0313524 9.9982E-05 0.161392 9.9982E-05
0.72517 0.0642067 9.9991E-05 0.193534 0.0169898
0.0588256 0.0203377 0.188733 0.623205 0.108899
0.133887 0.0318685 0.0995029 0.564759 0.169983
0.0709633 0.0226019 0.178053 0.66231 0.0660718
0.0966768 9.9991E-05 0.0882564 0.216501 0.598466
0.00551455 0.00492743 0.504795 0.484663 9.9991E-05
0.125346 9.9991E-05 0.129161 0.695055 0.0503369
0.0518136 0.132437 0.150968 0.651088 0.0136936
0.122262 0.0124927 0.0390273 0.694008 0.13221
0.0796676 0.0034373 0.131739 0.711902 0.0732543
0.0116732 9.9991E-05 0.491006 0.36274 0.13448
0.0553506 0.0923982 0.150749 0.613305 0.0881974
0.00992924 0.0708872 0.172156 0.706268 0.0407597
0.121524 0.0344169 0.164875 0.615812 0.0633723
9.9973E-05 9.9973E-05 0.47689 0.52281 9.9973E-05
0.0672462 0.0392545 0.132356 0.71698 0.0441629
0.0850359 0.0743327 0.0942679 0.617042 0.129321
0.0827252 9.9982E-05 0.842689 9.9982E-05 0.0743863
9.9991E-05 0.024101 0.244646 0.243467 0.487686
0.0170651 0.0387878 0.595059 0.130412 0.218676
0.102946 0.122728 0.0272916 0.612107 0.134928
0.0571802 0.107953 0.00179807 0.677567 0.155502
0.10454 0.049077 0.0735343 0.677021 0.0958279
0.115216 0.00930123 0.318258 0.196563 0.360663
0.00276439 0.0638875 0.098008 0.616245 0.219095
0.103174 0.0982333 0.124556 0.559625 0.114412
0.11497 0.0472095 0.273589 0.348631 0.2156
0.180685 0.0899126 0.320475 0.0616943 0.347234
0.0780038 0.0325459 0.0550162 0.635976 0.198458
0.0193383 0.0828413 0.134488 0.478196 0.285136
0.0225921 9.9991E-05 0.29687 0.110482 0.569955
9.9991E-05 0.0526838 0.156293 0.521612 0.269311
0.0221128 0.160216 0.20562 0.564552 0.047499
0.0993244 0.0765027 0.0900864 0.603879 0.130207
0.0487187 0.0860313 0.298164 0.282926 0.28416
9.9991E-05 0.1111 0.191789 0.54674 0.150271
0.0836534 0.0843243 0.0359743 0.604967 0.191081
0.0304598 9.9991E-05 0.311148 0.264595 0.393696
9.9982E-05 9.9982E-05 0.239531 0.704109 0.0561606
9.9982E-05 9.9982E-05 0.422925 0.434496 0.142379
0.14062 0.000308355 0.0787047 0.649029 0.131338
9.9973E-05 9.9973E-05 0.868598 0.131102 9.9973E-05
9.9982E-05 9.9982E-05 0.801089 0.174208 0.0245031
9.9982E-05 9.9982E-05 0.478646 0.47071 0.0504446
9.9982E-05 9.9982E-05 0.288732 0.541512 0.169555
0.147487 0.0786181 0.0537002 0.604366 0.115829
9.9991E-05 0.00386164 0.299103 0.630209 0.0667256
0.0131582 9.9991E-05 0.363873 0.31925 0.303619
9.9982E-05 9.9982E-05 0.239085 0.431135 0.32958
0.0120664 0.134494 0.179339 0.56032 0.113781
9.9991E-05 0.0600628 0.477533 0.455238 0.00706559
0.0223281 9.9991E-05 0.347326 0.584035 0.046211
9.9973E-05 9.9973E-05 0.429081 0.570619 9.9973E-05
9.9991E-05 0.00608476 0.772967 0.169473 0.051375
9.9991E-05 0.0102986 0.112288 0.779268 0.0980455
0.80725 0.0565721 9.9991E-05 0.107256 0.0288213
0.917506 9.9973E-05 9.9973E-05 0.082194 9.9973E-05
0.862396 0.0255522 9.9982E-05 0.111852 9.9982E-05
0.905651 0.0268116 0.0100245 0.0574129 9.9991E-05
0.889711 0.0199281 0.00873445 0.081527 9.9991E-05
0.907325 0.0278845 0.0197759 0.0449151 9.9991E-05
0.926336 0.0497431 9.9982E-05 0.0237214 9.9982E-05
0.0703633 0.0592787 0.194741 0.585029 0.0905883
0.112169 0.0742431 0.159277 0.598008 0.0563027
9.9982E-05 9.9982E-05 0.585884 0.251435 0.162482
0.143203 0.0264046 0.187937 0.605905 0.0365501
9.9991E-05 0.0616821 0.239872 0.552944 0.145401
0.0388727 0.027529 0.174195 0.681716 0.0776865
0.00847875 0.055076 0.319243 0.617102 9.9991E-05
0.0229445 0.102779 0.339527 0.53465 9.9991E-05
0.0415041 9.9991E-05 0.57859 0.134533 0.245273
0.165919 0.0472929 0.226684 0.560004 9.9991E-05
0.0815617 0.0287473 0.043599 0.75292 0.0931725
0.0122427 0.124458 0.0768084 0.627764 0.158727
9.9973E-05 9.9973E-05 0.541342 0.458358 9.9973E-05
0.0543904 9.9982E-05 0.289476 0.655934 9.9982E-05
0.0145992 9.9991E-05 0.264747 0.635992 0.0845615
9.9982E-05 0.051377 0.482331 0.466092 9.9982E-05
0.0426738 9.9991E-05 0.252813 0.561174 0.143239
0.14944 9.9991E-05 0.023714 0.741846 0.0849003
9.9991E-05 0.115462 0.266257 0.220216 0.397965
0.110107 0.0645783 0.0403782 0.464291 0.320646
0.112809 0.118662 0.0772393 0.469208 0.222081
0.142841 0.0343917 0.00297165 0.69512 0.124676
0.0698002 9.9991E-05 0.052748 0.573413 0.303938
0.0289079 0.0518719 9.9991E-05 0.587667 0.331453
0.00312994 0.0472121 9.9991E-05 0.537589 0.411969
0.0705067 0.0521113 0.140982 0.613473 0.122927
9.9991E-05 0.0912824 0.0330816 0.673527 0.202009
0.0166512 0.057032 0.111426 0.588388 0.226503
9.9982E-05 9.9982E-05 0.0624104 0.572983 0.364407
0.0976568 0.0986016 9.9991E-05 0.648885 0.154757
0.134056 0.106153 0.148654 0.479643 0.131494
9.9991E-05 0.134515 0.000427444 0.58963 0.275328
0.0972564 0.0847736 0.103484 0.556248 0.158238
0.0184636 0.106107 0.0626823 0.554197 0.25855
0.117006 0.0558072 0.166939 0.39065 0.269598
9.9991E-05 0.0688925 0.10669 0.656909 0.167408
0.0310999 0.0356661 0.0795762 0.70734 0.146318
0.0222706 0.0360094 0.113263 0.343055 0.485402
0.0196801 0.0963948 0.426779 0.171601 0.285545
0.0259061 0.12154 0.0315874 0.566471 0.254496
9.9991E-05 0.0866011 0.536229 0.087596 0.289474
0.0277328 0.0486897 0.188248 0.31499 0.420339
9.9982E-05 9.9982E-05 0.132095 0.506155 0.361551
0.00155577 9.9991E-05 0.0829754 0.411362 0.504006
9.9991E-05 0.0148835 0.113784 0.377293 0.493939
0.0367649 0.135095 0.0867613 0.63048 0.110899
0.0875213 0.159606 0.0526816 0.526466 0.173725
0.0384069 0.0568367 0.0975004 0.530068 0.277188
9.9991E-05 0.0911 0.34283 0.183179 0.382791
0.157606 9.9991E-05 0.137644 0.527031 0.177619
0.103522 0.134262 0.238215 0.502267 0.021735
0.197405 9.9991E-05 0.611534 0.0720554 0.118905
0.143628 0.0101096 0.160371 0.685791 9.9991E-05
0.13914 0.0907671 0.387822 0.357718 0.0245526
0.0961956 0.0933003 0.239614 0.511052 0.0598381
0.118065 0.0692203 0.414149 0.290703 0.107863
0.132182 9.9991E-05 0.482809 0.228495 0.156414
0.0821637 9.9991E-05 0.27547 0.519084 0.123182
0.203073 0.0682098 0.268656 0.459961 9.9991E-05
0.215838 0.0896709 0.175024 0.390937 0.12853
0.069404 0.222405 0.581512 9.9991E-05 0.126579
0.0860738 0.0744222 0.162497 0.601904 0.0751036
9.9982E-05 9.9982E-05 0.423537 0.491446 0.0848168
9.9991E-05 0.01479 0.316503 0.578221 0.0903866
0.0644945 0.0882293 0.0430447 0.67093 0.133302
0.36672 0.282185 0.154927 0.155228 0.0409406
0.602849 0.163284 0.233667 9.9982E-05 9.9982E-05
0.487645 0.18662 0.325535 9.9982E-05 9.9982E-05
0.427003 0.395154 0.139986 0.0189107 0.0189466
0.0521058 0.0169829 0.236728 0.694083 9.9991E-05
0.125528 0.103048 0.110265 0.528947 0.132212
9.9973E-05 0.643669 9.9973E-05 0.356031 9.9973E-05
0.035402 0.416218 9.9991E-05 0.394307 0.153974
0.0501991 0.41619 0.124936 0.272779 0.135895
0.0349209 0.0232455 0.555345 0.386389 9.9991E-05
0.107033 0.144654 0.256183 0.469635 0.0224958
0.0369844 0.0574569 0.704027 0.201432 9.9991E-05
0.0854833 0.00461803 0.27723 0.632569 9.99909E-05
0.124774 9.9982E-05 0.35988 0.515146 9.9982E-05
0.0242379 0.0648515 0.234974 0.650852 0.0250846
0.100824 9.9982E-05 0.624688 0.274288 9.9982E-05
0.136602 0.0588298 0.114037 0.675614 0.0149179
0.0832973 0.116611 0.20101 0.598982 9.9991E-05
9.9982E-05 0.946285 0.0249394 0.0285752 9.9982E-05
9.99756E-05 0.899556 9.99756E-05 0.100144 9.99756E-05
0.111454 0.54175 0.0435162 0.295248 0.00803126
0.0181224 0.695305 9.9982E-05 0.286373 9.9982E-05
9.9982E-05 0.84543 0.0519964 0.102373 9.9982E-05
9.997E-05 0.9996 9.997E-05 9.997E-05 9.997E-05
9.9973E-05 0.974304 9.9973E-05 9.9973E-05 0.0253957
9.9973E-05 0.901548 9.9973E-05 0.0981518 9.9973E-05
9.9973E-05 0.99507 9.9973E-05 9.9973E-05 0.00462972
9.997E-05 0.9996 9.997E-05 9.997E-05 9.997E-05
9.997E-05 0.9996 9.997E-05 9.997E-05 9.997E-05
9.9991E-05 0.818481 0.00250975 0.116317 0.0625925
0.0311392 0.85605 9.9991E-05 0.0567641 0.0559465
9.9973E-05 0.982339 0.0173613 9.9973E-05 9.9973E-05
0.0585289 0.421567 0.0339909 0.382903 0.103011
0.0505664 0.650858 9.9991E-05 0.168376 0.1301
0.0487135 0.778046 9.9991E-05 0.15029 0.0228511
0.0514342 0.885473 9.9991E-05 0.0565341 0.0064585
9.9973E-05 0.984659 9.9973E-05 0.0150409 9.9973E-05
0.0505956 0.87605 9.9982E-05 0.0731549 9.9982E-05
9.997E-05 0.9996 9.997E-05 9.997E-05 9.997E-05
0.0397102 0.627882 9.9991E-05 0.292029 0.0402784
9.9982E-05 0.939726 9.9982E-05 0.00820756 0.0518664
0.371918 0.101077 0.526805 9.9982E-05 9.9982E-05
0.158906 0.128224 0.148565 0.368293 0.196012
0.217561 0.147931 0.161631 0.382292 0.0905853
0.288365 0.130339 0.424154 0.150968 0.0061731
0.152694 0.177581 0.209394 0.376134 0.0841971
0.350094 0.126329 0.342047 0.18143 9.9991E-05
0.220611 0.11205 0.221808 0.370088 0.0754432
0.190473 0.191801 0.360753 0.256873 9.9991E-05
0.125732 0.239877 0.245108 0.389184 9.9991E-05
0.232603 0.268077 0.199712 0.299507 9.9991E-05
0.170884 0.0181429 0.169941 0.565368 0.0756635
0.85612 9.9991E-05 0.0431809 0.0298002 0.0707991
0.928829 0.0665949 9.9982E-05 0.00437605 9.9982E-05
0.955813 9.9982E-05 0.022 0.0219872 9.9982E-05
0.968287 9.9973E-05 9.9973E-05 9.9973E-05 0.0314132
0.896061 0.0375082 9.9991E-05 0.000742686 0.0655879
0.900436 0.0992645 9.9973E-05 9.9973E-05 9.9973E-05
0.885533 0.0715519 9.9982E-05 0.0427156 9.9982E-05
0.908946 0.00300412 0.0177156 0.0376351 0.0326989
0.939141 0.0118841 9.9991E-05 0.0403763 0.00849818
0.810367 0.134237 9.9982E-05 9.9982E-05 0.055196
0.594255 0.00287216 0.119865 9.9991E-05 0.282908
0.60247 0.0142321 9.9982E-05 9.9982E-05 0.383098
0.554707 9.9982E-05 0.157246 9.9982E-05 0.287847
0.502402 9.9982E-05 0.160695 9.9982E-05 0.336703
0.0252796 9.9991E-05 0.172244 0.632626 0.16975
9.9991E-05 0.00819627 0.172553 0.676441 0.142709
0.0793645 9.9991E-05 0.0811568 0.585845 0.253534
0.0746039 9.9991E-05 0.149592 0.539216 0.236489
9.9991E-05 0.0196198 0.0681626 0.236977 0.67514
0.0291059 0.086639 0.197054 0.607419 0.0797822
0.0573145 9.9991E-05 0.170199 0.665111 0.107276
9.9991E-05 0.00649716 0.343854 0.571354 0.0781951
9.9991E-05 0.0104776 0.460501 0.498702 0.0302187
0.0807975 0.0553505 0.15079 0.618037 0.0950253
9.9982E-05 9.9982E-05 0.31959 0.479975 0.200236
9.9982E-05 9.9982E-05 0.833015 0.0654072 0.101378
9.9991E-05 0.0915059 0.148878 0.567335 0.192181
0.00426681 0.0389756 0.584778 0.311069 0.0609099
0.0334012 9.9991E-05 0.265189 0.627021 0.0742897
9.9982E-05 9.9982E-05 0.525985 0.22697 0.246845
0.146996 0.00181267 0.0836751 9.9991E-05 0.767416
0.108364 9.9991E-05 0.0981329 0.0992832 0.69412
0.0694045 9.9991E-05 0.089227 0.0149472 0.826321
0.128063 9.9982E-05 0.0782346 9.9982E-05 0.793502
9.9991E-05 0.0700518 0.0675063 0.0249827 0.837359
0.070857 0.00526362 9.9991E-05 0.139501 0.784278
0.897966 0.0386908 9.9982E-05 0.063143 9.9982E-05
0.869096 0.0688646 9.9991E-05 0.0150383 0.0469008
0.797033 0.135294 9.9982E-05 0.0674727 9.9982E-05
0.727893 0.150141 9.9982E-05 9.9982E-05 0.121766
0.837102 0.0289406 9.9991E-05 0.109728 0.0241291
0.387951 9.9982E-05 0.0299321 9.9982E-05 0.581917
0.496223 9.9982E-05 0.108457 9.9982E-05 0.39512
0.45513 9.9982E-05 0.0766058 9.9982E-05 0.468065
0.799976 0.043678 9.9991E-05 0.128332 0.0279148
0.392469 9.9982E-05 0.0984629 9.9982E-05 0.508868
0.283087 0.369362 0.0965859 0.250865 9.9991E-05
0.091742 0.300328 9.9991E-05 0.51832 0.08951
0.18148 0.280714 9.9982E-05 0.537606 9.9982E-05
0.245277 0.270963 0.0953271 0.345082 0.0433511
0.185173 0.145947 9.9991E-05 0.617614 0.0511665
0.51191 0.321272 0.166619 9.9982E-05 9.9982E-05
9.99971E-05 0.0308118 0.0787031 0.548603 0.341782
9.9991E-05 0.0561078 0.33014 0.358091 0.255561
0.11446 9.9991E-05 0.0738579 0.368569 0.443013
9.9991E-05 0.00756066 0.326714 0.561067 0.104559
9.9973E-05 9.9973E-05 0.823291 9.9973E-05 0.176409
0.0862721 0.0720536 0.192303 0.590827 0.0585443
0.0548212 0.0091349 0.206616 0.597916 0.131512
0.0275093 9.9991E-05 0.0131578 0.469785 0.489448
0.0887096 0.0881372 0.162055 0.477643 0.183455
9.9991E-05 0.0180279 0.537945 0.134324 0.309603
0.033949 0.0758707 0.203896 0.515851 0.170433
9.9991E-05 0.06536 0.10581 0.563626 0.265104
0.136352 0.262392 0.10167 0.395057 0.104529
9.9991E-05 0.0234596 0.275689 0.449581 0.251171
0.0882308 0.00804806 0.103158 0.55074 0.249823
0.0153966 0.142753 0.246529 0.46169 0.133631
9.9982E-05 9.9982E-05 0.152462 0.613293 0.234044
0.055658 0.110757 0.0574657 0.560312 0.215807
0.179429 0.0391093 9.9991E-05 0.637732 0.143629
0.117441 0.0569001 0.132462 0.546168 0.147028
0.775198 0.0822022 9.9982E-05 0.142399 9.9982E-05
0.873726 0.000352694 9.9982E-05 0.125721 9.9982E-05
0.781505 9.9991E-05 0.0562578 0.087502 0.0746352
0.832311 0.0118126 0.0401154 0.0495777 0.0661834
0.835219 0.0124555 9.9982E-05 0.152125 9.9982E-05
9.9991E-05 0.0702605 0.170417 0.143838 0.615384
0.05379 0.11751 0.161088 0.449457 0.218154
0.218933 0.182862 0.143571 0.413894 0.0407398
0.00217224 0.0964357 9.9991E-05 0.694185 0.207107
0.0505169 0.0833367 0.0539668 0.521795 0.290384
9.9991E-05 0.10527 0.294591 0.270963 0.329076
0.158462 9.9991E-05 0.241093 0.0223254 0.57802
0.0308469 0.0593315 0.0317905 0.553653 0.324378
0.0677796 0.0828601 0.169255 0.170449 0.509657
0.0894052 0.120503 0.200394 0.363378 0.226319
0.126415 0.00502719 0.0869399 0.183794 0.597824
0.101914 0.105914 9.9991E-05 0.604974 0.187098
0.0522271 0.0534577 0.048794 0.236881 0.60864
0.04885 0.0884712 0.210536 0.363093 0.28905
0.0899021 0.0256387 0.307018 0.494702 0.0827382
0.0466925 0.0676749 0.558543 0.252252 0.0748376
0.160438 9.9991E-05 0.148207 0.628532 0.0627219
0.123443 0.0263603 0.20895 0.627757 0.0134907
0.0423281 9.9991E-05 0.44319 0.423439 0.0909435
0.168266 0.121602 0.026429 0.543442 0.140261
0.0832212 9.9982E-05 0.270791 0.645788 9.9982E-05
9.9982E-05 9.9982E-05 0.721777 0.156702 0.121321
0.0432904 9.9982E-05 0.631201 0.325309 9.9982E-05
0.0592383 9.9991E-05 0.259275 0.584499 0.0968879
0.00130861 9.9991E-05 0.638937 0.181178 0.178476
0.0719446 9.9991E-05 0.359191 0.526043 0.0427214
9.9982E-05 9.9982E-05 0.123464 0.196452 0.679883
9.9991E-05 0.016332 0.322182 0.348303 0.313083
9.9991E-05 0.0835181 0.0191957 0.4394 0.457786
0.0148599 0.0914652 0.0352082 0.673862 0.184605
9.9991E-05 0.015231 0.149474 0.282613 0.552582
0.08962 0.149367 0.107867 0.455714 0.197432
0.0871188 0.0731233 0.0126772 0.583069 0.244011
9.9991E-05 0.17058 0.0500487 0.427425 0.351846
0.0531858 0.138608 0.0650019 0.486417 0.256787
0.0861721 0.0421764 0.00405703 0.498299 0.369295
9.9991E-05 0.101829 0.0465794 0.268605 0.582886
9.9991E-05 0.107843 0.0751568 0.356841 0.460059
9.9991E-05 0.0586815 0.0700856 0.684183 0.18695
0.0432167 0.0726705 0.099475 0.627371 0.157267
0.112346 9.9991E-05 0.159889 0.47224 0.255425
9.9991E-05 0.0706622 0.169463 0.577316 0.182458
0.0228938 0.0660911 9.9991E-05 0.448386 0.462529
0.0357829 0.0985209 9.9991E-05 0.626056 0.23954
0.0187715 0.165405 0.0419704 0.523792 0.250061
0.0652503 0.12914 0.124638 0.50643 0.174541
0.410174 0.114223 0.00705331 0.468449 9.9991E-05
0.128765 0.285801 0.140763 0.425259 0.0194122
0.139409 0.210622 9.9991E-05 0.521438 0.128431
0.07261 0.176739 9.9991E-05 0.604405 0.146146
0.190687 0.272561 0.0383137 0.487931 0.0105076
9.9991E-05 0.0500352 0.273138 0.508975 0.167752
0.225741 0.151076 0.0767316 0.546352 9.9991E-05
0.293415 0.191205 0.51518 9.9982E-05 9.9982E-05
0.107039 0.205566 0.0543745 0.52081 0.112211
0.154535 0.15612 0.0370549 0.574933 0.0773567
0.0957774 0.268173 0.169945 0.410436 0.055668
0.235979 0.185818 0.251923 0.313368 0.0129117
0.189898 0.123937 0.129713 0.556352 9.9991E-05
0.0974411 0.226634 0.0881769 0.545714 0.0420337
0.466355 0.237722 0.295723 9.9982E-05 9.9982E-05
0.13819 0.148128 0.0854399 0.596552 0.0316904
0.216656 0.219358 9.9982E-05 0.563786 9.9982E-05
0.0585215 0.132392 0.127646 0.658558 0.0228834
0.227452 0.213419 0.0146735 0.530933 0.0135225
0.132074 0.164976 0.139562 0.529263 0.0341249
0.0186546 0.0723008 0.272376 0.542193 0.0944759
0.0858402 0.158274 0.194998 0.458808 0.10208
9.9991E-05 0.0167676 0.766125 0.0812704 0.135737
9.9982E-05 9.9982E-05 0.793454 0.0879662 0.11838
0.0800745 0.105677 0.265048 0.494104 0.0550972
0.0766105 0.417896 0.0878926 0.371376 0.0462243
0.106262 0.37102 0.150781 0.371838 9.9991E-05
0.177078 0.409304 0.342272 0.0697388 0.00160725
0.193442 0.306783 0.146706 0.352968 9.9991E-05
0.110044 0.169094 0.634761 0.0860003 9.9991E-05
0.115352 0.164725 0.495223 0.224599 9.9991E-05
0.0199843 0.149221 0.24745 0.583245 9.9991E-05
0.0879543 0.174283 0.258953 0.47871 9.9991E-05
0.0670124 0.183795 0.527827 0.215876 0.00548902
0.094054 0.153878 0.174893 0.50262 0.0745548
0.00125664 0.192747 0.199623 0.547181 0.059192
0.0277389 0.25574 0.171362 0.419068 0.126091
0.0709411 9.9991E-05 0.446034 0.41799 0.0649354
0.0291361 0.0510115 0.464464 0.418015 0.0373732
0.0664424 0.0475419 0.349876 0.52406 0.0120791
0.0267475 0.0649936 0.310941 0.447569 0.149749
0.0660837 0.231163 0.203141 0.399565 0.100048
0.0510145 9.9991E-05 0.388301 0.555072 0.00551206
9.9982E-05 9.9982E-05 0.639616 0.286078 0.0741057
0.0888665 0.0201156 0.247383 0.643535 9.9991E-05
9.9982E-05 9.9982E-05 0.651444 0.312766 0.0355899
0.000528348 0.00182223 0.434423 0.557815 0.0054121
0.0505295 0.0987408 0.28764 0.507537 0.0555528
9.9991E-05 0.0869886 0.326162 0.451778 0.134972
0.144343 0.210927 0.165992 0.478637 9.9991E-05
0.0908049 0.222739 0.244981 0.419397 0.0220789
0.181278 0.308217 0.216625 0.292903 0.000976831
0.151174 0.284131 0.174412 0.344239 0.0460441
0.157962 0.186352 0.102744 0.420482 0.13246
0.152234 0.217704 0.136415 0.408716 0.0849308
0.221302 0.190848 0.58765 9.9982E-05 9.9982E-05
0.128734 0.239997 9.9991E-05 0.543967 0.0872021
0.4067 0.178205 0.414894 9.9982E-05 9.9982E-05
0.090482 0.22939 0.125029 0.554999 9.9991E-05
9.9973E-05 9.9973E-05 0.760761 0.238939 9.9973E-05
0.0212487 0.0169763 0.884677 0.0285528 0.0485453
9.9982E-05 0.0319894 0.367383 0.600428 9.9982E-05
0.0381901 0.0488573 0.168136 0.744716 9.9991E-05
9.9982E-05 9.9982E-05 0.479119 0.491422 0.0292582
9.9991E-05 0.0066666 0.286856 0.659075 0.0473023
9.9991E-05 0.0201894 0.317326 0.622701 0.0396844
0.8176 0.0761291 0.0539461 0.0522246 9.9991E-05
0.682312 0.131594 0.0334098 0.00521762 0.147466
0.916389 0.0667559 9.9982E-05 9.9982E-05 0.0166551
0.955736 9.9973E-05 9.9973E-05 0.0439638 9.9973E-05
0.0599773 9.9991E-05 0.26822 0.622046 0.0496562
0.0572338 0.0689201 0.213665 0.552937 0.107244
0.00522598 9.9991E-05 0.300348 0.598239 0.096087
0.0825978 9.9991E-05 0.104194 0.743469 0.0696392
0.0778412 0.106003 0.265701 0.517025 0.0334309
0.0166418 9.9991E-05 0.420543 0.360323 0.202392
9.9991E-05 0.0631163 0.201332 0.70699 0.0284619
0.0162055 9.9982E-05 0.481503 0.502092 9.9982E-05
0.280215 0.135342 9.9991E-05 0.554418 0.0299251
9.9991E-05 0.0482257 0.308695 0.577725 0.0652537
9.9982E-05 9.9982E-05 0.257489 0.505343 0.236968
9.9982E-05 9.9982E-05 0.239135 0.699766 0.0608987
9.9982E-05 9.9982E-05 0.304463 0.544404 0.150933
9.9982E-05 0.0101585 0.298376 0.691265 9.9982E-05
0.148572 0.0509402 0.187716 0.612672 9.9991E-05
9.9973E-05 9.9973E-05 0.740481 0.259219 9.9973E-05
9.9991E-05 0.0425309 0.553656 0.373825 0.0298882
9.9982E-05 9.9982E-05 0.357586 0.549247 0.0929674
9.9973E-05 9.9973E-05 0.932587 0.0671135 9.9973E-05
0.0248635 0.0467614 0.326362 0.510013 0.092001
9.9982E-05 9.9982E-05 0.762569 0.204667 0.0325638
9.9982E-05 9.9982E-05 0.923347 0.0397931 0.0366598
0.0624206 9.9991E-05 0.2585 0.650644 0.0283354
0.0378418 9.9991E-05 0.42317 0.370977 0.16791
0.0446986 0.00299122 0.25204 0.597493 0.102777
0.167474 0.0504183 0.129502 0.602242 0.0503636
9.9982E-05 9.9982E-05 0.117912 0.678008 0.20388
9.9991E-05 0.0924942 0.282853 0.364217 0.260335
9.9982E-05 9.9982E-05 0.202167 0.686857 0.110777
0.0274582 9.9991E-05 0.241521 0.578428 0.152493
9.9973E-05 9.9973E-05 0.512127 0.487573 9.9973E-05
0.041131 0.0962336 0.207897 0.553891 0.100847
0.639959 9.9982E-05 0.0393575 9.9982E-05 0.320484
0.768192 9.9991E-05 0.0983701 0.0510187 0.0823188
0.824854 9.9982E-05 0.038075 9.9982E-05 0.136871
0.796431 9.9982E-05 0.0294338 9.9982E-05 0.173935
0.758203 9.9982E-05 9.9982E-05 0.00229089 0.239306
0.0227399 0.0244367 0.387136 0.29582 0.269867
0.00046269 9.9991E-05 0.477309 0.319388 0.202741
9.9973E-05 9.9973E-05 0.651911 0.347789 9.9973E-05
0.0416671 0.0941667 0.152322 0.620402 0.0914421
0.151714 0.0563819 0.0687821 0.684528 0.0385935
0.0457226 9.9982E-05 0.458314 0.495764 9.9982E-05
0.0152814 0.070392 0.201701 0.651195 0.0614299
0.0295006 0.0285048 0.35426 0.546859 0.0408753
0.0228961 9.9991E-05 0.210955 0.699259 0.0667895
0.0750005 0.0390674 0.211205 0.652429 0.022298
9.9982E-05 9.9982E-05 0.41039 0.395829 0.19358
9.9982E-05 9.9982E-05 0.328597 0.53535 0.135854
9.9982E-05 9.9982E-05 0.365852 0.47884 0.155108
0.126203 0.0242306 0.123282 0.66646 0.0598248
9.9982E-05 9.9982E-05 0.325269 0.558618 0.115912
9.9991E-05 0.0293167 0.30146 0.539723 0.129401
0.0400122 0.529513 9.9991E-05 0.354634 0.0757408
0.0922846 0.451342 0.0786976 0.322056 0.0556198
0.104358 0.49346 9.9982E-05 0.401982 9.9982E-05
0.208911 0.459807 9.9982E-05 0.331082 9.9982E-05
0.166367 0.295867 9.9991E-05 0.488162 0.0495034
0.0737348 0.0197208 0.354889 0.551555 9.9991E-05
0.223416 0.702249 0.0191035 0.0268266 0.0284042
0.178132 0.453241 9.9982E-05 0.368427 9.9982E-05
0.18621 0.111408 0.241549 0.460733 9.9991E-05
0.193986 9.9982E-05 0.151762 0.654052 9.9982E-05
0.141122 0.0766403 0.318672 0.392236 0.0713303
0.113728 0.127065 0.0627319 0.572666 0.123809
0.193646 9.9982E-05 0.0989376 0.707217 9.9982E-05
0.203746 0.401137 9.9982E-05 0.394917 9.9982E-05
0.117984 0.345976 9.9991E-05 0.413433 0.122507
0.0448336 0.517504 9.9982E-05 0.437462 9.9982E-05
0.144136 0.311883 0.0239076 0.494109 0.0259648
0.10675 0.529287 9.9991E-05 0.338267 0.025596
0.130176 0.379545 0.107524 0.382656 9.9991E-05
0.126211 0.557758 0.0837302 0.232201 9.9991E-05
0.0801367 0.397274 9.9991E-05 0.399341 0.123148
0.0348284 0.097674 0.266979 0.600418 9.9991E-05
0.172102 0.349384 0.0783181 0.400096 9.9991E-05
0.148262 0.709475 0.0205758 0.121587 9.9991E-05
0.0961111 0.368015 0.0209815 0.432195 0.0826971
0.150339 0.0302185 0.286006 0.245277 0.288159
0.0203354 0.137305 0.13956 0.585341 0.117459
0.135375 0.30574 0.0712623 0.388194 0.099429
0.139045 0.00168354 0.0876968 0.704824 0.0667504
0.17684 0.0584589 0.180744 0.519769 0.0641882
0.244621 0.211269 0.13879 0.40522 9.99905E-05
0.219108 0.283067 0.0769273 0.395684 0.0252137
0.129783 0.153243 0.13335 0.55728 0.0263443
0.120113 0.475563 0.0373974 0.347712 0.0192148
0.168269 0.374322 9.9982E-05 0.45721 9.9982E-05
0.184104 0.635703 0.00970991 0.153414 0.0170695
0.0993222 0.0266873 0.0259969 0.762664 0.0853294
0.171352 9.9991E-05 0.218602 0.520092 0.0898533
0.158109 0.0620033 0.617664 0.162123 9.9991E-05
0.111297 0.126514 0.0561406 0.639236 0.0668126
0.156925 9.9991E-05 0.124123 0.515951 0.202902
0.197953 0.135571 0.158639 0.507738 9.9991E-05
0.195555 0.0910086 0.158056 0.493466 0.0619153
0.379506 0.206859 0.413435 9.9982E-05 9.9982E-05
0.388974 0.146099 0.464728 9.9982E-05 9.9982E-05
0.202993 0.145935 0.344381 0.242194 0.0644968
0.431888 0.177063 0.328071 0.0628774 9.9991E-05
0.521291 0.225002 0.253507 9.9982E-05 9.9982E-05
0.1629 0.14133 0.355059 0.340611 9.9991E-05
0.204199 0.235333 0.169973 0.366038 0.0244571
0.299411 0.255904 0.284595 0.159989 9.9991E-05
0.36482 0.168253 0.393362 0.0734655 9.9991E-05
0.110476 0.143319 0.199567 0.518392 0.0282459
0.245414 0.180629 0.420809 0.153048 9.9991E-05
0.506454 0.102557 0.390789 9.9982E-05 9.9982E-05
0.121551 0.281651 0.0354256 0.437195 0.124178
0.182946 0.240218 0.120946 0.403352 0.0525379
0.356176 0.12757 0.00505464 0.478588 0.0326114
0.164019 0.305159 9.9982E-05 0.530622 9.9982E-05
0.145339 0.200742 0.0746131 0.579206 9.9991E-05
0.159904 0.263127 0.0897433 0.487126 9.9991E-05
0.385238 0.227461 9.9991E-05 0.355641 0.0315605
0.280131 0.0987644 9.9982E-05 0.620905 9.9982E-05
0.270891 0.292848 9.9982E-05 0.436061 9.9982E-05
0.263569 0.257125 0.140283 0.314992 0.0240305
0.174283 0.146977 0.198242 0.350956 0.129542
0.249748 0.0773645 9.9991E-05 0.581656 0.0911316
0.1248 0.24229 0.0238216 0.521523 0.0875655
0.141059 0.0632191 0.131137 0.664485 9.9991E-05
0.290448 0.289576 0.029024 0.390853 9.9991E-05
0.190271 0.241133 0.135696 0.4328 9.9991E-05
0.415864 0.234315 0.205548 0.144173 9.9991E-05
0.0928577 0.225299 9.9991E-05 0.610833 0.0709098
0.267263 0.339896 0.186093 0.206648 9.9991E-05
0.791564 0.00588485 0.0649444 9.9991E-05 0.137507
0.0520278 0.0341226 9.9991E-05 0.100383 0.813366
9.997E-05 9.997E-05 9.997E-05 9.997E-05 0.9996
9.997E-05 9.997E-05 9.997E-05 9.997E-05 0.9996
9.9973E-05 9.9973E-05 9.9973E-05 0.00467288 0.995027
9.9982E-05 0.050712 9.9982E-05 0.00253369 0.946554
9.9973E-05 9.9973E-05 9.9973E-05 0.0488317 0.950868
0.00901228 9.9973E-05 9.9973E-05 9.9973E-05 0.990688
0.196844 9.9973E-05 9.9973E-05 9.9973E-05 0.802857
0.917515 0.0351588 9.9991E-05 0.0235143 0.0237121
0.789713 0.0410829 9.9991E-05 0.0478722 0.121232
0.844498 0.0689192 0.0306614 0.055821 9.9991E-05
0.836719 9.9982E-05 9.9982E-05 0.050923 0.112158
0.885418 0.0444668 9.9991E-05 0.042324 0.0276911
0.908581 9.9982E-05 0.047835 9.9982E-05 0.0433843
0.791222 0.121713 9.9991E-05 0.0353875 0.0515774
0.880988 0.0516575 0.0107338 0.0565209 9.9991E-05
0.695456 0.0514384 0.0207006 0.104268 0.128137
0.910786 0.0580004 9.9982E-05 0.0310133 9.9982E-05
0.958222 9.9982E-05 9.9982E-05 0.00342871 0.0381495
0.842213 0.0539207 0.00190915 0.0399922 0.0619651
0.943795 9.9982E-05 9.9982E-05 0.0132939 0.0427116
0.88761 0.0617836 0.0312501 0.0192564 9.9991E-05
0.865634 0.0591381 9.9982E-05 0.0750277 9.9982E-05
0.826872 0.087465 9.9982E-05 0.0854635 9.9982E-05
0.779434 0.18205 9.9982E-05 0.0383156 9.9982E-05
0.78755 0.111066 9.9982E-05 0.101185 9.9982E-05
0.789716 0.114 9.9982E-05 0.0960846 9.9982E-05
0.176979 0.0872798 0.321298 0.356867 0.0575772
0.113022 9.9991E-05 0.126588 0.721301 0.0389894
0.18031 0.0956399 0.0212101 0.641379 0.0614602
0.0800113 0.0248956 0.746292 0.136989 0.0118116
0.102585 0.0394824 0.147348 0.562274 0.14831
0.214767 0.0140815 0.639527 0.131525 9.9991E-05
0.187232 0.0235541 0.0895018 0.631869 0.0678434
0.122629 9.9991E-05 0.206349 0.471335 0.199586
0.144063 0.0190245 0.193997 0.56481 0.0781054
0.0860356 9.9991E-05 0.121493 0.66376 0.128611
0.164597 9.9991E-05 0.147705 0.516721 0.170876
0.140877 0.0568582 0.145649 0.656516 9.9991E-05
0.109759 0.0317729 0.201937 0.575085 0.0814461
9.9991E-05 0.0702088 0.398848 0.0586974 0.472146
0.101736 9.9982E-05 0.853695 9.9982E-05 0.0443693
0.157594 0.0526334 0.643488 0.134633 0.0116526
0.130568 0.0165775 9.9991E-05 0.700643 0.152111
0.113579 9.9991E-05 0.245554 0.610219 0.0305474
0.179381 0.035431 0.223343 0.561745 9.9991E-05
0.0797539 0.0614611 0.143213 0.715472 9.9991E-05
0.188409 0.153698 0.116328 0.541464 9.9991E-05
0.238037 0.153939 9.9991E-05 0.568108 0.0398156
0.327672 0.228919 0.191052 0.075516 0.176841
0.107668 0.104226 0.121319 0.596783 0.0700032
0.259225 0.133106 0.0957212 0.443437 0.0685101
0.492395 0.202314 0.30509 9.9982E-05 9.9982E-05
0.287785 0.213751 0.164652 0.333712 9.9991E-05
0.350854 0.207901 0.0775214 0.291578 0.0721447
0.348732 0.0711889 9.9991E-05 0.386365 0.193613
0.0942555 0.18547 0.025675 0.535854 0.158745
0.19714 0.195475 0.0707768 0.485084 0.0515251
0.172295 0.212175 0.00233078 0.534283 0.0789158
0.160646 0.259766 0.209192 0.355112 0.0152832
0.500237 0.151664 9.9982E-05 0.347899 9.9982E-05
