0.0713976 0.00656494 0.0529683 9.9991E-05 0.868969
0.064017 0.0012594 9.9982E-05 9.9982E-05 0.934524
0.0367378 0.117029 0.0599535 9.9991E-05 0.78618
0.0766936 0.0619127 0.0583541 9.9991E-05 0.80294
0.0231265 0.0640862 0.0270082 9.9991E-05 0.885679
0.0738003 0.0988544 0.0570099 0.154646 0.61569
0.0407179 0.0329283 9.9991E-05 0.0763817 0.849872
0.112455 0.0342152 0.0291954 0.0611662 0.762969
0.0686874 9.9982E-05 9.9982E-05 0.0845695 0.846543
0.0232672 0.103305 0.0546439 0.0805425 0.738241
0.120326 0.0316168 9.9991E-05 0.0706191 0.777338
0.544552 0.264102 0.103537 0.0877082 9.9991E-05
0.346607 0.508924 0.113638 0.0307309 9.9991E-05
0.494046 0.272436 0.0792708 0.123148 0.0310996
0.427953 0.339409 0.169803 0.050989 0.0118458
0.229891 0.363253 0.182898 0.0931919 0.130766
0.143545 0.622156 0.103315 0.090347 0.0406366
0.226 0.492267 0.105845 0.175788 9.9991E-05
0.336971 0.368491 0.0914423 0.0704049 0.13269
0.629863 0.0468338 0.0728749 0.207183 0.0432457
0.373071 0.414309 0.104718 0.0945606 0.0133411
0.248217 0.469324 0.123585 0.13328 0.0255945
0.191122 0.6051 0.105869 0.0903554 0.00755353
0.365712 0.337686 0.133598 0.162905 9.9991E-05
0.0823438 0.653782 0.0871013 0.0586449 0.118128
0.215904 0.587154 0.146533 0.0503083 9.9991E-05
0.476776 0.20658 0.0981738 0.165544 0.052926
0.468023 0.199015 0.247755 0.0851076 9.9991E-05
0.476124 0.262776 0.0451705 0.21583 9.9991E-05
9.9982E-05 0.115987 0.0206573 9.9982E-05 0.863156
9.9973E-05 0.188986 9.9973E-05 9.9973E-05 0.810714
0.0117895 0.188457 9.9982E-05 9.9982E-05 0.799553
9.9982E-05 0.173192 0.0432774 9.9982E-05 0.783331
0.0738783 0.720936 0.0407662 0.0907558 0.0736635
0.0614425 0.612194 0.0351979 0.176105 0.115061
0.0314591 0.747493 9.9991E-05 0.190763 0.0301849
0.659904 0.221129 0.00778988 0.0259579 0.0852199
0.0582388 0.568002 9.9991E-05 0.345194 0.0284656
0.0579356 0.603454 0.0262053 0.179437 0.132968
9.9991E-05 0.718104 0.0445435 0.211361 0.0258916
9.9991E-05 0.676185 0.0340726 0.137885 0.151757
9.9982E-05 0.769691 9.9982E-05 0.0409714 0.189138
0.252635 0.315183 9.9982E-05 0.431982 9.9982E-05
0.0448986 0.600919 0.110651 0.1967 0.0468313
0.0718295 0.643106 0.0530812 0.175278 0.0567054
9.9991E-05 0.711813 0.0229836 0.087691 0.177412
0.0291226 0.549556 9.9982E-05 0.421121 9.9982E-05
0.00131716 0.6612 0.0681894 0.250714 0.0185799
0.0817007 0.640143 0.0730048 0.0566343 0.148517
0.0993507 9.9982E-05 9.9982E-05 0.793102 0.107348
0.535186 0.240566 0.0179529 0.206196 9.9991E-05
0.182092 0.166794 0.0286946 0.555209 0.0672103
0.123179 0.583637 0.0430466 0.127543 0.122594
9.9991E-05 0.621515 0.07593 0.183746 0.118709
0.0570131 0.548306 0.130774 0.192912 0.0709949
0.356606 0.220626 9.9991E-05 0.306963 0.115705
0.311071 0.599856 0.0888736 9.9982E-05 9.9982E-05
0.097479 0.614637 0.136342 0.0484145 0.103127
0.250229 0.414069 0.0137154 0.225007 0.0969785
0.404445 0.0517523 0.0868605 0.25088 0.206062
0.0881557 0.616547 0.108857 0.07683 0.10961
0.272947 0.436568 0.105116 0.139843 0.0455269
0.575721 0.11058 9.9991E-05 0.274488 0.0391106
0.33561 0.472512 0.0401352 0.151643 9.9991E-05
0.033994 0.666981 0.156405 0.14252 9.9991E-05
0.256616 0.627767 0.00708519 9.9991E-05 0.108432
0.320617 0.345217 0.060581 0.223044 0.0505411
0.18472 0.604308 0.0222026 0.130154 0.0586157
0.188423 0.554419 0.036484 0.0967546 0.123919
0.400057 0.271751 9.9991E-05 0.301431 0.0266616
0.0735224 0.723197 9.9982E-05 0.203081 9.9982E-05
0.185218 0.417743 9.9982E-05 0.396839 9.9982E-05
0.0594026 0.534022 0.066908 0.238695 0.100973
0.0252719 0.216316 9.9982E-05 0.758212 9.9982E-05
0.090764 0.182568 9.9982E-05 0.726468 9.9982E-05
0.0418395 0.4844 9.9982E-05 0.47356 9.9982E-05
0.130403 0.607568 0.0029119 0.23344 0.025677
0.0476487 0.597216 0.141129 0.144559 0.0694475
0.0624198 0.54963 0.0665303 0.32132 9.9991E-05
0.279896 0.371616 9.9982E-05 0.348289 9.9982E-05
0.309209 0.404273 9.9982E-05 0.286318 9.9982E-05
0.153306 0.602523 0.0729347 0.139962 0.031274
0.142382 0.506953 9.9991E-05 0.326808 0.0237573
0.00176976 0.581747 0.0360536 0.301135 0.0792942
9.9973E-05 0.587678 9.9973E-05 0.412022 9.9973E-05
0.0572083 0.106817 0.00896589 0.826909 9.9991E-05
0.047229 0.779202 0.0274031 0.146066 9.9991E-05
0.0884611 0.115485 0.00806482 9.9991E-05 0.787889
9.9973E-05 0.0997938 9.9973E-05 9.9973E-05 0.899906
9.9982E-05 0.0633514 0.0589604 9.9982E-05 0.877488
9.9982E-05 0.0411924 0.0227525 9.9982E-05 0.935855
0.0170118 0.0742911 0.00671523 0.0119845 0.889997
0.0112593 0.023342 0.0647812 0.0278572 0.87276
9.9982E-05 0.0671201 0.0131177 9.9982E-05 0.919562
0.0619934 0.642897 0.02802 0.16796 0.0991294
0.0593809 0.730544 0.0406941 0.0803934 0.0889875
0.145642 0.273634 9.9982E-05 0.580524 9.9982E-05
0.062623 0.552831 0.10924 0.191777 0.0835295
0.109588 0.634771 9.9982E-05 0.255441 9.9982E-05
0.0244995 0.731791 9.9991E-05 0.185619 0.0579901
0.0252806 0.538032 0.0762178 0.30931 0.0511597
0.0454069 0.617674 0.0551965 0.267617 0.0141051
0.327113 0.107873 9.9991E-05 0.5431 0.0218135
9.9991E-05 0.618484 0.0343159 0.173108 0.173992
0.0129228 0.770335 0.0149647 0.141494 0.0602832
0.145645 0.540678 0.10636 0.128378 0.0789388
0.00618601 0.445588 0.0470156 0.50111 9.9991E-05
9.9982E-05 0.580356 0.0456722 0.373772 9.9982E-05
0.149857 0.602922 9.9991E-05 0.185929 0.0611916
0.00544271 0.53365 0.0416892 0.419118 9.9991E-05
0.179032 0.590554 9.9991E-05 0.131591 0.0987232
0.175151 0.646642 0.012218 0.0732768 0.0927129
0.335359 0.266971 0.0937011 0.303868 9.9991E-05
0.26553 0.410999 0.107205 0.0905426 0.125724
0.190078 0.6161 0.0353019 0.0150748 0.143445
0.09392 0.676204 9.9991E-05 0.0609068 0.168869
0.3855 0.549686 0.0263699 9.9991E-05 0.0383439
0.252623 0.635203 0.0246704 0.0588306 0.0286731
0.394395 0.505044 0.0590644 0.00917777 0.0323186
0.208927 0.506122 0.0447161 0.121066 0.119169
0.175671 0.541433 0.156621 0.096914 0.0293608
0.183568 0.589494 0.0187573 0.109159 0.0990228
0.374935 0.564466 9.9982E-05 9.9982E-05 0.0603996
0.158649 0.627838 0.0313594 0.0802164 0.101937
0.176746 0.433677 0.223362 0.165532 0.000683042
0.27637 0.576846 0.101069 0.0456151 9.9991E-05
0.104784 0.721554 0.00992221 0.0371962 0.126544
0.199098 0.528352 0.123499 0.091896 0.0571554
0.256037 0.44465 0.0561045 0.173987 0.0692209
0.207662 0.657932 0.0998586 0.0344479 9.9991E-05
0.186427 0.706539 0.0821826 0.0178696 0.0069826
0.428811 0.276226 0.104147 0.145464 0.045352
0.314289 0.205911 0.0674481 0.357369 0.0549835
0.212129 0.616522 9.9991E-05 0.121758 0.0494906
0.261603 0.0970482 0.120448 0.520801 9.9991E-05
0.426394 0.375372 0.0181782 0.129533 0.0505222
0.327437 0.506552 9.9982E-05 0.165811 9.9982E-05
0.485632 0.431579 9.9991E-05 0.0758702 0.00681813
0.445723 0.360324 0.0552462 0.121366 0.0173405
0.139621 0.68014 0.0398742 0.051774 0.0885908
0.0871676 0.592474 0.0733324 0.0959427 0.151084
0.241259 0.492147 0.113407 0.0620736 0.0911144
0.338669 0.201678 0.0555239 0.389226 0.0149025
0.202153 0.548331 0.0786841 0.0901329 0.0806987
9.9991E-05 0.524404 0.129904 0.280236 0.0653564
0.145288 0.0243591 9.9991E-05 0.648981 0.181273
0.00817763 0.640108 0.0870292 0.171018 0.0936673
0.0900148 0.396636 0.111395 0.341457 0.0604968
0.00430346 0.561492 0.119741 0.198619 0.115844
0.0662554 0.231028 0.0463964 0.516794 0.139527
0.0644671 0.230494 9.9991E-05 0.546522 0.158417
0.100964 0.479416 9.9991E-05 0.325607 0.0939139
0.0940697 0.586271 0.070644 0.124698 0.124317
0.186079 0.404867 0.115202 0.194505 0.099347
0.12666 0.0115594 0.197314 0.595232 0.0692353
0.196487 0.548432 0.103448 0.0754827 0.0761505
0.0765521 0.517774 9.9982E-05 0.405474 9.9982E-05
0.0930533 0.519292 0.0380906 0.336573 0.0129913
9.9991E-05 0.535391 0.0737644 0.241823 0.148921
9.9991E-05 0.147006 0.261955 0.216144 0.374794
9.9982E-05 9.9982E-05 0.184946 0.21465 0.600204
9.9982E-05 9.9982E-05 0.129512 0.374491 0.495797
0.0611378 0.0309107 0.390017 0.124357 0.393578
9.9991E-05 0.742196 0.042639 0.163287 0.0517785
9.9991E-05 0.627833 0.0876529 0.173616 0.110798
0.0168481 0.276883 0.706069 9.9982E-05 9.9982E-05
0.114402 0.346204 0.513287 0.0260069 9.9991E-05
0.131952 0.403067 0.352856 9.9991E-05 0.112026
9.9982E-05 0.341492 0.0248163 0.633491 9.9982E-05
0.108752 0.516014 0.123837 0.16036 0.0910366
9.9991E-05 0.275869 0.0529704 0.640956 0.0301039
0.0357822 0.585819 0.0759784 0.256209 0.0462117
0.0481036 0.53912 9.9991E-05 0.328334 0.0843428
9.9991E-05 0.579193 0.0872836 0.281632 0.0517919
0.0706788 0.218444 0.0448561 0.645768 0.020253
0.0440884 0.618751 0.134507 0.122984 0.0796701
0.0667176 0.555858 0.103665 0.198331 0.0754289
9.9973E-05 9.9973E-05 0.969931 0.029769 9.9973E-05
0.030191 0.0457672 0.923842 9.9982E-05 9.9982E-05
0.065953 0.23742 0.633862 0.0155075 0.0472576
9.9982E-05 0.295674 0.697587 9.9982E-05 0.00653951
0.0533373 0.10666 0.839802 9.9982E-05 9.9982E-05
9.997E-05 9.997E-05 0.9996 9.997E-05 9.997E-05
0.0363865 9.9973E-05 0.963314 9.9973E-05 9.9973E-05
9.9973E-05 0.180324 0.819376 9.9973E-05 9.9973E-05
0.00250819 0.00226374 0.995028 9.9982E-05 9.9982E-05
9.997E-05 9.997E-05 0.9996 9.997E-05 9.997E-05
9.997E-05 9.997E-05 0.9996 9.997E-05 9.997E-05
0.0146299 0.13669 0.805096 9.9991E-05 0.043484
0.055657 0.132181 0.782231 0.0121355 0.0177957
9.9973E-05 0.00239784 0.997302 9.9973E-05 9.9973E-05
0.199342 0.313225 0.438499 0.0310805 0.0178536
0.111371 0.191353 0.697076 9.9982E-05 9.9982E-05
9.9991E-05 0.156306 0.784852 0.0199672 0.0387742
0.0115258 0.129632 0.847816 9.9991E-05 0.0109264
9.9982E-05 0.00247762 0.991638 9.9982E-05 0.00568481
9.9991E-05 0.0526459 0.904082 0.0193168 0.0238557
9.997E-05 9.997E-05 0.9996 9.997E-05 9.997E-05
0.0541239 0.279387 0.64664 0.0106275 0.00922115
0.0497279 9.9991E-05 0.900186 0.00758936 0.0423972
9.9982E-05 9.9982E-05 0.0601449 0.527992 0.411663
0.0957549 0.398471 0.109899 0.191449 0.204426
0.0542472 0.384601 0.143503 0.175179 0.242469
9.9991E-05 0.161922 0.113978 0.436437 0.287563
9.9991E-05 0.470978 0.135618 0.187627 0.205678
9.9991E-05 0.109382 0.208035 0.384457 0.298027
0.114078 0.416838 0.155296 0.149728 0.16406
9.9991E-05 0.265895 0.224245 0.324431 0.185328
9.9991E-05 0.516608 0.11592 0.182342 0.185031
9.9991E-05 0.335294 0.232393 0.25764 0.174573
0.0412579 0.565089 0.119579 0.126961 0.147113
0.0830894 0.0386013 9.9991E-05 0.017582 0.860627
9.9982E-05 9.9982E-05 0.0676172 0.0193127 0.91287
0.0148524 9.9973E-05 9.9973E-05 9.9973E-05 0.984848
9.9982E-05 0.0452707 9.9982E-05 0.00326142 0.951268
0.0476334 0.0502005 0.00384124 9.9991E-05 0.898225
9.9982E-05 9.9982E-05 0.0861274 0.0191633 0.894509
9.9982E-05 0.0183336 0.0894485 9.9982E-05 0.892018
9.9973E-05 9.9973E-05 9.9973E-05 0.0541317 0.945568
9.9982E-05 0.0391614 0.0326711 9.9982E-05 0.927968
0.037682 0.00573881 0.105252 0.00841365 0.842914
0.259874 9.9982E-05 9.9982E-05 0.130782 0.609144
0.3452 9.9991E-05 0.000267891 0.0427357 0.611696
0.314852 9.9982E-05 9.9982E-05 0.138742 0.546206
0.378928 9.9982E-05 9.9982E-05 0.126127 0.494745
0.0851282 0.636342 0.0187847 0.0800271 0.179718
0.10623 0.578661 0.0391694 0.190347 0.0855919
0.185793 0.649215 0.0458642 0.0696166 0.0495111
0.241165 0.475585 9.9991E-05 0.217682 0.0654678
0.6563 0.191479 9.9982E-05 0.152021 9.9982E-05
0.0661824 0.697057 9.9991E-05 0.129113 0.107547
0.101112 0.664489 9.9982E-05 0.234198 9.9982E-05
0.0727803 0.628832 0.0296793 0.268608 9.9991E-05
0.0313775 0.559733 0.0158068 0.392982 9.9991E-05
0.0669109 0.639059 0.141129 0.152801 9.9991E-05
0.118473 0.589446 9.9991E-05 0.270668 0.0213134
0.0901886 0.0621059 9.9982E-05 0.847506 9.9982E-05
0.197653 0.524739 0.103095 0.147186 0.0273269
0.00571866 0.386636 0.00445804 0.603087 9.9991E-05
0.0771906 0.642106 9.9982E-05 0.280503 9.9982E-05
0.321214 0.274627 9.9991E-05 0.376796 0.0272623
0.708493 9.9991E-05 0.00166636 0.128768 0.160973
0.75495 0.00747153 0.00533805 0.101869 0.130371
0.802538 9.9982E-05 9.9982E-05 0.145862 0.0514005
0.722066 9.9982E-05 9.9982E-05 0.134495 0.143239
0.818113 9.9982E-05 0.0457291 0.135958 9.9982E-05
0.773125 0.066817 0.0574299 0.0585724 0.0440553
9.9982E-05 0.0840163 0.00775577 9.9982E-05 0.908028
0.0872105 0.034851 0.0589681 9.9991E-05 0.818871
9.9982E-05 0.150324 0.094384 9.9982E-05 0.755092
0.101924 9.9982E-05 0.142861 9.9982E-05 0.755015
9.9982E-05 0.126283 0.0596637 9.9982E-05 0.813854
0.480965 9.9982E-05 9.9982E-05 0.148384 0.370451
0.43295 9.9982E-05 9.9982E-05 0.110158 0.456691
0.465165 9.9982E-05 9.9982E-05 0.11367 0.420964
0.0169601 0.146601 9.9982E-05 9.9982E-05 0.836239
0.549213 9.9982E-05 9.9982E-05 0.0935829 0.357004
9.9991E-05 0.239111 0.432002 0.0993668 0.229419
0.0518678 0.566399 0.281948 9.9991E-05 0.0996857
9.9982E-05 0.555728 0.266566 9.9982E-05 0.177506
0.0221263 0.316822 0.276603 0.118987 0.265462
0.061159 0.475414 0.214308 0.133891 0.115228
9.9982E-05 9.9982E-05 0.339006 0.236924 0.42387
0.328593 0.514403 9.9982E-05 0.156803 9.9982E-05
0.267955 0.389388 0.036988 0.30204 0.00362956
0.604551 0.256772 0.0728934 9.9991E-05 0.0656843
0.086569 0.539131 0.0239399 0.35026 9.9991E-05
0.176571 9.9973E-05 9.9973E-05 0.823129 9.9973E-05
0.196691 0.547696 0.104335 0.110726 0.0405524
0.213199 0.469537 0.0819681 0.135686 0.0996102
0.464137 0.404842 9.9991E-05 0.0836355 0.0472851
0.211266 0.572163 0.0782227 0.0314052 0.106944
0.275697 0.140133 0.0137395 0.570331 9.9991E-05
0.152698 0.456757 0.085255 0.300625 0.00466529
0.281464 0.645333 0.0429295 0.030174 9.9991E-05
0.103684 0.379692 0.203695 0.175418 0.137511
0.322976 0.40419 0.0265729 0.246161 9.9991E-05
0.318494 0.484929 0.0257627 0.123044 0.0477704
0.222238 0.45152 0.172056 0.154086 9.9991E-05
0.180758 0.610948 0.000290943 0.191691 0.0163114
0.141451 0.578407 0.0959578 0.0967169 0.087467
0.182902 0.587395 0.0986329 0.0115311 0.119539
0.172086 0.6231 0.0553429 0.0933544 0.0561167
9.9982E-05 0.109367 0.104202 9.9982E-05 0.786231
9.9991E-05 0.0870571 0.0380195 0.012406 0.862417
0.059975 0.0475297 0.0189697 0.0459356 0.82759
0.0648952 0.0745609 0.0424643 9.9991E-05 0.81798
9.9982E-05 0.126952 0.0133649 9.9982E-05 0.859483
0.624511 0.18432 0.111132 0.0799362 9.9991E-05
0.197603 0.511145 0.126249 0.149479 0.0155242
9.9991E-05 0.51472 0.111666 0.184111 0.189403
0.156521 0.767185 0.0538093 0.0203599 0.00212474
0.25139 0.591493 0.0434005 0.0204788 0.0932372
0.290945 0.21929 0.122637 0.367028 9.9991E-05
0.609759 0.0467618 9.9991E-05 0.193833 0.149546
0.376692 0.500327 0.0683285 0.0175133 0.0371384
0.528395 0.200901 0.0219851 0.15528 0.0934389
0.0982188 0.50595 0.0613397 0.22295 0.111541
0.549484 0.112317 0.0714701 0.120213 0.146515
0.20406 0.579462 0.0924367 9.9991E-05 0.123941
0.575221 0.225461 0.0399977 0.0792631 0.0800578
0.291915 0.332719 0.125816 0.24945 9.9991E-05
0.0880372 0.547972 0.0879048 0.231222 0.0448643
0.160284 0.305121 0.0337852 0.436649 0.0641606
0.0708952 0.583237 0.0473965 0.265863 0.0326085
0.0980465 0.586491 0.0631156 0.132943 0.119404
0.0313901 0.416422 9.9991E-05 0.488839 0.0632484
0.0739487 0.526979 0.0767925 0.23579 0.0864904
9.9982E-05 0.602811 9.9982E-05 0.307831 0.089158
0.141618 0.168321 9.9982E-05 0.689861 9.9982E-05
9.9982E-05 0.332523 9.9982E-05 0.642413 0.0248638
0.0848683 0.574338 9.9991E-05 0.249082 0.0916117
0.0589456 0.236615 9.9991E-05 0.650648 0.053691
0.125619 0.514419 9.9991E-05 0.260638 0.0992238
0.688183 0.0695394 0.0879895 0.154188 9.9991E-05
0.368345 0.276698 0.0242448 0.330612 9.9991E-05
0.46135 0.392343 0.0574381 0.052235 0.0366343
0.252299 0.568282 0.133001 9.9991E-05 0.046318
0.558529 0.297148 9.9982E-05 0.144123 9.9982E-05
0.166928 0.491933 0.122212 0.192436 0.0264905
0.289388 0.606438 0.089248 9.9991E-05 0.0148253
0.154876 0.603828 0.0645151 0.159483 0.0172982
0.317351 0.50285 0.0939263 0.0857729 9.9991E-05
0.361845 0.524988 0.105759 9.9991E-05 0.00730793
0.588009 0.286787 0.0862425 0.038861 9.9991E-05
0.439166 0.33433 0.153272 0.0731324 9.9991E-05
0.235761 0.632057 0.0960282 0.0360532 9.9991E-05
0.165451 0.628945 9.9991E-05 0.123122 0.0823812
0.327785 0.423394 0.0666859 0.135933 0.0462018
0.334646 0.53819 0.115676 0.0113883 9.9991E-05
0.463704 0.345104 0.104489 0.0347808 0.0519221
0.296468 0.653064 0.0327532 0.017615 9.9991E-05
0.256038 0.534461 0.141921 0.0674795 9.9991E-05
0.214484 0.382155 0.212143 0.108259 0.0829594
0.0239414 0.496721 0.0714428 9.9991E-05 0.407795
9.9991E-05 0.4594 0.203374 0.140287 0.196839
0.0514511 0.534938 0.206492 0.0939159 0.113203
0.0638542 0.635175 0.145913 0.0413291 0.113729
0.0432814 0.474856 0.186217 0.0628084 0.232837
0.221036 0.530132 0.0403707 0.208362 9.9991E-05
0.0691166 0.580474 0.0483328 0.0572311 0.244846
9.9982E-05 9.9982E-05 0.173655 0.571959 0.254185
0.0983181 0.514512 0.246628 0.0532098 0.0873314
0.0787279 0.513741 0.227101 0.0398559 0.140575
0.0384787 0.509134 0.240397 0.112993 0.098997
0.13627 0.327103 0.164396 0.228814 0.143417
0.0321296 0.491995 0.181203 0.056997 0.237675
0.0070404 0.514815 0.213761 0.0679039 0.19648
9.9982E-05 9.9982E-05 0.210902 0.309049 0.479849
0.0119854 0.537963 0.209102 0.0213004 0.21965
0.00701752 0.511895 0.218085 0.0731822 0.18982
0.0304641 0.552879 0.18043 0.103536 0.13269
9.9991E-05 0.530148 0.201096 0.0538597 0.214796
0.0742039 0.561207 0.154314 0.0265766 0.183699
0.048004 0.495401 0.125267 0.305582 0.0257464
0.140963 0.483201 0.187305 0.165018 0.0235124
0.078813 0.10418 9.9982E-05 0.816807 9.9982E-05
0.128504 0.0744157 9.9982E-05 0.796881 9.9982E-05
0.0883122 0.539271 0.0871791 0.201194 0.0840433
0.0739417 0.342965 0.393056 0.107709 0.0823284
9.9991E-05 0.203599 0.486195 0.223259 0.0868466
0.0139908 0.168107 0.320382 0.251395 0.246125
9.9991E-05 0.337425 0.326383 0.121609 0.214483
9.9991E-05 0.0878588 0.171261 0.679206 0.0615737
9.9991E-05 0.105637 0.182951 0.601351 0.109962
0.00743367 0.525248 0.23462 0.232598 9.9991E-05
9.9991E-05 0.446666 0.190664 0.330291 0.0322784
0.0117949 0.271983 0.123678 0.553993 0.0385512
0.080353 0.521497 0.166299 0.218589 0.0132619
0.00626817 0.627595 0.127127 0.236576 0.00243344
0.0835676 0.404339 0.168088 0.22047 0.123535
0.0489246 0.41102 9.9991E-05 0.511275 0.0286807
0.068375 0.442278 0.0946694 0.394578 9.9991E-05
0.120866 0.571689 0.081322 0.226023 9.9991E-05
0.153778 0.453505 9.9991E-05 0.28177 0.110847
0.117194 0.446444 0.142854 0.216725 0.076783
0.0242588 0.541179 9.9982E-05 0.434362 9.9982E-05
0.143993 0.25876 0.0150784 0.582068 9.9991E-05
9.9991E-05 0.650181 0.0372061 0.251196 0.0613168
0.0527234 0.328316 0.0169156 0.601945 9.9991E-05
9.9991E-05 0.503145 0.0418156 0.447608 0.00733194
0.0591531 0.680466 9.9991E-05 0.126479 0.133802
0.0495073 0.54223 0.0540794 0.354083 9.9991E-05
9.9991E-05 0.524037 0.180498 0.137407 0.157958
0.0475253 0.43261 0.165367 0.11409 0.240409
0.0359219 0.34137 0.339188 0.115896 0.167624
0.0645294 0.321783 0.304096 0.117403 0.192189
9.9991E-05 0.513367 0.188047 0.035567 0.262919
0.0256949 0.450307 0.231187 0.154379 0.138431
0.0604807 9.9991E-05 0.177927 0.552216 0.209277
0.0908657 0.581337 0.229124 0.0293012 0.0693713
9.9982E-05 9.9982E-05 0.168177 0.430728 0.400896
9.9991E-05 0.558153 0.228501 0.157451 0.055794
9.9973E-05 0.184277 9.9973E-05 0.815424 9.9973E-05
0.0395556 0.038842 9.9982E-05 0.921402 9.9982E-05
0.0774559 0.52341 9.9982E-05 0.398934 9.9982E-05
9.9991E-05 0.696604 0.0082062 0.236469 0.0586204
0.0141499 0.511583 9.9982E-05 0.474067 9.9982E-05
0.0411049 0.60346 0.0188569 0.27644 0.0601383
9.9982E-05 0.643739 0.0342412 0.32182 9.9982E-05
9.9991E-05 0.124077 0.0365282 0.0389822 0.800312
0.174231 9.9982E-05 0.108674 9.9982E-05 0.716895
0.0375983 9.9982E-05 0.0587196 9.9982E-05 0.903482
9.9973E-05 0.0404318 9.9973E-05 9.9973E-05 0.959268
0.0297996 0.577613 0.0716889 0.295113 0.0257849
0.0175357 0.66875 0.0031755 0.178541 0.131998
0.0626566 0.644149 9.9982E-05 0.292995 9.9982E-05
0.0712062 0.717709 9.9991E-05 0.0990392 0.111946
0.0277629 0.639317 9.9991E-05 0.206605 0.126215
0.174965 0.403539 9.9991E-05 0.375915 0.0454816
0.124505 0.729307 0.0498599 0.0962278 9.9991E-05
9.9982E-05 0.531627 9.9982E-05 0.460265 0.00790838
0.0549915 0.453074 0.228232 0.028685 0.235018
0.0630963 0.601639 0.0284882 0.306676 9.9991E-05
0.157826 0.506394 9.9982E-05 0.335581 9.9982E-05
9.9973E-05 0.727902 9.9973E-05 0.271798 9.9973E-05
0.0755402 0.609554 9.9991E-05 0.307442 0.00736406
9.9982E-05 0.682517 0.0341139 0.283169 9.9982E-05
0.0437134 0.648375 0.0278479 0.1999 0.0801639
9.9973E-05 0.322943 9.9973E-05 0.676757 9.9973E-05
0.0890565 0.420249 9.9991E-05 0.465575 0.0250192
0.105889 0.478396 9.9991E-05 0.398255 0.0173612
9.9973E-05 0.04412 9.9973E-05 0.95558 9.9973E-05
0.152033 0.488611 0.00783066 0.319899 0.0316261
0.0618364 0.234881 9.9982E-05 0.703083 9.9982E-05
0.0633972 0.0696902 9.9982E-05 0.866713 9.9982E-05
0.033825 0.724735 9.9991E-05 0.117387 0.123953
0.19685 0.389273 9.9991E-05 0.400308 0.0134697
0.112321 0.472295 0.14829 0.266993 9.9991E-05
0.0467739 0.574095 0.160797 0.159697 0.0586374
0.0466972 0.648973 9.9991E-05 0.252071 0.0521593
0.244412 0.318638 0.15911 0.277741 9.9991E-05
0.0480681 0.648988 0.0658759 0.236968 9.9991E-05
0.10137 0.520276 0.0511897 0.319287 0.00787751
9.9973E-05 0.540472 9.9973E-05 0.459229 9.9973E-05
0.159894 0.61201 0.0340267 0.11129 0.0827803
0.264509 9.9991E-05 0.000296476 0.0858006 0.649294
0.0632963 0.0593661 9.9991E-05 0.107849 0.769389
0.147952 9.9982E-05 9.9982E-05 0.0400334 0.811815
0.0801493 9.9982E-05 9.9982E-05 0.0760001 0.843651
0.236239 0.028269 9.9982E-05 9.9982E-05 0.735292
0.284951 0.367383 9.9991E-05 0.342502 0.00506429
0.145033 0.295063 9.9991E-05 0.513151 0.0466539
9.9973E-05 0.360266 9.9973E-05 0.639434 9.9973E-05
0.0975496 0.530359 0.13543 0.0986254 0.138036
9.9991E-05 0.632181 0.122973 0.124656 0.120091
9.9982E-05 0.49461 9.9982E-05 0.487023 0.0181673
0.0791742 0.628762 0.085404 0.191683 0.014977
0.0388564 0.636523 0.023457 0.299276 0.00188741
0.115482 0.676485 9.9991E-05 0.154823 0.0531105
0.0531762 0.696076 0.0275002 0.107107 0.116141
0.181574 0.408717 9.9991E-05 0.407023 0.00258506
0.15496 0.555319 9.9982E-05 0.289521 9.9982E-05
0.224006 0.454122 9.9982E-05 0.321671 9.9982E-05
0.100103 0.621241 0.021553 0.154669 0.102434
0.122357 0.596118 9.9991E-05 0.275646 0.00577879
0.109725 0.596497 0.0010676 0.225338 0.0673733
0.0911196 0.34835 0.543095 9.9991E-05 0.0173361
0.00361744 0.331237 0.514971 0.0250292 0.125146
0.0238922 0.438044 0.419648 9.9991E-05 0.118316
9.9991E-05 0.318034 0.487844 0.027537 0.166486
0.0397416 0.452577 0.401093 0.0285664 0.0780219
9.9991E-05 0.55381 0.0601875 0.358198 0.0277045
9.9973E-05 9.9973E-05 0.726545 9.9973E-05 0.273155
9.9991E-05 0.30593 0.486099 0.0316834 0.176188
9.9991E-05 0.455642 0.161778 0.203971 0.178509
0.0370105 0.606743 0.0325921 0.159127 0.164527
0.0962763 0.490181 0.0334496 0.229176 0.150917
0.114679 0.594508 0.0733745 0.0603043 0.157134
0.0842001 0.671599 0.043123 0.129585 0.0714926
9.9982E-05 0.283398 0.528929 9.9982E-05 0.187473
0.0441534 0.374218 0.419626 9.9991E-05 0.161903
9.9982E-05 0.403204 0.530952 9.9982E-05 0.0656432
0.0910093 0.46596 0.278424 0.0161927 0.148414
0.00613372 0.214331 0.544362 0.0797881 0.155386
0.0781886 0.370367 0.407764 0.0452081 0.0984722
0.0239082 0.249515 0.566406 0.0240471 0.136124
0.0744208 0.367066 0.477966 0.0402193 0.0403275
0.033982 0.503658 0.0723935 0.276813 0.113154
0.0515251 0.380586 0.357607 0.080575 0.129707
9.9991E-05 0.140182 0.68286 0.0198678 0.15699
0.0534495 0.33791 0.445261 0.0469083 0.116472
0.236034 0.263862 9.9991E-05 0.303386 0.196617
0.0647548 0.544018 0.157691 0.196197 0.0373394
0.160711 0.30388 0.422251 9.9991E-05 0.113058
0.11554 0.669579 0.0554351 0.0459352 0.11351
0.0342468 0.590443 9.9991E-05 0.201719 0.173491
0.0186176 0.368112 0.249642 0.168862 0.194766
0.0235219 0.398404 0.317652 0.0479045 0.212517
9.9991E-05 0.595296 0.150874 0.17809 0.0756396
9.9991E-05 0.481503 0.396068 0.0186531 0.103676
0.00790562 0.315064 0.599953 0.0279582 0.049119
0.0244946 0.140637 0.630499 9.9991E-05 0.204269
0.0613205 0.658076 0.0650724 0.09518 0.120351
0.162288 0.53869 9.9991E-05 0.16383 0.135091
9.9991E-05 0.207293 0.0796085 0.566499 0.1465
9.9991E-05 0.631362 0.129163 0.148601 0.0907739
0.192564 0.444769 0.0535705 0.184131 0.124965
9.9991E-05 0.489234 0.155182 0.0983996 0.257084
9.9991E-05 0.601346 0.058188 0.22578 0.114586
9.9982E-05 9.9982E-05 0.241777 0.426678 0.331345
9.9982E-05 9.9982E-05 0.153843 0.485356 0.360601
0.0484437 0.2158 0.163758 0.40502 0.166978
0.00862967 9.9991E-05 0.253697 0.377106 0.360467
9.9982E-05 9.9982E-05 0.250344 0.274407 0.475049
9.9991E-05 0.369111 0.176111 0.32976 0.124918
9.9991E-05 0.346626 0.210138 0.217651 0.225486
0.0114059 0.221303 0.183099 0.26612 0.318073
0.0103304 0.00647676 0.267146 0.41702 0.299027
0.0500631 0.50213 0.217161 0.118126 0.11252
9.9991E-05 0.132253 0.171725 0.4526 0.243322
9.9982E-05 9.9982E-05 0.104653 0.400123 0.495024
0.175119 0.466845 0.137852 0.0535764 0.166607
0.121825 0.322706 0.230332 0.142686 0.18245
0.0339756 0.345793 0.202724 0.0967905 0.320718
9.9982E-05 0.58006 0.239191 9.9982E-05 0.180549
9.9991E-05 0.495619 0.26382 0.0630163 0.177445
0.0213298 0.434849 0.292495 0.0644816 0.186845
0.0245018 0.39907 0.199088 9.9991E-05 0.37724
9.9991E-05 0.59432 0.193906 0.0331812 0.178493
9.9982E-05 0.500109 0.197527 9.9982E-05 0.302165
9.9991E-05 0.260965 0.265535 0.166092 0.307308
0.121114 0.368898 0.112925 0.220461 0.176602
0.120367 0.556352 0.126853 0.0362597 0.160169
9.9991E-05 0.570645 0.0954058 0.0538122 0.280037
0.0464421 0.668902 0.146863 0.0415499 0.0962436
9.9991E-05 0.286076 0.36441 0.0590027 0.290412
0.0285812 0.434374 0.249387 0.11483 0.172827
9.9991E-05 0.0877563 0.275613 0.255799 0.380732
0.119008 0.45049 0.256073 0.0252469 0.149182
9.9991E-05 0.167995 0.363886 0.200376 0.267643
0.132577 0.00321456 9.9991E-05 0.0432058 0.820903
0.834694 0.033056 0.0677524 0.0163399 0.0481579
0.998359 9.9973E-05 9.9973E-05 9.9973E-05 0.00134084
0.9996 9.997E-05 9.997E-05 9.997E-05 9.997E-05
0.97546 0.0242405 9.9973E-05 9.9973E-05 9.9973E-05
0.969238 9.9973E-05 0.0304619 9.9973E-05 9.9973E-05
0.96369 0.0360102 9.9973E-05 9.9973E-05 9.9973E-05
0.997258 9.9973E-05 9.9973E-05 9.9973E-05 0.00244178
0.790353 9.9982E-05 0.016916 9.9982E-05 0.192531
0.0436557 0.0295947 0.018685 9.9991E-05 0.907965
0.106405 0.0684428 9.9982E-05 9.9982E-05 0.824952
0.00402298 0.0323859 0.0146125 0.0205085 0.92847
0.166932 0.026633 9.9991E-05 0.00696276 0.799372
0.0476132 9.9982E-05 0.0636197 9.9982E-05 0.888567
0.0698259 9.9991E-05 0.000465892 0.0208595 0.908749
0.0351504 0.0754653 0.161408 9.9991E-05 0.727876
9.9991E-05 0.052735 0.0563461 0.00760946 0.88321
0.132351 0.0306718 0.113485 0.0302782 0.693215
9.9982E-05 0.0251549 0.0716504 9.9982E-05 0.902995
0.0296317 9.9973E-05 9.9973E-05 9.9973E-05 0.970068
0.0894408 0.00348205 0.0947232 9.9991E-05 0.812254
0.0288508 9.9982E-05 0.0425986 9.9982E-05 0.928351
0.0071954 0.0824175 0.0167377 9.9991E-05 0.893549
0.0553124 0.0373111 0.0770199 9.9991E-05 0.830257
9.9982E-05 0.104056 0.0439465 9.9982E-05 0.851797
9.9982E-05 0.023083 0.191118 9.9982E-05 0.785599
9.9982E-05 0.11852 0.100707 9.9982E-05 0.780574
9.9982E-05 0.114002 0.0657905 9.9982E-05 0.820008
0.157351 0.382126 0.0929789 0.2294 0.138144
9.9982E-05 0.743216 9.9982E-05 0.133128 0.123456
0.0522703 0.596674 0.0672554 0.108577 0.175223
0.0153168 0.0967258 0.0870976 0.717458 0.0834013
0.113314 0.63809 9.9991E-05 0.120409 0.128086
9.9991E-05 0.140099 0.0489558 0.589391 0.221455
9.9991E-05 0.65941 0.127354 0.136847 0.0762895
0.113837 0.465809 9.9991E-05 0.289197 0.131057
0.1332 0.642917 9.9991E-05 0.102192 0.12159
0.13431 0.612405 0.0272942 0.22589 9.9991E-05
0.103995 0.511802 9.9991E-05 0.250475 0.133628
0.020091 0.680688 0.018741 0.10745 0.173031
0.136844 0.663187 9.9991E-05 0.0528079 0.147061
0.456396 0.0643467 0.0589478 0.420209 9.9991E-05
9.9973E-05 9.9973E-05 9.9973E-05 0.867751 0.131949
0.0053008 0.186574 0.0136688 0.624309 0.170148
0.0930386 0.615234 0.0949705 0.064427 0.13233
0.0920847 0.598241 0.0111357 0.114295 0.184243
0.0151722 0.561612 9.9991E-05 0.239866 0.18325
0.0284299 0.659154 0.0519412 0.110417 0.150057
0.0674946 0.562108 0.155985 0.0413878 0.173024
0.11936 0.541716 0.207073 9.9991E-05 0.131751
0.136637 0.107672 0.173069 0.18452 0.398102
0.0719926 0.64155 0.0690405 0.0626489 0.154768
0.0962295 0.405074 0.187118 0.0886466 0.222932
9.9982E-05 9.9982E-05 0.204282 0.380725 0.414792
9.9991E-05 0.264519 0.250941 0.148174 0.336267
0.10943 0.263365 0.218183 0.0619735 0.347049
0.217564 0.387992 0.0745873 9.9991E-05 0.319756
0.0841979 0.478082 0.213516 0.0568054 0.167399
0.0589596 0.52646 0.184379 0.0346755 0.195527
0.0543026 0.526355 0.272408 0.0769554 0.0699794
9.9991E-05 0.414609 0.202759 0.222852 0.15968
0.0361163 0.306949 0.201728 9.9991E-05 0.455107
