9.9982E-05 9.9982E-05 0.0601522 0.939648
9.9982E-05 9.9982E-05 0.00659084 0.993209
0.0112982 0.0627047 0.00944925 0.916548
9.9982E-05 0.143687 9.9982E-05 0.856113
9.9982E-05 0.0774711 9.9982E-05 0.922329
0.152471 0.0684841 0.0751709 0.703874
0.12308 0.0152511 0.0154869 0.846182
0.155691 0.0371626 0.00954034 0.797606
0.126573 9.9982E-05 9.9982E-05 0.873227
0.11798 0.0598189 0.0293649 0.792836
0.0981878 0.0997733 9.9991E-05 0.801939
0.483099 0.384267 9.9991E-05 0.132533
0.198498 0.674199 0.00123086 0.126072
0.462645 0.392986 0.0459023 0.0984657
0.374711 0.436602 0.0637497 0.124938
0.208 0.555865 0.0794004 0.156734
0.20155 0.605605 0.135832 0.0570124
0.253092 0.63996 0.0273106 0.0796366
0.360067 0.402835 0.0173783 0.21972
0.659953 0.183666 9.9991E-05 0.156281
0.340005 0.570316 0.0168474 0.0728322
0.344656 0.531968 0.0766771 0.0466994
0.237544 0.654049 0.01604 0.092367
0.441773 0.375508 0.0141109 0.168608
0.0820491 0.720952 0.0806409 0.116358
0.216349 0.684258 0.0087099 0.0906828
0.430711 0.424347 9.9991E-05 0.144842
0.402407 0.420178 0.0387191 0.138696
0.527785 0.38382 9.9991E-05 0.0882949
9.9991E-05 0.049691 0.0527095 0.8975
9.9991E-05 0.0858574 0.0291187 0.884924
9.9991E-05 0.104268 0.0738096 0.821822
9.9991E-05 0.127882 0.120847 0.751171
0.269589 0.633915 9.9991E-05 0.0963957
0.20154 0.635614 0.0561556 0.10669
0.236015 0.760465 0.00341908 9.9991E-05
0.534805 0.31899 9.9991E-05 0.146105
0.508933 0.468829 0.0221374 9.9991E-05
0.186668 0.668172 0.0454472 0.0997128
0.121384 0.812823 0.00544334 0.0603494
0.21132 0.638337 0.0110874 0.139255
0.185877 0.692298 0.0420078 0.0798171
0.599129 0.38277 9.9991E-05 0.018001
0.168076 0.652384 0.0965822 0.0829572
0.18077 0.714032 0.00996715 0.0952317
0.145822 0.695143 0.0249303 0.134104
0.477965 0.521835 9.9982E-05 9.9982E-05
0.1267 0.748254 0.0212343 0.103812
0.165768 0.674188 0.0233559 0.136688
0.961065 9.9991E-05 0.0226299 0.0162052
0.611014 0.329749 9.9991E-05 0.0591364
0.629698 0.226143 0.0920366 0.0521225
0.172221 0.669115 0.061068 0.0975956
0.208267 0.574185 0.11071 0.106838
0.184501 0.638842 0.0870798 0.0895781
0.491228 0.3134 9.9991E-05 0.195272
0.264357 0.656838 9.9991E-05 0.0787049
0.200534 0.626569 0.0859702 0.0869272
0.299298 0.519652 9.9991E-05 0.18095
0.495978 0.264388 9.9991E-05 0.239534
0.25068 0.612133 0.0378856 0.0993012
0.275433 0.574258 0.0590186 0.0912903
0.627039 0.214809 9.9991E-05 0.158051
0.372788 0.582066 9.9991E-05 0.0450461
0.255127 0.609456 0.107713 0.0277038
0.174175 0.727173 9.9991E-05 0.0985517
0.399363 0.441662 9.9991E-05 0.158875
0.270478 0.601898 0.025968 0.101656
0.226104 0.643854 0.0676328 0.0624095
0.509617 0.364888 9.9991E-05 0.125394
0.302155 0.697645 9.9982E-05 9.9982E-05
0.515475 0.481 9.9991E-05 0.00342518
0.186094 0.642849 0.0309948 0.140062
0.756089 0.243711 9.9982E-05 9.9982E-05
0.791591 0.208209 9.9982E-05 9.9982E-05
0.505775 0.494025 9.9982E-05 9.9982E-05
0.301264 0.666335 9.9991E-05 0.032302
0.159753 0.672207 0.0475883 0.120452
0.289472 0.690351 0.0200772 9.9991E-05
0.549541 0.403774 9.9991E-05 0.0465852
0.467625 0.516355 9.9991E-05 0.0159202
0.181685 0.644232 0.0736058 0.100477
0.383147 0.589954 9.9991E-05 0.0267995
0.331835 0.63139 9.9991E-05 0.0366745
0.350581 0.649219 9.9982E-05 9.9982E-05
0.877495 0.0560927 0.0663127 9.9991E-05
0.194053 0.739884 0.0385005 0.0275628
0.023269 0.0924364 9.9991E-05 0.884195
9.9991E-05 0.0529314 0.0279552 0.919013
9.9991E-05 0.0969493 0.0364331 0.866518
9.9982E-05 9.9982E-05 0.0802414 0.919559
9.9982E-05 9.9982E-05 0.0465315 0.953269
9.9991E-05 0.0502974 0.0825091 0.867093
9.9982E-05 0.0725726 9.9982E-05 0.927227
0.192265 0.690435 0.0491857 0.0681148
0.156598 0.642479 0.0760326 0.12489
0.659651 0.292967 9.9991E-05 0.0472824
0.186482 0.67792 0.0342497 0.101348
0.393684 0.585457 9.9991E-05 0.0207584
0.206142 0.727088 9.9991E-05 0.0666699
0.260941 0.664012 0.0379544 0.0370926
0.283262 0.690892 0.0156753 0.0101704
0.701134 0.258272 9.9991E-05 0.0404931
0.195381 0.60269 0.0533352 0.148594
0.109556 0.778856 0.0247354 0.0868522
0.186338 0.649181 0.0454584 0.119023
0.560525 0.402385 0.0369898 9.9991E-05
0.294689 0.705111 9.9982E-05 9.9982E-05
0.307446 0.666497 9.9991E-05 0.0259566
0.414303 0.585497 9.9982E-05 9.9982E-05
0.314619 0.660016 9.9991E-05 0.0252646
0.217876 0.616077 0.0803299 0.0857173
0.476616 0.403476 0.0427859 0.0771219
0.292618 0.531972 9.9991E-05 0.17531
0.161354 0.615692 0.0617426 0.161211
0.129014 0.674429 0.0549192 0.141638
0.316245 0.588383 9.9991E-05 0.0952715
0.173865 0.709112 0.0264935 0.0905299
0.330518 0.544576 9.9991E-05 0.124806
0.234794 0.621461 0.0467987 0.096946
0.179605 0.697923 0.0391869 0.0832849
0.202357 0.667216 9.9991E-05 0.130327
0.218113 0.687888 9.9991E-05 0.0938993
0.134817 0.725695 0.0285985 0.110889
0.166669 0.627168 0.0959209 0.110242
0.219202 0.634554 0.110995 0.0352491
0.187616 0.625008 0.0923894 0.094986
0.236057 0.669837 0.0489051 0.0452009
0.417873 0.38236 0.0920268 0.10774
0.161243 0.70768 0.0793869 0.0516901
0.172351 0.689753 0.0652237 0.0726728
0.536533 0.341409 0.00581435 0.116244
0.665161 0.213172 0.106983 0.0146835
0.236444 0.599825 0.0486346 0.115097
0.799164 0.116209 0.0845272 9.9991E-05
0.466751 0.457536 9.9991E-05 0.0756126
0.416187 0.542897 9.9991E-05 0.0408156
0.379548 0.504728 9.9991E-05 0.115624
0.485761 0.453703 9.9991E-05 0.0604361
0.214723 0.68878 9.9991E-05 0.0963962
0.160647 0.694076 0.0435657 0.101711
0.173115 0.732411 0.0190253 0.0754479
0.682291 0.240362 0.0643912 0.0129553
0.127097 0.636526 0.00712815 0.229249
0.28218 0.505419 0.125795 0.0866057
0.79721 9.9991E-05 0.0543272 0.148363
0.114215 0.70708 0.0735366 0.105168
0.506528 0.306804 0.0952075 0.09146
0.239431 0.553586 0.0867406 0.120242
0.557623 0.285003 0.0634585 0.0939158
0.715464 0.143398 0.0277948 0.113343
0.41754 0.458738 0.0605189 0.0632036
0.260065 0.531824 0.0892937 0.118817
0.295698 0.477697 0.0613874 0.165218
0.656572 0.149653 0.146911 0.0468641
0.206234 0.582892 0.0794678 0.131406
0.598223 0.401577 9.9982E-05 9.9982E-05
0.423913 0.545224 0.0307627 9.9991E-05
0.193628 0.683044 0.0306725 0.0926552
0.195286 0.126138 0.300115 0.378461
0.275191 9.9991E-05 0.223525 0.501184
0.311669 9.9991E-05 0.205087 0.483144
0.232648 0.0827708 0.318254 0.366328
0.277133 0.686351 0.0291472 0.00736863
0.205615 0.597127 0.0948259 0.102432
9.9982E-05 0.337163 0.662637 9.9982E-05
0.0578819 0.444304 0.44161 0.0562039
0.0681511 0.478288 0.373095 0.0804651
0.583597 0.295873 0.0912001 0.02933
0.231878 0.601342 0.0659654 0.100814
0.64688 0.302228 0.0507919 9.9991E-05
0.228949 0.624164 0.0518706 0.0950155
0.345621 0.490617 0.0986244 0.0651374
0.309243 0.610174 0.0770983 0.00348483
0.694207 0.221295 0.0843977 9.9991E-05
0.103096 0.770806 0.0688986 0.0571995
0.19017 0.63468 0.0654928 0.109657
0.00490959 0.0419429 0.953047 9.9991E-05
9.9982E-05 0.131954 0.867846 9.9982E-05
0.0205813 0.35011 0.537081 0.0922275
9.9982E-05 0.381752 0.618048 9.9982E-05
9.9991E-05 0.182074 0.797451 0.0203746
9.998E-05 9.998E-05 0.9997 9.998E-05
0.0104544 0.045302 0.939696 0.00454763
9.9982E-05 0.16491 0.83489 9.9982E-05
0.0124343 0.0441714 0.93249 0.0109041
9.998E-05 9.998E-05 0.9997 9.998E-05
9.998E-05 9.998E-05 0.9997 9.998E-05
9.9982E-05 0.246003 0.753797 9.9982E-05
0.0350934 0.148402 0.785292 0.0312126
9.998E-05 9.998E-05 0.9997 9.998E-05
0.147881 0.360643 0.396353 0.0951226
9.9991E-05 0.296081 0.658789 0.0450308
9.9991E-05 0.186744 0.77057 0.0425854
9.9991E-05 0.117204 0.878198 0.00449881
9.998E-05 9.998E-05 0.9997 9.998E-05
9.9982E-05 0.0345458 0.965254 9.9982E-05
9.998E-05 9.998E-05 0.9997 9.998E-05
0.0121664 0.303369 0.637397 0.0470674
0.00267913 9.9991E-05 0.994987 0.00223379
0.544022 9.9991E-05 0.135976 0.319902
0.212271 0.371825 0.176536 0.239367
0.201719 0.480188 0.119972 0.198121
0.44664 0.155552 0.188883 0.208925
0.193557 0.487824 0.173631 0.144988
0.461925 0.0740458 0.199669 0.26436
0.198148 0.465164 0.119659 0.217029
0.295258 0.310638 0.181013 0.213092
0.138131 0.493866 0.181385 0.186618
0.244241 0.387576 0.173784 0.194399
0.161563 0.491506 0.159568 0.187363
9.9982E-05 0.0743344 9.9982E-05 0.925466
0.0100192 0.00120934 0.0794676 0.909304
9.9982E-05 0.0223646 9.9982E-05 0.977435
9.998E-05 9.998E-05 9.998E-05 0.9997
9.9982E-05 0.0655032 9.9982E-05 0.934297
9.9982E-05 9.9982E-05 0.00884487 0.990955
9.9991E-05 0.0394329 0.0372623 0.923205
0.00846309 0.00875546 9.9991E-05 0.982681
0.0305777 0.0305389 0.037755 0.901128
0.023823 0.00543427 0.0424609 0.928282
0.325842 9.9991E-05 0.00598968 0.668068
0.326915 9.9982E-05 9.9982E-05 0.672885
0.37249 0.0286895 9.9991E-05 0.59872
0.440729 0.0129489 9.9991E-05 0.546222
0.280554 0.639212 9.9991E-05 0.0801341
0.24975 0.685163 0.00138425 0.0637023
0.235709 0.684128 9.9991E-05 0.0800625
0.405775 0.522024 9.9991E-05 0.0721018
0.600456 0.339104 9.9991E-05 0.0603394
0.177748 0.763946 0.0128983 0.0454085
0.205459 0.794341 9.9982E-05 9.9982E-05
0.308987 0.668991 0.0219221 9.9991E-05
0.389554 0.610246 9.9982E-05 9.9982E-05
0.14596 0.756209 0.0500972 0.0477332
0.347861 0.635767 9.9991E-05 0.0162728
0.8043 0.1955 9.9982E-05 9.9982E-05
0.178575 0.703052 0.0206887 0.0976849
0.602747 0.397053 9.9982E-05 9.9982E-05
0.269528 0.692741 9.9991E-05 0.0376315
0.58554 0.394594 9.9991E-05 0.019766
0.642357 0.0556522 9.9991E-05 0.30189
0.600627 0.142325 9.9991E-05 0.256949
0.630739 0.117432 9.9991E-05 0.251728
0.669895 0.0599147 9.9991E-05 0.27009
0.587519 0.205332 9.9991E-05 0.207049
0.59603 0.180625 9.9991E-05 0.223245
0.005774 0.0639383 0.0433455 0.886942
0.0226609 0.126974 0.00912119 0.841244
9.9991E-05 0.15877 0.0278057 0.813325
0.0297694 0.0439237 0.0597281 0.866579
9.9991E-05 0.159251 0.0439732 0.796675
0.481318 0.00574455 9.9991E-05 0.512838
0.430916 0.0111909 9.9991E-05 0.557793
0.384618 0.0614227 9.9991E-05 0.553859
9.9991E-05 0.107439 0.0249606 0.867501
0.480217 0.0158148 9.9991E-05 0.503868
0.0886789 0.271979 0.364572 0.27477
0.0703694 0.543564 0.237772 0.148295
9.9991E-05 0.553418 0.236484 0.209998
0.0957653 0.329083 0.321023 0.254128
0.0960608 0.545347 0.164887 0.193705
0.198016 9.9991E-05 0.362732 0.439153
0.336391 0.59667 9.9991E-05 0.0668389
0.425101 0.509846 0.060156 0.00489654
0.512328 0.393172 9.9991E-05 0.0944006
0.366596 0.584191 0.0491131 9.9991E-05
0.992838 9.9982E-05 0.00696206 9.9982E-05
0.163019 0.66837 0.0290443 0.139567
0.288176 0.604543 0.0640715 0.0432096
0.421483 0.469118 9.9991E-05 0.109299
0.179871 0.63578 0.0357514 0.148598
0.723019 0.249643 0.0272383 9.9991E-05
0.273562 0.668341 0.0313364 0.0267608
0.300773 0.644871 9.9991E-05 0.0542565
0.238921 0.473707 0.172129 0.115242
0.499655 0.431267 0.0661521 0.00292539
0.423728 0.494933 0.0699172 0.0114212
0.265171 0.672596 0.0429095 0.0193242
0.328283 0.648174 0.0177955 0.00574783
0.160277 0.711623 0.0637718 0.064328
0.169416 0.683308 0.0293755 0.1179
0.211949 0.659833 0.0358107 0.0924072
9.9991E-05 0.0940886 0.0462662 0.859545
9.9982E-05 0.113708 9.9982E-05 0.886092
0.0193161 0.064732 0.00450829 0.911444
9.9991E-05 0.0289053 0.0486482 0.922347
9.9982E-05 0.0782908 9.9982E-05 0.921509
0.601946 0.253297 9.9991E-05 0.144657
0.248644 0.569452 0.0948714 0.0870327
0.114334 0.446449 0.26451 0.174706
0.145076 0.748805 0.0569411 0.0491786
0.283364 0.607527 0.0298742 0.0792353
0.574782 0.340766 0.0804399 0.00401254
0.664654 0.145058 9.9991E-05 0.190188
0.275639 0.582092 0.00876167 0.133507
0.462894 0.368843 9.9991E-05 0.168163
0.311962 0.555421 0.0367217 0.0958949
0.544515 0.288691 9.9991E-05 0.166694
0.185945 0.640789 0.0442951 0.128971
0.550755 0.288567 9.9991E-05 0.160578
0.495014 0.330459 0.110501 0.0640258
0.238811 0.589435 0.0675505 0.104204
0.576112 0.368566 0.0224567 0.0328653
0.290945 0.588401 0.0585394 0.0621147
0.24762 0.604525 0.0194882 0.128367
0.626352 0.329323 0.022388 0.0219375
0.23683 0.624808 0.0571448 0.0812169
0.330818 0.583507 0.0217369 0.0639383
0.770201 0.198547 0.0311524 9.9991E-05
0.686767 0.261529 0.00963242 0.0420714
0.413527 0.534025 9.9991E-05 0.0523473
0.806891 0.158709 0.0295951 0.00480506
0.424413 0.521802 0.0435521 0.0102331
0.576477 0.314103 9.9991E-05 0.109319
0.617654 0.242298 0.139948 9.9991E-05
0.309707 0.536273 0.0365444 0.117476
0.170217 0.701502 0.0353407 0.0929399
0.565397 0.381191 9.9991E-05 0.0533119
0.222381 0.597299 0.0794655 0.100854
0.190413 0.701441 0.0249547 0.083192
0.307016 0.582791 0.0569345 0.0532587
0.271998 0.586766 0.0809761 0.0602591
0.297217 0.603942 0.00888802 0.0899529
0.485797 0.446788 9.9991E-05 0.0673153
0.345439 0.568749 0.0131597 0.0726517
0.267339 0.636539 0.0781165 0.0180052
0.178435 0.680442 0.085027 0.0560954
0.374823 0.41828 0.103778 0.103119
0.322441 0.557622 0.119837 9.9991E-05
0.363613 0.492729 0.0283823 0.115276
0.229739 0.644759 0.0529408 0.0725609
0.301452 0.50657 0.12091 0.0710683
0.173498 0.630936 0.0419755 0.15359
0.0128752 0.500864 0.105715 0.380546
0.0616618 0.617607 0.177912 0.142819
0.124547 0.521938 0.174174 0.179341
0.151649 0.546415 0.185851 0.116085
0.118058 0.439684 0.268251 0.174008
0.387763 0.597202 0.0149347 9.9991E-05
0.135271 0.534982 0.163543 0.166204
0.48325 0.0227658 0.260336 0.233648
0.116985 0.603398 0.142548 0.137069
0.101256 0.567567 0.199721 0.131457
0.102967 0.630752 0.170503 0.0957784
0.287271 0.362604 0.146788 0.203337
0.0669168 0.577561 0.140936 0.214586
0.101373 0.551152 0.188451 0.159024
0.296247 9.9991E-05 0.191991 0.511662
0.0627904 0.532196 0.192462 0.212552
0.027808 0.58387 0.225734 0.162588
0.130882 0.665184 0.12149 0.0824441
9.9991E-05 0.545414 0.264083 0.190403
0.0760365 0.567274 0.124083 0.232607
0.389081 0.538265 0.0333117 0.0393425
0.254509 0.570219 0.10994 0.0653323
0.905563 0.00721167 0.087125 9.9991E-05
0.858897 0.0798007 0.061202 9.9991E-05
0.266901 0.579264 0.0411817 0.112653
0.142767 0.332211 0.376914 0.148108
0.131834 0.345246 0.352785 0.170135
0.285932 0.160149 0.410274 0.143646
0.147009 0.375246 0.322522 0.155224
0.639362 0.131964 0.165382 0.0632915
0.603006 0.154137 0.184601 0.058256
0.240758 0.608998 0.132884 0.0173606
0.329385 0.428618 0.19794 0.0440572
0.543877 0.271006 0.158371 0.0267464
0.247398 0.619077 0.0972358 0.0362886
0.205396 0.641478 0.125805 0.0273204
0.24046 0.547568 0.12792 0.084052
0.49395 0.429151 0.0767987 9.9991E-05
0.449033 0.522006 0.0169422 0.0120189
0.293917 0.613849 0.0631274 0.0291067
0.351026 0.554977 0.0349016 0.0590956
0.223039 0.593685 0.0845609 0.0987148
0.402703 0.567513 0.0273814 0.00240217
0.653908 0.295141 0.0508512 9.9991E-05
0.224645 0.692969 0.0822865 9.9991E-05
0.676554 0.24118 0.0821658 9.9991E-05
0.382505 0.584724 0.0326705 9.9991E-05
0.270083 0.624056 0.0285792 0.0772818
0.293416 0.547201 0.11788 0.0415033
0.13002 0.511241 0.182413 0.176326
0.185306 0.456828 0.181678 0.176187
0.162923 0.336511 0.299157 0.20141
0.191691 0.358197 0.283432 0.16668
0.11591 0.50889 0.172854 0.202347
0.196774 0.481003 0.190866 0.131358
0.623602 9.9991E-05 0.253589 0.122709
0.0889135 0.559569 0.264603 0.0869144
0.460011 9.9991E-05 0.219613 0.320276
0.179199 0.534363 0.215188 0.0712499
0.718796 0.281004 9.9982E-05 9.9982E-05
0.861765 0.100731 0.037404 9.9991E-05
0.37551 0.586682 0.037708 9.9991E-05
0.261062 0.678395 0.0604422 9.9991E-05
0.431845 0.563766 0.00428977 9.9991E-05
0.277103 0.685929 0.0368683 9.9991E-05
0.307644 0.660095 0.0321617 9.9991E-05
0.0433747 0.022089 0.0224453 0.912091
0.109659 0.0573361 0.0752787 0.757727
0.0303819 9.9991E-05 0.0173608 0.952157
9.9982E-05 0.0419674 9.9982E-05 0.957833
0.236059 0.693968 0.0597926 0.0101804
0.224847 0.688669 0.00197335 0.084511
0.248375 0.732489 9.9991E-05 0.019036
0.176612 0.705468 9.9991E-05 0.11782
0.114019 0.718099 9.9991E-05 0.167783
0.433454 0.51805 9.9991E-05 0.0483959
0.199318 0.795486 9.9991E-05 0.00509575
0.514849 0.484951 9.9982E-05 9.9982E-05
0.0442581 0.44259 0.175281 0.337872
0.385037 0.565457 0.049406 9.9991E-05
0.406538 0.593262 9.9982E-05 9.9982E-05
0.320475 0.679325 9.9982E-05 9.9982E-05
0.350663 0.60804 0.0215478 0.0197493
0.227409 0.77229 0.000201082 9.9991E-05
0.22668 0.705842 9.9991E-05 0.0673779
0.730503 0.269297 9.9982E-05 9.9982E-05
0.458987 0.537523 0.0033897 9.9991E-05
0.411093 0.574508 0.0142994 9.9991E-05
0.876687 0.123113 9.9982E-05 9.9982E-05
0.324474 0.608185 9.9991E-05 0.0672409
0.728844 0.270956 9.9982E-05 9.9982E-05
0.895498 0.104302 9.9982E-05 9.9982E-05
0.215482 0.681 0.0518566 0.0516612
0.549189 0.422771 9.9991E-05 0.0279399
0.320222 0.655023 0.0119647 0.0127907
0.113033 0.740949 0.0323214 0.113696
0.249778 0.688243 9.9991E-05 0.0618786
0.510676 0.427129 0.0554705 0.00672394
0.225651 0.743035 9.9991E-05 0.0312144
0.271494 0.690397 9.9991E-05 0.0380088
0.469365 0.530435 9.9982E-05 9.9982E-05
0.184953 0.646406 0.0306938 0.137946
0.281712 9.9982E-05 9.9982E-05 0.718088
0.188865 0.00559305 9.9991E-05 0.805442
0.11829 9.9982E-05 9.9982E-05 0.88151
0.118106 9.9982E-05 9.9982E-05 0.881694
0.164731 0.048292 9.9991E-05 0.786877
0.529155 0.388153 9.9991E-05 0.0825923
0.575428 0.407358 9.9991E-05 0.0171134
0.560007 0.439793 9.9982E-05 9.9982E-05
0.160667 0.629806 0.0915427 0.117984
0.152605 0.615486 0.100678 0.131231
0.485152 0.489178 0.0255697 9.9991E-05
0.204541 0.737461 0.0573513 0.000646303
0.358912 0.55972 0.0755797 0.00578865
0.257167 0.707007 9.9991E-05 0.0357259
0.160292 0.746645 0.0322303 0.0608326
0.531996 0.452075 9.9991E-05 0.0158282
0.445553 0.554247 9.9982E-05 9.9982E-05
0.426654 0.544456 9.9991E-05 0.0287893
0.134464 0.71001 0.0168498 0.138676
0.394539 0.602948 9.9991E-05 0.00241319
0.333628 0.618564 9.9991E-05 0.0477078
0.0418693 0.516426 0.359997 0.0817078
0.0305894 0.358713 0.476537 0.13416
9.9991E-05 0.457318 0.458295 0.084287
9.9991E-05 0.269677 0.546503 0.183721
0.073948 0.50279 0.328612 0.0946499
0.301248 0.587663 0.0454374 0.0656507
0.0639142 9.9991E-05 0.6761 0.259886
0.0237239 0.294178 0.509298 0.1728
0.208011 0.422133 0.163162 0.206694
0.214025 0.611465 0.0077507 0.16676
0.24492 0.534873 0.0354753 0.184731
0.182434 0.612968 0.0471398 0.157459
0.116489 0.680787 0.0443236 0.1584
9.9991E-05 0.359202 0.475205 0.165493
0.0644342 0.381945 0.392137 0.161484
9.9991E-05 0.415273 0.506619 0.0780083
0.0410886 0.493862 0.326775 0.138274
0.0761668 0.255954 0.521362 0.146517
0.0200384 0.491181 0.338376 0.150404
0.0407187 0.269438 0.558 0.131843
0.0947784 0.463314 0.337103 0.104804
0.246834 0.552916 0.0626775 0.137572
0.0608363 0.401046 0.390905 0.147212
0.0219375 0.170338 0.581568 0.226156
0.0909114 0.400251 0.385192 0.123645
0.357344 0.400541 9.9991E-05 0.242015
0.176894 0.672519 0.0845072 0.0660808
0.057264 0.428072 0.369079 0.145585
0.177882 0.611069 0.0171845 0.193865
0.196692 0.571301 9.9991E-05 0.231906
0.192093 0.334244 0.258072 0.215591
0.107717 0.383559 0.277823 0.2309
0.156466 0.622057 0.0973067 0.124171
0.00181552 0.485279 0.296096 0.21681
9.9991E-05 0.455348 0.440736 0.103816
9.9991E-05 0.149988 0.64573 0.204182
0.102567 0.689122 0.0613541 0.146957
0.278744 0.527925 9.9991E-05 0.193231
0.631647 0.114937 0.13807 0.115346
0.132591 0.617502 0.0642687 0.185639
0.335056 0.452313 0.0743601 0.138272
0.10717 0.506796 0.208556 0.177479
0.174253 0.531516 0.152931 0.141299
0.404821 9.9991E-05 0.217804 0.377275
0.479668 9.9991E-05 0.171795 0.348437
0.319378 0.304807 0.167813 0.208002
0.408367 0.00219748 0.263393 0.326042
0.255393 9.9991E-05 0.253141 0.491366
0.270476 0.38416 0.155933 0.18943
0.16365 0.386871 0.194262 0.255218
0.3374 0.120953 0.243094 0.298553
0.433025 0.0577655 0.229932 0.279278
0.118551 0.499813 0.187032 0.194604
0.368368 0.150502 0.212513 0.268617
0.444225 9.9991E-05 0.16797 0.387705
0.146503 0.576602 0.141646 0.135249
0.219507 0.305002 0.2651 0.210391
0.0232824 0.433258 0.19196 0.351499
9.9991E-05 0.627972 0.220633 0.151295
0.0140618 0.571353 0.250321 0.164264
0.0533637 0.502507 0.276478 0.167652
0.025875 0.356268 0.191313 0.426543
0.0124533 0.565088 0.185574 0.236884
9.9991E-05 0.47535 0.262724 0.261826
0.195985 0.24772 0.319464 0.236831
0.208847 0.446898 0.0939632 0.250291
0.0532611 0.600362 0.117123 0.229254
0.05287 0.57775 0.195956 0.173425
0.0948892 0.684412 0.126165 0.0945337
9.9991E-05 0.462779 0.227604 0.309518
0.0133738 0.569544 0.161297 0.255785
0.21849 0.00345714 0.387096 0.390956
0.0203065 0.627851 0.147633 0.204209
0.17941 0.183635 0.345236 0.291719
0.125437 0.0111094 9.9991E-05 0.863353
0.581191 0.233288 9.9991E-05 0.185421
0.772634 0.0166333 9.9991E-05 0.210633
0.767184 0.0469144 9.9991E-05 0.185802
0.72445 0.140929 9.9991E-05 0.134521
0.691782 0.139824 9.9991E-05 0.168294
0.674744 0.185253 9.9991E-05 0.139903
0.729054 0.0598873 9.9991E-05 0.210959
0.624 0.0394222 9.9991E-05 0.336478
0.0549791 0.0196727 9.9991E-05 0.925248
0.059025 0.10472 9.9991E-05 0.836155
0.0254518 0.0613431 0.00469234 0.908513
0.0712158 0.0384127 9.9991E-05 0.890271
0.052435 0.0333195 9.9991E-05 0.914145
9.9991E-05 0.0490962 0.0233195 0.927484
0.0145947 0.137478 0.0836479 0.76428
9.9991E-05 0.0664702 0.0199624 0.913467
0.0372773 0.155049 0.0573324 0.750341
9.9991E-05 0.0023116 0.0780837 0.919505
9.998E-05 9.998E-05 9.998E-05 0.9997
9.9991E-05 0.0800156 0.0217713 0.898113
9.9982E-05 9.9982E-05 0.00108365 0.998716
9.9991E-05 0.0312809 0.0075775 0.961042
9.9991E-05 0.0747052 0.028462 0.896733
9.9991E-05 0.0552627 0.0109457 0.933692
9.9991E-05 0.0484162 0.0784913 0.872992
9.9991E-05 0.109619 0.0196169 0.870664
9.9991E-05 0.102983 0.0875442 0.809373
0.330883 0.482804 9.9991E-05 0.186213
0.123383 0.735257 9.9991E-05 0.14126
0.131465 0.657305 0.0440708 0.167159
0.690165 0.073367 0.138545 0.0979226
0.260103 0.552215 0.0128863 0.174796
0.682673 0.0714331 0.11642 0.129474
0.148526 0.663558 0.0892708 0.0986459
0.301597 0.500397 9.9991E-05 0.197906
0.228165 0.575307 9.9991E-05 0.196428
0.262161 0.631669 0.0263205 0.0798489
0.295075 0.536002 9.9991E-05 0.168823
0.147858 0.684661 0.0631984 0.104282
0.21301 0.600046 0.0185176 0.168427
0.788953 0.0838616 0.127085 9.9991E-05
0.794745 9.9991E-05 0.0920634 0.113092
0.643952 0.122734 0.119328 0.113987
0.149696 0.651809 0.0409608 0.157535
0.315872 0.503776 0.0896204 0.0907318
0.201852 0.675899 0.00766232 0.114587
0.150775 0.690967 0.0507149 0.107543
0.0753046 0.532315 0.137059 0.255321
0.0049902 0.608244 0.157316 0.22945
0.207792 0.211085 0.124909 0.456214
0.137185 0.613054 0.0490256 0.200735
0.171196 0.505079 0.0739052 0.24982
0.342936 9.9991E-05 0.237914 0.41905
0.142209 0.300672 0.252796 0.304323
0.0969026 0.34095 0.182007 0.38014
0.0944075 0.447015 0.0995588 0.359019
0.097 0.56462 0.146698 0.191682
0.095948 0.577152 0.13355 0.19335
0.0244368 0.656392 0.101006 0.218166
0.230382 0.37791 0.259095 0.132613
0.104958 0.254734 0.126471 0.513837
