9.9982E-05 0.0626764 9.9982E-05 0.937124
9.998E-05 9.998E-05 9.998E-05 0.9997
0.0125473 0.0190512 0.0664803 0.901921
9.999E-05 0.00360796 0.1389 0.857392
9.9982E-05 9.9982E-05 0.0655818 0.934218
0.123215 0.0432424 0.103768 0.729775
0.140983 0.018833 9.9991E-05 0.840084
0.17241 0.0272771 0.0232898 0.777023
0.133368 9.9982E-05 9.9982E-05 0.866432
0.126185 0.0256054 0.0468467 0.801363
0.0836196 9.9991E-05 0.123059 0.793222
0.475694 9.9991E-05 0.38255 0.141656
0.166968 0.0128186 0.69472 0.125493
0.423137 0.0248137 0.451257 0.100792
0.341659 0.0659604 0.446958 0.145422
0.203629 0.0890755 0.559086 0.148209
0.148192 0.0897257 0.686477 0.0756056
0.253895 0.044387 0.593412 0.108307
0.34567 0.00625067 0.424812 0.223267
0.660496 9.9991E-05 0.198278 0.141126
0.30593 0.024957 0.560231 0.108883
0.330513 0.0744762 0.533265 0.0617461
0.195312 0.015089 0.708293 0.0813058
0.411308 0.0117952 0.401576 0.17532
0.068065 0.0857881 0.704521 0.141626
0.194067 0.00863159 0.686855 0.110447
0.468607 9.9991E-05 0.377592 0.153701
0.369994 0.0385097 0.438353 0.153144
0.51025 9.9991E-05 0.384824 0.104826
9.9991E-05 0.0381227 0.0654481 0.896329
9.9991E-05 0.0168813 0.103017 0.880001
9.9991E-05 0.0903052 0.0811844 0.82841
9.9991E-05 0.0952039 0.138598 0.766098
0.252179 9.9991E-05 0.631857 0.115863
0.178187 0.0585945 0.659334 0.103884
0.238479 0.0270526 0.717912 0.0165563
0.506943 9.9991E-05 0.349323 0.143634
0.521798 0.0340036 0.444098 9.9991E-05
0.175949 0.0222215 0.67594 0.125889
0.124545 0.0247041 0.788712 0.0620395
0.169212 0.0188207 0.664494 0.147473
0.138619 0.0122812 0.715125 0.133975
0.545118 9.9991E-05 0.418547 0.0362354
0.128007 0.0815051 0.688715 0.101773
0.126102 0.0325441 0.727362 0.113992
0.11958 0.0433359 0.671318 0.165766
0.447002 9.9982E-05 0.552798 9.9982E-05
0.129598 0.0390871 0.739144 0.092171
0.137219 0.0856872 0.644062 0.133032
0.960952 0.026491 9.9991E-05 0.0124567
0.596671 9.9991E-05 0.3314 0.0718291
0.614587 0.089818 0.248558 0.0470374
0.119331 0.0946053 0.650442 0.135622
0.134758 0.0879066 0.678003 0.0993326
0.0931276 0.0735516 0.707448 0.125873
0.457272 9.9991E-05 0.342078 0.20055
0.22838 9.9991E-05 0.684642 0.0868773
0.14308 0.0824117 0.656019 0.11849
0.298483 0.0263333 0.512817 0.162367
0.495001 9.9991E-05 0.257277 0.247622
0.164028 0.0447693 0.668277 0.122926
0.269217 0.0384114 0.592506 0.099866
0.616193 9.9991E-05 0.21159 0.172117
0.365621 9.9991E-05 0.573445 0.0608344
0.162039 0.0691144 0.683115 0.0857321
0.103948 0.0393435 0.715801 0.140908
0.391145 0.0172748 0.405088 0.186492
0.230184 0.032535 0.627059 0.110222
0.151545 0.0213465 0.697857 0.129251
0.486228 9.9991E-05 0.382141 0.131531
0.257666 9.9991E-05 0.699074 0.0431593
0.480171 9.9982E-05 0.519629 9.9982E-05
0.204768 0.0611307 0.629144 0.104957
0.727226 9.9982E-05 0.272574 9.9982E-05
0.759263 9.9982E-05 0.240537 9.9982E-05
0.513886 9.9982E-05 0.485914 9.9982E-05
0.249452 9.9991E-05 0.700953 0.0494952
0.142662 0.0854903 0.622802 0.149046
0.325361 0.0264408 0.648098 9.9991E-05
0.505027 9.9991E-05 0.456344 0.0385298
0.455762 9.9991E-05 0.531123 0.0130158
0.137565 0.0411169 0.710096 0.111222
0.356837 9.9991E-05 0.60388 0.039183
0.306164 9.9991E-05 0.665895 0.0278414
0.317815 9.9982E-05 0.681985 9.9982E-05
0.877883 0.0585117 0.063505 9.9991E-05
0.13193 0.061703 0.771657 0.0347095
0.0071508 9.9991E-05 0.102669 0.89008
9.9991E-05 0.0202534 0.0543548 0.925292
9.9991E-05 0.05076 0.0685904 0.88055
9.9991E-05 0.044378 0.00103556 0.954486
9.9982E-05 0.0480538 9.9982E-05 0.951746
9.9991E-05 0.0622823 0.0634819 0.874136
9.9982E-05 9.9982E-05 0.0667671 0.933033
0.157614 0.0931377 0.674544 0.0747047
0.116071 0.0968775 0.67468 0.112372
0.649453 9.9991E-05 0.31005 0.0403966
0.151104 0.0609545 0.710948 0.076993
0.345436 9.9991E-05 0.596874 0.05759
0.175826 9.9991E-05 0.743889 0.0801851
0.211307 0.0293263 0.726355 0.0330113
0.26721 0.0450198 0.671915 0.015855
0.684501 9.9991E-05 0.263556 0.0518427
0.158046 0.061372 0.638406 0.142176
0.0929663 0.0149811 0.784928 0.107124
0.158682 0.0486278 0.690592 0.102098
0.541718 0.0362106 0.421971 9.9991E-05
0.286908 0.0417901 0.671202 9.9991E-05
0.297231 9.9991E-05 0.67248 0.0301883
0.380469 9.9982E-05 0.619331 9.9982E-05
0.321969 9.9991E-05 0.624876 0.0530548
0.185161 0.0471282 0.64573 0.121981
0.484814 0.0829394 0.350294 0.0819532
0.306252 9.9991E-05 0.561216 0.132432
0.171624 0.0838591 0.576698 0.167819
0.159183 0.095727 0.615046 0.130044
0.257149 9.9991E-05 0.613248 0.129503
0.185394 0.0177392 0.687279 0.109588
0.281328 9.9991E-05 0.5609 0.157671
0.24271 0.0704787 0.571116 0.115696
0.126706 0.0234866 0.69646 0.153348
0.172166 9.9991E-05 0.709541 0.118193
0.233679 9.9991E-05 0.680497 0.0857231
0.138348 0.0843202 0.700465 0.0768668
0.141899 0.0797557 0.659207 0.119139
0.227483 0.102659 0.650656 0.0192016
0.162173 0.0849884 0.628807 0.124031
0.188953 0.0637269 0.69958 0.0477401
0.432699 0.0859754 0.380022 0.101304
0.11896 0.0752888 0.707706 0.098045
0.119815 0.0478004 0.763924 0.0684603
0.490143 9.9991E-05 0.385939 0.123818
0.64846 0.109157 0.236323 0.00605906
0.217423 0.0422627 0.638198 0.102116
0.752106 0.0646968 0.183097 9.9991E-05
0.429906 9.9991E-05 0.478685 0.0913086
0.355979 9.9991E-05 0.593697 0.0502238
0.414751 9.9991E-05 0.492222 0.0929271
0.44957 9.9991E-05 0.460094 0.0902365
0.186682 0.0264388 0.693579 0.0933005
0.103771 0.0824337 0.685754 0.128041
0.164283 0.0429286 0.706931 0.0858575
0.657804 0.0823737 0.225129 0.0346935
0.199773 0.0552245 0.568823 0.17618
0.238539 0.091134 0.554941 0.115385
0.771139 0.0717854 9.9991E-05 0.156976
0.11149 0.103467 0.69553 0.0895134
0.452908 0.0884447 0.35739 0.101257
0.204599 0.133842 0.514685 0.146874
0.519519 0.0447319 0.311585 0.124163
0.710529 0.0331337 0.137844 0.118493
0.395567 0.0599136 0.459603 0.084916
0.224465 0.116501 0.54498 0.114054
0.234989 0.0422856 0.503903 0.218822
0.679694 0.146957 0.133516 0.039833
0.188384 0.101711 0.593538 0.116367
0.555903 9.9982E-05 0.443897 9.9982E-05
0.408765 0.0455363 0.545599 9.9991E-05
0.152688 0.0627443 0.626552 0.158016
0.198888 0.320047 0.100455 0.380609
0.29984 0.218959 9.9991E-05 0.481102
0.315393 0.190211 9.9991E-05 0.494296
0.250075 0.326172 0.0666147 0.357139
0.255858 0.0515979 0.692444 9.9991E-05
0.123554 0.0823338 0.666157 0.127955
9.9982E-05 0.684817 0.314983 9.9982E-05
0.0431211 0.474579 0.41296 0.0693394
0.043651 0.419374 0.430479 0.106496
0.582456 0.125562 0.286052 0.00592894
0.275937 0.0882418 0.533939 0.101882
0.644103 0.0380439 0.317753 9.9991E-05
0.24104 0.0596368 0.615315 0.0840087
0.332633 0.0751677 0.53371 0.0584892
0.281211 0.0855673 0.633121 9.9991E-05
0.668438 0.0830248 0.248437 9.9991E-05
0.113924 0.0921989 0.725442 0.068435
0.185887 0.0681761 0.644449 0.101488
9.9982E-05 0.972063 0.0277372 9.9982E-05
0.000402886 0.90633 0.0931674 9.9991E-05
0.0257201 0.537079 0.375419 0.0617818
9.9982E-05 0.63776 0.36204 9.9982E-05
9.9982E-05 0.808943 0.190857 9.9982E-05
9.998E-05 0.9997 9.998E-05 9.998E-05
0.00674842 0.948806 0.0350822 0.0093634
9.9982E-05 0.831 0.1688 9.9982E-05
0.0141987 0.926431 0.0512798 0.00809075
9.998E-05 0.9997 9.998E-05 9.998E-05
9.998E-05 0.9997 9.998E-05 9.998E-05
9.9982E-05 0.761252 0.238548 9.9982E-05
9.9991E-05 0.796406 0.157446 0.0460485
9.998E-05 0.9997 9.998E-05 9.998E-05
0.0354895 0.390635 0.454291 0.119584
0.00270451 0.634899 0.273608 0.0887884
9.9991E-05 0.789093 0.170064 0.040743
9.9991E-05 0.880385 0.112028 0.0074869
9.998E-05 0.9997 9.998E-05 9.998E-05
9.9991E-05 0.956222 0.0326337 0.0110441
9.998E-05 0.9997 9.998E-05 9.998E-05
0.0344458 0.601723 0.276157 0.0876734
9.9991E-05 0.962265 0.0189707 0.0186642
0.559946 0.142299 9.9991E-05 0.297656
0.249682 0.173122 0.355467 0.221729
0.208677 0.160201 0.464492 0.16663
0.404881 0.194006 0.16446 0.236653
0.204536 0.178345 0.485542 0.131577
0.433741 0.234805 0.0760091 0.255444
0.18805 0.133852 0.503111 0.174987
0.278639 0.166091 0.322541 0.232729
0.180158 0.171054 0.494041 0.154747
0.225519 0.202285 0.373059 0.199137
0.179768 0.145897 0.463172 0.211162
0.00300833 0.0146172 0.0532826 0.929092
0.0153303 0.0829757 9.9991E-05 0.901594
9.9991E-05 0.00487993 0.023045 0.971975
0.017049 9.9982E-05 9.9982E-05 0.982751
9.9991E-05 0.00517656 0.0603927 0.934331
9.9982E-05 0.0081365 9.9982E-05 0.991664
9.9991E-05 0.0138074 0.047982 0.938111
0.0191133 9.9991E-05 0.011376 0.969411
0.0372385 0.0326271 0.00597044 0.924164
0.00841371 0.0204357 0.0302454 0.940905
0.312067 0.00263882 0.00766423 0.67763
0.304727 9.9982E-05 9.9982E-05 0.695073
0.359789 9.9991E-05 0.0221837 0.617927
0.440916 9.9982E-05 9.9982E-05 0.558884
0.241053 9.9991E-05 0.662772 0.0960753
0.249029 0.0128142 0.676357 0.0617991
0.201111 0.00566537 0.70043 0.0927943
0.402774 9.9991E-05 0.534199 0.0629276
0.552369 9.9991E-05 0.364385 0.083146
0.143522 0.0389806 0.762791 0.0547065
0.202935 0.0291191 0.767846 9.9991E-05
0.291683 0.0122042 0.693488 0.00262516
0.397076 9.9982E-05 0.602724 9.9982E-05
0.182998 0.0854771 0.651431 0.0800941
0.324163 9.9991E-05 0.654764 0.0209734
0.811637 9.9982E-05 0.188163 9.9982E-05
0.171551 0.0196842 0.693502 0.115263
0.602282 0.00914859 0.388469 9.9991E-05
0.277829 0.0287828 0.691757 0.00163186
0.564177 9.9991E-05 0.415428 0.0202952
0.627129 9.9991E-05 0.0745177 0.298253
0.580548 9.9991E-05 0.160912 0.258439
0.65517 9.9991E-05 0.113223 0.231507
0.671798 9.9991E-05 0.0641334 0.263968
0.573403 9.9991E-05 0.215099 0.211398
0.574356 9.9991E-05 0.204691 0.220853
9.9991E-05 0.0568517 0.0467413 0.896307
9.9991E-05 0.0162318 0.127517 0.856152
9.9991E-05 0.0473606 0.150213 0.802327
0.0019773 0.0493829 0.0707165 0.877923
9.9991E-05 0.0753309 0.119764 0.804805
0.461544 9.9991E-05 0.00867871 0.529678
0.431176 9.9991E-05 0.0173948 0.55133
0.400221 9.9991E-05 0.0585988 0.541081
9.9991E-05 0.0223246 0.103475 0.8741
0.459345 9.9991E-05 0.0175988 0.522956
0.116982 0.375586 0.245342 0.26209
0.0498026 0.236523 0.557262 0.156412
9.9991E-05 0.262054 0.532588 0.205258
0.0704387 0.2698 0.379235 0.280526
0.0593355 0.102783 0.6207 0.217181
0.20708 0.351011 9.9991E-05 0.441809
0.342062 9.9991E-05 0.575976 0.0818619
0.407911 0.0576264 0.534362 9.9991E-05
0.478847 9.9991E-05 0.435582 0.0854712
0.33565 0.063926 0.600324 9.9991E-05
0.977834 0.0219664 9.9982E-05 9.9982E-05
0.165048 0.0979755 0.612976 0.124
0.250472 0.0533818 0.637246 0.0588997
0.419412 9.9991E-05 0.469086 0.111401
0.181584 0.0445436 0.662532 0.11134
0.702831 0.0347586 0.26231 9.9991E-05
0.290684 0.0383423 0.630478 0.0404959
0.260841 9.9991E-05 0.63492 0.104139
0.226027 0.219832 0.454403 0.0997377
0.516713 0.0660688 0.417119 9.9991E-05
0.4057 0.0810705 0.473149 0.0400807
0.243391 0.0830413 0.666037 0.00753069
0.27211 0.015241 0.698233 0.0144163
0.130154 0.0851776 0.707819 0.0768501
0.197299 0.0645498 0.626058 0.112093
0.199279 0.0384711 0.652379 0.109872
9.9991E-05 0.0618324 0.0956461 0.842422
9.9991E-05 0.0118991 0.105738 0.882263
0.0199426 0.0107324 0.0627925 0.906533
9.9991E-05 0.0555268 0.0135136 0.93086
9.9982E-05 9.9982E-05 0.0788178 0.920982
0.575638 9.9991E-05 0.279986 0.144276
0.26674 0.0753457 0.584378 0.0735358
0.0541139 0.25749 0.474144 0.214253
0.146988 0.0864039 0.694182 0.0724263
0.24095 0.0171707 0.641564 0.100315
0.539592 0.061113 0.360384 0.0389109
0.642203 9.9991E-05 0.151203 0.206494
0.272876 9.9991E-05 0.597066 0.129958
0.417986 9.9991E-05 0.407948 0.173966
0.311841 0.0566557 0.561757 0.069746
0.535063 9.9991E-05 0.274801 0.190036
0.156529 0.099938 0.598997 0.144536
0.540593 9.9991E-05 0.303295 0.156012
0.508735 0.147764 0.319555 0.0239455
0.216694 0.0893215 0.590957 0.103027
0.541755 9.9991E-05 0.415022 0.0431229
0.272826 0.0726449 0.586029 0.0684998
0.184515 0.0465296 0.61079 0.158166
0.599368 0.0255962 0.325745 0.049291
0.200962 0.0736742 0.608897 0.116466
0.320457 0.0409719 0.579842 0.0587292
0.74456 0.00442207 0.241419 0.00959838
0.672308 0.0320358 0.265616 0.0300403
0.385681 9.9991E-05 0.529622 0.0845969
0.798426 0.0214144 0.163279 0.0168804
0.371961 0.020467 0.56113 0.0464421
0.576415 9.9991E-05 0.315641 0.107843
0.603852 0.124841 0.271207 9.9991E-05
0.328783 0.0346842 0.507909 0.128623
0.18949 0.0612302 0.649694 0.099586
0.522117 9.9991E-05 0.425001 0.0527823
0.217935 0.0775813 0.617864 0.0866195
0.15857 0.00927297 0.73243 0.0997269
0.289062 0.0751276 0.588876 0.0469334
0.269779 0.047697 0.627077 0.0554468
0.284616 0.00146171 0.623382 0.0905398
0.472305 0.0145029 0.438986 0.0742059
0.340469 0.017468 0.572925 0.0691376
0.255 0.0875537 0.625657 0.0317893
0.167572 0.0805951 0.669817 0.082016
0.390798 0.144058 0.41437 0.0507744
0.296285 0.113315 0.563319 0.0270801
0.372315 0.0155524 0.522668 0.0894652
0.185959 0.0539395 0.695855 0.0642465
0.282309 0.0589938 0.556979 0.101718
0.160196 0.0616255 0.61179 0.166389
0.0226666 0.136175 0.48806 0.353099
0.102168 0.203561 0.556447 0.137824
0.0818534 0.15586 0.587018 0.175269
0.127043 0.194394 0.560416 0.118147
0.0813133 0.251609 0.479624 0.187453
0.371291 0.0572879 0.571321 9.9991E-05
0.084548 0.175814 0.551442 0.188197
0.489231 0.275469 0.0176562 0.217644
0.102215 0.137187 0.660292 0.100306
0.0584385 0.190372 0.557295 0.193895
0.119682 0.215607 0.536316 0.128395
0.310593 0.199441 0.304689 0.185277
9.9991E-05 0.133369 0.618305 0.248226
0.102382 0.21709 0.552558 0.12797
0.300203 0.207081 9.9991E-05 0.492616
0.0341187 0.155616 0.583932 0.226333
0.015756 0.21846 0.567453 0.19833
0.108749 0.174073 0.605712 0.111466
9.9991E-05 0.246348 0.541699 0.211852
0.0425794 0.12477 0.602529 0.230122
0.342919 0.0726648 0.530019 0.0543972
0.283522 0.0860608 0.579765 0.0506521
0.900438 0.0777313 0.0217306 9.9991E-05
0.859112 0.0525492 0.0882386 9.9991E-05
0.247571 0.0586807 0.600613 0.0931355
0.126898 0.350141 0.368802 0.154159
0.112566 0.336379 0.380994 0.170061
0.263109 0.378964 0.184687 0.173241
0.13382 0.312795 0.383128 0.170257
0.628699 0.18294 0.12154 0.0668215
0.603765 0.197152 0.153796 0.0452872
0.219285 0.160383 0.620232 9.9991E-05
0.300269 0.186607 0.468235 0.0448897
0.536762 0.171484 0.275713 0.0160413
0.206821 0.128579 0.610805 0.0537959
0.215801 0.141272 0.629304 0.0136225
0.232614 0.10481 0.58681 0.0757655
0.4966 0.072458 0.430842 9.9991E-05
0.420643 0.0862479 0.493009 9.9991E-05
0.295963 0.0940498 0.57777 0.0322172
0.346874 0.0556415 0.554486 0.0429988
0.24403 0.0719232 0.594903 0.0891442
0.391649 0.0665847 0.541666 9.9991E-05
0.655528 0.083313 0.261059 9.9991E-05
0.202493 0.0849063 0.712501 9.9991E-05
0.648228 0.0896625 0.262009 9.9991E-05
0.378048 0.0627039 0.525754 0.0334939
0.230654 0.0562634 0.609317 0.103766
0.265989 0.0617066 0.607056 0.0652482
0.128825 0.145937 0.538617 0.18662
0.128961 0.17486 0.510189 0.18599
0.142962 0.328521 0.328794 0.199723
0.162172 0.253897 0.359326 0.224605
0.106436 0.172299 0.513324 0.207941
0.132911 0.208315 0.490749 0.168024
0.603593 0.254532 9.9991E-05 0.141776
0.0566223 0.21105 0.622951 0.109377
0.446425 0.223387 9.9991E-05 0.330088
0.185034 0.2198 0.551698 0.0434676
0.703248 0.0255529 0.271099 9.9991E-05
0.846978 0.0397931 0.113129 9.9991E-05
0.344448 0.03554 0.619912 9.9991E-05
0.249244 0.0563156 0.69434 9.9991E-05
0.426964 0.0401984 0.532738 9.9991E-05
0.249598 0.0527437 0.697559 9.9991E-05
0.289886 0.0552911 0.654723 9.9991E-05
0.0282725 0.00716396 0.03529 0.929274
0.0864115 0.0658583 0.0581433 0.789587
9.9991E-05 0.0366363 0.00762868 0.955635
9.9991E-05 0.00528852 0.0320854 0.962526
0.211736 0.0204391 0.700933 0.0668917
0.209473 0.00716093 0.716597 0.0667683
0.217698 9.9991E-05 0.730171 0.0520308
0.171236 0.0149779 0.712497 0.101289
0.154412 0.0396856 0.681341 0.124561
0.40447 9.9991E-05 0.539785 0.0556446
0.153947 0.0113306 0.834623 9.9991E-05
0.51205 0.0037797 0.48407 9.9991E-05
0.0681189 0.193612 0.407704 0.330565
0.398852 0.0392122 0.561836 9.9991E-05
0.385666 9.9991E-05 0.598051 0.0161831
0.271842 0.00466139 0.723397 9.9991E-05
0.311683 0.013583 0.637862 0.0368712
0.211155 0.0113236 0.777421 9.9991E-05
0.214783 9.9991E-05 0.701501 0.083616
0.726413 9.9982E-05 0.273387 9.9982E-05
0.459061 0.00250701 0.538332 9.9991E-05
0.424609 0.0184233 0.556868 9.9991E-05
0.871852 9.9982E-05 0.127948 9.9982E-05
0.316866 9.9991E-05 0.635584 0.0474502
0.71014 0.00762302 0.282137 9.9991E-05
0.88969 9.9982E-05 0.11011 9.9982E-05
0.171851 0.0662419 0.721352 0.0405555
0.508898 9.9991E-05 0.443509 0.0474925
0.288037 0.000298998 0.677415 0.0342495
0.146891 0.0766645 0.681139 0.095306
0.20827 0.00502681 0.720256 0.0664472
0.481476 0.0856706 0.432753 9.9991E-05
0.18558 9.9991E-05 0.728414 0.0859061
0.265184 9.9991E-05 0.677878 0.0568375
0.456333 9.9982E-05 0.543467 9.9982E-05
0.201936 9.9991E-05 0.69126 0.106704
0.246759 9.9982E-05 9.9982E-05 0.753041
0.152864 9.9991E-05 0.0130524 0.833983
0.103885 9.9982E-05 9.9982E-05 0.895915
0.122033 9.9982E-05 9.9982E-05 0.877767
0.150368 9.9991E-05 0.0304023 0.819129
0.536732 9.9991E-05 0.40192 0.0612479
0.547428 9.9991E-05 0.424394 0.0280779
0.536156 9.9982E-05 0.463644 9.9982E-05
0.170433 0.101744 0.585959 0.141864
0.128034 0.0847307 0.675809 0.111426
0.503618 0.0514058 0.444877 9.9991E-05
0.168845 0.0820433 0.72718 0.0219324
0.37422 0.0614862 0.548583 0.0157108
0.255749 9.9991E-05 0.689436 0.0547149
0.149508 0.0814266 0.724304 0.0447607
0.507389 9.9982E-05 0.492412 9.9982E-05
0.456062 9.9982E-05 0.543738 9.9982E-05
0.418427 9.9991E-05 0.565861 0.0156118
0.0938493 9.9991E-05 0.719259 0.186791
0.358817 9.9991E-05 0.601454 0.0396282
0.30077 9.9991E-05 0.624056 0.075074
0.0450427 0.349764 0.518799 0.0863943
0.00450489 0.458149 0.382707 0.154639
0.00341771 0.415869 0.460771 0.119942
9.9991E-05 0.507297 0.29507 0.197533
0.0713627 0.330547 0.46641 0.13168
0.244795 0.0361977 0.610119 0.108889
0.0691633 0.67709 9.9991E-05 0.253647
0.00316907 0.502419 0.327726 0.166686
0.195273 0.209155 0.406177 0.189395
0.169742 0.0115263 0.638348 0.180384
0.204108 0.0374617 0.557611 0.200819
0.127867 0.0475911 0.669909 0.154634
0.0451667 0.0578524 0.714801 0.18218
9.9991E-05 0.471143 0.349709 0.179048
0.00875491 0.376057 0.449757 0.165431
9.9991E-05 0.528495 0.359523 0.111882
0.0213396 0.289764 0.474037 0.21486
0.0559238 0.513156 0.251125 0.179795
0.0196129 0.337694 0.489576 0.153117
0.0551309 0.566583 0.272933 0.105353
0.0694706 0.312227 0.489231 0.129071
0.280353 0.0646762 0.505827 0.149144
0.0353808 0.391689 0.3994 0.17353
0.022932 0.608656 0.14057 0.227842
0.0157716 0.35454 0.492259 0.13743
0.359062 9.9991E-05 0.385347 0.255491
0.155441 0.079292 0.716996 0.0482713
0.0599398 0.361607 0.389513 0.188939
0.178844 0.0383925 0.601689 0.181075
0.183626 9.9991E-05 0.600468 0.215806
0.148527 0.243044 0.391195 0.217234
0.128275 0.339997 0.316288 0.215441
0.111892 0.0860087 0.661106 0.140993
0.0347112 0.338826 0.466321 0.160142
9.9991E-05 0.441431 0.454083 0.104385
9.9991E-05 0.648181 0.137034 0.214685
0.107419 0.059051 0.716798 0.116732
0.241394 9.9991E-05 0.553473 0.205033
0.615174 0.132476 0.126243 0.126107
0.0639257 0.0483616 0.699302 0.188411
0.345075 0.0914244 0.439215 0.124285
0.0947343 0.181295 0.516033 0.207937
0.157103 0.157365 0.514407 0.171125
0.411819 0.201366 9.9991E-05 0.386714
0.472455 0.17593 9.9991E-05 0.351515
0.338738 0.161376 0.303387 0.1965
0.366105 0.278153 9.9991E-05 0.355642
0.263488 0.257488 9.9991E-05 0.478924
0.238134 0.153038 0.383814 0.225014
0.137942 0.202603 0.397347 0.262108
0.336334 0.25147 0.100787 0.311409
0.416377 0.249037 0.0440675 0.290518
0.122921 0.161835 0.537088 0.178156
0.36184 0.228909 0.141578 0.267673
0.425623 0.154802 9.9991E-05 0.419475
0.103822 0.153851 0.572931 0.169396
0.232049 0.259509 0.288146 0.220296
0.017978 0.170779 0.47403 0.337213
9.9991E-05 0.264765 0.576666 0.158469
0.0441635 0.273872 0.51322 0.168745
0.0420856 0.319068 0.443542 0.195304
0.0381032 0.19302 0.358924 0.409952
0.0211801 0.193863 0.542716 0.242242
9.9991E-05 0.178543 0.517626 0.303731
0.152003 0.299409 0.301906 0.246682
0.212893 0.126386 0.428379 0.232342
0.0649969 0.135664 0.562283 0.237056
0.0450014 0.218261 0.581906 0.154832
0.0880881 0.144073 0.632513 0.135326
0.0203336 0.230447 0.433317 0.315903
9.9991E-05 0.179389 0.57818 0.242331
0.223103 0.374614 0.0235396 0.378744
0.0387086 0.201639 0.575352 0.1843
0.191647 0.349222 0.161396 0.297735
0.136068 9.9982E-05 9.9982E-05 0.863732
0.561185 9.9991E-05 0.267271 0.171444
0.774275 9.9991E-05 0.0310763 0.194549
0.788338 9.9991E-05 0.0538956 0.157667
0.71303 9.9991E-05 0.132973 0.153898
0.69885 9.9991E-05 0.132737 0.168313
0.644859 9.9991E-05 0.181312 0.173729
0.727437 9.9991E-05 0.0558091 0.216654
0.586968 9.9991E-05 0.0819784 0.330953
0.0678936 9.9991E-05 0.0157141 0.916292
0.0724643 9.9991E-05 0.0771835 0.850252
0.0354518 9.9991E-05 0.0515082 0.91294
0.0635512 9.9991E-05 0.0392494 0.897099
0.0311709 0.00345182 0.0512126 0.914165
0.00707702 9.9991E-05 0.0701841 0.922639
9.9991E-05 0.0676752 0.166916 0.765309
9.9991E-05 0.0212681 0.068081 0.910551
0.03844 0.059968 0.144472 0.75712
9.9991E-05 0.0763482 0.00949983 0.914052
9.998E-05 9.998E-05 9.998E-05 0.9997
9.9991E-05 0.0333169 0.0421931 0.92439
9.9982E-05 0.0160241 9.9982E-05 0.983776
9.9991E-05 0.0187064 0.0207987 0.960395
9.9991E-05 0.0405199 0.0592815 0.900099
9.9991E-05 0.0218173 0.0487052 0.929377
9.9991E-05 0.0806928 0.0470279 0.872179
9.9991E-05 0.0328335 0.100616 0.866451
9.9991E-05 0.081552 0.0867428 0.831605
0.283694 9.9991E-05 0.516096 0.200109
0.0703046 0.0277241 0.761532 0.14044
0.154706 0.0869616 0.608652 0.149681
0.69187 0.154983 0.06884 0.0843064
0.215908 9.9991E-05 0.595689 0.188303
0.665363 0.104476 0.0906186 0.139542
0.149327 0.134726 0.606769 0.109178
0.284363 9.9991E-05 0.528463 0.187074
0.18571 9.9991E-05 0.606372 0.207818
0.216595 9.9991E-05 0.687387 0.0959177
0.237873 0.00564458 0.553584 0.202898
0.0990326 0.0582084 0.704926 0.137833
0.196465 0.00984877 0.627619 0.166068
0.768429 0.142928 0.0866821 0.00196125
0.782989 0.0892433 9.9991E-05 0.127668
0.63197 0.103128 0.133611 0.131292
0.12415 0.0709948 0.631126 0.173729
0.30991 0.100527 0.495187 0.0943758
0.181263 0.0495018 0.655898 0.113337
0.118934 0.0741247 0.673375 0.133565
0.054939 0.183341 0.527661 0.234059
0.00287415 0.165566 0.574223 0.257337
0.198813 0.151442 0.216124 0.433621
0.125334 0.0436099 0.647855 0.183201
0.139172 0.130804 0.482635 0.247389
0.357446 0.238274 9.9991E-05 0.40418
0.133791 0.280792 0.300162 0.285255
0.062718 0.159546 0.377169 0.400567
0.0994256 0.084694 0.457956 0.357925
0.100483 0.144356 0.566328 0.188833
0.0444521 0.155888 0.596794 0.202866
0.0526634 0.124056 0.628926 0.194355
0.161514 0.254187 0.404006 0.180293
0.0909992 0.129011 0.255139 0.52485
