0.940668 9.9991E-05 0.0385018 0.02073
0.980564 9.9982E-05 0.0192362 9.9982E-05
0.902078 0.012094 0.028908 0.0569201
0.872849 9.9982E-05 9.9982E-05 0.126951
0.925085 9.9982E-05 9.9982E-05 0.0747147
0.697326 0.151133 0.0709043 0.0806369
0.845626 0.120968 0.0316868 0.00172
0.751919 0.173198 0.0643601 0.0105235
0.861559 0.138241 9.9982E-05 9.9982E-05
0.805163 0.118312 0.00533672 0.0711884
0.799786 0.0692052 9.9991E-05 0.130909
0.145921 0.454713 9.9991E-05 0.399266
0.10306 0.174765 0.0455549 0.676619
0.0969986 0.447809 0.0403806 0.414812
0.15066 0.307118 0.0797057 0.462516
0.13817 0.17602 0.110205 0.575606
0.105889 0.134332 0.0738629 0.685917
0.114827 0.247709 0.0314645 0.605999
0.224491 0.340138 0.0111049 0.424267
0.160433 0.632555 9.9991E-05 0.206912
0.0707342 0.307849 9.9991E-05 0.621317
0.0606105 0.344475 0.0762771 0.518637
0.0938436 0.210302 0.0181311 0.677724
0.145382 0.404509 9.9991E-05 0.450009
0.127569 0.0887963 0.0686137 0.715021
0.110678 0.184538 9.9991E-05 0.704685
0.147656 0.443366 9.9991E-05 0.408878
0.147888 0.342488 9.9991E-05 0.509524
0.11005 0.48395 9.9991E-05 0.4059
0.885361 9.9991E-05 0.0552687 0.0592704
0.883006 9.9991E-05 0.027909 0.0889846
0.825331 9.9991E-05 0.0969204 0.0776482
0.76017 9.9991E-05 0.10188 0.137849
0.104165 0.218433 9.9991E-05 0.677302
0.0937754 0.181024 0.0468507 0.67835
0.0173709 0.221913 0.0349761 0.72574
0.145965 0.5014 9.9991E-05 0.352535
9.9991E-05 0.500119 0.0353072 0.464473
0.126443 0.147898 0.0451221 0.680536
0.044272 0.0992175 0.058143 0.798368
0.150338 0.180785 0.00304602 0.66583
0.127706 0.104615 0.0136385 0.754041
0.0243252 0.527079 9.9991E-05 0.448496
0.0892949 0.151307 0.0858212 0.673577
0.077422 0.118004 0.0405586 0.764015
0.167934 0.149404 0.0478676 0.634794
9.9982E-05 0.42966 9.9982E-05 0.57014
0.110738 0.117138 0.0378691 0.734255
0.135119 0.163723 0.0525826 0.648576
0.00268161 0.961525 0.0356935 9.9991E-05
0.0828428 0.599845 9.9991E-05 0.317212
0.02153 0.611758 0.100952 0.26576
0.0846327 0.178146 0.146163 0.591058
0.092017 0.157606 0.0947699 0.655607
0.0653467 0.157305 0.139306 0.638042
0.201944 0.463587 9.9991E-05 0.33437
0.0590949 0.246618 0.0202152 0.674072
0.091013 0.157308 0.0964661 0.655213
0.185735 0.264902 0.0191713 0.530191
0.23845 0.478509 9.9991E-05 0.282941
0.0532882 0.235263 0.0718606 0.639588
0.112776 0.222464 0.0478328 0.616928
0.168048 0.585986 9.9991E-05 0.245866
0.0858807 0.327435 9.9991E-05 0.586584
0.0644108 0.195911 0.105927 0.633751
0.131497 0.123028 9.9991E-05 0.745375
0.153161 0.400143 0.00919669 0.437499
0.115599 0.243202 0.0514314 0.589767
0.106804 0.162109 0.0229826 0.708104
0.13838 0.490168 9.9991E-05 0.371352
0.0486434 0.24632 9.9991E-05 0.704937
0.0117042 0.492022 9.9991E-05 0.496174
0.106117 0.176121 0.0733815 0.64438
9.9982E-05 0.720129 9.9982E-05 0.279671
9.9982E-05 0.751807 9.9982E-05 0.247993
9.9982E-05 0.490482 9.9982E-05 0.509318
0.0426284 0.282826 9.9991E-05 0.674445
0.111761 0.175947 0.0967801 0.615512
9.9991E-05 0.289839 0.0127603 0.6973
0.0595985 0.501365 9.9991E-05 0.438937
0.0112441 0.457475 9.9991E-05 0.531181
0.0750316 0.212154 0.0712118 0.641603
0.0483669 0.3746 9.9991E-05 0.576933
0.0164242 0.309789 9.9991E-05 0.673687
0.010529 0.323377 9.9991E-05 0.665994
9.9991E-05 0.856193 0.075889 0.0678178
0.00102861 0.186482 0.052317 0.760172
0.890426 9.9982E-05 9.9982E-05 0.109374
0.943621 9.9991E-05 0.0205563 0.0357223
0.861269 9.9991E-05 0.0643539 0.0742776
0.92367 9.9982E-05 0.0761299 9.9982E-05
0.963244 9.9982E-05 0.0365564 9.9982E-05
0.880903 9.9991E-05 0.0589607 0.0600363
0.926435 9.9982E-05 9.9982E-05 0.0733651
0.0775177 0.179 0.104921 0.638562
0.104796 0.140445 0.0644077 0.690352
0.0454299 0.622407 9.9991E-05 0.332063
0.118289 0.135824 0.0287176 0.71717
0.0395542 0.341544 9.9991E-05 0.618802
0.0721358 0.190191 9.9991E-05 0.737573
0.0130134 0.199027 0.0472671 0.740692
0.0231566 0.249675 0.0419266 0.685242
0.050329 0.656005 9.9991E-05 0.293566
0.140333 0.187209 0.0221183 0.650339
0.0931139 0.0950456 0.0826057 0.729235
0.140159 0.139626 0.0407665 0.679448
9.9991E-05 0.517836 0.0426643 0.4394
9.9991E-05 0.288471 0.0321673 0.679262
0.0314418 0.261149 9.9991E-05 0.707309
9.9991E-05 0.365602 0.00544234 0.628855
0.0622897 0.270051 9.9991E-05 0.66756
0.107466 0.172405 0.0410736 0.679055
0.058516 0.46034 0.0887062 0.392437
0.143473 0.31179 9.9991E-05 0.544637
0.131883 0.143907 0.082195 0.642015
0.125283 0.111185 0.0683889 0.695144
0.0818806 0.292361 9.9991E-05 0.625658
0.0841271 0.187543 0.0847823 0.643548
0.141624 0.28008 9.9991E-05 0.578196
0.0902099 0.248803 0.0870967 0.573891
0.107818 0.112726 0.0701351 0.709321
0.113602 0.214342 9.9991E-05 0.671956
0.105145 0.203389 9.9991E-05 0.691367
0.0949648 0.139309 0.0838943 0.681832
0.132276 0.119891 0.103959 0.643874
0.00866318 0.205627 0.0865469 0.699163
0.1169 0.146931 0.0756296 0.660539
0.0090593 0.23933 0.110847 0.640763
0.121092 0.409635 0.0932668 0.376006
0.0983884 0.123904 0.0640189 0.713689
0.0399654 0.125056 0.0623769 0.772601
0.126454 0.490245 9.9991E-05 0.3832
0.0141794 0.660736 0.0991005 0.225984
0.10456 0.222732 0.0415757 0.631132
9.9991E-05 0.762953 0.0739646 0.162982
0.10934 0.40595 9.9991E-05 0.484609
0.0533108 0.367718 9.9991E-05 0.578872
0.0918179 0.4461 9.9991E-05 0.461982
0.0776292 0.419305 9.9991E-05 0.502966
0.104293 0.180751 0.0292347 0.685722
0.107257 0.182374 0.113397 0.596973
0.107163 0.140703 0.0221781 0.729956
0.0178562 0.645369 0.0774586 0.259316
0.169666 0.133118 0.0987877 0.598428
0.0887342 0.265401 0.106061 0.539805
0.122771 0.799323 0.0778058 9.9991E-05
0.0972035 0.105241 0.101368 0.696187
0.0779977 0.460643 0.0973203 0.364039
0.142471 0.208263 0.0819098 0.567357
0.124856 0.535447 0.0606429 0.279054
0.108344 0.715417 0.046148 0.130091
0.0557112 0.404287 0.067218 0.472784
0.104186 0.218566 0.10484 0.572408
0.187866 0.216334 0.0488513 0.546949
0.0432548 0.654058 0.149841 0.152846
0.117407 0.170504 0.126383 0.585706
9.9991E-05 0.567057 0.00582764 0.427015
9.9991E-05 0.435848 0.0603751 0.503676
0.101096 0.162919 0.0812249 0.65476
0.382186 0.188589 0.289142 0.140083
0.504039 0.278982 0.216879 9.9991E-05
0.48551 0.302642 0.211749 9.9991E-05
0.370279 0.253662 0.333021 0.0430383
9.9991E-05 0.256868 0.0583228 0.684709
0.0624782 0.178063 0.0989798 0.660479
9.9982E-05 9.9982E-05 0.671913 0.327887
0.0604055 0.022933 0.461856 0.454806
0.0527814 0.123151 0.423193 0.400874
9.9991E-05 0.605174 0.119255 0.275471
0.0928068 0.25441 0.0627875 0.589996
9.9991E-05 0.639542 0.0425674 0.317791
0.0542015 0.260496 0.0738535 0.611449
0.0717401 0.363188 0.0772735 0.487798
0.00631988 0.279347 0.0931104 0.621222
0.00590836 0.648812 0.0927152 0.252564
0.0489458 0.14817 0.112083 0.690801
0.113583 0.165066 0.0501314 0.671219
9.9982E-05 9.9982E-05 0.945819 0.0539809
9.9982E-05 9.9982E-05 0.906459 0.0933407
0.0650563 0.0296371 0.546739 0.358567
9.9982E-05 9.9982E-05 0.646394 0.353406
0.0192866 9.9991E-05 0.82202 0.158593
9.998E-05 9.998E-05 0.9997 9.998E-05
0.00288472 0.0037103 0.978774 0.0146312
9.9982E-05 9.9982E-05 0.822628 0.177172
9.9991E-05 0.0216778 0.951815 0.0264077
9.998E-05 9.998E-05 0.9997 9.998E-05
9.998E-05 9.998E-05 0.9997 9.998E-05
9.9982E-05 9.9982E-05 0.754609 0.245191
0.0683376 9.9991E-05 0.79294 0.138622
9.998E-05 9.998E-05 0.9997 9.998E-05
0.0868077 0.116777 0.399039 0.397376
0.0795329 0.0207633 0.63287 0.266834
0.0273178 9.9991E-05 0.818011 0.154571
9.9982E-05 9.9982E-05 0.882191 0.117609
9.998E-05 9.998E-05 0.9997 9.998E-05
0.00733962 9.9991E-05 0.943834 0.0487259
9.998E-05 9.998E-05 0.9997 9.998E-05
0.0722673 9.9991E-05 0.65198 0.275653
0.00570551 9.9991E-05 0.975287 0.0189075
0.31667 0.527494 0.155735 9.9991E-05
0.229761 0.234404 0.175332 0.360503
0.163708 0.232226 0.149691 0.454375
0.219467 0.425297 0.200355 0.154881
0.151992 0.202314 0.197975 0.447719
0.257816 0.453563 0.198639 0.0899831
0.168365 0.212801 0.130657 0.488176
0.197693 0.285422 0.213783 0.303103
0.154492 0.182846 0.214242 0.44842
0.210369 0.211412 0.176475 0.401744
0.206295 0.167125 0.152271 0.474309
0.942071 9.9982E-05 9.9982E-05 0.0577293
0.91503 0.00749649 0.0773738 9.9991E-05
0.981352 9.9982E-05 9.9982E-05 0.0184482
0.9997 9.998E-05 9.998E-05 9.998E-05
0.947565 9.9991E-05 0.0212764 0.0310581
0.99808 9.9982E-05 0.00172033 9.9982E-05
0.91221 9.9991E-05 0.0319864 0.0557038
0.968132 0.00578914 0.00149114 0.0245876
0.9172 0.0162342 0.0184286 0.0481369
0.928067 0.0357426 0.0360905 9.9991E-05
0.665921 0.327502 0.0064775 9.9991E-05
0.696018 0.303782 9.9982E-05 9.9982E-05
0.617718 0.36263 9.9991E-05 0.0195526
0.568411 0.430533 9.9991E-05 0.000956526
0.0953719 0.258181 0.0316015 0.614846
0.0757845 0.225558 0.00250765 0.69615
0.0759893 0.222772 0.0206756 0.680563
0.0776107 0.360486 9.9991E-05 0.561803
0.0620132 0.573466 9.9991E-05 0.364421
0.0480966 0.126862 0.0464816 0.778559
9.9982E-05 0.20405 9.9982E-05 0.79575
0.0102382 0.288809 0.0381139 0.662839
9.9991E-05 0.386219 0.00774012 0.605941
0.0477906 0.149393 0.0807701 0.722046
0.020456 0.328411 9.9991E-05 0.651033
9.9982E-05 0.79109 9.9982E-05 0.20871
0.114216 0.176228 0.0177757 0.691781
9.9991E-05 0.602221 0.0100624 0.387616
0.0502258 0.235471 0.0175627 0.69674
0.0104338 0.550923 9.9991E-05 0.438543
0.286319 0.625646 9.9991E-05 0.0879357
0.25017 0.586558 9.9991E-05 0.163173
0.249326 0.622776 9.9991E-05 0.127798
0.273661 0.658416 9.9991E-05 0.0678225
0.215096 0.547921 9.9991E-05 0.236883
0.202557 0.592785 9.9991E-05 0.204558
0.901239 0.00379914 0.0453134 0.0496481
0.855101 0.010398 0.00569311 0.128808
0.79577 9.9991E-05 0.0608697 0.14326
0.868084 0.00140175 0.0728426 0.0576714
0.80777 9.9991E-05 0.0568232 0.135307
0.510611 0.466476 9.9991E-05 0.0228135
0.539555 0.402009 9.9991E-05 0.0583361
0.552558 0.379376 9.9991E-05 0.0679667
0.866788 9.9991E-05 0.0151403 0.117972
0.509825 0.442508 9.9991E-05 0.0475668
0.253485 0.105617 0.384467 0.256432
0.146506 0.0519963 0.25419 0.547307
0.192934 9.9991E-05 0.275444 0.531522
0.282285 0.0602834 0.316984 0.340448
0.218979 0.0824846 0.138895 0.559642
0.446686 0.188694 0.36452 9.9991E-05
0.0716431 0.355994 9.9991E-05 0.572263
0.0079468 0.384516 0.0680961 0.539441
0.0928867 0.459896 9.9991E-05 0.447117
9.9991E-05 0.342345 0.0595536 0.598002
9.9982E-05 0.989833 0.00996739 9.9982E-05
0.0893655 0.199069 0.1151 0.596466
0.0483937 0.288331 0.0571316 0.606144
0.117971 0.382437 9.9991E-05 0.499492
0.110786 0.152642 0.0452168 0.691356
9.9991E-05 0.707186 0.0215232 0.271191
0.058953 0.220946 0.0314912 0.68861
0.0909349 0.248455 9.9991E-05 0.66051
0.135723 0.239909 0.192324 0.432044
0.022596 0.469862 0.0522705 0.455272
9.9991E-05 0.411654 0.0956756 0.49257
0.0275795 0.206489 0.0418598 0.724071
0.0170316 0.262435 0.0565799 0.663954
0.051896 0.143179 0.0906129 0.714312
0.109011 0.18816 0.0530478 0.649782
0.139164 0.184299 0.0296326 0.646905
0.861412 9.9991E-05 0.0470801 0.0914075
0.898588 9.9991E-05 0.00569888 0.0956134
0.914831 0.0124425 9.9991E-05 0.072627
0.926818 9.9991E-05 0.0450767 0.0280055
0.92296 9.9982E-05 9.9982E-05 0.0768399
0.135324 0.56965 9.9991E-05 0.294925
0.0638943 0.244954 0.0769801 0.614171
0.219129 0.060194 0.269015 0.451663
0.0743434 0.129299 0.0326842 0.763674
0.0750621 0.250445 0.00923519 0.665257
9.9991E-05 0.578532 0.07269 0.348679
0.205965 0.648104 9.9991E-05 0.145831
0.12394 0.262035 9.9991E-05 0.613925
0.171429 0.448925 9.9991E-05 0.379546
0.0733217 0.32859 0.0540718 0.544016
0.176837 0.514345 9.9991E-05 0.308718
0.117915 0.133191 0.0455994 0.703295
0.140133 0.549026 9.9991E-05 0.31074
0.0385702 0.467227 0.115097 0.379105
0.111026 0.211828 0.076158 0.600989
0.0279533 0.555211 0.0113943 0.405441
0.0653373 0.328954 0.0809035 0.524805
0.0975065 0.170818 0.0800191 0.651656
0.0331693 0.606185 0.0419772 0.318669
0.0985825 0.175647 0.0421426 0.683628
0.0516626 0.304388 0.0228282 0.621121
9.9991E-05 0.733571 0.0145522 0.251777
0.0432323 0.658306 0.0257875 0.272674
0.0650144 0.393505 9.9991E-05 0.54138
0.00343722 0.804802 0.0371638 0.154597
0.0145026 0.420518 0.049582 0.515397
0.123891 0.550003 9.9991E-05 0.326006
9.9991E-05 0.598817 0.0982842 0.302799
0.112193 0.309821 0.0322706 0.545715
0.0667824 0.164578 0.0636463 0.704994
0.065487 0.522924 9.9991E-05 0.411488
0.0611194 0.225709 0.0746927 0.638479
0.100914 0.150511 0.0428006 0.705775
0.0362768 0.286905 0.0617025 0.615116
0.0104554 0.29092 0.109785 0.588839
0.110097 0.235754 0.0261483 0.628001
0.102635 0.425142 9.9991E-05 0.472123
0.0703045 0.359238 0.000285269 0.570172
0.0244154 0.213159 0.0915655 0.67086
0.0302993 0.136295 0.146174 0.687231
0.0977693 0.352117 0.0951525 0.454961
0.0109057 0.290148 0.133845 0.565101
0.106493 0.380247 0.0187257 0.494534
0.0939028 0.201192 0.0352086 0.669696
0.0971532 0.237104 0.0660454 0.599697
0.117716 0.181897 0.0653147 0.635073
0.373239 9.9991E-05 0.116659 0.510002
0.168728 0.0155644 0.190254 0.625454
0.152641 0.133928 0.200813 0.512618
0.147493 0.0947433 0.173166 0.584598
0.199015 0.0831269 0.255495 0.462363
9.9991E-05 0.374632 0.0450785 0.58019
0.178498 0.0944992 0.168345 0.558658
0.220188 0.498495 0.255395 0.0259219
0.148687 0.0820381 0.158189 0.611086
0.18515 0.0549705 0.159788 0.600091
0.0918955 0.145767 0.205298 0.55704
0.192126 0.319018 0.164037 0.324819
0.246231 0.00604984 0.149826 0.597893
0.131081 0.0832555 0.253644 0.53202
0.492076 0.299937 0.207888 9.9991E-05
0.18334 0.0890489 0.218173 0.509439
0.206956 0.00799869 0.226131 0.558914
0.0951089 0.136873 0.136621 0.631397
0.209354 0.007879 0.263152 0.519614
0.245817 0.0270191 0.100263 0.626901
0.0306599 0.361626 0.0947573 0.512957
0.047175 0.246997 0.135483 0.570345
9.9991E-05 0.908736 0.0893941 0.00176992
9.9991E-05 0.842704 0.061214 0.0959815
0.0672507 0.243199 0.0818445 0.607705
0.124832 0.110706 0.384038 0.380424
0.152899 0.129294 0.35327 0.364536
0.158512 0.254031 0.412828 0.174629
0.155596 0.127703 0.329851 0.38685
0.0612867 0.638192 0.179347 0.121174
0.0623212 0.5757 0.169992 0.191987
9.9991E-05 0.21232 0.128589 0.658991
0.0399751 0.30801 0.19247 0.459545
0.00296295 0.520217 0.169994 0.306826
0.0498684 0.196374 0.10101 0.652747
0.0226381 0.198441 0.158377 0.620544
0.0870461 0.201512 0.155383 0.556059
9.9991E-05 0.480361 0.0823084 0.437231
0.00198348 0.4003 0.0609732 0.536744
0.0264007 0.28746 0.0899737 0.596165
0.0155203 0.373649 0.0896687 0.521162
0.0680097 0.223189 0.143438 0.565363
9.9991E-05 0.374727 0.0414432 0.58373
9.9991E-05 0.63878 0.0687961 0.292324
9.9991E-05 0.188736 0.086258 0.724906
9.9991E-05 0.655865 0.0376827 0.306353
0.00148479 0.346801 0.0575537 0.59416
0.0804217 0.261051 0.0685512 0.589976
0.0877138 0.277804 0.0715432 0.562939
0.187724 0.0974934 0.214439 0.500344
0.166473 0.183463 0.164146 0.485918
0.208668 0.154681 0.305398 0.331253
0.225367 0.130742 0.282288 0.361604
0.167588 0.0972353 0.197899 0.537277
0.172569 0.162017 0.173442 0.491972
0.127505 0.623774 0.248621 9.9991E-05
0.0811801 0.088765 0.262394 0.56766
0.32935 0.453252 0.217298 9.9991E-05
9.9991E-05 0.177914 0.275533 0.546453
9.9991E-05 0.680408 0.00164403 0.317848
9.9991E-05 0.836646 0.0268575 0.136397
9.9991E-05 0.344848 0.0280776 0.626975
0.00307046 0.218634 0.114406 0.66389
9.9991E-05 0.417851 0.0351767 0.546872
9.9991E-05 0.235926 0.0538995 0.710075
9.9991E-05 0.313524 0.0442676 0.642109
0.877719 0.0642471 0.0467478 0.0112864
0.807594 0.0646992 0.0762557 0.0514513
0.964236 9.9991E-05 0.0336812 0.00198285
0.974031 9.9991E-05 0.00506289 0.0208066
0.0342571 0.208777 0.0696388 0.687327
0.0692219 0.231253 9.9991E-05 0.699425
0.0258351 0.223976 9.9991E-05 0.750089
0.0927297 0.167176 0.00603117 0.734063
0.133414 0.119951 0.0221697 0.724465
0.0437657 0.431166 9.9991E-05 0.524968
0.0034625 0.151475 9.9991E-05 0.844963
9.9991E-05 0.491538 0.0165775 0.491784
0.341307 0.021236 0.178364 0.459094
9.9991E-05 0.360525 0.0395726 0.599802
9.9982E-05 0.388113 9.9982E-05 0.611687
9.9991E-05 0.255783 0.0292008 0.714916
0.0478886 0.271727 9.9991E-05 0.680285
9.9982E-05 0.209428 9.9982E-05 0.790372
0.0685899 0.17173 9.9991E-05 0.75958
9.9982E-05 0.71112 9.9982E-05 0.28868
9.9991E-05 0.44447 0.0241466 0.531283
9.9991E-05 0.38927 0.00612346 0.604507
9.9982E-05 0.862011 9.9982E-05 0.137789
0.0765462 0.30045 9.9991E-05 0.622904
9.9982E-05 0.7035 9.9982E-05 0.2963
9.9982E-05 0.881521 9.9982E-05 0.118279
0.0447935 0.190411 0.0367675 0.728028
0.0276838 0.519993 9.9991E-05 0.452223
9.9982E-05 0.286736 9.9982E-05 0.713064
0.107748 0.152586 0.0788318 0.660834
0.0546329 0.218966 9.9991E-05 0.726301
9.9991E-05 0.465736 0.0677721 0.466392
0.0933441 0.182381 0.00158798 0.722687
0.0433469 0.232311 9.9991E-05 0.724242
9.9982E-05 0.459383 9.9982E-05 0.540417
0.16365 0.163329 0.0276179 0.645403
0.749604 0.250196 9.9982E-05 9.9982E-05
0.817082 0.161923 9.9991E-05 0.0208948
0.881565 0.118235 9.9982E-05 9.9982E-05
0.871348 0.128452 9.9982E-05 9.9982E-05
0.781867 0.155139 9.9991E-05 0.0628932
0.0395614 0.523248 9.9991E-05 0.437091
0.0282996 0.550464 9.9991E-05 0.421137
9.9991E-05 0.557327 0.0124805 0.430093
0.107075 0.127259 0.0830012 0.682665
0.164849 0.101668 0.0410181 0.692464
9.9991E-05 0.492613 0.0430703 0.464216
9.9991E-05 0.192564 0.0811358 0.7262
0.0195824 0.329413 0.0690662 0.581938
0.0374629 0.253556 0.00722756 0.701753
0.0413551 0.153294 0.0917184 0.713632
0.0305356 0.460742 9.9991E-05 0.508622
0.00276702 0.424627 9.9991E-05 0.572506
0.0209926 0.404322 9.9991E-05 0.574586
0.153975 0.100209 0.0208454 0.72497
0.0335663 0.347883 9.9991E-05 0.618451
0.0600617 0.301982 9.9991E-05 0.637856
0.079126 0.0845483 0.420133 0.416193
0.0987123 0.0228433 0.515287 0.363157
0.109314 9.9991E-05 0.415319 0.475267
0.159571 9.9991E-05 0.530058 0.310271
0.126812 0.0541024 0.332865 0.486221
0.0513344 0.278907 0.0438426 0.625916
0.266791 0.0682815 0.664827 9.9991E-05
0.183805 9.9991E-05 0.526296 0.2898
0.199201 0.208594 0.207236 0.384969
0.168177 0.199837 9.9991E-05 0.631886
0.165133 0.245877 0.0606709 0.52832
0.180975 0.15571 0.00753591 0.655779
0.184083 0.0878286 0.0366537 0.691434
0.16744 9.9991E-05 0.484282 0.348179
0.147738 0.0672157 0.407009 0.378037
0.0980734 9.9991E-05 0.513266 0.38856
0.151503 0.0394417 0.325818 0.483237
0.17128 0.0587645 0.509061 0.260894
0.140932 0.0108631 0.384138 0.464067
0.143067 0.0614135 0.596984 0.198536
0.11405 0.0755556 0.358637 0.451758
0.148853 0.252545 0.0348972 0.563705
0.162678 0.0389625 0.376735 0.421624
0.238609 0.0130343 0.583877 0.16448
0.160888 0.0176475 0.355311 0.466153
0.265209 0.343584 9.9991E-05 0.391107
0.0594711 0.17809 0.095679 0.66676
0.155922 0.0687371 0.386815 0.388526
0.182566 0.162863 0.0124987 0.642072
0.212958 0.181318 0.0115895 0.594134
0.207976 0.156337 0.250543 0.385143
0.187796 0.113185 0.354442 0.344577
0.130406 0.137368 0.127907 0.60432
0.213039 0.0605981 0.26579 0.460573
0.112081 9.9991E-05 0.451132 0.436687
0.201295 0.00125525 0.64683 0.150619
0.117275 0.119907 0.0889766 0.673841
0.180773 0.279098 0.00825461 0.531875
0.0999253 0.630099 0.130226 0.139749
0.184693 0.0921832 0.0798347 0.643289
0.105205 0.309127 0.09711 0.488558
0.180173 0.0934427 0.215739 0.510645
0.159238 0.144083 0.159663 0.537017
0.388798 0.403744 0.207357 9.9991E-05
0.328595 0.478311 0.192994 9.9991E-05
0.177553 0.338101 0.175523 0.308823
0.34655 0.387535 0.248537 0.0173774
0.47352 0.262185 0.264195 9.9991E-05
0.208954 0.258354 0.180468 0.352224
0.233126 0.17806 0.230395 0.358419
0.285972 0.345484 0.264958 0.103587
0.279998 0.42696 0.238356 0.0546861
0.171074 0.117238 0.200093 0.511596
0.251494 0.372399 0.240453 0.135653
0.36367 0.458199 0.178032 9.9991E-05
0.166108 0.0912473 0.176392 0.566253
0.232138 0.211247 0.215845 0.34077
0.347145 9.9991E-05 0.181608 0.471147
0.154647 9.9991E-05 0.241566 0.603687
0.158559 0.0407744 0.245731 0.554935
0.193944 0.0105761 0.282365 0.513115
0.397962 0.0307231 0.21158 0.359736
0.246684 0.0134182 0.220079 0.519819
0.271169 9.9991E-05 0.228717 0.500015
0.219504 0.177556 0.34191 0.26103
0.23053 0.234815 0.0901833 0.444471
0.202444 0.0999461 0.196472 0.501138
0.167954 0.0624448 0.226898 0.542704
0.135345 0.0662032 0.161974 0.636478
0.313318 0.0234685 0.229883 0.43333
0.251988 9.9991E-05 0.169236 0.578676
0.363721 0.243584 0.382248 0.0104481
0.188821 0.0324096 0.186276 0.592494
0.305902 0.134486 0.347426 0.212186
0.853886 0.145914 9.9982E-05 9.9982E-05
0.213756 0.517925 9.9991E-05 0.268218
0.218952 0.723797 9.9991E-05 0.0571507
0.169465 0.759809 9.9991E-05 0.0706255
0.130354 0.686556 9.9991E-05 0.182991
0.178291 0.6408 9.9991E-05 0.18081
0.158942 0.652427 9.9991E-05 0.188531
0.194926 0.704474 9.9991E-05 0.100499
0.350071 0.55584 9.9991E-05 0.0939885
0.936502 0.0449259 9.9991E-05 0.0184726
0.855004 0.0640171 9.9991E-05 0.0808785
0.907131 0.038626 0.0236461 0.0305971
0.904911 0.0525909 9.9991E-05 0.0423983
0.921108 0.0378007 0.00163097 0.0394607
0.939375 9.9991E-05 0.00425193 0.0562728
0.770448 9.9991E-05 0.0847896 0.144662
0.894212 9.9991E-05 0.0376886 0.0679996
0.750993 0.0529786 0.0568173 0.139211
0.933116 9.9991E-05 0.0509825 0.0158012
0.994946 0.00485355 9.9982E-05 9.9982E-05
0.926174 0.0172485 0.0361721 0.0204049
0.9997 9.998E-05 9.998E-05 9.998E-05
0.960165 0.011845 0.0181271 0.00986305
0.914188 9.9991E-05 0.0382042 0.0475077
0.930031 9.9991E-05 0.0503335 0.0195359
0.869696 9.9991E-05 0.0828728 0.0473316
0.874786 9.9991E-05 0.0420939 0.0830201
0.825789 9.9991E-05 0.102815 0.0712957
0.171851 0.31459 9.9991E-05 0.513459
0.145486 0.0763682 9.9991E-05 0.778046
0.132912 0.125923 0.0840351 0.65713
0.0905563 0.678368 0.1347 0.0963762
0.149927 0.242722 0.0287225 0.578628
0.139817 0.6688 0.133482 0.0579009
0.088124 0.122292 0.108168 0.681416
0.178961 0.291597 9.9991E-05 0.529341
0.224763 0.202335 9.9991E-05 0.572802
0.0697686 0.260813 9.9991E-05 0.669318
0.169049 0.241241 9.9991E-05 0.58961
0.107009 0.125982 0.0626569 0.704352
0.170144 0.186009 0.0372006 0.606646
0.00814028 0.767699 0.116862 0.107298
0.105823 0.795559 0.0951039 0.00351369
0.0935028 0.65474 0.136402 0.115355
0.194639 0.0755966 0.0218425 0.707921
0.0991656 0.306894 0.0924022 0.501538
0.0862557 0.19903 0.0639093 0.650805
0.12954 0.113256 0.0882105 0.668993
0.220305 0.0913134 0.19084 0.497541
0.244469 0.00140407 0.144497 0.60963
0.450361 0.203767 0.138579 0.207293
0.239225 0.0523662 0.0154435 0.692965
0.240097 0.133353 0.109042 0.517508
0.416345 0.35993 0.223625 9.9991E-05
0.281698 0.161582 0.25266 0.30406
0.393985 0.0878288 0.17125 0.346937
0.35682 0.0955591 0.113578 0.434043
0.185089 0.0562132 0.157693 0.601005
0.199909 0.0598639 0.137771 0.602456
0.217879 0.0144721 0.124724 0.642925
0.176498 0.179724 0.23082 0.412958
0.514649 0.0747976 0.132736 0.277817
