9.9982E-05 0.906309 9.9982E-05 0.0934907
9.9982E-05 0.939673 9.9982E-05 0.0601273
9.999E-05 0.872559 0.041195 0.0861456
9.999E-05 0.773545 0.0962454 0.130109
9.999E-05 0.870736 0.0398133 0.0893505
0.0941751 0.67431 0.106655 0.12486
0.0718609 0.848157 0.0485013 0.0314804
0.074941 0.772345 0.0992198 0.0534938
9.9982E-05 0.884959 0.114841 9.9982E-05
0.0669726 0.769605 0.088678 0.0747442
0.0751864 0.773949 0.0777201 0.0731442
0.0807768 0.0764865 0.744978 0.097759
0.0698984 0.019762 0.558688 0.351652
0.102249 0.0504593 0.689958 0.157334
0.0412694 0.0999713 0.630781 0.227979
0.0688513 0.0857019 0.504997 0.340449
0.146616 9.9991E-05 0.456069 0.397215
0.119308 0.000790122 0.59135 0.288552
0.0991306 0.13949 0.581407 0.179972
0.0773917 0.136774 0.785734 9.9991E-05
0.148928 0.0198357 0.587649 0.243587
0.335411 0.0313326 0.380113 0.253143
0.172122 9.9991E-05 0.486871 0.340908
0.108902 0.116861 0.641086 0.133151
0.174576 9.9991E-05 0.404443 0.420882
0.123104 0.00429854 0.565603 0.306994
0.0630362 0.101419 0.742614 0.0929306
0.0688309 0.087485 0.658668 0.185016
0.166879 0.0814352 0.679992 0.071694
9.9982E-05 0.849457 9.9982E-05 0.150343
9.9991E-05 0.834116 0.0188137 0.146971
9.9991E-05 0.786662 0.00682249 0.206416
9.9991E-05 0.738599 0.00701659 0.254285
0.241795 0.0371613 0.431593 0.28945
0.246141 0.0202683 0.405822 0.327768
0.336357 9.9991E-05 0.329139 0.334404
0.0408177 0.0931371 0.824948 0.0410976
0.62737 9.9991E-05 0.210154 0.162376
0.211343 9.9991E-05 0.441527 0.347031
0.251763 9.9991E-05 0.308247 0.439891
0.236053 0.0655778 0.357568 0.340801
0.237534 0.00209309 0.393903 0.36647
0.339478 0.0232423 0.602824 0.0344557
0.296851 0.0253909 0.262677 0.415081
0.293445 0.00190003 0.330568 0.374087
0.215014 0.0398437 0.342225 0.402917
0.56038 9.9991E-05 0.262888 0.176632
0.195332 9.9991E-05 0.399005 0.405563
0.248133 0.0534183 0.328338 0.370111
0.831532 0.128543 0.039825 9.9991E-05
0.157055 0.0544015 0.788444 9.9991E-05
0.510798 0.092269 0.329234 0.0676989
0.224315 0.0188537 0.344657 0.412174
0.140862 0.0223518 0.409678 0.427109
0.199728 0.0509471 0.303875 0.44545
0.130221 0.161 0.663248 0.0455307
0.140451 9.9991E-05 0.550143 0.309307
0.18203 0.00737033 0.419826 0.390773
0.196708 0.114964 0.443646 0.244683
0.15304 0.227546 0.602513 0.0169016
0.177461 0.00632524 0.46221 0.354004
0.158562 0.0145983 0.51432 0.31252
0.147585 0.155125 0.69719 9.9991E-05
0.107498 9.9991E-05 0.674992 0.21741
0.303576 9.9991E-05 0.313096 0.383228
0.14289 0.0157399 0.434923 0.406447
0.153341 0.112629 0.585214 0.148817
0.212918 0.0158358 0.473644 0.297602
0.182608 9.9991E-05 0.441238 0.376054
0.166331 0.0960177 0.685655 0.0519969
0.266863 9.9991E-05 0.454228 0.278808
0.376339 9.9991E-05 0.525171 0.0983895
0.248809 0.0270386 0.367241 0.356912
0.795135 0.00626416 0.198501 9.9991E-05
0.793071 9.9982E-05 0.206729 9.9982E-05
0.641865 9.9991E-05 0.246145 0.11189
0.253202 9.9991E-05 0.493745 0.252953
0.273288 0.0433375 0.276309 0.407066
0.411 9.9991E-05 0.302562 0.286338
0.333994 0.0439818 0.580887 0.0411373
0.319017 9.9991E-05 0.586972 0.0939106
0.214249 0.0126284 0.409667 0.363455
0.324495 9.9991E-05 0.475829 0.199576
0.303818 9.9991E-05 0.468936 0.227147
0.517527 9.9991E-05 0.240707 0.241666
0.831632 0.0920252 0.0762424 9.9991E-05
0.263316 9.9991E-05 0.348551 0.388033
9.9991E-05 0.798666 0.11313 0.0881035
9.9982E-05 0.900407 9.9982E-05 0.099393
9.9991E-05 0.823573 0.00265707 0.17367
9.9982E-05 0.878978 9.9982E-05 0.120822
9.9982E-05 0.928961 9.9982E-05 0.0708386
9.9982E-05 0.848296 9.9982E-05 0.151504
9.9982E-05 0.89165 9.9982E-05 0.10815
0.21785 9.9991E-05 0.402192 0.379858
0.203223 0.0565112 0.365884 0.374382
0.404507 0.0567312 0.538662 9.9991E-05
0.262468 9.9991E-05 0.333303 0.40413
0.319397 9.9991E-05 0.485027 0.195476
0.319378 9.9991E-05 0.371329 0.309192
0.346429 9.9991E-05 0.290625 0.362846
0.338969 9.9991E-05 0.343053 0.317878
0.34321 0.0611844 0.595505 9.9991E-05
0.237244 0.0205137 0.426438 0.315804
0.190687 9.9991E-05 0.411203 0.39801
0.187361 0.0405146 0.387675 0.384449
0.584579 0.00478352 0.266236 0.144401
0.4567 9.9991E-05 0.26933 0.273871
0.258123 9.9991E-05 0.494149 0.247628
0.512905 9.9991E-05 0.26106 0.225935
0.246286 9.9991E-05 0.530129 0.223486
0.258634 0.0563774 0.314579 0.37041
0.257732 0.0892567 0.490581 0.162431
0.10518 0.0622248 0.602745 0.229851
0.0929989 0.0981424 0.428467 0.380391
0.136297 0.0736394 0.432193 0.357871
0.0971026 0.00894284 0.620656 0.273299
0.128174 9.9991E-05 0.488144 0.383582
0.026285 0.0345797 0.684999 0.254136
0.202578 0.018993 0.442325 0.336104
0.0889721 0.0578857 0.445055 0.408088
0.110042 0.00338551 0.538721 0.347851
0.140421 9.9991E-05 0.56089 0.298589
0.245161 0.00262942 0.376518 0.375692
0.165578 0.0756769 0.380295 0.37845
0.203533 9.9991E-05 0.407008 0.389359
0.240743 0.0237253 0.330384 0.405148
0.187649 9.9991E-05 0.416955 0.395296
0.290679 0.124696 0.393924 0.190701
0.188607 9.9991E-05 0.391374 0.419918
0.201851 9.9991E-05 0.368063 0.429986
0.0552649 0.0793814 0.78657 0.0787838
0.49157 0.0933488 0.38334 0.0317408
0.193221 0.0202313 0.471261 0.315286
0.562627 0.0493567 0.387916 9.9991E-05
0.0889523 0.0127155 0.758001 0.140331
0.104288 9.9991E-05 0.705325 0.190287
0.117884 0.0459506 0.703351 0.132814
0.107198 9.9991E-05 0.784528 0.108175
0.178151 0.00377769 0.451165 0.366906
0.127298 0.0473259 0.438411 0.386965
0.197418 9.9991E-05 0.474926 0.327556
0.442277 0.065394 0.442165 0.0501642
0.277205 0.119361 0.226651 0.376783
0.36314 0.0717528 0.25857 0.306538
0.72864 0.27116 9.9982E-05 9.9982E-05
0.263285 9.9991E-05 0.313063 0.423551
0.509843 0.150208 0.157002 0.182947
0.288068 0.0686462 0.275302 0.367984
0.576056 0.179191 0.167168 0.0775848
0.670803 0.183881 0.145215 9.9991E-05
0.459689 0.0886081 0.243643 0.20806
0.269344 0.0855205 0.342291 0.302844
0.26866 0.182642 0.256227 0.292472
0.646436 0.167079 0.134252 0.0522328
0.258081 0.0617616 0.288024 0.392134
0.649548 0.0124441 0.247149 0.0908592
0.468074 9.9991E-05 0.311258 0.220568
0.300783 0.0221386 0.254097 0.422981
0.237959 0.438844 9.9991E-05 0.323098
0.274803 0.674288 9.9991E-05 0.0508094
0.328863 0.657692 9.9991E-05 0.0133445
0.252239 0.448564 9.9991E-05 0.299096
0.426548 9.9991E-05 0.235947 0.337405
0.273222 0.0179203 0.29565 0.413208
9.9991E-05 0.0380851 0.0967203 0.865095
0.0935518 0.071364 0.184593 0.650492
0.120981 0.108057 0.143625 0.627338
0.692536 0.0817272 0.113557 0.11218
0.273163 0.0649372 0.333707 0.328192
0.699409 0.0554427 0.178941 0.0662069
0.436075 0.00564619 0.223515 0.334764
0.470031 0.0552995 0.224583 0.250087
0.464821 0.0036252 0.19502 0.336534
0.791835 0.104868 0.0633595 0.0399376
0.329174 9.9991E-05 0.245324 0.425402
0.292158 0.0371245 0.27693 0.393788
9.9982E-05 0.105717 9.9982E-05 0.894083
9.9982E-05 0.0873285 9.9982E-05 0.912472
0.0224917 0.140324 0.142407 0.694778
0.0119487 0.0254793 0.0966326 0.865939
9.9991E-05 0.0877932 0.020015 0.892092
9.9982E-05 0.110636 9.9982E-05 0.889164
9.9982E-05 0.112486 9.9982E-05 0.887314
9.9982E-05 0.0396998 9.9982E-05 0.9601
9.9982E-05 0.141043 9.9982E-05 0.858757
9.9982E-05 0.093848 9.9982E-05 0.905952
9.9982E-05 0.0994827 9.9982E-05 0.900317
9.9991E-05 0.0946476 0.0127523 0.8925
9.9982E-05 0.154881 9.9982E-05 0.844919
9.9982E-05 0.0942961 9.9982E-05 0.905504
0.139268 0.114941 0.164697 0.581095
0.00284661 0.139154 0.0759037 0.782095
9.9982E-05 0.133874 9.9982E-05 0.865926
9.9982E-05 0.105929 9.9982E-05 0.893871
9.9982E-05 0.0768364 9.9982E-05 0.922964
9.9982E-05 0.100413 9.9982E-05 0.899387
9.9982E-05 0.116407 9.9982E-05 0.883394
0.0417313 0.156402 0.0262167 0.77565
9.9982E-05 0.101992 9.9982E-05 0.897808
0.574918 0.424882 9.9982E-05 9.9982E-05
0.321944 0.230079 0.133937 0.314041
0.359787 0.190911 0.100011 0.349291
0.518862 0.313369 0.00576625 0.162002
0.288241 0.148905 0.187158 0.375697
0.499675 0.36042 9.9991E-05 0.139804
0.233683 0.154209 0.238299 0.373808
0.413712 0.264513 0.0337131 0.288061
0.271947 0.151354 0.170248 0.406451
0.325284 0.248699 0.0901295 0.335888
0.2655 0.176573 0.171747 0.38618
0.00655494 0.893211 0.0337381 0.0664964
9.9982E-05 0.881687 9.9982E-05 0.118113
9.9991E-05 0.933419 0.0152979 0.0511834
9.9982E-05 0.96897 9.9982E-05 0.0308298
9.9991E-05 0.873706 0.0424087 0.0837857
9.9982E-05 0.955086 9.9982E-05 0.0447141
9.9991E-05 0.893408 0.000241414 0.106251
9.9991E-05 0.946369 0.018199 0.035332
0.0267745 0.882211 9.9991E-05 0.0909143
9.9991E-05 0.910992 0.00793017 0.0809778
0.0368128 0.676934 0.286153 9.9991E-05
0.000333225 0.685526 0.31404 9.9991E-05
0.0447125 0.609588 0.345599 9.9991E-05
0.0495983 0.548623 0.401679 9.9991E-05
0.231734 0.0284724 0.457564 0.282229
0.252797 9.9991E-05 0.429128 0.317974
0.206174 9.9991E-05 0.496491 0.297234
0.238794 9.9991E-05 0.583904 0.177202
0.0635781 0.0264264 0.840565 0.0694309
0.231281 9.9991E-05 0.372232 0.396387
0.214137 9.9991E-05 0.4666 0.319163
0.390294 9.9991E-05 0.32608 0.283526
0.527228 9.9991E-05 0.258364 0.214308
0.289087 9.9991E-05 0.306486 0.404326
0.311213 9.9991E-05 0.468871 0.219816
0.797624 9.9982E-05 0.202176 9.9982E-05
0.183405 0.00587659 0.454913 0.355805
0.778731 9.9991E-05 0.165388 0.0557805
0.401658 9.9991E-05 0.308392 0.28985
0.369282 9.9991E-05 0.603044 0.0275743
9.9982E-05 0.261505 0.738295 9.9982E-05
0.0417905 0.225032 0.733077 9.9991E-05
9.9982E-05 0.208632 0.791168 9.9982E-05
9.9982E-05 0.222616 0.777184 9.9982E-05
9.9982E-05 0.141311 0.858489 9.9982E-05
9.9982E-05 0.206098 0.793702 9.9982E-05
9.9991E-05 0.859708 0.00275615 0.137435
9.9991E-05 0.783377 0.0996655 0.116857
9.9991E-05 0.752569 0.0524454 0.194886
9.9991E-05 0.833252 0.0268308 0.139817
9.9991E-05 0.771516 0.0418479 0.186536
9.9982E-05 0.505339 0.494461 9.9982E-05
9.9982E-05 0.539628 0.460172 9.9982E-05
9.9982E-05 0.52652 0.47328 9.9982E-05
9.9991E-05 0.816565 0.0464823 0.136852
0.00793073 0.489088 0.502881 9.9991E-05
0.189729 0.312847 0.00958309 0.487842
0.0938957 0.143979 0.240308 0.521817
0.0514716 0.144772 0.182368 0.621388
0.207457 0.307469 0.0183921 0.466682
0.0912852 0.135959 0.32291 0.449846
0.180385 0.567688 9.9991E-05 0.251827
0.16377 9.9991E-05 0.636399 0.199731
0.354117 9.9991E-05 0.41998 0.225803
0.103723 0.0195885 0.788562 0.0881259
0.337711 9.9991E-05 0.380044 0.282144
0.676554 0.0871706 0.236176 9.9991E-05
0.180579 0.0565854 0.433978 0.328858
0.324771 9.9991E-05 0.361943 0.313186
0.11978 0.0533056 0.697437 0.129478
0.161274 0.0259697 0.449871 0.362886
0.57333 0.0298077 0.396763 9.9991E-05
0.269919 9.9991E-05 0.422265 0.307716
0.0987531 9.9991E-05 0.633495 0.267652
0.268807 0.110517 0.255745 0.364931
0.416023 0.0173333 0.383286 0.183357
0.411267 9.9991E-05 0.34603 0.242603
0.321198 9.9991E-05 0.343144 0.335558
0.278843 9.9991E-05 0.430159 0.290898
0.192129 9.9991E-05 0.384739 0.423032
0.18034 9.9991E-05 0.431422 0.388138
0.111963 0.0140205 0.548504 0.325512
9.9982E-05 0.80157 9.9982E-05 0.19823
9.9991E-05 0.854664 0.00402124 0.141215
9.9991E-05 0.87538 0.0278789 0.0966411
9.9991E-05 0.889188 0.00212274 0.108589
9.9991E-05 0.879073 0.0146235 0.106203
0.0878795 0.129675 0.765687 0.0167584
0.260527 0.0320027 0.378786 0.328684
0.209087 0.199372 0.104952 0.48659
0.10721 9.9991E-05 0.460586 0.432104
0.0511021 9.9991E-05 0.641167 0.307631
0.403042 0.0787218 0.396935 0.121301
0.00472601 0.176508 0.818666 9.9991E-05
0.113491 0.0507581 0.591895 0.243856
0.0637169 0.116833 0.716175 0.103275
0.314919 0.0268623 0.369047 0.289172
0.100229 0.148967 0.747706 0.00309811
0.0655677 0.0284223 0.539248 0.366762
0.132096 0.114277 0.735168 0.0184594
0.347579 0.0638866 0.408776 0.179758
0.289083 0.0950413 0.322247 0.293628
0.658973 0.0723721 0.18816 0.0804942
0.433528 0.0560809 0.205506 0.304885
0.293143 0.0410013 0.289698 0.376158
0.712938 0.0883995 0.133919 0.0647435
0.292308 0.0487393 0.297554 0.361399
0.449369 0.0181479 0.267899 0.264584
0.845335 0.0977915 0.0567736 9.9991E-05
0.778181 0.127134 0.0917962 0.00288905
0.513836 0.022863 0.242259 0.221041
0.810067 0.099845 0.0899876 9.9991E-05
0.503901 9.9991E-05 0.304554 0.191445
0.0490657 0.0731035 0.877731 9.9991E-05
0.386085 0.0097004 0.470614 0.1336
0.0240132 0.0553886 0.638699 0.281899
0.103756 0.0114998 0.516268 0.368476
0.0886366 0.0132345 0.811629 0.0864997
0.250362 0.0288345 0.374892 0.345912
0.081173 9.9991E-05 0.589199 0.329528
0.228588 0.00532966 0.457764 0.308318
0.117852 0.00363238 0.554111 0.324405
0.0567377 9.99949E-05 0.655714 0.287449
0.0634191 0.0365981 0.767224 0.132758
0.0766796 9.9991E-05 0.701228 0.221993
0.25317 9.9991E-05 0.399973 0.346757
0.179528 0.0337099 0.360859 0.425903
0.269777 0.0804516 0.421457 0.228315
0.222362 9.9991E-05 0.398846 0.378691
0.0878026 0.0305199 0.671273 0.210404
0.105332 9.9991E-05 0.544309 0.35026
0.139522 0.0226996 0.522127 0.315651
0.142905 0.0224352 0.418438 0.416221
0.00807535 0.290072 0.267499 0.434354
0.230749 0.0920942 0.205806 0.471351
0.199248 0.148417 0.24016 0.412176
0.223715 0.0923127 0.198134 0.485839
0.236282 0.169356 0.0819588 0.512402
0.35853 9.9991E-05 0.401225 0.240145
0.196496 0.10244 0.249439 0.451625
0.468474 0.357644 0.0222791 0.151603
0.218321 0.0503164 0.234581 0.496782
0.141492 0.0854326 0.28997 0.483106
0.212285 0.0815207 0.232826 0.473368
0.349123 0.255936 0.129753 0.265188
0.128632 0.136906 0.252892 0.48157
0.175836 0.111743 0.216606 0.495815
0.296794 0.632707 9.9991E-05 0.0703991
0.155524 0.108872 0.27476 0.460844
0.120815 0.129204 0.208583 0.541398
0.199644 0.0421921 0.263975 0.494188
0.132001 0.163069 0.147413 0.557516
0.163476 0.149554 0.264174 0.422796
0.517025 0.0224635 0.204121 0.256391
0.313131 0.0577199 0.277662 0.351487
0.907851 0.061474 0.0305751 9.9991E-05
0.878492 0.101037 0.0203709 9.9991E-05
0.386357 0.0296512 0.273385 0.310607
0.224273 0.192986 0.0493688 0.533372
0.294814 0.198404 0.0158865 0.490896
0.359708 0.265106 9.9991E-05 0.375086
0.324207 0.178794 0.00762834 0.489371
0.753429 0.193977 9.9991E-05 0.0524937
0.709295 0.177878 9.9991E-05 0.112727
0.44099 9.9991E-05 0.181722 0.377188
0.486477 0.0689312 0.112173 0.332419
0.667676 0.0977611 0.0669999 0.167563
0.303007 9.9991E-05 0.320158 0.376734
0.376122 9.9991E-05 0.19987 0.423908
0.336622 0.0647653 0.194029 0.404584
0.700866 0.0148078 0.125991 0.158336
0.57169 9.9991E-05 0.208292 0.219918
0.39927 9.9991E-05 0.268046 0.332585
0.444552 9.9991E-05 0.276507 0.278841
0.369236 0.0600254 0.214141 0.356598
0.594546 0.0125433 0.151008 0.241903
0.813962 0.0512747 0.0719857 0.0627775
0.389635 9.9991E-05 0.217773 0.392493
0.757819 0.0297948 0.153431 0.0589555
0.622373 9.9991E-05 0.157663 0.219863
0.38502 0.0600508 0.23929 0.315639
0.370766 0.0306774 0.277464 0.321093
0.213784 0.135972 0.217991 0.432252
0.305309 0.0959494 0.198708 0.400034
0.256768 0.212672 0.0421096 0.488451
0.215654 0.203174 0.14066 0.440512
0.180241 0.176757 0.205805 0.437196
0.279257 0.155138 0.14469 0.420915
0.658048 0.28889 9.9991E-05 0.0529615
0.216617 0.0568025 0.175014 0.551567
0.48339 0.511371 9.9991E-05 0.00513963
0.357193 0.0413458 0.123627 0.477834
0.951277 0.0338277 0.0051889 0.00970616
0.918388 0.0598525 0.0216598 9.9991E-05
0.566188 9.9991E-05 0.187545 0.246167
0.435274 9.9991E-05 0.174996 0.38963
0.641813 9.9991E-05 0.14509 0.212997
0.514063 9.9991E-05 0.153479 0.332358
0.55379 9.9991E-05 0.172739 0.273371
9.9991E-05 0.873816 0.0677148 0.0583695
0.000823086 0.783904 0.100478 0.114794
9.9991E-05 0.919568 0.00620329 0.0741291
9.9982E-05 0.9257 9.9982E-05 0.0741004
0.343379 9.9991E-05 0.319391 0.337129
0.226265 9.9991E-05 0.460695 0.31294
0.255726 9.9991E-05 0.47223 0.271944
0.209478 0.0149686 0.4133 0.362253
0.231201 0.0247704 0.365573 0.378456
0.329926 9.9991E-05 0.52916 0.140814
0.289248 9.9991E-05 0.329983 0.380669
0.621406 9.9991E-05 0.215667 0.162827
0.0546761 0.309019 0.219051 0.417254
0.468041 9.9991E-05 0.301248 0.230611
0.309781 9.9991E-05 0.530274 0.159845
0.420573 9.9991E-05 0.297178 0.282149
0.212304 9.9991E-05 0.524905 0.262691
0.394494 9.9991E-05 0.229122 0.376284
0.244723 0.00541617 0.425603 0.324258
0.816026 0.0216319 0.162242 9.9991E-05
0.569402 9.9991E-05 0.244825 0.185672
0.568581 9.9991E-05 0.233237 0.198082
0.928578 0.00246441 0.0688574 9.9991E-05
0.282142 0.00848303 0.492286 0.217088
0.781351 0.0190582 0.199491 9.9991E-05
0.840513 0.0304059 0.128981 9.9991E-05
0.334069 9.9991E-05 0.284044 0.381787
0.322104 0.0304334 0.581964 0.0654988
0.285276 9.9991E-05 0.471058 0.243566
0.299356 0.0366854 0.276082 0.387877
0.222272 9.9991E-05 0.499119 0.278509
0.375067 9.9991E-05 0.450216 0.174617
0.215117 9.9991E-05 0.45304 0.331743
0.232462 9.9991E-05 0.494949 0.272489
0.530375 9.9991E-05 0.302539 0.166987
0.176154 0.0665797 0.41985 0.337415
9.9982E-05 0.727223 0.272577 9.9982E-05
0.0535028 0.811917 0.133063 0.00151717
9.9982E-05 0.909077 0.0907228 9.9982E-05
0.00182404 0.887323 0.110753 9.9991E-05
0.0157132 0.793149 0.191038 9.9991E-05
0.378223 0.049227 0.54295 0.0296002
0.353983 0.0402517 0.571262 0.0345036
0.737627 9.9991E-05 0.149883 0.112389
0.235755 0.0207886 0.344352 0.399104
0.223083 0.0653144 0.348771 0.362831
0.580159 9.9991E-05 0.253719 0.166022
0.317986 9.9991E-05 0.27715 0.404764
0.467227 0.00175761 0.267864 0.263151
0.299988 9.9991E-05 0.386482 0.313431
0.237182 9.9991E-05 0.369427 0.393291
0.347146 9.9991E-05 0.550918 0.101836
0.324938 9.9991E-05 0.543821 0.13114
0.345514 9.9991E-05 0.511221 0.143165
0.212995 0.00798267 0.359059 0.419963
0.298635 9.9991E-05 0.498417 0.202848
0.26602 9.9991E-05 0.52396 0.20992
0.096245 0.109675 0.179481 0.614599
0.131308 0.182045 0.0425279 0.644119
0.0926642 0.124314 0.0807877 0.702234
0.108594 0.219246 9.9991E-05 0.67206
0.126901 0.147093 0.152763 0.573243
0.455469 0.0258049 0.219476 0.299249
0.0229277 0.365246 9.9991E-05 0.611726
0.0718224 0.203392 0.0279482 0.696837
0.338682 0.234253 0.0738363 0.353228
0.280786 0.101092 0.300101 0.318021
0.273112 0.119872 0.303026 0.30399
0.207857 0.0893414 0.337205 0.365597
0.207846 0.0936929 0.308334 0.390127
0.0548106 0.222595 0.0317386 0.690855
0.124695 0.152096 0.1007 0.622509
0.0224981 0.0974331 0.122271 0.757798
0.150451 0.118753 0.161508 0.569288
0.130164 0.205559 0.0139761 0.6503
0.127356 0.122193 0.16156 0.588891
0.104032 0.180314 0.0340726 0.681581
0.181402 0.135806 0.119669 0.563123
0.433929 0.10454 0.155905 0.305627
0.0941395 0.17043 0.126879 0.608552
0.0428838 0.293744 9.9991E-05 0.663272
0.100248 0.154511 0.156212 0.589029
0.340089 0.230741 0.311927 0.117243
0.343545 0.00767916 0.233027 0.415749
0.127423 0.165378 0.115012 0.592188
0.215329 0.0744842 0.403423 0.306763
0.246185 0.118004 0.337554 0.298258
0.30034 0.244331 0.0318055 0.423523
0.223963 0.240933 0.0658665 0.469237
0.227761 0.0793013 0.26835 0.424588
0.104651 0.176328 0.176102 0.54292
0.034962 0.120025 0.148275 0.696738
0.0259775 0.281858 9.9991E-05 0.692064
0.196675 0.0567076 0.290089 0.456528
0.321662 0.132831 0.344281 0.201226
0.742188 0.229068 9.9991E-05 0.0286444
0.208177 0.118959 0.298853 0.374012
0.3673 0.112245 0.291498 0.228957
0.217166 0.159216 0.172809 0.450809
0.286499 0.13133 0.19673 0.385442
0.433486 0.515833 9.9991E-05 0.0505816
0.519043 0.480757 9.9982E-05 9.9982E-05
0.447153 0.236548 0.0621749 0.254124
0.400522 0.44166 9.9991E-05 0.157718
0.254051 0.607576 9.9991E-05 0.138273
0.408978 0.223488 0.0633584 0.304175
0.259766 0.228176 0.147242 0.364816
0.421877 0.375721 9.9991E-05 0.202302
0.463733 0.389252 9.9991E-05 0.146914
0.273323 0.145995 0.123391 0.45729
0.455258 0.33462 9.9991E-05 0.210022
0.466577 0.533223 9.9982E-05 9.9982E-05
0.223301 0.100875 0.261862 0.413962
0.319297 0.285037 0.0595035 0.336163
0.0846324 0.274106 0.205883 0.435378
0.04929 0.108426 0.213554 0.628731
0.191254 0.12784 0.147747 0.533158
0.198904 0.156468 0.112293 0.532334
0.0647442 0.343249 0.199125 0.392881
0.130384 0.159117 0.190284 0.520215
0.0836362 0.235241 0.177511 0.503612
0.302196 0.290775 9.9991E-05 0.406929
0.169755 0.191384 0.335784 0.303078
0.132276 0.140887 0.263828 0.463008
0.148971 0.100051 0.266464 0.484514
0.175818 0.0701258 0.287646 0.466411
0.12347 0.25177 0.15666 0.4681
0.145117 0.19152 0.171672 0.491691
0.228589 0.467849 9.9991E-05 0.303462
0.127939 0.148717 0.245273 0.47807
0.242894 0.369216 9.9991E-05 0.38779
9.9991E-05 0.831679 0.154446 0.0137746
9.9991E-05 0.142531 0.855646 0.00172381
9.9982E-05 0.145228 0.854572 9.9982E-05
9.9982E-05 0.0964368 0.903363 9.9982E-05
9.9982E-05 0.0890513 0.910749 9.9982E-05
9.9982E-05 0.11742 0.88238 9.9982E-05
9.9982E-05 0.0758644 0.923936 9.9982E-05
9.9982E-05 0.126916 0.872884 9.9982E-05
9.9982E-05 0.261784 0.738016 9.9982E-05
9.9991E-05 0.882729 0.0766159 0.0405547
9.9991E-05 0.801845 0.137036 0.0610185
0.0359365 0.879263 0.00803618 0.0767645
9.9991E-05 0.874019 0.0780062 0.0478747
9.9991E-05 0.872725 0.0660992 0.0610762
9.9991E-05 0.878033 0.0381839 0.0836827
9.9991E-05 0.723403 0.0887268 0.187771
9.9982E-05 0.869133 9.9982E-05 0.130667
9.9991E-05 0.730944 0.110793 0.158163
9.9982E-05 0.874586 9.9982E-05 0.125214
9.9982E-05 0.973488 9.9982E-05 0.0263119
9.9991E-05 0.868933 0.0252508 0.105716
9.9982E-05 0.96446 9.9982E-05 0.0353399
9.9982E-05 0.920009 9.9982E-05 0.0797909
9.9991E-05 0.858442 0.0122406 0.129217
9.9982E-05 0.889445 9.9982E-05 0.110355
9.9982E-05 0.826274 9.9982E-05 0.173526
9.9982E-05 0.823069 9.9982E-05 0.176731
9.9982E-05 0.780949 9.9982E-05 0.218851
0.346318 0.120893 0.350064 0.182725
0.247381 9.9991E-05 0.359693 0.392826
0.217092 0.0922383 0.29364 0.39703
0.77697 0.222831 9.9982E-05 9.9982E-05
0.265634 0.0989249 0.365176 0.270265
0.75378 0.24602 9.9982E-05 9.9982E-05
0.334294 0.0270698 0.22086 0.417776
0.263316 0.118772 0.40625 0.211662
0.286692 0.140435 0.310744 0.262129
0.275736 9.9991E-05 0.436643 0.287521
0.283308 0.118829 0.34569 0.252172
0.324383 0.0160886 0.261024 0.398505
0.284879 0.0757192 0.328736 0.310666
0.428948 0.104379 0.466573 9.9991E-05
0.76741 0.23239 9.9982E-05 9.9982E-05
0.751083 0.234923 9.9991E-05 0.013894
0.229552 0.0693617 0.329072 0.372014
0.468033 0.0743251 0.160955 0.296687
0.37954 0.0697059 0.189412 0.361342
0.234545 0.0281369 0.315156 0.422162
0.131847 0.219898 0.230186 0.418069
0.113027 0.132154 0.243956 0.510863
0.104922 0.41874 0.230725 0.245613
0.102729 0.0929597 0.377953 0.426359
0.0735374 0.203307 0.361413 0.361742
0.354685 0.531482 9.9991E-05 0.113734
0.305728 0.322162 9.9991E-05 0.37201
0.152829 0.36773 0.147132 0.332309
0.0973255 0.302425 0.26751 0.332739
0.198683 0.121868 0.246988 0.432461
0.152824 0.16129 0.261326 0.42456
0.131935 0.0921819 0.292219 0.483664
0.238421 0.169083 0.172173 0.420323
0.117838 0.499807 0.11684 0.265515
