0.040863 9.9991E-05 0.000550218 0.904498 0.0539884
0.00564034 0.0319522 9.9991E-05 0.9239 0.0384073
0.0430731 9.9991E-05 0.115094 0.823937 0.0177959
0.0896543 9.9991E-05 0.0108295 0.785879 0.113537
0.0781455 9.9991E-05 0.00252114 0.882899 0.0363341
0.00642931 0.108561 0.112162 0.676732 0.0961157
0.0356749 0.0750935 9.9991E-05 0.843629 0.0455022
0.0316519 0.0689942 9.9991E-05 0.781335 0.117919
9.9982E-05 0.123178 9.9982E-05 0.836112 0.0405104
0.0849337 0.00812879 0.120014 0.736256 0.0506672
9.999E-05 0.0542798 0.0656252 0.790248 0.0897467
0.0397497 0.188563 0.29722 9.9991E-05 0.474367
0.124181 0.0635643 0.547228 0.00906942 0.255958
0.15988 0.191472 0.16108 0.0410093 0.446559
0.140144 0.127577 0.362884 0.0460882 0.323307
0.129337 0.02148 0.445769 0.136428 0.266985
0.167215 9.9991E-05 0.610371 0.0326479 0.189667
0.10625 0.169944 0.502497 9.9991E-05 0.221209
0.142749 0.0722405 0.317538 0.0972605 0.370211
0.0852578 0.133918 0.0586793 0.0411218 0.681023
0.125604 0.208481 0.413992 0.0547435 0.19718
0.0683529 0.183114 0.428553 0.0703444 0.249636
9.999E-05 0.122039 0.613136 0.0827264 0.181999
0.106402 0.190069 0.345263 9.9991E-05 0.358166
0.0850708 0.0286673 0.728244 0.0866143 0.0714032
0.10601 0.059784 0.611404 0.0158275 0.206975
0.139784 0.141688 0.239811 0.0139272 0.464789
0.205739 0.140404 0.25712 9.9991E-05 0.396637
0.0242079 0.227508 0.288677 0.0313092 0.428298
0.062919 9.9982E-05 0.0992371 0.837644 9.9982E-05
0.0403928 9.9982E-05 0.162814 0.796593 9.9982E-05
0.0286409 0.00778647 0.114113 0.844884 0.004576
0.0715311 9.9982E-05 0.170865 0.757404 9.9982E-05
0.0291074 0.187606 0.641983 0.0302383 0.111066
0.12795 0.210437 0.509826 0.0396714 0.112116
0.0462542 0.180488 0.644321 0.0215961 0.10734
0.0148441 0.119013 0.195213 0.0866505 0.58428
0.00603579 0.430135 0.498112 9.9991E-05 0.0656179
9.9991E-05 0.168044 0.643452 0.0745623 0.113842
0.114537 0.16062 0.707999 0.0156355 0.00120881
9.9991E-05 0.185531 0.645053 0.159118 0.0101975
0.0124624 0.0803025 0.719934 0.0980895 0.0892113
9.9982E-05 0.494579 0.311965 9.9982E-05 0.193256
0.0669581 0.177406 0.660162 0.0674382 0.0280357
0.0331245 0.129241 0.714099 0.0826455 0.0408905
0.188564 0.1566 0.54451 0.0678298 0.0424963
9.9973E-05 0.486696 0.513004 9.9973E-05 9.9973E-05
0.0639451 0.128973 0.692394 9.9991E-05 0.114587
0.0340262 0.18038 0.648796 0.136698 9.9991E-05
9.9982E-05 0.847311 9.9982E-05 0.110038 0.0424514
9.9982E-05 0.362551 0.201876 9.9982E-05 0.435373
0.0797891 0.58605 0.0651155 0.0426897 0.226356
0.204535 0.0950192 0.507194 0.0558429 0.137408
0.0928516 0.180882 0.585995 0.0681149 0.0721564
0.0845069 0.0477949 0.690886 0.0344809 0.142331
9.9991E-05 0.246271 0.270188 0.0712255 0.412216
9.9991E-05 0.0808062 0.623633 0.0353188 0.260142
0.115399 0.0916588 0.652325 0.0191014 0.121516
0.0475246 0.250012 0.41418 0.0927588 0.195525
0.0609826 0.293727 0.030238 0.229666 0.385386
0.0843108 0.132027 0.568926 0.0649849 0.149751
0.115346 0.121792 0.375015 0.0312564 0.356591
9.9991E-05 0.355927 0.0667148 0.0870081 0.49025
0.062316 0.213492 0.514452 9.9991E-05 0.209641
0.101279 0.192702 0.694303 9.9991E-05 0.0116152
0.133609 0.0957465 0.565767 0.0641673 0.14071
0.0319805 0.273928 0.402873 0.056203 0.235016
0.0697998 0.199245 0.503076 0.0437913 0.184087
0.057184 0.06565 0.676985 0.0325032 0.167678
9.9991E-05 0.299062 0.312687 0.0193745 0.368777
9.9982E-05 0.243492 0.610104 9.9982E-05 0.146204
9.9982E-05 0.45561 0.362263 9.9982E-05 0.181927
0.0680407 0.139183 0.580947 9.9991E-05 0.211729
9.9982E-05 0.813875 0.180906 9.9982E-05 0.00501915
9.9982E-05 0.716617 0.197862 9.9982E-05 0.0853208
9.9982E-05 0.462431 0.480443 9.9982E-05 0.0569258
9.9982E-05 0.252125 0.640989 9.9982E-05 0.106686
0.129612 0.11096 0.554738 0.164039 0.0406504
0.0395937 0.332771 0.557613 9.9991E-05 0.0699228
9.9991E-05 0.335345 0.389907 0.0139957 0.260652
9.9991E-05 0.260497 0.412734 0.0291286 0.29754
0.104162 0.215216 0.578084 0.0580131 0.0445252
0.0601056 0.431266 0.374723 9.9991E-05 0.133805
9.9991E-05 0.284151 0.567809 0.088206 0.0597341
9.9982E-05 0.406328 0.582287 0.0111855 9.9982E-05
9.9991E-05 0.760601 0.171155 0.0141188 0.054025
9.9991E-05 0.0915304 0.769579 0.0592241 0.079566
0.0733859 9.9991E-05 0.0691369 0.752867 0.10451
9.9973E-05 9.9973E-05 0.0945913 0.905109 9.9973E-05
0.0395174 9.9982E-05 0.0901159 0.870167 9.9982E-05
0.0549849 0.0276683 0.0173566 0.89989 9.9991E-05
0.0279982 0.0232241 0.0924699 0.856208 9.9991E-05
0.0342976 9.9991E-05 0.0621929 0.887148 0.0162614
9.9973E-05 9.9973E-05 0.038013 0.961687 9.9973E-05
0.0493004 0.175152 0.662423 0.083161 0.0299633
0.132137 0.128819 0.5873 0.0976347 0.0541093
9.9991E-05 0.550228 0.27562 0.00505414 0.168998
0.0305338 0.177648 0.590482 0.0912577 0.110079
0.029031 0.258956 0.564841 0.00468937 0.142483
9.9982E-05 0.254074 0.66013 0.0855963 9.9982E-05
9.9991E-05 0.217729 0.67995 0.0756661 0.0265549
0.0377226 0.244531 0.668151 0.0494949 9.9991E-05
9.9991E-05 0.600226 0.149768 0.00261774 0.247288
0.0714019 9.9991E-05 0.554813 0.189602 0.184083
0.015459 0.176663 0.756378 0.0513999 9.9991E-05
0.00564282 0.105357 0.696995 0.133622 0.058383
9.9982E-05 0.434967 0.519813 0.0450198 9.9982E-05
9.9982E-05 0.320574 0.645545 0.0336815 9.9982E-05
9.9991E-05 0.197524 0.653542 0.0344892 0.114345
0.0285356 0.387904 0.575635 9.9991E-05 0.00782556
9.9991E-05 0.245096 0.573678 0.104955 0.0761715
9.9991E-05 0.0551911 0.595604 0.138404 0.210702
0.0442574 0.344914 0.226834 0.0435046 0.34049
0.0928317 0.0209118 0.474054 0.0813276 0.330875
0.0481844 0.0991616 0.607822 0.0890622 0.15577
0.145331 0.091214 0.557889 0.0677561 0.13781
9.9991E-05 0.101614 0.550245 0.00717749 0.340863
0.074653 9.9982E-05 0.563 9.9982E-05 0.362147
0.00126923 9.9991E-05 0.524214 0.0281631 0.446253
0.00196219 0.142971 0.598627 0.069902 0.186538
0.0769159 0.0618372 0.584409 0.130163 0.146675
9.9991E-05 0.108512 0.626702 0.0618566 0.20283
9.9982E-05 0.0554217 0.580325 9.9982E-05 0.364053
0.0641211 0.0792923 0.676023 9.9991E-05 0.180464
0.0501825 0.0448129 0.626531 0.169786 0.108687
0.125119 0.0792206 0.570075 9.9991E-05 0.225485
0.177971 0.0541302 0.480757 0.0531143 0.234028
0.125969 0.12793 0.499893 9.9991E-05 0.246108
0.0321123 0.195578 0.421268 0.103259 0.247782
0.0569731 0.0399975 0.706034 0.0468578 0.150137
0.0629213 0.017677 0.702219 9.9991E-05 0.217083
0.095326 0.208726 0.227449 0.0214461 0.447053
0.0378238 0.43888 0.215174 0.0236058 0.284516
0.0526873 0.0536346 0.591554 0.00447581 0.297648
0.0638297 0.540292 0.0981966 9.9991E-05 0.297581
9.9991E-05 0.13163 0.379654 0.0571042 0.431511
9.9982E-05 0.136613 0.525564 9.9982E-05 0.337623
9.9982E-05 0.0806817 0.425751 9.9982E-05 0.493367
0.0190689 0.127519 0.378091 9.9991E-05 0.475221
0.0299096 0.152499 0.684016 0.0610362 0.0725394
0.133202 0.117962 0.487363 0.0731463 0.188327
0.14582 0.129567 0.526097 9.9991E-05 0.198416
0.0323181 0.386803 0.228076 0.0179512 0.334852
0.0186074 0.223467 0.526985 0.167343 0.0635969
0.108849 0.263812 0.505365 0.0669577 0.0550157
9.9991E-05 0.640095 0.0241135 0.209287 0.126404
0.0455178 0.120091 0.675936 0.158355 9.9991E-05
0.0402032 0.397125 0.368397 0.144263 0.0500115
0.0200766 0.170886 0.561956 0.210097 0.0369845
0.0191774 0.448611 0.302382 0.177512 0.052318
9.9991E-05 0.465826 0.242534 0.123115 0.168425
0.0368062 0.312185 0.447745 0.0323413 0.170922
0.0477155 0.23917 0.55594 0.107644 0.0495302
0.0961851 0.203086 0.438919 0.062459 0.199351
0.209675 0.616846 0.00710229 0.0674798 0.0988972
0.132197 0.196485 0.478683 0.124353 0.0682822
9.9982E-05 0.399597 0.495921 9.9982E-05 0.104282
0.0483316 0.295199 0.520967 0.00199405 0.133508
0.0902777 0.11162 0.532658 0.139412 0.126032
0.27467 0.19536 0.137598 0.382156 0.0102157
0.170162 0.229988 9.9982E-05 0.59965 9.9982E-05
0.151562 0.346106 9.9982E-05 0.502132 9.9982E-05
0.35577 0.133525 0.0533358 0.433998 0.0233714
0.0691029 0.264367 0.66633 9.9982E-05 9.9982E-05
0.148789 0.187696 0.55788 0.018992 0.0866435
0.71163 9.9973E-05 0.28807 9.9973E-05 9.9973E-05
0.505674 0.0736023 0.267574 0.0254994 0.127651
0.344654 0.106996 0.401286 0.146965 9.9991E-05
9.9991E-05 0.537925 0.399012 0.0510053 0.0119569
0.0265731 0.214542 0.686359 0.0700843 0.00244164
0.0837441 0.627464 0.260832 0.0278597 9.9991E-05
9.9982E-05 0.233265 0.691667 0.0748677 9.9982E-05
0.00561857 0.309987 0.525211 0.12161 0.0375733
0.0562463 0.292607 0.610194 0.0222075 0.0187446
0.0209024 0.59976 0.296239 0.0116812 0.0714172
0.148128 0.0862111 0.629082 0.0754823 0.061096
0.101459 0.261056 0.549081 9.9991E-05 0.0883048
0.972887 0.0209627 0.00595075 9.9982E-05 9.9982E-05
0.968152 9.9982E-05 0.00573569 9.9982E-05 0.0259128
0.597066 0.0268206 0.298877 9.9991E-05 0.0771361
0.7151 9.9982E-05 0.262969 0.0217315 9.9982E-05
0.791294 0.0174826 0.16553 0.0142409 0.0114528
0.9996 9.997E-05 9.997E-05 9.997E-05 9.997E-05
0.977535 9.9973E-05 9.9973E-05 9.9973E-05 0.0221649
0.855189 9.9973E-05 0.144511 9.9973E-05 9.9973E-05
0.938904 9.9982E-05 0.045886 9.9982E-05 0.0150105
0.9996 9.997E-05 9.997E-05 9.997E-05 9.997E-05
0.9996 9.997E-05 9.997E-05 9.997E-05 9.997E-05
0.793469 9.9991E-05 0.16206 0.0348137 0.00955728
0.799516 9.9991E-05 0.116854 0.0713153 0.0122146
0.993226 0.00647436 9.9973E-05 9.9973E-05 9.9973E-05
0.500087 9.9991E-05 0.369414 0.085311 0.045087
0.680879 9.9991E-05 0.213303 0.0849934 0.0207247
0.759875 0.0352529 0.203178 0.00159422 9.9991E-05
0.897257 9.9982E-05 0.0815842 9.9982E-05 0.0209584
0.9996 9.997E-05 9.997E-05 9.997E-05 9.997E-05
0.877098 9.9982E-05 0.0705793 0.052123 9.9982E-05
0.9996 9.997E-05 9.997E-05 9.997E-05 9.997E-05
0.621512 0.100168 0.235272 9.9991E-05 0.042948
0.947541 0.0205653 0.0206825 0.00689216 0.00431911
0.0536709 0.556494 9.9982E-05 0.389635 9.9982E-05
0.0969366 0.0843724 0.433628 0.216545 0.168517
0.0918354 0.212154 0.414476 0.253028 0.0285076
0.162495 0.431992 0.127472 0.275281 0.00275934
0.132565 0.258725 0.447748 0.142303 0.0186586
0.112508 0.39966 0.177055 0.310677 9.9991E-05
0.110191 0.176632 0.461419 0.211316 0.0404413
0.16521 0.236487 0.386415 0.211789 9.9991E-05
0.110208 0.185765 0.514504 0.189423 9.9991E-05
0.317445 0.251111 0.288515 0.14283 9.9991E-05
0.0980619 0.129779 0.568356 0.203704 9.9991E-05
9.9982E-05 9.9982E-05 0.0481412 0.846487 0.105171
0.0682654 0.0123156 9.9982E-05 0.919219 9.9982E-05
9.9973E-05 9.9973E-05 9.9973E-05 0.977657 0.0220426
9.9982E-05 9.9982E-05 0.0388702 0.945557 0.0153728
0.0148506 9.9991E-05 0.0349045 0.880524 0.0696214
0.060101 0.0538293 9.9982E-05 0.88587 9.9982E-05
0.0614559 9.9991E-05 0.0243774 0.892454 0.0216127
9.9991E-05 0.0882404 0.0154885 0.891527 0.0046445
0.0217513 0.0152103 0.0322508 0.930688 9.9991E-05
0.121006 9.9991E-05 0.000323288 0.874947 0.00362399
9.9982E-05 0.111649 9.9982E-05 0.61776 0.270391
9.9991E-05 0.0371455 0.00590525 0.597708 0.359141
9.9982E-05 0.138208 9.9982E-05 0.545908 0.315684
9.9982E-05 0.185717 9.9982E-05 0.518324 0.295759
9.9991E-05 0.15872 0.653106 0.0550373 0.133037
0.0501967 0.24262 0.600933 0.0203476 0.085903
9.9991E-05 0.107928 0.670494 0.0030556 0.218422
9.9991E-05 0.175075 0.463602 0.0884524 0.272771
0.0480326 0.131498 0.167237 9.9991E-05 0.653133
0.096583 0.207091 0.676663 9.9991E-05 0.0195631
0.0121615 0.214008 0.704341 9.9991E-05 0.0693896
0.00231805 0.355909 0.58747 9.9991E-05 0.0542025
0.00801071 0.490335 0.501454 9.9982E-05 9.9982E-05
0.059066 0.0964387 0.682247 0.0426832 0.119565
0.00127727 0.295095 0.574406 9.9991E-05 0.129121
0.058173 0.851126 0.0143323 9.9991E-05 0.0762683
0.00155242 0.213423 0.545197 0.121302 0.118525
0.0142407 0.555672 0.378412 9.9991E-05 0.051575
9.9991E-05 0.193972 0.722545 0.0294813 0.0539022
9.9982E-05 0.499606 0.243855 9.9982E-05 0.256339
9.9991E-05 0.149342 0.000958353 0.126271 0.723329
9.9991E-05 0.0767524 0.0807894 0.10811 0.734249
9.9982E-05 0.0773821 9.9982E-05 0.0549722 0.867446
9.9982E-05 0.0674687 9.9982E-05 0.0888211 0.84351
0.0553829 0.140856 9.9991E-05 0.00282058 0.800841
0.0488764 0.0228646 0.0599083 0.0722231 0.796128
0.0618719 9.9982E-05 0.086673 0.851255 9.9982E-05
0.0538104 9.9991E-05 0.0174256 0.835071 0.0935933
0.15617 9.9982E-05 0.0908284 0.752801 9.9982E-05
0.15805 9.9991E-05 0.0121613 0.724554 0.105135
0.0463254 9.9991E-05 0.0733791 0.805776 0.0744194
9.9982E-05 0.0513145 9.9982E-05 0.38673 0.561756
9.9982E-05 0.136122 9.9982E-05 0.451038 0.41264
9.9982E-05 0.0244489 9.9982E-05 0.43393 0.541421
0.0529988 9.9991E-05 0.112053 0.800576 0.0342723
9.9982E-05 0.11447 9.9982E-05 0.394006 0.491324
0.397701 0.13233 0.247568 0.222301 9.9991E-05
0.265219 9.9991E-05 0.535179 0.116617 0.082886
0.30852 9.9982E-05 0.53671 0.15457 9.9982E-05
0.246918 0.100352 0.339329 0.265663 0.0477386
0.230028 9.9991E-05 0.545578 0.139757 0.084537
0.326688 0.185075 9.9982E-05 0.488037 9.9982E-05
0.0136446 0.172889 0.477198 0.00640192 0.329866
0.0176878 0.407415 0.367404 0.0309404 0.176553
9.9982E-05 9.9982E-05 0.340681 0.0651263 0.593993
9.9982E-05 0.326003 0.598314 9.9982E-05 0.0754837
9.9973E-05 0.871206 9.9973E-05 9.9973E-05 0.128494
0.0902741 0.0784903 0.557032 0.0845994 0.189604
0.02747 0.259455 0.521873 0.00432524 0.186877
9.9991E-05 0.143298 0.38392 0.0354876 0.437194
0.1183 0.0424622 0.556402 0.0533021 0.229534
9.9982E-05 0.531217 0.18874 9.9982E-05 0.279842
0.113845 0.314535 0.478519 9.9991E-05 0.0930002
0.0162119 0.080012 0.605181 9.9991E-05 0.298496
0.273177 0.136513 0.340695 0.123755 0.12586
0.0508978 0.27357 0.418796 9.9991E-05 0.256637
0.048071 0.18372 0.490973 0.0238098 0.253427
0.147764 0.156364 0.537252 9.9991E-05 0.15852
0.0164885 0.0922489 0.641089 0.0261302 0.224044
0.0718402 0.111148 0.675873 0.100417 0.0407213
0.0752877 0.125511 0.61563 0.0561053 0.127466
0.0476922 0.0793542 0.571756 0.106406 0.194791
0.13081 9.9982E-05 0.0963147 0.772675 9.9982E-05
0.0523615 0.0179159 0.0815445 0.848078 9.9991E-05
0.0417481 0.0480487 0.0518559 0.766669 0.091678
0.0625174 0.0656287 0.00610722 0.809287 0.0564598
0.0586326 9.9982E-05 0.0922044 0.848963 9.9982E-05
0.108305 0.144747 0.18118 9.9991E-05 0.565667
0.0814288 0.208137 0.529065 0.0782939 0.103075
0.26705 0.154381 0.326745 0.251724 9.9991E-05
0.0629149 0.0838422 0.736076 9.9991E-05 0.117067
9.9991E-05 0.054077 0.617001 0.082685 0.246137
0.0506082 0.263261 0.335097 0.00841642 0.342617
9.9991E-05 0.208932 0.0602124 0.125015 0.605741
0.0610673 0.0785669 0.529604 0.0172926 0.313469
0.0763105 0.131538 0.190652 0.0707992 0.530701
0.0966479 0.169618 0.451095 0.0799025 0.202737
0.0234533 0.201317 0.171237 0.104106 0.499887
0.138234 9.9991E-05 0.602097 0.0258387 0.233731
9.9991E-05 0.144216 0.2288 0.0902165 0.536668
0.0688537 0.301418 0.371952 0.0478892 0.209886
0.0229866 0.17324 0.574639 0.0735011 0.155633
9.9991E-05 0.479116 0.390524 0.0999927 0.0302677
0.00943556 0.227781 0.601622 0.0687836 0.0923774
9.9982E-05 0.244954 0.56072 0.194126 9.9982E-05
9.9991E-05 0.500704 0.402386 0.0533391 0.043471
0.0830047 0.228372 0.580021 0.0927979 0.0158042
9.9982E-05 0.27918 0.653348 0.0672721 9.9982E-05
9.9982E-05 0.657229 0.184954 9.9982E-05 0.157617
9.9982E-05 0.633276 0.344972 0.0215528 9.9982E-05
0.0300365 0.33204 0.575921 0.0619025 9.9991E-05
9.9991E-05 0.571838 0.210554 0.0818694 0.135638
9.9991E-05 0.327275 0.565797 0.0444481 0.0623797
9.9991E-05 0.138938 0.195815 0.0116395 0.653508
0.0233757 0.335957 0.31486 9.9991E-05 0.325707
0.0641452 0.142542 0.377936 9.9991E-05 0.415277
0.106031 9.9982E-05 0.626726 9.9982E-05 0.267043
9.9982E-05 0.21411 0.317328 9.9982E-05 0.468362
0.128978 0.123399 0.503153 0.124021 0.120448
0.119647 0.0442555 0.578637 0.0944974 0.162963
0.0434335 0.134968 0.5536 0.0486293 0.21937
0.154673 0.0622383 0.485727 9.9991E-05 0.297261
0.0988726 0.0646118 0.433223 0.0102418 0.39305
0.0828825 0.0860936 0.290389 9.9991E-05 0.540535
0.123633 0.0612316 0.362759 9.9991E-05 0.452276
0.0745645 0.132065 0.593751 9.9991E-05 0.19952
0.114227 0.0869988 0.575202 0.08465 0.138922
0.045727 0.255628 0.380875 0.0453177 0.272452
0.103575 0.0985297 0.550648 9.9991E-05 0.247147
0.158339 0.129385 0.319807 0.0122716 0.380198
0.0151737 0.1105 0.615623 0.0457138 0.21299
0.0930636 0.0579568 0.536104 0.0666759 0.246199
0.0190506 0.117251 0.60988 0.0773403 0.176477
0.150935 0.0732745 0.410951 0.364739 9.9991E-05
0.249519 0.151685 0.46989 0.128806 9.9991E-05
0.179479 0.146734 0.490875 0.118269 0.0646441
0.0834941 0.0507353 0.710205 0.153058 0.00250828
0.202252 0.0320278 0.500439 0.265181 9.9991E-05
0.0442791 0.312128 0.473909 9.9991E-05 0.169584
0.183801 0.0436497 0.565848 0.185711 0.0209912
0.147807 0.531632 0.024828 0.295633 9.9991E-05
0.247956 0.06121 0.454749 0.0920869 0.143997
0.279494 0.144683 0.420375 0.117636 0.0378113
0.270018 0.141034 0.471461 0.0834622 0.0340247
0.19222 0.264652 0.270979 0.144003 0.128145
0.199724 0.0592635 0.530563 0.155302 0.0551477
0.204499 0.0283064 0.601838 0.165257 9.9991E-05
0.187533 0.288659 9.9982E-05 0.523608 9.9982E-05
0.169168 0.10086 0.512739 0.18058 0.0366532
0.305974 0.0503061 0.498863 0.144756 9.9991E-05
0.209939 0.0704754 0.53641 0.111384 0.0717922
0.253509 0.0661882 0.502467 0.151188 0.0266477
0.272838 0.147955 0.388803 0.149164 0.0412395
0.133204 0.290202 0.399502 0.0612844 0.115808
0.145604 0.287578 0.477533 0.0726021 0.0166828
9.9982E-05 0.797038 0.119286 9.9982E-05 0.0834768
9.9991E-05 0.884592 0.0449467 0.0405301 0.0298311
0.133211 0.282936 0.465399 0.0253791 0.0930748
0.338004 0.12231 0.403063 0.136523 9.9991E-05
0.417919 0.164956 0.316743 0.100281 9.9991E-05
0.360628 0.284989 0.174457 0.179826 9.9991E-05
0.28965 0.0942634 0.380091 0.235895 9.9991E-05
0.14359 0.680379 0.0917194 0.0713448 0.0129673
0.128185 0.512137 0.229691 0.129887 9.9991E-05
0.106618 0.231966 0.647891 0.0134243 9.9991E-05
0.115585 0.290769 0.464594 0.128953 9.9991E-05
0.14224 0.557809 0.215822 0.0840287 9.9991E-05
0.104285 0.241708 0.56824 0.03992 0.0458463
0.07236 0.207934 0.60079 0.118815 9.9991E-05
0.226842 0.216702 0.376544 0.0843612 0.0955498
9.9991E-05 0.486307 0.414147 0.0026086 0.0968376
0.0709345 0.49238 0.349937 9.9991E-05 0.0866483
0.035543 0.280165 0.589725 0.0788681 0.0156986
0.0760182 0.400266 0.356075 0.0771686 0.0904725
0.193323 0.318278 0.366945 0.0680949 0.0533598
0.011695 0.428532 0.486617 9.9991E-05 0.0730553
0.0119646 0.571162 0.316456 9.9991E-05 0.100317
0.037086 0.292981 0.631685 0.0381477 9.9991E-05
0.0321079 0.630352 0.283771 9.9991E-05 0.0536692
0.0328936 0.416515 0.451246 0.0133139 0.0860315
0.0544976 0.256843 0.589761 0.0300263 0.068872
0.0695457 0.340113 0.55328 9.9991E-05 0.0369611
0.191865 0.149019 0.467612 0.191404 9.9991E-05
0.143228 0.13606 0.422345 0.255662 0.042705
0.375968 0.110726 0.229015 0.175181 0.109111
0.267689 0.133277 0.313714 0.176919 0.108401
0.279349 0.110664 0.356071 0.188542 0.0653738
0.220925 0.131514 0.463808 0.125311 0.0584421
0.187944 0.594613 9.9991E-05 0.194344 0.0229991
0.195821 9.9991E-05 0.62911 0.0902947 0.0846741
0.184877 0.402567 9.9982E-05 0.412356 9.9982E-05
0.174087 0.124767 0.64029 0.0607565 9.9991E-05
9.9973E-05 0.776038 0.223662 9.9973E-05 9.9973E-05
9.9982E-05 0.908571 9.9982E-05 0.0250424 0.0661864
0.0151046 0.435155 0.549541 9.9982E-05 9.9982E-05
0.0794341 0.169743 0.609405 0.118078 0.0233392
9.9982E-05 0.463083 0.503386 9.9982E-05 0.0333315
0.0385049 0.409322 0.540956 9.9991E-05 0.0111171
0.0613231 0.354057 0.58442 9.9982E-05 9.9982E-05
0.0579031 0.0522326 0.0904208 0.799344 9.9991E-05
0.0928569 9.9991E-05 0.0188333 0.71081 0.1774
0.0221981 9.9982E-05 9.9982E-05 0.932718 0.0448834
0.0068111 9.9982E-05 0.0458456 0.947143 9.9982E-05
9.9991E-05 0.220365 0.672035 0.0307798 0.0767201
0.018318 0.258267 0.616683 0.106632 9.9991E-05
9.9991E-05 0.198447 0.688474 0.0137138 0.0992655
9.9991E-05 0.128276 0.69279 0.0863624 0.092472
0.043752 0.201185 0.604446 0.0812036 0.0694127
0.0168214 0.457199 0.335216 0.00195881 0.188804
0.000673724 0.108432 0.796807 9.9991E-05 0.0939875
9.9982E-05 0.499111 0.493902 0.00678794 9.9982E-05
0.175877 0.013541 0.45226 0.289833 0.0684895
0.0315415 0.341407 0.503702 9.9991E-05 0.12325
9.9982E-05 0.297847 0.52416 9.9982E-05 0.177794
9.9982E-05 0.251165 0.674723 9.9982E-05 0.0739129
9.9991E-05 0.337167 0.552367 0.00264146 0.107724
0.0544887 0.296155 0.629148 0.0201078 9.9991E-05
9.9991E-05 0.145162 0.747382 0.0894064 0.0179495
9.9973E-05 0.716355 0.283346 9.9973E-05 9.9973E-05
0.0177137 0.597678 0.378115 9.9991E-05 0.00639336
9.9982E-05 0.431973 0.519454 9.9982E-05 0.0483733
9.9973E-05 0.940832 0.0588683 9.9973E-05 9.9973E-05
0.0121957 0.300873 0.509319 9.9991E-05 0.177513
9.9982E-05 0.708539 0.271936 9.9982E-05 0.0193243
9.9982E-05 0.895012 0.0737617 9.9982E-05 0.031026
0.00381328 0.221004 0.71337 0.0617134 9.9991E-05
9.9991E-05 0.444166 0.393298 0.0259635 0.136473
0.130884 0.274852 0.448386 9.9991E-05 0.145779
0.0940013 0.0884665 0.686012 0.0938646 0.037656
0.0355985 0.231765 0.687018 0.0167037 0.0289156
0.0849813 0.182567 0.391734 9.9991E-05 0.340617
0.00146473 0.290553 0.646468 0.0511394 0.0103746
9.9982E-05 0.193973 0.654671 9.9982E-05 0.151156
9.9982E-05 0.482256 0.481452 9.9982E-05 0.0360928
0.046942 0.244855 0.622838 0.0385914 0.0467736
9.9982E-05 0.0544193 9.9982E-05 0.652686 0.292694
0.0341239 0.0362288 0.0223685 0.765512 0.141766
9.9982E-05 0.0435959 9.9982E-05 0.799887 0.156318
9.9982E-05 0.0408185 9.9982E-05 0.802012 0.156969
9.9982E-05 9.9982E-05 0.0575923 0.740415 0.201792
9.9991E-05 0.392347 0.320883 0.0116935 0.274976
9.9991E-05 0.539714 0.308398 0.0111191 0.140669
9.9973E-05 0.616583 0.383117 9.9973E-05 9.9973E-05
0.0453036 0.191854 0.567375 0.162477 0.0329908
0.0724984 0.179512 0.591058 0.118033 0.0388984
9.9982E-05 0.435003 0.494852 0.0699447 9.9982E-05
0.0664379 0.238217 0.695145 9.9982E-05 9.9982E-05
0.112194 0.340809 0.505665 0.0412316 9.9991E-05
9.9991E-05 0.180867 0.710426 0.039748 0.0688592
9.9991E-05 0.202395 0.655247 0.0472915 0.0949665
9.9982E-05 0.395624 0.424319 9.9982E-05 0.179857
9.9982E-05 0.302924 0.567533 9.9982E-05 0.129343
9.9982E-05 0.323289 0.494806 9.9982E-05 0.181705
0.0778004 0.110199 0.63223 0.133701 0.0460694
9.9991E-05 0.238383 0.606864 0.00148483 0.153168
9.9991E-05 0.275543 0.614471 0.0180804 0.0918052
0.465111 9.9991E-05 0.376033 0.0913023 0.0674535
0.518895 0.0113035 0.317759 0.111319 0.0407227
0.420291 0.00764803 0.460173 0.111789 9.9991E-05
0.499283 9.9982E-05 0.347835 0.152682 9.9982E-05
0.323662 0.0371003 0.515621 0.123516 9.9991E-05
9.9991E-05 0.309437 0.593215 0.0747952 0.0224526
0.649568 9.9982E-05 0.0839357 0.266296 9.9982E-05
0.495972 9.9991E-05 0.276703 0.139745 0.0874809
0.185649 0.191623 0.471726 0.150902 9.9991E-05
9.9991E-05 0.126338 0.639615 0.215864 0.0180838
0.074121 0.245794 0.486736 0.137867 0.0554826
0.048248 0.172292 0.551929 0.22306 0.00447095
0.0576325 0.189884 0.622983 0.115826 0.0136744
0.494582 9.9982E-05 0.292261 0.212957 9.9982E-05
0.313454 9.9991E-05 0.442558 0.107127 0.136761
0.540016 9.9982E-05 0.433389 0.0263953 9.9982E-05
0.28508 0.0237846 0.561837 0.0875809 0.0417171
0.510883 9.9982E-05 0.353214 0.135703 9.9982E-05
0.414969 0.0986069 0.333145 0.120123 0.0331567
0.491431 0.0081043 0.314921 0.185444 9.9991E-05
0.391922 0.0132032 0.41889 0.106647 0.0693374
0.0779075 0.291893 0.538188 0.0496914 0.0423202
0.363705 9.9982E-05 0.413584 0.22251 9.9982E-05
0.618768 9.9982E-05 0.234067 0.146965 9.9982E-05
0.390454 0.0649658 0.343295 0.117455 0.0838297
9.9991E-05 0.309827 0.264591 0.213975 0.211506
0.131185 0.197505 0.597714 9.9991E-05 0.0734953
0.325206 9.9991E-05 0.406166 0.15487 0.113659
0.0569613 0.087969 0.616929 0.151068 0.0870722
9.9991E-05 0.189365 0.576652 0.197766 0.0361175
0.212448 0.0896234 0.465453 0.204062 0.0284142
0.267123 0.12183 0.361465 0.249481 9.9991E-05
0.163841 0.0973284 0.503123 0.0810532 0.154655
0.378651 0.0115812 0.460722 0.0817418 0.0673034
0.432329 0.033195 0.448163 0.0862129 9.9991E-05
0.583399 0.00167196 0.181224 0.233606 9.9991E-05
0.0669811 0.148474 0.65927 0.125175 9.9991E-05
9.9991E-05 0.243675 0.55553 0.1441 0.0565944
0.0999486 0.576551 0.150018 0.173382 9.9991E-05
9.9991E-05 0.0609221 0.695951 0.153155 0.0898725
0.0948136 0.169939 0.404238 0.111977 0.219031
0.119689 0.180323 0.478377 0.216591 0.00501993
0.0598249 0.206384 0.475402 0.216038 0.0423515
0.231952 0.392126 9.9982E-05 0.375722 9.9982E-05
0.123221 0.489722 9.9982E-05 0.386858 9.9982E-05
0.220961 0.412354 0.174714 0.0983783 0.0935918
0.256927 0.355027 9.9982E-05 0.387845 9.9982E-05
0.287323 0.289465 9.9982E-05 0.423012 9.9982E-05
0.178149 0.365201 0.309088 0.147462 9.9991E-05
0.141361 0.211095 0.376937 0.270508 9.9991E-05
0.190909 0.296049 0.171954 0.302685 0.0384023
0.179483 0.419493 0.0681208 0.332803 9.9991E-05
0.173037 0.118388 0.445089 0.143326 0.120161
0.205819 0.457842 0.107311 0.215549 0.0134798
0.108074 0.37625 9.9982E-05 0.515476 9.9982E-05
0.265667 9.9991E-05 0.387514 0.127689 0.219031
0.291684 0.184048 0.30411 0.175414 0.0447436
0.188937 9.9991E-05 0.465907 0.258955 0.0861013
0.318317 9.9982E-05 0.51387 0.167613 9.9982E-05
0.243138 0.0162779 0.543897 0.150706 0.045981
0.323786 0.0215491 0.45831 0.148933 0.0474209
0.21544 9.9991E-05 0.347393 0.380597 0.0564699
0.197216 0.0241613 0.552153 0.216621 0.00984915
0.23993 0.0832629 0.426342 0.250365 9.9991E-05
0.323777 0.119326 0.300883 0.22525 0.0307641
0.13518 0.183902 0.339781 0.192296 0.148842
0.161395 0.0685817 0.539808 0.193979 0.0362352
0.194099 0.126526 0.494427 0.184847 9.9991E-05
0.160499 0.113169 0.589051 0.13718 9.9991E-05
0.291967 0.0471405 0.380184 0.280608 9.9991E-05
0.249807 0.0724673 0.461381 0.180888 0.0354565
0.22071 0.188555 0.156247 0.434388 9.9991E-05
0.172951 9.9991E-05 0.580815 0.168861 0.077273
0.331281 0.209202 0.169952 0.289465 9.9991E-05
0.0215698 0.0606551 9.9991E-05 0.786966 0.130709
0.0543744 9.9991E-05 0.0742841 0.0585526 0.812689
9.997E-05 9.997E-05 9.997E-05 9.997E-05 0.9996
9.997E-05 9.997E-05 9.997E-05 9.997E-05 0.9996
9.997E-05 9.997E-05 9.997E-05 9.997E-05 0.9996
0.0109122 9.9982E-05 0.0222599 9.9982E-05 0.966628
9.9982E-05 9.9982E-05 0.0614595 0.00178694 0.936554
9.9973E-05 9.9973E-05 9.9973E-05 0.024478 0.975222
0.0254762 9.9982E-05 9.9982E-05 0.15733 0.816993
0.0362071 9.9982E-05 9.9982E-05 0.865118 0.0984746
9.9982E-05 9.9982E-05 0.0381713 0.84384 0.117788
0.0745938 0.0325283 9.9982E-05 0.892678 9.9982E-05
9.9982E-05 9.9982E-05 0.0637183 0.827323 0.108759
0.0701085 9.9982E-05 9.9982E-05 0.867987 0.0617042
9.9973E-05 9.9973E-05 9.9973E-05 0.914334 0.0853665
0.112634 9.9991E-05 0.0474764 0.738785 0.101004
0.0805319 0.0126377 0.028414 0.878316 9.9991E-05
9.9982E-05 9.9982E-05 0.138487 0.739902 0.121411
0.0642783 0.0134863 9.9982E-05 0.922035 9.9982E-05
9.9973E-05 9.9973E-05 9.9973E-05 0.950763 0.0489369
0.0856868 0.00933804 0.0143303 0.825808 0.0648364
9.9982E-05 9.9982E-05 0.017376 0.954809 0.0276153
0.0270941 9.9982E-05 0.0865812 0.886125 9.9982E-05
0.0034004 9.9991E-05 0.107044 0.885444 0.00401174
0.0371424 9.9982E-05 0.0955244 0.867133 9.9982E-05
0.136848 9.9982E-05 0.11874 0.744212 9.9982E-05
0.0760725 9.9982E-05 0.144612 0.779116 9.9982E-05
0.0566297 9.9982E-05 0.135786 0.807385 9.9982E-05
0.0312534 0.307485 0.403054 0.188995 0.0692128
9.9982E-05 0.0925188 0.766551 0.14073 9.9982E-05
0.0229726 0.102118 0.577687 0.200904 0.0963183
0.0417742 0.67508 0.173863 0.109182 9.9991E-05
0.0190352 0.0650145 0.608404 0.186279 0.121266
0.0632276 0.603614 0.121678 0.21138 9.9991E-05
0.0108551 0.13974 0.670389 0.169077 0.00993868
9.9991E-05 0.225664 0.516203 0.177062 0.0809703
9.9991E-05 0.243908 0.562213 0.125345 0.0684345
0.107968 0.278049 0.532269 0.0529525 0.0287611
0.00428605 0.249572 0.558968 0.132528 0.0546469
0.0178355 0.19517 0.662049 0.124846 9.9991E-05
9.9991E-05 0.185975 0.669029 0.130616 0.0142809
0.0535418 0.41721 0.0867221 9.9991E-05 0.442426
9.9982E-05 0.83924 9.9982E-05 0.119789 0.0407708
0.0509846 0.655279 0.169309 0.124328 9.9991E-05
0.000180966 0.153964 0.696207 0.126126 0.0235224
9.9991E-05 0.235332 0.591921 0.147847 0.0248008
0.0126924 0.219096 0.54497 0.223141 9.9991E-05
0.0994878 0.108473 0.664078 0.0662942 0.0616665
0.108462 0.112919 0.505457 0.273062 9.9991E-05
0.2714 0.0108282 0.571116 0.129476 0.0171791
0.146092 0.149114 0.134811 0.41881 0.151173
0.0527921 0.0263737 0.666953 0.158839 0.0950422
0.163935 0.0458925 0.455958 0.232924 0.101291
0.199099 0.30663 9.9991E-05 0.45467 0.0395015
0.198767 0.111592 0.340315 0.349226 9.9991E-05
0.215615 0.0607685 0.294423 0.347902 0.0812912
0.0093979 9.9991E-05 0.485502 0.389611 0.11539
0.299642 0.0457132 0.458484 0.0578788 0.138282
0.12591 0.0211744 0.619784 0.233032 9.9991E-05
0.162515 0.097911 0.605021 0.134453 9.9991E-05
0.182314 0.214022 0.403248 0.200316 9.9991E-05
0.173502 0.017618 0.346125 0.462655 9.9991E-05
