0.890265 0.0751305 9.9982E-05 0.0344043 9.9982E-05
0.940519 0.0218737 0.0374072 9.9982E-05 9.9982E-05
0.801916 0.070834 9.9991E-05 0.0329281 0.0942219
0.783639 0.10329 9.9991E-05 0.097175 0.0157962
0.840646 0.0691605 9.9991E-05 0.0812053 0.00888783
0.659284 0.114934 0.120746 0.0455066 0.0595286
0.877605 0.0640161 0.0485496 0.00972914 9.9991E-05
0.75036 0.172457 0.0522764 0.0248069 9.9991E-05
0.832899 0.0906677 0.0762336 9.9982E-05 9.9982E-05
0.745164 0.0252346 0.0786443 0.0611899 0.0897672
0.761256 0.174334 0.0312372 0.0169973 0.0161761
9.999E-05 0.535266 0.0860799 0.0567154 0.321839
0.0641356 0.341034 9.9991E-05 0.0152682 0.579463
0.0138001 0.459534 0.15117 0.138261 0.237234
9.9982E-05 0.519833 9.9982E-05 0.169133 0.310834
0.119865 0.262666 0.109812 0.12066 0.386998
0.0566725 0.142651 0.0690496 0.179868 0.55176
0.00890627 0.215071 0.169476 0.109114 0.497432
0.12031 0.402436 0.0153333 0.0289486 0.432972
0.0293432 0.695294 0.150329 0.113159 0.0118746
9.999E-05 0.225811 0.203407 0.126446 0.444236
0.0279409 0.205863 0.209247 0.0267909 0.530159
0.0832156 0.184206 0.107281 0.0287159 0.596581
9.999E-05 0.401499 0.18437 0.146256 0.267776
0.101462 0.129611 0.0557831 0.0779913 0.635152
0.00731773 0.263354 0.0103918 0.158578 0.560359
9.9991E-05 0.560114 0.136653 0.133779 0.169355
9.9982E-05 0.563982 9.9982E-05 0.254084 0.181734
0.0324471 0.485878 0.168964 0.0124897 0.300221
0.842473 9.9982E-05 9.9982E-05 0.0310429 0.126284
0.85024 9.9982E-05 9.9982E-05 0.0148316 0.134729
0.800747 9.9982E-05 9.9982E-05 0.0778523 0.121201
0.756657 9.9982E-05 9.9982E-05 0.0760143 0.167129
0.0619218 0.0728506 0.191292 9.9991E-05 0.673835
0.134559 0.151219 0.187736 0.00265875 0.523828
0.0355217 0.0591958 0.222162 9.9991E-05 0.683021
0.0593854 0.688165 0.0200025 0.0596405 0.172807
0.0150715 0.0671779 0.459274 9.9991E-05 0.458377
0.0337887 0.210543 0.163267 0.115615 0.476787
0.0801536 9.9991E-05 0.0758648 0.0818095 0.762072
0.115071 0.0970649 0.102672 9.9991E-05 0.685092
0.0861442 0.0993005 0.0850622 0.0233566 0.706136
9.9982E-05 0.167897 0.540144 9.9982E-05 0.29176
0.0305521 0.0871963 0.211896 0.0717953 0.59856
0.0638844 9.9991E-05 0.264003 0.0244043 0.647608
0.14853 0.0353125 0.173855 0.134583 0.50772
9.9982E-05 0.00444159 0.511111 9.9982E-05 0.484248
0.0866818 9.9991E-05 0.161104 0.00565352 0.746461
0.108614 9.9991E-05 0.216974 0.0691736 0.605138
0.0741122 0.0779881 0.8477 9.9982E-05 9.9982E-05
9.9991E-05 0.422514 0.357781 0.00677105 0.212835
9.9991E-05 0.259794 0.597025 0.111174 0.0319068
0.0552327 0.221539 0.00312829 0.11971 0.60039
0.150269 0.0198372 0.134138 0.0608554 0.634901
0.0592312 0.126207 0.159165 0.108038 0.547359
0.106665 0.402109 0.26329 9.9991E-05 0.227835
0.0379523 0.284281 0.0350126 0.0249252 0.617829
0.0354652 0.151331 0.0799007 0.0979743 0.635329
0.128575 0.266681 0.179345 0.00957523 0.415824
0.186215 0.375731 0.2807 0.111748 0.0456063
0.0753266 0.113011 0.20173 0.125852 0.484081
0.0544006 0.320597 0.100039 0.162244 0.36272
0.072124 0.555229 0.312414 9.9991E-05 0.0601332
9.9991E-05 0.196794 0.201184 0.0482675 0.553655
0.0344452 0.0257835 0.217055 0.0980839 0.624632
0.0555975 0.0669177 0.084906 0.0611726 0.731406
0.0673406 0.265696 0.261789 0.0794047 0.325769
0.033506 0.282225 0.154279 0.00323462 0.526755
0.126775 0.137614 0.0870885 0.0695946 0.578928
0.043641 0.452045 0.304027 9.9991E-05 0.200186
9.9982E-05 0.139961 0.226763 9.9982E-05 0.633076
9.9982E-05 0.17788 0.405415 9.9982E-05 0.416506
0.102302 0.0801036 0.165083 0.0023265 0.650184
9.9982E-05 0.016312 0.768754 9.9982E-05 0.214734
9.9982E-05 0.114516 0.68897 9.9982E-05 0.196315
9.9982E-05 0.0333812 0.51768 9.9982E-05 0.448739
0.00726004 0.108205 0.25483 9.9991E-05 0.629606
0.165742 0.14686 0.0850691 0.054197 0.548132
9.9991E-05 0.108211 0.265501 0.0234308 0.602758
0.00551085 0.258479 0.426752 0.000876673 0.308381
0.0137669 0.318932 0.310459 9.9991E-05 0.356742
0.0555721 0.0551887 0.263326 0.103398 0.522514
9.9982E-05 0.114346 0.42811 9.9982E-05 0.457344
0.0340645 0.080525 0.349119 9.9991E-05 0.536191
9.9982E-05 0.0154451 0.448091 9.9982E-05 0.536264
9.9982E-05 0.0199875 0.853588 9.9982E-05 0.126225
0.0453987 0.0456021 0.201192 0.0245559 0.683252
0.815649 0.0673776 9.9991E-05 0.040977 0.0758961
0.915589 9.9973E-05 9.9973E-05 9.9973E-05 0.0841108
0.884564 9.9982E-05 9.9982E-05 0.0404709 0.0747654
0.90197 9.9982E-05 0.0129259 9.9982E-05 0.0849046
0.884758 9.9991E-05 0.0127876 0.00222272 0.100132
0.885404 0.0138213 0.00441564 0.066926 0.0294329
0.932338 9.9982E-05 9.9982E-05 0.0212521 0.0462096
0.109989 0.113955 0.163037 0.0765351 0.536484
0.0784634 0.139075 0.0992136 0.113996 0.569253
9.9982E-05 0.189355 0.583927 9.9982E-05 0.226518
0.122928 0.0600839 0.144695 0.0646925 0.607601
0.02458 0.206075 0.250634 9.9991E-05 0.518611
0.103101 0.0164985 0.222233 9.9991E-05 0.658068
0.0533549 9.9982E-05 0.313944 9.9982E-05 0.632501
9.9982E-05 9.9982E-05 0.331546 0.0788854 0.589369
0.0763209 0.339931 0.516762 9.9991E-05 0.0668861
0.117865 0.149723 0.0908329 0.0647907 0.576788
0.0887425 0.0921979 0.0812827 9.9991E-05 0.737677
0.152966 0.0206122 0.15776 0.0575485 0.611114
9.9982E-05 0.0102565 0.527299 9.9982E-05 0.462245
0.0465683 9.9982E-05 0.31681 9.9982E-05 0.636422
0.0441077 0.182123 0.201756 9.9991E-05 0.571913
9.9991E-05 0.00188732 0.437838 0.013848 0.546327
9.9982E-05 0.170395 0.273763 9.9982E-05 0.555641
0.105455 0.0450732 0.145424 0.000593674 0.703455
0.0147139 0.33419 0.313161 9.9991E-05 0.337835
0.151973 0.327767 0.0315637 0.0678426 0.420853
0.13929 0.24528 0.0177163 0.0759693 0.521745
0.11441 0.0999435 0.0584501 0.0250019 0.702195
0.00731866 0.457721 9.9991E-05 0.00474288 0.530118
0.0473701 0.215729 0.0773063 0.0541283 0.605466
0.0987394 0.312518 0.0544826 9.9991E-05 0.53416
0.123127 0.117694 0.174555 9.9991E-05 0.584525
0.060973 0.17758 0.0254163 0.0746167 0.661414
0.0599692 0.230629 0.0477817 0.0311461 0.630474
9.9982E-05 0.385229 0.0377381 9.9982E-05 0.576833
0.118365 0.0988829 0.080988 0.0272152 0.674549
0.0760011 0.234394 0.0372822 0.130154 0.522169
9.9991E-05 0.312397 0.00154181 0.112311 0.573651
0.0635917 0.152173 0.041007 0.0935249 0.649703
0.00694075 0.209558 0.091295 0.0696424 0.622564
0.109174 0.284829 0.207724 0.0242096 0.374063
0.0308723 0.190791 0.04222 0.0822633 0.653854
0.049103 0.160129 0.0858897 9.9991E-05 0.704779
9.9991E-05 0.446201 0.212666 0.0520604 0.288973
9.9991E-05 0.317743 0.439086 0.140396 0.102676
0.0705882 0.233975 0.04378 0.00665298 0.645003
9.9991E-05 0.351082 0.493692 0.0504794 0.104647
0.0200378 0.479383 0.172692 9.9991E-05 0.327787
9.9991E-05 0.365083 0.115411 0.0152893 0.504116
0.00823795 0.480229 0.108348 9.9991E-05 0.403085
9.9991E-05 0.536354 0.0646314 0.0739692 0.324945
0.0905984 0.1141 0.07951 0.0693106 0.646481
0.0641483 0.149068 0.0490551 0.0784192 0.659309
0.0662079 0.249324 0.051672 0.101706 0.53109
9.9991E-05 0.391094 0.400869 0.0498687 0.158068
0.184741 0.0319917 0.151699 0.0377731 0.593795
0.0609263 0.0492457 0.311708 0.0617422 0.516378
0.210391 0.185058 0.543676 9.9991E-05 0.0607752
0.150047 9.9991E-05 0.158017 0.012754 0.679081
0.145836 0.0322165 0.441119 0.0293175 0.351511
0.0530655 0.123534 0.195053 0.106255 0.522092
0.133451 0.159513 0.390185 0.0565488 0.260303
0.175409 0.157677 0.435134 9.9991E-05 0.23168
0.0975759 0.100167 0.309941 9.9991E-05 0.492217
0.150534 0.043281 0.236525 9.9991E-05 0.56956
0.138998 0.109109 0.199225 0.0330186 0.51965
0.0860196 0.0875893 0.616595 0.203428 0.00636729
0.0668979 0.00753314 0.224001 0.0968356 0.604732
9.9982E-05 0.0854529 0.428786 9.9982E-05 0.485561
9.9991E-05 0.183115 0.303247 0.0646815 0.448856
0.143822 9.9991E-05 0.16872 0.104966 0.582391
0.328969 0.00637036 0.230279 0.318881 0.115501
0.585286 9.9982E-05 0.278965 0.135549 9.9982E-05
0.47606 9.9982E-05 0.331228 0.192511 9.9982E-05
0.403453 0.0284704 0.0913678 0.380565 0.0961434
0.0206384 0.0331659 0.255788 0.0186337 0.671774
0.112962 0.0583175 0.113526 0.117916 0.597279
9.9973E-05 9.9973E-05 9.9973E-05 0.707573 0.292127
0.0205933 0.145965 9.9991E-05 0.459598 0.373745
0.0775888 0.0995247 0.0673291 0.407815 0.347742
0.0221332 9.9991E-05 0.556444 0.0783858 0.342937
0.0139854 0.0587761 0.27773 0.189202 0.460306
0.0545209 0.0155289 0.645834 0.00888771 0.275229
0.0285394 0.0252444 0.261999 0.0495025 0.634715
0.0395603 0.0658431 0.35636 9.9991E-05 0.538136
0.0281226 0.0212516 0.277757 0.109373 0.563496
9.9991E-05 0.0667334 0.670496 0.0343549 0.228315
0.03594 0.00647315 0.215025 0.138588 0.603974
0.0402666 9.9991E-05 0.284135 0.14545 0.530048
0.00117639 9.9982E-05 9.9982E-05 0.954707 0.0439165
9.9973E-05 9.9973E-05 9.9973E-05 0.867896 0.131804
0.0184577 0.111905 0.0153254 0.619773 0.234538
0.00463975 9.9982E-05 9.9982E-05 0.682206 0.312954
0.0177522 0.0371439 9.9991E-05 0.793396 0.151608
9.9973E-05 0.0066861 9.9973E-05 0.993014 9.9973E-05
9.9973E-05 0.0362437 9.9973E-05 0.963456 9.9973E-05
9.9973E-05 9.9973E-05 9.9973E-05 0.844411 0.155289
9.997E-05 9.997E-05 9.997E-05 0.9996 9.997E-05
9.997E-05 9.997E-05 9.997E-05 0.9996 9.997E-05
9.997E-05 9.997E-05 9.997E-05 0.9996 9.997E-05
0.0164274 0.0395609 9.9991E-05 0.771836 0.172075
0.0230152 0.00493981 9.9991E-05 0.832292 0.139653
9.9973E-05 0.0117199 9.9973E-05 0.98798 9.9973E-05
0.0508314 9.9991E-05 0.16134 0.348689 0.43904
0.0690249 0.0522833 9.9991E-05 0.625845 0.252747
0.0436921 0.00490826 9.9991E-05 0.756649 0.19465
0.00794538 0.00980505 9.9991E-05 0.86309 0.119059
9.9973E-05 9.9973E-05 9.9973E-05 0.978027 0.0216733
9.9973E-05 0.0425341 9.9973E-05 0.957166 9.9973E-05
9.997E-05 9.997E-05 9.997E-05 0.9996 9.997E-05
0.169278 0.00694809 9.9991E-05 0.552813 0.27086
9.9982E-05 0.0705849 0.029952 0.899263 9.9982E-05
0.382353 9.9982E-05 0.555606 0.0618409 9.9982E-05
0.143704 0.140738 0.160612 0.156343 0.398603
0.301954 0.0237103 0.192015 0.0911763 0.391145
0.259186 9.9991E-05 0.447449 0.169055 0.124209
0.158838 9.9991E-05 0.269616 0.167454 0.403992
0.315645 9.9991E-05 0.439658 0.146829 0.0977688
0.232224 0.088896 0.119956 0.0466446 0.51228
0.197406 9.9991E-05 0.256054 0.211727 0.334713
0.179518 9.9991E-05 0.174036 0.204495 0.441851
0.197308 9.9991E-05 0.279678 0.253877 0.269037
0.185028 0.000853348 0.256026 0.0676967 0.490395
0.831544 0.0703916 0.0692658 9.9991E-05 0.0286987
0.918756 9.9982E-05 0.054353 0.0266906 9.9982E-05
0.970746 0.0289543 9.9973E-05 9.9973E-05 9.9973E-05
0.967796 0.0235312 9.9982E-05 9.9982E-05 0.00847239
0.921796 0.0477237 9.9982E-05 0.0302804 9.9982E-05
0.890698 9.9982E-05 0.0248296 0.0842726 9.9982E-05
0.864264 0.0395728 9.9991E-05 0.0736023 0.0224605
0.913004 9.9973E-05 0.0866965 9.9973E-05 9.9973E-05
0.934491 0.00212337 9.9982E-05 9.9982E-05 0.0631859
0.863172 0.0449606 9.9982E-05 0.0916671 9.9982E-05
0.608665 0.269432 0.121704 9.9982E-05 9.9982E-05
0.568974 0.427419 0.00241754 0.00108883 9.9991E-05
0.549601 0.32726 0.122939 9.9982E-05 9.9982E-05
0.510311 0.390601 0.0988878 9.9982E-05 9.9982E-05
0.0453735 0.228732 0.184095 0.0254075 0.516392
9.9991E-05 0.169862 0.163263 0.0210913 0.645684
9.9991E-05 0.185947 0.193009 0.0835824 0.537362
0.0526101 0.273941 0.204704 0.0131452 0.455599
9.9991E-05 0.655834 0.103434 0.0152095 0.225422
0.0363487 0.0126181 0.199666 0.0275995 0.723768
9.9991E-05 0.129495 0.215939 0.00434444 0.650122
9.9982E-05 0.0512349 0.326557 9.9982E-05 0.622008
9.9991E-05 0.0387485 0.438981 0.0355414 0.486629
0.0516895 0.0886787 0.153636 0.0534721 0.652524
9.9982E-05 0.187456 0.243711 9.9982E-05 0.568632
9.9982E-05 0.132875 0.787151 9.9982E-05 0.0797739
0.131689 0.110494 0.0998099 9.9991E-05 0.657907
9.9982E-05 0.0233918 0.619121 9.9982E-05 0.357287
9.9982E-05 0.0303472 0.373584 9.9982E-05 0.595869
0.0243624 0.258464 0.465106 9.9991E-05 0.251967
0.129987 0.787908 0.0819049 9.9982E-05 9.9982E-05
0.132488 0.740456 0.115419 9.9991E-05 0.0115367
0.0472666 0.806311 0.146223 9.9982E-05 9.9982E-05
0.11746 0.820616 0.0617247 9.9982E-05 9.9982E-05
0.00640166 0.834799 0.0325622 0.00600456 0.120233
0.0573545 0.753809 0.0678215 0.053241 0.0677739
0.865594 9.9991E-05 0.0231259 0.0184507 0.0927295
0.77436 0.105268 9.9991E-05 0.0848354 0.0354369
0.772753 9.9982E-05 9.9982E-05 0.125783 0.101264
0.738986 0.0640797 9.9991E-05 0.126767 0.0700682
0.797298 0.0379778 9.9991E-05 0.0995938 0.0650299
0.374093 0.538095 0.0876119 9.9982E-05 9.9982E-05
0.458166 0.409775 0.131858 9.9982E-05 9.9982E-05
0.406979 0.458136 0.134685 9.9982E-05 9.9982E-05
0.833357 0.0142287 9.9991E-05 0.0193721 0.132943
0.405357 0.472565 0.121879 9.9982E-05 9.9982E-05
0.214899 9.9991E-05 0.156692 0.460341 0.167968
0.136246 0.0207451 9.9991E-05 0.228495 0.614415
0.182276 9.9982E-05 9.9982E-05 0.342776 0.474748
0.253827 0.133675 0.0927528 0.220986 0.298759
0.0905107 0.0953921 0.0923997 0.269342 0.452356
0.459735 9.9982E-05 0.206413 0.333652 9.9982E-05
0.0108067 0.341791 0.166167 9.9991E-05 0.481136
9.9991E-05 0.210427 0.346852 0.0361977 0.406423
0.0475239 0.607269 0.00505048 0.0576633 0.282493
9.9991E-05 0.189905 0.287926 0.0416446 0.480424
9.9973E-05 0.170308 0.829392 9.9973E-05 9.9973E-05
0.069977 0.0721048 0.155283 0.0889114 0.613724
0.0286659 0.229595 0.194872 9.9991E-05 0.546767
0.0414811 0.478014 0.122181 9.9991E-05 0.358223
0.0926511 0.168835 0.147832 0.0396647 0.551017
9.9991E-05 0.271294 0.542808 0.0110378 0.17476
0.0312818 0.108806 0.288143 0.0722978 0.499471
0.0344213 0.255607 0.0913654 0.0466178 0.571988
0.154699 0.0971132 0.187913 0.172203 0.388072
9.9982E-05 0.224265 0.25408 9.9982E-05 0.521455
0.0130952 0.259586 0.172086 0.10161 0.453622
9.9991E-05 0.114216 0.230919 0.150528 0.504236
0.0779234 0.145992 0.180038 9.9991E-05 0.595946
9.9991E-05 0.133473 0.135365 0.147261 0.583801
0.0823063 0.181015 0.0411998 0.153372 0.542107
0.0440145 0.196852 0.0763814 0.113995 0.568756
0.76851 9.9982E-05 9.9982E-05 0.104273 0.127017
0.863918 9.9991E-05 0.0131093 0.00778716 0.115086
0.759089 0.0975983 0.0637566 0.0380469 0.0415096
0.847924 0.0339345 0.0406942 0.0439632 0.0334845
0.857567 9.9982E-05 9.9982E-05 0.0284272 0.113806
9.9991E-05 0.638123 0.115861 0.101461 0.144456
0.0158546 0.201904 0.171328 0.171566 0.439348
0.238224 9.9991E-05 0.127596 0.188669 0.445411
0.0554553 0.178922 0.0286707 0.0529654 0.683987
0.0417239 0.276629 0.143529 0.0444845 0.493633
9.9991E-05 0.347566 0.280579 0.123733 0.248022
0.111279 0.644655 0.172101 9.9991E-05 0.0718646
9.9991E-05 0.367855 0.0432475 0.0738863 0.514911
0.0306253 0.552598 0.185088 0.12342 0.108268
0.0673725 0.225016 0.228752 0.118378 0.360482
0.12002 0.565022 0.145228 0.0041271 0.165602
0.0548607 0.199519 0.0686281 0.161017 0.515975
0.0555859 0.615939 0.0904462 0.010586 0.227443
0.00660263 0.323651 0.222518 0.145784 0.301444
0.139337 0.138661 0.151737 0.0424718 0.527793
0.110097 0.144451 0.419725 0.0177769 0.30795
0.0851734 0.0827375 0.181123 0.0431082 0.607858
0.180924 0.00769368 0.174206 0.0236989 0.613478
0.0571611 0.0467985 0.468589 9.9991E-05 0.427351
0.217641 0.0335442 0.166007 0.041205 0.541603
0.138268 9.9982E-05 0.278783 9.9982E-05 0.582749
9.9982E-05 0.0745226 0.76063 9.9982E-05 0.164647
0.0415585 9.9991E-05 0.636902 0.0188396 0.3026
0.0655187 0.046874 0.351992 9.9991E-05 0.535515
0.0280935 0.178638 0.576642 9.9991E-05 0.216527
0.0347656 0.140559 0.296799 9.9991E-05 0.527776
9.9991E-05 0.63309 0.174732 0.0670934 0.124985
9.9991E-05 0.354675 0.372828 0.0368653 0.235532
0.0394885 0.374995 0.0787745 0.120358 0.386385
0.0419194 0.248126 9.9991E-05 0.0822732 0.627582
9.9991E-05 0.537581 0.136049 0.0134235 0.312846
0.123949 0.113393 0.153951 0.106161 0.502546
0.0684188 0.198676 9.9991E-05 0.114691 0.618114
9.9991E-05 0.296903 0.0793855 0.137075 0.486536
0.0299876 0.239865 0.0939656 0.152481 0.483701
0.00730778 0.422569 0.0613585 0.0646111 0.444153
9.9991E-05 0.580679 0.0707931 0.0569406 0.291488
9.9991E-05 0.424748 0.15476 0.108633 0.311759
9.9991E-05 0.263455 0.0761629 0.0654358 0.594846
0.0881271 0.107965 0.108622 0.0367504 0.658536
0.0797694 0.222625 0.196596 0.0783657 0.422644
0.0101014 0.213017 0.132415 0.137316 0.50715
0.131904 0.411943 9.9991E-05 0.0165279 0.439525
9.9982E-05 0.285281 9.9982E-05 0.0540375 0.660481
0.043413 0.244698 0.0137217 0.0837669 0.6144
0.0237078 0.124623 0.211018 0.177673 0.462978
0.386382 0.00114576 0.0818692 0.09732 0.433283
0.152059 9.9991E-05 0.0674928 0.190891 0.589457
0.152163 0.0765332 0.0996906 0.17103 0.500583
0.100042 0.0729403 0.0827007 0.126562 0.617755
0.17853 9.9991E-05 0.139364 0.28989 0.392117
9.9991E-05 0.13696 0.313911 0.0267537 0.522276
0.188713 0.121316 0.149891 0.141417 0.398662
0.27586 9.9982E-05 0.538482 0.185458 9.9982E-05
0.0589627 0.133238 0.0837082 0.253929 0.470162
0.209413 9.9991E-05 0.0658127 0.150745 0.57393
0.0345674 0.116402 0.109883 0.289103 0.450045
0.216001 0.0411774 0.239828 0.159332 0.343661
0.191134 0.0359454 0.0366781 0.226981 0.509262
0.0848151 0.0724765 0.115094 0.210664 0.51695
0.514281 9.9982E-05 0.295441 0.190078 9.9982E-05
0.196775 9.9991E-05 0.0266007 0.301057 0.475468
0.164789 9.9991E-05 0.131672 0.203709 0.49973
0.140994 0.0236511 0.114484 0.123433 0.597438
0.186262 9.9991E-05 0.0271777 0.163132 0.623328
0.238804 9.9991E-05 0.0785241 0.159785 0.522787
0.0534737 9.9991E-05 0.375239 0.119595 0.451592
0.0407419 0.0842868 0.182613 0.13677 0.555589
9.9991E-05 0.0534994 0.838759 0.0093043 0.0983378
9.9982E-05 0.0909425 0.836583 9.9982E-05 0.0722742
0.104215 0.00309919 0.300568 0.0965543 0.495564
0.0831785 9.9991E-05 0.158139 0.347614 0.410969
0.134474 9.9991E-05 0.223868 0.393968 0.24759
0.189185 0.0437803 0.251013 0.355653 0.160368
0.141851 9.9991E-05 0.119567 0.330009 0.408473
0.0874789 9.9991E-05 0.735719 0.15102 0.0256821
0.0954496 9.9991E-05 0.57413 0.172921 0.1574
0.0535002 9.9991E-05 0.281169 0.161709 0.503522
0.0539334 0.0553981 0.265241 0.126293 0.499134
0.0713812 9.9991E-05 0.598623 0.147153 0.182743
0.0683569 0.0617313 0.204225 0.130238 0.535449
9.9991E-05 0.0284533 0.269546 0.136557 0.565344
0.106745 0.138553 0.112223 0.180641 0.461839
0.0583351 0.0951958 0.475897 9.9991E-05 0.370472
9.9991E-05 0.0845332 0.477972 0.0813011 0.356094
0.0402902 9.9991E-05 0.373954 0.110457 0.475199
0.0697736 0.169756 0.271731 0.0158251 0.472915
0.10754 0.0559125 0.182359 0.21524 0.438949
0.0142982 0.0610971 0.410302 0.00873422 0.505569
9.9982E-05 0.0416528 0.623809 9.9982E-05 0.334338
0.0255751 0.0222096 0.238039 0.0531811 0.660996
9.99856E-05 0.0228177 0.682803 9.99856E-05 0.29418
0.0252627 0.0419003 0.379135 0.0102387 0.543463
0.135183 9.9991E-05 0.176306 0.00649415 0.681916
0.0283493 9.9991E-05 0.402606 0.0189976 0.549947
0.17745 0.0417286 0.0818226 0.183023 0.515977
0.147867 0.0507526 0.17247 0.19517 0.43374
0.212107 0.00330608 0.165923 0.262188 0.356476
0.106282 0.145315 0.129643 0.313766 0.304995
0.124127 0.192823 0.12146 0.183403 0.378186
0.114309 0.113619 0.103184 0.145208 0.52368
0.234817 9.9982E-05 0.578693 0.18629 9.9982E-05
0.124126 9.9982E-05 9.9982E-05 0.129587 0.746087
0.386835 9.9982E-05 0.429628 0.183336 9.9982E-05
0.0713478 9.9991E-05 0.176218 0.203692 0.548642
9.9973E-05 9.9973E-05 0.804318 9.9973E-05 0.195382
0.00650806 0.0501178 0.936171 0.0071032 9.9991E-05
0.000733512 9.9991E-05 0.382631 0.00997723 0.606558
9.9982E-05 9.9982E-05 0.254354 0.0253504 0.720096
0.00215629 0.0540078 0.469053 9.9991E-05 0.474683
0.0158084 0.0491481 0.308224 0.0191615 0.607658
9.9982E-05 9.9982E-05 0.351906 0.0816043 0.566289
0.813775 0.0337572 0.0195275 0.0599053 0.0730349
0.707843 0.146349 0.0181382 0.12757 9.9991E-05
0.883768 0.0230954 9.9991E-05 0.0532756 0.0397606
0.944845 9.9973E-05 9.9973E-05 9.9973E-05 0.0548553
0.121082 0.0566701 0.25428 0.0046475 0.56332
0.100759 0.088268 0.188043 0.016435 0.606495
0.014558 0.136076 0.216597 9.9991E-05 0.632669
0.159286 0.0787459 0.183627 9.9991E-05 0.578242
0.0295109 0.0939449 0.217068 0.0655552 0.593921
0.00417003 0.165561 0.42987 0.0105816 0.389818
9.9982E-05 9.9982E-05 0.250365 0.0266306 0.722805
9.9973E-05 9.9973E-05 0.47585 9.9973E-05 0.52385
0.290687 0.0354932 9.9991E-05 0.179719 0.494
9.9991E-05 0.0230049 0.383015 0.0497115 0.544169
9.9982E-05 0.189522 0.31486 9.9982E-05 0.495418
9.9991E-05 0.035406 0.305318 0.00477676 0.654399
9.9982E-05 0.157587 0.300591 9.9982E-05 0.541621
9.9973E-05 9.9973E-05 0.299489 9.9973E-05 0.700212
0.055699 0.0115157 0.219358 0.0280148 0.685412
9.9973E-05 9.9973E-05 0.690074 9.9973E-05 0.309626
9.9982E-05 0.155257 0.494322 9.9982E-05 0.35022
9.9982E-05 0.143729 0.422375 9.9982E-05 0.433696
9.9973E-05 9.9973E-05 0.947013 9.9973E-05 0.0526868
0.0613314 0.163989 0.239203 9.9991E-05 0.535376
9.9982E-05 0.0666489 0.679959 9.9982E-05 0.253193
9.9982E-05 0.059496 0.907778 9.9982E-05 0.0325257
0.0781196 9.9982E-05 0.21908 9.9982E-05 0.7026
0.0281615 0.196067 0.463917 9.9991E-05 0.311754
0.0366552 0.133478 0.299684 0.0146102 0.515573
0.112119 0.0267414 0.163835 0.0888087 0.608496
0.0057694 0.142365 0.216745 9.9991E-05 0.63502
9.9991E-05 0.301783 0.265888 0.0620713 0.370158
0.0450913 0.19385 0.123301 0.000872348 0.636886
0.0225495 0.197748 0.162797 9.9991E-05 0.616805
9.9982E-05 0.0312934 0.518306 9.9982E-05 0.450201
0.0228436 0.0893561 0.164508 0.087278 0.636014
0.646196 0.283932 0.0696726 9.9982E-05 9.9982E-05
0.746983 0.134665 0.0717312 0.00564824 0.0409724
0.834045 0.109925 0.0558305 9.9982E-05 9.9982E-05
0.810598 0.157503 0.0316989 9.9982E-05 9.9982E-05
0.723783 0.260688 9.9982E-05 9.9982E-05 0.0153283
9.9982E-05 0.252271 0.43145 9.9982E-05 0.316079
0.0199159 0.174115 0.48495 9.9991E-05 0.320919
9.9973E-05 9.9973E-05 0.665421 9.9973E-05 0.334279
0.190355 0.0354549 0.160098 0.0601399 0.553952
0.158886 0.0689736 0.187451 0.0668422 0.517847
0.0476317 0.00975375 0.497582 9.9991E-05 0.444932
0.0436845 0.00423186 0.243256 0.0430498 0.665778
0.0539274 9.9991E-05 0.391832 0.0622837 0.491857
0.0613521 0.0814772 0.211502 9.9991E-05 0.645569
0.0584529 0.152533 0.126229 9.9991E-05 0.662686
9.9991E-05 0.174941 0.452269 0.016103 0.356587
9.9982E-05 0.158462 0.325115 9.9982E-05 0.516223
9.9982E-05 0.232481 0.281221 9.9982E-05 0.486098
0.152618 9.9982E-05 0.205421 9.9982E-05 0.641761
0.0161162 0.0991539 0.332633 9.9991E-05 0.551997
0.03242 0.0818089 0.233173 0.0151122 0.637486
0.0837677 0.0485843 0.0312548 0.451139 0.385255
0.132576 9.9991E-05 0.0166562 0.486111 0.364557
0.0918 9.9991E-05 0.0340783 0.434575 0.439446
0.168816 0.00571961 9.9991E-05 0.504876 0.320488
0.15448 0.0579454 0.0478686 0.284959 0.454747
0.0581487 9.9991E-05 0.324412 0.073567 0.543772
0.296264 9.9991E-05 0.021771 0.649571 0.0322946
0.143175 0.00845741 0.0537517 0.521758 0.272859
0.188125 0.0723369 0.163131 0.0991042 0.477302
0.199826 0.025271 0.151843 0.0353966 0.587664
0.161295 0.113261 0.228075 0.0653761 0.431993
0.134667 0.0893787 0.0974129 0.0682021 0.61034
0.12108 0.0423999 0.185784 9.9991E-05 0.650636
0.225261 9.9982E-05 9.9982E-05 0.427063 0.347475
0.153758 0.094447 0.0116619 0.327615 0.412517
0.118584 9.9982E-05 9.9982E-05 0.471536 0.40968
0.150013 0.0821092 9.9991E-05 0.319872 0.447906
0.0665899 9.9991E-05 0.0327028 0.592912 0.307696
0.158856 9.9991E-05 0.112986 0.302693 0.425365
0.172172 9.9991E-05 0.0441224 0.540279 0.243327
0.0485109 0.115373 0.0612403 0.557326 0.21755
0.106233 9.9991E-05 0.294177 0.0375145 0.561976
0.125239 0.0319872 0.0699292 0.353645 0.419199
0.212788 9.9982E-05 9.9982E-05 0.58101 0.206002
0.0897719 0.0514277 0.0972615 0.391835 0.369704
0.159469 0.30101 0.305535 9.9991E-05 0.233886
0.0959633 0.0930957 0.142254 0.103332 0.565355
0.172558 0.0169793 0.017841 0.345371 0.44725
0.165187 0.102919 0.0870788 0.0131558 0.631659
0.213019 0.0966167 0.11482 0.00738623 0.568158
0.185536 0.0347166 0.11848 0.276922 0.384346
0.233915 9.9991E-05 0.140314 0.330451 0.29522
0.125654 0.106924 0.106929 0.171551 0.488943
0.116687 0.0203073 0.109343 0.424375 0.329288
0.151931 9.9991E-05 0.0305371 0.435337 0.382096
0.196712 9.9991E-05 0.0457988 0.649758 0.107632
0.0829704 0.00620806 0.135863 0.117402 0.657556
0.123888 0.14934 0.19251 9.9991E-05 0.534162
0.20799 0.00342286 0.546207 0.0567444 0.185636
0.0649703 0.138492 0.0926773 0.192268 0.511592
0.0904061 0.308146 0.107732 0.0996888 0.394028
0.162988 0.0381177 0.0988905 0.199071 0.500933
0.0405763 0.209769 0.229056 0.149506 0.371093
0.34725 9.9982E-05 0.410336 0.242214 9.9982E-05
0.409764 9.9982E-05 0.470949 0.119087 9.9982E-05
0.182244 0.0875085 0.331488 0.172291 0.226469
0.403497 9.9982E-05 0.367662 0.228641 9.9982E-05
0.471081 9.9982E-05 0.283713 0.245006 9.9982E-05
0.147726 0.0497479 0.315703 0.214881 0.271941
0.268246 9.9991E-05 0.2209 0.199021 0.311733
0.28082 0.0279558 0.282753 0.200128 0.208343
0.342229 9.9991E-05 0.384081 0.221771 0.0518188
0.162965 9.9991E-05 0.212065 0.157498 0.467372
0.262085 9.9991E-05 0.40696 0.177898 0.152958
0.507781 9.9982E-05 0.408141 0.0838782 9.9982E-05
0.13695 0.165111 0.0448663 0.183848 0.469224
0.149652 0.114038 0.177389 0.366391 0.192529
0.315257 0.0246009 0.0456035 0.103254 0.511284
0.179408 9.9982E-05 9.9982E-05 0.211813 0.608579
0.186141 9.9991E-05 0.0741432 0.228853 0.510763
0.160983 0.0369458 0.0475042 0.23592 0.518647
0.398758 0.0149848 9.9991E-05 0.223394 0.362763
0.218196 0.0712935 9.9991E-05 0.181118 0.529292
0.247525 0.00525364 9.9991E-05 0.279699 0.467422
0.295654 0.0862622 0.0976446 0.178923 0.341517
0.134518 0.177671 0.171072 0.161788 0.354951
0.200628 0.0373791 0.0758242 0.111295 0.574874
0.184354 0.0471649 0.0127434 0.157864 0.597874
0.145223 0.0359288 0.0467446 0.0942358 0.677868
0.335684 0.0167901 9.9991E-05 0.261682 0.385744
0.253703 9.9991E-05 0.0142223 0.169839 0.562135
0.432161 9.9991E-05 0.228775 0.186211 0.152753
0.111369 0.0804315 9.9991E-05 0.308898 0.499201
0.336736 9.9991E-05 0.0892112 0.289995 0.283958
0.802004 0.120659 0.073184 9.9991E-05 0.00405311
0.157759 0.722863 0.00340415 9.9991E-05 0.115874
9.997E-05 0.9996 9.997E-05 9.997E-05 9.997E-05
9.997E-05 0.9996 9.997E-05 9.997E-05 9.997E-05
9.997E-05 0.9996 9.997E-05 9.997E-05 9.997E-05
0.0361686 0.938605 9.9991E-05 0.0243664 0.00076
9.9973E-05 0.920001 9.9973E-05 9.9973E-05 0.0796994
0.00982836 0.982862 0.00710927 9.9982E-05 9.9982E-05
0.180515 0.819185 9.9973E-05 9.9973E-05 9.9973E-05
0.909871 0.0410033 9.9982E-05 9.9982E-05 0.0489259
0.80862 0.135296 9.9982E-05 9.9982E-05 0.0558843
0.869071 9.9991E-05 0.0353593 0.0800304 0.0154393
0.825448 0.12366 0.0173499 9.9991E-05 0.0334426
0.885267 9.9982E-05 9.9982E-05 0.0257497 0.0887833
0.908705 0.0443001 0.0341493 9.9991E-05 0.0127454
0.774917 0.0714885 9.9991E-05 0.113938 0.039556
0.850378 9.9982E-05 0.0605498 0.0888727 9.9982E-05
0.729651 0.125414 0.0314871 0.0816028 0.031845
0.928252 9.9982E-05 0.000684615 0.0708635 9.9982E-05
0.951328 0.0369015 9.9982E-05 9.9982E-05 0.0115709
0.805333 0.112687 0.0164002 0.058154 0.00742599
0.925937 0.0737633 9.9973E-05 9.9973E-05 9.9973E-05
0.908967 0.0325282 9.9991E-05 0.0276119 0.0307928
0.874818 9.9982E-05 9.9982E-05 0.0288041 0.0961781
0.88158 9.9982E-05 9.9982E-05 0.0342998 0.0839207
0.795204 9.9982E-05 9.9982E-05 0.119123 0.085473
0.78559 9.9982E-05 9.9982E-05 0.0359572 0.178252
0.819972 9.9982E-05 9.9982E-05 0.0320969 0.147731
0.190224 0.129837 0.254651 0.00317861 0.42211
0.0930432 0.0492613 0.147579 9.9991E-05 0.710016
0.154338 0.0523822 0.108344 0.0837847 0.601151
0.121042 9.9991E-05 0.672807 0.0104446 0.195606
0.156847 0.107411 0.158834 9.9991E-05 0.576807
0.251941 9.9982E-05 0.604618 9.9982E-05 0.143241
0.147114 9.9991E-05 0.183894 0.00627528 0.662617
0.114784 0.141101 0.275417 9.9991E-05 0.468598
0.124495 0.0847715 0.16146 9.9991E-05 0.629173
0.0490568 0.113835 0.166165 9.9991E-05 0.670843
0.178409 0.0955227 0.196955 9.9991E-05 0.529013
0.0657452 0.144239 0.0739489 9.9991E-05 0.715967
0.113375 0.0914531 0.139432 9.9991E-05 0.65564
9.9991E-05 0.495771 0.378929 0.0332446 0.0919552
0.105346 0.0650537 0.79124 9.9991E-05 0.038261
0.166011 0.0102762 0.596536 9.9991E-05 0.227077
0.0464906 0.135713 0.0934037 0.0896939 0.634699
0.191903 0.0284103 0.21245 0.0392472 0.527989
0.158545 9.9982E-05 0.266775 9.9982E-05 0.57448
0.146934 9.9991E-05 0.109899 0.0208556 0.722212
0.26899 0.00589823 0.00965043 0.205434 0.510028
0.178892 0.0653197 9.9991E-05 0.158777 0.596911
0.433134 0.155565 0.119564 0.147536 0.144201
0.15379 0.145236 0.034373 0.0695513 0.59705
0.211647 0.0804456 0.136085 0.141023 0.4308
0.450905 9.9982E-05 0.363584 0.185311 9.9982E-05
0.251659 9.9991E-05 0.202014 0.244645 0.301582
0.365377 0.0473865 0.0832221 0.159461 0.344553
0.3133 0.103965 0.0379838 0.103904 0.440848
0.0836106 0.208924 0.0154896 0.233729 0.458247
0.226413 0.0657552 0.00348034 0.187253 0.517099
0.143157 9.9991E-05 0.0806852 0.240836 0.535222
0.179578 9.9991E-05 0.208632 0.17976 0.43193
0.471667 9.9991E-05 0.0513642 0.171612 0.305257
