0.0257705 0.0852612 9.9982E-05 9.9982E-05 0.888768
9.9991E-05 0.0232509 0.0355401 0.00295265 0.938156
0.0348046 0.0063007 9.9991E-05 0.107999 0.850795
0.109571 0.137416 9.9982E-05 9.9982E-05 0.752813
0.0515736 9.9982E-05 9.9982E-05 0.0748392 0.873387
0.0543572 0.0365889 0.178046 0.0992717 0.631736
9.9982E-05 0.0768147 0.0735724 9.9982E-05 0.849413
0.0603966 0.103162 0.115634 0.00305052 0.717757
9.9982E-05 0.0629469 0.106011 9.9982E-05 0.830842
0.0672045 0.0376082 0.0563603 0.103884 0.734943
9.9991E-05 0.106094 0.0428986 0.104569 0.746338
0.0576023 0.437321 0.181286 0.32369 9.9991E-05
0.120011 0.280874 0.0124017 0.560529 0.0261844
0.122244 0.400147 0.216808 0.230968 0.0298334
0.206235 0.370434 0.0608774 0.33155 0.0309039
0.112079 0.249116 0.0525338 0.456784 0.129487
0.140759 0.0814805 0.111134 0.605324 0.0613022
0.142753 0.287261 0.100511 0.469376 9.9991E-05
0.0531828 0.33512 0.0368876 0.397323 0.177486
0.0737714 0.665588 0.184532 0.0578285 0.0182798
0.110631 0.247074 0.217303 0.424892 9.9991E-05
0.0632941 0.0757042 0.262608 0.496022 0.102372
9.999E-05 0.144255 0.153043 0.604237 0.0983649
0.146347 0.346352 0.257812 0.235314 0.0141755
0.123422 0.119522 0.0712651 0.593606 0.092184
0.105213 0.208388 0.0887085 0.582929 0.0147625
0.0962727 0.494507 0.130586 0.252951 0.0256826
0.217315 0.485255 0.0380386 0.244659 0.0147321
0.0197634 0.484082 0.175215 0.312548 0.0083914
0.0505217 9.9982E-05 9.9982E-05 0.112899 0.836379
0.00460283 9.9982E-05 9.9982E-05 0.144206 0.850992
0.0296286 9.9982E-05 9.9982E-05 0.17208 0.798092
0.0484378 9.9991E-05 0.00856352 0.155085 0.787814
0.0144246 0.0730526 0.226983 0.677502 0.00803758
0.00143609 0.111371 0.17168 0.66067 0.0548434
9.9982E-05 0.020294 0.19848 0.781026 9.9982E-05
9.9991E-05 0.584531 0.0778181 0.236488 0.101062
9.9991E-05 0.0430973 0.439818 0.488066 0.0289192
0.0247084 0.114589 0.135837 0.625531 0.0993356
0.00635548 9.9991E-05 0.135701 0.832546 0.0252976
0.0344661 0.0747961 0.129484 0.605725 0.155529
0.0101988 0.0792911 0.115984 0.644205 0.150321
9.9991E-05 0.24419 0.389979 0.344503 0.0212286
0.104412 0.00444533 0.262965 0.59915 0.029027
0.111965 0.0435272 0.198515 0.618763 0.0272294
0.0640719 9.9991E-05 0.160037 0.634081 0.141711
9.9982E-05 0.0150703 0.456739 0.527991 9.9982E-05
0.0463002 0.0150749 0.128489 0.738657 0.0714785
0.0346827 0.104771 0.0601266 0.665628 0.134792
9.9991E-05 0.0684436 0.842244 0.014855 0.074358
9.9982E-05 0.515501 0.26668 0.217618 9.9982E-05
0.0575563 0.232383 0.555337 0.121781 0.0329428
0.144123 0.15223 0.0894813 0.572387 0.0417782
0.0809241 0.0781847 0.108002 0.619986 0.112903
0.178444 0.134188 0.12309 0.531363 0.0329134
9.9991E-05 0.32692 0.307749 0.264887 0.100344
0.0557517 0.197251 0.111765 0.62633 0.00890213
0.0580922 0.0734599 0.125257 0.540697 0.202493
0.0266071 0.316877 0.169872 0.392501 0.094144
0.0721319 0.352615 0.324375 0.0811626 0.169715
9.9991E-05 0.119703 0.123617 0.626075 0.130506
0.106789 0.383924 0.072505 0.390253 0.0465278
9.9991E-05 0.537371 0.2954 0.103687 0.0634426
0.0758485 0.296794 0.120033 0.501247 0.00607797
0.104555 0.0126795 0.208819 0.631936 0.0420111
0.11899 0.0679081 0.117717 0.576853 0.118532
0.125178 0.287496 0.301436 0.269886 0.0160035
0.113193 0.215362 0.156425 0.51492 9.9991E-05
0.05655 0.165899 0.0654892 0.610296 0.101766
9.9991E-05 0.445738 0.270165 0.268019 0.0159775
9.9982E-05 0.17447 0.133409 0.691921 9.9982E-05
9.9982E-05 0.193798 0.380686 0.425316 9.9982E-05
0.0214146 0.18641 0.145712 0.637168 0.00929616
9.9982E-05 0.0471908 0.738845 0.213764 9.9982E-05
9.9982E-05 0.0460234 0.736155 0.217622 9.9982E-05
9.9982E-05 0.0612282 0.465702 0.47287 9.9982E-05
9.9991E-05 0.0833507 0.222444 0.630642 0.0634635
0.148027 0.138471 0.0369781 0.550811 0.125713
9.9991E-05 0.0781242 0.251547 0.669305 0.000923497
9.9982E-05 0.256947 0.345737 0.397117 9.9982E-05
9.9991E-05 0.266626 0.257098 0.444368 0.0318083
0.122615 0.152084 0.117093 0.501294 0.106914
9.9991E-05 0.064831 0.357192 0.570259 0.00761824
9.9991E-05 0.0860476 0.312865 0.553003 0.0479838
9.9973E-05 9.9973E-05 0.44514 0.55456 9.9973E-05
9.9982E-05 0.117357 0.755983 0.12646 9.9982E-05
0.110708 0.0584951 0.224433 0.606264 9.9991E-05
0.0291195 0.0614862 9.9991E-05 0.107819 0.801475
9.9973E-05 9.9973E-05 9.9973E-05 0.0991069 0.900593
0.0527183 9.9982E-05 9.9982E-05 0.105483 0.841599
0.0282012 9.9982E-05 9.9982E-05 0.0293019 0.942297
9.9973E-05 9.9973E-05 9.9973E-05 0.0972817 0.902418
0.0352502 9.9991E-05 0.0352961 0.034178 0.895176
9.9973E-05 9.9973E-05 9.9973E-05 0.05621 0.94349
0.0580021 0.165748 0.149348 0.527612 0.0992899
0.0605286 9.9991E-05 0.189701 0.583052 0.166618
9.9982E-05 0.180909 0.602707 0.216184 9.9982E-05
0.0552622 9.9991E-05 0.173337 0.662904 0.108397
0.00049892 0.118076 0.199384 0.637154 0.044888
0.0749305 9.9991E-05 0.183246 0.694157 0.0475659
9.9991E-05 0.0299156 0.174518 0.690404 0.105063
0.0993461 0.0566968 0.24523 0.598628 9.9991E-05
9.9991E-05 0.373665 0.482155 0.128887 0.0151938
0.0746712 0.168274 0.0797011 0.582286 0.0950681
0.0214438 9.9991E-05 0.115326 0.744659 0.118471
0.114584 0.130296 0.0826036 0.541979 0.130537
0.00440683 0.0156761 0.517289 0.461773 0.000855599
0.0103604 9.9991E-05 0.277002 0.671683 0.0408548
9.9991E-05 0.127219 0.156601 0.694006 0.0220738
0.0526607 0.0217428 0.449013 0.476484 9.9991E-05
9.9982E-05 0.0993759 0.289166 0.611258 9.9982E-05
0.0208624 0.0626532 0.0966481 0.661433 0.158403
0.0734615 0.295463 0.283775 0.290461 0.0568391
0.0749418 0.342256 9.9991E-05 0.432361 0.150341
0.110059 0.0476479 0.119971 0.605133 0.117189
0.0461296 0.0712913 0.165583 0.668432 0.0485637
9.9991E-05 0.398739 0.0105555 0.565322 0.0252834
0.0673657 0.375857 0.0152707 0.541406 9.9991E-05
9.99966E-05 0.315694 0.0398347 0.585665 0.0587061
0.0275274 0.185132 0.111279 0.58787 0.0881917
0.0611526 0.242088 9.9991E-05 0.57963 0.11703
0.0463256 0.204813 0.0234735 0.69779 0.0275975
9.9982E-05 0.355777 0.0744161 0.569606 9.9982E-05
0.100128 0.0499999 0.109858 0.679064 0.0609492
0.117259 9.9991E-05 0.185578 0.547314 0.149749
0.0483859 0.245102 0.0603817 0.646031 9.9991E-05
0.135975 0.146894 0.0671651 0.587544 0.0624222
0.135669 0.266561 0.038295 0.544276 0.0151994
0.0890597 0.328728 0.160052 0.363698 0.0584625
0.0641015 0.165901 0.0680563 0.682207 0.0197339
0.0655539 0.0866062 0.0915328 0.693928 0.0623788
0.0815993 0.482036 0.14462 0.291646 9.9991E-05
0.113265 0.380163 0.35357 0.152903 9.9991E-05
0.0416453 0.121916 0.134821 0.663471 0.0381464
0.0901384 0.308487 0.499737 0.101537 9.9991E-05
0.029386 0.448918 0.170313 0.321643 0.0297404
9.9991E-05 0.378953 0.0412427 0.538264 0.0414404
9.9982E-05 0.501411 0.0567348 0.441654 9.9982E-05
0.0456262 0.533109 0.10171 0.319454 9.9991E-05
0.139329 0.0980121 0.115357 0.579634 0.0676681
0.077537 0.0864725 0.0669619 0.624696 0.144333
0.0675808 0.160149 0.0825109 0.59502 0.0947388
0.151692 0.393796 0.368705 0.0857065 9.9991E-05
0.0243435 0.0404067 0.184064 0.594228 0.156957
0.0807945 0.0852934 0.281971 0.470474 0.0814672
9.9991E-05 0.138796 0.629641 0.0415724 0.189891
0.088496 9.9991E-05 0.128219 0.637286 0.145899
0.0359589 0.0923762 0.353289 0.38822 0.130156
0.0936378 9.9991E-05 0.27517 0.530636 0.100456
0.0499662 0.0752046 0.441179 0.303799 0.129852
9.9991E-05 0.156847 0.478935 0.273289 0.0908292
9.9991E-05 0.131678 0.321569 0.479361 0.0672923
0.130424 0.16991 0.202754 0.470088 0.0268237
0.107593 0.147287 0.22731 0.399347 0.118463
0.192842 0.107525 0.599294 0.0309261 0.0694132
0.116225 0.0564434 0.13156 0.586885 0.108887
9.9982E-05 0.161236 0.405038 0.433526 9.9982E-05
0.0331443 0.127967 0.293898 0.54489 9.9991E-05
0.166054 0.174305 0.175833 0.435211 0.0485969
0.326179 9.9991E-05 0.19827 0.135816 0.339635
0.161468 9.9982E-05 0.235317 9.9982E-05 0.603015
0.166154 9.9982E-05 0.331198 9.9982E-05 0.502448
0.365855 0.0099691 0.162842 0.0687979 0.392536
0.0341876 9.9991E-05 0.224304 0.728875 0.0125329
0.0805343 0.113003 0.0944497 0.610971 0.101042
0.681322 0.0372745 9.9982E-05 0.281204 9.9982E-05
0.495302 0.0677461 0.0522463 0.384606 9.9991E-05
0.423163 0.0979301 0.0506259 0.354793 0.0734881
0.0472657 9.9991E-05 0.546389 0.350994 0.0552517
0.0479823 0.0468715 0.223234 0.601317 0.080595
0.0364842 0.00346724 0.696446 0.238945 0.0246583
0.075748 0.000648562 0.234931 0.676324 0.0123484
0.0107986 0.0489309 0.397372 0.491728 0.0511703
0.077246 9.9991E-05 0.269288 0.600828 0.0525381
0.0320201 0.0369146 0.688217 0.221942 0.0209058
0.164688 9.9991E-05 0.153444 0.611984 0.0697847
0.12006 0.00469797 0.22481 0.568184 0.0822488
0.968676 9.9973E-05 9.9973E-05 0.031024 9.9973E-05
0.907847 0.009608 0.00134786 0.0810967 9.9991E-05
0.620671 0.0297225 0.056944 0.238406 0.0542561
0.655506 9.9973E-05 9.9973E-05 0.344194 9.9973E-05
0.818007 0.0421307 0.00521083 0.134552 9.9991E-05
0.9996 9.997E-05 9.997E-05 9.997E-05 9.997E-05
0.972034 0.0276661 9.9973E-05 9.9973E-05 9.9973E-05
0.880213 9.9982E-05 0.0085288 0.111058 9.9982E-05
0.951828 0.0129332 9.9982E-05 0.0350391 9.9982E-05
0.9996 9.997E-05 9.997E-05 9.997E-05 9.997E-05
0.9996 9.997E-05 9.997E-05 9.997E-05 9.997E-05
0.710565 9.9982E-05 9.9982E-05 0.250367 0.0388677
0.778115 0.0389064 9.9991E-05 0.119464 0.0634145
0.977742 0.0219584 9.9973E-05 9.9973E-05 9.9973E-05
0.507934 0.134098 0.0601241 0.277409 0.0204344
0.651845 0.139878 9.9991E-05 0.174128 0.0340489
0.763617 9.9982E-05 9.9982E-05 0.21392 0.0222632
0.895716 0.0521152 9.9982E-05 0.0519693 9.9982E-05
0.9996 9.997E-05 9.997E-05 9.997E-05 9.997E-05
0.910862 9.9982E-05 9.9982E-05 0.0353432 0.0535944
0.9996 9.997E-05 9.997E-05 9.997E-05 9.997E-05
0.626332 0.0290828 9.9991E-05 0.295947 0.0485385
0.931693 0.0312798 0.036827 9.9982E-05 9.9982E-05
0.0717666 9.9982E-05 0.543268 9.9982E-05 0.384766
0.0751492 0.0815525 0.153746 0.465415 0.224138
0.0801373 0.111029 0.201576 0.402992 0.204266
0.106095 9.9991E-05 0.384056 0.242037 0.267712
0.115938 0.064389 0.123245 0.530202 0.166225
0.181706 9.9991E-05 0.431641 0.122379 0.264175
0.0903412 0.0336134 0.184768 0.477365 0.213912
0.222372 9.9991E-05 0.291311 0.318012 0.168205
0.206519 0.0236911 0.135157 0.458496 0.176137
0.233814 9.9991E-05 0.28864 0.301696 0.17575
0.0846895 0.0374465 0.192501 0.528527 0.156837
9.9991E-05 0.0699344 0.0404036 0.0558027 0.833759
0.0690012 9.9982E-05 0.0216987 9.9982E-05 0.9091
9.9982E-05 0.0105565 0.00433236 9.9982E-05 0.984911
0.0164524 0.0375464 9.9991E-05 0.00095907 0.944942
9.9982E-05 0.0515793 9.9982E-05 0.0444411 0.90378
0.105068 9.9982E-05 0.004693 9.9982E-05 0.890039
0.0214943 0.00629676 9.9991E-05 0.0397277 0.932381
9.9991E-05 0.00236593 0.045988 0.0251491 0.926397
0.0105396 0.00319922 0.00362484 0.0669574 0.915679
0.122624 0.0302728 9.9991E-05 0.0179328 0.82907
9.9982E-05 0.31744 0.0597679 9.9982E-05 0.622592
9.9982E-05 0.373878 0.0326201 9.9982E-05 0.593302
9.9982E-05 0.321277 0.144294 9.9982E-05 0.53423
9.9982E-05 0.365373 0.160603 9.9982E-05 0.473824
9.9991E-05 0.174794 0.168205 0.598419 0.0584825
9.9991E-05 0.0614941 0.282875 0.604758 0.0507726
0.0272505 0.202174 0.094712 0.594455 0.0814082
9.9982E-05 0.331972 0.161985 0.505844 9.9982E-05
9.9982E-05 0.660104 0.141699 0.197997 9.9982E-05
0.0846762 9.9991E-05 0.193105 0.64068 0.0814386
0.0351104 0.125733 0.12605 0.696405 0.0167018
9.9982E-05 0.0613864 0.284623 0.653791 9.9982E-05
0.0471967 0.00653271 0.434556 0.511615 9.9991E-05
0.0122653 0.0896934 0.104132 0.737648 0.0562616
9.9991E-05 0.215601 0.220565 0.542268 0.0214666
9.9982E-05 0.182569 0.743134 0.0740967 9.9982E-05
0.0760629 0.193994 0.115958 0.542342 0.0716434
9.9982E-05 9.9982E-05 0.539296 0.417275 0.0432298
0.00836554 0.00648608 0.283543 0.701505 9.9991E-05
9.9982E-05 0.321984 0.395438 0.282378 9.9982E-05
9.9982E-05 0.73186 0.0997025 9.9982E-05 0.168237
9.9991E-05 0.72596 0.107278 0.0527602 0.113902
9.9991E-05 0.855572 0.0861923 0.0243396 0.0337963
9.9982E-05 0.823343 0.0628531 9.9982E-05 0.113604
0.0285866 0.825919 0.0397125 0.0830847 0.0226975
0.0642198 0.833942 9.9991E-05 0.0529432 0.0487945
0.0155297 9.9982E-05 9.9982E-05 0.120483 0.863787
0.0734352 0.0583613 9.9991E-05 0.050616 0.817487
0.114436 9.9982E-05 9.9982E-05 0.123298 0.762066
0.102223 0.0848828 9.9991E-05 0.0492473 0.763547
0.0510317 0.0370096 9.9991E-05 0.107138 0.804721
9.9982E-05 0.576434 0.0309504 9.9982E-05 0.392415
9.9982E-05 0.431201 0.0871855 9.9982E-05 0.481413
9.9982E-05 0.478747 0.105637 9.9982E-05 0.415416
0.00739033 9.9982E-05 9.9982E-05 0.159335 0.833075
9.9982E-05 0.510058 0.0950235 9.9982E-05 0.394718
0.443374 9.9991E-05 0.121224 0.204848 0.230454
0.150662 0.0525908 9.9991E-05 0.60243 0.194217
0.289032 9.9982E-05 9.9982E-05 0.565478 0.14529
0.283955 0.0446018 0.0960473 0.303419 0.271977
0.190459 0.131897 0.00750868 0.483541 0.186594
0.37408 9.9982E-05 0.168195 9.9982E-05 0.457524
9.9991E-05 0.340599 0.128067 0.524154 0.00707941
0.00955159 0.25131 0.353151 0.385887 9.9991E-05
0.00158076 0.4741 0.0515738 0.377514 0.0952319
0.0428625 0.148455 0.320132 0.488451 9.9991E-05
9.9973E-05 0.162743 0.836957 9.9973E-05 9.9973E-05
0.137476 0.120021 0.0741998 0.560704 0.107599
0.023257 0.0753259 0.271362 0.516894 0.113161
9.9991E-05 0.463758 0.093392 0.414754 0.027996
0.0239205 0.209141 0.0153657 0.642706 0.108867
0.0175436 0.300664 0.518108 0.163584 9.9991E-05
0.0767603 0.140129 0.284483 0.456039 0.0425897
0.0668954 0.245544 0.111746 0.575715 9.9991E-05
0.117754 9.9991E-05 0.178719 0.501112 0.202315
0.0290101 0.3013 0.214284 0.455306 9.9991E-05
0.0929351 0.285403 0.17401 0.447552 9.9991E-05
0.187043 0.183156 0.195404 0.434298 9.9991E-05
9.9991E-05 0.171231 0.217712 0.595286 0.0156715
0.150034 0.0801121 0.141989 0.606483 0.0213819
0.111017 0.194996 0.084882 0.485261 0.123844
0.168186 0.242571 0.0335259 0.510178 0.0455391
0.0986659 9.9982E-05 9.9982E-05 0.127653 0.773482
0.0191951 9.9991E-05 0.0310989 0.102149 0.847457
9.9991E-05 0.0450579 0.0870152 0.0863408 0.781486
0.0359466 0.101477 0.0319226 0.032246 0.798408
0.0032634 9.9982E-05 9.9982E-05 0.174227 0.822309
0.0470233 0.617269 0.108379 0.227229 9.9991E-05
0.169529 0.101794 0.196725 0.506538 0.0254142
0.203149 9.9991E-05 0.12152 0.482669 0.192561
0.0148782 0.0761513 0.0488553 0.761828 0.0982874
0.0199093 0.265262 0.127739 0.570216 0.0168746
0.10952 0.407848 0.226357 0.256176 9.9991E-05
9.9991E-05 0.673487 0.185242 0.0240697 0.117101
0.0785419 0.301982 0.0805468 0.538829 9.9991E-05
0.0304499 0.518278 0.143983 0.24064 0.0666494
0.14245 0.256978 0.288652 0.31182 9.9991E-05
0.0255099 0.582404 0.119076 0.157962 0.115049
0.0957511 0.168584 9.9991E-05 0.57822 0.157344
0.0221411 0.520562 0.101816 0.261897 0.0935833
0.0465477 0.305007 0.230778 0.381218 0.0364491
0.0344661 0.0963522 0.237435 0.5403 0.0914461
0.032119 0.106842 0.471581 0.296962 0.0924957
0.00859012 0.04602 0.247628 0.548423 0.149338
0.0957652 9.9991E-05 0.261763 0.538981 0.103391
0.0114312 0.0580332 0.486341 0.37056 0.0736351
0.0518769 0.108481 0.214158 0.511875 0.113609
9.9991E-05 0.0447721 0.207067 0.666279 0.0817819
9.9982E-05 0.0982727 0.773978 0.127549 9.9982E-05
0.00436945 9.9991E-05 0.635537 0.33411 0.0258833
0.0227845 0.0555862 0.227778 0.622469 0.071382
9.9991E-05 0.146333 0.597385 0.25303 0.00315262
9.9991E-05 0.217372 0.19282 0.504617 0.0850906
0.0444027 0.651185 0.146877 0.157434 9.9991E-05
0.0704324 0.34974 0.338715 0.241013 9.9991E-05
0.10252 0.449881 0.0311952 0.373374 0.0430302
0.159504 0.130963 0.0850058 0.611 0.0135282
0.00651403 0.565883 0.123924 0.303579 9.9991E-05
0.167712 0.215398 0.162378 0.426414 0.0280972
0.131679 0.179403 0.0385879 0.65023 9.9991E-05
0.182348 0.237831 0.115605 0.425126 0.0390893
0.112787 0.296379 0.0736841 0.517049 9.9991E-05
0.0990893 0.389576 0.00847703 0.491858 0.0109991
0.0853146 0.529188 0.100421 0.284977 9.9991E-05
0.0479462 0.520337 9.9982E-05 0.431516 9.9982E-05
0.0851601 0.155375 0.161841 0.597524 9.9991E-05
0.0898449 0.138275 0.170392 0.53379 0.0676977
0.066594 0.222266 0.19979 0.487399 0.0239512
0.108988 0.248596 0.100886 0.54143 9.9991E-05
0.073397 0.416305 0.0349909 0.394312 0.0809956
0.0391831 0.193817 0.0829475 0.637702 0.0463503
0.137575 0.261376 0.00763063 0.557034 0.0363838
0.105438 0.067422 0.209957 0.522565 0.0946184
0.173177 0.015037 0.054797 0.455925 0.301064
0.318794 9.9991E-05 0.142433 0.430981 0.107692
0.256978 0.0831848 0.114573 0.420411 0.124854
0.138262 0.00754361 0.120496 0.640152 0.0935472
0.207292 9.9991E-05 0.149398 0.448423 0.194787
0.0758142 0.195885 0.236733 0.491468 9.9991E-05
0.176422 9.9991E-05 0.0503955 0.624332 0.148751
0.160925 9.9982E-05 0.539734 9.9982E-05 0.299141
0.188482 0.102686 0.0522049 0.508707 0.14792
0.176598 0.0762266 0.0373413 0.594425 0.115409
0.250856 0.120828 0.129515 0.474772 0.024028
0.197181 0.052286 0.235495 0.307269 0.207769
0.202513 9.9991E-05 0.118811 0.50773 0.170846
0.238348 0.0166177 0.0688893 0.487956 0.188189
0.177864 9.9982E-05 0.328146 9.9982E-05 0.49379
0.211925 0.0579546 0.0215656 0.525952 0.182603
0.294678 9.9991E-05 0.0558562 0.4458 0.203565
0.210607 0.0159758 0.113697 0.534982 0.124738
0.275376 0.0402512 9.9991E-05 0.484816 0.199457
0.195292 0.0200007 0.0416849 0.545623 0.197399
0.0298148 0.0551601 0.285787 0.596491 0.0327468
0.0977911 0.128725 0.190045 0.493004 0.0904341
9.9982E-05 0.104119 0.750921 0.144761 9.9982E-05
9.9982E-05 0.0989877 0.807682 0.0931308 9.9982E-05
0.178939 0.0717016 0.312498 0.430435 0.00642716
0.410882 9.9991E-05 0.137491 0.337273 0.114254
0.407272 9.9991E-05 0.197502 0.316573 0.0785531
0.388552 9.9991E-05 0.283217 0.172084 0.156047
0.252496 9.9991E-05 0.140488 0.427654 0.179262
0.177806 9.9991E-05 0.666736 0.0944309 0.0609274
0.170624 9.9991E-05 0.535793 0.175793 0.11769
0.198762 0.0427683 0.2317 0.514947 0.0118227
0.150837 0.00223506 0.290502 0.444181 0.112245
0.183751 9.9991E-05 0.534224 0.22525 0.0566755
0.211282 0.112227 0.181219 0.487201 0.00807136
0.183627 0.0952573 0.217137 0.490937 0.0130422
0.203891 0.116299 0.1489 0.44069 0.0902205
9.9982E-05 0.142736 0.474223 0.382842 9.9982E-05
9.9991E-05 0.160602 0.369014 0.457783 0.0125008
0.0429691 0.0667338 0.18642 0.556995 0.146883
0.0579405 0.125553 0.268111 0.460141 0.0882548
0.0960722 0.015621 0.269341 0.496064 0.122901
0.0362977 0.000729733 0.353466 0.609406 9.9991E-05
0.0202134 0.113939 0.559241 0.306507 9.9991E-05
0.0535008 9.9991E-05 0.248767 0.675301 0.0223315
0.0163135 0.0190198 0.617295 0.347272 9.9991E-05
9.9991E-05 0.0377968 0.34651 0.564726 0.0508665
0.0743575 0.0270771 0.220358 0.59095 0.0872571
0.00817415 0.0720908 0.258454 0.597787 0.0634935
0.164321 0.0408186 0.0717429 0.515406 0.207712
0.258413 0.153271 0.146209 0.34381 0.0982975
0.280672 0.0865772 0.138499 0.318197 0.176056
0.255877 0.13472 0.107813 0.295964 0.205626
0.18138 0.0821567 0.0810146 0.433224 0.222224
0.200714 0.0498794 0.145495 0.455773 0.148138
0.189078 0.0258659 0.562233 9.9991E-05 0.222723
0.202755 0.0459745 0.0418152 0.609653 0.0998024
0.16337 9.9982E-05 0.406176 9.9982E-05 0.430254
0.222733 9.9991E-05 0.180474 0.532893 0.0638003
9.9973E-05 9.9973E-05 0.768368 0.231333 9.9973E-05
0.000719553 0.0923195 0.887819 0.0190415 9.9991E-05
0.0421038 0.0627592 0.377933 0.517104 9.9991E-05
0.0882603 0.00240653 0.213136 0.692517 0.00367982
9.9982E-05 0.0459862 0.457801 0.496013 9.9982E-05
0.0505357 9.9991E-05 0.309193 0.611934 0.0282368
9.9991E-05 0.0505486 0.288563 0.649144 0.0116446
9.9991E-05 0.0083051 0.056477 0.108239 0.826879
0.109767 0.100211 0.0737708 9.9991E-05 0.716151
0.0674138 0.0464811 9.9982E-05 9.9982E-05 0.885905
9.9973E-05 9.9973E-05 9.9973E-05 0.057148 0.942552
0.00751853 0.0291724 0.209869 0.691314 0.0621265
9.9991E-05 0.0741637 0.222152 0.636807 0.0667776
9.9982E-05 0.0794786 0.269043 0.651278 9.9982E-05
9.9991E-05 0.119019 0.0520761 0.730146 0.098659
0.0909198 0.157921 0.114085 0.586036 0.0510386
9.9991E-05 0.163721 0.373043 0.430343 0.0327925
0.0105978 0.0440492 0.174914 0.770339 9.9991E-05
9.9973E-05 9.9973E-05 0.519939 0.479761 9.9973E-05
0.191839 0.0537476 0.00121567 0.527154 0.226044
0.0616937 0.0282394 0.396386 0.513581 9.9991E-05
9.9982E-05 0.142075 0.32966 0.528065 9.9982E-05
9.9982E-05 0.0481997 0.243598 0.708002 9.9982E-05
9.9991E-05 0.0984024 0.217252 0.676685 0.00755977
9.9982E-05 0.00267588 0.204219 0.792905 9.9982E-05
0.0383764 0.100639 0.131223 0.694333 0.0354293
9.9973E-05 9.9973E-05 0.659461 0.340239 9.9973E-05
0.04564 0.0423416 0.525297 0.383655 0.00306641
9.9991E-05 0.0863639 0.368442 0.517328 0.0277652
9.9973E-05 9.9973E-05 0.92224 0.07746 9.9973E-05
9.9991E-05 0.138618 0.191003 0.621811 0.0484677
9.9982E-05 0.00126595 0.739239 0.259295 9.9982E-05
9.9982E-05 0.0129358 0.881331 0.105533 9.9982E-05
0.049774 0.084693 0.204041 0.627199 0.0342939
9.9982E-05 0.188041 0.434732 0.377026 9.9982E-05
0.02901 0.153522 0.179994 0.610788 0.0266858
0.167478 9.9991E-05 0.199955 0.512629 0.119838
9.9991E-05 0.124729 0.203786 0.654353 0.0170313
0.0861402 0.332295 0.240005 0.341459 9.9991E-05
0.0240985 0.0897433 0.177428 0.708631 9.9991E-05
0.0453599 0.123968 0.171364 0.593806 0.0655025
9.9982E-05 0.0489402 0.41061 0.54025 9.9982E-05
0.0950094 0.0595438 0.224941 0.546587 0.073919
9.9982E-05 0.29896 0.065868 9.9982E-05 0.634972
9.9991E-05 0.0858229 0.075906 0.0746474 0.763524
9.9982E-05 0.104822 0.0515394 9.9982E-05 0.843439
9.9982E-05 0.128814 0.0648176 9.9982E-05 0.806169
9.9991E-05 0.194025 0.0100639 0.03856 0.757251
9.9991E-05 0.279664 0.335605 0.358095 0.0265359
9.9982E-05 0.224728 0.450905 0.324167 9.9982E-05
9.9973E-05 9.9973E-05 0.648012 0.351688 9.9973E-05
0.0614823 0.0981856 0.129428 0.58104 0.129864
0.0547619 0.101383 0.124441 0.644475 0.0749385
9.9991E-05 0.0493757 0.458588 0.469726 0.0222104
0.064604 9.9982E-05 0.210196 0.725 9.9982E-05
9.9991E-05 0.0562054 0.408145 0.50822 0.0273295
0.0232508 0.166043 0.126084 0.663997 0.0206258
0.030776 0.0288365 0.115422 0.736574 0.0883923
9.9982E-05 0.198185 0.347168 0.454447 9.9982E-05
9.9982E-05 0.164332 0.30544 0.530028 9.9982E-05
9.9982E-05 0.211774 0.232673 0.555353 9.9982E-05
9.9991E-05 0.0766116 0.167043 0.634595 0.12165
9.9982E-05 0.145997 0.28183 0.571973 9.9982E-05
0.00595755 0.150141 0.238801 0.605 9.9991E-05
0.490579 0.101457 9.9991E-05 0.359713 0.04815
0.558703 9.9991E-05 0.0826279 0.285054 0.0735156
0.455791 9.9991E-05 0.0378426 0.426132 0.0801348
0.558704 9.9991E-05 0.0265148 0.263357 0.151325
0.375648 0.0534223 0.104835 0.344206 0.121889
0.0107649 9.9991E-05 0.396668 0.516797 0.07567
0.6548 0.0214564 9.9991E-05 0.0327501 0.290893
0.512536 9.9982E-05 9.9982E-05 0.299147 0.188117
0.12725 9.9991E-05 0.110354 0.538783 0.223514
0.00912733 0.0416621 0.162427 0.620196 0.166587
0.0722488 0.083044 0.270835 0.445012 0.12886
0.0994522 0.0575625 0.147861 0.583389 0.111736
0.0507582 0.0194003 0.218872 0.624848 0.0861216
0.550541 9.9982E-05 9.9982E-05 0.274326 0.174933
0.364519 0.0460677 0.0285944 0.405747 0.155072
0.617985 9.9982E-05 9.9982E-05 0.295236 0.0865784
0.27775 0.100562 0.0404081 0.434846 0.146434
0.564297 9.9991E-05 0.0280319 0.29487 0.112702
0.327539 0.0326879 0.0443535 0.38748 0.207939
0.589053 0.0357714 0.0654891 0.211392 0.0982944
0.451565 0.0520941 0.0513387 0.385305 0.0596978
0.033314 9.9991E-05 0.273747 0.54661 0.146229
0.378292 0.0452866 0.0548414 0.325876 0.195704
0.637831 9.9991E-05 0.0104541 0.149074 0.202542
0.368896 0.11182 0.0100258 0.407166 0.102092
9.9991E-05 0.246677 0.262978 0.291635 0.198611
0.142328 0.0595551 0.17429 0.549229 0.0745971
0.370701 0.0888548 0.0400255 0.367021 0.133398
0.029408 0.122731 0.100433 0.616904 0.130524
0.00733941 0.0339757 0.201017 0.570787 0.186881
0.205275 0.0414425 0.121908 0.416248 0.215127
0.293339 0.0316588 0.147934 0.329826 0.197243
0.112582 0.0239168 0.109722 0.656911 0.0968682
0.410284 0.0658008 9.9991E-05 0.337165 0.186651
0.542865 9.9991E-05 0.0230804 0.293688 0.140267
0.684067 9.9991E-05 0.0110038 0.110801 0.194028
0.0779419 0.00210981 0.151424 0.601777 0.166747
9.9991E-05 0.0139568 0.248647 0.579833 0.157464
0.0993163 9.9991E-05 0.616382 0.135114 0.149088
0.197317 0.0831566 0.155222 0.500986 0.0633187
0.0728161 0.202794 0.172857 0.436992 0.114541
0.126826 0.0510652 0.0601313 0.487133 0.274844
0.109328 0.0182429 0.253604 0.454863 0.163961
0.205637 9.9982E-05 0.443327 9.9982E-05 0.350835
0.159236 9.9982E-05 0.492063 9.9982E-05 0.3485
0.147927 0.0861605 0.355449 0.235451 0.175013
0.247671 9.9991E-05 0.388232 0.0255068 0.33849
0.217374 9.9982E-05 0.325263 9.9982E-05 0.457163
0.10522 9.9991E-05 0.305466 0.415161 0.174053
0.179717 9.9991E-05 0.190347 0.356906 0.27293
0.212924 0.0162358 0.267245 0.193235 0.310359
0.190824 9.9991E-05 0.42313 0.0513829 0.334563
0.183281 0.0245433 0.185045 0.467928 0.139202
0.118647 0.00317125 0.48202 0.138227 0.257935
0.101528 9.9982E-05 0.421394 9.9982E-05 0.476878
0.258495 0.0548559 0.0870826 0.503896 0.0956713
0.322409 0.0459838 0.167947 0.264918 0.198743
0.172721 0.0906542 0.0461392 0.427081 0.263405
0.295035 9.9982E-05 9.9982E-05 0.541678 0.163087
0.105881 9.9991E-05 0.0868185 0.558586 0.248615
0.242717 0.0101061 0.0764569 0.474921 0.195798
0.203815 0.0190958 9.9991E-05 0.358279 0.41871
0.244597 0.083922 9.9991E-05 0.458918 0.212464
0.35927 0.0427126 9.9991E-05 0.423394 0.174523
0.294071 0.107126 0.0750866 0.304038 0.219678
0.0950922 0.116215 0.218083 0.334525 0.236085
0.146853 0.0222972 0.113756 0.539314 0.17778
0.234312 0.0676707 0.125836 0.437925 0.134256
0.0595428 0.10888 0.0304223 0.712944 0.0882115
0.316532 0.0658587 9.9991E-05 0.359455 0.258055
0.234471 0.0400422 0.085449 0.456619 0.183419
0.240417 9.9991E-05 0.220727 0.126904 0.411853
0.222499 0.0375495 9.9991E-05 0.540907 0.198944
0.279951 9.9991E-05 0.183012 0.212986 0.323951
9.9982E-05 0.0974442 0.096373 9.9982E-05 0.805983
9.9982E-05 0.702138 9.9982E-05 0.189515 0.108147
9.997E-05 0.9996 9.997E-05 9.997E-05 9.997E-05
9.9973E-05 0.974615 9.9973E-05 9.9973E-05 0.0250849
9.9973E-05 0.975535 9.9973E-05 0.0241647 9.9973E-05
0.0311482 0.926335 9.9982E-05 0.042317 9.9982E-05
9.9982E-05 0.889732 9.9982E-05 0.0974209 0.0126475
9.9973E-05 0.97944 9.9973E-05 9.9973E-05 0.02026
9.9973E-05 0.798564 9.9973E-05 9.9973E-05 0.201136
9.9982E-05 9.9982E-05 0.0130546 0.0563932 0.930352
0.0141367 0.155213 9.9991E-05 0.0321348 0.798415
0.0658545 0.021281 0.0129373 9.9991E-05 0.899827
0.0137201 0.134974 9.9991E-05 0.0254478 0.825758
0.0962481 0.0273084 0.00224179 9.9991E-05 0.874102
0.0147737 0.0209527 0.0687726 9.9991E-05 0.895401
0.0949957 0.0458709 9.9991E-05 0.14636 0.712674
0.0796341 9.9982E-05 9.9982E-05 0.04636 0.873806
0.0587592 0.180387 0.00196313 0.0934757 0.665415
0.0752478 9.9982E-05 9.9982E-05 0.0119898 0.912562
9.9982E-05 0.0310493 9.9982E-05 0.014457 0.954294
0.0211536 0.0878738 0.000616475 0.0390024 0.851354
0.00546196 0.0286584 9.9991E-05 0.0200876 0.945692
0.0382866 9.9982E-05 9.9982E-05 0.0420235 0.91949
0.0352159 0.0226963 9.9991E-05 0.0811514 0.860836
0.0619608 9.9982E-05 9.9982E-05 0.0587723 0.879067
0.145987 9.9982E-05 9.9982E-05 0.0703677 0.783445
0.118517 9.9982E-05 9.9982E-05 0.1016 0.779683
0.0614297 9.9982E-05 9.9982E-05 0.152236 0.786134
0.0423031 0.0720372 0.275098 0.423278 0.187284
0.00604125 0.00235455 0.123109 0.757288 0.111207
0.0583295 9.9991E-05 0.107782 0.648941 0.184847
0.0203964 9.9991E-05 0.73848 0.134231 0.106792
9.9991E-05 0.210336 0.0676793 0.572778 0.149107
0.0101262 9.9991E-05 0.632431 0.144873 0.21247
0.0776954 0.0153223 0.12867 0.618519 0.159793
9.9991E-05 0.12497 0.197864 0.561013 0.116053
9.9991E-05 0.137637 0.143054 0.589662 0.129547
9.9991E-05 0.0178889 0.258108 0.636255 0.0876474
0.0192948 0.0875061 0.203187 0.55418 0.135832
9.9991E-05 0.0953702 0.111045 0.702037 0.0914476
9.9991E-05 0.138254 0.0961375 0.681199 0.0843094
0.0412865 0.478394 0.398473 0.0817462 9.9991E-05
9.9982E-05 0.0584007 0.815679 9.9982E-05 0.125721
9.9982E-05 9.9982E-05 0.638453 0.190755 0.170592
0.0347158 0.0619422 0.122399 0.665701 0.115242
0.00645325 0.0171218 0.183599 0.633875 0.158951
9.9991E-05 0.0336626 0.296566 0.524947 0.144725
0.034016 9.9991E-05 0.170901 0.7171 0.0778831
0.192847 9.9991E-05 0.105964 0.478842 0.222248
0.215265 0.103145 9.9991E-05 0.542877 0.138612
0.192169 0.127476 0.160882 0.131559 0.387914
0.103925 0.061005 0.0698937 0.659604 0.105572
0.177612 0.0844463 0.0369074 0.417422 0.283612
0.150987 9.9982E-05 0.36752 9.9982E-05 0.481294
0.205242 9.9991E-05 0.141657 0.368984 0.284017
0.147539 0.0479459 0.0780022 0.32438 0.402133
0.134544 0.114189 9.9991E-05 0.449679 0.301488
0.285581 0.113533 0.0937835 0.410111 0.0969919
0.193443 0.0216739 0.110414 0.443263 0.231206
0.217918 0.0203889 0.0837912 0.524674 0.153228
0.180945 9.9991E-05 0.14514 0.481869 0.191946
0.183765 9.9991E-05 0.0244315 0.297913 0.49379
