0.955945 0.014196 9.9991E-05 0.0297594
0.969456 0.0303439 9.9982E-05 9.9982E-05
0.838907 9.9991E-05 0.13504 0.0259526
0.859636 9.9991E-05 0.0466589 0.0936056
0.886552 0.00888989 0.0137956 0.0907623
0.651197 0.165299 0.0952356 0.0882686
0.891816 0.0960274 0.00279811 0.00935821
0.794902 0.164136 9.9991E-05 0.0408624
0.850626 0.149174 9.9982E-05 9.9982E-05
0.695009 0.158291 0.0196605 0.127039
0.790351 0.153147 0.0564018 9.9991E-05
0.051962 0.483453 0.381346 0.08324
0.103062 0.229528 0.619126 0.0482831
0.0918346 0.435398 0.434984 0.037783
0.0570689 0.361981 0.404126 0.176824
0.15291 0.273498 0.412364 0.161229
0.104853 0.162037 0.576746 0.156364
0.024704 0.273016 0.603524 0.098756
0.182664 0.289201 0.477271 0.0508638
0.112957 0.728633 0.100685 0.057725
0.0629362 0.332816 0.542603 0.0616448
0.0132894 0.361805 0.48235 0.142555
0.0440963 0.246866 0.63424 0.0747976
0.0672913 0.411625 0.354903 0.166181
0.0673236 0.126759 0.589125 0.216792
0.0255542 0.173445 0.657109 0.143892
0.0525845 0.550357 0.296513 0.100545
0.0812768 0.420851 0.349412 0.14846
0.0677984 0.541075 0.312101 0.0790258
0.856963 9.9991E-05 0.08678 0.0561569
0.848154 9.9991E-05 0.129431 0.0223156
0.803346 9.9991E-05 0.135164 0.0613895
0.788026 0.00732155 0.132041 0.0726116
0.0476859 0.284844 0.651424 0.0160457
0.113022 0.215919 0.609431 0.0616283
0.045578 0.128905 0.777264 0.0482532
0.175367 0.563926 0.260607 9.9991E-05
0.0156423 0.413365 0.557765 0.0132279
0.0800735 0.215877 0.64246 0.0615896
0.0553828 9.9991E-05 0.906816 0.0377007
0.147145 0.149046 0.703709 9.9991E-05
0.122287 0.161147 0.697256 0.01931
9.9982E-05 0.540455 0.459345 9.9982E-05
0.0681323 0.136115 0.604314 0.191439
0.0961925 0.114561 0.679622 0.109625
0.180221 0.0689197 0.696413 0.0544462
9.9982E-05 0.408045 0.591755 9.9982E-05
0.113147 0.028809 0.817926 0.040118
0.096994 0.141087 0.651182 0.110737
0.0830395 0.798484 0.118376 9.9991E-05
0.0294112 0.659343 0.311146 9.9991E-05
0.0319553 0.736489 0.111041 0.120515
0.211618 0.179913 0.509251 0.0992181
0.148073 0.0805393 0.649292 0.122096
0.0296105 0.158891 0.713994 0.0975044
0.189689 0.526912 0.283299 9.9991E-05
0.0329744 0.271018 0.614727 0.08128
0.110337 0.162144 0.5604 0.167119
0.142342 0.323377 0.494804 0.039478
0.23928 0.508546 0.156828 0.0953463
0.108768 0.154669 0.736464 9.9991E-05
0.103827 0.311682 0.507588 0.0769024
0.103556 0.70416 0.192184 9.9991E-05
0.0475483 0.29856 0.624169 0.0297226
0.0019641 0.159254 0.791572 0.0472097
0.160631 0.102228 0.672234 0.0649063
0.089133 0.49643 0.375397 0.03904
0.0102427 0.351741 0.513376 0.12464
0.058064 0.207226 0.625582 0.109127
0.0754272 0.59371 0.330763 9.9991E-05
9.9982E-05 0.254902 0.744898 9.9982E-05
9.9982E-05 0.523358 0.476442 9.9982E-05
0.058198 0.261832 0.576916 0.103053
9.9982E-05 0.682939 0.316861 9.9982E-05
9.9982E-05 0.705388 0.294412 9.9982E-05
9.9982E-05 0.412523 0.587277 9.9982E-05
0.0326096 0.28585 0.68144 9.9991E-05
0.177237 0.162806 0.562982 0.0969755
0.0543648 0.268595 0.667918 0.00912211
0.0287383 0.518052 0.453109 9.9991E-05
0.0459957 0.426158 0.527746 9.9991E-05
0.10721 0.0994662 0.649245 0.144078
0.0292856 0.404851 0.565764 9.9991E-05
0.0145195 0.273281 0.7121 9.9991E-05
9.9982E-05 0.367734 0.632066 9.9982E-05
9.9991E-05 0.76004 0.211767 0.0280933
9.9991E-05 0.137314 0.818683 0.0439035
0.84582 9.9982E-05 0.15398 9.9982E-05
0.939758 9.9982E-05 0.0600424 9.9982E-05
0.868513 9.9991E-05 0.0608192 0.0705678
0.958026 9.9982E-05 0.0417736 9.9982E-05
0.900053 9.9991E-05 0.0754955 0.0243512
0.918474 0.0314257 0.0115872 0.0385135
0.946495 9.9991E-05 0.0229778 0.0304268
0.106614 0.213553 0.538088 0.141745
0.119075 0.109157 0.712141 0.0596263
9.9982E-05 0.663944 0.335856 9.9982E-05
0.0843936 0.184764 0.577924 0.152918
0.0395548 0.305343 0.655002 9.9991E-05
0.0903136 0.141912 0.767674 9.9991E-05
0.0763658 0.163248 0.740606 0.0197805
0.0475944 0.251525 0.609489 0.091392
0.0453536 0.780776 0.17377 9.9991E-05
0.102533 0.208141 0.52024 0.169087
0.0224986 0.145605 0.745209 0.0866874
0.0900553 0.0973966 0.633342 0.179206
9.9991E-05 0.413051 0.562591 0.0242579
0.0185172 0.229179 0.735973 0.0163312
0.0479632 0.337174 0.611321 0.00354247
9.9991E-05 0.357288 0.578513 0.0640992
0.100439 0.283332 0.616129 9.9991E-05
0.18893 0.0800585 0.730911 9.9991E-05
0.063166 0.520229 0.410623 0.00598224
0.216356 0.255537 0.45566 0.0724472
0.120415 0.121153 0.675953 0.0824788
0.12449 0.13383 0.662009 0.0796707
0.102533 0.263853 0.633514 9.9991E-05
0.108181 0.237926 0.653793 9.9991E-05
0.0871379 0.269024 0.637508 0.00633065
0.078975 0.277926 0.528 0.1151
0.115735 0.216925 0.62341 0.04393
0.143304 0.191395 0.665201 9.9991E-05
0.0156682 0.311492 0.67274 9.9991E-05
0.113532 0.153842 0.597133 0.135493
0.137006 0.175345 0.490017 0.197632
9.9991E-05 0.225883 0.642655 0.131362
0.135494 0.116139 0.592822 0.155545
0.0731078 0.190569 0.604052 0.13227
0.128812 0.408101 0.383789 0.0792981
0.0630667 0.159277 0.640858 0.136798
0.0883949 0.116722 0.702044 0.0928391
0.0907415 0.489451 0.370312 0.049495
0.0774029 0.58939 0.223321 0.109887
0.0483366 0.214643 0.653223 0.0837968
9.9991E-05 0.706488 0.182918 0.110494
0.10105 0.490537 0.408313 9.9991E-05
0.0795054 0.349785 0.57061 9.9991E-05
0.109766 0.428609 0.461525 9.9991E-05
0.0678796 0.514986 0.379822 0.0373127
0.101499 0.151772 0.670877 0.0758513
0.0893604 0.191512 0.557151 0.161976
0.0736582 0.201111 0.692046 0.0331848
9.9991E-05 0.660611 0.191258 0.148031
0.136019 0.182404 0.590015 0.0915626
0.130139 0.252791 0.510151 0.106918
0.216442 0.618046 0.152596 0.0129167
0.149744 0.0797851 0.706963 0.0635076
0.0600464 0.394606 0.446689 0.0986587
0.122022 0.237345 0.502681 0.137952
0.154873 0.453541 0.310576 0.0810105
0.138454 0.544625 0.316821 9.9991E-05
0.136678 0.270608 0.592615 9.9991E-05
0.0809214 0.213194 0.599973 0.105912
0.0942045 0.249173 0.508514 0.148109
0.0830924 0.626029 0.0361622 0.254716
0.110684 0.139837 0.661577 0.0879022
9.9982E-05 0.416942 0.582858 9.9982E-05
0.0284273 0.316045 0.579077 0.0764502
0.115293 0.195288 0.675096 0.0143229
0.393931 0.172025 0.164108 0.269936
0.623084 0.146761 9.9991E-05 0.230055
0.491781 0.300995 9.9991E-05 0.207124
0.429635 0.108562 0.104632 0.357171
9.9991E-05 0.189062 0.715133 0.0957046
0.122994 0.121582 0.662062 0.0933617
9.9982E-05 9.9982E-05 0.279174 0.720626
0.0464458 0.013151 0.378425 0.561978
0.141529 0.109112 0.305306 0.444054
0.0166833 0.442991 0.427516 0.11281
0.0311101 0.209918 0.655174 0.103798
9.9991E-05 0.606376 0.31011 0.0834142
0.000991534 0.278567 0.606153 0.114289
0.0553137 0.281507 0.554782 0.108397
0.0640324 0.221669 0.610116 0.104182
9.9991E-05 0.66634 0.228001 0.105559
0.0714545 0.148223 0.634729 0.145594
0.0909932 0.163984 0.699305 0.045718
9.9982E-05 9.9982E-05 0.0234674 0.976333
9.9982E-05 9.9982E-05 0.0466386 0.953161
0.0390092 0.0774583 0.248783 0.63475
9.9982E-05 9.9982E-05 0.270919 0.728881
0.0289516 9.9991E-05 0.198193 0.772755
9.998E-05 9.998E-05 9.998E-05 0.9997
0.0228315 9.9982E-05 9.9982E-05 0.976969
9.9982E-05 9.9982E-05 0.141341 0.85846
9.9991E-05 0.00724009 0.0145383 0.978122
9.998E-05 9.998E-05 9.998E-05 0.9997
9.998E-05 9.998E-05 9.998E-05 0.9997
0.0337544 9.9991E-05 0.17967 0.786475
0.0523889 9.9991E-05 0.139744 0.807767
0.0147243 0.00330493 0.0189615 0.963009
0.027577 0.162135 0.256062 0.554226
0.0605715 0.0421244 0.21461 0.682695
0.0274096 9.9991E-05 0.167391 0.8051
9.9991E-05 0.0102972 0.0755289 0.914074
9.9982E-05 9.9982E-05 0.0312715 0.968529
0.0155773 9.9991E-05 0.0312608 0.953062
9.998E-05 9.998E-05 9.998E-05 0.9997
0.0676569 0.0346546 0.274749 0.622939
0.0104702 0.0772806 9.9991E-05 0.912149
0.408326 0.474205 9.9991E-05 0.117369
0.294219 0.152071 0.413754 0.139957
0.290843 0.146269 0.480928 0.0819613
0.221955 0.374453 0.185892 0.2177
0.175673 0.103321 0.545476 0.175531
0.33955 0.265802 0.234869 0.159779
0.285567 0.186947 0.402254 0.125232
0.171105 0.200302 0.354255 0.274338
0.185548 0.201248 0.449602 0.163603
0.167027 0.182635 0.353716 0.296622
0.174775 0.164296 0.468305 0.192624
0.883147 0.0693686 0.0473844 9.9991E-05
0.942996 9.9982E-05 9.9982E-05 0.0568036
0.9997 9.998E-05 9.998E-05 9.998E-05
0.979167 9.9982E-05 0.0206329 9.9982E-05
0.908757 9.9991E-05 0.0780516 0.0130918
0.922928 9.9982E-05 9.9982E-05 0.0768719
0.88464 9.9991E-05 0.0232493 0.0920104
0.909341 0.0874617 9.9991E-05 0.00309777
0.950909 9.9991E-05 0.0365245 0.0124662
0.860516 0.0424591 9.9991E-05 0.0969249
0.687144 0.312656 9.9982E-05 9.9982E-05
0.642379 0.356518 0.00100252 9.9991E-05
0.581333 0.418467 9.9982E-05 9.9982E-05
0.524289 0.452895 0.0227164 9.9991E-05
0.117896 0.191327 0.690678 9.9991E-05
0.0325698 0.245779 0.692351 0.0293008
0.0584206 0.22536 0.6655 0.0507201
0.0915642 0.325182 0.583154 9.9991E-05
0.0668239 0.634111 0.298966 9.9991E-05
0.0740356 0.105463 0.794164 0.0263372
9.9991E-05 0.216079 0.760357 0.0234641
0.00808085 0.271977 0.66348 0.0564617
9.9991E-05 0.433326 0.431474 0.1351
0.145246 0.15285 0.681017 0.0208881
0.0158069 0.380205 0.603888 9.9991E-05
9.9991E-05 0.830365 0.16464 0.00489527
0.137035 0.224529 0.617719 0.020716
9.9982E-05 0.513138 0.486662 9.9982E-05
9.9991E-05 0.295806 0.669466 0.0346274
0.049623 0.554736 0.395541 9.9991E-05
0.256134 0.691078 0.052688 9.9991E-05
0.220339 0.680609 0.0989516 9.9991E-05
0.14647 0.825463 0.0279673 9.9991E-05
0.223052 0.761075 0.0157728 9.9991E-05
0.112652 0.719515 0.107521 0.0603127
0.212093 0.597027 0.158475 0.0324054
0.868058 9.9991E-05 0.0773767 0.054465
0.874307 9.9991E-05 0.103622 0.0219713
0.761967 9.9991E-05 0.102511 0.135421
0.791473 9.9991E-05 0.0953348 0.113092
0.82295 0.0160264 0.0514534 0.10957
0.464238 0.535562 9.9982E-05 9.9982E-05
0.517936 0.481864 9.9982E-05 9.9982E-05
0.490926 0.504815 0.00415979 9.9991E-05
0.853379 9.9991E-05 0.122237 0.0242841
0.462243 0.537557 9.9982E-05 9.9982E-05
0.190066 0.115459 0.220916 0.473558
0.14794 0.0520128 0.504115 0.295933
0.240051 9.9991E-05 0.49178 0.268069
0.258856 0.0763555 0.41008 0.254708
0.148881 0.203517 0.375345 0.272257
0.475251 0.155363 9.9991E-05 0.369286
0.0398053 0.38208 0.574012 0.00410331
9.9991E-05 0.507135 0.390556 0.102209
0.135501 0.460141 0.404257 9.9991E-05
9.9991E-05 0.40054 0.545105 0.0542556
9.9982E-05 0.984038 9.9982E-05 0.0157619
0.137561 0.199101 0.54866 0.114678
0.086172 0.290452 0.537416 0.0859609
0.111056 0.428572 0.460271 9.9991E-05
0.128112 0.200951 0.631502 0.0394346
0.0473918 0.695327 0.25689 0.000390964
9.9991E-05 0.341565 0.529967 0.128368
0.00217843 0.269105 0.609833 0.118884
0.142626 0.19014 0.382458 0.284776
9.9991E-05 0.422104 0.514541 0.0632556
0.0651363 0.307865 0.539992 0.0870061
9.9991E-05 0.286949 0.5859 0.127051
0.00912093 0.292975 0.697805 9.9991E-05
0.0950219 0.133498 0.723096 0.0483841
0.179844 0.103662 0.649233 0.0672612
0.100347 0.264607 0.502305 0.132741
0.768224 9.9991E-05 0.100256 0.131419
0.844592 9.9991E-05 0.104193 0.051115
0.813527 0.126079 0.0602941 9.9991E-05
0.849227 0.0539253 0.0755364 0.0213114
0.846516 9.9991E-05 0.123266 0.0301188
0.124237 0.5504 0.325263 9.9991E-05
0.0429236 0.258911 0.60606 0.0921054
0.206436 0.0934306 0.460053 0.240081
0.039288 0.170918 0.672163 0.117631
0.0263206 0.279244 0.646086 0.0483497
0.0360815 0.520333 0.341985 0.101601
0.210846 0.659207 0.129847 9.9991E-05
0.108979 0.271294 0.619627 9.9991E-05
0.142588 0.57924 0.242411 0.0357611
0.0326023 0.473427 0.388155 0.105815
0.198833 0.533041 0.260804 0.00732247
0.167016 0.121877 0.628265 0.0828428
0.173516 0.506299 0.2896 0.0305839
0.0376607 0.445978 0.4093 0.107061
0.068202 0.314368 0.55541 0.0620203
0.0125717 0.598938 0.29634 0.0921511
0.10874 0.228057 0.597074 0.0661293
0.134816 0.210034 0.559471 0.0956779
0.0520091 0.446027 0.493805 0.00815879
0.0690226 0.315884 0.484612 0.130481
0.108974 0.253877 0.578671 0.0584782
9.9991E-05 0.732139 0.237843 0.0299185
9.9991E-05 0.590482 0.35699 0.0524279
0.0600173 0.31764 0.593663 0.0286794
0.0534216 0.625215 0.321264 9.9991E-05
0.0298628 0.352526 0.617511 9.9991E-05
0.113481 0.634338 0.252081 9.9991E-05
9.9991E-05 0.590698 0.336734 0.0724679
0.0558455 0.384979 0.475938 0.0832367
0.0579053 0.170648 0.649171 0.122276
9.9991E-05 0.548947 0.44739 0.00356277
0.116207 0.26042 0.450138 0.173235
0.0594608 0.162168 0.676766 0.101605
0.0197718 0.219396 0.67211 0.0887223
0.0323009 0.314263 0.530515 0.122921
0.0633 0.277556 0.629753 0.0293909
0.00422692 0.57329 0.332123 0.0903599
0.0411719 0.475362 0.369041 0.114424
9.9991E-05 0.259053 0.637809 0.103037
0.0974636 0.245218 0.559366 0.0979522
0.111633 0.357621 0.51932 0.0114271
0.017921 0.264126 0.620187 0.0977655
0.124493 0.38981 0.407569 0.0781283
9.9991E-05 0.208921 0.716441 0.0745375
0.099383 0.236961 0.557734 0.105922
0.124314 0.213534 0.445947 0.216206
0.370046 0.0715938 0.379284 0.179077
0.117364 0.121146 0.476598 0.284892
0.210359 0.0897394 0.49943 0.200472
0.0580289 0.125947 0.633774 0.18225
0.290776 9.9991E-05 0.483773 0.225351
9.9991E-05 0.355808 0.51984 0.124253
0.219867 0.0103374 0.594504 0.175292
0.270481 0.482116 9.9991E-05 0.247303
0.0355693 0.193733 0.465062 0.305635
0.154572 0.0777371 0.630016 0.137675
0.0792274 0.13878 0.50908 0.272912
0.190761 0.301273 0.352941 0.155024
0.206574 0.0575122 0.63677 0.0991433
0.1761 0.0404356 0.599392 0.184072
0.513839 0.246367 9.9991E-05 0.239694
0.144703 0.0264586 0.543425 0.285413
0.139021 0.0491669 0.4782 0.333612
0.0306941 0.170723 0.561673 0.23691
0.237187 9.9991E-05 0.552115 0.210597
0.251898 0.00672327 0.666841 0.0745385
0.0714393 0.271814 0.577478 0.0792687
0.13481 0.116724 0.639293 0.109173
9.9991E-05 0.740251 0.231984 0.0276649
0.0174275 0.786485 0.195988 9.9991E-05
0.064969 0.200009 0.618604 0.116419
0.106037 0.0753768 0.448001 0.370585
0.0966765 0.114053 0.396858 0.392412
0.156094 0.246266 0.203294 0.394347
0.209239 0.036364 0.402536 0.351862
0.0472019 0.584246 0.162824 0.205729
0.12179 0.427354 0.285165 0.16569
9.9991E-05 0.205066 0.64143 0.153404
0.0789797 0.183986 0.569101 0.167933
0.0899 0.425902 0.317206 0.166991
0.0472479 0.174923 0.594575 0.183254
0.019876 0.164092 0.657031 0.159001
0.0977028 0.208514 0.512024 0.181759
0.0433154 0.463808 0.492777 9.9991E-05
0.013599 0.458455 0.486461 0.0414851
0.0250553 0.277507 0.529349 0.168088
0.0584622 0.354484 0.472824 0.11423
0.0744251 0.319833 0.506356 0.0993861
9.9991E-05 0.31598 0.67755 0.00636916
0.0193772 0.595173 0.299627 0.0858224
0.0963355 0.176313 0.669617 0.0577343
9.9991E-05 0.545777 0.358438 0.0956848
9.9991E-05 0.361477 0.568461 0.0699627
0.0127973 0.163525 0.724438 0.0992395
0.0611519 0.324327 0.539721 0.0748009
0.147207 9.9991E-05 0.57194 0.280753
0.234847 0.151385 0.412699 0.201069
0.13072 0.169091 0.350749 0.349439
0.207254 0.131364 0.391601 0.269781
0.243269 0.0327686 0.568956 0.155006
0.200143 0.133395 0.41716 0.249302
0.167592 0.562744 9.9991E-05 0.269564
0.0824324 0.054385 0.605072 0.258111
0.372046 0.399836 9.9991E-05 0.228018
0.0223063 0.151627 0.548675 0.277391
9.9991E-05 0.717856 0.272342 0.00970191
9.9991E-05 0.813724 0.163374 0.0228026
9.9991E-05 0.341986 0.618431 0.0394829
0.029284 0.179388 0.74918 0.0421483
9.9991E-05 0.425889 0.568697 0.00531339
9.9991E-05 0.270996 0.70541 0.0234937
9.9991E-05 0.259191 0.661078 0.0796312
0.812265 0.0793491 0.0839281 0.0244574
0.79843 0.120792 9.9991E-05 0.0806773
0.911621 9.9982E-05 9.9982E-05 0.0881792
0.959484 9.9982E-05 0.0403157 9.9982E-05
0.0331881 0.201162 0.76555 9.9991E-05
0.0549938 0.210766 0.728287 0.00595332
0.0191318 0.220092 0.760677 9.9991E-05
0.116954 0.163594 0.719352 9.9991E-05
0.169747 0.197661 0.568825 0.0637681
0.00846049 0.504517 0.486922 9.9991E-05
9.9991E-05 0.129265 0.820495 0.0501396
9.9982E-05 0.406739 0.593061 9.9982E-05
0.285954 0.0541897 0.443683 0.216173
9.9991E-05 0.338984 0.58672 0.0741959
9.9982E-05 0.403236 0.596564 9.9982E-05
9.9991E-05 0.198484 0.782349 0.0190671
9.9982E-05 0.372842 0.626958 9.9982E-05
0.0174991 0.140156 0.842245 9.9991E-05
0.101012 0.101552 0.774003 0.0234335
9.9982E-05 0.586677 0.413123 9.9982E-05
9.9991E-05 0.488771 0.506962 0.00416705
0.0179829 0.442073 0.512991 0.0269527
9.9982E-05 0.758967 0.240833 9.9982E-05
0.0587378 0.330234 0.558412 0.0526169
9.9991E-05 0.659924 0.321544 0.0184324
0.00123152 0.824009 0.17466 9.9991E-05
0.0769281 0.188034 0.724595 0.0104424
0.0485489 0.471789 0.479562 9.9991E-05
0.0133916 0.352141 0.53725 0.0972169
0.0844341 0.152169 0.643364 0.120033
0.026881 0.272293 0.700726 9.9991E-05
9.9991E-05 0.461248 0.393327 0.145324
0.0129062 0.216791 0.727006 0.0432961
0.096626 0.184053 0.708434 0.0108866
9.9982E-05 0.39501 0.60479 9.9982E-05
9.9991E-05 0.300221 0.541468 0.158211
0.709438 0.290362 9.9982E-05 9.9982E-05
0.781357 0.139109 0.0794332 9.9991E-05
0.828224 0.171576 9.9982E-05 9.9982E-05
0.86785 0.13195 9.9982E-05 9.9982E-05
0.771477 0.179322 0.0491004 9.9991E-05
0.042373 0.469704 0.487823 9.9991E-05
0.00486751 0.577685 0.417348 9.9991E-05
9.9982E-05 0.509537 0.490263 9.9982E-05
0.0848854 0.117002 0.605532 0.192581
0.0551771 0.190951 0.619228 0.134643
9.9991E-05 0.416763 0.572761 0.0103753
0.0619134 0.146503 0.77183 0.0197541
0.0792901 0.281594 0.588011 0.0511047
0.0314535 0.227996 0.728832 0.0117191
0.0986368 0.131487 0.769776 9.9991E-05
9.9991E-05 0.544648 0.43515 0.0201014
9.9982E-05 0.343026 0.656774 9.9982E-05
9.9982E-05 0.384015 0.615785 9.9982E-05
0.143694 0.149816 0.632879 0.0736116
0.0169172 0.287057 0.695925 9.9991E-05
0.0415626 0.268408 0.68993 9.9991E-05
0.108741 9.9991E-05 0.448625 0.442534
0.115531 0.00686154 0.371098 0.506509
0.108132 9.9991E-05 0.420395 0.471373
0.146749 0.00420881 0.289188 0.559854
0.137496 0.0268504 0.488232 0.347422
0.0832757 0.223237 0.671743 0.0217441
0.243786 0.0393788 0.0745164 0.642318
0.22336 9.9991E-05 0.379707 0.396832
0.105908 0.223348 0.455315 0.215429
0.172556 0.0970074 0.703542 0.0268945
0.209244 0.267187 0.523469 9.9991E-05
0.204107 0.082639 0.707678 0.00557605
0.126441 0.173167 0.605317 0.0950753
0.179931 9.9991E-05 0.345845 0.474124
0.141379 0.0577846 0.341455 0.459381
0.0695837 9.9991E-05 0.399857 0.530459
0.152197 0.0597951 0.447441 0.340567
0.117887 9.9991E-05 0.295323 0.58669
0.165103 9.9991E-05 0.445884 0.388913
0.170764 0.0529917 0.229482 0.546762
0.0426736 0.090708 0.466493 0.400125
0.0549701 0.245729 0.571741 0.12756
0.177978 0.0404564 0.377978 0.403588
0.232119 9.9991E-05 0.168124 0.599657
0.149549 0.127731 0.335096 0.387624
0.236097 0.442208 0.321596 9.9991E-05
9.9991E-05 0.246348 0.546082 0.20747
0.203106 0.00459122 0.483068 0.309234
0.132628 0.143542 0.613752 0.110079
0.242547 0.126699 0.630655 9.9991E-05
0.192661 0.18156 0.342064 0.283715
0.229862 0.0660793 0.388264 0.315794
0.166861 0.0827351 0.555007 0.195397
0.136648 0.0167416 0.397165 0.449445
0.102965 9.9991E-05 0.308386 0.588549
0.232802 0.0421124 0.0843626 0.640723
0.139553 0.0932963 0.667111 0.10004
0.145007 0.226989 0.627905 9.9991E-05
0.135304 0.480566 0.22053 0.1636
0.211271 0.058368 0.646233 0.0841281
0.135058 0.341707 0.495048 0.028188
0.214894 0.140083 0.420564 0.224459
0.15443 0.21221 0.502698 0.130662
0.341692 0.37759 9.9991E-05 0.280618
0.37946 0.383353 9.9991E-05 0.237087
0.186083 0.26732 0.323862 0.222735
0.325806 0.359885 9.9991E-05 0.31421
0.523163 0.19318 9.9991E-05 0.283557
0.0905479 0.23825 0.401875 0.269327
0.170752 0.244011 0.36093 0.224307
0.279863 0.324382 0.161055 0.234699
0.369672 0.317261 0.0914355 0.221631
0.21482 0.0655769 0.556837 0.162767
0.211376 0.37516 0.184468 0.228996
0.504166 0.325371 9.9991E-05 0.170364
0.155657 0.104317 0.559433 0.180593
0.249701 0.118376 0.346347 0.285576
0.345233 9.9991E-05 0.516861 0.137806
0.160606 9.9991E-05 0.549214 0.29008
0.176685 9.9991E-05 0.569375 0.25384
0.126333 0.14149 0.531897 0.200281
0.4062 9.9991E-05 0.403904 0.189797
0.166487 0.0697896 0.529281 0.234442
0.23627 9.9991E-05 0.55024 0.21339
0.266131 0.0933937 0.358993 0.281482
0.201264 0.287108 0.397864 0.113764
0.258011 9.9991E-05 0.615234 0.126655
0.250958 0.0657351 0.578393 0.104914
0.166916 0.0552273 0.621148 0.156709
0.298134 9.9991E-05 0.410178 0.291588
0.184386 9.9991E-05 0.570029 0.245486
0.357473 0.191866 0.188981 0.26168
0.192248 9.9991E-05 0.527682 0.27997
0.291984 0.148118 0.193372 0.366526
0.811776 0.177546 9.9991E-05 0.0105781
0.19155 0.599894 0.204738 0.00381761
0.190177 0.809623 9.9982E-05 9.9982E-05
0.202535 0.74101 0.0563556 9.9991E-05
0.130205 0.748239 0.0691424 0.052414
0.218643 0.664679 0.116578 9.9991E-05
0.123944 0.710119 0.165836 9.9991E-05
0.206883 0.792918 9.9982E-05 9.9982E-05
0.335587 0.603227 0.0610862 9.9991E-05
0.951071 0.00329024 0.020619 0.0250197
0.86286 0.0601189 0.0769208 9.9991E-05
0.915672 9.9991E-05 0.0355213 0.048707
0.852671 0.0807761 0.0664527 9.9991E-05
0.91031 0.0172632 0.0315522 0.0408751
0.926031 0.0725999 9.9991E-05 0.00126863
0.767054 0.066448 0.0467788 0.119719
0.881236 9.9991E-05 0.0457986 0.0728655
0.772763 0.123423 0.0409054 0.0629086
0.915401 0.000684004 9.9991E-05 0.0838154
0.970143 0.0296569 9.9982E-05 9.9982E-05
0.876176 0.00125901 0.0558591 0.0667056
0.972795 9.9991E-05 0.0166141 0.0104912
0.933904 9.9991E-05 0.0388763 0.0271199
0.87564 9.9991E-05 0.0572432 0.0670171
0.858696 9.9991E-05 0.048791 0.0924126
0.797113 9.9991E-05 0.0127107 0.190077
0.786553 9.9991E-05 0.118366 0.0949816
0.838835 9.9991E-05 0.0748958 0.0861689
0.172023 0.265269 0.456544 0.106164
0.130979 0.0880631 0.780858 9.9991E-05
0.119112 0.142421 0.681146 0.0573211
0.0898642 0.624516 0.18444 0.101179
0.204934 0.1642 0.630766 9.9991E-05
0.226155 0.555819 0.170599 0.0474263
0.114099 0.0631987 0.683772 0.13893
0.090487 0.319386 0.590027 9.9991E-05
0.178139 0.1726 0.647957 0.00130385
0.0629102 0.189843 0.747147 9.9991E-05
0.14311 0.273613 0.568076 0.0152016
0.0856327 0.181521 0.713585 0.0192613
0.0886393 0.202565 0.663963 0.0448329
9.9991E-05 0.790458 0.117993 0.0914484
0.0749939 0.844831 0.0202716 0.0599037
0.113895 0.581084 0.181167 0.123854
0.158939 0.115468 0.677658 0.0479344
0.136207 0.255132 0.528762 0.0798989
0.196501 0.176551 0.626848 9.9991E-05
0.0707125 0.0294346 0.799011 0.100842
0.198634 9.9991E-05 0.601506 0.19976
0.142925 9.9991E-05 0.670207 0.186769
0.432042 0.247257 0.133055 0.187646
0.191094 0.14183 0.596627 0.0704499
0.205337 0.199202 0.33469 0.260771
0.430052 0.316034 9.9991E-05 0.253814
0.273658 0.080837 0.378409 0.267096
0.367441 0.070513 0.40997 0.152076
0.401768 0.0193295 0.491399 0.0875033
0.0948869 0.115269 0.50412 0.285724
0.190166 0.0316335 0.572856 0.205345
0.168627 0.066152 0.587665 0.177555
0.180942 0.160782 0.431256 0.22702
0.42676 0.0762551 0.291076 0.205909
