0.907735 0.0921651 9.9991E-05
0.953982 0.0459181 9.9991E-05
0.885726 0.092491 0.0217832
0.811012 0.153194 0.0357943
0.891587 0.108313 9.9991E-05
0.69629 0.129235 0.174475
0.866784 0.0557842 0.0774319
0.784042 0.0877722 0.128186
0.923491 9.9991E-05 0.0764086
0.794532 0.084378 0.12109
0.796124 0.103988 0.0998885
0.155087 0.0631537 0.781759
0.0286451 0.357418 0.613936
0.118479 0.153017 0.728505
0.131871 0.21972 0.648409
0.120242 0.333853 0.545906
0.0122781 0.382771 0.604951
0.0481454 0.280492 0.671363
0.207393 0.154875 0.637732
0.205479 9.9991E-05 0.794421
0.0465052 0.24775 0.705745
0.0430005 0.29733 0.65967
0.00227485 0.327387 0.670338
0.15409 0.133675 0.712235
0.0266797 0.441188 0.532132
0.0245024 0.306759 0.668739
0.156595 0.0927616 0.750643
0.14187 0.180061 0.678069
0.136105 0.0700364 0.793859
0.854988 0.144912 9.9991E-05
0.851197 0.148703 9.9991E-05
0.79046 0.20944 9.9991E-05
0.721579 0.264751 0.0136698
0.0690743 0.251198 0.679728
0.0376433 0.343947 0.61841
9.9991E-05 0.318774 0.681126
0.187589 0.000184829 0.812226
9.9991E-05 0.138565 0.861335
0.0340668 0.362342 0.603591
9.9991E-05 0.421021 0.578879
0.0590756 0.297578 0.643346
0.0563114 0.378652 0.565037
0.066477 0.0318561 0.901667
0.0170213 0.391484 0.591495
0.0030154 0.40509 0.591894
0.0407567 0.37252 0.586723
9.9991E-05 0.147929 0.851971
0.015549 0.373272 0.611179
0.0608859 0.359202 0.579913
0.139913 9.9991E-05 0.859987
0.130413 9.9991E-05 0.869487
0.140994 0.0551192 0.803887
0.0690681 0.388139 0.542793
0.0428295 0.383722 0.573449
0.00210906 0.464968 0.532923
0.234615 0.0397865 0.725598
0.0374518 0.29545 0.667099
0.0534278 0.388687 0.557886
0.112971 0.223452 0.663577
0.29449 0.005417 0.700093
0.0559088 0.364805 0.579286
0.0691525 0.300465 0.630382
0.226301 9.9991E-05 0.773599
0.0269817 0.222844 0.750174
9.9991E-05 0.382255 0.617645
0.0293452 0.348929 0.621726
0.162716 0.15623 0.681055
0.0414499 0.306384 0.652166
0.0293948 0.33348 0.637125
0.155624 0.0436496 0.800727
9.9991E-05 0.274288 0.725612
0.0199993 0.0781972 0.901804
0.0479163 0.369504 0.58258
9.999E-05 9.999E-05 0.9998
9.999E-05 9.999E-05 0.9998
9.9991E-05 0.113815 0.886085
9.9991E-05 0.232731 0.767169
0.0967184 0.382604 0.520678
9.9991E-05 0.284184 0.715716
0.075167 0.0573707 0.867462
0.0310615 0.0821849 0.886754
0.0447807 0.357033 0.598187
0.011103 0.190239 0.798658
9.9991E-05 0.249284 0.750616
9.9991E-05 0.233098 0.766802
0.089557 9.9991E-05 0.910343
9.9991E-05 0.359651 0.640249
0.850013 0.117496 0.0324915
0.878947 0.120953 9.9991E-05
0.824685 0.175215 9.9991E-05
0.89279 0.10711 9.9991E-05
0.918625 0.0812746 9.9991E-05
0.85103 0.14887 9.9991E-05
0.88682 0.11308 9.9991E-05
0.0336124 0.366969 0.599418
0.10833 0.387691 0.503979
0.0922998 9.9991E-05 0.9076
0.00255054 0.375973 0.621476
0.00974136 0.205392 0.784866
0.0241671 0.29109 0.684743
9.9991E-05 0.352736 0.647164
9.9991E-05 0.321907 0.677993
0.118581 9.9991E-05 0.881319
0.090911 0.297321 0.611768
9.9991E-05 0.407993 0.591907
0.0446857 0.389098 0.566216
0.0227237 0.131751 0.845525
9.9991E-05 0.286531 0.713369
9.9991E-05 0.237449 0.762451
9.9991E-05 0.206717 0.793183
0.0198575 0.227349 0.752794
0.0386911 0.342211 0.619098
0.109715 0.163466 0.726819
0.135713 0.184923 0.679365
0.105167 0.353016 0.541817
0.0631499 0.393505 0.543345
0.0720635 0.244561 0.683375
9.9991E-05 0.379212 0.620688
0.0926595 0.227886 0.679455
0.066842 0.330402 0.602756
0.0080304 0.380368 0.611602
0.0326192 0.320534 0.646847
0.0183579 0.299368 0.682274
0.0575416 0.408949 0.533509
0.0834819 0.392538 0.52398
9.9991E-05 0.387242 0.612658
0.0423683 0.394349 0.563282
9.9991E-05 0.367081 0.632819
0.154276 0.212121 0.633603
0.0239173 0.421356 0.554727
9.9991E-05 0.44312 0.55678
0.139453 0.0700216 0.790525
0.124088 0.0515743 0.824337
0.0478673 0.319191 0.632942
0.0704403 9.9991E-05 0.92946
0.0920072 0.114331 0.793661
0.00907877 0.219547 0.771374
0.0724774 0.142758 0.784764
0.0586134 0.0945637 0.846823
0.0251678 0.334383 0.64045
0.0595105 0.373282 0.567207
0.00964849 0.361637 0.628715
0.103395 0.0479127 0.848692
0.117706 0.332078 0.550216
0.0811121 0.300576 0.618312
0.284285 9.9991E-05 0.715615
0.00103567 0.454594 0.54437
0.142456 0.172662 0.684882
0.0984656 0.359761 0.541773
0.168278 0.0914337 0.740288
0.19451 9.9991E-05 0.80539
0.07451 0.232369 0.693121
0.0834264 0.361608 0.554966
0.14498 0.288422 0.566598
0.190061 0.063658 0.746281
0.0468182 0.396179 0.557003
0.00123247 0.11036 0.888408
9.9991E-05 0.216177 0.783723
0.0467777 0.36708 0.586143
0.44355 0.340901 0.21555
0.721056 0.113314 0.16563
0.742603 0.106945 0.150452
0.424678 0.33618 0.239142
9.9991E-05 0.310035 0.689865
0.0185098 0.41167 0.56982
0.00201499 0.888423 0.109562
0.0745278 0.657267 0.268205
0.106872 0.657546 0.235583
0.0808407 0.136363 0.782797
0.0715383 0.327728 0.600733
0.0439597 0.0906829 0.865357
0.0183435 0.335019 0.646637
0.038552 0.272848 0.688599
9.9991E-05 0.329823 0.670077
0.100401 0.0681797 0.831419
9.9991E-05 0.411116 0.588784
0.0418685 0.351732 0.606399
0.0735245 0.926376 9.9991E-05
0.0604606 0.939439 9.9991E-05
0.0958684 0.73297 0.171162
0.00815323 0.847159 0.144687
0.0970444 0.880356 0.0225998
0.0752311 0.924669 9.9991E-05
0.0791907 0.920709 9.9991E-05
0.00996383 0.989936 9.9991E-05
0.0968044 0.903096 9.9991E-05
0.062046 0.937854 9.9991E-05
0.0595648 0.940335 9.9991E-05
0.0777475 0.875485 0.0467677
0.143697 0.856203 9.9991E-05
0.048688 0.951212 9.9991E-05
0.111708 0.563727 0.324565
0.0949816 0.808345 0.0966735
0.0853338 0.914566 9.9991E-05
0.0782089 0.921691 9.9991E-05
0.0268514 0.973049 9.9991E-05
0.0970757 0.902824 9.9991E-05
0.0791127 0.920787 9.9991E-05
0.101165 0.785636 0.1132
0.0760247 0.923875 9.9991E-05
0.467643 0.037703 0.494654
0.259091 0.310908 0.430001
0.169935 0.342726 0.487339
0.288377 0.210663 0.50096
0.127448 0.386115 0.486437
0.370353 0.151186 0.478461
0.213258 0.368825 0.417917
0.238591 0.311046 0.450363
0.155487 0.392746 0.451768
0.196227 0.363024 0.440749
0.163595 0.380699 0.455706
0.884826 0.0835322 0.0316417
0.891039 0.108861 9.9991E-05
0.947654 0.052246 9.9991E-05
0.961657 0.038243 9.9991E-05
0.899305 0.100595 9.9991E-05
0.95311 0.0467896 9.9991E-05
0.896315 0.103585 9.9991E-05
0.956319 0.0435813 9.9991E-05
0.89916 0.10074 9.9991E-05
0.917642 0.0822576 9.9991E-05
0.731438 9.9991E-05 0.268462
0.733828 9.9991E-05 0.266072
0.650243 9.9991E-05 0.349657
0.593697 9.9991E-05 0.406203
0.042983 0.292868 0.664149
9.9991E-05 0.294017 0.705883
9.9991E-05 0.309128 0.690772
0.0440136 0.175355 0.780632
0.1293 0.041132 0.829568
9.9991E-05 0.394514 0.605386
9.9991E-05 0.316647 0.683253
9.9991E-05 0.293767 0.706133
9.9991E-05 0.20041 0.79949
0.00973701 0.418811 0.571452
9.9991E-05 0.217346 0.782554
9.999E-05 9.999E-05 0.9998
0.0416022 0.342777 0.615621
9.9991E-05 0.0862676 0.913632
9.9991E-05 0.303659 0.696241
0.0354887 0.0424691 0.922042
0.35989 9.9991E-05 0.64001
0.324616 9.9991E-05 0.675284
0.295888 9.9991E-05 0.704012
0.33167 9.9991E-05 0.66823
0.243453 9.9991E-05 0.756447
0.286335 9.9991E-05 0.713565
0.856617 0.143283 9.9991E-05
0.81702 0.141655 0.0413247
0.774925 0.18423 0.0408452
0.85149 0.143835 0.00467468
0.776612 0.205772 0.0176161
0.56404 9.9991E-05 0.43586
0.617877 9.9991E-05 0.382023
0.593771 9.9991E-05 0.406129
0.846795 0.153105 9.9991E-05
0.573444 9.9991E-05 0.426456
0.284168 0.532067 0.183765
0.0794976 0.539372 0.38113
0.13299 0.605585 0.261424
0.312671 0.477427 0.209901
0.126575 0.468336 0.405089
0.564296 0.327211 0.108494
0.0376672 0.203658 0.758675
0.013775 0.235085 0.75114
0.108483 0.0890295 0.802488
9.9991E-05 0.251 0.7489
0.107102 9.9991E-05 0.892798
0.061594 0.393224 0.545182
0.0124719 0.313809 0.673719
0.100979 0.0846735 0.814348
0.0429912 0.314609 0.642399
0.0505859 9.9991E-05 0.949314
0.00149997 0.334859 0.663641
0.0149736 0.266041 0.718986
0.10401 0.376936 0.519054
0.0530342 0.16434 0.782626
0.0188587 0.237227 0.743914
9.9991E-05 0.331764 0.668136
9.9991E-05 0.282309 0.717591
9.9991E-05 0.408472 0.591428
0.0830561 0.355008 0.561935
0.0153142 0.348404 0.636282
0.81161 0.18829 9.9991E-05
0.863863 0.136037 9.9991E-05
0.898915 0.086982 0.0141033
0.879756 0.120144 9.9991E-05
0.870047 0.129853 9.9991E-05
0.202935 0.000749209 0.796316
0.029259 0.352726 0.618015
0.202852 0.500266 0.296883
9.9991E-05 0.412387 0.587513
9.9991E-05 0.318542 0.681358
0.0837648 0.128652 0.787583
0.276227 9.9991E-05 0.723673
0.0638629 0.243118 0.693019
0.154892 0.105386 0.739722
0.021824 0.279024 0.699152
0.228223 0.010341 0.761436
0.0689165 0.391632 0.539451
0.196854 0.0186232 0.784522
0.100321 0.175384 0.724294
0.0751188 0.307052 0.617829
0.0782835 0.100159 0.821557
0.0253582 0.333248 0.641393
0.0804135 0.356957 0.562629
0.0898338 0.0508033 0.859363
0.0300476 0.356291 0.613661
0.0423497 0.267296 0.690354
0.0967043 9.9991E-05 0.903196
0.13602 0.0104429 0.853537
0.0368763 0.201599 0.761525
0.103002 9.9991E-05 0.896898
0.0262903 0.188188 0.785522
0.194237 9.9991E-05 0.805663
0.0446068 0.148729 0.806665
0.108009 0.243575 0.648416
0.0248051 0.357665 0.61753
0.101527 0.0843779 0.814095
0.0547828 0.35809 0.587127
0.0282488 0.351833 0.619919
0.0549506 0.297467 0.647582
0.0165567 0.336723 0.64672
0.0441854 0.2782 0.677614
0.0937424 0.110437 0.795821
0.0287619 0.240318 0.73092
9.9991E-05 0.344097 0.655803
0.00188749 0.417065 0.581048
0.123049 0.216082 0.660869
0.0144277 0.341029 0.644543
0.0855793 0.205447 0.708973
0.0450024 0.324721 0.630277
0.0608613 0.352111 0.587028
0.0847175 0.365401 0.549881
0.313181 0.442115 0.244704
0.11666 0.500102 0.383238
0.141896 0.423427 0.434677
0.0942987 0.473201 0.432501
0.177819 0.468764 0.353417
9.9991E-05 0.263664 0.736236
0.127786 0.42396 0.448254
0.342228 0.178802 0.47897
0.0848318 0.479924 0.435244
0.101626 0.502699 0.395675
0.0816333 0.484939 0.433428
0.226202 0.302963 0.470835
0.13217 0.473384 0.394445
0.0700235 0.492804 0.437173
0.697881 0.120764 0.181355
0.157679 0.490624 0.351697
0.126652 0.528963 0.344385
0.0636792 0.476253 0.460068
0.142562 0.563684 0.293754
0.188677 0.431489 0.379834
0.0153694 0.261595 0.723036
0.0509442 0.370562 0.578493
0.0579466 9.9991E-05 0.941953
0.0861134 9.9991E-05 0.913787
0.034438 0.297128 0.668434
0.173582 0.526797 0.29962
0.159107 0.521502 0.319391
0.223937 0.449287 0.326776
0.181938 0.49425 0.323812
0.20474 0.101061 0.694199
0.17977 0.135982 0.684248
9.9991E-05 0.378928 0.620972
0.0518742 0.351176 0.59695
0.107382 0.188035 0.704582
0.00278992 0.376349 0.620861
9.9991E-05 0.434667 0.565233
0.0393321 0.365161 0.595507
0.0218502 0.191975 0.786174
9.9991E-05 0.203871 0.796029
0.00383161 0.313945 0.682224
0.0206064 0.285046 0.694347
0.0462658 0.339794 0.61394
9.9991E-05 0.244626 0.755274
0.0542698 0.0910745 0.854656
9.9991E-05 0.377132 0.622768
0.0270374 0.0696313 0.903331
0.019752 0.248946 0.731302
0.0488974 0.301518 0.649585
0.0277918 0.312805 0.659404
0.165901 0.444447 0.389652
0.148656 0.401243 0.450102
0.192643 0.482339 0.325018
0.217514 0.439108 0.343378
0.157037 0.465493 0.37747
0.16261 0.416031 0.421359
0.30609 0.123407 0.570504
0.0535406 0.542876 0.403583
0.527939 0.108787 0.363274
0.0397688 0.48121 0.479021
0.0355356 0.0272321 0.937232
0.0438042 9.9991E-05 0.956096
9.9991E-05 0.252314 0.747586
9.9991E-05 0.361409 0.638491
9.9991E-05 0.208014 0.791886
9.9991E-05 0.335751 0.664149
9.9991E-05 0.300938 0.698962
0.898468 0.0677254 0.0338067
0.788075 0.127959 0.0839668
0.917011 0.0828891 9.9991E-05
0.923564 0.0763358 9.9991E-05
9.9991E-05 0.338796 0.661104
9.9991E-05 0.304499 0.695401
9.9991E-05 0.297317 0.702583
0.0116855 0.346896 0.641418
0.0366802 0.361176 0.602144
0.0626244 0.141855 0.795521
9.9991E-05 0.343948 0.655952
0.000120826 0.134774 0.865105
0.296773 0.42129 0.281936
9.9991E-05 0.251716 0.748184
0.00970362 0.157462 0.832834
9.9991E-05 0.296544 0.703356
9.9991E-05 0.251148 0.748752
9.9991E-05 0.334164 0.665736
9.9991E-05 0.301374 0.698526
0.0195942 9.9991E-05 0.980306
9.9991E-05 0.157742 0.842158
9.9991E-05 0.188158 0.811742
0.00766421 9.9991E-05 0.992236
0.0355057 0.22989 0.734604
0.0215584 0.00172012 0.976722
0.0361538 9.9991E-05 0.963746
9.9991E-05 0.36107 0.63883
0.0706881 0.0517932 0.877519
9.9991E-05 0.267293 0.732607
0.039011 0.400707 0.560282
9.9991E-05 0.292101 0.707799
0.026359 0.184207 0.789435
9.9991E-05 0.347641 0.652259
9.9991E-05 0.263827 0.736073
9.9991E-05 0.146756 0.853144
0.0442835 0.336836 0.618881
0.775514 9.9991E-05 0.224386
0.843623 0.00560492 0.150772
0.936705 9.9991E-05 0.0631951
0.910407 9.9991E-05 0.0894935
0.804038 0.0140914 0.181871
0.0740857 0.0420753 0.883839
0.0759154 0.0102231 0.913862
9.9991E-05 0.106359 0.893541
0.04527 0.400458 0.554272
0.0649818 0.381977 0.553041
9.9991E-05 0.175865 0.824035
9.9991E-05 0.399749 0.600151
0.00928165 0.23537 0.755349
9.9991E-05 0.282202 0.717698
9.9991E-05 0.370181 0.629719
9.9991E-05 0.0853568 0.914543
9.9991E-05 0.126084 0.873816
0.00945113 0.139597 0.850951
0.0771704 0.38315 0.539679
0.000812984 0.18514 0.814047
0.00766584 0.225682 0.766652
0.0752017 0.663544 0.261254
0.138979 0.655302 0.205719
0.0838154 0.708321 0.207864
0.174835 0.701227 0.123938
0.10129 0.608949 0.28976
0.0362475 0.323065 0.640688
0.360594 0.639306 9.9991E-05
0.175767 0.69122 0.133013
0.197055 0.376939 0.426006
0.120643 0.301205 0.578152
0.141883 0.299119 0.558999
0.0984758 0.3792 0.522324
0.0865815 0.39137 0.522049
0.176218 0.706069 0.117714
0.115409 0.612491 0.2721
0.0405701 0.780087 0.179343
0.138956 0.578259 0.282784
0.218551 0.648528 0.132921
0.129948 0.584906 0.285147
0.171791 0.683706 0.144503
0.107977 0.606146 0.285876
0.110549 0.286306 0.603145
0.160827 0.601006 0.238167
0.263818 0.703157 0.0330247
0.0957023 0.629296 0.275002
0.261393 0.107878 0.630729
9.9991E-05 0.401252 0.598648
0.144245 0.597245 0.25851
0.119065 0.323168 0.557767
0.151918 0.273114 0.574967
0.218957 0.396673 0.38437
0.239624 0.483275 0.277101
0.0741098 0.421613 0.504277
0.150032 0.542236 0.307732
0.12155 0.671205 0.207245
0.2745 0.7254 9.9991E-05
0.0472521 0.439808 0.51294
0.177192 0.211383 0.611425
0.230101 0.0772068 0.692692
0.103753 0.395387 0.500861
0.120671 0.24151 0.637818
0.149928 0.466177 0.383896
0.139 0.394982 0.466017
0.54266 0.112143 0.345198
0.508583 0.0662965 0.425121
0.225922 0.246027 0.528051
0.454802 0.20953 0.335668
0.632006 0.195324 0.17267
0.226646 0.304738 0.468617
0.253422 0.372893 0.373685
0.385861 0.259959 0.354179
0.396206 0.159891 0.443903
0.158516 0.442299 0.399185
0.345281 0.213097 0.441622
0.597585 0.0458136 0.356601
0.102597 0.412389 0.485014
0.263637 0.384216 0.352147
0.289672 0.461798 0.24853
0.07616 0.641617 0.282223
0.108055 0.530541 0.361404
0.13337 0.548118 0.318511
0.343942 0.41983 0.236229
0.19762 0.487632 0.314748
0.213121 0.512562 0.274317
0.273885 0.442453 0.283662
0.214133 0.29519 0.490677
0.150175 0.443898 0.405927
0.124468 0.504521 0.371011
0.0667933 0.473316 0.459891
0.237359 0.496754 0.265886
0.162682 0.487499 0.349819
0.471886 0.374266 0.153848
0.143876 0.500547 0.355576
0.356007 0.444207 0.199786
0.859434 0.0432717 0.0972939
0.230016 9.9991E-05 0.769884
0.269228 9.9991E-05 0.730672
0.258624 9.9991E-05 0.741276
0.201028 9.9991E-05 0.798872
0.251196 9.9991E-05 0.748704
0.207169 9.9991E-05 0.792731
0.270413 9.9991E-05 0.729487
0.390187 9.9991E-05 0.609713
0.916253 0.0607406 0.0230065
0.833148 0.0834381 0.0834138
0.879938 0.0834981 0.0365641
0.883462 0.0562346 0.0603036
0.913869 0.0860313 9.9991E-05
0.899407 0.100493 9.9991E-05
0.759071 0.191452 0.0494768
0.863292 0.136608 9.9991E-05
0.754308 0.187767 0.0579247
0.887055 0.112845 9.9991E-05
0.961434 0.0384657 9.9991E-05
0.877999 0.121901 9.9991E-05
0.966638 0.0332623 9.9991E-05
0.918636 0.0812638 9.9991E-05
0.86697 0.13293 9.9991E-05
0.89383 0.10607 9.9991E-05
0.834803 0.165097 9.9991E-05
0.806922 0.192978 9.9991E-05
0.793169 0.206731 9.9991E-05
0.162498 0.194245 0.643257
0.0270623 0.387527 0.585411
0.0825414 0.372862 0.544597
0.231985 0.0162009 0.751814
0.124247 0.278422 0.597331
0.275313 0.0120619 0.712625
0.0378857 0.417644 0.54447
0.139942 0.200446 0.659612
0.158711 0.258639 0.582651
9.9991E-05 0.288996 0.710904
0.123714 0.219859 0.656427
0.00688645 0.417071 0.576042
0.0975375 0.291104 0.611359
0.147747 9.9991E-05 0.852153
0.26852 9.9991E-05 0.73138
0.243593 0.0345186 0.721889
0.0754865 0.398401 0.526112
0.0638945 0.307695 0.62841
0.0397483 0.369808 0.590444
0.0115713 0.446782 0.541647
0.184247 0.4385 0.377253
0.170183 0.513126 0.316692
0.430275 0.240351 0.329374
0.0790242 0.387844 0.533132
0.203468 0.37253 0.424002
0.590655 0.154479 0.254865
0.309999 0.44001 0.249991
0.367855 0.354412 0.277733
0.309457 0.320647 0.369897
0.0969213 0.444373 0.458705
0.142056 0.456881 0.401063
0.117424 0.457639 0.424938
0.150588 0.435449 0.413963
0.510033 0.280803 0.209165
