0.105839 9.9991E-05 0.894061
0.0529014 9.9991E-05 0.946999
0.100475 0.0259868 0.873538
0.130128 0.0436422 0.82623
0.109583 9.9991E-05 0.890317
0.110718 0.178943 0.71034
0.0530743 0.0874558 0.85947
0.0662551 0.140307 0.793438
9.9991E-05 0.0691377 0.930762
0.0743181 0.125188 0.800494
0.105795 0.12437 0.769835
0.0843739 0.747754 0.167872
0.338252 0.606289 0.0554585
0.153051 0.715439 0.13151
0.236344 0.622272 0.141384
0.3392 0.525723 0.135077
0.366686 0.593413 0.0399018
0.281609 0.686805 0.0315863
0.173378 0.638181 0.188441
9.9991E-05 0.778287 0.221613
0.235634 0.695916 0.06845
0.283732 0.659784 0.0564841
0.352381 0.646728 0.000890834
0.135181 0.703717 0.161103
0.446136 0.528789 0.0250751
0.312269 0.636591 0.0511391
0.070106 0.768476 0.161418
0.174083 0.687443 0.138474
0.045091 0.818263 0.136646
0.162267 9.9991E-05 0.837633
0.158315 9.9991E-05 0.841585
0.20735 9.9991E-05 0.79255
0.252142 0.00389612 0.743962
0.264704 0.673868 0.0614277
0.363527 0.582032 0.0544408
0.310026 0.689874 9.9991E-05
0.0265281 0.78286 0.190612
0.140076 0.859824 9.9991E-05
0.36172 0.602339 0.0359405
0.4075 0.5924 9.9991E-05
0.314677 0.59446 0.0908629
0.365685 0.588186 0.0461289
0.0128365 0.907638 0.0795253
0.4059 0.572215 0.0218849
0.382413 0.604748 0.0128397
0.397912 0.525418 0.0766706
0.163234 0.836666 9.9991E-05
0.362785 0.637115 9.9991E-05
0.383991 0.55224 0.0637688
9.9991E-05 0.869257 0.130643
9.9991E-05 0.869893 0.130007
0.075371 0.804576 0.120053
0.387134 0.589958 0.0229076
0.410827 0.567162 0.0220109
0.410858 0.551452 0.0376898
0.048914 0.704185 0.246901
0.280717 0.70673 0.0125531
0.394315 0.575083 0.0306024
0.239845 0.64498 0.115176
0.0320993 0.668719 0.299182
0.338556 0.593181 0.0682628
0.327161 0.627842 0.0449968
9.9991E-05 0.779726 0.220174
0.198098 0.764881 0.037021
0.365298 0.634602 9.9991E-05
0.340838 0.622214 0.0369486
0.146358 0.699295 0.154347
0.31308 0.639014 0.0479063
0.334288 0.636502 0.0292102
0.0396134 0.798296 0.16209
0.261886 0.738014 9.9991E-05
0.0760794 0.897118 0.0268026
0.340787 0.584649 0.0745646
9.9991E-05 0.983968 0.0159316
9.999E-05 0.9998 9.999E-05
0.0997856 0.900114 9.9991E-05
0.243008 0.756892 9.9991E-05
0.413661 0.523722 0.062617
0.271097 0.728803 9.9991E-05
0.0221786 0.890621 0.0872009
0.0918086 0.876373 0.0318179
0.386811 0.607604 0.00558475
0.19345 0.80645 9.9991E-05
0.249677 0.750223 9.9991E-05
0.260689 0.739211 9.9991E-05
9.9991E-05 0.913751 0.0861493
0.362549 0.637351 9.9991E-05
0.125823 0.0228113 0.851366
0.117903 9.9991E-05 0.881997
0.190486 9.9991E-05 0.809414
0.11769 9.9991E-05 0.88221
0.0702377 9.9991E-05 0.929662
0.160656 9.9991E-05 0.839244
0.116463 9.9991E-05 0.883437
0.383813 0.592482 0.0237054
0.404834 0.557257 0.0379095
9.9991E-05 0.895737 0.104163
0.3772 0.579646 0.0431545
0.187597 0.808426 0.00397631
0.299783 0.700117 9.9991E-05
0.349811 0.650089 9.9991E-05
0.330133 0.669767 9.9991E-05
9.9991E-05 0.899314 0.100586
0.318394 0.613663 0.0679425
0.416307 0.572372 0.0113212
0.402895 0.542631 0.0544739
0.148776 0.840157 0.0110667
0.285407 0.714493 9.9991E-05
0.253259 0.746641 9.9991E-05
0.206199 0.793701 9.9991E-05
0.232332 0.747757 0.0199105
0.358024 0.57977 0.0622055
0.160493 0.725502 0.114005
0.199932 0.689812 0.110257
0.347175 0.556413 0.0964112
0.390574 0.565513 0.0439123
0.246605 0.678342 0.0750531
0.357202 0.61587 0.0269275
0.214993 0.678277 0.106729
0.326857 0.598995 0.074148
0.371771 0.566869 0.0613596
0.321241 0.659484 0.0192753
0.272491 0.705408 0.0221014
0.417842 0.561876 0.0202819
0.403375 0.55879 0.0378353
0.389308 0.610592 9.9991E-05
0.384201 0.543068 0.072731
0.367469 0.632431 9.9991E-05
0.192705 0.651807 0.155488
0.401157 0.597739 0.00110458
0.381591 0.618309 9.9991E-05
0.0732358 0.789478 0.137287
0.0632726 0.80963 0.127097
0.31354 0.64053 0.0459301
9.9991E-05 0.91909 0.0808103
0.10839 0.788587 0.103022
0.179381 0.782226 0.038393
0.144641 0.770779 0.0845798
0.0896677 0.825951 0.0843808
0.299262 0.646761 0.0539768
0.370042 0.53096 0.0989984
0.336469 0.654282 0.00924887
0.0409884 0.825359 0.133653
0.347708 0.555134 0.0971579
0.28829 0.634818 0.0768914
9.9991E-05 0.718133 0.281767
0.450896 0.549004 9.9991E-05
0.182944 0.70196 0.115096
0.346812 0.534253 0.118935
0.0717577 0.743559 0.184683
9.9991E-05 0.794775 0.205125
0.221367 0.688591 0.0900421
0.346444 0.577284 0.076272
0.268481 0.608204 0.123315
0.0646201 0.775549 0.159831
0.370282 0.57756 0.0521581
0.121181 0.878719 9.9991E-05
0.219458 0.780442 9.9991E-05
0.396242 0.527637 0.0761209
0.3538 0.214391 0.431809
0.115644 0.173748 0.710608
0.106168 0.173511 0.720321
0.315301 0.217013 0.467686
0.329413 0.670487 9.9991E-05
0.38376 0.613201 0.00303915
0.89845 0.0967425 0.00480743
0.676215 0.255629 0.0681559
0.650459 0.302127 0.0474138
0.114796 0.795271 0.0899329
0.323082 0.612568 0.0643498
0.0799239 0.866587 0.0534888
0.340117 0.645852 0.0140317
0.247435 0.68969 0.0628751
0.324416 0.675484 9.9991E-05
0.0548397 0.852016 0.0931441
0.429602 0.570298 9.9991E-05
0.354529 0.596959 0.0485122
0.936595 9.9991E-05 0.0633053
0.933714 9.9991E-05 0.0661864
0.729495 0.188936 0.0815682
0.864588 0.101728 0.033684
0.91622 0.0165537 0.0672262
0.926082 9.9991E-05 0.0738184
0.915674 9.9991E-05 0.0842264
0.974406 0.0254942 9.9991E-05
0.900924 9.9991E-05 0.0989759
0.945201 9.9991E-05 0.0546986
0.927586 9.9991E-05 0.0723144
0.901488 0.0329764 0.0655361
0.843638 0.0232056 0.133156
0.946559 9.9991E-05 0.0533412
0.593789 0.318609 0.0876012
0.811698 0.121003 0.0672987
0.905279 9.9991E-05 0.0946215
0.937319 9.9991E-05 0.0625805
0.966376 9.9991E-05 0.033524
0.920033 9.9991E-05 0.0798667
0.919829 9.9991E-05 0.0800713
0.786258 0.121987 0.0917546
0.908704 9.9991E-05 0.0911961
0.0255744 0.506977 0.467449
0.33256 0.454484 0.212956
0.323116 0.501669 0.175215
0.201389 0.490705 0.307905
0.402881 0.49276 0.104358
0.149565 0.490498 0.359937
0.365693 0.460874 0.173433
0.29828 0.46292 0.2388
0.406973 0.412248 0.180779
0.350126 0.453575 0.196298
0.365808 0.456925 0.177267
0.101809 0.00750627 0.890685
0.109573 9.9991E-05 0.890327
0.0543583 9.9991E-05 0.945542
0.0441186 9.9991E-05 0.955781
0.0980262 9.9991E-05 0.901874
0.0588477 9.9991E-05 0.941052
0.105481 9.9991E-05 0.894419
0.0604543 9.9991E-05 0.939446
0.107139 9.9991E-05 0.892761
0.0919756 9.9991E-05 0.907924
9.9991E-05 0.284784 0.715116
9.9991E-05 0.267898 0.732002
9.9991E-05 0.337497 0.662403
9.9991E-05 0.422956 0.576944
0.254228 0.661559 0.0842133
0.291208 0.702981 0.00581114
0.305733 0.694167 9.9991E-05
0.170355 0.807578 0.0220674
0.0456654 0.824931 0.129404
0.417002 0.582898 9.9991E-05
0.308636 0.691264 9.9991E-05
0.279273 0.720627 9.9991E-05
0.201876 0.798024 9.9991E-05
0.38871 0.60076 0.0105293
0.209768 0.790132 9.9991E-05
9.999E-05 0.9998 9.999E-05
0.362824 0.617515 0.0196609
0.0666972 0.933203 9.9991E-05
0.309582 0.690318 9.9991E-05
0.0230845 0.924718 0.0521974
9.9991E-05 0.637228 0.362672
9.9991E-05 0.683404 0.316496
9.9991E-05 0.678411 0.321489
9.9991E-05 0.664805 0.335095
9.9991E-05 0.7632 0.2367
9.9991E-05 0.720015 0.279885
0.145657 9.9991E-05 0.854243
0.144917 0.0309312 0.824152
0.189785 0.0586744 0.75154
0.156428 9.9991E-05 0.843472
0.201227 0.0392596 0.759514
9.9991E-05 0.434849 0.565051
9.9991E-05 0.414056 0.585844
9.9991E-05 0.422925 0.576975
0.152841 0.0147568 0.832402
9.9991E-05 0.424442 0.575458
0.516123 0.201728 0.282149
0.518059 0.375647 0.106294
0.632857 0.262958 0.104185
0.473218 0.233084 0.293698
0.45282 0.409147 0.138033
0.307654 0.111443 0.580903
0.192434 0.75863 0.0489359
0.23293 0.732959 0.0341109
0.0744276 0.82448 0.101092
0.276634 0.723266 9.9991E-05
9.9991E-05 0.891645 0.108255
0.35843 0.592015 0.0495546
0.310307 0.669913 0.0197796
0.096539 0.774176 0.129285
0.335135 0.620096 0.0447695
9.9991E-05 0.920744 0.0791561
0.315974 0.683926 9.9991E-05
0.27247 0.700807 0.0267225
0.385008 0.506673 0.108319
0.160499 0.797848 0.0416527
0.245832 0.745893 0.00827508
0.336664 0.663236 9.9991E-05
0.280499 0.719401 9.9991E-05
0.42967 0.57023 9.9991E-05
0.341384 0.581326 0.0772901
0.348676 0.608326 0.042998
0.210552 9.9991E-05 0.789348
0.156191 9.9991E-05 0.843709
0.0990118 0.0133213 0.887667
0.119024 9.9991E-05 0.880876
0.114292 9.9991E-05 0.885608
0.003964 0.776482 0.219554
0.338313 0.62224 0.0394471
0.499181 0.340326 0.160493
0.408219 0.591681 9.9991E-05
0.304402 0.686353 0.00924575
0.131598 0.798053 0.070349
9.9991E-05 0.741844 0.258056
0.255312 0.65771 0.0869779
0.0955818 0.710086 0.194333
0.26147 0.679307 0.059223
9.9991E-05 0.765716 0.234184
0.362703 0.585467 0.0518301
0.0106155 0.788359 0.201025
0.186063 0.723973 0.0899633
0.326855 0.606453 0.0666921
0.086691 0.817382 0.0959272
0.334272 0.640149 0.0255796
0.343725 0.590375 0.0659003
0.0480609 0.845228 0.106711
0.365103 0.562592 0.0723058
0.266531 0.688558 0.0449104
9.9991E-05 0.911585 0.0883151
9.9991E-05 0.867417 0.132483
0.176431 0.75572 0.0678485
9.9991E-05 0.886891 0.113009
0.202599 0.772957 0.0244445
0.00208491 0.820094 0.177821
0.132604 0.836109 0.031287
0.250722 0.668166 0.0811116
0.335076 0.625821 0.0391026
0.0740123 0.843897 0.0820908
0.351665 0.604897 0.0434381
0.356219 0.606449 0.0373324
0.300315 0.677885 0.0218005
0.316329 0.674087 0.00958361
0.278904 0.679587 0.0415088
0.103731 0.793671 0.102598
0.233077 0.728237 0.0386862
0.35528 0.64462 9.9991E-05
0.405123 0.594777 9.9991E-05
0.237635 0.656209 0.106156
0.326631 0.667024 0.00634495
0.2314 0.670137 0.0984631
0.370632 0.620414 0.00895418
0.333497 0.616196 0.0503069
0.399787 0.552271 0.0479417
0.451677 0.256711 0.291612
0.483454 0.432421 0.084125
0.41458 0.437011 0.148409
0.478084 0.440206 0.0817095
0.497667 0.326866 0.175467
0.262931 0.736969 9.9991E-05
0.485909 0.37503 0.139061
0.175646 0.460711 0.363643
0.493914 0.445787 0.0602993
0.504753 0.386398 0.108849
0.51253 0.404225 0.0832453
0.299197 0.464154 0.236649
0.46511 0.387906 0.146984
0.524308 0.38745 0.0882413
0.113138 0.191249 0.695612
0.43616 0.433638 0.130202
0.550479 0.339916 0.109605
0.484049 0.471669 0.0442825
0.584857 0.276978 0.138165
0.436379 0.399794 0.163827
0.267684 0.727716 0.00459993
0.366646 0.600524 0.0328303
9.9991E-05 0.962379 0.0375209
9.9991E-05 0.909964 0.0899362
0.345346 0.613666 0.0409875
0.536436 0.305618 0.157946
0.514177 0.309248 0.176575
0.423817 0.344862 0.231321
0.489765 0.357645 0.15259
0.107179 0.700701 0.19212
0.125651 0.722617 0.151732
0.397918 0.601982 9.9991E-05
0.345226 0.58695 0.0678237
0.170427 0.729412 0.100161
0.39528 0.566649 0.0380715
0.381834 0.618066 9.9991E-05
0.389018 0.566626 0.0443569
0.169895 0.830005 9.9991E-05
0.212701 0.787199 9.9991E-05
0.302663 0.695417 0.00191911
0.261509 0.719925 0.0185656
0.34055 0.588949 0.0705014
0.227134 0.772766 9.9991E-05
0.0728287 0.886256 0.040915
0.351495 0.648405 9.9991E-05
0.0718096 0.896713 0.0314771
0.249243 0.745384 0.00537268
0.353081 0.611778 0.0351411
0.336018 0.622733 0.0412495
0.442623 0.396814 0.160563
0.405107 0.445769 0.149124
0.477016 0.293793 0.229191
0.428173 0.369852 0.201975
0.482154 0.379313 0.138533
0.423363 0.430729 0.145908
0.103383 0.589208 0.307409
0.541349 0.407613 0.0510382
0.0877661 0.374254 0.53798
0.485394 0.493144 0.0214621
0.00865263 0.947665 0.0436823
9.9991E-05 0.960244 0.0396563
0.226992 0.772908 9.9991E-05
0.370397 0.629503 9.9991E-05
0.21902 0.78088 9.9991E-05
0.341528 0.658372 9.9991E-05
0.294256 0.705644 9.9991E-05
0.0966163 0.00638472 0.896999
0.138028 0.0729516 0.789021
0.0787117 9.9991E-05 0.921188
0.09211 9.9991E-05 0.90779
0.358432 0.641468 9.9991E-05
0.290996 0.708904 9.9991E-05
0.272059 0.727841 9.9991E-05
0.373314 0.626586 9.9991E-05
0.348989 0.608171 0.04284
0.14009 0.810172 0.0497379
0.358026 0.641874 9.9991E-05
0.123317 0.876583 9.9991E-05
0.456792 0.27519 0.268018
0.232761 0.767139 9.9991E-05
0.144324 0.855576 9.9991E-05
0.278208 0.721692 9.9991E-05
0.220603 0.779297 9.9991E-05
0.318314 0.681586 9.9991E-05
0.322025 0.663596 0.0143793
9.999E-05 0.9998 9.999E-05
0.168162 0.831738 9.9991E-05
0.202213 0.797687 9.9991E-05
9.999E-05 0.9998 9.999E-05
0.212412 0.758643 0.0289447
9.9991E-05 0.976399 0.0235009
9.9991E-05 0.964022 0.0358781
0.353507 0.646393 9.9991E-05
0.0582217 0.868329 0.0734489
0.26964 0.73026 9.9991E-05
0.418565 0.524521 0.0569143
0.254157 0.745743 9.9991E-05
0.187353 0.787878 0.0247694
0.316972 0.682928 9.9991E-05
0.276131 0.723769 9.9991E-05
0.148752 0.851148 9.9991E-05
0.310036 0.645069 0.0448959
9.9991E-05 0.210583 0.789317
9.9991E-05 0.159864 0.840036
9.9991E-05 0.0652437 0.934656
9.9991E-05 0.0968099 0.90309
0.0245794 0.161433 0.813987
0.0466211 0.860624 0.0927546
0.0127736 0.899487 0.0877395
0.0981586 0.901741 9.9991E-05
0.375507 0.557003 0.0674902
0.402268 0.53995 0.0577825
0.175317 0.824583 9.9991E-05
0.378136 0.621764 9.9991E-05
0.283247 0.711581 0.00517185
0.294548 0.705352 9.9991E-05
0.384638 0.615262 9.9991E-05
0.0958504 0.88328 0.0208692
0.139013 0.860887 9.9991E-05
0.14194 0.846662 0.011398
0.388426 0.563092 0.0484817
0.171518 0.828382 9.9991E-05
0.246778 0.753122 9.9991E-05
0.660342 0.248633 0.0910253
0.623715 0.216711 0.159573
0.708477 0.21372 0.0778031
0.707573 0.110601 0.181826
0.586375 0.338158 0.0754665
0.313313 0.652496 0.034191
0.652759 9.9991E-05 0.347141
0.671397 0.14339 0.185212
0.36218 0.438287 0.199533
0.294847 0.589411 0.115743
0.256013 0.593623 0.150364
0.33247 0.578095 0.0894349
0.422412 0.510736 0.0668521
0.703243 0.135905 0.160852
0.634864 0.248368 0.116768
0.822987 0.11294 0.0640732
0.567282 0.324501 0.108218
0.669452 0.113692 0.216856
0.63543 0.23312 0.13145
0.683538 0.121655 0.194806
0.566078 0.309481 0.124441
0.304981 0.593031 0.101988
0.605923 0.256465 0.137612
0.71613 0.00591486 0.277955
0.584648 0.311572 0.10378
0.110331 0.665887 0.223783
0.408996 0.590904 9.9991E-05
0.626274 0.230815 0.142911
0.31543 0.5655 0.119071
0.289927 0.551839 0.158234
0.438914 0.372964 0.188122
0.470903 0.300877 0.228219
0.394458 0.534032 0.0715096
0.583609 0.30015 0.116242
0.712375 0.20872 0.078905
0.72932 0.00213754 0.268543
0.423335 0.516201 0.0604644
0.210944 0.649942 0.139115
0.0527917 0.705702 0.241506
0.403056 0.502899 0.094045
0.238457 0.66511 0.096433
0.436117 0.407222 0.156661
0.363143 0.49611 0.140747
0.109875 0.339897 0.550228
0.0699405 0.417912 0.512148
0.26335 0.510622 0.226027
0.192154 0.355315 0.452531
0.204418 0.177013 0.618569
0.305603 0.494399 0.199999
0.36603 0.375406 0.258564
0.22922 0.38544 0.385339
0.148076 0.438957 0.412967
0.430124 0.427475 0.1424
0.22045 0.430741 0.348809
0.0493878 0.363408 0.587204
0.442535 0.472373 0.0850919
0.3807 0.367797 0.251503
0.459354 0.268406 0.27224
0.615175 0.276322 0.108503
0.537652 0.355341 0.107007
0.569936 0.323133 0.106931
0.400843 0.236243 0.362914
0.522798 0.299691 0.177512
0.495306 0.264212 0.240482
0.450254 0.29771 0.252037
0.296287 0.480815 0.222898
0.451442 0.387377 0.161181
0.501846 0.393277 0.104878
0.432568 0.470996 0.0964364
0.523976 0.221865 0.254159
0.507029 0.347023 0.145949
0.355998 0.177943 0.466059
0.505042 0.35434 0.140618
0.46134 0.210809 0.327851
0.0312847 0.0893091 0.879406
9.9991E-05 0.731107 0.268793
9.9991E-05 0.716143 0.283757
9.9991E-05 0.748396 0.251504
9.9991E-05 0.785858 0.214042
9.9991E-05 0.744465 0.255435
9.9991E-05 0.773299 0.226601
9.9991E-05 0.718937 0.280963
9.9991E-05 0.598978 0.400922
0.064208 0.0230595 0.912732
0.0856906 0.0977127 0.816597
0.0811538 0.0250256 0.893821
0.0602 0.0593419 0.880458
0.0956785 0.00977347 0.894548
0.0898114 9.9991E-05 0.910089
0.21659 0.0516833 0.731727
0.138654 9.9991E-05 0.861246
0.16771 0.0816947 0.750595
0.130453 9.9991E-05 0.869447
0.0268905 9.9991E-05 0.973009
0.137679 9.9991E-05 0.862221
0.0399334 9.9991E-05 0.959967
0.0838683 9.9991E-05 0.916032
0.129128 9.9991E-05 0.870772
0.111196 9.9991E-05 0.888704
0.168858 9.9991E-05 0.831042
0.185468 9.9991E-05 0.814432
0.22889 9.9991E-05 0.77101
0.186884 0.660794 0.152322
0.382062 0.599565 0.0183723
0.38743 0.557433 0.0551364
0.0307602 0.746221 0.223019
0.24573 0.63957 0.1147
9.9991E-05 0.736217 0.263683
0.42974 0.563347 0.00691242
0.184086 0.638679 0.177234
0.248341 0.595153 0.156506
0.294479 0.705421 9.9991E-05
0.253003 0.628536 0.118461
0.390881 0.574378 0.0347405
0.294913 0.621613 0.0834742
9.9991E-05 0.852611 0.147289
9.9991E-05 0.76398 0.23592
0.0455626 0.737002 0.217435
0.385179 0.545728 0.0690928
0.292843 0.617448 0.0897092
0.384372 0.57103 0.0445982
0.427937 0.515212 0.0568506
0.433113 0.367726 0.199162
0.504097 0.315661 0.180242
0.222397 0.330892 0.446711
0.397606 0.47964 0.122754
0.346434 0.445871 0.207695
0.145791 0.285861 0.568348
0.414567 0.277632 0.307801
0.355622 0.274948 0.36943
0.335269 0.361385 0.303346
0.484075 0.452468 0.0634573
0.454937 0.406169 0.138893
0.490962 0.416829 0.0922093
0.413842 0.411856 0.174302
0.304538 0.20549 0.489972
