9.9991E-05 0.0973277 0.902572
9.999E-05 0.0550066 0.944893
9.999E-05 0.128964 0.870936
0.0280956 0.149529 0.822376
9.9991E-05 0.100747 0.899153
0.159631 0.136609 0.70376
0.0713312 0.0594999 0.869169
0.128026 0.0749453 0.797029
0.0681368 9.9991E-05 0.931763
0.0917047 0.0818528 0.826442
0.119716 0.0971493 0.783135
0.751228 0.0732159 0.175556
0.614618 0.320813 0.0645691
0.727821 0.154345 0.117835
0.620661 0.226566 0.152772
0.566856 0.33449 0.0986536
0.574846 0.383084 0.0420704
0.677641 0.267068 0.0552907
0.632033 0.170504 0.197463
0.772425 9.9991E-05 0.227475
0.6865 0.236983 0.0765176
0.680814 0.2759 0.0432854
0.650371 0.345114 0.00451473
0.68903 0.13119 0.17978
0.498315 0.446584 0.0551012
0.643997 0.310508 0.0454946
0.747062 0.0784358 0.174503
0.683569 0.178343 0.138088
0.819931 0.0327713 0.147298
9.9991E-05 0.140866 0.859034
9.9991E-05 0.159123 0.840777
9.9991E-05 0.209115 0.790785
9.9991E-05 0.264656 0.735244
0.69221 0.263541 0.0442489
0.638118 0.331895 0.0299866
0.709794 0.290107 9.9991E-05
0.785854 0.00965591 0.20449
0.855871 0.144029 9.9991E-05
0.616289 0.357148 0.0265628
0.621429 0.378471 9.9991E-05
0.583715 0.300511 0.115774
0.608027 0.352353 0.0396198
0.91157 0.0225824 0.0658473
0.567085 0.405549 0.0273663
0.642021 0.357879 9.9991E-05
0.515542 0.427059 0.0573993
0.832406 0.167494 9.9991E-05
0.617362 0.382538 9.9991E-05
0.536726 0.406411 0.0568633
0.864217 9.9991E-05 0.135683
0.871773 9.9991E-05 0.128127
0.797559 0.0626374 0.139804
0.575329 0.413978 0.0106931
0.56023 0.416967 0.0228026
0.520549 0.427676 0.0517748
0.736833 0.0219815 0.241185
0.683702 0.316071 0.000226725
0.604145 0.334434 0.0614215
0.624504 0.238409 0.137088
0.688204 0.0251301 0.286665
0.6207 0.333995 0.0453049
0.645601 0.28367 0.0707286
0.75279 9.9991E-05 0.24711
0.762128 0.191082 0.04679
0.588313 0.411587 9.9991E-05
0.57959 0.365083 0.055327
0.712434 0.142016 0.145551
0.620781 0.317034 0.0621856
0.637823 0.354455 0.00772202
0.769774 0.0615356 0.16869
0.740112 0.259788 9.9991E-05
0.88382 0.0854456 0.0307341
0.611956 0.320772 0.0672717
0.994686 9.9991E-05 0.00521424
0.9998 9.999E-05 9.999E-05
0.912558 0.0873421 9.9991E-05
0.744807 0.255093 9.9991E-05
0.540956 0.386632 0.0724122
0.750734 0.249166 9.9991E-05
0.892782 0.0355048 0.0717128
0.879029 0.102079 0.0188916
0.564101 0.414058 0.0218413
0.823692 0.153506 0.0228015
0.750884 0.249016 9.9991E-05
0.788144 0.211756 9.9991E-05
0.902307 9.9991E-05 0.0975931
0.624002 0.375898 9.9991E-05
0.0447466 0.0952952 0.859958
9.9991E-05 0.119828 0.880072
9.9991E-05 0.178502 0.821398
9.9991E-05 0.109973 0.889927
9.9991E-05 0.0610549 0.938845
9.9991E-05 0.157019 0.842881
9.9991E-05 0.11103 0.88887
0.644412 0.338718 0.0168703
0.554333 0.417663 0.0280039
0.901656 9.9991E-05 0.0982442
0.576264 0.401171 0.022565
0.783877 0.196459 0.0196638
0.683006 0.300538 0.016456
0.700172 0.299728 9.9991E-05
0.700271 0.299629 9.9991E-05
0.897386 9.9991E-05 0.102514
0.620949 0.329877 0.0491741
0.576816 0.405983 0.0172003
0.584903 0.371046 0.0440513
0.868973 0.128671 0.00235633
0.707436 0.292464 9.9991E-05
0.769834 0.230066 9.9991E-05
0.803235 0.196665 9.9991E-05
0.764755 0.235146 9.9991E-05
0.582979 0.343858 0.0731627
0.740139 0.159942 0.0999185
0.67163 0.202004 0.126367
0.54472 0.331938 0.123342
0.557955 0.401267 0.0407781
0.698779 0.240632 0.0605894
0.615356 0.363302 0.0213417
0.666498 0.228716 0.104786
0.626798 0.322997 0.0502053
0.565692 0.386188 0.04812
0.661635 0.314744 0.0236207
0.697588 0.271942 0.0304702
0.610079 0.389821 9.9991E-05
0.588531 0.38806 0.023409
0.623954 0.375946 9.9991E-05
0.580117 0.381395 0.0384877
0.628505 0.371395 9.9991E-05
0.642582 0.221227 0.136191
0.558351 0.434592 0.00705653
0.583279 0.416621 9.9991E-05
0.785483 0.0604876 0.15403
0.814816 0.0564207 0.128763
0.621383 0.32369 0.0549278
0.905103 9.9991E-05 0.094797
0.791378 0.121882 0.0867395
0.787976 0.192598 0.0194262
0.764977 0.127291 0.107732
0.796132 0.133291 0.0705773
0.642542 0.325856 0.0316022
0.550474 0.365769 0.0837572
0.665253 0.334647 9.9991E-05
0.826693 0.0481676 0.125139
0.503367 0.372092 0.124541
0.62561 0.297806 0.0765846
0.723763 9.9991E-05 0.276137
0.571978 0.427922 9.9991E-05
0.699245 0.1731 0.127655
0.532068 0.360611 0.107321
0.710176 0.0846539 0.20517
0.772463 9.9991E-05 0.227437
0.714192 0.201955 0.0838526
0.568471 0.345309 0.0862191
0.555644 0.267692 0.176664
0.742601 0.0703728 0.187026
0.565699 0.388019 0.0462821
0.889212 0.110296 0.00049189
0.788836 0.208982 0.00218208
0.524357 0.413512 0.0621301
0.216626 0.361231 0.422143
0.161688 0.113356 0.724956
0.164549 0.105463 0.729988
0.225602 0.308401 0.465997
0.703216 0.296684 9.9991E-05
0.593482 0.375764 0.0307535
0.103659 0.891524 0.00481699
0.247964 0.676135 0.0759004
0.323427 0.624879 0.0516939
0.812114 0.100455 0.0874308
0.568977 0.328261 0.102762
0.864971 0.0712397 0.0637894
0.653365 0.305771 0.040864
0.689949 0.268406 0.0416457
0.688255 0.311526 0.000218488
0.844721 0.0617124 0.0935669
0.564115 0.411588 0.0242964
0.604865 0.34745 0.0476855
9.9991E-05 0.920216 0.0796843
9.9991E-05 0.94514 0.0547605
0.158769 0.75434 0.0868912
0.150901 0.842425 0.00667398
0.0437097 0.892413 0.0638776
9.9991E-05 0.926963 0.0729371
9.9991E-05 0.906422 0.0934779
0.021426 0.962894 0.0156797
9.9991E-05 0.90303 0.0968699
9.9991E-05 0.936863 0.0630371
9.9991E-05 0.940372 0.0595277
0.0442105 0.896362 0.0594273
0.0178353 0.865244 0.116921
9.9991E-05 0.945474 0.0544263
0.325176 0.579604 0.0952209
0.112388 0.802637 0.0849749
0.00555888 0.903376 0.0910656
9.9991E-05 0.913374 0.0865261
9.9991E-05 0.963936 0.0359637
9.9991E-05 0.942174 0.0577259
9.9991E-05 0.928189 0.0717113
0.120805 0.769151 0.110044
9.9991E-05 0.921488 0.0784115
0.497277 0.0235723 0.479151
0.432839 0.325214 0.241947
0.510952 0.320973 0.168075
0.489125 0.209012 0.301863
0.478287 0.391288 0.130426
0.469036 0.175149 0.355816
0.500848 0.304089 0.195062
0.435543 0.31507 0.249387
0.400309 0.408321 0.19137
0.432888 0.338116 0.228996
0.410946 0.397199 0.191856
0.00968174 0.0935926 0.896726
9.9991E-05 0.114686 0.885214
9.9991E-05 0.0541537 0.945746
9.9991E-05 0.0357356 0.964164
9.9991E-05 0.1001 0.8998
9.9991E-05 0.0512403 0.94866
9.9991E-05 0.104903 0.894997
9.9991E-05 0.0576643 0.942236
9.9991E-05 0.101361 0.898539
9.9991E-05 0.0901816 0.909718
0.296335 9.9991E-05 0.703565
0.256889 9.9991E-05 0.743011
0.344425 9.9991E-05 0.655475
0.414198 9.9991E-05 0.585702
0.686535 0.278368 0.035097
0.672969 0.326931 9.9991E-05
0.678495 0.321405 9.9991E-05
0.798979 0.13283 0.0681911
0.813611 0.0557931 0.130596
0.620384 0.379516 9.9991E-05
0.676064 0.323836 9.9991E-05
0.728371 0.271529 9.9991E-05
0.796012 0.203888 9.9991E-05
0.624233 0.375667 9.9991E-05
0.769994 0.229906 9.9991E-05
0.9998 9.999E-05 9.999E-05
0.599962 0.342078 0.0579601
0.923756 0.0761439 9.9991E-05
0.722821 0.277079 9.9991E-05
0.932704 0.0104929 0.0568031
0.647549 9.9991E-05 0.352351
0.684708 9.9991E-05 0.315192
0.69088 9.9991E-05 0.30902
0.669008 9.9991E-05 0.330892
0.74654 9.9991E-05 0.25336
0.704823 9.9991E-05 0.295077
9.9991E-05 0.136182 0.863718
0.0524705 0.136359 0.811171
0.0424573 0.191345 0.766197
9.9991E-05 0.140107 0.859793
0.0263104 0.206402 0.767288
0.426656 9.9991E-05 0.573244
0.39986 9.9991E-05 0.60004
0.40563 9.9991E-05 0.59427
0.027251 0.138237 0.834512
0.432563 9.9991E-05 0.567337
0.195286 0.504083 0.300631
0.355715 0.528966 0.115319
0.262339 0.618466 0.119195
0.260487 0.471764 0.267749
0.447608 0.42963 0.122762
0.126744 0.297929 0.575328
0.769593 0.184656 0.0457506
0.761489 0.223225 0.0152866
0.804874 0.0711006 0.124026
0.711117 0.288783 9.9991E-05
0.884053 9.9991E-05 0.115847
0.539872 0.392114 0.068014
0.677855 0.322045 9.9991E-05
0.749493 0.131027 0.119481
0.556229 0.339315 0.104457
0.912774 9.9991E-05 0.0871264
0.697701 0.302199 9.9991E-05
0.70265 0.241983 0.0553673
0.501605 0.38352 0.114875
0.770277 0.169039 0.0606842
0.760466 0.237393 0.00214111
0.646173 0.353727 9.9991E-05
0.715885 0.284015 9.9991E-05
0.560079 0.439821 9.9991E-05
0.572469 0.355068 0.0724634
0.608435 0.338289 0.0532758
9.9991E-05 0.184237 0.815663
9.9991E-05 0.147309 0.852591
0.0137799 0.101476 0.884744
9.9991E-05 0.117867 0.882033
9.9991E-05 0.13076 0.86914
0.796987 0.00733418 0.195679
0.638578 0.361322 9.9991E-05
0.354122 0.471138 0.17474
0.57501 0.42489 9.9991E-05
0.643713 0.284592 0.0716948
0.792257 0.111112 0.0966315
0.730047 9.9991E-05 0.269853
0.671069 0.2513 0.0776319
0.710167 0.112875 0.176958
0.679972 0.270198 0.0498297
0.75787 9.9991E-05 0.24203
0.57238 0.379876 0.0477439
0.769279 0.0151684 0.215552
0.732905 0.174425 0.0926703
0.639736 0.309581 0.0506828
0.818344 0.0780677 0.103588
0.65249 0.320156 0.0273545
0.54628 0.369352 0.0843675
0.843671 0.045115 0.111214
0.59381 0.344136 0.0620532
0.716433 0.231929 0.0516381
0.896217 9.9991E-05 0.103683
0.854559 0.00951407 0.135927
0.761455 0.189236 0.0493085
0.89692 9.9991E-05 0.10298
0.796612 0.200094 0.00329409
0.815454 0.0137623 0.170783
0.808678 0.128923 0.0623994
0.681016 0.231538 0.0874462
0.610508 0.368736 0.0207563
0.830013 0.0843814 0.0856052
0.61546 0.313453 0.0710866
0.630091 0.338772 0.0311369
0.675942 0.304968 0.01909
0.646223 0.33611 0.0176672
0.700234 0.235671 0.0640947
0.805203 0.111075 0.0837219
0.743735 0.238574 0.0176905
0.655364 0.344536 9.9991E-05
0.589432 0.410468 9.9991E-05
0.640373 0.229842 0.129784
0.649778 0.350122 9.9991E-05
0.710089 0.20732 0.082591
0.666699 0.333201 9.9991E-05
0.608716 0.301717 0.0895669
0.579372 0.363445 0.0571836
0.265522 0.421823 0.312655
0.399596 0.505583 0.0948215
0.493785 0.376008 0.130207
0.466848 0.463213 0.069939
0.365645 0.505679 0.128676
0.736161 0.263739 9.9991E-05
0.456565 0.436213 0.107222
0.456567 0.175473 0.36796
0.454972 0.466115 0.0789137
0.428118 0.467899 0.103983
0.46876 0.486904 0.0443356
0.477 0.282953 0.240047
0.407806 0.480291 0.111903
0.411891 0.49844 0.0896691
0.179623 0.133776 0.686601
0.349485 0.46866 0.181855
0.306655 0.558761 0.134584
0.49973 0.439687 0.0605821
0.322836 0.548535 0.12863
0.384604 0.398883 0.216513
0.679577 0.291644 0.0287786
0.630772 0.341425 0.0278036
0.95183 9.9991E-05 0.04807
0.905533 9.9991E-05 0.0943674
0.623251 0.324601 0.052148
0.311725 0.530429 0.157846
0.318143 0.521513 0.160344
0.320978 0.443111 0.235911
0.360843 0.484556 0.154601
0.717412 0.0882586 0.194329
0.680868 0.135863 0.183268
0.599864 0.400036 9.9991E-05
0.588401 0.348641 0.0629578
0.710269 0.178938 0.110793
0.58714 0.382077 0.030783
0.590985 0.407706 0.00130917
0.549372 0.37845 0.0721783
0.822248 0.151405 0.0263465
0.78996 0.18277 0.0272702
0.695627 0.29984 0.00453372
0.700129 0.278189 0.0216814
0.554943 0.372315 0.0727418
0.764503 0.235398 9.9991E-05
0.854687 0.0911685 0.0541445
0.620565 0.379335 9.9991E-05
0.884064 0.0738476 0.0420884
0.739855 0.254944 0.00520179
0.621951 0.344481 0.0335686
0.645776 0.331671 0.0225535
0.434967 0.428347 0.136686
0.426589 0.409852 0.163559
0.313347 0.445925 0.240728
0.351075 0.452214 0.196712
0.387109 0.471084 0.141807
0.438774 0.41857 0.142656
0.573039 0.106527 0.320434
0.37346 0.575633 0.0509071
0.35381 0.096939 0.549251
0.486615 0.494262 0.0191233
0.957998 0.0142868 0.0277155
0.949831 9.9991E-05 0.0500689
0.7321 0.2678 9.9991E-05
0.627177 0.372723 9.9991E-05
0.783208 0.216692 9.9991E-05
0.659695 0.340205 9.9991E-05
0.71491 0.28499 9.9991E-05
0.0262365 0.0863077 0.887456
0.0836396 0.128213 0.788147
9.9991E-05 0.0828466 0.917053
9.9991E-05 0.0699781 0.929922
0.645428 0.354472 9.9991E-05
0.693189 0.306711 9.9991E-05
0.719947 0.279953 9.9991E-05
0.666524 0.329485 0.00399114
0.587127 0.329939 0.0829337
0.864545 0.0971383 0.0383162
0.645811 0.354089 9.9991E-05
0.871607 0.128293 9.9991E-05
0.279022 0.417647 0.303331
0.765175 0.234725 9.9991E-05
0.834618 0.150714 0.0146675
0.742956 0.256944 9.9991E-05
0.745493 0.254407 9.9991E-05
0.685368 0.314532 9.9991E-05
0.670803 0.328273 0.000924229
0.9998 9.999E-05 9.999E-05
0.840201 0.159699 9.9991E-05
0.78634 0.21356 9.9991E-05
0.9998 9.999E-05 9.999E-05
0.762503 0.201065 0.0364319
0.984959 9.9991E-05 0.0149414
0.946731 9.9991E-05 0.0531688
0.654093 0.345807 9.9991E-05
0.882569 0.0465537 0.070877
0.748122 0.251778 9.9991E-05
0.544399 0.401659 0.0539416
0.738387 0.261513 9.9991E-05
0.817659 0.166189 0.0161515
0.664207 0.335693 9.9991E-05
0.733955 0.265945 9.9991E-05
0.844811 0.155089 9.9991E-05
0.601883 0.327464 0.0706531
0.230087 9.9991E-05 0.769813
0.150662 0.0149811 0.834357
0.0650969 9.9991E-05 0.934803
0.0914404 9.9991E-05 0.90846
0.171367 0.0278111 0.800822
0.876581 0.058828 0.064591
0.908745 0.0244994 0.0667561
0.913103 0.086797 9.9991E-05
0.57203 0.406572 0.0213972
0.556369 0.364904 0.0787272
0.800729 0.172265 0.0270052
0.61324 0.38666 9.9991E-05
0.697979 0.293238 0.00878329
0.723816 0.276084 9.9991E-05
0.587052 0.411844 0.00110321
0.911787 0.0788822 0.00933037
0.883895 0.116005 9.9991E-05
0.859939 0.132844 0.00721683
0.572238 0.370452 0.0573103
0.814264 0.185636 9.9991E-05
0.75948 0.207393 0.0331271
0.242588 0.633401 0.124011
0.184532 0.664921 0.150547
0.217495 0.708746 0.0737589
0.139183 0.670857 0.18996
0.29109 0.604672 0.104238
0.662965 0.304972 0.0320632
9.9991E-05 0.654274 0.345626
0.132792 0.682154 0.185054
0.435437 0.377415 0.187148
0.547681 0.323309 0.129011
0.588169 0.283589 0.128242
0.531575 0.389419 0.0790053
0.539671 0.372089 0.0882405
0.0893516 0.74401 0.166638
0.28186 0.585959 0.132181
0.14427 0.767168 0.0885627
0.304966 0.56896 0.126075
0.163068 0.640693 0.19624
0.26968 0.62991 0.10041
0.109646 0.694153 0.196201
0.286302 0.582151 0.131547
0.621567 0.275483 0.10295
0.267481 0.603499 0.12902
9.9991E-05 0.715224 0.284676
0.283462 0.613657 0.102881
0.672818 0.08583 0.241352
0.595763 0.380848 0.0233886
0.245956 0.575331 0.178714
0.568748 0.306831 0.124421
0.536253 0.297929 0.165818
0.355274 0.424882 0.219844
0.286461 0.497141 0.216399
0.553413 0.391865 0.0547218
0.337129 0.562618 0.100253
0.20173 0.708302 0.0899673
9.9991E-05 0.742916 0.256984
0.542596 0.404305 0.0530991
0.623944 0.21226 0.163796
0.719189 0.0583918 0.222419
0.511939 0.397759 0.0903021
0.651798 0.222425 0.125778
0.381213 0.454421 0.164366
0.517638 0.3409 0.141462
0.349533 0.119713 0.530753
0.428085 0.0356513 0.536264
0.480034 0.292329 0.227638
0.342497 0.192962 0.464541
0.175441 0.191419 0.633139
0.499275 0.311473 0.189252
0.410289 0.35698 0.232731
0.383206 0.236771 0.380023
0.422449 0.156304 0.421247
0.454116 0.437365 0.10852
0.41459 0.207952 0.377457
0.357887 0.0471789 0.594934
0.491263 0.387535 0.121202
0.35275 0.373678 0.273572
0.243591 0.469997 0.286412
0.268815 0.611731 0.119454
0.366496 0.5246 0.108904
0.333185 0.549293 0.117522
0.239168 0.39516 0.365673
0.336836 0.489257 0.173907
0.314552 0.473311 0.212136
0.289388 0.435863 0.274749
0.482148 0.305545 0.212307
0.398505 0.452212 0.149283
0.424526 0.469548 0.105926
0.477888 0.451849 0.0702627
0.265536 0.503479 0.230985
0.335752 0.483858 0.18039
0.18774 0.347604 0.464657
0.344777 0.532454 0.122769
0.189656 0.444473 0.36587
0.10372 0.0349039 0.861376
0.750827 9.9991E-05 0.249073
0.702176 9.9991E-05 0.297724
0.747837 9.9991E-05 0.252063
0.7916 9.9991E-05 0.2083
0.754337 9.9991E-05 0.245563
0.790234 9.9991E-05 0.209666
0.73437 9.9991E-05 0.26553
0.585399 9.9991E-05 0.414501
0.0343448 0.0598971 0.905758
0.0746461 0.0903594 0.834995
0.0166612 0.086085 0.897254
0.0570846 0.05538 0.887535
0.005993 0.0876306 0.906376
9.9991E-05 0.100414 0.899486
0.0484477 0.200362 0.751191
9.9991E-05 0.133498 0.866402
0.0944726 0.18262 0.722908
9.9991E-05 0.12742 0.87248
9.9991E-05 0.0336448 0.966255
9.9991E-05 0.130137 0.869763
9.9991E-05 0.0486811 0.951219
9.9991E-05 0.0928868 0.907013
9.9991E-05 0.136113 0.863787
9.9991E-05 0.127441 0.872459
9.9991E-05 0.162566 0.837334
9.9991E-05 0.19451 0.80539
9.9991E-05 0.2302 0.7697
0.667398 0.173536 0.159065
0.610523 0.379509 0.00996777
0.546146 0.361865 0.0919885
0.735193 0.0205368 0.24427
0.624007 0.252758 0.123236
0.710744 0.00380346 0.285452
0.586922 0.392296 0.0207819
0.625022 0.203357 0.171621
0.584698 0.246051 0.169251
0.712101 0.26814 0.0197583
0.627225 0.246414 0.12636
0.579328 0.396921 0.0237513
0.606101 0.310423 0.0834757
0.850368 9.9991E-05 0.149532
0.731614 9.9991E-05 0.268286
0.718006 0.0297696 0.252224
0.533965 0.375265 0.0907705
0.658737 0.279874 0.0613888
0.617259 0.341202 0.0415394
0.547885 0.422825 0.0292897
0.3446 0.433356 0.222043
0.369048 0.495361 0.135591
0.304143 0.236751 0.459106
0.475669 0.392257 0.132074
0.442376 0.336104 0.22152
0.276007 0.15505 0.568943
0.305867 0.409652 0.284481
0.262115 0.359889 0.377996
0.35772 0.329455 0.312825
0.465399 0.394081 0.14052
0.412184 0.435697 0.152119
0.392323 0.478186 0.129491
0.449246 0.395575 0.155179
0.220077 0.288432 0.491491
