0.903144 0.0489323 9.9973E-05 9.9973E-05 0.0468585 9.9973E-05 0.000765356
0.932264 0.018662 9.9964E-05 9.9964E-05 9.9964E-05 0.0486744 9.9964E-05
0.809986 0.0551386 0.00288153 9.9982E-05 0.0878902 9.9982E-05 0.0439041
0.78629 0.129402 9.9982E-05 9.9982E-05 0.0230989 0.02171 0.0392991
0.827806 0.0105827 9.9973E-05 9.9973E-05 9.9973E-05 0.0892107 0.0721008
0.615741 0.0627957 0.152354 0.0452578 0.0828015 9.9991E-05 0.0409494
0.811201 0.0187047 0.14018 9.9973E-05 9.9973E-05 0.0296142 9.9973E-05
0.717838 0.128876 0.116652 9.9982E-05 0.0151863 9.9982E-05 0.0212486
0.815262 0.0911353 0.0639364 0.0293666 9.99729E-05 9.99729E-05 9.99729E-05
0.681849 0.0384105 0.0369948 9.9991E-05 0.0407185 0.0856882 0.116239
0.725306 0.120519 0.111342 9.9973E-05 0.0425337 9.9973E-05 9.9973E-05
9.9982E-05 0.447964 0.0468427 0.172736 0.22933 9.9982E-05 0.102927
9.999E-05 0.294288 0.0522844 0.0379529 0.540821 0.0150942 0.0594592
0.0313667 0.428193 0.0401048 0.000414278 0.325906 0.122681 0.0513338
0.0674154 0.356793 0.0175095 0.0806236 0.353478 0.0712549 0.0529259
0.082223 0.234614 0.081466 0.0889816 0.401398 9.9991E-05 0.111217
0.0413194 0.125564 9.9991E-05 0.0821679 0.534468 0.0996036 0.116778
9.9982E-05 0.254831 0.139485 0.0909602 0.438632 9.9982E-05 0.0758919
0.161561 0.29719 0.0237672 0.134402 0.38288 9.9982E-05 9.9982E-05
0.0610983 0.628863 0.102077 0.134455 0.056218 9.9991E-05 0.0171888
0.00694754 0.223899 0.0823863 0.21091 0.391344 9.9991E-05 0.0844139
9.9991E-05 0.0979464 0.193039 0.0453554 0.504 0.111959 0.0475997
0.00130831 0.19494 0.0349891 0.156561 0.511564 0.100537 9.9991E-05
0.0397732 0.401453 0.0348555 0.118731 0.326467 9.9991E-05 0.0786198
0.157464 0.0499205 0.0793236 0.056354 0.621375 0.0354627 9.9991E-05
0.0364289 0.251921 0.0853773 0.0123933 0.555251 9.9991E-05 0.0585289
9.9982E-05 0.558367 0.0552502 0.0679489 0.208031 9.9982E-05 0.110203
9.9982E-05 0.41652 0.115004 0.0866558 0.214723 9.9982E-05 0.166897
9.999E-05 0.398314 0.126426 0.0698956 0.228885 0.124918 0.051462
0.853923 9.9964E-05 9.9964E-05 9.9964E-05 0.101036 9.9964E-05 0.0446414
0.818797 9.9955E-05 9.9955E-05 9.9955E-05 0.180703 9.9955E-05 9.9955E-05
0.791729 9.9973E-05 9.9973E-05 0.0346181 0.137751 9.9973E-05 0.0356019
0.721563 9.9973E-05 0.00960102 9.9973E-05 0.197431 9.9973E-05 0.0711054
0.0790109 0.0727515 9.9982E-05 0.212745 0.590518 0.0447751 9.9982E-05
0.138012 0.0346946 9.9982E-05 0.312769 0.456114 9.9982E-05 0.0582107
0.0210534 9.9973E-05 9.9973E-05 0.375262 0.565192 9.9973E-05 0.0381926
0.0877705 0.543965 0.0242892 0.140164 0.142302 0.039535 0.0219747
0.0169374 0.0359513 9.9991E-05 0.614704 0.24832 0.025033 0.0589543
0.0607657 0.219023 9.9982E-05 0.196511 0.513972 9.9982E-05 0.0095279
0.0294792 9.9991E-05 0.0162104 0.230358 0.625652 0.0219353 0.0762646
0.0954891 0.0311217 0.209515 0.0394154 0.624259 9.9982E-05 9.9982E-05
0.113269 0.0483509 0.0428652 0.157105 0.638209 9.9982E-05 9.9982E-05
0.0487704 0.119241 0.0172986 0.69136 0.12313 9.9982E-05 9.9982E-05
0.0135152 0.0486689 0.224533 0.0304525 0.641439 9.9991E-05 0.0412916
9.9982E-05 9.9982E-05 0.113185 0.245062 0.48033 0.0453691 0.115854
0.106955 0.0620699 0.0296367 0.152599 0.574218 9.9991E-05 0.074421
9.9964E-05 9.9964E-05 9.9964E-05 0.661339 0.338106 0.000154761 9.9964E-05
0.049423 0.00230954 0.00141455 0.172263 0.693206 0.0812837 9.9991E-05
0.123069 0.0423309 9.9991E-05 0.242301 0.510542 0.0101306 0.0715262
0.0741051 9.9964E-05 0.160492 0.765003 9.9964E-05 9.9964E-05 9.9964E-05
9.9982E-05 0.45039 0.0826746 0.19266 0.211398 0.0626775 9.9982E-05
0.000308804 0.23258 0.355688 0.227812 0.0829614 0.10055 9.9991E-05
0.113739 0.119038 0.0719475 0.0261597 0.537423 0.131592 9.9991E-05
0.0970515 0.101186 0.0123871 9.9991E-05 0.584646 0.152557 0.0520726
0.0700968 0.0220885 0.148693 9.9991E-05 0.697216 0.0192598 0.0425462
0.101279 0.336531 0.0831814 0.275567 0.138338 0.0339377 0.0311667
0.008883 0.25176 0.0937624 0.0415213 0.563533 0.0404405 9.9991E-05
0.042306 0.0751776 0.113488 0.0711167 0.510784 0.080597 0.106531
0.113619 0.222637 0.0645442 0.186474 0.344554 0.0680721 9.9991E-05
0.178421 0.33515 0.130642 0.209211 0.0887413 9.9991E-05 0.0577352
0.0235983 0.174531 0.0546719 0.073638 0.497743 0.048419 0.127399
0.0791177 0.189747 0.0566783 0.145662 0.430615 0.0531669 0.0450123
0.0279385 0.49406 0.152231 0.234041 0.0911748 0.000454726 9.9991E-05
0.0137872 0.262394 0.0158066 0.0598106 0.51507 0.133032 9.9991E-05
9.9991E-05 0.0688747 0.102104 0.0533201 0.553526 0.127351 0.0947252
0.0158637 0.164413 0.175644 9.9982E-05 0.567497 9.9982E-05 0.0763814
0.0771498 0.30791 0.0357004 0.173765 0.246275 0.0923782 0.0668215
0.0169327 0.150255 0.158419 0.104665 0.569529 9.9982E-05 9.9982E-05
0.0847931 0.118928 9.9991E-05 0.166639 0.498307 0.101259 0.0299731
9.9982E-05 0.3713 0.122117 0.191236 0.231214 0.0839338 9.9982E-05
9.9964E-05 0.0455292 9.9964E-05 0.403624 0.550447 9.9964E-05 9.9964E-05
0.00688775 0.0786516 9.9973E-05 0.697527 0.216634 9.9973E-05 9.9973E-05
0.0913122 0.0970393 0.0808452 0.0855421 0.585683 0.0367379 0.0228406
0.00956105 9.9973E-05 0.0958663 0.880156 9.9973E-05 9.9973E-05 0.0141162
9.9982E-05 0.0838239 0.0565045 0.76211 0.00617178 0.0911903 9.9982E-05
9.9973E-05 9.9973E-05 9.9973E-05 0.689714 0.281572 0.0209937 0.0074204
0.0274342 0.0708071 9.9973E-05 0.397532 0.503927 9.9973E-05 9.9973E-05
0.173498 9.9982E-05 9.9982E-05 0.212619 0.495681 0.0897393 0.0282633
9.9982E-05 0.0617768 0.00430436 0.475602 0.420584 9.9982E-05 0.0375334
0.0341084 0.133386 9.9982E-05 0.575269 0.178426 9.9982E-05 0.0786108
0.0215126 0.260868 9.9982E-05 0.407187 0.289427 9.9982E-05 0.0208052
0.133852 0.0965904 9.9991E-05 0.246049 0.458515 0.0105489 0.0543446
0.0349632 0.0592378 9.9973E-05 0.559149 0.34635 9.9973E-05 9.9973E-05
0.0544877 0.0866327 0.0234046 0.384128 0.44985 9.9991E-05 0.00139705
0.00342249 9.9973E-05 0.0269191 0.590597 0.378761 9.9973E-05 9.9973E-05
9.9973E-05 9.9973E-05 0.174419 0.72183 9.9973E-05 0.0917555 0.0116959
0.000941813 9.9982E-05 0.051391 0.326062 0.568004 9.9982E-05 0.0534015
0.809765 0.0897474 9.9973E-05 9.9973E-05 0.0784532 9.9973E-05 0.0217347
0.926101 9.9955E-05 9.9955E-05 9.9955E-05 0.0733991 9.9955E-05 9.9955E-05
0.844333 9.9964E-05 9.9964E-05 9.9964E-05 0.0994444 9.9964E-05 0.0558231
0.908521 9.9964E-05 0.0283375 9.9964E-05 0.0627412 9.9964E-05 9.9964E-05
0.893546 9.9973E-05 9.9973E-05 0.0227832 0.0747466 0.00862393 9.9973E-05
0.893735 9.9982E-05 0.0123469 0.0443691 0.0349743 0.0143749 9.9982E-05
0.93954 9.9964E-05 9.9964E-05 0.0112141 0.0488456 9.9964E-05 9.9964E-05
0.134849 0.0136291 0.0911387 0.170409 0.589774 9.9982E-05 9.9982E-05
0.0625259 0.0300741 0.0565339 0.218706 0.547052 0.0116956 0.0734121
0.0183036 0.0883697 9.9982E-05 0.811341 0.00874777 0.0730383 9.9982E-05
0.0530491 0.0839626 0.0189853 0.192729 0.630437 9.9991E-05 0.0207366
0.04521 0.112667 9.9973E-05 0.375534 0.466289 9.9973E-05 9.9973E-05
0.0370222 9.9982E-05 9.9982E-05 0.317266 0.492754 0.0618596 0.090898
9.9982E-05 0.0366854 0.127597 0.168262 0.578098 0.0891565 9.9982E-05
0.0106654 9.9982E-05 9.9982E-05 0.432339 0.458821 0.0134154 0.0845594
0.0645047 0.165921 9.9973E-05 0.768097 9.9973E-05 0.00117752 9.9973E-05
0.121669 0.0170083 0.0396673 0.173413 0.574597 9.9991E-05 0.0735456
0.0941086 0.0309583 0.0155054 0.14394 0.659891 0.0554974 9.9991E-05
0.117768 0.048961 9.9991E-05 0.130797 0.521469 0.123394 0.0575106
0.0400809 9.9973E-05 0.101493 0.50049 0.357636 9.9973E-05 9.9973E-05
9.9991E-05 0.0223859 0.0350521 0.352491 0.561759 0.025095 0.00311758
0.0565866 0.0643892 0.0360918 0.312762 0.518464 0.0116067 9.9991E-05
9.9973E-05 9.9973E-05 9.9973E-05 0.615794 0.25002 0.0194825 0.114404
0.0599864 0.115578 9.9973E-05 0.419422 0.404714 9.9973E-05 9.9973E-05
0.114691 0.0230464 9.9991E-05 0.146829 0.552653 0.125244 0.037437
0.0047301 0.312972 0.0884084 0.137476 0.288036 0.142751 0.0256262
0.11139 0.248001 0.176783 9.9982E-05 0.434417 9.9982E-05 0.0292084
0.136871 0.133907 0.0649649 0.00223694 0.554153 0.076816 0.0310506
0.108635 0.0962289 0.0736006 0.118728 0.516435 0.000516324 0.0858566
0.0165043 0.313896 0.0361788 0.0829977 0.537631 0.0126917 9.9991E-05
9.9973E-05 0.327818 9.9973E-05 9.9973E-05 0.587498 0.0708984 0.0134855
0.0629146 0.294706 9.9991E-05 0.0172477 0.496926 0.127282 0.000824011
0.0564001 0.220128 0.0683999 0.0461797 0.570493 0.0382998 9.9991E-05
0.0471058 0.121406 0.0466073 0.123795 0.573639 0.00416749 0.0832792
0.0888987 0.164265 9.9982E-05 0.0994386 0.537077 0.11012 9.9982E-05
9.9964E-05 0.422922 9.9964E-05 9.9964E-05 0.535979 0.0406984 9.9964E-05
9.9991E-05 0.117727 0.0636028 0.0299849 0.698546 0.0839352 0.00610403
0.127323 0.112374 0.0371793 9.9991E-05 0.485819 0.195589 0.0416154
9.9982E-05 0.294837 9.9982E-05 0.00500725 0.556428 0.0996297 0.0438985
0.028389 0.138508 0.160827 9.9982E-05 0.648988 0.0230877 9.9982E-05
9.9991E-05 0.238617 0.0181274 0.110199 0.548952 0.00208007 0.0819241
0.0786592 0.225099 0.190971 9.9982E-05 0.421286 0.0837848 9.9982E-05
0.0581029 0.0484819 0.0941636 0.0951421 0.615226 0.0337157 0.0551681
9.9982E-05 0.100754 0.0583076 9.9982E-05 0.712756 0.0891574 0.0388253
9.9982E-05 0.386126 9.9982E-05 0.150645 0.198714 0.144998 0.119318
9.9991E-05 0.341837 0.251589 0.0712308 0.115052 0.214195 0.00599657
0.0527544 0.146257 0.143508 9.9982E-05 0.624213 0.0330666 9.9982E-05
9.9991E-05 0.30273 0.198684 0.185373 0.0697147 0.213249 0.0301505
0.0607616 0.386302 0.0253045 0.137423 0.341403 0.0487058 9.9991E-05
0.0374015 0.32305 9.9982E-05 0.0942943 0.498164 0.0468904 9.9982E-05
0.0310615 0.365217 9.9982E-05 0.169785 0.352717 0.0810207 9.9982E-05
9.9991E-05 0.514294 0.0238924 0.0929944 0.277512 0.0668264 0.02438
0.099321 0.140295 9.9991E-05 0.0451318 0.604455 0.109092 0.00160523
0.0561151 0.139637 0.0634454 0.103609 0.496869 0.036279 0.104046
0.0329527 0.209662 0.00740653 0.0859979 0.618733 0.0402143 0.00503332
9.9991E-05 0.37061 0.21037 0.0950194 0.184043 0.100822 0.0390351
0.210751 0.032832 0.119757 0.109975 0.358614 0.101472 0.0665981
0.0433422 0.018635 0.241627 0.132606 0.486491 0.0334001 0.0438991
0.0969923 0.184392 0.418391 0.074372 9.9982E-05 0.225652 9.9982E-05
0.0880805 9.9982E-05 0.0759919 0.0620432 0.606479 0.167206 9.9982E-05
0.0613403 0.0838925 0.254463 0.165139 0.351901 0.0296645 0.0535987
0.0455859 9.9991E-05 0.212135 0.0762246 0.526164 0.0942924 0.0454988
0.0729673 0.0394 0.345132 0.162228 0.273065 0.107108 9.9991E-05
9.9982E-05 0.152151 0.41526 0.129689 0.180129 0.122571 9.9982E-05
0.0558828 0.0776556 0.147948 0.0413526 0.4867 0.190361 9.9991E-05
0.0527488 0.165676 0.209111 0.0195526 0.413285 0.0430102 0.0966157
0.132599 0.128811 0.150868 0.0183044 0.373179 0.106247 0.0899919
0.0377283 0.0588714 0.384613 0.319248 9.9991E-05 0.0504102 0.149029
0.0792504 0.02185 9.9991E-05 0.165319 0.44928 0.179464 0.104736
9.9982E-05 0.120601 0.285617 0.156459 0.386897 0.0502254 9.9982E-05
9.9991E-05 0.0841061 0.135541 0.1896 0.504764 0.0846955 0.00119301
0.0711315 0.0802523 0.126385 0.0914087 0.614892 0.0158296 9.9991E-05
0.271172 0.0339307 0.294767 9.9982E-05 0.159455 9.9982E-05 0.240476
0.502005 9.9964E-05 0.370453 9.9964E-05 9.9964E-05 9.9964E-05 0.127143
0.399047 9.9964E-05 0.451839 9.9964E-05 9.9964E-05 9.9964E-05 0.148714
0.380433 9.9973E-05 0.235207 9.9973E-05 0.104305 9.9973E-05 0.279755
9.9973E-05 9.9973E-05 0.267338 0.0110303 0.716446 0.00488581 9.9973E-05
0.0554725 0.0976957 0.101514 0.0781441 0.539152 0.0798998 0.0481221
9.9964E-05 0.0337454 9.9964E-05 9.9964E-05 0.298744 9.9964E-05 0.667111
9.9982E-05 0.0841565 9.9982E-05 0.0138238 0.261805 0.133799 0.506216
0.077533 0.0589093 0.0452399 0.0445296 0.348226 0.00299988 0.422562
9.9973E-05 9.9973E-05 0.36374 0.0298413 0.430902 0.175217 9.9973E-05
0.129735 0.0154454 0.102653 0.104716 0.535309 0.0720139 0.0401275
9.9973E-05 9.9973E-05 0.456955 0.108847 0.186618 0.24728 9.9973E-05
9.9982E-05 0.0126683 0.175289 0.0247342 0.645114 0.141994 9.9982E-05
0.00450213 0.0410165 0.226751 0.0600973 0.458221 0.209313 9.9991E-05
9.9991E-05 0.0180644 0.319003 0.0326407 0.555401 0.0428218 0.0319688
9.9982E-05 0.042971 0.488749 0.0950924 0.204237 0.16875 9.9982E-05
0.0500138 0.00613781 0.144389 0.133196 0.595488 9.9991E-05 0.0706764
0.0628226 0.000249606 0.309447 9.9991E-05 0.558231 0.016968 0.052182
9.9964E-05 9.9964E-05 0.00254731 9.9964E-05 9.9964E-05 0.0356736 0.961379
9.9964E-05 9.9964E-05 9.9964E-05 9.9964E-05 0.151124 0.0240121 0.824464
0.103266 9.9982E-05 9.9982E-05 0.00395951 0.376314 0.00132786 0.514933
0.0122797 0.0562322 9.9973E-05 9.9973E-05 0.215546 9.9973E-05 0.715642
0.0246825 9.9973E-05 0.0440638 9.9973E-05 0.132144 9.9973E-05 0.79881
9.9955E-05 0.00152556 9.9955E-05 9.9955E-05 9.9955E-05 9.9955E-05 0.997975
9.9964E-05 9.9964E-05 0.0065226 9.9964E-05 9.9964E-05 0.0411503 0.951927
9.9955E-05 9.9955E-05 9.9955E-05 9.9955E-05 0.145607 9.9955E-05 0.853894
9.9955E-05 0.0430513 9.9955E-05 9.9955E-05 9.9955E-05 9.9955E-05 0.956449
9.995E-05 9.995E-05 9.995E-05 9.995E-05 9.995E-05 9.995E-05 0.9994
9.995E-05 9.995E-05 9.995E-05 9.995E-05 9.995E-05 9.995E-05 0.9994
0.0510595 9.9973E-05 9.9973E-05 9.9973E-05 0.128002 0.0401861 0.780453
9.9964E-05 0.110525 9.9964E-05 9.9964E-05 0.0288754 9.9964E-05 0.860199
9.9955E-05 9.9955E-05 9.9955E-05 0.0365765 9.9955E-05 9.9955E-05 0.962924
0.0638695 0.144441 0.0219718 0.035574 0.247975 0.014883 0.471286
0.0293159 0.102375 0.0342476 0.0271192 0.102353 9.9991E-05 0.70449
0.0440528 0.0108631 0.00154134 0.0340116 0.179664 9.9991E-05 0.729767
9.9973E-05 0.0223782 9.9973E-05 0.0332093 0.0541756 9.9973E-05 0.889937
9.9955E-05 9.9955E-05 9.9955E-05 9.9955E-05 0.000788658 9.9955E-05 0.998712
0.025988 0.0356128 9.9973E-05 9.9973E-05 0.0195376 9.9973E-05 0.918562
9.995E-05 9.995E-05 9.995E-05 9.995E-05 9.995E-05 9.995E-05 0.9994
0.0161309 0.110335 9.9982E-05 9.9982E-05 0.269047 0.00218543 0.602102
9.9973E-05 0.0547567 9.9973E-05 0.0189799 9.9973E-05 0.0394561 0.886507
0.260688 9.9982E-05 0.6106 0.0393043 9.9982E-05 0.0380803 0.0511278
0.120393 0.179138 0.195982 0.00651672 0.440312 9.9991E-05 0.0575584
0.24915 0.0054499 0.296536 9.9982E-05 0.431161 9.9982E-05 0.0175031
0.181023 0.0157683 0.42724 0.0331942 0.189768 0.0254888 0.127518
0.10639 0.0425245 0.147877 0.00376675 0.420315 0.140266 0.138861
0.236934 9.9991E-05 0.34447 0.0413877 0.194684 0.0910648 0.0913595
0.177471 0.109004 0.0749988 0.0530165 0.364114 0.100498 0.120898
0.0828431 0.0318064 0.387907 0.0326852 0.270154 0.016662 0.177943
0.129767 0.0499186 0.229353 9.9982E-05 0.412071 9.9982E-05 0.178691
0.110257 9.9982E-05 0.319434 0.0438445 0.322523 9.9982E-05 0.203742
0.183955 0.0064967 0.124782 0.0534213 0.531877 0.0549972 0.0444717
0.826936 0.0671521 9.9982E-05 0.0409162 0.041479 0.0233168 9.9982E-05
0.920813 9.9964E-05 9.9964E-05 9.9964E-05 9.9964E-05 0.0298794 0.0489074
0.914383 0.0301516 0.0128867 0.0148695 0.0275088 9.9982E-05 9.9982E-05
0.941242 0.000950808 9.9982E-05 0.010661 0.0232065 0.0237397 9.9982E-05
0.820366 0.0589028 0.0720492 9.9982E-05 0.0428411 0.00564043 9.9982E-05
0.884041 9.9964E-05 9.9964E-05 9.9964E-05 9.9964E-05 0.0482986 0.067261
0.885862 9.9973E-05 0.00394978 9.9973E-05 0.0205265 9.9973E-05 0.0893616
0.882899 0.0338445 0.0828567 9.9964E-05 9.9964E-05 9.9964E-05 9.9964E-05
0.883439 9.9964E-05 9.9964E-05 0.0977196 9.9964E-05 9.9964E-05 0.0184419
0.827198 0.0484254 0.0263097 9.9973E-05 9.9973E-05 9.9973E-05 0.0977673
0.611786 0.220168 9.9973E-05 0.142407 9.9973E-05 0.0253397 9.9973E-05
0.592129 0.301871 9.9964E-05 0.1056 9.9964E-05 9.9964E-05 9.9964E-05
0.509381 0.258422 0.125718 0.0645864 9.9982E-05 0.0416931 9.9982E-05
0.501728 0.306192 0.0465091 0.0873618 9.9982E-05 0.0580096 9.9982E-05
0.0954944 0.0855722 0.0124041 0.390639 0.410384 9.9991E-05 0.00540623
9.9982E-05 0.0712636 9.9982E-05 0.270308 0.507405 0.103192 0.047631
0.0270838 0.161033 0.0271715 0.136829 0.51809 0.0691822 0.0606096
0.0541424 0.180337 0.0265298 0.327347 0.411444 9.9982E-05 9.9982E-05
9.9991E-05 0.615403 0.00563025 0.166318 0.142046 0.0664458 0.00405685
0.0371152 0.0836154 9.9982E-05 0.168456 0.685818 9.9982E-05 0.0247948
9.9982E-05 0.118139 9.9982E-05 0.251152 0.499642 0.0898649 0.0410027
9.9964E-05 0.169073 9.9964E-05 0.297671 0.532856 9.9964E-05 9.9964E-05
9.9973E-05 9.9973E-05 0.062916 0.515053 0.35344 0.068291 9.9973E-05
0.0507286 0.0924369 0.0528682 0.132908 0.638816 9.9991E-05 0.0321424
9.9973E-05 0.137419 9.9973E-05 0.42219 0.396996 0.0430948 9.9973E-05
9.9964E-05 0.116261 9.9964E-05 0.740261 9.9964E-05 0.143078 9.9964E-05
0.0335884 0.178598 0.00948595 0.169133 0.468223 0.10965 0.031322
0.00577803 9.9982E-05 0.0864294 0.546513 0.252359 0.10872 9.9982E-05
9.9973E-05 9.9973E-05 9.9973E-05 0.414647 0.510671 0.0594385 0.0149433
0.0453551 0.143297 9.9973E-05 0.726825 0.0842229 9.9973E-05 9.9973E-05
0.0907487 0.73906 0.145266 9.9973E-05 0.0246256 9.9973E-05 9.9973E-05
0.050066 0.771221 0.0352244 9.9982E-05 0.0662348 0.0770542 9.9982E-05
0.0225504 0.895255 0.0222909 9.9973E-05 9.9973E-05 0.0596034 9.9973E-05
0.10441 0.822636 0.0373281 9.9973E-05 9.9973E-05 0.0353264 9.9973E-05
9.9982E-05 0.800206 0.124871 9.9982E-05 0.0517948 0.019687 0.00324137
0.0319185 0.78551 0.0455295 9.9991E-05 0.0365537 0.0505676 0.0498203
0.864493 9.9973E-05 9.9973E-05 0.0669959 0.0199044 9.9973E-05 0.0483062
0.795725 0.0735527 0.0427039 9.9982E-05 0.0605787 9.9982E-05 0.0272395
0.71829 9.9982E-05 0.0549754 9.9982E-05 0.121803 0.00375619 0.100975
0.756748 0.0892236 9.9964E-05 9.9964E-05 9.9964E-05 9.9964E-05 0.153628
0.749409 0.04516 0.0585972 9.9982E-05 0.0623094 9.9982E-05 0.0843243
0.373828 0.495933 0.10773 0.0222094 9.9973E-05 9.9973E-05 9.9973E-05
0.417874 0.37809 0.088727 0.098403 9.9982E-05 0.0167066 9.9982E-05
0.452448 0.387168 9.9973E-05 0.0719652 9.9973E-05 0.0881189 9.9973E-05
0.828689 9.9955E-05 9.9955E-05 9.9955E-05 0.170812 9.9955E-05 9.9955E-05
0.362684 0.445512 0.0365887 0.101617 9.9991E-05 0.0526296 0.000867795
0.186785 9.9982E-05 0.118764 9.9982E-05 0.279753 0.0416645 0.372834
0.111395 0.0410641 0.0103789 9.9982E-05 0.59506 9.9982E-05 0.241902
0.198368 9.9964E-05 9.9964E-05 9.9964E-05 0.534625 9.9964E-05 0.266608
0.248204 9.9991E-05 0.121342 0.0463693 0.339047 0.0192173 0.225719
0.190893 9.9973E-05 0.150235 9.9973E-05 0.61821 9.9973E-05 0.0403622
0.436301 9.9973E-05 0.250604 9.9973E-05 9.9973E-05 0.0284409 0.284354
0.0290873 0.301869 0.0149062 0.0653338 0.452087 0.136616 9.9991E-05
9.9982E-05 0.166576 0.147281 0.11626 0.415463 0.15422 9.9982E-05
0.0824084 0.495245 9.9982E-05 0.0439387 0.312119 0.0660881 9.9982E-05
9.9973E-05 0.160772 9.9973E-05 0.123045 0.478826 0.237057 9.9973E-05
9.9973E-05 0.173055 0.276905 0.240866 9.9973E-05 0.308875 9.9973E-05
0.0847907 0.198451 0.00773676 0.0449644 0.592084 0.0355243 0.0364483
0.0271748 0.113093 0.0881727 0.0684156 0.497028 0.19661 0.00950516
0.0124406 0.418545 0.0759491 0.0501224 0.382871 0.0599721 9.9991E-05
0.063771 0.194241 0.0539193 0.106126 0.42957 0.0733314 0.079041
9.9982E-05 0.210071 0.336382 0.218484 0.144753 0.0901088 9.9982E-05
9.9991E-05 0.114446 0.178469 0.128519 0.416993 0.112569 0.0489034
9.9991E-05 0.280323 0.0591763 0.0916822 0.519213 0.0408346 0.0086711
0.118226 0.0291036 0.0566882 0.199479 0.376904 0.00871376 0.210885
9.9982E-05 0.266856 0.135267 0.054649 0.391368 0.15166 9.9982E-05
0.00898132 0.282651 0.0467449 0.109712 0.454594 0.0972159 9.9991E-05
9.9991E-05 0.109084 0.0736963 0.093034 0.444351 0.156497 0.123238
9.9982E-05 0.193817 0.076109 0.0594447 0.562847 0.107582 9.9982E-05
0.0234192 0.120592 0.0390214 0.0372986 0.577368 0.117519 0.0847822
0.107255 0.145802 9.9991E-05 0.0849218 0.410335 0.108923 0.142663
0.102999 0.177984 9.9991E-05 0.112567 0.414832 0.102575 0.0889434
0.774488 9.9964E-05 9.9964E-05 9.9964E-05 0.123742 9.9964E-05 0.10137
0.84276 9.9973E-05 9.9973E-05 9.9973E-05 0.096254 0.0498243 0.0108618
0.743478 0.0851521 0.0683463 0.0126711 0.034635 9.9991E-05 0.0556176
0.80018 0.0515876 9.9982E-05 0.0848388 0.0411264 9.9982E-05 0.0220673
0.842462 9.9973E-05 9.9973E-05 9.9973E-05 0.127334 0.0170777 0.0128266
9.9982E-05 0.586257 0.0312522 0.0952287 0.248548 9.9982E-05 0.0385144
0.03788 0.137074 0.112538 0.103702 0.472561 0.0495342 0.0867111
0.181844 9.9982E-05 0.12531 0.20399 0.295486 9.9982E-05 0.19317
9.9991E-05 0.108966 0.0190765 0.0793109 0.671492 0.0666318 0.0544228
0.0658726 0.247665 0.0285549 0.097674 0.527765 0.0323687 9.9991E-05
9.9973E-05 0.314226 0.200123 9.9973E-05 0.346043 0.139308 9.9973E-05
0.117046 0.57243 0.10885 0.124518 0.076955 9.9982E-05 9.9982E-05
9.9991E-05 0.314247 0.0146428 0.0726956 0.512825 0.0498465 0.0356437
0.063254 0.461751 0.0259457 0.133595 0.160813 0.0889156 0.0657253
0.0399729 0.205548 0.12926 0.052698 0.451393 0.0861947 0.0349339
0.0919228 0.582514 9.9991E-05 0.120162 0.0317583 0.0916901 0.0818532
0.0946016 0.215933 9.9991E-05 0.00697707 0.577908 0.0624944 0.0419861
0.117072 0.532934 9.9982E-05 0.0629228 0.179647 0.107224 9.9982E-05
0.0124788 0.189156 0.18445 0.0496036 0.397132 0.141462 0.0257174
0.0438 0.0841026 0.142632 0.0690691 0.427418 0.195905 0.0370735
9.9973E-05 0.118089 0.482886 9.9973E-05 0.337625 0.0610997 9.9973E-05
9.9982E-05 0.0277062 0.332156 0.00142003 0.633562 0.00495658 9.9982E-05
0.129365 9.9973E-05 0.220008 0.0984427 0.551884 9.9973E-05 9.9973E-05
9.9973E-05 0.0679133 0.40554 9.9973E-05 0.372715 0.153532 9.9973E-05
0.0164658 0.0887074 0.242101 0.0129388 0.530006 0.0552033 0.0545775
0.039437 0.0624866 0.236546 9.9982E-05 0.526706 0.134624 9.9982E-05
9.9982E-05 0.1478 0.513677 0.109699 0.103221 0.125402 9.9982E-05
9.9973E-05 9.9973E-05 0.57129 0.141812 0.251661 0.0349371 9.9973E-05
9.9973E-05 0.0668695 0.292 9.9973E-05 0.556795 0.0840351 9.9973E-05
9.9982E-05 0.103938 0.437204 0.176928 0.163797 0.117933 9.9982E-05
9.9973E-05 0.0906972 0.308844 0.156807 0.443351 9.9973E-05 9.9973E-05
0.0128544 0.628695 0.0253095 0.180707 0.136819 9.9991E-05 0.0155157
9.9991E-05 0.339191 0.0521695 0.0739246 0.201743 0.302673 0.0301987
9.9982E-05 0.439716 9.9982E-05 0.112106 0.369945 0.0383393 0.0396926
9.9982E-05 0.171365 0.0479562 0.067368 0.629843 9.9982E-05 0.0832685
9.9973E-05 0.513663 9.9973E-05 0.229727 0.225415 9.9973E-05 0.0308955
0.0563542 0.225699 0.0415298 9.9991E-05 0.466806 0.0995835 0.109928
0.0119925 0.2491 0.119632 9.9982E-05 0.571228 9.9982E-05 0.0478481
0.0400916 0.326697 0.0231397 0.0694549 0.454486 0.0171315 0.068999
9.9973E-05 0.297251 9.9973E-05 9.9973E-05 0.434174 0.145828 0.122447
9.9982E-05 0.327276 9.9982E-05 0.112971 0.446992 0.0433089 0.0692517
9.9982E-05 0.520828 9.9982E-05 0.131918 0.218752 0.0209161 0.107386
9.9982E-05 0.449643 9.9982E-05 0.0360412 0.314468 0.100678 0.0989697
9.9991E-05 0.170058 0.0228974 0.129086 0.598697 0.037336 0.0418255
0.105866 0.23256 0.000466246 9.9991E-05 0.596189 0.0598108 0.00500825
0.0262257 0.215598 0.133566 0.0396895 0.490497 0.0723188 0.0221051
9.9973E-05 0.226749 9.9973E-05 9.9973E-05 0.492669 0.179397 0.100885
0.0479362 0.442014 0.0798186 9.9973E-05 0.429931 9.9973E-05 9.9973E-05
9.9982E-05 0.285358 9.9982E-05 0.0999096 0.574416 0.0249644 0.0151517
0.0442785 0.285549 9.9991E-05 0.0207292 0.499573 0.10537 0.0443992
0.132333 0.0979888 0.0199761 0.0738021 0.443386 0.138131 0.0943833
0.343515 9.9973E-05 0.142218 9.9973E-05 0.413528 9.9973E-05 0.100439
0.144246 9.9991E-05 0.0400342 0.163517 0.397184 0.022326 0.232592
0.108725 9.9982E-05 0.157822 0.0739266 0.554524 9.9982E-05 0.104803
0.105928 0.0707894 0.05076 0.0558392 0.608312 0.0149741 0.0933971
0.18469 0.0323899 0.0164443 0.0663545 0.445395 0.0501832 0.204543
9.9973E-05 0.164941 0.157633 9.9973E-05 0.506219 0.170908 9.9973E-05
0.147945 0.0392235 0.0730264 0.0025357 0.541681 0.0818386 0.11375
0.254163 9.9982E-05 0.360292 0.23369 0.00705972 9.9982E-05 0.144595
0.0943262 0.146922 0.147948 9.9982E-05 0.459621 9.9982E-05 0.150983
0.134728 0.0806344 0.0246223 0.0351044 0.525768 0.0391435 0.159999
0.0893809 0.0588044 9.9991E-05 0.11778 0.486927 0.0546788 0.192329
0.208172 0.0795827 0.171053 0.144246 0.25657 0.0194165 0.12096
0.209905 0.0354601 0.0177216 9.9991E-05 0.54357 0.038432 0.154811
0.140665 0.0154449 0.111176 9.9991E-05 0.535643 0.0446345 0.152336
0.445569 9.9973E-05 0.33821 9.9973E-05 9.9973E-05 0.00100854 0.214913
0.196558 9.9982E-05 0.0417228 9.9982E-05 0.519826 0.0532137 0.18848
0.140852 0.0175124 0.0289359 9.9991E-05 0.512232 0.0872689 0.213098
0.107552 9.9991E-05 0.0869492 0.106734 0.547302 0.0305949 0.120767
0.220958 9.9973E-05 0.0450807 9.9973E-05 0.603035 9.9973E-05 0.130626
0.205411 0.057605 0.0568272 9.9991E-05 0.622739 0.0449921 0.0123261
0.0401929 0.0295906 0.0375043 0.0852733 0.44426 0.359677 0.00350249
0.0631087 0.0750421 9.9982E-05 9.9982E-05 0.566918 0.213736 0.0809947
9.9973E-05 0.0669662 0.0165572 0.103851 9.9973E-05 0.812326 9.9973E-05
9.9964E-05 0.0525151 9.9964E-05 0.0599637 9.9964E-05 0.887121 9.9964E-05
0.070882 0.0440375 0.00899457 0.00488002 0.504859 0.318842 0.0475048
0.0841625 9.9982E-05 0.107486 9.9982E-05 0.287106 0.184972 0.336074
0.109919 9.9982E-05 0.0570144 9.9982E-05 0.280455 0.252834 0.299577
0.128028 9.9991E-05 0.184588 0.00786804 0.133408 0.241644 0.304364
0.138594 9.9991E-05 0.0543223 0.00335013 0.319428 0.178354 0.305852
0.0754975 9.9982E-05 0.182441 9.9982E-05 0.0353303 0.639855 0.0666757
0.127803 9.9964E-05 9.9964E-05 9.9964E-05 9.9964E-05 0.755402 0.116395
0.0119192 9.9973E-05 9.9973E-05 9.9973E-05 0.489203 0.42223 0.076348
0.0513246 9.9973E-05 9.9973E-05 9.9973E-05 0.416863 0.464895 0.0666174
0.0632909 9.9973E-05 9.9973E-05 9.9973E-05 0.0617867 0.748586 0.126037
0.0762902 0.0368699 9.9991E-05 0.0252592 0.447322 0.296109 0.11805
9.9964E-05 9.9964E-05 9.9964E-05 9.9964E-05 0.533116 0.384476 0.0820086
0.119306 0.00543768 9.9982E-05 9.9982E-05 0.464102 0.298348 0.112606
0.00660936 0.0482251 0.0287986 0.0274837 0.270078 0.618706 9.9991E-05
0.029445 0.0807973 9.9982E-05 9.9982E-05 0.324795 0.558159 0.00660335
9.9991E-05 0.00778911 0.126569 0.0464806 0.592072 0.225762 0.00122751
0.0546771 0.0807209 0.0472122 0.166711 0.254889 0.327228 0.0685617
0.0625397 0.113935 0.116679 9.9991E-05 0.449966 0.189799 0.066981
9.9964E-05 9.9964E-05 0.0845921 9.9964E-05 0.450682 0.464326 9.9964E-05
9.9964E-05 0.0859481 9.9964E-05 9.9964E-05 0.20127 0.712382 9.9964E-05
0.0341052 9.9982E-05 9.9982E-05 0.141911 0.474175 0.316518 0.0330898
9.9973E-05 0.0102562 9.9973E-05 0.134112 0.153425 0.701907 9.9973E-05
0.0386219 0.0259741 0.000294084 9.9991E-05 0.381332 0.540785 0.0128926
0.0533568 0.0325044 0.0503816 0.000574448 0.482381 0.342611 0.0381899
0.0203164 0.00822278 9.9991E-05 0.110635 0.440285 0.375177 0.0452643
0.167946 9.9982E-05 9.9982E-05 0.0679054 0.492931 0.0558835 0.215135
0.105262 0.15732 0.0625396 9.9991E-05 0.409947 0.128038 0.136794
0.161278 0.0867893 0.151719 9.9991E-05 0.293974 0.0465573 0.259583
0.229539 0.0797641 0.0925475 9.9991E-05 0.31375 0.110009 0.17429
0.163255 0.179775 9.9991E-05 0.0730153 0.379512 0.0221327 0.18221
0.171099 0.0233258 0.0272236 9.9991E-05 0.510247 0.157319 0.110685
0.166226 0.00279939 0.142174 9.9982E-05 9.9982E-05 0.538299 0.150302
0.0574869 0.0608655 0.0104786 9.9991E-05 0.550244 0.0722542 0.248571
0.326408 9.9973E-05 0.148017 9.9973E-05 9.9973E-05 0.43128 0.0939951
0.0476011 9.9973E-05 9.9973E-05 9.9973E-05 0.464015 0.29379 0.194294
9.9973E-05 9.9973E-05 0.0721665 0.120952 0.0438847 0.762697 9.9973E-05
9.9964E-05 9.9964E-05 0.0232715 0.115222 9.9964E-05 0.861107 9.9964E-05
9.9982E-05 0.00742905 0.0330114 0.0388186 0.520978 0.399563 9.9982E-05
0.0214497 9.9964E-05 9.9964E-05 9.9964E-05 0.596076 0.382074 9.9964E-05
9.9964E-05 9.9964E-05 9.9964E-05 0.047257 0.359002 0.593341 9.9964E-05
9.9955E-05 9.9955E-05 9.9955E-05 9.9955E-05 0.39802 0.60148 9.9955E-05
9.9955E-05 9.9955E-05 9.9955E-05 9.9955E-05 0.480925 0.518575 9.9955E-05
0.799827 9.9982E-05 9.9982E-05 0.0633308 0.0219934 0.0751412 0.0395075
0.714584 0.144511 0.0202557 9.9991E-05 0.00492895 0.0448449 0.070775
0.872704 0.0427022 9.9973E-05 9.9973E-05 0.0180331 9.9973E-05 0.0662608
0.923302 9.9982E-05 0.00730687 9.9982E-05 0.0371948 0.0193027 0.0126934
0.0454693 0.0629149 0.030153 0.35643 0.442011 9.9991E-05 0.0629223
0.0606313 0.0200693 9.9973E-05 0.442787 0.476212 9.9973E-05 9.9973E-05
0.0101111 0.0130679 9.9973E-05 0.462252 0.514269 9.9973E-05 9.9973E-05
0.0363312 0.137223 0.119934 0.105113 0.601199 9.9982E-05 9.9982E-05
0.0491971 0.0661828 0.108385 0.226476 0.441298 9.9991E-05 0.108361
0.033169 0.135969 0.00645031 0.536803 0.257429 0.0300804 9.9991E-05
9.9973E-05 9.9973E-05 9.9973E-05 0.297082 0.626434 0.0574028 0.0187815
9.9973E-05 9.9973E-05 0.161938 0.415115 0.359478 0.0631698 9.9973E-05
0.219857 0.0185354 0.0987965 0.0226173 0.487544 9.9991E-05 0.152549
9.9982E-05 9.9982E-05 0.00787275 0.352128 0.348476 0.21426 0.0770636
0.021839 0.132032 0.0228375 0.512946 0.310146 9.9982E-05 9.9982E-05
9.9973E-05 0.0150035 9.9973E-05 0.338364 0.580747 0.0655863 9.9973E-05
9.9982E-05 0.0825851 9.9982E-05 0.363048 0.454528 0.0934253 0.00621362
0.0252208 9.9982E-05 0.0014735 0.344272 0.589678 0.0391559 9.9982E-05
0.0491797 0.0497655 9.9982E-05 0.28913 0.608645 9.9982E-05 0.00307986
9.9964E-05 9.9964E-05 9.9964E-05 0.881992 0.089974 0.0276345 9.9964E-05
9.9982E-05 9.9982E-05 0.136056 0.540685 0.289024 0.00549959 0.0285353
9.9973E-05 0.0733463 0.00672841 0.610643 0.308982 9.9973E-05 9.9973E-05
9.9955E-05 9.9955E-05 0.160118 0.839382 9.9955E-05 9.9955E-05 9.9955E-05
0.0588514 0.0565013 9.9991E-05 0.389056 0.474221 0.0144412 0.00682948
9.9973E-05 9.9973E-05 0.243222 0.643095 0.111091 0.0022924 9.9973E-05
9.9964E-05 9.9964E-05 0.201335 0.727557 9.9964E-05 0.0707084 9.9964E-05
9.9973E-05 9.9973E-05 9.9973E-05 0.286846 0.523607 0.059927 0.12932
0.0306283 0.106579 9.9973E-05 0.61711 0.245383 9.9973E-05 9.9973E-05
0.0186836 0.0768556 0.0129339 0.427036 0.435026 9.9991E-05 0.0293645
0.105494 0.0526637 0.079497 0.132925 0.501412 0.112624 0.0153849
0.0143151 0.121587 9.9973E-05 0.369161 0.494637 9.9973E-05 9.9973E-05
9.9991E-05 0.277478 0.173999 0.034918 0.399671 0.0674298 0.0464047
9.9973E-05 0.035579 9.9973E-05 0.378192 0.514378 9.9973E-05 0.0715505
0.00818129 0.169302 9.99844E-05 0.299837 0.508041 0.014439 9.99844E-05
9.9964E-05 9.9964E-05 0.000866674 0.71171 0.287024 9.9964E-05 9.9964E-05
0.0656455 0.125052 0.0352527 0.123533 0.473344 0.0905126 0.0866599
0.596 0.34904 0.0373241 9.9973E-05 9.9973E-05 0.0173362 9.9973E-05
0.767632 0.0820159 9.9973E-05 0.075346 9.9973E-05 0.0747062 9.9973E-05
0.808373 0.121052 0.0701748 9.9964E-05 9.9964E-05 9.9964E-05 9.9964E-05
0.809384 0.134087 0.0261575 9.9973E-05 9.9973E-05 0.0300722 9.9973E-05
0.710898 0.19175 0.0571507 9.9973E-05 0.0399014 9.9973E-05 9.9973E-05
0.0582101 0.103334 9.9973E-05 0.690784 0.147372 9.9973E-05 9.9973E-05
0.054937 0.119058 9.9973E-05 0.691988 0.133717 9.9973E-05 9.9973E-05
9.9973E-05 9.9973E-05 0.0205853 0.791545 0.113188 0.0743817 9.9973E-05
0.0820188 0.152162 9.9991E-05 0.0932527 0.450508 0.102538 0.11942
0.126177 0.0279703 9.9991E-05 0.12528 0.653566 0.0621973 0.00470884
0.0411482 9.9982E-05 0.0616431 0.565569 0.317117 9.9982E-05 0.0143229
9.9973E-05 9.9973E-05 0.0339702 0.322846 0.60439 0.0384936 9.9973E-05
0.0596489 9.9982E-05 9.9982E-05 0.502566 0.376168 0.00208298 0.0593344
9.9973E-05 0.0394408 9.9973E-05 0.295825 0.601282 0.0631523 9.9973E-05
0.0363265 0.0353731 9.9982E-05 0.265633 0.6343 0.0281681 9.9982E-05
9.9973E-05 0.096718 0.0703996 0.553614 0.278968 9.9973E-05 9.9973E-05
0.0329443 0.00505619 9.9973E-05 0.57265 0.389049 9.9973E-05 9.9973E-05
9.9964E-05 0.109042 9.9964E-05 0.539932 0.350626 9.9964E-05 9.9964E-05
0.0271508 0.11417 0.226583 9.9973E-05 0.631797 9.9973E-05 9.9973E-05
0.0664429 9.9964E-05 9.9964E-05 0.545605 0.387552 9.9964E-05 9.9964E-05
9.9973E-05 9.9973E-05 0.0428949 0.424427 0.507738 0.0246403 9.9973E-05
0.124276 0.0164734 0.030839 0.0247034 0.382339 0.0383673 0.383001
0.0510939 0.000979189 0.0672039 0.0333047 0.271844 0.0441794 0.531395
0.130782 9.9973E-05 0.00992462 9.9973E-05 0.456443 9.9973E-05 0.402551
0.112555 9.9982E-05 0.061545 9.9982E-05 0.348143 0.0266696 0.450887
0.157544 0.027743 0.0651311 9.9982E-05 0.523411 9.9982E-05 0.225971
9.9982E-05 9.9982E-05 0.209995 0.270835 0.460708 0.0152897 0.0429719
0.273655 0.0309659 0.0680809 9.9973E-05 9.9973E-05 9.9973E-05 0.626998
0.151001 9.9991E-05 0.0307576 0.0213572 0.232413 0.1192 0.445171
0.149063 9.9982E-05 0.183997 0.0965253 0.396105 9.9982E-05 0.174109
0.124606 9.9964E-05 0.303733 9.9964E-05 0.571262 9.9964E-05 9.9964E-05
0.0299728 0.0780502 0.404642 0.00580686 0.473709 0.00771912 9.9991E-05
0.063348 0.0812407 0.238787 9.9973E-05 0.616324 9.9973E-05 9.9973E-05
0.0463848 0.028438 0.193161 0.0721658 0.659651 9.9982E-05 9.9982E-05
0.215832 9.9973E-05 0.00787769 9.9973E-05 0.369785 9.9973E-05 0.406205
0.152507 9.9982E-05 9.9982E-05 0.0159295 0.495814 0.00982949 0.325719
0.0230743 9.9973E-05 0.0924958 9.9973E-05 0.390032 9.9973E-05 0.494098
0.11996 0.0688911 9.9991E-05 0.102732 0.399292 0.0210275 0.287998
0.0727708 9.9982E-05 0.0899973 9.9982E-05 0.264938 0.0323974 0.539697
0.119842 0.00104532 9.9982E-05 0.103116 0.462845 9.9982E-05 0.312951
0.151942 9.9982E-05 0.0118097 9.9982E-05 0.233999 0.0560132 0.546036
0.0399336 0.0965718 9.9982E-05 9.9982E-05 0.380769 0.0792052 0.403321
9.9973E-05 9.9973E-05 0.306359 0.0408267 0.627453 9.9973E-05 0.0250617
0.0803406 0.0793561 0.013424 0.107954 0.242518 0.0459958 0.430412
0.135149 9.9973E-05 0.0675177 9.9973E-05 0.19294 9.9973E-05 0.604094
0.140879 0.0229778 9.9991E-05 0.0540149 0.305522 0.0686756 0.407831
0.117452 0.213833 0.328446 0.0760042 0.264065 9.9982E-05 9.9982E-05
9.9973E-05 0.041392 0.311101 9.9973E-05 0.597889 9.9973E-05 0.0493184
0.143031 0.0172295 9.9991E-05 0.0896767 0.398657 0.0367224 0.314584
0.124713 0.108267 0.144877 9.9991E-05 0.589218 0.0212566 0.0115676
0.113615 0.0682409 0.281893 0.0435168 0.474254 9.9991E-05 0.0183799
0.181954 0.0243254 0.0869137 0.112159 0.381651 0.00201764 0.210979
0.185043 0.0476056 0.0275455 0.00871798 0.3336 0.0975264 0.299961
0.103361 0.0366958 0.120532 0.0850728 0.468106 0.0214942 0.164738
0.117181 9.9982E-05 0.146948 0.055055 0.359408 9.9982E-05 0.321207
0.0669004 9.9982E-05 0.0104251 9.9982E-05 0.38843 0.0284089 0.505636
0.172358 9.9973E-05 0.0849521 9.9973E-05 0.171476 9.9973E-05 0.570915
0.137276 0.0120836 0.168359 9.9982E-05 0.617923 9.9982E-05 0.0641584
0.0483413 0.105437 0.357794 0.0135314 0.474696 9.9982E-05 9.9982E-05
0.00528771 9.9991E-05 0.694318 0.0380759 0.234231 0.00586779 0.0221195
0.0870954 9.9982E-05 0.195503 0.0638276 0.608855 9.9982E-05 0.0445196
0.094889 0.26029 0.156742 0.0224321 0.416584 0.0267096 0.0223524
0.222168 0.000470226 0.165726 0.0297144 0.421405 9.9991E-05 0.160417
0.137591 0.0994765 0.253224 0.0666962 0.381105 0.0483676 0.0135401
0.254893 9.9973E-05 0.529376 0.0236537 9.9973E-05 9.9973E-05 0.191777
0.214873 9.9964E-05 0.674 9.9964E-05 9.9964E-05 9.9964E-05 0.110727
0.100347 0.0404625 0.358261 9.9991E-05 0.276144 0.0745105 0.150175
0.258661 0.00776231 0.52494 9.9982E-05 0.0142838 9.9982E-05 0.194153
0.360148 9.9964E-05 0.439476 9.9964E-05 9.9964E-05 9.9964E-05 0.199976
0.0430878 0.0165349 0.328936 0.0260537 0.326581 0.0972201 0.161587
0.186921 9.9991E-05 0.181328 0.0802852 0.37199 0.0438969 0.13548
0.239278 9.9982E-05 0.386635 9.9982E-05 0.187406 0.00201075 0.18447
0.200662 9.9973E-05 0.548943 9.9973E-05 0.0940036 9.9973E-05 0.156091
0.113448 9.9991E-05 0.0928512 0.111466 0.483069 0.0492625 0.149803
0.152779 9.9982E-05 0.461314 0.0746405 0.18972 9.9982E-05 0.121347
0.34946 9.9964E-05 0.595763 9.9964E-05 9.9964E-05 9.9964E-05 0.0543764
0.0867945 0.138253 0.0872873 0.0578374 0.397215 0.0164549 0.216158
0.0742846 0.0856269 0.246999 9.9991E-05 0.218262 0.0926761 0.282051
0.329339 9.9982E-05 0.010976 0.0932503 0.418738 9.9982E-05 0.147497
0.208288 9.9982E-05 9.9982E-05 0.0161507 0.57541 0.00774708 0.192204
0.147503 9.9982E-05 0.0672356 9.9982E-05 0.540613 0.0640315 0.180417
0.144069 9.9982E-05 0.111486 0.0142135 0.493186 9.9982E-05 0.236845
0.339324 9.9982E-05 0.0755198 9.9982E-05 0.33245 0.057505 0.195002
0.207318 0.0523211 9.9982E-05 9.9982E-05 0.637237 0.00330672 0.0996174
0.204318 0.0113723 0.00434378 0.0244963 0.476178 9.9991E-05 0.279192
0.218699 0.0452981 0.133705 9.9991E-05 0.275368 0.0599596 0.26687
0.154484 0.0688405 9.9991E-05 0.283812 0.257829 0.0640787 0.170855
0.184713 0.0602823 0.0797076 0.116533 0.484123 9.9991E-05 0.0745416
0.169254 9.9982E-05 0.165064 0.0350131 0.460419 9.9982E-05 0.170051
0.178558 9.9991E-05 0.00423886 0.103978 0.543172 0.0818555 0.0880971
0.208039 0.0573689 0.0985246 0.00229294 0.352041 0.0102073 0.271526
0.231906 9.9991E-05 0.0377421 0.0230653 0.526734 0.0297146 0.150739
0.334942 9.9991E-05 0.229501 0.00884419 0.122117 0.0745471 0.229948
0.124383 0.0660171 0.0322423 9.9991E-05 0.499265 0.122349 0.155643
0.274974 9.9982E-05 0.108208 9.9982E-05 0.213155 0.128679 0.274784
0.776702 0.109506 0.0503358 0.0631556 9.9973E-05 9.9973E-05 9.9973E-05
0.077693 0.764367 0.00986968 9.9991E-05 0.0485144 0.0317542 0.0677013
0.0176095 0.981891 9.9955E-05 9.9955E-05 9.9955E-05 9.9955E-05 9.9955E-05
0.0396803 0.95982 9.9955E-05 9.9955E-05 9.9955E-05 9.9955E-05 9.9955E-05
9.9955E-05 0.943006 9.9955E-05 9.9955E-05 0.0564945 9.9955E-05 9.9955E-05
0.0262183 0.878475 9.9973E-05 9.9973E-05 0.0881354 9.9973E-05 0.00687128
9.9955E-05 0.899979 9.9955E-05 9.9955E-05 0.099521 9.9955E-05 9.9955E-05
0.0407904 0.95871 9.9955E-05 9.9955E-05 9.9955E-05 9.9955E-05 9.9955E-05
0.183074 0.793005 9.9964E-05 9.9964E-05 9.9964E-05 9.9964E-05 0.0235217
0.887554 9.9973E-05 0.0710595 9.9973E-05 0.0259397 9.9973E-05 0.015147
0.819005 0.0715992 9.9973E-05 0.0416703 0.0674255 9.9973E-05 9.9973E-05
0.881921 9.9973E-05 0.00918839 9.9973E-05 0.0783646 9.9973E-05 0.0302258
0.806656 0.120222 0.00302407 9.9982E-05 0.00780203 0.0620967 9.9982E-05
0.876087 0.0298952 9.9982E-05 0.0184622 0.0269836 9.9982E-05 0.0483716
0.904858 9.9964E-05 9.9964E-05 0.0407982 9.9964E-05 0.0539437 9.9964E-05
0.723978 0.0774888 9.9973E-05 9.9973E-05 0.0891404 9.9973E-05 0.109093
0.835999 9.9982E-05 9.9982E-05 0.0334303 0.015183 0.0183643 0.0968231
0.706117 0.102883 9.9982E-05 9.9982E-05 0.0191118 0.0680843 0.103605
0.896926 9.9982E-05 9.9982E-05 0.010826 0.0171633 0.0144434 0.060441
0.937369 0.0621317 9.9955E-05 9.9955E-05 9.9955E-05 9.9955E-05 9.9955E-05
0.853926 0.0160923 9.9991E-05 0.0328839 0.0598953 0.0135687 0.0235333
0.935088 0.0532054 0.00264009 9.9973E-05 0.0087667 9.9973E-05 9.9973E-05
0.882215 9.9964E-05 0.0258881 9.9964E-05 0.091497 9.9964E-05 9.9964E-05
0.844418 0.0369286 9.9982E-05 0.00682248 0.0573498 9.9982E-05 0.0542808
0.826695 9.9964E-05 9.9964E-05 9.9964E-05 0.121082 9.9964E-05 0.0518228
0.763086 9.9964E-05 9.9964E-05 9.9964E-05 0.0970505 9.9964E-05 0.139463
0.778456 9.9964E-05 9.9964E-05 9.9964E-05 0.130643 9.9964E-05 0.0905012
0.81837 9.9973E-05 9.9973E-05 0.000399826 0.132658 9.9973E-05 0.0482718
0.10085 0.14807 0.307957 0.0370526 0.40587 9.9982E-05 9.9982E-05
0.0485186 0.0640009 0.211843 9.9982E-05 0.645895 0.0295427 9.9982E-05
0.0912848 0.10846 0.165626 9.9973E-05 0.634329 9.9973E-05 9.9973E-05
9.9973E-05 9.9973E-05 0.70072 0.0843844 0.157083 0.0575123 9.9973E-05
0.0938457 0.0984125 0.256431 9.9973E-05 0.551011 9.9973E-05 9.9973E-05
0.0484313 9.9964E-05 0.80563 9.9964E-05 0.145539 9.9964E-05 9.9964E-05
0.0601785 0.0396001 0.223597 9.9982E-05 0.64899 9.9982E-05 0.027435
9.9973E-05 0.164627 0.358336 0.0236687 0.453068 9.9973E-05 9.9973E-05
0.0264307 0.0512319 0.311355 0.0284055 0.582377 9.9982E-05 9.9982E-05
0.0323076 0.115434 9.9982E-05 0.301926 0.524786 0.0253465 9.9982E-05
0.0409046 0.130787 0.359231 9.9973E-05 0.468777 9.9973E-05 9.9973E-05
0.0489752 0.097644 0.143659 0.0478027 0.604734 0.0570855 9.9991E-05
0.0670915 0.0807448 0.268774 9.9973E-05 0.58309 9.9973E-05 9.9973E-05
9.9991E-05 0.508189 0.0905498 0.199723 0.00650983 0.133517 0.061411
9.9973E-05 0.0647221 0.822246 0.00733481 9.9973E-05 0.105397 9.9973E-05
9.9964E-05 0.0416269 0.742692 9.9964E-05 0.215281 9.9964E-05 9.9964E-05
0.0274354 0.10675 0.228796 9.9991E-05 0.606969 0.00102897 0.028921
0.115436 0.00134222 0.32926 9.9973E-05 0.553662 9.9973E-05 9.9973E-05
0.0771147 9.9982E-05 0.315821 0.0377144 0.542954 0.0261955 9.9982E-05
0.0458015 0.0637649 0.0740773 0.0846683 0.55207 9.9991E-05 0.179518
