9.9937E-05 0.099328 9.9937E-05 9.9937E-05 9.9937E-05 0.883036 9.9937E-05 9.9937E-05 9.9937E-05 0.016936
9.9964E-05 0.0138489 0.0396107 9.9964E-05 9.9964E-05 0.924447 0.00840346 0.00684319 0.00644693 9.9964E-05
9.9964E-05 9.9964E-05 0.0827136 9.9964E-05 9.9964E-05 0.821146 0.010502 0.0501895 0.0141478 0.0209009
0.00321943 9.9964E-05 0.0368139 9.9964E-05 0.00900675 0.800542 9.9964E-05 0.129234 9.9964E-05 0.0207843
9.9937E-05 9.9937E-05 9.9937E-05 9.9937E-05 9.9937E-05 0.901649 9.9937E-05 0.0905926 9.9937E-05 0.00705845
0.0219029 0.119271 9.9964E-05 0.206056 9.9964E-05 0.601924 9.9964E-05 0.0222379 9.9964E-05 0.0282087
9.9946E-05 0.0146187 9.9946E-05 0.221745 9.9946E-05 0.759435 9.9946E-05 9.9946E-05 9.9946E-05 0.00360117
9.9955E-05 0.0434777 9.9955E-05 0.230909 9.9955E-05 0.677169 0.00595849 9.9955E-05 9.9955E-05 0.0419854
0.0278863 9.99549E-05 0.0327354 0.0202668 9.99549E-05 0.818901 9.99549E-05 9.99549E-05 9.99549E-05 0.099711
0.00936354 0.062463 9.9955E-05 0.21117 9.9955E-05 0.709565 9.9955E-05 9.9955E-05 9.9955E-05 0.00693821
9.9955E-05 0.0526657 9.9955E-05 0.218999 9.9955E-05 0.711051 9.9955E-05 0.00798282 9.9955E-05 0.00880231
0.94715 0.000879939 9.9964E-05 0.00833439 9.9964E-05 0.00491034 0.0335286 0.004797 9.9964E-05 9.9964E-05
0.448311 0.00787748 9.9964E-05 9.9964E-05 0.00129847 0.0521808 0.0251123 0.46482 9.9964E-05 9.9964E-05
0.849652 0.021068 0.0216354 9.9955E-05 9.9955E-05 9.9955E-05 0.0700829 0.0370624 9.9955E-05 9.9955E-05
0.793532 0.0314715 9.9955E-05 9.9955E-05 9.9955E-05 0.000130561 0.107077 0.0672898 9.9955E-05 9.9955E-05
0.505904 0.0949693 9.9955E-05 9.9955E-05 9.9955E-05 0.060516 0.0715814 0.266529 9.9955E-05 9.9955E-05
0.378968 9.9955E-05 0.0525549 9.9955E-05 9.9955E-05 0.0202215 0.01541 0.532346 9.9955E-05 9.9955E-05
0.522336 9.9982E-05 0.021057 0.0115222 0.0146152 0.00868775 0.0342551 0.363926 0.0234001 9.9982E-05
0.735025 0.0322756 0.00465426 9.9964E-05 9.9964E-05 0.0894906 0.0499956 0.0881587 9.9964E-05 9.9964E-05
0.941499 9.9937E-05 9.9937E-05 0.0576735 9.9937E-05 0.000128207 9.9937E-05 9.9937E-05 9.9937E-05 9.9937E-05
0.487025 9.9973E-05 0.0591423 0.0350485 9.9973E-05 0.0309861 0.0091705 0.360064 0.0182637 9.9973E-05
0.361005 9.9964E-05 0.0706978 0.119882 0.0701607 9.9964E-05 0.07669 0.301165 9.9964E-05 9.9964E-05
0.286096 9.9973E-05 9.9973E-05 0.0124417 9.9973E-05 0.0414799 0.0436059 0.482241 0.102927 0.0309084
0.826028 0.0806049 9.9964E-05 0.0384346 9.9964E-05 0.00247295 0.0205588 0.0315007 9.9964E-05 9.9964E-05
0.193752 9.9982E-05 0.0252172 0.005198 0.0319512 0.0912079 0.0789365 0.563235 9.9982E-05 0.0103025
0.498676 0.00863758 0.0273652 9.9964E-05 9.9964E-05 0.0260172 0.0265496 0.412355 9.9964E-05 9.9964E-05
0.871007 9.9955E-05 9.9955E-05 0.019543 9.9955E-05 0.0398047 0.0263257 0.0428195 9.9955E-05 9.9955E-05
0.842804 9.9946E-05 9.9946E-05 9.9946E-05 9.9946E-05 0.0280949 0.0748231 0.0536779 9.9946E-05 9.9946E-05
0.910145 9.9937E-05 9.9937E-05 0.0733461 9.9937E-05 9.9937E-05 9.9937E-05 0.0158096 9.9937E-05 9.9937E-05
9.9937E-05 9.9937E-05 9.9937E-05 9.9937E-05 9.9937E-05 0.866504 0.0126836 0.120112 9.9937E-05 9.9937E-05
9.9937E-05 9.9937E-05 9.9937E-05 9.9937E-05 9.9937E-05 0.868203 0.0196852 0.111412 9.9937E-05 9.9937E-05
9.9955E-05 0.0750041 9.9955E-05 9.9955E-05 9.9955E-05 0.79873 0.0503913 0.0730005 9.9955E-05 0.00237446
9.9955E-05 0.100477 0.0399105 9.9955E-05 9.9955E-05 0.694386 0.0155598 0.149166 9.9955E-05 9.9955E-05
0.0139749 9.9964E-05 9.9964E-05 0.166966 9.9964E-05 0.0883815 9.9964E-05 0.45841 0.229298 0.0425695
0.0957713 9.9964E-05 9.9964E-05 9.9964E-05 9.9964E-05 0.116743 0.0308882 0.474641 0.27367 0.00788716
9.9946E-05 9.9946E-05 0.0289694 9.9946E-05 9.9946E-05 9.9946E-05 9.9946E-05 0.552738 0.394341 0.0233518
0.626216 9.9964E-05 9.9964E-05 9.9964E-05 0.01785 0.0424127 9.9964E-05 0.0869802 0.00662576 0.219516
9.9973E-05 9.9973E-05 0.0105351 0.0751419 0.0316842 9.9973E-05 0.00294386 0.300527 0.568133 0.010735
0.0953351 0.0399608 0.0143734 0.00888398 9.9982E-05 0.0704475 9.9982E-05 0.546523 0.17964 0.0446369
9.9955E-05 9.9955E-05 0.00606638 0.0477714 9.9955E-05 0.0329163 9.9955E-05 0.737043 0.175703 9.9955E-05
0.0937597 9.9955E-05 9.9955E-05 0.350334 9.9955E-05 0.0831966 0.00129485 0.470915 9.9955E-05 9.9955E-05
0.0849967 9.9973E-05 9.9973E-05 0.155737 9.9973E-05 0.0661974 0.0211035 0.541425 0.0764163 0.0538237
0.21118 9.9955E-05 9.9955E-05 9.9955E-05 9.9955E-05 0.0116788 9.9955E-05 0.120476 0.60939 0.0467747
9.9973E-05 0.0837441 0.00396217 0.308112 0.00287707 0.017197 9.9973E-05 0.566125 9.9973E-05 0.0176828
0.00800728 9.9982E-05 9.9982E-05 0.133365 0.00795604 0.074138 0.0235515 0.571607 0.174977 0.00619818
0.0675382 9.9982E-05 0.06278 0.0955232 0.0256093 0.103648 0.0287385 0.541648 0.0743146 9.9982E-05
9.9946E-05 9.9946E-05 0.0149842 9.9946E-05 0.0746433 9.9946E-05 9.9946E-05 0.366268 0.543504 9.9946E-05
0.014802 0.00884419 0.0102687 0.0235259 9.9973E-05 0.131248 9.9973E-05 0.606582 0.20443 9.9973E-05
0.00962874 9.9982E-05 0.0470724 0.0686012 9.9982E-05 0.076772 0.0192831 0.58043 0.168428 0.0295853
9.9946E-05 9.9946E-05 0.0802611 0.198959 0.0341489 9.9946E-05 9.9946E-05 9.9946E-05 0.686031 9.9946E-05
0.468631 9.9964E-05 9.9964E-05 0.0600989 0.06336 9.9964E-05 9.9964E-05 0.0950564 0.0345383 0.277915
0.370777 0.0501484 0.0973183 0.116044 0.172654 9.9982E-05 9.9982E-05 0.0546825 0.117206 0.0209688
0.14501 0.0243401 9.9982E-05 9.9982E-05 0.0700943 0.0623201 0.0651278 0.518343 0.0524197 0.0621456
0.106079 0.025235 0.0334797 0.120193 0.0654173 0.0680355 0.0488708 0.532489 9.9982E-05 9.9982E-05
0.1604 0.0987349 0.0510723 0.0620687 0.0610671 0.0318592 9.9982E-05 0.515951 0.0186476 9.9982E-05
0.394016 0.00132262 0.00800562 0.0308919 9.9982E-05 0.0905325 9.9982E-05 0.143624 0.0909247 0.240483
0.314551 9.9964E-05 0.0503715 0.0229772 9.9964E-05 9.9964E-05 9.9964E-05 0.51332 0.00279035 0.0955896
0.208259 0.0290443 0.0481466 9.9982E-05 9.9982E-05 0.0362785 0.0456019 0.526371 0.0739896 0.0321085
0.270555 9.9991E-05 0.00374138 0.0430783 0.0647718 0.118404 0.0173737 0.35642 0.0478074 0.0777488
0.56007 9.9982E-05 9.9982E-05 0.106198 0.00982769 0.168031 0.00449458 0.0368282 0.0295805 0.0847697
0.109 0.00354319 0.0407967 0.0534983 9.9991E-05 0.0555224 0.0452244 0.514098 0.0805609 0.0976557
0.295097 0.0388553 0.0373023 0.00782567 0.0568252 0.0626205 9.9991E-05 0.40914 0.0365613 0.0556728
0.645049 9.9964E-05 9.9964E-05 0.127048 0.00343394 0.0564089 9.9964E-05 9.9964E-05 0.0501979 0.117462
0.456975 9.9982E-05 0.00726527 9.9982E-05 0.0523856 0.00863141 0.00950139 0.354223 0.0310426 0.0797762
0.0952031 0.0651752 0.0578156 9.9991E-05 0.110458 0.00539085 0.00899115 0.535319 0.0377038 0.0838435
0.243879 9.9982E-05 0.0359605 0.0128913 0.0141157 0.103142 9.9982E-05 0.577091 0.00515947 0.00756118
0.561057 9.9982E-05 9.9982E-05 0.0729449 0.0147485 0.055088 0.0592671 0.147595 0.055636 0.0334634
0.25428 0.0390141 0.0319031 0.0137153 0.0494187 0.0432633 0.00879345 0.479588 0.0274423 0.0525811
0.221006 9.9982E-05 0.0494617 9.9982E-05 0.0462119 0.0183676 0.0296083 0.506022 0.0599137 0.0692091
0.60664 9.9982E-05 0.0304012 0.0293016 0.0285695 0.0325641 9.9982E-05 0.122773 0.0525178 0.097032
9.9955E-05 9.9955E-05 0.00550876 9.9955E-05 9.9955E-05 0.0328537 9.9955E-05 0.500352 0.444415 0.0163709
0.120989 9.9955E-05 9.9955E-05 9.9955E-05 9.9955E-05 0.019127 0.020312 0.18376 0.655313 9.9955E-05
0.0306492 0.0154944 0.0206691 9.9982E-05 9.9982E-05 0.0907484 0.0230059 0.524435 0.23953 0.0552674
9.9955E-05 0.0413474 0.0137272 0.00800005 0.101047 9.9955E-05 9.9955E-05 9.9955E-05 0.835379 9.9955E-05
0.0147964 9.9955E-05 0.00916667 0.0513499 0.0711383 9.9955E-05 9.9955E-05 9.9955E-05 0.853049 9.9955E-05
9.9946E-05 0.0088826 9.9946E-05 9.9946E-05 0.0691483 9.9946E-05 9.9946E-05 0.246988 0.674381 9.9946E-05
0.0247411 9.9955E-05 9.9955E-05 9.9955E-05 9.9955E-05 0.052405 9.9955E-05 0.472648 0.403697 0.0460091
0.0603275 9.9991E-05 0.0474471 0.037018 0.0594993 0.0673087 0.0491903 0.550498 0.0621211 0.0664906
0.0138002 0.00339328 9.9973E-05 0.0302857 0.056466 9.9973E-05 0.00225481 0.470376 0.423124 9.9973E-05
0.2472 9.9955E-05 9.9955E-05 9.9955E-05 9.9955E-05 0.0348149 9.9955E-05 0.112402 0.577475 0.0276084
0.158758 9.9955E-05 9.9955E-05 9.9955E-05 9.9955E-05 0.0419197 9.9955E-05 0.224137 0.536054 0.0386316
0.032286 0.062735 9.9964E-05 9.9964E-05 9.9964E-05 0.0711248 9.9964E-05 0.532045 0.274419 0.026991
0.150992 9.9955E-05 9.9955E-05 9.9955E-05 9.9955E-05 0.0135872 0.0234095 0.334837 0.476674 9.9955E-05
0.103534 9.9946E-05 9.9946E-05 9.9946E-05 9.9946E-05 0.0353653 9.9946E-05 0.451638 0.408863 9.9946E-05
9.9946E-05 9.9946E-05 0.0486298 9.9946E-05 0.0432077 9.9946E-05 9.9946E-05 0.45474 0.452823 9.9946E-05
9.9946E-05 9.9946E-05 0.0965686 0.0672596 0.119379 9.9946E-05 9.9946E-05 9.9946E-05 0.716193 9.9946E-05
9.9973E-05 9.9973E-05 0.0308153 9.9973E-05 0.0286833 0.0216786 0.0331213 0.60552 0.26936 0.0105221
0.0214068 0.0306591 9.9955E-05 9.9955E-05 9.9955E-05 0.80787 9.9955E-05 0.0843874 9.9955E-05 0.055177
9.99371E-05 0.05495 9.99371E-05 9.99371E-05 9.99371E-05 0.901821 9.99371E-05 0.0425291 9.99371E-05 9.99371E-05
9.9937E-05 0.091161 9.9937E-05 9.9937E-05 9.9937E-05 0.823988 9.9937E-05 0.0841513 9.9937E-05 9.9937E-05
9.9946E-05 9.9946E-05 0.000156874 9.9946E-05 9.9946E-05 0.912623 0.0617543 0.0248659 9.9946E-05 9.9946E-05
0.0268948 9.9937E-05 9.9937E-05 9.9937E-05 9.9937E-05 0.920991 0.0514142 9.9937E-05 9.9937E-05 9.9937E-05
9.9955E-05 9.9955E-05 0.0168658 9.9955E-05 0.0221354 0.835051 0.0422127 0.0832351 9.9955E-05 9.9955E-05
9.9937E-05 9.9937E-05 9.9937E-05 9.9937E-05 9.9937E-05 0.908315 0.0145944 0.076391 9.9937E-05 9.9937E-05
0.0515635 0.049955 0.0057733 9.9991E-05 0.041918 0.0557013 0.00737322 0.53536 0.182044 0.0702111
0.063044 0.0175202 0.0199128 0.0588481 0.0187866 0.0743392 0.0792733 0.489337 0.144805 0.0341333
0.142794 9.9964E-05 9.9964E-05 9.9964E-05 0.00561913 0.0623101 9.9964E-05 0.049019 0.653448 0.0864103
9.9973E-05 0.0158578 0.0414083 9.9973E-05 0.0115256 0.102863 9.9973E-05 0.588007 0.185563 0.0544757
0.0346803 9.9955E-05 9.9955E-05 9.9955E-05 9.9955E-05 0.0340722 9.9955E-05 0.387272 0.473367 0.0701087
0.0621768 9.9973E-05 0.00117625 0.0280309 9.9973E-05 0.0450399 9.9973E-05 0.541245 0.301906 0.0201253
9.9973E-05 9.9973E-05 9.9973E-05 0.0500704 0.0820191 0.0627426 0.0141877 0.527148 0.259713 0.0038199
9.9964E-05 9.9964E-05 9.9964E-05 9.9964E-05 0.0196047 0.0310407 0.0595683 0.483483 0.404438 0.00146546
0.24546 9.9946E-05 9.9946E-05 9.9946E-05 9.9946E-05 0.0316796 9.9946E-05 9.9946E-05 0.645674 0.0765872
0.0162091 9.9991E-05 0.0287852 0.00965264 0.063399 0.0739769 0.0150979 0.496529 0.21931 0.07694
0.0400347 9.9982E-05 0.0110419 0.0246973 9.9982E-05 0.0732928 0.0203837 0.623418 0.16689 0.0400417
0.0361188 9.9991E-05 0.0649149 0.0261937 0.00951427 0.080909 0.0383053 0.567468 0.100082 0.0763941
9.9973E-05 0.0546034 0.0154714 0.091501 0.0423549 9.9973E-05 0.0317926 0.197262 0.566715 9.9973E-05
9.9946E-05 9.9946E-05 0.027884 9.9946E-05 0.064719 9.9946E-05 9.9946E-05 0.49185 0.414948 9.9946E-05
0.120469 9.9955E-05 9.9955E-05 9.9955E-05 9.9955E-05 0.0231938 9.9955E-05 0.470659 0.348039 0.0371403
9.9946E-05 9.9946E-05 9.9946E-05 9.9946E-05 0.0465334 9.9946E-05 0.0131717 0.388439 0.551257 9.9946E-05
0.0921188 9.9955E-05 9.9955E-05 9.9955E-05 9.9955E-05 0.0514723 9.9955E-05 0.46244 0.325481 0.067988
9.9973E-05 0.0428319 0.0361028 9.9973E-05 0.0328578 0.0930182 9.9973E-05 0.494444 0.188202 0.112244
0.233548 0.0295934 0.137422 9.9964E-05 0.158336 9.9964E-05 9.9964E-05 0.269102 9.9964E-05 0.171598
0.275155 0.00596512 0.0206383 0.131389 9.9982E-05 0.0611344 9.9982E-05 0.327666 0.038796 0.139056
0.159796 0.0510447 0.0133466 0.0765947 0.000122693 0.113773 0.0133685 0.496847 9.9991E-05 0.0750062
9.9991E-05 0.0436643 0.0675565 0.0325357 0.0139862 0.0446384 0.0172306 0.574256 0.0912333 0.114799
0.299141 9.9973E-05 0.0311696 9.9973E-05 9.9973E-05 0.0201525 0.00929582 0.444795 0.025144 0.170002
0.15965 9.9991E-05 0.0328932 0.00565262 0.0390389 0.0337969 0.0202703 0.528626 0.0621286 0.117844
0.267153 9.9964E-05 0.0292904 9.9964E-05 0.0227694 0.044621 9.9964E-05 0.431374 9.9964E-05 0.204392
0.0946861 0.00360466 0.0937399 0.0412423 0.0698083 0.0305282 0.0262485 0.507506 0.0474995 0.0851361
0.0491014 0.0119322 0.0470609 9.9991E-05 0.067571 0.0346713 0.0340077 0.558641 0.0346949 0.16222
0.161314 9.9982E-05 0.0234587 0.0140465 0.0456621 0.0433811 9.9982E-05 0.566245 0.00866797 0.137024
0.196012 9.9964E-05 9.9964E-05 0.019205 0.0584528 0.0438032 9.9964E-05 0.52658 9.9964E-05 0.155548
0.0733363 0.0133038 0.0340777 0.0200915 0.0764241 0.0345882 0.0258719 0.637374 9.9991E-05 0.0848321
0.00985633 0.0392806 0.112974 9.9991E-05 0.00388617 0.0444445 0.0167281 0.617877 0.0253555 0.129498
0.167301 9.9964E-05 0.0458886 9.9964E-05 0.0813488 9.9964E-05 0.04614 0.556534 9.9964E-05 0.102388
0.0565257 0.0378486 0.0325986 0.032067 0.0385266 0.06968 0.0246488 0.554041 0.0351975 0.118866
0.0744278 9.9982E-05 0.0164853 0.0307576 0.115337 9.9982E-05 0.0197083 0.588837 0.0265577 0.127689
0.126347 0.103821 0.125933 9.9973E-05 0.116566 9.9973E-05 9.9973E-05 0.284537 0.0737921 0.168705
0.105051 0.0486135 0.0312478 9.9991E-05 0.065753 0.023933 0.00789693 0.575299 0.00413658 0.13797
9.9982E-05 0.00883923 0.069517 0.00507752 0.0790183 0.00256759 9.9982E-05 0.67613 0.0120737 0.146577
0.533701 0.02177 9.9973E-05 9.9973E-05 0.0262198 0.035991 9.9973E-05 0.139066 0.013113 0.229839
0.392774 0.0665535 0.0800173 0.048127 0.274893 9.9982E-05 9.9982E-05 0.0414877 0.0433593 0.0525882
0.183803 9.9991E-05 0.0212644 0.0695598 0.0718536 0.040431 0.029979 0.444013 0.0147716 0.124225
0.343811 9.9973E-05 0.0593564 0.118976 0.276698 9.9973E-05 9.9973E-05 0.0229274 0.0608828 0.117049
0.525767 9.9955E-05 9.9955E-05 0.0349926 0.00362812 9.9955E-05 9.9955E-05 0.252599 9.9955E-05 0.182514
0.44956 9.9955E-05 9.9955E-05 9.9955E-05 0.0594178 9.9955E-05 9.9955E-05 0.376427 0.00926594 0.10483
0.403693 9.9964E-05 0.00727737 9.9964E-05 9.9964E-05 0.000389135 9.9964E-05 0.322689 0.0648641 0.200688
0.459239 9.9964E-05 9.9964E-05 0.0344362 0.0191309 9.9964E-05 9.9964E-05 0.273624 0.00234516 0.210824
0.17826 9.9991E-05 0.0567833 0.0330901 0.0188681 0.0303144 0.0262227 0.553059 0.0075316 0.0957709
0.0937444 9.9991E-05 0.0476444 0.0267489 0.0237147 0.0945743 0.0310456 0.57509 0.0295621 0.0777752
0.235038 0.0210128 9.9982E-05 9.9982E-05 0.0464454 0.0159585 0.0578731 0.498981 0.0296601 0.0948307
0.3659 9.9973E-05 0.0729152 0.0859224 0.186507 9.9973E-05 9.9973E-05 0.108541 0.0417376 0.138177
0.0286797 0.0475962 0.0121284 0.0696174 0.0217272 0.138557 0.0347975 0.468086 0.103945 0.0748655
0.0693384 0.0300842 0.0902352 0.156364 0.0860745 0.0359115 0.0128104 0.458981 0.0210355 0.0391652
0.00958587 9.9973E-05 0.239351 0.404091 0.119996 0.0131264 9.9973E-05 9.9973E-05 0.136953 0.0765965
0.067444 0.0205792 0.0517813 0.10814 0.0229385 0.0682842 9.9991E-05 0.614938 0.0422947 0.00350021
0.102086 0.00210552 0.109985 0.256411 0.111114 0.016606 0.0103384 0.27825 0.0756044 0.0374988
0.0451843 0.0740745 0.0996085 0.191144 0.0447718 0.00986932 0.0272786 0.451554 0.0320497 0.0244654
0.0565296 0.0107956 0.139888 0.426622 0.0530899 9.9982E-05 9.9982E-05 0.18834 0.0298198 0.094715
0.0469086 9.9973E-05 0.158373 0.380871 0.16529 9.9973E-05 9.9973E-05 0.0262833 0.107332 0.114641
0.0504077 0.0549165 0.0594303 0.243557 0.0761724 0.003941 0.0039197 0.353477 0.0868796 0.0672989
9.9982E-05 0.0341392 0.113351 0.1321 0.0160139 0.0765863 9.9982E-05 0.508456 0.0957334 0.0234195
0.131044 0.0833753 0.11892 0.0987617 0.0594958 0.0902249 9.9982E-05 0.39692 9.9982E-05 0.0210592
0.260047 0.00315071 0.161544 0.158575 0.180005 9.9982E-05 0.0355331 0.0605498 0.140395 9.9982E-05
0.0637718 9.9982E-05 0.0328981 0.0855088 0.0768298 0.0798966 0.0647221 0.509754 0.0864189 9.9982E-05
0.110151 9.9973E-05 0.100819 0.291594 0.157011 9.9973E-05 9.9973E-05 0.252071 0.0840904 0.00396452
0.150878 9.9973E-05 0.0754009 0.124566 0.133045 9.9973E-05 9.9973E-05 0.403317 0.0698431 0.0426505
0.0181209 0.0415241 0.0304519 0.0859613 0.0523981 0.0849734 0.0188489 0.53963 0.0728818 0.0552096
0.00644364 0.244041 0.141736 0.139547 9.9982E-05 0.253772 0.0769472 0.121156 9.9982E-05 0.0161573
9.9946E-05 0.192838 0.373003 0.127047 9.9946E-05 0.306513 9.9946E-05 9.9946E-05 9.9946E-05 9.9946E-05
9.9955E-05 0.0288788 0.410008 0.176829 9.9955E-05 0.32591 0.0578745 9.9955E-05 9.9955E-05 9.9955E-05
0.0464884 0.280652 0.171521 0.157674 9.9973E-05 0.23732 0.0716941 0.0343511 9.9973E-05 9.9973E-05
0.0237242 9.9964E-05 0.00236105 0.250592 0.0340086 9.9964E-05 9.9964E-05 0.571904 0.11701 9.9964E-05
0.047327 0.00841481 0.0307686 0.125615 0.0499775 0.0882916 0.0355141 0.559533 0.0544584 9.9991E-05
0.0370664 0.027479 9.9946E-05 9.9946E-05 9.9946E-05 9.9946E-05 0.649583 0.285271 9.9946E-05 9.9946E-05
0.0842197 9.9964E-05 9.9964E-05 9.9964E-05 0.0348053 0.0454887 0.430703 0.355405 9.9964E-05 0.0489786
0.0800133 0.0227806 9.9991E-05 0.0124394 0.0336352 0.0642814 0.343851 0.375686 0.0506816 0.0165317
0.0904281 9.9964E-05 0.0684988 0.408439 0.188614 9.9964E-05 9.9964E-05 0.204737 0.0388842 9.9964E-05
9.9982E-05 9.9982E-05 0.079148 0.124267 0.0683612 0.0532412 0.0270904 0.510234 0.0704319 0.0670266
0.143693 9.9964E-05 0.0196227 0.524487 0.129559 9.9964E-05 9.9964E-05 0.163223 0.0190148 9.9964E-05
0.0598212 0.0197168 0.0479304 0.277028 0.0540174 0.0188925 9.9973E-05 0.522293 9.9973E-05 9.9973E-05
0.0738419 0.0271086 0.0128273 0.288411 0.13785 9.9973E-05 9.9973E-05 0.437241 9.9973E-05 0.0224207
9.9946E-05 0.00454943 9.9946E-05 0.3916 0.0598595 9.9946E-05 9.9946E-05 0.543392 9.9946E-05 9.9946E-05
0.0513598 9.9964E-05 0.0729482 0.538887 0.138704 9.9964E-05 9.9964E-05 0.130447 0.0672542 9.9964E-05
9.9964E-05 9.9964E-05 9.9964E-05 0.237297 0.0337014 0.0566941 0.0243273 0.625487 0.0220936 9.9964E-05
0.00194438 0.0766723 0.02967 0.143716 0.0625852 0.033701 9.9991E-05 0.560452 0.0235332 0.0676251
9.9946E-05 0.0112977 9.9946E-05 9.9946E-05 9.9946E-05 0.0205791 0.95029 0.0172335 9.9946E-05 9.9946E-05
0.0357481 9.9946E-05 9.9946E-05 9.9946E-05 0.0114368 9.9946E-05 0.887539 0.0646761 9.9946E-05 9.9946E-05
0.049423 0.0360884 9.9973E-05 9.9973E-05 0.0420532 0.0776378 0.481458 0.260343 0.0526965 9.9973E-05
9.9937E-05 9.9937E-05 9.9937E-05 9.9937E-05 9.9937E-05 9.9937E-05 0.620576 0.355764 9.9937E-05 0.0229605
9.9955E-05 9.9955E-05 9.9955E-05 9.9955E-05 9.9955E-05 0.00411618 0.818724 0.137464 0.0124378 0.0267584
9.99201E-05 9.99201E-05 9.99201E-05 9.99201E-05 9.99201E-05 9.99201E-05 0.999101 9.99201E-05 9.99201E-05 9.99201E-05
0.0366339 9.9946E-05 9.9946E-05 9.9946E-05 0.00179195 9.9946E-05 0.949354 9.9946E-05 9.9946E-05 0.0116208
9.9937E-05 9.9937E-05 9.9937E-05 9.9937E-05 0.01024 9.9937E-05 0.84127 0.147791 9.9937E-05 9.9937E-05
0.0254561 9.9937E-05 9.9937E-05 9.9937E-05 9.9937E-05 9.9937E-05 0.924291 9.9937E-05 9.9937E-05 0.0495529
9.99201E-05 9.99201E-05 9.99201E-05 9.99201E-05 9.99201E-05 9.99201E-05 0.999101 9.99201E-05 9.99201E-05 9.99201E-05
9.99201E-05 9.99201E-05 9.99201E-05 9.99201E-05 9.99201E-05 9.99201E-05 0.999101 9.99201E-05 9.99201E-05 9.99201E-05
0.0279598 0.0917514 9.9946E-05 9.9946E-05 9.9946E-05 9.9946E-05 0.679748 0.199941 9.9946E-05 9.9946E-05
0.057688 0.0161282 0.0176439 9.9973E-05 9.9973E-05 0.0455948 0.745261 0.111527 9.9973E-05 0.00585741
9.99201E-05 9.99201E-05 9.99201E-05 9.99201E-05 9.99201E-05 9.99201E-05 0.999101 9.99201E-05 9.99201E-05 9.99201E-05
0.100162 0.0746899 0.0118759 0.015445 9.9991E-05 0.0654836 0.33709 0.31521 0.0392097 0.040734
0.0311087 0.0321808 0.0408497 0.00355405 0.000954212 0.0272019 0.601608 0.253636 0.00852421 0.000382296
9.9973E-05 0.0327271 0.0157751 0.00144311 9.9973E-05 0.0395798 0.768602 0.132824 9.9973E-05 0.00874842
0.0126222 0.038702 9.9964E-05 0.00714638 9.9964E-05 9.9964E-05 0.836763 0.0957805 0.00858655 9.9964E-05
9.9928E-05 0.0685074 9.9928E-05 9.9928E-05 9.9928E-05 9.9928E-05 0.930693 9.9928E-05 9.9928E-05 9.9928E-05
9.9955E-05 0.0372074 0.00944961 9.9955E-05 9.9955E-05 0.00336765 0.896854 0.052621 9.9955E-05 9.9955E-05
9.9928E-05 0.0315147 9.9928E-05 9.9928E-05 9.9928E-05 9.9928E-05 0.967686 9.9928E-05 9.9928E-05 9.9928E-05
0.0351766 0.0718611 9.9964E-05 9.9964E-05 0.0380818 0.0360173 0.580093 0.23837 9.9964E-05 9.9964E-05
9.9973E-05 0.00673033 0.0100707 9.9973E-05 0.012949 0.0174562 0.944944 0.00551714 0.00203303 9.9973E-05
9.9964E-05 0.0158244 0.173855 0.544224 0.0637075 0.181802 0.0201874 9.9964E-05 9.9964E-05 9.9964E-05
9.9973E-05 0.0522403 0.0561126 0.323757 9.9973E-05 0.141989 0.100382 0.275655 9.9973E-05 0.0495642
9.9982E-05 0.117246 0.00786925 0.292849 0.0604345 0.110366 0.00874411 0.374621 9.9982E-05 0.0276703
9.9973E-05 0.198786 0.0998868 0.521185 9.9973E-05 0.0357768 0.0236144 0.083687 9.9973E-05 0.0367642
0.0720852 0.107606 0.044165 0.146676 9.9991E-05 0.110271 0.0645562 0.356878 0.0386849 0.0589789
9.9982E-05 0.118515 0.135403 0.493452 0.0168373 0.130772 0.0440416 0.0342168 0.0265617 9.9982E-05
0.102648 0.0533934 0.107477 0.103657 0.0857041 0.120245 0.0405744 0.386102 9.9982E-05 9.9982E-05
9.9964E-05 0.0643643 0.0943948 0.394894 9.9964E-05 0.113885 0.0510668 0.280996 9.9964E-05 9.9964E-05
0.0017847 0.126563 0.0920526 0.248968 9.9982E-05 0.0838663 0.0310063 0.41038 9.9982E-05 0.00517967
0.00666417 0.146219 0.0250952 0.36507 9.9973E-05 0.105269 0.0369005 0.314482 9.9973E-05 9.9973E-05
0.0959746 0.130661 0.0709423 0.150141 9.9982E-05 0.0957663 0.0336138 0.406358 0.0163426 9.9982E-05
9.9955E-05 9.9955E-05 0.0430349 0.0195846 9.9955E-05 0.853235 9.9955E-05 0.0668018 9.9955E-05 0.0168436
9.9964E-05 0.0071526 0.0325007 9.9964E-05 0.0151259 0.872071 0.0711528 9.9964E-05 0.00159718 9.9964E-05
9.9946E-05 9.9946E-05 0.0578611 9.9946E-05 9.9946E-05 0.880425 9.9946E-05 0.0396339 9.9946E-05 0.0214804
9.9937E-05 9.9937E-05 0.0789132 9.9937E-05 9.9937E-05 0.918491 9.9937E-05 9.9937E-05 0.0018963 9.9937E-05
0.0193191 9.9946E-05 0.0103909 9.9946E-05 9.9946E-05 0.904045 9.9946E-05 0.0656457 9.9946E-05 9.9946E-05
9.9928E-05 0.0650621 9.9928E-05 9.9928E-05 9.9928E-05 0.934138 9.9928E-05 9.9928E-05 9.9928E-05 9.9928E-05
9.9946E-05 9.9946E-05 9.9946E-05 9.9946E-05 9.9946E-05 0.921406 0.0032025 0.0713921 9.9946E-05 0.00339929
9.9946E-05 9.9946E-05 0.0231043 9.9946E-05 0.0181206 0.926084 9.9946E-05 9.9946E-05 9.9946E-05 0.0320915
9.9964E-05 9.9964E-05 0.0407477 0.00308102 9.9964E-05 0.864931 0.0316328 0.0238848 0.0353232 9.9964E-05
9.9964E-05 0.0154281 0.0644995 0.00627604 9.9964E-05 0.867754 0.0118631 9.9964E-05 9.9964E-05 0.0337791
0.0187662 0.0282102 9.9964E-05 0.081021 9.9964E-05 0.57074 9.9964E-05 9.9964E-05 0.0623238 0.238539
0.055225 0.0227319 0.00383599 0.0224013 0.00995095 0.576857 9.9982E-05 9.9982E-05 0.0349079 0.27389
0.104949 9.9973E-05 0.047978 0.0569643 0.0152051 0.502675 9.9973E-05 9.9973E-05 0.048262 0.223667
0.177315 9.9946E-05 9.9946E-05 0.117422 9.9946E-05 0.432643 9.9946E-05 9.9946E-05 9.9946E-05 0.27202
0.140161 9.9964E-05 0.0099741 9.9964E-05 9.9964E-05 0.068857 9.9964E-05 0.478605 0.248118 0.0538841
0.0729591 0.0389992 9.9973E-05 9.9973E-05 0.0359657 0.044271 9.9973E-05 0.463346 0.284951 0.0592082
0.23219 9.9973E-05 9.9973E-05 9.9973E-05 0.0260134 0.00948582 0.0573055 0.492138 0.121938 0.060629
0.232494 0.0174979 0.00954698 9.9973E-05 9.9973E-05 0.000411397 9.9973E-05 0.340083 0.243069 0.156598
0.506158 9.9964E-05 9.9964E-05 0.0272983 0.0536824 9.9964E-05 0.0050757 0.132014 9.9964E-05 0.275371
0.0152966 9.9973E-05 0.0302703 9.9973E-05 0.0767664 0.0375119 9.9973E-05 0.637421 0.180688 0.0217462
0.0280402 9.9964E-05 9.9964E-05 9.9964E-05 0.00451096 9.9964E-05 0.00262428 0.613787 0.241129 0.109508
9.9964E-05 9.9964E-05 0.0315889 0.0694535 0.0600224 9.9964E-05 9.9964E-05 0.507617 0.292014 0.0389047
9.9946E-05 0.0404464 9.9946E-05 9.9946E-05 0.0567669 9.9946E-05 9.9946E-05 0.38347 0.518717 9.9946E-05
9.9973E-05 9.9973E-05 0.100762 0.0109863 0.0444788 0.0341805 9.9973E-05 0.62852 0.119372 0.0614009
0.095032 9.9964E-05 9.9964E-05 9.9964E-05 9.9964E-05 0.03166 0.00194322 0.409419 0.441964 0.0195816
9.9937E-05 9.9937E-05 9.9937E-05 0.0284232 0.158778 9.9937E-05 9.9937E-05 9.9937E-05 0.8121 9.9937E-05
0.147501 0.0118428 0.0105196 9.9991E-05 0.0266585 0.0617457 0.014643 0.553705 0.0966693 0.0766151
9.9955E-05 9.9955E-05 0.0625885 0.0432844 0.0898117 9.9955E-05 9.9955E-05 0.189483 0.614333 9.9955E-05
9.9982E-05 0.00853813 0.0295558 9.9982E-05 0.0594545 0.00269313 0.00798978 0.516044 0.318383 0.0571415
0.230403 9.9955E-05 9.9955E-05 9.9955E-05 9.9955E-05 0.0105188 9.9955E-05 0.119849 0.588551 0.050178
9.9937E-05 9.9937E-05 9.9937E-05 0.100797 9.9937E-05 0.0889187 9.9937E-05 9.9937E-05 9.9937E-05 0.809584
9.9946E-05 9.9946E-05 9.9946E-05 0.0754529 9.9946E-05 0.0510445 9.9946E-05 0.0821995 9.9946E-05 0.790703
9.9955E-05 0.00456795 9.9955E-05 0.11593 9.9955E-05 0.0255183 9.9955E-05 0.0415893 9.9955E-05 0.811895
9.9955E-05 9.9955E-05 9.9955E-05 0.111923 0.00432671 0.0730473 9.9955E-05 9.9955E-05 0.0314437 0.778759
9.9937E-05 9.9937E-05 9.9937E-05 0.085917 9.9937E-05 9.9937E-05 9.9937E-05 0.150539 9.9937E-05 0.762845
9.9955E-05 9.9955E-05 9.9955E-05 0.104596 9.9955E-05 0.0286618 0.0159764 0.0842376 9.9955E-05 0.766028
9.9973E-05 0.0514977 9.9973E-05 9.9973E-05 0.0137715 0.831889 0.0433226 0.0228652 0.0324805 0.00387396
0.00821393 0.0570469 0.00698675 9.9982E-05 9.9982E-05 0.793097 0.00800137 0.0649224 0.0430172 0.0185146
9.9973E-05 0.0583677 0.00501437 0.00549937 9.9973E-05 0.752444 0.0327099 0.120519 0.0251463 9.9973E-05
9.9964E-05 0.0117103 0.0157637 9.9964E-05 9.9964E-05 0.819131 0.0744735 0.0259382 0.0525835 9.9964E-05
0.0421613 9.9973E-05 0.00484948 0.0298135 9.9973E-05 0.738195 0.0674199 0.106678 0.0105836 9.9973E-05
9.9946E-05 9.9946E-05 9.9946E-05 0.139389 9.9946E-05 0.355338 9.9946E-05 9.9946E-05 0.00292543 0.501748
9.9955E-05 0.0363539 9.9955E-05 0.0720009 0.0176509 0.389698 9.9955E-05 9.9955E-05 9.9955E-05 0.483796
0.000656138 0.0511085 0.0138754 0.0441142 0.0170763 0.374716 9.9982E-05 0.0191248 9.9982E-05 0.479128
0.00300373 0.0049706 9.9973E-05 9.9973E-05 9.9973E-05 0.849406 0.00676191 0.113058 0.00499691 0.0175034
9.9964E-05 9.9964E-05 9.9964E-05 0.079714 0.0435721 0.361122 0.0176859 9.9964E-05 0.0266482 0.470858
9.9982E-05 0.351835 0.119204 0.0420689 0.0245631 0.156977 0.0811308 0.218874 9.9982E-05 0.00514791
0.00936836 0.218296 0.0560628 0.019661 0.014585 0.0809823 0.0781034 0.489837 0.0231138 0.00999022
9.9955E-05 0.115077 0.00782871 9.9955E-05 9.9955E-05 0.199343 0.1592 0.518051 9.9955E-05 9.9955E-05
0.00517682 0.292068 0.0386754 0.138177 9.9982E-05 0.18016 0.0929136 0.251215 0.00141353 9.9982E-05
0.0431256 0.144021 0.0124726 0.0338241 0.0328272 0.170697 0.0614976 0.444144 9.9991E-05 0.0572902
9.9964E-05 0.381662 0.227769 0.0640244 0.00703608 0.287277 0.0318307 9.9964E-05 9.9964E-05 9.9964E-05
0.281442 9.9964E-05 0.00451696 0.0723042 0.0201335 9.9964E-05 9.9964E-05 0.409261 9.9964E-05 0.211942
0.242842 0.00873399 9.9973E-05 0.0588507 0.181798 9.9973E-05 9.9973E-05 0.386292 0.0399943 0.0811885
0.600199 9.9973E-05 9.9973E-05 0.00340057 0.0347073 0.0213673 9.9973E-05 0.194181 0.0062799 0.139565
0.17406 0.00582149 0.00267893 0.0937928 0.217656 9.9973E-05 9.9973E-05 0.466182 9.9973E-05 0.0395085
0.246813 9.9964E-05 0.0459667 0.120808 0.376134 9.9964E-05 9.9964E-05 9.9964E-05 0.0766576 0.13322
0.172626 9.9982E-05 0.0494035 0.0445803 9.9982E-05 0.0657334 0.0545266 0.526306 0.0731954 0.0134287
0.11308 0.0152109 0.0308963 0.0427456 0.158712 0.025251 0.0155526 0.514108 9.9991E-05 0.0843439
0.365599 9.9982E-05 0.0186183 0.0850344 0.00289137 0.0202732 9.9982E-05 0.309388 0.0158069 0.18219
0.211963 0.0318835 9.9982E-05 0.0402418 0.0611052 0.0783924 9.9982E-05 0.488947 0.0143099 0.0729578
0.419434 0.000902398 0.0359662 0.129036 0.201459 9.9982E-05 9.9982E-05 0.0240798 0.138822 0.0501006
0.0999828 9.9982E-05 0.0514111 0.0631046 0.10593 0.00162851 9.9982E-05 0.566638 0.00872418 0.102381
0.249006 9.9982E-05 0.0194997 0.040871 0.0173107 9.9982E-05 0.0123613 0.468637 0.0194484 0.172666
0.103625 0.133306 0.117444 0.00980196 0.0507289 0.0203594 0.0151711 0.454041 0.0581914 0.0373315
0.260795 9.9973E-05 0.111826 0.0151654 0.151646 9.9973E-05 9.9973E-05 0.282143 0.0873908 0.090735
0.236646 9.9982E-05 0.0435895 0.0675076 0.179443 9.9982E-05 0.000659089 0.37247 0.00863919 0.0908451
0.094832 9.9973E-05 0.0382849 0.0339252 0.120481 9.9973E-05 9.9973E-05 0.54043 0.0777566 0.0939898
0.187395 9.9973E-05 0.0439798 0.0645392 0.100687 9.9973E-05 9.9973E-05 0.485899 0.056447 0.0607523
9.9973E-05 9.9973E-05 0.0664272 0.0658856 0.0703089 9.9973E-05 0.0215054 0.680442 0.00186029 0.0932708
0.132105 9.9991E-05 0.0690053 0.0137515 0.0218867 0.0454217 0.0187767 0.55043 0.085911 0.0626127
0.182056 0.0448206 0.0570307 9.9991E-05 0.0140796 0.0561338 0.0017233 0.468968 0.120846 0.0542416
9.9937E-05 9.9937E-05 9.9937E-05 9.9937E-05 9.9937E-05 0.834457 0.047629 0.117215 9.9937E-05 9.9937E-05
9.9937E-05 9.9937E-05 9.9937E-05 9.9937E-05 9.9937E-05 0.86582 0.00284943 0.130631 9.9937E-05 9.9937E-05
9.9955E-05 9.9955E-05 0.0381577 0.00292633 9.9955E-05 0.862141 9.9955E-05 0.059327 9.9955E-05 0.0369484
0.00357032 9.9955E-05 9.9955E-05 9.9955E-05 9.9955E-05 0.880901 0.0554533 0.0392152 9.9955E-05 0.0203599
9.9946E-05 9.9946E-05 9.9946E-05 9.9946E-05 9.9946E-05 0.894081 0.00895281 0.0912535 9.9946E-05 0.00511321
0.626124 9.9991E-05 0.0424863 0.0336881 0.0281792 0.0191855 0.0251222 0.0215874 0.0191288 0.184398
0.169285 0.0141231 0.0779991 9.9991E-05 0.0732307 0.01307 0.0276892 0.505842 0.025354 0.093307
9.9964E-05 0.206823 9.9964E-05 0.163173 0.0500632 0.13207 0.125384 0.322086 9.9964E-05 9.9964E-05
0.236044 0.0239169 0.0239926 9.9973E-05 0.0224597 9.9973E-05 0.0363992 0.597053 9.9973E-05 0.0598344
0.368289 0.0377472 0.0155267 9.9964E-05 9.9964E-05 9.9964E-05 9.9964E-05 0.430426 0.0317342 0.115877
0.288096 9.9973E-05 0.114146 0.0742007 0.177938 9.9973E-05 9.9973E-05 0.23463 0.0116225 0.0990674
0.621489 9.9946E-05 0.0307489 9.9946E-05 9.9946E-05 0.0560958 9.9946E-05 9.9946E-05 9.9946E-05 0.291066
0.265335 0.0155553 0.00515962 0.035692 9.9982E-05 0.06885 9.9982E-05 0.400872 0.0453011 0.163035
0.474986 9.9964E-05 0.0126969 9.9964E-05 9.9964E-05 0.0286834 0.0342424 0.161756 9.9964E-05 0.287236
0.146295 0.0402309 0.0512997 0.0679013 0.0364877 9.9991E-05 0.00380138 0.432657 0.124037 0.0971909
0.564602 9.9964E-05 0.0272846 9.9964E-05 0.0308814 0.0620555 9.9964E-05 0.0649612 9.9964E-05 0.249815
0.167947 9.9982E-05 0.0290965 9.9982E-05 0.0068941 0.0511109 0.0561287 0.524953 0.0242703 0.1394
0.623181 0.00652213 0.0165161 9.9982E-05 0.024408 0.0485386 9.9982E-05 0.0272848 0.0814378 0.171912
0.386797 0.177925 0.0234601 0.0306048 0.0913454 9.9982E-05 9.9982E-05 0.125697 0.119212 0.0447581
0.0779157 0.0392811 0.017651 0.19263 0.0375186 0.0580398 0.00524283 0.499149 0.0397254 0.0328465
0.0684244 9.9964E-05 9.9964E-05 0.565574 0.134918 9.9964E-05 9.9964E-05 0.222175 0.00291796 0.00559106
0.000653999 0.0245179 0.00607022 0.337789 0.0555605 0.0230466 9.9991E-05 0.504151 0.0364302 0.0116809
0.0597824 0.0210004 0.0662146 0.185331 9.9982E-05 0.0787582 9.9982E-05 0.506452 0.0327984 0.049463
0.0906381 9.9964E-05 0.0477188 0.54766 0.0830243 9.9964E-05 9.9964E-05 0.161179 0.0693799 9.9964E-05
0.0541108 0.00532375 0.0618607 0.160596 0.0633321 0.0422475 0.0340265 0.497795 0.0316368 0.0490703
9.9955E-05 9.9955E-05 0.0543576 0.346527 0.0655536 9.9955E-05 9.9955E-05 0.46363 9.9955E-05 0.0694317
0.0402439 9.9964E-05 0.0475494 0.52977 0.19728 9.9964E-05 9.9964E-05 0.0688438 0.115914 9.9964E-05
9.9964E-05 9.9964E-05 0.0358325 0.693308 0.0793288 9.9964E-05 9.9964E-05 0.112135 0.0502146 0.0287815
0.0439585 9.9973E-05 0.0199265 0.428674 0.0487073 9.9973E-05 9.9973E-05 0.412349 0.025472 0.0206137
9.9946E-05 9.9946E-05 9.9946E-05 0.650839 0.118126 9.9946E-05 9.9946E-05 9.9946E-05 0.152608 0.077828
0.0619278 9.9973E-05 0.00413459 0.397491 0.0408158 9.9973E-05 9.9973E-05 0.382347 0.07369 0.0392932
0.648529 9.9973E-05 9.9973E-05 9.9973E-05 0.00823035 0.0158565 0.00406875 0.0748395 0.00609924 0.242077
0.358044 0.0663354 0.0437914 9.9973E-05 0.267511 9.9973E-05 9.9973E-05 0.148257 0.00301824 0.112743
0.381693 0.034584 0.000617923 9.9991E-05 0.0159783 0.00434951 0.0226998 0.342959 0.012688 0.18433
0.218936 0.0931292 0.0176679 9.9973E-05 9.9973E-05 9.9973E-05 0.0171412 0.460504 0.0497877 0.142534
0.542941 0.0282931 9.9955E-05 9.9955E-05 9.9955E-05 9.9955E-05 9.9955E-05 0.129596 0.0733735 0.225297
0.120244 0.0628001 0.0493454 9.9991E-05 0.0574375 0.0704642 0.0103374 0.504746 0.0307131 0.0938125
0.134413 9.9964E-05 0.0878123 9.9964E-05 0.0260886 0.0151086 9.9964E-05 0.609515 9.9964E-05 0.126663
0.118909 9.9973E-05 0.0789236 9.9973E-05 0.050074 9.9973E-05 0.0338092 0.494284 0.0821616 0.141538
0.204055 0.104293 9.9964E-05 9.9964E-05 0.0350196 9.9964E-05 9.9964E-05 0.447246 0.0681926 0.140794
0.296794 9.9973E-05 0.00209197 9.9973E-05 0.0143136 0.000901529 0.0460697 0.430256 9.9973E-05 0.209274
0.532623 0.014597 0.014922 9.9982E-05 0.0123997 9.9982E-05 0.00256513 0.209245 0.0157801 0.197669
0.345898 9.9955E-05 9.9955E-05 9.9955E-05 0.0683868 9.9955E-05 0.0141891 0.386367 9.9955E-05 0.184659
0.166149 0.0312088 0.010482 0.0124112 0.0732809 9.9982E-05 9.9982E-05 0.539029 0.068417 0.0988219
0.0575843 0.025416 0.0810202 9.9991E-05 0.0682877 0.022957 0.0364933 0.583317 0.00228971 0.122535
0.223247 0.0897953 0.105781 0.0464277 0.0723834 9.9982E-05 9.9982E-05 0.277338 0.0403623 0.144465
0.206952 0.0111678 0.0234957 9.9982E-05 0.112475 9.9982E-05 0.0805479 0.409102 0.0536482 0.102411
0.351357 9.9982E-05 0.0273674 9.9982E-05 0.00731776 0.00411973 0.03995 0.319065 0.0115581 0.239065
0.22977 0.0267748 0.0130338 9.9991E-05 0.0343618 0.058303 0.0137612 0.542502 0.016849 0.0645436
0.251397 0.00212161 9.9982E-05 9.9982E-05 0.00222392 0.0422785 0.0628388 0.44454 0.0815553 0.112845
0.0945212 0.0283039 9.9991E-05 0.0209126 0.0331713 0.119076 0.0136203 0.531821 0.0580335 0.10044
0.0468824 0.165184 0.0381944 0.0262215 9.9973E-05 0.267915 0.0481664 0.407137 9.9973E-05 9.9973E-05
0.0351532 0.112934 0.124602 9.9973E-05 9.9973E-05 0.0736724 0.0601183 0.555228 9.9973E-05 0.0379915
0.134578 0.145722 0.0205231 0.0101895 0.0624286 0.0989038 0.0210413 0.429907 0.0463381 0.0303693
0.0132627 0.153898 0.0705672 0.0517542 0.0373182 0.0658132 0.0278168 0.51503 0.0259769 0.0385625
9.9964E-05 0.206402 0.138335 0.0822823 9.9964E-05 0.0830857 0.0534037 0.436091 9.9964E-05 9.9964E-05
0.134712 9.9973E-05 0.00660495 0.0516754 0.216561 9.9973E-05 9.9973E-05 0.472976 0.0124172 0.104753
0.00718044 0.0868919 0.0755394 0.0113896 0.0512394 0.106793 0.0621436 0.491891 0.0652999 0.0416321
0.168639 0.0891506 0.239043 0.117042 0.109271 0.129652 0.0948014 0.000788339 0.0515125 9.9991E-05
0.121486 0.133193 0.0611766 0.0449662 0.00812463 0.0697603 0.0389958 0.505467 9.9991E-05 0.0167301
0.106675 0.0312509 0.0562486 0.00154674 0.0731331 0.106659 0.133815 0.486695 9.9991E-05 0.00387606
0.055991 0.0912323 0.075596 0.0111066 0.0243749 0.0479288 0.0842923 0.531815 0.031073 0.0465898
0.141639 0.115067 0.164723 0.0629625 0.088836 0.114198 0.0206477 0.251457 0.0403696 9.9991E-05
0.0694289 0.10633 0.0553348 0.029722 9.9973E-05 0.168222 0.0434896 0.527173 9.9973E-05 9.9973E-05
9.9982E-05 0.193117 0.0637915 0.0363862 0.0661563 0.0462919 0.0657679 0.462475 9.9982E-05 0.0658137
9.9955E-05 0.150041 0.420424 0.0931316 0.0238364 0.312067 9.9955E-05 9.9955E-05 9.9955E-05 9.9955E-05
0.0434842 0.0269089 0.0602775 0.0128293 9.9991E-05 0.131916 0.138493 0.494972 0.0200931 0.0709259
9.9973E-05 0.179793 0.070112 0.0121258 0.0360586 0.128671 0.0434371 0.529503 9.9973E-05 9.9973E-05
0.100326 9.9982E-05 0.124753 0.0146115 0.0189915 0.0797701 0.0506413 0.606874 0.00383291 9.9982E-05
9.9964E-05 0.176448 0.0909308 0.02911 9.9964E-05 0.110527 0.0691902 0.523394 9.9964E-05 9.9964E-05
0.110571 0.0325637 9.9973E-05 0.0705883 9.9973E-05 0.190705 0.104111 0.446648 0.0445134 9.9973E-05
9.9973E-05 9.9973E-05 9.9973E-05 0.0210174 0.412824 0.0666519 0.0141939 0.408937 0.0710965 0.00497965
0.0252669 0.117296 0.00882557 9.9991E-05 0.188158 0.0487926 0.00640949 0.453236 0.123682 0.028234
0.0149268 9.9946E-05 9.9946E-05 9.9946E-05 0.915958 9.9946E-05 9.9946E-05 9.9946E-05 0.058323 0.0101927
0.0221763 9.9946E-05 9.9946E-05 0.0282114 0.934723 0.0142894 9.9946E-05 9.9946E-05 9.9946E-05 9.9946E-05
0.0284726 9.9982E-05 0.00457794 0.026213 0.275916 0.125752 0.0166154 0.518239 0.00401515 9.9982E-05
0.041733 0.280378 0.0462651 0.0732676 0.0866348 0.0563859 0.136339 0.278796 9.9982E-05 9.9982E-05
9.9973E-05 0.459437 0.0117421 0.0288187 0.198437 0.0599624 0.015402 0.225902 9.9973E-05 9.9973E-05
9.9964E-05 0.339144 0.086467 9.9964E-05 0.272968 0.0963952 0.0830466 0.121579 9.9964E-05 9.9964E-05
9.9964E-05 0.352029 0.0919597 9.9964E-05 0.209144 0.0401276 0.0372997 0.26904 9.9964E-05 9.9964E-05
9.9955E-05 0.0775385 0.0604915 9.9955E-05 0.724086 0.0739782 9.9955E-05 0.0634065 9.9955E-05 9.9955E-05
9.9955E-05 0.108883 0.0723893 9.9955E-05 0.659543 0.0358274 9.9955E-05 0.122858 9.9955E-05 9.9955E-05
0.0184311 0.0506153 0.00209433 0.0240538 0.327198 0.00499163 0.00719005 0.557828 0.00749842 9.9991E-05
9.9955E-05 0.0566625 9.9955E-05 9.9955E-05 0.472802 0.0486082 0.0807257 0.340702 9.9955E-05 9.9955E-05
9.9946E-05 0.101691 9.9946E-05 9.9946E-05 0.692031 0.0391993 9.9946E-05 0.166479 9.9946E-05 9.9946E-05
0.07833 0.0362176 0.0123117 0.00326455 0.278194 0.0387615 0.0516993 0.477749 9.9991E-05 0.0233723
9.9964E-05 0.0654885 9.9964E-05 9.9964E-05 0.316177 0.0221641 0.0145173 0.562578 9.9964E-05 0.0186753
0.0569703 9.9991E-05 0.0176741 0.0336012 0.305936 0.0411093 0.0388679 0.472923 0.017479 0.0153394
9.9982E-05 0.00212793 9.9982E-05 0.0061455 0.633046 0.0057369 0.000797882 0.334988 0.00614985 0.0108083
0.101089 9.9955E-05 9.9955E-05 0.0528778 0.455498 9.9955E-05 9.9955E-05 0.378478 9.9955E-05 0.011558
0.0219137 0.0233232 0.00472772 0.0412954 0.256103 0.0307126 0.0076891 0.522143 0.0628436 0.0292492
0.00322221 0.00345686 9.9982E-05 0.053489 0.355914 0.0525182 0.0105787 0.448899 9.9982E-05 0.0717223
0.0474046 0.047253 0.0028058 9.9991E-05 0.292102 0.08711 0.0166497 0.484352 0.0204298 0.001793
0.00045534 9.9982E-05 0.00289067 0.0368994 0.414955 0.00812811 9.9982E-05 0.439017 0.0845073 0.0129477
0.0115701 9.9964E-05 0.00219976 9.9964E-05 0.782392 9.9964E-05 9.9964E-05 0.172499 0.00474816 0.0261906
9.9955E-05 0.0197598 9.9955E-05 9.9955E-05 0.365709 0.0156987 9.9955E-05 0.589675 9.9955E-05 0.00865727
9.9955E-05 9.9955E-05 9.9955E-05 9.9955E-05 0.751332 9.9955E-05 0.0176637 0.153127 0.0272847 0.0500923
9.9937E-05 9.9937E-05 9.9937E-05 9.9937E-05 0.525737 0.0329042 9.9937E-05 0.44066 9.9937E-05 9.9937E-05
0.0319294 0.0309845 0.014733 0.0165648 0.278684 0.0743858 9.9991E-05 0.499801 0.0351849 0.0176324
0.0367902 9.9982E-05 9.9982E-05 0.0147214 0.24715 0.0693641 0.0784127 0.451421 0.0759855 0.0259548
0.0118977 0.130403 9.9982E-05 0.0669545 0.0936624 0.145444 0.114347 0.408628 9.9982E-05 0.0284633
0.0180595 0.0403741 0.0793587 0.0480299 0.0662398 0.137957 0.116235 0.402271 0.044894 0.0465807
0.013968 0.232441 0.088993 0.112514 0.0646303 0.111864 0.120032 0.255357 9.9982E-05 9.9982E-05
0.0582203 0.145855 0.0689768 0.127109 0.0138861 0.113674 0.150099 0.285847 0.00676102 0.0295717
0.0889903 0.129773 0.0363575 0.0870124 9.9973E-05 0.132922 0.0802429 0.444402 9.9973E-05 9.9973E-05
9.9982E-05 0.150639 0.0690305 0.0226106 0.170488 0.117841 0.0401873 0.408464 0.0205387 9.9982E-05
9.9955E-05 0.209858 0.0167123 0.0214062 0.634553 0.116971 9.9955E-05 9.9955E-05 9.9955E-05 9.9955E-05
9.9964E-05 0.148367 9.9964E-05 0.0256956 0.151331 0.0787089 0.105579 0.489919 9.9964E-05 9.9964E-05
9.9955E-05 0.14259 0.173793 0.00504939 0.419371 0.258696 9.9955E-05 9.9955E-05 9.9955E-05 9.9955E-05
9.9955E-05 0.151492 9.9955E-05 9.9955E-05 0.270805 0.036056 0.0685746 0.472572 9.9955E-05 9.9955E-05
9.9928E-05 9.9928E-05 9.9928E-05 9.9928E-05 0.906659 9.9928E-05 9.9928E-05 0.0925416 9.9928E-05 9.9928E-05
9.9928E-05 9.9928E-05 9.9928E-05 9.9928E-05 0.949733 9.9928E-05 9.9928E-05 9.9928E-05 0.0494674 9.9928E-05
