9.9955E-05 0.00054212 0.00114742 0.84358 9.9955E-05 9.9955E-05 9.9955E-05 0.0219686 9.9955E-05 0.132262
9.9946E-05 0.0223083 0.0126142 0.937212 9.9946E-05 9.9946E-05 9.9946E-05 9.9946E-05 9.9946E-05 0.0272659
0.0421996 9.9964E-05 9.9964E-05 0.838033 0.0606523 0.0286548 9.9964E-05 0.0204576 0.00960274 9.9964E-05
9.9955E-05 0.0131245 9.9955E-05 0.799667 0.129677 9.9955E-05 9.9955E-05 0.0327729 9.9955E-05 0.0242592
9.9946E-05 0.00390707 9.9946E-05 0.883713 0.101373 9.9946E-05 9.9946E-05 0.0104064 9.9946E-05 9.9946E-05
0.125479 0.0569464 9.9982E-05 0.591837 0.0887402 0.0177493 9.9982E-05 0.0477286 0.0121565 0.0591631
0.14564 0.0207983 9.9964E-05 0.753718 0.0420622 0.000755317 9.9964E-05 0.0366256 9.9964E-05 9.9964E-05
0.139476 0.0265906 9.9973E-05 0.685073 0.038625 9.9973E-05 0.00587283 0.0796956 0.0243672 9.9973E-05
0.0549114 0.0952857 0.0191271 0.821526 9.99549E-05 9.99549E-05 9.99549E-05 0.00865026 9.99549E-05 9.99549E-05
0.0980542 9.9982E-05 0.0397722 0.74211 0.0429349 0.0223765 0.0149813 0.033869 9.9982E-05 0.00570146
0.0946164 0.0634146 9.9955E-05 0.718439 0.118723 9.9955E-05 9.9955E-05 0.00430628 9.9955E-05 9.9955E-05
9.9928E-05 9.9928E-05 0.96756 9.9928E-05 9.9928E-05 9.9928E-05 9.9928E-05 9.9928E-05 0.0316404 9.9928E-05
9.9964E-05 0.00614336 0.485258 0.0278539 0.434335 9.9964E-05 9.9964E-05 0.00560851 0.0404017 9.9964E-05
9.9937E-05 9.9937E-05 0.914621 9.9937E-05 0.0189376 9.9937E-05 9.9937E-05 9.9937E-05 0.0657418 9.9937E-05
9.9955E-05 9.9955E-05 0.8062 0.0103383 0.0450882 9.9955E-05 9.9955E-05 9.9955E-05 0.0458091 0.0920648
9.9964E-05 9.9964E-05 0.532166 0.0191239 0.269565 9.9964E-05 9.9964E-05 0.00727028 0.0840557 0.0874195
0.000517265 9.9955E-05 0.464236 0.00168001 0.448106 9.9955E-05 9.9955E-05 9.9955E-05 0.0849605 9.9955E-05
0.00803732 9.9964E-05 0.532765 9.9964E-05 0.353155 0.0290672 9.9964E-05 0.0220238 9.9964E-05 0.0545523
0.00502018 9.9964E-05 0.783263 0.0696456 0.0435105 9.9964E-05 9.9964E-05 9.9964E-05 0.0279565 0.0702047
0.0277594 0.013407 0.958134 9.9937E-05 9.9937E-05 9.9937E-05 9.9937E-05 9.9937E-05 9.9937E-05 9.9937E-05
0.0245264 0.00325375 0.525053 0.00732952 0.307465 0.0587102 9.9982E-05 0.0309218 0.0425406 9.9982E-05
0.13075 9.9973E-05 0.387828 9.9973E-05 0.357504 0.0278151 0.0508099 0.00434086 0.0406519 9.9973E-05
9.9982E-05 9.9982E-05 0.317938 0.0387396 0.465027 0.0720516 0.0263455 0.032179 0.0432293 0.00428922
0.0129482 9.9964E-05 0.888875 0.0304602 0.00947176 9.9964E-05 9.9964E-05 9.9964E-05 0.0559684 0.00187644
0.00615855 9.9982E-05 0.1892 0.0686419 0.55829 9.9982E-05 0.0541714 0.0447687 0.077743 0.000827095
9.9946E-05 9.9946E-05 0.51038 0.00930693 0.440422 9.9946E-05 9.9946E-05 9.9946E-05 9.9946E-05 0.0392916
9.9937E-05 9.9937E-05 0.941911 0.00852695 9.9937E-05 9.9937E-05 9.9937E-05 9.9937E-05 9.9937E-05 0.0488627
9.9946E-05 9.9946E-05 0.858282 0.00190873 0.0721859 9.9946E-05 9.9946E-05 9.9946E-05 0.0670239 9.9946E-05
0.0474877 9.9937E-05 0.916545 9.9937E-05 0.0352679 9.9937E-05 9.9937E-05 9.9937E-05 9.9937E-05 9.9937E-05
9.9937E-05 9.9937E-05 9.9937E-05 0.870877 0.0998308 9.9937E-05 9.9937E-05 9.9937E-05 0.0285922 9.9937E-05
9.9946E-05 0.000641991 9.9946E-05 0.849997 0.11558 9.9946E-05 9.9946E-05 9.9946E-05 0.0331811 9.9946E-05
9.9955E-05 0.02773 9.9955E-05 0.764004 0.0596493 9.9955E-05 9.9955E-05 9.9955E-05 0.0452429 0.102874
9.9946E-05 9.9946E-05 9.9946E-05 0.742322 0.137921 9.9946E-05 9.9946E-05 9.9946E-05 0.0337074 0.0854498
0.0624116 0.000300858 0.101319 0.0897043 0.47008 0.213086 9.9973E-05 0.0627985 9.9973E-05 9.9973E-05
0.00499641 0.0361513 0.140448 0.0634702 0.496198 0.213304 9.9973E-05 9.9973E-05 0.0451313 9.9973E-05
9.9946E-05 0.0345343 9.9946E-05 9.9946E-05 0.550758 0.355452 9.9946E-05 9.9946E-05 9.9946E-05 0.0586568
9.9964E-05 0.149706 0.65843 0.0343668 0.0613967 9.9964E-05 0.0238748 0.0718253 9.9964E-05 9.9964E-05
0.13438 0.038954 9.9946E-05 9.9946E-05 0.297896 0.528171 9.9946E-05 9.9946E-05 9.9946E-05 9.9946E-05
9.9982E-05 0.0371564 0.179546 0.0347344 0.490387 0.187833 0.0112055 9.9982E-05 0.0520029 0.00693484
9.99629E-05 0.0166951 9.99629E-05 0.0613027 0.665164 0.224721 9.99629E-05 9.99629E-05 9.99629E-05 0.0316178
0.210925 0.00978121 0.0259815 0.0808188 0.562535 0.0662607 9.9973E-05 0.0433976 9.9973E-05 9.9973E-05
0.0932951 0.0303386 0.101629 0.0831003 0.579477 0.0994947 9.9973E-05 9.9973E-05 0.012365 9.9973E-05
9.9955E-05 9.9955E-05 0.267971 0.0220333 0.0992632 0.587578 9.9955E-05 0.022655 9.9955E-05 9.9955E-05
0.23405 0.0223171 9.9964E-05 9.9964E-05 0.648081 9.9964E-05 0.00843735 0.0312695 9.9964E-05 0.0554453
9.9982E-05 0.0740189 9.9982E-05 0.0689243 0.552231 0.221536 0.0135584 0.00223789 0.059143 0.00815092
0.0416213 9.9973E-05 0.0792811 0.10913 0.596048 0.0841556 0.0345715 9.9973E-05 9.9973E-05 0.0548925
0.0094775 9.9955E-05 0.0152781 9.9955E-05 0.35521 0.564314 0.0552211 9.9955E-05 9.9955E-05 9.9955E-05
9.9966E-05 9.9966E-05 0.035383 0.0544277 0.565348 0.263989 9.9966E-05 0.0161772 9.9966E-05 0.0642753
0.00691108 0.0175531 9.9991E-05 0.124598 0.513384 0.199524 0.0364259 0.00459573 0.0214343 0.0754736
0.266899 0.0168223 9.9946E-05 9.9946E-05 9.9946E-05 0.686074 0.029605 9.9946E-05 9.9946E-05 9.9946E-05
0.0247441 0.111354 0.531835 9.9973E-05 0.0952714 0.0524422 0.0481308 0.135922 9.9973E-05 9.9973E-05
0.190432 9.9973E-05 0.423083 9.9973E-05 0.0690031 0.108841 0.145504 0.00783564 9.9973E-05 0.0550006
0.0691529 0.0712372 0.140313 0.0392287 0.558973 0.0255234 0.0455733 9.9982E-05 0.0497992 9.9982E-05
0.0772607 0.051954 0.148432 0.0527239 0.591517 0.0176951 0.0202883 9.9982E-05 0.0399289 9.9982E-05
0.0341004 0.0831517 0.129599 0.024286 0.558564 0.0219854 0.0344585 9.9991E-05 0.0399888 0.0737667
0.0202235 0.160016 0.407042 0.109498 0.14375 0.0844455 9.9982E-05 0.0595517 9.9982E-05 0.0152725
9.9964E-05 0.0707729 0.399521 9.9964E-05 0.460863 0.00595285 9.9964E-05 0.0235403 9.9964E-05 0.03895
9.9973E-05 0.0346766 0.213533 0.0760592 0.530735 0.064639 9.9973E-05 0.0364171 0.0436408 9.9973E-05
9.9982E-05 0.00789012 0.31611 0.111889 0.309686 0.0394009 0.112037 0.0680092 0.0347783 9.9982E-05
0.0497512 0.0273362 0.59143 0.13181 0.00400818 0.0425172 0.0122167 0.11449 0.0263414 9.9991E-05
0.0262561 0.09389 0.16569 0.0523741 0.504181 0.0576296 0.0348653 0.0165263 0.0394558 0.00913121
0.0205788 9.9982E-05 0.339315 0.0537032 0.384186 0.044988 0.0220254 0.0297207 9.9982E-05 0.105283
0.0347839 0.0414366 0.714589 0.0575152 9.9973E-05 0.0292694 0.0307858 0.0913205 9.9973E-05 9.9973E-05
9.9973E-05 0.0295994 0.51511 9.9973E-05 0.284037 0.0298714 0.0845788 0.0498349 0.00666884 9.9973E-05
0.050047 0.0272044 0.0903644 0.0300711 0.540074 0.0161369 0.144958 9.9982E-05 9.9982E-05 0.100944
0.045422 0.0520374 0.196119 0.045759 0.515713 9.9982E-05 0.0495523 0.0170669 9.9982E-05 0.0781303
0.0145477 0.0572205 0.507933 0.0746991 0.157361 0.0969702 0.0372069 0.0118689 0.0420929 9.9991E-05
9.9991E-05 0.0134668 0.324061 0.0459059 0.416454 0.032071 0.0797969 0.0479047 0.0208368 0.0194028
0.0554645 0.0791113 0.195722 0.00424951 0.460938 0.014725 0.0597546 0.0504285 0.0459206 0.033686
0.0471984 0.0361491 0.692734 0.00010223 0.0772915 0.0143846 0.0248502 0.0810615 9.9991E-05 0.0261288
9.9964E-05 9.9964E-05 0.0784445 0.00709367 0.468005 0.427514 9.9964E-05 0.00778236 0.0107606 9.9964E-05
9.9964E-05 0.00951598 0.117191 0.0125205 0.178797 0.665004 9.9964E-05 9.9964E-05 0.0165716 9.9964E-05
9.999E-05 0.0274283 0.0236492 0.0919766 0.507966 0.209822 0.0269232 0.0276368 0.00749971 0.0769976
0.049853 9.9946E-05 9.9946E-05 9.9946E-05 9.9946E-05 0.837429 0.065255 9.9946E-05 9.9946E-05 0.0468636
0.0933935 9.9946E-05 0.0274646 9.9946E-05 9.9946E-05 0.818095 0.0604473 9.9946E-05 9.9946E-05 9.9946E-05
0.0469898 9.9946E-05 9.9946E-05 9.9946E-05 0.261092 0.646175 0.0451435 9.9946E-05 9.9946E-05 9.9946E-05
9.9973E-05 0.00806076 0.0781211 0.00852982 0.471517 0.385166 9.9973E-05 0.0408637 9.9973E-05 0.0074414
0.0228228 9.9982E-05 0.124651 0.098269 0.483232 0.16044 0.0189997 9.9982E-05 0.084301 0.00708421
9.9955E-05 9.9955E-05 0.057732 0.0127794 0.483485 0.433252 9.9955E-05 9.9955E-05 0.0122518 9.9955E-05
9.9964E-05 0.0183047 0.241878 0.0288749 0.113509 0.553619 9.9964E-05 0.043414 9.9964E-05 9.9964E-05
9.9964E-05 0.0114078 0.16437 0.0056078 0.267834 0.512586 9.9964E-05 0.0377942 9.9964E-05 9.9964E-05
9.9991E-05 0.041432 0.0128684 0.0961599 0.482405 0.253728 0.022352 0.0290643 0.0408446 0.0210457
9.9955E-05 9.9955E-05 0.138903 0.0133697 0.328335 0.506509 9.9955E-05 0.0123826 9.9955E-05 9.9955E-05
9.9973E-05 0.0416305 0.103712 0.0112744 0.414363 0.401385 9.9973E-05 9.9973E-05 0.0180205 0.00931502
0.0413222 0.036803 9.9964E-05 9.9964E-05 0.465396 0.41602 0.0226723 9.9964E-05 0.0173867 9.9964E-05
0.184146 9.9937E-05 9.9937E-05 9.9937E-05 9.9937E-05 0.687468 0.127687 9.9937E-05 9.9937E-05 9.9937E-05
0.0238142 0.00203915 9.9982E-05 0.0176819 0.610308 0.274326 9.9982E-05 0.0115555 0.012883 0.0471929
9.9964E-05 0.0256129 0.050876 0.812302 0.0361195 9.9964E-05 9.9964E-05 0.0316989 9.9964E-05 0.0429908
9.9937E-05 9.9937E-05 9.9937E-05 0.898084 0.0621128 9.9937E-05 9.9937E-05 9.9937E-05 9.9937E-05 0.0391033
9.9946E-05 0.00109301 9.9946E-05 0.805166 0.0647406 9.9946E-05 9.9946E-05 9.9946E-05 9.9946E-05 0.1284
0.00843169 9.9955E-05 9.9955E-05 0.905667 0.0223735 9.9955E-05 9.9955E-05 9.9955E-05 0.056644 0.00638408
9.9946E-05 9.9946E-05 0.0111888 0.944028 9.9946E-05 9.9946E-05 0.00501886 9.9946E-05 0.0391647 9.9946E-05
9.9955E-05 9.9955E-05 9.9955E-05 0.866217 0.0622121 9.9955E-05 0.0125263 0.00275186 0.0557925 9.9955E-05
9.9928E-05 9.9928E-05 9.9928E-05 0.91361 0.0855902 9.9928E-05 9.9928E-05 9.9928E-05 9.9928E-05 9.9928E-05
9.9982E-05 9.9982E-05 0.119279 0.0537649 0.526657 0.156836 0.00338766 0.062627 0.00502774 0.0722203
0.0429347 0.0363212 0.0483754 0.0878526 0.540737 0.130914 0.00194409 9.9991E-05 0.0245735 0.0862479
9.9973E-05 0.00089534 0.121665 0.0642161 0.0113382 0.677628 0.0346825 0.0892749 9.9973E-05 9.9973E-05
9.9982E-05 0.0289914 0.0606515 0.0584885 0.557395 0.119439 0.0515706 0.0673357 0.0559289 9.9982E-05
9.9964E-05 0.0380321 0.074382 0.0471461 0.41506 0.423217 9.9964E-05 0.00176224 9.9964E-05 9.9964E-05
9.9955E-05 9.9955E-05 0.0328717 0.0755868 0.517906 0.35678 9.9955E-05 0.0163566 9.9955E-05 9.9955E-05
0.0777874 9.9964E-05 0.0431724 0.00424294 0.60802 0.206606 0.0597721 9.9964E-05 9.9964E-05 9.9964E-05
9.9982E-05 9.9982E-05 0.0455477 0.0116665 0.482414 0.326351 0.022627 0.0233564 0.0319537 0.0558839
9.9955E-05 0.055927 0.224093 0.0375225 9.9955E-05 0.638844 9.9955E-05 0.0431138 9.9955E-05 9.9955E-05
0.0598944 0.0739755 0.0297316 0.0587254 0.447789 0.140703 0.0614176 0.0506979 0.0769655 9.9991E-05
0.0155081 0.0376485 0.109144 0.00203711 0.606751 0.159939 9.9982E-05 9.9982E-05 0.0279438 0.0408295
0.0572109 0.0217962 0.101068 0.0416903 0.526658 0.0765207 0.0643451 0.0317206 0.0788908 9.9991E-05
0.169978 9.9973E-05 0.0556964 9.9973E-05 0.257759 0.467617 0.0383911 9.9973E-05 0.00243382 0.00782541
9.9955E-05 9.9955E-05 9.9955E-05 0.0178467 0.455434 0.392573 0.0925837 9.9955E-05 0.0410627 9.9955E-05
9.9964E-05 0.0260242 0.115187 0.0258448 0.459388 0.350447 9.9964E-05 0.0227086 9.9964E-05 9.9964E-05
9.9946E-05 9.9946E-05 9.9946E-05 9.9946E-05 0.37393 0.52176 0.0884128 9.9946E-05 0.0152972 9.9946E-05
9.9964E-05 0.0333467 0.103385 0.0621899 0.433446 0.318098 9.9964E-05 0.0491346 9.9964E-05 9.9964E-05
0.0392978 0.076773 9.9991E-05 0.0822144 0.545821 0.16966 0.0648596 0.00816623 0.0121674 0.000941192
0.0480069 0.167721 0.226349 9.9982E-05 0.211732 0.0125162 0.193988 0.040345 9.9982E-05 0.0991425
0.0649112 0.046159 0.332018 0.0635619 0.379039 9.9964E-05 9.9964E-05 0.113911 9.9964E-05 9.9964E-05
0.00754777 0.000418714 0.261141 0.101714 0.487498 9.9991E-05 0.0481539 0.0203158 0.0413613 0.03175
0.0420025 0.0844018 0.0648332 0.0624566 0.560023 0.0451434 0.0570945 0.0365263 0.0312456 0.0162733
0.027667 0.127437 0.368928 0.0527582 0.412438 9.9964E-05 9.9964E-05 9.9964E-05 9.9964E-05 0.0103724
9.9973E-05 0.126615 0.191543 0.0569535 0.541846 9.9973E-05 0.0274512 0.00949422 9.9973E-05 0.0457969
0.0227386 0.123981 0.276486 0.0405394 0.403876 9.9973E-05 0.0132887 0.118791 9.9973E-05 9.9973E-05
0.0629092 0.0516602 0.060777 0.0434231 0.551093 0.0472759 0.0710677 0.0769912 0.01605 0.0187524
0.0270752 0.0729913 0.122342 0.0652349 0.58668 9.9991E-05 0.0177136 0.0678164 0.0355256 0.00452102
0.0433336 0.0929253 0.193643 0.0572129 0.570648 0.00397187 0.000258762 0.0378061 9.9982E-05 9.9982E-05
0.0275844 0.149788 0.189551 0.010997 0.542018 0.0282758 0.0123847 0.039201 9.9982E-05 9.9982E-05
0.0033655 0.0528733 0.129909 0.0136855 0.565813 9.9991E-05 0.109215 0.0226004 0.0389418 0.0634969
0.0692464 0.0892789 0.0798474 0.0702204 0.551405 9.9982E-05 0.046532 9.9982E-05 0.0505855 0.0426841
0.0543994 0.0803243 0.107984 9.9982E-05 0.538148 0.0242926 0.0917847 9.9982E-05 0.0892868 0.0135798
0.0180814 0.0649547 0.0841662 0.0245157 0.499103 0.00151272 0.081394 0.0496315 0.013679 0.162962
0.0477892 0.0928448 0.132659 9.9982E-05 0.536796 0.0158644 0.101981 0.0222999 0.0495662 9.9982E-05
0.101781 0.170952 0.139845 0.0227636 0.242271 0.0778149 0.09691 9.9982E-05 9.9982E-05 0.147463
0.0307109 0.10249 0.0578557 0.0299507 0.596762 0.0367508 0.0586337 9.9982E-05 9.9982E-05 0.0866462
0.0710044 0.155882 0.000661901 0.0151279 0.67292 9.9973E-05 0.0697363 9.9973E-05 9.9973E-05 0.0143677
0.0163467 0.202457 0.479451 0.0244907 0.118652 0.0651223 0.0243428 0.0490447 0.00831432 0.0117794
0.149588 9.9973E-05 0.384158 9.9973E-05 0.0190028 0.0816661 0.224338 0.0704298 9.9973E-05 0.070517
9.9991E-05 0.0500771 0.245962 0.0496687 0.481674 0.0669731 0.0297005 0.0477593 0.0231182 0.00496669
0.177329 0.142135 0.280421 9.9964E-05 0.0365892 0.055831 0.307295 9.9964E-05 9.9964E-05 9.9964E-05
9.9964E-05 0.112135 0.530614 9.9964E-05 0.245714 0.00659133 0.0431517 0.0613934 9.9964E-05 9.9964E-05
9.9955E-05 0.156395 0.415274 9.9955E-05 0.371726 0.0104728 0.0456334 9.9955E-05 9.9955E-05 9.9955E-05
9.9973E-05 0.153025 0.389317 0.0338148 0.311603 0.0482531 0.0421202 0.0215671 9.9973E-05 9.9973E-05
9.9955E-05 0.179275 0.48115 9.9955E-05 0.230232 0.00644619 0.102397 9.9955E-05 9.9955E-05 9.9955E-05
0.0499718 0.0928508 0.172818 0.0494723 0.574026 0.010674 0.00433293 0.0255191 0.0202343 9.9991E-05
0.0299677 0.08096 0.0755595 0.0711508 0.568256 0.011525 0.0529862 0.0176964 0.042938 0.0489604
9.9973E-05 0.0844305 0.22347 9.9973E-05 0.564576 0.013172 0.0339511 0.0412377 0.0388623 9.9973E-05
0.132408 0.122437 0.420693 9.9982E-05 0.0796212 0.0295631 0.170874 0.0182524 0.0259511 9.9982E-05
0.0704701 0.0622085 0.038333 0.11115 0.525264 0.0894702 0.00839686 0.0272641 0.0562573 0.011186
0.19736 0.0340371 0.0248664 0.0160099 0.469097 0.0491923 0.108641 0.0608542 0.0300331 0.00990912
0.548328 0.0136757 0.0199022 0.0280065 9.9973E-05 0.173312 0.151386 0.0650899 9.9973E-05 9.9973E-05
0.11573 0.049848 0.0746429 0.0217034 0.643708 0.023282 0.00922062 9.9982E-05 0.0616652 9.9982E-05
0.278083 9.9982E-05 0.0591982 0.0365499 0.283673 0.140149 0.102474 0.0597204 0.039953 9.9982E-05
0.129181 0.0681222 0.0694641 0.062747 0.491423 0.0124663 0.0409892 0.0397363 0.0272307 0.0586404
0.443122 0.028871 0.0703362 9.9973E-05 0.262529 0.0785328 0.0316195 0.0846898 9.9973E-05 9.9973E-05
0.444247 0.0625038 0.0417759 9.9973E-05 0.0977323 0.109406 0.143616 0.100419 9.9973E-05 9.9973E-05
0.252964 0.0357622 0.0501827 9.9982E-05 0.389507 0.0772417 0.113143 0.0731706 9.9982E-05 0.00782889
0.0847166 0.0256259 0.175162 0.0417278 0.371656 0.0776251 0.0679317 0.0568658 0.0434182 0.0552714
0.132623 0.0640014 0.0738113 0.139628 0.408728 0.00429275 0.0947094 0.0499498 0.032156 9.9991E-05
0.321357 9.9964E-05 0.286396 9.9964E-05 0.0562005 0.116941 0.154197 9.9964E-05 0.0645077 9.9964E-05
0.106408 0.0129433 0.108612 0.0840133 0.505463 9.9991E-05 0.105222 0.0139954 0.0540534 0.00918898
0.352668 0.00410961 0.107172 9.9973E-05 0.323824 0.0994958 0.0927238 0.0197064 9.9973E-05 9.9973E-05
0.258446 0.0467771 0.115155 9.9964E-05 0.410352 0.0914653 0.0774049 9.9964E-05 9.9964E-05 9.9964E-05
0.165669 0.0288831 9.9982E-05 0.0338047 0.552188 0.0675939 0.00282132 0.0826657 0.0661747 9.9982E-05
0.243678 9.9964E-05 0.0369919 0.263084 0.0930048 9.9964E-05 9.9964E-05 9.9964E-05 0.0965169 0.266324
0.465763 9.9946E-05 9.9946E-05 0.361159 9.9946E-05 9.9946E-05 9.9946E-05 9.9946E-05 0.0102447 0.162234
0.508178 9.9937E-05 9.9937E-05 0.369029 9.9937E-05 9.9937E-05 9.9937E-05 9.9937E-05 0.122094 9.9937E-05
0.301693 9.9982E-05 0.0214709 0.239076 0.0690255 0.0092888 9.9982E-05 0.0185964 0.10101 0.239639
0.178931 0.0351459 0.0109082 9.9964E-05 0.612136 0.0688699 0.0936093 9.9964E-05 9.9964E-05 9.9964E-05
0.147451 0.0530349 0.0329955 0.0387244 0.61717 0.0614888 0.00179299 0.00947654 0.037766 9.9991E-05
9.9946E-05 0.0120204 9.9946E-05 9.9946E-05 0.311073 9.9946E-05 9.9946E-05 9.9946E-05 0.612647 0.0636601
9.9964E-05 9.9964E-05 0.141849 0.0405536 0.394106 0.0312823 9.9964E-05 0.00503548 0.386774 9.9964E-05
9.9991E-05 0.0292648 0.0816885 0.0539628 0.321958 0.0402653 0.0136096 0.0274037 0.366427 0.0653208
0.394816 0.0361168 0.0205522 9.9973E-05 0.258174 0.0612464 0.221448 0.00734749 9.9973E-05 9.9973E-05
0.181709 0.0764534 0.0742677 0.0670858 0.445235 0.0950689 0.000811018 9.9982E-05 0.0591694 9.9982E-05
0.393674 9.9964E-05 0.150098 9.9964E-05 0.229433 0.0336085 0.168657 0.024129 9.9964E-05 9.9964E-05
0.185957 9.9973E-05 0.0992237 0.0335503 0.54617 0.0607245 0.0361475 0.0379271 9.9973E-05 9.9973E-05
0.276072 0.0111021 0.103104 9.9973E-05 0.489731 9.9973E-05 0.110305 0.00752975 0.00185638 9.9973E-05
0.271076 0.0289936 9.9964E-05 9.9964E-05 0.601694 0.0501379 0.0429094 0.00478845 9.9964E-05 9.9964E-05
0.49184 0.0181614 0.0289747 9.9973E-05 0.225177 0.0725548 0.135218 0.0277732 9.9973E-05 9.9973E-05
0.188996 0.00530701 9.9973E-05 0.00854276 0.676859 0.0710183 0.0241223 9.9973E-05 0.0248541 9.9973E-05
0.139011 0.0290229 9.9991E-05 0.09919 0.583721 0.0197975 0.0505668 0.0297871 0.00250464 0.0462994
9.9955E-05 9.9955E-05 9.9955E-05 0.00142019 0.0425109 9.9955E-05 0.00681485 0.0200003 0.928754 9.9955E-05
9.9946E-05 9.9946E-05 0.0105392 9.9946E-05 0.0599487 9.9946E-05 0.0307892 9.9946E-05 0.898123 9.9946E-05
9.9991E-05 0.00460404 0.0971147 0.0528522 0.261755 0.0151823 0.0311687 0.0013468 0.48894 0.0469363
9.9946E-05 0.00831455 9.9946E-05 9.9946E-05 0.383237 9.9946E-05 9.9946E-05 0.0120139 0.595835 9.9946E-05
9.9955E-05 0.0056208 0.02997 9.9955E-05 0.151437 9.9955E-05 9.9955E-05 0.0177952 0.794677 9.9955E-05
9.99201E-05 9.99201E-05 9.99201E-05 9.99201E-05 9.99201E-05 9.99201E-05 9.99201E-05 9.99201E-05 0.999101 9.99201E-05
9.9955E-05 0.0242856 9.9955E-05 9.9955E-05 0.00516433 9.9955E-05 0.0158152 0.0269703 0.927265 9.9955E-05
9.9928E-05 9.9928E-05 9.9928E-05 9.9928E-05 0.176216 9.9928E-05 9.9928E-05 9.9928E-05 0.822984 9.9928E-05
9.9937E-05 0.0466822 9.9937E-05 9.9937E-05 9.9937E-05 9.9937E-05 9.9937E-05 0.0191904 0.933428 9.9937E-05
9.99201E-05 9.99201E-05 9.99201E-05 9.99201E-05 9.99201E-05 9.99201E-05 9.99201E-05 9.99201E-05 0.999101 9.99201E-05
9.99201E-05 9.99201E-05 9.99201E-05 9.99201E-05 9.99201E-05 9.99201E-05 9.99201E-05 9.99201E-05 0.999101 9.99201E-05
9.9955E-05 9.9955E-05 0.0310538 0.00248347 0.182824 9.9955E-05 9.9955E-05 9.9955E-05 0.717429 0.0657101
9.9982E-05 0.0212648 0.0123862 0.028678 0.131235 0.00261564 9.9982E-05 0.0163285 0.722743 0.0645488
9.99201E-05 9.99201E-05 9.99201E-05 9.99201E-05 9.99201E-05 9.99201E-05 9.99201E-05 9.99201E-05 0.999101 9.99201E-05
0.00207103 0.0432749 0.100416 0.0656236 0.276759 0.0681484 0.00210432 0.0141803 0.316339 0.111083
9.9973E-05 9.9973E-05 9.9973E-05 0.0397698 0.262958 0.00779407 0.00237943 0.0336413 0.596204 0.0569537
9.9973E-05 0.00496599 9.9973E-05 0.038341 0.141751 0.0021319 9.9973E-05 0.00186134 0.729487 0.0811617
9.9955E-05 9.9955E-05 0.0156613 9.9955E-05 0.0813809 9.9955E-05 9.9955E-05 0.031365 0.855632 0.0154606
9.9937E-05 9.9937E-05 9.9937E-05 9.9937E-05 0.00429569 9.9937E-05 9.9937E-05 9.9937E-05 0.969351 0.0256534
9.9937E-05 9.9937E-05 9.9937E-05 9.9937E-05 0.0411445 9.9937E-05 9.9937E-05 9.9937E-05 0.856568 0.101588
0.00206871 9.9946E-05 9.9946E-05 0.017258 9.9946E-05 9.9946E-05 9.9946E-05 9.9946E-05 0.959031 0.0210427
9.9973E-05 9.9973E-05 0.047259 0.017526 0.245553 0.0218593 0.0235587 9.9973E-05 0.565899 0.0780459
0.000475888 0.00741511 9.9964E-05 0.0170045 9.9964E-05 0.0179291 9.9964E-05 9.9964E-05 0.906403 0.0503723
0.638814 9.9973E-05 9.9973E-05 0.184071 0.0109476 9.9973E-05 0.0687831 0.0396304 0.0309152 0.0265385
0.281364 0.0134154 0.0766762 0.167357 0.362833 9.9982E-05 9.9982E-05 0.0337067 0.0509836 0.0134638
0.280146 9.9955E-05 9.9955E-05 0.0785276 0.440798 9.9955E-05 9.9955E-05 0.0798343 9.9955E-05 0.120193
0.508399 0.0294087 9.9973E-05 0.0659162 0.193954 9.9973E-05 9.9973E-05 0.0571171 0.0206663 0.124238
0.19306 0.0013955 0.0529094 0.0907343 0.40822 0.0676047 9.9991E-05 0.0245162 0.0648011 0.0966591
0.480846 9.9982E-05 0.0216219 0.146401 0.139785 9.9982E-05 0.0560076 0.0114069 0.0330655 0.110666
0.183165 0.012862 0.131401 0.113347 0.384077 9.9982E-05 0.0454019 9.9982E-05 0.0805735 0.0489724
0.36468 9.9973E-05 9.9973E-05 0.1107 0.337143 9.9973E-05 0.00776868 0.0231691 0.0694965 0.0867426
0.25202 9.9973E-05 9.9973E-05 0.0625226 0.435156 9.9973E-05 0.0157229 0.0451744 0.0183225 0.170782
0.294397 9.9982E-05 9.9982E-05 0.128467 0.36134 0.0117656 0.0159049 0.0241965 0.0290079 0.134722
0.168895 0.0142741 0.0725757 0.110349 0.350599 0.0354557 0.0398727 0.0303265 0.090129 0.087523
0.0185467 0.00412545 9.99656E-05 0.868635 0.0653178 0.005194 9.99656E-05 0.0377812 9.99656E-05 9.99656E-05
0.0132868 9.9973E-05 9.9973E-05 0.863696 9.9973E-05 0.00333086 0.0145255 0.00641104 0.0463026 0.0521475
9.9955E-05 0.0257023 9.9955E-05 0.914123 0.0288944 9.9955E-05 0.0188127 0.0119677 9.9955E-05 9.9955E-05
0.0456169 9.9937E-05 0.00658121 0.947102 9.9937E-05 9.9937E-05 9.9937E-05 9.9937E-05 9.9937E-05 9.9937E-05
0.0163521 9.9955E-05 0.0322252 0.877554 0.0636582 9.9955E-05 9.9955E-05 0.00971035 9.9955E-05 9.9955E-05
9.9937E-05 9.9937E-05 9.9937E-05 0.936415 9.9937E-05 9.9937E-05 9.9937E-05 0.00148344 9.9937E-05 0.0614021
9.9964E-05 0.014323 9.9964E-05 0.919418 0.0396491 9.9964E-05 9.9964E-05 0.00399845 0.0201718 0.0020398
9.9964E-05 0.00227267 0.0223842 0.91328 9.9964E-05 9.9964E-05 0.025513 0.0199745 9.9964E-05 0.0161762
0.0523189 9.9964E-05 9.9964E-05 0.855483 0.0355618 0.0183266 9.9964E-05 0.0106309 0.0272789 9.9964E-05
0.062042 9.9955E-05 9.9955E-05 0.872343 0.00727468 9.9955E-05 9.9955E-05 0.0168636 9.9955E-05 0.0409774
0.0438403 0.0355628 0.0530945 0.565258 9.9964E-05 0.0639492 9.9964E-05 0.237895 9.9964E-05 9.9964E-05
0.0501664 0.0979415 0.0494576 0.566247 9.9973E-05 0.0104028 0.00298761 0.222497 9.9973E-05 9.9973E-05
0.0573628 0.0683768 0.0998101 0.502343 9.9973E-05 0.0685821 0.00941961 0.193805 9.9973E-05 9.9973E-05
0.0637657 0.0459109 0.236193 0.417879 9.9955E-05 9.9955E-05 9.9955E-05 0.235751 9.9955E-05 9.9955E-05
0.0346344 0.0556787 0.23554 0.0310408 0.442728 0.174081 9.9973E-05 0.0259972 9.9973E-05 9.9973E-05
9.9973E-05 0.0300543 0.0819552 0.0020357 0.472707 0.281287 9.9973E-05 0.0741315 0.0575293 9.9973E-05
9.9964E-05 0.111712 0.16241 9.9964E-05 0.512821 0.174089 0.0160921 9.9964E-05 0.0224759 9.9964E-05
9.9964E-05 0.105738 0.278341 0.0298052 0.328208 0.254304 9.9964E-05 9.9964E-05 9.9964E-05 0.0032036
9.9973E-05 0.159315 0.530666 9.9973E-05 0.104349 0.0393788 0.0865472 0.0742172 0.00522776 9.9973E-05
9.9982E-05 0.0197948 0.0201172 0.0247344 0.593407 0.217737 0.0194074 0.0569028 0.0476996 9.9982E-05
9.9973E-05 0.0885803 0.00503109 9.9973E-05 0.613388 0.255872 0.0235241 0.00836914 0.00493589 9.9973E-05
0.0381921 0.0201052 0.0442332 9.9973E-05 0.493633 0.265389 0.0862468 9.9973E-05 9.9973E-05 0.0519012
9.9946E-05 9.9946E-05 9.9946E-05 9.9946E-05 0.411084 0.50181 0.0834796 9.9946E-05 0.00302702 9.9946E-05
0.0542302 0.0253653 0.0542883 0.0464098 0.572846 0.0988701 0.0521673 0.0303749 0.0230954 0.0423524
9.9964E-05 0.0151492 0.0747558 0.0269872 0.417559 0.447165 9.9964E-05 0.0179841 9.9964E-05 9.9964E-05
0.0608832 0.0289757 9.9946E-05 9.9946E-05 9.9946E-05 0.766048 0.143494 9.9946E-05 9.9946E-05 9.9946E-05
9.9982E-05 0.0258029 0.180033 0.0984391 0.529691 0.0786381 0.0638584 0.00438996 0.0189468 9.9982E-05
0.123025 9.9946E-05 9.9946E-05 9.9946E-05 0.150706 0.64612 0.0795489 9.9946E-05 9.9946E-05 9.9946E-05
9.9973E-05 0.0232497 9.9973E-05 0.0202888 0.500432 0.360898 0.036129 0.0311725 0.0275299 9.9973E-05
9.9955E-05 0.0587014 0.239813 0.00305833 0.08439 0.613537 9.9955E-05 9.9955E-05 9.9955E-05 9.9955E-05
9.9937E-05 0.0373126 9.9937E-05 0.014799 9.9937E-05 9.9937E-05 9.9937E-05 0.947189 9.9937E-05 9.9937E-05
9.99201E-05 9.99201E-05 9.99201E-05 9.99201E-05 9.99201E-05 9.99201E-05 9.99201E-05 0.999101 9.99201E-05 9.99201E-05
9.99201E-05 9.99201E-05 9.99201E-05 9.99201E-05 9.99201E-05 9.99201E-05 9.99201E-05 0.999101 9.99201E-05 9.99201E-05
9.9946E-05 0.0276923 0.0107804 9.9946E-05 9.9946E-05 0.00441304 9.9946E-05 0.956515 9.9946E-05 9.9946E-05
9.9928E-05 9.9928E-05 9.9928E-05 9.9928E-05 0.0526815 9.9928E-05 9.9928E-05 0.946519 9.9928E-05 9.9928E-05
9.9937E-05 9.9937E-05 9.9937E-05 9.9937E-05 0.0010395 9.9937E-05 9.9937E-05 0.971761 0.0265002 9.9937E-05
9.9964E-05 9.9964E-05 9.9964E-05 0.831894 0.0246374 0.0558069 9.9964E-05 0.00873464 0.071299 0.00722831
0.0176239 0.0189942 0.0123023 0.777561 0.0899563 0.0242053 9.9991E-05 0.00749668 0.0183648 0.0333953
9.9964E-05 0.0117774 9.9964E-05 0.748738 0.11147 0.0178028 0.0149279 9.9964E-05 9.9964E-05 0.0948845
9.9946E-05 9.9946E-05 9.9946E-05 0.829268 0.0214299 0.0709362 9.9946E-05 9.9946E-05 0.0777661 9.9946E-05
0.0324306 0.00983808 9.9964E-05 0.757086 0.143102 9.9964E-05 9.9964E-05 9.9964E-05 0.0307903 0.0263533
0.0436467 0.204154 0.0389386 0.356397 9.9964E-05 0.00489963 9.9964E-05 0.351564 9.9964E-05 9.9964E-05
0.0112179 0.175662 9.9964E-05 0.36909 9.9964E-05 9.9964E-05 0.0360944 0.366818 9.9964E-05 0.0407178
9.9964E-05 0.120311 0.0611285 0.374343 9.9964E-05 9.9964E-05 0.00926407 0.384671 9.9964E-05 0.049882
9.9955E-05 0.0329757 9.9955E-05 0.824986 0.098019 9.9955E-05 0.0124674 9.9955E-05 0.0310527 9.9955E-05
9.9964E-05 0.141449 0.0662765 0.350799 9.9964E-05 0.00572676 0.0590335 0.376316 9.9964E-05 9.9964E-05
0.096638 9.9973E-05 0.0162837 0.189486 0.174434 9.9973E-05 0.033414 9.9973E-05 0.0310294 0.458415
0.0201785 0.0417794 0.00629807 0.106761 0.512147 9.9991E-05 0.005235 0.0376095 0.09005 0.179841
9.9946E-05 9.9946E-05 9.9946E-05 0.148629 0.517636 9.9946E-05 9.9946E-05 9.9946E-05 0.109729 0.223406
0.110741 9.9982E-05 0.0377176 0.184255 0.253956 9.9982E-05 0.0141099 0.0107452 0.0555697 0.332706
0.0458205 0.070246 0.0202541 0.131592 0.474434 0.0129602 0.0187475 9.9991E-05 0.113494 0.112352
0.27764 9.9955E-05 9.9955E-05 0.312819 9.9955E-05 9.9955E-05 9.9955E-05 0.00382588 0.06384 0.341376
0.0331957 0.0829942 0.320707 9.9973E-05 0.380209 0.0191865 0.0774158 0.0859924 9.9973E-05 9.9973E-05
0.102703 0.0329661 0.221524 9.9973E-05 0.364859 0.0563989 0.179575 0.0416739 9.9973E-05 9.9973E-05
9.9982E-05 0.0583681 0.602292 0.000732925 0.144735 0.0233402 0.0508053 0.112075 0.00745197 9.9982E-05
0.0423783 0.0539516 0.14 9.9973E-05 0.504096 0.00433494 0.224618 0.0303208 9.9973E-05 9.9973E-05
0.229963 0.0412875 0.205047 9.9964E-05 9.9964E-05 0.0722119 0.372958 0.0781325 9.9964E-05 9.9964E-05
0.0818473 0.0615407 0.136943 0.0604453 0.526025 9.9991E-05 0.0371398 0.0231781 0.0111215 0.0616593
0.0488699 0.00334983 0.14952 9.9982E-05 0.456716 0.0524097 0.134732 0.0578642 9.9982E-05 0.0963381
0.0406228 0.140623 0.401895 0.0116205 0.27449 0.0378199 0.042904 0.0498246 9.9982E-05 9.9982E-05
0.0169315 0.00695336 0.184379 0.0739606 0.523515 0.0226342 0.102492 0.039202 9.9991E-05 0.029833
0.182657 0.0486711 0.481981 9.9964E-05 0.0226179 0.0799789 0.183694 9.9964E-05 9.9964E-05 9.9964E-05
0.0739144 0.0664057 0.143421 0.0093315 0.531707 0.0486027 0.0762239 0.0413196 0.00897441 9.9991E-05
0.0535095 0.108718 0.255882 0.00841271 0.448019 0.0285133 0.0178439 0.064014 0.0149875 9.9991E-05
0.133598 0.0758846 0.093136 0.0324022 0.352269 0.0539498 0.0443823 9.9991E-05 0.0684402 0.145838
0.11766 0.0660934 0.309219 9.9991E-05 0.274568 0.0755719 0.141943 0.00485924 0.00640166 0.00358342
0.0907663 0.0692768 0.253256 9.9982E-05 0.31221 0.0308372 0.164911 0.0031469 9.9982E-05 0.0753969
0.0512325 0.0707622 0.132484 9.9973E-05 0.567968 9.9973E-05 0.107149 0.0632818 0.00682335 9.9973E-05
0.0588277 0.0491844 0.126612 9.9973E-05 0.541365 0.0704137 0.0926694 0.0606283 9.9973E-05 9.9973E-05
0.0361107 0.0205827 0.0782279 9.9991E-05 0.596765 0.0664846 0.0767509 0.0580058 0.0178755 0.0490966
0.0170198 0.0584611 0.0948798 0.0953709 0.525049 0.0773589 0.0497398 0.0110451 0.0134884 0.0575874
0.0627279 0.0325988 0.255106 0.0563658 0.510407 0.00762604 9.9991E-05 0.0129652 0.00306161 0.0590415
9.9937E-05 9.9937E-05 9.9937E-05 0.829471 0.133981 9.9937E-05 9.9937E-05 9.9937E-05 0.0358484 9.9937E-05
9.9928E-05 9.9928E-05 9.9928E-05 0.891859 0.107342 9.9928E-05 9.9928E-05 9.9928E-05 9.9928E-05 9.9928E-05
0.0375387 0.0360786 9.9955E-05 0.85778 0.0595905 9.9955E-05 9.9955E-05 0.00851276 9.9955E-05 9.9955E-05
9.9946E-05 9.9946E-05 9.9946E-05 0.865728 9.9946E-05 0.011852 9.9946E-05 0.0482365 0.0735843 9.9946E-05
9.9937E-05 9.9937E-05 9.9937E-05 0.878588 0.0946508 9.9937E-05 9.9937E-05 0.0260619 9.9937E-05 9.9937E-05
0.0419872 0.0822462 0.682603 0.0154379 9.9982E-05 0.0315458 9.9982E-05 0.12533 0.0107869 0.00986239
0.0559278 0.1068 0.163884 0.0700269 0.469327 0.00624387 0.0830835 9.9982E-05 0.0445073 9.9982E-05
0.0289252 9.9991E-05 0.0928292 0.126923 0.307596 0.0521715 0.0239254 0.0336223 0.0469607 0.286947
9.9973E-05 0.044833 0.269411 9.9973E-05 0.578686 0.00643515 0.0304077 0.0202866 0.0496414 9.9973E-05
9.9982E-05 0.0631117 0.386513 0.00664677 0.419446 0.0222978 9.9982E-05 0.0581283 0.0319335 0.0117231
0.176425 0.102952 0.292642 9.9964E-05 0.243772 0.000751379 0.183058 9.9964E-05 9.9964E-05 9.9964E-05
0.0392367 0.248882 0.625446 0.0604112 9.9973E-05 0.00443061 0.00234961 0.0189446 9.9973E-05 9.9973E-05
0.0197351 0.107983 0.290299 0.0409739 0.422185 9.9982E-05 9.9982E-05 0.100519 0.00790532 0.0101994
9.9964E-05 0.149322 0.510333 0.0291948 0.162395 9.9964E-05 9.9964E-05 0.108296 0.0400602 9.9964E-05
0.132168 0.0290283 0.197707 0.00546899 0.450556 0.0585229 0.0347134 0.053344 0.000444426 0.0380465
9.9973E-05 0.151635 0.56962 0.0553629 0.0482803 9.9973E-05 0.0569436 0.107067 9.9973E-05 0.0107915
9.9991E-05 0.135853 0.156382 0.0436624 0.482542 0.0242623 0.0105837 0.0415335 0.0378582 0.0672229
0.0253535 0.127288 0.649491 0.0440071 0.0292995 0.0542355 0.00470645 0.0654198 9.9982E-05 9.9982E-05
0.0496269 0.0443679 0.381012 9.9991E-05 0.164716 0.0445921 0.155851 0.024465 0.035128 0.100142
0.119872 9.9973E-05 0.114649 0.0571106 0.528695 0.0171921 0.0937535 0.0684281 9.9973E-05 9.9973E-05
0.346088 0.00468883 0.0965686 9.9973E-05 0.30207 0.0647813 0.143445 0.0420584 9.9973E-05 9.9973E-05
0.259378 0.00589249 0.0674066 9.9973E-05 0.536167 0.0440036 0.00874161 0.0781107 9.9973E-05 9.9973E-05
0.130232 9.9982E-05 0.0788801 0.10537 0.491487 0.0314573 0.0450768 0.0664198 9.9982E-05 0.0508761
0.452859 9.9964E-05 0.0256208 9.9964E-05 0.268083 0.104286 0.0838489 0.0649025 9.9964E-05 9.9964E-05
0.0925684 0.0315019 0.022487 0.0617437 0.54136 0.0888219 0.038251 0.069033 0.0541332 9.9991E-05
0.243523 0.00515451 9.9973E-05 0.0125964 0.514155 0.057198 0.0816322 0.0854409 9.9973E-05 9.9973E-05
0.469626 0.00491295 0.00284056 9.9973E-05 0.138579 0.129098 0.201064 0.053579 9.9973E-05 9.9973E-05
0.494985 0.00448353 9.9964E-05 9.9964E-05 0.217494 0.107846 0.0835699 0.0912215 9.9964E-05 9.9964E-05
0.299144 0.0356587 0.0528425 9.9973E-05 0.453571 0.0533869 0.0656795 0.0394176 9.9973E-05 9.9973E-05
0.457608 0.00687207 9.9964E-05 9.9964E-05 0.0732102 0.193204 0.152005 0.116701 9.9964E-05 9.9964E-05
0.24533 9.9964E-05 0.0603664 9.9964E-05 0.436418 0.0663032 0.0640136 0.127169 9.9964E-05 9.9964E-05
9.9982E-05 0.148293 0.73015 0.00806968 0.00626627 0.0340034 0.012267 0.0493822 0.0113693 9.9982E-05
0.040859 0.0926562 0.42549 9.9982E-05 0.0770649 0.0202253 0.270133 9.9982E-05 0.0516414 0.02173
9.9982E-05 0.118619 0.414446 0.0202725 0.355861 9.9982E-05 0.0357334 0.0222068 0.024525 0.00813708
0.0106172 0.0959213 0.230963 0.00580822 0.462559 0.0684928 9.9973E-05 9.9973E-05 9.9973E-05 0.125339
9.9973E-05 0.190427 0.522806 9.9973E-05 0.114017 0.0978282 9.9973E-05 0.0536487 0.0144365 0.00653599
0.103034 0.0753703 0.121469 0.0473436 0.504262 0.0519054 0.0336843 9.9991E-05 0.0282061 0.0346262
9.9982E-05 0.100784 0.172055 0.0620412 0.545557 9.9982E-05 0.0302936 0.0342268 0.00603159 0.0488101
0.0498461 0.0867022 0.217469 9.9991E-05 0.42092 0.0769733 0.0594764 0.0116413 0.0335831 0.0432887
9.9982E-05 0.0654398 0.332677 9.9982E-05 0.377655 0.00880074 0.0785565 0.0241163 0.0280811 0.0844741
9.9973E-05 0.105002 0.38769 9.9973E-05 0.371454 9.9973E-05 0.0117649 0.0702864 0.0436414 0.00986111
9.9964E-05 0.181982 0.549325 9.9964E-05 0.161196 0.0581367 0.0273753 9.9964E-05 0.0215857 9.9964E-05
9.9973E-05 0.158999 0.377352 9.9973E-05 0.378148 0.00269823 0.0164005 0.0464012 0.019701 9.9973E-05
0.0444117 0.109297 0.168158 9.9973E-05 0.557292 0.0168776 0.050771 9.9973E-05 9.9973E-05 0.0528922
0.0852855 0.000236156 0.131261 0.0216952 0.578728 0.0263523 0.0304362 0.0333842 0.0861163 0.00650423
0.0420401 0.0595659 0.28372 9.9991E-05 0.167952 0.0595264 0.111727 0.0645901 0.0218101 0.18897
0.0055471 0.0693058 0.217813 9.9991E-05 0.355154 0.0720939 0.104827 0.00848203 0.0902685 0.0764095
9.9982E-05 0.168305 0.388621 9.9982E-05 0.248414 0.0281078 0.0349579 0.0423836 0.0695793 0.0194309
9.9982E-05 0.050531 0.332163 0.0132021 0.470803 0.00430251 0.00438542 0.0428575 9.9982E-05 0.0815553
9.9991E-05 0.0262743 0.31334 0.021145 0.364798 0.0199058 0.0704491 0.0790034 0.045746 0.0592382
0.0616294 0.0481623 0.151533 0.0731195 0.511691 0.0154346 0.0602333 9.9982E-05 9.9982E-05 0.0779974
0.0418337 9.9964E-05 0.0829783 0.29737 0.424965 9.9964E-05 9.9964E-05 9.9964E-05 0.0601373 0.0923158
0.0744557 9.9973E-05 0.0869475 0.0923643 0.488265 9.9973E-05 0.021534 9.9973E-05 0.0459253 0.190209
0.0840995 9.9982E-05 0.0434264 0.137381 0.456689 0.0700419 9.9982E-05 0.0343668 0.0537566 0.120039
0.0938141 0.0227336 0.0353155 0.0492227 0.48029 9.9991E-05 0.0412543 0.0289736 0.0181579 0.230138
0.104671 9.9982E-05 0.0573901 0.107324 0.402284 0.0171655 0.00198214 9.9982E-05 0.000940622 0.308043
0.0619387 0.0306887 0.188694 9.9964E-05 0.459391 9.9964E-05 0.202091 0.0567972 9.9964E-05 9.9964E-05
0.0962735 0.0132728 0.005977 0.162633 0.454162 0.0981424 0.00551596 9.9991E-05 0.049147 0.114776
0.350854 0.000864611 0.195744 0.136999 9.9973E-05 9.9973E-05 0.0847432 9.9973E-05 0.0853809 0.145114
0.0792443 0.0269571 0.112622 0.0341049 0.513822 9.9982E-05 9.9982E-05 0.0283101 0.00590983 0.198829
0.0412703 0.018173 0.0613533 0.112835 0.523861 0.0264598 0.046672 9.9991E-05 0.0940769 0.0751989
0.0618616 9.9991E-05 0.118753 0.048854 0.527993 0.0132255 0.0114972 0.0193469 0.051911 0.146458
0.207407 9.9982E-05 0.102267 0.133049 0.258144 0.0330695 0.116684 9.9982E-05 0.0410528 0.108127
0.0610957 9.9973E-05 0.0824385 0.166578 0.494239 9.9973E-05 9.9973E-05 0.001445 0.0474632 0.146441
0.0538968 0.0443981 9.9973E-05 0.0608076 0.453341 9.9973E-05 0.0809696 9.9973E-05 0.0573067 0.248981
0.454171 9.9946E-05 9.9946E-05 0.378477 9.9946E-05 9.9946E-05 9.9946E-05 9.9946E-05 0.0047152 0.162037
0.0202883 0.0891464 0.0968061 0.137782 0.433466 9.9982E-05 9.9982E-05 0.0164283 0.0956213 0.110261
0.0110568 9.9991E-05 0.045093 0.119218 0.51866 0.0301369 0.0294324 0.00502818 0.0532897 0.187985
0.0984215 9.9982E-05 0.0390603 0.0953442 0.565966 0.0271509 0.0575261 9.9982E-05 0.0632163 0.0531145
0.0835561 9.9955E-05 9.9955E-05 0.137408 0.536879 9.9955E-05 9.9955E-05 9.9955E-05 0.0491655 0.192491
0.0391053 9.9973E-05 0.0797537 0.201374 0.451892 0.0761877 9.9973E-05 9.9973E-05 0.0995653 0.0518222
9.9973E-05 0.028071 9.9973E-05 0.02959 0.427253 0.0659994 0.421374 9.9973E-05 0.000748282 0.0266642
0.0416776 0.038456 0.0684508 0.0491263 0.494224 0.0335744 0.195339 9.9991E-05 0.0711955 0.00785671
0.0159835 0.0450924 9.9946E-05 9.9946E-05 9.9946E-05 0.031461 0.906863 9.9946E-05 9.9946E-05 9.9946E-05
9.9937E-05 9.9937E-05 0.0353373 0.0156811 9.9937E-05 9.9937E-05 0.948282 9.9937E-05 9.9937E-05 9.9937E-05
0.0471053 0.0132689 0.0669262 0.0884837 0.457239 9.9982E-05 0.289937 0.00551526 0.0313251 9.9982E-05
0.115252 9.9973E-05 9.9973E-05 0.0689443 0.296988 9.9973E-05 0.098279 0.00772035 0.099083 0.313433
0.00622232 9.9964E-05 9.9964E-05 0.0793953 0.261474 9.9964E-05 0.192766 9.9964E-05 0.0261915 0.433551
0.101359 0.0018695 9.9973E-05 0.0833366 0.0992788 9.9973E-05 0.257995 9.9973E-05 0.0839576 0.371904
0.0405114 9.9964E-05 9.9964E-05 0.0923922 0.255294 9.9964E-05 0.212019 9.9964E-05 0.0579245 0.341459
0.0860352 9.9955E-05 9.9955E-05 0.0936981 0.0361468 9.9955E-05 0.684363 9.9955E-05 9.9955E-05 0.0992567
0.0242014 9.99761E-05 9.99761E-05 0.0747846 0.0469713 9.99761E-05 0.713965 0.000319323 0.004346 0.135112
9.9955E-05 9.9955E-05 9.9955E-05 0.0173157 0.52551 9.9955E-05 0.359224 9.9955E-05 0.0272147 0.0702356
9.9955E-05 9.9955E-05 9.9955E-05 0.0409708 0.332193 9.9955E-05 0.4409 9.9955E-05 0.0740285 0.111407
9.9946E-05 9.9946E-05 9.9946E-05 0.0540696 0.127307 9.9946E-05 0.701512 9.9946E-05 9.9946E-05 0.116512
0.000785106 0.0114587 0.052072 0.0364357 0.486295 9.9982E-05 0.278614 9.9982E-05 0.009006 0.125134
0.00754241 0.00809663 9.9982E-05 0.0428794 0.519775 9.9982E-05 0.292294 0.000577853 0.00646892 0.122165
9.9982E-05 9.9982E-05 0.062235 0.0711895 0.466868 0.0234678 0.237813 0.0276622 0.0493918 0.0611729
9.9946E-05 9.9946E-05 0.021052 9.9946E-05 0.289229 9.9946E-05 0.654765 9.9946E-05 9.9946E-05 0.0343541
9.9964E-05 0.0197584 0.075959 0.0163055 0.373556 9.9964E-05 0.511631 0.00239021 9.9964E-05 9.9964E-05
9.9973E-05 9.9973E-05 0.0160933 0.0471832 0.49966 0.00754015 0.384542 0.0265909 0.0180901 9.9973E-05
0.00883112 0.0832853 9.9973E-05 0.00871578 0.439087 9.9973E-05 0.356906 0.0615861 9.9973E-05 0.041288
9.9964E-05 9.9964E-05 0.0701425 0.0901561 0.498856 9.9964E-05 0.246179 9.9964E-05 0.00630239 0.0879641
0.0429974 9.9955E-05 9.9955E-05 9.9955E-05 0.456917 0.0227312 0.45368 0.0231753 9.9955E-05 9.9955E-05
9.9955E-05 9.9955E-05 9.9955E-05 0.00408538 0.155696 9.9955E-05 0.80851 0.0232332 9.9955E-05 0.00797549
9.9955E-05 9.9955E-05 9.9955E-05 0.0134909 0.609029 9.9955E-05 0.362965 9.9955E-05 0.0136256 0.000389945
9.9955E-05 0.0449461 0.01011 9.9955E-05 0.117613 9.9955E-05 0.799663 9.9955E-05 0.0271672 9.9955E-05
9.9946E-05 9.9946E-05 9.9946E-05 0.0255742 0.433314 9.9946E-05 0.521691 0.0188202 9.9946E-05 9.9946E-05
0.00524662 0.0462401 9.9973E-05 0.0562524 0.476198 9.9973E-05 0.297561 0.0551779 9.9973E-05 0.0630239
9.9973E-05 0.0342083 9.9973E-05 0.0829573 0.461754 0.0399721 0.308155 0.024201 0.048453 9.9973E-05
0.0832967 9.9982E-05 0.0433004 0.107925 0.446905 9.9982E-05 0.0933399 0.0547001 0.0436398 0.126694
0.083652 0.00228224 0.0413372 0.114361 0.389862 0.0532314 0.106879 0.0608759 0.14742 9.9991E-05
0.131535 9.9973E-05 0.0338287 0.171747 0.289233 9.9973E-05 0.0529282 9.9973E-05 0.126991 0.193438
0.0886398 9.9982E-05 0.0364357 0.122595 0.272537 9.9982E-05 0.131433 0.0392402 0.156383 0.152537
0.0316239 0.0133945 0.0748604 0.126677 0.406161 0.0097196 0.07571 9.9991E-05 0.0716788 0.190075
0.070804 0.0153624 0.0334671 0.0839199 0.396881 0.0317112 0.149438 9.9991E-05 0.0133732 0.204944
0.041164 9.9946E-05 9.9946E-05 0.13445 9.9946E-05 9.9946E-05 0.654099 9.9946E-05 9.9946E-05 0.169688
9.9955E-05 9.9955E-05 9.9955E-05 0.0710639 0.454021 9.9955E-05 0.182645 9.9955E-05 0.0497821 0.241988
0.296573 9.9955E-05 9.9955E-05 0.287029 9.9955E-05 9.9955E-05 0.333166 9.9955E-05 0.0302129 0.0525196
9.9955E-05 9.9955E-05 9.9955E-05 0.0404511 0.466331 9.9955E-05 0.304161 9.9955E-05 0.0421212 0.146436
9.9928E-05 9.9928E-05 9.9928E-05 9.9928E-05 0.0699105 9.9928E-05 0.92929 9.9928E-05 9.9928E-05 9.9928E-05
9.9937E-05 9.9937E-05 9.9937E-05 9.9937E-05 9.9937E-05 0.0611777 0.935178 0.00294501 9.9937E-05 9.9937E-05
