9.9955E-05 0.0437078 0.00601169 9.9955E-05 0.020536 0.0459978 9.9955E-05 0.883247 9.9955E-05 9.9955E-05
9.9964E-05 0.0279183 9.9964E-05 0.00554464 0.0242469 0.0108101 9.9964E-05 0.918757 0.0123229 9.9964E-05
9.9955E-05 0.0129888 0.0279392 0.0616037 9.9955E-05 9.9955E-05 9.9955E-05 0.840366 0.0566022 9.9955E-05
9.9955E-05 0.024833 0.132577 9.9955E-05 9.9955E-05 9.9955E-05 9.9955E-05 0.765147 0.0225086 0.0544341
9.9937E-05 9.9937E-05 0.0948663 9.9937E-05 9.9937E-05 9.9937E-05 9.9937E-05 0.898784 9.9937E-05 0.0056505
9.9973E-05 0.0113961 0.017736 9.9973E-05 0.00272623 0.0505102 0.247775 0.621322 9.9973E-05 0.0482348
9.9937E-05 0.0353931 9.9937E-05 9.9937E-05 9.9937E-05 9.9937E-05 0.233814 0.730093 9.9937E-05 9.9937E-05
9.9955E-05 0.0198411 9.9955E-05 9.9955E-05 9.9955E-05 0.0120418 0.268736 0.687307 9.9955E-05 0.0115751
0.00510718 0.0100138 9.99729E-05 9.99729E-05 0.0259921 9.99729E-05 0.013962 0.801228 0.0371871 0.10621
9.9964E-05 0.00597919 9.9964E-05 9.9964E-05 0.0213615 0.0243941 0.208853 0.738336 9.9964E-05 0.000675999
9.9964E-05 0.0171662 0.0293253 9.9964E-05 9.9964E-05 0.012249 0.191349 0.719414 9.9964E-05 0.0300973
9.9937E-05 9.9937E-05 9.9937E-05 9.9937E-05 0.959614 0.0221972 9.9937E-05 0.0174889 9.9937E-05 9.9937E-05
0.0047026 0.0153895 0.445973 9.9973E-05 0.442022 0.0376556 9.9973E-05 0.0305194 9.9973E-05 0.0234377
9.9955E-05 0.000318631 0.0283231 9.9955E-05 0.884907 0.0817003 9.9955E-05 9.9955E-05 0.00425115 9.9955E-05
9.9955E-05 0.0135547 0.0649994 9.9955E-05 0.799956 0.119716 9.9955E-05 0.00127448 9.9955E-05 9.9955E-05
9.9955E-05 9.9955E-05 0.290893 9.9955E-05 0.547561 0.0725563 9.9955E-05 0.0548045 0.0336849 9.9955E-05
9.9964E-05 0.00805351 0.457518 9.9964E-05 0.425164 0.0697724 9.9964E-05 0.00773144 0.0313606 9.9964E-05
0.0021881 0.024115 0.312791 0.0343721 0.578723 0.0410033 0.006508 9.9973E-05 9.9973E-05 9.9973E-05
9.9955E-05 9.9955E-05 0.101671 9.9955E-05 0.715146 0.0587757 9.9955E-05 0.07759 0.0463175 9.9955E-05
9.9946E-05 9.9946E-05 9.9946E-05 9.9946E-05 0.951429 9.9946E-05 0.0323298 0.00307054 9.9946E-05 0.0125711
0.0117667 0.0282476 0.302894 0.0141506 0.537343 0.0484307 0.0485944 9.9991E-05 0.00525866 0.00321524
0.0515329 0.0109277 0.352843 0.0107414 0.363843 0.0427346 0.0919734 9.9982E-05 0.0752037 9.9982E-05
9.9982E-05 0.0173251 0.441155 0.0975044 0.308983 0.0286413 0.0453709 0.0238638 9.9982E-05 0.0369562
9.9946E-05 0.0214882 9.9946E-05 9.9946E-05 0.892823 0.0761035 9.9946E-05 0.00898537 9.9946E-05 9.9946E-05
0.0203923 0.0246825 0.606206 0.00433114 0.200014 0.0579207 0.0174491 0.0444419 0.00984165 0.0147208
9.9946E-05 0.0100619 0.401066 9.9946E-05 0.577199 0.011073 9.9946E-05 9.9946E-05 9.9946E-05 9.9946E-05
0.00767954 0.0102197 0.0169285 9.9964E-05 0.92257 0.0139688 9.9964E-05 0.0282338 9.9964E-05 9.9964E-05
9.9946E-05 9.9946E-05 0.0334825 9.9946E-05 0.854869 0.0752206 9.9946E-05 0.0358281 9.9946E-05 9.9946E-05
9.9937E-05 9.9937E-05 0.000927613 9.9937E-05 0.946135 9.9937E-05 0.0522374 9.9937E-05 9.9937E-05 9.9937E-05
9.99201E-05 0.999101 9.99201E-05 9.99201E-05 9.99201E-05 9.99201E-05 9.99201E-05 9.99201E-05 9.99201E-05 9.99201E-05
9.99201E-05 0.999101 9.99201E-05 9.99201E-05 9.99201E-05 9.99201E-05 9.99201E-05 9.99201E-05 9.99201E-05 9.99201E-05
9.9973E-05 0.352291 0.0387007 9.9973E-05 9.9973E-05 0.0951072 0.00241602 0.460585 0.0327046 0.0178952
9.9955E-05 0.307451 0.144778 9.9955E-05 9.9955E-05 0.05299 9.9955E-05 0.448863 0.0454179 9.9955E-05
9.9973E-05 0.013602 0.453391 0.19113 0.073308 9.9973E-05 0.159802 0.0684378 9.9973E-05 0.0400292
9.9973E-05 0.0278468 0.520189 0.25126 0.0246605 0.0383137 9.9973E-05 0.111008 9.9973E-05 0.0264214
9.9946E-05 0.0378316 0.565593 0.38691 9.9946E-05 9.9946E-05 9.9946E-05 9.9946E-05 9.9946E-05 0.00906551
0.0111602 9.9964E-05 0.0986235 0.051283 0.560161 9.9964E-05 9.9964E-05 0.0292782 9.9964E-05 0.249094
0.0532433 0.0054334 0.282769 0.550799 9.9964E-05 9.9964E-05 0.0448848 9.9964E-05 0.0624709 9.9964E-05
9.9973E-05 0.0236689 0.46368 0.191662 0.196842 0.0395729 9.9973E-05 0.0788986 9.9973E-05 0.00537598
0.0139577 0.0156732 0.664253 0.234225 9.9973E-05 9.9973E-05 0.0453534 0.024606 0.00163132 9.9973E-05
9.9964E-05 0.00608732 0.454278 0.000587243 0.066005 9.9964E-05 0.408505 0.064138 9.9964E-05 9.9964E-05
0.0204098 9.9982E-05 0.553841 0.0407622 0.111224 0.00539991 0.196856 0.0687408 9.9982E-05 0.00256673
9.9955E-05 9.9955E-05 0.139203 0.608887 0.173438 9.9955E-05 9.9955E-05 0.0189591 9.9955E-05 0.0590128
9.9964E-05 0.00994831 0.561566 9.9964E-05 9.9964E-05 0.0527355 0.354755 0.000857225 0.0197388 9.9964E-05
0.0245665 9.9973E-05 0.604754 0.214457 9.9973E-05 0.0109283 0.0395308 0.0853584 9.9973E-05 0.0201048
9.9982E-05 0.0398185 0.582229 0.0710571 9.9982E-05 0.0455944 0.173645 0.0792063 0.00153743 0.00671269
0.0201951 9.9946E-05 0.352617 0.592497 9.9946E-05 9.9946E-05 9.9946E-05 9.9946E-05 0.0340912 9.9946E-05
9.9955E-05 0.0279321 0.605144 0.251211 0.0235435 9.9955E-05 9.9955E-05 0.0916693 9.9955E-05 9.9955E-05
0.0333997 0.0315198 0.482842 0.173485 0.0185957 0.0661229 0.0545144 0.0653138 0.0338879 0.0403186
0.0920937 9.9946E-05 9.9946E-05 0.700088 9.9946E-05 9.9946E-05 0.110988 9.9946E-05 0.0962309 9.9946E-05
0.0344422 9.9964E-05 0.0708762 0.0687754 0.495862 9.9964E-05 0.0641613 9.9964E-05 9.9964E-05 0.265483
0.137652 9.9982E-05 0.087682 0.132963 0.351643 0.0183647 0.135362 9.9982E-05 0.109287 0.0268462
0.0245687 0.00601178 0.549593 0.0240133 0.16834 0.0296001 0.0233547 0.0277209 0.0876198 0.0591781
0.0615656 9.9991E-05 0.562878 0.0296902 0.199624 0.00779144 0.0123328 0.0593811 0.0513152 0.0153214
0.0387112 0.0129414 0.602727 0.0400899 0.132505 9.9991E-05 0.0414695 0.0737899 0.0441242 0.0135423
9.9973E-05 0.0121853 0.130724 0.0840496 0.40409 9.9973E-05 0.0343681 0.116615 9.9973E-05 0.217667
9.9973E-05 0.0207355 0.493384 0.0268422 0.283978 9.9973E-05 0.0181534 9.9973E-05 0.0417521 0.114854
0.0525495 0.00382061 0.523529 0.124231 0.134049 0.0464807 9.9991E-05 0.0626789 0.0306599 0.0219015
0.0630907 0.0255148 0.307885 0.0389055 0.315382 0.0333862 0.0521772 0.0942698 9.9991E-05 0.0692884
9.9973E-05 9.9973E-05 0.0334623 0.0497647 0.507583 0.0221721 0.0797974 0.164283 9.9973E-05 0.142637
0.00754724 0.0203641 0.520741 0.100624 0.128869 0.0678546 9.9991E-05 0.041959 0.0433585 0.0685822
0.0286342 0.0210383 0.412473 0.0631675 0.285353 0.0497361 9.9991E-05 0.0254123 0.0348555 0.0792302
0.0260039 0.02426 9.9982E-05 0.0831762 0.549005 9.9982E-05 0.0840846 0.0442383 0.00670162 0.18233
0.0322319 9.9964E-05 0.360949 0.100589 0.401855 9.9964E-05 9.9964E-05 0.001555 9.9964E-05 0.10242
0.0998722 9.99742E-05 0.563016 0.0570941 0.119119 0.0171537 9.99742E-05 9.99742E-05 0.108655 0.0347902
0.00425466 0.00784285 0.572791 0.0201116 0.196758 9.9991E-05 0.0792262 0.0687717 0.0117721 0.0383718
0.015238 0.0461139 0.170485 0.0874558 0.509223 0.0169794 0.0495283 0.0423468 9.9991E-05 0.0625298
0.037095 0.0341445 0.460998 0.0445162 0.293287 0.00505393 9.9991E-05 0.0452478 0.00606343 0.0734941
0.0659742 0.0123403 0.524011 0.0417758 0.171887 0.00432178 9.9991E-05 0.0203624 0.0765784 0.0826489
0.0281166 0.0340716 0.1148 0.07852 0.563946 9.9973E-05 9.9973E-05 9.9973E-05 0.048933 0.131313
9.9946E-05 9.9946E-05 0.498295 0.455645 0.02968 9.9946E-05 9.9946E-05 0.0157803 9.9946E-05 9.9946E-05
9.9955E-05 0.026816 0.207217 0.677078 0.0601354 9.9955E-05 9.9955E-05 0.0282541 9.9955E-05 9.9955E-05
0.0184126 0.0244366 0.459155 0.26418 0.0255786 0.0752045 9.9991E-05 0.0816943 0.0049813 0.0462569
0.0280132 9.9964E-05 0.00965642 0.889557 9.9964E-05 0.00872891 0.015819 9.9964E-05 0.0478252 9.9964E-05
0.083971 9.9946E-05 9.9946E-05 0.86773 9.9946E-05 9.9946E-05 0.0399683 9.9946E-05 0.00773143 9.9946E-05
0.0390599 9.9937E-05 0.244739 0.715502 9.9937E-05 9.9937E-05 9.9937E-05 9.9937E-05 9.9937E-05 9.9937E-05
9.9964E-05 0.00647237 0.44287 0.433637 0.065094 9.9964E-05 9.9964E-05 0.0142111 9.9964E-05 0.0373152
0.0152147 9.9991E-05 0.541998 0.133781 0.0409774 0.0106785 0.0526099 0.0993607 0.0617368 0.0435432
0.00718574 0.015346 0.477612 0.478795 0.0103057 0.0103554 9.9964E-05 9.9964E-05 9.9964E-05 9.9964E-05
9.9955E-05 9.9955E-05 0.137336 0.583266 0.181295 9.9955E-05 9.9955E-05 0.0754093 9.9955E-05 0.0221938
9.9964E-05 9.9964E-05 0.243599 0.527991 0.148361 9.9964E-05 0.00727769 0.00475062 9.9964E-05 0.0676207
9.9982E-05 0.0271607 0.511802 0.230539 0.0686692 0.0552142 9.9982E-05 0.045589 0.0290508 0.0317748
9.9955E-05 0.0109705 0.322876 0.50636 0.148741 9.9955E-05 9.9955E-05 0.0105534 9.9955E-05 9.9955E-05
9.9964E-05 0.0196491 0.406297 0.439493 0.12359 9.9964E-05 9.9964E-05 0.00179139 9.9964E-05 0.00878007
0.018414 0.0022776 0.479888 0.466579 9.9955E-05 9.9955E-05 9.9955E-05 9.9955E-05 0.0323412 9.9955E-05
0.132689 9.9946E-05 9.9946E-05 0.697548 9.9946E-05 9.9946E-05 0.0668092 9.9946E-05 0.102354 9.9946E-05
0.0141398 0.0370557 0.604815 0.289046 9.9982E-05 0.00465323 9.9982E-05 0.0230552 0.00662351 0.0204121
9.9955E-05 0.0403556 0.08615 9.9955E-05 0.00773104 9.9955E-05 9.9955E-05 0.803468 9.9955E-05 0.0617959
9.9955E-05 0.0674057 0.0546314 9.9955E-05 9.9955E-05 0.00753604 9.9955E-05 0.843682 0.0262448 9.9955E-05
9.9955E-05 0.048014 0.0983669 9.9955E-05 9.9955E-05 0.0359236 9.9955E-05 0.786913 0.0302829 9.9955E-05
9.9955E-05 0.0250333 0.023035 9.9955E-05 9.9955E-05 0.0310102 9.9955E-05 0.883774 0.0366473 9.9955E-05
0.0118696 0.0315144 9.9955E-05 9.9955E-05 0.00287702 0.0549379 9.9955E-05 0.898301 9.9955E-05 9.9955E-05
0.012741 0.025706 0.0855561 9.9964E-05 9.9964E-05 0.0297569 9.9964E-05 0.83906 0.00677974 9.9964E-05
9.9937E-05 0.0158291 0.0885778 9.9937E-05 9.9937E-05 9.9937E-05 9.9937E-05 0.894894 9.9937E-05 9.9937E-05
0.0360524 0.0103078 0.516055 0.217009 0.057267 0.0536931 9.9991E-05 0.0560652 0.0108781 0.0425722
0.0153919 0.0294645 0.533535 0.12455 0.023147 0.0267789 0.0328429 0.0844523 0.0888281 0.0410095
0.0233853 9.9964E-05 0.012211 0.642005 0.18029 9.9964E-05 9.9964E-05 0.0428164 9.9964E-05 0.0988928
9.999E-05 0.0357588 0.585417 0.177411 0.0443184 0.00925634 0.0190292 0.0383237 0.0297623 0.0606236
9.9964E-05 0.0133219 0.36882 0.440539 0.0971094 9.9964E-05 9.9964E-05 0.0241726 9.9964E-05 0.0556376
9.9973E-05 0.0178723 0.517941 0.342118 0.0422799 9.9973E-05 0.00554189 0.0315708 9.9973E-05 0.0423762
0.07437 0.00155756 0.543523 0.26425 9.9964E-05 9.9964E-05 0.0491666 0.0667334 9.9964E-05 9.9964E-05
0.0239484 9.9955E-05 0.549494 0.367009 9.9955E-05 0.0200725 9.9955E-05 0.0389764 9.9955E-05 9.9955E-05
9.9946E-05 9.9946E-05 9.9946E-05 0.643456 0.239745 9.9946E-05 9.9946E-05 0.0319609 9.9946E-05 0.0842385
0.0334378 0.0101769 0.483192 0.196069 9.9982E-05 0.0199034 0.0824127 0.101556 9.9982E-05 0.0730526
0.00439171 9.9991E-05 0.600067 0.162041 0.0561981 0.0151446 0.0196328 0.0693803 0.028562 0.0444827
9.9991E-05 0.0103834 0.556021 0.115847 0.0690052 0.0468048 0.063885 0.039439 0.0811029 0.0174115
0.06623 0.0175721 0.241327 0.472498 0.0396647 0.00543458 0.12139 9.9982E-05 0.0356839 9.9982E-05
0.0473776 0.0185331 0.506243 0.411388 9.9955E-05 9.9955E-05 9.9955E-05 9.9955E-05 0.0159581 9.9955E-05
9.9955E-05 9.9955E-05 0.461836 0.360114 0.0939461 9.9955E-05 9.9955E-05 0.00140786 9.9955E-05 0.0821961
0.0582394 9.9955E-05 0.403689 0.510659 9.9955E-05 9.9955E-05 0.00778186 9.9955E-05 9.9955E-05 0.0191307
9.9964E-05 0.00676254 0.459489 0.332162 0.0954343 9.9964E-05 9.9964E-05 0.020689 9.9964E-05 0.0850637
9.9982E-05 9.9982E-05 0.50211 0.167682 0.0102244 0.0711596 0.0484176 0.0788648 0.0305419 0.0907998
0.176292 0.00548049 0.25187 9.9973E-05 0.219749 0.0043644 9.9973E-05 9.9973E-05 0.113982 0.227961
9.9973E-05 9.9973E-05 0.381455 0.0178365 0.252635 9.9973E-05 0.116423 0.0462447 0.00338909 0.181717
0.128815 0.0415742 0.533903 9.9991E-05 0.104542 0.00216129 0.0043546 0.114619 0.00704132 0.0628898
0.0306044 9.9993E-05 0.563139 0.0202693 0.0578965 0.0169728 0.0636741 0.0437031 0.0713518 0.132289
0.00271102 0.0334229 0.412508 0.0358633 0.233694 9.9991E-05 0.0448824 0.014769 0.0109476 0.211101
0.03348 9.9982E-05 0.543665 9.9982E-05 0.193506 0.0213549 0.0281819 0.0296823 0.0258695 0.12406
0.0158393 0.00395616 0.441899 9.9964E-05 0.247305 9.9964E-05 9.9964E-05 0.0308427 9.9964E-05 0.259757
0.0189336 0.0383298 0.56204 0.0464385 0.0540866 9.9982E-05 0.0666297 9.9982E-05 0.113429 0.0999138
0.0993509 9.9973E-05 0.634221 0.00583056 0.0248026 9.9973E-05 9.9973E-05 0.109215 0.0598146 0.0664657
0.00606656 0.000573992 0.560576 0.0113072 0.123242 9.9991E-05 0.0476814 0.0378988 0.0555889 0.156965
0.00979476 0.00732489 0.527052 0.0260716 0.165017 9.9991E-05 0.0615472 0.0234979 0.00377612 0.175818
0.107782 9.9973E-05 0.600178 9.9973E-05 0.119807 0.0339982 9.9973E-05 0.0621827 0.00139798 0.0743544
0.00975243 9.9982E-05 0.611461 9.9982E-05 0.0490149 0.0159863 0.0685474 0.0206809 0.0860988 0.138258
0.0845865 9.9982E-05 0.57956 0.0338591 0.0914408 0.0260562 0.00641073 9.9982E-05 0.0689386 0.108948
0.0946021 0.00783153 0.510743 0.0235283 0.0708884 0.0643168 0.00621326 0.0390437 0.0356323 0.147201
0.153346 0.00353815 0.562454 0.0161692 0.0199287 0.048223 0.0124283 9.9991E-05 0.0262869 0.157526
0.0684303 0.00717415 0.334901 0.0465385 0.11504 0.0418467 0.0557151 0.0173427 0.147647 0.165364
0.0391619 0.0269965 0.652561 0.0360451 9.9982E-05 0.00774708 9.9982E-05 0.0394702 0.0617434 0.136075
0.101313 0.0134758 0.673664 9.9982E-05 0.0336671 9.9982E-05 0.0481363 0.00834697 0.00318713 0.118009
0.0595844 9.9973E-05 0.159269 0.0194444 0.504084 9.9973E-05 9.9973E-05 0.000817167 0.0118204 0.244681
0.202476 9.9973E-05 0.0903899 0.0567848 0.341587 9.9973E-05 0.0671658 9.9973E-05 0.135565 0.105732
0.0610575 9.9973E-05 0.44188 9.9973E-05 0.26473 0.0167768 0.0740486 0.0455147 9.9973E-05 0.0956922
0.279468 9.9973E-05 0.0233746 0.0976369 0.227419 9.9973E-05 0.0673009 9.9973E-05 0.123128 0.181372
0.014298 0.0101985 0.24792 0.0071057 0.49017 9.9964E-05 9.9964E-05 9.9964E-05 9.9964E-05 0.229908
0.0222831 9.9955E-05 0.415348 0.0219193 0.346649 9.9955E-05 9.9955E-05 9.9955E-05 9.9955E-05 0.193301
9.9955E-05 0.0286431 0.2949 0.102667 0.331368 9.9955E-05 9.9955E-05 9.9955E-05 9.9955E-05 0.241922
0.0284427 9.9964E-05 0.291744 0.0273678 0.378144 9.9964E-05 0.0337209 9.9964E-05 9.9964E-05 0.240181
0.0570834 0.000958163 0.539954 0.0225658 0.153583 9.9991E-05 0.0646428 0.0632348 0.0048501 0.0930275
0.0585056 0.00580549 0.544203 0.0265417 0.112566 0.053475 0.0620175 0.0392158 0.0117615 0.0859085
9.9982E-05 9.9982E-05 0.586251 0.0313257 0.121162 0.0192153 0.0241102 0.0333973 0.0607383 0.1236
0.162404 9.9973E-05 0.140898 0.109095 0.228356 9.9973E-05 0.0806495 9.9973E-05 0.0969144 0.181383
9.9991E-05 0.0118059 0.505109 0.0823023 0.0331222 0.0409129 0.0907445 0.0818141 0.0545972 0.0994921
0.0909652 0.0235543 0.479706 0.0272812 0.0572872 0.0113505 0.132174 0.0245046 0.107263 0.0459143
0.159705 9.9964E-05 9.9964E-05 0.126088 0.00821701 9.9964E-05 0.34461 9.9964E-05 0.300296 0.0606844
0.00987444 0.0058141 0.618553 0.0544269 0.0645615 0.0186697 0.126167 0.0624462 0.0393868 9.9991E-05
0.0769426 0.0142589 0.233702 0.0830791 0.154216 0.0289904 0.249068 0.022241 0.137402 9.9991E-05
0.0867884 0.0513497 0.497522 9.9991E-05 0.0452863 0.0192607 0.124849 0.0320604 0.104042 0.0387404
0.096822 0.00568497 0.174597 0.0386969 0.115251 9.9982E-05 0.361712 9.9982E-05 0.130276 0.0767598
0.130214 0.00416927 0.029944 0.10436 0.0578191 9.9982E-05 0.377942 9.9982E-05 0.174613 0.120739
0.0852383 0.0143346 0.320472 0.100861 0.0940595 0.0163492 0.24019 0.0346385 0.0461654 0.0476911
0.0926653 9.9991E-05 0.389079 0.1029 0.0734846 0.0512565 0.137461 0.10259 0.0274144 0.0230499
0.0440683 0.000160273 0.407716 0.0360698 0.119725 0.0228066 0.0944199 0.130922 0.109916 0.0341953
0.151256 0.00617945 0.0305416 0.20787 0.226209 0.0304324 0.127637 9.9982E-05 0.219674 9.9982E-05
0.0753548 0.0263572 0.475985 0.0264951 0.142916 0.0319805 0.103537 0.0735804 0.0149464 0.0288482
0.13757 9.9964E-05 0.219636 0.12206 0.12951 9.9964E-05 0.327794 9.9964E-05 0.0630294 9.9964E-05
0.0997021 9.9973E-05 0.384222 0.133399 0.0275185 9.9973E-05 0.195659 9.9973E-05 0.120652 0.0385476
0.0456226 9.9991E-05 0.608421 0.0304465 0.0202615 0.0187658 0.0756511 0.120275 0.0388976 0.0415595
9.9973E-05 0.0208182 0.15581 9.9973E-05 0.00779259 0.193489 0.158404 0.281087 0.182299 9.9973E-05
9.9955E-05 0.0106352 9.9955E-05 9.9955E-05 9.9955E-05 0.102522 0.0903305 0.310437 0.485576 9.9955E-05
9.9946E-05 9.9946E-05 9.9946E-05 9.9946E-05 9.9946E-05 0.078145 0.101004 0.310932 0.509319 9.9946E-05
9.9982E-05 9.9982E-05 0.0743461 0.0153785 0.0109129 0.222522 0.140696 0.289714 0.235006 0.0112244
0.0550994 0.0105331 0.552826 0.0899218 0.0332732 9.9964E-05 0.257947 9.9964E-05 9.9964E-05 9.9964E-05
0.000716334 0.0272825 0.644727 0.018342 0.0468835 9.9991E-05 0.137555 0.0578789 0.0445594 0.0219553
9.9955E-05 0.00931143 0.323938 0.00271842 9.9955E-05 0.663062 9.9955E-05 9.9955E-05 9.9955E-05 0.000471057
9.9973E-05 9.9973E-05 0.36041 0.0246558 0.0700779 0.447438 0.00896148 0.0259444 9.9973E-05 0.0622125
0.0226546 0.00152597 0.348277 0.00994731 0.0848406 0.404111 0.0194622 0.0460694 9.9991E-05 0.0630113
0.228829 9.9973E-05 0.163091 0.0427389 0.0653801 0.039201 0.427286 9.9973E-05 0.0331741 9.9973E-05
0.0552892 0.0243835 0.457082 0.077289 0.01072 0.0536497 0.177399 0.00202269 0.0441367 0.0980276
0.184275 9.9964E-05 0.140271 0.000280834 0.169252 9.9964E-05 0.489814 9.9964E-05 0.0157066 9.9964E-05
0.0768436 9.9973E-05 0.521904 0.0063126 0.0749539 9.9973E-05 0.251945 0.0239871 0.0437534 9.9973E-05
0.1858 9.9973E-05 0.388461 9.9973E-05 0.0245791 0.0417495 0.312258 0.0376203 0.00923163 9.9973E-05
0.089469 0.0056881 0.505463 0.000104828 9.9973E-05 0.013799 0.345011 9.9973E-05 0.0401646 9.9973E-05
0.150887 9.9964E-05 0.108135 0.0409614 0.0961595 9.9964E-05 0.561218 9.9964E-05 0.042239 9.9964E-05
9.9973E-05 0.0339532 0.618344 0.0702309 9.9973E-05 0.00818657 0.245409 0.0018908 0.0216858 9.9973E-05
0.0641222 0.0334428 0.537568 0.00860496 0.0516348 0.0382819 0.158545 0.0357149 9.9991E-05 0.0719852
9.9946E-05 9.9946E-05 0.0201749 9.9946E-05 0.00693995 0.959962 9.9946E-05 9.9946E-05 9.9946E-05 0.0123239
0.0102869 9.9937E-05 9.9937E-05 9.9937E-05 0.0588955 0.930118 9.9937E-05 9.9937E-05 9.9937E-05 9.9937E-05
0.00384375 0.00282834 0.243266 0.0442912 0.0766085 0.539842 9.9982E-05 0.0497524 9.9982E-05 0.0393683
9.9937E-05 9.9937E-05 0.377734 9.9937E-05 9.9937E-05 0.610923 9.9937E-05 9.9937E-05 9.9937E-05 0.0106425
9.9955E-05 9.9955E-05 0.134027 0.0033875 0.0135119 0.808173 9.9955E-05 9.9955E-05 9.9955E-05 0.0404009
9.99201E-05 9.99201E-05 9.99201E-05 9.99201E-05 9.99201E-05 0.999101 9.99201E-05 9.99201E-05 9.99201E-05 9.99201E-05
9.9928E-05 9.9928E-05 9.9928E-05 9.9928E-05 9.9928E-05 0.96756 9.9928E-05 9.9928E-05 9.9928E-05 0.0316404
9.9937E-05 9.9937E-05 0.135802 9.9937E-05 0.0262102 0.837289 9.9937E-05 9.9937E-05 9.9937E-05 9.9937E-05
9.9937E-05 9.9937E-05 9.9937E-05 9.9937E-05 0.00561735 0.953993 9.9937E-05 9.9937E-05 9.9937E-05 0.0396905
9.99201E-05 9.99201E-05 9.99201E-05 9.99201E-05 9.99201E-05 0.999101 9.99201E-05 9.99201E-05 9.99201E-05 9.99201E-05
9.99201E-05 9.99201E-05 9.99201E-05 9.99201E-05 9.99201E-05 0.999101 9.99201E-05 9.99201E-05 9.99201E-05 9.99201E-05
9.9955E-05 9.9955E-05 0.222391 9.9955E-05 0.0201631 0.726174 9.9955E-05 0.0223346 9.9955E-05 0.00843744
9.9955E-05 9.9955E-05 0.133576 9.9955E-05 0.0447804 0.771726 9.9955E-05 0.0369686 9.9955E-05 0.0124501
9.99201E-05 9.99201E-05 9.99201E-05 9.99201E-05 9.99201E-05 0.999101 9.99201E-05 9.99201E-05 9.99201E-05 9.99201E-05
9.9991E-05 0.0302849 0.337595 0.0203956 0.0804399 0.37897 0.041603 0.0735292 0.0204226 0.0166595
9.9982E-05 0.0243327 0.251489 0.0190362 0.00540104 0.634675 0.00585971 0.0401867 9.9982E-05 0.0188197
9.9946E-05 9.9946E-05 0.121571 0.0334223 9.9946E-05 0.834508 9.9946E-05 9.9946E-05 9.9946E-05 0.00989912
9.9946E-05 9.9946E-05 0.0967993 0.00711712 9.9946E-05 0.890206 9.9946E-05 0.00527769 9.9946E-05 9.9946E-05
9.99201E-05 9.99201E-05 9.99201E-05 9.99201E-05 9.99201E-05 0.999101 9.99201E-05 9.99201E-05 9.99201E-05 9.99201E-05
9.9946E-05 9.9946E-05 0.0150535 9.9946E-05 9.9946E-05 0.967877 9.9946E-05 0.00714377 0.00932602 9.9946E-05
9.9928E-05 0.0156837 9.9928E-05 9.9928E-05 9.9928E-05 0.983517 9.9928E-05 9.9928E-05 9.9928E-05 9.9928E-05
0.00457877 0.013057 0.247423 0.0223345 0.0458511 0.629098 9.9982E-05 0.0192344 9.9982E-05 0.0182226
0.00723171 0.00797688 9.9946E-05 9.9946E-05 0.0334422 0.95075 9.9946E-05 9.9946E-05 9.9946E-05 9.9946E-05
0.0482802 9.9946E-05 9.9946E-05 9.9946E-05 9.9946E-05 9.9946E-05 0.539141 0.199415 0.212564 9.9946E-05
9.9973E-05 9.9973E-05 0.321703 9.9973E-05 0.0446127 0.0857365 0.315728 0.166982 0.0642903 0.000648567
0.0309041 0.0148955 0.421431 9.9982E-05 9.9982E-05 0.0131168 0.309606 0.139849 0.0640387 0.00595932
0.0177967 0.0128327 0.126526 9.9982E-05 9.9982E-05 0.110335 0.438774 0.0855771 0.154187 0.0537711
9.9991E-05 0.0335828 0.381985 0.0566411 0.122749 0.0999458 0.109879 0.0632879 0.0688855 0.0629442
0.0469178 0.0170033 0.0347871 9.9982E-05 0.0362469 0.100934 0.45888 0.150978 0.154052 9.9982E-05
0.00386072 0.0111151 0.425333 0.00735544 0.0689406 0.0540623 0.214165 0.120713 0.088938 0.00551648
9.9955E-05 9.9955E-05 0.256656 9.9955E-05 9.9955E-05 0.121565 0.370367 0.138792 0.11212 9.9955E-05
0.00793793 0.000884707 0.408488 9.9973E-05 9.9973E-05 0.12639 0.241903 0.126007 0.088089 9.9973E-05
9.9973E-05 0.0209275 0.330096 9.9973E-05 0.00561785 0.115008 0.338443 0.0960073 0.0935999 9.9973E-05
0.0665619 9.9982E-05 0.378198 0.0331775 0.0535521 0.109234 0.134875 0.198833 0.0253689 9.9982E-05
0.00768562 0.0221603 0.0331469 9.9964E-05 9.9964E-05 9.9964E-05 0.0410205 0.884685 9.9964E-05 0.0109023
0.0166506 0.0294857 9.9964E-05 0.00211857 9.9964E-05 0.0718179 0.0206364 0.858891 9.9964E-05 9.9964E-05
9.9955E-05 0.030218 0.0134957 9.9955E-05 9.9955E-05 9.9955E-05 9.9955E-05 0.909519 0.0271514 0.0191159
9.9946E-05 0.00338224 9.9946E-05 9.9946E-05 0.0217679 9.9946E-05 9.9946E-05 0.95238 0.0218704 9.9946E-05
9.9973E-05 0.0475879 0.0464549 9.9973E-05 0.0329541 9.9973E-05 0.00142657 0.860658 0.00961726 0.00100134
9.9937E-05 0.0323758 9.9937E-05 9.9937E-05 9.9937E-05 9.9937E-05 9.9937E-05 0.934581 0.0323434 9.9937E-05
9.9955E-05 0.0459839 0.0395294 9.9955E-05 9.9955E-05 0.0254375 9.9955E-05 0.874583 9.9955E-05 0.0139663
0.0139527 0.0328562 0.00203594 9.9964E-05 9.9964E-05 9.9964E-05 9.9964E-05 0.909687 0.00358494 0.0374834
9.9982E-05 0.0132204 0.00395485 0.0204924 0.00957146 0.0466055 0.0117561 0.877197 0.0170026 9.9982E-05
9.9964E-05 0.0155247 0.0394877 9.9964E-05 9.9964E-05 9.9964E-05 0.00072906 0.84018 0.0922434 0.0114349
9.9973E-05 0.000734373 9.9973E-05 0.0518825 0.0708697 9.9973E-05 0.0808312 0.582651 0.014715 0.198016
0.00423581 0.0224722 9.9982E-05 0.0182149 0.0851307 9.9982E-05 0.0302983 0.578561 0.0170239 0.243863
9.9973E-05 0.00689719 9.9973E-05 0.0276294 0.159233 9.9973E-05 0.0473557 0.502666 0.0386645 0.217254
9.9946E-05 9.9946E-05 9.9946E-05 9.9946E-05 0.188421 9.9946E-05 0.117928 0.436223 9.9946E-05 0.256829
9.9982E-05 0.0346205 0.447766 0.244109 0.135226 0.00345694 0.0345133 0.0670691 9.9982E-05 0.0330382
0.0311517 0.00736371 0.493656 0.285983 0.0765472 0.00777081 9.9982E-05 0.0465412 9.9982E-05 0.0507865
0.00770504 0.0109706 0.524043 0.179132 0.119871 0.0201188 9.9973E-05 9.9973E-05 9.9973E-05 0.137859
9.9955E-05 0.0328826 0.362788 0.241441 0.206419 9.9955E-05 9.9955E-05 9.9955E-05 9.9955E-05 0.15597
0.0503785 9.9964E-05 0.16306 0.00655561 0.466308 9.9964E-05 0.0352301 9.9964E-05 9.9964E-05 0.278068
0.0666009 9.9964E-05 0.662534 0.131002 0.0458603 9.9964E-05 9.9964E-05 0.04891 9.9964E-05 0.0446936
0.000695197 9.9955E-05 0.629442 0.22555 0.0300971 9.9955E-05 9.9955E-05 9.9955E-05 9.9955E-05 0.113716
0.085461 0.00349078 0.516865 0.26652 0.054838 9.9973E-05 0.0416982 9.9973E-05 0.0308278 9.9973E-05
0.0526468 9.9946E-05 0.371271 0.539417 9.9946E-05 0.036066 9.9946E-05 9.9946E-05 9.9946E-05 9.9946E-05
0.0638325 0.0464854 0.570284 0.140603 9.9973E-05 9.9973E-05 9.9973E-05 0.049316 0.0643479 0.0648318
9.9973E-05 0.00251488 0.420694 0.428195 0.0988554 9.9973E-05 0.00104576 0.0297364 9.9973E-05 0.0186588
0.148855 9.9955E-05 9.9955E-05 0.817627 9.9955E-05 9.9955E-05 0.0124457 9.9955E-05 0.000531271 0.0200412
0.0268974 0.0522923 0.554643 0.0942286 0.144945 9.9991E-05 0.0184048 0.0316749 0.0177535 0.0590597
0.0632478 9.9955E-05 0.167283 0.637707 9.9955E-05 9.9955E-05 0.0981251 9.9955E-05 0.033137 9.9955E-05
0.0541624 0.0111238 0.527142 0.330387 9.9982E-05 0.0150577 0.0195176 9.9982E-05 0.0124242 0.0299859
9.9955E-05 9.9955E-05 0.133068 0.623988 0.165775 9.9955E-05 9.9955E-05 0.015527 9.9955E-05 0.0611429
9.9946E-05 9.9946E-05 0.0106201 9.9946E-05 9.9946E-05 9.9946E-05 0.101598 0.083929 9.9946E-05 0.803253
9.9946E-05 9.9946E-05 0.0530384 9.9946E-05 9.9946E-05 9.9946E-05 0.136387 0.0457142 9.9946E-05 0.76426
9.9964E-05 0.00920249 0.0282187 0.0103031 9.9964E-05 9.9964E-05 0.130071 0.0397763 9.9964E-05 0.782029
9.9937E-05 9.9937E-05 9.9937E-05 9.9937E-05 9.9937E-05 9.9937E-05 0.148351 0.0701756 9.9937E-05 0.780774
9.9937E-05 9.9937E-05 0.0918923 9.9937E-05 9.9937E-05 9.9937E-05 0.0855021 9.9937E-05 9.9937E-05 0.821906
9.9946E-05 9.9946E-05 0.0625726 9.9946E-05 9.9946E-05 0.0563415 0.12972 9.9946E-05 9.9946E-05 0.750766
9.9964E-05 9.9964E-05 0.0340576 0.0451617 0.00252996 0.0597485 9.9964E-05 0.851577 9.9964E-05 0.00652579
9.9955E-05 9.9955E-05 0.10025 9.9955E-05 9.9955E-05 0.0254686 9.9955E-05 0.784027 0.0455336 0.0442205
0.023877 0.0180177 0.111232 9.9982E-05 0.00259175 0.0623642 9.9982E-05 0.738513 0.0308974 0.0123067
9.9955E-05 9.9955E-05 0.00315621 0.0500749 0.0233571 0.0816171 9.9955E-05 0.841295 9.9955E-05 9.9955E-05
9.9964E-05 9.9964E-05 0.121294 9.9964E-05 0.00698345 0.0463662 0.0205543 0.777757 0.0266456 9.9964E-05
9.9955E-05 9.9955E-05 9.9955E-05 9.9955E-05 0.0138404 9.9955E-05 0.0846193 0.359649 0.0169081 0.524483
0.0204227 0.0128758 9.9973E-05 9.9973E-05 0.00785754 0.00474381 0.0603881 0.404334 9.9973E-05 0.489078
0.0272147 0.0255834 0.0177577 9.9982E-05 0.0208544 0.027146 9.9982E-05 0.370027 0.0277716 0.483445
9.9928E-05 0.998641 9.9928E-05 9.9928E-05 9.9928E-05 9.9928E-05 9.9928E-05 9.9928E-05 9.9928E-05 0.000559713
0.032972 0.0285059 9.9973E-05 0.0207021 0.0526564 9.9973E-05 0.0531099 0.358266 9.9973E-05 0.453488
9.9964E-05 0.00539269 0.336089 9.9964E-05 9.9964E-05 0.220261 0.0116878 0.216587 0.209583 9.9964E-05
9.9973E-05 9.9973E-05 0.508041 9.9973E-05 0.0517842 0.170709 0.0469403 0.14953 0.0499529 0.0227429
9.9946E-05 9.9946E-05 0.551389 9.9946E-05 9.9946E-05 0.198413 9.9946E-05 0.214453 0.0351452 9.9946E-05
9.9964E-05 9.9964E-05 0.339959 0.0214154 9.9964E-05 0.204422 0.0848149 0.268487 0.0805013 9.9964E-05
0.0603718 0.0459588 0.485573 9.9991E-05 0.0608916 0.118092 0.0661519 0.0833458 0.069994 0.00952135
0.00861038 0.00706845 9.9964E-05 9.9964E-05 9.9964E-05 0.256995 0.0871124 0.318298 0.321517 9.9964E-05
0.05241 9.9964E-05 0.411687 0.0139516 0.228986 9.9964E-05 0.0669041 9.9964E-05 9.9964E-05 0.225661
0.171414 9.9973E-05 0.425768 0.0648124 0.116516 9.9973E-05 0.0646273 9.9973E-05 0.0641691 0.0923923
0.0323763 9.9964E-05 0.196711 0.0493714 0.464102 9.9964E-05 0.0353765 9.9964E-05 9.9964E-05 0.221663
0.185918 9.9973E-05 0.488984 0.0393977 0.0987177 9.9973E-05 0.0428227 9.9973E-05 0.033479 0.110381
0.355497 9.9964E-05 9.9964E-05 0.0991506 0.187007 9.9964E-05 0.106535 9.9964E-05 0.101934 0.149477
9.9991E-05 0.0124849 0.541863 0.042392 0.117595 0.024111 0.0967702 0.0204435 0.0982928 0.0459472
0.117403 0.00147212 0.534933 0.0218481 0.10503 9.9991E-05 0.0590638 0.0075983 0.0334447 0.119107
0.0145548 0.0053819 0.293888 0.0198133 0.38193 9.9991E-05 0.0466496 0.0132578 0.0187331 0.205691
0.0361891 0.0106906 0.472069 0.00773596 0.199578 0.0532188 0.0844637 0.0377183 0.0174408 0.0808957
0.169274 9.9973E-05 0.0143597 0.122472 0.407894 9.9973E-05 0.155729 9.9973E-05 0.0627839 0.0671868
0.131787 0.00529089 0.532699 0.0305252 0.158478 9.9991E-05 0.0269825 0.0059389 0.0324841 0.075714
0.0147646 9.9973E-05 0.481823 0.0406718 0.17316 9.9973E-05 0.0575144 9.9973E-05 0.0175164 0.21425
0.0605216 9.9991E-05 0.416849 0.0851085 0.110282 0.094995 0.0135797 0.0457822 0.13664 0.0361415
0.1352 9.9973E-05 0.286141 0.152636 0.237015 9.9973E-05 0.0101957 9.9973E-05 0.116089 0.0624219
0.118418 9.9973E-05 0.398758 0.0762036 0.145432 9.9973E-05 0.0731072 9.9973E-05 0.0980404 0.0897417
0.15715 9.9973E-05 0.557753 0.0217354 0.0940762 0.0107218 9.9973E-05 9.9973E-05 0.046563 0.111701
0.10688 9.9973E-05 0.50612 0.103127 0.120882 9.9973E-05 0.0445592 9.9973E-05 0.00604851 0.112082
0.0648422 0.0140282 0.615041 0.00959647 9.9982E-05 0.0266109 0.0615345 9.9982E-05 0.0598516 0.148295
0.0237855 0.0168248 0.525974 0.135191 0.110141 0.00323326 0.00746121 0.076096 0.032385 0.0689086
0.0211844 9.9991E-05 0.51657 0.0588417 0.153855 0.0138019 0.0135403 0.0798714 0.0471602 0.0950751
9.9946E-05 0.00160234 0.115451 9.9946E-05 9.9946E-05 0.030303 9.9946E-05 0.852044 9.9946E-05 9.9946E-05
9.9937E-05 0.00711351 0.114003 9.9937E-05 9.9937E-05 9.9937E-05 9.9937E-05 0.878184 9.9937E-05 9.9937E-05
9.9964E-05 0.0263391 0.0625891 9.9964E-05 9.9964E-05 9.9964E-05 0.0198947 0.8308 0.0217098 0.0382673
9.9964E-05 0.0148185 0.0264795 0.00176717 9.9964E-05 0.0623388 9.9964E-05 0.885087 9.9964E-05 0.00910864
9.9937E-05 0.0112414 0.10732 9.9937E-05 9.9937E-05 9.9937E-05 9.9937E-05 0.880739 9.9937E-05 9.9937E-05
0.0195473 0.005785 0.0246638 0.0489721 0.609876 0.0106076 9.9991E-05 0.00472014 0.0685386 0.207189
0.0747518 9.9982E-05 0.541302 0.0107787 0.133795 9.9982E-05 0.0622828 0.0186383 0.0882332 0.070019
0.00724161 0.00141269 0.376023 0.0560003 9.9991E-05 0.237197 0.119075 0.179468 0.0208985 0.00258325
0.014759 0.00222762 0.640208 0.0584955 0.130552 0.0196735 0.010895 9.9991E-05 0.0167053 0.106384
9.9955E-05 9.9955E-05 0.444951 0.0541047 0.361212 9.9955E-05 9.9955E-05 9.9955E-05 0.0376667 0.101566
0.162087 9.9973E-05 0.225348 0.035238 0.249288 9.9973E-05 0.032992 9.9973E-05 0.125513 0.169233
9.9964E-05 0.0146091 9.9964E-05 0.0322076 0.518277 9.9964E-05 9.9964E-05 0.0108825 0.073749 0.349875
9.9982E-05 0.033052 0.448602 0.0408933 0.187613 9.9982E-05 0.0544 0.0198257 0.0300125 0.185402
9.9973E-05 0.00681426 0.114543 9.9973E-05 0.461501 0.0734544 0.0416779 0.0259606 9.9973E-05 0.275749
0.0635945 0.0264814 0.434069 0.106358 0.117738 0.0075893 0.0301067 0.00150644 0.0925096 0.120047
0.0747848 9.9964E-05 0.0947448 9.9964E-05 0.478735 9.9964E-05 9.9964E-05 0.0400093 0.0440541 0.267272
0.0349933 0.0111669 0.495806 9.9982E-05 0.112876 0.0776218 0.0290359 0.049716 9.9982E-05 0.188584
0.0175801 0.0284904 0.0684824 0.0790124 0.532571 9.9982E-05 9.9982E-05 0.044343 0.0293723 0.199948
0.132934 9.9982E-05 0.15522 0.0641956 0.335874 0.102405 0.0614594 9.9982E-05 0.0526049 0.0951071
0.0880288 0.0113655 0.450011 0.00621673 0.112724 9.9991E-05 0.195752 0.0470874 0.0238792 0.0648347
0.134063 9.9973E-05 0.207222 0.0317546 0.107773 9.9973E-05 0.467979 9.9973E-05 0.0388845 0.0120235
0.0702909 0.004011 0.513197 0.0127958 9.9982E-05 0.0254119 0.329378 9.9982E-05 0.0283558 0.0163597
0.0885178 0.0478578 0.507641 0.0020746 0.0393301 9.9982E-05 0.200198 0.0868322 9.9982E-05 0.0273479
0.0702197 9.9964E-05 0.142272 0.090272 0.0829436 9.9964E-05 0.567458 9.9964E-05 0.046435 9.9964E-05
0.103234 0.0306963 0.508523 0.0511578 0.0728926 0.0211819 0.102497 0.077377 0.0188222 0.0136186
0.0682455 9.9982E-05 0.48127 0.024018 0.00520538 9.9982E-05 0.258391 0.0425235 0.0633241 0.0568228
0.184186 9.9973E-05 0.0389871 0.132338 0.0328952 9.9973E-05 0.556612 9.9973E-05 0.0453594 0.00932296
0.113624 0.00275948 0.0895823 0.043395 0.00821872 9.9982E-05 0.692396 9.9982E-05 0.0302853 0.0195383
0.0129618 9.9973E-05 0.424098 0.0411659 0.0375556 9.9973E-05 0.425406 9.9973E-05 0.0210331 0.0374802
0.138999 9.9955E-05 9.9955E-05 0.182112 9.9955E-05 9.9955E-05 0.620091 9.9955E-05 0.00605444 0.0522439
0.00926131 9.9973E-05 0.362546 0.0439445 0.105972 9.9973E-05 0.40406 9.9973E-05 0.0082195 0.0656972
9.9955E-05 0.00531629 0.0843637 0.0436973 0.594878 9.9955E-05 9.9955E-05 9.9955E-05 9.9955E-05 0.271245
0.225884 9.9973E-05 0.175933 0.0389919 0.31829 0.0155227 9.9973E-05 9.9973E-05 0.102665 0.122414
9.9973E-05 0.00763407 0.326296 0.0428217 0.325394 0.0416561 9.9973E-05 0.0430792 9.9973E-05 0.21282
9.9982E-05 0.00272354 0.557184 0.0349364 0.158245 0.0328501 9.9982E-05 0.00693923 0.0827684 0.124154
9.9955E-05 9.9955E-05 0.172819 0.0777655 0.471479 0.0051958 9.9955E-05 9.9955E-05 9.9955E-05 0.272241
0.0412847 0.0122111 0.519844 0.0869535 0.117418 0.0142834 0.00561256 0.00688604 0.0888 0.106706
0.0605825 0.0235784 0.557789 9.9982E-05 0.167089 0.0150856 9.9982E-05 0.0238543 0.0224414 0.129379
0.0869081 0.0307219 0.490842 0.0778758 0.141454 0.00947347 9.9982E-05 9.9982E-05 0.0502638 0.112261
0.0657636 9.9982E-05 0.479396 0.0810449 0.18253 0.0385599 9.9982E-05 0.02119 0.0105967 0.120719
0.0356448 0.0055275 0.429861 9.9982E-05 0.276847 0.0136467 9.9982E-05 0.00171645 0.00817012 0.228386
0.00098662 0.0232999 0.202141 0.114868 0.393646 9.9973E-05 9.9973E-05 9.9973E-05 0.0275042 0.237254
0.0137784 9.9973E-05 0.41508 0.0163528 0.302017 0.00756584 9.9973E-05 9.9973E-05 0.00697205 0.237934
0.0761199 9.9964E-05 0.558907 0.0290621 0.114175 9.9964E-05 9.9964E-05 9.9964E-05 0.0991118 0.122224
0.0245661 0.00554883 0.565559 0.0256306 0.106737 0.0167663 0.0228884 0.0269533 0.105524 0.0998264
0.0740319 0.00837805 0.324193 0.0899825 0.18176 0.0463894 9.9991E-05 0.0199281 0.125796 0.129442
0.0887387 9.9973E-05 0.444701 0.0905544 0.117302 0.084481 9.9973E-05 9.9973E-05 0.0449637 0.12896
0.0159127 0.00848294 0.295601 0.0503422 0.352929 0.0423792 9.9973E-05 9.9973E-05 9.9973E-05 0.234053
0.0542777 9.9982E-05 0.514182 0.0263903 0.248171 0.017252 9.9982E-05 0.00787131 0.041498 0.0901584
9.9964E-05 9.9964E-05 0.404889 0.0824528 0.310956 0.0622147 9.9964E-05 0.0163796 9.9964E-05 0.122708
0.110977 0.0132131 0.489477 0.0405912 0.10911 0.0424254 9.9991E-05 0.107112 0.0125189 0.0744755
9.9973E-05 9.9973E-05 0.413367 0.00749773 0.0972122 0.10227 0.0240141 0.321177 0.0341626 9.9973E-05
9.9955E-05 9.9955E-05 0.569883 9.9955E-05 0.0927666 0.096072 9.9955E-05 0.106343 0.134436 9.9955E-05
0.0473783 0.0123274 0.462759 0.0132384 0.104349 0.0947908 0.0249922 0.142062 0.070629 0.0274736
0.069414 0.0166478 0.52515 0.0197616 0.0289416 0.123216 0.0516579 0.0738815 0.0726969 0.0186333
0.0063053 0.001902 0.483263 0.0245567 9.9982E-05 0.153597 0.0715461 0.128107 0.130522 9.9982E-05
0.187676 9.9973E-05 0.469415 0.0441 0.132646 9.9973E-05 0.0458999 9.9973E-05 0.0292933 0.0906701
9.9982E-05 0.000567195 0.518595 0.0545901 0.0397213 0.0994782 9.9982E-05 0.120627 0.0918298 0.0743918
0.0811307 9.9991E-05 0.0286967 0.0954278 0.135756 0.118657 0.0953033 0.146334 0.296708 0.00188703
0.0146862 0.00150089 0.589356 9.9991E-05 0.0809796 0.0594625 0.03164 0.109991 0.0760187 0.0362652
9.9982E-05 0.0268198 0.57263 0.0458835 0.0500322 0.107302 9.9982E-05 0.0784538 0.11385 0.00482849
0.0250854 0.0151912 0.520056 0.0966372 0.0559036 0.125985 9.9991E-05 0.066225 0.0729867 0.0218293
0.105876 0.0283743 0.305989 0.0212385 0.124142 0.0630084 0.0164831 0.101172 0.233617 9.9991E-05
0.014462 9.9982E-05 0.509284 0.00455755 0.077161 0.132099 0.0499284 0.154505 0.0578023 9.9982E-05
0.0484079 9.9973E-05 0.546727 9.9973E-05 0.00916421 0.129447 9.9973E-05 0.0832237 0.131095 0.0516353
0.00118045 9.9964E-05 9.9964E-05 0.00966424 9.9964E-05 0.0750449 0.0383306 0.332143 0.543237 9.9964E-05
9.9973E-05 0.0252899 0.49481 9.9973E-05 0.0194683 0.158894 9.9973E-05 0.148817 0.0653073 0.0871127
0.00171539 0.0138974 0.570064 9.9982E-05 9.9982E-05 0.125331 0.0297623 0.148892 0.0958505 0.0142875
0.0576864 0.0359446 0.559636 9.9991E-05 0.108336 0.0770368 0.0300083 0.0766728 0.0373526 0.0172266
0.0144917 0.0373367 0.513434 9.9964E-05 9.9964E-05 0.177243 9.9964E-05 0.122619 0.134475 9.9964E-05
9.9982E-05 0.0284171 0.462172 0.048582 0.0949731 0.133496 0.061039 0.152691 0.0184294 9.9982E-05
0.446097 0.0136694 0.388761 0.0669112 0.01015 0.0288524 9.9982E-05 0.0358434 9.9982E-05 0.00951552
0.241987 0.00573578 0.43431 0.0882073 0.103054 0.0251327 0.031405 0.0582968 9.9991E-05 0.0117711
0.954404 9.9937E-05 9.9937E-05 0.0236612 9.9937E-05 9.9937E-05 9.9937E-05 9.9937E-05 9.9937E-05 0.0212352
0.941441 9.9937E-05 9.9937E-05 9.9937E-05 0.0481376 9.9937E-05 0.00972229 9.9937E-05 9.9937E-05 9.9937E-05
0.343875 0.0406614 0.437088 9.9982E-05 0.0433697 0.00235709 0.0700662 0.0532111 0.00917181 9.9982E-05
0.0929918 9.9964E-05 0.342632 9.9964E-05 9.9964E-05 0.265869 0.065142 0.0959103 0.137055 9.9964E-05
0.20127 0.00464385 0.358576 9.9964E-05 9.9964E-05 0.205277 9.9964E-05 0.155671 0.0741625 9.9964E-05
0.272411 9.9955E-05 0.209046 9.9955E-05 9.9955E-05 0.236751 9.9955E-05 0.109856 0.171436 9.9955E-05
0.160792 0.0228026 0.361124 9.9964E-05 9.9964E-05 0.221839 9.9964E-05 0.0396491 0.193393 9.9964E-05
0.681799 0.00822058 0.0797637 9.9973E-05 9.9973E-05 0.0249409 0.00809585 0.0552932 0.141587 9.9973E-05
0.63634 0.0308996 0.144673 9.9964E-05 9.9964E-05 0.0288467 9.9964E-05 0.0316859 0.127155 9.9964E-05
0.333205 9.9955E-05 0.569375 9.9955E-05 9.9955E-05 0.0360305 0.029328 0.0315626 9.9955E-05 9.9955E-05
0.465556 9.9946E-05 0.368709 9.9946E-05 9.9946E-05 0.109598 9.9946E-05 0.0555382 9.9946E-05 9.9946E-05
0.70749 0.000883268 0.193292 9.9964E-05 9.9964E-05 0.0397386 9.9964E-05 0.0475345 0.0106622 9.9964E-05
0.296668 0.0194671 0.538062 9.9982E-05 0.0390211 0.0269683 9.9982E-05 0.0563129 0.0118385 0.0114623
0.318598 0.0038764 0.522742 9.9973E-05 9.9973E-05 0.0561078 0.00892372 0.0792351 0.0102171 9.9973E-05
0.242077 9.9973E-05 0.546964 0.000762562 0.0292729 0.038878 9.9973E-05 0.0950074 9.9973E-05 0.0467385
0.629114 9.9955E-05 0.336435 0.00554753 9.9955E-05 9.9955E-05 9.9955E-05 0.00154825 9.9955E-05 0.0268554
0.506504 9.9973E-05 0.385882 0.0114259 0.041723 9.9973E-05 0.0281275 9.9973E-05 0.0137475 0.0122907
0.279584 0.0263667 0.51501 0.0585651 9.9973E-05 9.9973E-05 0.0272827 0.0369209 9.9973E-05 0.0559709
0.360057 0.0109992 0.436354 9.9973E-05 9.9973E-05 0.0183342 0.0721783 0.0147282 9.9973E-05 0.0870494
0.255021 0.0033818 0.438033 0.0286529 0.0663359 0.0810845 0.0239566 0.0819393 9.9991E-05 0.0214951
0.456421 0.0151583 0.3825 0.0550567 0.0600354 9.9964E-05 0.0304281 9.9964E-05 9.9964E-05 9.9964E-05
0.784438 9.9946E-05 0.175636 0.0248386 9.9946E-05 9.9946E-05 9.9946E-05 9.9946E-05 9.9946E-05 0.0144875
0.364421 9.9946E-05 0.627748 9.9946E-05 9.9946E-05 9.9946E-05 0.000855185 9.9946E-05 9.9946E-05 0.00637586
0.795003 9.9955E-05 0.15525 0.00392953 0.00969781 9.9955E-05 9.9955E-05 9.9955E-05 9.9955E-05 0.03562
0.504508 9.9946E-05 0.43453 0.0180001 9.9946E-05 9.9946E-05 9.9946E-05 0.0423624 9.9946E-05 9.9946E-05
0.308736 0.0279101 0.516581 9.9964E-05 0.0361908 9.9964E-05 9.9964E-05 0.0551299 9.9964E-05 0.0550524
0.377822 0.0206765 0.446077 9.9982E-05 0.0549498 0.0400473 0.0031889 0.00466301 9.9982E-05 0.0523755
0.0804384 0.0172994 0.462438 0.0382298 0.0687251 0.108858 0.0600793 0.163732 9.9982E-05 9.9982E-05
0.10149 0.0420828 0.416532 0.0374942 9.9991E-05 0.0964771 0.104165 0.112574 0.0335293 0.0555557
0.0740629 0.0332109 0.313631 9.9973E-05 9.9973E-05 0.218863 0.122483 0.142201 0.0952493 9.9973E-05
0.0382333 0.0254354 0.283593 9.9991E-05 0.0340697 0.247694 0.131005 0.133645 0.100962 0.00526323
0.0561944 0.00459512 0.489574 0.0149233 0.00356205 0.136124 0.0528131 0.141236 0.0753733 0.0256046
0.156639 0.0449793 0.421079 9.9982E-05 9.9982E-05 0.114013 0.0452323 0.117299 0.0715008 0.0290578
0.675574 0.0240031 9.9955E-05 9.9955E-05 9.9955E-05 0.0980876 9.9955E-05 0.138056 0.0637798 9.9955E-05
0.13979 0.0167327 0.52638 9.9973E-05 9.9973E-05 0.177712 0.0610218 0.0720259 0.00603749 9.9973E-05
0.410922 9.9946E-05 9.9946E-05 9.9946E-05 9.9946E-05 0.0653272 9.9946E-05 0.274754 0.248397 9.9946E-05
0.305817 0.0089787 0.492404 9.9955E-05 9.9955E-05 0.132842 9.9955E-05 0.0594585 9.9955E-05 9.9955E-05
0.902488 9.9928E-05 0.0967127 9.9928E-05 9.9928E-05 9.9928E-05 9.9928E-05 9.9928E-05 9.9928E-05 9.9928E-05
0.923036 9.9928E-05 9.9928E-05 0.0761643 9.9928E-05 9.9928E-05 9.9928E-05 9.9928E-05 9.9928E-05 9.9928E-05
