0.0388593 9.9955E-05 9.9955E-05 9.9955E-05 9.9955E-05 0.0306665 0.094285 0.835689 9.9955E-05
0.0329437 9.9964E-05 9.9964E-05 0.0116045 9.9964E-05 0.0157528 9.9964E-05 0.882776 0.056523
0.0520667 9.9964E-05 9.9964E-05 9.9964E-05 0.055783 0.0435619 0.108143 0.740045 9.9964E-05
0.0531331 9.9964E-05 0.101962 9.9964E-05 9.9964E-05 0.104225 0.0569663 0.683314 9.9964E-05
9.9946E-05 9.9946E-05 0.0516028 9.9946E-05 0.0964334 9.9946E-05 9.9946E-05 0.851364 9.9946E-05
0.0263056 0.184657 0.0449229 9.9973E-05 0.149629 0.0292568 9.9973E-05 0.564928 9.9973E-05
0.0397764 0.119496 0.0203089 9.9973E-05 0.0386379 0.0123503 9.9973E-05 0.76913 9.9973E-05
0.0364995 0.101277 0.0434846 9.9982E-05 0.0307724 0.101338 9.9982E-05 0.669368 0.0170606
0.0191641 0.0586705 9.99639E-05 0.063309 9.99639E-05 0.0829794 9.99639E-05 0.775477 9.99639E-05
0.0375379 0.104023 0.0531175 9.9973E-05 0.130195 0.00213201 9.9973E-05 0.672695 9.9973E-05
9.9955E-05 0.091877 9.9955E-05 9.9955E-05 0.0405618 0.102069 9.9955E-05 0.764992 9.9955E-05
9.9964E-05 9.9964E-05 0.101501 0.229299 0.161623 0.415159 0.0920173 9.9964E-05 9.9964E-05
0.0112813 9.9973E-05 9.9973E-05 0.0240521 0.419663 0.257519 0.261421 9.9973E-05 0.025763
0.0291929 9.9982E-05 9.9982E-05 0.109496 0.16223 0.371951 0.253696 0.00632084 0.0669123
9.9964E-05 9.9964E-05 9.9964E-05 0.0867487 0.094517 0.344851 0.439835 9.9964E-05 0.0336487
9.9982E-05 0.0917557 0.052934 9.9982E-05 0.363721 0.210245 0.174806 0.0756693 0.030669
0.0383496 0.0674221 0.0669766 0.0835361 0.505956 0.0873375 0.141409 0.00891254 9.9991E-05
0.0173978 0.0199053 0.0363828 0.220454 0.33773 0.202779 0.165151 9.9982E-05 9.9982E-05
9.9964E-05 9.9964E-05 9.9964E-05 0.18394 0.0371257 0.330018 0.444676 0.00384036 9.9964E-05
0.0214795 0.130745 0.0852624 0.104413 9.9982E-05 0.594536 9.9982E-05 0.0276446 0.0357202
0.0367741 0.0369774 0.084739 0.180961 0.301703 0.181317 0.156783 9.9991E-05 0.0206445
0.0568901 0.0752101 0.0593676 0.219279 0.369359 0.100466 0.119229 9.9982E-05 9.9982E-05
9.9964E-05 9.9964E-05 9.9964E-05 0.176451 0.509268 0.119 0.106992 9.9964E-05 0.0878894
0.00141652 0.0338988 0.0806292 0.244026 0.164488 0.289181 0.18616 9.9982E-05 9.9982E-05
9.9964E-05 9.9964E-05 9.9964E-05 0.13211 0.409174 0.0476005 0.322551 0.0881651 9.9964E-05
0.030363 0.00650459 0.0293058 0.0636356 0.489355 0.183478 0.197157 9.9982E-05 9.9982E-05
0.00364483 0.00935778 9.9982E-05 0.19365 0.0180929 0.419913 0.319539 9.9982E-05 0.0356034
9.9973E-05 0.0762522 0.0716157 0.144709 0.0990415 0.357291 0.250791 9.9973E-05 9.9973E-05
9.999E-05 0.0992845 0.0122824 0.202275 0.182216 0.34877 0.104523 0.0117482 0.0388004
0.999201 9.993E-05 9.993E-05 9.993E-05 9.993E-05 9.993E-05 9.993E-05 9.993E-05 9.993E-05
0.999201 9.993E-05 9.993E-05 9.993E-05 9.993E-05 9.993E-05 9.993E-05 9.993E-05 9.993E-05
0.399332 9.9964E-05 0.030666 0.0204976 0.10222 9.9964E-05 9.9964E-05 0.446884 9.9964E-05
0.25493 9.9973E-05 0.0135063 0.0390636 0.126727 9.9973E-05 0.0736158 0.491858 9.9973E-05
0.0355696 9.9982E-05 0.0380967 0.223588 0.546517 0.0712738 9.9982E-05 0.00512767 0.0796268
0.0239419 9.9982E-05 0.00890872 0.144281 0.352332 0.172675 0.276335 0.0213266 9.9982E-05
9.9982E-05 0.0337393 0.0879773 0.28701 0.537512 0.0373815 9.9982E-05 0.0132718 0.00290778
0.0154377 0.00399869 9.9982E-05 0.129332 0.185961 0.551856 9.9982E-05 0.0965086 0.0167059
0.0536328 0.0302392 0.0185689 0.537803 0.325065 9.9973E-05 9.9973E-05 9.9973E-05 0.0343916
9.9973E-05 9.9973E-05 0.00339493 0.215529 0.478492 0.104448 0.112287 0.08555 9.9973E-05
0.0291573 0.0261654 0.0166158 0.145046 0.628678 9.9991E-05 0.0504232 0.0172985 0.0865156
0.0312655 0.16296 0.013386 0.0619131 0.593968 0.0699634 0.0106894 0.0557548 9.9991E-05
0.0181984 9.9973E-05 9.9973E-05 0.0322272 0.699918 0.0215467 9.9973E-05 0.16867 0.05914
0.0210993 0.101178 9.9973E-05 0.710768 0.052548 0.0697031 0.0444036 9.9973E-05 9.9973E-05
0.0406619 0.162659 0.0455775 0.0055396 0.611543 0.0506799 0.0694725 0.0137673 9.9991E-05
0.0051323 0.000444583 0.0158654 0.166574 0.614013 0.0123482 9.9991E-05 0.11426 0.0712624
0.0294159 9.9973E-05 0.0288086 0.169405 0.53326 9.9973E-05 0.137357 0.101453 9.9973E-05
0.0190886 9.9964E-05 9.9964E-05 0.572703 0.320837 9.9964E-05 9.9964E-05 0.00901162 0.0779601
0.042951 9.9982E-05 0.0121807 0.253324 0.513739 0.0141552 0.136083 0.0273663 9.9982E-05
0.100781 9.9973E-05 0.0731182 0.170761 0.542772 9.9973E-05 9.9973E-05 0.0994816 0.0127865
9.9955E-05 0.262056 9.9955E-05 0.669318 9.9955E-05 9.9955E-05 9.9955E-05 0.0537828 0.0143437
9.9973E-05 0.0526797 9.9973E-05 0.213648 0.221288 0.387833 0.00719377 9.9973E-05 0.117057
9.9973E-05 0.298113 9.9973E-05 0.28574 0.0456417 0.188384 0.127268 9.9973E-05 0.0545534
0.0065791 9.9991E-05 0.0317086 0.0629325 0.559514 0.128251 0.106995 0.0833864 0.0205335
9.9973E-05 0.104048 9.9973E-05 0.00686997 0.521168 0.017158 0.345139 9.9973E-05 0.00531652
9.9973E-05 0.0782145 0.0906594 9.9973E-05 0.573969 0.121954 9.9973E-05 0.0686964 0.0662062
0.0128962 0.0484899 9.9991E-05 0.241168 0.16041 0.306305 0.00498059 0.158607 0.0670425
0.045129 9.9973E-05 9.9973E-05 0.00320631 0.604278 0.196721 0.0514199 9.9973E-05 0.0989451
0.031474 0.0529091 9.9982E-05 0.0222413 0.492542 0.0885625 0.305683 9.9982E-05 0.0063879
0.025818 0.100742 0.0686175 0.237452 0.297357 0.135741 9.9991E-05 0.0926734 0.041498
0.0369472 0.174476 9.9982E-05 0.158024 9.9982E-05 0.279846 0.213117 0.109201 0.0281889
0.0670725 9.9982E-05 0.0395754 0.0237501 0.434525 0.171218 0.0980677 9.9982E-05 0.165591
0.00622148 9.9973E-05 9.9973E-05 9.9973E-05 0.341761 0.271909 0.243669 0.0287437 0.107396
0.0844059 0.131672 9.9973E-05 0.204615 9.9973E-05 0.454027 0.074197 9.9973E-05 0.0507823
0.00559862 0.0156625 9.9982E-05 0.0438344 0.394877 0.237994 0.106876 9.9982E-05 0.194958
0.0293129 9.9982E-05 0.0440513 9.9982E-05 0.569499 0.0860908 0.056401 0.0511355 0.16331
0.0776967 0.0660834 9.9982E-05 0.122738 0.301193 0.11109 0.317875 9.9982E-05 0.00312365
0.027514 0.0169683 0.0528513 0.213575 0.274067 0.179502 0.0644261 0.0528686 0.118228
0.03935 0.070891 9.9973E-05 0.159799 0.450216 0.139912 0.139533 9.9973E-05 9.9973E-05
0.0674341 9.9982E-05 0.0877153 0.106542 0.456494 0.123629 0.0338851 9.9982E-05 0.1241
0.0662051 0.0594082 9.9982E-05 0.0936356 0.227619 0.315418 0.0508902 9.9982E-05 0.186624
0.00560397 9.9955E-05 9.9955E-05 0.394357 0.558106 0.0414326 9.9955E-05 9.9955E-05 9.9955E-05
9.9964E-05 9.9964E-05 0.0295916 0.65122 0.182578 0.122308 9.9964E-05 0.0139022 9.9964E-05
9.9973E-05 0.0793523 0.105929 0.033868 0.567846 0.155788 9.9973E-05 0.0569168 9.9973E-05
9.9937E-05 0.143388 9.9937E-05 0.855913 9.9937E-05 9.9937E-05 9.9937E-05 9.9937E-05 9.9937E-05
9.9964E-05 0.0584032 9.9964E-05 0.796847 9.9964E-05 0.00820889 0.0138559 9.9964E-05 0.122285
9.9955E-05 0.0153805 9.9955E-05 0.697998 0.283365 9.9955E-05 9.9955E-05 0.00275675 9.9955E-05
0.0324145 9.9973E-05 0.0200717 0.502408 0.404796 0.0203061 9.9973E-05 0.0197043 9.9973E-05
0.0414128 0.0174502 0.00339932 0.0410401 0.611062 0.0467364 9.9991E-05 0.0997366 0.139062
9.9955E-05 9.9955E-05 9.9955E-05 0.348755 0.355069 0.127846 0.167831 9.9955E-05 9.9955E-05
9.9973E-05 9.9973E-05 0.0377232 0.608456 0.112724 0.151499 0.050529 0.0387694 9.9973E-05
9.9973E-05 9.9973E-05 0.00789072 0.460566 0.202158 0.25292 9.9973E-05 0.0742861 0.00188002
0.0350934 9.9973E-05 9.9973E-05 0.134974 0.507498 0.0696886 9.9973E-05 0.0742485 0.178197
9.9964E-05 9.9964E-05 0.0599317 0.551449 0.316449 0.0627371 9.9964E-05 0.00903341 9.9964E-05
0.0274283 0.044666 9.9982E-05 0.404646 0.396949 0.0344922 0.0823393 0.00928013 9.9982E-05
9.9946E-05 0.0416651 9.9946E-05 0.564704 0.393031 9.9946E-05 9.9946E-05 9.9946E-05 9.9946E-05
9.9955E-05 0.156098 0.0127075 0.675018 9.9955E-05 9.9955E-05 9.9955E-05 9.9955E-05 0.155677
9.9964E-05 0.0311469 9.9964E-05 0.269005 0.563246 0.0210527 0.115149 9.9964E-05 9.9964E-05
0.0399932 9.9982E-05 0.0492258 9.9982E-05 0.059315 0.0401278 0.0563509 0.747802 0.00698544
0.124614 9.9946E-05 9.9946E-05 9.9946E-05 0.0870583 9.9946E-05 9.9946E-05 0.787728 9.9946E-05
0.130486 9.9955E-05 9.9955E-05 9.9955E-05 0.0121466 9.9955E-05 0.148445 0.708423 9.9955E-05
0.106722 0.037476 9.9955E-05 9.9955E-05 9.9955E-05 9.9955E-05 0.0920856 0.763216 9.9955E-05
0.103128 9.9964E-05 9.9964E-05 0.0254798 9.9964E-05 9.9964E-05 0.131297 0.712024 0.0276713
0.0258367 0.0242162 0.0694728 9.9973E-05 0.0461804 9.9973E-05 9.9973E-05 0.826816 0.00717772
0.0397856 0.00313403 9.9955E-05 9.9955E-05 9.9955E-05 9.9955E-05 0.129772 0.826808 9.9955E-05
9.9982E-05 9.9982E-05 0.0332578 0.170782 0.48495 0.0809087 0.166234 0.0444736 0.0191939
0.0345109 0.0731901 0.0471102 0.198401 0.378023 0.078155 0.0812893 0.0541949 0.0551254
9.9964E-05 9.9964E-05 9.9964E-05 0.839763 0.0273531 0.0912132 9.9964E-05 0.0338014 0.00746914
0.0464257 0.0695536 0.0862007 0.166371 0.490011 0.0255306 0.0651358 0.0165576 0.0342137
0.0145468 9.9973E-05 0.0762546 0.415801 0.417836 0.0650307 9.9973E-05 0.010231 9.9973E-05
9.9982E-05 0.00760012 0.0411363 0.298452 0.504827 9.9982E-05 0.0237577 0.0920954 0.0319308
9.9982E-05 0.0392658 0.0175148 0.195551 0.579789 9.9982E-05 0.0551579 0.0225146 0.0900074
0.046051 9.9973E-05 0.133622 0.368242 0.373605 9.9973E-05 9.9973E-05 0.0109977 0.067183
9.9946E-05 9.9946E-05 9.9946E-05 0.769542 9.9946E-05 0.163867 9.9946E-05 0.0659913 9.9946E-05
0.0219684 9.9991E-05 0.0124675 0.13627 0.236265 0.153753 0.384424 0.0465656 0.008187
0.00319419 0.0686298 0.0178761 0.0718093 0.734349 9.9973E-05 9.9973E-05 0.103842 9.9973E-05
0.05451 9.9982E-05 0.0292087 0.221043 0.483309 0.0831514 0.10531 9.9982E-05 0.0232684
0.0284681 0.0977337 0.0362343 0.523961 0.266064 9.9973E-05 9.9973E-05 9.9973E-05 0.0472392
0.0204444 0.0553932 0.0069798 0.314091 0.543908 9.9973E-05 9.9973E-05 9.9973E-05 0.0588833
0.0436424 9.9973E-05 9.9973E-05 0.368892 0.414725 0.0712009 0.0736161 9.9973E-05 0.0276239
9.9955E-05 9.9955E-05 0.146727 0.607357 0.241044 9.9955E-05 9.9955E-05 9.9955E-05 0.0043719
0.0130644 9.9964E-05 9.9964E-05 0.450319 0.425725 0.022457 9.9964E-05 0.0880347 9.9964E-05
0.00816326 0.0598294 9.9982E-05 0.0651485 0.554393 0.0580458 9.9982E-05 0.147643 0.106577
0.0535807 0.0807402 9.9982E-05 0.170083 0.181681 0.292499 0.142536 9.9982E-05 0.0786803
0.0211 0.0458331 0.061449 0.00161255 0.448999 0.367265 9.9982E-05 0.0535418 9.9982E-05
9.9973E-05 9.9973E-05 0.0468605 9.9973E-05 0.59578 0.102911 0.0655713 0.120432 0.0681457
9.9991E-05 0.00499378 0.109849 0.1316 0.531368 0.0272746 0.00237612 0.092694 0.0997447
0.0436413 9.9964E-05 9.9964E-05 9.9964E-05 0.463573 0.314941 0.105099 9.9964E-05 0.0723457
0.00097605 0.0176164 0.0139393 0.0542042 0.484797 0.254096 0.16584 0.00843154 9.9991E-05
9.9964E-05 9.9964E-05 9.9964E-05 0.0464808 0.425545 0.352404 0.131804 9.9964E-05 0.0433663
0.0243287 0.021619 9.9991E-05 0.116713 0.556856 0.101299 0.0518238 0.0908155 0.0364448
0.0366876 0.0985164 0.0427276 0.0442229 0.635908 0.10847 9.9991E-05 0.0123042 0.0210631
9.9973E-05 0.0530339 9.9973E-05 0.00428761 0.685012 0.180164 9.9973E-05 0.0506877 0.026515
9.9964E-05 9.9964E-05 9.9964E-05 0.0328312 0.513786 0.333741 0.0945235 9.9964E-05 0.0247184
0.0119616 0.00207626 0.0349103 9.9991E-05 0.598396 0.165213 0.0988572 0.0238406 0.0646455
9.9973E-05 0.0255335 0.0620162 9.9973E-05 0.576621 0.178335 9.9973E-05 0.0929483 0.0642465
9.9955E-05 9.9955E-05 9.9955E-05 0.114811 0.47713 0.183913 0.223646 9.9955E-05 9.9955E-05
0.0138834 0.0617925 0.0649949 9.9991E-05 0.503165 0.0612442 0.157689 0.072314 0.0648168
0.00213321 0.0155101 0.00958884 0.105434 0.437768 0.160169 0.232247 9.9991E-05 0.0370496
0.0214749 0.100104 9.9991E-05 0.0324458 0.252335 0.275326 0.257696 0.00884922 0.0516702
0.0143663 0.0175007 0.0125435 0.0367356 0.653569 0.131148 0.0917491 0.0293937 0.012994
0.00943638 0.0012578 0.0401533 9.9991E-05 0.632298 0.108294 0.0411376 0.0452067 0.122116
9.9982E-05 0.00964581 0.151491 0.167608 0.153602 0.388776 9.9982E-05 0.007538 0.121139
9.9982E-05 0.172004 0.0273442 0.0903319 0.206181 0.285968 9.9982E-05 0.0611023 0.156869
0.0181119 0.0123323 9.9973E-05 0.118216 0.457802 0.220939 0.172298 9.9973E-05 9.9973E-05
9.9973E-05 0.132942 0.0573847 0.0749259 0.139544 0.318689 9.9973E-05 9.9973E-05 0.276214
0.00735938 0.0035559 9.9991E-05 0.0995591 0.253345 0.416754 0.0735921 0.0625628 0.0831717
9.9982E-05 9.9982E-05 0.00197738 0.129355 0.50215 0.30171 0.0161494 0.0212785 0.02718
0.0560971 9.9964E-05 9.9964E-05 0.172857 0.341893 0.415486 9.9964E-05 9.9964E-05 0.0132681
9.9973E-05 9.9973E-05 0.0270622 0.124703 0.317322 0.45754 9.9973E-05 0.0491283 0.0239448
0.059377 0.0475341 0.0704325 0.0244553 0.589131 0.168246 9.9991E-05 0.0208747 0.0198493
9.9991E-05 0.0594014 0.0874566 0.107747 0.50867 0.0336416 0.0588046 0.101414 0.042765
0.0244901 9.9991E-05 0.0283351 0.246415 0.51966 0.0968612 0.0497461 0.0329511 0.00144135
9.9973E-05 0.179811 0.0952971 0.186302 0.131137 0.308632 9.9973E-05 9.9973E-05 0.0985212
9.9991E-05 0.058427 0.0336379 0.213755 0.414308 0.0494464 0.0357949 0.145822 0.0487091
9.9982E-05 0.149639 0.0397225 9.9982E-05 0.57187 0.0650022 0.0177717 0.0824399 0.0733542
0.02022 0.427834 9.9982E-05 0.0999251 0.0599623 0.125048 9.9982E-05 0.0950331 0.171778
0.0394602 0.053852 0.0592815 9.9982E-05 0.60599 9.9982E-05 0.00365593 0.0843897 0.153171
9.9991E-05 0.247461 0.000373504 0.169968 0.329393 0.0242214 0.0736599 0.0462649 0.108559
0.0127242 0.10638 9.9991E-05 0.0564164 0.45527 0.0433663 0.205871 0.0807777 0.0390943
0.00237473 0.387793 0.00909478 0.0728293 0.34204 0.132751 9.9991E-05 0.0477498 0.00526764
0.00612012 0.368785 9.9982E-05 0.0127324 0.275393 0.104395 9.9982E-05 0.0169827 0.215392
9.9982E-05 0.144681 9.9982E-05 0.0886783 0.446404 0.113538 0.0791712 0.0843019 0.0430258
9.9982E-05 0.0548295 9.9982E-05 0.0268694 0.415064 0.121017 0.161698 0.133656 0.0866664
9.9982E-05 0.112593 0.146435 0.127558 0.365118 0.124896 9.9982E-05 0.105349 0.0178495
0.0405557 0.312157 0.160493 0.292912 9.9982E-05 0.0490503 0.0384115 9.9982E-05 0.106221
0.0469434 0.104015 0.028827 0.082797 0.505443 0.0321212 0.0713666 0.111833 0.0166532
9.9964E-05 0.254208 9.9964E-05 0.0907791 0.446623 0.152966 9.9964E-05 9.9964E-05 0.0550241
0.0342773 0.111955 9.9973E-05 0.229441 0.523611 0.054556 9.9973E-05 9.9973E-05 0.0458587
9.9973E-05 0.076331 0.0395501 9.9973E-05 0.605447 9.9973E-05 0.0912109 0.1549 0.0322617
0.069405 0.280579 0.21251 0.00335755 0.163516 0.0341767 0.0193523 0.217004 9.9991E-05
0.0212638 0.395343 0.145777 9.9955E-05 9.9955E-05 9.9955E-05 9.9955E-05 0.437116 9.9955E-05
0.0512056 0.450807 0.15829 9.9964E-05 9.9964E-05 9.9964E-05 9.9964E-05 0.32979 0.00950856
9.9964E-05 0.184112 0.301754 9.9964E-05 9.9964E-05 0.00531853 0.18151 0.326906 9.9964E-05
9.9946E-05 0.226338 9.9946E-05 9.9946E-05 0.702787 9.9946E-05 9.9946E-05 9.9946E-05 0.0702751
0.0511964 0.14371 0.0289994 0.0856063 0.592864 0.00377227 9.9991E-05 0.044644 0.049107
9.9955E-05 9.9955E-05 0.743639 9.9955E-05 0.218689 0.021454 9.9955E-05 9.9955E-05 0.0157176
0.0102479 9.9982E-05 0.470581 0.0794169 0.215842 0.0900741 0.106587 9.9982E-05 0.0270509
0.0468142 9.9982E-05 0.285112 0.14065 0.207497 0.0559307 0.246843 0.0169537 9.9982E-05
9.9955E-05 0.350872 9.9955E-05 0.00875109 0.429361 9.9955E-05 9.9955E-05 9.9955E-05 0.210516
9.9991E-05 0.102204 0.0471075 0.102891 0.427359 0.0619335 0.115198 0.041002 0.102204
9.9964E-05 0.464477 9.9964E-05 0.0947119 0.294642 0.0123198 9.9964E-05 9.9964E-05 0.13345
9.9982E-05 0.194244 0.00534778 0.0715626 0.549445 0.043064 0.0726637 9.9982E-05 0.063473
0.0172134 0.236492 0.0296685 0.178169 0.441535 9.9982E-05 9.9982E-05 0.0391944 0.0575266
9.9982E-05 0.159064 9.9982E-05 0.0403209 0.570352 0.102626 0.0645932 0.0101663 0.0526786
9.9964E-05 0.449791 9.9964E-05 0.0908346 0.277015 0.0862188 9.9964E-05 9.9964E-05 0.0957402
0.0292145 0.0675679 0.182839 0.201344 0.436114 0.0146453 0.0680754 9.9982E-05 9.9982E-05
9.9991E-05 0.11427 0.0542954 0.0797045 0.515289 0.0112884 0.111715 0.0518664 0.0614718
9.9955E-05 9.9955E-05 0.924906 0.045564 0.0217715 9.9955E-05 9.9955E-05 9.9955E-05 0.0072586
9.9964E-05 9.9964E-05 0.857287 0.031032 0.0334579 9.9964E-05 0.0411602 9.9964E-05 0.0366633
0.00961073 9.9973E-05 0.532478 9.9973E-05 0.261202 0.00630185 0.107818 0.0822895 9.9973E-05
0.00193636 9.9964E-05 0.699316 9.9964E-05 0.262651 0.0209309 9.9964E-05 9.9964E-05 0.0147659
9.9964E-05 0.00901794 0.782004 0.0116324 0.107149 9.9964E-05 0.0897972 9.9964E-05 9.9964E-05
0.0112848 0.00210625 0.986009 9.9946E-05 9.9946E-05 9.9946E-05 9.9946E-05 9.9946E-05 9.9946E-05
0.00254064 9.9955E-05 0.910182 9.9955E-05 9.9955E-05 9.9955E-05 9.9955E-05 0.00636623 0.0804117
9.9946E-05 9.9946E-05 0.699763 9.9946E-05 0.115223 9.9946E-05 0.184414 9.9946E-05 9.9946E-05
9.9946E-05 9.9946E-05 0.938313 9.9946E-05 0.0470378 0.0140492 9.9946E-05 9.9946E-05 9.9946E-05
9.9937E-05 9.9937E-05 0.996514 9.9937E-05 9.9937E-05 9.9937E-05 9.9937E-05 0.00278691 9.9937E-05
0.0426416 9.9937E-05 0.956659 9.9937E-05 9.9937E-05 9.9937E-05 9.9937E-05 9.9937E-05 9.9937E-05
0.0280108 9.9964E-05 0.734565 9.9964E-05 0.202672 0.0289155 0.00543662 9.9964E-05 9.9964E-05
0.0128485 9.9973E-05 0.75829 9.9973E-05 0.0818566 0.056749 0.0739171 0.0160393 9.9973E-05
9.9937E-05 9.9937E-05 0.973222 0.026078 9.9937E-05 9.9937E-05 9.9937E-05 9.9937E-05 9.9937E-05
9.9991E-05 0.0323885 0.395416 0.0134265 0.294407 0.0827147 0.146646 0.0142135 0.0206874
0.00812996 0.00218644 0.69976 0.0118854 0.128982 0.0436686 9.9991E-05 0.0540626 0.0512247
0.0716285 9.9982E-05 0.618101 0.0262637 0.136693 0.020116 0.121368 9.9982E-05 0.00563077
9.9955E-05 9.9955E-05 0.862232 9.9955E-05 0.0500448 0.0596704 0.027553 9.9955E-05 9.9955E-05
9.9946E-05 9.9946E-05 0.886056 9.9946E-05 0.0305074 9.9946E-05 0.0828366 9.9946E-05 9.9946E-05
9.9955E-05 9.9955E-05 0.824629 9.9955E-05 0.0207444 9.9955E-05 0.147073 0.00705453 9.9955E-05
0.032249 9.9946E-05 0.904815 9.9946E-05 9.9946E-05 9.9946E-05 0.0623359 9.9946E-05 9.9946E-05
0.0282118 0.00607221 0.519884 0.00517068 0.225048 0.0135922 0.145578 9.9991E-05 0.0563431
9.9973E-05 0.00953345 0.876586 0.00497458 0.0520574 9.9973E-05 9.9973E-05 0.00745749 0.0490907
9.9973E-05 0.624173 0.0344277 0.00200178 9.9973E-05 9.9973E-05 0.0823934 0.243788 0.0129166
0.0453604 0.181722 0.0125756 9.9982E-05 0.468924 0.116767 0.00565397 0.168797 9.9982E-05
0.0257053 0.269426 0.0491114 9.9991E-05 0.384663 0.00639055 0.0502725 0.172631 0.0416999
0.109159 0.472027 0.0357904 9.9964E-05 0.260587 9.9964E-05 9.9964E-05 0.122038 9.9964E-05
9.9982E-05 0.144496 9.9982E-05 0.0126798 0.32411 0.106281 0.33056 0.076768 0.00490619
0.0630434 0.423956 0.0678604 0.0646812 0.137316 9.9982E-05 0.109957 0.132987 9.9982E-05
0.0585473 0.0389884 9.9973E-05 9.9973E-05 0.46697 9.9973E-05 0.11685 0.182698 0.135647
9.9973E-05 0.299955 0.164375 0.0313343 0.313443 9.9973E-05 0.081974 0.108619 9.9973E-05
0.0539884 0.198647 0.176941 9.9964E-05 0.500575 9.9964E-05 9.9964E-05 0.0694488 9.9964E-05
0.0676296 0.301813 0.103672 9.9973E-05 0.339318 9.9973E-05 0.126999 0.060268 9.9973E-05
0.025277 0.145658 0.152427 0.0547186 0.401514 0.0270874 0.0280144 0.11014 0.055164
9.9973E-05 0.0690274 0.0227683 9.9973E-05 0.044072 0.059697 9.9973E-05 0.795287 0.00884818
0.0567467 0.0245268 0.0512493 9.9973E-05 9.9973E-05 9.9973E-05 0.012802 0.825486 0.0288894
0.0501541 0.00703481 9.9955E-05 9.9955E-05 9.9955E-05 0.0478099 9.9955E-05 0.894501 9.9955E-05
0.0261396 9.9964E-05 9.9964E-05 9.9964E-05 0.00753918 0.046867 0.0222864 0.896768 9.9964E-05
0.121744 0.0151609 0.00946975 9.9991E-05 0.0661062 0.0157296 0.000538925 0.757399 0.0137519
0.104785 9.9964E-05 0.00235677 9.9964E-05 9.9964E-05 9.9964E-05 0.132504 0.756802 0.00315226
0.0337465 9.9964E-05 0.0943818 9.9964E-05 0.00559736 9.9964E-05 0.0325835 0.833291 9.9964E-05
0.0539633 0.0716235 9.9964E-05 9.9964E-05 0.0341826 9.9964E-05 9.9964E-05 0.81528 0.0245505
0.0250208 9.9955E-05 9.9955E-05 0.00497371 9.9955E-05 9.9955E-05 0.102794 0.866712 9.9955E-05
0.00211104 9.9955E-05 0.00940609 9.9955E-05 9.9955E-05 9.9955E-05 0.209931 0.778052 9.9955E-05
0.0424331 9.9964E-05 9.9964E-05 0.118323 9.9964E-05 0.183995 9.9964E-05 0.591951 0.0628985
0.00517734 9.9964E-05 9.9964E-05 0.0654806 9.9964E-05 0.280327 0.0611494 0.587466 9.9964E-05
0.0329778 0.0774975 9.9973E-05 0.0943671 9.9973E-05 0.290921 9.9973E-05 0.481762 0.0221743
9.9964E-05 0.00632896 9.9964E-05 0.148398 9.9964E-05 0.256217 9.9964E-05 0.545495 0.0431621
0.0543121 0.00938324 0.0763816 0.191487 0.545361 0.116101 0.00677399 9.9982E-05 9.9982E-05
9.9955E-05 9.9955E-05 9.9955E-05 0.306928 0.40986 0.122294 0.160419 9.9955E-05 9.9955E-05
0.00994693 9.9991E-05 0.0282394 0.154034 0.518398 0.145016 0.0630374 0.0306786 0.0505494
0.027781 9.9955E-05 9.9955E-05 0.202522 0.449718 0.319479 9.9955E-05 9.9955E-05 9.9955E-05
9.9964E-05 9.9964E-05 0.0426631 0.18653 0.173317 0.596602 9.9964E-05 9.9964E-05 0.000487186
9.9991E-05 0.036762 0.0609303 0.16136 0.558252 0.00403846 0.130059 0.000671173 0.0478264
9.9982E-05 0.0358375 0.0175632 0.23918 0.613525 0.0906564 9.9982E-05 0.00262759 0.000410448
0.0102277 0.0689177 0.0489902 0.280518 0.504092 0.079109 0.00794599 9.9982E-05 9.9982E-05
9.9955E-05 9.9955E-05 0.0591514 0.555003 0.371908 0.0134375 9.9955E-05 9.9955E-05 9.9955E-05
9.9982E-05 9.9982E-05 0.0275388 0.142497 0.545343 0.109421 0.135795 0.0388774 0.000327794
0.0214583 9.9973E-05 9.9973E-05 0.364014 0.35044 0.113239 0.0705932 9.9973E-05 0.0799554
9.9955E-05 0.021527 9.9955E-05 0.721192 9.9955E-05 0.0604645 9.9955E-05 9.9955E-05 0.196316
0.00236667 0.0184545 9.9991E-05 0.165575 0.483972 0.0792909 0.100731 0.126907 0.0226027
0.0078634 0.0951006 0.0158261 0.542029 0.256085 9.9973E-05 9.9973E-05 9.9973E-05 0.0827951
0.00490789 0.00107275 0.0340366 0.314685 0.459608 0.0588822 0.0523206 9.9991E-05 0.0743877
9.9964E-05 9.9964E-05 9.9964E-05 0.6381 0.113401 0.174919 9.9964E-05 0.066591 0.00658908
9.9955E-05 0.12933 9.9955E-05 9.9955E-05 0.0110779 0.726794 9.9955E-05 0.132297 9.9955E-05
9.9973E-05 0.128356 0.0204941 9.9973E-05 0.0182867 0.724315 0.0271103 0.0811384 9.9973E-05
0.0177007 0.0341512 9.9964E-05 9.9964E-05 9.9964E-05 0.861205 9.9964E-05 0.0436269 0.0429161
9.9955E-05 0.00971303 9.9955E-05 9.9955E-05 9.9955E-05 0.794341 9.9955E-05 0.123194 0.0722519
0.0446622 0.038368 0.0326753 9.9982E-05 0.0323046 0.821441 9.9982E-05 0.0129509 0.0173983
9.9973E-05 0.058835 0.0849914 9.9973E-05 0.0307693 0.745064 0.0172302 0.0628103 9.9973E-05
0.0665905 9.9964E-05 9.9964E-05 0.0048462 0.0268586 9.9964E-05 0.170482 0.730823 9.9964E-05
0.031245 9.9964E-05 9.9964E-05 9.9964E-05 0.00945611 0.0825511 0.137903 0.738445 9.9964E-05
0.0943373 9.9973E-05 0.117434 9.9973E-05 0.0732328 0.0230457 0.0593329 0.632318 9.9973E-05
0.0450415 9.9964E-05 0.0560319 9.9964E-05 9.9964E-05 0.055451 0.179558 0.663517 9.9964E-05
0.0107607 0.00514945 0.0834087 9.9982E-05 0.01022 0.0244558 0.131367 0.734439 9.9982E-05
0.00919956 0.0500323 9.9964E-05 0.0457833 9.9964E-05 0.520812 9.9964E-05 0.373773 9.9964E-05
0.00158924 9.9964E-05 9.9964E-05 0.0340927 9.9964E-05 0.453982 9.9964E-05 0.446931 0.0630047
0.0222448 9.9955E-05 9.9955E-05 9.9955E-05 9.9955E-05 0.406955 9.9955E-05 0.443254 0.127046
0.999201 9.993E-05 9.993E-05 9.993E-05 9.993E-05 9.993E-05 9.993E-05 9.993E-05 9.993E-05
0.0105929 0.0376377 9.9973E-05 0.0831703 9.9973E-05 0.485485 9.9973E-05 0.361518 0.0212958
9.9973E-05 0.0721216 0.185056 9.9973E-05 0.0706938 9.9973E-05 0.506996 0.0789443 0.0858879
0.000691418 0.060352 0.281047 0.00789358 0.476986 0.0695502 0.0037168 0.093116 0.00664742
0.0549978 9.9964E-05 0.148174 9.9964E-05 0.401672 9.9964E-05 0.329154 0.0656028 9.9964E-05
9.9973E-05 0.0262368 0.141572 9.9973E-05 0.337373 0.020636 0.1342 0.339682 9.9973E-05
0.0100096 9.9982E-05 0.0693586 0.06042 0.456319 0.0357841 0.182633 0.185276 9.9982E-05
9.9955E-05 0.259151 0.206217 9.9955E-05 9.9955E-05 9.9955E-05 0.182914 0.351219 9.9955E-05
9.9982E-05 0.0360458 0.0173038 0.0965456 0.445591 0.289454 9.9982E-05 0.0228658 0.0919939
9.9982E-05 0.110417 9.9982E-05 0.0861627 0.322422 0.192698 0.100426 0.00556059 0.182114
0.0418574 9.9982E-05 9.9982E-05 0.10507 0.086236 0.476983 0.27567 0.00376984 0.0102133
9.9964E-05 9.9964E-05 9.9964E-05 0.14035 0.385237 0.147771 0.134556 9.9964E-05 0.191687
9.9955E-05 0.229916 9.9955E-05 0.218312 9.9955E-05 0.150359 9.9955E-05 9.9955E-05 0.400914
0.0466569 0.0868352 0.0813177 0.0168872 0.55125 0.086455 9.9991E-05 0.111312 0.0191857
0.0302596 0.0284232 0.0069466 9.9982E-05 0.433604 0.213406 0.134019 9.9982E-05 0.153142
0.0258279 0.0318871 9.9982E-05 0.102561 0.292048 0.406191 0.0940514 9.9982E-05 0.0472337
9.9991E-05 0.0156401 0.0423419 0.0460066 0.451875 0.250306 0.0968427 0.0359841 0.0609028
9.9973E-05 0.188572 9.9973E-05 0.309441 0.109705 0.206025 0.0453993 9.9973E-05 0.140559
9.9982E-05 0.154541 0.0804718 0.101475 0.370691 0.170773 9.9982E-05 0.00226654 0.119582
0.0206962 0.0270399 9.9964E-05 0.140425 0.585006 0.226433 9.9964E-05 9.9964E-05 9.9964E-05
0.0202722 0.017952 0.0808608 0.0786563 0.405743 0.0378201 0.154624 0.156451 0.0476202
9.9973E-05 0.032938 9.9973E-05 0.163333 0.349785 0.237033 0.0830098 9.9973E-05 0.133601
9.9964E-05 9.9964E-05 9.9964E-05 0.124625 0.433554 0.255275 0.117051 9.9964E-05 0.0690953
9.9991E-05 0.0446119 0.122127 0.162111 0.424027 0.12422 0.0130339 0.013333 0.0964359
9.9982E-05 0.0537521 9.9982E-05 0.0954712 0.571039 0.171509 0.00526157 0.0460846 0.0566819
0.0477306 0.022041 0.0700015 0.0720814 0.574215 0.112297 0.0370859 0.0108647 0.0536823
0.0428631 9.9991E-05 0.0495165 0.136036 0.469019 0.170645 0.0633777 0.0624565 0.00598624
0.015112 0.0411674 0.00875904 0.085945 0.433537 0.184778 0.216742 0.0138593 9.9991E-05
9.9946E-05 9.9946E-05 0.125898 9.9946E-05 0.129722 9.9946E-05 9.9946E-05 0.74378 9.9946E-05
0.00863193 9.9964E-05 0.036725 9.9964E-05 0.0997604 9.9964E-05 9.9964E-05 0.82739 0.0270924
9.9964E-05 0.00471023 9.9964E-05 0.0376719 0.148416 0.0293628 9.9964E-05 0.779439 9.9964E-05
0.0372582 9.9982E-05 0.0585006 0.0483631 0.017077 9.9982E-05 0.0501697 0.774351 0.0140804
0.0619912 9.9955E-05 0.000637572 9.9955E-05 0.155362 9.9955E-05 9.9955E-05 0.78151 9.9955E-05
9.9982E-05 0.0118091 0.0267845 0.124954 0.107915 0.570114 0.146472 0.0117508 9.9982E-05
0.0156731 0.00306379 0.00883465 0.0263185 0.579566 0.0972045 9.9991E-05 0.110999 0.15824
0.0135035 0.11363 0.145015 0.0589882 0.332231 9.9991E-05 0.157049 0.136268 0.0432153
0.013732 9.9973E-05 0.0487122 9.9973E-05 0.600376 0.202459 0.119295 9.9973E-05 0.0151263
0.0319841 9.9982E-05 9.9982E-05 0.0516455 0.592359 0.244248 0.00698366 0.0559392 0.0166403
0.00664256 0.131383 0.0638691 9.9982E-05 0.255148 0.364526 0.0472932 9.9982E-05 0.130939
0.0715767 0.107118 9.9973E-05 0.145295 0.0307287 0.551517 9.9973E-05 0.0934652 9.9973E-05
9.9955E-05 9.9955E-05 9.9955E-05 0.0346903 0.455321 0.307867 0.201622 9.9955E-05 9.9955E-05
0.0231174 9.9982E-05 0.104792 0.0197888 0.131538 0.488848 9.9982E-05 0.0633436 0.168372
0.0110272 0.0402656 0.0166147 0.0832346 0.30086 0.196927 0.240154 0.0029432 0.107974
9.9982E-05 9.9982E-05 0.0153593 0.0186636 0.10426 0.532109 0.0391636 0.109617 0.180627
0.0303655 9.9982E-05 0.0343765 0.0225134 0.614231 0.193827 9.9982E-05 0.037949 0.0665378
9.9982E-05 0.00153418 9.9982E-05 0.0790813 0.113084 0.500726 0.177387 0.0574034 0.0705841
0.0269462 0.12139 0.0701313 0.0296813 0.33422 0.231215 0.0779597 9.9991E-05 0.108357
0.0543539 0.093966 0.00653047 0.0840973 0.473486 0.0572054 0.165682 9.9991E-05 0.0645796
9.9955E-05 0.449579 9.9955E-05 9.9955E-05 0.359854 0.103721 9.9955E-05 9.9955E-05 0.0863463
9.9973E-05 0.154348 9.9973E-05 0.0449466 0.654844 0.0195115 0.0281558 0.0978938 9.9973E-05
0.021022 0.179854 0.110541 0.0223387 0.499384 0.0123914 0.0536689 0.0659043 0.0348956
9.9955E-05 0.398618 9.9955E-05 9.9955E-05 0.427374 0.127674 9.9955E-05 9.9955E-05 0.0458344
0.0436472 0.137497 0.0196969 0.0564424 0.449142 0.00765173 0.17294 9.9991E-05 0.112883
0.0502909 0.153389 9.9982E-05 9.9982E-05 0.552589 0.0699128 0.0400575 0.0149708 0.11859
9.9964E-05 0.548542 9.9964E-05 0.0803897 0.186045 0.0447455 9.9964E-05 9.9964E-05 0.139877
9.9964E-05 0.527253 9.9964E-05 0.0574994 0.367782 0.0254711 9.9964E-05 9.9964E-05 0.0215949
9.9964E-05 0.298441 9.9964E-05 9.9964E-05 0.499166 0.0550743 0.0810159 9.9964E-05 0.0659035
9.99639E-05 0.463355 9.99639E-05 0.0736854 0.228832 0.125689 9.99639E-05 9.99639E-05 0.10804
9.9964E-05 0.245929 9.9964E-05 0.0901902 0.5336 0.0971525 0.0327288 9.9964E-05 9.9964E-05
0.0320542 9.9973E-05 9.9973E-05 0.191418 0.0839922 0.586919 0.0817989 9.9973E-05 0.0235179
9.9964E-05 9.9964E-05 9.9964E-05 0.168076 0.140267 0.299425 0.0897562 9.9964E-05 0.302076
0.0207969 9.9982E-05 0.0390734 0.161349 0.214434 0.352501 0.157813 9.9982E-05 0.0538325
0.047507 0.0284266 0.0581201 0.0257942 0.624181 0.183962 0.0318094 9.9982E-05 9.9982E-05
0.02146 9.9964E-05 9.9964E-05 0.0972568 0.300157 0.528813 9.9964E-05 9.9964E-05 0.0519137
0.0200542 9.9991E-05 0.0765595 0.0279617 0.437069 0.100423 0.118263 0.10184 0.11773
0.0132751 9.9982E-05 0.07925 0.0108364 0.598624 0.158748 0.10655 9.9982E-05 0.0325168
9.99551E-05 9.99551E-05 9.99551E-05 9.99551E-05 0.430385 0.311636 0.186728 0.0707504 9.99551E-05
0.0105752 9.9982E-05 0.0186778 0.0120363 0.353426 0.254241 0.278455 9.9982E-05 0.0723884
0.0167889 9.9973E-05 0.0868994 0.155655 0.383055 0.300621 9.9973E-05 0.0566809 9.9973E-05
9.9964E-05 9.9964E-05 0.162619 0.218776 0.115822 0.486962 9.9964E-05 9.9964E-05 0.0154211
9.9964E-05 9.9964E-05 0.200601 0.106924 0.199498 0.448527 9.9964E-05 9.9964E-05 0.0440504
9.9955E-05 9.9955E-05 9.9955E-05 9.9955E-05 0.526584 0.220294 0.135201 9.9955E-05 0.117422
0.0296825 0.0159507 0.0257241 9.9991E-05 0.548498 0.169839 0.11704 0.0260395 0.0671263
9.9982E-05 0.0333368 9.9982E-05 0.0706469 0.386411 0.271779 0.135284 0.0383901 0.0639532
9.9973E-05 9.9973E-05 0.057497 0.000198112 0.39218 0.221966 0.149152 9.9973E-05 0.178707
0.00306159 9.9964E-05 9.9964E-05 9.9964E-05 0.329514 0.438391 0.227653 9.9964E-05 0.000981552
0.0256773 9.9982E-05 0.0366784 9.9982E-05 0.609265 0.240843 0.00488092 0.00978866 0.0726667
9.9973E-05 9.9973E-05 0.0451592 9.9973E-05 0.46033 0.220441 0.0953344 0.0382492 0.140186
0.0485968 0.0251377 0.20678 0.190045 0.379202 0.0710749 9.9991E-05 0.0350216 0.044042
0.0291018 0.0320724 0.0928612 0.0623641 0.45185 9.9982E-05 0.0503147 0.281236 9.9982E-05
0.0740646 0.023834 0.17786 0.111952 0.303411 9.9991E-05 0.250249 0.0193647 0.0391653
0.0544836 0.076611 0.0858733 0.0943241 0.530861 0.00486474 0.0682808 0.0846015 9.9991E-05
0.0636093 9.9991E-05 0.0240435 0.075472 0.526536 0.00659638 0.21675 0.018657 0.0682362
0.034976 9.9982E-05 0.0400838 0.0834413 0.28731 9.9982E-05 0.413679 0.125201 0.0151093
9.9964E-05 0.123899 0.0742932 9.9964E-05 0.497186 0.112841 9.9964E-05 9.9964E-05 0.19138
9.9982E-05 9.9982E-05 0.0628123 0.0475703 0.466013 0.0926712 0.186627 0.090143 0.0539638
9.9955E-05 0.380308 9.9955E-05 0.0974593 9.9955E-05 9.9955E-05 0.37271 0.149023 9.9955E-05
0.0483311 0.0552757 0.00881765 0.015385 0.535855 0.0391172 0.142364 0.091656 0.0631989
9.9973E-05 9.9973E-05 0.125028 0.039593 0.52019 9.9973E-05 0.184501 0.0444322 0.0859557
0.01432 9.9973E-05 0.167394 9.9973E-05 0.375421 0.114498 0.187308 9.9973E-05 0.140758
0.0636636 0.121219 0.0343646 0.0381661 0.322186 0.0577863 0.124312 0.119787 0.118515
0.000944725 0.0371428 9.9991E-05 0.00243532 0.438813 0.117205 0.251643 0.13442 0.0172962
0.0280526 0.0384105 0.0297648 9.9991E-05 0.484397 0.0047724 0.282004 0.0892317 0.0432662
0.0655053 0.356596 0.164813 0.017989 9.9973E-05 9.9973E-05 0.0416772 0.35312 9.9973E-05
0.036522 9.9991E-05 0.18204 0.00511356 0.340973 0.0704821 0.22829 0.0846734 0.0518059
0.00557021 9.9991E-05 0.0920482 0.0305922 0.415134 0.024215 0.317601 0.113965 0.000773651
0.0241403 0.0440445 0.0482498 0.0128127 0.507602 0.0731719 0.196137 0.0937417 9.9991E-05
0.0022146 9.9973E-05 0.0354586 9.9973E-05 0.352245 0.0210782 0.418283 0.170421 9.9973E-05
0.0232681 0.00260293 0.0813031 0.0195849 0.505088 0.0189279 0.125573 0.183288 0.0403634
0.016517 0.0105411 0.00995558 9.9982E-05 0.478225 9.9982E-05 0.103988 0.0269134 0.35366
9.9964E-05 0.0250484 9.9964E-05 9.9964E-05 0.41206 0.0825091 0.223448 9.9964E-05 0.256535
9.9946E-05 9.9946E-05 9.9946E-05 0.111407 9.9946E-05 0.0858425 9.9946E-05 9.9946E-05 0.802151
9.99549E-05 0.0059895 9.99549E-05 9.99549E-05 9.99549E-05 0.0266241 9.99549E-05 0.0379885 0.928898
0.0261583 0.0304914 0.0109798 0.0413279 0.427522 9.9991E-05 0.147596 0.00756119 0.308264
9.9991E-05 0.0374362 0.0510263 0.0171006 0.267225 0.0199737 0.46401 0.080452 0.0626758
0.00772955 9.9973E-05 0.0536581 9.9973E-05 0.0516283 9.9973E-05 0.674478 0.0231431 0.189063
9.9973E-05 0.0921701 0.0320456 0.0034117 9.9973E-05 9.9973E-05 0.562412 0.177779 0.131882
0.0647902 9.9973E-05 0.0193798 9.9973E-05 0.0760538 9.9973E-05 0.646528 0.00688395 0.186065
9.9955E-05 0.10919 9.9955E-05 9.9955E-05 9.9955E-05 9.9955E-05 0.164224 0.0462223 0.679864
9.9946E-05 9.9946E-05 9.9946E-05 9.9946E-05 9.9946E-05 9.9946E-05 0.280258 0.0585306 0.660611
0.0186968 9.9973E-05 0.0167639 0.0666166 0.431503 9.9973E-05 0.16233 9.9973E-05 0.30379
9.9964E-05 9.9964E-05 0.00943515 9.9964E-05 0.384679 9.9964E-05 0.176062 0.0286344 0.40079
0.0322207 9.9946E-05 9.9946E-05 9.9946E-05 9.9946E-05 9.9946E-05 0.31475 9.9946E-05 0.65243
9.9973E-05 9.9973E-05 0.0497144 9.9973E-05 0.430672 0.0687927 0.153243 0.0313441 0.265934
9.9946E-05 9.9946E-05 9.9946E-05 9.9946E-05 0.435055 9.9946E-05 0.26343 9.9946E-05 0.300915
0.0268625 0.016075 0.0868928 0.0193079 0.311642 0.0498283 0.234351 9.9991E-05 0.25494
0.0247942 9.9964E-05 9.9964E-05 0.0807052 0.264682 0.058588 9.9964E-05 9.9964E-05 0.57083
0.0688577 9.9982E-05 0.0241405 0.0591454 0.267329 0.0278274 0.00812285 9.9982E-05 0.544377
9.9973E-05 0.0824737 0.0724348 9.9973E-05 0.541102 0.0561032 9.9973E-05 0.043823 0.203763
0.026224 0.0570471 0.0409224 9.9982E-05 0.383188 0.0944316 9.9982E-05 0.0514132 0.346573
9.9991E-05 0.0538644 0.0740964 0.0874721 0.380491 0.0694957 0.142031 0.0231852 0.169265
9.9973E-05 0.0428664 9.9973E-05 0.0697281 0.371348 0.0919963 0.0656902 9.9973E-05 0.358071
9.9964E-05 0.00430623 9.9964E-05 9.9964E-05 0.158804 0.0353479 9.9964E-05 0.0146699 0.786472
9.9964E-05 9.9964E-05 0.00116337 0.0572284 0.613502 9.9964E-05 9.9964E-05 0.0589822 0.268724
9.9964E-05 9.9964E-05 0.0226953 0.060785 0.165868 0.0244471 9.9964E-05 9.9964E-05 0.725804
9.9964E-05 0.00398415 9.9964E-05 9.9964E-05 0.408876 9.9964E-05 0.0482847 0.0318104 0.506645
0.07932 9.9991E-05 0.0142577 0.0567883 0.478465 0.0315533 0.145171 0.0197139 0.17463
0.0139326 9.9964E-05 9.9964E-05 0.0728265 0.557222 9.9964E-05 9.9964E-05 0.0502892 0.30533
0.0225143 0.0252253 0.0773942 0.0252053 0.344274 9.9991E-05 0.32487 0.128717 0.0517004
0.0163175 0.00696688 0.149122 0.014813 0.463345 0.0828715 9.9991E-05 0.177262 0.0892018
0.00641048 0.110967 0.129012 9.9991E-05 0.26364 0.0319855 0.293388 0.115716 0.0487801
0.0940563 0.157659 0.197717 9.9991E-05 0.170262 0.121607 0.184368 0.0246146 0.0496165
9.9973E-05 0.000995684 0.188247 0.121899 0.444871 0.0291914 9.9973E-05 0.214496 9.9973E-05
0.080191 0.0324936 0.0863691 0.0122949 0.36914 0.00924931 0.117673 0.109 0.183589
0.0113586 0.110736 0.00866929 9.9973E-05 9.9973E-05 9.9973E-05 0.0917613 0.206173 0.571002
0.0243556 9.9982E-05 0.193674 9.9982E-05 0.444919 0.00296475 0.145164 0.0699142 0.11881
0.0187767 0.113971 0.0767631 9.9973E-05 9.9973E-05 9.9973E-05 0.011455 0.367133 0.411601
9.9955E-05 9.9955E-05 0.122502 9.9955E-05 0.488028 9.9955E-05 0.18028 9.9955E-05 0.208691
9.9955E-05 0.0227622 9.9955E-05 0.126797 0.0549604 9.9955E-05 9.9955E-05 9.9955E-05 0.794981
0.0221512 9.9946E-05 9.9946E-05 0.0727324 9.9946E-05 9.9946E-05 9.9946E-05 9.9946E-05 0.904517
0.0114441 9.9964E-05 9.9964E-05 0.0148941 0.445646 9.9964E-05 0.0646354 9.9964E-05 0.46298
0.0353185 9.9964E-05 0.00982631 9.9964E-05 0.499325 9.9964E-05 0.13695 9.9964E-05 0.31818
9.9955E-05 9.9955E-05 9.9955E-05 9.9955E-05 0.397679 0.00918728 9.9955E-05 0.0157287 0.576906
0.00858694 9.9973E-05 0.052585 0.0541081 0.399964 9.9973E-05 0.0102202 9.9973E-05 0.474236
9.9955E-05 9.9955E-05 0.0256365 9.9955E-05 0.468762 9.9955E-05 0.0249745 9.9955E-05 0.480127
0.0604226 9.9973E-05 0.0466146 0.0382915 0.0917559 9.9973E-05 9.9973E-05 0.722925 0.0396905
0.0333026 0.0561967 0.125262 9.9973E-05 9.9973E-05 0.104262 9.9973E-05 0.654616 0.0260604
0.0364738 9.9955E-05 0.106373 9.9955E-05 9.9955E-05 0.0160913 9.9955E-05 0.840562 9.9955E-05
0.138463 9.9955E-05 9.9955E-05 9.9955E-05 9.9955E-05 9.9955E-05 0.102656 0.73442 0.0239616
0.0418325 0.0606036 0.0771873 0.261041 0.507618 9.9982E-05 9.9982E-05 0.00946319 0.0420551
0.00306398 9.9982E-05 0.0578989 0.450867 0.381327 9.9982E-05 0.0535731 0.0248426 0.0282277
0.0444613 9.9955E-05 9.9955E-05 0.385457 0.502893 9.9955E-05 9.9955E-05 9.9955E-05 0.0666886
9.9955E-05 9.9955E-05 9.9955E-05 0.241206 0.598833 9.9955E-05 9.9955E-05 0.126243 0.0332181
9.9982E-05 0.00535589 0.0842984 0.213943 0.547673 0.0448842 9.9982E-05 0.101522 0.00212412
9.9982E-05 0.031962 9.9982E-05 0.507499 0.225717 0.102134 0.0100333 0.0514972 0.0709582
0.0101231 9.9955E-05 9.9955E-05 0.370878 0.530802 9.9955E-05 0.0876971 9.9955E-05 9.9955E-05
0.0312338 0.0852596 9.9964E-05 0.361389 0.424201 9.9964E-05 9.9964E-05 9.9964E-05 0.097516
0.00841427 9.9973E-05 0.102658 9.9973E-05 0.491721 9.9973E-05 0.084743 0.280379 0.0317846
9.9973E-05 0.0522695 0.0213445 0.352685 0.275982 9.9973E-05 0.221416 9.9973E-05 0.0760035
0.0193405 9.9955E-05 9.9955E-05 0.491191 0.377602 0.111366 9.9955E-05 9.9955E-05 9.9955E-05
0.00479274 9.9964E-05 9.9964E-05 0.328081 0.546835 9.9964E-05 9.9964E-05 0.0746649 0.0452267
0.0086828 9.9982E-05 0.020836 0.429515 0.375449 0.0152875 9.9982E-05 0.0311382 0.118892
0.0207167 9.9964E-05 0.0434383 0.400418 0.530276 9.9964E-05 9.9964E-05 9.9964E-05 0.00475095
0.00834719 9.9973E-05 0.00280355 0.261448 0.572502 9.9973E-05 9.9973E-05 0.0922623 0.0623365
9.9946E-05 9.9946E-05 9.9946E-05 0.827118 0.0516165 9.9946E-05 9.9946E-05 9.9946E-05 0.120666
9.9973E-05 0.082606 0.0763854 0.57427 0.254871 9.9973E-05 9.9973E-05 0.00330872 0.00825928
9.9955E-05 9.9955E-05 9.9955E-05 0.555046 0.293481 0.0784329 0.0725402 9.9955E-05 9.9955E-05
9.9946E-05 0.165854 9.9946E-05 0.793469 9.9946E-05 9.9946E-05 9.9946E-05 9.9946E-05 0.0400775
0.0213846 9.9973E-05 9.9973E-05 0.330044 0.422403 0.0851128 0.102408 9.9973E-05 0.0383475
0.000145701 0.19906 9.9973E-05 0.567606 0.154128 0.0247606 9.9973E-05 9.9973E-05 0.054
9.9946E-05 0.204636 9.9946E-05 0.71015 9.9946E-05 9.9946E-05 9.9946E-05 9.9946E-05 0.0846144
0.0331659 9.9982E-05 0.0444856 0.308234 0.544618 0.0100317 9.9982E-05 0.031439 0.0278259
0.0235169 0.00777604 9.9991E-05 0.629926 0.203863 0.0662114 0.014892 0.0278146 0.0259002
0.000420632 0.0385597 0.0109086 0.387157 0.44334 0.0700837 0.0493308 9.9982E-05 9.9982E-05
0.041413 0.00029602 9.9973E-05 0.246484 0.454338 9.9973E-05 0.243305 9.9973E-05 0.0138642
9.9955E-05 9.9955E-05 9.9955E-05 0.332429 0.459612 0.0996145 0.107845 9.9955E-05 9.9955E-05
9.9964E-05 0.168839 0.0994307 9.9964E-05 0.387912 0.231698 9.9964E-05 9.9964E-05 0.11172
9.9982E-05 9.9982E-05 0.0537842 0.272461 0.507094 0.0239857 0.0183294 0.0522245 0.0719219
0.0113645 9.9973E-05 9.9973E-05 0.375567 0.438012 0.0512421 0.106564 0.0169504 9.9973E-05
9.9955E-05 0.015784 9.9955E-05 0.575504 0.32903 9.9955E-05 9.9955E-05 9.9955E-05 0.0791829
0.0474115 0.0524368 0.0652847 0.218626 0.478958 0.0100198 9.9991E-05 0.0641556 0.063008
0.0976812 0.0360924 9.9973E-05 0.0371125 0.0111239 0.286724 9.9973E-05 0.530966 9.9973E-05
0.0797417 0.0274658 9.9982E-05 0.0109226 0.0265027 0.148151 0.0782708 0.628745 9.9982E-05
0.137875 0.100491 9.9964E-05 9.9964E-05 9.9964E-05 0.100896 9.9964E-05 0.652992 0.00734654
0.0899394 0.0476966 9.9964E-05 9.9964E-05 9.9964E-05 0.128279 9.9964E-05 0.697822 0.0358626
0.0551259 0.0786809 9.9964E-05 9.9964E-05 0.0194724 0.159181 9.9964E-05 0.68714 9.9964E-05
9.9964E-05 9.9964E-05 9.9964E-05 0.707242 0.059963 0.139955 0.0147688 0.0776715 9.9964E-05
0.0492114 0.0619308 9.9973E-05 0.685998 0.146108 0.0532672 9.9973E-05 0.00318529 9.9973E-05
9.9955E-05 0.0230004 9.9955E-05 0.75576 0.174117 9.9955E-05 9.9955E-05 9.9955E-05 0.0466235
