9.9946E-05 9.9946E-05 9.9946E-05 0.780832 9.9946E-05 9.9946E-05 9.9946E-05 0.155717 0.0628504
9.9955E-05 9.9955E-05 0.0414654 0.832657 9.9955E-05 9.9955E-05 0.0686168 0.0567614 9.9955E-05
9.9955E-05 0.0324517 9.9955E-05 0.732276 9.9955E-05 9.9955E-05 9.9955E-05 0.198268 0.0365051
9.9973E-05 0.0468323 0.00451535 0.749271 9.9973E-05 0.0431131 9.9973E-05 0.0734693 0.0824989
9.9955E-05 9.9955E-05 0.0228208 0.827636 0.0255342 9.9955E-05 9.9955E-05 0.123509 9.9955E-05
9.9955E-05 9.9955E-05 0.00802169 0.529229 0.351963 9.9955E-05 9.9955E-05 0.110287 9.9955E-05
9.9946E-05 9.9946E-05 9.9946E-05 0.743562 0.255173 0.000664469 9.9946E-05 9.9946E-05 9.9946E-05
9.9955E-05 9.9955E-05 9.9955E-05 0.677398 0.256485 0.0372263 9.9955E-05 9.9955E-05 0.0283911
0.010043 9.99639E-05 0.0264494 0.769153 9.99639E-05 9.99639E-05 0.0814746 9.99639E-05 0.11248
9.9964E-05 9.9964E-05 0.0037586 0.63695 0.222356 0.0533894 9.9964E-05 0.0831464 9.9964E-05
9.9955E-05 0.0178976 9.9955E-05 0.652738 0.2925 9.9955E-05 9.9955E-05 9.9955E-05 0.0363646
0.178676 0.277418 9.9964E-05 9.9964E-05 0.0417772 0.132391 9.9964E-05 9.9964E-05 0.369337
0.0830984 0.533895 9.9982E-05 9.9982E-05 0.0192772 0.00223769 0.148575 0.0489044 0.163813
0.00142837 0.34271 0.0744359 9.9973E-05 9.9973E-05 0.0188249 0.154973 9.9973E-05 0.407328
0.0859839 0.31506 0.0372328 9.9982E-05 9.9982E-05 0.122963 0.075553 0.0245342 0.338472
0.102649 0.302407 0.08217 0.124844 0.0789035 0.135073 9.9991E-05 0.0322782 0.141576
0.140454 0.439263 0.0655857 0.0212641 0.0408983 0.116959 0.108657 0.0547475 0.0121702
0.108848 0.480767 9.9973E-05 9.9973E-05 0.0968141 0.123347 0.0166876 9.9973E-05 0.173236
0.18401 0.316021 9.9973E-05 0.113645 9.9973E-05 0.0615998 0.0863646 9.9973E-05 0.238059
0.126828 9.9973E-05 9.9973E-05 0.0239031 0.135454 0.100626 0.0617139 9.9973E-05 0.551175
0.184926 0.341444 0.0371808 0.0313619 0.0537433 0.0855197 9.9991E-05 0.0586295 0.207095
0.0576215 0.491138 0.0705484 9.9982E-05 0.0297652 0.0392478 0.176329 9.9982E-05 0.135151
0.0787241 0.539644 0.0611977 0.0689462 0.0138354 0.0443399 9.9982E-05 9.9982E-05 0.193112
0.20844 0.255364 9.9991E-05 0.0241141 0.0719104 0.117147 0.0457663 0.0327652 0.244393
0.0470632 0.576334 0.0244454 0.000945374 0.0662614 0.0288625 0.0483847 0.170299 0.0374043
0.0427394 0.527099 9.9982E-05 0.0142573 9.9982E-05 0.0765542 0.0886239 0.0788751 0.171651
0.236234 0.19721 0.048478 0.00481391 9.9982E-05 0.1026 0.0559395 9.9982E-05 0.354526
0.155423 0.288408 9.9964E-05 9.9964E-05 9.9964E-05 0.132518 0.0959977 9.9964E-05 0.327254
0.0980818 0.251853 0.0643241 9.9982E-05 0.0806704 0.0353903 0.0755883 9.9982E-05 0.393892
9.9946E-05 0.139194 9.9946E-05 0.802668 9.9946E-05 0.0575385 9.9946E-05 9.9946E-05 9.9946E-05
9.9946E-05 0.171332 9.9946E-05 0.816443 9.9946E-05 0.0116249 9.9946E-05 9.9946E-05 9.9946E-05
9.9946E-05 0.176935 9.9946E-05 0.800865 9.9946E-05 0.0216009 9.9946E-05 9.9946E-05 9.9946E-05
0.00424458 0.145002 9.9964E-05 0.671403 9.9964E-05 0.0582517 0.1207 9.9964E-05 9.9964E-05
0.190434 0.515788 0.00546246 0.0349718 0.0983799 0.0729838 9.9991E-05 0.00673844 0.0751414
0.284972 0.386041 9.9964E-05 0.0831154 9.9964E-05 9.9964E-05 9.9964E-05 0.145832 0.0996386
0.277365 0.496377 0.0282695 0.0147267 0.0868197 0.0391066 9.9982E-05 0.0571356 9.9982E-05
0.0772848 0.215533 0.0485731 0.0828606 9.9973E-05 9.9973E-05 0.0257877 9.9973E-05 0.549661
0.510823 0.397522 9.9955E-05 9.9955E-05 9.9955E-05 0.00304999 0.0881054 9.9955E-05 9.9955E-05
0.140136 0.550309 9.9973E-05 0.0445542 9.9973E-05 0.0210334 0.131631 9.9973E-05 0.112036
0.1274 0.542358 9.9955E-05 9.9955E-05 0.0696444 9.9955E-05 9.9955E-05 0.260097 9.9955E-05
0.0773855 0.489279 9.9973E-05 0.0666162 0.292783 0.0696123 9.9973E-05 9.9973E-05 0.00402396
0.102926 0.529387 9.9973E-05 0.0714704 0.132357 9.9973E-05 9.9973E-05 0.142965 0.0205949
0.627685 0.0981466 9.9973E-05 0.000555227 9.9973E-05 9.9973E-05 0.0714269 0.0285784 0.173308
0.0682091 0.390592 9.9955E-05 9.9955E-05 0.309992 9.9955E-05 9.9955E-05 0.230706 9.9955E-05
0.239092 0.551335 9.9982E-05 0.0291273 0.0428249 0.0430474 0.0118213 0.082553 9.9982E-05
0.151932 0.499571 0.0307091 0.126762 0.00180673 0.0963584 0.0926612 9.9982E-05 9.9982E-05
0.624826 0.333389 0.00238861 9.9955E-05 9.9955E-05 9.9955E-05 0.0388962 9.9955E-05 9.9955E-05
0.244024 0.510947 0.00241816 9.9964E-05 0.0544717 9.9964E-05 9.9964E-05 0.187739 9.9964E-05
0.127103 0.416297 9.9982E-05 0.0674094 0.0795959 0.0769589 9.9982E-05 0.167059 0.0653775
0.732544 9.9955E-05 0.0484062 0.00168384 9.9955E-05 9.9955E-05 0.216866 9.9955E-05 9.9955E-05
0.233141 0.203013 0.0659396 9.9973E-05 0.0532429 9.9973E-05 0.038897 9.9973E-05 0.405467
0.242345 0.0705507 0.116614 9.9973E-05 0.217823 9.9973E-05 0.178466 9.9973E-05 0.173901
0.0881429 0.578383 0.0140794 0.0595616 9.9982E-05 9.9982E-05 0.0325074 0.0823604 0.144765
0.0832307 0.508167 0.157278 0.0887279 9.9973E-05 9.9973E-05 9.9973E-05 0.122156 0.040141
0.0416597 0.578708 0.0926972 0.010259 0.10329 9.9991E-05 0.0488354 0.0684361 0.0560145
0.255438 0.0919671 9.9973E-05 0.0789894 0.160031 9.9973E-05 9.9973E-05 0.10906 0.304214
9.9964E-05 0.602775 0.0925538 9.9964E-05 9.9964E-05 9.9964E-05 0.0472915 0.0533741 0.203605
0.0170082 0.529174 0.0466171 0.0431064 0.0612725 0.0487765 0.0940609 0.113552 0.0464319
0.136307 0.276677 0.0102038 0.105336 0.17356 9.9982E-05 9.9982E-05 0.159005 0.138711
0.187892 0.0623707 0.0168176 0.159239 0.10616 9.9991E-05 0.103323 0.0952287 0.26887
0.132668 0.454835 0.00455775 9.9991E-05 0.0614333 0.0184436 0.134767 0.10942 0.0837758
0.12789 0.254665 0.0422624 9.9973E-05 9.9973E-05 9.9973E-05 0.145715 0.220454 0.208714
0.208434 0.0561541 0.0534395 0.0325964 0.0685941 9.9982E-05 0.0939611 9.9982E-05 0.486621
0.111736 0.490132 0.0688174 9.9973E-05 9.9973E-05 9.9973E-05 0.135131 0.0153672 0.178516
9.9973E-05 0.573058 0.119158 9.9973E-05 0.0744867 9.9973E-05 0.0178335 0.147905 0.0672586
9.9982E-05 0.587098 0.0194389 0.0671722 0.0885869 9.9982E-05 0.0722437 0.0583803 0.10688
0.11005 0.281557 0.0570724 9.9991E-05 0.0694417 0.0686586 0.149358 0.0118389 0.251923
9.9964E-05 0.556835 0.0459141 9.9964E-05 9.9964E-05 0.0179054 0.175641 9.9964E-05 0.203305
0.0129956 0.419388 0.0925645 0.043025 0.0297848 9.9991E-05 0.0564047 0.226525 0.119212
0.185846 0.256208 0.073726 9.9964E-05 9.9964E-05 9.9964E-05 0.130672 9.9964E-05 0.353148
0.345357 0.570622 0.0276965 9.9973E-05 0.00224738 0.00649018 9.9973E-05 9.9973E-05 0.0472867
0.702706 0.185587 9.9964E-05 0.0108213 9.9964E-05 0.0348944 9.9964E-05 9.9964E-05 0.0655915
0.134406 0.478949 0.0191978 0.0310941 0.116638 9.9982E-05 9.9982E-05 0.203412 0.0161032
0.846657 9.9955E-05 0.0405484 9.9955E-05 0.045367 9.9955E-05 0.0669284 9.9955E-05 9.9955E-05
0.83883 0.00852807 0.0921354 9.9964E-05 0.00909077 9.9964E-05 0.051016 9.9964E-05 9.9964E-05
0.747232 0.252069 9.9937E-05 9.9937E-05 9.9937E-05 9.9937E-05 9.9937E-05 9.9937E-05 9.9937E-05
0.408126 0.474866 0.00322771 0.0204889 0.0928906 9.9964E-05 9.9964E-05 9.9964E-05 9.9964E-05
0.100371 0.518745 0.117706 0.187592 9.9973E-05 0.072718 9.9973E-05 9.9973E-05 0.00256819
0.418928 0.389984 9.9973E-05 9.9973E-05 0.00185622 9.9973E-05 0.0629085 0.0992058 0.0268181
0.654723 0.152571 9.9964E-05 0.031361 9.9964E-05 0.039762 9.9964E-05 9.9964E-05 0.121183
0.463288 0.262279 9.9964E-05 0.0489378 9.9964E-05 0.00315163 9.9964E-05 9.9964E-05 0.221943
0.17845 0.476658 0.0277263 0.00922107 0.0415254 0.0423223 9.9991E-05 0.125847 0.0981506
0.55414 0.291519 9.9973E-05 0.0322359 0.0114504 0.0519234 9.9973E-05 9.9973E-05 0.0584309
0.452563 0.325323 9.9982E-05 0.0113682 0.104523 0.0198603 9.9982E-05 0.0695205 0.0166421
0.565028 0.331541 9.9955E-05 9.9955E-05 0.0599778 9.9955E-05 9.9955E-05 0.0429531 9.9955E-05
0.652881 9.9964E-05 0.0952017 9.9964E-05 0.146999 9.9964E-05 0.0562046 0.0483144 9.9964E-05
0.29337 0.587175 9.9964E-05 9.9964E-05 9.9964E-05 0.057736 9.9964E-05 0.00587549 0.0554434
0.00360821 0.0911471 9.9973E-05 0.742225 9.9973E-05 0.027028 9.9973E-05 0.0504532 0.0852384
9.9946E-05 0.0915688 9.9946E-05 0.886723 9.9946E-05 9.9946E-05 9.9946E-05 0.0211081 9.9946E-05
9.9955E-05 0.0586352 9.9955E-05 0.827435 9.9955E-05 9.9955E-05 0.00173129 0.111698 9.9955E-05
9.9946E-05 9.9946E-05 9.9946E-05 0.806381 9.9946E-05 9.9946E-05 0.101004 0.092016 9.9946E-05
9.9955E-05 0.0949928 9.9955E-05 0.803913 9.9955E-05 9.9955E-05 0.0513416 0.0492526 9.9955E-05
0.0124548 0.00438317 0.0274104 0.859299 0.00264774 0.0214836 0.0244796 0.0477415 9.9991E-05
9.99461E-05 9.99461E-05 9.99461E-05 0.837499 9.99461E-05 9.99461E-05 9.99461E-05 0.127513 0.0343884
0.308766 0.399395 9.9982E-05 0.10791 0.0304131 0.0832163 0.0621793 9.9982E-05 0.00792077
0.245504 0.343061 9.9982E-05 0.108635 0.098726 0.157739 0.0392725 9.9982E-05 0.00686202
0.815486 0.0519514 0.0119849 0.0195625 9.9973E-05 9.9973E-05 0.00980327 9.9973E-05 0.0909119
0.00884872 0.552694 0.106458 0.0792915 0.148058 0.0730811 0.0313685 9.9982E-05 9.9982E-05
0.374878 0.437479 9.9964E-05 0.120311 0.0359872 9.9964E-05 9.9964E-05 9.9964E-05 0.0309448
0.257421 0.552181 0.0336388 0.0632566 0.00257594 0.0104994 0.00956481 0.0298561 0.0410055
0.332575 0.492514 0.0763402 0.0742149 0.00579638 0.0182276 9.9982E-05 9.9982E-05 0.000131749
0.409096 0.436024 0.0206863 0.028334 9.9973E-05 0.0306401 9.9973E-05 0.0749196 9.9973E-05
0.785835 9.9955E-05 9.9955E-05 0.0685431 0.00119719 9.9955E-05 9.9955E-05 9.9955E-05 0.143925
0.0622534 0.577203 0.0380962 0.115908 0.0854362 0.0240806 0.0807171 0.0112219 0.00508281
0.163677 0.654268 9.9964E-05 0.0364999 0.0940998 9.9964E-05 0.0510559 9.9964E-05 9.9964E-05
0.090624 0.603826 9.9964E-05 9.9964E-05 9.9964E-05 0.118776 0.134937 9.9964E-05 0.0514372
0.539424 0.289914 0.0250603 9.9955E-05 9.9955E-05 9.9955E-05 0.145102 9.9955E-05 9.9955E-05
0.363576 0.483532 0.0770799 9.9973E-05 9.9973E-05 0.0129413 0.0242219 0.0383491 9.9973E-05
0.372874 0.442902 0.0122699 0.0644136 9.9982E-05 9.9982E-05 0.0312086 0.0108707 0.0652607
0.609521 0.263171 9.9946E-05 9.9946E-05 9.9946E-05 0.126708 9.9946E-05 9.9946E-05 9.9946E-05
0.383282 0.456567 9.9964E-05 0.00941927 9.9964E-05 9.9964E-05 9.9964E-05 0.00944067 0.14089
0.0996001 0.572304 0.00975679 0.061253 9.9982E-05 9.9982E-05 0.0210636 0.0383083 0.197514
0.0427415 0.281462 0.253406 9.9973E-05 9.9973E-05 9.9973E-05 0.159057 0.00683641 0.256197
0.105853 0.316377 0.0536238 0.0580238 0.088597 0.0749524 0.0148674 0.0863464 0.201359
9.9982E-05 0.496524 0.161293 0.0677011 9.9982E-05 0.0560206 0.0252233 0.0708746 0.122164
0.0467601 0.455223 0.0754351 0.0919276 0.115337 0.0346932 9.9991E-05 0.137585 0.0429389
9.9973E-05 0.542714 0.06909 9.9973E-05 0.0262991 9.9973E-05 0.016377 0.0495678 0.295652
9.9973E-05 0.649076 0.0513455 0.0230033 9.9973E-05 0.0414276 9.9973E-05 0.00866907 0.226179
0.0349646 0.469358 0.0751358 0.0294782 0.0199396 0.0508262 0.0014013 0.0361034 0.282793
0.0718862 0.417942 0.10622 0.0445429 0.143922 9.9991E-05 0.00207081 0.133038 0.0802779
0.0865894 0.550062 0.0490151 9.9982E-05 0.0529373 0.0407456 0.176876 9.9982E-05 0.043574
0.126982 0.615626 0.0108205 0.100075 9.9973E-05 9.9973E-05 0.03841 9.9973E-05 0.107787
9.9955E-05 0.577375 0.0705274 0.0166246 9.9955E-05 9.9955E-05 9.9955E-05 9.9955E-05 0.334974
9.9964E-05 0.557859 9.9964E-05 9.9964E-05 0.200303 9.9964E-05 0.0626611 0.172718 0.0060588
0.0459666 0.498887 0.00696007 0.0740446 0.112235 0.0686548 9.9991E-05 0.11219 0.0809624
0.0474481 0.601079 0.130648 9.9973E-05 9.9973E-05 0.0493833 0.00986478 9.9973E-05 0.161276
0.0449451 0.535192 0.0327288 0.0174095 0.0679238 9.9991E-05 0.0942561 0.0822589 0.125186
0.0158237 0.550651 0.081618 9.9991E-05 0.0269152 0.0522051 0.116889 0.0110456 0.144752
9.9982E-05 0.383215 0.0466242 0.0658658 0.109483 9.9982E-05 0.076057 0.0842099 0.234346
9.9982E-05 0.648794 0.0799654 0.00567925 9.9982E-05 0.00327399 0.087211 0.0616064 0.11327
9.9973E-05 0.740008 0.0344874 9.9973E-05 0.00596071 9.9973E-05 0.0939571 0.0422992 0.0829881
0.169972 0.188428 0.145694 9.9973E-05 0.0496764 0.132693 9.9973E-05 9.9973E-05 0.313236
0.0579519 0.164675 0.259267 9.9973E-05 9.9973E-05 9.9973E-05 0.207954 0.0194535 0.290399
0.0584156 0.495557 0.010817 0.0155622 0.146725 0.0821233 9.9982E-05 9.9982E-05 0.1906
0.0851641 0.194507 0.304087 9.9973E-05 0.0224654 9.9973E-05 0.152692 9.9973E-05 0.240785
0.151419 0.276723 0.072358 0.0101639 9.9973E-05 9.9973E-05 9.9973E-05 0.0155523 0.473484
0.0722723 0.432892 0.134714 0.0241789 9.9973E-05 9.9973E-05 0.00507793 9.9973E-05 0.330564
0.09148 0.382212 0.0273207 0.0478478 0.00561447 9.9982E-05 0.0303852 9.9982E-05 0.414939
0.0224461 0.344538 0.0801813 0.0433381 0.0525896 0.0137705 9.9982E-05 9.9982E-05 0.442937
0.0108895 0.675553 9.9982E-05 0.0239029 0.0631774 9.9982E-05 0.0093164 0.0502682 0.166692
0.0722831 0.585492 0.0506765 0.031301 0.0980108 0.0162774 0.0948982 0.0158556 0.0352058
0.0647829 0.497222 0.0797765 0.0555114 0.035738 0.133132 0.0591207 9.9991E-05 0.0746169
0.0627582 0.27165 0.14358 9.9973E-05 9.9973E-05 0.0239678 0.14051 9.9973E-05 0.357234
0.0517801 0.45597 0.0266692 0.171328 0.12675 0.0571203 9.9991E-05 0.0412889 0.0689934
0.0722732 0.447543 0.00868585 0.00598067 0.266331 0.0201503 0.135804 0.0431315 9.9991E-05
0.128647 9.9982E-05 0.226823 0.0541034 0.241795 9.9982E-05 0.242138 0.00742058 0.0988719
0.0500155 0.659432 0.0733886 0.106104 0.0173781 0.0202455 0.073236 9.9982E-05 9.9982E-05
0.206571 0.247859 0.118992 0.0154066 0.137164 0.0336903 0.163903 0.0736763 0.00273792
9.9973E-05 0.463221 0.133103 9.9973E-05 0.0161486 9.9973E-05 0.161656 0.139456 0.0861164
0.074043 0.2751 0.0410505 9.9973E-05 0.278036 9.9973E-05 0.269967 9.9973E-05 0.0615038
0.0390223 0.192375 0.127577 0.0135656 0.413801 9.9982E-05 0.0869966 9.9982E-05 0.126463
0.108406 0.40172 0.141901 0.0942713 0.189506 9.9991E-05 0.00419164 0.0262902 0.0336129
0.0382048 0.531306 0.111344 0.0909227 0.113894 0.0337181 0.0736128 9.9991E-05 0.00689687
0.0749165 0.419423 0.118991 0.0692457 0.134881 0.0829627 0.0655744 9.9991E-05 0.0339061
0.315846 9.9982E-05 0.0817861 9.9982E-05 0.148604 0.142284 0.246723 0.0108783 0.0536789
0.0225985 0.559771 0.108648 0.134661 0.0819134 0.0355707 0.0566376 9.9982E-05 9.9982E-05
0.122391 0.360188 0.0560867 9.9973E-05 0.246622 9.9973E-05 0.0926562 9.9973E-05 0.121756
0.0910947 0.485576 0.0696817 9.9973E-05 0.160484 9.9973E-05 0.104853 9.9973E-05 0.0880101
0.142304 0.535239 9.9982E-05 0.143752 0.0502139 0.0618769 9.9982E-05 0.0470819 0.0193319
9.9982E-05 0.071749 9.9982E-05 0.203686 0.194598 0.190795 0.183187 0.153725 0.00205953
9.9964E-05 9.9964E-05 9.9964E-05 0.377677 0.107862 0.105705 0.405418 0.00293805 9.9964E-05
9.9964E-05 9.9964E-05 0.0652083 0.299646 0.0423085 0.0982365 0.494201 9.9964E-05 9.9964E-05
9.9982E-05 0.0610803 9.9982E-05 0.243817 0.0820595 0.136419 0.277383 0.19258 0.00646081
0.0492198 0.614388 0.0209833 9.9973E-05 0.269937 0.0213733 0.0237981 9.9973E-05 9.9973E-05
0.0310246 0.580207 0.0191549 0.0346455 0.0851225 0.0234572 0.087177 9.9991E-05 0.139111
9.9937E-05 0.345012 9.9937E-05 9.9937E-05 9.9937E-05 0.654289 9.9937E-05 9.9937E-05 9.9937E-05
0.00680282 0.322222 0.0755875 9.9982E-05 9.9982E-05 0.418376 0.0127323 0.0440335 0.120046
0.0859988 0.302161 9.9982E-05 0.00220799 9.9982E-05 0.418009 0.0250703 0.0449557 0.121398
0.0576372 0.24079 0.246214 9.9982E-05 0.388608 0.0263279 0.0311464 0.00907559 9.9982E-05
0.00943449 0.500746 0.0166831 9.9991E-05 0.174938 0.139375 0.0669079 0.0414684 0.0503468
0.0922425 0.111078 0.242268 9.9964E-05 0.473142 9.9964E-05 0.0808688 9.9964E-05 9.9964E-05
0.0727413 0.493108 0.0152246 9.9973E-05 0.259833 9.9973E-05 0.0835691 0.0752238 9.9973E-05
0.0215942 0.477057 0.203513 0.070609 0.22352 9.9973E-05 9.9973E-05 9.9973E-05 0.00340726
9.9982E-05 0.50992 0.0618884 9.9982E-05 0.253306 0.0312062 0.0620012 0.0743607 0.00711737
0.137813 0.153134 0.174773 9.9982E-05 0.369311 0.0214911 0.10191 9.9982E-05 0.0413684
0.0529521 0.606674 9.9991E-05 0.0348266 0.104773 0.118572 0.0684329 0.000524871 0.0131444
9.9991E-05 0.514961 0.120179 0.0500421 0.0768371 0.0199067 0.0867183 0.087517 0.0437389
9.9946E-05 9.9946E-05 0.0142461 9.9946E-05 9.9946E-05 0.827388 9.9946E-05 0.157766 9.9946E-05
9.9946E-05 0.0941813 9.9946E-05 9.9946E-05 9.9946E-05 0.854229 9.9946E-05 0.05099 9.9946E-05
0.129934 0.185718 9.99748E-05 0.0913244 0.00464319 0.48752 9.99748E-05 0.10056 9.99748E-05
9.9964E-05 0.245113 0.000199904 9.9964E-05 9.9964E-05 0.568914 9.9964E-05 0.157657 0.0277164
0.00218145 0.0901293 9.9973E-05 9.9973E-05 0.0635001 0.757966 0.0290193 0.0569034 9.9973E-05
9.9937E-05 9.9937E-05 9.9937E-05 9.9937E-05 9.9937E-05 0.996868 0.00243219 9.9937E-05 9.9937E-05
9.9946E-05 9.9946E-05 9.9946E-05 9.9946E-05 9.9946E-05 0.88276 9.9946E-05 0.0721472 0.0444928
9.9946E-05 0.10791 9.9946E-05 9.9946E-05 9.9946E-05 0.794781 9.9946E-05 0.0967091 9.9946E-05
9.9946E-05 0.0357268 9.9946E-05 9.9946E-05 9.9946E-05 0.93606 9.9946E-05 9.9946E-05 0.0276134
9.9937E-05 9.9937E-05 9.9937E-05 9.9937E-05 9.9937E-05 0.986884 0.0124162 9.9937E-05 9.9937E-05
9.9937E-05 9.9937E-05 9.9937E-05 9.9937E-05 9.9937E-05 0.998363 0.000937452 9.9937E-05 9.9937E-05
9.9973E-05 0.131466 0.0430369 0.0218549 0.00262399 0.780299 9.9973E-05 0.0204188 9.9973E-05
9.9964E-05 0.115279 9.9964E-05 0.0621985 9.9964E-05 0.717813 0.0338554 0.0704533 9.9964E-05
0.0190218 0.0350869 9.9946E-05 9.9946E-05 9.9946E-05 0.945292 9.9946E-05 9.9946E-05 9.9946E-05
0.0474227 0.309133 0.0736472 0.0895866 9.9982E-05 0.406162 0.00139031 9.9982E-05 0.0724578
9.9964E-05 0.250727 9.9964E-05 0.0228148 9.9964E-05 0.576037 9.9964E-05 0.0746184 0.0754033
9.9964E-05 0.162223 9.9964E-05 0.0191046 9.9964E-05 0.616518 0.0541785 0.147576 9.9964E-05
0.0188698 0.0329734 9.9973E-05 0.000757798 9.9973E-05 0.828807 0.0421648 0.0761272 9.9973E-05
9.9937E-05 9.9937E-05 9.9937E-05 9.9937E-05 9.9937E-05 0.821892 9.9937E-05 0.177408 9.9937E-05
9.9955E-05 0.0585782 9.9955E-05 0.0440528 9.9955E-05 0.870517 9.9955E-05 0.026352 9.9955E-05
9.9937E-05 9.9937E-05 9.9937E-05 9.9937E-05 9.9937E-05 0.935914 9.9937E-05 0.0633869 9.9937E-05
9.9982E-05 0.0975141 0.00242232 0.0690768 0.0565393 0.464218 9.9982E-05 0.269173 0.0408563
0.0447593 9.9964E-05 0.0489322 0.0294709 9.9964E-05 0.828771 9.9964E-05 0.0476668 9.9964E-05
9.9964E-05 9.9964E-05 0.0956353 0.213005 0.485491 0.00521365 0.200255 9.9964E-05 9.9964E-05
0.0143185 0.339791 0.0112231 0.131382 0.188309 9.9991E-05 0.0973128 0.116319 0.101244
0.0242097 0.269409 9.9982E-05 0.217798 0.344172 0.0271834 0.0224772 0.0945517 9.9982E-05
0.0920891 0.102358 0.0192151 0.1224 0.324084 9.9982E-05 0.166634 0.17302 9.9982E-05
0.0694093 0.318537 0.0663066 0.0793791 0.194425 0.0703647 9.9982E-05 0.201379 9.9982E-05
0.131939 0.0950379 0.0350444 0.155262 0.276586 0.0965299 0.209401 9.9982E-05 9.9982E-05
9.9991E-05 0.342937 0.0991063 0.130353 0.155134 0.0727014 0.033665 0.124421 0.0415825
0.100873 0.114633 0.0102327 0.0594738 0.349128 0.141445 0.0239839 0.200131 9.9991E-05
0.0527513 0.258205 0.0424481 0.0591618 0.221125 0.146636 0.075472 0.137793 0.00640884
9.9982E-05 0.193636 0.0361036 0.0520941 0.328971 0.060599 0.0771987 0.251198 9.9982E-05
0.0355677 0.469823 0.00425982 0.148095 0.216446 0.0941999 9.9982E-05 9.9982E-05 0.0314079
9.9955E-05 9.9955E-05 9.9955E-05 0.732471 0.0382532 9.9955E-05 9.9955E-05 0.129885 0.0988904
9.9946E-05 9.9946E-05 9.9946E-05 0.79759 9.9946E-05 9.9946E-05 0.0553269 0.146484 9.9946E-05
9.9955E-05 9.9955E-05 9.9955E-05 0.849284 9.9955E-05 9.9955E-05 0.091828 0.0562453 0.00214326
9.9955E-05 0.0100643 9.9955E-05 0.89247 9.9955E-05 9.9955E-05 0.0502584 9.9955E-05 0.0467073
9.9955E-05 9.9955E-05 9.9955E-05 0.775807 9.9955E-05 9.9955E-05 0.0994343 0.0699639 0.0542947
9.9964E-05 9.9964E-05 0.0122442 0.826586 9.9964E-05 0.094092 0.0570585 0.00961975 9.9964E-05
0.0118733 9.9964E-05 9.9964E-05 0.82185 9.9964E-05 0.0932422 0.0435901 0.0290446 9.9964E-05
9.9973E-05 0.0227304 0.0495361 0.810826 0.0148888 9.9973E-05 0.0878777 9.9973E-05 0.0138406
0.0100936 0.0440118 9.9964E-05 0.829138 9.9964E-05 9.9964E-05 0.0694786 0.0468784 9.9964E-05
9.9955E-05 9.9955E-05 9.9955E-05 0.753193 9.9955E-05 0.0262861 0.0957058 0.124315 9.9955E-05
0.128338 9.9955E-05 0.0380536 0.595254 9.9955E-05 9.9955E-05 9.9955E-05 9.9955E-05 0.237855
0.0820159 9.9955E-05 9.9955E-05 0.55342 9.9955E-05 9.9955E-05 9.9955E-05 0.0521453 0.311919
0.0146514 9.9973E-05 0.0627516 0.454158 0.0156421 9.9973E-05 0.0910011 9.9973E-05 0.361495
0.0745083 9.9964E-05 0.110614 0.477421 0.0721932 9.9964E-05 9.9964E-05 9.9964E-05 0.264864
0.372891 0.460817 0.0487505 0.0793904 9.9964E-05 9.9964E-05 9.9964E-05 9.9964E-05 0.0377511
0.314721 0.417783 0.0829697 0.0412278 9.9982E-05 0.10718 9.9982E-05 0.00112507 0.0347938
0.145502 0.522569 0.0142735 9.9973E-05 0.0817328 9.9973E-05 9.9973E-05 0.0587856 0.176837
0.181497 0.427362 0.0262918 0.0651519 9.9973E-05 9.9973E-05 0.0862413 9.9973E-05 0.213155
0.144554 0.199356 0.0228746 9.9982E-05 0.061264 0.00061483 9.9982E-05 0.00220139 0.568935
0.186723 0.49413 0.0416534 0.0703967 0.0782609 9.9973E-05 9.9973E-05 0.128535 9.9973E-05
0.262112 0.525485 0.00853813 0.013931 9.9982E-05 0.0345875 0.0607812 9.9982E-05 0.0943653
0.190667 0.560324 0.0498362 9.9982E-05 0.108742 9.9982E-05 0.0295281 0.0200128 0.0406894
0.563762 0.257256 0.0425281 9.9964E-05 9.9964E-05 0.101022 9.9964E-05 0.035032 9.9964E-05
0.185655 0.567029 0.0669788 0.0813843 0.0193256 0.0262561 9.9991E-05 0.0409288 0.0123429
0.345041 0.421192 0.0517817 9.9973E-05 0.0534053 9.9973E-05 9.9973E-05 0.0420784 0.086201
0.702109 9.9955E-05 0.203644 9.9955E-05 9.9955E-05 9.9955E-05 0.00154186 9.9955E-05 0.0922057
0.127802 0.543749 0.0373431 0.0171641 0.0755106 9.9982E-05 0.109396 9.9982E-05 0.0888344
0.491562 0.290677 0.0778128 0.00282078 9.9973E-05 9.9973E-05 0.130618 9.9973E-05 0.00620903
0.444514 0.442319 0.0223959 0.0011267 9.9973E-05 0.065226 0.0241183 9.9973E-05 9.9973E-05
0.706068 0.0464144 9.9964E-05 0.0306516 9.9964E-05 9.9964E-05 9.9964E-05 0.0178409 0.198626
9.9955E-05 9.9955E-05 9.9955E-05 0.0726431 0.32533 0.00790949 9.9955E-05 9.9955E-05 0.593618
9.9955E-05 9.9955E-05 9.9955E-05 0.0342536 0.365987 9.9955E-05 9.9955E-05 0.0273214 0.571938
9.9937E-05 9.9937E-05 9.9937E-05 9.9937E-05 0.359345 9.9937E-05 9.9937E-05 9.9937E-05 0.639956
0.0139668 9.9955E-05 9.9955E-05 0.106366 0.252601 9.9955E-05 9.9955E-05 9.9955E-05 0.626566
9.9955E-05 9.9955E-05 9.9955E-05 9.9955E-05 0.302687 0.00961865 9.9955E-05 0.0500541 0.63714
9.9955E-05 0.0281829 9.9955E-05 9.9955E-05 0.203191 9.9955E-05 9.9955E-05 0.082392 0.685734
0.0267328 9.9946E-05 9.9946E-05 0.819727 9.9946E-05 9.9946E-05 9.9946E-05 0.15294 9.9946E-05
9.9955E-05 9.9955E-05 9.9955E-05 0.733433 9.9955E-05 9.9955E-05 0.00102062 0.208074 0.0569719
9.9955E-05 0.0256114 9.9955E-05 0.700673 9.9955E-05 0.00289518 9.9955E-05 0.270321 9.9955E-05
9.9955E-05 9.9955E-05 9.9955E-05 0.681841 9.9955E-05 0.0419568 9.9955E-05 0.167368 0.108335
9.9973E-05 9.9973E-05 9.9973E-05 0.710459 0.0391183 0.0976789 0.0266081 0.114039 0.0117961
0.02637 9.9973E-05 0.023601 0.361414 0.0718006 9.9973E-05 0.0214527 9.9973E-05 0.495062
9.9955E-05 9.9955E-05 0.0688616 0.435069 0.108718 9.9955E-05 9.9955E-05 9.9955E-05 0.386851
9.9955E-05 9.9955E-05 0.165714 0.407211 9.9955E-05 9.9955E-05 9.9955E-05 0.012408 0.414167
9.9955E-05 0.142049 9.9955E-05 0.813318 9.9955E-05 0.0319731 9.9955E-05 9.9955E-05 0.0121592
0.0586409 9.9973E-05 0.105178 0.351632 0.0695306 0.0137534 9.9973E-05 9.9973E-05 0.400965
9.9982E-05 0.151446 0.00155359 0.110767 0.0102178 0.179364 0.180989 0.365463 9.9982E-05
0.0202213 0.476154 9.9964E-05 0.0801747 9.9964E-05 0.13133 9.9964E-05 0.291721 9.9964E-05
9.9955E-05 0.439201 9.9955E-05 0.168671 9.9955E-05 0.096395 9.9955E-05 0.295233 9.9955E-05
0.0813741 0.26461 9.9982E-05 0.151161 0.0389626 0.169683 0.0974423 0.196567 9.9982E-05
0.0994603 0.422556 0.0360499 0.134653 0.00772618 0.125513 9.9991E-05 0.151054 0.0228881
9.9964E-05 9.9964E-05 9.9964E-05 0.296817 0.0405479 0.207715 0.341443 0.113077 9.9964E-05
0.057582 0.479082 0.0865416 9.9973E-05 0.0684901 9.9973E-05 9.9973E-05 0.012804 0.2952
0.0267465 0.449881 0.266236 9.9964E-05 9.9964E-05 9.9964E-05 0.141308 9.9964E-05 0.115429
9.9973E-05 0.289877 0.110102 0.0392184 9.9973E-05 9.9973E-05 0.00699473 0.0466993 0.506808
0.0952419 0.441535 0.25148 9.9982E-05 0.040482 9.9982E-05 0.0215737 0.0486006 0.100887
0.258523 9.9955E-05 0.416999 9.9955E-05 9.9955E-05 9.9955E-05 0.184651 9.9955E-05 0.139326
0.0109468 0.521815 0.0502559 0.0351907 9.9982E-05 0.070594 0.147413 9.9982E-05 0.163585
0.0363288 0.539066 0.114957 0.0312619 0.0492972 9.9982E-05 0.0935236 9.9982E-05 0.135366
0.173317 0.335161 0.0673549 0.0449669 9.9973E-05 9.9973E-05 0.00860325 9.9973E-05 0.370297
0.112574 0.477372 9.9982E-05 0.111697 0.019077 9.9982E-05 0.056251 0.12734 0.0954887
0.200163 0.125326 0.21222 9.9973E-05 0.0292599 9.9973E-05 0.19153 9.9973E-05 0.2412
0.14173 0.455383 0.13133 9.9973E-05 9.9973E-05 0.0359291 0.134255 9.9973E-05 0.101073
0.058384 0.551478 0.0502009 0.0700195 9.9973E-05 0.0117869 9.9973E-05 9.9973E-05 0.257831
0.116109 0.185068 0.0237664 0.0742649 0.131071 0.136073 0.0515632 0.224396 0.0576884
9.9955E-05 0.404824 0.27232 9.9955E-05 9.9955E-05 9.9955E-05 0.0777371 9.9955E-05 0.244618
0.10502 0.475759 0.0794893 0.0131178 9.9982E-05 9.9982E-05 0.075162 0.00965823 0.241594
0.019207 0.471431 0.141072 9.9982E-05 0.112136 0.0756816 0.052426 9.9982E-05 0.127846
0.0572707 0.50632 0.0930822 9.9982E-05 0.0690611 9.9982E-05 0.0111054 0.07351 0.189451
0.0535739 0.601149 0.0885454 9.9991E-05 0.0192693 0.0345617 0.0106342 0.0703809 0.121786
0.0656055 0.532362 9.9991E-05 0.0798203 0.0341113 0.0116604 0.0345874 0.14117 0.100583
0.059015 0.550327 0.0722673 9.9973E-05 9.9973E-05 9.9973E-05 0.0635392 0.0940408 0.16051
9.9955E-05 0.0864275 0.0247484 0.75968 9.9955E-05 0.128644 9.9955E-05 9.9955E-05 9.9955E-05
9.9964E-05 0.0620985 0.0625612 0.820934 9.9964E-05 0.00693171 9.9964E-05 0.0470743 9.9964E-05
0.033278 0.0571796 0.0550778 0.74382 0.0346221 9.9982E-05 0.0384649 9.9982E-05 0.0373579
0.0425485 0.000578279 0.0576556 0.810291 9.9973E-05 0.0603092 9.9973E-05 0.0283178 9.9973E-05
9.9955E-05 0.0967788 0.044018 0.799137 9.9955E-05 0.059566 9.9955E-05 9.9955E-05 9.9955E-05
0.0733011 0.225295 0.0342227 9.9973E-05 9.9973E-05 0.0423814 0.0925596 9.9973E-05 0.531941
9.9973E-05 0.629372 0.117916 0.0755273 0.0330422 9.9973E-05 0.0481212 9.9973E-05 0.0957209
0.0701411 0.408797 9.9973E-05 0.175302 0.121697 9.9973E-05 0.0872835 0.136479 9.9973E-05
9.9964E-05 0.685984 0.0253428 9.9964E-05 9.9964E-05 0.0352748 0.112612 9.9964E-05 0.140387
0.10894 0.511447 0.0848547 0.0447313 9.9973E-05 9.9973E-05 0.0702949 9.9973E-05 0.179432
9.9964E-05 0.270193 0.19022 9.9964E-05 9.9964E-05 0.029187 0.180626 9.9964E-05 0.329374
0.180282 0.0390118 9.9964E-05 0.0690182 9.9964E-05 9.9964E-05 0.1866 9.9964E-05 0.524688
0.0550346 0.454883 0.0872239 0.0248276 0.0128719 9.9991E-05 0.00130294 0.0996942 0.264062
0.014596 0.16067 0.15235 0.0928875 0.0294221 0.0549801 9.9982E-05 9.9982E-05 0.494894
0.0210877 0.460814 0.0588028 9.9991E-05 0.097272 0.0173829 0.143982 0.0680162 0.132542
0.0372313 0.12718 0.197426 0.112641 9.9973E-05 9.9973E-05 0.0736675 9.9973E-05 0.451554
9.9955E-05 0.630892 9.9955E-05 0.154036 9.9955E-05 0.0436554 9.9955E-05 9.9955E-05 0.170916
0.108172 0.215111 0.106558 0.0440763 9.9982E-05 0.0104124 0.0455905 9.9982E-05 0.46988
0.105178 0.386568 0.0580991 0.0386242 0.0113355 0.0481872 0.102338 9.9991E-05 0.24957
0.0353102 0.403699 0.0989075 0.0363771 0.168542 9.9991E-05 0.0997326 0.0679778 0.0893541
9.9973E-05 0.234749 0.110156 9.9973E-05 0.503446 0.0144945 0.0611137 9.9973E-05 0.0757397
0.00792455 0.42851 0.0011236 9.9973E-05 0.51946 9.9973E-05 9.9973E-05 0.0264057 0.0162761
0.0893535 0.550101 9.9991E-05 0.115403 0.104576 0.0117428 0.0604368 0.0317209 0.036566
9.9964E-05 0.321828 0.158304 9.9964E-05 0.457232 9.9964E-05 0.016478 9.9964E-05 0.0457583
0.0193311 0.388311 0.091113 0.0346504 0.170901 0.078443 0.0192907 0.123213 0.0747471
0.138711 0.42009 0.0738136 0.0696247 0.28207 9.9982E-05 9.9982E-05 0.00648785 0.00900313
0.100911 0.054967 0.240185 9.9973E-05 0.556451 9.9973E-05 0.0396942 9.9973E-05 0.00749218
0.179277 0.144931 0.0268192 9.9964E-05 0.542689 9.9964E-05 0.105884 9.9964E-05 9.9964E-05
0.087947 0.388531 0.0746988 9.9973E-05 0.414385 0.0142091 0.0199293 9.9973E-05 9.9973E-05
0.191839 0.0874826 0.188964 9.9973E-05 0.48974 9.9973E-05 0.0278178 9.9973E-05 0.0138564
0.0989347 0.48586 9.9964E-05 9.9964E-05 0.310296 9.9964E-05 0.0605036 9.9964E-05 0.0440063
0.115732 0.165052 0.0646945 9.9973E-05 9.9973E-05 9.9973E-05 0.0504066 0.0532984 0.550516
0.16349 0.173065 0.351548 9.9973E-05 9.9973E-05 9.9973E-05 0.0139391 0.0771134 0.220544
0.0118829 0.318046 0.0945401 9.9973E-05 9.9973E-05 0.0806191 9.9973E-05 0.0703737 0.424238
0.136213 0.439251 9.9964E-05 9.9964E-05 9.9964E-05 9.9964E-05 0.0539021 0.201033 0.169201
0.257649 0.230343 9.9964E-05 9.9964E-05 0.0415498 0.0381054 9.9964E-05 9.9964E-05 0.431953
0.0124863 0.403612 0.113567 9.9973E-05 9.9973E-05 9.9973E-05 0.134944 0.21925 0.11584
0.0157051 0.583816 0.00999681 0.0380644 9.9982E-05 0.0597796 0.103545 9.9982E-05 0.188893
0.00818147 0.568261 0.0145221 9.9973E-05 9.9973E-05 9.9973E-05 0.0411575 0.0978247 0.269753
0.0287386 0.502069 0.0226059 0.00878736 9.9982E-05 0.112705 9.9982E-05 0.0235385 0.301355
0.123474 0.501623 0.0314968 0.0467898 0.030112 0.00859403 9.9991E-05 0.00352014 0.25429
0.142883 0.291145 0.00389347 9.9964E-05 9.9964E-05 0.0964444 9.9964E-05 9.9964E-05 0.465235
0.00169041 0.249246 0.15202 9.9973E-05 9.9973E-05 0.0839628 9.9973E-05 0.163528 0.349253
0.0322944 0.547912 0.148631 9.9982E-05 9.9982E-05 0.00396528 0.000725971 0.134176 0.132096
0.118501 0.581856 0.0284633 9.9973E-05 9.9973E-05 9.9973E-05 0.0265013 0.0872199 0.157158
0.0208301 0.37447 0.147003 9.9982E-05 0.000638668 9.9982E-05 0.107004 0.0628915 0.286964
9.9964E-05 0.517893 0.154641 9.9964E-05 9.9964E-05 0.0614355 9.9964E-05 0.0234701 0.242161
9.9973E-05 0.362598 9.9973E-05 9.9973E-05 0.00280301 0.000336697 0.144096 0.0748722 0.414995
0.0135207 0.622664 0.0765826 0.0433721 9.9973E-05 9.9973E-05 9.9973E-05 0.0873131 0.156247
0.0168819 0.607897 0.00904062 9.9982E-05 0.0475479 0.0593699 9.9982E-05 0.0191372 0.239926
0.00467864 0.431851 0.113247 0.126766 0.0180755 0.160933 0.0261187 9.9991E-05 0.11823
0.0122055 0.341934 9.9982E-05 0.270485 9.9982E-05 0.0211836 0.128821 0.18874 0.0364306
0.0212065 0.37022 0.129768 0.0230067 9.9982E-05 0.104945 0.180567 0.170086 9.9982E-05
0.0203926 0.428344 0.0893769 0.104038 9.9991E-05 0.0281818 0.0977927 0.160653 0.0711213
0.0827863 0.551207 9.9991E-05 0.00428324 0.0681392 0.012262 0.0907463 0.179654 0.0108219
0.0526402 0.38772 0.0982024 0.167596 9.9973E-05 0.0611844 9.9973E-05 0.232357 9.9973E-05
0.10912 0.477998 0.129225 9.9973E-05 9.9973E-05 0.0135484 0.112824 9.9973E-05 0.156985
0.0388343 0.388024 0.0752415 0.149778 0.0149038 0.061739 0.0312177 0.180378 0.0598842
0.178174 9.9982E-05 0.0132206 0.0520459 0.136491 9.9982E-05 0.445932 0.158879 0.0150573
0.0313609 0.370648 9.9991E-05 0.0239829 0.111129 0.118945 0.0918655 0.213905 0.0380632
9.9973E-05 0.432525 0.110591 0.0805414 9.9973E-05 0.10452 0.0712166 0.200306 9.9973E-05
0.0291239 0.318402 0.155181 0.00526052 9.9982E-05 0.170926 9.9982E-05 0.265866 0.0550405
0.0720127 0.295369 0.0297364 0.0783212 0.0289984 0.0952618 0.295125 0.0281123 0.0770629
0.126188 0.410759 9.9982E-05 0.189929 9.9982E-05 0.0327464 0.0677851 0.1703 0.00209305
9.9973E-05 0.47654 0.0758578 0.110242 9.9973E-05 0.0476774 9.9973E-05 0.257736 0.0316458
0.0113824 9.9964E-05 0.0537795 0.30871 9.9964E-05 0.125982 0.499747 9.9964E-05 9.9964E-05
0.0178746 0.420166 9.9973E-05 0.196581 9.9973E-05 0.0187808 0.0540259 0.292272 9.9973E-05
0.042596 0.33225 0.0127559 0.0544148 0.0219535 0.0880138 0.0920735 0.306173 0.049769
0.0589627 0.508428 0.00770622 0.0916171 0.0758923 0.105835 0.0776889 0.0737692 9.9991E-05
9.9964E-05 0.397555 9.9964E-05 0.0408628 9.9964E-05 0.158365 0.165329 0.237489 9.9964E-05
0.00987384 0.485171 0.0203919 0.0948236 0.0177013 0.091186 0.114647 0.0845298 0.0816754
0.0818944 0.371889 0.323497 0.0370884 0.044154 0.073547 9.9982E-05 0.0677306 9.9982E-05
0.0457924 0.462928 0.182942 0.116796 0.046732 9.9973E-05 9.9973E-05 0.144509 9.9973E-05
0.146485 0.032314 0.72314 9.9973E-05 0.0205538 0.00564264 9.9973E-05 9.9973E-05 0.0715648
9.99549E-05 9.99549E-05 0.898756 0.0382837 0.0128588 9.99549E-05 9.99549E-05 9.99549E-05 0.049602
0.0384125 0.451778 0.266712 0.0469472 0.0683431 0.0825355 9.9982E-05 0.0450712 9.9982E-05
9.9982E-05 0.322096 0.0102136 0.0621797 0.184248 0.209102 0.0411588 0.170803 9.9982E-05
9.9973E-05 0.259728 0.188189 0.0379892 9.9973E-05 0.180931 0.0753392 0.257524 9.9973E-05
9.9982E-05 0.0940422 0.131148 0.119808 0.0774327 0.143418 0.162666 0.271285 9.9982E-05
9.9982E-05 0.228999 0.115927 0.0775624 0.0458579 0.109646 0.0741898 0.347618 9.9982E-05
9.9964E-05 0.0588285 0.653006 0.0966729 9.9964E-05 9.9964E-05 0.141316 0.0497761 9.9964E-05
9.9964E-05 0.0874094 0.608536 0.0495918 9.9964E-05 9.9964E-05 0.106684 0.147378 9.9964E-05
9.9955E-05 0.290767 0.365038 9.9955E-05 9.9955E-05 0.0608625 9.9955E-05 0.282832 9.9955E-05
9.9955E-05 0.319117 0.417271 0.0653551 9.9955E-05 9.9955E-05 9.9955E-05 0.197757 9.9955E-05
9.9955E-05 0.0302579 0.631275 0.0353181 9.9955E-05 9.9955E-05 9.9955E-05 0.302649 9.9955E-05
9.9955E-05 0.315844 0.341866 0.0318895 9.9955E-05 9.9955E-05 9.9955E-05 0.309901 9.9955E-05
9.9973E-05 0.49618 0.301891 0.0136024 0.00616493 0.14121 9.9973E-05 0.0406514 9.9973E-05
0.0447077 0.343704 0.174469 0.0400517 0.148757 0.151982 0.0175917 0.078637 9.9991E-05
9.9964E-05 0.331068 0.549971 0.026517 0.0337814 9.9964E-05 9.9964E-05 9.9964E-05 0.0582625
0.0104431 0.329986 0.460997 9.9973E-05 0.0821225 0.0775837 9.9973E-05 9.9973E-05 0.0385676
0.131054 0.443505 0.188325 0.00041084 0.108607 0.0794846 9.9982E-05 9.9982E-05 0.0484137
9.9982E-05 0.293832 0.335355 9.9982E-05 0.0585846 0.0179546 0.0140557 0.134996 0.145021
0.0624998 0.432333 0.111481 9.9991E-05 0.059372 0.0392242 0.0699879 0.162512 0.0624902
9.9964E-05 0.42436 0.459848 9.9964E-05 0.00723289 9.9964E-05 0.0802196 0.02794 9.9964E-05
9.9964E-05 0.216088 0.70229 9.9964E-05 0.0360985 9.9964E-05 9.9964E-05 0.000244592 0.044879
0.00082089 0.452658 0.360913 0.0183782 0.0365749 0.0397622 0.00514758 0.0856458 9.9991E-05
0.021172 0.197449 0.730915 9.9973E-05 9.9973E-05 0.00115107 0.0189311 9.9973E-05 0.0300811
0.0237436 0.336251 0.520542 0.0442895 0.0126812 0.0621933 9.9973E-05 9.9973E-05 9.9973E-05
0.0385601 0.544937 0.228766 0.125113 0.058262 9.9982E-05 0.00261925 0.00154323 9.9982E-05
0.0215502 0.448821 0.406358 0.0964414 9.9964E-05 0.0264295 9.9964E-05 9.9964E-05 9.9964E-05
9.9973E-05 0.318857 0.170224 0.187394 0.0747992 0.0695129 9.9973E-05 0.178913 9.9973E-05
0.0705844 0.399104 0.0851267 0.0927571 9.9991E-05 0.0248951 0.0912886 0.168863 0.0672808
9.9991E-05 0.305258 0.0687195 0.102717 0.128721 0.146765 0.0910255 0.126122 0.0305714
0.00918096 0.310441 0.0394961 0.128624 0.0953103 0.10135 0.0487708 0.184061 0.0827665
9.9982E-05 0.389782 0.0103274 0.177634 0.119269 0.146281 9.9982E-05 0.0830233 0.0734822
0.0270249 0.330966 0.109461 0.0701269 9.9982E-05 9.9982E-05 0.0738025 0.348054 0.0403653
9.9964E-05 9.9964E-05 0.55554 0.189307 0.0944657 0.0956592 0.064628 9.9964E-05 9.9964E-05
9.9982E-05 0.569465 0.0184652 0.0718599 0.0747072 0.0936343 9.9982E-05 0.16194 0.00972888
9.9955E-05 9.9955E-05 0.442905 0.316244 9.9955E-05 0.0818781 0.158473 9.9955E-05 9.9955E-05
9.9955E-05 0.416728 0.231104 9.9955E-05 9.9955E-05 0.0703152 9.9955E-05 0.281353 9.9955E-05
0.125807 0.0943907 0.737105 9.9964E-05 0.024054 9.9964E-05 0.0182433 9.9964E-05 9.9964E-05
0.0364746 9.9946E-05 0.918274 0.0446512 9.9946E-05 9.9946E-05 9.9946E-05 9.9946E-05 9.9946E-05
0.0876035 0.477922 0.433875 9.9946E-05 9.9946E-05 9.9946E-05 9.9946E-05 9.9946E-05 9.9946E-05
9.9955E-05 0.594404 0.310649 0.0100291 9.9955E-05 0.0844181 9.9955E-05 9.9955E-05 9.9955E-05
9.9955E-05 0.413253 0.535536 0.0147615 9.9955E-05 9.9955E-05 9.9955E-05 9.9955E-05 0.0359504
0.105109 0.476173 0.384134 0.0340842 9.9955E-05 9.9955E-05 9.9955E-05 9.9955E-05 9.9955E-05
9.9937E-05 0.521649 0.477652 9.9937E-05 9.9937E-05 9.9937E-05 9.9937E-05 9.9937E-05 9.9937E-05
9.9973E-05 0.0567529 0.0554851 0.779973 0.0209336 0.0472663 9.9973E-05 0.0392888 9.9973E-05
9.9964E-05 9.9964E-05 0.0591784 0.674811 0.0533678 0.143576 9.9964E-05 9.9964E-05 0.0686667
9.9955E-05 9.9955E-05 9.9955E-05 0.868025 9.9955E-05 0.0829646 0.0212882 9.9955E-05 0.0272224
9.9964E-05 0.0259435 0.0268241 0.900566 9.9964E-05 9.9964E-05 0.0430359 0.00323101 9.9964E-05
0.287528 0.500702 9.9982E-05 0.035328 0.00740952 0.080204 0.0223486 9.9982E-05 0.0662798
0.35369 0.41039 0.0461633 0.142079 9.9973E-05 0.0438057 9.9973E-05 9.9973E-05 0.00357297
0.389235 0.505128 9.9964E-05 0.0150593 9.9964E-05 9.9964E-05 9.9964E-05 0.0454752 0.0447028
0.241901 0.570377 9.9973E-05 0.0868774 0.0721919 0.0119294 0.0164235 9.9973E-05 9.9973E-05
0.243168 0.23461 0.0337522 9.9982E-05 0.118398 0.0393179 9.9982E-05 0.292867 0.0376874
0.494038 0.194297 0.0379634 0.0623833 0.0515059 0.0521646 9.9982E-05 9.9982E-05 0.107448
0.369592 0.568047 9.9955E-05 9.9955E-05 9.9955E-05 0.00184921 9.9955E-05 0.0600125 9.9955E-05
0.439204 0.304119 0.0605286 9.9955E-05 0.195649 9.9955E-05 9.9955E-05 9.9955E-05 9.9955E-05
9.9973E-05 0.389744 9.9973E-05 0.198103 0.0962751 0.0116453 0.0462733 0.257659 9.9973E-05
0.341396 0.396433 0.0867044 9.9973E-05 0.00965137 9.9973E-05 0.0431163 0.122399 9.9973E-05
0.436472 0.345576 0.0120638 9.9982E-05 0.0292399 9.9982E-05 0.00669371 0.0125326 0.157222
0.309599 0.615033 0.0747678 9.9946E-05 9.9946E-05 9.9946E-05 9.9946E-05 9.9946E-05 9.9946E-05
0.444081 0.400009 0.0534977 0.0179217 9.9964E-05 9.9964E-05 9.9964E-05 9.9964E-05 0.0840908
0.309126 0.569219 0.0424193 9.9973E-05 0.0265148 0.0402383 0.0121824 9.9973E-05 9.9973E-05
0.371218 0.509428 9.9955E-05 0.114112 9.9955E-05 9.9955E-05 9.9955E-05 0.0047425 9.9955E-05
0.789272 0.107768 0.10236 9.9946E-05 9.9946E-05 9.9946E-05 9.9946E-05 9.9946E-05 9.9946E-05
0.63612 0.18305 9.9973E-05 9.9973E-05 0.0908906 0.053483 0.0155248 0.0206324 9.9973E-05
0.494918 0.372653 0.0277572 0.064104 9.9964E-05 9.9964E-05 9.9964E-05 9.9964E-05 0.0401688
0.856986 9.9946E-05 0.0903745 9.9946E-05 9.9946E-05 9.9946E-05 0.0520395 9.9946E-05 9.9946E-05
0.397672 0.308739 9.9973E-05 0.0229338 0.000661783 9.9973E-05 9.9973E-05 0.167683 0.10201
0.612005 0.0585921 0.12155 9.9973E-05 0.0669897 9.9973E-05 0.097099 0.043464 9.9973E-05
0.706713 9.9946E-05 0.141704 9.9946E-05 9.9946E-05 9.9946E-05 0.150983 9.9946E-05 9.9946E-05
0.353431 0.554401 0.0227575 0.0204664 9.9973E-05 0.02909 0.0195544 9.9973E-05 9.9973E-05
0.631772 0.16991 9.9964E-05 0.00728872 9.9964E-05 9.9964E-05 9.9964E-05 0.0779605 0.112669
0.425959 0.294161 9.9973E-05 9.9973E-05 0.0128849 0.146282 9.9973E-05 0.0407097 0.0797043
0.104237 0.482526 9.9973E-05 0.106161 0.166626 0.128575 9.9973E-05 9.9973E-05 0.0115752
0.256605 0.529955 9.9964E-05 0.05127 9.9964E-05 9.9964E-05 0.0479654 9.9964E-05 0.113805
0.0164009 0.396559 0.166538 9.9973E-05 9.9973E-05 0.0525177 0.0773762 9.9973E-05 0.290308
0.326546 0.53127 0.0168591 0.0114693 0.0212024 0.0510049 9.9982E-05 9.9982E-05 0.0414477
0.365351 0.444645 9.9982E-05 0.0584857 0.046082 0.0470736 9.9982E-05 0.00756502 0.0305975
0.605263 0.32985 9.9955E-05 9.9955E-05 9.9955E-05 9.9955E-05 0.0428883 9.9955E-05 0.0214991
0.126252 0.487008 0.0358182 9.9973E-05 0.195203 0.0550168 9.9973E-05 0.100402 9.9973E-05
0.0280247 9.9982E-05 0.00823838 0.559445 0.0771003 0.0205278 0.054029 9.9982E-05 0.252435
0.0976395 0.024226 9.9973E-05 0.671742 9.9973E-05 0.0179817 0.0934043 9.9973E-05 0.0947067
9.9946E-05 9.9946E-05 9.9946E-05 0.737755 9.9946E-05 9.9946E-05 0.111061 9.9946E-05 0.150584
9.9955E-05 9.9955E-05 0.00496812 0.785809 0.0817781 9.9955E-05 9.9955E-05 9.9955E-05 0.126945
9.9946E-05 9.9946E-05 9.9946E-05 0.705625 0.13204 9.9946E-05 9.9946E-05 9.9946E-05 0.161736
0.708149 0.0415899 9.9964E-05 0.0350061 9.9964E-05 9.9964E-05 9.9964E-05 0.0426639 0.172191
0.581645 0.145885 9.9973E-05 0.0912356 0.0540045 0.0117072 9.9973E-05 9.9973E-05 0.115223
