9.9964E-05 0.840085 0.0522509 0.0104627 9.9964E-05 0.0624916 9.9964E-05 9.9964E-05 0.0343095
0.0476303 0.875898 0.00290998 9.9964E-05 0.027718 0.0454439 9.9964E-05 9.9964E-05 9.9964E-05
0.0155676 0.743792 0.0275503 0.131231 9.99767E-05 0.0736134 9.99767E-05 0.00794639 9.99767E-05
9.9973E-05 0.713328 0.0516746 9.9973E-05 0.0425583 0.0694221 9.9973E-05 0.0385937 0.0841238
9.9964E-05 0.811487 0.01946 0.0371989 0.068705 9.9964E-05 9.9964E-05 9.9964E-05 0.0627492
0.123654 0.492859 0.106802 0.00257663 9.9982E-05 0.0520344 0.148179 9.9982E-05 0.0736947
9.9973E-05 0.751696 0.0155964 9.9973E-05 0.0137074 0.0541487 0.147461 9.9973E-05 0.0170907
9.9964E-05 0.649385 0.140808 9.9964E-05 9.9964E-05 0.0164575 0.130008 9.9964E-05 0.0629421
0.040438 0.827622 0.0244248 9.99639E-05 9.99639E-05 9.99639E-05 0.0667277 0.0403871 9.99639E-05
9.9973E-05 0.605994 0.0461255 0.0881498 9.9973E-05 0.0687272 0.124975 9.9973E-05 0.0657286
0.00373431 0.672212 0.112008 0.0138849 9.9982E-05 0.0142087 0.166891 9.9982E-05 0.0168606
9.9946E-05 9.9946E-05 9.9946E-05 0.127461 9.9946E-05 9.9946E-05 9.9946E-05 0.82258 0.0493598
9.9955E-05 9.9955E-05 0.0528849 0.516616 9.9955E-05 0.0317661 9.9955E-05 0.398234 9.9955E-05
9.9982E-05 0.00852127 9.9982E-05 0.145076 0.0884235 0.0306213 0.0278357 0.678886 0.0204354
0.0253121 0.0107666 9.9982E-05 0.232587 0.0551282 0.0509946 9.9982E-05 0.519354 0.105657
0.0546077 0.12835 9.9973E-05 0.303733 9.9973E-05 0.0176605 9.9973E-05 0.387938 0.107411
9.9973E-05 0.057795 9.9973E-05 0.460705 0.116644 0.0868479 9.9973E-05 0.248174 0.0295343
0.0328692 9.9973E-05 9.9973E-05 0.378725 9.9973E-05 0.0197371 0.112193 0.396545 0.0596307
0.0166409 0.125437 9.9973E-05 0.275461 9.9973E-05 0.00663105 9.9973E-05 0.522128 0.0534013
9.9955E-05 9.9955E-05 0.0282568 9.9955E-05 9.9955E-05 0.061133 0.110103 0.800007 9.9955E-05
0.146305 9.9991E-05 0.0351474 0.292921 0.0280948 0.0436579 0.0605264 0.298769 0.0944786
0.0131829 9.9991E-05 0.0521677 0.402955 0.0128851 0.0364278 0.159627 0.236539 0.0861151
0.151495 0.0193861 9.9982E-05 0.490051 0.0538637 9.9982E-05 0.0106154 0.260589 0.0138006
9.9964E-05 9.9964E-05 9.9964E-05 0.184622 9.9964E-05 0.0181104 0.0213867 0.706204 0.0692774
9.9973E-05 0.0633651 0.00750769 0.614717 9.9973E-05 0.03073 0.117112 0.166269 9.9973E-05
0.0172661 0.00848442 9.9991E-05 0.441054 0.060839 0.062644 0.0204553 0.353393 0.0357642
0.00947511 9.9964E-05 9.9964E-05 0.0514913 9.9964E-05 0.048043 9.9964E-05 0.836361 0.0542294
9.9964E-05 0.0217273 9.9964E-05 0.0282351 9.9964E-05 9.9964E-05 0.000817057 0.723844 0.224976
9.9955E-05 9.9955E-05 9.9955E-05 0.155614 0.0323915 9.9955E-05 0.130013 0.681482 9.9955E-05
9.993E-05 9.993E-05 9.993E-05 9.993E-05 9.993E-05 0.999201 9.993E-05 9.993E-05 9.993E-05
9.993E-05 9.993E-05 9.993E-05 9.993E-05 9.993E-05 0.999201 9.993E-05 9.993E-05 9.993E-05
0.00789133 0.492916 0.0293851 0.100253 9.9973E-05 0.366315 9.9973E-05 9.9973E-05 0.00293891
0.0443949 0.496614 9.9964E-05 0.122076 9.9964E-05 0.270521 9.9964E-05 9.9964E-05 0.0659952
0.144372 0.010699 0.10515 0.541611 9.9982E-05 0.0129156 0.0532693 0.131783 9.9982E-05
0.211722 0.0664895 9.9973E-05 0.569897 9.9973E-05 0.0169612 9.9973E-05 0.121687 0.0129432
0.29183 9.9973E-05 0.042254 0.578519 0.0575096 0.0210312 0.00855654 9.9973E-05 9.9973E-05
9.9973E-05 0.119866 0.0653694 0.0654643 9.9973E-05 0.0272867 9.9973E-05 0.708471 0.0132431
0.514765 9.9973E-05 0.00273926 0.308917 0.0649041 0.0501771 9.9973E-05 9.9973E-05 0.0581974
0.18563 0.0761926 9.9982E-05 0.465805 0.00807102 0.0065601 9.9982E-05 0.226774 0.030767
0.182082 9.9973E-05 0.0244945 0.658994 9.9973E-05 0.0492124 0.0216604 9.9973E-05 0.0632562
0.0836279 9.9964E-05 0.056971 0.571308 9.9964E-05 0.0422428 0.24545 9.9964E-05 9.9964E-05
9.999E-05 0.0546111 0.0417054 0.571218 0.00798885 0.0509348 0.130751 0.127062 0.0156287
0.696734 0.00121714 0.0594284 0.0632916 9.9982E-05 0.0321085 9.9982E-05 0.144545 0.00247525
0.0550256 0.0243465 0.0257406 0.551058 9.9991E-05 0.0299459 0.192692 0.0682937 0.0527981
0.31473 0.0261761 0.00870776 0.540881 0.0330925 0.0334971 0.014629 9.9991E-05 0.0281873
0.0491164 0.0986822 0.0526161 0.605073 9.9982E-05 0.0285723 0.107971 9.9982E-05 0.0577694
0.634524 9.9973E-05 9.9973E-05 0.291867 0.0364835 0.0188072 0.0165474 9.9973E-05 0.00147133
0.353196 0.0594425 9.9973E-05 0.520196 9.9973E-05 0.0127976 9.9973E-05 0.0030871 0.0509802
0.190471 0.103204 9.9991E-05 0.521461 0.0539427 0.00213754 0.026353 0.0227526 0.0795778
0.668957 0.0462318 9.9955E-05 9.9955E-05 0.0780016 9.9955E-05 0.206309 9.9955E-05 9.9955E-05
0.0550209 9.9964E-05 0.205884 0.148008 9.9964E-05 9.9964E-05 0.204141 0.386547 9.9964E-05
0.143136 9.9973E-05 0.004205 9.9973E-05 0.122811 9.9973E-05 0.364629 0.336449 0.0284706
0.0689009 0.0406483 9.9991E-05 0.481928 0.0915767 0.0943496 0.0632736 0.107139 0.052084
9.9973E-05 0.174428 9.9973E-05 0.534262 0.0934254 9.9973E-05 0.0180322 0.115056 0.0644966
0.091134 0.0433127 9.9991E-05 0.54116 0.101194 0.0155167 0.0439754 0.0695514 0.0940562
0.247278 0.0946028 0.140322 0.130307 0.127918 0.0357594 0.0329964 0.190717 9.9991E-05
0.0647441 9.9964E-05 0.148279 0.539725 9.9964E-05 9.9964E-05 0.0242378 0.222615 9.9964E-05
0.0650673 0.114162 9.9973E-05 0.529553 9.9973E-05 9.9973E-05 0.0692566 0.190486 0.0311753
0.178486 0.0217318 0.0569595 0.322176 0.0548876 0.0451686 0.111902 0.18412 0.0245687
0.0624094 0.17175 0.0296034 0.0110905 9.9991E-05 0.024863 0.144782 0.507268 0.0481343
0.154838 0.00345749 0.0589131 0.519052 9.9991E-05 0.086117 0.0960869 0.0794508 0.0019852
0.046951 0.0704749 0.0260189 0.453265 0.029825 9.9991E-05 0.0283701 0.342015 0.00297997
0.109005 9.9964E-05 0.0375315 9.9964E-05 9.9964E-05 0.0931629 0.076159 0.683742 9.9964E-05
0.00150457 9.9973E-05 0.0556191 0.462222 9.9973E-05 9.9973E-05 0.0926343 0.369039 0.0186802
0.0418288 9.9991E-05 0.0487209 0.573107 0.171797 0.0487987 0.0434245 0.0531513 0.019072
9.9982E-05 9.9982E-05 0.0685507 0.51957 0.0817956 0.0252059 0.0558971 0.24028 0.00850118
0.105622 0.000389767 0.0183299 0.209847 0.020317 0.020367 0.0783014 0.492663 0.0541633
9.9982E-05 9.9982E-05 0.00973383 0.340481 0.0949495 0.068318 0.00851468 0.359962 0.117841
0.0644039 9.9982E-05 0.0978389 0.607546 0.09338 0.0142745 0.022585 0.0997712 9.9982E-05
0.0437856 9.9982E-05 0.0118756 0.126879 0.0225137 0.071332 0.0945258 0.628889 9.9982E-05
0.382008 9.9955E-05 0.0399133 0.535274 9.9955E-05 9.9955E-05 9.9955E-05 0.0423052 9.9955E-05
0.625459 9.9955E-05 9.9955E-05 0.198329 9.9955E-05 0.0477086 9.9955E-05 0.128004 9.9955E-05
0.234106 0.0317716 0.0335414 0.462289 9.9991E-05 0.0141352 0.0623763 0.0731709 0.0885089
0.963666 0.000536885 9.9973E-05 9.9973E-05 0.00304833 0.0216495 0.0104395 9.9973E-05 0.000360215
0.878491 9.9955E-05 9.9955E-05 9.9955E-05 0.030231 9.9955E-05 0.0631316 0.0276467 9.9955E-05
0.739921 9.9946E-05 9.9946E-05 0.242222 9.9946E-05 9.9946E-05 9.9946E-05 9.9946E-05 0.0172573
0.431801 9.9955E-05 9.9955E-05 0.425477 9.9955E-05 0.0362245 9.9955E-05 0.105997 9.9955E-05
0.248131 0.00828192 0.0571566 0.473278 9.9991E-05 0.0880868 0.0245324 0.0449877 0.0554459
0.367765 0.0121378 0.00769654 0.446883 9.9982E-05 0.0126356 0.0463341 0.106347 9.9982E-05
0.609128 9.9964E-05 0.168001 0.0982839 9.9964E-05 9.9964E-05 9.9964E-05 0.0744434 0.0497435
0.506802 0.047578 0.164227 0.217367 9.9973E-05 0.0030547 9.9973E-05 0.0606709 9.9973E-05
0.231408 0.0507056 0.0847964 0.390796 9.9982E-05 0.0680584 9.9982E-05 0.0542071 0.119828
0.572669 0.0459756 9.9982E-05 0.245779 0.0348325 0.000517324 9.9982E-05 0.0715842 0.0284415
0.44081 0.028503 9.9964E-05 0.427401 0.016492 9.9964E-05 9.9964E-05 0.0863936 9.9964E-05
0.585011 9.9955E-05 9.9955E-05 0.319863 9.9955E-05 0.0360285 0.0585979 9.9955E-05 9.9955E-05
0.692891 0.0227883 0.00235687 9.9982E-05 0.1148 9.9982E-05 0.14453 0.0208003 0.00163288
0.235121 9.9982E-05 0.00286506 0.625552 9.9982E-05 0.00404926 0.0404678 0.0286052 0.0631399
0.0324746 0.682325 0.0241864 0.0665553 9.9982E-05 0.0761826 9.9982E-05 0.0704005 0.0476754
9.9946E-05 0.785558 9.9946E-05 0.0973231 9.9946E-05 0.116519 9.9946E-05 9.9946E-05 9.9946E-05
9.9955E-05 0.724851 9.9955E-05 0.112905 9.9955E-05 0.120718 9.9955E-05 9.9955E-05 0.0410258
0.00101285 0.801474 9.9964E-05 0.0311796 9.9964E-05 0.113469 0.0524647 9.9964E-05 9.9964E-05
9.9964E-05 0.786518 9.9964E-05 0.099778 9.9964E-05 0.104727 0.00270465 9.9964E-05 0.00587213
9.9982E-05 0.801343 0.0226456 0.0704656 0.0105544 0.0581556 0.0160943 9.9982E-05 0.0205413
9.9964E-05 0.851572 9.9964E-05 0.0678866 9.9964E-05 0.06815 0.00993511 0.00205618 9.9964E-05
0.330911 0.0886779 9.9982E-05 0.490908 9.9982E-05 0.0321054 0.0137237 0.0155317 0.027942
0.218351 0.0518212 0.114249 0.586102 9.9982E-05 0.0193359 0.00137713 9.9982E-05 0.00856334
0.730012 0.0248328 9.9955E-05 9.9955E-05 0.0567129 9.9955E-05 9.9955E-05 0.187943 9.9955E-05
0.226612 0.123692 0.0348728 0.503642 9.9973E-05 0.0286655 9.9973E-05 9.9973E-05 0.0822159
0.384909 0.0461032 0.0077991 0.394782 9.9982E-05 0.0382117 9.9982E-05 0.118878 0.00911673
0.31846 0.00448379 9.9955E-05 0.615338 0.0612186 9.9955E-05 9.9955E-05 9.9955E-05 9.9955E-05
0.178898 9.9982E-05 9.9982E-05 0.558376 0.148223 0.0189759 0.00859469 0.0718338 0.0148989
0.368249 9.9955E-05 9.9955E-05 0.567785 0.0131997 0.0502666 9.9955E-05 9.9955E-05 9.9955E-05
0.634331 0.071235 0.0430941 9.9964E-05 0.0150922 9.9964E-05 9.9964E-05 0.235848 9.9964E-05
0.149278 0.140091 0.00527029 0.425301 0.00837858 0.00280457 0.0473066 0.191133 0.0304378
0.275314 0.0665279 9.9982E-05 0.564956 0.0273714 0.00826342 0.0485825 9.9982E-05 0.00878466
0.183231 9.9991E-05 0.0523587 0.512217 0.00491804 0.0013264 0.0263002 0.105584 0.113964
0.595788 9.9964E-05 9.9964E-05 0.248213 9.9964E-05 0.071293 0.0738453 9.9964E-05 0.0104607
0.378585 9.9973E-05 0.0222909 0.494611 0.0679728 0.012603 9.9973E-05 9.9973E-05 0.0236372
0.407526 9.9982E-05 0.0471419 0.366666 9.9982E-05 0.0235899 0.0586517 0.0883156 0.00790937
0.639677 9.9946E-05 9.9946E-05 0.271747 9.9946E-05 9.9946E-05 9.9946E-05 9.9946E-05 0.0879756
0.471263 0.064254 0.0744078 0.343246 0.045198 0.00133112 9.9973E-05 9.9973E-05 9.9973E-05
0.083168 0.0451998 0.0348913 0.542114 0.0184718 0.0854833 9.9991E-05 0.151688 0.0388836
9.9991E-05 0.0537944 0.0361511 0.203729 0.201209 0.0149713 0.0477908 0.425782 0.0164723
0.0160171 0.0619428 0.124264 0.409838 9.9982E-05 0.0372631 0.0417549 0.30872 9.9982E-05
9.9991E-05 0.10614 0.150733 0.535889 0.00524287 0.028783 0.00841124 0.140074 0.0246282
0.0509929 0.0368221 0.0447114 0.534929 9.9991E-05 0.0439906 0.0711375 0.0701925 0.147124
9.9964E-05 9.9964E-05 0.0324917 0.424174 0.0578303 0.0767378 9.9964E-05 0.408367 9.9964E-05
9.9973E-05 0.0166071 0.0397704 0.545474 0.0590192 9.9973E-05 9.9973E-05 0.307756 0.031073
9.9964E-05 0.0330498 0.131509 0.432524 0.0234691 9.9964E-05 9.9964E-05 0.379049 9.9964E-05
0.0827575 0.0732571 0.0340008 0.556205 0.0315911 0.00703554 0.0265828 0.18847 9.9991E-05
0.128561 0.0429838 0.0296815 0.560466 9.9991E-05 0.00915464 0.0769503 0.111741 0.0403624
0.100096 0.0154555 9.9973E-05 0.496347 0.0256689 0.0340323 9.9973E-05 0.3281 9.9973E-05
0.0654832 9.9973E-05 0.158139 0.454608 0.0216843 0.0239171 9.9973E-05 0.275868 9.9973E-05
9.9991E-05 0.030126 0.0508783 0.637426 0.0301603 0.00630046 0.121706 0.109315 0.0139881
0.0588115 0.0622318 0.0606032 0.514867 0.02856 9.9991E-05 0.0300536 0.182687 0.0620862
9.9973E-05 0.00260811 0.0872859 0.456835 0.0631765 9.9973E-05 9.9973E-05 0.341814 0.0479809
9.9982E-05 0.0321999 0.116326 0.540608 0.109507 0.0482386 0.0596135 0.0933069 9.9982E-05
0.00797586 0.0433997 0.0706284 0.532253 0.135036 0.0267698 0.0169897 0.115752 0.0511957
9.9982E-05 0.0768383 0.0182478 0.336978 0.0826399 0.0534449 0.190726 0.240926 9.9982E-05
9.9982E-05 9.9982E-05 0.0223835 0.636396 0.0117288 0.024683 0.0557545 0.177177 0.0716766
9.9973E-05 0.0162859 0.063639 0.636772 0.0620203 0.0196758 9.9973E-05 0.201307 9.9973E-05
0.105505 0.0062973 0.0673524 0.147932 0.0347209 0.0376116 9.9991E-05 0.508535 0.0919459
0.0303367 0.0367467 9.9982E-05 0.0834589 0.124738 9.9982E-05 0.280069 0.416212 0.0282381
0.0570463 0.0264697 0.166325 0.477461 0.0517549 0.0277062 0.105425 0.0535392 0.0342726
0.177106 9.9991E-05 0.127316 0.0523514 0.286183 0.0282697 0.172075 0.136047 0.0205519
0.0597266 0.0821325 0.0436733 0.223397 0.0823834 0.00675767 9.9982E-05 0.50173 9.9982E-05
0.112647 0.0123403 0.103832 0.36265 0.0614126 9.9973E-05 9.9973E-05 0.346819 9.9973E-05
0.0754595 0.0211031 0.19422 0.248592 0.0769699 0.00936238 0.0157946 0.358399 9.9991E-05
0.122204 9.9982E-05 0.102607 0.219465 0.0466907 9.9982E-05 0.00643635 0.486275 0.0161216
0.0430678 0.0179106 0.0295411 0.549746 0.0811 0.0570737 9.9991E-05 0.174663 0.0467976
0.0117338 0.0820275 0.127993 0.62071 0.0310493 9.9982E-05 0.0240898 0.102197 9.9982E-05
0.114294 0.0244152 0.0732523 0.495972 0.0556919 0.0316355 9.9982E-05 0.204539 9.9982E-05
0.0830231 9.9991E-05 0.0756567 0.0984214 0.0290368 0.00437222 0.304586 0.334002 0.0708017
0.192983 0.130306 9.9973E-05 0.457106 9.9973E-05 9.9973E-05 0.0646716 0.0498541 0.104779
0.140754 0.0398642 0.0623808 0.428129 0.0769447 0.00507708 0.167571 9.9991E-05 0.0791785
0.113608 0.101698 0.0538631 9.9982E-05 0.07969 0.00662725 0.476906 0.167409 9.9982E-05
9.9982E-05 0.0788278 9.9982E-05 0.598948 0.156796 0.00760048 0.0579534 0.043191 0.0564837
0.0973636 0.0631748 0.0542489 0.397805 0.0373212 9.9982E-05 0.236159 0.113727 9.9982E-05
0.110793 0.0628031 9.9991E-05 0.403906 0.0952318 0.0150836 0.126594 0.0987995 0.0866888
0.10303 0.0539384 0.0870436 0.287392 0.0211824 0.0208469 0.426366 9.9982E-05 9.9982E-05
0.0819847 9.9982E-05 0.0952443 0.165547 0.114477 0.0363863 0.411272 0.0948885 9.9982E-05
0.0780738 0.0109468 0.130816 0.494598 0.0831483 0.0422132 0.160004 9.9982E-05 9.9982E-05
9.9964E-05 0.0614471 9.9964E-05 0.581506 9.9964E-05 9.9964E-05 0.153989 0.197009 0.00564942
0.0560985 0.0149376 0.0663594 0.336262 0.0236983 0.0219364 0.215815 0.188168 0.0767241
0.193204 0.0105973 9.9982E-05 9.9982E-05 0.070685 0.0119833 0.360929 0.209152 0.143249
9.9982E-05 0.0348288 0.0740095 0.499468 0.133288 0.0701302 0.115614 9.9982E-05 0.0724607
0.131757 9.9973E-05 0.0413572 0.377393 0.0177185 9.9973E-05 0.345984 0.08549 9.9973E-05
0.154425 9.9964E-05 9.9964E-05 0.44289 0.0602426 9.9964E-05 0.204584 0.137459 9.9964E-05
0.0883552 0.0140299 0.129062 0.52845 9.9991E-05 0.0450929 0.0695618 0.0537578 0.071591
0.0450106 0.258007 0.00836688 0.0896031 9.9991E-05 0.0757664 0.250195 0.037464 0.235487
9.9946E-05 0.438613 9.9946E-05 9.9946E-05 9.9946E-05 9.9946E-05 0.41446 9.9946E-05 0.146327
9.9955E-05 0.352686 9.9955E-05 9.9955E-05 9.9955E-05 0.063753 0.444868 9.9955E-05 0.138194
9.9982E-05 0.395233 0.0159148 0.0395794 9.9982E-05 0.00676895 0.213045 0.014124 0.315135
0.106318 9.9946E-05 9.9946E-05 0.599163 9.9946E-05 9.9946E-05 0.293919 9.9946E-05 9.9946E-05
0.122114 0.0577425 0.000423433 0.399481 0.10034 0.0780713 0.123708 0.0529659 0.0651537
9.9946E-05 9.9946E-05 9.9946E-05 0.207535 9.9946E-05 9.9946E-05 9.9946E-05 0.102552 0.689313
0.083294 9.9964E-05 9.9964E-05 0.349802 9.9964E-05 0.0235947 9.9964E-05 0.1382 0.404709
0.0415947 0.0556492 0.000306136 0.399034 0.129133 9.9982E-05 0.0466565 9.9982E-05 0.327426
0.0677446 9.9982E-05 0.0157865 0.364664 0.112706 0.023441 0.404303 0.0111551 9.9982E-05
9.9982E-05 9.9982E-05 0.0731818 0.516154 0.0678112 0.0656894 0.196161 0.0517537 0.0290491
0.0808336 9.9973E-05 9.9973E-05 0.152446 0.123302 9.9973E-05 0.508714 0.130436 0.00396921
0.0344889 9.9973E-05 0.0480474 0.58022 0.0801573 9.9973E-05 0.196171 0.0606151 9.9973E-05
9.9982E-05 0.0146233 0.00445721 0.403417 0.119546 9.9982E-05 0.234043 0.14647 0.0772425
9.9973E-05 9.9973E-05 0.0628988 0.474539 0.191984 9.9973E-05 0.207434 0.00134839 0.0614963
0.125057 9.9964E-05 9.9964E-05 0.142096 0.108844 9.9964E-05 0.46669 0.156914 9.9964E-05
0.060773 9.99824E-05 0.0639589 0.556386 0.066687 0.0413972 0.121642 9.99824E-05 0.088956
0.111186 0.0548453 0.0331104 0.552194 9.9982E-05 0.0141601 0.193246 0.0410583 9.9982E-05
9.9946E-05 9.9946E-05 9.9946E-05 0.00435828 0.0559717 9.9946E-05 9.9946E-05 9.9946E-05 0.93907
9.9946E-05 9.9946E-05 0.0324848 0.131334 9.9946E-05 9.9946E-05 9.9946E-05 9.9946E-05 0.835581
0.0616183 0.0766062 9.9973E-05 0.330544 9.9973E-05 0.0203548 9.9973E-05 0.0293605 0.481217
9.9955E-05 9.9955E-05 0.00228269 0.291004 0.0387929 9.9955E-05 9.9955E-05 9.9955E-05 0.667421
0.0117143 0.000669554 0.0462477 0.16875 0.00409173 0.00321374 9.9982E-05 9.9982E-05 0.765113
9.9937E-05 9.9937E-05 9.9937E-05 9.9937E-05 9.9937E-05 0.00308848 9.9937E-05 9.9937E-05 0.996212
9.9946E-05 9.9946E-05 0.00350569 9.9946E-05 9.9946E-05 9.9946E-05 9.9946E-05 0.0151279 0.980767
9.9937E-05 9.9937E-05 9.9937E-05 0.177775 9.9937E-05 9.9937E-05 9.9937E-05 9.9937E-05 0.821526
9.9946E-05 9.9946E-05 0.0322583 9.9946E-05 9.9946E-05 0.00964962 9.9946E-05 9.9946E-05 0.957492
9.993E-05 9.993E-05 9.993E-05 9.993E-05 9.993E-05 9.993E-05 9.993E-05 9.993E-05 0.999201
9.9937E-05 9.9937E-05 9.9937E-05 9.9937E-05 9.9937E-05 0.0192643 9.9937E-05 9.9937E-05 0.980036
9.9964E-05 9.9964E-05 9.9964E-05 0.211191 0.00818832 0.0506134 9.9964E-05 0.0817209 0.647886
9.9964E-05 0.0363616 0.0162386 0.153478 9.9964E-05 0.00826846 9.9964E-05 9.9964E-05 0.785254
0.00829166 9.9946E-05 9.9946E-05 9.9946E-05 9.9946E-05 0.00419478 9.9946E-05 9.9946E-05 0.986914
0.0272367 0.0564126 9.9964E-05 0.265008 9.9964E-05 9.9964E-05 9.9964E-05 0.231393 0.419549
0.0490715 0.0175701 9.9982E-05 0.202702 0.0281523 0.0432312 9.9982E-05 0.0341804 0.624892
9.9973E-05 9.9973E-05 0.0175911 0.157488 9.9973E-05 0.0197536 0.0283038 0.048476 0.728087
9.9955E-05 9.9955E-05 9.9955E-05 0.0761461 9.9955E-05 0.0447184 9.9955E-05 0.029738 0.848898
9.9937E-05 9.9937E-05 9.9937E-05 9.9937E-05 9.9937E-05 9.9937E-05 0.00964339 9.9937E-05 0.989657
9.9964E-05 0.0579436 0.0111656 0.0984822 9.9964E-05 0.00868368 9.9964E-05 9.9964E-05 0.823325
9.9946E-05 9.9946E-05 9.9946E-05 0.0144261 9.9946E-05 0.0437881 9.9946E-05 9.9946E-05 0.941186
9.9973E-05 0.012288 0.111614 0.192491 0.071888 9.9973E-05 9.9973E-05 0.0642632 0.547156
0.0465262 0.0117078 9.9982E-05 0.0684895 0.00797843 0.00181066 9.9982E-05 0.0147019 0.848586
9.9955E-05 0.241722 9.9955E-05 9.9955E-05 0.0593156 9.9955E-05 0.679237 9.9955E-05 0.019225
9.9991E-05 0.092106 0.0878031 0.405141 0.0271836 0.0573383 0.25126 0.0352039 0.0438635
0.170714 0.201312 0.0279351 0.35177 9.9982E-05 0.0126166 0.158524 9.9982E-05 0.0769288
9.9982E-05 0.138998 0.0458211 0.1537 0.00721991 0.023353 0.528615 9.9982E-05 0.102093
0.0163615 0.0286502 9.9982E-05 0.4246 0.0600623 0.00153539 0.318432 9.9982E-05 0.150159
0.0469389 0.202336 9.9973E-05 0.179231 9.9973E-05 0.0519086 0.40731 9.9973E-05 0.111976
0.0120052 0.202087 0.0241324 0.375109 0.0770261 9.9991E-05 0.0669215 0.123187 0.119432
0.000244567 0.130325 9.9964E-05 0.342054 9.9964E-05 9.9964E-05 0.417674 9.9964E-05 0.109303
9.9982E-05 0.0801782 0.0277018 0.435818 0.0694005 0.0795167 0.213696 9.9982E-05 0.0934886
9.9964E-05 0.129354 9.9964E-05 0.323171 9.9964E-05 0.023079 0.347395 9.9964E-05 0.176601
0.0358517 0.0917708 0.017248 0.463462 9.9991E-05 0.0432533 0.21671 0.106053 0.0255512
9.9955E-05 0.774772 0.0964843 0.0412305 9.9955E-05 9.9955E-05 0.087013 9.9955E-05 9.9955E-05
9.9955E-05 0.854937 9.9955E-05 9.9955E-05 0.0445347 0.0366501 9.9955E-05 9.9955E-05 0.0633781
9.9973E-05 0.931394 0.0111912 0.0170297 9.9973E-05 0.0185234 0.0115829 0.00997841 9.9973E-05
9.9955E-05 0.911276 0.0388942 0.0267633 9.9955E-05 0.0225663 9.9955E-05 9.9955E-05 9.9955E-05
9.9964E-05 0.754524 9.9964E-05 9.9964E-05 9.9964E-05 0.107987 0.0594447 0.0321435 0.0455007
9.9964E-05 0.84027 9.9964E-05 9.9964E-05 0.0306666 0.0634809 9.9964E-05 0.0127102 0.0524726
0.00902518 0.823034 9.9964E-05 0.0297579 9.9964E-05 0.078803 9.9964E-05 9.9964E-05 0.05898
0.0403568 0.892415 0.0124649 9.9955E-05 0.0542639 9.9955E-05 9.9955E-05 9.9955E-05 9.9955E-05
0.0359614 0.903166 0.00270756 0.0389733 0.00260263 0.0162897 9.9973E-05 9.9973E-05 9.9973E-05
9.9973E-05 0.840288 9.9973E-05 0.0527548 9.9973E-05 0.00420964 0.0144068 0.0391668 0.0488741
0.0703828 0.574334 0.0624318 9.9973E-05 0.0374429 0.0462278 9.9973E-05 0.208881 9.9973E-05
0.0649055 0.561834 0.217179 9.9973E-05 0.00846856 0.0204607 9.9973E-05 0.126852 9.9973E-05
0.01567 0.471961 0.0831327 9.9982E-05 0.0870007 0.0505476 0.0376208 0.253868 9.9982E-05
0.0278994 0.488604 0.0622861 9.9973E-05 0.0312206 9.9973E-05 0.0106287 0.379062 9.9973E-05
0.239524 0.0681902 0.0390034 0.491608 0.00769581 0.000470519 9.9982E-05 0.153309 9.9982E-05
0.262548 0.0170374 0.0386326 0.474631 0.18066 9.9982E-05 9.9982E-05 0.00597662 0.0203136
0.127843 0.0347299 0.0766609 0.577863 0.00737787 9.9982E-05 0.0172402 0.158085 9.9982E-05
0.207026 0.0608289 0.0261756 0.299589 0.0203459 0.00181874 9.9982E-05 0.384016 9.9982E-05
0.105049 9.9973E-05 0.293093 0.0952303 9.9973E-05 0.0221761 0.0720579 0.412093 9.9973E-05
0.188822 0.0196526 0.0380901 0.551857 0.0495161 0.0340871 9.9991E-05 0.0669971 0.0508775
0.280133 9.9973E-05 9.9973E-05 0.564616 0.0452617 0.0213067 0.00524952 0.0831328 9.9973E-05
0.292419 9.9991E-05 0.048402 0.470985 0.0797024 0.00544101 0.0714961 0.0250048 0.00644997
0.500208 0.0155766 0.0418777 0.359602 9.9973E-05 9.9973E-05 0.0568508 9.9973E-05 0.025585
0.16086 0.0629806 0.0857375 0.560389 0.0484576 9.9982E-05 0.0376361 0.0437387 9.9982E-05
0.325293 9.9955E-05 0.0755988 0.430476 9.9955E-05 9.9955E-05 9.9955E-05 0.168132 9.9955E-05
0.668078 9.9973E-05 0.0310595 9.9973E-05 0.219498 0.0160974 0.0272758 0.0376916 9.9973E-05
0.130752 0.0306757 0.0949483 0.461334 0.0329905 0.0086495 0.0217284 0.188862 0.030059
0.467977 0.0280973 9.9973E-05 0.281437 0.163794 9.9973E-05 0.0429656 0.0154288 9.9973E-05
0.372827 9.9964E-05 9.9964E-05 0.519813 0.0529153 0.0261681 0.0278772 9.9964E-05 9.9964E-05
0.580874 0.0338331 9.9955E-05 0.0876699 9.9955E-05 9.9955E-05 9.9955E-05 0.297123 9.9955E-05
9.9955E-05 0.0542895 0.796563 9.9955E-05 9.9955E-05 9.9955E-05 0.122524 9.9955E-05 0.0261237
9.9955E-05 0.00663391 0.837415 0.055161 9.9955E-05 9.9955E-05 0.10029 9.9955E-05 9.9955E-05
9.9946E-05 9.9946E-05 0.905286 9.9946E-05 0.0154183 9.9946E-05 0.0786962 9.9946E-05 9.9946E-05
9.9946E-05 0.0720145 0.863035 9.9946E-05 0.0643506 9.9946E-05 9.9946E-05 9.9946E-05 9.9946E-05
9.9964E-05 9.9964E-05 0.789503 9.9964E-05 0.0194842 9.9964E-05 0.142743 0.010672 0.0371981
9.9955E-05 9.9955E-05 0.862322 0.0361171 0.04356 9.9955E-05 9.9955E-05 9.9955E-05 0.0575009
0.0534923 0.793693 9.9973E-05 0.0694002 0.00275435 0.0586723 9.9973E-05 9.9973E-05 0.0216877
9.9973E-05 0.799847 0.0282244 0.0953104 9.9973E-05 0.00905259 9.9973E-05 0.0648585 0.00240768
9.9964E-05 0.726386 0.0166181 0.131567 9.9964E-05 0.0137659 9.9964E-05 9.9964E-05 0.111263
9.9964E-05 0.721357 9.9964E-05 0.0592021 9.9964E-05 0.0461624 9.9964E-05 0.10692 0.065959
9.9964E-05 0.785601 0.0261651 0.0936336 9.9964E-05 9.9964E-05 9.9964E-05 0.0479601 0.0462407
0.00623264 0.328281 0.386309 9.9973E-05 9.9973E-05 0.0492769 0.074789 0.154812 9.9973E-05
9.9973E-05 0.428634 0.307801 9.9973E-05 0.0823321 0.0129666 0.0444899 0.123476 9.9973E-05
0.0551919 0.410047 0.393355 9.9964E-05 0.107686 0.0333198 9.9964E-05 9.9964E-05 9.9964E-05
9.993E-05 9.993E-05 9.993E-05 9.993E-05 9.993E-05 0.999201 9.993E-05 9.993E-05 9.993E-05
0.0193299 0.33138 0.491342 9.9964E-05 0.125411 0.0321379 9.9964E-05 9.9964E-05 9.9964E-05
9.9973E-05 0.211176 9.9973E-05 0.288278 0.0547913 0.00539171 0.10215 9.9973E-05 0.337913
9.9973E-05 0.109129 9.9973E-05 0.512559 9.9973E-05 0.00908146 0.0390027 0.0842723 0.245656
9.9964E-05 0.15515 9.9964E-05 0.549427 9.9964E-05 0.0464036 9.9964E-05 0.018809 0.229811
0.118322 0.303172 9.9964E-05 0.295317 9.9964E-05 9.9964E-05 0.0796495 9.9964E-05 0.20314
0.0811253 0.1035 0.000648532 0.42649 9.9982E-05 0.0168685 9.9982E-05 0.148328 0.22284
9.9955E-05 0.394766 9.9955E-05 9.9955E-05 0.0054066 9.9955E-05 0.293813 9.9955E-05 0.305515
0.14852 9.9973E-05 0.128674 0.374496 0.00413137 9.9973E-05 0.0660955 0.277784 9.9973E-05
0.144081 0.0015664 0.0857931 0.311226 0.218902 0.0222515 0.0820012 0.134079 9.9991E-05
9.9964E-05 0.0488936 0.116343 0.220275 9.9964E-05 0.0271187 9.9964E-05 0.58697 9.9964E-05
0.00790006 9.9973E-05 0.0795249 0.469001 0.245416 9.9973E-05 0.0565119 0.141347 9.9973E-05
0.147551 9.9964E-05 0.0261147 9.9964E-05 0.371352 9.9964E-05 0.292086 0.162497 9.9964E-05
0.0162277 0.0162047 9.9991E-05 0.449312 0.104242 0.0273627 0.103798 0.220073 0.06268
0.0858654 0.00482613 9.9982E-05 0.404842 0.195877 0.0139623 0.0566571 0.237771 9.9982E-05
0.0263665 0.0108398 0.0862181 0.253679 0.0297625 0.0475814 9.9982E-05 0.545353 9.9982E-05
0.162236 0.0390313 0.0744871 0.529335 0.0358267 0.0394044 9.9991E-05 0.0891027 0.0304764
0.0396841 9.9964E-05 9.9964E-05 0.0826313 0.0781403 9.9964E-05 0.297012 0.502132 9.9964E-05
0.0949223 9.9982E-05 0.0907987 0.463073 0.141809 9.9982E-05 0.154135 0.0239582 0.0311042
0.0769267 9.9982E-05 0.0853353 0.448426 9.9982E-05 0.0415754 0.0473257 0.249593 0.0506175
0.137232 0.13768 0.0730695 0.385226 9.9973E-05 9.9973E-05 0.0698909 9.9973E-05 0.196603
9.9955E-05 9.9955E-05 9.9955E-05 0.296428 0.169994 9.9955E-05 0.0990191 0.434059 9.9955E-05
0.0498864 0.0194767 0.115898 0.417231 0.200735 9.9973E-05 9.9973E-05 0.196473 9.9973E-05
0.0864073 9.9973E-05 0.0297935 0.379329 0.227162 9.9973E-05 9.9973E-05 0.148926 0.128082
0.105655 0.0156283 0.0700806 0.479843 0.000175455 9.9982E-05 0.178387 0.150031 9.9982E-05
9.9982E-05 0.0521773 0.14436 0.606488 0.0451082 9.9982E-05 0.010741 0.0775653 0.0633603
0.110419 0.143925 0.123259 0.509275 0.0461298 9.9982E-05 9.9982E-05 0.0133878 0.0534051
0.0911177 0.0364746 0.132145 0.476536 9.9991E-05 0.016467 0.103688 0.0564208 0.0870516
9.9946E-05 0.783374 9.9946E-05 0.184786 9.9946E-05 9.9946E-05 9.9946E-05 9.9946E-05 0.03124
0.0465719 0.802437 9.9964E-05 0.115647 9.9964E-05 0.0342841 9.9964E-05 9.9964E-05 0.000659724
0.0352362 0.78764 0.0484975 0.109901 0.011945 9.9982E-05 0.0013762 9.9982E-05 0.00520422
0.0741747 0.812248 0.0344414 0.0375999 0.00110607 0.0167269 9.9982E-05 9.9982E-05 0.0235026
9.9964E-05 0.787114 0.0103091 0.14413 9.9964E-05 0.0446 9.9964E-05 9.9964E-05 0.0134472
9.9955E-05 9.9955E-05 0.0552116 0.11226 9.9955E-05 9.9955E-05 0.0675178 0.764511 9.9955E-05
0.0196836 0.0257117 0.044693 0.507859 0.19284 0.0646992 0.0100976 0.132841 0.0015739
9.9982E-05 0.188345 0.0294847 0.447056 0.00564 0.00419647 0.166068 9.9982E-05 0.15901
0.00705835 9.9973E-05 0.0063335 0.631186 0.0596991 0.0102156 9.9973E-05 0.285207 9.9973E-05
0.0602854 0.0346334 0.0694534 0.390644 0.0877161 0.010082 9.9991E-05 0.283276 0.0638094
9.9991E-05 0.0128335 0.0493084 0.269403 0.0856483 0.01827 0.154136 0.337009 0.073292
0.0350065 0.0892316 0.125337 9.9973E-05 9.9973E-05 0.0181878 0.0566555 0.675282 9.9973E-05
9.9982E-05 0.000584271 0.194554 0.539233 9.9982E-05 0.0140206 0.013224 0.21205 0.0261343
0.0116145 0.0469362 0.237887 0.0741254 0.204186 0.0273591 9.9991E-05 0.390548 0.00724324
0.0508513 0.045145 0.0752942 0.296396 0.144753 9.9991E-05 0.110948 0.237769 0.0387433
0.0401073 0.146716 0.0945645 0.0204415 0.0337259 0.012825 9.9991E-05 0.648879 0.00264008
9.9973E-05 0.0370791 0.107444 0.548997 9.9973E-05 0.0459282 9.9973E-05 0.18224 0.0780112
9.9973E-05 0.0741725 0.0186292 0.122055 9.9973E-05 0.00205991 0.074203 0.70858 9.9973E-05
0.0645665 0.0220898 0.0417672 0.333657 0.082585 9.9991E-05 0.130818 0.275917 0.0484997
0.0605752 0.0475785 0.0340703 0.492967 0.0290866 9.9982E-05 0.170416 0.165106 9.9982E-05
9.9964E-05 9.9964E-05 0.0720747 0.299417 0.10438 9.9964E-05 0.463315 0.060412 9.9964E-05
0.0574386 0.0475733 0.08788 0.515407 9.9973E-05 0.00860381 0.282798 9.9973E-05 9.9973E-05
9.9991E-05 0.0164632 0.048013 0.522335 0.0385529 0.0245024 0.241709 0.0893038 0.019021
0.0109457 9.9973E-05 0.107056 0.380206 0.0431784 9.9973E-05 0.457851 0.000462814 9.9973E-05
0.0213181 0.0160517 0.0808336 0.452186 0.080549 9.9991E-05 0.212708 0.0520092 0.0842442
9.9964E-05 9.9964E-05 0.0673177 0.503445 0.139867 0.0124805 0.27649 9.9964E-05 9.9964E-05
0.102174 9.9973E-05 0.112733 0.116322 0.0686499 9.9973E-05 0.588505 0.0113161 9.9973E-05
0.115452 9.9964E-05 0.0339822 0.270432 0.0154246 9.9964E-05 0.564309 9.9964E-05 9.9964E-05
9.9964E-05 9.9964E-05 0.114337 0.516702 0.0332154 0.00122567 0.33412 9.9964E-05 9.9964E-05
0.185296 9.9964E-05 0.152981 0.153238 0.0716189 9.9964E-05 0.436467 9.9964E-05 9.9964E-05
0.0191554 9.9955E-05 9.9955E-05 0.425885 9.9955E-05 9.9955E-05 0.37624 0.17822 9.9955E-05
0.0936221 0.000678119 0.108881 9.9982E-05 9.9982E-05 0.00731172 0.0391781 0.674912 0.075217
9.9973E-05 9.9973E-05 0.0812385 0.194012 0.256916 9.9973E-05 0.0466475 0.40471 0.016176
0.0317324 0.0377331 0.129727 0.302251 0.0495878 0.02813 9.9982E-05 0.420639 9.9982E-05
0.096315 0.00465083 9.9991E-05 0.525046 0.00385841 0.0233961 0.0927354 0.197079 0.0568186
0.132538 9.9964E-05 0.137365 0.146227 9.9964E-05 9.9964E-05 9.9964E-05 0.573761 0.00970836
9.9982E-05 0.0217251 0.0929306 0.470396 0.162323 0.0260424 0.171205 0.055177 9.9982E-05
9.9982E-05 0.0486302 0.0302463 0.536919 0.133073 0.0377956 9.9982E-05 0.166917 0.0462184
0.00931309 0.0151295 0.0460582 0.463134 0.074249 9.9991E-05 0.0237947 0.28495 0.0832716
9.9982E-05 0.0335186 0.112833 0.458605 0.0577736 0.00117926 9.9982E-05 0.237729 0.0981617
0.0463031 0.0647732 0.128563 0.483601 9.9973E-05 0.019834 9.9973E-05 0.256627 9.9973E-05
0.134179 9.9964E-05 0.129261 0.134302 9.9964E-05 9.9964E-05 9.9964E-05 0.530211 0.0716464
0.0264687 9.9982E-05 0.195823 0.316212 0.0842355 9.9982E-05 0.0203506 0.32573 0.0309803
9.9964E-05 9.9964E-05 0.0713716 0.586998 0.0994027 9.9964E-05 9.9964E-05 0.223458 0.0183697
9.9991E-05 0.0210128 0.00563573 0.593157 0.00228447 0.00194491 0.0716453 0.267411 0.0368086
0.0359848 0.0498934 0.10056 0.46128 0.132692 0.00173421 9.9982E-05 0.217656 9.9982E-05
0.0418607 9.9973E-05 0.0738923 0.549369 0.113775 9.9973E-05 9.9973E-05 0.199982 0.0208207
9.9973E-05 9.9973E-05 0.115257 0.224635 9.9973E-05 0.0275619 0.151342 0.393602 0.0873024
0.0440378 0.0622536 0.0740007 0.581322 0.015709 9.9973E-05 9.9973E-05 0.222377 9.9973E-05
9.9991E-05 0.0156979 0.106794 0.561308 0.0332444 0.00344392 0.0218557 0.224943 0.0326137
9.9991E-05 0.0384468 0.0561225 0.388206 0.0163693 0.0254972 0.107146 0.254409 0.113703
0.0426395 0.264654 9.9982E-05 0.401689 9.9982E-05 0.0400492 0.0771624 0.0612608 0.112345
0.113249 0.0606266 9.9982E-05 0.415865 9.9982E-05 0.0133189 0.0872815 0.0826341 0.226825
0.0550355 0.0887961 0.0435107 0.340751 0.0680579 0.0543435 9.9991E-05 0.145884 0.203522
9.9991E-05 0.0106411 0.0741203 0.540403 0.101068 0.0338471 0.0930014 0.0224921 0.124328
0.0494093 0.198186 9.9991E-05 0.375991 0.103765 0.0305172 0.00764812 0.0499198 0.184464
9.9964E-05 9.9964E-05 9.9964E-05 0.397805 0.148631 9.9964E-05 0.112541 0.329992 0.010631
9.9964E-05 0.18151 9.9964E-05 0.518202 0.087455 9.9964E-05 9.9964E-05 0.15249 0.059943
0.148738 0.206035 9.9964E-05 9.9964E-05 9.9964E-05 9.9964E-05 0.397395 0.0804618 0.166971
9.9991E-05 0.109148 0.0170736 0.483681 0.0285097 0.0313179 0.100249 0.106999 0.122923
0.00962725 0.069321 9.9982E-05 0.488148 0.130232 0.0618462 9.9982E-05 0.0613387 0.179286
9.9991E-05 0.0586464 0.0242787 0.400771 0.13335 0.0053623 0.0933072 0.0640884 0.220096
0.0405232 0.168904 9.9991E-05 0.305564 0.00308316 0.0398182 0.20993 0.174553 0.0575234
0.0574186 0.180344 9.9973E-05 0.491331 9.9973E-05 9.9973E-05 0.0821981 0.118818 0.0695906
9.9982E-05 0.0702352 9.9982E-05 0.582828 0.0297446 0.0673193 0.120588 0.0397978 0.0892879
9.9955E-05 0.427157 9.9955E-05 9.9955E-05 9.9955E-05 0.0275849 0.377045 9.9955E-05 0.167714
9.9982E-05 0.0673245 9.9982E-05 0.476564 0.0389053 0.0973531 0.0633412 0.0616518 0.194661
0.0206862 0.206713 0.0149595 0.546485 9.9982E-05 0.0264699 0.0181995 9.9982E-05 0.166287
0.103931 0.141962 0.0140435 0.528259 0.00285093 9.9991E-05 0.0943302 0.0095993 0.104924
9.9955E-05 0.174973 9.9955E-05 0.555126 9.9955E-05 9.9955E-05 0.124992 9.9955E-05 0.144409
0.0954686 0.101461 0.050463 0.524594 9.9982E-05 0.0786253 0.0525482 9.9982E-05 0.0966403
0.0278967 0.0314422 0.0449382 0.426227 0.435054 0.0234509 9.9982E-05 9.9982E-05 0.0107906
0.00181265 0.100068 0.0638708 0.474779 0.260574 9.9973E-05 9.9973E-05 9.9973E-05 0.0985955
0.113499 9.9946E-05 9.9946E-05 9.9946E-05 0.787721 9.9946E-05 9.9946E-05 0.0981805 9.9946E-05
0.0112698 0.00023372 0.0457201 9.9955E-05 0.942277 9.9955E-05 9.9955E-05 9.9955E-05 9.9955E-05
0.0136231 0.0059094 0.075082 0.455679 0.363955 9.9973E-05 9.9973E-05 9.9973E-05 0.0854515
9.9973E-05 0.0964688 9.9973E-05 0.359054 0.0895774 9.9973E-05 0.081652 0.0092413 0.363707
9.9964E-05 0.105343 9.9964E-05 0.287414 0.256849 9.9964E-05 0.0159889 9.9964E-05 0.334005
9.9982E-05 0.135047 9.9982E-05 0.14214 0.163449 0.00159031 0.200323 0.0153827 0.341868
9.9973E-05 0.158081 9.9973E-05 0.286999 0.276823 0.0386189 9.9973E-05 0.00252196 0.236657
9.9973E-05 0.0796642 9.9973E-05 0.0166071 0.698764 0.0220354 0.135599 9.9973E-05 0.0470297
9.9973E-05 0.132596 9.9973E-05 0.126721 0.62082 0.0201824 0.0420323 9.9973E-05 0.057348
9.9973E-05 9.9973E-05 0.000452 0.502081 0.363584 0.0256669 9.9973E-05 0.0209886 0.0869273
9.9964E-05 0.047289 9.9964E-05 0.354599 0.45142 9.9964E-05 9.9964E-05 0.00476839 0.141524
9.9964E-05 0.0565376 9.9964E-05 0.126418 0.67217 0.0544646 9.9964E-05 9.9964E-05 0.09001
9.9982E-05 0.0194693 9.9982E-05 0.423592 0.259314 0.0167288 0.0166983 0.164122 0.0998757
9.9973E-05 0.0426784 0.0392098 0.503074 0.290245 9.9973E-05 9.9973E-05 0.0392527 0.0852406
9.9982E-05 0.0172701 0.0473796 0.311914 0.280436 9.9982E-05 0.0295209 0.0702658 0.243014
0.110097 0.00792579 0.0750348 0.267334 0.539208 9.9964E-05 9.9964E-05 9.9964E-05 9.9964E-05
0.131343 9.9982E-05 0.0175406 0.331157 0.448652 0.020926 0.0238584 9.9982E-05 0.026323
0.0575609 0.024768 0.0532893 0.559882 0.275781 0.00879826 9.9982E-05 9.9982E-05 0.019721
0.0857263 9.9991E-05 0.0742244 0.280501 0.328682 0.0215416 0.0430563 0.104108 0.06206
0.0216073 0.0164325 0.0197303 0.387258 0.12011 0.0426226 0.186741 0.100984 0.104515
9.9964E-05 9.9964E-05 9.9964E-05 0.48609 0.393653 0.0281503 0.0862564 0.00545042 9.9964E-05
9.9946E-05 9.9946E-05 0.0898055 0.168159 0.741436 9.9946E-05 9.9946E-05 9.9946E-05 9.9946E-05
0.0983235 0.0548131 9.9955E-05 0.552089 0.294274 9.9955E-05 9.9955E-05 9.9955E-05 9.9955E-05
9.9946E-05 9.9946E-05 9.9946E-05 0.255403 0.679415 9.9946E-05 9.9946E-05 0.0645828 9.9946E-05
9.9946E-05 9.9946E-05 0.0118345 0.416949 0.570617 9.9946E-05 9.9946E-05 9.9946E-05 9.9946E-05
0.0216935 9.9973E-05 0.010733 0.50526 0.394664 0.0506461 9.9973E-05 9.9973E-05 0.0167033
0.0270591 0.0250591 9.9973E-05 0.435457 0.448041 0.0425938 9.9973E-05 9.9973E-05 0.0214906
0.155978 0.111693 9.9991E-05 0.370491 0.0298137 0.0359242 0.0451075 0.0747856 0.176108
0.0700897 0.121064 0.0716715 0.364414 0.0874248 0.0186844 0.146235 0.00197602 0.118441
0.0423135 0.14834 0.0633813 0.310289 0.0534699 0.00576076 0.0820208 0.0619223 0.232502
9.9991E-05 0.144779 0.0972655 0.311474 0.0467237 0.0458433 0.159527 0.0150299 0.179258
0.0431004 0.114552 0.205435 0.397184 9.9982E-05 0.0145478 0.0248429 9.9982E-05 0.200138
9.9982E-05 0.0411898 0.0988102 0.347246 0.0701598 0.0415034 0.145253 9.9982E-05 0.255638
9.9973E-05 0.135971 0.037361 9.9973E-05 0.567091 0.000579677 0.127639 9.9973E-05 0.131059
9.9973E-05 0.137296 0.00189001 0.594581 0.117602 0.00511883 9.9973E-05 9.9973E-05 0.143212
9.9964E-05 0.333237 9.9964E-05 9.9964E-05 0.407432 0.0171701 0.155435 9.9964E-05 0.0863263
9.9955E-05 0.0533624 9.9955E-05 0.534113 0.271116 9.9955E-05 9.9955E-05 9.9955E-05 0.140909
0.221067 9.9955E-05 9.9955E-05 0.0159698 0.748404 9.9955E-05 0.0140595 9.9955E-05 9.9955E-05
0.0981268 9.9946E-05 9.9946E-05 9.9946E-05 0.889093 0.0121806 9.9946E-05 9.9946E-05 9.9946E-05
0.0158533 9.9955E-05 9.9955E-05 0.482589 0.482229 0.0188294 9.9955E-05 9.9955E-05 9.9955E-05
0.00142419 9.9955E-05 9.9955E-05 0.586873 0.390039 0.021164 9.9955E-05 9.9955E-05 9.9955E-05
0.0393519 9.9955E-05 9.9955E-05 0.330945 0.609748 9.9955E-05 9.9955E-05 0.0194557 9.9955E-05
0.021317 0.00864589 0.00385637 0.427093 0.526881 9.9973E-05 9.9973E-05 9.9973E-05 0.0119068
9.9946E-05 9.9946E-05 9.9946E-05 0.476565 0.495999 9.9946E-05 9.9946E-05 0.0268363 9.9946E-05
9.9964E-05 0.746161 9.9964E-05 0.04167 0.105149 0.0540405 9.9964E-05 9.9964E-05 0.0525797
0.0165898 0.702114 0.116725 9.9982E-05 0.0405016 0.0283939 9.9982E-05 0.00791809 0.087558
9.9964E-05 0.842906 0.0168721 9.9964E-05 9.9964E-05 0.0506587 9.9964E-05 0.0129386 0.0762251
9.9946E-05 0.805908 9.9946E-05 0.0568368 9.9946E-05 0.136656 9.9946E-05 9.9946E-05 9.9946E-05
0.32995 9.9973E-05 0.0543541 0.460374 0.0817198 0.0370658 9.9973E-05 9.9973E-05 0.0362364
0.374508 0.0550432 9.9973E-05 0.39977 0.012321 0.0461561 9.9973E-05 0.111902 9.9973E-05
0.432976 9.9955E-05 9.9955E-05 0.44453 9.9955E-05 0.0537691 9.9955E-05 0.0682258 9.9955E-05
0.280026 0.0744551 9.9964E-05 0.568876 9.9964E-05 0.0249238 9.9964E-05 0.0513183 9.9964E-05
0.20546 0.0403501 0.0698622 0.450557 9.9991E-05 0.0320503 0.0939998 0.0517981 0.0558223
0.455668 0.0250547 0.0406617 0.186119 0.0502158 0.00588006 0.0545872 0.181713 9.9991E-05
0.383851 9.9955E-05 9.9955E-05 0.533907 9.9955E-05 9.9955E-05 9.9955E-05 0.0303565 0.0513852
0.446772 9.9964E-05 9.9964E-05 0.319046 0.0692271 0.0537147 0.11084 9.9964E-05 9.9964E-05
0.0119411 0.222427 0.0285392 0.449635 0.0971963 0.00509502 0.0446002 0.02646 0.114106
0.295976 9.9973E-05 0.0546679 0.407691 0.127068 9.9973E-05 0.0498468 9.9973E-05 0.0644495
0.506382 9.9964E-05 0.0144327 0.272871 9.9964E-05 0.0615634 9.9964E-05 0.14435 9.9964E-05
0.404226 9.9955E-05 9.9955E-05 0.464342 0.0464212 9.9955E-05 9.9955E-05 9.9955E-05 0.0845112
0.370284 0.0443672 9.9973E-05 0.348358 0.04834 0.00338487 9.9973E-05 0.184966 9.9973E-05
0.26245 9.9964E-05 0.00774651 0.608026 9.9964E-05 9.9964E-05 0.0831393 9.9964E-05 0.0382385
0.305824 9.9964E-05 0.00525372 0.562891 9.9964E-05 0.0306074 9.9964E-05 0.0950243 9.9964E-05
0.856129 9.9946E-05 9.9946E-05 0.0794103 0.0638608 9.9946E-05 9.9946E-05 9.9946E-05 9.9946E-05
0.644298 9.9973E-05 9.9973E-05 0.225641 0.0784337 0.00510429 0.000404806 9.9973E-05 0.045819
0.622996 0.00349928 0.0305669 0.26571 0.0177662 0.0467338 9.9982E-05 9.9982E-05 0.0125277
0.828373 9.9946E-05 9.9946E-05 9.9946E-05 0.0108609 9.9946E-05 0.160167 9.9946E-05 9.9946E-05
0.409824 0.00640979 0.0374333 0.404314 0.0156209 9.9973E-05 9.9973E-05 0.126098 9.9973E-05
0.606441 9.9973E-05 0.0186102 0.0872654 0.0760427 0.0242495 0.187092 9.9973E-05 9.9973E-05
0.780995 9.9946E-05 9.9946E-05 9.9946E-05 0.0557669 9.9946E-05 0.162638 9.9946E-05 9.9946E-05
0.350042 9.9982E-05 0.00753499 0.537265 0.00638739 0.0590425 9.9982E-05 0.0323305 0.00719758
0.634567 0.0554281 0.016247 0.158923 9.9973E-05 9.9973E-05 9.9973E-05 0.120029 0.0145065
0.478321 0.0410225 0.00723562 0.327919 9.9982E-05 9.9982E-05 0.0179624 0.0873522 0.0399865
0.177396 0.0842013 9.9991E-05 0.519852 0.0839179 0.0570199 0.0448122 0.00351452 0.0291867
0.347546 9.9955E-05 0.0694861 0.575706 9.9955E-05 9.9955E-05 0.00676179 9.9955E-05 9.9955E-05
0.0649135 9.9973E-05 9.9973E-05 0.295969 0.0619851 9.9973E-05 0.138445 0.374016 0.0643709
0.365214 9.9964E-05 9.9964E-05 0.498201 0.0535426 9.9964E-05 9.9964E-05 0.0625615 0.0200809
0.338559 9.9964E-05 9.9964E-05 0.340448 9.9964E-05 0.0217018 9.9964E-05 0.21359 0.0853018
0.586649 9.9964E-05 9.9964E-05 0.358729 0.037161 0.00500528 0.0120566 9.9964E-05 9.9964E-05
0.317512 0.0424187 0.0533642 0.439657 0.0311476 0.0116458 0.04293 9.9991E-05 0.0612252
9.9973E-05 0.542823 0.19442 9.9973E-05 0.0155209 0.0819173 0.0258745 0.139144 9.9973E-05
0.0885762 0.629114 0.0762077 9.9973E-05 0.0380254 0.1268 9.9973E-05 0.0409767 9.9973E-05
9.9955E-05 0.68474 0.122208 9.9955E-05 9.9955E-05 0.12508 0.0674731 9.9955E-05 9.9955E-05
0.012688 0.710675 0.108582 9.9973E-05 0.0359586 0.103095 0.0287016 9.9973E-05 9.9973E-05
9.9973E-05 0.643024 0.190979 0.00307164 9.9973E-05 0.0581917 0.0436153 0.0608182 9.9973E-05
0.641317 0.0581829 0.0287553 0.0576146 9.9964E-05 9.9964E-05 9.9964E-05 0.21373 9.9964E-05
0.640842 0.0402434 0.0113108 0.0683401 9.9982E-05 0.0364665 0.0431348 0.159462 9.9982E-05
