9.9982E-05 0.0144927 0.0125706 9.9982E-05 0.935524 0.0372132
0.0161218 9.9964E-05 9.9964E-05 9.9964E-05 0.983478 9.9964E-05
0.0460445 0.0431605 9.9991E-05 0.00115327 0.899265 0.0102769
9.9973E-05 0.140942 0.0333174 9.9973E-05 0.825441 9.9973E-05
9.9964E-05 0.0868398 9.9964E-05 9.9964E-05 0.91276 9.9964E-05
0.0521475 0.0532344 0.0641081 0.0946503 0.675412 0.060448
9.9973E-05 9.9973E-05 0.0351752 0.133606 0.830919 9.9973E-05
9.9991E-05 0.0466148 0.0614679 0.148096 0.736765 0.00695673
9.99729E-05 9.99729E-05 0.125785 0.051687 0.822228 9.99729E-05
0.00215412 0.0315152 0.053602 0.131904 0.768439 0.0123857
9.9982E-05 0.109791 0.0311397 0.0884556 0.770414 9.9982E-05
0.161968 0.212199 0.505979 0.0420977 0.0344306 0.0433262
0.0653025 0.550849 0.333064 9.9982E-05 9.9982E-05 0.0505841
0.125723 0.263601 0.460509 0.0658881 9.9991E-05 0.0841793
0.0827237 0.307709 0.449929 9.9991E-05 0.0466763 0.112861
0.0183295 0.442813 0.337153 9.9991E-05 0.103316 0.0982878
0.0190073 0.555089 0.256495 0.044045 0.0423361 0.0830277
0.145567 0.442809 0.287629 0.0561729 0.0229002 0.0449219
0.0177504 0.253566 0.467016 0.0785573 0.0874025 0.0957078
0.115422 0.0554217 0.696723 0.113408 0.0189247 9.9991E-05
0.0982117 0.446049 0.316975 0.0852345 0.00952268 0.0440077
0.0508638 0.375935 0.236924 0.242705 0.00435994 0.089213
0.152231 0.510172 0.229854 0.0192725 0.0272648 0.0612056
0.126818 0.227769 0.445802 0.057247 0.0609755 0.0813877
9.9991E-05 0.652635 0.12728 0.0598368 0.0792679 0.0808807
0.106575 0.535505 0.282714 0.0194295 0.0249655 0.0308115
0.142989 0.236335 0.494525 0.0285624 0.061414 0.0361739
0.101674 0.309202 0.485556 9.9991E-05 0.0409484 0.0625201
0.13762 0.23341 0.507681 0.112351 0.00681224 0.00212565
9.9973E-05 0.081446 9.9973E-05 9.9973E-05 0.909317 0.00893683
9.9973E-05 0.114441 9.9973E-05 9.9973E-05 0.877066 0.00819333
9.9982E-05 0.105064 0.00644562 9.9982E-05 0.800869 0.0874205
9.9973E-05 0.165593 9.9973E-05 9.9973E-05 0.742734 0.0913728
0.245704 0.486485 0.0611946 0.106182 0.100334 9.9991E-05
0.283401 0.473606 0.0589743 0.0258055 0.107141 0.0510726
0.433194 0.50247 9.9991E-05 0.0202461 0.0284477 0.0155424
0.08573 0.203591 0.649526 0.0241641 0.0368893 9.9991E-05
0.567642 0.249926 9.9982E-05 0.159566 9.9982E-05 0.0226656
0.210745 0.531866 0.122083 9.9991E-05 0.101829 0.0333763
0.202916 0.671013 9.9991E-05 0.0270501 0.0766761 0.0222446
0.0234732 0.573036 0.0724537 0.202584 0.128353 9.9991E-05
0.102504 0.626077 0.111988 0.045893 0.10687 0.00666836
0.702 0.107471 0.159645 9.9982E-05 0.0306849 9.9982E-05
9.9991E-05 0.673603 0.0110871 0.215505 0.0812227 0.018483
0.221864 0.575554 0.00980403 0.0806171 0.0735163 0.0386452
0.17373 0.596798 0.0425154 0.0419488 0.109411 0.0355969
0.570675 0.320486 9.9973E-05 0.108539 9.9973E-05 9.9973E-05
0.308924 0.595021 9.9982E-05 9.9982E-05 0.0848593 0.0109952
0.207802 0.548837 0.0102245 0.0451074 0.173571 0.0144577
0.591525 9.9964E-05 9.9964E-05 0.408075 9.9964E-05 9.9964E-05
0.095578 0.190341 0.600461 0.113421 9.9982E-05 9.9982E-05
0.125031 0.174524 0.275711 0.352858 0.0230854 0.0487903
0.0790483 0.586842 0.123126 0.0522849 0.0815268 0.0771717
0.0282191 0.616936 0.0954636 0.142114 0.0533685 0.0638991
0.036785 0.609672 0.0792601 0.136867 0.0807551 0.0566615
0.121962 0.21936 0.51249 0.0432915 0.102797 9.9991E-05
0.0291947 0.594685 0.301445 0.0744756 9.9982E-05 9.9982E-05
0.120862 0.526059 0.167025 0.045405 0.0372883 0.10336
0.0984548 0.392252 0.275389 0.112248 0.0970577 0.0245986
0.103935 0.111041 0.474105 0.140046 0.153134 0.0177391
0.0624548 0.538953 0.172776 0.0922908 0.106004 0.0275213
0.0926461 0.514272 0.25121 0.0534977 0.0866813 0.00169342
0.149128 0.0853621 0.566923 0.129778 0.0687089 9.9991E-05
0.137214 0.434186 0.36494 0.0566276 9.9991E-05 0.00693303
0.113791 0.551697 0.133055 0.103481 0.0199404 0.0780355
0.04007 0.653247 0.156646 0.0639637 0.0859725 9.9991E-05
0.168253 0.252995 0.350512 0.0693585 0.0932182 0.0656631
0.0473872 0.495851 0.252343 0.132562 0.0280672 0.0437896
0.0767139 0.533312 0.196422 0.0843288 0.0445136 0.0647099
0.106547 0.213831 0.500657 0.13017 0.0486952 9.9991E-05
0.499311 0.479288 9.9973E-05 9.9973E-05 0.021101 9.9973E-05
0.761217 0.174724 0.0463788 9.9982E-05 0.0174805 9.9982E-05
0.276424 0.525444 0.0293308 9.9991E-05 0.127804 0.0408972
0.849686 9.9964E-05 9.9964E-05 0.149914 9.9964E-05 9.9964E-05
0.824816 9.9964E-05 9.9964E-05 0.174784 9.9964E-05 9.9964E-05
0.680188 0.224108 9.9973E-05 0.0954045 9.9973E-05 9.9973E-05
0.454443 0.44978 0.0443851 9.9982E-05 0.0511919 9.9982E-05
0.169787 0.514111 0.0805571 0.060246 0.107828 0.0674706
0.505198 0.46833 9.9982E-05 0.0214493 9.9982E-05 0.0048222
0.626444 0.149281 0.188086 9.9982E-05 0.0359892 9.9982E-05
0.57302 0.239735 0.158732 9.9982E-05 0.028312 9.9982E-05
0.335207 0.494356 0.04825 9.9991E-05 0.103428 0.0186583
0.584563 0.291654 0.0562045 9.9991E-05 0.05215 0.0153285
0.455436 0.471213 0.0549197 9.9982E-05 0.0182311 9.9982E-05
0.446884 0.481301 9.9982E-05 0.0706252 0.000990773 9.9982E-05
0.644539 9.9964E-05 9.9964E-05 0.355061 9.9964E-05 9.9964E-05
0.279909 0.576928 9.9991E-05 0.0791095 0.04011 0.0238434
0.0124257 0.069884 0.0584957 9.9982E-05 0.858995 9.9982E-05
9.9964E-05 0.0593229 9.9964E-05 9.9964E-05 0.940277 9.9964E-05
9.9973E-05 0.101351 9.9973E-05 9.9973E-05 0.857416 0.0409331
9.9973E-05 0.0135614 9.9973E-05 9.9973E-05 0.929827 0.0563113
0.00173041 0.00444085 9.9982E-05 9.9982E-05 0.958338 0.0352912
9.9973E-05 0.0870431 9.9973E-05 9.9973E-05 0.87873 0.0339272
9.9964E-05 0.0651776 9.9964E-05 9.9964E-05 0.934423 9.9964E-05
0.215116 0.528189 0.0672025 0.0654167 0.0863499 0.0377259
0.128468 0.512102 0.0864083 0.0817364 0.119362 0.0719229
0.703629 0.00778727 0.211183 0.0314516 0.0458485 9.9991E-05
0.18205 0.540795 0.112344 0.0403127 0.0869401 0.0375573
0.418134 0.380332 0.159073 9.9982E-05 0.0422604 9.9982E-05
0.366995 0.517276 0.0202028 0.0296515 0.0657746 9.9991E-05
0.250024 0.557649 0.0318717 0.089347 0.0334225 0.0376858
0.399099 0.484599 0.0280519 0.0301851 0.0231652 0.0348997
0.692178 9.9973E-05 0.27404 9.9973E-05 0.0334823 9.9973E-05
0.20802 0.464305 0.0473648 0.112469 0.115411 0.0524298
0.163682 0.649589 0.0702813 0.00158136 0.0965945 0.0182713
0.111801 0.571123 0.060673 0.108809 0.0995786 0.0480147
0.50084 0.267133 0.00653753 0.222103 9.9991E-05 0.00328599
0.4237 0.485124 9.9982E-05 0.0806028 9.9982E-05 0.0103729
0.350394 0.479495 0.14509 0.00592176 0.0189982 9.9991E-05
0.549114 0.375706 9.9982E-05 0.0711844 9.9982E-05 0.00379587
0.345676 0.450458 0.155013 9.9982E-05 0.0486532 9.9982E-05
0.18524 0.493713 0.12318 0.0288494 0.109506 0.0595106
0.0256414 0.277068 0.363183 0.268935 9.9991E-05 0.0650726
0.0143717 0.453202 0.378228 0.0624502 0.0916483 9.9991E-05
0.0199119 0.570098 0.137396 0.0966952 0.08763 0.0882687
0.0363026 0.613756 0.150283 0.0488375 0.118774 0.0320469
0.0500934 0.509129 0.361827 0.0307272 0.028419 0.0198038
0.0216862 0.636631 0.264663 0.0182209 0.0586989 9.9991E-05
0.00101952 0.472851 0.460134 0.0211043 0.0447918 9.9991E-05
0.0448999 0.520587 0.157453 0.150864 0.0868181 0.0393781
0.0436201 0.544565 0.220785 0.0618732 0.0850874 0.0440692
9.9982E-05 0.600144 0.28485 0.053509 0.0612976 9.9982E-05
0.0371635 0.608576 0.315786 0.0244893 0.0138851 9.9991E-05
9.9991E-05 0.5939 0.156015 0.10679 0.0435693 0.0996259
9.9991E-05 0.606047 0.166651 0.0826603 0.111122 0.0334199
0.0668899 0.577922 0.217594 0.0701115 9.9991E-05 0.0673821
0.028814 0.56123 0.159226 0.132866 0.0542597 0.0636044
0.0456121 0.619893 0.19359 0.0983675 0.000596198 0.0419416
9.9991E-05 0.326749 0.297519 0.251695 0.0504562 0.0734808
0.048414 0.616408 0.15386 0.060062 0.0599329 0.0613236
9.9991E-05 0.693194 0.144268 0.123708 0.00283322 0.0358966
0.119596 0.24228 0.592788 0.0451367 9.9982E-05 9.9982E-05
0.0557751 0.204758 0.314251 0.391742 9.9991E-05 0.0333746
0.0227538 0.591989 0.241455 0.0781535 0.0655485 9.9991E-05
0.12798 0.0801435 0.375379 0.397163 9.9991E-05 0.0192352
0.0831356 0.36996 0.532625 0.00807486 0.00610375 9.9991E-05
0.0832675 0.455006 0.448153 0.0133737 9.9982E-05 9.9982E-05
0.126335 0.355562 0.475418 9.9982E-05 0.0424853 9.9982E-05
0.0644972 0.370457 0.522792 0.0420539 9.9982E-05 9.9982E-05
9.9991E-05 0.640581 0.217516 0.0739098 0.0640543 0.00383847
0.0361935 0.568449 0.167954 0.0721094 0.101684 0.0536095
0.0543249 0.58784 0.258226 0.0335723 0.037679 0.0283581
0.0434243 0.208168 0.395188 0.340486 9.9991E-05 0.0126339
0.046321 0.600262 0.0881711 0.113069 0.152076 9.9991E-05
0.0570229 0.495053 0.0354889 0.293365 0.0729543 0.0461164
0.104761 9.9982E-05 0.0485008 0.733667 0.112872 9.9982E-05
0.0196696 0.680764 0.010476 0.143099 0.100356 0.0456355
0.0743621 0.32914 0.0850293 0.401521 0.0890972 0.0208499
0.0548432 0.480311 0.0630267 0.206036 0.125571 0.0702124
0.0823461 0.242812 0.126751 0.460103 0.0878878 9.9991E-05
0.101594 0.0964235 0.127084 0.598037 0.0767624 9.9991E-05
0.0669199 0.438534 0.088036 0.339546 0.0668642 9.9991E-05
0.0638636 0.428154 0.12396 0.190424 0.0678154 0.125783
0.0908685 0.419327 0.107039 0.154347 0.175655 0.0527634
0.186331 0.0914953 0.0944134 0.508119 0.0305482 0.0890933
0.0393447 0.513033 0.143228 0.166037 0.0470585 0.0912993
0.0723947 0.362193 0.0799582 0.485254 9.9982E-05 9.9982E-05
0.1089 0.457457 0.106106 0.327337 9.9982E-05 9.9982E-05
9.9991E-05 0.621599 0.0762836 0.143324 0.11655 0.0421433
9.9982E-05 0.167462 9.9982E-05 0.230345 0.371943 0.23005
9.9973E-05 9.9973E-05 9.9973E-05 0.375588 0.489925 0.134187
9.9973E-05 9.9973E-05 9.9973E-05 0.417936 0.464256 0.117508
9.9982E-05 0.07599 9.9982E-05 0.279891 0.375254 0.268665
0.0833983 0.636625 9.9973E-05 0.279677 9.9973E-05 9.9973E-05
9.9991E-05 0.662943 0.0837591 0.165218 0.0705933 0.0173866
0.0126387 0.349876 0.000457716 9.9982E-05 9.9982E-05 0.636828
0.0243219 0.389427 0.102754 9.9991E-05 0.0326298 0.450768
0.101893 0.364235 0.0821811 0.00673929 0.049429 0.395523
0.00798456 0.327258 0.0848389 0.579719 9.9982E-05 9.9982E-05
0.104734 0.484457 0.10524 0.174178 0.0806095 0.0507811
9.9973E-05 0.292011 0.0964017 0.611287 9.9973E-05 9.9973E-05
0.00789497 0.605959 0.00702849 0.323212 0.0558063 9.9991E-05
9.9991E-05 0.535475 0.0521115 0.381077 0.0190577 0.0121792
0.00758496 0.619257 9.9973E-05 0.372858 9.9973E-05 9.9973E-05
0.00330803 0.257855 0.0410961 0.697541 9.9982E-05 9.9982E-05
0.0284131 0.669903 0.015969 0.206863 0.0500564 0.0287954
0.0119778 0.583888 0.0807572 0.167842 0.0911894 0.0643451
0.0274623 0.00868861 9.9973E-05 9.9973E-05 9.9973E-05 0.963549
0.0210139 0.0414612 9.9973E-05 9.9973E-05 9.9973E-05 0.937225
0.00299554 0.292741 0.101098 9.9991E-05 0.0630863 0.539979
0.000412339 0.352275 0.0174147 9.9982E-05 9.9982E-05 0.629698
0.0294205 0.13548 0.00824222 9.9982E-05 9.9982E-05 0.826657
9.996E-05 9.996E-05 9.996E-05 9.996E-05 9.996E-05 0.9995
9.9964E-05 9.9964E-05 0.0545631 9.9964E-05 9.9964E-05 0.945037
9.9964E-05 0.129684 9.9964E-05 9.9964E-05 9.9964E-05 0.869917
9.9964E-05 9.9964E-05 0.0458431 9.9964E-05 9.9964E-05 0.953757
9.996E-05 9.996E-05 9.996E-05 9.996E-05 9.996E-05 0.9995
9.996E-05 9.996E-05 9.996E-05 9.996E-05 9.996E-05 0.9995
9.9982E-05 0.192235 0.0391116 9.9982E-05 0.00153718 0.766916
0.0051618 0.0762797 0.0945504 9.9991E-05 0.00128361 0.822624
9.996E-05 9.996E-05 9.996E-05 9.996E-05 9.996E-05 0.9995
0.0155515 0.319598 0.143449 0.07176 0.0528941 0.396748
0.00433109 0.282898 0.0395072 9.9991E-05 0.057467 0.615697
9.9973E-05 0.168391 9.9973E-05 9.9973E-05 0.0424069 0.788903
0.0295946 0.061838 0.00215987 9.9991E-05 0.0027423 0.903565
9.996E-05 9.996E-05 9.996E-05 9.996E-05 9.996E-05 0.9995
0.00113936 0.0214297 9.9982E-05 9.9982E-05 0.0205024 0.956729
9.9964E-05 9.9964E-05 9.9964E-05 9.9964E-05 0.00387424 0.995726
0.0120811 0.22751 0.0618022 0.0129455 0.0379357 0.647726
0.0293944 9.9964E-05 9.9964E-05 9.9964E-05 9.9964E-05 0.970206
9.9973E-05 9.9973E-05 9.9973E-05 0.632801 0.307885 0.0590141
9.9991E-05 0.361615 0.0580178 0.262065 0.198004 0.120198
9.9982E-05 0.464845 9.9982E-05 0.327002 0.164051 0.0439023
9.9991E-05 0.194121 0.0217602 0.47206 0.199658 0.112302
0.0868803 0.406728 0.0662429 0.169792 0.142723 0.127634
0.0151769 0.118061 9.9991E-05 0.500355 0.267968 0.0983395
0.0337367 0.465577 0.0769841 0.21672 0.135307 0.071675
9.9982E-05 0.357393 9.9982E-05 0.352794 0.215575 0.0740383
9.9991E-05 0.469578 0.037673 0.178809 0.181134 0.132707
0.0272357 0.369325 9.9991E-05 0.294355 0.209561 0.0994241
9.9982E-05 0.459559 9.9982E-05 0.208932 0.207896 0.123413
9.9973E-05 0.0677257 9.9973E-05 0.0360259 0.895949 9.9973E-05
9.9982E-05 0.00728531 9.9982E-05 0.022857 0.909227 0.0604312
9.9973E-05 0.0135272 0.0322424 9.9973E-05 0.95393 9.9973E-05
9.9964E-05 9.9964E-05 9.9964E-05 0.0196625 0.979938 9.9964E-05
9.9991E-05 0.0549209 0.0321379 0.00172617 0.910844 0.000271397
9.9973E-05 0.00118296 9.9973E-05 0.00534844 0.993169 9.9973E-05
9.9982E-05 0.0461159 0.000419999 9.9982E-05 0.937684 0.0155804
9.9982E-05 0.00369228 0.0471559 0.00216054 0.946791 9.9982E-05
0.0129523 0.0220698 0.0147082 0.0204239 0.907605 0.0222408
9.9991E-05 0.0202019 0.0127731 0.0363887 0.918302 0.0122342
0.0320934 9.9982E-05 0.283258 0.071476 0.612973 9.9982E-05
9.9973E-05 9.9973E-05 0.329114 0.0555187 0.615067 9.9973E-05
0.0302905 9.9982E-05 0.350238 0.0886783 0.530593 9.9982E-05
0.00793714 9.9982E-05 0.4183 0.119543 0.45402 9.9982E-05
0.303678 0.45064 0.158746 0.0099348 0.0606662 0.0163353
0.344356 0.493302 0.101363 0.0200023 0.0290471 0.0119294
0.217613 0.504395 0.202549 9.9991E-05 0.0084185 0.0669249
0.304305 0.382917 0.277676 9.9982E-05 0.0349027 9.9982E-05
0.096405 0.22488 0.633037 0.0454777 9.9982E-05 9.9982E-05
0.201905 0.67419 0.0432945 0.0250421 0.0554685 9.9991E-05
0.245772 0.605546 0.114159 0.0343231 9.9982E-05 9.9982E-05
0.284472 0.560152 0.0295226 0.122479 0.00327383 9.9991E-05
0.538525 0.37948 9.9973E-05 0.0816953 9.9973E-05 9.9973E-05
0.128811 0.618913 0.113515 0.0867402 0.0195373 0.0324832
0.502438 0.403191 0.0573105 9.9982E-05 0.0368609 9.9982E-05
0.769174 9.9964E-05 9.9964E-05 0.230427 9.9964E-05 9.9964E-05
0.146756 0.553228 0.178267 0.0173354 0.066537 0.0378762
0.621324 0.129912 9.9982E-05 0.234511 9.9982E-05 0.014053
0.404873 0.497366 9.9991E-05 0.0396559 0.0374667 0.020539
0.689174 0.127061 0.16413 9.9982E-05 0.019435 9.9982E-05
9.9973E-05 9.9973E-05 0.783436 0.0737441 0.14252 9.9973E-05
9.9982E-05 0.0534966 0.748901 0.0931803 0.104222 9.9982E-05
0.0329973 0.0310433 0.763962 0.0666564 0.105241 9.9991E-05
9.9973E-05 9.9973E-05 0.793178 0.0803862 0.126136 9.9973E-05
9.9982E-05 0.123161 0.793656 0.0345114 0.0484721 9.9982E-05
9.9991E-05 0.0838619 0.758918 0.0776211 0.0752272 0.00427221
0.0345523 0.00861632 0.0248562 9.9991E-05 0.861769 0.0701062
0.0431111 0.0801717 0.0279629 9.9991E-05 0.827589 0.0210651
0.0174922 0.130048 0.0223321 0.0124903 0.794029 0.0236082
0.0442255 9.9982E-05 0.0447901 9.9982E-05 0.82407 0.0867142
0.0102462 0.138945 0.0123852 9.9991E-05 0.786291 0.0520324
9.9973E-05 9.9973E-05 0.568504 0.0299616 0.401235 9.9973E-05
9.9973E-05 9.9973E-05 0.50456 0.039734 0.455406 9.9973E-05
9.9982E-05 9.9982E-05 0.522021 0.0408417 0.428421 0.00851649
0.000189714 0.119782 0.00183369 9.9982E-05 0.877994 9.9982E-05
0.0302014 9.9982E-05 0.538464 0.0309673 0.400168 9.9982E-05
9.9982E-05 0.284072 9.9982E-05 0.156229 0.242809 0.31669
0.00744453 0.577965 0.0786881 0.0348512 0.137479 0.163572
9.9973E-05 0.569989 9.9973E-05 9.9973E-05 0.196944 0.232768
9.9982E-05 0.371656 9.9982E-05 0.107161 0.300423 0.22056
0.00828403 0.53188 0.0912837 0.0306368 0.18368 0.154236
9.9973E-05 9.9973E-05 9.9973E-05 0.267543 0.434893 0.297264
0.0125549 0.487508 0.436356 0.063382 9.9982E-05 9.9982E-05
0.030534 0.48351 0.212845 0.263666 9.9991E-05 0.0093449
0.0864397 0.307081 0.547545 0.0587344 9.9982E-05 9.9982E-05
0.056514 0.550294 0.175572 0.21742 9.9982E-05 9.9982E-05
0.0592391 9.9973E-05 0.340505 0.599956 9.9973E-05 9.9973E-05
0.0421603 0.585134 0.164865 0.100103 0.0664058 0.0413315
0.0567419 0.584735 0.148578 0.207156 9.9991E-05 0.00268921
0.0665103 0.365391 0.460097 0.0862187 0.0216823 9.9991E-05
0.100853 0.528745 0.208205 0.0607194 0.0443781 0.0570995
0.096296 0.175513 0.34087 0.387121 9.9982E-05 9.9982E-05
0.0603855 0.583723 0.126967 0.191586 0.036996 0.000342219
0.0755391 0.508689 0.31695 0.0733494 9.9991E-05 0.0253727
0.077859 0.414796 0.0539232 0.182028 0.105553 0.165841
0.12752 0.350586 0.243844 0.261473 9.9991E-05 0.0164764
0.0806764 0.416557 0.212083 0.260153 9.9991E-05 0.0304302
0.0250502 0.635238 0.156839 0.161038 9.9991E-05 0.0217354
0.096407 0.571853 0.178948 0.152592 9.9982E-05 9.9982E-05
0.0136808 0.700048 0.109294 0.0837081 0.0693918 0.023878
0.0886641 0.516657 0.177066 0.075223 0.0969984 0.0453916
0.104031 0.563745 0.166429 0.067867 0.0758163 0.0221125
9.9973E-05 0.110066 9.9973E-05 9.9973E-05 0.853611 0.0360235
9.9964E-05 0.11409 9.9964E-05 9.9964E-05 0.885511 9.9964E-05
0.0239214 0.0374305 0.019583 0.013738 0.905227 9.9991E-05
0.0276219 0.0154771 0.00889596 9.9991E-05 0.896139 0.0517662
9.9973E-05 0.091933 0.00185878 9.9973E-05 0.905908 9.9973E-05
0.114013 0.110785 0.598334 0.101065 0.0263639 0.0494404
0.0887808 0.576393 0.148432 0.138923 0.0473711 9.9991E-05
0.0139285 0.459766 0.0203691 0.106976 0.209488 0.189472
0.0406091 0.614872 0.216577 0.0486691 9.9991E-05 0.0791729
0.0307841 0.566697 0.387977 9.9982E-05 0.0143421 9.9982E-05
0.00531049 0.312894 0.346956 0.325252 9.9991E-05 0.00948708
0.0580977 0.0269563 0.757748 0.088171 0.0689268 9.9991E-05
0.0650135 0.457144 0.360166 0.0389911 0.0483321 0.0303536
0.00175969 0.26378 0.608927 0.0469842 0.03479 0.0437591
0.130524 0.46227 0.173052 0.166842 0.0448992 0.0224131
9.9982E-05 0.184233 0.640628 0.0937997 0.0811398 9.9982E-05
9.9982E-05 0.564797 0.307014 9.9982E-05 0.0718893 0.0560999
0.112008 0.176406 0.606039 0.0601853 0.0452608 9.9991E-05
0.105562 0.244294 0.329292 0.217604 9.9991E-05 0.103148
0.0234945 0.547705 0.0718092 0.227034 0.121777 0.00818127
0.0660215 0.303776 0.0822647 0.547738 9.9982E-05 9.9982E-05
9.9991E-05 0.540718 0.0528826 0.314069 0.076694 0.0155366
0.00514904 0.600139 0.0593605 0.193344 0.119963 0.0220449
0.0373524 0.28926 0.0788498 0.594338 9.9982E-05 9.9982E-05
0.0575142 0.552034 0.115801 0.158818 0.0843056 0.0315272
0.0222854 0.5607 0.0619171 0.309979 0.0450189 9.9991E-05
0.0754621 0.1604 0.0581241 0.705813 9.9982E-05 9.9982E-05
9.9973E-05 0.24115 0.0680907 0.690459 9.9973E-05 9.9973E-05
0.0427449 0.471851 0.0828525 0.402261 0.000190085 9.9991E-05
0.150954 0.100502 0.0660007 0.682344 9.9982E-05 9.9982E-05
0.0601388 0.475957 0.104655 0.359048 9.9982E-05 9.9982E-05
0.104032 0.144329 0.713575 9.9991E-05 0.00553828 0.0324261
0.0856992 0.216996 0.352071 0.26259 9.9991E-05 0.0825445
0.0453052 0.384016 0.476633 9.9991E-05 0.0139972 0.0799485
0.0973753 0.529733 0.212505 0.0406435 0.0440523 0.0756912
0.167099 0.18557 0.595861 9.9982E-05 9.9982E-05 0.0512695
9.9991E-05 0.567646 0.19102 0.1209 0.0536427 0.0666912
0.0851056 0.548942 0.184265 0.0666704 0.0581303 0.0568875
0.120585 0.544097 0.192968 0.0717138 0.0301681 0.0404682
0.0492629 0.483062 0.32129 0.0712543 9.9991E-05 0.0750309
0.0240245 0.478928 0.427857 9.9982E-05 9.9982E-05 0.0689915
0.122372 0.27093 0.556653 0.0247028 9.9991E-05 0.025243
0.028964 0.443542 0.492463 0.00927685 9.9991E-05 0.0256541
0.0371265 0.567303 0.221687 0.11288 9.9991E-05 0.0609038
0.0301492 0.572406 0.161227 0.112401 0.0575025 0.0663146
0.104403 0.282596 0.269413 0.166283 0.0324241 0.144881
0.101108 0.45351 0.266348 0.0798305 9.9991E-05 0.0991038
0.0391166 0.358446 0.511374 0.0255477 9.9991E-05 0.0654157
0.0313018 0.561531 0.289361 0.0408795 0.00373813 0.0731884
0.0771996 0.418978 0.315847 0.0397815 0.0115014 0.136692
0.0206729 0.539548 0.181735 0.152453 0.0646992 0.040892
0.0230372 0.460255 0.068213 0.0112197 0.330646 0.10663
0.019743 0.540254 0.0449997 0.121275 0.112609 0.16112
0.0917413 0.4879 0.0852828 0.0540883 0.155718 0.12527
9.9991E-05 0.577285 0.0574104 0.124567 0.109453 0.131185
9.9991E-05 0.490357 0.0161941 0.112378 0.187962 0.193009
0.0266059 0.537546 0.186253 0.249395 9.9982E-05 9.9982E-05
0.101288 0.481752 0.0624375 0.0775352 0.147983 0.129004
0.017343 0.0623331 0.0870572 0.421735 0.230651 0.180881
9.9991E-05 0.597471 0.0990859 0.10271 0.122646 0.0779872
0.0214304 0.529282 0.030153 0.0967131 0.159252 0.16317
0.0508 0.559394 0.0489555 0.0992909 0.102038 0.139521
0.0201544 0.31893 0.0229333 0.31689 0.207767 0.113325
9.9991E-05 0.552877 0.0870951 0.0464874 0.16917 0.14427
9.9991E-05 0.524299 0.0630574 0.135616 0.13299 0.143938
9.9973E-05 9.9973E-05 9.9973E-05 0.379135 0.482762 0.137803
0.0263024 0.576309 0.0169198 0.0477946 0.203701 0.128973
9.9982E-05 0.581117 9.9982E-05 0.0774869 0.195763 0.145433
9.9991E-05 0.62104 0.0552756 0.106753 0.121424 0.0954072
9.9982E-05 0.553236 9.9982E-05 0.0822186 0.194055 0.170291
0.0778979 0.53717 0.00428881 0.0477834 0.261642 0.0712184
0.129307 0.467951 0.00962841 0.340239 0.0410142 0.0118602
0.110217 0.567162 0.0843453 0.164331 0.050215 0.0237292
0.185234 0.0210716 0.0908936 0.702601 9.9982E-05 9.9982E-05
0.0788019 0.0908813 0.0927395 0.737377 9.9982E-05 9.9982E-05
0.00945607 0.576871 0.0356944 0.27798 0.0984235 0.00157494
9.9982E-05 0.369438 9.9982E-05 0.194843 0.134509 0.301011
9.9982E-05 0.402024 9.9982E-05 0.188182 0.144915 0.264679
9.9982E-05 0.200579 9.9982E-05 0.339076 0.139065 0.32108
9.9982E-05 0.371842 9.9982E-05 0.223763 0.158869 0.245327
9.9982E-05 0.179034 9.9982E-05 0.714377 0.0591699 0.0472201
0.00944657 0.224828 0.00663932 0.644426 0.0713042 0.0433559
0.0123908 0.640709 0.0182544 0.293739 0.0124725 0.0224342
9.9982E-05 0.475098 9.9982E-05 0.392158 0.0377074 0.094836
0.0646806 0.294419 0.00766152 0.548667 0.0413196 0.0432531
9.9991E-05 0.531015 0.0733824 0.237544 0.0785561 0.0794021
9.9982E-05 0.617609 9.9982E-05 0.301247 0.0284375 0.0525068
0.068133 0.545209 9.9991E-05 0.266675 0.0706026 0.0492807
0.0744407 0.40503 0.0546174 0.465712 9.9982E-05 9.9982E-05
0.0923335 0.445822 0.0840184 0.377626 9.9982E-05 9.9982E-05
0.0707821 0.539503 0.0455308 0.302892 0.0151262 0.0261657
0.0166749 0.509701 0.115673 0.319832 0.000200249 0.0379197
0.0661616 0.521751 0.104669 0.196665 0.0686209 0.0421328
0.0775294 0.479046 0.0197971 0.423428 9.9982E-05 9.9982E-05
0.068538 0.27064 0.0474676 0.613155 9.9982E-05 9.9982E-05
0.000630323 0.729736 0.00524494 0.264189 9.9982E-05 9.9982E-05
0.111493 0.233639 0.095781 0.558887 9.9982E-05 9.9982E-05
0.00198259 0.520324 0.0213192 0.456062 0.000212425 9.9991E-05
0.090442 0.545197 0.0914301 0.230188 0.0426434 9.9991E-05
0.0573628 0.535003 0.120234 0.17772 0.0695689 0.0401112
0.0128842 0.494228 0.020589 0.171016 0.172104 0.129179
0.0560187 0.469031 0.0854034 0.110007 0.132557 0.146983
9.9982E-05 0.332838 9.9982E-05 0.190518 0.237244 0.2392
0.033861 0.353665 0.0358639 0.171619 0.183785 0.221206
9.9991E-05 0.48263 0.129445 0.0622493 0.16983 0.155745
0.0273792 0.475645 9.9991E-05 0.211928 0.171978 0.112969
0.0236025 0.0252463 9.9991E-05 0.660364 0.137914 0.152772
0.00368922 0.556988 9.9991E-05 0.144403 0.106698 0.188122
9.9973E-05 9.9973E-05 9.9973E-05 0.577757 0.296796 0.125148
9.9982E-05 0.547277 9.9982E-05 0.235505 0.0666328 0.150385
0.0949266 0.235092 9.9973E-05 0.669681 9.9973E-05 9.9973E-05
0.254355 0.0427179 0.0176488 0.685079 9.9982E-05 9.9982E-05
0.0291656 0.564287 0.00610758 0.40024 9.9982E-05 9.9982E-05
0.0533528 0.647382 0.0218342 0.275883 9.9991E-05 0.00144796
0.0310847 0.514099 0.013663 0.440953 9.9982E-05 9.9982E-05
0.0783742 0.62807 9.9982E-05 0.287969 9.9982E-05 0.00538752
0.0594881 0.620531 9.9973E-05 0.319681 9.9973E-05 9.9973E-05
0.00954523 0.0173851 0.0739014 9.9991E-05 0.885322 0.0137461
0.0261893 0.044015 0.0553412 0.0314808 0.763334 0.0796393
9.9973E-05 9.9973E-05 0.0366969 9.9973E-05 0.940825 0.0221779
9.9973E-05 0.0375961 9.9973E-05 0.00429604 0.957808 9.9973E-05
0.353227 0.487868 0.00814874 0.0796378 0.0308085 0.0403098
0.346998 0.528134 0.0597124 9.9991E-05 0.0521987 0.012857
0.43442 0.538743 0.00402162 9.9982E-05 0.0226163 9.9982E-05
0.225866 0.548158 0.0914345 0.0417065 0.083295 0.00954028
0.121579 0.633432 0.0321505 0.0967397 0.115999 9.9991E-05
0.567786 0.261812 0.106452 9.9982E-05 0.0637505 9.9982E-05
0.33268 0.655376 0.00125045 9.9982E-05 0.0104937 9.9982E-05
0.588405 0.248168 9.9982E-05 0.156589 9.9982E-05 0.00663793
0.00533444 0.395461 0.0950345 9.9991E-05 0.332465 0.171606
0.335121 0.422438 0.0219343 0.172579 9.9991E-05 0.0478281
0.562195 0.322443 0.084145 9.9982E-05 0.0310172 9.9982E-05
0.415962 0.508499 0.00646147 0.0543855 0.0103152 0.00437697
0.480009 0.373459 0.0933596 9.99861E-05 9.99861E-05 0.0529724
0.363342 0.569616 9.9982E-05 0.0500466 9.9982E-05 0.0167952
0.315911 0.543489 0.0521616 0.0148083 0.07353 9.9991E-05
0.805327 9.9964E-05 9.9964E-05 0.194273 9.9964E-05 9.9964E-05
0.561495 0.263216 9.9982E-05 0.161031 9.9982E-05 0.0140589
0.561616 0.350314 9.9982E-05 0.0751924 9.9982E-05 0.0126779
0.780772 9.9964E-05 9.9964E-05 0.218828 9.9964E-05 9.9964E-05
0.410072 0.407213 0.118055 9.9982E-05 0.0644607 9.9982E-05
0.603988 0.0845064 9.9973E-05 0.311206 9.9973E-05 9.9973E-05
0.752519 9.9964E-05 9.9964E-05 0.247081 9.9964E-05 9.9964E-05
0.293148 0.573612 9.9991E-05 0.0559152 0.0524121 0.0248122
0.663262 0.152093 0.152902 9.9991E-05 0.0302341 0.00140894
0.403186 0.452345 0.110077 9.9982E-05 9.9982E-05 0.0341921
0.131726 0.587041 9.9991E-05 0.137602 0.118283 0.0252472
0.373429 0.48032 0.0814948 9.9991E-05 0.0425668 0.0220896
0.026266 0.415197 0.297828 0.260509 9.9982E-05 9.9982E-05
0.37073 0.524213 0.0625109 9.9982E-05 0.042346 9.9982E-05
0.343503 0.532226 0.0961812 9.9982E-05 0.0278907 9.9982E-05
0.560073 0.311226 9.9973E-05 0.128401 9.9973E-05 9.9973E-05
0.254279 0.50519 0.0805515 9.9991E-05 0.106255 0.0536256
9.9973E-05 9.9973E-05 0.27302 0.0555022 0.671178 9.9973E-05
0.032886 9.9982E-05 0.165599 0.0218299 0.779486 9.9982E-05
9.9973E-05 9.9973E-05 0.121854 0.0143568 0.863489 9.9973E-05
9.9973E-05 9.9973E-05 0.145776 0.0260822 0.827841 9.9973E-05
9.9982E-05 0.00833805 0.15663 0.0598335 0.774998 9.9982E-05
0.677239 0.0725453 0.178573 9.9991E-05 0.0557933 0.0157492
0.724008 0.111935 0.114084 9.9982E-05 0.0497733 9.9982E-05
0.750568 0.157956 9.9982E-05 0.0846237 9.9982E-05 0.00665224
0.119919 0.584487 0.100215 0.0774564 0.0723273 0.045595
0.185455 0.547275 0.0304685 0.0854391 0.103855 0.0475066
0.617596 0.206972 9.9991E-05 0.122858 0.0187867 0.0336876
0.306899 0.583252 9.9982E-05 0.0470433 9.9982E-05 0.0626054
0.455021 0.357007 9.9991E-05 0.0843269 0.0313032 0.0722425
0.364654 0.507607 0.0825494 0.00709745 0.0338587 0.00423378
0.290093 0.582523 0.039225 9.9991E-05 0.0349804 0.0530789
0.648254 0.196724 0.150786 9.9982E-05 9.9982E-05 0.00403654
0.584124 0.284964 0.121605 9.9982E-05 0.00910617 9.9982E-05
0.562062 0.300713 0.127571 9.9982E-05 0.00945411 9.9982E-05
0.0190635 0.629502 0.0906545 0.142789 0.117892 9.9991E-05
0.529502 0.361717 0.07873 9.9982E-05 0.0298504 9.9982E-05
0.458846 0.38214 0.0998815 9.9991E-05 0.0460373 0.012995
0.0120135 0.492913 0.0183483 0.0665007 0.0675076 0.342717
0.00649855 0.388983 9.9991E-05 0.112511 0.105161 0.386746
9.9991E-05 0.415273 0.0189544 0.0255356 0.100644 0.439493
9.9982E-05 0.272166 9.9982E-05 0.0721367 0.169504 0.485994
0.00174822 0.507109 0.0134126 0.0594509 0.148192 0.270088
0.209702 0.525086 9.9982E-05 0.182406 0.0826068 9.9982E-05
9.9991E-05 0.0157966 0.0251925 0.0616609 0.248555 0.648695
0.0051767 0.337822 9.9991E-05 0.0301846 0.155655 0.471062
0.0295636 0.405966 9.9991E-05 0.268859 0.178663 0.116849
0.0253249 0.559712 0.0708088 0.195631 0.148424 9.9991E-05
9.9991E-05 0.493473 0.114921 0.230721 0.146637 0.0141481
0.0191127 0.628226 0.0257938 0.185076 0.121147 0.0206437
9.9982E-05 0.657463 0.0244336 0.167966 0.149938 9.9982E-05
9.9982E-05 0.358882 9.9982E-05 0.00697175 0.191845 0.442101
0.017896 0.405008 0.0386057 0.0253001 0.153736 0.359454
9.9973E-05 0.411935 9.9973E-05 9.9973E-05 0.0985277 0.489237
0.0239686 0.467871 0.0360974 0.0644503 0.142203 0.265409
0.0428462 0.274813 0.00815235 0.0461594 0.151807 0.476222
0.0496337 0.399281 0.0319182 0.0290956 0.129411 0.360661
0.0155142 0.277341 0.00884651 0.0502958 0.138025 0.509977
0.091993 0.451687 0.0380378 0.0191842 0.126089 0.273009
0.0279002 0.534957 0.0232468 0.299293 0.105463 0.00914096
0.0108653 0.342114 0.0551296 0.0914699 0.140937 0.359484
9.9982E-05 0.164284 9.9982E-05 0.0512639 0.227339 0.556914
0.033557 0.3994 0.0546533 0.0515894 0.135059 0.325741
0.0640609 0.309703 0.155151 0.264397 0.206588 9.9991E-05
9.9982E-05 0.640636 9.9982E-05 0.290312 0.0523494 0.0165027
0.00853684 0.448117 0.00664091 0.0512762 0.203871 0.281559
9.9982E-05 0.598321 0.050966 0.186382 0.164132 9.9982E-05
9.9982E-05 0.542991 0.0731846 0.20525 0.178374 9.9982E-05
0.0304875 0.351065 0.0327582 0.184111 0.199114 0.202464
9.9982E-05 0.360364 9.9982E-05 0.141175 0.220134 0.278126
0.10707 0.567631 0.0549735 0.100003 0.114761 0.0555611
0.027512 0.454134 0.0642741 0.0341201 0.129534 0.290426
9.9991E-05 0.470224 0.0158135 0.00850133 0.105786 0.399575
9.9982E-05 0.125052 9.9982E-05 0.0727076 0.170869 0.631172
0.0160839 0.645782 0.0440249 0.113341 0.13363 0.0471385
0.0119323 0.482017 0.103398 0.254121 0.148432 9.9991E-05
9.9982E-05 0.174277 9.9982E-05 0.711711 0.111176 0.00263606
9.9991E-05 0.586943 0.0923891 0.12433 0.122512 0.0737266
0.0534433 0.415953 0.123072 0.27127 0.120559 0.0157023
0.0165179 0.443402 9.9991E-05 0.207946 0.197834 0.1342
9.9991E-05 0.492214 0.0590772 0.165776 0.168557 0.114276
9.9973E-05 9.9973E-05 9.9973E-05 0.52467 0.348198 0.126831
9.9973E-05 9.9973E-05 9.9973E-05 0.613245 0.308066 0.0783887
0.0210839 0.307858 9.9991E-05 0.396291 0.170479 0.104188
9.9982E-05 0.0302794 9.9982E-05 0.483689 0.320723 0.165108
9.9973E-05 9.9973E-05 9.9973E-05 0.342929 0.449222 0.207549
9.9982E-05 0.401931 9.9982E-05 0.312436 0.198673 0.0867592
0.0541138 0.362022 0.0233232 0.169098 0.246987 0.144456
9.9982E-05 0.148945 9.9982E-05 0.390305 0.318158 0.142392
9.9982E-05 0.0562223 9.9982E-05 0.529685 0.266498 0.147396
0.0184811 0.470836 9.9991E-05 0.194434 0.171942 0.144207
9.9982E-05 0.192445 9.9982E-05 0.461523 0.252197 0.093635
9.9973E-05 9.9973E-05 9.9973E-05 0.568728 0.355977 0.0749949
0.0704114 0.502028 0.069232 0.0912095 0.136869 0.13025
9.9991E-05 0.300458 0.0314458 0.288891 0.212026 0.16708
9.9982E-05 0.441722 9.9982E-05 0.0979385 0.302484 0.157655
9.9973E-05 0.60435 9.9973E-05 9.9973E-05 0.172895 0.222455
0.0167134 0.508339 9.9991E-05 0.094419 0.146973 0.233456
9.9982E-05 0.511876 9.9982E-05 0.0705271 0.201595 0.215802
0.0507699 0.294738 0.0495152 0.0341954 0.360579 0.210203
9.9991E-05 0.49395 0.0815088 0.0261222 0.212631 0.185689
0.0603316 0.48089 9.9991E-05 0.00868749 0.278338 0.171653
9.9982E-05 0.300119 9.9982E-05 0.200344 0.25563 0.243708
0.229086 0.302899 0.0864666 0.0523619 0.220413 0.108773
0.0271187 0.443584 0.0850385 0.0974863 0.181945 0.164827
0.0727153 0.539681 0.0745648 0.0418913 0.144269 0.126878
0.161841 0.534403 0.0174723 0.0152413 0.152652 0.11839
9.9991E-05 0.426515 0.0245135 0.0497923 0.299326 0.199753
0.0391503 0.453538 9.9991E-05 0.0511978 0.253465 0.202549
9.9982E-05 0.0471257 9.9982E-05 0.276718 0.348207 0.327749
9.9991E-05 0.534893 0.0324865 0.0886878 0.190098 0.153735
9.9982E-05 0.202181 9.9982E-05 0.215197 0.307402 0.27502
0.000170638 9.9982E-05 0.188166 9.9982E-05 0.80275 0.00871299
0.00811382 0.115051 0.827465 9.9991E-05 0.0409742 0.00829639
9.996E-05 9.996E-05 0.9995 9.996E-05 9.996E-05 9.996E-05
9.996E-05 9.996E-05 0.9995 9.996E-05 9.996E-05 9.996E-05
9.9964E-05 0.00692243 0.992678 9.9964E-05 9.9964E-05 9.9964E-05
9.9964E-05 9.9964E-05 0.986919 9.9964E-05 9.9964E-05 0.012681
9.9964E-05 0.0414094 0.958191 9.9964E-05 9.9964E-05 9.9964E-05
9.996E-05 9.996E-05 0.9995 9.996E-05 9.996E-05 9.996E-05
9.9964E-05 9.9964E-05 0.871092 9.9964E-05 0.128508 9.9964E-05
0.0513885 0.00177236 0.0374357 9.9982E-05 0.909203 9.9982E-05
9.9973E-05 0.0550851 0.127485 9.9973E-05 0.817131 9.9973E-05
0.0452664 0.019399 0.0206119 0.0320553 0.867993 0.0146743
9.9982E-05 0.0294295 0.0713539 0.0255555 0.873461 9.9982E-05
9.9982E-05 0.0162148 0.0851876 9.9982E-05 0.883967 0.0144301
0.00976513 0.0361637 0.0242614 9.9991E-05 0.91311 0.0166002
9.9982E-05 0.137364 0.0317862 9.9982E-05 0.756204 0.0744457
9.9964E-05 0.0894862 9.9964E-05 9.9964E-05 0.910114 9.9964E-05
0.00277147 0.110349 0.0653472 0.0323009 0.743734 0.0454974
9.9973E-05 0.0209453 9.9973E-05 9.9973E-05 0.916077 0.0626776
9.9982E-05 9.9982E-05 0.00559974 0.000856653 0.992158 0.00118602
0.0105093 0.0377021 0.0196868 9.9991E-05 0.877228 0.054774
0.00479719 9.9973E-05 9.9973E-05 0.00683577 0.988067 9.9973E-05
9.9982E-05 0.0395533 9.9982E-05 0.00549248 0.950131 0.00462289
9.9973E-05 0.0716179 9.9973E-05 9.9973E-05 0.917069 0.0110128
9.9973E-05 0.0554002 9.9973E-05 9.9973E-05 0.936528 0.00777238
9.9973E-05 0.0697856 9.9973E-05 9.9973E-05 0.862935 0.0669799
9.9973E-05 0.129446 9.9973E-05 9.9973E-05 0.844086 0.0261685
9.9973E-05 0.108658 9.9973E-05 9.9973E-05 0.830591 0.0604513
0.0654776 0.427607 0.0993211 0.25553 0.151964 9.9991E-05
9.9982E-05 0.713989 0.0374232 0.169584 0.0788034 9.9982E-05
0.1202 0.602237 0.0580742 0.0446285 0.14756 0.0272995
0.0685076 0.116509 9.9991E-05 0.724725 0.0797836 0.0103751
9.9982E-05 0.540535 0.126773 0.208288 0.124204 9.9982E-05
9.9973E-05 0.127402 9.9973E-05 0.746173 0.126125 9.9973E-05
0.0058422 0.626302 9.9991E-05 0.231255 0.0863836 0.0501171
0.089037 0.418426 0.133918 0.2242 0.134318 9.9991E-05
9.9982E-05 0.51088 0.0684698 0.247014 0.173436 9.9982E-05
0.393897 0.450307 0.0919287 9.9991E-05 0.0623505 0.00141645
0.0321099 0.516324 0.151761 0.186184 0.113521 9.9991E-05
0.052354 0.679364 9.9982E-05 0.197317 0.0707655 9.9982E-05
9.9982E-05 0.547488 0.12021 0.222703 0.109398 9.9982E-05
0.161064 9.9982E-05 0.439437 0.308348 9.9982E-05 0.0909504
9.9982E-05 0.0344901 0.0215894 0.836758 0.106963 9.9982E-05
9.9973E-05 0.183416 9.9973E-05 0.700178 0.116106 9.9973E-05
0.0552725 0.6007 0.0136311 0.148974 0.176243 0.00517974
9.9982E-05 0.498048 0.0204161 0.407663 0.0736728 9.9982E-05
0.00511733 0.599037 9.9982E-05 0.300479 0.0951662 9.9982E-05
0.0299928 0.630429 0.0224229 0.17876 0.0832184 0.0551769
0.0337346 0.455052 0.0652677 0.0257938 0.262743 0.157409
0.0468806 0.575438 0.0312605 9.9991E-05 0.203209 0.143112
0.0381239 0.161619 0.194972 0.0887536 0.381934 0.134598
0.019079 0.629424 0.131952 0.0759305 0.143514 9.9991E-05
9.9991E-05 0.461802 0.135417 0.0991783 0.233858 0.0696446
9.9973E-05 9.9973E-05 9.9973E-05 0.427552 0.412095 0.160053
9.9982E-05 0.312971 9.9982E-05 0.194294 0.313326 0.179209
9.9991E-05 0.348478 0.0666246 0.0729341 0.362444 0.14942
0.0208618 0.415764 0.116375 0.0323938 0.359872 0.0547336
0.0524941 0.537755 0.0421201 0.0746623 0.208467 0.0845014
0.0196132 0.570762 0.0638294 0.0645691 0.204044 0.0771821
0.0247828 0.61201 0.0706681 0.0319649 0.186226 0.0743487
0.0810801 0.407233 0.0175961 0.188796 0.121448 0.183847
0.0242543 0.220246 0.0661543 0.0858456 0.495396 0.108104
