9.9982E-05 9.9982E-05 0.0119498 0.0340429 0.915829 0.0379781
9.9964E-05 0.0253752 9.9964E-05 9.9964E-05 0.974225 9.9964E-05
9.999E-05 0.0261345 0.0520936 0.0241473 0.889265 0.00825916
9.9973E-05 9.9973E-05 0.134384 9.9973E-05 0.828496 0.0368204
9.9964E-05 9.9964E-05 0.0850708 9.9964E-05 0.914529 9.9964E-05
0.0910112 0.0229569 0.111073 0.0356328 0.683161 0.0561654
0.134598 0.0103718 0.00848676 9.9991E-05 0.819995 0.0264486
0.143082 9.9991E-05 0.0264109 0.0183978 0.737484 0.0745248
0.0379405 9.99729E-05 9.99729E-05 9.99729E-05 0.825825 0.135935
0.119131 0.0143915 0.063662 9.9991E-05 0.792439 0.010277
0.104261 9.9982E-05 0.095826 9.9982E-05 0.777737 0.0219766
0.0362554 0.169162 0.219017 0.0450369 0.0195005 0.511028
9.99915E-05 0.038619 0.54739 0.0526906 0.0702746 0.290925
0.055019 0.0773133 0.251704 0.121715 0.00755683 0.486692
0.0320421 0.0699388 0.296101 0.105609 0.0362234 0.460085
0.0453264 9.9991E-05 0.471586 0.0975569 0.102968 0.282463
0.0714386 9.9991E-05 0.562121 0.099195 0.0297187 0.237427
9.999E-05 0.164849 0.457537 0.0569462 0.0376373 0.28293
0.0766232 0.0177434 0.359221 0.0364623 0.109581 0.400368
0.0827952 0.127778 0.0277229 0.0246675 0.0339104 0.703126
0.0775098 0.121785 0.452655 0.0128567 0.0260545 0.309139
0.224221 0.0727069 0.458748 0.0538766 0.0365143 0.153933
9.999E-05 0.191875 0.524463 0.0401668 0.0592166 0.184178
0.0548165 0.143342 0.223017 0.0836406 0.0659422 0.429242
0.0899247 0.00730768 0.675213 0.0562209 0.100939 0.0703949
0.040927 0.0569578 0.579916 0.00164903 0.0646158 0.255934
0.0669552 0.138967 0.233992 0.0120414 0.0472127 0.500832
0.0386281 0.117782 0.272242 0.0929893 0.0379865 0.440372
0.131377 0.124031 0.230166 0.00125009 0.0100574 0.503118
9.9973E-05 9.9973E-05 0.105662 0.00119407 0.892844 9.9973E-05
9.9964E-05 9.9964E-05 0.120263 9.9964E-05 0.879338 9.9964E-05
9.9982E-05 9.9982E-05 0.0717924 0.109881 0.806298 0.0118291
0.00447842 9.9982E-05 0.184078 0.0707369 0.740506 9.9982E-05
0.0907021 0.224121 0.473359 9.9991E-05 0.119972 0.0917464
9.999E-05 0.230604 0.554408 0.0370449 0.0711997 0.106643
0.0418223 0.368867 0.561287 9.9982E-05 0.0278238 9.9982E-05
0.0290041 0.0789972 0.192265 0.0111475 0.025122 0.663464
0.159966 0.570173 0.253174 0.016487 9.9982E-05 9.9982E-05
9.9991E-05 0.260935 0.492067 0.0700391 0.0794137 0.0974453
0.0108619 0.179531 0.720152 9.9991E-05 0.0376326 0.0517228
0.197007 0.0549074 0.583253 9.9991E-05 0.119768 0.0449642
0.0818178 0.100341 0.649021 0.0161705 0.0954041 0.0572457
9.9982E-05 0.692471 0.120524 9.9982E-05 0.0336238 0.153181
0.249606 9.9982E-05 0.661845 0.0139451 0.0744033 9.9982E-05
0.0262555 0.257421 0.584661 0.0604486 0.061415 0.00979893
0.0347248 0.118437 0.647644 0.0297438 0.136977 0.0324732
0.0984695 0.553792 0.347439 9.9973E-05 9.9973E-05 9.9973E-05
9.9982E-05 0.283525 0.60291 0.0206693 0.0926963 9.9982E-05
0.0321054 0.201245 0.542014 0.0585225 0.105419 0.0606941
0.390662 0.608938 9.9964E-05 9.9964E-05 9.9964E-05 9.9964E-05
0.099613 0.1051 0.173453 9.9982E-05 9.9982E-05 0.621635
0.405164 0.0876558 0.195701 0.038683 9.9991E-05 0.272696
0.0975537 0.0124745 0.553953 0.0878274 0.0665889 0.181603
0.122 0.0163517 0.604067 0.0583429 0.0803649 0.118874
0.116445 0.0655915 0.636008 0.0706226 0.0654593 0.0458739
0.0330681 0.121876 0.217449 0.00715371 0.0970911 0.523362
0.0544482 0.0615176 0.540877 0.0346155 0.00369126 0.30485
0.0436765 0.0945309 0.5627 0.0525782 0.0830501 0.163464
0.118806 0.0846653 0.419448 0.0228017 0.0999192 0.25436
0.10351 0.100483 0.140967 0.0284601 0.162415 0.464165
0.098836 0.0384533 0.560092 0.0409513 0.11567 0.145997
0.0988376 0.0532656 0.509716 0.0292841 0.0833712 0.225526
0.133632 0.116861 0.106515 9.9991E-05 0.0684505 0.574441
0.113099 0.0765168 0.478427 9.9982E-05 9.9982E-05 0.331756
0.126008 0.0856929 0.584311 0.0629717 0.0645561 0.0764604
0.0928985 0.0181045 0.655535 0.0169456 0.0746842 0.141832
0.0846957 0.117691 0.312433 0.0416305 0.050682 0.392868
0.0576378 0.102768 0.474621 0.083021 0.031576 0.250377
0.0700901 0.03757 0.573952 0.0454318 0.0396341 0.233322
0.0744201 0.138612 0.256748 9.9991E-05 0.0368005 0.493319
9.9991E-05 0.487234 0.456005 0.0125244 0.0313063 0.0128301
9.9982E-05 0.736655 0.149581 9.9982E-05 0.0456325 0.0679312
0.00969091 0.273929 0.500925 0.0526511 0.10314 0.0596639
0.169777 0.829823 9.9964E-05 9.9964E-05 9.9964E-05 9.9964E-05
0.198844 0.800756 9.9964E-05 9.9964E-05 9.9964E-05 9.9964E-05
0.118579 0.672242 0.208879 9.9973E-05 9.9973E-05 9.9973E-05
9.9982E-05 0.43023 0.465995 9.9982E-05 0.030233 0.0733423
0.0495476 0.13295 0.567805 0.0297212 0.155397 0.0645791
9.9973E-05 0.534798 0.413823 0.0510791 9.9973E-05 9.9973E-05
9.9991E-05 0.688674 0.105218 0.00255438 0.0496359 0.153818
9.9982E-05 0.576871 0.264877 9.9982E-05 0.00595102 0.152101
9.9991E-05 0.313131 0.48715 0.078035 0.0624552 0.0591293
9.9991E-05 0.547318 0.348829 0.00256519 0.0430438 0.058144
9.9982E-05 0.456868 0.452075 9.9982E-05 0.0171352 0.0737213
0.0842217 0.477187 0.438291 9.9973E-05 9.9973E-05 9.9973E-05
0.352083 0.647518 9.9964E-05 9.9964E-05 9.9964E-05 9.9964E-05
0.0504257 0.253721 0.632326 0.0183146 0.0138512 0.0313617
9.9973E-05 9.9973E-05 0.0795381 9.9973E-05 0.841198 0.0789635
9.9973E-05 9.9973E-05 0.0648354 0.0054889 0.929376 9.9973E-05
9.9973E-05 9.9973E-05 0.132664 0.022005 0.845031 9.9973E-05
9.9973E-05 9.9973E-05 0.027385 0.0342333 0.938082 9.9973E-05
9.9973E-05 0.00553325 9.9973E-05 0.0117268 0.98244 9.9973E-05
9.9973E-05 9.9973E-05 0.0906934 0.0320574 0.876949 9.9973E-05
9.9964E-05 9.9964E-05 0.0793054 9.9964E-05 0.920295 9.9964E-05
0.00950391 0.184661 0.543042 0.0730984 0.0882799 0.101414
0.0533764 0.174859 0.582074 0.053087 0.124542 0.0120616
0.0247894 0.686726 0.0315676 9.9991E-05 0.0355847 0.221232
0.0665404 0.151151 0.621663 0.0304205 0.0701996 0.0600256
9.9982E-05 0.48284 0.369574 9.9982E-05 0.0305827 0.116804
0.0257972 0.331157 0.552061 9.9991E-05 0.0830488 0.00783625
0.110708 0.280282 0.548322 9.9982E-05 0.0604875 9.9982E-05
0.0143815 0.376521 0.49447 0.041631 0.0459772 0.0270194
9.9973E-05 0.733402 9.9973E-05 9.9973E-05 0.0510338 0.215265
0.0492316 0.183982 0.547911 0.015619 0.102409 0.100847
0.0409033 0.139066 0.636672 0.0322475 0.0717071 0.0794033
0.00421047 0.132461 0.604157 0.0384427 0.111573 0.109155
0.237474 0.468927 0.245832 0.0265284 0.0183744 0.00286462
0.0744503 0.412936 0.47677 0.0356441 9.9982E-05 9.9982E-05
9.9973E-05 0.41562 0.459789 9.9973E-05 9.9973E-05 0.124291
0.0787296 0.528302 0.384708 0.00806035 9.9982E-05 9.9982E-05
9.9982E-05 0.368472 0.430246 9.9982E-05 0.0409456 0.160136
0.0556803 0.153201 0.574725 0.0298258 0.114771 0.0717969
0.226113 9.9982E-05 0.292851 0.0827564 9.9982E-05 0.39808
0.0603964 9.9982E-05 0.477897 9.9982E-05 0.0791652 0.382341
0.0624712 0.0104423 0.567842 0.0193899 0.154222 0.185632
0.130841 0.0516472 0.576519 0.0148813 0.12599 0.100121
0.0706037 0.00801347 0.473105 9.9991E-05 0.0563412 0.391837
0.0627517 9.9991E-05 0.655939 0.0123905 0.0432522 0.225567
9.9973E-05 9.9973E-05 0.506899 9.9973E-05 0.0532807 0.43952
0.105321 0.0418842 0.54961 0.0326306 0.0874065 0.183147
0.0503418 0.0286409 0.629941 0.0438395 0.0726902 0.174546
0.0561652 9.9982E-05 0.598324 9.9982E-05 0.0363597 0.308952
0.00557587 0.0183851 0.595533 9.9991E-05 0.0456019 0.334804
0.149892 9.9991E-05 0.595045 0.074537 0.0288144 0.151611
0.104598 9.9991E-05 0.613557 0.0386351 0.107392 0.135718
0.0972006 0.0383049 0.590933 0.0837242 9.9991E-05 0.189738
0.0868062 0.017065 0.596924 0.0464015 0.0958166 0.156986
0.124044 0.00328468 0.672387 0.00259773 0.0240188 0.173668
0.29518 0.00226061 0.35715 0.0471779 0.0649439 0.233287
0.100264 9.9991E-05 0.66321 0.0608535 0.0368694 0.138703
0.111284 9.9982E-05 0.689575 9.9982E-05 0.0261819 0.172759
0.0577039 0.102902 0.247323 0.01984 0.0210174 0.551214
0.414601 0.04248 0.195504 0.00933042 9.9991E-05 0.337984
0.105154 0.059842 0.570864 0.0144211 0.0265953 0.223123
0.455305 0.0929126 0.109924 0.00430162 9.9991E-05 0.337456
0.05438 0.0618129 0.344419 9.9982E-05 9.9982E-05 0.539188
0.0429097 0.0734528 0.460673 9.9982E-05 9.9982E-05 0.422765
0.0338118 0.0479883 0.390104 9.9991E-05 0.0262164 0.50178
0.0477789 0.0516404 0.381654 9.9982E-05 9.9982E-05 0.518727
0.0539999 0.0311592 0.622725 0.00536172 0.0374891 0.249265
0.0995915 9.9991E-05 0.594754 0.0456927 0.0827055 0.177156
0.0573066 0.0363403 0.645156 0.00395051 0.0388821 0.218365
0.35243 0.0220287 0.205035 0.0201132 9.9991E-05 0.400294
0.166365 0.000823832 0.530794 0.0587243 0.148068 0.0952247
0.313893 0.0226409 0.508785 0.0345999 0.0736095 0.0464711
0.718377 0.118411 9.9982E-05 9.9982E-05 0.127641 0.0353706
0.124054 0.0438061 0.664844 0.0389388 0.0970047 0.0313519
0.393031 0.0615288 0.336746 0.0151202 0.0960284 0.0975456
0.240468 9.9991E-05 0.515774 0.0704181 0.100437 0.0728031
0.49422 0.0487741 0.247142 9.9991E-05 0.116424 0.0933397
0.616457 0.081677 0.0938486 9.9991E-05 0.0811043 0.126813
0.339975 0.0721724 0.41228 0.0289679 0.0335712 0.113034
0.164798 0.069841 0.471529 0.0857854 0.103071 0.104976
0.200928 0.00573076 0.4783 0.0486442 0.144875 0.121522
0.495417 0.135496 0.124578 0.0699782 0.0583174 0.116213
0.190503 0.0499977 0.518281 0.0817136 0.0634626 0.0960417
0.519501 0.0141154 0.363359 9.9982E-05 9.9982E-05 0.102824
0.347325 0.0662389 0.486009 9.9982E-05 9.9982E-05 0.100227
0.112709 0.0697028 0.566333 0.0702081 0.132021 0.0490257
0.228263 9.9991E-05 0.148379 0.256573 0.362624 0.00405976
0.393825 9.9973E-05 9.9973E-05 0.123377 0.482497 9.9973E-05
0.421566 9.9973E-05 9.9973E-05 0.121404 0.45673 9.9973E-05
0.273574 0.00140521 0.075733 0.263139 0.386049 9.9991E-05
0.259629 0.0903998 0.627389 9.9991E-05 0.00507737 0.0174048
0.16843 0.0690106 0.629746 0.0133623 0.061179 0.0582717
9.9973E-05 9.9973E-05 0.312509 0.668804 9.9973E-05 0.0183875
9.9991E-05 0.0516192 0.381079 0.425485 0.0502097 0.0915069
0.033323 0.0485685 0.376188 0.419952 0.0394178 0.0825512
0.612434 0.0194191 0.324647 9.9982E-05 9.9982E-05 0.0433005
0.186031 0.0693568 0.495923 0.0656896 0.109813 0.0731871
0.596905 0.0292287 0.303663 9.9982E-05 9.9982E-05 0.0700025
0.286585 0.026448 0.612569 9.9982E-05 0.0741985 9.9982E-05
0.382033 0.000973838 0.539708 0.00588187 0.0466805 0.0247222
0.36614 9.9973E-05 0.612654 9.9973E-05 0.0209054 9.9973E-05
0.694678 0.0264129 0.271511 9.9982E-05 9.9982E-05 0.00719796
0.220355 0.0066332 0.669165 0.0138211 0.0899257 9.9991E-05
0.169138 0.0631877 0.612199 9.9982E-05 0.155275 9.9982E-05
9.9973E-05 0.017166 0.0342743 0.94826 9.9973E-05 9.9973E-05
9.9982E-05 0.0149747 0.0672526 0.905207 9.9982E-05 0.0123661
9.9991E-05 0.0555886 0.2458 0.573988 0.0679996 0.056524
9.9973E-05 9.9973E-05 0.374128 0.614235 9.9973E-05 0.0113369
9.9982E-05 0.0214263 0.112958 0.827866 9.9982E-05 0.0375493
9.996E-05 9.996E-05 9.996E-05 0.9995 9.996E-05 9.996E-05
9.9973E-05 9.9973E-05 0.0190323 0.951506 9.9973E-05 0.0291614
9.9964E-05 9.9964E-05 0.180805 0.818795 9.9964E-05 9.9964E-05
9.9964E-05 9.9964E-05 9.9964E-05 0.945617 9.9964E-05 0.0539835
9.996E-05 9.996E-05 9.996E-05 0.9995 9.996E-05 9.996E-05
9.996E-05 9.996E-05 9.996E-05 0.9995 9.996E-05 9.996E-05
9.9982E-05 9.9982E-05 0.227177 0.729376 0.0288315 0.0144155
9.9991E-05 0.0235965 0.0943131 0.812256 0.0339945 0.0357399
9.996E-05 9.996E-05 9.996E-05 0.9995 9.996E-05 9.996E-05
0.0122724 0.0206205 0.385928 0.379448 0.0954006 0.10633
9.9982E-05 9.9982E-05 0.292944 0.616284 0.054983 0.035589
9.9982E-05 0.000801791 0.142562 0.819763 0.0366734 9.9982E-05
9.9982E-05 0.0179251 0.0885985 0.892966 0.000310665 9.9982E-05
9.996E-05 9.996E-05 9.996E-05 0.9995 9.996E-05 9.996E-05
9.9973E-05 9.9973E-05 0.0225979 0.965602 0.0115006 9.9973E-05
9.996E-05 9.996E-05 9.996E-05 0.9995 9.996E-05 9.996E-05
9.9991E-05 0.0349803 0.229013 0.652938 0.0307035 0.0522651
9.9973E-05 0.0191969 9.9973E-05 0.963684 9.9973E-05 0.016819
0.648237 9.9973E-05 9.9973E-05 0.0447382 0.306725 9.9973E-05
0.26776 9.9991E-05 0.346746 0.130882 0.219662 0.0348503
0.302239 9.9991E-05 0.487762 0.0389475 0.16302 0.00793204
0.504151 9.9982E-05 0.182886 0.124034 0.188729 9.9982E-05
0.197488 0.0676594 0.40522 0.159406 0.135412 0.0348141
0.507337 9.9982E-05 0.115474 0.104152 0.272837 9.9982E-05
0.243658 0.00569256 0.436351 0.0907521 0.166032 0.0575152
0.392555 9.9982E-05 0.301411 0.127807 0.178027 9.9982E-05
0.227291 9.9991E-05 0.473656 0.127212 0.160187 0.0115529
0.276287 0.0303321 0.366579 0.115657 0.211045 9.9991E-05
0.245579 9.9991E-05 0.495053 0.0726825 0.180229 0.00635741
9.9982E-05 0.00590784 0.076927 9.9982E-05 0.899792 0.0171737
0.00453979 0.0401564 9.9982E-05 0.0703378 0.884766 9.9982E-05
9.9982E-05 0.0025447 0.0128237 9.9982E-05 0.943303 0.0411286
9.9964E-05 0.0152807 9.9964E-05 9.9964E-05 0.984319 9.9964E-05
9.9973E-05 9.9973E-05 0.0485693 9.9973E-05 0.911661 0.0394699
9.9964E-05 9.9964E-05 0.00929931 9.9964E-05 0.990301 9.9964E-05
9.9982E-05 9.9982E-05 0.0649467 0.00904153 0.910494 0.0153178
0.00809554 0.00594177 9.9982E-05 9.9982E-05 0.930919 0.0548438
9.9991E-05 0.0624267 0.000586411 0.0217535 0.909283 0.00585088
0.0264378 9.9991E-05 0.00226212 0.0266763 0.904602 0.0399217
0.0680022 0.0486656 9.9982E-05 9.9982E-05 0.59249 0.290642
0.0323365 9.9973E-05 9.9973E-05 9.9973E-05 0.624619 0.342745
0.110125 0.013511 9.9982E-05 9.9982E-05 0.530269 0.345895
0.0901894 0.0482129 9.9982E-05 9.9982E-05 0.459362 0.402035
9.9991E-05 0.296455 0.459542 0.0217651 0.0707905 0.151348
0.0443083 0.315892 0.492839 0.03304 0.0263667 0.0875531
0.00384198 0.208265 0.560589 9.9991E-05 0.0541847 0.173019
9.9982E-05 0.24945 0.379112 9.9982E-05 0.0288324 0.342406
0.0769461 0.0590743 0.219239 0.00292011 9.9991E-05 0.64172
0.0448213 0.203101 0.64963 0.00814449 0.0312652 0.0630383
9.9982E-05 0.286756 0.612944 0.00721791 9.9982E-05 0.0928822
0.13469 0.279022 0.552961 9.9982E-05 9.9982E-05 0.0331265
0.120937 0.499144 0.375806 0.00391276 9.9982E-05 9.9982E-05
0.0920713 0.176938 0.58179 0.0761519 0.0585364 0.0145132
9.9991E-05 0.476 0.402028 0.00822297 0.00123035 0.112419
0.234192 0.765409 9.9964E-05 9.9964E-05 9.9964E-05 9.9964E-05
0.052847 0.114635 0.577453 0.0253955 0.043671 0.185999
0.230351 0.606975 0.162375 9.9973E-05 9.9973E-05 9.9973E-05
0.0591181 0.353119 0.55883 9.9982E-05 0.0287325 9.9982E-05
9.9982E-05 0.653759 0.136248 9.9982E-05 0.00413012 0.205662
0.0552828 9.9982E-05 0.00470494 9.9982E-05 0.142235 0.797577
0.0823391 9.9982E-05 0.0667572 9.9982E-05 0.114935 0.735769
0.054915 9.9982E-05 0.0483292 9.9982E-05 0.104336 0.79222
0.0822977 9.9973E-05 9.9973E-05 9.9973E-05 0.114093 0.803309
0.0426944 9.9982E-05 0.121767 9.9982E-05 0.0592344 0.776105
0.0422339 9.9991E-05 0.115685 0.025162 0.0781631 0.738656
9.9991E-05 0.0399009 0.0443668 0.0387433 0.872427 0.00446217
9.9991E-05 0.0272807 0.0996634 0.00894259 0.826698 0.0373151
0.0175662 0.0183595 0.139523 0.0388235 0.78216 0.00356798
9.9982E-05 0.0658435 9.9982E-05 0.0736162 0.828327 0.0320137
9.9991E-05 0.0268827 0.130655 0.0453014 0.778872 0.0181891
0.0867372 9.9973E-05 9.9973E-05 9.9973E-05 0.381614 0.531349
0.0587954 9.9982E-05 9.9982E-05 0.00468408 0.441756 0.494565
0.0228303 9.9982E-05 0.0250376 9.9982E-05 0.448473 0.503459
9.9991E-05 0.00532984 0.109875 0.00189137 0.859217 0.0235872
0.0326369 0.0429199 9.9982E-05 9.9982E-05 0.388381 0.535862
0.161676 9.9982E-05 0.294093 0.280266 0.263765 9.9982E-05
0.0285583 0.0185357 0.506493 0.244658 0.155202 0.0465522
9.9973E-05 9.9973E-05 0.557371 0.223141 0.219187 9.9973E-05
0.165394 9.9982E-05 0.336184 0.245641 0.252581 9.9982E-05
0.0853735 0.0460796 0.505212 0.123261 0.165796 0.0742788
0.260893 9.9973E-05 9.9973E-05 0.295801 0.443006 9.9973E-05
0.0354482 0.0375882 0.491421 9.9982E-05 9.9982E-05 0.435342
0.275012 0.0141654 0.507829 9.9982E-05 9.9982E-05 0.202794
0.0540196 0.0492409 0.321581 0.00237948 0.0081493 0.56463
0.224183 9.9973E-05 0.564633 9.9973E-05 9.9973E-05 0.210884
0.624072 0.0299161 9.9973E-05 9.9973E-05 9.9973E-05 0.345712
0.087211 0.0691935 0.575445 0.0636402 0.0942524 0.110258
0.222695 9.9991E-05 0.568691 0.00972779 0.0329181 0.165868
0.0797185 0.0397513 0.378115 9.9991E-05 0.0300939 0.472222
0.0723744 0.0644541 0.520023 0.062913 0.0647988 0.215436
0.404783 0.125605 0.181156 9.9982E-05 9.9982E-05 0.288256
0.190465 0.0456692 0.557331 0.0235751 0.00693189 0.176028
0.0755967 0.045784 0.55172 0.000244511 0.00355845 0.323097
0.151631 0.0965899 0.438645 0.127605 0.0946747 0.0908543
0.266519 0.0812681 0.363236 0.00846318 9.9991E-05 0.280414
0.250375 0.0766098 0.456524 0.0195178 9.9991E-05 0.196873
0.152562 0.0416778 0.609087 0.0191797 0.0019484 0.175545
0.154894 0.0501286 0.593339 9.9982E-05 9.9982E-05 0.201438
0.141291 0.0126162 0.652416 0.0875758 0.0150971 0.0910036
0.0467391 0.0715765 0.557952 0.0661302 0.0757471 0.181855
0.0817068 0.0789449 0.592759 0.0153125 0.0822318 0.149045
9.9973E-05 9.9973E-05 0.11552 0.025126 0.859054 9.9973E-05
9.9964E-05 9.9964E-05 0.114891 9.9964E-05 0.884709 9.9964E-05
0.0304631 0.0185661 0.0445488 9.9991E-05 0.880371 0.0259513
9.9991E-05 0.00223611 0.0277696 0.0485112 0.913585 0.00779799
9.9964E-05 9.9964E-05 0.103575 9.9964E-05 0.896025 9.9964E-05
0.0939545 0.0983621 0.124823 0.0502626 0.0241894 0.608409
0.13021 0.0539138 0.525189 0.0471654 0.079212 0.16431
0.143121 9.9991E-05 0.42534 0.234655 0.173453 0.0233309
0.0155701 9.9991E-05 0.688556 0.0268301 0.032796 0.236148
9.9991E-05 0.105339 0.503568 0.0328187 0.0494797 0.308694
0.315475 0.0549095 0.288449 0.0208171 9.9991E-05 0.320249
0.0789999 0.0815614 0.0120349 0.0073504 0.0630509 0.757002
0.00747412 0.0808619 0.480587 0.0471794 0.0403953 0.343502
0.027886 0.0196007 0.215798 0.0607393 0.0276727 0.648304
0.153794 0.0951186 0.485684 0.00625292 0.0618168 0.197334
0.121744 9.9982E-05 0.187187 9.9982E-05 0.0646819 0.626186
9.9991E-05 0.00350996 0.538386 0.112722 0.033564 0.311718
0.0861391 0.0983591 0.15138 0.024327 0.0412845 0.59851
0.244959 0.0812237 0.282727 0.10313 9.9991E-05 0.287861
0.172032 0.0856828 0.537481 0.0171164 0.0684556 0.119233
0.554988 9.9973E-05 0.350582 9.9973E-05 9.9973E-05 0.09413
0.345194 0.00357846 0.57476 9.9991E-05 0.0619923 0.0143749
0.232598 0.0289377 0.613809 9.9991E-05 0.105043 0.0195123
0.619581 0.0280647 0.294308 9.9982E-05 9.9982E-05 0.0578464
0.204238 0.0574877 0.532226 0.0374511 0.0849582 0.0836386
0.338519 0.101608 0.516672 9.9991E-05 0.0323127 0.010788
0.72801 0.0539 0.193666 9.9982E-05 9.9982E-05 0.0242237
0.685647 0.0379588 0.226784 9.9991E-05 0.012241 0.0372693
0.396207 9.9982E-05 0.50232 9.9982E-05 0.0194313 0.0818413
0.671366 0.15488 0.0617129 9.9982E-05 9.9982E-05 0.111841
0.383755 0.047596 0.472124 9.9982E-05 9.9982E-05 0.0963256
9.9982E-05 0.0765415 0.197567 0.0117492 9.9982E-05 0.713942
0.272651 0.0428888 0.219241 0.0780249 9.9991E-05 0.387094
9.9991E-05 0.0576042 0.401576 0.0849827 0.0162633 0.439473
0.0265538 0.0706727 0.534473 0.0697228 0.0269104 0.271668
9.9982E-05 0.120169 0.231347 0.0464622 9.9982E-05 0.601822
0.159433 0.03866 0.548016 0.0407116 0.0817521 0.131427
0.0363119 0.0399545 0.611595 0.0114192 0.051889 0.24883
0.139481 0.066993 0.497772 0.0533962 0.0246285 0.217729
0.0533925 0.0657562 0.529038 0.0601256 9.9991E-05 0.291588
9.9991E-05 0.0764436 0.486573 0.0192814 0.0269597 0.390642
0.0257336 0.10674 0.28661 0.0381505 9.9991E-05 0.542666
0.0297995 0.0225492 0.438157 0.0233098 9.9991E-05 0.486085
0.118445 0.012957 0.589865 0.0477804 9.9991E-05 0.230852
0.116066 0.0354195 0.582061 0.091435 0.02582 0.149199
0.178292 0.076953 0.329622 0.100873 0.0239194 0.29034
0.100704 0.101625 0.438559 0.116094 9.9991E-05 0.242917
0.011116 0.047387 0.375463 0.0696978 9.9991E-05 0.496236
0.0466261 0.033752 0.591959 0.0341824 0.0260058 0.267474
0.0237767 0.0696469 0.470728 0.102567 0.0192595 0.314023
0.131846 0.00797845 0.634917 9.9991E-05 0.114018 0.111139
0.000230332 9.9991E-05 0.483382 0.113067 0.331938 0.0712827
0.131005 0.0347844 0.529838 0.171904 0.0835991 0.0488696
0.136878 9.9991E-05 0.500862 0.133745 0.190678 0.037737
0.130783 9.9991E-05 0.5624 0.168665 0.0743016 0.0637496
0.154217 0.0108304 0.440468 0.18194 0.212445 9.9991E-05
0.273373 0.0134775 0.537367 9.9982E-05 9.9982E-05 0.175583
0.043085 0.133112 0.528826 0.0956477 0.193293 0.00603561
0.418585 0.0266795 0.0517781 0.182116 0.220632 0.100209
0.123846 9.9991E-05 0.626936 0.0793319 0.128311 0.0414756
0.0847261 0.0174035 0.506869 0.209704 0.124777 0.0565197
0.0860958 0.0346141 0.561281 0.156283 0.100044 0.0616821
0.271535 0.052913 0.294054 0.119773 0.193229 0.068495
0.0681702 9.9991E-05 0.536647 0.143941 0.192437 0.0587049
0.14589 9.9991E-05 0.531616 0.175675 0.126361 0.0203579
0.376443 9.9973E-05 9.9973E-05 0.13601 0.487247 9.9973E-05
0.0634598 0.0320782 0.497798 0.136952 0.162669 0.107042
0.0734206 0.0128526 0.54913 0.172625 0.180249 0.011723
0.110198 0.00613474 0.55682 0.124775 0.0990478 0.103025
0.0748064 9.9982E-05 0.518782 0.223887 0.182325 9.9982E-05
0.0718427 0.0203997 0.517518 0.129296 0.255462 0.0054816
0.357004 0.069585 0.517339 0.0252629 0.0156159 0.015193
0.176776 0.13764 0.574607 0.0249118 0.0528248 0.0332413
0.740062 0.150969 0.0354933 9.9982E-05 9.9982E-05 0.073275
0.77081 0.0897508 0.0804653 9.9982E-05 9.9982E-05 0.0587737
0.300329 0.0215261 0.568833 0.0117078 0.0855073 0.0120968
0.180724 9.9982E-05 0.358479 0.302443 0.158154 9.9982E-05
0.20286 9.9982E-05 0.366815 0.273073 0.157052 9.9982E-05
0.326933 9.9982E-05 0.224056 0.284771 0.16404 9.9982E-05
0.237143 9.9982E-05 0.372249 0.234982 0.155426 9.9982E-05
0.712044 9.9982E-05 0.171113 0.0583209 0.0583214 9.9982E-05
0.629546 0.046481 0.209668 0.0505204 0.0636848 9.9991E-05
0.286289 0.0204017 0.6372 0.0559093 9.9982E-05 9.9982E-05
0.381788 9.9991E-05 0.467286 0.101515 0.0422584 0.00705306
0.530146 0.052851 0.293903 0.0441882 0.038546 0.0403657
0.249349 9.9991E-05 0.593985 0.0356292 0.070134 0.0508031
0.279308 9.9982E-05 0.67284 0.00774922 0.0399021 9.9982E-05
0.218551 0.0464235 0.537136 0.0550329 0.0876519 0.0552053
0.515428 0.0470123 0.394821 9.9982E-05 9.9982E-05 0.042538
0.409595 0.0696078 0.462363 9.9982E-05 9.9982E-05 0.0582337
0.282243 0.0777042 0.551772 0.00880229 0.0301649 0.0493134
0.341628 0.0513169 0.47005 0.0155989 0.0139551 0.107451
0.285838 0.00532886 0.533461 0.0403052 0.0823619 0.0527044
0.371649 0.0917136 0.536337 9.9973E-05 9.9973E-05 9.9973E-05
0.618552 0.072619 0.282903 9.9982E-05 9.9982E-05 0.0257261
0.264779 0.0220281 0.7065 0.00181523 0.00477769 9.9991E-05
0.583449 0.113075 0.22942 0.00817742 9.9991E-05 0.0657799
0.40442 0.0639314 0.499908 9.9991E-05 0.00706561 0.024575
0.295058 0.088363 0.54156 0.00278268 0.0721373 9.9991E-05
0.265888 0.0211305 0.528768 0.0494287 0.0443776 0.0904067
0.17681 9.9991E-05 0.506206 0.122316 0.154461 0.0401076
0.140163 0.0752064 0.453096 0.130485 0.189018 0.012032
0.190699 9.9982E-05 0.372696 0.229621 0.206784 9.9982E-05
0.204833 0.039013 0.31118 0.242268 0.202606 9.9991E-05
0.0631289 0.0579758 0.460636 0.172937 0.17454 0.0707821
0.197424 0.0479716 0.454547 0.121359 0.178597 9.9991E-05
0.647826 0.0551921 0.00223087 0.15597 0.138681 9.9991E-05
0.160032 9.9982E-05 0.566243 0.186064 0.0874617 9.9982E-05
0.573454 9.9973E-05 9.9973E-05 0.111405 0.314842 9.9973E-05
0.248121 9.9982E-05 0.574343 0.121489 0.0558476 9.9982E-05
0.68702 0.0862646 0.226416 9.9973E-05 9.9973E-05 9.9973E-05
0.712306 0.237438 0.0429236 9.9982E-05 9.9982E-05 0.00713178
0.402348 0.0439962 0.543877 9.9982E-05 9.9982E-05 0.0095786
0.290142 0.0147478 0.642166 0.0197139 0.00131605 0.0319146
0.445497 0.0243758 0.529827 9.9973E-05 9.9973E-05 9.9973E-05
0.271654 0.0639525 0.648643 9.9982E-05 9.9982E-05 0.015551
0.369104 0.0305716 0.600024 9.9973E-05 9.9973E-05 9.9973E-05
9.9991E-05 0.0383766 0.00195786 0.0242488 0.875212 0.0601046
0.069471 0.0274724 0.0329822 0.0566455 0.750408 0.0630213
0.00509331 9.9991E-05 0.00969015 0.0343751 0.918728 0.0320137
0.000121666 9.9973E-05 0.0526624 9.9973E-05 0.946916 9.9973E-05
0.0488328 0.336527 0.517953 0.066113 0.0304739 9.9991E-05
9.9991E-05 0.367824 0.526584 0.00218292 0.0782791 0.0250303
9.9982E-05 0.46254 0.482359 9.9982E-05 0.0335377 0.0213628
9.9991E-05 0.251242 0.570613 0.0122285 0.0732809 0.0925363
0.0750946 0.168797 0.59967 0.0320815 0.0981834 0.0261729
9.9982E-05 0.573154 0.279768 9.9982E-05 0.0564379 0.0904405
9.9982E-05 0.366636 0.62143 0.00763113 0.0041032 9.9982E-05
0.18274 0.554117 0.262843 9.9973E-05 9.9973E-05 9.9973E-05
0.041635 0.0100742 0.400452 0.173334 0.288201 0.0863044
0.157303 0.383972 0.3924 0.0456555 9.9991E-05 0.0205693
9.9982E-05 0.543812 0.349206 9.9982E-05 0.00668473 0.100098
0.100003 0.36514 0.534556 9.9973E-05 9.9973E-05 9.9973E-05
9.9982E-05 0.486579 0.400212 0.0242725 9.9982E-05 0.0887364
0.00994828 0.387771 0.573385 0.028695 9.9982E-05 9.9982E-05
9.9973E-05 0.348167 0.557315 9.9973E-05 0.094218 9.9973E-05
0.138039 0.861561 9.9964E-05 9.9964E-05 9.9964E-05 9.9964E-05
0.128136 0.546877 0.316902 0.00788529 9.9982E-05 9.9982E-05
0.0907893 0.549047 0.359863 9.9973E-05 9.9973E-05 9.9973E-05
0.232855 0.766745 9.9964E-05 9.9964E-05 9.9964E-05 9.9964E-05
9.9982E-05 0.392929 0.401768 9.9982E-05 0.0711783 0.133925
0.314465 0.625176 0.0600594 9.9973E-05 9.9973E-05 9.9973E-05
0.250638 0.748963 9.9964E-05 9.9964E-05 9.9964E-05 9.9964E-05
0.0341242 0.289869 0.585149 0.0212158 0.0649935 0.00464848
9.9991E-05 0.610434 0.135914 0.0310872 0.0277022 0.194762
0.000296368 0.457444 0.439278 9.9991E-05 0.0176275 0.0852542
0.0594207 0.214305 0.584501 0.0177004 0.123973 9.9991E-05
9.9982E-05 0.404332 0.509905 9.9982E-05 0.0522611 0.0333019
0.277656 0.0264444 0.390981 0.0165335 9.9991E-05 0.288285
9.9991E-05 0.349404 0.527109 0.0479633 0.0232237 0.0522001
9.9982E-05 0.332535 0.51409 9.9982E-05 0.0403369 0.112838
0.150384 0.53866 0.310656 9.9973E-05 9.9973E-05 9.9973E-05
0.0277594 0.234408 0.537828 0.0114941 0.109781 0.0787294
0.0423821 9.9973E-05 9.9973E-05 9.9973E-05 0.654676 0.302642
0.0636724 0.0175918 9.9982E-05 9.9982E-05 0.782864 0.135672
0.0292488 9.9973E-05 9.9973E-05 9.9973E-05 0.855552 0.114899
0.0203367 9.9973E-05 9.9973E-05 9.9973E-05 0.835068 0.144296
0.049272 0.0316424 0.0160768 9.9991E-05 0.737589 0.16532
9.9982E-05 0.632897 0.132256 9.9982E-05 0.0524357 0.182211
9.9982E-05 0.727372 0.113609 9.9982E-05 0.048673 0.110145
0.105059 0.734028 0.139426 0.0212869 9.9982E-05 9.9982E-05
0.123259 0.128115 0.530165 0.101682 0.0959246 0.0208547
0.0330751 0.221901 0.529944 0.097803 0.0832008 0.0340755
0.116781 0.626899 0.203408 0.0362985 0.0165135 9.9991E-05
0.0329687 0.285002 0.561566 0.092499 9.9991E-05 0.0278644
0.128374 0.432832 0.345483 0.054267 0.0389431 9.9991E-05
9.9982E-05 0.375672 0.495692 9.9982E-05 0.0544272 0.0740094
9.9991E-05 0.298514 0.559227 0.049978 0.0686412 0.0235396
9.9973E-05 0.663684 0.180986 9.9973E-05 9.9973E-05 0.15503
9.9982E-05 0.585221 0.286474 9.9982E-05 0.000511929 0.127593
9.9982E-05 0.578384 0.274908 9.9982E-05 0.033538 0.11297
0.203549 9.9982E-05 0.65195 9.9982E-05 0.108758 0.0355419
9.9982E-05 0.533616 0.372652 9.9982E-05 0.0416302 0.0519018
9.9991E-05 0.452401 0.386799 0.0163828 0.0267696 0.117548
0.0406686 0.0556061 0.425328 0.368385 0.097363 0.012649
0.0269316 0.0569577 0.327389 0.4489 0.139721 9.9991E-05
0.0133433 9.9982E-05 0.452042 0.38773 0.146684 9.9982E-05
0.0568203 9.9982E-05 0.305249 0.484982 0.152749 9.9982E-05
0.0147567 0.0513497 0.47487 0.27657 0.157805 0.0246485
0.207675 0.178874 0.528792 0.0051933 0.0793646 9.9991E-05
0.0943211 9.9991E-05 0.00858615 0.649649 0.244944 0.00239957
0.0550638 9.9982E-05 0.311002 0.482953 0.150781 9.9982E-05
0.267021 0.0325716 0.398071 0.121057 0.18118 9.9991E-05
0.23667 0.0151877 0.546674 9.9991E-05 0.163014 0.0383536
0.245426 0.00792476 0.513702 9.9991E-05 0.164034 0.0688132
0.1413 0.0557472 0.619931 0.0346286 0.117664 0.0307295
0.126286 0.019373 0.6521 9.9991E-05 0.15689 0.0452511
9.9973E-05 9.9973E-05 0.388324 0.448423 0.162953 9.9973E-05
0.0643387 0.0154021 0.384976 0.369403 0.136134 0.0297464
9.9973E-05 9.9973E-05 0.415337 0.504655 0.079708 9.9973E-05
0.070219 0.00124586 0.454199 0.285209 0.116603 0.0725248
0.0762638 0.0293552 0.244756 0.494015 0.154005 0.00160545
0.0727477 0.0364958 0.40796 0.346447 0.0867697 0.0495801
0.0546574 0.0314901 0.262672 0.532661 0.11842 9.9991E-05
0.0807149 0.00753133 0.38949 0.344597 0.137569 0.0400983
0.33326 9.9982E-05 0.538631 9.9982E-05 0.10999 0.0179195
0.045708 0.0582833 0.338892 0.340257 0.18509 0.0317699
0.079189 9.9982E-05 0.146204 0.576089 0.198319 9.9982E-05
9.9991E-05 0.0803974 0.395704 0.362918 0.096491 0.0643898
0.304387 0.0614077 0.296271 9.9991E-05 0.194191 0.143643
0.263621 9.9982E-05 0.6341 0.0191194 0.0829602 9.9982E-05
0.0874126 9.9991E-05 0.394531 0.320825 0.192412 0.00471981
0.154915 0.011472 0.593261 9.9991E-05 0.160106 0.0801458
0.208465 9.9982E-05 0.522543 9.9982E-05 0.178423 0.0903696
0.160151 0.0590272 0.339955 0.202703 0.225602 0.0125613
0.176882 9.9991E-05 0.336427 0.276501 0.193692 0.0163981
0.116998 0.052933 0.59671 0.0392032 0.0882918 0.105864
0.0315223 0.0485349 0.447003 0.283235 0.189605 9.9991E-05
9.9982E-05 9.9982E-05 0.427751 0.427524 0.11118 0.0333454
0.0405816 9.9982E-05 0.121808 0.627628 0.209782 9.9982E-05
0.139798 0.0264116 0.644613 0.0314998 0.136032 0.0216467
0.271976 0.0497571 0.463097 9.9991E-05 0.155344 0.0597257
0.707565 9.9982E-05 0.166363 0.0105916 0.115281 9.9982E-05
0.120927 0.0225568 0.625106 0.0330089 0.173179 0.0252221
0.297929 9.9991E-05 0.435363 0.0193541 0.0792723 0.167982
0.121238 0.0634936 0.46694 0.127685 0.20085 0.0197934
0.239562 0.010882 0.433366 0.132513 0.164235 0.0194415
0.533576 9.9973E-05 9.9973E-05 0.128603 0.337521 9.9973E-05
0.6253 9.9973E-05 9.9973E-05 0.0713918 0.303009 9.9973E-05
0.412755 9.9982E-05 0.305978 0.0811283 0.199939 9.9982E-05
0.44112 9.9982E-05 0.0560492 0.159813 0.342818 9.9982E-05
0.352153 9.9973E-05 9.9973E-05 0.193832 0.453715 9.9973E-05
0.312901 9.9982E-05 0.403253 0.0723075 0.211338 9.9982E-05
0.241279 9.9982E-05 0.358631 0.160988 0.238902 9.9982E-05
0.407399 9.9982E-05 0.137359 0.166372 0.28867 9.9982E-05
0.52956 9.9982E-05 0.0671393 0.130374 0.272727 9.9982E-05
0.194356 0.0132442 0.513878 0.0787817 0.19964 9.9991E-05
0.458093 9.9982E-05 0.163205 0.124251 0.254251 9.9982E-05
0.567597 9.9973E-05 9.9973E-05 0.0587263 0.373377 9.9973E-05
0.105077 0.0869186 0.503027 0.123073 0.0862623 0.0956421
0.251689 9.9991E-05 0.3529 0.165678 0.229227 0.000405964
0.00355522 0.0625262 0.386305 0.206318 0.325714 0.0155818
9.9973E-05 9.9973E-05 0.639057 0.175933 0.18471 9.9973E-05
0.100659 0.0421399 0.514757 0.216344 0.125999 9.9991E-05
0.117608 0.0399002 0.450101 0.232382 0.159909 9.9991E-05
9.9991E-05 0.0517075 0.311472 0.196039 0.380121 0.0605605
0.0347237 9.9982E-05 0.506869 0.18321 0.274997 9.9982E-05
0.016569 0.0239175 0.481911 0.206654 0.259769 0.0111802
0.160182 0.0496715 0.302996 0.250809 0.236242 9.9991E-05
0.0136938 0.269073 0.263797 0.142738 0.227637 0.0830622
0.0940289 0.0385725 0.531119 0.113905 0.222275 9.9991E-05
0.0903578 9.9991E-05 0.54096 0.159257 0.151546 0.0577796
0.0555401 0.0570006 0.602363 0.118218 0.123385 0.0434933
0.0254132 9.9991E-05 0.436933 0.217646 0.286922 0.0329859
0.00375762 0.0473133 0.493379 0.183853 0.24092 0.0307774
0.303492 9.9982E-05 0.0169593 0.324329 0.35502 9.9982E-05
0.0745256 0.036857 0.56633 0.141818 0.180369 9.9991E-05
0.213642 9.9982E-05 0.182039 0.295166 0.308953 9.9982E-05
9.9964E-05 9.9964E-05 9.9964E-05 9.9964E-05 0.790508 0.209092
9.9982E-05 0.0286207 0.140945 9.9982E-05 0.0634385 0.766796
9.996E-05 9.996E-05 9.996E-05 9.996E-05 9.996E-05 0.9995
9.996E-05 9.996E-05 9.996E-05 9.996E-05 9.996E-05 0.9995
9.9964E-05 9.9964E-05 0.0325674 9.9964E-05 9.9964E-05 0.967033
9.9964E-05 9.9964E-05 9.9964E-05 0.025239 9.9964E-05 0.974361
9.9964E-05 9.9964E-05 0.035067 9.9964E-05 9.9964E-05 0.964533
9.9964E-05 9.9964E-05 9.9964E-05 9.9964E-05 0.00105175 0.998548
9.9964E-05 9.9964E-05 9.9964E-05 9.9964E-05 0.154645 0.844955
9.9982E-05 0.0514375 0.00759628 9.9982E-05 0.892972 0.0477938
9.9973E-05 9.9973E-05 0.0659058 9.9973E-05 0.793735 0.140059
0.029717 0.00604036 0.0436179 9.9991E-05 0.880761 0.0397637
0.0259962 9.9982E-05 0.0299405 9.9982E-05 0.868074 0.0757894
9.9991E-05 0.0263983 0.00838262 0.0108474 0.898471 0.0558002
9.9991E-05 0.00728451 0.048431 0.0113193 0.91227 0.0205957
0.029148 9.9991E-05 0.164218 0.0479753 0.744688 0.0138709
9.9964E-05 9.9964E-05 0.0979358 9.9964E-05 0.901664 9.9964E-05
0.0130955 9.9991E-05 0.112328 0.0741868 0.713694 0.0865958
9.9973E-05 9.9973E-05 0.036427 0.0410775 0.922196 9.9973E-05
0.0258461 9.9964E-05 9.9964E-05 9.9964E-05 0.973754 9.9964E-05
9.9991E-05 0.00282173 0.0614268 0.0324331 0.895789 0.00742956
0.00677225 0.00801478 9.9982E-05 9.9982E-05 0.976963 0.00804957
0.0211605 9.9982E-05 0.0298364 0.00843665 0.940366 9.9982E-05
9.9973E-05 9.9973E-05 0.0853078 0.0001196 0.914273 9.9973E-05
9.9964E-05 9.9964E-05 0.0737825 9.9964E-05 0.925818 9.9964E-05
9.9973E-05 9.9973E-05 0.0702857 0.0579847 0.87143 9.9973E-05
9.9973E-05 9.9973E-05 0.132923 0.0130702 0.853707 9.9973E-05
9.9973E-05 9.9973E-05 0.122637 0.0626351 0.814428 9.9973E-05
0.27611 0.0697498 0.409381 9.9991E-05 0.12969 0.11497
0.165866 0.0139302 0.697771 9.9991E-05 0.095506 0.0268269
0.0999941 0.0789574 0.63876 0.0295291 0.106363 0.0463963
0.687971 0.0899882 0.128086 9.9982E-05 0.0937544 9.9982E-05
0.221039 0.00855748 0.522333 9.9991E-05 0.113261 0.134709
0.780106 9.9973E-05 0.0983559 9.9973E-05 0.121238 9.9973E-05
0.252619 9.9982E-05 0.638099 0.0162036 0.092878 9.9982E-05
0.235207 0.10377 0.412967 9.9991E-05 0.17445 0.0735051
0.251212 9.9982E-05 0.497569 9.9982E-05 0.175056 0.0759622
9.9991E-05 0.410806 0.457126 0.00589546 0.0404861 0.0855856
0.227834 0.107696 0.472507 9.9991E-05 0.115994 0.075868
0.192827 9.9991E-05 0.681225 0.021132 0.06697 0.0377469
0.243446 9.9982E-05 0.550901 9.9982E-05 0.118098 0.0873544
0.325393 0.132243 0.0397773 0.0685506 9.9991E-05 0.433937
0.824118 0.000996171 0.0458975 9.9991E-05 0.108278 0.0206106
0.724719 9.9973E-05 0.168155 9.9973E-05 0.106826 9.9973E-05
0.182374 9.9991E-05 0.624613 0.00955654 0.137748 0.045608
0.378136 0.0146483 0.525237 9.9982E-05 0.0817786 9.9982E-05
0.268876 0.0369725 0.614376 9.9982E-05 0.0795755 9.9982E-05
0.154552 0.0130562 0.651104 0.0219343 0.134324 0.0250301
0.0869475 9.9991E-05 0.438877 0.176348 0.24246 0.0552675
0.0272561 0.0555447 0.531372 0.139266 0.224459 0.0221021
0.066194 0.037665 0.16742 0.152988 0.359694 0.216038
0.0313829 0.0224512 0.631855 0.00779595 0.182047 0.124467
0.0902646 9.9991E-05 0.468199 0.101277 0.209597 0.130563
0.427324 9.9973E-05 9.9973E-05 0.169827 0.40255 9.9973E-05
0.207036 9.9982E-05 0.277928 0.241146 0.273691 9.9982E-05
0.0720513 0.0269933 0.310267 0.139402 0.378969 0.0723177
0.0594866 0.00569487 0.425733 0.0813332 0.306269 0.121484
0.0884373 0.0150725 0.538797 0.118677 0.162555 0.0764605
0.0478649 0.045053 0.547719 0.0924259 0.221416 0.0455216
0.0768421 9.9991E-05 0.623619 0.0727484 0.14707 0.07962
0.163914 0.0572411 0.403141 0.175318 0.193567 0.00681903
0.113665 0.00977419 0.249657 0.10929 0.491529 0.0260852
