9.9982E-05 0.928353 0.0195137 0.0198616 9.9982E-05 0.0320722
9.999E-05 0.961675 0.00359938 0.0113994 0.00375399 0.0194721
9.999E-05 0.873481 0.0336856 0.00925406 0.0566768 0.0268025
9.9973E-05 0.825705 0.137896 0.0360996 9.9973E-05 9.9973E-05
9.9964E-05 0.9174 0.0821997 9.9964E-05 9.9964E-05 9.9964E-05
0.0833563 0.662202 0.0705515 0.0990828 0.0461715 0.0386358
0.106257 0.824738 0.0172805 0.0497909 0.00183299 9.9991E-05
0.105502 0.748743 0.0231067 0.116518 9.9991E-05 0.00603091
0.0286606 0.823521 9.99729E-05 0.147518 9.99729E-05 9.99729E-05
0.095752 0.76662 0.0667605 0.0646747 9.9991E-05 0.00609305
0.072467 0.755802 0.108813 0.0627181 9.9982E-05 9.9982E-05
0.0643519 0.0359882 0.239224 0.494593 0.142275 0.0235676
9.999E-05 0.0680718 0.546088 0.274822 0.0548252 0.0560931
0.0896082 0.00478091 0.257142 0.460508 0.0903438 0.0976171
0.0298149 0.0437591 0.261601 0.453426 0.0700334 0.141366
0.00714557 0.0890139 0.460239 0.309616 0.0260267 0.107959
0.0452775 0.0348236 0.621528 0.183218 0.0487449 0.0664081
9.999E-05 0.0172181 0.484926 0.317594 0.134923 0.0452379
0.0930872 0.121605 0.300355 0.386082 0.0291504 0.0697205
0.137767 0.023293 0.0673182 0.708357 0.0630693 0.000195454
0.0988608 0.0327011 0.450856 0.276557 0.120919 0.0201061
0.289809 0.00771612 0.436108 0.162357 0.0475685 0.0564404
0.0386979 0.0282513 0.591118 0.205614 0.136219 9.9991E-05
0.0436327 0.0461999 0.243592 0.466228 0.140447 0.0599003
0.0617504 0.0960088 0.654946 0.125798 0.0280849 0.0334119
0.00431894 0.0562416 0.559122 0.299071 0.0577129 0.0235336
0.0453682 0.039595 0.252594 0.523163 0.119309 0.0199715
0.0575312 0.0460853 0.307603 0.426392 0.10768 0.0547084
0.178909 0.0139085 0.24105 0.474815 0.0912169 9.99995E-05
9.9973E-05 0.893878 0.0764418 9.9973E-05 9.9973E-05 0.0293807
9.9964E-05 0.874721 0.124879 9.9964E-05 9.9964E-05 9.9964E-05
9.9982E-05 0.822475 0.109662 0.0096533 9.9982E-05 0.0580095
9.9982E-05 0.772844 0.166665 9.9982E-05 0.00510279 0.0551882
0.0696141 0.0982542 0.47892 0.104265 0.248846 9.9991E-05
9.9991E-05 0.0631791 0.508835 0.0683443 0.301369 0.0581726
0.058033 0.00734306 0.558148 9.9982E-05 0.376276 9.9982E-05
0.0267102 0.0342003 0.209236 0.620161 0.109311 0.000381305
0.180051 9.9982E-05 0.238945 9.9982E-05 0.574076 0.0067282
9.9991E-05 0.0852039 0.551483 0.1267 0.202632 0.0338801
0.0728628 0.0492939 0.66578 9.9982E-05 0.211863 9.9982E-05
0.10611 0.123418 0.555383 0.0994124 0.115577 9.9991E-05
0.0871763 0.117305 0.581613 0.0751691 0.133183 0.00555315
9.9982E-05 0.0162502 0.11112 0.205063 0.667368 9.9982E-05
0.2526 0.0671189 0.663772 0.0153704 9.9991E-05 0.00103837
0.0427779 0.0877331 0.551135 0.0138993 0.280935 0.0235199
0.0598987 0.113982 0.591382 0.0479262 0.135761 0.0510499
0.101599 9.9973E-05 0.308802 9.9973E-05 0.589299 9.9973E-05
9.9991E-05 0.100347 0.588252 0.0401902 0.262204 0.00890657
0.0865736 0.145013 0.549594 0.0621644 0.131316 0.0253384
0.406672 0.00487985 9.9973E-05 9.9973E-05 0.588149 9.9973E-05
0.0978867 9.9982E-05 0.200884 0.593742 0.107287 9.9982E-05
0.389828 9.9991E-05 0.158446 0.247406 0.155672 0.0485474
0.126481 0.0848707 0.542585 0.11919 0.0543714 0.0725028
0.112883 0.0667091 0.599565 0.088966 0.0762855 0.0555914
0.142307 0.0955724 0.587414 0.0637167 0.0410656 0.0699242
0.0384054 0.129758 0.194165 0.479983 0.150312 0.00737739
0.0475439 9.9991E-05 0.532309 0.315716 0.0813217 0.0230098
0.0187665 0.114952 0.56347 0.120809 0.130341 0.0516614
0.162459 0.0871062 0.413439 0.239842 0.0725891 0.0245647
0.128591 0.154236 0.127189 0.433059 0.131746 0.0251792
0.0834701 0.0884248 0.554495 0.180294 0.0843534 0.00896231
0.0766366 0.0698897 0.464496 0.208508 0.132478 0.0479913
0.132721 0.064449 0.0938714 0.538659 0.1702 9.9991E-05
0.0369065 9.9991E-05 0.442152 0.372163 0.125423 0.0232558
0.153035 0.0621233 0.56221 0.0936155 0.0925241 0.0364918
0.0945829 0.0929491 0.655246 0.157022 9.9982E-05 9.9982E-05
0.0705447 0.0708137 0.264058 0.381942 0.151532 0.0611105
0.0481105 0.0267026 0.483059 0.295591 0.0839917 0.0625454
0.0432537 0.0333515 0.546615 0.167793 0.138404 0.070583
0.118167 0.0338783 0.243805 0.484855 0.119195 9.9991E-05
9.9973E-05 0.0318746 0.464208 9.9973E-05 0.503617 9.9973E-05
9.9991E-05 0.0259798 0.154014 0.0455642 0.773915 0.000427316
9.9991E-05 0.127682 0.518889 0.0510807 0.276112 0.0261355
0.170624 9.9964E-05 9.9964E-05 9.9964E-05 0.828976 9.9964E-05
0.205949 9.9964E-05 9.9964E-05 9.9964E-05 0.793651 9.9964E-05
0.0812399 9.9973E-05 0.212711 9.9973E-05 0.705749 9.9973E-05
9.9982E-05 0.0419861 0.424867 0.0881244 0.444822 9.9982E-05
0.113343 0.0735384 0.501498 0.0333904 0.174336 0.103894
0.0660528 0.0105744 0.419275 9.9991E-05 0.476714 0.0272845
9.9982E-05 0.035945 0.104277 0.167745 0.691832 9.9982E-05
9.9982E-05 0.00469839 0.273768 0.174145 0.547189 9.9982E-05
0.00463225 0.101655 0.450557 0.0880643 0.301361 0.0537303
9.9991E-05 0.0363868 0.301796 0.0550039 0.581061 0.0256516
9.9991E-05 0.0322389 0.416375 0.0596175 0.473536 0.0181331
0.0816884 0.0205084 0.457705 9.9982E-05 0.439898 9.9982E-05
0.366192 9.9964E-05 9.9964E-05 9.9964E-05 0.633408 9.9964E-05
0.016181 0.0232059 0.557728 0.0346184 0.303581 0.0646857
9.9982E-05 0.85089 0.0870553 0.0400646 0.0217899 9.9982E-05
9.9964E-05 0.928883 0.0707169 9.9964E-05 9.9964E-05 9.9964E-05
9.9973E-05 0.854735 0.0953968 9.9973E-05 9.9973E-05 0.0495685
9.9973E-05 0.924064 0.0294327 9.9973E-05 9.9973E-05 0.0462039
9.9973E-05 0.955476 9.9973E-05 0.00370324 9.9973E-05 0.0405204
9.9973E-05 0.877998 0.0841803 9.9973E-05 9.9973E-05 0.0375219
9.9964E-05 0.912358 0.0872422 9.9964E-05 9.9964E-05 9.9964E-05
9.9991E-05 0.081772 0.537684 0.087241 0.256135 0.037068
0.100907 0.124392 0.580816 9.9991E-05 0.14866 0.0451252
0.0414133 0.0403983 0.00846008 0.225009 0.684619 9.9991E-05
0.0655551 0.0930878 0.622579 0.0839029 0.116681 0.0181942
9.9982E-05 0.0170282 0.370111 0.0866427 0.526018 9.9982E-05
0.0143851 0.0626253 0.53482 0.0654529 0.322617 9.9991E-05
0.0985417 0.0277674 0.536305 0.0107584 0.310557 0.0160711
0.0541583 0.0393949 0.460206 0.00894113 0.39752 0.0397794
9.9973E-05 0.0176508 9.9973E-05 0.24893 0.733119 9.9973E-05
0.0808253 0.113938 0.547315 0.0595183 0.161901 0.0365023
0.0852633 0.103761 0.674658 0.0253814 0.110836 9.9991E-05
0.0345106 0.123118 0.542161 0.0668795 0.196156 0.0371752
0.232122 9.9982E-05 0.257016 9.9982E-05 0.502253 0.00840947
0.0722393 0.0131897 0.47734 9.9991E-05 0.426935 0.0101958
9.9973E-05 9.9973E-05 0.450286 0.142633 0.406781 9.9973E-05
0.0755979 9.9982E-05 0.341249 9.9982E-05 0.567525 0.0154288
9.9982E-05 0.0527005 0.399321 0.161831 0.385948 9.9982E-05
0.0703841 0.0808228 0.545018 0.0778996 0.192642 0.0332331
0.246601 0.00684502 0.320939 0.383248 0.0132171 0.0291495
0.0988832 0.0871099 0.430976 0.361659 0.0212721 9.9991E-05
0.111743 0.0898264 0.559976 0.154757 0.0215971 0.0621008
0.077571 0.0769469 0.608237 0.15473 0.0653823 0.017133
0.0238141 0.0459032 0.493911 0.376302 0.0490218 0.0110475
0.0344245 0.0615932 0.613932 0.25407 9.9991E-05 0.0358808
0.0312663 0.044064 0.479814 0.423808 0.0209481 9.9991E-05
0.156997 0.0692034 0.498772 0.189493 0.0548046 0.0307299
0.000632688 0.0818631 0.61499 0.201672 0.0501474 0.0506945
0.0716664 0.0564657 0.620446 0.245115 0.00620762 9.9991E-05
0.0539968 0.0244731 0.606283 0.299024 0.0161229 9.9991E-05
0.087461 0.0589799 0.642451 0.141542 0.0225793 0.0469862
0.114268 0.118159 0.561228 0.129738 9.9991E-05 0.0765071
0.100582 9.9991E-05 0.580757 0.221731 0.0157563 0.0810733
0.118052 0.0728797 0.588819 0.134265 0.0466749 0.0393096
0.0958272 0.0163954 0.599658 0.197006 0.0419659 0.0491473
0.264588 0.0989127 0.320266 0.248586 0.0172129 0.0504341
0.0646832 0.0475871 0.623554 0.14974 0.0678626 0.0465731
0.0930665 0.0527026 0.724623 0.129408 9.9982E-05 9.9982E-05
0.0357702 0.0129825 0.220223 0.567165 0.127521 0.0363393
0.37927 9.9991E-05 0.118342 0.32275 0.107009 0.0725288
0.0862093 0.056037 0.511678 0.237291 0.0840221 0.0247626
0.486338 9.9991E-05 0.0874875 0.329928 0.0855367 0.0106095
0.0347772 9.9982E-05 0.351411 0.539224 0.074388 9.9982E-05
0.048557 9.9982E-05 0.440033 0.447311 0.0638997 9.9982E-05
9.9982E-05 0.0132181 0.378602 0.466098 0.141882 9.9982E-05
0.0503724 9.9982E-05 0.358006 0.53892 0.0525013 9.9982E-05
0.0625125 0.0687321 0.6114 0.231493 0.0257624 9.9991E-05
0.0319792 0.0642506 0.578136 0.197216 0.0827812 0.0456371
0.0690038 0.0608049 0.609322 0.20285 0.0433198 0.0146993
0.355875 9.9991E-05 0.196072 0.386329 0.0395577 0.0220667
0.100795 0.173314 0.494795 0.123587 0.0773104 0.0301987
0.294927 0.0722573 0.51207 0.044832 0.0101692 0.0657452
0.727606 0.116447 9.9982E-05 0.0887798 0.0669677 9.9982E-05
0.119992 0.0800205 0.692182 0.011789 0.0668436 0.0291723
0.358494 0.0842393 0.299399 0.0845787 0.122703 0.0505859
0.24337 0.101704 0.556516 0.0341067 0.0337211 0.030582
0.469902 0.0757 0.255065 0.131104 0.068129 9.9991E-05
0.628113 0.0760272 0.126029 0.112807 0.0569232 9.9991E-05
0.374102 0.032644 0.415864 0.119504 0.0185965 0.0392893
0.138906 0.137529 0.433502 0.0754772 0.123774 0.0908126
0.190955 0.189551 0.46709 0.135088 0.0120676 0.00524838
0.501937 0.0476726 0.13122 0.106252 0.15477 0.0581486
0.14397 0.076477 0.558396 0.142951 0.0357743 0.0424314
0.517725 9.9982E-05 0.347601 0.0978961 0.0365781 9.9982E-05
0.352025 9.9982E-05 0.491665 0.0939091 0.0622007 9.9982E-05
0.115983 0.116437 0.606467 0.0581036 0.0755027 0.0275077
0.250022 0.379892 0.128693 9.9982E-05 9.9982E-05 0.241193
0.381547 0.469774 9.9973E-05 9.9973E-05 9.9973E-05 0.148379
0.410809 0.45561 9.9973E-05 9.9973E-05 9.9973E-05 0.133281
0.285878 0.378179 0.0875757 0.00157136 9.9991E-05 0.246695
0.237233 9.9982E-05 0.614955 0.0333844 0.114227 9.9982E-05
0.154752 0.077752 0.638713 0.0387365 0.0684948 0.0215521
9.9982E-05 9.9982E-05 0.323638 0.00417109 0.00387064 0.66812
9.9991E-05 0.011403 0.331438 0.146809 0.0291225 0.481127
0.00772706 0.070431 0.34619 0.0760827 0.0775991 0.42197
0.536956 0.00497933 0.303414 0.0772328 0.0661087 0.0113095
0.18967 0.0673099 0.434831 0.110351 0.132899 0.0649391
0.590779 9.9982E-05 0.285699 0.0973463 0.0259751 9.9982E-05
0.261472 0.066198 0.607582 0.0372652 0.0273833 9.9991E-05
0.356492 0.0465737 0.529307 0.0215915 0.0326058 0.0134302
0.369016 9.9973E-05 0.609172 0.0215122 9.9973E-05 9.9973E-05
0.658211 0.00288015 0.241441 0.047064 0.0503036 9.9991E-05
0.2026 0.0592813 0.658525 9.9991E-05 0.0697201 0.00977381
0.19065 0.0960605 0.62465 0.0861895 0.00234995 9.9991E-05
9.9982E-05 0.00640283 0.0329102 9.9982E-05 0.0104463 0.950041
9.99833E-05 9.99833E-05 0.093312 0.0120552 0.00708815 0.887345
9.9991E-05 0.0471592 0.311016 0.038912 0.0500974 0.552716
9.9973E-05 9.9973E-05 0.359702 0.0065841 9.9973E-05 0.633414
9.9982E-05 9.9982E-05 0.135284 0.0176541 0.015523 0.831339
9.996E-05 9.996E-05 9.996E-05 9.996E-05 9.996E-05 0.9995
9.9973E-05 9.9973E-05 0.00283032 0.0454673 9.9973E-05 0.951402
9.9964E-05 9.9964E-05 0.153156 9.9964E-05 9.9964E-05 0.846444
9.9964E-05 9.9964E-05 9.9964E-05 0.038536 9.9964E-05 0.961064
9.996E-05 9.996E-05 9.996E-05 9.996E-05 9.996E-05 0.9995
9.996E-05 9.996E-05 9.996E-05 9.996E-05 9.996E-05 0.9995
9.9982E-05 9.9982E-05 0.188368 0.0110823 0.0191402 0.78121
9.9991E-05 0.0507443 0.0972909 0.0409688 0.0244538 0.786442
9.996E-05 9.996E-05 9.996E-05 9.996E-05 9.996E-05 0.9995
0.0248344 0.0520938 0.333125 0.105615 0.076006 0.408326
9.9982E-05 9.9982E-05 0.276673 0.0568627 0.0144255 0.651839
9.9982E-05 0.0303463 0.118472 9.9982E-05 0.0205523 0.830429
9.9973E-05 0.00425232 0.113989 9.9973E-05 9.9973E-05 0.881458
9.996E-05 9.996E-05 9.996E-05 9.996E-05 9.996E-05 0.9995
9.9973E-05 0.0214892 0.0386615 9.9973E-05 9.9973E-05 0.939549
9.996E-05 9.996E-05 9.996E-05 9.996E-05 9.996E-05 0.9995
9.9991E-05 0.00675582 0.21044 0.0322597 0.0615725 0.688872
0.0132101 0.00160139 9.9991E-05 0.00847556 0.00170488 0.974908
0.645921 0.305408 9.9973E-05 9.9973E-05 9.9973E-05 0.0483708
0.271091 0.202123 0.33291 0.0726387 9.9991E-05 0.121138
0.29144 0.169583 0.5192 9.9982E-05 9.9982E-05 0.0195772
0.464383 0.233971 0.224799 9.9982E-05 9.9982E-05 0.0766481
0.173162 0.150341 0.402376 0.0333251 0.121149 0.119647
0.529133 0.263606 0.117923 9.9982E-05 9.9982E-05 0.089138
0.219246 0.16177 0.467669 0.0546469 9.9991E-05 0.0965678
0.354541 0.19671 0.33038 9.9982E-05 9.9982E-05 0.11817
0.249641 0.160079 0.486915 9.9982E-05 9.9982E-05 0.103165
0.311094 0.211375 0.395171 9.9982E-05 9.9982E-05 0.0821604
0.248493 0.178995 0.423471 9.9991E-05 0.0347621 0.114179
0.00743845 0.901085 0.058117 0.0331594 9.9982E-05 9.9982E-05
0.0175387 0.904947 9.9982E-05 9.9982E-05 0.00326303 0.0740515
9.9973E-05 0.961897 0.0147368 0.0230662 9.9973E-05 9.9973E-05
9.9964E-05 0.976399 9.9964E-05 9.9964E-05 0.0232013 9.9964E-05
9.9973E-05 0.913781 0.0699992 0.0159201 9.9973E-05 9.9973E-05
9.9964E-05 0.98611 9.9964E-05 9.9964E-05 9.9964E-05 0.01349
9.9982E-05 0.925966 0.0473788 0.0140093 9.9982E-05 0.0124454
9.9973E-05 0.958691 0.000679774 0.0403291 9.9973E-05 9.9973E-05
0.0293124 0.897102 0.0149921 0.027972 9.9991E-05 0.0305217
0.0470934 0.912693 0.0315061 0.00733338 9.9991E-05 0.00127406
0.060911 0.602158 9.9982E-05 0.302347 0.0343843 9.9982E-05
0.038361 0.606667 9.9982E-05 0.337531 0.0172413 9.9982E-05
0.0919712 0.5429 9.9982E-05 0.341628 0.0233006 9.9982E-05
0.0820662 0.443716 9.9982E-05 0.435479 0.0385383 9.9982E-05
9.9982E-05 0.0795896 0.449794 0.172993 0.297423 9.9982E-05
0.0208424 0.0171073 0.46921 0.126523 0.334621 0.0316964
9.9982E-05 9.9982E-05 0.540061 0.200006 0.209621 0.0501127
9.9982E-05 0.0177917 0.355465 0.318452 0.308091 9.9982E-05
0.0724195 9.9982E-05 0.215591 0.591134 0.120655 9.9982E-05
0.0390196 0.0602421 0.633276 0.03215 0.218041 0.0172709
9.9973E-05 9.9973E-05 0.611203 0.119692 0.268804 9.9973E-05
0.120877 0.0105315 0.541614 0.0549958 0.271881 9.9991E-05
0.103239 9.9982E-05 0.365142 9.9982E-05 0.508011 0.0234078
0.0986237 0.0422224 0.615927 0.072056 0.125685 0.045486
9.9982E-05 0.0266971 0.40049 0.0717138 0.500899 9.9982E-05
0.239191 9.9964E-05 9.9964E-05 9.9964E-05 0.76041 9.9964E-05
0.055087 0.0709484 0.569017 0.181674 0.123174 9.9991E-05
0.255218 9.9973E-05 0.143961 9.9973E-05 0.600521 9.9973E-05
0.0284501 0.0205737 0.533029 0.0476073 0.359315 0.011025
9.9973E-05 9.9973E-05 0.0905236 0.213577 0.6956 9.9973E-05
0.044533 0.15817 9.9973E-05 0.796997 9.9973E-05 9.9973E-05
0.0633025 0.108467 0.0559527 0.772078 9.9982E-05 9.9982E-05
0.0696471 0.109241 0.0255591 0.788553 0.00689961 9.9991E-05
0.0457563 0.117202 9.9973E-05 0.836741 9.9973E-05 9.9973E-05
0.0501974 0.0463946 0.106672 0.796536 9.9982E-05 9.9982E-05
0.0391199 0.059916 0.0653815 0.805298 9.9991E-05 0.0301843
9.9991E-05 0.881712 0.0490829 0.00193454 0.0313089 0.0358619
9.9991E-05 0.842252 0.0931324 0.0314271 0.0240022 0.00908662
0.00392093 0.801863 0.134816 0.0143104 0.0211408 0.0239486
9.9991E-05 0.836666 0.0208163 0.0424258 0.0347363 0.0652553
9.9982E-05 0.807359 0.167991 0.00929452 9.9982E-05 0.0151551
0.0327855 0.392657 9.9973E-05 0.574257 9.9973E-05 9.9973E-05
0.0394406 0.43493 9.9973E-05 0.525329 9.9973E-05 9.9973E-05
0.0089311 0.408358 0.0111272 0.54058 9.9991E-05 0.0309039
9.9982E-05 0.855915 0.134562 0.00406911 0.0052536 9.9982E-05
0.038682 0.396722 9.9982E-05 0.539325 0.025072 9.9982E-05
0.17058 0.242395 0.289342 9.9982E-05 9.9982E-05 0.297483
0.0604417 0.145288 0.530044 0.0482499 9.9991E-05 0.215877
9.9973E-05 0.191758 0.573328 9.9973E-05 9.9973E-05 0.234614
0.131585 0.262151 0.343735 9.9982E-05 9.9982E-05 0.262329
0.049772 0.182186 0.547906 0.101774 0.00916183 0.1092
0.258097 0.447029 9.9973E-05 9.9973E-05 9.9973E-05 0.294574
0.0633545 9.9982E-05 0.475274 0.413622 0.047549 9.9982E-05
0.239086 9.9991E-05 0.463444 0.225092 0.0655765 0.00670073
0.0107629 9.9982E-05 0.30889 0.541743 0.138405 9.9982E-05
0.23538 9.9982E-05 0.569759 0.182486 0.0121748 9.9982E-05
0.629671 9.9973E-05 9.9973E-05 0.310557 0.0594718 9.9973E-05
0.105307 0.0949195 0.548716 0.129906 0.0853434 0.0358082
0.223898 0.0281244 0.555555 0.160515 0.0154682 0.0164397
0.0945553 0.00312129 0.363298 0.452348 0.0865768 9.9991E-05
0.0787411 0.100454 0.58533 0.12023 0.115145 9.9991E-05
0.390496 9.9982E-05 0.149759 0.318556 0.140989 9.9982E-05
0.144931 0.0239184 0.58283 0.165493 0.0827266 9.9991E-05
0.0402961 0.0037103 0.521301 0.343446 0.0911469 9.9991E-05
0.14649 0.108251 0.449015 0.110351 0.063645 0.122248
0.271681 9.9991E-05 0.365659 0.252093 0.106058 0.00440856
0.230263 9.9991E-05 0.445588 0.224809 0.0759544 0.0232861
0.172188 9.9991E-05 0.594321 0.186662 0.0404377 0.00629091
0.148971 9.9982E-05 0.572947 0.174991 0.102892 9.9982E-05
0.0793181 0.0327975 0.674782 0.0966714 0.0694779 0.0469531
0.0646632 0.053478 0.528607 0.203046 0.0789986 0.0712074
0.0225793 0.108873 0.521803 0.186317 0.118552 0.0418766
9.9973E-05 0.837344 0.12564 9.9973E-05 9.9973E-05 0.0367167
9.9964E-05 0.877861 0.121739 9.9964E-05 9.9964E-05 9.9964E-05
9.9982E-05 0.897779 0.0519894 0.0125001 0.0375312 9.9982E-05
9.9973E-05 0.906008 9.9973E-05 9.9973E-05 0.0267576 0.0669344
9.9964E-05 0.916421 0.0831795 9.9964E-05 9.9964E-05 9.9964E-05
0.0747765 0.0195807 0.10968 0.616563 0.12945 0.0499502
0.126174 0.0357497 0.566051 0.212559 0.0261575 0.0333086
0.10179 0.21545 0.418227 0.0500362 9.9991E-05 0.214397
0.0231736 0.0164078 0.637816 0.231436 0.0479761 0.0431902
0.0099133 0.0210183 0.520024 0.361057 0.0719704 0.0160174
0.333755 9.9991E-05 0.282667 0.318675 0.0356402 0.0291623
0.06544 0.065423 0.0131255 0.766242 0.0896694 9.9991E-05
0.00975232 0.030508 0.463703 0.400475 0.077972 0.0175896
0.0795287 0.0401077 0.275311 0.586456 9.9991E-05 0.018496
0.170054 0.0304606 0.449413 0.211671 0.0955805 0.0428211
0.0795674 0.053598 0.19636 0.669242 9.9991E-05 0.00113258
0.0220562 0.0976901 0.590959 0.22874 0.00312659 0.0574284
0.0951067 0.0215087 0.137252 0.604807 0.0982657 0.0430604
0.254981 9.9991E-05 0.246631 0.289864 0.0961444 0.11228
0.193854 0.0754984 0.54409 0.159215 0.00973043 0.017612
0.558811 9.9982E-05 0.322681 0.0932814 0.025026 9.9982E-05
0.301664 0.0427736 0.562693 0.0408058 0.0508231 0.00123989
0.161778 0.122648 0.607676 0.0357549 0.0462944 0.0258481
0.608822 9.9982E-05 0.268958 0.0495537 0.0724666 9.9982E-05
0.190535 0.0911672 0.526909 0.100164 0.0398353 0.0513901
0.302361 0.0513608 0.529112 0.0743564 0.0427095 9.9991E-05
0.69153 9.9982E-05 0.175061 0.0598992 0.0733102 9.9982E-05
0.692745 0.0131663 0.219951 0.0445757 0.029462 9.9991E-05
0.396623 0.0131618 0.476966 0.0856467 0.0275024 9.9991E-05
0.672802 0.00102745 0.0568185 0.0764985 0.192754 9.9991E-05
0.360092 9.9982E-05 0.450663 0.144991 0.0440537 9.9982E-05
9.9982E-05 9.9982E-05 0.164553 0.682145 0.140839 0.0122634
0.264689 9.9991E-05 0.196141 0.355824 0.0912897 0.0919563
9.9991E-05 0.011647 0.385129 0.473647 0.0621859 0.0672916
0.0188547 0.023238 0.559788 0.248131 0.0932745 0.0567144
0.000485616 9.9991E-05 0.226636 0.567513 0.170693 0.034573
0.162615 0.0445435 0.537361 0.157306 0.0548605 0.0433143
0.0346303 9.9991E-05 0.621067 0.287369 0.00147257 0.0553616
0.0791557 0.0345269 0.506757 0.246721 0.0982848 0.0345549
0.0760193 0.00528997 0.543219 0.296441 0.04779 0.031241
9.9982E-05 9.9982E-05 0.481637 0.465581 0.0190058 0.0335765
9.9982E-05 9.9982E-05 0.285957 0.55029 0.146059 0.0174952
0.0127046 9.9991E-05 0.441192 0.468711 0.0456372 0.0316556
0.145555 9.9991E-05 0.583832 0.173597 0.0546858 0.0422299
0.0999862 0.0256516 0.609755 0.179453 0.0184836 0.0666706
0.17201 0.0352296 0.288594 0.292202 0.102373 0.109591
0.102928 9.9991E-05 0.420809 0.266194 0.0767433 0.133226
9.9982E-05 9.9982E-05 0.363056 0.499261 0.0688516 0.0686314
0.00651446 0.0469375 0.536879 0.288584 0.0819798 0.0391046
9.9991E-05 0.00210834 0.467756 0.361237 0.0791431 0.089655
0.0594142 0.0853212 0.5727 0.136514 0.0900801 0.0559705
0.0022412 0.352426 0.473298 0.0714503 0.0140455 0.0865383
0.129699 0.13795 0.571302 0.0228106 0.00154463 0.136694
0.0884797 0.195377 0.484799 0.0643252 0.0677019 0.0993165
0.112178 0.134886 0.587686 0.0605426 0.000238967 0.104469
0.103663 0.205918 0.457068 9.9991E-05 0.0449924 0.188259
0.292658 9.9973E-05 0.55185 0.155193 9.9973E-05 9.9973E-05
0.130616 0.190559 0.512403 0.0428127 0.00840596 0.115202
0.41653 0.224 0.0533755 0.0976527 0.0266803 0.181761
0.11429 0.112072 0.631484 0.0656387 9.9991E-05 0.0764158
0.104549 0.118508 0.563162 0.068483 9.9991E-05 0.145197
0.0888571 0.126419 0.508463 0.0372086 0.0834345 0.155617
0.321081 0.192801 0.36014 0.0405978 9.9991E-05 0.0852797
0.0668056 0.204446 0.535518 0.0340476 9.9991E-05 0.159083
0.145147 0.148654 0.539514 9.9982E-05 9.9982E-05 0.166485
0.390826 0.482811 9.9973E-05 9.9973E-05 9.9973E-05 0.126063
9.9991E-05 0.193046 0.536599 0.106284 0.0401057 0.123865
0.103317 0.16805 0.544058 0.00908005 9.9991E-05 0.175395
0.138073 0.112273 0.626201 0.0118002 0.0196398 0.0920137
0.0670605 0.184869 0.574665 9.9982E-05 9.9982E-05 0.173205
0.0936138 0.215284 0.528593 0.00593349 0.061824 0.0947519
0.339886 9.9991E-05 0.481233 0.0205602 0.132011 0.0262099
0.249064 0.0778622 0.531924 0.0368729 0.0748229 0.0294543
0.793033 9.9982E-05 0.00895943 0.0670703 0.130738 9.9982E-05
0.774857 9.9982E-05 0.0855405 0.0839455 0.0554567 9.9982E-05
0.294304 0.0423518 0.556144 0.0700725 0.00482899 0.0322983
0.167299 0.163139 0.383365 9.9982E-05 9.9982E-05 0.285997
0.241286 0.140692 0.34839 9.9982E-05 9.9982E-05 0.269431
0.327546 0.144784 0.212677 9.9982E-05 9.9982E-05 0.314793
0.233158 0.151 0.40118 9.9982E-05 9.9982E-05 0.214462
0.706815 0.0741222 0.195257 9.9982E-05 9.9982E-05 0.0236063
0.609112 0.0562531 0.223465 9.9991E-05 0.0601713 0.0508979
0.309135 9.9982E-05 0.617851 9.9982E-05 0.0250271 0.0477871
0.394337 0.0671502 0.46433 9.9982E-05 9.9982E-05 0.0739825
0.551126 0.0281034 0.289114 0.0294107 0.0509922 0.0512538
0.248944 0.0223075 0.570235 0.0829022 0.0101588 0.0654527
0.264091 0.0682045 0.618254 0.0165492 9.9991E-05 0.0328011
0.248212 0.0915685 0.520241 0.0140404 0.0445927 0.0813447
0.506244 9.9991E-05 0.391344 0.0236303 0.0750546 0.00362722
0.418798 0.0199298 0.434333 0.0623789 0.0644612 9.9991E-05
0.3038 0.00409917 0.555532 0.0799975 0.056471 9.9991E-05
0.303631 0.0101547 0.506618 0.148452 0.0310443 9.9991E-05
0.200347 0.066408 0.497694 0.0590639 0.11636 0.0601277
0.384163 9.9973E-05 0.499266 9.9973E-05 0.11627 9.9973E-05
0.621984 9.9982E-05 0.260353 0.0404693 0.0769937 9.9982E-05
0.288452 9.9973E-05 0.694554 9.9973E-05 0.0166945 9.9973E-05
0.590077 9.9982E-05 0.241547 0.0827338 0.0854421 9.9982E-05
0.410731 9.9982E-05 0.499343 0.0359276 0.0537978 9.9982E-05
0.283989 0.062548 0.57396 0.00683441 0.0725679 9.9991E-05
0.220492 0.0486635 0.521957 0.0804794 0.0906663 0.0377426
0.118946 0.188408 0.474216 0.00373569 0.0557291 0.158965
0.204067 0.155505 0.429632 0.0610638 0.0136678 0.136065
0.196379 0.209561 0.339828 9.9982E-05 9.9982E-05 0.254032
0.173215 0.212008 0.337108 0.0377037 9.9991E-05 0.239866
0.122439 0.150655 0.491749 0.0845754 9.9991E-05 0.150481
0.158252 0.18613 0.473883 9.9991E-05 0.0476325 0.134003
0.65763 0.146837 9.9982E-05 9.9982E-05 0.0448704 0.150462
0.182116 0.0591291 0.55722 9.9991E-05 0.00839691 0.193038
0.566181 0.312243 9.9973E-05 9.9973E-05 9.9973E-05 0.121277
0.228396 0.0658531 0.564912 0.00963398 9.9991E-05 0.131105
0.688413 9.9973E-05 0.213567 9.9973E-05 0.0977194 9.9973E-05
0.720313 9.9982E-05 0.0362756 0.0225427 0.220669 9.9982E-05
0.3911 9.9982E-05 0.534414 0.0319038 0.0423814 9.9982E-05
0.290652 9.9991E-05 0.666346 0.0188376 0.0134685 0.010596
0.438067 9.9982E-05 0.492636 0.0319291 0.0371673 9.9982E-05
0.276031 9.9973E-05 0.624713 9.9973E-05 0.098956 9.9973E-05
0.336594 9.9973E-05 0.615064 9.9973E-05 0.0480422 9.9973E-05
9.9991E-05 0.885128 0.0288432 0.0744298 0.00690634 0.00459237
0.0424004 0.769908 0.0781343 0.0536198 0.017955 0.0379822
0.00029633 0.939704 0.00484675 0.0380287 9.9991E-05 0.0170243
9.9964E-05 0.939283 0.060317 9.9964E-05 9.9964E-05 9.9964E-05
0.0707397 0.0238441 0.506269 0.0124026 0.337344 0.0494013
0.0230865 0.0554995 0.520309 0.0850723 0.311484 0.00454815
9.9982E-05 0.00700672 0.491955 0.0555779 0.44526 9.9982E-05
0.00320201 0.0913326 0.57735 0.0523872 0.275628 9.9991E-05
0.0954543 0.105922 0.601693 0.0611202 0.13005 0.0057606
9.9982E-05 0.0449687 0.279205 0.114454 0.561173 9.9982E-05
9.9982E-05 0.0351431 0.629824 0.00929365 0.325539 9.9982E-05
0.156516 0.00323579 0.245514 9.9982E-05 0.594535 9.9982E-05
0.0159169 0.312364 0.410725 0.0905076 0.00700898 0.163477
0.168628 9.9982E-05 0.454367 9.9982E-05 0.358831 0.0179744
9.9973E-05 9.9973E-05 0.308996 0.100361 0.590343 9.9973E-05
0.0804428 9.9982E-05 0.525987 0.00824343 0.385127 9.9982E-05
9.9991E-05 0.016328 0.372362 0.109007 0.469639 0.0325637
0.0224042 9.9982E-05 0.551191 9.9982E-05 0.40569 0.0205144
0.0400985 0.072244 0.539112 0.0150952 0.333351 9.9991E-05
0.168597 9.9964E-05 9.9964E-05 9.9964E-05 0.831003 9.9964E-05
0.161913 9.9982E-05 0.284663 9.9982E-05 0.530688 0.0225368
0.0632333 9.9982E-05 0.316546 9.9982E-05 0.573498 0.0465237
0.236167 9.9964E-05 9.9964E-05 9.9964E-05 0.763433 9.9964E-05
9.9991E-05 0.0583931 0.371235 0.0834501 0.480851 0.00597067
0.296793 9.9973E-05 0.0675381 9.9973E-05 0.635369 9.9973E-05
0.244842 9.9964E-05 9.9964E-05 9.9964E-05 0.754758 9.9964E-05
0.0796879 0.0534093 0.526588 9.9991E-05 0.283503 0.0567123
9.9991E-05 0.0512802 0.138937 0.165096 0.622532 0.0220552
9.9991E-05 0.01696 0.420681 0.0869624 0.429038 0.0462587
0.0710376 0.119762 0.550315 9.9991E-05 0.227876 0.0309099
9.9991E-05 0.0108448 0.496271 0.0600432 0.413295 0.0194464
0.274181 9.9991E-05 0.381374 0.305567 0.0062619 0.0325162
9.9991E-05 0.0352167 0.561773 0.0685665 0.327837 0.00650702
0.00688328 0.00596592 0.489767 0.0896597 0.407624 9.9991E-05
0.122367 9.9973E-05 0.321225 9.9973E-05 0.556108 9.9973E-05
0.0634954 0.0935411 0.525901 0.0772128 0.23975 9.9991E-05
0.050993 0.686145 9.9973E-05 0.262562 9.9973E-05 9.9973E-05
0.0233203 0.768293 9.9982E-05 0.173455 0.0347318 9.9982E-05
0.0026702 0.866571 9.9973E-05 0.130458 9.9973E-05 9.9973E-05
0.0108544 0.841864 9.9973E-05 0.146982 9.9973E-05 9.9973E-05
0.034487 0.772617 0.00917007 0.172465 0.0111611 9.9991E-05
9.9982E-05 0.0475887 0.109379 0.162312 0.680521 9.9982E-05
9.9982E-05 0.0422665 0.109769 0.134526 0.713238 9.9982E-05
0.0795669 9.9982E-05 0.128045 9.9982E-05 0.768235 0.0239533
0.0760509 0.0932159 0.564866 0.11435 0.0833763 0.0681406
0.0989068 0.138558 0.535012 9.9991E-05 0.176248 0.0511759
0.112173 0.00372642 0.232733 9.9991E-05 0.602646 0.0486221
0.0403693 0.00535366 0.545861 0.0248965 0.298187 0.0853324
0.0712043 0.0533037 0.39712 9.9991E-05 0.427825 0.0504466
0.0203625 0.0367454 0.48103 0.048655 0.395981 0.0172257
9.9991E-05 0.0405962 0.548094 0.0359595 0.302875 0.0723753
9.9973E-05 9.9973E-05 0.205892 0.158044 0.635765 9.9973E-05
9.9973E-05 9.9973E-05 0.288416 0.113935 0.597349 9.9973E-05
9.9982E-05 0.0240068 0.303832 0.0831576 0.588804 9.9982E-05
0.154512 0.14281 0.643148 0.0593307 9.9982E-05 9.9982E-05
9.9982E-05 0.0189783 0.361469 0.0801109 0.539242 9.9982E-05
9.9982E-05 0.0261348 0.396569 0.1093 0.467796 9.9982E-05
0.0397636 0.153891 0.43066 0.000242173 0.024723 0.35072
0.0279085 0.156536 0.325776 0.0144942 0.0360036 0.439281
0.0227394 0.104488 0.43814 0.0536371 9.9991E-05 0.380896
0.0529427 0.169458 0.266369 0.00446657 9.9991E-05 0.506664
0.110743 0.107584 0.452401 0.027291 9.9991E-05 0.301881
0.228232 0.0581263 0.523459 9.9982E-05 0.189983 9.9982E-05
0.0834181 0.269065 0.013289 9.9982E-05 9.9982E-05 0.634028
0.0652957 0.158702 0.305449 9.9982E-05 9.9982E-05 0.470353
0.260735 0.153823 0.379474 0.0111754 0.0368256 0.157968
0.205038 0.143722 0.556218 0.0746014 0.0203204 9.9991E-05
0.251707 0.131699 0.546195 0.0656645 0.0046341 9.9991E-05
0.16696 0.130791 0.609577 0.0199293 0.0726422 9.9991E-05
0.17758 0.141346 0.634848 0.0251101 0.0108349 0.0102815
0.0266114 0.168433 0.319505 9.9991E-05 0.0231544 0.462196
0.00936356 0.166988 0.423712 0.0666347 9.9991E-05 0.333202
9.9973E-05 0.0806479 0.425685 9.9973E-05 9.9973E-05 0.493367
0.0571456 0.138921 0.512925 0.0639514 9.9991E-05 0.226957
0.0407494 0.185796 0.234265 0.0310432 0.0481967 0.45995
0.0232689 0.0937618 0.399538 0.0550931 0.0871878 0.341151
0.055209 0.150431 0.236492 0.0113321 9.9991E-05 0.546436
0.10673 0.127603 0.437429 0.027352 0.0150277 0.285858
0.332097 0.0987776 0.537879 0.0221901 0.00895616 9.9991E-05
0.0880605 0.171939 0.402441 0.0212877 9.9991E-05 0.316172
0.0717745 0.206318 0.154316 9.9982E-05 9.9982E-05 0.567392
0.0522248 0.124957 0.363033 0.0449042 0.0529725 0.361908
0.280265 0.187726 0.314385 0.157244 0.0602811 9.9991E-05
0.272743 0.0620364 0.664921 9.9973E-05 9.9973E-05 9.9973E-05
0.0540821 0.165909 0.406259 0.0271912 0.0184821 0.328077
0.194448 0.144636 0.555122 0.105594 9.9982E-05 9.9982E-05
0.216483 0.177336 0.529467 0.0616768 0.014937 9.9991E-05
0.191892 0.194037 0.400116 9.9991E-05 0.0209371 0.192919
0.166233 0.218717 0.382933 9.9982E-05 9.9982E-05 0.231918
0.127737 0.118569 0.546269 0.0477114 0.102709 0.0570047
0.0188173 0.157908 0.468391 0.0379879 0.037032 0.279863
9.9991E-05 0.125929 0.422923 0.0129289 0.046128 0.391991
0.0805112 0.171512 0.106954 9.9982E-05 9.9982E-05 0.640823
0.113261 0.113157 0.677782 0.0396533 0.0345257 0.0216211
0.258163 0.151622 0.484124 0.0623779 0.0436142 9.9991E-05
0.71811 0.106489 0.1751 9.9973E-05 9.9973E-05 9.9973E-05
0.127257 0.124988 0.622478 0.0693949 0.0557823 9.9991E-05
0.288516 0.0769217 0.421209 0.181104 0.0264372 0.00581209
0.158919 0.165783 0.528915 9.9991E-05 0.0175018 0.128781
0.21824 0.173364 0.536455 0.0106076 9.9991E-05 0.0612336
0.514561 0.386436 9.9973E-05 9.9973E-05 9.9973E-05 0.0987034
0.60372 0.31355 9.9973E-05 9.9973E-05 9.9973E-05 0.0824299
0.387766 0.195099 0.331187 9.9991E-05 0.00438474 0.0814629
0.454895 0.345711 0.0456563 9.9982E-05 9.9982E-05 0.153538
0.359929 0.468058 9.9973E-05 9.9973E-05 9.9973E-05 0.171713
0.346034 0.195419 0.379932 9.9982E-05 9.9982E-05 0.0784159
0.202738 0.245862 0.377345 0.035072 9.9991E-05 0.138883
0.385313 0.302735 0.159062 0.00308755 9.9991E-05 0.149702
0.541461 0.279282 0.0424165 9.9982E-05 9.9982E-05 0.136641
0.181557 0.170956 0.482243 0.00341562 0.037908 0.12392
0.455656 0.260541 0.180889 9.9982E-05 9.9982E-05 0.102713
0.5665 0.363001 9.9973E-05 9.9973E-05 9.9973E-05 0.0701996
0.107242 0.131728 0.498181 0.0934401 0.0519713 0.117437
0.292597 0.194703 0.317777 0.0208743 9.9991E-05 0.173949
0.0308504 0.331513 0.424672 0.0329324 0.0233143 0.156718
9.9973E-05 0.17398 0.633641 9.9973E-05 9.9973E-05 0.192079
0.0870555 0.187381 0.548107 9.9991E-05 0.0164177 0.160939
0.0867502 0.16345 0.479241 9.9991E-05 0.0368313 0.233627
0.0119738 0.354958 0.3013 0.0659075 0.0487569 0.217103
0.0449337 0.221048 0.522242 0.0409749 9.9991E-05 0.170701
0.0493833 0.275479 0.470095 9.9991E-05 0.0334731 0.17147
0.209397 0.242998 0.299963 9.9982E-05 9.9982E-05 0.247443
0.0244104 0.193024 0.273814 0.105213 0.251886 0.151652
0.0714157 0.220347 0.491989 0.0607079 0.0705572 0.084983
0.0471709 0.185498 0.567707 0.0412035 0.0254341 0.132986
0.0401524 0.153293 0.507446 0.0451333 0.0844875 0.169488
0.0715339 0.282523 0.402359 0.0473678 9.9991E-05 0.196116
0.0823648 0.20666 0.552325 9.9991E-05 0.0413492 0.117201
0.288377 0.36595 0.0419659 9.9982E-05 9.9982E-05 0.303508
0.059119 0.204876 0.565052 0.037975 9.9991E-05 0.132879
0.221946 0.338592 0.160347 9.9982E-05 9.9982E-05 0.278914
9.9973E-05 0.814554 9.9973E-05 0.184828 9.9973E-05 0.000318155
9.9991E-05 0.0512837 0.113695 0.801335 0.00443466 0.0291512
9.996E-05 9.996E-05 9.996E-05 0.9995 9.996E-05 9.996E-05
9.996E-05 9.996E-05 9.996E-05 0.9995 9.996E-05 9.996E-05
9.9964E-05 9.9964E-05 0.0163253 0.983275 9.9964E-05 9.9964E-05
9.9964E-05 9.9964E-05 9.9964E-05 0.975988 9.9964E-05 0.0236124
9.9973E-05 9.9973E-05 0.034235 0.95781 9.9973E-05 0.00765485
9.9964E-05 0.00521975 9.9964E-05 0.99438 9.9964E-05 9.9964E-05
9.9964E-05 0.148227 9.9964E-05 0.851373 9.9964E-05 9.9964E-05
9.9982E-05 0.900081 0.00100753 0.042387 0.0563243 9.9982E-05
9.9973E-05 0.779373 0.0704255 0.149902 9.9973E-05 9.9973E-05
0.00175665 0.881893 0.012033 0.0562076 0.0316782 0.016432
0.0338281 0.852182 0.0365093 0.0721329 0.00524751 9.9991E-05
9.9982E-05 0.855915 0.015715 0.101987 9.9982E-05 0.0261829
9.9982E-05 0.905556 0.0475828 0.0284461 0.0182151 9.9982E-05
0.0308235 0.752007 0.123067 9.9991E-05 0.00469215 0.0893105
9.9973E-05 0.901529 0.0910153 9.9973E-05 9.9973E-05 0.00715594
0.022347 0.741802 0.104509 0.0980322 9.9991E-05 0.0332106
9.9973E-05 0.916792 0.0419414 9.9973E-05 9.9973E-05 0.0409665
0.0052885 0.994312 9.9964E-05 9.9964E-05 9.9964E-05 9.9964E-05
9.9982E-05 0.881012 0.0470819 0.0377734 9.9982E-05 0.0339323
9.996E-05 0.9995 9.996E-05 9.996E-05 9.996E-05 9.996E-05
0.0177258 0.946129 0.0358451 9.9973E-05 9.9973E-05 9.9973E-05
9.9973E-05 0.901864 0.0805989 9.9973E-05 9.9973E-05 0.017237
9.9973E-05 0.931445 0.0627689 9.9973E-05 9.9973E-05 0.0054865
9.9973E-05 0.863557 0.0752201 9.9973E-05 9.9973E-05 0.0609227
9.9973E-05 0.847505 0.109289 9.9973E-05 9.9973E-05 0.0429058
9.9973E-05 0.815548 0.109111 9.9973E-05 9.9973E-05 0.0750409
0.226394 0.15144 0.419104 0.0864345 0.116527 9.9991E-05
0.174798 0.0854967 0.699683 0.0246056 0.0153175 9.9991E-05
0.115378 0.127122 0.596753 0.0610363 0.0640151 0.0356952
0.711523 0.0975963 0.111258 9.9991E-05 0.0703704 0.00915215
0.223399 0.123604 0.496936 0.139925 0.016036 9.9991E-05
0.756327 0.124344 0.119029 9.9973E-05 9.9973E-05 9.9973E-05
0.23492 0.0724877 0.615024 9.9991E-05 0.0341744 0.0432937
0.180885 0.173946 0.394368 0.102402 0.148299 9.9991E-05
0.220465 0.161523 0.536694 0.0811181 9.9982E-05 9.9982E-05
9.9991E-05 0.0558348 0.44792 0.0525442 0.418561 0.0250398
0.180628 0.148591 0.466769 0.121114 0.0827977 9.9991E-05
0.196468 0.0664721 0.707486 0.00248658 0.00208895 0.0249988
0.237256 0.0980276 0.546011 0.118214 0.000391121 9.9991E-05
0.32358 9.9991E-05 0.00586253 0.445169 0.133641 0.0916469
0.849025 0.08839 0.0270067 0.0353778 9.9982E-05 9.9982E-05
0.70094 0.118999 0.179271 9.9982E-05 0.000589357 9.9982E-05
0.164828 0.170584 0.638264 9.9991E-05 0.0087018 0.0175224
0.400081 0.0686524 0.530967 9.9973E-05 9.9973E-05 9.9973E-05
0.245678 0.0960709 0.619239 9.9982E-05 0.0388127 9.9982E-05
0.0870384 0.0916324 0.577166 0.010517 0.162066 0.0715801
0.0922359 0.221164 0.487339 0.051243 0.00249817 0.14552
0.00958887 0.250341 0.578278 0.0200086 0.0144861 0.127298
0.0443135 0.393471 0.15148 0.184689 0.0821928 0.143854
0.110021 0.167393 0.53642 0.108494 0.0142438 0.0634285
0.0823152 0.220994 0.464934 0.151914 9.9991E-05 0.0797428
0.421234 0.4153 9.9973E-05 9.9973E-05 9.9973E-05 0.163166
0.206977 0.300513 0.297367 9.9982E-05 9.9982E-05 0.194943
0.106773 0.358925 0.33356 0.0463596 0.0203517 0.134032
0.0437637 0.309914 0.416586 0.146938 0.00969331 0.073106
0.105 0.158407 0.579402 0.047944 0.0201806 0.0890659
0.0507963 0.214574 0.498799 0.0689595 0.0670129 0.0998581
0.0497197 0.17609 0.615718 0.0709154 0.0133205 0.0742356
0.158793 0.161824 0.395629 0.0326209 0.0914241 0.15971
0.0690605 0.494979 0.225911 0.0738142 0.00666972 0.129565
