0.00948374 0.939795 0.0354686 0.0152527
9.9982E-05 0.940958 9.9982E-05 0.0588417
0.0705842 0.836777 0.0925393 9.9991E-05
0.0608737 0.81845 0.0451096 0.0755667
0.113916 0.878888 9.9991E-05 0.00709638
0.0992058 0.629873 0.0589605 0.211961
0.0154116 0.855764 0.0183699 0.110454
0.0353807 0.788995 0.0372755 0.138349
9.9982E-05 0.853565 9.9982E-05 0.146235
0.11045 0.723115 0.0644702 0.101966
0.0461566 0.753348 0.0205017 0.179993
0.026363 0.0540842 0.479954 0.439599
0.119972 9.9991E-05 0.591967 0.287961
0.079828 0.11725 0.391982 0.410941
0.173826 0.0611352 0.437865 0.327174
0.227839 0.125432 0.384313 0.262415
0.160243 0.108551 0.593553 0.137654
0.0891741 0.0199857 0.581504 0.309336
0.0491123 0.223647 0.451635 0.275606
0.0555885 0.142619 0.100018 0.701775
0.0802076 0.0457161 0.535864 0.338212
0.126322 0.0768667 0.543944 0.252868
0.0399759 0.0834314 0.705468 0.171125
0.088076 0.0779938 0.472803 0.361127
0.0872541 0.144146 0.714914 0.0536849
0.0727614 0.143704 0.700423 0.083111
0.0395571 0.0844672 0.388918 0.487057
0.157383 0.104897 0.351554 0.386166
9.9991E-05 0.104041 0.380618 0.515241
0.0987956 0.836198 0.0649063 9.9991E-05
0.0246062 0.831446 0.143848 9.9991E-05
0.032674 0.820937 0.146289 9.9991E-05
0.0741594 0.762265 0.163476 9.9991E-05
9.9991E-05 0.0418615 0.771301 0.186738
0.0927409 0.0851604 0.641398 0.180701
0.0225459 9.9991E-05 0.770465 0.206889
9.9991E-05 0.197108 0.286588 0.516204
0.0261414 9.9991E-05 0.604512 0.369247
0.0265346 0.113597 0.716579 0.14329
0.0376368 0.0625739 0.813499 0.0862899
0.0567059 0.163897 0.686186 0.0932106
0.0544256 0.102102 0.788068 0.0554037
9.9991E-05 0.0118312 0.388783 0.599286
0.125068 0.0473652 0.624968 0.202599
0.0182115 0.112949 0.729054 0.139785
0.140811 0.165616 0.575573 0.118
9.9982E-05 9.9982E-05 0.601609 0.398191
9.9991E-05 0.047163 0.830514 0.122223
0.0747906 0.0920447 0.713307 0.119858
9.9991E-05 0.0949429 0.109542 0.795415
9.9991E-05 0.0148784 0.317399 0.667623
0.0820068 0.0433171 0.212715 0.661961
0.0568797 0.199591 0.69956 0.0439697
0.074122 0.159433 0.757608 0.00883729
0.13325 0.144145 0.59997 0.122635
9.9991E-05 0.119216 0.33983 0.540854
0.0206479 0.0795394 0.653749 0.246064
0.216587 0.0864907 0.504381 0.192541
9.9991E-05 0.153306 0.524229 0.322365
0.0450483 0.26709 0.173245 0.514616
0.086081 0.0702081 0.73586 0.107851
0.139281 0.085416 0.451727 0.323576
9.9991E-05 0.139606 0.174353 0.685941
0.0144464 0.0374566 0.671939 0.276158
0.167673 0.00299362 0.603329 0.226004
0.0878821 0.108889 0.631951 0.171277
0.0231464 0.125746 0.430855 0.420253
0.0972306 9.9991E-05 0.638739 0.26393
0.085328 0.0679071 0.603309 0.243456
9.9991E-05 0.0997431 0.372361 0.527796
9.9982E-05 9.9982E-05 0.816893 0.182907
9.9991E-05 0.018085 0.50116 0.480655
0.0785352 0.0746889 0.603666 0.24311
9.9982E-05 9.9982E-05 0.286416 0.713384
9.9982E-05 9.9982E-05 0.271241 0.728559
9.9982E-05 9.9982E-05 0.567174 0.432626
9.9991E-05 0.070168 0.721089 0.208643
0.0599397 0.134173 0.632274 0.173614
0.0189813 9.9991E-05 0.690858 0.290061
9.9991E-05 0.0415938 0.487727 0.470579
9.9991E-05 0.0435881 0.469228 0.487084
0.066518 0.145786 0.57041 0.217286
0.0509556 9.9991E-05 0.499024 0.44992
9.9991E-05 0.0812109 0.613657 0.305032
9.9982E-05 9.9982E-05 0.665422 0.334378
0.0480701 9.9991E-05 0.194253 0.757577
0.0603113 0.00140907 0.739026 0.199254
9.9982E-05 0.850618 0.149182 9.9982E-05
9.9982E-05 0.94081 0.0589902 9.9982E-05
0.0761426 0.862016 0.0617415 9.9991E-05
0.0449266 0.929576 0.0253977 9.9991E-05
9.9982E-05 0.870433 0.129367 9.9982E-05
0.0144463 0.926401 0.0590528 9.9991E-05
0.0122669 0.939925 0.047708 9.9991E-05
0.0979079 0.116195 0.686692 0.0992053
0.0632783 0.107551 0.688257 0.140913
9.9982E-05 9.9982E-05 0.341027 0.658774
0.138411 0.0919681 0.598468 0.171153
9.9991E-05 0.0764357 0.627239 0.296226
9.9991E-05 0.091582 0.778305 0.130014
9.9991E-05 0.0585654 0.766643 0.174691
0.0578968 9.9991E-05 0.690238 0.251765
9.9991E-05 0.0387105 0.221954 0.739236
0.0619689 0.136459 0.666046 0.135526
9.9991E-05 0.113713 0.737003 0.149184
0.0471362 0.228792 0.611424 0.112648
0.0369763 0.00251825 0.506189 0.454316
0.0279939 0.0151388 0.707631 0.249236
9.9991E-05 0.0541139 0.709989 0.235797
0.0947517 9.9991E-05 0.576605 0.328543
9.9991E-05 0.115786 0.683331 0.200784
0.0203087 0.125436 0.709183 0.145072
0.107289 0.0377301 0.318314 0.536667
0.0393852 0.212788 0.498741 0.249086
0.110905 0.134838 0.535098 0.219159
0.16945 9.9991E-05 0.647352 0.183098
0.00121519 0.120075 0.653197 0.225513
0.1367 0.0400988 0.559955 0.263246
9.9991E-05 0.111977 0.605865 0.282058
0.05713 0.11628 0.604747 0.221844
9.9991E-05 0.0854713 0.81929 0.0951385
9.9991E-05 0.126779 0.685098 0.188023
9.9991E-05 0.0933836 0.693478 0.213038
0.100924 0.0485018 0.648373 0.202201
0.232557 0.0986704 0.485964 0.182809
0.0764829 0.0235617 0.656159 0.243796
0.0994215 0.0302248 0.604229 0.266125
0.167264 0.00859877 0.582471 0.241666
0.109531 0.087358 0.457647 0.345464
0.149203 0.00718948 0.688877 0.15473
0.0206756 0.0968906 0.805044 0.0773901
0.0691695 0.0382627 0.386316 0.506252
0.0966242 0.0412167 0.224048 0.638111
0.0206023 0.111559 0.664246 0.203593
0.0931963 9.9991E-05 0.194902 0.711802
0.0154356 0.138196 0.410375 0.435994
9.9991E-05 0.0512027 0.654076 0.294621
9.9991E-05 0.103396 0.497225 0.399279
0.00648009 0.0559128 0.458651 0.478956
0.101065 0.122991 0.705198 0.070746
0.157462 0.156878 0.532807 0.152853
0.00532014 0.156302 0.687222 0.151156
0.115664 0.024003 0.220423 0.63991
0.017527 0.157175 0.646924 0.178373
0.0607823 0.115761 0.605983 0.217474
0.0848768 0.158575 0.0679356 0.688612
0.00845663 0.129922 0.831562 0.0300593
0.118678 0.088582 0.355279 0.43746
0.215882 0.0430879 0.466064 0.274966
0.118833 0.143129 0.250487 0.487551
9.9991E-05 0.129546 0.320002 0.550352
0.0323875 0.0646549 0.525113 0.377844
0.0545903 0.182345 0.577696 0.185368
0.0757218 0.170929 0.523906 0.229444
0.243256 0.0796049 0.00510918 0.67203
0.11988 0.0890933 0.573579 0.217447
0.0475543 9.9991E-05 0.482864 0.469481
0.087186 9.9991E-05 0.550106 0.362608
0.12892 0.0892401 0.600795 0.181045
0.324033 0.33502 0.127909 0.213038
0.220974 0.575534 9.9991E-05 0.203391
0.225548 0.461724 9.9991E-05 0.312628
0.36692 0.455606 0.0910066 0.0864673
0.0374589 0.0273296 0.793051 0.14216
0.138308 0.0704867 0.622302 0.168903
0.692552 9.9982E-05 0.307248 9.9982E-05
0.55805 0.0245135 0.310895 0.106541
0.525707 0.0852119 0.306326 0.0827549
0.0946188 9.9991E-05 0.40913 0.496151
0.0422173 0.130827 0.60458 0.222376
0.0963566 9.9991E-05 0.293731 0.609813
0.0713355 0.0827029 0.664011 0.181951
0.0259552 0.0578034 0.631101 0.285141
0.130689 0.0298924 0.633793 0.205625
0.0588503 0.029263 0.298739 0.613148
0.147303 0.0567497 0.631679 0.164269
0.0627834 0.154875 0.616398 0.165944
0.960102 9.9982E-05 0.0396982 9.9982E-05
0.933066 9.9982E-05 0.0667339 9.9982E-05
0.670477 0.0150537 0.284931 0.0295385
0.735209 9.9982E-05 0.264591 9.9982E-05
0.8076 0.0160143 0.176286 9.9991E-05
0.9997 9.998E-05 9.998E-05 9.998E-05
0.970664 0.0128379 9.9991E-05 0.0163985
0.912862 9.9982E-05 0.0869379 9.9982E-05
0.976621 9.9982E-05 0.0231788 9.9982E-05
0.9997 9.998E-05 9.998E-05 9.998E-05
0.988546 0.0112541 9.9982E-05 9.9982E-05
0.771306 0.0538963 0.174698 9.9991E-05
0.860331 0.0582637 0.0813058 9.9991E-05
0.972909 9.9982E-05 0.0268908 9.9982E-05
0.414401 0.0683353 0.440346 0.0769175
0.704642 0.0278057 0.261933 0.00561951
0.798352 0.031757 0.146192 0.0236992
0.980064 0.000881267 0.0189549 9.9991E-05
0.953459 9.9982E-05 0.0463409 9.9982E-05
0.859406 0.0595363 0.0809577 9.9991E-05
0.9997 9.998E-05 9.998E-05 9.998E-05
0.650911 0.113727 0.235263 9.9991E-05
0.870475 0.0216582 0.107767 9.9991E-05
0.115539 0.371384 9.9991E-05 0.512976
0.0649568 0.277335 0.481696 0.176012
0.0919065 0.309825 0.437555 0.160713
0.193395 0.273023 0.17524 0.358342
0.180866 0.171751 0.450368 0.197015
0.127656 0.313048 0.299691 0.259605
0.188109 0.173232 0.498031 0.140628
0.244357 0.145494 0.339611 0.270538
0.209302 0.142886 0.475805 0.172006
0.267402 0.210291 0.263553 0.258754
0.0692884 0.257953 0.568196 0.104563
9.9991E-05 0.894508 0.0429572 0.0624347
0.0677666 0.930207 9.9991E-05 0.00192621
9.9982E-05 0.970962 0.0288381 9.9982E-05
9.9991E-05 0.987471 0.00970005 0.00272911
0.0104917 0.958594 0.0308139 9.9991E-05
0.0768723 0.922928 9.9982E-05 9.9982E-05
0.090352 0.909448 9.9982E-05 9.9982E-05
0.0529516 0.90812 9.9991E-05 0.0388288
0.0313461 0.928542 0.0400115 9.9991E-05
0.10693 0.876772 9.9991E-05 0.0161978
0.00967045 0.635989 9.9991E-05 0.354241
9.9991E-05 0.672002 0.0261811 0.301717
9.9982E-05 0.598242 9.9982E-05 0.401558
9.9991E-05 0.550339 0.0158121 0.433749
0.0247965 0.0753289 0.700313 0.199562
0.0729686 0.0292341 0.635076 0.262722
9.9991E-05 0.0358417 0.770585 0.193474
0.00480067 0.129766 0.558077 0.307357
9.9991E-05 0.0527908 0.29766 0.64945
0.123919 0.0615319 0.720644 0.0939053
0.00207252 0.00248925 0.785405 0.210034
9.9982E-05 9.9982E-05 0.694379 0.305421
0.0328139 9.9991E-05 0.616196 0.350891
0.0677887 0.0872689 0.714387 0.130556
9.9991E-05 0.00796337 0.626127 0.36581
0.0163006 9.9991E-05 0.133296 0.850304
0.0779331 0.0242161 0.722221 0.17563
0.0223352 9.9991E-05 0.504844 0.472721
0.0158176 0.0122134 0.737589 0.23438
9.9991E-05 0.0687278 0.398971 0.532201
0.0179907 0.23859 0.0269133 0.716506
9.9991E-05 0.254203 0.117494 0.628203
9.9991E-05 0.182621 0.0247978 0.792481
9.9991E-05 0.251057 0.0526386 0.696204
9.9991E-05 0.137856 0.153118 0.708925
9.9991E-05 0.18118 0.193083 0.625637
0.0507016 0.885124 0.0640748 9.9991E-05
0.0519737 0.855369 0.0780992 0.0145581
0.157945 0.773979 0.0679762 9.9991E-05
0.122856 0.795364 0.030493 0.0512875
0.0706578 0.821255 0.107988 9.9991E-05
9.9982E-05 0.483599 9.9982E-05 0.516201
9.9982E-05 0.551224 9.9982E-05 0.448576
9.9982E-05 0.503774 9.9982E-05 0.496026
0.0357356 0.842157 0.122007 9.9991E-05
9.9991E-05 0.457427 0.018228 0.524245
0.458493 0.231041 0.229984 0.0804828
0.288329 0.173155 0.538117 0.000399516
0.32942 0.203979 0.466501 9.9991E-05
0.35002 0.219198 0.282361 0.148421
0.206712 0.150153 0.506805 0.13633
0.370515 0.47785 9.9991E-05 0.151536
9.9991E-05 0.0963994 0.580595 0.322906
0.0348985 0.0238597 0.505541 0.4357
9.9991E-05 0.176617 0.397951 0.425332
0.0278578 0.0151272 0.594183 0.362832
0.00362474 9.9982E-05 9.9982E-05 0.996175
0.151353 0.0684633 0.597265 0.182919
0.0885339 0.0374487 0.601366 0.272651
9.9991E-05 0.0901267 0.511113 0.39866
0.0589135 0.178075 0.636841 0.12617
0.00158113 0.040609 0.264866 0.692944
0.118565 9.9991E-05 0.58933 0.292005
9.9991E-05 0.069798 0.739083 0.191019
0.251285 0.173375 0.477334 0.0980053
0.0625184 9.9991E-05 0.501762 0.435619
0.0794434 0.0123423 0.538915 0.3693
0.122596 0.0222022 0.614589 0.240613
9.9991E-05 0.0187183 0.710677 0.270504
0.0942097 0.0845841 0.647443 0.173763
0.0749306 0.131213 0.693892 0.0999644
0.0956256 0.110833 0.664677 0.128864
0.127968 0.796702 0.0752302 9.9991E-05
0.0568615 0.851367 0.0916712 9.9991E-05
0.0640835 0.765124 0.0226094 0.148184
0.0554182 0.866676 0.0253352 0.0525707
0.0510234 0.838141 0.110736 9.9991E-05
0.00258747 0.145764 0.331786 0.519863
0.0856845 0.117944 0.591267 0.205104
0.318741 0.112819 0.357695 0.210745
0.101285 0.146431 0.697373 0.0549114
9.9991E-05 0.0974533 0.653831 0.248615
0.12065 0.0631086 0.315409 0.500833
9.9991E-05 0.224131 0.127441 0.648329
0.0129701 0.059695 0.632265 0.29507
0.0121518 0.134858 0.319541 0.533449
0.126743 0.020644 0.464042 0.388571
9.9991E-05 0.214392 0.2662 0.519308
0.138491 0.141825 0.542554 0.177129
9.9991E-05 0.153418 0.311372 0.53511
0.0560735 0.0927304 0.445285 0.405911
0.0263478 0.124254 0.670222 0.179176
0.0509906 0.108186 0.386893 0.453931
0.0168836 0.0551006 0.748441 0.179575
0.0682557 0.184658 0.648729 0.0983573
0.0165186 0.0887219 0.494361 0.400399
0.0871125 0.0546395 0.578971 0.279277
0.0482315 0.035425 0.593811 0.322532
9.9982E-05 9.9982E-05 0.275692 0.724108
0.0290675 0.0272632 0.415795 0.527874
0.0419949 0.0374157 0.633991 0.286599
9.9991E-05 0.0591711 0.332103 0.608626
9.9991E-05 0.0663347 0.636642 0.296924
0.0124656 0.0982449 0.260933 0.628357
0.0926974 9.9991E-05 0.313274 0.593929
0.0805085 0.0852997 0.440918 0.393273
0.18163 0.0187514 0.612401 0.187217
9.9991E-05 0.0210133 0.4247 0.554187
0.167594 0.0289759 0.513441 0.289988
0.122788 0.168742 0.532072 0.176398
0.0424672 0.0752308 0.655845 0.226457
0.118298 0.0452162 0.640438 0.196047
0.0293511 0.101035 0.615908 0.253707
0.073259 0.0452825 0.406811 0.474648
0.116861 0.0259037 0.414403 0.442832
0.0611449 9.9991E-05 0.645637 0.293118
0.099475 0.103338 0.653643 0.143544
0.0799977 0.104323 0.463848 0.351831
0.136722 9.9991E-05 0.607492 0.255686
0.091269 0.126223 0.428708 0.3538
0.0581425 0.0782279 0.692458 0.171171
0.172337 0.0981783 0.53617 0.193314
0.143388 0.106002 0.589638 0.160973
0.160042 0.350071 0.435198 0.0546896
0.273386 0.0922088 0.470524 0.163881
0.19655 0.141683 0.506631 0.155136
0.166195 0.051846 0.610542 0.171416
0.312935 0.180652 0.417055 0.0893573
0.109134 9.9991E-05 0.525228 0.365538
0.156076 0.209734 0.547785 0.0864045
0.236546 0.279122 9.9991E-05 0.484232
0.277195 0.129294 0.487751 0.105761
0.208955 0.136167 0.530582 0.124296
0.310061 0.0339975 0.483157 0.172785
0.180165 0.228008 0.259619 0.332207
0.224344 0.166136 0.598921 0.0105987
0.174425 0.139931 0.685545 9.9991E-05
0.226957 0.523452 9.9991E-05 0.249491
0.18058 0.221584 0.515075 0.0827614
0.241039 0.200699 0.558162 9.9991E-05
0.159491 0.0756587 0.607174 0.157677
0.250816 0.222181 0.526903 9.9991E-05
0.236273 0.144468 0.43893 0.180329
0.129908 0.0392087 0.529476 0.301407
0.212815 0.0616415 0.504396 0.221147
0.0308786 9.9991E-05 0.210434 0.758587
0.0706667 9.9991E-05 0.139554 0.789679
0.210328 9.9991E-05 0.558802 0.230771
0.428382 0.0531878 0.3513 0.167131
0.484413 0.102194 0.269795 0.143599
0.456607 0.171703 0.0996446 0.272046
0.411293 0.185419 0.293213 0.110074
0.250745 0.0446671 0.0459531 0.658635
0.309513 0.0615642 0.116901 0.512022
0.260082 9.9991E-05 0.495262 0.244556
0.167472 0.0483667 0.539866 0.244295
0.250772 0.0738507 0.173148 0.50223
0.248021 0.0459715 0.498446 0.207561
0.295789 9.9991E-05 0.535185 0.168926
0.20565 0.0855426 0.46146 0.247348
0.0250935 0.045777 0.448051 0.481078
0.120669 0.0202538 0.432236 0.42684
0.132333 0.0210314 0.542646 0.303989
0.135543 0.0400629 0.380537 0.443857
0.195752 0.103526 0.490667 0.210055
0.0998084 9.9991E-05 0.541208 0.358884
0.0790323 9.9991E-05 0.289497 0.631371
0.0568595 0.0840328 0.760486 0.0986216
0.0888527 9.9991E-05 0.237451 0.673596
0.119991 9.9991E-05 0.513901 0.366008
0.0897844 0.0965772 0.630846 0.182792
0.11433 9.9991E-05 0.538547 0.347023
0.18901 0.187368 0.529713 0.0939091
0.310423 0.136921 0.378974 0.173681
0.328501 0.155636 0.346842 0.16902
0.297136 0.182171 0.355965 0.164728
0.20419 0.173003 0.468272 0.154535
0.180506 0.153508 0.455819 0.210167
0.270943 0.175378 9.9991E-05 0.553579
0.325048 0.0711418 0.504629 0.099181
0.238126 0.371956 9.9991E-05 0.389818
0.30032 0.0522471 0.533093 0.11434
0.0156709 9.9991E-05 0.241059 0.74317
0.0457636 9.9991E-05 0.0920106 0.862126
0.0199931 9.9991E-05 0.642657 0.33725
0.0801021 0.0276978 0.64854 0.24366
0.0429863 9.9991E-05 0.516207 0.440706
0.0471177 9.9991E-05 0.660113 0.292669
0.0831212 9.9991E-05 0.639168 0.277611
0.00901198 0.850335 0.127325 0.0133288
0.119412 0.750707 9.9991E-05 0.12978
0.0440214 0.955779 9.9982E-05 9.9982E-05
9.9982E-05 0.959724 0.0400758 9.9982E-05
0.0350676 0.0390685 0.69708 0.228784
0.0655255 0.0371106 0.624691 0.272673
9.9982E-05 9.9982E-05 0.779197 0.220603
9.9991E-05 0.12596 0.800876 0.0730635
0.0313728 0.0927274 0.671964 0.203936
9.9991E-05 0.0423085 0.516134 0.441458
0.0169075 0.00753664 0.843689 0.131867
9.9982E-05 9.9982E-05 0.632363 0.367437
0.203391 0.294585 0.477798 0.0242254
0.0795977 9.9991E-05 0.597271 0.323031
9.9982E-05 9.9982E-05 0.564112 0.435688
0.0432036 0.00140603 0.747653 0.207737
9.9982E-05 9.9982E-05 0.640875 0.358925
0.0630064 9.9991E-05 0.720583 0.21631
9.9991E-05 0.0941508 0.733589 0.17216
9.9982E-05 9.9982E-05 0.403166 0.596634
9.9982E-05 9.9982E-05 0.482634 0.517166
9.9982E-05 9.9982E-05 0.570727 0.429074
9.9982E-05 9.9982E-05 0.198287 0.801513
9.9991E-05 0.0271179 0.664173 0.308609
9.9982E-05 9.9982E-05 0.382306 0.617494
0.00906868 9.9991E-05 0.168696 0.822136
0.0708381 0.0426671 0.690234 0.196261
9.9991E-05 0.0235277 0.477852 0.49852
0.0388225 0.00011974 0.652365 0.308693
0.0992083 0.0856032 0.615166 0.200023
9.9991E-05 0.0851808 0.708812 0.205908
0.091742 9.9991E-05 0.41609 0.492068
0.073316 9.9991E-05 0.675146 0.251438
9.9991E-05 0.0516573 0.659046 0.289197
9.9982E-05 9.9982E-05 0.587716 0.412084
0.0557011 0.094286 0.67146 0.178553
0.000214457 0.70287 0.0407118 0.256204
9.9991E-05 0.781774 0.113176 0.10495
9.9982E-05 0.826897 9.9982E-05 0.172903
9.9982E-05 0.837205 9.9982E-05 0.162595
9.9991E-05 0.767879 0.0512492 0.180772
9.9991E-05 0.00820701 0.427595 0.564098
9.9991E-05 0.0502606 0.335054 0.614586
9.9982E-05 9.9982E-05 0.49284 0.50696
0.0711359 0.101113 0.648088 0.179663
0.0280397 0.205686 0.601105 0.16517
9.9982E-05 9.9982E-05 0.54777 0.45203
0.0772965 9.9991E-05 0.836382 0.0862212
0.0836084 0.031784 0.534924 0.349683
9.9991E-05 0.0274562 0.817748 0.154696
0.0900514 9.9991E-05 0.779124 0.130725
9.9982E-05 9.9982E-05 0.509267 0.490533
9.9991E-05 0.0255223 0.666951 0.307427
9.9982E-05 9.9982E-05 0.654157 0.345643
0.0266132 0.172246 0.715026 0.0861154
9.9991E-05 0.0111669 0.706294 0.282439
0.0461386 0.030201 0.680818 0.242843
0.47564 0.0852221 0.439038 9.9991E-05
0.504324 0.123917 0.347187 0.0245727
0.498425 0.128724 0.372751 9.9991E-05
0.573058 0.124411 0.299741 0.00279015
0.355986 0.204884 0.43903 9.9991E-05
0.113014 0.00976602 0.543068 0.334152
0.702498 0.248244 0.0221247 0.0271335
0.509849 0.193955 0.296096 9.9991E-05
0.183386 0.203201 0.493887 0.119525
0.0141006 0.202414 0.657584 0.125902
0.0662348 0.182034 0.495976 0.255755
0.0654457 0.131888 0.687726 0.114941
0.0628835 0.103263 0.65579 0.178063
0.490352 0.195088 0.31446 9.9991E-05
0.449296 0.126578 0.344795 0.0793314
0.589537 0.0547707 0.355592 9.9991E-05
0.317154 0.234213 0.448533 9.9991E-05
0.635997 0.111902 0.241695 0.0104054
0.435011 0.122808 0.3722 0.069981
0.625458 0.129234 0.227345 0.0179632
0.409509 0.117249 0.45241 0.0208329
0.0822541 0.142322 0.556065 0.219359
0.397297 0.192074 0.345742 0.0648865
0.719115 0.148436 0.112171 0.0202778
0.429312 0.101855 0.344146 0.124687
9.9991E-05 0.208663 0.327551 0.463686
0.114059 0.0964337 0.622747 0.166761
0.38861 0.159884 0.357117 0.0943895
0.106432 0.167638 0.662529 0.0634008
9.9991E-05 0.240194 0.603134 0.156572
0.216524 0.244761 0.407873 0.130842
0.361238 0.201155 0.350828 0.0867792
0.175449 0.0864306 0.642771 0.0953502
0.378593 0.122438 0.432371 0.0665977
0.472085 0.0846484 0.415296 0.027971
0.64117 0.187265 0.137559 0.0340064
0.0938209 0.0677038 0.705085 0.133391
9.9991E-05 0.202174 0.585676 0.21205
0.131431 0.151121 0.138453 0.578994
0.126635 0.186385 0.627517 0.0594622
0.15049 0.12579 0.386257 0.337463
0.213871 0.186737 0.478828 0.120564
0.167165 0.106779 0.576513 0.149543
0.268087 0.361138 9.9991E-05 0.370675
0.223898 0.373141 9.9991E-05 0.402861
0.258133 0.144728 0.241777 0.355362
0.294497 0.352922 9.9991E-05 0.352481
0.302921 0.474886 9.9991E-05 0.222093
0.170097 0.140127 0.401545 0.28823
0.193636 0.239395 0.466594 0.100375
0.26894 0.304432 0.184738 0.24189
0.240499 0.333182 0.0627376 0.363581
0.19875 0.133092 0.525996 0.142161
0.218816 0.210818 0.151761 0.418605
0.133532 0.514724 9.9991E-05 0.351644
0.221437 0.187626 0.479793 0.111143
0.282405 0.197445 0.343387 0.176763
0.225024 0.346289 0.391095 0.0375926
0.335914 0.152351 0.511636 9.9991E-05
0.173935 0.198957 0.627008 9.9991E-05
0.269269 0.207778 0.522853 9.9991E-05
0.254608 0.403226 0.342066 9.9991E-05
0.196796 0.19189 0.551019 0.0602956
0.307771 0.213007 0.479122 9.9991E-05
0.321692 0.275497 0.314614 0.0881969
0.121008 0.227588 0.378034 0.273369
0.190967 0.176372 0.540174 0.0924869
0.191514 0.171875 0.552643 0.0839673
0.158137 0.125365 0.628252 0.0882463
0.348384 0.299966 0.35155 9.9991E-05
0.21602 0.209476 0.574404 9.9991E-05
0.281775 0.387712 0.149959 0.180554
0.275109 0.226557 0.498233 9.9991E-05
0.413136 0.288767 0.187739 0.110359
0.00420624 0.82911 9.9991E-05 0.166584
9.9991E-05 0.218971 0.144328 0.636601
9.9982E-05 0.167503 9.9982E-05 0.832297
9.9991E-05 0.187125 0.0759855 0.73679
9.9991E-05 0.09246 0.143253 0.764187
9.9991E-05 0.177781 0.134257 0.687862
9.9991E-05 0.181691 0.196227 0.621982
9.9991E-05 0.233223 0.0442485 0.722428
9.9991E-05 0.378884 0.10332 0.517696
0.0224232 0.955448 0.0220287 9.9991E-05
9.9991E-05 0.862411 0.0674424 0.0700467
0.0533917 0.920565 0.0140274 0.0120155
9.9991E-05 0.855309 0.0743028 0.0702882
0.0712618 0.92 9.9991E-05 0.00863837
9.9982E-05 0.928652 9.9982E-05 0.0711484
0.12408 0.768183 0.0360061 0.0717301
0.0914128 0.882815 0.0256719 9.9991E-05
0.0132336 0.794434 0.103547 0.0887852
0.0957045 0.896333 0.0078621 9.9991E-05
9.9982E-05 0.96608 9.9982E-05 0.0337196
0.0816782 0.847917 0.0236724 0.0467328
9.9982E-05 0.989627 0.0101733 9.9982E-05
0.036186 0.943393 0.0203211 9.9991E-05
0.0239173 0.874217 0.101766 9.9991E-05
0.0432446 0.866199 0.0904566 9.9991E-05
0.164508 0.78846 0.0469315 9.9991E-05
0.0961928 0.797214 0.106493 9.9991E-05
0.0729496 0.821806 0.105145 9.9991E-05
0.0622969 0.204583 0.46094 0.27218
9.9982E-05 0.158526 0.841274 9.9982E-05
0.0746806 0.193243 0.611622 0.120454
0.102434 0.067522 0.202425 0.627618
0.0395055 0.166224 0.618974 0.175296
0.086251 0.166732 0.185523 0.561494
0.064489 0.0495112 0.708261 0.177738
9.9991E-05 0.105282 0.564801 0.329817
9.9991E-05 0.138258 0.71482 0.146822
0.041765 0.0795048 0.652664 0.226066
0.0832548 0.125275 0.522876 0.268594
0.0580614 0.0532976 0.774338 0.114303
0.0201786 0.0691107 0.676185 0.234526
0.0719593 0.0166979 0.150492 0.76085
0.0266184 0.120518 0.0343293 0.818535
0.082842 0.141908 0.210605 0.564644
0.118939 0.134144 0.676998 0.0699188
0.0557905 0.117352 0.650793 0.176064
9.9991E-05 0.216558 0.658692 0.12465
0.120005 0.11045 0.705359 0.0641857
0.105845 0.213993 0.634463 0.0456989
0.20131 0.196645 0.601945 9.9991E-05
0.198825 0.412482 0.140849 0.247844
0.0175036 0.208648 0.64505 0.128798
0.178035 0.250803 0.425613 0.145549
0.214414 0.449753 9.9991E-05 0.335733
0.233581 0.263679 0.389022 0.113717
0.194894 0.399741 0.327531 0.0778339
0.110357 0.360016 0.513115 0.0165113
0.247332 0.160931 0.484475 0.107262
0.0952498 0.257175 0.593651 0.0539243
0.215344 0.151745 0.585345 0.047566
0.240339 0.166284 0.395665 0.197712
0.128571 0.488704 0.372253 0.0104726
