9.9991E-05 0.92026 0.0446149 0.0350254
9.999E-05 0.946005 0.0448998 0.00899485
9.999E-05 0.794607 0.0522609 0.153032
9.999E-05 0.811614 0.0668763 0.12141
9.999E-05 0.849073 0.0109177 0.13991
0.158177 0.652011 0.113348 0.0764634
0.0287972 0.899238 0.0634039 0.00856111
0.0504901 0.803129 0.114711 0.03167
9.9982E-05 0.90015 0.0996501 9.9982E-05
0.0503204 0.742095 0.0308282 0.176756
0.0522831 0.796385 0.141998 0.00933388
0.266779 9.9991E-05 0.545552 0.187569
0.284162 9.9991E-05 0.392868 0.32287
0.207531 0.0653281 0.541261 0.18588
0.194038 0.0405817 0.414758 0.350622
0.184362 0.132431 0.325673 0.357534
0.362118 9.9991E-05 0.186779 0.451003
0.318977 9.9991E-05 0.358328 0.322595
0.18265 0.041351 0.497604 0.278396
0.102325 0.0769154 0.740416 0.0803441
0.356954 0.0212209 0.325959 0.295866
0.43069 0.110526 0.159142 0.299642
0.323028 9.9991E-05 0.264894 0.411977
0.309436 0.00602262 0.449965 0.234576
0.313781 0.0168329 0.255109 0.414278
0.324776 9.9991E-05 0.269768 0.405355
0.205102 0.00813178 0.582776 0.20399
0.16876 0.037221 0.482029 0.311991
0.363239 9.9991E-05 0.53317 0.103492
9.9982E-05 0.818784 9.9982E-05 0.181016
9.9991E-05 0.841484 0.00489419 0.153521
9.9991E-05 0.771867 0.0752304 0.152803
0.00993398 0.724915 0.0485694 0.216582
0.457915 0.00770525 0.186365 0.348015
0.286239 0.0340376 0.26528 0.414443
0.576788 0.00239223 0.0533545 0.367465
0.110126 0.130274 0.640442 0.119158
0.70126 9.9991E-05 0.0599591 0.23868
0.427779 0.000301985 0.188427 0.383492
0.446598 9.9991E-05 0.0993603 0.453941
0.475441 0.0804788 0.104728 0.339352
0.341645 0.0464689 0.197731 0.414155
0.711579 0.0274025 0.224724 0.0362938
0.532081 0.0500608 0.0449108 0.372947
0.428341 9.9991E-05 0.170143 0.401416
0.303492 0.0199404 0.220884 0.455684
0.786048 9.9991E-05 0.0445615 0.16929
0.544229 9.9991E-05 0.0856386 0.370032
0.428307 0.0535573 0.153058 0.365078
0.804946 0.194854 9.9982E-05 9.9982E-05
0.470776 0.00464999 0.497296 0.027278
0.641031 0.140692 0.218177 9.9991E-05
0.319851 0.11533 0.114956 0.449863
0.287841 0.0654559 0.194899 0.451805
0.424196 9.9991E-05 0.191588 0.384116
0.355237 0.134833 0.446382 0.0635474
0.39677 9.9991E-05 0.243873 0.359257
0.424271 0.0533002 0.084385 0.438044
0.401609 0.136909 0.258981 0.202502
0.218473 0.268708 0.403357 0.109461
0.314491 0.00265052 0.286815 0.396043
0.304156 0.0505029 0.399306 0.246035
0.358004 0.0664675 0.575429 9.9991E-05
0.298015 9.9991E-05 0.394812 0.307073
0.413843 9.9991E-05 0.188065 0.397992
0.272591 0.0283245 0.302083 0.397002
0.392272 0.0618726 0.344568 0.201287
0.410246 0.0191823 0.229253 0.341319
0.281356 0.0230209 0.326631 0.368992
0.372362 0.0546876 0.484529 0.0884209
0.539135 9.9991E-05 0.162441 0.298324
0.63725 0.0401914 0.242617 0.079942
0.348404 9.9991E-05 0.234114 0.417382
0.909926 0.0898738 9.9982E-05 9.9982E-05
0.950938 0.0309395 0.0180223 9.9991E-05
0.873488 9.9991E-05 0.031745 0.0946671
0.617118 9.9991E-05 0.169222 0.21356
0.497045 0.0332237 0.0887646 0.380966
0.549671 0.0137409 0.132313 0.304275
0.527994 0.0639374 0.304946 0.103123
0.457771 0.0656225 0.371191 0.105416
0.377735 0.0541772 0.152898 0.415189
0.715819 0.0219898 0.0985186 0.163673
0.526009 0.00519564 0.210291 0.258504
0.766589 9.9991E-05 0.0387265 0.194584
0.882569 0.117231 9.9982E-05 9.9982E-05
0.502619 9.9991E-05 0.177505 0.319776
9.9991E-05 0.757536 0.0820564 0.160307
9.9982E-05 0.880183 9.9982E-05 0.119617
9.9991E-05 0.836713 0.0196325 0.143555
9.9982E-05 0.912683 9.9982E-05 0.0871174
9.9982E-05 0.904739 9.9982E-05 0.0950612
0.0239481 0.918611 9.9991E-05 0.0573411
9.9982E-05 0.908551 9.9982E-05 0.0912492
0.469694 0.0197205 0.139894 0.370691
0.383738 9.9991E-05 0.149014 0.467148
0.789834 0.0148415 0.195224 9.9991E-05
0.472022 0.00733716 0.165185 0.355456
0.547761 9.9991E-05 0.223415 0.228724
0.467689 0.035595 0.0566314 0.440084
0.602323 0.0237668 0.0160496 0.35786
0.658588 0.0167041 0.0266686 0.298039
0.555687 0.105384 0.338829 9.9991E-05
0.461896 0.0843669 0.115342 0.338395
0.408457 0.0474953 0.122854 0.421194
0.34802 0.0409363 0.13068 0.480364
0.801039 0.051996 0.00954597 0.137419
0.737238 9.9991E-05 0.00218636 0.260476
0.649141 0.0145174 0.120232 0.21611
0.741299 9.9982E-05 9.9982E-05 0.258501
0.585026 0.0013119 0.175006 0.238655
0.405291 0.0446766 0.195717 0.354315
0.392776 0.0839756 0.398948 0.124301
0.225835 0.0870825 0.3954 0.291683
0.218364 0.0295613 0.35379 0.398285
0.339336 0.0507014 0.193162 0.4168
0.306763 0.0110957 0.438567 0.243575
0.188843 9.9991E-05 0.402676 0.408381
0.225993 9.9991E-05 0.46848 0.305426
0.347118 0.0277964 0.232894 0.392191
0.362274 0.0252489 0.196201 0.416277
0.338618 9.9991E-05 0.315644 0.345638
0.269573 9.9991E-05 0.437214 0.293113
0.360464 9.9991E-05 0.157573 0.481863
0.360525 0.0826208 0.144599 0.412256
0.316018 9.9991E-05 0.32128 0.362601
0.329683 9.9991E-05 0.247876 0.42234
0.322116 0.0211323 0.262377 0.394375
0.353659 0.13015 0.320242 0.195949
0.330696 9.9991E-05 0.229628 0.439576
0.340036 9.9991E-05 0.207356 0.452508
0.268485 0.0379215 0.511351 0.182243
0.494644 0.126376 0.283619 0.0953609
0.348224 9.9991E-05 0.28717 0.364506
0.641061 0.0499057 0.308933 9.9991E-05
0.281125 0.00172889 0.55461 0.162536
0.384707 9.9991E-05 0.409387 0.205806
0.291338 9.9991E-05 0.524971 0.183591
0.281268 9.9991E-05 0.526217 0.192415
0.416119 0.00420006 0.247372 0.332309
0.272709 0.0128293 0.310862 0.4036
0.318735 9.9991E-05 0.32024 0.360925
0.49567 0.0665253 0.347146 0.0906586
0.401854 0.0771159 0.203311 0.317719
0.41388 0.0425716 0.211417 0.332131
0.577823 0.268876 0.1532 9.9991E-05
0.456043 0.0779838 0.0835309 0.382443
0.587129 0.195599 0.0968146 0.120458
0.345382 0.0159383 0.240813 0.397866
0.548708 0.207378 0.127849 0.116065
0.676856 0.18641 0.136634 9.9991E-05
0.510153 0.101808 0.191044 0.196995
0.392016 0.0570541 0.226011 0.324918
0.481972 0.126113 0.121242 0.270674
0.594958 0.248346 0.0673659 0.0893293
0.430611 0.0639123 0.162544 0.342933
0.676072 9.9991E-05 0.144552 0.179276
0.576706 9.9991E-05 0.206247 0.216946
0.386391 0.0488545 0.202882 0.361872
0.274568 0.43689 9.9991E-05 0.288442
0.135793 0.775192 9.9991E-05 0.0889148
0.246381 0.713657 9.9991E-05 0.0398621
0.061021 0.537277 0.0425143 0.359187
0.649079 9.9982E-05 9.9982E-05 0.350721
0.331567 0.101607 0.15225 0.414575
9.9982E-05 9.9982E-05 0.0621834 0.937617
0.114706 0.0687781 0.171146 0.64537
0.139639 0.101976 0.0985689 0.659817
0.768972 0.113338 0.0203603 0.0973302
0.457789 0.0399096 0.171238 0.331064
0.785728 0.160552 0.00926125 0.0444583
0.559298 9.9991E-05 0.0695178 0.371085
0.59897 0.0788484 0.0474805 0.274701
0.553619 0.0343038 0.034572 0.377505
0.828608 0.108596 0.0491193 0.0136764
0.529626 9.9991E-05 0.039235 0.431039
0.50298 0.0096383 0.180535 0.306847
9.9982E-05 0.0637605 9.9982E-05 0.93604
9.9982E-05 0.119738 9.9982E-05 0.880062
0.0889624 0.0731345 0.0722323 0.765671
0.0155195 0.0659914 0.00899454 0.909495
9.9982E-05 0.118768 9.9982E-05 0.881032
9.9982E-05 0.119836 9.9982E-05 0.879964
9.9982E-05 0.0805977 9.9982E-05 0.919202
9.9982E-05 0.0430148 9.9982E-05 0.956785
9.9982E-05 0.0416518 9.9982E-05 0.958148
9.9982E-05 0.0511063 9.9982E-05 0.948694
9.9982E-05 0.0505262 9.9982E-05 0.949274
9.9991E-05 0.0785173 0.0158876 0.905495
9.9982E-05 0.129478 9.9982E-05 0.870322
9.9982E-05 0.0975424 9.9982E-05 0.902258
0.123607 0.105607 0.177735 0.593051
0.13305 0.11094 0.0135225 0.742488
0.0159481 0.12513 0.0126177 0.846305
9.9982E-05 0.0812824 9.9982E-05 0.918518
9.9982E-05 0.0759903 9.9982E-05 0.92381
9.9982E-05 0.121602 9.9982E-05 0.878198
9.9982E-05 0.103483 9.9982E-05 0.896317
0.0883983 0.164542 9.9991E-05 0.746959
9.9991E-05 0.12366 0.00144229 0.874798
0.478809 0.520991 9.9982E-05 9.9982E-05
0.294683 0.112026 0.251612 0.341679
0.425859 0.276375 0.0213206 0.276445
0.447212 0.389848 9.9991E-05 0.16284
0.450071 0.141005 9.9991E-05 0.408824
0.447202 0.373758 9.9991E-05 0.17894
0.245061 0.137498 0.244925 0.372517
0.437001 0.237791 9.9991E-05 0.325109
0.390488 0.182185 0.0188448 0.408482
0.393703 0.234364 9.9991E-05 0.371833
0.385033 0.195138 0.019135 0.400694
0.0353792 0.840138 0.0777097 0.0467726
9.9991E-05 0.93046 0.00824311 0.0611974
9.9991E-05 0.99202 0.00153707 0.00634274
9.9991E-05 0.958519 0.0297359 0.0116453
9.9991E-05 0.899825 0.0191515 0.0809235
9.9982E-05 0.932659 9.9982E-05 0.0671411
9.9982E-05 0.88751 9.9982E-05 0.11229
0.0728896 0.923428 9.9991E-05 0.00358243
9.9991E-05 0.9258 0.0201853 0.0539151
9.9991E-05 0.887707 0.00305164 0.109141
0.0683115 0.681652 0.249936 9.9991E-05
9.9982E-05 0.604132 0.395668 9.9982E-05
0.0422707 0.570152 0.387477 9.9991E-05
0.0980109 0.514798 0.387091 9.9991E-05
0.386195 0.00996134 0.298011 0.305833
0.465472 9.9991E-05 0.243342 0.291086
0.394878 9.9991E-05 0.260117 0.344905
0.549424 0.00564258 0.332293 0.11264
0.290476 9.9991E-05 0.667452 0.0419721
0.514013 9.9991E-05 0.141287 0.3446
0.528969 9.9991E-05 0.105665 0.365266
0.627405 9.9991E-05 0.10291 0.269585
0.727949 9.9982E-05 9.9982E-05 0.271851
0.35157 0.0160972 0.145529 0.486803
0.531682 9.9991E-05 0.268585 0.199633
0.832402 0.0145265 0.152972 9.9991E-05
0.466494 0.0116032 0.186146 0.335757
0.814737 0.0591227 0.0254531 0.100687
0.682093 9.9991E-05 0.0160318 0.301775
0.622316 0.0435369 0.334047 9.9991E-05
0.000792711 0.163545 0.835562 9.9991E-05
0.104343 0.142503 0.753054 9.9991E-05
9.9982E-05 0.0541755 0.945625 9.9982E-05
0.0219307 0.141011 0.836959 9.9991E-05
0.0796823 0.0450609 0.875157 9.9991E-05
0.0212544 0.100805 0.858781 0.0191592
0.0295636 0.852514 9.9991E-05 0.117823
9.9991E-05 0.795352 0.114485 0.0900623
9.9982E-05 0.788022 9.9982E-05 0.211778
9.9991E-05 0.756096 0.0912238 0.15258
9.9991E-05 0.805341 0.0583803 0.136179
9.9982E-05 0.409402 0.590398 9.9982E-05
0.101701 0.525717 0.372482 9.9991E-05
0.0840434 0.45265 0.463207 9.9991E-05
9.9991E-05 0.796007 0.0332402 0.170653
0.0446434 0.414461 0.540796 9.9991E-05
0.222994 0.251045 0.00568 0.520281
0.228698 0.12476 0.0847901 0.561752
0.152064 0.18928 0.0120456 0.64661
0.17402 0.282081 0.117328 0.426571
0.280461 0.158066 0.107203 0.45427
0.128168 0.604852 9.9991E-05 0.26688
0.369588 9.9991E-05 0.42568 0.204632
0.61297 0.00809627 0.212277 0.166657
0.181106 0.0434997 0.625893 0.149501
0.558005 9.9991E-05 0.181995 0.2599
0.735205 0.0924585 0.172237 9.9991E-05
0.382091 0.00511617 0.254192 0.358601
0.497223 9.9991E-05 0.236565 0.266112
0.272531 0.0299721 0.569986 0.127511
0.290821 0.111769 0.234788 0.362622
0.634889 0.0439772 0.321034 9.9991E-05
0.578128 9.9991E-05 0.137629 0.284143
0.354906 9.9991E-05 0.305925 0.339069
0.379447 0.105161 0.112663 0.402729
0.497069 9.9991E-05 0.315632 0.187199
0.347391 9.9991E-05 0.381166 0.271343
0.540935 9.9991E-05 0.130557 0.328409
0.458651 9.9991E-05 0.259448 0.281801
0.404019 0.00443211 0.167242 0.424306
0.340885 9.9991E-05 0.222984 0.436031
0.312982 0.00987753 0.31528 0.36186
9.9982E-05 0.776615 9.9982E-05 0.223185
0.0574543 0.826053 9.9991E-05 0.116393
0.0779821 0.779296 0.0615831 0.0811383
0.0425833 0.847053 0.0303811 0.0799829
9.9982E-05 0.82819 9.9982E-05 0.17161
0.199522 0.0034535 0.67377 0.123254
0.420701 9.9991E-05 0.210869 0.36833
0.351566 0.199385 0.00639985 0.44265
0.286209 9.9991E-05 0.264616 0.449076
0.326822 9.9991E-05 0.335412 0.337665
0.340843 0.0777358 0.408064 0.173358
0.163007 0.15259 0.684303 9.9991E-05
0.256438 9.9991E-05 0.420195 0.323267
0.236445 0.049839 0.61993 0.0937859
0.4664 0.0183836 0.227247 0.28797
0.178494 0.161554 0.625179 0.0347739
0.197866 0.0255831 0.323237 0.453314
0.245447 0.0777336 0.577037 0.0997823
0.316782 0.0190337 0.387754 0.27643
0.41439 0.0237733 0.219837 0.342
0.669825 0.145225 0.108711 0.0762385
0.428533 0.00727641 0.261665 0.302526
0.495912 0.116549 0.0481976 0.339342
0.703238 0.0746556 0.102118 0.119989
0.351239 0.0108448 0.289856 0.34806
0.643161 0.0658198 9.9991E-05 0.290919
0.863204 0.0639103 0.0727854 9.9991E-05
0.844052 0.0913572 0.0208617 0.0437287
0.578023 0.0413806 0.11097 0.269627
0.750516 0.112891 0.136492 9.9991E-05
0.571174 0.037138 0.187958 0.203731
0.207708 0.0230184 0.690229 0.0790445
0.498913 9.9991E-05 0.371378 0.129609
0.255332 9.9991E-05 0.522118 0.22245
0.358749 9.9991E-05 0.201323 0.439827
0.2049 9.9991E-05 0.650359 0.144642
0.327003 0.0643932 0.235538 0.373066
0.261041 0.0338148 0.243231 0.461913
0.243686 9.9991E-05 0.333912 0.422303
0.19466 9.9991E-05 0.398938 0.406302
0.23992 9.9991E-05 0.462243 0.297737
0.299218 9.9991E-05 0.53681 0.163871
0.211625 9.9991E-05 0.516323 0.271951
0.425888 9.9991E-05 0.233074 0.340938
0.388577 0.0127591 0.18664 0.412023
0.410073 9.9991E-05 0.331557 0.258269
0.380419 9.9991E-05 0.257977 0.361504
0.244347 0.0399896 0.451725 0.263938
0.367071 9.9991E-05 0.24783 0.384999
0.293771 9.9991E-05 0.29989 0.406239
0.329082 0.0634863 0.189196 0.418236
0.214965 0.299689 0.0917183 0.393627
0.368708 0.0911214 9.9991E-05 0.540071
0.250784 0.191405 0.088343 0.469467
0.321476 0.0425589 0.15894 0.477025
0.242265 0.202804 0.0701288 0.484802
0.553687 9.9991E-05 0.183985 0.262228
0.181302 0.0788368 0.195831 0.54403
0.512619 0.437524 9.9991E-05 0.0497574
0.264413 0.0486805 0.219797 0.46711
0.274145 0.0259604 0.185244 0.514651
0.370125 0.0578269 0.0679396 0.504108
0.429007 0.241304 0.0753473 0.254341
0.248502 0.182404 0.0624569 0.506637
0.332382 0.111616 0.040253 0.51575
0.23221 0.702303 9.9991E-05 0.0653871
0.213369 0.169776 0.0647874 0.552068
0.292209 0.14389 0.0179411 0.54596
0.320968 0.0845013 0.112895 0.481635
0.18953 0.183454 0.0696815 0.557334
0.239385 0.156842 0.106909 0.496864
0.536093 0.0305291 0.153014 0.280363
0.450446 0.00865463 0.135086 0.405814
0.885635 0.0318924 0.0823722 9.9991E-05
0.834529 0.0968362 0.0685344 9.9991E-05
0.435577 0.0760511 0.15582 0.332552
0.248241 0.145143 0.0599654 0.546651
0.290593 0.192551 9.9991E-05 0.516756
0.37922 0.265474 9.9991E-05 0.355206
0.305646 0.237862 9.9991E-05 0.456392
0.67266 0.232677 9.9991E-05 0.0945629
0.610405 0.226203 9.9991E-05 0.163292
0.469347 9.9991E-05 0.0675907 0.462963
0.425567 0.0672924 0.111546 0.395594
0.625596 0.186644 9.9991E-05 0.187659
0.418635 0.0550964 0.130558 0.39571
0.54474 0.0507641 0.0455397 0.358956
0.333253 0.035944 0.182227 0.448576
0.764389 0.0605142 0.108183 0.0669141
0.630638 0.0490981 0.101289 0.218975
0.618176 0.015665 0.073731 0.292428
0.501776 0.117991 0.126698 0.253535
0.483675 0.0523063 0.156505 0.307514
0.698455 0.0491298 0.0343584 0.218057
0.764064 0.0272597 0.150259 0.0584167
0.581618 0.0368598 0.0130801 0.368442
0.754398 0.0576132 0.0952203 0.092769
0.699964 0.0739702 0.00314395 0.222922
0.454302 0.0497395 0.145106 0.350852
0.546187 0.0169797 0.121418 0.315415
0.291339 0.167146 0.0714312 0.470084
0.239959 0.127962 0.228972 0.403107
0.29755 0.22364 0.0484129 0.430397
0.242533 0.204531 0.15929 0.393647
0.215225 0.1216 0.207838 0.455337
0.243992 0.19226 0.119843 0.443906
0.551124 0.385559 9.9991E-05 0.063217
0.274054 0.0657033 0.00779351 0.652449
0.395595 0.558817 9.9991E-05 0.0454879
0.430203 0.0976563 9.9991E-05 0.472041
0.944039 0.0557608 9.9982E-05 9.9982E-05
0.894553 0.105247 9.9982E-05 9.9982E-05
0.5982 9.9991E-05 0.132223 0.269478
0.585536 0.0144891 0.0295103 0.370464
0.725599 9.9991E-05 0.0851969 0.189104
0.665277 0.0100273 0.0233955 0.3013
0.659031 9.9991E-05 0.00392025 0.336949
0.0179938 0.80911 0.0359207 0.136975
9.9991E-05 0.752557 0.133845 0.113498
9.9991E-05 0.891811 0.0166875 0.0914012
9.9982E-05 0.938765 9.9982E-05 0.0610353
0.503814 0.0111707 0.196141 0.288874
0.511739 0.0291647 0.119522 0.339574
0.620154 9.9991E-05 0.12741 0.252337
0.476344 0.0279639 0.118898 0.376794
0.475119 0.0862322 0.0883558 0.350293
0.665674 0.022613 0.197115 0.114598
0.545574 9.9991E-05 0.0671523 0.387174
0.850529 0.0511098 9.9991E-05 0.0982608
0.193358 0.254517 0.101775 0.45035
0.729533 9.9991E-05 0.0366292 0.233738
0.669678 9.9991E-05 0.203677 0.126546
0.579148 9.9991E-05 0.103941 0.316811
0.584119 9.9991E-05 0.198494 0.217286
0.668028 9.9982E-05 9.9982E-05 0.331772
0.46067 0.00846978 0.169233 0.361627
0.9997 9.998E-05 9.998E-05 9.998E-05
0.794382 0.0420216 0.0429949 0.120602
0.665806 0.0115987 0.127561 0.195035
0.980153 0.0196475 9.9982E-05 9.9982E-05
0.58614 0.0335892 0.159269 0.221002
0.892922 0.101328 0.00565003 9.9991E-05
0.914919 0.0848807 9.9982E-05 9.9982E-05
0.646348 9.9982E-05 9.9982E-05 0.353452
0.628202 0.0425509 0.211197 0.11805
0.517698 9.9991E-05 0.219139 0.263063
0.502775 9.9991E-05 0.104131 0.392994
0.537514 9.9991E-05 0.114127 0.348259
0.50154 9.9991E-05 0.297992 0.200367
0.528256 9.9991E-05 0.125687 0.345956
0.483895 9.9991E-05 0.244772 0.271233
0.818947 9.9991E-05 0.0500756 0.130877
0.423188 9.9991E-05 0.24568 0.331032
0.0341911 0.653284 0.312425 9.9991E-05
0.0529137 0.740885 0.146788 0.059413
9.9982E-05 0.854687 0.145113 9.9982E-05
0.0199162 0.846282 0.133702 9.9991E-05
9.9991E-05 0.756511 0.239204 0.00418473
0.613462 0.0647822 0.294517 0.0272383
0.621869 0.0954715 0.256943 0.0257165
0.972806 9.9982E-05 9.9982E-05 0.0269945
0.422626 0.0703709 0.188239 0.318765
0.380201 0.0941549 0.0909839 0.434661
0.741506 0.0400553 0.0772276 0.141212
0.552906 9.9991E-05 0.0447476 0.402246
0.671005 0.0217345 0.00947681 0.297784
0.480058 9.9991E-05 0.20818 0.311663
0.532562 9.9991E-05 0.0677405 0.399597
0.590058 9.9991E-05 0.271573 0.138269
0.698563 0.0121756 0.138921 0.15034
0.616396 9.9991E-05 0.237371 0.146133
0.421697 0.0312199 0.163764 0.383319
0.639743 9.9991E-05 0.15693 0.203228
0.487644 9.9991E-05 0.224037 0.288218
0.176742 0.0733866 0.0409607 0.708911
0.0603833 0.223487 0.0626653 0.653465
0.174911 0.156643 9.9991E-05 0.668346
0.0619421 0.257428 9.9991E-05 0.68053
0.190691 0.136708 0.0912675 0.581333
0.598605 0.0356978 0.0748754 0.290822
9.9982E-05 0.351438 9.9982E-05 0.648362
0.0753326 0.225627 9.9991E-05 0.69894
0.332473 0.212767 0.056116 0.398644
0.434471 0.131225 0.106202 0.328102
0.487944 0.119739 0.13643 0.255888
0.401536 0.0569021 0.173645 0.367917
0.439158 0.111168 0.073756 0.375918
0.0991615 0.233308 9.9991E-05 0.66743
0.0799228 0.123072 0.198586 0.598418
0.103435 0.065148 0.0413863 0.790031
0.269203 0.157659 0.0457541 0.527384
0.0736345 0.192424 9.9991E-05 0.733841
0.213712 0.163502 0.0582044 0.564582
0.0457114 0.217361 9.9991E-05 0.736828
0.0585009 0.0540113 0.149572 0.737916
0.527967 0.122137 0.0314045 0.318492
0.190926 0.193448 0.0905289 0.525096
9.9982E-05 0.27794 9.9982E-05 0.72186
0.272179 0.0948374 0.0141231 0.618861
0.368788 0.226394 0.307202 0.097616
0.397792 0.00425374 0.137223 0.460732
0.166595 0.135569 0.153363 0.544474
0.269574 0.0823411 0.191804 0.456281
0.45523 0.18686 0.116996 0.240914
0.296603 0.183576 0.0602625 0.459559
0.215425 0.278473 0.0254824 0.48062
0.271908 0.150202 0.148426 0.429464
0.22501 0.09511 0.0187857 0.661095
0.175772 0.126445 9.9991E-05 0.697683
0.0286728 0.297856 9.9991E-05 0.673371
0.371279 0.0874766 0.133619 0.407626
0.507152 0.103285 0.164262 0.225301
0.666999 0.278141 9.9991E-05 0.0547595
0.479961 0.112348 0.0114562 0.396235
0.41064 0.042797 0.321158 0.225405
0.372087 0.167626 0.0251654 0.435121
0.269147 0.164083 0.195973 0.370798
0.348682 0.518639 9.9991E-05 0.132579
0.440295 0.533027 9.9991E-05 0.0265777
0.507868 0.264595 9.9991E-05 0.227437
0.352578 0.480907 9.9991E-05 0.166415
0.229192 0.612624 9.9991E-05 0.158084
0.502432 0.192651 9.9991E-05 0.304817
0.33129 0.249145 0.06094 0.358625
0.335221 0.408049 9.9991E-05 0.25663
0.4176 0.411591 9.9991E-05 0.170709
0.421237 0.0466324 0.224525 0.307606
0.460296 0.342838 9.9991E-05 0.196766
0.33658 0.66322 9.9982E-05 9.9982E-05
0.249681 0.12062 0.158286 0.471413
0.213511 0.228623 0.0975343 0.460332
0.222842 0.241295 0.101683 0.434179
0.174307 0.148426 0.0417481 0.635519
0.291623 0.0900449 0.0400187 0.578314
0.263538 0.167977 0.0311756 0.53731
0.0717138 0.353441 0.116885 0.45796
0.223767 0.230953 0.0402559 0.505024
0.173998 0.230543 0.0393064 0.556152
0.214686 0.278565 0.0652943 0.441455
0.365189 0.19293 0.160314 0.281567
0.274627 0.144721 0.206237 0.374415
0.313382 0.0919502 0.124667 0.470001
0.339458 0.0831438 0.134276 0.443122
0.134293 0.281156 0.0628009 0.521751
0.28937 0.108444 0.094812 0.507374
0.256999 0.470703 9.9991E-05 0.272198
0.174508 0.0633467 0.205927 0.556218
0.24654 0.320839 9.9991E-05 0.432521
9.9991E-05 0.826652 0.14901 0.0242383
0.0996975 0.0864018 0.813801 9.9991E-05
9.998E-05 9.998E-05 0.9997 9.998E-05
9.9982E-05 0.0178433 0.981957 9.9982E-05
9.998E-05 9.998E-05 0.9997 9.998E-05
9.9991E-05 0.0240726 0.954867 0.0209605
9.998E-05 9.998E-05 0.9997 9.998E-05
9.9982E-05 0.052996 0.946804 9.9982E-05
9.9982E-05 0.195342 0.804458 9.9982E-05
0.0152498 0.91132 0.0127665 0.0606635
9.9991E-05 0.779828 0.154153 0.0659189
9.9991E-05 0.899179 0.00364476 0.0970767
9.9991E-05 0.827332 0.138267 0.0343014
9.9982E-05 0.915698 9.9982E-05 0.084102
9.9991E-05 0.90648 0.0737482 0.0196718
9.9991E-05 0.710057 0.091996 0.197847
9.9982E-05 0.894101 9.9982E-05 0.105699
0.0560806 0.781019 0.0470533 0.115847
9.9982E-05 0.900816 9.9982E-05 0.0989844
9.9982E-05 0.962651 0.0371489 9.9982E-05
0.0344408 0.837245 0.0110056 0.117309
9.9991E-05 0.968872 0.0174947 0.0135333
9.9991E-05 0.908967 0.000558578 0.0903739
9.9991E-05 0.873165 0.000657244 0.126078
9.9982E-05 0.842217 9.9982E-05 0.157583
9.9982E-05 0.804746 9.9982E-05 0.195054
9.9991E-05 0.764459 0.00467137 0.23077
9.9991E-05 0.814475 0.00156272 0.183863
0.433502 0.129947 0.198354 0.238198
0.499125 0.0266667 0.0948368 0.379372
0.377876 0.056208 0.188273 0.377642
0.769861 0.229939 9.9982E-05 9.9982E-05
0.398317 0.103619 0.160536 0.337529
0.680652 0.291512 9.9991E-05 0.027736
0.490985 0.039456 0.088586 0.380973
0.480352 0.0693736 0.240082 0.210192
0.511932 0.0929195 0.105467 0.289681
0.528294 9.9991E-05 0.196856 0.274749
0.479031 0.111943 0.160488 0.248537
0.427284 9.9991E-05 0.131064 0.441553
0.370825 0.0675504 0.220201 0.341424
0.47945 0.0758381 0.439575 0.00513663
0.74606 0.195359 0.0584811 9.9991E-05
0.722857 0.242254 9.9991E-05 0.0347898
0.311144 0.102269 0.186547 0.40004
0.45558 0.0857754 0.143107 0.315537
0.432936 0.135343 0.111553 0.320167
0.50899 0.0543582 0.0400405 0.396611
0.361222 0.128466 0.0114018 0.49891
0.142468 0.12545 0.164654 0.567427
0.190265 0.460608 0.125401 0.223726
0.374674 0.0704576 0.16113 0.393739
0.222345 0.195216 0.197465 0.384974
0.293259 0.603787 9.9991E-05 0.102854
0.347231 0.283721 9.9991E-05 0.368948
0.226389 0.33568 0.0729934 0.364937
0.115977 0.265528 0.23981 0.378685
0.184397 0.0862891 0.202444 0.52687
0.422166 0.177612 9.9991E-05 0.400122
0.289537 0.143962 0.0476808 0.51882
0.365672 0.216947 0.0503113 0.36707
0.164415 0.450429 0.0298756 0.35528
