0.00529331 0.0659914 9.9991E-05 0.928615
0.051898 9.9982E-05 9.9982E-05 0.947902
9.9991E-05 0.134807 0.0280982 0.836994
0.00981681 0.0660458 0.0769844 0.847153
9.999E-05 0.0510791 0.0922914 0.856529
0.181134 0.104369 0.0509451 0.663552
0.0948984 9.9991E-05 0.043936 0.861066
0.133164 0.0364847 0.024535 0.805816
0.16384 9.9982E-05 9.9982E-05 0.83596
0.0741699 0.121234 0.0658274 0.738769
0.158315 0.0369418 9.9991E-05 0.804643
0.537858 0.339791 0.0744428 0.0479079
0.255251 0.551703 0.12372 0.0693259
0.460552 0.378016 0.0753043 0.0861274
0.356851 0.381906 0.161159 0.100084
0.26241 0.466764 0.123942 0.146884
0.170084 0.577468 0.145924 0.106524
0.323698 0.524908 0.146892 0.00450153
0.284471 0.46685 0.0227497 0.22593
0.771993 0.0162973 0.0694785 0.142231
0.341231 0.518423 0.0522581 0.0880886
0.369915 0.497582 0.085825 0.0466774
0.186381 0.700852 0.014323 0.098444
0.482875 0.35258 0.099206 0.0653384
0.102021 0.659631 0.0953106 0.143037
0.184879 0.643769 0.0893364 0.0820157
0.529784 0.286615 0.0505161 0.133084
0.435256 0.269714 0.170479 0.124551
0.572782 0.376069 9.9991E-05 0.0510491
9.9991E-05 0.0370598 0.10721 0.855631
9.9991E-05 0.104429 0.053778 0.841693
9.9991E-05 0.196262 0.0123546 0.791283
9.9991E-05 0.163539 0.0717881 0.764573
0.264974 0.667029 0.0536476 0.0143492
0.194385 0.651121 0.0322729 0.122221
0.19519 0.798884 9.9991E-05 0.00582604
0.565382 0.244193 9.9991E-05 0.190325
0.433143 0.525349 0.0414079 9.9991E-05
0.20989 0.664528 0.0288981 0.0966842
0.0801726 0.775152 0.144575 9.9991E-05
0.176453 0.717615 9.9991E-05 0.105832
0.155466 0.668264 9.9991E-05 0.176169
0.609488 0.338285 9.9991E-05 0.0521268
0.142225 0.685492 0.099399 0.0728838
0.17582 0.625858 0.105752 0.0925699
0.113861 0.610357 0.0745029 0.201279
0.442031 0.557769 9.9982E-05 9.9982E-05
0.113592 0.764557 0.0641042 0.057747
0.225971 0.594823 0.0989891 0.0802168
0.854006 0.0538353 9.9991E-05 0.0920587
0.635036 0.317007 9.9991E-05 0.0478567
0.715323 0.12065 0.109954 0.0540732
0.207123 0.647741 0.0814085 0.0637279
0.14769 0.668752 0.0430759 0.140482
0.13703 0.69202 0.0700124 0.100938
0.556324 0.293893 9.9991E-05 0.149684
0.286401 0.574994 0.111515 0.0270896
0.186006 0.584467 0.173936 0.0555915
0.32074 0.490545 9.9991E-05 0.188615
0.539659 0.107734 0.0746695 0.277938
0.155087 0.720282 0.00897625 0.115654
0.283129 0.54389 0.0781166 0.0948645
0.673717 0.171535 9.9991E-05 0.154648
0.267372 0.660577 0.00862026 0.0634309
0.230344 0.598038 0.132538 0.0390794
0.162781 0.719497 0.0106844 0.107037
0.409877 0.432691 0.0262191 0.131213
0.264883 0.596279 0.0706901 0.068148
0.227505 0.564103 0.129641 0.0787505
0.554578 0.355984 9.9991E-05 0.0893383
0.219297 0.780503 9.9982E-05 9.9982E-05
0.513499 0.486301 9.9982E-05 9.9982E-05
0.173774 0.648787 0.0946447 0.0827941
0.774209 0.225591 9.9982E-05 9.9982E-05
0.799107 0.200693 9.9982E-05 9.9982E-05
0.473981 0.525819 9.9982E-05 9.9982E-05
0.314985 0.684815 9.9982E-05 9.9982E-05
0.136614 0.66575 0.00870602 0.18893
0.271396 0.668781 0.0274234 0.0323989
0.561555 0.426478 9.9991E-05 0.0118665
0.53151 0.423771 9.9991E-05 0.0446196
0.172892 0.680055 0.00845057 0.138602
0.438263 0.550102 9.9991E-05 0.0115348
0.350324 0.61696 9.9991E-05 0.0326158
0.393542 0.606258 9.9982E-05 9.9982E-05
0.819492 0.135832 0.0445757 9.9991E-05
0.167279 0.734089 0.0658006 0.0328311
9.9991E-05 0.14964 0.0142483 0.836012
9.9982E-05 0.065359 9.9982E-05 0.934441
9.9991E-05 0.0785011 0.0365391 0.88486
9.9991E-05 0.0143314 0.0695581 0.916011
9.9991E-05 0.0703647 0.0554189 0.874116
9.9997E-05 0.0353238 0.0509135 0.913663
9.9991E-05 0.0276955 0.032217 0.939988
0.239672 0.586595 0.0336519 0.140081
0.186092 0.680777 0.0691763 0.063955
0.703618 0.296182 9.9982E-05 9.9982E-05
0.142824 0.635168 0.0682158 0.153792
0.271346 0.63099 0.0499942 0.0476696
0.207175 0.688343 0.0302312 0.0742503
0.191094 0.756481 0.00395557 0.0484693
0.28396 0.644954 0.0709856 9.9991E-05
0.723803 0.220256 9.9991E-05 0.0558418
0.181564 0.578324 0.0751185 0.164993
0.113858 0.755478 0.0154892 0.115175
0.190422 0.626576 0.0645836 0.118419
0.43064 0.500562 0.0274821 0.0413161
0.238717 0.695209 0.0514729 0.0146017
0.305922 0.67563 9.9991E-05 0.0183486
0.399007 0.526208 0.074685 9.9991E-05
0.263982 0.638852 9.9991E-05 0.0970657
0.129291 0.684287 0.0380999 0.148322
0.555396 0.219673 0.155123 0.0698073
0.232608 0.510932 0.0787371 0.177723
0.182638 0.634539 0.0388256 0.143998
0.136937 0.664291 0.0493356 0.149437
0.272712 0.585508 9.9991E-05 0.14168
0.244662 0.651207 0.0743223 0.0298088
0.305385 0.589562 9.9991E-05 0.104954
0.258708 0.609567 9.9991E-05 0.131625
0.20567 0.529364 0.148162 0.116805
0.191328 0.704013 9.9991E-05 0.104559
0.260201 0.620574 9.9991E-05 0.119125
0.276645 0.573117 0.150138 9.9991E-05
0.159375 0.636867 0.0935687 0.110189
0.291432 0.676063 0.0324057 9.9991E-05
0.252822 0.495074 0.233152 0.018952
0.275599 0.580793 0.124991 0.018617
0.347389 0.485599 9.9991E-05 0.166912
0.182805 0.688191 0.0598431 0.0691608
0.224192 0.678878 0.0762054 0.0207247
0.558003 0.339591 0.0888462 0.0135595
0.587684 0.233413 0.107655 0.0712478
0.255647 0.643477 0.0077165 0.0931591
0.756347 0.134508 0.109044 9.9991E-05
0.486564 0.432206 9.9991E-05 0.0811298
0.387424 0.592117 9.9991E-05 0.020359
0.460679 0.456475 9.9991E-05 0.0827454
0.503504 0.402553 9.9991E-05 0.0938426
0.107358 0.775907 0.0301205 0.0866139
0.191963 0.625905 0.0444868 0.137645
0.217063 0.581138 0.0431417 0.158657
0.642399 0.245088 0.0973884 0.0151244
0.146693 0.503306 0.0816795 0.268322
0.315874 0.594329 0.0307778 0.0590194
0.705676 0.0249502 0.0788984 0.190475
0.099525 0.69263 0.0626873 0.145158
0.408509 0.426188 0.0939883 0.0713144
0.316991 0.464604 0.157016 0.0613884
0.527668 0.274446 0.053729 0.144157
0.558086 0.303962 9.9991E-05 0.137851
0.373512 0.498433 0.0481161 0.0799381
0.161349 0.645782 0.0490892 0.143779
0.18306 0.553797 0.0312935 0.23185
0.660656 0.0533623 0.226403 0.0595791
0.179236 0.634936 0.0358716 0.149957
0.495158 0.504642 9.9982E-05 9.9982E-05
0.367666 0.577129 0.0551046 9.9991E-05
0.180028 0.503107 0.142193 0.174672
0.15458 0.245109 0.246896 0.353415
0.166358 9.9991E-05 0.25024 0.583302
0.310451 9.9991E-05 0.256066 0.433383
0.123377 0.0517031 0.41006 0.41486
0.202398 0.738584 0.049539 0.00947888
0.206583 0.57831 0.111683 0.103424
9.9982E-05 0.346473 0.653327 9.9982E-05
0.0175394 0.48607 0.398805 0.0975857
0.121764 0.376639 0.405932 0.0956645
0.560441 0.351356 0.0881034 9.9991E-05
0.322862 0.502938 0.116879 0.0573199
0.657869 0.258868 0.083163 9.9991E-05
0.301565 0.666263 9.9991E-05 0.0320724
0.308302 0.534876 0.118533 0.0382883
0.254024 0.543865 0.152239 0.0498713
0.645957 0.23602 0.083697 0.0343257
0.12067 0.659344 0.130539 0.0894465
0.207886 0.573635 0.135194 0.0832845
9.9982E-05 0.0389066 0.960893 9.9982E-05
9.9982E-05 0.096911 0.902889 9.9982E-05
0.138487 0.304701 0.547054 0.00975836
9.9991E-05 0.332869 0.653253 0.0137778
9.9982E-05 0.169858 0.829942 9.9982E-05
9.998E-05 9.998E-05 0.9997 9.998E-05
0.0244347 9.9982E-05 0.975365 9.9982E-05
9.9982E-05 0.203118 0.796682 9.9982E-05
9.9982E-05 0.0697253 0.930075 9.9982E-05
9.998E-05 9.998E-05 0.9997 9.998E-05
9.998E-05 9.998E-05 0.9997 9.998E-05
9.9991E-05 0.196938 0.775986 0.0269756
0.0191468 0.163835 0.792444 0.0245745
9.9991E-05 0.0008209 0.996686 0.00239303
0.111574 0.369441 0.476072 0.0429143
0.0506011 0.278522 0.602899 0.0679775
9.9991E-05 0.181519 0.745697 0.0726846
9.9991E-05 0.0830746 0.904905 0.0119202
9.9982E-05 0.045972 0.953828 9.9982E-05
9.9991E-05 0.0257843 0.898125 0.0759904
9.998E-05 9.998E-05 0.9997 9.998E-05
9.9991E-05 0.349145 0.582506 0.0682488
0.00254558 0.0549861 0.923148 0.0193205
0.464672 9.9991E-05 0.150702 0.384526
0.223372 0.4069 0.112936 0.256792
0.27799 0.416398 0.121006 0.184606
0.433916 0.113967 0.219952 0.232165
0.179606 0.490381 0.150386 0.179627
0.357259 0.164902 0.202956 0.274883
0.214464 0.473589 0.0794504 0.232496
0.288639 0.331791 0.237247 0.142322
0.189139 0.460334 0.185405 0.165122
0.185567 0.385801 0.248006 0.180626
0.173638 0.487401 0.0954096 0.243551
0.107292 0.0174822 9.9991E-05 0.875126
0.0134477 9.9991E-05 0.0432921 0.94316
9.9982E-05 0.00682657 9.9982E-05 0.992973
9.9982E-05 0.00959678 9.9982E-05 0.990203
9.9991E-05 0.0481671 0.0277007 0.924032
9.9982E-05 9.9982E-05 0.105798 0.894002
9.9982E-05 9.9982E-05 0.101754 0.898046
0.0208811 0.013164 0.0376812 0.928274
9.9982E-05 0.0342816 9.9982E-05 0.965518
9.9982E-05 9.9982E-05 0.134063 0.865737
0.334076 9.9991E-05 0.0114123 0.654412
0.308801 9.9982E-05 9.9982E-05 0.690999
0.378113 9.9982E-05 9.9982E-05 0.621687
0.419156 9.9982E-05 9.9982E-05 0.580644
0.170022 0.680574 9.9991E-05 0.149304
0.260278 0.674073 0.00884499 0.0568033
0.261223 0.64175 0.0467054 0.0503209
0.389561 0.528149 9.9991E-05 0.0821892
0.611682 0.309685 9.9991E-05 0.0785333
0.173091 0.743177 0.0333696 0.0503627
0.210051 0.7602 0.0296493 9.9991E-05
0.340903 0.634385 0.0190042 0.00570781
0.44815 0.516236 0.035514 9.9991E-05
0.195744 0.67693 0.124593 0.0027335
0.429238 0.534388 9.9991E-05 0.0362738
0.881142 0.118658 9.9982E-05 9.9982E-05
0.206692 0.64414 0.016697 0.132471
0.524858 0.472972 0.00206988 9.9991E-05
0.308618 0.644914 0.046368 9.9991E-05
0.60383 0.338393 9.9991E-05 0.0576772
0.680783 0.0563974 9.9991E-05 0.262719
0.634334 0.136007 9.9991E-05 0.229559
0.777524 0.0269438 9.9991E-05 0.195432
0.685469 0.0287568 9.9991E-05 0.285675
0.701629 0.133061 9.9991E-05 0.165209
0.563951 0.176321 9.9991E-05 0.259629
9.9991E-05 0.085594 0.0457433 0.868563
0.0514007 0.0186131 0.0740254 0.855961
9.9991E-05 0.090796 0.145351 0.763753
0.0349198 0.0251773 0.168903 0.771
9.9991E-05 0.0681156 0.107092 0.824692
0.528195 9.9982E-05 9.9982E-05 0.471605
0.444721 9.9982E-05 9.9982E-05 0.555079
0.444613 9.9982E-05 9.9982E-05 0.555187
9.9991E-05 0.0997976 0.0377536 0.862349
0.50258 9.9982E-05 9.9982E-05 0.49722
0.0903946 0.234446 0.421193 0.253966
9.9991E-05 0.632938 0.180662 0.1863
9.9991E-05 0.587181 0.262054 0.150665
0.109179 0.37187 0.257441 0.26151
0.124599 0.578968 0.0978046 0.198628
0.136147 9.9991E-05 0.372048 0.491705
0.415929 0.51741 9.9991E-05 0.0665611
0.475646 0.427349 0.0378415 0.0591632
0.444797 0.346293 9.9991E-05 0.20881
0.432627 0.464422 0.102852 9.9991E-05
0.987258 9.9982E-05 0.0125423 9.9982E-05
0.172554 0.671583 0.0388269 0.117036
0.312865 0.585092 0.0433432 0.0587001
0.448233 0.472642 9.9991E-05 0.079025
0.187891 0.704867 9.9991E-05 0.107142
0.733549 0.244377 0.0109454 0.0111284
0.33415 0.538571 0.122408 0.00487054
0.259248 0.634471 9.9991E-05 0.106181
0.278587 0.357157 0.194629 0.169627
0.494195 0.474033 0.0316722 9.9991E-05
0.294017 0.606673 9.9991E-05 0.0992099
0.364687 0.509779 0.125433 9.9991E-05
0.29408 0.619398 0.0271124 0.0594095
0.198926 0.676986 0.123871 0.000216506
0.246645 0.569129 0.104635 0.0795914
0.249543 0.513399 0.164677 0.0723817
9.9991E-05 0.0769265 0.13635 0.786623
9.9991E-05 0.0745553 0.075936 0.849409
0.097676 0.0485914 0.0473609 0.806372
0.0520072 0.0732405 0.022781 0.851971
9.9991E-05 0.140827 0.0223855 0.836688
0.584483 0.246084 0.0594571 0.109976
0.276064 0.635338 0.044696 0.0439015
0.091194 0.515005 0.161561 0.23224
0.154969 0.678228 0.136898 0.0299058
0.261402 0.634081 9.9991E-05 0.104418
0.555426 0.281884 0.13592 0.0267699
0.688112 0.0541046 9.9991E-05 0.257683
0.278192 0.566495 0.0729979 0.0823151
0.590206 0.209495 0.0736261 0.126673
0.405044 0.405132 0.174876 0.0149472
0.563579 0.19039 0.00107449 0.244956
0.130391 0.695379 0.045946 0.128285
0.517491 0.294097 9.9991E-05 0.188312
0.45566 0.389271 0.133376 0.0216921
0.316179 0.492022 0.0993575 0.092441
0.585131 0.266218 0.101692 0.0469582
0.252688 0.634418 0.0013175 0.111577
0.191777 0.593989 0.0911853 0.123049
0.541654 0.413752 0.038642 0.00595229
0.270804 0.517325 0.120059 0.0918129
0.19601 0.708081 9.9991E-05 0.0958093
0.789279 0.203775 0.00684645 9.9991E-05
0.602511 0.334663 0.029851 0.0329752
0.3697 0.501176 0.0653536 0.0637698
0.697058 0.244248 0.0213965 0.037298
0.374862 0.578774 9.9991E-05 0.046264
0.638437 0.214026 0.0226554 0.124882
0.609942 0.341393 0.0485648 9.9991E-05
0.383687 0.434892 0.0956229 0.0857982
0.143298 0.625373 0.14241 0.0889182
0.603995 0.351902 9.9991E-05 0.0440028
0.239965 0.553144 0.123256 0.0836358
0.152229 0.63984 0.0826836 0.125247
0.332237 0.475633 0.148454 0.0436757
0.257712 0.588124 0.154064 9.9991E-05
0.350778 0.513733 0.0416104 0.0938785
0.526443 0.325101 0.105939 0.0425176
0.435422 0.441822 0.0507369 0.0720189
0.280819 0.678281 0.0408007 9.9991E-05
0.227363 0.659931 0.105983 0.00672369
0.326669 0.5768 0.0299351 0.0665961
0.324807 0.508489 0.166603 9.9991E-05
0.343913 0.431676 0.0600632 0.164347
0.193689 0.747842 0.000145944 0.0583234
0.194473 0.636493 0.0628192 0.106215
0.134375 0.564136 0.185451 0.116039
0.0265147 0.452326 0.177016 0.344143
0.117048 0.379873 0.334449 0.168629
0.083646 0.525876 0.162686 0.227792
0.0782684 0.613865 0.177104 0.130762
0.0682838 0.460491 0.250087 0.221138
0.368851 0.518747 0.112302 9.9991E-05
0.00840417 0.694972 0.0886392 0.207984
0.470134 9.9991E-05 0.258663 0.271103
0.102694 0.55042 0.182796 0.16409
9.9991E-05 0.624698 0.113184 0.262019
0.215395 0.420717 0.333282 0.0306051
0.246519 0.419811 0.122562 0.211109
0.0106338 0.595938 0.140857 0.252571
0.0597397 0.617902 0.176618 0.145741
0.237382 9.9991E-05 0.258764 0.503754
0.0611775 0.517762 0.329019 0.0920413
0.0722606 0.501784 0.277297 0.148658
0.0505933 0.701474 0.134378 0.113554
9.9991E-05 0.570511 0.238198 0.191191
0.043519 0.564213 0.1627 0.229568
0.345277 0.493439 0.161184 9.9991E-05
0.198439 0.61848 0.114655 0.0684264
0.824263 0.142727 0.0329099 9.9991E-05
0.873277 0.0649926 0.0616308 9.9991E-05
0.257396 0.559979 0.11042 0.0722062
0.111572 0.422892 0.357742 0.107794
0.148547 0.375893 0.439713 0.0358471
0.249954 0.158553 0.385494 0.205999
0.0951393 0.37251 0.339382 0.192969
0.641201 0.0164027 0.295504 0.0468921
0.567348 0.0894644 0.270565 0.0726225
0.229674 0.553886 0.21634 9.9991E-05
0.237134 0.489491 0.163321 0.110054
0.526026 0.185052 0.229754 0.0591668
0.138837 0.580249 0.182475 0.0984396
0.2665 0.61064 0.12276 9.9991E-05
0.258468 0.433561 0.224717 0.0832542
0.530585 0.469215 9.9982E-05 9.9982E-05
0.494361 0.429624 0.0759153 9.9991E-05
0.361747 0.524708 0.113445 9.9991E-05
0.415468 0.392526 0.121954 0.0700518
0.277225 0.477389 0.191041 0.0543451
0.365487 0.607717 0.0266953 9.9991E-05
0.639331 0.307523 0.0530465 9.9991E-05
0.219197 0.662166 0.0654756 0.0531614
0.64314 0.25188 0.10488 9.9991E-05
0.326107 0.550234 0.073798 0.049861
0.169365 0.68975 0.0296361 0.111248
0.356524 0.615435 0.0279413 9.9991E-05
0.177225 0.426935 0.216695 0.179145
0.245156 0.354606 0.21916 0.181078
0.150019 0.378953 0.330601 0.140427
0.265691 0.275126 0.313332 0.145851
0.0756933 0.52788 0.234546 0.16188
0.173821 0.448533 0.239803 0.137843
0.55695 9.9991E-05 0.261724 0.181226
0.0297926 0.657629 0.18257 0.130008
0.360364 9.9991E-05 0.224772 0.414764
0.104964 0.653433 0.161363 0.08024
0.726398 0.253229 0.020273 9.9991E-05
0.918715 0.0387613 0.0424241 9.9991E-05
0.383809 0.589937 0.0261539 9.9991E-05
0.1921 0.734744 0.0726958 0.000460796
0.449827 0.549973 9.9982E-05 9.9982E-05
0.309591 0.594902 0.0954065 9.9991E-05
0.245339 0.754461 9.9982E-05 9.9982E-05
0.0349599 0.115767 0.0514193 0.797854
0.116169 0.00780433 0.120719 0.755307
9.9982E-05 9.9982E-05 0.0662044 0.933596
9.9991E-05 0.0317303 0.0231786 0.944991
0.249947 0.675959 0.00137248 0.0727211
0.198483 0.702218 0.0189262 0.0803727
0.273182 0.68774 9.9991E-05 0.0389778
0.175752 0.668909 0.0455477 0.109791
0.233606 0.636434 0.0182531 0.111707
0.484937 0.471773 9.9991E-05 0.0431893
0.196234 0.803567 9.9982E-05 9.9982E-05
0.482912 0.515766 9.9991E-05 0.00122244
0.0872334 0.506175 0.166402 0.240189
0.390579 0.52024 0.0890812 9.9991E-05
0.395147 0.604653 9.9982E-05 9.9982E-05
0.258851 0.734987 9.9991E-05 0.0060625
0.331974 0.667826 9.9982E-05 9.9982E-05
0.242018 0.74459 0.0132927 9.9991E-05
0.188375 0.767796 9.9991E-05 0.043729
0.649166 0.350634 9.9982E-05 9.9982E-05
0.45705 0.51625 9.9991E-05 0.0266
0.424233 0.575567 9.9982E-05 9.9982E-05
0.833539 0.166261 9.9982E-05 9.9982E-05
0.370065 0.613795 9.9991E-05 0.0160397
0.704813 0.259374 0.0357129 9.9991E-05
0.851083 0.148717 9.9982E-05 9.9982E-05
0.198757 0.642824 0.0587869 0.0996322
0.500252 0.463808 9.9991E-05 0.0358397
0.316973 0.605947 0.0652496 0.0118308
0.0778326 0.685945 0.165074 0.0711489
0.254761 0.704545 9.9991E-05 0.040595
0.507239 0.358573 0.134087 9.9991E-05
0.248034 0.69429 0.0115015 0.0461739
0.286105 0.623145 0.0547392 0.0360111
0.446185 0.553615 9.9982E-05 9.9982E-05
0.222217 0.61468 0.0629237 0.100179
0.254228 0.037045 9.9991E-05 0.708627
0.138105 0.0728716 9.9991E-05 0.788923
0.148765 9.9982E-05 9.9982E-05 0.851035
0.162945 9.9982E-05 9.9982E-05 0.836855
0.15061 0.0301886 9.9991E-05 0.819101
0.551105 0.419186 9.9991E-05 0.0296087
0.630196 0.31389 9.9991E-05 0.0558145
0.548725 0.451075 9.9982E-05 9.9982E-05
0.0817348 0.693034 0.0239101 0.201322
0.0470367 0.782907 0.00452113 0.165535
0.41155 0.56444 9.9991E-05 0.0239099
0.163363 0.773689 0.0294683 0.0334797
0.35695 0.553687 0.0214657 0.0678972
0.266638 0.72079 0.0124724 9.9991E-05
0.135443 0.797408 9.9991E-05 0.0670486
0.521316 0.478484 9.9982E-05 9.9982E-05
0.395246 0.602836 9.9991E-05 0.00181808
0.468824 0.530976 9.9982E-05 9.9982E-05
0.186099 0.703882 9.9991E-05 0.109919
0.329362 0.670438 9.9982E-05 9.9982E-05
0.30534 0.618294 9.9991E-05 0.0762656
0.0117755 0.450334 0.50017 0.0377209
0.0685361 0.395284 0.39583 0.140349
9.9991E-05 0.423724 0.481159 0.0950173
9.9991E-05 0.271579 0.529295 0.199026
0.0525076 0.509053 0.313374 0.125066
0.340204 0.540276 0.108046 0.011474
9.9991E-05 0.0396628 0.703469 0.256768
9.9991E-05 0.290863 0.52573 0.183307
0.130807 0.498688 0.221541 0.148965
0.147473 0.626827 0.0366497 0.189051
0.352832 0.378034 0.134879 0.134255
0.106328 0.600005 0.116054 0.177613
0.0817508 0.751566 9.9991E-05 0.166583
9.9991E-05 0.353028 0.463517 0.183355
9.9991E-05 0.427921 0.433273 0.138707
9.9991E-05 0.35028 0.593406 0.0562147
9.9991E-05 0.56097 0.312172 0.126758
0.0739344 0.270468 0.568739 0.0868585
0.0798836 0.427546 0.372366 0.120205
0.00726176 0.288253 0.53085 0.173635
9.9991E-05 0.507193 0.372465 0.120242
0.301425 0.539067 0.102291 0.0572168
0.0715475 0.417593 0.290423 0.220436
9.9991E-05 0.185307 0.634047 0.180546
0.0100659 0.455916 0.379323 0.154695
0.518866 0.238812 0.030277 0.212045
0.276703 0.548779 0.174419 9.9991E-05
0.0385883 0.436204 0.314231 0.210977
0.167295 0.719397 0.000891078 0.112416
0.221341 0.558262 0.0662166 0.15418
0.183322 0.383533 0.278037 0.155109
0.116661 0.266553 0.380658 0.236127
0.0788252 0.675668 0.0848879 0.160619
0.0213833 0.471323 0.399851 0.107443
0.00747063 0.442861 0.421221 0.128447
9.9991E-05 0.144504 0.624504 0.230892
0.212082 0.574928 0.142422 0.0705685
0.303681 0.561353 9.9991E-05 0.134866
0.600285 0.115753 0.174943 0.109019
0.0787629 0.628828 0.0905973 0.201812
0.355398 0.438061 0.0716413 0.1349
0.136972 0.476385 0.175001 0.211642
0.136269 0.559781 0.117577 0.186372
0.361721 9.9991E-05 0.282286 0.355893
0.41892 9.9991E-05 0.214645 0.366335
0.358771 0.243337 0.241154 0.156738
0.35441 9.9991E-05 0.285298 0.360192
0.220537 9.9991E-05 0.292509 0.486855
0.347785 0.275188 0.216816 0.160211
0.197578 0.326094 0.271164 0.205165
0.302596 0.146695 0.259792 0.290917
0.360929 0.0516576 0.257809 0.329605
0.131044 0.532959 0.178578 0.157419
0.433882 0.0508829 0.297226 0.218009
0.337342 9.9991E-05 0.157253 0.505305
0.0745411 0.594206 0.171719 0.159534
0.149401 0.309768 0.312552 0.228278
0.00880622 0.49044 0.147264 0.353489
9.9991E-05 0.558061 0.214794 0.227046
0.015602 0.588193 0.201227 0.194978
0.0618385 0.470407 0.29384 0.173915
0.0223484 0.37468 0.206842 0.39613
0.065443 0.531256 0.215008 0.188293
9.9991E-05 0.525278 0.217945 0.256677
0.149925 0.311246 0.274727 0.264102
0.208492 0.428793 0.178265 0.18445
0.106021 0.520894 0.180198 0.192887
0.0871512 0.567341 0.197161 0.148347
9.9991E-05 0.732836 0.09112 0.175944
0.032648 0.352525 0.384206 0.230621
0.0885582 0.497906 0.210192 0.203344
0.149263 0.175902 0.266087 0.408749
0.138482 0.448021 0.305514 0.107983
0.114609 0.247918 0.338176 0.299297
0.156683 9.9982E-05 9.9982E-05 0.843117
0.616127 0.191438 9.9991E-05 0.192335
0.747683 0.0402026 9.9991E-05 0.212014
0.713489 0.0657745 9.9991E-05 0.220637
0.748828 0.0920291 9.9991E-05 0.159042
0.661795 0.133716 0.000859701 0.203629
0.678384 0.167579 9.9991E-05 0.153937
0.786168 9.9982E-05 9.9982E-05 0.213632
0.527061 0.0739991 9.9991E-05 0.39884
9.9991E-05 0.0370505 0.0232223 0.939627
0.05727 0.0592946 9.9991E-05 0.883335
9.9991E-05 0.0604238 0.0372105 0.902266
0.0968212 0.0378468 9.9991E-05 0.865232
9.9991E-05 0.0228027 0.0613267 0.915771
0.0652679 9.9991E-05 0.0446342 0.889998
0.0461351 0.0747911 0.115477 0.763597
9.9991E-05 0.065158 0.0331732 0.901569
0.0881292 0.126546 9.9991E-05 0.785225
9.9982E-05 9.9982E-05 0.0802975 0.919502
0.0165198 9.9982E-05 9.9982E-05 0.98328
0.0651487 0.021092 0.0769593 0.8368
9.9982E-05 9.9982E-05 0.0444335 0.955367
9.9991E-05 0.0019166 0.0790106 0.918973
9.9991E-05 0.107832 0.00425953 0.887809
9.9991E-05 0.064075 0.0873033 0.848522
9.9991E-05 0.0913553 0.125346 0.783199
9.9991E-05 0.109226 0.104859 0.785815
9.9991E-05 0.109451 0.0902423 0.800206
0.30487 0.470861 0.0457019 0.178567
0.0970894 0.821512 9.9991E-05 0.0812981
0.0499364 0.725979 9.9991E-05 0.223984
0.676318 0.127386 0.116663 0.0796323
0.238107 0.595487 0.0532537 0.113152
0.613383 0.0967506 0.147518 0.142349
0.125931 0.781622 0.00839518 0.0840516
0.292627 0.550603 9.9991E-05 0.15667
0.246051 0.588991 0.0225661 0.142392
0.266548 0.67753 0.0209491 0.0349725
0.368796 0.512092 0.0220713 0.0970413
0.124603 0.737739 9.9991E-05 0.137558
0.20573 0.658182 9.9991E-05 0.135988
0.756538 0.126808 0.103825 0.0128296
0.865071 0.0136924 0.037868 0.0833681
0.664072 0.110178 0.159131 0.0666187
0.124537 0.695944 0.0416966 0.137822
0.232161 0.597862 0.0305146 0.139463
0.252171 0.567389 0.0101592 0.170282
0.142287 0.661089 0.124864 0.0717599
0.0352497 0.591397 0.202239 0.171114
9.9991E-05 0.64241 0.159117 0.198373
0.216363 0.183094 0.178023 0.42252
0.0662325 0.722788 0.0408151 0.170165
0.159731 0.473664 0.108805 0.2578
0.33152 9.9991E-05 0.234414 0.433965
0.104123 0.348503 0.247566 0.299807
0.0707897 0.359593 0.187245 0.382372
0.0267189 0.540211 0.0376629 0.395407
0.164089 0.527133 0.205388 0.10339
0.0216421 0.527751 0.171429 0.279178
0.0161852 0.654641 0.162803 0.166371
0.167809 0.450615 0.20255 0.179026
9.9991E-05 0.32307 0.173051 0.503779
