9.9982E-05 0.0689395 9.9982E-05 0.890887 0.0399739
9.9982E-05 0.0270548 0.0213678 0.951377 9.9982E-05
0.103078 0.0163676 9.9991E-05 0.835658 0.0447965
0.00295928 0.142405 9.9991E-05 0.773076 0.0814597
0.0183095 0.0285869 9.9991E-05 0.845962 0.107041
0.0715103 0.0427237 0.186826 0.653136 0.0458037
9.9982E-05 0.0758107 0.0469618 0.877027 9.9982E-05
0.00424642 0.0945261 0.111215 0.75458 0.0354325
9.9982E-05 0.0802168 0.08609 0.833493 9.9982E-05
0.0308068 0.0753971 0.0332655 0.708854 0.151677
0.0484292 0.143994 0.0418267 0.761687 0.00406324
0.359626 0.48079 0.0965708 9.9991E-05 0.0629138
0.592146 0.311452 9.9982E-05 9.9982E-05 0.0962015
0.3134 0.466595 0.102288 0.0851908 0.0325261
0.368952 0.384965 0.0193753 0.0492014 0.177506
0.366372 0.216982 0.0582567 0.186637 0.171751
0.600846 0.106224 9.9991E-05 0.13883 0.154
0.538766 0.191348 0.184933 0.00592138 0.0790304
0.393008 0.337476 0.0791251 0.108655 0.0817358
0.0182813 0.719313 0.149412 0.0205166 0.0924771
0.427838 0.294097 0.185545 9.9991E-05 0.0924202
0.50475 0.124076 0.218436 0.0666958 0.0860418
0.687115 0.191936 0.0532126 0.0676365 9.9991E-05
0.383391 0.383657 0.139278 0.0148894 0.0787837
0.638127 0.139611 0.0240529 0.0660015 0.132208
0.621443 0.268701 9.9991E-05 0.0490332 0.060723
0.239261 0.479794 0.189819 9.9991E-05 0.0910258
0.198699 0.485839 0.043021 0.0436088 0.228833
0.375442 0.376211 0.187189 0.0492791 0.0118791
0.0709008 9.9982E-05 9.9982E-05 0.849835 0.079064
0.165248 9.9982E-05 9.9982E-05 0.832448 0.00210451
0.116907 9.9982E-05 9.9982E-05 0.829777 0.0531164
0.140476 9.9982E-05 9.9982E-05 0.776289 0.0830347
0.668391 0.0873287 0.168122 0.0524266 0.0237321
0.676318 0.177127 0.0928949 0.0535606 9.9991E-05
0.736235 0.00222454 0.237234 0.0155822 0.0087241
0.237988 0.617294 0.0635978 0.0810205 9.9991E-05
0.522042 0.0176665 0.434703 0.0254887 9.9991E-05
0.631639 0.158068 0.107408 0.102785 9.9991E-05
0.636763 0.0536352 0.124765 0.0386618 0.146175
0.689639 0.0339574 0.157047 0.119257 9.9991E-05
0.645856 0.152791 0.0734969 0.120222 0.00763413
0.329352 0.206594 0.444557 0.0193969 9.9991E-05
0.533268 0.0450731 0.207607 0.0672773 0.146775
0.610885 0.0235153 0.167141 0.0748833 0.123575
0.595955 0.101442 0.134013 0.0529214 0.115669
0.496672 0.0485065 0.454621 9.9982E-05 9.9982E-05
0.712645 0.10226 0.119556 0.00287867 0.0626604
0.582825 0.0511575 0.142485 0.0890903 0.134442
0.0202901 0.0325357 0.843225 0.103849 9.9991E-05
0.202257 0.494361 0.285698 9.9991E-05 0.0175841
0.148724 0.153104 0.605031 0.0472085 0.0459319
0.590353 0.122397 0.0629703 0.0847831 0.139496
0.591109 0.0497833 0.140858 0.134756 0.0834943
0.55662 0.0500604 0.112717 0.0780002 0.202602
0.275495 0.290389 0.314322 0.119694 9.9991E-05
0.650674 0.19787 0.0861787 0.0283138 0.0369635
0.676547 0.144694 9.9991E-05 0.043012 0.135647
0.367854 0.200099 0.252918 0.139627 0.0395023
0.129814 0.304254 0.297617 0.23764 0.0306742
0.56569 0.0904448 0.219163 0.0818824 0.0428199
0.468222 0.285506 0.092502 0.078069 0.0757011
0.113539 0.541686 0.286693 0.0579825 9.9991E-05
0.657453 0.226778 0.0607851 9.9991E-05 0.0548838
0.659616 9.9991E-05 0.191238 0.021026 0.12802
0.586494 0.0834997 0.105133 0.0761395 0.148734
0.327056 0.245747 0.283649 0.0634614 0.0800854
0.548616 0.137386 0.182514 0.0255726 0.105912
0.60441 0.116547 0.111679 0.104164 0.0632008
0.318384 0.366979 0.313396 0.00114084 9.9991E-05
0.688874 0.00631945 0.304607 9.9982E-05 9.9982E-05
0.4353 0.192654 0.371847 9.9982E-05 9.9982E-05
0.549755 0.148205 0.196775 0.0784078 0.0268569
0.202953 9.9973E-05 0.796748 9.9973E-05 9.9973E-05
0.20973 0.0251315 0.764938 9.9982E-05 9.9982E-05
0.50426 0.0167503 0.47879 9.9982E-05 9.9982E-05
0.612926 0.109315 0.277559 9.9982E-05 9.9982E-05
0.466763 0.0755598 0.196285 0.131274 0.130118
0.503109 0.0854511 0.325658 9.9991E-05 0.0856818
0.355866 0.275894 0.333627 0.0345128 9.9991E-05
0.386271 0.32397 0.289559 9.9982E-05 9.9982E-05
0.53993 0.220277 0.0290342 0.0719841 0.138775
0.500944 0.0657349 0.414513 0.0187084 9.9991E-05
0.566921 0.0988566 0.303194 0.0309286 9.9991E-05
0.533108 0.00208067 0.464611 9.9982E-05 9.9982E-05
0.182933 0.0640019 0.752865 9.9982E-05 9.9982E-05
0.691771 0.0123936 0.256685 0.0328377 0.00631226
0.121473 0.0342213 9.9991E-05 0.807742 0.0364634
0.118533 9.9973E-05 9.9973E-05 0.881167 9.9973E-05
0.100154 9.9982E-05 9.9982E-05 0.867707 0.0319384
0.0538675 9.9982E-05 9.9982E-05 0.903768 0.0421646
0.134448 9.9973E-05 9.9973E-05 0.865252 9.9973E-05
0.0708648 9.9982E-05 9.9982E-05 0.885739 0.0431959
0.0542605 9.9982E-05 9.9982E-05 0.901121 0.0444181
0.460278 0.0721511 0.202444 0.163819 0.101308
0.543262 0.11016 0.186378 0.119234 0.0409671
0.260813 0.12733 0.582888 0.0288691 9.9991E-05
0.576635 0.0828759 0.108795 0.138736 0.0929584
0.529133 0.138837 0.224255 0.0916003 0.016175
0.750935 0.0418821 0.112935 0.0928816 0.00136585
0.699236 0.0116451 0.25364 0.0353792 9.9991E-05
0.63806 9.9982E-05 0.277713 9.9982E-05 0.0840273
0.18444 0.311455 0.477408 0.026598 9.9991E-05
0.580674 0.185507 0.0400141 0.193706 9.9991E-05
0.742822 0.000398389 0.17516 0.0361534 0.0454657
0.607772 0.135434 0.101472 0.0233358 0.131986
0.481778 9.9982E-05 0.514683 0.00333898 9.9982E-05
0.715695 9.9973E-05 0.284005 9.9973E-05 9.9973E-05
0.61629 0.149618 0.171869 0.0361761 0.0260467
0.534801 0.00404828 0.426257 9.9991E-05 0.0347939
0.671827 0.138591 0.176703 0.0127795 9.9991E-05
0.708445 0.112023 0.0615389 0.116993 0.000999676
0.313179 0.270766 0.336796 0.0498423 0.0294155
0.429715 0.295719 0.078105 0.101172 0.0952897
0.56382 0.102304 0.136441 0.0836546 0.113781
0.639615 0.0958183 0.112339 0.0478187 0.104409
0.545247 0.354477 0.00475414 0.0721909 0.0233308
0.560873 0.293146 9.9982E-05 9.9982E-05 0.145781
0.529648 0.435603 0.00776711 0.0268826 9.9991E-05
0.523718 0.169892 0.11106 0.104651 0.0906787
0.520186 0.170716 0.103424 0.0376853 0.16799
0.705196 0.156045 0.0755231 0.0631366 9.9991E-05
0.644428 0.355272 9.9973E-05 9.9973E-05 9.9973E-05
0.707004 0.114616 0.109218 9.9991E-05 0.0690626
0.576509 0.0813339 0.145843 0.0994613 0.0968526
0.624782 0.240482 0.0509647 9.9991E-05 0.0836721
0.575813 0.196944 0.0752573 0.0247074 0.127278
0.533815 0.257783 0.0718741 9.9991E-05 0.136427
0.395727 0.283998 0.207587 0.0932074 0.0194807
0.649285 0.138703 0.071264 0.0679495 0.0727987
0.669729 0.141779 0.0165519 0.00215237 0.169788
0.225587 0.423555 0.187606 0.0317732 0.131479
0.178824 0.276252 0.456621 0.0434233 0.044881
0.585976 0.154134 0.094057 0.0832217 0.0826114
0.114001 0.328157 0.497431 9.9991E-05 0.0603118
0.347501 0.436968 0.151539 0.0638922 9.9991E-05
0.547271 0.320312 0.128415 0.00390217 9.9991E-05
0.404499 0.418254 0.121121 0.0560259 9.9991E-05
0.392227 0.491359 0.116214 9.9982E-05 9.9982E-05
0.666784 0.0657797 0.118472 0.0151 0.133864
0.583194 0.105296 0.128662 0.0756195 0.107228
0.607891 0.214275 0.0872645 0.0436288 0.046941
0.146036 0.368138 0.358851 9.9991E-05 0.126875
0.623681 0.0462972 0.183142 0.14678 9.9991E-05
0.392241 0.129405 0.292667 0.0620796 0.123607
0.0709662 0.0954821 0.646174 0.187278 9.9991E-05
0.665514 9.9991E-05 0.158368 0.171433 0.00458523
0.436497 0.0890418 0.311263 0.094332 0.0688664
0.497969 0.0754266 0.209988 0.0360301 0.180586
0.301355 0.0893842 0.42312 0.164037 0.0221034
0.24567 0.160311 0.470357 0.123562 9.9991E-05
0.56332 0.0517507 0.281072 0.103757 9.9991E-05
0.660761 0.0484842 0.0761728 0.214482 9.9991E-05
0.445448 0.16619 0.128398 0.141724 0.11824
0.0211478 0.0844107 0.579518 0.121331 0.193593
0.590212 0.0412828 0.190725 0.0932441 0.0845361
0.439851 0.156346 0.403604 9.9982E-05 9.9982E-05
0.598237 0.185019 0.210166 0.00647927 9.9991E-05
0.673756 0.00343387 0.0975001 0.14242 0.0828908
0.156305 0.0339077 0.206463 0.351945 0.251379
9.9982E-05 9.9982E-05 0.23578 0.581501 0.18252
9.9982E-05 9.9982E-05 0.318629 0.49436 0.186812
0.0614997 0.0573009 0.11761 0.394215 0.369373
0.677395 9.9991E-05 0.241888 0.0220342 0.0585823
0.599771 0.0722438 0.189682 0.00425899 0.134044
0.226403 0.00815047 9.9982E-05 9.9982E-05 0.765247
0.353235 0.173375 0.00852627 0.00356826 0.461295
0.260859 0.0853087 0.10287 0.0614141 0.489548
0.411481 9.9991E-05 0.518599 0.041282 0.0285376
0.554286 0.0271998 0.234988 0.119315 0.0642113
0.179657 9.9991E-05 0.735054 0.0238868 0.0613015
0.712292 9.9982E-05 0.250268 0.0372397 9.9982E-05
0.525527 0.0537953 0.332049 0.0368499 0.0517784
0.614758 0.00230705 0.240799 0.0539851 0.0881512
0.191165 0.0252337 0.705496 0.032686 0.0454194
0.63657 0.00583094 0.204539 0.0512888 0.101771
0.614196 0.140437 0.0838866 0.0581181 0.103362
9.9973E-05 9.9973E-05 0.0172022 9.9973E-05 0.982498
0.0639369 0.0248117 9.9982E-05 9.9982E-05 0.911051
0.329286 9.9991E-05 0.0252541 0.0615461 0.583813
0.240597 9.9982E-05 9.9982E-05 0.0111432 0.748059
0.136074 0.00544968 0.00906286 9.9991E-05 0.849313
9.997E-05 9.997E-05 9.997E-05 9.997E-05 0.9996
9.9982E-05 0.0127303 9.9982E-05 0.00952205 0.977548
0.12509 9.9973E-05 9.9973E-05 9.9973E-05 0.87461
9.9973E-05 0.0376738 9.9973E-05 9.9973E-05 0.962026
9.997E-05 9.997E-05 9.997E-05 9.997E-05 0.9996
9.997E-05 9.997E-05 9.997E-05 9.997E-05 0.9996
0.199036 0.0193844 9.9991E-05 0.0778837 0.703596
0.151671 9.9982E-05 9.9982E-05 0.065751 0.782378
9.9973E-05 0.0141024 9.9973E-05 9.9973E-05 0.985598
0.420876 9.9991E-05 0.0512046 0.128214 0.399606
0.233345 0.00808773 9.9991E-05 0.122344 0.636124
0.115719 0.010787 9.9991E-05 0.0662271 0.807167
0.0939767 9.9973E-05 9.9973E-05 9.9973E-05 0.905723
9.997E-05 9.997E-05 9.997E-05 9.997E-05 0.9996
0.0406217 9.9991E-05 0.00346669 0.0503054 0.905506
9.997E-05 9.997E-05 9.997E-05 9.997E-05 0.9996
0.244745 0.0312442 9.9991E-05 0.0620274 0.661883
0.0381118 0.0165023 0.041127 0.0176257 0.886633
9.9982E-05 9.9982E-05 0.52859 0.406932 0.0642781
0.392343 0.180755 0.0651911 0.205451 0.15626
0.381234 0.0214119 0.172028 0.316594 0.108732
0.138386 0.0802091 0.330928 0.270264 0.180213
0.336428 9.9991E-05 0.271635 0.142996 0.248841
0.150746 9.9991E-05 0.365682 0.299221 0.184251
0.44219 0.0626791 0.209993 0.148489 0.136649
0.290862 0.0205647 0.306079 0.157464 0.22503
0.424259 0.0544962 0.155977 0.108382 0.256887
0.321961 9.9991E-05 0.243066 0.179597 0.255275
0.531504 0.0548131 0.0978323 0.195023 0.120828
0.0506814 0.0773515 0.0558441 0.816023 9.9991E-05
9.9982E-05 9.9982E-05 0.0146744 0.921516 0.0636094
0.00838396 0.0480655 9.9982E-05 0.943351 9.9982E-05
9.9973E-05 0.055822 9.9973E-05 0.943878 9.9973E-05
9.9982E-05 0.125176 9.9982E-05 0.865348 0.00927557
9.9973E-05 9.9973E-05 9.9973E-05 0.934409 0.0652906
0.0231575 0.000984967 9.9991E-05 0.903724 0.0720335
9.9982E-05 0.0480194 0.0326829 0.919098 9.9982E-05
0.0415329 9.9991E-05 0.0102904 0.927492 0.0205846
9.9982E-05 0.0155731 9.9982E-05 0.859829 0.124398
9.9982E-05 0.238162 0.132809 0.62883 9.9982E-05
9.9991E-05 0.338063 0.0350821 0.610912 0.0158434
9.9982E-05 0.246397 0.196099 0.557304 9.9982E-05
9.9982E-05 0.337036 0.161099 0.501666 9.9982E-05
0.659886 0.181679 0.0747848 0.0835498 9.9991E-05
0.548405 0.122313 0.225345 9.9991E-05 0.103838
0.606001 0.220221 0.0774292 0.0446966 0.0516523
0.505754 0.249428 0.198818 0.0459003 9.9991E-05
0.195638 0.668868 0.119564 9.9991E-05 0.0158304
0.629705 0.0713982 0.132269 0.0366627 0.129965
0.688138 0.0931922 0.21847 9.9982E-05 9.9982E-05
0.596492 0.138282 0.21446 9.9991E-05 0.0506656
0.580838 9.9973E-05 0.418862 9.9973E-05 9.9973E-05
0.660454 0.0721812 0.0889263 0.104175 0.0742637
0.562057 0.14318 0.291513 0.00315004 9.9991E-05
0.123087 0.142221 0.734492 9.9982E-05 9.9982E-05
0.55166 0.122509 0.163304 0.0737332 0.088794
0.369633 0.0653586 0.564808 9.9982E-05 9.9982E-05
0.600903 0.0404387 0.2814 0.0771586 9.9991E-05
0.350721 0.239975 0.409103 9.9982E-05 9.9982E-05
9.9982E-05 0.767934 0.0904744 0.141391 9.9982E-05
0.0541206 0.76114 0.0906038 0.0869375 0.00719778
0.0195783 0.848367 0.108549 0.0234061 9.9991E-05
9.9982E-05 0.782124 0.0846074 0.133069 9.9982E-05
0.0668068 0.85042 0.0208643 9.9991E-05 0.0618085
0.10527 0.785433 0.0232542 0.0465365 0.0395058
0.0569439 9.9982E-05 9.9982E-05 0.889259 0.0535973
0.0348449 0.135776 9.9991E-05 0.779923 0.049356
0.0975241 9.9982E-05 9.9982E-05 0.793215 0.109061
0.0638359 0.0549793 9.9991E-05 0.784092 0.0969924
0.0439766 0.0486913 9.9991E-05 0.818588 0.0886436
9.9982E-05 0.539072 0.0846128 0.376115 9.9982E-05
9.9982E-05 0.395166 0.135801 0.468833 9.9982E-05
0.0120735 0.475605 0.103789 0.408433 9.9991E-05
0.105246 9.9982E-05 9.9982E-05 0.858088 0.0364657
9.9982E-05 0.469297 0.137199 0.393304 9.9982E-05
0.177408 9.9991E-05 0.122239 0.223884 0.476369
0.503074 0.113103 9.9991E-05 0.134342 0.24938
0.497248 9.9982E-05 9.9982E-05 0.231141 0.271411
0.334235 0.0632369 0.0668671 0.31231 0.223351
0.505443 0.0522195 9.9991E-05 0.256682 0.185556
9.9982E-05 9.9982E-05 0.204769 0.441129 0.353903
0.556056 0.378044 0.0286046 0.0371959 9.9991E-05
0.406628 0.257395 0.296904 9.9991E-05 0.0389733
0.366855 0.533343 0.00766606 0.0920353 9.9991E-05
0.548493 0.19153 0.243848 9.9991E-05 0.0160297
9.9973E-05 0.180885 0.818815 9.9973E-05 9.9973E-05
0.677559 0.14658 0.0470403 0.0724564 0.0563643
0.537195 0.167451 0.237118 0.0569303 0.00130523
0.437241 0.39124 0.125079 0.0463402 9.9991E-05
0.566874 0.266772 0.0908633 0.0320553 0.0434349
0.195559 0.272272 0.524042 0.0080269 9.9991E-05
0.458523 0.248043 0.133972 0.043698 0.115764
0.523912 0.350965 0.0612016 9.9991E-05 0.0638209
0.424016 0.0488094 0.128036 0.19019 0.208949
0.406712 0.265627 0.234852 9.9991E-05 0.092709
0.478474 0.248321 0.181794 0.0130943 0.0783169
0.554933 0.0821086 0.217639 0.0260432 0.119276
0.580257 0.165825 0.172721 0.0321393 0.0490578
0.626406 0.159679 0.0645505 0.020771 0.128593
0.576951 0.190895 0.0238999 0.153282 0.0549725
0.5407 0.224755 0.0768523 0.0835275 0.0741652
0.113918 9.9982E-05 9.9982E-05 0.76921 0.116671
0.0676325 9.9991E-05 0.0282503 0.874574 0.0294429
0.0386695 0.052078 0.0706388 0.838514 9.9991E-05
0.0911078 9.9982E-05 0.0532124 0.85548 9.9982E-05
0.114853 9.9982E-05 9.9982E-05 0.852814 0.0321324
0.278114 0.621475 0.0561339 0.0188324 0.0254447
0.624404 0.133776 0.121371 0.0782771 0.0421711
0.435972 9.9991E-05 0.105358 0.248498 0.210073
0.642404 0.228239 0.0229809 9.9991E-05 0.106276
0.644479 0.201915 0.104759 0.0487479 9.9991E-05
0.320549 0.327255 0.19265 0.0387465 0.1208
0.0457138 0.653636 0.158934 0.141616 9.9991E-05
0.511353 0.335156 0.0439127 9.9991E-05 0.109478
0.263091 0.497003 0.129272 0.0672798 0.0433547
0.483321 0.164457 0.173541 0.0959721 0.0827096
0.095795 0.573945 0.146771 0.113595 0.0698931
0.658033 0.179672 9.9991E-05 0.0777831 0.0844121
0.314761 0.528105 0.0596456 0.0962131 0.00127538
0.373867 0.257212 0.275365 0.0138287 0.0797263
0.511082 0.157765 0.219844 0.0560211 0.055288
0.331448 0.141887 0.449243 0.0773218 9.9991E-05
0.595577 0.0506676 0.21251 0.0893425 0.0519023
0.554488 0.0558324 0.170051 0.192478 0.0271506
0.403646 0.078538 0.486756 0.03096 9.9991E-05
0.501225 0.103824 0.205768 0.128159 0.0610227
0.60777 0.0402831 0.282063 0.0243173 0.0455666
0.198508 0.110336 0.690957 9.9982E-05 9.9982E-05
0.33571 9.9982E-05 0.605041 0.0590489 9.9982E-05
0.482768 0.14231 0.25081 0.0402394 0.083872
0.262103 0.106145 0.604645 0.0270074 9.9991E-05
0.505033 0.198808 0.295959 9.9982E-05 9.9982E-05
0.188392 0.637753 0.160803 9.9991E-05 0.0129523
0.307838 0.316787 0.354099 9.9991E-05 0.0211764
0.449659 0.382946 0.107788 9.9991E-05 0.059507
0.684251 0.172336 9.9991E-05 0.0802951 0.0630171
0.343238 0.46201 0.194552 9.9982E-05 9.9982E-05
0.460713 0.17556 0.155066 0.0763736 0.132288
0.530481 0.1797 0.0752096 0.0642189 0.15039
0.51923 0.245029 0.107113 0.0236227 0.105005
0.445746 0.371442 9.9982E-05 9.9982E-05 0.182612
0.491278 0.37402 0.0832493 9.9991E-05 0.0513524
0.276583 0.609194 0.0254719 9.9991E-05 0.0886504
0.353113 0.438778 0.135869 0.00230738 0.0699321
0.666553 0.224644 0.0636413 9.9991E-05 0.0450622
0.581507 0.134576 0.156101 0.0254576 0.102358
0.537117 0.233301 0.163421 0.0660611 9.9991E-05
0.519228 0.231027 0.125877 9.9991E-05 0.123768
0.354267 0.349742 0.122287 0.0966176 0.0770866
0.664418 0.12275 0.121663 0.0362184 0.0549504
0.548794 0.235988 0.0462514 0.0452759 0.123691
0.494143 0.186036 0.093166 0.047412 0.179243
0.468621 9.9991E-05 0.0673268 0.391714 0.0722377
0.443296 9.9991E-05 0.135716 0.152511 0.268378
0.483464 0.129276 9.9991E-05 0.148647 0.238513
0.558154 0.114051 0.147004 0.00957782 0.171213
0.455665 9.9991E-05 0.0955998 0.215091 0.233544
0.500138 0.148778 0.268929 9.9991E-05 0.0820556
0.539324 0.108047 9.9991E-05 0.189713 0.162816
0.0223372 0.0178779 0.490374 0.299217 0.170194
0.424906 0.101431 0.108318 0.0898099 0.275535
0.661984 0.0278277 0.0624432 0.18351 0.0642346
0.447681 0.0396565 0.134207 0.0947232 0.283733
0.293115 0.103914 0.208833 0.255463 0.138675
0.445205 9.9991E-05 0.0679881 0.241161 0.245546
0.602028 9.9991E-05 0.0478257 0.1606 0.189446
9.9982E-05 9.9982E-05 0.318838 0.491306 0.189655
0.496269 0.0257553 0.0862501 0.156868 0.234857
0.403478 9.9991E-05 0.111048 0.180331 0.305043
0.510939 0.0340805 0.127872 0.0958099 0.231298
0.469466 9.9991E-05 0.0615105 0.19301 0.275913
0.535717 0.11176 0.0351565 0.18829 0.129076
0.515938 0.0473348 0.316878 0.0517874 0.0680619
0.535968 0.0387592 0.213631 0.115812 0.0958295
0.140659 0.0318189 0.827323 9.9982E-05 9.9982E-05
0.0923854 0.0536699 0.849259 0.000581382 0.00410388
0.572664 0.0466056 0.196819 0.0919102 0.0920012
0.375063 0.0533662 0.107049 0.111285 0.353237
0.310499 9.9991E-05 0.202038 0.154007 0.333356
0.100397 9.9991E-05 0.297058 0.294464 0.307981
0.397081 9.9991E-05 0.093905 0.214524 0.29439
0.0804658 9.9991E-05 0.655326 0.118784 0.145324
0.216772 9.9991E-05 0.509881 0.134436 0.138811
0.580203 9.9991E-05 0.215054 0.0604402 0.144204
0.464215 9.9991E-05 0.299218 0.0548003 0.181667
0.234207 9.9991E-05 0.532767 0.0461223 0.186804
0.550666 0.00242921 0.226992 0.0529446 0.166969
0.581696 9.9991E-05 0.243247 0.0528382 0.122119
0.449633 0.0625885 0.252574 0.0366457 0.198559
0.451958 0.0395027 0.500932 0.00750821 9.9991E-05
0.444442 0.0920985 0.456125 0.00260419 0.00473024
0.513203 0.0905416 0.280574 0.0130484 0.102633
0.458274 0.0909854 0.365623 0.0656755 0.0194419
0.472781 9.9991E-05 0.269901 0.0565511 0.200667
0.563478 0.0262742 0.388396 0.0102783 0.0115732
0.307983 0.0836757 0.608141 9.9982E-05 9.9982E-05
0.649403 9.9991E-05 0.269383 0.0204818 0.060632
0.317258 0.0692553 0.609746 9.9991E-05 0.00364087
0.532193 9.9982E-05 0.431343 9.9982E-05 0.0362636
0.681507 9.9991E-05 0.254707 0.0604847 0.00320166
0.542939 0.0296682 0.402356 0.0249368 9.9991E-05
0.474185 0.0497557 0.0899361 0.135977 0.250146
0.414635 0.100871 0.135566 0.156355 0.192574
0.359473 0.101665 0.0897416 0.172169 0.276951
0.332383 0.182408 0.0412771 0.192543 0.251389
0.427322 0.0773962 0.0835808 0.226821 0.18488
0.372793 0.0899864 0.120849 0.166871 0.249501
9.9991E-05 0.0253358 0.561192 0.191775 0.221598
0.592369 0.0021047 0.0386305 0.127244 0.239652
9.9982E-05 9.9982E-05 0.424005 0.380303 0.195493
0.507448 9.9991E-05 0.197077 0.0318849 0.26349
0.191097 9.9973E-05 0.808603 9.9973E-05 9.9973E-05
0.038022 0.0341175 0.927661 9.9982E-05 9.9982E-05
0.591292 9.9982E-05 0.401697 9.9982E-05 0.00681167
0.631386 9.9991E-05 0.290989 0.00337962 0.0741456
0.486179 0.00047246 0.505362 9.9991E-05 0.00788631
0.60883 9.9973E-05 0.39087 9.9973E-05 9.9973E-05
0.57886 0.00162649 0.379468 0.00358709 0.0364581
0.0389964 9.9991E-05 0.0534373 0.843573 0.0638934
9.9991E-05 0.153259 0.0419344 0.718557 0.0861492
9.9982E-05 0.0348685 9.9982E-05 0.903162 0.0617698
0.0569525 9.9973E-05 9.9973E-05 0.942748 9.9973E-05
0.575539 0.0477236 0.246905 0.0548124 0.0750196
0.609973 0.0550109 0.230142 0.0679895 0.0368853
0.690128 0.0678756 0.232961 0.0089349 9.9991E-05
0.70275 0.0888027 0.0682116 0.109794 0.0304411
0.593296 0.0921152 0.14283 0.138737 0.0330221
0.397197 0.162629 0.439974 9.9982E-05 9.9982E-05
0.747392 0.0375966 0.17413 9.9991E-05 0.0407816
0.490779 9.9982E-05 0.472982 0.0360389 9.9982E-05
0.392551 0.0150268 0.141451 0.230921 0.22005
0.551624 0.0918655 0.322473 9.9991E-05 0.0339378
0.475745 0.195682 0.328373 9.9982E-05 9.9982E-05
0.691711 0.00314886 0.30494 9.9982E-05 9.9982E-05
0.589801 0.0677323 0.342267 9.9982E-05 9.9982E-05
0.686092 9.9982E-05 0.289278 9.9982E-05 0.0244295
0.657595 0.0169153 0.240233 0.0851567 9.9991E-05
0.309495 9.9973E-05 0.690205 9.9973E-05 9.9973E-05
0.411894 0.0330669 0.547518 9.9991E-05 0.00742024
0.530067 0.0499941 0.415933 0.00390547 9.9991E-05
0.0599084 9.9973E-05 0.939792 9.9973E-05 9.9973E-05
0.519174 0.166383 0.298587 9.9991E-05 0.0157569
0.216965 0.0284833 0.705922 9.9991E-05 0.0485295
0.125903 0.0510636 0.822833 9.9982E-05 9.9982E-05
0.698765 9.9991E-05 0.230672 0.0553876 0.0150754
0.458248 0.142555 0.38949 0.0096069 9.9991E-05
0.603766 0.147392 0.236565 9.9991E-05 0.0121764
0.749961 0.00175627 0.0623655 0.141647 0.0442698
0.664718 0.193917 0.141165 9.9982E-05 9.9982E-05
0.418199 0.258132 0.2638 9.9991E-05 0.0597693
0.68079 0.0122346 0.224776 0.0363771 0.0458223
0.580585 0.131782 0.237744 0.0138915 0.0359977
0.454639 0.0599477 0.485213 9.9982E-05 9.9982E-05
0.594851 0.0326915 0.197538 0.105942 0.0689783
9.9991E-05 0.322112 0.0560412 0.610092 0.0116552
0.01968 0.155125 0.0275953 0.755222 0.0423775
9.9982E-05 0.156975 0.0428519 0.799973 9.9982E-05
9.9982E-05 0.171132 0.0102957 0.818373 9.9982E-05
0.069636 0.188519 9.9982E-05 0.741645 9.9982E-05
0.385642 0.248107 0.361596 9.9991E-05 0.00455489
0.311445 0.196628 0.439749 0.0520775 9.9991E-05
0.366194 9.9973E-05 0.633506 9.9973E-05 9.9973E-05
0.565834 0.0378047 0.116707 0.144126 0.135529
0.831111 9.9991E-05 0.0606633 0.106331 0.00179496
0.406542 9.9991E-05 0.511233 0.0548555 0.027269
0.6583 0.0477212 0.178013 0.03095 0.085016
0.439875 9.9991E-05 0.38539 0.0727193 0.101915
0.673624 0.0536786 0.122243 0.150355 9.9991E-05
0.719418 0.0924238 0.130973 9.9991E-05 0.0570854
0.408198 0.173025 0.415895 9.9991E-05 0.0027821
0.547176 0.0858695 0.366754 9.9982E-05 9.9982E-05
0.538964 0.224552 0.236284 9.9982E-05 9.9982E-05
0.556971 0.162808 0.0938695 0.076941 0.109411
0.580209 0.161213 0.24645 0.0120282 9.9991E-05
0.562969 0.123168 0.311105 0.00242834 0.000329703
0.393047 0.0601261 0.0259231 0.111011 0.409893
0.355463 0.0489038 0.0212356 0.145563 0.428835
0.415568 9.9991E-05 0.0521163 0.0844456 0.44777
0.309935 9.9991E-05 0.0594344 0.0820268 0.548503
0.398893 0.00812321 0.0774956 0.208941 0.306547
0.607543 9.9982E-05 0.36213 9.9982E-05 0.0301273
0.0642562 9.9991E-05 0.0120679 0.290755 0.632821
0.278021 0.03133 0.0230772 0.155516 0.512057
0.474643 9.9991E-05 0.203363 0.199669 0.122225
0.590717 9.9982E-05 0.175958 0.233125 9.9982E-05
0.421993 0.112218 0.203596 0.178066 0.0841275
0.568692 0.123924 0.0865071 0.10918 0.111697
0.729421 0.0126137 0.100097 0.124424 0.0334445
0.279226 9.9982E-05 9.9982E-05 0.223623 0.496951
0.384659 0.0716913 9.9991E-05 0.168465 0.375085
0.33217 9.9982E-05 9.9982E-05 0.0706582 0.596972
0.425507 0.11276 9.9991E-05 0.119884 0.34175
0.20165 0.026148 0.0516075 0.141822 0.578772
0.323537 0.034543 0.150243 0.196241 0.295436
0.253866 0.00790108 0.0182255 0.142841 0.577167
0.398074 0.122271 0.0265884 0.11244 0.340627
0.587568 0.0272842 0.201675 0.141901 0.0415715
0.379979 0.0806788 0.00352814 0.164205 0.371609
0.129745 9.9982E-05 9.9982E-05 0.175992 0.694063
0.420376 0.0321661 0.112876 0.15867 0.275912
0.233292 0.284086 0.285232 0.19729 9.9991E-05
0.4744 0.0329607 0.268343 0.0467961 0.1775
0.381238 0.0668219 9.9991E-05 0.20834 0.3435
0.559388 0.0930821 0.118233 0.112623 0.116674
0.546131 0.0929687 0.122385 0.229327 0.00918915
0.37031 0.0187368 0.139831 0.22821 0.242912
0.359732 0.0155463 0.0816066 0.255241 0.287874
0.606622 0.0257228 0.142183 0.137624 0.0878486
0.338976 0.0931478 0.0200151 0.0892781 0.458583
0.34797 9.9991E-05 0.0171263 0.118545 0.51626
0.0762778 9.9991E-05 0.0523354 0.217032 0.654255
0.713559 0.0864784 9.9991E-05 0.101104 0.0987585
0.563677 0.041208 0.219231 0.175784 9.9991E-05
0.23063 9.9991E-05 0.550482 0.152911 0.065877
0.50442 0.0915261 0.157239 0.0598753 0.18694
0.409274 0.333913 0.109103 0.0683 0.0794098
0.500075 9.9991E-05 0.112048 0.198252 0.189525
0.482829 0.067582 0.217262 0.113014 0.119313
9.9982E-05 9.9982E-05 0.439022 0.342658 0.218121
9.9982E-05 9.9982E-05 0.479323 0.391135 0.129343
0.247642 0.0425415 0.340288 0.166841 0.202688
9.9982E-05 9.9982E-05 0.396925 0.379029 0.223846
9.9982E-05 9.9982E-05 0.254898 0.508576 0.236326
0.394617 9.9991E-05 0.255561 0.181644 0.168079
0.387797 0.00659531 0.1773 0.255826 0.172481
0.198561 0.0418906 0.260773 0.283835 0.21494
0.156025 0.00295294 0.357126 0.345125 0.13877
0.526123 9.9991E-05 0.144938 0.158659 0.170179
0.160674 0.00309806 0.423397 0.259709 0.153121
9.9982E-05 9.9982E-05 0.406149 0.507177 0.0864743
0.535382 0.147937 9.9991E-05 0.116262 0.200319
0.278088 0.0397378 0.178813 0.202368 0.300993
0.486087 9.9982E-05 9.9982E-05 0.343316 0.170396
0.525344 9.9982E-05 9.9982E-05 0.120318 0.354138
0.586116 9.9991E-05 0.0280416 0.218814 0.166929
0.45528 9.9991E-05 0.00391282 0.153525 0.387183
0.373179 0.0163635 0.0427178 0.389755 0.177985
0.526131 0.0725306 9.9991E-05 0.185129 0.216109
0.450461 0.00943127 9.9991E-05 0.293444 0.246564
0.390555 0.0954727 0.088375 0.236114 0.189483
0.399247 0.162389 0.142845 0.152945 0.142574
0.590842 0.0282555 0.0401302 0.195121 0.145651
0.541804 0.0711006 0.0646144 0.125331 0.197151
0.605585 0.0208298 0.138831 0.114307 0.120448
0.402984 0.0483279 9.99927E-05 0.345592 0.202995
0.503184 0.0350891 9.9991E-05 0.21958 0.242047
0.123093 9.9991E-05 0.219052 0.404799 0.252956
0.494526 0.10846 0.0138283 0.189978 0.193208
0.136667 9.9991E-05 0.214516 0.299152 0.349565
0.0134776 0.0807109 0.103854 0.801857 9.9991E-05
0.160417 0.76114 0.0142708 0.0640726 9.9991E-05
9.997E-05 0.9996 9.997E-05 9.997E-05 9.997E-05
9.9973E-05 0.99715 9.9973E-05 0.00254976 9.9973E-05
0.0300535 0.969647 9.9973E-05 9.9973E-05 9.9973E-05
9.9973E-05 0.945492 9.9973E-05 9.9973E-05 0.0542078
0.103729 0.895971 9.9973E-05 9.9973E-05 9.9973E-05
9.9982E-05 0.945964 0.0150574 0.0387788 9.9982E-05
0.0125796 0.781433 9.9982E-05 0.205787 9.9982E-05
0.0536178 0.000892118 9.9991E-05 0.936461 0.00892953
0.0651788 0.115176 9.9982E-05 0.819446 9.9982E-05
0.0634213 9.9991E-05 0.00843276 0.911663 0.0163829
0.0838706 0.106174 9.9982E-05 0.809755 9.9982E-05
0.0106173 0.0404502 9.9991E-05 0.912344 0.0364888
9.9973E-05 0.0466246 9.9973E-05 0.953075 9.9973E-05
0.0261625 0.0687879 9.9991E-05 0.766328 0.138621
0.00767238 9.9991E-05 0.00886315 0.870165 0.113199
0.0768893 0.0943744 9.9991E-05 0.760795 0.0678415
0.0240002 0.000528627 9.9991E-05 0.928044 0.0473273
9.9973E-05 0.0513988 9.9973E-05 0.948301 9.9973E-05
9.9991E-05 0.0891616 0.00887715 0.830167 0.0716941
9.9973E-05 0.0423489 9.9973E-05 0.957351 9.9973E-05
0.0553488 9.9973E-05 9.9973E-05 0.944351 9.9973E-05
0.050763 0.0298298 9.9991E-05 0.874626 0.0446812
0.063331 9.9982E-05 9.9982E-05 0.820294 0.116175
0.0836566 9.9982E-05 9.9982E-05 0.782698 0.133446
0.133523 9.9982E-05 9.9982E-05 0.791239 0.0750376
0.11179 9.9982E-05 9.9982E-05 0.815844 0.0721652
0.414473 0.149856 0.186 0.162422 0.0872474
0.740951 0.0063513 0.126042 0.126556 9.9991E-05
0.644349 9.9991E-05 0.123933 0.183815 0.047803
0.118535 0.0707549 0.682103 0.0723597 0.0562469
0.541667 0.141439 0.168388 0.0903924 0.0581135
0.148623 9.9991E-05 0.567721 0.244106 0.0394502
0.601764 9.9991E-05 0.150885 0.0926965 0.154554
0.461695 0.140018 0.25803 0.140157 9.9991E-05
0.621429 0.125514 0.121403 0.131553 9.9991E-05
0.543401 0.0573901 0.268723 0.0734387 0.0570473
0.536723 0.117942 0.23483 0.108598 0.00190792
0.623845 0.0259797 0.147679 0.136219 0.0662769
0.531694 0.157127 0.119722 0.123554 0.067903
0.113767 0.472155 0.329344 9.9991E-05 0.0846348
9.9982E-05 0.0881504 0.80494 0.10671 9.9982E-05
0.164079 0.0441598 0.593924 0.126153 0.0716849
0.607697 0.0381704 0.162334 0.0904192 0.101379
0.557799 0.0851788 0.174976 0.162439 0.0196076
0.593215 0.00331675 0.211121 0.192248 9.9991E-05
0.701359 0.00360926 0.101262 0.126489 0.0672805
0.471004 9.9991E-05 0.113592 0.251324 0.163979
0.570316 0.068145 0.00596824 0.161671 0.193899
0.190865 0.105068 0.126285 0.425629 0.152153
0.481335 0.219531 9.9991E-05 0.124302 0.174732
0.436115 0.121033 0.0801283 0.186319 0.176404
9.9982E-05 9.9982E-05 0.359787 0.449425 0.190587
0.29336 9.9991E-05 0.165899 0.300564 0.240077
0.342727 0.0522848 0.0594658 0.376252 0.16927
0.463637 0.0854431 9.9991E-05 0.363564 0.0872561
0.579124 0.110471 0.0453962 0.0933647 0.171645
0.502059 0.0361282 9.9991E-05 0.250425 0.211288
0.665456 0.0254236 9.9991E-05 0.208849 0.100171
0.423058 9.9991E-05 0.176622 0.192161 0.208059
0.376172 0.0135366 0.0247967 0.454842 0.130653
