0.066039 0.881302 9.9982E-05 0.0524589 9.9982E-05
0.019655 0.966762 9.9989E-05 9.9989E-05 0.0133828
0.000614025 0.860611 0.106663 0.0320111 9.9991E-05
0.0744583 0.781367 9.9982E-05 0.143975 9.9982E-05
0.0125965 0.885256 0.0488572 0.0471437 0.00614709
0.0406617 0.632752 0.0820573 0.0602967 0.184232
0.0295931 0.871731 9.9991E-05 0.0317932 0.0667823
0.167594 0.722127 9.9991E-05 0.0522828 0.0578961
0.104961 0.832147 9.9982E-05 9.9982E-05 0.0626918
0.0745513 0.717647 0.102558 0.078792 0.0264517
0.143826 0.773606 0.0315964 9.9991E-05 0.0508718
0.525636 9.9991E-05 0.333785 0.0743405 0.0661382
0.350839 9.9982E-05 0.477546 0.171415 9.9982E-05
0.601698 9.9991E-05 0.192083 0.17325 0.0328685
0.413042 0.0126882 0.326445 0.187848 0.059978
0.183039 0.122522 0.415868 0.194786 0.0837858
0.176256 0.0727752 0.607157 0.104183 0.039629
0.24555 9.9991E-05 0.438218 0.168461 0.147671
0.443634 0.0987784 0.370975 0.0865132 9.9991E-05
0.727187 0.0268752 0.0120793 0.0973184 0.13654
0.206767 9.9991E-05 0.4202 0.147292 0.225641
0.176882 0.0356151 0.435298 0.130315 0.221889
0.176052 0.00988671 0.625127 0.0930795 0.0958553
0.449642 0.0122971 0.277438 0.153022 0.107601
0.111901 0.126223 0.70124 0.0597212 0.000915736
0.302963 0.0395084 0.448816 0.202935 0.005778
0.597227 9.9991E-05 0.25229 0.116206 0.0341764
0.529665 9.9991E-05 0.175576 0.267658 0.0270011
0.454337 0.0184656 0.321227 0.0077142 0.198256
9.9982E-05 0.832146 0.0511396 0.116515 9.9982E-05
9.9982E-05 0.866245 0.122781 0.010774 9.9982E-05
9.9991E-05 0.788078 0.141397 0.0511099 0.0193154
0.0161976 0.774635 0.130726 0.0783414 9.9991E-05
0.0778659 0.0680584 0.683316 9.9991E-05 0.17066
0.121662 0.0715909 0.675842 0.00185338 0.129051
9.9991E-05 0.0703718 0.66735 0.0226019 0.239577
0.599281 0.119296 0.209136 9.9991E-05 0.0721874
0.0542744 0.0408817 0.492752 9.9991E-05 0.411992
0.150681 0.0955381 0.613077 0.0718083 0.0688956
9.9991E-05 0.0298329 0.809675 0.0744571 0.0859351
0.0944442 0.138981 0.650523 0.0466099 0.069442
0.123235 0.136534 0.690128 0.0415483 0.00855446
0.235881 9.9982E-05 0.31429 9.9982E-05 0.449629
0.0479158 0.060833 0.635484 0.133176 0.122591
9.9991E-05 0.0185237 0.648932 0.101267 0.231178
0.0747569 0.123703 0.61844 0.0812076 0.101893
0.0110552 9.9982E-05 0.539994 9.9982E-05 0.448751
9.9991E-05 0.0752105 0.77858 0.00316488 0.142944
0.0674891 0.141509 0.608784 0.0497876 0.13243
0.0621348 0.09114 9.9982E-05 9.9982E-05 0.846525
0.472531 9.9982E-05 0.26372 9.9982E-05 0.263548
0.209603 0.0645765 0.153972 0.0214554 0.550393
0.200398 0.0721131 0.536936 0.121101 0.0694511
0.0887175 0.0854145 0.678911 0.0527543 0.094203
0.122915 0.0565673 0.591451 0.167837 0.061229
0.391602 0.123308 0.19807 9.9991E-05 0.286919
0.190117 0.0268347 0.687112 0.0190992 0.076837
0.125834 0.0838206 0.663957 0.0809596 0.0454285
0.226874 0.12473 0.433505 0.04885 0.16604
0.387864 0.202027 0.0721868 0.082362 0.255559
0.11916 0.074252 0.604187 0.0672207 0.13518
0.325485 0.0365717 0.402656 0.137846 0.0974408
0.549007 0.0305749 0.0914197 9.9991E-05 0.328898
0.275244 9.9991E-05 0.551117 0.0856587 0.0878794
0.104033 0.0421403 0.62034 0.16363 0.0698564
0.123037 0.15023 0.546918 0.0974255 0.0823896
0.286874 0.031475 0.38831 0.0717274 0.221614
0.236182 9.9991E-05 0.381343 0.174116 0.208259
0.141241 0.134215 0.623661 9.9991E-05 0.100783
0.445769 9.9982E-05 0.285663 9.9982E-05 0.268368
0.0919256 9.9982E-05 0.747858 9.9982E-05 0.160016
0.245589 9.9982E-05 0.460994 9.9982E-05 0.293217
0.117909 0.116717 0.604838 0.0321638 0.128372
0.0302593 9.9982E-05 0.189383 9.9982E-05 0.780158
0.109839 9.9982E-05 0.217211 9.9982E-05 0.67275
0.0502322 9.9982E-05 0.503053 9.9982E-05 0.446515
0.101861 9.9982E-05 0.69017 9.9982E-05 0.207769
9.9991E-05 0.166549 0.717818 0.0373828 0.0781509
0.146062 0.00662835 0.612418 9.9991E-05 0.234791
0.356066 9.9982E-05 0.362541 9.9982E-05 0.281193
0.335303 9.9982E-05 0.356028 9.9982E-05 0.308469
0.0835658 0.098606 0.602313 0.0633368 0.152179
0.172006 0.0316016 0.46895 0.0217776 0.305664
0.105314 0.0377136 0.610767 9.9991E-05 0.246106
9.9973E-05 9.9973E-05 0.606702 9.9973E-05 0.392998
0.0548442 0.0186716 0.189546 9.9991E-05 0.736838
0.0529878 0.0183173 0.825253 0.0388775 0.0645644
0.0630719 0.832236 0.0837506 0.0208413 9.9991E-05
9.9973E-05 0.890671 0.109029 9.9973E-05 9.9973E-05
0.000608453 0.89767 0.0592076 0.0424141 9.9991E-05
9.9973E-05 0.940398 0.0593016 9.9973E-05 9.9973E-05
9.9982E-05 0.912715 0.074709 0.0123761 9.9982E-05
0.0130036 0.918906 0.0305137 0.00801339 0.0295632
9.9973E-05 0.941306 0.0583939 9.9973E-05 9.9973E-05
0.156131 0.0937726 0.554953 0.120891 0.0742518
0.181696 0.110326 0.611816 0.0526508 0.0435112
0.237891 9.9982E-05 0.264497 9.9982E-05 0.497413
0.0763839 0.0888248 0.603939 0.143401 0.0874518
0.211868 0.00517369 0.615852 0.0147381 0.152368
9.9982E-05 0.07913 0.737289 9.9982E-05 0.183381
0.0324962 0.0289492 0.723352 9.9991E-05 0.215103
9.9982E-05 9.9982E-05 0.604229 0.0764034 0.319168
0.299008 0.00627808 0.113125 9.9991E-05 0.581489
0.137525 0.105518 0.634991 0.00773915 0.114227
0.0110769 0.0218245 0.613215 0.0978828 0.256001
0.10554 0.140096 0.637651 0.0827648 0.0339488
9.9982E-05 9.9982E-05 0.430337 0.0425889 0.526874
9.9991E-05 0.0272384 0.616827 0.00881428 0.347021
0.146392 9.9982E-05 0.592735 9.9982E-05 0.260672
0.0165739 9.9991E-05 0.543265 0.0308729 0.409188
0.134101 0.0867126 0.574091 9.9991E-05 0.204996
0.0777242 0.147354 0.563644 0.0356893 0.175589
0.401393 0.0357386 0.251147 0.0437237 0.267998
0.369798 0.0996208 0.380147 0.114112 0.0363225
0.162454 0.134576 0.630552 0.0660178 0.0063995
0.122142 0.102533 0.621731 0.153494 9.9991E-05
0.39266 0.0471397 0.535075 0.0240993 0.00102694
0.29894 9.9991E-05 0.606202 0.0830478 0.0117109
0.355242 0.0420162 0.564987 9.9991E-05 0.0376539
0.197991 0.125321 0.522168 0.0382025 0.116317
0.265744 0.0564688 0.575438 0.0859443 0.0164049
0.193307 0.0545803 0.701449 9.9991E-05 0.0505637
0.43944 9.9973E-05 0.56026 9.9973E-05 9.9973E-05
0.0949375 0.00255673 0.597054 0.151167 0.154285
0.124698 0.162649 0.597132 0.0579812 0.0575399
0.267162 9.9991E-05 0.620051 0.0780927 0.0345944
0.135742 0.0808219 0.586741 0.0702378 0.126457
0.28742 9.9991E-05 0.543858 0.165069 0.00355326
0.262687 0.101458 0.327649 0.0957643 0.212442
0.145932 0.0133154 0.768467 0.0542748 0.0180114
0.173994 0.00929606 0.652484 0.0868264 0.0773997
0.437697 9.9991E-05 0.298764 0.114323 0.149116
0.321632 0.0530121 0.16263 0.05277 0.409957
0.222566 0.00467468 0.594943 0.0843936 0.0934228
0.355982 9.9991E-05 0.10712 0.055476 0.481322
0.511858 9.9982E-05 0.338418 9.9982E-05 0.149525
0.297054 9.9982E-05 0.55582 9.9982E-05 0.146926
0.495759 0.0868242 0.398346 9.9991E-05 0.0189707
0.52106 9.9982E-05 0.421815 9.9982E-05 0.0569246
0.0837785 0.114447 0.750348 0.0513268 9.9991E-05
0.0978994 0.0894067 0.687841 0.0899986 0.034854
0.260129 0.0295177 0.543177 0.0967557 0.0704206
0.370216 9.9991E-05 0.205604 0.107379 0.316701
0.0862988 0.149119 0.504917 0.0792097 0.180455
0.0608932 0.027843 0.571242 0.0834092 0.256613
0.131421 0.222376 0.072243 9.9991E-05 0.57386
9.9991E-05 0.0899665 0.603853 0.0872946 0.218786
0.115415 0.118916 0.405945 0.0281209 0.331603
0.0255996 0.154623 0.59195 0.0497535 0.178074
0.0297199 0.161993 0.287394 0.0405215 0.480372
0.136249 0.117898 0.270621 9.9991E-05 0.475132
0.111237 0.0548067 0.512872 0.00232775 0.318758
0.0895365 0.149071 0.558029 0.0704758 0.132887
0.144788 0.132194 0.447895 0.0670061 0.208117
0.175843 0.0718714 0.0416013 0.196762 0.513922
0.0461353 0.0947242 0.552096 0.0664897 0.240554
0.0819679 9.9982E-05 0.471325 9.9982E-05 0.446507
0.140473 9.9991E-05 0.537926 0.021526 0.299975
0.0782505 0.115451 0.616893 0.0728951 0.116511
0.024306 0.345871 0.0928238 0.339242 0.197758
9.9982E-05 0.601877 9.9982E-05 0.157535 0.240389
9.9982E-05 0.483302 9.9982E-05 0.152301 0.364197
0.0822791 0.355923 0.0462567 0.383807 0.131734
9.9982E-05 9.9982E-05 0.701572 0.0369275 0.2613
9.9991E-05 0.14737 0.600962 0.0245046 0.227063
9.9973E-05 9.9973E-05 0.335209 0.664491 9.9973E-05
0.121547 9.9991E-05 0.338887 0.515108 0.0243572
0.0914838 0.0550206 0.374047 0.433511 0.0459379
0.0321795 0.0342363 0.362218 0.0313348 0.540031
0.0520014 0.056597 0.57294 0.149116 0.169345
0.0491615 0.0298036 0.191746 0.0538871 0.675401
9.9982E-05 9.9982E-05 0.646488 0.0256746 0.327638
0.0615914 0.00181985 0.468315 0.0914775 0.376796
9.9991E-05 0.0513355 0.584687 0.105909 0.257968
0.096804 0.0121516 0.235512 0.0124541 0.643078
9.9991E-05 0.103805 0.66456 0.0910212 0.140513
9.9991E-05 0.0721334 0.575502 0.127723 0.224541
9.9991E-05 0.0152172 0.0173492 0.961543 0.00579051
9.9973E-05 9.9973E-05 0.0744537 0.925246 9.9973E-05
0.0334041 0.0845476 0.307427 0.574521 9.9991E-05
0.011128 9.9982E-05 0.240079 0.748593 9.9982E-05
9.9982E-05 0.0227299 0.126913 0.850157 9.9982E-05
9.997E-05 9.997E-05 9.997E-05 0.9996 9.997E-05
0.0464557 0.00206717 9.9982E-05 0.951277 9.9982E-05
9.9973E-05 9.9973E-05 0.102917 0.896783 9.9973E-05
0.0360286 9.9973E-05 9.9973E-05 0.963671 9.9973E-05
9.997E-05 9.997E-05 9.997E-05 0.9996 9.997E-05
9.997E-05 9.997E-05 9.997E-05 0.9996 9.997E-05
0.0186474 9.9982E-05 0.207153 0.774 9.9982E-05
0.0218179 0.0857245 0.0548069 0.821095 0.0165554
0.00495876 0.00307709 9.9982E-05 0.991764 9.9982E-05
0.12669 0.0830725 0.38528 0.404857 9.9991E-05
0.116903 0.0186934 0.143115 0.717551 0.00373737
9.9982E-05 0.0643653 0.229695 0.70574 9.9982E-05
0.028027 0.0180042 0.0927639 0.861105 9.9991E-05
9.9973E-05 9.9973E-05 0.0345315 0.965169 9.9973E-05
9.9982E-05 0.0320165 0.0396032 0.92818 9.9982E-05
9.997E-05 9.997E-05 9.997E-05 0.9996 9.997E-05
9.9991E-05 0.0588405 0.324415 0.598001 0.0186442
0.0192322 0.0202405 0.0414441 0.894298 0.0247853
9.9982E-05 0.353659 9.9982E-05 0.099184 0.546957
0.122442 0.147287 0.369282 0.207815 0.153174
0.00543626 0.2424 0.435059 0.107812 0.209293
0.00821616 0.29418 0.169032 0.128738 0.399834
0.0445698 0.163267 0.49496 0.13985 0.157354
9.9991E-05 0.290348 0.166041 0.148256 0.395255
9.9991E-05 0.206207 0.451475 0.162575 0.179643
9.9991E-05 0.139694 0.318988 0.237808 0.30341
0.0243027 0.174608 0.488943 0.143787 0.16836
9.9991E-05 0.224347 0.357616 0.201889 0.216048
9.9991E-05 0.217665 0.467194 0.154131 0.16091
0.0615117 0.880697 0.038311 9.9991E-05 0.0193798
9.9982E-05 0.925817 9.9982E-05 0.0700771 0.00390608
0.0242545 0.9668 9.9982E-05 9.9982E-05 0.00874524
0.0313214 0.968379 9.9973E-05 9.9973E-05 9.9973E-05
0.0392295 0.900919 9.9982E-05 0.0596513 9.9982E-05
9.9982E-05 0.873051 9.9982E-05 0.10566 0.021089
9.9982E-05 0.921774 0.0311578 0.0468687 9.9982E-05
9.9991E-05 0.902013 0.0214926 0.00184575 0.0745486
0.0122181 0.935601 0.0440433 0.000629264 0.00750843
9.9982E-05 0.865494 9.9982E-05 0.12387 0.0104362
0.278307 0.61156 9.9982E-05 9.9982E-05 0.109933
0.367635 0.632065 9.9973E-05 9.9973E-05 9.9973E-05
0.341425 0.548695 9.9982E-05 9.9982E-05 0.10968
0.36244 0.497459 9.9982E-05 9.9982E-05 0.1399
0.167683 0.0762482 0.61444 9.9991E-05 0.141529
0.153845 0.0431855 0.651319 0.0116608 0.13999
0.221625 0.0298008 0.646057 0.0198451 0.0826728
0.282089 0.042571 0.490772 9.9991E-05 0.184468
0.719824 9.9991E-05 0.192436 0.0314874 0.0561524
0.048752 0.0523343 0.621306 0.143999 0.133609
0.104267 9.9991E-05 0.722659 0.019836 0.153138
0.043459 0.0230447 0.658467 9.9991E-05 0.27493
0.00527974 9.9991E-05 0.562102 0.0306755 0.401843
0.10233 0.0950029 0.704104 0.0086019 0.0899613
0.116553 9.9982E-05 0.560257 9.9982E-05 0.32299
0.142671 9.9982E-05 0.0471188 9.9982E-05 0.810011
0.133912 0.119987 0.635282 0.0159846 0.0948345
0.0880055 9.9991E-05 0.386833 0.00976804 0.515294
0.0383044 9.9982E-05 0.705727 9.9982E-05 0.255768
0.303959 9.9982E-05 0.260535 9.9982E-05 0.435306
0.741419 0.139905 9.9991E-05 0.00179571 0.116781
0.774357 0.116859 0.0621508 9.9991E-05 0.0465332
0.914592 0.0414924 9.9982E-05 9.9982E-05 0.0437159
0.824165 0.168238 9.9982E-05 9.9982E-05 0.0073977
0.870676 0.00505896 0.0165862 0.0603776 0.0473009
0.808603 0.0888086 0.0102161 0.0922728 9.9991E-05
0.0126616 0.918514 0.0686246 9.9982E-05 9.9982E-05
0.0817316 0.824808 9.9982E-05 0.0932601 9.9982E-05
9.9982E-05 0.786913 0.0695982 0.143289 9.9982E-05
0.101219 0.756873 0.016468 0.12534 9.9991E-05
0.0745963 0.789567 0.0488218 0.0869151 9.9991E-05
0.552541 0.379048 9.9982E-05 9.9982E-05 0.0682115
0.370075 0.497695 9.9982E-05 9.9982E-05 0.132029
0.490549 0.450388 9.9991E-05 0.0095367 0.0494259
9.9982E-05 0.826054 0.118231 0.0555146 9.9982E-05
0.518312 0.393506 9.9982E-05 9.9982E-05 0.0879827
9.9991E-05 0.26849 0.332735 0.333098 0.0655764
9.9982E-05 0.130966 0.64435 0.224484 9.9982E-05
9.9982E-05 0.185995 0.509493 0.304312 9.9982E-05
9.9991E-05 0.254877 0.363357 0.24585 0.135817
0.0590524 0.191642 0.617097 0.132108 9.9991E-05
9.9982E-05 0.500965 9.9982E-05 0.290522 0.208313
0.334497 0.0166191 0.536634 9.9991E-05 0.11215
0.244097 0.0605895 0.460853 9.9991E-05 0.23436
0.53456 0.0538588 0.367096 9.9991E-05 0.0443851
0.187273 9.9991E-05 0.494534 0.038613 0.27948
0.189892 9.9973E-05 9.9973E-05 9.9973E-05 0.809808
0.0981714 0.0539501 0.538027 0.184178 0.125674
0.19053 9.9991E-05 0.593421 0.0529216 0.163027
0.482836 0.0346598 0.376988 9.9991E-05 0.105417
0.186481 0.0938461 0.491134 0.0941729 0.134366
0.329449 9.9982E-05 0.139654 9.9982E-05 0.530697
0.144921 0.0181806 0.538196 0.079189 0.219513
0.284987 0.0183591 0.557685 0.0650403 0.0739281
0.103434 0.123397 0.462032 0.197653 0.113484
0.25925 9.9991E-05 0.428526 0.0768319 0.235292
0.30724 9.9991E-05 0.459245 0.0752186 0.158196
0.214237 9.9991E-05 0.41893 0.18703 0.179703
0.173138 0.0715844 0.647662 9.9991E-05 0.107516
0.192609 9.9991E-05 0.63233 0.122368 0.0525924
0.20119 0.0230597 0.507388 0.133359 0.135004
0.120133 0.13553 0.551728 0.0798358 0.112774
9.9982E-05 0.800593 0.128464 0.070743 9.9982E-05
9.9991E-05 0.853798 0.0889427 0.036596 0.0205635
0.0577354 0.813861 0.112385 9.9991E-05 0.0159188
0.0551438 0.811317 0.0230091 0.0505372 0.0599931
9.9973E-05 0.870233 0.129467 9.9973E-05 9.9973E-05
0.634644 0.0174715 0.237072 0.0691966 0.0416154
0.188362 0.0368928 0.536504 0.0938663 0.144375
0.0521535 0.200336 0.473184 0.190676 0.0836512
0.169047 0.0305054 0.661418 0.100313 0.0387172
0.271823 0.0659129 0.567912 0.0221502 0.0722025
0.377864 9.9991E-05 0.200897 0.165341 0.255798
0.664157 0.143737 9.9982E-05 9.9982E-05 0.191906
0.289752 0.0415301 0.559224 0.0688306 0.0406639
0.54797 0.0641223 0.160959 0.0731063 0.153842
0.211386 0.0265483 0.446904 0.118105 0.197057
0.59728 0.133891 0.172284 0.0233387 0.0732059
0.170377 0.110911 0.614046 0.104566 9.9991E-05
0.555426 0.0386498 0.237508 0.0396179 0.128798
0.323392 9.9991E-05 0.317385 0.12821 0.230913
0.113932 0.111451 0.559803 0.0431611 0.171652
0.0926964 0.0456396 0.332755 0.0352818 0.493627
0.0439011 0.102832 0.66143 9.9991E-05 0.191737
9.9991E-05 0.159986 0.579985 0.0668252 0.193104
0.0799484 0.049948 0.444061 9.9991E-05 0.425943
0.119937 0.137041 0.58142 0.0908376 0.0707647
9.9982E-05 0.0576634 0.678147 9.9982E-05 0.263989
0.0867597 9.9982E-05 0.181483 9.9982E-05 0.731557
0.0305914 0.0221331 0.323226 9.9991E-05 0.623949
0.107506 0.0161793 0.457301 0.0791987 0.339816
0.104128 0.0668973 0.240997 9.9991E-05 0.587877
0.149293 0.0121244 0.605146 9.9991E-05 0.233337
0.687638 9.9991E-05 0.0901326 0.049622 0.172508
0.342806 9.9991E-05 0.265743 0.0578343 0.333517
0.499957 9.9991E-05 0.278031 0.115304 0.106608
0.235706 0.0274429 0.619174 0.112042 0.00563479
0.557101 9.9982E-05 0.30263 9.9982E-05 0.140069
0.0838919 0.0770678 0.607126 0.112741 0.119173
0.263766 0.135186 0.539105 0.05463 0.00731274
0.247129 9.9991E-05 0.53718 0.0997638 0.115827
0.264644 9.9991E-05 0.453463 0.126296 0.155497
0.363243 0.0728604 0.542484 0.0213125 9.9991E-05
0.595775 9.9991E-05 0.2581 0.104389 0.0416359
0.500725 9.9991E-05 0.261494 0.162042 0.0756389
0.256846 9.9982E-05 0.674923 0.0680303 9.9982E-05
0.176932 0.0673742 0.673138 0.0517275 0.0308285
0.255296 0.0453366 0.422132 0.0670995 0.210136
0.211412 9.9991E-05 0.538331 0.104136 0.146022
0.436138 0.0746149 0.459204 0.0119703 0.0180728
0.268104 0.00664925 0.681014 0.0441331 9.9991E-05
0.227461 9.9991E-05 0.541746 0.135609 0.0950842
0.26437 0.0728195 0.468418 0.189433 0.00495932
0.0449543 0.322689 0.455132 0.169786 0.00743772
9.9991E-05 0.145471 0.465981 0.241313 0.147135
0.0655957 0.130116 0.497191 0.245992 0.0611057
0.046901 0.130955 0.676296 0.0779911 0.0678574
9.9991E-05 0.201837 0.539858 0.217431 0.0407744
0.203171 9.9991E-05 0.482475 0.0580156 0.256238
0.127334 0.160073 0.506941 0.168353 0.0372996
9.9982E-05 0.286569 9.9982E-05 0.169104 0.544127
0.0471991 0.138861 0.540784 0.185904 0.0872518
9.9991E-05 0.153787 0.627025 0.148161 0.0709273
0.079962 0.139316 0.462184 0.245961 0.0725767
0.17987 0.163859 0.295122 0.174714 0.186435
9.9991E-05 0.252125 0.563546 0.178635 0.00559476
9.9991E-05 0.110541 0.496397 0.259574 0.133388
9.9982E-05 0.487716 9.9982E-05 0.187975 0.324108
9.9991E-05 0.20288 0.544117 0.217658 0.0352441
0.0397067 0.23301 0.500533 0.22665 9.9991E-05
0.119541 0.0867153 0.542709 0.205283 0.0457512
9.9982E-05 0.174702 0.630343 0.194755 9.9982E-05
0.071917 0.159095 0.522228 0.170656 0.0761046
0.0622215 0.100018 0.450143 0.0438651 0.343753
9.9991E-05 0.0930941 0.518053 0.127508 0.261245
0.0330104 9.9982E-05 0.112573 9.9982E-05 0.854216
0.0693823 9.9982E-05 0.121053 9.9982E-05 0.809365
0.114998 0.0730195 0.483424 0.142469 0.18609
0.0277431 0.100141 0.416875 0.364251 0.0909897
9.9991E-05 0.101758 0.24204 0.449333 0.206769
9.9991E-05 0.199062 0.0856969 0.383215 0.331926
9.9991E-05 0.200583 0.3249 0.325293 0.149124
9.9991E-05 0.0842418 0.0879581 0.152673 0.675027
9.9991E-05 0.108784 0.288329 0.110873 0.491914
9.9982E-05 9.9982E-05 0.658361 0.121028 0.220411
9.9991E-05 0.0687939 0.503991 0.143133 0.283982
9.9991E-05 0.109301 0.213033 0.166722 0.510844
0.0560339 9.9991E-05 0.540146 0.2136 0.19012
0.00254222 0.0452713 0.649011 0.0965819 0.206594
0.260946 0.0746504 0.370945 0.166914 0.126545
0.0988815 9.9982E-05 0.423561 9.9982E-05 0.477358
0.0361918 9.9991E-05 0.458179 0.0365992 0.46893
0.143864 0.058765 0.479529 0.127196 0.190647
0.0765666 0.0901218 0.355107 0.133384 0.344821
0.0890567 0.0490527 0.463607 0.203354 0.19493
0.0373012 9.9991E-05 0.609915 0.0081163 0.344567
0.134011 9.9991E-05 0.296998 0.00368036 0.56521
9.9991E-05 0.0518483 0.647293 0.029639 0.27112
0.0568603 9.9991E-05 0.270827 0.0440315 0.628181
9.9991E-05 0.0418149 0.457615 0.0884621 0.412008
0.0766193 0.0745369 0.532452 0.0951698 0.221222
9.9991E-05 0.00988336 0.600938 0.0473451 0.341734
9.9991E-05 0.25067 0.520705 0.1519 0.0766253
0.0437503 0.154938 0.388883 0.164538 0.247892
0.0751365 0.171119 0.311533 0.287303 0.154909
0.119195 0.180733 0.375372 0.202648 0.122053
0.122643 0.107071 0.396356 0.240061 0.13387
0.0430295 0.139741 0.470202 0.269957 0.0770702
9.9982E-05 0.220362 9.9982E-05 0.191387 0.588051
9.9991E-05 0.143618 0.623139 0.196908 0.0362356
9.9982E-05 0.398233 9.9982E-05 0.139311 0.462255
9.9991E-05 0.0406407 0.453182 0.278527 0.22755
9.9973E-05 9.9973E-05 0.239109 9.9973E-05 0.760591
0.131776 9.9991E-05 0.0235156 0.00529597 0.839313
0.026543 9.9991E-05 0.623214 0.000568694 0.349575
9.9982E-05 0.110226 0.734765 9.9982E-05 0.154809
0.0505829 9.9982E-05 0.547008 9.9982E-05 0.402209
9.9973E-05 9.9973E-05 0.629591 9.9973E-05 0.370109
9.9982E-05 9.9982E-05 0.651041 0.0639619 0.284797
0.0166422 0.807101 0.0886445 0.0474144 0.0401981
0.120765 0.731843 0.0219607 0.0918854 0.0335462
0.0478192 0.898421 9.9982E-05 0.0535595 9.9982E-05
9.9973E-05 0.965187 0.0345133 9.9973E-05 9.9973E-05
0.123029 0.0685349 0.582532 0.0510824 0.174822
0.149068 0.0528197 0.638198 9.9991E-05 0.159814
0.159414 9.9991E-05 0.677162 0.00344581 0.159878
0.04869 0.151608 0.756448 0.00633493 0.0369192
0.0371237 0.0459955 0.575657 0.108694 0.232529
0.188227 0.00927816 0.40986 9.9991E-05 0.392535
9.9991E-05 0.0306412 0.742291 0.0252937 0.201674
0.0081337 0.0395311 0.513326 9.9991E-05 0.438909
0.0417827 0.233305 0.538415 0.186397 9.9991E-05
0.0820055 9.9982E-05 0.615438 9.9982E-05 0.302356
0.183335 0.0321215 0.495697 9.9991E-05 0.288747
0.078999 9.9982E-05 0.702897 9.9982E-05 0.217904
0.109544 0.0234957 0.528642 9.9991E-05 0.338218
9.9973E-05 9.9973E-05 0.72213 9.9973E-05 0.27757
9.9982E-05 0.0509862 0.80278 9.9982E-05 0.146034
9.9973E-05 9.9973E-05 0.308067 9.9973E-05 0.691633
0.0749655 0.00499014 0.41509 0.00782223 0.497132
0.0387991 0.0464632 0.496728 9.9991E-05 0.41791
9.9973E-05 9.9973E-05 0.0825671 9.9973E-05 0.917133
0.23521 0.0610975 0.552569 9.9991E-05 0.151024
0.0145586 9.9982E-05 0.285322 9.9982E-05 0.699919
0.0595855 0.00331704 0.0765133 9.9991E-05 0.860484
0.0365179 0.0248465 0.670176 0.0661016 0.202358
0.185439 9.9982E-05 0.379251 9.9982E-05 0.43511
0.179219 0.0156585 0.591058 0.0412613 0.172803
9.9991E-05 0.126457 0.6387 0.126618 0.108125
0.167425 0.0108367 0.686519 9.9991E-05 0.135119
0.308191 9.9991E-05 0.410867 0.0792964 0.201545
9.9982E-05 0.0321621 0.685313 9.9982E-05 0.282325
0.177122 0.0608103 0.642616 9.9991E-05 0.119351
0.0149969 9.9982E-05 0.52153 9.9982E-05 0.463273
0.0635532 0.0685097 0.592067 0.0511949 0.224676
0.286124 0.61996 9.9982E-05 9.9982E-05 0.0937157
0.0669841 0.764626 0.0379579 9.9991E-05 0.130332
0.150313 0.81338 9.9982E-05 9.9982E-05 0.0361075
0.148802 0.815426 9.9982E-05 9.9982E-05 0.0355716
0.191676 0.738379 0.0611565 9.9991E-05 0.00868857
0.331475 9.9982E-05 0.263635 9.9982E-05 0.40469
0.188265 0.0544467 0.298923 9.9991E-05 0.458265
9.9973E-05 9.9973E-05 0.385481 9.9973E-05 0.614219
0.0303313 0.0797297 0.646677 0.0351198 0.208143
0.0668732 0.0843467 0.597677 0.158832 0.0922714
9.9991E-05 0.019662 0.461292 0.0107452 0.5082
9.9982E-05 9.9982E-05 0.725537 0.089797 0.184466
9.9982E-05 0.137738 0.576078 9.9982E-05 0.285984
0.126414 0.0601153 0.714535 9.9991E-05 0.0988359
0.0131049 0.0489598 0.77416 9.9991E-05 0.163675
0.227904 9.9982E-05 0.394797 9.9982E-05 0.377099
0.152801 9.9982E-05 0.557026 9.9982E-05 0.289973
0.283271 9.9982E-05 0.509938 9.9982E-05 0.206591
9.9982E-05 0.220774 0.678864 9.9982E-05 0.100162
0.161325 9.9982E-05 0.608592 9.9982E-05 0.229883
0.114329 0.0136559 0.5928 9.99923E-05 0.279115
0.116479 0.145357 0.321183 0.411551 0.00542942
0.0616279 0.0942234 0.313886 0.530163 9.9991E-05
9.9982E-05 0.133629 0.406647 0.459524 9.9982E-05
9.9982E-05 0.237524 0.331193 0.431082 9.9982E-05
0.0194273 0.176333 0.518438 0.285701 9.9991E-05
9.9991E-05 0.00493093 0.618457 0.108079 0.268433
9.9991E-05 0.294532 0.0139836 0.674847 0.0165378
0.0589477 0.173045 0.235233 0.518119 0.0146546
0.0751524 0.155962 0.34922 0.229651 0.190014
9.9982E-05 0.170653 0.686807 9.9982E-05 0.142339
0.07461 0.0930095 0.540849 0.0376651 0.253866
0.155257 0.118171 0.518777 0.121871 0.0859235
0.0844917 0.149868 0.682413 0.0573882 0.025839
9.9982E-05 0.189415 0.349587 0.460798 9.9982E-05
0.0943022 0.177802 0.264031 0.422131 0.0417331
9.9982E-05 0.105591 0.386074 0.508135 9.9982E-05
0.0514841 0.118444 0.455466 0.370184 0.00442242
0.0352559 0.137104 0.275407 0.552133 9.9991E-05
0.0015824 0.150929 0.456731 0.360006 0.0307515
0.0121772 0.147589 0.207289 0.594234 0.0387109
0.0750181 0.087365 0.369386 0.44579 0.022441
9.9991E-05 0.127597 0.580451 0.0456369 0.246215
9.9982E-05 0.227841 0.466073 0.305886 9.9982E-05
9.9991E-05 0.176457 0.159858 0.655887 0.00769878
0.141377 0.117764 0.2918 0.422025 0.027034
0.296009 0.16183 0.261605 9.9991E-05 0.280456
0.161151 0.0196331 0.538452 0.136269 0.144494
0.0907953 0.135864 0.334611 0.377951 0.0607794
0.0521777 0.173638 0.624951 0.0153305 0.133903
0.0386754 0.182275 0.586561 9.9991E-05 0.192389
9.9991E-05 0.233327 0.414535 0.192453 0.159584
9.9991E-05 0.236719 0.351463 0.268703 0.143016
0.0744356 0.094374 0.596457 0.0969257 0.137807
0.102151 0.150461 0.354801 0.384279 0.0083085
9.9982E-05 0.0809104 0.404575 0.514314 9.9982E-05
9.9991E-05 0.192788 0.136253 0.665453 0.00540658
9.9991E-05 0.177548 0.636882 0.0673182 0.118152
0.0708405 0.162559 0.555307 9.9991E-05 0.211193
9.9991E-05 0.132949 0.165936 0.0893139 0.6117
0.087219 0.17647 0.592533 0.0836439 0.0601336
0.224246 0.119165 0.4926 0.0600849 0.103904
0.0507007 0.207906 0.483166 0.105959 0.152268
0.0612266 0.156837 0.572276 0.0697809 0.139879
9.9982E-05 0.359061 9.9982E-05 0.212148 0.428591
9.9982E-05 0.394677 9.9982E-05 0.119355 0.485769
0.044571 0.145692 0.227213 0.183545 0.398979
9.9982E-05 0.375924 9.9982E-05 0.275091 0.348785
9.9982E-05 0.469059 9.9982E-05 0.267946 0.262795
9.9991E-05 0.128537 0.364943 0.173346 0.333074
0.0252561 0.196331 0.271198 0.252965 0.25425
9.9991E-05 0.331444 0.170166 0.165326 0.332964
0.0168782 0.332256 0.0524566 0.206149 0.39226
0.0483221 0.0996272 0.542154 0.182046 0.127851
9.9991E-05 0.203207 0.153981 0.17572 0.466993
9.9982E-05 0.515266 9.9982E-05 0.0603208 0.424213
0.182021 0.078247 0.421515 0.174583 0.143635
0.0786234 0.204162 0.339782 0.27585 0.101582
9.9982E-05 0.350369 0.514489 0.134942 9.9982E-05
9.9982E-05 0.181757 0.525692 0.292351 9.9982E-05
9.9982E-05 0.19998 0.576347 0.223473 9.9982E-05
9.9991E-05 0.191544 0.429863 0.316056 0.0624377
9.9982E-05 0.379083 0.386854 0.233863 9.9982E-05
0.042707 0.255271 0.537038 0.164885 9.9991E-05
0.0636931 0.182944 0.350899 0.402364 9.9991E-05
0.0103551 0.257165 0.329083 0.3014 0.101997
0.158251 0.143573 0.377975 0.165774 0.154427
0.0633627 0.243962 0.620354 0.0722208 9.9991E-05
0.0642121 0.189818 0.498308 0.149979 0.0976825
9.9991E-05 0.151449 0.60646 0.172803 0.0691879
9.9982E-05 0.371938 0.354788 0.273074 9.9982E-05
0.0572685 0.247792 0.476065 0.218774 9.9991E-05
9.9991E-05 0.383249 0.184125 0.226672 0.205854
0.0728693 0.128424 0.480241 0.318366 9.9991E-05
9.9991E-05 0.286024 0.187488 0.330348 0.19604
0.121108 0.808552 0.00996679 9.9991E-05 0.0602733
0.761076 0.0679038 0.114747 0.0395513 0.0167215
0.993483 0.00621663 9.9973E-05 9.9973E-05 9.9973E-05
0.984502 0.015198 9.9973E-05 9.9973E-05 9.9973E-05
0.965446 9.9982E-05 0.0126949 0.0216594 9.9982E-05
0.949703 0.00628333 0.0222429 0.0216703 9.9991E-05
0.929165 9.9973E-05 0.0705355 9.9973E-05 9.9973E-05
0.942887 0.0568126 9.9973E-05 9.9973E-05 9.9973E-05
0.8006 0.1991 9.9973E-05 9.9973E-05 9.9973E-05
0.0395065 0.90547 0.0491881 9.9991E-05 0.00573575
0.094966 0.835687 0.0691472 9.9982E-05 9.9982E-05
9.9982E-05 0.926246 0.0366631 0.0368907 9.9982E-05
0.150524 0.794182 0.0550945 9.9982E-05 9.9982E-05
0.0317989 0.916768 9.9982E-05 0.0512332 9.9982E-05
0.0681248 0.931575 9.9973E-05 9.9973E-05 9.9973E-05
0.103153 0.753176 0.0338007 0.109771 9.9991E-05
0.0148423 0.880848 0.0105665 0.0936432 9.9991E-05
0.136524 0.753882 9.9991E-05 0.0604732 0.049021
9.9973E-05 0.91059 9.9973E-05 0.0891105 9.9973E-05
0.017036 0.952908 0.0192458 9.9991E-05 0.01071
0.0646411 0.844722 0.0211031 0.0694334 9.9991E-05
0.0335826 0.942127 9.9982E-05 0.0240905 9.9982E-05
9.9982E-05 0.924346 0.065906 0.00954783 9.9982E-05
0.0540426 0.870022 0.0391116 0.036724 9.9991E-05
9.9982E-05 0.861557 0.099483 0.0387604 9.9982E-05
9.9982E-05 0.783195 0.0596052 0.157 9.9982E-05
9.9982E-05 0.771999 0.143251 0.0845503 9.9982E-05
9.9982E-05 0.821691 0.146486 0.031623 9.9982E-05
0.0786401 0.170077 0.432888 0.100886 0.21751
9.9982E-05 0.0918019 0.754286 9.9982E-05 0.153713
0.153581 0.183054 0.647653 0.0138595 0.00185228
0.0142926 0.109174 0.152407 0.0467951 0.677331
0.103755 0.179295 0.598236 9.9991E-05 0.118613
9.9991E-05 0.177426 0.133975 0.0606562 0.627842
9.9991E-05 0.0675221 0.717365 0.0326251 0.182387
0.146277 0.0973718 0.49419 9.9991E-05 0.262061
0.0246552 0.120743 0.619524 9.9991E-05 0.234977
0.093434 0.00494562 0.603705 0.0157674 0.282148
0.151027 0.176448 0.533665 9.9991E-05 0.138759
0.0191725 0.0922402 0.710895 0.0386972 0.138995
0.106975 0.160173 0.594312 9.9991E-05 0.13844
0.568636 9.9991E-05 0.0527941 0.10537 0.2731
0.112631 0.11863 9.9982E-05 9.9982E-05 0.768539
0.0184085 0.110877 0.179737 0.0323198 0.658658
0.185978 0.0505848 0.710197 0.0355165 0.0177234
0.00788737 0.123064 0.557904 0.0624191 0.248725
9.9991E-05 0.146366 0.625763 0.0116001 0.216171
9.9991E-05 0.0999971 0.733042 0.0374394 0.129421
0.0554621 0.2133 0.495018 0.209854 0.0263649
0.0731669 0.19168 0.604428 0.130625 9.9991E-05
0.19131 0.372591 0.121082 0.243192 0.0718251
0.06982 0.157757 0.705699 0.0304389 0.036285
0.163865 0.235712 0.456825 0.141208 0.00239056
9.9982E-05 0.439443 9.9982E-05 0.182161 0.378197
9.9991E-05 0.280203 0.307949 0.237094 0.174654
0.0635717 0.385119 0.298735 0.206789 0.0457856
0.128679 0.322306 0.406773 0.142141 9.9991E-05
0.100021 0.141008 0.478415 0.208059 0.0724974
0.0229176 0.189912 0.519759 0.189976 0.0774352
9.9991E-05 0.187676 0.653672 0.138265 0.0202866
9.9991E-05 0.22857 0.407749 0.214401 0.14918
0.00701365 0.488298 0.36419 0.140398 9.9991E-05
