0.077465 9.9982E-05 0.0412946 0.88104 9.9982E-05
0.0589033 9.9973E-05 9.9973E-05 0.940797 9.9973E-05
0.0706794 9.9991E-05 0.0641022 0.802852 0.0622661
0.092201 9.9982E-05 0.131417 0.776182 9.9982E-05
0.0430762 9.9991E-05 0.057742 0.888639 0.010443
0.0715633 0.126648 0.0104749 0.646613 0.144701
9.9982E-05 0.128871 0.000329855 0.870599 9.9982E-05
0.140493 0.0737047 9.9991E-05 0.754323 0.0313788
0.0786464 0.0713766 9.9982E-05 0.849777 9.9982E-05
0.0612197 0.0573996 0.0699039 0.679893 0.131584
0.123257 0.0269021 9.9991E-05 0.765234 0.0845072
0.430615 0.165561 0.0804524 9.9991E-05 0.323272
0.302846 0.00887735 0.13027 0.0179718 0.540035
0.468848 0.131514 0.11958 9.9991E-05 0.279958
0.352054 0.06741 0.189153 0.0634836 0.327899
0.177751 0.0975571 0.179753 0.121425 0.423514
0.0702771 0.0549749 0.158404 0.0839627 0.632381
0.25838 0.0879331 0.124614 9.9991E-05 0.528972
0.302237 0.134378 0.0405146 0.153041 0.369829
0.619677 0.221146 0.0576477 0.0342414 0.0672882
0.383688 9.9982E-05 0.0747978 9.9982E-05 0.541314
0.221659 0.237963 0.173092 0.0419627 0.325324
0.213828 0.0275914 0.0373406 0.0697546 0.651486
0.338311 0.175093 0.136414 0.00801564 0.342166
0.126748 0.0746462 0.179729 0.0439439 0.574932
0.285593 0.00895136 0.184973 9.9991E-05 0.520383
0.526811 0.0842791 0.0680642 0.0354955 0.28535
0.433174 0.105247 0.215761 0.00253154 0.243286
0.46212 0.169236 0.021004 9.9991E-05 0.34754
9.9982E-05 9.9982E-05 0.0468408 0.846239 0.10672
9.9973E-05 9.9973E-05 9.9973E-05 0.843799 0.155901
9.9982E-05 9.9982E-05 0.020144 0.806483 0.173173
9.9982E-05 9.9982E-05 0.066091 0.763435 0.170275
0.156821 0.116517 9.9991E-05 0.0357602 0.690802
0.124695 0.127041 0.00696777 0.120656 0.62064
9.9982E-05 0.235 0.0198168 9.9982E-05 0.744983
0.611772 0.0606991 0.00423124 0.0751024 0.248196
0.000357146 0.427882 0.0145325 0.0216149 0.535613
0.14144 0.0849037 0.125068 0.0838044 0.564784
9.9991E-05 0.0979457 0.0338719 0.0677269 0.800355
0.00736917 0.119874 9.9991E-05 0.171323 0.701333
0.11295 0.0348902 0.0325962 0.0997679 0.719796
0.219373 0.462212 9.9991E-05 0.000666612 0.317648
0.0572274 0.112128 0.0914011 0.102255 0.636988
9.9991E-05 0.237382 0.11004 0.0510452 0.601433
9.9991E-05 0.0603573 0.194322 0.148136 0.597084
0.0360585 0.407032 9.9982E-05 9.9982E-05 0.55671
0.0911286 0.146981 0.0595171 9.9991E-05 0.702273
0.00684046 0.0937179 0.0786894 0.177011 0.643741
0.0494964 0.758997 9.9991E-05 0.101881 0.0895263
0.445636 0.281485 0.00543164 9.9991E-05 0.267348
0.219782 0.547606 0.0213075 0.0500868 0.161219
0.231842 0.0634266 0.137115 0.0911619 0.476455
9.9991E-05 0.122202 0.141953 0.126481 0.609264
0.100699 0.114829 0.105812 0.135246 0.543414
0.455327 0.156694 9.9991E-05 0.0985054 0.289374
0.226458 0.0560597 0.0755231 9.9991E-05 0.641859
0.153665 0.0898117 0.203383 0.0213222 0.531818
0.23335 0.174212 0.0211544 0.140423 0.430861
0.360124 0.243674 0.0328003 0.237959 0.125443
0.143547 0.00387012 0.0141817 0.0789611 0.75944
0.339557 0.107001 0.0927156 0.0154743 0.445252
0.521113 0.285908 9.9991E-05 0.0641253 0.128754
0.257972 0.145461 0.0300987 9.9991E-05 0.566369
0.0290902 0.150799 0.120102 0.0208123 0.679197
0.155734 0.0536425 0.154225 0.0577302 0.578668
0.293802 0.261987 0.024876 0.0374618 0.381873
0.126194 0.168132 0.0635264 0.072528 0.56962
0.101394 0.0278668 0.00796867 0.151389 0.711382
0.357735 0.311949 9.9991E-05 0.0414285 0.288788
0.0512248 0.172176 9.9982E-05 9.9982E-05 0.776399
0.176308 0.355358 9.9982E-05 9.9982E-05 0.468134
0.150477 0.120656 0.0380862 0.0567868 0.633995
0.0365267 0.748487 9.9982E-05 9.9982E-05 0.214786
0.0789225 0.691256 9.9982E-05 9.9982E-05 0.229621
0.0224008 0.5076 9.9982E-05 9.9982E-05 0.469799
0.0849241 0.251114 9.9991E-05 0.014696 0.649166
0.173005 0.0810324 0.0801273 0.0930354 0.572799
0.0972527 0.231206 0.0298105 0.0146168 0.627114
0.284619 0.268011 9.9991E-05 0.022747 0.424523
0.340477 0.228667 9.9991E-05 0.00349277 0.427263
0.00427242 0.191539 0.108216 0.0879822 0.607991
0.119757 0.318474 9.9991E-05 0.0219296 0.539739
0.0723887 0.272268 9.9991E-05 0.0591691 0.596074
9.9973E-05 0.365071 9.9973E-05 9.9973E-05 0.634629
0.0782482 0.761957 9.9982E-05 9.9982E-05 0.159595
0.073705 0.150086 0.0668979 9.9991E-05 0.709211
0.0795322 9.9991E-05 0.0524515 0.784157 0.0837589
9.9973E-05 9.9973E-05 9.9973E-05 0.934824 0.0648761
9.9982E-05 9.9982E-05 0.0340765 0.909333 0.0563901
9.9982E-05 9.9982E-05 0.0155929 0.935623 0.0485845
9.9982E-05 9.9982E-05 0.010401 0.892659 0.0967398
0.0171534 9.9991E-05 0.0379548 0.907583 0.0372086
9.9982E-05 9.9982E-05 0.00908018 0.938652 0.052068
0.00289876 0.207133 0.0586311 0.113802 0.617535
0.0423 0.026813 9.9991E-05 0.205666 0.725121
0.106828 0.61096 9.9982E-05 9.9982E-05 0.282012
0.0973071 0.0733417 0.0776838 0.0790023 0.672665
0.141154 0.234487 9.9991E-05 0.032901 0.591358
9.9991E-05 0.0962038 0.0345315 0.157774 0.711391
9.9991E-05 0.194927 0.0119523 0.0530509 0.739969
0.0169739 0.197051 0.00806276 0.0815509 0.696361
0.292643 0.49618 9.9991E-05 0.0176109 0.193466
0.0663634 0.118896 0.0741072 0.169034 0.571599
0.0302638 0.0839506 0.0926712 0.0497768 0.743338
0.0741534 0.0635364 0.13185 0.0880108 0.64245
9.9973E-05 0.488854 9.9973E-05 9.9973E-05 0.510846
0.019222 0.305968 0.0244675 9.9991E-05 0.650242
0.100667 0.230073 0.00589506 9.9991E-05 0.663265
9.9982E-05 0.384217 0.0764428 9.9982E-05 0.539141
0.0954666 0.243096 9.9991E-05 0.0923875 0.56895
9.9991E-05 0.151141 0.0414723 0.144968 0.662319
0.26756 0.364035 0.0103273 0.0685089 0.289568
0.34749 0.00146281 0.0875428 0.125714 0.437791
0.092811 0.149182 0.129008 0.0963521 0.532647
0.13291 0.0728881 0.119565 0.0671638 0.607474
0.356214 0.05473 0.0137217 0.0168339 0.558501
0.221724 0.00942455 0.0828429 0.0266902 0.659318
0.418181 0.00798411 0.0657587 0.0251171 0.482959
0.151069 0.0655738 0.0627029 0.111596 0.609058
0.216597 0.0294137 0.120932 0.093539 0.539518
0.166225 0.109953 0.0271137 0.0427177 0.653991
0.292246 0.0912825 9.9982E-05 9.9982E-05 0.616271
0.103507 0.0828961 0.163341 0.087257 0.562999
0.102734 0.0842904 0.219832 0.105787 0.487357
0.214381 0.00537766 0.0917728 0.029877 0.658592
0.0882162 0.0315071 0.0853725 0.0716527 0.723251
0.218819 0.0476956 0.148659 9.9991E-05 0.584726
0.292508 0.159293 0.0793147 0.102233 0.366651
0.245148 9.9991E-05 0.134711 0.0252124 0.594828
0.228909 0.0107803 0.12042 0.0106799 0.62921
0.472065 0.134493 0.0842683 9.9991E-05 0.309073
0.325967 0.424896 0.135131 0.00546646 0.10854
0.183263 0.0980268 0.00566453 0.0773322 0.635714
0.338316 0.422413 0.0838023 9.9991E-05 0.155369
0.431764 0.131594 0.0231562 0.0674072 0.346078
0.324175 0.142705 0.00192085 9.9991E-05 0.531099
0.432541 0.11345 9.9991E-05 0.0447478 0.409161
0.562176 0.087951 9.9982E-05 9.9982E-05 0.349673
0.135483 0.0773862 0.0476658 0.0572708 0.682194
0.194548 0.111161 0.098544 0.0565267 0.53922
0.2201 0.00835927 0.0932257 0.127928 0.550387
0.395174 0.365034 0.0893109 9.9991E-05 0.150381
0.0193075 0.119257 9.9991E-05 0.173387 0.687949
0.0814339 0.247815 0.0879248 0.101957 0.48087
0.181283 0.573212 0.00179304 0.194906 0.0488066
9.9991E-05 0.120009 0.0825583 0.149662 0.64767
0.109747 0.339193 0.0892327 0.135258 0.32657
0.0752547 0.120827 0.127659 0.103433 0.572826
0.0763628 0.407475 0.0558906 0.136592 0.323679
0.120561 0.376611 9.9991E-05 0.190724 0.312003
0.125755 0.264354 9.9991E-05 0.100348 0.509443
0.0828501 0.164741 0.0951354 0.0611887 0.596085
0.0530834 0.227174 0.129893 0.166911 0.422938
0.103777 0.578023 0.210855 0.0736841 0.0336608
0.208529 0.0946333 0.117623 0.0716063 0.507608
0.0563656 0.474664 9.9982E-05 9.9982E-05 0.46877
0.102707 0.283134 0.0310325 9.9991E-05 0.583027
0.100625 0.032813 0.0974447 0.113263 0.655854
9.9991E-05 0.16239 0.243282 0.400457 0.193772
9.9982E-05 0.227511 0.163873 0.608417 9.9982E-05
9.9982E-05 0.357652 0.142689 0.499459 9.9982E-05
0.0711395 0.114543 0.386294 0.396628 0.0313952
9.9982E-05 0.225969 0.0619923 9.9982E-05 0.711838
9.9991E-05 0.106981 0.0858058 0.141602 0.665512
0.00324387 9.9982E-05 0.722271 9.9982E-05 0.274285
0.147628 9.9991E-05 0.519628 0.00354045 0.329103
9.9991E-05 0.128331 0.471545 0.0570529 0.342972
9.9991E-05 0.496277 0.0295167 0.0510835 0.423023
0.0974801 0.149883 0.189777 0.0590176 0.503842
9.9991E-05 0.690366 0.0770451 0.012144 0.220344
0.0202913 0.183148 0.036493 0.0463973 0.71367
0.025682 0.31882 0.0526213 0.0554919 0.547385
9.9991E-05 0.275667 0.0541665 0.0654323 0.604634
0.0261381 0.643187 0.00516256 0.0321115 0.293401
0.106897 0.116474 0.105458 0.0406677 0.630504
0.00195507 0.20669 0.0297013 0.116734 0.644919
9.9973E-05 0.0311794 0.968521 9.9973E-05 9.9973E-05
9.9973E-05 9.9973E-05 0.871188 9.9973E-05 0.128512
9.9982E-05 9.9982E-05 0.630756 0.0390302 0.330014
9.9982E-05 9.9982E-05 0.680827 0.0170479 0.301925
9.9982E-05 0.0257089 0.793236 9.9982E-05 0.180855
9.997E-05 9.997E-05 0.9996 9.997E-05 9.997E-05
0.0213554 9.9973E-05 0.978345 9.9973E-05 9.9973E-05
9.9973E-05 9.9973E-05 0.929302 9.9973E-05 0.0703984
0.0365561 9.9982E-05 0.935447 9.9982E-05 0.0277973
9.997E-05 9.997E-05 0.9996 9.997E-05 9.997E-05
9.997E-05 9.997E-05 0.9996 9.997E-05 9.997E-05
9.9982E-05 9.9982E-05 0.821532 0.0417698 0.136499
0.0438511 9.9991E-05 0.830962 0.0366726 0.0884147
0.0292183 9.9973E-05 0.970482 9.9973E-05 9.9973E-05
0.0938685 9.9991E-05 0.426574 0.101625 0.377833
0.0668135 9.9991E-05 0.713905 0.0582335 0.160948
0.00537367 9.9991E-05 0.769362 0.0288583 0.196306
0.000982057 9.9991E-05 0.946375 0.00111717 0.0514258
9.9973E-05 0.0021862 0.997514 9.9973E-05 9.9973E-05
0.00185537 9.9991E-05 0.884318 0.0475063 0.0662205
9.997E-05 9.997E-05 0.9996 9.997E-05 9.997E-05
0.0751107 9.9991E-05 0.648771 0.0680452 0.207973
0.0738867 9.9991E-05 0.884734 0.00137775 0.0399016
9.9982E-05 0.565265 0.0749551 0.35958 9.9982E-05
0.0731621 0.134374 0.0684614 0.23004 0.493962
0.0247119 0.209357 0.0824958 0.235823 0.447612
0.0136643 0.436282 0.194587 0.211721 0.143746
0.057427 0.177722 0.196449 0.207053 0.361348
9.9991E-05 0.361805 0.119048 0.29761 0.221437
0.0670781 0.14561 0.0942286 0.250149 0.442935
9.9991E-05 0.300504 0.1876 0.170125 0.341671
9.9991E-05 0.127657 0.204364 0.184924 0.482954
9.9991E-05 0.25239 0.208998 0.166352 0.372161
9.9991E-05 0.182116 0.0894808 0.251568 0.476735
0.108451 0.000765419 9.9991E-05 0.84702 0.0436635
9.9982E-05 9.9982E-05 0.0359471 0.9485 0.0153526
0.0337022 9.9982E-05 9.9982E-05 0.964072 0.00202575
0.0644843 9.9973E-05 9.9973E-05 0.935216 9.9973E-05
0.0879932 9.9991E-05 0.00836395 0.878148 0.025395
9.9982E-05 0.0336294 0.0799094 0.886261 9.9982E-05
0.0114116 9.9982E-05 0.10376 0.884628 9.9982E-05
9.9991E-05 0.0907757 0.00780041 0.878895 0.0224284
0.0079286 0.0173473 0.00878324 0.927141 0.0387998
0.0524848 0.00699672 0.0824073 0.858011 9.9991E-05
0.233086 0.119448 9.9982E-05 0.647266 9.9982E-05
0.348478 0.0579399 9.9982E-05 0.593383 9.9982E-05
0.311604 0.157485 9.9982E-05 0.530711 9.9982E-05
0.347602 0.171255 9.9991E-05 0.474215 0.00682735
0.147178 0.100674 9.9991E-05 0.0399463 0.712102
0.0220172 0.242078 0.00484785 0.0889911 0.642065
0.262115 0.0306268 0.11807 0.00318844 0.586
0.300799 0.135099 9.9991E-05 0.0472575 0.516745
0.598641 0.131158 0.0109425 0.0161188 0.243139
0.0865628 0.0996798 0.124861 0.0380359 0.65086
0.139708 0.131266 0.038028 9.9991E-05 0.690898
0.0679522 0.27764 0.036086 9.9991E-05 0.618221
9.9982E-05 0.409195 0.0505813 9.9982E-05 0.540024
0.0976837 0.124333 0.115559 0.038729 0.623695
0.16742 0.250656 0.0278452 0.00325941 0.550819
0.135096 0.75051 9.9982E-05 9.9982E-05 0.114194
0.0234352 0.156181 9.9991E-05 0.154267 0.666017
0.0755965 0.506222 0.00728918 9.9991E-05 0.410793
0.0266552 0.224719 9.9982E-05 9.9982E-05 0.748425
0.260446 0.461092 9.9991E-05 0.0125269 0.265835
0.778666 0.106956 9.9982E-05 0.114178 9.9982E-05
0.80859 0.0225443 9.9991E-05 0.104566 0.0641991
0.924341 0.0375395 9.9982E-05 0.0379196 9.9982E-05
0.852557 0.0301828 9.9982E-05 0.11706 9.9982E-05
0.897774 0.079727 0.016994 0.00137937 0.00412538
0.86931 9.9982E-05 0.0787531 0.0517365 9.9982E-05
9.9982E-05 9.9982E-05 0.0319903 0.867877 0.0999326
0.127399 9.9991E-05 0.03451 0.790925 0.0470656
9.9982E-05 9.9982E-05 0.0847709 0.747349 0.16768
0.0649395 9.9991E-05 0.143723 0.767132 0.0241054
0.0498313 9.9991E-05 0.121636 0.801884 0.0265486
0.539349 0.0795044 9.9982E-05 0.380947 9.9982E-05
0.400291 0.0820819 9.9982E-05 0.517427 9.9982E-05
0.477621 0.113514 9.9982E-05 0.408666 9.9982E-05
0.00517702 9.9991E-05 0.00490043 0.852102 0.137721
0.512798 0.122177 0.00141752 0.363508 9.9991E-05
0.0342889 0.105676 0.452717 0.23393 0.173389
0.0182896 9.9991E-05 0.271248 0.165024 0.545338
9.9982E-05 9.9982E-05 0.367229 0.20375 0.428821
9.9991E-05 0.0864604 0.170274 0.362677 0.380489
0.0119445 0.0819783 0.190368 0.230247 0.485463
9.9982E-05 0.193338 0.310185 0.496277 9.9982E-05
0.281943 0.131261 0.0185463 0.00956973 0.55868
0.19516 0.328699 0.0834796 0.0158981 0.376763
0.512372 0.0112981 0.0296394 0.0690975 0.377593
0.218968 0.217611 0.0356762 0.00180779 0.525936
0.172146 0.827554 9.9973E-05 9.9973E-05 9.9973E-05
0.222074 0.00929153 0.0599787 0.0713886 0.637267
0.208313 0.125437 0.121916 0.01598 0.528354
0.469714 0.130702 0.00126364 0.0333873 0.364933
0.170166 9.9991E-05 0.14951 0.0501618 0.630062
0.275684 0.519763 9.9991E-05 0.0041347 0.200318
0.148483 0.265969 0.127691 9.9991E-05 0.457756
0.237169 0.0574145 0.0267972 0.0501099 0.62851
0.0145445 0.12709 0.189718 0.195381 0.473267
0.257326 0.255767 0.01783 9.9991E-05 0.468977
0.303086 0.139851 0.0633922 0.0324239 0.461247
0.129045 0.170666 0.18087 0.000572356 0.518846
0.0941785 0.175666 9.9991E-05 0.0560558 0.674
0.162833 0.0216322 0.177431 0.00130916 0.636794
0.0899156 0.0834503 0.112804 0.131957 0.581873
0.154039 0.0396836 0.0198042 0.155126 0.631347
9.9982E-05 9.9982E-05 0.0925414 0.787342 0.119917
9.9991E-05 0.0445015 0.0402816 0.835611 0.0795063
0.0527739 0.082967 9.9991E-05 0.810548 0.0536108
0.0292119 0.0741645 0.0202586 0.820873 0.055492
9.9982E-05 9.9982E-05 0.0389079 0.832529 0.128363
0.666088 0.0519496 0.0347363 0.0259659 0.22126
0.114527 0.205614 0.137655 0.0779774 0.464227
0.0922789 0.161407 0.216691 0.182338 0.347285
0.210645 9.9982E-05 0.202632 9.9982E-05 0.586523
0.237543 0.0229245 0.00736456 0.0970826 0.635085
0.397108 0.225194 0.138319 9.9991E-05 0.239279
0.53511 0.261313 9.9991E-05 0.148749 0.0547277
0.235511 0.0513641 0.0565285 0.0600371 0.596559
0.47805 0.180061 0.0178852 0.0533583 0.270645
0.28372 0.141976 0.140055 0.0521196 0.38213
0.503237 0.188895 9.9991E-05 0.119645 0.188123
0.184145 0.0231773 0.0795446 0.100791 0.612343
0.550759 0.0981096 9.9991E-05 0.0893936 0.261637
0.263365 0.246997 0.117602 0.0385556 0.33348
0.0892677 0.210904 0.0245765 0.0991993 0.576053
0.106305 0.396836 0.0469718 0.086044 0.363844
9.9991E-05 0.252512 0.0728212 0.0862093 0.588358
0.0163201 0.243946 0.0392358 0.104588 0.59591
0.0773888 0.397037 9.9991E-05 0.0535189 0.471956
0.0723047 0.187006 0.0701695 0.103868 0.566652
9.9982E-05 0.315479 9.9982E-05 0.084413 0.599908
0.13308 0.685557 9.9982E-05 9.9982E-05 0.181163
0.00850734 0.594027 9.9991E-05 0.0215101 0.375855
0.101212 0.32602 0.0291561 0.0107171 0.532895
0.155873 0.593262 9.9982E-05 9.9982E-05 0.250665
0.151573 0.279161 9.9991E-05 0.0477566 0.521409
0.615977 0.188177 0.100722 9.9991E-05 0.0950243
0.329952 0.308518 0.0632763 9.9991E-05 0.298155
0.464601 0.0253925 0.114992 9.9991E-05 0.394915
0.17925 9.9991E-05 0.116442 0.0498195 0.654389
0.469092 0.132952 9.9982E-05 9.9982E-05 0.397756
0.165017 0.169371 0.188102 0.0750178 0.402492
0.24859 9.9991E-05 0.148338 0.0475029 0.55547
0.299486 0.0947413 0.147547 0.00651183 0.451714
0.33575 0.0196546 0.164739 0.0135187 0.466337
0.341161 0.0389846 0.0406104 0.0695439 0.5097
0.538777 0.00691725 0.0865487 9.9991E-05 0.367657
0.438405 0.0602854 0.0846219 9.9991E-05 0.416588
0.275776 0.0426903 0.162323 9.9991E-05 0.519111
0.15289 0.0268773 0.0710015 0.0156356 0.733596
0.158164 0.237128 9.9991E-05 0.0956473 0.50896
0.173745 0.101868 0.167063 9.9991E-05 0.557224
0.425487 0.0507139 0.0921995 0.0608658 0.370734
0.172153 0.0756406 0.0392454 0.062121 0.65084
0.322546 0.0118681 0.17145 0.0143786 0.479757
0.0636337 0.0980489 0.156797 0.111669 0.569852
0.0422899 0.0157441 0.133793 0.392938 0.415235
9.9991E-05 0.0900058 0.278063 0.157602 0.47423
0.0857095 0.104327 0.134815 0.137934 0.537215
0.0240458 0.1209 0.181905 0.108229 0.56492
9.9991E-05 0.0185289 0.251449 0.241567 0.488355
0.232435 0.224162 0.110582 9.9991E-05 0.43272
0.0696767 0.0221754 0.0865462 0.218001 0.603601
9.9982E-05 0.530756 0.194725 0.274319 9.9982E-05
0.0595022 0.0794901 0.30649 0.0785317 0.475986
0.0257584 0.0104123 0.173243 0.196167 0.594419
0.0493917 0.0722244 0.257235 0.113828 0.507321
0.02593 0.248939 0.188301 0.194029 0.342801
0.000363113 0.0548185 0.0922711 0.2611 0.591447
0.00915066 0.0157795 0.103766 0.232255 0.639049
9.9982E-05 0.286029 0.229038 0.484734 9.9982E-05
0.0413066 9.9991E-05 0.278324 0.14546 0.534809
0.0377136 9.9991E-05 0.255629 0.131527 0.575031
9.9991E-05 0.180078 0.190358 0.140448 0.489017
9.9991E-05 0.0368274 0.222443 0.198128 0.542501
9.9991E-05 0.0437158 0.131701 0.215252 0.609231
9.9982E-05 0.326264 0.165771 9.9982E-05 0.507765
0.163607 0.114164 0.153905 0.0611949 0.507129
0.0855767 0.765784 9.9982E-05 9.9982E-05 0.148439
0.0724266 0.77548 9.9991E-05 0.00850796 0.143486
9.9991E-05 0.300379 0.132998 0.0367892 0.529734
0.078202 0.0805508 0.389955 0.0847832 0.366509
9.9991E-05 0.152409 0.453333 0.101152 0.293006
9.9991E-05 0.277029 0.382984 0.206055 0.133831
0.000870717 0.154824 0.315964 0.209678 0.318663
9.9991E-05 0.648795 0.131229 0.108477 0.111399
9.9991E-05 0.513439 0.152947 0.11486 0.218654
0.0876079 0.173401 0.159915 9.9991E-05 0.578975
9.9991E-05 0.232889 0.173284 0.0460207 0.547706
0.0384181 0.441121 0.130904 0.100835 0.288722
0.0394926 0.146225 0.106579 0.117111 0.590593
0.082677 0.187321 0.178989 9.9991E-05 0.550913
0.0421887 0.166399 0.152815 0.100216 0.538382
0.0476715 0.463752 9.9991E-05 0.0339278 0.454549
0.0774534 0.463633 0.0867849 9.9991E-05 0.372029
0.0998926 0.212107 0.0932245 0.0340612 0.560715
0.20039 0.264504 0.0369643 0.00473588 0.493405
9.9991E-05 0.216945 0.121641 0.134106 0.527208
0.0395736 0.360908 9.9991E-05 0.038811 0.560607
0.0797402 0.547591 9.9982E-05 9.9982E-05 0.372469
9.9991E-05 0.294098 0.0829987 0.0234965 0.599307
0.0124921 0.594415 9.9982E-05 9.9982E-05 0.392893
0.0382543 0.366786 9.9991E-05 0.0118995 0.58296
0.040717 0.193531 0.016796 0.101455 0.647501
0.132953 0.248138 0.0514416 0.010784 0.556683
0.0222632 0.0766537 0.18969 0.174176 0.537218
0.0932757 0.14845 0.238842 0.0758081 0.443624
0.0527258 0.110568 0.317976 0.17213 0.346601
0.203406 9.9991E-05 0.233357 0.215805 0.347333
0.114242 0.0532129 0.205118 0.123538 0.503889
0.0214998 0.0962532 0.260492 0.159934 0.461821
9.9982E-05 0.602191 0.206242 0.191367 9.9982E-05
0.0702837 0.0148552 0.30138 0.0618323 0.551649
9.9982E-05 0.454691 0.158408 0.386701 9.9982E-05
9.9991E-05 0.157404 0.264619 0.061655 0.516222
9.9973E-05 0.7406 9.9973E-05 9.9973E-05 0.2591
9.9982E-05 0.885096 9.9982E-05 0.0473156 0.0673885
0.0481837 0.308018 0.0435384 9.9991E-05 0.60016
9.9991E-05 0.231739 0.0331999 0.00755549 0.727406
0.00354889 0.408979 9.9982E-05 9.9982E-05 0.587272
0.0168081 0.27871 0.0553367 9.9991E-05 0.649045
0.013956 0.302521 0.0229701 9.9991E-05 0.660453
9.9991E-05 0.0350004 0.0288622 0.831936 0.104102
0.138183 9.9991E-05 0.1042 0.704208 0.0533095
0.064632 9.9982E-05 0.0562091 0.878959 9.9982E-05
9.9973E-05 9.9973E-05 9.9973E-05 0.964771 0.0349291
0.0503498 0.235291 0.0383621 0.0514512 0.624546
0.0228838 0.24295 0.0569497 0.103992 0.573225
0.0949853 0.168625 9.9991E-05 0.00240567 0.733884
0.0920645 0.0571481 0.0433103 0.148832 0.658645
0.112317 0.131483 0.0524838 0.114085 0.589631
0.0896673 0.484105 9.9982E-05 9.9982E-05 0.426027
9.9991E-05 0.181996 0.0195154 0.0147866 0.783602
9.9982E-05 0.455368 9.9982E-05 0.00477587 0.539656
0.0192913 9.9991E-05 0.228847 0.244389 0.507373
0.107807 0.296333 0.0985153 9.9991E-05 0.497244
0.188418 0.23962 9.9982E-05 9.9982E-05 0.571762
0.076447 0.186858 0.0132531 9.9991E-05 0.723342
0.100801 0.301909 9.9991E-05 0.00627778 0.590912
9.9991E-05 0.233622 0.100006 0.0199448 0.646327
9.9991E-05 0.175309 0.0612386 0.0710762 0.692276
9.9973E-05 0.64388 9.9973E-05 9.9973E-05 0.35582
0.0483679 0.534373 0.00234095 0.00328122 0.411637
0.122753 0.363715 9.9982E-05 9.9982E-05 0.513332
9.9973E-05 0.895681 9.9973E-05 9.9973E-05 0.104019
0.211683 0.154636 9.9991E-05 0.013065 0.620517
0.0257321 0.618595 9.9982E-05 9.9982E-05 0.355473
0.0339843 0.857018 9.9982E-05 9.9982E-05 0.108797
0.0464328 0.178695 0.0626528 0.00639848 0.705821
0.151701 0.395694 9.9991E-05 0.0331169 0.419388
0.144454 0.193685 0.077849 9.9991E-05 0.583912
0.0920576 0.110843 0.051518 0.163898 0.581683
0.0666105 0.181002 0.0651641 0.00428874 0.682934
0.255743 0.30909 0.130575 9.9991E-05 0.304492
0.046078 0.193456 9.9991E-05 0.0014203 0.758946
0.132192 0.171987 0.0190564 0.0444955 0.632269
0.0349907 0.424163 9.9982E-05 9.9982E-05 0.540647
0.01618 0.0632235 0.0233434 0.165871 0.731382
0.310906 0.0573609 0.00068999 0.630943 9.9991E-05
0.101634 0.0592048 9.9991E-05 0.781501 0.0575604
0.154282 0.0356624 9.9982E-05 0.809856 9.9982E-05
0.172743 0.0172318 9.9982E-05 0.809825 9.9982E-05
0.197468 0.00935386 9.9991E-05 0.742674 0.0504035
0.257538 0.345399 9.9991E-05 0.0131348 0.383827
0.176442 0.393343 9.9991E-05 0.0482628 0.381852
9.9973E-05 0.638112 9.9973E-05 9.9973E-05 0.361589
0.0288865 0.135784 0.063401 0.147127 0.624802
9.9991E-05 0.203602 0.0344606 0.167165 0.594672
9.9982E-05 0.414141 9.9982E-05 0.0699856 0.515673
0.0159325 0.264116 0.0259181 9.9991E-05 0.693934
9.9991E-05 0.326649 0.00334427 0.0678533 0.602054
0.108002 0.151129 0.00403978 0.0371334 0.699696
0.0917956 0.1174 0.0272693 0.00418544 0.759349
0.1826 0.392966 9.9982E-05 9.9982E-05 0.424234
0.0555381 0.349717 9.9982E-05 9.9982E-05 0.594545
0.192564 0.259058 9.9982E-05 9.9982E-05 0.548178
9.9991E-05 0.113394 0.0155858 0.20833 0.66259
0.0962504 0.22402 9.9982E-05 9.9982E-05 0.679529
0.0759781 0.216876 9.9991E-05 0.0381781 0.668868
0.126769 9.9991E-05 0.497656 0.0388999 0.336574
0.0565772 0.0436432 0.491981 0.0643911 0.343407
9.9982E-05 9.9982E-05 0.533303 0.0675744 0.398923
0.0241781 0.029274 0.495524 0.1782 0.272824
0.0450653 0.0318375 0.311976 0.143084 0.468037
9.9982E-05 0.306901 0.153243 9.9982E-05 0.539656
0.0422098 0.0209006 0.660477 0.276312 9.9991E-05
9.9991E-05 0.00321372 0.616746 0.165471 0.214469
9.9991E-05 0.216711 0.186298 0.17056 0.42633
0.0532743 0.0748837 0.0203821 0.206002 0.645458
0.0657862 0.220764 9.9991E-05 0.154197 0.559152
0.0635673 0.0272648 0.0245541 0.116432 0.768182
0.0298096 0.126729 0.086761 0.136326 0.620375
9.9982E-05 9.9982E-05 0.531457 0.201013 0.26733
0.159546 0.0109628 0.41037 0.0623088 0.356813
0.00060946 9.9991E-05 0.518427 0.067519 0.413345
0.0254608 0.075256 0.355206 0.124393 0.419684
0.0636456 0.0201531 0.538789 0.149883 0.227528
9.9991E-05 0.00954314 0.350285 0.139172 0.5009
9.9991E-05 0.0767872 0.615669 0.15611 0.151333
0.0618374 0.00839658 0.404201 0.181943 0.343622
9.9991E-05 0.250852 0.10198 0.0677604 0.579308
0.0214834 0.0632468 0.382772 0.181041 0.351457
9.9982E-05 9.9982E-05 0.607165 0.195225 0.19741
0.115034 0.050043 0.429671 0.0823245 0.322927
0.264744 0.267115 9.9991E-05 0.181514 0.286527
0.0853042 0.118768 0.191361 9.9991E-05 0.604467
0.0710386 0.0998521 0.384131 0.137942 0.307037
0.173611 0.0246037 0.0574636 0.14646 0.597862
0.0342309 0.135676 0.00708047 0.213646 0.609366
9.9991E-05 0.140181 0.241739 0.215921 0.402058
9.9991E-05 0.103923 0.349695 0.22915 0.317132
0.0162161 0.11984 0.157305 0.175225 0.531414
0.0401519 0.0209693 0.469574 0.125072 0.344233
9.9991E-05 0.0109181 0.539125 0.0701326 0.379724
0.00507137 0.0351273 0.70023 0.185073 0.0744991
0.0596153 0.18865 0.114334 0.112507 0.524894
0.0563161 0.205217 9.9991E-05 0.173391 0.564976
9.9991E-05 0.586964 0.12767 0.172052 0.113214
0.0278232 0.128987 0.222851 0.0588577 0.561481
0.226389 0.113456 0.0886923 0.0905375 0.480925
9.9991E-05 0.129044 0.169821 0.221845 0.47919
0.114385 0.159785 0.129154 0.112391 0.484286
9.9982E-05 0.406102 0.238664 0.355034 9.9982E-05
9.9982E-05 0.498372 0.135654 0.365774 9.9982E-05
0.0140669 0.343617 0.179302 0.169494 0.29352
9.9982E-05 0.352414 0.275402 0.371985 9.9982E-05
9.9982E-05 0.284608 0.241199 0.473993 9.9982E-05
9.9991E-05 0.317477 0.25641 0.0897651 0.336247
9.9991E-05 0.228466 0.169664 0.219318 0.382452
0.0296829 0.300998 0.205659 0.305868 0.157792
9.9991E-05 0.397634 0.194721 0.310028 0.0975178
9.9991E-05 0.244794 0.208314 0.115617 0.431176
9.9991E-05 0.470273 0.183158 0.24494 0.101529
9.9982E-05 0.427794 0.114857 0.457149 9.9982E-05
0.0928489 9.9991E-05 0.149786 0.212607 0.544659
0.0451215 0.213768 0.325756 0.158249 0.257106
0.0861943 9.9991E-05 0.225957 0.265933 0.421816
9.9982E-05 9.9982E-05 0.271082 0.19818 0.530538
0.0274372 0.0114407 0.115856 0.201889 0.643377
9.9991E-05 0.0156586 0.272167 0.200269 0.511805
0.0273431 9.9991E-05 0.206125 0.406125 0.360307
0.0611639 0.0515526 0.248604 0.161458 0.477222
9.9982E-05 9.9982E-05 0.322546 0.254772 0.422483
0.0238892 0.111081 0.266555 0.271361 0.327114
0.205378 0.182289 0.164428 0.13601 0.311894
0.0779066 0.119733 0.225889 0.103028 0.473444
0.143813 0.0147986 0.218472 0.160925 0.461991
0.0341288 0.139234 0.0912494 0.0823726 0.653016
0.0423314 0.0360163 0.281145 0.339843 0.300664
0.0415711 0.0570888 0.324415 0.186302 0.390623
9.9991E-05 0.218373 0.262552 0.417881 0.101094
0.0346352 9.9991E-05 0.265071 0.207662 0.492531
9.9991E-05 0.199895 0.390577 0.220378 0.189049
0.132455 0.0725704 9.9991E-05 0.779609 0.0152655
0.750282 0.0638124 0.00909091 0.0954343 0.0813809
0.9996 9.997E-05 9.997E-05 9.997E-05 9.997E-05
0.9996 9.997E-05 9.997E-05 9.997E-05 9.997E-05
0.974232 9.9973E-05 9.9973E-05 9.9973E-05 0.0254686
0.920187 9.9982E-05 0.023558 9.9982E-05 0.0560554
0.956791 9.9973E-05 9.9973E-05 9.9973E-05 0.0429087
0.978225 9.9973E-05 9.9973E-05 0.0214752 9.9973E-05
0.817216 9.9982E-05 0.00470218 0.177882 9.9982E-05
0.0580223 0.0108793 0.0145315 0.916467 9.9991E-05
0.145437 0.014247 9.9991E-05 0.787371 0.0528452
0.0332974 0.0333182 0.0206765 0.86212 0.0505879
0.115909 0.0135291 9.9991E-05 0.828264 0.0421978
0.0660576 0.0065383 0.0665987 0.860705 9.9991E-05
0.0444409 0.0191214 9.9982E-05 0.936238 9.9982E-05
0.0674281 9.9991E-05 0.123298 0.733577 0.0755967
9.9991E-05 0.00937979 0.0490964 0.887469 0.0539551
0.13541 9.9991E-05 0.0624309 0.704892 0.0971672
9.9982E-05 9.9982E-05 0.0619912 0.916745 0.0210634
0.0412228 9.9973E-05 9.9973E-05 0.958477 9.9973E-05
0.0883901 9.9991E-05 0.0452404 0.806344 0.0599259
0.0295015 9.9982E-05 0.00300687 0.967292 9.9982E-05
9.9982E-05 9.9982E-05 0.0113101 0.911624 0.0768662
0.0146081 0.00672501 0.0498573 0.853713 0.0750963
9.9982E-05 9.9982E-05 0.048781 0.840589 0.11043
9.9982E-05 9.9982E-05 0.153529 0.772044 0.0742267
9.9982E-05 9.9982E-05 0.107109 0.778879 0.113812
9.9982E-05 9.9982E-05 0.0878935 0.817669 0.094237
0.0412776 0.225133 9.9991E-05 0.21805 0.515439
0.0394746 0.059592 9.9991E-05 0.108062 0.792771
9.9991E-05 0.070275 0.0652805 0.179 0.685345
9.9991E-05 0.667425 0.0425107 0.112717 0.177248
0.0609401 0.156601 9.9991E-05 0.19486 0.587499
9.9991E-05 0.635434 0.0655557 0.183634 0.115276
0.0248895 0.0996544 0.0688253 0.0844068 0.722224
0.135398 0.210098 9.9991E-05 0.109222 0.545182
0.123091 0.123384 0.0270031 0.151777 0.574746
9.9982E-05 0.242812 9.9982E-05 0.0547619 0.702226
0.153927 0.162549 0.0074637 0.119782 0.556278
0.0977767 0.0841776 0.0142859 0.111287 0.692473
0.102714 0.160308 0.0657773 0.0568456 0.614355
0.470229 0.337283 0.0630581 9.9991E-05 0.12933
0.0781829 0.812222 9.9982E-05 0.109395 9.9982E-05
0.0404078 0.594468 0.0512398 0.125289 0.188596
0.018368 0.0808952 0.0513899 0.182312 0.667035
9.9991E-05 0.203921 0.0277687 0.14538 0.62283
9.9991E-05 0.190007 0.0499973 0.143695 0.616201
9.9991E-05 0.126965 0.10836 0.127382 0.637193
9.9991E-05 0.0677037 0.225653 0.195207 0.511336
0.0635336 9.9991E-05 0.144265 0.17247 0.619632
0.198971 0.101835 0.141756 0.420095 0.137343
0.0701024 0.0541776 0.0544986 0.147211 0.674011
0.111754 0.0384773 0.199047 0.243569 0.407153
0.0126252 0.325441 0.238666 0.423168 9.9991E-05
9.9991E-05 0.17197 0.173834 0.310418 0.343678
0.0903481 0.0387003 0.205142 0.368188 0.297622
0.094597 9.9991E-05 0.0928405 0.357388 0.455075
0.150992 9.9991E-05 0.219728 0.120116 0.509064
9.9991E-05 0.0835508 0.190232 0.214798 0.511319
0.0101743 0.0255635 0.18738 0.193027 0.583855
9.9991E-05 0.22352 0.231082 0.138238 0.40706
9.9991E-05 0.0174239 0.164029 0.459576 0.358871
