0.0149106 0.0434047 0.901924 0.0396604 9.9991E-05
9.9982E-05 0.0480558 0.937766 9.9982E-05 0.0139787
0.0376975 0.0395271 0.827509 0.0951664 9.9991E-05
0.0943012 0.118028 0.760756 0.0268146 9.9991E-05
0.0931579 0.0561604 0.850482 9.9982E-05 9.9982E-05
0.0357282 0.161459 0.636731 0.0846421 0.0814392
9.9991E-05 0.0558385 0.885556 0.0165481 0.0419574
0.00687848 0.198746 0.765027 0.0222161 0.00713214
9.9982E-05 0.0970188 0.840503 9.9982E-05 0.062278
0.0926996 0.0664529 0.71667 0.119308 0.00486923
9.999E-05 0.159635 0.785023 0.00408609 0.0511551
0.0917064 0.482217 9.9991E-05 0.311073 0.114904
0.0635332 0.267837 0.0567592 0.607045 0.00482509
0.0926805 0.48355 0.0631734 0.259716 0.10088
0.190051 0.428085 0.0303338 0.295154 0.0563767
0.140639 0.233483 0.160412 0.384393 0.0810726
0.166137 0.167243 0.0818087 0.529706 0.0551054
0.134969 0.284288 9.9991E-05 0.480247 0.100395
0.121865 0.395579 0.0966571 0.307848 0.0780504
0.120008 0.636763 0.0284736 9.9991E-05 0.214656
0.155329 0.329285 0.0131972 0.444256 0.0579325
0.115094 0.173644 0.0288703 0.488663 0.193728
0.0307255 0.225238 0.0873676 0.629674 0.0269948
0.0949747 0.39403 0.0427623 0.380973 0.0872603
0.116302 0.114676 0.122485 0.646437 9.9991E-05
0.1096 0.272194 9.9991E-05 0.615752 0.002353
0.0845889 0.508451 0.0171427 0.248822 0.140995
0.249997 0.479417 0.00465708 0.1923 0.073629
0.060299 0.477934 9.9991E-05 0.298809 0.162858
0.051272 9.9982E-05 0.844815 0.103714 9.9982E-05
0.0311952 9.9982E-05 0.836409 0.132196 9.9982E-05
0.0293622 9.9982E-05 0.811836 0.158602 9.9982E-05
0.109086 0.00730114 0.719597 0.163916 9.9991E-05
9.9991E-05 0.108968 0.0817581 0.642831 0.166343
0.0581567 0.0747405 0.0723233 0.656159 0.13862
0.0719137 0.0154545 0.00162866 0.690973 0.220031
0.0197369 0.559042 0.0634672 0.24448 0.113275
9.9991E-05 0.118646 0.0179157 0.495332 0.368005
0.0160732 0.266515 0.0442238 0.581037 0.0921506
0.0330703 0.0395794 0.0209617 0.78881 0.117579
0.025785 0.0622835 0.15853 0.661828 0.0915736
0.00571131 0.0292914 0.136226 0.635837 0.192934
9.9982E-05 0.209767 9.9982E-05 0.333798 0.456235
0.140975 9.9991E-05 0.0641724 0.61161 0.183143
0.0937477 0.095267 0.0653997 0.679652 0.0659336
0.131026 0.0517763 0.165525 0.597598 0.0540756
9.9982E-05 0.0343997 9.9982E-05 0.540124 0.425276
0.0197829 9.9991E-05 0.0913876 0.716826 0.171904
0.0515624 9.9991E-05 0.180703 0.626072 0.141562
9.9982E-05 0.0464762 0.061854 9.9982E-05 0.89147
9.9982E-05 0.410681 9.9982E-05 0.300461 0.288658
0.0677012 0.278617 0.00755047 0.0477123 0.598419
0.145701 0.11149 0.0585157 0.543288 0.141006
0.15459 0.0887608 0.0549651 0.589373 0.112311
0.0912128 0.0421599 0.124531 0.577 0.165096
9.9991E-05 0.436184 0.0888537 0.231516 0.243347
0.0709535 0.156897 9.9991E-05 0.646383 0.125667
0.0822954 0.144424 0.0606902 0.619445 0.0931452
0.00738104 0.230443 0.184013 0.444456 0.133706
0.077944 0.345416 0.206369 0.0817799 0.288491
0.0534441 0.0454314 0.0975018 0.644763 0.15886
0.113235 0.295554 0.0397782 0.470312 0.0811212
9.9991E-05 0.534256 0.0561261 0.0903895 0.319129
0.066202 0.259873 9.9991E-05 0.542453 0.131372
0.081003 0.107965 0.00533064 0.643835 0.161867
0.170905 0.100131 0.114616 0.557881 0.0564678
0.13803 0.322917 0.0294866 0.300315 0.209251
0.0569938 0.253437 0.0443308 0.452799 0.19244
0.0545863 0.207392 0.0487626 0.635984 0.0532755
9.9991E-05 0.401532 0.0056769 0.269702 0.322989
9.9982E-05 0.123566 9.9982E-05 0.754954 0.12128
9.9982E-05 0.170145 9.9982E-05 0.433857 0.395799
0.0323621 0.108301 0.118212 0.679045 0.0620805
9.9982E-05 0.0722129 9.9982E-05 0.210893 0.716694
9.9982E-05 0.0850281 9.9982E-05 0.238031 0.676741
9.9982E-05 0.0730246 9.9982E-05 0.492057 0.434719
9.9991E-05 0.173114 0.0196549 0.650214 0.156916
9.9991E-05 0.0629752 0.0633195 0.758055 0.115551
0.0258797 0.0916318 9.9991E-05 0.644304 0.238085
9.9991E-05 0.25337 0.0348883 0.410943 0.300698
9.9982E-05 0.316998 9.9982E-05 0.402681 0.28012
0.134092 0.0631063 0.0377451 0.580771 0.184286
9.9991E-05 0.18567 0.00524912 0.552034 0.256947
9.9991E-05 0.069353 0.0633943 0.663675 0.203478
9.9973E-05 9.9973E-05 9.9973E-05 0.579273 0.420427
9.9982E-05 0.0168996 9.9982E-05 0.198801 0.7841
0.0331276 0.155651 0.0372728 0.726927 0.0470215
0.0354447 0.0817656 0.804938 0.0777522 9.9991E-05
9.9973E-05 9.9973E-05 0.911955 0.0877447 9.9973E-05
0.0414953 9.9982E-05 0.854575 0.10373 9.9982E-05
9.9982E-05 9.9982E-05 0.939099 0.0575146 0.00318672
0.0387159 9.9982E-05 0.894309 0.0667746 9.9982E-05
0.057686 9.9991E-05 0.904008 0.0314225 0.00678304
9.9973E-05 9.9973E-05 0.965724 0.0339758 9.9973E-05
0.079142 0.11567 0.0670356 0.588988 0.149164
0.187331 0.164511 0.0564115 0.517944 0.0738012
9.9982E-05 0.151746 9.9982E-05 0.2684 0.579654
0.143122 9.9991E-05 0.16923 0.503809 0.183739
9.9991E-05 0.121303 0.0526516 0.649288 0.176658
0.0512693 9.9991E-05 0.0812394 0.681838 0.185554
0.00456555 0.025718 0.0639347 0.632465 0.273316
0.055122 9.9991E-05 0.031868 0.664207 0.248703
9.9991E-05 0.24862 0.0302554 0.150154 0.57087
0.0584007 0.0515203 0.162454 0.594993 0.132633
0.0218309 0.0360129 0.131421 0.718435 0.0923003
0.088003 0.160854 0.094127 0.616586 0.0404308
9.9982E-05 9.9982E-05 0.0730755 0.458121 0.468604
9.9973E-05 9.9973E-05 9.9973E-05 0.725694 0.274006
9.9991E-05 0.161348 0.0649797 0.631419 0.142153
0.0357611 9.9982E-05 9.9982E-05 0.614968 0.349071
9.9991E-05 0.0747258 0.106225 0.632755 0.186194
0.0122272 0.135406 0.114232 0.577067 0.161068
0.053787 0.385475 0.00071613 0.286098 0.273924
0.0402221 0.320101 0.161622 0.466112 0.0119435
0.109408 0.256745 0.10581 0.510643 0.0173932
0.0263591 0.120671 0.170154 0.682715 9.9991E-05
0.0201061 0.296738 0.0830645 0.589379 0.0107118
0.121567 0.291569 0.0174124 0.510148 0.0593031
0.0257053 0.437459 0.0292158 0.50752 9.9991E-05
0.0625328 0.232523 0.0556756 0.511686 0.137582
0.0420757 0.161613 0.092859 0.657004 0.0464491
0.0191524 0.135083 0.10574 0.630442 0.109582
9.9991E-05 0.305343 0.0328097 0.645693 0.0160537
0.179317 0.0734822 9.9991E-05 0.658895 0.0882057
0.0755066 0.0362557 0.17565 0.661676 0.0509113
0.153661 0.234109 9.9991E-05 0.592955 0.0191752
0.0875838 0.153345 0.113843 0.641488 0.00374068
0.0938157 0.276463 0.0754596 0.549245 0.00501622
0.0179238 0.256259 0.153915 0.391327 0.180575
0.161454 0.174708 9.9991E-05 0.644895 0.0188434
0.115456 0.2057 9.9991E-05 0.65061 0.0281345
0.0853185 0.431599 9.9991E-05 0.2877 0.195283
0.0800579 0.330686 9.9991E-05 0.185228 0.403928
0.119519 0.266834 9.9991E-05 0.482421 0.131126
0.0859637 0.320298 9.9991E-05 0.0825138 0.511125
9.9991E-05 0.416316 0.0798565 0.341357 0.162371
9.9982E-05 0.331555 9.9982E-05 0.514285 0.15396
9.9991E-05 0.424873 0.0353293 0.458151 0.0815474
9.9982E-05 0.530796 9.9982E-05 0.399658 0.0693459
0.0779137 0.101112 0.164632 0.621207 0.0351356
0.0898311 0.163679 0.0994493 0.576621 0.0704198
0.138974 0.300706 0.0360592 0.427788 0.0964733
0.0962426 0.302123 9.9991E-05 0.218249 0.383286
9.9991E-05 0.0600731 0.245331 0.673599 0.0208972
0.0349606 0.0503809 0.130137 0.553933 0.230589
9.9991E-05 0.113904 0.180066 0.0524434 0.653487
0.0396421 0.00188635 0.196246 0.651978 0.110247
0.0382962 0.0699239 0.126887 0.444272 0.32062
0.0863419 0.0442158 0.1258 0.551306 0.192337
0.0763837 0.111763 0.141833 0.171133 0.498888
9.9991E-05 0.160854 0.135765 0.285065 0.418217
0.005326 0.132729 0.0897252 0.522165 0.250055
0.0952301 0.149984 0.118625 0.581296 0.054865
0.0721748 0.110947 0.152173 0.425671 0.239034
0.166503 0.0732046 0.0720656 0.0619196 0.626307
0.161319 0.221946 0.0584891 0.428636 0.129609
9.9982E-05 0.102952 9.9982E-05 0.482341 0.414507
0.0732728 0.143946 9.9991E-05 0.471767 0.310914
0.0917194 0.0496456 0.0926634 0.680432 0.08554
0.264933 0.0386447 0.306817 0.15982 0.229785
0.161992 9.9982E-05 0.616615 9.9982E-05 0.221193
0.145865 9.9982E-05 0.50686 9.9982E-05 0.347075
0.383007 0.0622206 0.426698 0.0111805 0.116894
0.0842342 9.9982E-05 9.9982E-05 0.705827 0.209739
0.0221539 0.0427411 0.0700862 0.660173 0.204846
0.669734 9.9973E-05 9.9973E-05 0.329966 9.9973E-05
0.508416 0.121591 0.0813354 0.276163 0.0124939
0.405026 0.0602008 0.121389 0.319354 0.0940301
0.0372752 0.0648102 9.9991E-05 0.402631 0.495184
0.123476 0.0809301 0.0521757 0.631537 0.111882
0.111563 0.0117808 9.9991E-05 0.21081 0.665746
0.0578512 0.0479112 0.0526197 0.606355 0.235263
0.0804317 0.061438 0.00015833 0.473282 0.38469
0.129114 0.0405199 0.0216622 0.607864 0.20084
0.0208818 0.0345331 0.0338088 0.274722 0.636054
0.110618 0.118921 0.0662332 0.704127 9.9991E-05
0.139443 0.0730525 0.0485455 0.471593 0.267366
0.962817 9.9982E-05 9.9982E-05 0.0218542 0.0151287
0.910707 9.9973E-05 9.9973E-05 0.0889926 9.9973E-05
0.625737 0.037906 0.071155 0.173693 0.0915092
0.690155 0.00284493 9.9982E-05 0.3068 9.9982E-05
0.828826 9.9982E-05 9.9982E-05 0.122171 0.0488032
0.9996 9.997E-05 9.997E-05 9.997E-05 9.997E-05
0.941745 0.0579548 9.9973E-05 9.9973E-05 9.9973E-05
0.907556 9.9973E-05 9.9973E-05 0.0921439 9.9973E-05
0.960017 0.0396826 9.9973E-05 9.9973E-05 9.9973E-05
0.9996 9.997E-05 9.997E-05 9.997E-05 9.997E-05
0.9996 9.997E-05 9.997E-05 9.997E-05 9.997E-05
0.803225 0.0835874 9.9982E-05 0.112988 9.9982E-05
0.808647 0.0305462 0.0547306 0.105976 9.9991E-05
0.988633 0.0110672 9.9973E-05 9.9973E-05 9.9973E-05
0.417622 0.134099 0.134647 0.279212 0.0344204
0.736289 0.0794136 9.9982E-05 0.184097 9.9982E-05
0.737051 0.0164698 0.0720267 0.174352 9.9991E-05
0.920147 0.0651875 9.9982E-05 0.0144652 9.9982E-05
0.990713 0.00433978 9.9982E-05 0.00474725 9.9982E-05
0.906936 9.9973E-05 0.0927645 9.9973E-05 9.9973E-05
0.9996 9.997E-05 9.997E-05 9.997E-05 9.997E-05
0.645484 0.0465921 0.0409287 0.266895 9.9991E-05
0.920279 0.016948 0.0201139 0.0425596 9.9991E-05
0.0448385 9.9982E-05 0.403201 9.9982E-05 0.55176
0.10992 0.115712 0.198837 0.413512 0.162019
0.0422912 0.0375388 0.317574 0.458658 0.143938
0.153687 0.00894145 0.260344 0.166978 0.410049
0.138443 9.9991E-05 0.19465 0.439711 0.227096
0.0867993 9.9991E-05 0.298156 0.231167 0.383778
0.143263 9.9991E-05 0.226761 0.443858 0.186018
0.198174 9.9991E-05 0.212228 0.343406 0.246092
0.193583 0.00182017 0.179403 0.436689 0.188505
0.241125 9.9991E-05 0.192208 0.337933 0.228635
0.0960676 9.9991E-05 0.278557 0.542649 0.0826261
9.9991E-05 0.0768535 0.826155 0.0386391 0.0582528
0.0253017 9.9982E-05 0.933921 9.9982E-05 0.040577
9.9982E-05 0.0115965 0.957907 0.0302966 9.9982E-05
9.9982E-05 0.0324088 0.966467 0.000924353 9.9982E-05
9.9982E-05 0.0327167 0.9108 0.0562834 9.9982E-05
0.0585166 9.9982E-05 0.921648 9.9982E-05 0.0196353
0.0698877 0.023377 0.884125 0.0225105 9.9991E-05
9.9973E-05 9.9973E-05 0.896461 9.9973E-05 0.103239
9.9973E-05 9.9973E-05 0.934959 0.064741 9.9973E-05
0.0780778 0.0290287 0.873523 9.9991E-05 0.0192705
0.00704548 0.255607 0.631196 9.9991E-05 0.106051
9.9973E-05 0.398756 0.600944 9.9973E-05 9.9973E-05
9.9982E-05 0.262469 0.578911 9.9982E-05 0.15842
9.9982E-05 0.385046 0.499494 9.9982E-05 0.11526
0.0896107 0.219916 0.0121162 0.542651 0.135706
0.00170485 0.0375228 0.047337 0.638052 0.275384
0.011534 0.220638 9.9991E-05 0.701531 0.0661971
9.9991E-05 0.319353 0.057819 0.540323 0.0824048
9.9982E-05 0.564568 9.9982E-05 0.270107 0.165125
9.9991E-05 0.0137562 0.0665744 0.719113 0.200457
0.0129473 0.0297037 0.0163248 0.720189 0.220835
0.044649 0.113613 9.9991E-05 0.578951 0.262687
0.050334 0.0278714 9.9991E-05 0.576867 0.344827
0.116614 0.104791 0.0280893 0.676658 0.0738474
0.0156373 0.253093 9.9991E-05 0.515325 0.215845
9.9982E-05 0.183508 9.9982E-05 0.0876777 0.728615
0.0712757 0.18554 0.0531587 0.57356 0.116465
9.9982E-05 0.0107772 9.9982E-05 0.437519 0.551504
9.9982E-05 9.9982E-05 0.0240502 0.705972 0.269778
9.9982E-05 0.324517 9.9982E-05 0.323182 0.352101
9.9991E-05 0.765128 0.107054 0.00194858 0.12577
0.0633731 0.756633 0.0808767 9.9991E-05 0.0990169
9.9982E-05 0.861036 0.0340252 9.9982E-05 0.104739
9.9991E-05 0.815745 0.101348 0.0156699 0.0671371
0.0386382 0.886621 9.9982E-05 9.9982E-05 0.0745411
0.0786388 0.811657 0.0446626 0.0649413 9.9991E-05
0.0477084 9.9982E-05 0.874227 0.0778649 9.9982E-05
0.0523414 0.0820225 0.805955 0.0595811 9.9991E-05
0.111882 9.9982E-05 0.748524 0.139395 9.9982E-05
0.142081 0.121129 0.736589 9.9982E-05 9.9982E-05
0.106939 0.0407815 0.785923 0.0662571 9.9991E-05
9.9982E-05 0.5501 0.390401 9.9982E-05 0.0592996
9.9982E-05 0.408257 0.468383 9.9982E-05 0.123159
9.9982E-05 0.491984 0.436149 9.9982E-05 0.0716672
0.046816 9.9982E-05 0.821511 0.131473 9.9982E-05
9.9982E-05 0.537715 0.367345 9.9982E-05 0.0947401
0.357182 9.9991E-05 0.24915 0.250213 0.143355
0.314468 0.0102051 0.184122 0.491105 9.9991E-05
0.338784 9.9982E-05 0.14718 0.513835 9.9982E-05
0.275746 0.00862242 0.248384 0.295043 0.172204
0.277315 0.0454551 0.12249 0.434471 0.12027
0.29132 9.9982E-05 0.490857 9.9982E-05 0.217623
9.9991E-05 0.374812 0.0101055 0.50673 0.108253
0.0436265 0.240587 0.0169604 0.419074 0.279752
9.9991E-05 0.587529 0.0556067 0.341905 0.0148597
0.0184665 0.100581 9.9991E-05 0.533606 0.347247
9.9973E-05 0.175681 9.9973E-05 9.9973E-05 0.824019
0.120133 0.0776043 0.155066 0.554222 0.0929741
9.9991E-05 0.235285 0.0245033 0.497306 0.242806
9.9991E-05 0.407403 0.0501439 0.44229 0.100063
9.9982E-05 0.182057 0.161943 0.6558 9.9982E-05
0.0188368 0.262683 9.9991E-05 0.206396 0.511984
0.0792635 0.128024 0.0148708 0.437466 0.340376
0.108407 0.251765 0.00980826 0.523381 0.106638
0.276085 0.129633 0.0867576 0.341707 0.165817
0.0207469 0.276709 9.9991E-05 0.430554 0.27189
0.0600591 0.236789 0.0533708 0.51145 0.138332
0.101227 0.0996528 9.9991E-05 0.54442 0.254601
0.0101007 0.23301 0.0405201 0.596578 0.119791
0.218575 0.192444 9.9991E-05 0.50179 0.0870909
0.0500353 0.145718 0.110878 0.583138 0.110231
0.179035 0.22071 0.0397027 0.491991 0.0685617
0.076883 9.9982E-05 0.784347 0.13857 9.9982E-05
0.0616892 9.9991E-05 0.830775 0.0414332 0.0660024
9.9991E-05 0.0860778 0.803185 0.0919262 0.0187105
0.0162797 0.082243 0.810757 0.0656627 0.0250574
0.00880003 9.9982E-05 0.848352 0.142648 9.9982E-05
0.116147 0.59002 9.9991E-05 0.199364 0.0943687
0.0816781 0.18585 0.0664546 0.563869 0.102148
0.243465 9.9991E-05 0.232948 0.368191 0.155296
0.170964 0.143567 9.9982E-05 0.68527 9.9982E-05
0.0636136 0.231217 0.0851465 0.533792 0.0862306
0.124852 0.302001 0.0305402 0.298629 0.243978
9.9991E-05 0.616585 0.122511 0.0309576 0.229847
0.124541 0.27956 0.0275846 0.46696 0.101354
0.0528468 0.605506 0.0722239 0.194902 0.0745212
0.0132257 0.102327 0.0729348 0.471116 0.340396
9.9991E-05 0.542831 0.129935 0.143195 0.18394
0.165166 0.257137 0.0511338 0.526463 9.9991E-05
0.040213 0.559412 0.0624394 0.230237 0.107698
0.112026 0.248139 0.0424981 0.379092 0.218244
0.13247 0.127166 0.0397184 0.418872 0.281773
0.0225128 0.0459778 0.0925524 0.358035 0.480922
0.0703815 0.142922 0.0689219 0.553851 0.163923
0.0800716 0.0143323 0.143461 0.625421 0.136714
9.9991E-05 0.0704124 0.0591931 0.418758 0.451537
0.135576 0.11011 0.0480891 0.470342 0.235883
9.9982E-05 9.9982E-05 0.127472 0.614753 0.257575
9.9991E-05 0.0720589 0.00831883 0.171496 0.748027
9.9991E-05 0.00270396 0.0257634 0.371823 0.59961
0.0066946 0.10806 0.0757501 0.574295 0.2352
9.9991E-05 0.110687 0.0277237 0.259192 0.602297
9.9991E-05 0.0644511 0.0456635 0.553817 0.335968
0.059509 0.66044 0.00850327 0.135171 0.136378
0.0684832 0.366364 9.9991E-05 0.237059 0.327994
0.0695589 0.419293 0.00245593 0.426373 0.0823192
0.14921 0.203733 0.0534566 0.557169 0.0364319
0.0116324 0.45654 9.9991E-05 0.351095 0.180633
0.0984076 0.0849476 0.129984 0.518827 0.167835
0.153959 0.253627 0.0179749 0.574339 9.9991E-05
0.115628 0.262141 9.9991E-05 0.499013 0.123117
0.0979233 0.305034 9.9991E-05 0.566426 0.0305169
0.117269 0.416364 9.9991E-05 0.443643 0.0226236
0.0724467 0.613003 9.9991E-05 0.274799 0.0396516
0.133507 0.387381 9.9991E-05 0.369823 0.10919
0.12238 0.250021 9.9991E-05 0.567428 0.0600711
0.0530194 0.195153 0.115104 0.542111 0.0946133
9.9991E-05 0.277602 0.114827 0.541562 0.0659095
0.151987 0.216887 9.9991E-05 0.51719 0.113836
0.0961256 0.457578 0.0050418 0.378678 0.0625768
0.0371632 0.198787 0.0325253 0.694455 0.0370696
0.118589 0.312687 9.9982E-05 0.568523 9.9982E-05
0.171656 0.266374 0.0852074 0.468711 0.00805126
0.136772 0.0220747 0.398788 0.442265 9.9991E-05
0.26607 9.9991E-05 0.123181 0.4358 0.174848
0.142679 0.124123 0.201229 0.482422 0.0495474
0.0860855 0.154375 0.0793152 0.677157 0.00306717
0.217942 9.9991E-05 0.226158 0.464959 0.0908406
0.105921 0.152551 9.9991E-05 0.50881 0.232618
0.0905616 0.0751633 0.24882 0.580835 0.00461969
0.18978 9.9982E-05 0.263329 9.9982E-05 0.54669
0.221266 0.133726 0.145259 0.455295 0.0444544
0.272461 0.00831801 0.111467 0.509143 0.0986109
0.27479 0.084403 0.12812 0.466606 0.0460808
0.149526 0.129178 0.240445 0.297421 0.183431
0.171615 0.00347617 0.21082 0.600935 0.0131535
0.175978 9.9991E-05 0.173354 0.573127 0.0774418
0.185915 9.9982E-05 0.501399 9.9982E-05 0.312486
0.183458 0.0258114 0.185795 0.604835 9.9991E-05
0.241106 0.0110124 0.152965 0.529372 0.0655456
0.176381 0.0769463 0.14688 0.546643 0.0531488
0.248757 0.018328 0.227176 0.505638 9.9991E-05
0.193228 0.0759232 0.227248 0.425743 0.0778586
0.119617 0.107506 0.0218676 0.501302 0.249707
0.121171 0.0685118 0.104671 0.537981 0.167666
9.9982E-05 0.122494 9.9982E-05 0.117749 0.759557
9.9991E-05 0.0946975 0.00363912 0.0828435 0.81872
0.135254 0.0853282 0.0758995 0.516072 0.187446
0.390444 9.9991E-05 0.100531 0.355532 0.153393
0.358619 9.9991E-05 0.139959 0.320791 0.180531
0.372571 9.9991E-05 0.193009 0.170179 0.264141
0.301534 0.0147466 0.207369 0.337625 0.138725
0.175595 9.9991E-05 0.0650008 0.0640287 0.695275
0.19404 9.9991E-05 0.0777494 0.155278 0.572833
0.158688 9.9991E-05 0.0659115 0.556639 0.218662
0.130568 9.9991E-05 0.0510644 0.487465 0.330802
0.180129 9.9991E-05 0.0198097 0.244027 0.555934
0.164315 0.01667 0.0719868 0.492312 0.254716
0.24948 0.0460055 0.011322 0.426183 0.267009
0.276447 0.0872751 0.0482462 0.38062 0.207411
9.9982E-05 0.120188 9.9982E-05 0.487125 0.392487
0.0893655 0.108744 0.020402 0.323955 0.457533
0.150179 0.0578073 9.9991E-05 0.503165 0.288749
0.0827169 0.137962 0.0612949 0.386726 0.3313
0.114772 0.0789317 0.120399 0.479494 0.206403
9.9982E-05 9.9982E-05 0.0100915 0.493861 0.495848
0.0157885 0.127041 9.9991E-05 0.306351 0.550719
9.9982E-05 9.9982E-05 0.0485347 0.726325 0.22494
0.0481731 0.0367454 9.9991E-05 0.278504 0.636478
0.0769297 9.9991E-05 0.0174266 0.48959 0.415954
0.0467944 0.0238515 0.146091 0.551603 0.23166
9.9982E-05 0.0840484 9.9982E-05 0.623311 0.29244
0.197478 0.122314 0.135729 0.467929 0.0765499
0.180022 0.0870481 0.174793 0.38309 0.175048
0.310246 0.0602987 0.182045 0.283543 0.163867
0.307167 0.139157 0.131495 0.245953 0.176228
0.239643 0.120341 0.167719 0.418975 0.0533219
0.215848 0.0478236 0.136059 0.529768 0.0705018
0.194548 9.9982E-05 0.195964 9.9982E-05 0.609288
0.274884 0.0136627 0.117595 0.590051 0.0038074
0.150049 9.9982E-05 0.404351 9.9982E-05 0.4454
0.285625 9.9991E-05 0.0669414 0.411619 0.235715
9.9973E-05 9.9973E-05 9.9973E-05 0.252487 0.747213
0.0172913 0.0389421 9.9991E-05 0.0336799 0.909987
0.0102497 9.9982E-05 9.9982E-05 0.56486 0.42469
0.0600985 9.9991E-05 0.071209 0.659197 0.209396
9.9982E-05 0.00873957 9.9982E-05 0.466607 0.524454
0.0614254 9.9982E-05 9.9982E-05 0.650408 0.287967
0.0319122 9.9982E-05 9.9982E-05 0.621167 0.346721
0.0152236 0.0122079 0.816525 0.113099 0.0429446
0.097702 0.176463 0.717606 9.9991E-05 0.00812848
0.0621047 0.0422753 0.89542 9.9982E-05 9.9982E-05
9.9973E-05 9.9973E-05 0.967873 0.031827 9.9973E-05
0.043007 0.021288 0.0780609 0.643784 0.21386
9.9991E-05 0.0820528 0.0341356 0.669726 0.213985
9.9982E-05 0.107031 9.9982E-05 0.657206 0.235563
9.9991E-05 0.0318965 0.074362 0.777867 0.115775
0.0787464 0.108959 0.0294362 0.586495 0.196364
9.9991E-05 0.165198 0.00262824 0.410014 0.422059
0.110494 0.0581171 9.9991E-05 0.719065 0.112224
9.9982E-05 9.9982E-05 0.00426258 0.542053 0.453484
0.142177 0.00026604 0.325443 0.532014 9.9991E-05
0.0501119 0.106005 9.9991E-05 0.544288 0.299495
9.9982E-05 0.204928 9.9982E-05 0.52827 0.266602
9.9982E-05 0.024134 9.9982E-05 0.747037 0.228629
9.9991E-05 0.207385 0.0159897 0.566257 0.210268
0.00814704 9.9991E-05 0.0346078 0.677291 0.279854
0.027763 0.0718705 0.0539949 0.635809 0.210562
9.9973E-05 9.9973E-05 9.9973E-05 0.33358 0.666121
9.9982E-05 0.0744724 9.9982E-05 0.466261 0.459066
0.0294693 9.9982E-05 9.9982E-05 0.506577 0.463754
9.9973E-05 9.9973E-05 9.9973E-05 0.122283 0.877417
9.9991E-05 0.106313 0.0893111 0.583063 0.221213
9.9973E-05 9.9973E-05 9.9973E-05 0.27918 0.72052
9.9982E-05 0.0293828 9.9982E-05 0.0554151 0.915002
0.0901542 0.0185605 9.9991E-05 0.63976 0.251425
9.9991E-05 0.205626 0.0403536 0.393977 0.359943
0.0734521 0.133312 9.9991E-05 0.554209 0.238926
0.187842 9.9991E-05 0.0698165 0.5272 0.215042
9.9982E-05 0.0770525 9.9982E-05 0.714557 0.208191
0.0827742 0.218389 9.9991E-05 0.414517 0.284219
9.9982E-05 0.122567 9.9982E-05 0.741186 0.136047
0.0228191 0.112386 0.0538074 0.637542 0.173446
9.9982E-05 0.0668686 9.9982E-05 0.521046 0.411885
0.0252295 0.0459651 0.0919913 0.672633 0.164181
9.9982E-05 0.324955 0.626859 9.9982E-05 0.0479868
9.9991E-05 0.115825 0.758013 0.076486 0.0495768
9.9982E-05 0.159 0.826095 9.9982E-05 0.0147049
9.9982E-05 0.163785 0.835556 9.9982E-05 0.000458298
9.9991E-05 0.19909 0.758039 0.0386762 0.00409518
9.9991E-05 0.224632 0.0157678 0.36949 0.390011
9.9991E-05 0.169378 0.0214224 0.308487 0.500613
9.9973E-05 9.9973E-05 9.9973E-05 0.379143 0.620557
0.107562 0.0970341 0.0608418 0.56801 0.166552
0.109542 0.0547142 0.156568 0.60109 0.0780857
0.0290415 9.9982E-05 9.9982E-05 0.534404 0.436355
0.180651 9.9982E-05 9.9982E-05 0.625546 0.193603
0.0588877 9.9991E-05 0.017237 0.625008 0.298768
9.9991E-05 0.020661 0.0418525 0.703423 0.233964
0.0207736 0.0735276 0.0652728 0.724632 0.115794
9.9982E-05 0.159301 9.9982E-05 0.467983 0.372516
9.9991E-05 0.160389 0.0182932 0.581263 0.239955
9.9982E-05 0.164033 9.9982E-05 0.585 0.250767
0.0506729 0.109827 0.112767 0.627938 0.0987948
9.9991E-05 0.127274 0.0560225 0.593969 0.222634
0.0106935 0.123545 0.0649542 0.595804 0.205003
0.523626 0.0164692 0.0712832 0.312086 0.0765349
0.446262 9.9982E-05 0.138264 0.415274 9.9982E-05
0.348109 9.9982E-05 0.136136 0.515555 9.9982E-05
0.531332 9.9982E-05 0.16108 0.307388 9.9982E-05
0.419133 0.0838095 0.0797238 0.35051 0.0668239
0.039808 9.9991E-05 0.0777558 0.562551 0.319785
0.700618 0.0354266 0.205438 0.0454341 0.0130833
0.49194 9.9991E-05 0.19327 0.276638 0.038052
0.136102 9.9991E-05 0.197041 0.449683 0.217074
9.9991E-05 0.0241367 0.255614 0.656524 0.0636254
0.0603823 0.136197 0.155229 0.44706 0.201132
0.13059 0.0775837 0.140166 0.630987 0.0206731
0.0271187 0.0797008 0.124333 0.652426 0.116422
0.50213 9.9982E-05 0.231731 0.265939 9.9982E-05
0.396458 0.0971963 0.121623 0.384623 9.9991E-05
0.540699 9.9982E-05 0.102104 0.356997 9.9982E-05
0.340558 0.03446 0.109057 0.463036 0.0528883
0.627769 9.9991E-05 0.112968 0.174199 0.0849644
0.382528 0.0901853 0.0980481 0.36716 0.0620786
0.586786 9.9991E-05 0.159155 0.217926 0.0360326
0.418337 9.9991E-05 0.126308 0.409818 0.0454368
0.10814 0.0134014 0.0815286 0.554794 0.242136
0.312873 0.0507267 0.20071 0.340131 0.0955588
0.675738 9.9991E-05 0.173932 0.147311 0.00291826
0.423568 0.120059 0.145155 0.263102 0.0481161
0.0106307 0.241901 0.178432 0.284087 0.28495
0.123548 0.0980792 0.0262919 0.548924 0.203158
0.361149 0.0681354 0.170712 0.399904 9.9991E-05
0.0247329 0.094886 0.187264 0.668809 0.0243077
0.0276712 0.0564548 0.191492 0.536554 0.187828
0.158701 9.9991E-05 0.261848 0.431477 0.147874
0.379933 0.0077477 0.250569 0.279534 0.0822163
0.200769 0.0236916 0.0985383 0.521107 0.155894
0.352719 0.0998092 0.111064 0.398866 0.0375409
0.474583 9.9991E-05 0.186517 0.303765 0.035035
0.678463 9.9991E-05 0.193423 0.0848079 0.0432064
0.114234 0.146246 0.127781 0.540066 0.0716732
9.9991E-05 0.0861912 0.185721 0.563789 0.164198
0.0986056 9.9991E-05 0.171886 0.158878 0.570531
0.115153 0.119816 0.170576 0.594354 9.9991E-05
9.9991E-05 0.221985 0.179719 0.471125 0.127071
0.231682 9.9991E-05 0.246444 0.410752 0.111022
0.146276 0.0148727 0.0830968 0.50763 0.248125
0.230762 9.9982E-05 0.339288 9.9982E-05 0.42975
0.171445 9.9982E-05 0.368074 9.9982E-05 0.460281
0.215632 0.0967389 0.178264 0.202873 0.306492
0.238206 9.9982E-05 0.374996 9.9982E-05 0.386598
0.225276 9.9982E-05 0.512261 9.9982E-05 0.262263
0.144586 0.0438658 0.135608 0.370099 0.305841
0.210086 0.00904748 0.223727 0.359569 0.197571
0.146625 9.9991E-05 0.321733 0.189276 0.342265
0.25095 9.9982E-05 0.323916 9.9982E-05 0.424935
0.148492 0.0626202 0.1629 0.517907 0.108081
0.163936 9.9991E-05 0.259376 0.140766 0.435822
0.076748 9.9982E-05 0.519165 9.9982E-05 0.403887
0.201727 0.0490402 0.1929 0.556233 9.9991E-05
0.224547 0.122331 0.236706 0.324186 0.0922299
0.217193 0.0456361 0.329474 0.396823 0.010874
0.326705 9.9982E-05 0.182152 0.490943 9.9982E-05
0.245865 9.9991E-05 0.178182 0.542235 0.0336169
0.268876 9.9991E-05 0.209693 0.433331 0.0879998
0.282268 0.0420878 0.426078 0.249467 9.9991E-05
0.199202 0.0579615 0.208292 0.529775 0.00476991
0.270459 9.9982E-05 0.248185 0.481157 9.9982E-05
0.245423 9.9991E-05 0.283178 0.35666 0.114639
0.140571 0.161684 0.198684 0.357732 0.14133
0.043167 0.108894 0.211445 0.606983 0.0295113
0.2224 0.0903851 0.12472 0.546275 0.0162206
0.0919212 0.0213415 0.147431 0.608724 0.130583
0.335478 0.0715253 0.300926 0.291971 9.9991E-05
0.163752 0.0106825 0.244765 0.492807 0.087994
0.228776 9.9991E-05 0.387041 0.159112 0.22497
0.334699 0.0850775 0.131382 0.448741 9.9991E-05
0.358511 9.9991E-05 0.294837 0.197892 0.148661
9.9982E-05 0.161461 0.80472 9.9982E-05 0.0336189
0.0123943 0.675521 0.135966 0.135655 0.0404645
9.997E-05 0.9996 9.997E-05 9.997E-05 9.997E-05
9.9982E-05 0.966651 0.0192237 0.0139256 9.9982E-05
0.00993791 0.967011 9.9982E-05 0.0228515 9.9982E-05
0.0595221 0.940178 9.9973E-05 9.9973E-05 9.9973E-05
9.9973E-05 0.881092 9.9973E-05 0.118608 9.9973E-05
9.9973E-05 0.943059 0.0566409 9.9973E-05 9.9973E-05
9.9973E-05 0.801571 0.19813 9.9973E-05 9.9973E-05
0.0102816 0.0289406 0.91516 0.0455175 9.9991E-05
9.9982E-05 0.151294 0.816475 0.0320307 9.9982E-05
0.0415714 0.0104349 0.908752 0.0157969 0.0234447
9.9982E-05 0.112112 0.826077 0.0616107 9.9982E-05
0.0429811 0.0716806 0.885138 9.9982E-05 9.9982E-05
9.9982E-05 0.0379328 0.9054 9.9982E-05 0.0564672
0.109096 0.0442987 0.785263 0.061243 9.9991E-05
0.0593688 9.9982E-05 0.893556 0.0468748 9.9982E-05
0.0961806 0.14736 0.71828 0.0380797 9.9991E-05
0.102232 9.9973E-05 0.897468 9.9973E-05 9.9973E-05
9.9973E-05 0.0155225 0.984178 9.9973E-05 9.9973E-05
0.0444119 0.0795068 0.832974 0.00978812 0.0333192
0.0105529 0.038345 0.950902 9.9982E-05 9.9982E-05
0.0465878 9.9982E-05 0.920405 0.0328072 9.9982E-05
0.0425254 0.0251463 0.867707 0.064521 9.9991E-05
0.0725065 9.9982E-05 0.871901 0.0553922 9.9982E-05
0.185867 9.9982E-05 0.771393 0.0425401 9.9982E-05
0.0756963 9.9982E-05 0.803195 0.120908 9.9982E-05
0.0670391 9.9982E-05 0.809076 0.123685 9.9982E-05
0.023365 0.0440674 0.181137 0.463381 0.28805
9.9982E-05 9.9982E-05 0.156258 0.740502 0.10304
0.106326 0.0277066 0.11435 0.622976 0.128642
0.042349 9.9991E-05 0.119225 0.14347 0.694856
0.0128681 0.186707 0.174661 0.619114 0.00665096
0.0717343 9.9991E-05 0.201139 0.123523 0.603503
0.0796005 0.0290775 0.157842 0.601695 0.131786
9.9991E-05 0.104095 0.128907 0.547126 0.219772
0.00173613 0.108076 0.119837 0.616959 0.153391
0.00872555 0.0870734 0.0496078 0.638999 0.215595
9.9991E-05 0.10043 0.165995 0.573136 0.16034
0.0413167 0.0696758 0.132791 0.709485 0.0467308
9.9991E-05 0.125313 0.145245 0.677584 0.051757
0.0520077 0.460657 9.9991E-05 0.109085 0.37815
9.9982E-05 0.0971735 0.0797711 9.9982E-05 0.822855
0.0478678 0.0418992 0.124537 0.191494 0.594202
0.0494043 0.0388313 0.0858502 0.681018 0.144896
0.0390994 0.0113778 0.135626 0.618037 0.19586
0.0585939 9.9991E-05 0.180408 0.498905 0.261993
0.0776573 9.9991E-05 0.147755 0.707465 0.0670223
0.18595 9.9991E-05 0.215129 0.596864 0.00195673
0.234741 0.0149058 0.200888 0.549365 9.9991E-05
0.169205 0.157769 0.408804 0.11762 0.146602
0.0355847 0.14326 0.144153 0.676902 9.9991E-05
0.157384 0.0731826 0.239818 0.412421 0.117196
0.166735 9.9982E-05 0.448425 9.9982E-05 0.38464
0.252166 9.9991E-05 0.294595 0.351503 0.101636
0.229467 0.0973423 0.344393 0.28708 0.041718
0.0445567 0.104028 0.33472 0.516595 9.9991E-05
0.198056 0.0113822 0.208626 0.52705 0.0548867
0.0806342 9.9991E-05 0.259132 0.643983 0.0161506
0.247366 9.9991E-05 0.188946 0.493437 0.0701515
0.2009 0.0121169 0.189244 0.386012 0.211727
0.214949 0.0259619 0.461424 0.282999 0.0146659
