9.9982E-05 0.0860669 0.0232975 9.9982E-05 0.890436
0.00259013 0.0323991 9.9991E-05 0.0163571 0.948554
9.9991E-05 0.0256577 0.0534774 0.118499 0.802266
9.999E-05 0.107537 0.0278242 0.0527918 0.811747
9.999E-05 0.0321105 0.0443144 0.0677139 0.855761
0.100246 0.125454 0.0548065 0.0986458 0.620848
0.104383 0.0187701 9.9982E-05 9.9982E-05 0.876647
0.122202 0.0817896 9.9991E-05 0.0108305 0.785078
0.123114 0.0364464 9.9982E-05 9.9982E-05 0.84024
0.096749 0.014445 0.070568 0.0774888 0.740749
0.178286 0.0375256 9.9991E-05 0.0224457 0.761642
0.110478 0.514475 0.0585693 0.316377 9.9991E-05
9.9982E-05 0.336814 0.0477471 0.615239 9.9982E-05
0.0989302 0.495903 0.116367 0.262903 0.0258965
0.0497931 0.39159 0.194903 0.345398 0.0183164
0.0588821 0.257885 0.0964881 0.440619 0.146126
0.0249783 0.186396 0.11551 0.587764 0.085352
0.130836 0.272179 0.143493 0.453392 9.9991E-05
0.0772034 0.346579 0.0704317 0.362542 0.143243
0.239109 0.674041 0.0866497 9.9982E-05 9.9982E-05
0.0982125 0.325292 0.107126 0.426356 0.0430132
0.306604 0.101543 0.0712728 0.47399 0.04659
0.0249155 0.195149 0.0123307 0.662332 0.105273
0.170813 0.355069 0.127237 0.346781 9.9991E-05
0.0265505 0.0137638 0.0788006 0.740263 0.140622
0.0302472 0.203217 0.102466 0.614463 0.0496065
0.169047 0.461385 0.0935551 0.265903 0.0101101
0.123965 0.431377 0.176691 0.24458 0.0233868
0.227517 0.457617 0.0286188 0.266312 0.0199348
9.9982E-05 9.9982E-05 0.0394374 0.108201 0.852161
9.9982E-05 9.9982E-05 0.000715746 0.152738 0.846346
9.9982E-05 9.9982E-05 0.0210496 0.155733 0.823018
0.0286511 9.9991E-05 0.0442677 0.145795 0.781186
0.18264 0.122937 9.9991E-05 0.665469 0.0288549
0.17673 0.182253 0.0888557 0.494705 0.0574566
0.267436 9.9982E-05 9.9982E-05 0.716064 0.0163001
0.170902 0.525746 0.00693419 0.216306 0.0801129
0.415401 0.0617414 9.9991E-05 0.510846 0.011912
0.176985 0.0923791 0.0366288 0.577566 0.116441
0.186211 9.9991E-05 0.0117027 0.748168 0.0538181
0.154886 0.04977 9.9991E-05 0.641226 0.154018
0.0500498 0.103098 0.00667913 0.745041 0.0951314
0.462436 0.203113 9.9982E-05 0.334252 9.9982E-05
0.135783 0.0445405 0.0754536 0.662331 0.0818921
0.154233 0.0428125 0.0572078 0.678465 0.0672821
0.0124315 0.0214871 0.0667385 0.765879 0.133464
0.476544 0.00952545 9.9982E-05 0.51373 9.9982E-05
0.139863 0.0293423 0.0218182 0.740342 0.0686345
0.156687 0.0189532 0.00247308 0.699185 0.122701
0.897703 0.0197802 9.9982E-05 9.9982E-05 0.0823171
0.325579 0.405788 9.9982E-05 0.268433 9.9982E-05
0.617193 0.217524 0.0510634 0.0814487 0.0327715
0.0350668 0.135746 0.0509896 0.676085 0.102112
0.130287 0.0777263 0.0956783 0.609464 0.0868444
0.0329854 0.0612742 0.113289 0.676692 0.11576
0.266585 0.42948 9.9991E-05 0.22907 0.0747656
0.118451 0.225185 0.0132619 0.603549 0.039553
0.112199 0.114699 0.226541 0.439245 0.107317
0.318106 0.188135 9.9991E-05 0.406565 0.087094
0.306797 0.354192 0.0789492 0.0885462 0.171516
0.138091 0.141352 0.132446 0.560981 0.0271294
0.176669 0.276203 0.105844 0.423216 0.0180686
0.332776 0.559037 9.9991E-05 0.0678842 0.0402036
0.13989 0.258628 0.021535 0.579847 9.9991E-05
0.0847927 0.0845199 0.08056 0.686674 0.0634532
0.094093 0.117742 0.0779316 0.607078 0.103155
0.308857 0.284216 0.0785128 0.312982 0.0154321
0.212301 0.153867 0.102311 0.531421 9.9991E-05
0.0164774 0.273451 0.11111 0.547053 0.0519081
0.296942 0.424885 9.9991E-05 0.257148 0.0209254
0.144272 0.10717 9.9982E-05 0.748358 9.9982E-05
0.431889 0.188419 9.9982E-05 0.379492 9.9982E-05
0.166404 0.0967935 0.0362084 0.601262 0.0993321
0.824693 0.00888487 9.9982E-05 0.166222 9.9982E-05
0.719897 0.0840806 9.9982E-05 0.195823 9.9982E-05
0.49077 0.0127046 9.9982E-05 0.496325 9.9982E-05
0.231556 0.19309 9.9982E-05 0.575154 9.9982E-05
0.171719 0.0460204 0.0315073 0.56574 0.185013
0.31376 0.0166382 0.0485803 0.582197 0.0388238
0.293488 0.32543 9.9991E-05 0.368739 0.0122435
0.300917 0.348522 9.9991E-05 0.34573 0.00473169
0.191411 9.9991E-05 0.122113 0.593383 0.0929933
0.358992 0.142841 9.9991E-05 0.47729 0.0207769
0.323989 0.0795605 9.9991E-05 0.520828 0.075522
0.442019 9.9973E-05 9.9973E-05 0.557682 9.9973E-05
0.795565 0.0333877 9.9982E-05 0.170847 9.9982E-05
0.154916 0.13012 0.0905614 0.624303 9.9991E-05
9.9991E-05 0.0629359 0.00374105 0.111701 0.821522
9.9973E-05 9.9973E-05 9.9973E-05 0.102033 0.897667
9.9991E-05 0.0332405 0.071786 0.0543449 0.840529
0.00712478 9.9991E-05 0.00346827 0.0419734 0.947334
9.9973E-05 9.9973E-05 9.9973E-05 0.0790207 0.920679
0.036383 9.9991E-05 0.0162226 0.0394487 0.907846
9.9991E-05 0.00372755 0.0394413 0.0222864 0.934445
0.147624 0.0941164 0.06723 0.611098 0.0799309
0.135209 0.0509135 0.0828259 0.625631 0.10542
0.570353 0.206172 9.9982E-05 0.223274 9.9982E-05
0.162685 0.117481 0.0575972 0.562887 0.0993497
0.274052 0.0895502 0.00155192 0.58724 0.0476055
0.164958 9.9982E-05 9.9982E-05 0.741813 0.0930295
0.199068 0.0318861 9.9991E-05 0.737455 0.0314916
0.289962 0.0326519 0.107153 0.570133 9.9991E-05
0.555005 0.328229 9.9991E-05 0.108875 0.0077908
0.0693122 0.157388 0.123815 0.537542 0.111942
0.146089 0.0325504 0.0482817 0.680272 0.0928062
0.206845 0.112208 0.119814 0.561033 9.9991E-05
0.578413 9.9982E-05 9.9982E-05 0.418286 0.00310024
0.341366 9.9982E-05 9.9982E-05 0.640479 0.0179551
0.159785 0.141851 9.9991E-05 0.641905 0.0563589
0.384141 0.0221903 0.0295797 0.56399 9.9991E-05
0.20689 0.162732 9.9991E-05 0.597208 0.03307
0.1411 0.104946 0.0221382 0.601185 0.130631
0.286376 0.362131 0.106339 0.204508 0.0406457
0.0525194 0.338086 0.136986 0.354891 0.117518
0.0480693 0.165979 0.143878 0.576375 0.0656984
0.103573 0.0893155 0.0597516 0.602833 0.144526
0.0417403 0.355393 0.0170314 0.498535 0.0873003
0.102723 0.268499 0.0704086 0.542443 0.0159267
9.9991E-05 0.383312 0.043876 0.517464 0.055248
0.195794 0.143687 0.00518077 0.574385 0.0809534
0.157614 0.184804 0.0507249 0.582216 0.0246404
0.0939765 0.225676 9.9991E-05 0.645662 0.0345855
0.102291 0.325755 9.9991E-05 0.555116 0.0167377
0.0648883 0.207241 0.13063 0.597141 9.9991E-05
0.0977314 0.0893854 0.174142 0.584724 0.0540174
0.0234496 0.259983 0.0224828 0.677248 0.016837
0.136566 0.151139 0.116904 0.449277 0.146114
0.07145 0.212965 0.122782 0.563544 0.0292582
0.143977 0.255171 0.0564888 0.435897 0.108466
0.0992363 0.182281 0.129737 0.58843 0.00031568
0.00640128 0.187479 0.0953788 0.684867 0.025874
0.243335 0.447801 0.104238 0.204527 9.9991E-05
0.373364 0.307041 0.129773 0.181497 0.00832535
0.0569832 0.233885 0.0281382 0.680894 9.9991E-05
0.451421 0.347461 0.0609994 0.140018 9.9991E-05
0.152296 0.440381 9.9991E-05 0.369782 0.0374419
0.159426 0.360562 9.9982E-05 0.479812 9.9982E-05
0.16306 0.450135 9.9991E-05 0.384128 0.00257655
0.18756 0.451681 0.0355876 0.325071 9.9991E-05
0.049975 0.175646 0.0372059 0.655003 0.08217
0.137228 0.189696 0.135864 0.513837 0.0233746
0.0982217 0.220368 0.037991 0.573798 0.0696219
0.429513 0.297275 0.0973241 0.175788 9.9991E-05
0.0912105 0.0410375 0.0265975 0.582524 0.25863
0.379237 9.9991E-05 0.0440995 0.489542 0.0870217
0.642227 0.157505 9.9991E-05 0.0210389 0.179129
0.175686 9.9991E-05 0.114003 0.624779 0.0854322
0.401342 0.0423162 0.00990232 0.427807 0.118632
0.194027 0.0548337 0.099494 0.515031 0.136614
0.472084 0.051532 0.0505543 0.29651 0.129319
0.518618 0.0870788 9.9991E-05 0.265452 0.128751
0.286322 0.158555 0.0015136 0.489089 0.0645204
0.186057 0.0979802 0.0785052 0.552603 0.0848551
0.174733 0.209631 0.123227 0.382522 0.109887
0.564656 0.134131 0.176063 0.0491785 0.0759716
0.224761 0.0611905 9.9991E-05 0.549387 0.164561
0.433832 0.0853699 9.9991E-05 0.4763 0.00439775
0.336062 0.0863457 9.9982E-05 0.577393 9.9982E-05
0.117719 0.0584408 0.0918838 0.578306 0.153651
0.167149 0.0532856 0.304459 0.13393 0.341176
0.227474 9.9982E-05 0.148791 9.9982E-05 0.623535
0.3593 9.9982E-05 0.155272 9.9982E-05 0.485228
0.123934 0.0479929 0.376421 0.0446254 0.407026
0.267592 0.0373565 0.0584636 0.636488 9.9991E-05
0.0960277 0.0503167 0.0686087 0.633784 0.151263
9.9982E-05 0.0141137 0.724903 0.260784 9.9982E-05
9.9982E-05 0.157557 0.491045 0.351198 9.9982E-05
0.0888904 9.9991E-05 0.43265 0.372787 0.105573
0.516093 0.00455453 0.0784135 0.353504 0.0474346
0.185688 0.109451 0.0922262 0.560727 0.051908
0.714277 9.9991E-05 0.074285 0.198751 0.0125872
0.208893 0.0142267 0.0778011 0.643948 0.0551307
0.339337 0.0813048 0.0135287 0.565729 9.9991E-05
0.242195 0.0166854 0.103605 0.588572 0.0489419
0.625128 0.0502759 0.0206845 0.275088 0.0288234
0.216679 9.9991E-05 0.146252 0.62199 0.0149793
0.269629 0.0378323 9.9991E-05 0.616637 0.0758018
0.034768 9.9973E-05 0.964932 9.9973E-05 9.9973E-05
9.9973E-05 9.9973E-05 0.891147 0.108553 9.9973E-05
9.9991E-05 0.0634891 0.566583 0.340158 0.0296692
9.9982E-05 9.9982E-05 0.686857 0.286896 0.0260479
9.9982E-05 9.9982E-05 0.862084 0.12806 0.00965583
9.997E-05 9.997E-05 0.9996 9.997E-05 9.997E-05
9.9973E-05 0.0485621 0.951138 9.9973E-05 9.9973E-05
9.9973E-05 9.9973E-05 0.842621 0.157079 9.9973E-05
9.9982E-05 0.0263284 0.971313 0.00215819 9.9982E-05
9.997E-05 9.997E-05 0.9996 9.997E-05 9.997E-05
9.997E-05 9.997E-05 0.9996 9.997E-05 9.997E-05
9.9991E-05 0.00898185 0.801978 0.145228 0.0437126
9.9991E-05 0.0717617 0.763749 0.0955308 0.0688585
9.9973E-05 0.0104205 0.98928 9.9973E-05 9.9973E-05
0.0691154 0.103834 0.430699 0.396252 9.9991E-05
9.9991E-05 0.0522756 0.663702 0.243567 0.040356
9.9991E-05 0.00277281 0.733703 0.170579 0.0928453
9.99887E-05 0.0454328 0.928379 0.025988 9.99887E-05
9.9973E-05 9.9973E-05 0.97676 0.0229402 9.9973E-05
9.9982E-05 0.0622218 0.92292 9.9982E-05 0.014658
9.997E-05 9.997E-05 0.9996 9.997E-05 9.997E-05
0.00815479 0.0473706 0.612068 0.289015 0.0433919
0.0294651 9.9982E-05 0.930801 0.0395342 9.9982E-05
0.534082 9.9982E-05 0.0976424 9.9982E-05 0.368076
0.205256 0.115246 0.122012 0.352602 0.204884
0.215899 0.0465625 0.037251 0.448605 0.251682
0.416407 9.9991E-05 0.139973 0.177624 0.265896
0.143541 0.0472048 0.145722 0.494951 0.168581
0.456953 9.9991E-05 0.170928 0.14359 0.228429
0.238326 9.9991E-05 0.0597438 0.493439 0.208392
0.297488 9.9991E-05 0.220679 0.298986 0.182748
0.175679 9.9991E-05 0.165288 0.530177 0.128756
0.237258 9.9991E-05 0.285848 0.286831 0.189963
0.208654 9.9991E-05 0.138772 0.425289 0.227185
0.0276697 0.0915227 9.9991E-05 0.0382195 0.842488
0.00510791 0.00185018 0.0388892 9.9991E-05 0.954053
0.0064861 0.0230671 9.9982E-05 9.9982E-05 0.970247
9.9973E-05 0.0594967 9.9973E-05 9.9973E-05 0.940203
9.9982E-05 0.0701407 0.0647903 9.9982E-05 0.864869
0.0279337 9.9982E-05 0.0569365 9.9982E-05 0.91493
9.9982E-05 9.9982E-05 0.0467545 0.0319702 0.921075
0.0639479 9.9982E-05 9.9982E-05 0.0420253 0.893827
0.0118259 9.9991E-05 0.0271418 0.0473892 0.913543
9.9982E-05 0.0297138 0.104912 9.9982E-05 0.865174
0.109586 0.246503 9.9982E-05 9.9982E-05 0.643711
0.0289929 0.382071 0.00538317 9.9991E-05 0.583453
0.185267 0.265425 9.9982E-05 9.9982E-05 0.549107
0.170449 0.32185 9.9982E-05 9.9982E-05 0.507501
0.150702 0.166681 9.9991E-05 0.617205 0.0653126
0.261819 0.0909303 0.0274793 0.580867 0.0389039
0.18055 0.141472 0.0492632 0.593974 0.034741
0.223002 0.267213 0.0289111 0.459084 0.0217898
0.162098 0.621698 0.0133482 0.202755 9.9991E-05
0.184406 0.0306095 0.131689 0.65259 0.00070585
0.159072 0.138087 0.0237983 0.678943 9.9991E-05
0.311854 0.0990695 9.9982E-05 0.588876 9.9982E-05
0.452472 0.00887332 0.00692776 0.531627 9.9991E-05
0.144991 0.101763 0.0601341 0.640576 0.0525359
0.254435 0.192391 0.0120696 0.518135 0.0229698
0.832474 0.112533 9.9982E-05 0.0547931 9.9982E-05
0.0720888 0.267402 0.160667 0.499742 9.9991E-05
0.60394 9.9982E-05 9.9982E-05 0.395354 0.000506336
0.268894 0.0410964 9.9982E-05 0.689809 9.9982E-05
0.516861 0.239994 9.9982E-05 0.242944 9.9982E-05
0.0624407 0.809718 0.00420626 0.0137212 0.109914
0.144766 0.717036 9.9991E-05 0.00477692 0.133322
0.109573 0.855369 9.9982E-05 9.9982E-05 0.0348582
0.0696452 0.809506 9.9982E-05 9.9982E-05 0.120649
0.0769101 0.866591 0.00490156 0.0514976 9.9991E-05
0.0263602 0.782531 0.080604 0.0493378 0.0611675
9.9982E-05 9.9982E-05 0.0252663 0.103735 0.870798
9.9991E-05 0.0453034 0.0533287 0.0479557 0.853312
9.9982E-05 9.9982E-05 0.136173 0.0867907 0.776837
9.9991E-05 0.116823 0.0970479 0.0379242 0.748105
9.9991E-05 0.0642671 0.102926 0.0147163 0.817991
0.0233101 0.592761 9.9982E-05 9.9982E-05 0.383729
0.176332 0.353376 9.9982E-05 9.9982E-05 0.470092
0.0870393 0.461628 9.9982E-05 9.9982E-05 0.451133
9.9991E-05 0.0240988 0.0204016 0.11088 0.844519
0.132232 0.494701 9.9982E-05 9.9982E-05 0.372868
0.0897933 9.9991E-05 0.384541 0.264494 0.261072
9.9991E-05 0.0220538 0.236026 0.526275 0.215545
9.9982E-05 9.9982E-05 0.274429 0.535892 0.189479
0.133471 9.9991E-05 0.199202 0.426762 0.240466
0.0377308 0.0710166 0.224996 0.491909 0.174347
0.216083 9.9982E-05 0.295472 9.9982E-05 0.488245
0.117034 0.276886 9.9991E-05 0.579162 0.0268181
0.33468 0.192019 9.9991E-05 0.388458 0.0847439
0.0210437 0.622933 0.00186691 0.291096 0.0630603
0.294477 0.197913 0.0624006 0.443343 0.00186634
0.822884 0.176816 9.9973E-05 9.9973E-05 9.9973E-05
0.147307 0.127249 0.125356 0.500586 0.0995015
0.145568 0.153135 9.9991E-05 0.572311 0.128886
0.0481081 0.47068 9.9991E-05 0.465368 0.0157444
0.129452 0.157048 0.0225116 0.600706 0.0902827
0.488369 0.299653 9.9982E-05 0.211778 9.9982E-05
0.234084 0.183887 0.142209 0.43972 9.9991E-05
0.0825389 0.341954 0.0961745 0.479232 9.9991E-05
0.130847 0.161642 0.181793 0.378557 0.14716
0.265577 0.296987 0.0251341 0.412202 9.9991E-05
0.222937 0.241688 0.0246977 0.476502 0.0341746
0.286038 0.097325 0.165915 0.450621 9.9991E-05
0.228828 0.149026 9.9991E-05 0.557628 0.0644185
0.034984 0.143172 0.0572842 0.710504 0.0540555
0.049903 0.173691 0.0446413 0.644816 0.086949
0.0760394 0.172586 0.122452 0.550064 0.0788576
9.9982E-05 9.9982E-05 0.114687 0.0969978 0.788116
9.9982E-05 9.9982E-05 0.0173178 0.109087 0.873396
0.0702339 0.0348684 9.9991E-05 0.0899669 0.804831
0.0426941 0.00773684 9.9991E-05 0.107933 0.841536
9.9982E-05 9.9982E-05 0.022459 0.111173 0.866168
0.0842154 0.616283 0.0416994 0.257702 9.9991E-05
0.212476 0.119988 0.120641 0.537882 0.0090127
0.0957654 9.9991E-05 0.200799 0.46412 0.239215
9.9991E-05 0.170166 0.152622 0.621137 0.0559743
0.0766776 0.235353 0.0638262 0.578581 0.0455617
0.20221 0.363443 0.047991 0.357789 0.0285674
0.276642 0.585499 9.9991E-05 0.00452205 0.133237
0.0350031 0.364759 0.0701726 0.528361 0.00170423
0.181772 0.5338 0.0260364 0.216581 0.0418117
0.216392 0.202932 0.0732596 0.420752 0.0866642
0.14415 0.569553 0.0152771 0.138596 0.132425
9.9991E-05 0.229247 0.0869296 0.619474 0.0642499
0.211479 0.473654 9.9991E-05 0.219976 0.0947912
0.272217 0.251062 0.0808185 0.366643 0.0292592
0.334786 0.085347 0.113077 0.406527 0.0602633
0.459799 0.0804729 0.0345957 0.369068 0.0560646
0.278997 9.9982E-05 9.9982E-05 0.635361 0.0854419
0.12375 0.0414103 9.9991E-05 0.638425 0.196314
0.487144 0.0656662 9.9991E-05 0.391193 0.0558968
0.260038 0.0107363 0.0263383 0.571308 0.131579
0.297102 9.9991E-05 0.0131534 0.58842 0.101225
0.743486 0.0755982 9.9982E-05 0.180716 9.9982E-05
0.592386 0.0349083 9.9991E-05 0.352708 0.019898
0.333757 0.0598897 0.00119464 0.56253 0.0426288
0.612639 0.124257 9.9991E-05 0.212455 0.0505496
0.245135 0.163028 9.9991E-05 0.545689 0.0460481
0.212387 0.573999 0.0765228 0.115606 0.0214851
0.338242 0.350435 0.0641512 0.247072 9.9991E-05
0.0123546 0.518792 0.096251 0.372503 9.9991E-05
0.0190466 0.261755 0.129976 0.589122 9.9991E-05
0.114952 0.586258 9.9982E-05 0.29859 9.9982E-05
0.146448 0.192472 0.244177 0.369955 0.0469479
9.9991E-05 0.322984 0.0856013 0.564025 0.0272899
0.0581275 0.29166 0.113137 0.536976 9.9991E-05
0.105203 0.313511 0.149632 0.431554 9.9991E-05
0.0895264 0.38472 0.110053 0.4156 9.9991E-05
0.117449 0.527283 0.0915337 0.263635 9.9991E-05
0.0446859 0.551384 0.0956803 0.30815 9.9991E-05
0.0338195 0.24236 0.0834404 0.640281 9.9991E-05
0.0745959 0.0877586 0.0497645 0.6586 0.129281
0.135259 0.32242 9.9991E-05 0.453418 0.0888024
0.0697253 0.310939 0.114543 0.504692 9.9991E-05
0.0105562 0.439977 0.0484627 0.409638 0.0913663
9.9982E-05 0.244589 0.0547752 0.700436 9.9982E-05
0.00905814 0.262416 0.0725189 0.602562 0.0534453
0.129382 0.127517 0.151157 0.496981 0.0949633
0.00632994 0.0471968 0.0853316 0.469258 0.391884
0.0785671 9.9991E-05 0.256358 0.499643 0.165331
0.108455 0.0850536 0.157288 0.497801 0.151402
0.0725601 0.047886 0.174388 0.608098 0.0970676
0.0828866 9.9991E-05 0.184126 0.505783 0.227104
0.247855 0.177434 0.0567766 0.517835 9.9991E-05
0.0104252 0.0734096 0.166089 0.615023 0.135053
0.501633 9.9991E-05 0.15155 0.0375699 0.309147
0.0806909 0.104042 0.179272 0.508891 0.127104
0.0758644 0.0694301 0.178774 0.567206 0.108726
0.129327 0.0830109 0.30275 0.375341 0.109572
0.241959 0.0885325 0.154434 0.320784 0.19429
0.0578757 9.9991E-05 0.139076 0.54631 0.256638
0.0829064 9.9991E-05 0.18487 0.563802 0.168322
0.292329 9.9982E-05 0.194304 9.9982E-05 0.513167
9.9982E-05 9.9982E-05 0.256624 0.493853 0.249323
0.0517746 0.0896234 0.25189 0.407529 0.199183
0.0889627 0.0655895 0.148544 0.593943 0.102961
9.9982E-05 9.9982E-05 0.177341 0.580035 0.242425
0.0887744 0.136076 0.169648 0.499751 0.105751
0.305852 0.0173409 0.101998 0.574709 9.9991E-05
0.121434 0.168262 0.0780524 0.55075 0.0815016
0.792739 0.0973773 9.9982E-05 0.109684 9.9982E-05
0.869164 0.0682094 9.9982E-05 0.0624269 9.9982E-05
0.248168 0.0641305 0.0838251 0.565235 0.0386415
0.177567 9.9991E-05 0.318829 0.381314 0.122191
0.217393 9.9991E-05 0.382474 0.256614 0.143419
0.309658 0.0126848 0.294539 0.124701 0.258417
0.151464 0.0542032 0.284425 0.326967 0.18294
0.692593 9.9991E-05 0.210607 0.035436 0.061264
0.622411 9.9991E-05 0.150603 0.157147 0.0697393
0.229812 0.0506353 0.181846 0.494597 0.0431096
0.329749 0.0191091 0.146067 0.440327 0.064748
0.525093 0.0784965 0.18188 0.140829 0.0737016
0.263166 0.0628314 0.140679 0.504917 0.0284069
0.213576 9.9991E-05 0.09818 0.642678 0.0454652
0.0947056 0.173206 0.1801 0.443772 0.108216
0.484919 0.040454 9.9991E-05 0.422293 0.0522336
0.382645 0.170228 0.0694095 0.356687 0.02103
0.224954 0.0343087 0.0069559 0.648086 0.0856956
0.343635 0.0949428 0.131456 0.424094 0.00587231
0.318152 0.0678927 0.15795 0.411399 0.0446059
0.404641 0.0284424 0.0669385 0.499878 9.9991E-05
0.635294 0.0503286 9.9982E-05 0.314178 9.9982E-05
0.241661 9.9982E-05 9.9982E-05 0.674165 0.0839739
0.588483 0.0910804 0.0320326 0.288304 9.9991E-05
0.449226 9.9991E-05 0.0456416 0.468394 0.0366386
0.140407 0.0854348 0.0458745 0.658172 0.0701114
0.271507 0.132421 0.0730961 0.522876 9.9991E-05
0.118815 0.0201946 0.274173 0.454121 0.132697
0.125548 0.14874 0.145821 0.452477 0.127414
0.145735 0.0504813 0.243323 0.380481 0.17998
0.0744889 0.172764 0.208389 0.38028 0.164078
0.0423483 0.209317 0.268481 0.406591 0.0732624
0.148983 0.0827027 0.234469 0.425272 0.108574
0.610439 0.00971272 0.164547 9.9991E-05 0.215201
9.9991E-05 0.0485473 0.199168 0.633889 0.118296
0.452359 9.9982E-05 0.137457 9.9982E-05 0.409983
0.216573 9.9991E-05 0.213089 0.508067 0.0621708
0.744835 9.9973E-05 9.9973E-05 0.254865 9.9973E-05
0.915146 0.0655678 0.00270662 0.0164795 9.9991E-05
0.358634 0.0423344 9.9982E-05 0.598831 9.9982E-05
0.286941 9.9991E-05 0.0209418 0.626308 0.0657091
0.448917 0.0386964 9.9982E-05 0.512187 9.9982E-05
0.344958 9.9982E-05 9.9982E-05 0.619239 0.0356029
0.329684 0.032359 0.0430858 0.594771 9.9991E-05
0.0219381 0.037873 0.0500615 0.0817725 0.808355
9.9982E-05 0.165864 0.108525 9.9982E-05 0.72541
9.9982E-05 0.0508567 0.0692377 9.9982E-05 0.879706
9.9973E-05 9.9973E-05 9.9973E-05 0.046585 0.953115
0.272519 0.0519975 0.014803 0.602394 0.0582864
0.290989 0.0874146 0.0466575 0.4966 0.0783387
0.375049 0.0208745 9.9982E-05 0.603877 9.9982E-05
0.176714 0.0168984 0.0716295 0.655414 0.0793448
0.1462 0.0694337 0.0369008 0.618626 0.128839
0.473845 0.138975 9.9982E-05 0.38698 9.9982E-05
0.205377 0.00870737 0.0471464 0.712118 0.0266517
0.514404 9.9982E-05 9.9982E-05 0.483263 0.0021334
9.9991E-05 0.0925453 0.175285 0.461177 0.270893
0.404873 0.0171835 0.0591108 0.518732 9.9991E-05
0.349605 0.103186 9.9982E-05 0.547009 9.9982E-05
0.367561 0.0312954 0.0442009 0.556842 9.9991E-05
0.300057 0.123682 9.9982E-05 0.576061 9.9982E-05
0.238914 9.9982E-05 9.9982E-05 0.699821 0.0610657
0.191319 0.0345328 9.9991E-05 0.640296 0.133752
0.753729 9.9973E-05 9.9973E-05 0.245971 9.9973E-05
0.493768 0.0550807 0.00310117 0.417214 0.0308367
0.490606 0.0868129 9.9982E-05 0.422381 9.9982E-05
0.931842 9.9973E-05 9.9973E-05 0.0678579 9.9973E-05
0.256902 0.163124 9.9991E-05 0.541667 0.0382065
0.675268 0.0307482 9.9982E-05 0.293784 9.9982E-05
0.89621 0.0430058 9.9982E-05 0.0605838 9.9982E-05
0.172279 0.0500582 0.0152262 0.712983 0.0494542
0.398909 0.200305 9.9991E-05 0.364678 0.0360079
0.262748 0.170463 0.0555781 0.488657 0.0225541
0.173024 0.0266936 0.0272792 0.631525 0.141479
0.223582 0.104817 9.9991E-05 0.665263 0.00623819
0.246526 0.293036 0.108808 0.35153 9.9991E-05
0.22601 0.0992096 0.0410106 0.611397 0.0223731
0.215647 0.137357 0.0677072 0.563825 0.0154635
0.475456 0.0685613 9.9982E-05 0.455783 9.9982E-05
0.185605 9.9991E-05 0.0757304 0.628684 0.10988
0.0511984 0.302852 0.00103823 9.9991E-05 0.644811
0.055059 0.0829763 9.9991E-05 0.041148 0.820717
0.0538755 0.115072 9.9982E-05 9.9982E-05 0.830852
0.0557161 0.124187 9.9982E-05 9.9982E-05 0.819897
9.9982E-05 0.245927 9.9982E-05 0.0114404 0.742433
0.455434 0.273473 9.9982E-05 0.270893 9.9982E-05
0.541946 0.163114 9.9991E-05 0.287488 0.00735293
0.638027 9.9973E-05 9.9973E-05 0.361673 9.9973E-05
0.188034 0.0721665 0.0974528 0.56936 0.0729871
0.179043 0.0410002 0.0111613 0.606719 0.162076
0.485256 9.9982E-05 9.9982E-05 0.450349 0.0641946
0.221799 9.9991E-05 0.0354329 0.71827 0.0243986
0.354422 9.9982E-05 0.062731 0.582647 9.9982E-05
0.252461 0.0591145 9.9991E-05 0.650865 0.037459
0.0893153 0.124977 0.0143241 0.771284 9.9991E-05
0.354801 0.207558 9.9982E-05 0.437441 9.9982E-05
0.33063 0.130702 9.9982E-05 0.538467 9.9982E-05
0.273171 0.237435 9.9982E-05 0.489193 9.9982E-05
0.157003 0.0786632 0.0492766 0.61102 0.104037
0.233442 0.185382 9.9991E-05 0.550317 0.0307599
0.295435 0.0916928 0.0109483 0.601824 9.9991E-05
9.9982E-05 9.9982E-05 0.487427 0.405635 0.106739
0.00183262 0.0809233 0.502648 0.318734 0.0958621
0.0621736 9.9991E-05 0.428777 0.436265 0.0726845
0.0745133 9.9991E-05 0.493727 0.278315 0.153345
0.0351258 0.100602 0.474768 0.327159 0.0623449
0.284517 0.00231231 0.0318723 0.606142 0.075156
0.0180362 0.0376797 0.68883 0.00548909 0.249965
0.0240627 9.9991E-05 0.494372 0.261095 0.22037
0.1504 0.0605025 0.199302 0.459142 0.130653
0.140913 0.00155451 9.9991E-05 0.655096 0.202336
0.301062 0.0517812 0.020175 0.427883 0.199099
0.157971 0.0734044 0.0831355 0.526931 0.158558
0.148955 0.0160415 0.096038 0.607147 0.131818
9.9982E-05 9.9982E-05 0.51474 0.320264 0.164796
0.00655004 0.135051 0.420876 0.331385 0.106138
9.9982E-05 9.9982E-05 0.538674 0.417237 0.0438889
9.9991E-05 0.157624 0.28461 0.447847 0.109819
9.9991E-05 0.0440972 0.570533 0.239682 0.145588
0.0501145 0.0251022 0.314041 0.427031 0.183711
0.0508928 9.9991E-05 0.579557 0.266067 0.103383
0.0565018 0.0857442 0.421826 0.370785 0.065143
0.282095 0.00575971 0.0841924 0.53776 0.0901933
0.171412 0.00172458 0.330366 0.316897 0.1796
9.9982E-05 9.9982E-05 0.683423 0.144606 0.171771
0.0410233 0.0792425 0.394551 0.395372 0.0898106
0.322947 0.259427 9.9991E-05 0.246557 0.170969
0.169382 0.0775122 0.1326 0.583132 0.0373737
0.0595943 0.0564102 0.379421 0.337521 0.167054
0.123728 0.144969 0.0344641 0.587297 0.109542
0.169165 0.0726026 0.0113963 0.60513 0.141706
0.167081 0.0863459 0.244631 0.339795 0.162147
0.136433 9.9991E-05 0.304987 0.330626 0.227854
0.240317 0.0634756 0.140888 0.500468 0.0548506
0.0353244 0.0395926 0.34013 0.423992 0.160961
0.0344632 9.9991E-05 0.492392 0.348166 0.124879
0.00301763 9.9991E-05 0.646608 0.133123 0.217151
0.127617 0.0255348 0.103318 0.636141 0.10739
0.247971 0.0567669 9.9991E-05 0.550903 0.144259
0.570504 9.9991E-05 0.065878 0.180829 0.182689
0.0305632 0.114109 0.0419701 0.6508 0.162558
0.140294 0.184914 0.0627029 0.478726 0.133363
0.0803734 9.9991E-05 0.119419 0.536942 0.263165
0.120946 0.0725413 0.138668 0.482076 0.185769
0.43536 9.9982E-05 0.246186 9.9982E-05 0.318254
0.483005 9.9982E-05 0.151929 9.9982E-05 0.364866
0.414946 0.0321013 0.260353 0.175629 0.116971
0.404024 0.0246908 0.23 9.9991E-05 0.341185
0.251361 9.9982E-05 0.250962 9.9982E-05 0.497477
0.323111 0.00604608 0.18365 0.328878 0.158315
0.269353 0.0363151 0.199951 0.266143 0.228238
0.349427 9.9991E-05 0.21894 0.164724 0.266809
0.399303 0.00220912 0.262009 0.0202143 0.316264
0.174593 0.0344278 0.115225 0.508007 0.167747
0.359691 9.9991E-05 0.181159 0.176732 0.282318
0.38486 9.9982E-05 0.110538 9.9982E-05 0.504402
9.9991E-05 0.218532 0.263286 0.429661 0.0884204
0.208971 0.115595 0.336916 0.226122 0.112397
0.0259292 0.053862 0.180496 0.40445 0.335263
9.9982E-05 9.9982E-05 0.268077 0.535141 0.196582
0.0443789 0.00589667 0.237025 0.534702 0.177997
0.0624096 0.0543519 0.312852 0.462651 0.107736
9.9991E-05 0.0774409 0.183072 0.356123 0.383264
9.9991E-05 0.0469727 0.155805 0.550516 0.246606
0.0167042 9.9991E-05 0.254662 0.540696 0.187837
0.155369 0.0409438 0.338691 0.232549 0.232447
0.227168 0.122908 0.142816 0.322262 0.184847
0.010702 0.10748 0.115573 0.566315 0.199929
0.00485151 0.129648 0.224401 0.492509 0.14859
0.110091 0.132556 0.122126 0.617442 0.0177856
9.9991E-05 0.104962 0.350606 0.260412 0.283919
0.127613 0.0183314 0.211875 0.448654 0.193526
0.228007 9.9991E-05 0.247652 0.126566 0.397675
9.9991E-05 0.156341 0.279396 0.471549 0.0926137
0.187546 9.9991E-05 0.359966 0.184451 0.267937
0.040395 0.129124 0.00237077 0.00165614 0.826455
0.0481849 0.756185 9.9991E-05 0.117448 0.0780818
9.997E-05 0.9996 9.997E-05 9.997E-05 9.997E-05
9.997E-05 0.9996 9.997E-05 9.997E-05 9.997E-05
9.997E-05 0.9996 9.997E-05 9.997E-05 9.997E-05
9.9982E-05 0.946657 0.00496296 0.0481799 9.9982E-05
9.9973E-05 0.915647 9.9973E-05 0.0840533 9.9973E-05
9.9973E-05 0.949688 9.9973E-05 9.9973E-05 0.050012
9.9973E-05 0.817842 9.9973E-05 9.9973E-05 0.181858
9.9991E-05 0.0435161 0.0243675 0.0136874 0.918329
9.9991E-05 0.165869 0.0186852 0.011586 0.803759
0.0275919 0.0100795 0.0244451 0.0538713 0.884012
9.9982E-05 0.122872 9.9982E-05 0.0479671 0.828961
9.9991E-05 0.0302926 0.0157095 0.0303907 0.923507
0.0375053 0.0393294 0.00447963 9.9991E-05 0.918586
9.9991E-05 0.0444526 0.108962 0.0757022 0.770783
0.0239905 9.9991E-05 0.102242 0.023356 0.850312
9.9991E-05 0.104127 0.0669132 0.0796421 0.749217
9.9982E-05 9.9982E-05 0.0684316 0.0249298 0.906439
9.9973E-05 0.0243905 9.9973E-05 9.9973E-05 0.97531
0.00390818 0.0435089 9.9991E-05 0.0700583 0.882425
9.9973E-05 0.0403843 9.9973E-05 9.9973E-05 0.959316
9.9982E-05 9.9982E-05 0.0321487 0.0485971 0.919054
9.9982E-05 9.9982E-05 0.0195731 0.0827323 0.897495
9.9982E-05 9.9982E-05 0.0531122 0.0933949 0.853293
9.9982E-05 9.9982E-05 0.161238 0.0503616 0.7882
9.9982E-05 9.9982E-05 0.1183 0.128975 0.752525
9.9982E-05 9.9982E-05 0.014574 0.151021 0.834205
0.214134 0.113809 0.0696806 0.435098 0.167278
0.0850755 9.9982E-05 9.9982E-05 0.782727 0.131998
0.0888564 0.0781683 0.0950191 0.568384 0.169572
0.725248 9.9991E-05 0.0571192 0.127524 0.0900087
0.152799 0.07788 0.0215245 0.593917 0.15388
0.649373 9.9991E-05 0.0360606 0.112663 0.201803
0.203482 9.9991E-05 0.0461191 0.604452 0.145846
0.296267 0.101951 9.9991E-05 0.50345 0.0982317
0.201072 0.0741794 9.9991E-05 0.60705 0.117598
0.25742 9.9991E-05 0.0647233 0.595228 0.0825289
0.198449 0.213572 0.030523 0.455974 0.101482
0.066657 0.0789675 9.9991E-05 0.725865 0.128411
0.074199 0.134205 9.9991E-05 0.687261 0.104235
0.399685 0.468222 0.0534494 0.0785443 9.9991E-05
0.821041 0.0761496 9.9982E-05 9.9982E-05 0.102609
0.627361 0.031373 0.0621317 0.149645 0.129489
0.138759 0.0127101 0.000122595 0.716198 0.132211
0.217229 9.9991E-05 0.0129449 0.571297 0.198429
0.205201 9.9991E-05 0.0491687 0.556823 0.188708
0.154818 9.9991E-05 0.108111 0.639156 0.0978154
0.0126167 0.0897972 0.167695 0.489861 0.24003
0.0225679 0.0717115 0.220313 0.56292 0.122488
0.059403 0.213211 0.166715 0.126673 0.433998
0.0940477 0.112886 0.0783879 0.597917 0.116761
0.102026 0.054318 0.139769 0.436646 0.267242
0.369929 9.9982E-05 0.178483 9.9982E-05 0.451387
0.13571 9.9991E-05 0.207166 0.356154 0.300869
0.128994 0.0979967 0.252909 0.196326 0.323774
9.9991E-05 0.138541 0.063683 0.473284 0.324392
0.044832 0.160887 0.258845 0.402781 0.132656
0.034591 0.0604208 0.209541 0.50225 0.193197
0.00726159 9.9991E-05 0.104289 0.673142 0.215207
0.145986 0.069016 0.127603 0.471024 0.186372
0.0100138 0.0175312 0.0897363 0.372638 0.510081
