0.0552896 0.050263 0.878987 0.0152604 9.9982E-05 9.9982E-05
9.9973E-05 0.0249824 0.974367 0.000350574 9.9973E-05 9.9973E-05
0.0135789 9.9991E-05 0.901513 0.0400916 0.0169986 0.0277184
9.9973E-05 0.0285109 0.815667 0.155522 9.9973E-05 9.9973E-05
9.9964E-05 9.9964E-05 0.910639 0.0889613 9.9964E-05 9.9964E-05
0.0229875 0.0834702 0.675614 0.107503 0.110326 9.9991E-05
0.00257685 0.0149867 0.820432 0.0117436 0.150161 9.9991E-05
0.0047648 0.101484 0.731916 0.0287021 0.133034 9.9991E-05
9.99729E-05 0.139965 0.830638 9.99729E-05 0.0290973 9.99729E-05
0.00860956 0.0452349 0.771281 0.0425841 0.13219 9.9991E-05
9.9982E-05 0.0277411 0.757607 0.0872146 0.127237 9.9982E-05
0.0325629 0.500815 0.0303453 0.221038 0.058011 0.157228
0.0359792 0.282715 0.0579191 0.579543 9.9991E-05 0.043743
0.0887349 0.485927 0.0092515 0.225817 0.0680126 0.122257
0.111788 0.444491 0.0678854 0.286102 0.0172101 0.0725242
0.107954 0.305218 0.0953295 0.429226 0.034665 0.0276074
0.114696 0.238728 9.9991E-05 0.530282 0.105661 0.0105338
0.0350154 0.304117 0.0351477 0.502615 0.0514602 0.0716448
0.070425 0.434575 0.105049 0.271375 0.0695747 0.0490013
9.999E-05 0.697803 0.0217738 0.0635541 0.144173 0.072596
0.0301689 0.320248 0.0310646 0.444422 0.0588991 0.115197
0.0498531 0.17326 0.0221625 0.424735 0.265727 0.0642624
0.0553941 0.21228 0.0214414 0.5275 0.0620342 0.121351
0.0712987 0.438028 0.0698245 0.215596 0.0915502 0.113703
0.0700056 0.148528 0.0647348 0.661512 0.0405956 0.0146239
9.999E-05 0.2991 0.0627254 0.556565 0.00852381 0.0729852
0.0145286 0.505978 0.063411 0.234004 0.0566506 0.125427
0.0601121 0.440779 0.0525725 0.280999 0.057643 0.107895
9.9991E-05 0.518825 0.0185693 0.223132 0.127301 0.112073
9.9964E-05 9.9964E-05 0.883026 0.116574 9.9964E-05 9.9964E-05
9.9964E-05 9.9964E-05 0.872596 0.127004 9.9964E-05 9.9964E-05
0.0872761 0.00561047 0.810099 0.0968143 9.9982E-05 9.9982E-05
0.0711853 9.9973E-05 0.744534 0.183981 9.9973E-05 9.9973E-05
9.999E-05 0.0944138 0.0735501 0.492221 0.112542 0.227173
0.0594768 0.0693004 0.0731748 0.491714 9.9991E-05 0.306234
0.00911422 0.0159696 0.0110777 0.565115 0.0333981 0.365325
0.0165787 0.642359 0.0381521 0.176931 9.9991E-05 0.125879
0.0251825 9.9982E-05 9.9982E-05 0.229897 0.174708 0.570012
0.0171349 0.120152 0.0924613 0.537284 9.9991E-05 0.232867
0.0068271 9.9991E-05 0.0369406 0.677872 0.0751439 0.203116
0.0151223 0.0707909 0.120478 0.539838 0.199228 0.0545436
0.0213875 0.0974809 0.100607 0.585308 0.0538465 0.14137
9.9982E-05 0.172343 0.0354603 0.102618 9.9982E-05 0.689379
9.9982E-05 0.0282405 0.0907905 0.662363 0.218406 9.9982E-05
0.0441571 0.00849501 0.0820411 0.556747 0.0600118 0.248548
0.0401772 0.0351677 0.136224 0.624007 0.121957 0.0424678
9.9973E-05 9.9973E-05 9.9973E-05 0.302337 0.0892073 0.608156
0.00405788 0.0111254 0.0682112 0.598362 9.9991E-05 0.318144
0.064252 0.030526 0.136078 0.540533 0.091052 0.137559
9.9964E-05 9.9964E-05 9.9964E-05 9.9964E-05 0.395118 0.604482
9.9982E-05 0.622769 9.9982E-05 0.184234 0.105661 0.0871367
0.0511514 0.270089 0.000586402 0.167005 0.361673 0.149496
0.031884 0.157875 0.0730514 0.57471 0.16238 9.9991E-05
0.0915205 0.141591 0.0732296 0.568782 0.0852213 0.0396551
0.048119 0.0522849 0.0992577 0.6024 0.163709 0.03423
0.0195167 0.541237 0.115622 0.182906 0.0435071 0.0972109
9.9991E-05 0.316179 0.027597 0.57093 0.0200879 0.0651064
0.0447945 0.168693 0.0917492 0.553819 0.063186 0.0777586
0.046899 0.236426 0.112003 0.384199 0.095442 0.125031
0.0164827 0.453566 0.154852 0.139595 0.124296 0.111208
0.053897 0.18432 0.0848473 0.536542 0.0349707 0.105423
0.000672452 0.262618 0.0640922 0.529491 0.0644379 0.078688
9.9991E-05 0.533973 0.0754392 0.0911357 0.151285 0.148067
9.9982E-05 0.347869 9.9982E-05 0.427309 0.0641715 0.16045
0.0635133 0.135194 0.0163244 0.573164 0.147999 0.0638055
9.9982E-05 0.165288 0.0900952 0.633595 0.110823 9.9982E-05
0.0610881 0.384896 0.0590797 0.255395 0.0902159 0.149325
0.0345377 0.240587 0.0496968 0.484794 0.0743231 0.116061
0.0191693 0.168896 0.0549892 0.57856 0.0608724 0.117513
9.9991E-05 0.496768 0.0223952 0.25096 0.0933765 0.1364
9.9982E-05 0.0347617 0.0253903 0.468813 9.9982E-05 0.470835
0.00312498 0.0674616 0.0195307 0.1606 9.9991E-05 0.749183
0.0182447 0.0380466 0.113646 0.520904 0.01796 0.291199
9.9964E-05 9.9964E-05 9.9964E-05 9.9964E-05 0.134831 0.864769
9.9964E-05 9.9964E-05 9.9964E-05 9.9964E-05 0.162459 0.837141
9.9973E-05 9.9973E-05 9.9973E-05 0.207071 0.0999437 0.692685
9.9982E-05 0.0783581 0.0261491 0.44839 9.9982E-05 0.446903
0.0558152 0.093106 0.137828 0.535118 0.0343212 0.143811
0.0156912 9.9991E-05 0.0158203 0.448492 0.0437535 0.476143
9.9982E-05 0.167942 0.0538937 0.144745 9.9982E-05 0.633219
9.9982E-05 0.183397 0.013585 0.245143 9.9982E-05 0.557675
0.0780383 0.0288069 0.10254 0.476958 9.9991E-05 0.313557
0.00756789 0.0765539 0.0426725 0.29874 9.9991E-05 0.574366
9.9982E-05 0.061012 0.0292231 0.435327 9.9982E-05 0.474238
9.9973E-05 9.9973E-05 9.9973E-05 0.441758 0.0851219 0.47282
9.9964E-05 9.9964E-05 9.9964E-05 9.9964E-05 0.348759 0.650841
0.0408192 0.0123107 0.0238972 0.59308 0.0319765 0.297916
9.9973E-05 0.0782627 0.847828 0.0736098 9.9973E-05 9.9973E-05
9.9964E-05 9.9964E-05 0.918957 0.0806429 9.9964E-05 9.9964E-05
0.0168856 9.9973E-05 0.858014 0.124801 9.9973E-05 9.9973E-05
0.0646735 9.9973E-05 0.931918 0.00310867 9.9973E-05 9.9973E-05
0.0349152 9.9973E-05 0.956312 0.0084728 9.9973E-05 9.9973E-05
0.0469174 9.9982E-05 0.877065 0.069096 9.9982E-05 0.00672215
9.9964E-05 9.9964E-05 0.937385 0.062215 9.9964E-05 9.9964E-05
0.0399084 0.115751 0.0683489 0.541543 0.0138749 0.220574
0.0453892 0.0262913 0.090165 0.567216 0.0901256 0.180813
9.9973E-05 0.203838 0.0632449 9.9973E-05 9.9973E-05 0.732617
0.0291028 0.0759271 0.0853888 0.597284 0.0118773 0.20042
9.9982E-05 0.110844 0.0192003 0.408516 9.9982E-05 0.461239
9.9982E-05 0.0470623 0.0451274 0.528519 9.9982E-05 0.379091
9.9982E-05 9.9982E-05 0.0501885 0.564458 0.160138 0.225015
0.0519158 9.9982E-05 9.9982E-05 0.486935 0.0130212 0.447928
9.9973E-05 0.250485 0.0403363 9.9973E-05 9.9973E-05 0.708879
0.0359239 0.114788 0.092031 0.536495 0.0704423 0.15032
0.0367523 0.0487493 0.0903483 0.617913 0.0164359 0.189801
0.0123349 0.0647209 0.121326 0.611176 0.0244997 0.165943
0.0150004 9.9991E-05 0.00370671 0.281119 0.210452 0.489622
0.0106111 9.9982E-05 9.9982E-05 0.48119 0.108191 0.399808
9.9973E-05 0.172405 9.9973E-05 0.454857 9.9973E-05 0.372438
0.0218232 9.9982E-05 9.9982E-05 0.370868 0.0674606 0.539649
9.9982E-05 0.128218 0.0498663 0.424562 9.9982E-05 0.397154
0.0202442 0.101696 0.0804287 0.587198 0.0229732 0.187459
0.0570963 0.381915 9.9991E-05 0.318589 0.234129 0.00817091
0.0033498 0.373351 0.0714972 0.45254 0.0644629 0.0347998
0.0456686 0.175639 0.126926 0.56539 0.0862757 9.9991E-05
0.0843499 0.156112 0.0776055 0.537689 0.0932969 0.0509472
9.9991E-05 0.386822 0.0403653 0.489508 0.0359522 0.0472518
0.0604047 0.287819 0.0109896 0.590971 0.049716 9.9991E-05
0.00435029 0.420264 0.0595283 0.487231 0.0285258 9.9991E-05
0.0269118 0.145695 0.0962628 0.531584 0.126957 0.0725889
0.0561216 0.204111 0.0830894 0.592076 0.064502 9.9991E-05
0.00649171 0.289051 0.061507 0.595105 0.0235552 0.0242898
9.9991E-05 0.331641 0.0180356 0.573682 0.0434817 0.03306
0.050951 0.201878 0.0310872 0.638844 0.0771401 9.9991E-05
0.0185131 0.185113 0.0895756 0.615301 0.0829889 0.00850788
0.0326834 0.234397 9.9982E-05 0.607416 0.125303 9.9982E-05
0.100198 0.142763 0.0520739 0.548594 0.123808 0.0325625
0.0785358 0.184112 9.9991E-05 0.578335 0.137814 0.0211026
0.0528766 0.297431 0.0494898 0.331599 0.25132 0.0172833
0.0409932 0.181201 0.0599796 0.593441 0.087024 0.0373617
0.0503847 0.162313 0.0076139 0.674831 0.104757 9.9991E-05
0.014187 0.611271 0.0194543 0.193439 0.0284081 0.13324
0.0250497 0.300683 9.9991E-05 0.202377 0.403387 0.0684042
0.0627617 0.286052 0.0440226 0.49703 0.0511108 0.0590227
9.9982E-05 0.326545 9.9982E-05 0.10527 0.430272 0.137712
9.9982E-05 0.553392 9.9982E-05 0.362388 0.0418516 0.0421688
9.9973E-05 0.448089 9.9973E-05 0.484707 9.9973E-05 0.0669033
9.9982E-05 0.536564 0.0120618 0.365437 9.9982E-05 0.0857375
9.9982E-05 0.552559 9.9982E-05 0.358051 0.0354889 0.0537013
0.0401331 0.257989 0.0420874 0.590679 0.0420327 0.0270794
0.0216073 0.178538 0.0967413 0.551513 0.101404 0.0501954
0.0340122 0.279612 0.0350403 0.579389 0.0287628 0.0431836
0.0289619 0.398112 9.9991E-05 0.192878 0.306585 0.0733632
9.9991E-05 0.0655077 0.175316 0.545802 0.137525 0.0757493
0.0483981 0.0385865 0.0699514 0.481017 0.282964 0.0790831
9.9982E-05 0.084759 0.11308 9.9982E-05 0.697316 0.104645
0.0219335 0.0233283 0.0846561 0.664826 0.142343 0.062913
0.0249734 0.0575628 0.06686 0.34244 0.424036 0.0841284
0.0192251 0.00608611 0.129475 0.553219 0.291894 9.9991E-05
9.9991E-05 0.122516 0.10326 0.268829 0.485137 0.020157
9.9991E-05 0.150087 0.0628452 0.10453 0.61421 0.0682278
0.00421674 0.0861305 0.0552242 0.433665 0.353516 0.0672476
0.0465647 0.0986906 0.117946 0.475105 0.160613 0.10108
0.0226482 0.082903 0.136695 0.463315 0.249211 0.0452275
0.0746956 0.106942 0.0545031 0.106394 0.458026 0.19944
0.0565298 0.135769 0.079387 0.520626 0.177619 0.030069
9.9982E-05 0.0716433 9.9982E-05 0.357464 0.485675 0.0850177
9.9982E-05 0.0899249 9.9982E-05 0.486965 0.379307 0.0436027
0.0441671 0.0138824 0.128088 0.595074 0.172611 0.0461779
0.250003 9.9982E-05 0.3671 0.138698 0.244 9.9982E-05
0.13118 9.9973E-05 0.473752 9.9973E-05 0.394768 9.9973E-05
0.121607 9.9973E-05 0.462742 9.9973E-05 0.415351 9.9973E-05
0.253636 0.0216963 0.37762 0.064819 0.282129 9.9991E-05
9.9991E-05 0.00138808 0.00313614 0.650832 0.273846 0.0706986
0.0259267 0.0541338 0.094814 0.626807 0.157064 0.0412538
0.642647 9.9973E-05 9.9973E-05 0.351985 9.9973E-05 0.00506788
0.458393 0.0500606 0.050502 0.396778 9.9991E-05 0.0441662
0.39797 0.0671562 0.0770528 0.367661 9.9991E-05 0.0900597
0.00608035 0.0643788 9.9991E-05 0.298991 0.555232 0.0752177
0.0392723 0.098398 0.102279 0.534348 0.199919 0.0257834
9.9982E-05 0.0966736 9.9982E-05 0.293577 0.606354 0.00319535
9.9982E-05 9.9982E-05 0.0691308 0.600687 0.297513 0.0324698
9.9982E-05 0.0211171 0.0624096 0.511882 0.404392 9.9982E-05
9.9964E-05 9.9964E-05 9.9964E-05 0.622515 0.377085 9.9964E-05
9.9982E-05 0.042228 9.9982E-05 0.244433 0.688054 0.0250853
0.0208617 0.0119256 0.0937548 0.656548 0.158696 0.0582136
0.0368281 0.0718858 0.0804748 0.579805 0.199503 0.0315034
0.972828 9.9964E-05 9.9964E-05 9.9964E-05 9.9964E-05 0.026772
0.923681 0.0163143 9.9973E-05 0.0597045 9.9973E-05 9.9973E-05
0.55255 0.112441 0.0366795 0.275716 9.9991E-05 0.0225137
0.615498 0.0277339 9.9982E-05 0.351893 9.9982E-05 0.00467547
0.811938 0.0389643 9.9973E-05 0.148798 9.9973E-05 9.9973E-05
0.9995 9.996E-05 9.996E-05 9.996E-05 9.996E-05 9.996E-05
0.963676 0.0229422 9.9973E-05 9.9973E-05 9.9973E-05 0.0130822
0.875493 9.9964E-05 9.9964E-05 0.124107 9.9964E-05 9.9964E-05
0.947092 0.0525078 9.9964E-05 9.9964E-05 9.9964E-05 9.9964E-05
0.9995 9.996E-05 9.996E-05 9.996E-05 9.996E-05 9.996E-05
0.9995 9.996E-05 9.996E-05 9.996E-05 9.996E-05 9.996E-05
0.754538 0.00911716 0.0208771 0.215268 9.9982E-05 9.9982E-05
0.794123 0.07411 0.0323123 0.0878808 9.9991E-05 0.0114741
0.9995 9.996E-05 9.996E-05 9.996E-05 9.996E-05 9.996E-05
0.357762 0.0619219 0.0662611 0.385048 0.0983552 0.0306521
0.640755 9.9991E-05 0.05836 0.254459 0.0219039 0.0244215
0.807658 9.9973E-05 0.0192391 0.172803 9.9973E-05 9.9973E-05
0.890813 0.0112045 0.0136493 0.0841327 9.9982E-05 9.9982E-05
0.9995 9.996E-05 9.996E-05 9.996E-05 9.996E-05 9.996E-05
0.981312 9.9964E-05 9.9964E-05 0.0182884 9.9964E-05 9.9964E-05
0.9995 9.996E-05 9.996E-05 9.996E-05 9.996E-05 9.996E-05
0.633405 0.0569095 0.0503293 0.225786 9.9991E-05 0.03347
0.954914 0.00554679 0.0146094 0.00844096 0.000715534 0.0157733
0.0401153 9.9973E-05 0.306654 9.9973E-05 0.652931 9.9973E-05
0.0741828 0.0429081 0.211384 0.379326 0.292099 9.9991E-05
0.0534418 9.9982E-05 0.165659 0.471974 0.308725 9.9982E-05
0.120639 9.9982E-05 0.204295 0.185107 0.48976 9.9982E-05
0.13587 0.0467956 0.140761 0.450944 0.182462 0.0431667
0.114661 9.9982E-05 0.237644 0.114246 0.533249 9.9982E-05
0.100501 0.0656508 0.187138 0.448987 0.167115 0.0306086
0.0961364 9.9982E-05 0.18201 0.345595 0.376059 9.9982E-05
0.106542 9.9982E-05 0.156425 0.490617 0.246216 9.9982E-05
0.113194 9.9982E-05 0.187277 0.391985 0.307343 9.9982E-05
0.146109 0.00225571 0.169367 0.405732 0.186856 0.0896799
9.9982E-05 9.9982E-05 0.904647 0.0533809 0.0243883 0.0173835
0.0560227 9.9982E-05 0.908669 9.9982E-05 0.0141873 0.0209211
9.9982E-05 0.0216512 0.955416 0.0190257 0.00370735 9.9982E-05
9.9973E-05 9.9973E-05 0.98486 9.9973E-05 0.00841187 0.00642855
9.9973E-05 0.0440953 0.90686 0.0487452 9.9973E-05 9.9973E-05
0.0154078 9.9973E-05 0.976628 0.00766395 9.9973E-05 9.9973E-05
0.0122231 9.9973E-05 0.919604 0.0678726 9.9973E-05 9.9973E-05
9.9964E-05 0.0675004 0.9321 9.9964E-05 9.9964E-05 9.9964E-05
0.0332383 9.9991E-05 0.900572 0.010136 0.024906 0.031048
0.00518098 0.0249581 0.920166 0.0375395 0.0120558 9.9991E-05
9.9982E-05 0.318324 0.606558 9.9982E-05 0.0614842 0.0134343
9.9973E-05 0.354807 0.620386 9.9973E-05 0.0245069 9.9973E-05
9.9982E-05 0.352906 0.531822 9.9982E-05 0.0748307 0.0402405
9.9982E-05 0.412467 0.462549 9.9982E-05 0.0978882 0.0268962
9.9991E-05 0.184337 0.0641138 0.45589 0.000511574 0.295048
0.0346394 0.139667 0.0366931 0.482507 0.00292132 0.303572
0.0315941 0.216907 0.0190221 0.535856 0.00609243 0.190528
0.00844102 0.313353 0.0408559 0.341549 0.0336771 0.262124
9.9982E-05 0.629458 9.9982E-05 0.204956 0.0600885 0.105298
9.9991E-05 0.0726294 0.0469417 0.67754 0.029042 0.173747
9.9973E-05 0.138838 9.9973E-05 0.622181 9.9973E-05 0.238681
9.9982E-05 0.0482082 9.9982E-05 0.563487 0.138629 0.249476
9.9973E-05 9.9973E-05 9.9973E-05 0.376038 0.0795878 0.544074
0.036359 0.0412163 0.0757417 0.6204 0.066696 0.159587
9.9973E-05 0.0863094 9.9973E-05 0.407836 9.9973E-05 0.505555
9.9964E-05 9.9964E-05 9.9964E-05 9.9964E-05 0.205048 0.794552
0.0283292 0.18891 0.0471439 0.540438 0.0579571 0.137221
9.9973E-05 9.9973E-05 9.9973E-05 0.144132 0.207248 0.64832
0.0202404 0.0438457 0.0447625 0.510651 0.0555891 0.324911
9.9982E-05 0.218872 0.00687986 0.123851 9.9982E-05 0.650198
9.9973E-05 0.761111 0.142235 9.9973E-05 0.0963545 9.9973E-05
9.9982E-05 0.72471 0.116543 0.058748 0.0997988 9.9982E-05
9.9991E-05 0.785975 0.103125 0.0295117 0.0593551 0.0219334
9.9982E-05 0.837194 0.105461 9.9982E-05 0.0423683 0.0147773
9.9982E-05 0.799797 0.0568573 0.107231 0.0359152 9.9982E-05
0.000403387 0.736863 0.0771147 0.11058 0.0749392 9.9991E-05
0.0452194 0.0153789 0.86435 0.0436937 9.9991E-05 0.0312581
0.0149913 0.0408418 0.807802 0.110856 9.9991E-05 0.0254085
0.0342899 0.00743764 0.791204 0.157737 0.00923088 9.9991E-05
0.0677848 0.0192723 0.837493 0.0097058 9.9991E-05 0.0656443
0.0493934 0.0216022 0.801954 0.126477 9.9991E-05 0.000473887
9.9973E-05 0.54443 0.401895 9.9973E-05 0.0533753 9.9973E-05
9.9973E-05 0.539095 0.42638 9.9973E-05 0.0342257 9.9973E-05
0.00370419 0.505105 0.438334 9.9982E-05 0.0526564 9.9982E-05
9.9982E-05 0.00362811 0.861197 0.114773 9.9982E-05 0.0202022
9.9982E-05 0.492117 0.397142 9.9982E-05 0.0976904 0.0128504
0.273645 9.9982E-05 0.280268 0.293956 0.151931 9.9982E-05
0.214481 0.0159004 0.194193 0.522746 0.015295 0.0373855
0.229085 9.9973E-05 0.194019 0.576596 9.9973E-05 9.9973E-05
0.255954 9.9982E-05 0.264045 0.312705 0.167096 9.9982E-05
0.158277 0.0598914 0.153778 0.497558 0.0913482 0.0391482
0.310593 9.9973E-05 0.423493 9.9973E-05 0.265615 9.9973E-05
9.9982E-05 0.393228 9.9982E-05 0.496512 0.0879867 0.0220726
9.9982E-05 0.229552 9.9982E-05 0.455879 0.247702 0.0666677
9.9991E-05 0.534969 0.0172845 0.290246 0.0587626 0.0986377
9.9982E-05 0.175212 9.9982E-05 0.58208 0.206606 0.0359018
9.9973E-05 0.317186 9.9973E-05 9.9973E-05 0.607211 0.0753026
0.0212745 0.139032 0.10695 0.589895 0.0684966 0.0743524
0.0188647 0.15804 0.0337312 0.563628 0.210858 0.0148779
9.9991E-05 0.436997 0.0192935 0.36529 0.101447 0.0768735
0.0620765 0.174187 0.0953891 0.51195 0.10767 0.0487273
9.9982E-05 0.298555 9.9982E-05 0.166666 0.383585 0.150993
9.9991E-05 0.156451 0.0154612 0.590282 0.231037 0.00666867
9.9991E-05 0.338142 0.0361575 0.505108 0.0302841 0.0902078
0.179118 0.1123 0.0726393 0.411547 0.146658 0.0777377
0.0143975 0.261935 9.9991E-05 0.350528 0.246778 0.126261
0.0228434 0.217935 9.9991E-05 0.413371 0.260641 0.0851086
9.9991E-05 0.172857 0.00345141 0.620116 0.145935 0.0575403
9.9982E-05 0.195809 9.9982E-05 0.583609 0.160626 0.0597549
0.0378695 0.0643284 0.0375469 0.652201 0.151015 0.0570392
0.0722007 0.161757 0.10189 0.513079 0.0681466 0.0829263
0.00183232 0.163825 0.0909524 0.603398 0.0984533 0.0415389
0.0345738 9.9973E-05 0.848864 0.116262 9.9973E-05 9.9973E-05
9.9964E-05 9.9964E-05 0.867397 0.132203 9.9964E-05 9.9964E-05
9.9991E-05 0.0195381 0.90303 0.0482739 0.0169163 0.012142
0.0764159 0.0282784 0.893297 9.9982E-05 9.9982E-05 0.00180897
9.9964E-05 9.9964E-05 0.90105 0.0985499 9.9964E-05 9.9964E-05
0.0387442 0.605649 0.021001 0.129342 0.111324 0.0939389
0.0523602 0.201808 0.017325 0.518668 0.133789 0.0760506
0.239024 0.0223894 0.18299 0.393844 0.161653 9.9991E-05
0.0292842 0.221768 0.0390892 0.672577 9.9991E-05 0.0371812
0.0195163 0.356752 0.00178004 0.521884 9.9991E-05 0.0999669
9.9982E-05 0.279842 9.9982E-05 0.325836 0.368416 0.0257062
0.0140834 0.77937 0.0615747 0.0151057 0.0328306 0.0970361
0.0139748 0.355646 0.0660277 0.452182 9.9991E-05 0.112069
0.0265683 0.596177 0.0682179 0.268368 0.0217731 0.0188952
0.0483861 0.210107 0.0482456 0.425322 0.168469 0.0994698
9.9991E-05 0.626524 0.0738696 0.187834 0.105081 0.00659126
0.0736006 0.278814 0.0580108 0.549729 0.0289578 0.0108881
0.019868 0.598478 0.038302 0.155794 0.0387046 0.148853
0.0683422 0.284323 9.9991E-05 0.275669 0.253139 0.118427
9.9991E-05 0.105192 0.0863426 0.573644 0.207902 0.0268196
9.9982E-05 0.127741 9.9982E-05 0.340514 0.518942 0.0126027
0.0257925 9.9991E-05 0.0617369 0.544828 0.33332 0.034223
0.0214005 0.0948047 0.126394 0.537275 0.209952 0.010174
9.9991E-05 0.0386311 0.00442009 0.307474 0.592349 0.0570256
0.0594801 0.0733787 0.100451 0.531799 0.179775 0.0551158
9.9982E-05 0.049442 0.0713683 0.553781 0.325209 9.9982E-05
9.9982E-05 0.0565851 9.9982E-05 0.154276 0.683425 0.105514
9.9982E-05 0.038088 9.9982E-05 0.230862 0.716604 0.0142463
9.9991E-05 0.0785259 0.0278931 0.468375 0.400563 0.0245437
9.9982E-05 0.102492 9.9982E-05 0.0786195 0.662458 0.156231
9.9982E-05 0.0796971 9.9982E-05 0.462788 0.403683 0.0536319
0.00714127 0.704038 9.9991E-05 0.167858 0.00302676 0.117836
0.0678891 0.379068 9.9991E-05 0.238604 0.231882 0.0824572
0.0647836 0.419654 0.0345494 0.40182 9.9991E-05 0.0790927
0.0346224 0.221538 0.0325508 0.57888 0.0326572 0.0997523
0.0123772 0.594992 9.9982E-05 0.230011 9.9982E-05 0.16242
0.0488111 0.20495 0.0643916 0.534242 0.114511 0.0330945
0.0420027 0.261836 0.0268781 0.573632 0.0425238 0.0531277
0.086899 0.237663 9.9991E-05 0.490226 0.0980187 0.0870935
0.0847397 0.329412 9.9991E-05 0.453639 0.0521863 0.0799239
0.018506 0.456595 9.9982E-05 0.500149 9.9982E-05 0.0245503
0.0454646 0.592423 9.9991E-05 0.251286 0.0108895 0.099837
0.0403271 0.486595 9.9982E-05 0.391511 9.9982E-05 0.081367
0.0116817 0.223303 0.00580918 0.633436 0.0927701 0.0330007
0.0518381 0.120451 0.0512788 0.615146 0.0895916 0.0716946
0.0892953 0.266362 0.031498 0.303516 0.176504 0.132825
0.106178 0.254286 9.9991E-05 0.438933 0.111611 0.0888919
0.0655052 0.476468 9.9991E-05 0.342854 0.0278267 0.0872469
0.041396 0.249984 0.0477888 0.562206 0.0430211 0.0556045
0.0881594 0.360322 0.0277934 0.439223 0.0214947 0.0630069
0.0648292 0.203087 0.0943833 0.526466 0.0581338 0.0531006
0.141448 0.0892943 0.33609 0.412563 0.0141349 0.00646997
0.138889 0.0475541 0.156092 0.543662 0.103882 0.00992113
0.0940786 0.0796349 0.19568 0.467158 0.109476 0.0539732
0.14554 0.078802 0.105429 0.524606 0.115165 0.0304581
0.192797 9.9991E-05 0.170842 0.455249 0.147236 0.0337753
9.9982E-05 0.162371 9.9982E-05 0.57287 0.230964 0.0335937
0.146935 0.0551621 0.134193 0.488279 0.137885 0.0375448
0.19492 0.0846669 0.19668 0.0546314 0.431274 0.0378279
0.0949508 0.127513 0.0858554 0.592479 0.0991018 9.9991E-05
0.150873 9.9991E-05 0.159894 0.531287 0.127466 0.0303798
0.146569 0.0476889 0.108981 0.535155 0.127185 0.0344207
0.114684 0.00838638 0.209588 0.301726 0.294264 0.0713523
0.105276 0.0688614 0.20447 0.591576 0.0297167 9.9991E-05
0.178241 0.023213 0.131903 0.484672 0.181871 9.9991E-05
0.13186 9.9973E-05 0.488197 9.9973E-05 0.379642 9.9973E-05
0.150938 0.0162164 0.212341 0.518681 0.0642709 0.037553
0.18128 9.9982E-05 0.165327 0.540471 0.112721 9.9982E-05
0.107399 0.0544641 0.118054 0.535432 0.124345 0.0603057
0.213818 9.9982E-05 0.16009 0.509474 0.116418 9.9982E-05
0.113748 9.9991E-05 0.221114 0.538441 0.053598 0.0729999
0.0179634 0.0171685 0.0361617 0.479442 0.330323 0.118941
0.0518792 0.0668198 0.05784 0.506932 0.233028 0.083501
9.9973E-05 0.0671129 9.9973E-05 9.9973E-05 0.726479 0.206108
9.9982E-05 0.0687723 9.9982E-05 0.0637462 0.744803 0.122479
0.0171261 9.99901E-05 0.0870513 0.54094 0.294504 0.0602781
0.280622 9.9982E-05 0.158606 0.372517 0.188055 9.9982E-05
0.24946 9.9982E-05 0.181383 0.368135 0.200823 9.9982E-05
0.300416 9.9982E-05 0.165611 0.210905 0.322867 9.9982E-05
0.256403 9.9982E-05 0.143933 0.383023 0.21644 9.9982E-05
0.0306242 9.9982E-05 0.0659425 0.207986 0.695247 9.9982E-05
0.0547149 0.0082977 0.0520094 0.227998 0.59822 0.0587597
0.0568197 0.00231504 9.9982E-05 0.625764 0.314902 9.9982E-05
0.0823497 9.9991E-05 0.0671321 0.454285 0.392186 0.00394736
0.0366925 0.0258414 0.0290746 0.315281 0.536648 0.0564627
0.0535814 0.0775656 0.0247598 0.561296 0.258307 0.0244897
0.0391052 0.00478837 0.0347016 0.626894 0.294411 9.9991E-05
0.0622096 0.0325022 0.0745548 0.543768 0.256661 0.0303039
9.9982E-05 0.0145708 9.9982E-05 0.43195 0.473283 0.0799962
9.9982E-05 0.0724207 9.9982E-05 0.445753 0.402218 0.0794092
0.014056 0.0750267 0.0232949 0.553077 0.270542 0.0640041
9.9991E-05 0.127298 0.0233948 0.514397 0.322013 0.0127971
0.0739035 0.0780055 0.0793334 0.514381 0.184388 0.0699888
9.9982E-05 0.01984 9.9982E-05 0.495875 0.386474 0.0976112
9.9982E-05 0.0356084 9.9982E-05 0.254717 0.62027 0.089204
9.9973E-05 9.9973E-05 9.9973E-05 0.676154 0.290325 0.0332209
9.9982E-05 0.0843226 9.9982E-05 0.228026 0.558817 0.128635
9.9991E-05 0.00791052 0.00380829 0.527665 0.384864 0.0756524
0.00971144 0.0863712 0.0647572 0.574068 0.236827 0.0282653
0.0420103 0.0597399 0.0437114 0.533562 0.207315 0.113662
0.119398 0.0183439 0.166172 0.51437 0.142032 0.0396846
0.125858 0.0291714 0.185137 0.433954 0.161625 0.0642546
0.261365 9.9982E-05 0.214564 0.318965 0.204905 9.9982E-05
0.23425 0.0255374 0.176745 0.363935 0.184066 0.0154663
0.16461 0.0738718 0.119954 0.485681 0.0832767 0.072607
0.1157 0.0475635 0.145111 0.482126 0.204905 0.00459459
0.154 9.9982E-05 0.132671 9.9982E-05 0.654726 0.0584022
0.183351 9.9982E-05 0.0897366 0.577476 0.149237 9.9982E-05
0.119951 9.9973E-05 0.308873 9.9973E-05 0.570876 9.9973E-05
0.15571 0.0271377 0.0418508 0.54366 0.231232 0.000409293
9.9973E-05 9.9973E-05 9.9973E-05 0.206552 0.665287 0.127862
9.9982E-05 0.0119918 9.9982E-05 0.037715 0.698005 0.252088
9.9982E-05 0.0213821 9.9982E-05 0.532729 0.381025 0.0646639
0.00524134 0.00309386 9.9991E-05 0.63264 0.265572 0.0933522
9.9973E-05 9.9973E-05 9.9973E-05 0.50531 0.440547 0.0538429
9.9973E-05 9.9973E-05 9.9973E-05 0.631391 0.304223 0.0640865
9.9973E-05 9.9973E-05 9.9973E-05 0.601362 0.343803 0.0545353
0.0118447 0.0877134 0.878669 0.00115775 0.00500774 0.015607
0.0849253 0.0748449 0.747713 0.0408978 0.0448156 0.0068036
0.00343803 0.0300902 0.9587 0.00757135 9.9982E-05 9.9982E-05
9.9973E-05 9.9973E-05 0.955049 0.0232962 0.0213549 9.9973E-05
9.9991E-05 0.000888985 0.0759658 0.537812 0.0702989 0.314934
0.0114977 0.0699551 0.0420812 0.569485 9.9991E-05 0.306881
9.9982E-05 0.0600537 0.0241949 0.478647 9.9982E-05 0.436905
9.9982E-05 0.060027 0.0745371 0.598401 9.9982E-05 0.266835
0.00563345 0.042796 0.124361 0.601565 0.0776768 0.147968
9.9982E-05 0.10347 0.0363835 0.271625 9.9982E-05 0.588321
9.9973E-05 9.9973E-05 0.0337419 0.648715 9.9973E-05 0.317244
0.0185726 9.9982E-05 9.9982E-05 0.246446 0.171283 0.563498
0.147631 0.0770012 0.320072 0.414384 0.0408128 9.9991E-05
0.0369934 9.9982E-05 9.9982E-05 0.396464 0.190547 0.375795
9.9982E-05 0.0895351 0.0103691 0.342667 9.9982E-05 0.557229
0.0270833 0.0094739 9.9991E-05 0.501019 0.0672749 0.395049
0.0370672 0.0907845 0.0109952 0.371732 9.9991E-05 0.489321
0.0202833 9.9982E-05 9.9982E-05 0.549106 0.0859017 0.344509
9.9982E-05 9.9982E-05 0.101331 0.570578 0.00676792 0.321123
9.9964E-05 9.9964E-05 9.9964E-05 9.9964E-05 0.166579 0.833021
0.00474865 9.9982E-05 9.9982E-05 0.324013 0.144379 0.526659
0.0495375 9.9982E-05 9.9982E-05 0.321487 0.0785516 0.550224
9.9964E-05 9.9964E-05 9.9964E-05 9.9964E-05 0.218971 0.780629
0.00426722 0.120749 0.0421353 0.402279 9.9991E-05 0.430469
9.9973E-05 9.9973E-05 9.9973E-05 0.0618102 0.296674 0.641216
9.9964E-05 9.9964E-05 9.9964E-05 9.9964E-05 0.201236 0.798364
0.00655108 0.0129913 0.0499113 0.549936 0.0691169 0.311493
9.9982E-05 0.163573 0.05503 0.173056 9.9982E-05 0.608142
0.0170787 0.0813083 0.00824388 0.444335 0.012571 0.436463
0.00297387 0.0678319 0.111985 0.56952 0.0487533 0.198936
0.0033371 0.0792137 0.0409779 0.465809 9.9991E-05 0.410562
0.00921344 0.30939 9.9991E-05 0.397082 0.264602 0.019613
9.9982E-05 0.0785881 0.0481018 0.557827 9.9982E-05 0.315283
9.9982E-05 0.104857 0.0323696 0.491788 9.9982E-05 0.370785
9.9973E-05 9.9973E-05 9.9973E-05 0.312887 0.126388 0.560425
0.0403166 0.111103 0.0905317 0.483915 9.9991E-05 0.274034
9.9973E-05 0.263094 0.662816 9.9973E-05 0.0737904 9.9973E-05
9.9982E-05 0.147618 0.779624 9.9982E-05 0.0188274 0.0537303
9.9973E-05 0.101557 0.87524 9.9973E-05 9.9973E-05 0.0229033
9.9973E-05 0.127815 0.843601 9.9973E-05 0.0282844 9.9973E-05
9.9991E-05 0.163186 0.775807 0.0110115 0.0315421 0.0183532
9.9982E-05 0.180919 0.0516503 0.0836706 9.9982E-05 0.68356
9.9982E-05 0.0972355 0.0479287 0.132815 9.9982E-05 0.721821
0.0105135 9.9982E-05 9.9982E-05 0.144439 0.0949149 0.749933
0.0632294 0.0724139 0.131794 0.517315 0.0810846 0.134163
0.0623986 0.0556935 0.0877237 0.546359 0.0115093 0.236316
0.0406777 9.9991E-05 0.0221758 0.227475 0.0800829 0.629489
0.0370782 9.9991E-05 0.0281019 0.610945 0.0114545 0.31232
0.0811146 9.9991E-05 0.0339843 0.359238 0.0445665 0.480996
0.0219828 0.0776037 0.0356783 0.511106 9.9991E-05 0.353529
0.0373944 0.0112241 0.0382397 0.611642 9.9991E-05 0.301399
0.00146095 0.137666 9.9982E-05 0.181381 9.9982E-05 0.679292
9.9973E-05 0.109017 9.9973E-05 0.287051 9.9973E-05 0.603633
9.9982E-05 0.119037 0.0253552 0.301291 9.9982E-05 0.554117
0.00486622 0.0481593 0.144609 0.631353 0.170913 9.9991E-05
9.9982E-05 0.10718 0.0247068 0.350689 9.9982E-05 0.517224
0.00971784 0.112769 0.0459365 0.372102 9.9991E-05 0.459375
0.347188 9.9982E-05 0.124923 0.479254 0.0484355 9.9982E-05
0.439688 9.9991E-05 0.12491 0.347937 0.0380261 0.049339
0.374608 0.0358038 0.111938 0.463014 0.0145357 9.9991E-05
0.492659 9.9982E-05 0.152103 0.293158 0.0618794 9.9982E-05
0.248348 0.0455951 0.151863 0.51841 0.0356838 9.9991E-05
9.9982E-05 9.9982E-05 0.0819547 0.543995 0.198689 0.175161
0.660654 9.9982E-05 0.24726 0.00108473 0.0908011 9.9982E-05
0.499263 0.00742772 0.18888 0.293888 9.9991E-05 0.0104415
0.15646 9.9982E-05 0.17641 0.3919 0.275031 9.9982E-05
9.9991E-05 0.0560486 0.159264 0.543957 0.232186 0.00844423
0.00288843 0.0666527 0.13409 0.514324 0.281945 9.9991E-05
9.9991E-05 0.0807311 0.143385 0.612782 0.152465 0.0105369
0.011566 0.0468123 0.146685 0.623411 0.129114 0.0424124
0.441506 9.9982E-05 0.190209 0.347861 0.020224 9.9982E-05
0.320606 0.0118897 0.194185 0.41082 0.0176471 0.0448525
0.472574 9.9973E-05 0.0964251 0.430701 9.9973E-05 9.9973E-05
0.231158 0.0736833 0.153587 0.444773 0.0650265 0.0317723
0.53143 0.0317523 0.151626 0.185962 0.0991303 9.9991E-05
0.353824 0.0629218 0.123061 0.373521 0.052294 0.0343777
0.566137 0.0167424 0.124547 0.193138 0.0891214 0.010314
0.30098 0.0611749 0.122335 0.414703 0.100707 9.9991E-05
0.0183882 0.0222515 0.118665 0.481344 0.283162 0.0761891
0.352186 0.0333543 0.17306 0.358829 0.0755207 0.00704961
0.574835 9.9982E-05 0.219085 0.155561 0.0503187 9.9982E-05
0.312135 0.0501775 0.151749 0.449862 0.0154816 0.020595
9.9991E-05 0.143442 0.192061 0.302839 0.262827 0.0987306
0.0109295 9.9982E-05 0.0532843 0.663257 0.27233 9.9982E-05
0.338943 0.0626598 0.148355 0.374844 0.0750983 9.9991E-05
9.9982E-05 0.0976953 0.142019 0.56544 0.194646 9.9982E-05
9.9982E-05 0.068877 0.182674 0.53131 0.21694 9.9982E-05
0.201728 9.9991E-05 0.201527 0.350283 0.187081 0.0592805
0.258797 9.9982E-05 0.213143 0.355503 0.172357 9.9982E-05
0.0688321 0.0732178 0.0999896 0.555098 0.143271 0.0595913
0.299113 0.057589 0.147851 0.441473 0.0367521 0.0172216
0.421458 0.037369 0.118394 0.422579 9.9982E-05 9.9982E-05
0.607242 9.9982E-05 0.199043 0.11345 0.0800653 9.9982E-05
9.9991E-05 0.0712948 0.132921 0.647016 0.127895 0.0207729
9.9991E-05 0.050563 0.136288 0.452309 0.283458 0.077282
9.9973E-05 9.9973E-05 0.113082 0.184936 0.701682 9.9973E-05
0.0146279 0.0245111 0.183047 0.62746 0.149449 0.000904549
0.0122469 0.181869 0.0386965 0.455951 0.311137 9.9991E-05
0.115961 0.00237327 0.235335 0.521456 0.124775 9.9991E-05
0.0813053 0.0314546 0.152002 0.526037 0.176005 0.0331957
0.1181 9.9973E-05 0.355874 9.9973E-05 0.525726 9.9973E-05
0.0790402 9.9973E-05 0.319555 9.9973E-05 0.601105 9.9973E-05
0.0480628 9.9991E-05 0.220763 0.345773 0.320953 0.0643483
0.169648 9.9982E-05 0.322248 0.0474738 0.460431 9.9982E-05
0.189758 9.9973E-05 0.46125 9.9973E-05 0.348692 9.9973E-05
0.0948637 9.9991E-05 0.185866 0.386657 0.318252 0.0142612
0.13719 0.0210109 0.232469 0.399907 0.203224 0.00619887
0.1597 9.9982E-05 0.307677 0.149252 0.383171 9.9982E-05
0.101413 9.9982E-05 0.264946 0.106226 0.527215 9.9982E-05
0.0987589 0.0227668 0.176573 0.504101 0.182182 0.0156179
0.113331 9.9982E-05 0.246784 0.184832 0.454853 9.9982E-05
0.0688126 9.9973E-05 0.372677 9.9973E-05 0.55821 9.9973E-05
0.151423 0.0388096 0.120823 0.47465 0.11244 0.101854
0.158121 9.9982E-05 0.200155 0.342603 0.298921 9.9982E-05
0.144055 0.0355602 0.305506 0.437904 0.0340867 0.0428879
0.224277 9.9991E-05 0.171469 0.591486 0.00926458 0.00340378
0.190687 9.9982E-05 0.10967 0.563464 0.135979 9.9982E-05
0.226231 9.9982E-05 0.17941 0.507676 0.0864832 9.9982E-05
0.207957 0.0653961 0.382919 0.303929 9.9991E-05 0.0396975
0.14993 0.0838272 0.227292 0.5063 0.0325505 9.9991E-05
0.177671 9.9982E-05 0.276357 0.49251 0.053262 9.9982E-05
0.226239 0.00510336 0.254622 0.29018 0.223756 9.9991E-05
0.131686 0.116474 0.225178 0.286895 0.0326306 0.207137
0.133408 0.0963733 0.184524 0.485819 0.0642381 0.0356372
0.111977 0.0458773 0.154351 0.593827 0.0846944 0.0092727
0.0640405 0.0235377 0.166829 0.57509 0.0412296 0.129273
0.165814 0.000658304 0.303072 0.455562 0.0747935 9.9991E-05
0.160419 0.0125918 0.206599 0.524989 0.0637697 0.0316323
0.307526 9.9982E-05 0.36041 0.0379781 0.293886 9.9982E-05
0.128068 9.9991E-05 0.193735 0.569416 0.103449 0.00523111
0.274949 9.9982E-05 0.301344 0.207844 0.215663 9.9982E-05
0.00724415 0.191182 0.801274 9.9973E-05 9.9973E-05 9.9973E-05
9.9982E-05 0.758044 0.0568398 0.173151 0.0117657 9.9982E-05
9.996E-05 0.9995 9.996E-05 9.996E-05 9.996E-05 9.996E-05
9.996E-05 0.9995 9.996E-05 9.996E-05 9.996E-05 9.996E-05
9.9964E-05 0.961167 9.9964E-05 0.038433 9.9964E-05 9.9964E-05
0.00591626 0.993684 9.9964E-05 9.9964E-05 9.9964E-05 9.9964E-05
9.9964E-05 0.938211 9.9964E-05 0.0613892 9.9964E-05 9.9964E-05
9.9964E-05 0.995856 0.0037442 9.9964E-05 9.9964E-05 9.9964E-05
9.9964E-05 0.853136 0.146464 9.9964E-05 9.9964E-05 9.9964E-05
9.9982E-05 0.0357799 0.904249 0.0026563 9.9982E-05 0.0571153
9.9973E-05 0.160157 0.780123 0.0594199 9.9973E-05 9.9973E-05
9.9982E-05 0.0451426 0.887634 0.0323031 9.9982E-05 0.0347204
9.9991E-05 0.0699882 0.874155 0.0329729 0.0179615 0.00482264
0.0139986 0.0568629 0.89109 0.0210363 9.9991E-05 0.0169121
9.9982E-05 0.0357073 0.909393 0.039454 9.9982E-05 0.0152459
0.0603555 0.0202925 0.756684 0.131944 9.9991E-05 0.0306244
9.9964E-05 9.9964E-05 0.91545 0.0841504 9.9964E-05 9.9964E-05
0.056025 0.0771185 0.699307 0.120444 0.0470057 9.9991E-05
0.057659 9.9973E-05 0.910278 0.0317633 9.9973E-05 9.9973E-05
9.9964E-05 9.9964E-05 0.984808 9.9964E-05 0.0147925 9.9964E-05
0.0405505 0.0274416 0.887825 0.0439827 9.9982E-05 9.9982E-05
9.996E-05 9.996E-05 0.9995 9.996E-05 9.996E-05 9.996E-05
9.9973E-05 9.9973E-05 0.954139 0.040127 0.00543442 9.9973E-05
9.9973E-05 9.9973E-05 0.910266 0.08636 9.9973E-05 0.00307454
0.00312048 9.9973E-05 0.925774 0.0708053 9.9973E-05 9.9973E-05
0.0452298 9.9973E-05 0.871331 0.083139 9.9973E-05 9.9973E-05
0.0253222 9.9973E-05 0.857962 0.116416 9.9973E-05 9.9973E-05
0.0644695 9.9973E-05 0.83271 0.10252 9.9973E-05 9.9973E-05
9.9991E-05 0.116623 0.138913 0.401878 0.265495 0.0769914
9.9982E-05 0.034337 0.0752732 0.685489 0.204701 9.9982E-05
0.0435585 0.0408627 0.14013 0.622202 0.103889 0.049358
0.0228449 9.9991E-05 0.0819846 0.110355 0.746403 0.0383124
9.9991E-05 0.115891 0.103636 0.532131 0.24427 0.00397191
9.9973E-05 9.9973E-05 0.121813 0.121221 0.756666 9.9973E-05
0.0219196 9.9982E-05 0.0765378 0.646221 0.255121 9.9982E-05
9.9991E-05 0.152922 0.16562 0.394743 0.183118 0.103498
9.9982E-05 0.07508 0.168568 0.491811 0.264341 9.9982E-05
0.0269397 0.0113251 0.100409 0.415532 9.9991E-05 0.445694
9.9991E-05 0.0674048 0.150981 0.470855 0.224082 0.0865765
9.9982E-05 0.037765 0.0810259 0.665023 0.215987 9.9982E-05
0.00795028 0.119469 0.109923 0.52252 0.237322 0.00281566
0.0896858 0.485576 9.9982E-05 9.9982E-05 0.266386 0.158152
9.9982E-05 0.0246217 0.0913894 0.0414677 0.842321 9.9982E-05
9.9973E-05 9.9973E-05 0.113433 0.172624 0.713643 9.9973E-05
0.00942546 0.0754758 0.118617 0.621807 0.149875 0.0247994
9.9991E-05 0.00672214 0.0738185 0.526855 0.361585 0.0309197
9.9982E-05 9.9982E-05 0.0834717 0.618486 0.286636 0.0112067
0.0341872 0.00775459 0.109162 0.655907 0.183406 0.00958206
0.19609 0.0836637 0.187096 0.454566 0.0784847 9.9991E-05
0.159063 0.00213882 0.213078 0.547736 0.077884 9.9991E-05
0.163856 0.228717 0.35796 0.115268 0.0767329 0.0574663
0.0675304 0.137898 0.121886 0.574788 0.0949138 0.00298487
0.0835308 0.169709 0.225471 0.459029 0.0621598 9.9991E-05
0.16971 9.9973E-05 0.417317 9.9973E-05 0.412673 9.9973E-05
0.215656 9.9982E-05 0.252765 0.314412 0.216967 9.9982E-05
0.152021 0.0938825 0.373769 0.299754 0.0611028 0.0194711
0.0974284 0.131051 0.335032 0.388206 0.0298703 0.0184119
0.0642175 0.0639696 0.157054 0.597342 0.117318 9.9991E-05
0.104493 0.0590362 0.201535 0.550271 0.0484313 0.0362339
0.0792047 0.0653174 0.173738 0.615476 0.0659134 0.000349941
0.167275 0.0365186 0.180925 0.38757 0.168495 0.0592166
0.12171 0.0442084 0.512797 0.236751 0.0539051 0.030629
