0.88646 9.9982E-05 0.0170887 9.9982E-05 0.0398324 0.056419
0.965809 9.9973E-05 9.9973E-05 0.00255558 9.9973E-05 0.0313353
0.88233 0.0118947 9.9982E-05 0.0811541 9.9982E-05 0.0244217
0.787718 9.9982E-05 0.0263834 0.123609 9.9982E-05 0.0620898
0.918813 9.9973E-05 9.9973E-05 0.077252 9.9973E-05 0.0036353
0.684083 0.114752 0.0830778 0.0875205 0.0245558 0.00601154
0.817658 0.0715081 0.0404549 0.0259529 9.9991E-05 0.0443258
0.720185 0.104364 0.0981859 0.0173966 0.0104833 0.0493849
0.782312 9.99729E-05 0.180501 9.99729E-05 9.99729E-05 0.0368867
0.795469 0.0944941 0.0250893 0.0716102 9.9991E-05 0.0132378
0.78049 0.0536901 0.05982 0.10316 9.9991E-05 0.00273934
0.0379234 0.105458 0.547965 0.252618 0.0559361 9.9991E-05
0.036538 9.9991E-05 0.313394 0.582926 0.0500788 0.0169638
9.999E-05 0.0614822 0.532992 0.306321 0.0961732 0.00293139
0.00309692 0.0242254 0.505235 0.314287 0.145041 0.00811475
0.0601283 0.0189958 0.326619 0.434161 0.150061 0.0100352
0.0781809 9.9982E-05 0.244572 0.591375 0.0856716 9.9982E-05
0.00777595 0.0793252 0.288536 0.517592 0.0667079 0.040063
0.0828871 0.0601102 0.463042 0.284872 0.0953602 0.0137285
0.0196303 0.139151 0.732143 0.0979232 0.00730799 0.00384391
0.010491 0.122155 0.347179 0.465885 0.0541907 9.9991E-05
0.0360536 0.252493 0.175678 0.441106 0.0649551 0.0297145
0.0185832 0.100392 0.210808 0.585617 0.0722837 0.0123162
0.0375008 0.0938908 0.500896 0.273659 0.0939536 9.9991E-05
0.10866 9.9991E-05 0.10388 0.705439 0.0693639 0.0125567
0.0221096 0.036412 0.298536 0.557454 0.0526062 0.0328827
0.0608324 0.07064 0.570119 0.255322 0.0429864 9.9991E-05
0.0295991 0.024118 0.509794 0.334361 0.102028 9.9991E-05
0.013996 0.141646 0.545215 0.298943 9.9982E-05 9.9982E-05
9.996E-05 9.996E-05 9.996E-05 9.996E-05 9.996E-05 0.9995
9.996E-05 9.996E-05 9.996E-05 9.996E-05 9.996E-05 0.9995
0.494207 9.9991E-05 0.0165087 0.0425354 0.0877078 0.358942
0.542725 9.9982E-05 9.9982E-05 0.115385 0.0622113 0.279478
0.110399 0.173838 0.125312 0.590251 9.9982E-05 9.9982E-05
0.0743969 0.119407 0.129821 0.595751 0.0582565 0.0223684
0.0402325 0.269558 9.9982E-05 0.6839 9.9982E-05 0.00610943
0.041377 0.0336153 0.682252 0.223448 0.0136458 0.005662
9.9973E-05 0.562211 9.9973E-05 0.424239 9.9973E-05 0.0132504
0.0610307 0.0950865 0.187999 0.551006 0.0859358 0.0189418
0.0416828 0.146151 9.9991E-05 0.747612 0.0463175 0.0181364
0.156259 0.190704 0.0428976 0.581104 9.9991E-05 0.0289346
0.0845853 0.128312 0.0918884 0.642856 0.043512 0.00884632
9.9973E-05 0.322161 0.353602 0.323937 9.9973E-05 9.9973E-05
0.0838949 0.162374 0.0236703 0.657667 0.0548283 0.0175654
0.0838141 0.12976 0.0408527 0.685827 0.0497736 0.00997246
0.137126 0.121577 0.0326644 0.6095 0.0976774 0.00145481
9.9973E-05 0.461552 0.0152127 0.522935 9.9973E-05 9.9973E-05
0.07573 0.0922398 0.0904778 0.719141 0.00721569 0.0151959
0.101507 0.161657 0.0197271 0.61958 0.0532741 0.0442545
0.0153781 0.876154 0.108168 9.9973E-05 9.9973E-05 9.9973E-05
9.9973E-05 0.125697 0.656153 0.21785 9.9973E-05 9.9973E-05
0.00951682 0.471411 0.269883 0.179027 0.0700622 9.9991E-05
0.0574784 0.0936973 0.139587 0.561075 0.128663 0.019499
0.0866195 0.106071 0.106791 0.635897 0.0631985 0.00142225
0.0795461 0.137893 0.0452329 0.622192 0.0881656 0.0269711
0.106969 0.0628402 0.54003 0.273232 0.0127557 0.00417364
9.9991E-05 0.0290179 0.367724 0.58127 0.00417163 0.0177166
0.0553207 0.0311553 0.227282 0.600551 0.0718663 0.0138244
0.0971886 0.114718 0.270233 0.429164 0.072781 0.0159156
0.183708 0.165873 0.467097 0.182357 0.000865473 9.9991E-05
0.0683608 0.0971969 0.159429 0.588536 0.0510933 0.0353846
0.0811242 0.0857258 0.246301 0.519273 0.0581979 0.00937803
0.0182775 0.181371 0.608241 0.154525 9.9991E-05 0.0374854
9.9991E-05 0.0636287 0.433411 0.459518 0.0312423 0.0121005
0.0311669 0.138007 0.135614 0.579276 0.110198 0.00573893
0.0885395 0.0544262 0.14614 0.68016 9.9991E-05 0.0306344
0.0560579 0.134993 0.40077 0.294475 0.0680636 0.0456406
0.0436092 0.0435146 0.271171 0.556129 0.0566305 0.0289457
0.0385826 0.0345941 0.249387 0.563069 0.0937695 0.0205979
9.99851E-05 0.162773 0.522606 0.277417 9.99851E-05 0.0370038
9.9982E-05 0.192874 0.143485 0.654223 9.9982E-05 0.00921728
9.9982E-05 0.338495 0.23057 0.417382 9.9982E-05 0.0133531
0.0879552 0.141428 0.104239 0.588239 0.0603133 0.017825
9.9973E-05 0.717727 0.0628141 0.219158 9.9973E-05 9.9973E-05
9.9973E-05 0.74483 0.0654078 0.189462 9.9973E-05 9.9973E-05
9.9973E-05 0.539108 0.0421215 0.41847 9.9973E-05 9.9973E-05
9.9982E-05 0.1757 0.16103 0.634712 9.9982E-05 0.0283577
0.13008 0.145238 0.0545355 0.570846 0.0845944 0.0147062
9.9991E-05 0.310929 0.0419213 0.632552 0.0104252 0.00407254
0.00270374 0.2904 0.33777 0.36561 9.9991E-05 0.00341595
9.9973E-05 0.286579 0.28863 0.424491 9.9973E-05 9.9973E-05
0.0859486 0.17294 0.0699379 0.58559 0.0736937 0.0118898
0.018508 0.257057 0.178247 0.532408 9.9991E-05 0.0136798
9.9982E-05 0.191881 0.187483 0.601582 9.9982E-05 0.0188539
0.00199047 0.34973 0.0287926 0.611033 9.9991E-05 0.00835358
9.9982E-05 0.853617 0.0758179 0.0533029 0.0170624 9.9982E-05
9.9991E-05 0.172767 0.0633406 0.710432 0.0384504 0.0149098
0.789335 9.9982E-05 0.0739316 0.0683388 9.9982E-05 0.0681945
0.888882 9.9973E-05 9.9973E-05 0.0537492 9.9973E-05 0.0570685
0.826874 9.9982E-05 9.9982E-05 0.0843461 0.0401474 0.0484324
0.913457 9.9982E-05 9.9982E-05 0.0105597 0.0414312 0.0343524
0.905241 9.9982E-05 0.00178674 9.9982E-05 0.0320786 0.0606937
0.853161 9.9982E-05 9.9982E-05 0.0685255 0.047357 0.0307564
0.916753 9.9973E-05 9.9973E-05 0.0584661 9.9973E-05 0.0244807
0.0512603 0.11458 0.160227 0.606556 0.0627016 0.00467464
0.101674 0.10906 0.103721 0.601463 0.0693104 0.0147707
9.9973E-05 0.413682 0.378435 0.207583 9.9973E-05 9.9973E-05
0.0422464 0.103366 0.0910094 0.698761 0.0265273 0.0380901
9.9982E-05 0.238848 0.220083 0.528905 9.9982E-05 0.0119635
0.0595889 0.195158 0.0658626 0.65362 9.9991E-05 0.0256708
0.0598302 0.182304 0.0365143 0.719414 9.9991E-05 0.00183743
9.9991E-05 0.217607 0.080599 0.644163 0.0428972 0.0146337
9.9973E-05 0.386604 0.446682 0.166415 9.9973E-05 9.9973E-05
0.125484 0.0795404 0.153656 0.57422 0.0576882 0.00941101
0.100814 0.073778 0.0322454 0.719143 0.0739198 9.9991E-05
0.0460108 0.112071 0.0819354 0.646303 0.0648215 0.048858
9.9982E-05 0.487189 0.0991085 0.398076 9.9982E-05 0.0154264
9.9982E-05 0.340293 9.9982E-05 0.643991 0.00397781 0.0115383
0.0111472 0.107662 0.259816 0.619308 9.9991E-05 0.00196563
9.9973E-05 0.389296 0.0436683 0.566736 9.9973E-05 9.9973E-05
0.0561229 0.183423 0.176657 0.583101 9.9991E-05 0.00059605
0.099964 0.114288 0.0982953 0.622302 0.0650509 9.9991E-05
0.0200619 0.231753 0.382469 0.251568 0.103936 0.0102118
0.0842353 0.0758025 0.374467 0.439969 0.0200284 0.00549773
0.100068 0.0186409 0.244666 0.498561 0.116035 0.0220286
0.101037 0.0738958 0.123927 0.631443 0.0516961 0.0180009
0.0452566 9.9991E-05 0.391897 0.536625 0.0171249 0.00899636
0.0646328 0.0177782 0.23529 0.658004 0.0159116 0.00838351
0.0223137 9.9991E-05 0.439616 0.480057 0.0410298 0.0168842
0.0540259 0.127877 0.137351 0.562507 0.0601608 0.0580784
0.0622011 0.0172307 0.203943 0.634183 0.0823427 9.9991E-05
0.0943374 0.0213935 0.24837 0.602056 0.0337424 9.9991E-05
0.0481231 0.0142485 0.307472 0.629204 9.9991E-05 0.000852491
0.0604061 0.0642234 0.169709 0.616937 0.0886246 9.9991E-05
0.112102 0.0972346 0.0977703 0.634641 0.0581525 9.9991E-05
9.9982E-05 0.105627 0.191288 0.594601 0.108284 9.9982E-05
0.0633948 0.111435 0.127539 0.603969 0.0826015 0.0110615
0.0235355 0.112827 0.165345 0.624374 0.073028 0.000889943
0.0855877 0.226975 0.266108 0.314318 0.100544 0.006468
0.0199833 0.0852542 0.172714 0.662326 0.0596224 9.9991E-05
0.0362954 0.0618264 0.175811 0.636288 0.0768559 0.0129237
0.0145418 0.0854188 0.621179 0.269498 0.00926222 9.9991E-05
9.9982E-05 0.428903 0.324826 0.173343 0.0727283 9.9982E-05
0.0598869 0.100064 0.218899 0.579089 0.0387523 0.00330896
9.9982E-05 0.500309 0.35515 0.109592 0.0347484 9.9982E-05
9.9982E-05 0.0589725 0.539222 0.381099 9.9982E-05 0.0205062
9.9982E-05 0.0414714 0.481547 0.473581 9.9982E-05 0.00320013
9.9982E-05 0.0582921 0.493693 0.42331 9.9982E-05 0.0245047
9.9973E-05 0.0871969 0.532954 0.379549 9.9973E-05 9.9973E-05
0.0712469 0.0134425 0.206586 0.6779 0.00877012 0.022054
0.0545658 0.0924635 0.149308 0.586996 0.103323 0.0133444
0.0188717 0.0931521 0.24683 0.567879 0.0622563 0.0110104
9.9982E-05 0.343982 0.417768 0.179074 0.0589758 9.9982E-05
0.137247 0.0892572 0.105523 0.583154 0.0569099 0.0279084
0.102197 0.327263 0.00293033 0.485673 0.0770514 0.00488554
0.172291 0.75415 0.0541998 9.9982E-05 9.9982E-05 0.0191591
0.110837 0.136779 9.9991E-05 0.637996 0.110254 0.00403454
0.112677 0.422257 0.0714664 0.311202 0.0822722 0.000125301
0.121717 0.209071 0.0443257 0.538555 0.0480486 0.0382838
0.112187 0.498962 0.103136 0.253375 0.0118166 0.0205232
0.0964566 0.651592 0.118895 0.113943 9.9991E-05 0.0190138
0.0853015 0.378969 0.0601497 0.404318 0.0522902 0.0189715
0.11154 0.152789 0.126957 0.465095 0.111347 0.0322721
0.153871 0.253676 0.0363954 0.474648 0.058586 0.022824
0.0419326 0.565868 0.155542 0.113087 0.109659 0.0139114
0.0668889 0.116162 0.134291 0.579635 0.0674789 0.0355443
9.9982E-05 0.525436 0.0663062 0.401103 9.9982E-05 0.00695478
0.00588301 0.348243 0.12843 0.513186 9.9991E-05 0.00415807
0.0813329 0.14733 0.0768428 0.531269 0.112062 0.051164
0.381268 0.190264 0.0173195 0.113328 0.279638 0.0181839
0.528214 0.320386 9.9973E-05 9.9973E-05 0.1511 9.9973E-05
0.49986 0.354685 9.9982E-05 9.9982E-05 0.132518 0.0127362
0.394562 0.258536 0.00155729 0.0571095 0.288136 9.9991E-05
9.9982E-05 0.286876 9.9982E-05 0.679251 0.00877876 0.0248947
0.0597642 0.137248 0.0620087 0.643748 0.090462 0.00676827
9.9982E-05 9.9982E-05 0.00570348 0.268433 0.714545 0.0111179
0.037989 0.0360757 0.0928588 0.323494 0.486648 0.0229337
0.0487525 0.016706 0.12273 0.371167 0.408983 0.0316604
0.0444026 0.575263 0.0356949 0.320395 0.0139619 0.0102827
0.0854843 0.229138 0.0481921 0.498012 0.0739596 0.0652136
9.9982E-05 0.604255 0.0847754 0.290835 9.9982E-05 0.0199345
0.0927659 0.289704 9.9982E-05 0.593237 0.0240934 9.9982E-05
0.0577278 0.35095 0.072259 0.443944 0.0750195 9.9991E-05
0.0215733 0.321737 9.9991E-05 0.590904 0.0382823 0.0274031
0.0298841 0.686915 0.00535846 0.225263 0.0284919 0.0240872
0.0712579 0.157188 9.9991E-05 0.691825 0.0515608 0.0280678
0.139118 0.158147 0.0472285 0.60645 0.0431148 0.0059417
9.9973E-05 9.9973E-05 0.0093677 0.00614167 0.984191 9.9973E-05
9.9973E-05 9.9973E-05 0.0272739 0.0593933 0.913033 9.9973E-05
0.0436933 9.9991E-05 0.0529974 0.336773 0.541606 0.0248306
9.9973E-05 9.9973E-05 9.9973E-05 0.329805 0.656022 0.0138727
9.9973E-05 9.9973E-05 0.0642437 0.0850942 0.850362 9.9973E-05
9.996E-05 9.996E-05 9.996E-05 9.996E-05 0.9995 9.996E-05
9.9973E-05 9.9973E-05 0.0477442 0.00240238 0.949553 9.9973E-05
9.9964E-05 9.9964E-05 9.9964E-05 0.146459 0.853141 9.9964E-05
9.9964E-05 9.9964E-05 0.0430006 9.9964E-05 0.9566 9.9964E-05
9.9964E-05 9.9964E-05 9.9964E-05 9.9964E-05 0.992028 0.0075724
9.996E-05 9.996E-05 9.996E-05 9.996E-05 0.9995 9.996E-05
9.9973E-05 9.9973E-05 0.0363546 0.172564 0.790782 9.9973E-05
0.023918 9.9991E-05 0.070378 0.0893275 0.800832 0.0154448
9.996E-05 9.996E-05 9.996E-05 9.996E-05 0.9995 9.996E-05
0.0456415 9.9991E-05 0.135643 0.354132 0.448122 0.0163615
9.9982E-05 9.9982E-05 0.081779 0.186837 0.701451 0.0297328
0.0139636 9.9982E-05 9.9982E-05 0.152231 0.829886 0.00371926
9.9982E-05 9.9982E-05 0.0138381 0.0631638 0.919756 0.00304162
9.996E-05 9.996E-05 9.996E-05 9.996E-05 0.9995 9.996E-05
0.0217367 9.9973E-05 9.9973E-05 0.0115353 0.966428 9.9973E-05
9.996E-05 9.996E-05 9.996E-05 9.996E-05 0.9995 9.996E-05
0.0529742 0.0524468 0.0195539 0.216366 0.657284 0.00137532
9.9973E-05 0.00717972 9.9973E-05 9.9973E-05 0.965042 0.0274788
0.360157 0.585679 9.9973E-05 9.9973E-05 0.0538634 9.9973E-05
0.194425 0.24153 0.0384071 0.359134 0.13581 0.0306941
0.182201 0.248935 9.9991E-05 0.484637 0.0688059 0.0153213
0.254119 0.430934 9.9991E-05 0.194908 0.115869 0.00407037
0.194528 0.197114 0.0548514 0.43391 0.119497 9.9991E-05
0.296111 0.481639 9.9982E-05 0.0859487 0.136101 9.9982E-05
0.199633 0.184567 0.0471576 0.432688 0.114549 0.0214045
0.21421 0.327242 9.9991E-05 0.292195 0.145761 0.0204917
0.13129 0.216748 9.9991E-05 0.41436 0.194499 0.0430025
0.190205 0.25996 9.9991E-05 0.397196 0.113375 0.0391634
0.186667 0.208972 0.0171051 0.425963 0.158779 0.00251418
0.912131 0.00397879 0.013233 0.0578473 9.9991E-05 0.0127099
0.884947 0.021048 9.9982E-05 9.9982E-05 0.0614502 0.0323552
0.917561 9.9982E-05 0.00986822 0.0266468 9.9982E-05 0.0457243
0.969477 0.0140429 9.9973E-05 9.9973E-05 9.9973E-05 0.0161805
0.861884 9.9982E-05 0.0199226 0.0534665 9.9982E-05 0.0645268
0.922251 9.9982E-05 0.0101224 9.9982E-05 0.0172521 0.0501744
0.884786 9.9973E-05 9.9973E-05 0.0505034 9.9973E-05 0.0644106
0.897609 9.9973E-05 0.0518005 9.9973E-05 9.9973E-05 0.0502907
0.901775 0.0128332 0.0365724 0.0262019 0.0151606 0.00745741
0.907904 9.9991E-05 0.0514858 0.00448653 0.0089463 0.0270774
0.614595 0.0970952 0.287946 9.9982E-05 9.9982E-05 0.000164184
0.596116 0.0136599 0.357523 9.9982E-05 9.9982E-05 0.0325008
0.547198 0.103363 0.332487 0.00564802 9.9991E-05 0.0112037
0.492202 0.0854772 0.422021 9.9973E-05 9.9973E-05 9.9973E-05
0.0397857 0.149467 0.217541 0.546944 9.9991E-05 0.0461623
0.0205885 0.192518 0.163651 0.594197 0.0289452 9.9991E-05
0.0142855 0.0599147 0.26667 0.642162 0.0168674 9.9991E-05
0.000507459 0.124338 0.374395 0.482433 9.9991E-05 0.0182265
9.9982E-05 0.0815562 0.640951 0.235152 0.0421403 9.9982E-05
0.0433497 0.128943 0.0913033 0.709875 0.0256959 0.000832508
9.9973E-05 0.151844 0.157146 0.69071 9.9973E-05 9.9973E-05
0.00285446 0.305301 0.0381312 0.620333 0.0170308 0.0163495
9.9973E-05 0.413301 0.0344899 0.55191 9.9973E-05 9.9973E-05
0.0643788 0.155731 0.0376356 0.672383 0.0491438 0.0207287
9.9982E-05 0.170142 0.210584 0.616901 9.9982E-05 0.00217273
9.9973E-05 0.755555 0.0954968 0.148648 9.9973E-05 9.9973E-05
0.0378275 0.079788 0.199918 0.618245 0.0416944 0.0225265
9.9964E-05 0.644483 9.9964E-05 0.355117 9.9964E-05 9.9964E-05
0.0151036 0.242193 0.0508098 0.671425 9.9991E-05 0.0203679
9.9973E-05 0.335801 0.367497 0.296402 9.9973E-05 9.9973E-05
0.172724 0.0506838 0.776293 9.9973E-05 9.9973E-05 9.9973E-05
0.133078 0.0568092 0.73772 0.0721929 9.9982E-05 9.9982E-05
0.119228 0.0469181 0.790054 0.0257806 9.9991E-05 0.0179186
0.133242 0.052824 0.813634 9.9973E-05 9.9973E-05 9.9973E-05
0.0673945 0.0352626 0.780043 0.109764 0.00743637 9.9991E-05
0.0566858 0.0400716 0.768655 0.058614 0.0758732 9.9991E-05
0.834447 9.9991E-05 0.055306 0.0373783 0.049052 0.0237168
0.828116 9.9991E-05 0.0297048 0.123915 0.017008 0.00115638
0.753728 9.9991E-05 0.0462007 0.124025 0.0513301 0.0246162
0.844252 9.9982E-05 0.0487064 0.0544993 0.0523425 9.9982E-05
0.781851 9.9991E-05 0.0119981 0.135586 0.054297 0.0161676
0.38002 0.0515071 0.544291 9.9982E-05 9.9982E-05 0.0239825
0.433337 0.0192798 0.515288 9.9991E-05 0.00579754 0.0261975
0.416254 9.9991E-05 0.517353 0.0233118 0.00339526 0.0395858
9.996E-05 9.996E-05 9.996E-05 9.996E-05 9.996E-05 0.9995
0.361337 0.0493809 0.545362 9.9982E-05 9.9982E-05 0.0437201
0.25807 0.1144 9.9991E-05 0.24243 0.352096 0.0329035
0.132644 9.9991E-05 0.0737981 0.569016 0.210847 0.0135956
0.195347 9.9973E-05 9.9973E-05 0.550354 0.253999 9.9973E-05
0.304317 0.0787859 9.9982E-05 0.312085 0.304613 9.9982E-05
0.167992 0.0626493 0.0636538 0.52648 0.158928 0.0202965
0.462187 0.208382 9.9982E-05 9.9982E-05 0.311426 0.017805
0.00791983 0.0505097 0.43274 0.491894 0.0146819 0.00225405
9.9982E-05 0.290906 0.196127 0.450781 0.0619869 9.9982E-05
0.0138329 0.0465946 0.602415 0.336958 9.9982E-05 9.9982E-05
0.00256911 0.228417 0.170737 0.569635 0.0285411 9.9991E-05
9.9964E-05 0.680268 0.319332 9.9964E-05 9.9964E-05 9.9964E-05
0.0976966 0.0978015 0.130723 0.61328 0.0462965 0.0142017
0.0511934 0.142814 0.157285 0.576806 0.0568984 0.0150042
0.0292398 0.0725901 0.501755 0.396216 9.9982E-05 9.9982E-05
0.0815261 0.0685991 0.182751 0.604511 0.055597 0.00701683
9.9973E-05 0.491646 0.310444 0.197611 9.9973E-05 9.9973E-05
0.0386731 0.169435 0.147681 0.611264 0.0209327 0.0120144
0.0138198 0.00558091 0.38034 0.564482 0.035678 9.9991E-05
0.115852 0.177193 0.0739323 0.427316 0.205608 9.9991E-05
9.9982E-05 0.288216 0.275976 0.381455 0.0541536 9.9982E-05
9.9991E-05 0.276833 0.225595 0.417848 0.0763733 0.0032501
9.9982E-05 0.0960006 0.211004 0.618398 0.0743969 9.9982E-05
0.00127142 0.17173 0.178792 0.636315 0.00937143 0.0025204
9.9991E-05 0.113878 0.0883333 0.633126 0.123817 0.0407456
0.0916385 0.0953303 0.162218 0.602958 0.0477548 9.9991E-05
0.0503171 0.061574 0.1941 0.644607 0.0304937 0.0189086
0.841816 9.9982E-05 9.9982E-05 0.0885184 0.0584969 0.0109692
0.881318 9.9982E-05 9.9982E-05 0.107472 0.000409241 0.0106007
0.859761 0.0116878 9.9982E-05 0.0606396 9.9982E-05 0.0677116
0.880819 9.9991E-05 0.00573927 0.0338935 0.0503053 0.0291428
0.882554 9.9973E-05 9.9973E-05 0.081426 9.9973E-05 0.0357201
0.0186209 0.10523 0.644746 0.182994 0.0395349 0.00887469
0.0160235 0.158961 0.186089 0.566374 0.0594868 0.0130662
0.220261 0.126885 9.9982E-05 0.393544 0.259109 9.9982E-05
9.9982E-05 9.9982E-05 0.219935 0.640722 0.111661 0.0274826
0.0326839 0.0117582 0.361967 0.558451 0.0349157 0.000224659
9.9991E-05 0.339959 0.294501 0.284516 0.0676579 0.0132656
0.0232382 0.0859807 0.831577 0.0167765 0.0116799 0.0307472
0.0459632 9.9991E-05 0.387713 0.493048 0.049883 0.0232936
0.0468674 0.0312536 0.616153 0.2541 0.0515261 9.9991E-05
0.032132 0.170906 0.23358 0.467951 0.0896733 0.00575708
0.0696501 0.0622934 0.676032 0.173394 0.0185302 9.9991E-05
0.0685186 9.9991E-05 0.2515 0.562563 0.108837 0.00848044
0.0204066 0.133914 0.62532 0.182455 0.0163477 0.0215568
9.9991E-05 0.289195 0.318567 0.236328 0.139396 0.016414
0.114537 0.221923 0.044191 0.571919 0.0167819 0.0306477
0.0571606 0.540856 0.077793 0.32399 9.9982E-05 9.9982E-05
0.0882961 0.316352 9.9991E-05 0.571715 0.0179858 0.00555125
0.0656619 0.174567 0.115576 0.552684 0.0507038 0.0408064
0.0485693 0.581827 0.0661109 0.303292 9.9982E-05 9.9982E-05
0.0698147 0.249171 0.0257823 0.565683 0.0355864 0.053963
0.0976144 0.351419 0.0195226 0.528935 9.9991E-05 0.00240911
0.004782 0.75837 0.0310712 0.185808 9.9991E-05 0.0198692
0.0500043 0.702221 9.9982E-05 0.239329 9.9982E-05 0.00824592
0.0455233 0.352563 0.0550776 0.532363 9.9991E-05 0.0143728
0.00213117 0.761577 0.0945058 0.116575 9.9991E-05 0.0251111
0.00568129 0.41586 0.0945246 0.483734 9.9982E-05 9.9982E-05
9.9982E-05 0.0435762 0.738645 0.185608 0.03197 9.9982E-05
9.9982E-05 0.296494 0.404699 0.176506 0.122101 9.9982E-05
0.0126817 9.9991E-05 0.447474 0.42212 0.113574 0.00405025
0.0317425 0.0318186 0.269038 0.577746 0.0895548 9.9991E-05
9.9982E-05 0.0502443 0.649146 0.248151 0.052259 9.9982E-05
0.0761718 0.134611 0.142306 0.530742 0.105454 0.0107145
0.00461185 9.9991E-05 0.332226 0.583032 0.0653624 0.0146677
9.9991E-05 0.122933 0.229056 0.521383 0.121227 0.00530081
9.9982E-05 0.0946342 0.301888 0.481995 0.121283 9.9982E-05
9.9982E-05 9.9982E-05 0.419068 0.522743 0.0488961 0.00909335
9.9991E-05 0.0645295 0.553335 0.309123 0.0582686 0.014644
9.9982E-05 0.0226664 0.494662 0.446657 0.0358153 9.9982E-05
9.9991E-05 0.0778048 0.218275 0.613763 0.0756093 0.0144475
0.00168644 0.0973109 0.164766 0.625252 0.109962 0.00102203
0.00367759 0.205251 0.329819 0.308247 0.126 0.0270053
9.9991E-05 0.13963 0.243073 0.509271 0.107127 0.000799697
9.9991E-05 0.00638357 0.518468 0.36837 0.0889479 0.0177304
0.0631473 0.0296947 0.267359 0.55551 0.0841893 9.9991E-05
0.0410795 0.0339551 0.362745 0.456473 0.105647 9.9991E-05
0.104356 0.084003 0.131027 0.610017 0.0704977 9.9991E-05
0.361853 9.9982E-05 0.0311957 0.484354 0.122397 9.9982E-05
0.129245 0.0925076 0.0428894 0.52917 0.201167 0.00502036
0.143726 0.180078 0.037074 0.462734 0.140025 0.0363622
0.0970615 0.0947546 0.0354804 0.576564 0.152562 0.0435776
0.190064 0.125858 0.0221853 0.432019 0.228573 0.0013013
9.9991E-05 0.267036 0.175912 0.517158 0.0386174 0.00117722
0.133789 0.0629579 0.0703598 0.50671 0.180672 0.0455113
0.256284 0.431272 0.0790611 0.0316149 0.201668 9.9991E-05
0.0902028 0.0718848 0.106741 0.554395 0.153357 0.023419
0.16014 0.0504915 0.0522567 0.533891 0.190056 0.0131646
0.125373 0.0199714 0.0707002 0.579131 0.196198 0.0086267
0.158105 0.291882 0.0600205 0.292119 0.163496 0.0343778
0.232642 9.9991E-05 0.0588436 0.566454 0.135848 0.00611247
0.137136 0.067906 0.0736631 0.516076 0.202927 0.00229164
0.516834 0.337605 9.9973E-05 9.9973E-05 0.14526 9.9973E-05
0.146242 0.0702027 0.0432458 0.531239 0.200911 0.00815941
0.193319 0.0512111 9.9991E-05 0.539548 0.21127 0.00455134
0.0908865 0.10188 0.00513554 0.609082 0.155955 0.0370607
0.179466 0.0459195 9.9991E-05 0.504783 0.240886 0.0288463
0.208249 0.0627056 0.0491375 0.525129 0.128658 0.0261212
0.0596986 0.353993 0.0249914 0.530248 0.0201042 0.0109643
0.0404865 0.201259 0.122549 0.514271 0.102389 0.0190457
9.9982E-05 0.882812 0.0730301 0.0302385 0.0137192 9.9982E-05
9.9982E-05 0.822109 0.0743629 0.0983853 9.9982E-05 0.0049433
0.0705885 0.29115 0.0330821 0.544576 0.0377885 0.0228151
0.160485 0.167348 9.9991E-05 0.298081 0.364176 0.00980974
0.182953 0.170536 9.9982E-05 0.339584 0.306727 9.9982E-05
0.19181 0.27659 9.9982E-05 0.188305 0.343095 9.9982E-05
0.109248 0.207722 9.9991E-05 0.326 0.286047 0.0708829
0.0756709 0.663386 9.9991E-05 0.116303 0.101493 0.0430469
0.0600745 0.600585 9.9991E-05 0.185545 0.0878919 0.0658036
0.0143164 0.296118 9.9982E-05 0.582099 0.107266 9.9982E-05
0.0669542 0.35323 9.9982E-05 0.432706 0.146911 9.9982E-05
0.0161258 0.546212 0.0167099 0.281417 0.094931 0.0446041
0.0367393 0.190697 0.0645066 0.571569 0.083693 0.0527951
0.027605 0.211156 0.0115926 0.608509 0.119153 0.0219847
0.0866441 0.202857 0.0582744 0.567163 0.084961 9.9991E-05
0.00721123 0.513596 0.0335039 0.420458 0.0098231 0.0154082
9.9982E-05 0.428353 0.0593437 0.485221 9.9982E-05 0.0268815
0.0329234 0.319349 9.9991E-05 0.595425 0.0236396 0.0285625
0.0115547 0.303252 0.103127 0.482609 0.0815241 0.017934
0.132129 0.184062 0.0490277 0.576455 0.0582268 9.9991E-05
0.0253378 0.448792 9.9982E-05 0.512299 0.0133713 9.9982E-05
9.9991E-05 0.672161 0.0160373 0.295028 0.0038067 0.0128669
9.9982E-05 0.193613 9.9982E-05 0.734232 0.0526386 0.0193168
9.9982E-05 0.638063 0.0901923 0.230502 0.0410424 9.9982E-05
0.036889 0.388094 0.00915882 0.532707 0.0191891 0.013962
0.0522071 0.307663 0.0280182 0.537984 0.0437797 0.0303488
0.0357831 0.252452 0.0310589 0.579859 0.0611181 0.0397287
0.13592 0.107609 0.0661282 0.459908 0.192221 0.0382138
0.143086 0.164399 0.0835701 0.434999 0.146796 0.0271499
0.203432 0.153811 9.9991E-05 0.313914 0.290814 0.0379293
0.191643 0.185516 9.9991E-05 0.376615 0.203102 0.0430231
0.154167 0.149936 0.0153094 0.467356 0.198096 0.0151358
0.176064 0.202691 9.9991E-05 0.457416 0.133874 0.0298541
0.151899 0.63922 9.9982E-05 9.9982E-05 0.169759 0.0389225
0.114446 0.132469 9.9991E-05 0.543592 0.192887 0.016507
0.343092 0.511383 9.9973E-05 9.9973E-05 0.145225 9.9973E-05
0.0414267 0.194717 9.9991E-05 0.534093 0.207633 0.0220298
9.9973E-05 0.759437 9.9973E-05 0.234284 9.9973E-05 0.00597899
9.9982E-05 0.866474 0.0340746 0.0746089 9.9982E-05 0.0246426
0.00569132 0.409581 9.9982E-05 0.570961 0.0135669 9.9982E-05
0.000404879 0.317781 9.9991E-05 0.607623 0.0658614 0.00822959
9.9991E-05 0.466234 0.0319322 0.480065 0.0190543 0.00261521
9.9991E-05 0.309191 0.0334447 0.615428 0.0344958 0.00734033
9.9973E-05 0.359638 9.9973E-05 0.616817 0.0232449 9.9973E-05
0.836473 9.9991E-05 0.0971678 0.00938788 0.0107916 0.04608
0.739423 0.0165647 0.0856866 0.0442877 0.068901 0.045137
0.898685 9.9982E-05 0.0497572 9.9982E-05 0.0198938 0.031464
0.926652 9.9973E-05 9.9973E-05 0.0234311 9.9973E-05 0.0496165
0.0939985 0.21936 0.0356858 0.645266 0.00558904 9.9991E-05
0.0412388 0.134246 0.149785 0.649804 0.0179474 0.00697916
9.9982E-05 0.170399 0.130856 0.660618 9.9982E-05 0.0379263
0.0741425 0.0838821 0.121361 0.690563 9.9991E-05 0.0299515
0.0947074 0.103325 0.133454 0.633419 0.0230598 0.0120342
0.00185401 0.285828 0.229921 0.473183 9.9991E-05 0.00911468
0.00888474 0.139349 0.0645563 0.782455 0.000121026 0.0046339
9.9982E-05 0.499831 0.0386489 0.439783 9.9982E-05 0.0215378
0.341917 9.9991E-05 0.0784857 0.398787 0.1678 0.0129104
9.9982E-05 0.361002 0.0712305 0.558028 0.00953887 9.9982E-05
0.000301712 0.235572 0.228788 0.535138 9.9982E-05 9.9982E-05
0.0123278 0.318687 0.00766349 0.653397 0.00782439 9.9991E-05
0.00974452 0.186889 0.217709 0.570535 0.0111358 0.00398686
9.9964E-05 0.246722 9.9964E-05 0.752878 9.9964E-05 9.9964E-05
0.025394 0.142786 0.13774 0.667595 9.9991E-05 0.0263855
9.9973E-05 0.760794 0.00548426 0.233422 9.9973E-05 9.9973E-05
9.9973E-05 0.482475 0.0449528 0.472273 9.9973E-05 9.9973E-05
9.9982E-05 0.437008 0.0356538 0.52497 0.00216879 9.9982E-05
9.9973E-05 0.909155 0.000871869 0.0896736 9.9973E-05 9.9973E-05
0.0360695 0.241125 0.190157 0.532448 9.9982E-05 9.9982E-05
9.9973E-05 0.725617 0.00855506 0.265528 9.9973E-05 9.9973E-05
9.9973E-05 0.878784 0.0634104 0.0575054 9.9973E-05 9.9973E-05
0.0467259 0.217516 9.9991E-05 0.717643 0.0098072 0.00820854
0.0050525 0.328965 0.299298 0.359265 9.9991E-05 0.00731983
0.0182673 0.190186 0.172141 0.613907 0.00539827 9.9991E-05
0.0779717 0.172642 0.0317499 0.610664 0.0703599 0.0366128
0.0374786 0.12816 0.182659 0.651502 9.9982E-05 9.9982E-05
9.9982E-05 0.250672 0.319462 0.407212 0.0224542 9.9982E-05
0.0192896 0.120458 0.155159 0.692531 9.9991E-05 0.0124624
9.99824E-05 0.126384 0.193999 0.666362 9.99824E-05 0.0130547
9.9973E-05 0.475455 0.0428291 0.481416 9.9973E-05 9.9973E-05
0.102012 0.151567 0.102579 0.627162 0.0165801 9.9991E-05
0.626057 0.0380905 0.282385 9.9982E-05 9.9982E-05 0.0532675
0.725124 0.0563317 0.151766 9.9982E-05 9.9982E-05 0.0665784
0.666117 9.9973E-05 0.140112 9.9973E-05 9.9973E-05 0.193471
0.732268 9.9973E-05 0.155873 9.9973E-05 9.9973E-05 0.111559
0.736987 0.0185979 0.207655 0.00864928 9.9991E-05 0.0280108
0.0112984 0.30497 0.337012 0.34652 9.9982E-05 9.9982E-05
0.000197139 0.336086 0.322613 0.340903 9.9982E-05 9.9982E-05
9.9973E-05 0.595819 0.00879113 0.39509 9.9973E-05 9.9973E-05
0.0746613 0.147956 0.0319541 0.635825 0.0855202 0.0240826
0.0931287 0.174474 0.0511461 0.57934 0.060223 0.0416882
0.00222616 0.495634 0.0203648 0.478339 0.00333625 9.9991E-05
0.0144706 0.175455 0.016998 0.690953 0.0504451 0.0516778
0.00382352 0.347061 0.082618 0.492514 0.0414691 0.032515
0.00314995 0.193015 0.131915 0.656148 0.00060584 0.0151664
0.0822424 0.0906215 0.0399816 0.74052 0.0465346 9.9991E-05
9.9973E-05 0.303354 0.272011 0.424335 9.9973E-05 9.9973E-05
9.9973E-05 0.248522 0.264536 0.486642 9.9973E-05 9.9973E-05
9.9982E-05 0.241953 0.241331 0.511969 9.9982E-05 0.00454694
0.173796 0.116969 0.0241495 0.6631 0.0123707 0.00961457
9.9982E-05 0.213664 0.235594 0.531433 9.9982E-05 0.0191098
0.0323101 0.222122 0.180722 0.542208 9.9991E-05 0.0225389
0.123318 0.0463344 0.0371037 0.411196 0.381948 9.9991E-05
0.110871 0.0544687 0.0201759 0.291934 0.461578 0.0609721
0.123969 9.9991E-05 0.0215547 0.43071 0.40874 0.0149254
0.188617 0.0240465 9.9991E-05 0.256588 0.516971 0.0136773
0.098798 0.0350214 0.0187664 0.498001 0.326989 0.0224239
0.0837544 0.310989 9.9991E-05 0.564705 0.0315411 0.00891085
0.256214 0.031199 0.0429157 9.9991E-05 0.660551 0.00902069
0.15283 0.0199675 9.9991E-05 0.297095 0.507019 0.0229887
0.15274 0.244017 9.9991E-05 0.381163 0.185441 0.0365389
0.149304 0.120674 0.108392 0.582035 0.00813484 0.0314603
0.166779 0.227663 0.0450891 0.529021 0.00721556 0.0242322
0.162496 0.174161 0.0223643 0.610303 0.0141442 0.0165311
0.181535 0.0783733 0.0544175 0.665046 0.0205282 9.9991E-05
0.139948 9.9982E-05 9.9982E-05 0.335972 0.511887 0.0119932
0.150445 0.00130783 0.0507431 0.410509 0.386895 9.9991E-05
0.0631877 9.9982E-05 9.9982E-05 0.375542 0.534241 0.0268294
0.140846 0.0619483 0.0401735 0.456707 0.294817 0.00550857
0.220608 0.0538844 0.0240342 0.197061 0.504312 9.9991E-05
0.129436 0.00507247 0.0489082 0.458592 0.357892 9.9991E-05
0.130518 0.0336886 0.0198762 0.252941 0.545245 0.0177314
0.138763 0.0831244 0.00256638 0.419813 0.341194 0.0145392
0.127785 0.311536 0.0174846 0.522299 0.0207954 9.9991E-05
0.160427 0.0830815 9.9991E-05 0.342647 0.389454 0.0242905
0.193836 0.0511028 9.9991E-05 0.122644 0.616061 0.0162571
0.123544 0.0157883 0.0651738 0.39486 0.400534 9.9991E-05
0.233346 0.263485 0.13606 0.36691 9.9982E-05 9.9982E-05
0.0746157 0.193581 9.9991E-05 0.642145 0.0630173 0.0265416
0.150715 0.0359182 0.0226452 0.421437 0.356814 0.0124705
0.1742 0.145455 0.0578066 0.570881 0.0116355 0.0400212
0.208043 0.119798 0.115012 0.554388 9.9991E-05 0.00265907
0.198179 0.204191 0.0124535 0.344336 0.211249 0.0295915
0.260063 0.112915 9.9991E-05 0.351301 0.269592 0.00602812
0.170513 0.156517 0.011843 0.557436 0.0890928 0.0145981
0.13784 0.0293711 0.066889 0.385476 0.364631 0.015793
0.14815 9.9982E-05 9.9982E-05 0.44155 0.387729 0.0223704
0.201514 0.0150422 9.9991E-05 0.147979 0.625494 0.00987093
0.125895 0.0966354 0.0379177 0.659925 0.0579982 0.0216281
0.158978 0.238237 0.0885302 0.486886 9.9991E-05 0.0272695
0.175581 0.642125 9.9991E-05 0.165823 0.00369764 0.0126727
0.167952 0.0859515 0.0392525 0.645215 0.0450192 0.0166098
0.0825649 0.246221 0.224074 0.350217 0.0968232 9.9991E-05
0.165068 0.120235 0.0509205 0.451705 0.192289 0.0197824
0.139084 0.170438 0.0968247 0.459315 0.133603 0.000734969
0.417558 0.440444 9.9982E-05 9.9982E-05 0.134891 0.00690666
0.383752 0.527484 9.9982E-05 9.9982E-05 0.0737119 0.0148518
0.19836 0.366366 9.9991E-05 0.294404 0.105515 0.0352545
0.392942 0.390569 9.9982E-05 0.0293836 0.186905 9.9982E-05
0.511563 0.29148 9.9973E-05 9.9973E-05 0.196657 9.9973E-05
0.215855 0.316703 9.9991E-05 0.339895 0.11986 0.00758667
0.258367 0.200801 0.017264 0.333232 0.190236 9.9991E-05
0.337343 0.359392 9.9991E-05 0.13774 0.162712 0.00271373
0.328795 0.462679 9.9982E-05 0.0813684 0.126958 9.9982E-05
0.169129 0.180581 9.9991E-05 0.469912 0.134577 0.0457015
0.286948 0.400269 9.9982E-05 0.136055 0.176528 9.9982E-05
0.391116 0.522339 9.9982E-05 9.9982E-05 0.0694115 0.0169333
0.13906 0.137323 0.0351294 0.555244 0.123347 0.00989649
0.239276 0.24805 9.9982E-05 0.298717 0.213756 9.9982E-05
0.325838 0.0128137 0.0250664 0.423589 0.200373 0.0123198
0.16982 9.9982E-05 9.9982E-05 0.564476 0.250362 0.0151418
0.158952 0.0722001 9.9991E-05 0.506948 0.230737 0.0310631
0.212046 0.0694854 9.9991E-05 0.452003 0.260057 0.00630838
0.390235 9.9982E-05 0.0643865 0.350577 0.194602 9.9982E-05
0.231056 9.9991E-05 0.0735661 0.507465 0.166812 0.021001
0.238108 0.0298991 9.9991E-05 0.47103 0.209645 0.0512175
0.238398 0.178873 9.9991E-05 0.270524 0.271143 0.040961
0.196142 0.139693 0.169297 0.377689 0.109202 0.00797653
0.215557 0.0669477 0.0521987 0.535904 0.129292 9.9991E-05
0.153638 0.0781081 0.0230079 0.548689 0.160588 0.0359691
0.123582 0.0778822 0.0889767 0.556355 0.153104 9.9991E-05
0.293882 0.0109818 9.9991E-05 0.44603 0.213315 0.0356914
0.223398 0.0154013 9.9991E-05 0.544383 0.179827 0.0368911
0.398257 0.263096 9.9982E-05 0.0115348 0.326912 9.9982E-05
0.172463 0.0371107 0.0223429 0.562871 0.180528 0.024684
0.340296 0.167832 9.9991E-05 0.157337 0.308353 0.0260822
0.780426 9.9982E-05 0.177391 9.9982E-05 0.00578026 0.036203
0.0597005 0.0142927 0.79337 0.102226 0.0303107 9.9991E-05
9.996E-05 9.996E-05 0.9995 9.996E-05 9.996E-05 9.996E-05
9.996E-05 9.996E-05 0.9995 9.996E-05 9.996E-05 9.996E-05
9.9973E-05 9.9973E-05 0.972768 0.0146784 0.012254 9.9973E-05
9.9973E-05 9.9973E-05 0.974244 9.9973E-05 0.0155783 0.00987757
9.9973E-05 9.9973E-05 0.955471 0.038444 9.9973E-05 0.00578486
9.9964E-05 9.9964E-05 0.985958 9.9964E-05 9.9964E-05 0.0136419
0.150389 9.9964E-05 0.849212 9.9964E-05 9.9964E-05 9.9964E-05
0.863582 0.00295279 0.069393 0.0111047 9.9991E-05 0.0528673
0.779747 9.9982E-05 0.140861 0.0546437 9.9982E-05 0.0245487
0.866593 0.0303676 0.0264044 0.0278109 9.9991E-05 0.0487237
0.879965 0.013197 0.0542594 0.0418482 9.9991E-05 0.0106302
0.853712 9.99858E-05 0.0894149 0.0129656 9.99858E-05 0.0437076
0.906182 9.9982E-05 0.0177758 0.0473251 9.9982E-05 0.0285168
0.718175 9.9991E-05 0.0206741 0.135822 0.0852721 0.0399571
0.88204 9.9973E-05 9.9973E-05 0.0815648 9.9973E-05 0.0360952
0.705888 9.9991E-05 0.0762672 0.116318 0.0606819 0.0407454
0.861892 9.9982E-05 9.9982E-05 0.0180276 0.056081 0.063799
0.946845 9.9964E-05 9.9964E-05 9.9964E-05 9.9964E-05 0.0527551
0.826487 9.9991E-05 0.0379562 0.0410062 0.0258214 0.0686293
0.95032 9.9964E-05 9.9964E-05 9.9964E-05 9.9964E-05 0.0492801
0.898102 9.9973E-05 9.9973E-05 0.0229685 9.9973E-05 0.0786295
0.884899 9.9982E-05 9.9982E-05 0.0707166 0.00476358 0.0394205
0.897809 9.9982E-05 9.9982E-05 0.0505428 0.00977556 0.0416728
0.876309 9.9982E-05 9.9982E-05 0.0670087 0.0562734 0.000208521
0.833643 9.9982E-05 9.9982E-05 0.112716 0.0469373 0.00650391
0.828161 9.9982E-05 9.9982E-05 0.0944646 0.0572557 0.0199186
0.158169 0.273356 0.137221 0.41315 9.9991E-05 0.0180044
0.137099 0.13732 0.00851472 0.715109 9.9991E-05 0.00185801
0.122511 0.0855612 0.0762742 0.607951 0.0886031 0.0190993
0.127335 0.743158 9.9991E-05 0.0917486 0.0368131 0.000845539
0.175977 0.186994 0.101431 0.535398 9.9982E-05 9.9982E-05
0.191477 0.722031 9.9982E-05 0.0576783 0.028614 9.9982E-05
0.0816005 0.216837 9.9982E-05 0.638585 0.0627768 9.9982E-05
0.195835 0.241217 0.108815 0.453932 9.9982E-05 9.9982E-05
0.185547 0.188405 0.0689567 0.528356 9.9991E-05 0.0286356
0.063899 0.180868 0.121611 0.619634 9.9991E-05 0.0138872
0.162333 0.206631 0.112317 0.518519 9.9982E-05 9.9982E-05
0.0756684 0.13573 9.9991E-05 0.734322 0.0379585 0.0162213
0.127524 0.197594 0.0639771 0.558858 0.017499 0.0345477
9.9982E-05 0.429184 0.45689 0.0103456 0.10338 9.9982E-05
0.169248 0.829134 9.9973E-05 0.0013188 9.9973E-05 9.9973E-05
0.16615 0.63816 9.9982E-05 0.177164 0.0183257 9.9982E-05
0.162163 0.135255 0.0353376 0.630905 0.0224681 0.0138717
0.120963 0.325084 9.9991E-05 0.498305 0.0479394 0.00760839
0.152185 0.204276 9.9973E-05 0.643239 9.9973E-05 9.9973E-05
0.0532117 0.144801 0.0434073 0.630819 0.100138 0.0276228
0.215001 0.00251647 0.0982337 0.478705 0.16429 0.0412543
0.211486 0.0178424 0.0265682 0.518953 0.208908 0.0162424
0.372184 0.0590821 0.218907 0.174983 0.147466 0.0273768
0.150656 0.024715 0.123676 0.627728 0.0568031 0.016421
0.203201 0.0242298 0.176513 0.467871 0.0978662 0.0303188
0.425396 0.384072 9.9973E-05 9.9973E-05 0.190232 9.9973E-05
0.281546 0.196465 9.9991E-05 0.283709 0.210677 0.0275032
0.334711 0.0714775 0.0680253 0.312326 0.145758 0.0677019
0.297934 0.0297316 0.151598 0.38347 0.1243 0.0129661
0.129754 0.0975166 0.101054 0.509902 0.161674 9.9991E-05
0.191314 0.0360707 0.0697819 0.531292 0.144666 0.0268752
0.175777 0.0258275 0.0105936 0.653139 0.0895379 0.0451244
0.151457 0.157973 0.0593674 0.403476 0.195689 0.032038
0.444727 0.0467011 0.0798953 0.221654 0.147714 0.0593087
