0.0275737 0.0141721 0.925367 9.9982E-05 0.0326875 9.9982E-05
0.00396903 9.9973E-05 0.98269 9.9973E-05 9.9973E-05 0.0130409
0.0343578 0.0241228 0.888796 9.9991E-05 0.0120015 0.0406221
0.136973 0.0203355 0.842392 9.9973E-05 9.9973E-05 9.9973E-05
0.0826719 9.9964E-05 0.916928 9.9964E-05 9.9964E-05 9.9964E-05
0.0377645 0.0498633 0.662554 0.140239 0.0577518 0.0518282
0.0101158 0.0263264 0.809088 0.132789 0.00116534 0.0205156
0.0166349 0.092166 0.719612 0.136125 0.0353622 9.9991E-05
9.99729E-05 0.16411 0.8215 0.0140899 9.99729E-05 9.99729E-05
0.0449905 0.062779 0.748779 0.125622 0.0175747 0.000254702
0.107183 0.0496739 0.758006 0.0849377 9.9982E-05 9.9982E-05
0.226769 0.479656 0.0644242 0.0615352 0.0211628 0.146453
0.569623 0.260222 0.0730147 0.00157467 0.0279588 0.067607
0.326299 0.495807 9.9991E-05 0.0540041 0.0612657 0.0625241
0.303925 0.448385 0.0669426 0.00181771 0.100816 0.0781131
0.435669 0.301427 0.0838011 0.0194199 0.128036 0.0316466
0.632305 0.171655 0.0287813 0.0685104 0.045657 0.0530917
0.479785 0.281555 0.0114481 0.0691117 0.0552229 0.102877
0.291244 0.415488 0.107521 0.0961835 0.062 0.0275626
0.0704549 0.684869 0.00620832 0.124834 9.9991E-05 0.113533
0.423972 0.31549 9.9991E-05 0.111295 0.0415075 0.107635
0.447047 0.130315 0.0293792 0.237998 0.0650354 0.0902251
0.5368 0.203069 0.0277972 0.00455196 0.0355244 0.192257
0.266131 0.416088 0.0730618 0.0977499 0.0306111 0.116358
0.657303 0.0957615 0.0928817 0.0933961 0.0605577 9.9991E-05
0.562477 0.270916 0.0406716 0.0171433 0.0181014 0.0906907
0.249095 0.50247 0.0625384 0.0584157 0.0170378 0.110443
0.254435 0.439476 0.0328703 0.0776039 0.0939283 0.101686
0.253928 0.498265 0.0260643 0.143429 9.9991E-05 0.0782137
0.0876849 9.9973E-05 0.89654 9.9973E-05 0.0154752 9.9973E-05
0.126096 9.9964E-05 0.873505 9.9964E-05 9.9964E-05 9.9964E-05
0.0796437 0.0105774 0.821963 9.9982E-05 0.0876163 9.9982E-05
0.158264 9.9982E-05 0.734066 9.9982E-05 0.0969619 0.0105078
0.511022 0.0718278 0.10054 0.0924427 9.9991E-05 0.224067
0.507178 0.0936725 0.0681196 0.0122616 0.055828 0.26294
0.498299 9.9991E-05 0.00775997 0.068452 0.03668 0.388709
0.223046 0.645494 0.0351548 9.9982E-05 9.9982E-05 0.0961049
0.223161 9.9982E-05 9.9982E-05 0.173748 0.0152342 0.587657
0.506855 0.12039 0.0955051 9.9991E-05 0.0449348 0.232215
0.671488 0.0315388 0.0318289 0.0564417 9.9991E-05 0.208603
0.541833 0.0533805 0.148784 0.164199 9.9991E-05 0.091704
0.608 0.0940601 0.0819681 0.105786 0.0140891 0.0960963
0.106967 0.211154 0.0249267 9.9982E-05 9.9982E-05 0.656752
0.656412 0.0319466 0.0576209 0.232353 0.0215668 9.9991E-05
0.577707 0.0332167 0.0572369 0.0649735 0.0485226 0.218343
0.588316 0.0390366 0.126326 0.099824 0.0109222 0.135575
0.310811 9.9973E-05 9.9973E-05 0.13086 9.9973E-05 0.558029
0.594477 0.0223354 0.102941 9.9991E-05 0.0139784 0.266168
0.559751 0.0470365 0.128053 0.0438975 0.0396013 0.181661
9.9973E-05 0.00545252 9.9973E-05 0.433949 9.9973E-05 0.560298
0.170638 0.593066 9.9982E-05 0.141025 9.9982E-05 0.0950703
0.194753 0.285652 9.9991E-05 0.372381 0.0383408 0.108774
0.589584 0.177226 0.0518374 0.1178 0.0594697 0.00408274
0.599618 0.115027 0.0940128 0.0753983 0.0478695 0.0680746
0.62873 0.0738641 0.102788 0.0605759 0.0595494 0.074493
0.224232 0.50385 0.112263 0.0443651 9.9991E-05 0.11519
0.566359 0.364535 0.0193566 9.9991E-05 0.00825495 0.0413941
0.624166 0.161644 0.0726447 0.012484 0.0200581 0.109003
0.452625 0.257934 0.107757 0.102297 0.000746182 0.0786403
0.158785 0.481408 0.147646 0.12697 9.9991E-05 0.0850908
0.596454 0.168294 0.0849416 0.0968515 9.9991E-05 0.0533591
0.465889 0.298238 0.0556293 0.0428742 0.0490099 0.0883593
0.107173 0.577961 0.0693403 0.125792 9.9991E-05 0.119634
0.444411 0.387485 9.9982E-05 0.0418324 9.9982E-05 0.126072
0.586536 0.124337 0.0272801 0.137246 0.0496634 0.0749378
0.645008 0.186371 0.0906168 0.048896 9.9991E-05 0.0290077
0.287115 0.390391 0.0810498 0.0896258 0.0344718 0.117347
0.490269 0.21833 0.0554557 0.0777531 0.0660184 0.0921743
0.554418 0.13884 0.0333316 0.0770506 0.0579282 0.138431
0.231599 0.515943 0.0272969 0.0983429 9.9991E-05 0.126718
0.457945 9.9973E-05 0.0303875 9.9973E-05 9.9973E-05 0.511367
0.133052 0.0765489 0.0132692 9.9991E-05 0.0179345 0.759095
0.503774 0.0458416 0.102329 0.0394261 0.0804321 0.228197
9.9964E-05 9.9964E-05 9.9964E-05 0.205686 9.9964E-05 0.793914
9.9964E-05 9.9964E-05 9.9964E-05 0.170611 9.9964E-05 0.828989
0.212226 9.9982E-05 9.9982E-05 0.114315 0.0062532 0.667005
0.459867 0.0647497 0.0265039 9.9982E-05 9.9982E-05 0.448679
0.579312 0.0510106 0.0738406 0.0699047 0.0718097 0.154122
0.435141 9.9982E-05 9.9982E-05 0.0227189 0.0423542 0.499586
0.115391 0.195398 0.0427832 9.9982E-05 9.9982E-05 0.646228
0.259704 0.145139 0.0114904 9.9982E-05 9.9982E-05 0.583467
0.486673 0.059634 0.0952993 9.9991E-05 0.0270835 0.33121
0.300504 0.0851918 0.0208337 9.9991E-05 0.0143195 0.579051
0.432955 0.0918485 0.0381159 9.9982E-05 9.9982E-05 0.436881
0.451582 9.9982E-05 0.00233939 0.128328 9.9982E-05 0.41755
9.9964E-05 9.9964E-05 9.9964E-05 0.364579 9.9964E-05 0.635021
0.528359 0.0136546 0.017206 0.0622432 0.0588059 0.319731
0.0863325 0.0597322 0.853635 9.9973E-05 9.9973E-05 9.9973E-05
0.0682905 9.9973E-05 0.928246 9.9973E-05 0.0031631 9.9973E-05
0.112282 9.9973E-05 0.857267 9.9973E-05 0.0301516 9.9973E-05
0.0335549 9.9973E-05 0.93268 9.9973E-05 0.0334655 9.9973E-05
9.9973E-05 9.9973E-05 0.959244 9.9973E-05 0.0332735 0.00718269
0.091327 9.9973E-05 0.870357 9.9973E-05 0.0380161 9.9973E-05
0.0830009 9.9964E-05 0.916599 9.9964E-05 9.9964E-05 9.9964E-05
0.515307 0.0889915 0.0869766 0.0144707 0.0716642 0.22259
0.576394 0.0254525 0.118843 0.0734789 0.0140902 0.191742
0.0121164 0.223849 0.041747 0.0247044 9.9991E-05 0.697483
0.546435 0.078162 0.125626 0.00168075 0.0154573 0.232639
0.362431 0.104401 0.0502621 9.9982E-05 9.9982E-05 0.482705
0.493476 0.0345692 0.0549539 0.001102 0.00828339 0.407615
0.54642 0.0317901 0.0186862 0.0949118 0.0119374 0.296255
0.486723 9.9991E-05 0.0202714 0.0851233 0.0476866 0.360096
9.9973E-05 0.285007 0.0267774 9.9973E-05 9.9973E-05 0.687916
0.459492 0.105556 0.123579 0.0405784 0.0160204 0.254774
0.625114 0.0654951 0.0826314 0.0173332 0.00461621 0.20481
0.588875 0.0785557 0.119049 9.9991E-05 0.0417758 0.171645
0.226433 0.0150776 9.9991E-05 0.22718 0.00767802 0.523532
0.427315 9.9982E-05 9.9982E-05 0.0884701 0.0364487 0.447567
0.433072 0.147807 0.0165249 9.9982E-05 9.9982E-05 0.402397
0.377021 9.9973E-05 9.9973E-05 0.123381 9.9973E-05 0.499299
0.407631 0.141661 0.038085 9.9982E-05 9.9982E-05 0.412424
0.495233 0.0781043 0.123912 0.0253938 0.0508344 0.226522
0.308806 0.408358 9.9982E-05 0.228434 0.0542018 9.9982E-05
0.452874 0.380604 0.0734271 0.0928951 9.9982E-05 9.9982E-05
0.567129 0.164623 0.0976389 0.0543322 0.0615375 0.0547399
0.586375 0.0995307 0.114945 0.0848441 0.0212183 0.0930871
0.491768 0.385956 0.0311594 0.00745274 0.00441399 0.07925
0.623041 0.248348 0.0380387 0.0647426 9.9991E-05 0.0257301
0.49639 0.40743 0.0383886 0.0512778 9.9991E-05 0.00641304
0.538533 0.205996 0.067739 0.121165 0.0233928 0.0431755
0.604958 0.212551 0.0603986 0.0476185 0.0572354 0.0172382
0.569536 0.300805 0.0465069 0.0701192 9.9991E-05 0.0129338
0.565484 0.304696 0.0448568 0.0350284 9.9991E-05 0.0498352
0.692462 0.103633 0.0518661 0.107477 0.0444627 9.9991E-05
0.63953 0.130408 0.104667 0.106956 0.0183391 9.9991E-05
0.615636 0.202118 0.00694764 0.123693 0.0429924 0.00861307
0.573421 0.139368 0.0795902 0.135349 0.070194 0.00207765
0.591738 0.199254 9.9991E-05 0.114622 0.0541224 0.0401639
0.327988 0.265118 0.0520709 0.294501 0.0602227 9.9991E-05
0.629 0.144699 0.055431 0.0630438 0.0533692 0.0544577
0.681128 0.15845 9.9982E-05 0.115803 0.0444184 9.9982E-05
0.254959 0.558629 0.034433 0.0343279 9.9991E-05 0.117551
0.206579 0.322155 9.9991E-05 0.384218 0.0329514 0.0539967
0.576371 0.239657 0.0420796 0.0929789 0.00450388 0.0444098
0.10693 0.341183 9.9982E-05 0.452092 9.9982E-05 0.0995954
0.36238 0.520598 0.00811478 0.0135454 9.9991E-05 0.0952613
0.464004 0.444126 9.9973E-05 9.9973E-05 9.9973E-05 0.0915708
0.362461 0.463208 0.0367213 9.9982E-05 9.9982E-05 0.13741
0.363135 0.549875 9.9982E-05 0.0332008 9.9982E-05 0.0535891
0.583536 0.198281 0.0686002 0.086876 0.0137439 0.048963
0.520859 0.146445 0.0720015 0.0980775 0.101114 0.0615038
0.614775 0.218837 0.0460842 0.0486573 0.0263642 0.0452821
0.209991 0.383333 9.9991E-05 0.318888 0.0137393 0.0739488
0.48622 0.114421 0.140547 0.0948846 0.0463254 0.117602
0.521011 0.0656149 0.0692198 0.27833 0.0304963 0.0353275
9.9982E-05 0.0540542 0.120787 0.739728 9.9982E-05 0.0852308
0.690186 0.0409275 0.08532 0.155849 9.9991E-05 0.0276177
0.289211 0.0687555 0.0742277 0.416103 0.050122 0.101581
0.564808 0.0516917 0.0923771 0.246021 0.0163008 0.0288018
0.297842 0.115813 0.0684226 0.51411 9.9991E-05 0.00371238
0.12411 0.175726 0.0419906 0.598614 9.9991E-05 0.0594603
0.392645 0.117339 0.0387669 0.306701 0.015182 0.129366
0.494156 0.138148 0.0772765 0.156506 0.0423381 0.0915755
0.469708 0.128785 0.136878 0.142462 0.0534328 0.0687333
0.109355 0.124477 0.0265021 0.497475 0.0883205 0.153871
0.512754 0.0834621 0.100037 0.160018 0.0947162 0.0490125
0.36356 0.14074 9.9982E-05 0.459746 9.9982E-05 0.0357544
0.477804 0.0870475 9.9982E-05 0.3408 9.9982E-05 0.0941485
0.6028 0.048723 0.144612 0.171461 0.0121231 0.0202805
0.124374 9.9982E-05 0.384462 0.227531 0.263433 9.9982E-05
9.9973E-05 9.9973E-05 0.475358 0.392248 0.132093 9.9973E-05
9.9973E-05 9.9973E-05 0.457552 0.422129 0.120019 9.9973E-05
0.0937872 9.9982E-05 0.362488 0.278309 0.265215 9.9982E-05
0.629225 0.0293564 9.9982E-05 0.259599 9.9982E-05 0.081619
0.647327 0.0725187 0.0732447 0.100551 0.029904 0.076455
0.326463 0.0126448 9.9973E-05 9.9973E-05 0.660592 9.9973E-05
0.408852 0.127861 0.00401175 9.9982E-05 0.459075 9.9982E-05
0.410685 0.082287 0.0699441 0.0276737 0.391334 0.0180754
0.309993 0.0663585 9.9991E-05 0.547369 0.0178391 0.0583407
0.487847 0.104453 0.117382 0.165186 0.0342363 0.0908947
0.293835 0.0665454 9.9973E-05 0.639319 9.9973E-05 9.9973E-05
0.641173 9.9982E-05 0.0572761 0.293826 9.9982E-05 0.00752506
0.529779 0.0513979 0.0334409 0.369383 9.9991E-05 0.0158987
0.605449 9.9982E-05 0.00975341 0.373296 9.9982E-05 0.0113017
0.244897 0.0426896 9.9982E-05 0.668892 9.9982E-05 0.0433211
0.659819 0.0132981 0.0482327 0.184375 0.0248025 0.069473
0.636785 0.0674793 0.093153 0.197404 9.9991E-05 0.00507862
0.0394595 9.9973E-05 9.9973E-05 9.9973E-05 0.95212 0.00812017
0.0864421 0.029141 9.9982E-05 0.00245949 0.881757 9.9982E-05
0.28831 0.0645108 0.0738297 9.9991E-05 0.535807 0.0374423
0.364867 0.0271456 9.9973E-05 9.9973E-05 0.607688 9.9973E-05
0.162875 0.0449808 9.9982E-05 9.9982E-05 0.784802 0.00714239
9.996E-05 9.996E-05 9.996E-05 9.996E-05 0.9995 9.996E-05
9.9964E-05 0.0422328 9.9964E-05 9.9964E-05 0.957367 9.9964E-05
0.161374 9.9964E-05 9.9964E-05 9.9964E-05 0.838226 9.9964E-05
9.9964E-05 0.0483458 9.9964E-05 9.9964E-05 0.951254 9.9964E-05
9.996E-05 9.996E-05 9.996E-05 9.996E-05 0.9995 9.996E-05
9.996E-05 9.996E-05 9.996E-05 9.996E-05 0.9995 9.996E-05
0.213958 9.9973E-05 0.0346477 9.9973E-05 0.751094 9.9973E-05
0.0915887 0.0501602 0.0120583 9.9991E-05 0.811065 0.0350278
9.996E-05 9.996E-05 9.996E-05 9.996E-05 0.9995 9.996E-05
0.402829 0.0801327 0.0505476 0.075206 0.378175 0.0131094
0.245067 0.050935 0.0569798 9.9982E-05 0.646818 9.9982E-05
0.114655 0.0242818 0.0515267 9.9991E-05 0.801992 0.00744457
0.0604572 0.00440579 0.0126598 9.9991E-05 0.889349 0.0330279
9.996E-05 9.996E-05 9.996E-05 9.996E-05 0.9995 9.996E-05
0.0455421 9.9964E-05 9.9964E-05 9.9964E-05 0.954058 9.9964E-05
9.996E-05 9.996E-05 9.996E-05 9.996E-05 0.9995 9.996E-05
0.264426 0.0377858 0.0383713 0.0184217 0.603901 0.0370939
9.9964E-05 9.9964E-05 9.9964E-05 9.9964E-05 0.971932 0.0276679
9.9973E-05 9.9973E-05 0.284182 0.652868 0.0626491 9.9973E-05
0.375435 0.0638326 0.19327 0.273852 0.0935106 9.9991E-05
0.49418 9.9982E-05 0.179117 0.299998 0.0265052 9.9982E-05
0.217889 0.000506667 0.204379 0.502578 0.0745468 9.9991E-05
0.421965 0.0749515 0.134997 0.17027 0.118835 0.0789819
0.131935 9.9982E-05 0.248698 0.513431 0.105737 9.9982E-05
0.435668 0.0717367 0.175804 0.212614 0.0954972 0.00867965
0.337438 9.9982E-05 0.191521 0.379247 0.0915933 9.9982E-05
0.457362 9.9982E-05 0.191111 0.250355 0.100973 9.9982E-05
0.389672 9.9982E-05 0.202928 0.295137 0.112063 9.9982E-05
0.47563 0.0303413 0.191742 0.238138 0.0640495 9.9991E-05
0.0648894 0.0135518 0.896463 0.0248955 9.9982E-05 9.9982E-05
9.9973E-05 9.9973E-05 0.902164 9.9973E-05 0.0723053 0.0252311
0.0143502 0.0546164 0.930733 9.9973E-05 9.9973E-05 9.9973E-05
9.9982E-05 0.00054891 0.975431 0.00688023 9.9982E-05 0.0169395
0.043696 0.0530674 0.902937 9.9973E-05 9.9973E-05 9.9973E-05
0.0136834 9.9982E-05 0.975451 0.00666054 0.00400463 9.9982E-05
0.0710904 0.00585766 0.921798 9.9982E-05 0.00105425 9.9982E-05
9.9964E-05 0.0669861 0.932614 9.9964E-05 9.9964E-05 9.9964E-05
0.0184407 0.00499791 0.91948 9.9991E-05 0.0150462 0.0419354
0.0136569 0.030622 0.912056 0.0104857 0.0330795 9.9991E-05
9.9982E-05 0.297964 0.585533 0.087886 9.9982E-05 0.0284176
9.9982E-05 0.33765 0.607906 0.0436974 9.9982E-05 0.0105467
9.9982E-05 0.334765 0.544308 0.0945174 9.9982E-05 0.0262101
9.9982E-05 0.440954 0.447625 0.0902234 9.9982E-05 0.0209981
0.448425 0.108802 0.0733621 0.0185795 0.0151362 0.335695
0.497151 0.106425 0.0376839 0.0225253 0.0256315 0.310583
0.478665 0.167755 0.034321 9.9991E-05 0.0715551 0.247605
0.387978 0.285955 0.0224481 0.0261863 9.9991E-05 0.277333
0.224205 0.576411 9.9991E-05 0.0840269 0.0120005 0.103257
0.648925 0.041561 0.0654926 0.0370661 9.9991E-05 0.206856
0.579698 0.137005 9.9982E-05 9.9982E-05 0.0151567 0.26794
0.51817 0.0340786 9.9982E-05 0.143036 9.9982E-05 0.304515
0.377599 9.9973E-05 9.9973E-05 0.0720871 9.9973E-05 0.550014
0.669016 0.0433797 0.0543711 0.0807112 0.0236789 0.128843
0.415793 0.0783441 0.0145526 9.9982E-05 9.9982E-05 0.491111
9.9964E-05 9.9964E-05 9.9964E-05 0.24824 9.9964E-05 0.75136
0.615086 0.138033 0.0950665 0.0125673 9.9991E-05 0.139147
0.116183 9.9973E-05 9.9973E-05 0.231318 9.9973E-05 0.652199
0.499617 0.00165422 0.0171595 0.0575504 0.0270529 0.396966
0.105911 0.222002 9.9982E-05 9.9982E-05 0.00570726 0.666179
9.9982E-05 0.777836 0.142702 0.069481 9.9982E-05 0.00978131
0.0698796 0.741421 0.111203 0.0772968 9.9982E-05 9.9982E-05
0.026485 0.796011 0.103413 0.0406541 9.9991E-05 0.0333371
9.9973E-05 0.821304 0.123669 0.054727 9.9973E-05 9.9973E-05
0.0985506 0.794554 0.0565926 0.0491054 0.00109729 9.9991E-05
0.0809398 0.750991 0.0557554 0.0814266 0.030787 9.9991E-05
9.9973E-05 9.9973E-05 0.87717 9.9973E-05 0.0570675 0.0654626
0.106444 0.0446555 0.833418 9.99831E-05 9.99831E-05 0.0152829
0.172757 0.0274115 0.788505 0.00837174 0.00285505 9.9991E-05
9.9973E-05 9.9973E-05 0.847088 9.9973E-05 0.0802396 0.0723729
0.126017 0.0200198 0.787667 9.9991E-05 0.0495602 0.0166363
9.9973E-05 0.531245 0.409637 0.0588185 9.9973E-05 9.9973E-05
9.9973E-05 0.526395 0.4222 0.0511049 9.9973E-05 9.9973E-05
0.0118945 0.510642 0.435345 0.0360711 0.00594766 9.9991E-05
0.0987903 0.0218452 0.863671 9.9991E-05 0.00433019 0.0112637
9.9973E-05 0.546348 0.395161 0.0581911 9.9973E-05 9.9973E-05
0.277433 9.9982E-05 0.275251 0.132486 0.314631 9.9982E-05
0.545958 0.017799 0.18465 0.0681279 0.183365 9.9991E-05
0.595223 9.9973E-05 0.196736 9.9973E-05 0.207741 9.9973E-05
0.346043 9.9991E-05 0.287267 0.136308 0.225451 0.00483138
0.554894 0.0840751 0.175764 0.0691064 0.0976446 0.0185159
9.9973E-05 9.9973E-05 0.433165 0.275329 0.291206 9.9973E-05
0.453132 0.418072 0.0154943 0.073771 9.9991E-05 0.0394313
0.471576 0.238864 9.9982E-05 0.263323 9.9982E-05 0.026037
0.308862 0.552816 9.9982E-05 0.0419162 9.9982E-05 0.0962063
0.566902 0.202281 9.9982E-05 0.187484 9.9982E-05 0.043132
9.9973E-05 0.3608 9.9973E-05 0.590071 9.9973E-05 0.0488299
0.611966 0.196946 0.0595554 0.0515108 0.031207 0.0488147
0.586187 0.189499 0.00577276 0.179274 0.0235737 0.0156936
0.344938 0.457527 0.0523102 0.0724934 9.9991E-05 0.0726314
0.570295 0.14394 0.0842801 0.0587333 0.0471895 0.0955618
0.180363 0.345714 9.9982E-05 0.400612 9.9982E-05 0.073111
0.61162 0.159615 9.9982E-05 0.213635 9.9982E-05 0.01493
0.511857 0.357027 0.00959021 0.0341048 9.9991E-05 0.08732
0.391208 0.0959461 0.112203 0.187741 0.160221 0.0526805
0.366673 0.292188 9.9991E-05 0.256303 0.00126561 0.0834711
0.435598 0.252746 9.9991E-05 0.203406 0.0300166 0.078133
0.612116 0.217704 9.9982E-05 0.155388 0.0145917 9.9982E-05
0.588424 0.151054 9.9982E-05 0.166543 9.9982E-05 0.0937788
0.606204 0.0993251 0.0607949 0.0789668 0.0554087 0.099301
0.548277 0.13911 0.124478 0.106097 0.00841284 0.073625
0.585192 0.200841 0.0497964 0.0396984 0.0219687 0.102504
0.129745 9.9973E-05 0.84932 9.9973E-05 0.020635 9.9973E-05
0.116604 9.9964E-05 0.882996 9.9964E-05 9.9964E-05 9.9964E-05
0.0558756 0.0352622 0.889637 0.0190253 9.9982E-05 9.9982E-05
0.00663638 9.9982E-05 0.923168 9.9982E-05 0.0613689 0.00862686
0.0969449 0.00391364 0.898842 9.9973E-05 9.9973E-05 9.9973E-05
0.108546 0.626754 0.009028 0.0717654 0.0472064 0.1367
0.521897 0.206158 0.0364285 0.134239 0.0410189 0.0602573
0.400281 9.9991E-05 0.204407 0.166474 0.19456 0.0341786
0.615036 0.259039 0.0171366 0.00960019 0.0731764 0.0260122
0.502757 0.311953 0.0518837 9.9991E-05 0.0172225 0.116084
0.323907 0.303768 9.9982E-05 0.346788 9.9982E-05 0.0253374
0.0284343 0.784489 0.0501814 0.0760949 0.0097314 0.0510692
0.496363 0.359759 0.0691354 9.9991E-05 0.0134514 0.0611909
0.247844 0.621284 0.0227899 0.0306445 0.0593225 0.0181153
0.452794 0.232146 0.0476497 0.130945 0.0399151 0.0965501
0.183769 0.639006 0.0477559 0.104288 9.9991E-05 0.0250811
0.577318 0.255818 0.0680549 9.9991E-05 0.0377156 0.0609942
0.151226 0.570755 0.056263 0.0917384 0.0221586 0.107859
0.294698 0.335661 0.0206505 0.202377 0.0721188 0.0744948
0.568388 0.0343967 0.123054 0.222134 0.0143489 0.0376779
0.32996 0.114928 9.9982E-05 0.539499 9.9982E-05 0.0154137
0.574154 0.0371505 0.0307841 0.345892 9.9991E-05 0.0119195
0.580069 0.0703605 0.131534 0.201727 0.00681847 0.00949084
0.315405 0.063952 9.9982E-05 0.595133 9.9982E-05 0.02531
0.516723 0.0829335 0.088312 0.18444 0.0436759 0.0839165
0.55247 0.0671381 0.0488647 0.31883 9.9991E-05 0.012597
0.150086 0.0408521 9.9982E-05 0.714334 9.9982E-05 0.0945277
0.249888 0.0504222 9.9982E-05 0.672137 9.9982E-05 0.0273536
0.493694 0.0835317 0.0346216 0.376588 9.9991E-05 0.0114646
0.0841762 0.0846881 9.9982E-05 0.673374 9.9982E-05 0.157562
0.450952 0.1537 0.0137583 0.368805 9.9991E-05 0.0126851
0.151661 0.704115 9.9982E-05 9.9982E-05 0.0451671 0.0988568
0.209808 0.36239 9.9991E-05 0.301663 0.065897 0.0601416
0.409203 0.466328 0.0239864 9.9991E-05 0.0617779 0.038604
0.544983 0.258444 0.0396212 0.00924678 0.0701843 0.0775212
0.250387 0.582164 9.9982E-05 9.9982E-05 0.0309792 0.136271
0.551103 0.162209 0.0650296 0.0941338 0.0467576 0.0807671
0.559249 0.224814 0.0511553 0.0163984 0.0328025 0.115581
0.524886 0.246402 9.9991E-05 0.106796 0.0675949 0.0542207
0.488485 0.31561 9.9991E-05 0.060058 0.0795176 0.0562288
0.477964 0.432773 9.9982E-05 9.9982E-05 0.0452082 0.043855
0.313373 0.548834 9.9991E-05 0.0369791 0.000980845 0.0997333
0.444567 0.44339 9.9991E-05 0.0272976 0.0341898 0.0504558
0.627841 0.240353 9.9991E-05 0.0974781 0.0212166 0.0130117
0.59709 0.126053 0.0584804 0.108144 0.074948 0.0352848
0.320342 0.292438 0.0461671 0.171022 0.0736868 0.0963439
0.469987 0.238486 9.9991E-05 0.144219 0.103572 0.0436364
0.412773 0.492192 9.9991E-05 0.0320122 0.0367604 0.0261633
0.580115 0.248536 0.0407794 0.0659409 0.0381617 0.026467
0.436686 0.334282 0.0544048 9.9991E-05 0.0875438 0.0869841
0.568663 0.163662 0.0744871 0.0710443 0.0520859 0.0700579
0.461926 0.0550351 0.341182 0.0270174 0.114739 9.9991E-05
0.55128 0.0375987 0.159632 0.113681 0.137708 9.9991E-05
0.491888 0.0828361 0.179051 0.137907 0.108218 9.9991E-05
0.554185 0.0916731 0.130063 0.119796 0.0976469 0.00663626
0.41311 9.9991E-05 0.189075 0.184465 0.194604 0.0186472
0.534997 0.192936 9.9973E-05 0.271767 9.9973E-05 9.9973E-05
0.486791 0.0250977 0.151312 0.0823031 0.138873 0.115623
0.0319309 0.0881729 0.21673 0.422285 0.204337 0.0365441
0.611346 0.0670703 0.13489 0.111371 0.0752223 9.9991E-05
0.557054 0.0514883 0.173789 0.0794514 0.138117 9.9991E-05
0.561459 0.0349012 0.112007 0.100957 0.118383 0.0722927
0.305942 0.0594895 0.16262 0.309259 0.12206 0.0406302
0.636168 0.0821842 0.197582 9.9982E-05 0.0838662 9.9982E-05
0.552028 0.00528825 0.146425 0.15127 0.144888 9.9991E-05
9.9973E-05 9.9973E-05 0.4873 0.380647 0.131753 9.9973E-05
0.520223 0.0703546 0.205672 0.0288046 0.145074 0.029872
0.576015 9.9982E-05 0.195062 0.0925563 0.136167 9.9982E-05
0.631121 0.0204898 0.120464 0.130673 0.0903449 0.00690651
0.514192 9.9982E-05 0.204435 0.086719 0.194454 9.9982E-05
0.548292 0.0477061 0.227187 0.0586869 0.0832175 0.0349103
0.512829 0.0212865 0.0319444 0.326344 9.9991E-05 0.107496
0.509523 0.0873423 0.0508273 0.165983 0.0397561 0.146568
0.0123194 0.0871587 9.9982E-05 0.730908 9.9982E-05 0.169414
0.073561 0.10925 9.9982E-05 0.718593 9.9982E-05 0.0983961
0.530941 0.067124 0.0262189 0.291197 0.0282347 0.0562844
0.353976 9.9991E-05 0.169656 0.173063 0.298819 0.00438573
0.398383 9.9982E-05 0.146426 0.203244 0.251748 9.9982E-05
0.189143 9.9982E-05 0.139598 0.349109 0.32195 9.9982E-05
0.391884 9.9982E-05 0.156566 0.209055 0.242295 9.9982E-05
0.201448 0.0132642 0.0486478 0.699308 0.0372321 9.9991E-05
0.195597 0.0120183 0.0847024 0.615261 0.050404 0.0420172
0.602942 9.9982E-05 9.9982E-05 0.276619 0.041846 0.0783927
0.461126 9.9982E-05 0.0372402 0.389908 0.111526 9.9982E-05
0.294611 0.00517268 0.0421782 0.547042 0.0475486 0.0634478
0.586138 0.0556923 0.0539948 0.24445 0.0596251 9.9991E-05
0.640307 0.00979965 0.0148035 0.271862 0.0510695 0.0121585
0.54349 0.0732481 0.0543146 0.259013 0.0606263 0.00930731
0.401547 0.0332906 9.9982E-05 0.452223 9.9982E-05 0.112739
0.474721 0.078832 9.9982E-05 0.379766 9.9982E-05 0.0664809
0.586592 0.0926765 0.0263979 0.2129 9.9991E-05 0.0813339
0.511096 0.0979813 0.0335965 0.310995 0.00808496 0.038246
0.518519 0.10697 0.0513579 0.16941 0.0743979 0.0793457
0.536216 0.0111026 9.9982E-05 0.377051 9.9982E-05 0.0754303
0.276962 0.0413311 9.9982E-05 0.606585 9.9982E-05 0.0749213
0.688572 9.9991E-05 0.0104942 0.239878 0.00379719 0.0571581
0.233815 0.122031 9.9982E-05 0.535807 9.9982E-05 0.108147
0.518539 0.0305525 9.9982E-05 0.412646 9.9982E-05 0.0380625
0.568945 0.0437534 0.086824 0.240246 9.9991E-05 0.0601316
0.547725 0.0583628 0.0462116 0.235485 0.0216936 0.0905224
0.529649 0.0235835 0.192217 0.143752 0.109134 0.00166464
0.434876 0.0529868 0.147276 0.184311 0.104844 0.0757068
0.324872 9.9991E-05 0.192708 0.219106 0.254615 0.00859847
0.322986 9.9991E-05 0.196436 0.207798 0.225609 0.0470703
0.455565 0.0683492 0.190864 0.0488714 0.168966 0.0673842
0.477096 0.0253411 0.146748 0.183825 0.102978 0.0640119
0.0270813 9.9991E-05 0.134322 0.679866 0.143745 0.0148852
0.586711 9.9991E-05 0.0913094 0.155102 0.164028 0.0027504
9.9973E-05 9.9973E-05 0.318003 0.554465 0.127231 9.9973E-05
0.540916 9.9982E-05 0.0740721 0.244392 0.14042 9.9982E-05
0.214789 9.9973E-05 9.9973E-05 0.677197 9.9973E-05 0.107714
0.0185007 0.0377654 9.9982E-05 0.696995 9.9982E-05 0.246539
0.533106 0.0109049 9.9982E-05 0.358954 9.9982E-05 0.0968352
0.653181 0.00454708 9.9982E-05 0.278591 9.9982E-05 0.063481
0.510008 0.0117797 9.9982E-05 0.43163 9.9982E-05 0.0463819
0.600119 9.9973E-05 9.9973E-05 0.272407 9.9973E-05 0.127174
0.608699 9.9973E-05 9.9973E-05 0.2877 9.9973E-05 0.103301
0.00727188 0.0654955 0.895727 0.00680423 0.00813603 0.0165649
0.0392278 0.0709368 0.751923 0.0708857 0.0669263 9.9991E-05
0.00679457 0.0250211 0.940398 9.9982E-05 0.0275862 9.9982E-05
0.0326408 9.9973E-05 0.9466 0.0204588 9.9973E-05 9.9973E-05
0.478197 9.9991E-05 0.0434652 0.0240152 0.0553793 0.398844
0.489515 0.0595841 0.0552965 0.00672206 0.0370786 0.351803
0.488888 0.0508047 0.0175817 9.9982E-05 9.9982E-05 0.442526
0.585011 0.0885487 0.0893356 0.00573893 9.9991E-05 0.231266
0.56286 0.113216 0.108613 0.117477 0.0158816 0.0819522
0.265447 0.101445 0.0461269 9.9982E-05 9.9982E-05 0.586781
0.641726 9.9973E-05 0.00372177 9.9973E-05 9.9973E-05 0.354252
0.267198 9.9973E-05 9.9973E-05 0.170223 9.9973E-05 0.562278
0.407875 0.107377 0.308577 0.0158418 0.15162 0.0087094
0.393079 9.9982E-05 9.9982E-05 0.155351 0.0235969 0.427773
0.318033 0.0805878 0.00332217 9.9982E-05 9.9982E-05 0.597857
0.516056 9.9982E-05 0.0156721 0.0807791 9.9982E-05 0.387293
0.362317 0.108775 9.9982E-05 9.9982E-05 0.0283699 0.500338
0.559722 9.9982E-05 9.9982E-05 0.0298208 0.0181019 0.392156
0.493903 9.9973E-05 0.0910783 9.9973E-05 9.9973E-05 0.414719
9.9964E-05 9.9964E-05 9.9964E-05 0.19376 9.9964E-05 0.805841
0.290339 9.9982E-05 9.9982E-05 0.171979 0.00870131 0.528781
0.309041 9.9982E-05 9.9982E-05 0.0859185 0.0240377 0.580803
9.9964E-05 9.9964E-05 9.9964E-05 0.2558 9.9964E-05 0.7438
0.368211 0.10873 0.0741164 9.9982E-05 9.9982E-05 0.448743
0.0427537 9.9973E-05 9.9973E-05 0.339881 9.9973E-05 0.617066
9.9964E-05 9.9964E-05 9.9964E-05 0.264114 9.9964E-05 0.735486
0.612038 9.9982E-05 0.0438859 0.0470717 9.9982E-05 0.296805
0.146601 0.193593 0.0258524 9.9982E-05 9.9982E-05 0.633754
0.457621 0.114622 0.0170786 9.9982E-05 9.9982E-05 0.410478
0.543117 0.0310696 0.12994 0.0548063 0.0585222 0.182544
0.464481 0.047476 0.0561571 9.9991E-05 0.0185944 0.413192
0.417329 0.293973 9.9991E-05 0.2485 0.00723855 0.0328595
0.506092 0.0731592 0.041033 9.9991E-05 0.0186839 0.360932
0.505022 0.0649816 0.0384915 9.9982E-05 9.9982E-05 0.391305
0.285911 0.0147924 9.9982E-05 0.111948 9.9982E-05 0.587149
0.508167 0.0603272 0.115215 0.0296133 0.0120658 0.274613
9.9973E-05 0.295413 0.654611 0.049676 9.9973E-05 9.9973E-05
9.9982E-05 0.155711 0.765766 0.0396944 9.9982E-05 0.0386283
9.9973E-05 0.151401 0.839327 0.0089714 9.9973E-05 9.9973E-05
9.9973E-05 0.163721 0.832966 0.00301289 9.9973E-05 9.9973E-05
0.0357857 0.165698 0.737523 0.0446291 9.9991E-05 0.0162643
0.0853402 0.1565 0.0607571 9.9982E-05 9.9982E-05 0.697203
0.107172 0.118029 0.0535795 9.9982E-05 9.9982E-05 0.72102
0.0953919 9.9982E-05 9.9982E-05 0.0827947 0.0444026 0.777211
0.549633 0.0648477 0.111157 0.0776 0.0597039 0.137058
0.570099 0.0143817 0.132422 0.0934071 0.0107431 0.178946
0.196991 9.9991E-05 0.00490713 0.118352 0.0399246 0.639725
0.60218 9.9991E-05 0.0335866 0.047855 0.0422437 0.274035
0.387111 9.9991E-05 0.0446922 0.0976283 0.0265146 0.443954
0.501774 0.0538609 0.0718396 9.9982E-05 9.9982E-05 0.372325
0.530959 0.0280951 0.044567 0.00806662 0.0581369 0.330175
0.168393 0.145836 9.9982E-05 9.9982E-05 0.00531556 0.680256
0.272675 0.104134 9.9973E-05 9.9973E-05 9.9973E-05 0.62289
0.311299 0.109529 0.0242558 9.9982E-05 9.9982E-05 0.554717
0.677535 0.0564045 0.0916248 0.164825 0.00951071 9.9991E-05
0.340806 0.0926751 0.0383135 9.9982E-05 9.9982E-05 0.528005
0.351041 0.0808441 0.0389744 9.9991E-05 0.0278144 0.501227
0.470783 0.0359535 0.120706 0.059456 0.308562 0.00453923
0.349176 9.9982E-05 0.143667 0.0981331 0.408824 9.9982E-05
0.459198 9.9982E-05 0.110922 0.0320252 0.397656 9.9982E-05
0.288358 9.9982E-05 0.156426 0.0714766 0.483539 9.9982E-05
0.511138 0.0186752 0.132431 0.103056 0.2346 9.9991E-05
0.541427 9.9982E-05 0.0586156 0.24918 9.9982E-05 0.150578
0.00390684 9.9982E-05 0.261233 0.0922578 0.642402 9.9982E-05
0.293441 0.000884421 0.164009 0.0587352 0.48283 9.9991E-05
0.375803 9.9991E-05 0.201541 0.232882 0.129156 0.060517
0.545558 0.0647042 0.151389 0.210283 9.9991E-05 0.0279661
0.518518 0.0770182 0.128037 0.276227 9.9982E-05 9.9982E-05
0.595184 0.0727649 0.141088 0.141207 9.9991E-05 0.0496554
0.607935 0.0619294 0.126303 0.136623 0.0321197 0.035089
0.394899 9.9973E-05 0.195647 9.9973E-05 0.409154 9.9973E-05
0.460118 0.0591129 0.123206 0.0483058 0.309157 9.9991E-05
0.404571 9.9973E-05 0.104813 9.9973E-05 0.490316 9.9973E-05
0.473668 0.0335801 0.127897 0.0617404 0.244799 0.0583143
0.236598 0.0389804 0.146538 0.0833975 0.468369 0.0261169
0.408251 9.9991E-05 0.123257 0.0657469 0.351037 0.0516088
0.242337 0.0442254 0.0873751 0.0775391 0.548423 9.9991E-05
0.386727 0.0698028 0.0919562 0.0739141 0.341638 0.0359614
0.507835 0.000657916 0.114172 0.311693 9.9991E-05 0.0655428
0.372773 0.037341 0.189973 0.0504613 0.340327 0.00912488
0.149658 9.9982E-05 0.224905 0.0364077 0.58883 9.9982E-05
0.403127 0.0620765 0.0968203 0.0754711 0.342612 0.0198932
0.323692 0.121141 0.184272 0.287136 9.9991E-05 0.0836586
0.64396 9.9973E-05 0.0699478 0.285793 9.9973E-05 9.9973E-05
0.410736 0.0269016 0.174648 0.0466818 0.340933 9.9991E-05
0.520603 0.14692 0.162565 0.147127 0.00697792 0.0158063
0.501099 0.10194 0.148383 0.237318 9.9991E-05 0.01116
0.392264 9.9991E-05 0.21863 0.187937 0.163295 0.0377738
0.418755 9.9982E-05 0.230813 0.118731 0.231501 9.9982E-05
0.604993 0.0789788 0.0921797 0.121486 0.057377 0.044986
0.417126 0.0421748 0.141946 0.018985 0.340302 0.0394665
0.442088 0.0363549 0.112259 0.000872529 0.408326 9.9991E-05
0.153365 9.9982E-05 0.195085 0.0443984 0.606951 9.9982E-05
0.653415 0.0513766 0.140225 0.0828598 0.0529615 0.0191617
0.424144 0.0715163 0.153019 0.292036 9.9991E-05 0.0591845
0.189734 9.9973E-05 0.0947268 0.715239 9.9973E-05 9.9973E-05
0.549724 0.0443806 0.12881 0.14163 0.0675294 0.0679259
0.439289 0.133682 0.0857823 0.301237 0.0211047 0.018905
0.458277 9.9991E-05 0.188125 0.193301 0.153357 0.00684029
0.531231 0.0296061 0.161953 0.180525 0.0891908 0.00749389
9.9973E-05 9.9973E-05 0.377574 0.529139 0.0929866 9.9973E-05
9.9973E-05 9.9973E-05 0.33964 0.60319 0.0568707 9.9973E-05
0.337027 9.9982E-05 0.190516 0.391439 0.0808181 9.9982E-05
0.0349223 9.9982E-05 0.322838 0.458165 0.183875 9.9982E-05
9.9973E-05 9.9973E-05 0.448039 0.359708 0.191953 9.9973E-05
0.416433 9.9982E-05 0.208027 0.307148 0.0681918 9.9982E-05
0.347329 0.00534669 0.270699 0.199491 0.133604 0.0435307
0.140685 9.9982E-05 0.315191 0.399678 0.144246 9.9982E-05
0.103616 9.9982E-05 0.248868 0.516539 0.130777 9.9982E-05
0.499576 9.9991E-05 0.15687 0.185864 0.104425 0.0531659
0.187213 9.9982E-05 0.223166 0.468407 0.121014 9.9982E-05
9.9973E-05 9.9973E-05 0.361323 0.585258 0.0531197 9.9973E-05
0.525742 0.0815607 0.114278 0.115531 0.0971771 0.0657111
0.343631 9.9982E-05 0.223392 0.265006 0.167771 9.9982E-05
0.393495 0.00306129 0.309196 0.0637691 0.167627 0.0628521
0.598692 9.9982E-05 0.193266 9.9982E-05 0.180997 0.026844
0.60791 9.9982E-05 0.159679 0.0866976 0.145514 9.9982E-05
0.500869 0.0204107 0.194087 0.0696453 0.214888 9.9991E-05
0.32047 0.0467848 0.383217 0.0184962 0.194168 0.0368642
0.55034 9.9982E-05 0.255066 0.0521218 0.142272 9.9982E-05
0.508065 0.0154616 0.301906 0.00924667 0.143811 0.0215099
0.342615 0.015607 0.248188 0.185784 0.197654 0.0101527
0.300172 0.107381 0.196627 0.0292753 0.123927 0.242618
0.472153 0.053102 0.212368 0.0230918 0.12032 0.118965
0.520585 0.0772066 0.144361 0.0635581 0.162184 0.0321053
0.578958 0.0150968 0.161328 0.0305561 0.112653 0.101408
0.473722 0.0315014 0.282247 0.0300112 0.182419 9.9991E-05
0.488384 0.0174937 0.213775 0.0844867 0.182813 0.0130474
0.079318 9.9982E-05 0.370045 0.278963 0.271474 9.9982E-05
0.561915 0.107462 0.175836 0.0396536 0.115034 9.9991E-05
0.213562 9.9982E-05 0.291546 0.223888 0.270803 9.9982E-05
9.9982E-05 0.160241 0.820725 0.011034 0.00780039 9.9982E-05
0.154912 0.779146 0.0514989 9.9991E-05 0.00268196 0.0116614
9.996E-05 0.9995 9.996E-05 9.996E-05 9.996E-05 9.996E-05
9.996E-05 0.9995 9.996E-05 9.996E-05 9.996E-05 9.996E-05
0.0257397 0.97386 9.9964E-05 9.9964E-05 9.9964E-05 9.9964E-05
9.9964E-05 0.979844 9.9964E-05 9.9964E-05 0.0197565 9.9964E-05
0.0670198 0.93258 9.9964E-05 9.9964E-05 9.9964E-05 9.9964E-05
9.996E-05 0.9995 9.996E-05 9.996E-05 9.996E-05 9.996E-05
9.9964E-05 0.855601 0.143999 9.9964E-05 9.9964E-05 9.9964E-05
9.9973E-05 0.0699009 0.894438 9.9973E-05 9.9973E-05 0.0353616
0.0480753 0.167916 0.783709 9.9973E-05 9.9973E-05 9.9973E-05
0.0438045 0.0530018 0.889375 9.9982E-05 9.9982E-05 0.0136189
0.0358251 0.0832815 0.874767 0.00592609 9.9982E-05 9.9982E-05
9.9982E-05 0.0667724 0.881159 9.9982E-05 0.0157813 0.0360876
0.0612317 0.0227285 0.91574 9.9973E-05 9.9973E-05 9.9973E-05
0.14792 0.0275503 0.73766 0.0377849 0.0489845 9.9991E-05
0.0875694 9.9973E-05 0.903375 9.9973E-05 0.0087553 9.9973E-05
0.123277 0.0564799 0.72915 0.0462932 0.0446998 9.9991E-05
0.065779 9.9982E-05 0.920989 9.9982E-05 0.0094572 0.00357468
9.9964E-05 9.9964E-05 0.979048 0.0205519 9.9964E-05 9.9964E-05
0.0702281 0.0174398 0.900219 9.9991E-05 0.0105915 0.00142177
9.9982E-05 0.00850793 0.983072 0.00262195 9.9982E-05 0.00559791
0.0579454 9.9973E-05 0.941148 0.000607137 9.9973E-05 9.9973E-05
0.0816191 9.9982E-05 0.893338 9.9982E-05 0.0168202 0.00802259
0.0658229 9.9964E-05 0.933777 9.9964E-05 9.9964E-05 9.9964E-05
0.0757112 9.9973E-05 0.863312 9.9973E-05 0.0606765 9.9973E-05
0.139969 9.9973E-05 0.843604 9.9973E-05 0.016127 9.9973E-05
0.107783 9.9973E-05 0.81976 9.9973E-05 0.0721562 9.9973E-05
0.406989 0.0815808 0.149997 0.259938 9.9991E-05 0.101395
0.708229 0.0396549 0.0859579 0.165959 9.9982E-05 9.9982E-05
0.647532 0.0206578 0.163903 0.130621 0.0162865 0.0210001
0.137385 9.9982E-05 0.0928724 0.701785 9.9982E-05 0.0677576
0.519035 0.11926 0.114488 0.233371 9.9991E-05 0.0137458
0.108894 9.9982E-05 0.119323 0.770459 0.00112389 9.9982E-05
0.622662 9.9982E-05 0.112207 0.24476 0.0201702 9.9982E-05
0.392364 0.0933635 0.153954 0.251019 9.9991E-05 0.109198
0.538645 0.0492539 0.178773 0.233129 9.9982E-05 9.9982E-05
0.450301 0.0200156 0.0684795 9.9991E-05 0.0211343 0.43997
0.491431 0.132749 0.108028 0.212587 9.9991E-05 0.055106
0.681586 9.9982E-05 0.111069 0.193703 9.9982E-05 0.0134428
0.531863 0.118853 0.104189 0.244895 9.9982E-05 9.9982E-05
9.9982E-05 0.468102 9.9982E-05 0.317695 0.080347 0.133656
0.0163356 0.0160393 0.107294 0.860131 9.9982E-05 9.9982E-05
0.18362 9.9973E-05 0.0993419 0.716738 9.9973E-05 9.9973E-05
0.608744 0.0305806 0.160379 0.13903 0.00719933 0.0540665
0.524229 9.9973E-05 0.0954478 0.380023 9.9973E-05 9.9973E-05
0.624248 9.9982E-05 0.0633148 0.294872 9.9982E-05 0.0173657
0.656488 0.0272064 0.0874856 0.163621 0.0253997 0.0397995
0.467592 0.0481116 0.247661 0.0763397 0.1355 0.0247961
0.552825 0.0127846 0.218622 0.00545882 0.143755 0.0665544
0.170104 0.167649 0.390944 0.074293 0.144158 0.052851
0.59646 0.117833 0.147415 0.0687967 0.0468592 0.0226362
0.462355 0.14 0.224742 0.0900656 0.0827367 9.9991E-05
9.9973E-05 9.9973E-05 0.398915 0.415375 0.185411 9.9973E-05
0.295939 9.9982E-05 0.26992 0.224307 0.209634 9.9982E-05
0.336815 0.0557955 0.376224 0.119375 0.11169 9.9991E-05
0.432558 0.100732 0.332548 0.0586217 0.0754402 9.9991E-05
0.546686 0.0190947 0.17364 0.120037 0.0977664 0.0427757
0.521968 0.0679441 0.181257 0.0734646 0.0905928 0.0647738
0.58254 0.0858609 0.172738 0.0437613 0.0875715 0.0275286
0.420764 0.0207688 0.148497 0.18798 0.161821 0.0601692
0.231195 0.0453663 0.499381 0.0620771 0.116579 0.0454013
