0.000272681 0.0479328 0.0774812 9.9973E-05 0.0309095 0.809746 9.9973E-05 0.0333575 9.9973E-05
9.9964E-05 0.043729 0.0052904 9.9964E-05 9.9964E-05 0.870114 0.0312424 9.9964E-05 0.0492245
0.101601 0.069888 0.0281851 9.9973E-05 0.0173104 0.722872 9.9973E-05 0.059843 9.9973E-05
0.0476211 0.0423442 0.0733189 9.9973E-05 9.9973E-05 0.752316 9.9973E-05 0.0783575 0.00574254
0.0556055 9.9964E-05 0.053168 9.9964E-05 9.9964E-05 0.809373 9.9964E-05 0.040201 0.0412523
0.0816858 0.0229665 0.106051 0.149093 9.9982E-05 0.538422 0.0569887 0.044593 9.9982E-05
9.9964E-05 0.057185 9.9964E-05 0.0909123 0.0891774 0.745984 9.9964E-05 0.0163412 9.9964E-05
9.9964E-05 0.0296081 0.163255 0.120932 9.9964E-05 0.639989 9.9964E-05 0.0458162 9.9964E-05
9.99729E-05 0.0181498 0.00720405 0.0392467 0.0984997 0.807788 0.0288118 9.99729E-05 9.99729E-05
0.0324804 0.043465 0.0844912 9.9973E-05 9.9973E-05 0.63231 9.9973E-05 0.130295 0.0766589
0.0228053 9.99702E-05 0.155269 0.0942848 9.99702E-05 0.724107 9.99702E-05 0.00313301 9.99702E-05
0.162475 9.9955E-05 9.9955E-05 9.9955E-05 0.747896 9.9955E-05 0.0467981 0.0423311 9.9955E-05
0.526942 0.027233 0.0223324 0.0201592 0.402934 9.9964E-05 9.9964E-05 9.9964E-05 9.9964E-05
0.172482 9.9973E-05 9.9973E-05 0.0144642 0.661712 0.0257326 9.9973E-05 0.102712 0.0225972
0.21394 9.9955E-05 9.9955E-05 9.9955E-05 0.628322 0.0284689 9.9955E-05 0.128769 9.9955E-05
0.328665 0.00390855 9.9973E-05 0.116408 0.317151 0.126218 9.9973E-05 0.10735 9.9973E-05
0.514691 0.0420341 9.9964E-05 0.0350021 0.342054 9.9964E-05 9.9964E-05 0.0658183 9.9964E-05
0.319626 0.0253203 0.00548157 0.00735024 0.370325 9.9991E-05 0.162255 0.0928674 0.0166741
0.232342 0.00350136 9.9973E-05 9.9973E-05 0.558157 0.150002 0.0219509 0.0337468 9.9973E-05
9.9964E-05 9.9964E-05 0.0410804 0.00755114 0.888927 0.0474162 9.9964E-05 0.0146255 9.9964E-05
0.265086 0.0362836 9.9982E-05 0.0658087 0.322009 9.9982E-05 0.089488 0.124115 0.0970095
0.409785 0.0287468 0.0507997 0.046708 0.27385 0.0465901 0.0755422 0.0540266 0.0139513
0.559984 9.9964E-05 0.0640535 9.9964E-05 0.253858 0.0431158 9.9964E-05 9.9964E-05 0.0785887
0.166482 9.9964E-05 9.9964E-05 9.9964E-05 0.616712 0.0376339 0.0568228 0.121949 9.9964E-05
0.576882 9.9991E-05 0.00415697 0.0263038 0.0752281 0.143206 0.0448711 0.056954 0.0722982
0.473624 0.004414 9.9973E-05 0.0056549 0.34657 0.0126253 9.9973E-05 0.156812 9.9973E-05
0.0983959 0.0110986 9.9964E-05 9.9964E-05 0.781799 0.0418694 9.9964E-05 0.0664375 9.9964E-05
0.0464927 0.00767176 9.9964E-05 9.9964E-05 0.767648 0.00328795 9.9964E-05 0.1745 9.9964E-05
0.135236 9.9973E-05 9.9973E-05 0.0504783 0.736097 0.0326489 9.9973E-05 0.0188106 0.0264289
9.993E-05 0.999201 9.993E-05 9.993E-05 9.993E-05 9.993E-05 9.993E-05 9.993E-05 9.993E-05
9.993E-05 0.999201 9.993E-05 9.993E-05 9.993E-05 9.993E-05 9.993E-05 9.993E-05 9.993E-05
0.119037 0.346148 9.9973E-05 9.9973E-05 0.0157425 0.4586 0.0467034 0.0134689 9.9973E-05
0.00699655 0.267027 9.9964E-05 9.9964E-05 9.9964E-05 0.516369 0.139611 0.0695968 9.9964E-05
0.472759 0.0290507 0.0314427 0.062691 0.139412 0.0343993 0.17645 9.9991E-05 0.053695
0.400987 0.00449765 0.0449262 9.9982E-05 0.134528 0.0246211 0.296894 0.0933463 9.9982E-05
0.566716 0.0194525 0.0462812 9.9964E-05 9.9964E-05 0.0018394 0.365311 9.9964E-05 9.9964E-05
0.0974055 9.9964E-05 0.131352 9.9964E-05 0.650358 0.0982171 0.022268 9.9964E-05 9.9964E-05
0.266592 0.0559971 0.00965907 9.9973E-05 9.9973E-05 0.0160681 0.622278 0.0291056 9.9973E-05
0.405454 9.9973E-05 9.9973E-05 9.9973E-05 0.289608 0.0503729 0.235453 0.0177373 0.00107543
0.657661 9.9973E-05 9.9973E-05 0.0235324 9.9973E-05 0.00983254 0.236951 0.0336969 0.0380259
0.596866 0.014822 0.0407816 0.0854598 0.0674304 0.0847621 0.106391 9.9991E-05 0.00338726
0.606492 0.078928 0.0568631 9.9991E-05 0.00655663 0.0696753 0.15714 0.00580855 0.0184366
0.0740809 0.0524902 9.9964E-05 0.0120262 0.159872 9.9964E-05 0.701131 9.9964E-05 9.9964E-05
0.574315 9.9964E-05 0.0806291 0.250811 9.9964E-05 9.9964E-05 0.0414804 0.0523652 9.9964E-05
0.604669 9.9982E-05 9.9982E-05 0.0392994 0.027689 0.0516381 0.186734 0.0755366 0.0142333
0.467906 0.0189708 0.0269662 0.00643508 0.144101 0.0730181 0.147762 0.114741 9.9991E-05
0.331503 0.0232586 9.9946E-05 9.9946E-05 9.9946E-05 9.9946E-05 0.644639 9.9946E-05 9.9946E-05
0.656283 0.0691363 9.9955E-05 9.9955E-05 9.9955E-05 9.9955E-05 0.265107 9.9955E-05 0.00897361
0.472554 9.9973E-05 9.9973E-05 0.00250184 9.9973E-05 0.107991 0.305078 0.0653789 0.0461956
9.9955E-05 9.9955E-05 9.9955E-05 0.257077 0.0300363 0.0785196 0.633868 9.9955E-05 9.9955E-05
0.10387 9.9982E-05 0.189456 0.0117372 0.446582 9.9982E-05 0.187832 0.0285926 0.0317316
0.0325077 9.9973E-05 9.9973E-05 0.261949 0.37262 9.9973E-05 0.197519 0.0187081 0.116396
0.473488 0.0342568 0.103547 9.9991E-05 0.169006 0.016771 0.0599524 0.12747 0.0154088
0.622854 0.000902654 0.0401424 0.0719229 0.00875204 0.106015 0.0941417 0.0201476 0.035121
0.545101 0.0381281 0.0676952 0.109041 0.0498539 0.0424845 0.0733491 0.0742475 9.9991E-05
0.0978902 0.0500569 0.154579 0.0144326 0.273873 0.0753782 0.291894 0.03923 0.0026651
0.478226 0.0384419 0.138818 0.0242757 0.145333 0.0208207 0.0858504 0.0258345 0.0424
0.512116 9.9964E-05 0.0450677 0.129161 0.173235 9.9964E-05 9.9964E-05 0.14002 9.9964E-05
0.330106 0.0412996 0.0131523 0.0163133 0.306938 0.0870861 0.0337849 0.00439785 0.166922
0.0614556 0.0148031 9.9973E-05 0.218441 0.477237 0.209259 9.9973E-05 0.0185048 9.9973E-05
0.389047 0.0535348 0.0689971 0.0880897 0.146481 0.0353559 0.162311 0.0560837 9.9991E-05
0.328228 0.00478283 0.0283074 9.9991E-05 0.354617 0.0517559 0.0328064 0.0787586 0.120644
9.9964E-05 0.0720716 0.153583 0.0916116 0.545378 9.9964E-05 0.136956 9.9964E-05 9.9964E-05
0.410604 0.00632784 0.0115927 9.9982E-05 0.464663 9.9982E-05 0.00270433 0.0141605 0.0897484
0.668192 0.0817194 0.00922455 0.00674811 0.0330411 9.9991E-05 0.0962337 0.00269561 0.102045
0.5474 0.0417089 9.9973E-05 0.0206923 0.15058 0.0913342 9.9973E-05 9.9973E-05 0.147985
0.270965 9.9982E-05 9.9982E-05 0.0613364 0.488107 0.0204649 0.101183 0.0219008 0.0358428
0.44612 0.0258159 9.9973E-05 0.0221176 0.339799 9.9973E-05 0.0983663 0.0674818 9.9973E-05
0.563785 0.0182809 0.0714499 0.010204 0.195525 0.0651592 0.0508578 9.9991E-05 0.0246378
0.184784 0.0767213 0.0778688 0.038965 0.513523 9.9982E-05 0.0830991 9.9982E-05 0.0248395
0.542662 9.9955E-05 0.0567588 9.9955E-05 0.0245885 9.9955E-05 0.375491 9.9955E-05 9.9955E-05
0.0877375 0.0145828 9.9964E-05 9.9964E-05 0.162472 9.9964E-05 0.711612 0.0231953 9.9964E-05
0.382683 0.0514296 0.0786011 9.9982E-05 9.9982E-05 0.0389062 0.2782 0.123115 0.0468652
9.9937E-05 9.9937E-05 9.9937E-05 0.153196 9.9937E-05 9.9937E-05 0.846104 9.9937E-05 9.9937E-05
9.9955E-05 9.9955E-05 9.9955E-05 0.0413958 0.0565552 9.9955E-05 0.889048 9.9955E-05 0.0125009
0.270141 9.9955E-05 9.9955E-05 9.9955E-05 0.0187799 9.9955E-05 0.701239 0.00933977 9.9955E-05
0.385162 9.9973E-05 0.00189047 9.9973E-05 0.0954908 0.00515971 0.4976 0.0143968 9.9973E-05
0.542861 9.9973E-05 0.0247723 9.9973E-05 0.0859545 0.0940204 0.16042 9.9973E-05 0.0916721
0.322924 0.0159525 9.9964E-05 9.9964E-05 0.107101 9.9964E-05 0.468645 0.0849777 9.9964E-05
0.119026 9.9973E-05 0.0760006 9.9973E-05 0.146383 0.0371686 0.619161 0.0019598 9.9973E-05
0.222359 0.0224989 0.180444 9.9982E-05 0.100093 0.0211935 0.451869 0.00134314 9.9982E-05
0.516527 0.0576101 9.9991E-05 0.0265798 0.0520584 0.0288399 0.202181 0.0327751 0.0833285
0.162456 9.9964E-05 9.9964E-05 9.9964E-05 0.088146 0.00715638 0.641006 0.100835 9.9964E-05
0.386068 0.0520619 9.9973E-05 0.00576757 0.0698423 0.0212637 0.464697 9.9973E-05 9.9973E-05
0.29345 9.9955E-05 9.9955E-05 0.0746073 9.9955E-05 9.9955E-05 0.600897 9.9955E-05 0.0305463
9.9964E-05 9.9964E-05 9.9964E-05 0.136946 0.0126865 0.011805 0.711923 9.9964E-05 0.126239
0.518683 0.00251213 0.0127917 0.0238333 0.0855769 0.0404963 0.230119 0.0814167 0.00457089
0.113507 0.0429424 0.0010411 9.9964E-05 0.0823925 0.759717 9.9964E-05 9.9964E-05 9.9964E-05
0.0864897 0.109382 9.9946E-05 9.9946E-05 9.9946E-05 0.803528 9.9946E-05 9.9946E-05 9.9946E-05
0.0765747 0.147609 0.00813642 9.9964E-05 9.9964E-05 0.71628 9.9964E-05 0.0510004 9.9964E-05
0.0617988 0.138837 9.9955E-05 0.0110596 9.9955E-05 0.787805 9.9955E-05 9.9955E-05 9.9955E-05
0.0408137 0.102194 9.9964E-05 9.9964E-05 9.9964E-05 0.78096 0.051439 0.0241938 9.9964E-05
0.0695164 0.0560321 0.0322278 9.9964E-05 9.9964E-05 0.819771 9.9964E-05 0.0220533 9.9964E-05
0.0900203 0.0577733 9.99461E-05 9.99461E-05 9.99461E-05 0.851607 9.99461E-05 9.99461E-05 9.99461E-05
0.367136 0.00852226 0.0633111 9.9982E-05 0.079603 0.0898295 0.278418 0.112981 9.9982E-05
0.444516 0.0189745 0.10186 9.9982E-05 9.9982E-05 0.012399 0.226024 0.0869362 0.10909
9.9964E-05 9.9964E-05 9.9964E-05 0.01015 0.0887856 0.058183 0.829555 9.9964E-05 0.012927
0.402319 0.0289085 0.10003 0.000648039 0.115083 0.00941102 0.219061 0.124439 9.9991E-05
0.388933 9.9973E-05 0.0441989 9.9973E-05 0.0706133 0.0527992 0.431724 0.011432 9.9973E-05
0.511868 0.0218628 0.0147464 9.9973E-05 9.9973E-05 0.0110548 0.386688 0.0534797 9.9973E-05
0.589834 0.0169111 9.9982E-05 9.9982E-05 0.0442904 0.0612375 0.2043 0.0304066 0.05282
0.493171 0.0222323 9.9973E-05 0.0271032 9.9973E-05 9.9973E-05 0.357719 0.0256638 0.073811
9.9964E-05 9.9964E-05 0.06804 9.9964E-05 0.161388 0.0493991 0.716441 9.9964E-05 0.00433125
0.447472 0.0504853 0.117234 0.0302007 0.11459 0.0596887 0.13015 0.0152243 0.0349552
0.619717 0.00404227 9.9973E-05 9.9973E-05 9.9973E-05 0.117836 0.145295 0.0253344 0.0874753
0.572322 0.00381816 0.0955282 9.9991E-05 0.0479436 0.0410612 0.130262 0.0483508 0.0606139
0.230973 0.0231461 9.9982E-05 0.0873601 0.0131213 9.9982E-05 0.593618 0.0112442 0.0403375
0.468166 0.0071353 0.000231098 0.0332949 9.9991E-05 0.0327644 0.357762 0.020885 0.0796616
0.401696 0.00553405 0.0622695 9.9973E-05 0.0383817 0.0782919 0.413527 9.9973E-05 9.9973E-05
0.317751 9.99483E-05 9.99483E-05 9.99483E-05 9.99483E-05 9.99483E-05 0.592135 0.0895149 9.99483E-05
0.422302 9.9955E-05 0.0522944 9.9955E-05 9.9955E-05 0.0781089 0.446795 9.9955E-05 9.9955E-05
0.556085 0.020336 9.9964E-05 9.9964E-05 0.052137 0.12021 0.250833 9.9964E-05 9.9964E-05
0.158565 0.0405952 0.0119315 0.0510687 0.480461 0.0897195 0.0136794 0.0201275 0.133853
0.282009 0.0518446 0.0961321 0.0951529 0.232548 0.0507135 0.0426759 0.148824 9.9991E-05
0.433919 9.9973E-05 0.126077 9.9973E-05 0.189889 0.0628341 9.9973E-05 0.114542 0.0724384
0.590712 0.0227542 0.071543 0.0443672 0.126609 0.0238245 0.0321861 0.0185817 0.0694221
0.435202 0.0469172 0.0513131 0.0124915 0.453677 9.9964E-05 9.9964E-05 9.9964E-05 9.9964E-05
0.547606 9.9982E-05 0.0872625 0.000340465 0.256664 0.0376316 9.9982E-05 0.0247067 0.0455887
0.41416 9.9964E-05 0.14529 9.9964E-05 0.376149 0.0167376 9.9964E-05 9.9964E-05 0.0472632
0.498382 9.9982E-05 0.0793587 9.9982E-05 0.0969365 0.100891 0.168494 0.0507523 0.00498475
0.668283 9.9973E-05 0.132897 0.102456 0.0543091 0.0243283 9.9973E-05 0.0174263 9.9973E-05
0.544587 9.9982E-05 0.0496693 0.0719795 0.244008 0.000510226 0.0199482 9.9982E-05 0.0690975
0.513315 0.00333471 0.103906 9.9973E-05 0.281866 9.9973E-05 0.0896966 9.9973E-05 0.00758183
0.696876 9.9991E-05 0.0936629 0.0326891 0.072963 0.00991346 0.0400303 0.0113077 0.0424575
0.609689 0.0667957 0.0859521 0.0171751 0.0774282 0.0353305 9.9982E-05 9.9982E-05 0.107429
0.502318 9.9973E-05 0.0142476 9.9973E-05 0.262492 9.9973E-05 0.102118 0.0319612 0.0865637
0.514458 0.0171641 0.11119 0.0357751 0.15236 9.9982E-05 9.9982E-05 0.0973054 0.0715479
0.557989 0.0179062 0.102243 0.0404813 0.195915 9.9991E-05 0.00781606 0.0348858 0.042664
0.356475 0.0194014 9.9973E-05 0.153724 0.349615 0.0539466 9.9973E-05 9.9973E-05 0.0665385
0.578892 0.0153317 0.0361957 0.0130319 0.215469 0.0331623 9.9991E-05 0.0455885 0.0622286
0.655053 9.9964E-05 0.0155044 0.064005 0.0841997 9.9964E-05 9.9964E-05 9.9964E-05 0.180838
0.170107 0.0120198 0.183701 0.0249137 0.330757 9.9991E-05 0.138997 0.0872427 0.0521608
0.0442046 9.9991E-05 0.0735646 0.140161 0.47602 0.0265396 0.12555 0.034421 0.0794395
0.529496 0.0279117 0.0409685 0.0282487 0.18783 9.9991E-05 0.0550854 0.0324041 0.0979551
0.0675603 0.00287051 0.11801 0.137748 0.309623 9.9991E-05 0.0888566 0.0420396 0.233192
0.220856 9.9973E-05 0.0613748 9.9973E-05 0.525237 0.0532698 0.0834651 9.9973E-05 0.0554973
0.379742 9.9973E-05 0.0598788 9.9973E-05 0.389392 0.0222295 0.14238 9.9973E-05 0.00607725
0.322535 0.022117 0.17412 9.9964E-05 0.388912 9.9964E-05 0.0919166 9.9964E-05 9.9964E-05
0.295786 9.9964E-05 0.1472 9.9964E-05 0.44926 9.9964E-05 0.0806014 9.9964E-05 0.026753
0.591382 0.0342447 0.0101382 9.9982E-05 0.166473 0.0474138 0.0527674 9.9982E-05 0.0973813
0.541329 0.00956604 0.0856878 9.9982E-05 9.9982E-05 0.0906783 0.0534961 0.078159 0.140884
0.553826 9.9982E-05 0.0391388 9.9982E-05 0.203377 0.0606783 0.03588 0.024368 0.0825321
0.0937066 9.9973E-05 0.0279873 0.220229 0.540314 9.9973E-05 9.9973E-05 0.0447451 0.0727176
0.521297 9.9982E-05 0.102996 9.9982E-05 0.0823771 0.187928 0.0520846 0.00242268 0.0506951
0.464503 0.0531019 0.0865924 0.146645 0.116836 9.9991E-05 0.0807226 0.00710669 0.0443931
0.00326404 0.0708197 0.0903333 0.466341 0.120505 0.0363295 0.0942966 9.9991E-05 0.118011
0.685824 0.00133207 9.9982E-05 0.106645 0.0344889 0.0993893 0.014693 9.9982E-05 0.0574279
0.401137 0.0149917 0.0248361 0.204257 0.0409842 0.0718808 0.149096 9.9991E-05 0.0927167
0.494621 0.0350029 0.0393703 0.159224 0.111199 0.0613206 0.0277452 9.9991E-05 0.0714173
0.28335 0.0663422 0.0321543 0.402994 0.129455 9.9982E-05 0.061025 9.9982E-05 0.0244801
0.20779 9.9982E-05 0.0891314 0.364104 0.0978475 0.0154938 0.106712 9.9982E-05 0.118722
0.460041 0.00472669 0.100633 0.108469 0.108898 0.0191032 0.0271186 9.9991E-05 0.17091
0.403702 9.9991E-05 0.0180808 0.227357 0.112119 0.0596926 0.0207756 0.077138 0.081036
0.355192 0.0104437 0.102315 0.0610584 0.152107 0.161394 0.0929074 0.0194222 0.0451605
9.9982E-05 0.0201127 9.9982E-05 0.345535 0.284597 0.000872078 0.187828 0.128073 0.0327826
0.55173 9.9991E-05 0.0172101 0.0175198 0.0783887 0.135169 0.0930589 0.0267071 0.0801167
0.40148 9.9973E-05 0.00872533 0.279994 0.186277 9.9973E-05 0.0943725 9.9973E-05 0.0288508
0.434067 9.9973E-05 0.02214 0.136008 0.17152 9.9973E-05 0.165476 9.9973E-05 0.0704883
0.461894 0.100963 0.0594111 0.070758 0.0472041 9.9991E-05 0.105197 0.0448667 0.109605
0.139973 0.0767493 9.9973E-05 0.231196 0.0783332 0.217711 9.9973E-05 0.255738 9.9973E-05
9.9955E-05 0.0293425 9.9955E-05 0.350386 9.9955E-05 0.490765 9.9955E-05 0.129007 9.9955E-05
9.9964E-05 0.023077 9.9964E-05 0.451239 9.9964E-05 0.383753 9.9964E-05 0.126726 0.0148048
0.121287 0.00624583 9.9973E-05 0.228139 0.0169717 0.375564 9.9973E-05 0.251493 9.9973E-05
0.619897 0.00426237 0.0260722 0.161655 9.9973E-05 9.9973E-05 0.113517 9.9973E-05 0.0742968
0.527272 0.0495467 0.146741 0.0506467 0.0179237 0.0313398 9.9991E-05 0.0658152 0.110615
0.282444 0.0298464 9.9964E-05 9.9964E-05 9.9964E-05 9.9964E-05 0.00271377 0.658305 0.0262911
0.353307 0.00684309 9.9964E-05 9.9964E-05 0.129952 0.0463543 9.9964E-05 0.463144 9.9964E-05
0.27853 0.0316424 0.0421494 0.0609545 0.117713 0.0304063 9.9982E-05 0.438404 9.9982E-05
0.299242 9.9964E-05 9.9964E-05 0.378189 0.0331365 9.9964E-05 0.151023 9.9964E-05 0.13801
0.501661 9.9982E-05 0.0410199 0.0751339 0.113188 0.0693968 0.13338 0.0660204 9.9982E-05
0.207795 0.00160104 9.9973E-05 0.521808 0.0596678 9.9973E-05 0.0914783 9.9973E-05 0.11735
0.597887 9.9982E-05 0.0066964 0.149232 0.0886084 0.0465223 0.0180186 9.9982E-05 0.0928347
0.398117 9.9982E-05 0.0545085 0.194724 0.115827 0.0660932 9.9982E-05 0.0158087 0.154721
0.553692 9.9982E-05 0.00490995 0.230675 0.0774049 9.9982E-05 0.108153 0.0121396 0.0128253
0.184531 9.9964E-05 9.9964E-05 0.44889 0.180729 9.9964E-05 0.0330395 9.9964E-05 0.152411
0.573771 0.00310793 0.123255 0.0856545 9.9991E-05 0.0980193 0.0800515 0.0330455 0.00299534
0.514846 0.0360832 9.9964E-05 0.23195 0.179011 9.9964E-05 9.9964E-05 0.0377097 9.9964E-05
0.0529638 9.9955E-05 9.9955E-05 9.9955E-05 9.9955E-05 9.9955E-05 0.0251485 0.884006 0.0373816
0.0688975 9.9946E-05 9.9946E-05 9.9946E-05 9.9946E-05 9.9946E-05 9.9946E-05 0.910342 0.0201613
0.299954 0.00727597 9.9982E-05 9.9982E-05 0.061974 0.0231323 0.043584 0.538999 0.0248806
0.329187 0.00318752 0.0402161 9.9955E-05 9.9955E-05 9.9955E-05 9.9955E-05 0.62691 9.9955E-05
0.132975 0.0200752 9.9973E-05 9.9973E-05 0.0237123 9.9973E-05 0.0593485 0.749694 0.0138958
9.993E-05 9.993E-05 9.993E-05 9.993E-05 9.993E-05 9.993E-05 9.993E-05 0.999201 9.993E-05
9.9964E-05 0.00213931 0.0240584 9.9964E-05 0.00303729 9.9964E-05 9.9964E-05 0.916556 0.0538093
0.145927 9.9946E-05 9.9946E-05 9.9946E-05 9.9946E-05 9.9946E-05 9.9946E-05 0.824002 0.0294711
9.9946E-05 9.9946E-05 0.00476985 9.9946E-05 0.00309966 9.9946E-05 9.9946E-05 0.991531 9.9946E-05
9.993E-05 9.993E-05 9.993E-05 9.993E-05 9.993E-05 9.993E-05 9.993E-05 0.999201 9.993E-05
9.9937E-05 0.00549067 9.9937E-05 9.9937E-05 9.9937E-05 9.9937E-05 9.9937E-05 0.99381 9.9937E-05
0.255006 0.0774733 9.9955E-05 9.9955E-05 9.9955E-05 9.9955E-05 9.9955E-05 0.657147 0.0098736
0.158839 9.9955E-05 0.0409364 9.9955E-05 9.9955E-05 0.086004 9.9955E-05 0.713721 9.9955E-05
9.9937E-05 9.9937E-05 9.9937E-05 9.9937E-05 9.9937E-05 9.9937E-05 0.0463423 0.952958 9.9937E-05
0.314041 0.024902 0.05732 9.9973E-05 0.185352 9.9973E-05 0.0280699 0.390015 9.9973E-05
0.2366 9.9964E-05 0.0194528 9.9964E-05 0.0439467 0.0524902 9.9964E-05 0.64711 9.9964E-05
0.194885 0.0393444 9.9955E-05 9.9955E-05 9.9955E-05 0.00413851 9.9955E-05 0.761133 9.9955E-05
0.107057 0.0430332 0.0362564 9.99652E-05 0.00263953 9.99652E-05 9.99652E-05 0.810614 9.99652E-05
0.00449882 9.9955E-05 0.00345828 9.9955E-05 9.9955E-05 9.9955E-05 0.0171829 0.97436 9.9955E-05
0.0616429 0.032948 9.9982E-05 0.0128274 9.9982E-05 0.000487971 0.00577345 0.881404 0.00471619
9.9937E-05 0.0070931 9.9937E-05 9.9937E-05 9.9937E-05 9.9937E-05 9.9937E-05 0.992207 9.9937E-05
0.346605 9.9964E-05 0.00895734 9.9964E-05 9.9964E-05 9.9964E-05 0.0318131 0.562065 0.0501598
0.035209 0.0112611 9.9973E-05 9.9973E-05 0.0688961 0.00612358 9.9973E-05 0.86069 0.0175204
9.9955E-05 9.9955E-05 9.9955E-05 0.580214 9.9955E-05 0.310859 9.9955E-05 0.021986 0.0864408
0.443944 0.0502711 0.116349 0.204887 9.9982E-05 0.161933 0.0216245 0.0007921 9.9982E-05
0.40456 0.0357751 0.0694419 0.194921 9.9982E-05 0.196779 0.049502 0.0488197 9.9982E-05
0.150945 0.0280563 0.0299169 0.500848 9.9991E-05 0.131591 0.00409251 0.128626 0.025824
0.41537 0.0489661 0.0134748 0.16972 9.9991E-05 0.149232 0.0783917 0.0981608 0.0265855
0.162074 0.0833201 9.9991E-05 0.321106 0.0501727 0.173228 0.0339372 0.0728498 0.103212
0.500041 0.0175709 0.037412 0.225192 0.00961984 0.0933341 0.0438907 0.0450629 0.0278766
0.291625 9.9973E-05 0.00913146 0.316485 9.9973E-05 0.0781156 0.148838 0.155505 9.9973E-05
0.451032 0.0773597 9.9982E-05 0.211444 9.9982E-05 0.0919802 0.0443951 0.0912186 0.0323713
0.377451 0.0412231 9.9964E-05 0.351168 9.9964E-05 0.0833755 9.9964E-05 0.146383 9.9964E-05
0.479925 9.9982E-05 0.00383941 0.212001 0.0460567 0.185748 0.0300037 0.0422265 9.9982E-05
0.0379105 9.9964E-05 0.0547075 0.0434235 9.9964E-05 0.808761 9.9964E-05 9.9964E-05 0.0547979
9.9955E-05 0.0905871 9.9955E-05 9.9955E-05 9.9955E-05 0.846064 9.9955E-05 0.0495666 0.0132827
9.9946E-05 0.0687588 0.00739494 9.9946E-05 9.9946E-05 0.923247 9.9946E-05 9.9946E-05 9.9946E-05
0.0220003 0.0436437 0.0187473 0.0241939 9.9964E-05 0.891015 9.9964E-05 9.9964E-05 9.9964E-05
9.9973E-05 0.127301 0.0498866 0.00658965 0.0348617 0.760242 9.9973E-05 0.0208185 9.9973E-05
9.9955E-05 0.0699043 9.9955E-05 9.9955E-05 9.9955E-05 0.823665 9.9955E-05 0.0676995 0.0382317
0.0628692 0.0674985 9.9955E-05 9.9955E-05 9.9955E-05 0.81785 9.9955E-05 0.0512825 9.9955E-05
0.0378156 0.0478656 0.000636854 0.0140203 9.9973E-05 0.843701 9.9973E-05 9.9973E-05 0.0556606
0.0105906 0.0182193 9.9973E-05 9.9973E-05 9.9973E-05 0.888111 0.0601521 0.0165994 0.00602731
0.049166 0.0138818 9.9964E-05 0.0365012 9.9964E-05 0.82033 9.9964E-05 0.0797211 9.9964E-05
9.9973E-05 0.0342275 0.107192 9.9973E-05 0.174031 0.567912 0.0857119 9.9973E-05 0.0306259
9.9964E-05 0.0266139 0.196218 9.9964E-05 0.163533 0.563804 0.049431 9.9964E-05 9.9964E-05
9.9964E-05 0.0569921 0.105632 0.0979559 0.2684 0.47062 9.9964E-05 9.9964E-05 9.9964E-05
9.9964E-05 9.9964E-05 0.0700081 0.016534 0.372342 0.494397 0.0463186 9.9964E-05 9.9964E-05
0.499933 0.0226597 9.9973E-05 9.9973E-05 0.145762 0.0568927 0.217101 9.9973E-05 0.0573522
0.510497 9.9982E-05 0.0131288 9.9982E-05 0.0766343 0.0500475 0.282797 0.0095496 0.0571457
0.488361 9.9973E-05 0.0679819 9.9973E-05 0.154568 9.9973E-05 0.183793 0.0535079 0.0514877
0.308701 0.00135815 0.147063 0.0431024 0.231086 0.0604852 0.208004 9.9982E-05 9.9982E-05
0.129334 9.9955E-05 0.290537 9.9955E-05 0.50295 9.9955E-05 0.0766796 9.9955E-05 9.9955E-05
0.646619 0.0271488 9.9964E-05 9.9964E-05 9.9964E-05 0.0688302 0.197945 9.9964E-05 0.0590567
0.517042 9.9973E-05 0.00773652 9.9973E-05 0.0847788 9.9973E-05 0.270883 0.0095377 0.109722
0.54284 9.9982E-05 0.0164295 0.108959 0.0368096 9.9982E-05 0.251753 0.0371291 0.00587999
0.401067 9.9973E-05 0.0380494 0.0574561 9.9973E-05 9.9973E-05 0.485906 0.00875427 0.00846694
0.589811 0.0354229 0.0572355 0.0584942 9.9982E-05 9.9982E-05 0.200444 0.0253602 0.0330326
0.360529 9.9973E-05 0.153194 9.9973E-05 0.0595732 9.9973E-05 0.279911 0.0362247 0.110268
9.9955E-05 9.9955E-05 9.9955E-05 0.0177651 0.116884 9.9955E-05 0.605841 9.9955E-05 0.25901
0.539057 9.9982E-05 0.0514731 0.0887725 0.11475 0.0699812 0.0544023 9.9982E-05 0.0813636
0.256846 9.9964E-05 9.9964E-05 0.16578 0.0270064 9.9964E-05 0.450081 9.9964E-05 0.0998871
0.501464 0.0168773 9.9964E-05 0.0168929 9.9964E-05 9.9964E-05 0.373294 9.9964E-05 0.0910722
0.0851612 9.9964E-05 0.107134 9.9964E-05 0.169003 0.0167857 0.621517 9.9964E-05 9.9964E-05
0.0149939 0.00933638 0.751518 0.095005 9.9982E-05 0.0554127 0.0570613 0.0164728 9.9982E-05
0.0370716 9.9964E-05 0.813564 0.0325005 9.9964E-05 0.0564086 9.9964E-05 9.9964E-05 0.0600555
9.9946E-05 9.9946E-05 0.902396 9.9946E-05 9.9946E-05 9.9946E-05 0.0356727 9.9946E-05 0.0613317
9.9955E-05 9.9955E-05 0.830624 9.9955E-05 9.9955E-05 0.108886 0.0152499 9.9955E-05 0.0447401
9.9955E-05 9.9955E-05 0.882627 0.0414731 9.9955E-05 9.9955E-05 9.9955E-05 0.0516266 0.0237736
0.0969995 0.00367789 0.809375 9.9964E-05 9.9964E-05 9.9964E-05 9.9964E-05 0.0587433 0.0308046
0.0805202 0.0701079 9.9964E-05 9.9964E-05 9.9964E-05 0.819454 9.9964E-05 0.000449931 0.0290682
0.0918694 0.00672607 0.0327397 9.9973E-05 0.0283764 0.783131 9.9973E-05 0.0568572 9.9973E-05
0.143778 0.0627765 9.9964E-05 0.036857 9.9964E-05 0.699069 9.9964E-05 0.0571191 9.9964E-05
9.9955E-05 0.0394264 9.9955E-05 9.9955E-05 0.139748 0.714483 9.9955E-05 0.105843 9.9955E-05
0.117909 9.9973E-05 0.00470109 0.037293 0.0160667 0.801278 9.9973E-05 0.0224522 9.9973E-05
9.9964E-05 0.00671921 0.395752 0.125486 0.130515 0.341128 9.9964E-05 9.9964E-05 9.9964E-05
9.9964E-05 9.9964E-05 0.441649 0.0397165 9.9964E-05 0.433039 0.0105577 9.9964E-05 0.0746385
9.9973E-05 0.0307601 0.384447 9.9973E-05 0.00474797 0.374359 0.137104 9.9973E-05 0.0682822
9.993E-05 0.999201 9.993E-05 9.993E-05 9.993E-05 9.993E-05 9.993E-05 9.993E-05 9.993E-05
9.9964E-05 0.0287027 0.538342 9.9964E-05 9.9964E-05 0.291231 0.0364938 9.9964E-05 0.104831
0.197007 0.0160346 0.0332709 0.131891 9.9982E-05 0.170437 9.9982E-05 0.368169 0.08299
0.514355 0.0457472 0.0644889 0.0724247 0.0507263 0.019899 9.9982E-05 0.232159 9.9982E-05
0.533114 9.9946E-05 9.9946E-05 9.9946E-05 9.9946E-05 0.181477 9.9946E-05 0.28481 9.9946E-05
0.407957 9.9964E-05 9.9964E-05 0.0630448 9.9964E-05 0.305838 0.0626192 0.160141 9.9964E-05
0.651272 0.00398873 0.0132414 0.0327198 0.0342425 0.133145 0.0377742 0.0600498 0.0335664
9.9946E-05 9.9946E-05 9.9946E-05 0.290769 9.9946E-05 0.413699 9.9946E-05 0.294932 9.9946E-05
0.388076 0.00943243 0.0690776 0.0166184 0.277818 9.9982E-05 0.128416 9.9982E-05 0.110362
0.329983 9.9982E-05 0.0463699 0.112215 0.231834 0.0366512 0.0858162 9.9982E-05 0.15693
0.162414 0.0396406 0.062455 9.9964E-05 0.634972 0.100118 9.9964E-05 9.9964E-05 9.9964E-05
0.444485 9.9973E-05 0.0497408 0.0176094 0.256953 9.9973E-05 0.0450769 9.9973E-05 0.185835
9.9955E-05 9.9955E-05 9.9955E-05 0.231479 0.361733 9.9955E-05 0.0832837 9.9955E-05 0.323004
0.545586 0.0290224 0.0161393 0.0629833 0.163759 0.0383746 0.0115101 9.9991E-05 0.132526
0.448501 0.0124284 0.0238225 0.040845 0.200504 0.0244603 0.023957 9.9991E-05 0.225381
0.290467 0.0550273 0.0299024 9.9973E-05 0.496237 9.9973E-05 0.108253 9.9973E-05 0.0198145
0.499491 9.9991E-05 0.143952 0.0040613 0.00643136 0.0435576 0.155479 0.12363 0.0232981
0.0313887 9.9964E-05 9.9964E-05 0.198906 0.501984 9.9964E-05 0.154103 9.9964E-05 0.113219
0.474435 9.9973E-05 0.0793789 0.158539 0.132161 9.9973E-05 0.0179613 9.9973E-05 0.137224
0.509504 0.0371633 0.12583 0.06012 0.20344 0.000188031 0.0548721 0.00878372 9.9991E-05
0.334831 0.0209817 0.0811876 0.000368235 0.133599 0.092104 0.116136 0.220693 9.9991E-05
0.279897 9.9973E-05 0.036118 0.0292473 0.468276 9.9973E-05 0.0355968 9.9973E-05 0.150565
0.472691 0.00955289 0.0595585 0.0456632 0.286232 0.0108451 9.9991E-05 0.0192174 0.0961395
0.402193 9.9982E-05 9.9982E-05 0.0958529 0.127547 0.0147668 0.158915 0.0876558 0.112869
0.574166 9.9982E-05 0.0748229 0.0346372 0.14131 0.037001 0.075863 9.9982E-05 0.0619994
0.563518 0.00986459 0.0361865 0.11223 0.136757 0.0173156 0.0156415 0.0620976 0.0463885
0.524769 0.0221707 9.9982E-05 9.9982E-05 0.132882 0.149713 0.100325 0.0465858 0.0233544
0.471814 0.0336539 0.0734607 0.0706007 0.181071 0.0129099 0.0682056 0.0841614 0.00412278
0.184161 9.9946E-05 9.9946E-05 9.9946E-05 9.9946E-05 0.771443 9.9946E-05 0.0437958 9.9946E-05
0.0682805 9.9955E-05 9.9955E-05 9.9955E-05 9.9955E-05 0.843622 9.9955E-05 0.0284048 0.0591931
0.0784644 9.9973E-05 0.0526397 0.0726814 9.9973E-05 0.786943 0.00230056 0.00667132 9.9973E-05
0.0187013 0.0343943 0.0678988 9.9982E-05 9.9982E-05 0.736579 0.00117985 0.0676006 0.0734458
0.137372 0.0712129 9.9955E-05 9.9955E-05 9.9955E-05 0.782591 9.9955E-05 9.9955E-05 0.00832422
0.148469 9.9973E-05 0.0409592 0.0785129 0.694932 0.0315804 0.00524635 9.9973E-05 9.9973E-05
0.386541 0.0764266 0.0230125 0.0843382 0.185313 0.0199917 0.0343202 0.0690855 0.120971
0.48791 9.9982E-05 0.0376379 0.144479 0.0154588 0.189807 9.9982E-05 0.0802929 0.0442142
0.605085 0.0946118 0.0255805 0.0451489 0.18661 9.9973E-05 9.9973E-05 0.0426644 9.9973E-05
0.494637 9.9973E-05 0.0696353 9.9973E-05 0.209838 0.0484579 0.165623 9.9973E-05 0.0115076
0.261056 0.0410228 0.0937972 0.175648 0.30754 9.9973E-05 9.9973E-05 9.9973E-05 0.120636
9.9973E-05 0.0364861 0.16414 0.0533732 0.617326 0.120285 0.00808981 9.9973E-05 9.9973E-05
0.430211 0.0469961 0.104064 0.03377 0.285418 9.9982E-05 9.9982E-05 0.0460728 0.0532686
0.0801436 0.0203003 0.219429 9.9991E-05 0.462899 0.056509 0.0291093 0.0299942 0.101515
0.430452 9.9982E-05 0.179052 0.132442 0.123065 0.0207703 9.9982E-05 0.0129466 0.101072
0.0679074 0.0179089 0.19024 0.017994 0.503965 0.0892603 9.9991E-05 0.0223651 0.090259
0.565348 0.0313171 0.144785 9.9982E-05 0.121553 0.0269286 9.9982E-05 0.0291967 0.0806718
0.0749341 0.0366065 0.0817525 9.9982E-05 0.65081 0.0783274 9.9982E-05 0.0271757 0.0501937
0.334703 0.0270754 0.112304 0.0230242 0.345776 0.00255151 9.9991E-05 0.0175555 0.136911
0.480325 9.9982E-05 0.0353408 0.218305 0.00510704 0.0361658 0.176144 9.9982E-05 0.048413
0.287407 9.9973E-05 0.0911471 0.446094 0.0277225 9.9973E-05 0.0326395 9.9973E-05 0.114689
0.567638 0.00662578 0.119822 0.219077 9.9982E-05 0.0221419 0.0302056 9.9982E-05 0.034291
0.531772 0.0155506 9.9982E-05 0.188872 0.0564774 0.0600877 0.0434055 9.9982E-05 0.103635
0.349283 9.9973E-05 0.0950156 0.378783 0.0497904 9.9973E-05 0.0481754 9.9973E-05 0.0786524
0.411699 0.0837987 0.0307713 9.9991E-05 0.116037 0.0151816 0.0855863 0.112609 0.144217
0.575906 9.9964E-05 0.0873699 0.154567 9.9964E-05 9.9964E-05 0.0535576 9.9964E-05 0.1282
0.105124 9.9973E-05 0.166628 0.473581 0.0148687 9.9973E-05 0.1393 9.9973E-05 0.100198
0.256199 9.9964E-05 0.0480994 0.57223 9.9964E-05 9.9964E-05 0.0796632 9.9964E-05 0.0434084
0.505432 9.9964E-05 0.0472099 0.286747 9.9964E-05 9.9964E-05 0.0330551 9.9964E-05 0.127156
0.156892 9.9973E-05 0.0696433 0.446861 0.0207518 9.9973E-05 0.207439 9.9973E-05 0.0981126
0.47753 9.9955E-05 0.0924094 0.300685 0.128875 9.9955E-05 9.9955E-05 9.9955E-05 9.9955E-05
0.0856065 9.9982E-05 0.146566 0.0343657 0.625211 0.0355068 0.0510962 0.0214482 9.9982E-05
0.191408 9.9973E-05 0.0311038 0.0292156 0.45447 9.9973E-05 0.013568 9.9973E-05 0.279934
0.339017 0.0239523 0.130839 9.9991E-05 0.405576 0.00186012 0.050734 0.0247346 0.023188
0.53932 0.00994496 0.0478804 0.0788222 0.23564 9.9973E-05 9.9973E-05 0.0880929 9.9973E-05
0.220568 9.9955E-05 0.153017 9.9955E-05 0.550397 9.9955E-05 0.0755181 9.9955E-05 9.9955E-05
0.388499 0.0127004 0.122406 0.0322786 0.196899 0.114387 9.9991E-05 0.0657245 0.0670049
0.54498 0.0470295 0.0747326 9.9982E-05 0.186148 9.9982E-05 0.0512525 0.0787465 0.0169106
0.469384 0.00503425 0.0178229 9.9991E-05 0.275488 0.00395337 0.0628181 0.112128 0.0532717
0.397553 0.0228867 0.160963 9.9991E-05 0.262252 0.0240477 0.0170541 0.0596355 0.0555087
0.396973 0.0291094 0.120294 9.9973E-05 0.272611 9.9973E-05 0.0873207 0.0933923 9.9973E-05
0.171528 0.00573944 0.113548 9.9973E-05 0.61565 9.9973E-05 0.0659706 0.0272638 9.9973E-05
0.322233 9.9982E-05 0.24752 9.9982E-05 0.205714 0.0361808 0.0781847 0.0565723 0.053395
0.679761 9.9955E-05 0.0236055 9.9955E-05 0.273949 9.9955E-05 9.9955E-05 9.9955E-05 0.0221839
0.579172 0.026738 0.0879811 0.0624249 0.130914 0.00239118 9.9982E-05 9.9982E-05 0.11018
0.419635 0.00488146 0.0495365 0.14074 0.257372 0.0440534 0.00873212 9.9991E-05 0.0749492
0.495748 9.9964E-05 0.0799185 9.9964E-05 0.229125 9.9964E-05 9.9964E-05 0.0492563 0.145552
0.349701 0.0625331 0.141653 0.0776701 0.341543 0.0265996 9.9973E-05 9.9973E-05 9.9973E-05
0.66485 9.9982E-05 0.0374399 0.0258259 0.192005 9.9982E-05 0.0282164 0.0136584 0.0378046
0.448384 9.9982E-05 0.093131 0.0480175 0.244864 0.045048 0.0299557 0.090399 9.9982E-05
0.50351 0.0477118 0.0261777 0.00201401 0.257977 0.0540814 0.0425228 0.0431561 0.02285
0.487586 0.00281493 9.9973E-05 0.0316153 0.0729718 0.339684 9.9973E-05 0.0650276 9.9973E-05
0.349148 0.064271 9.9982E-05 0.0900608 9.9982E-05 0.0901744 0.117859 0.245596 0.0426913
0.519032 0.0091236 9.9973E-05 0.117885 0.160298 0.128322 9.9973E-05 0.0650399 9.9973E-05
0.556691 0.05351 0.0771797 0.111531 0.0461146 0.0153902 0.00379148 0.0825388 0.0532538
0.362185 0.0371751 9.9973E-05 9.9973E-05 0.160256 0.204722 9.9973E-05 0.208998 0.0263632
0.332211 9.9973E-05 0.00267925 0.0477856 0.410674 9.9973E-05 9.9973E-05 0.0181998 0.18815
0.405042 0.0692075 0.0426272 0.166533 0.135976 0.0573888 9.9991E-05 0.117378 0.00574824
0.0407645 9.9982E-05 9.9982E-05 0.421963 0.0776956 0.179908 0.101472 0.129604 0.0483927
0.51735 9.9982E-05 0.0529928 0.0881625 0.081189 0.134086 0.00283764 0.123182 9.9982E-05
0.51932 0.0132733 0.0209495 0.0177844 0.0551822 0.165578 0.065979 0.0539991 0.0879343
0.480251 9.9973E-05 9.9973E-05 9.9973E-05 0.200757 0.0325996 0.00991299 0.17554 0.10064
0.242767 0.0355741 0.00588732 0.223479 0.197638 0.0902499 0.0622452 0.142059 9.9991E-05
0.550411 0.00524886 9.9973E-05 0.0742785 9.9973E-05 0.196791 0.0970996 0.075871 9.9973E-05
0.553167 0.0511892 9.9973E-05 0.0441821 0.0731273 0.144892 9.9973E-05 0.133142 9.9973E-05
9.9955E-05 0.0392631 9.9955E-05 0.381739 9.9955E-05 0.416872 9.9955E-05 0.161627 9.9955E-05
0.456674 0.0800371 0.0429257 9.9982E-05 9.9982E-05 0.13857 0.0419447 0.215769 0.0238794
0.469955 0.0173344 9.9991E-05 0.0283452 0.018002 0.176618 0.0465348 0.236131 0.00697961
0.576288 0.0220481 0.0267558 0.0712131 0.0512253 0.0879273 0.000485082 0.0619886 0.102069
0.645956 0.0104456 9.9973E-05 0.0474299 0.0224152 0.207809 9.9973E-05 0.0656442 9.9973E-05
0.580434 0.0218877 9.9991E-05 0.0576442 0.0524094 0.132854 0.0021245 0.0677767 0.0847696
0.431588 0.0454613 0.023925 0.0190335 9.9982E-05 0.0101181 9.9982E-05 0.0263142 0.44336
0.499251 9.9991E-05 0.0243038 0.0207063 0.0778251 0.0649745 0.102081 0.0211921 0.189566
9.9955E-05 9.9955E-05 9.9955E-05 0.0197784 0.105884 9.9955E-05 0.111762 9.9955E-05 0.762076
9.9964E-05 9.9964E-05 0.0789147 0.00401491 0.023893 0.00344067 9.9964E-05 9.9964E-05 0.889337
0.386329 9.9991E-05 0.00964609 0.0115571 0.0637788 0.033049 0.116699 0.10931 0.269531
0.407258 9.9973E-05 9.9973E-05 0.148584 0.019971 0.12362 9.9973E-05 0.269338 0.0309296
0.270782 0.00608998 9.9973E-05 0.0493469 9.9973E-05 0.100048 9.9973E-05 0.316501 0.256933
0.0882154 0.0515179 0.0340301 0.233344 0.0336215 0.131095 9.9991E-05 0.322925 0.105151
0.288532 0.0419575 9.9964E-05 9.9964E-05 9.9964E-05 0.158818 9.9964E-05 0.269643 0.240649
0.0297232 9.9964E-05 9.9964E-05 0.172593 9.9964E-05 0.0534851 9.9964E-05 0.0679757 0.675824
0.0757495 0.0323928 9.9973E-05 0.0488169 9.9973E-05 0.0868523 9.9973E-05 0.0837971 0.672091
0.471022 0.0125662 0.0432143 9.9982E-05 9.9982E-05 0.0041257 0.0731177 0.0833677 0.312387
0.427749 9.9955E-05 9.9955E-05 9.9955E-05 9.9955E-05 0.0430375 9.9955E-05 0.0910537 0.43766
0.122564 0.0655234 9.9964E-05 9.9964E-05 9.9964E-05 0.0238064 9.9964E-05 0.100019 0.687687
0.524219 9.9973E-05 0.0120456 9.9973E-05 0.0887952 0.0245214 9.9973E-05 0.0401495 0.30997
0.494989 9.9955E-05 0.0655205 9.9955E-05 9.9955E-05 9.9955E-05 9.9955E-05 0.124391 0.314599
0.379713 9.9982E-05 0.171322 9.9982E-05 0.115361 0.0582737 0.0211533 0.122069 0.131908
0.290569 0.00905164 9.9955E-05 9.9955E-05 0.100835 9.9955E-05 9.9955E-05 9.9955E-05 0.599044
0.261706 0.0610256 9.9973E-05 0.0306965 0.122262 9.9973E-05 0.0578546 9.9973E-05 0.466156
0.56402 0.00323492 0.0624288 9.9973E-05 0.0414427 9.9973E-05 0.0234899 9.9973E-05 0.305084
0.359542 9.9964E-05 0.109439 9.9964E-05 9.9964E-05 0.0363664 9.9964E-05 0.0497288 0.444524
0.387692 9.9991E-05 0.0659811 0.106131 0.13356 0.0637395 0.0279013 0.12105 0.0938457
0.407028 9.9955E-05 9.9955E-05 0.119914 0.0558751 9.9955E-05 9.9955E-05 9.9955E-05 0.416683
0.194171 9.9964E-05 0.076007 0.0244105 0.0344884 9.9964E-05 9.9964E-05 9.9964E-05 0.670523
0.521853 0.0156596 9.9955E-05 9.9955E-05 9.9955E-05 9.9955E-05 9.9955E-05 0.02778 0.434208
0.174657 9.99549E-05 9.99549E-05 9.99549E-05 0.101025 9.99549E-05 0.00326108 9.99549E-05 0.720557
0.331283 0.020217 0.0410459 9.9973E-05 9.9973E-05 0.00506227 9.9973E-05 0.037578 0.564513
0.478285 0.0780762 0.00741611 9.9973E-05 9.9973E-05 0.0154169 0.0985258 9.9973E-05 0.32198
0.375852 0.0171742 0.0735863 9.9982E-05 0.0819865 9.9982E-05 0.093904 0.091699 0.265598
0.435842 0.0430131 9.9991E-05 0.0848719 0.0478102 0.101926 0.0657972 0.140588 0.0800512
0.417563 0.0227222 9.9973E-05 9.9973E-05 0.0709397 0.154316 9.9973E-05 0.141618 0.192542
0.35855 0.00368103 0.0595187 0.170523 9.9982E-05 0.13712 9.9982E-05 0.249108 0.0212992
0.323652 0.0170406 0.0889802 0.109049 0.0540258 0.152743 0.0208487 0.178514 0.0551466
0.408369 9.9982E-05 0.0658588 0.133657 0.0786598 0.128372 0.0427927 0.142091 9.9982E-05
0.423485 0.0639376 0.0397263 9.9991E-05 0.0125431 0.167816 0.0806801 0.126792 0.0849201
9.9973E-05 0.0208402 0.0259901 0.0851908 9.9973E-05 0.175643 9.9973E-05 0.110377 0.581659
0.521747 9.9973E-05 0.0165886 0.0280035 9.9973E-05 0.112436 9.9973E-05 0.225142 0.0957831
9.9955E-05 9.9955E-05 9.9955E-05 0.107011 9.9955E-05 0.369996 9.9955E-05 0.0773357 0.445158
0.467867 9.9964E-05 9.9964E-05 9.9964E-05 9.9964E-05 0.0522938 0.014875 0.203131 0.261434
0.0365163 9.9955E-05 9.9955E-05 0.02432 9.9955E-05 9.9955E-05 0.115472 9.9955E-05 0.823192
9.9937E-05 9.9937E-05 9.9937E-05 9.9937E-05 0.0977407 9.9937E-05 9.9937E-05 9.9937E-05 0.90156
0.437703 0.0177521 9.9964E-05 9.9964E-05 0.0609847 9.9964E-05 0.0270002 9.9964E-05 0.45616
0.594033 0.015495 9.9955E-05 9.9955E-05 0.0101379 9.9955E-05 9.9955E-05 9.9955E-05 0.379834
0.390588 9.9955E-05 9.9955E-05 9.9955E-05 0.0631137 9.9955E-05 0.00534944 9.9955E-05 0.540449
0.458909 9.9946E-05 9.9946E-05 9.9946E-05 9.9946E-05 9.9946E-05 0.0558461 9.9946E-05 0.484645
0.439582 9.9946E-05 9.9946E-05 9.9946E-05 9.9946E-05 9.9946E-05 9.9946E-05 0.0564081 0.50341
0.0732234 0.054677 9.9973E-05 9.9973E-05 9.9973E-05 0.747559 0.0158968 0.0322938 0.0760498
9.9973E-05 0.030929 0.0549396 9.9973E-05 0.0855166 0.691194 9.9973E-05 0.10051 0.0366104
0.00216802 0.042848 0.0448168 9.9964E-05 9.9964E-05 0.856425 9.9964E-05 0.0533422 9.9964E-05
0.0555413 0.165085 9.9946E-05 9.9946E-05 9.9946E-05 0.778774 9.9946E-05 9.9946E-05 9.9946E-05
0.487649 0.0604619 9.9982E-05 0.0307629 0.0273863 9.9982E-05 0.359795 0.0216416 0.012104
0.42676 0.0315997 0.0504694 9.9991E-05 0.0518549 0.0470973 0.255605 0.0476177 0.0888954
0.459172 0.02124 9.9955E-05 9.9955E-05 0.0772127 9.9955E-05 0.441876 9.9955E-05 9.9955E-05
0.567646 0.00832159 0.0452394 9.9973E-05 0.0108866 0.113136 0.254471 9.9973E-05 9.9973E-05
0.483953 9.9973E-05 0.163764 0.0118021 9.9973E-05 0.066494 0.227917 0.0457694 9.9973E-05
0.201277 0.00782078 9.9973E-05 0.143975 0.064495 0.0086675 0.573465 9.9973E-05 9.9973E-05
0.537625 9.9973E-05 9.9973E-05 9.9973E-05 0.00899151 0.055959 0.361696 0.00168029 0.0337482
0.226893 0.0502981 9.9964E-05 0.0925219 9.9964E-05 9.9964E-05 0.50661 9.9964E-05 0.123277
0.539852 0.0411324 9.9973E-05 0.0163374 9.9973E-05 0.228863 9.9973E-05 0.113137 0.0603788
0.381402 9.9982E-05 0.00167372 0.0195677 0.0361594 9.9982E-05 0.447002 0.0552551 0.0587396
0.313681 0.0502711 0.0897359 9.9955E-05 9.9955E-05 9.9955E-05 0.545813 9.9955E-05 9.9955E-05
0.524486 9.9964E-05 9.9964E-05 9.9964E-05 0.00956872 9.9964E-05 0.314502 0.0114151 0.139629
0.347158 0.00627988 0.0413259 9.9973E-05 9.9973E-05 0.0117916 0.483051 9.9973E-05 0.110094
0.564959 0.00713283 0.00174807 9.9964E-05 9.9964E-05 9.9964E-05 0.341746 9.9964E-05 0.0840137
0.55804 9.9973E-05 0.0292662 9.9973E-05 9.9973E-05 0.0563852 0.294735 0.000157566 0.0611167
0.0824033 9.99461E-05 9.99461E-05 9.99461E-05 9.99461E-05 9.99461E-05 0.84807 9.99461E-05 0.0689273
0.253156 9.9991E-05 0.00473329 0.0426989 0.054711 0.00706338 0.553888 0.010343 0.0733056
0.309047 0.0559678 0.0303483 9.9955E-05 9.9955E-05 9.9955E-05 0.604137 9.9955E-05 9.9955E-05
9.9946E-05 9.9946E-05 9.9946E-05 0.156657 9.9946E-05 9.9946E-05 0.804324 9.9946E-05 0.0384191
0.42222 0.0139579 0.0733485 0.0121872 0.0816813 9.9982E-05 0.348946 9.9982E-05 0.0474599
0.0400313 0.0110486 0.0490843 0.233674 9.9973E-05 9.9973E-05 0.601522 9.9973E-05 0.0643392
9.9946E-05 9.9946E-05 9.9946E-05 0.199196 9.9946E-05 9.9946E-05 0.774664 9.9946E-05 0.0255405
0.53835 0.0227194 9.9955E-05 9.9955E-05 9.9955E-05 9.9955E-05 0.338882 9.9955E-05 0.0995489
0.174742 9.9964E-05 9.9964E-05 9.9964E-05 0.167938 0.0371796 0.598901 9.9964E-05 0.0208392
0.301502 9.9973E-05 0.00900021 0.0518193 0.135336 9.9973E-05 0.393153 0.108889 9.9973E-05
0.521149 0.0392753 0.109383 0.0358847 9.9991E-05 0.0626339 0.144941 0.0823599 0.00427369
0.523824 9.9973E-05 0.0045795 0.0698987 0.0807835 0.00124392 0.31937 9.9973E-05 9.9973E-05
0.316198 9.9973E-05 9.9973E-05 0.0851894 0.45457 9.9973E-05 0.00728671 0.038606 0.0978503
0.483395 9.9973E-05 0.0422088 9.9973E-05 0.0622216 9.9973E-05 0.302316 0.0378779 0.0716805
0.444921 0.0111922 9.9973E-05 9.9973E-05 0.186325 0.0213185 0.296925 0.0390175 9.9973E-05
0.280373 9.9946E-05 9.9946E-05 0.0644943 9.9946E-05 9.9946E-05 0.654533 9.9946E-05 9.9946E-05
0.555288 0.0327539 0.069524 0.0436831 9.9982E-05 0.0889899 0.205611 0.00395007 9.9982E-05
9.9973E-05 0.0511172 0.155165 0.053093 0.122553 0.599268 0.0185038 9.9973E-05 9.9973E-05
0.0025996 0.0637026 0.0694831 0.00315684 0.0708757 0.681355 0.108627 9.9982E-05 9.9982E-05
9.9964E-05 0.130767 0.0999489 0.0569545 0.0443434 0.667586 9.9964E-05 9.9964E-05 9.9964E-05
9.9955E-05 0.107722 0.14789 0.024502 9.9955E-05 0.719386 9.9955E-05 9.9955E-05 9.9955E-05
0.0191044 0.0368252 0.198095 0.0157142 0.0287272 0.701234 9.9973E-05 9.9973E-05 9.9973E-05
0.104137 9.9964E-05 0.02741 9.9964E-05 0.0932996 0.057093 0.717661 9.9964E-05 9.9964E-05
0.0621541 0.0507457 0.037038 0.0352098 0.156119 0.020276 0.636165 9.9991E-05 0.00219242
