9.9964E-05 0.0371193 0.0219376 0.0368292 9.9964E-05 0.853474 0.0502404 9.9964E-05 9.9964E-05
9.9946E-05 9.9946E-05 9.9946E-05 9.9946E-05 9.9946E-05 0.93844 0.0228393 9.9946E-05 0.0381208
9.9973E-05 0.0273668 0.0229207 0.132081 9.9973E-05 0.780703 0.0329209 0.00370792 9.9973E-05
9.9973E-05 0.0332295 0.033826 0.0712443 0.0530745 0.732959 0.0753665 9.9973E-05 9.9973E-05
9.9964E-05 9.9964E-05 0.0660925 0.0453421 9.9964E-05 0.804198 0.0611047 9.9964E-05 0.0228625
9.9955E-05 9.9955E-05 0.113871 9.9955E-05 9.9955E-05 0.538915 0.0177736 0.32894 9.9955E-05
9.9937E-05 9.9937E-05 9.9937E-05 9.9937E-05 9.9937E-05 0.775026 9.9937E-05 0.224275 9.9937E-05
9.9946E-05 9.9946E-05 9.9946E-05 9.9946E-05 9.9946E-05 0.717284 0.0287672 0.253349 9.9946E-05
0.0574488 0.0922951 9.99639E-05 9.99639E-05 0.00300737 0.807369 0.0394801 9.99639E-05 9.99639E-05
9.9955E-05 9.9955E-05 0.1348 9.9955E-05 9.9955E-05 0.626939 0.0321194 0.205642 9.9955E-05
9.9955E-05 9.9955E-05 9.9955E-05 9.9955E-05 0.0237378 0.681577 0.0177522 0.276433 9.9955E-05
9.9955E-05 9.9955E-05 0.117488 0.0379409 0.791892 9.9955E-05 9.9955E-05 0.0521793 9.9955E-05
9.9964E-05 0.0121129 0.109159 0.424198 0.437435 9.9964E-05 9.9964E-05 0.0166954 9.9964E-05
9.9982E-05 0.10369 0.0137313 0.143419 0.725819 0.000142254 9.9982E-05 0.00912825 0.00387012
9.9964E-05 0.0165586 0.108355 0.185754 0.654812 0.0341211 9.9964E-05 9.9964E-05 9.9964E-05
9.9973E-05 9.9973E-05 0.12232 0.24339 0.39324 0.12592 0.0150214 0.0998093 9.9973E-05
9.9964E-05 9.9964E-05 0.106991 0.510563 0.302822 0.037318 9.9964E-05 9.9964E-05 0.0419062
0.142184 9.9964E-05 0.146091 0.270375 0.4289 9.9964E-05 9.9964E-05 0.0120512 9.9964E-05
9.9955E-05 9.9955E-05 0.0886797 0.202825 0.592384 0.115612 9.9955E-05 9.9955E-05 9.9955E-05
9.9946E-05 9.9946E-05 9.9946E-05 9.9946E-05 0.800901 0.0367792 9.9946E-05 0.16172 9.9946E-05
0.104167 9.9991E-05 0.0996101 0.314119 0.346554 0.0112275 0.0573912 0.0492438 0.0175869
0.0204518 0.0614468 0.0523162 0.356937 0.252228 0.0187986 0.0259191 0.211802 9.9991E-05
0.121418 9.9982E-05 9.9982E-05 0.469058 0.168656 0.101292 0.00266214 0.110548 0.0261659
0.0161561 9.9964E-05 0.133898 0.0869582 0.644269 9.9964E-05 9.9964E-05 0.118319 9.9964E-05
9.9982E-05 0.00240829 0.0281399 0.576019 0.137849 0.0718864 0.083009 0.100489 9.9982E-05
9.9973E-05 9.9973E-05 0.0198482 0.468575 0.434144 0.045161 0.000298383 0.0316732 9.9973E-05
0.0579783 9.9955E-05 0.128275 9.9955E-05 0.802 0.0112469 9.9955E-05 9.9955E-05 9.9955E-05
9.9937E-05 9.9937E-05 0.220815 9.9937E-05 0.778485 9.9937E-05 9.9937E-05 9.9937E-05 9.9937E-05
0.00383039 0.0074803 0.00561523 0.0740444 0.768949 0.0186627 9.9991E-05 0.101119 0.0201983
9.9946E-05 9.9946E-05 0.0618671 0.11245 9.9946E-05 0.825084 9.9946E-05 9.9946E-05 9.9946E-05
9.9937E-05 9.9937E-05 9.9937E-05 0.171074 9.9937E-05 0.828226 9.9937E-05 9.9937E-05 9.9937E-05
0.0111451 9.9991E-05 0.0400574 0.138891 0.0099298 0.774127 0.0115239 0.0140023 0.000223864
0.0833131 0.0281012 0.0642195 0.109253 9.9964E-05 0.714714 9.9964E-05 9.9964E-05 9.9964E-05
0.180672 9.9982E-05 9.9982E-05 0.529053 0.141411 0.0402907 0.0610869 0.0360456 0.0112406
0.368588 9.9982E-05 0.0494962 0.45645 0.0211746 0.0592809 0.0160343 0.0287765 9.9982E-05
0.379538 9.9955E-05 9.9955E-05 0.517279 9.9955E-05 0.067642 9.9955E-05 0.0350411 9.9955E-05
0.0218732 9.9973E-05 9.9973E-05 0.00831475 0.65335 0.11912 0.178246 0.0187966 9.9973E-05
0.636507 0.00386231 0.0411578 0.286017 9.9973E-05 0.0271404 9.9973E-05 0.00501482 9.9973E-05
0.317773 9.9973E-05 9.9973E-05 0.388062 0.0783931 0.129806 0.0832334 9.9973E-05 0.00243289
0.154988 9.9973E-05 0.0519222 0.636416 9.9973E-05 0.00288187 9.9973E-05 0.0908383 0.0626531
9.9964E-05 9.9964E-05 9.9964E-05 0.565558 9.9964E-05 0.0791196 0.0310247 0.298235 0.0256625
0.0589546 9.9973E-05 9.9973E-05 0.56487 0.0883658 0.128824 0.015714 0.142972 9.9973E-05
0.591275 0.0154442 9.9964E-05 0.0913353 0.268015 0.0335311 9.9964E-05 9.9964E-05 9.9964E-05
9.9964E-05 9.9964E-05 0.0372835 0.525836 0.0416238 0.0173624 9.9964E-05 0.377494 9.9964E-05
0.233764 9.9973E-05 0.111121 0.404647 9.9973E-05 9.9973E-05 0.0279649 0.129399 0.0928043
0.105675 0.0428836 0.0489338 0.453036 0.0176001 0.131096 0.104731 0.0959439 9.9991E-05
0.634192 0.0420669 9.9955E-05 0.310354 0.0128873 9.9955E-05 9.9955E-05 9.9955E-05 9.9955E-05
0.278121 9.9964E-05 9.9964E-05 0.629841 9.9964E-05 0.0542902 0.0128481 0.0244999 9.9964E-05
0.232836 0.0642671 0.0612027 0.505073 0.0572686 0.0289344 0.050218 9.9982E-05 9.9982E-05
0.710099 0.213818 9.9955E-05 9.9955E-05 9.9955E-05 9.9955E-05 0.0166182 9.9955E-05 0.0589653
0.15765 0.0341332 9.9982E-05 0.157816 0.27821 9.9982E-05 0.230452 0.00996258 0.131577
0.211791 0.139755 9.9964E-05 9.9964E-05 0.295293 9.9964E-05 9.9964E-05 0.218277 0.134484
0.0432621 0.0565499 0.0343144 0.536768 0.156176 0.0435244 0.0500054 0.0561071 0.0232931
9.9973E-05 9.9973E-05 0.0284034 0.539691 0.138576 0.0299843 9.9973E-05 0.141013 0.122033
0.0274362 0.0953318 0.0385659 0.63912 0.102039 0.0457114 0.0515958 9.9982E-05 9.9982E-05
0.257887 0.0202339 0.00503669 0.142708 0.156738 0.0427541 0.240594 0.0872383 0.0468102
0.177146 0.0264655 9.9973E-05 0.516165 0.162759 9.9973E-05 0.116767 9.9973E-05 0.000397509
0.0655079 0.0892996 0.103171 0.446562 0.213505 9.9991E-05 0.0178279 0.0434403 0.0205864
0.203822 9.9982E-05 0.0362038 0.236229 0.241344 0.133829 9.9982E-05 0.123603 0.0247691
0.0759215 0.136266 0.0363724 9.9991E-05 0.320724 0.130343 0.128434 0.157822 0.0140174
0.0015398 0.033999 0.0183458 0.519097 0.209082 0.0478807 0.0123043 0.157651 9.9991E-05
9.9973E-05 0.113595 9.9973E-05 0.447011 0.341253 0.011607 0.0631183 9.9973E-05 0.0231158
0.0733288 9.9973E-05 9.9973E-05 9.9973E-05 0.510945 0.0552017 0.213991 0.119509 0.0267251
0.0317765 9.9964E-05 9.9964E-05 0.460015 0.366084 9.9964E-05 0.00593603 9.9964E-05 0.135789
9.9982E-05 0.0747502 9.9982E-05 0.550239 0.0979184 0.0216157 0.0217799 0.0926317 0.140865
9.9973E-05 0.057918 9.9973E-05 0.538862 0.197131 0.0541855 0.102568 0.049035 9.9973E-05
0.116728 0.0508877 0.00361277 0.233549 0.36829 0.0411425 0.0631372 0.0602675 0.0623848
0.0592069 0.0497731 0.048047 0.471658 0.24881 9.9982E-05 9.9982E-05 0.0589818 0.0633232
9.9982E-05 0.0749753 9.9982E-05 0.557841 0.14971 0.0553682 0.0585839 0.0303562 0.0729654
0.106428 0.074689 9.9982E-05 0.159069 0.460378 0.00857156 0.103727 9.9982E-05 0.0869374
0.427054 9.9964E-05 0.0081501 0.489705 0.0331969 9.9964E-05 0.0414946 9.9964E-05 9.9964E-05
0.663069 9.9964E-05 0.0129365 0.132254 0.178808 0.0125321 9.9964E-05 9.9964E-05 9.9964E-05
0.166829 0.0818357 9.9964E-05 0.571695 0.133269 9.9964E-05 0.0459712 9.9964E-05 9.9964E-05
0.867743 0.0399672 9.9955E-05 9.9955E-05 9.9955E-05 9.9955E-05 0.0263595 0.0654308 9.9955E-05
0.883431 0.0602779 9.9964E-05 9.9964E-05 0.0227277 9.9964E-05 0.0274587 9.9964E-05 0.00570505
0.676646 9.9946E-05 9.9946E-05 0.271304 0.0514503 9.9946E-05 9.9946E-05 9.9946E-05 9.9946E-05
0.439499 0.0416195 9.9955E-05 0.483522 9.9955E-05 9.9955E-05 9.9955E-05 0.0348604 9.9955E-05
0.195005 9.9991E-05 0.0552706 0.496777 0.0867121 0.105474 0.0414056 0.00128197 0.0179735
0.379706 0.0308795 9.9964E-05 0.435455 0.127162 0.0263976 9.9964E-05 9.9964E-05 9.9964E-05
0.620485 9.9973E-05 0.057721 0.0710018 0.130833 0.0290789 0.09058 9.9973E-05 9.9973E-05
0.563416 9.9955E-05 9.9955E-05 0.210796 9.9955E-05 0.0498827 0.175405 9.9955E-05 9.9955E-05
0.303554 9.9973E-05 0.0816823 0.441983 9.9973E-05 0.0895966 0.0417706 9.9973E-05 0.041114
0.58747 9.9973E-05 0.0372027 0.262869 0.0745635 0.034786 9.9973E-05 9.9973E-05 0.00280845
0.395357 9.9964E-05 9.9964E-05 0.414822 0.0569001 0.0369268 9.9964E-05 0.0955936 9.9964E-05
0.585437 9.9964E-05 9.9964E-05 0.381934 9.9964E-05 0.0149912 9.9964E-05 0.00674622 0.0104916
0.732725 0.121746 9.9955E-05 9.9955E-05 9.9955E-05 9.9955E-05 9.9955E-05 0.0777246 0.067304
0.230402 9.9973E-05 0.0122888 0.551201 9.9973E-05 0.0110295 0.117381 0.0773982 9.9973E-05
9.9955E-05 9.9955E-05 0.0469835 0.0784239 0.0596528 0.81444 9.9955E-05 9.9955E-05 9.9955E-05
9.99371E-05 9.99371E-05 9.99371E-05 0.10861 9.99371E-05 0.890691 9.99371E-05 9.99371E-05 9.99371E-05
9.9955E-05 0.0409891 0.00220654 0.136193 9.9955E-05 0.820111 9.9955E-05 9.9955E-05 9.9955E-05
9.9946E-05 0.113084 9.9946E-05 0.0664853 9.9946E-05 0.819831 9.9946E-05 9.9946E-05 9.9946E-05
9.9955E-05 0.0745979 9.9955E-05 0.0858767 9.9955E-05 0.820745 9.9955E-05 9.9955E-05 0.0182801
0.0264461 0.0540332 0.003108 0.0395351 9.9973E-05 0.864457 9.9973E-05 9.9973E-05 0.0121212
9.9964E-05 0.0321499 0.0441012 0.0292416 9.9964E-05 0.878066 9.9964E-05 0.0160414 9.9964E-05
0.063711 0.0500018 0.0485878 0.547156 0.0708123 0.0159418 0.0914237 9.9991E-05 0.112266
0.195083 9.9991E-05 0.0576459 0.45509 0.0953327 0.0867568 0.0216953 0.0418564 0.0464396
0.770666 0.0105767 9.9973E-05 0.0235985 0.143015 0.0412833 0.010561 9.9973E-05 9.9973E-05
0.174743 0.0770357 0.0765373 0.468701 0.137452 0.0652318 9.9973E-05 9.9973E-05 9.9973E-05
0.433009 9.9991E-05 0.0261521 0.375616 0.00912653 0.0677757 0.0338916 0.0281506 0.0261784
0.261753 9.9964E-05 0.0227305 0.600464 9.9964E-05 0.0398288 9.9964E-05 9.9964E-05 0.0748241
0.264176 9.9973E-05 9.9973E-05 0.481109 0.0736337 0.0765087 9.9973E-05 0.0629513 0.041322
0.477368 9.9955E-05 0.106498 0.398616 9.9955E-05 9.9955E-05 9.9955E-05 9.9955E-05 0.017019
0.744993 9.9955E-05 9.9955E-05 9.9955E-05 0.111274 0.0703992 0.0728343 9.9955E-05 9.9955E-05
0.0853678 0.105091 9.9982E-05 0.416258 0.13008 0.162742 0.0371336 9.9982E-05 0.0631288
0.101257 0.0538081 9.9973E-05 0.67797 0.0823164 0.0592807 0.025068 9.9973E-05 9.9973E-05
0.0425737 9.9991E-05 0.1083 0.550676 0.0630482 0.0220689 0.115552 0.0744286 0.0232524
0.592018 0.0422387 0.0244672 0.237166 0.0265593 0.000777307 9.9991E-05 0.0249545 0.0517193
0.348923 9.9973E-05 9.9973E-05 0.540813 0.0291086 0.0223557 9.9973E-05 0.0192603 0.0392391
0.409461 0.0132822 9.9973E-05 0.351925 0.143269 0.00845622 0.073307 9.9973E-05 9.9973E-05
0.6217 9.9955E-05 0.124716 0.248249 9.9955E-05 9.9955E-05 9.9955E-05 9.9955E-05 0.00483485
0.404956 9.9973E-05 9.9973E-05 0.439839 0.0233441 9.9973E-05 0.0565114 0.0222412 0.0528082
0.0886746 9.9973E-05 9.9973E-05 0.514782 9.9973E-05 0.188126 0.101454 0.0298199 0.0768436
9.9964E-05 0.12026 9.9964E-05 0.159734 0.394564 9.9964E-05 0.153722 9.9964E-05 0.17132
9.9982E-05 0.0403495 0.0173643 0.375191 0.17452 0.105612 0.159917 0.126847 9.9982E-05
9.9982E-05 9.9982E-05 0.0721718 0.434247 0.191622 0.0880279 0.0220008 0.125083 0.0666479
0.0483927 9.9991E-05 0.0718843 0.540655 0.113859 0.0715284 0.0901237 0.0358203 0.0276366
9.9973E-05 0.0171105 9.9973E-05 0.40801 0.469368 0.0500907 0.035027 9.9973E-05 0.0200941
0.0311364 0.00570583 9.9982E-05 0.537019 0.15736 9.9982E-05 0.174066 0.0815055 0.0130074
9.9964E-05 0.0111955 9.9964E-05 0.443847 0.29989 9.9964E-05 0.124059 9.9964E-05 0.120609
0.0756307 0.0704358 0.00657615 0.466171 0.0268001 0.0811919 0.137678 9.9991E-05 0.135417
0.0267723 0.0801868 9.9982E-05 0.601933 0.12086 0.0492875 0.0554305 0.0653297 9.9982E-05
0.0345707 0.00629703 9.9991E-05 0.553521 0.276674 0.0158397 0.0162346 0.0257045 0.0710581
0.0223473 9.9955E-05 9.9955E-05 0.432354 0.240932 9.9955E-05 0.303866 9.9955E-05 9.9955E-05
9.9973E-05 0.0912936 9.9973E-05 0.647791 9.9973E-05 0.00864686 0.185374 0.0618296 0.00476517
0.0481097 0.0103316 0.01843 0.566992 0.078065 0.0850253 0.0588792 0.0911505 0.0430167
0.160045 9.9973E-05 0.0206186 0.505094 0.174935 9.9973E-05 0.135041 9.9973E-05 0.00396615
9.9991E-05 0.0430997 0.0748911 0.528578 0.0682127 0.00641819 0.154078 0.0822707 0.0423513
0.0912096 0.0724537 0.0604075 0.521156 0.104673 9.9973E-05 0.1498 9.9973E-05 9.9973E-05
9.9982E-05 0.103725 9.9982E-05 0.385397 0.27002 0.0840761 0.103483 0.0140524 0.0390457
9.9991E-05 0.00335076 0.0316685 0.585092 0.184729 0.00240206 0.111266 0.044218 0.0371736
9.9964E-05 0.0733672 9.9964E-05 0.658674 0.0901747 9.9964E-05 0.131323 9.9964E-05 0.0460616
0.0906813 9.9991E-05 0.0479359 0.181126 0.415068 0.00348059 0.138844 0.00274092 0.120023
0.0673452 0.199921 9.9982E-05 0.103676 0.300542 9.9982E-05 0.128773 0.0107488 0.188793
0.0335143 0.0819903 0.0469586 0.491231 0.196524 0.0071777 0.142404 9.9982E-05 9.9982E-05
0.116448 0.106282 9.9973E-05 0.110252 0.211995 9.9973E-05 0.178557 9.9973E-05 0.276168
0.0405254 9.9973E-05 9.9973E-05 0.257541 0.428811 0.0507031 0.141496 9.9973E-05 0.0806227
0.12294 9.9973E-05 9.9973E-05 0.379591 0.391049 9.9973E-05 0.0531735 0.0229918 0.0299545
0.183555 9.9973E-05 9.9973E-05 0.30505 0.306884 0.0409619 0.139735 9.9973E-05 0.0235133
0.0412032 9.9973E-05 9.9973E-05 0.25568 0.552282 0.0307083 0.0735847 9.9973E-05 0.0462422
0.0648717 9.9982E-05 0.0229533 0.526255 0.122506 0.0737025 0.017453 0.172059 9.9982E-05
9.9991E-05 0.0539206 0.0221762 0.545729 0.0343438 0.0804404 0.0928605 0.0990974 0.0713326
0.121244 9.9982E-05 9.9982E-05 0.554518 0.100367 0.0904052 0.0656246 0.0136322 0.0540092
0.135195 0.195683 9.9973E-05 0.138918 0.310713 9.9973E-05 0.160539 9.9973E-05 0.058651
0.0946839 0.0611775 0.0258642 0.472675 0.0311442 0.0660102 0.119688 0.0800846 0.0486721
0.140666 0.0688192 0.0442114 0.438632 0.0933722 0.0134077 9.9982E-05 0.200691 9.9982E-05
0.150661 0.199857 9.9982E-05 9.9982E-05 0.0476033 0.073052 0.0609356 0.326213 0.141478
0.00383958 9.9973E-05 9.9973E-05 0.591688 0.0221185 0.104203 9.9973E-05 0.177155 0.100695
0.123007 0.252976 9.9982E-05 0.303798 0.0247242 9.9982E-05 0.0568962 0.187674 0.0507246
0.0838596 0.148913 0.0675687 0.474892 0.0692441 9.9991E-05 0.0983358 0.0336101 0.0234769
0.0951154 0.262927 9.9973E-05 0.210757 0.0815243 9.9973E-05 0.0773878 0.271989 9.9973E-05
0.0813549 0.0268831 9.9991E-05 0.112948 0.121428 0.0509413 0.0593604 0.441757 0.105227
0.0566373 0.14551 9.9973E-05 0.447029 9.9973E-05 9.9973E-05 0.136372 0.119147 0.0950044
0.0108307 0.00650345 0.0875125 0.413132 0.0785782 0.11715 9.9991E-05 0.0655621 0.220631
0.111947 0.0954115 0.0483203 0.360241 9.9991E-05 0.0576316 0.0784603 0.149641 0.0982478
0.183709 0.144384 0.131974 9.9982E-05 0.219886 0.00916404 9.9982E-05 0.171552 0.139131
0.0480746 0.0445856 9.9991E-05 0.427561 0.0428674 0.0522138 0.0650428 0.193477 0.126078
0.108504 9.9964E-05 9.9964E-05 0.315892 0.211082 9.9964E-05 9.9964E-05 0.339808 0.0243137
0.219291 0.058951 9.9973E-05 0.328851 0.176407 9.9973E-05 9.9973E-05 0.184347 0.0318538
0.109728 0.0640938 0.0755559 0.561182 0.0305799 0.0338231 0.0687786 9.9991E-05 0.0561588
9.9982E-05 0.234772 0.141992 0.191136 0.0545121 0.271189 9.9982E-05 0.0909146 0.0152838
9.9964E-05 0.478309 0.061711 9.9964E-05 9.9964E-05 0.381624 9.9964E-05 0.0775987 0.000357689
9.9964E-05 0.401253 0.0754578 9.9964E-05 9.9964E-05 0.352199 9.9964E-05 0.0890681 0.0816221
9.9982E-05 0.241495 0.26065 0.0945199 0.000159997 0.287577 0.0149474 0.10045 9.9982E-05
0.0139772 9.9955E-05 9.9955E-05 0.567319 9.9955E-05 9.9955E-05 0.00649424 0.411709 9.9955E-05
9.9973E-05 9.9973E-05 0.0114876 0.472915 0.0519665 0.145483 9.9973E-05 0.139632 0.178216
9.9946E-05 9.9946E-05 0.645703 0.291426 0.0622718 9.9946E-05 9.9946E-05 9.9946E-05 9.9946E-05
0.00997587 0.0240999 0.479084 0.307162 0.175755 0.00326506 9.9982E-05 0.000458476 9.9982E-05
0.0266816 9.9991E-05 0.343005 0.316566 0.00407672 0.110393 0.0471119 0.112482 0.0395837
0.0644373 9.9973E-05 0.0113015 0.248226 0.0450077 9.9973E-05 9.9973E-05 0.447015 0.183713
0.0717051 0.0409711 0.0659451 0.487646 9.9991E-05 0.0195145 0.0893324 0.14101 0.0837763
0.00625536 0.0728616 9.9973E-05 0.0905443 0.07228 9.9973E-05 9.9973E-05 0.513633 0.244126
0.0570554 9.9964E-05 9.9964E-05 0.511458 0.0180448 9.9964E-05 9.9964E-05 0.283418 0.129624
0.0285972 0.0151386 0.0772212 0.324701 0.0700929 0.0125135 9.9991E-05 0.308408 0.163227
0.0126535 0.108677 0.0299342 0.501575 0.0676073 9.9982E-05 0.00187513 0.277478 9.9982E-05
0.116549 0.032489 9.9973E-05 0.1088 0.141235 9.9973E-05 9.9973E-05 0.4801 0.120527
0.0931753 9.9982E-05 0.0992194 0.5643 0.0327205 0.0445264 9.9982E-05 0.0596539 0.106205
0.0809864 0.0149876 0.0562746 0.459053 9.9991E-05 0.0620444 0.0560846 0.242453 0.0280166
9.9964E-05 9.9964E-05 0.932254 0.0259418 0.0143826 9.9964E-05 9.9964E-05 0.0156647 0.0113568
9.9955E-05 9.9955E-05 0.868732 0.0807616 9.9955E-05 9.9955E-05 9.9955E-05 0.0247112 0.0252952
0.101972 9.9973E-05 0.542878 0.224007 0.0626142 0.0350511 9.9973E-05 9.9973E-05 0.0331778
9.9946E-05 9.9946E-05 0.669425 0.305047 0.0249282 9.9946E-05 9.9946E-05 9.9946E-05 9.9946E-05
0.0537147 9.9964E-05 0.844618 0.061357 9.9964E-05 0.0228448 9.9964E-05 9.9964E-05 0.0170657
9.9937E-05 0.00483211 0.994468 9.9937E-05 9.9937E-05 9.9937E-05 9.9937E-05 9.9937E-05 9.9937E-05
9.9937E-05 9.9937E-05 0.963213 9.9937E-05 9.9937E-05 9.9937E-05 0.0360873 9.9937E-05 9.9937E-05
0.00558557 9.9946E-05 0.851674 0.14214 9.9946E-05 9.9946E-05 9.9946E-05 9.9946E-05 9.9946E-05
9.9937E-05 9.9937E-05 0.954391 9.9937E-05 9.9937E-05 9.9937E-05 0.0449094 9.9937E-05 9.9937E-05
9.993E-05 9.993E-05 0.999201 9.993E-05 9.993E-05 9.993E-05 9.993E-05 9.993E-05 9.993E-05
9.993E-05 9.993E-05 0.999201 9.993E-05 9.993E-05 9.993E-05 9.993E-05 9.993E-05 9.993E-05
9.9964E-05 9.9964E-05 0.695301 0.212311 9.9964E-05 0.0644467 9.9964E-05 0.0267241 0.000817512
9.9964E-05 0.0635365 0.758099 0.159815 9.9964E-05 0.0138944 0.0042551 9.9964E-05 9.9964E-05
0.0404987 9.9955E-05 0.952947 0.00107138 9.9955E-05 9.9955E-05 9.9955E-05 0.00498307 9.9955E-05
0.060438 0.0663586 0.381002 0.290431 0.143957 9.9973E-05 0.0575147 9.9973E-05 9.9973E-05
9.9964E-05 0.0182504 0.600003 0.233621 9.9964E-05 0.0349731 0.112753 9.9964E-05 9.9964E-05
0.0091306 0.0429696 0.721887 0.163744 0.0437344 0.0179359 0.000399402 9.9982E-05 9.9982E-05
9.9964E-05 9.9964E-05 0.857595 0.0538542 0.0479103 0.0400025 0.000238398 9.9964E-05 9.9964E-05
9.9955E-05 0.0333425 0.946144 0.0177976 9.9955E-05 0.00221613 9.9955E-05 9.9955E-05 9.9955E-05
9.9964E-05 9.9964E-05 0.912596 0.0260412 9.9964E-05 0.0485339 0.00683474 9.9964E-05 0.00559458
9.993E-05 9.993E-05 0.999201 9.993E-05 9.993E-05 9.993E-05 9.993E-05 9.993E-05 9.993E-05
9.9964E-05 9.9964E-05 0.637604 0.222353 0.010809 0.0148163 0.114018 9.9964E-05 9.9964E-05
0.0218152 9.9964E-05 0.896556 9.9964E-05 9.9964E-05 0.017044 0.0265924 9.9964E-05 0.0375924
9.9955E-05 0.250638 9.9955E-05 9.9955E-05 9.9955E-05 0.203329 9.9955E-05 0.506342 0.0391908
9.9973E-05 0.0638223 9.9973E-05 0.444918 9.9973E-05 0.197452 0.0733126 0.208122 0.012073
9.9982E-05 0.000625093 0.0639701 0.345306 9.9982E-05 0.189859 0.103205 0.276802 0.0200333
9.9982E-05 0.112794 0.125997 0.111512 9.9982E-05 0.171897 0.0166775 0.415416 0.0455055
0.121895 0.0737908 0.135034 0.341684 9.9991E-05 0.0192269 0.0398733 0.23086 0.0375352
0.0214432 0.212961 0.12445 0.10137 9.9982E-05 0.139765 9.9982E-05 0.373874 0.0259364
0.0780237 0.0189954 0.110504 0.42239 0.0363303 0.152497 0.00487175 0.132508 0.0438796
0.0209009 0.0711513 0.121736 0.253069 9.9982E-05 0.0820066 9.9982E-05 0.416304 0.034632
0.0824128 0.101525 0.0480982 0.448521 9.9982E-05 0.061446 0.000702737 0.257094 9.9982E-05
9.9964E-05 0.219074 0.19871 0.248762 9.9964E-05 0.039923 9.9964E-05 0.293131 9.9964E-05
9.9982E-05 9.9982E-05 0.121597 0.360059 0.0933149 0.130279 0.0217792 0.211843 0.0609284
9.9964E-05 9.9964E-05 9.9964E-05 0.058095 9.9964E-05 0.818222 0.0530038 0.0317594 0.0385203
9.9946E-05 9.9946E-05 0.0788041 9.9946E-05 9.9946E-05 0.866884 9.9946E-05 9.9946E-05 0.0537127
0.0445902 0.0294765 9.9946E-05 9.9946E-05 9.9946E-05 0.925334 9.9946E-05 9.9946E-05 9.9946E-05
9.9955E-05 0.0178629 9.9955E-05 0.0213146 9.9955E-05 0.920559 0.0397635 9.9955E-05 9.9955E-05
9.9973E-05 0.0137703 0.00380163 0.0772375 0.0107236 0.856663 0.0375043 9.9973E-05 9.9973E-05
9.9946E-05 0.0291171 0.117258 9.9946E-05 9.9946E-05 0.853026 9.9946E-05 9.9946E-05 9.9946E-05
9.9955E-05 0.0129191 0.0896621 0.0563885 9.9955E-05 0.84053 9.9955E-05 9.9955E-05 9.9955E-05
9.9973E-05 0.105569 0.00348605 0.00903631 0.0110838 0.821252 9.9973E-05 9.9973E-05 0.0492732
0.0186939 9.9964E-05 0.0199111 9.9964E-05 0.0317809 0.889687 9.9964E-05 9.9964E-05 0.0395272
9.9955E-05 0.105491 0.10201 9.9955E-05 0.0458474 0.746152 9.9955E-05 9.9955E-05 9.9955E-05
0.0632874 9.9964E-05 9.9964E-05 9.9964E-05 0.204865 0.627005 0.0377418 9.9964E-05 0.0667006
0.0215144 0.04588 0.0266121 9.9973E-05 0.13882 0.547904 0.21897 9.9973E-05 9.9973E-05
0.00707027 0.0585245 9.9982E-05 9.9982E-05 0.287059 0.497663 0.099929 0.0112007 0.0383529
0.058513 9.9964E-05 9.9964E-05 9.9964E-05 0.274225 0.455168 0.12733 0.0843631 9.9964E-05
0.206405 9.9964E-05 9.9964E-05 0.453764 0.213551 0.0548207 0.0710603 9.9964E-05 9.9964E-05
0.229917 9.9982E-05 0.000359207 0.521863 0.0709601 9.9982E-05 0.0946338 0.011956 0.0701109
0.0577019 9.9973E-05 9.9973E-05 0.525435 0.257518 0.0147588 0.0915699 0.0527164 9.9973E-05
0.194441 0.126489 9.9964E-05 0.343965 0.249549 9.9964E-05 0.0851559 9.9964E-05 9.9964E-05
0.118259 9.9973E-05 0.0389176 0.0866249 0.394617 9.9973E-05 0.334104 9.9973E-05 0.027177
0.200636 9.9991E-05 0.0236692 0.596789 0.0457952 0.0136927 0.0257368 0.0594288 0.0341521
0.254156 9.9964E-05 9.9964E-05 0.542355 0.160367 9.9964E-05 0.0383768 9.9964E-05 0.00434491
0.350333 9.9964E-05 9.9964E-05 0.4753 0.0660146 9.9964E-05 0.0572305 0.0507213 9.9964E-05
0.58855 9.9964E-05 0.0933795 0.240923 9.9964E-05 9.9964E-05 0.00567158 9.9964E-05 0.071076
0.159638 9.9964E-05 9.9964E-05 0.584274 9.9964E-05 0.0845052 0.1464 0.0247834 9.9964E-05
0.449433 9.9973E-05 9.9973E-05 0.388853 0.0147533 0.0168234 0.103236 9.9973E-05 0.0266015
0.774429 9.9955E-05 9.9955E-05 9.9955E-05 0.0573081 9.9955E-05 9.9955E-05 0.0144155 0.153347
0.0224381 0.0878571 9.9982E-05 0.508061 0.128461 0.0179457 0.0818429 9.9982E-05 0.153194
0.5853 0.150554 9.9964E-05 0.200118 9.9964E-05 9.9964E-05 9.9964E-05 0.0462941 0.0173343
0.377242 9.9964E-05 9.9964E-05 0.502405 0.0323324 0.0251234 9.9964E-05 9.9964E-05 0.0624978
0.675908 9.9964E-05 9.9964E-05 0.0714906 0.172969 0.00901645 0.0702161 9.9964E-05 9.9964E-05
9.9955E-05 0.00541009 9.9955E-05 9.9955E-05 9.9955E-05 0.0342321 0.779614 0.180244 9.9955E-05
9.9946E-05 9.9946E-05 0.026428 9.9946E-05 9.9946E-05 9.9946E-05 0.761217 0.211756 9.9946E-05
9.9946E-05 9.9946E-05 9.9946E-05 9.9946E-05 9.9946E-05 9.9946E-05 0.837824 0.0995196 0.062057
9.9955E-05 9.9955E-05 9.9955E-05 9.9955E-05 9.9955E-05 0.0582406 0.816909 0.104093 0.0202572
9.9964E-05 9.9964E-05 0.00863436 0.0799818 9.9964E-05 9.9964E-05 0.803189 0.0560658 0.0517288
9.9955E-05 9.9955E-05 0.0351921 0.11553 9.9955E-05 9.9955E-05 0.825343 0.023435 9.9955E-05
0.0196013 0.0259107 9.9955E-05 0.0885277 9.9955E-05 0.86546 9.9955E-05 9.9955E-05 9.9955E-05
9.9964E-05 0.111432 9.9964E-05 0.097808 0.0261146 0.757364 0.00688123 9.9964E-05 9.9964E-05
9.9964E-05 0.0233461 0.12114 0.0793213 9.9964E-05 0.760114 9.9964E-05 0.0156782 9.9964E-05
9.9955E-05 9.9955E-05 0.0909383 0.0406345 0.11056 0.757367 9.9955E-05 9.9955E-05 9.9955E-05
9.9982E-05 0.0201898 0.0772536 0.0492746 0.0403302 0.782134 0.00923715 0.0213805 9.9982E-05
0.0240989 0.0416775 9.9964E-05 9.9964E-05 9.9964E-05 0.324728 0.543422 0.0656739 9.9964E-05
0.0902691 0.00365157 9.9973E-05 9.9973E-05 9.9973E-05 0.448657 0.368998 0.018656 0.069468
0.0234133 9.9964E-05 0.0156217 9.9964E-05 9.9964E-05 0.419927 0.462196 9.9964E-05 0.0784421
9.9955E-05 9.9955E-05 0.0689209 0.104883 9.9955E-05 0.78225 0.0434466 9.9955E-05 9.9955E-05
0.144839 0.0595403 0.000748789 9.9973E-05 9.9973E-05 0.312145 0.477229 0.00519845 9.9973E-05
9.9964E-05 0.239955 0.290879 0.331849 9.9964E-05 0.135257 0.00165953 9.9964E-05 9.9964E-05
9.9982E-05 9.9982E-05 0.123951 0.565683 0.00497864 0.160273 0.0425609 0.0302258 0.0721279
9.9955E-05 9.9955E-05 0.245513 0.499188 9.9955E-05 0.217941 9.9955E-05 0.036858 9.9955E-05
9.9982E-05 0.0400162 0.211161 0.325248 0.0727138 0.217741 9.9982E-05 0.106492 0.0264274
9.9973E-05 9.9973E-05 0.0966494 0.531912 0.0450415 0.189952 0.015842 0.120302 9.9973E-05
9.9955E-05 0.281501 0.25988 9.9955E-05 9.9955E-05 0.332158 9.9955E-05 0.125961 9.9955E-05
9.9973E-05 0.0330044 9.9973E-05 0.388355 0.212441 9.9973E-05 0.176014 0.0740733 0.115811
0.166016 0.119179 9.9982E-05 0.31908 0.149082 9.9982E-05 0.0737761 0.0663773 0.106289
9.9955E-05 9.9955E-05 9.9955E-05 0.171617 0.668966 0.0915342 0.0673826 9.9955E-05 9.9955E-05
0.0929555 0.0320503 9.9973E-05 0.459612 0.0810194 9.9973E-05 0.0723144 9.9973E-05 0.261748
0.236812 0.165262 9.9964E-05 9.9964E-05 0.110866 9.9964E-05 0.0925319 9.9964E-05 0.394127
9.9982E-05 0.0213166 9.9982E-05 0.547836 0.156043 0.0716311 0.0517379 0.0506461 0.100589
0.106309 9.9982E-05 9.9982E-05 0.457369 0.0826881 0.0228132 0.0882547 0.0236041 0.218763
0.0769948 0.0137028 9.9982E-05 0.2775 0.49369 0.0216778 0.0965523 9.9982E-05 0.019682
0.0517404 0.0189161 0.146012 0.249724 0.156006 0.0942382 0.129066 0.0762065 0.0780908
0.126108 0.179461 9.9973E-05 9.9973E-05 0.440543 9.9973E-05 0.00722577 0.0904657 0.155897
9.9982E-05 0.0729055 0.0395767 0.44511 0.135408 9.9982E-05 0.134906 0.0903815 0.0815126
0.0343984 0.097843 9.9973E-05 0.510792 0.127799 9.9973E-05 0.203918 9.9973E-05 0.0249509
0.154714 9.9982E-05 0.16278 0.390952 0.0666373 0.160778 0.00676988 0.0571699 9.9982E-05
0.00760948 0.0696169 9.9982E-05 0.321337 0.366447 9.9982E-05 0.058177 0.0492402 0.127373
9.9982E-05 0.00300472 0.0288575 0.394776 0.283436 0.0362415 0.129409 9.9982E-05 0.124075
0.0531509 0.0385052 0.0570811 0.458757 0.133009 9.9982E-05 9.9982E-05 0.0907633 0.168534
0.101597 0.0928103 9.9982E-05 0.513539 0.163314 9.9982E-05 0.0483649 0.00272265 0.077452
0.0849762 0.0405757 9.9991E-05 0.619537 0.139704 0.0158483 0.0552005 0.0196649 0.0243933
0.122302 0.0487913 9.9982E-05 0.509245 0.0900081 0.0997762 0.0943247 9.9982E-05 0.0353531
0.0856076 0.181818 9.9982E-05 0.588302 0.079984 9.9982E-05 0.0527147 0.0046874 0.00668574
0.000896405 9.9964E-05 0.101177 0.127541 9.9964E-05 0.752881 9.9964E-05 0.0171053 9.9964E-05
0.035766 9.9973E-05 0.0528664 0.0725869 9.9973E-05 0.8267 9.9973E-05 0.00937939 0.00240118
0.0195785 0.0491935 9.9982E-05 0.0623292 0.016849 0.750336 0.0657764 9.9982E-05 0.0357374
0.0725916 0.0024282 0.0048742 0.0578106 9.9973E-05 0.776653 0.0853423 9.9973E-05 9.9973E-05
9.9955E-05 9.9955E-05 0.0372888 0.123626 9.9955E-05 0.832201 9.9955E-05 0.00638445 9.9955E-05
0.0134559 0.109151 9.9964E-05 0.0840546 0.64898 9.9964E-05 0.143959 9.9964E-05 9.9964E-05
9.9982E-05 0.184241 0.00622754 0.471959 0.262243 0.0466329 0.00829003 9.9982E-05 0.0202064
9.9982E-05 0.0997529 0.0925322 0.44937 9.9982E-05 0.16387 0.0121466 0.0658161 0.116312
0.0804912 0.0648753 0.0340316 0.609197 0.12003 9.9982E-05 0.022818 9.9982E-05 0.0683579
0.108365 0.0218553 9.9982E-05 0.445837 0.174702 0.0952987 0.122444 9.9982E-05 0.031298
9.9964E-05 0.170044 9.9964E-05 0.278726 0.266614 9.9964E-05 0.151373 9.9964E-05 0.132843
0.0226997 0.168316 9.9973E-05 9.9973E-05 0.489945 0.0565082 0.243898 9.9973E-05 0.0183343
0.124348 9.9991E-05 0.0247313 0.46858 0.113352 0.0305118 0.157835 0.0635648 0.016977
0.0157169 9.9991E-05 0.0259422 0.0909415 0.468246 0.086361 0.161822 0.0210969 0.129774
0.207717 0.0791716 9.9991E-05 0.429623 0.115249 0.0148745 0.0828488 0.0133652 0.0570514
0.0366088 0.0496605 0.0108102 0.00913903 0.530579 0.100715 0.144023 9.9991E-05 0.118365
0.0446413 0.0863333 0.00429796 0.606294 0.110547 0.0426998 0.104986 9.9982E-05 9.9982E-05
0.0246424 9.9973E-05 9.9973E-05 0.102183 0.620144 0.0946406 0.137632 0.0204577 9.9973E-05
0.0773826 0.076186 0.048198 0.230311 0.351798 0.0266197 0.0782055 0.0585429 0.0527563
0.0775408 0.0572447 0.00404698 0.424975 0.097121 0.0323079 0.0349488 0.271715 9.9991E-05
9.9973E-05 0.0639257 9.9973E-05 0.20431 0.0273656 9.9973E-05 0.0778018 0.520638 0.105659
0.0484032 9.9973E-05 0.0108859 0.45423 0.0841183 0.0691415 9.9973E-05 0.332921 9.9973E-05
0.143068 9.9982E-05 0.0374961 0.354326 0.118214 0.148566 0.0111147 0.187015 9.9982E-05
0.0635088 0.0179535 9.9982E-05 0.303048 0.034256 9.9982E-05 0.0259879 0.455544 0.0995016
0.0957232 0.0353803 0.0300497 0.439458 9.9991E-05 0.110602 0.0499126 0.160508 0.0782658
0.0222556 9.9973E-05 9.9973E-05 0.432861 9.9973E-05 0.0548575 0.0482235 0.351004 0.0904989
0.0772204 9.9973E-05 9.9973E-05 0.0301891 0.0219457 9.9973E-05 0.0138765 0.600443 0.256026
9.9955E-05 0.07251 9.9955E-05 0.148398 9.9955E-05 9.9955E-05 9.9955E-05 0.626556 0.152036
9.9973E-05 0.0066976 9.9973E-05 0.443517 0.0532832 9.9973E-05 0.00277618 0.374526 0.1189
0.102581 9.9964E-05 9.9964E-05 0.019571 0.144506 9.9964E-05 9.9964E-05 0.644009 0.0889333
0.0480442 0.104485 9.9964E-05 0.329435 0.164672 9.9964E-05 9.9964E-05 0.352964 9.9964E-05
9.9964E-05 0.108251 9.9964E-05 0.0740803 0.585689 9.9964E-05 0.215113 9.9964E-05 0.0164666
0.106752 0.0667303 9.9973E-05 0.203704 0.187682 9.9973E-05 0.184593 9.9973E-05 0.250239
0.0129479 0.0907123 0.00901553 0.344691 0.366808 9.9973E-05 0.175525 9.9973E-05 9.9973E-05
9.9973E-05 0.0871417 0.00979595 0.700829 0.118758 9.9973E-05 0.0760875 9.9973E-05 0.00708803
0.168546 9.9964E-05 9.9964E-05 0.201603 0.426954 9.9964E-05 0.16739 0.0351078 9.9964E-05
0.0236443 0.121338 0.0347484 0.522882 0.0144218 9.9982E-05 0.132685 9.9982E-05 0.150081
0.0910461 0.0438675 0.0223912 0.560566 0.0675441 0.0429872 0.153532 9.9991E-05 0.0179665
0.0362173 0.0797232 9.9982E-05 0.55027 0.191018 0.0269993 0.109335 9.9982E-05 0.00623756
0.0174367 0.0334704 0.0377265 0.489411 0.181547 0.0248108 0.1335 9.9991E-05 0.0819975
0.237521 9.9973E-05 0.0433782 0.315601 0.189054 0.0629765 0.151169 9.9973E-05 9.9973E-05
0.14994 0.0162431 0.0244984 0.209068 0.407149 9.9973E-05 0.192802 9.9973E-05 9.9973E-05
0.102931 0.00078575 0.100636 0.291577 0.227065 9.9982E-05 0.245874 9.9982E-05 0.030931
0.00502176 0.0746775 0.00235088 0.646263 0.216058 9.9982E-05 0.0461229 9.9982E-05 0.00930569
0.112002 0.0667856 0.000572101 0.546209 0.0571965 0.0278435 0.157827 9.9991E-05 0.0314644
0.0946875 0.123248 9.9982E-05 0.434267 0.0862314 0.021979 0.136849 9.9982E-05 0.102538
9.9973E-05 0.0767216 0.00598233 0.550118 0.0912526 9.9973E-05 0.173444 9.9973E-05 0.102181
9.9973E-05 0.0868161 0.0413284 0.358198 0.340975 0.024691 0.147691 9.9973E-05 9.9973E-05
0.0251011 9.9982E-05 9.9982E-05 0.584751 0.138119 0.0268434 0.0928332 0.0783252 0.0538265
9.9991E-05 0.0592958 0.119247 0.39695 0.163193 0.00214745 0.128782 0.0723286 0.0579565
9.9991E-05 0.0225186 0.100575 0.450292 0.158109 0.112538 0.0613123 0.0482899 0.0462647
0.0390816 0.103157 0.135122 0.299695 0.0437826 0.303403 9.9982E-05 0.0755585 9.9982E-05
0.160159 0.187551 0.179017 0.370391 9.9973E-05 0.0906122 9.9973E-05 9.9973E-05 0.0119701
9.9973E-05 0.162537 0.091227 0.503095 0.0953837 0.0876169 0.0598412 9.9973E-05 9.9973E-05
9.9982E-05 0.0959138 0.0145175 0.7067 9.9982E-05 0.0587982 0.036557 0.0653812 0.0219327
0.0733025 0.00551434 0.169264 0.527905 9.9973E-05 0.188646 9.9973E-05 9.9973E-05 0.0350681
9.9973E-05 9.9973E-05 0.0222883 0.415108 0.238372 9.9973E-05 0.0119655 0.142283 0.169683
0.0548623 0.117101 0.150565 0.411664 9.9991E-05 0.0621343 0.0471742 0.0651811 0.0912191
0.066302 0.366642 0.0805764 0.00622925 0.186375 0.0992254 9.9982E-05 0.19445 9.9982E-05
0.0486135 0.155127 0.0862247 0.446468 0.0537101 0.109081 0.0644867 0.0361888 9.9991E-05
0.042304 0.0285183 0.0919803 0.562035 0.00591041 0.0845551 0.0492326 0.0383035 0.0971604
0.133964 0.0691448 0.250055 0.347071 0.0854816 0.048428 0.0411654 9.9991E-05 0.0245899
0.0407151 0.206834 0.077453 0.322106 0.0861708 0.105354 0.000920127 0.11737 0.0430763
9.9973E-05 0.129445 0.0495149 0.582758 9.9973E-05 0.157498 9.9973E-05 0.0717245 0.00875947
9.9982E-05 0.102646 0.0860277 0.603213 0.0462912 0.0941216 0.0268279 9.9982E-05 0.0406728
0.0254621 0.466248 0.147405 9.9973E-05 9.9973E-05 0.317035 9.9973E-05 0.0248977 0.0186521
9.9955E-05 0.135113 0.171892 0.532862 9.9955E-05 0.159633 9.9955E-05 9.9955E-05 9.9955E-05
9.9973E-05 0.153166 0.192729 0.51171 9.9973E-05 0.0787476 0.0119817 0.0513656 9.9973E-05
0.0133978 0.0328571 0.0798424 0.566056 0.0915995 0.122954 9.9991E-05 0.00669767 0.0864958
9.9982E-05 0.0638447 0.1661 0.545134 0.0189475 0.154628 0.00282472 0.0483208 9.9982E-05
9.9982E-05 0.0180974 0.118384 0.474348 9.9982E-05 0.111634 0.0950356 0.132868 0.0494323
9.9973E-05 9.9973E-05 0.0891155 0.419092 9.9973E-05 0.0267222 0.0906521 0.0976351 0.276483
0.0562266 0.0712785 9.9991E-05 0.527527 0.0776216 0.0548543 0.0454932 0.0245061 0.142392
0.0729814 9.9955E-05 9.9955E-05 9.9955E-05 0.149645 9.9955E-05 9.9955E-05 0.0142033 0.762671
9.99369E-05 9.99369E-05 9.99369E-05 9.99369E-05 9.99369E-05 9.99369E-05 0.0565158 9.99369E-05 0.942785
0.0655861 9.9964E-05 0.0895434 0.426205 0.0560725 9.9964E-05 9.9964E-05 9.9964E-05 0.362193
9.9982E-05 0.0416882 0.235963 0.416813 0.11581 0.0510072 9.9982E-05 0.0331436 0.105376
0.0045194 0.198106 0.269506 0.364067 9.9973E-05 0.0283983 9.9973E-05 9.9973E-05 0.135103
9.9982E-05 0.259108 0.27145 0.160611 9.9982E-05 0.0810818 0.0240238 0.0407344 0.162792
9.9982E-05 0.123427 0.235237 0.298802 0.00578119 0.113926 9.9982E-05 0.00233607 0.22029
9.9964E-05 0.236602 0.0472614 0.0615341 9.9964E-05 9.9964E-05 9.9964E-05 0.0262712 0.627932
9.9964E-05 0.115761 0.0733969 0.0835658 9.9964E-05 0.0640823 9.9964E-05 9.9964E-05 0.662794
9.9973E-05 0.000216515 0.0838338 0.497476 9.9973E-05 0.0144819 0.0286448 9.9973E-05 0.375048
9.9973E-05 9.9973E-05 0.129452 0.390666 0.0491253 0.0211051 9.9973E-05 0.023651 0.385701
9.9964E-05 0.0333104 0.0568483 0.186431 9.9964E-05 0.0533173 9.9964E-05 9.9964E-05 0.669693
0.00265963 0.0543307 0.0245358 0.50441 0.0819962 0.0370952 0.019296 9.9991E-05 0.275577
9.9982E-05 0.0444977 0.0777417 0.45097 9.9982E-05 0.0267717 0.0142403 0.00593686 0.379642
0.111264 0.0122743 0.166735 0.406119 0.010199 0.132395 9.9991E-05 0.00919596 0.151718
0.0648388 9.9982E-05 9.9982E-05 0.254806 0.0572658 0.00203358 0.0516892 0.0427414 0.526425
9.9973E-05 9.9973E-05 0.0949583 0.279026 0.187594 9.9973E-05 0.00891005 0.0198937 0.409318
0.0549895 9.9982E-05 0.0565886 0.479456 9.9982E-05 0.0527423 0.000645144 0.0455636 0.309815
9.9955E-05 9.9955E-05 9.9955E-05 0.373603 9.9955E-05 0.0746486 0.142449 9.9955E-05 0.4088
0.198439 0.0847934 0.166521 0.278155 9.9991E-05 0.00463835 0.0990103 0.0175667 0.150775
9.9964E-05 0.0135867 9.9964E-05 0.36164 0.124772 9.9964E-05 9.9964E-05 0.114029 0.385572
9.9946E-05 9.9946E-05 9.9946E-05 0.185181 9.9946E-05 9.9946E-05 0.0668215 9.9946E-05 0.747398
0.00235973 9.9964E-05 9.9964E-05 0.548986 9.9964E-05 0.0612012 9.9964E-05 0.0374401 0.349613
0.0423921 9.9964E-05 9.9964E-05 0.169536 0.00659616 9.9964E-05 0.00265792 9.9964E-05 0.778417
0.00223557 9.9982E-05 0.0136696 0.357243 9.9982E-05 0.0118763 0.0437163 0.0266752 0.544384
0.105853 0.0362947 0.0692077 0.467911 9.9991E-05 0.0475886 0.0251754 0.0490523 0.198817
0.040955 9.9982E-05 0.00650403 0.457696 0.0542703 0.0218089 0.0275467 9.9982E-05 0.39102
0.00977234 0.0955897 0.0715479 0.556193 0.00216412 0.143743 0.0752557 9.9991E-05 0.0456345
9.9982E-05 0.173611 0.055553 0.444384 0.0847027 0.0789826 0.00783147 9.9982E-05 0.154735
0.0866448 0.166443 0.217431 0.288774 9.9991E-05 0.0494065 0.0651995 0.100642 0.0253589
9.9982E-05 0.0698323 0.183528 0.303264 9.9982E-05 0.0699531 0.133327 0.136006 0.103889
0.149279 9.9973E-05 0.126227 0.45811 9.9973E-05 0.152164 0.0247371 0.0891827 9.9973E-05
9.9982E-05 0.058045 0.133126 0.402529 0.0453285 0.0832331 0.0908827 9.9982E-05 0.186655
9.9964E-05 0.0755146 0.152973 9.9964E-05 9.9964E-05 0.131908 9.9964E-05 0.0147052 0.6245
9.9964E-05 9.9964E-05 0.203981 0.548191 9.9964E-05 0.0678678 0.101463 9.9964E-05 0.0780971
9.9955E-05 0.146911 0.0849916 9.9955E-05 9.9955E-05 0.349327 9.9955E-05 9.9955E-05 0.41827
9.9955E-05 9.9955E-05 0.169082 0.500716 9.9955E-05 0.0555863 9.9955E-05 9.9955E-05 0.274117
0.145155 0.035591 9.9955E-05 0.0862209 9.9955E-05 9.9955E-05 9.9955E-05 9.9955E-05 0.732534
0.112227 9.9946E-05 9.9946E-05 9.9946E-05 0.0658583 9.9946E-05 9.9946E-05 9.9946E-05 0.821315
9.9946E-05 9.9946E-05 9.9946E-05 0.456024 0.0985645 9.9946E-05 9.9946E-05 9.9946E-05 0.444812
9.9946E-05 9.9946E-05 9.9946E-05 0.665672 9.9946E-05 0.0206849 9.9946E-05 9.9946E-05 0.313043
0.0135527 9.9964E-05 9.9964E-05 0.359628 0.0337905 9.9964E-05 9.9964E-05 0.0684456 0.524183
0.108158 9.9955E-05 9.9955E-05 0.501744 9.9955E-05 0.0110092 9.9955E-05 9.9955E-05 0.378588
9.9937E-05 9.9937E-05 9.9937E-05 0.524909 9.9937E-05 9.9937E-05 9.9937E-05 9.9937E-05 0.474391
0.0499171 9.9982E-05 0.0453363 0.0326066 0.000677134 0.757314 9.9982E-05 0.0349792 0.07897
9.9973E-05 9.9973E-05 0.12409 9.9973E-05 0.00167807 0.691434 0.109047 0.0389883 0.0344621
9.9955E-05 0.0167281 0.0901487 9.9955E-05 0.0293021 0.863321 9.9955E-05 9.9955E-05 9.9955E-05
9.9955E-05 0.03026 9.9955E-05 0.0410971 9.9955E-05 0.908708 9.9955E-05 9.9955E-05 0.0194349
0.351484 0.0387347 0.0146773 0.489096 0.0735827 0.0265509 0.00567437 9.9982E-05 9.9982E-05
0.387229 0.0127615 0.0241613 0.474428 0.0116602 0.0593482 0.0302124 9.9982E-05 9.9982E-05
0.405456 9.9955E-05 9.9955E-05 0.48409 0.088275 9.9955E-05 0.0216787 9.9955E-05 9.9955E-05
0.237523 9.9946E-05 9.9946E-05 0.581204 9.9946E-05 0.180673 9.9946E-05 9.9946E-05 9.9946E-05
0.183922 9.9973E-05 0.0776631 0.457229 9.9973E-05 0.0850382 0.15055 0.0452979 9.9973E-05
0.441066 9.9973E-05 9.9973E-05 0.163664 0.122159 9.9973E-05 0.019816 0.157285 0.0957102
0.27776 0.0136266 9.9973E-05 0.550632 0.122486 0.0260071 9.9973E-05 9.9973E-05 0.00918828
0.534817 0.0150618 9.9973E-05 0.272402 9.9973E-05 0.00264732 9.9973E-05 0.109404 0.0653672
9.9973E-05 0.0384861 0.145368 0.50745 9.9973E-05 0.202408 0.0163471 9.9973E-05 0.0896403
0.358571 0.0985086 0.00951883 0.46701 9.9973E-05 9.9973E-05 0.0640754 9.9973E-05 0.00201587
0.505894 9.9973E-05 9.9973E-05 0.307337 0.0925518 0.00734049 0.0754637 0.0111139 9.9973E-05
0.337672 9.9946E-05 9.9946E-05 0.541641 9.9946E-05 9.9946E-05 9.9946E-05 9.9946E-05 0.120088
0.450117 0.000181235 0.00441721 0.405565 0.0710867 9.9982E-05 0.0201071 9.9982E-05 0.0483259
0.366208 0.0614075 9.9955E-05 0.548178 9.9955E-05 9.9955E-05 9.9955E-05 9.9955E-05 0.0237067
0.219531 0.01693 9.9973E-05 0.589327 9.9973E-05 0.0679222 0.0417857 9.9973E-05 0.064204
0.857705 9.9955E-05 9.9955E-05 0.0451289 9.9955E-05 9.9955E-05 9.9955E-05 0.00505722 0.0916089
0.621142 0.0473038 0.0448384 0.221688 9.9982E-05 0.0103924 9.9982E-05 0.00800334 0.0464317
0.526985 0.0340099 9.9955E-05 0.31634 9.9955E-05 9.9955E-05 0.122165 9.9955E-05 9.9955E-05
0.850943 0.0671662 9.9946E-05 9.9946E-05 9.9946E-05 9.9946E-05 9.9946E-05 9.9946E-05 0.0812914
0.445513 9.9964E-05 9.9964E-05 0.367667 9.9964E-05 0.0619881 0.102791 0.0216406 9.9964E-05
0.679187 0.134224 9.9964E-05 0.0681545 9.9964E-05 9.9964E-05 0.00351271 0.114522 9.9964E-05
0.710279 0.162645 9.9946E-05 9.9946E-05 9.9946E-05 9.9946E-05 9.9946E-05 9.9946E-05 0.126476
0.294234 0.0503693 0.0264781 0.545576 9.9982E-05 0.0316351 0.00700951 9.9982E-05 0.0444985
0.574633 9.9964E-05 9.9964E-05 0.181437 0.132876 0.048461 9.9964E-05 0.0621925 9.9964E-05
0.328284 9.9973E-05 0.0678777 0.363045 0.129469 9.9973E-05 0.0370875 0.0739373 9.9973E-05
0.141634 0.0575041 0.0547873 0.576514 9.9991E-05 0.040085 0.0222891 0.0286701 0.0784155
0.345243 9.9973E-05 0.0145653 0.475261 0.0865596 0.0254169 0.0526542 9.9973E-05 9.9973E-05
9.9964E-05 9.9964E-05 0.0322792 0.321679 0.352367 9.9964E-05 0.0759591 9.9964E-05 0.217316
0.351428 9.9964E-05 9.9964E-05 0.566848 0.0211473 9.9964E-05 0.0251985 0.0349783 9.9964E-05
0.422272 9.9982E-05 0.0189553 0.396866 0.0930632 0.0436364 0.0105527 0.0144554 9.9982E-05
0.660455 9.9937E-05 9.9937E-05 0.338845 9.9937E-05 9.9937E-05 9.9937E-05 9.9937E-05 9.9937E-05
0.184834 9.9964E-05 9.9964E-05 0.598456 9.9964E-05 0.0525956 0.0713596 9.9964E-05 0.0923551
9.9964E-05 9.9964E-05 0.0164045 9.9964E-05 0.124239 0.589774 0.192532 0.0766503 9.9964E-05
0.11429 0.0683285 9.9982E-05 0.0111452 0.0137226 0.698574 0.0505842 9.9982E-05 0.0431554
0.0447303 0.0399235 9.9964E-05 9.9964E-05 9.9964E-05 0.783243 0.107887 0.0238168 9.9964E-05
9.9955E-05 0.0348835 9.9955E-05 9.9955E-05 9.9955E-05 0.741728 0.154318 9.9955E-05 0.068571
9.9964E-05 9.9964E-05 9.9964E-05 0.0100239 0.0109898 0.685853 0.174759 0.117975 9.9964E-05
0.667577 9.9973E-05 0.0574224 0.0634084 0.160003 0.0364133 0.0148767 9.9973E-05 9.9973E-05
