9.9964E-05 0.0366446 0.0254369 0.0672913 9.9964E-05 0.0423066 9.9964E-05 9.9964E-05 0.827921
0.00293502 0.0231483 9.9964E-05 0.0496808 0.0258516 9.9964E-05 9.9964E-05 9.9964E-05 0.897984
9.9982E-05 0.0640591 0.0223898 0.0744716 0.0030183 0.0450164 9.9982E-05 0.0687779 0.722067
0.0280238 9.9982E-05 0.0257027 0.0867838 0.0525547 0.0300601 9.9982E-05 0.0404897 0.736185
9.9955E-05 9.9955E-05 0.0391175 0.00117403 9.9955E-05 9.9955E-05 9.9955E-05 0.0892925 0.869916
9.9982E-05 0.0956701 0.161417 0.01702 9.9982E-05 0.0858661 0.088834 0.0274149 0.523578
9.9964E-05 9.9964E-05 0.0620328 0.0683045 9.9964E-05 0.00596416 0.107703 9.9964E-05 0.755596
9.9973E-05 9.9973E-05 0.207443 0.0412831 9.9973E-05 0.0329541 0.0522717 0.002035 0.663713
9.99729E-05 0.013586 0.0206138 0.0215806 0.102434 9.99729E-05 0.0687233 9.99729E-05 0.772762
9.9973E-05 9.9973E-05 0.128526 0.0358417 9.9973E-05 0.11703 0.123623 0.00880332 0.585876
9.9964E-05 9.9964E-05 0.139673 0.00851401 9.9964E-05 9.9964E-05 0.103 0.0466865 0.701726
9.9955E-05 0.176706 9.9955E-05 9.9955E-05 0.568624 0.0625954 9.9955E-05 0.191575 9.9955E-05
9.9973E-05 0.0120305 0.079765 0.0358134 0.343639 0.0162667 9.9973E-05 0.512185 9.9973E-05
0.0992961 0.0607571 9.9982E-05 9.9982E-05 0.495835 0.0832369 0.0334683 0.194399 0.032808
0.0130873 0.143347 9.9982E-05 0.0271767 0.395286 0.163404 9.9982E-05 0.243204 0.0142954
0.070626 0.0969126 9.9991E-05 0.0125394 0.227003 0.0840174 0.0616859 0.348485 0.0986314
9.9982E-05 9.9982E-05 0.00174104 0.001311 0.221824 0.0926747 0.0516632 0.56963 0.0609558
0.0716271 0.176571 9.9982E-05 0.0573135 0.256242 0.0385958 0.0316048 0.367846 9.9982E-05
9.9973E-05 0.0349166 9.9973E-05 9.9973E-05 0.424614 0.037533 0.00499014 0.339222 0.158424
0.00895597 0.0382567 9.9973E-05 9.9973E-05 0.769562 0.0540196 0.118365 9.9973E-05 0.0105402
9.9973E-05 0.192252 0.0224383 0.0874532 0.271301 0.105718 9.9973E-05 0.320538 9.9973E-05
0.0108882 0.116149 9.9973E-05 0.0290581 0.214872 9.9973E-05 0.194159 0.434574 9.9973E-05
0.0514844 0.0872305 0.0138762 0.0286973 0.260555 9.9982E-05 9.9982E-05 0.513997 0.0439601
0.043422 0.115381 0.0262107 0.0346992 0.445765 0.08588 9.9982E-05 0.248442 9.9982E-05
0.0274252 0.0742161 0.0579412 9.9991E-05 0.127274 0.0530273 0.0222143 0.630018 0.00778423
0.00592346 9.9973E-05 9.9973E-05 0.0491264 0.233081 0.0203559 0.101023 0.590191 9.9973E-05
9.9973E-05 0.175282 9.9973E-05 0.0569246 0.563748 0.0960517 0.0283617 0.0793323 9.9973E-05
0.0360149 0.0510904 9.9982E-05 0.0165395 0.527974 0.197945 0.0857663 0.0844699 9.9982E-05
0.0710965 0.167178 0.00912462 9.9991E-05 0.491952 0.035107 0.045713 0.172026 0.00770354
9.993E-05 9.993E-05 9.993E-05 0.999201 9.993E-05 9.993E-05 9.993E-05 9.993E-05 9.993E-05
9.993E-05 9.993E-05 9.993E-05 0.999201 9.993E-05 9.993E-05 9.993E-05 9.993E-05 9.993E-05
9.9964E-05 0.0201455 9.9964E-05 0.343955 0.0290227 9.9964E-05 9.9964E-05 0.105688 0.500789
9.9973E-05 0.0839761 9.9973E-05 0.230751 9.9973E-05 0.0653852 0.0318815 0.0594648 0.528242
0.0164775 0.239923 0.0528193 0.0301076 0.10092 9.9991E-05 0.00916058 0.538484 0.0120082
9.9973E-05 0.287386 9.9973E-05 9.9973E-05 0.03431 0.0187674 0.0475403 0.472001 0.139696
0.0157868 0.381668 0.0198276 9.9964E-05 9.9964E-05 9.9964E-05 9.9964E-05 0.536898 0.0454192
9.9973E-05 0.0705305 9.9973E-05 0.0121239 0.688188 9.9973E-05 0.0452272 0.136426 0.0472042
0.0264962 0.594215 9.9982E-05 0.00156219 0.0366196 0.0695631 0.0615839 0.20976 9.9982E-05
0.00257568 0.304175 9.9973E-05 9.9973E-05 0.1592 0.0837901 9.9973E-05 0.378739 0.0712207
9.9964E-05 0.272982 9.9964E-05 0.0558954 9.9964E-05 0.0403499 9.9964E-05 0.597787 0.0325861
9.9973E-05 0.108358 0.113007 0.0390672 9.9973E-05 9.9973E-05 0.100042 0.590348 0.0488773
9.9982E-05 0.158108 0.028225 0.0689008 9.9982E-05 0.00970771 0.0478101 0.598524 0.0885242
9.9973E-05 0.656809 9.9973E-05 0.00855991 0.202 9.9973E-05 0.0292207 0.0560147 0.047096
9.9964E-05 0.0304495 0.0357038 9.9964E-05 9.9964E-05 9.9964E-05 0.228202 0.657197 0.0480483
0.0906212 0.199831 0.0685407 0.00980984 0.0467713 0.110715 9.9991E-05 0.444727 0.0288845
0.0326807 0.125854 9.9973E-05 0.0254049 0.0829901 9.9973E-05 9.9973E-05 0.582514 0.150257
0.0247067 0.700835 9.9955E-05 9.9955E-05 9.9955E-05 9.9955E-05 0.0244993 0.249459 9.9955E-05
9.9973E-05 0.271867 9.9973E-05 0.0318463 0.0179574 0.00983528 9.9973E-05 0.6446 0.0235932
0.040158 0.1946 9.9982E-05 0.0277093 9.9982E-05 0.0631851 0.149636 0.463992 0.0605201
0.00063519 0.607725 9.9964E-05 9.9964E-05 0.0847288 9.9964E-05 0.28125 9.9964E-05 0.0252613
0.0743963 0.268587 0.0801941 9.9973E-05 0.387198 9.9973E-05 0.039575 0.14975 9.9973E-05
0.102567 0.22837 0.05589 9.9973E-05 0.194603 9.9973E-05 0.348651 0.0696185 9.9973E-05
0.0382793 0.0699151 0.09384 0.0636548 0.204397 0.0385922 0.0484046 0.442817 9.9991E-05
0.0696491 9.9991E-05 0.0192077 0.0302961 0.130752 0.0494599 0.0784235 0.591997 0.0301151
0.00398519 0.0487961 9.9991E-05 0.00683943 0.106478 0.00345723 0.131876 0.649491 0.0489763
0.0986839 0.2204 0.0458828 0.0260881 0.304314 9.9991E-05 0.130384 0.130726 0.0434211
0.0430856 0.0911021 0.140307 0.0380115 0.116475 9.9982E-05 0.0313256 0.539493 9.9982E-05
9.9973E-05 0.051834 9.9973E-05 9.9973E-05 0.161733 0.0957008 0.127107 0.518918 0.0444071
9.9982E-05 0.242245 0.0248272 0.0382441 0.198651 9.9982E-05 0.0972948 0.329969 0.0685697
9.999E-05 0.116244 0.0230246 0.054873 0.391644 0.0335748 0.205584 0.0552163 0.11974
0.0673609 0.129464 0.0148221 0.0237261 0.110771 0.0456047 0.0270457 0.506258 0.0749483
0.127106 9.9982E-05 0.0352159 9.9982E-05 0.193562 0.0168 0.0639217 0.464202 0.0989919
0.0605379 0.208478 0.08188 0.0886784 0.474672 9.9973E-05 0.085454 9.9973E-05 9.9973E-05
0.0368796 0.0341384 9.9982E-05 0.0251234 0.31329 0.00787242 0.106339 0.476157 9.9982E-05
0.190561 9.9955E-05 9.9955E-05 9.9955E-05 0.0724701 9.9955E-05 0.0815116 0.654957 9.9955E-05
9.9982E-05 0.122035 0.0112636 0.0911688 0.137385 0.100824 0.093852 0.443272 9.9982E-05
0.107717 0.235428 9.9982E-05 9.9982E-05 0.268411 0.0774399 0.0400233 0.186274 0.0845069
0.0385423 0.0913426 9.9973E-05 0.0395404 0.196996 9.9973E-05 0.0955433 0.537735 9.9973E-05
0.0818447 0.151902 0.0716551 0.0208788 0.119718 0.112566 9.9991E-05 0.395313 0.0460226
0.0560778 0.144062 9.9973E-05 0.037667 0.478757 9.9973E-05 0.106656 0.17648 9.9973E-05
9.9964E-05 0.482868 0.00656041 0.0451436 0.0321204 9.9964E-05 9.9964E-05 0.432908 9.9964E-05
9.9964E-05 0.722917 9.9964E-05 0.0635885 0.108015 0.00504423 9.9964E-05 0.100036 9.9964E-05
9.9973E-05 0.290161 0.0276753 9.9973E-05 0.0751899 0.124826 9.9973E-05 0.433692 0.0481564
9.9946E-05 0.847215 0.0285755 9.9946E-05 9.9946E-05 9.9946E-05 0.123609 9.9946E-05 9.9946E-05
0.0985068 0.842559 9.9955E-05 9.9955E-05 0.0261019 9.9955E-05 0.0323329 9.9955E-05 9.9955E-05
0.00526793 0.741915 9.9964E-05 9.9964E-05 0.0503089 0.0299196 9.9964E-05 0.172189 9.9964E-05
9.9982E-05 0.469357 0.00990956 0.0445901 0.0642394 0.0400448 9.9982E-05 0.344275 0.0273848
0.0516375 0.137043 0.0525356 0.000924257 0.0157148 0.0537432 0.0564926 0.511836 0.120073
9.999E-05 0.403615 0.0344942 0.00325723 0.118445 0.0608312 0.0135799 0.36334 0.00233688
9.9982E-05 0.701674 0.0802653 0.0150829 0.0733916 0.07703 9.9982E-05 0.0110877 0.0412681
9.9973E-05 0.550087 0.143406 0.00047667 0.0735515 9.9973E-05 9.9973E-05 0.177883 0.0542962
0.109157 0.17072 9.9982E-05 0.0222243 0.0608985 0.0493485 9.9982E-05 0.415809 0.171643
9.9973E-05 0.66353 9.9973E-05 0.00983428 0.092943 0.0438405 9.9973E-05 0.180054 0.00949838
9.9964E-05 0.541306 0.0231223 0.0509632 9.9964E-05 9.9964E-05 9.9964E-05 0.379327 0.00488184
0.0103867 0.650249 9.9955E-05 9.9955E-05 9.9955E-05 9.9955E-05 0.0221484 0.316717 9.9955E-05
0.118026 0.638042 0.00101322 9.9973E-05 0.0176383 0.0083914 0.216589 9.9973E-05 9.9973E-05
0.0122759 0.22799 0.0627721 9.9982E-05 0.00140606 0.0295617 0.0683201 0.597475 9.9982E-05
9.9973E-05 9.9973E-05 0.0161236 0.020216 0.067725 0.029134 9.9973E-05 0.106362 0.76014
9.9946E-05 9.9946E-05 9.9946E-05 0.138779 9.9946E-05 9.9946E-05 9.9946E-05 0.0731572 0.787465
9.9964E-05 9.9964E-05 0.00879302 0.123959 9.9964E-05 0.0630041 9.9964E-05 0.060787 0.743057
9.9955E-05 9.9955E-05 9.9955E-05 0.115627 9.9955E-05 9.9955E-05 0.0186494 0.0619551 0.803269
9.9955E-05 9.9955E-05 0.0020327 0.11086 9.9955E-05 9.9955E-05 9.9955E-05 0.106287 0.780321
0.0078129 0.0578629 0.0242736 0.0551923 9.9973E-05 0.0345464 9.9973E-05 9.9973E-05 0.820012
9.9955E-05 9.9955E-05 9.9955E-05 0.0384829 9.9955E-05 0.0292591 9.9955E-05 0.0555705 0.876188
9.9982E-05 0.27034 0.00196807 0.034578 0.0974016 0.0790048 9.9982E-05 0.461916 0.0545918
9.9973E-05 0.184439 9.9973E-05 0.00705801 0.0483277 0.0495686 9.9973E-05 0.595991 0.114316
0.0228317 0.807832 9.9964E-05 9.9964E-05 0.116532 9.9964E-05 0.0194073 9.9964E-05 0.032997
0.0830065 0.181324 0.036699 0.0788055 0.0538707 9.9982E-05 0.0487769 0.517318 9.9982E-05
9.9973E-05 0.519914 9.9973E-05 0.00691444 0.116598 0.00166077 9.9973E-05 0.311671 0.0429428
0.181942 0.178893 0.0429503 0.00837554 9.9982E-05 0.0237399 9.9982E-05 0.532051 0.0318479
0.114878 0.32559 9.9964E-05 0.00212602 9.9964E-05 9.9964E-05 0.0378785 0.519127 9.9964E-05
0.067771 0.480574 9.9955E-05 9.9955E-05 9.9955E-05 0.143428 9.9955E-05 0.307727 9.9955E-05
0.0190695 0.718752 0.0472072 9.9964E-05 0.148089 9.9964E-05 9.9964E-05 9.9964E-05 0.0664829
0.0553212 0.0681624 0.0083588 0.0890774 0.138598 0.0591336 0.0982513 0.434714 0.0483828
9.9991E-05 0.166789 0.0316282 0.0218439 0.12655 0.0245558 0.00514466 0.603321 0.0200679
9.9982E-05 0.144361 0.125161 9.9982E-05 0.00712526 0.129469 0.0386784 0.536199 0.0188073
9.9946E-05 0.531704 9.9946E-05 9.9946E-05 9.9946E-05 9.9946E-05 0.174909 0.292788 9.9946E-05
0.0405041 0.412927 0.0485364 0.0113023 9.9973E-05 9.9973E-05 9.9973E-05 0.446494 0.0399363
9.9964E-05 0.44896 9.9964E-05 0.0165688 0.0651146 9.9964E-05 0.0205978 0.448359 9.9964E-05
0.0213803 0.583927 0.0164481 0.00359477 9.9973E-05 0.108379 9.9973E-05 0.26597 9.9973E-05
0.025484 0.412899 9.9964E-05 9.9964E-05 0.0849188 9.9964E-05 9.9964E-05 0.404877 0.071421
0.0305285 0.202516 0.0523574 9.9982E-05 0.0363402 0.0475052 9.9982E-05 0.494738 0.135814
0.179439 9.9991E-05 0.0531032 0.0287108 0.324361 0.0254464 0.168077 0.207074 0.0136878
9.9991E-05 0.0269138 0.0433833 0.024409 0.285674 0.0153409 0.10556 0.457001 0.0416185
0.110564 0.102889 0.0530245 0.0310453 0.105173 0.0636647 9.9991E-05 0.520169 0.0133714
0.165676 0.0454608 9.9964E-05 9.9964E-05 0.0630125 9.9964E-05 9.9964E-05 0.627381 0.0980698
0.0756181 9.9964E-05 9.9964E-05 0.0445118 0.395988 9.9964E-05 9.9964E-05 0.447076 0.0364062
0.0121319 9.9982E-05 0.0365039 9.9982E-05 0.329665 0.0188902 0.0542012 0.548116 0.000292143
0.140941 9.9964E-05 0.0730537 9.9964E-05 0.306349 9.9964E-05 9.9964E-05 0.431536 0.0477205
0.113506 0.0608092 0.0667411 0.0270664 0.132953 9.9991E-05 0.0166498 0.502985 0.0791892
0.00752713 0.0321386 9.9982E-05 9.9982E-05 0.113935 0.0612082 0.137477 0.613088 0.0344255
0.0574818 0.0769579 9.9982E-05 0.0202724 0.209421 9.9982E-05 0.0528338 0.538878 0.0439552
0.0228487 0.0677791 0.0828113 9.9973E-05 0.29374 9.9973E-05 0.0573962 0.475125 9.9973E-05
0.101105 9.9982E-05 0.0970863 0.0166954 0.0533863 9.9982E-05 0.0690504 0.640819 0.0216578
0.161235 0.00574712 0.0125077 9.99964E-05 0.141345 0.0205076 0.0288502 0.478394 0.151313
0.130044 0.132956 0.00852175 9.9973E-05 0.157864 0.11505 9.9973E-05 0.455264 9.9973E-05
0.0962903 9.9982E-05 0.0658348 0.0299066 0.0856777 0.042219 0.101274 0.578598 9.9982E-05
0.00492615 0.0527161 0.0372036 9.9973E-05 0.231766 0.105127 9.9973E-05 0.567961 9.9973E-05
0.0601941 9.9973E-05 9.9973E-05 0.00777788 0.309335 9.9973E-05 0.200106 0.410896 0.0113904
0.0882686 9.9982E-05 9.9982E-05 0.0183564 0.282209 0.0736235 0.0210051 0.501806 0.0145314
0.00481761 9.9973E-05 9.9973E-05 9.9973E-05 0.241723 0.00275584 0.0190037 0.702594 0.0288064
0.0800781 0.165477 9.9973E-05 9.9973E-05 0.414442 0.0499703 9.9973E-05 0.261575 0.0281573
0.205448 9.9982E-05 0.0456514 9.9982E-05 0.375381 0.00518733 0.182494 0.161548 0.0240901
0.0118802 0.0619438 0.0974527 0.0361565 0.188471 0.0701424 0.0276805 0.506173 9.9991E-05
0.274301 0.174137 0.0644015 0.0213522 0.241392 0.0135215 0.162911 0.0478841 9.9991E-05
0.0530684 0.15105 9.9964E-05 9.9964E-05 0.505189 9.9964E-05 9.9964E-05 0.257026 0.033267
0.0597675 0.140203 9.9964E-05 9.9964E-05 0.387751 9.9964E-05 9.9964E-05 0.392268 0.0196105
0.1299 0.174792 0.0185259 0.0120365 0.409382 9.9982E-05 9.9982E-05 0.216582 0.0385817
9.9973E-05 0.0833897 0.0361878 9.9973E-05 0.51415 0.0197281 9.9973E-05 0.314976 0.0312686
0.0579678 0.0811748 9.9991E-05 0.0413444 0.0921901 0.097495 0.0116699 0.606341 0.0117168
9.9982E-05 0.0809106 0.0243314 9.9982E-05 0.174965 0.11662 0.0371432 0.508159 0.057671
0.0797225 0.158304 9.9982E-05 0.0751943 0.217866 0.0334673 9.9982E-05 0.417731 0.017514
0.12195 0.113812 9.9982E-05 0.0135664 0.401371 0.0559146 0.224613 0.0685723 9.9982E-05
0.187733 0.0684106 0.0346931 9.9982E-05 0.0754991 9.9982E-05 0.0320654 0.457991 0.143408
0.0983082 0.00348328 0.0324672 0.0551104 0.0380328 0.0238312 0.229494 0.519172 9.9991E-05
0.132634 0.132639 0.0759715 9.9982E-05 0.101472 9.9982E-05 0.481055 0.00848405 0.0675437
0.0330073 0.139379 9.9982E-05 0.0152507 0.0612722 9.9982E-05 0.0341005 0.607189 0.109601
0.122246 0.0348849 0.0170989 9.9982E-05 0.107919 9.9982E-05 0.27513 0.367111 0.075411
0.0187736 0.110874 9.9982E-05 9.9982E-05 0.0483088 0.0352543 0.247132 0.497996 0.041461
0.0606984 0.0971977 0.0520597 0.0213786 0.0863428 9.9982E-05 0.42186 0.260263 9.9982E-05
0.183922 0.00211818 0.0701564 0.0326278 0.145226 9.9991E-05 0.317649 0.244979 0.00322191
0.0848996 0.061228 0.123675 9.9973E-05 0.0960013 9.9973E-05 0.210406 0.42349 9.9973E-05
0.0428993 0.092226 0.00664368 9.9982E-05 0.168465 9.9982E-05 0.163037 0.496228 0.0303019
0.00266755 0.0852749 0.0270813 0.0155243 0.153526 0.0643609 0.168729 0.446767 0.0360688
0.0658946 0.199125 9.9973E-05 0.026848 0.151515 0.150511 0.405806 9.9973E-05 9.9973E-05
0.144993 0.0124392 0.00945721 0.0159748 0.0823838 0.0421843 0.0781202 0.585304 0.029144
0.0611725 0.210564 0.0447759 9.9973E-05 0.0654339 9.9973E-05 0.249647 0.368107 9.9973E-05
0.0889289 0.146214 0.0330278 9.9973E-05 0.0907182 9.9973E-05 0.185999 0.454812 9.9973E-05
0.0866932 0.0829331 9.9973E-05 9.9973E-05 0.0619532 0.0556145 9.9973E-05 0.611906 0.1006
9.9982E-05 9.9982E-05 0.031367 0.0673766 0.0348905 0.262681 0.335551 0.104124 0.16381
9.9955E-05 9.9955E-05 9.9955E-05 0.014794 9.9955E-05 0.109033 0.432665 9.9955E-05 0.443008
9.9955E-05 9.9955E-05 9.9955E-05 0.040288 9.9955E-05 0.133264 0.517894 9.9955E-05 0.308054
9.9973E-05 9.9973E-05 9.9973E-05 0.0185358 0.0140412 0.330971 0.266788 0.0497052 0.319659
9.99461E-05 0.202638 9.99461E-05 9.99461E-05 9.99461E-05 9.99461E-05 0.146075 0.650687 9.99461E-05
0.0824872 9.9982E-05 0.13621 0.00854465 9.9982E-05 0.134498 0.103892 0.523387 0.0107809
9.9937E-05 9.9937E-05 9.9937E-05 9.9937E-05 9.9937E-05 0.693034 9.9937E-05 0.306267 9.9937E-05
0.0281093 0.0124132 9.9982E-05 0.0318184 0.155684 0.432657 9.9982E-05 0.31078 0.028338
0.0946029 0.0524257 9.9991E-05 0.0598458 0.0420329 0.38097 0.0104548 0.289963 0.0696049
0.204863 0.0670766 9.9955E-05 9.9955E-05 9.9955E-05 9.9955E-05 0.383743 0.343818 9.9955E-05
0.146262 0.123252 0.00721785 0.020721 9.9982E-05 9.9982E-05 0.166448 0.44908 0.0868192
0.229535 0.0752908 0.0450584 9.9973E-05 0.0491318 9.9973E-05 0.396315 0.204369 9.9973E-05
0.0298843 0.160009 0.0523276 9.9964E-05 9.9964E-05 9.9964E-05 0.157085 0.600294 9.9964E-05
0.229451 9.9973E-05 9.9973E-05 0.00561925 0.124472 0.00385432 0.158946 0.477357 9.9973E-05
0.104451 0.0372659 9.9982E-05 9.9982E-05 0.0509527 0.0320292 0.172647 0.587451 0.0150025
0.210528 0.0444042 0.016985 9.9973E-05 0.128871 9.9973E-05 0.371259 0.227653 9.9973E-05
9.9982E-05 0.150742 0.0116762 0.0264125 9.9982E-05 0.0726987 0.130125 0.583629 0.0245171
0.0380581 0.147965 0.00920671 9.9973E-05 9.9973E-05 9.9973E-05 0.133623 0.570338 0.100509
0.00474337 0.0258752 9.9955E-05 9.9955E-05 9.9955E-05 0.932861 9.9955E-05 0.0360202 9.9955E-05
9.9955E-05 9.9955E-05 0.00627187 9.9955E-05 0.0157816 0.839529 9.9955E-05 0.137918 9.9955E-05
0.0223127 0.036944 9.9973E-05 9.9973E-05 0.0674529 0.567106 0.0353253 0.270559 9.9973E-05
9.9955E-05 9.9955E-05 0.0907306 0.0177336 9.9955E-05 0.656182 9.9955E-05 0.234854 9.9955E-05
9.9964E-05 0.046849 0.0133877 9.9964E-05 9.9964E-05 0.756194 9.9964E-05 0.177696 0.00547272
9.9955E-05 9.9955E-05 0.00928655 0.00868446 9.9955E-05 0.976071 0.00545833 9.9955E-05 9.9955E-05
9.9946E-05 9.9946E-05 9.9946E-05 0.0289055 0.0237804 0.946714 9.9946E-05 9.9946E-05 9.9946E-05
9.9937E-05 9.9937E-05 9.9937E-05 9.9937E-05 9.9937E-05 0.826318 9.9937E-05 0.172982 9.9937E-05
9.9946E-05 0.0180092 9.9946E-05 9.9946E-05 9.9946E-05 0.956262 9.9946E-05 0.0251295 9.9946E-05
9.99584E-05 0.00578803 0.00361124 9.99584E-05 9.99584E-05 0.984196 9.99584E-05 9.99584E-05 0.00590516
9.9937E-05 9.9937E-05 9.9937E-05 0.0152442 9.9937E-05 0.984056 9.9937E-05 9.9937E-05 9.9937E-05
9.9964E-05 0.000808698 9.9964E-05 0.0266413 0.111631 0.740104 9.9964E-05 0.120414 9.9964E-05
9.9982E-05 9.9982E-05 0.0415846 0.0234739 0.0148776 0.749346 0.00614877 0.111437 0.0529322
9.9937E-05 0.0191093 9.9937E-05 9.9937E-05 9.9937E-05 0.980191 9.9937E-05 9.9937E-05 9.9937E-05
0.0314851 9.9973E-05 0.046854 9.9973E-05 0.136237 0.395172 9.9973E-05 0.288901 0.101051
9.9964E-05 9.9964E-05 0.094056 0.0601506 0.0189855 0.622071 9.9964E-05 0.204337 9.9964E-05
0.0097032 0.0384855 9.9973E-05 0.0388418 9.9973E-05 0.763995 9.9973E-05 0.141774 0.00689991
9.9973E-05 9.9973E-05 0.0010261 0.0440297 0.0154942 0.802757 9.9973E-05 0.118945 0.0174476
9.9955E-05 9.9955E-05 9.9955E-05 9.9955E-05 9.9955E-05 0.967889 0.0141797 0.00473504 0.0126963
0.0179996 9.9973E-05 0.0352031 0.0115351 9.9973E-05 0.870083 9.9973E-05 0.0145668 0.0503128
9.9937E-05 9.9937E-05 9.9937E-05 0.00342881 9.9937E-05 0.995872 9.9937E-05 9.9937E-05 9.9937E-05
9.9973E-05 9.9973E-05 0.0604779 0.0228093 9.9973E-05 0.518506 0.0224768 0.360348 0.0150814
9.9964E-05 0.0402754 9.9964E-05 9.9964E-05 0.0496644 0.858002 9.9964E-05 0.0237412 0.0279175
0.027604 0.0497527 9.9964E-05 9.9964E-05 9.9964E-05 0.0187835 0.668105 9.9964E-05 0.235355
9.9991E-05 0.00203342 0.0904205 0.0176309 0.155247 0.0840096 0.19492 0.374149 0.0814893
9.9982E-05 9.9982E-05 0.0487656 0.0167118 0.00919044 0.00679777 0.183016 0.526156 0.209163
0.0437911 9.9991E-05 0.0308628 0.0464869 0.00850773 0.0695821 0.474561 0.187156 0.138952
0.037683 0.0712399 0.098433 0.015409 0.0156984 0.0978621 0.161859 0.406981 0.0948349
0.0442609 0.0755003 0.00848096 0.0683803 9.9991E-05 0.118844 0.393148 0.178951 0.112336
0.0851953 0.02885 0.165853 0.0546478 0.0689406 0.0591126 0.0412434 0.374659 0.121499
9.9964E-05 9.9964E-05 0.060525 9.9964E-05 9.9964E-05 0.124736 0.369424 0.380664 0.064251
9.9973E-05 9.9973E-05 9.9973E-05 0.0688407 0.0334408 0.0973741 0.325701 0.455807 0.0185365
9.9964E-05 9.9964E-05 9.9964E-05 0.0504592 9.9964E-05 0.163506 0.392877 0.319832 0.0729256
9.9982E-05 0.0610867 9.9982E-05 0.0436707 0.0291787 0.0621043 0.229627 0.438543 0.135589
0.00497203 0.0495846 0.0306844 9.9973E-05 0.0254841 9.9973E-05 9.9973E-05 0.0493627 0.839612
0.0355694 9.9964E-05 9.9964E-05 0.107684 9.9964E-05 0.0512979 0.00710062 9.9964E-05 0.797948
9.9973E-05 0.0509059 0.00427379 0.0416507 0.0105519 9.9973E-05 0.00296864 9.9973E-05 0.889349
9.9964E-05 9.9964E-05 0.0167204 0.0341154 0.0320714 9.9964E-05 9.9964E-05 0.00766128 0.909032
9.9964E-05 9.9964E-05 9.9964E-05 0.155053 0.0457815 0.00439823 9.9964E-05 0.0173982 0.776969
0.0449682 9.9955E-05 9.9955E-05 0.0872849 9.9955E-05 0.0501235 9.9955E-05 9.9955E-05 0.817124
9.9955E-05 9.9955E-05 9.9955E-05 0.0418122 9.9955E-05 0.061344 9.9955E-05 0.073363 0.822981
9.9973E-05 0.0169026 9.9973E-05 0.0635952 0.0129102 0.010558 0.0616299 9.9973E-05 0.834104
0.0280297 0.0182563 9.9964E-05 0.0309777 9.9964E-05 9.9964E-05 9.9964E-05 0.0332189 0.889118
9.9964E-05 9.9964E-05 9.9964E-05 0.0366454 9.9964E-05 0.0350497 0.0143788 0.0777478 0.835779
0.101064 0.0300126 0.0914167 0.0475372 0.160618 9.9973E-05 9.9973E-05 9.9973E-05 0.569051
0.000739272 0.0762546 0.169244 0.0120899 0.200027 0.0100591 9.9982E-05 9.9982E-05 0.531386
9.9973E-05 0.027676 0.0404635 0.0521086 0.286325 9.9973E-05 0.125523 9.9973E-05 0.467604
0.0738104 0.0722244 0.102345 9.9964E-05 0.246983 9.9964E-05 9.9964E-05 9.9964E-05 0.504237
0.0741111 0.307535 9.9982E-05 0.0343624 0.0864939 0.051352 9.9982E-05 0.390977 0.0549681
0.023516 0.369932 0.103332 9.9973E-05 9.9973E-05 0.0308745 9.9973E-05 0.442846 0.0292001
0.0489204 0.20236 0.0531373 0.00115587 0.128919 0.00468636 9.9991E-05 0.487628 0.0730934
9.9964E-05 0.177403 9.9964E-05 9.9964E-05 0.273707 9.9964E-05 0.113691 0.406478 0.028321
0.0580125 0.132219 0.0644433 9.9973E-05 0.61142 0.00589146 9.9973E-05 0.127714 9.9973E-05
0.112323 0.15946 9.9982E-05 9.9982E-05 0.0220741 0.0389955 0.0236753 0.597558 0.0457149
9.9973E-05 0.298493 9.9973E-05 0.0240397 0.125622 0.0292031 0.0322585 0.490083 9.9973E-05
0.00978372 0.275351 0.05734 0.000752804 0.11739 0.00185261 0.0434148 0.494015 9.9991E-05
0.0327465 0.5947 9.9973E-05 9.9973E-05 0.00152573 0.0458491 0.0270958 0.297783 9.9973E-05
0.0176687 0.1611 0.0247388 9.9982E-05 0.09612 0.0591429 9.9982E-05 0.626105 0.0149252
0.0389058 0.399312 0.0860508 9.9973E-05 0.079544 9.9973E-05 0.00933017 0.386557 9.9973E-05
0.191705 0.655752 9.9955E-05 9.9955E-05 0.0731667 9.9955E-05 0.0788774 9.9955E-05 9.9955E-05
0.0238909 0.0381735 0.0527622 0.0131085 0.174283 9.9991E-05 0.103004 0.587887 0.00679083
0.0691951 0.442496 9.9973E-05 0.0420371 0.0159946 9.9973E-05 0.198082 0.231895 9.9973E-05
0.0351182 0.338621 9.9973E-05 9.9973E-05 0.0355297 9.9973E-05 0.00341883 0.548931 0.0380811
9.9964E-05 0.686102 9.9964E-05 9.9964E-05 0.158344 9.9964E-05 0.00104083 0.0909002 0.0632133
9.9973E-05 0.00952327 0.842881 0.00816789 0.0272381 9.9973E-05 0.0587516 9.9973E-05 0.053138
9.9937E-05 9.9937E-05 0.993496 9.9937E-05 9.9937E-05 0.00580468 9.9937E-05 9.9937E-05 9.9937E-05
9.993E-05 9.993E-05 0.999201 9.993E-05 9.993E-05 9.993E-05 9.993E-05 9.993E-05 9.993E-05
9.9946E-05 0.0404502 0.936173 9.9946E-05 9.9946E-05 9.9946E-05 9.9946E-05 9.9946E-05 0.0227776
9.9955E-05 0.0409601 0.911425 0.0061201 9.9955E-05 0.0409949 9.9955E-05 9.9955E-05 9.9955E-05
9.9946E-05 9.9946E-05 0.921418 9.9946E-05 9.9946E-05 0.0673182 9.9946E-05 0.0106643 9.9946E-05
0.0117747 9.9973E-05 0.00283919 0.064509 9.9973E-05 0.0210691 9.9973E-05 0.0868542 0.812654
9.9973E-05 9.9973E-05 0.0100642 0.0184215 0.0193815 0.00123561 9.9973E-05 0.126252 0.824345
9.9955E-05 9.9955E-05 9.9955E-05 0.0547138 9.9955E-05 0.138404 9.9955E-05 0.113589 0.692793
9.9973E-05 9.9973E-05 9.9973E-05 0.00643411 0.0422457 0.101296 0.0303522 0.100028 0.719345
9.9955E-05 9.9955E-05 9.9955E-05 0.031641 0.0747284 9.9955E-05 9.9955E-05 0.130807 0.762323
9.9964E-05 9.9964E-05 0.223716 0.0108007 0.357367 9.9964E-05 0.0593228 9.9964E-05 0.348393
0.0168431 0.0678539 0.220569 0.0280838 0.215385 9.9982E-05 0.0147594 9.9982E-05 0.436306
0.0514833 0.106725 0.279523 0.0202194 0.162146 9.9973E-05 9.9973E-05 9.9973E-05 0.379604
9.993E-05 9.993E-05 9.993E-05 0.999201 9.993E-05 9.993E-05 9.993E-05 9.993E-05 9.993E-05
9.9964E-05 0.157993 0.352016 0.0313914 0.139799 9.9964E-05 9.9964E-05 9.9964E-05 0.318401
9.9955E-05 9.9955E-05 9.9955E-05 9.9955E-05 9.9955E-05 0.362096 0.210518 0.258868 0.168019
9.9973E-05 9.9973E-05 9.9973E-05 0.0645017 0.0543012 0.187673 0.0352002 0.562746 0.0952774
9.9964E-05 9.9964E-05 9.9964E-05 0.0137354 0.0183381 0.247738 9.9964E-05 0.540758 0.179031
0.0262614 0.0208535 0.0542031 0.0123955 0.0229925 0.223505 0.111808 0.294941 0.233039
0.000628363 9.9982E-05 0.0277129 0.0182746 0.0900956 0.261307 9.9982E-05 0.404381 0.1974
0.0256127 9.9955E-05 9.9955E-05 9.9955E-05 9.9955E-05 0.295286 0.287705 9.9955E-05 0.390897
0.0980389 0.0835738 0.0234603 9.9982E-05 0.325348 9.9982E-05 0.0141359 0.430887 0.0243564
0.22248 0.0678968 0.019697 9.9982E-05 0.196252 9.9982E-05 0.136787 0.343712 0.0129751
0.0588543 0.00823115 9.9982E-05 0.0434936 0.52913 9.9982E-05 0.00818107 0.257133 0.0947763
0.273462 0.091209 0.00600124 9.9982E-05 0.207374 9.9982E-05 0.0111961 0.393777 0.0167806
0.374093 0.114516 9.9955E-05 9.9955E-05 0.233453 9.9955E-05 0.277438 9.9955E-05 9.9955E-05
0.245868 9.9973E-05 0.0287377 9.9973E-05 0.101228 0.00893632 9.9973E-05 0.499552 0.115378
0.1252 0.0901825 0.0388166 0.0137485 0.150641 9.9991E-05 0.113772 0.456506 0.011032
0.0435829 0.0812239 9.9973E-05 0.022784 0.516546 9.9973E-05 9.9973E-05 0.317449 0.0181137
0.019029 9.9982E-05 0.0593445 9.9982E-05 0.183668 0.0550465 0.088026 0.504472 0.0902136
0.163455 0.184784 9.9964E-05 9.9964E-05 0.358349 9.9964E-05 0.197302 0.0957088 9.9964E-05
0.16326 0.0303513 0.0798596 0.000162198 0.155716 0.0331575 0.102133 0.435261 9.9991E-05
9.9973E-05 0.122854 0.077632 0.0279994 0.219448 0.00770114 9.9973E-05 0.544065 9.9973E-05
0.00764792 0.158624 0.0626458 9.9991E-05 0.0652987 0.152188 0.0468266 0.374665 0.132003
0.273779 0.0272885 0.00953606 9.9973E-05 0.279472 9.9973E-05 0.0782487 0.331376 9.9973E-05
0.131084 0.0308509 0.0591321 9.9982E-05 0.277088 0.0443531 9.9982E-05 0.450398 0.00689383
0.159077 0.131607 0.00446736 9.9982E-05 0.135042 0.0985016 0.0571039 0.414001 9.9982E-05
0.0245439 0.21409 9.9982E-05 9.9982E-05 0.180232 0.0099531 0.00941383 0.513237 0.0483298
0.101417 0.0608081 9.9991E-05 0.0209273 0.111219 0.0628416 0.0207422 0.58185 0.0400942
0.0737611 9.9991E-05 0.0629884 0.00242139 0.102485 0.046998 0.0901861 0.535512 0.0855474
9.9991E-05 0.0873729 0.0317553 0.0103488 0.148055 0.0575445 0.00105913 0.570065 0.0936995
9.9946E-05 9.9946E-05 9.9946E-05 9.9946E-05 9.9946E-05 0.0812407 9.9946E-05 0.151497 0.766662
0.052825 0.00477507 9.9964E-05 9.9964E-05 9.9964E-05 0.00938206 9.9964E-05 0.106228 0.82639
9.9955E-05 9.9955E-05 9.9955E-05 9.9955E-05 0.0720314 9.9955E-05 0.0594278 0.0802063 0.787835
0.0637808 0.0656789 0.0691077 0.0288023 9.9982E-05 0.0584134 9.9982E-05 0.00726986 0.706747
9.9955E-05 9.9955E-05 0.0305351 0.051266 9.9955E-05 9.9955E-05 9.9955E-05 0.13441 0.783289
9.9964E-05 0.0671339 9.9964E-05 9.9964E-05 0.635506 0.078281 0.111853 0.106826 9.9964E-05
0.178912 0.0118792 9.9982E-05 9.9982E-05 0.2325 0.0602394 0.00928859 0.470414 0.0365674
9.9982E-05 0.132512 9.9982E-05 0.0420993 0.0476077 0.130084 0.107543 0.421436 0.118516
0.0582992 9.9973E-05 9.9973E-05 0.0363931 0.242051 0.0784919 0.00503262 0.579433 9.9973E-05
0.0877481 0.065738 0.0411949 9.9973E-05 0.193009 9.9973E-05 9.9973E-05 0.525213 0.0867974
0.104273 9.9973E-05 9.9973E-05 0.0367709 0.333449 0.0278341 0.224518 0.272854 9.9973E-05
9.9964E-05 0.0498011 9.9964E-05 0.075551 0.698684 9.9964E-05 0.134566 9.9964E-05 0.0409977
9.9964E-05 9.9964E-05 0.0561044 0.0352483 0.364613 0.0326531 9.9964E-05 0.510982 9.9964E-05
0.16582 0.0505654 0.0587158 0.00926867 0.465817 0.095871 9.9991E-05 0.0759446 0.077898
9.9982E-05 0.0896677 0.14619 9.9982E-05 0.143242 0.0400849 0.137575 0.419107 0.0239337
0.0986421 0.126583 0.0292047 0.0585305 0.502804 0.0266825 0.0102002 0.0426025 0.104751
0.0116587 0.055656 0.0167456 0.0446848 0.199703 0.000241608 9.9991E-05 0.582873 0.0883368
0.0864086 0.0277325 9.9982E-05 0.0309019 0.636507 9.9982E-05 0.0283497 0.174397 0.0155038
0.0707003 9.9982E-05 0.0389427 0.00709952 0.328008 0.0666887 0.125427 0.362933 9.9982E-05
0.0171054 0.16307 0.0562107 9.9991E-05 0.121316 0.069952 0.113454 0.397657 0.0611359
0.121018 0.0957436 0.123194 9.9964E-05 9.9964E-05 9.9964E-05 0.374947 0.284697 9.9964E-05
9.9973E-05 0.0590711 0.104641 9.9973E-05 0.00788511 9.9973E-05 0.232201 0.55916 0.036742
9.9982E-05 0.0556654 0.0582925 0.0178252 0.0751751 9.9982E-05 0.235538 0.531586 0.0257173
0.0863823 0.0356084 0.0412993 9.9973E-05 0.109973 9.9973E-05 0.348946 0.377491 9.9973E-05
0.0861106 0.0377109 0.0729274 0.0602613 0.00343976 9.9982E-05 0.208329 0.531021 9.9982E-05
0.0777485 0.0798193 0.0607096 0.036372 9.9973E-05 9.9973E-05 0.226763 0.518287 9.9973E-05
0.149525 0.185086 0.186973 9.9964E-05 9.9964E-05 9.9964E-05 0.415459 0.0625571 9.9964E-05
0.0367389 0.128743 0.089532 9.9964E-05 9.9964E-05 9.9964E-05 0.467934 0.276653 9.9964E-05
0.150492 9.9964E-05 0.0985368 9.9964E-05 0.00926127 9.9964E-05 0.247272 0.494038 9.9964E-05
0.0978126 0.234611 0.0683898 9.9973E-05 0.0616875 9.9973E-05 0.396934 0.140265 9.9973E-05
9.9964E-05 0.0777585 0.0589428 9.9964E-05 0.0857602 9.9964E-05 0.284811 0.492327 9.9964E-05
0.053188 0.178264 0.00188904 0.0200217 0.682258 0.0260705 0.00800502 0.0230424 0.0072615
0.279713 0.0734137 0.0226783 9.9973E-05 0.351702 9.9973E-05 0.016099 0.256094 9.9973E-05
0.0845143 0.0898125 9.9982E-05 0.0259024 0.409083 0.0885699 9.9982E-05 0.237477 0.064441
0.0506544 9.9991E-05 0.014922 0.0137382 0.235967 0.056266 0.00552187 0.603542 0.0192879
9.9973E-05 0.206486 0.0591955 0.018359 0.552744 0.0198381 9.9973E-05 0.143077 9.9973E-05
0.0820853 9.9991E-05 0.0117523 0.0028897 0.197302 0.0425314 0.112856 0.471621 0.0788622
0.119586 9.9982E-05 0.0156872 0.0910116 0.187281 0.0219436 9.9982E-05 0.556456 0.00783472
0.0230795 0.0808955 0.0038576 9.9991E-05 0.279065 0.0525381 0.0355675 0.48259 0.0423067
0.0946406 0.0131176 0.0554031 0.0228123 0.241599 0.129725 9.9982E-05 0.442503 9.9982E-05
9.9973E-05 0.123547 0.084928 9.9973E-05 0.301786 0.106181 9.9973E-05 0.317241 0.0660172
9.9964E-05 0.165678 0.0406431 9.9964E-05 0.519564 0.135614 9.9964E-05 0.138102 9.9964E-05
0.0404451 0.115016 0.065301 9.9973E-05 0.447292 0.0513741 9.9973E-05 0.280272 9.9973E-05
0.134574 0.00228773 9.9955E-05 9.9955E-05 0.283716 9.9955E-05 9.9955E-05 0.578922 9.9955E-05
0.0910648 0.0459728 0.0529313 0.080687 0.141996 0.0497272 0.0224064 0.49055 0.0246644
0.0590129 9.9982E-05 0.00716036 0.00843089 0.264346 9.9982E-05 0.165625 0.43287 0.0623539
0.114091 0.00886335 0.0270665 9.9982E-05 0.262611 0.0666317 9.9982E-05 0.501296 0.0192407
0.0119743 9.9991E-05 0.0228138 0.0326141 0.426715 0.0357725 0.117016 0.310344 0.0426501
0.00399693 0.105378 0.00987166 0.00883318 0.265185 0.0376513 9.9982E-05 0.568884 9.9982E-05
0.0460829 0.0867407 9.9973E-05 9.9973E-05 0.345038 0.147975 9.9973E-05 0.362743 0.0111197
0.0972076 9.9973E-05 9.9973E-05 9.9973E-05 0.213537 0.103278 0.0198519 0.463696 0.10213
9.9982E-05 0.000924186 9.9982E-05 0.0463383 0.0169135 0.0923178 0.169379 0.418911 0.255016
9.9973E-05 0.176124 9.9973E-05 0.0254592 9.9973E-05 0.216466 0.0896207 0.404453 0.0875763
0.00381028 9.9991E-05 0.0487087 0.0220272 0.066105 0.164802 0.078481 0.52665 0.0893159
0.0708936 0.106921 0.038622 0.00339464 0.0188422 0.165915 0.0403243 0.505436 0.0496511
0.0336228 0.0507279 9.9991E-05 0.0107461 0.0716893 0.195135 0.0279705 0.357336 0.252672
0.16642 0.0650271 0.00196655 0.000675871 0.208785 0.0521636 0.111447 0.393416 9.9991E-05
0.0274438 0.0800841 0.00761289 0.0401265 0.152662 0.103877 9.9991E-05 0.446557 0.141537
0.0331663 0.112447 9.9982E-05 9.9982E-05 0.033351 0.144257 0.445049 0.0413362 0.190193
0.0693345 9.9982E-05 0.0111871 9.9982E-05 0.199172 0.179047 0.012435 0.428871 0.0997523
9.9991E-05 0.0752739 0.0425656 0.065104 0.00825546 0.0955026 0.087432 0.540709 0.0850575
0.132836 0.0106249 0.00866442 9.9982E-05 0.112469 0.210987 0.0341189 0.4901 9.9982E-05
0.00183906 0.0642098 0.0625883 0.0668803 0.0804914 0.158847 0.205254 0.269217 0.0906737
0.069734 9.9973E-05 9.9973E-05 0.0100425 9.9973E-05 0.147821 0.108844 0.475145 0.188113
0.0251065 9.9973E-05 9.9973E-05 0.0630201 9.9973E-05 0.138648 0.0450696 0.611134 0.116723
0.0230745 9.9964E-05 9.9964E-05 0.0605848 9.9964E-05 0.161594 0.423044 9.9964E-05 0.331303
0.0019341 0.0743959 0.0261123 0.135577 9.9991E-05 0.0942487 0.0526579 0.521934 0.0930398
0.0961876 9.9982E-05 0.00797607 0.0219496 9.9982E-05 0.154798 0.0693658 0.498602 0.150921
0.051365 0.0950938 0.0180847 0.0660105 0.064061 0.16126 0.0319076 0.437877 0.0743402
9.9973E-05 9.9973E-05 9.9973E-05 0.0287842 0.00408776 0.102681 0.0838349 0.577212 0.203101
0.0288047 0.0659778 0.0328965 0.034053 9.9991E-05 0.0880032 0.0863198 0.519836 0.144009
0.327606 0.111886 0.0218874 0.0700602 9.9982E-05 0.00115471 9.9982E-05 0.418601 0.0486052
0.287964 0.140365 9.9973E-05 9.9973E-05 0.0318058 0.0225423 9.9973E-05 0.383452 0.133571
0.899832 0.0231298 0.00262415 9.9955E-05 0.0739146 9.9955E-05 9.9955E-05 9.9955E-05 9.9955E-05
0.841013 9.9964E-05 0.0231098 9.9964E-05 0.083084 9.9964E-05 0.037046 9.9964E-05 0.0153469
0.376424 0.0174822 0.0370346 0.074113 9.9973E-05 0.0235416 9.9973E-05 0.471105 9.9973E-05
0.0971585 9.9973E-05 9.9973E-05 9.9973E-05 0.012064 0.266832 0.137912 0.360455 0.125278
0.216151 9.9973E-05 9.9973E-05 0.0222995 9.9973E-05 0.255452 0.103256 0.30247 0.100072
0.165007 0.0139971 9.9982E-05 0.0132625 9.9982E-05 0.264669 0.210679 0.178102 0.154084
0.206237 9.9973E-05 9.9973E-05 0.0404949 9.9973E-05 0.276318 0.0453554 0.30167 0.129625
0.686437 9.9964E-05 9.9964E-05 9.9964E-05 9.9964E-05 0.0944611 0.156933 0.0348091 0.0269599
0.659674 9.9973E-05 9.9973E-05 0.0501328 9.9973E-05 0.0784754 0.134912 0.0565948 0.0199111
0.407882 9.9955E-05 9.9955E-05 0.00451883 9.9955E-05 0.120664 9.9955E-05 0.466436 9.9955E-05
0.471826 9.9955E-05 9.9955E-05 9.9955E-05 9.9955E-05 0.0785124 9.9955E-05 0.362649 0.0865126
0.707382 9.9964E-05 9.9964E-05 0.0410252 9.9964E-05 0.0553591 9.9964E-05 0.14484 0.0509934
0.314936 0.0773647 0.022909 0.0439353 0.0281777 0.123677 9.9982E-05 0.3888 9.9982E-05
0.323584 9.9973E-05 0.0114474 0.0049273 9.9973E-05 0.069452 9.9973E-05 0.547121 0.043169
0.157526 9.9973E-05 9.9973E-05 9.9973E-05 0.119483 0.151431 0.0550524 0.437986 0.0782216
0.58844 0.0369066 0.0424657 0.000949433 0.0499546 9.9973E-05 9.9973E-05 0.280983 9.9973E-05
0.443071 0.118925 9.9964E-05 9.9964E-05 0.119951 0.0811034 9.9964E-05 0.23655 9.9964E-05
0.256204 0.0654752 0.0329867 0.0475642 9.9991E-05 0.0276077 0.0201055 0.545907 0.00404927
0.402379 0.0133841 0.0592461 0.0257889 0.0219737 9.9982E-05 9.9982E-05 0.394641 0.0823875
0.204535 0.0199827 0.0305436 0.0390631 0.139423 0.0480793 0.0447906 0.366122 0.10746
0.450491 9.9946E-05 9.9946E-05 9.9946E-05 9.9946E-05 9.9946E-05 0.0919923 0.456917 9.9946E-05
0.697011 9.9955E-05 0.0984157 9.9955E-05 0.0226075 9.9955E-05 9.9955E-05 0.181466 9.9955E-05
0.4071 9.9955E-05 9.9955E-05 9.9955E-05 9.9955E-05 9.9955E-05 0.0117602 0.551307 0.0293332
0.755519 9.99549E-05 0.0215996 9.99549E-05 0.0314966 9.99549E-05 9.99549E-05 0.190885 9.99549E-05
0.533782 9.9964E-05 0.0103034 0.0193636 9.9964E-05 9.9964E-05 9.9964E-05 0.404724 0.0314273
0.211483 0.127881 0.00398528 0.159426 9.9973E-05 9.9973E-05 9.9973E-05 0.490993 0.0059316
0.398563 0.115793 0.02579 0.0247765 9.9982E-05 0.0215048 9.9982E-05 0.408247 0.00512605
0.0241907 0.0129151 0.0173139 9.9991E-05 0.0670285 0.1528 0.0772491 0.499308 0.149095
0.178801 0.00734167 9.9991E-05 0.0503456 0.026995 0.135079 0.116144 0.422804 0.06239
0.018083 9.9991E-05 0.0756946 0.00129956 0.0430988 0.229728 0.100346 0.370489 0.161161
0.163332 9.9991E-05 0.0875854 0.0640668 0.0529098 0.176325 0.0895507 0.266549 0.0995822
0.0741888 9.9991E-05 0.0305623 0.0353322 0.110445 0.166076 0.0732964 0.405914 0.104086
0.126456 0.0630345 0.0566138 0.0301465 0.0564753 0.195666 9.9991E-05 0.353657 0.117851
0.59362 9.9964E-05 9.9964E-05 0.0248285 9.9964E-05 0.134489 0.0811679 9.9964E-05 0.165495
0.15513 9.9982E-05 0.0139208 0.0118487 9.9982E-05 0.22294 0.0265271 0.541206 0.0282284
0.329658 9.9955E-05 9.9955E-05 9.9955E-05 9.9955E-05 0.120458 0.239386 9.9955E-05 0.309998
0.254657 9.9955E-05 9.9955E-05 9.9955E-05 9.9955E-05 0.232145 9.9955E-05 0.419782 0.0929165
0.810965 0.113716 0.00214233 9.9964E-05 9.9964E-05 9.9964E-05 0.015745 0.0570318 9.9964E-05
0.909643 0.0396773 9.9955E-05 0.00194363 0.0482363 9.9955E-05 9.9955E-05 9.9955E-05 9.9955E-05
0.493604 0.0155404 9.9955E-05 0.0339716 9.9955E-05 9.9955E-05 9.9955E-05 0.456384 9.9955E-05
0.308856 9.9955E-05 9.9955E-05 0.0271232 9.9955E-05 9.9955E-05 9.9955E-05 0.639951 0.0235701
0.59942 0.0179944 9.9955E-05 9.9955E-05 0.0344737 9.9955E-05 9.9955E-05 0.347612 9.9955E-05
0.457407 0.0634633 9.9964E-05 0.0472897 9.9964E-05 9.9964E-05 9.9964E-05 0.431319 0.000120785
0.520155 9.9946E-05 0.0143379 9.9946E-05 9.9946E-05 9.9946E-05 9.9946E-05 0.464907 9.9946E-05
0.083674 9.9973E-05 9.9973E-05 0.0960437 0.0100186 0.0802811 9.9973E-05 0.00726743 0.722415
0.0168584 9.9973E-05 0.0158361 0.0191829 0.159226 0.110506 9.9973E-05 9.9973E-05 0.67809
9.9964E-05 9.9964E-05 0.0425177 0.0525627 0.00407151 0.0696598 9.9964E-05 9.9964E-05 0.830788
0.0149603 9.9973E-05 0.0139688 0.134935 9.9973E-05 9.9973E-05 0.0026321 0.0319463 0.801257
9.9982E-05 0.361576 9.9982E-05 0.0589054 0.0232676 0.0584959 0.0440699 0.452619 0.000866184
9.9973E-05 0.372816 9.9973E-05 0.00383453 0.126391 0.066406 9.9973E-05 0.381333 0.04892
0.0404851 0.487719 9.9964E-05 0.0423838 0.00651918 9.9964E-05 9.9964E-05 0.422493 9.9964E-05
9.9973E-05 0.300834 0.058803 0.0185011 9.9973E-05 0.0578326 9.9973E-05 0.500298 0.0634313
9.9991E-05 0.254756 0.106326 0.0216372 0.00879798 0.0676123 0.0541733 0.404017 0.0825797
0.0562002 0.600164 0.057967 9.9982E-05 0.00486264 9.9982E-05 0.0702983 0.170678 0.0396302
9.9955E-05 0.40425 9.9955E-05 9.9955E-05 9.9955E-05 0.0604681 9.9955E-05 0.504659 0.0301238
0.0549876 0.437239 9.9955E-05 9.9955E-05 9.9955E-05 9.9955E-05 0.141846 0.365427 9.9955E-05
0.0282169 9.9982E-05 9.9982E-05 0.0217791 0.0543839 0.12055 0.0395396 0.457584 0.277746
0.0941729 0.435809 0.00328785 9.9982E-05 0.0628181 0.0798987 0.0107561 0.313058 9.9982E-05
9.9964E-05 0.536279 9.9964E-05 0.0190027 0.143127 9.9964E-05 0.0270981 0.274093 9.9964E-05
0.0823429 0.414691 9.9955E-05 9.9955E-05 9.9955E-05 0.0224264 9.9955E-05 0.48004 9.9955E-05
0.100919 0.457789 9.9973E-05 0.0528965 0.083355 0.0381985 9.9973E-05 0.266543 9.9973E-05
0.0160135 0.339306 0.0205768 9.9964E-05 9.9964E-05 9.9964E-05 0.0281968 0.595508 9.9964E-05
0.0207784 0.332895 0.0656774 0.0125492 9.9982E-05 0.0182909 9.9982E-05 0.502763 0.0468464
0.0680247 0.874693 9.9955E-05 9.9955E-05 9.9955E-05 9.9955E-05 0.0350818 0.0217012 9.9955E-05
0.0100228 0.597247 0.0097652 9.9964E-05 9.9964E-05 9.9964E-05 0.148069 0.234496 9.9964E-05
0.00184916 0.572842 0.0342816 0.0184279 0.0731177 9.9991E-05 0.00671252 0.275711 0.0169585
9.9937E-05 0.759482 9.9937E-05 9.9937E-05 9.9937E-05 9.9937E-05 0.239818 9.9937E-05 9.9937E-05
0.0157386 0.385439 0.0285297 0.0533385 0.0796763 9.9982E-05 9.9982E-05 0.430279 0.00679963
9.9955E-05 0.589075 0.0444173 9.9955E-05 9.9955E-05 9.9955E-05 0.257896 0.108113 9.9955E-05
0.135087 0.637122 9.9946E-05 9.9946E-05 9.9946E-05 9.9946E-05 0.227191 9.9946E-05 9.9946E-05
9.9982E-05 0.323147 0.0371105 0.0452915 9.9982E-05 0.0412623 0.0117824 0.538888 0.00231855
0.0391304 0.666848 0.0112158 0.0154701 0.043436 9.9982E-05 9.9982E-05 0.144816 0.0788835
9.9991E-05 0.388195 0.00936177 0.0425636 0.0991697 0.0139989 0.0193519 0.414176 0.0130837
9.9973E-05 0.241888 0.0488532 0.0441695 9.9973E-05 0.053066 9.9973E-05 0.539832 0.0718912
9.9982E-05 0.347171 0.0308972 0.00467661 0.0576709 9.9982E-05 0.0158802 0.508093 0.0354104
0.16706 9.9973E-05 0.0196656 9.9973E-05 0.331727 0.0590962 0.0932697 0.328882 9.9973E-05
0.0440041 0.384431 9.9955E-05 9.9955E-05 9.9955E-05 0.0339535 9.9955E-05 0.537111 9.9955E-05
0.021438 0.325458 0.0119221 9.9982E-05 0.175748 0.0533951 9.9982E-05 0.393236 0.0186037
9.9973E-05 0.604695 0.00495301 0.000644648 0.0175007 9.9973E-05 0.067776 0.304131 9.9973E-05
0.0530348 0.272543 0.0840617 0.0777232 0.0390898 0.0408207 9.9991E-05 0.41659 0.0160365
9.9964E-05 9.9964E-05 0.070035 0.050919 0.217393 9.9964E-05 0.0729577 9.9964E-05 0.588295
0.00795117 0.0623696 9.9973E-05 0.106741 0.115352 9.9973E-05 0.0746569 9.9973E-05 0.632629
9.9955E-05 9.9955E-05 9.9955E-05 0.111412 0.142472 9.9955E-05 0.0838955 9.9955E-05 0.66172
9.9964E-05 9.9964E-05 0.125592 0.110113 0.0464328 9.9964E-05 0.0227724 9.9964E-05 0.69469
9.9964E-05 0.0120815 0.139925 0.0575267 0.152686 9.9964E-05 9.9964E-05 9.9964E-05 0.637381
9.9955E-05 0.778383 9.9955E-05 9.9955E-05 0.0871192 9.9955E-05 9.9955E-05 0.0818337 0.0521647
9.9982E-05 0.653328 0.0291861 0.0258704 0.109646 9.9982E-05 0.0354241 0.0931543 0.0531914
