0.0915897 9.9991E-05 0.90831
0.0434266 9.9991E-05 0.956473
0.108344 0.00481008 0.886846
0.157245 0.0135545 0.8292
0.0943478 9.9991E-05 0.905552
0.137817 0.152761 0.709422
0.053393 0.0890105 0.857597
0.0683262 0.14388 0.787793
9.9991E-05 0.0793089 0.920591
0.0749417 0.130556 0.794502
0.0951956 0.128032 0.776773
0.0793879 0.735111 0.185501
0.342516 0.608785 0.0486987
0.164154 0.726337 0.109509
0.24728 0.601537 0.151183
0.330135 0.529713 0.140152
0.391511 0.586942 0.0215475
0.299188 0.648655 0.0521571
0.180499 0.616823 0.202678
9.9991E-05 0.785598 0.214302
0.247826 0.708938 0.0432361
0.274397 0.683348 0.0422553
0.337827 0.640474 0.0216983
0.133262 0.703741 0.162997
0.46715 0.501641 0.0312086
0.303682 0.64039 0.0559281
0.0775622 0.767712 0.154726
0.175756 0.694238 0.130006
0.0611943 0.810092 0.128714
0.158182 9.9991E-05 0.841718
0.1554 9.9991E-05 0.8445
0.20142 9.9991E-05 0.79848
0.246914 0.00917724 0.743909
0.273351 0.653863 0.0727859
0.377637 0.622263 9.9991E-05
0.318718 0.681182 9.9991E-05
0.0300166 0.781007 0.188976
0.141981 0.857919 9.9991E-05
0.373612 0.572351 0.0540372
0.419331 0.580569 9.9991E-05
0.316192 0.593163 0.0906451
0.373351 0.583636 0.0430132
9.9991E-05 0.930311 0.0695894
0.39885 0.585753 0.0153973
0.360065 0.621083 0.0188527
0.409841 0.505487 0.084672
0.156157 0.843743 9.9991E-05
0.408197 0.591703 9.9991E-05
0.370551 0.537316 0.092133
9.9991E-05 0.876963 0.122937
9.9991E-05 0.854727 0.145173
0.0552658 0.80993 0.134804
0.383657 0.565385 0.050958
0.41127 0.569601 0.0191294
0.43252 0.522106 0.0453739
0.0538192 0.710983 0.235198
0.285348 0.70849 0.00616161
0.391886 0.581434 0.0266802
0.230337 0.626627 0.143036
0.0233245 0.695228 0.281448
0.362985 0.587437 0.0495783
0.309262 0.629457 0.0612813
9.9991E-05 0.770301 0.229599
0.208353 0.760363 0.0312836
0.385168 0.614732 9.9991E-05
0.391896 0.564635 0.0434694
0.131395 0.704851 0.163754
0.307553 0.639038 0.0534088
0.319084 0.627471 0.0534452
0.0446092 0.78646 0.168931
0.292392 0.707508 9.9991E-05
0.108566 0.868127 0.0233064
0.373668 0.602847 0.0234853
9.9991E-05 0.975606 0.0242939
9.9991E-05 0.990855 0.00904513
0.108231 0.891669 9.9991E-05
0.262033 0.737867 9.9991E-05
0.397839 0.528773 0.0733873
0.274944 0.724956 9.9991E-05
0.0576849 0.863173 0.0791422
0.0959985 0.884487 0.0195149
0.343224 0.624064 0.032712
0.213325 0.781538 0.00513696
0.249883 0.750017 9.9991E-05
0.238523 0.761377 9.9991E-05
9.9991E-05 0.909988 0.0899121
0.399502 0.600398 9.9991E-05
0.0939816 0.0373636 0.868655
0.107687 9.9991E-05 0.892213
0.183437 9.9991E-05 0.816463
0.102461 9.9991E-05 0.897439
0.0620495 9.9991E-05 0.93785
0.137488 9.9991E-05 0.862412
0.0933756 9.9991E-05 0.906524
0.355461 0.628652 0.0158871
0.375933 0.571928 0.052139
9.9991E-05 0.910974 0.0889256
0.386641 0.613259 9.9991E-05
0.204575 0.766501 0.0289238
0.346517 0.653383 9.9991E-05
0.316808 0.683092 9.9991E-05
0.314452 0.685448 9.9991E-05
9.9991E-05 0.874627 0.125273
0.318624 0.629368 0.0520078
0.381242 0.587862 0.0308951
0.373984 0.567735 0.0582809
0.138187 0.845962 0.0158504
0.270199 0.729701 9.9991E-05
0.261575 0.738325 9.9991E-05
0.219491 0.780409 9.9991E-05
0.238475 0.735269 0.026256
0.35406 0.59738 0.0485599
0.146918 0.722408 0.130674
0.197295 0.702151 0.100554
0.37233 0.537849 0.0898211
0.382045 0.558469 0.0594867
0.260406 0.686229 0.0533649
0.379978 0.61081 0.00921235
0.234017 0.673768 0.0922146
0.349742 0.593363 0.0568944
0.38994 0.596048 0.0140116
0.32209 0.645985 0.0319245
0.269542 0.704472 0.0259855
0.408858 0.570261 0.0208812
0.402156 0.565068 0.0327759
0.37654 0.62336 9.9991E-05
0.417073 0.554282 0.0286449
0.381578 0.618322 9.9991E-05
0.201174 0.655332 0.143495
0.426171 0.5458 0.0280294
0.393994 0.605906 9.9991E-05
0.0843446 0.767006 0.14865
0.0650721 0.814677 0.120251
0.307174 0.646034 0.0467923
9.9991E-05 0.903905 0.0959953
0.0933241 0.800668 0.106008
0.175558 0.796666 0.0277753
0.161058 0.745948 0.0929944
0.131527 0.814085 0.0543887
0.360439 0.604883 0.0346782
0.397974 0.548806 0.0532198
0.349562 0.639386 0.0110515
0.0428692 0.835201 0.12193
0.321962 0.572011 0.106027
0.334798 0.561705 0.103497
9.9991E-05 0.71796 0.28194
0.4762 0.522096 0.00170484
0.155539 0.686028 0.158434
0.383962 0.534543 0.081495
0.0818264 0.754015 0.164159
9.9991E-05 0.803392 0.196508
0.210114 0.715034 0.074852
0.357131 0.539364 0.103505
0.270398 0.562853 0.166749
0.0570523 0.751676 0.191272
0.375236 0.560466 0.0642975
0.106441 0.893459 9.9991E-05
0.210177 0.789723 9.9991E-05
0.368958 0.546286 0.0847559
0.325114 0.22583 0.449056
0.10681 0.163423 0.729767
0.0938114 0.176132 0.730057
0.319092 0.210551 0.470357
0.34071 0.65919 9.9991E-05
0.385774 0.556797 0.0574292
0.878369 0.105252 0.0163796
0.665552 0.273579 0.0608692
0.591744 0.296487 0.111769
0.125225 0.79255 0.082225
0.336213 0.603718 0.0600691
0.0680668 0.861487 0.070446
0.327102 0.640094 0.0328035
0.279122 0.662249 0.058629
0.339777 0.660123 9.9991E-05
0.0527562 0.832559 0.114685
0.426184 0.573716 9.9991E-05
0.387635 0.541111 0.0712538
0.932909 9.9991E-05 0.0669907
0.935276 9.9991E-05 0.0646238
0.728516 0.181427 0.090057
0.853032 0.120892 0.0260759
0.892351 0.0357147 0.0719344
0.91543 9.9991E-05 0.0844702
0.927813 9.9991E-05 0.0720873
0.990461 9.9991E-05 0.00943897
0.882436 9.9991E-05 0.117464
0.928248 9.9991E-05 0.0716524
0.928411 9.9991E-05 0.0714891
0.880565 0.0256446 0.0937906
0.8666 9.9991E-05 0.1333
0.953643 9.9991E-05 0.046257
0.607839 0.319796 0.0723643
0.801937 0.109682 0.0883808
0.89787 9.9991E-05 0.10203
0.921044 9.9991E-05 0.0788559
0.973437 9.9991E-05 0.0264628
0.921181 9.9991E-05 0.0787192
0.923748 9.9991E-05 0.0761517
0.799391 0.100173 0.100437
0.896308 9.9991E-05 0.103592
0.0296699 0.508751 0.461579
0.305948 0.464733 0.229319
0.34169 0.502281 0.156029
0.187127 0.498828 0.314046
0.372644 0.46782 0.159536
0.164292 0.475427 0.360281
0.36236 0.459448 0.178191
0.300918 0.463505 0.235577
0.43092 0.420496 0.148584
0.346643 0.43306 0.220297
0.399158 0.411329 0.189513
0.0909785 0.00365672 0.905365
0.0993417 9.9991E-05 0.900558
0.0515089 9.9991E-05 0.948391
0.0213515 9.9991E-05 0.978548
0.0956848 9.9991E-05 0.904215
0.0456156 9.9991E-05 0.954284
0.10033 9.9991E-05 0.89957
0.0546285 9.9991E-05 0.945271
0.0983484 0.00351354 0.898138
0.0852373 9.9991E-05 0.914663
9.9991E-05 0.302403 0.697497
9.9991E-05 0.258033 0.741867
9.9991E-05 0.34783 0.65207
9.9991E-05 0.410219 0.589681
0.295932 0.676386 0.0276819
0.289457 0.710443 9.9991E-05
0.296611 0.703289 9.9991E-05
0.171622 0.765196 0.0631817
0.0292699 0.867704 0.103026
0.390871 0.609029 9.9991E-05
0.358971 0.640929 9.9991E-05
0.295693 0.704207 9.9991E-05
0.200266 0.799634 9.9991E-05
0.390306 0.588281 0.0214136
0.221965 0.777935 9.9991E-05
9.999E-05 0.9998 9.999E-05
0.366542 0.609609 0.0238493
0.0581115 0.941789 9.9991E-05
0.306547 0.693353 9.9991E-05
0.0340767 0.901351 0.0645723
9.9991E-05 0.645519 0.354381
9.9991E-05 0.697413 0.302487
9.9991E-05 0.697223 0.302677
9.9991E-05 0.671507 0.328393
9.9991E-05 0.748768 0.251132
9.9991E-05 0.69831 0.30159
0.131155 9.9991E-05 0.868745
0.134555 0.0408466 0.824598
0.168818 0.052035 0.779147
0.142062 9.9991E-05 0.857838
0.1909 0.0483508 0.760749
9.9991E-05 0.430037 0.569863
9.9991E-05 0.397845 0.602055
9.9991E-05 0.425229 0.574671
0.151772 0.025811 0.822417
9.9991E-05 0.442137 0.557763
0.511701 0.216218 0.27208
0.556156 0.330823 0.113021
0.62671 0.258097 0.115193
0.454609 0.247399 0.297992
0.461478 0.423735 0.114787
0.30644 0.103967 0.589593
0.215043 0.7477 0.0372573
0.220425 0.777887 0.00168797
0.0828117 0.794999 0.12219
0.278131 0.721769 9.9991E-05
9.9991E-05 0.893168 0.106732
0.372153 0.565192 0.0626549
0.333807 0.658946 0.0072478
0.103494 0.804822 0.091684
0.350837 0.600078 0.0490844
9.9991E-05 0.91641 0.0834901
0.31922 0.672522 0.00825862
0.239231 0.708346 0.0524227
0.401156 0.496569 0.102275
0.163403 0.800012 0.0365855
0.226894 0.751036 0.0220693
0.329614 0.670286 9.9991E-05
0.278644 0.721256 9.9991E-05
0.401762 0.598138 9.9991E-05
0.356129 0.554708 0.0891627
0.323284 0.607701 0.0690152
0.188132 9.9991E-05 0.811768
0.137642 9.9991E-05 0.862258
0.0967551 0.0030941 0.900151
0.108754 9.9991E-05 0.891146
0.117421 9.9991E-05 0.882479
0.019176 0.800491 0.180333
0.329171 0.637498 0.0333306
0.476097 0.33375 0.190153
0.406792 0.593108 9.9991E-05
0.301744 0.680881 0.0173751
0.117018 0.810409 0.0725734
9.9991E-05 0.735382 0.264518
0.281499 0.64126 0.0772409
0.0924492 0.744371 0.16318
0.285822 0.675027 0.0391512
0.00929047 0.764969 0.225741
0.365371 0.576938 0.0576904
0.0111184 0.793525 0.195356
0.183958 0.729555 0.0864878
0.34238 0.616322 0.0412978
0.104301 0.815225 0.0804738
0.296674 0.641021 0.0623043
0.346145 0.566146 0.0877095
0.0652655 0.837238 0.0974965
0.338234 0.569728 0.0920379
0.224922 0.717306 0.0577712
9.9991E-05 0.91823 0.0816697
0.011328 0.857414 0.131258
0.208701 0.750343 0.0409557
9.9991E-05 0.892375 0.107525
0.211701 0.773352 0.0149472
0.0203028 0.824777 0.15492
0.148982 0.827374 0.0236439
0.251875 0.669065 0.07906
0.374835 0.602411 0.0227531
0.066758 0.846794 0.0864484
0.357233 0.606565 0.0362022
0.35563 0.613456 0.0309144
0.316245 0.660287 0.0234681
0.325854 0.66381 0.0103362
0.272562 0.681814 0.0456244
0.110479 0.782509 0.107012
0.254595 0.704116 0.0412881
0.352856 0.647044 9.9991E-05
0.382522 0.597439 0.0200391
0.252834 0.644807 0.102359
0.344509 0.655391 9.9991E-05
0.226413 0.689491 0.0840959
0.360508 0.623186 0.0163065
0.312303 0.630491 0.0572051
0.393227 0.570261 0.036512
0.417022 0.288883 0.294095
0.481383 0.421661 0.0969563
0.426663 0.435437 0.1379
0.467503 0.465785 0.0667122
0.4962 0.340269 0.16353
0.262854 0.737046 9.9991E-05
0.40983 0.44265 0.147521
0.17021 0.478218 0.351572
0.452499 0.470499 0.0770017
0.511717 0.382525 0.105758
0.484754 0.460456 0.0547902
0.290994 0.490878 0.218127
0.471091 0.352973 0.175935
0.523143 0.373637 0.10322
0.10857 0.211902 0.679527
0.498782 0.342888 0.15833
0.540798 0.327038 0.132165
0.436145 0.507735 0.0561191
0.585595 0.268838 0.145567
0.42799 0.395279 0.176731
0.276489 0.704958 0.0185526
0.341568 0.62989 0.028542
9.9991E-05 0.957592 0.0423079
9.9991E-05 0.910103 0.0897973
0.343194 0.61768 0.0391267
0.528887 0.320677 0.150436
0.513693 0.320138 0.166168
0.419486 0.349486 0.231028
0.510825 0.33919 0.149985
0.0784241 0.727382 0.194194
0.14534 0.697281 0.157379
0.413999 0.585901 9.9991E-05
0.335687 0.588121 0.0761926
0.180799 0.726527 0.092674
0.4089 0.57316 0.0179403
0.409728 0.590172 9.9991E-05
0.384066 0.561197 0.0547368
0.18949 0.81041 9.9991E-05
0.202645 0.776995 0.0203598
0.333343 0.666557 9.9991E-05
0.288142 0.674387 0.0374711
0.383339 0.569889 0.0467724
0.264487 0.735414 9.9991E-05
0.0860052 0.873723 0.0402714
0.374043 0.625857 9.9991E-05
0.0740844 0.89534 0.0305752
0.264244 0.730936 0.00482054
0.315737 0.618647 0.0656169
0.348849 0.639408 0.0117432
0.466617 0.387719 0.145664
0.419124 0.44428 0.136596
0.471235 0.290616 0.23815
0.42654 0.348958 0.224502
0.443839 0.40816 0.148001
0.389759 0.46288 0.147361
0.102989 0.586102 0.31091
0.557257 0.371554 0.0711893
0.0819046 0.361219 0.556876
0.489721 0.473975 0.0363046
0.0106193 0.95926 0.0301207
9.9991E-05 0.950861 0.0490388
0.255958 0.743942 9.9991E-05
0.398724 0.601176 9.9991E-05
0.235473 0.764427 9.9991E-05
0.349982 0.649918 9.9991E-05
0.295244 0.704656 9.9991E-05
0.0845152 0.0187527 0.896732
0.127938 0.0824574 0.789605
0.0811778 9.9991E-05 0.918722
0.0746634 9.9991E-05 0.925237
0.353317 0.646583 9.9991E-05
0.282453 0.706132 0.0114158
0.287832 0.712068 9.9991E-05
0.341277 0.652882 0.00584026
0.375441 0.611333 0.0132254
0.147405 0.814518 0.0380773
0.36329 0.63661 9.9991E-05
0.124352 0.875548 9.9991E-05
0.459878 0.261318 0.278804
0.256216 0.743684 9.9991E-05
0.155117 0.844783 9.9991E-05
0.284655 0.715245 9.9991E-05
0.230748 0.769152 9.9991E-05
0.327542 0.672358 9.9991E-05
0.307922 0.691978 9.9991E-05
9.999E-05 0.9998 9.999E-05
0.153655 0.846245 9.9991E-05
0.213028 0.786872 9.9991E-05
9.999E-05 0.9998 9.999E-05
0.230287 0.730759 0.0389537
9.9991E-05 0.981587 0.0183126
9.9991E-05 0.964414 0.0354857
0.368931 0.630969 9.9991E-05
0.0716927 0.867395 0.0609126
0.243126 0.756774 9.9991E-05
0.408056 0.551681 0.0402627
0.311353 0.688547 9.9991E-05
0.189692 0.7854 0.0249081
0.344432 0.655468 9.9991E-05
0.277372 0.722528 9.9991E-05
0.143134 0.856766 9.9991E-05
0.350718 0.603969 0.0453132
9.9991E-05 0.22153 0.77837
0.00020964 0.142997 0.856793
9.9991E-05 0.0724356 0.927464
9.9991E-05 0.0830435 0.916857
0.0160603 0.183082 0.800858
0.0319911 0.898559 0.0694495
0.0348113 0.912771 0.0524181
0.122073 0.877827 9.9991E-05
0.371811 0.587388 0.0408007
0.375106 0.566527 0.0583667
0.179073 0.820048 0.00087944
0.401988 0.597912 9.9991E-05
0.26296 0.73694 9.9991E-05
0.285988 0.713912 9.9991E-05
0.412803 0.587097 9.9991E-05
0.101828 0.874813 0.0233598
0.123826 0.876074 9.9991E-05
0.142497 0.836209 0.0212941
0.366076 0.565546 0.0683783
0.201556 0.798344 9.9991E-05
0.220202 0.756561 0.0232377
0.644134 0.244734 0.111132
0.657366 0.181771 0.160863
0.733299 0.177609 0.0890922
0.692015 0.0991728 0.208813
0.603083 0.295774 0.101143
0.328619 0.658819 0.0125622
0.638144 9.9991E-05 0.361756
0.711099 0.103678 0.185223
0.378825 0.409934 0.211241
0.320205 0.569729 0.110065
0.295075 0.575407 0.129518
0.355344 0.561656 0.0830002
0.411009 0.507715 0.0812767
0.707241 0.0834309 0.209328
0.629586 0.235046 0.135368
0.787174 0.106511 0.106315
0.561106 0.353839 0.0850552
0.631875 0.179332 0.188793
0.630323 0.285891 0.0837853
0.708094 0.109214 0.182692
0.56429 0.288869 0.146841
0.322208 0.603792 0.0739995
0.544735 0.261013 0.194252
0.702011 0.0243416 0.273648
0.600525 0.265827 0.133648
0.105608 0.662659 0.231733
0.406591 0.582372 0.011037
0.606187 0.248331 0.145483
0.290437 0.60417 0.105393
0.284783 0.559155 0.156061
0.434523 0.325434 0.240042
0.492564 0.277225 0.230211
0.407813 0.510732 0.081455
0.586034 0.254488 0.159478
0.744621 0.180322 0.0750575
0.730867 9.9991E-05 0.269033
0.43062 0.517062 0.0523174
0.211566 0.616388 0.172047
0.0586151 0.723137 0.218247
0.381895 0.51656 0.101545
0.243682 0.647421 0.108898
0.472952 0.385648 0.1414
0.362222 0.502748 0.135031
0.120185 0.318595 0.56122
0.0635736 0.405043 0.531383
0.275527 0.488839 0.235635
0.188753 0.327207 0.48404
0.199407 0.162589 0.638003
0.320537 0.481638 0.197825
0.365861 0.36248 0.271658
0.245515 0.383028 0.371457
0.166009 0.445884 0.388106
0.424646 0.432612 0.142742
0.207393 0.447804 0.344803
0.0190496 0.393598 0.587353
0.41043 0.469972 0.119599
0.363708 0.381364 0.254928
0.447496 0.258813 0.29369
0.613477 0.282138 0.104386
0.544597 0.334838 0.120565
0.564003 0.30774 0.128256
0.4213 0.212104 0.366597
0.522925 0.322119 0.154956
0.517752 0.244518 0.23773
0.434034 0.271801 0.294165
0.309966 0.475629 0.214405
0.43357 0.412609 0.153821
0.488899 0.414487 0.0966141
0.525414 0.376435 0.0981509
0.497632 0.269963 0.232404
0.490097 0.319856 0.190048
0.367205 0.186565 0.44623
0.515567 0.34188 0.142553
0.457562 0.204435 0.338003
0.021271 0.112717 0.866012
9.9991E-05 0.742275 0.257625
9.9991E-05 0.707276 0.292624
9.9991E-05 0.750776 0.249124
9.9991E-05 0.785471 0.214429
9.9991E-05 0.770715 0.229185
9.9991E-05 0.785508 0.214392
9.9991E-05 0.738603 0.261297
9.9991E-05 0.599506 0.400394
0.0457089 0.0231722 0.931119
0.0784207 0.0840889 0.83749
0.0801594 0.0194157 0.900425
0.0637172 0.0480182 0.888265
0.0825936 0.00564256 0.911764
0.0965947 9.9991E-05 0.903305
0.212268 0.0386663 0.749066
0.150693 9.9991E-05 0.849207
0.166142 0.0962847 0.737573
0.119802 9.9991E-05 0.880098
0.0303368 9.9991E-05 0.969563
0.118727 9.9991E-05 0.881173
0.0415138 9.9991E-05 0.958386
0.0769052 9.9991E-05 0.922995
0.127532 9.9991E-05 0.872368
0.105186 9.9991E-05 0.894715
0.153718 9.9991E-05 0.846182
0.193059 9.9991E-05 0.806841
0.206603 9.9991E-05 0.793297
0.211805 0.631384 0.156811
0.388497 0.577719 0.0337833
0.396551 0.5496 0.0538494
0.0185928 0.761588 0.219819
0.273648 0.616913 0.109439
9.9991E-05 0.726461 0.273439
0.435562 0.549945 0.0144936
0.209961 0.638886 0.151153
0.257845 0.59175 0.150405
0.267963 0.705944 0.0260937
0.242523 0.631 0.126477
0.428795 0.547226 0.0239788
0.285982 0.622767 0.0912512
9.9991E-05 0.852033 0.147867
9.9991E-05 0.753731 0.246169
0.0343522 0.744309 0.221338
0.39559 0.529901 0.0745093
0.288094 0.638558 0.0733486
0.333466 0.638464 0.0280694
0.435069 0.529585 0.0353461
0.467358 0.317081 0.215561
0.487795 0.350074 0.162131
0.252834 0.301038 0.446128
0.440825 0.463041 0.0961347
0.347686 0.418918 0.233396
0.153947 0.271472 0.574581
0.397671 0.274545 0.327785
0.362533 0.269239 0.368228
0.352132 0.356363 0.291504
0.453554 0.455917 0.0905288
0.430751 0.436532 0.132717
0.495626 0.418933 0.0854406
0.40649 0.406843 0.186667
0.275477 0.227897 0.496625
