0.892637 9.9991E-05 0.107263
0.945315 9.9991E-05 0.0545853
0.872117 0.0248399 0.103043
0.809362 0.0402835 0.150355
0.886762 9.9991E-05 0.113138
0.701686 0.176614 0.1217
0.857667 0.101661 0.0406722
0.793838 0.140841 0.065321
0.929495 0.0704049 9.9991E-05
0.809763 0.108982 0.0812547
0.77314 0.13799 0.0888708
0.129219 0.775237 0.095544
0.0505865 0.604021 0.345392
0.116758 0.722347 0.160895
0.11818 0.656739 0.225081
0.129839 0.517376 0.352786
0.0152001 0.56674 0.41806
0.0362723 0.652903 0.310824
0.199374 0.606598 0.194028
0.211117 0.788783 9.9991E-05
0.0464611 0.705043 0.248496
0.0147926 0.668821 0.316386
0.0311634 0.631873 0.336963
0.184897 0.688298 0.126805
0.0329205 0.520799 0.44628
0.050341 0.675461 0.274198
0.159782 0.750467 0.0897508
0.148699 0.685356 0.165945
0.127321 0.813396 0.059283
0.847726 9.9991E-05 0.152174
0.845687 9.9991E-05 0.154213
0.789992 9.9991E-05 0.209908
0.740892 9.9991E-05 0.259008
0.0409456 0.665894 0.293161
0.0359996 0.616989 0.347012
9.9991E-05 0.712037 0.287863
0.191735 0.802815 0.00544999
9.9991E-05 0.85034 0.14956
0.0366402 0.605164 0.358195
9.9991E-05 0.60335 0.39655
0.0993473 0.613654 0.286999
0.0730155 0.558913 0.368072
0.0480692 0.922975 0.0289556
0.00754649 0.581124 0.41133
9.9991E-05 0.584623 0.415277
0.0236058 0.569779 0.406615
9.9991E-05 0.853256 0.146644
0.000838602 0.628347 0.370814
0.0521274 0.596996 0.350877
0.12693 0.87297 9.9991E-05
0.135524 0.864376 9.9991E-05
0.136499 0.806326 0.0571748
0.0471881 0.53168 0.421131
0.0194975 0.566398 0.414105
0.0666718 0.542482 0.390846
0.253142 0.709064 0.0377946
0.0114004 0.664391 0.324208
0.0472217 0.564756 0.388022
0.121677 0.645658 0.232665
0.289894 0.688106 0.022
0.0550939 0.582649 0.362257
0.0662704 0.636185 0.297544
0.237158 0.762742 9.9991E-05
0.0309563 0.748736 0.220308
9.9991E-05 0.602744 0.397156
0.0470658 0.563485 0.38945
0.16325 0.683379 0.153371
0.0395178 0.643691 0.316791
0.0271923 0.615481 0.357327
0.151311 0.782888 0.0658017
9.9991E-05 0.720387 0.279513
0.024861 0.882315 0.0928238
0.0463603 0.608995 0.344645
0.0171879 0.982712 9.9991E-05
9.999E-05 0.9998 9.999E-05
9.9991E-05 0.900522 0.0993779
9.9991E-05 0.739721 0.260179
0.0672234 0.553476 0.379301
9.9991E-05 0.739562 0.260338
0.070364 0.895681 0.0339548
0.0287893 0.890534 0.0806765
0.0087105 0.639176 0.352114
0.0284369 0.796245 0.175318
9.9991E-05 0.763085 0.236815
9.9991E-05 0.777895 0.222005
0.0840183 0.915882 9.9991E-05
9.9991E-05 0.630373 0.369527
0.832017 0.054755 0.113228
0.876577 9.9991E-05 0.123323
0.82902 9.9991E-05 0.17088
0.885569 9.9991E-05 0.114331
0.926453 9.9991E-05 0.0734475
0.857192 9.9991E-05 0.142708
0.89323 9.9991E-05 0.10667
0.0168576 0.63498 0.348162
0.0388448 0.568517 0.392639
0.0899455 0.909955 9.9991E-05
0.00351866 0.569736 0.426745
0.0275392 0.792128 0.180333
9.9991E-05 0.671731 0.328169
9.9991E-05 0.663325 0.336575
9.9991E-05 0.669887 0.330013
0.112863 0.887037 9.9991E-05
0.0519666 0.605206 0.342828
0.00324122 0.582893 0.413866
0.0715376 0.556942 0.37152
0.0118063 0.867018 0.121175
9.9991E-05 0.73084 0.26906
9.9991E-05 0.772095 0.227805
9.9991E-05 0.809715 0.190185
0.0400544 0.740008 0.219937
0.0423758 0.615584 0.34204
0.13209 0.708873 0.159037
0.14805 0.685283 0.166667
0.102522 0.562107 0.335372
0.0363775 0.584446 0.379177
0.0901675 0.671615 0.238218
0.024789 0.57031 0.404901
0.0898453 0.672919 0.237235
0.0641345 0.616255 0.319611
0.0259176 0.571195 0.402887
0.0535978 0.634818 0.311584
0.0205463 0.652573 0.32688
0.00133368 0.567055 0.431612
0.040798 0.554513 0.404689
9.9991E-05 0.61441 0.38549
0.0321871 0.552954 0.414859
9.9991E-05 0.626469 0.373431
0.129929 0.661129 0.208941
9.9991E-05 0.561487 0.438413
9.9991E-05 0.569153 0.430747
0.14909 0.787953 0.062957
0.122925 0.82815 0.0489251
0.0347842 0.658812 0.306403
0.0731152 0.926785 9.9991E-05
0.0874371 0.789652 0.122911
0.00291984 0.795911 0.201169
0.0881355 0.772689 0.139176
0.0739087 0.810236 0.115855
0.0298907 0.611669 0.35844
0.0249768 0.591966 0.383057
0.0225735 0.640536 0.336891
0.122118 0.857592 0.0202895
0.109983 0.532595 0.357422
0.081882 0.61466 0.303458
0.272001 0.727899 9.9991E-05
9.9991E-05 0.570263 0.429637
0.151558 0.683774 0.164668
0.108922 0.50921 0.381868
0.171985 0.750266 0.0777498
0.226208 0.773692 9.9991E-05
0.0759542 0.69447 0.229576
0.0993225 0.551953 0.348724
0.155388 0.527446 0.317166
0.176569 0.765844 0.0575872
0.0429958 0.587463 0.369541
0.0092614 0.891605 0.0991334
9.9991E-05 0.782656 0.217245
0.0572278 0.558842 0.38393
0.42872 0.244933 0.326347
0.699915 0.184116 0.115968
0.719603 0.194379 0.0860184
0.447777 0.22104 0.331183
9.9991E-05 0.695563 0.304337
0.0505795 0.560039 0.389381
0.0121185 0.13084 0.857041
0.0441462 0.244059 0.711795
0.0960631 0.267848 0.636089
0.0918471 0.806517 0.101636
0.0941344 0.589596 0.316269
0.0475604 0.89151 0.0609294
0.02091 0.634705 0.344385
0.0526919 0.659547 0.287761
9.9991E-05 0.657932 0.341968
0.0973174 0.848898 0.053785
0.00111247 0.558478 0.440409
0.0260421 0.591294 0.382664
0.0882828 9.9991E-05 0.911617
0.0852742 9.9991E-05 0.914626
0.126681 0.156264 0.717054
0.00513555 0.13927 0.855594
0.0709761 0.0214514 0.907572
0.0862994 9.9991E-05 0.913601
0.068575 9.9991E-05 0.931325
0.0263302 9.9991E-05 0.97357
0.100625 9.9991E-05 0.899275
0.0507409 9.9991E-05 0.949159
0.071227 9.9991E-05 0.928673
0.0790174 0.0292634 0.891719
0.124386 0.0185705 0.857044
0.0623575 9.9991E-05 0.937542
0.115198 0.287054 0.597748
0.0948802 0.0974241 0.807696
0.105617 9.9991E-05 0.894283
0.0651263 9.9991E-05 0.934774
0.0419116 9.9991E-05 0.957988
0.0651437 9.9991E-05 0.934756
0.082776 9.9991E-05 0.917124
0.107009 0.0866696 0.806322
0.0994305 9.9991E-05 0.90047
0.466713 0.503287 0.0299996
0.234701 0.452294 0.313005
0.159266 0.487875 0.352858
0.319758 0.478799 0.201443
0.136841 0.483779 0.37938
0.36164 0.498056 0.140304
0.16307 0.460904 0.376026
0.24196 0.442 0.31604
0.155622 0.439836 0.404541
0.241575 0.419615 0.33881
0.170669 0.437814 0.391516
0.885553 0.0254694 0.0889776
0.892273 9.9991E-05 0.107627
0.952993 9.9991E-05 0.0469069
0.988951 9.9991E-05 0.0109491
0.910507 9.9991E-05 0.0893926
0.945791 9.9991E-05 0.054109
0.891678 9.9991E-05 0.108222
0.95728 9.9991E-05 0.0426196
0.90254 0.00622995 0.0912296
0.909056 9.9991E-05 0.0908436
0.712881 0.287019 9.9991E-05
0.731402 0.268498 9.9991E-05
0.656281 0.343619 9.9991E-05
0.597444 0.402456 9.9991E-05
0.0662016 0.658245 0.275553
0.0185775 0.693764 0.287658
9.9991E-05 0.691895 0.308005
0.0621531 0.777286 0.160561
0.136329 0.831683 0.0319874
9.9991E-05 0.618853 0.381047
9.9991E-05 0.649701 0.350199
9.9991E-05 0.694892 0.305008
9.9991E-05 0.786905 0.212995
0.0347833 0.586291 0.378925
9.9991E-05 0.763476 0.236424
9.999E-05 0.9998 9.999E-05
0.0563057 0.597532 0.346162
9.9991E-05 0.921988 0.0779119
9.9991E-05 0.6739 0.326
0.0465531 0.933646 0.0198004
0.34414 0.65576 9.9991E-05
0.326955 0.672945 9.9991E-05
0.287579 0.712321 9.9991E-05
0.326957 0.672943 9.9991E-05
0.26488 0.73502 9.9991E-05
0.284542 0.715358 9.9991E-05
0.866358 9.9991E-05 0.133542
0.814248 0.0364466 0.149306
0.759609 0.0504086 0.189983
0.848528 0.00792304 0.143549
0.776218 0.0321048 0.191677
0.541604 0.458296 9.9991E-05
0.593738 0.406162 9.9991E-05
0.588484 0.411416 9.9991E-05
0.840928 0.0221559 0.136916
0.559189 0.440711 9.9991E-05
0.306888 0.195782 0.49733
0.139112 0.319066 0.541822
0.128867 0.238545 0.632588
0.279771 0.265504 0.454725
0.15489 0.427336 0.417775
0.574253 0.11945 0.306297
0.0595111 0.759059 0.18143
0.0196128 0.742806 0.237581
0.0954123 0.817886 0.0867016
9.9991E-05 0.695628 0.304272
0.1073 0.8926 9.9991E-05
0.0494385 0.565143 0.385419
0.0255526 0.653959 0.320489
0.109992 0.76677 0.123238
0.0643235 0.579044 0.356633
0.0790245 0.920876 9.9991E-05
0.0171689 0.625508 0.357323
0.0365971 0.719344 0.244059
0.122103 0.499239 0.378658
0.0471008 0.787406 0.165493
9.9991E-05 0.738937 0.260963
9.9991E-05 0.656707 0.343193
9.9991E-05 0.714254 0.285646
9.9991E-05 0.581629 0.418271
0.0819606 0.561171 0.356869
0.0549862 0.598001 0.347013
0.814097 9.9991E-05 0.185803
0.852143 9.9991E-05 0.147757
0.889059 0.0188873 0.0920534
0.886477 9.9991E-05 0.113423
0.867822 9.9991E-05 0.132078
0.21357 0.78633 9.9991E-05
0.0191838 0.65917 0.321646
0.210611 0.327805 0.461584
9.9991E-05 0.601144 0.398756
0.0551821 0.661047 0.283771
0.0866667 0.797583 0.11575
0.251079 0.748821 9.9991E-05
0.0743877 0.665007 0.260606
0.192452 0.724027 0.0835214
0.0264907 0.677055 0.296454
0.245207 0.751925 0.00286798
0.0865359 0.534484 0.37898
0.196599 0.797659 0.00574211
0.117731 0.713483 0.168786
0.0865579 0.596564 0.316878
0.0815237 0.826885 0.0915913
0.0283446 0.669286 0.30237
0.0727345 0.603512 0.323754
0.101544 0.833418 0.0650387
0.0655093 0.584698 0.349793
0.0406349 0.704018 0.255347
0.078513 0.921387 9.9991E-05
0.129127 0.856281 0.0145918
0.0362995 0.722208 0.241493
0.11134 0.88856 9.9991E-05
0.00814229 0.790531 0.201327
0.172712 0.817775 0.00951277
0.0348552 0.840569 0.124576
0.116239 0.639679 0.244082
0.0322046 0.609921 0.357875
0.100959 0.827283 0.0717586
0.0504704 0.60936 0.34017
0.0379878 0.623406 0.338606
0.0583895 0.664041 0.27757
0.007826 0.653274 0.3389
0.0522131 0.681728 0.266059
0.110787 0.791596 0.0976175
0.0350917 0.737545 0.227364
9.9991E-05 0.674918 0.324982
0.00995825 0.584322 0.405719
0.0737664 0.694505 0.231729
0.00890572 0.66424 0.326854
0.0942331 0.706479 0.199288
0.0265174 0.629764 0.343719
0.0470593 0.634417 0.318523
0.0858124 0.531613 0.382574
0.263656 0.312593 0.42375
0.11405 0.397608 0.488342
0.111474 0.422518 0.466009
0.0768251 0.433726 0.489449
0.179227 0.327233 0.49354
9.9991E-05 0.743633 0.256267
0.0953852 0.453601 0.451014
0.36168 0.448065 0.190255
0.0784045 0.491705 0.429891
0.106546 0.396002 0.497452
0.0670619 0.468872 0.464066
0.201354 0.490545 0.308101
0.148732 0.348942 0.502326
0.119118 0.40482 0.476062
0.695822 0.198278 0.105899
0.136155 0.373495 0.49035
0.119541 0.320792 0.559667
0.0687997 0.479507 0.451693
0.144183 0.289923 0.565894
0.178981 0.381339 0.43968
9.9991E-05 0.685604 0.314296
0.0362749 0.605706 0.358019
0.0522039 0.947696 9.9991E-05
0.0862655 0.913634 9.9991E-05
0.054409 0.643159 0.302432
0.170066 0.294819 0.535115
0.172592 0.301864 0.525544
0.254214 0.323491 0.422295
0.177321 0.336601 0.486078
0.172791 0.720522 0.106687
0.151974 0.714286 0.13374
9.9991E-05 0.608584 0.391316
0.0765975 0.548824 0.374579
0.102337 0.727555 0.170108
0.00684041 0.604592 0.388568
9.9991E-05 0.551542 0.448358
0.0519043 0.571807 0.376289
9.9991E-05 0.805902 0.193998
0.0264354 0.771574 0.201991
0.0124636 0.650194 0.337342
0.037932 0.684231 0.277837
0.0397247 0.606093 0.354182
9.9991E-05 0.759093 0.240807
0.0422061 0.870992 0.0868022
9.9991E-05 0.627488 0.372412
0.0243102 0.899769 0.0759205
9.9991E-05 0.733565 0.266335
0.0436094 0.64675 0.309641
0.0342524 0.62217 0.343578
0.104739 0.460426 0.434836
0.157011 0.454959 0.38803
0.251973 0.271728 0.4763
0.217716 0.323646 0.458638
0.160885 0.402056 0.437059
0.136285 0.465589 0.398126
0.281583 0.595488 0.12293
0.0483006 0.39311 0.55859
0.549837 0.378912 0.0712505
0.0337825 0.466851 0.499367
0.0315538 0.963748 0.00469857
0.0483036 0.951596 9.9991E-05
9.9991E-05 0.72806 0.27184
9.9991E-05 0.648094 0.351806
9.9991E-05 0.79875 0.20115
9.9991E-05 0.662712 0.337188
9.9991E-05 0.696279 0.303621
0.897378 0.0240593 0.0785623
0.792137 0.0796749 0.128188
0.933063 9.9991E-05 0.0668373
0.928289 9.9991E-05 0.071611
9.9991E-05 0.664745 0.335155
0.0188526 0.671155 0.309993
9.9991E-05 0.702497 0.297403
0.00156132 0.63413 0.364309
0.0415845 0.568996 0.38942
0.0379215 0.827106 0.134972
9.9991E-05 0.629632 0.370268
9.9991E-05 0.858506 0.141394
0.327326 0.254377 0.418297
9.9991E-05 0.777754 0.222146
9.9991E-05 0.85055 0.14935
9.9991E-05 0.712041 0.287859
9.9991E-05 0.762646 0.237254
9.9991E-05 0.654263 0.345637
9.9991E-05 0.658556 0.341344
9.999E-05 0.9998 9.999E-05
9.9991E-05 0.842452 0.157448
9.9991E-05 0.782835 0.217065
9.999E-05 0.9998 9.999E-05
0.0179803 0.746489 0.235531
0.027221 0.972679 9.9991E-05
0.0251844 0.974716 9.9991E-05
9.9991E-05 0.64727 0.35263
0.0530831 0.86218 0.0847373
9.9991E-05 0.756421 0.243479
0.0535009 0.554382 0.392117
9.9991E-05 0.695944 0.303956
0.00915187 0.807453 0.183395
9.9991E-05 0.678204 0.321696
9.9991E-05 0.732807 0.267093
9.9991E-05 0.846838 0.153062
0.0309224 0.642337 0.326741
0.774558 0.225342 9.9991E-05
0.831372 0.154685 0.0139433
0.932838 0.0670615 9.9991E-05
0.909318 0.0905818 9.9991E-05
0.813026 0.172258 0.0147162
0.100497 0.858652 0.0408507
0.0533355 0.897707 0.0489572
9.9991E-05 0.884232 0.115668
0.0527761 0.536624 0.4106
0.0554123 0.544807 0.399781
0.00483734 0.853644 0.141519
9.9991E-05 0.603591 0.396309
0.019169 0.718581 0.26225
9.9991E-05 0.727259 0.272641
9.9991E-05 0.602754 0.397146
0.0219708 0.884349 0.0936803
0.00992539 0.864086 0.125989
0.00791787 0.859523 0.132559
0.0644549 0.52031 0.415235
0.00310926 0.796589 0.200302
0.022308 0.770069 0.207623
0.102643 0.263782 0.633575
0.123515 0.204329 0.672156
0.0973763 0.207569 0.695055
0.18219 0.117277 0.700533
0.103553 0.305542 0.590905
0.0221806 0.660801 0.317018
0.352535 9.9991E-05 0.647365
0.192918 0.121506 0.685575
0.193319 0.418669 0.388012
0.119682 0.542636 0.337682
0.1375 0.554838 0.307662
0.0862402 0.523387 0.390373
0.084487 0.50806 0.407453
0.176346 0.132463 0.691191
0.147891 0.223498 0.628611
0.0683865 0.154569 0.777045
0.125251 0.322447 0.552303
0.233893 0.132813 0.633294
0.108944 0.264891 0.626165
0.179355 0.109687 0.710958
0.0949774 0.333855 0.571167
0.104055 0.597853 0.298092
0.15833 0.249456 0.592214
0.3073 0.0100976 0.682603
0.106415 0.281781 0.611804
0.253151 0.63607 0.110779
0.00828358 0.579917 0.411799
0.156136 0.241767 0.602096
0.130858 0.549981 0.319161
0.140214 0.580423 0.279363
0.220835 0.3686 0.410565
0.242792 0.291775 0.465434
0.0943491 0.503399 0.402252
0.142844 0.277714 0.579442
0.0884467 0.181259 0.730294
0.276343 0.0154245 0.708232
0.0656892 0.492766 0.441545
0.153151 0.609938 0.236911
0.24728 0.698332 0.0543881
0.0809622 0.527262 0.391776
0.145706 0.652263 0.202031
0.150819 0.378067 0.471114
0.139933 0.469568 0.390499
0.542251 0.348623 0.109126
0.537413 0.420008 0.0425798
0.230148 0.517422 0.25243
0.457898 0.340337 0.201765
0.63518 0.174663 0.190157
0.206352 0.484139 0.309509
0.246002 0.372722 0.381276
0.401559 0.354725 0.243717
0.411909 0.436647 0.151444
0.126709 0.43288 0.440411
0.338601 0.435707 0.225692
0.595118 0.369507 0.0353749
0.100729 0.48818 0.411091
0.255897 0.373113 0.37099
0.312151 0.265825 0.422024
0.111779 0.272585 0.615636
0.118808 0.331338 0.549854
0.156033 0.294183 0.549783
0.357493 0.255372 0.387135
0.199576 0.320381 0.480043
0.217375 0.288049 0.494576
0.297293 0.285862 0.416845
0.222338 0.469208 0.308454
0.164857 0.39377 0.441373
0.0833633 0.384802 0.531835
0.0762736 0.44316 0.480567
0.270047 0.235916 0.494036
0.169537 0.351465 0.478998
0.471711 0.185583 0.342706
0.133718 0.368244 0.498038
0.374325 0.192199 0.433475
0.884553 0.1053 0.0101473
0.259531 0.732971 0.00749779
0.287852 0.712048 9.9991E-05
0.249254 0.750646 9.9991E-05
0.210469 0.789431 9.9991E-05
0.229003 0.770897 9.9991E-05
0.219957 0.779943 9.9991E-05
0.265445 0.734455 9.9991E-05
0.399017 0.600883 9.9991E-05
0.910722 0.0195871 0.0696912
0.817063 0.109496 0.0734417
0.892645 0.0306679 0.0766872
0.888697 0.0417831 0.0695199
0.918446 9.9991E-05 0.081454
0.893517 9.9991E-05 0.106383
0.727511 0.0446703 0.227818
0.867908 9.9991E-05 0.131992
0.742395 0.100338 0.157267
0.879633 9.9991E-05 0.120267
0.981385 9.9991E-05 0.0185148
0.875291 9.9991E-05 0.124609
0.960271 9.9991E-05 0.0396285
0.917295 9.9991E-05 0.0826053
0.870433 9.9991E-05 0.129467
0.885467 9.9991E-05 0.114433
0.838056 9.9991E-05 0.161844
0.816409 9.9991E-05 0.183491
0.783499 9.9991E-05 0.216401
0.154626 0.651503 0.193871
0.0295301 0.581508 0.388962
0.0884956 0.506262 0.405243
0.210152 0.748199 0.0416485
0.126477 0.599373 0.27415
0.278744 0.708799 0.0124571
0.017839 0.575264 0.406897
0.165403 0.634383 0.200214
0.14633 0.587527 0.266143
0.0207939 0.695998 0.283209
0.15022 0.618906 0.230874
0.0696483 0.525075 0.405276
0.10203 0.593876 0.304094
0.143301 0.856599 9.9991E-05
0.2458 0.7541 9.9991E-05
0.227405 0.736 0.0365953
0.0934698 0.512874 0.393657
0.0762996 0.627933 0.295768
0.0315757 0.616137 0.352287
0.0360117 0.539524 0.424464
0.198728 0.370732 0.43054
0.156937 0.354377 0.488686
0.462246 0.310683 0.227071
0.109605 0.509817 0.380577
0.214566 0.43499 0.350444
0.564988 0.258358 0.176654
0.310158 0.288866 0.400976
0.362778 0.293604 0.343618
0.310432 0.357111 0.332456
0.122299 0.450411 0.42729
0.138791 0.402082 0.459127
0.107152 0.406679 0.48617
0.163389 0.416361 0.42025
0.51268 0.202809 0.284511
