0.89148 0.10842 9.9991E-05
0.941607 0.0582928 9.9991E-05
0.872465 0.108033 0.0195025
0.821113 0.130051 0.0488354
0.885176 0.114724 9.9991E-05
0.710254 0.117088 0.172657
0.854967 0.0621846 0.0828481
0.794748 0.0680914 0.137161
0.936432 9.9991E-05 0.0634676
0.787174 0.0908419 0.121984
0.785795 0.0902154 0.12399
0.148513 0.0845378 0.766949
0.0665503 0.328046 0.605404
0.115323 0.148198 0.736479
0.143279 0.233552 0.623169
0.136812 0.31823 0.544958
0.00419904 0.408366 0.587435
0.0386809 0.29085 0.670469
0.190638 0.183184 0.626178
0.208545 9.9991E-05 0.791355
0.0544626 0.241979 0.703558
0.0617936 0.269443 0.668763
0.0234729 0.334622 0.641905
0.168575 0.138786 0.692639
0.0295961 0.447818 0.522586
0.0250708 0.312827 0.662102
0.155497 0.0805026 0.764001
0.146757 0.178058 0.675185
0.144286 0.0531739 0.80254
0.856234 0.143666 9.9991E-05
0.840168 0.159732 9.9991E-05
0.798632 0.201268 9.9991E-05
0.758028 0.241872 9.9991E-05
0.061687 0.282581 0.655732
0.0121411 0.330178 0.65768
9.9991E-05 0.306799 0.693101
0.198411 0.0126323 0.788957
9.9991E-05 0.164917 0.834983
0.0340904 0.363729 0.60218
9.9991E-05 0.367562 0.632338
0.0975791 0.323281 0.57914
0.0626876 0.379833 0.557479
0.0626473 0.0157479 0.921605
0.0150397 0.39988 0.58508
0.00702864 0.38001 0.612962
0.102499 0.410172 0.487329
9.9991E-05 0.144192 0.855708
9.9991E-05 0.376033 0.623867
0.096944 0.33613 0.566926
0.128088 9.9991E-05 0.871812
0.130017 9.9991E-05 0.869883
0.125687 0.0726529 0.801661
0.0320028 0.401106 0.566891
0.0338928 0.422617 0.54349
0.00806156 0.421366 0.570572
0.255176 0.0542056 0.690619
9.9991E-05 0.29343 0.70647
0.0284661 0.383075 0.588459
0.157362 0.231789 0.61085
0.301794 0.0129247 0.685282
0.0532288 0.334248 0.612523
0.0744846 0.294053 0.631463
0.226022 9.9991E-05 0.773878
0.0109803 0.210267 0.778752
9.9991E-05 0.385468 0.614432
0.0370856 0.364565 0.598349
0.177128 0.135707 0.687164
0.0554769 0.29801 0.646513
0.0282879 0.378011 0.593701
0.143145 0.0513913 0.805464
9.9991E-05 0.257245 0.742655
0.011826 0.101174 0.887
0.0447347 0.354219 0.601046
0.0158807 9.9991E-05 0.984019
9.999E-05 9.999E-05 0.9998
9.9991E-05 0.0920398 0.90786
9.9991E-05 0.260825 0.739075
0.0803954 0.38007 0.539535
9.9991E-05 0.279122 0.720778
0.0640162 0.0546893 0.881294
0.0290358 0.0998744 0.87109
0.0471543 0.340196 0.61265
0.00119791 0.161019 0.837783
9.9991E-05 0.240793 0.759107
9.9991E-05 0.220723 0.779177
0.0954916 9.9991E-05 0.904408
9.9991E-05 0.389786 0.610114
0.86728 0.0980542 0.0346662
0.883441 0.116459 9.9991E-05
0.817572 0.182328 9.9991E-05
0.901538 0.0983621 9.9991E-05
0.917437 0.0824625 9.9991E-05
0.843568 0.156332 9.9991E-05
0.891901 0.107999 9.9991E-05
0.0295776 0.358662 0.61176
0.0483619 0.411123 0.540515
0.0960243 9.9991E-05 0.903876
0.0247101 0.391136 0.584154
9.9991E-05 0.177503 0.822397
0.0167746 0.301256 0.681969
9.9991E-05 0.340418 0.659482
9.9991E-05 0.310919 0.688981
0.10515 9.9991E-05 0.89475
0.0923238 0.328051 0.579625
0.0143421 0.396414 0.589244
0.0553197 0.369892 0.574788
0.0326992 0.114951 0.85235
9.9991E-05 0.282823 0.717077
9.9991E-05 0.23978 0.76012
9.9991E-05 0.203971 0.795929
0.0305854 0.204973 0.764442
0.0356994 0.399595 0.564705
0.0886693 0.178745 0.732586
0.115456 0.193585 0.690959
0.096027 0.357271 0.546702
0.0850914 0.367461 0.547447
0.0661898 0.251893 0.681917
0.0193356 0.350511 0.630154
0.0772934 0.242716 0.679991
0.0686636 0.306512 0.624824
0.0423954 0.391066 0.566538
0.0326536 0.304835 0.662512
0.0257988 0.291073 0.683128
9.9991E-05 0.415485 0.584415
0.052039 0.40376 0.544201
9.9991E-05 0.389903 0.609997
0.100707 0.372227 0.527066
0.0059489 0.394538 0.599513
0.169446 0.19662 0.633935
0.0224827 0.393653 0.583864
9.9991E-05 0.405963 0.593937
0.14118 0.0558494 0.802971
0.0961786 0.0458284 0.857993
0.0721152 0.308227 0.619657
0.0705822 9.9991E-05 0.929318
0.0922656 0.137364 0.770371
0.0357925 0.198973 0.765235
0.0899488 0.119763 0.790288
0.0717054 0.129732 0.798562
0.0470946 0.347875 0.60503
0.0756976 0.366606 0.557697
9.9991E-05 0.359379 0.640521
0.102919 0.0428065 0.854275
0.119579 0.355815 0.524606
0.105432 0.279463 0.615105
0.277718 9.9991E-05 0.722182
0.0122125 0.452798 0.53499
0.152317 0.176418 0.671265
0.118452 0.352463 0.529085
0.185396 0.0784372 0.736167
0.19947 9.9991E-05 0.80043
0.0771041 0.211896 0.711
0.111143 0.335714 0.553143
0.144006 0.283337 0.572657
0.166882 0.0676506 0.765467
0.0388034 0.379014 0.582182
0.011885 0.108734 0.879381
0.0195962 0.213508 0.766896
0.0551491 0.390222 0.554629
0.425858 0.336308 0.237833
0.72553 0.122329 0.152141
0.727061 0.0934528 0.179487
0.47579 0.313746 0.210464
9.9991E-05 0.320293 0.679607
0.0612889 0.422454 0.516257
0.0151939 0.870504 0.114302
0.0271724 0.682721 0.290107
0.0860072 0.577719 0.336274
0.0963698 0.112105 0.791525
0.0759353 0.343437 0.580627
0.0648971 0.0637116 0.871391
0.0198944 0.33699 0.643115
0.0473036 0.267396 0.6853
9.9991E-05 0.332918 0.666982
0.0860891 0.0649427 0.848968
0.0159115 0.423857 0.560232
0.0659205 0.377444 0.556635
0.0875564 0.912344 9.9991E-05
0.061058 0.938842 9.9991E-05
0.0861448 0.73702 0.176836
9.9991E-05 0.871904 0.127996
0.0853169 0.910933 0.00374962
0.0758906 0.924009 9.9991E-05
0.0740434 0.925857 9.9991E-05
0.0156553 0.979613 0.00473148
0.117011 0.882889 9.9991E-05
0.0543171 0.945583 9.9991E-05
0.0600168 0.939883 9.9991E-05
0.0572702 0.9249 0.0178296
0.134738 0.864349 0.000912615
0.0470196 0.95288 9.9991E-05
0.153835 0.596398 0.249768
0.0950066 0.80347 0.101523
0.108391 0.891509 9.9991E-05
0.0773782 0.922522 9.9991E-05
0.0232859 0.976614 9.9991E-05
0.0810778 0.918822 9.9991E-05
0.0860164 0.913884 9.9991E-05
0.0665996 0.804629 0.128771
0.101326 0.898574 9.9991E-05
0.463634 0.0182638 0.518102
0.229185 0.311492 0.459323
0.172535 0.35277 0.474695
0.298343 0.221696 0.479961
0.119001 0.391077 0.489922
0.358885 0.163601 0.477514
0.171024 0.378899 0.450077
0.222539 0.306301 0.47116
0.14458 0.438045 0.417375
0.228489 0.349771 0.42174
0.183964 0.40081 0.415226
0.904295 0.0956051 9.9991E-05
0.895968 0.103932 9.9991E-05
0.941591 0.058309 9.9991E-05
0.973678 0.0262216 9.9991E-05
0.910816 0.089084 9.9991E-05
0.927613 0.0722874 9.9991E-05
0.884397 0.115503 9.9991E-05
0.942701 0.0571993 9.9991E-05
0.896099 0.103801 9.9991E-05
0.906093 0.0938067 9.9991E-05
0.710733 9.9991E-05 0.289167
0.739871 9.9991E-05 0.260029
0.657921 9.9991E-05 0.341979
0.586663 9.9991E-05 0.413237
0.0245404 0.276144 0.699316
0.0371084 0.29412 0.668771
0.0153859 0.281436 0.703178
0.0410116 0.160034 0.798954
0.127256 0.0234785 0.849266
9.9991E-05 0.38201 0.61789
9.9991E-05 0.319701 0.680199
9.9991E-05 0.294214 0.705686
9.9991E-05 0.211409 0.788491
9.9991E-05 0.403413 0.596487
9.9991E-05 0.220948 0.778952
9.999E-05 9.999E-05 0.9998
0.0208523 0.340704 0.638444
9.9991E-05 0.0604866 0.939413
9.9991E-05 0.311287 0.688613
0.0337344 0.0208633 0.945402
0.350651 9.9991E-05 0.649249
0.312956 9.9991E-05 0.686944
0.319623 9.9991E-05 0.680277
0.336653 9.9991E-05 0.663247
0.250449 9.9991E-05 0.749451
0.278188 9.9991E-05 0.721712
0.865485 0.134415 9.9991E-05
0.821355 0.137407 0.0412377
0.756323 0.188689 0.0549884
0.842018 0.157882 9.9991E-05
0.775124 0.20473 0.0201459
0.54762 9.9991E-05 0.45228
0.592692 9.9991E-05 0.407208
0.588548 9.9991E-05 0.411352
0.846333 0.141633 0.012034
0.55117 9.9991E-05 0.44873
0.297052 0.488803 0.214144
0.111358 0.544018 0.344625
0.118797 0.610985 0.270219
0.306194 0.463684 0.230122
0.163281 0.399661 0.437057
0.597739 0.303455 0.0988062
0.0247869 0.198579 0.776634
0.0254695 0.212248 0.762283
0.12193 0.0896955 0.788375
9.9991E-05 0.289894 0.710006
0.0962704 9.9991E-05 0.90363
0.0645825 0.382408 0.55301
0.00513824 0.326249 0.668613
0.112763 0.109717 0.777521
0.0303923 0.373464 0.596144
0.0773767 9.9991E-05 0.922523
0.0289257 0.301925 0.669149
0.054246 0.242 0.703754
0.0951495 0.410599 0.494252
0.0338605 0.176435 0.789704
0.0165112 0.224459 0.75903
9.9991E-05 0.32989 0.67001
9.9991E-05 0.276809 0.723091
9.9991E-05 0.392562 0.607338
0.046611 0.365628 0.587761
0.042792 0.340228 0.616979
0.809217 0.190683 9.9991E-05
0.850895 0.149005 9.9991E-05
0.890569 0.0974196 0.0120111
0.88339 0.11651 9.9991E-05
0.877402 0.122498 9.9991E-05
0.205138 0.0157421 0.779119
0.0282992 0.318386 0.653315
0.205658 0.491969 0.302373
9.9991E-05 0.430491 0.569409
0.0300737 0.278995 0.690931
0.086729 0.111415 0.801856
0.268944 9.9991E-05 0.730956
0.0804608 0.25757 0.661969
0.170381 0.101897 0.727722
0.0262061 0.289226 0.684568
0.238446 9.9991E-05 0.761454
0.0727203 0.386186 0.541094
0.190038 0.0164753 0.793486
0.103204 0.197006 0.699789
0.0476276 0.326117 0.626256
0.0860247 0.0884053 0.82557
0.0348501 0.290908 0.674242
0.0825804 0.342508 0.574912
0.0881165 0.0534724 0.858411
0.0632682 0.34598 0.590752
0.0396194 0.239802 0.720578
0.0718042 9.9991E-05 0.928096
0.122005 0.00449274 0.873502
0.0486414 0.215521 0.735837
0.115666 9.9991E-05 0.884234
0.0253856 0.19744 0.777174
0.163422 0.0114355 0.825142
0.0364943 0.122604 0.840902
0.0750855 0.250191 0.674724
0.0163626 0.375561 0.608077
0.102905 0.0741337 0.822962
0.054849 0.35174 0.593411
0.056109 0.332973 0.610918
0.0179943 0.328056 0.65395
0.0187657 0.35013 0.631104
0.0579983 0.26446 0.677542
0.0939308 0.106464 0.799605
0.0245771 0.23137 0.744053
9.9991E-05 0.354114 0.645786
0.00751585 0.421701 0.570783
0.100753 0.224626 0.674622
0.00403975 0.339418 0.656542
0.0731307 0.22941 0.697459
0.0152206 0.35087 0.633909
0.0507565 0.330657 0.618586
0.081547 0.342153 0.5763
0.29022 0.440607 0.269172
0.0824587 0.497498 0.420044
0.160319 0.410342 0.429339
0.0734823 0.484959 0.441559
0.17938 0.489054 0.331567
9.9991E-05 0.252099 0.747801
0.113465 0.411184 0.475351
0.352445 0.169229 0.478326
0.0866485 0.475823 0.437529
0.103275 0.484059 0.412666
0.0778943 0.467681 0.454424
0.238125 0.282653 0.479222
0.145446 0.495106 0.359447
0.0796414 0.501561 0.418798
0.695716 0.108075 0.196209
0.134762 0.48288 0.382358
0.128637 0.518169 0.353194
0.076262 0.435936 0.487802
0.1527 0.545263 0.302037
0.151276 0.424757 0.423966
0.017829 0.256095 0.726076
0.04865 0.326438 0.624912
0.0531325 9.9991E-05 0.946768
0.0912527 9.9991E-05 0.908647
0.0814595 0.311824 0.606716
0.161496 0.522225 0.316279
0.168509 0.52952 0.301971
0.225823 0.428947 0.345229
0.159215 0.480295 0.36049
0.188326 0.104827 0.706847
0.177434 0.137138 0.685428
9.9991E-05 0.381058 0.618843
0.0636294 0.373243 0.563128
0.0932484 0.172423 0.734329
0.0261436 0.361801 0.612055
9.9991E-05 0.414959 0.584941
0.0807745 0.364529 0.554696
0.0295156 0.163171 0.807313
0.0203832 0.210368 0.769249
9.9991E-05 0.294245 0.705655
0.0446496 0.265577 0.689774
0.0539535 0.342946 0.6031
0.0190742 0.23636 0.744566
0.0400259 0.0767636 0.88321
9.9991E-05 0.374203 0.625697
0.0228235 0.07635 0.900827
0.0248776 0.229871 0.745252
0.040073 0.291873 0.668054
0.026138 0.328995 0.644867
0.134554 0.426052 0.439394
0.127782 0.365279 0.506939
0.221316 0.47466 0.304024
0.21791 0.421883 0.360207
0.129249 0.462087 0.408664
0.140078 0.411117 0.448804
0.309683 0.110999 0.579318
0.047879 0.528799 0.423322
0.553117 0.0815045 0.365378
0.0310184 0.469005 0.499977
0.0402671 0.0195326 0.9402
0.0406015 9.9991E-05 0.959298
9.9991E-05 0.252651 0.747249
9.9991E-05 0.381394 0.618506
9.9991E-05 0.200386 0.799514
9.9991E-05 0.346023 0.653877
9.9991E-05 0.295927 0.703973
0.885568 0.0863963 0.0280361
0.810589 0.11105 0.0783617
0.917068 0.0828323 9.9991E-05
0.927834 0.0720658 9.9991E-05
9.9991E-05 0.335884 0.664016
0.00823049 0.30114 0.69063
9.9991E-05 0.26152 0.73838
0.0210301 0.323002 0.655968
0.0685537 0.337787 0.593659
0.0403652 0.125376 0.834259
9.9991E-05 0.376507 0.623393
9.9991E-05 0.123408 0.876492
0.306811 0.40432 0.288869
9.9991E-05 0.260997 0.738903
9.9991E-05 0.151168 0.848732
9.9991E-05 0.27927 0.72063
0.0164538 0.242956 0.740591
9.9991E-05 0.33921 0.66069
9.9991E-05 0.322855 0.677045
0.00676903 9.9991E-05 0.993131
9.9991E-05 0.178509 0.821391
9.9991E-05 0.20179 0.79811
9.999E-05 9.999E-05 0.9998
0.0472803 0.192742 0.759978
0.00705359 9.9991E-05 0.992846
0.0328616 9.9991E-05 0.967038
9.9991E-05 0.358733 0.641167
0.0688112 0.0583614 0.872827
9.9991E-05 0.25772 0.74218
0.0384863 0.392714 0.5688
0.00300143 0.298521 0.698478
0.0102957 0.181295 0.808409
9.9991E-05 0.322074 0.677826
9.9991E-05 0.250378 0.749522
9.9991E-05 0.153631 0.846269
0.075543 0.301901 0.622556
0.77873 9.9991E-05 0.22117
0.83237 0.00396925 0.163661
0.922934 9.9991E-05 0.0769663
0.927073 9.9991E-05 0.0728274
0.797979 0.0165242 0.185497
0.0899569 0.03983 0.870213
0.0609965 0.00671498 0.932289
9.9991E-05 0.104847 0.895053
0.0416408 0.367426 0.590933
0.0675004 0.379122 0.553378
9.9991E-05 0.1735 0.8264
9.9991E-05 0.398302 0.601598
0.0151318 0.268906 0.715962
9.9991E-05 0.29108 0.70882
9.9991E-05 0.404443 0.595457
0.0236849 0.0702896 0.906025
9.9991E-05 0.132215 0.867685
0.0295705 0.115567 0.854863
0.0696272 0.39074 0.539633
0.00221204 0.175282 0.822506
0.00583165 0.233617 0.760551
0.121284 0.613054 0.265662
0.161063 0.643448 0.195489
0.0804902 0.697338 0.222172
0.193708 0.694002 0.112289
0.133601 0.572537 0.293862
0.034806 0.298462 0.666732
0.351267 0.648633 9.9991E-05
0.186534 0.71588 0.0975863
0.200887 0.350787 0.448325
0.11863 0.302305 0.579065
0.121617 0.276914 0.601468
0.0947592 0.371662 0.533579
0.115056 0.397895 0.487049
0.16888 0.723922 0.107197
0.133816 0.663634 0.202551
0.0967386 0.745907 0.157354
0.120375 0.550158 0.329467
0.173106 0.656737 0.170157
0.157582 0.616812 0.225606
0.180323 0.703413 0.116264
0.0733283 0.568186 0.358485
0.102288 0.291803 0.605909
0.180051 0.575197 0.244752
0.264103 0.688932 0.0469656
0.0900501 0.586507 0.323443
0.245227 0.0761647 0.678608
0.0202476 0.41078 0.568973
0.150618 0.604238 0.245143
0.106404 0.309428 0.584167
0.139002 0.304318 0.55668
0.200613 0.407497 0.39189
0.233988 0.498821 0.267191
0.0594082 0.404485 0.536107
0.132003 0.578296 0.289701
0.0949011 0.679582 0.225517
0.256901 0.742999 9.9991E-05
0.0618165 0.418792 0.519392
0.152943 0.221928 0.625129
0.239864 0.0604841 0.699652
0.108869 0.393221 0.49791
0.100589 0.229117 0.670294
0.1688 0.430261 0.400938
0.136288 0.384043 0.479669
0.535032 0.0960415 0.368927
0.526358 0.0377308 0.435911
0.223456 0.267137 0.509407
0.467097 0.202495 0.330408
0.620872 0.219738 0.15939
0.224802 0.322056 0.453142
0.243432 0.362067 0.394501
0.377741 0.238727 0.383532
0.382109 0.195703 0.422188
0.114185 0.438607 0.447208
0.331533 0.232117 0.43635
0.583866 0.0404063 0.375728
0.080859 0.452387 0.466754
0.235322 0.391658 0.373021
0.281841 0.43789 0.280269
0.0983057 0.598611 0.303083
0.121164 0.522972 0.355863
0.144905 0.533039 0.322056
0.373437 0.404499 0.222063
0.1902 0.489921 0.319878
0.220215 0.517342 0.262444
0.283842 0.434905 0.281253
0.209291 0.291852 0.498857
0.15569 0.41788 0.42643
0.0835212 0.463626 0.452853
0.075575 0.485734 0.438691
0.263115 0.475175 0.261709
0.148486 0.504254 0.34726
0.465208 0.357985 0.176807
0.142018 0.505553 0.352429
0.368031 0.4209 0.211069
0.864501 0.0417442 0.0937545
0.235831 9.9991E-05 0.764069
0.292202 9.9991E-05 0.707698
0.225555 9.9991E-05 0.774345
0.21131 9.9991E-05 0.78859
0.231711 9.9991E-05 0.768189
0.211942 9.9991E-05 0.787958
0.2534 9.9991E-05 0.7465
0.38094 9.9991E-05 0.61896
0.916528 0.0605832 0.0228886
0.836052 0.0874172 0.0765306
0.880192 0.0888057 0.031002
0.885473 0.0679922 0.0465345
0.898141 0.0841065 0.0177528
0.903989 0.0959111 9.9991E-05
0.73021 0.215437 0.0543528
0.871916 0.127984 9.9991E-05
0.736542 0.162588 0.100871
0.87235 0.12755 9.9991E-05
0.963717 0.0361828 9.9991E-05
0.876986 0.122914 9.9991E-05
0.952803 0.0470967 9.9991E-05
0.921483 0.0784167 9.9991E-05
0.860185 0.139715 9.9991E-05
0.874011 0.125889 9.9991E-05
0.83614 0.16376 9.9991E-05
0.824953 0.174947 9.9991E-05
0.788877 0.211023 9.9991E-05
0.160732 0.191852 0.647416
0.0475043 0.367835 0.584661
0.0648539 0.386673 0.548473
0.21869 0.0176139 0.763697
0.0953029 0.269869 0.634828
0.271886 0.0103045 0.71781
0.0469689 0.40058 0.552451
0.148976 0.196149 0.654875
0.150307 0.260917 0.588776
0.00104116 0.297271 0.701688
0.146399 0.226709 0.626892
0.0003529 0.443428 0.556219
0.111615 0.288541 0.599844
0.14068 9.9991E-05 0.85922
0.248142 9.9991E-05 0.751758
0.232659 0.0386898 0.728651
0.102385 0.354179 0.543436
0.0759902 0.30612 0.61789
0.0357211 0.378728 0.585551
0.0265926 0.420871 0.552537
0.218053 0.443075 0.338872
0.155792 0.500595 0.343613
0.461735 0.23759 0.300675
0.107068 0.383415 0.509518
0.215108 0.3509 0.433992
0.572368 0.156226 0.271406
0.292917 0.383306 0.323777
0.385673 0.351027 0.2633
0.298288 0.353459 0.348253
0.14884 0.450828 0.400332
0.143136 0.421948 0.434916
0.117052 0.50402 0.378927
0.166663 0.397899 0.435437
0.518352 0.280966 0.200681
