0.00700539 9.9991E-05 0.0627 0.915046 0.0151486
9.9973E-05 0.052537 9.9973E-05 0.947163 9.9973E-05
0.12215 9.9991E-05 0.0156849 0.826172 0.035893
0.0224146 9.9991E-05 0.102574 0.7928 0.0821111
0.0157748 9.9991E-05 0.0437822 0.874525 0.0658184
0.0155681 0.181638 0.082782 0.648673 0.0713389
0.0336025 0.0466791 0.0600923 0.850288 0.00933815
9.999E-05 0.0684112 0.123277 0.775431 0.0327814
9.9982E-05 0.0837798 0.0794305 0.83659 9.9982E-05
0.0516843 0.0989573 0.0438538 0.718169 0.0873358
0.0564604 0.0273952 0.139173 0.776871 9.9991E-05
0.382729 0.0978597 0.481512 0.00146418 0.0364348
0.56078 9.9991E-05 0.28892 0.0577357 0.0924634
0.272704 0.148849 0.445343 0.0203951 0.112709
0.382299 0.106066 0.339892 0.0216715 0.150072
0.448398 0.0995207 0.157088 0.190187 0.104806
0.623104 0.00775272 0.140739 0.110473 0.117931
0.526083 0.11038 0.276248 9.9991E-05 0.0871894
0.375131 0.0985506 0.34151 0.0940344 0.0907744
0.0960706 0.251395 0.582417 0.0175394 0.0525777
0.404588 0.0909312 0.322066 0.0506166 0.131799
0.45603 0.187861 0.192478 0.0382624 0.125368
0.665411 9.9991E-05 0.236717 0.0917162 0.00605554
0.32862 0.199151 0.328192 9.9991E-05 0.143938
0.696785 9.9991E-05 0.0917315 0.1335 0.0778833
0.596649 9.9991E-05 0.205394 0.0807654 0.117091
0.2524 0.128627 0.48835 0.0208323 0.10979
0.272625 0.0818795 0.405461 0.026605 0.21343
0.253176 0.157014 0.466118 0.062062 0.0616302
0.0913265 9.9982E-05 9.9982E-05 0.825659 0.0828141
0.134539 9.9982E-05 9.9982E-05 0.841762 0.0234998
0.196006 9.9982E-05 0.00316681 0.800628 9.9982E-05
0.158273 0.0257238 9.9991E-05 0.744194 0.0717096
0.67681 0.190299 0.0979669 0.034824 9.9991E-05
0.584567 0.124897 0.142205 0.0318357 0.116495
0.744957 0.167852 9.9982E-05 0.0869916 9.9982E-05
0.272439 0.0106196 0.623657 0.0931849 9.9991E-05
0.516423 0.415682 0.0348818 9.9991E-05 0.0329126
0.624491 0.169474 0.142423 0.0635121 9.9991E-05
0.795391 0.0686897 0.00453011 0.0602491 0.0711401
0.607911 0.198569 0.0662712 0.120628 0.00662141
0.692477 0.0589196 0.158111 0.0903921 9.9991E-05
0.390435 0.423674 0.185691 9.9982E-05 9.9982E-05
0.616537 0.157474 0.043571 0.0749008 0.107518
0.549804 0.21275 0.013852 0.0325027 0.191091
0.62124 0.085277 9.9991E-05 0.221755 0.0716276
0.514945 0.484755 9.9973E-05 9.9973E-05 9.9973E-05
0.715907 0.0825003 0.0608524 0.0635102 0.0772301
0.699628 0.0773468 0.0568927 0.103263 0.0628693
0.00468986 0.776176 0.129831 0.0892039 9.9991E-05
0.240085 0.318519 0.441196 9.9982E-05 9.9982E-05
0.0784822 0.608793 0.225566 0.0112463 0.075913
0.585906 0.146322 0.0873039 0.0628413 0.117627
0.66372 0.0987292 0.0084922 0.172689 0.056369
0.530064 0.0875737 0.175934 0.0517974 0.154631
0.226813 0.289493 0.400137 0.0834571 9.9991E-05
0.613358 0.0514095 0.235631 0.0535662 0.0460358
0.546518 0.104465 0.140428 0.0338761 0.174713
0.452447 0.160766 0.272097 0.11459 9.9991E-05
0.0614918 0.27743 0.353165 0.212516 0.0953981
0.564118 0.0254759 0.210171 0.0629149 0.13732
0.430992 0.194032 0.240066 0.0648727 0.0700372
0.10454 0.290198 0.550608 0.0545541 9.9991E-05
0.598204 0.131873 0.254627 9.9991E-05 0.0151966
0.577324 0.165523 0.135473 0.0218712 0.0998097
0.56225 0.00545668 0.178228 0.0817057 0.17236
0.314389 0.246552 0.279754 0.0780178 0.0812877
0.552184 0.132708 0.207636 0.0520774 0.0553953
0.637166 0.0120193 0.177554 0.0549341 0.118327
0.268418 0.226658 0.478203 0.0266202 9.9991E-05
0.679792 0.18496 0.135048 9.9982E-05 9.9982E-05
0.401929 0.408354 0.189516 9.9982E-05 9.9982E-05
0.669982 0.0846994 0.153361 0.0441813 0.0477758
0.18565 0.760494 0.0536562 9.9982E-05 9.9982E-05
0.19201 0.731051 0.07674 9.9982E-05 9.9982E-05
0.494607 0.461284 0.043909 9.9982E-05 9.9982E-05
0.612422 0.237837 0.149541 9.9982E-05 9.9982E-05
0.633891 0.0778741 0.129779 0.158356 9.9991E-05
0.595502 0.233427 0.133863 9.9991E-05 0.0371076
0.330307 0.362204 0.293734 0.00224835 0.0115072
0.388267 0.178684 0.393518 0.0394309 9.9991E-05
0.5453 0.0999194 0.170844 0.119784 0.0641532
0.510254 0.300389 0.125501 0.0637557 9.9991E-05
0.612691 0.20847 0.119692 0.0590474 9.9991E-05
0.56509 0.43461 9.9973E-05 9.9973E-05 9.9973E-05
0.0937027 0.761818 0.128488 9.9991E-05 0.0158905
0.631242 0.124078 0.135642 9.9991E-05 0.108938
0.147151 9.9991E-05 0.0152809 0.829605 0.00786309
0.102706 9.9973E-05 9.9973E-05 0.896994 9.9973E-05
0.0958773 9.9982E-05 9.9982E-05 0.84655 0.0573727
0.0528479 0.0145581 9.9991E-05 0.90909 0.0234042
0.0988699 9.9973E-05 9.9973E-05 0.90083 9.9973E-05
0.0193152 0.0328665 9.9991E-05 0.915024 0.0326945
0.08975 9.9973E-05 9.9973E-05 0.90995 9.9973E-05
0.618093 0.0810221 0.133756 0.106182 0.0609471
0.720201 0.087987 0.0680221 0.090832 0.0329583
0.248675 0.552547 0.198579 9.9982E-05 9.9982E-05
0.654708 0.102661 9.9991E-05 0.136983 0.105547
0.541819 0.223042 0.207907 0.0271319 9.9991E-05
0.748466 0.164009 9.9982E-05 0.0873251 9.9982E-05
0.669508 0.252081 0.0157832 0.0625284 9.9991E-05
0.564333 0.310178 0.0351821 9.9991E-05 0.0902062
0.147815 0.546422 0.259531 0.0461319 9.9991E-05
0.54241 0.0962743 0.060376 0.175623 0.125316
0.732121 0.0787045 0.0472892 0.0867814 0.0551042
0.573876 0.152585 0.027533 0.104077 0.141929
0.438496 0.543695 9.9991E-05 0.01407 0.00363924
0.59695 0.383273 9.9991E-05 0.0177642 0.00191235
0.683791 0.164715 0.142401 0.0089932 9.9991E-05
0.577226 0.417662 9.9982E-05 9.9982E-05 0.00491225
0.557476 0.233127 0.132149 0.077149 9.9991E-05
0.584814 0.142636 0.0351874 0.122661 0.114701
0.279944 0.333002 0.318238 0.0497424 0.0190739
0.395245 0.138313 0.234295 0.115615 0.116532
0.588349 0.0673862 0.155187 0.0899664 0.099111
0.649803 0.038183 0.155299 0.0665422 0.090173
0.539261 9.9991E-05 0.420567 0.00652921 0.0335425
0.589832 0.0246245 0.331351 9.9991E-05 0.0540922
0.471433 0.0479815 0.401514 9.9991E-05 0.0789724
0.573531 0.0955352 0.198295 0.0900677 0.0425707
0.556278 0.0166754 0.291684 0.00704053 0.128322
0.650646 0.072274 0.203551 0.007193 0.0663351
0.586006 0.0191014 0.394693 9.9982E-05 9.9982E-05
0.651391 0.0318473 0.146238 0.0145762 0.155947
0.536496 0.0411702 0.239018 0.0340501 0.149266
0.612035 0.0535588 0.271006 9.9991E-05 0.0632996
0.565576 0.139605 0.139863 0.013748 0.141208
0.563225 0.0532729 0.256225 9.9991E-05 0.127176
0.414369 0.146261 0.293194 0.105527 0.0406477
0.546281 9.9991E-05 0.260512 0.0121789 0.180928
0.64333 9.9991E-05 0.216126 0.0142159 0.126228
0.31322 0.133453 0.463134 9.9991E-05 0.0900933
0.190453 0.342318 0.373112 0.0410503 0.0530668
0.55914 0.0928026 0.242369 0.0406308 0.0650573
0.0670482 0.49215 0.342842 9.9991E-05 0.0978592
0.435281 0.109201 0.451531 0.00388716 9.9991E-05
0.566579 0.0989394 0.334282 9.9982E-05 9.9982E-05
0.422875 0.0331271 0.489222 0.0546757 9.9991E-05
0.343397 0.122361 0.490536 9.9991E-05 0.0436058
0.628133 0.046724 0.178356 0.048208 0.0985799
0.511767 0.18806 0.0785954 0.077273 0.144305
0.522879 0.14878 0.217448 0.0124526 0.0984399
0.169939 0.341493 0.38319 9.9991E-05 0.105278
0.542691 0.112042 0.170488 0.174679 9.9991E-05
0.490781 0.223807 0.143596 0.028905 0.11291
0.0399615 0.606478 0.127229 0.226232 9.9991E-05
0.683115 0.119904 9.9991E-05 0.184373 0.0125088
0.401938 0.363384 0.0550262 0.122321 0.0573308
0.53696 0.196786 0.117961 0.0759108 0.0723826
0.328712 0.435919 0.0615078 0.171123 0.00273785
0.273066 0.413557 0.18183 0.131447 9.9991E-05
0.530449 0.304355 0.115517 0.0495798 9.9991E-05
0.539 0.0895472 0.0745439 0.152081 0.144828
0.401126 0.204057 0.185071 0.0784328 0.131313
0.00870313 0.584012 0.115335 0.0732638 0.218687
0.618854 0.183042 0.102305 0.0658984 0.0299009
0.430487 0.474374 0.0949388 9.9982E-05 9.9982E-05
0.545404 0.281214 0.173183 9.9982E-05 9.9982E-05
0.579843 0.0952049 0.163232 0.123574 0.0381463
0.137044 0.225647 9.9991E-05 0.363182 0.274027
9.9982E-05 0.210587 9.9982E-05 0.632582 0.156631
9.9982E-05 0.336084 9.9982E-05 0.487166 0.17655
0.0762914 0.124007 0.029188 0.394223 0.37629
0.700294 0.265912 0.0186322 9.9991E-05 0.0150618
0.584219 0.0925355 0.142019 0.0995321 0.0816939
0.293397 9.9982E-05 0.0211008 9.9982E-05 0.685302
0.285783 9.9991E-05 0.18428 0.0436437 0.486194
0.45136 0.0844411 9.9991E-05 0.104413 0.359686
0.37237 0.560771 0.0339166 0.0237297 0.00921302
0.550633 0.280211 9.9991E-05 0.0663889 0.102667
0.258089 0.669922 9.9991E-05 0.0413516 0.0305377
0.581777 0.2814 0.0219991 0.0677063 0.0471177
0.507387 0.370693 0.018861 0.0683591 0.0346994
0.534425 0.264271 0.0512164 0.0352722 0.114815
0.223478 0.622354 0.0789205 0.0473894 0.0278581
0.63742 0.184576 9.9991E-05 0.094534 0.0833701
0.579843 0.263479 9.9991E-05 0.140509 0.0160689
0.00717136 0.0326522 9.9982E-05 9.9982E-05 0.959976
0.12146 9.9982E-05 0.0123876 9.9982E-05 0.865952
0.332161 0.0409266 0.043983 0.028253 0.554677
0.322407 9.9982E-05 9.9982E-05 0.00583713 0.671556
0.145788 0.00498285 9.9991E-05 0.0432801 0.805849
9.997E-05 9.997E-05 9.997E-05 9.997E-05 0.9996
9.9973E-05 9.9973E-05 0.0417583 9.9973E-05 0.957942
0.121528 9.9973E-05 9.9973E-05 9.9973E-05 0.878172
0.0456874 9.9982E-05 0.00503763 9.9982E-05 0.949075
9.997E-05 9.997E-05 9.997E-05 9.997E-05 0.9996
9.997E-05 9.997E-05 9.997E-05 9.997E-05 0.9996
0.113641 9.9982E-05 0.0500567 9.9982E-05 0.836102
0.131163 9.9991E-05 0.00162414 0.0244219 0.842691
0.0172299 9.9973E-05 9.9973E-05 9.9973E-05 0.98247
0.287714 0.0497782 0.116224 0.0211953 0.525089
0.198211 9.9991E-05 0.0902448 0.0895831 0.621861
0.11323 9.9991E-05 0.0597697 0.0320758 0.794824
0.00879038 9.9991E-05 0.0668969 0.00524198 0.918971
9.997E-05 9.997E-05 9.997E-05 9.997E-05 0.9996
0.0147313 9.9991E-05 0.0375475 0.0427781 0.904843
9.997E-05 9.997E-05 9.997E-05 9.997E-05 0.9996
0.239903 9.9991E-05 0.0476406 0.0753819 0.636975
0.0327972 0.0144438 0.0167441 0.0108654 0.925149
9.9982E-05 0.520573 9.9982E-05 0.433508 0.0457187
0.455032 0.181541 0.0599403 0.272684 0.030803
0.510533 0.156119 9.9991E-05 0.297317 0.0359317
0.165472 0.408078 0.00201837 0.283989 0.140443
0.443488 0.17534 0.0960047 0.126594 0.158573
0.197338 0.379173 9.9991E-05 0.250278 0.173111
0.466336 0.0871587 0.0825334 0.239996 0.123977
0.307449 0.3098 9.9991E-05 0.15519 0.227461
0.492215 0.182844 9.9991E-05 0.132169 0.192671
0.349098 0.204559 9.9991E-05 0.229062 0.217181
0.526755 0.0448284 0.0951976 0.202355 0.130864
0.0582739 0.00949205 0.0911338 0.841 9.9991E-05
9.9982E-05 9.9982E-05 0.0262194 0.887535 0.0860457
9.9973E-05 9.9973E-05 0.0474013 0.952299 9.9973E-05
0.0177454 9.9982E-05 0.0519145 0.93014 9.9982E-05
0.00774068 9.9991E-05 0.0510504 0.912148 0.0289609
9.9982E-05 0.0291885 9.9982E-05 0.873491 0.0971202
0.0120741 9.9991E-05 0.00996188 0.887475 0.0903892
0.0128422 0.0884017 9.9982E-05 0.898556 9.9982E-05
0.0797752 9.9982E-05 0.0162378 0.903787 9.9982E-05
9.9982E-05 9.9982E-05 0.0298295 0.859706 0.110265
9.9991E-05 0.0870462 0.286753 0.598575 0.0275256
9.9982E-05 0.0397107 0.369629 0.59046 9.9982E-05
9.9982E-05 0.123486 0.315861 0.560453 9.9982E-05
9.9982E-05 0.145293 0.358013 0.496494 9.9982E-05
0.580679 0.166413 0.169153 0.0672543 0.0165002
0.626716 0.24019 0.112453 9.9991E-05 0.0205403
0.683962 0.047266 0.189362 0.0331025 0.0463072
0.502137 0.210492 0.280952 0.00631889 9.9991E-05
0.276817 0.102168 0.620814 9.9982E-05 9.9982E-05
0.636598 0.117063 0.0523804 0.0821507 0.111808
0.670097 0.221335 0.0695942 9.9991E-05 0.0388744
0.593958 0.24851 0.135416 9.9991E-05 0.0220161
0.559868 0.439832 9.9973E-05 9.9973E-05 9.9973E-05
0.697076 0.0874832 0.121378 0.0560014 0.0380613
0.570012 0.3115 0.118288 9.9982E-05 9.9982E-05
0.0334178 0.800292 0.166091 9.9982E-05 9.9982E-05
0.583226 0.202603 0.139124 0.0465117 0.0285354
0.424481 0.575219 9.9973E-05 9.9973E-05 9.9973E-05
0.651777 0.212669 0.0507756 0.0716921 0.0130862
0.324431 0.342542 0.332282 0.000645602 9.9991E-05
9.9991E-05 0.0428722 0.780807 0.13589 0.0403308
0.0480141 0.0917143 0.770437 0.0897348 9.9991E-05
9.9982E-05 0.095684 0.89666 0.00745632 9.9982E-05
9.9982E-05 0.0354733 0.839311 0.125016 9.9982E-05
0.048483 0.0404758 0.844112 0.0135734 0.0533553
0.0814411 9.9991E-05 0.805662 0.0373575 0.0754392
0.0522657 9.9982E-05 9.9982E-05 0.886664 0.0608706
0.0431505 9.9991E-05 0.0654862 0.827286 0.0639768
0.109949 9.9982E-05 9.9982E-05 0.760864 0.128988
0.0131077 9.9991E-05 0.0939891 0.800835 0.0919685
0.148217 9.9991E-05 0.0273043 0.791794 0.0325845
9.9982E-05 0.0306301 0.579894 0.389276 9.9982E-05
9.9982E-05 0.108294 0.376704 0.514801 9.9982E-05
9.9982E-05 0.0505029 0.534414 0.414883 9.9982E-05
0.0632696 9.9991E-05 0.037083 0.812572 0.0869752
9.9982E-05 0.0504671 0.585566 0.363767 9.9982E-05
0.255243 0.0929245 0.0038628 0.238706 0.409264
0.56621 9.9991E-05 0.027137 0.171779 0.234774
0.479567 9.9991E-05 0.0126305 0.140697 0.367006
0.458142 0.0578551 0.00525338 0.273385 0.205365
0.464057 0.0742755 0.128979 0.135758 0.196931
9.9982E-05 0.174468 9.9982E-05 0.481101 0.344231
0.47552 0.134537 0.357164 9.9991E-05 0.0326786
0.450344 0.331807 0.189975 0.0277736 9.9991E-05
0.334229 9.9982E-05 0.623889 0.041682 9.9982E-05
0.496266 0.281182 0.149367 9.9991E-05 0.073085
9.9973E-05 0.80388 0.19582 9.9973E-05 9.9973E-05
0.640217 0.00442708 0.202179 0.110357 0.0428198
0.543112 0.169177 0.206808 0.0414978 0.0394044
0.481458 0.00866226 0.458545 0.0512342 9.9991E-05
0.56596 0.0235044 0.252941 0.0806493 0.0769457
0.234994 0.481592 0.283214 9.9982E-05 9.9982E-05
0.527404 0.261593 0.180768 9.9991E-05 0.0301337
0.591163 0.0719309 0.293973 0.0182788 0.0246538
0.399776 0.146339 0.121046 0.141382 0.191457
0.440626 0.255611 0.294771 9.9991E-05 0.00889252
0.534031 0.154851 0.285867 0.00265377 0.0225968
0.534674 0.250187 0.0533239 0.0390252 0.12279
0.614127 0.218258 0.137096 0.0304187 9.9991E-05
0.601573 0.0891055 0.181795 0.00582912 0.121697
0.568732 0.0389524 0.206918 0.133937 0.0514596
0.500305 0.0850219 0.193375 0.0697656 0.151532
0.130065 9.9982E-05 9.9982E-05 0.789678 0.0800577
0.085181 0.0251208 9.9991E-05 0.833173 0.0564253
0.0784406 0.0858915 0.0563461 0.779222 9.9991E-05
0.0770817 0.0334681 0.0118866 0.854469 0.0230949
0.140156 9.9973E-05 9.9973E-05 0.859544 9.9973E-05
0.222523 0.0810769 0.627228 9.9991E-05 0.0690719
0.528942 0.208762 0.12187 0.110918 0.0295078
0.343798 0.185716 0.00868012 0.257015 0.204791
0.610078 0.0494157 0.173661 0.0720567 0.0947881
0.577071 0.0389507 0.280448 0.0701333 0.0333969
0.257978 0.203198 0.374947 9.9991E-05 0.163777
0.0284414 0.192696 0.649207 0.129556 9.9991E-05
0.500671 0.0571372 0.285811 0.0273621 0.129019
0.161975 0.15256 0.543282 0.0935461 0.0486373
0.485413 0.269237 0.157535 0.0479338 0.0398809
0.143499 0.123347 0.614541 0.0717776 0.0468349
0.613029 9.9991E-05 0.208267 0.0968386 0.0817658
0.165497 0.135159 0.573874 0.0549368 0.0705324
0.42527 0.181179 0.317322 0.0514133 0.0248162
0.414365 0.202334 0.169454 0.0719932 0.141854
0.301187 0.467841 0.0999139 0.0825687 0.0484898
0.592565 0.241007 0.0436423 0.0618446 0.0609412
0.563754 0.111686 0.0607768 0.181902 0.081881
0.425188 0.440033 0.102468 0.0322113 9.9991E-05
0.477174 0.185684 0.177264 0.0441668 0.115712
0.588207 0.285938 9.9982E-05 0.125655 9.9982E-05
0.169026 0.732096 0.0986782 9.9982E-05 9.9982E-05
0.340737 0.646362 0.00211435 0.0106861 9.9991E-05
0.533363 0.345276 0.0328132 0.0884485 9.9991E-05
0.218226 0.620235 0.122328 0.0391115 9.9991E-05
0.554948 0.269925 0.149493 0.025534 9.9991E-05
0.157846 0.139583 0.66838 9.9991E-05 0.0340903
0.27085 0.430804 0.262886 9.9991E-05 0.0353601
0.400706 0.0335475 0.464432 0.0420218 0.0592932
0.642549 9.9991E-05 0.24349 0.0644081 0.0494531
0.316744 0.123341 0.559715 9.9982E-05 9.9982E-05
0.402323 0.189869 0.196552 0.0575658 0.15369
0.595983 9.9991E-05 0.280422 0.0266282 0.0968668
0.512556 0.062341 0.295845 0.0216891 0.107569
0.474038 0.0616099 0.224164 0.0304327 0.209756
0.498325 0.0894627 0.312328 0.0750124 0.0248716
0.254357 0.0456469 0.552899 9.9991E-05 0.146997
0.389019 0.0214373 0.485802 9.9991E-05 0.103642
0.618361 9.9982E-05 0.329839 9.9982E-05 0.0516
0.657825 0.0543968 0.107132 0.142645 0.038001
0.464716 0.20041 0.256266 0.058982 0.0196262
0.568564 0.106248 0.201703 9.9991E-05 0.123385
0.401033 0.0643705 0.416039 0.047994 0.0705638
0.637212 0.0561871 0.242415 9.9991E-05 0.0640865
0.453314 0.118421 0.276278 0.0106271 0.141359
0.522843 0.0470655 0.148831 0.110285 0.170976
0.437607 0.0166504 9.9991E-05 0.40274 0.142902
0.439178 0.101084 9.9991E-05 0.171493 0.288145
0.409866 0.13805 0.0854862 0.115876 0.250722
0.543455 0.0796648 0.165755 0.0445032 0.166621
0.495904 0.0634758 9.9991E-05 0.19075 0.24977
0.463216 0.226327 0.273782 9.9991E-05 0.0365753
0.452868 0.0929748 0.057735 0.176761 0.219661
0.0422021 0.492325 9.9991E-05 0.294452 0.170921
0.493816 0.075242 0.0318018 0.195456 0.203684
0.508138 0.0752031 0.0240271 0.155696 0.236935
0.487566 0.056469 0.0883606 0.108142 0.259462
0.317243 0.237767 0.0481008 0.254704 0.142185
0.498858 0.0802081 0.0534474 0.240762 0.126725
0.461634 0.128634 0.0227 0.153377 0.233655
9.9982E-05 0.304003 9.9982E-05 0.487209 0.208588
0.519144 0.050223 0.0125106 0.205859 0.212264
0.459779 0.0875467 9.9991E-05 0.188841 0.263734
0.519475 0.0879601 0.108704 0.0509439 0.232917
0.537236 9.9982E-05 9.9982E-05 0.245171 0.217393
0.61581 9.9991E-05 0.0509166 0.141231 0.191942
0.483219 0.328008 0.0777715 0.0633663 0.0476357
0.407225 0.250677 0.0260552 0.125288 0.190755
0.0829626 0.719375 0.164338 9.9991E-05 0.0332241
0.0857764 0.794113 0.110313 0.00969764 9.9991E-05
0.53179 0.1998 0.0552721 0.0872226 0.125916
0.341712 0.0579512 0.121962 0.051133 0.427242
0.264057 0.220323 9.9991E-05 0.113629 0.401891
0.127988 0.328009 9.9991E-05 0.230116 0.313787
0.382412 0.107561 9.9991E-05 0.217796 0.292131
0.111253 0.654799 9.9991E-05 0.109103 0.124745
0.184711 0.555724 9.9991E-05 0.095897 0.163568
0.549762 0.220948 0.0553442 9.9991E-05 0.173846
0.528667 0.283208 9.9991E-05 0.0301799 0.157845
0.241837 0.494697 0.00813347 0.121917 0.133416
0.600673 0.160771 9.9991E-05 0.125209 0.113247
0.554441 0.247119 9.9991E-05 0.0237736 0.174567
0.650148 0.122455 9.9991E-05 0.168875 0.0584224
0.393043 0.503554 0.0514614 0.0518416 9.9991E-05
0.36452 0.391109 0.154604 0.00470803 0.0850588
0.677941 0.179985 0.0567428 0.0511981 0.0341323
0.46112 0.364771 0.0448732 0.0589911 0.0702446
0.470956 0.311062 0.0506133 0.0486656 0.118703
0.540793 0.403604 9.9991E-05 0.0486017 0.00690179
0.294663 0.57678 0.117259 9.9991E-05 0.0111978
0.614331 0.226752 9.9991E-05 0.0626626 0.0961547
0.261773 0.673234 0.0380343 9.9991E-05 0.0268592
0.465217 0.45298 9.9991E-05 0.0455944 0.036108
0.561118 0.151182 0.11794 0.047227 0.122533
0.513134 0.321775 0.0213968 0.0604846 0.0832095
0.503086 0.14454 9.9991E-05 0.137511 0.214762
0.498704 0.186783 0.0416357 0.177453 0.0954248
0.323208 0.175022 0.0264834 0.163602 0.311685
0.215012 0.139993 0.146479 0.169015 0.329501
0.539564 0.0551581 0.0804178 0.142386 0.182474
0.502365 0.127564 9.9991E-05 0.19261 0.177361
9.9982E-05 0.605157 9.9982E-05 0.196526 0.198117
0.642944 0.0310007 9.9991E-05 0.120249 0.205707
9.9982E-05 0.429404 9.9982E-05 0.393199 0.177198
0.535573 0.201028 9.9991E-05 0.0333264 0.229972
0.254922 0.744778 9.9973E-05 9.9973E-05 9.9973E-05
0.0496144 0.764113 0.169737 0.0164348 9.9991E-05
0.615426 0.347169 0.0372046 9.9982E-05 9.9982E-05
0.735669 0.187488 0.00557839 0.0711656 9.9991E-05
0.470287 0.456934 0.072579 9.9982E-05 9.9982E-05
0.627763 0.276946 0.0845005 9.9991E-05 0.0106903
0.662813 0.327394 9.9982E-05 9.9982E-05 0.00959369
0.0731456 0.0349567 0.0423252 0.775992 0.0735809
9.9991E-05 0.0407206 0.140732 0.701992 0.116456
9.9982E-05 9.9982E-05 0.0494464 0.911127 0.0392267
0.0351995 9.9982E-05 9.9982E-05 0.943463 0.0211374
0.626442 0.239436 0.0487124 0.0853096 9.9991E-05
0.60368 0.307486 0.0313276 0.035127 0.0223802
0.710401 0.140871 0.148528 9.9982E-05 9.9982E-05
0.623581 0.0986469 0.109594 0.168078 9.9991E-05
0.535092 0.0796709 0.173332 0.0968211 0.115084
0.421145 0.384303 0.172582 0.0218694 9.9991E-05
0.68947 0.232155 0.0126459 0.0462956 0.0194325
0.520996 0.456012 9.9982E-05 0.0227918 9.9982E-05
0.488215 0.0318496 0.0137561 0.264161 0.202018
0.586571 0.353391 0.0598373 9.9982E-05 9.9982E-05
0.492101 0.279387 0.228311 9.9982E-05 9.9982E-05
0.707522 0.22162 0.0706578 9.9982E-05 9.9982E-05
0.605126 0.295359 0.0843254 0.0150896 9.9991E-05
0.721911 0.268488 9.9982E-05 0.00940103 9.9982E-05
0.662815 0.222337 0.0430492 0.0476615 0.024138
0.302966 0.696734 9.9973E-05 9.9973E-05 9.9973E-05
0.4406 0.508747 0.0263947 0.0241583 9.9991E-05
0.48754 0.453967 0.0514527 0.00693978 9.9991E-05
0.0653014 0.934399 9.9973E-05 9.9973E-05 9.9973E-05
0.576389 0.135163 0.220194 0.0660242 0.00222926
0.279031 0.682 0.0387694 9.9982E-05 9.9982E-05
0.0799803 0.873272 0.0323952 0.0142525 9.9991E-05
0.786521 0.167891 0.0227622 0.0227259 9.9991E-05
0.413393 0.377738 0.191412 0.0173564 9.9991E-05
0.483763 0.191919 0.222418 9.9991E-05 0.101799
0.4559 0.228597 9.9991E-05 0.0864019 0.229001
0.717091 0.187645 0.0941253 0.00103793 9.9991E-05
0.337912 0.208925 0.330018 9.9991E-05 0.123046
0.646051 0.236525 0.0750134 9.9991E-05 0.042311
0.630836 0.176917 0.141916 9.9991E-05 0.0502309
0.510254 0.466532 0.0228825 0.000231297 9.9991E-05
0.676995 0.175759 0.0232768 0.0972177 0.026751
9.9982E-05 0.0467799 0.277168 0.675852 9.9982E-05
0.0315792 0.100735 0.0749952 0.792591 9.9991E-05
9.9982E-05 0.0228834 0.144689 0.832228 9.9982E-05
9.9982E-05 0.0687015 0.0657665 0.865332 9.9982E-05
0.0418592 0.00711116 0.204038 0.746891 9.9991E-05
0.325678 0.333552 0.330692 0.00997773 9.9991E-05
0.297606 0.45479 0.200873 0.0466312 9.9991E-05
0.371625 0.628075 9.9973E-05 9.9973E-05 9.9973E-05
0.676456 0.150758 0.01685 0.091742 0.0641938
0.606128 0.0258212 0.155121 0.101636 0.111293
0.479584 0.483886 9.9982E-05 0.03633 9.9982E-05
0.714859 0.136209 0.0545315 9.9991E-05 0.0943013
0.499489 0.401528 9.9991E-05 0.0479557 0.0509276
0.680968 0.163067 0.0737278 0.0501607 0.0320759
0.770443 0.129137 0.0113716 0.0889492 9.9991E-05
0.404313 0.365614 0.229873 9.9982E-05 9.9982E-05
0.549078 0.241238 0.209484 9.9982E-05 9.9982E-05
0.509837 0.281213 0.20875 9.9982E-05 9.9982E-05
0.693557 0.125365 0.00399657 0.176981 9.9991E-05
0.576441 0.241852 0.152714 0.0288941 9.9991E-05
0.64798 0.21866 0.0917136 0.0415471 9.9991E-05
0.425385 0.0690373 0.0133665 0.0194318 0.472779
0.326854 0.0367086 0.0914358 0.0491577 0.495843
0.416742 9.9982E-05 9.9982E-05 0.108354 0.474704
0.313134 0.0364253 9.9991E-05 0.0929032 0.557437
0.375006 0.0753542 9.9991E-05 0.199803 0.349737
0.573315 0.355196 9.9982E-05 9.9982E-05 0.0712888
9.9991E-05 0.0662561 0.00757214 0.238237 0.687835
0.346177 9.9982E-05 9.9982E-05 0.18284 0.470782
0.514983 0.14412 0.0351014 0.164179 0.141617
0.640369 0.131945 0.0248666 0.202719 9.9991E-05
0.470996 0.244677 0.1023 0.137939 0.0440868
0.641559 0.0863703 0.0538727 0.203912 0.0142865
0.659942 0.17289 0.0128274 0.0823291 0.0720106
0.39325 9.9982E-05 9.9982E-05 0.151442 0.455108
0.458324 9.9982E-05 9.9982E-05 0.151704 0.389771
0.329234 9.9991E-05 0.0299219 0.0855461 0.555198
0.319806 0.0927832 0.0999415 0.105374 0.382095
0.261892 0.0544983 0.0159031 0.129083 0.538624
0.454453 0.0423049 0.0778139 0.110372 0.315057
0.155433 0.00789558 0.0556178 0.140943 0.640111
0.416636 0.0296525 0.0510458 0.111333 0.391333
0.631646 0.234244 0.0334264 0.0904046 0.0102794
0.38421 0.0487399 0.0132828 0.213776 0.339991
0.139972 0.0289269 0.0148622 0.122707 0.693532
0.310375 0.0735371 0.156227 0.075008 0.384853
0.235247 0.240226 0.309978 0.214449 9.9991E-05
0.641652 0.169004 0.0654997 9.9991E-05 0.123745
0.363294 9.9991E-05 0.103905 0.194282 0.33842
0.62711 0.142709 0.0450017 0.164794 0.0203847
0.568303 0.173593 0.0667292 0.191274 9.9991E-05
0.370368 0.0782405 0.0824141 0.280251 0.188726
0.319123 0.0897391 0.0165073 0.226368 0.348262
0.539298 0.122335 0.159535 0.0751759 0.103656
0.396308 0.0569418 0.0430586 0.136345 0.367346
0.379087 0.062991 9.9991E-05 0.111504 0.446318
0.154924 0.0407316 9.9991E-05 0.199134 0.60511
0.670661 0.048445 9.9991E-05 0.198237 0.0825578
0.593642 0.139256 0.103308 0.163694 9.9991E-05
0.165962 0.598114 9.9991E-05 0.160134 0.0756897
0.677042 9.9991E-05 0.0550015 0.226256 0.0416
0.383737 0.184967 0.201988 0.147268 0.0820395
0.44237 0.151191 9.9991E-05 0.213599 0.19274
0.4965 0.178241 0.071538 0.140288 0.113433
9.9982E-05 0.42713 9.9982E-05 0.365359 0.207312
9.9982E-05 0.474771 9.9982E-05 0.372974 0.152055
0.25823 0.306735 0.0859166 0.138329 0.210789
9.9982E-05 0.372302 9.9982E-05 0.382347 0.245151
9.9982E-05 0.281433 9.9982E-05 0.47316 0.245207
0.385664 0.288135 0.0105678 0.157945 0.157689
0.391499 0.173327 9.9991E-05 0.250566 0.184508
0.186376 0.23721 0.0444311 0.305265 0.226718
0.0930005 0.350462 9.9991E-05 0.347701 0.208736
0.456776 0.210249 9.9991E-05 0.140638 0.192237
0.225152 0.35303 0.00757763 0.231689 0.182551
9.9982E-05 0.371395 9.9982E-05 0.53216 0.0962448
0.512362 0.0493665 0.131333 0.157866 0.149072
0.25611 0.18819 0.0314755 0.204953 0.319272
0.458787 0.0312923 0.0457767 0.304689 0.159455
0.533455 9.9982E-05 9.9982E-05 0.182795 0.28355
0.533657 0.0839006 0.0241837 0.136954 0.221305
0.484778 0.0735528 0.0141998 0.194994 0.232475
0.358546 9.9991E-05 0.0147426 0.386456 0.240155
0.551939 0.00677109 0.0335339 0.209254 0.198502
0.495465 0.0153352 9.9991E-05 0.230324 0.258775
0.366401 0.0629437 9.9991E-05 0.320202 0.250354
0.320671 0.233774 0.124116 0.198175 0.123264
0.59178 0.0183613 0.147567 0.135242 0.10705
0.54579 0.0492396 0.0545356 0.206323 0.144111
0.54825 0.124341 0.0114074 0.111867 0.204135
0.345132 0.0475056 0.0236426 0.307438 0.276282
0.443594 0.115994 9.9991E-05 0.240197 0.200116
0.191851 0.214965 9.9991E-05 0.38178 0.211303
0.493875 9.9991E-05 0.0587665 0.181146 0.266113
0.207251 0.219794 9.9991E-05 0.263755 0.3091
9.9982E-05 0.0598215 0.125809 0.814169 9.9982E-05
0.149184 9.9991E-05 0.808432 0.02643 0.0158541
9.9973E-05 9.9973E-05 0.980308 0.0193921 9.9973E-05
9.9973E-05 9.9973E-05 0.978016 0.0216845 9.9973E-05
0.00511738 9.9982E-05 0.988657 9.9982E-05 0.00602587
0.00577705 9.9982E-05 0.904381 9.9982E-05 0.0896416
0.0894703 9.9973E-05 0.91023 9.9973E-05 9.9973E-05
9.9973E-05 9.9973E-05 0.968368 0.0313325 9.9973E-05
9.9982E-05 9.9982E-05 0.772963 0.186216 0.040621
0.000580891 9.9991E-05 0.0919437 0.856605 0.0507704
0.090762 9.9982E-05 0.104565 0.804473 9.9982E-05
0.0220895 9.9991E-05 0.0130418 0.91316 0.0516083
0.0408857 0.054208 0.0960967 0.80871 9.9991E-05
0.0449343 9.9991E-05 0.00171924 0.926275 0.0269717
9.9991E-05 0.0368331 0.0530788 0.895793 0.0141952
0.031448 0.00543599 0.0754969 0.75507 0.132549
0.0693232 9.9982E-05 9.9982E-05 0.887278 0.0431984
0.0769423 0.0606015 0.0588511 0.749179 0.054426
0.0494129 9.9982E-05 9.9982E-05 0.883043 0.067344
9.9973E-05 9.9973E-05 0.0378556 0.961844 9.9973E-05
0.0254932 9.9991E-05 0.0817871 0.838972 0.0536479
9.9982E-05 9.9982E-05 0.0413643 0.93558 0.0228562
0.0551004 9.9991E-05 0.00189109 0.908067 0.0348414
0.0161055 9.9991E-05 0.0335698 0.857004 0.0932206
0.0835273 9.9982E-05 9.9982E-05 0.870049 0.0462233
0.0394955 9.9982E-05 9.9982E-05 0.797159 0.163145
0.0981091 9.9982E-05 9.9982E-05 0.79803 0.103661
0.104802 9.9982E-05 9.9982E-05 0.793625 0.101373
0.458602 0.212456 0.122724 0.172532 0.0336864
0.692246 0.180403 0.0135068 0.113744 9.9991E-05
0.660817 0.125682 0.0328258 0.142787 0.0378879
0.127837 0.717714 9.9991E-05 0.0928054 0.061543
0.594627 0.103471 0.171346 0.130456 9.9991E-05
0.111122 0.632947 9.9991E-05 0.206767 0.0490644
0.6219 0.192307 0.0492282 0.0373741 0.0991906
0.518342 0.256523 0.104652 0.120383 9.9991E-05
0.58513 0.169304 0.11717 0.122007 0.00638959
0.653256 0.225126 0.102252 0.0192674 9.9991E-05
0.556309 0.190892 0.0920907 0.160608 9.9991E-05
0.742578 0.0938336 9.9982E-05 0.163389 9.9982E-05
0.644631 0.129376 0.105439 0.0853577 0.0351956
0.0813309 0.364196 0.478707 9.9991E-05 0.0756658
9.9982E-05 0.818742 0.0730701 0.107988 9.9982E-05
0.137164 0.647636 9.9991E-05 0.147974 0.0671262
0.605304 0.110442 0.124813 0.0658138 0.0936274
0.563559 0.209933 0.0554582 0.170949 9.9991E-05
0.550987 0.257284 9.9991E-05 0.164096 0.0275323
0.672212 0.198012 9.9991E-05 0.113975 0.0157014
0.534279 0.099341 9.9991E-05 0.19863 0.167649
0.597532 9.9991E-05 0.102688 0.132594 0.167086
0.213911 0.0968206 0.145118 0.404613 0.139538
0.612059 0.0166142 0.140553 0.160745 0.0700285
0.455895 0.0170982 0.129099 0.222746 0.175161
9.9982E-05 0.375748 9.9982E-05 0.469464 0.154588
0.363917 0.126148 9.9991E-05 0.324983 0.184852
0.301848 0.0994752 0.0208163 0.383559 0.194301
0.517115 9.9991E-05 0.0788144 0.33717 0.0668002
0.519738 9.9991E-05 0.141251 0.0788892 0.260022
0.590325 9.9991E-05 0.0333101 0.214364 0.1619
0.590957 0.0779776 9.9991E-05 0.194184 0.136781
0.402326 0.240757 9.9991E-05 0.188759 0.168058
0.334422 9.9991E-05 0.0308331 0.48274 0.151905
