9.9991E-05 0.0515647 0.0497485 0.889771 0.00881599
0.0429461 0.0165857 9.9982E-05 0.940268 9.9982E-05
9.9982E-05 9.9982E-05 0.0289033 0.850443 0.120454
9.999E-05 0.100272 0.114867 0.770992 0.0137688
0.0111531 9.9991E-05 0.0593683 0.881154 0.0482244
0.130957 0.146308 0.039427 0.631337 0.0519698
0.117035 0.0435089 9.9982E-05 0.839256 9.9982E-05
0.109075 0.12131 0.012439 0.7447 0.0124767
0.0786506 0.0699152 9.9982E-05 0.851234 9.9982E-05
0.0614994 0.0407429 0.0760039 0.740519 0.0812351
0.0767493 0.104927 9.9991E-05 0.763556 0.0546679
0.152936 0.519363 0.024468 9.9991E-05 0.303133
9.9982E-05 0.326058 0.108916 9.9982E-05 0.564826
0.141219 0.482096 0.125043 0.0344919 0.217151
0.0345818 0.407991 0.194067 0.0112835 0.352076
0.0387496 0.303201 0.179629 0.102147 0.376274
0.0444381 0.213627 0.174407 0.0648438 0.502685
0.167546 0.235629 0.082118 0.0260713 0.488636
0.0666215 0.378268 0.110298 0.0944127 0.3504
0.168379 0.687912 0.0901981 0.018706 0.0348045
0.154111 0.285386 0.0749989 0.0239705 0.461534
0.289896 0.154192 0.106194 9.9991E-05 0.449618
0.159735 0.200093 0.0627049 0.0800316 0.497436
0.186161 0.367991 0.13697 9.9991E-05 0.308778
0.0437771 0.140363 0.0369182 0.185914 0.593028
0.0771201 0.224386 0.0987625 0.0534332 0.546298
0.120667 0.558862 0.0848329 0.0176582 0.21798
0.11161 0.452543 0.243301 9.9991E-05 0.192446
0.204018 0.477624 0.0529103 0.00222716 0.26322
9.9982E-05 9.9982E-05 0.0986639 0.817334 0.0838026
9.9973E-05 9.9973E-05 9.9973E-05 0.849669 0.150031
9.9982E-05 9.9982E-05 0.047779 0.804518 0.147503
0.0251636 9.9991E-05 0.0646336 0.708071 0.202032
0.21562 0.059794 9.9991E-05 0.0315585 0.692928
0.112438 0.0218007 9.9991E-05 0.167049 0.698612
0.307362 9.9973E-05 9.9973E-05 9.9973E-05 0.692338
0.173996 0.567023 0.0317609 0.0707123 0.156508
0.519528 9.9991E-05 0.0122146 0.0158852 0.452272
0.0937601 0.202307 0.0293633 0.0582648 0.616305
0.154216 0.0199913 0.0513631 0.0293656 0.745064
0.102922 0.127123 9.9991E-05 0.0869145 0.682941
0.105036 0.0545814 9.9991E-05 0.134761 0.705521
0.492537 0.191847 9.9991E-05 0.0107304 0.304785
0.189444 0.00978599 0.142516 0.0912321 0.567022
0.0839416 0.0759132 0.0832284 0.123755 0.633162
0.110082 0.032446 0.089765 0.172731 0.594976
0.476638 0.0525096 9.9982E-05 9.9982E-05 0.470652
0.255303 9.9982E-05 9.9982E-05 0.0569537 0.687544
0.154344 0.071427 0.10526 0.14156 0.527409
0.862681 0.0186919 9.9991E-05 0.106396 0.0121306
0.33171 0.432165 9.9982E-05 9.9982E-05 0.235925
0.573439 0.218349 9.9991E-05 0.0862981 0.121814
0.0805123 0.122392 0.0164557 0.109089 0.671551
9.9991E-05 0.103144 0.13886 0.0957953 0.6621
0.103735 0.096963 0.135937 0.0715364 0.591828
0.275472 0.395601 9.9991E-05 0.112245 0.216582
0.124211 0.209745 0.0275821 0.00752788 0.630934
0.0876318 0.137773 0.180244 0.0547842 0.539568
0.170846 0.254759 9.9991E-05 0.131329 0.442965
0.286061 0.302006 0.0534833 0.232394 0.126056
0.246862 0.0395979 0.111986 0.0605349 0.541019
0.156425 0.275494 0.125697 0.0253282 0.417055
0.304132 0.549259 9.9991E-05 0.0369021 0.109606
0.0861446 0.315377 9.9982E-05 9.9982E-05 0.598278
0.137791 0.078867 0.0445726 0.099164 0.639605
0.0629846 0.160893 0.100483 0.0586894 0.616949
0.262718 0.334624 0.0422409 0.00821025 0.352207
0.167126 0.208173 0.0631863 9.9991E-05 0.561415
0.121039 0.132723 9.9991E-05 0.126716 0.619421
0.298669 0.432563 9.9982E-05 9.9982E-05 0.268569
0.149651 0.164932 9.9982E-05 9.9982E-05 0.685217
0.363029 0.215504 9.9982E-05 9.9982E-05 0.421267
0.155137 0.0476864 9.9991E-05 0.108292 0.688784
0.820601 0.00418482 9.9982E-05 9.9982E-05 0.175014
0.764308 0.0897024 9.9982E-05 9.9982E-05 0.145789
0.483959 0.0145249 9.9982E-05 9.9982E-05 0.501316
0.194074 0.158269 9.9991E-05 0.0348126 0.612744
0.0581199 0.10701 0.0541838 0.173092 0.607594
0.241898 0.140737 9.9982E-05 9.9982E-05 0.617164
0.335172 0.266181 9.9991E-05 0.0363021 0.362245
0.32513 0.268264 9.9982E-05 9.9982E-05 0.406406
0.148636 0.0362602 0.0833696 0.107783 0.623952
0.354872 0.152024 0.0180194 9.9991E-05 0.474984
0.302307 0.0494262 9.9991E-05 0.0633637 0.584803
0.484853 9.9973E-05 9.9973E-05 9.9973E-05 0.514847
0.826721 9.9982E-05 9.9982E-05 0.0373487 0.135731
0.163408 0.102062 9.9982E-05 9.9982E-05 0.73433
9.9991E-05 0.0831257 0.0365338 0.825124 0.0551168
9.9973E-05 9.9973E-05 9.9973E-05 0.913427 0.0862734
9.9982E-05 9.9982E-05 0.0474089 0.840856 0.111535
9.9982E-05 9.9982E-05 0.0103029 0.93104 0.0584575
9.9982E-05 9.9982E-05 0.00714751 0.902679 0.0899738
0.0295271 0.0231809 0.0516429 0.895549 9.9991E-05
9.9982E-05 9.9982E-05 0.0473936 0.935863 0.0165432
0.104125 0.170151 0.101257 0.0946646 0.529802
0.119793 0.0865603 0.01243 0.128438 0.652778
0.621799 0.158507 9.9982E-05 9.9982E-05 0.219495
0.186757 0.028492 0.152488 0.0819427 0.55032
0.258607 0.144761 9.9991E-05 0.0400901 0.556442
0.188833 0.0291934 0.0313616 0.0914257 0.659186
0.278118 0.0129447 0.0222427 0.0618576 0.624837
0.336737 9.9991E-05 0.044873 0.0175729 0.600717
0.549221 0.323941 9.9991E-05 0.0262403 0.100498
0.257124 0.0238814 9.9991E-05 0.197752 0.521142
0.111934 0.0247007 0.0300101 0.0382666 0.795088
0.0385691 0.21352 0.0553555 0.121132 0.571423
0.506452 0.00783725 9.9982E-05 9.9982E-05 0.485511
0.339095 9.9982E-05 9.9982E-05 0.0266349 0.63407
0.311404 0.11616 9.9991E-05 0.0308226 0.541513
0.480793 9.9982E-05 0.0635274 9.9982E-05 0.455479
0.2136 0.204482 9.9991E-05 0.0526065 0.529212
0.170634 0.102605 0.037795 0.0885518 0.600414
0.357739 0.266195 0.0087959 0.101722 0.265547
0.0695555 0.410109 0.119712 0.0657304 0.334893
0.0602998 0.206036 0.163055 0.084009 0.486601
0.0277086 0.182257 0.103198 0.0749246 0.611912
0.053737 0.384587 0.0290138 9.9991E-05 0.532562
0.0970617 0.294492 0.0545171 9.9991E-05 0.553829
0.0966626 0.316091 0.0375794 0.0264402 0.523227
0.13691 0.2075 0.0285689 0.127341 0.49968
0.17041 0.101261 0.074566 0.107408 0.546355
0.0819814 0.224506 9.9991E-05 0.0392277 0.654185
9.9973E-05 0.432199 9.9973E-05 9.9973E-05 0.567501
0.0987314 0.223819 0.0669029 0.0196096 0.590937
0.08698 0.0741463 0.069386 0.139083 0.630404
9.9982E-05 0.313016 0.0408898 9.9982E-05 0.645894
0.0744576 0.18896 0.157211 0.0573044 0.522067
0.161119 0.224647 0.0496386 0.0354846 0.52911
0.107662 0.304974 0.0143612 0.13494 0.438064
0.0347342 0.224149 0.0484842 0.00940102 0.683232
0.0562925 0.198073 0.113408 0.0195588 0.612668
0.170587 0.467614 0.0521369 0.0102873 0.299375
0.430563 0.323846 0.102095 9.9991E-05 0.143396
0.100568 0.275643 0.0796653 9.9991E-05 0.544024
0.515861 0.294538 0.0854877 9.9991E-05 0.104014
0.217491 0.437464 9.9991E-05 0.0455531 0.299391
0.178289 0.3207 9.9982E-05 9.9982E-05 0.500811
0.0646456 0.508856 9.9982E-05 9.9982E-05 0.426299
0.212992 0.486289 9.9982E-05 9.9982E-05 0.300519
0.0139705 0.197221 0.0606704 0.0452041 0.682934
0.0627276 0.178183 0.111697 0.0808892 0.566504
0.104146 0.224842 0.0681542 0.0482013 0.554656
0.391067 0.350454 0.0687627 9.9991E-05 0.189617
0.119786 0.12978 0.0218936 0.145593 0.582946
0.307466 0.0271067 0.140003 0.0953405 0.430084
0.68227 0.0704157 9.9991E-05 0.203776 0.0434382
0.0744284 0.052441 0.0445875 0.136372 0.692171
0.473712 9.9991E-05 0.0573558 0.115567 0.353266
0.183479 0.10041 0.100439 0.0646088 0.551063
0.524649 0.0468498 0.0637214 0.147693 0.217087
0.448439 0.171897 9.9991E-05 0.151629 0.227936
0.283384 0.218396 0.00265193 0.0195575 0.47601
0.0955504 0.153397 0.0558976 0.117121 0.578034
0.254245 0.124585 0.0671715 0.134333 0.419665
0.617123 0.100929 0.189802 0.0826328 0.00951313
0.22853 0.104509 0.101019 0.0337724 0.53217
0.442766 0.148978 9.9982E-05 9.9982E-05 0.408056
0.33218 0.120465 0.0131915 9.9991E-05 0.534064
0.136031 0.0211545 0.0802218 0.134919 0.627674
0.239429 9.9991E-05 0.309966 0.326986 0.123519
0.217447 9.9982E-05 0.166519 0.615834 9.9982E-05
0.296205 9.9982E-05 0.171668 0.531927 9.9982E-05
0.114621 9.9991E-05 0.333004 0.439558 0.112717
0.298856 9.9982E-05 0.0408975 9.9982E-05 0.660047
0.17733 0.0375404 0.120219 0.061323 0.603588
9.9982E-05 0.00712773 0.695467 9.9982E-05 0.297205
0.0394763 0.0685309 0.464874 0.0104955 0.416623
9.9991E-05 0.137486 0.374896 0.106134 0.381384
0.549609 9.9991E-05 0.042002 0.0621072 0.346182
0.266201 0.0715528 0.083602 0.0509747 0.527669
0.667773 0.0262608 0.0185627 0.0228718 0.264532
0.234204 0.026721 9.9991E-05 0.0172929 0.721682
0.348557 0.0230993 9.9991E-05 0.0775472 0.550696
0.299182 0.0304118 0.0300848 0.0456059 0.594715
0.644528 0.0910607 0.0910574 0.0188484 0.154506
0.181106 9.9991E-05 0.155282 0.0667894 0.596722
0.223992 0.0213275 0.0949119 0.136572 0.523197
0.0199653 9.9973E-05 0.979735 9.9973E-05 9.9973E-05
9.9973E-05 9.9973E-05 0.889896 9.9973E-05 0.109804
0.121128 0.0209883 0.623938 0.024607 0.209339
9.9991E-05 0.0103705 0.69343 0.00599404 0.290106
9.9973E-05 9.9973E-05 0.801115 9.9973E-05 0.198585
9.997E-05 9.997E-05 0.9996 9.997E-05 9.997E-05
9.9973E-05 0.00807177 0.991628 9.9973E-05 9.9973E-05
9.9973E-05 9.9973E-05 0.817612 9.9973E-05 0.182089
9.9973E-05 0.0199755 0.979725 9.9973E-05 9.9973E-05
9.997E-05 9.997E-05 0.9996 9.997E-05 9.997E-05
9.997E-05 9.997E-05 0.9996 9.997E-05 9.997E-05
9.9991E-05 0.0633056 0.817869 0.00191197 0.116813
9.9991E-05 0.00939922 0.795054 0.0433507 0.152096
9.9982E-05 0.00339695 0.981883 9.9982E-05 0.01452
0.118084 0.114032 0.460064 0.00295107 0.304868
9.9991E-05 0.0409312 0.605974 0.0497588 0.303236
9.9991E-05 0.0343012 0.787975 0.0137018 0.163922
9.9991E-05 0.0397378 0.882458 0.00689889 0.0708057
9.9973E-05 9.9973E-05 0.991512 0.00818769 9.9973E-05
9.9982E-05 9.9982E-05 0.905408 0.0556437 0.0387487
9.997E-05 9.997E-05 0.9996 9.997E-05 9.997E-05
9.9991E-05 0.0330776 0.637161 0.0756154 0.254046
0.0101394 0.0194885 0.891942 9.9991E-05 0.07833
0.537283 9.9982E-05 0.0988475 0.363669 9.9982E-05
0.144661 0.160473 0.11669 0.183674 0.394502
0.194082 0.0184038 0.0414722 0.315159 0.430882
0.448225 9.9991E-05 0.158934 0.260069 0.132672
0.20907 0.0248492 0.142624 0.169988 0.453469
0.411832 9.9991E-05 0.149508 0.300875 0.137685
0.220433 0.134598 0.122474 0.168367 0.354129
0.227277 9.9991E-05 0.223306 0.203325 0.345991
0.149471 9.9991E-05 0.223146 0.160436 0.466848
0.21057 9.9991E-05 0.194109 0.22065 0.374571
0.155588 0.0708157 0.138805 0.167838 0.466953
9.9982E-05 0.114353 9.9982E-05 0.843432 0.0420144
0.0128958 9.9982E-05 0.0207524 0.966152 9.9982E-05
9.9973E-05 9.9973E-05 9.9973E-05 0.978318 0.0213824
9.9982E-05 0.0377517 9.9982E-05 0.951545 0.0105038
9.9991E-05 0.030311 0.0352609 0.901689 0.0326395
9.9973E-05 9.9973E-05 0.0873423 0.912358 9.9973E-05
9.9982E-05 9.9982E-05 0.0317781 0.891752 0.0762695
0.0274169 0.00615128 9.9991E-05 0.940088 0.026244
0.0302493 9.9982E-05 9.9982E-05 0.934773 0.0347777
9.9982E-05 0.0168149 0.0988073 0.884178 9.9982E-05
0.120384 0.238608 9.9982E-05 0.640808 9.9982E-05
0.000792327 0.388098 0.0586464 0.552363 9.9991E-05
0.169285 0.279906 9.9982E-05 0.55061 9.9982E-05
0.192371 0.326459 9.9982E-05 0.48097 9.9982E-05
0.0697333 0.238881 9.9991E-05 0.0538823 0.637404
0.211941 0.124656 0.0875731 0.00368872 0.572141
0.164393 0.192157 0.0452158 0.0117129 0.586521
0.178347 0.253971 0.0188376 0.0987766 0.450068
0.132069 0.654104 0.00131813 9.9991E-05 0.212409
0.133631 9.9991E-05 0.0350252 0.0952376 0.736006
0.226202 0.0475076 9.9982E-05 9.9982E-05 0.72609
0.299594 0.135822 0.00106375 9.9991E-05 0.56342
0.462893 9.9982E-05 0.0707231 9.9982E-05 0.466184
0.118033 0.0824947 0.0440719 0.0925321 0.662868
0.239535 0.186098 0.00665454 0.0178633 0.549849
0.82651 0.0812289 9.9982E-05 9.9982E-05 0.0920616
0.234771 0.162975 9.9991E-05 0.0696803 0.532474
0.578311 9.9982E-05 9.9982E-05 0.0259084 0.395581
0.337519 9.9982E-05 0.0431181 9.9982E-05 0.619163
0.401292 0.310177 9.9982E-05 9.9982E-05 0.288332
0.140245 0.710132 9.9982E-05 0.149423 9.9982E-05
0.0906461 0.732646 0.00472384 0.128188 0.0437957
0.101398 0.856908 9.9991E-05 0.0378896 0.00370384
0.106593 0.776197 9.9982E-05 0.11701 9.9982E-05
0.0736666 0.856091 0.0700429 9.9982E-05 9.9982E-05
0.0565729 0.729431 0.0674113 0.102681 0.0439034
9.9982E-05 9.9982E-05 0.0314061 0.876313 0.0920812
9.9991E-05 0.0602116 0.0757022 0.840974 0.0230126
9.9982E-05 9.9982E-05 0.132677 0.774903 0.0922197
9.9982E-05 0.108274 0.135583 0.755942 9.9982E-05
9.9991E-05 0.024864 0.0813046 0.797822 0.095909
0.0337959 0.546353 9.9982E-05 0.419651 9.9982E-05
0.182173 0.316937 9.9982E-05 0.500689 9.9982E-05
0.097599 0.44449 9.9982E-05 0.457711 9.9982E-05
9.9991E-05 0.0191119 0.0216982 0.8515 0.10759
0.116075 0.497832 9.9982E-05 0.385893 9.9982E-05
0.0978306 9.9991E-05 0.359585 0.256469 0.286015
9.9991E-05 0.075806 0.230358 0.188573 0.505164
9.9982E-05 9.9982E-05 0.242937 0.197244 0.559619
0.137631 9.9991E-05 0.222834 0.295677 0.343758
0.0588573 9.9991E-05 0.121435 0.245278 0.57433
0.161599 9.9982E-05 0.356817 0.481384 9.9982E-05
0.106198 0.320141 0.0215593 0.0197893 0.532312
0.337297 0.194439 9.9991E-05 0.0855015 0.382663
0.0155719 0.507262 9.9991E-05 0.0859642 0.391102
0.2871 0.188142 0.0703096 9.9991E-05 0.454348
0.83772 0.16198 9.9973E-05 9.9973E-05 9.9973E-05
0.0649011 0.197169 9.9991E-05 0.134215 0.603615
0.240769 0.218033 0.0834724 0.001986 0.45574
0.20417 0.379648 9.9991E-05 0.024519 0.391563
0.114391 0.142679 0.037477 0.11621 0.589243
0.531533 0.250709 0.0145643 0.00689311 0.196301
0.291843 0.139148 0.0826654 9.9991E-05 0.486244
0.0707378 0.309678 0.0282611 9.9991E-05 0.591223
0.203249 9.9991E-05 0.232999 0.187544 0.376108
0.264822 0.278066 0.0324695 9.9991E-05 0.424543
0.182347 0.211682 9.9991E-05 0.0677577 0.538113
0.287782 0.0851697 0.140878 0.00406363 0.482107
0.208811 0.193385 9.9982E-05 9.9982E-05 0.597604
0.13997 0.104287 0.113411 9.9991E-05 0.642231
0.0252809 0.14343 0.125132 0.0972266 0.60893
0.150634 0.161827 0.0812291 0.083836 0.522474
9.9982E-05 9.9982E-05 0.100239 0.797164 0.102397
0.00476246 9.9991E-05 0.00886491 0.868481 0.117791
0.151934 0.000110168 0.0101814 0.795183 0.0425913
0.0733795 0.0562989 0.0512494 0.818972 9.9991E-05
9.9973E-05 9.9973E-05 9.9973E-05 0.862896 0.136804
0.121349 0.644312 0.0440132 0.00781877 0.182507
0.0754048 0.182032 0.0782582 0.118035 0.54627
0.113025 9.9991E-05 0.173564 0.282603 0.430709
0.0943273 0.124012 0.0971094 0.0305577 0.653993
0.0684623 0.263902 0.0446616 0.0439611 0.579013
0.213111 0.39949 0.126696 0.014731 0.245972
0.258102 0.59809 9.9991E-05 0.122765 0.0209426
0.0886067 0.256404 0.00742306 0.0276785 0.619887
0.109344 0.58291 0.0798355 0.0371903 0.19072
0.158168 0.23465 0.00193418 0.103975 0.501273
0.0969172 0.603248 0.0107921 0.124976 0.164067
0.0153625 0.206139 0.16464 0.0542342 0.559625
0.11042 0.57848 0.00404197 0.0816113 0.225447
0.260054 0.342061 0.110103 9.9991E-05 0.287682
0.190219 0.12385 0.0433317 0.105667 0.536932
0.414081 0.15955 0.0502963 0.0918172 0.284255
0.229262 0.13246 0.00386881 0.0748819 0.559528
0.154392 9.9991E-05 0.0452025 0.197822 0.602484
0.447789 0.0991408 9.9991E-05 0.0407347 0.412235
0.167869 0.0216376 0.103419 0.117788 0.589286
0.293539 0.00907203 0.0193854 0.111987 0.566016
0.764927 0.0691646 9.9982E-05 9.9982E-05 0.165709
0.647671 0.0367843 9.9991E-05 0.00429895 0.311146
0.295644 0.0918234 0.0321373 0.0470575 0.533338
0.605285 0.148844 9.9991E-05 0.0335926 0.212178
0.310749 0.14362 9.9991E-05 0.0387291 0.506802
0.172975 0.628135 0.0810562 9.9991E-05 0.117734
0.340295 0.315353 0.00127896 9.9991E-05 0.342973
0.0646909 0.461882 0.0746748 0.0179324 0.38082
0.110667 0.201046 0.126344 0.010793 0.55115
0.140503 0.523135 0.00338378 9.9991E-05 0.332878
0.161103 0.18142 0.175333 0.101704 0.38044
0.154865 0.111491 0.106836 0.0627791 0.564029
0.00690889 0.33692 0.0505666 0.0583045 0.5473
0.0896257 0.274992 0.114593 9.9991E-05 0.520689
0.0727873 0.374198 0.0169907 0.0278009 0.508223
0.0991128 0.568989 0.0841323 9.9991E-05 0.247666
0.117615 0.393234 0.143669 9.9991E-05 0.345382
0.0787165 0.214349 0.0568031 9.9991E-05 0.650032
0.132199 0.138635 0.0213585 0.0792278 0.62858
0.240195 0.232318 0.0472633 0.0552627 0.424961
0.107226 0.253471 0.0963026 9.9991E-05 0.5429
0.0214304 0.438988 0.0677904 0.0651419 0.406649
0.0536073 0.232363 0.0356101 0.0242975 0.654122
0.14117 0.210276 0.0170732 0.043216 0.588265
0.0547964 0.263709 0.1858 9.9991E-05 0.495595
0.105371 9.9991E-05 0.124084 0.346997 0.423447
0.0655817 9.9991E-05 0.268371 0.179996 0.485951
0.0782671 9.9991E-05 0.0685541 0.241594 0.611485
0.0942499 0.0983391 0.0652064 0.100264 0.641941
0.0695265 9.9991E-05 0.25287 0.211354 0.46615
0.277861 0.144657 0.0756205 9.9991E-05 0.501762
0.0585867 0.117659 0.162751 0.189587 0.471416
0.498494 0.00771029 0.166791 0.303247 0.023757
0.057401 0.116631 0.238942 0.133311 0.453715
0.0960162 0.0745944 0.230108 0.111719 0.487562
0.176367 0.0565401 0.265173 0.0202623 0.481658
0.218896 0.139652 0.147613 0.184737 0.309102
9.9991E-05 0.00160133 0.0855193 0.20444 0.708339
0.00620833 0.0515725 0.154345 0.205558 0.582316
0.304693 9.9982E-05 0.202301 0.492806 9.9982E-05
0.0279533 0.0280893 0.116446 0.206321 0.62119
9.9991E-05 0.0370031 0.169488 0.225138 0.568271
0.0992419 0.0372945 0.192265 0.135719 0.53548
0.0695428 0.0531999 0.182473 0.187538 0.507246
0.0263253 0.124004 0.0925199 0.185941 0.571209
0.279823 0.121175 0.110976 0.0659958 0.422031
0.21972 0.0334199 0.0422137 0.11768 0.586967
0.791421 0.097061 0.0139213 9.9991E-05 0.0974965
0.86928 0.101535 0.0289853 9.9982E-05 9.9982E-05
0.254822 0.0799025 0.0652422 0.0742234 0.52581
0.116042 0.0367537 0.359083 0.122877 0.365245
0.20043 9.9991E-05 0.315815 0.167259 0.316396
0.243389 9.9991E-05 0.355489 0.202927 0.198095
0.143605 0.00343522 0.316024 0.214675 0.322261
0.707923 9.9991E-05 0.194105 0.0515136 0.046359
0.595244 9.9991E-05 0.174665 0.115082 0.11491
0.225292 0.0219745 0.175406 9.9991E-05 0.577228
0.357844 9.9991E-05 0.132696 0.0457496 0.46361
0.528266 0.00490331 0.204941 0.0937381 0.168151
0.225336 0.0390599 0.144253 0.095356 0.495995
0.290367 0.0398605 0.185835 9.9991E-05 0.483838
0.239052 0.083578 0.186552 0.0820791 0.408739
0.449494 0.144181 9.9982E-05 9.9982E-05 0.406125
0.421408 0.127427 0.0696513 9.9991E-05 0.381414
0.302051 0.0282664 9.9991E-05 0.0384088 0.631174
0.310437 0.152516 0.0778233 0.0417748 0.417449
0.22183 0.0936206 0.123408 0.110255 0.450886
0.404519 0.0313155 0.0119872 9.9991E-05 0.552079
0.591476 0.0947979 0.0534963 9.9991E-05 0.260129
0.274531 9.9991E-05 0.0747259 0.0352933 0.61535
0.660544 0.0493036 0.0609053 9.9991E-05 0.229147
0.451571 0.0419086 0.100625 9.9991E-05 0.405796
0.226982 9.9991E-05 0.0320143 0.175428 0.565475
0.343951 0.126235 0.0633267 9.9991E-05 0.466387
0.133082 0.0487589 0.229923 0.180586 0.407651
0.254432 0.104393 0.135578 0.156536 0.349061
0.190438 0.00753215 0.250749 0.168049 0.383232
0.126842 0.098482 0.268732 0.178698 0.327247
0.0469044 0.0890298 0.180193 0.182229 0.501644
0.203136 0.0416248 0.204511 0.15491 0.395819
0.576385 0.00994826 0.19719 0.216376 9.9991E-05
0.0544261 0.0466255 0.187957 0.108415 0.602576
0.407316 9.9982E-05 0.154241 0.438243 9.9982E-05
0.112363 9.9991E-05 0.185733 0.0812982 0.620506
0.801419 9.9973E-05 9.9973E-05 9.9973E-05 0.198281
0.933153 0.0425483 0.00343675 0.0158122 0.0050503
0.400078 9.9973E-05 9.9973E-05 9.9973E-05 0.599622
0.295756 9.9982E-05 0.0653131 9.9982E-05 0.63873
0.492117 0.032978 9.9982E-05 9.9982E-05 0.474705
0.354802 0.00695167 9.9991E-05 0.0290754 0.609071
0.30478 0.0295613 0.0131354 9.9991E-05 0.652424
0.0509123 9.9991E-05 0.0543711 0.833211 0.0614054
9.9982E-05 0.14845 0.132306 0.719044 9.9982E-05
9.9982E-05 0.0400924 0.0533144 0.906393 9.9982E-05
9.9973E-05 9.9973E-05 9.9973E-05 0.954633 0.0450667
0.198993 0.160993 0.00942178 0.0420274 0.588565
0.174467 0.105302 0.00567533 0.0769817 0.637574
0.327413 0.0230781 9.9982E-05 9.9982E-05 0.649309
0.137988 9.9982E-05 9.9982E-05 0.151421 0.710391
0.162107 0.176313 0.0102844 0.0793527 0.571943
0.462896 0.155664 9.9982E-05 9.9982E-05 0.38124
0.180426 0.0496668 9.9982E-05 9.9982E-05 0.769708
0.501509 9.9982E-05 9.9982E-05 0.0152203 0.48307
0.0387481 0.0396294 0.137962 0.245642 0.538018
0.334982 0.103496 0.027366 9.9991E-05 0.534056
0.309806 0.212267 9.9982E-05 9.9982E-05 0.477726
0.20767 0.137746 0.0226647 9.9991E-05 0.631819
0.28974 0.0923812 9.9991E-05 0.0262144 0.591565
0.322726 9.9982E-05 0.0379906 9.9982E-05 0.639083
0.174309 0.0519184 0.0355497 0.0649711 0.673252
0.719244 9.9973E-05 9.9973E-05 9.9973E-05 0.280456
0.544457 0.0626953 9.9982E-05 9.9982E-05 0.392648
0.426932 0.165562 9.9991E-05 0.00830187 0.399104
0.968128 9.9973E-05 9.9973E-05 9.9973E-05 0.0315723
0.219787 0.181127 9.9991E-05 0.0454939 0.553492
0.755336 9.9982E-05 9.9982E-05 0.0046394 0.239825
0.91805 0.00886654 9.9991E-05 0.0139248 0.0590583
0.317813 0.0355833 0.0353124 9.9991E-05 0.611192
0.376022 0.185668 9.9991E-05 0.0203091 0.417901
0.243375 0.152607 9.9991E-05 0.0102212 0.593697
0.176837 0.00116295 0.0839184 0.0833828 0.654699
0.189062 0.157792 9.9982E-05 9.9982E-05 0.652945
0.216888 0.298987 0.137906 9.9991E-05 0.346118
0.240028 0.0545613 0.0216998 0.0140398 0.669671
0.235456 0.0823138 0.00331765 0.0313951 0.647518
0.550914 0.0216314 9.9982E-05 9.9982E-05 0.427255
0.180564 0.0807879 0.0686229 0.125353 0.544672
0.0242081 0.271529 9.9982E-05 0.704063 9.9982E-05
0.0301762 0.1297 9.9991E-05 0.756929 0.0830952
0.0241712 0.128726 9.9982E-05 0.846902 9.9982E-05
9.9973E-05 0.154268 9.9973E-05 0.845432 9.9973E-05
9.9982E-05 0.242343 9.9982E-05 0.734552 0.0229057
0.412655 0.22309 9.9991E-05 0.0122245 0.351931
0.561989 0.175508 9.9991E-05 0.0110765 0.251327
0.650481 9.9973E-05 9.9973E-05 9.9973E-05 0.349219
0.105027 0.0183551 0.0652055 0.0971298 0.714283
0.135999 9.9982E-05 9.9982E-05 0.169486 0.694315
0.491154 9.9982E-05 9.9982E-05 0.0671235 0.441523
0.193189 0.0325738 0.0721181 9.9991E-05 0.70202
0.411547 9.9991E-05 0.0391918 0.0662448 0.482916
0.273638 0.0244552 9.9991E-05 0.0124651 0.689342
0.1336 0.0566289 9.9991E-05 0.0998977 0.709773
0.44257 0.177565 0.0121745 9.9991E-05 0.36759
0.389351 0.0744254 9.9982E-05 9.9982E-05 0.536024
0.313402 0.221311 9.9982E-05 9.9982E-05 0.465087
0.101678 0.107732 9.9991E-05 0.194433 0.596057
0.301804 0.13347 9.9982E-05 9.9982E-05 0.564525
0.307257 0.0670336 0.00520893 0.0373 0.5832
0.0735311 0.0728427 0.420742 0.0451768 0.387707
0.0467883 0.00579284 0.524357 0.129022 0.29404
9.9991E-05 0.00997974 0.479588 0.0938441 0.416488
0.0334915 0.03735 0.497674 0.159149 0.272335
0.0224366 0.00340095 0.248951 0.166522 0.558689
0.386065 0.021712 0.0429295 0.0602706 0.489023
0.0546295 0.0182803 0.624782 0.23643 0.0658779
0.0252975 0.00968211 0.405045 0.201816 0.358159
0.119551 9.9991E-05 0.0820056 0.250731 0.547613
0.219681 9.9982E-05 9.9982E-05 0.163981 0.616139
0.201752 0.152909 0.0605406 0.134383 0.450416
0.124926 0.056214 0.103104 0.146451 0.569305
0.13907 0.033695 0.004005 0.146527 0.676703
9.9982E-05 9.9982E-05 0.484117 0.22576 0.289923
0.00575686 0.0645464 0.42267 0.165117 0.34191
9.9982E-05 9.9982E-05 0.466821 0.0756987 0.45728
9.9991E-05 0.0651065 0.2852 0.143843 0.50575
9.9991E-05 0.0401264 0.49318 0.12409 0.342504
0.0735715 0.00750365 0.335286 0.222632 0.361007
9.9991E-05 0.0262282 0.562011 0.155184 0.256476
0.00642955 0.0671327 0.492068 0.0514391 0.382931
0.225102 0.0627011 0.0237749 0.109601 0.578821
9.9991E-05 0.118941 0.359849 0.177204 0.343906
9.9982E-05 9.9982E-05 0.630312 0.165317 0.204171
0.0757376 0.122367 0.304454 0.179032 0.318409
0.26483 0.288805 9.9991E-05 0.191688 0.254578
0.196446 0.0821831 0.116542 9.9991E-05 0.604729
0.0642517 0.0638138 0.279314 0.19071 0.40191
0.0465384 0.186339 9.9991E-05 0.130427 0.636596
0.174298 0.0746194 9.9991E-05 0.16366 0.587322
0.125178 0.0108185 0.161042 0.25635 0.446612
0.10814 9.9991E-05 0.304671 0.232111 0.354978
0.0704582 9.9991E-05 0.152671 0.133028 0.643744
9.9991E-05 0.0762282 0.421277 0.114403 0.387992
0.00297898 9.9991E-05 0.449995 0.108067 0.438859
0.0217174 9.9991E-05 0.599242 0.210405 0.168536
0.159197 0.00421569 0.0533795 0.0993618 0.683846
0.252455 0.0577364 9.9991E-05 0.183635 0.506073
0.592814 9.9991E-05 0.121451 0.189745 0.09589
0.141336 0.09919 0.0875159 0.131134 0.540825
0.206637 0.232156 0.0725013 0.130034 0.358672
0.122957 9.9991E-05 0.128533 0.218472 0.529938
0.0842546 0.11457 0.124182 0.176522 0.500471
0.462686 9.9982E-05 0.232145 0.304969 9.9982E-05
0.457771 9.9982E-05 0.169462 0.372567 9.9982E-05
0.346309 0.0994524 0.233764 0.165664 0.15481
0.329978 0.00517937 0.244727 0.420016 9.9991E-05
0.314024 9.9982E-05 0.247514 0.438262 9.9982E-05
0.307114 0.0316718 0.191512 0.140325 0.329377
0.212483 0.0731668 0.205991 0.18421 0.324149
0.277591 0.00364652 0.220336 0.314437 0.18399
0.378727 9.9991E-05 0.180966 0.337501 0.102706
0.201369 0.072234 0.198264 0.170278 0.357856
0.420771 9.9991E-05 0.181014 0.237185 0.160929
0.377043 9.9982E-05 0.0954697 0.527287 9.9982E-05
9.9991E-05 0.15092 0.157714 0.190913 0.500353
0.198354 9.9991E-05 0.21207 0.216418 0.373058
0.0119376 9.9991E-05 0.149261 0.331724 0.506977
9.9982E-05 9.9982E-05 0.249211 0.193341 0.557248
0.0181411 0.0615596 0.17529 0.203359 0.54165
0.130265 0.0402829 0.235587 0.100958 0.492906
9.9991E-05 0.0604098 0.180095 0.396272 0.363124
9.9982E-05 9.9982E-05 0.18995 0.242854 0.566996
9.9982E-05 9.9982E-05 0.26069 0.221827 0.517282
0.138857 0.0889933 0.250599 0.228118 0.293433
0.277927 0.128056 0.161803 0.143786 0.288428
9.9991E-05 0.112711 0.0918786 0.130632 0.664679
0.10003 0.053355 0.203128 0.162082 0.481405
0.149483 0.018533 0.158707 0.133076 0.540202
0.000814363 9.9991E-05 0.258703 0.311694 0.428689
0.0954158 9.9991E-05 0.143817 0.225666 0.535001
0.207666 9.9991E-05 0.252981 0.435794 0.103458
0.046604 0.050934 0.21664 0.147879 0.537944
0.173383 9.9991E-05 0.360427 0.282778 0.183312
0.0482653 0.15251 9.9982E-05 0.799025 9.9982E-05
0.00721301 0.837163 9.9991E-05 0.0267809 0.128744
9.9973E-05 0.989193 9.9973E-05 0.0105068 9.9973E-05
9.9973E-05 0.992779 9.9973E-05 0.00692087 9.9973E-05
9.9973E-05 0.972112 0.0275882 9.9973E-05 9.9973E-05
9.9973E-05 0.950189 0.0495113 9.9973E-05 9.9973E-05
9.9973E-05 0.924349 9.9973E-05 9.9973E-05 0.0753508
9.9973E-05 0.983065 9.9973E-05 0.0166348 9.9973E-05
9.9973E-05 0.792363 9.9973E-05 0.207337 9.9973E-05
9.9991E-05 0.0542159 0.0219675 0.912852 0.0108645
0.0203266 0.145523 0.00525202 0.799885 0.0290137
0.0295881 9.9991E-05 0.0382832 0.917274 0.0147545
0.0484891 0.118259 9.9991E-05 0.818693 0.0144593
9.9982E-05 0.0221955 9.9982E-05 0.926835 0.0507696
0.0260902 0.0783777 9.9982E-05 0.895332 9.9982E-05
9.9991E-05 0.109976 0.11723 0.708746 0.0639481
0.0115406 9.9991E-05 0.0415049 0.881447 0.0654074
0.0200682 0.133431 0.0675117 0.726541 0.0524484
9.9973E-05 9.9973E-05 0.0808173 0.918883 9.9973E-05
0.0291387 0.0209744 9.9982E-05 0.949687 9.9982E-05
9.9991E-05 0.0573197 0.0542823 0.850654 0.0376442
9.9973E-05 0.0354975 9.9973E-05 0.964203 9.9973E-05
0.0037534 9.9991E-05 0.0455575 0.89502 0.0555687
9.9991E-05 0.0332557 0.0525746 0.876846 0.0372237
9.9982E-05 9.9982E-05 0.0261117 0.878949 0.0947393
9.9982E-05 9.9982E-05 0.141992 0.772329 0.0854787
9.9982E-05 9.9982E-05 0.106014 0.802184 0.0916014
9.9982E-05 9.9982E-05 0.0827521 0.825841 0.0912069
0.265531 0.109557 0.0176904 0.192637 0.414585
0.0977528 0.0598208 9.9991E-05 0.0896918 0.752635
0.103364 0.0216063 0.0458211 0.18597 0.643238
0.673668 0.00191936 9.9991E-05 0.151342 0.17297
0.171308 0.134088 9.9991E-05 0.127586 0.566918
0.626525 9.9991E-05 0.0613051 0.221205 0.0908652
0.130441 9.9991E-05 0.0540019 0.143746 0.671711
0.272829 0.139398 9.9991E-05 0.107716 0.479958
0.249019 0.0500264 9.9991E-05 0.142338 0.558517
0.304414 0.0307854 9.9991E-05 0.0802294 0.584471
0.286384 0.0939243 9.9991E-05 0.0911582 0.528434
0.194758 9.9991E-05 0.00746537 0.0774424 0.720234
0.074527 0.14745 9.9991E-05 0.138853 0.63907
0.329155 0.528956 0.068679 9.9991E-05 0.0731106
0.812109 0.0693 9.9982E-05 0.118391 9.9982E-05
0.677257 0.0177059 0.0621351 0.114629 0.128273
0.0917167 0.0680256 0.0427124 0.17047 0.627075
0.208254 0.0457041 0.0393966 0.134213 0.572433
0.276687 9.9991E-05 0.0216246 0.170641 0.530947
0.217918 9.9991E-05 0.0828566 0.0888873 0.610238
0.129098 9.9991E-05 0.16392 0.193684 0.513198
9.9991E-05 0.0419439 0.180536 0.172464 0.604955
0.112046 0.16535 0.17593 0.422881 0.123794
0.0228936 0.0860062 0.0186612 0.239889 0.63255
9.9991E-05 0.128844 0.139228 0.246403 0.485424
0.338148 9.9982E-05 0.182576 0.479076 9.9982E-05
0.189631 9.9991E-05 0.118684 0.345089 0.346496
0.0717458 0.0708342 0.206236 0.364804 0.28638
9.9991E-05 0.143525 0.0584298 0.310803 0.487143
0.0370374 0.0965209 0.253373 0.127974 0.485094
0.0563817 0.00549314 0.135346 0.237997 0.564783
0.0452934 9.9991E-05 0.165326 0.20826 0.581021
0.130751 0.0747766 0.15797 0.213073 0.42343
9.9991E-05 0.00799523 0.158587 0.505826 0.327492
