0.0345882 0.921634 9.9991E-05 0.042937 0.000740944
9.9982E-05 0.93524 0.0376059 0.0269544 9.9982E-05
0.113326 0.841315 9.9982E-05 9.9982E-05 0.04516
0.0154671 0.790734 9.9991E-05 0.0955673 0.0981313
0.0592491 0.878956 9.9991E-05 0.0246888 0.0370061
0.0509277 0.633792 0.0805645 0.136477 0.098239
9.9991E-05 0.853933 0.0298025 0.0846547 0.0315099
9.999E-05 0.770102 0.0514769 0.137965 0.0403553
9.9982E-05 0.842314 0.108457 0.0490289 9.9982E-05
0.139524 0.688607 0.0567271 0.0288869 0.086255
0.0370217 0.793698 0.0511465 0.118034 9.9991E-05
0.285732 9.9991E-05 0.127063 0.497248 0.0898571
0.53498 0.0169168 0.037298 0.310354 0.100452
0.191235 0.00428234 0.182908 0.49278 0.128795
0.298211 0.0164557 0.0647794 0.39956 0.220994
0.380746 0.0885073 0.112707 0.225393 0.192647
0.639728 0.0394205 0.0494497 0.141965 0.129437
0.393017 9.9991E-05 0.254071 0.164407 0.188405
0.37521 0.155157 0.0739229 0.324812 0.0708985
0.0706994 0.0603768 0.207277 0.620283 0.0413637
0.395242 9.9991E-05 0.171507 0.288267 0.144884
0.444577 0.0208539 0.271668 0.176856 0.0860449
0.529421 0.023887 0.0532478 0.306432 0.0870125
0.34146 9.9991E-05 0.161867 0.335069 0.161504
0.647445 0.082796 0.0266937 0.12095 0.122115
0.572484 0.0598812 9.9991E-05 0.215057 0.152479
0.210699 0.0209597 0.0856414 0.576756 0.105944
0.145976 9.9991E-05 0.138669 0.485931 0.229324
0.211045 0.0126508 0.198183 0.499883 0.0782388
0.0783769 0.849252 9.9982E-05 9.9982E-05 0.0721711
0.132234 0.836322 9.9982E-05 9.9982E-05 0.0312443
0.140918 0.802863 9.9991E-05 0.0183358 0.0377826
0.176467 0.750076 9.9982E-05 9.9982E-05 0.0732573
0.642767 0.108437 0.132832 0.115864 9.9991E-05
0.528756 0.121939 0.109607 0.187494 0.0522038
0.777357 0.0257881 0.196655 9.9982E-05 9.9982E-05
0.206579 0.0724891 0.0699404 0.630383 0.0206093
0.498193 0.0125542 0.444907 0.0442458 9.9991E-05
0.711011 0.0778466 0.15094 0.0601026 9.9991E-05
0.797491 0.0948729 0.0833032 0.00416924 0.0201631
0.614459 0.149572 0.16187 0.0247322 0.0493665
0.716594 0.145109 0.0916995 0.0464974 9.9991E-05
0.299925 9.9982E-05 0.508215 0.19166 9.9982E-05
0.619702 0.0688455 0.15168 0.0596394 0.100134
0.64206 0.055295 0.198723 9.9991E-05 0.103822
0.662777 0.130025 0.0958124 0.0936005 0.017785
0.527054 9.9982E-05 0.456512 0.0162347 9.9982E-05
0.747195 0.0590744 0.149885 9.9991E-05 0.0437454
0.657183 0.157586 0.0707537 0.0895432 0.024934
0.0244536 0.0990608 0.850189 0.0261962 9.9991E-05
0.218008 9.9991E-05 0.308309 0.470707 0.00287663
0.060462 0.00833424 0.57182 0.249847 0.109536
0.512465 0.0965543 0.169667 0.0963618 0.124951
0.485903 0.0840312 0.0894266 0.0934924 0.247146
0.560469 0.038358 0.116108 0.0817572 0.203308
0.296095 0.124144 0.299698 0.279963 9.9991E-05
0.545824 9.9991E-05 0.0982359 0.271498 0.0843415
0.584644 0.115174 0.0417938 0.148505 0.109883
0.417399 0.121422 0.132156 0.309267 0.0197559
0.108552 0.226211 0.266247 0.3705 0.0284902
0.62026 0.052431 0.165749 0.0707788 0.0907814
0.482049 0.115601 0.0626825 0.29203 0.0476382
0.101828 0.0457092 0.275159 0.577204 9.9991E-05
0.542873 9.9991E-05 0.154398 0.22644 0.0761882
0.614533 0.0375642 0.167742 0.0655254 0.114635
0.601159 0.15407 0.0730974 0.161499 0.0101737
0.37453 0.0352028 0.223379 0.287541 0.0793471
0.517277 9.9991E-05 0.182377 0.174233 0.126012
0.535306 0.0501367 0.102458 0.202464 0.109636
0.277576 0.0495688 0.254953 0.417802 9.9991E-05
0.755738 9.9982E-05 0.156992 0.0870703 9.9982E-05
0.435904 9.9982E-05 0.338324 0.225573 9.9982E-05
0.633784 0.109208 0.196978 0.0355666 0.0244631
0.203977 9.9982E-05 0.758031 0.0377919 9.9982E-05
0.197953 9.9982E-05 0.704804 0.0970434 9.9982E-05
0.521656 9.9982E-05 0.477212 0.000932555 9.9982E-05
0.668739 9.9982E-05 0.211634 0.119427 9.9982E-05
0.690716 0.117751 0.136542 0.020138 0.0348531
0.576783 0.0190547 0.284355 0.0842184 0.035589
0.37161 0.0429027 0.344176 0.241211 9.9991E-05
0.425363 0.0157065 0.189768 0.369063 9.9991E-05
0.62198 0.12168 0.136931 0.0580044 0.0614046
0.533473 9.9982E-05 0.315749 0.150578 9.9982E-05
0.620862 0.0711617 0.293464 0.0144116 9.9991E-05
0.6018 0.0118736 0.386126 9.9982E-05 9.9982E-05
0.180601 9.9982E-05 0.779503 0.0396961 9.9982E-05
0.720469 0.0289655 0.0753539 0.148959 0.0262527
0.0668789 0.793178 9.9991E-05 0.0963185 0.0435249
0.0809424 0.907872 9.9982E-05 9.9982E-05 0.0109858
0.0660396 0.875884 9.9982E-05 9.9982E-05 0.0578762
0.074047 0.921637 9.9982E-05 9.9982E-05 0.00411603
0.0853119 0.914388 9.9973E-05 9.9973E-05 9.9973E-05
0.0559297 0.934624 9.9982E-05 9.9982E-05 0.00924653
0.0650669 0.934633 9.9973E-05 9.9973E-05 9.9973E-05
0.568816 0.0911377 0.152445 0.088117 0.0994847
0.518262 0.128007 0.135291 0.131002 0.087437
0.206232 9.9982E-05 0.591882 0.201687 9.9982E-05
0.558976 0.0735152 0.183492 0.070936 0.113081
0.59353 0.0132862 0.206657 0.186427 9.9991E-05
0.766307 0.0243553 0.183941 0.025297 9.9991E-05
0.660371 0.142205 0.197224 9.9982E-05 9.9982E-05
0.633189 9.9987E-05 0.307433 9.9987E-05 0.0591784
0.12597 0.0219777 0.550982 0.30097 9.9991E-05
0.660284 0.0966415 0.101901 0.113281 0.0278923
0.766517 0.11624 0.0728653 0.0313034 0.0130743
0.61638 0.123825 0.119379 0.0448289 0.095587
0.451399 9.9982E-05 0.541224 0.00717778 9.9982E-05
0.637634 0.0290313 0.322004 0.0112306 9.9991E-05
0.618462 0.03933 0.210923 0.124293 0.00699201
0.574345 9.9991E-05 0.382169 0.00914966 0.0342354
0.595857 0.0745658 0.239279 0.0901984 9.9991E-05
0.651913 0.19092 0.0913718 0.0472945 0.0185012
0.218295 0.0216934 0.254141 0.423901 0.0819687
0.452625 0.118501 0.0484565 0.293752 0.0866656
0.545209 0.12029 0.0491031 0.213462 0.0719357
0.667154 0.0993729 0.160525 9.9991E-05 0.072848
0.52835 0.00606122 0.0383676 0.427121 9.9991E-05
0.573062 9.9991E-05 0.0709523 0.243315 0.112571
0.487195 0.00318383 0.0127751 0.414728 0.0821184
0.543392 0.13232 0.122962 0.141002 0.0603242
0.601888 0.0978976 0.0642552 0.163366 0.0725936
0.697474 0.0595044 0.0609932 0.181928 9.9991E-05
0.574411 9.9973E-05 9.9973E-05 0.425289 9.9973E-05
0.622499 0.0431815 0.122322 0.124702 0.0872953
0.545676 0.132555 0.132356 0.0320536 0.15736
0.586479 9.9982E-05 9.9982E-05 0.288941 0.12438
0.512031 0.056717 0.0659298 0.256843 0.10848
0.602996 0.0178918 0.114727 0.151091 0.113293
0.357224 0.116888 0.12972 0.312351 0.0838175
0.542877 9.9991E-05 0.0289182 0.257959 0.170146
0.616425 9.9991E-05 0.0115325 0.248014 0.123929
0.228828 0.0397361 0.208475 0.408552 0.11441
0.132266 9.9991E-05 0.449173 0.301198 0.117264
0.666336 0.0628572 0.0908681 0.161151 0.0187869
0.0876791 9.9991E-05 0.494534 0.310102 0.107585
0.365399 0.0387097 0.164343 0.431448 9.9991E-05
0.489345 0.0239322 0.168125 0.318498 9.9991E-05
0.411053 0.00472975 0.0791738 0.504943 9.9991E-05
0.36255 0.024916 0.122549 0.478271 0.011714
0.731539 0.0593555 0.0460487 0.132623 0.0304343
0.607638 0.116082 0.0543272 0.134981 0.0869721
0.488246 0.0880264 0.027651 0.282329 0.113748
0.0824016 9.9991E-05 0.407259 0.369495 0.140745
0.613161 0.0945758 0.12092 0.0324844 0.138859
0.509772 0.087555 0.285168 0.0307236 0.0867814
0.0660509 0.193008 0.627751 0.11309 9.9991E-05
0.638926 0.0750804 0.184447 9.9991E-05 0.101446
0.336337 0.0976404 0.462678 0.021515 0.08183
0.52529 0.0655209 0.216516 0.0421698 0.150503
0.28231 0.149893 0.431249 0.116619 0.0199279
0.257646 0.134767 0.466292 0.141194 9.9991E-05
0.528405 0.0608601 0.308252 0.102384 9.9991E-05
0.435859 0.110332 0.211279 0.0940829 0.148447
0.482527 0.194127 0.18161 0.0926346 0.0491012
9.9991E-05 0.0757207 0.628161 0.0976219 0.198396
0.48709 0.210978 0.083507 0.134968 0.0834567
0.466412 9.9982E-05 0.402756 0.130632 9.9982E-05
0.412669 0.0191135 0.345578 0.151822 0.0708186
0.646929 0.0713377 0.122717 0.0764337 0.0825829
0.191332 0.4017 0.153856 9.9991E-05 0.253012
9.9982E-05 0.612018 0.226804 9.9982E-05 0.160978
9.9982E-05 0.522076 0.339452 9.9982E-05 0.138272
0.0705535 0.400858 0.110712 0.0800176 0.337859
0.636306 9.9991E-05 0.242611 0.0210154 0.0999674
0.666752 0.0490116 0.143984 0.0966786 0.0435736
0.277473 9.9982E-05 9.9982E-05 0.00921703 0.71311
0.344386 0.0439729 9.9991E-05 0.170169 0.441372
0.34239 0.105928 9.9991E-05 0.0962176 0.455364
0.389257 0.0201648 0.529669 9.9991E-05 0.0608092
0.679828 0.0632304 0.139262 0.0495614 0.0681179
0.21175 0.00866902 0.684479 0.0106357 0.0844658
0.572835 0.074344 0.307691 9.9991E-05 0.0450301
0.540965 0.0527203 0.358153 9.9991E-05 0.0480622
0.533514 0.0941871 0.252416 9.9991E-05 0.119783
0.243717 0.0103866 0.696893 0.0489038 9.9991E-05
0.6232 0.122189 0.0995273 0.0428117 0.112271
0.612064 0.0767283 0.163971 0.0906115 0.0566248
9.9973E-05 9.9973E-05 0.0169019 9.9973E-05 0.982798
0.0663007 9.9982E-05 9.9982E-05 0.00342131 0.930078
0.263267 0.0552566 9.9991E-05 0.0568408 0.624535
0.273122 0.0512386 9.9991E-05 0.0308245 0.644715
0.190377 0.0269411 9.9982E-05 9.9982E-05 0.782481
9.997E-05 9.997E-05 9.997E-05 9.997E-05 0.9996
9.9973E-05 9.9973E-05 9.9973E-05 0.0280748 0.971625
0.12497 9.9973E-05 9.9973E-05 9.9973E-05 0.87473
9.9973E-05 9.9973E-05 9.9973E-05 0.00422825 0.995472
9.997E-05 9.997E-05 9.997E-05 9.997E-05 0.9996
9.997E-05 9.997E-05 9.997E-05 9.997E-05 0.9996
0.152556 9.9982E-05 9.9982E-05 0.025742 0.821502
0.0528602 0.0173749 9.9991E-05 0.0727415 0.856923
0.0193725 0.00281082 9.9982E-05 9.9982E-05 0.977617
0.353817 0.0915016 0.0149253 0.0724404 0.467316
0.192201 0.111239 9.9991E-05 0.0507234 0.645737
0.135937 9.9982E-05 9.9982E-05 0.0981639 0.765699
0.012521 0.0293024 9.9991E-05 0.0155453 0.942531
9.997E-05 9.997E-05 9.997E-05 9.997E-05 0.9996
0.020227 0.036678 9.9991E-05 0.0489544 0.894041
9.9973E-05 0.00348858 9.9973E-05 9.9973E-05 0.996211
0.268179 0.0929054 9.9991E-05 0.0196279 0.619188
0.03898 9.9982E-05 9.9982E-05 0.0241397 0.93668
9.9982E-05 0.439988 0.506825 9.9982E-05 0.0529869
0.333112 0.179744 0.189912 0.105898 0.191335
0.509356 0.286462 0.155145 9.9991E-05 0.0489372
0.143579 0.284864 0.414974 9.9991E-05 0.156482
0.511474 0.120781 0.166373 9.9991E-05 0.201271
0.130012 0.303582 0.413097 9.9991E-05 0.153209
0.484564 0.260393 0.140784 9.9991E-05 0.114159
0.270683 0.193556 0.290343 9.9991E-05 0.245318
0.453507 0.171454 0.246147 9.9991E-05 0.128792
0.31208 0.17993 0.260803 9.9991E-05 0.247087
0.51507 0.265128 0.0823672 0.106302 0.0311335
0.0509392 0.858197 0.00777509 0.0829884 9.9991E-05
9.9982E-05 0.915968 9.9982E-05 0.0221843 0.0616478
9.9973E-05 0.984509 9.9973E-05 0.0151913 9.9973E-05
0.0214899 0.96662 9.9982E-05 0.0116899 9.9982E-05
9.9982E-05 0.894487 9.9982E-05 0.0861263 0.0191864
9.9982E-05 0.938905 0.0218155 9.9982E-05 0.0390791
0.0434048 0.90877 9.9982E-05 9.9982E-05 0.0476257
9.9982E-05 0.898042 0.0936417 9.9982E-05 0.00811627
0.0700166 0.918556 9.9982E-05 9.9982E-05 0.0112274
9.9982E-05 0.889479 9.9982E-05 0.0156663 0.0946545
9.9982E-05 0.621962 0.116677 0.261161 9.9982E-05
9.9991E-05 0.612931 0.0228142 0.336005 0.0281496
9.9982E-05 0.54721 0.178429 0.274161 9.9982E-05
9.9982E-05 0.49105 0.153944 0.354805 9.9982E-05
0.587219 0.0210657 0.167033 0.199866 0.0248164
0.609954 0.0510093 0.134201 0.122161 0.082674
0.637577 0.0257967 0.0832202 0.209159 0.0442472
0.500706 0.00817372 0.206591 0.284429 9.9991E-05
0.246055 9.9991E-05 0.0671518 0.678527 0.00816592
0.652975 0.100107 0.116939 0.0402064 0.0897725
0.69395 0.0252393 0.152342 0.1228 0.00566795
0.617712 9.9991E-05 0.250765 0.0879934 0.0434297
0.546877 9.9982E-05 0.42317 9.9982E-05 0.0297531
0.542489 9.9991E-05 0.219735 0.113307 0.124369
0.55476 9.9982E-05 0.21585 0.22919 9.9982E-05
0.0568898 9.9982E-05 0.805849 0.137061 9.9982E-05
0.547189 0.121351 0.226736 0.0861722 0.0185523
0.377179 0.0426728 0.561905 0.0181431 9.9991E-05
0.683649 0.0303575 0.24216 0.0263182 0.0175161
0.271463 0.014508 0.427535 0.286394 9.9991E-05
0.0167116 0.166142 0.0944481 0.722599 9.9991E-05
0.034082 0.0954627 0.097975 0.77238 9.9991E-05
9.9982E-05 0.0648608 0.0582995 0.87664 9.9982E-05
9.9982E-05 0.142929 0.0316728 0.825198 9.9982E-05
9.9991E-05 0.0202071 0.0921099 0.82742 0.060163
0.0686117 0.0567196 9.9991E-05 0.800344 0.0742252
0.0957735 0.88609 9.9982E-05 9.9982E-05 0.0179368
0.0334851 0.839568 9.9991E-05 0.0808942 0.0459526
0.108922 0.791626 9.9982E-05 9.9982E-05 0.0992521
0.0291166 0.793287 9.9991E-05 0.0786552 0.0988411
0.0756601 0.821201 9.9991E-05 0.052621 0.0504183
9.9982E-05 0.376712 0.0445247 0.578564 9.9982E-05
9.9982E-05 0.47242 0.122644 0.404735 9.9982E-05
9.9982E-05 0.426939 0.0643253 0.508536 9.9982E-05
0.108544 0.838795 9.9991E-05 0.0268761 0.0256853
9.9982E-05 0.360448 0.0930168 0.546335 9.9982E-05
0.204328 0.212992 0.132973 0.00282299 0.446884
0.570631 0.0667107 0.029411 0.0323694 0.300877
0.423407 0.148242 9.9982E-05 9.9982E-05 0.428151
0.294188 0.240148 0.126529 0.0597887 0.279346
0.490318 0.197338 0.0749328 0.0514736 0.185938
9.9982E-05 0.482042 0.171751 9.9982E-05 0.346006
0.560131 9.9991E-05 0.163333 0.270779 0.00565627
0.426148 0.0460623 0.292225 0.232511 0.00305402
0.306423 0.107335 0.048649 0.490751 0.0468414
0.439032 9.9991E-05 0.306538 0.126575 0.127755
9.9973E-05 9.9973E-05 0.80705 0.19265 9.9973E-05
0.480821 0.152965 0.0823806 0.234726 0.0491072
0.501777 0.0613627 0.219743 0.145393 0.0717249
0.415996 0.0460185 0.173804 0.364082 9.9991E-05
0.519401 0.0769668 0.123497 0.151467 0.128668
0.146673 9.9991E-05 0.480129 0.37238 0.000716831
0.47513 0.0460288 0.28674 0.129021 0.0630802
0.558911 9.9991E-05 0.0695167 0.360481 0.0109906
0.456152 0.170666 0.12836 0.0360423 0.208779
0.389882 9.9991E-05 0.29318 0.226266 0.0905717
0.495798 0.0453169 0.170615 0.227132 0.0611378
0.562304 0.0289326 0.201192 0.0762949 0.131277
0.582153 0.0140826 0.170875 0.195748 0.0371426
0.657835 0.0929322 0.0722912 0.127798 0.0491437
0.606552 0.0709968 0.0956435 0.142871 0.0839361
0.568657 0.137723 0.048997 0.125301 0.119322
0.0941642 0.793643 9.9982E-05 9.9982E-05 0.111993
0.0753653 0.85191 0.0334869 9.9991E-05 0.0391382
0.0610716 0.816891 0.0371655 0.084772 9.9991E-05
0.0465951 0.848887 0.018831 0.0530697 0.0326173
0.132057 0.862276 9.9982E-05 9.9982E-05 0.00546728
0.104874 9.9991E-05 0.176158 0.628006 0.0908619
0.503465 0.103271 0.164888 0.135091 0.0932849
0.490935 0.253354 0.0699604 0.0172708 0.16848
0.669485 0.0379836 9.9991E-05 0.199959 0.0924726
0.523934 0.098129 0.046544 0.331293 9.9991E-05
0.220672 9.9991E-05 0.312888 0.341561 0.124779
9.9982E-05 0.163911 0.201539 0.63435 9.9982E-05
0.487929 0.0670749 0.0483814 0.357988 0.038626
0.103654 0.0191608 0.212934 0.558966 0.105285
0.363953 0.0663183 0.249997 0.23424 0.085492
0.116417 0.136364 0.188614 0.530169 0.0284365
0.578764 0.0768728 0.00318124 0.256908 0.084274
0.189162 0.0805865 0.120454 0.568491 0.0413068
0.310205 0.00111449 0.225555 0.333212 0.129913
0.48527 0.0109905 0.250526 0.119355 0.133859
0.309435 0.058229 0.445262 0.135099 0.0519741
0.651922 0.133855 0.182357 0.0128235 0.0190434
0.540069 0.133566 0.172053 0.0564685 0.0978434
0.359722 0.0336321 0.461311 0.145235 9.9991E-05
0.507855 0.0579133 0.241999 0.0855101 0.106722
0.610327 0.157662 0.231811 9.9982E-05 9.9982E-05
0.148439 9.9982E-05 0.743206 0.108156 9.9982E-05
0.325694 0.041367 0.632739 9.9982E-05 9.9982E-05
0.544436 0.0643765 0.300758 0.0551803 0.0352489
0.24507 0.0548592 0.568526 0.131445 9.9991E-05
0.558326 0.0210896 0.285154 0.13533 9.9991E-05
0.145416 9.9991E-05 0.17208 0.650884 0.0315213
0.306041 9.9991E-05 0.331077 0.31409 0.0486926
0.40145 9.9991E-05 0.0177106 0.493893 0.0868458
0.640679 0.0302263 0.0190261 0.207461 0.102608
0.275853 9.9982E-05 0.11681 0.607137 9.9982E-05
0.503359 0.0523924 0.154649 0.196968 0.0926322
0.487195 0.0479423 0.0634782 0.224135 0.17725
0.493232 0.0275036 0.160677 0.23407 0.0845175
0.455186 0.0207841 0.0253972 0.328709 0.169924
0.442189 0.0935694 0.102791 0.304423 0.0570279
0.247818 9.9991E-05 0.0835679 0.563085 0.105429
0.295448 9.9991E-05 0.0219984 0.551066 0.131388
0.619644 9.9991E-05 0.11345 0.208939 0.0578665
0.540986 9.9991E-05 0.135885 0.204296 0.118732
0.474027 0.0978857 0.204127 0.22386 9.9991E-05
0.512318 9.9991E-05 0.0920894 0.271089 0.124403
0.385612 0.0575752 0.0292671 0.449488 0.0780576
0.681299 0.0707621 9.9991E-05 0.240296 0.00754278
0.572955 0.0228626 0.0769022 0.223771 0.103509
0.398013 0.0155603 0.0497562 0.304488 0.232182
0.392727 0.385921 0.0237513 0.0503047 0.147296
0.414093 0.134329 0.134993 0.0179138 0.298671
0.529866 0.175993 0.0970773 9.9991E-05 0.196964
0.523534 0.095693 0.102892 0.046578 0.231303
0.455295 0.204725 0.127209 0.00412976 0.208641
0.484576 9.9991E-05 0.280154 0.197881 0.0372883
0.49194 0.133116 9.9991E-05 0.105676 0.269168
9.9982E-05 0.27071 0.511696 9.9982E-05 0.217394
0.513328 0.110864 9.9991E-05 0.164669 0.211039
0.550132 0.198434 0.0641367 9.9991E-05 0.187197
0.503379 0.0378636 0.107003 0.0893145 0.26244
0.303015 0.175811 0.180781 0.123113 0.21728
0.502241 0.241442 0.0104824 0.0400081 0.205826
0.473497 0.161715 0.0573851 0.0377726 0.26963
9.9982E-05 0.512104 0.29792 9.9982E-05 0.189776
0.484492 0.198394 9.9991E-05 0.0309502 0.286064
0.421833 0.153332 0.139988 9.9991E-05 0.284748
0.541604 0.0991019 0.0994468 0.0190506 0.240797
0.505596 0.256746 0.0255952 0.0290297 0.183033
0.47734 0.161668 0.148309 0.0157316 0.196951
0.486854 0.0788307 0.337551 9.9991E-05 0.0966643
0.546042 0.053867 0.201108 0.0674894 0.131494
0.101541 9.9991E-05 0.75606 0.124783 0.0175156
0.0990981 0.00845985 0.78925 0.10254 0.000651846
0.529855 0.0613311 0.227396 0.0513411 0.130076
0.338073 0.116645 0.0403713 0.126672 0.378238
0.330767 0.0909415 0.175302 9.9991E-05 0.40289
0.138869 0.2224 0.297822 9.9991E-05 0.340809
0.412318 0.233114 0.0697492 0.0252729 0.259546
0.0691574 0.0848874 0.63898 9.9991E-05 0.206875
0.199645 0.0951988 0.546644 9.9991E-05 0.158412
0.479114 9.9991E-05 0.228957 0.0643253 0.227504
0.463523 0.0685657 0.28944 0.0352322 0.143239
0.247733 0.0988397 0.503293 0.0103049 0.13983
0.549404 0.0358082 0.182669 0.0600342 0.172085
0.575772 0.049061 0.220643 9.9991E-05 0.154424
0.536954 0.09474 0.161633 0.0935448 0.113127
0.469251 9.9982E-05 0.383354 0.147195 9.9982E-05
0.356493 0.00467663 0.476885 0.0690038 0.0929421
0.581711 0.0766711 0.297258 0.0249809 0.0193782
0.387721 0.0409276 0.31154 0.148355 0.111456
0.269958 0.0439332 0.27125 0.138563 0.276295
0.552297 0.011907 0.422683 9.9991E-05 0.0130125
0.317283 0.00638806 0.560126 0.106324 0.00987993
0.681947 0.0671714 0.215522 9.9991E-05 0.0352598
0.29881 9.9991E-05 0.618155 0.0430022 0.0399331
0.419856 0.0819868 0.389982 0.0398973 0.0682781
0.608048 0.0993488 0.179432 0.0430349 0.0701361
0.531248 9.9991E-05 0.331565 0.0614355 0.0756511
0.424888 0.170375 0.138812 0.021489 0.244436
0.355349 0.0843417 0.315062 0.0587548 0.186493
0.343035 0.138195 0.184969 0.0625658 0.271235
0.277056 0.151903 0.117135 0.160546 0.29336
0.473105 0.241965 0.0667019 0.0338577 0.184371
0.434618 0.161492 0.235189 9.9991E-05 0.168601
9.9991E-05 0.201378 0.56125 0.029144 0.208128
0.652096 0.110868 0.00295452 0.0365726 0.197509
9.9982E-05 0.406704 0.404373 9.9982E-05 0.188724
0.460765 0.0570585 0.212289 0.0305292 0.239358
0.237516 9.9982E-05 0.747471 0.0148134 9.9982E-05
0.0434102 0.0127665 0.900483 0.0432401 9.9991E-05
0.517056 9.9991E-05 0.3658 0.0539347 0.0631101
0.677801 9.9982E-05 0.272439 9.9982E-05 0.0495604
0.484247 9.9991E-05 0.490492 0.0123059 0.012855
0.573797 9.9991E-05 0.313827 0.0653695 0.0469057
0.61026 9.9982E-05 0.327154 9.9982E-05 0.0623869
0.0726132 0.804146 0.0680641 9.9991E-05 0.0550763
9.9991E-05 0.729703 0.0880231 0.0902993 0.0918746
9.9982E-05 0.910484 9.9982E-05 0.0435005 0.0458159
0.0483295 0.951371 9.9973E-05 9.9973E-05 9.9973E-05
0.581986 0.00386261 0.259452 0.0587313 0.0959682
0.651575 0.0975767 0.172067 0.0523775 0.0264037
0.685955 9.9982E-05 0.270895 0.0429499 9.9982E-05
0.693616 0.139701 0.0506291 0.0681194 0.0479342
0.625882 0.102451 0.119896 0.118614 0.0331581
0.419362 9.9982E-05 0.401153 0.179285 9.9982E-05
0.73847 0.0179808 0.180637 9.9991E-05 0.0628121
0.454746 9.9973E-05 0.544954 9.9973E-05 9.9973E-05
0.501682 0.305091 9.9991E-05 0.00560441 0.187523
0.568358 9.9991E-05 0.342941 0.0559384 0.0326621
0.500865 0.0230489 0.287183 0.188803 9.9991E-05
0.698387 9.9982E-05 0.235941 0.0654721 9.9982E-05
0.495053 9.9982E-05 0.342664 0.162083 9.9982E-05
0.745173 0.00656173 0.248065 9.9982E-05 9.9982E-05
0.770485 0.0880234 0.141292 9.9982E-05 9.9982E-05
0.324037 9.9973E-05 0.675663 9.9973E-05 9.9973E-05
0.49586 9.9982E-05 0.480017 0.0239227 9.9982E-05
0.507908 9.9982E-05 0.398653 0.0932386 9.9982E-05
0.0509455 9.9973E-05 0.948755 9.9973E-05 9.9973E-05
0.584651 0.022897 0.226691 0.14679 0.01897
0.311823 9.9982E-05 0.671994 0.0159828 9.9982E-05
0.0849474 9.9982E-05 0.892114 0.0227389 9.9982E-05
0.709966 0.0700554 0.150849 0.0569621 0.0121681
0.418899 0.000552183 0.460234 0.120215 9.9991E-05
0.613585 0.0349379 0.20029 0.105492 0.0456955
0.737508 0.127197 0.0662803 0.0469028 0.0221121
0.7502 0.0106098 0.168111 0.0709796 9.9991E-05
0.269368 9.9991E-05 0.28698 0.283724 0.159829
0.686821 9.9991E-05 0.251522 0.0442344 0.0173227
0.650298 0.0193549 0.183182 0.139548 0.00761657
0.497566 9.9973E-05 0.502134 9.9973E-05 9.9973E-05
0.572301 0.106349 0.215582 0.0319436 0.0738243
9.9982E-05 0.677709 0.0239123 0.298178 9.9982E-05
0.0837764 0.79411 0.0667621 0.0552516 9.9991E-05
9.9982E-05 0.817236 0.0484425 0.134122 9.9982E-05
9.9982E-05 0.832833 0.0238336 0.143133 9.9982E-05
0.0365945 0.750429 9.9982E-05 0.212777 9.9982E-05
0.382679 0.00885024 0.373582 0.234789 9.9991E-05
0.330965 0.000325165 0.525859 0.142751 9.9991E-05
0.388776 9.9973E-05 0.610924 9.9973E-05 9.9973E-05
0.616926 0.124442 0.140158 0.00786999 0.110604
0.564672 0.136365 0.193374 9.9991E-05 0.105489
0.464754 0.0236128 0.501371 9.9991E-05 0.0101621
0.686469 9.9982E-05 0.244416 9.9982E-05 0.0689156
0.557574 9.9982E-05 0.419642 9.9982E-05 0.0225838
0.681232 0.0149763 0.204677 0.0990153 9.9991E-05
0.691518 9.9991E-05 0.182435 0.0284799 0.0974675
0.40825 9.9982E-05 0.408522 0.183028 9.9982E-05
0.54369 9.9982E-05 0.265899 0.190211 9.9982E-05
0.535436 9.9982E-05 0.323211 0.141153 9.9982E-05
0.675994 0.163349 0.120364 0.0401933 9.9991E-05
0.547764 0.045875 0.291441 0.11482 9.9991E-05
0.66867 0.0619821 0.216238 0.05301 9.9991E-05
0.284582 0.0759488 0.0845203 0.0763752 0.478574
0.304853 0.162963 0.0704191 9.9991E-05 0.461664
0.430584 0.072737 0.00591292 9.9991E-05 0.490667
0.284615 0.158452 0.0748079 9.9991E-05 0.482025
0.439264 0.176937 9.9991E-05 0.00250139 0.381198
0.537429 0.0747968 0.324895 9.9991E-05 0.0627789
0.013808 0.262955 0.00651988 0.0151423 0.701575
0.365113 0.123175 0.0294587 9.9991E-05 0.482154
0.42751 0.224477 0.133771 9.9991E-05 0.214141
0.699904 0.21591 0.0839864 9.9982E-05 9.9982E-05
0.463005 0.129261 0.234397 0.122279 0.0510578
0.606167 0.127907 0.109691 0.102862 0.0533729
0.609744 0.144884 0.165835 0.0679042 0.0116331
0.272771 0.174997 9.9982E-05 9.9982E-05 0.552033
0.339844 0.06477 0.0561598 0.106134 0.433092
0.376895 0.0342855 9.9982E-05 9.9982E-05 0.58862
0.443834 0.163542 0.0027987 0.0660044 0.323821
0.197476 0.133452 0.0860356 0.0187911 0.564245
0.351507 0.1758 0.143256 9.9991E-05 0.329338
0.253658 0.106782 0.0611843 9.9991E-05 0.578276
0.339333 0.0782828 0.0175525 0.114696 0.450136
0.601164 0.122301 0.243762 9.9991E-05 0.0326736
0.3429 0.244607 9.9991E-05 0.105251 0.307142
0.18221 0.132819 0.000487606 9.9991E-05 0.684383
0.251886 0.119133 0.13553 0.0929629 0.400488
0.273585 0.198418 0.24005 0.287847 9.9991E-05
0.606082 0.000994924 0.182246 0.0769537 0.133724
0.401855 0.174609 0.0698057 0.0285614 0.325169
0.697256 0.218565 0.0243977 0.0343298 0.0254513
0.525395 0.219894 0.153598 0.101014 9.9991E-05
0.346537 0.224277 0.093313 0.105948 0.229925
0.318537 0.245623 0.0471722 0.077395 0.311273
0.592922 0.0735373 0.179755 0.00505854 0.148727
0.441011 0.178497 0.0189989 9.9991E-05 0.361394
0.321266 0.0957945 0.0121742 9.9991E-05 0.570665
0.0747874 0.187465 0.0316308 0.040555 0.665562
0.64155 0.106013 0.133509 9.9991E-05 0.118827
0.575592 0.181501 0.159272 0.0835347 9.9991E-05
0.156862 0.161675 0.579554 9.9991E-05 0.101808
0.596198 0.155982 0.0823164 0.0419305 0.123573
0.345746 0.138694 0.174983 0.261246 0.0793298
0.47773 0.217883 0.110205 9.9991E-05 0.194082
0.517791 0.202831 0.120335 0.0520898 0.106953
9.9982E-05 0.327916 0.442545 9.9982E-05 0.229339
9.9982E-05 0.378291 0.458286 9.9982E-05 0.163223
0.247117 0.202074 0.367521 0.0412947 0.141993
0.0346013 0.399966 0.332764 0.0215188 0.211149
9.9982E-05 0.496531 0.259775 9.9982E-05 0.243494
0.378935 0.156058 0.261426 0.0167015 0.18688
0.347066 0.312132 0.162051 0.0216016 0.157149
0.167023 0.325693 0.32955 9.9991E-05 0.177634
0.0170889 0.319211 0.373654 9.9991E-05 0.289946
0.475893 0.145099 0.15938 0.0478069 0.171821
0.122758 0.272533 0.446182 9.9991E-05 0.158427
9.9982E-05 0.512129 0.41326 9.9982E-05 0.074411
0.551535 0.123603 0.059801 0.0726272 0.192433
0.242637 0.147963 0.0844476 0.186616 0.338336
0.482848 0.333062 0.0190472 0.00825253 0.15679
0.512598 0.201103 9.9982E-05 9.9982E-05 0.286099
0.39136 0.18647 0.0956983 0.0436983 0.282774
0.48429 0.194652 0.0334097 0.0435158 0.244132
0.371073 0.378792 9.9982E-05 9.9982E-05 0.249935
0.503556 0.185675 9.9991E-05 0.0509599 0.259709
0.480909 0.242065 9.9982E-05 9.9982E-05 0.276826
0.286749 0.277241 0.174247 0.00520035 0.256563
0.371438 0.181794 0.159522 0.175619 0.111627
0.566191 0.198836 9.9991E-05 0.10707 0.127803
0.532127 0.21128 0.0188931 0.0410773 0.196623
0.569601 0.100308 0.143318 9.9991E-05 0.186673
0.307747 0.342934 0.0529482 0.0244351 0.271935
0.501123 0.209614 0.00413651 0.0950855 0.190041
0.16215 0.407307 0.190008 9.9991E-05 0.240435
0.506601 0.144589 0.0427093 0.0698669 0.236234
0.158645 0.264978 0.202638 9.9991E-05 0.373638
0.0448909 0.794835 0.0325221 0.127652 9.9991E-05
0.111001 0.0766839 9.9991E-05 0.797679 0.0145357
9.997E-05 9.997E-05 9.997E-05 0.9996 9.997E-05
9.9973E-05 0.0545716 9.9973E-05 0.945128 9.9973E-05
9.9973E-05 9.9973E-05 9.9973E-05 0.988037 0.0116635
0.021979 9.9982E-05 9.9982E-05 0.934584 0.043237
0.091629 9.9973E-05 9.9973E-05 0.908071 9.9973E-05
9.9973E-05 0.0385804 9.9973E-05 0.96112 9.9973E-05
9.9973E-05 0.20641 9.9973E-05 0.79329 9.9973E-05
0.0282465 0.924742 0.0204397 0.0264722 9.9991E-05
0.0358067 0.846509 9.9982E-05 0.117485 9.9982E-05
0.0213758 0.87168 0.00503818 0.0410302 0.0608755
0.0606878 0.826908 0.0136613 0.0986433 9.9991E-05
0.00714117 0.873972 9.9991E-05 0.0833971 0.0353901
9.9991E-05 0.940983 0.0341647 0.0136604 0.0110915
0.0295198 0.742958 9.9991E-05 0.0996781 0.127745
0.0504098 0.888168 9.9982E-05 9.9982E-05 0.0612226
0.127677 0.736849 9.9991E-05 0.0684407 0.0669325
9.9973E-05 0.922549 9.9973E-05 9.9973E-05 0.0771506
9.9973E-05 0.955363 9.9973E-05 0.0443373 9.9973E-05
0.0319738 0.845474 9.9991E-05 0.0902371 0.0322149
0.00346946 0.953167 9.9991E-05 0.0423913 0.000872361
0.0780497 0.92165 9.9973E-05 9.9973E-05 9.9973E-05
0.096966 0.879358 9.9982E-05 9.9982E-05 0.0234763
0.0999431 0.841015 9.9982E-05 9.9982E-05 0.0588417
0.0464662 0.779281 9.9991E-05 0.00488099 0.169272
0.1603 0.782837 9.9982E-05 9.9982E-05 0.0566632
0.125411 0.808121 9.9982E-05 9.9982E-05 0.0662683
0.511583 0.163802 0.244828 0.0637696 0.0160171
0.752268 0.115689 0.131844 9.9982E-05 9.9982E-05
0.607156 0.195022 0.117623 0.0228361 0.0573627
0.163711 0.107704 0.654252 0.0145356 0.0597978
0.527888 0.181751 0.151971 0.13829 9.9991E-05
0.132843 0.233436 0.613276 9.9991E-05 0.0203454
0.746047 0.15674 0.0622123 9.9991E-05 0.0349012
0.54243 0.111636 0.192442 0.153392 9.9991E-05
0.617495 0.125958 0.159556 0.0968912 9.9991E-05
0.619437 0.03407 0.274493 0.0566634 0.0153367
0.529936 0.118208 0.148707 0.20305 9.9991E-05
0.759243 0.119655 0.118344 0.00265791 9.9991E-05
0.65502 0.141248 0.0951158 0.0983335 0.0102827
0.0113484 9.9991E-05 0.359374 0.51585 0.113328
9.9982E-05 0.113943 0.801177 0.0846803 9.9982E-05
0.196323 0.130189 0.597876 0.0358641 0.0397486
0.656924 0.126007 0.112972 0.0180796 0.0860171
0.602189 0.172468 0.206772 9.9991E-05 0.0184701
0.581195 0.1751 0.23425 0.0024098 0.00704592
0.72503 0.097208 0.15652 9.9991E-05 0.0211415
0.527457 0.168863 0.122472 9.9991E-05 0.181109
0.671092 0.181364 9.9982E-05 9.9982E-05 0.147344
0.147345 0.41956 0.109615 0.166134 0.157346
0.67626 0.152519 0.110891 0.0333106 0.0270204
0.482335 0.209731 9.9991E-05 0.126758 0.181077
9.9982E-05 0.449323 0.351675 9.9982E-05 0.198802
0.353728 0.281765 0.136072 9.9991E-05 0.228336
0.258728 0.334526 0.128403 0.0667043 0.211639
0.428096 0.327099 9.9991E-05 0.149094 0.0956104
0.496288 0.100163 0.122547 0.0476442 0.233357
0.555299 0.248109 0.0166297 9.9991E-05 0.179862
0.584564 0.202061 0.0374306 9.9991E-05 0.175844
0.413476 0.194585 0.184964 9.9991E-05 0.206874
0.372036 0.486785 9.9982E-05 9.9982E-05 0.140979
