0.00222136 0.930095 0.020884 9.9991E-05 0.0466995
9.9982E-05 0.927126 9.9982E-05 0.0275333 0.0451412
0.0389724 0.801312 0.104807 9.9991E-05 0.0548085
0.086359 0.787099 0.020683 9.9991E-05 0.105759
0.0749876 0.860262 0.0338186 0.01583 0.0151016
0.0585019 0.63784 0.0641102 0.14537 0.0941769
9.9982E-05 0.844819 9.9982E-05 0.0846258 0.0703551
0.0361073 0.731085 9.9991E-05 0.0738395 0.158868
9.9982E-05 0.836152 9.9982E-05 0.0658428 0.097805
0.109376 0.692078 0.0652025 0.0957801 0.0375638
9.999E-05 0.742827 0.0202692 0.128356 0.108448
0.073017 9.9991E-05 0.300563 0.158085 0.468234
0.105465 0.0710601 0.509237 9.9991E-05 0.314138
0.108127 0.0146184 0.253962 0.163927 0.459364
0.18542 0.0738753 0.302003 0.0297499 0.408951
0.189573 0.0943127 0.393169 0.0582628 0.264683
0.14034 0.0289543 0.583822 0.0617748 0.185108
0.168891 9.9991E-05 0.484339 0.131924 0.214746
0.0933205 0.111513 0.371675 9.9991E-05 0.423392
0.105681 0.00198135 9.9991E-05 0.199151 0.693087
0.162641 9.9991E-05 0.389067 0.118629 0.329563
0.0863632 0.019182 0.487219 0.161779 0.245457
0.0385127 0.127713 0.589438 0.0516598 0.192676
0.149589 9.9991E-05 0.299711 0.135017 0.415583
0.136757 0.0287934 0.689996 9.9991E-05 0.144354
0.127478 0.0573045 0.546405 0.018322 0.250492
0.136782 0.000186427 0.229599 0.0985921 0.53484
0.180457 0.0175183 0.221946 0.0912061 0.488872
0.0416209 9.9991E-05 0.250751 0.238411 0.469116
0.0971146 0.838713 0.0639724 9.9982E-05 9.9982E-05
0.0441837 0.852828 0.102788 9.9982E-05 9.9982E-05
0.0495235 0.792334 0.157942 9.9982E-05 9.9982E-05
0.143505 0.749018 0.107277 9.9982E-05 9.9982E-05
9.9982E-05 9.9982E-05 0.709212 0.172552 0.118036
0.0946457 0.0494296 0.630873 0.173748 0.0513042
9.9991E-05 0.00150911 0.785106 0.180392 0.0328929
0.0892231 0.0753344 0.175446 0.0685158 0.59148
9.9991E-05 0.00384107 0.550457 0.388269 0.0573335
0.013723 0.106844 0.616908 0.103129 0.159396
0.12418 9.9991E-05 0.693055 0.174444 0.00822183
0.0171695 0.100799 0.621182 0.152794 0.108055
0.0956122 0.0974552 0.587495 0.104828 0.11461
9.9991E-05 0.00546733 0.312339 0.420812 0.261282
0.0819064 9.9991E-05 0.657339 0.236591 0.0240635
0.0700745 0.0875371 0.630502 0.185459 0.0264274
0.121957 0.167289 0.582481 0.111949 0.0163239
9.9973E-05 9.9973E-05 0.549284 0.450416 9.9973E-05
0.116357 0.0250408 0.716981 0.141522 9.9991E-05
0.135218 0.196015 0.576091 0.0925766 9.9991E-05
9.9991E-05 0.0749549 0.0244618 0.815154 0.0853291
9.9982E-05 9.9982E-05 0.277132 0.235066 0.487602
9.9991E-05 0.0766839 0.131088 0.590951 0.201177
0.0806441 0.0791447 0.542457 0.0784482 0.219306
0.112296 0.167681 0.56254 0.15609 0.00139237
0.146981 0.051472 0.509294 0.129671 0.162581
9.9991E-05 0.0612463 0.24488 0.289907 0.403867
0.0144295 0.0652016 0.581344 0.147573 0.191452
0.0658045 0.135015 0.682639 0.0551129 0.0614284
9.9991E-05 0.158181 0.43724 0.180396 0.224083
0.0828789 0.2011 0.0877256 0.274532 0.353763
0.128928 9.9991E-05 0.613467 0.0640072 0.193498
0.138281 0.0571414 0.428147 0.128104 0.248327
9.9991E-05 0.0307027 0.113251 0.319369 0.536577
0.0478379 9.9991E-05 0.579772 0.0950947 0.277195
0.156098 0.0218394 0.536263 0.284586 0.00121418
0.0462032 9.9991E-05 0.60384 0.215713 0.134144
0.0927818 0.0386116 0.300701 0.23859 0.329316
0.098704 0.0284191 0.510349 0.13119 0.231338
0.0107831 0.12596 0.688631 0.0156482 0.158977
9.9991E-05 0.0170932 0.272059 0.298492 0.412256
9.9982E-05 9.9982E-05 0.739797 0.213332 0.0466711
9.9982E-05 9.9982E-05 0.454508 0.293376 0.251916
0.0672589 0.114673 0.68109 0.0655895 0.0713893
9.9982E-05 9.9982E-05 0.223456 0.725425 0.0509195
9.9982E-05 9.9982E-05 0.174331 0.722689 0.102779
9.9982E-05 9.9982E-05 0.514119 0.439443 0.0462376
9.9991E-05 0.0199732 0.633989 0.228417 0.117521
9.9991E-05 0.206352 0.602137 0.14237 0.0490405
9.9991E-05 0.0417926 0.622133 0.251532 0.0844427
9.9991E-05 0.00826209 0.385917 0.264281 0.34144
9.9982E-05 9.9982E-05 0.416826 0.215607 0.367367
0.0357891 0.0945213 0.695299 0.135304 0.0390865
9.9982E-05 9.9982E-05 0.530063 0.316245 0.153493
9.9991E-05 0.01284 0.611187 0.212305 0.163569
9.9982E-05 9.9982E-05 0.594185 0.385723 0.0198921
0.00688257 9.9991E-05 0.137082 0.75571 0.100225
0.11049 0.00900112 0.576813 0.204694 0.0990013
0.0491122 0.801314 0.0571485 9.9991E-05 0.092325
9.9973E-05 0.898298 0.101402 9.9973E-05 9.9973E-05
0.0386578 0.870522 0.0906206 9.9982E-05 9.9982E-05
9.9973E-05 0.912371 0.0873292 9.9973E-05 9.9973E-05
0.0248936 0.875146 0.0997608 9.9982E-05 9.9982E-05
0.0241686 0.897918 0.0625541 9.9991E-05 0.0152588
0.00152035 0.948175 0.0501046 9.9982E-05 9.9982E-05
0.0213766 0.146036 0.644593 0.174205 0.013789
0.0970293 0.0456067 0.619997 0.152503 0.0848641
9.9982E-05 9.9982E-05 0.263563 0.511709 0.224528
0.085085 0.177992 0.594067 0.142756 9.9991E-05
9.9982E-05 9.9982E-05 0.582773 0.263343 0.153684
9.9982E-05 0.0807339 0.776033 0.143033 9.9982E-05
9.9982E-05 0.0317293 0.687723 0.280348 9.9982E-05
0.0304125 0.0193965 0.653598 0.296493 9.9991E-05
9.9982E-05 9.9982E-05 0.119134 0.5604 0.320266
0.0096893 0.139096 0.643601 0.158745 0.0488691
9.9991E-05 0.0899484 0.807903 0.0917694 0.010279
0.0936284 0.109118 0.589687 0.0693222 0.138245
9.9982E-05 0.00551591 0.49845 0.495834 9.9982E-05
0.0130719 0.00779241 0.676578 0.302458 9.9991E-05
9.9991E-05 0.0163538 0.702852 0.174604 0.10609
0.0823781 9.9991E-05 0.493154 0.39684 0.0275271
9.9991E-05 0.108475 0.599441 0.121465 0.17052
0.051102 0.120305 0.671395 0.146376 0.0108222
0.0736702 0.0734388 0.311604 0.251113 0.290174
0.0971006 0.0770427 0.421668 0.0503636 0.353826
0.191868 9.9982E-05 0.494442 9.9982E-05 0.313491
0.0676977 0.120612 0.641208 0.124902 0.0455791
9.9991E-05 0.0755095 0.524697 0.0823592 0.317334
0.00944951 0.0684314 0.625813 0.0459425 0.250364
0.0132562 0.0244819 0.57093 0.0253612 0.36597
0.0445705 0.141501 0.628 0.17076 0.0151682
0.00132502 0.095352 0.720094 0.0187237 0.164505
0.0200424 0.0905858 0.669412 0.0463089 0.173651
9.9982E-05 9.9982E-05 0.600678 0.025894 0.373228
0.179878 0.00903014 0.513512 0.128858 0.168722
0.20206 0.0519864 0.55262 0.0942433 0.0990912
0.0548327 9.9982E-05 0.696338 9.9982E-05 0.248629
0.0406484 0.100453 0.67404 0.0933654 0.0914932
0.196876 0.0251542 0.435749 0.147571 0.194651
9.9991E-05 0.128154 0.466972 0.176803 0.22797
0.179946 9.9991E-05 0.569154 0.0513225 0.199478
0.0863996 0.0316663 0.652238 0.109742 0.119955
0.160697 9.9991E-05 0.233453 0.158405 0.447345
0.0936573 9.9991E-05 0.142287 0.471562 0.292393
0.0396247 0.0521912 0.613317 0.0192486 0.275618
0.0285077 9.9991E-05 0.195355 0.460939 0.315098
0.0176315 0.0615518 0.35953 0.110369 0.450917
0.0112502 0.0202268 0.499874 0.141379 0.32727
9.9991E-05 0.0518917 0.430142 0.0835244 0.434342
0.0711703 0.00464077 0.32265 0.0683036 0.533235
0.122655 0.0578603 0.626494 0.0267134 0.166277
0.0478809 0.154207 0.592926 0.0938693 0.111117
0.00711491 0.083125 0.673757 0.00647742 0.229525
0.0682024 9.9991E-05 0.169609 0.396874 0.365215
0.0980657 0.187365 0.502846 0.11877 0.0929536
0.0709102 0.0753936 0.566873 0.27836 0.00846312
0.00077407 0.150678 0.0517521 0.632194 0.164603
0.020434 0.165502 0.654846 0.159117 9.9991E-05
0.0711711 0.0887028 0.360545 0.415966 0.0636154
0.0604982 0.145778 0.578908 0.108449 0.106367
0.00134112 0.140189 0.308707 0.533209 0.016554
9.9991E-05 0.157696 0.259404 0.425613 0.157187
0.0163213 0.0873876 0.493521 0.300281 0.102489
0.136233 0.102247 0.509763 0.116461 0.135295
0.0623011 0.150141 0.488396 0.201446 0.0977169
0.177727 0.0627701 0.0525485 0.586747 0.120208
0.138509 0.0537647 0.594699 0.161073 0.0519545
9.9982E-05 9.9982E-05 0.470168 0.425637 0.103995
0.00129495 0.0384144 0.56327 0.321823 0.075197
0.130528 0.111164 0.607297 0.128142 0.0228692
0.306475 0.300044 0.116366 0.235824 0.0412914
0.151196 0.594719 9.9982E-05 0.253884 9.9982E-05
0.164593 0.485306 9.9982E-05 0.349901 9.9982E-05
0.390345 0.353642 0.057022 0.0930052 0.105986
0.0289551 9.9982E-05 0.713627 0.257218 9.9982E-05
0.0398978 0.0463412 0.614678 0.264265 0.0348177
0.693329 9.9973E-05 0.306371 9.9973E-05 9.9973E-05
0.529413 9.9982E-05 0.234375 9.9982E-05 0.236012
0.470088 0.0419192 0.395891 9.9991E-05 0.0920015
0.0539191 0.0283216 0.381061 0.527282 0.00941678
0.150283 0.0573197 0.534231 0.258066 9.9991E-05
0.0573752 0.0301353 0.243882 0.668508 9.9991E-05
0.0800108 0.00737811 0.65184 0.260671 9.9991E-05
0.0697414 0.0701832 0.513223 0.346752 9.9991E-05
0.116742 0.0700366 0.536208 0.276913 9.9991E-05
0.0077088 0.0536334 0.274285 0.599015 0.0653577
0.131023 0.0613311 0.651961 0.136802 0.0188832
0.0842493 0.0715744 0.566241 0.264909 0.0130258
0.968558 9.9982E-05 0.0149083 0.0163334 9.9982E-05
0.901021 9.9982E-05 0.0733124 9.9982E-05 0.0254663
0.610298 0.00784863 0.220351 0.105388 0.0561144
0.655156 9.9982E-05 0.286877 9.9982E-05 0.0577674
0.851572 0.019035 0.0453319 0.0723268 0.0117345
0.9996 9.997E-05 9.997E-05 9.997E-05 9.997E-05
0.943798 0.00301417 9.9982E-05 9.9982E-05 0.0529878
0.879577 9.9973E-05 0.120123 9.9973E-05 9.9973E-05
0.947379 9.9973E-05 9.9973E-05 9.9973E-05 0.0523208
0.9996 9.997E-05 9.997E-05 9.997E-05 9.997E-05
0.9996 9.997E-05 9.997E-05 9.997E-05 9.997E-05
0.762016 0.0766563 0.153828 9.9991E-05 0.00740028
0.839431 0.0244309 0.111652 9.9991E-05 0.0243862
0.987181 9.9973E-05 9.9973E-05 9.9973E-05 0.0125187
0.4915 0.0167996 0.251254 0.134424 0.106023
0.756603 0.020121 0.157971 9.9991E-05 0.0652052
0.783607 0.00909252 0.180989 9.9991E-05 0.0262106
0.896607 0.0497199 0.0534729 9.9982E-05 9.9982E-05
0.9996 9.997E-05 9.997E-05 9.997E-05 9.997E-05
0.83314 9.9982E-05 0.147296 9.9982E-05 0.0193643
0.9996 9.997E-05 9.997E-05 9.997E-05 9.997E-05
0.64638 0.0554863 0.195499 9.9991E-05 0.102535
0.933502 0.0194775 0.0271321 0.00230099 0.0175871
0.052478 0.383213 9.9982E-05 0.564109 9.9982E-05
0.124936 0.178248 0.38281 0.207536 0.10647
0.0893284 0.257987 0.461118 0.191466 9.9991E-05
0.142734 0.270853 0.204056 0.382257 9.9991E-05
0.196287 0.120963 0.35397 0.328679 9.9991E-05
0.151382 0.287157 0.170115 0.391245 9.9991E-05
0.114056 0.121277 0.468253 0.24547 0.0509441
0.283267 0.151678 0.219517 0.345438 9.9991E-05
0.256728 0.161193 0.428987 0.152993 9.9991E-05
0.277881 0.16594 0.3888 0.167278 9.9991E-05
0.136392 0.158463 0.482387 0.222659 9.9991E-05
9.9991E-05 0.856507 0.0478885 0.0481992 0.0473055
0.0434556 0.925522 9.9982E-05 0.0308224 9.9982E-05
9.9973E-05 0.966828 9.9973E-05 9.9973E-05 0.0328721
0.000542269 0.921237 0.0639782 9.9991E-05 0.0141428
0.00133381 0.900345 0.0216207 9.9991E-05 0.0766008
0.0519858 0.920309 9.9982E-05 0.0275049 9.9982E-05
0.0595205 0.886477 0.0508506 9.9991E-05 0.00305182
9.9982E-05 0.868522 0.102432 0.0288464 9.9982E-05
9.9982E-05 0.935398 0.0427499 0.0216517 9.9982E-05
0.0970354 0.871416 9.9991E-05 0.00468934 0.0267591
0.0162786 0.591788 9.9991E-05 0.104661 0.287173
0.00819439 0.59083 9.9991E-05 0.00809037 0.392785
9.9982E-05 0.554775 9.9982E-05 0.140199 0.304826
9.9991E-05 0.468194 0.00723314 0.196167 0.328306
0.0511651 0.0641579 0.542965 0.124616 0.217096
9.9991E-05 0.0653786 0.6893 0.138233 0.106988
0.0389738 9.9991E-05 0.68964 0.0454963 0.22579
9.9991E-05 0.056967 0.468792 0.204861 0.269281
0.026488 9.9991E-05 0.231587 0.142783 0.599042
0.083219 0.085503 0.689496 0.141682 9.9991E-05
0.0527102 9.9991E-05 0.673856 0.206738 0.0665959
0.00376848 0.0256097 0.601252 0.293123 0.0762467
9.9982E-05 9.9982E-05 0.613625 0.373962 0.0122125
0.0527743 0.0288594 0.636136 0.0943493 0.187881
0.00619192 0.0133558 0.583315 0.161912 0.235225
9.9982E-05 9.9982E-05 0.100746 0.736092 0.162962
0.0686569 0.0710311 0.546097 0.118153 0.196062
9.9982E-05 9.9982E-05 0.421056 0.560697 0.0180464
0.0096828 0.0729458 0.61093 0.274788 0.0316533
9.9982E-05 9.9982E-05 0.254457 0.43651 0.308833
9.9982E-05 0.173828 9.9982E-05 0.10065 0.725321
0.0244729 0.0731411 0.00676819 0.113682 0.781936
9.9982E-05 0.0351529 9.9982E-05 0.137545 0.827103
9.9982E-05 0.105375 9.9982E-05 0.0608962 0.833529
0.0373833 9.9982E-05 9.9982E-05 0.156829 0.805588
0.0965424 0.0140673 0.0371124 0.0265446 0.825733
0.0251527 0.873762 0.100886 9.9982E-05 9.9982E-05
0.0263575 0.809478 0.0900572 9.9991E-05 0.0740073
0.0719741 0.770011 0.157815 9.9982E-05 9.9982E-05
0.0992306 0.762734 0.0159935 9.9991E-05 0.121942
0.047168 0.849785 0.0992857 9.9991E-05 0.00366083
9.9982E-05 0.383289 9.9982E-05 0.051946 0.564565
9.9982E-05 0.473391 9.9982E-05 0.0729266 0.453483
9.9991E-05 0.407902 0.0260377 0.0905641 0.475396
0.0507813 0.834746 0.0960083 9.9991E-05 0.0183646
0.0112426 0.348799 9.9991E-05 0.16919 0.470668
0.430031 0.240187 0.253997 0.0756848 9.9991E-05
0.21774 0.11108 0.548136 9.9991E-05 0.122945
0.354618 0.157563 0.487619 9.9982E-05 9.9982E-05
0.254049 0.308963 0.378423 0.0584649 9.9991E-05
0.247778 0.133778 0.432398 0.149927 0.0361179
0.336359 0.456433 9.9982E-05 0.207008 9.9982E-05
9.9982E-05 9.9982E-05 0.480489 0.121585 0.397726
0.0688524 0.0167726 0.384503 0.278733 0.251139
0.00788922 0.0900941 0.327108 9.9991E-05 0.574809
0.0667633 9.9991E-05 0.471677 0.319202 0.142258
9.9973E-05 9.9973E-05 9.9973E-05 0.826997 0.172703
0.111196 0.106965 0.537186 0.13067 0.113983
0.02433 9.9991E-05 0.615306 0.170537 0.189727
9.9991E-05 0.0430815 0.391307 0.12483 0.440682
0.103293 0.111745 0.5111 0.0499011 0.223961
9.9982E-05 9.9982E-05 0.204874 0.48619 0.308735
0.103194 0.0147207 0.508152 0.231155 0.142778
0.00291774 9.9991E-05 0.626358 0.0751872 0.295437
0.213056 0.110605 0.431552 0.0955707 0.149216
9.9982E-05 9.9982E-05 0.520992 0.23157 0.247238
0.0652519 0.0190232 0.485311 0.112059 0.318355
0.105338 9.9991E-05 0.598246 0.227392 0.0689232
0.0124453 0.0374383 0.569232 0.147015 0.23387
0.0615645 0.0640279 0.661242 0.05763 0.155536
0.090638 0.0994008 0.626683 0.0569556 0.126323
0.0171152 0.0719553 0.648894 0.132879 0.129156
0.0972999 0.803106 0.0993943 9.9982E-05 9.9982E-05
0.018467 0.859906 0.121427 9.9982E-05 9.9982E-05
9.9991E-05 0.832026 0.0803846 0.0182842 0.0692051
0.00965976 0.836555 0.0803017 0.0379354 0.0355482
0.042311 0.829771 0.127718 9.9982E-05 9.9982E-05
0.0513122 0.0200029 0.150965 0.11316 0.66456
0.0859471 0.121432 0.588003 0.155225 0.0493929
0.188263 0.190821 0.545952 0.0748638 9.9991E-05
0.103239 9.9982E-05 0.624338 9.9982E-05 0.272223
9.9991E-05 0.0824128 0.608404 0.0821226 0.226961
0.114066 9.9991E-05 0.29314 0.270512 0.322182
9.9991E-05 0.156999 0.0659537 0.202062 0.574885
0.0376283 0.00457509 0.575392 0.0674532 0.314951
0.0236654 0.074943 0.223636 0.176376 0.501379
0.0988667 0.00923408 0.475202 0.213577 0.20312
0.0148318 0.14891 0.168595 0.136915 0.530749
0.143468 0.175257 0.525007 9.9991E-05 0.156168
0.0532448 0.0684266 0.20112 0.103789 0.57342
0.151868 0.0206356 0.302715 0.172443 0.352337
0.0265919 0.158614 0.504692 0.153686 0.156415
0.0338249 0.0430382 0.3308 0.507473 0.0848637
0.0135349 0.159737 0.624539 0.0812121 0.120977
9.9982E-05 0.16495 0.666427 0.168422 9.9982E-05
9.9991E-05 0.0329758 0.440814 0.453604 0.0725065
0.0877216 0.0349356 0.579845 0.221201 0.0762971
9.9991E-05 0.120377 0.623505 0.250045 0.00597186
9.9982E-05 9.9982E-05 0.175613 0.772166 0.0520207
9.9982E-05 0.0224082 0.369402 0.60799 9.9982E-05
0.0418752 0.0379539 0.554166 0.311545 0.0544605
9.9991E-05 0.0193991 0.304185 0.564191 0.112125
9.9991E-05 0.0422931 0.559141 0.380646 0.0178196
9.9991E-05 0.0206115 0.196664 0.148132 0.634493
0.0266126 9.9991E-05 0.266086 0.409777 0.297424
0.112706 0.00219866 0.371513 0.0145665 0.499016
0.153592 9.9991E-05 0.61315 0.0307477 0.202409
9.9982E-05 9.9982E-05 0.312293 0.12755 0.559958
0.151408 0.0764419 0.385521 0.234223 0.152406
0.105238 0.0819662 0.550975 0.0193502 0.242471
0.153817 9.9991E-05 0.459471 0.0970688 0.289543
0.169447 9.9991E-05 0.409184 0.0602303 0.361039
0.102711 0.036523 0.477506 0.0211384 0.362122
0.0923104 9.9991E-05 0.301658 0.0744339 0.531498
0.0987906 9.9991E-05 0.336661 0.117159 0.44729
0.138676 9.9991E-05 0.580157 0.132994 0.148074
0.109407 0.0496502 0.548522 0.112922 0.179499
0.000789158 0.00936037 0.493353 0.144115 0.352382
0.110009 9.9991E-05 0.550216 0.130344 0.209331
0.0789286 0.103551 0.411097 0.0275515 0.378872
0.0391217 0.0689294 0.690672 0.00201588 0.199261
0.0912392 0.031515 0.557383 0.0539692 0.265894
0.1451 0.10947 0.608333 0.0432509 0.0938458
0.185394 0.380956 0.430276 9.9991E-05 0.00327365
0.256367 0.13313 0.505021 0.105382 9.9991E-05
0.161506 0.211829 0.528774 0.0789485 0.018943
0.110553 0.141253 0.646063 0.0704689 0.0316626
0.286283 0.203796 0.436793 0.0730284 9.9991E-05
0.0482333 9.9991E-05 0.541011 0.29424 0.116416
0.14488 0.148852 0.633237 0.0379482 0.0350833
0.14483 0.293797 0.0415196 0.519753 9.9991E-05
0.223962 0.098741 0.44877 0.0926681 0.135859
0.242084 0.092202 0.56034 0.047399 0.0579758
0.283273 0.0839153 0.395005 0.108712 0.129095
0.159972 0.203861 0.282945 0.243541 0.109681
0.133286 0.217362 0.589596 0.0596557 9.9991E-05
0.228128 0.138728 0.531006 0.102037 9.9991E-05
0.156344 0.501491 9.9982E-05 0.341965 9.9982E-05
0.272743 0.178834 0.488995 0.0312596 0.028168
0.307179 0.0894918 0.583036 0.0201939 9.9991E-05
0.159907 0.125466 0.542489 0.114178 0.0579596
0.23553 0.209948 0.554323 9.9982E-05 9.9982E-05
0.110556 0.206463 0.575232 0.0687863 0.0389617
0.0982744 9.9991E-05 0.536108 0.322929 0.0425891
0.147233 9.9991E-05 0.516872 0.186246 0.149549
0.000951571 9.9991E-05 0.110572 0.776777 0.1116
9.9982E-05 9.9982E-05 0.104087 0.845005 0.0507085
0.141389 0.039129 0.45446 0.292417 0.0726052
0.321164 0.152144 0.407822 0.100383 0.0184861
0.422747 0.0721982 0.306861 0.198093 9.9991E-05
0.382579 0.17016 0.143074 0.25599 0.048197
0.312143 0.197238 0.321802 0.168717 9.9991E-05
0.158725 0.0673696 0.0919352 0.68187 9.9991E-05
0.17256 0.10851 0.160808 0.558021 9.9991E-05
0.214785 9.9991E-05 0.489022 0.244794 0.0512989
0.132938 0.0459809 0.48564 0.335341 9.9991E-05
0.215549 0.0200321 0.197018 0.539832 0.0275689
0.227261 0.0357365 0.483859 0.176508 0.0766359
0.168139 9.9991E-05 0.52032 0.286112 0.0253281
0.184527 0.100715 0.514221 0.142866 0.0576712
9.9991E-05 0.0251417 0.461209 0.498407 0.0151424
0.076373 9.9991E-05 0.408449 0.413228 0.10185
0.122682 9.9982E-05 0.547939 0.329179 9.9982E-05
0.0847964 0.0430704 0.481969 0.283955 0.106209
0.140248 0.0977626 0.377426 0.326894 0.0576694
9.9982E-05 9.9982E-05 0.541273 0.430402 0.028125
0.054708 9.9991E-05 0.24174 0.598729 0.104722
0.0445567 0.0595324 0.700463 0.195348 9.9991E-05
9.9982E-05 9.9982E-05 0.354169 0.594764 0.0508662
0.0658473 0.0518825 0.491691 0.390479 9.9991E-05
0.010782 0.111091 0.603123 0.248168 0.0268362
0.0024903 0.0620521 0.59563 0.290953 0.0488737
0.225193 0.159862 0.554866 0.0220691 0.03801
0.200773 0.10729 0.481411 0.210426 9.9991E-05
0.309819 0.172049 0.325388 0.159449 0.033295
0.221926 0.230511 0.355929 0.140886 0.050748
0.188283 0.172926 0.364867 0.0737782 0.200146
0.206504 0.17912 0.453436 0.16084 9.9991E-05
0.190781 0.1877 9.9991E-05 0.615274 0.0061453
0.291176 0.0217865 0.53994 0.0900374 0.0570595
0.172459 0.377172 9.9982E-05 0.450169 9.9982E-05
0.262699 0.024146 0.496941 0.216114 9.9991E-05
9.9973E-05 9.9973E-05 0.24163 0.75807 9.9973E-05
9.9991E-05 0.0229818 0.0565193 0.882062 0.038337
0.0142935 9.9991E-05 0.642076 0.331852 0.0116783
0.0557539 9.9982E-05 0.686489 0.257557 9.9982E-05
9.9982E-05 9.9982E-05 0.537392 0.417052 0.0453559
0.0378964 9.9982E-05 0.650044 0.31186 9.9982E-05
0.0112377 9.9982E-05 0.656818 0.331745 9.9982E-05
0.0461517 0.826007 0.0523326 0.0745827 0.000925696
0.115646 0.714948 9.9991E-05 0.00202391 0.167283
0.0789621 0.904472 9.9982E-05 9.9982E-05 0.0163657
9.9973E-05 0.943 0.0566999 9.9973E-05 9.9973E-05
0.0666302 0.0188049 0.616173 0.209483 0.0889091
0.065922 0.0584314 0.593578 0.203891 0.0781784
9.9982E-05 9.9982E-05 0.724896 0.172278 0.102626
0.04431 0.10648 0.740985 0.0399236 0.0683017
0.0377903 0.0672561 0.539921 0.178925 0.176107
9.9991E-05 0.0115525 0.447113 0.277184 0.264051
0.0213901 0.0312428 0.775839 0.171428 9.9991E-05
9.9991E-05 0.0106478 0.511278 0.473604 0.00437081
0.275811 0.186064 0.454369 0.0509048 0.0328511
0.0708616 9.9991E-05 0.592214 0.275768 0.0610559
9.9982E-05 9.9982E-05 0.496664 0.236184 0.266952
0.00282938 9.9991E-05 0.735029 0.228132 0.0339089
9.9991E-05 0.00862386 0.583611 0.237875 0.16979
0.0227793 9.9991E-05 0.745413 0.193894 0.0378132
9.9991E-05 0.0699283 0.756118 0.107897 0.0659566
9.9973E-05 9.9973E-05 0.346482 0.653218 9.9973E-05
9.9982E-05 9.9982E-05 0.497206 0.419285 0.0833094
9.9982E-05 9.9982E-05 0.478515 0.392901 0.128384
9.9973E-05 9.9973E-05 0.12781 0.87189 9.9973E-05
9.9991E-05 0.00537263 0.64148 0.175037 0.178011
9.9982E-05 9.9982E-05 0.287742 0.678001 0.0340573
9.9991E-05 0.00194587 0.128483 0.832656 0.0368149
0.061083 0.0427383 0.690547 0.136954 0.0686773
9.9982E-05 9.9982E-05 0.440613 0.402218 0.156969
0.108747 9.9991E-05 0.53302 0.182898 0.175236
0.0960999 0.0853401 0.673625 0.142517 0.00241801
9.9982E-05 9.9982E-05 0.646536 0.180748 0.172516
0.125962 9.9991E-05 0.330828 0.267259 0.275852
0.0642821 0.0361113 0.635958 0.180082 0.0835664
0.026931 9.9991E-05 0.576442 0.248805 0.147723
9.9973E-05 9.9973E-05 0.552071 0.447629 9.9973E-05
0.0276925 0.123036 0.644773 0.154121 0.0503777
9.9982E-05 0.648349 9.9982E-05 0.0768832 0.274567
0.0269239 0.754775 0.051115 0.0342428 0.132944
9.9982E-05 0.838581 9.9982E-05 0.0461318 0.115087
9.9982E-05 0.796542 9.9982E-05 0.0247764 0.178482
9.9982E-05 0.738355 0.0219251 9.9982E-05 0.23952
9.9991E-05 0.00331176 0.385561 0.266904 0.344123
9.9982E-05 9.9982E-05 0.359606 0.429389 0.210805
9.9973E-05 9.9973E-05 0.404367 0.595333 9.9973E-05
0.0269632 0.143031 0.713129 0.0614681 0.0554093
0.111137 0.0992984 0.675754 0.0557005 0.0581098
0.0130774 0.00261707 0.536401 0.447804 9.9991E-05
0.0724518 0.0134253 0.666663 0.244231 0.00322921
0.033713 0.0354003 0.5707 0.360087 9.9991E-05
0.0456412 9.9991E-05 0.727563 0.125287 0.101409
0.0782015 0.0551178 0.626692 0.114723 0.125266
0.0187089 9.9991E-05 0.430443 0.35836 0.192388
9.9991E-05 0.00818591 0.592136 0.254129 0.145449
9.9982E-05 9.9982E-05 0.565377 0.163157 0.271266
9.9991E-05 0.141626 0.679588 0.109303 0.0693823
9.9991E-05 0.0142642 0.569735 0.283808 0.132093
9.9991E-05 0.0494989 0.604648 0.228501 0.117252
0.473179 0.105593 0.404545 9.9991E-05 0.0165826
0.473491 0.154499 0.28998 0.0819294 9.9991E-05
0.473806 0.126405 0.399589 9.9982E-05 9.9982E-05
0.508073 0.159663 0.314773 0.0173915 9.9991E-05
0.294855 0.141254 0.533397 9.9991E-05 0.0303931
0.0435675 0.0315301 0.635434 0.289368 9.9991E-05
0.631921 0.282765 0.0640291 0.0083541 0.0129313
0.505817 0.175683 0.314867 0.00353391 9.9991E-05
0.178729 0.20804 0.44708 0.166052 9.9991E-05
0.0012577 0.232882 0.652508 0.113252 9.9991E-05
0.0345154 0.153278 0.480983 0.233857 0.0973664
0.112452 0.146995 0.532062 0.154308 0.0541827
0.0186199 0.0994381 0.706396 0.115783 0.0597637
0.475785 0.242498 0.281517 9.9982E-05 9.9982E-05
0.394469 0.118873 0.357899 9.9991E-05 0.128659
0.555031 0.0813794 0.363389 9.9982E-05 9.9982E-05
0.422286 0.131257 0.329773 0.0719119 0.0447719
0.606088 0.106019 0.205884 0.0819089 9.9991E-05
0.431805 0.0478566 0.367973 0.0697531 0.0826128
0.592618 0.132089 0.188986 0.0639354 0.0223717
0.458477 9.9991E-05 0.334397 0.0624326 0.144593
0.0832817 0.0566171 0.592712 0.261907 0.00548178
0.380466 0.0872784 0.340586 0.0495431 0.142126
0.689214 0.151091 0.128921 0.0306739 9.9991E-05
0.419035 0.0898188 0.302731 9.9991E-05 0.188315
9.9991E-05 0.157 0.263433 0.275102 0.304365
0.228724 0.00904343 0.548346 0.155959 0.0579282
0.266206 0.237174 0.425252 0.0663296 0.00503781
0.114674 0.176108 0.519969 0.13856 0.050689
0.0404501 0.192795 0.550733 0.171377 0.0446451
0.272871 0.172883 0.404953 0.128269 0.0210243
0.353734 0.220667 0.309339 0.0604875 0.0557723
0.149194 0.187797 0.524987 0.137922 9.9991E-05
0.401594 0.116205 0.426819 0.0552822 9.9991E-05
0.481372 0.0873988 0.431029 9.9982E-05 9.9982E-05
0.612537 0.220263 0.141548 0.0255507 9.9991E-05
0.107221 0.160819 0.577488 0.135949 0.018523
9.9991E-05 0.135869 0.551653 0.23777 0.074608
0.0451951 0.170418 0.217109 0.567178 9.9991E-05
0.141478 0.167005 0.586318 0.0894872 0.0157117
0.0555508 0.140933 0.379669 0.166684 0.257162
0.193405 0.231482 0.425442 0.149571 9.9991E-05
0.151666 0.171042 0.373675 0.169023 0.134594
0.2293 0.354079 9.9982E-05 0.416421 9.9982E-05
0.149806 0.351217 9.9982E-05 0.498777 9.9982E-05
0.129039 0.241003 0.338184 0.291674 9.9991E-05
0.258864 0.36422 0.0133301 0.363486 9.9991E-05
0.252515 0.495198 9.9982E-05 0.252087 9.9982E-05
0.203576 0.108754 0.375821 0.294991 0.0168576
0.203922 0.254757 0.368108 0.173113 9.9991E-05
0.206418 0.334294 0.153183 0.306005 9.9991E-05
0.196458 0.290477 0.0692942 0.443671 9.9991E-05
0.151648 0.166309 0.443963 0.237981 9.9991E-05
0.204671 0.231378 0.0900739 0.473777 9.9991E-05
0.067614 0.488667 9.9982E-05 0.443519 9.9982E-05
0.149636 0.152641 0.478182 0.0494775 0.170063
0.272427 0.193341 0.35793 0.141108 0.0351939
0.238296 0.244199 0.39439 0.00279029 0.120325
0.226596 0.213613 0.559591 9.9982E-05 9.9982E-05
0.226987 0.155782 0.542346 0.0676648 0.0072198
0.346878 0.126475 0.462674 0.0638723 9.9991E-05
0.188084 0.378978 0.391687 9.9991E-05 0.0411519
0.248953 0.219248 0.512218 9.9991E-05 0.0194811
0.304958 0.195455 0.442016 0.0275239 0.0300473
0.242443 0.282885 0.349004 0.100214 0.0254538
0.147373 0.167234 0.323005 0.190689 0.171698
0.203051 0.150157 0.522315 0.0374702 0.0870069
0.167801 0.134871 0.654289 9.9991E-05 0.0429398
0.104357 0.137297 0.623799 0.129184 0.00536263
0.313058 0.290438 0.37686 9.9991E-05 0.0195435
0.205624 0.220696 0.457896 0.0944842 0.0213007
0.239185 0.384427 0.133475 0.242813 9.9991E-05
0.266737 0.158749 0.476168 9.9991E-05 0.0982459
0.381842 0.279042 0.195108 0.143908 9.9991E-05
0.0108165 0.794508 9.9991E-05 0.0859037 0.108672
0.0283481 0.044351 0.130652 9.9991E-05 0.796549
9.997E-05 9.997E-05 9.997E-05 9.997E-05 0.9996
9.9973E-05 0.0393273 9.9973E-05 9.9973E-05 0.960373
0.0414271 9.9973E-05 9.9973E-05 9.9973E-05 0.958273
0.0194725 9.9982E-05 0.0576487 9.9982E-05 0.922679
9.9973E-05 9.9973E-05 0.0995403 9.9973E-05 0.90016
9.997E-05 9.997E-05 9.997E-05 9.997E-05 0.9996
0.00864898 0.174211 9.9982E-05 9.9982E-05 0.81694
9.9982E-05 0.906643 0.053843 9.9982E-05 0.0393144
9.9982E-05 0.829305 0.0935517 9.9982E-05 0.0769433
0.0727818 0.879541 0.0103751 0.0308252 0.00647714
9.9991E-05 0.825763 0.0671929 0.00559629 0.101348
0.0415442 0.89619 0.0312105 9.9991E-05 0.0309556
0.0018297 0.881073 9.9991E-05 0.0746412 0.0423558
0.152226 0.714191 9.9982E-05 9.9982E-05 0.133383
0.0493146 0.89913 0.0513558 9.9982E-05 9.9982E-05
0.075325 0.715703 0.0360387 9.9991E-05 0.172834
0.0573992 0.910974 0.0218101 0.00971723 9.9991E-05
9.9973E-05 0.998068 9.9973E-05 9.9973E-05 0.00163222
0.0932299 0.840264 0.0114253 9.9991E-05 0.0549808
9.9973E-05 0.977872 9.9973E-05 9.9973E-05 0.0218282
0.0522473 0.889011 0.0368507 0.00350284 0.0183886
0.0114504 0.881557 0.106793 9.9982E-05 9.9982E-05
0.0611543 0.861196 0.0774501 9.9982E-05 9.9982E-05
0.150288 0.789774 0.0597384 9.9982E-05 9.9982E-05
0.1318 0.760788 0.107212 9.9982E-05 9.9982E-05
0.0326005 0.839196 0.128004 9.9982E-05 9.9982E-05
0.0567498 0.15811 0.397781 0.269468 0.117892
9.9991E-05 0.141002 0.739563 0.109723 0.00961199
0.0962943 0.0663027 0.601311 0.091981 0.144111
0.0493817 0.119495 0.150951 0.680072 9.9991E-05
9.9991E-05 0.168168 0.602893 0.0650485 0.163791
0.0380881 0.20399 0.110448 0.647374 9.9991E-05
0.0488454 0.128592 0.714843 0.0951428 0.0125765
9.9991E-05 0.099876 0.514036 0.250352 0.135636
9.9991E-05 0.074142 0.653644 0.162987 0.109128
9.9991E-05 0.0276825 0.676406 0.258216 0.0375956
9.9991E-05 0.179097 0.509152 0.199526 0.112126
0.0218167 0.164892 0.662721 0.150471 9.9991E-05
0.0301658 0.106046 0.627028 0.14465 0.0921093
0.0489875 9.9991E-05 0.152097 0.398436 0.40038
9.9982E-05 0.108272 9.9982E-05 0.818101 0.0734263
0.0891931 0.101571 0.115885 0.693252 9.9991E-05
0.0722693 0.144673 0.681784 0.101174 9.9991E-05
0.0143211 0.144415 0.595574 0.219669 0.026021
9.9982E-05 0.165663 0.564095 0.270042 9.9982E-05
0.0996365 0.136452 0.635608 0.120255 0.00804846
0.167133 0.246273 0.542185 0.0443094 9.9991E-05
0.212774 0.178751 0.55913 9.9991E-05 0.0492441
0.200819 0.409959 0.10768 0.160076 0.121467
0.0129028 0.136147 0.719166 9.9991E-05 0.131685
0.178413 0.174978 0.444661 0.0894078 0.112539
0.204039 0.43482 9.9982E-05 0.360941 9.9982E-05
0.29083 0.277815 0.249233 0.182021 9.9991E-05
0.208589 0.380803 0.279676 9.9991E-05 0.130832
0.0513442 0.343195 0.513743 0.0118826 0.0798352
0.168657 0.153549 0.522416 0.0145521 0.140826
0.187508 0.230356 0.51087 9.9991E-05 0.0711649
0.27617 0.135085 0.532408 0.012891 0.0434465
0.225623 0.178983 0.424365 0.170929 9.9991E-05
0.219721 0.446803 0.256522 0.0515154 0.0254391
