0.903051 0.0268021 9.9982E-05 0.0699467 9.9982E-05
0.938105 9.9982E-05 9.9982E-05 0.0186207 0.0430744
0.850865 0.114859 9.9982E-05 0.034076 9.9982E-05
0.788839 9.9982E-05 0.0990962 0.111865 9.9982E-05
0.884857 0.0879506 0.0121081 0.0149841 9.9991E-05
0.613495 0.0102815 0.131884 0.12399 0.12035
0.869549 9.9982E-05 9.9982E-05 0.0146201 0.115631
0.708374 9.9991E-05 0.0786282 0.132122 0.0807763
0.84004 9.9982E-05 9.9982E-05 0.064112 0.0956478
0.676855 0.118144 0.0867935 0.0366045 0.0816037
0.792823 0.0080501 9.9991E-05 0.122205 0.0768224
9.999E-05 0.259014 0.137174 0.53716 0.0665522
0.0141702 0.531662 0.11043 0.278298 0.0654401
0.0259107 0.276793 0.0934558 0.413022 0.190819
0.0383372 0.359555 0.156171 0.354821 0.0911154
0.159589 0.342482 0.16942 0.270474 0.0580351
0.0207901 0.600539 0.149724 0.145067 0.0838804
0.000911787 0.464166 0.111693 0.27897 0.144259
0.129429 0.371827 0.0837805 0.378728 0.0362364
0.0209761 0.047352 0.0887093 0.623895 0.219068
0.00911681 0.40002 0.151073 0.34673 0.0930599
0.0677505 0.413631 0.0762052 0.224637 0.217777
0.0462444 0.628766 0.0412609 0.0804447 0.203284
0.016669 0.320712 0.127799 0.385089 0.149731
0.110958 0.606605 0.148361 0.121628 0.0124481
0.0339546 0.584766 0.105827 0.199813 0.0756398
0.0741377 0.246586 0.0846276 0.513759 0.0808896
0.00498175 0.289607 0.199633 0.440589 0.0651894
0.00129544 0.277793 0.0857602 0.417349 0.217803
0.847587 0.139014 0.0131991 9.9982E-05 9.9982E-05
0.819757 0.179943 9.9973E-05 9.9973E-05 9.9973E-05
0.799126 0.200574 9.9973E-05 9.9973E-05 9.9973E-05
0.695306 0.137791 0.153111 9.9991E-05 0.0136914
0.0500817 0.672939 9.9991E-05 0.111775 0.165105
0.0954409 0.652632 0.0866302 0.104017 0.0612803
0.0251323 0.713717 0.0140317 9.9991E-05 0.247019
0.0892085 0.231213 9.9991E-05 0.595997 0.083481
9.9991E-05 0.441444 0.0187116 0.0743308 0.465414
0.00773286 0.506295 0.127914 0.207237 0.150822
9.9982E-05 0.768839 0.0601181 9.9982E-05 0.170843
0.164746 0.682304 9.9982E-05 9.9982E-05 0.152749
0.116751 0.677231 0.0636053 0.0994536 0.042959
9.9982E-05 0.34616 9.9982E-05 0.15403 0.49961
0.0504466 0.613821 0.0827526 9.9991E-05 0.25288
0.0437148 0.645354 0.103841 0.0121022 0.194988
0.116227 0.505807 0.0720013 0.186073 0.119892
9.9973E-05 0.545611 9.9973E-05 9.9973E-05 0.454089
0.0104981 0.708264 0.0613449 0.0470075 0.172886
0.0711309 0.515151 0.118727 0.12481 0.170181
0.0620181 9.9982E-05 9.9982E-05 0.0702837 0.867498
9.9991E-05 0.252822 0.0054436 0.431194 0.31044
0.061617 0.0845891 0.0314584 0.233758 0.588577
0.087047 0.592835 0.0854288 0.132411 0.102279
0.0897308 0.571008 0.121632 0.0707724 0.146857
0.0784263 0.559054 0.141316 0.137112 0.0840907
0.107847 0.244961 9.9991E-05 0.341484 0.305608
0.0616788 0.595761 0.0362855 0.212103 0.094172
0.120571 0.574923 0.0948394 0.0737512 0.135915
0.123962 0.447495 0.0255487 0.248989 0.154005
0.21015 0.102485 0.0895237 0.324247 0.273594
0.0147854 0.630011 0.108058 0.179538 0.0676085
0.0257495 0.395705 0.174545 0.338924 0.0650767
0.0686646 0.109156 9.9991E-05 0.590727 0.231352
0.0276309 0.565833 0.0504974 0.182116 0.173923
0.0123134 0.663825 0.0954119 0.0462471 0.182203
0.0878178 0.587188 0.0846443 0.227192 0.0131579
0.0268457 0.345993 0.0850053 0.314235 0.227922
0.0143478 0.579776 0.0900999 0.2108 0.104976
0.0642461 0.563378 0.128243 0.244033 9.9991E-05
0.0409903 0.298053 9.9991E-05 0.427265 0.233591
9.9982E-05 0.707487 9.9982E-05 0.0361839 0.256129
9.9982E-05 0.452806 9.9982E-05 0.14805 0.398944
9.9991E-05 0.553827 0.163836 0.197808 0.0844289
9.9982E-05 0.168294 9.9982E-05 0.0453412 0.786165
9.9982E-05 0.192086 9.9982E-05 0.0912106 0.716503
9.9982E-05 0.542576 9.9982E-05 0.00024071 0.456983
9.9982E-05 0.637015 9.9982E-05 0.139062 0.223724
0.0699022 0.57367 0.152182 0.129519 0.0747266
0.0083526 0.607945 9.9991E-05 0.120651 0.262951
0.0375377 0.34859 9.9991E-05 0.246957 0.366815
0.0188602 0.401697 9.9991E-05 0.338614 0.240729
0.168652 0.582291 0.0435937 0.124537 0.0809259
0.0533982 0.465093 9.9991E-05 0.0622484 0.41916
0.0583847 0.550263 9.9991E-05 0.0860704 0.305182
0.0336599 0.589118 9.9991E-05 0.0140709 0.363051
9.9982E-05 0.170266 9.9982E-05 0.037607 0.791927
9.9991E-05 0.711154 0.0818059 0.0824927 0.124447
0.849025 0.092121 0.0351161 0.0236384 9.9991E-05
0.917501 0.082199 9.9973E-05 9.9973E-05 9.9973E-05
0.883377 0.0811402 0.0352834 9.9982E-05 9.9982E-05
0.915188 0.0495687 0.0331789 9.9991E-05 0.00196409
0.89617 0.0972437 9.9982E-05 9.9982E-05 0.00638606
0.888001 0.0441578 0.019259 9.9991E-05 0.0484824
0.941312 0.0356973 0.0227905 9.9982E-05 9.9982E-05
0.100423 0.592489 0.115768 9.9991E-05 0.19122
0.0816192 0.526176 0.134698 0.140477 0.11703
9.9982E-05 0.244876 9.9982E-05 0.190745 0.564178
0.0902482 0.641703 0.091569 9.9991E-05 0.17638
0.022157 0.598761 9.9991E-05 0.151845 0.227136
0.0766891 0.711348 0.0154784 0.0331996 0.163285
0.0331878 0.600103 0.0534018 9.9991E-05 0.313208
0.0248469 0.648768 0.0499323 9.9991E-05 0.276353
0.00926998 0.165459 9.9991E-05 0.344145 0.481026
0.173137 0.495726 0.11078 9.9991E-05 0.220257
0.0642103 0.769266 9.9991E-05 0.059031 0.107393
0.0727616 0.523346 0.13583 0.10842 0.159642
0.0782081 0.424622 0.0107115 9.9991E-05 0.486359
0.0421397 0.657325 9.9991E-05 0.00150378 0.298931
9.9982E-05 0.630405 9.9982E-05 0.109707 0.259689
9.9991E-05 0.514476 0.043796 0.0104503 0.431177
0.0545581 0.557489 9.9991E-05 0.10115 0.286703
0.167142 0.638662 0.0330258 0.0729155 0.0882543
9.9991E-05 0.18742 0.0908163 0.399842 0.321821
0.105283 0.394048 0.114426 0.321441 0.0648019
0.114294 0.573272 0.0720591 0.184688 0.0556865
0.102077 0.627422 0.125745 0.113356 0.0314003
0.0779806 0.660624 9.9982E-05 0.261195 9.9982E-05
0.0257435 0.586689 0.0819175 0.290766 0.014884
0.060632 0.448354 0.0625095 0.345951 0.0825535
0.0725292 0.649913 9.9991E-05 0.120921 0.156537
0.107509 0.575971 0.143391 0.135069 0.03806
0.0661738 0.704427 0.030205 0.15784 0.0413539
0.00457354 0.631443 9.9991E-05 0.341455 0.0224278
0.0979931 0.55423 0.137154 0.0925005 0.118122
0.0926652 0.670053 0.0623369 0.128336 0.0466087
9.9991E-05 0.607275 0.131883 0.222953 0.0377892
0.100618 0.575466 0.0952652 0.0996735 0.128977
9.9991E-05 0.636408 0.0845107 0.237536 0.0414454
0.0737354 0.431171 0.0760719 0.295327 0.123695
0.0387922 0.6503 0.132458 0.147769 0.0306804
0.0922762 0.558125 0.150298 0.11686 0.0824408
0.011601 0.297648 0.062615 0.436234 0.191902
9.9991E-05 0.120986 0.163774 0.285854 0.429286
0.0797739 0.622117 0.0966407 0.120132 0.0813367
9.9991E-05 0.0452985 0.118357 0.347979 0.488266
0.0921424 0.340525 9.9991E-05 0.413875 0.153358
9.9982E-05 0.51387 9.9982E-05 0.327997 0.157933
0.0329366 0.458806 9.9991E-05 0.473874 0.0342842
9.9982E-05 0.406699 9.9982E-05 0.43665 0.156452
0.125356 0.646228 0.0663787 0.067467 0.0945702
0.0816777 0.494595 0.0870902 0.17816 0.158477
0.0486939 0.547521 0.137518 0.206516 0.0597501
9.9991E-05 0.15168 0.0854758 0.339904 0.42284
0.210478 0.575992 0.0335596 0.0562084 0.123762
0.0296644 0.539738 0.149883 0.09021 0.190505
0.18921 0.0233248 9.9991E-05 0.162236 0.625129
0.142065 0.702272 0.0380515 9.9991E-05 0.117511
0.144594 0.410931 0.00381411 0.0293386 0.411322
0.126498 0.465965 0.127594 0.0760791 0.203864
0.183361 0.339698 0.0164768 0.00915359 0.45131
0.139252 0.253822 9.9991E-05 0.163696 0.44313
0.0553948 0.510787 0.0027773 0.116553 0.314488
0.0621434 0.456666 0.13358 0.166083 0.181529
0.145677 0.361794 0.105329 0.161723 0.225477
0.0696104 0.0136793 0.201526 0.130107 0.585077
0.112717 0.640783 0.118486 0.0723382 0.0556753
9.9982E-05 0.491372 9.9982E-05 0.14497 0.363458
9.9991E-05 0.574768 0.0191246 0.121428 0.284579
0.0575985 0.672369 0.128632 0.0461234 0.0952774
0.371798 0.122368 0.295571 9.9991E-05 0.210163
0.582748 9.9982E-05 0.163957 9.9982E-05 0.253095
0.515595 9.9982E-05 0.159346 9.9982E-05 0.324858
0.408444 0.0597156 0.3863 0.0682389 0.0773023
9.9982E-05 0.648411 0.0513705 9.9982E-05 0.300019
0.108588 0.713753 9.9991E-05 0.0237105 0.153848
9.9982E-05 0.354165 0.620887 0.0247481 9.9982E-05
0.0427715 0.420851 0.437193 0.0990838 9.9991E-05
0.118152 0.504006 0.297434 0.0803082 9.9991E-05
0.0113723 0.385366 0.054188 9.9991E-05 0.548973
0.0865964 0.539893 0.0933864 0.0476995 0.232425
0.016022 0.260401 0.0534822 9.9991E-05 0.669995
0.0458702 0.652934 0.0529 0.0366118 0.211684
0.0602817 0.448502 0.0117682 0.115177 0.364272
0.0182498 0.560242 0.140461 0.011941 0.269106
0.00495995 0.221748 0.0554718 0.100044 0.617775
9.9991E-05 0.531951 0.211553 0.0793433 0.177052
0.0762261 0.533484 0.0877716 0.00164951 0.300868
9.9973E-05 9.9973E-05 0.996049 9.9973E-05 0.00365072
9.9973E-05 0.117988 0.881712 9.9973E-05 9.9973E-05
0.0111644 0.222272 0.644742 0.0552744 0.0665474
9.9982E-05 0.312738 0.668309 0.0187531 9.9982E-05
0.00981736 0.132618 0.857364 9.9982E-05 9.9982E-05
9.997E-05 9.997E-05 0.9996 9.997E-05 9.997E-05
0.00201286 9.9982E-05 0.971282 0.0265056 9.9982E-05
9.9982E-05 0.0875818 0.894607 0.0176114 9.9982E-05
9.9973E-05 9.9973E-05 0.929576 0.0701239 9.9973E-05
9.997E-05 9.997E-05 0.9996 9.997E-05 9.997E-05
9.997E-05 9.997E-05 0.9996 9.997E-05 9.997E-05
0.0305469 0.200403 0.76885 9.9982E-05 9.9982E-05
9.9982E-05 0.045611 0.858417 0.0957719 9.9982E-05
9.9973E-05 9.9973E-05 0.981307 0.0183931 9.9973E-05
9.9991E-05 0.361331 0.425561 0.119015 0.093992
0.027227 0.245273 0.650887 0.0548434 0.0217692
0.0213075 0.16177 0.783027 0.0337954 9.9991E-05
9.9982E-05 0.0922356 0.902752 0.00481248 9.9982E-05
9.9973E-05 0.00794403 0.991756 9.9973E-05 9.9973E-05
0.0373071 0.0166998 0.92983 0.0160629 9.9991E-05
9.997E-05 9.997E-05 0.9996 9.997E-05 9.997E-05
0.0571074 0.249891 0.657721 0.0351811 9.9991E-05
9.9982E-05 0.0513291 0.888738 0.0597332 9.9982E-05
0.375978 9.9982E-05 0.0827169 9.9982E-05 0.541106
0.207715 0.407992 0.0761978 0.102699 0.205397
0.259801 0.455069 0.0461198 0.0236776 0.215332
0.235967 0.136126 0.178068 9.9991E-05 0.449739
0.149176 0.513579 0.193808 0.0012579 0.142179
0.284721 0.112913 0.190036 9.9991E-05 0.41223
0.189738 0.483872 0.112884 0.0859 0.127607
0.134639 0.292291 0.242399 9.9991E-05 0.33057
0.190826 0.476379 0.190519 0.0386729 0.103603
0.194225 0.361204 0.20616 9.9991E-05 0.238312
0.129636 0.413168 0.175604 0.128294 0.153297
0.824713 0.00908103 0.00637416 0.123215 0.036617
0.943327 9.9982E-05 0.0382539 9.9982E-05 0.0182189
0.947533 0.00722398 9.9982E-05 0.045043 9.9982E-05
0.951628 9.9973E-05 9.9973E-05 0.0480725 9.9973E-05
0.88703 0.0203117 0.0219276 0.0706303 9.9991E-05
0.893456 9.9982E-05 0.0901458 9.9982E-05 0.0161983
0.897438 0.0501959 0.0521663 9.9982E-05 9.9982E-05
0.882268 9.9973E-05 9.9973E-05 9.9973E-05 0.117432
0.946861 0.0285108 9.9982E-05 0.0244282 9.9982E-05
0.865025 0.0355153 0.0836312 0.0157288 9.9991E-05
0.640403 9.9991E-05 0.00313329 0.293107 0.0632576
0.590563 9.9982E-05 0.0228234 0.386414 9.9982E-05
0.524944 9.9982E-05 9.9982E-05 0.328414 0.146442
0.501374 9.9982E-05 9.9982E-05 0.327203 0.171223
0.0324455 0.665416 9.9991E-05 0.196585 0.105454
9.9991E-05 0.614765 0.0654307 0.139131 0.180573
9.9991E-05 0.639213 0.061595 0.230208 0.0688843
0.0575086 0.512206 0.00707928 0.231656 0.19155
9.9991E-05 0.227881 0.0033749 0.602632 0.166013
0.0372117 0.747991 0.0853437 0.027011 0.102443
9.9982E-05 0.743418 9.9982E-05 0.148516 0.107866
0.0182195 0.677416 9.9991E-05 0.0700176 0.234247
9.9991E-05 0.524413 0.0274804 0.0574258 0.390581
0.0778621 0.674233 0.0224295 0.18349 0.0419848
9.9982E-05 0.5839 9.9982E-05 0.18715 0.22875
9.9982E-05 0.0605104 9.9982E-05 0.165245 0.774045
9.9991E-05 0.498259 0.126135 0.120415 0.255091
9.9982E-05 0.398862 9.9982E-05 0.0314532 0.569484
9.9991E-05 0.735615 0.00308604 0.0531766 0.208022
0.000182266 0.300848 9.9991E-05 0.257487 0.441383
0.129204 9.9982E-05 9.9982E-05 0.722799 0.147797
0.107207 9.9991E-05 0.0186793 0.783053 0.0909607
0.0247946 9.9982E-05 9.9982E-05 0.893533 0.0814727
0.0783402 9.9982E-05 9.9982E-05 0.850593 0.0708673
0.0152704 0.068632 0.00932019 0.785174 0.121604
0.0435709 0.0301106 0.0723853 0.853833 9.9991E-05
0.886429 0.103829 0.00954181 9.9982E-05 9.9982E-05
0.812294 0.0379721 0.0489052 0.100728 9.9991E-05
0.790158 0.119254 0.090388 9.9982E-05 9.9982E-05
0.768154 0.067586 0.0755892 0.0885713 9.9991E-05
0.810022 0.108849 0.0711946 0.00983394 9.9991E-05
0.394163 9.9982E-05 9.9982E-05 0.56931 0.0363268
0.505834 9.9982E-05 9.9982E-05 0.352565 0.141401
0.44406 9.9982E-05 9.9982E-05 0.485061 0.0706792
0.839755 0.132068 0.00981115 0.0182665 9.9991E-05
0.42865 9.9982E-05 9.9982E-05 0.525395 0.045756
0.248021 0.260351 0.372379 9.9991E-05 0.119148
0.155769 0.549713 0.266253 0.0281653 9.9991E-05
0.177964 0.510017 0.311819 9.9982E-05 9.9982E-05
0.18045 0.233704 0.334452 0.0894767 0.161917
0.152462 0.485472 0.263685 0.015698 0.0826831
0.503317 9.9982E-05 0.326658 9.9982E-05 0.169825
0.0331241 0.541612 0.00184151 0.320747 0.102675
0.0383017 0.406625 0.017588 0.240289 0.297196
0.0631701 0.331276 0.0198647 0.573155 0.0125342
9.9991E-05 0.480323 0.0564237 0.180585 0.282569
9.9973E-05 9.9973E-05 9.9973E-05 0.180889 0.818811
0.16509 0.532538 0.0887072 0.0540436 0.159621
0.0722898 0.613643 0.00100745 0.163113 0.149947
0.0298451 0.453091 9.9991E-05 0.455334 0.06163
0.0417301 0.597852 0.0840579 0.140967 0.135394
9.9982E-05 0.17344 9.9982E-05 0.281891 0.544469
9.9991E-05 0.509602 0.0403074 0.197748 0.252243
0.0492047 0.620689 9.9991E-05 0.261169 0.0688373
0.127909 0.424827 0.245549 0.0729153 0.1288
9.9991E-05 0.440717 0.0178021 0.319457 0.221924
0.0112959 0.532375 0.0346823 0.354441 0.0672055
9.9991E-05 0.498006 0.153667 0.12611 0.222117
9.9982E-05 0.654725 9.9982E-05 0.202524 0.142551
0.00596375 0.597925 0.165868 0.119971 0.110272
0.143671 0.683573 9.9991E-05 0.107656 0.0650005
0.0381961 0.631161 0.0740351 0.256508 9.9991E-05
0.804003 0.0597102 0.134779 9.9991E-05 0.00140724
0.857 0.0830279 0.048631 9.9991E-05 0.0112415
0.818039 0.0255269 0.0270919 0.0164788 0.112864
0.840845 9.9991E-05 0.0709483 0.0247151 0.063392
0.867336 0.109315 0.0231486 9.9982E-05 9.9982E-05
0.00487289 0.234606 0.0775971 0.626864 0.0560603
0.0329582 0.587162 0.108742 0.103556 0.167581
0.194181 0.385972 0.252707 0.0697521 0.0973879
0.024404 0.708472 0.0523132 0.149909 0.0649019
0.0272101 0.549001 0.063359 0.277958 0.0824713
9.9991E-05 0.206611 0.131804 0.43595 0.225535
0.148972 0.00590909 9.9991E-05 0.636653 0.208366
9.9982E-05 0.572265 0.0143978 0.413137 9.9982E-05
0.0539776 0.211393 0.0567236 0.518438 0.159467
0.00321493 0.536622 0.0779591 0.212023 0.170181
0.120058 0.184591 9.9991E-05 0.567861 0.127391
0.131987 0.638826 0.0911745 0.137913 9.9991E-05
0.0662457 0.182645 0.0622205 0.557454 0.131434
0.0226792 0.382546 0.0537592 0.298139 0.242877
0.104503 0.453434 0.117922 0.0899253 0.234215
0.0742667 0.312831 0.0160753 0.0942619 0.502565
0.058725 0.663225 0.0236644 0.0877316 0.166654
0.142767 0.588742 0.0803942 9.9991E-05 0.187997
0.0209798 0.450305 9.9991E-05 0.102352 0.426262
0.139411 0.645243 0.0731757 0.00298619 0.139184
0.0616259 0.674623 9.9991E-05 0.00937708 0.254274
9.99888E-05 0.150427 9.99888E-05 0.0706939 0.778679
0.00565633 0.354173 9.9982E-05 9.9982E-05 0.639971
0.04408 0.545671 0.00179453 0.108692 0.299763
0.0454396 0.240237 9.9991E-05 0.102617 0.611606
0.0165883 0.585873 9.9991E-05 0.180983 0.216455
9.9991E-05 0.141828 0.0428759 0.613228 0.201968
9.9991E-05 0.290359 0.0461467 0.330337 0.333057
0.0400095 0.404202 0.0526186 0.433766 0.0694032
0.0464262 0.696015 0.0621929 0.156833 0.0385338
9.9982E-05 0.364361 9.9982E-05 0.553768 0.0816708
0.0999582 0.484512 0.167674 0.0745602 0.173295
0.0160479 0.612768 0.135544 0.23554 9.9991E-05
0.0421101 0.458049 0.101759 0.247204 0.150878
0.00694949 0.503001 0.113576 0.290022 0.0864512
9.9991E-05 0.441054 0.0909604 0.333692 0.134193
9.9991E-05 0.288885 0.08371 0.56257 0.064735
9.9991E-05 0.329492 0.0927106 0.479839 0.0978589
9.9991E-05 0.626275 0.0560699 0.194602 0.122953
0.0465916 0.635613 0.0853052 0.148719 0.083771
0.0976423 0.450883 9.9991E-05 0.231464 0.219911
9.9991E-05 0.465397 0.166718 0.31013 0.0576555
0.122358 0.436555 0.0565565 0.371121 0.0134096
0.00802837 0.669661 0.0428404 0.27937 9.9991E-05
0.0869277 0.481121 0.0951299 0.243834 0.0929874
0.184487 0.518089 0.112171 0.0793053 0.105948
0.380162 0.494558 0.122564 0.00261595 9.9991E-05
0.0770414 0.3929 0.323713 9.9991E-05 0.206246
0.155341 0.447472 0.26087 0.015886 0.120432
0.0556861 0.699274 0.153173 0.0390034 0.0528642
0.236684 0.43974 0.235122 9.9991E-05 0.0883536
9.9991E-05 0.532046 0.0462251 0.223262 0.198366
0.174353 0.609039 0.0876935 0.0997494 0.0291654
0.24734 9.9991E-05 0.203752 0.0209978 0.52781
0.0638018 0.466778 0.284197 0.146763 0.0384606
0.168375 0.52941 0.138329 0.0660604 0.0978252
0.0369063 0.466194 0.36883 0.0751399 0.0529305
0.184911 0.254853 0.196198 0.143936 0.220102
0.231184 0.575138 0.117841 9.9991E-05 0.075736
0.197855 0.561226 0.205059 9.9991E-05 0.0357597
0.478863 9.9982E-05 0.194382 9.9982E-05 0.326555
0.14477 0.444483 0.200242 0.0496095 0.160895
0.152336 0.471606 0.307459 9.9991E-05 0.0684995
0.137085 0.497316 0.177205 0.125915 0.0624799
0.200502 0.512515 0.211798 9.9991E-05 0.0750852
0.144284 0.520681 0.203658 0.0620293 0.0693473
0.0136725 0.491397 0.108339 0.00138067 0.385211
0.0485739 0.550602 0.0949494 0.0854868 0.220388
9.9991E-05 0.0823716 0.0166915 0.158741 0.742096
9.9982E-05 0.0900127 9.9982E-05 0.0516969 0.85809
0.024308 0.477034 0.142293 0.070763 0.285602
0.118154 0.358187 0.375243 0.00102719 0.147389
0.117412 0.356712 0.333991 9.9991E-05 0.191785
0.226153 0.176633 0.320868 9.9991E-05 0.276245
0.198195 0.344469 0.316619 0.0303157 0.110402
0.0570492 0.0609103 0.198784 9.9991E-05 0.683156
0.089147 0.205306 0.111454 9.9991E-05 0.593993
9.9991E-05 0.598733 0.169296 0.0633466 0.168524
0.0992177 0.560486 0.086433 9.9991E-05 0.253763
0.062456 0.214518 0.177204 9.9991E-05 0.545722
0.0684177 0.494586 0.157278 9.9991E-05 0.279618
0.0271331 0.543493 0.129155 0.0763097 0.223909
0.0993742 0.452983 0.182612 0.123523 0.141508
9.9982E-05 0.398988 9.9982E-05 0.0873 0.513512
0.00807049 0.419733 0.0486913 0.109412 0.414094
0.0669792 0.577762 0.0552624 9.9991E-05 0.299896
0.0311152 0.495616 0.0343635 0.130846 0.30806
0.0990554 0.348667 0.18047 0.0529253 0.318882
9.9991E-05 0.576398 0.0141625 0.0288688 0.380471
9.9982E-05 0.288749 9.9982E-05 0.129505 0.581546
0.0161912 0.638153 0.0822082 9.9991E-05 0.263348
9.9991E-05 0.276364 0.0368841 0.0652683 0.621384
0.0392645 0.450701 0.0621971 9.9991E-05 0.447738
0.086229 0.655336 0.0198594 0.0362489 0.202327
0.0385034 0.544104 0.0389891 9.9991E-05 0.378304
0.161209 0.347734 0.287362 0.0946721 0.109023
0.125952 0.364842 0.203897 0.162147 0.143163
0.172983 0.321205 0.296544 0.0863213 0.122947
0.131017 0.32138 0.255064 0.107483 0.185055
0.102603 0.42241 0.204369 0.241068 0.0295492
0.142989 0.397307 0.274823 0.0592386 0.125642
0.215105 9.9982E-05 0.222988 9.9982E-05 0.561707
0.105526 0.584294 0.27373 9.9991E-05 0.0363502
0.402677 9.9982E-05 0.139499 9.9982E-05 0.457625
0.0675322 0.464569 0.309981 9.9991E-05 0.157817
9.9973E-05 0.242644 9.9973E-05 9.9973E-05 0.757056
9.9982E-05 0.02908 9.9982E-05 0.0287964 0.941924
9.9982E-05 0.576531 0.0283101 9.9982E-05 0.394959
0.000984866 0.657461 0.0566433 9.9991E-05 0.284811
9.9973E-05 0.491801 9.9973E-05 9.9973E-05 0.507899
0.00241268 0.596341 0.0430891 0.0531233 0.305034
9.9982E-05 0.6572 9.9982E-05 0.00622613 0.336374
0.824896 0.0951128 0.0205285 0.0176391 0.0418235
0.690664 9.9991E-05 0.117368 0.10411 0.0877575
0.903842 9.9982E-05 0.0643622 0.031596 9.9982E-05
0.976861 0.0228387 9.9973E-05 9.9973E-05 9.9973E-05
0.0843859 0.638484 0.0338475 0.00792894 0.235354
0.0783346 0.676704 0.0107651 0.0200041 0.214192
9.9982E-05 0.701353 9.9982E-05 0.0521203 0.246327
0.112864 0.801793 9.9991E-05 0.00974563 0.0754981
0.0624948 0.623912 0.114146 0.161701 0.0377473
0.00335887 0.435602 9.9991E-05 0.165372 0.395567
9.9982E-05 0.77113 9.9982E-05 0.0409577 0.187712
0.0498253 0.514804 9.9982E-05 9.9982E-05 0.435171
0.249628 0.506339 0.144982 0.0989511 9.9991E-05
9.9991E-05 0.60803 0.0260505 0.0461658 0.319653
9.9982E-05 0.489577 9.9982E-05 0.206851 0.303371
9.9991E-05 0.691294 0.0088707 0.0851214 0.214614
9.9982E-05 0.555578 9.9982E-05 0.0790347 0.365188
9.9982E-05 0.761382 9.9982E-05 0.0161987 0.22222
0.078228 0.750617 9.9982E-05 9.9982E-05 0.170956
9.9973E-05 0.336398 9.9973E-05 9.9973E-05 0.663302
9.9991E-05 0.396661 0.0457531 0.0893178 0.468168
0.011653 0.440292 0.0326468 0.125352 0.390056
9.9973E-05 0.086803 9.9973E-05 9.9973E-05 0.912897
0.0155218 0.591263 9.9991E-05 0.218246 0.174869
9.9982E-05 0.277367 9.9982E-05 0.0365751 0.685858
0.000331021 0.046852 9.9991E-05 0.0897727 0.862944
0.0484309 0.743254 0.028996 0.025277 0.154042
9.9982E-05 0.400576 9.9982E-05 0.148969 0.450255
0.0147245 0.609135 0.0290332 0.163489 0.183619
0.0931088 0.617808 0.0626098 0.154833 0.0716403
9.9982E-05 0.656227 9.9982E-05 0.133291 0.210282
9.9991E-05 0.312476 0.118076 0.31304 0.256309
0.0194722 0.718558 9.9991E-05 0.0597249 0.202145
0.0490714 0.585735 0.0523623 0.16573 0.147101
9.9973E-05 0.509203 9.9973E-05 9.9973E-05 0.490497
0.103699 0.715687 9.9991E-05 0.0231894 0.157324
0.636849 9.9982E-05 9.9982E-05 0.259215 0.103736
0.756247 0.0625709 9.9991E-05 0.114939 0.0661429
0.796476 9.9982E-05 9.9982E-05 0.158257 0.0450667
0.826697 9.9982E-05 9.9982E-05 0.157148 0.0159552
0.743262 0.0634246 9.9982E-05 0.193113 9.9982E-05
9.9982E-05 0.365984 9.9982E-05 0.306471 0.327345
0.0383736 0.331747 9.9991E-05 0.175819 0.453961
9.9973E-05 0.382427 9.9973E-05 9.9973E-05 0.617273
0.091066 0.561227 0.152744 0.0201251 0.174838
0.154263 0.608698 0.0715182 0.00593807 0.159582
0.0536624 0.431646 9.9982E-05 9.9982E-05 0.514491
9.9982E-05 0.690103 0.0859532 9.9982E-05 0.223744
0.0149154 0.542226 0.0812979 9.9991E-05 0.361461
0.00830063 0.601428 0.0607554 0.0589357 0.270581
0.0486817 0.68166 0.026441 9.9991E-05 0.243117
9.9982E-05 0.422655 9.9982E-05 0.174714 0.402431
9.9982E-05 0.573519 9.9982E-05 0.142313 0.283967
9.9982E-05 0.53397 9.9982E-05 0.206657 0.259173
0.138736 0.620898 0.0134223 0.0586196 0.168325
0.0307669 0.61562 9.9991E-05 0.090082 0.263431
0.0155484 0.597511 0.0263881 0.0531028 0.307449
0.11795 0.423463 0.432904 9.9991E-05 0.025583
0.158646 0.36418 0.415211 0.0203424 0.0416203
0.111636 0.404407 0.480555 9.9991E-05 0.00330155
0.117665 0.416343 0.440711 9.9991E-05 0.0251817
0.11301 0.360177 0.396882 0.0966783 0.0332521
0.00524816 0.554393 0.0819037 0.000933438 0.357522
0.230575 9.9991E-05 0.70483 0.0159085 0.0485873
0.17037 0.3007 0.515441 9.9991E-05 0.0133894
0.230168 0.416081 0.191744 9.9991E-05 0.161907
0.217667 0.593156 0.00732269 0.00786014 0.173995
0.181315 0.4732 0.0330364 0.0363828 0.276065
0.196756 0.611957 0.0507601 0.0595973 0.08093
0.178579 0.663241 9.9991E-05 0.0743732 0.0837072
0.229319 0.336333 0.434148 9.9982E-05 9.9982E-05
0.138698 0.42849 0.402262 0.0304496 9.9991E-05
0.0605772 0.405562 0.533661 9.9982E-05 9.9982E-05
0.0586643 0.388051 0.380421 0.0462475 0.126616
0.100444 0.313805 0.557646 9.9991E-05 0.0280054
0.162038 0.45079 0.325037 0.0620345 9.9991E-05
0.127722 0.237586 0.60878 0.0258121 9.9991E-05
0.111796 0.419692 0.42444 0.0439724 9.9991E-05
0.114247 0.565025 0.0503797 9.9991E-05 0.270248
0.179991 0.462022 0.323658 9.9991E-05 0.0342288
0.172757 0.0546684 0.693705 9.9991E-05 0.0787696
0.0814491 0.298547 0.470543 0.082911 0.0665503
0.17817 0.260496 9.9991E-05 0.256696 0.304539
9.9991E-05 0.623885 0.131353 0.0688724 0.175789
0.165282 0.367964 0.350853 0.0867958 0.0291051
0.196912 0.643468 0.0179648 0.0445666 0.0970885
0.18275 0.531828 0.0376036 0.0515012 0.196318
0.221198 0.356342 0.230427 0.0170815 0.174951
0.209231 0.33122 0.306358 9.9991E-05 0.15309
0.124145 0.644104 0.045366 0.0645713 0.121813
0.122724 0.358345 0.454952 9.9991E-05 0.0638795
0.0852967 0.422756 0.491747 9.9982E-05 9.9982E-05
0.2245 0.104135 0.630832 0.0273602 0.013173
0.164227 0.541384 0.178557 9.9991E-05 0.115732
0.144311 0.584149 9.9991E-05 0.100213 0.171227
0.179211 0.140859 0.121526 9.9991E-05 0.558304
0.148632 0.508645 0.17641 0.103382 0.0629311
0.125796 0.389733 0.0890026 0.239524 0.155944
0.172015 0.461766 0.217562 0.00457008 0.144087
0.105628 0.535772 0.146066 0.100927 0.111607
0.340866 9.9982E-05 0.248317 9.9982E-05 0.410616
0.347511 9.9982E-05 0.145869 9.9982E-05 0.50642
0.132258 0.232009 0.201348 0.121311 0.313075
0.331977 9.9982E-05 0.287061 9.9982E-05 0.380763
0.480059 9.9982E-05 0.2674 9.9982E-05 0.252341
0.177407 0.343832 0.166252 9.9991E-05 0.312409
0.226144 0.362955 0.187388 0.0331036 0.19041
0.292613 0.166274 0.224786 0.053557 0.26277
0.32995 0.0281162 0.228708 9.9991E-05 0.413126
0.15125 0.513216 0.130138 0.03074 0.174657
0.197478 0.131684 0.222919 9.9991E-05 0.447819
0.490192 9.9982E-05 0.0972115 9.9982E-05 0.412397
0.178752 0.523389 0.177601 9.9991E-05 0.120158
0.0918048 0.302748 0.311861 0.110352 0.183234
0.296463 0.518369 0.130867 0.0542012 9.9991E-05
0.169935 0.53512 0.294744 9.9982E-05 9.9982E-05
0.206984 0.527593 0.218997 9.9991E-05 0.0463266
0.149896 0.360383 0.309032 9.9991E-05 0.180589
0.392831 0.429034 0.171847 9.9991E-05 0.00618811
0.226288 0.63389 0.121925 0.0177972 9.9991E-05
0.270773 0.464936 0.264092 9.9982E-05 9.9982E-05
0.283194 0.336751 0.239002 0.0225664 0.118487
0.173513 0.382687 0.104445 0.146057 0.193298
0.180983 0.558802 0.100654 0.0623952 0.0971655
0.0745395 0.358985 0.314202 0.137788 0.114486
0.0501678 0.654751 0.203673 0.0629762 0.0284315
0.273416 0.416666 0.278767 0.0258631 0.00528734
0.20268 0.544057 0.211166 9.9991E-05 0.0419977
0.408093 0.137064 0.227363 9.9991E-05 0.227381
0.219465 0.486732 0.231308 0.0623947 9.9991E-05
0.303351 0.170178 0.317627 9.9991E-05 0.208744
0.792102 0.0203304 9.9991E-05 0.149847 0.0376212
0.0971926 0.0571252 0.0116213 0.8092 0.0248612
9.997E-05 9.997E-05 9.997E-05 0.9996 9.997E-05
9.9973E-05 9.9973E-05 0.00391077 0.995789 9.9973E-05
9.9973E-05 0.0290258 9.9973E-05 0.970674 9.9973E-05
0.0441899 0.00931489 0.0159451 0.93045 9.9991E-05
9.9973E-05 0.0943771 9.9973E-05 0.905323 9.9973E-05
0.0395909 9.9973E-05 9.9973E-05 0.960109 9.9973E-05
0.155597 9.9982E-05 0.038868 0.805335 9.9982E-05
0.924584 0.00686761 0.0429125 9.9991E-05 0.0255356
0.80783 0.051909 9.9982E-05 0.140061 9.9982E-05
0.898096 0.0467439 0.0393854 9.9991E-05 0.0156749
0.822011 0.0297199 9.9991E-05 0.138087 0.0100817
0.912335 0.0101412 0.0496472 0.0277766 9.9991E-05
0.918064 0.00974797 9.9991E-05 0.0622953 0.00979231
0.747846 0.0380175 0.13994 0.0740963 9.9991E-05
0.855516 0.0576346 0.0622525 0.0244972 9.9991E-05
0.706679 0.0639376 0.0395471 0.160807 0.0290286
0.918754 0.000354463 0.061352 9.9991E-05 0.0194391
0.940691 9.9973E-05 9.9973E-05 0.0590092 9.9973E-05
0.796754 9.9991E-05 0.0897538 0.077672 0.0357199
0.955031 9.9982E-05 0.0324778 0.0122911 9.9982E-05
0.922474 0.0379358 0.0393898 9.9982E-05 9.9982E-05
0.8779 0.0348285 0.0341525 0.0530187 9.9991E-05
0.895023 0.0680404 0.0367364 9.9982E-05 9.9982E-05
0.793742 0.079539 0.126519 9.9982E-05 9.9982E-05
0.769143 0.144245 0.0864116 9.9982E-05 9.9982E-05
0.809571 0.132012 0.0582172 9.9982E-05 9.9982E-05
0.177666 0.466338 0.0390738 0.0527867 0.264135
0.0915186 0.745819 9.9991E-05 0.0258536 0.136709
0.133406 0.628499 0.075076 0.092879 0.0701403
0.0823041 0.105465 0.0732189 9.9991E-05 0.738912
0.186892 0.589341 9.9991E-05 0.124747 0.0989202
0.197705 0.0793151 0.0682117 9.9991E-05 0.654668
0.096703 0.628422 0.067387 0.016876 0.190612
0.10655 0.492346 9.9991E-05 0.148811 0.252193
0.138775 0.643204 9.9991E-05 0.064903 0.153018
0.0691858 0.580963 0.0178417 0.126497 0.205513
0.137152 0.565605 9.9991E-05 0.0793641 0.21778
0.134425 0.726629 9.9982E-05 9.9982E-05 0.138746
0.117649 0.601713 0.0381438 0.124618 0.117876
9.9991E-05 0.0536315 0.089399 0.4695 0.38737
0.101408 9.9982E-05 9.9982E-05 0.0262057 0.872187
0.136095 0.191574 0.0188643 0.019025 0.634442
0.102277 0.654359 0.0922912 0.0250745 0.125999
0.179923 0.578149 0.0670008 0.000790485 0.174137
0.148914 0.545292 0.022165 9.9991E-05 0.283529
0.155379 0.53852 0.145005 9.9991E-05 0.160996
0.186733 0.44974 0.222064 9.9991E-05 0.141363
0.171409 0.608315 0.220076 9.9982E-05 9.9982E-05
0.436916 0.171028 0.115649 0.0737021 0.202705
0.18716 0.67644 0.0216376 0.114663 9.9991E-05
0.225785 0.429236 0.143139 0.151745 0.0500947
0.462898 9.9982E-05 0.190154 9.9982E-05 0.346749
0.248776 0.373761 0.215506 9.9991E-05 0.161857
0.336601 0.327716 0.154819 0.114783 0.0660799
0.302361 0.508245 0.0247072 0.0863884 0.078299
0.174957 0.475113 0.236437 0.108353 0.00513982
0.174119 0.552351 0.219666 0.0288071 0.0250575
0.170786 0.58577 0.174755 0.0321958 0.0364927
0.148815 0.37515 0.274884 9.9991E-05 0.201051
0.524353 0.386734 0.0823386 0.00647435 9.9991E-05
