0.0423107 0.0277995 9.9955E-05 9.9955E-05 0.0102116 0.0333073 9.9955E-05 9.9955E-05 0.885871 9.9955E-05
9.9955E-05 0.00507923 0.0199428 9.9955E-05 0.019537 0.0253712 9.9955E-05 9.9955E-05 0.92957 9.9955E-05
0.0110233 0.00862896 0.0320809 9.9973E-05 9.9973E-05 0.0144089 0.0285646 9.9973E-05 0.83616 0.0688339
0.136287 9.9955E-05 0.0315659 9.9955E-05 9.9955E-05 0.0479532 0.0286591 9.9955E-05 0.755035 9.9955E-05
0.0827311 9.9946E-05 9.9946E-05 0.00735429 9.9946E-05 9.9946E-05 0.0014762 9.9946E-05 0.907839 9.9946E-05
0.022314 0.0668331 9.9982E-05 0.205865 0.0211255 0.0174405 0.0390687 0.0158692 0.611284 9.9982E-05
9.9946E-05 9.9946E-05 9.9946E-05 0.194665 9.9946E-05 0.0432945 0.00981199 9.9946E-05 0.751628 9.9946E-05
9.9955E-05 0.0297559 9.9955E-05 0.221848 9.9955E-05 0.0321865 0.0352289 9.9955E-05 0.680481 9.9955E-05
9.99639E-05 9.99639E-05 0.0437445 0.0108069 0.117762 0.0127038 0.0173519 9.99639E-05 0.797231 9.99639E-05
0.00376313 0.0296787 9.9973E-05 0.201577 0.003173 0.00672319 0.00541404 9.9973E-05 0.749371 9.9973E-05
0.0516212 9.9946E-05 9.9946E-05 0.213358 9.9946E-05 0.00300921 9.9946E-05 9.9946E-05 0.731412 9.9946E-05
0.197733 0.0301362 9.9964E-05 0.093664 0.617905 9.9964E-05 9.9964E-05 9.9964E-05 0.00619065 0.0539707
0.53484 0.0412313 0.00089182 0.0221006 0.299059 0.0199391 9.9991E-05 0.010837 0.0552687 0.0157322
0.236418 0.0742402 0.0389788 0.0677368 0.567702 9.9964E-05 9.9964E-05 9.9964E-05 9.9964E-05 0.0145244
0.296309 0.100541 0.0489591 0.00857136 0.530122 0.0100486 9.9973E-05 9.9973E-05 0.00515005 9.9973E-05
0.42153 0.109125 0.0298218 0.00589739 0.361874 9.9964E-05 9.9964E-05 9.9964E-05 0.0713524 9.9964E-05
0.569136 0.0474208 0.0538999 0.0660918 0.200482 9.9973E-05 9.9973E-05 0.0255624 9.9973E-05 0.0371076
0.44717 0.038439 9.9964E-05 0.0673339 0.347518 0.0420669 9.9964E-05 9.9964E-05 9.9964E-05 0.0570723
0.283044 0.0340669 0.0708143 0.0575182 0.469445 0.0209952 9.9973E-05 9.9973E-05 0.0638167 9.9973E-05
9.9946E-05 0.00574342 9.9946E-05 0.238371 0.734676 9.9946E-05 9.9946E-05 9.9946E-05 0.0206107 9.9946E-05
0.433174 0.00503726 0.0434273 0.0638951 0.34712 0.00551902 9.9982E-05 9.9982E-05 0.0147727 0.0868541
0.379666 0.0573746 0.0810105 0.133262 0.185926 0.0114788 9.9982E-05 0.0770798 9.9982E-05 0.0740026
0.553717 0.0121059 9.9982E-05 0.0659722 0.189868 0.0216353 0.0153365 0.00531145 9.9982E-05 0.135854
0.195795 0.057022 9.9964E-05 0.161342 0.531405 0.00355002 9.9964E-05 9.9964E-05 0.0504857 9.9964E-05
0.579982 0.0315581 0.0636766 0.0249152 0.154727 0.0107501 0.0396422 0.0130729 0.0815757 9.9991E-05
0.485233 0.0346882 0.0264297 0.0867173 0.360764 9.9964E-05 9.9964E-05 9.9964E-05 9.9964E-05 0.00576841
0.209574 0.00525337 9.9955E-05 0.0946348 0.642428 9.9955E-05 9.9955E-05 9.9955E-05 0.0476105 9.9955E-05
0.287038 0.0565805 0.0100675 0.0802428 0.527094 9.9973E-05 9.9973E-05 9.9973E-05 0.0315326 0.00714439
0.201928 9.9937E-05 9.9937E-05 0.215881 0.581492 9.9937E-05 9.9937E-05 9.9937E-05 9.9937E-05 9.9937E-05
9.99201E-05 9.99201E-05 9.99201E-05 9.99201E-05 9.99201E-05 0.999101 9.99201E-05 9.99201E-05 9.99201E-05 9.99201E-05
9.99201E-05 9.99201E-05 9.99201E-05 9.99201E-05 9.99201E-05 0.999101 9.99201E-05 9.99201E-05 9.99201E-05 9.99201E-05
0.0777307 0.056266 0.0293611 9.9955E-05 9.9955E-05 0.391794 9.9955E-05 9.9955E-05 0.444349 9.9955E-05
0.128693 0.059452 0.0472717 9.9955E-05 9.9955E-05 0.330586 9.9955E-05 9.9955E-05 0.433498 9.9955E-05
0.465133 9.9973E-05 9.9973E-05 0.212298 0.0397652 0.0131094 0.0532832 9.9973E-05 0.0284685 0.187643
0.508822 0.0332221 9.9991E-05 0.00324069 0.0709386 0.0180016 0.006262 0.00561663 0.0685418 0.285254
0.510773 0.0292346 0.0267087 9.9955E-05 9.9955E-05 0.000305327 9.9955E-05 9.9955E-05 9.9955E-05 0.432478
0.166713 9.9973E-05 0.0145204 9.9973E-05 0.660922 9.9973E-05 0.0168161 0.0162907 0.0626505 0.0617875
0.229663 0.0218473 0.0322855 0.0633881 9.9973E-05 0.010002 9.9973E-05 0.0138342 9.9973E-05 0.62868
0.524372 0.00532208 9.9964E-05 9.9964E-05 0.181977 0.0270403 9.9964E-05 9.9964E-05 0.0598853 0.201003
0.665798 9.9973E-05 9.9973E-05 0.0858362 9.9973E-05 0.00732734 0.0136195 0.00791409 0.0188987 0.200306
0.440902 9.9973E-05 9.9973E-05 0.406978 0.0341189 0.0198348 0.0108697 9.9973E-05 0.0546798 0.0323171
0.554864 0.0333339 9.9982E-05 0.172885 0.0537728 0.0062738 0.0374024 9.9982E-05 0.0845939 0.0566744
0.149831 9.9955E-05 9.9955E-05 9.9955E-05 0.187074 9.9955E-05 0.0129515 9.9955E-05 0.0134817 0.636162
0.607547 9.9964E-05 0.0494147 0.275331 0.0331524 9.9964E-05 0.00382264 9.9964E-05 0.0303328 9.9964E-05
0.543856 0.0369063 9.9991E-05 0.0172479 0.0210508 0.00759899 0.019776 0.0507207 0.0764552 0.226288
0.56196 9.9982E-05 0.0768439 0.0735157 9.9982E-05 0.00860755 0.0366331 0.0106892 0.106142 0.125408
0.367147 9.9946E-05 0.024174 9.9946E-05 9.9946E-05 9.9946E-05 9.9946E-05 0.0565681 9.9946E-05 0.551511
0.634364 9.9955E-05 0.00223134 9.9955E-05 9.9955E-05 0.00356794 9.9955E-05 9.9955E-05 0.0923288 0.267008
0.478981 0.0852532 0.0417338 0.0594564 0.0723755 9.9991E-05 0.0446629 0.00893627 0.0656271 0.142873
9.9946E-05 9.9946E-05 0.116073 0.147027 9.9946E-05 9.9946E-05 9.9946E-05 0.0639114 9.9946E-05 0.672389
0.142266 9.9964E-05 9.9964E-05 0.116915 0.578523 9.9964E-05 0.0633748 0.0331918 9.9964E-05 0.0653305
0.125457 0.0345879 0.125277 0.122988 0.298526 9.9973E-05 9.9973E-05 0.149188 9.9973E-05 0.143676
0.549603 0.0552507 0.0504079 0.0358879 0.171912 0.0107935 0.0460565 0.065566 0.0144225 9.9991E-05
0.60866 0.00891932 0.0827108 0.00481206 0.0994514 0.00970275 0.0253136 0.0420673 0.0638544 0.0545079
0.594034 0.0329175 0.057106 0.0493181 0.114553 9.9982E-05 9.9982E-05 0.0716219 0.0491321 0.0311176
0.193416 9.9973E-05 9.9973E-05 0.0760964 0.466527 0.0173791 0.0729972 9.9973E-05 0.105579 0.0677051
0.532697 9.9973E-05 0.0179067 9.9973E-05 0.345075 0.0326296 0.0169229 0.0265906 9.9973E-05 0.0278777
0.562361 0.0575858 9.9982E-05 0.0512157 0.153005 0.0315634 0.0104605 9.9982E-05 0.0302833 0.103326
0.352527 0.0216115 0.00884006 0.136312 0.248734 0.0187444 0.0421882 0.0557511 0.0816445 0.0336469
0.118706 0.00417251 0.0169575 0.15267 0.468604 9.9982E-05 0.0196294 9.9982E-05 0.158034 0.0610265
0.54187 9.99866E-05 0.0534548 0.0881881 0.166602 0.0288736 0.0397079 9.99866E-05 0.058195 0.0229089
0.489317 0.0100765 0.0358597 0.0337242 0.212848 0.0208919 0.0592326 0.0648583 0.0266653 0.0465263
0.0359739 9.9982E-05 0.0366746 0.161298 0.573825 0.0548598 0.0290645 9.9982E-05 0.0348075 0.0732973
0.427698 9.9964E-05 9.9964E-05 9.9964E-05 0.426891 0.00617552 0.003887 0.0467372 9.9964E-05 0.0882114
0.600951 0.0221234 0.0513545 0.0112287 0.107139 0.0177035 0.0398912 0.089242 9.9991E-05 0.0602664
0.577325 9.9982E-05 0.0192764 0.0849535 0.13963 0.0261083 9.9982E-05 0.0633356 0.065137 0.0240347
0.222523 0.0635795 0.0326041 0.108547 0.415098 0.0570805 9.9982E-05 9.9982E-05 0.0288781 0.07149
0.49955 0.0212171 0.0112614 0.0312893 0.248501 0.026561 0.00835964 0.0431448 0.0452452 0.0648702
0.53793 0.0460436 0.00422133 0.0192368 0.216499 0.0210511 0.031207 0.058282 0.0103045 0.0552243
0.22282 9.9991E-05 0.0505244 0.0608973 0.521341 0.0289426 0.0164478 0.000644098 0.00411602 0.0941667
0.474081 9.9955E-05 9.9955E-05 9.9955E-05 9.9955E-05 0.00879312 0.0330075 9.9955E-05 0.0166497 0.466969
0.194552 9.9955E-05 9.9955E-05 9.9955E-05 0.116464 0.0185289 9.9955E-05 9.9955E-05 0.00636747 0.663588
0.496129 0.0304419 0.066472 9.9973E-05 0.0258804 9.9973E-05 0.0171055 9.9973E-05 0.109574 0.254097
9.9964E-05 0.0269419 0.016481 0.0126714 9.9964E-05 0.00114019 9.9964E-05 0.0504583 9.9964E-05 0.891907
9.9946E-05 9.9946E-05 0.0081738 0.0344536 9.9946E-05 9.9946E-05 9.9946E-05 0.0930711 9.9946E-05 0.863702
0.242249 9.9937E-05 9.9937E-05 9.9937E-05 9.9937E-05 9.9937E-05 9.9937E-05 0.0297632 9.9937E-05 0.727288
0.44978 9.9964E-05 9.9964E-05 9.9964E-05 0.0441111 0.0282984 0.0474846 9.9964E-05 0.00766961 0.422256
0.531884 0.0283156 0.033498 0.0607636 0.0124273 9.9991E-05 0.0403666 0.00973896 0.111836 0.17107
0.464718 0.00893183 9.9964E-05 0.00252141 9.9964E-05 0.00114711 0.0115191 9.9964E-05 9.9964E-05 0.510763
0.175683 9.9955E-05 9.9955E-05 9.9955E-05 0.16761 9.9955E-05 0.0195153 9.9955E-05 0.0413832 0.595309
0.249896 9.9973E-05 9.9973E-05 0.00106301 0.15083 0.0193221 0.0385553 9.9973E-05 0.00902115 0.531012
0.485055 0.0491894 0.0158831 9.9982E-05 0.0549881 9.9982E-05 0.0403255 0.0336877 0.0804695 0.240201
0.366094 9.9964E-05 9.9964E-05 9.9964E-05 0.0815758 0.00638266 0.0174062 9.9964E-05 0.0129056 0.515236
0.449968 9.9955E-05 9.9955E-05 9.9955E-05 0.0591469 0.0569522 0.00343707 9.9955E-05 9.9955E-05 0.429996
0.451376 9.9964E-05 0.0131242 0.00943538 9.9964E-05 0.000202849 9.9964E-05 0.0500445 9.9964E-05 0.475417
9.9937E-05 9.9937E-05 0.133076 9.9937E-05 9.9937E-05 9.9937E-05 9.9937E-05 0.121153 9.9937E-05 0.745072
0.592364 0.0252985 0.0358933 0.0294966 9.9982E-05 0.00919897 0.0282803 9.9982E-05 0.00230353 0.276965
0.0678053 9.9964E-05 0.0256676 9.9964E-05 0.0315906 0.0642137 0.0548212 9.9964E-05 0.755502 9.9964E-05
0.0645049 9.9946E-05 0.00384029 9.9946E-05 9.9946E-05 0.0638108 9.9946E-05 9.9946E-05 0.867244 9.9946E-05
0.112513 0.023226 0.00985974 9.9955E-05 9.9955E-05 0.0514341 9.9955E-05 9.9955E-05 0.802468 9.9955E-05
0.028087 0.0532978 9.9946E-05 9.9946E-05 9.9946E-05 0.0379627 9.9946E-05 9.9946E-05 0.880053 9.9946E-05
9.9946E-05 0.0304949 9.9946E-05 9.9946E-05 9.9946E-05 0.0270504 9.9946E-05 0.0206042 0.921251 9.9946E-05
0.0598716 0.0473506 0.00357836 0.00994223 9.9973E-05 0.0191933 9.9973E-05 0.0164039 0.84336 9.9973E-05
0.0827778 9.9937E-05 9.9937E-05 9.9937E-05 9.9937E-05 0.0252883 9.9937E-05 9.9937E-05 0.891234 9.9937E-05
0.54405 0.00930645 0.0158546 0.006631 0.0761322 0.0116432 0.0484644 0.0145982 0.0526281 0.220692
0.508787 0.055862 9.9982E-05 0.0211753 0.0844996 0.0135675 9.9982E-05 0.0696321 0.104435 0.141841
0.0407214 9.9964E-05 9.9964E-05 9.9964E-05 0.163827 9.9964E-05 0.0569777 0.01419 0.0429674 0.680916
0.572617 0.0417049 0.00461491 9.9991E-05 0.0145863 0.0365117 0.0515674 0.0777444 0.0429356 0.157617
0.367337 9.9964E-05 9.9964E-05 9.9964E-05 0.0950562 0.0279989 0.00939255 9.9964E-05 0.0135627 0.486253
0.534047 9.9964E-05 9.9964E-05 9.9964E-05 0.0325812 0.0389241 9.9964E-05 0.00665301 0.015206 0.372189
0.56304 0.0115894 9.9973E-05 0.0848662 0.0115258 9.9973E-05 9.9973E-05 0.0774936 0.0324447 0.21874
0.502799 0.0290704 9.9982E-05 9.9982E-05 0.00554291 0.0180633 0.031949 0.0771638 0.00281511 0.332397
9.9946E-05 9.9946E-05 9.9946E-05 9.9946E-05 0.274094 9.9946E-05 0.0354035 9.9946E-05 0.051844 0.638059
0.494922 9.9991E-05 0.0442428 0.0453848 0.120465 0.0199848 0.0158379 0.0390791 0.0943423 0.125642
0.631653 9.9991E-05 0.0384146 0.0213305 0.0725295 0.0119407 0.012716 0.0216965 0.0218745 0.167745
0.579685 0.0121428 0.0048089 0.0698546 0.0560905 0.0227137 0.0365678 0.00800569 0.0941722 0.115959
0.22346 9.9964E-05 0.0727245 0.0692465 0.00810411 9.9964E-05 9.9964E-05 0.0783421 9.9964E-05 0.547723
0.496511 0.001374 9.9955E-05 9.9955E-05 9.9955E-05 0.00453627 9.9955E-05 0.0589477 9.9955E-05 0.438131
0.442604 9.9955E-05 9.9955E-05 9.9955E-05 0.0988794 9.9955E-05 0.012776 9.9955E-05 0.0228255 0.422415
0.366009 0.0168717 9.9946E-05 9.9946E-05 9.9946E-05 9.9946E-05 9.9946E-05 0.0345902 9.9946E-05 0.581929
0.43541 9.9964E-05 9.9964E-05 9.9964E-05 0.138487 0.0116393 0.0258189 9.9964E-05 0.0210623 0.367183
0.53042 0.0269714 0.0440271 9.9982E-05 0.0921278 0.00296007 0.0526859 9.9982E-05 0.0653544 0.185254
0.300083 0.000398282 0.145424 9.9964E-05 0.383418 9.9964E-05 0.0410429 0.129234 9.9964E-05 9.9964E-05
0.396114 9.9982E-05 0.0221196 0.108911 0.332068 0.0056197 0.0591672 9.9982E-05 0.0455147 0.0302862
0.540117 0.0357903 9.9991E-05 0.0401321 0.171833 0.00842671 0.0275422 0.0218449 0.126289 0.0279252
0.578435 0.0224061 0.0342089 0.0800606 0.100189 0.00954808 0.0409472 9.9991E-05 0.0609819 0.073123
0.472256 9.9982E-05 0.00563643 0.0286094 0.391893 0.035654 0.0177063 9.9982E-05 0.0157133 0.0323315
0.589086 0.0301046 0.00379544 0.0178427 0.187352 9.9991E-05 0.0464522 0.0376796 0.065777 0.02181
0.448935 9.9955E-05 9.9955E-05 9.9955E-05 0.432221 9.9955E-05 0.0549366 0.00570396 0.0577032 9.9955E-05
0.537992 0.0265295 0.0817994 0.0229841 0.155732 0.0171105 0.0456532 0.048686 0.0188312 0.0446816
0.570051 0.0486037 0.0217808 0.017305 0.173788 0.00484318 0.00574689 0.0644201 0.0725586 0.0209035
0.5717 9.9973E-05 9.9973E-05 0.0541509 0.29256 0.0220249 0.0194186 0.027992 0.0118531 9.9973E-05
0.56326 9.9973E-05 9.9973E-05 0.00524481 0.284909 0.0171534 0.0477564 0.0446542 9.9973E-05 0.0367223
0.562561 0.0519307 9.9982E-05 0.0122404 0.160909 9.9982E-05 0.061431 0.0735441 0.0299322 0.047251
0.620507 0.000597132 0.0841566 0.0296929 0.12097 0.00257937 0.0226816 0.0652205 0.053495 9.9991E-05
0.577771 0.0192076 0.0396666 9.9982E-05 0.214871 9.9982E-05 0.0448509 0.0963566 0.00501883 0.00205804
0.506071 0.0863951 0.0372035 0.0173712 0.121391 0.0147082 0.11481 0.0660764 0.0358733 9.9991E-05
0.584171 0.0327774 0.0217421 9.9973E-05 0.141107 9.9973E-05 0.0646556 0.125824 9.9973E-05 0.0294227
0.329463 0.0146125 0.114871 0.0927295 0.263228 0.0238856 0.0322906 0.0938143 0.0183439 0.0167616
0.624274 0.00717826 0.0571349 0.00346339 0.170236 0.00178469 9.9991E-05 0.0511621 0.0295672 0.0550993
0.67319 9.9964E-05 0.0160456 9.9964E-05 0.111485 9.9964E-05 0.0481138 0.103785 0.0469803 9.9964E-05
0.196163 0.012226 9.9982E-05 0.0440692 0.59902 9.9982E-05 0.0513325 0.0205841 0.0325175 0.0438877
0.160187 9.9973E-05 0.147841 0.0740478 0.310658 9.9973E-05 0.0459334 0.214623 9.9973E-05 0.0464104
0.452905 0.0313255 0.0291343 0.030571 0.262183 0.0089228 0.0304609 0.0746561 0.0370002 0.0428411
0.0383643 9.9964E-05 0.0747971 0.112674 0.376205 9.9964E-05 9.9964E-05 0.281436 9.9964E-05 0.116124
0.320405 9.9973E-05 9.9973E-05 0.0309818 0.542056 0.00666788 0.0234077 0.0307637 9.9973E-05 0.0454185
0.42366 9.9946E-05 9.9946E-05 9.9946E-05 0.484173 9.9946E-05 9.9946E-05 0.0446448 9.9946E-05 0.0469228
0.345075 9.9964E-05 0.0184031 9.9964E-05 0.491305 0.0229219 0.0303663 9.9964E-05 9.9964E-05 0.0915287
0.319121 0.00173923 9.9973E-05 0.0908882 0.525735 9.9973E-05 0.00128678 0.0493372 9.9973E-05 0.0115923
0.583686 9.9991E-05 0.0554883 0.0424194 0.214869 0.0017198 0.024426 0.0237957 0.0450431 0.00845282
0.576745 0.03007 0.0846206 9.9982E-05 0.17427 9.9982E-05 0.0485102 0.0401885 0.0428652 0.00253062
0.56541 0.0134708 0.060642 0.0557408 0.171221 9.9982E-05 0.0793129 0.0436866 0.0103162 9.9982E-05
0.13823 0.0112168 0.0747968 0.115227 0.408874 9.9973E-05 9.9973E-05 0.170708 9.9973E-05 0.0806465
0.470487 0.0557305 0.00895217 0.119245 0.0797683 9.9991E-05 0.0643017 0.0464653 0.124705 0.0302459
0.443471 0.0195979 0.10235 0.161291 0.0134694 0.00777176 0.0839127 0.076481 0.0381518 0.0535044
9.9964E-05 9.9964E-05 0.310153 0.313276 0.0525551 9.9964E-05 0.0391153 0.151523 9.9964E-05 0.132977
0.658618 0.0413476 0.0658718 0.0716924 0.0768565 0.00179665 9.9991E-05 0.00680672 0.047346 0.029564
0.246916 0.0238985 0.135239 0.2662 0.094533 0.00134633 0.0192828 0.0441326 0.0117188 0.156732
0.465209 0.0501296 0.103796 0.172354 0.0431943 0.0252272 9.9991E-05 0.0305061 0.0418908 0.0675933
0.15402 9.9982E-05 0.162972 0.35695 0.0457074 0.0145562 0.0984561 0.0765291 9.9982E-05 0.0906094
0.0233862 9.9982E-05 0.193394 0.34937 0.0987758 0.00294811 0.0806338 0.119237 9.9982E-05 0.132055
0.387645 9.9991E-05 0.084553 0.212786 0.0708407 0.00552709 0.0265756 0.107375 0.019304 0.0852934
0.423837 0.0601659 0.0297765 0.091728 0.0355089 0.0129921 0.0655092 0.0690286 0.120279 0.0911741
0.431112 9.9991E-05 0.103759 0.102893 0.135452 0.0361915 0.0026578 0.02795 0.102971 0.0569144
0.0800237 0.0374404 0.227442 0.157443 0.1356 0.012158 9.9982E-05 0.137777 9.9982E-05 0.211916
0.465578 0.0629003 0.0237447 0.162638 0.0789371 9.9982E-05 0.0283245 0.102946 0.0747307 9.9982E-05
0.258055 9.9964E-05 0.05747 0.328323 0.0972172 9.9964E-05 9.9964E-05 0.136184 9.9964E-05 0.122351
0.402179 9.9964E-05 0.0944004 0.164165 0.072374 9.9964E-05 9.9964E-05 0.143048 9.9964E-05 0.123434
0.557379 0.0129329 0.0163541 0.140979 0.0938864 0.00934149 0.0101852 0.0182419 0.104132 0.0365674
0.146753 0.178145 0.165789 0.17147 0.00806061 0.0198119 0.013568 9.9982E-05 0.296203 9.9982E-05
9.9955E-05 0.0873242 0.46583 0.115146 9.9955E-05 9.9955E-05 0.00957811 9.9955E-05 0.321622 9.9955E-05
9.9955E-05 0.0698908 0.495277 0.125981 9.9955E-05 0.00531686 9.9955E-05 9.9955E-05 0.303035 9.9955E-05
0.0787962 0.219811 0.250822 0.168763 9.9973E-05 9.9973E-05 0.0384039 9.9973E-05 0.238634 0.00447066
0.531283 9.9964E-05 9.9964E-05 0.26957 0.0196507 0.0135904 9.9964E-05 0.0751705 9.9964E-05 0.0903356
0.5322 0.0289193 0.0469101 0.159019 0.0397053 0.0370386 0.00271435 0.0655159 0.0315132 0.0564635
0.306689 0.682085 9.9946E-05 9.9946E-05 0.00399634 0.00662967 9.9946E-05 9.9946E-05 9.9946E-05 9.9946E-05
0.329775 0.463408 0.0278784 9.9982E-05 0.098796 0.0188595 0.00668104 0.00171814 9.9982E-05 0.0526834
0.364553 0.378704 0.00919834 9.9991E-05 0.0588694 0.00666741 0.0235993 0.0615937 0.0633403 0.033375
0.20568 9.9964E-05 0.0576985 0.430635 0.0274759 9.9964E-05 9.9964E-05 0.201626 9.9964E-05 0.0764845
0.452727 0.0294703 0.0238756 0.089525 0.126267 0.0234801 0.0348108 0.082917 0.072094 0.0648328
0.160991 9.9964E-05 0.00359301 0.579851 0.109105 9.9964E-05 9.9964E-05 0.123769 9.9964E-05 0.0222914
0.537508 9.9973E-05 0.0194799 0.274418 9.9973E-05 9.9973E-05 0.0359918 0.0953099 0.0201556 0.0168371
0.387229 0.0430316 0.0122473 0.377548 0.020309 9.9991E-05 0.0403798 0.102868 0.0126756 0.00361111
0.502406 0.00409799 9.9964E-05 0.383223 9.9964E-05 0.018962 9.9964E-05 0.071247 9.9964E-05 0.0196646
0.121355 9.9973E-05 0.0840182 0.552518 0.00212422 9.9973E-05 0.0109584 0.158407 9.9973E-05 0.0703196
0.608594 9.9982E-05 0.0229883 0.269379 9.9982E-05 0.0100121 0.041557 0.0206527 0.023152 0.00346496
0.527672 0.00486342 0.105111 0.138038 0.0244265 9.9982E-05 9.9982E-05 0.00607898 0.0825346 0.111075
0.0224138 0.950487 9.9946E-05 9.9946E-05 9.9946E-05 9.9946E-05 0.00265513 9.9946E-05 0.0238444 9.9946E-05
0.0703903 0.896335 9.9946E-05 0.0090306 9.9946E-05 9.9946E-05 9.9946E-05 0.0236445 9.9946E-05 9.9946E-05
0.287078 0.549194 9.9973E-05 9.9973E-05 0.034226 0.0328534 9.9973E-05 0.0100273 0.0310317 0.0552892
0.353163 0.607781 9.9973E-05 0.00107495 0.00820087 0.00518261 0.0169159 9.9973E-05 9.9973E-05 0.00738211
0.136634 0.809693 9.9964E-05 9.9964E-05 0.0137808 0.000854674 0.00226449 9.9964E-05 9.9964E-05 0.0363727
9.99201E-05 0.999101 9.99201E-05 9.99201E-05 9.99201E-05 9.99201E-05 9.99201E-05 9.99201E-05 9.99201E-05 9.99201E-05
9.9946E-05 0.968629 9.9946E-05 9.9946E-05 0.0103264 9.9946E-05 0.0164812 0.00396419 9.9946E-05 9.9946E-05
0.114937 0.879303 9.9937E-05 9.9937E-05 9.9937E-05 9.9937E-05 9.9937E-05 9.9937E-05 9.9937E-05 0.00506065
9.9946E-05 0.950333 9.9946E-05 9.9946E-05 0.0297676 0.000307234 0.0189925 9.9946E-05 9.9946E-05 9.9946E-05
9.99201E-05 0.999101 9.99201E-05 9.99201E-05 9.99201E-05 9.99201E-05 9.99201E-05 9.99201E-05 9.99201E-05 9.99201E-05
9.99201E-05 0.999101 9.99201E-05 9.99201E-05 9.99201E-05 9.99201E-05 9.99201E-05 9.99201E-05 9.99201E-05 9.99201E-05
0.172478 0.75282 9.9973E-05 0.0284051 0.00591987 0.000210483 0.0170014 9.9973E-05 0.0228657 9.9973E-05
0.126649 0.775708 0.0198507 9.9982E-05 0.0220374 0.00132354 0.0114115 9.9982E-05 0.0264279 0.0163926
9.99201E-05 0.999101 9.99201E-05 9.99201E-05 9.99201E-05 9.99201E-05 9.99201E-05 9.99201E-05 9.99201E-05 9.99201E-05
0.35644 0.36473 9.9982E-05 0.029921 0.0925742 0.0161025 0.0168452 0.0692627 0.053925 9.9982E-05
0.235595 0.650148 9.9964E-05 9.9964E-05 0.0351446 0.0229348 0.0280731 9.9964E-05 9.9964E-05 0.0277051
0.142816 0.812426 9.9955E-05 0.0125579 9.9955E-05 0.0296975 9.9955E-05 9.9955E-05 0.00200214 9.9955E-05
0.0923144 0.889107 9.9955E-05 9.9955E-05 0.0024131 9.9955E-05 0.00806607 9.9955E-05 0.0075997 9.9955E-05
9.99201E-05 0.999101 9.99201E-05 9.99201E-05 9.99201E-05 9.99201E-05 9.99201E-05 9.99201E-05 9.99201E-05 9.99201E-05
0.0378979 0.93899 0.00231237 9.9946E-05 9.9946E-05 9.9946E-05 9.9946E-05 9.9946E-05 0.0202004 9.9946E-05
9.9928E-05 0.997594 9.9928E-05 9.9928E-05 9.9928E-05 0.00160662 9.9928E-05 9.9928E-05 9.9928E-05 9.9928E-05
0.237663 0.611531 9.9973E-05 0.0315052 9.9973E-05 0.00756829 0.00486627 9.9973E-05 0.0431914 0.0633745
0.00333735 0.949805 9.9946E-05 9.9946E-05 9.9946E-05 0.0178921 9.9946E-05 9.9946E-05 9.9946E-05 0.0283659
9.9955E-05 0.00982809 0.23267 0.518808 9.9955E-05 9.9955E-05 9.9955E-05 0.0432197 0.194975 9.9955E-05
0.33428 0.0908289 0.0470773 0.28827 0.0140895 0.0137909 0.0354776 0.00601007 0.170075 9.9991E-05
0.409016 0.0423931 0.0693327 0.272936 9.9991E-05 0.0188383 0.0463283 0.0175828 0.115348 0.0081244
0.136156 0.0976329 0.181939 0.441441 9.9982E-05 0.00937844 0.0280995 0.0137667 0.0913863 9.9982E-05
0.457345 0.0711641 0.101255 0.149637 0.043801 0.00113297 9.9982E-05 9.9982E-05 0.0980095 0.0774557
0.0159283 0.118981 0.120121 0.531536 9.9973E-05 0.00651916 9.9973E-05 0.0417807 0.164833 9.9973E-05
0.468376 0.0473884 0.120003 0.126573 0.0546733 9.9982E-05 0.0165855 0.0324745 0.133726 9.9982E-05
0.256 0.0952632 0.105153 0.396772 9.9973E-05 0.0126403 0.0113092 9.9973E-05 0.122562 9.9973E-05
0.39939 0.117511 0.0830237 0.218928 9.9982E-05 0.0113016 0.0191347 0.0400223 0.110489 9.9982E-05
0.328698 0.0797607 0.113019 0.277868 9.9982E-05 0.0286852 0.0189329 9.9982E-05 0.142493 0.0103432
0.406948 0.0882142 0.0958064 0.18017 0.0102859 0.0140011 0.027659 0.00144704 0.150815 0.0246533
0.0578532 9.9964E-05 9.9964E-05 0.0273657 9.9964E-05 0.00873516 0.0169451 0.0110522 0.877649 9.9964E-05
9.9955E-05 0.0740691 9.9955E-05 0.0103059 9.9955E-05 0.0247887 9.9955E-05 0.0209475 0.869389 9.9955E-05
0.0312591 9.9964E-05 0.00476882 9.9964E-05 9.9964E-05 0.0431067 0.00760703 0.00365824 0.9092 9.9964E-05
9.9946E-05 9.9946E-05 0.0471739 9.9946E-05 9.9946E-05 0.00557232 9.9946E-05 9.9946E-05 0.944823 0.0018313
0.0537597 9.9946E-05 9.9946E-05 9.9946E-05 0.0263545 0.0438194 9.9946E-05 9.9946E-05 0.875467 9.9946E-05
0.01543 0.00187201 0.0323052 9.9964E-05 9.9964E-05 0.040739 9.9964E-05 0.00543164 0.903822 9.9964E-05
0.051472 0.0255127 0.00412257 9.9973E-05 0.00500207 0.061125 0.00868252 9.9973E-05 0.843783 9.9973E-05
0.0078611 9.9973E-05 0.0264807 9.9973E-05 0.0136148 0.0358114 0.0253222 0.00815886 0.882451 9.9973E-05
0.0117222 0.0152675 0.0146552 0.0411262 0.000175809 0.0216337 9.9982E-05 9.9982E-05 0.862797 0.0324229
0.00270552 0.0172012 0.102315 9.9964E-05 9.9964E-05 0.0242123 0.0284877 9.9964E-05 0.824679 9.9964E-05
9.9955E-05 9.9955E-05 9.9955E-05 0.0810583 0.153002 9.9955E-05 0.146528 9.9955E-05 0.579509 0.039403
9.9964E-05 9.9964E-05 0.030994 9.9964E-05 0.195743 0.021423 0.177457 9.9964E-05 0.572148 0.00183618
9.9982E-05 9.9982E-05 0.0115937 0.034622 0.217134 0.0149646 0.149553 0.0189112 0.499008 0.0540139
9.9964E-05 9.9964E-05 9.9964E-05 0.108282 0.255203 9.9964E-05 0.155642 0.00903214 0.457425 0.0140167
0.471195 9.9982E-05 0.00613572 0.0675073 0.164487 0.0395741 0.0146936 9.9982E-05 0.0267607 0.209447
0.477089 9.9973E-05 0.0174386 9.9973E-05 0.0655325 9.9973E-05 0.040892 0.0625001 0.05989 0.276358
0.542808 9.9964E-05 9.9964E-05 0.0440595 0.238836 0.00502632 9.9964E-05 0.0172287 9.9964E-05 0.151642
0.360387 9.9964E-05 0.0297525 9.9964E-05 0.311572 9.9964E-05 0.0164331 9.9964E-05 0.0197969 0.261659
0.176651 0.00870496 9.9973E-05 0.0719254 0.586846 9.9973E-05 0.0793062 0.0582544 9.9973E-05 0.0180122
0.663333 9.9964E-05 9.9964E-05 9.9964E-05 0.050074 9.9964E-05 0.0239697 0.0556464 0.0264146 0.180163
0.584961 0.0031172 9.9964E-05 9.9964E-05 0.142427 9.9964E-05 0.00925087 0.0159082 9.9964E-05 0.243936
0.496214 9.9973E-05 0.0581713 0.052359 0.0102373 9.9973E-05 0.0201685 0.0705277 9.9973E-05 0.292022
0.400945 0.000382714 9.9946E-05 9.9946E-05 9.9946E-05 9.9946E-05 9.9946E-05 0.051817 9.9946E-05 0.546255
0.649168 0.00294583 0.0603424 9.9982E-05 0.0368645 9.9982E-05 0.0569602 0.0940293 0.0163398 0.08315
0.436518 9.9955E-05 9.9955E-05 9.9955E-05 0.0955797 0.0225815 9.9955E-05 9.9955E-05 0.00206157 0.442759
9.9937E-05 9.9937E-05 0.000338409 9.9937E-05 9.9937E-05 9.9937E-05 9.9937E-05 0.158553 9.9937E-05 0.840409
0.590405 9.9991E-05 0.000940897 0.0317684 0.127109 0.0150877 0.00221806 0.0455502 0.0445232 0.142298
0.142687 9.9955E-05 0.0316445 0.0858139 9.9955E-05 9.9955E-05 9.9955E-05 0.0948346 9.9955E-05 0.644521
0.527094 0.000864092 9.9982E-05 9.9982E-05 0.00822742 0.0207506 0.0152282 0.0560811 0.0146398 0.356915
0.162726 9.9946E-05 9.9946E-05 9.9946E-05 0.21248 9.9946E-05 9.9946E-05 9.9946E-05 0.00457075 0.619624
9.9937E-05 9.9937E-05 0.0109241 9.9937E-05 9.9937E-05 0.00921358 0.979163 9.9937E-05 9.9937E-05 9.9937E-05
9.99201E-05 9.99201E-05 9.99201E-05 9.99201E-05 9.99201E-05 9.99201E-05 0.999101 9.99201E-05 9.99201E-05 9.99201E-05
9.99201E-05 9.99201E-05 9.99201E-05 9.99201E-05 9.99201E-05 9.99201E-05 0.999101 9.99201E-05 9.99201E-05 9.99201E-05
9.9946E-05 9.9946E-05 9.9946E-05 9.9946E-05 0.0653279 9.9946E-05 0.897315 9.9946E-05 0.0135328 0.023225
0.0612154 9.9928E-05 9.9928E-05 9.9928E-05 9.9928E-05 9.9928E-05 0.937985 9.9928E-05 9.9928E-05 9.9928E-05
0.031799 0.00508324 9.9937E-05 9.9937E-05 9.9937E-05 9.9937E-05 0.962418 9.9937E-05 9.9937E-05 9.9937E-05
0.0186913 0.067544 9.9964E-05 9.9964E-05 9.9964E-05 0.00845587 0.0183369 9.9964E-05 0.853381 0.0331914
0.125996 9.9964E-05 0.0367569 9.9964E-05 0.0202164 9.9964E-05 9.9964E-05 0.00432494 0.796515 0.0157908
0.143223 0.0447533 9.99804E-05 9.99804E-05 0.013009 0.0205496 9.99804E-05 0.00182243 0.754677 0.0216661
0.0078647 0.0718861 9.9955E-05 9.9955E-05 0.0241539 9.9955E-05 9.9955E-05 9.9955E-05 0.839417 0.0561786
0.10358 0.0695658 9.9964E-05 0.0303145 0.0224251 0.0154096 9.9964E-05 9.9964E-05 0.758305 9.9964E-05
9.9973E-05 9.9973E-05 0.0188755 0.0680696 0.224487 0.00779643 0.338304 9.9973E-05 0.340083 0.00208506
9.9964E-05 9.9964E-05 9.9964E-05 0.0117345 0.174023 0.0479195 0.391316 0.0254391 0.349168 9.9964E-05
0.015995 0.00527754 0.0389485 9.9982E-05 0.153738 0.0305496 0.381284 0.0266553 0.347352 9.9982E-05
9.99201E-05 9.99201E-05 9.99201E-05 9.99201E-05 9.99201E-05 0.999101 9.99201E-05 9.99201E-05 9.99201E-05 9.99201E-05
9.9964E-05 9.9964E-05 9.9964E-05 0.0276625 0.209658 0.0438587 0.360128 0.0371864 0.321106 9.9964E-05
0.323787 0.21914 0.22221 9.9964E-05 9.9964E-05 0.0140489 9.9964E-05 0.000832946 0.219581 9.9964E-05
0.536928 0.191478 0.0609544 0.0484311 0.0610933 9.9973E-05 0.00768776 9.9973E-05 0.0931279 9.9973E-05
0.563466 0.210675 9.9946E-05 9.9946E-05 9.9946E-05 9.9946E-05 9.9946E-05 0.0257472 0.199513 9.9946E-05
0.348265 0.192289 0.124399 0.0552702 9.9982E-05 9.9982E-05 0.011162 0.0080331 0.224144 0.0362381
0.484705 0.105061 0.0856487 0.0223173 0.0657845 0.0463815 0.0241598 0.0141638 0.0913556 0.0604231
9.9973E-05 0.256248 0.314841 0.0254065 9.9973E-05 0.00814863 0.033444 0.0454714 0.316141 9.9973E-05
0.441463 9.9955E-05 9.9955E-05 0.0440488 0.402298 9.9955E-05 0.0903358 0.0213546 9.9955E-05 9.9955E-05
0.403171 9.9973E-05 0.0335639 0.0790782 0.178421 9.9973E-05 0.0633304 0.187768 9.9973E-05 0.0543674
0.27086 9.9964E-05 9.9964E-05 0.0740242 0.554012 0.00764024 0.0268839 9.9964E-05 9.9964E-05 0.0661796
0.493186 0.0095879 0.012425 0.0025571 0.134571 0.0030503 0.0443114 0.242433 9.9991E-05 0.0577776
9.9964E-05 9.9964E-05 0.0587464 0.118776 0.353337 9.9964E-05 0.00514636 0.362204 9.9964E-05 0.10139
0.566877 0.0243327 0.0789188 0.0747911 0.0957006 9.9982E-05 0.0425651 9.9982E-05 0.0605056 0.0561096
0.504056 0.0138712 0.00661883 0.0672263 0.154716 0.0134317 0.0553313 0.125246 9.9991E-05 0.0594022
0.338903 9.9982E-05 0.0309273 0.0634496 0.44252 0.0221433 0.0198823 0.0229776 9.9982E-05 0.058997
0.542069 0.0202902 9.9982E-05 0.038607 0.165987 9.9982E-05 0.0239964 0.0412934 0.0968637 0.0706939
0.0875232 9.9964E-05 0.0514212 0.174739 0.336181 9.9964E-05 9.9964E-05 0.200036 9.9964E-05 0.1497
0.505259 0.0496821 0.0218705 0.0555771 0.200246 0.0269488 0.0124384 0.0631028 9.9991E-05 0.0647751
0.452263 9.9982E-05 0.0171081 9.9982E-05 0.324981 0.0218541 0.066759 0.0433983 0.000893636 0.0725435
0.450532 0.0953983 0.1633 9.9982E-05 0.10681 9.9982E-05 0.0303454 0.0467385 0.0463199 0.0603553
0.326506 9.9955E-05 0.120384 9.9955E-05 0.31231 9.9955E-05 9.9955E-05 0.148329 9.9955E-05 0.091971
0.437675 0.000907012 0.0820016 0.0291808 0.25442 9.9982E-05 0.0110573 0.104507 9.9982E-05 0.0800521
0.559605 9.9973E-05 0.02769 0.0107192 0.0894348 9.9973E-05 0.0717842 0.155567 9.9973E-05 0.084899
0.515537 9.9973E-05 0.0341283 0.0724698 0.185596 9.9973E-05 0.0262628 0.103131 9.9973E-05 0.0625758
0.563299 0.0717191 9.9982E-05 0.0609819 0.083563 0.0257679 0.0751507 0.0966593 9.9982E-05 0.0226594
0.554877 0.0232984 9.9982E-05 0.0345596 0.0989196 9.9982E-05 0.0847098 0.0352884 0.104764 0.0633825
0.581326 9.9973E-05 0.0525077 0.0172911 0.184056 9.9973E-05 9.9973E-05 0.0350936 0.0803905 0.049035
0.132686 0.0279913 9.9946E-05 9.9946E-05 9.9946E-05 0.00606844 9.9946E-05 9.9946E-05 0.832655 9.9946E-05
0.128807 0.0034758 9.9946E-05 9.9946E-05 9.9946E-05 0.00109427 9.9946E-05 9.9946E-05 0.866023 9.9946E-05
0.0577049 9.9973E-05 0.00568059 9.9973E-05 9.9973E-05 0.0466168 0.0389892 0.00900914 0.83477 0.00692985
0.000216372 0.0713876 9.9964E-05 9.9964E-05 9.9964E-05 0.0338352 0.0389903 9.9964E-05 0.851807 0.00336389
0.0956792 9.9946E-05 9.9946E-05 9.9946E-05 9.9946E-05 0.0288799 0.0175866 9.9946E-05 0.857255 9.9946E-05
0.135554 0.013672 0.0354208 0.0748287 0.652029 0.0075626 0.0203324 9.9991E-05 0.0178079 0.0426931
0.517116 0.00746848 0.0794919 9.9991E-05 0.190504 0.0242173 0.0340814 0.085178 0.00846471 0.0533786
0.402232 0.182758 0.139108 0.057996 9.9982E-05 0.00921873 0.0850961 0.0239564 0.0994345 9.9982E-05
0.618769 0.0408244 0.0197696 9.9973E-05 0.202781 0.0280523 0.0306151 9.9973E-05 9.9973E-05 0.0588879
0.506098 9.9964E-05 0.0440528 9.9964E-05 0.368326 0.0238591 0.0135269 9.9964E-05 9.9964E-05 0.0437376
0.251919 9.9973E-05 0.113216 0.0547449 0.321669 9.9973E-05 0.00611344 0.173298 9.9973E-05 0.07874
9.9973E-05 9.9973E-05 0.0549298 0.00775224 0.823262 0.0196305 9.9973E-05 0.00518257 0.0435132 0.04543
0.455564 9.9991E-05 0.0198667 0.0466151 0.337233 0.0313529 0.0501175 0.016467 0.0233175 0.0193668
0.227279 0.0384537 0.0075245 0.0402167 0.531787 9.9982E-05 0.104908 0.0129639 0.0366675 9.9982E-05
0.465222 9.9991E-05 0.0392295 0.053483 0.15746 0.00776547 0.0447399 0.0827819 0.0396408 0.109577
0.151151 9.9982E-05 0.0267829 0.0301873 0.592854 9.9982E-05 0.0876285 0.0230683 0.0715881 0.0165402
0.538547 0.0476801 9.9973E-05 9.9973E-05 0.2649 0.0253767 0.0400896 0.0380564 0.0450499 9.9973E-05
0.131562 0.0215991 9.9982E-05 0.111175 0.594363 0.0317515 9.9982E-05 0.00382033 0.028565 0.076964
0.269178 0.061093 0.0611054 0.0603286 0.313419 9.9982E-05 0.0301756 0.125875 9.9982E-05 0.0786249
0.529179 9.9991E-05 0.0750127 0.142903 0.0521643 0.0124837 0.0762829 0.0655785 0.0284757 0.0178201
0.20616 9.9973E-05 0.0149572 0.56624 0.00865627 9.9973E-05 0.0523752 0.124507 9.9973E-05 0.0268048
0.498896 9.9991E-05 0.00856977 0.290771 0.00145279 0.000842256 0.0458088 0.0668249 0.0266389 0.0600958
0.519257 9.9973E-05 0.0619124 0.178347 0.0720012 0.0343355 0.0708825 9.9973E-05 0.0629646 9.9973E-05
0.173615 9.9973E-05 0.0370164 0.576147 0.00720918 9.9973E-05 0.0462752 0.0683453 9.9973E-05 0.091092
0.563313 0.0110353 0.0395916 0.152626 9.9991E-05 0.0241149 0.0357018 0.085575 0.0410547 0.046888
0.461396 9.9973E-05 9.9973E-05 0.341364 0.0227347 9.9973E-05 0.0637247 0.0605369 0.00693017 0.0430138
0.0297259 9.9964E-05 0.039857 0.602315 9.9964E-05 9.9964E-05 0.0378966 0.182611 9.9964E-05 0.107195
0.0892769 9.9964E-05 0.0456237 0.724599 9.9964E-05 9.9964E-05 0.0501427 0.0440492 9.9964E-05 0.0459086
0.381382 9.9982E-05 0.0363731 0.361938 0.00870495 0.019025 0.0415678 0.0719886 9.9982E-05 0.078821
9.9946E-05 9.9946E-05 9.9946E-05 0.611502 9.9946E-05 9.9946E-05 0.0849781 0.132345 9.9946E-05 0.170575
0.379445 9.9973E-05 0.0112847 0.458493 0.0408212 9.9973E-05 0.0180636 0.0430294 9.9973E-05 0.048563
0.140152 0.00148859 0.0216874 9.9982E-05 0.767589 0.0238233 0.00267908 0.015715 9.9982E-05 0.026665
0.188256 0.040469 0.072093 9.9964E-05 0.419012 9.9964E-05 9.9964E-05 0.268072 9.9964E-05 0.0116972
0.39027 0.0813482 9.9973E-05 9.9973E-05 0.438487 0.0328226 0.0341706 9.9973E-05 0.00310367 0.019499
0.547089 0.0219708 0.0226383 0.021125 0.25019 0.025993 0.0336303 9.9991E-05 0.0149544 0.0623094
0.218849 0.0100827 9.9955E-05 9.9955E-05 0.636089 9.9955E-05 0.0100798 9.9955E-05 9.9955E-05 0.1244
0.499493 0.0635845 0.104726 9.9991E-05 0.169411 0.0168032 0.0169466 0.0608045 0.0123989 0.0557321
0.59288 9.9973E-05 0.0636656 9.9973E-05 0.213354 0.0298274 9.9973E-05 0.0326461 0.0294534 0.037874
0.518649 0.0189073 0.051081 9.9982E-05 0.193067 0.00627452 0.049655 0.078144 9.9982E-05 0.0840215
0.517795 0.0466513 0.0241582 9.9973E-05 0.244245 9.9973E-05 0.0593712 0.0859268 9.9973E-05 0.0215529
0.459145 0.0347239 9.9973E-05 9.9973E-05 0.40192 0.00890866 0.0599602 9.9973E-05 0.0245232 0.0105188
0.27067 9.9964E-05 0.0348604 9.9964E-05 0.580731 0.0236479 9.9964E-05 0.0266192 9.9964E-05 0.0630719
0.398247 0.0223736 0.0063809 9.9973E-05 0.445901 9.9973E-05 0.0283694 0.056936 9.9973E-05 0.0414922
0.598831 9.9964E-05 0.0765798 9.9964E-05 0.224642 0.00665394 9.9964E-05 0.0800425 9.9964E-05 0.0128504
0.580898 0.0554877 0.0295466 9.9991E-05 0.136876 0.0129557 0.0453199 0.0809163 0.0288424 0.0290577
0.285254 0.092897 0.147811 9.9973E-05 0.23903 9.9973E-05 0.0416362 0.0530666 9.9973E-05 0.140005
0.448856 0.0714578 0.0461451 0.00262208 0.27196 0.0110993 0.000257855 0.104412 9.9991E-05 0.0430902
0.344849 0.0451548 0.00692687 0.0152276 0.502215 0.0239919 0.0300643 9.9982E-05 9.9982E-05 0.0313704
0.546865 0.0284157 0.046107 9.9982E-05 0.276945 9.9982E-05 0.0032734 0.042867 0.0348606 0.0204667
0.43794 0.0596565 9.9973E-05 9.9973E-05 0.329589 0.0123967 0.0500568 0.0477939 9.9973E-05 0.0622671
0.517042 0.0127446 9.9991E-05 0.0599748 0.119185 0.0270076 0.000945249 0.0439312 0.104134 0.114936
0.435382 0.0865367 0.0697235 0.0402412 0.0556826 0.00722935 9.9973E-05 9.9973E-05 0.304905 9.9973E-05
0.575219 0.0862232 0.108266 9.9982E-05 0.00167646 0.0124425 9.9982E-05 0.0639241 0.120203 0.0318455
0.465249 0.0764459 0.0842769 0.0735568 0.0559386 0.0178704 9.9991E-05 0.016859 0.134366 0.0753381
0.537541 0.0879967 0.110908 0.0379439 0.043884 0.04151 0.0321609 0.0556456 0.0523095 9.9991E-05
0.493822 0.145865 0.171639 0.0200559 0.00854848 0.00112209 9.9991E-05 0.0040023 0.143079 0.0117662
0.483834 9.9973E-05 0.0296269 0.0776685 0.188253 9.9973E-05 0.0339021 0.180359 9.9973E-05 0.00605732
0.525851 0.0801611 0.0144362 0.0624643 9.9991E-05 0.0267065 0.0234987 0.00972697 0.150742 0.106314
0.104492 0.0915314 0.339991 0.128921 0.125183 9.9982E-05 9.9982E-05 0.0625004 0.12519 0.0219927
0.58122 0.0660927 0.11153 0.0739236 0.0828986 0.0295591 0.0216593 9.9982E-05 0.0329167 9.9982E-05
0.507337 0.133571 0.0852341 9.9991E-05 0.050282 0.0114614 0.0107812 0.0635254 0.103962 0.0337457
0.513932 0.136174 0.0316642 0.0943769 0.0624215 0.0337545 0.0391331 0.0230769 0.063476 0.00199025
0.352003 0.0473218 0.207405 0.0481975 0.110319 0.0130229 9.9991E-05 0.0869984 0.103764 0.0308682
0.562287 0.102234 0.0698833 0.0302613 0.0684408 0.00798859 0.00320193 0.00136358 0.1464 0.00793904
0.523436 0.148159 0.101424 0.00978219 0.0129588 0.0282372 0.0206063 0.0627067 0.0925904 9.9991E-05
9.9955E-05 0.0602547 0.52548 0.0700038 9.9955E-05 9.9955E-05 9.9955E-05 0.0295087 0.314253 9.9955E-05
0.528293 0.108802 0.0537841 9.9991E-05 0.0808377 0.0250765 0.00090318 0.0487911 0.139571 0.0138418
0.509612 0.173463 0.110875 0.026538 0.028416 0.00770254 9.9991E-05 0.0349626 0.0993402 0.0089902
0.647829 0.021705 0.0980731 0.0424405 0.0988441 0.0106984 9.9982E-05 0.0150165 0.0651936 9.9982E-05
0.556681 0.145449 0.0792232 0.0455875 9.9973E-05 0.0319545 0.00990633 9.9973E-05 0.130898 9.9973E-05
0.474625 0.106362 0.026896 0.103117 0.00976626 0.0208163 9.9991E-05 0.0116498 0.184837 0.0618304
0.390301 0.0367051 9.9973E-05 0.00747769 9.9973E-05 9.9973E-05 0.0277168 0.399187 0.0380766 0.100236
0.476031 0.0683963 9.9973E-05 9.9973E-05 0.0771762 0.00226657 9.9973E-05 0.246681 0.051217 0.0779323
9.9937E-05 9.9937E-05 9.9937E-05 9.9937E-05 0.0552915 9.9937E-05 9.9937E-05 0.922473 9.9937E-05 0.0215363
9.9937E-05 9.9937E-05 9.9937E-05 0.0270291 0.032507 9.9937E-05 9.9937E-05 0.939764 9.9937E-05 9.9937E-05
0.4294 0.0385682 9.9991E-05 0.0603378 0.0138708 0.0215894 0.0258661 0.315291 0.0694897 0.0254874
0.355379 0.247651 0.0938054 0.0425207 9.9973E-05 9.9973E-05 0.0002502 0.124471 0.135622 9.9973E-05
0.355878 0.229735 0.0946075 9.9955E-05 9.9955E-05 9.9955E-05 9.9955E-05 0.189375 0.129905 9.9955E-05
0.216274 0.224721 0.194878 9.9955E-05 9.9955E-05 9.9955E-05 9.9955E-05 0.236045 0.127583 9.9955E-05
0.368361 0.179434 0.181462 9.9964E-05 9.9964E-05 0.0391549 9.9964E-05 0.168559 0.0626296 9.9964E-05
0.109014 0.00401563 0.147035 0.0144326 9.9973E-05 0.0138852 9.9973E-05 0.65756 0.0537582 9.9973E-05
0.140581 0.0425457 0.0944791 9.9964E-05 9.9964E-05 0.0354137 9.9964E-05 0.659286 0.0272951 9.9964E-05
0.538997 0.0469852 0.0243567 9.9973E-05 9.9973E-05 9.9973E-05 0.00112717 0.357638 0.0265334 0.00406298
0.358284 0.106695 0.030652 9.9955E-05 9.9955E-05 9.9955E-05 9.9955E-05 0.443904 0.0599652 9.9955E-05
0.168201 0.0694313 9.9964E-05 9.9964E-05 9.9964E-05 0.0210214 0.00580974 0.704623 0.0305142 9.9964E-05
0.513136 0.0385082 0.0166561 0.024378 0.0328112 0.0303238 0.0211442 0.297603 0.0253388 9.9991E-05
0.535713 0.0596803 0.0322649 0.0143391 9.9982E-05 0.00931472 0.0154841 0.288516 0.0444886 9.9982E-05
0.474237 0.072911 0.00262461 0.0593151 0.0245797 0.000190472 9.9991E-05 0.253285 0.0765163 0.0362403
0.293838 9.9964E-05 9.9964E-05 9.9964E-05 0.0126138 0.0142259 0.000907302 0.653342 9.9964E-05 0.0246736
0.352215 9.9964E-05 9.9964E-05 0.0373179 0.0775845 0.0030929 9.9964E-05 0.495716 0.0336744 9.9964E-05
0.522056 0.0120745 9.9982E-05 9.9982E-05 0.0295667 0.00166589 0.0173274 0.337439 0.0677061 0.0119646
0.432989 9.9991E-05 0.00438803 0.0257224 0.0582861 0.0203349 0.0343774 0.365618 0.0427053 0.0154789
0.501274 0.00385752 0.0427873 0.0463964 0.031809 9.9982E-05 9.9982E-05 0.257888 0.085867 0.0299207
0.427361 9.9964E-05 9.9964E-05 0.0337785 9.9964E-05 0.00711759 9.9964E-05 0.467611 0.0171818 0.0465501
0.159978 9.9946E-05 9.9946E-05 9.9946E-05 9.9946E-05 0.00300201 0.019594 0.816826 9.9946E-05 9.9946E-05
0.584099 9.9946E-05 0.0172448 9.9946E-05 9.9946E-05 0.0143639 9.9946E-05 0.383692 9.9946E-05 9.9946E-05
0.141189 9.9973E-05 9.9973E-05 0.0072297 0.05741 9.9973E-05 0.00470692 0.776945 0.00484681 0.0073719
0.404157 9.9955E-05 9.9955E-05 9.9955E-05 9.9955E-05 0.00440085 0.0284778 0.551522 0.0109423 9.9955E-05
0.474692 0.00524764 9.9982E-05 0.00801461 0.0356726 0.0357995 9.9982E-05 0.30564 0.0683329 0.0664008
0.486986 0.0211358 9.9991E-05 0.00671251 0.0897055 0.00125442 0.0179971 0.319715 0.0489589 0.00743496
0.441576 0.156896 0.0348801 0.0578321 0.0324689 0.029624 0.0191746 0.141327 0.086121 9.9991E-05
0.447725 0.0869291 0.118846 0.0870221 0.0187694 0.0577593 0.00732848 0.102205 0.0678397 0.00557475
0.314515 0.214831 0.117871 0.0884879 9.9973E-05 0.0142636 9.9973E-05 0.0999594 0.149772 9.9973E-05
0.34481 0.193337 0.110382 0.0511644 0.0132706 0.0334538 0.0237372 0.0814408 0.148305 9.9991E-05
0.446022 0.160506 0.010434 0.0669597 9.9991E-05 0.0124261 0.0405262 0.027501 0.178907 0.056618
0.417728 0.0942575 0.0456233 0.0481833 9.9982E-05 0.0271026 9.9982E-05 0.191796 0.157422 0.0176877
9.9955E-05 0.101301 0.0946138 9.9955E-05 9.9955E-05 0.0257569 9.9955E-05 0.666583 0.111246 9.9955E-05
0.549376 0.144383 0.0164843 0.00782451 9.9982E-05 0.022788 0.0395971 0.136813 0.0825341 9.9982E-05
9.9955E-05 0.0694589 0.229025 0.0211378 9.9955E-05 9.9955E-05 9.9955E-05 0.413774 0.266105 9.9955E-05
0.491165 0.145814 0.0144522 9.9964E-05 9.9964E-05 0.00032088 9.9964E-05 0.303906 0.0439412 9.9964E-05
0.0774429 9.9928E-05 9.9928E-05 9.9928E-05 9.9928E-05 9.9928E-05 9.9928E-05 0.921758 9.9928E-05 9.9928E-05
9.9937E-05 9.9937E-05 9.9937E-05 9.9937E-05 9.9937E-05 0.00356998 9.9937E-05 0.937152 9.9937E-05 0.0585784
