0.0943831 9.9946E-05 0.0125179 9.9946E-05 9.9946E-05 9.9946E-05 0.856795 9.9946E-05 0.0357045 9.9946E-05
0.0425136 9.9946E-05 9.9946E-05 9.9946E-05 9.9946E-05 9.9946E-05 0.915966 0.0115003 0.0294207 9.9946E-05
9.9973E-05 9.9973E-05 0.0480999 0.021102 0.011011 9.9973E-05 0.843164 0.0402601 0.0207428 0.0153202
0.0281135 9.9955E-05 0.12165 9.9955E-05 9.9955E-05 9.9955E-05 0.772762 9.9955E-05 0.0408112 0.0361635
9.99281E-05 9.99281E-05 0.102569 9.99281E-05 9.99281E-05 9.99281E-05 0.896631 9.99281E-05 9.99281E-05 9.99281E-05
0.0841834 9.9973E-05 0.102013 0.121518 9.9973E-05 9.9973E-05 0.586554 0.00887175 0.0250334 0.0715265
9.9964E-05 9.9964E-05 0.0217331 0.136087 0.0209554 9.9964E-05 0.730357 9.9964E-05 0.0444813 0.0459864
9.9964E-05 9.9964E-05 0.0419599 0.172412 0.0267144 9.9964E-05 0.64447 9.9964E-05 0.0354739 0.0785701
9.99549E-05 9.99549E-05 9.99549E-05 0.039669 9.99549E-05 0.0307765 0.794886 9.99549E-05 0.0215479 0.112621
9.9973E-05 0.0416266 0.0590228 0.115213 0.00885114 9.9973E-05 0.732021 9.9973E-05 0.0142387 0.028727
9.9955E-05 9.9955E-05 0.108227 0.124868 9.9955E-05 9.9955E-05 0.695442 9.9955E-05 0.0103197 0.0606442
9.9946E-05 9.9946E-05 0.0407017 9.9946E-05 0.0110099 0.91011 0.0375791 9.9946E-05 9.9946E-05 9.9946E-05
9.9964E-05 9.9964E-05 0.442296 9.9964E-05 0.0552899 0.447043 0.0310654 9.9964E-05 0.0225228 0.00138319
9.9946E-05 9.9946E-05 0.0541254 9.9946E-05 0.0540618 0.878381 9.9946E-05 9.9946E-05 0.0128325 9.9946E-05
0.0187398 9.9955E-05 0.0430783 9.9955E-05 0.10066 0.822433 0.0145895 9.9955E-05 9.9955E-05 9.9955E-05
0.0461038 9.9955E-05 0.286923 9.9955E-05 0.0749172 0.514277 0.0772793 9.9955E-05 9.9955E-05 9.9955E-05
9.9964E-05 9.9964E-05 0.468526 0.00942337 0.0847948 0.395293 0.0362178 9.9964E-05 0.00534498 9.9964E-05
0.0198325 9.9973E-05 0.341476 0.0199166 0.0204963 0.52374 9.9973E-05 0.05232 0.0219195 9.9973E-05
0.0305901 9.9973E-05 0.129336 0.00472178 0.0300175 0.70765 0.083791 9.9973E-05 0.0135938 9.9973E-05
9.9946E-05 9.9946E-05 9.9946E-05 0.0272077 9.9946E-05 0.936059 0.0199017 9.9946E-05 9.9946E-05 0.0162317
9.9982E-05 0.0110375 0.308224 0.0283542 0.0536605 0.538778 0.0131681 0.0276858 0.0188921 9.9982E-05
9.9955E-05 0.0793894 0.394373 0.162433 0.0421335 0.321172 9.9955E-05 9.9955E-05 9.9955E-05 9.9955E-05
9.9982E-05 0.0108142 0.458577 9.9982E-05 0.042836 0.326783 0.0309233 0.0886845 0.0168353 0.0243471
9.9955E-05 9.9955E-05 0.0198407 9.9955E-05 0.0786067 0.872438 0.0184216 9.9955E-05 0.0101934 9.9955E-05
9.9982E-05 0.0259258 0.628875 0.0176019 0.0364526 0.187265 0.0776383 0.00510114 0.020941 9.9982E-05
9.9955E-05 9.9955E-05 0.4345 9.9955E-05 0.0115074 0.521139 0.0278578 9.9955E-05 0.00449585 9.9955E-05
9.9946E-05 9.9946E-05 0.0357337 9.9946E-05 0.00623477 0.913067 0.0443645 9.9946E-05 9.9946E-05 9.9946E-05
9.9955E-05 9.9955E-05 0.0596725 9.9955E-05 0.0931359 0.826893 0.00377986 9.9955E-05 0.0160187 9.9955E-05
9.9946E-05 9.9946E-05 0.0681284 0.0496466 9.9946E-05 0.87752 9.9946E-05 0.00410519 9.9946E-05 9.9946E-05
9.99201E-05 9.99201E-05 9.99201E-05 9.99201E-05 9.99201E-05 9.99201E-05 9.99201E-05 9.99201E-05 0.999101 9.99201E-05
9.99201E-05 9.99201E-05 9.99201E-05 9.99201E-05 9.99201E-05 9.99201E-05 9.99201E-05 9.99201E-05 0.999101 9.99201E-05
0.0733652 9.9964E-05 0.0153823 9.9964E-05 0.0710943 9.9964E-05 0.414472 9.9964E-05 0.382973 0.0423133
0.133996 9.9964E-05 0.0751169 0.0127766 0.0274794 9.9964E-05 0.444474 9.9964E-05 0.305757 9.9964E-05
9.9973E-05 9.9973E-05 0.489891 0.139879 9.9973E-05 0.0443376 0.0384236 0.200254 0.0203579 0.0665567
0.0106181 0.0214875 0.496141 9.9991E-05 0.0729736 0.0412355 0.0488408 0.260616 0.00753248 0.040455
9.9973E-05 0.00147686 0.563295 0.00261264 9.9973E-05 9.9973E-05 0.0391766 0.370043 0.00335676 0.019739
9.9964E-05 0.000320579 0.0866847 9.9964E-05 9.9964E-05 0.603016 0.0326164 0.0632864 9.9964E-05 0.213676
0.0102435 0.0605506 0.265558 0.076565 0.0149001 9.9973E-05 9.9973E-05 0.54622 0.0256629 9.9973E-05
0.0376013 9.9973E-05 0.471554 9.9973E-05 9.9973E-05 0.166196 0.0800576 0.189972 0.0109383 0.0433815
0.0329363 9.9964E-05 0.680576 0.0324456 9.9964E-05 9.9964E-05 0.0359814 0.199995 0.0176653 9.9964E-05
9.9964E-05 9.9964E-05 0.540965 0.259036 9.9964E-05 0.0894725 0.0735027 0.0190454 0.0175779 9.9964E-05
9.9982E-05 9.9982E-05 0.573819 0.0621622 0.0440297 0.116783 0.0843392 0.0989301 0.00373342 0.0160029
9.9955E-05 9.9955E-05 0.124 9.9955E-05 9.9955E-05 0.191762 9.9955E-05 0.651335 0.0152313 0.017173
0.0102798 9.9973E-05 0.64479 0.248958 0.0228358 0.0318766 0.00603554 9.9973E-05 9.9973E-05 0.0349253
9.9982E-05 0.0506716 0.582235 0.0333691 0.0352358 0.00856264 0.0779216 0.187585 0.0242185 9.9982E-05
0.0260909 9.9991E-05 0.603555 0.0870288 0.0478447 0.0225155 0.114081 0.0589376 0.0173384 0.0225089
0.00460473 0.0786817 0.327376 0.00222087 9.9955E-05 9.9955E-05 9.9955E-05 0.586617 9.9955E-05 9.9955E-05
0.0495445 0.000188131 0.597283 9.9964E-05 9.9964E-05 0.0205248 0.0579114 0.274148 9.9964E-05 9.9964E-05
0.0582621 0.0108847 0.489396 0.0837603 0.0378167 9.9991E-05 0.0786914 0.146358 0.000905275 0.0938251
9.9937E-05 0.0429104 9.9937E-05 0.345638 9.9937E-05 9.9937E-05 9.9937E-05 0.610752 9.9937E-05 9.9937E-05
9.9964E-05 0.0687853 0.0814638 0.0263606 9.9964E-05 0.48493 9.9964E-05 0.0535405 9.9964E-05 0.28452
0.0943943 0.175953 0.0411114 0.161364 9.9964E-05 0.441823 9.9964E-05 0.0849548 9.9964E-05 9.9964E-05
0.0709415 0.0705862 0.579759 0.030007 0.0227765 0.0999403 0.0564491 0.0238675 0.0157775 0.0298958
0.098896 0.0374864 0.533195 0.0858059 0.0116159 0.153263 0.0546855 0.0229951 0.000908391 0.0011485
0.154602 0.0512487 0.563769 0.0308606 9.9991E-05 0.0812521 0.0493947 0.0369571 0.00354546 0.0282702
0.00437877 9.9973E-05 0.155833 9.9973E-05 9.9973E-05 0.365213 0.107145 0.102892 0.00939016 0.254848
0.0517934 0.0277065 0.430384 0.0102269 9.9982E-05 0.346413 9.9982E-05 0.0401596 0.0256446 0.0674726
0.040578 0.0599218 0.496371 0.00480696 0.0518414 0.187583 0.0721223 0.0638027 0.0102487 0.0127243
0.0278004 0.0225971 0.330439 0.0435052 9.9991E-05 0.304728 0.0992363 0.0739672 0.0163189 0.0813084
9.9982E-05 9.9982E-05 0.064545 0.0632745 0.00485499 0.558187 0.129282 0.0140263 0.0268474 0.138783
9.9982E-05 0.0647391 0.49872 9.9982E-05 0.00260551 0.252862 0.0975422 0.0313835 0.0219454 0.0300029
0.0400422 0.0775357 0.466704 9.9973E-05 9.9973E-05 0.270152 0.0441813 9.9973E-05 0.0215232 0.0795624
9.9964E-05 9.9964E-05 9.9964E-05 0.0757134 9.9964E-05 0.656044 0.0180561 0.0591385 0.0469624 0.143686
9.9964E-05 0.0442249 0.35472 9.9964E-05 9.9964E-05 0.463438 9.9964E-05 0.0368136 0.026342 0.0740619
0.129362 0.125653 0.524212 9.9991E-05 0.000262368 0.0882009 0.00847691 0.0655971 0.0250012 0.0331342
0.0178496 0.0436232 0.590462 9.9982E-05 9.9982E-05 0.204052 0.071683 0.00802016 0.0348577 0.0292528
9.9982E-05 9.9982E-05 0.181949 0.0338337 0.0413735 0.517115 0.0506223 0.0700092 0.0415845 0.0633132
0.00558646 0.0635996 0.412857 0.0316013 0.0435327 0.27737 0.0228 0.0603554 0.0236367 0.0586615
0.107535 0.0949154 0.476749 9.9982E-05 9.9982E-05 0.234769 0.00312614 0.0249058 0.0183971 0.0394021
9.9973E-05 0.0133541 0.128439 0.055154 9.9973E-05 0.588744 9.9973E-05 0.0739957 0.0393252 0.100688
9.9946E-05 9.9946E-05 0.525612 9.9946E-05 9.9946E-05 0.0296072 0.00877111 0.43541 9.9946E-05 9.9946E-05
9.9955E-05 9.9955E-05 0.171446 9.9955E-05 0.00763191 0.0606931 9.9955E-05 0.717544 0.0421857 9.9955E-05
0.111506 9.9982E-05 0.456657 9.9982E-05 0.0164235 0.067515 0.0685665 0.220788 0.0208266 0.0375176
0.0214474 0.0590793 9.9946E-05 0.0662 9.9946E-05 9.9946E-05 9.9946E-05 0.852674 9.9946E-05 9.9946E-05
9.9937E-05 0.0504891 9.9937E-05 0.0916607 9.9937E-05 9.9937E-05 9.9937E-05 0.857151 9.9937E-05 9.9937E-05
9.9946E-05 0.0445976 0.230994 9.9946E-05 0.00396123 9.9946E-05 9.9946E-05 0.719847 9.9946E-05 9.9946E-05
9.9955E-05 9.9955E-05 0.424457 9.9955E-05 9.9955E-05 0.0690646 9.9955E-05 0.411115 0.0310948 0.0637686
0.061638 0.0470542 0.556327 0.0230493 9.9991E-05 0.0909898 0.064266 0.100354 0.0359569 0.0202645
0.00182005 0.0181242 0.434697 0.00652477 0.0466635 0.0279444 0.0030302 0.459368 0.00172789 9.9991E-05
9.9955E-05 9.9955E-05 0.137642 9.9955E-05 9.9955E-05 0.0936005 0.0643292 0.622695 9.9955E-05 0.0812335
9.9964E-05 9.9964E-05 0.254599 9.9964E-05 9.9964E-05 0.0740462 0.0319502 0.52731 0.00453797 0.107157
9.9964E-05 9.9964E-05 0.501745 9.9964E-05 0.078307 9.9964E-05 0.0682461 0.285548 0.00934838 0.0564048
9.9964E-05 9.9964E-05 0.330261 9.9964E-05 9.9964E-05 0.0543622 0.0254221 0.542524 0.0118789 0.0351518
9.9964E-05 9.9964E-05 0.460093 9.9964E-05 9.9964E-05 0.0025256 0.011584 0.423153 0.029353 0.0728913
9.9946E-05 0.0487934 0.449279 0.0702678 9.9946E-05 9.9946E-05 9.9946E-05 0.43106 9.9946E-05 9.9946E-05
0.00422975 0.109824 9.9955E-05 0.210526 9.9955E-05 9.9955E-05 0.00187873 0.673042 9.9955E-05 9.9955E-05
0.0488755 0.0333158 0.585535 0.0410406 0.0037836 9.9982E-05 0.014595 0.245748 9.9982E-05 0.0269073
9.9946E-05 9.9946E-05 0.0976049 9.9946E-05 9.9946E-05 9.9946E-05 0.773354 9.9946E-05 0.0576359 0.0708051
0.0304838 9.9946E-05 0.0573996 9.9946E-05 9.9946E-05 9.9946E-05 0.856695 9.9946E-05 0.0548224 9.9946E-05
0.0540631 9.9946E-05 0.122079 9.9946E-05 9.9946E-05 9.9946E-05 0.790977 9.9946E-05 0.0322813 9.9946E-05
9.9946E-05 9.9946E-05 0.0206456 9.9946E-05 0.061785 9.9946E-05 0.892202 9.9946E-05 0.0247675 9.9946E-05
9.9955E-05 0.0132967 9.9955E-05 9.9955E-05 0.0552991 0.0155334 0.877267 9.9955E-05 0.0381045 9.9955E-05
9.9955E-05 0.0279853 0.0658923 9.9955E-05 0.0579834 9.9955E-05 0.840452 9.9955E-05 0.0071872 9.9955E-05
9.9946E-05 9.9946E-05 0.0687004 9.9946E-05 0.004281 9.9946E-05 0.90263 9.9946E-05 0.023789 9.9946E-05
0.128114 9.9991E-05 0.419581 0.0158094 0.0403559 0.101995 0.0315148 0.188671 0.0241731 0.0496864
0.00725804 0.028307 0.482309 0.005472 0.0686603 0.138892 0.0988998 0.133312 0.0367891 9.9991E-05
9.9964E-05 0.00609478 0.0432475 9.9964E-05 9.9964E-05 0.125044 0.0378174 0.667138 9.9964E-05 0.120258
0.0522802 0.0109412 0.556499 0.013693 0.00566303 0.0744614 0.0487905 0.199345 0.0135159 0.0248107
9.9964E-05 9.9964E-05 0.372185 9.9964E-05 9.9964E-05 0.0965506 0.0343904 0.441397 0.0166 0.038477
9.9982E-05 9.9982E-05 0.512603 0.00937968 0.00159793 0.0242341 0.0660943 0.317573 0.0260708 0.0422472
0.00812298 0.0513847 0.556118 0.044752 0.0137398 0.03571 0.0492245 0.218051 9.9991E-05 0.0227964
0.0272791 0.0386056 0.489237 9.9973E-05 0.0323081 9.9973E-05 0.0100952 0.393233 0.00894183 9.9973E-05
9.9955E-05 9.9955E-05 9.9955E-05 9.9955E-05 9.9955E-05 0.147538 0.0466727 0.667249 0.00688561 0.131156
0.0239706 0.0397498 0.502172 0.0471175 0.0270269 0.00567349 0.077082 0.161913 0.0111496 0.104145
0.0205266 9.9991E-05 0.655046 0.0402269 0.0041472 0.0541052 0.0754306 0.110865 0.00204256 0.0375096
0.0123652 0.0264981 0.601909 0.0323565 0.0408622 0.0541564 0.0732145 0.121128 0.0246656 0.0128439
0.00653088 0.0541073 0.254362 0.13735 0.0229703 0.0462085 9.9991E-05 0.442729 0.0161143 0.0195272
0.0252279 0.0520681 0.47137 9.9955E-05 0.00979564 9.9955E-05 9.9955E-05 0.441039 9.9955E-05 9.9955E-05
9.9973E-05 0.0131678 0.438986 9.9973E-05 0.0126647 0.135541 0.00674492 0.350716 9.9973E-05 0.0418799
9.9964E-05 0.047994 0.370684 0.00523319 0.0412568 9.9964E-05 9.9964E-05 0.530727 0.00370508 9.9964E-05
9.9973E-05 9.9973E-05 0.435588 0.0113115 9.9973E-05 0.0449887 0.0469467 0.373103 0.0182667 0.0694961
0.0668589 9.9991E-05 0.518857 0.0422399 0.036184 0.0616877 0.0398966 0.138746 0.00190499 0.0935251
0.0998692 0.169877 0.196418 0.0445116 0.00853391 0.237222 9.9982E-05 9.9982E-05 0.0307751 0.212593
9.9964E-05 9.9964E-05 0.387051 0.0655706 9.9964E-05 0.332279 0.0398741 0.00715104 9.9964E-05 0.167674
0.105039 0.0628011 0.454297 9.9982E-05 0.00660121 0.163056 0.0945893 9.9982E-05 0.00269828 0.110718
0.0227324 0.0451184 0.540067 0.0251989 0.0289262 0.0935624 0.106636 0.0577898 0.0115401 0.0684291
0.0224064 0.00183431 0.423847 0.0238027 9.9982E-05 0.324912 0.0189992 9.9982E-05 0.0190581 0.16494
0.0093635 0.0283988 0.615669 0.0143753 9.9973E-05 0.132914 0.0467032 9.9973E-05 9.9973E-05 0.152277
0.00170784 9.9964E-05 0.444812 9.9964E-05 9.9964E-05 0.274027 0.0405376 9.9964E-05 0.00457413 0.233942
0.0272533 0.0439612 0.495099 0.0465805 9.9982E-05 0.213328 9.9982E-05 0.0687509 0.0573796 0.0474474
0.0161228 0.0467647 0.595627 9.9991E-05 0.032366 0.112368 0.0663716 0.0166117 0.0209906 0.0926776
9.9982E-05 0.00697502 0.581811 0.00650519 0.0118763 0.222831 0.0357478 9.9982E-05 0.00314553 0.130908
9.9964E-05 0.0157202 0.565409 9.9964E-05 9.9964E-05 0.207653 0.0338903 9.9964E-05 0.0104827 0.166445
0.0916756 0.0868326 0.533721 0.0299842 0.0191584 0.124369 0.0533281 9.9982E-05 9.9982E-05 0.0607313
0.146099 0.0702219 0.572925 0.0486593 0.00101588 9.9982E-05 0.0646194 0.0119616 9.9982E-05 0.0842976
0.00914407 0.0316658 0.536481 0.0307277 0.0676384 0.17091 9.9991E-05 0.0428632 0.000817013 0.109653
0.180974 0.0379495 0.512415 0.0474659 9.9982E-05 0.0628624 0.0258013 9.9982E-05 0.0088125 0.12352
0.0156221 0.110009 0.581019 0.013528 0.0204387 0.136672 0.0257414 9.9982E-05 9.9982E-05 0.0967697
0.13783 0.0946878 0.260067 0.118359 9.9982E-05 0.202627 0.0242051 9.9982E-05 0.00214986 0.159874
0.0686076 0.0973964 0.60583 9.99802E-05 9.99802E-05 0.0233647 0.0605379 0.0422402 9.99802E-05 0.101724
0.0261432 0.0743784 0.620557 0.0531447 9.9982E-05 0.0675489 0.0389544 9.9982E-05 0.00154037 0.117533
9.9973E-05 0.019247 0.144785 9.9973E-05 0.0140396 0.528371 0.0333221 0.0213339 9.9973E-05 0.238601
0.0843509 0.245857 0.0683124 0.140732 9.9973E-05 0.412477 9.9973E-05 0.0299229 9.9973E-05 0.0180484
9.99888E-05 0.0137384 0.480807 0.044058 0.0263908 0.274696 0.0429145 0.0421122 9.99888E-05 0.0750832
9.9973E-05 0.293465 0.00313097 0.166459 0.00505738 0.381817 9.9973E-05 0.0654084 9.9973E-05 0.0843623
9.9955E-05 0.0279554 0.240404 9.9955E-05 9.9955E-05 0.535901 9.9955E-05 9.9955E-05 0.018979 0.17626
9.9964E-05 0.0456025 0.375444 9.9964E-05 9.9964E-05 0.371048 9.9964E-05 0.0354534 0.000318916 0.171733
9.9955E-05 9.9955E-05 0.305005 9.9955E-05 9.9955E-05 0.384071 9.9955E-05 0.0513718 0.0433688 0.215684
9.9955E-05 0.0785561 0.286433 9.9955E-05 9.9955E-05 0.381571 9.9955E-05 0.0379523 9.9955E-05 0.214988
0.0330947 0.0271066 0.537167 0.017092 9.9991E-05 0.217458 0.0598353 0.0401074 0.0173971 0.0506424
0.0473631 0.04017 0.543972 0.021559 9.9991E-05 0.127202 0.0845053 0.0597657 0.0403491 0.0350138
0.055485 0.0593283 0.52863 0.00909883 9.9982E-05 0.194732 0.0206714 0.0427423 9.9982E-05 0.0891118
0.0215482 0.179483 0.0842924 0.132279 0.00345381 0.454583 9.9982E-05 0.0186079 9.9982E-05 0.105553
0.0322044 0.0701506 0.514641 0.090051 0.0262169 0.0523106 0.110368 0.0877866 0.0161709 9.9991E-05
0.0383239 0.103913 0.477239 0.202479 0.0261787 0.0109338 0.0251463 0.053578 0.0123998 0.0498088
9.9964E-05 0.13589 9.9964E-05 0.58756 9.9964E-05 0.0674945 0.0680206 0.125007 9.9964E-05 0.0156278
0.0759872 0.0307492 0.641443 0.138125 0.0138309 0.0747807 0.00743696 0.0160654 9.9991E-05 0.00148175
9.9991E-05 0.102995 0.288408 0.344381 0.0414571 0.119774 0.0307896 0.0272099 0.00809363 0.036792
0.0762614 0.0404394 0.530666 0.157503 0.0139084 0.00390314 0.0451672 0.0388443 0.0305196 0.0627871
9.9982E-05 0.0541562 0.263529 0.445136 9.9982E-05 0.0784019 0.0129864 0.0376689 0.0224732 0.0854483
9.9973E-05 0.113482 0.0917721 0.491155 9.9973E-05 0.115768 9.9973E-05 0.0858199 0.0251391 0.0765644
0.058955 0.0934644 0.379001 0.242687 9.9982E-05 0.0497537 9.9982E-05 0.0942076 0.00208316 0.0796478
9.9991E-05 0.0460291 0.440762 0.134927 0.052211 0.0293186 0.114978 0.114369 0.00203613 0.0652693
0.0781913 0.00972971 0.424855 0.160743 9.9991E-05 0.115376 0.102775 0.0154371 0.015805 0.0769874
0.0337468 0.145476 0.0333868 0.329431 0.0598736 0.255276 9.9982E-05 0.140233 0.00237718 9.9982E-05
0.0718319 0.0396594 0.486567 0.0823835 0.0304579 0.102943 0.0359225 0.0678609 0.0221091 0.0602645
9.9964E-05 0.125633 0.312269 0.348304 9.9964E-05 0.11201 9.9964E-05 0.0582854 9.9964E-05 0.0430978
9.9964E-05 0.0887916 0.416308 0.223356 9.9964E-05 0.118553 9.9964E-05 0.106928 9.9964E-05 0.0456636
0.0494401 0.0601772 0.539459 0.14543 0.0472549 9.9982E-05 0.0729727 0.0547979 9.9982E-05 0.0302683
0.263916 9.9973E-05 0.103402 0.219413 0.0845712 0.0233918 0.263127 9.9973E-05 0.0418799 9.9973E-05
0.234392 9.9937E-05 9.9937E-05 0.386681 9.9937E-05 9.9937E-05 0.378228 9.9937E-05 9.9937E-05 9.9937E-05
0.04911 9.9955E-05 9.9955E-05 0.456918 0.102462 9.9955E-05 0.388764 9.9955E-05 0.00224597 9.9955E-05
0.250449 9.9982E-05 0.0384315 0.264968 0.128667 0.0436808 0.264385 9.9982E-05 0.00879658 0.000421669
9.9973E-05 0.0765292 0.601638 0.21545 9.9973E-05 0.0110711 9.9973E-05 0.0655492 0.0260827 0.00337921
9.9991E-05 0.0542721 0.60773 0.0718735 0.0248574 0.0424177 0.0712546 0.078049 0.00451213 0.0449337
0.0290152 9.9946E-05 0.334616 9.9946E-05 0.629917 9.9946E-05 9.9946E-05 9.9946E-05 0.00585159 9.9946E-05
9.9964E-05 0.0343335 0.359327 9.9964E-05 0.471738 0.0676794 9.9964E-05 9.9964E-05 0.00843862 0.0580837
0.0177775 0.00917345 0.358474 0.0310892 0.40827 0.0447938 0.0249047 0.00641495 0.0161858 0.082917
9.9973E-05 0.146418 0.272186 0.424296 0.00936195 0.0880243 9.9973E-05 0.0588703 0.000544144 9.9973E-05
0.0393969 0.0926854 0.454724 0.106602 0.0286031 0.0814367 0.0531902 0.0818381 0.00131817 0.0602052
9.9946E-05 0.0986748 0.261903 0.509783 9.9946E-05 0.12904 9.9946E-05 9.9946E-05 9.9946E-05 9.9946E-05
0.0137727 0.082026 0.570174 0.230104 9.9973E-05 0.0148444 0.050883 0.0378954 9.9973E-05 9.9973E-05
9.9973E-05 0.124476 0.456872 0.290908 0.0191948 0.0785584 0.0226462 9.9973E-05 9.9973E-05 0.0070443
9.9964E-05 0.0714116 0.602847 0.297157 9.9964E-05 9.9964E-05 9.9964E-05 0.00281873 0.0128784 0.0124879
9.9964E-05 0.0884333 0.232606 0.581715 9.9964E-05 0.049339 9.9964E-05 0.0456578 9.9964E-05 0.00184884
0.00515283 0.0200278 0.656487 0.158978 0.0285253 0.0439467 0.0193531 0.0207303 0.0250843 0.0217153
0.0334767 0.0733264 0.597509 0.12025 9.9991E-05 0.0226834 0.0942325 0.0100465 0.014464 0.0339122
0.00349162 0.0171699 0.0345513 9.9964E-05 0.935247 9.9964E-05 0.00858427 9.9964E-05 9.9964E-05 0.000555915
9.9946E-05 0.00822573 0.0609482 9.9946E-05 0.874788 0.0554386 9.9946E-05 9.9946E-05 9.9946E-05 9.9946E-05
9.9973E-05 9.9973E-05 0.282145 9.9973E-05 0.52193 0.0827506 0.063715 0.0190672 0.00583547 0.0242569
0.00512419 9.9964E-05 0.353993 9.9964E-05 0.616736 0.0204273 9.9964E-05 9.9964E-05 0.00266702 0.000652687
9.9973E-05 9.9973E-05 0.154419 9.9973E-05 0.804058 0.00913156 0.00127419 0.0176091 0.00217722 0.0110308
9.99201E-05 9.99201E-05 9.99201E-05 9.99201E-05 0.999101 9.99201E-05 9.99201E-05 9.99201E-05 9.99201E-05 9.99201E-05
9.9946E-05 0.0218987 0.011467 9.9946E-05 0.945083 9.9946E-05 9.9946E-05 9.9946E-05 9.9946E-05 0.0209515
0.0116651 9.9937E-05 0.183654 9.9937E-05 0.803981 9.9937E-05 9.9937E-05 9.9937E-05 9.9937E-05 9.9937E-05
9.9946E-05 9.9946E-05 9.9946E-05 9.9946E-05 0.925358 0.00175625 9.9946E-05 9.9946E-05 0.0161131 0.0561726
9.99201E-05 9.99201E-05 9.99201E-05 9.99201E-05 0.999101 9.99201E-05 9.99201E-05 9.99201E-05 9.99201E-05 9.99201E-05
9.99201E-05 9.99201E-05 9.99201E-05 9.99201E-05 0.999101 9.99201E-05 9.99201E-05 9.99201E-05 9.99201E-05 9.99201E-05
0.0381663 9.9973E-05 0.202376 9.9973E-05 0.722363 0.00461407 0.000230446 9.9973E-05 0.025576 0.00637376
0.00880277 9.9964E-05 0.109905 9.9964E-05 0.761655 0.0470128 0.0693514 9.9964E-05 9.9964E-05 0.00287361
9.99201E-05 9.99201E-05 9.99201E-05 9.99201E-05 0.999101 9.99201E-05 9.99201E-05 9.99201E-05 9.99201E-05 9.99201E-05
0.0801704 0.0152423 0.357424 0.0474488 0.33071 0.076176 0.0360928 9.9991E-05 0.021995 0.0346409
0.0626024 9.9964E-05 0.224001 9.9964E-05 0.601316 9.9964E-05 0.0336045 9.9964E-05 0.00344262 0.074634
0.109359 9.9955E-05 0.142745 9.9955E-05 0.729025 9.9955E-05 0.0171219 9.9955E-05 0.00124986 9.9955E-05
9.9973E-05 9.9973E-05 0.0836493 9.9973E-05 0.87439 0.0134754 0.000711873 0.00199929 0.0068971 0.0185773
0.00588741 9.9928E-05 9.9928E-05 9.9928E-05 0.993313 9.9928E-05 9.9928E-05 9.9928E-05 9.9928E-05 9.9928E-05
0.0549418 9.9955E-05 0.0234097 9.9955E-05 0.897057 9.9955E-05 0.0142849 9.9955E-05 0.00980703 9.9955E-05
9.9928E-05 9.9928E-05 9.9928E-05 9.9928E-05 0.974615 9.9928E-05 9.9928E-05 9.9928E-05 0.0245857 9.9928E-05
0.0825528 9.9982E-05 0.227132 9.9982E-05 0.57398 0.0244753 0.0407153 0.0399937 0.00597679 0.00497381
0.069984 9.9955E-05 9.9955E-05 9.9955E-05 0.89765 9.9955E-05 0.00733339 0.0147185 0.00981414 9.9955E-05
0.0577012 0.0568811 0.00467109 0.633698 0.0287397 9.9964E-05 0.217909 9.9964E-05 9.9964E-05 9.9964E-05
0.0916428 9.9973E-05 0.317221 0.264037 0.0560803 0.0849897 0.161005 9.9973E-05 9.9973E-05 0.0247241
0.0896056 9.9964E-05 0.456541 0.308452 9.9964E-05 9.9964E-05 0.0684583 9.9964E-05 0.0325246 0.044018
0.113678 0.0045162 0.161376 0.51919 0.0440877 9.9982E-05 0.0785436 9.9982E-05 0.0212659 0.0571424
0.0679981 0.0374211 0.382829 0.16282 0.0824687 0.0606262 0.107394 0.0194265 0.0325044 0.0465124
0.114088 0.00933017 0.120079 0.512135 0.0753893 0.00861337 0.143006 9.9982E-05 0.0171591 9.9982E-05
0.177066 0.035115 0.384313 0.146593 9.9973E-05 0.147213 0.104596 0.00480347 9.9973E-05 9.9973E-05
0.0535416 9.9973E-05 0.305998 0.383797 0.101048 0.0179477 0.135334 9.9973E-05 0.00203409 9.9973E-05
0.103735 9.9964E-05 0.471269 0.282066 0.0616723 9.9964E-05 0.0481508 9.9964E-05 0.0327068 9.9964E-05
0.0456809 0.0211734 0.351363 0.305687 0.116109 9.9973E-05 0.117618 9.9973E-05 0.0420693 9.9973E-05
0.0643012 9.9982E-05 0.438516 0.186346 0.0953118 0.0187754 0.133362 0.0622435 0.000944249 9.9982E-05
9.9964E-05 0.0152269 0.0676404 0.0270507 9.9964E-05 9.9964E-05 0.868867 9.9964E-05 0.00512072 0.015694
0.0144701 0.0362275 9.9964E-05 0.00594667 0.0622202 9.9964E-05 0.843912 9.9964E-05 0.0368236 9.9964E-05
9.9955E-05 0.0118216 0.0104134 9.9955E-05 9.9955E-05 9.9955E-05 0.896675 9.9955E-05 0.045595 0.0349957
9.9955E-05 9.9955E-05 9.9955E-05 0.0283058 9.9955E-05 0.000293851 0.948633 0.00915216 0.0131156 9.9955E-05
0.00454046 9.9955E-05 0.0477306 9.9955E-05 9.9955E-05 0.0494282 0.838063 9.9955E-05 0.0597375 9.9955E-05
0.0637909 9.9937E-05 9.9937E-05 9.9937E-05 9.9937E-05 9.9937E-05 0.895581 9.9937E-05 0.039929 9.9937E-05
9.9955E-05 9.9955E-05 0.0412004 9.9955E-05 0.0206033 0.014381 0.869034 9.9955E-05 0.0542814 9.9955E-05
0.00321219 0.0264513 0.00911337 9.9973E-05 9.9973E-05 0.0226501 0.886763 9.9973E-05 0.0393591 0.0121506
0.0196866 9.9982E-05 0.0134764 0.0588961 0.0308125 0.00893024 0.833793 0.00713625 0.0270692 9.9982E-05
0.0647083 9.9964E-05 0.000476027 0.0506247 9.9964E-05 9.9964E-05 0.839948 9.9964E-05 0.0305226 0.0133205
9.9964E-05 9.9964E-05 9.9964E-05 0.066977 0.0104426 0.069224 0.551253 0.0657814 9.9964E-05 0.235922
9.9964E-05 9.9964E-05 9.9964E-05 0.026819 9.9964E-05 0.0578157 0.563468 0.0432444 0.0362239 0.272029
9.9964E-05 9.9964E-05 9.9964E-05 0.0757384 9.9964E-05 0.137358 0.499403 0.0631009 0.0109061 0.213094
9.9955E-05 9.9955E-05 9.9955E-05 0.115459 9.9955E-05 0.187467 0.4244 0.0178391 9.9955E-05 0.254334
0.00959137 9.9973E-05 0.461062 9.9973E-05 9.9973E-05 0.120434 0.0641861 0.235985 0.0347773 0.0736643
0.0440332 0.0185471 0.432107 9.9991E-05 0.0291616 0.0955924 0.0297277 0.282055 0.014495 0.0541807
9.9982E-05 0.0374876 0.535987 9.9982E-05 0.00690162 0.181882 0.0167038 0.11799 0.011005 0.0918423
9.9955E-05 9.9955E-05 0.360563 9.9955E-05 9.9955E-05 0.230609 9.9955E-05 0.244861 0.0317425 0.131725
9.9973E-05 0.0516089 0.115139 0.00624249 0.00461927 0.514171 9.9973E-05 0.0241769 9.9973E-05 0.283742
0.0261829 0.0741374 0.656957 9.9982E-05 0.00745247 0.0229031 0.0328261 0.139103 9.9982E-05 0.0402372
9.9964E-05 0.00302917 0.616596 9.9964E-05 0.0113141 0.00307544 9.9964E-05 0.247901 9.9964E-05 0.117685
0.0471702 0.0686922 0.513535 0.0384027 9.9964E-05 9.9964E-05 9.9964E-05 0.281525 9.9964E-05 0.0502745
0.0297181 0.0879978 0.377025 9.9946E-05 9.9946E-05 9.9946E-05 9.9946E-05 0.50466 9.9946E-05 9.9946E-05
0.0508194 0.03295 0.597208 0.0808493 0.0179451 0.0578203 0.0181879 0.0851916 0.00339797 0.0556308
9.9964E-05 9.9964E-05 0.400687 9.9964E-05 9.9964E-05 0.0255591 0.0363555 0.468328 0.00805999 0.0606106
9.9937E-05 0.156073 9.9937E-05 0.060658 9.9937E-05 9.9937E-05 9.9937E-05 0.78257 9.9937E-05 9.9937E-05
0.0640031 0.0209387 0.522448 9.9982E-05 9.9982E-05 0.219897 0.0602873 0.0686544 0.0170157 0.0265558
9.9946E-05 0.080624 0.181491 0.124357 9.9946E-05 9.9946E-05 9.9946E-05 0.612929 9.9946E-05 9.9946E-05
9.9991E-05 0.0941431 0.513681 0.00634942 0.00161016 0.000694952 0.0180957 0.304064 0.0348704 0.026391
9.9955E-05 9.9955E-05 0.130918 9.9955E-05 9.9955E-05 0.188457 0.00477835 0.605552 9.9955E-05 0.0697951
9.9946E-05 9.9946E-05 0.0319211 0.0637574 9.9946E-05 9.9946E-05 0.07027 9.9946E-05 9.9946E-05 0.833452
9.9946E-05 9.9946E-05 0.0813586 0.0517607 9.9946E-05 9.9946E-05 0.0411343 9.9946E-05 9.9946E-05 0.825147
9.9955E-05 9.9955E-05 0.0704336 0.0659815 9.9955E-05 9.9955E-05 0.0256782 9.9955E-05 0.00282918 0.834578
9.9955E-05 0.0160307 9.9955E-05 0.0791563 9.9955E-05 9.9955E-05 0.0710006 0.0234725 9.9955E-05 0.80984
9.9946E-05 9.9946E-05 0.118081 0.0557709 0.00244966 9.9946E-05 9.9946E-05 9.9946E-05 9.9946E-05 0.823098
9.9955E-05 9.9955E-05 0.104057 0.0279031 0.0359842 9.9955E-05 0.0342325 9.9955E-05 9.9955E-05 0.797323
0.050615 9.9973E-05 0.0124841 9.9973E-05 0.0320734 9.9973E-05 0.837651 0.0485696 0.0163099 0.00199665
0.0385327 9.9955E-05 0.106136 9.9955E-05 9.9955E-05 9.9955E-05 0.812277 0.0149029 9.9955E-05 0.027652
0.0706364 9.9964E-05 0.127012 9.9964E-05 9.9964E-05 0.00921255 0.74433 0.0300818 0.0183271 9.9964E-05
0.00785582 9.9973E-05 0.0161248 9.9973E-05 0.0685557 0.0295544 0.828919 0.0432043 9.9973E-05 0.00548635
0.00668492 9.9982E-05 0.152509 0.0177296 0.0466967 0.015388 0.739215 9.9982E-05 0.0161321 0.00544514
9.9964E-05 9.9964E-05 9.9964E-05 0.088486 9.9964E-05 0.0159985 0.362787 0.0137797 0.00763434 0.510915
0.0511898 0.0184809 9.9964E-05 0.031996 9.9964E-05 9.9964E-05 0.345436 9.9964E-05 0.0313683 0.521129
0.0719511 0.0486493 9.9964E-05 9.9964E-05 9.9964E-05 0.0240856 0.350681 9.9964E-05 0.0354112 0.468822
9.99279E-05 9.99279E-05 9.99279E-05 9.99279E-05 9.99279E-05 9.99279E-05 9.99279E-05 9.99279E-05 0.993266 0.00593439
9.9973E-05 0.0406337 9.9973E-05 0.037847 9.9973E-05 0.040323 0.333796 0.0574087 0.0433091 0.446382
0.463639 0.0193193 0.215446 0.0897233 0.0420574 9.9982E-05 0.154884 9.9982E-05 0.0123469 0.00238478
0.124102 0.013683 0.532327 0.0419198 0.126 0.0118992 0.14661 0.0013073 9.9991E-05 0.00205195
0.172059 9.9946E-05 0.51655 9.9946E-05 0.148348 9.9946E-05 0.162443 9.9946E-05 9.9946E-05 9.9946E-05
0.29998 0.0101379 0.278311 0.070918 0.083109 9.9973E-05 0.220796 0.0364479 9.9973E-05 9.9973E-05
0.1161 0.0457837 0.489714 0.0418443 0.0927268 0.0508909 0.0819433 9.9991E-05 0.044065 0.0368317
0.482194 9.9946E-05 9.9946E-05 0.194526 9.9946E-05 9.9946E-05 0.301919 9.9946E-05 0.0207609 9.9946E-05
9.9973E-05 0.0153772 0.406141 0.0367188 9.9973E-05 0.321591 9.9973E-05 0.000577612 0.0037036 0.215591
0.0191708 0.150354 0.387183 0.132957 9.9973E-05 0.216623 9.9973E-05 0.0258049 9.9973E-05 0.0676074
9.9964E-05 0.0167466 0.207668 9.9964E-05 9.9964E-05 0.614274 0.00086166 9.9964E-05 0.00540686 0.154643
9.9973E-05 0.175664 0.492936 0.0643037 0.000331571 0.175726 9.9973E-05 0.0573586 9.9973E-05 0.0333804
9.9955E-05 0.333633 9.9955E-05 0.278619 9.9955E-05 0.260558 9.9955E-05 0.0233485 9.9955E-05 0.103342
0.0255542 0.0408376 0.558827 0.0442503 0.0394581 0.0969506 0.0524585 0.0416805 0.0274272 0.0725558
0.077649 0.106653 0.502198 0.0867447 9.9991E-05 0.14506 0.00979731 0.0294166 0.00760253 0.0347782
9.9973E-05 0.0216166 0.260335 0.0588487 9.9973E-05 0.422078 9.9973E-05 0.0295113 0.0261309 0.181179
0.0607628 0.0505655 0.447275 0.0304543 0.0338199 0.226559 0.0377993 0.0727048 0.0242477 0.0158119
9.9964E-05 0.153695 0.045438 0.201302 9.9964E-05 0.462624 9.9964E-05 0.131784 9.9964E-05 0.00475704
9.9982E-05 0.112135 0.530984 0.0271856 0.00372552 0.20365 0.0349991 0.0237036 9.9982E-05 0.0634176
0.0189535 0.0564056 0.444098 0.0105971 9.9982E-05 0.270514 9.9982E-05 0.0126327 0.00459552 0.182003
0.234617 0.0516674 0.373309 0.0646198 0.018305 0.137587 0.0398333 0.0488153 9.9991E-05 0.0311459
0.0524754 0.173585 0.250681 0.0925031 9.9973E-05 0.304045 9.9973E-05 0.058393 9.9973E-05 0.0680177
0.060091 0.154409 0.351231 0.0559728 9.9973E-05 0.247106 9.9973E-05 0.0592305 9.9973E-05 0.0716594
9.9982E-05 0.102293 0.532623 0.044975 0.0266544 0.155907 0.023809 0.0235117 9.9982E-05 0.0900272
9.9973E-05 0.159919 0.518989 0.0200568 9.9973E-05 0.193459 9.9973E-05 0.0180698 0.00736653 0.0818403
0.100024 0.0814188 0.583505 0.0417074 0.00817547 0.117304 9.9991E-05 0.0035397 0.0165653 0.0476605
0.0209952 0.0588896 0.489449 0.031889 0.0545367 0.163438 0.0414232 0.0340432 9.9991E-05 0.105237
0.00333462 0.0177687 0.547449 0.0234476 9.9991E-05 0.227761 0.0669469 0.0608139 0.0206446 0.0317341
9.9946E-05 9.9946E-05 0.140249 9.9946E-05 0.0322847 9.9946E-05 0.824759 9.9946E-05 0.00210783 9.9946E-05
9.9937E-05 9.9937E-05 0.126368 9.9937E-05 0.00930472 9.9937E-05 0.863628 9.9937E-05 9.9937E-05 9.9937E-05
9.9973E-05 0.00442906 0.0619997 0.0297853 0.00613639 9.9973E-05 0.826709 9.9973E-05 0.0403885 0.0302521
9.9973E-05 0.0042765 0.0286602 9.9973E-05 0.0535567 9.9973E-05 0.886656 0.00721849 0.0108341 0.00849793
9.9937E-05 9.9937E-05 0.108186 9.9937E-05 9.9937E-05 9.9937E-05 0.855515 9.9937E-05 0.0355997 9.9937E-05
9.9991E-05 0.0133353 0.0227259 0.0262338 0.0288794 0.6623 0.0163351 0.0468952 0.0158944 0.167301
0.151097 0.115748 0.416142 9.9973E-05 9.9973E-05 0.174377 9.9973E-05 0.0784952 0.0224063 0.0414335
0.265733 0.0393136 0.360033 0.0425163 0.0989976 0.0549881 0.129437 0.00455656 0.0043252 9.9991E-05
0.0751586 9.9973E-05 0.560848 9.9973E-05 0.0426963 0.227337 9.9973E-05 0.00742965 0.0076142 0.0786162
0.0242247 9.9955E-05 0.432317 9.9955E-05 9.9955E-05 0.406144 9.9955E-05 9.9955E-05 0.0165713 0.120243
0.0480841 0.159838 0.223259 0.174399 9.9973E-05 0.315534 9.9973E-05 0.0213872 9.9973E-05 0.0571982
9.9964E-05 9.9964E-05 9.9964E-05 0.00816312 9.9964E-05 0.642397 0.0474007 0.00108317 0.00988793 0.290668
0.0689163 9.9982E-05 0.384857 9.9982E-05 0.00816015 0.297398 0.0168435 0.0304494 0.00417762 0.188998
9.9982E-05 0.00946265 0.148506 9.9982E-05 0.0412262 0.527289 0.013657 0.00762985 0.00270354 0.249325
0.0911153 0.05122 0.381324 0.0721282 9.9982E-05 0.177575 0.00238466 0.111421 9.9982E-05 0.112632
9.9964E-05 0.0520573 0.0471712 0.0194757 9.9964E-05 0.586812 0.0626196 9.9964E-05 9.9964E-05 0.231464
0.0439829 0.0365188 0.506978 9.9991E-05 0.0162686 0.181948 0.0642463 0.00775864 0.00972573 0.132473
9.9973E-05 9.9973E-05 0.056495 0.0301298 9.9973E-05 0.620878 0.0168503 0.0545326 0.0280224 0.192792
0.127661 0.150362 0.171695 0.0257814 0.00114588 0.438194 9.9982E-05 0.0433361 9.9982E-05 0.0416243
0.00146266 0.096133 0.539293 0.166889 9.9991E-05 0.0177887 0.0786657 0.0290022 0.0117733 0.0588925
9.9964E-05 0.121675 0.311151 0.457663 9.9964E-05 0.0717845 9.9964E-05 0.0223891 9.9964E-05 0.0149374
9.9973E-05 0.0354681 0.566324 0.290807 9.9973E-05 0.0235509 0.0317495 0.00874046 9.9973E-05 0.04306
0.0773333 0.0536129 0.543594 0.198488 9.9991E-05 0.0130399 0.020995 0.00198054 0.0274949 0.0633611
9.9964E-05 0.0340062 0.303743 0.550239 9.9964E-05 0.0616121 9.9964E-05 0.0186694 9.9964E-05 0.0313303
9.9991E-05 0.122425 0.545948 0.137869 0.0253778 0.0157815 0.0523521 0.0224729 0.0359698 0.0417034
9.9973E-05 0.0662725 0.518623 0.257319 9.9973E-05 9.9973E-05 0.0241087 0.0301924 0.00795948 0.0952256
9.9955E-05 0.117099 0.199364 0.573318 9.9955E-05 9.9955E-05 9.9955E-05 0.090082 9.9955E-05 0.0196371
9.9955E-05 0.0278204 0.236835 0.66221 9.9955E-05 9.9955E-05 9.9955E-05 0.0419781 9.9955E-05 0.0306568
9.9955E-05 0.0370665 0.508884 0.365084 9.9955E-05 9.9955E-05 9.9955E-05 0.0447413 9.9955E-05 0.0437243
9.9955E-05 0.0686021 0.103733 0.566568 9.9955E-05 9.9955E-05 9.9955E-05 0.172942 9.9955E-05 0.0876547
9.9964E-05 0.0415424 0.463777 0.359202 9.9964E-05 0.0567094 9.9964E-05 0.00644777 9.9964E-05 0.071922
9.9964E-05 0.00378233 0.0502155 9.9964E-05 9.9964E-05 0.688691 9.9964E-05 0.0281214 0.00842558 0.220365
0.0638832 0.289993 0.0906177 9.9973E-05 0.035375 0.434179 9.9973E-05 0.00392784 9.9973E-05 0.0817244
0.0121606 0.0316206 0.319109 9.9991E-05 0.0363477 0.347404 0.0133044 0.00478749 0.0230562 0.21211
0.114174 0.027776 0.495574 0.00835825 0.0102696 0.125268 0.00639492 0.10428 9.9991E-05 0.107805
0.00215141 9.9955E-05 0.181469 9.9955E-05 9.9955E-05 0.502301 9.9955E-05 0.0986711 9.9955E-05 0.214907
0.155419 0.0313159 0.430844 0.0646221 9.9991E-05 0.193819 0.031015 0.0292635 0.00131358 0.0622878
0.043553 9.9982E-05 0.512104 9.9982E-05 0.0134572 0.222414 0.0212487 0.0469668 0.0343704 0.105686
0.0882897 0.0774173 0.391277 9.9973E-05 0.030478 0.250629 9.9973E-05 0.0860686 9.9973E-05 0.07554
0.0211832 0.0745284 0.443656 9.9991E-05 0.0530312 0.264065 0.00546739 0.0120072 0.00193215 0.12403
9.9964E-05 9.9964E-05 0.454142 9.9964E-05 0.0154098 0.278567 9.9964E-05 0.031131 0.0165712 0.203778
0.0123073 0.021371 0.165758 9.9973E-05 9.9973E-05 0.532329 9.9973E-05 0.0675287 0.0171085 0.183297
0.00781505 0.0184362 0.401531 9.9973E-05 0.018205 0.326316 9.9973E-05 0.0144024 9.9973E-05 0.212994
0.0991335 0.0640652 0.507734 0.0249071 9.9973E-05 0.196175 9.9973E-05 0.0342735 9.9973E-05 0.0734124
0.118058 0.0641842 0.537355 0.0595474 9.9982E-05 0.149227 0.017914 9.9982E-05 0.00273875 0.0507757
0.136513 0.0922693 0.244457 0.061608 0.00576186 0.265011 9.9991E-05 0.0532846 0.0126493 0.128347
0.101821 0.137364 0.399022 9.9973E-05 0.0197321 0.16038 9.9973E-05 0.0780398 9.9973E-05 0.103341
0.0301256 0.0338967 0.301948 9.9982E-05 0.0284075 0.348349 9.9982E-05 0.0302865 0.0198132 0.206974
0.101348 0.011947 0.437298 9.9982E-05 0.019718 0.244326 0.022177 0.0598901 9.9982E-05 0.103096
0.00263328 0.048976 0.430649 9.9973E-05 0.049248 0.300665 0.0269125 9.9973E-05 9.9973E-05 0.140616
0.0504661 0.097381 0.541535 0.0151877 9.9991E-05 0.129435 0.0401899 0.0160833 0.0326734 0.0769487
0.131353 9.9973E-05 0.386212 0.0130944 0.069041 0.0984142 0.297411 9.9973E-05 0.00417411 9.9973E-05
0.226884 0.03483 0.469553 0.036545 0.019428 0.127053 0.0854075 9.9973E-05 9.9973E-05 9.9973E-05
0.200507 0.00455148 0.366078 0.024637 0.0479573 0.183622 0.108945 0.036864 0.0267387 9.9991E-05
0.176216 0.0384221 0.486479 0.0952803 0.044509 0.0447073 0.0448499 0.0204323 0.0260022 0.0231026
0.297185 0.000465141 0.409824 0.064747 0.045114 0.0253961 0.100245 0.0425739 0.00447838 0.00997099
9.9955E-05 0.179255 0.481259 0.102928 9.9955E-05 0.13529 9.9955E-05 9.9955E-05 9.9955E-05 0.100769
0.124249 0.0254413 0.482875 0.0597163 0.0326493 0.000912206 0.120716 0.0956299 0.0144755 0.0433353
0.220724 0.0783292 9.9973E-05 0.245444 0.0415264 0.230367 0.157599 0.0257095 9.9973E-05 9.9973E-05
0.214077 9.9973E-05 0.48997 0.0848674 0.0100454 0.107083 9.9973E-05 9.9973E-05 0.0426402 0.0510171
0.121826 0.062209 0.389301 0.0227248 0.138749 0.11427 0.102202 0.0264477 9.9991E-05 0.0221704
0.0849316 0.0260349 0.454984 0.0450682 0.11375 0.05375 0.0891735 0.0962838 0.00206389 0.0339594
0.2204 0.103502 0.215916 0.144686 9.9973E-05 0.182625 0.0826591 9.9973E-05 0.0499116 9.9973E-05
0.19808 9.9964E-05 0.458202 9.9964E-05 0.0415535 0.118801 0.154438 9.9964E-05 0.0285249 9.9964E-05
0.266624 0.0714618 0.435688 0.0432743 0.0247007 9.9982E-05 0.0846056 9.9982E-05 0.0119887 0.0614565
0.268639 9.9937E-05 9.9937E-05 0.35068 9.9937E-05 9.9937E-05 0.379981 9.9937E-05 9.9937E-05 9.9937E-05
0.107916 0.0356372 0.483333 9.9982E-05 0.0998413 0.11134 0.0832273 9.9982E-05 0.0296064 0.0488985
0.182027 9.9973E-05 0.479987 0.0699875 0.0904926 0.0564147 0.113939 9.9973E-05 0.00685226 9.9973E-05
0.0548238 0.0556665 0.49146 0.0624022 0.102833 0.107471 0.083484 0.0416591 9.9982E-05 9.9982E-05
0.243106 0.0364224 0.503956 0.0311688 0.0802527 9.9973E-05 0.0881511 9.9973E-05 0.0166432 9.9973E-05
0.0978173 9.9982E-05 0.477001 0.0158558 0.0722642 0.098857 0.166285 0.0344498 0.0372697 9.9982E-05
9.9955E-05 0.451183 0.456712 9.9955E-05 9.9955E-05 9.9955E-05 0.0317148 0.0432035 0.0166868 9.9955E-05
9.9964E-05 0.310464 0.420187 9.9964E-05 0.0696985 0.0724272 0.0843344 0.0424884 9.9964E-05 9.9964E-05
9.9955E-05 0.92151 9.9955E-05 0.0184941 9.9955E-05 0.0140688 9.9955E-05 0.0341387 9.9955E-05 0.0112885
9.9955E-05 0.912511 9.9955E-05 0.0353372 9.9955E-05 0.0301481 9.9955E-05 9.9955E-05 0.0025823 0.0189219
0.0217783 0.281347 0.468542 0.0233944 0.0228378 0.0642783 0.0636187 0.0321319 0.0171249 0.00494643
0.276266 0.107602 0.299487 0.0763234 0.146417 0.0161043 0.0775004 9.9973E-05 9.9973E-05 9.9973E-05
0.393628 0.194407 0.270988 9.9955E-05 0.0493245 9.9955E-05 0.0911528 9.9955E-05 9.9955E-05 9.9955E-05
0.374519 0.28039 0.111903 0.018909 0.08003 0.0276952 0.106254 9.9973E-05 9.9973E-05 9.9973E-05
0.400449 0.192292 0.286325 0.0208777 9.9964E-05 9.9964E-05 0.0606981 9.9964E-05 0.0389584 9.9964E-05
0.146767 0.71123 9.9955E-05 0.0668016 9.9955E-05 9.9955E-05 0.0538568 9.9955E-05 0.0208456 9.9955E-05
0.163701 0.681089 0.0729178 9.9964E-05 9.9964E-05 9.9964E-05 0.0497806 0.00569639 0.0264153 9.9964E-05
0.0877136 0.346008 0.518279 9.9982E-05 0.0117742 9.9982E-05 0.00304135 0.0230094 0.00852798 0.00144615
0.0656141 0.483958 0.306055 9.9955E-05 0.0828697 9.9955E-05 0.0610033 9.9955E-05 9.9955E-05 9.9955E-05
0.0978431 0.715933 0.14128 9.9955E-05 9.9955E-05 9.9955E-05 0.0199532 9.9955E-05 0.0244909 9.9955E-05
0.0786671 0.314317 0.501325 9.9982E-05 0.00110219 0.0399254 0.0343304 9.9982E-05 0.0203719 0.00976124
0.0589788 0.325562 0.549613 9.9973E-05 0.0192914 9.9973E-05 0.0170003 9.9973E-05 0.0187149 0.0105397
0.00554103 0.264187 0.528368 0.049291 0.0567917 9.9982E-05 0.0676122 0.00477459 9.9982E-05 0.0232345
0.00101113 0.655524 0.303022 9.9955E-05 9.9955E-05 0.0318999 0.00804328 9.9955E-05 9.9955E-05 9.9955E-05
9.9982E-05 0.467098 0.362757 0.0142362 9.9982E-05 0.0729057 0.0127889 0.0180198 0.0175193 0.0344757
0.0242353 0.316673 0.486248 0.0157123 9.9982E-05 9.9982E-05 0.00197747 0.0795012 0.0249224 0.0505308
9.9991E-05 0.37052 0.414126 0.0194623 0.0389627 0.0116817 0.0229849 0.0178011 0.00648816 0.0978731
9.9973E-05 0.240427 0.51106 0.0168924 0.0220351 0.0258435 0.129135 0.054307 9.9973E-05 9.9973E-05
9.9982E-05 0.465443 0.410457 0.0271855 9.9982E-05 0.00388392 0.00617975 0.0534963 0.00390776 0.0292466
9.9955E-05 0.822364 0.144483 9.9955E-05 9.9955E-05 9.9955E-05 0.00549939 9.9955E-05 0.0148695 0.0122845
0.0264994 0.383035 0.585023 9.9955E-05 0.00219715 9.9955E-05 9.9955E-05 9.9955E-05 0.00274494 9.9955E-05
9.99628E-05 0.77376 0.157313 9.99628E-05 9.99628E-05 0.0275211 9.99628E-05 0.0193525 9.99628E-05 0.0215539
9.9946E-05 0.540379 0.419944 9.9946E-05 9.9946E-05 9.9946E-05 0.00974759 9.9946E-05 0.0293298 9.9946E-05
0.0215787 0.328583 0.499227 0.0466133 9.9982E-05 9.9982E-05 0.0617075 0.0218814 0.00959286 0.0106165
9.9973E-05 0.289275 0.490477 9.9973E-05 0.0176672 0.040054 0.0889875 0.0336756 9.9973E-05 0.0395644
0.165745 0.0803528 0.497154 0.0518227 0.0309162 0.0305445 0.116579 9.9982E-05 0.0266859 9.9982E-05
0.0273596 0.115567 0.382918 0.103028 0.167589 9.9991E-05 0.0878038 0.052562 0.0218709 0.0412032
0.234651 0.0865442 0.272736 0.102852 0.124789 0.00978005 0.146574 9.9982E-05 0.0218734 9.9982E-05
0.204715 0.108237 0.262456 0.0798452 0.1234 0.0645534 0.121464 0.00989445 0.0248322 0.000603448
0.174131 0.033791 0.390063 0.0337884 0.0884364 0.0732461 0.110581 0.0465456 9.9991E-05 0.0493172
0.15834 0.153513 0.387348 0.0829684 0.0353639 9.9982E-05 0.0855364 9.9982E-05 0.0433043 0.0534259
0.18242 0.666889 9.9955E-05 0.0168363 9.9955E-05 9.9955E-05 0.105586 9.9955E-05 0.0277698 9.9955E-05
0.293904 0.11826 0.443475 0.00497081 0.0653365 9.9991E-05 0.0250612 0.00300402 0.0160043 0.0298845
0.155491 0.36882 9.9946E-05 0.184731 9.9946E-05 9.9946E-05 0.290359 9.9946E-05 9.9946E-05 9.9946E-05
0.193973 0.301633 0.443445 9.9955E-05 0.0422351 9.9955E-05 0.018214 9.9955E-05 9.9955E-05 9.9955E-05
9.9928E-05 0.9332 0.0660002 9.9928E-05 9.9928E-05 9.9928E-05 9.9928E-05 9.9928E-05 9.9928E-05 9.9928E-05
9.9928E-05 0.931434 9.9928E-05 9.9928E-05 9.9928E-05 9.9928E-05 9.9928E-05 0.0677668 9.9928E-05 9.9928E-05
