0.0408854 9.9964E-05 9.9964E-05 9.9964E-05 0.029178 9.9964E-05 0.0203236 0.0492779 0.85342 0.006515
9.9973E-05 0.0121322 9.9973E-05 0.002598 0.00137665 9.9973E-05 0.0163249 0.0453244 0.919743 0.00220112
0.0117828 9.9973E-05 9.9973E-05 0.0365471 0.0626381 0.0238419 0.00137208 0.00747692 0.856041 9.9973E-05
9.9955E-05 0.0342572 9.9955E-05 9.9955E-05 0.136894 0.00904332 9.9955E-05 0.0398322 0.779473 9.9955E-05
9.9937E-05 0.0265262 9.9937E-05 9.9937E-05 0.0854269 9.9937E-05 9.9937E-05 9.9937E-05 0.887347 9.9937E-05
0.0190721 0.0434449 0.0297735 9.9982E-05 0.0656172 0.133266 9.9982E-05 0.0183891 0.612058 0.0781799
9.9964E-05 0.0524514 9.9964E-05 9.9964E-05 0.0218662 0.149813 9.9964E-05 0.0413972 0.733459 0.000613477
0.0314892 0.0793231 9.9973E-05 9.9973E-05 0.0139256 0.153226 9.9973E-05 0.0536577 0.644373 0.0237054
9.99639E-05 0.0950775 0.00761006 9.99639E-05 9.99639E-05 0.0239857 0.0342922 0.0137969 0.824838 9.99639E-05
9.9955E-05 0.0244571 9.9955E-05 9.9955E-05 0.0476831 0.152821 9.9955E-05 9.9955E-05 0.725668 0.0488715
9.9946E-05 0.069433 9.9946E-05 9.9946E-05 0.0986633 0.125196 9.9946E-05 9.9946E-05 0.706108 9.9946E-05
0.0101476 9.9928E-05 9.9928E-05 9.9928E-05 9.9928E-05 9.9928E-05 9.9928E-05 9.9928E-05 9.9928E-05 0.989053
0.0477709 9.99775E-05 0.0397003 0.00567044 0.402056 9.99775E-05 0.0631701 0.0261964 9.99775E-05 0.415136
0.048385 9.9946E-05 9.9946E-05 9.9946E-05 0.0335074 9.9946E-05 0.0880297 9.9946E-05 9.9946E-05 0.829478
0.11312 9.9937E-05 9.9937E-05 9.9937E-05 0.0483237 9.9937E-05 9.9937E-05 9.9937E-05 9.9937E-05 0.837857
0.142497 9.9964E-05 0.017326 9.9964E-05 0.230245 9.9964E-05 0.0267683 9.9964E-05 0.0380959 0.544668
0.0402792 0.0258335 9.9991E-05 0.0200933 0.421578 0.0169595 0.0435683 0.00640347 0.00863804 0.416546
0.0259264 9.9964E-05 9.9964E-05 0.0274844 0.340208 0.0437105 9.9964E-05 0.00986249 9.9964E-05 0.552408
0.0770569 9.9964E-05 9.9964E-05 9.9964E-05 0.0461095 0.0191422 9.9964E-05 0.0299657 0.0447824 0.782543
9.9937E-05 0.0506519 9.9937E-05 9.9937E-05 9.9937E-05 0.0210488 9.9937E-05 9.9937E-05 9.9937E-05 0.9276
0.0257459 0.0167336 9.9973E-05 0.0488208 0.293959 9.9973E-05 0.142394 0.00140394 9.9973E-05 0.470643
0.0330773 9.9973E-05 0.0317398 0.00875217 0.296721 0.173144 0.110384 9.9973E-05 9.9973E-05 0.345882
0.013582 0.0112644 0.00916366 0.134211 0.432597 9.9982E-05 0.01947 0.0341562 9.9982E-05 0.345356
0.0358236 9.9928E-05 9.9928E-05 9.9928E-05 9.9928E-05 9.9928E-05 9.9928E-05 9.9928E-05 9.9928E-05 0.963377
0.0642231 9.9982E-05 0.0344821 0.0192124 0.535177 0.04777 9.9982E-05 0.0333722 0.0498821 0.215681
9.9946E-05 9.9946E-05 0.000170369 9.9946E-05 0.395112 9.9946E-05 9.9946E-05 9.9946E-05 0.0189906 0.585128
0.0131967 9.9928E-05 9.9928E-05 9.9928E-05 9.9928E-05 9.9928E-05 9.9928E-05 9.9928E-05 9.9928E-05 0.986004
0.0849178 9.9928E-05 9.9928E-05 9.9928E-05 9.9928E-05 9.9928E-05 9.9928E-05 9.9928E-05 9.9928E-05 0.914283
9.9937E-05 9.9937E-05 0.00157705 9.9937E-05 9.9937E-05 0.0562219 9.9937E-05 9.9937E-05 9.9937E-05 0.941501
9.99201E-05 9.99201E-05 9.99201E-05 9.99201E-05 9.99201E-05 9.99201E-05 9.99201E-05 0.999101 9.99201E-05 9.99201E-05
9.99201E-05 9.99201E-05 9.99201E-05 9.99201E-05 9.99201E-05 9.99201E-05 9.99201E-05 0.999101 9.99201E-05 9.99201E-05
0.0649265 0.0121206 9.9964E-05 9.9964E-05 0.0834877 0.000238755 9.9964E-05 0.379784 0.459042 9.9964E-05
0.0762786 9.9955E-05 0.00218849 9.9955E-05 0.123812 9.9955E-05 9.9955E-05 0.312866 0.484356 9.9955E-05
9.9973E-05 0.0775384 9.9973E-05 0.199633 0.512577 0.0952486 9.9973E-05 0.00449857 0.0451873 0.0650179
0.00742953 0.0458206 9.9982E-05 0.275357 0.476275 9.9982E-05 0.0256192 0.0322336 0.0791118 0.0579535
9.9964E-05 0.0192548 0.00274774 0.398636 0.547048 0.0286553 9.9964E-05 0.00325778 9.9964E-05 9.9964E-05
9.9955E-05 0.157328 9.9955E-05 9.9955E-05 0.0177496 9.9955E-05 0.461906 9.9955E-05 0.0583307 0.304185
0.002802 9.9973E-05 0.0152951 0.558614 0.28127 0.0916415 0.02873 0.0213471 9.9973E-05 9.9973E-05
0.036954 0.0570314 0.00668097 0.166126 0.444192 9.9991E-05 0.14871 0.0250526 0.0663991 0.0487543
9.9964E-05 0.0216937 9.9964E-05 0.190154 0.703059 0.037427 0.0155561 9.9964E-05 0.0317097 9.9964E-05
9.9973E-05 0.036868 9.9973E-05 0.0203939 0.536296 0.240011 9.9973E-05 0.017923 0.0105812 0.137627
0.00807687 0.0610683 0.0460092 0.075465 0.554353 0.0792972 9.9991E-05 0.0127683 0.0582271 0.104635
9.9964E-05 0.0546151 9.9964E-05 0.620599 0.0798205 9.9964E-05 0.0213119 9.9964E-05 0.00994167 0.213312
0.0138737 0.00148146 0.00630214 9.9982E-05 0.647648 0.264455 9.9982E-05 0.0114933 0.00398954 0.0505563
0.026038 0.0180679 0.00265725 0.232098 0.599583 0.0281502 0.0184366 9.9991E-05 0.0564453 0.0184241
0.0345931 9.9991E-05 0.0345498 0.106974 0.55432 0.0866136 0.0340557 0.0546829 0.0862502 0.00786078
9.9955E-05 9.9955E-05 0.0261833 0.571242 0.329463 0.0408104 0.0318011 9.9955E-05 9.9955E-05 9.9955E-05
9.9955E-05 9.9955E-05 9.9955E-05 0.258106 0.595775 9.9955E-05 9.9955E-05 0.0146426 0.108259 0.0227171
0.0423529 0.0733954 9.9982E-05 0.186455 0.520844 0.0673353 9.9982E-05 0.0220639 0.0853366 0.00201782
9.9937E-05 9.9937E-05 9.9937E-05 0.672046 9.9937E-05 0.279811 0.0474437 9.9937E-05 9.9937E-05 9.9937E-05
9.9973E-05 0.282002 0.0505212 0.0171942 0.0585032 0.0173311 0.211161 9.9973E-05 9.9973E-05 0.362988
0.0119078 9.9973E-05 0.0614274 0.0538325 0.0933574 0.171107 0.415499 9.9973E-05 9.9973E-05 0.192569
0.0495378 0.0482756 0.0350867 0.0187296 0.515977 0.0148573 0.198692 0.0227145 0.0638972 0.0322332
0.0508596 0.0449191 0.0533432 9.9991E-05 0.559658 0.0655703 0.0399002 0.00159652 0.0749858 0.109067
0.0502867 9.9982E-05 0.00240169 9.9982E-05 0.556103 0.0398137 0.235289 0.00149747 0.0685091 0.0458986
9.9982E-05 0.226749 9.9982E-05 0.0753101 0.103827 0.0237637 0.128145 0.00437742 0.104525 0.333102
9.9955E-05 0.0435553 9.9955E-05 9.9955E-05 0.445502 9.9955E-05 0.257862 0.0404783 9.9955E-05 0.212102
0.0348723 0.0581837 9.9991E-05 0.106002 0.503831 0.00806294 0.0223454 0.0307796 0.052116 0.183707
0.0396589 0.0702782 0.0780773 0.0722233 0.262991 9.9991E-05 0.0788221 0.02529 0.0606502 0.311909
0.0227807 0.163834 9.9982E-05 0.0518984 0.0163461 0.0500552 0.13492 9.9982E-05 0.130516 0.429449
9.9991E-05 0.0660851 0.00751354 0.0629586 0.51889 0.0541206 0.105877 0.0467434 0.0242378 0.113474
0.012012 0.0716378 0.0296412 0.0296636 0.42592 9.9991E-05 0.110051 0.0374229 0.0323173 0.251234
9.9964E-05 0.170942 9.9964E-05 0.0206958 9.9964E-05 0.0625569 0.232974 0.0388245 9.9964E-05 0.473607
9.9973E-05 0.089434 0.0728261 0.0401605 0.36482 9.9973E-05 0.115721 0.00721153 9.9973E-05 0.309527
0.0347635 0.0148497 0.119321 0.0691651 0.55328 9.9991E-05 0.146272 0.0203766 0.0393313 0.00254072
0.00742328 0.0350271 0.0304057 9.9982E-05 0.592172 9.9982E-05 0.139756 0.0274197 0.0430022 0.124593
0.0556234 0.0947155 0.00746428 0.0608009 0.161278 0.0113894 0.10699 0.0607324 9.9991E-05 0.440907
0.0161111 0.0423688 0.0550701 0.0245783 0.402352 0.0101968 0.126965 0.0499866 0.015666 0.256705
0.0587769 0.0458925 0.0789584 0.0399512 0.483382 0.0189808 0.143163 0.0183225 9.9991E-05 0.112473
9.9973E-05 0.130881 9.9973E-05 0.0169368 0.133453 0.0511593 0.169951 0.0241485 9.9973E-05 0.47317
0.00155691 0.0332019 9.9964E-05 0.407557 0.437694 9.9964E-05 9.9964E-05 9.9964E-05 0.0207894 0.0988016
9.9955E-05 0.016981 9.9955E-05 0.640744 0.149012 9.9955E-05 9.9955E-05 0.0230689 9.9955E-05 0.169693
0.0162102 0.0510002 9.9982E-05 0.196063 0.4843 9.9982E-05 0.0651486 0.0131713 0.106433 0.0674736
0.00444789 9.9955E-05 0.0203596 0.879324 9.9955E-05 0.061169 0.0341999 9.9955E-05 9.9955E-05 9.9955E-05
9.9937E-05 9.9937E-05 0.0304253 0.852291 9.9937E-05 0.116584 9.9937E-05 9.9937E-05 9.9937E-05 9.9937E-05
9.9946E-05 9.9946E-05 0.0359326 0.704152 0.245326 9.9946E-05 0.0139903 9.9946E-05 9.9946E-05 9.9946E-05
9.9955E-05 0.00356946 9.9955E-05 0.418585 0.456112 9.9955E-05 9.9955E-05 0.0409006 9.9955E-05 0.0803333
0.0451587 0.121843 0.0202388 0.12106 0.551898 9.9982E-05 0.0440602 0.0352038 0.0603372 9.9982E-05
9.9964E-05 9.9964E-05 0.000126925 0.42292 0.457486 0.00847921 0.0198213 9.9964E-05 9.9964E-05 0.0907672
9.9955E-05 0.0846179 9.9955E-05 0.539361 0.108407 9.9955E-05 9.9955E-05 9.9955E-05 0.00105054 0.266064
9.9946E-05 0.0732265 9.9946E-05 0.508891 0.225784 9.9946E-05 9.9946E-05 9.9946E-05 9.9946E-05 0.191498
0.0324237 0.0399024 9.9991E-05 0.219672 0.50339 0.00925205 0.0318722 0.0301153 0.0368882 0.096384
9.9964E-05 0.0106306 9.9964E-05 0.470729 0.299539 9.9964E-05 9.9964E-05 0.00653313 0.0136108 0.198557
9.9955E-05 0.0207559 9.9955E-05 0.413188 0.387115 9.9955E-05 9.9955E-05 0.0270379 9.9955E-05 0.151404
9.9946E-05 9.9946E-05 0.0592178 0.469882 0.463398 9.9946E-05 9.9946E-05 0.00690289 9.9946E-05 9.9946E-05
9.9946E-05 9.9946E-05 0.0466374 0.700094 9.9946E-05 0.196935 0.055734 9.9946E-05 9.9946E-05 9.9946E-05
0.0172497 9.9982E-05 0.0369854 0.220595 0.614064 0.0382013 0.0260978 0.03535 0.0112571 9.9982E-05
9.9955E-05 0.0699267 9.9955E-05 9.9955E-05 0.0898062 9.9955E-05 9.9955E-05 0.0640242 0.774318 0.00142492
9.99371E-05 9.99371E-05 9.99371E-05 9.99371E-05 0.0680113 9.99371E-05 9.99371E-05 0.0644428 0.866846 9.99371E-05
0.0331276 9.9946E-05 9.9946E-05 9.9946E-05 0.11656 9.9946E-05 9.9946E-05 0.0479059 0.801807 9.9946E-05
0.0282797 9.9946E-05 9.9946E-05 9.9946E-05 0.0410958 9.9946E-05 9.9946E-05 0.0457546 0.88427 9.9946E-05
0.0313415 9.9955E-05 0.0155285 9.9955E-05 9.9955E-05 9.9955E-05 9.9955E-05 0.0340982 0.893772 0.0247597
0.0420048 9.9955E-05 0.0165773 9.9955E-05 0.0791398 9.9955E-05 9.9955E-05 0.0210442 0.840734 9.9955E-05
9.9946E-05 0.00272385 9.9946E-05 9.9946E-05 0.0806643 9.9946E-05 9.9946E-05 0.0132156 0.902797 9.9946E-05
0.0823295 9.9982E-05 0.0614124 0.212836 0.500255 9.9982E-05 0.0280396 0.0314046 0.0418954 0.0416282
0.0504369 0.049397 0.0915823 0.107324 0.519778 9.9991E-05 0.0417868 0.0236063 0.0778174 0.0381719
9.9955E-05 0.103244 0.0170743 0.658845 9.9955E-05 9.9955E-05 9.9955E-05 9.9955E-05 0.0197829 0.200554
0.030316 0.0495999 0.0417569 0.128085 0.541411 0.00190569 0.0658318 0.0180396 0.0540076 0.0690472
9.9973E-05 0.0672012 9.9973E-05 0.390146 0.343718 9.9973E-05 0.0328631 0.0284562 0.00371669 0.133598
9.9964E-05 0.0584706 9.9964E-05 0.341911 0.521254 9.9964E-05 9.9964E-05 0.00732511 0.032895 0.0377435
9.9982E-05 0.00946669 0.0902703 0.214633 0.522985 0.036591 0.0731213 9.9982E-05 0.0286061 0.0241264
0.0490349 9.9964E-05 9.9964E-05 0.394846 0.451968 9.9964E-05 0.0415695 0.0129359 9.9964E-05 0.0492453
9.9955E-05 0.12119 9.9955E-05 0.612241 9.9955E-05 9.9955E-05 9.9955E-05 0.0036166 0.00674625 0.255706
0.0214248 0.0587328 0.0449056 0.223081 0.430105 9.9982E-05 0.0806549 0.0288311 0.112066 9.9982E-05
9.9991E-05 0.00126677 0.0417234 0.145896 0.656014 0.0279178 0.00209064 0.00721172 0.0537949 0.0639851
0.0295038 0.108906 0.0160536 0.161772 0.536846 9.9982E-05 9.9982E-05 0.00683659 0.0918903 0.0479911
0.0179141 9.9973E-05 0.02721 0.475206 0.255607 0.119797 0.0927417 0.0112249 9.9973E-05 9.9973E-05
9.9946E-05 9.9946E-05 0.0816392 0.426774 0.485166 9.9946E-05 0.00582067 9.9946E-05 9.9946E-05 9.9946E-05
9.9955E-05 0.0741554 9.9955E-05 0.358173 0.441658 9.9955E-05 9.9955E-05 9.9955E-05 0.0334023 0.0921115
0.0037713 0.00256509 0.0741593 0.554036 0.364968 9.9955E-05 9.9955E-05 9.9955E-05 9.9955E-05 9.9955E-05
9.9973E-05 0.0563812 0.0032928 0.356836 0.426132 9.9973E-05 0.0015065 9.9973E-05 0.0589331 0.096618
0.0239413 0.0796312 9.99957E-05 0.178522 0.554211 0.00226153 0.0694711 0.0270475 0.0530051 0.0118092
0.0101719 0.094898 0.0658978 9.9973E-05 0.235092 9.9973E-05 0.534579 0.017437 0.0416244 9.9973E-05
9.9982E-05 0.143421 9.9982E-05 0.0175604 0.404653 0.0364692 0.194444 0.00281638 0.0682442 0.132192
0.0413217 0.0811542 0.0324394 9.9991E-05 0.519953 0.0690702 0.131443 0.00412851 0.07928 0.0411105
0.0242035 0.0502654 9.9991E-05 0.0858064 0.550998 0.0041554 0.155058 0.00320715 0.09968 0.026526
9.9973E-05 0.134733 9.9973E-05 0.00135755 0.399282 9.9973E-05 0.303654 0.0152277 0.0372386 0.108208
0.0271029 0.074948 9.9964E-05 9.9964E-05 0.577587 9.9964E-05 0.246715 9.9964E-05 0.0279638 0.0452838
9.9955E-05 0.176733 9.9955E-05 9.9955E-05 0.39178 9.9955E-05 0.238416 9.9955E-05 0.0423499 0.150221
0.0130505 0.0599827 0.0385301 0.0296188 0.466632 0.0320882 0.254554 0.0221806 0.083263 9.9991E-05
0.0226773 0.0410772 9.9973E-05 9.9973E-05 0.51544 9.9973E-05 0.294418 0.0157881 0.0909973 0.0193018
9.9955E-05 0.125488 9.9955E-05 9.9955E-05 0.550376 9.9955E-05 0.236115 9.9955E-05 0.0607192 0.0268015
9.9973E-05 0.144766 9.9973E-05 0.00479274 0.532624 9.9973E-05 0.247522 0.0107683 0.0246601 0.0345668
0.0648906 0.0683726 0.0537014 9.9991E-05 0.594286 0.019122 0.131483 0.00158901 0.0505944 0.0158605
0.0213148 0.0445896 0.0751238 9.9991E-05 0.5597 0.0329617 0.159817 0.00737776 0.0738331 0.0251824
0.0484816 0.0106111 0.0521101 9.9973E-05 0.513771 9.9973E-05 0.352891 9.9973E-05 0.00885392 0.0129818
0.0475014 0.0181437 0.0416947 9.9982E-05 0.525149 0.0380808 0.21752 0.0210487 0.0906615 9.9982E-05
0.049005 0.0422988 0.0787623 9.9964E-05 0.556004 9.9964E-05 0.237669 9.9964E-05 0.0358606 9.9964E-05
0.019478 0.0355222 0.0378014 0.0249813 0.281676 0.0862682 0.425077 0.0276183 0.0614776 9.9991E-05
0.0347202 0.0456325 0.00553103 9.9973E-05 0.563674 9.9973E-05 0.292499 0.0486571 0.00898725 9.9973E-05
9.9973E-05 0.0408589 0.0229246 9.9973E-05 0.644257 0.0214911 0.234622 0.00564864 0.0298976 9.9973E-05
0.0010408 0.188332 0.001545 0.014526 0.156435 9.9982E-05 0.333054 9.9982E-05 0.0212684 0.283599
0.0233787 9.9973E-05 0.0769738 0.0230202 0.0736627 0.136181 0.609354 9.9973E-05 9.9973E-05 0.0571288
0.000656412 0.0594235 0.0294996 0.0144591 0.457172 0.0120142 0.174385 0.0278704 0.0524713 0.172049
9.9955E-05 0.0189569 0.118749 0.0426095 9.9955E-05 0.109072 0.710112 9.9955E-05 9.9955E-05 9.9955E-05
9.9955E-05 0.161329 9.9955E-05 9.9955E-05 0.226418 9.9955E-05 0.281218 0.00824259 9.9955E-05 0.322293
9.9955E-05 0.0933646 9.9955E-05 0.00116305 0.340044 9.9955E-05 0.361413 9.9955E-05 9.9955E-05 0.203515
9.99725E-05 0.209231 9.99725E-05 0.0169738 0.267778 9.99725E-05 0.2718 0.0307753 9.99725E-05 0.203043
9.9946E-05 0.138315 9.9946E-05 9.9946E-05 0.265646 9.9946E-05 0.297133 9.9946E-05 9.9946E-05 0.298307
9.9973E-05 0.0463241 0.0478385 9.9973E-05 0.550841 9.9973E-05 0.215893 0.00809249 0.0582367 0.0724745
0.0591919 0.0595971 0.0246022 9.9982E-05 0.521126 0.0211879 0.192124 9.9982E-05 0.063472 0.0584993
0.0162425 0.0583441 9.9982E-05 0.0165519 0.53612 9.9982E-05 0.248508 0.0113187 0.021436 0.0912795
9.9946E-05 9.9946E-05 9.9946E-05 9.9946E-05 0.030544 0.0358698 0.924858 9.9946E-05 0.00812834 9.9946E-05
0.0281369 0.0378578 0.0526929 0.0669103 0.458902 0.087263 0.0182607 9.9991E-05 0.144714 0.105162
0.0292042 0.0811313 0.0846461 9.9982E-05 0.502376 0.255405 0.0062323 9.9982E-05 0.027366 0.0134393
9.9982E-05 0.0609147 0.132783 0.10616 9.9982E-05 0.577073 0.0197094 0.00560825 0.0479029 0.0496493
0.0200843 9.9973E-05 9.9973E-05 0.0179916 0.674354 0.101981 0.0751153 9.9973E-05 0.0828494 0.0273249
0.00613332 0.00848309 0.0750255 0.0764609 0.260736 0.309282 0.134229 0.0129719 0.0363256 0.0803527
9.9991E-05 0.0235637 0.0632409 0.0318135 0.552559 0.176228 0.0276562 0.0419243 0.0608728 0.0220414
9.9973E-05 0.127632 0.031579 0.0915697 0.246692 0.42149 0.0583371 0.0223991 9.9973E-05 9.9973E-05
9.9982E-05 0.10535 0.132808 0.0859955 0.0643156 0.497013 0.00841871 0.00408479 9.9982E-05 0.101814
0.00528277 0.102702 0.0788205 0.084823 0.408183 0.258138 0.0017845 9.9991E-05 0.0124746 0.0476924
0.0805869 0.039207 0.0213704 0.0698617 0.402664 0.158903 0.0503361 0.0218786 0.0558633 0.0993283
0.0274856 0.0759619 0.100875 0.0249474 0.409419 0.172698 9.9991E-05 0.0176295 0.0954039 0.0754802
0.0551125 9.9991E-05 0.126659 0.115796 0.0402013 0.31216 0.228884 0.0118107 0.00341762 0.105859
0.0449277 0.066521 0.0623917 0.0473053 0.581246 0.0908009 0.0041506 0.00391264 0.0674683 0.0312756
9.9973E-05 0.00579159 0.102935 0.0965574 0.29041 0.372917 0.0716689 9.9973E-05 9.9973E-05 0.0594202
9.9973E-05 0.0509209 0.115928 0.0491224 0.415572 0.236285 0.100864 9.9973E-05 9.9973E-05 0.0310086
0.0258338 0.103875 9.9973E-05 0.0343708 0.585037 0.174065 9.9973E-05 0.0226467 0.0538721 9.9973E-05
0.198641 9.9964E-05 9.9964E-05 9.9964E-05 0.152589 0.238102 0.0501883 0.0279095 0.33217 9.9964E-05
0.134193 9.9937E-05 9.9937E-05 9.9937E-05 9.9937E-05 0.439863 9.9937E-05 9.9937E-05 0.425244 9.9937E-05
0.115922 9.9946E-05 9.9946E-05 9.9946E-05 9.9946E-05 0.481832 9.9946E-05 0.00312546 0.398521 9.9946E-05
0.23202 9.9964E-05 9.9964E-05 9.9964E-05 0.098965 0.299557 0.0608344 0.0116973 0.296527 9.9964E-05
9.9964E-05 9.9964E-05 0.0660948 0.0339555 0.602218 0.218621 0.0762845 0.00242587 9.9964E-05 9.9964E-05
0.0109078 9.9982E-05 0.0435758 0.0789112 0.603815 0.0593677 0.123396 0.00580469 0.0740219 9.9982E-05
0.644641 0.0118122 9.9946E-05 9.9946E-05 0.328545 9.9946E-05 9.9946E-05 0.014402 9.9946E-05 9.9946E-05
0.409439 0.0635998 0.0032781 9.9982E-05 0.409462 9.9982E-05 0.0288455 0.0288286 0.0085539 0.0477936
0.379125 0.0242161 0.0309992 0.00687249 0.382791 9.9982E-05 0.0879194 0.0131538 0.0747232 9.9982E-05
9.9973E-05 0.00343259 0.167003 0.0358547 0.238656 0.382574 0.0724658 9.9973E-05 9.9973E-05 0.0997137
0.0720934 0.0371178 0.0561133 0.0783319 0.440276 0.107577 0.0954699 0.0118173 0.0855775 0.0156259
9.9973E-05 0.00135667 0.122639 0.0296133 0.182307 0.472432 0.0375714 9.9973E-05 9.9973E-05 0.153781
9.9973E-05 0.0288408 0.0868581 0.00172704 0.582039 0.20681 0.0507882 9.9973E-05 0.0426374 9.9973E-05
9.9973E-05 0.0330653 0.158938 9.9973E-05 0.476977 0.258508 0.0523346 0.00814554 9.9973E-05 0.0117314
9.9955E-05 0.0264893 0.0500625 0.0340021 0.573187 0.315759 9.9955E-05 9.9955E-05 9.9955E-05 9.9955E-05
9.9964E-05 9.9964E-05 0.0567316 0.0649911 0.202844 0.555182 0.109523 9.9964E-05 9.9964E-05 0.0103282
0.0159134 0.0246206 0.0142329 0.0644189 0.657636 0.169519 0.00760083 0.0338657 9.9991E-05 0.0120926
9.9973E-05 0.0413173 0.0703322 0.0180126 0.598965 0.161002 0.0111465 9.9973E-05 0.0989241 9.9973E-05
0.962385 0.0163117 9.9937E-05 9.9937E-05 0.0206037 9.9937E-05 9.9937E-05 9.9937E-05 9.9937E-05 9.9937E-05
0.921658 9.9946E-05 0.0150786 9.9946E-05 0.0410522 9.9946E-05 9.9946E-05 9.9946E-05 9.9946E-05 0.0216113
0.530408 9.9982E-05 0.00570293 0.0192322 0.247526 9.9982E-05 0.0649759 0.0499405 0.00997693 0.072038
0.621758 0.0296764 9.9937E-05 9.9937E-05 0.347866 9.9937E-05 9.9937E-05 9.9937E-05 9.9937E-05 9.9937E-05
0.781069 0.0216805 9.9955E-05 0.0146179 0.156409 9.9955E-05 9.9955E-05 9.9955E-05 9.9955E-05 0.0257236
0.999101 9.99201E-05 9.99201E-05 9.99201E-05 9.99201E-05 9.99201E-05 9.99201E-05 9.99201E-05 9.99201E-05 9.99201E-05
0.932713 0.0486528 0.0179347 9.9937E-05 9.9937E-05 9.9937E-05 9.9937E-05 9.9937E-05 9.9937E-05 9.9937E-05
0.834494 9.9946E-05 0.00363244 9.9946E-05 0.155868 9.9946E-05 9.9946E-05 9.9946E-05 9.9946E-05 0.00540561
0.93565 0.0592092 9.9946E-05 9.9946E-05 9.9946E-05 9.9946E-05 9.9946E-05 0.00353007 9.9946E-05 0.0010114
0.999101 9.99201E-05 9.99201E-05 9.99201E-05 9.99201E-05 9.99201E-05 9.99201E-05 9.99201E-05 9.99201E-05 9.99201E-05
0.999101 9.99201E-05 9.99201E-05 9.99201E-05 9.99201E-05 9.99201E-05 9.99201E-05 9.99201E-05 9.99201E-05 9.99201E-05
0.75675 0.0209877 9.9955E-05 9.9955E-05 0.192398 9.9955E-05 9.9955E-05 0.00700258 9.9955E-05 0.022362
0.791951 0.0380712 9.9973E-05 0.0180247 0.0654544 9.9973E-05 9.9973E-05 0.0196388 0.0165432 0.0500172
0.999101 9.99201E-05 9.99201E-05 9.99201E-05 9.99201E-05 9.99201E-05 9.99201E-05 9.99201E-05 9.99201E-05 9.99201E-05
0.382643 0.0144807 9.9991E-05 0.0472331 0.314862 0.043592 0.0477596 0.015625 0.0910121 0.0426925
0.653667 0.0718932 9.9964E-05 9.9964E-05 0.217787 9.9964E-05 9.9964E-05 0.00275516 0.0241856 0.0293123
0.792947 9.9955E-05 9.9955E-05 9.9955E-05 0.162312 9.9955E-05 9.9955E-05 0.007444 0.026078 0.010719
0.867166 0.00636568 9.9946E-05 9.9946E-05 0.109808 9.9946E-05 9.9946E-05 9.9946E-05 9.9946E-05 0.0160605
0.999101 9.99201E-05 9.99201E-05 9.99201E-05 9.99201E-05 9.99201E-05 9.99201E-05 9.99201E-05 9.99201E-05 9.99201E-05
0.957863 9.9937E-05 9.9937E-05 9.9937E-05 0.0114589 9.9937E-05 9.9937E-05 9.9937E-05 9.9937E-05 0.029979
0.992419 9.9928E-05 9.9928E-05 9.9928E-05 9.9928E-05 9.9928E-05 9.9928E-05 0.00678142 9.9928E-05 9.9928E-05
0.613579 0.0188085 0.00525653 9.9973E-05 0.25133 9.9973E-05 9.9973E-05 0.0220502 0.040534 0.0481421
0.956372 9.9946E-05 9.9946E-05 0.0291956 9.9946E-05 9.9946E-05 9.9946E-05 0.00590345 0.00792927 9.9946E-05
0.0495625 9.9955E-05 0.087332 9.9955E-05 9.9955E-05 0.62642 9.9955E-05 9.9955E-05 0.226363 0.00982286
0.0722518 0.0341455 9.9982E-05 9.9982E-05 0.371236 0.286253 0.0303805 0.0238942 0.153128 0.0285122
0.000653751 0.0364522 0.0132885 9.9973E-05 0.519081 0.32058 9.9973E-05 0.00178955 0.107856 9.9973E-05
0.0959312 0.0427145 9.9964E-05 9.9964E-05 0.221476 0.497977 9.9964E-05 0.0173521 0.124149 9.9964E-05
0.0981548 0.0151943 9.9991E-05 0.0404355 0.388242 0.172939 0.0798776 0.0282487 0.113899 0.0629086
0.0833018 0.00811453 0.0048698 9.9991E-05 0.142209 0.492769 0.0404814 0.0294598 0.16126 0.0374351
0.119943 0.0600627 0.0547214 9.9982E-05 0.378082 0.179858 9.9982E-05 0.00953773 0.1142 0.083395
0.0750388 0.00646311 9.9955E-05 9.9955E-05 0.360851 0.433988 9.9955E-05 9.9955E-05 0.123159 9.9955E-05
0.101603 9.9973E-05 0.0236726 9.9973E-05 0.458981 0.240261 9.9973E-05 0.023456 0.104814 0.0469117
0.0888179 9.9964E-05 9.9964E-05 9.9964E-05 0.409145 0.349285 9.9964E-05 0.0166798 0.110588 0.0250855
0.117159 9.9982E-05 0.00998158 9.9982E-05 0.404566 0.188289 0.081961 0.0320605 0.120229 0.0455533
9.9964E-05 0.0252807 9.9964E-05 0.000655861 0.061417 0.0257254 9.9964E-05 0.00381585 0.882705 9.9964E-05
0.0645522 9.9955E-05 0.0387141 0.00312862 9.9955E-05 9.9955E-05 9.9955E-05 0.0258764 0.867229 9.9955E-05
9.9955E-05 0.0334356 9.9955E-05 9.9955E-05 0.0198067 9.9955E-05 0.00941362 0.0380807 0.898764 9.9955E-05
9.9955E-05 9.9955E-05 9.9955E-05 0.0184296 9.9955E-05 0.0194222 9.9955E-05 0.00660589 0.951888 0.0031549
9.9955E-05 9.9955E-05 9.9955E-05 9.9955E-05 0.0417787 9.9955E-05 0.0237034 0.0412816 0.869853 0.0228833
0.0115285 9.9973E-05 0.00167107 0.00172266 0.00547467 9.9973E-05 9.9973E-05 0.0343894 0.923884 0.0210297
9.9946E-05 0.00235153 9.9946E-05 9.9946E-05 0.0705895 9.9946E-05 9.9946E-05 0.056706 0.869753 9.9946E-05
9.9955E-05 0.0159499 0.0269866 9.9955E-05 9.9955E-05 9.9955E-05 9.9955E-05 0.0349907 0.903461 0.0181119
0.0162371 0.00334809 9.9982E-05 0.0219818 0.0298881 0.0313207 9.9982E-05 0.0147369 0.865976 0.0163119
0.0138151 0.0243631 9.9982E-05 9.9982E-05 0.00497889 0.0428847 0.0188509 0.0382318 0.851769 0.0049064
9.9955E-05 0.240728 9.9955E-05 0.0609462 9.9955E-05 0.0673872 9.9955E-05 9.9955E-05 0.580253 0.050186
9.9964E-05 0.271222 0.0216983 9.9964E-05 9.9964E-05 0.0307011 9.9964E-05 0.0319663 0.560685 0.0833281
9.9973E-05 0.252584 0.00531056 0.019744 9.9973E-05 0.0678767 9.9973E-05 0.0150152 0.501195 0.137976
9.9964E-05 0.286736 0.0018977 0.0286044 9.9964E-05 0.100952 9.9964E-05 9.9964E-05 0.428745 0.152666
0.0090138 0.0373816 9.9991E-05 0.258743 0.403938 0.0233508 0.105295 0.0141748 0.0453885 0.102614
9.9973E-05 0.0583455 0.0146872 0.308574 0.494766 9.9973E-05 9.9973E-05 0.013186 0.031533 0.0786088
0.0323258 0.116511 0.00239595 0.185636 0.468886 9.9982E-05 0.0617286 0.0165193 9.9982E-05 0.115798
9.9964E-05 0.108464 9.9964E-05 0.244342 0.345004 9.9964E-05 0.129826 0.0184611 9.9964E-05 0.153503
9.9964E-05 0.246592 0.0290792 0.0312717 0.0819887 9.9964E-05 0.29579 9.9964E-05 9.9964E-05 0.314878
0.0108577 0.0362771 9.9991E-05 0.142289 0.649581 0.00193221 0.134061 0.000955585 0.0109945 0.0129527
9.9946E-05 0.078062 9.9946E-05 0.215363 0.616272 9.9946E-05 0.0897035 9.9946E-05 9.9946E-05 9.9946E-05
9.9982E-05 0.0123467 0.028282 0.24981 0.520013 0.0322972 0.134624 0.0102233 9.9982E-05 0.012204
0.0248568 9.9955E-05 0.0488286 0.568869 0.338887 9.9955E-05 0.0180591 9.9955E-05 9.9955E-05 9.9955E-05
0.0246256 0.0735121 0.0568311 0.082093 0.628038 9.9982E-05 0.102414 0.0174213 0.0148647 9.9982E-05
9.9955E-05 0.0304243 9.9955E-05 0.448958 0.41101 9.9955E-05 9.9955E-05 0.00510968 9.9955E-05 0.103999
9.9946E-05 9.9946E-05 0.0595957 0.766692 9.9946E-05 0.0279713 0.145142 9.9946E-05 9.9946E-05 9.9946E-05
0.0150184 0.0799305 0.00425514 0.104612 0.500177 9.9991E-05 0.102751 0.0310225 0.0327973 0.129337
9.9955E-05 9.9955E-05 0.0542211 0.651599 0.138766 0.115646 0.0392671 9.9955E-05 9.9955E-05 9.9955E-05
0.032843 9.9964E-05 0.0331842 0.34235 0.470588 9.9964E-05 0.113652 0.00698307 9.9964E-05 9.9964E-05
9.9946E-05 0.0803766 9.9946E-05 0.591184 0.103555 9.9946E-05 9.9946E-05 9.9946E-05 9.9946E-05 0.224285
9.9946E-05 0.854931 9.9946E-05 9.9946E-05 0.0303652 0.0605608 9.9946E-05 9.9946E-05 0.0535431 9.9946E-05
9.9946E-05 0.841185 9.9946E-05 9.9946E-05 0.0681281 0.0683634 9.9946E-05 9.9946E-05 0.0217233 9.9946E-05
9.9955E-05 0.865154 9.9955E-05 9.9955E-05 0.0494119 0.0618872 9.9955E-05 0.00481771 0.0182292 9.9955E-05
9.9955E-05 0.809414 0.000433638 0.026873 9.9955E-05 0.0898704 9.9955E-05 9.9955E-05 0.0729095 9.9955E-05
9.9937E-05 0.809551 9.9937E-05 9.9937E-05 0.102843 0.0869068 9.9937E-05 9.9937E-05 9.9937E-05 9.9937E-05
0.0277936 0.805453 9.9946E-05 9.9946E-05 0.112864 0.0532897 9.9946E-05 9.9946E-05 9.9946E-05 9.9946E-05
0.0439506 0.02172 9.9964E-05 0.0360307 0.0386967 9.9964E-05 9.9964E-05 0.00557605 0.853626 9.9964E-05
0.00753907 0.0156188 0.0032986 0.00412956 0.114892 9.9982E-05 9.9982E-05 0.00413481 0.818934 0.0312535
0.0337805 0.00612835 0.00222526 0.0374841 0.140895 9.9973E-05 9.9973E-05 0.0177866 0.7614 9.9973E-05
0.0780268 0.0120781 9.9973E-05 0.0448148 0.0157955 9.9973E-05 9.9973E-05 0.000391593 0.818452 0.0301411
0.0388866 0.00998543 9.9973E-05 0.0231365 0.154268 0.00193555 9.9973E-05 0.0217437 0.749745 9.9973E-05
9.9964E-05 0.538748 9.9964E-05 0.0201359 9.9964E-05 0.0680351 9.9964E-05 0.00217253 0.352911 0.0175972
0.00436181 0.532863 0.0336389 9.9964E-05 9.9964E-05 0.0617387 9.9964E-05 0.0272461 0.339752 9.9964E-05
9.9964E-05 0.503066 0.0394809 9.9964E-05 0.0332261 9.9964E-05 9.9964E-05 0.0166735 0.396499 0.0106546
9.99201E-05 9.99201E-05 9.99201E-05 9.99201E-05 9.99201E-05 9.99201E-05 9.99201E-05 0.999101 9.99201E-05 9.99201E-05
9.9973E-05 0.478991 0.080861 0.020784 9.9973E-05 0.0163056 9.9973E-05 0.0305011 0.333805 0.0384527
0.2877 9.9964E-05 9.9964E-05 9.9964E-05 0.276629 0.171565 0.059934 0.00404274 0.19973 9.9964E-05
0.181408 0.0225227 0.00445294 9.9991E-05 0.512623 0.0407212 0.0351831 0.00318264 0.159074 0.0407324
0.192118 9.9955E-05 9.9955E-05 9.9955E-05 0.570443 9.9955E-05 0.0273685 0.00413834 0.205433 9.9955E-05
0.211585 9.9964E-05 0.00639508 9.9964E-05 0.336982 0.111273 0.0379295 9.9964E-05 0.295436 9.9964E-05
0.125987 0.00844714 9.9982E-05 9.9982E-05 0.502514 0.0442843 0.0867671 0.085296 0.110847 0.0356579
0.29465 9.9955E-05 9.9955E-05 9.9955E-05 9.9955E-05 0.260957 0.0366559 0.0257297 0.381508 9.9955E-05
9.9955E-05 0.179478 9.9955E-05 9.9955E-05 0.404777 9.9955E-05 0.293568 0.00146769 9.9955E-05 0.12021
9.9973E-05 9.9973E-05 0.0808788 0.042967 0.346673 0.0679246 0.415548 9.9973E-05 0.000690669 0.0450185
9.9955E-05 0.148637 9.9955E-05 9.9955E-05 0.145263 9.9955E-05 0.28193 0.00200313 9.9955E-05 0.421667
0.00363371 0.0484532 0.11611 0.00887531 0.484897 0.0367041 0.279309 9.9982E-05 9.9982E-05 0.0218185
9.9955E-05 0.0238776 0.155381 0.0275031 9.9955E-05 0.237701 0.555038 9.9955E-05 9.9955E-05 9.9955E-05
0.00871644 0.0679751 9.9991E-05 0.0174584 0.525925 0.0466674 0.113159 0.0287456 0.0711465 0.120107
9.9982E-05 0.0652868 0.0762949 0.0303069 0.507997 0.0141181 0.273145 9.9982E-05 0.0154134 0.0172373
9.9982E-05 0.174328 9.9982E-05 0.0125576 0.260108 0.0272538 0.224365 0.0238513 0.0032038 0.274132
9.9982E-05 0.0276368 0.025313 0.0583248 0.512541 9.9982E-05 0.145902 0.0065786 0.0959322 0.127571
9.9964E-05 9.9964E-05 0.0240781 0.0786514 0.030997 0.145706 0.582472 9.9964E-05 9.9964E-05 0.137696
0.00279407 0.0336307 0.0440854 0.0712792 0.505469 0.0339735 0.206807 0.0138356 0.0289637 0.059162
9.9955E-05 0.121953 9.9955E-05 9.9955E-05 0.445283 9.9955E-05 0.241721 9.9955E-05 0.0245837 0.16596
0.148422 0.0200614 9.9982E-05 0.000277225 0.368797 0.0958579 0.219898 9.9982E-05 0.1244 0.0220858
0.000517567 0.0571608 0.0998991 0.0653377 0.28697 0.0666075 0.364097 9.9982E-05 9.9982E-05 0.0592101
0.00331083 0.0711269 0.0717349 0.0463107 0.367735 0.108513 0.308866 9.9982E-05 9.9982E-05 0.0222029
9.9973E-05 0.0710275 0.101335 0.0310624 0.547619 9.9973E-05 0.173366 9.9973E-05 0.00840733 0.0668828
9.9973E-05 0.0224704 0.0752527 0.0236579 0.485148 0.0438577 0.285685 9.9973E-05 9.9973E-05 0.0636276
0.0427054 0.00735639 0.0414992 0.0243214 0.604282 0.0447929 0.19207 0.0145011 0.0242895 0.00418177
0.0297251 0.0620565 0.0182695 0.0929095 0.484444 0.00693795 0.106299 9.9991E-05 0.100309 0.0989501
0.0104013 0.0618746 9.9991E-05 0.0507671 0.535053 0.0314378 0.0977096 0.013937 0.0732101 0.125509
0.0366328 9.9937E-05 9.9937E-05 9.9937E-05 0.12431 9.9937E-05 9.9937E-05 9.9937E-05 0.838358 9.9937E-05
9.9946E-05 9.9946E-05 0.00746028 9.9946E-05 0.11733 9.9946E-05 0.000738756 9.9946E-05 0.873872 9.9946E-05
9.9964E-05 0.038481 0.0143507 9.9964E-05 0.0513987 0.0137061 9.9964E-05 0.050146 0.831518 9.9964E-05
0.0452476 0.0179066 0.00935248 9.9964E-05 0.029507 9.9964E-05 9.9964E-05 0.0178668 0.87972 9.9964E-05
9.9946E-05 0.0122405 9.9946E-05 9.9946E-05 0.0917442 9.9946E-05 9.9946E-05 0.0170637 0.878352 9.9946E-05
0.00554691 0.161973 9.9991E-05 0.034402 0.0120033 0.00562275 0.358366 0.0296273 0.0326824 0.359676
0.0137628 0.0907165 0.063126 0.0570074 0.440443 9.9982E-05 0.26855 0.0400695 0.0261251 9.9982E-05
0.162733 0.0435409 0.0361122 0.000919352 0.443771 0.117338 0.0329151 9.9991E-05 0.159084 0.00348641
0.0176577 0.100083 9.9973E-05 9.9973E-05 0.614407 9.9973E-05 0.114724 0.0111662 0.00605251 0.13561
9.9973E-05 0.0740448 9.9973E-05 9.9973E-05 0.399531 0.00810471 0.280923 0.00986721 0.00547464 0.221754
9.9973E-05 0.00362386 0.0351051 9.9973E-05 0.185451 0.109355 0.629061 0.0196664 9.9973E-05 0.0174381
9.9955E-05 0.239227 9.9955E-05 9.9955E-05 9.9955E-05 9.9955E-05 0.442948 0.0119111 0.064585 0.240829
9.9973E-05 0.141519 9.9973E-05 0.0304668 0.398297 9.9973E-05 0.233022 0.0162439 0.0471845 0.132967
0.049249 0.267891 0.00448453 9.9982E-05 0.133832 9.9982E-05 0.212053 0.00291563 0.0197504 0.309625
0.021285 0.055252 9.9982E-05 0.0697438 0.406356 0.0609394 0.300437 9.9982E-05 0.0634257 0.0223612
9.9964E-05 0.195556 0.0140008 9.9964E-05 0.0313843 9.9964E-05 0.370692 9.9964E-05 0.0817294 0.306238
0.0153764 0.0665524 9.9973E-05 9.9973E-05 0.496414 9.9973E-05 0.18358 0.0131954 0.0639526 0.160629
9.9973E-05 0.133875 9.9973E-05 0.017895 0.0181273 9.9973E-05 0.366213 0.036922 0.0291735 0.397495
0.0703853 9.9982E-05 9.9982E-05 0.032295 0.145396 0.0530619 0.610473 0.0230253 0.0358042 0.0293594
9.9982E-05 0.0627535 0.0610691 0.0272085 0.486096 0.172156 9.9982E-05 0.00404547 0.0819651 0.104506
9.9964E-05 0.0749156 0.100946 0.0565425 0.261238 0.422982 9.9964E-05 9.9964E-05 9.9964E-05 0.082977
9.9973E-05 0.0523254 0.0664442 0.044811 0.519354 0.262924 9.9973E-05 0.000944858 9.9973E-05 0.0528962
0.00434542 0.0473893 0.0344417 0.0450415 0.566721 0.212275 0.0329471 0.0359575 0.0207814 9.9991E-05
9.9964E-05 0.0345114 0.0573236 0.0801432 0.243131 0.515281 9.9964E-05 9.9964E-05 9.9964E-05 0.0692103
0.0254611 0.0699122 0.0418162 0.0587152 0.536284 0.108843 0.0704082 0.016903 0.0715574 9.9991E-05
9.9973E-05 0.0673663 0.0839213 0.0716766 0.514361 0.244784 0.0125105 9.9973E-05 0.00508023 9.9973E-05
9.9964E-05 0.0175042 0.174363 0.0942668 0.115199 0.505767 0.0925003 9.9964E-05 9.9964E-05 9.9964E-05
9.9964E-05 0.0597224 0.0493605 0.0656971 0.184613 0.612553 9.9964E-05 9.9964E-05 9.9964E-05 0.0276533
9.9973E-05 0.0407346 0.0368491 0.0354379 0.471486 0.358749 0.0323412 9.9973E-05 9.9973E-05 0.024102
9.9964E-05 0.0983885 0.0671814 0.171038 0.0787546 0.563434 0.0208041 9.9964E-05 9.9964E-05 9.9964E-05
9.9973E-05 0.0527445 0.0318986 0.0757217 0.421572 0.277448 0.062301 9.9973E-05 9.9973E-05 0.0780138
9.9964E-05 0.104579 9.9964E-05 9.9964E-05 0.0356657 9.9964E-05 0.623278 0.00995339 0.0226621 0.203462
0.0699792 9.9946E-05 0.0506925 9.9946E-05 0.041744 9.9946E-05 0.836985 9.9946E-05 9.9946E-05 9.9946E-05
0.014041 0.0923375 9.9973E-05 9.9973E-05 0.320821 9.9973E-05 0.369179 0.0279284 0.0461893 0.129203
0.0613136 0.0702215 9.9973E-05 0.00791745 0.471108 9.9973E-05 0.277336 9.9973E-05 0.0383507 0.0734526
9.9955E-05 0.172988 9.9955E-05 0.00723281 0.121355 9.9955E-05 0.555595 9.9955E-05 9.9955E-05 0.142329
0.0717627 0.0471371 0.0289222 0.0453702 0.415653 0.0785802 0.257989 0.0054097 0.0327949 0.0163805
0.0191966 0.0729954 0.0338838 9.9982E-05 0.501945 9.9982E-05 0.223621 0.0301972 0.00373661 0.114225
0.0416841 0.024852 0.00984262 0.0167474 0.420315 9.9973E-05 0.423834 0.0624252 9.9973E-05 9.9973E-05
0.0767401 0.0748109 0.012663 0.0219369 0.389449 9.9982E-05 0.252517 9.9982E-05 0.00619432 0.165489
9.9946E-05 0.15704 9.9946E-05 9.9946E-05 0.444642 9.9946E-05 0.254847 9.9946E-05 9.9946E-05 0.142872
9.9955E-05 0.0836014 9.9955E-05 9.9955E-05 0.165245 9.9955E-05 0.52293 0.0404983 9.9955E-05 0.187226
0.0332335 0.153921 9.9955E-05 9.9955E-05 0.361673 9.9955E-05 0.345382 9.9955E-05 9.9955E-05 0.105291
0.0231708 0.0274499 0.0234124 9.9973E-05 0.539154 9.9973E-05 0.359711 0.00512405 9.9973E-05 0.021678
0.0236302 0.00588963 9.9964E-05 0.0211618 0.565114 9.9964E-05 0.315621 9.9964E-05 0.0681831 9.9964E-05
0.04978 0.0353454 9.9982E-05 0.0322535 0.265383 0.0203694 0.518893 0.0115595 0.0662163 9.9982E-05
0.0955221 0.020737 9.9955E-05 0.0434008 0.390986 9.9955E-05 0.448854 9.9955E-05 9.9955E-05 9.9955E-05
0.0380464 0.155422 9.9982E-05 0.000928469 0.271652 9.9982E-05 0.325688 0.0281653 0.00838619 0.171511
0.0318634 0.0255318 9.9964E-05 9.9964E-05 0.46821 9.9964E-05 0.334064 9.9964E-05 0.0330256 0.106906
0.0419235 0.0452395 0.00437837 0.0129585 0.425541 9.9982E-05 0.307236 9.9982E-05 0.0594703 0.103053
0.00461081 0.0561742 0.0351205 9.9991E-05 0.546619 0.00734411 0.219933 0.016626 0.0966558 0.0168171
0.102919 0.00684187 9.9973E-05 9.9973E-05 0.459585 0.0181152 0.0133925 9.9973E-05 0.325382 0.073465
0.126063 9.9982E-05 0.0292083 9.9982E-05 0.558005 0.0453666 0.0479448 0.00761414 0.120016 0.0655823
0.108685 0.0207845 0.0581351 9.9991E-05 0.453276 0.0578891 0.124891 0.0383681 0.11361 0.024261
0.0964637 0.016758 0.0435697 9.9982E-05 0.530303 0.105391 0.0955603 0.0353245 0.0764297 9.9982E-05
0.186357 9.9964E-05 0.00480028 9.9964E-05 0.41479 0.0940223 0.106485 9.9964E-05 0.193146 9.9964E-05
9.9973E-05 0.0173787 0.104946 0.00268668 0.429939 0.0447066 0.364753 9.9973E-05 9.9973E-05 0.0352892
0.114868 0.0214278 0.0261592 0.0734688 0.519099 0.051718 0.0580752 0.0150694 0.120015 9.9991E-05
0.155884 9.9973E-05 0.00571047 9.9973E-05 0.013138 0.271362 0.324415 9.9973E-05 0.214963 0.0142277
0.0844093 9.9973E-05 9.9973E-05 9.9973E-05 0.552817 0.0468586 0.186845 0.00897155 0.106299 0.0135003
0.157487 9.9973E-05 0.0581267 9.9973E-05 0.493863 0.0233985 0.118035 0.00277971 0.14601 9.9973E-05
0.146635 9.9982E-05 9.9982E-05 0.03634 0.502706 0.0701947 0.117189 0.034023 0.0593436 0.0333683
0.0832759 9.9982E-05 0.0715942 0.0145724 0.284948 0.185968 0.165937 0.0334388 0.160065 9.9982E-05
0.140532 0.0160926 0.0371602 9.9982E-05 0.510939 0.0408001 0.0138118 9.9982E-05 0.17523 0.0652341
0.149886 0.0490256 0.0767818 9.9982E-05 0.470486 0.0368984 0.0862142 0.0145357 0.115972 9.9982E-05
0.118038 9.9946E-05 9.9946E-05 9.9946E-05 9.9946E-05 0.391869 0.0616421 9.9946E-05 0.427852 9.9946E-05
0.170315 0.0358519 9.9982E-05 0.033735 0.494914 9.9982E-05 0.074716 0.0251252 0.143683 0.0214598
0.149781 9.9982E-05 0.048488 0.011977 0.535183 0.0468212 0.0132179 0.0277447 0.166587 9.9982E-05
0.091889 9.9982E-05 0.0612925 9.9982E-05 0.529687 0.0806443 0.0975661 0.0293717 0.0440543 0.0652948
0.178148 9.9964E-05 9.9964E-05 9.9964E-05 0.549452 0.0839325 0.0297048 0.002518 0.155845 9.9964E-05
0.0999915 0.0097678 9.9991E-05 0.00512948 0.483928 0.0503209 0.0298596 0.0281783 0.187307 0.105417
0.0254366 0.056913 0.429887 0.0616095 0.381603 9.9964E-05 9.9964E-05 9.9964E-05 0.044151 9.9964E-05
0.0515478 0.033838 0.242789 0.0614373 0.490289 9.9973E-05 9.9973E-05 9.9973E-05 0.0942026 0.0255963
9.9955E-05 0.0296316 0.902052 0.0255784 9.9955E-05 0.0129766 0.0292616 9.9955E-05 9.9955E-05 9.9955E-05
9.9946E-05 0.00562761 0.958066 9.9946E-05 9.9946E-05 0.0192168 9.9946E-05 9.9946E-05 9.9946E-05 0.0164903
0.0131136 0.0256584 0.322632 9.9982E-05 0.476175 0.0434869 9.9982E-05 0.0308858 0.0646005 0.0232482
0.289439 0.0174494 0.127414 9.9973E-05 0.330003 0.088321 9.9973E-05 0.00175142 0.145322 9.9973E-05
0.279414 9.9955E-05 0.251826 9.9955E-05 0.307641 0.0305886 9.9955E-05 9.9955E-05 0.130031 9.9955E-05
0.279009 9.9964E-05 0.275828 9.9964E-05 0.140304 0.0917312 0.0517077 9.9964E-05 0.16102 9.9964E-05
0.247702 9.9964E-05 0.189907 9.9964E-05 0.320092 0.0734314 9.9964E-05 0.0200977 0.14837 9.9964E-05
0.0399256 9.9964E-05 0.704749 9.9964E-05 0.0438105 0.119082 9.9964E-05 0.0203348 0.0716982 9.9964E-05
0.0553582 9.9964E-05 0.682609 9.9964E-05 0.108535 0.0582405 9.9964E-05 0.0252135 0.0696432 9.9964E-05
0.0504787 0.00160184 0.363266 0.0310077 0.528512 0.00260206 0.0098062 9.9982E-05 9.9982E-05 0.0125259
0.110126 9.9946E-05 0.468671 9.9946E-05 0.362033 9.9946E-05 9.9946E-05 9.9946E-05 0.0585711 9.9946E-05
0.0498677 0.0132595 0.708422 0.000220268 0.178631 9.9973E-05 9.9973E-05 0.0185127 0.0307865 9.9973E-05
0.0537479 0.0255313 0.321623 9.9973E-05 0.451743 9.9973E-05 9.9973E-05 0.014609 0.00604325 0.126403
0.0600554 9.9955E-05 0.347992 9.9955E-05 0.535026 9.9955E-05 9.9955E-05 0.00849413 0.0479324 9.9955E-05
0.0917639 0.0242793 0.296255 0.0237695 0.424042 9.9991E-05 0.015017 0.0176949 0.0574436 0.0496343
9.9946E-05 9.9946E-05 0.64734 9.9946E-05 0.279273 9.9946E-05 0.0576115 0.0151757 9.9946E-05 9.9946E-05
9.9982E-05 0.0426009 0.429192 0.0665465 0.372711 0.0198307 0.0454335 0.0159463 9.9982E-05 0.00753873
9.9991E-05 0.0584692 0.348434 0.00907579 0.524882 0.0169499 0.00156624 0.00164831 0.0118229 0.0270518
0.0371093 0.117405 0.372496 0.00740872 0.415443 0.0324607 9.9991E-05 0.0101902 0.0049909 0.00239688
0.0388263 9.9982E-05 0.290918 0.00613201 0.440822 9.9982E-05 0.0137496 0.0218248 0.0808803 0.106647
9.9982E-05 9.9982E-05 0.440827 0.0615638 0.414982 0.0343651 0.00785318 0.00597135 0.0114408 0.0227972
9.9946E-05 0.0147158 0.822602 9.9946E-05 0.153876 9.9946E-05 9.9946E-05 0.00820628 9.9946E-05 9.9946E-05
0.0194167 9.9946E-05 0.385843 9.9946E-05 0.586786 9.9946E-05 9.9946E-05 0.00735451 9.9946E-05 9.9946E-05
9.9955E-05 0.0384139 0.820642 0.0140678 0.11377 9.9955E-05 0.012606 9.9955E-05 9.9955E-05 9.9955E-05
9.9946E-05 9.9946E-05 0.576082 9.9946E-05 0.387741 9.9946E-05 9.9946E-05 9.9946E-05 0.03056 0.0050178
0.0192322 0.0334053 0.30473 0.0085496 0.448921 0.0318248 0.0653662 0.0335845 0.0496861 0.00470069
0.047517 0.0124065 0.330644 0.042933 0.434936 9.9982E-05 0.0477133 0.00825925 0.0753907 9.9982E-05
0.102017 0.0358328 0.0545901 0.0149907 0.503027 0.0838859 0.0126753 0.00178916 0.172015 0.0191765
0.124737 0.0780361 0.115199 0.00759466 0.396156 0.13675 9.9982E-05 0.0390603 0.102268 9.9982E-05
0.240838 9.9973E-05 0.0875091 9.9973E-05 0.310129 0.11746 0.0625221 0.0286078 0.152634 9.9973E-05
0.2214 0.0485168 0.122267 9.9982E-05 0.293611 0.103512 9.9982E-05 0.0268299 0.172996 0.0106665
0.167107 0.0288293 0.0210131 0.0232571 0.439512 0.117827 0.0402114 0.015614 0.135494 0.0111347
0.157117 0.0102278 0.172406 0.0795804 0.365015 0.0204756 0.0260217 0.0172713 0.151785 9.9991E-05
0.106775 9.9955E-05 0.679526 9.9955E-05 9.9955E-05 0.054032 9.9955E-05 0.0117567 0.147411 9.9955E-05
0.184698 0.00316272 0.144564 9.9964E-05 0.538966 0.0533178 9.9964E-05 9.9964E-05 0.0748922 9.9964E-05
0.0806974 9.9946E-05 0.384379 9.9946E-05 9.9946E-05 0.224062 9.9946E-05 9.9946E-05 0.310262 9.9946E-05
0.118548 9.9955E-05 0.309941 9.9955E-05 0.510388 9.9955E-05 9.9955E-05 0.00540991 0.0552127 9.9955E-05
9.9928E-05 9.9928E-05 0.929659 9.9928E-05 0.0695413 9.9928E-05 9.9928E-05 9.9928E-05 9.9928E-05 9.9928E-05
