9.9991E-05 0.0692007 0.927935 0.00276399
9.9991E-05 0.00961143 0.987986 0.00230209
0.0166761 0.0173327 0.901479 0.0645119
9.999E-05 0.00354174 0.859882 0.136476
9.9982E-05 9.9982E-05 0.924819 0.0749808
0.161345 0.0556366 0.709038 0.0739804
0.1208 0.0125679 0.861579 0.00505364
0.173189 0.0390068 0.787705 9.9991E-05
0.129855 9.9982E-05 0.869945 9.9982E-05
0.126029 0.00369373 0.807982 0.0622959
0.0972831 0.00937812 0.794818 0.0985203
0.484739 9.9991E-05 0.140122 0.375039
0.1983 0.00951615 0.11643 0.675754
0.442248 0.0209675 0.107125 0.429659
0.364492 0.0867146 0.143073 0.405721
0.22486 0.0805876 0.156283 0.538269
0.167205 0.0817393 0.0639269 0.687129
0.280349 0.00854136 0.0731193 0.63799
0.392987 0.045361 0.181619 0.380033
0.66155 9.9991E-05 0.142924 0.195425
0.319183 0.0176346 0.104655 0.558528
0.368526 0.089588 0.0368886 0.504998
0.214683 0.0605458 0.0774074 0.647364
0.421487 0.00531577 0.159098 0.414099
0.130522 0.121108 0.127006 0.621364
0.209049 0.0303974 0.10496 0.655594
0.489252 9.9991E-05 0.127237 0.383411
0.393363 0.0115831 0.159131 0.435923
0.522399 9.9991E-05 0.075058 0.402443
9.9991E-05 0.0126749 0.902424 0.0848009
9.9982E-05 9.9982E-05 0.890096 0.109704
9.9991E-05 0.0943517 0.830671 0.0748771
9.9991E-05 0.0885517 0.74265 0.168698
0.254841 9.9991E-05 0.0893687 0.65569
0.224678 0.0643251 0.0577289 0.653268
0.253606 0.0263605 9.9991E-05 0.719934
0.53474 9.9991E-05 0.136157 0.329003
0.515489 0.0169513 9.9991E-05 0.467459
0.190953 0.0808306 0.108263 0.619954
0.107854 9.9991E-05 0.0636157 0.82843
0.200254 0.00315499 0.148116 0.648475
0.151495 0.00293331 0.151161 0.69441
0.565505 9.9991E-05 0.0427192 0.391675
0.139233 0.0499973 0.104431 0.706339
0.137811 0.0170046 0.0960336 0.749151
0.08171 0.0752009 0.156453 0.686636
0.458973 9.9982E-05 9.9982E-05 0.540827
0.128422 0.00557018 0.102421 0.763587
0.194291 0.0931217 0.0827697 0.629818
0.968318 0.031452 0.000129685 9.9991E-05
0.633233 9.9991E-05 0.070026 0.296641
0.642063 0.118585 0.0348577 0.204494
0.193233 0.0834208 0.0894596 0.633887
0.174318 0.0918154 0.0786133 0.655253
0.142879 0.130231 0.0897187 0.637171
0.489938 9.9991E-05 0.203597 0.306365
0.257479 9.9991E-05 0.0588681 0.683553
0.164488 0.0675485 0.0992992 0.668664
0.301027 0.0207722 0.168371 0.50983
0.50433 9.9991E-05 0.247357 0.248214
0.214389 0.0679076 0.0797845 0.637919
0.243295 0.0199262 0.147336 0.589443
0.619175 9.9991E-05 0.162708 0.218017
0.349883 9.9991E-05 0.0494106 0.600606
0.188993 0.0844414 0.0552252 0.67134
0.165562 0.0094185 0.127591 0.697428
0.43206 0.0104134 0.129144 0.428382
0.254993 0.0264263 0.107835 0.610745
0.189634 0.0407995 0.0540929 0.715474
0.492262 9.9991E-05 0.11904 0.388599
0.29788 9.9991E-05 0.00704529 0.694975
0.521555 9.9991E-05 0.00697891 0.471366
0.200302 0.0166122 0.127546 0.65554
0.761372 9.9982E-05 9.9982E-05 0.238428
0.775935 9.9982E-05 9.9982E-05 0.223865
0.534862 9.9982E-05 9.9982E-05 0.464938
0.313475 9.9991E-05 0.0292319 0.657193
0.132622 0.0517187 0.142801 0.672858
0.321848 0.00566693 9.9991E-05 0.672385
0.561108 9.9991E-05 0.0264097 0.412382
0.491291 9.9991E-05 0.0195208 0.489089
0.17667 0.0783918 0.0675755 0.677363
0.383583 9.9991E-05 0.023504 0.592813
0.315725 9.9991E-05 0.0162253 0.66795
0.360204 9.9982E-05 9.9982E-05 0.639596
0.89214 0.0744196 9.9991E-05 0.0333407
0.171791 0.0432043 0.0487111 0.736293
0.0146177 9.9991E-05 0.880383 0.104899
9.9991E-05 0.00798294 0.934146 0.0577715
9.9991E-05 0.0340253 0.863274 0.102601
9.9982E-05 0.0650709 0.934729 9.9982E-05
9.9982E-05 0.050227 0.949573 9.9982E-05
9.9991E-05 0.0417996 0.881203 0.0768979
9.9982E-05 9.9982E-05 0.942377 0.0574235
0.202382 0.0965383 0.0922539 0.608826
0.11187 0.0722898 0.138236 0.677605
0.684458 9.9991E-05 0.0427843 0.272658
0.143346 0.0531182 0.111669 0.691867
0.383953 9.9991E-05 0.0193771 0.59657
0.254762 9.9991E-05 0.0766053 0.668532
0.262581 0.0519218 0.00705076 0.678446
0.258645 0.0365664 0.0380601 0.666728
0.675534 9.9991E-05 0.0533153 0.271051
0.219071 0.0287758 0.118659 0.633494
0.13151 0.0432454 0.0778134 0.747432
0.12934 0.0914092 0.119507 0.659744
0.560364 0.0268048 9.9991E-05 0.412732
0.2938 0.0164577 9.9991E-05 0.689643
0.337699 9.9991E-05 0.0113451 0.650856
0.411806 9.9982E-05 9.9982E-05 0.587994
0.311375 9.9991E-05 0.0624207 0.626104
0.256292 0.0508086 0.0536398 0.63926
0.480248 0.104772 0.0740924 0.340888
0.317372 9.9991E-05 0.13732 0.545208
0.167146 0.0451875 0.147027 0.64064
0.19536 0.0780176 0.110466 0.616156
0.321277 9.9991E-05 0.120003 0.55862
0.187054 0.013145 0.0938417 0.705959
0.29273 9.9991E-05 0.147348 0.559822
0.22716 0.0697111 0.118575 0.584554
0.214264 0.0900483 0.0960874 0.5996
0.207885 9.9991E-05 0.108999 0.683016
0.247073 9.9991E-05 0.075489 0.677338
0.179351 0.0979131 0.0307346 0.692002
0.15982 0.10001 0.107241 0.632929
0.218201 0.0816548 0.0277607 0.672384
0.175235 0.0705162 0.121166 0.633083
0.204249 0.0681916 0.0516284 0.675931
0.419468 0.0944647 0.116869 0.369199
0.149437 0.0156133 0.122726 0.712224
0.186765 0.0615735 0.0599497 0.691712
0.529776 9.9991E-05 0.1179 0.352224
0.674671 0.0900971 0.017035 0.218197
0.255229 0.0135566 0.0976859 0.633529
0.796895 0.0794243 9.9991E-05 0.123581
0.422087 9.9991E-05 0.0855215 0.492291
0.368591 9.9991E-05 0.0414644 0.589845
0.420528 9.9991E-05 0.102046 0.477326
0.455026 9.9991E-05 0.0672297 0.477645
0.165045 0.019585 0.115789 0.699581
0.176756 0.0687178 0.115553 0.638973
0.203601 0.060943 0.0718241 0.663632
0.66485 0.0530775 0.0272917 0.254781
0.165524 0.0371115 0.17337 0.623995
0.311293 0.113181 0.0704668 0.505059
0.793519 0.0624263 0.143955 9.9991E-05
0.100678 0.0909182 0.0677309 0.740673
0.470224 0.0949788 0.110108 0.324689
0.235755 0.110065 0.115562 0.538619
0.548297 0.0452749 0.111971 0.294458
0.700657 0.0219689 0.129821 0.147553
0.41273 0.051155 0.0676988 0.468416
0.219591 0.0806284 0.131762 0.568019
0.228971 0.0309015 0.212906 0.527221
0.660746 0.154191 0.0408674 0.144195
0.19777 0.046367 0.129289 0.626573
0.532782 9.9982E-05 9.9982E-05 0.467018
0.449269 0.00379781 0.00114024 0.545793
0.167046 0.106666 0.0555193 0.670769
0.19897 0.308237 0.38854 0.104253
0.272849 0.208363 0.518687 9.9991E-05
0.300179 0.199246 0.500475 9.9991E-05
0.252698 0.327144 0.378733 0.0414247
0.274923 0.020925 9.9991E-05 0.704052
0.1791 0.0967725 0.101673 0.622455
9.9982E-05 0.675817 9.9982E-05 0.323983
0.0831105 0.452752 0.0148876 0.44925
0.085754 0.378877 0.0801207 0.455248
0.594308 0.109897 0.00624648 0.289548
0.22556 0.0742584 0.134067 0.566115
0.628917 0.0572861 9.9991E-05 0.313697
0.251672 0.0448924 0.100604 0.602832
0.33684 0.055808 0.057987 0.549365
0.300444 0.0530249 0.00625578 0.640275
0.655304 0.102083 9.9991E-05 0.242513
0.136342 0.0560466 0.0898949 0.717717
0.201425 0.0373192 0.13199 0.629266
0.00581306 0.993987 9.9982E-05 9.9982E-05
0.00588411 0.898973 9.9991E-05 0.095043
0.0101897 0.526166 0.0919635 0.371681
9.9982E-05 0.622583 9.9982E-05 0.377217
9.9982E-05 0.833428 9.9982E-05 0.166372
9.998E-05 0.9997 9.998E-05 9.998E-05
0.0213455 0.957813 9.9991E-05 0.0207415
9.9982E-05 0.860464 9.9982E-05 0.139336
0.0123626 0.919196 0.0186655 0.0497756
9.998E-05 0.9997 9.998E-05 9.998E-05
9.998E-05 0.9997 9.998E-05 9.998E-05
9.9991E-05 0.763322 0.0376654 0.198912
9.9991E-05 0.775617 0.056695 0.167588
9.998E-05 0.9997 9.998E-05 9.998E-05
0.0918645 0.415153 0.0992594 0.393723
9.9991E-05 0.62989 0.0787978 0.291212
9.9991E-05 0.829353 0.019734 0.150813
9.9982E-05 0.894324 9.9982E-05 0.105476
9.998E-05 0.9997 9.998E-05 9.998E-05
9.9982E-05 0.936701 9.9982E-05 0.0630988
9.998E-05 0.9997 9.998E-05 9.998E-05
0.0156697 0.62906 0.0495773 0.305693
0.000782319 0.972806 0.00191512 0.024497
0.536873 0.13824 0.324788 9.9991E-05
0.262903 0.181678 0.22635 0.329069
0.210304 0.103003 0.189508 0.497185
0.430196 0.2019 0.203891 0.164013
0.205675 0.164657 0.168024 0.461644
0.463554 0.240411 0.257156 0.0388785
0.225389 0.14586 0.18062 0.448131
0.304555 0.218754 0.187812 0.288879
0.181495 0.172433 0.163023 0.48305
0.212259 0.182772 0.216568 0.388401
0.194594 0.150827 0.17042 0.484159
0.0186806 9.9991E-05 0.925606 0.0556131
0.019496 0.0832966 0.897107 9.9991E-05
0.00873096 9.9991E-05 0.975358 0.015811
9.998E-05 9.998E-05 0.9997 9.998E-05
0.000909269 9.9991E-05 0.938258 0.0607325
9.9982E-05 0.00546604 0.994334 9.9982E-05
9.9991E-05 0.0165324 0.950106 0.0332618
0.0228511 9.9991E-05 0.976791 0.000258186
0.0329523 0.025265 0.921924 0.0198588
0.0224298 0.0370072 0.917397 0.0231658
0.331182 0.00551095 0.663207 9.9991E-05
0.305834 9.9982E-05 0.693966 9.9982E-05
0.377602 9.9982E-05 0.622198 9.9982E-05
0.445689 9.9982E-05 0.554112 9.9982E-05
0.287049 9.9991E-05 0.0987855 0.614065
0.304349 0.0165638 0.0333456 0.645742
0.2526 9.9991E-05 0.0743721 0.672928
0.385039 9.9991E-05 0.0699907 0.54487
0.591085 9.9991E-05 0.0648554 0.343959
0.128368 0.0108963 0.0853642 0.775372
0.220939 0.0299358 9.9991E-05 0.749025
0.338269 0.0255321 9.9991E-05 0.636099
0.396374 9.9982E-05 9.9982E-05 0.603426
0.213025 0.093866 0.0448542 0.648255
0.364799 9.9991E-05 0.0124783 0.622623
0.813072 9.9982E-05 9.9982E-05 0.186728
0.197526 0.0106089 0.0807211 0.711144
0.616481 9.9982E-05 9.9982E-05 0.383319
0.2807 0.0229551 0.0149222 0.681422
0.604822 9.9982E-05 9.9982E-05 0.394978
0.663513 9.9991E-05 0.303455 0.0329329
0.622384 9.9991E-05 0.259005 0.118512
0.649418 9.9991E-05 0.239313 0.111169
0.68389 9.9991E-05 0.268871 0.047139
0.619471 9.9991E-05 0.191383 0.189046
0.601837 9.9991E-05 0.224498 0.173565
9.9991E-05 0.0246939 0.911056 0.0641497
9.9991E-05 0.00390022 0.851186 0.144814
9.9991E-05 0.0166334 0.81896 0.164306
0.0226248 0.053086 0.871986 0.0523029
9.9991E-05 0.0444807 0.801558 0.153861
0.484795 9.9991E-05 0.508762 0.00634329
0.443921 9.9991E-05 0.540396 0.0155824
0.39518 9.9991E-05 0.56421 0.0405102
9.9982E-05 9.9982E-05 0.886679 0.113121
0.479281 9.9991E-05 0.519529 0.00109006
0.0820852 0.362659 0.288126 0.26713
0.0381754 0.206204 0.181162 0.574459
9.9991E-05 0.276554 0.166556 0.556789
0.0756484 0.302298 0.279455 0.342598
0.0950663 0.102065 0.182359 0.62051
0.191162 0.351479 0.457259 9.9991E-05
0.367189 9.9991E-05 0.081419 0.551292
0.441986 0.0578117 0.00233953 0.497863
0.519381 9.9991E-05 0.0730225 0.407496
0.329655 0.0501685 0.00400791 0.616169
0.99752 0.00228028 9.9982E-05 9.9982E-05
0.150351 0.053909 0.118778 0.676962
0.276818 0.0971035 0.0485089 0.577569
0.435248 9.9991E-05 0.102208 0.462444
0.194668 0.0395159 0.132365 0.63345
0.742818 0.0179261 9.9991E-05 0.239156
0.269403 0.0415227 0.0409993 0.648075
0.29151 0.00163339 0.0503693 0.656487
0.219018 0.195799 0.120549 0.464633
0.505095 0.0788663 0.00375502 0.412283
0.438806 0.0735395 0.0133879 0.474267
0.270205 0.0457051 9.9991E-05 0.68399
0.325282 0.00687474 0.0161196 0.651724
0.138591 0.0768467 0.0544766 0.730086
0.199052 0.0503081 0.1444 0.60624
0.144291 0.0295985 0.121683 0.704428
9.9991E-05 0.0382319 0.860303 0.101365
9.9991E-05 0.00477479 0.892125 0.103
0.0218723 9.9991E-05 0.915935 0.062093
9.9991E-05 0.0624741 0.922088 0.0153376
9.9982E-05 9.9982E-05 0.917743 0.0820575
0.610165 9.9991E-05 0.133082 0.256653
0.238843 0.0633665 0.0611334 0.636658
0.0962958 0.251857 0.229272 0.422575
0.172666 0.054676 0.0592715 0.713386
0.267392 9.9991E-05 0.0943911 0.638117
0.579477 0.0747764 0.0193661 0.32638
0.675321 9.9991E-05 0.197413 0.127166
0.280888 0.00527899 0.104285 0.609548
0.480427 9.99939E-05 0.153801 0.365672
0.353148 0.0250229 0.0712518 0.550577
0.556019 9.9991E-05 0.187785 0.256096
0.168805 0.0773756 0.142718 0.611101
0.577269 9.9991E-05 0.145816 0.276815
0.500301 0.123236 0.0337371 0.342725
0.254659 0.0433361 0.0995988 0.602406
0.542798 0.00625236 0.0376423 0.413307
0.27646 0.0658541 0.066849 0.590837
0.188248 0.0647931 0.115137 0.631821
0.614113 0.00894896 0.0173409 0.359598
0.193912 0.0678978 0.149792 0.588398
0.347586 0.0409618 0.0370769 0.574376
0.759932 0.0382704 9.9991E-05 0.201698
0.687074 0.0431964 0.0161858 0.253544
0.398209 0.00203904 0.064163 0.535589
0.801841 0.033284 0.00691173 0.157964
0.453413 0.0393502 9.9991E-05 0.507136
0.565218 9.9991E-05 0.130758 0.303924
0.617614 0.129297 9.9991E-05 0.252989
0.30467 0.0258756 0.123627 0.545828
0.187303 0.0234231 0.0911246 0.698149
0.56926 0.00428277 0.0602071 0.36625
0.216081 0.0658838 0.0919433 0.626092
0.186046 0.0530828 0.108246 0.652625
0.278122 0.0835839 0.0296682 0.608626
0.268412 0.0428178 0.0583575 0.630412
0.233078 0.0015343 0.114948 0.65044
0.494844 9.9991E-05 0.0830327 0.422023
0.352583 0.0162566 0.0733891 0.557771
0.247792 0.0391118 0.0155772 0.697519
0.182564 0.124884 0.0486803 0.643872
0.411353 0.116827 0.0957831 0.376037
0.308243 0.122559 0.00167182 0.567526
0.417718 0.0243871 0.0734519 0.484443
0.217348 0.0793804 0.0786033 0.624668
0.288947 0.0921793 0.0737998 0.545073
0.175419 0.0856974 0.112035 0.626848
0.0210893 0.183117 0.325922 0.469872
0.0937592 0.205254 0.137569 0.563418
0.190491 0.180026 0.152179 0.477304
0.134895 0.170848 0.127397 0.566859
0.0922723 0.265186 0.202864 0.439678
0.392768 0.0362655 9.9991E-05 0.570866
0.0907117 0.128358 0.192851 0.58808
0.502401 0.267995 0.229504 9.9991E-05
0.121344 0.174549 0.12525 0.578857
0.0665138 0.212039 0.152086 0.569361
0.116776 0.189406 0.115107 0.578712
0.293346 0.165011 0.217937 0.323707
0.0373297 0.163368 0.232928 0.566374
0.089159 0.226183 0.144405 0.540253
0.301019 0.198668 0.500213 9.9991E-05
0.0160195 0.171511 0.240688 0.571781
0.0482008 0.224848 0.184931 0.54202
0.131869 0.144854 0.0993596 0.623918
0.000842103 0.251748 0.201498 0.545912
0.0409714 0.113648 0.226689 0.618692
0.380015 0.0751286 0.0303785 0.514478
0.251163 0.0822702 0.0629336 0.603634
0.90258 0.0507287 9.9991E-05 0.0465916
0.850092 0.0287869 9.9991E-05 0.121021
0.263595 0.0783733 0.0630212 0.595011
0.164007 0.392961 0.156949 0.286083
0.131034 0.33875 0.160511 0.369705
0.271594 0.391103 0.147549 0.189754
0.13549 0.319816 0.173455 0.37124
0.637604 0.183355 0.0761566 0.102885
0.615979 0.20262 0.0507604 0.130641
0.224757 0.130683 0.00452288 0.640037
0.298012 0.177148 0.052627 0.472213
0.530666 0.154681 0.0348838 0.279769
0.253498 0.102959 0.0501013 0.593442
0.191999 0.138725 0.0362445 0.633031
0.226441 0.119589 0.0608322 0.593138
0.505417 0.0783161 9.9991E-05 0.416167
0.460245 0.0544114 9.9991E-05 0.485243
0.30496 0.0446418 0.0450312 0.605367
0.362955 0.0604526 0.0274829 0.54911
0.201297 0.0761335 0.119657 0.602913
0.418768 0.0125433 9.9991E-05 0.568588
0.662063 0.0731 9.9991E-05 0.264737
0.231767 0.089848 9.9991E-05 0.678285
0.666926 0.0705221 9.9991E-05 0.262452
0.365406 0.0307919 0.0375077 0.566294
0.260988 0.0179188 0.0961962 0.624897
0.286478 0.0914234 0.0537886 0.56831
0.119427 0.188736 0.166453 0.525384
0.184577 0.166257 0.13918 0.509986
0.141647 0.310873 0.20159 0.345889
0.187851 0.263587 0.208715 0.339848
0.12474 0.240687 0.148507 0.486066
0.168214 0.182692 0.172374 0.47672
0.601209 0.254447 0.144244 9.9991E-05
0.0729744 0.228887 0.107523 0.590616
0.447969 0.217807 0.334123 9.9991E-05
0.161734 0.219975 0.0780353 0.540256
0.697937 0.0184925 9.9991E-05 0.283471
0.857102 0.0296435 9.9991E-05 0.113155
0.375799 0.0503245 9.9991E-05 0.573776
0.268218 0.0776822 9.9991E-05 0.654
0.440549 0.0223929 9.9991E-05 0.536958
0.261205 0.0800601 0.00108792 0.657647
0.3122 0.0339741 9.9991E-05 0.653726
0.0607444 0.0184548 0.904717 0.0160837
0.0861444 0.0701954 0.793192 0.0504677
0.00987588 0.0297397 0.960284 9.9991E-05
9.9982E-05 9.9982E-05 0.968517 0.0312835
0.225384 0.0381063 0.0417961 0.694713
0.237283 9.9991E-05 0.0774597 0.685157
0.263348 9.9991E-05 0.0282239 0.708328
0.118927 9.9991E-05 0.12606 0.754913
0.204958 0.0434822 0.100817 0.650743
0.449215 9.9991E-05 0.045509 0.505176
0.169502 0.0116867 9.9991E-05 0.818712
0.50988 0.0115374 9.9991E-05 0.478483
0.0735928 0.178096 0.336507 0.411804
0.386375 0.0469831 9.9991E-05 0.566542
0.422627 9.9991E-05 0.00263926 0.574634
0.291853 0.0309329 9.9991E-05 0.677114
0.327794 9.9991E-05 0.0424146 0.629692
0.248042 0.0241658 9.9991E-05 0.727692
0.209516 9.9991E-05 0.0598572 0.730526
0.717079 9.9982E-05 9.9982E-05 0.282721
0.510102 0.00457639 9.9991E-05 0.485221
0.434486 9.9982E-05 9.9982E-05 0.565314
0.878562 9.9982E-05 9.9982E-05 0.121238
0.347287 9.9991E-05 0.047842 0.604771
0.70394 0.0168832 9.9991E-05 0.279077
0.915822 9.9982E-05 9.9982E-05 0.0839781
0.236014 0.072428 0.029688 0.66187
0.527627 9.9991E-05 0.057029 0.415244
0.325717 9.9991E-05 0.00231411 0.671869
0.150043 0.105022 0.107372 0.637564
0.254897 9.9991E-05 0.0477344 0.697268
0.481618 0.0931656 9.9991E-05 0.425116
0.190975 9.9991E-05 0.0375041 0.771421
0.260038 9.9991E-05 0.0361842 0.703678
0.504292 9.9982E-05 9.9982E-05 0.495508
0.234027 0.0251458 0.0991082 0.641719
0.265293 9.9982E-05 0.734507 9.9982E-05
0.168754 9.9991E-05 0.819886 0.0112597
0.0932339 9.9982E-05 0.906566 9.9982E-05
0.123032 9.9982E-05 0.876768 9.9982E-05
0.183076 9.9991E-05 0.807409 0.00941541
0.567159 9.9991E-05 0.056889 0.375852
0.552865 9.9991E-05 0.0363261 0.410709
0.552325 0.0121327 9.9991E-05 0.435443
0.176763 0.0693712 0.125219 0.628646
0.165384 0.0667495 0.0843732 0.683493
0.509207 0.0352874 0.00752399 0.447981
0.205124 0.0596573 0.014585 0.720634
0.365438 0.0540898 0.0112903 0.569182
0.269861 9.9991E-05 0.0468678 0.683171
0.164154 0.0663896 0.0405292 0.728928
0.522403 9.9982E-05 9.9982E-05 0.477397
0.434847 9.9991E-05 0.00070559 0.564347
0.423837 9.9991E-05 0.0292099 0.546853
0.123573 0.0251791 0.150283 0.700965
0.373895 9.9991E-05 0.0209815 0.605023
0.347568 9.9991E-05 0.0446632 0.607669
0.0531321 0.387562 0.108703 0.450603
0.0742802 0.463633 0.125731 0.336356
9.9991E-05 0.4667 0.0851694 0.448031
0.055012 0.544382 0.145196 0.25541
0.0450246 0.298773 0.137332 0.51887
0.273915 0.0175387 0.0826647 0.625882
0.0571822 0.695829 0.246888 9.9991E-05
0.0175406 0.501522 0.171312 0.309625
0.193297 0.185982 0.227506 0.393215
0.176446 0.0008989 0.172598 0.650057
0.220798 0.0183721 0.18704 0.57379
0.148429 0.0276856 0.163873 0.660013
0.107663 0.0735469 0.169236 0.649554
9.9991E-05 0.48158 0.159516 0.358804
0.0727952 0.412267 0.132753 0.382185
9.9991E-05 0.530055 0.0778259 0.392019
0.0599671 0.29816 0.158573 0.4833
0.076344 0.546118 0.151729 0.225809
0.0215181 0.341039 0.147485 0.489958
0.0476891 0.601403 0.130684 0.220224
0.0960469 0.359918 0.122066 0.42197
0.278951 0.0611048 0.136739 0.523204
0.0992541 0.393008 0.141863 0.365874
0.0291949 0.609713 0.222895 0.138196
0.0896219 0.375334 0.120939 0.414104
0.370207 9.9991E-05 0.252163 0.37753
0.21558 0.11861 0.0427952 0.623015
0.0811696 0.417715 0.151703 0.349412
0.210905 0.00209283 0.183881 0.603121
0.204301 0.001853 0.21713 0.576716
0.144784 0.251874 0.216056 0.387287
0.109256 0.306057 0.239244 0.345442
0.10564 0.0622959 0.165537 0.666527
0.033668 0.323285 0.198139 0.444907
9.9991E-05 0.477904 0.0964385 0.425557
0.0395899 0.670799 0.175556 0.114055
0.0796082 0.0632742 0.136771 0.720346
0.262413 9.9991E-05 0.202141 0.535347
0.647714 0.135529 0.107383 0.109374
0.0979764 0.0266481 0.205652 0.669724
0.352515 0.0434894 0.138915 0.465081
0.12106 0.169072 0.221561 0.488307
0.150081 0.114798 0.175781 0.55934
0.405477 0.202739 0.391684 9.9991E-05
0.457254 0.173993 0.368654 9.9991E-05
0.308745 0.145891 0.210188 0.335176
0.375819 0.283024 0.337702 0.0034548
0.251529 0.272592 0.475779 9.9991E-05
0.228181 0.183337 0.20061 0.387872
0.181988 0.183927 0.269405 0.36468
0.33866 0.221986 0.309667 0.129687
0.424386 0.239657 0.277666 0.0582907
0.143831 0.187508 0.178568 0.490092
0.368185 0.221236 0.255402 0.155177
0.431591 0.176901 0.391408 9.9991E-05
0.130548 0.0880237 0.158211 0.623218
0.239524 0.241736 0.240706 0.278034
0.021886 0.176329 0.340571 0.461214
9.9991E-05 0.22528 0.175291 0.599329
0.0417144 0.240109 0.164674 0.553503
0.0449133 0.266203 0.176733 0.512151
0.0376888 0.24174 0.370953 0.349618
0.0127501 0.162205 0.272249 0.552795
9.9991E-05 0.206523 0.292035 0.501341
0.164426 0.290928 0.250488 0.294157
0.239043 0.116359 0.242113 0.402485
0.107892 0.167674 0.227868 0.496565
0.0491621 0.191659 0.154073 0.605105
0.0687059 0.117643 0.139411 0.67424
0.0401222 0.24488 0.274546 0.440452
0.0170166 0.221148 0.25886 0.502976
0.246293 0.366614 0.386992 9.9991E-05
0.0529621 0.219093 0.184073 0.543872
0.135579 0.343942 0.334663 0.185816
0.126471 9.9991E-05 0.868722 0.00470687
0.566794 9.9991E-05 0.210213 0.222893
0.784809 9.9991E-05 0.206379 0.00871168
0.80336 9.9991E-05 0.184512 0.0120276
0.711151 9.9991E-05 0.139206 0.149543
0.719248 9.9991E-05 0.160371 0.12028
0.70009 9.9991E-05 0.145047 0.154763
0.764521 9.9991E-05 0.1775 0.0578787
0.609855 9.9991E-05 0.328985 0.0610599
0.0488463 9.9991E-05 0.926566 0.0244873
0.0672856 9.9991E-05 0.849721 0.0828935
0.0456797 0.000584476 0.905806 0.04793
0.0676155 9.9991E-05 0.905989 0.0262959
0.00917872 9.9991E-05 0.936582 0.0541391
0.00622147 9.9991E-05 0.936751 0.0569272
0.0240503 0.0809645 0.756642 0.138343
9.9991E-05 0.00277379 0.913216 0.0839101
0.0768185 0.0391326 0.753137 0.130911
9.9991E-05 0.0610582 0.932986 0.00585542
9.998E-05 9.998E-05 0.9997 9.998E-05
9.9991E-05 0.0514012 0.905091 0.0434073
9.9982E-05 0.00144106 0.998359 9.9982E-05
9.9991E-05 0.0273359 0.962198 0.0103663
9.9991E-05 0.0430556 0.905954 0.0508901
9.9991E-05 0.0477685 0.933819 0.0183125
9.9991E-05 0.0760819 0.874881 0.0489374
9.9991E-05 0.0625667 0.846224 0.0911091
9.9991E-05 0.0902844 0.823701 0.0859142
0.324145 0.0115188 0.179929 0.484408
0.109981 0.00717801 0.119914 0.762927
0.135069 0.0625419 0.127116 0.675273
0.712959 0.154238 0.077578 0.0552243
0.265146 0.0106254 0.150838 0.573391
0.664353 0.122245 0.148363 0.0650394
0.192404 0.109332 0.0807512 0.617513
0.312505 9.9991E-05 0.199968 0.487428
0.227648 9.9991E-05 0.210379 0.561873
0.256118 9.9991E-05 0.09824 0.645542
0.275819 9.9991E-05 0.194511 0.52957
0.151828 0.0687122 0.0943325 0.685127
0.223425 0.00585066 0.146383 0.624342
0.782167 0.126739 0.00494657 0.0861469
0.781718 0.0913026 0.12688 9.9991E-05
0.635108 0.114888 0.124631 0.125373
0.108155 0.0414389 0.147317 0.703089
0.324104 0.105751 0.0737015 0.496444
0.179803 0.0313363 0.102367 0.686493
0.121742 0.0755564 0.119432 0.683269
0.0918359 0.178001 0.22343 0.506732
0.0183714 0.141372 0.249008 0.591249
0.213911 0.175754 0.419975 0.19036
0.0851801 0.0538357 0.16206 0.698924
0.153085 0.0886015 0.238235 0.520079
0.340825 0.229327 0.429748 9.9991E-05
0.169028 0.263136 0.298659 0.269177
0.120112 0.174716 0.380073 0.325099
0.112784 0.0939959 0.337754 0.455466
0.105613 0.144081 0.183538 0.566768
0.106113 0.136567 0.189311 0.568009
0.0593523 0.137508 0.174421 0.628719
0.188909 0.236756 0.174665 0.39967
0.0852279 0.146001 0.514288 0.254484
