9.9982E-05 0.101578 0.898222 9.9982E-05
9.9982E-05 0.0612469 0.938553 9.9982E-05
0.00795041 0.0983917 0.86723 0.0264279
0.0779229 0.118401 0.803576 9.9991E-05
0.0257851 0.100614 0.873501 9.9991E-05
0.0869414 0.121848 0.679911 0.111299
0.0257257 0.0496903 0.836803 0.087781
0.087446 0.0668334 0.770226 0.0754941
0.0755913 9.9991E-05 0.908424 0.015885
0.0751984 0.0887119 0.787572 0.0485176
0.0966567 0.0845129 0.755123 0.0637075
0.683021 0.0545902 0.128911 0.133477
0.575483 0.317591 0.0388496 0.0680762
0.703724 0.124124 0.0732601 0.0988924
0.640675 0.198022 0.115522 0.0457814
0.551921 0.314474 0.0856119 0.0479934
0.557556 0.365234 9.9991E-05 0.0771096
0.653504 0.258239 0.00972018 0.078537
0.560808 0.162781 0.179425 0.0969862
0.732771 9.9991E-05 0.163225 0.103904
0.600563 0.24232 0.0334532 0.123664
0.378203 0.254598 0.0281208 0.339077
0.5123 0.337654 9.9991E-05 0.149946
0.619642 0.0937009 0.142458 0.1442
0.444965 0.465215 9.9991E-05 0.0897196
0.600026 0.291613 0.0505891 0.0577715
0.685274 0.0610838 0.147881 0.105761
0.650976 0.140927 0.120036 0.0880606
0.679585 0.0154464 0.117708 0.187261
9.9982E-05 0.151416 0.848384 9.9982E-05
0.0169598 0.144236 0.838705 9.9991E-05
0.0136943 0.204077 0.782128 9.9991E-05
0.00490108 0.255478 0.739521 9.9991E-05
0.467582 0.245577 0.0486679 0.238173
0.414889 0.32205 0.0204935 0.242567
0.416537 0.298322 9.9991E-05 0.285042
0.791021 9.9991E-05 0.159576 0.0493031
0.304289 0.141213 9.9991E-05 0.554398
0.49206 0.337122 0.00415082 0.166667
0.407586 0.373032 9.9991E-05 0.219281
0.390929 0.287478 0.0536982 0.267894
0.422206 0.374436 0.0548696 0.148488
0.655428 9.9991E-05 0.0390789 0.305393
0.322233 0.378306 9.9991E-05 0.29936
0.407894 0.376913 0.0234168 0.191776
0.320073 0.364858 0.0745562 0.240512
0.328739 0.160528 9.9991E-05 0.510633
0.496165 0.361823 9.9991E-05 0.141912
0.397971 0.357569 0.0459225 0.198538
0.0550938 9.9991E-05 0.107967 0.836839
0.758297 9.9991E-05 0.0935928 0.14801
0.341771 0.054462 0.101394 0.502373
0.446488 0.364306 0.0205049 0.168702
0.394487 0.40073 0.0252145 0.179569
0.394563 0.395338 0.0105846 0.199514
0.691149 0.0316929 0.21144 0.0657184
0.665474 0.275546 0.00914357 0.0498364
0.51708 0.378915 0.0243412 0.0796634
0.492248 0.204244 0.12424 0.179268
0.584264 0.00134881 0.255064 0.159324
0.476371 0.347034 0.0481012 0.128495
0.569942 0.250455 0.0636057 0.115997
0.67875 9.9991E-05 0.176575 0.144575
0.692744 0.183815 0.00247567 0.120965
0.423116 0.375998 9.9991E-05 0.200785
0.514468 0.360831 0.0138961 0.110805
0.606796 0.123811 0.142356 0.127037
0.487224 0.290269 0.0338404 0.188667
0.522351 0.322588 9.9991E-05 0.154962
0.694579 0.0435396 0.140005 0.121877
0.537634 0.237854 9.9991E-05 0.224412
0.628181 0.055159 0.00244378 0.314216
0.498765 0.332723 0.0247962 0.143715
0.263916 9.9982E-05 9.9982E-05 0.735884
0.256507 9.9982E-05 9.9982E-05 0.743293
0.369852 0.103015 9.9991E-05 0.527033
0.578975 0.20521 9.9991E-05 0.215715
0.456324 0.372248 0.0252945 0.146133
0.408217 0.248424 9.9991E-05 0.343259
0.688091 0.0218867 0.0385365 0.251486
0.662456 0.0608416 9.9991E-05 0.276603
0.487984 0.317356 0.0052186 0.189442
0.59977 0.152585 9.9991E-05 0.247545
0.580216 0.229303 9.9991E-05 0.190381
0.356498 0.225168 9.9991E-05 0.418234
0.107376 9.9991E-05 0.0607282 0.831796
0.444869 0.350406 9.9991E-05 0.204626
0.0915086 0.084024 0.824367 9.9991E-05
9.9982E-05 0.130269 0.869531 9.9982E-05
0.0186335 0.177868 0.803399 9.9991E-05
9.9982E-05 0.117589 0.882211 9.9982E-05
9.9982E-05 0.0805021 0.919298 9.9982E-05
9.9982E-05 0.153903 0.845897 9.9982E-05
9.9982E-05 0.124916 0.874884 9.9982E-05
0.497421 0.356014 9.9991E-05 0.146464
0.4427 0.39427 0.0385433 0.124487
0.520665 9.9991E-05 0.0724939 0.406741
0.489882 0.338794 0.0215322 0.149791
0.568742 0.150638 0.000440654 0.28018
0.524628 0.279052 9.9991E-05 0.19622
0.396302 0.292129 9.9991E-05 0.311469
0.441342 0.303396 9.9991E-05 0.255162
0.60502 9.9991E-05 0.0762028 0.318677
0.540035 0.311312 0.0381326 0.110521
0.520977 0.389599 9.9991E-05 0.0893242
0.43071 0.38243 0.0442708 0.142589
0.311742 0.113337 9.9991E-05 0.574821
0.388769 0.257317 9.9991E-05 0.353814
0.599423 0.207015 9.9991E-05 0.193462
0.363378 0.199561 9.9991E-05 0.436961
0.619714 0.204955 9.9991E-05 0.175231
0.461999 0.338157 9.9991E-05 0.199743
0.489986 0.135017 0.0794993 0.295498
0.653843 0.162742 0.101932 0.0814835
0.516244 0.376583 0.0461412 0.0610326
0.48925 0.353449 0.0428991 0.114402
0.661461 0.233845 0.0437294 0.0609645
0.615497 0.343097 0.0054389 0.0359664
0.714194 0.219646 0.0653987 0.000761044
0.410983 0.321077 0.0704898 0.19745
0.463043 0.405969 9.9991E-05 0.130889
0.614044 0.297774 9.9991E-05 0.088082
0.638916 0.234729 0.0388898 0.0874652
0.412074 0.401919 9.9991E-05 0.185907
0.409875 0.362198 0.0573421 0.170585
0.461727 0.348503 9.9991E-05 0.18967
0.483024 0.343984 0.0309673 0.142025
0.495299 0.333258 9.9991E-05 0.171343
0.406206 0.159718 0.122945 0.311131
0.472941 0.399533 0.0147943 0.112732
0.470055 0.383759 9.9991E-05 0.146086
0.770079 0.0308364 0.12697 0.0721145
0.351849 0.0470366 0.0750377 0.526077
0.497224 0.289501 0.069885 0.14339
0.359058 9.9991E-05 0.0472384 0.593603
0.824237 0.0936043 0.0489311 0.0332281
0.773088 0.167922 9.9991E-05 0.05889
0.770967 0.10476 0.0611092 0.0631634
0.777607 0.0971174 0.0303631 0.0949129
0.552298 0.323746 9.9991E-05 0.123856
0.494981 0.36015 0.0290728 0.115797
0.589633 0.353024 9.9991E-05 0.0572422
0.429169 0.0231359 0.101794 0.445901
0.342341 0.330751 0.156398 0.17051
0.271381 0.292464 0.0457867 0.390369
9.9982E-05 9.9982E-05 0.232093 0.767707
0.36261 0.422103 9.9991E-05 0.215187
0.221222 0.147995 0.143924 0.486859
0.247617 0.373622 0.0807326 0.298028
0.227014 0.0705209 0.159334 0.543131
0.124044 9.9991E-05 0.163705 0.712151
0.29074 0.212694 0.0359532 0.460613
0.32727 0.305639 0.119132 0.24796
0.359058 0.260383 0.123443 0.257116
0.135774 0.0676684 0.134158 0.6624
0.35474 0.373855 0.0406661 0.230739
0.307476 0.0899998 0.0178772 0.584647
0.341039 0.177455 9.9991E-05 0.481405
0.314329 0.34822 0.113842 0.223609
9.9991E-05 0.325614 0.41416 0.260126
9.9991E-05 0.0628473 0.623311 0.313742
9.9991E-05 0.0271176 0.628616 0.344166
9.9991E-05 0.312794 0.415152 0.271954
0.326463 0.298439 9.9991E-05 0.374999
0.434997 0.365749 0.0165459 0.182708
0.14895 0.838609 0.0123409 9.9991E-05
0.245434 0.647062 0.0487877 0.0587159
0.288297 0.584789 0.0583516 0.068563
0.13935 0.115375 0.0615033 0.683772
0.359338 0.33519 0.0745379 0.230934
0.174227 0.0661242 0.0294749 0.730174
0.290935 0.333817 0.00227484 0.372973
0.23522 0.270417 0.0360118 0.458352
0.271293 0.311999 9.9991E-05 0.416608
0.0911899 0.0565785 0.0502473 0.801984
0.344289 0.391171 9.9991E-05 0.264441
0.299339 0.337077 0.048092 0.315492
9.9982E-05 0.926276 0.073524 9.9982E-05
9.9982E-05 0.926289 0.0735108 9.9982E-05
0.161671 0.704072 0.112607 0.0216501
0.126937 0.858772 0.0141908 9.9991E-05
0.020683 0.901582 0.0776346 9.9991E-05
9.9982E-05 0.908376 0.0914239 9.9982E-05
9.9982E-05 0.904491 0.0953091 9.9982E-05
9.9982E-05 0.979793 0.0200071 9.9982E-05
9.9982E-05 0.88911 0.11069 9.9982E-05
9.9982E-05 0.93607 0.0637303 9.9982E-05
9.9982E-05 0.923824 0.0759764 9.9982E-05
0.0298818 0.876659 0.0933593 9.9991E-05
0.0327544 0.831867 0.135278 9.9991E-05
9.9982E-05 0.936997 0.0628029 9.9982E-05
0.269463 0.559348 0.102459 0.0687306
0.0704319 0.802971 0.0967061 0.029891
9.9982E-05 0.881368 0.118432 9.9982E-05
9.9982E-05 0.919841 0.0799593 9.9982E-05
9.9982E-05 0.959283 0.0405171 9.9982E-05
9.9982E-05 0.923078 0.0767217 9.9982E-05
9.9982E-05 0.899042 0.100758 9.9982E-05
0.0725665 0.797465 0.117186 0.012783
9.9982E-05 0.88301 0.11679 9.9982E-05
9.9982E-05 9.9982E-05 0.403846 0.595954
0.17386 0.313781 0.205962 0.306396
0.203923 0.324671 0.133143 0.338262
0.0148645 0.196725 0.270713 0.517698
0.311304 0.370617 0.115736 0.202343
9.9991E-05 0.153794 0.30638 0.539726
0.299005 0.325071 0.154291 0.221633
0.0878687 0.28587 0.212056 0.414205
0.147501 0.41276 0.144038 0.295701
0.0669008 0.351682 0.175765 0.405653
0.207781 0.36692 0.18622 0.239079
0.0291097 0.102203 0.859636 0.00905094
9.9982E-05 0.114186 0.885614 9.9982E-05
0.00918198 0.0628859 0.927832 9.9991E-05
9.9982E-05 0.0470746 0.952725 9.9982E-05
0.0408522 0.0828934 0.876154 9.9991E-05
9.9982E-05 0.0656718 0.934128 9.9982E-05
9.9982E-05 0.102289 0.897511 9.9982E-05
0.0281161 0.0412984 0.930486 9.9991E-05
0.00874809 0.0959343 0.879138 0.0161794
9.9982E-05 0.0956221 0.904178 9.9982E-05
0.236085 9.9991E-05 0.680121 0.0836938
0.27729 9.9991E-05 0.709432 0.0131776
0.305532 9.9991E-05 0.624927 0.069441
0.361058 9.9991E-05 0.547622 0.0912198
0.573637 0.235161 0.000820908 0.190382
0.5014 0.274127 9.9991E-05 0.224373
0.640322 0.270048 9.9991E-05 0.08953
0.668718 0.16229 0.0518738 0.117118
0.783942 0.008112 0.0881812 0.119765
0.493819 0.367205 9.9991E-05 0.138875
0.523871 0.301929 9.9991E-05 0.1741
0.397089 0.279612 9.9991E-05 0.323199
0.332008 0.176318 9.9991E-05 0.491574
0.451071 0.392186 9.9991E-05 0.156642
0.577409 0.195458 9.9991E-05 0.227033
0.238343 9.9982E-05 9.9982E-05 0.761457
0.500417 0.336241 0.0388263 0.124516
0.26625 0.049236 9.9991E-05 0.684414
0.424787 0.281568 9.9991E-05 0.293545
0.66163 9.9991E-05 0.0223599 0.315911
0.679574 9.9982E-05 0.320226 9.9982E-05
0.694576 9.9991E-05 0.280336 0.0249882
0.719584 9.9991E-05 0.252759 0.0275574
0.721801 9.9982E-05 0.277999 9.9982E-05
0.790684 9.9982E-05 0.209116 9.9982E-05
0.687383 9.9991E-05 0.22943 0.0830872
0.00890999 0.13466 0.85633 9.9991E-05
0.0778556 0.13712 0.784924 9.9991E-05
0.0722525 0.181214 0.746433 9.9991E-05
0.02024 0.139468 0.840192 9.9991E-05
0.0506622 0.192112 0.757126 9.9991E-05
0.46042 9.9991E-05 0.532559 0.00692101
0.422414 9.9991E-05 0.55983 0.0176569
0.445756 9.9982E-05 0.554044 9.9982E-05
0.0515931 0.132424 0.815883 9.9991E-05
0.471727 9.9982E-05 0.528073 9.9982E-05
0.00315973 0.473721 0.287445 0.235674
0.304777 0.54436 0.0885302 0.0623323
0.231349 0.604063 0.146086 0.0185014
0.0849861 0.447871 0.263142 0.204001
0.289964 0.440613 0.106749 0.162673
9.9991E-05 0.266757 0.544893 0.18825
0.717715 0.154602 0.0388194 0.0888633
0.43314 0.193685 9.9991E-05 0.373075
0.753747 0.0624185 0.0790552 0.10478
0.402383 0.25273 9.9991E-05 0.344787
0.178638 9.9991E-05 0.0642304 0.757032
0.453021 0.348227 0.059607 0.139144
0.42284 0.298894 0.00704662 0.27122
0.73534 0.0967544 0.0824391 0.0854668
0.480688 0.339481 0.0322025 0.147628
0.413694 9.9991E-05 0.0340051 0.552201
0.453383 0.276498 0.00285281 0.267266
0.670764 0.234615 0.00985542 0.084766
0.334189 0.363277 0.0843963 0.218137
0.460405 0.147846 0.0267615 0.364988
0.45164 0.231318 9.9991E-05 0.316942
0.494996 0.325161 9.9991E-05 0.179743
0.510725 0.270716 9.9991E-05 0.21846
0.42981 0.380873 9.9991E-05 0.189217
0.475438 0.313718 0.0514261 0.159418
0.553439 0.289275 0.0567769 0.100509
9.9982E-05 0.193395 0.806405 9.9982E-05
0.00629486 0.152119 0.841486 9.9991E-05
0.0136835 0.0894572 0.884877 0.0119821
9.9982E-05 0.122499 0.877301 9.9982E-05
0.0143367 0.109008 0.876556 9.9991E-05
0.72053 9.9991E-05 0.16833 0.11104
0.415491 0.296894 0.0302718 0.257344
0.17292 0.453453 0.198715 0.174912
0.52654 0.373653 9.9991E-05 0.0997068
0.681831 0.258404 0.0227369 0.0370281
0.439453 0.126651 0.0321633 0.401733
0.755943 9.9991E-05 0.214194 0.0297633
0.610145 0.226871 0.0666424 0.0963414
0.750789 0.0874333 0.147113 0.0146653
0.430999 0.24861 0.025336 0.295056
0.740154 9.9991E-05 0.201159 0.0585871
0.615366 0.363219 0.0213147 9.9991E-05
0.711504 9.9991E-05 0.166255 0.12214
0.401508 0.168969 0.072305 0.357218
0.392417 0.310145 0.0330931 0.264345
0.209363 0.0695763 0.0537451 0.667316
0.257744 0.316629 9.9991E-05 0.425527
0.323468 0.311041 0.0639466 0.301545
0.191117 0.0494964 0.0614381 0.697948
0.414352 0.312581 0.0466798 0.226387
0.3241 0.273192 0.021535 0.381173
0.097644 9.9991E-05 0.0528859 0.84937
0.0925844 0.0215579 0.0958968 0.789961
0.338244 0.196362 0.0156812 0.449712
0.100454 9.9991E-05 0.072957 0.826489
0.320024 0.193603 9.9991E-05 0.486274
0.825284 9.9991E-05 0.108393 0.066223
0.463872 0.120094 0.015757 0.400277
0.693065 0.230357 0.0764782 9.9991E-05
0.553617 0.324429 0.039549 0.0824041
0.840709 0.0272653 0.0460549 0.0859704
0.428156 0.295975 0.044037 0.231832
0.59361 0.336234 0.0156245 0.0545316
0.562421 0.274089 0.00651038 0.15698
0.580596 0.325897 9.9991E-05 0.0934074
0.755918 0.239903 0.00407925 9.9991E-05
0.750985 0.0786115 0.0777307 0.0926728
0.743935 0.185039 0.00998385 0.0610422
0.534897 0.315825 9.9991E-05 0.149177
0.523301 0.394258 9.9991E-05 0.0823418
0.417223 0.240958 0.0689018 0.272917
0.445777 0.322714 9.9991E-05 0.231409
0.750322 0.193121 0.0502452 0.00631107
0.619434 0.293394 0.0140734 0.0730989
0.591674 0.280959 0.0387485 0.0886189
0.521229 0.344018 0.0430667 0.0916861
0.268084 0.42265 0.290371 0.0188941
0.282642 0.493047 0.0600344 0.164277
0.300217 0.369069 0.144045 0.186669
0.328438 0.439479 0.0284998 0.203583
0.146043 0.493699 0.122314 0.237944
0.463288 0.243797 9.9991E-05 0.292815
0.32907 0.425201 0.0994102 0.146319
9.9991E-05 0.172189 0.318164 0.509547
0.352349 0.445849 0.0626425 0.13916
0.329469 0.451533 0.0958651 0.123133
0.294324 0.484358 0.0659613 0.155357
0.149315 0.277459 0.2048 0.368426
0.334878 0.472687 0.126344 0.0660908
0.258566 0.468648 0.0956986 0.177087
9.9991E-05 0.0610334 0.599724 0.339143
0.278001 0.482505 0.112163 0.127331
0.198787 0.525706 0.106982 0.168526
0.300762 0.468382 0.0581448 0.172712
0.152689 0.547567 0.145076 0.154668
0.334806 0.39873 0.158115 0.108349
0.222671 0.266709 9.9991E-05 0.51052
0.366995 0.326026 9.9991E-05 0.306879
0.0683396 9.9991E-05 0.0276509 0.90391
0.0615421 9.9991E-05 0.061211 0.877147
0.30052 0.29835 0.0529086 0.348222
0.108939 0.514067 0.154997 0.221997
0.0387504 0.508507 0.166499 0.286244
9.9991E-05 0.410748 0.216977 0.372174
0.043704 0.490713 0.143062 0.322521
9.9991E-05 0.0850361 0.165609 0.749255
9.9991E-05 0.135746 0.151091 0.713064
0.232482 0.36679 9.9991E-05 0.400628
0.153718 0.358207 0.0391984 0.448876
0.129814 0.185399 0.0664184 0.618368
0.350798 0.36607 0.000655922 0.282475
0.227137 0.424414 9.9991E-05 0.34835
0.298641 0.325654 0.0671828 0.308522
0.199148 0.155804 9.9991E-05 0.644949
0.362546 0.186914 0.00173132 0.448809
0.338425 0.291201 9.9991E-05 0.370274
0.38325 0.223679 0.0203639 0.372708
0.324223 0.361103 0.0285328 0.286142
0.281199 0.206681 9.9991E-05 0.51202
0.143151 0.0700315 0.0182848 0.768533
0.284519 0.365103 9.9991E-05 0.350279
0.208128 0.0774873 0.00372596 0.710659
0.284171 0.252953 9.9991E-05 0.462777
0.342608 0.292786 0.019052 0.345554
0.328953 0.334992 0.0201333 0.315922
0.239065 0.433431 0.129184 0.198319
0.215169 0.380502 0.129062 0.275267
0.0766532 0.443342 0.214002 0.266003
0.123999 0.417207 0.230681 0.228113
0.284139 0.423657 0.162709 0.129496
0.204298 0.379639 0.122453 0.29361
9.9991E-05 0.066946 0.244129 0.688825
0.202713 0.521896 0.0405426 0.234849
9.9991E-05 0.0449767 0.458258 0.496665
0.192619 0.472678 0.0217631 0.31294
0.0472631 0.0238225 0.00673086 0.922184
0.0647825 9.9991E-05 0.0204623 0.914655
0.298749 0.240282 9.9991E-05 0.460869
0.324395 0.348319 9.9991E-05 0.327186
0.257526 0.199636 9.9991E-05 0.542738
0.264256 0.333323 9.9991E-05 0.402321
0.283209 0.277819 9.9991E-05 0.438872
0.0528473 0.0705148 0.876538 9.9991E-05
0.0338109 0.132568 0.788019 0.0456023
9.9982E-05 0.0791129 0.920687 9.9982E-05
9.9982E-05 0.0767972 0.923003 9.9982E-05
0.394993 0.324173 9.9991E-05 0.280733
0.543317 0.310413 9.9991E-05 0.14617
0.599853 0.252546 9.9991E-05 0.1475
0.50978 0.358706 9.9991E-05 0.131414
0.419729 0.323 0.0561428 0.201129
0.575399 0.127176 0.00583245 0.291593
0.481456 0.333285 9.9991E-05 0.18516
0.351081 0.128733 9.9991E-05 0.520086
0.301165 0.386523 0.28117 0.0311422
0.376258 0.212395 9.9991E-05 0.411247
0.630802 0.138798 9.9991E-05 0.2303
0.37506 0.275981 9.9991E-05 0.348859
0.641439 0.184552 9.9991E-05 0.173909
0.371997 0.293173 9.9991E-05 0.33473
0.50519 0.281008 9.9991E-05 0.213702
0.244306 9.9982E-05 9.9982E-05 0.755494
0.318859 0.152741 9.9991E-05 0.5283
0.352253 0.205243 9.9991E-05 0.442404
0.122337 9.9982E-05 9.9982E-05 0.877463
0.549317 0.178235 0.0383725 0.234075
0.254292 9.9982E-05 9.9982E-05 0.745508
0.144206 9.9991E-05 0.0191559 0.836539
0.37344 0.360878 9.9991E-05 0.265582
0.614858 0.0516848 0.0409353 0.292522
0.519113 0.22185 9.9991E-05 0.258936
0.408886 0.370206 0.0613586 0.159549
0.548051 0.265992 9.9991E-05 0.185857
0.508389 0.174803 9.9991E-05 0.316708
0.506254 0.327955 9.9991E-05 0.16569
0.605414 0.242828 9.9991E-05 0.151658
0.39061 0.135782 9.9991E-05 0.473508
0.47748 0.280551 0.0234449 0.218524
0.219121 9.9991E-05 0.742323 0.0384559
0.153586 9.9991E-05 0.814389 0.0319247
0.104234 9.9982E-05 0.895567 9.9982E-05
0.103439 9.9991E-05 0.874061 0.0224004
0.180277 9.9991E-05 0.800802 0.0188213
0.649035 0.0248289 0.062393 0.263743
0.613322 9.9991E-05 0.0480125 0.338565
0.300672 0.0936592 9.9991E-05 0.605569
0.417655 0.358935 0.0403542 0.183056
0.403793 0.414752 0.0325844 0.148871
0.279698 0.163613 9.9991E-05 0.556589
0.402349 0.383752 9.9991E-05 0.213798
0.367963 0.266982 9.9991E-05 0.364955
0.554672 0.263805 9.9991E-05 0.181423
0.504732 0.364353 9.9991E-05 0.130815
0.634624 0.0783378 9.9991E-05 0.286938
0.637688 0.0890293 9.9991E-05 0.273183
0.616609 0.129734 0.0166506 0.237007
0.394626 0.363732 0.0461558 0.195486
0.620186 0.180514 9.9991E-05 0.1992
0.632181 0.216533 9.9991E-05 0.151186
0.116847 0.639482 0.0823716 0.161299
0.118518 0.6135 0.168376 0.0996062
0.187104 0.684806 0.0785555 0.0495347
0.0549735 0.699248 0.187935 0.0578433
0.218364 0.589312 0.120087 0.0722361
0.269552 0.284089 0.0250144 0.421345
9.9991E-05 0.609956 0.369095 0.020849
0.094214 0.659237 0.197409 0.0491407
0.147081 0.358607 0.167307 0.327005
0.401822 0.269552 0.116651 0.211974
0.326701 0.240935 0.162317 0.270048
0.395442 0.338081 0.074178 0.192299
0.359475 0.398707 0.0559026 0.185915
0.0468272 0.709545 0.193444 0.0501832
0.160539 0.592438 0.13714 0.109884
0.144527 0.745947 0.109426 9.9991E-05
0.234895 0.545952 0.103164 0.115989
0.0432268 0.625186 0.221335 0.110252
0.225542 0.593957 0.0848208 0.0956802
0.0123068 0.709771 0.175752 0.10217
0.242889 0.565933 0.100911 0.0902672
0.227225 0.305889 0.0728968 0.393989
0.197468 0.556027 0.165779 0.0807253
9.9991E-05 0.689922 0.272238 0.0377404
0.230736 0.570811 0.114401 0.0840517
0.373359 0.0878684 0.211539 0.327234
0.257097 0.38661 0.0120839 0.344208
0.148361 0.589503 0.137247 0.124889
0.418923 0.308577 0.0928979 0.179603
0.37345 0.280707 0.141285 0.204559
0.188725 0.405244 0.191937 0.214094
0.0948875 0.492666 0.234838 0.177608
0.339767 0.393132 0.037164 0.229937
0.24865 0.579764 0.107538 0.0640477
0.186586 0.678943 0.124566 0.0099045
9.9991E-05 0.704055 0.239033 0.0568121
0.359922 0.409957 0.060517 0.169604
0.328135 0.178528 0.159221 0.334117
9.9991E-05 0.0435901 0.188416 0.767894
0.378502 0.342032 0.100273 0.179193
0.345313 0.237942 0.0960731 0.320672
0.190291 0.420692 0.142993 0.246023
0.328727 0.349066 0.0989245 0.223282
9.9991E-05 0.0682976 0.479793 0.451809
9.9991E-05 0.0147126 0.436984 0.548204
0.0487174 0.266914 0.210218 0.474151
9.9991E-05 0.17781 0.419623 0.402467
9.9991E-05 0.155126 0.547293 0.297481
0.0977499 0.28793 0.207172 0.407148
0.168059 0.356741 0.24055 0.234651
9.9991E-05 0.226282 0.346073 0.427545
9.9991E-05 0.15923 0.322209 0.518461
0.17028 0.447601 0.132 0.250118
9.9991E-05 0.194282 0.306491 0.499127
9.9982E-05 9.9982E-05 0.490275 0.509525
0.316017 0.420881 0.0706947 0.192407
0.141568 0.350603 0.229171 0.278658
0.240602 0.431894 0.262654 0.0648504
0.282177 0.608022 0.104488 0.00531284
0.202454 0.501444 0.1 0.196102
0.160876 0.534449 0.14087 0.163804
0.183932 0.384784 0.361714 0.0695703
0.26686 0.490807 0.168575 0.0737576
0.251417 0.492918 0.223884 0.0317821
0.0617617 0.404237 0.272908 0.261093
0.368062 0.28092 0.186613 0.164405
0.285756 0.427808 0.157602 0.128834
0.325598 0.450285 0.0841913 0.139926
0.372923 0.418778 0.076181 0.132118
0.184772 0.505891 0.250238 0.0590984
0.253548 0.48568 0.166672 0.0941006
9.9991E-05 0.337408 0.425905 0.236588
0.294052 0.478481 0.116216 0.111251
9.9991E-05 0.418956 0.345318 0.235625
0.129661 0.0324017 0.837838 9.9991E-05
0.808691 9.9982E-05 0.191109 9.9982E-05
0.800068 9.9982E-05 0.199732 9.9982E-05
0.834324 9.9982E-05 0.165476 9.9982E-05
0.866605 9.9982E-05 0.133195 9.9982E-05
0.838438 9.9982E-05 0.161362 9.9982E-05
0.850051 9.9982E-05 0.149749 9.9982E-05
0.825853 9.9982E-05 0.173947 9.9982E-05
0.679644 9.9982E-05 0.320156 9.9982E-05
0.0479471 0.0589558 0.892997 9.9991E-05
0.135317 0.0643614 0.800221 9.9991E-05
0.0381699 0.0778588 0.883871 9.9991E-05
0.0833124 0.0517453 0.864842 9.9991E-05
0.0463663 0.0624443 0.891089 9.9991E-05
0.0274267 0.0918117 0.880662 9.9991E-05
0.0506149 0.206731 0.72154 0.0211139
9.9982E-05 0.13293 0.86687 9.9982E-05
0.122333 0.166946 0.710621 9.9991E-05
9.9982E-05 0.128428 0.871372 9.9982E-05
9.9982E-05 0.0310986 0.968701 9.9982E-05
0.0109025 0.11025 0.878748 9.9991E-05
9.9982E-05 0.0383834 0.961417 9.9982E-05
9.9982E-05 0.0858517 0.913948 9.9982E-05
9.9982E-05 0.121156 0.878644 9.9982E-05
9.9982E-05 0.109012 0.890788 9.9982E-05
9.9982E-05 0.174271 0.825529 9.9982E-05
9.9982E-05 0.193984 0.805816 9.9982E-05
9.9982E-05 0.221243 0.778557 9.9982E-05
0.358528 0.200601 0.127109 0.313762
0.382583 0.356542 0.0212273 0.239648
0.406329 0.37839 0.0470017 0.168279
9.9991E-05 0.0204287 0.180947 0.798524
0.414775 0.255987 0.0765672 0.25267
9.9982E-05 9.9982E-05 0.211228 0.788572
0.279997 0.380155 0.0390934 0.300754
0.36693 0.165186 0.14917 0.318714
0.335473 0.234204 0.127755 0.302569
0.512234 0.281117 9.9991E-05 0.20655
0.372764 0.209067 0.110025 0.308144
0.298974 0.381083 9.9991E-05 0.319843
0.378432 0.264056 0.107064 0.250449
0.433271 9.9991E-05 0.096695 0.469934
9.9982E-05 9.9982E-05 0.192931 0.806869
9.9991E-05 0.0454498 0.185937 0.768513
0.32405 0.33828 0.0719359 0.265733
0.175628 0.298332 0.0656458 0.460394
0.291429 0.361148 0.00691779 0.340506
0.332896 0.424639 0.0191521 0.223313
0.28573 0.420492 0.197596 0.0961823
0.324033 0.481841 0.147412 0.046713
0.244689 0.227425 0.43551 0.0923759
0.454215 0.38197 0.0785616 0.0852527
0.348483 0.334115 0.190557 0.126845
9.9991E-05 0.116674 0.496818 0.386408
0.0682283 0.401147 0.27529 0.255334
0.249823 0.318394 0.352046 0.0797367
0.359625 0.331705 0.30857 9.9991E-05
0.344777 0.40269 0.117794 0.134738
0.318911 0.411097 0.170413 0.0995795
0.324757 0.450369 0.107722 0.117152
0.209373 0.402111 0.129145 0.259372
0.139084 0.272023 0.480391 0.108502
