9.9991E-05 0.0607441 0.00533196 0.933824
9.9991E-05 0.00261796 0.00879151 0.988491
0.0135576 0.0323199 0.048751 0.905372
9.9982E-05 9.9982E-05 0.14358 0.85622
9.9982E-05 9.9982E-05 0.0731065 0.926694
0.144934 0.0648336 0.0793813 0.710851
0.125012 0.0337398 0.0197163 0.821532
0.188574 0.0350307 0.0115499 0.764845
0.139643 9.9982E-05 9.9982E-05 0.860157
0.120215 0.0189535 0.0568803 0.803952
0.104015 0.0136267 0.0900345 0.792324
0.499962 9.9991E-05 0.366163 0.133775
0.225068 0.0172632 0.659932 0.0977367
0.488333 0.0498087 0.358928 0.10293
0.378361 0.0318975 0.442854 0.146887
0.215337 0.0766003 0.551859 0.156203
0.163663 0.0678151 0.671939 0.0965827
0.292223 0.0220632 0.600533 0.0851812
0.373032 0.0422307 0.385494 0.199243
0.69652 9.9991E-05 0.161522 0.141858
0.341315 9.9991E-05 0.570824 0.0877613
0.383046 0.0740143 0.484415 0.0585252
0.194518 9.9991E-05 0.717563 0.0878191
0.473573 0.0222927 0.359756 0.144378
0.11294 0.0888196 0.696724 0.101516
0.22937 0.0246099 0.64574 0.10028
0.471304 9.9991E-05 0.373703 0.154893
0.404619 0.042019 0.408763 0.144599
0.555192 9.9991E-05 0.349565 0.0951428
9.9991E-05 0.0162928 0.0699747 0.913633
9.9991E-05 0.000819321 0.123486 0.875595
9.9991E-05 0.0860516 0.100255 0.813594
9.9991E-05 0.100114 0.140982 0.758803
0.283392 9.9991E-05 0.608348 0.10816
0.235522 0.0366035 0.64628 0.0815946
0.250934 0.0217014 0.727264 9.9991E-05
0.550364 9.9991E-05 0.30596 0.143576
0.546337 0.0149249 0.438638 9.9991E-05
0.188149 0.035958 0.653808 0.122085
0.148343 0.0294595 0.809445 0.0127526
0.214183 9.9991E-05 0.620675 0.165041
0.164553 0.0285903 0.682974 0.123882
0.594612 9.9991E-05 0.3823 0.0229879
0.172532 0.0374684 0.714762 0.075238
0.155837 0.0440973 0.726544 0.0735214
0.131045 0.0447088 0.653338 0.170908
0.454182 9.9982E-05 0.545618 9.9982E-05
0.16584 9.9991E-05 0.746361 0.0876984
0.183405 0.0383489 0.632046 0.1462
0.955838 0.0291733 9.9991E-05 0.0148889
0.626289 9.9991E-05 0.292395 0.0812161
0.665528 0.114025 0.194441 0.0260067
0.17363 0.0831957 0.648575 0.0945988
0.176494 0.117249 0.618986 0.0872709
0.166891 0.109562 0.66149 0.062057
0.472247 9.9991E-05 0.327161 0.200492
0.235213 9.9991E-05 0.68184 0.0828475
0.175965 0.0494852 0.673417 0.101133
0.353686 0.0208532 0.477374 0.148087
0.537108 9.9991E-05 0.230425 0.232367
0.175272 0.0225579 0.647275 0.154896
0.273639 0.0238566 0.565452 0.137053
0.628499 9.9991E-05 0.201113 0.170288
0.383427 9.9991E-05 0.571471 0.0450018
0.221556 0.125943 0.599769 0.0527326
0.136039 0.014186 0.723735 0.12604
0.426085 0.0346846 0.402703 0.136527
0.258474 0.0192684 0.601869 0.120389
0.27064 0.0547577 0.61011 0.0644917
0.537414 9.9991E-05 0.345074 0.117412
0.301846 9.9991E-05 0.681374 0.0166798
0.531969 9.9991E-05 0.466286 0.00164453
0.206847 0.0530776 0.625859 0.114217
0.744913 9.9982E-05 0.254887 9.9982E-05
0.798424 9.9982E-05 0.201376 9.9982E-05
0.543563 9.9982E-05 0.456238 9.9982E-05
0.300284 9.9991E-05 0.663345 0.036271
0.189281 0.0403528 0.639454 0.130912
0.328074 0.00453009 0.667296 9.9991E-05
0.560916 9.9991E-05 0.380565 0.0584187
0.506057 9.9991E-05 0.480782 0.0130614
0.234796 0.0696742 0.587336 0.108194
0.396064 9.9991E-05 0.551431 0.0524046
0.331795 9.9991E-05 0.631959 0.0361461
0.349339 9.9982E-05 0.650461 9.9982E-05
0.901908 0.0755308 0.0224616 9.9991E-05
0.170154 0.0502105 0.731936 0.0476993
0.0206415 9.9991E-05 0.0890439 0.890215
9.9991E-05 0.00302374 0.0516641 0.945212
9.9991E-05 0.0509622 0.0922932 0.856645
9.9991E-05 0.0610021 0.00880535 0.930093
9.9982E-05 0.052983 9.9982E-05 0.946817
9.9991E-05 0.0641112 0.06291 0.872879
9.9991E-05 0.00471713 0.0633274 0.931856
0.194079 0.0255249 0.703184 0.077213
0.108337 0.0816403 0.657389 0.152634
0.693483 9.9991E-05 0.257795 0.0486217
0.186105 0.0512324 0.664801 0.0978616
0.380363 9.9991E-05 0.579987 0.0395502
0.225504 9.9991E-05 0.702286 0.07211
0.255905 0.0267704 0.68578 0.031545
0.307865 0.0532697 0.62582 0.0130454
0.731187 9.9991E-05 0.223715 0.0449986
0.238777 0.0315088 0.619455 0.110259
0.177936 0.0667193 0.701051 0.0542933
0.159525 0.0590073 0.664837 0.116631
0.55524 0.0477803 0.39688 9.9991E-05
0.304804 0.00108204 0.694014 9.9991E-05
0.323826 9.9991E-05 0.639614 0.0364599
0.4389 9.9982E-05 0.5609 9.9982E-05
0.327356 9.9991E-05 0.627336 0.0452083
0.175239 0.0471141 0.65576 0.121887
0.50971 0.0738166 0.357307 0.0591667
0.321524 9.9991E-05 0.525866 0.15251
0.148521 0.0569111 0.640181 0.154387
0.178369 0.0638793 0.628823 0.128929
0.291954 9.9991E-05 0.582488 0.125457
0.184803 0.0246777 0.690936 0.0995827
0.304133 9.9991E-05 0.545178 0.150589
0.217427 0.031528 0.613525 0.137519
0.187465 0.0410057 0.625632 0.145897
0.218137 9.9991E-05 0.691941 0.0898221
0.20155 9.9991E-05 0.691792 0.106558
0.157471 0.0774868 0.678818 0.0862241
0.146675 0.0836351 0.644087 0.125603
0.219138 0.063661 0.678843 0.0383581
0.182828 0.0781949 0.63833 0.100647
0.233883 0.0825011 0.646116 0.0375001
0.434229 0.120176 0.36109 0.0845049
0.178975 0.100044 0.634253 0.0867281
0.180233 0.0497806 0.709371 0.0606147
0.542443 9.9991E-05 0.339065 0.118392
0.680507 0.114276 0.196063 0.00915347
0.248049 0.0571243 0.611828 0.0829988
0.794088 0.0745539 0.131258 9.9991E-05
0.474077 9.9991E-05 0.448378 0.0774452
0.400902 9.9991E-05 0.562207 0.0367906
0.423579 9.9991E-05 0.49206 0.0842607
0.493839 9.9991E-05 0.462568 0.0434936
0.229469 0.00131409 0.661056 0.108161
0.168008 0.0061959 0.663934 0.161862
0.203618 0.018733 0.703278 0.0743716
0.691992 0.0582053 0.230132 0.019671
0.195422 0.0676582 0.557841 0.179079
0.31639 0.111656 0.495831 0.0761231
0.793511 0.0636329 9.9991E-05 0.142756
0.134402 0.0812753 0.698862 0.0854611
0.495266 0.0932866 0.317467 0.0939796
0.247182 0.114396 0.54502 0.0934011
0.544195 0.0306513 0.280826 0.144327
0.723982 0.0232414 0.136757 0.116019
0.427326 0.0501693 0.449666 0.0728393
0.203628 0.0616823 0.579955 0.154735
0.288867 0.0196585 0.478414 0.213061
0.663997 0.117554 0.157683 0.0607658
0.195494 0.0908887 0.6166 0.0970174
0.586748 0.00324953 0.409903 9.9991E-05
0.462469 0.0144609 0.518857 0.00421307
0.159989 0.0501664 0.648808 0.141036
0.184608 0.311245 0.1187 0.385447
0.264404 0.227976 9.9991E-05 0.50752
0.286743 0.233502 9.9991E-05 0.479655
0.229609 0.325962 0.0557835 0.388645
0.274117 0.0119929 0.709738 0.00415197
0.169018 0.0501395 0.647811 0.133031
9.9982E-05 0.642532 0.357268 9.9982E-05
0.0985047 0.45938 0.415987 0.0261279
0.0788637 0.428764 0.413054 0.079318
0.604443 0.103503 0.283876 0.00817795
0.283321 0.0440914 0.549203 0.123385
0.667829 0.0519181 0.280153 9.9991E-05
0.224118 0.0485916 0.624951 0.102339
0.334185 0.0726359 0.532643 0.060536
0.280877 0.0622127 0.627106 0.0298048
0.667441 0.108691 0.220356 0.00351239
0.12775 0.061104 0.713123 0.0980229
0.191291 0.0557711 0.632062 0.120877
9.9982E-05 0.956825 0.0429746 9.9982E-05
0.00256456 0.877208 0.120127 9.9991E-05
0.0481173 0.530197 0.37142 0.0502661
9.9982E-05 0.641663 0.358137 9.9982E-05
9.9991E-05 0.803818 0.194437 0.00164458
9.998E-05 0.9997 9.998E-05 9.998E-05
9.9982E-05 0.960567 0.0392329 9.9982E-05
9.9982E-05 0.850919 0.148881 9.9982E-05
0.00793658 0.929786 0.0518489 0.0104286
9.998E-05 0.9997 9.998E-05 9.998E-05
9.998E-05 0.9997 9.998E-05 9.998E-05
9.9982E-05 0.765436 0.234364 9.9982E-05
9.9991E-05 0.804764 0.169133 0.0260023
9.998E-05 0.9997 9.998E-05 9.998E-05
0.113585 0.387377 0.418344 0.0806948
0.0162304 0.645383 0.289858 0.0485286
9.9991E-05 0.80675 0.159128 0.034022
9.9982E-05 0.881277 0.118523 9.9982E-05
9.998E-05 0.9997 9.998E-05 9.998E-05
9.9991E-05 0.966976 0.0280471 0.0048767
9.998E-05 0.9997 9.998E-05 9.998E-05
9.9991E-05 0.652396 0.318459 0.0290456
9.9991E-05 0.969719 0.029312 0.00086877
0.532651 0.147288 9.9991E-05 0.319961
0.239555 0.142275 0.373515 0.244656
0.226008 0.116061 0.461906 0.196026
0.423068 0.200871 0.163181 0.212879
0.20193 0.151028 0.52444 0.122602
0.43174 0.222466 0.0705075 0.275287
0.215644 0.125757 0.467144 0.191456
0.29293 0.167376 0.323931 0.215763
0.209259 0.176839 0.432736 0.181166
0.269044 0.157513 0.361742 0.211701
0.211281 0.155441 0.450582 0.182696
0.0164694 9.9991E-05 0.0674817 0.915949
0.00913609 0.0668389 9.9991E-05 0.923925
9.9982E-05 9.9982E-05 0.0280929 0.971707
0.00125377 9.9982E-05 9.9982E-05 0.998546
9.9982E-05 9.9982E-05 0.061259 0.938541
9.9982E-05 0.0121527 9.9982E-05 0.987647
9.9991E-05 0.0167454 0.0366266 0.946528
0.0195833 9.9991E-05 0.00526524 0.975051
0.00492812 0.0225221 0.0428954 0.929654
0.0252647 0.0369037 0.000938767 0.936893
0.32891 9.9982E-05 9.9982E-05 0.67089
0.307411 9.9982E-05 9.9982E-05 0.692389
0.385383 9.9991E-05 0.00565381 0.608863
0.450027 9.9982E-05 9.9982E-05 0.549773
0.283658 9.9991E-05 0.631404 0.084838
0.294801 9.9991E-05 0.650389 0.0547099
0.270839 0.0170985 0.660194 0.0518686
0.404571 9.9991E-05 0.529226 0.0661024
0.587797 9.9991E-05 0.341041 0.0710622
0.160355 0.0111705 0.731858 0.0966172
0.231686 0.00467778 0.763537 9.9991E-05
0.310515 9.9991E-05 0.682197 0.00718736
0.449476 9.9982E-05 0.550324 9.9982E-05
0.194957 0.0363243 0.721923 0.0467961
0.403296 9.9982E-05 0.596504 9.9982E-05
0.797613 9.9982E-05 0.202187 9.9982E-05
0.182045 9.9991E-05 0.705411 0.112445
0.638748 9.9982E-05 0.361052 9.9982E-05
0.305475 0.0144098 0.680015 9.9991E-05
0.613109 9.9991E-05 0.373395 0.0133954
0.651776 9.9991E-05 0.0710044 0.27712
0.586876 9.9991E-05 0.154766 0.258258
0.64164 9.9991E-05 0.11215 0.24611
0.669712 9.9991E-05 0.0512574 0.27893
0.62038 9.9991E-05 0.190735 0.188786
0.582205 9.9991E-05 0.190457 0.227237
0.00419085 0.036892 0.0570887 0.901829
0.00950563 0.0027087 0.141982 0.845803
9.9991E-05 0.0317139 0.161651 0.806535
0.0327252 0.071698 0.0354848 0.860092
9.9991E-05 0.0579153 0.146532 0.795452
0.48133 9.9991E-05 0.00496394 0.513606
0.42895 9.9991E-05 0.0188391 0.552111
0.406651 9.9991E-05 0.0419818 0.551267
9.9982E-05 9.9982E-05 0.122494 0.877306
0.483113 9.9991E-05 0.018671 0.498116
0.0877662 0.373119 0.268402 0.270713
0.0290214 0.251651 0.56001 0.159318
9.9991E-05 0.278346 0.54553 0.176025
0.0836566 0.28338 0.334078 0.298885
0.119409 0.114648 0.579573 0.18637
0.201264 0.361954 9.9991E-05 0.436681
0.395503 9.9991E-05 0.538646 0.0657513
0.420492 0.0412989 0.538109 9.9991E-05
0.474445 9.9991E-05 0.419308 0.106147
0.345521 0.065421 0.588958 9.9991E-05
0.985884 0.0139157 9.9982E-05 9.9982E-05
0.166012 0.0534934 0.647862 0.132633
0.315181 0.0295303 0.624146 0.0311423
0.42878 9.9991E-05 0.470987 0.100133
0.219556 0.0470648 0.614246 0.119133
0.745275 0.0223027 0.232322 9.9991E-05
0.288324 0.0212728 0.634293 0.0561096
0.316797 9.9991E-05 0.630347 0.0527561
0.299124 0.200265 0.409133 0.0914775
0.539277 0.0571561 0.397284 0.00628287
0.450007 0.0737121 0.460433 0.0158476
0.293926 0.0242764 0.66708 0.0147169
0.315739 9.9991E-05 0.668894 0.0152673
0.168379 0.0712001 0.722335 0.0380858
0.203384 0.0543873 0.637863 0.104366
0.183341 0.0243436 0.674354 0.117961
9.9991E-05 0.0592656 0.104521 0.836113
9.9982E-05 9.9982E-05 0.110493 0.889307
9.9982E-05 9.9982E-05 0.0629884 0.936812
9.9982E-05 0.0784379 9.9982E-05 0.921362
9.9982E-05 9.9982E-05 0.078189 0.921611
0.603256 0.000875288 0.262723 0.133145
0.264459 0.0933131 0.594635 0.0475924
0.123248 0.259296 0.38196 0.235496
0.149305 0.068646 0.721162 0.060887
0.309608 0.00122064 0.615828 0.0733433
0.566564 0.0732123 0.326138 0.0340852
0.681186 9.9991E-05 0.116112 0.202602
0.29174 0.00898742 0.564629 0.134643
0.479362 9.9991E-05 0.360988 0.159551
0.323754 0.0349853 0.567783 0.0734777
0.549733 9.9991E-05 0.264625 0.185543
0.156542 0.0307187 0.655681 0.157059
0.566358 9.9991E-05 0.275006 0.158535
0.498342 0.116332 0.337677 0.047649
0.231355 0.0522615 0.60154 0.114844
0.595517 0.00860716 0.358636 0.0372393
0.281768 0.074222 0.604593 0.0394169
0.199625 0.0584633 0.607114 0.134798
0.619685 0.00295928 0.348462 0.0288933
0.241851 0.0806399 0.565838 0.111671
0.344634 0.0302529 0.564495 0.0606172
0.774049 0.0195716 0.20628 9.9991E-05
0.682428 0.019863 0.25625 0.0414588
0.403372 0.00942168 0.526726 0.0604802
0.834947 0.0162901 0.140672 0.00809074
0.434717 9.9991E-05 0.553228 0.0119545
0.576194 9.9991E-05 0.300493 0.123213
0.620845 0.128054 0.251001 9.9991E-05
0.301837 0.0134533 0.543864 0.140846
0.193372 0.0569622 0.635874 0.113792
0.558819 9.9991E-05 0.394622 0.0464598
0.253545 0.0512742 0.584978 0.110202
0.205389 0.0278571 0.670038 0.0967153
0.294964 0.0509793 0.597678 0.0563783
0.259713 0.0852529 0.618029 0.0370045
0.319284 9.9991E-05 0.592309 0.0883072
0.515167 9.9991E-05 0.405362 0.0793704
0.395246 0.00208094 0.541744 0.0609289
0.254478 0.0533831 0.688306 0.00383273
0.17961 0.105342 0.632759 0.0822883
0.44548 0.133212 0.346528 0.0747798
0.335135 0.122984 0.535589 0.00629165
0.37366 0.022523 0.492743 0.111073
0.244043 0.04963 0.640214 0.0661137
0.301126 0.0278429 0.59651 0.0745209
0.179017 0.0568037 0.631096 0.133083
0.0163747 0.146476 0.495279 0.34187
0.0805662 0.157188 0.594318 0.167928
0.143587 0.158027 0.511712 0.186674
0.105947 0.181401 0.562944 0.149708
0.0910709 0.264926 0.459453 0.18455
0.403548 0.011097 0.585255 9.9991E-05
0.0892049 0.167227 0.564363 0.179205
0.496979 0.289724 9.9991E-05 0.213197
0.109191 0.148506 0.610231 0.132072
0.11705 0.208075 0.551791 0.123085
0.114113 0.176502 0.568742 0.140643
0.296088 0.160884 0.337889 0.205139
0.0146604 0.150679 0.589274 0.245387
0.129355 0.215912 0.519115 0.135619
0.289435 0.199515 9.9991E-05 0.51095
0.0786632 0.184036 0.568389 0.168911
0.0201194 0.169023 0.59578 0.215077
0.122874 0.110956 0.627568 0.138602
0.00465097 0.225315 0.582189 0.187845
0.0853621 0.15686 0.530331 0.227446
0.371131 0.0786167 0.522151 0.0281012
0.216893 0.0778103 0.635829 0.0694678
0.904713 0.0633215 0.0318658 9.9991E-05
0.85554 0.0463771 0.0979827 9.9991E-05
0.30015 0.0727146 0.539226 0.087909
0.148298 0.382855 0.333594 0.135253
0.13566 0.339308 0.383796 0.141236
0.251645 0.385754 0.192971 0.16963
0.148152 0.297359 0.38156 0.172929
0.654789 0.201003 0.0869815 0.0572262
0.57007 0.181478 0.187667 0.0607853
0.25022 0.124368 0.625312 9.9991E-05
0.328393 0.185011 0.454739 0.0318566
0.519434 0.139481 0.300539 0.0405455
0.227337 0.0708697 0.621729 0.0800644
0.229469 0.115152 0.62009 0.035289
0.199786 0.0757105 0.580585 0.143919
0.512844 0.0261673 0.460889 9.9991E-05
0.435248 0.0375054 0.527147 9.9991E-05
0.309533 0.0603248 0.620244 0.00989811
0.351656 0.0860347 0.518215 0.0440935
0.256191 0.0766996 0.541993 0.125116
0.404896 0.0418743 0.55313 9.9991E-05
0.655719 0.0763551 0.267826 9.9991E-05
0.211459 0.0667234 0.701438 0.0203789
0.65927 0.0539378 0.286692 9.9991E-05
0.3719 0.0520028 0.549882 0.0262148
0.312556 0.0256264 0.574826 0.0869918
0.338501 0.111847 0.50854 0.0411113
0.110936 0.167229 0.492942 0.228892
0.173506 0.173048 0.477671 0.175775
0.130859 0.30548 0.357162 0.2065
0.173616 0.270514 0.340247 0.215624
0.0986698 0.198446 0.519353 0.183531
0.162603 0.210205 0.478237 0.148955
0.607839 0.263638 9.9991E-05 0.128423
0.0783314 0.230688 0.582707 0.108274
0.454694 0.204472 9.9991E-05 0.340733
0.173393 0.241509 0.527131 0.0579671
0.69371 9.9982E-05 0.30609 9.9982E-05
0.860102 0.0239833 0.115815 9.9991E-05
0.395068 0.0337507 0.571081 9.9991E-05
0.267543 0.0450843 0.687273 9.99945E-05
0.438135 0.0101245 0.551641 9.9991E-05
0.280871 0.0299631 0.689065 9.9991E-05
0.336618 0.019013 0.644269 9.9991E-05
0.0601003 0.0321689 0.0103568 0.897374
0.0728596 0.065025 0.0694038 0.792712
0.0153681 0.0283853 9.9991E-05 0.956147
9.9982E-05 9.9982E-05 0.0322823 0.967518
0.251189 0.0178565 0.68022 0.0507341
0.221993 0.0100486 0.704951 0.0630076
0.249531 9.9991E-05 0.728858 0.0215112
0.199039 0.0278091 0.676503 0.0966489
0.194571 0.0278961 0.64815 0.129383
0.468521 9.9991E-05 0.500603 0.0307767
0.197611 9.9982E-05 0.802189 9.9982E-05
0.528385 9.9982E-05 0.471415 9.9982E-05
0.0311511 0.156855 0.432862 0.379132
0.391732 0.0392442 0.568924 9.9991E-05
0.463016 9.9982E-05 0.536784 9.9982E-05
0.330274 0.000225643 0.6694 9.9991E-05
0.381144 9.9991E-05 0.597845 0.0209112
0.237146 0.0500078 0.712747 9.9991E-05
0.216802 9.9991E-05 0.691672 0.0914258
0.751849 9.9982E-05 0.247951 9.9982E-05
0.505786 0.0123041 0.48181 9.9991E-05
0.447972 9.9982E-05 0.551828 9.9982E-05
0.886993 9.9982E-05 0.112807 9.9982E-05
0.336457 9.9991E-05 0.590792 0.0726512
0.751023 0.00115265 0.247724 9.9991E-05
0.916122 9.9982E-05 0.0836779 9.9982E-05
0.239887 0.0471679 0.692329 0.0206158
0.56376 9.9991E-05 0.40293 0.03321
0.308929 9.9991E-05 0.669671 0.0212997
0.180745 0.0803877 0.629802 0.109065
0.285846 9.9991E-05 0.656314 0.0577401
0.513468 0.0677509 0.418681 9.9991E-05
0.204939 9.9991E-05 0.742406 0.0525546
0.311308 9.9991E-05 0.685171 0.00342108
0.484843 9.9982E-05 0.514957 9.9982E-05
0.197745 0.0251016 0.617025 0.160129
0.268861 9.9982E-05 9.9982E-05 0.730939
0.163933 9.9991E-05 0.0162432 0.819724
0.105728 9.9982E-05 9.9982E-05 0.894072
0.113839 9.9982E-05 9.9982E-05 0.885961
0.161805 9.9991E-05 0.040029 0.798066
0.549903 9.9991E-05 0.401367 0.04863
0.561684 9.9991E-05 0.400194 0.0380224
0.570098 0.0110491 0.418753 9.9991E-05
0.154926 0.0514791 0.65289 0.140705
0.198172 0.0906088 0.614996 0.0962232
0.528029 0.0347661 0.437105 9.9991E-05
0.217839 0.0576269 0.724434 9.9991E-05
0.373591 0.0282083 0.56966 0.0285412
0.270002 9.9991E-05 0.711068 0.0188298
0.179635 9.9991E-05 0.765294 0.0549711
0.532564 9.9982E-05 0.467236 9.9982E-05
0.454899 9.9982E-05 0.544901 9.9982E-05
0.441823 9.9991E-05 0.539776 0.0183005
0.138418 0.00284621 0.679174 0.179562
0.377883 9.9991E-05 0.597264 0.0247526
0.331763 9.9991E-05 0.618894 0.0492434
0.00812084 0.337373 0.48557 0.168936
0.0735156 0.456411 0.346109 0.123965
9.9991E-05 0.432892 0.447858 0.11915
0.0561739 0.519939 0.288968 0.134919
0.034671 0.340994 0.48565 0.138685
0.303774 0.0324119 0.59589 0.0679238
0.0464333 0.673464 9.9991E-05 0.280002
0.00116504 0.52156 0.331461 0.145814
0.228212 0.20611 0.396074 0.169604
0.204608 9.9991E-05 0.619351 0.175942
0.235326 0.0407039 0.545914 0.178056
0.163011 0.0289674 0.636695 0.171327
0.121198 0.0213411 0.668032 0.189429
9.9991E-05 0.41858 0.405544 0.175776
0.0395649 0.391448 0.41705 0.151937
9.9991E-05 0.503845 0.38911 0.106945
0.0237251 0.274522 0.532983 0.16877
0.0704691 0.538893 0.219932 0.170707
0.0721413 0.353245 0.447347 0.127267
0.013958 0.549162 0.257972 0.178908
0.109584 0.32583 0.438488 0.126099
0.291522 0.034714 0.529319 0.144445
0.0891161 0.383382 0.393557 0.133945
0.0206319 0.594875 0.170059 0.214434
0.0908415 0.348735 0.432253 0.128171
0.354999 9.9991E-05 0.390413 0.254488
0.153153 0.0292285 0.725655 0.0919629
0.0542575 0.352578 0.418538 0.174626
0.170721 9.9991E-05 0.619229 0.20995
0.211049 9.9991E-05 0.572691 0.21616
0.172583 0.226261 0.393462 0.207694
0.140974 0.322931 0.344956 0.191139
0.184561 0.120743 0.580755 0.113941
0.047874 0.324247 0.477833 0.150046
9.9991E-05 0.423836 0.489093 0.0869715
0.0381353 0.670193 0.118947 0.172724
0.105171 0.0427257 0.69671 0.155392
0.267032 9.9991E-05 0.535977 0.196891
0.616634 0.122886 0.132043 0.128437
0.159749 0.0545389 0.627793 0.157919
0.380702 0.0865975 0.414361 0.118339
0.126028 0.198531 0.504073 0.171367
0.170816 0.140456 0.524891 0.163837
0.41761 0.205898 9.9991E-05 0.376392
0.473134 0.171784 9.9991E-05 0.354982
0.334276 0.159077 0.314755 0.191891
0.388212 0.2632 0.0157924 0.332796
0.23951 0.25646 9.9991E-05 0.50393
0.232332 0.143078 0.412292 0.212298
0.191378 0.189849 0.378668 0.240106
0.359641 0.289739 0.0737218 0.276898
0.419467 0.247996 0.0251695 0.307367
0.187126 0.203346 0.476012 0.133516
0.373467 0.218294 0.144809 0.26343
0.43124 0.177228 9.9991E-05 0.391432
0.141035 0.147873 0.574239 0.136854
0.227617 0.232514 0.315109 0.22476
0.0475018 0.170676 0.442067 0.339755
9.9991E-05 0.232809 0.579305 0.187786
0.0695806 0.257845 0.496633 0.175942
0.027576 0.257787 0.513242 0.201395
0.0329832 0.207841 0.356098 0.403078
0.0161984 0.174217 0.582814 0.226771
9.9991E-05 0.196442 0.506285 0.297173
0.189107 0.303951 0.261997 0.244945
0.236021 0.125665 0.419981 0.218333
0.0995314 0.152389 0.519022 0.229058
0.127123 0.198501 0.545288 0.129087
0.108735 0.144352 0.614802 0.132112
0.0310951 0.233799 0.446987 0.288119
0.0189883 0.167868 0.564123 0.24902
0.222811 0.368936 0.0339835 0.374269
0.0497647 0.115323 0.588773 0.246139
0.163799 0.354858 0.180789 0.300553
0.13534 0.00830795 0.00250121 0.853851
0.587654 9.9991E-05 0.214077 0.198169
0.777837 9.9991E-05 0.00773653 0.214326
0.821988 9.9991E-05 0.00841691 0.169495
0.727319 9.9991E-05 0.148535 0.124046
0.714514 9.9991E-05 0.102243 0.183143
0.684331 9.9991E-05 0.160882 0.154688
0.734665 9.9991E-05 0.0539118 0.211323
0.588544 9.9991E-05 0.0594825 0.351874
0.0583235 9.9991E-05 0.0134025 0.928174
0.0703082 9.9991E-05 0.081655 0.847937
0.0625241 0.0193622 0.00636888 0.911745
0.0573763 9.9991E-05 0.0300046 0.912519
0.0135309 0.0153451 0.0434753 0.927649
9.9991E-05 0.0100202 0.0535051 0.936375
0.0279404 0.0935653 0.112712 0.765782
9.9991E-05 0.010338 0.0809986 0.908563
0.0600239 0.0494163 0.141703 0.748857
9.9991E-05 0.0688708 0.0109259 0.920103
9.9982E-05 0.0120306 9.9982E-05 0.987769
9.9991E-05 0.0281199 0.049294 0.922486
9.998E-05 9.998E-05 9.998E-05 0.9997
9.9991E-05 0.0147965 0.0372599 0.947844
9.9991E-05 0.0299083 0.0778237 0.892168
9.9991E-05 0.00789386 0.0485513 0.943455
9.9991E-05 0.0498868 0.0761554 0.873858
9.9991E-05 0.0233314 0.102198 0.874371
9.9991E-05 0.104201 0.0699158 0.825783
0.348814 9.9991E-05 0.480401 0.170686
0.142033 9.9991E-05 0.72779 0.130077
0.147737 0.0404484 0.652379 0.159437
0.708578 0.127111 0.077789 0.0865219
0.241807 0.00167426 0.571878 0.184641
0.6778 0.132363 0.0529168 0.13692
0.171283 0.0857402 0.65272 0.0902569
0.292343 9.9991E-05 0.528941 0.178616
0.216709 9.9991E-05 0.555752 0.227439
0.259936 9.9991E-05 0.643485 0.0964782
0.301832 9.9991E-05 0.539392 0.158675
0.139624 0.0250505 0.735734 0.0995919
0.231411 0.00472926 0.606698 0.157161
0.806996 0.103429 0.0681358 0.0214386
0.795679 0.0909194 9.9991E-05 0.113302
0.650981 0.129232 0.118721 0.101066
0.127701 0.0140967 0.682897 0.175305
0.320046 0.0874014 0.512796 0.0797563
0.187495 0.0402876 0.648956 0.123261
0.172523 0.085358 0.65113 0.0909885
0.107909 0.188497 0.443105 0.260489
0.0235404 0.167159 0.566426 0.242875
0.233629 0.168352 0.191302 0.406716
0.0861657 0.0811568 0.665051 0.167626
0.16919 0.10411 0.46787 0.25883
0.349246 0.235917 9.9991E-05 0.414736
0.110543 0.253677 0.309488 0.326293
0.129898 0.154308 0.347874 0.36792
0.104565 0.078295 0.460421 0.356719
0.10838 0.138586 0.575979 0.177055
0.110066 0.138641 0.551515 0.199779
0.0526342 0.118956 0.656241 0.172169
0.222774 0.200014 0.409578 0.167633
0.0953893 0.130907 0.251025 0.522679
