9.9982E-05 0.866244 0.000994678 0.040046 0.0268257 9.9982E-05 0.0656891
0.0331833 0.903657 9.9973E-05 9.9973E-05 0.0322647 0.0305952 9.9973E-05
9.9982E-05 0.815187 0.105579 0.0389358 0.024123 9.9982E-05 0.0159758
9.9982E-05 0.794258 0.0279283 0.0874394 0.0561269 9.9982E-05 0.0340475
0.0152306 0.846501 0.0231062 0.0544934 0.0604686 9.9982E-05 9.9982E-05
0.188081 0.585132 9.9991E-05 0.0775947 0.0783283 0.0471538 0.0236102
0.0903108 0.824972 9.9964E-05 9.9964E-05 9.9964E-05 9.9964E-05 0.0843175
0.0866273 0.716081 0.0111078 0.0262822 0.101001 9.9991E-05 0.058801
0.0789679 0.826818 9.99729E-05 9.99729E-05 0.0602524 0.0336617 9.99729E-05
0.140459 0.718959 0.106352 0.0339298 9.9973E-05 9.9973E-05 9.9973E-05
0.117367 0.736581 0.0658945 9.9973E-05 0.0798577 9.9973E-05 9.9973E-05
9.9964E-05 9.9964E-05 0.132458 0.0298127 9.9964E-05 9.9964E-05 0.837329
9.9973E-05 9.9973E-05 0.427689 0.101939 0.0826383 9.9973E-05 0.387434
0.0862541 0.0177282 0.0836347 0.0468898 0.0251877 9.9991E-05 0.740206
9.9973E-05 0.0246671 0.183193 0.092823 9.9973E-05 9.9973E-05 0.699017
9.9973E-05 0.0549087 0.202291 0.141701 9.9973E-05 9.9973E-05 0.600799
9.9973E-05 0.0367781 0.494592 0.0814922 9.9973E-05 9.9973E-05 0.386838
9.999E-05 0.00204545 0.30923 0.0813316 0.0117887 0.0788236 0.51668
9.9973E-05 0.0659886 0.197845 0.0902665 9.9973E-05 9.9973E-05 0.6456
0.0396843 0.0344084 9.9973E-05 9.9973E-05 0.0160564 9.9973E-05 0.909551
9.999E-05 0.0143372 0.385915 0.0542864 0.0741533 0.0682716 0.402936
0.183446 0.038326 0.436835 0.0512767 9.9991E-05 0.0587635 0.231253
0.0573523 0.0520345 0.492463 0.00476807 9.9991E-05 0.169677 0.223605
9.9973E-05 9.9973E-05 0.166233 0.10956 9.9973E-05 0.00510671 0.718801
0.0491033 0.0638996 0.576028 0.0759682 0.0375183 0.0876484 0.109834
0.00178634 0.0461763 0.464891 0.0452079 0.0275857 9.9991E-05 0.414253
9.9964E-05 9.9964E-05 0.0223722 0.0571048 9.9964E-05 9.9964E-05 0.920123
9.9964E-05 9.9964E-05 0.0511215 0.130281 9.9964E-05 9.9964E-05 0.818198
0.119366 9.9964E-05 0.127232 9.9964E-05 9.9964E-05 9.9964E-05 0.753003
9.9964E-05 0.844681 0.146888 0.00803153 9.9964E-05 9.9964E-05 9.9964E-05
9.9964E-05 0.815713 0.161007 9.9964E-05 9.9964E-05 9.9964E-05 0.0228799
9.99678E-05 0.804046 0.173537 9.99678E-05 9.99678E-05 9.99678E-05 0.0220174
9.9973E-05 0.752714 0.132051 0.0413826 9.9973E-05 0.0735524 9.9973E-05
0.0571581 0.0162141 0.522505 0.0620537 0.0177601 0.282041 0.042268
9.9982E-05 0.0357754 0.37637 0.107917 9.9982E-05 0.331366 0.148372
9.9973E-05 0.0326766 0.508493 0.0201381 9.9973E-05 0.438392 9.9973E-05
0.0381709 0.10718 0.0129527 9.9991E-05 0.203086 0.0891227 0.549388
0.0465475 0.0288356 0.311768 0.0548702 0.0110728 0.524708 0.0221978
0.0238178 0.0725787 0.464899 0.0452855 0.0794924 0.280401 0.0335258
0.0101057 0.085885 0.663438 9.9973E-05 9.9973E-05 0.240272 9.9973E-05
0.0770586 0.0893518 0.524321 9.9982E-05 0.105359 0.203709 9.9982E-05
9.999E-05 0.128481 0.60875 0.00328014 0.0897347 0.0850976 0.0845566
9.9982E-05 0.0450391 0.0882014 9.9982E-05 0.0419902 0.62143 0.203139
0.138137 0.0490756 0.644634 0.0602561 9.9991E-05 0.0401186 0.0676793
9.999E-05 0.0560433 0.454211 0.1438 0.0102773 0.254975 0.0805935
0.0820222 0.0580998 0.516786 0.0751345 9.9991E-05 0.130361 0.137497
9.9955E-05 9.9955E-05 0.309166 9.9955E-05 9.9955E-05 0.690334 9.9955E-05
9.9982E-05 0.0295093 0.562572 0.0359699 9.9982E-05 0.295276 0.0764728
0.134902 0.0425452 0.569623 0.0395689 9.9991E-05 0.0823276 0.130934
0.303644 0.079778 9.9964E-05 9.9964E-05 9.9964E-05 0.616178 9.9964E-05
0.107753 9.9982E-05 0.0968539 9.9982E-05 0.225572 0.229347 0.340275
0.429261 0.0152996 0.0833403 9.9982E-05 9.9982E-05 0.177402 0.294497
0.0923716 0.0241568 0.485379 0.0866677 0.0947769 0.047726 0.168922
0.0499051 0.0187418 0.443816 0.169573 9.9991E-05 0.0616099 0.256254
0.116336 0.0283939 0.561137 0.100016 9.9982E-05 9.9982E-05 0.193917
0.116267 0.0932225 0.0974496 9.9991E-05 0.156536 0.221507 0.314918
0.0762814 9.9982E-05 0.546265 0.0317532 0.136491 9.9982E-05 0.20901
0.0782523 9.9991E-05 0.449551 0.131223 0.0368141 0.0729289 0.231131
0.0310853 0.109484 0.320774 0.040555 0.0620728 0.216186 0.219843
0.149698 0.23509 9.9991E-05 0.0265608 0.0282347 0.114016 0.4463
0.0282136 0.0967516 0.530482 0.0200959 0.159875 0.119075 0.0455068
0.11773 0.0215949 0.40391 0.0170338 0.153759 0.0230458 0.262927
0.112322 0.0175754 9.9982E-05 9.9982E-05 0.168084 0.120282 0.581537
0.0377817 9.9991E-05 0.468209 0.0225875 0.088907 0.0198295 0.362586
0.132315 9.9991E-05 0.625388 0.070687 0.000311738 0.0586352 0.112563
0.0824494 0.0664681 0.535485 0.0395671 0.0295774 0.081045 0.165408
0.112093 0.0273596 0.187697 0.0950744 0.0170964 0.202112 0.358567
0.0917669 9.9982E-05 0.374682 0.0736484 9.9982E-05 0.0746132 0.38509
0.0169216 0.0178032 0.476099 0.138736 0.199784 0.150556 9.9991E-05
0.142729 0.0369006 0.175474 9.9991E-05 0.136653 0.159963 0.34818
9.9973E-05 9.9973E-05 0.442312 9.9973E-05 0.00680714 0.441973 0.108608
9.9973E-05 0.0140487 0.137659 9.9973E-05 9.9973E-05 0.640517 0.207475
0.045271 0.0693476 0.52605 0.05685 0.0344565 0.170935 0.0970897
0.16517 9.9955E-05 9.9955E-05 9.9955E-05 9.9955E-05 0.83433 9.9955E-05
0.109695 9.9964E-05 9.9964E-05 9.9964E-05 9.9964E-05 0.804953 0.0849518
0.0163722 9.9982E-05 0.239564 9.9982E-05 0.0128369 0.715184 0.0158436
0.01753 0.00285877 0.353081 0.0201221 0.00351405 0.574855 0.0280384
9.9982E-05 0.100082 0.507424 0.0508994 9.9982E-05 0.245353 0.0960418
9.9973E-05 9.9973E-05 0.345484 0.098629 0.106592 0.448995 9.9973E-05
9.9991E-05 0.0473319 0.0867095 0.00930486 0.0099199 0.688109 0.158525
9.9973E-05 9.9973E-05 0.23027 9.9973E-05 0.239765 0.441141 0.0885239
9.9982E-05 0.169036 0.459256 0.0805836 0.026974 0.26395 9.9982E-05
9.9982E-05 0.00581631 0.227402 0.0443329 9.9982E-05 0.493223 0.229026
9.9991E-05 0.0908608 0.341283 0.0101013 0.018357 0.465897 0.0734004
0.0899237 0.0399667 0.361307 9.9973E-05 9.9973E-05 0.508503 9.9973E-05
0.260183 0.00614173 9.9964E-05 9.9964E-05 9.9964E-05 0.733275 9.9964E-05
0.0318218 9.9991E-05 0.578729 0.0561071 0.076526 0.225479 0.0312365
9.9973E-05 0.75055 0.0381583 0.0893349 9.9973E-05 9.9973E-05 0.121657
9.9955E-05 0.893619 0.105881 9.9955E-05 9.9955E-05 9.9955E-05 9.9955E-05
9.9964E-05 0.841044 0.0813865 0.07717 9.9964E-05 9.9964E-05 9.9964E-05
9.9955E-05 0.899039 0.100461 9.9955E-05 9.9955E-05 9.9955E-05 9.9955E-05
0.00731426 0.875974 0.0882245 0.0281869 9.9973E-05 9.9973E-05 9.9973E-05
9.9982E-05 0.844606 0.00467966 0.0581787 0.0363367 0.0559987 9.9982E-05
9.9955E-05 0.90934 0.0901598 9.9955E-05 9.9955E-05 9.9955E-05 9.9955E-05
9.9991E-05 0.130959 0.510229 0.0464222 0.057009 0.223171 0.0321092
0.00309128 0.117437 0.520168 0.0368506 0.052425 0.242093 0.0279347
9.9964E-05 0.0519067 9.9964E-05 9.9964E-05 9.9964E-05 0.754619 0.193074
9.9991E-05 0.097554 0.437358 0.143355 0.0695074 0.186634 0.0654907
9.9982E-05 0.0567525 0.321527 0.0222455 9.9982E-05 0.453158 0.146117
0.00922104 0.102947 0.625688 0.0362341 9.9982E-05 0.225709 9.9982E-05
9.9973E-05 0.0471512 0.568101 9.9973E-05 9.9973E-05 0.311468 0.07298
9.9973E-05 0.00702553 0.399291 0.0907321 9.9973E-05 0.502652 9.9973E-05
9.9973E-05 0.0680255 9.9973E-05 9.9973E-05 0.0352206 0.630329 0.266125
9.9982E-05 0.162392 0.509572 0.0578572 9.9982E-05 0.195368 0.0746109
9.9991E-05 0.0235718 0.596146 0.0690951 0.107118 0.198288 0.00568068
0.0153373 0.0167177 0.528295 0.106149 0.0917477 0.15077 0.090983
0.160933 9.9982E-05 0.258886 0.0403186 9.9982E-05 0.523963 0.0156992
0.0227167 0.0264975 0.505383 0.0388362 9.9991E-05 0.343295 0.0631723
0.0204125 0.0251226 0.539182 9.9991E-05 0.00630428 0.234671 0.174208
9.9964E-05 9.9964E-05 0.25036 0.119889 9.9964E-05 0.629352 9.9964E-05
9.9982E-05 0.0691245 0.423879 9.9982E-05 0.113135 0.392237 0.00142462
9.9991E-05 0.185405 0.512018 0.0168275 0.0164875 0.15165 0.117513
0.282903 0.0296548 0.204773 9.9991E-05 0.120648 0.084456 0.277465
9.9982E-05 0.161483 0.40516 9.9982E-05 0.230323 0.0850852 0.117749
0.0539928 0.114826 0.5566 9.9991E-05 0.0370513 0.0625484 0.174882
0.171635 0.0144211 0.543636 0.0664671 0.127436 0.0694571 0.00694782
9.9973E-05 0.0278107 0.46905 9.9973E-05 0.0639542 9.9973E-05 0.438885
0.0311699 9.9991E-05 0.531861 0.0802588 0.0888498 0.116719 0.151041
9.9982E-05 9.9982E-05 0.433966 0.0314681 0.163055 0.0106231 0.360688
0.0985634 0.0655209 0.495463 0.0615212 0.0250769 0.0942036 0.159651
0.089 0.0553093 0.494663 0.142395 0.0876927 0.0585659 0.0723741
0.0130999 0.0626221 0.532604 9.9991E-05 0.0173694 0.108849 0.265356
9.9973E-05 9.9973E-05 0.429573 9.9973E-05 0.217171 0.0820945 0.270861
0.0550015 0.0758285 0.659613 0.0145419 0.112761 0.0816152 0.000639545
0.158869 0.0844312 0.584139 0.0458149 0.0672455 0.0593999 9.9991E-05
9.9982E-05 9.9982E-05 0.472171 0.0852132 0.0785242 0.0442097 0.319682
0.0563387 0.0785676 0.563418 0.109327 0.146491 0.0296531 0.016205
0.00524517 0.0249322 0.44804 0.12765 0.119479 0.0921336 0.182519
0.247084 0.106008 0.333914 0.0204233 0.0908564 9.9991E-05 0.201613
0.0102734 9.9991E-05 0.643357 0.0316355 0.082471 0.0503764 0.181787
0.0767767 9.9982E-05 0.715302 0.0180172 0.0552509 9.9982E-05 0.134454
0.0557899 9.9991E-05 0.10679 0.0964413 0.159243 0.166315 0.415321
0.321385 9.9991E-05 0.147203 0.0458898 0.16577 0.142509 0.177144
0.137734 9.9991E-05 0.532248 0.0264509 0.170175 0.023889 0.109402
0.336126 9.9991E-05 0.0335701 0.0690104 0.215757 0.216 0.129437
0.0923173 0.0226239 0.237964 9.9991E-05 0.0776276 0.121963 0.447404
9.9973E-05 9.9973E-05 0.419375 9.9973E-05 0.153733 0.150118 0.276475
9.9982E-05 0.0316618 0.284858 9.9982E-05 0.243168 0.061363 0.378749
0.0201692 9.9982E-05 0.254627 9.9982E-05 0.182553 0.134142 0.408309
0.105214 0.017494 0.593694 0.0707848 0.0760008 9.9991E-05 0.136713
0.0924021 0.0688618 0.520596 0.132991 0.11662 0.0684301 9.9991E-05
9.9982E-05 0.0244097 0.507676 9.9982E-05 0.0401938 0.24764 0.179881
0.374808 9.99825E-05 0.155241 9.99825E-05 0.102228 0.0608165 0.306707
0.196617 0.134621 0.548564 0.0132197 0.0504044 9.9991E-05 0.0564735
0.342438 0.0455724 0.52214 0.0118904 0.0104863 9.9991E-05 0.0673733
0.537285 0.14936 0.0300678 9.9991E-05 0.104611 0.167063 0.011513
0.14598 0.0979137 0.700099 9.9982E-05 9.9982E-05 0.0149625 0.0408451
0.30013 0.0701232 0.349257 0.0845787 0.0600458 0.135765 9.9991E-05
0.231588 0.0673665 0.524667 0.074768 9.9982E-05 9.9982E-05 0.10141
0.363691 0.0900697 0.323311 9.9991E-05 0.0924303 0.104624 0.0257734
0.455079 0.0849525 0.205092 9.9991E-05 0.105475 0.0303399 0.118961
0.255376 0.0202712 0.428115 0.0350982 0.0849753 0.0930146 0.0831501
0.0963943 0.151777 0.416278 0.0625026 0.0627727 0.0269261 0.183349
0.101951 0.159035 0.397444 0.060227 0.0710763 0.123172 0.0870941
0.393505 0.0723913 0.0181165 0.125169 0.0093913 0.281594 0.0998341
0.0296136 0.133415 0.493021 0.0605833 0.0446502 0.108007 0.130709
0.295891 9.9982E-05 0.357591 9.9982E-05 0.0663071 0.168434 0.111577
0.250106 9.9982E-05 0.493133 9.9982E-05 0.0435282 0.198853 0.0141801
0.0174452 0.118458 0.583797 0.0301712 0.0340384 0.163907 0.0521838
0.217977 0.321072 0.15196 0.24007 0.0349013 9.9991E-05 0.0339186
0.340785 0.536096 9.9964E-05 0.122719 9.9964E-05 9.9964E-05 9.9964E-05
0.486377 0.400759 9.9964E-05 0.112464 9.9964E-05 9.9964E-05 9.9964E-05
0.219654 0.357793 0.0633176 0.299709 9.9982E-05 9.9982E-05 0.0593266
0.131316 0.0296779 0.650085 9.9991E-05 0.0337204 0.136838 0.0182629
0.155858 0.0991799 0.553872 0.0624444 9.9991E-05 0.0149067 0.113639
9.9964E-05 9.9964E-05 0.214351 0.719751 9.9964E-05 9.9964E-05 0.0654977
9.9982E-05 9.9982E-05 0.206759 0.485643 0.0683094 0.200426 0.0386633
0.0879688 0.0235939 0.229785 0.449593 9.9991E-05 0.0748941 0.134065
0.542201 9.9964E-05 0.314175 9.9964E-05 9.9964E-05 0.143224 9.9964E-05
0.151961 0.0415288 0.49538 0.118513 0.0621525 0.130365 9.9991E-05
0.565334 9.9973E-05 0.276442 9.9973E-05 9.9973E-05 0.11522 0.0427044
0.281103 9.9973E-05 0.642282 9.9973E-05 9.9973E-05 0.0347446 0.0415709
0.253338 0.0681126 0.507641 9.9982E-05 9.9982E-05 0.058119 0.112589
0.283164 9.9982E-05 0.508421 0.068804 9.9982E-05 0.0531617 0.0862493
0.534081 9.9991E-05 0.213065 0.00171856 0.0415538 0.133438 0.0760442
0.043081 0.0548954 0.486432 0.141259 0.0785581 0.0987294 0.0970456
0.287834 0.0220349 0.518155 9.9982E-05 9.9982E-05 0.0482613 0.123514
9.9955E-05 9.9955E-05 9.9955E-05 0.932809 9.9955E-05 0.0666911 9.9955E-05
9.9973E-05 9.9973E-05 0.0222691 0.916467 9.9973E-05 0.0304802 0.0304835
9.9973E-05 0.0303442 0.198318 0.57493 9.9973E-05 9.9973E-05 0.196108
9.9964E-05 9.9964E-05 0.247531 0.700003 0.0520657 9.9964E-05 9.9964E-05
9.9964E-05 9.9964E-05 0.0634301 0.844656 9.9964E-05 0.0915139 9.9964E-05
9.995E-05 9.995E-05 9.995E-05 0.9994 9.995E-05 9.995E-05 9.995E-05
9.9955E-05 9.9955E-05 9.9955E-05 0.963999 0.0355017 9.9955E-05 9.9955E-05
9.9955E-05 9.9955E-05 0.132631 0.86687 9.9955E-05 9.9955E-05 9.9955E-05
9.9964E-05 9.9964E-05 0.0280258 0.934084 9.9964E-05 9.9964E-05 0.0374904
9.995E-05 9.995E-05 9.995E-05 0.9994 9.995E-05 9.995E-05 9.995E-05
9.995E-05 9.995E-05 9.995E-05 0.9994 9.995E-05 9.995E-05 9.995E-05
9.9991E-05 0.0344706 0.117026 0.76971 0.00360901 0.030498 0.0445858
9.9973E-05 9.9973E-05 0.0655469 0.836022 0.0841515 0.0139798 9.9973E-05
9.9964E-05 9.9964E-05 9.9964E-05 0.966082 9.9964E-05 0.0250673 0.0084512
0.0257777 0.0824745 0.22901 0.382312 0.0544475 0.0157035 0.210275
9.9973E-05 0.112121 0.226753 0.621815 0.039012 9.9973E-05 9.9973E-05
9.9973E-05 0.0670631 0.178192 0.72428 0.030165 9.9973E-05 9.9973E-05
9.9964E-05 0.0418638 9.9964E-05 0.895033 9.9964E-05 9.9964E-05 0.0627034
9.9955E-05 9.9955E-05 0.0195199 0.97998 9.9955E-05 9.9955E-05 9.9955E-05
9.9973E-05 0.0245791 0.0671786 0.9057 0.00224195 9.9973E-05 9.9973E-05
9.9955E-05 0.00983908 9.9955E-05 0.989661 9.9955E-05 9.9955E-05 9.9955E-05
0.025743 0.0517441 0.143837 0.6606 0.052975 0.0401923 0.0249089
9.9973E-05 0.0198591 9.9973E-05 0.903625 9.9973E-05 0.0344675 0.0417485
0.633851 0.307137 9.9973E-05 0.0291538 9.9973E-05 9.9973E-05 0.0295584
0.219827 0.163414 0.422397 0.0452287 0.0825333 9.9991E-05 0.0664998
0.197605 0.227214 0.43596 0.0334513 0.100076 0.00559358 9.9991E-05
0.511961 0.159524 0.196292 0.117102 0.00270746 9.9991E-05 0.0123135
0.0769138 0.115545 0.449283 0.190139 0.0203784 0.0773717 0.0703693
0.34449 0.266566 0.26356 0.0502113 9.9982E-05 0.0749724 9.9982E-05
0.122907 0.220344 0.499012 0.0426607 0.0333989 0.0815783 9.9991E-05
0.28671 0.129059 0.302738 0.2013 9.9982E-05 0.0799936 9.9982E-05
0.249937 0.0920414 0.44554 0.126598 0.008608 9.9991E-05 0.0771755
0.295626 0.148691 0.363904 0.181983 9.9982E-05 9.9982E-05 0.00959568
0.151271 0.180864 0.421419 0.0769808 0.000286637 0.120104 0.0490747
0.0370266 0.820161 0.0339588 9.9973E-05 0.108554 9.9973E-05 9.9973E-05
0.0540018 0.906856 9.9973E-05 0.0245473 0.0142946 9.9973E-05 9.9973E-05
9.9964E-05 0.94336 9.9964E-05 9.9964E-05 0.019794 0.0364463 9.9964E-05
0.0121253 0.895598 0.0169374 9.9973E-05 0.075039 9.9973E-05 9.9973E-05
9.9982E-05 0.863324 0.000450177 0.0808447 0.0332461 9.9982E-05 0.0219351
0.0126379 0.893321 9.9964E-05 0.0936414 9.9964E-05 9.9964E-05 9.9964E-05
9.9973E-05 0.898629 0.0507097 0.0499327 9.9973E-05 9.9973E-05 0.000428516
0.06538 0.890023 0.0125048 9.9982E-05 0.000558748 0.0313335 9.9982E-05
9.9982E-05 0.891797 0.0682685 0.0151026 9.9982E-05 0.000218837 0.0244134
0.061558 0.829827 0.0272411 0.0810741 9.9973E-05 9.9973E-05 9.9973E-05
9.9973E-05 0.613029 9.9973E-05 9.9973E-05 0.0932353 0.0688367 0.224599
9.9982E-05 0.572292 9.9982E-05 0.0011093 0.176334 0.0111383 0.238926
0.130969 0.504224 9.9973E-05 9.9973E-05 0.0982066 9.9973E-05 0.2663
0.058015 0.449821 9.9982E-05 9.9982E-05 0.132409 0.0489644 0.310592
9.9982E-05 0.0459385 0.523724 9.9982E-05 0.0885026 0.206383 0.135252
0.0968613 9.9991E-05 0.398229 0.0630811 0.0478345 0.236181 0.157713
9.9991E-05 0.0136423 0.508038 0.0727767 0.100992 0.184687 0.119764
0.066247 9.9982E-05 0.393078 9.9982E-05 0.116967 0.299348 0.124159
9.9973E-05 9.9973E-05 0.0881486 9.9973E-05 0.325584 0.17039 0.415577
0.0209328 0.051124 0.626799 0.0701129 0.0548636 0.176068 9.9991E-05
0.00196598 0.00461246 0.570887 9.9991E-05 0.0238295 0.298507 0.100098
0.0150318 9.9991E-05 0.462449 0.0106465 0.0821124 0.343618 0.0860427
0.0643852 9.9973E-05 0.352733 0.0769416 9.9973E-05 0.50564 9.9973E-05
9.9991E-05 0.0203295 0.579053 0.0924352 0.146594 0.158294 0.00319364
9.9973E-05 9.9973E-05 0.427194 9.9973E-05 0.128106 0.422285 0.0221155
0.159615 9.9964E-05 9.9964E-05 9.9964E-05 0.0585305 0.781454 9.9964E-05
0.0953073 0.045888 0.565891 9.9991E-05 0.0834593 0.153591 0.0557632
0.20454 0.050747 0.225592 0.00492757 9.9982E-05 0.513994 9.9982E-05
9.9991E-05 0.0248175 0.495301 0.0115295 0.0513497 0.416736 0.000166968
9.9982E-05 0.0389062 0.0841408 9.9982E-05 0.0989832 0.663466 0.114304
0.115412 0.0808537 0.0317695 0.00357599 0.768189 9.9982E-05 9.9982E-05
0.0527272 0.0337365 0.0795679 9.9973E-05 0.833669 9.9973E-05 9.9973E-05
0.0671652 9.9964E-05 0.0207811 9.9964E-05 0.911654 9.9964E-05 9.9964E-05
0.0538768 0.0523298 9.9973E-05 9.9973E-05 0.86065 0.0328439 9.9973E-05
0.0456673 9.9973E-05 0.0245097 0.0723643 0.857159 9.9973E-05 9.9973E-05
9.9964E-05 9.9964E-05 0.0703569 0.0732847 0.855959 9.9964E-05 9.9964E-05
9.9973E-05 0.868892 0.0685392 0.0473975 9.9973E-05 0.0148712 9.9973E-05
9.9973E-05 0.844295 0.0939272 0.0214463 9.9973E-05 9.9973E-05 0.0400321
9.9982E-05 0.757192 0.115577 0.0934168 0.0150569 9.9982E-05 0.0185579
9.9973E-05 0.75138 0.0420606 0.113442 9.9973E-05 9.9973E-05 0.0928171
9.9991E-05 0.823766 0.108493 0.0317387 0.00170037 0.00704331 0.0271582
0.00178479 0.365186 0.00388582 9.9991E-05 0.502609 0.00942994 0.117005
0.11317 0.481476 9.9973E-05 9.9973E-05 0.333639 0.0714155 9.9973E-05
0.0409209 0.44838 9.9982E-05 9.9982E-05 0.415227 0.0666055 0.0286671
9.9973E-05 0.80223 0.152383 0.0204754 0.0246107 9.9973E-05 9.9973E-05
0.043075 0.374408 9.9973E-05 9.9973E-05 0.478877 0.10334 9.9973E-05
0.206264 0.159681 0.282074 0.351681 9.9973E-05 9.9973E-05 9.9973E-05
9.9991E-05 0.0826639 0.527641 0.178726 0.0848519 0.123137 0.0028796
9.9973E-05 0.162368 0.488705 0.299364 0.049263 9.9973E-05 9.9973E-05
0.111892 0.271035 0.360369 0.2407 0.0158039 9.9982E-05 9.9982E-05
0.0178256 0.146806 0.535244 0.195974 0.0329031 0.03726 0.0339878
0.274331 0.435607 9.9964E-05 0.289662 9.9964E-05 9.9964E-05 9.9964E-05
0.03878 9.9991E-05 0.383227 0.0195405 0.172838 0.196673 0.188842
0.230137 9.9982E-05 0.393307 9.9982E-05 0.103795 0.0869883 0.185572
0.0221466 0.0805599 0.132486 0.0315226 0.0880612 0.0579718 0.587252
0.22746 9.9982E-05 0.523689 9.9982E-05 0.0300501 0.0696959 0.148905
0.573861 9.9973E-05 9.9973E-05 9.9973E-05 0.0713361 0.218768 0.135734
0.0850531 0.0883909 0.526764 0.0564711 0.0413248 0.130921 0.0710753
0.133784 9.9982E-05 0.467009 9.9982E-05 0.100956 0.127746 0.170305
0.0428696 0.0617084 0.240718 9.9991E-05 0.106474 0.0962452 0.451885
0.0623601 0.0274556 0.585667 9.9991E-05 0.0760726 0.0691863 0.179158
0.369678 9.9982E-05 0.0535755 9.9982E-05 0.0200532 0.150463 0.406031
0.190829 9.9991E-05 0.465904 0.0618776 0.056811 0.155915 0.0685622
0.124838 9.9991E-05 0.458361 0.0656031 0.147796 0.0139386 0.189363
0.0812597 0.140708 0.353734 0.226842 0.0939794 0.103377 9.9991E-05
0.268042 9.9982E-05 0.362058 9.9982E-05 0.0973942 0.0325117 0.239794
0.0611099 9.9991E-05 0.394351 0.018745 0.182465 0.0926008 0.250628
0.167238 9.9991E-05 0.418905 0.0772292 0.0077037 0.0986663 0.230158
0.0265748 0.0312056 0.576607 9.9991E-05 0.155904 0.148354 0.0612542
0.0641574 9.9991E-05 0.548212 0.119131 0.0637215 0.0974171 0.107261
0.0824103 0.0912572 0.45403 0.077395 0.112847 0.0985485 0.0835116
0.0938123 0.0721993 0.50722 0.0617053 0.128541 0.0622457 0.074277
9.9964E-05 0.784204 0.130785 0.0846115 9.9964E-05 9.9964E-05 9.9964E-05
9.9973E-05 0.83228 0.0646236 0.0509683 9.9973E-05 0.0518282 9.9973E-05
0.0437187 0.771804 0.101322 9.9991E-05 0.0349214 0.0291374 0.0189963
9.9982E-05 0.800742 0.0141831 0.0583429 0.0365434 0.0899889 9.9982E-05
9.9973E-05 0.819305 0.112928 0.0384551 9.9973E-05 0.0290126 9.9973E-05
9.9982E-05 9.9982E-05 0.107234 0.0363675 0.246604 0.0205846 0.589011
0.0676592 0.0779662 0.468256 0.108084 9.9991E-05 0.0509603 0.226974
0.146214 0.269347 0.370639 0.198511 0.0150884 9.9982E-05 9.9982E-05
0.0513437 0.0430423 0.60483 0.0144187 9.9982E-05 9.9982E-05 0.286165
9.9982E-05 0.00945207 0.471784 9.9982E-05 0.125108 0.185069 0.208388
0.261106 9.9991E-05 0.301836 0.0331547 0.168282 0.00167263 0.233849
0.0964239 0.103612 9.9982E-05 9.9982E-05 0.227102 0.0689003 0.503762
9.9982E-05 0.0259053 0.460664 9.9982E-05 0.211696 0.088136 0.213399
0.108052 0.0653731 0.128676 0.0135865 0.235103 0.0678934 0.381316
0.0765631 0.0153541 0.405826 0.0813124 0.0938891 0.140885 0.18617
0.00330307 0.133723 0.0569855 0.00914123 0.18422 0.140896 0.471731
9.9982E-05 0.103833 0.595887 0.0676784 0.141614 9.9982E-05 0.0907871
9.9982E-05 0.0992207 0.151974 9.9982E-05 0.116146 0.0732314 0.559227
0.161615 0.0715984 0.318945 0.0305464 0.110228 0.0678487 0.239218
0.219506 0.0244693 0.531134 9.9991E-05 0.0569427 0.089257 0.0785912
0.47227 0.0264516 0.399266 9.9991E-05 0.0692178 0.00839241 0.0243019
0.221452 0.0620613 0.575714 9.9982E-05 0.0898799 0.0506929 9.9982E-05
0.143276 0.0842658 0.619585 9.9991E-05 0.00193654 0.0504759 0.100361
0.474442 9.9982E-05 0.405999 9.9982E-05 0.085524 0.0295242 0.00431058
0.0992035 0.112889 0.429914 0.0266787 0.0384988 0.195492 0.0973237
0.258113 0.0149049 0.584795 9.9982E-05 0.0153416 0.126645 9.9982E-05
0.629059 9.9973E-05 0.144247 9.9973E-05 0.0821239 0.14427 9.9973E-05
0.626141 9.9973E-05 0.302972 9.9973E-05 0.061361 0.00922597 9.9973E-05
0.271218 0.0512299 0.567736 9.9982E-05 0.0538614 0.0557541 9.9982E-05
0.523874 9.9982E-05 0.140023 9.9982E-05 0.0520098 0.196611 0.0872822
0.292775 9.9982E-05 0.477996 9.9982E-05 0.0660504 0.0965973 0.0663812
0.0127217 0.031454 0.0319428 0.00536655 0.228965 0.178839 0.510712
0.228244 9.9982E-05 0.255106 9.9982E-05 0.171184 0.122252 0.223014
0.0165852 0.0310368 0.246751 0.0544051 0.152288 0.15087 0.348064
0.023906 0.0140413 0.549337 0.0704473 0.0670405 0.0831348 0.192093
0.0251499 9.9991E-05 0.213464 0.00974845 0.218872 0.243312 0.289354
0.145909 0.0879567 0.514353 0.0942585 0.0450802 0.0842446 0.0281984
9.9991E-05 0.0474197 0.518491 0.115851 0.166395 0.0461715 0.105572
9.9982E-05 9.9982E-05 0.465302 0.100877 0.129374 0.0600515 0.244196
0.0687076 0.0323032 0.427515 0.0831436 0.114593 0.0974768 0.176261
9.9991E-05 0.0193342 0.359042 0.0369926 0.270428 0.202809 0.111295
9.9982E-05 9.9982E-05 0.18005 0.0510727 0.183386 0.14142 0.443872
0.0486948 9.9991E-05 0.266339 0.110379 0.216988 0.167465 0.190035
0.0707542 9.9991E-05 0.507304 0.0634402 0.110113 0.0929141 0.155374
0.0103436 0.137442 0.600627 9.9991E-05 0.0250956 0.144051 0.0823413
0.0925359 0.098065 0.44292 9.9991E-05 0.124853 0.126304 0.115222
0.0220959 9.9991E-05 0.589264 0.0466241 0.172645 0.0291587 0.140112
0.0752254 0.055058 0.384977 0.00575184 0.22382 9.9991E-05 0.255068
9.9991E-05 0.0429752 0.573658 0.0492447 0.0789904 0.132548 0.122485
0.0610316 0.0157492 0.468936 0.0411977 0.177337 0.0373125 0.198436
0.0181083 0.0718111 0.513544 0.0431645 0.092639 0.140402 0.120331
9.9973E-05 0.310083 0.48891 0.0733758 9.9973E-05 9.9973E-05 0.127331
0.0599684 0.136362 0.39078 0.242547 9.9991E-05 0.114699 0.0555442
0.0101851 0.139137 0.555457 0.0967861 9.9991E-05 0.140128 0.0582077
9.9991E-05 0.130648 0.592519 0.0664618 0.0511694 0.0106426 0.148459
0.0732258 0.124788 0.456498 0.200443 9.9991E-05 0.11415 0.0307947
0.189133 9.9982E-05 0.441821 0.0364913 9.9982E-05 0.012377 0.319978
0.0134322 0.204084 0.559352 0.129068 9.9982E-05 9.9982E-05 0.093864
0.439349 0.218199 0.0395818 0.117501 9.9991E-05 0.0404687 0.144801
0.129273 0.131739 0.481023 0.15421 0.00244565 9.9991E-05 0.101209
0.0944082 0.0952711 0.577832 0.157316 0.0273554 9.9991E-05 0.0477172
0.143218 0.00788602 0.458986 0.273163 0.00458338 9.9991E-05 0.112064
0.246944 0.145959 0.238637 0.132183 9.9991E-05 0.0831655 0.153012
0.0593541 0.182361 0.464599 0.198778 9.9991E-05 0.0510352 0.0437727
0.0507174 0.154813 0.539034 0.157698 9.9982E-05 9.9982E-05 0.097538
0.346345 0.465214 9.9964E-05 0.188041 9.9964E-05 9.9964E-05 9.9964E-05
0.025454 0.161601 0.555767 0.138055 9.9982E-05 9.9982E-05 0.118923
0.0766089 0.139557 0.505558 0.244737 9.9982E-05 9.9982E-05 0.0333396
0.052558 0.12629 0.486381 0.162603 0.0054654 0.0735681 0.0931331
0.0594601 0.186305 0.545859 0.182917 9.9982E-05 9.9982E-05 0.025259
0.040517 0.192973 0.481623 0.155806 9.9982E-05 9.9982E-05 0.128882
0.244127 0.01134 0.408072 0.12224 9.9991E-05 0.172201 0.0419198
0.153619 9.9982E-05 0.443419 0.119524 0.0666207 0.216617 9.9982E-05
0.530271 9.9982E-05 0.0495135 9.9982E-05 0.0037688 0.304619 0.111628
0.606922 9.9973E-05 0.0620527 9.9973E-05 0.0599052 0.27082 9.9973E-05
0.230249 0.0254415 0.455241 0.100273 9.9991E-05 0.0128998 0.175795
0.139273 0.0588812 0.401795 0.314261 9.9982E-05 9.9982E-05 0.08559
0.252001 0.0625023 0.363193 0.322004 9.9973E-05 9.9973E-05 9.9973E-05
0.226299 0.183991 0.242629 0.271243 9.9982E-05 9.9982E-05 0.0756377
0.209092 0.129632 0.348718 0.261373 9.9982E-05 9.9982E-05 0.0509843
0.684155 0.00892286 0.120069 0.100243 9.9982E-05 0.08641 9.9982E-05
0.571082 0.00115205 0.203832 0.0950443 0.0106416 0.118148 9.9991E-05
0.235645 9.9982E-05 0.557687 0.0886546 9.9982E-05 0.0889338 0.0288801
0.260364 0.0279811 0.472246 0.124662 9.9982E-05 0.114546 9.9982E-05
0.486534 0.0253333 0.244423 0.118114 0.0158171 0.109678 9.9991E-05
0.279488 0.0592916 0.452901 0.111701 9.9991E-05 0.0197757 0.0767434
0.2067 9.9982E-05 0.54814 0.161818 0.0690528 0.0140888 9.9982E-05
0.0707131 0.140995 0.430711 0.0810411 9.9991E-05 0.13631 0.140129
0.317097 9.9982E-05 0.390326 9.9982E-05 0.0876794 0.171856 0.0328415
0.276072 0.0156645 0.360303 9.9991E-05 0.00042603 0.229962 0.117473
0.269472 0.00354791 0.498498 0.0462231 0.0914414 0.0842698 0.00654775
0.207549 0.0865377 0.363287 0.0202155 0.172104 0.150207 9.9991E-05
0.294089 0.0337151 0.456772 0.0555 0.116595 0.0412733 0.00205496
0.427348 9.9964E-05 0.545993 9.9964E-05 9.9964E-05 0.0262589 9.9964E-05
0.475971 9.9982E-05 0.247903 9.9982E-05 0.105069 0.157848 0.0130086
0.225509 9.9973E-05 0.541237 0.088921 9.9973E-05 0.144033 9.9973E-05
0.45532 9.9982E-05 0.259254 9.9982E-05 0.0294483 0.250465 0.00531333
0.288616 9.9991E-05 0.45428 0.00661788 0.0432207 0.176546 0.0306194
0.178286 0.068867 0.579354 0.0210717 0.0507459 0.101575 9.9991E-05
0.162105 0.0295637 0.580748 0.0908093 0.00839275 0.128282 9.9991E-05
0.205492 0.0962979 0.451458 0.19644 9.9991E-05 0.0464211 0.00379066
0.175063 0.20962 0.465547 0.0767655 0.0380482 9.9991E-05 0.0348562
0.200373 0.113927 0.323255 0.293445 0.0112876 0.00894158 0.048771
0.145772 0.10021 0.255682 0.226956 0.118917 0.0260375 0.126425
0.0752827 0.0780967 0.361063 0.239748 0.0905194 0.0454386 0.109852
0.136779 0.0977141 0.425741 0.204081 0.105387 0.0301985 9.9991E-05
0.550603 0.162785 9.9982E-05 0.165786 0.0435102 0.0771155 9.9982E-05
0.159583 0.0609396 0.528961 0.225648 0.0246693 9.9982E-05 9.9982E-05
0.544367 0.344656 9.9964E-05 0.110577 9.9964E-05 9.9964E-05 9.9964E-05
0.21433 0.0258899 0.551135 0.20731 9.9982E-05 0.0011356 9.9982E-05
0.517139 9.9964E-05 0.131887 9.9964E-05 9.9964E-05 0.350574 9.9964E-05
0.564273 9.9964E-05 9.9964E-05 9.9964E-05 9.9964E-05 0.369378 0.0659486
0.217822 9.9973E-05 0.50619 9.9973E-05 9.9973E-05 0.195068 0.0806196
0.245453 9.9973E-05 0.5235 0.0886167 9.9973E-05 0.14213 9.9973E-05
0.369452 9.9973E-05 0.382575 9.9973E-05 0.0694012 0.178272 9.9973E-05
0.152102 9.9973E-05 0.569944 9.9973E-05 0.0250648 0.252589 9.9973E-05
0.26433 9.9982E-05 0.527701 9.9982E-05 0.000545828 0.20563 0.00159314
0.0505417 0.738432 0.0654423 0.0812232 9.9982E-05 0.0641611 9.9982E-05
0.00209272 0.723507 9.9991E-05 0.101186 0.118217 0.0194356 0.035461
9.9973E-05 0.876665 9.9973E-05 0.0677314 0.0485717 9.9973E-05 0.00673228
9.9955E-05 0.934021 0.0654793 9.9955E-05 9.9955E-05 9.9955E-05 9.9955E-05
9.9991E-05 0.05528 0.5252 0.0182747 0.0441178 0.308213 0.0488142
9.9982E-05 0.0812695 0.437477 0.0481749 9.9982E-05 0.431283 0.00159582
9.9973E-05 0.0125664 0.452581 9.9973E-05 9.9973E-05 0.451286 0.0832664
0.0547297 0.0727756 0.626583 0.00272452 0.0531648 0.153288 0.0367343
0.14434 0.08274 0.472665 0.0575829 0.071208 0.13916 0.0323053
0.0556887 0.000375386 0.178634 0.0631983 0.0279974 0.520755 0.153351
9.9982E-05 9.9982E-05 0.542153 0.0494981 0.00747555 0.398481 0.00219313
0.128176 9.9964E-05 0.29667 9.9964E-05 9.9964E-05 0.574755 9.9964E-05
0.0744805 0.291826 0.435808 0.115108 9.9982E-05 9.9982E-05 0.0825778
0.143202 9.9982E-05 0.417269 0.0422239 0.0148787 0.382227 9.9982E-05
0.0389292 9.9991E-05 0.254834 0.0197172 0.0597281 0.504939 0.121753
0.0199466 9.9973E-05 0.546921 9.9973E-05 9.9973E-05 0.423701 0.00913087
9.9982E-05 0.0313094 0.365659 9.9982E-05 0.0128273 0.454944 0.13506
0.121976 9.9973E-05 0.559109 0.0096193 9.9973E-05 0.308995 9.9973E-05
0.00447743 0.0453528 0.576235 9.9982E-05 9.9982E-05 0.347598 0.0261373
0.0825836 9.9964E-05 0.0133979 9.9964E-05 9.9964E-05 0.903619 9.9964E-05
0.105039 0.00991284 0.250109 9.9991E-05 0.0348654 0.512145 0.0878289
9.9982E-05 0.001744 0.244624 0.0515091 0.102168 0.599755 9.9982E-05
0.19218 9.9955E-05 9.9955E-05 9.9955E-05 9.9955E-05 0.80732 9.9955E-05
9.9991E-05 0.1036 0.397671 0.00787812 0.0704952 0.352466 0.0677895
0.231771 9.9973E-05 0.10133 0.00842195 9.9973E-05 0.658177 9.9973E-05
0.256384 9.9964E-05 9.9964E-05 9.9964E-05 0.0489911 0.694226 9.9964E-05
0.0166281 0.0767478 0.535988 0.0365649 9.9982E-05 0.333872 9.9982E-05
0.0497511 0.0356897 0.154612 9.9991E-05 0.0662348 0.620217 0.0733958
9.9982E-05 9.9982E-05 0.352676 0.098201 0.0899327 0.404543 0.0544478
9.9982E-05 0.114535 0.571811 0.0244248 9.9982E-05 0.172387 0.116642
9.9982E-05 9.9982E-05 0.39619 0.0323399 0.0594587 0.455834 0.0559778
0.309471 9.9982E-05 0.363929 9.9982E-05 0.132236 0.0133526 0.180812
0.0264439 0.0029336 0.520226 0.025646 0.0319035 0.392747 9.9991E-05
9.9991E-05 0.0387593 0.502184 0.0108717 0.0234957 0.287643 0.136946
0.0306122 9.9982E-05 0.320851 0.00368024 0.0172525 0.627404 9.9982E-05
0.0190273 0.036739 0.563032 0.0528911 0.0519482 0.222326 0.0540366
0.101558 0.618219 9.9982E-05 0.0153575 0.210489 9.9982E-05 0.0541761
0.0354412 0.755536 0.0620897 0.0208386 0.067325 0.0510269 0.00774267
0.0555427 0.816093 9.9973E-05 9.9973E-05 0.123362 9.9973E-05 0.00470236
0.0345941 0.775754 9.9982E-05 9.9982E-05 0.165647 0.0193081 0.00449693
0.0169976 0.698317 0.0323132 9.9982E-05 0.148061 9.9982E-05 0.104111
9.9982E-05 0.0193638 9.9982E-05 0.04466 0.077451 0.764885 0.0934404
0.0456542 0.0764582 0.0505913 9.9991E-05 0.0579445 0.692846 0.0764057
0.14141 9.9964E-05 0.122018 9.9964E-05 9.9964E-05 0.736173 9.9964E-05
9.9991E-05 0.0920098 0.481478 0.0860328 0.0627315 0.242984 0.034664
9.9982E-05 0.0669131 0.453332 0.12892 0.0982012 0.252433 9.9982E-05
0.115748 0.073409 0.230141 0.007118 9.9982E-05 0.573384 9.9982E-05
0.039869 9.9982E-05 0.556461 0.0606254 9.9982E-05 0.280365 0.0624795
0.0666663 0.0630496 0.298569 0.080821 9.9982E-05 0.490695 9.9982E-05
9.9991E-05 0.033102 0.47499 0.028177 0.0162747 0.331848 0.115509
9.9982E-05 0.0399084 0.602015 0.0791975 0.0622045 0.216475 9.9982E-05
0.0183775 9.9991E-05 0.197311 0.0273061 0.0661472 0.572746 0.118013
9.9991E-05 0.0297665 0.32815 0.00147745 0.0177545 0.583882 0.0388703
9.9973E-05 9.9973E-05 0.344652 9.9973E-05 0.0492441 0.494468 0.111335
0.0834573 0.152405 0.576262 0.0206545 0.0475857 9.9991E-05 0.119536
9.9982E-05 0.0488811 0.362365 9.9982E-05 0.0348251 0.508824 0.0449045
0.0496687 0.0410325 0.450355 9.99827E-05 0.0394012 0.419343 9.99827E-05
0.00731575 0.0805692 0.431223 0.439992 0.0317649 0.00903524 9.9991E-05
0.0691849 0.0684869 0.352774 0.464984 0.0151023 9.9991E-05 0.0293675
0.00722193 0.0932562 0.377813 0.45335 0.0538114 0.0144473 9.9991E-05
0.0855762 0.104365 0.294749 0.512302 9.9982E-05 0.00280797 9.9982E-05
0.13665 0.0603798 0.454589 0.307662 0.00351335 9.9991E-05 0.0371066
0.136878 0.00811572 0.470908 0.0871212 9.9991E-05 0.287212 0.00966557
0.0637899 0.279778 0.0616887 0.594443 9.9973E-05 9.9973E-05 9.9973E-05
9.9973E-05 0.168233 0.243972 0.471334 9.9973E-05 0.116161 9.9973E-05
0.220444 0.164184 0.362422 0.145392 0.0107581 0.0966994 9.9991E-05
0.233343 0.0936976 0.526852 9.9982E-05 0.0145511 9.9982E-05 0.131356
0.339526 0.0703425 0.433826 9.9991E-05 0.0793763 0.0316896 0.04514
0.130739 0.0955308 0.596712 0.0112404 0.0578831 0.052361 0.0555332
0.070219 0.0714049 0.531672 0.063043 0.0645293 0.113313 0.0858196
9.9964E-05 0.195206 0.353953 0.450441 9.9964E-05 9.9964E-05 9.9964E-05
0.0116293 0.112485 0.290565 0.383825 9.9991E-05 0.0866238 0.114772
0.0138523 0.0958916 0.41157 0.478387 9.9973E-05 9.9973E-05 9.9973E-05
0.106544 0.108056 0.425117 0.284984 0.0750988 9.9982E-05 9.9982E-05
0.113107 0.10754 0.284125 0.494928 9.9973E-05 9.9973E-05 9.9973E-05
0.141782 0.0856512 0.327525 0.371242 0.00206688 0.0624788 0.00925508
0.142465 0.102957 0.214871 0.539406 9.9973E-05 9.9973E-05 9.9973E-05
0.102134 0.0546279 0.36904 0.405821 0.060908 0.00736971 9.9991E-05
0.256133 0.0874942 0.561228 9.9973E-05 9.9973E-05 0.0948448 9.9973E-05
0.110632 0.163614 0.301929 0.382471 0.0411535 9.9982E-05 9.9982E-05
0.0315324 0.175351 0.177147 0.61567 9.9973E-05 9.9973E-05 9.9973E-05
0.0263986 0.167054 0.335171 0.323829 0.0805665 0.066882 9.9991E-05
0.297193 0.1246 0.195875 9.9982E-05 0.130672 9.9982E-05 0.251461
0.196538 9.9973E-05 0.569266 0.0891733 9.9973E-05 9.9973E-05 0.144723
0.0322387 0.163563 0.372216 0.295576 0.0387438 0.0975619 9.9991E-05
0.169872 0.0907471 0.621102 0.021615 0.0514088 9.9991E-05 0.0451554
0.122919 0.194406 0.479592 9.9991E-05 0.000611643 0.0833405 0.11903
9.9982E-05 0.25841 0.435324 0.207467 9.9982E-05 0.0918956 0.00670326
0.0874111 0.193126 0.31934 0.29661 9.9982E-05 9.9982E-05 0.103313
0.0740399 0.106677 0.563014 0.0936404 0.0216344 0.140894 9.9991E-05
9.9973E-05 0.138831 0.318202 0.407603 9.9973E-05 0.135064 9.9973E-05
0.0493045 0.0621439 0.402179 0.475154 9.9982E-05 9.9982E-05 0.0110179
0.0646963 0.192881 0.194467 0.547656 9.9973E-05 9.9973E-05 9.9973E-05
0.137879 0.0833974 0.623169 0.0645407 0.0846731 0.00624064 9.9991E-05
0.199208 0.111302 0.428664 9.9991E-05 0.0170399 0.0776345 0.166051
0.675338 0.086159 0.213611 9.9973E-05 0.0245921 9.9973E-05 9.9973E-05
0.152932 0.090631 0.586083 0.0716465 0.00607028 0.0773252 0.0153127
0.163842 0.0445702 0.430024 0.0829754 0.164509 0.00241535 0.111664
0.122852 0.215618 0.395287 0.140633 9.9991E-05 0.0743666 0.0511436
0.137464 0.149902 0.496421 0.071986 0.144027 9.9982E-05 9.9982E-05
0.521208 0.294315 9.9964E-05 0.184077 9.9964E-05 9.9964E-05 9.9964E-05
0.622473 0.290703 9.9964E-05 0.0864241 9.9964E-05 9.9964E-05 9.9964E-05
0.367115 0.123996 0.307028 0.12628 0.0753808 9.9982E-05 9.9982E-05
0.425147 0.292452 0.0252001 0.155906 9.9982E-05 9.9982E-05 0.101095
0.391614 0.40762 9.9964E-05 0.200365 9.9964E-05 9.9964E-05 9.9964E-05
0.297217 0.102241 0.365253 0.144675 0.0655709 9.9991E-05 0.0249427
0.218597 0.187082 0.359971 0.116715 0.00279823 0.095917 0.0189189
0.304866 0.23381 0.158666 0.178672 0.0694044 0.0544818 9.9991E-05
0.426868 0.246168 0.123419 0.155115 9.9982E-05 9.9982E-05 0.0482296
0.151788 0.0830391 0.424669 0.163151 0.0632335 9.9991E-05 0.114019
0.4327 0.195625 0.173965 0.101818 9.9991E-05 0.00503782 0.0907527
0.525479 0.433435 9.9964E-05 0.0406862 9.9964E-05 9.9964E-05 9.9964E-05
0.0563195 0.0793533 0.408212 0.2581 9.9991E-05 0.00205746 0.195858
0.148559 0.1942 0.388648 0.186517 0.0818764 9.9982E-05 9.9982E-05
9.9991E-05 0.270032 0.43815 0.143938 0.0289471 0.0434531 0.0753797
9.9964E-05 0.203156 0.537784 0.258661 9.9964E-05 9.9964E-05 9.9964E-05
9.9991E-05 0.22004 0.489308 0.18664 0.0264006 0.0385441 0.0389668
0.0169787 0.17407 0.54387 0.194247 9.9991E-05 0.0151568 0.0555775
9.9973E-05 0.353286 0.314122 0.229435 9.9973E-05 9.9973E-05 0.102858
9.9982E-05 0.207755 0.590477 0.0850209 0.0603481 0.0561989 9.9982E-05
9.9982E-05 0.232855 0.448608 0.290801 9.9982E-05 0.022704 0.0048318
0.217218 0.214159 0.301761 0.249582 0.0170805 9.9982E-05 9.9982E-05
0.0289338 0.160158 0.166041 0.151917 0.0371291 0.280148 0.175673
9.9982E-05 0.162616 0.44176 0.117462 9.9982E-05 0.131148 0.146815
9.9982E-05 0.0761453 0.377338 0.287117 0.0643322 0.194868 9.9982E-05
0.0316363 0.116073 0.556861 0.0846124 0.0315677 0.17915 9.9991E-05
0.056113 0.265349 0.460747 0.174862 0.0427287 9.9982E-05 9.9982E-05
0.0768326 0.134186 0.497631 0.185431 0.0318284 0.0019426 0.0721474
0.270571 0.360265 0.190677 0.170608 9.9982E-05 0.00767917 9.9982E-05
9.9982E-05 0.181206 0.565573 0.191934 0.0261658 0.0349217 9.9982E-05
0.257423 0.258821 0.208246 0.264982 9.9982E-05 9.9982E-05 0.0103289
0.0239889 0.77911 9.9982E-05 0.0277665 0.111045 0.0578894 9.9982E-05
9.9991E-05 0.0289376 0.0777434 0.0155145 0.685531 0.021987 0.170186
9.9955E-05 9.9955E-05 9.9955E-05 9.9955E-05 0.907485 9.9955E-05 0.0920148
9.9973E-05 0.00168478 0.0045318 9.9973E-05 0.931907 9.9973E-05 0.0615763
0.0457815 9.9964E-05 0.0519174 9.9964E-05 0.901901 9.9964E-05 9.9964E-05
9.9964E-05 9.9964E-05 9.9964E-05 0.060821 0.814462 9.9964E-05 0.124317
9.9964E-05 0.00174502 0.100115 9.9964E-05 0.89774 9.9964E-05 9.9964E-05
0.00438304 0.0377864 9.9982E-05 9.9982E-05 0.864374 0.0155396 0.0777165
9.9973E-05 0.165583 9.9973E-05 0.0194816 0.766837 9.9973E-05 0.0477981
9.9982E-05 0.892864 0.0360712 0.0358619 9.9982E-05 0.00237664 0.0326259
9.9973E-05 0.811164 0.0703535 0.00670406 0.111479 9.9973E-05 9.9973E-05
9.9968E-05 0.885411 9.9968E-05 0.0749989 0.03919 9.9968E-05 9.9968E-05
0.0459201 0.800185 0.0351454 9.9973E-05 9.9973E-05 9.9973E-05 0.118449
9.9973E-05 0.870186 0.00841363 0.0278023 9.9973E-05 9.9973E-05 0.0932986
0.0531373 0.868703 9.9982E-05 0.0568022 0.0167692 9.9982E-05 0.00438861
0.0306177 0.7766 0.0236354 0.125009 0.00241491 0.0416227 9.9991E-05
0.00646402 0.84805 0.0149603 0.101193 9.9982E-05 9.9982E-05 0.0291329
0.00176965 0.704704 9.9982E-05 0.0876856 0.129024 0.0766173 9.9982E-05
9.9982E-05 0.914633 0.00335529 0.0528008 9.9982E-05 0.019833 0.00917761
9.9964E-05 0.967491 9.9964E-05 9.9964E-05 0.0123661 0.0197432 9.9964E-05
0.0363094 0.815326 9.9982E-05 0.06597 0.0553094 9.9982E-05 0.0268848
9.9964E-05 0.895003 9.9964E-05 0.0439451 0.060652 9.9964E-05 9.9964E-05
9.9973E-05 0.868868 0.0832693 0.0289994 0.0185636 9.9973E-05 9.9973E-05
9.9982E-05 0.800403 0.0765081 0.0563364 0.0214413 0.0451111 9.9982E-05
9.9955E-05 0.850929 0.148571 9.9955E-05 9.9955E-05 9.9955E-05 9.9955E-05
9.9964E-05 0.798505 0.10918 0.0919159 9.9964E-05 9.9964E-05 9.9964E-05
9.9973E-05 0.768638 0.124362 0.0836666 9.9973E-05 9.9973E-05 0.0230328
9.9973E-05 0.819761 0.0958029 0.0824731 9.9973E-05 0.0016634 9.9973E-05
0.307807 0.128629 0.471733 9.9982E-05 0.00118091 9.9982E-05 0.0904492
0.15091 0.0347736 0.731844 9.9982E-05 0.0425604 0.0397127 9.9982E-05
0.0313163 0.0941553 0.477598 0.0801324 0.113003 0.0250378 0.178757
0.696968 9.9973E-05 0.198996 9.9973E-05 0.0492169 0.0545193 9.9973E-05
0.142704 0.119946 0.498246 9.9982E-05 0.0429405 9.9982E-05 0.195964
0.716117 0.134928 0.145969 9.9973E-05 0.00268692 9.9973E-05 9.9973E-05
0.252015 0.00870611 0.681308 0.0502349 0.00753622 9.9982E-05 9.9982E-05
0.235325 0.0418598 0.437217 9.9991E-05 0.0924749 0.0693345 0.123689
0.236725 0.0844694 0.53993 9.9982E-05 0.0855914 9.9982E-05 0.0530835
0.0179558 0.0642026 0.464734 0.0477549 9.9991E-05 0.315076 0.0901773
0.20767 0.0605251 0.462914 9.9982E-05 0.12161 9.9982E-05 0.147082
0.120465 0.0972146 0.655386 9.9982E-05 0.0281529 0.0985817 9.9982E-05
0.175857 0.0545016 0.59975 0.019681 0.137665 0.0120488 0.000495534
0.202303 9.9991E-05 0.0189433 0.014871 0.289766 0.279672 0.194345
0.817202 9.9964E-05 0.00816876 9.9964E-05 0.174229 9.9964E-05 9.9964E-05
0.68277 0.0302402 0.228463 9.9973E-05 0.0582277 9.9973E-05 9.9973E-05
0.0712364 0.0860586 0.660834 0.0420493 0.0211861 0.0144617 0.104174
0.237338 0.0487231 0.486694 0.033117 0.0386781 0.0296355 0.125814
0.235712 0.093152 0.563202 9.9973E-05 9.9973E-05 0.107635 9.9973E-05
0.153938 0.0500741 0.638691 9.9982E-05 0.0232747 0.133822 9.9982E-05
0.0515532 0.162577 0.604047 0.0995072 9.9982E-05 9.9982E-05 0.0821153
