9.9964E-05 9.9964E-05 9.9964E-05 0.901772 0.0750266 9.9964E-05 0.0228016
9.9973E-05 0.0189526 0.0459052 0.923259 0.0115833 9.9973E-05 9.9973E-05
9.9982E-05 0.0354595 9.9982E-05 0.815389 0.0040414 0.0492095 0.0957007
9.9982E-05 9.9982E-05 0.02923 0.747989 0.074817 0.088815 0.0589492
9.9973E-05 9.9973E-05 0.04809 0.84495 9.9973E-05 0.00882125 0.0978385
0.150262 0.0571401 0.00516921 0.562138 0.0502643 0.101505 0.0735219
0.161419 9.9982E-05 0.00348288 0.781326 0.0281391 0.0254325 9.9982E-05
0.15315 0.00253292 0.0202834 0.679496 0.0954631 9.9991E-05 0.0489745
0.0323454 0.0448169 0.017058 0.834449 0.071131 9.9982E-05 9.9982E-05
0.159932 9.9982E-05 0.0276007 0.692125 9.9982E-05 0.102334 0.0178087
0.124065 0.0367749 0.0159149 0.708148 0.0720856 0.0429107 9.9991E-05
0.0567465 0.160295 9.9982E-05 9.9982E-05 0.468853 0.281752 0.0321533
9.9982E-05 0.0138987 9.9982E-05 0.0359945 0.351964 0.512372 0.0855708
0.0534684 0.0750773 0.110778 9.9991E-05 0.430122 0.194026 0.136428
9.999E-05 0.0355597 0.0450053 0.052643 0.396549 0.324485 0.145658
0.0855004 0.0687222 9.9991E-05 0.100425 0.234566 0.398538 0.112149
0.0819728 9.9991E-05 0.0603081 0.0180123 0.145741 0.606344 0.0875223
0.128545 0.177518 9.9982E-05 9.9982E-05 0.174125 0.41762 0.101993
9.9982E-05 0.128602 9.9982E-05 0.135454 0.287803 0.362789 0.0851522
0.168952 0.0824709 0.00215202 0.0379206 0.64167 0.0452127 0.0216224
0.040298 0.129468 0.0647587 9.9991E-05 0.29482 0.345584 0.124971
0.125289 0.0835738 0.142458 0.0319305 0.0959497 0.455802 0.0649969
0.0795385 0.0617429 0.0416677 0.0392797 0.190203 0.587469 9.9991E-05
0.101191 0.127095 9.9982E-05 9.9982E-05 0.366693 0.277233 0.127588
0.0426792 0.0748337 9.9991E-05 0.135057 0.102184 0.583973 0.0611728
0.0837065 0.0480201 0.0524089 0.0114252 0.180493 0.514133 0.109814
9.999E-05 0.20287 0.0351501 0.0513896 0.459816 0.156728 0.0939462
0.0826787 0.0979661 9.9991E-05 0.00392346 0.408563 0.216592 0.190177
0.09883 0.14835 0.0736547 9.9991E-05 0.364628 0.272182 0.0422549
9.9964E-05 9.9964E-05 9.9964E-05 0.813911 9.9964E-05 0.158193 0.0274958
9.9964E-05 9.9964E-05 0.0337069 0.833209 9.9964E-05 0.132685 9.9964E-05
9.9964E-05 0.00616074 9.9964E-05 0.803341 9.9964E-05 0.190098 9.9964E-05
9.9973E-05 0.00448869 9.9973E-05 0.762863 9.9973E-05 0.150164 0.0821848
0.0690327 0.0952229 0.117685 0.0684982 0.050105 0.599356 9.9991E-05
9.9982E-05 0.292155 9.9982E-05 0.157152 0.034949 0.467297 0.0482468
0.0173495 0.354358 0.111326 9.9982E-05 9.9982E-05 0.492826 0.0239406
0.0412669 0.127308 0.00216171 0.0686357 0.546589 0.213938 9.9991E-05
0.0604977 0.530521 0.0135873 9.9982E-05 9.9982E-05 0.297502 0.0976927
0.0280085 0.200389 0.0976063 0.0956074 0.0720842 0.506205 9.9991E-05
0.0300167 0.216162 9.9982E-05 0.0146709 9.9982E-05 0.653674 0.0852763
0.13761 0.157305 0.00847616 0.105669 0.00323348 0.587606 9.9991E-05
0.044577 0.147478 0.02097 0.10778 0.0132552 0.625759 0.040181
0.0156262 0.675514 9.9982E-05 0.057583 0.129834 0.121243 9.9982E-05
0.201172 0.127758 9.9982E-05 9.9982E-05 0.00470661 0.602482 0.0636815
0.0231391 0.28095 0.0670218 0.0623299 0.0227205 0.504966 0.0388727
0.071884 0.0852583 9.9991E-05 0.112133 0.161229 0.453088 0.116308
9.9964E-05 0.605699 0.0683827 9.9964E-05 9.9964E-05 0.325518 9.9964E-05
0.0543583 0.263158 9.9991E-05 0.0454957 0.0337209 0.547924 0.0552422
0.117887 0.202821 9.9991E-05 0.0301284 0.0720625 0.535502 0.0414987
0.239876 0.694032 0.0128111 0.0529814 9.9973E-05 9.9973E-05 9.9973E-05
0.133767 0.192535 0.0405185 9.9982E-05 0.428248 0.204731 9.9982E-05
0.353188 0.262497 0.0874601 0.0111416 0.224415 0.0491917 0.0121067
9.9991E-05 0.13981 0.00159254 0.128562 0.117835 0.563 0.0490998
0.163579 0.00130477 0.0237531 0.0815326 0.0738929 0.655527 0.000411078
0.135424 0.0515785 0.0542042 0.0689094 0.0593825 0.630401 9.9991E-05
0.15423 0.262013 0.0194571 0.0875242 0.326745 0.14993 9.9991E-05
0.0825246 0.0560022 0.0444473 9.9991E-05 0.212591 0.591362 0.0129727
0.154203 9.9982E-05 9.9982E-05 0.0183029 0.188187 0.520397 0.118711
0.100953 0.111296 0.101436 0.090023 0.210088 0.373916 0.0122882
0.197974 0.117137 0.00971012 0.19368 0.367311 0.0414047 0.0727835
0.0401313 0.130239 0.0727563 0.0327529 0.178751 0.507157 0.0382129
0.118997 0.041617 0.114046 9.9991E-05 0.277568 0.355659 0.0920136
0.116255 0.177483 9.9982E-05 0.0871042 0.532544 0.0864145 9.9982E-05
0.0456765 0.117339 0.116676 9.9982E-05 0.239988 0.480121 9.9982E-05
0.0679393 0.0220714 0.130071 0.0278772 9.9991E-05 0.692892 0.0590483
0.0940823 9.9991E-05 0.0586942 0.0785704 0.176669 0.507849 0.0840359
0.0469037 0.151636 0.15555 0.0523084 0.259953 0.241787 0.0918617
0.119751 0.0756301 0.143465 0.0195556 0.159606 0.460523 0.0214696
0.0346252 0.0708375 0.050622 0.0821316 0.17973 0.581953 9.9991E-05
0.135262 0.147931 0.100386 9.9982E-05 0.38311 0.233111 9.9982E-05
9.9973E-05 0.354275 0.00869123 9.9973E-05 0.0361282 0.600606 9.9973E-05
9.9973E-05 0.651777 9.9973E-05 0.0259009 0.10443 0.217592 9.9973E-05
9.9991E-05 0.137628 0.0359975 0.14869 0.15026 0.514435 0.0128898
0.109246 0.890254 9.9955E-05 9.9955E-05 9.9955E-05 9.9955E-05 9.9955E-05
0.0683661 0.818708 0.0547452 9.9982E-05 0.0270518 0.030929 9.9982E-05
9.9955E-05 0.746665 9.9955E-05 9.9955E-05 9.9955E-05 0.252835 9.9955E-05
0.00852713 0.504041 9.9982E-05 9.9982E-05 0.00637772 0.46703 0.013824
9.9973E-05 0.150727 0.0273777 0.306948 9.9973E-05 0.514647 9.9973E-05
9.9991E-05 0.470054 0.00805205 0.0265754 0.0425302 0.406681 0.046007
9.9982E-05 0.616979 9.9982E-05 0.043091 0.178333 0.0965477 0.0648498
9.9973E-05 0.420988 9.9973E-05 0.0186339 0.28683 0.273249 9.9973E-05
0.030633 0.182653 0.135181 0.0694215 0.0247342 0.477557 0.0798196
9.9982E-05 0.582966 9.9982E-05 0.0847981 0.0155639 0.271543 0.0449295
0.0595888 0.487848 9.9982E-05 0.0434176 0.011721 0.397224 9.9982E-05
0.0422899 0.57252 0.0229995 9.9973E-05 9.9973E-05 0.36189 9.9973E-05
0.18485 0.668143 0.146245 9.9973E-05 0.000462227 9.9973E-05 9.9973E-05
0.034554 0.330454 9.9982E-05 0.0347204 9.9982E-05 0.582381 0.0176912
9.9964E-05 9.9964E-05 9.9964E-05 0.811094 0.0647391 0.123767 9.9964E-05
9.9955E-05 9.9955E-05 9.9955E-05 0.888975 9.9955E-05 0.110526 9.9955E-05
9.9955E-05 9.9955E-05 9.9955E-05 0.86939 9.9955E-05 0.130111 9.9955E-05
0.0134846 9.9964E-05 9.9964E-05 0.885408 9.9964E-05 0.100707 9.9964E-05
0.0135901 9.9964E-05 9.9964E-05 0.872131 9.9964E-05 0.113879 9.9964E-05
9.9973E-05 0.0379867 9.9973E-05 0.865632 9.9973E-05 0.0710963 0.0249853
0.0232375 9.9973E-05 9.9973E-05 0.910952 9.9973E-05 0.0341044 0.0314063
9.9973E-05 0.370222 9.9973E-05 0.100265 9.9973E-05 0.429687 0.0995268
0.0273453 0.190442 0.0841955 0.0244379 0.0523273 0.526086 0.0951653
9.9973E-05 0.782713 9.9973E-05 0.0412024 0.1293 0.0464849 9.9973E-05
0.0285297 0.179411 0.0780963 0.106294 0.0338804 0.526472 0.0473166
9.9982E-05 0.332194 9.9982E-05 0.0389901 0.105194 0.519423 0.00399953
9.9991E-05 0.314494 0.000403836 0.048898 0.0622377 0.528534 0.0453326
0.0451535 0.332277 0.0826754 0.000933461 9.9991E-05 0.519305 0.019556
9.9973E-05 0.477791 9.9973E-05 0.0061283 9.9973E-05 0.437296 0.0784843
9.9964E-05 0.755208 9.9964E-05 0.0594355 0.184956 9.9964E-05 9.9964E-05
0.00153081 0.121938 0.122884 0.192 0.00806183 0.553485 9.9991E-05
9.9991E-05 0.0895209 0.0313056 0.086812 0.0667612 0.721804 0.0036965
0.0420841 0.160303 9.9991E-05 0.0240707 0.132339 0.559978 0.0811246
0.0979321 0.457854 0.09585 0.00632988 9.9982E-05 0.341834 9.9982E-05
0.0295992 0.327328 0.10821 0.0189257 9.9991E-05 0.504912 0.0109251
9.9973E-05 0.424483 9.9973E-05 0.0488937 0.108134 0.418189 9.9973E-05
9.9973E-05 0.570894 0.0176907 9.9973E-05 9.9973E-05 0.312121 0.0989941
9.9982E-05 0.361331 0.0343837 0.072921 0.0607878 0.470377 9.9982E-05
9.9991E-05 0.124462 0.0389973 0.164236 0.0858952 0.580012 0.00629754
0.0789987 0.114504 0.25703 0.0517189 0.303379 0.173043 0.021327
0.0783462 9.9982E-05 9.9982E-05 0.111859 0.316394 0.389621 0.10358
0.0779749 0.0102432 0.0672444 0.047371 0.255104 0.478965 0.0630972
0.0618877 0.101439 0.00595561 0.114719 0.0847708 0.548846 0.0823815
9.9973E-05 9.9973E-05 0.0571133 0.0331929 0.362496 0.546898 9.9973E-05
9.9973E-05 9.9973E-05 0.0897466 9.9973E-05 0.342657 0.498744 0.0685517
9.9982E-05 0.00852112 0.093832 0.0164448 0.36901 0.511992 9.9982E-05
0.148247 0.0133082 0.0271767 0.0989548 0.207937 0.504276 9.9991E-05
0.0594576 0.0758164 9.9991E-05 0.0294594 0.173438 0.511847 0.149881
0.0930717 0.0357262 0.0619962 0.0201534 0.161037 0.627916 9.9991E-05
0.00910013 0.0399131 0.0248174 9.9982E-05 0.414771 0.511198 9.9982E-05
0.0341669 0.00129169 0.104015 0.00429148 0.197437 0.628506 0.0302925
0.0958445 9.9991E-05 0.00909342 0.122349 0.126568 0.613419 0.0326257
9.9982E-05 0.0686559 0.067575 9.9982E-05 0.205276 0.564268 0.0940256
0.160497 0.0695587 0.0437669 0.0249223 0.14952 0.476897 0.0748377
0.0265377 0.0940024 0.0974985 9.9991E-05 0.230057 0.422546 0.129259
0.163498 9.9982E-05 0.0491442 0.0773495 0.27703 0.432779 9.9982E-05
9.9982E-05 9.9982E-05 0.0496939 0.011916 0.237187 0.609501 0.0915017
0.0673698 9.9982E-05 0.0423625 9.9982E-05 0.187823 0.629467 0.0727772
9.9982E-05 0.1419 0.129728 9.9982E-05 0.427006 0.21286 0.0883062
0.294496 0.034194 0.113281 0.0251023 0.284512 0.215848 0.0325667
9.9991E-05 0.103172 0.000903314 0.00414635 0.260018 0.53699 0.0946701
0.143511 0.120211 0.372557 9.9991E-05 0.298633 0.0529043 0.012084
9.9982E-05 0.150794 0.0927917 0.0393841 0.436537 0.280293 9.9982E-05
9.9982E-05 0.227797 0.0296192 0.026652 0.300137 0.415594 9.9982E-05
9.9964E-05 0.151799 9.9964E-05 9.9964E-05 0.491577 0.356224 9.9964E-05
0.0575556 0.0935617 0.0190684 9.9991E-05 0.479824 0.302715 0.0471753
0.0239911 0.094265 9.9991E-05 0.0168383 0.178618 0.641858 0.0443295
9.9991E-05 0.0714884 0.0619814 0.0819961 0.138851 0.587349 0.0582339
0.0527199 0.0590691 0.0376525 0.0896915 0.150179 0.54502 0.0656678
0.221381 0.252155 0.0338904 0.00641567 0.333724 0.131696 0.0207381
0.0998404 0.0830295 9.9991E-05 0.0431128 0.181262 0.540737 0.0519183
0.194159 0.0849358 0.0201341 9.9991E-05 0.135985 0.515633 0.0490527
0.392314 0.149683 0.195782 0.124368 0.137654 9.9982E-05 9.9982E-05
0.116096 0.128695 0.0437323 0.12276 9.9982E-05 0.588516 9.9982E-05
0.194932 0.195467 0.115089 0.134688 0.0182925 0.329009 0.0125226
0.208407 9.9991E-05 0.080688 0.0572872 0.0964732 0.494313 0.0627325
0.381362 0.194504 0.0306186 0.0882664 0.0955884 0.197009 0.0126512
0.411789 0.0288427 0.158225 0.0512268 0.163095 0.186722 9.9991E-05
0.129049 0.0525486 0.23903 0.0379807 0.140731 0.400561 9.9991E-05
0.115239 0.0954382 0.0474699 0.149429 0.0257645 0.50834 0.0583203
0.123142 0.200027 9.9991E-05 0.14597 0.139145 0.312348 0.0792681
0.358558 0.248287 0.135519 0.041466 0.0494432 9.9991E-05 0.166627
0.177385 9.9991E-05 0.0923007 0.0496757 0.00412361 0.576264 0.10015
0.410946 0.0462621 0.032409 9.9982E-05 0.0958315 0.414351 9.9982E-05
0.161577 0.0192434 0.15222 9.9991E-05 0.169214 0.49339 0.00425586
0.0453092 0.0598886 0.0829337 0.104182 0.108849 0.505982 0.0928559
0.30552 9.9973E-05 9.9973E-05 0.289786 9.9973E-05 0.163824 0.24057
0.358521 9.9964E-05 9.9964E-05 0.514575 9.9964E-05 9.9964E-05 0.126504
0.44794 9.9964E-05 9.9964E-05 0.422066 9.9964E-05 9.9964E-05 0.129594
0.224745 9.9973E-05 9.9973E-05 0.368613 9.9973E-05 0.0983948 0.307948
0.293268 0.0545853 0.00171275 9.9973E-05 9.9973E-05 0.650134 9.9973E-05
0.122001 0.162395 0.0272721 0.109832 9.9991E-05 0.558212 0.0201885
9.9964E-05 9.9964E-05 9.9964E-05 9.9964E-05 0.0274996 0.304711 0.667389
9.9991E-05 0.107709 0.025837 0.0241706 0.0835063 0.308839 0.449838
9.9991E-05 0.0412215 0.0588188 0.0227422 0.16912 0.286588 0.42141
0.450819 0.157403 0.0928122 9.9973E-05 9.9973E-05 0.298667 9.9973E-05
0.146059 0.0847666 9.9991E-05 0.0492794 0.139018 0.519438 0.0613393
0.530715 0.137 0.145264 9.9973E-05 9.9973E-05 0.186721 9.9973E-05
0.183981 0.127819 0.023448 0.00739276 0.0409359 0.616323 9.9991E-05
0.27553 0.0631282 0.100685 9.9982E-05 0.0590489 0.501408 9.9982E-05
0.235159 0.0291407 0.0851447 9.99824E-05 9.99824E-05 0.593583 0.0567726
0.463943 0.195774 0.0747724 9.9982E-05 0.0830035 0.182307 9.9982E-05
0.0840442 0.140675 9.9991E-05 0.0390831 0.0849472 0.520512 0.130639
0.264228 0.0328408 0.0321486 0.0249766 0.0372043 0.560906 0.047696
9.9964E-05 0.00330733 9.9964E-05 9.9964E-05 9.9964E-05 0.000371371 0.995921
0.00243677 9.9964E-05 9.9964E-05 9.9964E-05 9.9964E-05 0.0967965 0.900367
0.0326494 0.0300833 0.0884119 9.9991E-05 0.000468052 0.209545 0.638742
9.9973E-05 9.9973E-05 9.9973E-05 0.0102598 0.0425566 0.285763 0.66112
9.9964E-05 0.0727767 9.9964E-05 9.9964E-05 9.9964E-05 0.0757896 0.851034
9.995E-05 9.995E-05 9.995E-05 9.995E-05 9.995E-05 9.995E-05 0.9994
9.9955E-05 9.9955E-05 9.9955E-05 9.9955E-05 0.0512836 9.9955E-05 0.948217
9.9955E-05 9.9955E-05 9.9955E-05 9.9955E-05 9.9955E-05 0.144005 0.855495
9.9955E-05 9.9955E-05 9.9955E-05 9.9955E-05 0.0770225 9.9955E-05 0.922478
9.9955E-05 9.9955E-05 9.9955E-05 9.9955E-05 9.9955E-05 0.0122896 0.987211
9.995E-05 9.995E-05 9.995E-05 9.995E-05 9.995E-05 9.995E-05 0.9994
0.0223783 0.0019175 9.9982E-05 9.9982E-05 0.0189607 0.135867 0.820676
9.9973E-05 9.9973E-05 9.9973E-05 0.0347637 0.0687588 0.0944162 0.801761
9.9964E-05 0.021338 9.9964E-05 9.9964E-05 0.0236044 9.9964E-05 0.954658
9.9982E-05 0.0212612 9.9982E-05 0.0873154 0.154335 0.284454 0.452434
9.9973E-05 9.9973E-05 9.9973E-05 0.0529277 0.136567 0.147058 0.663147
9.9973E-05 0.0156791 9.9973E-05 0.0529045 9.9973E-05 0.227396 0.703721
9.9964E-05 9.9964E-05 9.9964E-05 9.9964E-05 0.0763425 0.055575 0.867683
9.9964E-05 0.00361867 9.9964E-05 9.9964E-05 9.9964E-05 0.021248 0.974733
9.9964E-05 9.9964E-05 9.9964E-05 0.0413614 9.9964E-05 0.102168 0.856071
9.995E-05 9.995E-05 9.995E-05 9.995E-05 9.995E-05 9.995E-05 0.9994
0.0230264 9.9991E-05 0.0275111 0.0518903 0.0563664 0.263366 0.57774
9.9973E-05 9.9973E-05 0.0308801 9.9973E-05 0.0289995 0.0472612 0.892559
0.614727 9.9973E-05 0.060399 0.284774 9.9973E-05 9.9973E-05 0.0397999
0.167475 9.9982E-05 9.9982E-05 0.189091 0.155912 0.438188 0.0491334
0.22366 0.0471024 9.9991E-05 0.251573 0.0753908 0.318943 0.0832307
0.463659 0.0618128 0.0159395 0.193369 0.00122877 0.118063 0.145927
0.13618 9.9991E-05 0.0462479 0.157928 0.0912224 0.475996 0.0923267
0.335792 0.127891 9.9982E-05 0.254579 9.9982E-05 0.212846 0.0686921
0.180002 9.9991E-05 0.0653826 0.208139 0.0291639 0.446393 0.0708196
0.376691 0.0789171 9.9982E-05 0.125957 9.9982E-05 0.293385 0.12485
0.248579 9.9982E-05 9.9982E-05 0.0965995 0.0385362 0.479934 0.136152
0.382101 9.9982E-05 0.0184052 0.144194 9.9982E-05 0.247214 0.207885
0.263572 0.0611525 0.00989378 0.147873 9.9991E-05 0.446604 0.0708048
0.0631499 9.9982E-05 9.9982E-05 0.801962 0.0627618 0.0596907 0.0122358
9.9964E-05 9.9964E-05 0.0589907 0.898503 9.9964E-05 9.9964E-05 0.0421069
0.0278044 0.0209244 9.9973E-05 0.937295 9.9973E-05 0.0136766 9.9973E-05
9.9964E-05 9.9964E-05 9.9964E-05 0.934282 0.0105051 0.0548134 9.9964E-05
0.028129 9.9982E-05 0.0131615 0.848942 0.0735255 9.9982E-05 0.0360422
9.9973E-05 0.00784771 0.0316784 0.865032 9.9973E-05 9.9973E-05 0.0951415
9.9964E-05 9.9964E-05 9.9964E-05 0.875268 9.9964E-05 0.102466 0.0218662
9.9964E-05 9.9964E-05 0.053899 0.904975 9.9964E-05 0.040726 9.9964E-05
9.9973E-05 0.0447726 9.9973E-05 0.891394 9.9973E-05 0.0442229 0.019311
0.0171481 9.9973E-05 9.9973E-05 0.841512 0.0349886 9.9973E-05 0.106051
9.9973E-05 0.0377473 0.0835245 0.619561 0.258868 9.9973E-05 9.9973E-05
9.9973E-05 0.0451787 0.0482508 0.596985 0.309286 9.9973E-05 9.9973E-05
0.106699 0.0556914 0.0484447 0.535588 0.253378 9.9982E-05 9.9982E-05
0.00133955 0.179718 0.00389327 0.498253 0.316596 9.9982E-05 9.9982E-05
9.9982E-05 0.240089 0.0272264 0.087911 0.117855 0.526719 9.9982E-05
9.9982E-05 0.256926 0.0982085 9.9982E-05 0.0825407 0.500113 0.0620111
9.9991E-05 0.203916 0.0192819 0.0144017 0.174216 0.456571 0.131514
0.0393714 0.181562 0.0819461 0.0160087 0.24869 0.432322 9.9991E-05
0.0361223 0.123674 0.0132989 9.9982E-05 0.616612 0.210093 9.9982E-05
0.0607162 0.209877 0.0767219 0.0196339 0.017381 0.61557 9.9991E-05
0.0184908 0.258398 0.0329664 9.9991E-05 0.0805233 0.586206 0.0233162
0.0388201 0.328211 0.0848222 9.9991E-05 0.0351558 0.489932 0.0229588
9.9973E-05 0.624264 0.00032577 9.9973E-05 9.9973E-05 0.30661 0.0685002
0.0751133 0.140485 0.0488913 0.0303132 0.0936161 0.604302 0.00727905
0.0245573 0.391343 9.9982E-05 0.0207019 0.115341 0.447857 9.9982E-05
9.9964E-05 0.752231 0.117788 9.9964E-05 0.129582 9.9964E-05 9.9964E-05
0.0197818 0.0771232 0.121336 0.0461858 0.152602 0.582871 9.9991E-05
0.1433 0.488939 0.15818 0.000128827 9.9991E-05 0.195695 0.0136569
0.0306466 0.378692 0.0381687 0.00778098 0.0145185 0.513667 0.0165265
9.9973E-05 0.710353 9.9973E-05 0.0313724 0.169429 0.0885456 9.9973E-05
0.202707 9.9964E-05 9.9964E-05 0.104442 0.692451 9.9964E-05 9.9964E-05
0.22249 0.00252134 9.9982E-05 0.0713132 0.664318 0.039158 9.9982E-05
0.0820553 0.0177501 0.04674 0.0482408 0.805014 9.9982E-05 9.9982E-05
0.119117 0.0291339 9.9973E-05 0.0835577 0.767891 9.9973E-05 9.9973E-05
0.152364 9.9973E-05 9.9973E-05 9.9973E-05 0.755972 0.0313911 0.0599734
0.0703601 9.9982E-05 9.9982E-05 0.0669507 0.755397 0.0880377 0.0190548
9.9973E-05 9.9973E-05 0.014491 0.85425 9.9973E-05 0.104107 0.026852
9.9964E-05 9.9964E-05 9.9964E-05 0.800233 0.0837254 0.115641 9.9964E-05
0.0243883 9.9982E-05 9.9982E-05 0.732715 0.0136869 0.0890137 0.139996
9.9973E-05 9.9973E-05 9.9973E-05 0.724201 0.129965 0.0131 0.132433
0.0330628 9.9982E-05 9.9982E-05 0.781526 0.0156118 0.0926931 0.0769068
0.101783 9.9964E-05 9.9964E-05 0.372535 0.525282 9.9964E-05 9.9964E-05
0.0736688 0.0616892 0.0334533 0.432258 0.398731 9.9982E-05 9.9982E-05
9.9973E-05 0.0393009 0.164255 0.431272 0.364872 9.9973E-05 9.9973E-05
9.9973E-05 9.9973E-05 9.9973E-05 0.825402 0.00490419 0.15373 0.0156637
9.9973E-05 0.0641518 0.038769 0.401949 0.49483 9.9973E-05 9.9973E-05
0.14241 9.9982E-05 0.0136959 0.214288 9.9982E-05 0.225156 0.40425
0.0271196 9.9982E-05 9.9982E-05 0.11845 0.0784217 0.559364 0.216445
9.9973E-05 9.9973E-05 9.9973E-05 0.164397 0.0177307 0.492646 0.324927
0.141638 0.0864478 9.9991E-05 0.243044 0.00105567 0.283934 0.24378
0.0618696 0.0972415 9.9991E-05 0.108253 0.0892092 0.425405 0.217922
0.232306 9.9973E-05 0.0441032 0.426961 9.9973E-05 9.9973E-05 0.29633
0.0725685 0.0472777 0.0940382 9.9982E-05 0.293027 0.492889 9.9982E-05
0.171089 0.0946024 0.13344 9.9991E-05 0.219496 0.367409 0.0138631
0.0187867 0.00619162 0.0553556 0.0836322 0.513511 0.313612 0.00891161
0.0959793 0.105696 0.183336 9.9982E-05 0.114766 0.500023 9.9982E-05
0.300548 0.199158 0.313887 9.9973E-05 0.186108 9.9973E-05 9.9973E-05
9.9991E-05 0.00474916 0.0889089 0.154579 0.0813121 0.606929 0.0634223
0.046701 0.0732931 0.176664 0.0424928 0.158915 0.501835 9.9991E-05
0.0329642 0.0892241 0.039128 9.9982E-05 0.435811 0.402672 9.9982E-05
0.140775 0.0142687 0.0421945 0.086444 0.0958623 0.620356 9.9991E-05
0.267974 0.276168 0.0956306 9.9982E-05 0.291977 0.0680497 9.9982E-05
0.141017 0.0178838 0.184798 9.9991E-05 0.166889 0.482136 0.00717576
0.0866986 0.0754291 9.9982E-05 9.9982E-05 0.267089 0.525214 0.0453688
0.0940126 0.114757 0.027326 0.134472 0.105407 0.317222 0.206803
0.108216 0.0807657 0.192359 9.9982E-05 0.241712 0.376748 9.9982E-05
0.0679545 0.0606929 0.0881897 9.9991E-05 0.271696 0.485401 0.0259659
0.0949368 0.0377264 0.203469 9.9991E-05 0.086273 0.50334 0.0741547
0.00785194 0.102384 0.0450115 9.9982E-05 0.280326 0.564226 9.9982E-05
0.0445427 0.0750695 0.112635 0.00709925 0.107928 0.591753 0.0609729
0.0379038 0.0788457 0.0119275 0.102161 0.154286 0.578406 0.0364707
0.123663 0.115218 0.0409378 0.0624312 0.0847997 0.556008 0.0169413
9.9964E-05 9.9964E-05 9.9964E-05 0.790995 9.9964E-05 0.138317 0.0702874
0.00953017 0.0320763 0.00505045 0.827566 9.9991E-05 0.0950352 0.0306417
0.0699897 0.0176866 9.9991E-05 0.763473 0.0382716 0.101263 0.0092161
9.9982E-05 0.0822141 0.0391433 0.804115 0.0248842 9.9982E-05 0.0494435
9.9964E-05 9.9964E-05 9.9964E-05 0.833253 9.9964E-05 0.152621 0.0137261
0.0706689 0.130876 0.00419286 9.9991E-05 0.533608 0.213692 0.0468625
0.0535629 0.137701 0.0852097 9.9991E-05 0.113608 0.481403 0.128416
0.0407192 0.124206 0.0660998 0.14656 9.9991E-05 0.434158 0.188157
0.09082 0.00670372 0.0561625 0.0252387 0.127113 0.666634 0.0273283
9.9982E-05 0.124566 9.9982E-05 0.108309 0.256702 0.496952 0.0132712
0.156924 0.0786906 0.121654 9.9991E-05 0.350968 0.202721 0.0889419
0.140898 0.107086 9.9982E-05 0.13355 0.569607 0.0486588 9.9982E-05
0.0314794 0.015326 0.0283006 0.0105427 0.381464 0.448092 0.0847948
9.9991E-05 0.0248793 0.194312 0.0584402 0.537841 0.119618 0.0648093
0.153841 0.0888246 0.164986 0.0503655 0.0884349 0.416528 0.0370198
9.9982E-05 0.05138 0.119576 0.166764 0.507946 0.154134 9.9982E-05
0.00377003 0.0416457 9.9991E-05 0.113207 0.192389 0.581174 0.0677151
0.00436002 0.116415 0.0482594 0.0972589 0.508708 0.224899 9.9991E-05
0.0640583 0.135429 0.0979111 0.0427224 0.321759 0.236079 0.102042
0.26818 0.0234533 0.0376873 9.9991E-05 0.0815698 0.527546 0.0614638
0.534984 9.9973E-05 0.0506717 9.9973E-05 0.112243 0.301802 9.9973E-05
0.252827 0.0496433 9.9982E-05 0.014962 0.101628 0.58074 9.9982E-05
0.24546 9.9964E-05 9.9964E-05 0.112286 9.9964E-05 0.641854 9.9964E-05
0.459674 0.0893057 0.0233337 9.9982E-05 0.0726032 0.354884 9.9982E-05
0.232372 0.108786 0.00987108 0.0569948 0.0550816 0.39721 0.139685
0.223158 9.9982E-05 0.0848911 0.0353402 0.0542661 0.602144 9.9982E-05
0.611219 0.0850917 0.140822 9.9982E-05 0.0658196 0.0968484 9.9982E-05
0.67249 0.067265 0.00423259 9.9973E-05 9.9973E-05 0.255712 9.9973E-05
0.37158 9.9973E-05 0.0148512 9.9973E-05 0.111616 0.501653 9.9973E-05
0.456806 0.1914 0.0943087 9.9982E-05 0.077208 0.180077 9.9982E-05
0.30281 0.100731 9.9973E-05 9.9973E-05 0.139178 0.456982 9.9973E-05
9.9982E-05 0.240556 0.0475059 9.9982E-05 0.527693 0.108239 0.0758064
0.0227313 0.0876624 0.345613 9.9991E-05 0.294087 0.218094 0.031712
9.9991E-05 0.0644524 0.0331492 0.00198337 0.428043 0.423508 0.0487637
9.9973E-05 0.160047 9.9973E-05 9.9973E-05 0.196389 0.574872 0.0683918
0.0397442 0.23214 0.080471 9.9991E-05 0.406254 0.197055 0.0442358
0.0418609 0.123855 0.148772 0.0358325 0.161379 0.470899 0.0174014
0.0853975 0.0689795 9.9991E-05 0.0139238 0.139538 0.566064 0.125997
0.0253915 0.16595 0.076268 9.9991E-05 0.19553 0.517075 0.0196864
9.9991E-05 0.0679892 0.0854447 0.00699774 0.239977 0.463848 0.135643
9.9982E-05 0.228612 9.9982E-05 0.0367494 0.269586 0.4241 0.0407525
9.9982E-05 0.1451 0.0393512 9.9982E-05 0.480201 0.232297 0.102851
0.0366525 0.070345 0.0430828 9.9991E-05 0.459373 0.317334 0.0731132
0.00631986 0.0251702 0.145675 9.9982E-05 0.185763 0.636872 9.9982E-05
0.0333217 0.149987 0.0288856 0.034453 0.144317 0.513833 0.0952026
9.9982E-05 0.0224953 0.209746 0.0557139 0.324308 0.387537 9.9982E-05
9.9982E-05 0.0578513 0.102252 9.9982E-05 0.225341 0.490389 0.123966
0.0651475 9.9991E-05 0.0196188 0.0421726 0.365031 0.494138 0.013792
9.9982E-05 0.0446986 0.000789237 9.9982E-05 0.202791 0.591229 0.160292
0.00125136 0.165853 0.035199 0.00939927 0.272542 0.437399 0.0783561
0.0366232 9.9982E-05 9.9982E-05 0.0853832 0.210466 0.563246 0.104081
0.0982624 0.0791197 9.9982E-05 0.337203 9.9982E-05 0.336492 0.148722
0.063298 0.185602 9.9982E-05 0.130308 9.9982E-05 0.32886 0.291732
0.0290071 0.0768749 9.9991E-05 0.0610555 0.182761 0.49161 0.158592
0.0899918 9.9991E-05 0.107532 0.0514125 0.0594445 0.533158 0.158361
9.9982E-05 0.0443203 0.050701 0.239797 9.9982E-05 0.417132 0.247849
0.218528 9.9973E-05 0.185852 9.9973E-05 0.178476 0.416844 9.9973E-05
0.0186855 0.0565353 0.0265771 0.139518 0.0701829 0.546468 0.142034
0.41599 0.199131 9.9982E-05 0.211122 9.9982E-05 0.00605105 0.167505
0.0118217 0.0917413 0.0483339 0.1272 0.116325 0.43932 0.165258
0.00180487 0.0266235 0.0779878 0.133118 0.00716138 0.63341 0.119895
0.00499781 0.0232069 0.108342 0.0772232 0.103895 0.434781 0.247554
0.170907 0.101786 0.0740073 0.176523 0.0739563 0.285084 0.117736
0.0601971 0.0505398 0.0243457 0.161243 0.0323306 0.55001 0.121334
0.126622 9.9991E-05 0.100371 0.0607828 0.013755 0.486512 0.211857
0.349963 9.9973E-05 0.0455051 0.427141 9.9973E-05 9.9973E-05 0.177091
9.9991E-05 0.0396062 0.0356006 0.180065 0.0819303 0.381144 0.281554
0.0509159 9.9982E-05 0.0231037 0.162542 9.9982E-05 0.592918 0.17032
0.16184 0.0341937 0.113218 0.0783383 9.9991E-05 0.504558 0.107752
0.103103 0.0204048 9.9982E-05 0.166422 9.9982E-05 0.484735 0.225136
0.0546407 0.0777967 0.147951 0.109798 0.027422 0.435297 0.147095
9.9991E-05 0.0705264 0.357425 0.0610315 0.00898784 0.45019 0.0517395
0.0151579 0.0890422 0.213568 0.105787 0.000936067 0.556691 0.0188181
9.9964E-05 0.0726341 0.799039 9.9964E-05 0.127927 9.9964E-05 9.9964E-05
0.0210307 0.0370014 0.888281 0.00487162 0.0486154 9.9982E-05 9.9982E-05
9.9982E-05 0.0419763 0.39435 0.0473429 0.0275991 0.488532 9.9982E-05
0.0995855 9.9991E-05 0.133166 0.0434373 0.0133746 0.400776 0.30956
9.9973E-05 9.9973E-05 0.325818 0.107357 9.9973E-05 0.221577 0.344948
0.10549 9.9991E-05 0.263511 0.214204 0.0184246 0.0929298 0.305342
9.9973E-05 9.9973E-05 0.223752 0.188932 9.9973E-05 0.311825 0.275191
0.0770219 9.9982E-05 0.748596 0.102148 9.9982E-05 0.0224699 0.0495641
0.0513281 9.9982E-05 0.659353 0.0834355 9.9982E-05 0.139882 0.0658015
9.9973E-05 0.00474586 0.387659 9.9973E-05 9.9973E-05 0.483045 0.12425
9.9973E-05 9.9973E-05 0.429939 0.0725559 9.9973E-05 0.414491 0.0827144
9.9973E-05 9.9973E-05 0.715129 0.0576809 9.9973E-05 0.13857 0.0883201
9.9982E-05 0.0966553 0.340863 0.0850053 9.9982E-05 0.406139 0.0711366
9.9973E-05 9.9973E-05 0.382515 9.9973E-05 0.0058258 0.509578 0.101782
0.0736409 0.0716997 0.163949 0.0766558 0.0610664 0.415657 0.137331
9.9982E-05 0.0501691 0.528737 0.00469762 0.129166 0.28703 9.9982E-05
9.9982E-05 0.00607118 0.548691 9.9982E-05 0.136144 0.301328 0.00756561
9.9991E-05 0.204602 0.243269 0.0202501 0.0286436 0.403324 0.0998104
0.0573392 9.9991E-05 0.375975 0.0122458 0.153854 0.375684 0.0248023
0.0912735 0.0831882 0.123883 0.187897 0.0746601 0.394337 0.0447613
0.112447 9.9973E-05 0.424417 9.9973E-05 0.0074579 0.455379 9.9973E-05
9.9964E-05 9.9964E-05 0.742585 9.9964E-05 0.0691291 0.187887 9.9964E-05
0.0242386 0.0254199 0.366774 9.9991E-05 0.00815945 0.563259 0.0120495
0.000467812 0.127506 0.665735 9.9982E-05 0.0267072 0.179384 9.9982E-05
0.0274059 9.9982E-05 0.5458 0.0234492 9.9982E-05 0.392027 0.0111178
0.0547885 0.018079 0.257489 0.0730452 0.0207337 0.575765 9.9991E-05
9.9982E-05 0.125417 0.308529 0.0169488 9.9982E-05 0.4889 0.0600057
0.00834147 0.0640437 0.0600575 0.157022 0.0456468 0.508678 0.156211
0.066334 9.9991E-05 0.176844 0.160864 0.076495 0.33647 0.182892
0.128704 0.0167026 0.118664 0.16072 9.9991E-05 0.292098 0.283011
0.183239 9.9982E-05 0.0517019 0.169521 9.9982E-05 0.367239 0.228099
0.0595097 9.9982E-05 9.9982E-05 0.198468 0.0794188 0.488701 0.173703
0.0329353 9.9991E-05 0.226862 0.174283 0.0485504 0.358003 0.159266
0.0224395 9.9973E-05 0.685193 0.189218 9.9973E-05 9.9973E-05 0.10285
0.0430851 9.9991E-05 0.101184 0.0867204 0.014068 0.578486 0.176356
0.0758267 9.9973E-05 0.452858 0.38578 9.9973E-05 9.9973E-05 0.0852355
9.9973E-05 9.9973E-05 0.330468 0.0724447 9.9973E-05 0.453316 0.143472
0.0349997 0.137139 0.778486 9.9973E-05 9.9973E-05 0.0490754 9.9973E-05
9.9964E-05 0.0968528 0.897041 9.9964E-05 0.00570682 9.9964E-05 9.9964E-05
9.9964E-05 0.0880481 0.478812 9.9964E-05 9.9964E-05 0.43274 9.9964E-05
9.9964E-05 9.9964E-05 0.400257 0.0319448 9.9964E-05 0.567399 9.9964E-05
0.0128928 0.057858 0.556455 9.9982E-05 0.0225185 0.350076 9.9982E-05
9.9955E-05 9.9955E-05 0.470683 9.9955E-05 9.9955E-05 0.528817 9.9955E-05
9.9955E-05 9.9955E-05 0.475662 9.9955E-05 9.9955E-05 0.523838 9.9955E-05
0.00874989 9.9991E-05 0.0129722 0.780965 0.0506527 0.0720218 0.0745382
9.9973E-05 9.9973E-05 0.0281064 0.664709 0.185844 9.9973E-05 0.121041
9.9964E-05 9.9964E-05 9.9964E-05 0.872069 0.0527043 9.9964E-05 0.0748263
9.9955E-05 9.9955E-05 9.9955E-05 0.920329 9.9955E-05 0.0791709 9.9955E-05
9.9991E-05 0.279767 0.110013 0.0548363 0.0482037 0.457199 0.0498808
9.9973E-05 0.403199 9.9973E-05 0.0484753 0.0337601 0.514266 9.9973E-05
9.9973E-05 0.454196 0.0197819 0.0158639 9.9973E-05 0.509858 9.9973E-05
0.0594172 0.177085 0.0330689 0.0872646 9.9991E-05 0.602253 0.0408109
0.183935 0.29595 9.9973E-05 9.9973E-05 9.9973E-05 0.372262 0.147553
0.0636882 0.562474 9.9973E-05 9.9973E-05 0.178234 0.195303 9.9973E-05
9.9973E-05 0.351507 0.0425118 0.0021078 9.9973E-05 0.603574 9.9973E-05
0.10497 0.566991 0.0120862 9.9973E-05 9.9973E-05 0.315653 9.9973E-05
0.0456469 9.9982E-05 0.0273624 0.247086 9.9982E-05 0.526558 0.153147
0.0118591 0.367164 0.0747515 9.9991E-05 0.0780282 0.413809 0.0542883
9.9964E-05 0.519142 9.9964E-05 9.9964E-05 0.096193 0.384266 9.9964E-05
9.9973E-05 0.333233 0.0887483 9.9973E-05 9.9973E-05 0.554902 0.0228162
9.9982E-05 0.475739 0.101847 0.0035468 0.0154781 0.403189 9.9982E-05
0.0676023 0.280723 0.0587315 9.9982E-05 9.9982E-05 0.589434 0.003309
0.0627734 0.337419 9.9982E-05 0.0114466 0.0262406 0.56192 9.9982E-05
9.9964E-05 0.928921 0.017695 9.9964E-05 9.9964E-05 0.0529843 9.9964E-05
0.104008 0.673573 9.9973E-05 9.9973E-05 9.9973E-05 0.214579 0.00754052
9.9982E-05 0.570935 0.0403084 0.0165368 9.9982E-05 0.339007 0.0330128
0.0710012 0.928499 9.9955E-05 9.9955E-05 9.9955E-05 9.9955E-05 9.9955E-05
9.9982E-05 0.464792 0.0222533 0.0145888 0.134285 0.363881 9.9982E-05
0.20277 0.736698 0.00269164 9.9982E-05 0.00521488 0.0524253 9.9982E-05
0.190041 0.735999 0.0735608 9.9964E-05 9.9964E-05 9.9964E-05 9.9964E-05
9.9973E-05 0.359011 9.9973E-05 0.0493297 9.9973E-05 0.543596 0.047763
9.9982E-05 0.644897 0.00429268 0.0379977 0.11048 0.202132 9.9982E-05
0.00906821 0.367644 9.9982E-05 9.9982E-05 0.160615 0.439748 0.0227245
0.0860154 0.206867 9.9982E-05 0.103263 0.0287882 0.574867 9.9982E-05
9.9973E-05 0.314244 9.9973E-05 0.00910738 0.125673 0.550676 9.9973E-05
0.121318 0.0711228 0.156435 9.9991E-05 0.252265 0.318545 0.080213
9.9973E-05 0.356591 9.9973E-05 0.0709632 0.0626562 0.509489 9.9973E-05
0.0101699 0.361396 9.9991E-05 0.0216555 0.107639 0.443507 0.0555333
9.9955E-05 0.704731 9.9955E-05 9.9955E-05 9.9955E-05 0.294769 9.9955E-05
0.0602359 0.157477 0.0196435 9.9991E-05 0.122958 0.508819 0.130767
0.0885366 0.0136941 9.9973E-05 0.6264 0.271069 9.9973E-05 9.9973E-05
0.011977 0.0636949 9.9982E-05 0.765725 0.114832 0.0435714 9.9982E-05
0.0751973 0.0091637 9.9973E-05 0.801573 0.113766 9.9973E-05 9.9973E-05
0.0132276 9.9973E-05 0.0562348 0.796781 0.133456 9.9973E-05 9.9973E-05
0.119854 9.9973E-05 9.9973E-05 0.678743 0.167409 0.0336948 9.9973E-05
9.9982E-05 0.667846 9.9982E-05 0.02261 0.147458 0.141377 0.0205096
0.04015 0.651343 9.9982E-05 0.0506776 0.10063 0.157 9.9982E-05
0.0551473 0.797194 0.00172045 9.9982E-05 9.9982E-05 0.109857 0.0358811
9.9991E-05 0.215716 0.0185285 0.039841 0.0256223 0.634797 0.0653951
0.0296344 0.248719 0.00052975 0.177811 0.0241248 0.502289 0.0168918
0.0609784 0.510302 0.0529045 0.0144753 9.9982E-05 0.36114 9.9982E-05
0.0523276 0.291303 0.0686393 9.9991E-05 0.0117903 0.512527 0.063313
0.030489 0.53448 0.00488492 0.089263 9.9991E-05 0.297112 0.0436718
0.0334494 0.308456 0.0677691 0.0130616 0.0241408 0.553023 9.9991E-05
0.0188323 0.305474 0.0492954 0.0667547 9.9991E-05 0.505089 0.0544542
9.9973E-05 0.53432 9.9973E-05 9.9973E-05 0.19547 0.243553 0.0263573
0.0665775 0.57137 9.9982E-05 0.0146828 0.0326008 0.314569 9.9982E-05
9.9964E-05 0.603478 9.9964E-05 9.9964E-05 0.0381657 0.357957 9.9964E-05
0.315697 0.0169397 9.9982E-05 0.020409 0.00715882 0.639596 9.9982E-05
9.9973E-05 0.510688 9.9973E-05 0.0764487 0.0329085 0.379655 9.9973E-05
9.9991E-05 0.385087 0.0736636 0.0541992 0.0339998 0.408683 0.0442679
0.0545529 9.9982E-05 9.9982E-05 0.0508261 0.0158277 0.439319 0.439274
0.0532155 9.9982E-05 0.0275909 0.12238 9.9982E-05 0.432672 0.363942
0.0442757 9.9982E-05 0.0113808 0.116144 9.9982E-05 0.424828 0.403171
0.0863286 9.9982E-05 0.0467758 0.163749 9.9982E-05 0.219363 0.483583
9.9982E-05 9.9982E-05 0.00150176 0.109232 0.095244 0.592903 0.20092
0.124867 0.317738 0.0128208 9.9982E-05 9.9982E-05 0.480241 0.0641338
9.9982E-05 9.9982E-05 0.0520783 0.293464 0.00517216 0.0201374 0.628948
9.9973E-05 9.9973E-05 0.0532397 0.21091 9.9973E-05 0.32715 0.4084
0.258417 0.051653 9.9982E-05 0.1459 9.9982E-05 0.402545 0.141284
0.354873 9.9964E-05 9.9964E-05 0.0944043 9.9964E-05 0.550323 9.9964E-05
0.359685 9.9982E-05 9.9982E-05 0.0428208 0.0959253 0.44819 0.0531792
0.27948 9.9973E-05 9.9973E-05 0.0931796 0.0174183 0.609622 9.9973E-05
0.172075 0.0944613 9.9982E-05 0.0722732 9.9982E-05 0.609647 0.0513433
0.050094 9.9973E-05 9.9973E-05 0.20347 9.9973E-05 0.337004 0.409132
9.9982E-05 9.9982E-05 0.0907028 0.176655 0.0235512 0.4559 0.252991
0.0693088 9.9973E-05 9.9973E-05 0.0244207 9.9973E-05 0.369651 0.536319
0.0115944 0.0809382 0.0495904 0.150092 0.0937132 0.377584 0.236488
0.0576141 0.0845569 9.9982E-05 0.0311801 9.9982E-05 0.208856 0.617593
0.0305202 0.105154 9.9982E-05 0.109032 9.9982E-05 0.355968 0.399126
0.0227881 9.9982E-05 0.0750772 0.117558 9.9982E-05 0.214065 0.570313
9.9982E-05 9.9982E-05 0.118952 0.032652 0.095491 0.371044 0.381661
0.390997 9.9964E-05 9.9964E-05 9.9964E-05 0.00214863 0.606455 9.9964E-05
9.9991E-05 0.0470206 0.0373007 0.127707 0.0432684 0.369485 0.375119
0.0658962 9.9973E-05 9.9973E-05 0.119246 9.9973E-05 0.182651 0.631907
0.00429804 0.169428 0.0205072 0.158374 0.00582709 0.315835 0.325731
0.378878 0.091843 9.9982E-05 0.133134 0.227251 0.168694 9.9982E-05
0.27732 9.9973E-05 9.9973E-05 9.9973E-05 0.065436 0.590973 0.0659713
0.051234 0.000575357 9.9991E-05 0.169309 0.10282 0.441525 0.234437
0.207896 9.9982E-05 0.0610447 0.106241 0.0388887 0.58573 9.9982E-05
0.314919 0.105054 9.9973E-05 0.115756 9.9973E-05 0.463972 9.9973E-05
0.113342 0.154984 9.9991E-05 0.20555 0.0212009 0.279741 0.225082
9.9991E-05 0.0221382 0.122321 0.214657 0.036046 0.339891 0.264847
0.173666 0.0287919 9.9991E-05 0.0713615 0.0700892 0.604867 0.0511249
9.9982E-05 0.0667562 9.9982E-05 0.0894956 0.0458439 0.391217 0.406487
0.00589092 9.9982E-05 0.0754626 0.0769931 9.9982E-05 0.384744 0.456709
0.0345747 9.9982E-05 0.0346002 0.184139 9.9982E-05 0.121625 0.624862
0.1535 9.9991E-05 0.0424858 0.0695395 0.0769283 0.573987 0.0834594
0.301174 0.0865542 9.9982E-05 0.08222 0.0837882 0.446063 9.9982E-05
0.716962 0.0148613 9.9982E-05 0.0745535 9.9982E-05 0.157026 0.0363976
0.118923 0.0834172 9.9991E-05 0.109566 0.00646858 0.662261 0.0192643
0.172596 0.0398433 0.106896 0.100357 0.124081 0.421957 0.0342708
0.126886 0.0861837 9.9982E-05 0.206895 9.9982E-05 0.516307 0.0635286
0.194544 0.0722453 0.0386504 0.13189 0.0723985 0.490172 9.9991E-05
0.602024 9.9964E-05 9.9964E-05 0.2253 9.9964E-05 9.9964E-05 0.172276
0.648041 9.9964E-05 9.9964E-05 0.236922 9.9964E-05 9.9964E-05 0.114637
0.363279 9.9991E-05 0.0435912 0.0792729 0.0965166 0.250129 0.167111
0.468036 0.041733 0.011544 0.277109 9.9991E-05 0.0203878 0.18109
0.377508 9.9973E-05 0.0105467 0.400317 9.9973E-05 9.9973E-05 0.211329
0.213899 0.0560071 0.108783 0.0682922 0.002407 0.343555 0.207056
0.189741 0.0207168 0.108201 0.220569 9.9991E-05 0.366163 0.0945093
0.367018 0.035579 9.9982E-05 0.221363 9.9982E-05 0.161256 0.214584
0.561695 9.9973E-05 9.9973E-05 0.19466 9.9973E-05 0.0858743 0.15747
0.217709 0.0476234 9.9982E-05 0.15232 9.9982E-05 0.459748 0.1224
0.431627 0.114347 0.0708461 0.137393 9.9991E-05 0.0920073 0.153679
0.622484 9.9964E-05 9.9964E-05 0.359427 9.9964E-05 9.9964E-05 0.0176893
0.0202042 9.9991E-05 0.0317477 0.212144 0.0948894 0.518706 0.122209
0.286343 9.9991E-05 0.0189893 0.107852 0.0142955 0.374457 0.197964
0.0436557 0.0486639 9.9982E-05 0.327519 9.9982E-05 0.453813 0.126148
0.016989 9.9973E-05 9.9973E-05 0.144087 9.9973E-05 0.587347 0.251278
9.9982E-05 0.120755 0.0117574 0.192499 9.9982E-05 0.52894 0.145849
0.0772477 0.0156374 0.0431351 0.146513 0.00505568 0.498659 0.213752
0.0758612 9.9982E-05 9.9982E-05 0.28825 0.0724111 0.301203 0.262074
9.9982E-05 0.00635356 9.9982E-05 0.218523 0.0463857 0.570413 0.158125
9.9973E-05 0.0642705 9.9973E-05 0.227445 9.9973E-05 0.425422 0.282563
0.149299 0.00174192 0.0775859 0.212399 9.9991E-05 0.359888 0.198986
0.0128678 0.303611 0.0185783 0.207362 0.0681208 0.212462 0.176998
0.0372392 0.135989 9.9991E-05 0.0901469 0.0685091 0.542333 0.125683
0.0625519 0.056241 0.0129945 0.128871 0.0949139 0.446827 0.197601
0.00175412 0.083634 0.0442315 0.180655 0.00595059 0.601834 0.0819399
0.066656 9.9982E-05 0.0503616 0.240679 9.9982E-05 0.29865 0.343453
0.0273865 0.0377389 0.0585454 0.168446 0.00594946 0.473968 0.227965
0.220017 0.0618487 0.0210875 0.364599 9.9991E-05 0.135895 0.196454
9.9982E-05 0.0439552 0.109936 0.188068 9.9982E-05 0.457404 0.200436
0.165806 9.9982E-05 0.0618583 0.297631 9.9982E-05 0.192957 0.281548
0.0748908 0.0731761 9.9973E-05 0.779822 0.0718111 9.9973E-05 9.9973E-05
0.0347432 0.0386656 0.0173214 0.0537001 0.721781 0.116358 0.0174308
9.9955E-05 9.9955E-05 0.00829249 9.9955E-05 0.991208 9.9955E-05 9.9955E-05
9.9964E-05 9.9964E-05 9.9964E-05 0.021872 0.975895 0.00183331 9.9964E-05
9.9955E-05 9.9955E-05 9.9955E-05 9.9955E-05 0.948091 0.0514088 9.9955E-05
9.9955E-05 9.9955E-05 9.9955E-05 9.9955E-05 0.955298 9.9955E-05 0.044202
9.9955E-05 9.9955E-05 9.9955E-05 9.9955E-05 0.915619 0.0838812 9.9955E-05
9.9955E-05 9.9955E-05 9.9955E-05 0.0204408 0.979059 9.9955E-05 9.9955E-05
9.9955E-05 9.9955E-05 9.9955E-05 0.149295 0.850205 9.9955E-05 9.9955E-05
0.0521241 0.0443861 9.9982E-05 0.857267 9.9982E-05 0.0297893 0.0162332
9.9973E-05 9.9973E-05 0.00638995 0.774614 0.114296 0.104401 9.9973E-05
9.9982E-05 0.0529816 0.0113505 0.888753 0.000989653 9.9982E-05 0.0457258
0.0134043 9.9982E-05 0.0842018 0.806515 0.0787745 0.0169041 9.9982E-05
0.034024 0.0369552 9.9973E-05 0.841112 9.9973E-05 9.9973E-05 0.0876092
9.9973E-05 9.9973E-05 0.106259 0.839316 0.0274166 9.9973E-05 0.0267087
9.9973E-05 9.9973E-05 0.0299477 0.702281 0.0816204 9.9973E-05 0.185851
9.9964E-05 9.9964E-05 0.0370567 0.857743 9.9964E-05 9.9964E-05 0.1048
0.0609914 9.9973E-05 9.9973E-05 0.675969 0.130383 9.9973E-05 0.132356
9.9973E-05 0.0217331 9.9973E-05 0.893423 9.9973E-05 0.0419602 0.0425832
9.9973E-05 0.00925493 0.00811842 0.919615 0.0627122 9.9973E-05 9.9973E-05
0.0179015 9.9991E-05 0.0266436 0.816308 0.0337387 0.015183 0.0901255
0.0106082 9.9973E-05 9.9973E-05 0.915539 0.0375276 0.0360251 9.9973E-05
0.0444905 9.9973E-05 9.9973E-05 0.898451 9.9973E-05 0.020134 0.0366242
9.9973E-05 0.0263595 9.9973E-05 0.859869 9.9973E-05 0.0615918 0.0518795
9.9964E-05 9.9964E-05 9.9964E-05 0.863399 9.9964E-05 0.0744698 0.0617311
9.9964E-05 9.9964E-05 9.9964E-05 0.771306 9.9964E-05 0.0777076 0.150587
9.9964E-05 9.9964E-05 9.9964E-05 0.769732 9.9964E-05 0.105713 0.124155
9.9973E-05 0.0285955 9.9973E-05 0.814713 9.9973E-05 0.079308 0.0770836
0.403297 0.0759538 9.9982E-05 0.0824718 0.0123711 0.425707 9.9982E-05
0.14475 0.0665828 9.9982E-05 0.0330288 0.0518733 0.703565 9.9982E-05
0.107027 0.0736255 9.9991E-05 0.0615995 0.0836216 0.546563 0.127464
0.740157 0.0733485 0.00932261 9.9982E-05 9.9982E-05 0.149145 0.0278263
0.226348 0.00379264 0.0473944 0.0909397 0.0776635 0.553762 9.9991E-05
0.80236 9.9973E-05 0.00442047 0.0599541 9.9973E-05 0.132966 9.9973E-05
0.237876 9.9973E-05 9.9973E-05 0.108076 9.9973E-05 0.593628 0.0601198
0.273179 0.111498 9.9982E-05 0.0472427 0.156856 0.411025 9.9982E-05
0.263317 9.9973E-05 9.9973E-05 0.0269723 0.112418 0.596993 9.9973E-05
9.9982E-05 0.29501 0.0578807 0.0580522 0.0404984 0.548358 9.9982E-05
0.423435 9.9964E-05 9.9964E-05 9.9964E-05 0.140006 0.436159 9.9964E-05
0.219253 0.0353973 9.9973E-05 9.9973E-05 0.10735 0.637699 9.9973E-05
0.211634 9.9973E-05 9.9973E-05 0.073559 0.0750062 0.639501 9.9973E-05
0.128952 0.140423 0.0932001 9.9991E-05 0.470842 0.119547 0.0469355
0.846699 0.0228324 0.0747629 9.9973E-05 0.055406 9.9973E-05 9.9973E-05
0.789859 9.9955E-05 9.9955E-05 9.9955E-05 9.9955E-05 0.209641 9.9955E-05
0.278906 9.9973E-05 0.0108296 0.0890037 9.9973E-05 0.620961 9.9973E-05
0.423787 9.9982E-05 9.9982E-05 0.0181224 0.0161068 0.521678 0.0201061
0.301975 0.0399954 9.9973E-05 0.0944163 9.9973E-05 0.563313 9.9973E-05
0.0709732 0.119999 0.0484576 0.0796091 9.9991E-05 0.600902 0.0799594
