0.0262074 9.9973E-05 0.00537738 9.9973E-05 0.899898 0.0682172 9.9973E-05
9.9964E-05 9.9964E-05 0.0808437 9.9964E-05 0.901183 0.0175736 9.9964E-05
0.0232616 9.9973E-05 9.9973E-05 9.9973E-05 0.817359 0.0290936 0.129986
0.0455974 0.0144387 9.9982E-05 9.9982E-05 0.788207 0.0867939 0.0647625
0.0924242 9.9982E-05 9.9982E-05 0.0120441 0.810376 0.0711024 0.0138533
0.0190848 0.0565892 9.9982E-05 0.140784 0.679531 9.9982E-05 0.103811
9.9973E-05 0.0680299 9.9973E-05 0.0805337 0.834374 9.9973E-05 0.0167628
0.0167698 0.0916806 9.9982E-05 0.091574 0.740313 0.0594622 9.9982E-05
9.99639E-05 9.99639E-05 9.99639E-05 0.0889027 0.834675 0.0760223 9.99639E-05
0.098715 0.0505708 9.9991E-05 0.0867638 0.682358 0.037048 0.0444448
9.999E-05 0.0495718 0.00606178 0.101918 0.724073 0.0905472 0.0277284
9.9955E-05 0.935371 9.9955E-05 9.9955E-05 9.9955E-05 9.9955E-05 0.0641295
0.0466368 0.503985 9.9973E-05 9.9973E-05 9.9973E-05 0.0194005 0.429677
0.049813 0.75162 9.9991E-05 0.068948 0.0115376 0.0451223 0.0728596
0.10923 0.805624 9.9964E-05 9.9964E-05 9.9964E-05 9.9964E-05 0.0847458
0.0838486 0.497675 0.0797834 9.9982E-05 0.154222 9.9982E-05 0.184271
0.122658 0.363726 0.00971364 0.0532346 0.00637464 9.9991E-05 0.444193
0.107331 0.478602 0.0830203 9.9982E-05 0.0148811 9.9982E-05 0.315966
0.00196571 0.694266 9.9973E-05 9.9973E-05 0.120051 9.9973E-05 0.183418
9.9964E-05 0.809124 9.9964E-05 0.085887 9.9964E-05 0.104589 9.9964E-05
0.00147788 0.402581 0.0113151 0.0953318 0.0485505 0.0134695 0.427275
0.0121361 0.365275 0.0769762 0.212198 9.9991E-05 0.0194036 0.313911
0.000301995 0.299901 0.130378 0.0595786 0.00642027 0.029887 0.473534
0.057123 0.818728 0.00677584 9.9982E-05 0.0413272 9.9982E-05 0.0758455
0.0866705 0.0966125 0.148026 0.0356826 0.0924687 0.00357757 0.536962
0.105507 0.450315 9.9964E-05 9.9964E-05 9.9964E-05 9.9964E-05 0.443778
0.0554292 0.944071 9.9955E-05 9.9955E-05 9.9955E-05 9.9955E-05 9.9955E-05
0.152859 0.846641 9.9955E-05 9.9955E-05 9.9955E-05 9.9955E-05 9.9955E-05
0.0271807 0.900869 0.0287404 0.0305259 9.9982E-05 9.9982E-05 0.0124842
0.0473764 9.9964E-05 9.9964E-05 9.9964E-05 0.82653 9.9964E-05 0.125694
9.9955E-05 9.9955E-05 9.9955E-05 9.9955E-05 0.824481 9.9955E-05 0.175019
9.9982E-05 0.0330941 0.0144193 9.9982E-05 0.797467 0.00228304 0.152537
0.0842207 9.9973E-05 0.069194 9.9973E-05 0.702317 9.9973E-05 0.143968
9.9982E-05 0.0514945 0.315188 0.0344241 9.9982E-05 0.0568486 0.541845
0.0693643 9.9991E-05 0.325608 0.0844902 0.0601813 0.0687738 0.391482
9.9973E-05 9.9973E-05 0.315439 0.0277771 0.004956 9.9973E-05 0.651528
9.9982E-05 0.470107 0.0243001 9.9982E-05 0.0719785 0.350027 0.0833877
0.00122126 9.9982E-05 0.594886 0.088047 0.0226222 9.9982E-05 0.293024
9.9982E-05 0.0852303 0.319564 0.00713995 0.0766873 9.9982E-05 0.511178
0.00776044 0.0120037 0.196712 0.0437223 0.0247525 9.9991E-05 0.714949
0.0260201 0.104336 0.132153 0.0825614 0.0815473 0.0674174 0.505965
0.10259 0.00286677 0.127807 0.0301715 0.0510996 0.109201 0.576264
9.9973E-05 0.197686 0.752268 9.9973E-05 0.0258472 9.9973E-05 0.0238988
0.0880631 0.148782 0.0762045 0.177753 0.000785552 9.9991E-05 0.508312
0.115421 9.9982E-05 0.256302 0.083015 0.014464 9.9982E-05 0.530598
0.0254909 0.131286 0.132136 0.0204542 0.110292 0.0156323 0.564709
9.9973E-05 9.9973E-05 0.718509 0.0285476 9.9973E-05 0.0157155 0.236928
9.9982E-05 0.0367985 0.280471 9.9982E-05 0.0337472 0.0744537 0.574329
9.9982E-05 9.9982E-05 0.198992 0.0437721 0.107207 0.0303444 0.619485
9.9973E-05 9.9973E-05 0.588689 0.334883 0.0525999 0.0235281 9.9973E-05
9.9982E-05 0.342917 0.118465 0.131267 9.9982E-05 0.239022 0.168129
9.9991E-05 0.376396 0.109824 0.459309 0.00240143 0.0171766 0.0347923
0.113891 0.22471 0.0997803 0.0133063 0.0387054 0.0168497 0.492757
0.0443429 0.0701156 0.0390336 0.124375 0.0518717 9.9991E-05 0.670161
0.0441229 0.0453189 0.0742237 0.153864 0.076034 0.0313227 0.575114
9.9991E-05 0.213724 0.169996 0.112581 0.120801 0.23962 0.143179
9.9982E-05 0.138127 0.0744483 0.0702619 9.9982E-05 0.146141 0.570822
0.0720502 0.267313 0.0684151 9.9991E-05 0.0551517 0.0566453 0.480325
9.9991E-05 0.343452 0.122218 0.0966272 0.0893855 0.0493831 0.298834
0.0156677 0.520435 0.0331065 0.171951 0.218429 0.0403107 9.9991E-05
9.9982E-05 9.9982E-05 0.00954829 0.0731183 0.0465217 0.235268 0.635344
0.0417992 0.260827 0.0360016 0.129226 0.0599444 0.0491547 0.423047
9.9982E-05 0.598369 0.0168785 0.198599 0.00188169 0.184072 9.9982E-05
0.029968 0.331996 0.0270869 0.123559 9.9991E-05 0.0613013 0.425989
0.00384251 0.149505 0.0409948 0.0829935 9.9991E-05 0.0367136 0.68585
9.9991E-05 0.130386 0.0159237 0.0554544 0.0710563 0.0863069 0.640773
0.0118735 0.433486 0.207788 0.100428 0.0923936 0.000955747 0.153075
9.9964E-05 0.458807 9.9964E-05 0.162252 9.9964E-05 9.9964E-05 0.378541
0.0505192 0.0437457 0.0665948 0.0678167 0.107005 0.154616 0.509703
9.9991E-05 0.416911 0.119812 0.194145 0.0189434 0.139783 0.110305
9.9973E-05 0.0596095 0.42044 9.9973E-05 9.9973E-05 0.0489702 0.47068
9.9973E-05 0.219986 0.660866 9.9973E-05 0.0183759 9.9973E-05 0.100472
9.9991E-05 0.0794783 0.179979 0.0305742 0.0927977 0.0567209 0.56035
9.9955E-05 9.9955E-05 0.811421 0.188079 9.9955E-05 9.9955E-05 9.9955E-05
9.9964E-05 0.0791041 0.746184 0.174312 9.9964E-05 9.9964E-05 9.9964E-05
9.9973E-05 0.0095002 0.74194 9.9973E-05 9.9973E-05 0.00876329 0.239497
9.9973E-05 0.105892 0.456821 9.9973E-05 0.0140089 9.9973E-05 0.422978
0.0940202 9.9982E-05 0.220653 9.9982E-05 0.112773 0.0360697 0.536284
0.141537 0.0837059 0.449367 9.9982E-05 9.9982E-05 0.0135011 0.311688
0.0369742 0.213007 0.656458 9.9991E-05 0.0223819 0.0457227 0.0253556
9.9982E-05 0.104162 0.546007 9.9982E-05 0.05371 0.139087 0.156834
0.0771137 0.114727 0.310996 9.9982E-05 0.055412 9.9982E-05 0.441551
0.0344627 0.246356 0.557904 9.9973E-05 9.9973E-05 9.9973E-05 0.160978
9.9982E-05 0.105068 0.455343 0.00286207 0.0446984 9.9982E-05 0.391829
9.9973E-05 9.9973E-05 0.531414 0.0705925 0.0374681 9.9973E-05 0.360225
0.0353679 0.0181583 0.667293 0.277405 9.9982E-05 0.00157569 9.9982E-05
0.00364658 9.9973E-05 0.421464 9.9973E-05 0.0592472 9.9973E-05 0.515342
0.0117845 0.089742 9.9982E-05 9.9982E-05 0.804159 0.0219421 0.0721724
9.9964E-05 0.00948249 9.9964E-05 9.9964E-05 0.893541 9.9964E-05 0.0965764
0.016971 9.9964E-05 9.9964E-05 9.9964E-05 0.866815 9.9964E-05 0.115814
9.9964E-05 9.9964E-05 0.036872 9.9964E-05 0.886189 9.9964E-05 0.0765396
0.0029543 9.9973E-05 0.0157738 9.9973E-05 0.883255 9.9973E-05 0.0977168
0.0437761 9.9982E-05 0.0540918 9.9982E-05 0.895719 0.0016153 0.00459802
0.0276748 0.0446196 9.9973E-05 9.9973E-05 0.916373 9.9973E-05 0.0110331
0.114968 0.0706948 0.220583 9.9991E-05 0.0748174 0.0901819 0.428655
0.0307379 0.154824 0.0539226 9.9991E-05 0.107761 0.01079 0.641865
9.9964E-05 0.172643 0.785689 9.9964E-05 0.0412682 9.9964E-05 9.9964E-05
0.0257015 0.194489 0.127626 0.0491796 0.0933553 0.043517 0.466131
0.0418033 0.194589 0.407496 9.9991E-05 0.0383381 0.0121549 0.305519
0.0384165 0.0263698 0.329064 9.9991E-05 0.0145369 0.0333812 0.558131
9.9982E-05 0.0487876 0.290522 0.0203927 0.0238374 9.9982E-05 0.616261
0.122447 9.9964E-05 0.496142 9.9964E-05 9.9964E-05 9.9964E-05 0.381012
9.9973E-05 0.259168 0.622949 9.9973E-05 0.0528212 0.0647621 9.9973E-05
9.9991E-05 0.0578608 0.109147 0.0557851 0.218063 0.0705396 0.488505
0.147976 0.0284962 0.207744 0.0610134 9.9991E-05 0.0260019 0.528669
0.0756941 0.0473906 0.183753 9.9982E-05 9.9982E-05 0.181576 0.511386
9.9973E-05 0.025564 0.458615 0.207988 9.9973E-05 9.9973E-05 0.307533
9.9973E-05 9.9973E-05 0.333432 0.0741066 0.00593993 9.9973E-05 0.586222
9.9982E-05 0.122101 0.492583 9.9982E-05 0.0156556 0.00415312 0.365308
0.102003 9.9964E-05 0.688443 9.9964E-05 9.9964E-05 9.9964E-05 0.209155
9.9982E-05 0.0649992 0.431744 9.9982E-05 0.089651 0.00335754 0.410048
9.9982E-05 0.127468 0.138198 0.0252598 0.161488 9.9982E-05 0.547386
9.9991E-05 0.256991 0.00177655 0.250267 0.02585 0.220844 0.244171
0.0456419 0.232088 9.9991E-05 0.00849954 0.111452 0.216292 0.385926
0.0282 0.10148 0.0702805 9.9991E-05 0.206072 0.0860258 0.507841
0.0552932 0.0223455 0.0952337 0.136967 0.0313949 0.0329771 0.625789
9.9982E-05 0.315406 9.9982E-05 0.122117 0.00367129 0.173054 0.385552
0.0831447 0.223868 0.0440083 9.9982E-05 9.9982E-05 0.132627 0.516152
9.9991E-05 0.218703 0.00713085 0.0177631 0.0700773 0.203745 0.482481
0.0364311 9.9991E-05 0.142243 0.114801 0.0670937 0.108289 0.531042
0.0202678 0.087508 9.9991E-05 0.0825838 0.0519807 0.164324 0.593236
9.9982E-05 0.303561 9.9982E-05 0.0530619 0.0565485 0.0431228 0.543505
9.9982E-05 0.253115 0.00555421 9.9982E-05 0.000535666 0.217411 0.523184
0.0747643 9.9982E-05 9.9982E-05 0.095212 0.0180516 0.173626 0.638146
0.071528 9.9991E-05 0.0857918 0.0646601 0.0976643 0.100593 0.579663
0.041542 0.138316 0.16677 0.00100906 9.9991E-05 0.135026 0.517237
0.111364 0.0134499 9.9991E-05 0.162752 0.070509 0.115411 0.526414
0.0984077 0.111122 0.0354123 0.079329 9.9991E-05 0.126677 0.548953
9.9982E-05 0.192027 9.9982E-05 0.152584 0.0767213 0.142483 0.435984
0.140034 0.0603194 0.0180344 0.10812 9.9991E-05 0.141495 0.531897
0.0307541 9.9982E-05 9.9982E-05 0.193256 0.00788817 0.0690511 0.698851
0.114724 0.26953 0.183281 0.0188121 9.9991E-05 0.277668 0.135885
0.0193316 0.245566 0.0244419 0.340086 9.9991E-05 0.2089 0.161574
9.9991E-05 0.210843 0.0633806 0.0519546 0.0792176 0.0683959 0.526109
0.01468 0.0232129 0.219801 0.405546 9.9991E-05 0.233142 0.103518
9.9991E-05 0.497007 0.143249 0.0396012 0.0576864 0.14403 0.118327
9.9982E-05 0.184041 0.143911 0.082379 9.9982E-05 0.191639 0.39783
9.9982E-05 0.323337 0.180889 9.9982E-05 0.00805396 0.231008 0.256512
0.0351151 0.376651 0.139686 9.9982E-05 9.9982E-05 0.264729 0.183619
9.9982E-05 0.183701 9.9982E-05 0.0446394 0.0593978 0.0511134 0.660948
0.112606 0.0426453 0.0991422 0.105985 0.0403455 0.151593 0.447684
0.0316109 0.146243 0.102198 9.9991E-05 0.0557137 0.14097 0.523165
0.0413876 0.175136 0.117969 0.302172 9.9991E-05 0.25621 0.107025
9.9991E-05 0.00579356 0.0336189 0.119504 0.185195 0.0729709 0.582817
0.00944422 0.0270895 0.12861 0.263644 0.0688281 0.0252027 0.477181
9.9991E-05 0.0401466 0.197152 0.532937 0.140444 0.0800802 0.00914022
9.9982E-05 0.086141 0.014629 0.0597896 0.0948154 9.9982E-05 0.744425
0.0142835 0.00200127 0.163275 0.280227 0.0583145 0.0977876 0.384111
0.0258432 0.0757098 0.0552198 0.118095 0.114426 0.0458158 0.56489
0.0271966 0.0308897 0.0863503 0.423959 0.0893329 0.0357915 0.30648
9.9991E-05 0.221439 0.169614 0.391256 0.0420822 0.0530086 0.1225
9.9991E-05 0.0383471 0.0690401 0.259613 0.0161898 0.159051 0.457659
9.9991E-05 0.116106 0.0716825 0.134999 0.0812254 0.0352993 0.560588
0.0951514 0.160578 0.0392711 0.268627 0.100344 0.0247907 0.311238
0.142648 0.149553 0.189101 0.449634 0.0544387 0.0145255 9.9991E-05
0.0655122 0.190803 9.9991E-05 0.152185 0.0897322 0.0198734 0.481794
9.9982E-05 0.176424 0.102316 0.313366 9.9982E-05 0.0756675 0.332027
0.00114072 0.170618 0.144399 0.233779 9.9991E-05 0.0158557 0.434108
0.0299668 0.0611708 0.0438226 0.164488 0.0638561 0.0418473 0.594849
0.249733 0.016188 9.9991E-05 0.250389 0.306387 0.000711273 0.176492
0.137869 9.9964E-05 9.9964E-05 0.329584 0.532147 9.9964E-05 9.9964E-05
0.156141 9.9964E-05 9.9964E-05 0.431794 0.411665 9.9964E-05 9.9964E-05
0.376501 0.0655887 9.9982E-05 0.164777 0.369926 9.9982E-05 0.0230078
9.9973E-05 9.9973E-05 0.00382675 0.311779 9.9973E-05 0.00794751 0.676147
0.010053 9.9982E-05 9.9982E-05 0.0973113 0.0561452 0.156155 0.680135
0.6426 0.068988 9.9964E-05 9.9964E-05 9.9964E-05 9.9964E-05 0.288012
0.437766 0.128308 0.0613698 9.9982E-05 9.9982E-05 0.0529702 0.319386
0.385074 0.03701 0.0405882 9.9991E-05 0.00765208 0.178154 0.351422
9.9982E-05 0.00703523 0.11723 0.495925 9.9982E-05 0.0391068 0.340503
9.9982E-05 9.9982E-05 0.132696 0.190394 0.118961 0.0375387 0.520211
9.9964E-05 9.9964E-05 0.0713469 0.643745 9.9964E-05 9.9964E-05 0.284508
9.9964E-05 9.9964E-05 0.0897675 0.290802 9.9964E-05 9.9964E-05 0.619031
0.0577104 0.101964 0.125019 0.295673 9.9991E-05 0.0189161 0.400617
0.0104958 0.0768507 9.9982E-05 0.22604 9.9982E-05 0.0807741 0.60564
9.9982E-05 0.136854 0.050169 0.56255 9.9982E-05 0.0241713 0.226056
0.0547837 0.126115 0.0746938 0.146289 9.9982E-05 9.9982E-05 0.597918
9.9991E-05 0.00648188 0.0713064 0.219648 0.0783772 0.0268364 0.59725
0.983822 9.9964E-05 0.00801662 0.00776188 9.9964E-05 9.9964E-05 9.9964E-05
0.928436 9.9964E-05 9.9964E-05 9.9964E-05 9.9964E-05 0.0652591 0.00590524
0.535655 0.125698 0.0187167 9.9982E-05 0.0481095 9.9982E-05 0.27162
0.695507 9.9973E-05 9.9973E-05 9.9973E-05 0.00551994 0.0134495 0.285224
0.755063 0.0727639 9.9964E-05 9.9964E-05 9.9964E-05 9.9964E-05 0.171774
0.9994 9.995E-05 9.995E-05 9.995E-05 9.995E-05 9.995E-05 9.995E-05
0.956035 9.9955E-05 9.9955E-05 9.9955E-05 9.9955E-05 0.0434656 9.9955E-05
0.886779 9.9955E-05 9.9955E-05 9.9955E-05 9.9955E-05 9.9955E-05 0.112721
0.920314 9.9973E-05 0.0179124 9.9973E-05 9.9973E-05 0.0166551 0.0448183
0.9994 9.995E-05 9.995E-05 9.995E-05 9.995E-05 9.995E-05 9.995E-05
0.996175 9.9955E-05 9.9955E-05 9.9955E-05 0.00332523 9.9955E-05 9.9955E-05
0.758155 0.0227152 9.9982E-05 9.9982E-05 0.0386024 0.0138431 0.166484
0.798707 9.9973E-05 9.9973E-05 9.9973E-05 0.0388441 0.0675676 0.0945814
0.956934 9.9955E-05 0.0425659 9.9955E-05 9.9955E-05 9.9955E-05 9.9955E-05
0.483901 0.16066 0.121939 9.9982E-05 9.9982E-05 0.106224 0.127076
0.679005 0.0583534 0.0116911 9.9991E-05 0.0816306 0.0406664 0.128553
0.805884 9.9964E-05 9.9964E-05 9.9964E-05 9.9964E-05 0.0619324 0.131784
0.872207 0.00176087 9.9982E-05 9.9982E-05 0.00789819 0.0372534 0.0806806
0.989798 9.9955E-05 9.9955E-05 9.9955E-05 9.9955E-05 9.9955E-05 0.00970272
0.903057 0.0412213 9.9982E-05 9.9982E-05 0.0194122 0.0116894 0.0244207
0.9994 9.995E-05 9.995E-05 9.995E-05 9.995E-05 9.995E-05 9.995E-05
0.657037 0.0439981 9.9973E-05 9.9973E-05 0.0415599 9.9973E-05 0.257105
0.904325 0.062619 0.0106259 9.9973E-05 0.0221305 9.9973E-05 9.9973E-05
0.0276372 0.0207192 9.9973E-05 0.607953 0.343391 9.9973E-05 9.9973E-05
0.0309343 0.0045678 0.00481202 0.263699 0.149591 0.122203 0.424192
0.0666606 0.0249681 0.0642158 0.149703 0.214809 0.0724473 0.407195
0.0862053 9.9991E-05 0.000211036 0.442685 0.199262 0.0392289 0.232308
0.0909933 0.0793313 0.0252875 0.163542 0.126576 0.0286774 0.485592
0.102273 0.079157 0.0870622 0.37456 0.197331 9.9991E-05 0.159517
0.0857844 0.0125026 0.0765918 0.20056 0.141136 0.0417425 0.441682
0.193196 9.9973E-05 9.9973E-05 0.408937 0.10366 9.9973E-05 0.293908
0.125854 9.9991E-05 0.0251225 0.190146 0.142454 0.0398733 0.476451
0.222642 9.9973E-05 9.9973E-05 0.3315 0.150835 9.9973E-05 0.294723
0.0664982 9.9982E-05 0.153007 0.17577 0.167216 9.9982E-05 0.437309
9.9973E-05 9.9973E-05 9.9973E-05 0.078657 0.813531 0.0739848 0.0335275
0.0851654 0.00415933 9.9973E-05 9.9973E-05 0.89419 0.0161855 9.9973E-05
9.9982E-05 0.0245721 0.000358135 0.0150711 0.950658 9.9982E-05 0.00914043
9.9964E-05 9.9964E-05 9.9964E-05 9.9964E-05 0.948078 0.0316531 0.0198687
0.00037012 0.0532627 9.9991E-05 0.0317149 0.87086 0.0350935 0.0085988
0.0756549 0.0408482 9.9964E-05 9.9964E-05 0.883097 9.9964E-05 9.9964E-05
0.0845616 9.9973E-05 0.00357306 9.9973E-05 0.87686 0.0347059 9.9973E-05
0.00946725 9.9982E-05 9.9982E-05 0.0785572 0.840855 0.0497802 0.02114
0.0189599 9.9973E-05 0.054465 9.9973E-05 0.913582 9.9973E-05 0.0126933
0.118219 0.0218028 9.9982E-05 0.0053464 0.821141 0.0332916 9.9982E-05
9.9982E-05 0.141853 0.151951 0.00485895 0.593793 0.107343 9.9982E-05
9.9982E-05 0.218897 0.0108011 0.00556726 0.545645 0.21889 9.9982E-05
9.9973E-05 0.224638 9.9973E-05 0.125758 0.509685 0.139619 9.9973E-05
9.9982E-05 0.199302 0.0641243 0.0519842 0.500271 0.184119 9.9982E-05
0.0204984 0.19485 0.250011 9.9982E-05 0.0861311 9.9982E-05 0.44831
0.0581592 0.0875172 0.361994 9.9991E-05 0.0329059 0.00707329 0.45225
0.0311087 0.115976 0.260491 0.0524705 9.9991E-05 0.0681343 0.47172
9.9982E-05 0.264274 0.165348 0.0736695 9.9982E-05 0.144573 0.351936
0.00927385 0.393998 0.125168 0.0367783 9.9991E-05 0.369706 0.0649766
0.0294831 0.0207418 0.170803 0.0753197 0.0193858 0.0408408 0.643426
0.0137692 0.0129741 0.387375 0.00782619 9.9991E-05 0.0876599 0.490295
9.9982E-05 0.0807041 0.249927 0.00430981 9.9982E-05 0.110946 0.553914
0.0574159 9.9982E-05 0.60719 0.0398747 9.9982E-05 0.0129514 0.282368
0.0343074 9.9973E-05 0.238211 9.9973E-05 9.9973E-05 0.122468 0.604714
9.9973E-05 0.104429 0.386495 9.9973E-05 9.9973E-05 0.15187 0.356906
9.9964E-05 9.9964E-05 0.738402 0.184241 9.9964E-05 0.0769573 9.9964E-05
9.9991E-05 0.0755074 0.108285 0.128848 0.0197091 0.155024 0.512526
9.9991E-05 0.000886753 0.521336 0.215945 0.00960313 0.0198393 0.23229
0.0449376 9.9991E-05 0.412439 0.0706558 0.00731977 0.0114387 0.453109
9.9973E-05 0.177688 0.698153 9.9973E-05 0.10133 0.0225287 9.9973E-05
9.9982E-05 9.9982E-05 0.011209 0.154366 0.0833122 0.733256 0.0176575
9.9973E-05 9.9973E-05 9.9973E-05 0.0446022 0.0502706 0.804812 0.100015
9.9973E-05 9.9973E-05 9.9973E-05 0.053303 0.0171812 0.916851 0.0123648
9.9973E-05 9.9973E-05 0.0611907 0.015623 0.102837 0.82005 9.9973E-05
0.0205807 9.9973E-05 9.9973E-05 0.099578 9.9973E-05 0.806068 0.0734738
0.0774739 9.9973E-05 9.9973E-05 9.9973E-05 0.0196738 0.839523 0.0630294
0.0129942 9.9964E-05 9.9964E-05 9.9964E-05 0.871032 9.9964E-05 0.115574
0.0356557 0.0259317 9.9982E-05 9.9982E-05 0.83284 0.031703 0.07367
0.110006 9.9982E-05 9.9982E-05 0.0258288 0.736543 0.00266237 0.124759
0.0845899 0.0845266 9.9982E-05 9.9982E-05 0.796078 0.01654 0.0180651
0.0850866 9.9973E-05 9.9973E-05 9.9973E-05 0.793685 0.0548271 0.0661011
9.9982E-05 0.048842 0.0181168 0.0709218 0.383707 0.478212 9.9982E-05
9.9973E-05 9.9973E-05 0.0954498 0.0502099 0.450601 0.40344 9.9973E-05
0.0175576 9.9973E-05 0.124876 9.9973E-05 0.412295 0.444971 9.9973E-05
9.9964E-05 0.0107081 9.9964E-05 9.9964E-05 0.836307 9.9964E-05 0.152585
9.9973E-05 9.9973E-05 0.143571 0.0410818 0.379543 0.435504 9.9973E-05
0.397477 9.9982E-05 0.0219313 0.134866 0.206982 9.9982E-05 0.238544
0.25666 0.00264644 0.0280492 9.9991E-05 0.1702 0.0461887 0.496155
0.231941 9.9964E-05 9.9964E-05 9.9964E-05 0.18831 9.9964E-05 0.579349
0.208857 9.9982E-05 0.104416 0.100684 0.249522 9.9982E-05 0.336322
0.169187 0.0407953 0.0105478 0.00320088 0.116329 0.0683419 0.591598
0.327297 9.9964E-05 9.9964E-05 0.249728 0.422575 9.9964E-05 9.9964E-05
0.0132211 0.159285 0.154016 0.0303673 9.9991E-05 0.24505 0.39796
9.9991E-05 0.0950422 0.0994964 0.255721 0.00420977 0.142883 0.402548
0.0130739 0.575919 9.9982E-05 9.9982E-05 0.0784777 0.186394 0.145936
9.9982E-05 0.0793655 0.152046 0.156554 9.9982E-05 0.122091 0.489744
9.9973E-05 0.0702021 0.241268 0.561003 9.9973E-05 0.127227 9.9973E-05
0.0238613 0.318578 9.9991E-05 0.174094 0.00739448 0.0309458 0.445026
9.9991E-05 0.175744 0.123097 0.156838 0.0100412 0.100225 0.433954
9.9982E-05 0.49846 0.102014 0.0247089 9.9982E-05 0.134078 0.24054
0.0356441 0.165386 0.146826 0.0160459 0.000702112 0.169258 0.466138
9.9982E-05 0.433497 0.0532022 0.427065 9.9982E-05 0.0369414 0.0490947
0.0136146 0.31072 0.125162 0.174251 9.9982E-05 9.9982E-05 0.376052
0.0619894 0.201118 0.0935804 9.9982E-05 9.9982E-05 0.157327 0.485785
0.192253 0.0373176 0.176193 0.0575274 0.154543 0.0606366 0.321529
9.9982E-05 0.234217 0.0765227 0.20063 9.9982E-05 0.106613 0.381818
0.0180837 0.228683 0.124875 0.0868883 0.0269845 0.148196 0.366289
0.0340199 0.246989 0.080543 0.160296 0.0341178 9.9991E-05 0.443934
9.9982E-05 0.078532 0.0593199 0.118563 9.9982E-05 0.139845 0.603541
0.0533666 0.0763809 0.043355 0.0184644 0.0577252 0.118559 0.632149
0.0295553 0.164405 0.0557746 0.0691141 0.0581828 0.120296 0.502673
0.103935 0.193289 0.0808974 0.0360703 0.0682977 0.0755255 0.441986
0.0964806 9.9964E-05 9.9964E-05 9.9964E-05 0.754949 9.9964E-05 0.148171
0.0262374 9.9973E-05 9.9973E-05 0.0347256 0.813645 9.9973E-05 0.125092
0.00776532 9.9982E-05 9.9982E-05 0.0769575 0.773391 0.0740614 0.0676253
0.0496444 9.9973E-05 0.0996786 9.9973E-05 0.830171 0.0202062 9.9973E-05
0.0259721 9.9964E-05 9.9964E-05 9.9964E-05 0.85008 9.9964E-05 0.123548
0.0146273 0.545956 0.0399857 0.00739467 0.0280494 0.312558 0.0514285
0.026895 0.118584 0.0580784 0.163232 0.0551588 0.0651477 0.512903
0.20007 0.0480566 0.0112428 0.09005 0.188701 0.0254599 0.43642
0.0297224 0.196107 0.0726397 9.9991E-05 0.0145278 0.139616 0.547286
0.0427007 0.19787 0.0848775 9.9991E-05 0.00647794 0.16035 0.507624
0.0823872 0.19843 9.9982E-05 0.290679 9.9982E-05 0.236924 0.191379
9.9982E-05 0.374787 0.0463395 0.038657 0.173457 0.36656 9.9982E-05
9.9973E-05 0.149118 0.0709124 9.9973E-05 9.9973E-05 0.254282 0.525388
0.0425045 0.352971 0.0452189 0.104538 0.0243718 0.312058 0.118338
0.0366937 0.0118454 0.194557 0.170052 0.0597749 0.0908237 0.436253
0.0137148 0.401275 0.0469239 0.116815 0.156101 0.227616 0.0375543
0.0806358 0.0962422 0.0421525 9.9991E-05 0.0594003 0.158171 0.563299
9.9991E-05 0.430937 0.0695133 0.02035 0.0837002 0.263942 0.131457
0.0540248 0.216723 0.151542 0.167008 9.9991E-05 0.17093 0.239672
0.01199 0.150126 0.0681656 0.16815 0.0294303 0.0463503 0.525787
9.9982E-05 0.0808349 9.9982E-05 0.493687 0.0351814 0.0474367 0.34266
9.9982E-05 0.106392 0.0275681 0.244685 0.0540618 9.9982E-05 0.567093
0.0390495 0.0275631 0.0567003 0.144009 0.11979 9.9991E-05 0.612788
9.9982E-05 0.0157881 0.0284632 0.494661 9.9982E-05 0.054713 0.406175
0.115384 0.0537929 0.103444 0.140304 0.0861331 0.105865 0.395077
9.9982E-05 9.9982E-05 0.0973745 0.293959 0.0310134 0.0477092 0.529744
9.9973E-05 9.9973E-05 0.135583 0.685337 9.9973E-05 0.121127 0.0576528
9.9964E-05 0.08966 9.9964E-05 0.660298 9.9964E-05 9.9964E-05 0.249642
9.9964E-05 9.9964E-05 9.9964E-05 0.379035 9.9964E-05 0.105479 0.515086
9.9982E-05 0.0543881 0.133377 0.512462 9.9982E-05 0.070139 0.229434
9.9982E-05 0.0431796 0.112212 0.246137 9.9982E-05 0.0742428 0.524028
9.9991E-05 0.341926 0.134255 0.0789645 0.0112775 0.365479 0.0679987
9.9982E-05 0.172012 0.0418761 0.25762 9.9982E-05 0.254165 0.274127
0.0607121 0.233769 0.106675 9.9991E-05 0.0217042 0.290422 0.286618
0.045255 0.140275 0.0287095 9.9991E-05 0.0318247 0.112575 0.64126
9.9973E-05 0.459377 0.196095 9.9973E-05 9.9973E-05 0.212258 0.13197
0.119616 0.0234027 0.0516964 0.081826 0.0789508 0.170137 0.474371
0.138843 0.0965205 0.114718 9.9991E-05 0.0132061 0.160351 0.476261
0.058874 0.368939 9.9982E-05 0.0655713 9.9982E-05 0.0607561 0.44566
0.164006 0.230051 0.0521016 0.0407772 9.9991E-05 0.133317 0.379647
0.0321411 0.0802248 0.180682 9.9991E-05 0.0389369 0.239561 0.428354
0.12285 0.378763 0.15466 9.9982E-05 9.9982E-05 0.271139 0.0723884
0.093948 0.213799 0.111532 0.00356788 9.9991E-05 0.331376 0.245676
9.9982E-05 0.135437 0.0377644 0.0876808 9.9982E-05 0.136585 0.602333
0.0067519 0.173471 0.0109541 0.0777673 0.0850647 0.00514159 0.640849
0.00171387 0.165396 0.0705219 0.150793 0.0306081 0.15895 0.422017
0.163651 0.0517451 0.0738995 0.0482548 9.9991E-05 0.247184 0.415165
0.0607665 0.281308 9.9991E-05 0.0401117 0.0999064 0.220955 0.296853
0.00710781 0.256463 0.0401318 0.0357611 9.9991E-05 0.108255 0.552181
0.00375785 0.177002 0.0686437 9.9991E-05 0.0534015 0.180561 0.516534
0.148581 0.165622 0.0704423 0.0674386 0.118839 0.0972047 0.331872
0.153797 0.201846 0.0311141 9.9982E-05 0.289485 9.9982E-05 0.323559
0.282042 9.9982E-05 0.131256 0.0661409 0.130017 9.9982E-05 0.390345
0.0910367 0.0742688 9.9982E-05 0.116319 0.223583 9.9982E-05 0.494593
0.102811 0.0131323 0.0702294 0.142758 0.0408265 0.0482167 0.582026
0.229672 0.0370888 0.114763 0.0206169 0.20286 9.9991E-05 0.394899
0.00476196 0.188272 9.9982E-05 0.198289 9.9982E-05 0.0939082 0.514569
0.0916124 0.0487244 0.198531 9.9982E-05 0.215327 9.9982E-05 0.445605
0.144342 0.112433 0.0540737 0.447198 0.225901 9.9991E-05 0.0159526
0.229988 0.120909 0.0311009 0.0821559 0.0573598 0.0618786 0.416608
0.155433 0.13487 0.0880166 0.0276617 0.0759067 0.100789 0.417323
0.249314 0.145141 0.0785293 0.0779556 0.00645295 0.0404742 0.402133
0.136273 0.241956 0.0798108 0.16399 0.0997321 0.0150536 0.263185
0.162824 9.9991E-05 0.00130006 0.0964459 0.139222 0.0669445 0.533164
0.239308 0.0583512 9.9982E-05 0.0906468 0.14438 9.9982E-05 0.467114
0.193637 9.9964E-05 9.9964E-05 0.334499 0.471464 9.9964E-05 9.9964E-05
0.218799 9.9991E-05 0.0695693 0.0363432 0.191542 0.00895063 0.474696
0.168406 0.0484069 0.0381977 0.0918569 0.0963568 9.9991E-05 0.556676
0.083485 0.117503 0.0441119 0.0569629 0.145443 0.0112589 0.541236
0.175854 0.00254307 0.00741591 0.063446 0.218009 9.9991E-05 0.532632
0.114377 0.195491 0.0059645 0.0479164 0.161391 9.9991E-05 0.47476
0.0686558 9.9982E-05 0.184664 0.269995 9.9982E-05 0.0802414 0.396244
0.146973 9.9991E-05 0.0602014 0.22339 0.0915397 0.0331431 0.444652
9.9964E-05 0.169861 0.332385 0.497354 9.9964E-05 9.9964E-05 9.9964E-05
9.9973E-05 9.9973E-05 0.237937 0.61365 9.9973E-05 0.0988593 0.0492543
0.0260077 0.182833 0.0823084 0.173862 0.0390395 0.0241789 0.471771
0.358545 0.0307112 9.9982E-05 0.183311 0.0508853 9.9982E-05 0.376348
0.335827 9.9982E-05 0.0767865 0.17439 0.0861055 9.9982E-05 0.326692
0.274307 0.0812958 9.9982E-05 0.273122 0.164702 9.9982E-05 0.206373
0.26036 0.128738 9.9982E-05 0.165586 0.132626 9.9982E-05 0.312491
0.0916422 9.9982E-05 0.0181927 0.67273 0.070931 9.9982E-05 0.146304
0.0739293 9.9982E-05 0.13431 0.475428 0.091198 9.9982E-05 0.224935
0.148335 0.0364718 0.142045 0.152386 9.9991E-05 0.0443032 0.47636
0.143439 9.9982E-05 0.19198 0.214504 0.0144579 9.9982E-05 0.435419
0.122563 9.9991E-05 0.100368 0.502834 0.0761781 0.00257684 0.19538
0.0645266 0.0817655 0.0465977 0.132369 0.0882803 0.0400016 0.546459
0.0992319 9.9973E-05 0.177674 0.161191 9.9973E-05 9.9973E-05 0.561603
0.143524 0.0724775 0.185541 0.0987906 0.0829278 0.0230784 0.393661
9.9973E-05 0.133612 0.117461 0.420918 9.9973E-05 9.9973E-05 0.327708
0.109692 0.0770757 0.191856 0.328016 9.9991E-05 0.0332241 0.260036
9.9991E-05 0.00452289 0.138581 0.206345 0.0648228 0.0371916 0.548437
0.0590836 0.152499 0.133354 0.1665 0.03723 0.0498254 0.401508
0.0867583 0.1571 0.0325167 0.190704 0.081459 0.0955785 0.355883
9.9955E-05 9.9955E-05 9.9955E-05 0.42321 9.9955E-05 9.9955E-05 0.57629
9.9973E-05 9.9973E-05 0.113667 0.546869 9.9973E-05 0.0819331 0.257231
0.0362235 9.9982E-05 0.200259 0.181763 0.032138 9.9982E-05 0.549417
9.9982E-05 0.0620208 0.210617 0.46187 9.9982E-05 0.0260717 0.23922
9.9982E-05 0.0830709 0.0381337 0.410793 9.9982E-05 0.0448094 0.422993
0.0641393 9.9982E-05 0.119423 0.156725 9.9982E-05 0.103798 0.555715
0.0225332 0.0926109 0.142325 0.178953 0.017591 0.1003 0.445687
0.122179 0.0447705 9.9982E-05 0.157444 0.180889 9.9982E-05 0.494517
0.157647 0.165663 0.102538 0.107563 0.157612 9.9991E-05 0.308878
0.26173 0.0187927 0.0883882 0.0974857 0.205787 0.0118177 0.315999
0.224075 0.0144485 0.0158206 0.153884 0.176573 0.0575716 0.357627
0.186115 0.0540572 0.0551244 0.0820338 0.126018 0.0445935 0.452058
0.0889758 0.0442296 0.0378254 0.130486 0.212173 0.00835758 0.477953
0.155167 9.9982E-05 0.0924377 0.52063 0.152271 0.0792947 9.9982E-05
0.175847 9.9991E-05 0.0234702 0.0813403 0.0724208 0.0527697 0.594052
0.139877 9.9964E-05 9.9964E-05 0.541283 0.318441 9.9964E-05 9.9964E-05
0.172843 9.9982E-05 0.00820923 0.186195 0.0193686 9.9982E-05 0.613184
9.9964E-05 9.9964E-05 0.332906 0.527353 9.9964E-05 9.9964E-05 0.139342
9.9964E-05 0.00604845 0.376467 0.617085 9.9964E-05 9.9964E-05 9.9964E-05
9.9982E-05 0.0178602 0.178945 0.255252 9.9982E-05 0.0382865 0.509457
0.0261378 0.0113536 0.0711865 0.236478 9.9982E-05 9.9982E-05 0.654644
9.9982E-05 0.101628 0.188581 0.337464 9.9982E-05 0.0024401 0.369687
9.9964E-05 9.9964E-05 0.263594 0.230493 9.9964E-05 9.9964E-05 0.505513
0.00729567 9.9973E-05 0.146511 0.255118 9.9973E-05 9.9973E-05 0.590775
0.0800144 0.0449068 0.018475 9.9982E-05 0.798954 9.9982E-05 0.0574497
0.114715 0.110367 9.9982E-05 0.0015878 0.6827 0.0904304 9.9982E-05
0.0512668 0.0176689 9.9973E-05 9.9973E-05 0.925438 0.00532668 9.9973E-05
9.9955E-05 9.9955E-05 9.9955E-05 9.9955E-05 0.910199 9.9955E-05 0.0893016
9.9991E-05 0.0953841 0.410943 0.00561441 0.0390097 0.0409047 0.408044
0.000826271 0.0831312 0.366545 9.9982E-05 0.0299443 9.9982E-05 0.519353
9.9964E-05 0.0449164 0.577064 9.9964E-05 9.9964E-05 9.9964E-05 0.37762
9.9973E-05 9.9973E-05 0.284897 9.9973E-05 0.120037 0.00531916 0.589447
0.08227 9.9991E-05 0.191264 0.0166848 0.115595 0.063656 0.530431
0.0138175 0.119958 0.550267 0.0321712 0.0378099 0.0517247 0.194252
0.0876835 9.9964E-05 0.494695 9.9964E-05 9.9964E-05 9.9964E-05 0.417222
9.9964E-05 9.9964E-05 0.549395 0.171443 9.9964E-05 9.9964E-05 0.278762
0.149965 0.0456248 9.9991E-05 0.0688869 0.191583 0.0429177 0.500922
0.05378 0.0449848 0.432114 0.091374 9.9991E-05 0.0274998 0.350147
0.0280951 0.114598 0.529137 9.9991E-05 0.0176982 0.0696993 0.240672
0.0111254 0.064458 0.381089 0.00121658 9.9982E-05 9.9982E-05 0.541911
0.0377076 9.9982E-05 0.511409 9.9982E-05 0.0378874 0.0702524 0.342544
0.0285471 9.9982E-05 0.365724 0.0274189 9.9982E-05 0.0259799 0.55213
0.0351045 0.0264275 0.407416 9.9982E-05 0.0485638 9.9982E-05 0.482288
9.9964E-05 9.9964E-05 0.909601 0.0806132 9.9964E-05 9.9964E-05 0.00938627
0.0379563 0.0676569 0.546065 0.190594 9.9982E-05 9.9982E-05 0.157528
0.0183113 9.9982E-05 0.548019 9.9982E-05 0.0399713 0.0563625 0.337136
9.9955E-05 9.9955E-05 0.778499 0.221001 9.9955E-05 9.9955E-05 9.9955E-05
9.9991E-05 0.0893026 0.351639 0.00618766 0.029359 0.119261 0.404151
9.9973E-05 9.9973E-05 0.55126 0.299097 9.9973E-05 0.0216443 0.127699
9.9955E-05 9.9955E-05 0.658537 0.340963 9.9955E-05 9.9955E-05 9.9955E-05
0.0355124 9.9982E-05 0.364949 0.0295008 0.0177628 9.9982E-05 0.552075
0.00717409 0.275115 0.594993 9.9982E-05 0.0310965 9.9982E-05 0.0914219
0.0713464 0.101112 0.466766 9.9982E-05 9.9982E-05 0.0245088 0.336066
0.106337 0.0693126 0.207027 0.0282875 0.124789 9.9991E-05 0.464147
9.9964E-05 0.102519 0.406497 9.9964E-05 9.9964E-05 9.9964E-05 0.490585
9.9982E-05 0.119069 0.0684841 0.205136 9.9982E-05 0.198705 0.408405
9.9982E-05 9.9982E-05 0.463781 0.0110525 0.070793 0.00319624 0.450977
9.9973E-05 0.16241 0.344031 9.9973E-05 0.0373006 9.9973E-05 0.455959
9.9973E-05 9.9973E-05 0.759547 0.0284777 9.9973E-05 0.00427909 0.207396
0.0282477 0.0357164 0.255925 0.05414 0.0451607 0.0138832 0.566928
9.9982E-05 0.0327886 0.0204746 0.133575 0.611488 0.201474 9.9982E-05
0.00245328 0.106347 0.0547987 0.0457751 0.741121 0.0494053 9.9991E-05
9.9973E-05 9.9973E-05 0.0143297 0.0668538 0.826789 0.0917276 9.9973E-05
9.9964E-05 9.9964E-05 9.9964E-05 0.00547779 0.805303 0.18882 9.9964E-05
9.9973E-05 0.0575775 9.9973E-05 0.0392259 0.723103 0.179793 9.9973E-05
0.0152451 0.187727 0.639359 9.9991E-05 0.0788197 0.0473378 0.0314117
9.9982E-05 0.144351 0.682755 0.0142803 0.0892013 9.9982E-05 0.0692128
9.9964E-05 9.9964E-05 0.715806 0.150101 9.9964E-05 9.9964E-05 0.133693
0.113603 0.0493309 0.223984 9.9991E-05 0.10966 0.0798662 0.423456
0.0668558 0.0555994 0.192949 0.00441261 0.0989349 0.00939326 0.571856
9.9973E-05 9.9973E-05 0.65056 0.0785659 0.0352561 9.9973E-05 0.235318
0.0577311 0.0832819 0.335664 9.9973E-05 9.9973E-05 9.9973E-05 0.523023
0.00901536 9.9991E-05 0.529702 0.0187661 0.0981426 0.00460824 0.339666
9.9973E-05 0.110097 0.305235 9.9973E-05 0.063018 9.9973E-05 0.52135
0.0237707 0.0238734 0.285976 9.9991E-05 0.0576976 0.0428009 0.565782
9.9973E-05 0.189021 0.567802 9.9973E-05 9.9973E-05 0.0537492 0.189127
9.9982E-05 0.129649 0.548394 9.9982E-05 0.0205692 0.0338735 0.267315
9.9973E-05 0.255499 0.530192 9.9973E-05 9.9973E-05 0.0346295 0.17938
9.9982E-05 9.9982E-05 0.0285087 0.228661 0.0864697 0.030574 0.625586
9.9982E-05 0.0287878 0.557559 9.9982E-05 0.037504 0.028853 0.347096
0.0447354 0.100453 0.378094 0.000875633 0.0110231 0.0710789 0.393741
0.358854 0.0225753 9.9982E-05 0.0855998 0.00852203 9.9982E-05 0.524248
0.507972 9.9982E-05 0.0296885 0.135812 0.0425965 9.9982E-05 0.283731
0.435135 9.9991E-05 0.0199657 0.0141466 0.090573 0.0462546 0.393825
0.456232 9.9982E-05 0.0103752 0.0311119 0.171998 9.9982E-05 0.330083
0.240271 0.06913 0.0833514 0.0118737 0.182834 0.00405132 0.408489
0.0491122 0.0656617 0.176574 0.265199 9.9982E-05 9.9982E-05 0.443252
0.666018 9.9973E-05 9.9973E-05 0.0329898 0.257976 9.9973E-05 0.0427166
0.496252 0.0223386 9.9982E-05 0.041323 0.147423 9.9982E-05 0.292464
0.168657 9.9991E-05 0.118539 0.126742 0.147741 0.016817 0.421404
9.9973E-05 0.107885 9.9973E-05 0.186644 0.138331 9.9973E-05 0.566841
0.00734361 0.225806 9.9991E-05 0.268282 0.109746 0.019419 0.369302
0.0666062 0.169337 9.9991E-05 0.148319 0.109091 0.00582046 0.500725
0.121616 0.0448743 0.0950546 0.166696 9.9991E-05 0.104104 0.467556
0.525438 9.9973E-05 9.9973E-05 0.0593999 0.144903 9.9973E-05 0.269958
0.313994 0.0285865 9.9991E-05 0.00424936 0.146955 0.110293 0.395821
0.443833 9.9973E-05 9.9973E-05 0.0381534 0.0578149 9.9973E-05 0.459898
0.264608 9.9982E-05 0.109877 9.9982E-05 0.198183 0.0429149 0.384217
0.521075 9.9982E-05 0.00249472 0.0178321 0.150283 9.9982E-05 0.308115
0.306381 0.0907608 0.140894 9.9982E-05 0.157736 9.9982E-05 0.304028
0.548377 0.0384267 9.9982E-05 0.020104 0.141238 9.9982E-05 0.251654
0.353088 0.0408275 9.9982E-05 9.9982E-05 0.08188 0.0751227 0.448882
0.0565801 9.9991E-05 0.130079 0.265305 0.0143141 0.000656917 0.532966
0.363371 9.9982E-05 0.100294 0.108331 0.123663 9.9982E-05 0.304141
0.614007 9.9973E-05 9.9973E-05 0.066001 0.172344 9.9973E-05 0.147348
0.511438 0.0898601 0.143648 9.9991E-05 0.0692478 0.065262 0.120445
9.9982E-05 0.357272 9.9982E-05 0.310548 0.17834 0.0537874 0.0998536
0.0745911 0.164354 9.9973E-05 0.216501 9.9973E-05 9.9973E-05 0.544254
0.400171 0.00417536 0.0278167 0.0906972 0.101064 0.0501758 0.3259
9.9982E-05 0.0822459 9.9982E-05 0.10787 0.118466 0.0529196 0.638299
9.9991E-05 0.0949993 0.174677 0.145711 0.17546 0.0298953 0.379157
0.122748 0.0491949 0.0801619 0.114083 0.214801 0.00289956 0.416112
0.25736 9.9973E-05 9.9973E-05 0.147256 0.193875 9.9973E-05 0.401209
0.103525 0.0508642 0.0198204 0.124383 0.0782047 0.0620345 0.561168
0.34643 9.9982E-05 0.076451 9.9982E-05 0.137765 0.0563818 0.382773
0.517036 0.0206534 9.9982E-05 0.0281772 0.10385 9.9982E-05 0.330083
0.668415 9.9973E-05 9.9973E-05 0.0794409 0.165646 9.9973E-05 0.086199
0.0562006 0.0782302 0.0657728 0.158783 0.0861983 0.0409314 0.513884
9.9982E-05 0.233475 0.0459506 0.199122 0.0868618 9.9982E-05 0.434391
9.9973E-05 9.9973E-05 0.00412573 0.682314 0.0753359 9.9973E-05 0.237924
0.106004 0.0842409 0.0306608 0.082884 0.128502 0.0733927 0.494315
0.0312566 0.166111 0.0427106 0.152406 0.117452 0.11332 0.376743
0.162761 0.0646871 0.0516839 0.14802 0.145479 9.9991E-05 0.427269
0.0330959 9.9991E-05 0.138555 0.0891313 0.110819 0.149648 0.478652
0.170002 9.9964E-05 9.9964E-05 0.52668 0.302918 9.9964E-05 9.9964E-05
0.130365 9.9964E-05 9.9964E-05 0.573809 0.295427 9.9964E-05 9.9964E-05
0.0939534 9.9991E-05 0.00662651 0.386667 0.160789 0.0345364 0.317328
0.208228 0.0222396 9.9982E-05 0.434038 0.322823 9.9982E-05 0.0124712
0.221224 9.9964E-05 9.9964E-05 0.384953 0.393422 9.9964E-05 9.9964E-05
0.0970178 0.0512723 9.9991E-05 0.340313 0.117258 0.0137911 0.380248
0.0731144 0.0979878 9.9982E-05 0.186225 0.2135 9.9982E-05 0.428972
0.169495 9.9991E-05 0.0507338 0.299427 0.270384 0.0299932 0.179867
0.141009 9.9973E-05 9.9973E-05 0.508562 0.259751 9.9973E-05 0.0903784
0.0799656 0.013835 0.0404824 0.201752 0.119186 9.9991E-05 0.544679
0.0906903 0.0594465 0.0246814 0.42036 0.191698 9.9991E-05 0.213024
0.0903915 9.9964E-05 9.9964E-05 0.522339 0.386869 9.9964E-05 9.9964E-05
0.22042 9.9991E-05 0.0354024 0.0610879 0.086232 0.14263 0.454127
0.184443 0.0338355 9.9991E-05 0.215555 0.15984 0.0160931 0.390134
0.158139 0.0454494 0.058697 9.9982E-05 0.32116 9.9982E-05 0.416355
0.222205 9.9964E-05 9.9964E-05 9.9964E-05 0.199589 9.9964E-05 0.577806
0.17213 9.9973E-05 0.0952588 9.9973E-05 0.162662 9.9973E-05 0.56965
0.234242 0.0482189 0.0646349 0.023938 0.205222 9.9991E-05 0.423644
0.20924 0.115749 9.9982E-05 0.0123417 0.384704 9.9982E-05 0.277765
0.10638 0.0179932 0.0270308 0.075517 0.249359 9.9991E-05 0.52362
0.255907 0.111597 0.0267775 9.9982E-05 0.192146 9.9982E-05 0.413374
0.239514 9.9982E-05 9.9982E-05 0.101447 0.228111 0.0907408 0.339988
0.13912 0.193217 0.204412 0.0617744 0.151769 9.9991E-05 0.249607
0.0398356 0.105315 0.118915 9.9982E-05 0.162516 9.9982E-05 0.573219
0.0785824 0.0309587 0.00474822 0.0568798 0.211015 0.0106814 0.607134
0.121041 0.075294 0.197114 9.9982E-05 0.0573441 9.9982E-05 0.549007
0.285722 0.0419448 9.9982E-05 0.0451802 0.275537 9.9982E-05 0.351416
0.167844 9.9982E-05 0.101969 0.00945604 0.220344 9.9982E-05 0.500187
0.193629 9.9982E-05 0.105613 0.185414 0.360056 9.9982E-05 0.155087
0.153168 0.0911808 9.9982E-05 9.9982E-05 0.199085 0.00324755 0.553118
0.319796 9.9973E-05 9.9973E-05 0.16973 0.284693 9.9973E-05 0.22548
9.9973E-05 9.9973E-05 0.0284053 0.0812689 0.787909 0.102117 9.9973E-05
0.0356096 0.122215 9.9991E-05 0.0285175 0.0267012 0.726979 0.0598776
9.9955E-05 0.0377763 9.9955E-05 9.9955E-05 9.9955E-05 0.961724 9.9955E-05
9.9973E-05 0.0172276 9.9973E-05 9.9973E-05 0.00911107 0.96049 0.0128715
9.9955E-05 9.9955E-05 9.9955E-05 9.9955E-05 9.9955E-05 0.955016 0.0444844
0.070589 9.9955E-05 9.9955E-05 9.9955E-05 9.9955E-05 0.928911 9.9955E-05
9.9955E-05 9.9955E-05 9.9955E-05 9.9955E-05 9.9955E-05 0.94482 0.0546797
0.00148054 0.0458058 0.0299229 9.9982E-05 0.00953613 0.913055 9.9982E-05
0.0373542 0.00874965 9.9982E-05 9.9982E-05 0.140298 0.797324 0.0160746
0.0144676 0.0430655 9.9982E-05 9.9982E-05 0.911731 0.023612 0.00692421
9.9973E-05 0.029764 9.9973E-05 9.9973E-05 0.785737 0.109128 0.0750711
0.0471005 9.9973E-05 9.9973E-05 9.9973E-05 0.884067 0.0231244 0.0454083
9.9973E-05 0.14822 9.9973E-05 0.0195812 0.775238 0.0566603 9.9973E-05
0.0301195 0.0984796 9.9964E-05 9.9964E-05 0.871001 9.9964E-05 9.9964E-05
0.00821558 9.9982E-05 0.0461935 0.0238567 0.899623 0.0219115 9.9982E-05
0.133833 0.075343 0.00782923 9.9991E-05 0.763352 0.00965349 0.00988874
0.0726269 9.9982E-05 0.0812583 0.0103602 0.835011 9.9982E-05 0.000543494
0.0390451 0.0132294 0.0225571 9.9991E-05 0.705212 0.165141 0.0547149
0.0603147 0.00341401 9.9973E-05 9.9973E-05 0.894217 9.9973E-05 0.0417539
9.9955E-05 9.9955E-05 9.9955E-05 9.9955E-05 0.936916 0.0625839 9.9955E-05
0.0564826 0.033927 0.0316043 0.00480647 0.856591 0.0164883 9.9991E-05
0.016332 9.9964E-05 9.9964E-05 9.9964E-05 0.929017 0.0542512 9.9964E-05
9.9964E-05 9.9964E-05 9.9964E-05 9.9964E-05 0.911632 0.00423985 0.0837282
9.9955E-05 9.9955E-05 9.9955E-05 9.9955E-05 0.879214 9.9955E-05 0.120286
0.0282797 9.9964E-05 9.9964E-05 9.9964E-05 0.830176 9.9964E-05 0.141144
0.0957009 9.9964E-05 9.9964E-05 9.9964E-05 0.770109 9.9964E-05 0.13379
0.0417989 9.9964E-05 9.9964E-05 9.9964E-05 0.777106 9.9964E-05 0.180696
0.0261813 9.9964E-05 9.9964E-05 9.9964E-05 0.808608 9.9964E-05 0.164811
9.9982E-05 0.194934 0.0679621 0.223693 0.109052 9.9982E-05 0.404159
9.9991E-05 0.00410179 0.0554316 0.125031 0.082957 0.0369495 0.695429
0.0546281 0.101362 0.14394 0.0764977 0.0986542 0.0176927 0.507225
0.00545661 9.9991E-05 0.0661877 0.732117 0.018394 0.00620954 0.171535
9.9982E-05 0.199391 9.9982E-05 0.121856 0.16117 0.0270902 0.490292
9.9964E-05 9.9964E-05 9.9964E-05 0.727716 0.125617 9.9964E-05 0.146268
0.0909578 9.9982E-05 9.9982E-05 0.232859 0.0576007 0.00821429 0.610168
9.9991E-05 0.257577 0.048876 0.205368 0.0523111 0.0416238 0.394144
9.9973E-05 0.132409 9.9973E-05 0.229986 0.107118 9.9973E-05 0.530187
0.067526 0.152536 0.358422 9.9982E-05 0.0206748 9.9982E-05 0.400641
9.9991E-05 0.183501 0.0124896 0.230921 0.0450506 0.106954 0.420984
9.9973E-05 9.9973E-05 0.15998 0.113871 0.101349 9.9973E-05 0.6245
9.9991E-05 0.102678 0.0516986 0.140936 0.0221257 0.0811851 0.601277
0.0314281 0.197068 0.122392 0.229096 9.9991E-05 0.31975 0.100166
9.9973E-05 9.9973E-05 0.0854105 0.7892 0.00574374 0.119346 9.9973E-05
0.00934278 9.9982E-05 9.9982E-05 0.677231 0.0158794 0.0780367 0.21931
0.0258848 0.127506 9.9991E-05 0.101123 0.101382 0.029867 0.614137
9.9973E-05 0.169367 9.9973E-05 0.216061 0.105834 9.9973E-05 0.508438
9.9991E-05 0.0170931 0.00123092 0.261182 0.131865 0.0572537 0.531275
0.130409 9.9973E-05 0.095413 0.194301 9.9973E-05 9.9973E-05 0.579577
