0.0755031 9.9973E-05 9.9973E-05 0.0339189 9.9973E-05 0.0467107 0.843567
9.9973E-05 0.0005082 9.9973E-05 0.0125346 9.9973E-05 0.0355008 0.951157
9.9982E-05 0.0576061 9.9982E-05 0.002717 0.0375777 0.0103157 0.891584
9.9973E-05 0.126096 9.9973E-05 0.0335254 9.9973E-05 0.0300396 0.810039
9.9955E-05 0.0869856 9.9955E-05 9.9955E-05 9.9955E-05 9.9955E-05 0.912515
0.0179675 0.093977 0.136377 0.0323761 0.0196281 0.0231885 0.676486
9.999E-05 0.0036381 0.109781 0.0369575 0.0100277 0.0310508 0.808445
0.00186862 0.0309404 0.13682 0.067812 9.9991E-05 0.035792 0.726667
9.99729E-05 9.99729E-05 0.0397847 0.122566 9.99729E-05 0.0223682 0.814981
9.9973E-05 0.0542529 0.116925 0.0485311 9.9973E-05 9.9973E-05 0.779991
9.9982E-05 0.0969218 0.111769 0.0381919 9.9982E-05 0.00856199 0.744356
0.0392292 0.221236 0.0434834 0.48895 0.180237 9.9991E-05 0.0267649
0.0158584 0.589872 0.021613 0.266686 0.0380881 0.0126151 0.0552676
0.0916763 0.231561 0.102807 0.48528 0.0814016 0.00717517 9.9991E-05
0.13794 0.278874 0.00882982 0.470091 0.0601715 0.0313035 0.01279
0.0964754 0.457818 0.00699206 0.307531 0.0275701 0.00961569 0.0939968
0.0833103 0.588232 0.0686239 0.219447 0.0152746 0.0250118 9.9991E-05
0.0348951 0.481064 0.0779341 0.27572 0.0940477 0.0307439 0.00559557
0.076432 0.277834 0.0915533 0.402076 0.0433413 0.00332296 0.105441
0.0042474 0.0573995 0.115077 0.697665 0.090965 9.9991E-05 0.0345465
0.0584372 0.423145 0.0541275 0.30681 0.10932 0.0298721 0.0182872
0.0475313 0.48165 0.262161 0.153747 0.0115593 0.0196742 0.0236764
0.0282857 0.550637 0.0359746 0.193 0.1431 0.0424045 0.00659877
0.0407278 0.238119 0.0790572 0.425429 0.140688 0.0123158 0.0636627
0.0575431 0.665915 0.0150245 0.142337 9.9991E-05 0.0523346 0.0667459
0.013629 0.535489 0.0322552 0.253948 0.0779859 0.00489022 0.0818029
0.0320633 0.231963 0.0649891 0.494625 0.1319 9.9991E-05 0.0443594
0.0938393 0.269171 0.015701 0.433287 0.117584 9.9991E-05 0.0703174
9.9982E-05 0.248001 0.103319 0.46184 0.158014 9.9982E-05 0.0286262
9.995E-05 9.995E-05 9.995E-05 9.995E-05 9.995E-05 0.9994 9.995E-05
9.995E-05 9.995E-05 9.995E-05 9.995E-05 9.995E-05 0.9994 9.995E-05
0.0884594 0.0414852 9.9982E-05 0.00878032 9.9982E-05 0.389253 0.471822
0.0750882 0.121016 9.9973E-05 9.9973E-05 9.9973E-05 0.310705 0.492891
9.999E-05 0.491446 0.0345051 0.112877 0.257364 0.0388469 0.0648622
0.0560568 0.491897 0.0166972 0.0508842 0.313142 0.0195184 0.0518047
0.0212972 0.507757 0.0497596 9.9991E-05 0.397541 0.00360432 0.0199409
9.9982E-05 0.201349 9.9982E-05 0.639824 0.124969 0.00538953 0.0282689
0.0325771 0.213651 0.153321 9.9982E-05 0.587924 0.0123267 9.9982E-05
0.0544801 0.512817 9.9991E-05 0.123677 0.185349 0.041012 0.082566
9.9982E-05 0.702343 0.00396976 0.00304375 0.207319 9.9982E-05 0.0831249
9.9991E-05 0.547503 0.184255 0.0496469 0.0806615 0.00410171 0.133732
9.999E-05 0.610989 0.084159 0.102739 0.0679173 0.0326957 0.1014
9.9973E-05 0.0994476 9.9973E-05 0.190394 0.654455 9.9973E-05 0.0554041
9.9982E-05 0.676677 0.212235 0.0246412 9.9982E-05 0.00437174 0.081875
0.0528215 0.575713 0.0727676 9.9982E-05 0.199435 9.9982E-05 0.0990627
0.0209814 0.630277 0.109828 0.00372336 0.0879852 0.0196634 0.127542
9.9964E-05 0.320027 0.0804147 9.9964E-05 0.599159 9.9964E-05 9.9964E-05
0.0233988 0.588756 0.00162809 0.0428454 0.264499 0.0217759 0.0570963
0.0488153 0.545749 0.0757889 9.9991E-05 0.222072 0.0130063 0.0944693
9.9964E-05 9.9964E-05 0.41356 9.9964E-05 0.58277 9.9964E-05 0.00326963
9.9973E-05 0.204036 0.106713 0.614821 0.0741291 9.9973E-05 9.9973E-05
0.0690582 0.153327 0.380815 0.257964 0.138243 9.9991E-05 0.000492839
0.0561974 0.616911 0.128625 0.0989608 0.0365321 0.009831 0.0529424
0.0291305 0.65023 0.125884 0.121499 9.9982E-05 9.9982E-05 0.0730559
0.0377836 0.658727 0.186266 0.0359023 0.00103999 0.0133157 0.0669653
9.9991E-05 0.217184 0.0838518 0.486399 0.0908234 0.0288674 0.0927749
0.00659141 0.560341 0.0264903 0.312082 0.051493 0.0429032 9.9991E-05
0.0560078 0.581947 0.00391032 0.156275 0.13234 0.0201633 0.0493567
0.0164363 0.426737 0.110926 0.259798 0.094632 0.00923197 0.0822383
0.0391504 0.115874 0.137349 0.480229 0.0891626 9.9991E-05 0.138135
0.0144574 0.596433 0.0718768 0.130507 0.0875382 0.0227974 0.07639
0.0726602 0.452843 0.031175 0.268103 0.105634 0.04829 0.0212942
9.9991E-05 0.0931488 0.140906 0.570134 0.127695 0.0531419 0.0148751
9.9991E-05 0.447192 0.0244317 0.364103 0.138164 0.023897 0.00211248
0.0530788 0.566527 0.13213 0.117709 0.0728755 0.0297169 0.0279623
9.9991E-05 0.669022 0.0516098 0.138669 0.00784557 0.0458651 0.0868883
0.043517 0.284076 0.113441 0.352341 0.145597 0.0597037 0.00132419
0.022177 0.513669 0.0917548 0.235402 0.0905671 0.0463301 9.9991E-05
0.0539434 0.569553 0.107574 0.166752 0.0730457 0.00711057 0.0220211
9.9982E-05 0.245549 0.0875751 0.500312 0.128228 0.038136 9.9982E-05
9.9973E-05 0.436416 9.9973E-05 0.0368715 0.492953 9.9973E-05 0.0334601
0.00080048 0.170537 9.9991E-05 0.0598342 0.743362 0.0240326 0.00133396
0.0508532 0.511345 0.0310156 0.0568469 0.236495 0.0502459 0.0631978
9.9955E-05 9.9955E-05 0.192644 9.9955E-05 0.806857 9.9955E-05 9.9955E-05
9.9955E-05 9.9955E-05 0.209571 9.9955E-05 0.789929 9.9955E-05 9.9955E-05
9.9964E-05 0.221075 0.0998361 9.9964E-05 0.678689 9.9964E-05 9.9964E-05
9.9982E-05 0.449439 9.9982E-05 0.0526628 0.464974 0.0234141 0.00930997
0.0330553 0.564019 0.0436934 0.0517837 0.154152 0.0117604 0.141536
0.0268709 0.433795 0.0305527 9.9982E-05 0.504041 0.00454017 9.9982E-05
9.9973E-05 0.127059 9.9973E-05 0.175274 0.646342 9.9973E-05 0.051025
9.9982E-05 0.233651 9.9982E-05 0.177421 0.58079 0.00243331 0.00550473
0.0548939 0.465386 0.0309275 0.0426457 0.332582 0.00867309 0.0648918
0.0286928 0.281991 9.9991E-05 0.040044 0.586018 0.00526425 0.0578894
0.0139613 0.400453 9.9982E-05 0.0931518 0.462734 0.0294999 9.9982E-05
9.9964E-05 0.411624 0.080899 9.9964E-05 0.507078 9.9964E-05 9.9964E-05
9.9955E-05 9.9955E-05 0.367826 9.9955E-05 0.631674 9.9955E-05 9.9955E-05
0.0303869 0.607282 9.9991E-05 0.0257225 0.307493 0.0116664 0.0173495
9.9982E-05 0.0646474 9.9982E-05 0.0903046 0.0036012 0.0662036 0.775043
9.9964E-05 0.0698767 9.9964E-05 9.9964E-05 9.9964E-05 0.061026 0.868697
0.0125353 0.109088 9.9973E-05 9.9973E-05 9.9973E-05 0.0345313 0.843545
0.0339209 0.0130961 9.9973E-05 9.9973E-05 9.9973E-05 0.0441056 0.908578
0.0459491 9.9973E-05 9.9973E-05 9.9973E-05 0.0047817 0.0282743 0.920695
0.0234839 0.0960945 0.00362779 9.9982E-05 9.9982E-05 0.0207381 0.855856
9.9964E-05 0.0650444 9.9964E-05 9.9964E-05 9.9964E-05 0.0209325 0.913623
0.0407775 0.534703 0.0430806 0.0643759 0.226889 0.0448709 0.0453031
0.0791774 0.539129 0.0460304 0.0590478 0.178561 0.0868334 0.0112206
9.9982E-05 0.0149524 0.00287097 0.213233 0.720798 9.9982E-05 0.0479464
0.0550485 0.579164 0.0778266 0.0743724 0.139939 0.0239294 0.0497196
9.9982E-05 0.353733 9.9982E-05 0.13083 0.465447 0.033339 0.0164511
9.9982E-05 0.512444 9.9982E-05 0.0479383 0.357658 0.0347994 0.0469612
9.9982E-05 0.581841 0.134143 0.006677 0.235072 9.9982E-05 0.042067
0.0411878 0.504764 0.0312817 0.0384943 0.359726 0.0244466 9.9991E-05
9.9964E-05 9.9964E-05 9.9964E-05 0.250013 0.696427 9.9964E-05 0.0531603
0.0200372 0.499341 0.0672928 0.119987 0.159872 0.0325258 0.100943
0.000385562 0.660451 0.0341058 0.0496965 0.150235 0.0111856 0.0939413
0.000104813 0.597294 0.00456778 0.0886602 0.166803 0.036564 0.106006
0.00423228 0.233325 0.226394 9.9982E-05 0.51953 0.0163195 9.9982E-05
0.0082881 0.483361 0.0731148 9.9982E-05 0.431395 0.00364058 9.9982E-05
9.9973E-05 0.431092 9.9973E-05 0.143998 0.402978 9.9973E-05 0.0216311
0.0240851 0.331245 0.0788634 9.9982E-05 0.553548 0.0120581 9.9982E-05
9.9982E-05 0.408216 9.9982E-05 0.117295 0.418513 0.0144551 0.0413202
0.0467839 0.55691 0.0416803 0.0912814 0.184569 0.0302991 0.0484762
0.0453021 0.342352 0.197251 0.377365 0.020399 0.0172299 9.9991E-05
9.9982E-05 0.479365 0.0683405 0.345282 0.0270653 9.9982E-05 0.0797466
0.0563093 0.549834 0.079435 0.200229 0.0053198 0.0440775 0.0647952
0.0513212 0.568702 0.0620368 0.157989 0.0450278 0.00780208 0.107121
9.9991E-05 0.490693 0.0159761 0.380285 0.0573866 0.0317272 0.0238317
0.0161237 0.616294 0.028179 0.272239 0.0139292 0.0103085 0.0429266
9.9982E-05 0.507509 0.0217075 0.434186 9.9982E-05 0.018073 0.0183241
0.0240431 0.512176 0.147132 0.146674 0.0617951 0.0416427 0.0665372
0.0392131 0.65007 0.0242235 0.240056 9.9982E-05 9.9982E-05 0.0462372
9.9991E-05 0.601058 0.0867742 0.231089 0.0172889 0.0177393 0.0459504
9.9991E-05 0.57363 0.00180496 0.294181 0.0899908 0.0107369 0.0295566
0.0563881 0.64857 0.0849395 0.152288 9.9982E-05 9.9982E-05 0.0576137
0.0517207 0.593654 0.120688 0.149785 0.00993611 9.9991E-05 0.0741159
0.078292 0.589867 0.0996516 0.200862 0.031127 9.9982E-05 9.9982E-05
0.0833504 0.598649 0.134637 0.118906 0.0322786 9.9991E-05 0.0320787
0.0844321 0.592945 0.101609 0.159957 0.0506797 0.0102764 9.9991E-05
0.0366286 0.354206 0.268513 0.267834 0.00541179 0.0220444 0.0453626
0.0271296 0.630417 0.11899 0.107062 0.0433232 0.00498907 0.06809
0.0355655 0.652938 0.104533 0.192727 9.9982E-05 0.0140375 9.9982E-05
0.0320292 0.188912 0.0379383 0.574368 0.152365 9.9991E-05 0.0142875
0.0291158 0.175864 0.413109 0.322883 0.0588279 9.9982E-05 9.9982E-05
0.0106419 0.567366 0.0661955 0.184798 0.100801 9.9991E-05 0.070098
0.00357263 0.100697 0.459617 0.313429 0.122485 9.9982E-05 9.9982E-05
9.9982E-05 0.370295 0.0388591 0.515941 0.0680796 0.00662533 9.9982E-05
9.9973E-05 0.473074 0.011351 0.432944 0.0823314 9.9973E-05 9.9973E-05
9.9991E-05 0.352621 0.028148 0.474396 0.116293 0.0280982 0.000343729
9.9973E-05 0.370209 0.0167805 0.5164 0.0963103 9.9973E-05 9.9973E-05
0.011251 0.617574 0.0476661 0.209908 0.0324267 0.0137427 0.0674308
0.063444 0.55334 0.0851372 0.144452 0.0586841 0.000881215 0.0940613
0.0135466 0.594466 0.0231994 0.207185 0.0978764 0.0112897 0.0524364
0.00576461 0.22237 0.35293 0.371696 0.0470391 9.9982E-05 9.9982E-05
0.0367652 0.523571 0.0960088 0.127099 0.06484 9.9991E-05 0.151615
0.0188746 0.522265 0.288205 0.0520488 0.0293221 9.9991E-05 0.0891846
9.9982E-05 9.9982E-05 0.711443 0.0890004 0.0887777 0.00580326 0.104776
0.0630293 0.668666 0.138924 9.9982E-05 0.0427743 9.9982E-05 0.0864066
0.0139121 0.324314 0.403348 0.0233764 0.123511 0.0131399 0.0983989
0.0482873 0.535529 0.255974 0.0224534 0.0191602 0.0433671 0.0752294
9.9991E-05 0.26712 0.505271 0.112555 0.0240016 0.0294915 0.0614602
9.9991E-05 0.103767 0.615301 0.119579 0.0756615 0.0349409 0.0506505
0.0137658 0.431132 0.350869 0.0647506 0.081233 9.9991E-05 0.0581502
0.068242 0.480605 0.160753 0.118361 0.0636794 0.00265354 0.105706
0.0513715 0.458108 0.20916 0.14153 0.0293885 0.00537569 0.105066
0.0792636 0.0954887 0.515875 0.0860979 0.193806 0.0171926 0.0122767
0.0722576 0.544217 0.130279 0.0423642 0.094316 0.0337093 0.082857
9.9973E-05 0.331982 0.515312 0.10325 0.0491566 9.9973E-05 9.9973E-05
9.9973E-05 0.469133 0.353102 0.0999075 0.0775582 9.9973E-05 9.9973E-05
0.04453 0.552761 0.167201 0.0802926 0.0702799 0.000141646 0.0847937
0.222808 0.151876 0.240089 9.9982E-05 9.9982E-05 0.0351835 0.349843
0.137402 9.9973E-05 0.392552 9.9973E-05 9.9973E-05 0.00060476 0.469141
0.118332 9.9973E-05 0.406656 9.9973E-05 9.9973E-05 0.00719944 0.467512
0.24365 0.101713 0.277813 9.9973E-05 9.9973E-05 9.9973E-05 0.376525
9.9982E-05 0.617235 0.295839 0.0183519 0.0566594 0.0117146 9.9982E-05
0.0594493 0.619755 0.14004 0.0178375 0.0151572 0.0347753 0.112986
0.670413 0.323485 9.9964E-05 9.9964E-05 9.9964E-05 0.00570272 9.9964E-05
0.431428 0.38033 9.9991E-05 0.0622608 0.0911527 0.0100635 0.0246655
0.439032 0.320721 9.9991E-05 0.129727 0.0700149 0.0402428 0.000161948
9.9982E-05 0.329949 0.580407 0.0793958 0.0042992 0.00574877 9.9982E-05
0.0546643 0.493014 0.196928 0.109741 0.0502617 0.0167154 0.0786762
9.9964E-05 0.280472 0.612712 0.106416 9.9964E-05 9.9964E-05 9.9964E-05
9.9973E-05 0.638282 0.306946 0.0205149 9.9973E-05 9.9973E-05 0.0339564
0.00156342 0.498622 0.361628 0.0416592 0.0152246 9.9991E-05 0.0812025
9.9964E-05 0.618983 0.356508 9.9964E-05 9.9964E-05 0.0241093 9.9964E-05
9.9973E-05 0.233741 0.684611 0.0394099 0.0419377 9.9973E-05 9.9973E-05
0.0240017 0.674578 0.171037 9.9991E-05 0.0709234 0.0419265 0.0174332
9.9973E-05 0.647502 0.188505 0.0588731 9.9973E-05 9.9973E-05 0.10482
0.977419 9.9955E-05 9.9955E-05 0.0220811 9.9955E-05 9.9955E-05 9.9955E-05
0.900718 0.0668857 9.9964E-05 9.9964E-05 0.0319961 9.9964E-05 9.9964E-05
0.519753 0.282468 9.9991E-05 0.0475153 0.0591139 0.00986754 0.0811821
0.608205 0.358018 9.9982E-05 0.0246342 9.9982E-05 0.00450602 0.00443678
0.822646 0.125736 9.9982E-05 0.0291546 0.00788114 0.014383 9.9982E-05
0.9994 9.995E-05 9.995E-05 9.995E-05 9.995E-05 9.995E-05 9.995E-05
0.958981 9.9955E-05 9.9955E-05 0.0405195 9.9955E-05 9.9955E-05 9.9955E-05
0.8405 0.159 9.9955E-05 9.9955E-05 9.9955E-05 9.9955E-05 9.9955E-05
0.932474 9.9973E-05 9.9973E-05 0.0265282 0.0220712 0.0186264 9.9973E-05
0.9994 9.995E-05 9.995E-05 9.995E-05 9.995E-05 9.995E-05 9.995E-05
0.9994 9.995E-05 9.995E-05 9.995E-05 9.995E-05 9.995E-05 9.995E-05
0.776315 0.200711 9.9982E-05 0.0101693 0.00467421 0.00793057 9.9982E-05
0.779259 0.112066 9.9982E-05 0.0220232 0.0543735 9.9982E-05 0.0320784
0.9994 9.995E-05 9.995E-05 9.995E-05 9.995E-05 9.995E-05 9.995E-05
0.40254 0.32643 0.0219227 0.091782 0.0734901 0.0255906 0.0582451
0.649217 0.237011 9.9982E-05 0.0566706 9.9982E-05 0.0280675 0.0288334
0.798271 0.157817 9.9973E-05 9.9973E-05 9.9973E-05 0.0171303 0.0264818
0.903248 0.0782589 9.9964E-05 9.9964E-05 0.0180928 9.9964E-05 9.9964E-05
0.9994 9.995E-05 9.995E-05 9.995E-05 9.995E-05 9.995E-05 9.995E-05
0.95804 0.033901 9.9964E-05 9.9964E-05 9.9964E-05 0.00765912 9.9964E-05
0.9994 9.995E-05 9.995E-05 9.995E-05 9.995E-05 9.995E-05 9.995E-05
0.652328 0.201197 9.9991E-05 0.0152545 0.079598 0.0257836 0.0257387
0.958155 9.9973E-05 9.9973E-05 0.0140838 0.0149875 0.0124739 9.9973E-05
0.0327888 9.9964E-05 0.656923 9.9964E-05 9.9964E-05 9.9964E-05 0.309889
0.118036 0.347362 0.271595 0.0720599 9.9991E-05 0.0416281 0.149219
0.0199839 0.483702 0.301013 9.9982E-05 9.9982E-05 0.0233902 0.171711
0.125125 0.17629 0.485277 0.00439877 9.9991E-05 0.0127249 0.196084
0.116304 0.415159 0.144305 0.0701056 0.111986 0.0210399 0.1211
0.105508 0.105016 0.537248 9.9982E-05 9.9982E-05 0.0284611 0.223568
0.101967 0.430439 0.23798 0.0614358 9.9991E-05 0.0119911 0.156087
0.0815957 0.338088 0.377575 9.9973E-05 9.9973E-05 9.9973E-05 0.202441
0.114596 0.478808 0.227336 9.9982E-05 9.9982E-05 0.0144616 0.164598
0.108684 0.3778 0.293738 9.9991E-05 0.0203726 0.029856 0.169449
0.122756 0.457117 0.188521 9.9991E-05 0.0537492 0.0369389 0.140819
9.9973E-05 0.065135 0.0388699 9.9973E-05 9.9973E-05 0.0065283 0.889167
0.0694431 9.9982E-05 0.0248408 9.9982E-05 0.016794 0.0280076 0.860715
9.9973E-05 0.0324273 0.00280345 9.9973E-05 9.9973E-05 0.0497324 0.914737
9.9973E-05 9.9973E-05 0.00716543 9.9973E-05 0.0140124 0.0062803 0.972242
9.9973E-05 0.0578237 9.9973E-05 0.0227407 9.9973E-05 0.0466586 0.872477
9.9964E-05 0.00959979 9.9964E-05 9.9964E-05 9.9964E-05 0.0416347 0.948366
0.00667198 0.0400174 9.9982E-05 0.0174958 9.9982E-05 0.0550316 0.880583
9.9964E-05 9.9964E-05 9.9964E-05 0.0500292 9.9964E-05 0.0444106 0.90516
0.024657 9.9991E-05 0.00860226 0.0103447 0.0395814 0.0268276 0.889887
0.023025 0.00588325 0.0502638 0.0321295 9.9991E-05 0.0315794 0.857019
9.9973E-05 9.9973E-05 0.0422956 0.299172 0.0473829 9.9973E-05 0.61085
9.9982E-05 9.9982E-05 0.0361223 0.336675 0.0130678 0.0250617 0.588873
9.9982E-05 9.9982E-05 0.0803377 0.339436 0.0299729 0.0143797 0.535674
9.9964E-05 9.9964E-05 0.113527 0.426451 9.9964E-05 9.9964E-05 0.459622
0.00454819 0.483336 9.9991E-05 0.141604 0.30086 0.0139689 0.0555823
0.0358796 0.481123 9.9991E-05 0.102357 0.308543 0.00246644 0.0695316
9.9982E-05 0.525029 9.9982E-05 0.242107 0.210528 0.0154984 0.00663696
9.9973E-05 0.36771 9.9973E-05 0.272481 0.318979 0.0405292 9.9973E-05
0.0078226 0.221822 0.0710713 0.631457 0.0676264 9.9982E-05 9.9982E-05
0.00498442 0.655967 0.00451132 0.0987278 0.176303 9.9991E-05 0.059407
9.9973E-05 0.589111 0.0132157 0.108865 0.288509 9.9973E-05 9.9973E-05
9.9982E-05 0.558136 0.147255 0.0362311 0.23715 0.0210288 9.9982E-05
0.0113982 0.360729 0.0867508 9.9973E-05 0.540823 9.9973E-05 9.9973E-05
0.0333063 0.602917 0.108808 0.113297 0.132166 9.9991E-05 0.00940424
9.9982E-05 0.390457 9.9982E-05 0.0647044 0.493335 0.0184296 0.0328736
9.9955E-05 9.9955E-05 0.279463 9.9955E-05 0.720037 9.9955E-05 9.9955E-05
9.9982E-05 0.572655 9.9982E-05 0.148751 0.182953 0.0398273 0.0556131
9.9964E-05 0.171832 0.248098 9.9964E-05 0.57967 9.9964E-05 9.9964E-05
9.9982E-05 0.522107 0.0810288 0.0144704 0.350719 0.0314753 9.9982E-05
9.9973E-05 0.0960232 9.9973E-05 0.211132 0.682958 9.9973E-05 0.00958674
9.9964E-05 9.9964E-05 0.0654813 0.786662 9.9964E-05 9.9964E-05 0.147457
9.9973E-05 0.0668305 0.107461 0.710358 9.9973E-05 9.9973E-05 0.11505
9.9982E-05 0.0275157 0.114 0.744701 9.9982E-05 0.00702005 0.106564
9.9964E-05 9.9964E-05 0.0556486 0.816694 9.9964E-05 9.9964E-05 0.127258
9.9973E-05 0.10725 0.0927576 0.761112 9.9973E-05 9.9973E-05 0.0385805
9.9982E-05 0.125416 0.0687399 0.727011 9.9982E-05 0.0141467 0.064487
0.0180498 0.0550251 9.9982E-05 9.9982E-05 0.0298938 0.00802707 0.888804
9.9964E-05 0.144415 9.9964E-05 0.013543 9.9964E-05 9.9964E-05 0.841642
0.0359717 0.127672 0.00839445 0.0193145 0.0187459 0.0248836 0.765018
0.058887 0.0190699 9.9973E-05 9.9973E-05 0.0651197 9.9973E-05 0.856624
0.0213729 0.152844 9.9991E-05 0.0136141 0.00806858 0.0274695 0.776531
9.9973E-05 9.9973E-05 0.0465027 0.543505 9.9973E-05 0.0204402 0.389252
9.9973E-05 9.9973E-05 0.0255395 0.545097 9.9973E-05 0.0293725 0.399691
0.00460314 0.0105718 0.0264055 0.513473 9.9991E-05 0.0287142 0.416132
9.995E-05 9.995E-05 9.995E-05 9.995E-05 9.995E-05 0.9994 9.995E-05
9.9982E-05 9.9982E-05 0.0278508 0.531767 0.0298079 0.027554 0.382821
0.298906 0.287867 0.127196 9.9982E-05 9.9982E-05 0.0158059 0.270025
0.233345 0.539286 0.0331158 0.0425175 0.0152295 0.00957344 0.126932
0.225931 0.575619 9.9964E-05 9.9964E-05 9.9964E-05 9.9964E-05 0.19805
0.242627 0.34726 0.128783 9.9973E-05 9.9973E-05 9.9973E-05 0.281031
0.125014 0.533427 0.0311375 0.107578 0.0470715 0.0192024 0.136571
0.29279 9.9973E-05 0.267954 9.9973E-05 9.9973E-05 0.00815678 0.430799
9.9982E-05 0.471435 0.0868889 0.42965 9.9982E-05 0.00738422 0.00444157
9.9973E-05 0.469362 0.282404 0.178839 0.0690949 9.9973E-05 9.9973E-05
9.9991E-05 0.30335 0.0390248 0.552787 0.0953158 0.0047097 0.00471298
9.9973E-05 0.563104 0.202812 0.197559 0.0362242 9.9973E-05 9.9973E-05
9.9964E-05 9.9964E-05 0.60804 0.336784 0.0547763 9.9964E-05 9.9964E-05
0.0561483 0.551484 0.106511 0.11236 0.061869 0.0116186 0.100009
0.0190424 0.534879 0.227113 0.160047 0.0319387 0.00918478 0.0177947
9.9991E-05 0.363466 0.0872768 0.444126 0.0660474 0.0283678 0.0106159
0.03855 0.538226 0.0698466 0.187166 0.0555701 0.0267729 0.0838691
9.9973E-05 0.14224 0.390953 0.327978 0.138529 9.9973E-05 9.9973E-05
0.0137768 0.599058 0.164371 0.145438 0.0548284 9.9991E-05 0.0224277
0.0472439 0.462862 0.00825827 0.370814 0.0984725 0.00849292 0.00385625
0.169161 0.424264 0.125698 0.105267 0.0863579 9.9991E-05 0.0891513
0.0200967 0.38269 0.29362 0.240119 0.0632746 9.9982E-05 9.9982E-05
0.01726 0.425208 0.215123 0.234056 0.0980179 0.0102344 9.9991E-05
9.9982E-05 0.644606 0.137043 0.184799 0.028529 9.9982E-05 0.00482289
9.9973E-05 0.582033 0.153822 0.238166 0.0256792 9.9973E-05 9.9973E-05
0.0281811 0.672486 0.134598 0.115656 9.9991E-05 0.0127303 0.0362486
0.0641965 0.573456 0.0555689 0.125908 0.061632 0.0197482 0.09949
0.0222677 0.567377 0.0659838 0.146589 0.109556 0.0132905 0.0749372
0.0346838 0.10556 9.9973E-05 9.9973E-05 9.9973E-05 0.0236547 0.835802
9.9964E-05 0.103759 9.9964E-05 9.9964E-05 9.9964E-05 0.0161323 0.879708
9.9973E-05 0.0671341 9.9973E-05 0.0296753 9.9973E-05 0.0541646 0.848726
0.0564729 9.9982E-05 9.9982E-05 0.0221771 0.0206074 0.0277618 0.872781
9.9964E-05 0.0808746 9.9964E-05 9.9964E-05 9.9964E-05 0.0285658 0.89016
0.0633648 0.135145 0.0926725 0.593904 0.102292 9.9991E-05 0.0125207
0.0461245 0.552873 0.133226 0.185768 0.0503635 0.00184227 0.0298022
0.209637 0.411993 0.159965 0.0118759 9.9991E-05 0.0131262 0.193303
0.048349 0.634155 9.9991E-05 0.201023 0.0916889 0.016898 0.00778627
0.0476803 0.493302 9.9982E-05 0.313136 0.127275 0.0184068 9.9982E-05
9.9973E-05 0.310487 0.332818 0.276907 0.0794876 9.9973E-05 9.9973E-05
9.9991E-05 0.0164271 0.0657649 0.766901 0.0772075 0.0234718 0.0501278
0.0432581 0.458494 0.00853284 0.339774 0.0846208 0.0221351 0.0431853
0.0569377 0.266255 0.0515038 0.572799 0.0109863 9.9991E-05 0.0414181
0.0108559 0.486749 0.169726 0.202694 0.0838983 0.0163707 0.0297063
0.0105955 0.174466 0.0900646 0.614389 0.0212699 9.9991E-05 0.0891142
0.0881523 0.551619 0.00885523 0.238078 0.0604936 9.9991E-05 0.0527013
0.0222353 0.152022 0.100707 0.565176 0.104667 0.0329294 0.0222629
0.112032 0.249764 0.281722 0.305977 0.0503058 9.9982E-05 9.9982E-05
9.9982E-05 0.573415 0.199387 0.127196 0.022098 9.9982E-05 0.077703
9.9964E-05 0.353247 0.557362 0.0889906 9.9964E-05 9.9964E-05 9.9964E-05
9.9964E-05 0.554179 0.358473 9.9964E-05 9.9964E-05 9.9964E-05 0.0869481
0.0280674 0.557446 0.196166 0.0435036 0.0464029 0.0219137 0.1065
9.9973E-05 0.291648 0.604342 0.0640957 0.0396147 9.9973E-05 9.9973E-05
0.0685431 0.520103 0.169037 0.0618219 0.100489 0.0122671 0.0677388
9.9991E-05 0.529642 0.340301 0.045502 0.0315937 0.0138522 0.0390088
9.9973E-05 0.184946 0.726153 0.0275588 0.0610417 9.9973E-05 9.9973E-05
9.9973E-05 0.262274 0.724836 0.00340088 9.9973E-05 0.0091892 9.9973E-05
9.9991E-05 0.480131 0.402985 0.0486762 0.0348979 0.02096 0.0122496
9.9982E-05 0.0739183 0.711181 0.0867638 0.122538 0.00539935 9.9982E-05
9.9973E-05 0.472075 0.38182 0.11469 0.0311158 9.9973E-05 9.9973E-05
0.0243045 0.158028 9.9982E-05 0.690076 0.118032 0.00935958 9.9982E-05
0.0980507 0.188785 0.251817 0.384378 0.0767698 9.9982E-05 9.9982E-05
0.0637597 0.401045 9.9982E-05 0.435649 0.0607599 0.0385867 9.9982E-05
0.0619847 0.540688 9.9991E-05 0.229239 0.134644 0.00555457 0.0277903
0.00879578 0.237344 0.0200163 0.59297 0.140673 9.9982E-05 9.9982E-05
0.0802227 0.530586 0.123359 0.158189 0.0655311 9.9991E-05 0.0420125
0.0412618 0.545959 0.0500136 0.307653 0.0261069 0.0229285 0.00607688
0.071785 0.499909 0.0620104 0.228264 0.12031 0.0142397 0.00348126
0.0652123 0.535471 0.0529919 0.237718 0.108407 9.9982E-05 9.9982E-05
0.0469843 0.474275 0.0184693 0.407483 0.0377931 0.0126817 0.00231457
0.0242944 0.268607 0.0208165 0.54697 0.120016 0.019196 9.9991E-05
0.0351446 0.4241 0.0194317 0.456895 0.0642287 9.9982E-05 9.9982E-05
0.0131447 0.60171 0.141869 0.188739 0.0543368 9.9982E-05 9.9982E-05
0.0660433 0.617518 0.0933723 0.136336 0.0566597 9.9991E-05 0.0299704
0.0999202 0.287897 0.201776 0.258014 0.100177 0.00232103 0.049895
0.123876 0.448187 0.109556 0.207143 0.111038 9.9982E-05 9.9982E-05
0.07003 0.349651 0.00734629 0.455158 0.117488 9.9991E-05 0.00022539
0.0544345 0.542304 0.0309541 0.252147 0.0745797 9.9991E-05 0.0454798
0.0923622 0.465114 0.00610182 0.329094 0.065679 9.9991E-05 0.0415484
0.0705902 0.545021 0.0555655 0.211425 0.0328263 0.0180622 0.066509
0.107466 0.482904 0.00410914 0.0281161 9.9991E-05 0.023051 0.354254
0.163879 0.578591 0.0825399 0.011838 9.9991E-05 0.00162945 0.161422
0.106271 0.475832 0.12574 0.0648945 0.0381706 0.025143 0.163949
0.12908 0.562344 0.130364 0.0595658 9.9991E-05 0.0180371 0.100509
0.201145 0.45805 0.121805 9.9973E-05 9.9973E-05 9.9973E-05 0.218701
9.9964E-05 0.554976 0.27789 0.166734 9.9964E-05 9.9964E-05 9.9964E-05
0.103673 0.514174 0.146897 9.9991E-05 0.0655519 0.000501653 0.169102
0.173699 0.0531969 0.459799 0.061909 0.0220991 9.9991E-05 0.229196
0.115892 0.632857 0.0629329 0.0639962 0.00130293 0.0171438 0.105875
0.123688 0.602548 0.0295375 0.0525117 0.0242128 0.0355405 0.131962
0.169447 0.523746 0.0741688 0.0332085 0.086561 0.00550365 0.107365
0.0930336 0.322538 0.265199 0.0289743 0.0636267 0.0455637 0.181064
0.105442 0.604119 0.0280232 0.0550865 9.9991E-05 0.0056948 0.201534
0.163566 0.564353 0.0736321 0.0272759 9.9991E-05 0.0340627 0.13701
0.13424 9.9964E-05 0.371691 9.9964E-05 9.9964E-05 9.9964E-05 0.493669
0.132853 0.567586 0.050441 0.0239299 0.00806839 0.0393851 0.177737
0.144772 0.58034 0.082077 0.00164155 0.00462474 0.0161951 0.170349
0.0616736 0.645327 0.0890274 0.0708443 0.0180215 0.00413582 0.110971
0.228868 0.486483 0.108894 9.9982E-05 9.9982E-05 0.0266684 0.148887
0.072412 0.55583 0.080577 9.9991E-05 0.0539666 0.0391271 0.197988
0.00476495 0.491247 0.323887 0.0531611 0.098305 0.0171836 0.0114514
0.0751433 0.503778 0.18309 0.126679 0.0891842 0.00520646 0.0169201
9.9973E-05 0.0186987 0.745878 0.0610169 0.174106 9.9973E-05 9.9973E-05
9.9973E-05 0.0818087 0.719595 0.0827965 0.1155 9.9973E-05 9.9973E-05
0.0338044 0.506919 0.230594 0.0809123 0.0713147 0.0361943 0.0402611
0.312747 0.390777 0.174265 0.00383437 9.9982E-05 9.9982E-05 0.118177
0.276126 0.336397 0.204741 9.9973E-05 9.9973E-05 9.9973E-05 0.182437
0.291197 0.227764 0.308656 9.9973E-05 9.9973E-05 9.9973E-05 0.172083
0.227188 0.408762 0.190475 9.9982E-05 9.9982E-05 0.0436847 0.129691
0.0239041 0.195576 0.703907 9.9982E-05 9.9982E-05 0.0336118 0.0428019
0.0877033 0.182166 0.621413 0.0283719 0.0426045 0.0279228 0.00981821
0.0424965 0.628713 0.271479 9.9982E-05 0.0285943 9.9982E-05 0.0285175
0.103772 0.477509 0.354624 9.9982E-05 9.9982E-05 0.00107864 0.0628163
0.0440646 0.318665 0.532708 0.01869 0.0438985 0.017578 0.0243958
0.0387239 0.623009 0.245385 0.0248383 0.0245223 0.0113879 0.032134
0.037518 0.670868 0.247522 9.9982E-05 9.9982E-05 0.000792152 0.0430995
0.0426537 0.528873 0.245552 0.0446016 0.0475995 0.0108196 0.0799002
9.9973E-05 0.391531 0.470833 0.0327337 0.104602 9.9973E-05 9.9973E-05
9.9973E-05 0.467883 0.396294 0.0452348 0.0902883 9.9973E-05 9.9973E-05
9.9991E-05 0.606735 0.279201 0.0137464 0.0642351 0.00366927 0.0323129
0.0151842 0.484935 0.305699 0.118654 0.042112 0.017232 0.0161828
0.0506955 0.548146 0.216837 0.0505326 0.0858472 0.00493752 0.0430048
9.9982E-05 0.500795 0.375052 0.006821 0.105657 0.0114751 9.9982E-05
9.9973E-05 0.272658 0.60781 0.0460764 0.0731559 9.9973E-05 9.9973E-05
9.9973E-05 0.705544 0.248208 9.9973E-05 0.0392976 0.00665074 9.9973E-05
9.9973E-05 0.266281 0.551209 0.0770884 0.105122 9.9973E-05 9.9973E-05
9.9982E-05 0.529214 0.409974 0.00639711 0.0526073 0.00160822 9.9982E-05
0.0324469 0.56209 0.242762 0.0354238 0.0562911 0.0288311 0.0421545
9.9991E-05 0.566478 0.249868 0.0232449 0.0805307 0.0151651 0.064613
0.101258 0.497182 0.186286 0.0435883 9.9991E-05 0.0421219 0.129464
0.0933203 0.464535 0.147477 0.0614666 0.0369852 0.0333678 0.162848
0.280701 0.309604 0.213833 9.9982E-05 9.9982E-05 0.0289095 0.166752
0.243733 0.328169 0.180558 0.0141197 0.0250986 0.0383862 0.169935
0.155999 0.476744 0.134825 0.0318816 0.0173693 0.00607391 0.177107
0.124414 0.469386 0.196253 0.024875 0.0278463 0.0251511 0.132074
0.160301 9.9982E-05 0.680433 9.9982E-05 0.0205398 0.0181059 0.120421
0.198582 0.543801 0.112229 9.9991E-05 0.0230585 0.0481047 0.0741257
0.131791 9.9964E-05 0.554821 9.9964E-05 9.9964E-05 9.9964E-05 0.312988
0.173154 0.565887 0.221093 9.9982E-05 9.9982E-05 0.00782785 0.0318381
9.9964E-05 0.24095 0.635171 9.9964E-05 0.123479 9.9964E-05 9.9964E-05
9.9964E-05 0.0594253 0.695126 9.9964E-05 0.245049 9.9964E-05 9.9964E-05
9.9973E-05 0.543991 0.350127 0.0133093 0.0922726 9.9973E-05 9.9973E-05
9.9982E-05 0.636709 0.22883 9.9982E-05 0.0953637 0.0342557 0.00464166
9.9973E-05 0.500467 0.413457 0.0333592 0.0524176 9.9973E-05 9.9973E-05
9.9982E-05 0.643708 0.255591 0.00606443 0.080908 0.0135282 9.9982E-05
9.9964E-05 0.628989 0.318915 9.9964E-05 0.0516958 9.9964E-05 9.9964E-05
0.0105648 0.0196006 9.9991E-05 0.0530342 0.0277423 0.0376117 0.851346
0.0531742 0.0250071 0.0558891 0.0605049 0.0319397 0.0469147 0.72657
0.0149478 9.9973E-05 9.9973E-05 0.0321178 9.9973E-05 0.0227139 0.929921
9.9973E-05 0.0481066 0.00272442 9.9973E-05 9.9973E-05 0.0507949 0.898074
0.0319479 0.484452 0.0787367 9.9991E-05 0.336366 0.0186884 0.0497089
0.0209139 0.510984 0.00194481 0.107876 0.309004 0.00928283 0.0399946
9.9982E-05 0.498321 9.9982E-05 0.0204245 0.439659 0.0170619 0.0243335
9.9991E-05 0.551794 0.017223 0.0926647 0.256831 0.0477456 0.0336415
0.0197281 0.573696 0.0799516 0.0541137 0.164953 0.0459962 0.0615613
9.9982E-05 0.264998 9.9982E-05 0.108266 0.578841 0.00927845 0.0384169
0.0138831 0.645833 9.9982E-05 9.9982E-05 0.301744 0.0309677 0.00737162
0.042157 0.211544 0.158121 9.9982E-05 0.573364 0.0146142 9.9982E-05
0.16259 0.434967 0.0118558 0.0720244 0.00199473 0.0413619 0.275207
0.0493906 0.397545 0.165998 0.0100396 0.376827 9.9982E-05 9.9982E-05
9.9973E-05 0.320727 9.9973E-05 0.101218 0.562978 0.0147767 9.9973E-05
9.9973E-05 0.526264 0.107671 9.9973E-05 0.364054 0.00171092 9.9973E-05
0.00755042 0.389578 9.9982E-05 0.107567 0.471245 0.0238597 9.9982E-05
0.0255591 0.558231 0.0420827 9.9973E-05 0.373827 9.9973E-05 9.9973E-05
9.9982E-05 0.521831 9.9982E-05 0.0494174 0.349211 0.0300171 0.0493234
9.9955E-05 9.9955E-05 0.158472 9.9955E-05 0.841028 9.9955E-05 9.9955E-05
0.0233712 0.285784 0.136102 9.9973E-05 0.554443 9.9973E-05 9.9973E-05
0.0345335 0.309238 0.0911626 9.9973E-05 0.564765 9.9973E-05 9.9973E-05
9.9955E-05 9.9955E-05 0.252174 9.9955E-05 0.747326 9.9955E-05 9.9955E-05
9.9991E-05 0.378646 0.0116424 0.116812 0.444204 0.0055099 0.0430857
9.9964E-05 0.0682055 0.321462 9.9964E-05 0.609932 9.9964E-05 9.9964E-05
9.9955E-05 9.9955E-05 0.273684 9.9955E-05 0.725816 9.9955E-05 9.9955E-05
0.03849 0.526462 0.0396857 0.00891508 0.34238 0.00255822 0.0415093
9.9973E-05 0.143857 9.9973E-05 0.174482 0.632889 9.9973E-05 0.0484715
9.9973E-05 0.480281 9.9973E-05 0.0776625 0.440008 9.9973E-05 0.00174812
0.00642407 0.586392 0.0582523 0.0502859 0.158866 0.0290408 0.110739
0.017124 0.472979 9.9991E-05 0.0817545 0.404254 0.00184719 0.0219421
0.0368508 0.391914 0.244597 0.318098 0.00834046 9.9982E-05 9.9982E-05
0.021893 0.527708 9.9982E-05 0.0523982 0.329974 9.9982E-05 0.0678275
9.9982E-05 0.485631 9.9982E-05 0.0905466 0.38799 0.0136213 0.0220118
0.00488359 0.303643 0.110258 9.9982E-05 0.580753 0.00026258 9.9982E-05
0.0176708 0.524132 0.0617521 0.0168537 0.264225 0.0192719 0.0960939
9.9973E-05 9.9973E-05 0.0580461 0.275956 9.9973E-05 0.0534789 0.612219
9.9982E-05 9.9982E-05 0.046798 0.188442 0.000155216 0.0691792 0.695225
9.9964E-05 9.9964E-05 9.9964E-05 0.124427 9.9964E-05 0.17669 0.698483
9.9973E-05 9.9973E-05 0.0323231 0.128572 9.9973E-05 0.100774 0.738031
9.9982E-05 0.0199764 0.0523539 0.155145 9.9982E-05 0.0495573 0.722767
9.9973E-05 0.0984648 9.9973E-05 0.146428 0.685305 9.9973E-05 0.0695029
9.9982E-05 0.120423 9.9982E-05 0.126945 0.712148 0.0122875 0.0279961
0.0279955 0.122554 0.102098 9.9973E-05 0.747053 9.9973E-05 9.9973E-05
0.0519304 0.570397 0.112661 0.0841088 0.0836221 0.000341785 0.0969387
0.00542011 0.575363 0.0173433 0.0172108 0.216468 0.000646746 0.167547
0.0216655 0.20705 0.0960756 9.9982E-05 0.64647 9.9982E-05 0.028539
0.0388966 0.577626 0.0662766 9.9991E-05 0.279202 0.023955 0.0139439
0.0319966 0.375568 0.0899978 9.9991E-05 0.427852 0.00738162 0.0671042
9.9991E-05 0.48602 0.00457429 0.0718065 0.389991 0.0164951 0.0310128
0.0370265 0.544721 0.00262392 0.029864 0.343309 0.0423563 9.9991E-05
9.9973E-05 0.178233 9.9973E-05 0.15369 0.653246 0.0145312 9.9973E-05
9.9973E-05 0.294354 9.9973E-05 0.105714 0.590284 9.9973E-05 0.0093482
9.9973E-05 0.299826 9.9973E-05 0.132978 0.55555 0.0113452 9.9973E-05
9.9982E-05 0.612719 0.166282 0.0528879 0.00816465 9.9982E-05 0.159747
9.9982E-05 0.352267 9.9982E-05 0.0694382 0.542884 0.0316977 0.00351367
9.9973E-05 0.389622 9.9973E-05 0.130938 0.428955 9.9973E-05 0.0501847
0.365324 0.413064 0.0273241 0.0544843 0.0115639 9.9991E-05 0.12814
0.435224 0.299842 0.0985162 0.0240915 0.000724415 0.0176255 0.123976
0.423113 0.447764 9.9982E-05 0.0231311 9.9982E-05 0.0290484 0.0767436
0.471855 0.293728 0.0673413 9.9982E-05 9.9982E-05 0.00953195 0.157343
0.274701 0.498677 0.0293747 9.9991E-05 0.0327166 0.0104409 0.153989
9.9982E-05 0.54185 0.256823 9.9982E-05 0.141989 0.00337763 0.0557599
0.646889 9.9973E-05 0.108789 9.9973E-05 9.9973E-05 0.0160236 0.227999
0.471002 0.299201 0.0236893 0.00221393 9.9991E-05 0.0321023 0.171691
0.10626 0.414399 0.252771 9.9991E-05 0.0257432 0.0173557 0.183372
9.9991E-05 0.57107 0.209816 0.0723078 0.00239863 0.00955444 0.134753
9.9982E-05 0.529293 0.25303 0.0580135 9.9982E-05 0.0111089 0.148355
0.0205958 0.584637 0.126567 0.00737316 0.0685258 0.0162301 0.176071
0.0320407 0.628225 0.0691352 0.0801234 0.0466413 0.016474 0.12736
0.449646 0.359147 0.00420446 9.9982E-05 9.9982E-05 0.0291474 0.157655
0.366059 0.393455 0.0313792 0.0484686 0.0524546 9.9991E-05 0.108084
0.493543 0.40337 9.9982E-05 9.9982E-05 0.00475987 0.0170908 0.0810362
0.271464 0.427169 0.0738715 0.00359491 0.0576361 0.026355 0.139909
0.442404 0.300997 0.0745594 0.00579653 9.9982E-05 9.9982E-05 0.176042
0.341907 0.419488 0.0132138 0.044355 0.0494852 0.00205957 0.129491
0.544217 0.244273 0.0678848 0.000425172 0.000345323 0.0222442 0.12061
0.320098 0.395508 0.102626 0.0692654 0.0103595 0.0347779 0.0673647
9.9982E-05 0.530126 0.325576 9.9982E-05 0.0358905 0.0063352 0.101872
0.332167 0.356516 0.0455554 9.9991E-05 0.0535549 0.012731 0.199376
0.550873 0.148643 0.062312 9.9982E-05 9.9982E-05 0.029274 0.208698
0.354095 0.421515 9.9991E-05 0.121527 0.0292052 0.0137007 0.0598568
9.9991E-05 0.316423 0.317819 0.0981308 0.0813432 0.0109492 0.175234
0.0181975 0.630717 0.314845 9.9982E-05 9.9982E-05 0.00850933 0.0275315
0.368026 0.388415 0.0599592 0.0364328 9.9991E-05 0.0191121 0.127954
9.9991E-05 0.551953 0.191039 0.115911 0.00501154 0.0101175 0.125868
9.9982E-05 0.526841 0.23622 0.0789022 9.9982E-05 0.0170361 0.1408
0.199177 0.380593 0.192202 9.9982E-05 9.9982E-05 0.0418482 0.18598
0.242756 0.368844 0.150019 0.0315013 9.9991E-05 0.0193846 0.187395
0.0633026 0.559655 0.0913273 0.0631683 0.0860903 0.0189131 0.117543
0.283169 0.399507 0.065293 0.0655075 0.0171831 9.9991E-05 0.169241
0.409078 0.463211 9.9964E-05 9.9964E-05 9.9964E-05 9.9964E-05 0.127312
0.600894 0.137483 0.0695807 9.9982E-05 9.9982E-05 0.00499482 0.186847
0.0583227 0.620726 0.114952 0.0429968 0.0421492 0.0262024 0.0946508
9.9982E-05 0.46549 0.2718 0.0579151 0.0518692 9.9982E-05 0.152726
0.0189557 0.171745 0.709733 9.9982E-05 9.9982E-05 0.00393806 0.0954286
0.02928 0.578312 0.109741 0.0518593 0.0738464 9.9991E-05 0.156862
0.0410678 0.417501 0.262512 0.153453 0.0474378 0.0206256 0.0574026
0.122568 0.515974 0.15402 9.9991E-05 0.0128307 0.0216537 0.172854
0.0745924 0.528897 0.162931 0.0412409 0.0439561 0.0201116 0.128271
0.0987928 9.9973E-05 0.514941 9.9973E-05 9.9973E-05 0.0150889 0.370877
0.0785573 9.9973E-05 0.590217 9.9973E-05 9.9973E-05 0.0252968 0.305629
0.0902848 0.31124 0.396308 9.9991E-05 0.0258796 0.0400861 0.136102
0.158759 0.0489395 0.4444 9.9973E-05 9.9973E-05 9.9973E-05 0.347602
0.199637 9.9964E-05 0.323507 9.9964E-05 9.9964E-05 9.9964E-05 0.476457
0.0965953 0.38087 0.268966 9.9991E-05 0.0452888 0.0137374 0.194442
0.145304 0.351409 0.244191 0.028139 0.00330577 9.9991E-05 0.227552
0.145172 0.143107 0.420126 9.9973E-05 9.9973E-05 9.9973E-05 0.291296
0.11192 0.115633 0.49735 9.9973E-05 9.9973E-05 9.9973E-05 0.274796
0.0713495 0.526542 0.193234 9.9982E-05 0.0244662 9.9982E-05 0.184208
0.125992 0.189552 0.446268 9.9982E-05 9.9982E-05 0.0238638 0.214124
0.0685162 9.9964E-05 0.56664 9.9964E-05 9.9964E-05 9.9964E-05 0.364444
0.149835 0.530974 0.0871447 0.0915646 0.0403346 9.9991E-05 0.100048
0.174984 0.332745 0.287232 0.0162782 9.9991E-05 0.00796616 0.180694
0.148517 0.420581 0.00936599 0.0218611 0.0486318 0.0187912 0.332252
0.229111 0.584274 9.9973E-05 9.9973E-05 9.9973E-05 0.0011613 0.185154
0.189705 0.496707 0.104981 9.9991E-05 0.0103424 0.0293567 0.168808
0.263504 0.465262 0.0406328 9.9982E-05 0.0753297 9.9982E-05 0.155072
0.206753 0.300703 9.9991E-05 0.0561713 0.0545705 0.0230434 0.358659
0.172207 0.536172 0.0309806 0.035159 9.9991E-05 0.00763799 0.217743
0.201114 0.464876 0.0286894 0.00425145 0.0438191 0.0441607 0.213089
0.252135 0.30415 0.194994 9.9982E-05 9.9982E-05 0.0780121 0.17051
0.118423 0.312995 0.0550575 0.0831387 0.229198 9.9991E-05 0.201088
0.129211 0.463774 0.0804329 9.9991E-05 0.102818 0.0121017 0.211564
0.151488 0.546398 0.112303 9.9991E-05 0.0171367 0.0151398 0.157436
0.115251 0.578622 0.00996827 0.0435484 0.132038 0.00325668 0.117316
0.172241 0.468841 0.0564543 0.00855163 9.9991E-05 0.0259467 0.267866
0.156984 0.504426 0.0280595 0.0333127 0.0323688 0.0259233 0.218926
0.310135 0.0222571 0.284684 9.9973E-05 9.9973E-05 9.9973E-05 0.382624
0.163541 0.552884 0.0579995 0.0471175 0.0146074 0.0294637 0.134386
0.307075 0.169351 0.23014 9.9982E-05 9.9982E-05 0.0132684 0.279966
9.9973E-05 9.9973E-05 9.9973E-05 0.189132 0.00320643 0.047469 0.759892
9.9973E-05 0.148843 9.9973E-05 0.765388 0.0258336 9.9973E-05 0.059636
9.995E-05 9.995E-05 9.995E-05 0.9994 9.995E-05 9.995E-05 9.995E-05
9.995E-05 9.995E-05 9.995E-05 0.9994 9.995E-05 9.995E-05 9.995E-05
0.00371144 0.0412135 9.9964E-05 0.954675 9.9964E-05 9.9964E-05 9.9964E-05
0.0084992 9.9955E-05 9.9955E-05 0.991001 9.9955E-05 9.9955E-05 9.9955E-05
9.9964E-05 0.0395079 9.9964E-05 0.955695 9.9964E-05 0.00439742 9.9964E-05
9.9955E-05 9.9955E-05 9.9955E-05 0.977597 9.9955E-05 0.0219033 9.9955E-05
9.9955E-05 9.9955E-05 9.9955E-05 0.852006 9.9955E-05 9.9955E-05 0.147494
9.9973E-05 9.9973E-05 9.9973E-05 0.0451454 0.0471013 0.0640828 0.843371
9.9973E-05 0.0494619 9.9973E-05 0.137795 9.9973E-05 0.0321617 0.780281
9.9982E-05 0.0458865 9.9982E-05 0.0297014 0.020775 0.0602124 0.843225
9.99833E-05 0.00664397 0.0243709 0.0721488 0.00825615 9.99833E-05 0.88838
0.0112711 0.0102356 9.9991E-05 0.0897122 0.0106121 0.0306678 0.847401
9.9982E-05 0.055661 9.9982E-05 0.0100567 0.018984 0.0209269 0.894171
0.0511482 0.144532 0.0352182 9.9982E-05 9.9982E-05 0.0362327 0.732669
9.9964E-05 0.09213 9.9964E-05 9.9964E-05 9.9964E-05 0.0271978 0.880272
0.0698754 0.0865639 0.0481625 0.0737806 9.9991E-05 0.0483267 0.673191
0.0305376 0.0439073 9.9973E-05 9.9973E-05 9.9973E-05 0.0630845 0.862171
9.9964E-05 9.9964E-05 0.00958143 9.9964E-05 9.9964E-05 0.0534648 0.936554
0.0137808 0.0507453 9.9991E-05 0.00291771 0.0343192 0.0590788 0.839058
9.9973E-05 9.9973E-05 9.9973E-05 0.0114021 0.000724616 0.0588773 0.928696
0.00585365 0.0151233 0.00404778 9.9991E-05 0.0104977 0.0798138 0.884564
0.026084 0.0721769 9.9973E-05 9.9973E-05 9.9973E-05 0.0365091 0.86493
9.9964E-05 0.0583241 9.9964E-05 9.9964E-05 9.9964E-05 0.0331187 0.908157
0.050808 0.0727339 9.9964E-05 9.9964E-05 9.9964E-05 9.9964E-05 0.876058
0.00892193 0.128463 9.9964E-05 9.9964E-05 9.9964E-05 9.9964E-05 0.862215
0.0761808 0.0999721 9.9973E-05 9.9973E-05 9.9973E-05 0.0384283 0.785119
9.9991E-05 0.412609 0.267518 0.0952635 0.072526 0.0361617 0.115822
9.9991E-05 0.68977 0.174813 0.0236114 0.00410679 0.00553691 0.102062
0.0340714 0.575432 0.0618154 0.101908 0.074121 0.0139162 0.138735
0.00594018 0.100304 0.717976 9.9982E-05 0.0745177 9.9982E-05 0.101063
9.9991E-05 0.509798 0.25886 0.0682346 0.0117926 0.00172583 0.149488
9.9964E-05 0.125144 0.747831 9.9964E-05 9.9964E-05 9.9964E-05 0.126625
0.0243681 0.643975 0.236304 9.9982E-05 9.9982E-05 0.015242 0.0799108
9.9982E-05 0.404645 0.194914 0.1096 0.13912 9.9982E-05 0.151521
9.9991E-05 0.504361 0.253793 0.0820649 0.00273159 0.0276403 0.12931
9.9982E-05 0.477272 9.9982E-05 0.0255322 0.41115 0.0250295 0.0608162
9.9991E-05 0.484359 0.222014 0.135791 0.030262 0.000478879 0.126996
0.00411875 0.695394 0.210109 9.9982E-05 9.9982E-05 0.0307371 0.0594413
9.9982E-05 0.554841 0.246019 0.101551 9.9982E-05 0.0304281 0.0669611
0.0810655 0.0168403 0.327469 0.439517 0.134908 9.9982E-05 9.9982E-05
9.9973E-05 0.0457815 0.837902 0.0111022 9.9973E-05 9.9973E-05 0.104915
9.9973E-05 0.170513 0.712159 9.9973E-05 0.013676 9.9973E-05 0.103353
0.000456855 0.642089 0.142422 0.0391313 0.00130693 0.0240898 0.150505
0.0204705 0.517864 0.386212 9.9982E-05 9.9982E-05 0.00994115 0.0653132
9.9982E-05 0.610505 0.288941 9.9982E-05 0.0196422 0.00929647 0.071415
0.0578249 0.614241 0.119449 0.0482047 0.0584265 0.0212156 0.0806385
