0.0221681 9.9973E-05 9.9973E-05 9.9973E-05 0.00803049 0.656259 0.313242
9.9955E-05 9.9955E-05 9.9955E-05 9.9955E-05 9.9955E-05 0.656903 0.342597
9.9973E-05 9.9973E-05 0.0475972 9.9973E-05 0.0165295 0.625129 0.310444
9.9973E-05 9.9973E-05 9.9973E-05 0.0274347 0.117931 0.650612 0.203723
9.9964E-05 9.9964E-05 9.9964E-05 9.9964E-05 0.040991 0.696244 0.262365
0.0556431 0.12085 0.0340735 0.0451913 9.9991E-05 0.0945994 0.649543
9.9964E-05 0.106801 9.9964E-05 9.9964E-05 9.9964E-05 0.129902 0.762897
0.0104734 0.117654 9.9982E-05 0.0499355 9.9982E-05 0.0255362 0.796201
9.99729E-05 0.0287801 9.99729E-05 0.126071 9.99729E-05 0.592992 0.251857
9.9973E-05 0.100226 9.9973E-05 0.0353729 9.9973E-05 0.250834 0.613267
9.9982E-05 0.0870411 9.9982E-05 0.042469 0.0358354 0.155869 0.678585
0.0189125 0.0840261 0.13503 0.457485 0.245374 0.0590717 9.9991E-05
0.0193895 0.033493 0.0137053 0.293942 0.572113 0.0638935 0.00346316
0.0718637 0.0782568 0.0752889 0.481803 0.278936 0.0137509 9.9991E-05
0.126195 0.0478036 0.0463431 0.45996 0.268049 0.0515496 9.9991E-05
0.125843 0.0450972 0.0115145 0.309301 0.426543 0.000478498 0.0812229
0.0468191 0.0677652 0.00201929 0.228236 0.611337 0.0437237 9.9991E-05
0.0128357 0.00614501 0.126813 0.272773 0.513779 0.0675551 9.9991E-05
0.0421271 0.0864316 0.0325595 0.396727 0.304783 0.135775 0.0015968
9.9982E-05 0.102907 0.0859999 0.681082 0.0935642 0.0362472 9.9982E-05
9.9982E-05 0.0913371 0.0870303 0.297699 0.478167 9.9982E-05 0.0455663
0.0823382 0.255579 0.0309779 0.183541 0.442852 0.00461169 9.9991E-05
0.0123742 0.0432906 0.187447 0.151033 0.558777 0.0469778 9.9991E-05
0.0670558 0.0837116 0.102119 0.429836 0.249247 0.0679307 9.9991E-05
0.0628389 0.0726399 0.0438543 0.0993478 0.606611 0.114608 9.9991E-05
0.0171319 0.0277685 0.074563 0.265284 0.570958 0.044195 9.9991E-05
0.0237738 0.0985855 0.0595773 0.495359 0.265773 0.0368608 0.0200704
0.0726885 0.0625557 0.0947172 0.40683 0.294945 0.0681639 9.9991E-05
9.9982E-05 0.146523 0.104997 0.488584 0.248997 0.010699 9.9982E-05
9.9955E-05 9.9955E-05 9.9955E-05 9.9955E-05 0.0683218 0.931178 9.9955E-05
9.9955E-05 9.9955E-05 9.9955E-05 9.9955E-05 0.0856102 0.91389 9.9955E-05
0.0599918 9.9982E-05 9.9982E-05 0.008307 0.0838011 0.681587 0.166113
0.0631934 9.9973E-05 9.9973E-05 9.9973E-05 0.155197 0.764125 0.0171843
0.00701393 0.0512575 0.215915 0.132774 0.47657 0.0302265 0.0862431
0.0493017 0.00707198 0.290642 0.0517732 0.463916 0.112549 0.0247455
0.00969609 9.9982E-05 0.396943 9.9982E-05 0.548352 0.00304259 0.0417669
9.9982E-05 0.017673 0.059985 0.654519 0.228074 0.0395493 9.9982E-05
0.0115723 0.167429 0.563328 9.9982E-05 0.247393 0.0100771 9.9982E-05
0.0434179 9.9982E-05 0.220946 0.129253 0.519517 0.0866666 9.9982E-05
0.0244149 0.0334828 0.173018 0.00437129 0.700527 0.0582211 0.00596508
9.9982E-05 0.141784 0.0883426 0.0598995 0.548645 9.9982E-05 0.161129
9.999E-05 0.0923745 0.0954105 0.0944206 0.589861 0.0858238 0.04201
9.9973E-05 9.9973E-05 0.67663 0.154555 0.133415 0.0351009 9.9973E-05
0.0188925 0.231278 9.9982E-05 9.9982E-05 0.639467 0.00615092 0.104012
0.0505722 0.0434312 0.257256 0.0059185 0.546799 0.0433498 0.0526735
0.0637566 0.0687383 0.12167 0.0123562 0.574235 0.0412364 0.118007
9.9964E-05 0.0928004 0.603835 9.9964E-05 0.302964 9.9964E-05 9.9964E-05
0.0042908 9.9991E-05 0.282668 0.0268456 0.560477 0.0454845 0.0801337
0.0569972 0.0773652 0.178738 0.011522 0.506273 0.0812681 0.0878361
9.9973E-05 0.384746 0.603703 0.0033686 9.9973E-05 0.00788287 9.9973E-05
9.9973E-05 0.126818 0.0753663 0.623921 0.173595 9.9973E-05 9.9973E-05
0.0613905 0.414583 0.115412 0.25159 0.155828 9.9991E-05 0.00109649
0.0660151 0.102874 0.0178279 0.174528 0.581244 0.0551258 0.00238614
0.0338574 0.0964401 9.9991E-05 0.120142 0.634668 0.100922 0.0138705
0.079856 0.142069 0.0151046 0.0721662 0.618988 0.0717165 9.9991E-05
0.00296606 0.0854206 0.0727152 0.521205 0.221107 0.0748692 0.0217167
9.9982E-05 0.0246337 0.0535139 0.313558 0.594469 0.0136259 9.9982E-05
0.0714667 0.0801373 0.156132 0.0994283 0.530555 0.0412547 0.0210258
0.0125215 0.10552 0.0924346 0.248874 0.40541 0.052425 0.0828156
0.0242913 0.136979 0.0819042 0.462905 0.141469 0.0739812 0.0784699
0.0377519 0.0829175 0.0689422 0.202697 0.528191 0.0636123 0.0158881
0.0268137 0.0914329 0.0425055 0.218878 0.517955 0.0703615 0.0320525
9.9982E-05 0.161566 0.111147 0.555365 0.108791 0.0629303 9.9982E-05
9.9973E-05 0.0653018 0.094813 0.378616 0.460969 9.9973E-05 9.9973E-05
0.0600534 0.140992 0.107659 0.0813509 0.559097 0.0507471 9.9991E-05
9.9991E-05 0.117183 0.0145923 0.145632 0.643038 0.0698361 0.00961884
0.0465533 0.116557 0.113951 0.390716 0.266461 0.0656626 9.9991E-05
0.0416424 0.0942856 0.102988 0.194846 0.503101 0.0356591 0.0274783
0.0148163 0.0435604 0.0686971 0.201758 0.592518 0.0785503 9.9991E-05
9.9991E-05 0.139394 0.130484 0.443115 0.22623 0.0241174 0.0365592
9.9973E-05 9.9973E-05 0.474304 0.00853562 0.483731 9.9973E-05 0.03313
9.9973E-05 9.9973E-05 0.76011 0.0493361 0.15655 9.9973E-05 0.0337045
0.0404358 0.0350554 0.244588 0.0303637 0.513969 0.135103 0.000485243
9.9955E-05 0.205955 0.793545 9.9955E-05 9.9955E-05 9.9955E-05 9.9955E-05
9.9955E-05 0.197338 0.802162 9.9955E-05 9.9955E-05 9.9955E-05 9.9955E-05
9.9964E-05 0.0837623 0.720718 9.9964E-05 0.19512 9.9964E-05 9.9964E-05
9.9982E-05 9.9982E-05 0.432405 0.0670497 0.443804 0.00287857 0.0536631
0.0598782 0.0585259 0.151763 0.0584621 0.558662 0.112609 9.9991E-05
0.0289957 0.0821082 0.445384 0.00476969 0.437332 0.00131039 9.9991E-05
9.9982E-05 9.9982E-05 0.651127 0.159502 0.136532 0.016638 0.0360009
9.9973E-05 9.9973E-05 0.556056 0.187426 0.232288 9.9973E-05 0.0239296
0.0621337 9.9991E-05 0.269904 0.0337005 0.514714 0.0994122 0.0200355
0.0229186 9.9991E-05 0.546717 0.0857147 0.30321 0.0288131 0.0125262
9.9973E-05 9.9973E-05 0.447374 0.0604423 0.438552 0.0533319 9.9973E-05
9.9982E-05 0.0781218 0.466015 9.9982E-05 0.413486 0.0246904 0.0174861
9.9964E-05 0.351514 0.645688 9.9964E-05 9.9964E-05 0.00239826 9.9964E-05
0.0537657 0.0647477 0.258436 0.0103416 0.570394 9.9991E-05 0.0422151
9.9973E-05 9.9973E-05 9.9973E-05 0.0883515 0.0399931 0.672164 0.199192
9.9964E-05 9.9964E-05 9.9964E-05 9.9964E-05 0.060449 0.902956 0.036195
0.0172003 9.9964E-05 9.9964E-05 9.9964E-05 0.104036 0.878364 9.9964E-05
0.0298948 9.9973E-05 9.9973E-05 9.9973E-05 0.0316639 0.871101 0.0670402
0.0224162 9.9973E-05 0.000591948 9.9973E-05 9.9973E-05 0.861064 0.115628
0.0226744 9.9973E-05 9.9973E-05 9.9973E-05 0.0815107 0.836731 0.0587835
9.9964E-05 9.9964E-05 9.9964E-05 9.9964E-05 0.0742704 0.862571 0.0627588
0.0397531 0.0428175 0.232815 0.0346377 0.53918 0.110697 9.9991E-05
0.0429469 0.06746 0.16001 0.0613373 0.552207 0.0711672 0.044872
9.9991E-05 0.0186705 0.727014 0.184246 0.00972336 0.00231776 0.0579281
0.0511359 0.0817617 0.164893 0.0575602 0.536639 0.007338 0.100672
9.9973E-05 9.9973E-05 0.480183 0.117232 0.344102 9.9973E-05 0.0581828
9.9991E-05 0.0123646 0.369949 0.0446127 0.506362 0.0168728 0.0497387
0.00799306 0.07263 0.310651 9.9982E-05 0.569975 9.9982E-05 0.0385514
0.0612519 0.0555274 0.357885 0.0304099 0.480113 9.9991E-05 0.0147131
9.9964E-05 9.9964E-05 0.709036 0.262071 9.9964E-05 0.0284929 9.9964E-05
0.0286725 0.0789241 0.144667 0.148021 0.480857 0.118758 9.9991E-05
9.9982E-05 0.023498 0.150616 0.0384464 0.672396 0.114844 9.9982E-05
0.0143325 0.0716693 0.105447 0.0480512 0.601522 0.0202045 0.138773
0.051171 0.224053 0.528455 9.9982E-05 0.194323 0.00179886 9.9982E-05
0.0196062 0.0283615 0.443927 9.9982E-05 0.488735 9.9982E-05 0.0191699
0.00993192 9.9982E-05 0.443465 0.105394 0.414034 9.9982E-05 0.026974
0.0101924 0.0841779 0.5561 9.9973E-05 0.34923 9.9973E-05 9.9973E-05
9.9982E-05 9.9982E-05 0.392111 0.146954 0.424148 0.00097151 0.0356153
0.0530715 0.0339305 0.221754 0.0532574 0.512044 0.120632 0.00531041
0.045934 0.248476 9.9982E-05 0.378244 0.31359 0.0135559 9.9982E-05
9.9982E-05 0.105745 9.9982E-05 0.369794 0.43216 0.0427771 0.0493227
0.0474396 0.0783181 0.0278911 0.145472 0.557733 0.100776 0.0423709
0.0432541 0.0621178 0.0853911 0.155337 0.554699 0.00521519 0.0939864
9.9991E-05 0.0280614 0.0855139 0.346457 0.500708 0.0329202 0.00623925
9.9973E-05 0.0180126 9.9973E-05 0.241768 0.665054 0.0748654 9.9973E-05
9.9982E-05 0.0239651 9.9982E-05 0.438025 0.488753 0.0468215 0.00223557
0.0187486 0.15727 0.0453422 0.13335 0.573373 0.0633478 0.0085686
0.0576948 0.0117264 0.0218896 0.235062 0.589366 0.0558077 0.0284536
9.9982E-05 0.058797 0.0203896 0.246354 0.617319 0.0569409 9.9982E-05
9.9973E-05 9.9973E-05 0.0490647 0.283726 0.582941 9.9973E-05 0.0839677
0.041001 0.0916224 9.9982E-05 0.177142 0.646681 9.9982E-05 0.0433541
0.0462878 0.0483965 9.9991E-05 0.148126 0.62603 0.0921261 0.0389336
0.0323503 0.0878409 0.0422408 0.178893 0.618061 9.9991E-05 0.040514
0.0573472 0.107366 0.0477251 0.0992369 0.578033 0.0989231 0.0113685
0.0543351 0.116914 9.9973E-05 0.205929 0.622521 9.9973E-05 9.9973E-05
0.0447253 0.230736 0.00598214 0.289052 0.337665 0.0602236 0.0316159
0.0397691 0.0514735 0.0396522 0.156328 0.650807 0.0612826 0.000687871
9.9982E-05 0.0845827 9.9982E-05 0.158664 0.709249 0.00756914 0.0397352
0.0164546 0.05033 0.100792 0.565677 0.243661 9.9991E-05 0.0229862
0.0440774 0.433173 0.0116256 0.327822 0.183102 9.9982E-05 9.9982E-05
0.0479984 0.0933308 0.0866757 0.23091 0.520176 0.0208088 9.9991E-05
0.0101722 0.449244 0.0909128 0.330123 0.119348 9.9982E-05 9.9982E-05
9.9973E-05 0.0400517 0.0520159 0.524303 0.38333 9.9973E-05 9.9973E-05
9.9973E-05 0.0318899 0.053532 0.448299 0.465979 9.9973E-05 9.9973E-05
9.9973E-05 9.9973E-05 0.129661 0.468323 0.372973 0.0287434 9.9973E-05
9.9973E-05 0.0268096 0.0705424 0.534581 0.367767 9.9973E-05 9.9973E-05
9.9991E-05 0.0951185 0.0384391 0.185386 0.591305 0.0372146 0.0524372
0.0484647 0.0583418 0.0310767 0.179832 0.585585 0.049712 0.0469882
0.0122301 0.0226132 0.0419394 0.234904 0.605637 0.082577 9.9991E-05
0.0126921 0.375532 0.0130096 0.38889 0.209677 9.9982E-05 9.9982E-05
0.00175634 0.0993081 0.0442211 0.0935319 0.579462 0.0988713 0.0828496
0.03233 0.249784 0.0565351 0.0492332 0.484469 0.127548 9.9991E-05
9.9973E-05 0.701086 0.0774294 0.080224 9.9973E-05 0.14096 9.9973E-05
0.0253238 0.141441 0.0378715 0.0356669 0.668475 0.0736285 0.0175935
0.0550446 0.375415 0.0929177 0.0579652 0.304056 0.0979042 0.0166971
0.0409652 0.228998 0.00327685 0.0341981 0.546322 0.125977 0.0202627
9.9991E-05 0.49846 0.0504855 0.113643 0.226191 0.0974971 0.0136234
9.9982E-05 0.621171 0.0615267 0.126719 0.119315 0.0710684 9.9982E-05
0.0286837 0.357435 0.0785329 0.0900808 0.402134 0.034777 0.00835663
0.0987461 0.146334 0.120656 0.0427253 0.459772 0.036509 0.0952567
0.000332691 0.219746 0.00132631 0.0817059 0.503211 0.187776 0.00590208
0.0485304 0.517765 0.121109 0.117326 0.136117 0.0590536 9.9991E-05
0.0445046 0.173847 9.9991E-05 0.0938687 0.568284 0.0791267 0.0402682
9.9973E-05 0.482946 0.0637571 0.0964267 0.35657 9.9973E-05 9.9973E-05
9.9973E-05 0.342088 0.0747526 0.142273 0.440586 9.9973E-05 9.9973E-05
0.0193145 0.137289 0.033759 0.0989636 0.620681 0.0366041 0.0533889
0.241871 0.170469 0.0264331 0.0175316 0.135745 0.40785 9.9991E-05
0.129488 0.362467 9.9964E-05 9.9964E-05 9.9964E-05 0.507645 9.9964E-05
0.116074 0.393178 9.9973E-05 9.9973E-05 9.9973E-05 0.445685 0.0447631
0.248505 0.253804 9.9982E-05 9.9982E-05 0.0894446 0.354384 0.0536624
9.9982E-05 0.282426 0.0638385 0.0136758 0.635587 9.9982E-05 0.00427347
0.0272583 0.139116 0.0258397 0.0622972 0.632829 0.0891383 0.0235219
0.674985 9.9973E-05 0.0138753 0.00908979 0.30175 9.9973E-05 9.9973E-05
0.430227 9.9982E-05 0.0410469 0.0935593 0.384194 0.0507729 9.9982E-05
0.428964 0.0140784 0.0422229 0.129356 0.349603 0.0356763 9.9991E-05
0.000887647 0.595306 9.9982E-05 0.0652424 0.314367 9.9982E-05 0.0239967
0.0618758 0.119944 0.102763 0.123462 0.50328 0.0740381 0.0146377
9.9964E-05 0.620795 9.9964E-05 0.0960089 0.282796 9.9964E-05 9.9964E-05
9.9982E-05 0.284941 0.0307527 9.9982E-05 0.590452 0.0539426 0.0397118
0.0127108 0.380614 9.9991E-05 0.0803108 0.47826 0.0154184 0.0325863
9.9973E-05 0.331291 0.0307708 9.9973E-05 0.588364 9.9973E-05 0.0492741
9.9973E-05 0.68898 0.00315718 0.0412954 0.266267 9.9973E-05 9.9973E-05
9.9982E-05 0.190586 0.0268698 9.9982E-05 0.664001 0.0753752 0.0429681
9.9991E-05 0.181632 0.0375806 0.0488091 0.601621 0.0563911 0.0738668
0.952603 9.9964E-05 9.9964E-05 9.9964E-05 0.0281869 9.9964E-05 0.0188103
0.908562 9.9964E-05 9.9964E-05 0.0187701 0.0722676 9.9964E-05 9.9964E-05
0.574906 0.0124059 0.0368732 0.0418826 0.252375 9.9991E-05 0.0814578
0.634915 9.9964E-05 9.9964E-05 0.00339055 0.361295 9.9964E-05 9.9964E-05
0.810003 9.9973E-05 0.0276878 0.0279836 0.134026 9.9973E-05 9.9973E-05
0.9994 9.995E-05 9.995E-05 9.995E-05 9.995E-05 9.995E-05 9.995E-05
0.95599 9.9955E-05 9.9955E-05 0.0435106 9.9955E-05 9.9955E-05 9.9955E-05
0.86605 9.9955E-05 9.9955E-05 9.9955E-05 0.13345 9.9955E-05 9.9955E-05
0.93984 9.9964E-05 9.9964E-05 0.0533702 9.9964E-05 9.9964E-05 0.00638994
0.9994 9.995E-05 9.995E-05 9.995E-05 9.995E-05 9.995E-05 9.995E-05
0.9994 9.995E-05 9.995E-05 9.995E-05 9.995E-05 9.995E-05 9.995E-05
0.758271 9.9973E-05 0.0101995 9.9973E-05 0.225277 9.9973E-05 0.0059529
0.801749 9.9991E-05 0.0388648 0.0476104 0.0866603 0.00698244 0.0180334
0.9994 9.995E-05 9.995E-05 9.995E-05 9.995E-05 9.995E-05 9.995E-05
0.406892 0.00108756 0.0962942 0.0917782 0.321832 0.0757794 0.00633686
0.654872 9.9982E-05 9.9982E-05 0.0409903 0.269049 0.0281907 0.00669853
0.834197 9.9964E-05 9.9964E-05 9.9964E-05 0.127261 9.9964E-05 0.0381426
0.90692 9.9973E-05 9.9973E-05 0.00472559 0.0690138 9.9973E-05 0.0190403
0.9994 9.995E-05 9.995E-05 9.995E-05 9.995E-05 9.995E-05 9.995E-05
0.965018 9.9964E-05 9.9964E-05 9.9964E-05 0.0275911 0.00699077 9.9964E-05
0.9994 9.995E-05 9.995E-05 9.995E-05 9.995E-05 9.995E-05 9.995E-05
0.648545 9.9982E-05 0.0707516 0.0114831 0.214044 9.9982E-05 0.0549766
0.956577 0.011936 0.0103681 9.9973E-05 9.9973E-05 0.0208186 9.9973E-05
0.0194995 0.628975 9.9973E-05 9.9973E-05 9.9973E-05 0.230896 0.12033
0.0848182 0.257986 9.9991E-05 0.0595785 0.359651 0.190659 0.0472073
0.0296973 0.298689 9.9982E-05 9.9982E-05 0.484697 0.138678 0.0480391
0.112466 0.467551 9.9982E-05 9.9982E-05 0.178396 0.176711 0.0646758
0.141504 0.170676 0.0744205 0.0345003 0.388571 0.0860728 0.104255
0.110812 0.497472 9.9982E-05 9.9982E-05 0.116611 0.188463 0.0864417
0.114362 0.200356 9.9991E-05 0.0451107 0.460731 0.0498487 0.129492
0.101292 0.349777 9.9973E-05 9.9973E-05 0.320956 9.9973E-05 0.227676
0.0651143 0.239752 9.9982E-05 9.9982E-05 0.477575 0.122492 0.0948667
0.141546 0.289097 0.00460534 9.9991E-05 0.347619 0.102258 0.114775
0.139487 0.225252 0.026415 0.00248231 0.419802 0.0694892 0.117072
9.9982E-05 9.9982E-05 0.0222228 0.0164363 0.0287481 0.717458 0.214934
0.0484953 0.0238689 0.00211195 9.9982E-05 9.9982E-05 0.754041 0.171283
9.9964E-05 9.9964E-05 9.9964E-05 0.0115749 9.9964E-05 0.748438 0.239588
9.9964E-05 9.9964E-05 0.0040572 9.9964E-05 9.9964E-05 0.838996 0.156547
9.9973E-05 9.9973E-05 9.9973E-05 0.0196779 0.0400296 0.791315 0.148677
9.9955E-05 9.9955E-05 9.9955E-05 9.9955E-05 9.9955E-05 0.756519 0.242981
0.00853695 9.9982E-05 9.9982E-05 0.00640531 0.0175293 0.725806 0.241523
9.9964E-05 9.9964E-05 9.9964E-05 0.0396962 9.9964E-05 0.769635 0.190269
0.00440247 0.0121104 0.00499731 0.00800908 0.0325639 0.746946 0.190971
0.0166445 9.9982E-05 9.9982E-05 0.0421479 0.0120088 0.755548 0.17345
9.9982E-05 0.0266616 0.0683454 0.272982 9.9982E-05 0.446497 0.185314
9.9973E-05 0.0202853 9.9973E-05 0.349584 9.9973E-05 0.543844 0.0859874
9.9982E-05 0.0774699 0.0447797 0.318195 9.9982E-05 0.436042 0.123314
9.9982E-05 0.110091 0.0167887 0.393652 9.9982E-05 0.283508 0.195761
9.9982E-05 9.9982E-05 0.289259 0.177273 0.429533 0.0623913 0.041343
0.0487145 9.9982E-05 0.322059 0.118695 0.472009 0.0383237 9.9982E-05
0.0103209 9.9982E-05 0.185057 0.207316 0.539766 9.9982E-05 0.0573405
9.9973E-05 9.9973E-05 0.286209 0.281924 0.390209 0.0413587 9.9973E-05
0.00383089 0.10246 0.0742354 0.583515 0.235758 9.9982E-05 9.9982E-05
0.0115266 0.0437756 0.15952 0.0754512 0.654877 0.0358865 0.018963
0.0324685 9.9973E-05 0.299575 0.107358 0.560298 9.9973E-05 9.9973E-05
9.9982E-05 0.146965 0.288324 0.041472 0.514964 9.9982E-05 0.00807478
0.0182356 0.0865842 0.528842 9.9973E-05 0.366038 9.9973E-05 9.9973E-05
0.0166608 0.0962325 0.105795 0.0741259 0.661879 0.0307604 0.0145465
9.9973E-05 9.9973E-05 0.52774 0.0747578 0.391244 0.00595839 9.9973E-05
9.9955E-05 0.256127 0.743374 9.9955E-05 9.9955E-05 9.9955E-05 9.9955E-05
0.0160554 0.0442401 0.189174 0.11291 0.557214 0.0803059 9.9991E-05
9.9964E-05 0.248521 0.603933 9.9964E-05 0.147146 9.9964E-05 9.9964E-05
0.0100793 0.0469261 0.390278 9.9982E-05 0.516881 0.0356357 9.9982E-05
9.9964E-05 9.9964E-05 0.664888 0.207867 0.126846 9.9964E-05 9.9964E-05
9.9973E-05 0.0704595 9.9973E-05 0.751498 9.9973E-05 0.0145259 0.163216
9.9973E-05 0.0629713 9.9973E-05 0.719251 0.0503568 9.9973E-05 0.167121
9.9982E-05 0.0365527 0.0315779 0.769252 0.0215984 9.9982E-05 0.140819
9.9973E-05 0.0372894 0.0151682 0.789471 9.9973E-05 9.9973E-05 0.157771
9.9973E-05 0.00931439 9.9973E-05 0.768378 0.125697 9.9973E-05 0.0963103
9.9973E-05 0.069655 9.9973E-05 0.708214 0.0988336 9.9973E-05 0.122998
0.0507482 9.9982E-05 0.0475087 9.9982E-05 0.00318519 0.807061 0.0912972
9.9982E-05 9.9982E-05 0.0211638 0.02902 0.102049 0.809785 0.037782
0.0184398 9.9982E-05 9.9982E-05 0.021922 0.164418 0.775311 0.0197097
0.0574295 9.9991E-05 0.035826 0.0365056 0.00458527 0.776355 0.0891987
0.0113311 9.9991E-05 0.000624218 0.00254559 0.156456 0.793833 0.0351107
9.9973E-05 0.039946 9.9973E-05 0.532149 9.9973E-05 0.186874 0.240732
9.9973E-05 0.0575595 9.9973E-05 0.50065 9.9973E-05 0.260521 0.18097
0.0144959 0.00595901 9.9991E-05 0.504584 0.00269146 0.262342 0.209828
9.9955E-05 9.9955E-05 9.9955E-05 9.9955E-05 0.103654 0.895847 9.9955E-05
9.9982E-05 0.0326941 0.02713 0.522745 9.9982E-05 0.146736 0.270495
0.270228 0.10659 9.9982E-05 9.9982E-05 0.315246 0.250856 0.0568798
0.23536 0.0103992 0.0244329 0.0418996 0.539303 0.0603179 0.0882872
0.203634 9.9973E-05 9.9973E-05 9.9973E-05 0.54602 0.138119 0.111927
0.232446 0.124346 9.9982E-05 9.9982E-05 0.330667 0.228214 0.0841276
0.139258 0.0501424 0.0036984 0.119308 0.517253 0.0982989 0.0720414
0.279515 0.239302 9.9964E-05 9.9964E-05 9.9964E-05 0.480783 9.9964E-05
9.9982E-05 0.0591441 0.053147 0.414821 0.463503 9.9982E-05 0.00918463
0.0013663 0.271427 0.0521411 0.199361 0.475504 9.9982E-05 9.9982E-05
9.9982E-05 0.0811123 0.0852649 0.509111 0.318257 0.00605499 9.9982E-05
0.00198502 0.218771 0.0619276 0.150389 0.566727 9.9982E-05 9.9982E-05
9.9964E-05 0.62574 0.0352883 0.338572 9.9964E-05 9.9964E-05 9.9964E-05
0.0367234 0.121802 0.0978272 0.0911659 0.570245 0.0642001 0.0180367
0.0260764 0.162318 0.0494013 0.141001 0.56713 0.0539733 9.9991E-05
9.9991E-05 0.0710491 0.0270823 0.466786 0.394411 0.00454153 0.0360296
0.0123533 0.0768225 0.0872668 0.188462 0.558469 0.0298969 0.0467305
9.9973E-05 0.402476 0.125076 0.310114 0.162034 9.9973E-05 9.9973E-05
0.00822195 0.170007 0.0456902 0.166644 0.56547 0.0112197 0.0327474
9.9982E-05 0.026507 0.0756024 0.334264 0.54299 9.9982E-05 0.0204362
0.103685 0.166425 0.0898798 0.0508836 0.459954 0.0872458 0.0419273
9.9973E-05 0.261616 0.0984279 0.261215 0.378441 9.9973E-05 9.9973E-05
0.0255066 0.261388 0.061124 0.224022 0.427759 9.9982E-05 9.9982E-05
0.0274155 0.132809 0.0167703 0.181045 0.641761 9.9982E-05 9.9982E-05
9.9973E-05 0.187061 0.0517082 0.17094 0.589991 9.9973E-05 9.9973E-05
0.027845 0.0973348 0.0283483 0.0622566 0.723043 0.0610719 9.9991E-05
0.0367542 0.0806317 0.057132 0.136271 0.562235 0.0610308 0.0659456
0.0307457 0.0257387 0.0890271 0.162766 0.591373 0.10025 9.9991E-05
0.0294496 9.9955E-05 9.9955E-05 9.9955E-05 9.9955E-05 9.9955E-05 0.970051
9.995E-05 9.995E-05 9.995E-05 9.995E-05 9.995E-05 9.995E-05 0.9994
9.9982E-05 0.00159829 0.00934985 9.9982E-05 0.0127158 0.403136 0.573
0.0147465 9.9964E-05 9.9964E-05 9.9964E-05 9.9964E-05 0.00965306 0.975201
9.995E-05 9.995E-05 9.995E-05 9.995E-05 9.995E-05 9.995E-05 0.9994
0.039807 0.0927334 0.0740413 0.635201 0.123458 0.0346591 9.9991E-05
0.0527801 0.135424 0.0860036 0.153446 0.520735 0.0515119 9.9991E-05
0.204561 0.148762 9.9982E-05 9.9982E-05 0.401021 0.145753 0.0997033
0.0839258 0.0155587 0.0710978 0.19679 0.612588 9.9991E-05 0.0199397
0.00962187 9.9982E-05 0.0803287 0.358214 0.515978 9.9982E-05 0.0356579
0.0119652 0.330911 0.0541782 0.298335 0.30441 9.9982E-05 9.9982E-05
9.9982E-05 0.0476657 0.0736512 0.797265 0.0195553 0.0616633 9.9982E-05
0.0062596 0.0105042 0.0760163 0.323479 0.486035 9.9991E-05 0.0976064
0.052033 0.0631288 9.9991E-05 0.589055 0.249735 0.0442102 0.00173903
9.9982E-05 0.162266 0.106219 0.187384 0.480439 0.0634923 9.9982E-05
9.9982E-05 0.109778 9.9982E-05 0.635268 0.170489 0.0108832 0.0733817
0.0591324 9.9991E-05 0.0502107 0.253133 0.548272 0.0407186 0.0484334
0.0252776 0.102307 0.0988257 0.585609 0.142534 0.027179 0.0182686
0.0985136 0.270242 0.0895534 0.284593 0.256898 9.9982E-05 9.9982E-05
9.9991E-05 0.231916 0.0109193 0.0947308 0.564045 0.0136261 0.0846624
9.9982E-05 0.52494 0.0275669 0.109883 0.315091 9.9982E-05 0.0223191
9.9973E-05 0.339992 0.0217859 9.9973E-05 0.548867 9.9973E-05 0.0890551
0.0125816 0.212294 0.0411274 0.0786311 0.555274 0.0999912 9.9991E-05
9.9982E-05 0.584238 0.0387597 0.062728 0.282577 9.9982E-05 0.0314976
0.0351376 0.185113 0.0498542 0.0681555 0.533457 0.0532362 0.075047
9.9982E-05 0.322697 0.0608877 0.00631773 0.54188 9.9982E-05 0.0680174
9.9973E-05 0.693114 0.110492 0.039465 0.156629 9.9973E-05 9.9973E-05
9.9982E-05 0.670672 0.0225944 0.0528231 0.22197 9.9982E-05 0.0317405
9.9991E-05 0.381629 0.0131296 0.0469153 0.485185 0.0365524 0.0364891
9.9982E-05 0.674903 0.151099 0.0608071 0.0990425 9.9982E-05 0.0139478
9.9982E-05 0.387853 0.0268601 0.111295 0.46048 9.9982E-05 0.0133119
0.0367565 9.9982E-05 0.0855901 0.69573 0.180408 9.9982E-05 0.00131533
0.0855323 0.271536 0.0605041 0.393266 0.188961 9.9982E-05 9.9982E-05
0.0664353 9.9982E-05 0.0451392 0.416146 0.408189 9.9982E-05 0.0638907
0.0466034 0.0137791 0.0436887 0.247854 0.596936 0.0434952 0.00764377
0.024841 9.9973E-05 0.158409 0.597795 0.218655 9.9973E-05 9.9973E-05
0.0354279 0.0970153 0.0821405 0.195878 0.52088 0.0685585 9.9991E-05
0.0305329 0.0497514 0.041103 0.278028 0.557437 0.0430474 9.9991E-05
0.0789461 0.0702355 0.0971116 0.268369 0.485138 9.9982E-05 9.9982E-05
0.0813193 0.0763579 0.0690578 0.258335 0.504361 0.0104689 9.9991E-05
0.0445162 0.0108693 0.0471047 0.403004 0.486739 0.00766678 9.9991E-05
0.0212285 0.01952 0.125051 0.549706 0.284295 9.9982E-05 9.9982E-05
0.023731 0.00917685 0.0780267 0.4449 0.443966 9.9982E-05 9.9982E-05
0.0342484 0.0779263 0.0952867 0.194941 0.597398 9.9982E-05 9.9982E-05
0.0784756 0.0560725 0.018466 0.213148 0.577195 0.0152823 0.0413599
0.102232 0.164584 0.107303 0.26482 0.315776 0.0451854 9.9991E-05
0.0895691 0.128513 0.05568 0.235951 0.490086 9.9982E-05 9.9982E-05
0.0834172 9.9982E-05 0.0756033 0.477854 0.347007 0.0159188 9.9982E-05
0.0483096 0.0722315 0.0404465 0.263439 0.552327 9.9991E-05 0.0231469
0.0948978 0.0747641 0.0794411 0.265986 0.446163 9.9991E-05 0.0386472
0.0289111 0.131267 9.9991E-05 0.16133 0.547416 0.108523 0.0224537
0.0959272 9.9991E-05 0.0057579 0.0557159 0.458063 0.254889 0.129548
0.15613 0.0799173 9.9991E-05 0.0594673 0.566747 0.125798 0.0118406
0.130413 0.110616 9.9991E-05 0.0728798 0.485986 0.192714 0.00729193
0.120836 0.138533 9.9991E-05 0.0255165 0.567502 0.0369301 0.110582
0.220587 0.130815 0.0283414 9.9982E-05 0.446636 0.173421 9.9982E-05
9.9973E-05 0.258354 0.00788909 0.193493 0.539965 9.9973E-05 9.9973E-05
0.12328 0.0906728 0.094477 9.9991E-05 0.485559 0.162093 0.0438178
0.169463 0.451295 0.029582 0.0448763 0.0556241 0.24906 9.9991E-05
0.127708 0.116939 9.9991E-05 0.0522376 0.573803 0.0917699 0.0374423
0.110331 0.131179 0.00741866 0.0175501 0.564092 0.140328 0.0291009
0.136972 0.121225 0.0641463 0.0254147 0.550944 0.092611 0.00868752
0.0738566 0.272638 0.00675972 0.0538041 0.358581 0.23426 9.9991E-05
0.117447 0.0484755 9.9991E-05 0.0200818 0.559454 0.133264 0.121177
0.158514 0.123576 9.9991E-05 0.0138919 0.557107 0.118676 0.0281347
0.115188 0.356907 9.9964E-05 9.9964E-05 9.9964E-05 0.527506 9.9964E-05
0.189083 9.9991E-05 0.0291279 0.0976845 0.494581 0.162277 0.0271462
0.174203 0.0670834 0.0203941 9.9991E-05 0.525437 0.174888 0.0378949
0.0847244 0.123519 9.9982E-05 0.0395829 0.606752 0.145221 9.9982E-05
0.199342 0.0875001 9.9973E-05 9.9973E-05 0.497101 0.215758 9.9973E-05
0.0950306 0.0595255 0.0321268 0.00626116 0.538735 0.147339 0.120982
0.0124073 0.332882 0.0861293 0.0260156 0.494257 9.9991E-05 0.0482081
0.0442445 0.205339 0.128208 0.0465064 0.515087 0.0459718 0.0146434
9.9973E-05 0.7489 0.15083 0.0944522 0.00551766 9.9973E-05 9.9973E-05
9.9973E-05 0.78255 0.0642597 0.0949422 0.0579477 9.9973E-05 9.9973E-05
0.0418415 0.216405 0.0646857 0.0354673 0.540078 0.0872949 0.0142274
0.291741 0.161508 9.9973E-05 9.9973E-05 0.395551 0.1509 9.9973E-05
0.262015 0.190265 9.9973E-05 9.9973E-05 0.382439 0.164981 9.9973E-05
0.307677 0.301649 9.9973E-05 9.9973E-05 0.217747 0.172627 9.9973E-05
0.259209 0.193504 9.9973E-05 9.9973E-05 0.378838 0.168149 9.9973E-05
0.0455454 0.721716 9.9982E-05 9.9982E-05 0.143706 0.072171 0.0166618
0.0607969 0.607305 0.0310718 9.9982E-05 0.211109 0.0895175 9.9982E-05
0.0608311 0.28393 0.024003 9.9982E-05 0.613825 9.9982E-05 0.0172112
0.0937164 0.382694 9.9982E-05 9.9982E-05 0.435614 0.000607583 0.0871684
0.0518447 0.5448 9.9982E-05 0.0626728 0.315823 0.0246591 9.9982E-05
0.059541 0.234088 0.00698264 0.0634531 0.586634 0.0278342 0.021467
0.0622317 0.259529 9.9991E-05 0.051172 0.592001 0.0283469 0.00661941
0.0822362 0.220001 0.091628 0.00429459 0.511182 0.0304912 0.0601665
9.9973E-05 0.528906 0.0679236 0.012326 0.390545 9.9973E-05 9.9973E-05
9.9982E-05 0.406437 0.0519135 0.0711555 0.457706 9.9982E-05 0.0125871
0.0230897 0.251727 0.0452832 0.118413 0.531849 0.0125551 0.0170833
9.9982E-05 0.281976 0.0126594 0.126927 0.526622 0.0516151 9.9982E-05
0.0720001 0.18884 0.0977224 0.0309148 0.506472 0.069337 0.0347138
9.9973E-05 0.411016 0.0922688 0.015058 0.481357 9.9973E-05 9.9973E-05
9.9973E-05 0.637485 0.0407947 0.0486538 0.272767 9.9973E-05 9.9973E-05
9.9982E-05 0.281646 0.0122284 9.9982E-05 0.686859 0.000711865 0.0183551
9.9973E-05 0.599784 0.0473571 0.0793164 0.273242 9.9973E-05 9.9973E-05
9.9982E-05 0.390849 0.0496503 0.0215668 0.530598 0.0071367 9.9982E-05
0.00866253 0.25129 0.057297 0.0673839 0.545674 0.0695925 9.9991E-05
0.0627208 0.250325 0.0994887 0.0492408 0.506259 0.0165342 0.015432
0.104967 0.163349 9.9991E-05 0.019649 0.492274 0.156252 0.0634088
0.124198 0.138401 0.0226049 0.0474862 0.445342 0.120152 0.101816
0.247305 0.193815 9.9982E-05 9.9982E-05 0.338961 0.163286 0.0564334
0.269961 0.163159 0.0515903 0.0261554 0.272104 0.124928 0.0921025
0.144224 0.131512 9.9991E-05 0.0117751 0.491193 0.133377 0.0878192
0.164956 0.188207 0.0654352 0.0323405 0.394007 0.108332 0.0467231
0.149525 0.685117 9.9982E-05 0.00558194 0.0108779 0.148698 9.9982E-05
0.197816 0.13259 9.9982E-05 9.9982E-05 0.573213 0.0496138 0.0465673
0.120222 0.545793 9.9973E-05 9.9973E-05 9.9973E-05 0.270602 0.0630836
0.155151 0.235439 9.9973E-05 9.9973E-05 0.538979 0.070131 9.9973E-05
9.9964E-05 0.694294 0.103815 9.9964E-05 0.201491 9.9964E-05 9.9964E-05
9.9973E-05 0.735191 0.207904 0.0229226 0.0336822 9.9973E-05 9.9973E-05
9.9973E-05 0.359377 0.0565849 0.0402481 0.543491 9.9973E-05 9.9973E-05
9.9982E-05 0.266298 0.0131076 0.00292059 0.691201 0.026273 9.9982E-05
9.9973E-05 0.437094 0.027378 0.0513672 0.483861 9.9973E-05 9.9973E-05
0.0292233 0.287572 0.0717597 0.011088 0.600157 9.9982E-05 9.9982E-05
9.9964E-05 0.32919 0.0285828 9.9964E-05 0.641827 9.9964E-05 9.9964E-05
0.00975698 9.9982E-05 9.9982E-05 0.0656195 0.0243866 0.631934 0.268103
0.0644314 0.00544602 0.0359973 0.0725636 0.0301216 0.653986 0.137454
0.00670075 9.9973E-05 9.9973E-05 0.0318726 9.9973E-05 0.746195 0.214932
9.9964E-05 9.9964E-05 9.9964E-05 9.9964E-05 0.015341 0.722699 0.26156
0.0626921 0.0303564 0.350726 0.0124514 0.477443 0.00687053 0.0594609
9.9973E-05 9.9973E-05 0.307278 0.0852685 0.523655 0.0834983 9.9973E-05
9.9973E-05 9.9973E-05 0.437209 0.0249894 0.526309 0.0111922 9.9973E-05
0.0191671 0.0276416 0.248348 0.0424131 0.556247 0.0804754 0.0257076
0.0240046 0.113613 0.128541 0.0735953 0.560516 0.0185694 0.0811612
9.9973E-05 9.9973E-05 0.568751 0.0979645 0.267307 0.0656778 9.9973E-05
9.9964E-05 9.9964E-05 0.335079 9.9964E-05 0.632904 9.9964E-05 0.0316164
0.00449064 0.16345 0.560579 9.9982E-05 0.251484 0.0197969 9.9982E-05
0.141855 0.0169492 9.9991E-05 0.113887 0.380729 0.196304 0.150177
0.0288579 0.147776 0.408849 0.0187232 0.392226 9.9991E-05 0.00346745
9.9973E-05 9.9973E-05 0.531045 0.108729 0.33408 0.0258465 9.9973E-05
9.9982E-05 0.0774395 0.358114 9.9982E-05 0.547656 0.00305739 0.0135329
0.0301924 9.9982E-05 0.50316 0.0907306 0.34264 9.9982E-05 0.0330771
0.00373136 0.0269858 0.412354 9.9982E-05 0.54357 9.9982E-05 0.0131585
9.9982E-05 9.9982E-05 0.317542 0.0718641 0.495772 0.00510505 0.109517
9.9955E-05 0.163627 0.835873 9.9955E-05 9.9955E-05 9.9955E-05 9.9955E-05
0.00812694 0.197936 0.507368 9.9973E-05 0.286269 9.9973E-05 9.9973E-05
0.0222094 0.0794634 0.549342 9.9973E-05 0.348686 9.9973E-05 9.9973E-05
9.9955E-05 0.236653 0.762847 9.9955E-05 9.9955E-05 9.9955E-05 9.9955E-05
9.9973E-05 9.9973E-05 0.440288 0.106258 0.358267 9.9973E-05 0.0948865
9.9964E-05 0.328144 0.608655 9.9964E-05 0.0628012 9.9964E-05 9.9964E-05
9.9955E-05 0.230081 0.76942 9.9955E-05 9.9955E-05 9.9955E-05 9.9955E-05
0.0450277 0.0155246 0.324537 0.00555043 0.533562 9.9991E-05 0.0756983
9.9973E-05 9.9973E-05 0.618626 0.169947 0.173182 9.9973E-05 0.037946
0.0106752 9.9982E-05 0.452271 0.0876078 0.421738 9.9982E-05 0.0275082
0.0323803 0.0199309 0.255957 9.9991E-05 0.537297 0.100159 0.054176
9.9973E-05 9.9973E-05 0.399318 0.0356883 0.511169 9.9973E-05 0.0535249
9.9973E-05 0.29219 0.0111671 0.287883 0.408461 9.9973E-05 9.9973E-05
0.0342558 9.9982E-05 0.35506 0.0560776 0.513443 0.0409641 9.9982E-05
9.9973E-05 9.9973E-05 0.347193 0.101112 0.502022 9.9973E-05 0.0493724
9.9964E-05 0.141752 0.555801 9.9964E-05 0.302047 9.9964E-05 9.9964E-05
9.9991E-05 0.000563036 0.252704 0.092266 0.51553 0.122012 0.0168249
9.9973E-05 0.0225464 9.9973E-05 0.281198 9.9973E-05 0.504321 0.191635
9.9982E-05 0.0182616 0.030459 0.147676 9.9982E-05 0.64421 0.159193
9.9964E-05 9.9964E-05 9.9964E-05 0.132834 9.9964E-05 0.796847 0.0699186
9.9964E-05 9.9964E-05 9.9964E-05 0.15155 9.9964E-05 0.741036 0.107014
9.9982E-05 9.9982E-05 0.00680277 0.195887 0.0132324 0.637299 0.146579
0.0159412 9.9982E-05 0.662888 0.15788 0.107523 9.9982E-05 0.055568
9.9982E-05 9.9982E-05 0.686782 0.139267 0.136923 0.0246641 0.0121641
0.0314435 0.084181 0.761091 9.9973E-05 0.122984 9.9973E-05 9.9973E-05
0.0542009 0.0263972 0.145611 0.0622081 0.570904 0.0314117 0.109267
0.0561632 9.9991E-05 0.225764 0.0865588 0.53389 0.0312271 0.0662974
0.0353722 0.123552 0.616854 9.9982E-05 0.219819 0.00420371 9.9982E-05
0.0470701 0.0886688 0.250366 0.00637804 0.57861 9.9991E-05 0.0288069
0.0468388 0.0920724 0.424697 9.9991E-05 0.383707 0.048999 0.00358556
0.00772708 9.9982E-05 0.405289 0.0636188 0.497763 9.9982E-05 0.0254018
0.0344966 9.9982E-05 0.308932 0.0350472 0.540066 0.0812583 9.9982E-05
0.0073046 9.9973E-05 0.624126 0.15921 0.209059 9.9973E-05 9.9973E-05
9.9973E-05 9.9973E-05 0.609085 0.110575 0.275865 9.9973E-05 0.0041747
9.9973E-05 9.9973E-05 0.542817 0.119277 0.287578 9.9973E-05 0.0500278
9.9982E-05 0.175025 9.9982E-05 0.0138473 0.633435 0.0229911 0.154501
9.9973E-05 9.9973E-05 0.562664 0.0356428 0.366699 0.0346948 9.9973E-05
0.0261076 9.9991E-05 0.451907 0.101696 0.372064 0.00764002 0.0404856
0.362993 0.0723099 9.9982E-05 9.9982E-05 0.440542 0.0676615 0.0562943
0.406486 0.0718916 0.0246942 0.0129188 0.35411 0.064207 0.0656922
0.3693 0.0305988 9.9982E-05 0.0273619 0.462714 0.109825 9.9982E-05
0.498619 0.0807615 9.9982E-05 9.9982E-05 0.282037 0.0925546 0.045828
0.265954 0.0465384 0.0609274 9.9982E-05 0.469111 0.157269 9.9982E-05
0.00224802 0.186005 0.204604 9.9991E-05 0.518579 0.0639959 0.0244681
0.623732 0.0610806 9.9982E-05 9.9982E-05 0.0222785 0.253304 0.0394047
0.474504 0.0531754 0.00575175 9.9982E-05 0.289417 0.176951 9.9982E-05
0.149162 0.230282 0.0443206 9.9991E-05 0.360994 0.148025 0.0671165
9.9991E-05 0.174386 0.03497 0.0862858 0.545773 0.100194 0.0582908
9.9973E-05 0.263554 9.9973E-05 0.0661414 0.468267 9.9973E-05 0.201738
0.0135915 0.160766 0.0593956 0.0601324 0.564067 0.0179435 0.124104
0.047837 0.133357 0.00271513 0.0403651 0.610493 0.0114638 0.153769
0.433027 0.00275052 0.000449396 9.9991E-05 0.37323 0.110608 0.0798344
0.357564 9.9982E-05 0.0398455 0.0510365 0.381388 0.169966 9.9982E-05
0.474671 9.9964E-05 9.9964E-05 9.9964E-05 0.43649 0.0884393 9.9964E-05
0.239646 0.0542502 0.053533 9.9991E-05 0.466911 0.148426 0.0371335
0.464683 0.0529611 9.9982E-05 9.9982E-05 0.28453 0.158151 0.039476
0.290505 0.0610751 0.0560566 9.9982E-05 0.450512 0.141651 9.9982E-05
0.537782 0.0681954 9.9991E-05 0.00530761 0.246142 0.114748 0.0277255
0.298802 0.0919194 0.0359477 0.0319488 0.408783 0.108247 0.0243517
0.0217357 0.294491 0.0355996 0.0440758 0.483906 0.0160833 0.104108
0.319353 0.0340315 0.0593696 0.0183226 0.379562 0.189261 9.9991E-05
0.565532 0.0158011 9.9991E-05 0.00797057 0.172955 0.224805 0.0128357
0.322696 0.0538345 0.0396754 0.0765788 0.362947 0.144168 9.9991E-05
9.9982E-05 0.256164 0.107615 0.120134 0.276273 9.9982E-05 0.239613
0.0113875 0.282241 9.9973E-05 9.9973E-05 0.61963 9.9973E-05 0.0864409
0.324644 0.0890471 9.9991E-05 0.0329369 0.397106 0.126817 0.0293484
9.9991E-05 0.181346 0.0203028 0.0773898 0.558182 0.0441772 0.118502
9.9991E-05 0.22667 0.0227974 0.0550324 0.49143 0.0556247 0.148346
0.19657 0.15247 0.0710724 0.00211778 0.355559 0.192636 0.0295748
0.237176 0.153206 9.9973E-05 9.9973E-05 0.360234 0.249084 9.9973E-05
0.0263706 0.115123 0.0520742 0.044964 0.579497 0.0238676 0.158104
0.298424 0.0708231 0.01072 0.0312672 0.402483 0.101466 0.0848162
0.395233 9.9982E-05 0.012023 9.9982E-05 0.447058 0.115936 0.0295497
0.583176 0.0763841 9.9973E-05 9.9973E-05 0.152897 0.187243 9.9973E-05
0.0179811 0.133151 0.0161914 0.0699348 0.668792 0.0650743 0.0288754
9.9982E-05 0.249563 0.0403335 0.0713634 0.429297 9.9982E-05 0.209243
0.00873742 0.704918 9.9973E-05 9.9973E-05 0.134758 9.9973E-05 0.151286
0.0394377 0.0964926 0.076655 0.0337396 0.565021 0.132826 0.0558276
0.0248636 0.295507 0.0431111 0.133293 0.389727 0.0514399 0.0620577
0.133197 0.17504 0.000763171 9.9991E-05 0.467901 0.190938 0.0320602
0.09315 0.134988 0.0367859 0.0564407 0.502301 0.176235 9.9991E-05
0.104855 0.495369 9.9964E-05 9.9964E-05 9.9964E-05 0.399376 9.9964E-05
0.0670901 0.557203 9.9964E-05 9.9964E-05 9.9964E-05 0.375307 9.9964E-05
0.0600948 0.397231 9.9973E-05 9.9973E-05 0.347402 0.194973 9.9973E-05
0.144146 0.415484 9.9973E-05 9.9973E-05 0.0613975 0.378673 9.9973E-05
0.184975 0.329915 9.9964E-05 9.9964E-05 9.9964E-05 0.48471 9.9964E-05
0.0796293 0.290561 9.9973E-05 9.9973E-05 0.413646 0.215863 9.9973E-05
0.147903 0.182144 0.0226325 0.0451792 0.347333 0.177892 0.0769154
0.150859 0.389453 9.9982E-05 9.9982E-05 0.144392 0.291141 0.0239544
0.0903257 0.497222 9.9973E-05 9.9973E-05 0.111873 0.30028 9.9973E-05
0.123966 0.185898 0.0335321 9.9982E-05 0.470573 0.185831 9.9982E-05
0.0914651 0.417385 9.9973E-05 9.9973E-05 0.192348 0.298502 9.9973E-05
0.0360639 0.546568 9.9964E-05 9.9964E-05 9.9964E-05 0.416968 9.9964E-05
0.118114 0.0804053 0.0639138 0.0940974 0.517139 0.12623 9.9991E-05
0.171117 0.264454 9.9973E-05 9.9973E-05 0.328799 0.23533 9.9973E-05
0.172589 0.026694 0.0529079 0.0189514 0.37458 0.310241 0.0440371
0.226471 9.9982E-05 9.9982E-05 0.0104584 0.570642 0.0711656 0.121063
0.185043 0.0666715 0.0192209 0.0130986 0.535385 0.0934892 0.0870925
0.234304 0.113955 0.00586872 9.9991E-05 0.455386 0.177827 0.0125584
0.219015 0.00935992 0.0165967 0.0844698 0.289815 0.334793 0.0459515
0.168339 0.0480314 9.9982E-05 0.027115 0.517979 0.238335 9.9982E-05
0.168987 0.0100116 9.9982E-05 0.035317 0.497375 0.28811 9.9982E-05
0.233419 0.217698 9.9982E-05 0.00549499 0.288914 0.254274 9.9982E-05
0.10779 0.0455334 0.225105 0.0859237 0.311415 0.120608 0.103626
0.111659 0.0469858 0.102127 0.000150602 0.482012 0.191987 0.0650787
0.129153 0.00874753 0.0358804 0.0788899 0.548977 0.143867 0.054485
0.113175 0.0374552 0.130158 0.0347481 0.548759 0.100535 0.0351696
0.172384 0.0375102 9.9991E-05 0.0108557 0.456449 0.249473 0.0732287
0.15264 0.0206224 0.068254 0.0130194 0.478474 0.219792 0.0471983
0.296697 0.258392 9.9973E-05 9.9973E-05 0.057738 0.386873 9.9973E-05
0.120152 0.0658101 9.9991E-05 0.0220508 0.572514 0.20395 0.0154227
0.293882 0.201974 9.9973E-05 9.9973E-05 0.196506 0.307338 9.9973E-05
9.99549E-05 9.99549E-05 9.99549E-05 0.107209 9.99549E-05 9.99549E-05 0.892291
0.0181876 9.9982E-05 0.000778772 0.798475 0.148348 0.0340107 9.9982E-05
9.995E-05 9.995E-05 9.995E-05 0.9994 9.995E-05 9.995E-05 9.995E-05
9.995E-05 9.995E-05 9.995E-05 0.9994 9.995E-05 9.995E-05 9.995E-05
9.9955E-05 9.9955E-05 9.9955E-05 0.949946 0.049554 9.9955E-05 9.9955E-05
0.0372264 9.9955E-05 9.9955E-05 0.962274 9.9955E-05 9.9955E-05 9.9955E-05
9.9955E-05 9.9955E-05 9.9955E-05 0.944135 0.055365 9.9955E-05 9.9955E-05
9.995E-05 9.995E-05 9.995E-05 0.9994 9.995E-05 9.995E-05 9.995E-05
9.9964E-05 9.9964E-05 9.9964E-05 0.846513 9.9964E-05 0.133133 0.0199546
9.9973E-05 9.9973E-05 0.0344047 0.0349326 9.9973E-05 0.725194 0.205169
9.9973E-05 9.9973E-05 9.9973E-05 0.117602 0.0592016 0.639886 0.18301
9.9982E-05 9.9982E-05 0.0257592 0.050962 0.0191243 0.735687 0.168267
9.9973E-05 9.9973E-05 9.9973E-05 0.0919337 0.0265121 0.690182 0.191072
9.9973E-05 9.9973E-05 0.0223154 0.0544445 9.9973E-05 0.574228 0.348712
0.000958262 9.9982E-05 9.9982E-05 0.0406313 0.0408715 0.710664 0.206675
0.054659 0.00814232 9.9991E-05 0.0232672 0.140662 0.668378 0.104792
9.9964E-05 9.9964E-05 9.9964E-05 9.9964E-05 0.0673669 0.718975 0.213258
0.0374458 0.0311523 9.9991E-05 0.0724171 0.122429 0.638674 0.0977822
0.0559368 9.9973E-05 9.9973E-05 9.9973E-05 0.0152296 0.863818 0.0647161
9.9955E-05 9.9955E-05 9.9955E-05 9.9955E-05 9.9955E-05 0.858774 0.140726
0.00230581 9.9982E-05 9.9982E-05 0.0125009 0.0519459 0.817729 0.115318
9.9955E-05 9.9955E-05 9.9955E-05 9.9955E-05 9.9955E-05 0.818414 0.181086
9.9964E-05 9.9964E-05 9.9964E-05 9.9964E-05 0.0311191 0.853398 0.115083
0.0296572 9.9964E-05 9.9964E-05 9.9964E-05 9.9964E-05 0.28897 0.680973
0.00615418 9.9964E-05 9.9964E-05 9.9964E-05 9.9964E-05 0.306014 0.687432
0.0642659 9.9973E-05 9.9973E-05 9.9973E-05 0.0102181 0.249083 0.676133
0.0261555 9.9973E-05 9.9973E-05 9.9973E-05 0.0522424 0.179906 0.741396
0.0983993 9.9973E-05 9.9973E-05 9.9973E-05 0.0075149 0.114469 0.779317
9.9982E-05 0.252659 0.0799114 0.0922924 0.404169 9.9982E-05 0.170769
9.9991E-05 0.149118 0.0247254 0.0156871 0.678318 0.0136135 0.118438
0.0196198 0.0848636 0.0821194 0.0879494 0.577153 0.0966586 0.0516366
0.00396106 0.6869 0.0822655 9.9982E-05 0.0854116 9.9982E-05 0.141262
9.9991E-05 0.233645 0.00223238 0.114538 0.503788 0.0636275 0.0820693
9.9964E-05 0.730024 9.9964E-05 9.9964E-05 0.0982674 9.9964E-05 0.171309
0.0312816 0.207064 9.9982E-05 0.0187568 0.621807 9.9982E-05 0.120891
9.9982E-05 0.22885 0.100228 0.0695653 0.395542 9.9982E-05 0.205615
9.9973E-05 0.253697 9.9973E-05 0.0602596 0.474352 9.9973E-05 0.211391
0.0211114 9.9991E-05 0.398742 0.0384217 0.445515 0.0812673 0.0148427
9.9982E-05 0.239865 0.0648344 0.0569002 0.456234 9.9982E-05 0.181967
0.00349056 0.19198 0.0375027 9.9991E-05 0.681713 0.0500323 0.0351814
9.9982E-05 0.236169 9.9982E-05 0.079975 0.512741 0.0196335 0.151282
0.0687352 0.302205 0.19293 0.412123 0.0238068 9.9982E-05 9.9982E-05
9.9973E-05 0.825772 9.9973E-05 0.00784172 0.00513516 9.9973E-05 0.160951
9.9973E-05 0.700049 9.9973E-05 9.9973E-05 0.163894 0.00520092 0.130556
0.0145129 0.188757 0.0381849 9.9991E-05 0.579276 0.00561533 0.173555
9.9982E-05 0.394051 0.00487161 9.9982E-05 0.513952 0.00835705 0.0785677
9.9973E-05 0.277346 9.9973E-05 9.9973E-05 0.62051 0.005811 0.096033
