0.0333089 0.0253418 9.9973E-05 0.914534 9.9973E-05 0.0265151 9.9973E-05
9.9973E-05 0.00169791 9.9973E-05 0.971863 9.9973E-05 0.00811646 0.0180223
0.0597789 0.000451426 0.025122 0.887111 9.9991E-05 0.00212699 0.0253101
0.134939 9.9964E-05 9.9964E-05 0.825258 9.9964E-05 0.0394032 9.9964E-05
0.0813826 9.9955E-05 9.9955E-05 0.918118 9.9955E-05 9.9955E-05 9.9955E-05
0.0656114 0.0444085 0.124282 0.646933 0.0113066 0.0955738 0.0118847
0.0342375 9.9973E-05 0.190393 0.773538 9.9973E-05 0.0015323 9.9973E-05
0.0370235 0.00949093 0.175654 0.695778 9.9982E-05 0.0818533 9.9982E-05
9.99639E-05 9.99639E-05 0.0453461 0.802412 9.99639E-05 0.151842 9.99639E-05
0.064051 9.9982E-05 0.137563 0.752077 0.0140726 0.032037 9.9982E-05
0.101241 9.9973E-05 0.137124 0.726011 9.9973E-05 0.0353242 9.9973E-05
0.230054 0.022744 0.110736 0.0291301 9.9991E-05 0.442956 0.16428
0.549393 0.0455169 0.0416435 0.0438277 0.0163687 0.242816 0.0604344
0.260473 0.0719798 0.0951001 9.9991E-05 0.0140795 0.461418 0.0968496
0.279846 0.106304 0.0338901 0.0488933 9.9991E-05 0.416464 0.114503
0.418866 0.117534 0.024185 0.0836188 0.00306521 0.329964 0.0227675
0.562807 0.0889337 0.0751206 0.0101017 9.9991E-05 0.171188 0.09175
0.45801 0.0541535 0.0873329 0.00911575 0.0132752 0.27148 0.106632
0.273479 0.0745862 0.0996454 0.10894 9.9991E-05 0.368701 0.0745487
0.0752897 0.00117923 0.173675 9.9982E-05 9.9982E-05 0.658003 0.091653
0.414023 0.0375094 0.0990771 9.9982E-05 9.9982E-05 0.320029 0.129162
0.433136 0.0505907 0.224069 9.9991E-05 0.0324423 0.177439 0.0822238
0.584837 0.0174031 0.0172275 0.0349785 9.9991E-05 0.226662 0.118792
0.233026 0.0787465 0.0942744 0.0304907 9.9991E-05 0.416583 0.146779
0.608684 0.0603355 0.035731 0.112136 0.0584218 0.0991493 0.025543
0.539212 0.0343379 0.100789 0.0178716 9.9991E-05 0.247 0.0606892
0.235601 0.0131266 0.0772515 0.0599668 0.000680701 0.489994 0.12338
0.249912 0.0980911 0.104928 0.00591368 9.9991E-05 0.414164 0.126891
0.247096 9.9973E-05 0.17415 9.9973E-05 9.9973E-05 0.446066 0.132389
0.0945734 0.0153949 9.9964E-05 0.889632 9.9964E-05 9.9964E-05 9.9964E-05
0.125765 9.9955E-05 9.9955E-05 0.873735 9.9955E-05 9.9955E-05 9.9955E-05
0.0992946 0.0881926 9.9973E-05 0.806057 9.9973E-05 0.00615579 9.9973E-05
0.139564 0.101106 9.9964E-05 0.758931 9.9964E-05 9.9964E-05 9.9964E-05
0.47567 9.9982E-05 0.137225 0.0781854 9.9982E-05 0.118787 0.189933
0.45954 0.0957515 0.0305987 0.0958136 0.013451 0.0422981 0.262548
0.536501 0.0198085 0.00421281 0.0219816 0.00148245 9.9991E-05 0.415913
0.198179 9.9982E-05 9.9982E-05 0.0504864 0.0627263 0.61269 0.075719
0.243968 0.0224596 0.0949052 0.000267958 0.0600504 9.9991E-05 0.578249
0.508365 0.0428346 9.9991E-05 0.0826761 0.024368 0.0684531 0.273203
0.710658 9.9991E-05 0.038179 0.0449725 0.0346817 0.019867 0.151542
0.559543 9.9982E-05 0.246267 0.0702561 9.9982E-05 0.0676773 0.0560558
0.61864 0.00736746 0.106503 0.091413 9.9991E-05 0.101483 0.0744931
0.147795 9.9964E-05 9.9964E-05 9.9964E-05 9.9964E-05 0.19329 0.658515
0.665729 0.0143842 0.245329 0.0261249 9.9982E-05 0.0482336 9.9982E-05
0.593425 0.0413702 9.9991E-05 0.077687 0.0612271 0.00970618 0.216484
0.540457 0.048273 0.119646 0.109817 9.9991E-05 0.0351968 0.14651
0.344667 9.9973E-05 0.0216536 9.9973E-05 0.0927777 9.9973E-05 0.540602
0.633508 9.9973E-05 9.9973E-05 0.0788713 9.9973E-05 0.0491792 0.238142
0.530017 9.9991E-05 0.0306828 0.129988 0.0728817 0.0757199 0.16061
9.9964E-05 9.9964E-05 0.302175 9.9964E-05 0.0668854 9.9964E-05 0.630539
0.176846 9.9982E-05 0.0869864 9.9982E-05 0.0262252 0.602799 0.106944
0.158713 0.0486353 0.28061 9.9991E-05 0.168333 0.222653 0.120955
0.55328 0.0638715 0.0539518 0.077052 0.0785333 0.134698 0.0386131
0.594618 0.0396873 0.067295 0.0775936 0.068858 0.0940061 0.0579417
0.557351 0.0638957 0.0813053 0.0859924 0.0641435 0.0731838 0.0741281
0.22249 9.9982E-05 0.110711 0.0927931 9.9982E-05 0.501404 0.0724017
0.539621 0.00634974 0.0447888 0.0218086 0.0322662 0.306435 0.0487309
0.561759 0.0471662 0.0201442 0.0948386 0.0511742 0.0953532 0.129564
0.404445 0.0336982 0.0817754 0.090696 0.0816027 0.253775 0.0540069
0.135695 0.00419311 0.14923 0.131528 9.9991E-05 0.47984 0.0994146
0.53259 0.0389679 0.0608525 0.083507 0.0240357 0.175036 0.0850113
0.478383 0.0592762 9.9991E-05 0.0855623 0.0440825 0.248912 0.0836842
0.108685 9.9982E-05 0.145581 0.0481323 9.9982E-05 0.546682 0.15072
0.426717 9.9982E-05 0.0221655 9.9982E-05 0.0734822 0.36624 0.111195
0.55944 0.0299058 0.0327972 0.0444823 0.152753 0.12203 0.0585916
0.642153 9.9991E-05 0.0557107 0.0864488 0.0405548 0.13612 0.0389125
0.257112 0.0744942 0.0590114 0.0401782 0.0463623 0.370013 0.152829
0.474685 0.0298451 0.0571163 0.0307104 0.0672481 0.239686 0.100709
0.579629 0.021884 0.0415754 0.0278335 0.0791641 0.194095 0.0558193
0.269192 9.9982E-05 0.105928 0.00777343 9.9982E-05 0.495527 0.121379
0.487992 9.9964E-05 9.9964E-05 0.0424592 9.9964E-05 9.9964E-05 0.469149
0.200795 9.9973E-05 9.9973E-05 0.0242691 9.9973E-05 0.0495226 0.725114
0.528448 0.0750175 9.9982E-05 0.0956831 9.9982E-05 0.0706457 0.230006
9.9964E-05 9.9964E-05 0.06604 9.9964E-05 0.0742169 9.9964E-05 0.859343
9.9964E-05 9.9964E-05 0.0749388 9.9964E-05 0.068082 9.9964E-05 0.856579
0.235713 9.9973E-05 0.0360694 9.9973E-05 0.0545988 9.9973E-05 0.673319
0.452493 9.9973E-05 9.9973E-05 0.0314702 9.9973E-05 0.0522257 0.463511
0.527211 0.0703404 0.00416147 0.102571 0.0684574 0.0933077 0.13395
0.476928 9.9982E-05 0.00224224 9.9982E-05 0.0340936 0.00030616 0.48623
0.140792 0.00180175 9.9982E-05 0.0475818 9.9982E-05 0.163954 0.645671
0.277292 9.9973E-05 9.9973E-05 0.00354306 9.9973E-05 0.214906 0.503959
0.452764 0.0829494 9.9991E-05 0.0578309 0.0447617 0.101032 0.260563
0.331395 0.00390761 9.9982E-05 0.038867 9.9982E-05 0.0747265 0.550904
0.462804 9.9973E-05 9.9973E-05 9.9973E-05 0.00399392 0.0948632 0.438039
0.399469 9.9973E-05 0.0437975 9.9973E-05 0.0796817 9.9973E-05 0.476752
9.9964E-05 9.9964E-05 0.17716 9.9964E-05 0.147824 9.9964E-05 0.674616
0.602409 0.0510704 0.0146654 0.0172735 0.0163084 9.9991E-05 0.298174
0.0581678 0.00655975 9.9982E-05 0.852203 9.9982E-05 0.0696796 0.0131899
0.072557 9.9955E-05 9.9955E-05 0.926943 9.9955E-05 9.9955E-05 9.9955E-05
0.119113 0.0270736 9.9964E-05 0.853413 9.9964E-05 9.9964E-05 9.9964E-05
0.0316243 0.0443301 9.9964E-05 0.923646 9.9964E-05 9.9964E-05 9.9964E-05
0.00646298 0.0298688 9.9991E-05 0.94602 0.0015942 0.00163054 0.0143232
0.0583325 0.044741 9.9973E-05 0.875842 0.0207849 9.9973E-05 9.9973E-05
0.0707139 9.9955E-05 9.9955E-05 0.928786 9.9955E-05 9.9955E-05 9.9955E-05
0.505105 0.0887504 9.9991E-05 0.0542773 0.0497131 0.10772 0.194334
0.551644 0.0440434 0.0667044 0.1249 0.0412734 0.0589642 0.11247
0.0326692 9.9973E-05 9.9973E-05 0.042534 9.9973E-05 0.217595 0.706902
0.54641 0.00523723 0.0079965 0.0814623 0.081907 0.0980463 0.178941
0.385698 9.9982E-05 9.9982E-05 0.0290337 0.0179658 0.113989 0.453113
0.541725 9.9973E-05 9.9973E-05 0.0473599 9.9973E-05 0.0388935 0.371722
0.554617 0.0286621 0.0729123 0.00900632 0.0467739 0.036673 0.251356
0.503396 0.0165963 9.9991E-05 0.0288353 0.0970544 0.00477899 0.349239
9.9964E-05 9.9964E-05 9.9964E-05 0.0317735 9.9964E-05 0.297757 0.670069
0.508983 0.0419921 9.9991E-05 0.0904943 0.0619989 0.135655 0.160777
0.64088 0.00271202 0.0528226 0.102179 9.9991E-05 0.0422154 0.159092
0.539259 0.0563431 9.9991E-05 0.106312 0.0521577 0.080177 0.165651
0.223101 0.0249057 0.123841 9.9991E-05 0.0582767 0.0326901 0.537085
0.50678 9.9982E-05 0.0021024 0.00299551 0.0975137 9.9982E-05 0.390408
0.456092 9.9973E-05 9.9973E-05 0.0310939 9.9973E-05 0.0951536 0.41736
0.373934 0.0140108 9.9973E-05 9.9973E-05 0.0611479 9.9973E-05 0.550608
0.452886 9.9973E-05 9.9973E-05 0.0542395 9.9973E-05 0.151319 0.341255
0.480285 0.0705751 0.0578521 0.05781 0.0269936 0.0786932 0.227791
0.30622 0.0393967 0.0789249 9.9982E-05 0.220777 0.354481 9.9982E-05
0.444672 9.9973E-05 0.128079 0.0477808 9.9973E-05 0.379168 9.9973E-05
0.551511 0.0139629 0.0565212 0.13537 0.0418862 0.200649 9.9991E-05
0.597984 0.0119001 0.0757101 0.0849968 0.031905 0.151211 0.0462925
0.45609 0.0214512 0.00506867 0.0280673 0.03937 0.390399 0.0595535
0.608743 0.0189102 0.01889 0.0385221 0.06415 0.250684 9.9991E-05
0.476343 9.9982E-05 0.0130464 0.0637671 0.0347093 0.411934 9.9982E-05
0.528716 9.9991E-05 0.0708465 0.109882 0.102731 0.107568 0.0801557
0.57396 0.0718026 0.0104393 0.0816706 0.0808949 0.15578 0.025453
0.593683 9.9991E-05 0.00745682 0.0832458 0.0598855 0.246839 0.00878987
0.568587 9.9982E-05 9.9982E-05 0.0487187 0.0560194 0.290447 0.0360273
0.636727 0.0102412 0.0412536 0.0662612 0.0983874 0.13227 0.0148597
0.61025 0.0372417 0.104149 0.0848924 0.0205783 0.142788 9.9991E-05
0.567757 0.0779233 0.0614327 9.9991E-05 0.0631672 0.218544 0.0110753
0.563582 0.0511332 0.0644537 0.0704174 0.0897119 0.160602 9.9991E-05
0.560386 0.0426129 0.00377451 0.0079976 0.159357 0.208231 0.0176409
0.347666 0.0339204 0.186688 0.08626 0.112366 0.21299 0.0201108
0.638336 0.025835 0.0306542 0.0704701 0.0853512 0.0953336 0.0540203
0.68945 9.9991E-05 0.0294088 0.0386684 0.114202 0.104172 0.0239986
0.246439 0.00813559 0.017402 0.00924689 0.020968 0.583376 0.114433
0.143504 0.0394922 0.198592 9.9991E-05 0.235754 0.330983 0.0515742
0.546211 0.0227589 0.0586235 0.0207794 0.0398473 0.217933 0.0938475
0.0697479 9.9982E-05 0.198219 9.9982E-05 0.323906 0.335292 0.0726355
0.355537 9.9991E-05 0.0358803 0.000227864 0.0655776 0.530386 0.0122917
0.448608 9.9973E-05 9.9973E-05 9.9973E-05 0.0758622 0.395924 0.0793064
0.369446 9.9982E-05 9.9982E-05 0.0358906 0.0194379 0.491576 0.0834497
0.376188 9.9982E-05 0.0019473 9.9982E-05 0.0481633 0.523937 0.0495639
0.589937 9.9991E-05 0.0373378 0.0838956 0.0479988 0.200269 0.0404618
0.5387 0.0379678 0.0559659 0.0964761 0.036371 0.179235 0.0552841
0.609915 0.0021973 0.0328795 0.0318687 0.0466603 0.228551 0.0479277
0.144511 0.0292134 0.146873 9.9991E-05 0.233533 0.384463 0.0613066
0.529277 0.0158688 0.0891428 0.176974 0.036516 0.0832511 0.0689701
0.475628 0.0473547 0.243532 0.076508 0.067305 0.0502097 0.0394632
9.9982E-05 9.9982E-05 0.632084 0.0324497 0.122055 0.104904 0.108307
0.639177 0.028183 0.136688 0.0545253 0.0398595 0.0672628 0.0343045
0.328234 0.0123681 0.328303 0.0477406 0.117272 0.0811022 0.08498
0.537341 0.0240878 0.229346 0.108382 0.0597906 0.0409525 9.9991E-05
0.247196 9.9991E-05 0.430405 0.0462048 0.0761452 0.126088 0.0738613
0.109459 9.9982E-05 0.51515 9.9982E-05 0.108572 0.172786 0.093833
0.39296 0.0416656 0.269082 0.0157392 0.0836187 0.137943 0.0589913
0.502912 0.0609201 0.118523 0.0829601 0.0995364 0.104923 0.0302249
0.445162 0.0252822 0.185063 0.146726 0.00238493 0.14791 0.0474712
0.100532 0.0742547 0.359005 0.00299328 0.180461 0.092738 0.190016
0.565102 0.0505847 0.0640374 0.103923 0.10527 0.0703575 0.0407255
0.321787 9.9982E-05 0.387829 9.9982E-05 0.108186 0.0895384 0.0924593
0.46175 9.9982E-05 0.288617 9.9982E-05 0.0885486 0.0606818 0.100202
0.57986 0.0450316 0.116145 0.0973939 0.0331672 0.0680234 0.0603783
0.127669 0.257925 0.2576 0.339796 9.9982E-05 0.0168095 9.9982E-05
9.9964E-05 0.141584 0.455566 0.402451 9.9964E-05 9.9964E-05 9.9964E-05
9.9964E-05 0.146001 0.453674 0.399925 9.9964E-05 9.9964E-05 9.9964E-05
0.0661113 0.275713 0.30911 0.33672 9.9991E-05 0.000543117 0.0117027
0.588584 9.9973E-05 0.217655 9.9973E-05 0.080181 9.9973E-05 0.11328
0.588441 0.0398903 0.109697 0.0741845 0.106729 0.0300811 0.0509771
0.32323 0.659956 9.9964E-05 9.9964E-05 9.9964E-05 0.0164143 9.9964E-05
0.429025 0.442226 9.9982E-05 0.0284407 0.036419 0.0636887 9.9982E-05
0.383891 0.386118 0.00377227 0.078954 0.008256 0.0933922 0.0456168
0.277517 9.9982E-05 0.442391 9.9982E-05 0.194842 0.0478217 0.037228
0.501993 0.0121502 0.151697 0.110233 0.121419 0.080535 0.0219733
0.23813 9.9982E-05 0.503503 9.9982E-05 0.137739 0.1015 0.0189269
0.566474 9.9991E-05 0.244986 0.0423571 0.0924287 0.00654116 0.047113
0.489081 9.9982E-05 0.296165 0.00675464 0.13618 0.0716186 9.9982E-05
0.591503 9.9973E-05 0.303204 9.9973E-05 0.0743152 9.9973E-05 0.0306779
0.238194 9.9982E-05 0.574568 9.9982E-05 0.0949944 0.0360506 0.0559937
0.662924 0.0342685 0.161691 0.0543079 0.0155624 0.0142164 0.0570297
0.629539 0.0157288 0.149389 0.0794746 0.0748664 0.0289541 0.0220481
0.0221257 0.968035 9.9964E-05 9.9964E-05 9.9964E-05 9.9964E-05 0.0094397
0.0766227 0.893244 9.9973E-05 9.9973E-05 0.0051269 0.0247064 9.9973E-05
0.318999 0.543799 9.9991E-05 0.0422618 0.0225759 0.0556337 0.0166304
0.322425 0.61615 9.9973E-05 9.9973E-05 9.9973E-05 0.036558 0.0245669
0.141664 0.820067 9.9973E-05 9.9973E-05 9.9973E-05 0.0336298 0.00434011
9.995E-05 0.9994 9.995E-05 9.995E-05 9.995E-05 9.995E-05 9.995E-05
9.9955E-05 0.96229 9.9955E-05 9.9955E-05 9.9955E-05 0.0372106 9.9955E-05
0.157534 0.83338 9.9964E-05 9.9964E-05 9.9964E-05 9.9964E-05 0.00868614
9.9955E-05 0.952512 9.9955E-05 9.9955E-05 9.9955E-05 0.0469879 9.9955E-05
9.995E-05 0.9994 9.995E-05 9.995E-05 9.995E-05 9.995E-05 9.995E-05
9.995E-05 0.9994 9.995E-05 9.995E-05 9.995E-05 9.995E-05 9.995E-05
0.218315 0.777772 9.9964E-05 9.9964E-05 9.9964E-05 0.00351309 9.9964E-05
0.114668 0.805753 9.9973E-05 0.00552531 9.9973E-05 0.0737545 9.9973E-05
9.995E-05 0.9994 9.995E-05 9.995E-05 9.995E-05 9.995E-05 9.995E-05
0.302728 0.402963 9.9991E-05 0.0727274 0.0517118 0.083537 0.0862321
0.254239 0.643282 9.9982E-05 0.0140997 0.0072916 0.0808881 9.9982E-05
0.156681 0.798086 9.9964E-05 0.0448336 9.9964E-05 9.9964E-05 9.9964E-05
0.0950668 0.889428 9.9973E-05 0.00334882 9.9973E-05 0.011856 9.9973E-05
9.995E-05 0.9994 9.995E-05 9.995E-05 9.995E-05 9.995E-05 9.995E-05
0.0352512 0.964249 9.9955E-05 9.9955E-05 9.9955E-05 9.9955E-05 9.9955E-05
9.995E-05 0.9994 9.995E-05 9.995E-05 9.995E-05 9.995E-05 9.995E-05
0.222391 0.675517 0.0137741 0.0197465 0.0158509 0.0369705 0.0157496
9.9964E-05 0.964117 9.9964E-05 9.9964E-05 0.00249707 9.9964E-05 0.0329862
9.9973E-05 0.0544298 0.637033 0.223779 0.084458 9.9973E-05 9.9973E-05
0.368748 0.0999782 0.340661 0.148906 9.9982E-05 0.0415071 9.9982E-05
0.450699 0.0486492 0.282132 0.158754 0.0595659 9.9982E-05 9.9982E-05
0.23411 0.0819708 0.533551 0.147182 9.9982E-05 0.0029857 9.9982E-05
0.371716 0.143684 0.160133 0.127585 0.0353409 0.0689544 0.092587
0.13411 0.125758 0.566497 0.173336 9.9973E-05 9.9973E-05 9.9973E-05
0.414852 0.0842322 0.178813 0.16966 0.0853166 0.0670266 9.9991E-05
0.339871 0.0955675 0.439502 0.12476 9.9973E-05 9.9973E-05 9.9973E-05
0.467273 0.108833 0.256429 0.143637 9.9982E-05 0.0236282 9.9982E-05
0.383808 0.0899724 0.336819 0.159207 0.0216891 0.00286297 0.00564118
0.457441 0.100262 0.185153 0.151422 0.0531266 0.00679201 0.0458042
0.0663533 9.9982E-05 0.0326378 0.887686 0.00836886 0.00475394 9.9982E-05
9.9964E-05 0.0578526 9.9964E-05 0.918035 0.0237122 9.9964E-05 9.9964E-05
0.021596 9.9973E-05 9.9973E-05 0.946989 9.9973E-05 0.0213732 0.00974139
9.9955E-05 9.9955E-05 0.0277036 0.971797 9.9955E-05 9.9955E-05 9.9955E-05
0.0655306 9.9973E-05 0.00573927 0.924338 9.9973E-05 0.00409261 9.9973E-05
9.9964E-05 9.9964E-05 9.9964E-05 0.982321 0.0122265 9.9964E-05 0.00505228
0.0378743 0.024915 9.9973E-05 0.926719 9.9973E-05 0.0101917 9.9973E-05
9.9964E-05 9.9964E-05 9.9964E-05 0.939153 0.0247139 0.0357334 9.9964E-05
0.0119659 0.041087 0.0338129 0.887729 9.9991E-05 0.0101258 0.0151793
0.00862709 0.0207959 0.046135 0.903745 9.9982E-05 0.0204967 9.9982E-05
9.9973E-05 9.9973E-05 0.065209 0.587981 9.9973E-05 0.295442 0.0510684
9.9973E-05 9.9973E-05 0.0399991 0.601938 9.9973E-05 0.347697 0.0100665
9.9973E-05 9.9973E-05 0.109034 0.501676 9.9973E-05 0.354271 0.0347195
9.9973E-05 9.9973E-05 0.127814 0.437582 9.9973E-05 0.414335 0.0199696
0.463389 0.00161381 0.00489359 0.0570193 9.9991E-05 0.180074 0.29291
0.453235 0.0556749 9.9991E-05 0.0499304 0.0213415 0.0724181 0.3473
0.556367 9.9991E-05 0.010384 0.0374162 0.0293838 0.175808 0.190542
0.359579 9.9982E-05 0.00642887 0.0339869 9.9982E-05 0.323011 0.276794
0.200653 9.9982E-05 0.0707758 9.9982E-05 0.0375147 0.62503 0.0658263
0.679552 9.9991E-05 0.00578035 0.0380071 0.117445 0.0313495 0.127766
0.600193 0.023024 9.9973E-05 9.9973E-05 9.9973E-05 0.114799 0.261684
0.535962 9.9982E-05 0.0914173 9.9982E-05 0.0880736 0.0479534 0.236394
0.357567 0.00542656 9.9973E-05 9.9973E-05 0.0820707 9.9973E-05 0.554636
0.624304 0.00650264 0.0639092 0.0828007 0.00910421 0.0576584 0.155721
0.422489 9.9973E-05 9.9973E-05 0.0087617 9.9973E-05 0.0717596 0.496689
9.9964E-05 9.9964E-05 0.0516818 9.9964E-05 0.166941 9.9964E-05 0.780978
0.563291 9.9982E-05 9.9982E-05 0.0797534 0.0778373 0.174106 0.104812
0.123622 9.9973E-05 0.0832486 9.9973E-05 0.127003 9.9973E-05 0.665826
0.512757 0.0146322 9.9991E-05 0.0359636 0.0580147 0.0496893 0.328843
0.118118 9.9973E-05 9.9973E-05 0.0264175 9.9973E-05 0.189382 0.665782
0.00383788 9.9973E-05 0.0728304 0.112332 9.9973E-05 0.8107 9.9973E-05
0.0687112 9.9982E-05 0.0556529 0.123652 0.00736799 0.744416 9.9982E-05
0.0485818 9.9973E-05 0.0880268 0.0771545 9.9973E-05 0.785937 9.9973E-05
9.9973E-05 9.9973E-05 0.0532382 0.116819 0.00767781 0.821965 9.9973E-05
0.102526 9.9973E-05 0.0618447 0.0309348 9.9973E-05 0.804395 9.9973E-05
0.105159 0.0154675 0.0619165 0.0473464 0.0141001 0.755911 9.9991E-05
0.0192264 0.0521485 9.9991E-05 0.873505 0.00200536 0.00354438 0.0494707
0.133335 9.9973E-05 9.9973E-05 0.825006 0.00908082 0.0322776 9.9973E-05
0.136125 0.047492 0.0238644 0.768942 0.0233758 9.9982E-05 9.9982E-05
0.00156318 0.0793932 9.9982E-05 0.840249 9.9982E-05 0.00805628 0.0705379
0.128347 0.0455605 0.041904 0.783889 9.9973E-05 9.9973E-05 9.9973E-05
9.9964E-05 9.9964E-05 0.0614328 0.400807 9.9964E-05 0.53736 9.9964E-05
9.9973E-05 9.9973E-05 0.0374123 0.421453 0.00860623 0.532229 9.9973E-05
0.0053283 9.9973E-05 9.9973E-05 0.448479 0.0331781 0.512714 9.9973E-05
0.120672 9.9973E-05 9.9973E-05 0.848682 9.9973E-05 0.0269324 0.00341304
9.9973E-05 9.9973E-05 9.9973E-05 0.3907 0.0532864 0.548343 0.00737038
0.261365 0.312633 0.136541 0.262402 0.0268596 9.9982E-05 9.9982E-05
0.538525 0.199999 0.0124652 0.161319 0.0458527 0.04174 9.9991E-05
0.575383 0.217555 9.9964E-05 0.206661 9.9964E-05 9.9964E-05 9.9964E-05
0.350758 0.232991 0.135152 0.269741 0.0111584 9.9982E-05 9.9982E-05
0.487628 0.14537 0.0354055 0.150831 0.0376566 0.131163 0.0119458
9.9973E-05 0.298563 0.27168 0.410329 0.0191288 9.9973E-05 9.9973E-05
0.460248 9.9982E-05 0.042289 9.9982E-05 0.050425 0.426168 0.0206698
0.429955 9.9982E-05 0.0995269 9.9982E-05 0.210311 0.198465 0.0615426
0.320995 9.9982E-05 0.0673032 9.9982E-05 0.0178274 0.490226 0.103448
0.512587 9.9982E-05 0.0681313 9.9982E-05 0.206053 0.180514 0.0325151
9.9973E-05 9.9973E-05 0.260184 9.9973E-05 0.351382 0.323935 0.0641985
0.591612 0.0535108 0.0661768 0.0667166 0.0180546 0.125651 0.0782788
0.507312 0.0471431 0.0948467 0.0221676 0.136762 0.169492 0.022277
0.365036 9.9982E-05 0.111862 0.00603414 9.9982E-05 0.466273 0.0505958
0.529169 9.9991E-05 0.0368822 0.0923504 0.0525509 0.183767 0.105181
0.12086 9.9982E-05 0.245925 9.9982E-05 0.172238 0.281206 0.179572
0.568241 0.00612833 0.0863081 0.0259322 0.089938 0.134955 0.0884973
0.498539 0.000466767 9.9991E-05 0.0330405 0.0595086 0.326799 0.0815455
0.444275 0.123548 0.148223 0.0936666 0.0343167 0.0874821 0.0684883
0.342111 0.0045461 0.10947 9.9991E-05 0.155547 0.249291 0.138935
0.386784 0.0208226 0.179572 9.9991E-05 0.115258 0.212521 0.0849422
0.574286 0.0179981 0.0536404 0.00426273 0.129959 0.176294 0.0435595
0.532883 9.9982E-05 0.0855157 9.9982E-05 0.140701 0.20553 0.035171
0.657761 0.0334842 0.0342954 0.0335616 0.1114 0.0837049 0.0457925
0.549531 0.0473594 0.0777198 0.119399 0.0781849 0.127706 9.9991E-05
0.567902 0.0100784 0.0488726 0.0759808 0.0111362 0.214702 0.0713285
0.116669 0.0356395 9.9964E-05 0.847292 9.9964E-05 9.9964E-05 9.9964E-05
0.108712 0.00147112 9.9973E-05 0.876827 9.9973E-05 9.9973E-05 0.0126899
0.0499155 9.9982E-05 0.0125807 0.907893 9.9982E-05 0.0221394 0.00727169
9.9973E-05 0.0695385 9.9973E-05 0.892705 9.9973E-05 0.0346228 0.00283352
0.0900966 9.9964E-05 9.9964E-05 0.906487 9.9964E-05 0.00301688 9.9964E-05
0.106263 0.0391304 0.0765959 0.0182925 9.9991E-05 0.620514 0.139104
0.508084 0.0564764 0.000411307 0.0529033 0.178525 0.158421 0.0451786
0.393985 0.208108 0.109722 0.18495 0.0707716 0.032364 9.9991E-05
0.61251 0.0722384 9.9982E-05 0.0231031 9.9982E-05 0.220812 0.0711368
0.532405 0.0068922 0.0225278 0.0197219 9.9991E-05 0.340656 0.0776966
0.282316 0.0136251 0.194269 9.9991E-05 0.176846 0.30558 0.0272636
9.9991E-05 0.00991199 0.058853 0.0553824 0.0136913 0.764135 0.0979261
0.504737 0.00344805 0.0339904 0.0570252 9.9991E-05 0.374524 0.0261756
0.250187 0.0335572 0.0655662 0.0247576 0.0148934 0.595471 0.0155672
0.460017 0.00379164 0.0992067 0.0418858 0.0882634 0.181265 0.12557
0.165518 9.9991E-05 0.0924756 0.0667535 0.0461636 0.618066 0.0109229
0.542123 0.0776721 9.9982E-05 0.0310912 0.0569618 0.291952 9.9982E-05
0.150095 0.0329384 0.065304 0.0469522 9.9991E-05 0.559962 0.144649
0.225623 0.104799 0.145379 9.9991E-05 0.150377 0.284704 0.0890173
0.559829 0.0109667 0.192718 0.0598585 0.0860072 0.0715612 0.0190589
0.293504 9.9982E-05 0.435445 9.9982E-05 0.0940133 0.0887205 0.0881168
0.551456 9.9982E-05 0.328007 0.00554604 0.0717566 0.0430346 9.9982E-05
0.562786 9.9991E-05 0.183889 0.0941194 0.0382467 0.0992038 0.0216555
0.272697 9.9982E-05 0.565918 9.9982E-05 0.062503 0.0243613 0.0743207
0.505638 0.0510423 0.126088 0.0995638 0.0941603 0.069622 0.0538861
0.519629 9.9973E-05 0.31586 9.9973E-05 0.058073 0.106138 9.9973E-05
0.0903637 9.9982E-05 0.559127 9.9982E-05 0.175501 0.0352328 0.139575
0.198275 9.9982E-05 0.649029 9.9982E-05 0.0597204 0.0542985 0.0384769
0.461162 9.9973E-05 0.36923 9.9973E-05 0.0666588 0.10265 9.9973E-05
0.0475261 9.9982E-05 0.574494 9.9982E-05 0.0876691 0.0893433 0.200768
0.44703 9.9982E-05 0.375757 9.9982E-05 0.0364295 0.0775467 0.0630371
0.160232 0.0350186 9.9982E-05 9.9982E-05 0.016354 0.711358 0.0768365
0.157848 0.0888061 9.9982E-05 9.9982E-05 0.314123 0.368048 0.0709746
0.383993 0.0744973 9.9991E-05 0.0441559 0.0275733 0.432924 0.0367568
0.57641 0.00296504 0.0342683 0.0619811 0.0380281 0.243753 0.0425945
0.239785 0.0190328 9.9982E-05 9.9982E-05 0.0178792 0.576635 0.146468
0.477794 0.0623269 0.0397962 0.0539415 0.126723 0.229545 0.00987204
0.583182 0.0298605 0.00078659 0.0315036 0.0129479 0.304303 0.0374163
0.469483 0.0544215 0.0324316 0.0343584 0.113183 0.254588 0.0415339
0.458732 0.0758066 9.9991E-05 0.0147049 0.0894637 0.295084 0.0661088
0.516378 0.00732214 9.9973E-05 9.9973E-05 0.008785 0.467215 9.9973E-05
0.292211 0.0165271 9.9982E-05 9.9982E-05 0.0611547 0.515613 0.114294
0.389125 0.0509503 9.9982E-05 9.9982E-05 0.0394494 0.455077 0.0651977
0.563826 0.038765 0.0601757 9.9991E-05 0.119347 0.188405 0.0293815
0.57797 0.067082 0.0551867 0.0145633 0.0570323 0.203423 0.0247434
0.284622 0.103973 0.0832166 9.9991E-05 0.0902958 0.348948 0.088845
0.458924 0.0799913 0.0410116 9.9991E-05 0.121106 0.23187 0.066997
0.352313 0.0821692 0.011538 0.000728125 0.0429661 0.464807 0.0454795
0.530898 0.0696643 0.000985276 0.0182652 0.0807484 0.274029 0.0254098
0.429835 0.0802177 9.9991E-05 0.028747 0.0768224 0.272564 0.111713
0.576603 0.0405758 0.0986424 0.0573661 0.0470732 0.164855 0.0148843
0.451875 0.101555 0.0354281 0.341427 9.9991E-05 0.0347478 0.0348668
0.522709 0.158229 0.0920623 0.130328 0.0205057 0.0480386 0.0281266
0.492572 0.100539 0.119574 0.168286 0.0476537 0.038503 0.0328719
0.503206 0.107311 0.126076 0.109513 0.0842118 0.0695822 9.9991E-05
0.428381 0.190601 0.116729 0.175623 0.0224382 0.0136781 0.0525507
0.48133 9.9982E-05 0.0954355 9.9982E-05 0.205758 0.182743 0.0345337
0.501983 0.102701 0.126113 0.161627 0.0259421 0.0277752 0.0538594
0.0345796 0.177405 0.355134 0.184444 0.0937221 0.0782804 0.0764347
0.576797 0.0914936 0.108343 0.09823 0.0343698 0.0906672 9.9991E-05
0.507443 0.178163 0.0614302 0.123602 0.0411826 0.0761466 0.012033
0.556465 0.116555 0.0829096 0.117285 0.0302028 0.0434304 0.0531528
0.284011 0.127874 0.240217 0.162576 0.095801 0.0566219 0.0328985
0.595406 0.0698254 0.0932015 0.231021 0.0103456 9.9982E-05 9.9982E-05
0.483711 0.173087 0.0660232 0.131579 0.123548 0.0219525 9.9991E-05
9.9964E-05 0.140272 0.425725 0.433604 9.9964E-05 9.9964E-05 9.9964E-05
0.465819 0.164844 0.0306698 0.174894 0.0508863 0.112788 9.9991E-05
0.529227 0.160015 0.0409246 0.191108 0.0631841 9.9991E-05 0.015441
0.575231 0.0802483 0.0622577 0.109281 0.114412 0.0584692 9.9991E-05
0.553576 0.152329 0.0832897 0.164867 0.045738 9.9982E-05 9.9982E-05
0.532431 0.107144 0.0994836 0.207009 9.9991E-05 0.00314095 0.0506916
0.427394 9.9973E-05 9.9973E-05 0.0696754 0.457937 9.9973E-05 0.0446935
0.469214 0.0557692 0.00900155 0.0903704 0.225389 0.0682076 0.0820482
9.9964E-05 9.9964E-05 0.00165076 9.9964E-05 0.932478 0.0654718 9.9964E-05
9.9964E-05 9.9964E-05 9.9964E-05 0.0119927 0.92554 0.0620671 9.9964E-05
0.488843 0.00362527 0.0754523 0.115342 0.316537 9.9982E-05 9.9982E-05
0.329119 0.310492 0.105427 0.143567 0.111196 9.9982E-05 9.9982E-05
0.29323 0.287965 0.0324454 0.15854 0.227619 9.9982E-05 9.9982E-05
0.149096 0.335541 0.042186 0.165591 0.307387 9.9982E-05 9.9982E-05
0.31606 0.269908 0.0659601 0.133126 0.214745 9.9982E-05 9.9982E-05
0.0450443 0.0562475 0.131986 0.0772149 0.689308 9.9982E-05 9.9982E-05
0.112253 0.0654669 0.0308907 0.095352 0.695837 9.9982E-05 9.9982E-05
0.564695 0.0625241 0.0187497 0.00916282 0.344669 9.9982E-05 9.9982E-05
0.364524 0.101822 9.9973E-05 0.0594777 0.473877 9.9973E-05 9.9973E-05
0.173663 0.0606795 9.9973E-05 0.0796267 0.685731 9.9973E-05 9.9973E-05
0.504557 0.0712271 9.9982E-05 0.0556274 0.315713 0.052675 9.9982E-05
0.536812 0.0441341 9.9973E-05 0.0556555 0.363099 9.9973E-05 9.9973E-05
0.462831 0.0423874 0.0322497 0.0890059 0.295692 0.0259338 0.0518999
0.292438 9.9982E-05 9.9982E-05 0.00543968 0.628649 0.0302252 0.0430478
0.409665 9.9973E-05 0.0182422 9.9973E-05 0.490784 0.0810089 9.9973E-05
0.512226 0.0176599 0.0338615 0.0382408 0.29546 0.0225292 0.0800217
0.450502 9.9991E-05 0.0426489 0.0235707 0.36409 0.0927138 0.0263746
0.509598 0.0670171 0.00997917 0.0900135 0.254594 0.0364914 0.032307
0.444358 9.9982E-05 0.0559355 0.0124498 0.465544 9.9982E-05 0.0215127
0.148481 9.9973E-05 9.9973E-05 9.9973E-05 0.8313 0.0145768 0.00534226
0.595034 9.9964E-05 9.9964E-05 0.00846388 0.396103 9.9964E-05 9.9964E-05
0.164938 9.9964E-05 9.9964E-05 9.9964E-05 0.753823 0.0808399 9.9964E-05
0.429601 9.9964E-05 9.9964E-05 0.0283488 0.54165 9.9964E-05 9.9964E-05
0.526315 0.0173613 0.0247646 0.0763725 0.219536 0.0854933 0.0501577
0.450015 0.0508853 0.0126298 0.0489232 0.354537 0.0636324 0.0193773
0.45257 0.153881 0.106513 0.162393 0.110013 9.9991E-05 0.014531
0.468864 0.114525 0.0818382 0.149624 0.121504 0.0635451 9.9991E-05
0.291221 0.267159 0.171636 0.163197 0.106587 9.9982E-05 9.9982E-05
0.322385 0.245501 0.128404 0.151723 0.104203 0.0476838 9.9991E-05
0.442339 0.17146 0.0803578 0.162911 0.0679509 0.0250739 0.0499071
0.465612 0.0862854 0.0883515 0.159607 0.180436 9.9991E-05 0.0196091
9.9973E-05 0.0936884 0.005902 0.187906 0.712203 9.9973E-05 9.9973E-05
0.525056 0.175429 0.0451924 0.107931 0.146193 9.9982E-05 9.9982E-05
9.9973E-05 0.0767672 0.218772 0.318747 0.385415 9.9973E-05 9.9973E-05
0.478745 0.147177 9.9973E-05 0.046109 0.327668 9.9973E-05 9.9973E-05
0.081014 9.9955E-05 9.9955E-05 9.9955E-05 0.918486 9.9955E-05 9.9955E-05
9.9955E-05 9.9955E-05 9.9955E-05 9.9955E-05 0.946772 9.9955E-05 0.0527285
0.42503 9.9955E-05 9.9955E-05 9.9955E-05 0.57447 9.9955E-05 9.9955E-05
0.560496 0.00633419 9.9973E-05 0.00119636 0.431673 9.9973E-05 9.9973E-05
0.3511 9.9955E-05 9.9955E-05 9.9955E-05 0.648401 9.9955E-05 9.9955E-05
0.537433 0.0134687 9.9982E-05 0.00263413 0.434315 9.9982E-05 0.0119494
0.507962 9.9955E-05 9.9955E-05 9.9955E-05 0.491538 9.9955E-05 9.9955E-05
0.00744849 0.00810134 0.0207545 0.867333 0.00766755 0.0735925 0.0151024
0.0587092 0.0447639 0.051141 0.763031 0.0296937 0.0388316 0.0138294
0.0154883 0.010616 0.00149832 0.944591 0.00844999 0.0192567 9.9991E-05
0.0314969 9.9964E-05 0.0163563 0.951747 9.9964E-05 9.9964E-05 9.9964E-05
0.542211 0.0314993 0.0513548 0.0542719 0.00421682 9.9991E-05 0.316347
0.549638 9.9982E-05 9.9982E-05 0.0613805 0.021445 0.0793333 0.288003
0.548088 9.9973E-05 9.9973E-05 0.0146561 9.9973E-05 0.0385006 0.398455
0.552803 0.0142771 0.00851635 0.0855999 9.9991E-05 0.113048 0.225657
0.581411 0.0227872 0.123621 0.0918888 9.9991E-05 0.123044 0.0571484
0.287899 9.9973E-05 9.9973E-05 0.0559794 9.9973E-05 0.0967956 0.559026
0.605138 0.0186157 9.9982E-05 0.00394357 0.0245475 9.9982E-05 0.347556
0.270497 9.9973E-05 0.079972 9.9973E-05 0.0914678 9.9973E-05 0.557763
0.434248 0.137108 0.056025 0.2978 0.0164963 0.0582225 9.9991E-05
0.400128 0.024259 0.0616904 9.9991E-05 0.114757 0.0149695 0.384096
0.359957 9.9973E-05 9.9973E-05 0.0024453 9.9973E-05 0.0902289 0.547069
0.532899 0.0111017 0.0204586 9.9982E-05 0.0950752 9.9982E-05 0.340265
0.394636 0.0142093 9.9982E-05 0.000108119 9.9982E-05 0.141795 0.449051
0.550469 0.0238622 9.9973E-05 9.9973E-05 0.0437795 9.9973E-05 0.381589
0.544934 0.00491483 9.9991E-05 0.0541438 0.01932 0.0754193 0.301168
9.9964E-05 9.9964E-05 0.0394203 9.9964E-05 0.0626928 9.9964E-05 0.897487
0.315882 0.0186697 0.0486542 9.9982E-05 0.0768524 9.9982E-05 0.539741
0.348196 0.0356917 0.0209053 9.9982E-05 0.0650832 9.9982E-05 0.529924
9.9964E-05 9.9964E-05 0.0865072 9.9964E-05 0.104904 9.9964E-05 0.808188
0.415838 9.9982E-05 0.0120452 0.0495648 9.9982E-05 0.0943472 0.428005
0.0592954 9.9973E-05 0.207988 9.9973E-05 0.0864932 9.9973E-05 0.645923
9.9964E-05 9.9964E-05 0.140561 9.9964E-05 0.0764924 9.9964E-05 0.782547
0.575344 9.9991E-05 0.0120095 0.0335941 0.0709237 0.016485 0.291543
0.199306 9.9973E-05 9.9973E-05 0.0115622 9.9973E-05 0.212147 0.576685
0.444547 0.00326422 0.0215013 0.00665601 9.9991E-05 0.0918403 0.432091
0.528212 0.0382511 0.128274 0.0703165 0.000989811 0.0867412 0.147216
0.498501 0.0186029 9.9982E-05 0.0133709 9.9982E-05 0.0873626 0.381962
0.37075 0.00410665 0.105566 9.9991E-05 0.192613 0.28884 0.0380242
0.540308 0.00269366 9.9982E-05 0.0728601 9.9982E-05 0.0547376 0.329201
0.481434 9.9973E-05 9.9973E-05 0.0380236 9.9973E-05 0.11994 0.360302
0.294017 9.9982E-05 0.0366019 9.9982E-05 0.124634 0.00469662 0.539851
0.500026 0.028459 9.9991E-05 0.0984331 0.0522825 0.0783877 0.242312
9.9973E-05 9.9973E-05 0.0659019 0.649994 0.00514352 0.27866 9.9973E-05
9.9982E-05 9.9982E-05 0.0288588 0.764925 0.030489 0.150752 0.024775
9.9964E-05 9.9964E-05 0.033626 0.837915 9.9964E-05 0.12806 9.9964E-05
9.9964E-05 9.9964E-05 0.0297927 0.817517 9.9964E-05 0.152291 9.9964E-05
9.9973E-05 9.9973E-05 0.0698725 0.741026 9.9973E-05 0.185066 0.00373594
0.14969 9.9973E-05 9.9973E-05 0.0616997 9.9973E-05 0.141556 0.646755
0.152005 9.9973E-05 9.9973E-05 0.0331375 9.9973E-05 0.17001 0.644547
0.152682 0.0298402 9.9973E-05 9.9973E-05 0.0639529 9.9973E-05 0.753225
0.600041 0.0517266 0.0198996 0.0963948 0.0816368 0.0415294 0.108772
0.559276 0.0675292 0.0100765 0.112969 0.0355608 0.0635342 0.151054
0.222214 0.0375956 0.0944953 9.9982E-05 0.00730177 9.9982E-05 0.638194
0.587227 0.0391308 9.9982E-05 0.0325941 0.0170339 9.9982E-05 0.323814
0.395022 0.025714 0.055961 0.00958197 0.0795254 9.9991E-05 0.434096
0.44966 9.9973E-05 9.9973E-05 0.0733493 9.9973E-05 0.0821887 0.394502
0.609949 0.0412052 0.0418896 9.9982E-05 9.9982E-05 0.047085 0.259671
0.204845 9.9973E-05 9.9973E-05 0.00829296 9.9973E-05 0.170513 0.616048
0.317093 9.9973E-05 9.9973E-05 0.00386417 9.9973E-05 0.124008 0.554735
0.295565 9.9973E-05 9.9973E-05 0.0216778 9.9973E-05 0.125072 0.557385
0.662559 9.9973E-05 0.233579 0.0417136 9.9973E-05 0.0618487 9.9973E-05
0.402057 9.9973E-05 9.9973E-05 0.0187035 9.9973E-05 0.0842622 0.494678
0.403975 9.9973E-05 9.9973E-05 0.0491472 9.9973E-05 0.117037 0.429541
0.424191 0.347883 0.0306597 0.091586 0.0240482 0.047697 0.0339356
0.318717 0.404205 0.0883225 0.135302 0.0222133 9.9991E-05 0.0311396
0.449143 0.390985 0.0337247 0.0923517 0.0145962 0.0190991 9.9991E-05
0.255893 0.508455 0.0209035 0.166132 0.0344273 0.0118676 0.00232071
0.450612 0.299167 0.114172 0.100347 0.0121483 0.00231772 0.0212355
0.506621 9.9982E-05 0.239713 0.0289612 0.0385184 9.9982E-05 0.185986
9.9982E-05 0.648074 0.0993555 0.245933 0.00484405 0.00159339 9.9982E-05
0.312146 0.479389 0.0267769 0.154651 0.0162244 9.9991E-05 0.0107123
0.400898 0.148117 0.286208 0.156536 9.9982E-05 9.9982E-05 0.00804039
0.543284 9.9973E-05 0.318239 0.103179 9.9973E-05 0.0349976 9.9973E-05
0.498436 9.9973E-05 0.316562 0.0823599 9.9973E-05 0.102342 9.9973E-05
0.614623 9.9982E-05 0.227744 0.101285 9.9982E-05 0.0497967 0.00635106
0.596467 0.0513195 0.18552 0.0980256 9.9991E-05 0.0560072 0.0125614
0.367091 0.446356 0.0194667 0.166787 9.9973E-05 9.9973E-05 9.9973E-05
0.441414 0.324798 0.0428196 0.128669 0.0366992 0.0255002 9.9991E-05
0.420822 0.482324 0.00191592 0.0946378 9.9973E-05 9.9973E-05 9.9973E-05
0.478746 0.261392 0.0463954 0.130697 0.04833 0.0343389 9.9991E-05
0.257928 0.452202 0.0220851 0.184501 0.0467275 9.9991E-05 0.0364566
0.398104 0.362851 0.00574906 0.0996981 0.0554706 0.0780278 9.9991E-05
0.231372 0.549331 0.0402112 0.104154 0.0368912 0.00256207 0.0354784
0.397602 0.319065 0.0395964 0.0822054 0.0298351 0.0901107 0.0415861
0.509818 9.9973E-05 0.34113 0.0915569 9.9973E-05 9.9973E-05 0.0571954
0.384367 0.331066 0.0554549 0.159756 0.0095331 0.0382355 0.0215878
0.158722 0.567791 0.0234522 0.218941 0.0307984 9.9991E-05 0.000195798
0.366142 0.324699 0.0254525 0.146134 0.0259923 0.0439485 0.0676319
0.320299 9.9982E-05 0.362422 0.1236 9.9982E-05 0.138036 0.0554424
0.65164 9.9964E-05 0.321153 0.0268071 9.9964E-05 9.9964E-05 9.9964E-05
0.39131 0.323879 0.0748942 0.148935 9.9982E-05 0.0607824 9.9982E-05
0.551301 9.9973E-05 0.206967 0.138528 9.9973E-05 0.102904 9.9973E-05
0.532422 9.9973E-05 0.29111 0.117495 9.9973E-05 0.0586732 9.9973E-05
0.350684 0.184616 0.180579 0.183098 0.0568403 9.9991E-05 0.0440835
0.357285 0.233521 0.128489 0.21632 0.0612527 9.9991E-05 0.00303096
0.552625 0.104301 0.128941 0.080612 0.0263074 0.0997449 0.00746777
0.371413 0.309363 0.0172608 0.142816 0.0433589 0.0628777 0.052911
0.476877 0.384134 0.0247222 0.113967 9.9973E-05 9.9973E-05 9.9973E-05
0.122422 0.621848 0.0765855 0.178844 9.9973E-05 9.9973E-05 9.9973E-05
0.604255 0.0764554 0.101766 0.0624556 0.0306502 0.0908666 0.0335516
0.440112 9.9982E-05 0.35163 0.101429 9.9982E-05 0.0669443 0.0396852
0.175968 0.00655569 0.805063 0.0121135 9.9973E-05 9.9973E-05 9.9973E-05
0.59524 0.0204347 0.123625 0.165277 9.9991E-05 0.0765043 0.0188193
0.423619 0.00285551 0.29573 0.0355839 0.0893155 0.129889 0.023008
0.488701 0.158015 0.174043 0.151163 0.0278786 9.9982E-05 9.9982E-05
0.460949 0.123601 0.131358 0.119233 0.0768475 0.0719474 0.0160651
9.9964E-05 0.109776 0.601211 0.288613 9.9964E-05 9.9964E-05 9.9964E-05
9.9964E-05 0.0607759 0.738177 0.200648 9.9964E-05 9.9964E-05 9.9964E-05
0.306347 0.0825001 0.395351 0.133146 0.0492413 9.9991E-05 0.0333151
0.0500921 0.157104 0.528889 0.263615 9.9973E-05 9.9973E-05 9.9973E-05
9.9964E-05 0.180376 0.418635 0.400588 9.9964E-05 9.9964E-05 9.9964E-05
0.351678 0.0838066 0.306994 0.157593 0.0579673 9.9991E-05 0.0418606
0.31492 0.168274 0.213436 0.183593 0.0501255 0.0695519 9.9991E-05
0.150475 0.180832 0.435499 0.232894 9.9973E-05 9.9973E-05 9.9973E-05
0.096265 0.0975975 0.617111 0.188726 9.9973E-05 9.9973E-05 9.9973E-05
0.518495 0.0694419 0.212449 0.182202 9.9982E-05 9.9982E-05 0.0172125
0.167956 0.13147 0.533695 0.166579 9.9973E-05 9.9973E-05 9.9973E-05
9.9964E-05 0.0534622 0.684734 0.261404 9.9964E-05 9.9964E-05 9.9964E-05
0.496919 0.097186 0.0575509 0.15717 0.0940646 0.0563814 0.0407276
0.324809 0.179875 0.276785 0.195614 0.0227183 9.9982E-05 9.9982E-05
0.438555 0.135451 0.0543451 0.336749 9.9982E-05 9.9982E-05 0.0347001
0.586798 0.181738 0.0261796 0.183736 9.9982E-05 9.9982E-05 0.021348
0.526873 0.170843 0.133562 0.15508 9.9982E-05 9.9982E-05 0.0134421
0.488307 0.210707 0.0924633 0.171599 0.0367231 9.9982E-05 9.9982E-05
0.328559 0.169703 0.0831987 0.362021 9.9991E-05 0.0353449 0.021074
0.499353 0.166319 0.0718872 0.214842 9.9982E-05 0.0473985 9.9982E-05
0.485237 0.169356 0.0637767 0.262725 9.9982E-05 9.9982E-05 0.0187056
0.286079 0.228679 0.213306 0.237667 9.9982E-05 9.9982E-05 0.0340683
0.298657 0.123399 0.0547183 0.212409 9.9991E-05 0.0938422 0.216875
0.519493 0.0680274 0.0735093 0.197825 9.9991E-05 0.0118004 0.129244
0.525704 0.139657 0.0341291 0.14138 0.0433896 0.0652829 0.0504569
0.589014 0.118367 0.00246479 0.141323 0.0320734 0.0477913 0.0689659
0.407123 0.188424 0.0706913 0.270861 0.0277972 0.0350044 9.9991E-05
0.536625 0.138957 0.0422212 0.24604 0.0255253 9.9991E-05 0.0105318
0.0668122 0.307629 0.29524 0.330019 9.9973E-05 9.9973E-05 9.9973E-05
0.582373 0.0879788 0.0874128 0.229373 9.9982E-05 9.9982E-05 0.0126633
0.187834 0.276649 0.171269 0.293163 0.0708843 9.9982E-05 9.9982E-05
9.9973E-05 0.00457496 0.00569973 0.792055 9.9973E-05 0.197371 9.9973E-05
0.101942 0.0235668 9.9991E-05 0.0601454 0.0150319 0.781237 0.0179764
9.995E-05 9.995E-05 9.995E-05 9.995E-05 9.995E-05 0.9994 9.995E-05
9.995E-05 9.995E-05 9.995E-05 9.995E-05 9.995E-05 0.9994 9.995E-05
0.00587052 9.9964E-05 9.9964E-05 9.9964E-05 0.0181006 0.975629 9.9964E-05
9.9955E-05 0.0196003 9.9955E-05 9.9955E-05 9.9955E-05 0.9799 9.9955E-05
0.0348138 9.9955E-05 9.9955E-05 9.9955E-05 9.9955E-05 0.964686 9.9955E-05
9.995E-05 9.995E-05 9.995E-05 9.995E-05 9.995E-05 0.9994 9.995E-05
9.9955E-05 9.9955E-05 9.9955E-05 0.152604 9.9955E-05 0.846896 9.9955E-05
9.9973E-05 9.9973E-05 0.0299458 0.898281 9.9973E-05 0.0466386 0.0248346
0.0568549 9.9964E-05 9.9964E-05 0.786277 9.9964E-05 0.156468 9.9964E-05
0.0143933 9.9982E-05 9.9982E-05 0.901642 0.0243283 0.0311828 0.0282541
0.0224119 9.9982E-05 0.0304264 0.863125 0.00682902 0.0770074 9.9982E-05
0.00806093 0.0250017 9.9982E-05 0.870797 9.9982E-05 0.0771578 0.018783
0.062281 9.9973E-05 9.9973E-05 0.919603 9.9973E-05 0.0102158 0.00760047
0.118123 0.0593635 9.9991E-05 0.759042 0.0375754 0.00948781 0.0163085
0.0837428 9.9964E-05 9.9964E-05 0.904701 0.0111561 9.9964E-05 9.9964E-05
0.142026 0.0361943 0.0466458 0.697277 0.0123899 0.0539469 0.0115197
0.0193365 0.0581084 9.9973E-05 0.920956 0.00129943 9.9973E-05 9.9973E-05
9.9955E-05 9.9955E-05 9.9955E-05 0.972137 0.027363 9.9955E-05 9.9955E-05
0.0521034 0.0252868 9.9973E-05 0.897545 9.9973E-05 0.0247651 9.9973E-05
9.9964E-05 9.9964E-05 9.9964E-05 0.996251 9.9964E-05 0.00293224 0.000417241
0.0432254 9.9973E-05 9.9973E-05 0.941763 0.0145651 9.9973E-05 0.000146506
0.0701315 0.0270114 9.9964E-05 0.902457 9.9964E-05 9.9964E-05 9.9964E-05
0.0680363 9.9955E-05 9.9955E-05 0.931464 9.9955E-05 9.9955E-05 9.9955E-05
0.0935868 0.0403386 9.9964E-05 0.865675 9.9964E-05 9.9964E-05 9.9964E-05
0.108749 0.0353084 9.9964E-05 0.855543 9.9964E-05 9.9964E-05 9.9964E-05
0.084329 0.0888955 9.9964E-05 0.826376 9.9964E-05 9.9964E-05 9.9964E-05
0.404978 9.9982E-05 0.364466 0.0859284 9.9982E-05 0.107066 0.0373612
0.688155 9.9973E-05 0.231502 0.0459212 9.9973E-05 0.0341223 9.9973E-05
0.551936 0.0371268 0.151405 0.0932236 9.9991E-05 0.0531103 0.113098
0.126272 9.9964E-05 0.783598 9.9964E-05 9.9964E-05 9.9964E-05 0.0897304
0.516235 9.9973E-05 0.31108 0.0645805 9.9973E-05 0.107805 9.9973E-05
0.126475 9.9955E-05 0.873025 9.9955E-05 9.9955E-05 9.9955E-05 9.9955E-05
0.641023 0.00119934 0.235564 0.0479273 0.0566769 0.0175101 9.9991E-05
0.407029 9.9982E-05 0.321961 0.0952027 9.9982E-05 0.0697506 0.105856
0.485284 9.9973E-05 0.337686 0.0956552 9.9973E-05 0.0810754 9.9973E-05
0.472729 9.9973E-05 9.9973E-05 0.0693685 9.9973E-05 0.058245 0.399357
0.478647 9.9982E-05 0.310576 0.0913002 9.9982E-05 0.0944426 0.0248342
0.682882 0.0142245 0.251478 0.0364517 0.0134346 0.00142943 9.9991E-05
0.536452 9.9973E-05 0.271809 0.0719636 9.9973E-05 0.119476 9.9973E-05
9.9982E-05 0.0697747 0.098318 9.9982E-05 0.242273 0.433011 0.156423
0.0227672 9.9982E-05 0.847782 9.9982E-05 0.0518839 0.0543864 0.0229804
0.188404 9.9964E-05 0.806722 9.9964E-05 9.9964E-05 9.9964E-05 0.00447405
0.606519 9.9982E-05 0.224473 0.10444 9.9982E-05 0.0180152 0.0463529
0.533543 9.9973E-05 0.430919 0.01338 9.9973E-05 0.0218579 9.9973E-05
0.600557 9.9973E-05 0.321503 0.048603 0.0290368 9.9973E-05 9.9973E-05
