9.9955E-05 9.9955E-05 9.9955E-05 0.773972 0.0885632 9.9955E-05 9.9955E-05 0.0091332 0.0694384 0.0583934
9.9964E-05 9.9964E-05 0.0393621 0.89255 0.0215453 0.0126927 0.0244926 9.9964E-05 0.00895717 9.9964E-05
0.0647301 9.9964E-05 9.9964E-05 0.704853 0.0770494 9.9964E-05 9.9964E-05 0.0560568 0.0434258 0.0534846
0.074135 9.9973E-05 9.9973E-05 0.72004 0.0502618 0.00476992 9.9973E-05 0.0303067 0.0400055 0.0801814
0.0244391 9.9955E-05 0.0879251 0.83234 9.9955E-05 9.9955E-05 9.9955E-05 0.0462594 9.9955E-05 0.00853619
0.0501327 0.208814 0.0102093 0.595067 0.00997179 9.9982E-05 0.0197561 0.0404893 9.9982E-05 0.0653596
9.9946E-05 0.172487 9.9946E-05 0.766176 0.0561503 9.9946E-05 9.9946E-05 0.00458637 9.9946E-05 9.9946E-05
9.9955E-05 0.202477 9.9955E-05 0.627106 0.073111 9.9955E-05 9.9955E-05 0.0217078 9.9955E-05 0.0750988
9.99459E-05 9.99459E-05 9.99459E-05 0.793255 9.99459E-05 9.99459E-05 0.10629 9.99459E-05 0.0421203 0.0577348
0.0180615 0.194722 0.0327595 0.607345 0.0196007 9.9973E-05 9.9973E-05 0.0900017 9.9973E-05 0.0372094
9.9937E-05 0.22579 9.9937E-05 0.692 9.9937E-05 9.9937E-05 9.9937E-05 9.9937E-05 9.9937E-05 0.0815104
0.0548242 0.0690422 9.9964E-05 0.0305489 9.9964E-05 0.761446 0.00320462 0.0805342 9.9964E-05 9.9964E-05
0.343213 0.0710029 9.9964E-05 9.9964E-05 0.0522551 0.397845 9.9964E-05 0.104544 9.9964E-05 0.0307394
0.0822321 9.9964E-05 9.9964E-05 0.0401927 0.0101229 0.779863 9.9964E-05 0.0172883 0.0699009 9.9964E-05
0.04305 0.0193821 9.9964E-05 9.9964E-05 0.0073806 0.773361 9.9964E-05 0.156023 0.000403505 9.9964E-05
0.309072 0.0522263 9.9973E-05 0.135317 9.9973E-05 0.395806 0.0168214 0.0775171 0.01294 9.9973E-05
0.438198 9.9973E-05 0.0895296 0.0502053 0.0449001 0.2629 9.9973E-05 0.110702 0.00326556 9.9973E-05
0.270607 0.0550542 9.9973E-05 9.9973E-05 0.0455237 0.434726 0.0739341 0.0852279 0.0346265 9.9973E-05
0.21139 9.9955E-05 9.9955E-05 0.111014 9.9955E-05 0.583128 0.0290126 0.0649546 9.9955E-05 9.9955E-05
9.9955E-05 0.130562 9.9955E-05 0.040974 0.0214575 0.791185 9.9955E-05 9.9955E-05 9.9955E-05 0.0153215
0.293474 9.9991E-05 0.0368942 0.0336497 0.0271285 0.369093 0.154164 0.0414913 0.0260688 0.017936
0.440888 0.10975 0.0253776 9.9982E-05 0.00534241 0.164346 0.114407 9.9982E-05 0.0697266 0.0699622
0.440484 0.117241 9.9964E-05 0.0339798 9.9964E-05 0.275307 0.0958618 0.0367267 9.9964E-05 9.9964E-05
0.0124773 0.145324 9.9973E-05 0.00303556 0.00472519 0.67444 0.00302754 0.156671 9.9973E-05 9.9973E-05
0.558542 0.00278332 0.0448846 0.0796158 9.9982E-05 0.173299 0.0239966 0.0662958 0.0503828 9.9982E-05
0.406803 0.0369905 9.9955E-05 9.9955E-05 0.0154783 0.437915 9.9955E-05 0.102313 9.9955E-05 9.9955E-05
9.9964E-05 0.0126502 9.9964E-05 0.0385778 0.0484558 0.854376 0.0171918 0.0283484 9.9964E-05 9.9964E-05
9.9937E-05 0.0251938 9.9937E-05 9.9937E-05 9.9937E-05 0.80348 9.9937E-05 0.170627 9.9937E-05 9.9937E-05
0.0661063 0.0806308 0.0894776 0.047026 9.9955E-05 0.71626 9.9955E-05 9.9955E-05 9.9955E-05 9.9955E-05
9.99201E-05 9.99201E-05 9.99201E-05 9.99201E-05 0.999101 9.99201E-05 9.99201E-05 9.99201E-05 9.99201E-05 9.99201E-05
9.99201E-05 9.99201E-05 9.99201E-05 9.99201E-05 0.999101 9.99201E-05 9.99201E-05 9.99201E-05 9.99201E-05 9.99201E-05
0.105978 9.9964E-05 9.9964E-05 0.468466 0.352983 9.9964E-05 0.031667 0.0294115 0.0110942 9.9964E-05
0.118679 0.0166414 9.9982E-05 0.453762 0.24261 9.9982E-05 0.00564594 0.0425689 0.0964192 0.0234742
0.336497 0.088988 0.025227 9.9982E-05 0.00669782 0.0888221 0.285105 0.128828 9.9982E-05 0.0396346
0.463594 9.9955E-05 0.0146984 0.0801111 9.9955E-05 0.13081 0.310288 9.9955E-05 9.9955E-05 9.9955E-05
0.54752 9.9946E-05 0.00213048 0.0677837 9.9946E-05 9.9946E-05 0.381967 9.9946E-05 9.9946E-05 9.9946E-05
0.0355812 0.0138093 0.0634251 0.0943886 0.0292938 0.541589 0.0446028 0.0158693 9.9991E-05 0.161341
0.251525 9.9964E-05 0.0386717 9.9964E-05 0.0427671 9.9964E-05 0.623708 0.0395331 0.00339594 9.9964E-05
0.371795 9.9964E-05 9.9964E-05 0.0525187 9.9964E-05 0.186607 0.274411 0.0819407 9.9964E-05 0.0323279
0.673085 0.0101362 9.9964E-05 0.0451097 9.9964E-05 9.9964E-05 0.228558 9.9964E-05 0.0336826 0.0090288
0.501589 0.358957 9.9964E-05 0.039863 0.0338279 9.9964E-05 0.019075 9.9964E-05 9.9964E-05 0.0462884
0.518421 0.21958 9.9982E-05 0.0152966 0.053708 0.0049798 0.0703038 0.0325947 9.9982E-05 0.0849162
0.0905991 9.9982E-05 9.9982E-05 0.0512421 0.0295686 0.179205 0.583288 0.0094362 0.0366551 0.0198064
0.509984 0.299702 9.9964E-05 0.00276998 9.9964E-05 0.0669415 9.9964E-05 0.0738975 0.0463054 9.9964E-05
0.608664 0.0849921 0.0448819 9.9946E-05 9.9946E-05 9.9946E-05 0.260863 9.9946E-05 9.9946E-05 9.9946E-05
0.709944 0.0244362 0.0378175 0.0829572 0.0101723 9.9982E-05 0.0475656 0.027761 0.0591462 9.9982E-05
0.320677 9.9937E-05 9.9937E-05 9.9937E-05 9.9937E-05 9.9937E-05 0.620213 9.9937E-05 0.0584105 9.9937E-05
0.63054 0.00333818 9.9973E-05 0.0308275 0.0113696 9.9973E-05 0.253262 0.0434884 9.9973E-05 0.0268735
0.50837 9.9991E-05 0.096173 0.0138512 0.0471171 0.00360171 0.189243 0.0790426 0.00812296 0.0543785
9.9946E-05 0.0858585 9.9946E-05 0.00415845 9.9946E-05 9.9946E-05 0.684286 9.9946E-05 0.225097 9.9946E-05
0.104287 0.0749662 9.9964E-05 9.9964E-05 9.9964E-05 0.325746 0.213172 9.9964E-05 0.053029 0.2284
0.0129254 0.140569 0.0546243 9.9973E-05 9.9973E-05 0.375264 0.21249 9.9973E-05 0.19709 0.00673738
0.562135 9.9973E-05 0.0257021 0.00748128 9.9973E-05 0.204426 9.9973E-05 0.0797651 0.0112705 0.10892
0.563642 0.0965197 0.0564957 0.0789234 0.00332696 0.0796368 9.9991E-05 0.0388771 0.0315511 0.0509272
0.516206 0.0780486 0.0251939 0.0757089 0.0050465 0.0755772 0.175224 0.0202051 0.00165784 0.0271325
0.125367 9.9982E-05 0.0588846 0.107201 0.00130109 0.255175 0.235576 9.9982E-05 0.0594536 0.156841
0.506326 0.0344852 9.9973E-05 9.9973E-05 0.00113063 0.23981 0.0250978 9.9973E-05 0.0584554 0.134395
0.495613 9.9964E-05 9.9964E-05 0.0263888 9.9964E-05 0.24815 0.069227 0.0835255 0.0766955 9.9964E-05
0.254492 0.170688 0.102903 0.09124 0.035108 0.163311 0.165852 9.9982E-05 9.9982E-05 0.0162064
9.9973E-05 0.0841593 9.9973E-05 0.18831 0.0323742 0.436933 0.0562849 9.9973E-05 0.0935728 0.108067
0.557263 0.0968626 9.9973E-05 9.9973E-05 0.0201397 0.096713 0.0934741 9.9973E-05 0.0732433 0.0620049
0.353792 9.9982E-05 0.044408 0.0481749 9.9982E-05 0.353367 0.0405007 0.0172808 0.0888998 0.0533766
9.9973E-05 0.0754977 9.9973E-05 0.00294916 0.0573346 0.528987 0.185052 9.9973E-05 0.016328 0.133551
0.445252 0.0165307 0.0229073 9.9964E-05 9.9964E-05 0.387082 0.074109 9.9964E-05 0.0537185 9.9964E-05
0.546239 0.0807039 0.153511 9.9982E-05 0.0535559 0.0803682 0.0223482 9.9982E-05 0.0544905 0.00858333
0.515861 0.0443883 0.0612094 0.0344838 0.032437 0.185203 9.9991E-05 0.0267498 0.0697186 0.0298491
0.23957 0.000366721 9.9991E-05 0.00867697 0.0210011 0.427244 0.135577 0.00890844 0.114131 0.0444249
0.357905 9.9973E-05 9.9973E-05 9.9973E-05 0.0898627 0.327292 0.0678568 0.0142482 0.0718955 0.070639
0.506532 9.9973E-05 0.0809548 0.0736299 0.0420426 0.163246 0.0850995 9.9973E-05 9.9973E-05 0.0481955
0.0443902 0.0821984 0.0564239 9.9982E-05 0.0484045 0.527915 0.116651 9.9982E-05 0.0694763 0.054341
0.540442 9.9955E-05 9.9955E-05 9.9955E-05 9.9955E-05 0.0231955 0.421269 9.9955E-05 0.013322 0.00127161
0.121552 0.0172973 9.9964E-05 9.9964E-05 0.00905871 0.129914 0.640918 0.0808593 9.9964E-05 9.9964E-05
0.621404 9.9964E-05 9.9964E-05 0.0925978 9.9964E-05 0.0121374 0.157545 9.9964E-05 0.046915 0.0690001
9.9955E-05 0.0124824 0.00515669 9.9955E-05 9.9955E-05 9.9955E-05 0.893387 0.0117336 0.0767409 9.9955E-05
9.9955E-05 0.0122153 0.0948752 9.9955E-05 9.9955E-05 0.0298896 0.845139 9.9955E-05 0.0173815 9.9955E-05
0.303192 9.9946E-05 9.9946E-05 9.9946E-05 9.9946E-05 0.0513745 0.644558 9.9946E-05 9.9946E-05 0.000276536
0.38692 9.9955E-05 9.9955E-05 0.0140421 0.00466605 0.0938254 0.500047 9.9955E-05 9.9955E-05 9.9955E-05
0.527326 0.028114 0.0768773 0.0667805 0.0129617 0.0513827 0.145927 9.9982E-05 0.0904309 9.9982E-05
0.426341 9.9955E-05 0.000412089 9.9955E-05 9.9955E-05 0.137931 0.365835 9.9955E-05 0.0689801 9.9955E-05
0.174498 9.9964E-05 9.9964E-05 0.0624853 0.0106188 0.151195 0.578157 9.9964E-05 9.9964E-05 0.0226463
0.178712 9.9955E-05 9.9955E-05 0.0401274 9.9955E-05 0.0534396 0.510466 9.9955E-05 9.9955E-05 0.216755
0.516843 0.00473539 0.00778182 0.0266222 0.0614643 0.155958 0.143341 9.9982E-05 9.9982E-05 0.0830551
0.17628 0.0598758 9.9973E-05 0.0126769 0.0293497 0.133748 0.54208 0.0456909 9.9973E-05 9.9973E-05
0.317556 0.144098 9.9973E-05 0.00014691 0.0435295 0.08756 0.382976 9.9973E-05 9.9973E-05 0.0238336
0.376208 9.9937E-05 9.9937E-05 9.9937E-05 9.9937E-05 9.9937E-05 0.592383 9.9937E-05 0.030709 9.9937E-05
9.9955E-05 0.0280224 0.153321 9.9955E-05 9.9955E-05 9.9955E-05 0.650806 9.9955E-05 0.162121 0.00522976
0.59733 0.0272429 9.9973E-05 0.0409835 9.9973E-05 0.0370034 0.180355 9.9973E-05 0.0269045 0.0898808
0.0637144 9.9973E-05 0.00237488 0.760106 0.0461582 0.104581 9.9973E-05 0.0170968 9.9973E-05 0.00566827
0.0937707 9.9937E-05 9.9937E-05 0.799278 0.106252 9.9937E-05 9.9937E-05 9.9937E-05 9.9937E-05 9.9937E-05
0.126741 9.9946E-05 9.9946E-05 0.702657 0.141669 9.9946E-05 9.9946E-05 9.9946E-05 0.0283336 9.9946E-05
0.0619323 9.9955E-05 9.9955E-05 0.816283 0.0704624 9.9955E-05 0.00484927 9.9955E-05 0.0459731 9.9955E-05
0.0927016 9.9955E-05 9.9955E-05 0.75439 0.0908293 9.9955E-05 9.9955E-05 0.0076423 0.053937 9.9955E-05
0.0552518 9.9955E-05 9.9955E-05 0.793955 0.0775416 9.9955E-05 9.9955E-05 0.0249196 0.0478319 9.9955E-05
0.079779 0.0113824 9.99461E-05 0.897296 0.0109425 9.99461E-05 9.99461E-05 9.99461E-05 9.99461E-05 9.99461E-05
0.467881 9.9973E-05 9.9973E-05 0.0584235 9.9973E-05 0.0492753 0.242527 0.0701145 0.0537333 0.0577454
0.508002 9.9982E-05 0.111442 0.066743 0.0189619 0.0583959 0.204358 9.9982E-05 0.0177097 0.0141867
9.9955E-05 9.9955E-05 0.0466799 0.0794379 0.000660011 0.0968892 0.775833 9.9955E-05 9.9955E-05 9.9955E-05
0.543665 0.0987978 0.0801761 0.0251508 0.0291588 9.9982E-05 0.123261 0.0563922 9.9982E-05 0.0431992
0.331483 0.113207 9.9973E-05 0.0331484 9.9973E-05 0.139689 0.338086 0.0297913 9.9973E-05 0.0142947
0.495125 0.0444351 0.00316023 0.00142832 0.023883 9.9973E-05 0.415259 0.0164095 9.9973E-05 9.9973E-05
0.560854 9.9973E-05 0.0932308 0.00757678 0.0373097 0.0720654 0.199126 0.0295377 9.9973E-05 9.9973E-05
0.429303 9.9955E-05 0.0188276 9.9955E-05 0.0356011 9.9955E-05 0.457734 0.0580339 9.9955E-05 9.9955E-05
9.9955E-05 9.9955E-05 9.9955E-05 0.0622332 0.0106316 0.136512 0.736716 9.9955E-05 9.9955E-05 0.0534074
0.415677 0.0715274 9.9973E-05 0.0957972 9.9973E-05 9.9973E-05 0.181267 0.135078 0.053851 0.0465029
0.645912 0.034724 0.0434395 0.0474595 9.9991E-05 0.036746 0.136312 0.0130122 0.00959034 0.0327051
0.4455 9.9973E-05 9.9973E-05 0.0477736 0.0476463 0.0731514 0.141473 0.121671 9.9973E-05 0.122484
0.288293 9.9964E-05 0.00117821 9.9964E-05 0.0196756 0.03354 0.542737 9.9964E-05 0.114176 9.9964E-05
0.506315 9.9955E-05 0.0349314 0.03784 0.00566148 9.9955E-05 0.414753 9.9955E-05 9.9955E-05 9.9955E-05
0.321519 0.0587895 0.0413672 9.9982E-05 9.9982E-05 0.155877 0.337316 0.00118677 0.0374093 0.0463348
0.356281 9.9937E-05 9.9937E-05 9.9937E-05 9.9937E-05 9.9937E-05 0.558793 0.0842267 9.9937E-05 9.9937E-05
0.402278 9.9955E-05 9.9955E-05 0.0547749 9.9955E-05 0.0507222 0.413327 9.9955E-05 9.9955E-05 0.0783987
0.467363 9.9982E-05 0.119427 0.0697514 0.0445501 9.9982E-05 0.177364 0.0344071 0.0237298 0.0632083
0.107635 9.9982E-05 0.125821 9.9982E-05 0.0250233 0.458952 0.114438 0.019516 0.140117 0.0082978
0.31537 9.9964E-05 9.9964E-05 0.0695036 0.0704628 0.365798 9.9964E-05 0.0567431 9.9964E-05 0.121722
0.533937 0.0210929 0.0719296 0.0677651 0.0309977 0.083872 0.0892708 0.0398783 9.9991E-05 0.0611566
0.498393 9.9973E-05 0.0913064 0.0963451 0.0149329 9.9973E-05 0.177789 0.0327384 9.9973E-05 0.088195
0.389405 9.9946E-05 0.0784423 9.9946E-05 0.0445862 0.486967 9.9946E-05 9.9946E-05 9.9946E-05 9.9946E-05
0.595018 0.033945 0.0563497 0.0376474 9.9964E-05 0.199996 9.9964E-05 9.9964E-05 9.9964E-05 0.0766439
0.383938 9.9964E-05 0.029367 0.0108577 9.9964E-05 0.35171 9.9964E-05 9.9964E-05 0.0744753 0.149252
0.498271 0.0385448 9.9982E-05 0.0738271 0.00542545 0.139675 0.0586108 9.9982E-05 0.10761 0.0778361
0.48613 0.0815655 0.0551179 0.0227009 0.0239949 0.109932 9.9991E-05 0.0226134 0.0722769 0.125569
0.592751 0.02142 0.0534223 9.9982E-05 0.0227691 0.15444 0.0702968 9.9982E-05 0.0274594 0.0572414
0.478384 9.9964E-05 9.9964E-05 9.9964E-05 0.0361118 0.310974 0.030854 9.9964E-05 0.00754088 0.135736
0.616667 0.0226159 0.0388675 9.9982E-05 0.00150169 0.0556819 0.0245021 9.9982E-05 0.0663411 0.173623
0.4127 0.034877 0.099354 0.0549304 0.014132 0.116328 9.9991E-05 0.106964 0.0721447 0.08847
0.509689 9.9973E-05 0.136791 9.9973E-05 0.00728575 0.234137 0.0348854 0.0345895 9.9973E-05 0.0423226
0.465158 0.116695 0.100597 0.00837713 0.0201617 0.042863 9.9991E-05 0.0523804 0.0654373 0.12823
0.548675 9.9982E-05 0.0674376 9.9982E-05 0.0156542 0.147642 0.048942 0.0443886 0.00710192 0.119959
0.349502 0.0371026 0.0564775 0.0869089 9.9973E-05 0.304055 9.9973E-05 9.9973E-05 0.124264 0.0413894
0.569276 0.0479332 0.00468862 0.0213666 9.9991E-05 0.193458 0.00301403 0.0509822 0.0505431 0.0586382
0.654588 9.9964E-05 0.0727544 9.9964E-05 0.000995606 0.136306 9.9964E-05 9.9964E-05 0.0481825 0.0867738
0.0975382 0.058762 0.0519933 0.00984215 9.9991E-05 0.425355 0.149269 0.0590399 0.0254658 0.122635
0.0990659 0.0650864 0.183381 9.9973E-05 9.9973E-05 0.419669 0.00541484 9.9973E-05 0.184202 0.0428813
0.454738 0.0483584 9.9982E-05 0.0919928 0.0446598 0.171575 9.9982E-05 0.0333881 0.0122884 0.142799
0.0258141 9.9973E-05 0.180143 9.9973E-05 9.9973E-05 0.145927 0.28646 0.0277015 0.14236 0.191295
0.131074 0.00519211 0.0361169 0.105835 9.9973E-05 0.529795 0.123374 9.9973E-05 9.9973E-05 0.068313
0.34725 0.0547871 0.0811994 0.0156627 9.9973E-05 0.387546 0.0142899 9.9973E-05 9.9973E-05 0.0989644
0.220459 9.9964E-05 0.133495 9.9964E-05 0.0536805 0.378615 0.0986035 9.9964E-05 9.9964E-05 0.114746
0.0999751 0.0916951 0.0421344 9.9973E-05 9.9973E-05 0.611831 0.0460191 0.0462614 9.9973E-05 0.0617836
0.565337 0.123775 9.9964E-05 0.0128801 0.0239966 0.209902 9.9964E-05 9.9964E-05 9.9964E-05 0.0637087
0.480548 0.00983963 0.0124447 0.0827249 9.9991E-05 0.027883 0.130255 0.122942 0.00555075 0.127712
0.495273 9.9982E-05 0.0328059 0.0822416 0.0226167 0.248695 0.0662031 0.00840843 9.9982E-05 0.0435565
0.0748761 0.0856426 0.0389818 9.9982E-05 9.9982E-05 0.231237 0.177249 0.0135466 0.210769 0.167498
0.467906 0.0486812 9.9982E-05 0.171079 0.0129083 0.0696688 0.114207 9.9982E-05 0.00821466 0.107135
0.375113 0.295633 0.0375518 9.9982E-05 0.0111703 0.14055 9.9982E-05 0.0515595 0.0529431 0.0352789
9.9982E-05 0.361322 0.157719 0.127743 0.0130803 0.0244697 0.133009 9.9982E-05 0.117068 0.0653889
0.580678 0.109228 0.0363782 0.0992891 0.005261 0.132113 9.9973E-05 9.9973E-05 0.0367534 9.9973E-05
0.374168 0.0436724 0.100908 0.0232842 0.00208195 0.0362528 0.19566 9.9991E-05 0.156784 0.0670879
0.535467 0.0320317 0.0679271 0.044806 0.0158335 0.130523 0.0597558 9.9991E-05 0.102114 0.0114415
0.257362 0.192024 9.99549E-05 9.99549E-05 9.99549E-05 9.99549E-05 0.171589 9.99549E-05 0.277354 0.10117
0.114078 0.376759 0.142305 0.0148514 0.022 0.0623363 0.11026 9.9991E-05 0.0838803 0.0734295
0.365573 0.156513 0.152974 0.0252778 0.0161414 0.0833468 0.0466248 9.9991E-05 0.0832398 0.0702094
0.464937 0.20089 9.9991E-05 0.0452402 0.0806016 0.0443354 0.127567 0.0279098 0.0059271 0.00249125
0.322754 9.9991E-05 0.0022 0.0644648 0.00422268 0.122783 0.219669 0.0831589 0.143134 0.0375137
9.9973E-05 0.174623 0.0223943 9.9973E-05 0.00699546 0.256197 0.238468 0.108574 0.192448 9.9973E-05
0.529795 0.179821 0.0830321 0.0053105 9.9982E-05 0.0709156 0.013237 9.9982E-05 0.0993547 0.0183346
0.282437 0.285454 0.0536674 9.9973E-05 9.9973E-05 0.123677 0.146087 9.9973E-05 0.0850801 0.0232972
0.40184 0.148956 0.0135873 9.9973E-05 9.9973E-05 0.102367 0.229619 9.9973E-05 0.0692492 0.0340825
0.468665 0.118918 0.0433389 0.0754735 0.0136593 0.0362963 0.0480907 0.074186 0.0922634 0.0291088
0.0986098 0.196523 0.0207378 0.175613 0.0653795 0.0380001 9.9982E-05 0.250494 0.154444 9.9982E-05
9.9955E-05 0.094397 9.9955E-05 0.411013 0.00838548 9.9955E-05 9.9955E-05 0.0836465 0.402059 9.9955E-05
9.9964E-05 0.0559468 0.0721098 0.304273 0.0207792 9.9964E-05 9.9964E-05 0.0816176 0.464874 9.9964E-05
0.128448 0.0520964 9.9973E-05 0.286147 0.0238925 9.9973E-05 9.9973E-05 0.25197 0.254008 0.00313802
0.585788 0.274338 0.00428663 9.9955E-05 9.9955E-05 9.9955E-05 0.0724375 9.9955E-05 0.0626504 9.9955E-05
0.557783 0.0495188 0.0115814 0.112265 0.0307282 9.9973E-05 0.176183 9.9973E-05 0.0616411 9.9973E-05
0.314008 9.9955E-05 0.00178822 9.9955E-05 0.00726557 9.9955E-05 0.00706312 0.669376 9.9955E-05 9.9955E-05
0.213147 9.9955E-05 0.0776891 9.9955E-05 0.0906105 0.171021 9.9955E-05 0.447033 9.9955E-05 9.9955E-05
0.289194 9.9982E-05 0.0241344 0.0785243 0.0452032 0.0837045 0.0631071 0.386525 0.0294081 9.9982E-05
0.246847 0.485647 0.149387 9.9973E-05 0.0102503 0.0675968 0.027994 9.9973E-05 0.011978 9.9973E-05
0.548818 0.204862 9.9982E-05 0.0237692 0.00523298 9.9982E-05 0.0656188 0.0153163 0.041191 0.0949912
0.113143 0.504561 0.154182 9.9964E-05 9.9964E-05 0.0916229 0.0499727 9.9964E-05 0.0861184 9.9964E-05
0.532998 0.157661 0.0437666 9.9964E-05 9.9964E-05 0.0565586 0.15127 9.9964E-05 0.0573463 9.9964E-05
0.327094 0.268012 0.123752 9.9982E-05 0.0168221 0.146661 0.0582943 9.9982E-05 0.0290599 0.0301045
0.545324 0.232794 0.0436402 0.021124 9.9973E-05 0.0798776 9.9973E-05 0.0108822 0.0660584 9.9973E-05
0.0793105 0.468006 0.123334 9.9964E-05 9.9964E-05 0.151492 0.118789 9.9964E-05 0.0586693 9.9964E-05
0.533752 0.170995 0.0380353 9.9973E-05 0.0238725 9.9973E-05 0.126234 0.0567774 9.9973E-05 0.050034
0.560683 0.245708 0.0259918 0.0312582 9.9964E-05 9.9964E-05 0.104167 9.9964E-05 0.031792 9.9964E-05
0.0358113 0.00449566 9.9955E-05 0.000282456 9.9955E-05 9.9955E-05 0.0163675 0.942543 9.9955E-05 9.9955E-05
0.0576813 9.9937E-05 9.9937E-05 9.9937E-05 9.9937E-05 9.9937E-05 9.9937E-05 0.923717 9.9937E-05 0.0179018
0.241362 9.9973E-05 0.0647873 0.061931 0.00573813 0.0652873 0.0509079 0.509687 9.9973E-05 9.9973E-05
0.296725 9.9955E-05 0.0455366 9.9955E-05 0.0108127 9.9955E-05 9.9955E-05 0.641467 9.9955E-05 0.00495932
0.128667 9.9946E-05 9.9946E-05 0.0242794 9.9946E-05 9.9946E-05 9.9946E-05 0.821565 9.9946E-05 0.0248885
9.99201E-05 9.99201E-05 9.99201E-05 9.99201E-05 9.99201E-05 9.99201E-05 9.99201E-05 0.999101 9.99201E-05 9.99201E-05
9.9937E-05 9.9937E-05 0.0365079 9.9937E-05 9.9937E-05 9.9937E-05 9.9937E-05 0.950568 9.9937E-05 0.0122244
0.15556 9.9937E-05 9.9937E-05 9.9937E-05 9.9937E-05 9.9937E-05 9.9937E-05 0.836234 9.9937E-05 0.0075064
9.9937E-05 9.9937E-05 9.9937E-05 9.9937E-05 9.9937E-05 0.0120962 0.0491418 0.938062 9.9937E-05 9.9937E-05
9.99201E-05 9.99201E-05 9.99201E-05 9.99201E-05 9.99201E-05 9.99201E-05 9.99201E-05 0.999101 9.99201E-05 9.99201E-05
9.9928E-05 9.9928E-05 9.9928E-05 9.9928E-05 0.0061139 9.9928E-05 9.9928E-05 0.993087 9.9928E-05 9.9928E-05
0.111649 0.0603104 9.9946E-05 9.9946E-05 0.0569326 9.9946E-05 9.9946E-05 0.770508 9.9946E-05 9.9946E-05
0.111214 9.9955E-05 9.9955E-05 9.9955E-05 9.9955E-05 0.019498 9.9955E-05 0.756363 0.082021 0.030404
9.9937E-05 0.0291598 9.9937E-05 9.9937E-05 9.9937E-05 9.9937E-05 0.00723329 0.962907 9.9937E-05 9.9937E-05
0.257244 0.0177629 0.015582 0.0316023 0.00288312 9.9973E-05 0.24156 0.433066 9.9973E-05 9.9973E-05
0.224496 9.9973E-05 9.9973E-05 0.0349274 0.0485374 9.9973E-05 0.0245214 0.573581 0.0184862 0.0751511
0.204048 9.9955E-05 9.9955E-05 9.9955E-05 0.0357537 0.00115278 9.9955E-05 0.701586 0.0569597 9.9955E-05
9.9964E-05 0.0262653 9.9964E-05 0.0257733 0.0374043 0.00436103 9.9964E-05 0.888504 9.9964E-05 0.0172922
9.9937E-05 9.9937E-05 9.9937E-05 9.9937E-05 0.0020045 9.9937E-05 9.9937E-05 0.971702 0.0255941 9.9937E-05
0.0329387 9.9973E-05 0.00502893 0.0749003 0.00216399 0.00754789 9.9973E-05 0.869658 0.00746199 9.9973E-05
9.9928E-05 9.9928E-05 9.9928E-05 9.9928E-05 0.0227823 9.9928E-05 9.9928E-05 0.976418 9.9928E-05 9.9928E-05
0.25135 0.00225007 9.9973E-05 0.0172203 0.041645 9.9973E-05 0.0192049 0.600377 9.9973E-05 0.0676526
9.9955E-05 9.9955E-05 9.9955E-05 0.0416924 0.00980507 0.0291345 0.00987617 0.908992 9.9955E-05 9.9955E-05
9.9955E-05 0.46643 0.0485517 0.279892 9.9955E-05 9.9955E-05 9.9955E-05 0.00522417 0.199403 9.9955E-05
0.308021 0.146039 9.9982E-05 0.0492186 0.0899512 0.0356768 9.9982E-05 0.108919 0.159747 0.102228
0.393083 0.146708 9.9982E-05 0.140837 0.0227562 9.9982E-05 0.0806672 0.00332043 0.097726 0.114702
0.155577 0.220823 0.0329063 0.0882619 0.0578263 9.9991E-05 0.0227053 0.064545 0.258392 0.0988631
0.436521 0.186851 0.00880662 0.0308142 9.9982E-05 9.9982E-05 0.0610592 0.0724209 0.128756 0.0745714
0.113019 0.241245 9.9973E-05 0.0992915 0.0487337 9.9973E-05 0.136811 0.10451 0.25609 9.9973E-05
0.433375 9.9982E-05 0.096972 0.068845 0.0217069 9.9982E-05 0.0925955 0.117182 0.0778178 0.091306
0.304238 0.301006 9.9964E-05 0.0854736 9.9964E-05 9.9964E-05 0.00383103 0.125617 0.179435 9.9964E-05
0.44789 0.280914 9.9973E-05 0.0689718 0.0422453 0.0159736 9.9973E-05 0.110079 0.0336261 9.9973E-05
0.343987 0.281747 0.0163329 0.0238625 0.0382409 9.9973E-05 9.9973E-05 0.133543 0.161987 9.9973E-05
0.542933 0.0626783 9.9991E-05 0.10486 0.0492499 0.0159146 0.0331517 0.036898 0.0834581 0.0707569
0.0405126 0.0903182 0.00152438 0.798272 9.9955E-05 9.9955E-05 9.9955E-05 9.9955E-05 9.9955E-05 0.0688734
9.9973E-05 9.9973E-05 0.00758677 0.841045 0.0766036 0.00952513 0.00298542 0.0437992 0.0181547 9.9973E-05
9.9955E-05 9.9955E-05 9.9955E-05 0.879615 0.04517 9.9955E-05 0.000637416 9.9955E-05 0.0525835 0.0214939
0.0394407 9.9946E-05 9.9946E-05 0.883874 0.00924262 9.9946E-05 9.9946E-05 9.9946E-05 9.9946E-05 0.0668432
0.0120345 9.9964E-05 9.9964E-05 0.742041 0.104549 0.035962 9.9964E-05 9.9964E-05 0.0674506 0.0375629
9.9946E-05 9.9946E-05 9.9946E-05 0.79074 0.0641623 9.9946E-05 9.9946E-05 0.0443129 0.100185 9.9946E-05
0.029726 9.9955E-05 9.9955E-05 0.817457 0.0758919 9.9955E-05 0.0396935 0.0367318 9.9955E-05 9.9955E-05
0.027946 9.9964E-05 0.0228597 0.83484 0.015362 9.9964E-05 0.0119267 9.9964E-05 0.0866659 9.9964E-05
0.0480488 9.9964E-05 0.0216204 0.857482 0.0304554 9.9964E-05 0.0111144 9.9964E-05 0.030879 9.9964E-05
0.0221365 9.9955E-05 9.9955E-05 0.798672 9.9955E-05 0.0451831 9.9955E-05 0.0622063 0.0713024 9.9955E-05
9.9964E-05 9.9964E-05 0.0480051 0.580781 0.0840531 0.156509 0.0657299 9.9964E-05 9.9964E-05 0.0645221
9.9964E-05 9.9964E-05 9.9964E-05 0.533346 0.0193377 0.13078 0.0604341 9.9964E-05 0.058015 0.197687
9.9982E-05 0.0452043 0.00804787 0.508118 0.0309187 0.216081 0.0802771 9.9982E-05 0.00182508 0.109328
9.9964E-05 0.0756313 0.00865264 0.506048 9.9964E-05 0.288038 0.0467783 9.9964E-05 9.9964E-05 0.0744514
0.420578 9.9964E-05 9.9964E-05 0.0387289 0.0303802 0.12773 0.340345 9.9964E-05 9.9964E-05 0.0418379
0.45632 0.0351625 0.121667 0.0157882 9.9973E-05 0.0855068 0.223248 9.9973E-05 9.9973E-05 0.0620075
0.509256 9.9964E-05 0.020815 9.9964E-05 9.9964E-05 0.137455 0.228953 0.0204816 9.9964E-05 0.0826401
0.32033 9.9973E-05 0.0170292 9.9973E-05 0.0247073 0.303271 0.157069 9.9973E-05 0.0527247 0.124568
0.0115207 0.111558 0.0565236 9.9973E-05 9.9973E-05 0.417933 0.135019 0.0292983 9.9973E-05 0.237848
0.596872 0.0205333 0.105461 0.0289753 9.9973E-05 9.9973E-05 0.233561 0.00143798 9.9973E-05 0.0128592
0.561479 9.9973E-05 9.9973E-05 0.0233802 0.000873995 0.0440832 0.289716 9.9973E-05 0.0474154 0.0327516
0.486746 9.9955E-05 0.0579799 9.9955E-05 9.9955E-05 0.0550403 0.331401 9.9955E-05 9.9955E-05 0.0683333
0.277234 9.9937E-05 9.9937E-05 9.9937E-05 9.9937E-05 9.9937E-05 0.59945 0.122617 9.9937E-05 9.9937E-05
0.574617 9.9973E-05 0.090016 0.00115079 9.9973E-05 9.9973E-05 0.137004 0.0272501 0.0356995 0.133963
0.450335 0.0212887 0.0521994 9.9973E-05 0.00980295 0.00567545 0.377541 9.9973E-05 9.9973E-05 0.0828585
9.9964E-05 0.0623512 0.174323 9.9964E-05 0.00991582 0.0215456 0.728718 9.9964E-05 9.9964E-05 0.00274661
0.502493 0.0348002 9.9964E-05 0.0298161 9.9964E-05 0.0751197 0.199132 9.9964E-05 9.9964E-05 0.15824
0.245388 0.0414022 0.054354 9.9973E-05 9.9973E-05 0.000680473 0.507796 9.9973E-05 0.117594 0.0324848
0.519841 9.9955E-05 9.9955E-05 0.017778 9.9955E-05 0.0925862 0.345779 0.0235161 9.9955E-05 9.9955E-05
0.0885105 9.9955E-05 9.9955E-05 0.0574418 9.9955E-05 0.117513 0.628119 9.9955E-05 9.9955E-05 0.107916
0.0129299 0.061071 9.9973E-05 0.026159 0.0233959 9.9973E-05 9.9973E-05 0.0121647 0.0360224 0.827957
0.0786762 0.0908745 0.017345 0.0541749 9.9964E-05 9.9964E-05 9.9964E-05 0.00547141 9.9964E-05 0.753058
0.00801836 0.0420128 0.045204 9.9964E-05 0.00243026 9.9964E-05 9.9964E-05 0.0141071 9.9964E-05 0.887828
9.9946E-05 0.0391607 0.107364 0.0565664 9.9946E-05 9.9946E-05 9.9946E-05 9.9946E-05 9.9946E-05 0.796309
0.115977 0.05038 0.0367421 9.9964E-05 0.0105596 9.9964E-05 9.9964E-05 9.9964E-05 0.00528619 0.780655
0.116862 9.9955E-05 0.0499633 9.9955E-05 9.9955E-05 9.9955E-05 9.9955E-05 0.0277095 0.0258348 0.779131
0.117201 9.9964E-05 0.0168357 0.760933 0.100788 9.9964E-05 9.9964E-05 0.000440098 9.9964E-05 0.00340225
0.0839061 9.9955E-05 9.9955E-05 0.743316 9.9955E-05 9.9955E-05 9.9955E-05 0.010228 0.0849751 0.077075
0.113494 9.9955E-05 0.0088628 0.692541 0.0644969 9.9955E-05 9.9955E-05 0.120105 9.9955E-05 9.9955E-05
0.0230786 9.9964E-05 9.9964E-05 0.660991 0.0717717 0.138292 9.9964E-05 0.096641 0.00882613 9.9964E-05
0.102366 0.000562679 9.9973E-05 0.801502 0.0133981 9.9973E-05 9.9973E-05 0.0347518 0.0174552 0.0296645
9.9973E-05 0.0646739 9.9973E-05 0.361716 0.0268018 0.0651062 0.0147253 9.9973E-05 0.00931052 0.457366
9.9973E-05 9.9973E-05 0.0800712 0.415935 0.0458328 0.0121715 0.0856926 9.9973E-05 0.00340131 0.356596
9.9955E-05 9.9955E-05 0.1425 0.417003 0.0147109 9.9955E-05 0.040557 9.9955E-05 9.9955E-05 0.384728
9.99201E-05 9.99201E-05 9.99201E-05 9.99201E-05 0.999101 9.99201E-05 9.99201E-05 9.99201E-05 9.99201E-05 9.99201E-05
9.9964E-05 9.9964E-05 0.0328947 0.35251 0.0244385 9.9964E-05 0.100382 9.9964E-05 0.00240485 0.486969
0.295917 9.9964E-05 9.9964E-05 0.108169 0.0227065 9.9964E-05 9.9964E-05 0.250036 0.284922 0.037849
0.529337 0.0311659 0.0118486 0.0962491 0.0289464 0.0301063 0.045704 0.153226 0.023009 0.0504076
0.496593 9.9964E-05 9.9964E-05 0.158739 0.0199754 0.039109 9.9964E-05 0.271483 0.0137011 9.9964E-05
0.315882 0.0128643 9.9982E-05 0.0985305 0.0275464 9.9982E-05 0.0906091 0.20395 0.180785 0.0696324
0.596821 0.0441879 9.9973E-05 0.0713262 9.9973E-05 9.9973E-05 0.0386686 0.0970152 0.118719 0.0329618
0.0113285 0.0292382 9.9955E-05 0.3577 9.9955E-05 9.9955E-05 9.9955E-05 0.224773 0.376461 9.9955E-05
0.363762 0.0260939 0.0370888 0.019532 9.9973E-05 0.369375 0.0381157 9.9973E-05 9.9973E-05 0.145732
0.341875 0.00484451 0.122866 9.9973E-05 9.9973E-05 0.128941 0.202908 9.9973E-05 0.103524 0.0947425
0.0784488 9.9964E-05 0.0419016 0.0649827 0.0676144 0.641918 9.9964E-05 9.9964E-05 9.9964E-05 0.104734
0.378156 9.9964E-05 0.248364 9.9964E-05 9.9964E-05 0.180582 0.137847 9.9964E-05 0.00623795 0.0484134
9.9964E-05 0.0289809 0.388742 9.9964E-05 9.9964E-05 0.0749102 0.275994 9.9964E-05 0.200874 0.0300991
0.402846 9.9973E-05 0.0821312 0.00155686 0.0342417 0.348302 0.0327684 9.9973E-05 0.0978537 9.9973E-05
0.436782 0.00908071 0.110775 9.9991E-05 0.0452337 0.187391 0.061923 0.0199166 0.0497767 0.0790222
0.186765 0.0165308 0.0306787 0.0118376 0.0431828 0.469062 0.0595934 9.9982E-05 9.9982E-05 0.18215
0.355569 0.0513952 0.0225616 0.114152 9.9982E-05 0.233903 0.146867 0.0484093 0.0269441 9.9982E-05
9.9955E-05 0.139031 0.0719235 9.9955E-05 9.9955E-05 0.437855 0.151059 9.9955E-05 0.199631 9.9955E-05
0.434523 0.0644065 0.0899869 9.9982E-05 0.022836 0.0724819 0.0884394 9.9982E-05 0.0884716 0.138655
0.467379 0.00902231 0.0465374 9.9991E-05 0.0253444 0.226829 0.095774 0.0226295 0.0135616 0.0928226
0.332764 0.066309 9.9991E-05 0.055433 0.00961454 0.00386125 0.146786 0.20282 0.11757 0.064742
0.284166 0.0557908 0.195478 9.9973E-05 9.9973E-05 0.372683 0.0156285 9.9973E-05 0.0157971 0.0601561
0.40907 9.9964E-05 0.0983467 0.0321621 9.9964E-05 0.266437 0.104323 9.9964E-05 9.9964E-05 0.0892614
0.343899 0.149193 0.133574 9.9982E-05 9.9982E-05 0.0940053 0.11705 0.132353 0.00833167 0.0213946
0.544358 0.011813 0.0405504 0.0495023 9.9982E-05 0.107648 0.162147 9.9982E-05 0.0119999 0.0717816
0.469796 0.0471019 0.0863877 9.9982E-05 0.00919609 0.0688233 0.122632 0.123326 9.9982E-05 0.0725367
0.440658 0.0379938 9.9973E-05 0.120981 0.0334687 0.293506 0.047903 9.9973E-05 9.9973E-05 0.0251905
0.458623 0.0616985 9.9991E-05 0.0906684 0.0244938 0.195662 0.0116846 0.0745353 0.0345976 0.0479376
0.14162 9.9946E-05 0.00439619 0.802791 9.9946E-05 9.9946E-05 9.9946E-05 0.0505931 9.9946E-05 9.9946E-05
0.0645269 9.9955E-05 0.0624672 0.822674 0.0121725 9.9955E-05 9.9955E-05 0.0376596 9.9955E-05 9.9955E-05
0.0858791 0.0506687 0.0307217 0.754361 9.9982E-05 0.0214066 9.9982E-05 0.0134987 0.019271 0.0239929
0.0670835 9.9964E-05 9.9964E-05 0.757044 0.0201389 9.9964E-05 0.0434913 0.0668497 9.9964E-05 0.0449922
0.168056 9.9946E-05 9.9946E-05 0.773585 0.0536228 9.9946E-05 9.9946E-05 0.0041371 9.9946E-05 9.9946E-05
0.032825 9.9946E-05 9.9946E-05 9.9946E-05 9.9946E-05 0.742839 9.9946E-05 9.9946E-05 0.0933661 0.130371
0.470813 0.0248662 0.0725007 0.0748056 0.00865019 0.215489 0.106208 9.9982E-05 0.0264676 9.9982E-05
0.34898 0.0818208 0.103495 0.124194 0.0190258 9.9991E-05 0.00279297 0.156813 0.105852 0.056926
0.595538 9.9982E-05 0.0898088 0.0538531 0.0286328 0.19972 9.9982E-05 0.0196839 0.00292818 0.0096346
0.484207 9.9964E-05 9.9964E-05 0.0327014 9.9964E-05 0.184335 0.15436 9.9964E-05 0.0204031 0.123592
0.257676 0.0116641 0.187005 9.9964E-05 9.9964E-05 0.312662 9.9964E-05 9.9964E-05 0.134535 0.0960584
9.9973E-05 9.9973E-05 0.0346356 0.0870971 0.0410872 0.476498 0.0666707 9.9973E-05 0.0892071 0.204504
0.381398 0.0342374 0.0190953 0.00639451 0.00663427 0.0827665 0.183661 0.0954049 9.9991E-05 0.190309
0.052027 9.9973E-05 0.134264 0.0585624 9.9973E-05 0.395917 0.0123526 0.0616427 9.9973E-05 0.284934
0.394577 9.9973E-05 0.141626 9.9973E-05 0.000216045 0.165264 0.0884754 9.9973E-05 0.125957 0.0835843
0.00747995 9.9973E-05 0.0965301 0.138801 9.9973E-05 0.521561 0.0352815 9.9973E-05 0.00948492 0.190562
0.482548 0.046306 0.00926221 9.9991E-05 0.0425381 0.0532651 0.127157 0.0938383 0.0150309 0.129954
0.0373968 9.9982E-05 0.119463 0.079734 0.066187 0.614906 0.0204634 0.0278964 9.9982E-05 0.0337527
0.259821 0.131972 0.0959313 0.0507294 0.0101196 0.401046 0.0423927 0.00778891 9.9982E-05 9.9982E-05
0.45547 0.240919 0.0485006 0.0333474 9.9973E-05 0.122624 0.0732637 0.0255754 9.9973E-05 9.9973E-05
0.190918 0.572064 0.0758745 0.0291421 9.9964E-05 0.0932846 9.9964E-05 0.0383173 9.9964E-05 9.9964E-05
0.436139 0.318599 9.9973E-05 0.061974 9.9973E-05 0.101259 0.0446646 0.0096411 9.9973E-05 0.027423
0.494511 0.251467 0.0452675 0.124988 0.0288581 9.9982E-05 0.0294128 9.9982E-05 0.0229083 0.00238705
0.24546 0.534763 0.0331544 9.9973E-05 9.9973E-05 0.0750118 0.0366854 9.9973E-05 0.0568788 0.0177462
0.446289 0.164524 0.124499 0.0710874 0.0734703 0.0990046 9.9973E-05 0.0208259 9.9973E-05 9.9973E-05
0.509162 0.181476 0.0821322 0.0108126 0.0188847 9.9982E-05 0.0821112 9.9982E-05 0.0911632 0.0240572
0.00363039 0.666659 0.0888404 9.9964E-05 9.9964E-05 9.9964E-05 0.0849161 9.9964E-05 0.035834 0.11972
0.176353 0.535526 0.0309362 9.9955E-05 9.9955E-05 9.9955E-05 0.106659 9.9955E-05 0.150025 9.9955E-05
0.431773 0.431044 0.0746666 9.9964E-05 9.9964E-05 0.0186032 9.9964E-05 9.9964E-05 0.00551311 0.0379997
0.0199393 0.619989 0.0283142 9.9964E-05 9.9964E-05 0.0711186 0.209814 9.9964E-05 9.9964E-05 0.0504245
0.372092 0.349101 9.9964E-05 9.9964E-05 9.9964E-05 0.130425 0.0570225 9.9964E-05 0.0639168 0.027043
9.9973E-05 0.0231817 0.0187023 9.9973E-05 0.0237506 0.685857 0.0166277 9.9973E-05 0.0208149 0.210766
0.149083 9.9955E-05 0.303375 9.9955E-05 9.9955E-05 0.346912 9.9955E-05 9.9955E-05 0.077493 0.122637
0.218635 0.0179325 0.0473897 0.0169661 0.0205876 0.478256 0.038616 0.048941 9.9991E-05 0.112577
0.495098 9.9973E-05 9.9973E-05 0.00757481 0.027333 0.304596 9.9973E-05 0.0542978 0.0493625 0.061438
0.134188 0.0756147 9.9964E-05 9.9964E-05 0.00198137 0.476396 0.185784 9.9964E-05 9.9964E-05 0.125636
0.341175 9.9973E-05 0.0906799 9.9973E-05 0.0141247 0.242449 9.9973E-05 0.0735452 0.14118 0.0965462
0.536592 9.9973E-05 9.9973E-05 9.9973E-05 0.00942545 0.205815 0.00218306 0.0182921 0.17286 0.0545323
0.413808 9.9955E-05 9.9955E-05 9.9955E-05 9.9955E-05 0.376231 0.105995 9.9955E-05 0.051272 0.0521938
0.384427 9.9973E-05 0.0816241 9.9973E-05 0.052436 0.230871 0.0758109 0.0787489 9.9973E-05 0.0957825
0.375729 9.9973E-05 9.9973E-05 0.000821864 0.0213357 0.266799 0.117712 0.0607579 9.9973E-05 0.156544
0.140824 9.9955E-05 9.9955E-05 9.9955E-05 9.9955E-05 0.500007 0.104851 0.0712445 9.9955E-05 0.182574
0.243449 9.9973E-05 0.0386716 9.9973E-05 9.9973E-05 0.307948 0.0617033 0.0969657 0.0592687 0.191695
0.557745 0.00498316 0.0833228 9.9964E-05 9.9964E-05 0.272769 0.0364743 9.9964E-05 0.0443065 9.9964E-05
0.504223 0.0338359 0.0201935 0.10154 9.9991E-05 0.175828 0.0432233 0.0452523 0.0242103 0.051594
0.424655 9.9964E-05 0.089715 9.9964E-05 0.0142155 0.197914 9.9964E-05 9.9964E-05 0.161297 0.111804
0.390333 9.9964E-05 0.114841 9.9964E-05 9.9964E-05 0.220335 0.0366507 0.117875 9.9964E-05 0.119565
0.319991 0.15082 0.0307306 9.9982E-05 0.0471878 0.267841 9.9982E-05 0.00741716 0.0109959 0.164816
0.558027 9.9991E-05 0.00821918 0.00281861 0.0114176 0.293458 0.016656 0.00742516 0.0496453 0.0522332
0.480666 0.0438243 0.0439824 0.0839335 9.9973E-05 0.244581 0.0304385 9.9973E-05 9.9973E-05 0.0722738
0.431149 0.00275328 0.108508 0.0320816 0.00933928 0.116532 0.0918845 0.106958 0.100694 9.9991E-05
0.474287 9.9964E-05 9.9964E-05 0.289598 0.0596113 0.0604346 9.9964E-05 0.064798 0.0508706 9.9964E-05
0.491255 9.9964E-05 9.9964E-05 0.0413794 9.9964E-05 0.0728597 0.0563303 0.168156 0.169619 9.9964E-05
0.535569 9.9982E-05 9.9982E-05 0.0164012 0.0558785 0.0099311 0.0230155 0.108127 0.0862835 0.164594
0.601828 9.9973E-05 0.0952959 0.028762 0.0415677 0.100483 9.9973E-05 9.9973E-05 0.123898 0.0078647
0.446958 9.9973E-05 0.0718418 0.177752 0.0128935 0.0650833 9.9973E-05 0.184442 0.0407297 9.9973E-05
0.360417 0.173933 0.0998005 9.9964E-05 0.014109 0.333895 9.9964E-05 9.9964E-05 0.0174457 9.9964E-05
0.589683 9.9982E-05 0.0102657 0.170382 0.0230048 0.0637322 0.027957 0.0718352 0.0429395 9.9982E-05
9.9964E-05 0.185316 9.9964E-05 0.133157 9.9964E-05 0.164533 0.119571 0.0860702 0.310953 9.9964E-05
0.406241 9.9973E-05 0.0786418 9.9973E-05 9.9973E-05 0.0475134 0.0408992 0.181106 0.113494 0.131804
0.512337 0.0373486 0.0507402 0.0773188 0.0642377 0.0730068 0.0448271 0.13842 9.9991E-05 0.00166447
0.505249 9.9982E-05 0.0253182 9.9982E-05 0.0031768 0.0412632 0.101121 0.178036 0.0853858 0.0602496
0.313487 0.0294315 0.00211073 0.149918 0.0326659 0.140513 0.102501 0.0302035 0.170892 0.0282775
0.50005 0.119601 0.0298528 0.0646415 0.0285047 0.0289451 9.9991E-05 0.0675894 0.119173 0.0415421
0.61402 0.100224 9.9982E-05 0.113933 0.0644595 0.00482208 9.9982E-05 0.0379269 0.0633066 0.00110752
9.9964E-05 9.9964E-05 0.00888212 0.333418 0.0394876 9.9964E-05 0.106813 0.078486 0.432513 9.9964E-05
0.530108 9.9982E-05 0.0599771 0.0343481 0.108703 0.0775802 9.9982E-05 0.122756 0.0647879 0.00154003
0.44669 9.9973E-05 0.0856442 0.222339 0.0188524 9.9973E-05 9.9973E-05 0.162347 0.0170975 0.0467298
0.549556 0.060012 0.107343 0.0749839 0.00388673 0.052674 0.0249161 0.104779 0.0204745 0.00137467
0.630717 0.0060898 9.9964E-05 0.124854 0.034541 9.9964E-05 9.9964E-05 0.0607645 0.142634 9.9964E-05
0.464467 0.13508 0.0410169 0.0423567 0.0641803 9.9973E-05 9.9973E-05 0.16891 0.0836888 9.9973E-05
0.345491 9.9973E-05 0.445929 0.00937536 0.00973141 0.156636 0.00955131 0.0229871 9.9973E-05 9.9973E-05
0.493504 0.00403367 0.257514 0.0458066 0.0854672 9.9982E-05 9.9982E-05 0.0147958 0.0223402 0.0763394
9.9946E-05 0.0534305 0.736501 9.9946E-05 9.9946E-05 0.154182 0.0552867 9.9946E-05 9.9946E-05 9.9946E-05
9.9946E-05 9.9946E-05 0.923114 0.0176387 9.9946E-05 9.9946E-05 0.03644 9.9946E-05 9.9946E-05 0.0222073
0.43339 9.9955E-05 0.356921 9.9955E-05 0.0274102 0.112446 9.9955E-05 0.0693323 9.9955E-05 9.9955E-05
0.278435 0.00883881 0.10133 0.0625219 9.9973E-05 0.0869243 9.9973E-05 0.299527 0.162123 9.9973E-05
0.282443 9.9964E-05 0.255609 0.0465254 0.00783423 9.9964E-05 9.9964E-05 0.288171 0.119017 9.9964E-05
0.138232 0.0126904 0.0717181 0.149313 0.0298909 0.089544 0.0291463 0.234832 0.244533 9.9991E-05
0.288937 9.9973E-05 0.0810593 0.0819777 0.0573519 0.0707254 9.9973E-05 0.259372 0.160277 9.9973E-05
0.09492 0.00273967 0.600214 0.0235179 0.00217557 9.9982E-05 9.9982E-05 0.0380617 0.225214 0.0129573
0.132356 9.9955E-05 0.626675 9.9955E-05 0.0555365 9.9955E-05 9.9955E-05 0.0403018 0.144631 9.9955E-05
0.495074 9.9964E-05 0.348192 9.9964E-05 0.0585447 9.9964E-05 0.00942501 0.0689977 0.0193669 9.9964E-05
0.400129 9.9955E-05 0.443799 0.0438842 9.9955E-05 9.9955E-05 9.9955E-05 0.0965346 0.0151526 9.9955E-05
0.167345 9.9964E-05 0.667973 0.0076438 0.0481917 9.9964E-05 9.9964E-05 0.0370356 0.0714115 9.9964E-05
0.544879 0.0150479 0.211165 0.0215158 0.0675052 0.0230426 9.9982E-05 0.0223299 0.0943145 9.9982E-05
0.522707 9.9955E-05 0.311814 9.9955E-05 9.9955E-05 9.9955E-05 9.9955E-05 0.0850951 0.0259005 0.0539842
0.393812 0.181181 0.11137 0.0956834 9.9973E-05 0.0601588 9.9973E-05 0.0973042 9.9973E-05 0.0601918
0.261293 9.9964E-05 0.572077 0.0216431 0.00934858 0.115919 9.9964E-05 9.9964E-05 9.9964E-05 0.0193199
0.293298 0.0455847 0.517513 9.9973E-05 0.0348688 0.0806454 9.9973E-05 0.0225499 9.9973E-05 0.00523964
0.535104 0.0459928 0.21701 0.0136294 9.9982E-05 0.10748 0.0153247 9.9982E-05 0.0346116 0.0306471
0.343329 0.162732 0.306865 0.0256568 9.9964E-05 9.9964E-05 9.9964E-05 0.0559353 9.9964E-05 0.105081
0.474332 9.9973E-05 0.158674 0.132699 9.9973E-05 0.13186 0.00339286 9.9973E-05 0.0319045 0.0668378
0.390838 0.139996 0.363707 9.9946E-05 9.9946E-05 0.104859 9.9946E-05 9.9946E-05 9.9946E-05 9.9946E-05
0.210076 0.0133538 0.687795 9.9946E-05 9.9946E-05 9.9946E-05 9.9946E-05 9.9946E-05 9.9946E-05 0.0881747
0.561306 0.0254042 0.328193 0.0139817 9.9955E-05 9.9955E-05 0.0706157 9.9955E-05 9.9955E-05 9.9955E-05
0.156679 9.9946E-05 0.745243 9.9946E-05 9.9946E-05 0.074886 0.0225922 9.9946E-05 9.9946E-05 9.9946E-05
0.448139 0.00615611 0.40174 0.0447947 0.00696125 9.9982E-05 0.0704809 9.9982E-05 0.012838 0.00868943
0.337082 9.9982E-05 0.37503 0.0116993 0.072027 9.9982E-05 0.0823817 0.0701656 0.0100431 0.0413709
0.451549 0.00729514 0.282169 0.0495799 0.00115033 0.0425425 0.132371 0.0128402 0.0204022 9.9991E-05
0.51772 0.0460236 0.177186 0.161922 0.00563829 9.9973E-05 9.9973E-05 0.0871284 9.9973E-05 0.00408061
0.29773 0.101226 0.186988 0.0956989 0.000102053 0.0967365 9.9991E-05 0.157543 0.062641 0.00123476
0.335514 0.0269724 0.147447 0.125816 0.00681821 9.9982E-05 9.9982E-05 0.251245 0.0662456 0.0397416
0.268903 0.00398298 0.062354 0.0946972 0.0463686 0.14386 9.9991E-05 0.221034 0.0532287 0.105471
0.334086 0.00725934 0.018115 0.149125 0.00866343 0.0219804 0.152081 0.157771 0.0223193 0.1286
0.31222 9.9973E-05 0.248821 0.0416532 0.112452 9.9973E-05 9.9973E-05 0.178871 0.0822529 0.0234291
9.9955E-05 9.9955E-05 0.575614 0.147154 9.9955E-05 9.9955E-05 9.9955E-05 0.0958932 0.171461 0.00937848
0.493215 0.0425357 0.116793 0.0578036 0.0088367 9.9982E-05 9.9982E-05 0.174677 0.0442995 0.0616392
9.9955E-05 9.9955E-05 0.427682 0.295501 0.0143931 9.9955E-05 9.9955E-05 0.0588513 0.203073 9.9955E-05
0.491009 9.9955E-05 0.260191 0.057864 9.9955E-05 9.9955E-05 9.9955E-05 0.141246 0.0491903 9.9955E-05
0.034122 0.0557132 0.778883 9.9946E-05 9.9946E-05 9.9946E-05 0.130683 9.9946E-05 9.9946E-05 9.9946E-05
9.9937E-05 0.0324616 0.861684 9.9937E-05 9.9937E-05 9.9937E-05 0.105154 9.9937E-05 9.9937E-05 9.9937E-05
0.413948 9.9964E-05 0.430415 9.9964E-05 0.0130716 0.03308 0.0834658 0.0256206 9.9964E-05 9.9964E-05
