9.9955E-05 9.9955E-05 9.9955E-05 0.134388 9.9955E-05 0.0143077 0.0316667 9.9955E-05 0.790478 0.0286603
0.0197813 9.9964E-05 0.0137847 0.061756 9.9964E-05 9.9964E-05 0.032912 9.9964E-05 0.861671 0.00969553
9.9964E-05 9.9964E-05 9.9964E-05 0.128291 0.0923032 0.0243584 0.0400935 9.9964E-05 0.711759 0.00279507
9.9964E-05 9.9964E-05 9.9964E-05 9.9964E-05 0.0499565 0.0141436 0.0565808 0.114843 0.717493 0.0465831
9.9955E-05 9.9955E-05 9.9955E-05 0.0312444 0.0409298 9.9955E-05 9.9955E-05 0.0600352 0.830979 0.0363122
0.0231529 0.129139 9.9982E-05 0.179027 0.00256608 9.9982E-05 0.0142082 0.0177369 0.46036 0.17361
9.9964E-05 0.065686 9.9964E-05 9.9964E-05 9.9964E-05 0.0271939 0.0507776 0.0230945 0.749038 0.0838103
9.9964E-05 0.113444 9.9964E-05 9.9964E-05 0.0162325 9.9964E-05 0.0266125 0.047864 0.655636 0.139811
0.00126387 0.080506 9.99639E-05 9.99639E-05 9.99639E-05 0.0697257 0.00169021 9.99639E-05 0.808313 0.0381015
9.9982E-05 0.0416712 0.0201664 0.15052 0.0662955 9.9982E-05 0.032203 0.0196039 0.613634 0.055706
9.9964E-05 0.0502744 0.00461812 9.9964E-05 0.0338486 0.0343184 9.9964E-05 9.9964E-05 0.725703 0.150838
0.0632422 9.9955E-05 9.9955E-05 0.117239 0.141331 0.640789 9.9955E-05 9.9955E-05 9.9955E-05 0.0368993
9.9964E-05 0.0401417 9.9964E-05 0.0814235 0.358578 0.413425 0.0861923 0.0198392 9.9964E-05 9.9964E-05
9.9973E-05 0.0274297 0.0264838 9.9973E-05 0.129688 0.66743 0.0395125 0.0833934 0.0257621 9.9973E-05
9.9946E-05 9.9946E-05 9.9946E-05 9.9946E-05 0.202136 0.61485 9.9946E-05 0.121743 0.0606715 9.9946E-05
0.0124652 9.9973E-05 9.9973E-05 0.000691782 0.328731 0.35367 0.0153943 0.105074 0.183674 9.9973E-05
9.9964E-05 9.9964E-05 9.9964E-05 0.0437669 0.506689 0.336476 0.0443544 0.0578465 0.0104679 9.9964E-05
0.102566 0.0473501 9.9991E-05 0.0146002 0.384434 0.323624 0.0414098 0.0707856 0.00715769 0.00797195
9.9955E-05 9.9955E-05 9.9955E-05 0.136854 0.137049 0.589588 9.9955E-05 0.101012 0.0349965 9.9955E-05
9.9964E-05 0.0824493 9.9964E-05 9.9964E-05 9.9964E-05 0.810761 0.00701785 0.0321565 0.027866 0.0393495
0.140734 9.9964E-05 0.0624605 9.9964E-05 0.28608 0.426179 0.021707 0.0624401 9.9964E-05 9.9964E-05
0.0634304 0.209246 9.9982E-05 9.9982E-05 0.437332 0.154541 0.0208842 0.0374136 0.0321964 0.0447556
0.103465 0.0310115 0.0429507 9.9982E-05 0.50279 0.235758 0.0110764 0.0622142 0.0105334 9.9982E-05
0.0488865 0.0249295 9.9982E-05 0.0953534 0.191583 0.547964 0.00550798 0.0510186 0.0345571 9.9982E-05
9.999E-05 0.105189 0.0835514 0.000754937 0.622372 0.0166546 0.0705628 0.0123982 0.0678534 0.0205635
0.0060756 9.9964E-05 9.9964E-05 9.9964E-05 0.406339 0.417183 0.0354794 0.130342 0.0041817 9.9964E-05
0.0133571 9.9973E-05 0.0242671 9.9973E-05 0.0355185 0.772547 0.0164258 0.0903644 0.0472204 9.9973E-05
9.9955E-05 0.0578127 9.9955E-05 9.9955E-05 0.05485 0.679953 9.9955E-05 0.166651 0.0402337 9.9955E-05
9.9964E-05 0.0803998 0.0304733 9.9964E-05 0.171799 0.675566 9.9964E-05 0.0383785 0.0029838 9.9964E-05
9.99201E-05 9.99201E-05 9.99201E-05 9.99201E-05 9.99201E-05 9.99201E-05 0.999101 9.99201E-05 9.99201E-05 9.99201E-05
9.99201E-05 9.99201E-05 9.99201E-05 9.99201E-05 9.99201E-05 9.99201E-05 0.999101 9.99201E-05 9.99201E-05 9.99201E-05
9.9946E-05 9.9946E-05 9.9946E-05 9.9946E-05 0.128783 9.9946E-05 0.361797 0.00896877 0.499852 9.9946E-05
0.0972773 9.9964E-05 9.9964E-05 0.0411774 0.0269255 9.9964E-05 0.281932 0.0900734 0.462214 9.9964E-05
0.206699 0.0798087 0.104765 9.9973E-05 0.523155 9.9973E-05 0.0571551 9.9973E-05 0.00251141 0.0256056
0.300256 0.0335391 0.00249037 0.124145 0.469353 0.0209255 9.9973E-05 9.9973E-05 0.0489905 9.9973E-05
0.395569 9.9964E-05 9.9964E-05 0.0794809 0.487926 9.9964E-05 0.015407 0.0192315 9.9964E-05 0.00198581
0.0418289 0.0409244 9.9982E-05 9.9982E-05 0.0762036 0.620063 0.000703703 0.0315586 0.13019 0.0583286
0.570823 0.0617401 0.0106903 9.9973E-05 0.251561 0.00762129 0.036569 0.0606954 9.9973E-05 9.9973E-05
0.105146 9.9955E-05 9.9955E-05 9.9955E-05 0.590866 0.165639 9.9955E-05 9.9955E-05 0.0651482 0.0727011
0.239958 9.9955E-05 9.9955E-05 0.199944 0.523599 9.9955E-05 0.021052 9.9955E-05 9.9955E-05 0.0149472
0.115903 0.030723 9.9982E-05 9.9982E-05 0.607569 0.00320781 0.032005 0.0566414 0.0643206 0.0894301
0.0582695 0.0427427 0.0369491 9.9982E-05 0.655814 0.0303361 0.083149 9.9982E-05 0.0465118 0.0460274
0.615855 9.9955E-05 9.9955E-05 0.0316193 0.0341577 0.296572 0.0212962 9.9955E-05 9.9955E-05 9.9955E-05
9.9955E-05 0.265945 9.9955E-05 0.0466733 0.608448 0.0531014 9.9955E-05 0.0253326 9.9955E-05 9.9955E-05
0.346968 0.0111751 0.00730366 0.131931 0.433941 0.0044446 0.00284051 0.0465147 9.9991E-05 0.0147827
0.0144703 0.0889531 0.0259363 9.9982E-05 0.694879 9.9982E-05 0.0808406 0.0242549 0.0327508 0.0377155
0.603299 9.9937E-05 0.0671741 9.9937E-05 0.328827 9.9937E-05 9.9937E-05 9.9937E-05 9.9937E-05 9.9937E-05
0.317998 0.0844387 9.9955E-05 9.9955E-05 0.54861 9.9955E-05 0.0222121 0.0262416 9.9955E-05 9.9955E-05
0.144837 0.125768 0.078243 0.166914 0.401732 0.0193941 0.0628126 9.9973E-05 9.9973E-05 9.9973E-05
0.622031 0.322922 9.9937E-05 9.9937E-05 9.9937E-05 9.9937E-05 9.9937E-05 9.9937E-05 0.0543468 9.9937E-05
0.10047 0.111033 0.0389373 9.9964E-05 0.127113 0.517796 9.9964E-05 9.9964E-05 9.9964E-05 0.104251
0.157012 0.413929 0.0333268 0.0573139 9.9964E-05 0.334603 9.9964E-05 9.9964E-05 9.9964E-05 0.00341537
9.9964E-05 0.100152 9.9964E-05 0.132027 0.459746 0.16395 0.0449607 9.9964E-05 9.9964E-05 0.098765
0.0250762 0.0329581 0.110964 0.112772 0.563532 0.0700529 9.9973E-05 9.9973E-05 0.0843443 9.9973E-05
0.0206255 0.0714616 9.9973E-05 9.9973E-05 0.575401 0.0691432 0.0227227 0.142894 9.9973E-05 0.0974521
0.207905 0.0954209 0.0542498 0.0557503 0.0697249 0.341195 0.0105266 9.9991E-05 0.0542072 0.11092
0.0468482 0.0226248 9.9973E-05 9.9973E-05 0.485736 0.210928 0.0183852 0.0426527 9.9973E-05 0.172524
0.0162671 0.0840659 9.9982E-05 0.139779 0.432733 0.246507 9.9982E-05 0.0688898 0.00842069 0.00313733
0.153841 0.0701179 0.0919549 9.9982E-05 0.276139 0.246243 0.0362425 0.0373967 0.0878643 9.9982E-05
0.0664447 0.197066 9.9973E-05 0.108934 9.9973E-05 0.409762 0.021404 9.9973E-05 0.139649 0.0564416
0.111224 0.059283 0.0328979 0.0282817 0.526334 0.0426367 0.0825734 0.00928412 0.0340646 0.0734199
9.9964E-05 9.9964E-05 0.0452691 0.188574 0.289574 0.344338 9.9964E-05 9.9964E-05 0.0257324 0.106113
0.0784278 0.149591 0.0224305 9.9964E-05 9.9964E-05 0.625781 0.0422513 9.9964E-05 9.9964E-05 0.0811185
9.9964E-05 0.00135142 0.00971118 0.1025 0.383344 0.488807 0.0138868 9.9964E-05 9.9964E-05 9.9964E-05
9.9964E-05 9.9964E-05 0.168342 0.0833577 0.631684 0.0353042 9.9964E-05 0.0302203 9.9964E-05 0.0506925
0.0569104 9.9973E-05 0.0477566 0.135075 0.457658 0.189631 0.0456674 9.9973E-05 9.9973E-05 0.0670017
0.173356 0.135109 0.033819 9.9982E-05 0.113297 0.399481 0.0220344 0.103091 0.0196133 9.9982E-05
9.9964E-05 0.144021 0.00197767 0.113137 0.3689 0.344097 0.0274674 9.9964E-05 9.9964E-05 9.9964E-05
0.0527646 9.9973E-05 0.0128726 9.9973E-05 0.601962 0.101706 0.0449634 0.0296833 9.9973E-05 0.155748
0.075809 0.0254972 0.0930436 0.0577519 0.0671132 0.64991 0.0305747 9.9973E-05 9.9973E-05 9.9973E-05
0.38509 9.9955E-05 9.9955E-05 9.9955E-05 0.52997 9.9955E-05 0.00560964 9.9955E-05 0.00690847 0.0719218
0.593528 0.00115499 9.9955E-05 9.9955E-05 0.17483 0.193183 0.0368046 9.9955E-05 9.9955E-05 9.9955E-05
0.10144 9.9991E-05 0.0717266 0.06119 0.3833 0.0287514 0.0418783 0.0900891 0.0703913 0.151133
0.809744 0.155599 9.9937E-05 9.9937E-05 9.9937E-05 9.9937E-05 9.9937E-05 9.9937E-05 9.9937E-05 0.033957
0.768922 0.0963392 0.0762042 9.9946E-05 9.9946E-05 0.0579346 9.9946E-05 9.9946E-05 9.9946E-05 9.9946E-05
0.768692 9.9937E-05 9.9937E-05 0.00884479 0.221763 9.9937E-05 9.9937E-05 9.9937E-05 9.9937E-05 9.9937E-05
0.438084 9.9964E-05 9.9964E-05 0.0155119 0.389094 0.0727841 0.0454183 9.9964E-05 9.9964E-05 0.0387072
9.9964E-05 0.106112 0.0179588 9.9964E-05 0.591563 0.155321 0.0126066 9.9964E-05 0.116038 9.9964E-05
0.36426 0.0598283 9.9982E-05 0.0212082 0.352836 0.090072 0.00702722 0.0529573 9.9982E-05 0.0516103
0.617666 9.9973E-05 9.9973E-05 9.9973E-05 0.0299205 0.150972 0.0073227 0.113862 0.0191728 0.0607843
0.537951 9.9982E-05 9.9982E-05 0.00986377 0.179864 0.0243011 0.00804407 0.00436747 0.0537862 0.181623
0.295437 9.9973E-05 0.0510215 0.0492599 0.363447 9.9973E-05 0.0497607 0.10178 9.9973E-05 0.088994
0.526936 9.9955E-05 9.9955E-05 9.9955E-05 0.252006 0.135507 0.0371263 0.0479251 9.9955E-05 9.9955E-05
0.463477 9.9973E-05 9.9973E-05 0.0163073 0.394465 0.0605634 0.0466528 0.00181909 0.0164152 9.9973E-05
0.619594 0.0228793 0.0256056 9.9946E-05 0.331321 9.9946E-05 9.9946E-05 9.9946E-05 9.9946E-05 9.9946E-05
0.697233 0.183078 0.0557647 0.0318147 9.9955E-05 9.9955E-05 9.9955E-05 9.9955E-05 9.9955E-05 0.0316095
0.252659 0.0997433 9.9982E-05 9.9982E-05 0.437781 0.03478 0.00194218 0.0661521 0.0446913 0.0620517
9.9946E-05 9.9946E-05 9.9946E-05 9.9946E-05 0.118013 0.0671793 0.0569136 9.9946E-05 0.757295 9.9946E-05
9.9946E-05 9.9946E-05 9.9946E-05 0.0336225 0.0946453 9.9946E-05 0.0892522 9.9946E-05 0.78188 9.9946E-05
9.9946E-05 9.9946E-05 9.9946E-05 0.12834 0.021267 9.9946E-05 0.105615 9.9946E-05 0.744179 9.9946E-05
9.9946E-05 0.0236402 9.9946E-05 0.0911581 9.9946E-05 9.9946E-05 0.122434 9.9946E-05 0.762168 9.9946E-05
0.00443468 9.9955E-05 0.0105442 9.9955E-05 0.108364 9.9955E-05 0.133304 9.9955E-05 0.742854 9.9955E-05
9.9955E-05 9.9955E-05 9.9955E-05 0.0639441 0.0308515 9.9955E-05 0.0314482 9.9955E-05 0.835787 0.0374698
9.99461E-05 9.99461E-05 9.99461E-05 0.121592 9.99461E-05 0.0035147 0.0447155 9.99461E-05 0.829578 9.99461E-05
0.230847 0.0398521 9.9973E-05 9.9973E-05 0.443622 0.112573 0.0485143 0.0413064 0.0829855 9.9973E-05
0.15747 9.9955E-05 0.0162924 0.206749 0.478739 0.14025 9.9955E-05 9.9955E-05 9.9955E-05 9.9955E-05
0.727922 9.9946E-05 0.00615356 9.9946E-05 9.9946E-05 0.212851 9.9946E-05 9.9946E-05 0.0524734 9.9946E-05
0.107744 0.0576413 0.067081 0.0202362 0.628763 0.0217131 0.0149474 9.9991E-05 0.0575459 0.0242281
0.33365 0.0168634 9.9955E-05 9.9955E-05 0.394843 0.250629 0.00351474 9.9955E-05 9.9955E-05 9.9955E-05
0.251168 9.9973E-05 0.0610627 9.9973E-05 0.606447 0.00542776 0.00807678 0.0143699 0.0531472 9.9973E-05
0.232706 9.9955E-05 0.0331383 9.9955E-05 0.577543 0.0836524 9.9955E-05 9.9955E-05 0.0724598 9.9955E-05
0.436847 9.9946E-05 9.9946E-05 0.0636321 0.406422 9.9946E-05 9.9946E-05 0.0924996 9.9946E-05 9.9946E-05
0.624373 9.9955E-05 0.101833 9.9955E-05 9.9955E-05 0.0766774 9.9955E-05 9.9955E-05 0.0776792 0.118937
0.107548 9.9973E-05 0.0339661 0.13797 0.458088 0.0608976 9.9973E-05 9.9973E-05 0.119949 0.0812818
0.207922 0.0404707 0.0146504 0.0271683 0.571426 9.9982E-05 0.0590368 0.0723621 0.00676395 9.9982E-05
0.0395812 0.0581636 0.0067324 0.0533516 0.481642 0.107235 9.9991E-05 0.0944496 0.11892 0.0398245
0.499954 0.0992029 0.0565388 9.9964E-05 0.302645 9.9964E-05 0.0381509 0.00310824 9.9964E-05 9.9964E-05
0.358401 9.9955E-05 0.149827 9.9955E-05 0.441546 9.9955E-05 9.9955E-05 0.0348262 0.0149003 9.9955E-05
0.342125 9.9964E-05 0.0415396 9.9964E-05 0.44833 0.0794461 0.0372732 9.9964E-05 9.9964E-05 0.050886
0.62289 9.9955E-05 9.9955E-05 0.0506587 0.216006 9.9955E-05 9.9955E-05 0.100997 9.9955E-05 0.00894914
0.341705 9.9964E-05 9.9964E-05 9.9964E-05 0.427602 0.0802033 9.9964E-05 0.0128047 0.0937381 0.0435469
0.0400368 0.0174632 0.0929189 9.9982E-05 0.498434 0.192933 9.9982E-05 0.0495466 0.106463 0.00200505
0.0369527 0.0827178 0.144606 0.143859 0.131193 0.384998 0.010718 9.9982E-05 9.9982E-05 0.064756
0.027521 9.9982E-05 9.9982E-05 0.0941408 0.330703 0.29043 0.0325907 0.0210633 0.0436178 0.159734
0.0342185 0.0467573 0.0660999 9.9991E-05 0.493995 0.0523369 0.0180019 0.0607989 0.139227 0.0884645
0.0429314 0.0104163 0.0158421 0.110353 0.514672 0.167371 0.0147902 9.9991E-05 0.0757952 0.0477294
0.0239872 0.0160892 0.0115056 9.9973E-05 0.421701 0.443054 0.0749033 9.9973E-05 0.00845983 9.9973E-05
0.0408821 0.0477084 9.9973E-05 9.9973E-05 0.510994 0.192202 9.9973E-05 0.130237 0.0313928 0.0462844
9.9964E-05 9.9964E-05 9.9964E-05 0.00835635 0.430935 0.350856 9.9964E-05 0.0190319 0.0149588 0.175463
0.0580665 9.9991E-05 0.0623625 0.0173713 0.522597 0.158923 0.0324096 0.0286784 0.0567979 0.0626939
0.089884 0.115141 9.9982E-05 0.0321035 0.439785 0.136476 0.0466084 0.0747032 9.9982E-05 0.0650991
0.027464 9.9982E-05 0.0590416 0.0907237 0.486607 0.235687 0.0560431 9.9982E-05 0.0176331 0.026601
9.9946E-05 9.9946E-05 0.00884787 9.9946E-05 0.516747 0.352983 9.9946E-05 9.9946E-05 9.9946E-05 0.120823
0.118823 9.9991E-05 0.0131433 0.0400876 0.615511 0.078006 0.0102348 0.00530911 0.0237249 0.0950606
0.12385 9.9982E-05 0.0170547 0.0306715 0.517977 0.126151 9.9982E-05 0.0306236 0.143027 0.0104456
0.0115507 9.9973E-05 0.0391341 0.017834 0.537873 0.290188 9.9973E-05 0.0416773 9.9973E-05 0.0614435
9.9982E-05 0.0733287 0.0153121 0.107632 0.522666 0.103728 9.9982E-05 0.0277028 0.043638 0.105792
9.9973E-05 9.9973E-05 0.0716604 0.0948648 0.536676 0.219403 0.0262984 0.00609529 9.9973E-05 0.0447023
9.9982E-05 0.116319 0.0382172 0.118311 0.275418 0.293242 0.0194537 9.9982E-05 0.0730433 0.0657952
0.0250919 0.0475003 9.9982E-05 0.0662509 0.602476 0.212537 0.0265534 0.00800391 9.9982E-05 0.0113866
0.0270845 9.9964E-05 0.098658 0.130137 0.640522 0.0941563 0.00904272 9.9964E-05 9.9964E-05 9.9964E-05
0.0916921 9.9973E-05 0.103693 9.9973E-05 0.186552 0.423835 9.9973E-05 0.0904544 0.00383964 0.0996348
9.9973E-05 0.220273 0.183948 0.012882 0.173716 0.387657 9.9973E-05 9.9973E-05 0.0100815 0.0111431
0.00649081 0.0678575 9.9973E-05 0.0279054 0.51144 0.146678 9.9973E-05 9.9973E-05 0.063554 0.175774
0.151004 0.158209 0.27828 9.9973E-05 9.9973E-05 0.270075 0.000883126 0.0540778 9.9973E-05 0.0871714
0.0577866 9.9973E-05 0.107174 9.9973E-05 0.158034 0.592271 0.0229098 0.023205 0.03832 9.9973E-05
0.100247 9.9964E-05 0.0532281 9.9964E-05 0.389704 0.366469 9.9964E-05 9.9964E-05 0.0211634 0.0687891
0.0855337 9.9964E-05 9.9964E-05 9.9964E-05 0.210438 0.572693 0.0475782 9.9964E-05 0.0220431 0.0613145
0.0685334 9.9973E-05 0.00716182 9.9973E-05 0.258522 0.543299 9.9973E-05 0.0313093 0.0516308 0.0392445
0.0515795 0.0187791 9.9982E-05 9.9982E-05 0.51576 0.206125 0.037472 0.083817 0.0448754 0.0413921
0.0487442 0.056119 9.9991E-05 0.0999595 0.489426 0.0600061 0.0328189 0.0106207 0.0921766 0.110029
0.0114856 9.9982E-05 0.118063 0.0361563 0.470297 0.192076 0.00584315 0.122398 0.0434803 9.9982E-05
0.0321663 0.191147 0.0909043 0.0150314 0.04409 0.519748 9.9982E-05 0.0680543 9.9982E-05 0.0386588
0.118018 0.0691267 9.9991E-05 0.0731955 0.502557 0.103418 0.00338709 0.0241964 0.08581 0.0201913
0.182307 0.0787128 0.0867411 9.9991E-05 0.427135 0.0823101 0.00569173 0.0982575 0.00859369 0.0301513
0.152685 0.424271 0.187137 9.9973E-05 9.9973E-05 0.0854715 0.0134519 9.9973E-05 0.0528431 0.0838409
0.0877036 0.0966095 0.0544715 9.9982E-05 0.557678 0.0212358 0.0199019 0.0685815 0.0936184 9.9982E-05
0.177473 0.303694 0.0192933 9.9973E-05 0.332712 0.0691836 9.9973E-05 0.0450076 0.0523364 9.9973E-05
0.0631 0.155482 0.0808062 0.046592 0.448531 0.0622695 0.00934295 0.0882993 0.0454773 9.9991E-05
0.0617389 0.38265 0.0917332 9.9982E-05 0.266641 0.0775865 0.0313555 0.00238235 9.9982E-05 0.0857126
0.0958371 0.338747 0.158715 9.9982E-05 0.158536 0.0865095 0.0256972 9.9982E-05 0.0267584 0.109
0.0599088 0.133789 0.175291 9.9964E-05 0.429055 9.9964E-05 0.0401639 9.9964E-05 9.9964E-05 0.161392
0.0389474 0.0690565 0.0517452 0.00489478 0.416171 0.180104 9.9991E-05 0.0984481 0.134129 0.00640447
0.154325 0.08263 0.0300652 0.156122 0.320676 0.197633 9.9982E-05 0.00699582 0.0513529 9.9982E-05
0.262539 0.34477 0.0281152 0.135427 9.9964E-05 0.172299 9.9964E-05 0.0564495 9.9964E-05 9.9964E-05
9.9991E-05 0.011334 0.176889 0.13201 0.45658 0.149468 0.0180595 0.00405063 0.0313903 0.0201186
0.0807409 0.288717 9.9955E-05 9.9955E-05 0.352801 0.222946 9.9955E-05 9.9955E-05 9.9955E-05 0.054295
0.105816 0.085544 0.103621 9.9973E-05 0.401084 0.256164 0.0090727 0.0383995 9.9973E-05 9.9973E-05
0.0996472 0.0156697 0.147446 9.9982E-05 0.571255 9.9982E-05 0.0335569 0.0835653 0.0106113 0.0380487
9.9973E-05 0.243779 9.9973E-05 0.204267 0.0317267 0.136325 0.0500053 0.145235 0.188362 9.9973E-05
9.9955E-05 0.373413 9.9955E-05 0.104634 9.9955E-05 9.9955E-05 0.0244719 0.0649006 0.432081 9.9955E-05
9.9946E-05 0.488001 9.9946E-05 9.9946E-05 9.9946E-05 9.9946E-05 0.0372558 0.143046 0.331098 9.9946E-05
9.99657E-05 0.246281 9.99657E-05 0.341571 9.99657E-05 0.00602876 9.99657E-05 0.13654 0.230631 0.0385477
0.086072 0.230866 9.9946E-05 9.9946E-05 0.646193 9.9946E-05 9.9946E-05 9.9946E-05 9.9946E-05 0.0362695
0.0428578 0.0880598 0.128284 9.9982E-05 0.563397 9.9982E-05 0.0451323 0.0402617 0.0444714 0.0473368
9.9946E-05 9.9946E-05 9.9946E-05 9.9946E-05 0.279206 0.00111312 0.0346665 0.684415 9.9946E-05 9.9946E-05
0.0465933 9.9991E-05 0.0401867 0.0267167 0.364615 0.0557 0.0243916 0.39696 0.011146 0.0335904
0.000312062 0.0665942 9.9982E-05 0.110241 0.350582 0.0475128 0.0321437 0.3445 9.9982E-05 0.0479149
0.0637477 0.353454 0.165228 9.9955E-05 0.352088 0.064983 9.9955E-05 9.9955E-05 9.9955E-05 9.9955E-05
0.0750412 0.159071 0.101508 0.0502084 0.430552 9.9982E-05 0.0419845 0.0600946 9.9982E-05 0.0813401
0.0321636 0.458179 0.235021 9.9955E-05 0.217052 0.0570844 9.9955E-05 9.9955E-05 9.9955E-05 9.9955E-05
0.0656502 0.209886 0.0752929 9.9964E-05 0.603871 9.9964E-05 9.9964E-05 9.9964E-05 0.0399676 0.00493279
0.00909649 0.168306 0.269788 9.9964E-05 0.486468 0.0561207 9.9964E-05 9.9964E-05 0.0098202 9.9964E-05
9.9973E-05 0.156483 0.116585 0.0190182 0.622809 9.9973E-05 0.0126976 0.00642471 9.9973E-05 0.0656834
0.14181 0.430716 0.1107 9.9955E-05 0.215038 0.101236 9.9955E-05 9.9955E-05 9.9955E-05 9.9955E-05
0.0267414 0.115487 0.00843139 9.9973E-05 0.728623 9.9973E-05 9.9973E-05 0.0749792 0.025028 0.0204102
0.135807 0.216098 9.9973E-05 0.0803227 0.506649 9.9973E-05 0.0116287 9.9973E-05 0.00170389 0.0474906
0.0280643 9.9946E-05 9.9946E-05 0.0882195 0.0479499 9.9946E-05 9.9946E-05 0.835167 9.9946E-05 9.9946E-05
9.99281E-05 9.99281E-05 9.99281E-05 9.99281E-05 0.0838655 9.99281E-05 9.99281E-05 0.915335 9.99281E-05 9.99281E-05
0.0719512 9.9964E-05 9.9964E-05 0.165524 0.217281 0.0414262 9.9964E-05 0.444336 0.0590825 9.9964E-05
9.9964E-05 9.9964E-05 0.0463692 0.0464645 0.270468 9.9964E-05 0.0014411 0.61824 9.9964E-05 0.0166167
0.063395 0.000320411 9.9964E-05 0.0191139 0.163074 9.9964E-05 9.9964E-05 0.728637 0.025059 9.9964E-05
9.9937E-05 0.00396511 9.9937E-05 9.9937E-05 9.9937E-05 9.9937E-05 0.00857812 0.986757 9.9937E-05 9.9937E-05
9.9946E-05 9.9946E-05 9.9946E-05 0.0525888 9.9946E-05 9.9946E-05 9.9946E-05 0.868352 0.0263605 0.052099
9.9937E-05 9.9937E-05 9.9937E-05 0.123194 0.110429 9.9937E-05 9.9937E-05 0.765677 9.9937E-05 9.9937E-05
9.9937E-05 9.9937E-05 9.9937E-05 9.9937E-05 9.9937E-05 9.9937E-05 0.00656595 0.956339 9.9937E-05 0.0363952
9.9937E-05 9.9937E-05 9.9937E-05 0.00907621 9.9937E-05 9.9937E-05 0.0116954 0.978529 9.9937E-05 9.9937E-05
9.9928E-05 9.9928E-05 9.9928E-05 9.9928E-05 9.9928E-05 9.9928E-05 0.0351869 0.964014 9.9928E-05 9.9928E-05
9.9955E-05 9.9955E-05 9.9955E-05 0.0439129 0.143881 0.0620291 0.0578482 0.691829 9.9955E-05 9.9955E-05
9.9964E-05 9.9964E-05 9.9964E-05 0.115703 0.142506 9.9964E-05 0.000357644 0.683582 0.0284238 0.0290278
0.0388922 9.9928E-05 9.9928E-05 9.9928E-05 9.9928E-05 9.9928E-05 9.9928E-05 0.960308 9.9928E-05 9.9928E-05
0.0323075 9.9991E-05 0.0631655 0.109331 0.159072 0.113523 0.0146126 0.426615 0.0392735 0.0420001
0.00354249 9.9982E-05 0.0390318 0.134417 0.232133 9.9982E-05 0.0140558 0.505555 0.0304044 0.0406609
9.9964E-05 9.9964E-05 0.0295316 0.0996805 0.128527 9.9964E-05 0.00707276 0.690082 9.9964E-05 0.0447056
9.9973E-05 9.9973E-05 0.00042576 0.0820154 0.0343463 0.0759402 0.0134358 0.789521 0.00401609 9.9973E-05
9.9928E-05 9.9928E-05 9.9928E-05 0.214897 9.9928E-05 9.9928E-05 9.9928E-05 0.784303 9.9928E-05 9.9928E-05
9.9955E-05 9.9955E-05 9.9955E-05 0.174913 0.028374 9.9955E-05 9.9955E-05 0.734248 0.0235838 0.0383815
9.9937E-05 9.9937E-05 9.9937E-05 0.0560496 9.9937E-05 9.9937E-05 0.0164571 0.926794 9.9937E-05 9.9937E-05
9.9964E-05 9.9964E-05 0.0494104 0.0198802 0.234406 9.9964E-05 0.00962088 0.55631 0.129973 9.9964E-05
0.00069283 0.01043 0.00906333 9.9973E-05 0.0503473 0.0151951 9.9973E-05 0.854487 0.0594848 9.9973E-05
9.9964E-05 0.586822 0.0486034 0.00461629 9.9964E-05 0.0580693 9.9964E-05 0.0211122 0.280377 9.9964E-05
0.010893 0.261133 9.9973E-05 0.0772342 0.44088 9.9973E-05 0.0890509 9.9973E-05 0.0202534 0.100256
0.0710402 0.169832 9.9973E-05 9.9973E-05 0.405235 9.9973E-05 0.00402978 0.0609213 0.189662 0.0989804
0.0278388 0.449937 9.9982E-05 0.0404726 0.148939 9.9982E-05 0.0435859 0.117217 0.0839007 0.08791
0.0714345 0.278113 9.9973E-05 0.0684225 0.342483 0.0470408 9.9973E-05 0.13284 0.0593661 9.9973E-05
9.9982E-05 0.377778 0.0222388 0.0882881 0.215774 0.0361826 0.0387101 0.0240047 0.196824 9.9982E-05
0.0215872 0.140025 0.0358762 0.0985253 0.445156 0.0674981 0.00839165 0.0629459 0.119895 9.9991E-05
9.9973E-05 0.415678 9.9973E-05 0.0971869 0.283155 9.9973E-05 0.0100164 0.104043 0.0306607 0.0589604
9.9982E-05 0.194048 9.9982E-05 0.0661934 0.455957 0.0561515 0.0586657 0.0768717 0.0597605 0.0321517
0.0131807 0.315822 9.9973E-05 0.0807127 0.39562 9.9973E-05 0.00712784 0.105724 0.0815123 9.9973E-05
0.00946414 0.133453 0.0860988 0.119581 0.361018 0.0872611 0.0195365 0.0797801 0.103708 9.9991E-05
9.9964E-05 0.0285634 0.00101105 0.0143377 0.0563033 9.9964E-05 9.9964E-05 9.9964E-05 0.802866 0.0965186
9.9955E-05 9.9955E-05 0.0295352 0.0784122 9.9955E-05 9.9955E-05 0.0834827 0.0272072 0.780863 9.9955E-05
9.9964E-05 0.0123634 9.9964E-05 9.9964E-05 0.00496655 0.0255945 0.043197 9.9964E-05 0.906696 0.00678295
9.9955E-05 9.9955E-05 9.9955E-05 9.9955E-05 0.0518269 9.9955E-05 0.0392049 0.00564709 0.895604 0.00721731
9.99461E-05 9.99461E-05 9.99461E-05 9.99461E-05 9.99461E-05 0.105401 0.109127 0.0208291 0.764043 9.99461E-05
9.9955E-05 9.9955E-05 0.0396698 0.0324991 9.9955E-05 9.9955E-05 0.0689149 0.0519888 0.806428 9.9955E-05
0.0201552 9.9964E-05 9.9964E-05 0.103397 9.9964E-05 9.9964E-05 0.0880055 0.0151811 0.768613 0.00424836
9.9955E-05 0.080581 0.0468812 0.0524917 9.9955E-05 9.9955E-05 0.0418912 9.9955E-05 0.777655 9.9955E-05
0.0484567 9.9946E-05 9.9946E-05 0.068383 9.9946E-05 9.9946E-05 0.00271079 9.9946E-05 0.87985 9.9946E-05
9.9937E-05 0.0477472 9.9937E-05 0.197525 9.9937E-05 9.9937E-05 9.9937E-05 9.9937E-05 0.754028 9.9937E-05
0.0820321 0.00126035 0.0489041 9.9964E-05 9.9964E-05 0.242462 0.0516794 9.9964E-05 0.573262 9.9964E-05
0.0490192 9.9964E-05 9.9964E-05 0.0586059 9.9964E-05 0.153504 0.0192891 9.9964E-05 0.521302 0.19788
9.9964E-05 0.0747211 0.0757291 9.9964E-05 9.9964E-05 0.234793 0.0529702 9.9964E-05 0.499314 0.0620724
0.0539302 0.0685441 0.0225458 9.9964E-05 9.9964E-05 0.291815 9.9964E-05 9.9964E-05 0.492588 0.0701772
0.175137 9.9955E-05 9.9955E-05 9.9955E-05 0.568099 0.164668 0.0306376 9.9955E-05 0.0609588 9.9955E-05
0.329104 9.9964E-05 0.11565 0.0561502 0.425574 9.9964E-05 9.9964E-05 0.00992143 9.9964E-05 0.0631998
0.128959 9.9973E-05 0.0567962 9.9973E-05 0.49059 0.119031 9.9973E-05 0.0788999 0.0662597 0.0591645
0.192342 0.0167931 9.99561E-05 9.99561E-05 0.329126 0.427675 0.0335633 9.99561E-05 9.99561E-05 9.99561E-05
0.0435429 0.00363938 0.0322828 9.9973E-05 0.139077 0.588689 9.9973E-05 0.00623201 9.9973E-05 0.186237
0.204802 0.0567548 9.9973E-05 0.0498499 0.568597 9.9973E-05 0.00274744 9.9973E-05 0.0391897 0.0777591
0.249459 9.9973E-05 0.0015794 9.9973E-05 0.567899 0.0628243 9.9973E-05 0.053571 0.00284972 0.0615183
0.228974 0.0412665 0.056809 0.0249931 0.453536 0.149346 0.00838615 9.9982E-05 9.9982E-05 0.0364898
0.581844 9.9955E-05 0.040613 9.9955E-05 0.306059 9.9955E-05 9.9955E-05 0.0429598 9.9955E-05 0.0280245
0.15917 9.9973E-05 0.0705773 0.011905 0.522008 9.9973E-05 9.9973E-05 0.0627385 0.0546478 0.118654
0.362308 9.9964E-05 0.109197 9.9964E-05 0.418351 0.049452 0.0265166 9.9964E-05 9.9964E-05 0.0337755
0.589486 0.0598794 0.317426 9.9955E-05 9.9955E-05 9.9955E-05 0.00750067 9.9955E-05 9.9955E-05 0.0252084
0.083421 0.14216 0.0271281 9.9991E-05 0.539545 0.0741808 0.00359537 0.0233465 0.0560718 0.0504506
0.563416 0.10645 0.0695293 9.9964E-05 0.208919 9.9964E-05 9.9964E-05 0.0260461 0.025239 9.9964E-05
0.393485 9.9964E-05 0.0179064 9.9964E-05 0.487482 0.0874318 0.0031881 0.0101066 9.9964E-05 9.9964E-05
0.627114 9.9964E-05 9.9964E-05 0.0134712 0.0856252 0.193091 9.9964E-05 9.9964E-05 0.0606484 0.0196503
0.0335268 0.0801931 9.9955E-05 9.9955E-05 0.0278412 9.9955E-05 9.9955E-05 9.9955E-05 0.0443475 0.813592
9.9946E-05 0.0746303 0.0131084 0.0694358 9.9946E-05 9.9946E-05 9.9946E-05 9.9946E-05 9.9946E-05 0.842226
9.9928E-05 9.9928E-05 0.0280974 9.9928E-05 9.9928E-05 9.9928E-05 9.9928E-05 9.9928E-05 9.9928E-05 0.971103
9.9937E-05 9.9937E-05 0.04417 9.9937E-05 9.9937E-05 9.9937E-05 9.9937E-05 9.9937E-05 0.0625481 0.892582
9.9946E-05 0.106257 9.9946E-05 9.9946E-05 0.0331817 9.9946E-05 9.9946E-05 0.00639707 9.9946E-05 0.853565
9.9946E-05 9.9946E-05 9.9946E-05 0.0324731 0.0905561 9.9946E-05 9.9946E-05 0.00822359 9.9946E-05 0.868148
0.0225424 9.9973E-05 9.9973E-05 0.0335594 0.0076408 9.9973E-05 0.0393757 0.078439 0.795029 0.0231136
9.9955E-05 9.9955E-05 9.9955E-05 9.9955E-05 0.0424703 0.089039 9.9955E-05 0.0670998 0.786334 0.0145566
9.9946E-05 9.9946E-05 9.9946E-05 9.9946E-05 0.164726 9.9946E-05 0.054215 0.0615612 0.718898 9.9946E-05
9.9964E-05 9.9964E-05 9.9964E-05 0.0448042 0.00092357 0.128479 0.0240021 0.086661 0.71473 9.9964E-05
9.9955E-05 9.9955E-05 9.9955E-05 9.9955E-05 0.0826719 0.0387653 0.0182647 0.0712643 0.788534 9.9955E-05
0.0599854 0.0378125 9.9955E-05 9.9955E-05 9.9955E-05 0.124043 9.9955E-05 9.9955E-05 0.345427 0.432232
0.0520611 0.0378247 0.0887407 9.9973E-05 9.9973E-05 0.053863 0.0295804 9.9973E-05 0.406019 0.331612
0.0902265 9.9973E-05 0.0983403 0.015948 9.9973E-05 0.0612999 0.0162799 9.9973E-05 0.400133 0.317472
9.99201E-05 9.99201E-05 9.99201E-05 9.99201E-05 9.99201E-05 9.99201E-05 0.999101 9.99201E-05 9.99201E-05 9.99201E-05
0.0686672 0.070345 0.0487796 9.9982E-05 9.9982E-05 0.0196075 0.0632655 0.0119261 0.278589 0.43862
9.9973E-05 0.122032 0.0466603 0.287788 0.22528 9.9973E-05 9.9973E-05 0.144476 0.167576 0.00588763
0.0157096 0.029457 0.0931377 0.236166 0.509899 0.000452567 9.9982E-05 0.0511191 0.0638582 9.9982E-05
9.9964E-05 9.9964E-05 9.9964E-05 0.074644 0.54259 0.00264216 0.0615727 0.176707 0.141444 9.9964E-05
0.0497704 0.0598766 0.0299694 0.236751 0.325555 9.9991E-05 0.00268522 0.0850487 0.168063 0.0421806
0.0409887 0.0280345 0.0167898 0.127924 0.514743 9.9991E-05 0.0575574 0.0493172 0.136705 0.0278402
9.9946E-05 0.289782 9.9946E-05 0.245809 9.9946E-05 9.9946E-05 9.9946E-05 0.133856 0.329953 9.9946E-05
0.0347733 9.9973E-05 0.0846292 0.017871 0.341036 0.382931 9.9973E-05 9.9973E-05 0.00991415 0.128546
9.9955E-05 0.191906 0.168673 9.9955E-05 0.333755 0.271082 9.9955E-05 9.9955E-05 9.9955E-05 0.034084
9.9973E-05 9.9973E-05 0.0232946 0.0489066 0.160059 0.567303 0.0354812 9.9973E-05 0.0724292 0.0922265
0.0671801 0.0262696 0.26387 9.9964E-05 0.473127 0.152517 9.9964E-05 9.9964E-05 9.9964E-05 0.0166375
0.117564 0.312987 0.315015 9.9946E-05 9.9946E-05 0.253834 9.9946E-05 9.9946E-05 9.9946E-05 9.9946E-05
9.9973E-05 0.0421183 0.119246 9.9973E-05 0.50929 0.148245 9.9973E-05 0.0378746 0.129063 0.0138624
9.9955E-05 0.0541485 0.168322 9.9955E-05 0.507765 0.249105 9.9955E-05 9.9955E-05 9.9955E-05 0.0201588
0.0858962 9.9973E-05 0.0290329 9.9973E-05 0.26595 0.545528 0.0274427 9.9973E-05 0.0108166 0.0350331
0.026347 0.0380762 0.117588 9.9982E-05 0.497332 0.171211 0.00394705 9.9982E-05 0.105439 0.0398607
0.0960527 0.216201 0.0880292 0.018712 0.0226051 0.558 9.9964E-05 9.9964E-05 9.9964E-05 9.9964E-05
9.9964E-05 0.144325 0.166928 9.9964E-05 0.461343 0.0716675 0.0233091 9.9964E-05 9.9964E-05 0.132028
0.0826519 0.0105228 0.0561728 9.9973E-05 0.482237 0.25834 0.0761263 9.9973E-05 9.9973E-05 0.0336485
0.115996 9.9955E-05 9.9955E-05 0.384275 0.244043 0.19557 9.9955E-05 9.9955E-05 0.0596166 9.9955E-05
0.00711619 0.0640012 0.18938 9.9964E-05 0.294098 0.418362 9.9964E-05 0.0266427 9.9964E-05 9.9964E-05
0.0578981 0.0967337 0.102309 0.0274406 0.412738 0.218126 9.9982E-05 0.017696 9.9982E-05 0.0668586
0.0360937 0.00732145 0.168464 9.9982E-05 0.372475 0.243648 9.9982E-05 0.111006 0.0118226 0.0489689
0.196489 9.9964E-05 0.0592099 9.9964E-05 0.531493 0.082716 9.9964E-05 0.00428836 9.9964E-05 0.125403
0.0666537 0.0206938 0.0318528 0.0693321 0.686538 0.102256 0.00552639 9.9982E-05 0.0169471 9.9982E-05
0.0392129 0.0684376 9.9991E-05 0.101491 0.470349 0.199787 0.0015972 0.0329844 0.070128 0.0159133
0.0260822 0.0735188 0.0890408 0.109619 0.392726 0.227851 9.9982E-05 0.0269251 0.0540363 9.9982E-05
9.9946E-05 9.9946E-05 9.9946E-05 0.00190473 0.165256 9.9946E-05 9.9946E-05 0.065868 0.766371 9.9946E-05
0.0211676 9.9982E-05 0.0261279 0.0350731 0.111319 9.9982E-05 0.00518411 0.00296428 0.793576 0.00438715
0.0308581 0.0102834 0.0524767 0.000627035 0.0838181 9.9973E-05 9.9973E-05 9.9973E-05 0.774828 0.0468085
0.0101307 9.9964E-05 0.0740471 0.108733 9.9964E-05 9.9964E-05 0.0204703 9.9964E-05 0.721777 0.0644414
9.9955E-05 9.9955E-05 0.013968 0.027365 0.125265 9.9955E-05 0.0330689 9.9955E-05 0.799833 9.9955E-05
0.00386513 0.0110368 9.9973E-05 0.0712343 0.088541 0.762188 9.9973E-05 9.9973E-05 0.0204623 0.0423726
0.0885811 0.0627615 0.0567161 0.0554747 0.421165 0.213047 9.9982E-05 0.0566737 0.045381 9.9982E-05
0.0641379 0.0665674 0.0281486 0.161358 0.376592 0.0504391 0.0222619 0.0378783 0.187828 0.00478778
9.9973E-05 0.0276923 0.131951 0.0562954 0.590564 0.143311 0.0128295 0.0370576 9.9973E-05 9.9973E-05
0.0673905 9.9982E-05 0.0404091 0.0141294 0.549297 0.0589884 0.0170351 9.9982E-05 0.0691639 0.183386
9.9964E-05 0.150272 0.138855 9.9964E-05 0.265035 0.323668 0.0796124 9.9964E-05 9.9964E-05 0.042158
9.9955E-05 0.0938321 9.9955E-05 9.9955E-05 9.9955E-05 0.671223 0.0733372 9.9955E-05 0.073819 0.087289
0.0360274 9.9973E-05 0.0760222 9.9973E-05 0.483577 0.230684 0.0146687 9.9973E-05 0.0193225 0.139398
0.0117084 9.9982E-05 0.127446 0.104823 0.00712753 0.511986 0.0160953 9.9982E-05 0.0593462 0.161268
9.9982E-05 0.132005 0.075547 0.0293758 0.37152 0.0724247 9.9982E-05 0.0600376 0.0172101 0.24168
9.9973E-05 9.9973E-05 0.057638 0.0453608 0.0208456 0.720951 0.0142792 9.9973E-05 0.108745 0.0318805
9.9982E-05 9.9982E-05 0.0527011 0.0334694 0.449727 0.188865 0.0237747 0.115984 0.0357108 0.0995678
9.9973E-05 0.0657778 9.9973E-05 9.9973E-05 0.129152 0.623423 0.0453798 0.0159244 0.0433843 0.0766583
0.0298428 0.0852277 0.0451927 0.0685511 0.327596 0.365829 0.0203869 9.9991E-05 0.0402411 0.0170321
9.9973E-05 0.104844 0.167271 0.143729 0.419932 0.0354131 0.0412413 9.9973E-05 9.9973E-05 0.0872702
9.9955E-05 0.420607 0.163429 9.9955E-05 0.319952 0.0255721 9.9955E-05 9.9955E-05 9.9955E-05 0.0699405
9.9955E-05 0.223554 9.9955E-05 9.9955E-05 0.619046 0.0247027 9.9955E-05 9.9955E-05 0.0769593 0.0552382
9.9973E-05 0.188081 0.152168 9.9973E-05 0.486938 0.0899896 0.0182622 0.0297203 0.0345406 9.9973E-05
0.0769331 0.344475 0.118013 9.9964E-05 0.389203 0.00619705 9.9964E-05 9.9964E-05 9.9964E-05 0.0647781
9.9973E-05 0.106228 0.106284 9.9973E-05 0.45448 0.0931659 9.9973E-05 0.0884959 0.0652264 0.0858195
0.201958 0.113858 0.0785424 9.9964E-05 0.513054 9.9964E-05 0.0269174 9.9964E-05 9.9964E-05 0.06527
0.114318 0.518749 0.0825354 9.9955E-05 0.162677 9.9955E-05 9.9955E-05 9.9955E-05 9.9955E-05 0.121221
0.0138121 0.523631 0.11431 9.9955E-05 0.328863 9.9955E-05 9.9955E-05 9.9955E-05 9.9955E-05 0.0188845
9.9964E-05 0.247671 0.094516 9.9964E-05 0.565092 0.0217609 0.00802035 9.9964E-05 9.9964E-05 0.0625397
0.0864612 0.419246 0.163448 9.99639E-05 0.18488 0.0355913 9.99639E-05 9.99639E-05 9.99639E-05 0.109973
0.112641 0.274686 9.9955E-05 9.9955E-05 0.464116 0.117369 9.9955E-05 9.9955E-05 9.9955E-05 0.0306886
0.0203713 9.9955E-05 0.0708039 0.126774 9.9955E-05 0.709253 9.9955E-05 9.9955E-05 9.9955E-05 0.0722974
0.0389158 0.0189435 0.297434 9.9973E-05 0.200562 0.36484 9.9973E-05 0.00046607 9.9973E-05 0.0785381
0.0307668 9.9973E-05 9.9973E-05 0.127417 0.223159 0.450631 0.0181003 0.0335957 9.9973E-05 0.11603
9.9973E-05 9.9973E-05 9.9973E-05 0.123576 0.468721 0.314522 0.0234405 0.0150606 0.0124874 0.0418933
0.116922 9.9946E-05 9.9946E-05 9.9946E-05 0.203845 0.570079 9.9946E-05 9.9946E-05 9.9946E-05 0.108554
0.0431912 0.0444206 0.109109 0.0904878 0.368079 0.214277 0.0267133 0.0433723 0.00113951 0.0592102
0.0459474 0.0522729 0.0085373 9.9991E-05 0.506636 0.150504 0.0480734 0.122971 0.0253863 0.0395718
0.0191176 9.9991E-05 0.087494 0.053934 0.425472 0.321154 0.00712165 0.0422974 0.00134107 0.0419683
9.9973E-05 9.9973E-05 0.005636 0.10279 0.42489 0.196669 0.026465 0.0629487 9.9973E-05 0.180302
0.0760144 9.9991E-05 0.0101094 0.133327 0.369763 0.219568 0.00294816 0.00248951 0.0122131 0.173468
0.149796 9.9955E-05 9.9955E-05 9.9955E-05 0.095964 0.579522 9.9955E-05 0.101824 9.9955E-05 0.0723947
0.0857211 9.9973E-05 0.0311336 0.131863 0.233036 0.278327 9.9973E-05 0.0325515 9.9973E-05 0.207068
0.0775186 9.9955E-05 0.0427978 9.9955E-05 0.48918 0.297859 9.9955E-05 0.0921445 9.9955E-05 9.9955E-05
0.0481467 0.0396597 9.9982E-05 0.022759 0.611223 0.197962 0.0254834 9.9982E-05 0.0479459 0.00661997
0.010538 0.0446617 0.173248 0.000855598 0.350298 0.283538 0.0151257 9.9991E-05 0.01525 0.106385
9.9955E-05 9.9955E-05 0.146729 9.9955E-05 0.443824 0.186355 9.9955E-05 0.0922329 9.9955E-05 0.13036
9.9973E-05 0.0718139 9.9973E-05 9.9973E-05 0.358149 0.372085 0.0458192 0.00629963 0.0501349 0.0953975
9.9955E-05 9.9955E-05 0.0637751 0.0698671 0.561985 0.249819 9.9955E-05 9.9955E-05 9.9955E-05 0.0540536
9.9964E-05 0.00392755 0.045616 9.9964E-05 0.439489 0.31553 9.9964E-05 0.0935061 9.9964E-05 0.101531
9.9973E-05 0.152967 0.0582219 9.9973E-05 0.444887 0.189879 0.0236819 0.0778439 0.0522195 9.9973E-05
0.0386113 0.0460049 9.9982E-05 0.132621 0.437829 0.0300868 0.0268327 0.0232559 0.264557 9.9982E-05
0.0609861 9.9982E-05 0.10427 0.217023 0.36115 0.0268712 0.0509106 0.139869 0.0387198 9.9982E-05
9.9982E-05 0.0290291 0.151414 0.241062 0.36647 0.0240827 0.0252083 9.9982E-05 0.136596 0.0259377
0.0750373 9.9973E-05 0.10703 0.202875 0.448344 0.0502516 0.0365233 9.9973E-05 9.9973E-05 0.0796393
0.041346 9.9982E-05 0.00727169 0.256267 0.343121 0.110428 0.0497581 0.095564 0.0960448 9.9982E-05
9.9955E-05 0.0983753 0.174604 9.9955E-05 0.46451 0.217685 9.9955E-05 0.0443262 9.9955E-05 9.9955E-05
0.14315 9.9991E-05 0.0195471 0.306153 0.277237 0.100073 0.0319752 0.0470179 0.0689749 0.0057722
0.117604 0.362788 9.9964E-05 0.224269 9.9964E-05 0.125865 0.00853104 9.9964E-05 0.160544 9.9964E-05
0.0173028 0.0425657 0.00459275 0.0906559 0.40864 0.177659 0.036386 0.147849 0.0693334 0.00501534
9.9982E-05 9.9982E-05 0.0738952 0.156314 0.547147 0.0666278 0.0260519 0.0623195 0.0513297 0.0161152
0.0762218 0.134245 0.0290896 0.0795157 0.424284 0.0537474 9.9982E-05 0.160257 0.0424395 9.9982E-05
0.109669 0.168948 0.0188189 0.154453 0.11577 0.175497 0.0854558 0.101319 0.0699689 9.9991E-05
0.105425 0.00233114 9.9982E-05 0.258389 0.430768 0.00116385 0.0407261 0.0128865 0.148111 9.9982E-05
9.9973E-05 0.109115 9.9973E-05 0.197969 0.482221 9.9973E-05 0.0537486 0.0150286 0.0815866 0.0600318
9.9955E-05 0.377254 9.9955E-05 0.164148 9.9955E-05 9.9955E-05 0.046191 0.0668538 0.345054 9.9955E-05
9.9964E-05 0.0683557 9.9964E-05 9.9964E-05 0.479452 0.0808623 0.0229133 0.204196 0.14382 9.9964E-05
9.9973E-05 0.0512277 0.0174741 0.161675 0.552041 9.9973E-05 0.0194207 0.0685336 0.129328 9.9973E-05
0.013643 0.106488 0.0621386 0.0202568 0.546815 0.04921 0.0475804 0.148028 0.00574084 9.9991E-05
9.9973E-05 9.9973E-05 0.00617257 0.103753 0.509682 0.0132065 9.9973E-05 0.15666 0.179826 0.0303992
9.9964E-05 0.0276278 0.131675 9.9964E-05 0.511818 9.9964E-05 9.9964E-05 0.112335 0.153745 0.0623986
0.0631905 9.9973E-05 0.388506 9.9973E-05 0.350092 0.0471751 0.0359611 0.0535018 9.9973E-05 0.0612739
0.0820084 0.00797589 0.118506 0.101919 0.451303 0.134155 9.9982E-05 9.9982E-05 0.0607203 0.0432122
0.130756 9.9946E-05 0.824229 9.9946E-05 9.9946E-05 0.0391223 9.9946E-05 9.9946E-05 9.9946E-05 0.00529316
0.0144958 0.0191844 0.92878 9.9946E-05 9.9946E-05 9.9946E-05 9.9946E-05 9.9946E-05 0.0369396 9.9946E-05
0.0515928 9.9964E-05 0.314663 0.230484 0.362448 0.0363626 9.9964E-05 0.00405018 9.9964E-05 9.9964E-05
9.9982E-05 0.0689562 0.179429 0.287628 0.265676 0.0275351 9.9982E-05 0.148263 0.016735 0.0055777
9.9955E-05 0.0761199 0.190799 0.483146 0.134975 9.9955E-05 9.9955E-05 0.114461 9.9955E-05 9.9955E-05
9.9964E-05 0.239352 0.167916 0.390001 0.0387154 9.9964E-05 9.9964E-05 0.0389519 0.124663 9.9964E-05
9.9973E-05 0.0253085 0.200452 0.385558 0.199284 9.9973E-05 0.0161271 0.0850801 0.087891 9.9973E-05
9.9964E-05 0.140426 0.667447 0.0620106 0.00666425 9.9964E-05 9.9964E-05 0.0553993 0.0676533 9.9964E-05
9.9937E-05 9.9937E-05 0.690775 0.279369 9.9937E-05 9.9937E-05 0.0291564 9.9937E-05 9.9937E-05 9.9937E-05
0.0284148 9.9964E-05 0.363129 0.0580298 0.465608 9.9964E-05 0.00679777 0.077621 9.9964E-05 9.9964E-05
9.9955E-05 9.9955E-05 0.433768 0.0517525 0.427494 9.9955E-05 9.9955E-05 0.0460534 0.0404331 9.9955E-05
9.9946E-05 9.9946E-05 0.719179 0.201351 0.0326246 9.9946E-05 0.0462453 9.9946E-05 9.9946E-05 9.9946E-05
0.00152327 9.9973E-05 0.292647 0.205969 0.405677 0.055643 9.9973E-05 0.0313147 0.00692702 9.9973E-05
9.99795E-05 9.99795E-05 0.358266 0.0729878 0.433388 0.0540573 0.0122479 0.0489246 9.99795E-05 0.0198291
0.0202418 0.0815802 0.193323 0.041669 0.407628 9.9991E-05 0.0042749 0.131031 0.0636921 0.0564595
0.0509259 0.0226149 0.531214 9.9964E-05 0.257822 0.0993135 9.9964E-05 9.9964E-05 0.0377105 9.9964E-05
0.0189351 9.9964E-05 0.515485 9.9964E-05 0.29837 0.116786 0.0131511 0.0368735 9.9964E-05 9.9964E-05
0.0387303 9.99746E-05 0.339687 0.0697858 0.44353 9.99746E-05 0.00150226 0.00970747 9.99746E-05 0.0967572
0.0403912 9.9982E-05 0.389433 0.0768191 0.294954 0.0689369 0.0235416 0.0430796 9.9982E-05 0.0626448
0.00568559 0.00111019 0.288278 0.120713 0.344558 0.118405 0.0387604 0.0590049 9.9991E-05 0.0233851
9.9955E-05 0.000860781 0.422642 9.9955E-05 0.443093 0.126383 0.00652017 9.9955E-05 9.9955E-05 9.9955E-05
9.9946E-05 0.0196686 0.73434 9.9946E-05 0.187294 9.9946E-05 9.9946E-05 9.9946E-05 9.9946E-05 0.0580973
0.125327 9.9955E-05 0.35476 0.0135939 0.470073 9.9955E-05 9.9955E-05 9.9955E-05 0.035746 9.9955E-05
9.99515E-05 9.99515E-05 0.737217 9.99515E-05 0.189793 0.0472226 9.99515E-05 9.99515E-05 0.025168 9.99515E-05
9.9955E-05 9.9955E-05 0.624489 0.0129138 0.309741 9.9955E-05 0.0265947 0.0257609 9.9955E-05 9.9955E-05
9.9982E-05 0.0419599 0.267702 0.0172652 0.511923 0.0374128 0.0758631 0.0427225 9.9982E-05 0.00495136
0.00437963 9.9955E-05 0.364685 9.9955E-05 0.510402 9.9955E-05 0.0296689 9.9955E-05 9.9955E-05 0.090364
0.0964705 0.0209473 0.155687 0.0867923 0.334217 9.9973E-05 9.9973E-05 0.154993 0.150593 9.9973E-05
0.0498205 0.047682 0.0877039 0.132427 0.364366 0.151527 0.000735946 0.0753372 0.0718446 0.0185551
9.9982E-05 0.166558 9.9982E-05 0.193089 0.288244 0.0436623 0.0175303 0.13291 0.0837517 0.074056
0.0152982 0.0890957 0.0872746 0.0556045 0.314164 9.9991E-05 0.0632272 0.124016 0.0780546 0.173165
0.0736129 0.00540016 0.0588751 0.0698554 0.452127 0.0530117 9.9991E-05 0.103329 0.165478 0.0182112
9.9982E-05 0.0328341 0.162419 0.200376 0.353193 9.9982E-05 0.0703816 0.0400266 0.132431 0.00813891
9.9973E-05 0.130833 0.552047 0.0890014 9.9973E-05 9.9973E-05 0.00459647 0.0634546 0.139932 0.0198354
9.9973E-05 0.0161085 0.0388773 9.9973E-05 0.633924 9.9973E-05 0.0309734 0.146367 0.100189 0.0332612
9.9964E-05 0.173147 0.357297 0.0116037 9.9964E-05 9.9964E-05 0.0194529 0.107073 0.331027 9.9964E-05
9.9955E-05 9.9955E-05 0.205456 0.208247 0.452087 0.0272893 9.9955E-05 0.106421 9.9955E-05 9.9955E-05
0.162561 9.9937E-05 0.78223 9.9937E-05 0.0545092 9.9937E-05 9.9937E-05 9.9937E-05 9.9937E-05 9.9937E-05
0.0807901 9.9937E-05 0.903559 9.9937E-05 9.9937E-05 9.9937E-05 0.0149515 9.9937E-05 9.9937E-05 9.9937E-05
