9.9964E-05 0.00266392 9.9964E-05 9.9964E-05 9.9964E-05 0.0119968 0.0597702 0.0299892 0.162571 0.732609
9.9964E-05 9.9964E-05 0.046163 0.00907226 9.9964E-05 9.9964E-05 0.0286228 0.0189902 0.208744 0.688008
9.9964E-05 0.0565436 9.9964E-05 9.9964E-05 0.0847125 9.9964E-05 0.0754776 0.0455877 0.137793 0.599486
9.9964E-05 0.126272 9.9964E-05 9.9964E-05 0.027549 9.9964E-05 0.0649154 0.0607034 0.0120479 0.708112
9.9955E-05 0.0556036 9.9955E-05 9.9955E-05 0.0112586 9.9955E-05 9.9955E-05 0.0263208 0.242362 0.663955
0.129099 0.0618593 0.0932343 0.049928 0.012386 9.9991E-05 0.025037 0.0751598 0.0709647 0.482232
0.094528 9.9955E-05 0.0271604 9.9955E-05 9.9955E-05 9.9955E-05 0.0465369 0.00106214 9.9955E-05 0.830213
0.101186 0.016627 9.9982E-05 0.0553173 9.9982E-05 0.00121591 0.0387801 0.0784262 0.0165526 0.691695
0.0234233 9.99729E-05 0.0190509 9.99729E-05 9.99729E-05 0.0204143 0.0310904 0.0933774 0.134942 0.677402
0.0205475 0.0481544 9.9973E-05 0.109044 0.104243 9.9973E-05 0.0378601 0.00250368 9.9973E-05 0.677347
0.0931191 9.9973E-05 9.9973E-05 9.9973E-05 0.0314022 0.0918263 0.0172159 0.0684514 0.0201846 0.677501
9.9955E-05 0.0350425 0.0881537 9.9955E-05 0.109657 0.717749 9.9955E-05 9.9955E-05 0.0488982 9.9955E-05
9.9991E-05 0.0430117 0.021273 0.0021608 0.420869 0.413511 0.043855 0.0305128 0.00717415 0.0175328
0.0302239 0.0329341 9.9973E-05 0.0197021 0.0355887 0.774872 0.0358581 9.9973E-05 9.9973E-05 0.0705207
9.9955E-05 0.137041 9.9955E-05 9.9955E-05 0.106714 0.710024 0.0234909 9.9955E-05 9.9955E-05 0.0222309
0.105984 0.194887 9.9955E-05 9.9955E-05 0.226914 0.382599 9.9955E-05 9.9955E-05 9.9955E-05 0.0891155
0.0438901 0.101501 9.9973E-05 0.0275308 0.491812 0.269795 0.0424022 9.9973E-05 9.9973E-05 0.0227692
0.0625001 0.130418 0.14528 9.9973E-05 0.279696 0.316526 9.9973E-05 0.026116 0.0391647 9.9973E-05
9.9955E-05 0.0890663 0.00823485 9.9955E-05 0.169257 0.61108 9.9955E-05 9.9955E-05 9.9955E-05 0.121862
0.0665869 9.9955E-05 9.9955E-05 9.9955E-05 9.9955E-05 0.789485 9.9955E-05 0.0814422 0.00536854 0.0566172
9.999E-05 0.0697727 0.129263 0.00743528 0.312622 0.379569 0.0394535 0.0218143 0.0333635 0.00660683
0.117261 9.9973E-05 9.9973E-05 0.101319 0.36657 0.281011 0.00412656 0.0818793 9.9973E-05 0.0475325
9.9982E-05 0.00963558 0.0674091 0.0697351 0.497227 0.248956 9.9982E-05 0.00786939 0.0870202 0.0119476
0.0290981 0.0620223 0.0379444 9.9964E-05 0.109188 0.740906 0.0204417 9.9964E-05 9.9964E-05 9.9964E-05
0.0497523 0.0253276 9.9964E-05 9.9964E-05 0.652367 0.16218 9.9964E-05 0.0443454 9.9964E-05 0.0656274
0.0668954 0.140916 9.9964E-05 9.9964E-05 0.27766 0.458048 0.0367833 9.9964E-05 0.019297 9.9964E-05
9.9955E-05 0.081785 9.9955E-05 9.9955E-05 0.00615599 0.876074 0.0227737 9.9955E-05 9.9955E-05 0.0127113
9.9946E-05 0.149335 9.9946E-05 9.9946E-05 0.0327807 0.807203 0.0100821 9.9946E-05 9.9946E-05 9.9946E-05
0.0605444 9.9964E-05 0.0465211 0.0469799 0.0450849 0.761096 9.9964E-05 9.9964E-05 9.9964E-05 0.0393739
9.99201E-05 9.99201E-05 9.99201E-05 9.99201E-05 9.99201E-05 9.99201E-05 0.999101 9.99201E-05 9.99201E-05 9.99201E-05
9.99201E-05 9.99201E-05 9.99201E-05 9.99201E-05 9.99201E-05 9.99201E-05 0.999101 9.99201E-05 9.99201E-05 9.99201E-05
0.00913702 9.9973E-05 0.0192742 9.9973E-05 0.0818218 0.0026366 0.337944 9.9973E-05 0.236805 0.312082
9.9964E-05 0.0702402 0.0988728 9.9964E-05 0.0655089 9.9964E-05 0.258132 9.9964E-05 0.0416245 0.465222
0.0536485 0.0132887 0.302674 0.0260555 0.484668 0.0666488 0.0320836 0.0207333 9.9982E-05 9.9982E-05
9.9973E-05 0.0934298 0.270287 9.9973E-05 0.403453 0.111434 0.0213158 9.9973E-05 0.0399644 0.0598162
0.00437742 0.0176421 0.459878 9.9964E-05 0.503027 9.9964E-05 0.00923323 9.9964E-05 9.9964E-05 0.00544222
9.9964E-05 9.9964E-05 0.0603052 9.9964E-05 0.0583915 0.615778 0.000972455 0.12719 9.9964E-05 0.136964
0.0580333 0.0568587 0.582469 0.0090806 0.221027 0.0294436 0.0427872 9.9973E-05 9.9973E-05 9.9973E-05
9.9946E-05 9.9946E-05 0.110597 9.9946E-05 0.579543 0.216724 9.9946E-05 9.9946E-05 0.0925358 9.9946E-05
0.0179462 0.0562116 0.255395 0.0210208 0.593198 9.9982E-05 0.0193297 0.0227518 9.9982E-05 0.0139476
0.178395 9.9973E-05 0.108217 9.9973E-05 0.542054 9.9973E-05 0.0375689 0.0935622 0.0310854 0.00881819
0.0921573 0.027986 0.106959 9.9991E-05 0.531359 0.0766356 0.0701078 0.0404585 0.0408772 0.0133593
0.0473249 9.9955E-05 0.660917 9.9955E-05 0.0173817 0.216687 9.9955E-05 9.9955E-05 9.9955E-05 0.0571896
0.213802 9.9964E-05 0.0733974 0.0301273 0.613736 9.9964E-05 9.9964E-05 0.0489813 0.0195567 9.9964E-05
0.035809 0.108994 0.132864 0.142761 0.475813 0.0589809 0.0109125 9.9982E-05 9.9982E-05 0.0336658
0.0556431 0.124804 0.0774377 9.9991E-05 0.511021 0.0286573 0.0484855 0.050192 0.0616251 0.0420348
9.9946E-05 0.00634284 0.672132 0.0379216 0.283004 9.9946E-05 9.9946E-05 9.9946E-05 9.9946E-05 9.9946E-05
9.9955E-05 9.9955E-05 0.244369 9.9955E-05 0.624754 9.9955E-05 9.9955E-05 0.0274108 0.0299915 0.0729752
9.9973E-05 0.0367268 0.278533 0.0130165 0.479041 9.9973E-05 0.0548958 0.119841 0.0176462 9.9973E-05
0.218205 9.9946E-05 0.69054 0.0300241 9.9946E-05 9.9946E-05 9.9946E-05 9.9946E-05 9.9946E-05 0.0606308
0.0692097 9.9973E-05 0.17946 0.0374067 0.128194 0.378221 0.000773542 0.206436 9.9973E-05 9.9973E-05
0.301264 9.9964E-05 0.0634312 0.163528 0.0462827 0.365038 9.9964E-05 9.9964E-05 0.0600564 9.9964E-05
9.9982E-05 0.0147297 9.9982E-05 0.00356004 0.508756 0.220739 0.048972 0.128878 0.0557797 0.0183855
0.119936 0.0175761 9.9982E-05 0.0387266 0.679597 0.0367802 0.0122807 9.9982E-05 0.0192437 0.0756603
9.9973E-05 0.133608 9.9973E-05 0.0866813 0.49731 0.190533 0.0112795 0.043632 9.9973E-05 0.0366562
0.0964691 9.9982E-05 0.281917 0.0353087 0.0955342 0.220346 0.00794952 0.180997 9.9982E-05 0.0812783
0.0578618 9.9964E-05 9.9964E-05 0.0422072 0.500639 0.287588 9.9964E-05 0.0861672 0.0251372 9.9964E-05
0.0950688 0.0866981 0.0234747 9.9982E-05 0.520332 0.202675 0.017844 0.00300258 9.9982E-05 0.0507053
0.0108541 9.9991E-05 0.119352 0.0799261 0.320016 0.273003 0.0192548 0.0272834 0.0109297 0.139281
0.112388 0.000392512 0.0461386 0.0944477 9.9991E-05 0.449675 0.0444343 0.04159 0.0775752 0.133259
0.00055581 0.020573 0.149535 0.0267647 0.532602 0.141333 9.9973E-05 9.9973E-05 9.9973E-05 0.128336
0.0294004 0.0103117 0.0360672 0.0751375 0.396212 0.352863 0.0416131 0.010499 9.9991E-05 0.0477956
0.114635 9.9964E-05 0.102591 0.0319328 9.9964E-05 0.55704 0.0616782 0.131723 9.9964E-05 9.9964E-05
0.0838705 9.9955E-05 0.0380527 9.9955E-05 0.411179 0.41642 0.0499779 9.9955E-05 9.9955E-05 9.9955E-05
0.0524518 0.0221234 9.9991E-05 0.116688 0.650515 0.0576596 0.00188954 0.0533744 0.00530231 0.0398958
0.0521055 0.00111875 0.0290523 0.0137692 0.526002 0.228626 0.0709268 0.00694044 9.9991E-05 0.0713585
0.0889913 0.0145795 0.0811638 0.118329 0.188982 0.434645 0.000798691 0.0028641 0.00145547 0.0681909
0.0474962 0.00357497 0.056884 0.0401999 0.488864 0.274113 0.0885677 9.9973E-05 9.9973E-05 9.9973E-05
0.0090674 0.0683727 9.9973E-05 0.0897808 0.560462 0.112015 0.0683225 0.0916796 9.9973E-05 9.9973E-05
0.105579 9.9973E-05 0.0269372 0.119416 0.0747778 0.565378 0.095079 0.012533 9.9973E-05 9.9973E-05
9.9946E-05 9.9946E-05 0.44767 9.9946E-05 0.52854 0.00965177 9.9946E-05 0.0135384 9.9946E-05 9.9946E-05
9.9964E-05 0.00515159 0.701902 9.9964E-05 0.121354 0.110632 0.0276001 9.9964E-05 0.032961 9.9964E-05
0.0447239 0.0421795 0.164904 9.9982E-05 0.491313 0.0812502 0.013514 0.123102 9.9982E-05 0.0388133
0.11806 9.9946E-05 0.813402 0.0220504 9.9946E-05 9.9946E-05 9.9946E-05 9.9946E-05 0.0458885 9.9946E-05
0.0370291 9.9955E-05 0.765824 0.116501 9.9955E-05 0.0541839 9.9955E-05 9.9955E-05 0.0259624 9.9955E-05
9.9946E-05 9.9946E-05 0.704547 0.0328551 0.224597 9.9946E-05 9.9946E-05 9.9946E-05 0.0374011 9.9946E-05
0.00174428 9.9955E-05 0.407811 9.9955E-05 0.486409 9.9955E-05 0.0456531 0.057883 9.9955E-05 9.9955E-05
9.9982E-05 0.0372855 0.14241 0.0265192 0.511515 0.0883557 0.0515496 0.0129829 0.129182 9.9982E-05
9.9964E-05 0.0623708 0.473982 9.9964E-05 0.297315 0.108327 0.0216065 9.9964E-05 0.0359985 9.9964E-05
9.9973E-05 0.0396541 0.62038 9.9973E-05 0.114205 0.118032 0.0177545 0.0651702 9.9973E-05 0.0245047
9.9973E-05 0.0191241 0.486506 9.9973E-05 0.194788 0.0407182 9.9973E-05 0.195946 0.00886387 0.0537548
9.9973E-05 0.0526257 0.181242 0.139751 0.470536 0.0636293 0.027641 9.9973E-05 9.9973E-05 0.0642748
9.9955E-05 0.0400557 0.655507 9.9955E-05 0.18921 0.0910575 9.9955E-05 9.9955E-05 0.0236698 9.9955E-05
0.0154682 0.0335341 0.470856 9.9973E-05 0.326402 0.0716903 0.0418191 9.9973E-05 0.0399307 9.9973E-05
0.016961 9.9955E-05 0.581003 0.0198188 0.325571 9.9955E-05 9.9955E-05 9.9955E-05 0.0561463 9.9955E-05
0.166056 9.9946E-05 0.662256 0.135974 9.9946E-05 9.9946E-05 9.9946E-05 9.9946E-05 9.9946E-05 0.0351149
0.0184276 0.0948412 0.249501 9.9973E-05 0.495082 0.0521149 0.046166 0.0435675 9.9973E-05 9.9973E-05
9.9973E-05 0.0229328 9.9973E-05 9.9973E-05 0.0692623 0.0286687 0.0169903 0.0160422 0.152383 0.693421
9.9946E-05 9.9946E-05 9.9946E-05 9.9946E-05 0.0351947 9.9946E-05 0.0872515 9.9946E-05 0.239119 0.637835
9.9946E-05 9.9946E-05 9.9946E-05 9.9946E-05 0.067169 9.9946E-05 0.107826 9.9946E-05 0.245085 0.57932
0.0180696 9.9946E-05 9.9946E-05 9.9946E-05 9.9946E-05 9.9946E-05 0.0927471 9.9946E-05 0.34077 0.547814
0.0248755 9.9955E-05 9.9955E-05 9.9955E-05 0.0922343 9.9955E-05 0.0855445 9.9955E-05 0.0781049 0.718741
9.9964E-05 9.9964E-05 9.9964E-05 0.00444033 0.0424795 9.9964E-05 0.0410601 0.0355028 0.204897 0.67122
9.9955E-05 0.00572668 9.9955E-05 9.9955E-05 0.0549089 9.9955E-05 0.0319411 9.9955E-05 0.191728 0.715196
9.9973E-05 0.0719592 0.161016 9.9973E-05 0.474205 0.116311 0.0405816 0.094356 9.9973E-05 0.0412711
0.0189396 9.9982E-05 0.248671 9.9982E-05 0.535545 0.0522039 0.0078443 0.0362851 0.0363584 0.0639524
9.9946E-05 9.9946E-05 0.756424 0.0226111 9.9946E-05 0.171591 9.9946E-05 9.9946E-05 9.9946E-05 0.0487743
0.0321783 0.0582771 0.0695308 0.0993103 0.545735 0.0280811 9.9991E-05 0.0934139 0.0577737 0.0156001
9.9964E-05 9.9964E-05 0.44406 9.9964E-05 0.351177 0.112857 0.00785657 0.042651 9.9964E-05 0.040998
0.0149995 9.9973E-05 0.295406 0.00714445 0.579822 0.00207321 9.9973E-05 0.0117002 0.0885548 9.9973E-05
9.9955E-05 9.9955E-05 0.322765 0.0313693 0.53678 9.9955E-05 9.9955E-05 9.9955E-05 0.0456277 0.0629584
9.9955E-05 0.0532795 0.406398 0.0519479 0.465554 9.9955E-05 0.0223214 9.9955E-05 9.9955E-05 9.9955E-05
9.9964E-05 9.9964E-05 0.688272 0.0154085 9.9964E-05 0.159697 9.9964E-05 0.0875199 0.00692173 0.0417812
0.0703572 0.0437195 0.142631 0.042678 0.372662 0.0599046 0.0451401 0.0574484 0.165359 9.9991E-05
0.0622483 9.9982E-05 0.134834 0.00503064 0.67751 9.9982E-05 0.0162278 0.0396516 0.0202798 0.0440183
9.9982E-05 0.0178857 0.168424 0.0474662 0.610302 0.0293934 0.00056076 0.0642898 9.9982E-05 0.0614785
0.172922 9.9964E-05 0.458964 9.9964E-05 0.323887 0.0201659 0.0112412 9.9964E-05 9.9964E-05 0.0124203
9.9955E-05 9.9955E-05 0.400466 0.0222751 0.503328 9.9955E-05 0.0161078 9.9955E-05 0.0573229 9.9955E-05
9.9964E-05 9.9964E-05 0.277912 9.9964E-05 0.421612 0.21925 0.0326898 0.0338236 9.9964E-05 0.0143133
9.9937E-05 0.0947392 0.629351 9.9937E-05 0.275211 9.9937E-05 9.9937E-05 9.9937E-05 9.9937E-05 9.9937E-05
9.9973E-05 9.9973E-05 0.432567 9.9973E-05 0.391844 0.0308825 0.0019609 0.00814546 0.0253266 0.108973
0.101833 0.0497509 0.0697082 0.0201074 0.410959 0.142764 0.0348702 9.9982E-05 0.169806 9.9982E-05
0.151452 9.9982E-05 0.031928 0.0855515 0.210132 0.453332 0.0188383 0.0335068 9.9982E-05 0.0150602
0.039259 0.0251625 9.9982E-05 9.9982E-05 0.41648 0.259048 0.027808 0.173813 0.00828358 0.0499452
9.9982E-05 0.0153218 0.0809814 0.0969105 0.482832 0.0480533 0.0466702 0.111319 0.117712 9.9982E-05
9.9991E-05 0.0781899 0.0534727 0.0719003 0.530364 0.0208734 0.0387398 0.0923703 0.0794832 0.0345067
9.9946E-05 9.9946E-05 9.9946E-05 0.0625512 0.381621 0.455774 0.099455 9.9946E-05 9.9946E-05 9.9946E-05
0.00541019 0.00808058 0.00898095 0.0181948 0.588976 0.202048 9.9982E-05 0.143141 9.9982E-05 0.0249683
9.9973E-05 9.9973E-05 0.0288219 0.00751862 0.450666 0.357439 9.9973E-05 0.0877629 0.0523423 0.0151495
0.0248422 9.9982E-05 0.162276 0.0651772 0.526733 0.105522 0.000810913 0.027751 0.0866886 9.9982E-05
9.9973E-05 0.0606436 0.098745 0.0290781 0.545525 9.9973E-05 9.9973E-05 0.105031 0.0203118 0.140366
0.0395526 9.9973E-05 0.157951 0.0140254 0.423952 0.257689 0.00525902 9.9973E-05 0.101272 9.9973E-05
9.9964E-05 9.9964E-05 0.0368683 0.0132781 0.46274 0.277857 9.9964E-05 0.166491 0.0423657 9.9964E-05
0.186578 0.0596032 0.0301209 0.0137567 0.583103 0.00919927 0.0028304 0.106019 0.00868947 9.9991E-05
9.9973E-05 9.9973E-05 9.9973E-05 0.092861 0.571155 0.130237 0.00744729 0.0285655 0.0368637 0.13257
9.9964E-05 0.0602441 0.0637285 9.9964E-05 0.516303 0.315775 0.00208624 0.041463 9.9964E-05 9.9964E-05
0.0675119 0.00399693 9.9982E-05 0.0544017 0.596059 0.0724487 0.0417251 0.0471984 0.116458 9.9982E-05
0.0846152 0.0798138 9.9973E-05 0.0993501 0.444303 0.150402 0.0126842 0.128531 9.9973E-05 9.9973E-05
0.147842 0.0138883 9.9982E-05 0.0681725 0.28062 0.269595 0.0145705 0.110146 0.0949658 9.9982E-05
0.0442534 0.0789694 9.9982E-05 0.010909 0.557737 0.226001 0.0337103 0.0461371 0.00208217 9.9982E-05
0.00538832 0.0423824 9.9982E-05 0.121486 0.605585 0.108868 0.0162602 0.0403474 9.9982E-05 0.0594823
9.9973E-05 0.0531299 0.137725 0.0878282 0.112721 0.477232 9.9973E-05 0.0662846 0.0647797 9.9973E-05
0.217627 0.00725259 9.9982E-05 0.17462 0.124816 0.315917 0.0209323 0.138003 9.9982E-05 0.000632607
0.0908036 0.0166757 9.9973E-05 9.9973E-05 0.51932 0.10816 0.011917 0.17333 0.0794939 9.9973E-05
0.145277 0.0342738 0.0816231 0.288999 0.0400515 0.255739 0.0138137 0.140023 9.9982E-05 9.9982E-05
9.9964E-05 9.9964E-05 0.0315135 0.0890276 0.175884 0.56573 9.9964E-05 0.0992393 0.0382053 9.9964E-05
9.9964E-05 9.9964E-05 0.0861644 0.0234204 0.383691 0.340627 9.9964E-05 0.13387 9.9964E-05 0.0318269
9.9973E-05 9.9973E-05 0.153276 0.034841 0.259191 0.319809 0.0164602 0.170514 0.0456089 9.9973E-05
9.9982E-05 0.0688287 0.0477047 0.0842733 0.154487 0.463786 9.9982E-05 0.120799 0.0579919 0.00192892
0.04583 0.0267323 0.0712373 0.0179672 0.566221 0.149051 0.103435 0.00975191 9.9991E-05 0.00967499
0.11011 0.0464966 9.9973E-05 9.9973E-05 0.567891 0.152545 9.9973E-05 0.0174785 0.0573092 0.0478701
0.0330299 0.0827212 0.0574523 0.0672562 0.441284 0.134792 0.0240249 0.0390173 0.120322 9.9991E-05
0.162072 0.118056 0.133234 0.0769213 9.9964E-05 0.365676 9.9964E-05 0.14364 9.9964E-05 9.9964E-05
0.0833281 9.9964E-05 0.103985 9.9964E-05 0.600374 9.9964E-05 9.9964E-05 0.0526866 0.0664801 0.0927462
0.165929 0.0556433 0.0885711 0.0345087 0.511169 0.131126 9.9973E-05 9.9973E-05 0.0127534 9.9973E-05
0.381317 9.9982E-05 0.0871748 0.248771 0.0063222 0.0818304 0.00255838 0.0506663 0.14116 9.9982E-05
0.0567933 0.0064388 0.021027 0.0889417 0.678811 0.107576 0.0312092 9.9982E-05 9.9982E-05 0.00900315
0.181833 0.0389208 0.158136 0.117328 0.327569 9.9973E-05 9.9973E-05 0.0572263 9.9973E-05 0.118687
0.143299 0.0637939 0.0597263 0.137004 0.491067 9.9973E-05 9.9973E-05 9.9973E-05 0.0293404 0.0754692
0.347541 9.9982E-05 0.144646 0.0204717 0.226347 0.0672104 0.0606437 0.124338 9.9982E-05 0.00860286
0.375408 9.9982E-05 0.0409684 0.148147 0.162594 0.0914157 0.0244833 0.0948018 0.0619821 9.9982E-05
0.16517 9.9973E-05 0.112672 0.179277 0.368835 0.0359443 9.9973E-05 0.0687185 9.9973E-05 0.0690833
0.129501 0.0645643 0.129726 0.0223132 0.360842 0.153726 9.9982E-05 0.127255 0.0118732 9.9982E-05
0.181419 0.0388121 0.136987 0.0141763 0.341924 0.177331 0.00388373 9.9991E-05 0.0336298 0.0717372
0.285969 0.110952 0.220678 0.0617763 9.9973E-05 0.245749 0.00249937 9.9973E-05 9.9973E-05 0.0720765
0.116482 0.0130443 0.0693658 9.9982E-05 0.517254 0.054083 9.9982E-05 0.0876514 0.0656394 0.076281
0.290542 9.9955E-05 0.100845 9.9955E-05 0.352434 0.233017 9.9955E-05 0.0226623 9.9955E-05 9.9955E-05
0.21508 9.9964E-05 0.140356 0.101248 0.444874 0.0698561 9.9964E-05 0.0281869 9.9964E-05 9.9964E-05
0.0919935 0.0983707 0.0785562 0.0288277 0.501478 0.0472218 0.00811904 0.0469941 0.0155007 0.0829382
0.256964 0.250843 0.0047587 0.0251668 0.0882749 0.0523633 0.0659495 0.00553012 0.107389 0.142761
0.345797 0.137985 9.9955E-05 9.9955E-05 9.9955E-05 9.9955E-05 0.042447 9.9955E-05 0.0665534 0.406717
0.454732 0.106528 9.9964E-05 0.00280801 9.9964E-05 9.9964E-05 0.0433476 9.9964E-05 0.00487863 0.387306
0.211093 0.324251 9.9973E-05 9.9973E-05 0.0188976 0.0179463 0.034575 9.9973E-05 0.145326 0.247611
0.183709 9.9955E-05 0.0532924 0.087371 0.673889 9.9955E-05 9.9955E-05 9.9955E-05 0.00123889 9.9955E-05
0.0184955 9.9982E-05 0.00411538 0.186534 0.568579 0.0306203 0.0803562 0.0189103 0.0921898 9.9982E-05
9.9955E-05 0.662423 0.0743536 9.9955E-05 0.252613 0.0014915 0.00861907 9.9955E-05 9.9955E-05 9.9955E-05
9.9973E-05 0.402864 0.0131453 0.0678168 0.355954 0.106816 0.0216484 9.9973E-05 0.0314556 9.9973E-05
0.0543123 0.327087 9.9964E-05 9.9964E-05 0.403472 9.9964E-05 0.0175281 0.111553 9.9964E-05 0.085648
0.32612 9.9955E-05 0.0610956 0.226646 0.322296 0.0633434 9.9955E-05 9.9955E-05 9.9955E-05 9.9955E-05
0.0233392 0.0859355 0.0690165 0.210258 0.456112 0.0482261 0.0609423 0.0226294 0.0234414 9.9991E-05
0.500259 9.9955E-05 0.0312129 0.113851 0.247851 0.106326 9.9955E-05 9.9955E-05 9.9955E-05 9.9955E-05
0.25272 9.9955E-05 0.0607366 9.9955E-05 0.604657 9.9955E-05 9.9955E-05 0.00596366 9.9955E-05 0.0754227
0.168586 9.9964E-05 0.138967 0.203049 0.414565 9.9964E-05 9.9964E-05 0.00360039 0.0708324 9.9964E-05
0.254994 9.9964E-05 0.00673107 0.070563 0.614522 9.9964E-05 9.9964E-05 0.0519076 0.000882202 9.9964E-05
0.451084 9.9964E-05 0.110289 0.11883 0.172497 0.101839 9.9964E-05 0.0450601 9.9964E-05 9.9964E-05
0.0467037 0.0427 0.0375131 0.135547 0.630985 9.9982E-05 0.034447 0.0616912 0.0102131 9.9982E-05
0.130053 0.0341532 9.9982E-05 0.0796988 0.513414 0.174499 0.0386232 0.0122046 0.017154 9.9982E-05
9.9937E-05 0.915601 9.9937E-05 0.0245403 9.9937E-05 9.9937E-05 9.9937E-05 9.9937E-05 0.0591588 9.9937E-05
0.00450895 0.88857 9.9946E-05 9.9946E-05 0.0737454 9.9946E-05 9.9946E-05 0.0325761 9.9946E-05 9.9946E-05
9.9964E-05 0.588974 0.102109 9.9964E-05 0.243719 0.0107996 0.0110674 9.9964E-05 0.0429316 9.9964E-05
9.9946E-05 0.629788 9.9946E-05 9.9946E-05 0.287854 9.9946E-05 9.9946E-05 0.0592235 0.0225341 9.9946E-05
9.9964E-05 0.794206 0.036204 0.0198567 0.128822 9.9964E-05 0.011329 9.9964E-05 9.9964E-05 0.00918285
9.99201E-05 0.999101 9.99201E-05 9.99201E-05 9.99201E-05 9.99201E-05 9.99201E-05 9.99201E-05 9.99201E-05 9.99201E-05
9.9928E-05 0.936218 9.9928E-05 9.9928E-05 9.9928E-05 9.9928E-05 9.9928E-05 0.0629828 9.9928E-05 9.9928E-05
9.9937E-05 0.787032 9.9937E-05 9.9937E-05 0.200545 9.9937E-05 9.9937E-05 9.9937E-05 0.0117237 9.9937E-05
9.9946E-05 0.971796 0.0104937 9.9946E-05 9.9946E-05 0.013835 9.9946E-05 0.00327606 9.9946E-05 9.9946E-05
9.99201E-05 0.999101 9.99201E-05 9.99201E-05 9.99201E-05 9.99201E-05 9.99201E-05 9.99201E-05 9.99201E-05 9.99201E-05
9.9928E-05 0.963999 9.9928E-05 9.9928E-05 9.9928E-05 9.9928E-05 0.0352015 9.9928E-05 9.9928E-05 9.9928E-05
9.9946E-05 0.73915 9.9946E-05 9.9946E-05 0.130147 0.0831939 0.046909 9.9946E-05 9.9946E-05 9.9946E-05
9.9955E-05 0.797113 9.9955E-05 9.9955E-05 0.0845063 0.0381801 0.000183633 9.9955E-05 9.9955E-05 0.0795172
9.9937E-05 0.959528 0.0282184 9.9937E-05 9.9937E-05 9.9937E-05 9.9937E-05 0.0115542 9.9937E-05 9.9937E-05
0.0331123 0.458667 0.133552 0.00670942 0.191336 0.0915243 9.9982E-05 0.0283635 0.056535 9.9982E-05
9.9973E-05 0.562764 0.00524098 9.9973E-05 0.287599 0.0627882 0.0181676 0.00366142 0.0594779 9.9973E-05
0.0031409 0.733074 9.9982E-05 0.00503956 0.174984 9.9982E-05 0.0027809 0.0344114 0.0417176 0.00465129
9.9964E-05 0.843134 9.9964E-05 9.9964E-05 0.0450454 0.0686342 0.013299 0.00477783 0.0247098 9.9964E-05
9.9928E-05 0.977411 9.9928E-05 9.9928E-05 0.02179 9.9928E-05 9.9928E-05 9.9928E-05 9.9928E-05 9.9928E-05
9.9955E-05 0.886739 9.9955E-05 9.9955E-05 0.0304352 9.9955E-05 0.00139024 0.0313078 0.0496277 9.9955E-05
9.9928E-05 0.982075 9.9928E-05 9.9928E-05 9.9928E-05 9.9928E-05 0.0171259 9.9928E-05 9.9928E-05 9.9928E-05
0.00739595 0.59535 9.9991E-05 0.00241847 0.203678 0.000241463 0.0312482 0.0892805 0.0497499 0.0205379
9.9955E-05 0.859142 9.9955E-05 0.0559698 9.9955E-05 0.0444725 0.0208069 9.9955E-05 9.9955E-05 0.0191089
0.508991 0.0282506 0.0314357 0.0906738 9.9964E-05 0.0261452 9.9964E-05 9.9964E-05 9.9964E-05 0.314104
0.129408 0.0792541 9.9991E-05 0.0557553 0.43326 0.0259979 0.0620136 0.128602 0.0362609 0.0493479
0.14235 0.0536149 0.1076 9.9982E-05 0.376256 9.9982E-05 0.0012023 0.0719518 0.0119105 0.234915
0.450559 0.0792466 0.0466686 0.0115708 0.166362 9.9982E-05 0.0517766 0.0278629 9.9982E-05 0.165753
0.128079 0.21487 0.171795 9.9991E-05 0.308511 0.00494533 0.0060462 0.0697145 0.019948 0.0759911
0.312416 0.106431 0.0905512 0.0653146 0.164892 0.0267099 0.01639 9.9982E-05 9.9982E-05 0.217096
0.0703101 9.9964E-05 0.100498 0.1063 0.49808 9.9964E-05 0.00222073 9.9964E-05 9.9964E-05 0.222191
0.346662 0.118602 0.100918 0.00102991 0.353722 9.9973E-05 9.9973E-05 9.9973E-05 0.000625979 0.0781401
0.246044 0.135202 9.9982E-05 0.0161961 0.385285 0.0198259 0.0958083 0.0528747 9.9982E-05 0.0485649
0.318166 0.209148 9.9973E-05 9.9973E-05 0.30485 9.9973E-05 0.0469886 0.0173002 0.0914578 0.0117898
0.162239 0.0790356 0.0245027 0.053458 0.447648 0.0264463 9.9982E-05 9.9982E-05 0.0203352 0.186135
9.9955E-05 9.9955E-05 9.9955E-05 0.0559559 0.050308 9.9955E-05 9.9955E-05 0.0840435 0.0167093 0.792484
0.0238479 0.0298229 9.9964E-05 0.0165229 0.0385705 9.9964E-05 0.055962 9.9964E-05 9.9964E-05 0.834874
0.00232484 9.9964E-05 9.9964E-05 9.9964E-05 0.00713328 9.9964E-05 0.0400668 0.0380707 0.00353788 0.908467
9.9946E-05 9.9946E-05 9.9946E-05 9.9946E-05 0.041486 9.9946E-05 0.0274468 0.0398392 9.9946E-05 0.890628
9.99461E-05 9.99461E-05 9.99461E-05 9.99461E-05 0.0332192 9.99461E-05 0.114117 0.0366101 9.99461E-05 0.815454
9.9955E-05 0.0692885 9.9955E-05 0.0290668 9.9955E-05 9.9955E-05 0.0597047 9.9955E-05 0.2263 0.615141
9.9955E-05 0.0898819 9.9955E-05 9.9955E-05 9.9955E-05 9.9955E-05 0.0558357 0.0256098 0.178899 0.649274
0.0835386 9.9955E-05 9.9955E-05 9.9955E-05 0.0350895 9.9955E-05 0.0159676 9.9955E-05 0.142317 0.722587
9.9955E-05 9.9955E-05 9.9955E-05 0.0448358 0.0387643 9.9955E-05 0.0153095 9.9955E-05 0.0858283 0.814762
9.9946E-05 0.0886905 9.9946E-05 9.9946E-05 9.9946E-05 0.05737 9.9946E-05 9.9946E-05 0.173524 0.679816
9.9964E-05 9.9964E-05 0.0441403 0.0730024 9.9964E-05 0.184014 0.0120187 0.0882935 9.9964E-05 0.598131
9.9955E-05 9.9955E-05 0.0860516 9.9955E-05 9.9955E-05 0.108286 0.0284272 0.222461 9.9955E-05 0.554275
0.0778327 9.9982E-05 0.0355961 0.0461236 9.9982E-05 0.160082 0.0356913 0.156143 0.112261 0.37607
0.00202629 9.9964E-05 0.0383446 0.0210418 9.9964E-05 0.295437 9.9964E-05 0.138949 9.9964E-05 0.503801
9.9982E-05 0.0269422 0.24373 0.0379057 0.487212 0.172558 0.00545464 0.00600151 0.0199962 9.9982E-05
9.9973E-05 0.049894 0.113395 0.119542 0.436134 0.108308 9.9973E-05 0.156839 9.9973E-05 0.0155879
9.9973E-05 0.0602325 0.120373 0.036702 0.471749 0.193909 0.0471662 0.0695685 9.9973E-05 9.9973E-05
9.9964E-05 9.9964E-05 0.144195 0.113515 0.380628 0.257497 9.9964E-05 0.0656216 9.9964E-05 0.038143
9.9955E-05 9.9955E-05 0.103754 0.0211466 0.0719054 0.600757 9.9955E-05 0.201938 9.9955E-05 9.9955E-05
9.9973E-05 0.00489455 0.162566 0.0987711 0.627503 0.0432265 9.9973E-05 9.9973E-05 0.00661725 0.0561222
9.9955E-05 9.9955E-05 0.231487 0.091204 0.561371 9.9955E-05 0.0204083 0.0950305 9.9955E-05 9.9955E-05
0.0482821 0.00525529 0.226988 0.04521 0.529222 0.02442 0.0114032 0.10902 9.9982E-05 9.9982E-05
0.0332597 0.0536059 0.529849 9.9955E-05 0.351197 9.9955E-05 9.9955E-05 9.9955E-05 0.0315889 9.9955E-05
9.9955E-05 9.9955E-05 0.156237 9.9955E-05 0.551124 9.9955E-05 0.0652888 0.147025 0.0798262 9.9955E-05
9.9964E-05 9.9964E-05 0.325924 0.0302475 0.388178 0.0869138 9.9964E-05 0.120724 0.0476127 9.9964E-05
9.9946E-05 9.9946E-05 0.723036 0.246288 9.9946E-05 9.9946E-05 0.00612105 0.0239556 9.9946E-05 9.9946E-05
0.0500358 9.9955E-05 0.0634137 0.115562 0.59409 9.9955E-05 9.9955E-05 0.176398 9.9955E-05 9.9955E-05
0.123964 0.0719085 0.4888 0.164097 0.14936 9.9964E-05 9.9964E-05 9.9964E-05 9.9964E-05 0.00147137
9.9964E-05 9.9964E-05 0.33453 0.106317 0.464933 9.9964E-05 0.00842597 0.0585248 0.0268694 9.9964E-05
9.9973E-05 9.9973E-05 0.621188 0.024209 0.0448446 0.159011 9.9973E-05 0.0825036 0.0277397 0.0402051
0.0744987 0.0347642 0.0100411 9.9955E-05 9.9955E-05 9.9955E-05 9.9955E-05 0.841582 9.9955E-05 0.0386143
0.0326751 0.00737873 9.9964E-05 9.9964E-05 0.10564 9.9964E-05 9.9964E-05 0.833522 0.0019041 0.01848
9.9937E-05 0.00346726 9.9937E-05 0.0239542 9.9937E-05 9.9937E-05 9.9937E-05 0.971879 9.9937E-05 9.9937E-05
9.9946E-05 9.9946E-05 9.9946E-05 0.0446799 9.9946E-05 9.9946E-05 9.9946E-05 0.86914 0.035674 0.049906
0.0708874 0.0190662 9.9964E-05 0.0207843 0.022074 9.9964E-05 0.0128364 0.853952 9.9964E-05 9.9964E-05
9.9946E-05 0.0733369 9.9946E-05 9.9946E-05 0.00460415 9.9946E-05 9.9946E-05 0.898527 0.022932 9.9946E-05
9.9964E-05 0.0307776 0.0358631 9.9964E-05 0.0498242 9.9964E-05 0.0287881 9.9964E-05 0.0581868 0.79616
9.9955E-05 0.064779 9.9955E-05 9.9955E-05 0.0695413 0.0331254 9.9955E-05 0.0287214 9.9955E-05 0.803333
9.9955E-05 0.0617299 9.9955E-05 9.9955E-05 0.158491 9.9955E-05 0.0631919 9.9955E-05 0.00807908 0.708008
9.9964E-05 0.125254 9.9964E-05 9.9964E-05 0.0366357 0.0338889 0.0683259 0.0428394 9.9964E-05 0.692656
9.9964E-05 0.0798172 0.0334963 9.9964E-05 0.0587997 0.00269756 9.9964E-05 0.00550982 9.9964E-05 0.819279
0.0377625 9.9973E-05 0.0327778 9.9973E-05 9.9973E-05 0.0642861 0.00901911 0.499222 0.0213944 0.335238
9.9946E-05 9.9946E-05 0.0456801 0.0788283 9.9946E-05 9.9946E-05 9.9946E-05 0.428273 9.9946E-05 0.446619
9.9955E-05 9.9955E-05 0.00252169 0.14566 9.9955E-05 9.9955E-05 0.0160627 0.423951 9.9955E-05 0.411305
9.99201E-05 9.99201E-05 9.99201E-05 9.99201E-05 9.99201E-05 9.99201E-05 0.999101 9.99201E-05 9.99201E-05 9.99201E-05
9.9973E-05 9.9973E-05 0.0384214 0.0652241 9.9973E-05 0.014561 0.0179334 0.503989 0.0432936 0.316278
0.128941 0.344048 0.000782922 0.0515439 0.242023 9.9982E-05 0.0169996 9.9982E-05 0.0839719 0.131489
0.0570414 0.21413 9.9955E-05 9.9955E-05 0.531157 0.107791 9.9955E-05 9.9955E-05 9.9955E-05 0.0893816
9.9964E-05 0.17565 9.9964E-05 9.9964E-05 0.609285 0.0299015 0.0324398 9.9964E-05 0.0479224 0.104401
0.106153 0.170193 0.0315613 9.9982E-05 0.346341 9.9982E-05 0.0187509 0.0456688 0.0861015 0.195031
0.0303452 0.19518 0.0330985 9.9991E-05 0.440469 0.0951544 0.0160212 0.00879174 0.0130462 0.167794
0.267605 0.28711 9.9946E-05 9.9946E-05 9.9946E-05 9.9946E-05 9.9946E-05 9.9946E-05 0.0979703 0.346716
0.00429923 9.9982E-05 0.077593 0.0635759 0.390604 0.363248 0.00302346 0.0769794 9.9982E-05 0.0204774
0.153766 9.9973E-05 0.0517572 0.0731693 0.367672 0.251168 9.9973E-05 0.0893916 9.9973E-05 0.0127766
9.9973E-05 9.9973E-05 0.00914752 0.0305243 0.199403 0.582847 0.0364 0.0717364 9.9973E-05 0.0696418
9.9964E-05 9.9964E-05 0.0874679 0.245839 0.43396 0.155915 9.9964E-05 0.0607412 0.0156766 9.9964E-05
0.229551 9.9955E-05 0.126751 0.44531 9.9955E-05 0.161057 9.9955E-05 0.0368317 9.9955E-05 9.9955E-05
0.0849281 9.9982E-05 0.0131427 0.00748964 0.503187 0.231184 0.0365871 9.9982E-05 0.0725841 0.0506974
0.0730873 9.9973E-05 0.023604 0.0938018 0.418591 0.255954 0.0629086 0.0717535 9.9973E-05 9.9973E-05
0.0424962 9.9982E-05 0.0191569 0.0845125 0.245355 0.484029 9.9982E-05 0.0621581 0.00236566 0.0597268
9.9982E-05 0.0697721 0.167883 9.9982E-05 0.486889 0.0695261 0.0228166 0.142816 0.0165096 0.0235873
0.252255 9.9955E-05 0.0671278 0.136557 0.0375272 0.506034 9.9955E-05 9.9955E-05 9.9955E-05 9.9955E-05
0.108904 0.0514398 0.0115947 0.143641 0.420305 0.145257 0.00046824 0.112639 0.00565083 9.9991E-05
9.9964E-05 9.9964E-05 0.0158203 0.0763803 0.445688 0.24633 0.04502 0.170362 9.9964E-05 9.9964E-05
0.0909296 0.187244 0.125101 9.9982E-05 0.304971 0.121297 0.0122412 0.0156134 9.9982E-05 0.142402
0.065712 9.9964E-05 0.0131746 0.164569 0.33886 0.326675 9.9964E-05 0.0906098 9.9964E-05 9.9964E-05
0.0638923 9.9982E-05 0.00147663 0.10756 0.417958 0.270028 0.00775698 0.102741 9.9982E-05 0.0283872
0.020312 0.0976755 0.136389 0.156096 0.40094 0.129839 9.9982E-05 0.0282921 9.9982E-05 0.030256
0.084862 9.9973E-05 0.122969 0.0586962 0.559271 0.0801121 9.9973E-05 0.0767205 9.9973E-05 0.0170691
0.00638162 0.0107244 0.0102974 0.0982371 0.584726 0.207492 9.9991E-05 0.0413286 0.0170551 0.0236585
0.0616236 0.0598432 0.0761141 0.0285251 0.472917 0.101476 9.9991E-05 0.0811887 0.109607 0.00860538
0.159494 0.0275081 0.0259977 9.9973E-05 0.526781 0.142743 9.9973E-05 0.0573147 9.9973E-05 0.0598611
9.99201E-05 9.99201E-05 9.99201E-05 9.99201E-05 9.99201E-05 9.99201E-05 9.99201E-05 9.99201E-05 0.999101 9.99201E-05
9.9937E-05 9.9937E-05 9.9937E-05 0.00699877 9.9937E-05 9.9937E-05 9.9937E-05 9.9937E-05 0.988982 0.00331986
0.0319251 0.0129833 0.0221658 0.0251832 9.9973E-05 9.9973E-05 9.9973E-05 0.0165728 0.539855 0.351015
9.9928E-05 9.9928E-05 9.9928E-05 9.9928E-05 9.9928E-05 9.9928E-05 9.9928E-05 0.0129451 0.986255 9.9928E-05
9.9946E-05 9.9946E-05 9.9946E-05 9.9946E-05 0.0185116 9.9946E-05 0.0362025 9.9946E-05 0.777219 0.167468
0.0224895 0.0616396 9.9964E-05 9.9964E-05 0.0944319 0.654183 9.9964E-05 0.157946 9.9964E-05 0.00891027
0.000148902 0.103808 0.123581 0.0561928 0.384021 0.273539 9.9982E-05 9.9982E-05 0.047358 0.0111517
0.11031 0.100518 0.0134079 9.9964E-05 0.510068 0.0487003 9.9964E-05 9.9964E-05 9.9964E-05 0.216596
0.0197519 9.9973E-05 9.9973E-05 0.0722866 0.62001 0.237186 0.00190007 0.0212631 0.0273023 9.9973E-05
9.9955E-05 9.9955E-05 9.9955E-05 0.0237161 0.484647 0.276467 9.9955E-05 0.134436 9.9955E-05 0.0802345
0.147398 0.0540644 9.9982E-05 0.14891 0.201516 0.369003 0.0407814 0.016236 0.0218914 9.9982E-05
0.0549938 9.99604E-05 0.00932005 9.99604E-05 9.99604E-05 0.571779 9.99604E-05 0.156866 0.206542 9.99604E-05
9.9973E-05 0.0278877 0.0451322 0.0345032 0.447995 0.223056 0.0256528 0.195474 9.9973E-05 9.9973E-05
9.9982E-05 0.0250142 0.0621201 0.0917917 0.102486 0.449513 9.9982E-05 0.181313 0.0284543 0.0591076
0.0552167 0.039414 0.248813 0.117674 0.403381 0.070428 9.9973E-05 9.9973E-05 9.9973E-05 0.064773
9.9991E-05 0.00865337 0.0449181 0.154952 0.0104531 0.505545 0.0110371 0.115857 0.0370503 0.111435
9.9982E-05 0.0897186 0.0401744 9.9982E-05 0.477519 0.148288 0.0230199 0.110689 0.0718655 0.0385259
9.9991E-05 0.0473762 0.00714261 0.100627 0.068432 0.563765 0.0277959 0.12692 0.0187669 0.0390751
0.0499969 0.0474479 9.9991E-05 0.157238 0.268655 0.355126 0.00157813 0.0455084 0.038028 0.0363215
0.157553 9.9973E-05 0.00457 0.166733 0.425228 0.168856 9.9973E-05 0.0171568 0.0596038 9.9973E-05
0.388167 9.9964E-05 0.0106611 0.0857558 0.269983 0.13491 9.9964E-05 0.110123 9.9964E-05 9.9964E-05
0.186239 9.9982E-05 0.0592097 0.0106115 0.568121 0.0659404 0.0224539 0.0709415 0.0162834 9.9982E-05
0.118143 9.9973E-05 0.143852 9.9973E-05 0.521206 0.0206929 0.0391164 0.0891789 9.9973E-05 0.0675109
0.380161 9.9964E-05 0.0284823 0.135309 0.36409 0.00517884 9.9964E-05 0.0863783 9.9964E-05 9.9964E-05
0.0627761 0.0431807 0.0616441 0.105571 0.438494 0.140057 0.0243925 0.00581936 0.0556592 0.0624067
0.0971522 9.9964E-05 0.0401939 0.143889 0.547164 9.9964E-05 9.9964E-05 0.135115 0.0360855 9.9964E-05
0.495822 9.9955E-05 0.150498 0.137261 0.0929286 9.9955E-05 9.9955E-05 0.12299 9.9955E-05 9.9955E-05
0.54362 9.9955E-05 0.0896493 0.00255349 0.294868 9.9955E-05 9.9955E-05 0.0688104 9.9955E-05 9.9955E-05
0.261648 9.9955E-05 9.9955E-05 0.0527042 0.504254 0.0231593 9.9955E-05 0.157734 9.9955E-05 9.9955E-05
0.426077 9.99639E-05 0.191683 0.112098 0.150671 0.0194465 9.99639E-05 0.0996247 9.99639E-05 9.99639E-05
0.421344 9.9946E-05 9.9946E-05 9.9946E-05 0.428485 0.0888221 9.9946E-05 0.0607487 9.9946E-05 9.9946E-05
0.0887983 9.9982E-05 0.056104 0.00330776 0.0415127 0.649707 0.0173408 0.142245 9.9982E-05 0.000784337
0.0289442 0.0107906 0.00441628 0.267655 0.168306 0.462753 9.9973E-05 0.0568351 9.9973E-05 9.9973E-05
9.9982E-05 0.0718819 0.105194 0.0123947 0.252193 0.420393 0.00634548 0.0925846 0.0388138 9.9982E-05
9.9982E-05 0.0622011 0.00438694 0.0465797 0.537059 0.285786 0.00309435 0.00359305 0.0570997 9.9982E-05
0.00470266 9.9964E-05 0.164891 9.9964E-05 0.130434 0.549146 9.9964E-05 0.129169 0.0212583 9.9964E-05
0.0817858 0.030509 9.9982E-05 0.186885 0.411323 0.078281 0.0462641 0.0997462 9.9982E-05 0.0650063
9.9973E-05 9.9973E-05 0.0350291 0.0102742 0.596764 0.254284 0.00799323 0.022813 0.0725419 9.9973E-05
0.00757619 0.06649 0.0276204 9.9964E-05 0.512989 0.323747 9.9964E-05 0.0611771 9.9964E-05 9.9964E-05
9.9982E-05 0.097622 0.0366626 0.0286904 0.388482 0.322853 0.0162842 0.090246 0.0189599 9.9982E-05
9.9973E-05 0.0636315 0.157353 9.9973E-05 0.410397 0.201883 0.00858081 0.108701 9.9973E-05 0.0491542
9.9964E-05 0.0603117 0.113729 0.00625963 0.129406 0.594897 9.9964E-05 0.0949961 9.9964E-05 9.9964E-05
9.9955E-05 0.0889811 9.9955E-05 0.0390814 0.273523 0.439432 9.9955E-05 0.158483 9.9955E-05 9.9955E-05
9.9973E-05 0.017081 0.00634725 0.0738758 0.592553 0.256091 9.9973E-05 0.0460389 9.9973E-05 0.00771364
0.128038 0.0428915 0.00343554 0.0352017 0.519367 0.216098 9.9973E-05 9.9973E-05 9.9973E-05 0.0546681
0.0870006 9.9973E-05 9.9973E-05 0.184684 0.372036 0.236901 0.0426664 0.0472069 0.0292053 9.9973E-05
9.99551E-05 0.101974 9.99551E-05 0.150322 0.381481 0.305193 9.99551E-05 0.0605309 9.99551E-05 9.99551E-05
0.0116438 0.0462585 9.9982E-05 0.00481989 0.229531 0.454755 0.0410948 0.160682 0.0510151 9.9982E-05
9.9973E-05 0.0194739 0.0553646 0.00710658 0.565134 0.245355 9.9973E-05 0.0555365 0.0517297 9.9973E-05
9.9973E-05 0.00687692 9.9973E-05 0.0396834 0.553036 0.180319 9.9973E-05 0.129322 0.0872448 0.00321735
0.000155377 9.9973E-05 9.9973E-05 0.188356 0.492118 0.0511617 0.0267084 0.107015 9.9973E-05 0.134185
0.0722225 0.117127 9.9973E-05 9.9973E-05 0.362218 0.0772211 0.0157699 9.9973E-05 0.0994435 0.255699
0.13951 0.20039 0.0472882 0.0135147 0.448399 0.0357229 0.0100704 9.9982E-05 9.9982E-05 0.104904
0.0769407 0.159477 9.9973E-05 0.094294 0.529352 0.0133267 0.0126053 9.9973E-05 9.9973E-05 0.113705
0.0827638 0.117565 0.00299815 0.0850878 0.560743 0.0962828 0.0450457 9.9982E-05 9.9982E-05 0.00931355
0.0016226 0.188182 0.0805045 0.0635917 0.42958 0.00405356 0.0102528 9.9991E-05 0.0324439 0.189669
0.0732418 0.0114645 0.0201573 0.173348 0.442761 0.275846 9.9973E-05 0.00288148 9.9973E-05 9.9973E-05
9.9964E-05 0.0133896 9.9964E-05 9.9964E-05 0.571207 0.180105 0.033757 9.9964E-05 0.0608112 0.140331
0.456352 0.0977321 0.0812146 9.9973E-05 0.0361042 0.0840847 9.9973E-05 9.9973E-05 0.104535 0.139678
0.094268 0.178555 9.9973E-05 9.9973E-05 0.381859 0.203598 9.9973E-05 0.0189026 0.10816 0.0143575
9.9991E-05 0.18351 0.0717682 0.112558 0.437223 0.00290371 0.064205 0.0437358 0.0212404 0.062756
0.0912508 0.229003 9.9982E-05 0.126059 0.378749 0.116626 0.00999393 0.00693005 9.9982E-05 0.0411878
0.200163 0.119554 0.0711853 9.9982E-05 0.217147 0.203694 0.0667543 9.9982E-05 0.0247886 0.0965147
0.185844 0.147121 0.0122326 9.9973E-05 0.465848 0.0673011 9.9973E-05 9.9973E-05 0.0682756 0.0530779
0.124104 0.093271 9.9973E-05 0.0260578 0.563874 0.00580907 0.0704022 9.9973E-05 0.116181 9.9973E-05
0.358327 0.174708 9.9964E-05 0.00712655 9.9964E-05 9.9964E-05 0.0603093 9.9964E-05 0.0747626 0.324366
9.9973E-05 0.181686 0.0160303 9.9973E-05 0.534673 0.0213893 0.0513702 0.0343701 0.160181 9.9973E-05
0.0157748 0.248204 9.9973E-05 0.0748452 0.426503 0.076641 9.9973E-05 9.9973E-05 0.0576463 0.100086
0.062058 0.0515633 0.0786992 9.9982E-05 0.596831 0.0102467 9.9982E-05 0.0555134 0.0046619 0.140226
0.0919972 0.0900696 9.9964E-05 9.9964E-05 0.546569 0.0660376 9.9964E-05 9.9964E-05 0.0307556 0.174171
0.017927 0.158769 0.046316 0.0379406 0.426998 0.00404658 0.0916274 0.124982 0.0675658 0.0238273
9.9973E-05 0.00719011 0.0337771 0.414384 0.431819 0.0171877 0.0709806 9.9973E-05 9.9973E-05 0.0243618
9.9982E-05 0.0478173 0.0181019 0.255003 0.485358 0.0643463 0.0189784 0.0480052 9.9982E-05 0.0621905
9.9946E-05 9.9946E-05 0.0238001 0.805708 0.0150427 0.154849 9.9946E-05 9.9946E-05 9.9946E-05 9.9946E-05
9.9946E-05 9.9946E-05 9.9946E-05 0.945703 9.9946E-05 0.0514231 9.9946E-05 0.00165819 9.9946E-05 0.000615811
0.00739031 0.0985515 9.9964E-05 0.308183 0.354393 0.169975 9.9964E-05 9.9964E-05 0.0611074 9.9964E-05
0.0502886 0.331066 9.9973E-05 0.0849729 0.351479 0.0493357 9.9973E-05 9.9973E-05 0.050352 0.0822053
0.0639942 0.296221 9.9955E-05 0.266697 0.261825 9.9955E-05 9.9955E-05 9.9955E-05 9.9955E-05 0.110762
0.181719 0.272859 9.9973E-05 0.152331 0.134505 0.0638784 0.0207049 9.9973E-05 9.9973E-05 0.173703
9.9973E-05 0.283314 9.9973E-05 0.220856 0.250273 0.0864994 0.0361633 9.9973E-05 0.0321251 0.0904693
0.163721 0.0594114 9.9964E-05 0.553166 0.0782846 9.9964E-05 9.9964E-05 9.9964E-05 0.093405 0.0516118
0.011969 0.0594718 9.9973E-05 0.679335 0.0988758 9.9973E-05 0.0338317 9.9973E-05 0.0223962 0.0938205
9.9955E-05 0.115649 0.024194 0.381524 0.469867 9.9955E-05 0.00826658 9.9955E-05 9.9955E-05 9.9955E-05
9.9946E-05 0.0531044 9.9946E-05 0.444027 0.429029 9.9946E-05 9.9946E-05 9.9946E-05 9.9946E-05 0.0732408
9.9964E-05 0.0907135 9.9964E-05 0.664507 0.114306 9.9964E-05 0.0244879 9.9964E-05 0.087882 0.0177031
9.9955E-05 9.9955E-05 0.0133306 0.240435 0.501511 0.0725 9.9955E-05 9.9955E-05 9.9955E-05 0.171724
9.9964E-05 0.055209 9.9964E-05 0.304046 0.546055 9.9964E-05 0.025675 0.0637818 0.00483413 9.9964E-05
0.0705283 0.059527 9.9973E-05 0.166997 0.483855 0.0990494 9.9973E-05 0.0469961 9.9973E-05 0.0727479
9.9964E-05 9.9964E-05 0.0304905 0.577732 0.285644 0.0643197 0.0171369 0.0242773 9.9964E-05 9.9964E-05
9.9964E-05 9.9964E-05 0.019904 0.509425 0.319627 0.103991 0.0339418 0.0127114 9.9964E-05 9.9964E-05
0.06132 0.00595914 9.9973E-05 0.320112 0.488531 0.0807424 0.0207556 0.0222799 9.9973E-05 9.9973E-05
0.108553 0.052265 0.0215709 0.304319 0.357697 9.9991E-05 0.00786293 0.081029 0.0564019 0.0102019
0.116907 0.0889268 0.0459046 0.162738 0.370736 0.101716 9.9973E-05 9.9973E-05 9.9973E-05 0.112771
0.0979084 9.9964E-05 0.0199513 0.375889 0.479508 0.000373627 9.9964E-05 0.0259698 9.9964E-05 9.9964E-05
0.0262667 9.9955E-05 9.9955E-05 0.702823 0.224231 0.0223489 9.9955E-05 0.023831 9.9955E-05 9.9955E-05
9.9955E-05 9.9955E-05 0.135641 0.287026 0.48748 9.9955E-05 0.0159333 9.9955E-05 0.0734189 9.9955E-05
9.99459E-05 9.99459E-05 9.99459E-05 0.780994 0.157019 9.99459E-05 9.99459E-05 0.0433578 0.0180298 9.99459E-05
9.9946E-05 9.9946E-05 9.9946E-05 0.484694 0.454829 9.9946E-05 0.0152653 0.0446116 9.9946E-05 9.9946E-05
9.9982E-05 0.041339 0.0739727 0.240227 0.46662 0.033753 0.0519711 0.0356739 9.9982E-05 0.0562438
9.9964E-05 0.00383816 0.0864831 0.329593 0.475444 9.9964E-05 0.0531139 0.0511282 9.9964E-05 9.9964E-05
0.0435846 0.157753 9.9991E-05 0.116796 0.46855 0.00110189 0.0519038 0.0146048 0.0696809 0.0759247
0.0358843 0.215654 9.9973E-05 0.1617 0.287347 0.0380979 9.9973E-05 0.142105 9.9973E-05 0.118912
0.131822 0.222175 0.0300182 0.0343807 0.30872 0.101438 0.0366472 0.0201447 0.114555 9.9991E-05
0.103252 0.231015 9.9991E-05 0.0570313 0.280261 0.0634012 0.0255857 0.131818 0.0723959 0.0351394
0.0711917 0.199988 0.11162 0.0169101 0.343101 0.0158155 9.9991E-05 0.128007 0.025908 0.0873594
0.060688 0.205714 9.9973E-05 0.175791 0.354429 9.9973E-05 0.0380725 0.0571221 9.9973E-05 0.107884
0.0325991 0.107141 9.9964E-05 0.624798 9.9964E-05 9.9964E-05 0.0483378 9.9964E-05 0.0780109 0.108713
9.9973E-05 0.249106 9.9973E-05 0.134633 0.449319 9.9973E-05 0.0100783 0.0941689 0.0256758 0.0367194
0.18061 0.105994 9.9946E-05 0.354153 9.9946E-05 9.9946E-05 9.9946E-05 9.9946E-05 9.9946E-05 0.358644
9.9946E-05 0.196984 9.9946E-05 0.253724 0.475043 9.9946E-05 9.9946E-05 9.9946E-05 9.9946E-05 0.0736495
0.0598216 9.9946E-05 0.116431 0.730685 0.0924624 9.9946E-05 9.9946E-05 9.9946E-05 9.9946E-05 9.9946E-05
9.9937E-05 9.9937E-05 0.032643 0.955684 9.9937E-05 9.9937E-05 9.9937E-05 9.9937E-05 0.0109733 9.9937E-05
