0.843335 0.0423474 0.00508729 0.0493386 9.9973E-05 9.9973E-05 0.00107338 0.0549323 0.00358605 9.9973E-05
0.903596 9.9955E-05 9.9955E-05 9.9955E-05 0.0213197 0.0199602 0.0262134 9.9955E-05 9.9955E-05 0.0284113
0.764124 0.0601537 9.9955E-05 0.0653593 9.9955E-05 9.9955E-05 9.9955E-05 0.0978746 0.0119884 9.9955E-05
0.763381 0.00363217 9.9964E-05 0.0331334 9.9964E-05 9.9964E-05 0.0909832 0.04764 0.0608302 9.9964E-05
0.841398 9.9973E-05 9.9973E-05 0.0181911 0.0373011 0.02608 0.00449369 0.0357281 0.0365076 9.9973E-05
0.581541 9.9955E-05 0.066697 0.0628507 9.9955E-05 0.22005 9.9955E-05 9.9955E-05 0.0683612 9.9955E-05
0.779461 9.9946E-05 0.0253424 0.0168983 9.9946E-05 0.177699 9.9946E-05 9.9946E-05 9.9946E-05 9.9946E-05
0.736554 9.99461E-05 9.99461E-05 0.0294191 9.99461E-05 0.216977 0.01645 9.99461E-05 9.99461E-05 9.99461E-05
0.774294 0.100074 9.99549E-05 0.00973153 9.99549E-05 9.99549E-05 0.0593073 9.99549E-05 9.99549E-05 0.0560938
0.656797 9.9964E-05 9.9964E-05 0.048076 0.0653271 0.124474 9.9964E-05 0.0330568 0.0718691 9.9964E-05
0.686697 9.9946E-05 0.050138 0.0358173 9.9946E-05 0.226748 9.9946E-05 9.9946E-05 9.9946E-05 9.9946E-05
9.9946E-05 9.9946E-05 0.865919 9.9946E-05 9.9946E-05 0.00292787 9.9946E-05 0.109487 9.9946E-05 0.0210666
9.9955E-05 9.9955E-05 0.527086 9.9955E-05 9.9955E-05 0.0192246 0.037271 0.402802 0.0131168 9.9955E-05
0.0278926 0.0979768 0.777781 9.9964E-05 0.0187363 9.9964E-05 9.9964E-05 0.0720027 0.00521096 9.9964E-05
0.00154173 0.0165915 0.774453 9.9955E-05 9.9955E-05 9.9955E-05 9.9955E-05 0.125957 0.080957 9.9955E-05
0.0736079 9.9964E-05 0.52643 0.00670903 9.9964E-05 0.0616763 9.9964E-05 0.185685 0.145492 9.9964E-05
0.0326807 0.0772374 0.32021 0.0119788 0.00978994 0.0134679 9.9982E-05 0.5197 0.0147359 9.9982E-05
9.9973E-05 0.0532909 0.399522 0.0526107 9.9973E-05 0.0411894 9.9973E-05 0.331714 0.0553266 0.0660466
0.11427 0.0215783 0.651007 9.9955E-05 9.9955E-05 9.9955E-05 9.9955E-05 0.203901 0.00874287 9.9955E-05
9.9937E-05 9.9937E-05 0.810006 9.9937E-05 9.9937E-05 0.0643455 0.124949 9.9937E-05 9.9937E-05 9.9937E-05
0.00615562 0.052909 0.440417 0.0680258 9.9973E-05 9.9973E-05 9.9973E-05 0.327249 0.0283556 0.0765879
0.0489139 0.0222277 0.323725 9.9982E-05 0.0300104 0.125195 9.9982E-05 0.261625 0.0931434 0.0949604
0.0151286 9.9982E-05 0.283294 0.0333404 0.0849031 0.0616715 9.9982E-05 0.479881 0.0329411 0.00864001
9.9946E-05 9.9946E-05 0.804792 9.9946E-05 9.9946E-05 0.0285145 9.9946E-05 0.0735568 0.092537 9.9946E-05
0.0308721 0.0051488 0.213686 0.0493828 0.0563232 0.0147494 9.9982E-05 0.527661 0.101976 9.9982E-05
9.9964E-05 0.00963255 0.36284 9.9964E-05 9.9964E-05 0.00390634 0.0923791 0.44459 0.0862531 9.9964E-05
9.9946E-05 9.9946E-05 0.927832 9.9946E-05 9.9946E-05 9.9946E-05 0.00153787 9.9946E-05 0.0684332 0.00159673
0.00816664 9.9955E-05 0.808659 0.0147891 9.9955E-05 9.9955E-05 0.00315861 9.9955E-05 0.164727 9.9955E-05
9.9955E-05 9.9955E-05 0.780021 9.9955E-05 0.0826601 0.0133827 9.9955E-05 0.0828676 9.9955E-05 0.0405686
0.82159 9.9937E-05 9.9937E-05 9.9937E-05 9.9937E-05 9.9937E-05 9.9937E-05 0.131945 0.0457654 9.9937E-05
0.833046 9.9937E-05 0.00553309 9.9937E-05 9.9937E-05 9.9937E-05 9.9937E-05 0.160721 9.9937E-05 9.9937E-05
0.785075 0.00211289 9.9955E-05 9.9955E-05 9.9955E-05 9.9955E-05 0.0435701 0.130457 0.0382852 9.9955E-05
0.671007 0.0895575 9.9955E-05 9.9955E-05 9.9955E-05 9.9955E-05 9.9955E-05 0.177365 0.03322 0.0283503
9.9964E-05 9.9964E-05 0.186145 0.0791567 9.9964E-05 0.124695 9.9964E-05 0.445833 0.00581737 0.157953
0.067879 9.9982E-05 0.0467717 0.0657378 9.9982E-05 0.041501 0.0631255 0.520529 0.0474243 0.146831
0.0327659 9.9955E-05 9.9955E-05 9.9955E-05 0.0578107 0.0089411 9.9955E-05 0.576887 9.9955E-05 0.323095
0.0918432 9.9964E-05 0.334834 9.9964E-05 0.0444962 9.9964E-05 0.410185 0.069994 9.9964E-05 0.0482474
0.0311849 9.9955E-05 9.9955E-05 9.9955E-05 9.9955E-05 9.9955E-05 0.0123282 0.275544 0.0555993 0.624844
0.0494929 0.0219825 0.00424092 9.9982E-05 0.0429853 9.9982E-05 0.0861835 0.517643 0.0218038 0.255468
9.9973E-05 0.0160872 9.9973E-05 0.0477209 0.0193798 0.0506726 9.9973E-05 0.675601 0.0351926 0.155046
0.105902 9.9973E-05 9.9973E-05 0.0269538 9.9973E-05 0.264372 0.00662104 0.442616 0.0281276 0.125107
0.0673804 0.0116048 0.12004 0.0656965 9.9982E-05 0.02198 9.9982E-05 0.568892 0.014741 0.129464
0.0168703 0.0200412 0.244726 0.0140931 9.9973E-05 9.9973E-05 0.050476 0.103688 9.9973E-05 0.549805
0.00244582 9.9964E-05 0.103207 9.9964E-05 9.9964E-05 0.269732 9.9964E-05 0.482532 0.0969919 0.0446917
0.0338605 0.0235626 9.9973E-05 0.0278106 0.0622318 9.9973E-05 9.9973E-05 0.482235 0.133787 0.236212
0.0954607 9.9982E-05 0.100488 0.0491129 9.9982E-05 0.122598 0.036567 0.494995 0.0718093 0.0287699
9.9964E-05 0.00172951 9.9964E-05 9.9964E-05 0.00101345 0.016931 0.0232066 0.3455 9.9964E-05 0.61122
0.0514516 0.0667521 9.9964E-05 9.9964E-05 9.9964E-05 0.0087902 0.0143819 0.67772 9.9964E-05 0.180504
0.082914 0.0854364 0.0412663 9.9991E-05 0.0144049 0.00577138 0.0523609 0.537268 0.0419506 0.138527
0.0211816 0.16939 9.9955E-05 9.9955E-05 9.9955E-05 0.0158338 0.0615206 9.9955E-05 9.9955E-05 0.731575
9.9982E-05 0.040275 0.212241 0.0644392 0.0601866 0.0784933 0.215432 0.128859 9.9982E-05 0.199874
9.9964E-05 0.187259 0.34981 0.0220263 0.140472 0.131577 9.9964E-05 9.9964E-05 9.9964E-05 0.168456
0.080295 0.030039 0.074746 0.0113778 0.0276341 9.9991E-05 0.0780758 0.52164 0.0556194 0.120473
0.119805 9.9982E-05 0.0848578 0.0142944 0.123888 0.0999923 0.0131434 0.508795 0.0350232 9.9982E-05
9.9973E-05 0.0260252 0.101267 9.9973E-05 0.0861062 0.0945178 0.00676737 0.584788 0.100229 9.9973E-05
0.0256004 0.0876509 0.231181 0.127565 0.0885768 9.9991E-05 0.101205 0.147474 0.0256121 0.165034
9.9973E-05 0.0256613 0.173664 0.018687 0.0187582 9.9973E-05 0.171906 0.568635 9.9973E-05 0.0223888
0.0366538 0.0349645 0.166277 9.9982E-05 9.9982E-05 0.106973 0.0624417 0.442482 0.135866 0.0141414
0.0901007 0.0224675 0.345421 9.9982E-05 0.11764 0.129447 0.0267655 0.261486 0.00647264 9.9982E-05
0.100743 0.146957 0.482249 0.144223 0.0373271 9.9973E-05 9.9973E-05 9.9973E-05 0.0262715 0.0619295
0.0446753 0.131042 9.9982E-05 0.0702793 0.0543584 0.00795715 0.0117766 0.600776 9.9982E-05 0.0789348
0.0559031 0.0739211 0.253615 9.9973E-05 0.126066 9.9973E-05 0.0920418 0.346959 9.9973E-05 0.0511937
9.9964E-05 0.077298 0.568765 0.131866 0.0523241 9.9964E-05 0.116488 9.9964E-05 9.9964E-05 0.0528592
9.9964E-05 0.0736004 0.255725 9.9964E-05 0.122939 9.9964E-05 0.0954976 0.442962 9.9964E-05 0.00887719
9.9982E-05 0.0826761 0.0139238 0.0419196 0.136443 0.0315558 9.9982E-05 0.568212 0.0407223 0.0843469
0.0337034 0.11809 0.0992463 0.0301169 9.9973E-05 9.9973E-05 0.0784119 0.636002 9.9973E-05 0.00412939
0.0241331 0.0236856 0.309971 0.0261685 0.0766284 0.0149702 0.120622 0.26692 0.0190056 0.117896
9.9964E-05 0.0976066 0.464202 9.9964E-05 0.0141305 9.9964E-05 9.9964E-05 0.368127 0.0261115 0.0294233
0.0266189 0.106225 0.0805408 0.100853 0.0307069 9.9991E-05 0.0491156 0.531612 0.0212856 0.052942
9.9982E-05 0.0757201 0.466458 0.0445776 0.131729 0.0150045 0.0975604 0.113197 9.9982E-05 0.0555534
9.9955E-05 9.9955E-05 0.0516792 0.0444313 9.9955E-05 9.9955E-05 0.0453309 0.519719 9.9955E-05 0.338339
9.9955E-05 9.9955E-05 0.192822 9.9955E-05 9.9955E-05 0.00279771 0.0117693 0.176529 9.9955E-05 0.615583
0.045689 0.0672686 0.0716434 0.0653337 9.9982E-05 9.9982E-05 0.0364234 0.575695 0.00625755 0.13149
9.9955E-05 0.04009 0.0790489 9.9955E-05 9.9955E-05 0.0434718 9.9955E-05 9.9955E-05 0.0136263 0.823263
9.9955E-05 9.9955E-05 0.0837132 0.0503134 0.0491618 0.0350324 9.9955E-05 9.9955E-05 9.9955E-05 0.781279
9.9955E-05 9.9955E-05 0.00734235 0.0176111 9.9955E-05 9.9955E-05 9.9955E-05 0.306509 0.0250446 0.642994
0.0168442 0.0202655 9.9964E-05 0.0838292 9.9964E-05 0.0113547 9.9964E-05 0.495164 9.9964E-05 0.372143
0.135133 0.0346741 9.9982E-05 0.0303734 0.0132515 0.0605727 0.0597264 0.554808 9.9982E-05 0.11126
0.0297539 0.00625402 0.0939318 9.9964E-05 9.9964E-05 9.9964E-05 0.0313816 0.44729 9.9964E-05 0.390988
0.0374145 9.9973E-05 0.148001 0.0664736 9.9973E-05 9.9973E-05 0.0513074 0.174832 0.0112551 0.510416
0.0549029 9.9964E-05 0.0679077 0.101183 9.9964E-05 9.9964E-05 0.0907892 0.277559 9.9964E-05 0.407258
0.0692674 9.9982E-05 0.0204916 9.9982E-05 0.0315939 0.0261549 0.0482775 0.469947 0.0971814 0.236886
0.0500571 9.9982E-05 0.201957 0.0108757 9.9982E-05 0.0622347 0.000454364 0.185073 0.0348052 0.454343
0.0795017 9.9964E-05 0.0670427 9.9964E-05 9.9964E-05 0.0331856 0.00137526 0.429701 9.9964E-05 0.388794
0.00567547 0.00481055 9.9964E-05 0.0202099 9.9964E-05 0.0110925 9.9964E-05 0.419542 9.9964E-05 0.53827
9.9964E-05 0.0733577 0.00418153 9.9964E-05 0.0909135 0.0787699 9.9964E-05 9.9964E-05 0.0352657 0.717112
0.000312463 9.9973E-05 0.00365313 9.9973E-05 9.9973E-05 0.0231611 0.0535499 0.641433 0.00855962 0.269031
0.794272 9.9964E-05 0.00789762 0.00104327 9.9964E-05 9.9964E-05 0.0527652 0.0550331 0.0885891 9.9964E-05
0.8843 9.9955E-05 9.9955E-05 9.9955E-05 0.0135186 9.9955E-05 0.0114591 0.0834799 9.9955E-05 0.00674308
0.830743 0.0582916 0.00957802 0.00403582 9.9964E-05 9.9964E-05 9.9964E-05 0.0929961 0.00395518 9.9964E-05
0.830575 0.10301 9.9937E-05 9.9937E-05 9.9937E-05 9.9937E-05 9.9937E-05 0.0657152 9.9937E-05 9.9937E-05
0.81238 0.0377919 0.000396869 9.9973E-05 9.9973E-05 0.0182029 9.9973E-05 0.0686634 0.0436098 0.0186554
0.811014 0.101381 9.9946E-05 0.0309208 9.9946E-05 9.9946E-05 9.9946E-05 0.0560844 9.9946E-05 9.9946E-05
0.867484 0.0496545 9.9955E-05 9.9955E-05 0.00275815 9.9955E-05 9.9955E-05 0.0682189 9.9955E-05 0.0113845
0.0314042 0.0813995 0.0398279 0.0443829 9.9982E-05 9.9982E-05 0.102943 0.456097 0.116623 0.127123
0.0551485 0.074472 0.057316 9.9973E-05 0.0399613 9.9973E-05 0.133287 0.609901 0.0296138 9.9973E-05
0.00563671 9.9964E-05 0.142429 9.9964E-05 0.0234194 9.9964E-05 0.0409161 0.0189769 9.9964E-05 0.768222
0.0378506 0.0234868 0.104565 0.0888512 0.11034 0.0155156 9.9991E-05 0.458118 0.0553557 0.105817
0.027942 9.9964E-05 0.18928 0.0364186 9.9964E-05 0.0643744 9.9964E-05 0.440938 9.9964E-05 0.240648
0.0662006 9.9973E-05 0.0308204 9.9973E-05 0.0402558 0.00752584 9.9973E-05 0.57348 0.0242241 0.257193
0.0629894 9.9973E-05 0.0496283 9.9973E-05 0.0420147 0.0590991 0.034491 0.56367 9.9973E-05 0.187808
0.0157446 9.9964E-05 9.9964E-05 9.9964E-05 0.000136613 9.9964E-05 0.0251356 0.490567 0.0493273 0.418689
0.0132344 9.9964E-05 0.204957 0.130368 0.0167933 9.9964E-05 0.0145169 9.9964E-05 9.9964E-05 0.61973
0.072533 0.047969 0.0550507 9.9982E-05 9.9982E-05 0.0295426 0.111988 0.609257 0.000695319 0.0727646
0.0699056 9.9973E-05 0.0137522 0.0322396 0.0429552 9.9973E-05 0.0402938 0.637807 9.9973E-05 0.162747
0.144097 9.9973E-05 0.0744184 9.9973E-05 9.9973E-05 0.0918037 0.0106155 0.483565 0.0540922 0.141109
0.0232145 0.0661868 9.9964E-05 0.0267486 9.9964E-05 0.0422067 9.9964E-05 0.365651 9.9964E-05 0.475593
0.00381055 9.9955E-05 9.9955E-05 9.9955E-05 0.0732942 0.0421985 9.9955E-05 0.523659 9.9955E-05 0.356538
0.038539 9.9964E-05 0.187399 0.0457515 9.9964E-05 9.9964E-05 9.9964E-05 0.392346 0.00286672 0.332698
9.9955E-05 9.9955E-05 9.9955E-05 0.0202257 0.0261515 9.9955E-05 9.9955E-05 0.354684 0.0355543 0.562885
0.0633619 9.9964E-05 0.10734 0.0135451 9.9964E-05 9.9964E-05 0.0455165 0.441128 9.9964E-05 0.328709
0.0725382 0.0854517 0.12918 9.9973E-05 9.9973E-05 9.9973E-05 0.0642237 0.585293 0.0404719 0.0225416
9.9973E-05 0.0826647 0.239547 0.00322304 0.266078 0.00775661 0.165951 0.23448 9.9973E-05 9.9973E-05
0.116343 0.0993979 0.251699 0.154999 9.9973E-05 0.047405 9.9973E-05 0.318503 0.0113536 9.9973E-05
0.0587386 9.9982E-05 0.136455 0.120354 9.9982E-05 0.0242732 0.0785822 0.52451 0.044463 0.0124247
0.0513315 0.0253913 0.0143144 0.0504789 0.0744532 0.0794776 0.0956342 0.492557 0.0840016 0.0323605
0.0345602 9.9946E-05 0.183864 9.9946E-05 9.9946E-05 9.9946E-05 0.315289 0.465687 9.9946E-05 9.9946E-05
9.9982E-05 0.0323224 0.137817 0.0800267 9.9982E-05 0.0387832 0.169356 0.477715 0.0434793 0.0203009
0.0154853 0.00268829 0.0955314 0.0669161 0.0542255 9.9982E-05 0.276501 0.474521 9.9982E-05 0.0139316
0.138624 9.9964E-05 9.9964E-05 9.9964E-05 0.0642252 0.00136915 0.179305 0.539945 9.9964E-05 0.0761315
9.9982E-05 0.0438657 0.0482226 9.9982E-05 0.00957883 0.0687446 0.20383 0.514212 0.102012 0.00933349
9.9964E-05 9.9964E-05 0.21788 0.0224736 0.0256872 9.9964E-05 0.125298 0.515315 9.9964E-05 0.0929456
9.9955E-05 9.9955E-05 0.202875 0.0362004 9.9955E-05 9.9955E-05 0.213533 0.49579 9.9955E-05 0.0511019
9.9964E-05 0.0809122 9.9964E-05 0.119963 9.9964E-05 0.0574724 0.164384 0.546973 0.0298956 9.9964E-05
0.065519 0.0934004 0.0392154 0.041442 9.9991E-05 0.101873 0.0783331 0.505202 0.0387822 0.0361329
9.9955E-05 9.9955E-05 0.146289 9.9955E-05 0.13417 9.9955E-05 0.108929 0.565197 0.0449144 9.9955E-05
0.0344181 0.00636099 9.9973E-05 9.9973E-05 0.0523485 0.0823305 0.260309 0.484505 0.0794277 9.9973E-05
9.9973E-05 0.0386928 0.0289562 0.0760723 0.0711999 9.9973E-05 0.118365 0.611508 9.9973E-05 0.0549064
9.9973E-05 0.193836 0.116371 0.0417477 0.000188793 0.051083 0.223066 0.373408 9.9973E-05 9.9973E-05
0.0192507 0.0022856 0.0968086 9.9982E-05 0.0702983 0.00238495 0.156832 0.635216 0.0167239 9.9982E-05
9.9955E-05 0.0776274 9.9955E-05 0.0178201 0.0469263 9.9955E-05 0.205069 0.652058 9.9955E-05 9.9955E-05
0.0187701 0.011297 0.225223 9.9982E-05 0.122881 9.9982E-05 0.263278 0.189935 0.0488605 0.119555
9.9982E-05 0.253565 0.0784005 9.9982E-05 0.15244 0.0666698 0.224845 0.101688 0.00773163 0.11446
0.0361701 0.0519092 0.104928 0.058782 0.00134976 0.0813887 0.144533 0.515638 9.9991E-05 0.00520117
9.9982E-05 0.0643151 9.9982E-05 0.0323207 0.221734 0.0733143 0.305212 0.0990708 0.0185819 0.185251
0.0516761 9.9955E-05 0.407079 9.9955E-05 0.129943 9.9955E-05 0.231712 0.17909 9.9955E-05 9.9955E-05
9.9982E-05 0.00339421 0.225425 0.00120489 0.0025229 0.0127208 0.193997 0.410623 9.9982E-05 0.149912
0.0214812 9.9973E-05 0.186527 0.0837295 0.0557656 9.9973E-05 0.258772 0.294057 9.9973E-05 0.099368
9.9964E-05 9.9964E-05 0.278607 9.9964E-05 0.0355149 9.9964E-05 0.382143 0.170317 0.0249815 0.108037
0.0941627 9.9964E-05 0.101886 9.9964E-05 9.9964E-05 0.0738844 0.0923517 0.555773 9.9964E-05 0.0815428
0.100905 9.9982E-05 0.14556 0.0152906 9.9982E-05 0.0644612 0.0567124 0.556221 0.00932738 0.0513223
0.0470234 9.9982E-05 0.0380773 0.0424482 0.102245 0.040179 0.152828 0.575966 9.9982E-05 0.00103237
9.9991E-05 0.12908 0.0755619 0.0978525 0.0813687 0.130723 0.216768 0.114753 0.0236328 0.13016
0.15631 0.0549859 0.0354647 9.9982E-05 0.0900824 0.0144343 0.0598836 0.460033 9.9982E-05 0.128606
9.9991E-05 0.100729 0.0557158 0.0143015 0.0207551 0.104068 0.060088 0.332663 0.0871109 0.224469
0.0579529 0.146979 0.0522467 0.0965841 0.149078 0.322586 0.0173893 9.9982E-05 9.9982E-05 0.156984
0.113556 9.9955E-05 9.9955E-05 9.9955E-05 0.120256 0.0321063 9.9955E-05 0.657019 9.9955E-05 0.0765632
0.0208324 0.190798 9.9991E-05 0.0410211 0.0690804 0.0205321 0.0765296 0.375873 0.00506194 0.200172
0.0501591 0.0921367 0.121132 0.039409 9.9991E-05 0.178447 0.0174462 0.474124 0.0142204 0.0128261
0.0391299 0.182536 0.111714 0.0351542 0.112328 0.199309 0.0566711 0.208001 9.9991E-05 0.0550569
0.0514644 0.0340626 0.128674 0.0286097 0.189839 0.396882 0.0204523 0.113135 9.9991E-05 0.03678
0.00408837 0.0785327 0.111651 0.115663 0.183494 0.0353233 0.000683629 0.378605 9.9991E-05 0.0918591
0.0231194 0.126869 0.151363 0.0594836 0.0709074 0.103981 9.9982E-05 0.438324 0.0257526 9.9982E-05
0.127488 0.132769 0.147855 9.9964E-05 0.0665481 0.0910063 9.9964E-05 0.433934 9.9964E-05 9.9964E-05
9.9973E-05 0.252307 0.236538 9.9973E-05 0.0307119 0.129092 0.0185642 9.9973E-05 0.103505 0.228982
0.0684223 0.0464828 0.163461 0.0668263 0.0178575 0.141034 9.9982E-05 0.485435 0.0102816 9.9982E-05
9.9973E-05 0.0262624 0.193166 0.0126283 0.0746831 0.301124 9.9973E-05 0.300121 9.9973E-05 0.0917153
9.9973E-05 0.0273435 0.0920942 9.9973E-05 0.10893 0.229994 0.00900923 0.390288 9.9973E-05 0.142041
0.185305 0.0705701 0.0513509 0.0181973 0.0663928 0.0172385 9.9982E-05 0.496156 9.9982E-05 0.0945896
0.266401 0.174895 0.0399192 0.0288143 9.9973E-05 0.152764 9.9973E-05 0.142777 0.19413 9.9973E-05
0.395556 0.427049 9.9946E-05 9.9946E-05 9.9946E-05 0.0979134 9.9946E-05 9.9946E-05 0.0788822 9.9946E-05
0.288699 0.425393 9.9955E-05 9.9955E-05 0.0420078 0.149173 9.9955E-05 9.9955E-05 0.0942281 9.9955E-05
0.3161 0.267492 9.9955E-05 9.9955E-05 9.9955E-05 0.0778123 9.9955E-05 0.137747 0.200348 9.9955E-05
9.9946E-05 9.9946E-05 9.9946E-05 9.9946E-05 0.0215568 0.406389 9.9946E-05 0.54837 0.0230853 9.9946E-05
0.0532776 0.0280907 0.0829433 0.0543 9.9991E-05 0.125088 0.055317 0.561234 0.000292729 0.0393559
9.9946E-05 9.9946E-05 0.0727556 9.9946E-05 9.9946E-05 9.9946E-05 0.00866268 0.253477 0.664505 9.9946E-05
0.002718 9.9982E-05 0.006169 0.00745431 0.0215401 9.9982E-05 0.131564 0.315827 0.441627 0.0729002
0.0109206 0.0222263 0.120187 9.9982E-05 0.0572638 9.9982E-05 0.0906678 0.273874 0.424309 0.000351046
9.9973E-05 9.9973E-05 0.000972923 9.9973E-05 0.202677 0.472937 0.0306827 0.232709 0.0277006 0.0320212
0.0127939 0.139329 0.085244 9.9982E-05 0.0702867 0.100605 9.9982E-05 0.495519 0.0482985 0.0477248
9.9982E-05 0.0444952 0.0312891 9.9982E-05 0.191508 0.538121 0.0187632 0.101245 0.00832213 0.066057
9.9964E-05 0.0396371 9.9964E-05 0.0283516 0.0309711 0.25777 9.9964E-05 0.624523 9.9964E-05 0.0183479
0.0556536 9.9973E-05 0.0374487 9.9973E-05 0.146847 0.185148 0.0642592 0.421984 9.9973E-05 0.0883592
9.9982E-05 0.0623497 0.027637 0.0789333 0.0242833 0.253211 9.9982E-05 0.522019 0.0224637 0.00890284
9.9973E-05 0.0500095 0.0774594 9.9973E-05 0.181432 0.4283 0.00199829 0.151667 9.9973E-05 0.108834
0.0250555 9.9964E-05 9.9964E-05 9.9964E-05 0.0486135 0.176558 9.9964E-05 0.529902 0.117212 0.102258
0.0418705 0.0444123 0.0186053 0.0163155 0.0286524 0.185728 0.0436906 0.405777 0.141251 0.073698
9.9937E-05 9.9937E-05 9.9937E-05 9.9937E-05 9.9937E-05 0.0308468 9.9937E-05 9.9937E-05 0.936381 0.0320727
9.9964E-05 9.9964E-05 0.0322258 0.0370997 9.9964E-05 0.0135553 9.9964E-05 0.0157364 0.894966 0.00601675
0.0101589 0.0401079 0.121046 9.9973E-05 9.9973E-05 0.0163407 9.9973E-05 0.169581 0.577106 0.0653599
9.9946E-05 9.9946E-05 9.9946E-05 0.036249 0.00790701 9.9946E-05 9.9946E-05 0.324175 0.63107 9.9946E-05
0.0140928 9.9955E-05 9.9955E-05 0.00865142 9.9955E-05 0.0528181 9.9955E-05 0.0972232 0.826715 9.9955E-05
9.9928E-05 9.9928E-05 0.0419678 9.9928E-05 9.9928E-05 9.9928E-05 9.9928E-05 9.9928E-05 0.957233 9.9928E-05
0.000309081 9.9964E-05 0.0275918 0.0196564 9.9964E-05 9.9964E-05 0.0451657 9.9964E-05 0.902777 0.00409985
9.9928E-05 9.9928E-05 9.9928E-05 9.9928E-05 9.9928E-05 9.9928E-05 9.9928E-05 0.0917186 0.907482 9.9928E-05
9.9928E-05 9.9928E-05 0.0679836 9.9928E-05 9.9928E-05 9.9928E-05 9.9928E-05 9.9928E-05 0.931217 9.9928E-05
9.99201E-05 9.99201E-05 9.99201E-05 9.99201E-05 9.99201E-05 9.99201E-05 9.99201E-05 9.99201E-05 0.999101 9.99201E-05
0.0114193 9.9928E-05 9.9928E-05 9.9928E-05 9.9928E-05 9.9928E-05 9.9928E-05 9.9928E-05 0.987781 9.9928E-05
0.0381313 9.9955E-05 0.0423029 9.9955E-05 9.9955E-05 0.0254673 9.9955E-05 0.151666 0.741932 9.9955E-05
0.0327308 0.0600893 9.9964E-05 0.0389564 9.9964E-05 9.9964E-05 0.00828167 0.0956812 0.763861 9.9964E-05
9.9937E-05 9.9937E-05 0.0317244 0.00645708 9.9937E-05 9.9937E-05 9.9937E-05 9.9937E-05 0.961119 9.9937E-05
0.0421339 0.0526809 0.0422164 0.0123731 9.9991E-05 0.00861364 0.115113 0.334486 0.369077 0.0232059
0.095638 9.9955E-05 9.9955E-05 9.9955E-05 9.9955E-05 0.0378597 0.0927686 0.183096 0.590138 9.9955E-05
0.0532372 0.0666185 9.9955E-05 9.9955E-05 9.9955E-05 0.00947818 9.9955E-05 0.177852 0.692314 9.9955E-05
9.9937E-05 9.9937E-05 0.122587 9.9937E-05 9.9937E-05 9.9937E-05 9.9937E-05 0.0714654 0.805248 9.9937E-05
9.9928E-05 9.9928E-05 9.9928E-05 9.9928E-05 9.9928E-05 9.9928E-05 0.00834536 9.9928E-05 0.990855 9.9928E-05
0.031066 0.00223451 0.0406744 9.9964E-05 0.0169947 9.9964E-05 9.9964E-05 0.0342648 0.874366 9.9964E-05
9.99201E-05 9.99201E-05 9.99201E-05 9.99201E-05 9.99201E-05 9.99201E-05 9.99201E-05 9.99201E-05 0.999101 9.99201E-05
0.0980856 0.0274406 0.0151575 9.9973E-05 0.0310511 0.0494382 9.9973E-05 0.216774 0.561753 9.9973E-05
0.00558394 9.9946E-05 0.079307 9.9946E-05 9.9946E-05 9.9946E-05 0.0185066 9.9946E-05 0.896003 9.9946E-05
0.215106 0.272279 0.01377 9.9955E-05 9.9955E-05 0.483766 9.9955E-05 9.9955E-05 9.9955E-05 0.0145791
0.0983206 0.177582 0.0486971 0.126347 0.0436701 9.9982E-05 0.0207186 0.442736 0.0417289 9.9982E-05
0.209809 0.0614317 0.0613587 0.0343889 9.9973E-05 0.218257 9.9973E-05 0.369038 0.0454174 9.9973E-05
0.0856649 0.226055 0.0302291 0.035741 0.000527878 0.362935 9.9991E-05 0.100242 0.101762 0.0567442
0.0223594 0.135978 0.0760583 9.9982E-05 0.0798227 0.148572 9.9982E-05 0.459419 0.0617151 0.0158756
0.179547 0.201102 0.0491112 9.9982E-05 0.055505 0.277177 9.9982E-05 0.122585 0.0652153 0.0495572
0.138984 0.0790245 0.0485433 0.0637983 9.9982E-05 0.152704 9.9982E-05 0.320192 0.105745 0.0908095
0.0744062 0.198653 9.9955E-05 9.9955E-05 9.9955E-05 0.333719 9.9955E-05 0.272048 0.120673 9.9955E-05
0.0812891 0.220659 0.00203911 9.9973E-05 0.0811507 0.0546421 9.9973E-05 0.438276 0.121643 9.9973E-05
0.0906646 0.14 9.9955E-05 9.9955E-05 9.9955E-05 0.312911 9.9955E-05 0.276843 0.179081 9.9955E-05
0.0866942 0.080872 0.0260289 0.0736958 9.9982E-05 0.246866 0.00303721 0.363949 0.118657 9.9982E-05
0.760069 9.9973E-05 9.9973E-05 0.0112019 0.0419991 0.0720115 0.0791649 0.0258825 0.00937095 9.9973E-05
0.828202 0.0502628 9.9946E-05 9.9946E-05 0.0521171 9.9946E-05 9.9946E-05 9.9946E-05 0.0688186 9.9946E-05
0.942175 9.9928E-05 9.9928E-05 9.9928E-05 9.9928E-05 9.9928E-05 0.0570255 9.9928E-05 9.9928E-05 9.9928E-05
0.908327 9.9937E-05 9.9937E-05 9.9937E-05 9.9937E-05 9.9937E-05 0.0813126 0.00966058 9.9937E-05 9.9937E-05
0.839851 0.0418264 9.9946E-05 9.9946E-05 9.9946E-05 0.000397785 0.117325 9.9946E-05 9.9946E-05 9.9946E-05
0.821005 0.108874 9.9946E-05 9.9946E-05 0.0169197 9.9946E-05 9.9946E-05 9.9946E-05 0.0526011 9.9946E-05
0.856097 9.9946E-05 9.9946E-05 0.0222816 9.9946E-05 9.9946E-05 9.9946E-05 0.0433507 0.0776713 9.9946E-05
0.829273 0.0767767 9.9964E-05 9.9964E-05 0.00380001 0.0434103 0.0140083 9.9964E-05 9.9964E-05 0.032332
0.896052 0.0200083 0.000223401 0.0144213 9.9973E-05 9.9973E-05 9.9973E-05 0.00722736 0.0264929 0.0352745
0.782735 0.0787848 0.0102901 0.0432154 9.9964E-05 9.9964E-05 9.9964E-05 0.0104508 0.0741241 9.9964E-05
0.594347 9.9964E-05 0.113386 0.0758334 0.0357516 9.9964E-05 0.0723022 9.9964E-05 9.9964E-05 0.10798
0.53499 0.068668 0.135875 0.172501 9.9964E-05 9.9964E-05 0.0464731 9.9964E-05 9.9964E-05 0.0410938
0.480686 0.109153 0.237346 0.0591711 0.0263716 9.9973E-05 0.0788733 9.9973E-05 9.9973E-05 0.00809943
0.454889 9.9973E-05 0.198129 0.10654 0.0354165 0.0218958 0.102235 9.9973E-05 9.9973E-05 0.0805946
0.0362113 9.9973E-05 0.109024 9.9973E-05 0.0520704 0.0341216 0.119771 0.494457 9.9973E-05 0.154045
9.9964E-05 9.9964E-05 0.165118 0.0618744 0.127188 9.9964E-05 9.9964E-05 0.387506 0.0388747 0.21904
0.0636085 9.9973E-05 9.9973E-05 9.9973E-05 0.0928194 0.0618403 0.120049 0.518948 0.0242118 0.118224
9.9955E-05 0.0821008 0.141365 9.9955E-05 9.9955E-05 9.9955E-05 0.17977 0.405083 9.9955E-05 0.191181
9.9973E-05 9.9973E-05 0.321712 0.0121137 0.00324038 0.0596767 0.425759 0.14586 9.9973E-05 0.0313377
0.037646 9.9982E-05 0.0538293 0.0611564 0.0626273 9.9982E-05 0.000777325 0.589701 0.0451713 0.148891
9.9964E-05 0.0291834 9.9964E-05 9.9964E-05 0.0215519 0.013387 0.114724 0.542962 9.9964E-05 0.277793
9.9982E-05 0.0306343 0.0370325 0.0486273 0.0167114 0.0594008 0.0481196 0.554612 9.9982E-05 0.204662
9.9955E-05 0.0231604 9.9955E-05 0.0157367 9.9955E-05 9.9955E-05 9.9955E-05 0.371458 0.0229364 0.566209
0.00697701 0.0794007 9.9964E-05 9.9964E-05 9.9964E-05 9.9964E-05 0.0676146 0.599435 0.0458193 0.200353
9.9955E-05 9.9955E-05 0.149401 0.111113 0.0336297 9.9955E-05 9.9955E-05 0.406177 9.9955E-05 0.299179
9.9937E-05 9.9937E-05 9.9937E-05 9.9937E-05 0.198952 9.9937E-05 0.0892763 9.9937E-05 9.9937E-05 0.711072
0.0691216 0.0693331 0.0308067 0.00048948 9.9982E-05 0.0142923 0.114593 0.517418 9.9982E-05 0.183746
9.9955E-05 0.131893 9.9955E-05 0.0334962 0.0541855 9.9955E-05 9.9955E-05 0.291625 9.9955E-05 0.488301
0.0450712 0.0224347 9.9973E-05 9.9973E-05 0.0454939 0.0128616 0.0351127 0.508947 9.9973E-05 0.329779
0.0371547 9.9964E-05 0.128531 0.0412253 9.9964E-05 9.9964E-05 0.0767176 0.102706 9.9964E-05 0.613265
0.0307229 0.0608934 9.9955E-05 0.820206 9.9955E-05 9.9955E-05 0.0845102 9.9955E-05 0.00316765 9.9955E-05
9.9928E-05 9.9928E-05 9.9928E-05 0.98871 9.9928E-05 9.9928E-05 9.9928E-05 0.0104902 9.9928E-05 9.9928E-05
9.99201E-05 9.99201E-05 9.99201E-05 0.999101 9.99201E-05 9.99201E-05 9.99201E-05 9.99201E-05 9.99201E-05 9.99201E-05
0.0293024 9.9946E-05 9.9946E-05 0.847392 9.9946E-05 9.9946E-05 0.0750757 9.9946E-05 9.9946E-05 0.0476305
9.9937E-05 9.9937E-05 0.0727444 0.899213 9.9937E-05 9.9937E-05 9.9937E-05 9.9937E-05 0.0273435 9.9937E-05
9.9937E-05 9.9937E-05 9.9937E-05 0.93169 9.9937E-05 9.9937E-05 9.9937E-05 0.0450596 0.0225513 9.9937E-05
0.824848 9.9973E-05 0.024088 0.00435881 0.0300983 9.9973E-05 9.9973E-05 0.0385065 0.0488633 0.0289372
0.766162 0.0382559 0.00461733 9.9964E-05 9.9964E-05 9.9964E-05 0.0849439 0.0415039 0.0641171 9.9964E-05
0.755971 9.9955E-05 0.0470638 0.0108858 9.9955E-05 9.9955E-05 9.9955E-05 0.0838063 0.101774 9.9955E-05
0.697988 0.0299104 0.143197 9.9955E-05 9.9955E-05 9.9955E-05 0.0199598 9.9955E-05 0.108445 9.9955E-05
0.776587 0.0512873 0.0243783 0.0277173 9.9964E-05 9.9964E-05 9.9964E-05 0.0339944 0.0856363 9.9964E-05
0.359079 9.9964E-05 0.0309002 0.134413 9.9964E-05 0.113262 0.309681 9.9964E-05 9.9964E-05 0.0522648
0.451703 9.9964E-05 9.9964E-05 0.209031 0.0683568 0.0229652 0.194839 9.9964E-05 9.9964E-05 0.0527053
0.394663 0.0599296 9.9964E-05 0.232518 0.0658445 9.9964E-05 0.224405 9.9964E-05 9.9964E-05 0.0222409
0.823514 9.9946E-05 9.9946E-05 9.9946E-05 9.9946E-05 9.9946E-05 0.00762513 0.139327 0.0289336 9.9946E-05
0.333304 0.00553921 9.9973E-05 0.302406 0.0423153 0.00331653 0.252671 9.9973E-05 9.9973E-05 0.0601493
0.101418 0.235076 0.0259295 0.0188265 0.0661056 9.9973E-05 9.9973E-05 0.219352 0.332993 9.9973E-05
0.1189 0.087647 0.0277846 9.9973E-05 9.9973E-05 0.0066984 0.0335735 0.531925 0.193172 9.9973E-05
0.18595 0.0361062 0.0350072 9.9955E-05 9.9955E-05 9.9955E-05 9.9955E-05 0.556033 0.186403 9.9955E-05
0.166479 0.134689 9.9964E-05 0.107302 9.9964E-05 0.105645 9.9964E-05 0.312444 0.173043 9.9964E-05
0.182184 9.9964E-05 0.0913675 9.9964E-05 9.9964E-05 0.105819 0.000985601 0.44375 0.175494 9.9964E-05
0.325626 0.349839 9.9964E-05 0.00234023 9.9964E-05 0.0862902 9.9964E-05 0.016386 0.219119 9.9964E-05
9.9973E-05 0.0128681 0.0955535 0.0559299 9.9973E-05 0.068829 0.257101 0.40372 9.9973E-05 0.105699
9.9973E-05 0.0525016 0.00346541 9.9973E-05 0.137349 0.140019 0.227458 0.340804 9.9973E-05 0.0981029
0.0897062 9.9955E-05 0.469927 0.0761828 9.9955E-05 9.9955E-05 0.199671 0.164012 9.9955E-05 9.9955E-05
9.9982E-05 0.0200554 0.0138654 0.0678699 0.20061 0.0142991 0.0950667 0.474366 9.9982E-05 0.113668
9.9973E-05 0.20281 0.00310596 0.0228698 0.411594 0.0394304 0.0928527 9.9973E-05 9.9973E-05 0.227037
9.9982E-05 0.106242 0.105306 0.0944637 0.0125395 0.106251 0.0567003 0.496179 0.0221185 9.9982E-05
0.126342 9.9964E-05 0.0897707 9.9964E-05 0.174144 9.9964E-05 0.149946 0.458782 9.9964E-05 0.000615704
0.0341651 0.0215505 0.252998 0.00124339 0.0768163 9.9982E-05 0.230448 0.294712 9.9982E-05 0.0878662
0.0841612 9.9991E-05 0.102205 0.0206275 0.00616849 0.135148 0.0813879 0.42606 0.0811902 0.0629522
9.9973E-05 0.168679 0.328375 9.9973E-05 0.132132 0.0532461 0.120735 0.0269002 9.9973E-05 0.169633
0.0302738 0.0247309 9.9982E-05 0.0337762 0.239622 0.0875589 0.111477 0.43755 9.9982E-05 0.0348107
9.9973E-05 0.0403719 0.13031 0.0474564 9.9973E-05 9.9973E-05 0.16847 0.462144 0.034153 0.116794
0.116523 0.104415 0.0830595 0.0371813 9.9982E-05 9.9982E-05 0.0454347 0.417531 0.10842 0.0872348
9.9982E-05 9.9982E-05 0.145694 0.0060465 0.246269 0.0637697 0.171282 0.319733 0.018208 0.0287972
0.00130695 0.0718957 0.0882594 0.084653 0.113037 0.00246361 0.154624 0.414315 0.036619 0.0328263
9.9973E-05 9.9973E-05 9.9973E-05 0.0673403 0.209895 0.104787 0.113742 0.405036 0.0689143 0.0299851
9.9982E-05 0.0234963 0.0453625 0.0685726 0.052048 0.0210992 0.134185 0.521536 9.9982E-05 0.1335
0.0842742 9.9982E-05 0.0896406 0.00443413 9.9982E-05 0.0476278 0.116564 0.553271 0.0334578 0.0705305
0.0241138 0.0431703 0.121559 0.0769947 0.0327421 0.0329151 9.9991E-05 0.469292 0.0972667 0.101846
0.0188575 0.0542556 0.138398 0.0741551 9.9982E-05 9.9982E-05 0.0919609 0.464156 0.0782121 0.0798045
0.768964 9.9946E-05 9.9946E-05 9.9946E-05 9.9946E-05 0.032049 9.9946E-05 0.110307 0.0880799 9.9946E-05
0.780519 0.0251418 9.9964E-05 9.9964E-05 0.0831727 0.0132712 9.9964E-05 0.0395127 0.0579821 9.9964E-05
0.760565 0.0281577 9.9973E-05 9.9973E-05 9.9973E-05 0.0283392 0.0913706 0.0191102 0.002887 0.0692705
0.796575 9.9964E-05 9.9964E-05 0.0428289 9.9964E-05 9.9964E-05 0.00365602 0.0543165 0.006686 0.095538
0.827539 9.9955E-05 9.9955E-05 0.0185658 0.016504 9.9955E-05 9.9955E-05 0.106323 0.0305693 9.9955E-05
9.9955E-05 0.117929 0.302478 9.9955E-05 9.9955E-05 9.9955E-05 0.397641 0.144316 9.9955E-05 0.0371374
0.0281912 0.0438242 0.128773 9.9991E-05 0.12287 0.0189039 0.049233 0.44066 0.0992735 0.0681709
0.141568 0.0361507 9.9982E-05 0.032441 0.0900116 0.0761054 0.0409557 0.434871 0.147697 9.9982E-05
0.0150751 0.0803841 0.0164138 9.9964E-05 0.0489494 9.9964E-05 0.109644 0.729133 9.9964E-05 9.9964E-05
0.107196 9.9964E-05 0.0546325 9.9964E-05 0.0414627 9.9964E-05 0.198839 0.485297 9.9964E-05 0.112174
9.9991E-05 0.110419 0.0599815 0.0110385 0.0847661 0.159592 0.229317 0.318333 0.000844896 0.0256081
0.0682085 0.144563 0.165017 0.0335766 9.9973E-05 0.0170576 0.394994 9.9973E-05 9.9973E-05 0.176284
0.0634947 0.0172106 0.0694985 0.0863061 0.0426298 9.9982E-05 0.205034 0.504434 0.0111928 9.9982E-05
0.093577 9.9991E-05 0.228222 0.085121 0.101487 0.00620665 0.343267 0.118494 0.0117944 0.0117307
0.00933297 0.0812868 9.9991E-05 0.025679 0.118428 0.150908 0.137313 0.350607 0.0442969 0.0820477
0.133729 0.0161949 0.303453 0.0211709 0.0968151 9.9982E-05 0.291607 0.0652731 9.9982E-05 0.0715577
0.133906 9.9991E-05 0.0866428 0.000341234 0.0282593 0.00417556 0.156639 0.551833 0.0292654 0.00883736
0.0860527 9.9982E-05 0.244289 9.9982E-05 0.103476 0.0167726 0.290443 0.121173 0.0291368 0.108457
0.00219518 9.9991E-05 0.0530835 0.00673989 0.0823231 0.101001 0.311813 0.244574 0.10571 0.0924606
9.9982E-05 0.0649808 0.0893021 0.0578025 0.0112595 0.284075 9.9982E-05 0.38187 0.0772165 0.0332935
0.00753428 0.0179119 9.9973E-05 9.9973E-05 0.128284 0.593722 0.0719105 0.141724 0.0386132 9.9973E-05
0.0439981 9.9955E-05 0.0494857 9.9955E-05 9.9955E-05 0.338575 9.9955E-05 0.496264 9.9955E-05 0.0711772
0.091551 0.0680509 0.043843 0.0554189 9.9964E-05 0.234518 9.9964E-05 0.506218 9.9964E-05 9.9964E-05
9.9955E-05 9.9955E-05 9.9955E-05 0.0653448 0.152166 0.533059 0.00802532 0.240905 9.9955E-05 9.9955E-05
9.9982E-05 9.9982E-05 0.0922285 0.0496236 0.0450793 0.166761 0.0469984 0.293059 0.118286 0.187763
0.0317442 0.029977 9.9964E-05 9.9964E-05 0.089273 0.266045 9.9964E-05 0.495176 9.9964E-05 0.0873852
9.9946E-05 9.9946E-05 9.9946E-05 9.9946E-05 0.196023 0.595897 0.119648 9.9946E-05 9.9946E-05 0.0878322
9.9973E-05 0.0863991 0.0344846 0.00896821 0.11053 0.56897 9.9973E-05 0.170018 9.9973E-05 0.0203305
0.00241543 9.9955E-05 9.9955E-05 9.9955E-05 0.100405 0.321215 0.0976931 0.477771 9.9955E-05 9.9955E-05
9.9964E-05 9.9964E-05 9.9964E-05 0.0719438 0.0327271 0.578614 0.0556431 0.0896285 9.9964E-05 0.171043
9.9964E-05 0.0448606 0.17674 0.00192129 9.9964E-05 0.324253 0.0906086 0.361216 9.9964E-05 9.9964E-05
0.0227171 0.0163879 0.261071 0.0287563 9.9973E-05 9.9973E-05 0.403723 0.094902 9.9973E-05 0.172143
9.9973E-05 0.0196193 0.0197278 0.00935955 0.316511 9.9973E-05 0.274829 0.264519 9.9973E-05 0.0951346
0.00818759 0.01794 0.259085 0.00140695 0.0263867 9.9991E-05 0.292449 0.26525 0.0704348 0.0587599
0.0165495 0.000899683 0.108295 0.0265231 9.9991E-05 0.018252 0.10471 0.656879 0.0570582 0.0107333
9.9964E-05 9.9964E-05 0.255672 0.0498672 9.9964E-05 0.036799 0.295116 0.213937 9.9964E-05 0.14821
0.0409028 0.0911725 0.202355 9.9982E-05 0.0999957 0.0047177 0.0943141 0.382118 0.0842243 9.9982E-05
9.9973E-05 0.167936 9.9973E-05 0.0229178 0.0858875 9.9973E-05 0.120328 0.513543 0.085223 0.00386465
0.0142889 9.9982E-05 0.109556 0.0910177 0.081228 9.9982E-05 0.129743 0.414666 0.0668811 0.0924208
0.0448244 9.9973E-05 0.127395 0.00374165 0.0623964 9.9973E-05 0.202806 0.51184 0.0466961 9.9973E-05
0.0374761 9.9982E-05 0.115342 0.0536125 9.9982E-05 0.020023 0.168909 0.421723 0.0872534 0.0954607
9.9973E-05 9.9973E-05 0.192406 0.0228149 0.0182109 9.9973E-05 0.35063 0.22349 0.0631169 0.12903
9.9982E-05 9.9982E-05 0.116749 0.00850218 0.108368 0.0803486 0.281946 0.305471 0.0915567 0.00685834
9.9964E-05 9.9964E-05 0.0675777 0.0148285 0.0687001 9.9964E-05 0.223809 0.587095 0.0375897 9.9964E-05
0.0160312 0.0767089 9.9973E-05 0.0743729 9.9973E-05 9.9973E-05 0.124847 0.535668 0.0783582 0.0937132
9.9973E-05 0.146373 0.0189345 0.0742646 0.0436189 9.9973E-05 0.210225 0.353947 9.9973E-05 0.152337
9.9964E-05 0.0916225 9.9964E-05 0.040637 0.172275 9.9964E-05 0.150096 0.540151 0.00481916 9.9964E-05
0.0221784 0.0410554 0.180229 9.9973E-05 9.9973E-05 0.082394 0.278886 0.394667 9.9973E-05 0.000291172
9.9946E-05 9.9946E-05 9.9946E-05 9.9946E-05 0.0963974 9.9946E-05 0.269981 0.592754 9.9946E-05 0.0402677
0.0820603 9.9973E-05 0.121025 9.9973E-05 0.0389106 9.9973E-05 0.151854 0.538212 0.0240453 0.0435931
0.0771492 0.0135239 0.0759146 9.9982E-05 0.0852818 9.9982E-05 0.136766 0.389847 0.13738 0.0839384
0.268302 0.142924 0.0713157 9.9973E-05 9.9973E-05 0.0214754 9.9973E-05 0.42234 0.0639853 0.00935809
0.0892619 0.119898 0.0620687 9.9982E-05 0.0413783 0.0319273 9.9982E-05 0.511299 0.132005 0.0119618
0.156187 0.00782266 0.200418 9.9982E-05 0.0105039 0.0792703 9.9982E-05 0.478374 0.0500611 0.0171622
0.0664314 0.0608699 0.0834598 0.0315789 0.0527222 9.9991E-05 0.0365823 0.602986 0.0431665 0.0221032
0.13493 0.0610596 0.0604388 9.9973E-05 0.0515906 9.9973E-05 9.9973E-05 0.349071 0.282721 0.0598886
9.9955E-05 9.9955E-05 0.141234 9.9955E-05 0.185381 0.185765 0.0797798 0.407341 9.9955E-05 9.9955E-05
0.0946775 0.0995343 0.14547 9.9982E-05 0.0766993 9.9982E-05 0.0272487 0.503606 0.0416041 0.0109594
0.10632 0.278963 0.136356 9.9982E-05 0.0127423 0.236994 0.0328913 9.9982E-05 0.0741126 0.121422
0.0797871 0.0981739 0.156504 9.9964E-05 9.9964E-05 9.9964E-05 0.0608418 0.513803 0.0904896 9.9964E-05
0.103727 0.0877789 9.9964E-05 9.9964E-05 0.0534458 9.9964E-05 9.9964E-05 0.596169 0.0781725 0.0803076
0.037318 0.0106344 0.0620863 0.0158288 0.045399 9.9982E-05 9.9982E-05 0.44003 0.231765 0.156738
0.0946772 0.207405 0.233602 9.9973E-05 9.9973E-05 0.0605841 9.9973E-05 0.322745 0.045631 0.0350557
0.163059 0.0112572 0.00933881 9.9982E-05 0.0219702 0.11298 9.9982E-05 0.566003 0.0814352 0.0337558
0.0992743 0.0785913 9.9964E-05 9.9964E-05 0.0732869 0.0508958 9.9964E-05 0.549715 0.147837 9.9964E-05
0.336255 0.40351 9.9964E-05 9.9964E-05 0.0190844 0.0701897 9.9964E-05 9.9964E-05 0.110046 0.0605157
0.0586534 0.164938 0.0776696 9.9982E-05 9.9982E-05 0.00223887 0.0426573 0.450766 0.174562 0.0283145
0.137682 0.155849 0.0691299 9.9964E-05 9.9964E-05 9.9964E-05 9.9964E-05 0.455736 0.175811 0.00539186
0.0856542 0.0406887 0.0613448 9.9982E-05 0.0512167 0.0993935 0.000456412 0.532817 0.128229 9.9982E-05
0.137395 0.134527 0.025709 9.9955E-05 9.9955E-05 9.9955E-05 9.9955E-05 0.63359 0.0682796 9.9955E-05
0.185604 9.9964E-05 0.0450843 9.9964E-05 9.9964E-05 0.0902789 0.0173521 0.491842 0.169439 9.9964E-05
0.0309275 9.9973E-05 9.9973E-05 0.0717154 0.350051 0.0483656 9.9973E-05 0.369102 0.0796663 0.0498724
0.0572024 0.0398003 9.9973E-05 9.9973E-05 0.239014 0.13586 9.9973E-05 0.424138 0.0768178 0.026867
9.9946E-05 9.9946E-05 0.0679601 0.0117444 0.8279 9.9946E-05 9.9946E-05 9.9946E-05 9.9946E-05 0.0917962
9.99459E-05 9.99459E-05 9.99459E-05 9.99459E-05 0.902649 0.0185525 0.0552828 9.99459E-05 9.99459E-05 0.0229163
0.0404665 0.0459669 0.0699887 9.9964E-05 0.36263 9.9964E-05 9.9964E-05 0.44649 0.0340583 9.9964E-05
0.0248611 0.114232 0.0504033 9.9973E-05 0.136848 0.0108252 9.9973E-05 0.413331 0.2492 9.9973E-05
0.0298851 0.160389 9.9955E-05 9.9955E-05 0.161116 9.9955E-05 9.9955E-05 0.398832 0.249278 9.9955E-05
0.118003 0.252127 0.0738758 9.9973E-05 0.176503 0.0226238 9.9973E-05 0.15192 0.204649 9.9973E-05
0.0830719 0.253385 9.9955E-05 9.9955E-05 0.143033 9.9955E-05 9.9955E-05 0.327739 0.192271 9.9955E-05
9.9964E-05 0.240726 9.9964E-05 0.0116807 0.576374 0.0288464 9.9964E-05 0.105822 0.0361514 9.9964E-05
0.0262036 0.200911 9.9955E-05 9.9955E-05 0.605879 9.9955E-05 9.9955E-05 0.140092 0.0264156 9.9955E-05
9.9955E-05 0.0081279 9.9955E-05 0.0453161 0.373305 9.9955E-05 9.9955E-05 0.486966 0.0857851 9.9955E-05
0.0207656 9.9946E-05 9.9946E-05 9.9946E-05 0.498181 9.9946E-05 9.9946E-05 0.381294 0.0991592 9.9946E-05
0.0680551 0.0711466 9.9955E-05 9.9955E-05 0.664704 9.9955E-05 9.9955E-05 0.163745 0.0318499 9.9955E-05
0.0980088 9.9964E-05 0.0134065 9.9964E-05 0.288546 9.9964E-05 9.9964E-05 0.483966 0.0584013 0.0572712
0.0245517 9.9964E-05 9.9964E-05 0.0688404 0.294148 0.072196 9.9964E-05 0.464682 0.0751818 9.9964E-05
0.0651396 9.9982E-05 0.150198 0.0478899 0.169275 0.0682117 9.9982E-05 0.348195 0.0492235 0.101668
0.0240496 9.9964E-05 0.0802483 0.010809 0.597269 9.9964E-05 0.0104581 0.276767 9.9964E-05 9.9964E-05
9.9964E-05 9.9964E-05 0.080218 9.9964E-05 0.516262 0.0341902 0.0265618 0.292655 9.9964E-05 0.0497131
0.0572754 9.9973E-05 0.0301255 0.0594101 0.315025 0.0217355 0.0143162 0.501813 9.9973E-05 9.9973E-05
0.0607295 9.9964E-05 9.9964E-05 0.00432729 0.383247 0.0530217 0.0821072 0.416167 9.9964E-05 9.9964E-05
0.0390941 0.115544 0.0123533 9.9991E-05 0.184983 0.0138095 0.0698836 0.339198 0.151838 0.0731975
9.9973E-05 9.9973E-05 0.0768249 0.00935856 0.368425 0.175831 0.012974 0.346218 9.9973E-05 0.0100683
9.9955E-05 9.9955E-05 9.9955E-05 0.0971992 0.704286 0.0454335 0.0165037 0.136078 9.9955E-05 9.9955E-05
0.0266597 0.0431481 9.9955E-05 9.9955E-05 0.387674 9.9955E-05 9.9955E-05 0.524761 0.017258 9.9955E-05
0.000932242 9.9973E-05 0.0352453 0.0571794 0.714016 9.9973E-05 0.00203578 0.180119 9.9973E-05 0.0101721
0.00175914 9.9964E-05 0.0084947 0.0413944 0.53708 0.0434553 9.9964E-05 0.367417 9.9964E-05 9.9964E-05
0.0762469 0.0654117 9.9991E-05 0.0650249 0.195922 0.0104267 0.0220299 0.43139 0.0367092 0.0967388
0.0171401 9.9973E-05 9.9973E-05 0.0125099 0.362627 9.9973E-05 0.0354164 0.391318 0.0671379 0.113551
0.151418 9.9964E-05 0.100564 9.9964E-05 0.15915 0.0410563 9.9964E-05 0.345691 0.20172 9.9964E-05
0.0598627 0.114117 0.0433908 9.9982E-05 0.172107 0.0463299 0.0973913 0.333056 0.133545 9.9982E-05
0.0985699 0.181041 0.018983 9.9973E-05 9.9973E-05 0.148703 0.0408775 0.292125 0.2194 9.9973E-05
0.0816813 0.0896839 0.095621 0.083831 0.0559756 0.167467 9.9982E-05 0.183722 0.241819 9.9982E-05
0.0849121 0.058864 0.0914933 0.105285 9.9973E-05 9.9973E-05 9.9973E-05 0.330387 0.222809 0.105949
0.135993 0.0779641 0.012748 9.9982E-05 0.173874 0.0654959 0.0241526 0.411523 0.0980486 9.9982E-05
0.13655 0.145237 9.9946E-05 9.9946E-05 0.625541 9.9946E-05 9.9946E-05 9.9946E-05 0.0920717 9.9946E-05
0.135826 9.9973E-05 9.9973E-05 0.0424859 0.123795 0.0103359 0.0233685 0.506773 0.157117 9.9973E-05
0.27374 0.238255 9.9946E-05 9.9946E-05 0.418292 9.9946E-05 9.9946E-05 9.9946E-05 0.0691134 9.9946E-05
0.0787248 9.9964E-05 9.9964E-05 0.025079 0.235724 9.9964E-05 9.9964E-05 0.485755 0.147625 0.0266924
9.9937E-05 9.9937E-05 9.9937E-05 9.9937E-05 0.773189 9.9937E-05 9.9937E-05 0.0729767 9.9937E-05 0.153135
0.0151836 9.9937E-05 9.9937E-05 9.9937E-05 0.93431 9.9937E-05 9.9937E-05 9.9937E-05 9.9937E-05 0.0498067
9.9937E-05 9.9937E-05 0.116222 9.9937E-05 0.476341 9.9937E-05 9.9937E-05 0.406737 9.9937E-05 9.9937E-05
