0.0391055 0.0298635 0.00713274 0.858584 0.0193268 9.9982E-05 0.0393973 9.9982E-05 0.00639025
0.0138086 0.00112626 9.9964E-05 0.869394 9.9964E-05 0.0648405 0.0504311 9.9964E-05 9.9964E-05
9.9973E-05 0.016183 0.0456956 0.746935 0.0391064 9.9973E-05 0.0490394 9.9973E-05 0.102741
9.9973E-05 0.0642147 0.0870232 0.700572 0.0784975 9.9973E-05 0.0622002 9.9973E-05 0.00719205
9.9955E-05 0.0655995 9.9955E-05 0.817947 0.058 9.9955E-05 9.9955E-05 9.9955E-05 0.0579542
0.0607216 0.0669906 9.9982E-05 0.529409 0.0599894 9.9982E-05 0.0397664 0.199205 0.0437183
9.9964E-05 0.00437547 0.0318464 0.778221 9.9964E-05 9.9964E-05 0.0474314 0.137726 9.9964E-05
9.9964E-05 0.0918901 0.0544129 0.686947 9.9964E-05 9.9964E-05 0.0412813 0.125069 9.9964E-05
0.0502009 0.0824253 0.00643886 0.823126 9.99729E-05 0.0104088 9.99729E-05 0.0270999 9.99729E-05
9.9982E-05 0.0551165 9.9982E-05 0.629467 0.0622334 0.0153646 0.047137 0.111225 0.0792568
9.9964E-05 0.0519886 0.07358 0.721015 9.9964E-05 9.9964E-05 9.9964E-05 0.139638 0.0133793
0.0655478 0.00029837 0.826772 9.9964E-05 0.032456 9.9964E-05 9.9964E-05 9.9964E-05 0.0745256
0.0207175 0.0414005 0.3338 9.9991E-05 0.059211 0.0623295 0.0486281 0.010992 0.422821
9.9964E-05 9.9964E-05 0.740165 9.9964E-05 0.0595286 0.0548441 0.0433977 9.9964E-05 0.101665
9.9955E-05 9.9955E-05 0.713013 9.9955E-05 0.166001 9.9955E-05 0.0144555 9.9955E-05 0.106031
9.9964E-05 9.9964E-05 0.438718 0.132384 0.124371 9.9964E-05 9.9964E-05 0.0346187 0.269509
9.9973E-05 9.9973E-05 0.262126 0.0129027 0.0924633 0.0675256 0.0312494 9.9973E-05 0.533433
0.108883 9.9982E-05 0.450586 9.9982E-05 0.115482 0.0283873 0.0237797 0.0157593 0.256923
9.9955E-05 9.9955E-05 0.61102 0.11946 0.0955713 9.9955E-05 9.9955E-05 9.9955E-05 0.173449
9.9982E-05 0.0708761 0.830868 0.0287223 0.00594618 0.0061507 0.0101544 0.0470824 9.9982E-05
0.0862123 0.0496868 0.338047 9.9982E-05 0.0681518 0.071313 9.9982E-05 0.0243007 0.362089
0.146779 0.0304687 0.246215 9.9991E-05 0.117593 0.0648477 0.0356964 0.0724485 0.285853
0.118788 9.9982E-05 0.260641 0.0449633 0.0696584 0.0202367 9.9982E-05 0.0161394 0.469373
0.0229066 9.9973E-05 0.685876 9.9973E-05 0.100666 0.0111948 0.0211262 9.9973E-05 0.157931
0.0483634 0.0165565 0.0448152 0.111852 0.0268778 0.0310488 0.0240169 0.0966429 0.599827
9.9973E-05 9.9973E-05 0.39924 0.0197292 0.0769419 9.9973E-05 0.0401063 0.0245068 0.439175
0.00893306 9.9982E-05 0.843009 0.0110101 0.0843157 9.9982E-05 0.0372541 0.00727539 0.00800282
9.9955E-05 9.9955E-05 0.783935 0.0054434 0.164824 9.9955E-05 9.9955E-05 9.9955E-05 0.0452979
9.9964E-05 9.9964E-05 0.795797 9.9964E-05 0.0696912 0.081785 9.9964E-05 0.0422933 0.0100342
9.993E-05 9.993E-05 9.993E-05 9.993E-05 9.993E-05 9.993E-05 0.999201 9.993E-05 9.993E-05
9.993E-05 9.993E-05 9.993E-05 9.993E-05 9.993E-05 9.993E-05 0.999201 9.993E-05 9.993E-05
9.9955E-05 9.9955E-05 9.9955E-05 0.471106 0.0308503 9.9955E-05 0.401885 9.9955E-05 0.0956581
0.0826772 9.9964E-05 9.9964E-05 0.536684 0.0398395 9.9964E-05 0.262838 9.9964E-05 0.077561
0.166565 0.0297433 0.238313 0.0445148 0.0196689 0.00249133 9.9991E-05 0.0179087 0.480695
0.299213 9.9973E-05 9.9973E-05 0.151204 0.00234708 9.9973E-05 0.0300147 0.0264495 0.490472
0.381117 9.9964E-05 9.9964E-05 0.00127229 9.9964E-05 9.9964E-05 0.0516175 0.045206 0.520387
0.063719 0.141658 0.611772 0.0691214 9.9982E-05 0.0204427 9.9982E-05 0.0198286 0.0732582
0.594502 9.9973E-05 9.9973E-05 9.9973E-05 0.0378559 0.0362325 0.0754449 0.00716134 0.248503
0.164454 0.0645717 0.189461 0.0670307 0.0519818 0.0109292 0.0180439 9.9991E-05 0.433428
0.132431 9.9982E-05 9.9982E-05 0.029859 0.0337972 0.017942 0.0433207 0.0553938 0.687056
0.192498 0.0518864 0.00454359 0.0575256 9.9982E-05 9.9982E-05 0.0327756 0.111581 0.548989
0.0625011 0.0411487 0.101926 0.0484742 9.9991E-05 0.0238585 0.0936382 0.0594544 0.568899
0.680763 0.000752627 0.157099 0.0345881 9.9982E-05 9.9982E-05 0.0353602 0.0473726 0.0438648
0.0360177 9.9973E-05 0.0843524 0.00990316 0.0814191 9.9973E-05 9.9973E-05 0.254088 0.53392
0.281854 9.9964E-05 0.060785 9.9964E-05 0.122785 9.9964E-05 9.9964E-05 0.0687559 0.46542
0.0780764 9.9982E-05 0.15829 0.0770643 0.122287 9.9982E-05 0.00734041 0.0477243 0.509017
0.611835 9.9964E-05 9.9964E-05 9.9964E-05 0.00320659 9.9964E-05 0.00603291 0.0584942 0.320032
0.208603 9.9964E-05 9.9964E-05 0.069957 9.9964E-05 0.0775993 0.00471681 9.9964E-05 0.638724
0.110004 0.0372209 0.12522 0.0770036 0.0145056 0.00690042 0.0226849 0.146587 0.459874
0.583651 9.9955E-05 9.9955E-05 0.072158 9.9955E-05 0.0802073 9.9955E-05 0.263484 9.9955E-05
0.121367 0.180176 0.359524 9.9973E-05 9.9973E-05 0.0767731 9.9973E-05 0.12108 0.140781
0.202746 0.010134 0.299699 0.0178787 9.9982E-05 0.0630899 9.9982E-05 0.366973 0.0392792
0.0353842 0.169458 0.123252 0.075406 0.0709477 0.0420383 9.9982E-05 9.9982E-05 0.483314
9.9982E-05 9.9982E-05 0.185092 0.068233 0.112409 0.0645744 0.0319764 0.0433652 0.49415
0.0401828 0.0631877 0.043109 0.0464872 0.0505479 0.0473028 0.0400271 0.043261 0.625895
0.279739 0.211985 0.210102 0.110055 9.9991E-05 0.0546188 0.016277 0.0190613 0.0980618
9.9964E-05 0.177617 0.145769 9.9964E-05 9.9964E-05 0.0286192 9.9964E-05 0.108765 0.538831
9.9973E-05 9.9973E-05 0.240857 0.0534625 0.062063 0.0126758 9.9973E-05 0.136732 0.49391
0.233939 0.0359121 0.170055 0.121132 0.0330741 0.00477716 0.00150106 0.1078 0.291811
0.0506109 0.0657019 0.455374 0.169788 0.032798 0.0396384 0.0500737 0.118082 0.0179328
0.0526353 0.00470152 0.165158 0.0640645 0.0092617 0.0110649 0.0735858 0.0971185 0.52241
9.9973E-05 9.9973E-05 0.367474 0.0689165 0.0281042 0.116759 9.9973E-05 0.0500396 0.368407
0.113146 0.113534 0.556224 9.9973E-05 9.9973E-05 0.0355072 0.0678653 0.113423 9.9973E-05
0.0555306 9.9973E-05 0.423743 9.9973E-05 0.0344905 0.0368101 9.9973E-05 0.03449 0.414635
0.0605572 9.9982E-05 0.00650859 9.9982E-05 0.0895198 0.176086 0.0069693 0.0798946 0.580264
0.107024 0.0881985 0.136172 9.9991E-05 0.0108549 0.033151 0.0762811 0.05168 0.496538
0.195281 0.0250216 0.291522 0.0508755 0.0326216 0.0996063 9.9991E-05 0.0929897 0.211982
0.0297324 9.9982E-05 0.287435 9.9982E-05 0.0800374 0.138509 0.0573474 0.0292353 0.377503
9.9964E-05 0.127542 0.110922 9.9964E-05 9.9964E-05 0.0546008 0.0918266 9.9964E-05 0.614709
0.0511319 0.0831774 0.508863 9.9982E-05 9.9982E-05 0.115244 0.0495099 0.112306 0.0795681
0.461746 0.0027497 0.0328237 9.9955E-05 9.9955E-05 9.9955E-05 9.9955E-05 9.9955E-05 0.502181
0.695619 9.9955E-05 0.157613 9.9955E-05 9.9955E-05 9.9955E-05 0.00991327 9.9955E-05 0.136355
0.251055 9.9973E-05 0.0463803 0.0243518 9.9973E-05 0.0740691 0.0623698 9.9973E-05 0.541474
0.887343 9.9955E-05 9.9955E-05 0.00737205 9.9955E-05 0.0216862 9.9955E-05 0.0830985 9.9955E-05
0.777569 9.9973E-05 0.0614598 0.0135412 9.9973E-05 0.136822 0.00394893 0.00635912 9.9973E-05
0.63856 9.9964E-05 9.9964E-05 9.9964E-05 0.00414896 0.0548533 9.9964E-05 0.0277393 0.274298
0.469309 9.9964E-05 0.0869165 0.0191356 9.9964E-05 9.9964E-05 0.0413853 9.9964E-05 0.382854
0.136667 0.119481 0.0449336 0.0936884 0.0446343 0.00269098 0.0266956 9.9991E-05 0.531109
0.435352 9.9973E-05 0.134636 9.9973E-05 0.0631972 9.9973E-05 0.0366931 0.0328363 0.296985
0.63585 0.112963 0.110819 0.0250089 0.0871929 9.9973E-05 9.9973E-05 9.9973E-05 0.0278652
0.554552 0.194262 0.00699922 9.9973E-05 0.0207902 9.9973E-05 0.0130639 9.9973E-05 0.210032
0.273867 0.0646543 0.00849977 0.036223 0.0684113 0.0599638 0.00831185 9.9991E-05 0.479969
0.613438 9.9973E-05 0.0801816 0.0496402 0.0311576 0.00697261 9.9973E-05 9.9973E-05 0.218311
0.412542 0.00271456 0.13087 0.0167067 9.9982E-05 9.9982E-05 0.0157733 0.0303574 0.390837
0.548958 9.9964E-05 9.9964E-05 9.9964E-05 0.014755 0.066372 9.9964E-05 0.0134198 0.356096
0.729027 9.9973E-05 0.00200294 0.00739588 9.9973E-05 0.114295 0.00132111 0.145658 9.9973E-05
0.171599 0.0882098 9.9982E-05 0.0291873 0.0876868 0.0550122 0.0447079 9.9982E-05 0.523397
9.9973E-05 0.0307048 0.0239913 0.762644 0.000821213 9.9973E-05 0.0590098 9.9973E-05 0.122529
9.9946E-05 9.9946E-05 9.9946E-05 0.801714 9.9946E-05 9.9946E-05 0.100122 9.9946E-05 0.0975644
9.9955E-05 9.9955E-05 9.9955E-05 0.827814 0.0404907 9.9955E-05 0.0973185 9.9955E-05 0.0338766
0.0134589 9.9973E-05 9.9973E-05 0.782696 0.0249913 9.9973E-05 0.11853 0.0239765 0.0360475
9.9955E-05 9.9955E-05 9.9955E-05 0.774886 9.9955E-05 9.9955E-05 0.108687 0.00316661 0.11276
9.9964E-05 0.030748 9.9964E-05 0.870865 0.00966026 9.9964E-05 0.0391509 9.9964E-05 0.0491761
9.9964E-05 9.9964E-05 9.9964E-05 0.870324 0.0295111 0.00706868 0.0716794 9.9964E-05 0.0210165
0.209769 0.0514222 0.129068 0.105592 9.9982E-05 9.9982E-05 0.0263494 0.043997 0.433603
0.138596 0.0628086 0.120773 0.0783061 0.0636241 0.0129862 9.9982E-05 9.9982E-05 0.522706
0.719644 9.9964E-05 0.196903 0.0621543 9.9964E-05 0.0132318 9.9964E-05 9.9964E-05 0.00766777
0.16446 0.0273309 0.101062 0.107357 0.117507 0.0130391 9.9991E-05 0.00880816 0.460335
0.401283 0.0332325 0.10788 0.0558917 9.9964E-05 9.9964E-05 9.9964E-05 9.9964E-05 0.401313
0.188607 9.9982E-05 9.9982E-05 0.0979724 0.0228708 0.172653 0.00243739 0.00215072 0.513109
0.291566 9.9973E-05 0.105224 0.0213157 9.9973E-05 0.0894505 0.0153734 9.9973E-05 0.476771
0.48482 0.00604019 9.9982E-05 0.0316026 0.0383039 0.0124665 0.0293765 9.9982E-05 0.39719
0.671952 0.0926103 0.0971236 0.101513 9.9964E-05 0.0364013 9.9964E-05 9.9964E-05 9.9964E-05
0.250937 9.9982E-05 0.0483532 0.139802 0.0241494 0.0987947 0.014986 9.9982E-05 0.422777
0.257375 0.0395264 0.0982711 0.0470309 0.0529181 9.9982E-05 9.9982E-05 0.0114025 0.493276
0.121804 0.075362 0.14229 0.0613508 0.039665 9.9982E-05 9.9982E-05 0.00799537 0.551333
0.468736 9.9964E-05 9.9964E-05 9.9964E-05 9.9964E-05 0.0687156 0.0428062 0.130355 0.288987
0.368514 0.0509637 9.9982E-05 9.9982E-05 0.0328405 0.0376795 0.00664555 0.0706665 0.43249
0.364289 0.0162784 0.164348 0.00103214 9.9982E-05 0.0244205 0.0173222 9.9982E-05 0.41211
0.634866 9.9946E-05 9.9946E-05 9.9946E-05 0.109433 9.9946E-05 9.9946E-05 9.9946E-05 0.255101
0.41972 0.0552161 0.0376045 0.0362576 9.9973E-05 0.0204879 9.9973E-05 9.9973E-05 0.430414
0.179262 0.0722588 0.0777043 0.0514229 0.0421291 0.0882781 0.0500078 9.9991E-05 0.438837
0.000665194 0.141054 0.238979 0.00164385 0.0477386 0.203744 9.9991E-05 0.164961 0.201116
0.0156351 0.196697 0.273723 0.0518596 0.0816532 9.9991E-05 0.0706215 0.00983885 0.299873
0.0321619 0.0894266 0.126227 0.120538 0.0551602 0.0787633 0.0331108 0.0510025 0.41361
0.15145 0.073943 9.9973E-05 0.0812785 9.9973E-05 9.9973E-05 0.0542542 0.0165747 0.6222
0.0343593 0.0440842 0.33507 9.9973E-05 9.9973E-05 0.0704609 0.0878841 9.9973E-05 0.427841
9.9964E-05 0.130532 0.345407 9.9964E-05 0.0340165 9.9964E-05 9.9964E-05 0.0954812 0.394164
9.9964E-05 0.201856 0.262388 0.0231958 9.9964E-05 0.0858412 9.9964E-05 9.9964E-05 0.426319
0.0605498 0.10808 0.0720965 0.04655 0.000577838 0.0941135 0.0408461 0.0711001 0.506087
0.120134 0.0945897 9.9991E-05 0.0358858 0.0476008 0.0332727 0.0341873 0.0819803 0.552249
0.0748644 0.0663715 0.23811 0.055401 0.00782665 0.0411453 0.0387392 9.9991E-05 0.477442
9.9955E-05 0.182021 0.254562 9.9955E-05 9.9955E-05 0.0418961 9.9955E-05 9.9955E-05 0.521021
0.0805846 0.0967323 0.0433427 9.9991E-05 0.0812469 0.0708267 0.0144451 0.10814 0.504582
0.14997 0.0968239 0.136058 0.0847089 0.0989263 9.9982E-05 9.9982E-05 0.03753 0.395783
0.00524932 0.111537 0.27648 9.9973E-05 0.0366017 0.0279408 9.9973E-05 9.9973E-05 0.541891
0.0147896 0.108184 9.9991E-05 0.00926109 0.016491 0.0858756 0.0930835 0.130714 0.541501
0.00441573 0.144698 0.170586 9.9982E-05 0.130781 0.0714466 0.00435989 9.9982E-05 0.473513
9.9982E-05 0.0266664 0.375978 0.043887 9.9982E-05 0.126243 0.0267995 0.0900047 0.310221
0.0122755 0.0568554 0.268898 0.0393247 0.0583046 9.9982E-05 0.0196929 9.9982E-05 0.544449
0.0136404 0.121629 0.0509501 9.9991E-05 0.0433746 0.0735489 0.0051819 0.0432638 0.648311
0.0513122 0.0638866 0.441359 0.0346356 0.0729792 0.187986 0.00716563 9.9991E-05 0.140576
0.0512258 0.143325 0.258515 0.0204221 0.0483699 0.184804 9.9991E-05 0.185443 0.107794
0.0590117 0.144972 0.146607 0.0130447 9.9973E-05 9.9973E-05 9.9973E-05 0.0622603 0.573804
0.181638 0.157881 0.167121 9.9982E-05 0.0160569 0.247086 9.9982E-05 0.190814 0.0392037
0.113256 0.129186 0.420502 0.0229439 9.9973E-05 0.0859702 9.9973E-05 9.9973E-05 0.227842
0.0833004 0.154307 0.325352 0.0096142 9.9973E-05 0.0809873 9.9973E-05 9.9973E-05 0.346138
0.175096 0.150319 0.327187 9.9973E-05 9.9973E-05 0.064551 0.053648 9.9973E-05 0.228899
0.0651083 0.138071 0.486423 0.056782 9.9973E-05 0.0529985 9.9973E-05 9.9973E-05 0.200318
0.0391831 9.9991E-05 0.0796039 0.0554181 0.00964107 0.0402025 0.0370151 0.133378 0.605458
0.094787 0.103008 0.111467 0.0886682 0.0869453 9.9982E-05 9.9982E-05 0.00681925 0.508106
0.077166 9.9982E-05 0.214418 0.0590856 0.00418417 0.0638317 0.0438073 9.9982E-05 0.537307
0.0928108 0.122113 0.402545 9.9982E-05 0.072983 0.0886033 9.9982E-05 0.171893 0.0488519
0.0872559 0.0756077 0.0703269 0.16083 9.9982E-05 0.0652198 0.00924564 9.9982E-05 0.531314
0.117847 9.9991E-05 0.117133 0.0216551 0.125137 0.0234793 0.0186966 0.190923 0.385029
0.0899426 0.0538726 0.107658 0.106347 9.9973E-05 0.170861 9.9973E-05 0.471019 9.9973E-05
0.0986098 9.9973E-05 0.0255123 0.106085 9.9973E-05 0.0806874 9.9973E-05 0.0685666 0.620239
0.130631 9.9973E-05 0.0891258 0.105465 9.9973E-05 0.144623 9.9973E-05 0.177975 0.35188
9.9973E-05 0.00787242 9.9973E-05 0.142866 0.0683616 0.180651 9.9973E-05 0.120183 0.479765
0.0748994 0.0872227 0.0293645 0.0534251 9.9991E-05 0.0495389 0.0160707 0.424619 0.26476
0.0288088 0.124466 0.130452 0.0294763 9.9991E-05 0.182112 0.0312837 0.303853 0.169448
0.0531357 0.138832 0.0590788 0.0342662 9.9991E-05 0.121931 0.00927724 0.0969754 0.486404
0.0336646 0.0217683 9.9982E-05 0.108552 0.0204314 0.11043 9.9982E-05 0.165018 0.539937
0.0924481 0.0264173 0.116108 0.157948 0.0274799 0.00665291 9.9991E-05 0.180612 0.392234
0.224995 0.00873417 0.0925806 0.0417408 0.141039 0.153313 0.0175711 0.319927 9.9991E-05
0.127128 0.0199037 0.16235 0.0719928 0.0581543 0.0765426 9.9991E-05 0.0771364 0.406692
0.176724 0.0115829 0.0982962 9.9964E-05 9.9964E-05 9.9964E-05 9.9964E-05 0.371285 0.341712
0.0977624 0.041464 0.132549 9.9973E-05 9.9973E-05 0.116861 9.9973E-05 0.143336 0.467728
0.0819047 0.0449385 0.0760047 0.105404 0.0309037 0.0361303 0.0248915 0.0597597 0.540063
9.9973E-05 9.9973E-05 0.136656 0.25124 0.314404 9.9973E-05 0.0297723 0.206851 0.0607768
9.9955E-05 9.9955E-05 9.9955E-05 0.480344 0.159736 9.9955E-05 0.00882395 0.350596 9.9955E-05
9.9964E-05 9.9964E-05 9.9964E-05 0.373984 0.167514 0.0219578 0.0201095 0.416035 9.9964E-05
9.9973E-05 0.0237468 0.0248206 0.336442 0.331202 9.9973E-05 9.9973E-05 0.199099 0.0843906
0.103673 9.9946E-05 9.9946E-05 9.9946E-05 9.9946E-05 9.9946E-05 9.9946E-05 0.28256 0.613167
0.00620298 0.0357389 0.144825 0.0341008 0.0785687 0.0964102 0.0556557 0.0653572 0.483141
9.9955E-05 9.9955E-05 0.0565968 9.9955E-05 0.68282 9.9955E-05 0.0218385 9.9955E-05 0.238245
0.0825518 9.9973E-05 0.17312 9.9973E-05 0.429802 0.0288677 0.0423736 9.9973E-05 0.242985
0.110751 0.051445 0.0595747 0.00152806 0.376796 9.9991E-05 0.0254175 0.0772631 0.297125
0.136909 0.0167154 9.9973E-05 9.9973E-05 9.9973E-05 0.149954 0.02281 0.376845 0.296467
0.105557 0.12651 9.9982E-05 0.022087 0.0662895 9.9982E-05 0.0245734 0.246088 0.408696
0.0751891 9.9964E-05 0.0426204 9.9964E-05 9.9964E-05 0.217325 9.9964E-05 0.491614 0.172852
0.0624263 9.9964E-05 9.9964E-05 9.9964E-05 9.9964E-05 0.0143631 0.0210898 0.329521 0.5722
0.0725531 9.9973E-05 0.0437301 9.9973E-05 9.9973E-05 0.173956 0.00708681 0.21803 0.484345
0.00435582 0.0263047 0.0203732 0.0147861 0.0628274 0.0966121 9.9991E-05 0.230917 0.543724
0.145619 9.9964E-05 0.105582 9.9964E-05 9.9964E-05 0.192218 9.9964E-05 0.412639 0.143543
0.0571688 0.0853784 9.9982E-05 0.0294863 0.0997221 0.080044 9.9982E-05 0.0392431 0.608757
0.00776443 0.0515098 9.9964E-05 0.111331 9.9964E-05 9.9964E-05 9.9964E-05 0.208636 0.620358
0.00516338 9.9955E-05 9.9955E-05 0.0211712 0.915205 9.9955E-05 9.9955E-05 9.9955E-05 0.0579602
9.9946E-05 9.9946E-05 9.9946E-05 9.9946E-05 0.930003 0.0609723 9.9946E-05 9.9946E-05 0.00842551
0.107977 9.9973E-05 0.053167 0.065575 0.56343 0.0240236 9.9973E-05 9.9973E-05 0.185527
9.9955E-05 0.048397 9.9955E-05 9.9955E-05 0.680094 0.0116527 9.9955E-05 9.9955E-05 0.259357
0.0836351 9.9964E-05 9.9964E-05 0.0176844 0.752608 9.9964E-05 0.0224081 9.9964E-05 0.123264
9.993E-05 9.993E-05 9.993E-05 9.993E-05 0.999201 9.993E-05 9.993E-05 9.993E-05 9.993E-05
9.9946E-05 0.034992 9.9946E-05 9.9946E-05 0.948468 0.0159405 9.9946E-05 9.9946E-05 9.9946E-05
9.9946E-05 9.9946E-05 9.9946E-05 9.9946E-05 0.875558 0.0501136 9.9946E-05 9.9946E-05 0.0737286
9.9937E-05 0.0531047 9.9937E-05 9.9937E-05 0.946196 9.9937E-05 9.9937E-05 9.9937E-05 9.9937E-05
9.993E-05 9.993E-05 9.993E-05 9.993E-05 0.999201 9.993E-05 9.993E-05 9.993E-05 9.993E-05
9.9937E-05 9.9937E-05 9.9937E-05 9.9937E-05 0.982098 9.9937E-05 0.0172029 9.9937E-05 9.9937E-05
9.9955E-05 9.9955E-05 0.0845965 9.9955E-05 0.716522 9.9955E-05 0.0307513 9.9955E-05 0.167631
0.00344882 0.032863 9.9982E-05 0.0252357 0.714923 0.0317858 0.000272252 9.9982E-05 0.191271
0.0577864 9.9946E-05 9.9946E-05 9.9946E-05 0.934323 9.9946E-05 0.0072913 9.9946E-05 9.9946E-05
0.0173439 0.0356045 0.0631223 0.00645273 0.37 9.9982E-05 9.9982E-05 0.156505 0.350772
0.0297503 9.9973E-05 0.0185287 0.0310799 0.72152 9.9973E-05 0.0227658 9.9973E-05 0.176056
0.00996745 0.0176394 9.9973E-05 0.0279656 0.735246 9.9973E-05 0.018402 9.9973E-05 0.19048
9.9964E-05 9.9964E-05 0.0636229 0.00547613 0.822289 9.9964E-05 0.0168058 9.9964E-05 0.091406
9.9946E-05 0.0133615 9.9946E-05 9.9946E-05 0.971606 9.9946E-05 9.9946E-05 9.9946E-05 0.0144331
9.9973E-05 0.0267224 0.00612869 0.021396 0.862776 0.0254562 9.9973E-05 9.9973E-05 0.0572203
9.993E-05 9.993E-05 9.993E-05 9.993E-05 0.999201 9.993E-05 9.993E-05 9.993E-05 9.993E-05
0.0558397 0.0954039 0.0481895 0.0498148 0.577836 9.9982E-05 0.00847961 9.9982E-05 0.164237
0.0181907 0.0297252 9.9982E-05 0.00255681 0.874971 0.0313152 0.0253794 9.9982E-05 0.017662
9.9964E-05 9.9964E-05 0.0312267 0.273702 0.0164156 0.0741631 9.9964E-05 0.604093 9.9964E-05
9.9973E-05 0.169701 9.9973E-05 0.140525 0.0525771 9.9973E-05 0.0400219 0.20572 0.391156
0.00260644 0.0930565 9.9991E-05 0.161889 0.0897576 0.0212306 0.0527878 0.215665 0.362907
0.101903 0.0572585 9.9991E-05 0.123474 0.169189 0.025752 0.062293 0.406819 0.0532115
0.0164846 9.9982E-05 0.0703608 0.142709 0.106347 0.036002 9.9982E-05 0.196196 0.4317
0.105281 9.9982E-05 9.9982E-05 0.202816 0.0895167 0.0224307 0.0269115 0.355743 0.1971
0.0294466 9.9982E-05 0.0359867 0.183983 0.0703201 0.120996 9.9982E-05 0.166205 0.392863
0.0408261 9.9973E-05 9.9973E-05 0.103699 0.118222 0.0587021 9.9973E-05 0.33233 0.345921
9.9973E-05 0.049349 9.9973E-05 0.0461583 0.113217 9.9973E-05 0.0873321 0.24297 0.460674
9.9964E-05 9.9964E-05 9.9964E-05 0.116946 0.23413 9.9964E-05 0.0281629 0.335612 0.284749
0.166604 0.0204171 9.9982E-05 0.15015 0.0789655 9.9982E-05 0.0476183 0.0789339 0.457111
9.9955E-05 0.110715 9.9955E-05 0.807082 9.9955E-05 9.9955E-05 9.9955E-05 0.0325329 0.0491698
9.9955E-05 9.9955E-05 9.9955E-05 0.853212 0.0341428 0.0484778 0.0636677 9.9955E-05 9.9955E-05
0.013335 0.0110617 0.00668958 0.91483 9.9973E-05 9.9973E-05 0.0454588 0.00832471 9.9973E-05
9.9955E-05 0.0360319 9.9955E-05 0.907727 9.9955E-05 9.9955E-05 0.0128586 9.9955E-05 0.0428823
9.9964E-05 9.9964E-05 0.0729486 0.806599 0.00650158 9.9964E-05 0.0909509 0.0226001 9.9964E-05
9.9955E-05 9.9955E-05 9.9955E-05 0.817853 0.0838394 0.0447161 0.0530913 9.9955E-05 9.9955E-05
0.0146466 9.9964E-05 9.9964E-05 0.851881 0.0806134 9.9964E-05 0.0448225 9.9964E-05 0.00763637
0.00923863 9.9973E-05 9.9973E-05 0.8184 0.0272962 0.0245703 0.013576 0.106619 9.9973E-05
0.0530024 9.9964E-05 9.9964E-05 0.900011 0.0255302 9.9964E-05 0.00937431 9.9964E-05 0.0116824
9.9964E-05 9.9964E-05 0.0444025 0.819232 0.0883658 9.9964E-05 0.0321059 0.0154942 9.9964E-05
0.0986788 0.045741 0.184823 0.56209 9.9973E-05 0.0559111 0.0524563 9.9973E-05 9.9973E-05
0.0548367 0.213183 0.142856 0.5584 0.0174227 0.00856698 0.00453465 9.9982E-05 9.9982E-05
9.9973E-05 0.0960315 0.230653 0.496715 9.9973E-05 0.081325 0.0587648 0.0362108 9.9973E-05
0.0617029 0.0813543 0.282734 0.489624 9.9973E-05 0.0715078 9.9973E-05 0.012778 9.9973E-05
0.260078 9.9973E-05 0.224534 0.0114308 0.027145 9.9973E-05 0.0192017 9.9973E-05 0.45731
0.271466 0.0471947 0.0636838 0.00446757 0.0622475 0.103052 9.9982E-05 9.9982E-05 0.447688
0.114562 0.0540258 0.217643 0.0217611 0.00255042 0.0415554 0.0162149 0.0160046 0.515682
0.0794149 0.110857 0.22207 0.0180225 9.9991E-05 0.106799 0.012729 0.067208 0.382801
0.0802728 0.263679 0.486954 9.9973E-05 0.0438208 0.0298496 9.9973E-05 9.9973E-05 0.0951237
0.136248 0.0656815 0.0614138 0.0343433 0.0292224 0.0609494 9.9982E-05 9.9982E-05 0.611941
0.260972 0.086872 0.075826 9.9964E-05 9.9964E-05 9.9964E-05 9.9964E-05 0.0263481 0.549582
0.285764 0.0499063 0.058993 9.9973E-05 9.9973E-05 0.00256379 9.9973E-05 0.107965 0.494508
0.518004 0.0674963 9.9964E-05 9.9964E-05 0.039664 0.0443588 9.9964E-05 9.9964E-05 0.330077
0.141909 0.0657916 0.00410666 0.0481285 0.0242831 0.0369041 9.9991E-05 0.0530485 0.625729
0.425525 0.0715799 0.0435273 9.9973E-05 9.9973E-05 9.9973E-05 0.00637708 0.0326029 0.420087
0.683199 0.0551367 0.0421396 9.9964E-05 9.9964E-05 0.2133 9.9964E-05 0.00582523 9.9964E-05
0.12657 0.0721122 0.138387 0.0252256 0.0411096 9.9991E-05 0.0291087 0.114891 0.452497
0.47259 9.9964E-05 9.9964E-05 9.9964E-05 0.0336567 0.0896451 9.9964E-05 0.163951 0.239757
0.358933 0.0306182 9.9982E-05 0.00656586 9.9982E-05 0.00794545 0.025668 0.0494816 0.520588
0.621352 0.00362506 0.277268 0.0388558 9.9964E-05 9.9964E-05 9.9964E-05 9.9964E-05 0.0584984
9.9964E-05 0.822286 9.9964E-05 0.0548385 9.9964E-05 9.9964E-05 0.00904686 0.0948874 0.0185414
9.9964E-05 0.841246 9.9964E-05 0.0225139 9.9964E-05 0.0158249 9.9964E-05 0.0835102 0.0365055
9.9946E-05 0.968623 9.9946E-05 9.9946E-05 9.9946E-05 0.0260974 0.00467962 9.9946E-05 9.9946E-05
9.9946E-05 0.91211 9.9946E-05 0.0401303 9.9946E-05 9.9946E-05 9.9946E-05 0.0471602 9.9946E-05
9.9964E-05 0.85847 9.9964E-05 9.9964E-05 0.0583921 0.00440602 9.9964E-05 0.0663933 0.0119383
9.9955E-05 0.862075 9.9955E-05 9.9955E-05 0.0706112 9.9955E-05 9.9955E-05 0.00491847 0.0618957
9.9955E-05 9.9955E-05 9.9955E-05 0.83594 0.0408258 9.9955E-05 0.0404263 9.9955E-05 0.0823085
9.9964E-05 0.0338428 9.9964E-05 0.799603 0.0340349 9.9964E-05 0.00564146 9.9964E-05 0.126478
9.9955E-05 9.9955E-05 9.9955E-05 0.704308 0.0874203 9.9955E-05 0.0562095 9.9955E-05 0.151563
9.9964E-05 9.9964E-05 0.107318 0.729807 0.0876778 9.9964E-05 0.0134062 9.9964E-05 0.0613905
9.9965E-05 9.9965E-05 0.0261329 0.780901 0.0737513 9.9965E-05 0.0297153 9.9965E-05 0.0890991
0.0937509 0.451502 0.0510434 0.383693 9.9973E-05 9.9973E-05 0.0112049 0.00850613 9.9973E-05
0.0291835 0.380377 0.00323261 0.431874 9.9973E-05 0.142538 9.9973E-05 0.0124947 9.9973E-05
0.0529367 0.429455 9.9964E-05 0.40311 9.9964E-05 0.0931444 0.0209543 9.9964E-05 9.9964E-05
9.993E-05 9.993E-05 9.993E-05 9.993E-05 9.993E-05 9.993E-05 0.999201 9.993E-05 9.993E-05
0.062355 0.500207 9.9964E-05 0.314677 9.9964E-05 0.094586 0.0277748 9.9964E-05 9.9964E-05
9.9982E-05 0.0270232 0.00523858 0.184684 0.332525 0.0594415 9.9982E-05 0.094936 0.295951
9.9982E-05 9.9982E-05 0.0054936 0.0624298 0.23543 0.123843 0.0175554 0.0439008 0.511148
9.9955E-05 9.9955E-05 9.9955E-05 0.175953 0.2938 9.9955E-05 0.00522711 9.9955E-05 0.52452
0.0250817 9.9973E-05 0.00099178 0.279419 0.220831 9.9973E-05 9.9973E-05 0.117709 0.355668
9.9991E-05 0.0639734 0.0211198 0.208472 0.154486 0.0635825 0.0195194 0.0309157 0.437832
9.9955E-05 9.9955E-05 9.9955E-05 0.423273 0.300015 0.0465353 9.9955E-05 0.229676 9.9955E-05
0.0183629 0.195732 0.277457 9.9973E-05 9.9973E-05 0.0268232 9.9973E-05 0.0897922 0.391533
0.0723112 0.113733 0.110403 0.0142833 9.9982E-05 0.181511 9.9982E-05 0.177781 0.329778
9.9973E-05 0.0846987 0.580086 0.0457094 9.9973E-05 0.0505655 0.0540991 9.9973E-05 0.184541
0.016619 0.10729 0.159269 9.9982E-05 9.9982E-05 0.224983 0.00613296 0.0396778 0.445829
0.175598 0.0421947 0.143031 9.9964E-05 9.9964E-05 0.359602 9.9964E-05 0.279175 9.9964E-05
0.0615225 0.113897 0.0801437 0.0666503 0.0656627 0.0235177 9.9991E-05 0.0914702 0.497036
0.0862011 0.132114 0.0421788 0.0304117 0.0126235 0.113872 0.00975463 0.0691853 0.503659
0.0710279 0.0275586 0.619137 9.9973E-05 9.9973E-05 0.041459 0.0157089 9.9973E-05 0.224809
0.048968 0.111345 0.170106 0.0625602 0.15293 0.0101828 9.9991E-05 0.0053626 0.438446
0.123566 9.9964E-05 0.437342 9.9964E-05 9.9964E-05 0.145244 9.9964E-05 0.23858 0.0548692
0.053791 0.121579 0.0823312 0.0221619 9.9982E-05 0.123526 9.9982E-05 0.138452 0.457959
0.121241 0.112166 0.150471 9.9982E-05 0.0445496 9.9982E-05 0.0215612 0.082225 0.467587
0.054799 0.0392788 0.168457 0.112591 0.154305 9.9982E-05 9.9982E-05 0.0593294 0.411039
0.110329 0.0107418 0.320948 9.9982E-05 0.0208448 0.112121 9.9982E-05 0.0861149 0.3387
0.120768 0.148401 0.186407 0.0412169 0.0334423 0.078139 9.9991E-05 0.0192785 0.372248
0.101723 9.9973E-05 0.198654 9.9973E-05 0.0541696 0.106127 9.9973E-05 0.139399 0.399628
0.156492 0.0610278 0.142814 9.9973E-05 9.9973E-05 0.0946948 9.9973E-05 0.0226064 0.522065
0.133079 9.9973E-05 0.156282 9.9973E-05 9.9973E-05 0.0640718 0.0494162 0.00416634 0.592685
0.0395706 0.032218 0.142929 0.118512 0.0585693 0.107292 9.9991E-05 0.00233299 0.498476
0.0718657 0.0720899 0.11084 9.9991E-05 0.0332877 0.00308744 0.0346572 0.119725 0.554347
9.9946E-05 9.9946E-05 9.9946E-05 0.777938 0.0915454 9.9946E-05 9.9946E-05 9.9946E-05 0.129917
0.0175019 9.9973E-05 9.9973E-05 0.827438 0.0518576 0.0381242 0.00343136 9.9973E-05 0.061347
0.0435371 0.024952 9.9982E-05 0.786528 0.00184361 0.0118357 9.9982E-05 0.0466486 0.0844549
0.0641964 0.0174133 9.9982E-05 0.777953 0.0212589 0.0467279 0.0321999 9.9982E-05 0.040051
9.9964E-05 9.9964E-05 9.9964E-05 0.805027 0.0100161 0.0196586 0.0489535 9.9964E-05 0.115944
0.0147378 0.212063 0.581611 9.9973E-05 0.040363 9.9973E-05 9.9973E-05 0.0656865 0.0852388
0.0793076 9.9982E-05 0.216383 0.11059 0.0417859 0.0455586 0.0213641 9.9982E-05 0.48481
9.9982E-05 9.9982E-05 0.0183925 0.154745 0.182701 0.0884174 0.0152947 0.152201 0.388048
0.0242278 0.0877324 0.127397 0.00961551 0.0637921 0.00826322 9.9991E-05 0.0465913 0.63228
0.0549441 0.0419845 0.254406 0.0756595 9.9973E-05 0.0276517 9.9973E-05 9.9973E-05 0.545054
9.9982E-05 0.11102 0.316151 9.9982E-05 0.0315874 0.123551 0.0343308 0.146761 0.236399
9.9964E-05 0.193293 0.585062 0.112625 9.9964E-05 9.9964E-05 0.0227636 0.085857 9.9964E-05
0.0510614 0.176404 0.190404 9.9973E-05 9.9973E-05 0.0704538 0.0232977 9.9973E-05 0.488079
9.9991E-05 0.234529 0.372456 0.081351 0.0455357 0.145581 0.0162245 0.0213302 0.0828922
0.0719329 0.0985727 0.119457 0.0396895 9.9982E-05 0.144109 9.9982E-05 0.105446 0.420592
0.00738642 0.108496 0.563301 0.120309 0.00890737 0.134048 0.0107277 9.9991E-05 0.0467244
9.9982E-05 0.0595183 0.181831 0.0765908 0.0256248 9.9982E-05 0.00873006 0.0474331 0.600072
9.9973E-05 0.0129678 0.736332 0.0688199 9.9973E-05 0.0744268 0.0207592 9.9973E-05 0.0863946
0.0121414 0.0194554 0.370232 0.0410525 0.0609996 0.14617 0.00692482 0.023951 0.319072
0.0944618 0.0545689 0.125951 0.0230116 0.0102887 0.0291489 0.0287023 0.199078 0.434788
9.9964E-05 0.11082 0.0501873 9.9964E-05 9.9964E-05 0.0934186 9.9964E-05 0.475022 0.270152
0.0295865 0.0933215 0.115559 0.00316742 0.00290722 9.9982E-05 9.9982E-05 0.229956 0.525302
0.0425663 9.9982E-05 0.142018 0.118433 9.9982E-05 0.0588134 0.00930922 0.100851 0.527809
0.0710904 0.0598009 9.9964E-05 9.9964E-05 9.9964E-05 0.104061 9.9964E-05 0.387732 0.376917
0.131877 0.0407055 0.0869573 0.0331969 0.0891146 0.0716735 9.9991E-05 0.127009 0.419366
0.111827 0.0743158 9.9964E-05 9.9964E-05 9.9964E-05 0.021297 9.9964E-05 0.203528 0.588632
0.119546 0.0922493 0.00453979 9.9973E-05 9.9973E-05 0.0998486 9.9973E-05 0.605361 0.0781551
0.0477201 9.9955E-05 9.9955E-05 9.9955E-05 9.9955E-05 0.0973987 9.9955E-05 0.579995 0.274387
9.9955E-05 0.0452979 9.9955E-05 9.9955E-05 9.9955E-05 0.103569 9.9955E-05 0.349483 0.50115
0.13688 0.0992677 0.0217757 9.9973E-05 9.9973E-05 0.159493 9.9973E-05 0.431249 0.151035
0.0631235 0.091946 0.133815 9.9964E-05 9.9964E-05 9.9964E-05 9.9964E-05 0.319269 0.391447
9.9964E-05 0.250739 0.583949 9.9964E-05 9.9964E-05 0.080025 0.0216662 9.9964E-05 0.0632206
0.0407902 0.102643 0.31536 9.9982E-05 0.00158202 0.323177 9.9982E-05 0.0015585 0.21469
0.111866 0.101394 0.349802 0.0273843 0.0858112 0.10978 0.0454822 9.9991E-05 0.16838
0.00696659 0.0728635 0.248878 0.016107 0.0871744 9.9973E-05 9.9973E-05 9.9973E-05 0.567711
0.0971186 0.168824 0.520048 9.9964E-05 9.9964E-05 9.9964E-05 9.9964E-05 0.0445476 0.169062
0.0360631 0.118403 9.9982E-05 9.9982E-05 0.136601 0.0863202 0.0412597 0.162788 0.418365
0.016772 0.110603 0.112571 9.9982E-05 0.0707061 9.9982E-05 0.049376 0.101072 0.5387
0.126248 0.0395475 0.222159 0.0399831 0.0808277 0.0482233 9.9991E-05 0.00301613 0.439895
9.9982E-05 0.11568 0.244552 0.0338037 0.0565951 0.0785479 0.0182595 9.9982E-05 0.452362
0.165642 0.148574 0.220508 0.0397288 0.0777539 9.9982E-05 0.0052492 9.9982E-05 0.342343
0.0569813 0.194503 0.48627 9.9973E-05 0.0834088 0.0340441 9.9973E-05 9.9973E-05 0.144493
0.0159898 0.234444 0.261136 9.9982E-05 0.112547 0.0824234 9.9982E-05 0.0204447 0.272814
9.9964E-05 0.0266338 0.263106 9.9964E-05 0.0365674 0.104203 9.9964E-05 9.9964E-05 0.569089
0.0185699 0.0672596 0.157712 0.0461544 0.0598649 9.9991E-05 0.0162775 0.0692449 0.564817
0.000570613 0.224194 0.0725323 0.0482738 9.9991E-05 0.186194 0.0157612 0.0115597 0.440815
9.9964E-05 0.195865 0.086849 9.9964E-05 0.0793758 0.146596 9.9964E-05 9.9964E-05 0.490914
9.9982E-05 0.133041 0.33366 0.0528929 0.0482667 9.9982E-05 0.0286416 0.0485303 0.354768
9.9964E-05 0.149496 0.14452 0.0589702 9.9964E-05 0.102378 9.9964E-05 9.9964E-05 0.544235
0.0865676 0.133918 0.290536 9.9964E-05 0.102711 9.9964E-05 9.9964E-05 9.9964E-05 0.385868
9.9991E-05 0.135613 0.0156323 0.0310445 0.0896019 0.0827306 0.00358371 0.0813445 0.56035
9.9973E-05 9.9973E-05 0.0698283 0.248933 0.165486 9.9973E-05 0.0580202 0.0602763 0.397157
0.107554 9.9982E-05 0.121597 0.108943 0.224332 9.9982E-05 0.0327395 0.0378812 0.366753
0.0587093 0.105403 9.9991E-05 0.0697075 0.200223 0.0356136 0.0248773 0.0432056 0.46216
0.0451967 0.0361043 0.0544858 9.9991E-05 0.0254865 0.047375 0.0641892 0.0709778 0.656085
0.0579659 9.9982E-05 0.112782 0.140731 0.214878 0.0849809 0.00898306 9.9982E-05 0.379479
0.0205327 0.0601737 0.237509 9.9973E-05 9.9973E-05 0.148217 9.9973E-05 0.0832467 0.450021
9.9991E-05 0.0231577 0.0806902 0.128506 0.150151 0.141787 0.00850771 0.0261576 0.440942
0.0746025 9.9964E-05 0.141723 0.206804 0.135264 9.9964E-05 9.9964E-05 0.441207 9.9964E-05
0.00782877 0.031018 0.149482 0.0723785 0.197457 9.9991E-05 0.00480577 0.141756 0.395174
0.0155787 0.133448 9.9991E-05 0.0465857 0.133483 0.129932 0.0525171 0.00203442 0.486321
0.112155 9.9991E-05 0.0630947 0.00990353 0.26555 0.0644062 0.0234778 0.0170434 0.444269
0.0224004 0.0789616 0.11747 0.0867412 0.103877 9.9991E-05 0.0490311 0.230461 0.310958
0.00858469 9.9982E-05 0.031951 0.192653 0.137671 0.0423548 9.9982E-05 0.0923118 0.494275
9.9991E-05 0.0263718 0.0166817 0.150196 0.143736 0.0285233 0.0079241 0.0864117 0.540055
9.9964E-05 9.9964E-05 9.9964E-05 0.418262 0.190275 0.0122101 0.0467168 0.332136 9.9964E-05
0.0928821 0.0808958 9.9973E-05 0.10306 0.296252 9.9973E-05 9.9973E-05 0.0907957 0.335814
0.00929951 9.9982E-05 9.9982E-05 0.121075 0.259174 0.0852052 0.0230201 0.0737808 0.428245
0.124597 9.9964E-05 9.9964E-05 0.0744123 0.152436 9.9964E-05 9.9964E-05 0.123462 0.524693
9.9973E-05 9.9973E-05 0.00399331 0.155674 0.138035 9.9973E-05 0.0184775 0.107203 0.576317
0.0209902 0.0564213 0.0688343 0.153792 0.109 0.0668431 0.0189823 0.0335967 0.47154
0.045029 0.0231061 9.9982E-05 0.00200484 0.0921099 0.439517 0.0280703 9.9982E-05 0.369963
9.9973E-05 0.0293697 0.0775174 0.146952 9.9973E-05 0.246503 9.9973E-05 0.0292014 0.470157
0.0459399 9.9955E-05 0.128846 9.9955E-05 9.9955E-05 0.804795 9.9955E-05 9.9955E-05 0.0199193
0.0237903 0.0204859 0.00984092 0.00293063 9.9973E-05 0.939038 9.9973E-05 0.00361405 9.9973E-05
9.9964E-05 9.9964E-05 0.123343 0.0482305 0.0949616 0.317762 9.9964E-05 9.9964E-05 0.415303
9.9973E-05 9.9973E-05 0.0473373 0.121732 0.293069 0.0937852 9.9973E-05 0.0557404 0.388035
0.0288505 9.9982E-05 9.9982E-05 0.0850918 0.341533 0.171126 0.0158769 0.0422623 0.31506
9.9982E-05 9.9982E-05 0.00102161 0.23239 0.252156 0.151933 0.0078359 0.1606 0.193864
9.9964E-05 9.9964E-05 9.9964E-05 0.145093 0.241239 0.248962 0.0304114 9.9964E-05 0.333895
9.9973E-05 9.9973E-05 9.9973E-05 0.104866 0.115616 0.744598 0.0102238 0.00850471 0.0158916
9.9973E-05 9.9973E-05 9.9973E-05 0.072849 0.079609 0.623792 0.0337788 0.0466971 0.142974
0.0274305 0.0186807 9.9973E-05 9.9973E-05 0.0373683 0.307549 0.0224647 9.9973E-05 0.586207
9.9955E-05 9.9955E-05 9.9955E-05 0.0530077 0.0639264 0.410452 9.9955E-05 9.9955E-05 0.472114
9.9964E-05 9.9964E-05 9.9964E-05 0.00255648 0.0830288 0.688106 0.0405709 9.9964E-05 0.185338
0.0167835 0.00224753 0.0511642 0.0626824 0.163203 0.284644 9.9982E-05 9.9982E-05 0.419075
0.00964002 9.9982E-05 0.0828856 0.0168118 0.115715 0.283484 0.014101 9.9982E-05 0.477163
9.9982E-05 9.9982E-05 0.0714828 0.0668166 0.163119 0.195345 0.00142417 0.0690975 0.432515
0.104291 0.0621987 0.0105912 0.0192901 9.9982E-05 0.480901 0.00578128 9.9982E-05 0.316747
0.104764 9.9955E-05 9.9955E-05 9.9955E-05 9.9955E-05 0.546539 0.0195514 9.9955E-05 0.328646
0.0277798 0.0704034 0.0352835 9.9991E-05 0.046565 0.14606 0.0384159 0.0540071 0.581386
9.9991E-05 0.0524114 0.0736975 0.0129741 0.0588539 0.344167 0.0374265 0.0732802 0.347089
9.9982E-05 9.9982E-05 0.0561451 0.0780531 0.0678378 0.195401 0.00376744 0.0853378 0.513258
9.9955E-05 9.9955E-05 0.0357638 9.9955E-05 9.9955E-05 0.41072 9.9955E-05 0.0947981 0.458218
9.9946E-05 0.0967402 9.9946E-05 9.9946E-05 9.9946E-05 0.687867 9.9946E-05 9.9946E-05 0.214793
9.9964E-05 9.9964E-05 9.9964E-05 0.0168529 0.0252845 0.411886 0.00497222 9.9964E-05 0.540605
0.0490558 0.0212072 9.9955E-05 9.9955E-05 9.9955E-05 0.711118 9.9955E-05 9.9955E-05 0.218119
0.000516924 0.0277859 9.9964E-05 9.9964E-05 9.9964E-05 0.544782 0.013089 9.9964E-05 0.413427
9.9982E-05 0.0554195 9.9982E-05 0.0514697 0.0718157 0.189134 0.0333346 0.0105393 0.588088
0.0550555 9.9973E-05 0.0703405 0.0484224 9.9973E-05 0.308941 9.9973E-05 0.0444265 0.472514
0.0265048 0.0103261 0.040936 0.0886957 0.176778 0.10525 0.057757 0.0181535 0.475599
9.9991E-05 0.0282388 0.00378194 0.149863 0.121005 0.120505 0.0688317 0.0431444 0.464529
0.0225051 0.0519089 9.9991E-05 0.128254 0.2422 0.0775683 0.0234756 0.0999947 0.353993
0.0591693 9.9991E-05 0.0215926 0.166744 0.164519 0.0809424 0.0710014 0.101003 0.334928
9.9964E-05 0.13402 9.9964E-05 0.150367 0.172097 9.9964E-05 9.9964E-05 0.138944 0.404173
0.0172761 0.0273629 9.9991E-05 0.0539517 0.1943 0.217035 0.0271013 0.0889311 0.373942
9.9964E-05 9.9964E-05 9.9964E-05 0.202383 0.118749 0.659896 0.00831787 0.0102539 9.9964E-05
9.9973E-05 0.0568169 9.9973E-05 0.0225584 0.213715 0.13645 9.9973E-05 0.0379285 0.532231
9.9964E-05 9.9964E-05 9.9964E-05 0.386809 0.0954257 0.433323 0.00762584 0.0764171 9.9964E-05
9.9964E-05 9.9964E-05 0.00382476 0.0225394 0.171773 0.276143 9.9964E-05 9.9964E-05 0.52532
0.102556 9.9946E-05 9.9946E-05 9.9946E-05 9.9946E-05 0.808441 9.9946E-05 9.9946E-05 0.0884038
0.0901986 9.9946E-05 9.9946E-05 9.9946E-05 9.9946E-05 0.902084 0.0071175 9.9946E-05 9.9946E-05
0.0540608 9.9964E-05 0.0942279 9.9964E-05 9.9964E-05 0.376142 0.0369359 9.9964E-05 0.438233
9.9946E-05 9.9946E-05 0.0381651 9.9946E-05 9.9946E-05 0.389254 9.9946E-05 9.9946E-05 0.571981
0.0569343 9.9955E-05 0.030521 9.9955E-05 9.9955E-05 0.507346 9.9955E-05 9.9955E-05 0.404699
0.0868911 9.9955E-05 9.9955E-05 9.9955E-05 0.058134 0.449188 9.9955E-05 9.9955E-05 0.405287
9.9946E-05 9.9946E-05 9.9946E-05 9.9946E-05 9.9946E-05 0.460165 0.00280288 9.9946E-05 0.536432
9.9973E-05 9.9973E-05 0.00797923 0.755616 0.0195323 0.0953317 0.0492297 9.9973E-05 0.0720113
9.9973E-05 0.0744404 0.0438148 0.708 0.107282 0.056114 0.010049 9.9973E-05 9.9973E-05
9.9955E-05 9.9955E-05 0.0500697 0.85187 0.0495137 9.9955E-05 0.0480472 9.9955E-05 9.9955E-05
9.9946E-05 9.9946E-05 9.9946E-05 0.797656 9.9946E-05 9.9946E-05 0.142387 9.9946E-05 0.0593569
0.27388 9.9991E-05 0.0828353 0.0497485 0.00893216 0.0801687 0.0429961 0.00422782 0.457111
0.319983 0.0123603 0.0843454 0.0843774 0.0589156 0.00183719 9.9991E-05 0.00984526 0.428236
0.426718 9.9955E-05 0.0943859 9.9955E-05 9.9955E-05 9.9955E-05 0.0883254 9.9955E-05 0.390071
0.231984 9.9964E-05 9.9964E-05 0.112174 9.9964E-05 0.0576017 0.0225474 9.9964E-05 0.575293
0.259956 0.148453 9.9982E-05 9.9982E-05 0.119759 0.0191725 0.0118981 0.139129 0.301433
0.554331 0.0780022 0.0992559 9.9991E-05 0.000879381 0.00407484 0.022969 0.051988 0.1884
0.342365 0.00274782 0.116669 9.9973E-05 0.0586048 0.0191128 9.9973E-05 9.9973E-05 0.460201
0.47566 9.9964E-05 9.9964E-05 9.9964E-05 9.9964E-05 0.0250935 0.0535356 0.153362 0.291948
9.9973E-05 0.0744389 9.9973E-05 0.191385 0.142281 0.046272 0.0599993 9.9973E-05 0.485324
0.417064 0.0294686 0.0239665 9.9982E-05 0.0792771 0.0439166 9.9982E-05 0.0523386 0.353769
0.558278 0.0132298 0.0804526 9.9973E-05 0.0265816 9.9973E-05 0.0241412 9.9973E-05 0.297017
0.311547 0.129069 9.9955E-05 9.9955E-05 9.9955E-05 0.029524 9.9955E-05 9.9955E-05 0.52936
0.436225 0.00844109 0.0651748 0.0322123 9.9973E-05 0.088772 9.9973E-05 9.9973E-05 0.368875
0.299312 0.000202205 9.9982E-05 9.9982E-05 0.0558403 0.100499 0.0272919 0.0292018 0.487453
0.291053 9.9982E-05 0.0729514 0.124407 0.00888568 0.0194447 0.0238064 9.9982E-05 0.459251
0.85908 9.9946E-05 9.9946E-05 9.9946E-05 9.9946E-05 0.102552 9.9946E-05 9.9946E-05 0.0377684
0.546323 9.9973E-05 0.0990872 9.9973E-05 0.0260828 0.0662389 9.9973E-05 0.091746 0.170222
0.540393 0.0856578 9.9982E-05 0.0328873 0.0141706 0.0195513 9.9982E-05 0.0014494 0.30569
0.718393 9.9946E-05 9.9946E-05 9.9946E-05 9.9946E-05 0.0963585 9.9946E-05 0.184648 9.9946E-05
0.424126 0.00497484 0.0814955 0.0222165 9.9982E-05 0.0218073 0.0145468 9.9982E-05 0.430633
0.597313 0.00741668 9.9973E-05 9.9973E-05 9.9973E-05 0.0755205 0.00818319 0.241756 0.069511
0.757564 9.9946E-05 9.9946E-05 9.9946E-05 9.9946E-05 0.0419965 9.9946E-05 0.19984 9.9946E-05
0.385374 9.9964E-05 9.9964E-05 9.9964E-05 0.0915476 0.0311477 0.0286334 9.9964E-05 0.462897
0.639558 0.0161618 0.121723 0.0640723 9.9973E-05 0.0187481 9.9973E-05 9.9973E-05 0.139437
0.398833 9.9973E-05 0.168774 0.0165835 0.0893861 9.9973E-05 9.9973E-05 0.00603261 0.320091
0.22123 9.9982E-05 0.0273294 0.0697879 0.122911 0.0754833 0.0115911 9.9982E-05 0.471467
0.345231 0.0697361 0.0406568 9.9964E-05 9.9964E-05 9.9964E-05 9.9964E-05 0.052683 0.491293
0.0271598 0.060933 0.359459 9.9982E-05 0.028527 0.0933458 9.9982E-05 0.138005 0.29237
0.325697 0.0589892 0.021711 0.0159213 0.00852008 0.0456479 9.9982E-05 9.9982E-05 0.523314
0.388217 0.00233914 0.126284 0.0613221 0.0130888 9.9982E-05 0.0117274 9.9982E-05 0.396821
0.663962 9.9946E-05 9.9946E-05 9.9946E-05 9.9946E-05 9.9946E-05 9.9946E-05 0.0355778 0.29986
0.150019 0.0495243 0.098329 0.0254156 0.0643123 0.0545762 0.0222153 9.9991E-05 0.535509
0.00138633 0.168031 0.0991058 0.561177 0.00432883 9.9982E-05 0.0490967 0.116674 9.9982E-05
0.0820478 0.0875982 0.0492521 0.687778 0.00855241 0.00882486 0.056405 9.9991E-05 0.0194413
9.9973E-05 0.0584908 0.0362163 0.699049 9.9973E-05 0.000712492 0.124001 0.0812299 9.9973E-05
9.9964E-05 0.121331 0.0328229 0.697328 9.9964E-05 0.0488497 0.099269 9.9964E-05 9.9964E-05
0.00788205 0.136168 0.0961209 0.664197 9.9982E-05 9.9982E-05 0.0327375 0.0143322 0.0483625
0.703868 0.00699719 0.162666 0.0242555 0.00714452 9.9973E-05 9.9973E-05 9.9973E-05 0.0947689
0.626051 9.9973E-05 0.218173 0.0584964 9.9973E-05 9.9973E-05 0.0120313 0.00441151 0.0805367
0.797464 9.9964E-05 9.9964E-05 9.9964E-05 0.00332439 0.0203579 9.9964E-05 0.0587394 0.119714
