0.0304548 0.0626369 9.9973E-05 0.82907 9.9973E-05 0.0375543 0.0282754 0.0117089 9.9973E-05
0.0348359 9.9964E-05 0.0253406 0.8708 9.9964E-05 0.028013 9.9964E-05 9.9964E-05 0.0406104
9.9964E-05 9.9964E-05 9.9964E-05 0.740602 0.088445 0.0832045 0.0256198 0.0617288 9.9964E-05
9.9964E-05 9.9964E-05 9.9964E-05 0.71898 0.0242945 0.0739144 0.083778 0.0986337 9.9964E-05
0.0385279 9.9955E-05 9.9955E-05 0.857783 0.047926 9.9955E-05 0.0552633 9.9955E-05 9.9955E-05
0.180658 9.9982E-05 0.0657222 0.552309 0.015881 0.0209775 0.0992376 9.9982E-05 0.0650151
0.0852527 0.0338874 0.0619935 0.783026 9.9964E-05 0.0354407 9.9964E-05 9.9964E-05 9.9964E-05
0.136449 0.0171059 0.103324 0.695661 9.9973E-05 0.0324999 9.9973E-05 0.0146609 9.9973E-05
0.00716786 9.99729E-05 0.0326518 0.80732 9.99729E-05 0.0239335 9.99729E-05 0.0805871 0.0480401
0.0808858 9.9973E-05 0.0895931 0.649707 0.0782033 0.0170829 0.0842283 9.9973E-05 9.9973E-05
0.15099 0.0830082 0.0387218 0.696118 0.02241 0.00612373 9.9982E-05 0.00242741 9.9982E-05
9.9964E-05 0.852017 9.9964E-05 9.9964E-05 0.129043 9.9964E-05 0.0117768 0.00466536 0.00209775
0.0384621 0.3803 9.9973E-05 9.9973E-05 0.421358 0.0208254 0.0306255 0.108129 9.9973E-05
9.9955E-05 0.854241 9.9955E-05 9.9955E-05 0.0484045 0.0520813 0.0447734 9.9955E-05 9.9955E-05
9.9955E-05 0.762429 9.9955E-05 9.9955E-05 0.103123 0.041715 0.0922334 9.9955E-05 9.9955E-05
9.9955E-05 0.513469 9.9955E-05 0.0664532 0.284358 9.9955E-05 0.13522 9.9955E-05 9.9955E-05
9.9964E-05 0.379133 0.026292 0.00643439 0.434209 9.9964E-05 0.153532 9.9964E-05 9.9964E-05
0.0596852 0.325999 9.9973E-05 9.9973E-05 0.449156 0.0412261 0.0321364 9.9973E-05 0.0914969
9.9955E-05 0.786379 9.9955E-05 0.089249 0.0846829 9.9955E-05 0.0391892 9.9955E-05 9.9955E-05
0.0572166 0.822701 0.0391792 0.00964218 9.9964E-05 9.9964E-05 9.9964E-05 0.0708608 9.9964E-05
0.0649822 0.411629 9.9982E-05 0.00148538 0.382813 0.0543524 0.0286626 9.9982E-05 0.0558757
0.0482025 0.431424 0.108654 9.9973E-05 0.316346 0.0516657 0.0434068 9.9973E-05 9.9973E-05
9.9964E-05 0.304931 9.9964E-05 0.024166 0.506385 9.9964E-05 9.9964E-05 0.0737931 0.0903257
9.9955E-05 0.842098 9.9955E-05 9.9955E-05 0.0736596 0.00204978 0.0816933 9.9955E-05 9.9955E-05
0.0313044 0.247476 0.023163 0.0363026 0.577767 0.0190579 9.9982E-05 9.9982E-05 0.0647296
9.9973E-05 0.424374 0.0205927 9.9973E-05 0.431679 0.0464111 0.0696767 0.00696661 9.9973E-05
9.9964E-05 0.890818 9.9964E-05 9.9964E-05 0.0145702 0.00358491 0.0366688 0.0539583 9.9964E-05
9.9955E-05 0.821564 9.9955E-05 9.9955E-05 0.0392962 0.000226322 0.138413 9.9955E-05 9.9955E-05
9.9946E-05 0.854742 0.0750398 9.9946E-05 0.0696181 9.9946E-05 9.9946E-05 9.9946E-05 9.9946E-05
9.993E-05 9.993E-05 9.993E-05 9.993E-05 9.993E-05 0.999201 9.993E-05 9.993E-05 9.993E-05
9.993E-05 9.993E-05 9.993E-05 9.993E-05 9.993E-05 0.999201 9.993E-05 9.993E-05 9.993E-05
9.9973E-05 9.9973E-05 9.9973E-05 0.511053 0.058958 0.319232 0.0602066 0.0357068 0.0145438
9.9964E-05 9.9964E-05 9.9964E-05 0.520684 0.0485003 0.277035 0.0730139 9.9964E-05 0.0803669
0.123208 0.067145 0.0487076 9.9982E-05 0.505426 0.0518295 9.9982E-05 0.0108616 0.192623
9.9964E-05 0.102076 9.9964E-05 0.047637 0.332407 9.9964E-05 0.116884 9.9964E-05 0.400596
0.0596058 9.9973E-05 9.9973E-05 0.022323 0.472576 0.0232247 0.00610866 9.9973E-05 0.415862
9.9973E-05 0.444517 9.9973E-05 0.0972092 0.0750626 0.00988828 9.9973E-05 0.342297 0.0307257
9.9973E-05 9.9973E-05 0.0331908 0.0392735 0.286564 0.0414508 9.9973E-05 0.0359689 0.563252
9.9973E-05 0.0588274 9.9973E-05 0.0476562 0.467237 0.0500286 9.9973E-05 0.152037 0.223914
0.0242913 9.9982E-05 9.9982E-05 0.0725723 0.595922 0.0253815 0.0165165 0.0211441 0.243972
0.143475 9.9982E-05 9.9982E-05 0.0772535 0.578567 0.0332023 0.0487086 0.0382684 0.0803247
0.0682352 9.9982E-05 9.9982E-05 0.0409443 0.622106 0.0358977 0.0186169 0.112078 0.101922
0.094175 0.1801 9.9964E-05 9.9964E-05 0.000584613 0.0471898 9.9964E-05 9.9964E-05 0.677551
0.0495888 0.0969156 0.16709 9.9982E-05 0.556956 9.9982E-05 0.054807 0.0515774 0.0228652
9.9973E-05 9.9973E-05 0.000325399 0.0723144 0.551705 0.0291009 0.0660169 9.9973E-05 0.280237
9.9982E-05 0.156941 0.0277524 0.110217 0.419922 0.024719 0.160445 9.9982E-05 0.099804
9.9946E-05 9.9946E-05 9.9946E-05 9.9946E-05 0.32707 9.9946E-05 9.9946E-05 0.010251 0.66208
9.9973E-05 9.9973E-05 0.0314006 0.00902938 0.495897 0.0236446 0.0803661 9.9973E-05 0.359363
0.0450609 0.178245 9.9982E-05 0.102433 0.511053 0.010204 0.0684147 9.9982E-05 0.0843898
9.9946E-05 9.9946E-05 0.298359 0.0658447 9.9946E-05 9.9946E-05 9.9946E-05 9.9946E-05 0.635197
0.122134 0.170074 0.116171 9.9973E-05 0.147055 9.9973E-05 9.9973E-05 0.291628 0.152639
0.0277296 0.329187 0.358024 0.0129874 0.0994206 9.9982E-05 9.9982E-05 0.0156257 0.156826
9.9982E-05 0.151575 0.0586859 0.0705995 0.549 9.9982E-05 0.0021087 0.0810077 0.0868223
0.00595684 0.138913 0.0995559 0.123429 0.614318 9.9982E-05 0.00833204 0.00929632 9.9982E-05
0.0555114 9.9991E-05 0.0594152 0.0768136 0.547872 0.010386 0.0996852 0.066744 0.0834729
0.0227512 0.157455 0.109435 0.0833416 0.10504 9.9991E-05 0.0251675 0.194079 0.302631
0.0148076 0.127683 0.0744336 9.9982E-05 0.53797 0.0363388 9.9982E-05 0.20255 0.00601682
9.9982E-05 0.248159 0.0979024 9.9982E-05 0.460488 0.00241205 0.100912 0.0873513 0.00257558
0.0555484 0.190004 0.113966 0.130572 0.356946 0.029578 9.9991E-05 0.0484707 0.0748153
0.0905701 0.469915 0.220701 0.160391 9.9973E-05 9.9973E-05 0.0244223 9.9973E-05 0.0336994
0.071765 0.106145 0.0344919 0.0305714 0.426308 0.0770524 0.0518345 0.0959933 0.105838
9.9982E-05 0.142985 0.102668 0.097216 0.411497 0.0410984 9.9982E-05 0.150792 0.0535434
0.124159 0.57519 0.135566 9.9973E-05 9.9973E-05 0.0422281 9.9973E-05 0.0668024 0.0557537
0.000480745 0.285699 0.0579064 9.9982E-05 0.409644 0.0206089 9.9982E-05 0.139418 0.0860429
9.9982E-05 0.108188 0.190887 0.00637274 0.570503 9.9982E-05 0.0595442 0.0220396 0.0422655
9.999E-05 0.225966 0.0733918 0.075677 0.47313 0.0155821 0.0681616 0.026755 0.0412361
0.0860522 0.428545 0.0940517 9.9973E-05 0.149957 9.9973E-05 0.0954773 9.9973E-05 0.145617
9.9982E-05 0.290907 0.109225 9.9982E-05 0.391979 0.0483861 0.0760883 0.013122 0.0700922
9.9982E-05 0.0315404 9.9982E-05 0.119215 0.567068 0.0375639 0.0214305 0.163872 0.0591103
0.0551175 0.413903 0.0835926 9.9982E-05 0.118023 0.0701228 9.9982E-05 0.131141 0.1279
0.0190894 9.9964E-05 9.9964E-05 9.9964E-05 0.533351 0.0179051 9.9964E-05 0.0835342 0.345721
9.9955E-05 0.082352 9.9955E-05 9.9955E-05 0.133263 0.0409071 9.9955E-05 9.9955E-05 0.742978
9.9982E-05 0.0984719 0.00509044 0.0653022 0.425385 9.9982E-05 0.0598919 0.0626747 0.282984
9.9946E-05 0.0235819 0.164049 9.9946E-05 9.9946E-05 9.9946E-05 9.9946E-05 9.9946E-05 0.811769
9.9946E-05 0.0261342 0.134483 9.9946E-05 9.9946E-05 9.9946E-05 9.9946E-05 9.9946E-05 0.838783
0.0171135 9.9964E-05 9.9964E-05 9.9964E-05 0.216309 9.9964E-05 0.00067569 0.0104381 0.755064
0.0693892 0.0071336 9.9973E-05 9.9973E-05 0.374828 0.013669 9.9973E-05 0.00716891 0.527512
9.9973E-05 9.9973E-05 0.0350206 0.134391 0.499655 9.9973E-05 0.0266846 0.0890185 0.214931
9.9964E-05 9.9964E-05 9.9964E-05 9.9964E-05 0.349595 0.0267324 0.0487856 0.0791514 0.495336
0.0873946 0.0299941 9.9991E-05 0.0251141 0.0524243 0.00817957 0.0409869 0.0342885 0.721518
0.118459 0.0639144 9.9991E-05 0.000285488 0.18663 0.0241539 0.017282 0.139922 0.449252
0.0537467 9.9991E-05 0.0100796 0.0370307 0.334815 0.0663182 0.119278 0.00807399 0.370558
9.9964E-05 0.0826824 9.9964E-05 0.0459098 0.255407 9.9964E-05 0.0109658 9.9964E-05 0.604635
0.0310095 0.0690305 9.9973E-05 0.0760915 0.331131 0.0131115 9.9973E-05 9.9973E-05 0.479326
9.9946E-05 9.9946E-05 9.9946E-05 0.0305321 0.328523 9.9946E-05 9.9946E-05 9.9946E-05 0.640345
9.9964E-05 9.9964E-05 0.379985 0.0167758 9.9964E-05 9.9964E-05 0.00849858 0.0357116 0.558629
0.081625 9.9964E-05 9.9964E-05 0.0598156 0.555856 0.019645 9.9964E-05 9.9964E-05 0.282659
9.9973E-05 0.103993 9.9973E-05 0.770602 0.111648 0.000875828 0.00556696 0.00701301 9.9973E-05
9.9946E-05 9.9946E-05 9.9946E-05 0.803553 0.0816848 0.114163 9.9946E-05 9.9946E-05 9.9946E-05
9.9955E-05 9.9955E-05 9.9955E-05 0.786183 0.0935192 0.102127 0.0176704 9.9955E-05 9.9955E-05
9.9946E-05 9.9946E-05 9.9946E-05 0.822027 0.0471185 0.130255 9.9946E-05 9.9946E-05 9.9946E-05
9.9982E-05 0.0185774 0.0102649 0.776877 0.0769411 0.108061 0.00639072 9.9982E-05 0.00268822
0.0289346 9.9955E-05 9.9955E-05 0.833024 0.0907105 0.0468311 9.9955E-05 9.9955E-05 9.9955E-05
9.9964E-05 0.0076796 9.9964E-05 0.85407 0.0540049 0.0380934 9.9964E-05 9.9964E-05 0.045752
9.9973E-05 9.9973E-05 9.9973E-05 0.0790416 0.464514 0.0542313 0.07291 0.053659 0.275344
0.0267034 0.117411 9.9982E-05 0.0951598 0.435775 9.9982E-05 0.160299 0.00673424 0.157718
9.9946E-05 0.17065 9.9946E-05 0.0436077 9.9946E-05 9.9946E-05 9.9946E-05 9.9946E-05 0.785143
0.175431 0.191002 9.9982E-05 0.061691 0.381472 0.00135889 0.0449663 9.9982E-05 0.143879
0.0231327 0.077949 9.9973E-05 0.025241 0.376995 9.9973E-05 9.9973E-05 0.079735 0.416648
9.9982E-05 0.0147724 9.9982E-05 0.0432383 0.56307 0.0422678 0.0127546 0.00706424 0.316633
9.9991E-05 0.0402035 0.0595795 0.0545134 0.552269 0.00458819 0.0123247 0.0291966 0.247225
9.9964E-05 9.9964E-05 0.0784679 9.9964E-05 0.475901 0.0120717 0.0409045 9.9964E-05 0.392255
0.0818733 0.26667 0.0222725 0.0175566 9.9964E-05 9.9964E-05 9.9964E-05 9.9964E-05 0.611227
0.0558681 0.0163656 9.9982E-05 0.172354 0.538019 0.0105162 9.9982E-05 0.0400765 0.1666
0.0380448 0.0248189 0.00862688 0.0294888 0.622867 0.0232266 0.0425331 9.9991E-05 0.210294
0.0770906 0.0438745 9.9991E-05 0.0744218 0.443425 0.0088009 0.184104 0.0408632 0.12732
0.0622148 0.0540742 0.0707147 9.9982E-05 0.24532 0.0529929 0.0292049 9.9982E-05 0.485279
0.0076953 9.9973E-05 0.0309765 0.0199486 0.492168 0.0217824 9.9973E-05 9.9973E-05 0.427129
0.0213407 0.123793 9.9982E-05 9.9982E-05 0.383963 0.0299351 0.00341791 0.0276597 0.409691
9.9946E-05 9.9946E-05 9.9946E-05 9.9946E-05 0.215868 9.9946E-05 0.125276 9.9946E-05 0.658257
9.9964E-05 9.9964E-05 9.9964E-05 0.0820748 0.39875 0.0222153 9.9964E-05 0.0599311 0.436629
9.9991E-05 0.0454292 0.0889068 0.0880385 0.508523 0.0311497 0.0283586 0.0938498 0.115644
9.9982E-05 0.215148 0.183867 0.012429 0.235421 0.0343322 9.9982E-05 0.228936 0.0896675
0.0768669 0.206339 9.9991E-05 0.0845009 0.359901 0.0505182 0.0502466 0.144943 0.026584
9.9982E-05 0.0531416 0.0777099 0.0893868 0.592108 0.0424889 0.019757 0.125207 9.9982E-05
0.0462308 0.0850219 0.0196972 0.0532511 0.476655 0.0151504 0.110033 0.032084 0.161876
9.9982E-05 0.179764 0.0201363 0.00852349 0.483858 0.0500736 9.9982E-05 0.255788 0.00165699
9.9982E-05 0.0356267 0.0491179 0.00159433 0.641649 0.00307224 9.9982E-05 0.264956 0.00378415
0.0494676 0.188025 0.0248647 0.0190801 0.41467 9.9991E-05 0.0126342 0.272861 0.0182969
0.024442 0.124672 0.0911646 0.102715 0.461287 9.9991E-05 0.0162979 0.116718 0.0626035
0.0679462 9.9973E-05 0.0609267 0.0448675 0.597322 9.9973E-05 9.9973E-05 0.176022 0.0526163
9.9973E-05 0.0976526 0.0966458 0.0110545 0.58718 0.0294527 9.9973E-05 0.177714 9.9973E-05
9.9946E-05 0.159236 9.9946E-05 9.9946E-05 0.470408 9.9946E-05 9.9946E-05 0.369756 9.9946E-05
0.00730244 9.9982E-05 0.0415202 0.00663695 0.607608 9.9982E-05 0.0582718 0.198455 0.080006
0.0189056 9.9991E-05 0.108637 0.0589559 0.53165 0.0383726 0.0630504 0.131737 0.0485908
9.9982E-05 0.150152 0.030825 9.9982E-05 0.481287 0.0116771 0.0218333 0.2083 0.0957256
9.9982E-05 9.9982E-05 0.0929101 0.0601004 0.537262 0.0388489 0.0573102 0.208186 0.00518259
0.00246404 0.0172495 0.0932016 0.054442 0.560905 0.00686775 0.022852 0.182343 0.0596754
0.000197353 0.201358 0.155398 0.069202 0.369288 0.0365702 9.9982E-05 0.167787 9.9982E-05
9.9973E-05 0.0730224 0.0213083 0.0300315 0.604627 9.9973E-05 0.0202767 0.250434 9.9973E-05
9.9973E-05 0.0489495 0.0981092 0.0153566 0.611627 9.9973E-05 0.108446 0.117212 9.9973E-05
9.9982E-05 0.269657 0.0487529 9.9982E-05 0.15851 0.0147174 0.0426935 0.285809 0.179661
0.0655787 0.0663061 0.297011 0.0316888 0.179327 9.9991E-05 0.0500498 0.252471 0.0574675
0.0760223 0.230243 0.0208082 0.00807344 0.354107 0.00137915 0.0998561 0.142151 0.0673591
0.0155205 9.9982E-05 0.353572 9.9982E-05 0.037032 0.00579187 0.0695447 0.350647 0.167693
9.9973E-05 0.393576 0.0314627 0.0811956 0.136385 9.9973E-05 9.9973E-05 0.238959 0.118122
9.9964E-05 0.166227 9.9964E-05 0.0188453 0.36449 9.9964E-05 9.9964E-05 0.262714 0.187324
0.0477763 0.162391 9.9973E-05 9.9973E-05 0.226592 0.0541815 9.9973E-05 0.279879 0.22888
9.9964E-05 0.397707 9.9964E-05 9.9964E-05 0.200782 9.9964E-05 0.00527383 0.305272 0.0905653
9.9982E-05 0.0674175 0.0353049 0.0261472 0.552846 9.9982E-05 0.0630282 0.16646 0.0885966
0.045108 9.9991E-05 0.0403717 0.0246961 0.403882 0.0520004 0.172287 0.0465813 0.214973
0.0394241 0.0393364 0.0805608 0.00348662 0.473486 0.0712935 0.00495795 0.150998 0.136456
9.9973E-05 0.0563933 0.226548 9.9973E-05 0.133956 9.9973E-05 0.0626702 0.339764 0.180368
0.00455503 0.113671 0.108473 0.0601361 0.491276 0.035853 9.9991E-05 0.0903074 0.0956275
0.0904064 0.01047 0.20066 9.9982E-05 0.462574 9.9982E-05 0.0966658 0.0624963 0.0765269
0.0187727 0.0829671 0.56697 0.102414 0.0188793 9.9982E-05 9.9982E-05 0.0910588 0.118738
9.9982E-05 0.0361321 0.127856 0.0994675 0.627674 0.0551939 9.9982E-05 0.0292822 0.0241948
0.0461627 0.0207401 0.21349 0.104786 0.34602 0.00900656 9.9991E-05 0.0544713 0.205224
9.9982E-05 0.0640839 0.237964 0.0973996 0.5465 0.0177472 0.0131313 0.022974 9.9982E-05
0.0855081 0.0952784 0.438587 0.0335699 0.258502 0.00622512 9.9982E-05 9.9982E-05 0.0821296
0.0843561 0.105102 0.535157 0.0180396 0.181794 0.0104032 9.9982E-05 0.064949 9.9982E-05
0.0891291 0.0785962 0.22321 9.9973E-05 0.494408 9.9973E-05 9.9973E-05 0.086464 0.0278928
0.130437 0.0709508 0.0770072 0.122973 0.572392 0.00138454 9.9991E-05 0.00738583 0.0173703
0.086574 0.202838 0.186376 0.10325 0.406732 9.9973E-05 0.013929 9.9973E-05 9.9973E-05
9.9982E-05 0.171206 0.323914 0.0451912 9.9982E-05 0.00940578 0.141636 0.0360144 0.272433
0.0629329 0.150341 0.0359583 0.0633787 0.488611 0.0540722 0.00759124 0.0314083 0.105707
0.0194756 0.17399 0.356941 9.9973E-05 0.345936 9.9973E-05 9.9973E-05 0.0458848 0.0574731
0.0829096 0.128586 0.0922601 9.9973E-05 0.403629 9.9973E-05 9.9973E-05 0.0589038 0.233412
0.0161995 9.9982E-05 0.0277203 0.0795593 0.592855 0.0524951 9.9982E-05 0.116807 0.114164
9.9991E-05 0.0521979 0.196292 0.254643 0.147423 0.0664432 0.21346 0.0299952 0.0394463
9.9955E-05 9.9955E-05 0.309134 0.514455 9.9955E-05 0.037928 0.137983 9.9955E-05 9.9955E-05
9.9955E-05 9.9955E-05 0.390247 0.424718 9.9955E-05 0.0493812 0.135153 9.9955E-05 9.9955E-05
0.0372894 9.9982E-05 0.168159 0.377194 0.0413082 0.0328532 0.3321 0.0108961 9.9982E-05
9.9964E-05 9.9964E-05 0.155339 9.9964E-05 0.703628 9.9964E-05 0.00189239 0.0906013 0.0481392
0.00235117 0.0948023 0.0662027 0.0497817 0.565125 0.00352046 0.0620963 9.9991E-05 0.15602
9.9955E-05 0.0440159 9.9955E-05 9.9955E-05 0.261394 9.9955E-05 0.655937 9.9955E-05 0.0381532
9.9982E-05 0.167969 9.9982E-05 0.0262392 0.253885 0.0583896 0.414016 0.0430972 0.0362036
0.0150061 0.0805414 0.0764801 0.0429428 0.333432 0.0161099 0.361151 0.0210864 0.0532503
0.0639833 9.9964E-05 0.399932 9.9964E-05 0.334872 0.0256405 9.9964E-05 9.9964E-05 0.175173
9.9982E-05 9.9982E-05 0.0221479 0.0514358 0.533305 0.0260774 0.0646893 0.164431 0.137713
0.0205147 0.0322755 0.610184 9.9982E-05 0.251599 0.00759029 9.9982E-05 0.012636 0.0650006
0.109046 0.0434783 0.175544 0.0171328 0.576919 0.00625298 9.9982E-05 9.9982E-05 0.0714268
0.0230168 0.0685483 0.354464 0.00314187 0.532381 9.9973E-05 9.9973E-05 0.0181485 9.9973E-05
0.0495388 0.119756 0.24607 9.9964E-05 0.541051 9.9964E-05 0.0431851 9.9964E-05 9.9964E-05
0.035266 0.159793 0.550909 9.9973E-05 0.229642 9.9973E-05 0.00359727 9.9973E-05 0.0204936
0.0227723 9.99901E-05 0.149757 0.0224842 0.651056 9.99901E-05 0.044271 0.0168059 0.0926537
0.106094 9.9973E-05 0.199157 9.9973E-05 0.59488 0.0226589 0.0559556 9.9973E-05 0.0209554
9.9937E-05 0.0479938 9.9937E-05 9.9937E-05 9.9937E-05 9.9937E-05 0.951307 9.9937E-05 9.9937E-05
9.9946E-05 9.9946E-05 9.9946E-05 9.9946E-05 0.0511692 9.9946E-05 0.931441 0.0167904 9.9946E-05
9.9964E-05 0.0996499 9.9964E-05 0.0160884 0.246419 0.0429534 0.59449 9.9964E-05 9.9964E-05
0.0267481 9.9964E-05 9.9964E-05 0.00141731 0.289022 0.00349805 0.678914 9.9964E-05 9.9964E-05
9.9955E-05 9.9955E-05 9.9955E-05 0.080764 0.0675561 9.9955E-05 0.803762 9.9955E-05 0.0474186
9.9937E-05 0.00211065 9.9937E-05 9.9937E-05 9.9937E-05 9.9937E-05 0.99719 9.9937E-05 9.9937E-05
9.9937E-05 9.9937E-05 9.9937E-05 9.9937E-05 9.9937E-05 9.9937E-05 0.979167 0.0201338 9.9937E-05
9.9946E-05 0.0253112 9.9946E-05 9.9946E-05 0.151405 9.9946E-05 0.822684 9.9946E-05 9.9946E-05
0.00614429 9.9964E-05 9.9964E-05 9.9964E-05 0.00300012 0.00834511 0.938718 0.0433923 9.9964E-05
9.993E-05 9.993E-05 9.993E-05 9.993E-05 9.993E-05 9.993E-05 0.999201 9.993E-05 9.993E-05
9.9937E-05 9.9937E-05 9.9937E-05 9.9937E-05 9.9937E-05 0.01332 0.98598 9.9937E-05 9.9937E-05
9.9955E-05 0.0491454 9.9955E-05 9.9955E-05 0.134728 0.0893832 0.726244 9.9955E-05 9.9955E-05
0.034172 0.0162274 9.9973E-05 0.0562502 0.0720752 9.9973E-05 0.799894 0.0210812 9.9973E-05
0.00534586 9.9955E-05 9.9955E-05 9.9955E-05 9.9955E-05 0.0186463 0.960213 9.9955E-05 0.0152955
0.0203665 0.12353 0.0840196 9.9991E-05 0.316711 0.00699329 0.417898 0.00508569 0.0252952
9.9964E-05 9.9964E-05 0.0125456 9.9964E-05 0.136144 0.0264889 0.738221 0.0862003 9.9964E-05
9.9964E-05 9.9964E-05 9.9964E-05 0.0230765 0.133578 0.00576708 0.75587 0.0813088 9.9964E-05
9.9964E-05 9.9964E-05 9.9964E-05 0.0104551 0.0769683 0.00938603 0.878133 0.0246575 9.9964E-05
0.00355953 9.9937E-05 9.9937E-05 9.9937E-05 9.9937E-05 9.9937E-05 0.995741 9.9937E-05 9.9937E-05
9.9955E-05 9.9955E-05 9.9955E-05 0.0632 0.0715772 9.9955E-05 0.857566 9.9955E-05 0.00715705
9.9937E-05 9.9937E-05 9.9937E-05 9.9937E-05 9.9937E-05 0.0187378 0.980563 9.9937E-05 9.9937E-05
0.0364182 9.9982E-05 9.9982E-05 0.0779668 0.217472 0.0104385 0.589906 0.0237013 0.0438965
9.9973E-05 0.0168104 9.9973E-05 0.0105059 0.00345437 0.0213575 0.917108 9.9973E-05 0.0304634
9.9955E-05 0.0984528 0.545651 0.333473 9.9955E-05 9.9955E-05 0.0219243 9.9955E-05 9.9955E-05
0.161245 0.0829126 0.138119 0.1297 0.40691 0.0511628 9.9991E-05 0.00559744 0.0242535
0.0492377 9.9982E-05 0.162893 0.287113 0.412434 0.0175408 9.9982E-05 0.0209374 0.0496454
0.087274 9.9982E-05 0.388423 0.204976 0.182705 0.0443866 0.0784737 9.9982E-05 0.0135619
0.0848294 0.0785703 0.112911 0.0870444 0.422121 0.0473573 0.0624576 0.029627 0.0750822
9.9982E-05 0.0664158 0.298133 0.266057 0.171777 0.0329216 0.0862002 9.9982E-05 0.0782958
0.0773475 9.9982E-05 0.119872 0.193184 0.479379 0.0173829 0.0758923 9.9982E-05 0.0367427
0.116385 9.9973E-05 0.264528 0.0937748 0.182236 9.9973E-05 0.212965 9.9973E-05 0.129812
9.9973E-05 9.9973E-05 0.277945 0.135266 0.503602 0.0164835 0.0589556 9.9973E-05 0.00744817
0.0170373 9.9973E-05 0.255886 0.167941 0.38131 0.00995345 0.167573 9.9973E-05 9.9973E-05
0.0271449 0.159452 0.101646 0.109934 0.358438 9.9982E-05 0.115561 9.9982E-05 0.127624
0.0664911 9.9973E-05 0.0236778 0.787098 0.056584 9.9973E-05 0.0303745 0.0354746 9.9973E-05
9.9964E-05 0.0116567 0.0161464 0.871485 9.9964E-05 0.0413063 0.0590062 9.9964E-05 9.9964E-05
9.9946E-05 9.9946E-05 9.9946E-05 0.942153 9.9946E-05 0.0197072 9.9946E-05 0.0375402 9.9946E-05
9.9964E-05 0.0454181 9.9964E-05 0.862949 0.00199324 0.047351 9.9964E-05 0.0418891 9.9964E-05
9.9964E-05 0.0268489 9.9964E-05 0.795103 9.9964E-05 0.11336 0.0160038 0.048285 9.9964E-05
9.9955E-05 9.9955E-05 9.9955E-05 0.814876 9.9955E-05 0.0743628 0.0703246 9.9955E-05 0.0399364
0.0276905 0.00747679 9.9964E-05 0.821375 9.9964E-05 0.0533633 0.0896943 9.9964E-05 9.9964E-05
9.9964E-05 9.9964E-05 0.1087 0.858887 0.0119253 0.0144211 9.9964E-05 0.00566768 9.9964E-05
9.9955E-05 0.0382 9.9955E-05 0.897467 0.0483784 0.0154551 9.9955E-05 9.9955E-05 9.9955E-05
9.9973E-05 0.0689364 0.0120324 0.810903 0.0231565 0.0292287 0.0554428 9.9973E-05 9.9973E-05
0.12247 0.262081 9.9964E-05 0.544271 9.9964E-05 0.0312375 9.9964E-05 9.9964E-05 0.0395403
0.15457 0.211594 9.9973E-05 0.523186 9.9973E-05 0.0173712 9.9973E-05 0.0552531 0.0377263
0.0966863 0.273966 0.134659 0.457842 9.9964E-05 0.0364465 9.9964E-05 9.9964E-05 9.9964E-05
0.137744 0.295111 0.021101 0.461497 9.9973E-05 9.9973E-05 9.9973E-05 0.0188557 0.0653915
0.0672791 0.101591 0.0147681 9.9973E-05 0.489082 0.073875 9.9973E-05 9.9973E-05 0.253105
0.0481639 0.211327 0.00117492 0.00511699 0.427638 9.9982E-05 0.0205518 9.9982E-05 0.285828
9.9973E-05 0.143643 0.102441 0.0343618 0.482479 9.9973E-05 9.9973E-05 0.0947454 0.14203
9.9964E-05 9.9964E-05 0.0827033 9.9964E-05 0.388616 0.0414551 9.9964E-05 0.281303 0.205523
0.0250723 0.272805 0.00871233 9.9982E-05 0.0836097 9.9982E-05 0.0321689 0.465725 0.111706
9.9991E-05 0.0166459 0.0307197 0.0551371 0.53576 0.0272931 0.0745573 0.00687525 0.252912
9.9955E-05 9.9955E-05 0.0330472 9.9955E-05 0.538885 9.9955E-05 9.9955E-05 0.157721 0.269847
0.0127332 0.0242266 0.0676224 9.9973E-05 0.462723 9.9973E-05 9.9973E-05 0.0560804 0.376315
0.0374709 9.9955E-05 9.9955E-05 9.9955E-05 0.280463 9.9955E-05 0.0925407 9.9955E-05 0.589026
0.0180972 9.9982E-05 0.113832 0.0113091 0.574859 9.9982E-05 0.0570636 0.118876 0.105763
0.0739948 0.124544 9.9982E-05 0.00104086 0.371768 0.0404674 9.9982E-05 0.0841013 0.303884
9.9955E-05 9.9955E-05 0.276839 9.9955E-05 9.9955E-05 0.00930845 9.9955E-05 0.083134 0.630218
0.0277606 0.158194 0.0144257 0.00284696 0.515401 0.00149774 9.9991E-05 0.181761 0.0980123
0.0512792 9.9955E-05 0.220241 9.9955E-05 0.223618 9.9955E-05 9.9955E-05 9.9955E-05 0.504362
9.9964E-05 9.9964E-05 0.107312 9.9964E-05 0.483862 0.0166891 9.9964E-05 0.00350245 0.388235
0.0205291 0.217365 0.00536835 0.0362231 0.0211701 9.9982E-05 9.9982E-05 0.0872915 0.611853
0.804157 9.9955E-05 0.0127113 0.0403255 9.9955E-05 9.9955E-05 9.9955E-05 0.142307 9.9955E-05
0.968532 9.9937E-05 9.9937E-05 9.9937E-05 9.9937E-05 9.9937E-05 0.0307685 9.9937E-05 9.9937E-05
0.999201 9.993E-05 9.993E-05 9.993E-05 9.993E-05 9.993E-05 9.993E-05 9.993E-05 9.993E-05
0.854154 9.9946E-05 9.9946E-05 0.00809878 9.9946E-05 9.9946E-05 9.9946E-05 0.137148 9.9946E-05
0.913266 0.0335102 9.9964E-05 9.9964E-05 9.9964E-05 0.0035055 0.0212368 0.0280821 9.9964E-05
0.918502 9.9946E-05 9.9946E-05 9.9946E-05 9.9946E-05 9.9946E-05 0.0586187 0.0222793 9.9946E-05
9.9964E-05 0.0390543 9.9964E-05 0.784692 0.0649284 0.0389704 0.0719555 9.9964E-05 9.9964E-05
9.9973E-05 0.00205359 9.9973E-05 0.791859 0.0810465 0.00960966 0.0225662 0.0925652 9.9973E-05
0.0258444 0.0275722 9.9973E-05 0.677744 0.0862542 0.0770627 0.105223 9.9973E-05 9.9973E-05
9.9973E-05 0.113711 9.9973E-05 0.672166 0.0379128 0.0469654 0.104016 0.0249291 9.9973E-05
9.9964E-05 9.9964E-05 9.9964E-05 0.763995 0.071737 9.9964E-05 0.0754276 0.0610365 0.0274038
0.264397 0.0783807 9.9964E-05 0.333144 9.9964E-05 0.0119902 9.9964E-05 0.311688 9.9964E-05
0.318067 9.9964E-05 0.0335974 0.454693 9.9964E-05 9.9964E-05 9.9964E-05 0.133341 0.0599019
0.291404 9.9964E-05 9.9964E-05 0.385634 9.9964E-05 0.0348093 9.9964E-05 0.217459 0.0702943
9.993E-05 9.993E-05 9.993E-05 9.993E-05 9.993E-05 0.999201 9.993E-05 9.993E-05 9.993E-05
0.321803 9.9973E-05 0.000849828 0.326465 9.9973E-05 0.0284952 9.9973E-05 0.240876 0.0812109
9.9964E-05 9.9964E-05 0.141218 0.239233 0.282454 9.9964E-05 0.313418 0.0232782 9.9964E-05
0.0219926 0.0202549 9.9982E-05 0.0325966 0.483826 0.0525533 0.28281 0.105767 9.9982E-05
9.9964E-05 0.0185099 9.9964E-05 0.164751 0.485772 0.00116213 0.329406 9.9964E-05 9.9964E-05
0.129115 0.0679761 0.00736688 0.193601 0.281974 0.00445175 0.246533 9.9991E-05 0.0688821
0.0222934 0.0658227 0.0471347 0.134071 0.443679 0.0983633 0.145825 0.0427117 9.9991E-05
9.9955E-05 9.9955E-05 0.210699 0.470012 0.00638035 9.9955E-05 0.312408 9.9955E-05 9.9955E-05
0.0889645 0.254314 0.00375308 9.9982E-05 0.35664 0.0045951 9.9982E-05 0.13521 0.156323
9.9964E-05 9.9964E-05 0.287202 0.000987101 0.469847 9.9964E-05 9.9964E-05 0.20682 0.0347446
0.0507759 0.510453 9.9982E-05 0.0416846 0.209979 0.0383379 0.0116567 0.136913 9.9982E-05
0.0152107 0.053302 0.203377 9.9973E-05 0.499997 9.9973E-05 9.9973E-05 0.0858152 0.141998
9.9955E-05 0.0485025 0.573553 9.9955E-05 9.9955E-05 9.9955E-05 9.9955E-05 0.117965 0.25948
0.010091 0.240532 0.112544 0.0640456 0.439321 0.0365999 0.0126965 9.99978E-05 0.0840697
9.9982E-05 0.132527 0.140566 0.0182507 0.417878 9.9982E-05 0.0211338 0.202718 0.0667257
9.9964E-05 0.284115 9.9964E-05 9.9964E-05 0.279145 0.0588761 9.9964E-05 0.245223 0.132242
0.0124045 0.0495641 9.9982E-05 0.0907206 0.503476 9.9982E-05 0.0482427 0.170156 0.125237
9.9964E-05 0.399851 0.352754 9.9964E-05 0.0596934 9.9964E-05 9.9964E-05 0.13518 0.0521219
0.0990056 0.0311193 0.199902 9.9991E-05 0.490369 0.022895 0.0245251 0.111347 0.0207367
0.085639 0.058068 9.9982E-05 9.9982E-05 0.440006 0.0668188 0.0468689 0.208031 0.0943683
9.9973E-05 0.166776 9.9973E-05 0.117892 0.286045 9.9973E-05 0.206052 0.0933175 0.129618
9.9955E-05 0.249233 0.202762 9.9955E-05 0.374831 9.9955E-05 9.9955E-05 0.172675 9.9955E-05
0.0343664 0.212004 0.0442559 9.9982E-05 0.503536 0.0161996 9.9982E-05 0.164233 0.0252053
9.9982E-05 0.147512 0.163264 9.9982E-05 0.46328 0.00323781 0.110888 0.096893 0.0147248
0.0212504 0.0635132 0.127076 0.0151096 0.529663 9.9982E-05 9.9982E-05 0.118819 0.124369
0.031805 0.0435693 0.0944382 0.0148528 0.580896 0.0313646 0.0677528 0.135221 9.9991E-05
0.0133658 0.117077 9.9982E-05 0.128689 0.538864 0.0071528 9.9982E-05 0.110711 0.0839407
0.0240799 0.0111523 9.9982E-05 0.120534 0.358983 9.9982E-05 0.12835 0.116798 0.239903
9.9946E-05 9.9946E-05 9.9946E-05 0.77216 0.148275 9.9946E-05 0.0789648 9.9946E-05 9.9946E-05
9.9964E-05 9.9964E-05 9.9964E-05 0.832312 0.0834733 0.00111516 0.0294548 9.9964E-05 0.0532451
9.9973E-05 9.9973E-05 0.0354186 0.761813 0.0677283 9.9973E-05 0.019601 0.0804485 0.0346904
0.0511595 9.9964E-05 9.9964E-05 0.775407 0.00158495 9.9964E-05 0.0405713 9.9964E-05 0.130877
9.9955E-05 9.9955E-05 9.9955E-05 0.808026 0.144712 0.0353116 0.0114507 9.9955E-05 9.9955E-05
0.0447273 0.532187 0.0299434 9.9991E-05 0.0500602 0.0176302 0.0509795 0.259347 0.0150252
9.9973E-05 0.224523 0.157952 0.00981638 0.528657 9.9973E-05 0.0369319 0.0418196 9.9973E-05
0.0207109 0.0191639 0.133035 0.161488 0.465925 0.0230933 0.129053 0.0474319 9.9991E-05
9.9982E-05 0.106301 0.010009 9.9982E-05 0.565077 0.0335383 0.0881333 0.165518 0.0312234
9.9982E-05 0.0811776 0.0192153 0.0349687 0.508849 0.0123231 9.9982E-05 0.24606 0.0972063
9.9982E-05 0.161229 0.250933 0.00122729 0.262654 0.0110778 0.0685507 0.244129 9.9982E-05
9.9973E-05 0.329114 0.123753 0.0670675 9.9973E-05 0.0350479 9.9973E-05 0.435145 0.00957223
0.0601644 0.12982 9.9982E-05 0.0292552 0.488341 0.00830929 9.9982E-05 0.179299 0.104611
0.010927 0.338063 0.0804885 0.0272341 0.0626485 0.0113773 0.0718651 0.301265 0.0961316
9.9982E-05 0.0557051 0.14851 0.101651 0.400868 0.00446387 9.9982E-05 0.151594 0.137008
0.0196202 0.314364 0.0350828 0.14393 0.0547135 0.00384038 0.00283681 0.333707 0.0919059
9.9982E-05 0.00291947 0.0503742 0.0494408 0.620144 0.0272136 0.0573996 0.192309 9.9982E-05
9.9964E-05 0.436021 0.0626356 0.0569088 0.13965 9.9964E-05 9.9964E-05 0.304385 9.9964E-05
9.9982E-05 0.167557 0.189589 9.9982E-05 0.321481 0.0193619 0.0149231 0.205209 0.0816782
0.0480628 0.232264 0.24841 0.0331849 0.32342 9.9982E-05 0.0705469 0.0439111 9.9982E-05
0.119933 0.0466254 0.461851 0.00095134 0.335904 9.9973E-05 9.9973E-05 0.0344354 9.9973E-05
0.131511 0.104952 0.0139012 0.0694543 0.548808 0.0196749 0.0171868 9.9991E-05 0.0944115
0.0372153 0.0528436 0.168835 0.099767 0.487312 9.9991E-05 0.0655969 0.0133593 0.0749705
0.129962 0.0800045 0.430051 9.9955E-05 0.359483 9.9955E-05 9.9955E-05 9.9955E-05 9.9955E-05
0.0477337 0.0207814 0.182958 0.0241725 0.519081 9.9991E-05 0.0877523 0.0886904 0.0287311
0.1907 9.9964E-05 0.132855 9.9964E-05 0.564563 0.0180993 9.9964E-05 9.9964E-05 0.0933829
0.142489 9.9955E-05 0.639394 9.9955E-05 0.110193 9.9955E-05 9.9955E-05 9.9955E-05 0.107425
0.147811 9.9955E-05 0.502098 9.9955E-05 0.288449 9.9955E-05 9.9955E-05 9.9955E-05 0.0611432
0.089814 0.0215589 0.322939 9.9973E-05 0.484594 0.0270921 9.9973E-05 0.0537015 9.9973E-05
0.159618 0.0161766 0.460543 9.9964E-05 0.137358 9.9964E-05 9.9964E-05 9.9964E-05 0.225904
0.180896 0.16555 0.169592 9.9964E-05 0.415276 9.9964E-05 9.9964E-05 9.9964E-05 0.0682862
0.0374614 0.295957 9.9973E-05 9.9973E-05 9.9973E-05 0.0315469 0.0430377 0.376319 0.215378
9.9964E-05 0.077859 0.244932 9.9964E-05 0.220466 9.9964E-05 9.9964E-05 0.323494 0.132849
0.00704139 0.228036 9.9991E-05 0.00952807 0.201327 0.00940688 0.0720463 0.296195 0.176319
0.04748 0.0293975 9.9982E-05 9.9982E-05 0.547017 0.0102445 0.0982854 0.179281 0.0880941
9.9964E-05 0.259168 9.9964E-05 9.9964E-05 0.137023 9.9964E-05 0.0637849 0.38015 0.159474
0.00911503 0.170232 0.0596609 0.0122705 0.366632 0.0358413 0.14752 0.198629 9.9991E-05
9.9973E-05 9.9973E-05 9.9973E-05 0.00333431 0.560982 0.0320288 0.126613 0.195289 0.0814525
9.9973E-05 0.0852875 9.9973E-05 9.9973E-05 0.488758 0.0201595 0.0956483 0.268941 0.0409057
0.0509401 0.0330313 9.9982E-05 0.010911 0.485257 9.9982E-05 0.0866406 0.229645 0.103374
0.000151511 9.9982E-05 9.9982E-05 0.0521234 0.400056 0.0328867 0.0304988 0.307426 0.176657
0.0462073 0.268269 9.9982E-05 9.9982E-05 0.0938316 0.00179677 0.112906 0.321552 0.155237
0.0292175 0.106534 0.0373815 9.9982E-05 0.277525 9.9982E-05 0.0908771 0.35409 0.104174
9.9964E-05 0.154634 0.0562929 9.9964E-05 0.568838 9.9964E-05 0.018719 0.201116 9.9964E-05
0.0290466 0.0881872 0.0898962 0.0345432 0.604449 0.018251 9.9991E-05 0.106255 0.0292716
9.9973E-05 0.0580766 0.199634 9.9973E-05 0.432603 0.0453598 0.0308779 0.233148 9.9973E-05
0.0157326 0.0721695 0.0762565 9.9982E-05 0.522723 9.9982E-05 0.0418096 0.224364 0.0467449
9.9982E-05 0.166376 9.9982E-05 0.0827627 0.269684 0.0154514 0.0551985 0.330989 0.079338
9.9955E-05 0.191685 9.9955E-05 0.0883765 0.588987 9.9955E-05 9.9955E-05 0.130452 9.9955E-05
0.0266028 0.183888 9.9982E-05 0.0539789 0.406213 9.9982E-05 0.0434357 0.174044 0.111638
9.9991E-05 0.232373 0.05951 0.0304375 0.429569 0.0275707 0.122396 0.0803333 0.0177096
9.9982E-05 0.0704733 0.0699675 0.313428 0.339023 0.0131056 0.142048 9.9982E-05 0.0517547
9.9973E-05 0.0119286 0.186099 0.0193986 0.478662 0.082051 0.221561 9.9973E-05 9.9973E-05
0.0526983 0.0319492 0.0453133 0.0908109 0.457645 0.0244058 0.110905 0.0774182 0.108855
0.0287072 0.127425 0.0449843 9.9982E-05 0.551381 0.0664184 0.117674 9.9982E-05 0.0632094
9.9973E-05 0.0976974 9.9973E-05 0.184543 0.43774 0.00787201 0.196507 9.9973E-05 0.0753405
0.00383013 0.185499 0.166796 9.9982E-05 0.457069 0.00834299 9.9982E-05 0.173757 0.00450706
9.9982E-05 0.0775266 9.9982E-05 0.196222 0.516096 0.00590677 0.0977006 0.0862957 0.0200527
9.9964E-05 0.158824 0.354604 0.261503 9.9964E-05 9.9964E-05 0.120954 9.9964E-05 0.103715
9.9973E-05 0.107354 0.112153 0.0874104 0.466688 9.9973E-05 0.138038 0.0880574 9.9973E-05
0.0481589 9.9973E-05 0.0803751 0.137693 0.452593 9.9973E-05 0.196666 9.9973E-05 0.0842135
0.0116445 0.0227888 0.176768 0.0707574 0.318878 0.0359132 0.231383 0.0501247 0.0817419
0.00576972 0.129909 0.138081 0.112095 0.333049 0.0691847 0.0663256 0.0829346 0.062651
9.9973E-05 0.0167173 9.9973E-05 0.203616 0.467328 9.9973E-05 0.133629 0.0800816 0.0983285
0.00222906 9.9982E-05 0.0679964 0.14685 0.542759 0.0557045 0.116431 0.0678296 9.9982E-05
9.9955E-05 9.9955E-05 0.364142 0.419562 9.9955E-05 0.0512669 0.16453 9.9955E-05 9.9955E-05
9.9973E-05 0.0457769 0.0645809 0.19364 0.533064 0.0430813 0.119557 9.9973E-05 9.9973E-05
0.00890965 0.0948429 0.0675977 0.104002 0.459087 0.0124743 0.212638 0.0351368 0.00531122
0.0274755 0.115356 0.103751 0.118502 0.468594 9.9982E-05 0.152422 9.9982E-05 0.013699
0.0304161 0.0426083 0.0483677 0.214682 0.503252 9.9982E-05 0.144666 0.0158078 9.9982E-05
9.9982E-05 0.128942 9.9982E-05 0.12806 0.532975 0.0530323 0.079206 0.0493662 0.0282176
9.9964E-05 9.9964E-05 0.279429 9.9964E-05 0.469574 0.0253606 9.9964E-05 0.0709228 0.154314
9.9982E-05 0.0968378 0.164977 0.0793141 0.461897 9.9982E-05 0.0368861 0.0730489 0.0868385
9.9964E-05 0.0806903 0.656688 9.9964E-05 0.0908996 9.9964E-05 9.9964E-05 0.0337085 0.137613
9.9955E-05 9.9955E-05 0.654963 9.9955E-05 0.0561126 9.9955E-05 9.9955E-05 0.115188 0.173237
9.9973E-05 0.119866 0.0923511 0.0514162 0.317434 9.9973E-05 0.188965 9.9973E-05 0.229668
9.9973E-05 0.0399975 0.119528 0.0978788 0.438629 9.9973E-05 0.274888 0.02878 9.9973E-05
9.9964E-05 9.9964E-05 0.239956 0.0979182 0.34707 0.00792023 0.306735 9.9964E-05 9.9964E-05
9.9973E-05 0.00718132 0.371042 0.142938 0.127367 9.9973E-05 0.333463 9.9973E-05 0.0177082
0.0102725 0.0709046 0.171122 0.0606561 0.370045 0.0547323 0.262069 9.9982E-05 9.9982E-05
0.0140653 9.9973E-05 0.723178 0.0583467 0.173409 9.9973E-05 0.00406168 9.9973E-05 0.0266393
9.9964E-05 9.9964E-05 0.610576 9.9964E-05 0.300707 0.0742294 0.00932224 9.9964E-05 0.00476526
0.0291928 0.177121 0.147162 9.9982E-05 0.481904 0.00678903 0.109396 9.9982E-05 0.0482347
9.9973E-05 0.0873803 0.201357 0.0574686 0.444835 9.9973E-05 0.0994428 9.9973E-05 0.109216
9.9964E-05 9.9964E-05 0.58646 9.9964E-05 0.238975 0.0510374 0.0765613 0.046567 9.9964E-05
0.0696756 0.0604114 0.151297 0.0406877 0.550637 9.9982E-05 0.0438796 9.9982E-05 0.0832119
9.9991E-05 0.00380624 0.187377 0.0605717 0.4924 0.0159505 0.131084 0.0532632 0.0554475
9.9982E-05 0.108361 0.116285 0.0734095 0.43063 9.9982E-05 0.138102 0.0898221 0.0431907
0.0334623 0.0546668 0.404501 9.9973E-05 0.32565 9.9973E-05 9.9973E-05 0.0344454 0.146975
0.0606719 9.9982E-05 0.249317 9.9982E-05 0.373957 0.0165278 0.0269747 0.0671985 0.205153
0.00396369 0.0319385 0.206442 0.030567 0.542236 0.0249369 0.0323557 0.0311228 0.096437
0.0401389 0.0120535 0.26196 9.9982E-05 0.454971 0.0295776 9.9982E-05 0.107984 0.093115
0.090614 9.9991E-05 0.185465 0.0420453 0.357524 0.0434107 0.126712 0.0554657 0.0986637
9.9955E-05 0.00270478 0.411751 9.9955E-05 0.50218 9.9955E-05 9.9955E-05 9.9955E-05 0.0828649
9.9964E-05 0.0684909 0.505175 9.9964E-05 0.312435 9.9964E-05 9.9964E-05 0.0667825 0.0467173
9.9964E-05 9.9964E-05 0.186362 0.0141088 0.63767 9.9964E-05 0.00703018 9.9964E-05 0.154428
9.9964E-05 0.0421125 0.4884 9.9964E-05 0.196125 9.9964E-05 9.9964E-05 0.0737773 0.199186
0.00953425 0.0157452 0.352677 9.9982E-05 0.457325 0.0431369 9.9982E-05 0.0479494 0.0734319
0.0382347 0.0436718 0.0968058 0.0528703 0.555554 0.0518139 0.062848 9.9991E-05 0.0981015
9.9973E-05 9.9973E-05 0.213804 0.0281842 0.541246 0.00410871 0.0208872 9.9973E-05 0.191471
9.9982E-05 0.0125592 0.102061 0.0684689 0.566682 0.069385 0.167096 0.0135472 9.9982E-05
9.9991E-05 0.121137 0.173733 0.11077 0.273963 0.0513148 0.103211 0.0329467 0.132824
0.0183476 0.0060222 0.188009 0.108909 0.30232 0.0447652 0.260192 0.0198843 0.0515502
0.0441339 0.0596648 0.120088 0.0642362 0.37969 0.0759334 0.165759 0.0903947 9.9991E-05
0.0163608 0.0800358 0.0601186 0.101528 0.410183 0.0191463 0.164547 0.0771149 0.0709656
0.039746 9.9991E-05 0.148879 0.0544826 0.390525 0.0772676 0.165145 0.0594082 0.0644467
0.0401008 9.9982E-05 0.602365 0.122459 9.9982E-05 0.026023 0.165378 0.0196392 0.0238348
0.0104251 9.9982E-05 0.113176 0.00562099 0.635193 0.0464664 0.128667 0.0602512 9.9982E-05
9.9946E-05 9.9946E-05 0.539703 0.353218 9.9946E-05 9.9946E-05 0.106479 9.9946E-05 9.9946E-05
9.9964E-05 9.9964E-05 0.155626 0.0945218 0.552151 9.9964E-05 0.1411 9.9964E-05 0.0562019
9.9946E-05 9.9946E-05 0.603681 9.9946E-05 0.106572 9.9946E-05 9.9946E-05 9.9946E-05 0.289147
9.9946E-05 9.9946E-05 0.690497 9.9946E-05 9.9946E-05 9.9946E-05 9.9946E-05 0.0342325 0.274671
9.9973E-05 0.0218955 0.288021 9.9973E-05 0.489339 0.0369918 9.9973E-05 0.00928357 0.154169
9.9973E-05 0.0501985 0.159182 9.9973E-05 0.609203 0.0283733 9.9973E-05 0.0279854 0.124758
9.9964E-05 0.0108648 0.322598 9.9964E-05 0.460782 9.9964E-05 9.9964E-05 0.0772939 0.128061
9.9964E-05 9.9964E-05 0.223053 9.9964E-05 0.458723 0.019846 0.0151933 9.9964E-05 0.282785
9.9946E-05 9.9946E-05 0.298573 9.9946E-05 0.637657 9.9946E-05 9.9946E-05 9.9946E-05 0.06317
9.9973E-05 0.0648717 0.0147467 0.695663 0.0751402 0.0753826 0.0738964 9.9973E-05 9.9973E-05
0.0822042 0.0772829 9.9973E-05 0.657272 9.9973E-05 0.0490199 0.0992453 0.0346754 9.9973E-05
0.0005184 0.0636869 9.9964E-05 0.838294 9.9964E-05 0.0381281 0.0589729 9.9964E-05 9.9964E-05
9.9946E-05 9.9946E-05 9.9946E-05 0.81143 0.0551336 0.132837 9.9946E-05 9.9946E-05 9.9946E-05
9.9982E-05 0.0280093 0.0471472 9.9982E-05 0.350983 0.0739892 0.0372678 0.104699 0.357704
0.00344107 9.9991E-05 0.0543377 0.0578754 0.419846 0.00237428 0.00783857 0.0509055 0.403282
9.9964E-05 0.116841 9.9964E-05 9.9964E-05 0.429747 0.0275568 9.9964E-05 0.0200304 0.405425
0.0687658 0.0541501 9.9982E-05 0.0522257 0.446599 0.0785365 0.0377391 9.9982E-05 0.261784
0.136288 0.0229687 9.9982E-05 0.0642002 0.356387 0.0251165 0.157223 9.9982E-05 0.237617
0.100904 0.151964 0.0544384 9.9973E-05 0.14983 9.9973E-05 0.0381331 9.9973E-05 0.50443
9.9964E-05 0.0285342 9.9964E-05 9.9964E-05 0.600094 0.0208463 0.0191006 9.9964E-05 0.331025
0.0350903 9.9964E-05 0.170625 9.9964E-05 0.301674 0.027792 9.9964E-05 9.9964E-05 0.464419
0.0189375 0.00399273 0.012767 0.239928 0.440267 0.011023 0.222942 0.0306822 0.01946
9.9973E-05 0.0418715 0.098904 9.9973E-05 0.353911 9.9973E-05 0.0600767 0.059475 0.385462
9.9955E-05 0.179979 9.9955E-05 9.9955E-05 0.267769 0.026588 9.9955E-05 9.9955E-05 0.525164
0.0211199 0.0839065 9.9955E-05 9.9955E-05 0.475644 9.9955E-05 9.9955E-05 9.9955E-05 0.41883
9.9973E-05 0.0738401 9.9973E-05 0.00133904 0.373792 0.0442864 9.9973E-05 0.0570045 0.449438
9.9946E-05 9.9946E-05 9.9946E-05 9.9946E-05 0.633526 9.9946E-05 9.9946E-05 0.0545792 0.311296
0.134989 0.00760871 9.9964E-05 9.9964E-05 0.585178 0.0409608 9.9964E-05 9.9964E-05 0.230864
9.9946E-05 9.9946E-05 0.164148 9.9946E-05 0.0308345 9.9946E-05 9.9946E-05 9.9946E-05 0.804418
0.0394874 0.0477066 0.109214 9.9973E-05 0.178909 9.9973E-05 0.0282735 9.9973E-05 0.596109
0.0201366 9.9973E-05 0.0143218 9.9973E-05 0.283593 0.00895943 9.9973E-05 0.145116 0.527573
9.9937E-05 9.9937E-05 0.265832 9.9937E-05 9.9937E-05 9.9937E-05 9.9937E-05 9.9937E-05 0.733469
0.0377022 0.00218942 9.9982E-05 0.0365306 0.340858 9.9982E-05 0.0409844 0.147303 0.394232
0.0498334 9.9964E-05 0.270833 9.9964E-05 0.0915898 9.9964E-05 9.9964E-05 0.0420799 0.545264
9.9955E-05 9.9955E-05 0.343008 0.0103518 9.9955E-05 9.9955E-05 9.9955E-05 0.036303 0.609838
9.9982E-05 9.9982E-05 0.027775 0.0455172 0.463289 0.00272399 0.0386556 0.071451 0.350388
9.9991E-05 0.0740831 0.0231817 0.0562424 0.132863 0.00207737 0.0147355 0.0494389 0.647278
0.151501 0.0486774 9.9973E-05 9.9973E-05 0.31338 9.9973E-05 0.0596019 0.00289847 0.423641
9.9991E-05 0.00228106 0.0421971 0.0230395 0.59377 0.0567959 0.0536685 0.0206164 0.207532
0.12286 9.9955E-05 9.9955E-05 9.9955E-05 0.406606 9.9955E-05 0.0565082 9.9955E-05 0.413525
9.9964E-05 9.9964E-05 0.162217 9.9964E-05 0.342294 9.9964E-05 0.0341884 0.347163 0.113738
9.9964E-05 9.9964E-05 9.9964E-05 0.00996855 0.485362 0.0151933 9.9964E-05 0.0820138 0.407062
0.0297157 0.138567 9.9982E-05 9.9982E-05 0.326077 0.0410094 0.0661014 0.0662708 0.332059
9.9964E-05 9.9964E-05 0.0359881 9.9964E-05 0.304494 0.0165052 9.9964E-05 0.0464361 0.596177
0.0459394 0.0214657 9.9982E-05 0.0280109 0.434565 0.053154 0.0105584 9.9982E-05 0.406106
0.109759 0.0773294 9.9973E-05 0.570358 9.9973E-05 0.0393133 9.9973E-05 0.155703 0.047237
0.0800948 0.0298562 9.9982E-05 0.668204 9.9982E-05 0.0504308 0.0558504 0.00987423 0.105489
0.0252374 9.9964E-05 0.0420224 0.669792 9.9964E-05 0.148669 9.9964E-05 0.113879 9.9964E-05
0.0548497 9.9973E-05 0.0669755 0.694349 9.9973E-05 0.0673832 9.9973E-05 0.109738 0.00640538
0.142609 0.0701085 9.9973E-05 0.657927 0.0602401 0.0307867 9.9973E-05 0.0380283 9.9973E-05
9.9964E-05 0.19092 9.9964E-05 0.0687026 9.9964E-05 9.9964E-05 0.0346516 0.0380623 0.667263
0.0107692 0.0512298 0.0487478 0.0473365 0.0635592 9.9982E-05 9.9982E-05 0.085653 0.692504
