9.9946E-05 0.127264 9.9946E-05 9.9946E-05 9.9946E-05 0.797431 9.9946E-05 9.9946E-05 0.0747057
0.0467767 0.0184181 9.9973E-05 0.0238258 9.9973E-05 0.887693 0.00445241 9.9973E-05 0.0185339
9.9955E-05 0.132947 9.9955E-05 9.9955E-05 9.9955E-05 0.71573 9.9955E-05 0.0808964 0.069927
9.9973E-05 0.061615 0.0348899 9.9973E-05 0.0766091 0.751173 0.00805018 9.9973E-05 0.0673628
0.00238061 0.0480932 0.0148714 9.9982E-05 0.0184794 0.818625 9.9982E-05 0.067437 0.0299138
9.9973E-05 9.9973E-05 9.9973E-05 0.168747 0.0689134 0.59045 0.0815188 0.0790203 0.0110499
9.9955E-05 9.9955E-05 9.9955E-05 0.130727 0.0189385 0.793171 0.0566633 9.9955E-05 9.9955E-05
9.9964E-05 9.9964E-05 9.9964E-05 0.132375 0.059396 0.696941 0.0595915 9.9964E-05 0.0512963
0.0553571 0.00151946 9.99729E-05 0.0636871 9.99729E-05 0.821722 0.0211208 9.99729E-05 0.036294
9.9964E-05 9.9964E-05 0.0404581 0.0935017 0.0864099 0.661381 9.9964E-05 0.117849 9.9964E-05
9.9973E-05 9.9973E-05 9.9973E-05 0.149563 0.00819619 0.691303 0.0555656 0.0228775 0.0721947
0.0107917 9.9964E-05 9.9964E-05 0.0105684 0.0462944 9.9964E-05 0.823572 0.108373 9.9964E-05
9.9964E-05 0.0291292 9.9964E-05 9.9964E-05 0.0230593 9.9964E-05 0.504151 0.415279 0.0279819
9.9973E-05 0.0656481 9.9973E-05 9.9973E-05 0.0295111 0.00619827 0.767386 0.118014 0.012942
9.9973E-05 0.0077998 0.05849 9.9973E-05 0.177917 0.0155091 0.640397 0.0995866 9.9973E-05
0.0461887 0.0606396 9.9973E-05 9.9973E-05 0.155032 0.104441 0.443738 0.18966 9.9973E-05
9.9973E-05 0.00451845 9.9973E-05 0.0703478 0.115548 0.0163077 0.342453 0.450525 9.9973E-05
0.00967411 0.0317489 0.0403564 0.000109761 0.0258731 9.9982E-05 0.521485 0.370552 9.9982E-05
9.9964E-05 0.0551024 9.9964E-05 9.9964E-05 0.0392464 0.0929642 0.595829 0.216458 9.9964E-05
9.9964E-05 9.9964E-05 9.9964E-05 0.0315943 0.0315568 0.0663283 0.855442 9.9964E-05 0.0146789
0.118118 0.0426987 0.0472076 9.9982E-05 0.0666901 9.9982E-05 0.361089 0.293621 0.0703761
0.0188049 0.0785786 0.0502543 0.0288831 0.0262527 0.0200033 0.359859 0.354222 0.0631424
0.0127542 9.9982E-05 0.0774413 9.9982E-05 0.0560058 0.0738623 0.271141 0.487154 0.0214408
9.9946E-05 9.9946E-05 9.9946E-05 9.9946E-05 0.0951005 9.9946E-05 0.745314 0.158986 9.9946E-05
0.0477372 0.107293 0.0103064 0.0220089 0.0457663 0.0987125 0.120799 0.547276 9.9991E-05
9.9955E-05 9.9955E-05 9.9955E-05 9.9955E-05 0.0489534 0.0248295 0.417202 0.508515 9.9955E-05
9.9946E-05 9.9946E-05 9.9946E-05 9.9946E-05 0.104188 9.9946E-05 0.86894 0.0262719 9.9946E-05
9.9964E-05 0.0140138 9.9964E-05 9.9964E-05 0.194254 0.00108817 0.751852 0.0383926 9.9964E-05
9.9964E-05 9.9964E-05 0.026933 0.056628 0.00103881 9.9964E-05 0.759023 0.155977 9.9964E-05
9.9946E-05 9.9946E-05 9.9946E-05 9.9946E-05 0.0588276 0.814028 9.9946E-05 0.126545 9.9946E-05
9.9946E-05 9.9946E-05 9.9946E-05 9.9946E-05 0.0170341 0.815556 9.9946E-05 0.16681 9.9946E-05
9.99461E-05 9.99461E-05 9.99461E-05 9.99461E-05 0.00391338 0.802422 9.99461E-05 0.193065 9.99461E-05
0.0466009 0.147841 9.9973E-05 9.9973E-05 0.0419621 0.631283 9.9973E-05 0.105142 0.0268714
0.221609 0.043614 9.9964E-05 9.9964E-05 9.9964E-05 9.9964E-05 0.1156 0.545955 0.0728225
0.307971 9.9982E-05 9.9982E-05 0.0251745 0.126374 0.0602916 0.0568093 0.400953 0.0222258
0.354625 9.9955E-05 9.9955E-05 0.0422772 9.9955E-05 0.0444272 9.9955E-05 0.558171 9.9955E-05
0.0650314 9.9973E-05 0.0170096 9.9973E-05 9.9973E-05 0.0909405 0.524618 0.0860309 0.21607
0.577117 9.9964E-05 0.0598033 9.9964E-05 0.0373307 0.0395773 9.9964E-05 0.285772 9.9964E-05
0.155576 0.0858199 9.9964E-05 9.9964E-05 9.9964E-05 0.0253179 0.176775 0.556111 9.9964E-05
0.22517 0.0453359 9.9973E-05 0.0525649 9.9973E-05 0.0456573 9.9973E-05 0.628764 0.00220865
0.107007 9.9964E-05 9.9964E-05 0.169264 0.00200065 0.135315 9.9964E-05 0.586013 9.9964E-05
0.126756 9.9982E-05 0.0215293 0.0536445 0.019167 0.049013 9.9982E-05 0.61706 0.11263
0.68362 0.059591 9.9982E-05 9.9982E-05 0.0229563 0.0224165 0.175416 0.00788615 0.0279144
0.0690301 0.0863286 9.9982E-05 0.146228 0.0549805 9.9982E-05 0.0924435 0.520669 0.0301207
0.247844 0.0875551 0.0757283 0.00835068 0.0983518 0.00843683 9.9991E-05 0.472688 0.000945381
0.114173 0.096245 9.9982E-05 0.0465591 0.0742642 0.0965313 9.9982E-05 0.484377 0.0876503
0.634387 9.9946E-05 0.0508651 9.9946E-05 9.9946E-05 9.9946E-05 9.9946E-05 0.314149 9.9946E-05
0.257724 9.9973E-05 0.0223466 9.9973E-05 0.0267329 0.0334332 9.9973E-05 0.598592 0.060871
0.108779 9.9982E-05 0.0448427 9.9982E-05 0.00243037 0.149898 0.0739206 0.567661 0.0522682
0.673171 9.9946E-05 9.9946E-05 0.259999 9.9946E-05 0.0662309 9.9946E-05 9.9946E-05 9.9946E-05
0.225026 9.9973E-05 0.0706794 0.0668583 9.9973E-05 9.9973E-05 0.323129 0.121251 0.192757
0.142342 0.0867492 0.063086 0.245376 9.9982E-05 9.9982E-05 0.451029 0.00397867 0.00723831
9.999E-05 0.185016 0.00545418 0.0427486 0.00942415 0.0425418 0.0823313 0.550884 0.0814998
9.9973E-05 9.9973E-05 0.0664103 0.045478 0.0729334 0.157761 0.078182 0.578935 9.9973E-05
9.999E-05 0.0646353 0.0311613 0.0974217 0.0726141 0.0217363 0.172514 0.511855 0.0279627
0.166327 0.00205192 0.087548 0.0546145 9.9991E-05 0.11905 0.20251 0.216248 0.151551
9.9973E-05 9.9973E-05 0.0760714 0.00984475 9.9973E-05 0.0669901 0.200935 0.520526 0.125333
0.0713095 0.139832 9.9982E-05 0.110273 0.0679684 9.9982E-05 0.14568 0.440761 0.0239758
0.0973341 9.9982E-05 0.0712819 0.097862 0.0900611 0.107236 0.237227 0.298798 9.9982E-05
0.0128915 0.0991056 9.9982E-05 0.1041 9.9982E-05 0.142888 0.538058 0.0739801 0.0287765
0.076994 0.0455945 0.0204145 0.0987745 9.9991E-05 0.0829739 0.124228 0.494361 0.0565596
9.9964E-05 0.16633 0.106838 9.9964E-05 9.9964E-05 9.9964E-05 0.397748 0.283632 0.045051
0.120595 9.9964E-05 9.9964E-05 0.0558061 9.9964E-05 0.0276877 0.655402 9.9964E-05 0.140109
0.037079 0.0165525 9.9964E-05 9.9964E-05 9.9964E-05 9.9964E-05 0.386607 0.49087 0.0684909
0.00216151 0.0615518 0.172507 9.9991E-05 0.0275247 0.0227794 0.0790032 0.52957 0.104802
0.0300191 0.0967185 0.019474 9.9982E-05 9.9982E-05 0.0456647 0.277633 0.506628 0.0236636
0.0197474 0.0352756 0.0199657 0.119658 0.0911869 9.9982E-05 0.541826 0.17214 9.9982E-05
0.0466165 0.100369 0.0424597 0.000258869 9.9973E-05 9.9973E-05 0.417837 0.39216 9.9973E-05
0.0227875 0.0167815 0.131829 9.9991E-05 0.0291945 0.0926791 0.049408 0.514501 0.14272
0.0706072 0.0251291 0.0434007 0.0517358 9.9982E-05 9.9982E-05 0.595502 0.126322 0.0871032
0.370459 9.9955E-05 9.9955E-05 9.9955E-05 9.9955E-05 9.9955E-05 0.0339773 0.533661 0.0614033
0.695596 9.9964E-05 9.9964E-05 9.9964E-05 0.0235219 0.00587256 0.118741 0.155869 9.9964E-05
0.0791577 0.0187007 0.0653651 0.17579 0.0361333 0.111289 9.9982E-05 0.513363 9.9982E-05
0.824789 9.9955E-05 9.9955E-05 0.167919 0.00142027 9.9955E-05 9.9955E-05 0.00537256 9.9955E-05
0.780825 9.9955E-05 0.10601 0.0645698 9.9955E-05 9.9955E-05 9.9955E-05 9.9955E-05 0.048095
0.775236 9.9937E-05 9.9937E-05 9.9937E-05 9.9937E-05 9.9937E-05 9.9937E-05 0.224064 9.9937E-05
0.460182 9.9973E-05 9.9973E-05 0.0268305 0.0450661 9.9973E-05 0.0693393 0.381175 0.0171072
0.0835497 0.178042 0.0978741 9.9982E-05 0.000921296 0.114442 9.9982E-05 0.456655 0.0683162
0.484026 0.0530752 9.9973E-05 9.9973E-05 0.0138766 9.9973E-05 0.0578984 0.386946 0.00387788
0.594798 9.9973E-05 9.9973E-05 9.9973E-05 0.0449024 0.0365123 0.0517359 0.112909 0.158843
0.52162 0.00424898 0.0458872 9.9991E-05 0.0165558 0.0538864 0.0428375 0.170177 0.144686
0.156364 0.0660445 0.105022 9.9982E-05 0.00926538 0.0758506 0.0441396 0.543114 9.9982E-05
0.520835 9.9982E-05 9.9982E-05 0.0274575 0.0433062 0.0488019 0.0967141 0.26121 0.00147564
0.430812 9.9973E-05 9.9973E-05 0.00302603 0.0446641 0.00100345 0.112397 0.407797 9.9973E-05
0.568447 9.9946E-05 9.9946E-05 0.0572633 9.9946E-05 9.9946E-05 9.9946E-05 0.37369 9.9946E-05
0.683933 0.0304831 0.109242 0.174841 9.9964E-05 9.9964E-05 0.00110096 9.9964E-05 9.9964E-05
0.265704 0.0444666 9.9973E-05 9.9973E-05 0.0443988 0.00844949 9.9973E-05 0.603359 0.0333226
9.9955E-05 9.9955E-05 9.9955E-05 9.9955E-05 0.0680832 0.804625 0.0524746 0.0743176 9.9955E-05
9.9946E-05 0.0916533 9.9946E-05 9.9946E-05 9.9946E-05 0.848367 9.9946E-05 0.05938 9.9946E-05
9.9946E-05 0.129981 9.9946E-05 9.9946E-05 9.9946E-05 0.782409 9.9946E-05 0.0870105 9.9946E-05
0.0277294 0.171981 9.9955E-05 9.9955E-05 9.9955E-05 0.794441 9.9955E-05 0.00534797 9.9955E-05
0.0446766 0.0958665 0.0075732 9.9973E-05 9.9973E-05 0.809197 0.00196441 0.040422 9.9973E-05
0.0655772 0.14447 0.0125621 9.9964E-05 9.9964E-05 0.768061 9.9964E-05 0.00892939 9.9964E-05
9.9955E-05 0.0724625 9.9955E-05 9.9955E-05 9.9955E-05 0.874316 9.9955E-05 0.0403924 0.0123295
0.243084 9.9973E-05 9.9973E-05 9.9973E-05 0.127103 0.0843624 0.0357648 0.461128 0.0482581
0.158427 9.9973E-05 9.9973E-05 0.064638 0.0195706 0.110229 9.9973E-05 0.580251 0.0665844
0.747535 9.9955E-05 0.0188133 9.9955E-05 9.9955E-05 0.0131135 0.220038 9.9955E-05 9.9955E-05
0.143411 0.0271291 0.0225674 0.0540426 0.0485601 0.0981043 0.063871 0.506773 0.0355412
0.374651 9.9973E-05 9.9973E-05 9.9973E-05 0.0219713 0.0423779 0.0883207 0.391054 0.0813248
0.286072 9.9973E-05 0.051012 9.9973E-05 0.0763299 0.0623456 0.00616222 0.517778 9.9973E-05
0.170478 0.0145155 0.0956661 0.051981 9.9982E-05 0.0528431 0.103414 0.510903 9.9982E-05
0.462571 9.9964E-05 0.0432099 9.9964E-05 0.0424476 0.0424746 9.9964E-05 0.408897 9.9964E-05
0.624219 9.9955E-05 9.9955E-05 9.9955E-05 9.9955E-05 0.0340297 0.26718 9.9955E-05 0.0740713
0.049055 9.9991E-05 0.0719408 0.125486 0.0475035 0.147774 0.069141 0.472171 0.0168288
0.187478 9.9973E-05 0.0454737 9.9973E-05 0.0732586 0.109167 0.0379407 0.546382 9.9973E-05
0.136934 0.0808182 0.0026255 0.0327334 0.0435922 0.0767134 9.9991E-05 0.56488 0.0616033
0.597442 0.0457408 9.9982E-05 0.0717291 0.00339158 0.00329344 0.0115051 0.266698 9.9982E-05
0.322847 9.9964E-05 0.0994473 0.00656741 9.9964E-05 0.0402128 9.9964E-05 0.530526 9.9964E-05
0.41144 0.0294905 9.9973E-05 9.9973E-05 9.9973E-05 0.059851 0.0726634 0.392834 0.0334208
0.595273 9.9955E-05 0.0294158 9.9955E-05 0.0758611 9.9955E-05 9.9955E-05 0.298951 9.9955E-05
0.377386 9.9955E-05 9.9955E-05 9.9955E-05 9.9955E-05 0.0914246 9.9955E-05 0.448818 0.0818712
0.0867263 0.0314473 0.0193551 0.0675709 0.0292416 0.13313 0.0592172 0.526392 0.0469195
0.0345836 0.025576 0.178651 0.0236082 0.0429953 0.0453451 0.32353 0.170663 0.155047
9.9973E-05 0.0967354 9.9973E-05 0.0503886 9.9973E-05 0.0914444 0.279817 0.347885 0.13343
9.9982E-05 0.0174358 0.0326512 0.0788345 0.00242434 0.129692 0.172585 0.566177 9.9982E-05
0.110561 9.9982E-05 0.0647162 9.9982E-05 0.0765128 0.153501 0.0795408 0.492603 0.0223652
0.0838169 9.9982E-05 0.0105294 0.00141003 9.9982E-05 0.0127287 0.345967 0.445189 0.10016
0.0170689 0.00181889 0.052457 0.0216044 9.9991E-05 0.011819 0.245912 0.537042 0.112178
0.00276927 9.9973E-05 0.0601426 9.9973E-05 9.9973E-05 0.00296184 0.336732 0.426948 0.170146
0.0764697 0.100432 0.142723 0.0607857 9.9982E-05 0.0257322 9.9982E-05 0.506028 0.0876296
0.0743124 0.0185054 9.9991E-05 0.0485256 0.0324082 0.0940489 0.091961 0.59358 0.0465581
0.10177 9.9982E-05 0.0277102 0.0396493 9.9982E-05 0.0291846 0.236979 0.561169 0.00333841
0.0454897 9.9973E-05 0.0342509 9.9973E-05 9.9973E-05 0.0196053 0.163351 0.541874 0.19513
0.00575851 0.0633473 0.0190316 0.0401626 9.9991E-05 0.0872825 0.0686905 0.576549 0.139078
0.0330697 0.0712293 0.0824682 9.9973E-05 9.9973E-05 0.0993458 9.9973E-05 0.496724 0.216863
9.9964E-05 9.9964E-05 0.132447 9.9964E-05 0.105352 9.9964E-05 0.208477 0.482678 0.0706462
9.9982E-05 9.9982E-05 0.0381322 0.158999 0.0108136 0.0945058 0.0227865 0.591479 0.0830833
9.9973E-05 0.0288383 0.0872036 9.9973E-05 0.0616619 9.9973E-05 0.16942 0.515049 0.137527
9.9982E-05 0.117503 0.0962133 0.0748969 9.9982E-05 0.0238283 0.296564 0.258703 0.132092
0.0229453 0.0942765 9.9973E-05 9.9973E-05 9.9973E-05 0.0471968 0.10918 0.580627 0.145475
9.9973E-05 0.0664145 0.0575756 0.0855424 0.0460625 9.9973E-05 9.9973E-05 0.64119 0.102916
0.153576 0.0255542 0.0610766 9.9991E-05 0.0442461 0.0163719 0.382115 0.178155 0.138805
0.0595209 0.107836 0.183999 0.153068 0.00666902 9.9991E-05 0.234974 0.0917099 0.162123
0.00737754 0.102235 0.0898785 0.0625299 9.9982E-05 9.9982E-05 0.180917 0.47198 0.0848827
0.158128 9.9982E-05 0.219511 0.141128 0.0854005 9.9982E-05 0.0765643 0.0831883 0.23588
0.0850161 9.9982E-05 0.0555711 0.0357414 9.9982E-05 0.00915345 0.500932 0.219545 0.093841
0.143258 9.9973E-05 0.0516858 9.9973E-05 0.0188326 9.9973E-05 0.260416 0.382228 0.14328
0.0997814 9.9973E-05 0.00615019 9.9973E-05 9.9973E-05 0.0198106 0.352797 0.314708 0.206452
0.127807 9.9964E-05 9.9964E-05 0.0273202 9.9964E-05 9.9964E-05 0.397435 0.259559 0.18748
0.0466566 9.9982E-05 0.0634274 0.106837 0.0510458 0.0664733 0.101473 0.563887 9.9982E-05
0.103317 9.9991E-05 0.0546535 0.026537 0.123446 0.0856071 0.0602975 0.472852 0.0731902
0.000698825 0.0185265 0.120299 0.021254 9.9991E-05 0.0733563 0.200796 0.485251 0.0797186
0.186675 0.0569109 0.0994678 0.106593 0.0190961 9.9991E-05 0.215274 0.104192 0.211691
0.108685 0.0792831 0.0593095 9.9982E-05 9.9982E-05 0.115374 0.0458569 0.446731 0.14456
0.0999271 9.9982E-05 0.0934146 0.161952 0.0121266 0.0957434 9.9982E-05 0.527967 0.00866983
0.0690474 9.9982E-05 0.123534 0.492403 9.9982E-05 0.105084 0.151175 0.0178705 0.0406859
0.0339183 0.00361128 0.0576809 0.071622 0.0300619 0.0974295 0.0266641 0.678912 9.9991E-05
0.163784 0.155816 0.0225129 0.210303 9.9991E-05 0.047788 0.0174293 0.342087 0.0401785
0.0079336 0.148303 0.00683434 0.139797 9.9991E-05 0.0596945 0.114362 0.502307 0.0206692
0.0637507 0.144159 0.0208341 0.363023 9.9991E-05 0.0319945 0.132901 0.211796 0.0314407
9.9973E-05 9.9973E-05 0.0872256 0.448869 9.9973E-05 0.0424153 0.101898 0.25435 0.064942
0.0541034 0.111194 0.199066 0.111146 9.9982E-05 9.9982E-05 0.0657501 0.375185 0.083355
0.104827 0.0294163 0.033558 0.153926 0.0465814 0.097957 0.0804469 0.406926 0.0463624
0.0947118 0.0614074 0.0439881 0.184805 0.103217 0.0680502 0.195785 0.247936 9.9991E-05
0.185325 0.127483 0.0363881 0.320565 0.134033 9.9973E-05 0.195905 9.9973E-05 9.9973E-05
9.9982E-05 9.9982E-05 0.116683 0.0472964 0.0274334 0.0999724 0.130781 0.575553 0.00207971
0.0718717 9.9964E-05 0.0590533 0.310289 9.9964E-05 9.9964E-05 0.185579 0.372807 9.9964E-05
0.0529613 0.0165144 0.148416 0.15944 0.017659 9.9982E-05 0.162784 0.442026 9.9982E-05
9.9982E-05 9.9982E-05 0.0538697 0.152488 0.102 0.134649 0.0170667 0.526385 0.0133425
9.9973E-05 0.110529 9.9973E-05 0.234814 0.176478 0.272482 0.0640029 0.141394 9.9973E-05
9.9946E-05 0.314516 9.9946E-05 0.294594 9.9946E-05 0.39029 9.9946E-05 9.9946E-05 9.9946E-05
9.9955E-05 0.394524 0.00282525 0.314298 9.9955E-05 0.287853 9.9955E-05 9.9955E-05 9.9955E-05
9.9973E-05 0.388502 9.9973E-05 0.175311 0.155877 0.185748 9.9973E-05 0.0898635 0.00439861
0.0337442 9.9964E-05 0.0258281 0.303573 0.0044049 9.9964E-05 9.9964E-05 0.63205 9.9964E-05
9.9982E-05 9.9982E-05 0.139922 0.115149 0.00708528 0.108212 0.00373444 0.600884 0.0248129
0.0124864 9.9955E-05 9.9955E-05 9.9955E-05 0.687545 9.9955E-05 0.0541582 0.24531 9.9955E-05
0.100618 9.9982E-05 0.00184668 9.9982E-05 0.463351 0.0247965 0.0502522 0.354657 0.00427845
0.033018 0.0885295 0.062617 0.00385098 0.329127 0.0787439 9.9991E-05 0.312861 0.0911527
0.0326758 9.9973E-05 0.157914 0.416493 0.00336288 9.9973E-05 0.0432818 0.345973 9.9973E-05
0.163221 0.0589594 0.00403603 0.0862227 9.9982E-05 0.0402154 9.9982E-05 0.57848 0.0686656
0.00546329 9.9964E-05 0.12191 0.560692 9.9964E-05 9.9964E-05 0.087139 0.224396 9.9964E-05
9.9964E-05 0.0721027 0.0754006 0.234958 9.9964E-05 9.9964E-05 9.9964E-05 0.575284 0.041855
0.0577545 9.9973E-05 0.117305 0.209968 0.00382283 9.9973E-05 0.163859 0.44699 9.9973E-05
9.9982E-05 9.9982E-05 0.102184 0.20255 0.0186853 0.029052 0.0434446 0.589795 0.0140891
0.0244089 9.9973E-05 0.124494 0.483779 0.0197005 9.9973E-05 0.116322 0.230995 9.9973E-05
0.222433 0.0416372 9.9991E-05 0.0392898 0.129153 0.0152259 0.00478121 0.541259 0.00612122
0.116382 0.0158085 0.0881702 0.185004 0.173142 0.00788766 9.9991E-05 0.405897 0.00760886
0.024036 9.9955E-05 0.0176745 9.9955E-05 0.955037 9.9955E-05 9.9955E-05 0.00275232 9.9955E-05
0.0315104 9.9964E-05 0.0259467 9.9964E-05 0.900843 9.9964E-05 0.00466765 0.0366326 9.9964E-05
0.0551412 0.0643747 0.00954675 9.9991E-05 0.579023 0.0194283 0.0685501 0.186339 0.0174977
9.9955E-05 0.00441104 9.9955E-05 9.9955E-05 0.642205 9.9955E-05 9.9955E-05 0.313251 0.0396328
9.9964E-05 0.0293317 9.9964E-05 0.045496 0.738937 9.9964E-05 0.0115121 0.174324 9.9964E-05
9.9946E-05 0.0521777 9.9946E-05 0.00972645 0.937496 9.9946E-05 9.9946E-05 9.9946E-05 9.9946E-05
0.0328605 0.0256814 9.9955E-05 9.9955E-05 0.904582 9.9955E-05 9.9955E-05 9.9955E-05 0.0363766
9.9946E-05 0.0905012 9.9946E-05 9.9946E-05 0.749067 9.9946E-05 9.9946E-05 0.159832 9.9946E-05
9.9946E-05 9.9946E-05 9.9946E-05 0.0385494 0.926937 9.9946E-05 0.0339144 9.9946E-05 9.9946E-05
9.9946E-05 0.0379486 9.9946E-05 0.00849655 0.952955 9.9946E-05 9.9946E-05 9.9946E-05 9.9946E-05
9.9937E-05 0.0286179 9.9937E-05 9.9937E-05 0.970682 9.9937E-05 9.9937E-05 9.9937E-05 9.9937E-05
9.9964E-05 9.9964E-05 9.9964E-05 0.00244816 0.757344 0.071492 0.0724263 0.0958895 9.9964E-05
9.9964E-05 0.0166586 9.9964E-05 9.9964E-05 0.722782 0.0808015 9.9964E-05 0.144687 0.0346708
0.01286 9.9946E-05 9.9946E-05 0.0194488 0.967092 9.9946E-05 9.9946E-05 9.9946E-05 9.9946E-05
0.0589506 9.9982E-05 9.9982E-05 0.042589 0.418862 0.0410135 0.146979 0.24634 0.0450663
9.9973E-05 0.0522281 0.0178748 9.9973E-05 0.585979 0.0763839 9.9973E-05 0.23447 0.0327643
9.9955E-05 0.201972 9.9955E-05 9.9955E-05 0.559742 0.00780771 9.9955E-05 0.229978 9.9955E-05
9.9955E-05 0.043798 9.9955E-05 9.9955E-05 0.794698 9.9955E-05 0.052265 0.108739 9.9955E-05
9.9937E-05 0.119697 9.9937E-05 9.9937E-05 0.879604 9.9937E-05 9.9937E-05 9.9937E-05 9.9937E-05
9.9946E-05 0.145208 9.9946E-05 9.9946E-05 0.774248 9.9946E-05 9.9946E-05 0.0799443 9.9946E-05
9.9937E-05 0.0398172 9.9937E-05 9.9937E-05 0.959483 9.9937E-05 9.9937E-05 9.9937E-05 9.9937E-05
0.0398499 9.9964E-05 9.9964E-05 9.9964E-05 0.594864 0.0376428 9.9964E-05 0.193932 0.133311
0.0479779 9.9955E-05 9.9955E-05 9.9955E-05 0.914495 0.0348504 0.00217711 9.9955E-05 9.9955E-05
0.0202134 0.180385 9.9964E-05 0.57326 0.0255856 0.200156 9.9964E-05 9.9964E-05 9.9964E-05
0.00130525 0.0317844 9.9982E-05 0.215228 0.0481606 0.14086 9.9982E-05 0.433083 0.129379
0.0580024 0.0779763 9.9982E-05 0.186452 0.0790556 0.193715 9.9982E-05 0.348399 0.0562002
0.0173991 0.105016 9.9973E-05 0.432867 0.0190776 0.171596 9.9973E-05 0.253744 9.9973E-05
9.9982E-05 0.0748142 9.9982E-05 0.235756 0.145785 0.00758496 0.0567128 0.385817 0.0933295
0.11196 0.249718 0.0210368 0.270052 0.0282648 0.17913 0.00656525 0.133174 9.9991E-05
0.0897346 0.099565 0.0918931 0.0947661 9.9982E-05 0.107878 0.015104 0.500859 9.9982E-05
0.057427 0.017753 9.9973E-05 0.317348 0.236303 0.101923 9.9973E-05 0.268945 9.9973E-05
9.9964E-05 0.150215 9.9964E-05 0.196938 0.0727319 0.0884701 9.9964E-05 0.491246 9.9964E-05
9.9964E-05 0.218139 9.9964E-05 0.335942 0.0518874 0.0309439 9.9964E-05 0.362687 9.9964E-05
9.9982E-05 0.193647 9.9982E-05 0.219481 0.0201571 0.0604331 0.0319914 0.458813 0.0152779
0.00432463 9.9973E-05 0.00134851 0.0608181 9.9973E-05 0.788362 9.9973E-05 0.0774346 0.0674123
9.9955E-05 0.169887 0.0329106 9.9955E-05 0.00464337 0.79206 9.9955E-05 9.9955E-05 9.9955E-05
0.0388509 0.0163591 9.9955E-05 9.9955E-05 9.9955E-05 0.93597 9.9955E-05 9.9955E-05 0.00832032
0.00141949 0.0271706 0.00993107 9.9973E-05 9.9973E-05 0.907342 9.9973E-05 0.0146897 0.039147
9.9973E-05 0.0329629 9.9973E-05 0.0099872 9.9973E-05 0.854076 0.0320869 0.0295464 0.0410411
0.00117662 0.143545 0.0139507 9.9955E-05 9.9955E-05 0.840828 9.9955E-05 9.9955E-05 9.9955E-05
9.9955E-05 0.0583242 9.9955E-05 9.9955E-05 0.0418793 0.84079 9.9955E-05 0.0585071 9.9955E-05
0.0783761 0.0407109 0.00881664 0.0301001 9.9964E-05 0.841596 9.9964E-05 9.9964E-05 9.9964E-05
0.061217 0.0148334 0.0152655 9.9973E-05 0.00769114 0.891312 9.9973E-05 0.00938117 9.9973E-05
9.9946E-05 0.290213 9.9946E-05 9.9946E-05 9.9946E-05 0.700466 9.9946E-05 0.00872074 9.9946E-05
0.102178 9.9973E-05 0.0180005 9.9973E-05 0.0179844 0.594706 0.18556 9.9973E-05 0.0812717
0.0366089 0.03188 0.00652385 9.9973E-05 9.9973E-05 0.574465 0.160825 9.9973E-05 0.189397
9.9964E-05 9.9964E-05 0.0687891 0.0513669 9.9964E-05 0.512071 0.27523 9.9964E-05 0.0921436
0.0136233 9.9973E-05 0.0388664 0.0233324 9.9973E-05 0.47742 0.356595 9.9973E-05 0.0898623
0.258089 0.00569072 9.9991E-05 0.0172582 0.0560991 0.0253964 0.169582 0.429992 0.037792
0.270203 0.0305857 0.0202649 9.9973E-05 9.9973E-05 9.9973E-05 0.13798 0.510189 0.0304778
0.146086 9.9973E-05 0.0393682 9.9973E-05 9.9973E-05 0.0227129 0.0529853 0.600308 0.138239
0.219798 0.0435882 0.0372041 0.0134816 9.9982E-05 9.9982E-05 0.308645 0.289556 0.0875274
0.101208 9.9964E-05 9.9964E-05 9.9964E-05 0.0223038 9.9964E-05 0.468571 0.0986601 0.308858
0.225962 9.9964E-05 0.0235873 9.9964E-05 9.9964E-05 0.0182036 0.0767721 0.655075 9.9964E-05
0.234401 9.9973E-05 0.0113069 9.9973E-05 0.0145212 9.9973E-05 0.0907254 0.548936 0.0998099
0.187079 9.9973E-05 0.0387148 0.0174423 9.9973E-05 9.9973E-05 0.0980041 0.537243 0.121218
0.625071 9.9955E-05 0.0243784 9.9955E-05 0.0734326 9.9955E-05 9.9955E-05 0.276618 9.9955E-05
0.168118 0.124638 0.080263 9.9973E-05 9.9973E-05 9.9973E-05 0.00780017 0.544315 0.074565
0.334459 0.0408339 0.00212696 9.9982E-05 9.9982E-05 0.00710525 0.0749109 0.442454 0.0979109
0.670611 9.9964E-05 0.182842 0.077437 9.9964E-05 9.9964E-05 0.0162535 9.9964E-05 0.0524565
0.193111 0.0402709 0.074492 0.00659457 9.9991E-05 0.106785 0.123472 0.427729 0.0274463
0.469413 0.0185632 0.0822702 0.115232 9.9973E-05 9.9973E-05 0.0141116 0.300111 9.9973E-05
0.415891 9.9964E-05 0.0309607 9.9964E-05 0.0471962 0.000475951 9.9964E-05 0.505077 9.9964E-05
0.632532 9.9973E-05 0.00773592 9.9973E-05 9.9973E-05 0.00246782 0.142358 0.118486 0.0961209
0.0140591 9.9973E-05 9.9973E-05 0.0814747 0.0236638 0.071186 9.9973E-05 0.00539792 0.803919
9.9955E-05 9.9955E-05 9.9955E-05 0.119504 9.9955E-05 0.0223062 9.9955E-05 0.076126 0.781563
9.9946E-05 9.9946E-05 0.0144702 0.134521 9.9946E-05 9.9946E-05 9.9946E-05 9.9946E-05 0.850409
9.9955E-05 9.9955E-05 9.9955E-05 0.0921707 9.9955E-05 0.0599513 9.9955E-05 0.00695076 0.840427
9.9964E-05 0.000234418 9.9964E-05 0.122511 9.9964E-05 0.00262452 9.9964E-05 0.0695069 0.804723
9.9964E-05 0.0409308 0.00846253 9.9964E-05 0.00292492 9.9964E-05 9.9964E-05 0.123416 0.823866
9.9964E-05 9.9964E-05 0.0269152 9.9964E-05 0.0478919 0.826909 0.0467011 0.0511824 9.9964E-05
9.9973E-05 0.104549 9.9973E-05 9.9973E-05 0.0212952 0.751349 0.0261604 0.0763254 0.0200213
9.9955E-05 9.9955E-05 9.9955E-05 9.9955E-05 0.105815 0.751103 0.0124646 0.130117 9.9955E-05
9.9964E-05 0.0394861 9.9964E-05 9.9964E-05 0.119711 0.666734 0.13245 0.041219 9.9964E-05
9.9964E-05 9.9964E-05 9.9964E-05 9.9964E-05 0.101294 0.770427 0.0397946 0.0755666 0.0125176
0.061888 9.9964E-05 9.9964E-05 0.0367965 9.9964E-05 0.371952 0.0435213 9.9964E-05 0.485443
0.0470792 9.9964E-05 0.0400463 0.0698902 9.9964E-05 0.421423 9.9964E-05 9.9964E-05 0.421162
0.0562253 0.119675 0.0213896 9.9964E-05 9.9964E-05 0.326117 9.9964E-05 9.9964E-05 0.476193
9.9955E-05 9.9955E-05 9.9955E-05 9.9955E-05 0.0462018 0.809729 0.0347049 0.108864 9.9955E-05
0.0589046 0.0195876 0.0432949 9.9973E-05 0.00937471 0.33337 9.9973E-05 9.9973E-05 0.535168
9.9982E-05 0.522179 0.0560625 0.0156117 0.15051 9.9982E-05 0.0168798 0.218166 0.0203909
0.0242873 0.221463 9.9982E-05 0.00609075 0.115489 0.0700295 9.9982E-05 0.520025 0.0424153
9.9955E-05 0.235739 9.9955E-05 9.9955E-05 0.14913 0.119882 9.9955E-05 0.494749 9.9955E-05
0.037631 0.194962 9.9982E-05 0.12284 0.128608 0.175546 9.9982E-05 0.29738 0.0428335
0.0275806 9.9982E-05 0.0571266 0.0450672 0.13007 0.177144 9.9982E-05 0.518971 0.0438406
9.9955E-05 0.545191 9.9955E-05 0.151792 0.0434779 0.25904 9.9955E-05 9.9955E-05 9.9955E-05
0.123519 9.9973E-05 0.0695352 0.0552797 9.9973E-05 9.9973E-05 0.201042 0.388125 0.1622
0.0412196 0.067219 0.184769 0.0382082 9.9982E-05 9.9982E-05 0.168301 0.341864 0.15822
9.9973E-05 0.0406177 0.0279908 9.9973E-05 9.9973E-05 0.0887335 0.520912 0.209013 0.112432
0.120795 0.0256068 0.241498 9.9973E-05 9.9973E-05 9.9973E-05 0.0580534 0.401465 0.152282
0.0878363 9.9964E-05 0.447659 0.235134 9.9964E-05 9.9964E-05 0.137702 9.9964E-05 0.0912688
0.0398833 0.013748 0.0143653 0.0669131 0.0584168 0.0505316 0.222936 0.486741 0.0464644
9.9982E-05 0.0649941 0.219662 0.0434441 9.9982E-05 0.0208675 0.115021 0.460687 0.0751243
0.0301933 9.9973E-05 0.0386082 9.9973E-05 9.9973E-05 0.0255627 0.419736 0.329114 0.156486
9.9982E-05 9.9982E-05 0.0613408 0.0142657 0.052241 0.0853117 0.186226 0.493332 0.107083
0.161873 0.0708897 0.112542 0.162313 9.9982E-05 9.9982E-05 0.433444 0.0155019 0.0432365
0.0524384 9.9982E-05 0.199467 0.0756473 0.0482558 9.9982E-05 0.104122 0.444397 0.0754726
0.136288 0.0450214 9.9973E-05 0.0413088 9.9973E-05 9.9973E-05 0.0742865 0.499148 0.203647
0.0570707 0.216061 0.0308112 0.0708121 0.108373 0.0467928 0.119897 0.327651 0.0225317
0.00206272 9.9973E-05 0.202632 0.0782622 9.9973E-05 9.9973E-05 0.287584 0.330179 0.0989799
0.0022492 0.0679522 0.167692 9.9991E-05 0.0432421 0.0191985 0.184799 0.354701 0.160066
0.0459355 0.00501106 0.145723 0.0653421 0.0733712 9.9991E-05 0.184933 0.415844 0.0637406
0.150588 0.0616536 0.0977622 0.0321865 9.9982E-05 9.9982E-05 0.0866085 0.50139 0.0696112
9.9991E-05 0.0100574 0.0787349 0.0194259 0.0298842 0.00872151 0.102793 0.639706 0.110577
0.0949704 9.9982E-05 0.10815 9.9982E-05 0.0430469 0.13744 0.160181 0.452044 0.00396794
0.0771569 0.0450757 0.0231352 0.0813 9.9991E-05 0.00631523 0.0984168 0.548907 0.119594
9.9955E-05 9.9955E-05 9.9955E-05 0.0130041 0.104111 0.742072 9.9955E-05 0.140313 9.9955E-05
9.9964E-05 9.9964E-05 0.0485749 0.00787981 0.035553 0.817361 9.9964E-05 0.0902316 9.9964E-05
0.0576908 0.0647567 0.0165079 0.00407382 0.000801302 0.754752 9.9991E-05 0.0659403 0.0353768
0.00993916 0.0673718 0.0708385 9.9973E-05 9.9973E-05 0.773233 9.9973E-05 0.0463345 0.031983
9.9946E-05 9.9946E-05 9.9946E-05 9.9946E-05 0.00536025 0.823165 9.9946E-05 0.170875 9.9946E-05
9.9973E-05 0.00805383 9.9973E-05 0.0444874 0.0232512 9.9973E-05 0.584028 0.116503 0.223376
0.0490693 0.0328038 0.20232 0.024471 9.9991E-05 0.114553 0.109001 0.41689 0.0507914
0.0884986 0.103739 9.9991E-05 0.111934 0.135372 0.0873966 0.0546888 0.378944 0.0393269
9.9973E-05 0.0370279 0.0746216 0.0483995 0.0483675 9.9973E-05 9.9973E-05 0.637794 0.15349
0.0354325 0.0383244 0.0766879 9.9982E-05 9.9982E-05 0.0725162 0.156441 0.535676 0.084722
9.9982E-05 0.0336964 0.16901 0.0853324 0.066642 9.9982E-05 0.17847 0.259499 0.207151
0.0750648 9.9964E-05 9.9964E-05 0.108098 9.9964E-05 0.121126 0.420541 9.9964E-05 0.27477
0.0675498 9.9982E-05 9.9982E-05 0.000337184 0.0313326 0.021326 0.168937 0.479113 0.231205
0.0241453 9.9982E-05 0.141535 9.9982E-05 0.0182795 0.0719382 0.351037 0.129485 0.263381
0.137313 0.106702 0.146568 0.0771789 9.9991E-05 0.000311912 0.0662604 0.375676 0.0898889
9.9973E-05 0.0142191 0.17903 9.9973E-05 9.9973E-05 0.122035 0.412918 0.0574383 0.21406
9.9973E-05 9.9973E-05 0.00390806 9.9973E-05 0.151756 0.0565042 0.0871829 0.492471 0.207879
0.0470527 9.9982E-05 0.0951777 9.9982E-05 0.0242637 0.0836356 0.505877 0.104066 0.139727
0.044795 0.0603685 0.165352 0.100457 0.0177073 0.0190144 0.134241 0.306929 0.151136
0.063917 0.058842 0.038807 0.160132 0.0843272 0.049965 0.146109 0.36975 0.0281502
9.9964E-05 9.9964E-05 0.0922836 0.51219 9.9964E-05 9.9964E-05 0.00737914 0.292524 0.0952232
9.9964E-05 9.9964E-05 9.9964E-05 0.348265 9.9964E-05 0.0396337 0.0464857 0.556333 0.00888289
0.0429652 9.9982E-05 0.0996524 0.135899 0.0251782 0.126204 0.00407104 0.565829 9.9982E-05
0.0327013 9.9973E-05 0.0348112 0.493123 9.9973E-05 9.9973E-05 0.0173652 0.38194 0.0397594
0.119912 0.0293781 0.0401025 0.153647 0.0271352 0.0706136 0.145041 0.380659 0.0335114
9.9955E-05 9.9955E-05 0.153695 0.223953 9.9955E-05 9.9955E-05 9.9955E-05 0.565617 0.0562355
0.0147496 9.9964E-05 0.13233 0.642367 9.9964E-05 9.9964E-05 9.9964E-05 0.176152 0.0340009
9.9955E-05 9.9955E-05 0.0245175 0.652001 9.9955E-05 9.9955E-05 9.9955E-05 0.322129 0.000852678
9.9973E-05 9.9973E-05 0.0165579 0.324813 9.9973E-05 0.00362917 0.1069 0.512764 0.035036
0.167673 9.9973E-05 0.0365344 0.54375 9.9973E-05 9.9973E-05 0.000534231 0.20177 0.0494385
0.0377454 9.9964E-05 9.9964E-05 0.30592 9.9964E-05 9.9964E-05 0.166639 0.452601 0.0366951
0.160934 0.0480646 9.9964E-05 9.9964E-05 9.9964E-05 9.9964E-05 0.454583 0.0845505 0.251468
0.0898521 9.9973E-05 0.28199 9.9973E-05 0.0125245 9.9973E-05 0.244891 0.218023 0.152419
0.0896285 0.00638389 0.0341068 9.9982E-05 0.116926 9.9982E-05 0.255245 0.275388 0.222123
9.9973E-05 0.108714 0.00931671 9.9973E-05 0.0327308 9.9973E-05 0.180303 0.608295 0.0603405
0.153228 9.9955E-05 9.9955E-05 9.9955E-05 9.9955E-05 9.9955E-05 0.387504 0.19692 0.261848
0.0263393 9.9982E-05 0.0674369 0.0938997 0.0906284 0.0646774 9.9982E-05 0.505408 0.151411
0.138772 0.0154299 9.9982E-05 9.9982E-05 0.0262316 0.0387067 0.169858 0.491153 0.119648
0.0288016 0.013562 0.0455645 9.9991E-05 0.058714 0.0479191 0.355061 0.400126 0.0501522
0.0552544 0.00367085 0.0434173 0.0523204 0.0754727 0.00534137 0.118256 0.511586 0.13468
0.193017 9.9964E-05 9.9964E-05 9.9964E-05 0.10189 9.9964E-05 0.215999 0.332177 0.156517
0.138733 0.0105316 0.0134823 9.9982E-05 0.0391521 9.9982E-05 0.33065 0.200521 0.26673
0.0752812 9.9973E-05 0.063311 9.9973E-05 0.136394 9.9973E-05 0.228492 0.246657 0.249565
9.9973E-05 0.00697785 0.204293 9.9973E-05 0.0436308 9.9973E-05 0.0633108 0.522946 0.158541
0.0379441 9.9982E-05 0.0325764 9.9982E-05 0.00203135 0.0669264 0.179025 0.599066 0.0822309
0.0984815 0.12864 0.11017 9.9973E-05 9.9973E-05 9.9973E-05 0.0920541 0.348206 0.222148
9.9964E-05 9.9964E-05 0.119434 9.9964E-05 0.109599 9.9964E-05 0.141569 0.488665 0.140333
9.9973E-05 0.0219723 9.9973E-05 9.9973E-05 0.0329574 0.0616473 0.276066 0.349654 0.257403
0.00178893 9.9991E-05 0.0266449 0.00206958 0.0047812 0.0374955 0.183351 0.591115 0.152653
0.00887294 9.9982E-05 0.0237747 9.9982E-05 0.0248006 0.0818346 0.149341 0.554496 0.15668
0.0404478 0.117656 0.0781832 0.0338994 0.12514 0.0812241 0.0337287 0.399265 0.0904553
0.0310807 0.165028 9.9973E-05 0.0324262 9.9973E-05 0.31083 0.0466429 0.413693 9.9973E-05
9.9982E-05 0.184217 0.0286529 0.00380671 0.118786 0.104116 0.174154 0.386068 9.9982E-05
0.0233121 0.237775 9.9982E-05 9.9982E-05 0.0193559 0.0742849 0.149709 0.469072 0.0262921
0.113252 0.0234131 0.0240025 0.0351873 0.134228 0.0631292 0.139726 0.466961 9.9991E-05
9.9964E-05 0.308488 9.9964E-05 9.9964E-05 0.056273 0.111736 0.0617555 0.461348 9.9964E-05
0.00417979 9.9973E-05 0.174816 0.145428 0.0600179 9.9973E-05 0.226407 0.388851 9.9973E-05
0.0622735 0.21393 9.9964E-05 9.9964E-05 9.9964E-05 0.132012 0.12472 0.466664 9.9964E-05
0.0876742 0.242886 9.9973E-05 0.388251 0.0448631 0.117732 0.118293 9.9973E-05 9.9973E-05
9.9991E-05 0.0706139 0.0367488 0.039779 0.171684 0.0806441 0.163228 0.38483 0.0523722
0.0477291 0.134077 0.0710976 9.9982E-05 0.0976611 0.0951926 9.9982E-05 0.474029 0.0800138
9.9982E-05 0.0821858 0.128141 9.9982E-05 0.164568 0.0723198 0.0506347 0.470658 0.0312929
0.0484076 0.263646 9.9982E-05 0.133621 0.0155124 0.0510905 0.197609 0.289914 9.9982E-05
9.9973E-05 0.307448 9.9973E-05 0.0152449 0.000986026 0.0899705 0.147772 0.438279 9.9973E-05
9.9973E-05 0.13929 0.119879 0.000619358 0.0997854 0.141089 9.9973E-05 0.499037 9.9973E-05
9.9946E-05 0.428058 9.9946E-05 0.265455 9.9946E-05 0.305888 9.9946E-05 9.9946E-05 9.9946E-05
0.0930676 0.279935 0.0295438 9.9973E-05 0.0914961 0.0978863 9.9973E-05 0.407771 9.9973E-05
9.9982E-05 0.209723 0.00853253 0.0391126 0.0748148 0.104068 0.0517056 0.511843 9.9982E-05
9.9991E-05 0.0715997 0.00609822 0.0218589 0.0779445 0.105569 0.108859 0.602487 0.00548339
9.9955E-05 0.250779 9.9955E-05 9.9955E-05 9.9955E-05 0.128956 0.0454283 0.574336 9.9955E-05
0.0966047 0.0993951 9.9991E-05 0.0796939 0.141641 0.129405 0.00480649 0.428189 0.0201655
0.15706 0.0304143 0.362365 9.9964E-05 9.9964E-05 0.0512241 9.9964E-05 0.398537 9.9964E-05
0.0669027 0.117243 0.20547 9.9991E-05 0.039332 0.0680059 0.0509092 0.449812 0.0022259
0.0287301 9.9946E-05 0.829519 9.9946E-05 9.9946E-05 9.9946E-05 0.141151 9.9946E-05 9.9946E-05
9.9955E-05 9.9955E-05 0.93586 0.0127324 9.9955E-05 0.0251928 9.9955E-05 9.9955E-05 0.0257154
0.0820395 0.00698762 0.305257 9.9982E-05 0.0749861 0.0329962 0.149259 0.348274 9.9982E-05
9.9991E-05 0.346711 0.0304233 0.0168809 0.097088 0.0394506 0.0666588 0.401583 0.00110454
9.9964E-05 0.377399 0.154111 9.9964E-05 0.182327 0.00195167 9.9964E-05 0.283811 9.9964E-05
9.9982E-05 0.349829 0.0803338 0.0890581 0.112369 0.100526 0.0785001 0.189184 9.9982E-05
9.9964E-05 0.531459 0.132752 9.9964E-05 9.9964E-05 0.00771532 0.0405218 0.287152 9.9964E-05
9.9946E-05 0.255629 0.662438 0.081333 9.9946E-05 9.9946E-05 9.9946E-05 9.9946E-05 9.9946E-05
9.9946E-05 0.315761 0.660752 9.9946E-05 9.9946E-05 9.9946E-05 9.9946E-05 0.0228867 9.9946E-05
0.0230796 0.0553933 0.314357 9.9973E-05 0.0960464 9.9973E-05 9.9973E-05 0.459669 0.0511549
9.9964E-05 0.0809308 0.438204 9.9964E-05 0.0663556 0.0133545 9.9964E-05 0.400755 9.9964E-05
9.9955E-05 0.186209 0.697943 9.9955E-05 0.0270026 9.9955E-05 9.9955E-05 0.0883463 9.9955E-05
9.9973E-05 0.0484962 0.29722 9.9973E-05 0.0812136 0.104765 0.0302526 0.437752 9.9973E-05
9.9955E-05 0.0796327 0.339743 9.9955E-05 0.0454379 9.9955E-05 9.9955E-05 0.534686 9.9955E-05
0.107511 0.0420468 0.157708 0.0283071 0.0912467 0.124591 9.9982E-05 0.44839 9.9982E-05
0.0217224 9.9973E-05 0.555803 9.9973E-05 9.9973E-05 0.0423284 0.0608144 0.252048 0.0669837
0.0532014 9.9964E-05 0.503002 9.9964E-05 0.052042 9.9964E-05 0.126061 0.265294 9.9964E-05
0.0377329 0.0224196 0.278322 0.0374633 0.078782 0.00660311 0.0356691 0.413681 0.089327
0.0794555 9.9991E-05 0.303823 0.0794773 0.058541 0.0271604 0.0286772 0.359229 0.0635361
0.0501082 0.223872 0.13085 0.0575074 9.99857E-05 9.99857E-05 0.118871 0.354114 0.0644772
9.9955E-05 9.9955E-05 0.430767 0.11996 9.9955E-05 9.9955E-05 0.0318584 0.416915 9.9955E-05
9.9964E-05 9.9964E-05 0.776355 0.0193181 0.00914657 9.9964E-05 9.9964E-05 0.145717 0.0490632
0.0279618 9.9973E-05 0.354083 0.0146532 0.0146976 0.0818691 9.9973E-05 0.506435 9.9973E-05
9.9973E-05 9.9973E-05 0.717647 9.9973E-05 0.0539575 0.00395705 0.0897751 0.126676 0.00768764
9.9964E-05 9.9964E-05 0.493266 0.031826 9.9964E-05 0.0267837 9.9964E-05 0.413674 0.034051
0.0770311 0.0368225 0.222209 9.9982E-05 9.9982E-05 0.0295912 0.0554374 0.553923 0.0247855
9.9982E-05 9.9982E-05 0.2987 0.0269472 0.097397 0.0139904 0.108062 0.37966 0.0750423
0.00999291 0.231322 0.112082 9.9982E-05 0.085866 0.115427 0.0428497 0.402261 9.9982E-05
0.0856653 0.200849 0.152558 9.9982E-05 0.126777 0.00500916 9.9982E-05 0.373897 0.0550453
0.0608918 0.233565 0.0541151 0.0761159 0.133985 0.0499949 9.9991E-05 0.318115 0.0731179
9.9991E-05 0.275739 0.0514259 0.104742 0.0771838 0.0503124 0.125129 0.26658 0.0487887
0.0597638 0.03851 9.9991E-05 0.0875053 0.102376 0.113397 0.0995603 0.448631 0.0501562
0.041328 0.124679 0.137682 0.00703598 0.0903522 0.0951292 9.9991E-05 0.401485 0.102209
9.9973E-05 0.183496 0.56531 0.0459946 0.045608 0.129683 9.9973E-05 9.9973E-05 0.0296091
9.9982E-05 0.0912478 0.0732615 0.0417425 0.173814 0.0532448 9.9982E-05 0.467446 0.0990428
9.9964E-05 0.0122706 0.313531 0.217426 0.109233 0.34714 9.9964E-05 9.9964E-05 9.9964E-05
9.9973E-05 0.100255 0.323272 9.9973E-05 0.142421 0.0116302 0.00844981 0.413672 9.9973E-05
0.151136 9.9946E-05 0.827181 9.9946E-05 9.9946E-05 9.9946E-05 9.9946E-05 0.0210835 9.9946E-05
0.0534149 9.9955E-05 0.8779 0.0412588 9.9955E-05 0.0269261 9.9955E-05 9.9955E-05 9.9955E-05
9.9946E-05 9.9946E-05 0.516455 9.9946E-05 9.9946E-05 9.9946E-05 0.0641084 0.418836 9.9946E-05
9.9955E-05 0.0285287 0.426512 9.9955E-05 9.9955E-05 9.9955E-05 0.0362319 0.508227 9.9955E-05
0.0263107 9.9955E-05 0.619116 9.9955E-05 9.9955E-05 9.9955E-05 0.0135418 0.340531 9.9955E-05
0.0398817 9.9946E-05 0.509856 9.9946E-05 9.9946E-05 9.9946E-05 9.9946E-05 0.449663 9.9946E-05
0.0151355 9.9955E-05 0.459603 9.9955E-05 9.9955E-05 9.9955E-05 0.019312 0.50545 9.9955E-05
0.0128448 0.0459943 0.0514478 0.00623133 0.0431884 0.777476 0.0225797 0.0401374 9.9991E-05
0.00151009 0.037062 0.0372769 0.00747511 0.103934 0.721648 9.9982E-05 9.9982E-05 0.0908942
9.9946E-05 9.9946E-05 9.9946E-05 9.9946E-05 0.105289 0.879026 0.0150856 9.9946E-05 9.9946E-05
9.9946E-05 0.0267809 9.9946E-05 9.9946E-05 9.9946E-05 0.912429 9.9946E-05 0.0601903 9.9946E-05
0.393959 0.0220709 0.0514248 9.9964E-05 9.9964E-05 0.0431569 9.9964E-05 0.488989 9.9964E-05
0.263673 9.9964E-05 9.9964E-05 9.9964E-05 0.0199215 0.113597 0.13718 0.465229 9.9964E-05
0.394291 9.9946E-05 9.9946E-05 9.9946E-05 9.9946E-05 9.9946E-05 0.0882742 0.516836 9.9946E-05
0.238897 9.9973E-05 0.00210673 0.049666 9.9973E-05 0.126112 0.0299207 0.552998 9.9973E-05
0.132614 9.9991E-05 0.0406776 0.131316 0.0990177 0.02831 0.0392454 0.472968 0.0557514
0.456588 9.9982E-05 0.0433726 0.0323117 9.9982E-05 0.0143071 0.129795 0.252602 0.0708244
0.301387 9.9973E-05 0.00025434 9.9973E-05 0.0717254 0.0139419 0.132367 0.480024 9.9973E-05
0.440636 9.9973E-05 0.0482422 0.130031 9.9973E-05 0.00475811 9.9973E-05 0.365036 0.0109976
9.9982E-05 0.0932282 0.0153912 9.9982E-05 0.0388072 0.250861 0.0901122 0.490917 0.0204833
0.388478 0.0175139 0.0205716 0.0399417 0.0188941 9.9991E-05 0.059063 0.381457 0.0739815
0.463194 9.9955E-05 9.9955E-05 9.9955E-05 9.9955E-05 9.9955E-05 0.199642 0.317826 0.0188376
0.313613 0.00261152 0.0840625 9.9964E-05 9.9964E-05 9.9964E-05 0.0283874 0.570926 9.9964E-05
0.418961 0.0102347 0.0291706 9.9973E-05 9.9973E-05 0.0230742 0.125749 0.392511 9.9973E-05
0.290563 9.9973E-05 0.0940996 0.0273709 0.0203774 0.0270096 9.9973E-05 0.540279 9.9973E-05
0.272679 9.9964E-05 9.9964E-05 9.9964E-05 0.0106026 0.0915976 9.9964E-05 0.541975 0.0827462
0.845854 9.9955E-05 0.0672715 0.0136571 9.9955E-05 9.9955E-05 9.9955E-05 0.0727176 9.9955E-05
0.583667 9.9964E-05 9.9964E-05 0.0954396 0.0772398 0.0219329 9.9964E-05 0.221321 9.9964E-05
0.577395 9.9964E-05 0.070993 9.9964E-05 9.9964E-05 0.00388852 9.9964E-05 0.312443 0.0348808
0.866286 9.9937E-05 9.9937E-05 0.133015 9.9937E-05 9.9937E-05 9.9937E-05 9.9937E-05 9.9937E-05
0.408907 0.11256 0.0432131 9.9973E-05 9.9973E-05 0.000708747 9.9973E-05 0.329093 0.105219
0.588646 9.9955E-05 0.06446 0.242603 9.9955E-05 9.9955E-05 9.9955E-05 0.103791 9.9955E-05
0.802105 0.0179752 0.0575073 0.121912 9.9955E-05 9.9955E-05 9.9955E-05 9.9955E-05 9.9955E-05
0.190573 9.9964E-05 0.186234 9.9964E-05 0.0748684 9.9964E-05 0.0133352 0.53459 9.9964E-05
0.536915 9.9991E-05 0.0565759 0.0120869 0.0160705 0.0456313 0.0956658 0.225044 0.0119103
0.37235 0.0118058 9.9982E-05 0.0100062 0.059351 9.9982E-05 0.0812516 0.391325 0.0737109
0.278951 0.152587 9.9964E-05 9.9964E-05 0.0161205 0.0291933 9.9964E-05 0.522748 9.9964E-05
0.379875 9.9964E-05 9.9964E-05 0.00414415 9.9964E-05 9.9964E-05 0.156246 0.455389 0.00394687
0.0498145 0.0068347 0.143946 0.125515 0.041359 9.9991E-05 0.158863 0.346489 0.127078
0.220607 0.00935907 0.120894 9.9982E-05 0.011542 0.0368799 9.9982E-05 0.558433 0.0420849
0.287251 0.0226669 9.9982E-05 9.9982E-05 0.0212338 0.0401598 0.133369 0.429741 0.0653786
0.67638 9.9946E-05 9.9946E-05 0.0316925 9.9946E-05 9.9946E-05 9.9946E-05 0.291328 9.9946E-05
0.171281 0.14249 0.0860739 0.0195304 0.00622905 9.9982E-05 9.9982E-05 0.538773 0.0354231
9.9964E-05 9.9964E-05 9.9964E-05 0.107594 0.0121418 0.602722 0.0927071 9.9964E-05 0.184434
0.0606995 0.0530876 9.9982E-05 0.0369166 9.9982E-05 0.725495 0.0255736 0.0378037 0.0602238
9.9955E-05 9.9955E-05 9.9955E-05 0.0794605 9.9955E-05 0.789195 0.0712122 9.9955E-05 0.0596327
9.9973E-05 0.000180688 0.0555657 0.0231066 9.9973E-05 0.754966 0.00462156 9.9973E-05 0.16126
9.9964E-05 9.9964E-05 9.9964E-05 0.0964212 9.9964E-05 0.671616 0.05151 0.0756297 0.104423
0.669066 0.019773 9.9973E-05 9.9973E-05 9.9973E-05 0.0237142 0.102602 0.13156 0.0529843
0.627883 9.9964E-05 9.9964E-05 9.9964E-05 9.9964E-05 0.0485979 0.156116 0.0957241 0.0712786
