0.000290454 0.887407 9.9955E-05 9.9955E-05 9.9955E-05 9.9955E-05 0.0369213 9.9955E-05 0.0748812
0.00129227 0.939449 0.00889946 9.9955E-05 9.9955E-05 9.9955E-05 9.9955E-05 0.0498598 9.9955E-05
0.00518524 0.80189 9.9964E-05 0.102236 9.9964E-05 9.9964E-05 0.0482738 9.9964E-05 0.0420148
0.0651338 0.716692 9.9964E-05 9.9964E-05 9.9964E-05 0.0374088 0.114734 9.9964E-05 0.0656313
9.9964E-05 0.831928 9.9964E-05 0.021418 9.9964E-05 9.9964E-05 0.0528789 0.0728926 0.0204829
0.0159257 0.569792 0.0877294 0.0357096 0.0909232 0.0263485 0.0442598 9.9991E-05 0.129211
9.9946E-05 0.776974 9.9946E-05 9.9946E-05 0.0948243 9.9946E-05 9.9946E-05 9.9946E-05 0.127602
9.9964E-05 0.690115 9.9964E-05 9.9964E-05 0.0594065 0.0641743 0.0339182 9.9964E-05 0.151986
0.032936 0.840487 0.0637482 9.99639E-05 0.0387801 9.99639E-05 9.99639E-05 9.99639E-05 0.0236484
9.9982E-05 0.640118 9.9982E-05 0.0434695 0.117894 0.00268905 0.0923189 0.00292419 0.100387
0.0444656 0.719451 0.0469068 9.9964E-05 0.0676143 9.9964E-05 9.9964E-05 9.9964E-05 0.121162
0.0150193 9.9964E-05 9.9964E-05 0.113096 0.0346169 0.802186 0.0346817 9.9964E-05 9.9964E-05
0.00441704 0.0140586 9.9955E-05 0.458345 9.9955E-05 0.52268 9.9955E-05 9.9955E-05 9.9955E-05
0.0362948 0.0191625 9.9973E-05 0.0301059 9.9973E-05 0.637322 0.12693 0.149884 9.9973E-05
9.9973E-05 0.0463983 9.9973E-05 0.109338 9.9973E-05 0.680313 0.138797 0.0242108 0.000642502
9.9973E-05 0.0800471 9.9973E-05 0.271488 0.0649418 0.432834 0.14507 9.9973E-05 0.00531967
9.9964E-05 9.9964E-05 9.9964E-05 0.472975 0.00716956 0.39081 0.0925087 9.9964E-05 0.0361371
0.00445011 9.9982E-05 0.106438 0.372301 0.0430619 0.428234 0.0444638 9.9982E-05 0.000852161
9.9955E-05 0.134177 9.9955E-05 0.194515 9.9955E-05 0.638464 0.0323446 9.9955E-05 9.9955E-05
0.0510036 0.0160961 9.9964E-05 9.9964E-05 0.100137 0.800454 9.9964E-05 9.9964E-05 0.0319096
9.9982E-05 0.0023948 0.110134 0.300247 0.0489002 0.39074 0.0905677 9.9982E-05 0.0568167
9.999E-05 0.0707942 0.0217418 0.336873 0.173854 0.312378 0.0140426 0.0279303 0.0422859
9.9982E-05 0.112005 0.0493329 0.444083 0.00725469 0.340924 0.00512262 0.0410776 9.9982E-05
9.9964E-05 0.0203293 0.0490057 0.120828 9.9964E-05 0.733626 0.0758111 9.9964E-05 9.9964E-05
0.021291 0.00417247 9.9982E-05 0.579134 0.13991 0.128386 0.0864912 9.9982E-05 0.0404158
9.9964E-05 9.9964E-05 0.0113181 0.415251 0.0379902 0.45194 0.0831007 9.9964E-05 9.9964E-05
9.9955E-05 0.000443295 0.0225149 9.9955E-05 9.9955E-05 0.870249 0.106294 9.9955E-05 9.9955E-05
9.9946E-05 9.9946E-05 9.9946E-05 9.9946E-05 0.028825 0.819863 0.150712 9.9946E-05 9.9946E-05
9.9964E-05 9.9964E-05 9.9964E-05 0.0932077 0.0699831 0.705266 9.9964E-05 0.0919561 0.0391869
9.9946E-05 0.850005 9.9946E-05 0.140193 9.9946E-05 9.9946E-05 0.00920228 9.9946E-05 9.9946E-05
9.9937E-05 0.830367 9.9937E-05 0.168933 9.9937E-05 9.9937E-05 9.9937E-05 9.9937E-05 9.9937E-05
0.0335988 0.74282 0.0281193 0.0893696 9.9973E-05 0.0488019 0.056991 9.9973E-05 9.9973E-05
0.0151774 0.708898 0.05503 0.133732 9.9964E-05 9.9964E-05 0.0867635 9.9964E-05 9.9964E-05
9.9982E-05 0.0226201 0.188155 0.544358 9.9982E-05 0.132071 0.0104389 0.0380141 0.0641434
9.9982E-05 0.0808205 0.196319 0.524445 9.9982E-05 0.0779129 0.0552765 0.0252105 0.0398157
9.9955E-05 9.9955E-05 0.453848 0.505636 9.9955E-05 9.9955E-05 0.0265351 9.9955E-05 0.0134807
0.148553 0.105464 0.00799511 0.0775984 9.9973E-05 0.650452 9.9973E-05 0.00963817 9.9973E-05
0.00231695 0.0192961 0.571678 0.322459 0.0084677 9.9991E-05 0.0424169 0.0182929 0.0149722
0.0523863 0.0287128 0.180327 0.438052 9.9982E-05 0.107271 0.134725 0.058325 9.9982E-05
9.9964E-05 0.0949444 0.123872 0.738118 0.0225959 9.9964E-05 9.9964E-05 0.0200699 9.9964E-05
0.0126574 0.0239855 0.0729932 0.58675 0.231376 0.0071679 9.9982E-05 9.9982E-05 0.0648698
0.00147018 0.0908282 0.144207 0.590074 0.0750007 0.0064941 0.0337358 9.9991E-05 0.0580907
9.9973E-05 0.0135652 0.721375 0.0600715 9.9973E-05 0.146583 0.0325323 9.9973E-05 0.0255733
0.0385072 9.9982E-05 0.032569 0.566422 0.242441 0.0258046 0.0642868 9.9982E-05 0.0297692
9.9973E-05 9.9973E-05 0.230982 0.521105 0.068294 0.0244065 0.0606345 0.0942784 9.9973E-05
0.0848839 0.0766422 0.165305 0.514618 9.9991E-05 0.0497478 0.0263465 0.0694451 0.0129112
0.0105547 0.000785188 0.617514 0.29616 9.9973E-05 9.9973E-05 0.00211724 0.0725685 9.9973E-05
0.00667635 0.00865227 0.200134 0.692141 9.9973E-05 9.9973E-05 9.9973E-05 0.041548 0.0505484
9.9982E-05 0.0937916 0.147968 0.563968 0.0261893 0.0860252 9.9982E-05 0.0425675 0.0392907
9.9955E-05 0.0661425 0.672737 9.9955E-05 0.23614 9.9955E-05 9.9955E-05 0.0244804 9.9955E-05
0.119998 9.9982E-05 0.223821 0.0096506 0.113108 0.421487 9.9982E-05 0.095953 0.0157833
9.9964E-05 9.9964E-05 0.137273 0.00970551 0.315727 0.437139 9.9964E-05 0.0997559 9.9964E-05
0.0304653 0.0181443 0.0808266 0.580674 0.0427491 0.145099 0.032534 0.0694078 9.9991E-05
9.9964E-05 0.134556 9.9964E-05 0.597042 0.072701 0.0717391 9.9964E-05 0.123562 9.9964E-05
9.9982E-05 0.00508911 9.9982E-05 0.537325 0.171027 0.0619115 0.0746276 0.0796679 0.0701517
0.128895 0.0838091 0.263966 0.103806 0.110163 0.230818 9.9991E-05 0.0178426 0.0606008
0.142456 0.0099799 9.9982E-05 0.579781 0.0521561 0.133673 9.9982E-05 0.0622216 0.0195322
0.0553169 0.0671866 0.0344966 0.519412 0.118817 0.13935 0.065221 9.9982E-05 9.9982E-05
0.0902227 0.102949 0.128334 0.258054 0.0567661 0.323698 0.0362927 0.0035836 9.9991E-05
9.9982E-05 0.214235 0.0946956 9.9982E-05 0.152098 0.409293 0.00703934 0.000180319 0.122259
0.0812683 0.058098 0.151098 0.460062 0.102895 0.0952061 0.0306151 9.9991E-05 0.0206572
9.9982E-05 0.0265386 0.0634667 0.33658 9.9982E-05 0.32684 0.0570387 0.0602922 0.129044
0.00271481 9.9973E-05 0.103249 9.9973E-05 0.104981 0.621328 9.9973E-05 0.017173 0.150255
0.0120057 9.9991E-05 0.0952196 0.337577 0.0242664 0.462105 0.0264694 0.0145519 0.0277045
9.9982E-05 9.9982E-05 0.0884588 0.540486 0.103658 0.151944 0.0512152 0.035271 0.0287674
0.0455034 0.0433201 0.0432779 0.520035 0.0213668 0.257621 0.0533406 0.0101728 0.00536235
0.0139044 0.0362153 0.116422 0.219255 0.0546819 0.414157 0.0360257 0.0811311 0.0282077
9.9973E-05 9.9973E-05 0.0795532 0.394708 0.154416 0.335735 0.010524 0.0247639 9.9973E-05
0.07409 0.0172094 0.018002 0.532639 9.9991E-05 0.129402 0.113349 0.0745805 0.0406293
0.0816278 9.9982E-05 0.0713347 0.111983 0.15586 0.44903 9.9982E-05 0.0745833 0.0553819
0.0369073 9.9955E-05 0.404789 0.501191 9.9955E-05 0.0566138 9.9955E-05 9.9955E-05 9.9955E-05
9.9955E-05 9.9955E-05 0.686567 0.139795 9.9955E-05 0.158258 0.0148802 9.9955E-05 9.9955E-05
0.00733865 0.0703609 0.201108 0.475021 0.0675937 9.9982E-05 0.0854726 9.9982E-05 0.0929058
9.9946E-05 9.9946E-05 0.882929 9.9946E-05 0.0961414 9.9946E-05 9.9946E-05 0.0203296 9.9946E-05
9.9955E-05 9.9955E-05 0.796342 9.9955E-05 0.108901 9.9955E-05 9.9955E-05 0.0669762 0.0272807
9.9955E-05 9.9955E-05 0.699377 0.271266 9.9955E-05 0.022998 9.9955E-05 9.9955E-05 0.0058585
9.9964E-05 9.9964E-05 0.502099 0.375607 9.9964E-05 0.0240828 0.0224261 9.9964E-05 0.0753848
0.0134262 0.0388113 0.0772037 0.342524 0.0922739 0.188158 0.167853 0.041963 0.0377868
9.9964E-05 9.9964E-05 0.398519 0.413686 0.0015961 0.160148 0.0256508 9.9964E-05 9.9964E-05
0.105925 0.0484016 0.650817 0.0973785 9.9982E-05 0.0314484 0.0240904 9.9982E-05 0.0417385
0.0744393 0.0514885 0.491798 0.168129 9.9973E-05 0.0893804 9.9973E-05 9.9973E-05 0.124464
0.0871897 0.0598335 0.204349 0.365483 0.0378293 0.0454316 0.143808 0.0559758 9.9991E-05
9.9973E-05 0.00441728 0.61458 0.217731 0.012462 0.113488 0.0370226 9.9973E-05 9.9973E-05
0.0301908 0.0487387 0.425137 0.388919 9.9973E-05 0.0849778 0.0217364 9.9973E-05 9.9973E-05
0.0090363 9.9955E-05 0.480827 0.412662 0.0969747 9.9955E-05 9.9955E-05 9.9955E-05 9.9955E-05
9.9946E-05 9.9946E-05 0.66135 9.9946E-05 0.157827 9.9946E-05 9.9946E-05 0.180224 9.9946E-05
9.9982E-05 0.0105572 0.329004 0.452996 9.9982E-05 0.0431585 0.0626808 0.0468666 0.0545368
9.9964E-05 0.785357 9.9964E-05 0.0413469 9.9964E-05 0.0775543 0.0579315 9.9964E-05 0.0374108
0.00909417 0.880789 9.99461E-05 0.109517 9.99461E-05 9.99461E-05 9.99461E-05 9.99461E-05 9.99461E-05
9.9946E-05 0.882086 9.9946E-05 0.115478 9.9946E-05 9.9946E-05 0.00183637 9.9946E-05 9.9946E-05
9.9955E-05 0.883863 0.0680792 0.0217984 0.0257595 9.9955E-05 9.9955E-05 9.9955E-05 9.9955E-05
9.9946E-05 0.850286 9.9946E-05 0.144561 9.9946E-05 9.9946E-05 9.9946E-05 9.9946E-05 0.00455262
9.9964E-05 0.872986 9.9964E-05 0.0600573 0.0296405 9.9964E-05 0.0106562 9.9964E-05 0.0262607
9.9964E-05 0.929774 9.9964E-05 0.0565678 0.00152249 0.00882734 0.00290826 9.9964E-05 9.9964E-05
0.0568398 0.120834 0.239913 0.497385 0.0697163 9.9982E-05 0.0055914 9.9982E-05 0.00952017
0.0587124 0.0456486 0.0645143 0.580544 0.0534662 0.137756 0.0320059 0.0238978 0.00345544
9.9964E-05 0.0464459 0.751403 9.9964E-05 9.9964E-05 0.151787 0.00292328 0.0470412 9.9964E-05
9.9973E-05 0.0659809 0.0991183 0.590795 0.0284291 0.214444 9.9973E-05 0.000932328 9.9973E-05
0.0480931 0.0332891 0.439987 0.359564 9.9973E-05 0.089681 0.0290859 9.9973E-05 9.9973E-05
0.0452139 0.0313235 0.268363 0.603409 9.9973E-05 9.9973E-05 0.0107364 0.0406543 9.9973E-05
9.9973E-05 0.0191446 0.329816 0.557624 9.9973E-05 9.9973E-05 0.0134381 0.0641261 0.0155515
0.000176586 9.9973E-05 0.417899 0.397376 0.0431208 9.9973E-05 0.0993537 0.0417737 9.9973E-05
0.0549352 0.0491885 0.790986 9.9973E-05 9.9973E-05 0.0541294 9.9973E-05 0.0319959 0.0184652
0.00490275 0.113315 0.0798161 0.456171 0.0805632 9.9982E-05 0.0871566 0.177876 9.9982E-05
9.9973E-05 0.0450851 0.156424 0.577195 9.9973E-05 0.160004 0.0377639 0.0232282 9.9973E-05
0.0450577 0.07234 0.0805006 0.524071 0.034929 0.150185 0.0506248 9.9991E-05 0.0421918
9.9955E-05 9.9955E-05 0.582944 0.264509 0.11569 9.9955E-05 9.9955E-05 9.9955E-05 0.0363571
9.9964E-05 9.9964E-05 0.387602 0.552693 0.00647989 9.9964E-05 9.9964E-05 0.0329069 0.019918
0.00159814 9.9982E-05 0.334106 0.415632 0.0301383 0.115438 9.9982E-05 0.088977 0.013911
9.9964E-05 9.9964E-05 0.558454 0.362544 9.9964E-05 9.9964E-05 0.0597729 0.0163887 0.00244137
0.0921468 0.0575206 0.441632 0.4082 9.9955E-05 9.9955E-05 9.9955E-05 9.9955E-05 9.9955E-05
0.0843467 0.108386 0.066097 0.585203 0.0902976 0.0089748 9.9982E-05 0.0564943 9.9982E-05
9.9964E-05 0.047709 9.9964E-05 0.141092 0.0917812 0.505477 9.9964E-05 0.213541 9.9964E-05
9.9973E-05 0.0661165 0.0257696 0.456706 0.0790891 0.258672 9.9973E-05 9.9973E-05 0.113347
0.101908 0.0301331 9.9991E-05 0.482416 0.0856115 0.0850805 0.0550149 0.0931761 0.0665595
0.0935899 0.0463131 0.0601903 0.569093 0.0190946 0.0660354 0.0619939 0.0655749 0.0181144
0.077413 0.0313036 0.0333619 0.498375 9.9973E-05 0.338203 9.9973E-05 0.0210428 9.9973E-05
0.125095 9.9982E-05 0.023369 0.471259 9.9982E-05 0.249437 0.0541768 0.0445042 0.0319588
0.101427 9.9955E-05 9.9955E-05 0.383732 9.9955E-05 0.389645 9.9955E-05 9.9955E-05 0.124696
0.062351 0.0578682 0.0970848 0.456518 0.0562607 0.0962238 0.0225373 0.143624 0.00753209
9.9982E-05 9.9982E-05 0.0855524 0.377877 0.0825936 0.273687 0.0970779 0.0412644 0.0417479
0.00600947 0.0181067 0.0500165 0.417118 0.0510171 0.322565 9.9991E-05 0.110053 0.0250139
0.162129 9.9973E-05 0.0761918 0.471551 9.9973E-05 0.255857 9.9973E-05 0.00233372 0.0316379
0.0145114 9.9982E-05 9.9982E-05 0.580873 0.0802101 0.0728351 0.0601908 0.0658363 0.125344
0.0762817 0.103582 9.9982E-05 0.540232 0.0780682 0.0808624 9.9982E-05 0.0972858 0.0234886
0.0431173 9.9973E-05 9.9973E-05 0.493011 9.9973E-05 0.199222 0.0410696 0.193758 0.0295219
0.101182 0.038888 9.9982E-05 0.541086 0.194036 9.9982E-05 0.0292057 0.0624099 0.0329926
0.102425 9.9982E-05 0.0743681 0.475105 9.9982E-05 0.0427252 0.137277 0.108335 0.0595649
0.11491 0.0913347 9.9973E-05 0.303087 0.132094 0.323552 9.9973E-05 0.0347233 9.9973E-05
0.0962583 0.0179877 9.9982E-05 0.597786 9.9982E-05 0.193771 0.00152007 0.0638339 0.0286433
0.114054 0.017563 9.9982E-05 0.603372 0.0493062 0.112582 9.9982E-05 0.101195 0.0017268
0.207359 9.9982E-05 0.116955 0.13213 0.0346204 0.37732 0.0587983 0.0726171 9.9982E-05
0.0158339 9.9982E-05 0.064194 0.1097 0.219387 0.371513 9.9982E-05 0.1626 0.0565725
0.107196 0.0316375 0.0896063 0.468453 9.9991E-05 0.189971 0.0352202 0.00895296 0.0688639
0.10182 9.9991E-05 0.13817 0.0565441 0.170623 0.15378 0.0301977 0.22848 0.120285
0.113782 0.0848181 0.0353757 0.192202 9.9973E-05 0.495866 9.9973E-05 0.0776569 9.9973E-05
0.129847 9.9964E-05 0.124641 0.361757 9.9964E-05 0.381259 9.9964E-05 9.9964E-05 0.00209555
0.109952 0.0062446 0.10226 0.233999 9.9982E-05 0.426383 9.9982E-05 0.0443491 0.0766117
0.138046 0.00366416 0.0945262 0.234749 0.0380593 0.445435 9.9991E-05 0.0160853 0.0293362
0.0733371 0.00298825 0.0708252 0.609932 0.0994739 0.13204 0.0102619 0.001041 9.9991E-05
0.0971652 0.0985509 0.132085 0.422111 9.9982E-05 9.9982E-05 0.154456 0.0531128 0.0423191
9.9991E-05 0.0580757 0.133052 0.352881 0.0330476 0.323903 0.00916322 0.082403 0.00737525
0.0377002 9.9991E-05 0.202874 0.0926138 0.225856 0.261232 0.0544503 0.00999633 0.115177
0.00828071 0.109187 0.0866978 0.552304 0.122992 0.0890867 0.0142517 9.9991E-05 0.0171005
0.0355014 9.9982E-05 0.167606 0.4724 0.152724 0.0558413 0.0618354 9.9982E-05 0.0538919
0.046912 0.139445 0.197759 9.9982E-05 0.380121 0.0785853 9.9982E-05 0.103856 0.0531218
9.9964E-05 0.101082 0.0587689 0.641652 0.142616 9.9964E-05 9.9964E-05 0.0554816 9.9964E-05
0.0271099 0.0923268 0.261656 0.304386 0.18741 0.0196609 0.00724756 0.021799 0.0784037
0.0423176 0.084204 0.0168389 0.484961 0.205358 0.114065 0.00582661 0.031805 0.0146242
0.0647467 0.0736552 0.0721009 0.255462 0.428849 9.9982E-05 9.9982E-05 0.035968 0.0690181
0.113819 0.0415369 0.0706289 0.162849 0.408552 0.131012 9.9982E-05 0.0714015 9.9982E-05
0.0867013 9.9982E-05 0.0739602 0.349937 0.09616 0.0852412 9.9982E-05 0.17958 0.12822
0.00140973 0.0536067 0.0884396 0.393418 0.143794 0.139374 0.0350378 0.0412839 0.103637
0.0666379 0.102639 0.163052 0.260309 0.080798 0.182967 0.0901169 0.0432432 0.010236
0.0425237 0.0278931 0.222249 9.9982E-05 0.385998 0.17007 0.124639 0.0264263 9.9982E-05
0.0408845 0.100868 0.0852706 0.569729 0.108133 0.0114234 9.9991E-05 0.0734527 0.0101395
9.9973E-05 9.9973E-05 0.20788 0.31179 0.240182 0.150978 9.9973E-05 0.0277368 0.0611324
9.9964E-05 9.9964E-05 0.109948 0.427757 0.147056 0.20118 9.9964E-05 0.113658 9.9964E-05
9.9982E-05 0.0762289 0.12535 0.576127 0.0183753 0.100283 0.0611122 9.9982E-05 0.0423227
9.9964E-05 0.294662 9.9964E-05 0.155786 0.245734 0.123964 0.179454 9.9964E-05 9.9964E-05
9.9946E-05 0.495968 9.9946E-05 9.9946E-05 0.383911 9.9946E-05 0.119521 9.9946E-05 9.9946E-05
9.9955E-05 0.420422 9.9955E-05 9.9955E-05 0.430655 9.9955E-05 0.140593 0.00783091 9.9955E-05
9.9964E-05 0.323139 9.9964E-05 0.0385124 0.269036 0.0280588 0.340854 9.9964E-05 9.9964E-05
0.0390936 9.9964E-05 0.0050039 0.612401 0.325322 9.9964E-05 9.9964E-05 9.9964E-05 0.0177799
0.0389153 0.0995605 0.0413796 0.650192 0.107049 9.9973E-05 9.9973E-05 9.9973E-05 0.0626035
9.9946E-05 9.9946E-05 9.9946E-05 0.280415 9.9946E-05 0.030931 0.688055 9.9946E-05 9.9946E-05
0.0689955 9.9973E-05 0.0103415 0.341432 9.9973E-05 0.0781239 0.426997 0.0738099 9.9973E-05
0.00892487 0.037086 9.9973E-05 0.386163 0.0293926 0.123881 0.414252 9.9973E-05 9.9973E-05
9.9955E-05 9.9955E-05 0.139593 0.333416 0.375722 9.9955E-05 9.9955E-05 0.150769 9.9955E-05
0.146989 0.0274228 0.112234 0.53717 0.121627 9.9973E-05 9.9973E-05 0.0542571 9.9973E-05
9.9964E-05 9.9964E-05 0.0258643 0.184162 0.496374 0.104552 9.9964E-05 0.188648 9.9964E-05
9.9955E-05 9.9955E-05 0.12898 0.50227 0.242506 9.9955E-05 9.9955E-05 9.9955E-05 0.125745
0.020001 9.9982E-05 0.0933693 0.3806 0.20472 0.163466 0.0205139 0.117131 9.9982E-05
0.00133473 9.9982E-05 0.0455208 0.60393 0.255606 0.000276916 9.9982E-05 0.0211635 0.0719683
9.9973E-05 9.9973E-05 0.0878178 0.137735 0.501497 0.0749414 9.9973E-05 0.160836 0.0368736
9.9973E-05 0.0131986 0.12715 0.569414 0.115728 9.9973E-05 0.0795283 9.9973E-05 0.0946817
0.0666202 9.9982E-05 0.0109607 0.620356 0.207066 0.0445097 0.0215916 0.0286954 9.9982E-05
9.9946E-05 9.9946E-05 9.9946E-05 0.00344067 0.00704707 9.9946E-05 0.988913 9.9946E-05 9.9946E-05
9.9955E-05 9.9955E-05 9.9955E-05 0.0531867 0.0294684 9.9955E-05 0.89495 9.9955E-05 0.0218953
9.9964E-05 9.9964E-05 0.0652912 0.234905 9.9964E-05 0.0830984 0.58776 9.9964E-05 0.0285452
9.9946E-05 9.9946E-05 9.9946E-05 0.282896 9.9946E-05 9.9946E-05 0.649386 9.9946E-05 0.067118
9.9946E-05 9.9946E-05 9.9946E-05 0.197149 9.9946E-05 9.9946E-05 0.773519 9.9946E-05 0.0287321
9.993E-05 9.993E-05 9.993E-05 9.993E-05 9.993E-05 9.993E-05 0.999201 9.993E-05 9.993E-05
9.9937E-05 9.9937E-05 9.9937E-05 9.9937E-05 9.9937E-05 9.9937E-05 0.947011 9.9937E-05 0.0522892
9.9937E-05 9.9937E-05 9.9937E-05 0.187189 9.9937E-05 9.9937E-05 0.812112 9.9937E-05 9.9937E-05
0.0481626 9.9955E-05 0.00643263 0.0366103 9.9955E-05 9.9955E-05 0.908295 9.9955E-05 9.9955E-05
9.993E-05 9.993E-05 9.993E-05 9.993E-05 9.993E-05 9.993E-05 0.999201 9.993E-05 9.993E-05
9.993E-05 9.993E-05 9.993E-05 9.993E-05 9.993E-05 9.993E-05 0.999201 9.993E-05 9.993E-05
0.000269938 9.9955E-05 9.9955E-05 0.122067 9.9955E-05 0.0719343 0.805229 9.9955E-05 9.9955E-05
0.0112599 0.012353 9.9973E-05 0.128042 9.9973E-05 0.0646158 0.743943 9.9973E-05 0.0394868
9.9937E-05 9.9937E-05 0.038527 9.9937E-05 9.9937E-05 9.9937E-05 0.960773 9.9937E-05 9.9937E-05
0.010427 0.0404698 0.0927873 0.345063 0.0528889 0.0861576 0.372007 9.9982E-05 9.9982E-05
0.0792235 0.0346791 9.9964E-05 0.215404 0.0170371 9.9964E-05 0.653257 9.9964E-05 9.9964E-05
0.0238763 0.0526563 0.0311978 0.177271 9.9964E-05 9.9964E-05 0.714599 9.9964E-05 9.9964E-05
0.00136695 0.00492023 9.9964E-05 0.0178056 9.9964E-05 0.111499 0.864008 9.9964E-05 9.9964E-05
9.993E-05 9.993E-05 9.993E-05 9.993E-05 9.993E-05 9.993E-05 0.999201 9.993E-05 9.993E-05
0.0523401 0.0108206 9.9955E-05 0.0329817 9.9955E-05 9.9955E-05 0.903358 9.9955E-05 9.9955E-05
0.0186318 9.9937E-05 9.9937E-05 9.9937E-05 9.9937E-05 9.9937E-05 0.980669 9.9937E-05 9.9937E-05
0.00880387 0.113452 0.00393858 0.243051 9.9982E-05 0.00735135 0.583943 9.9982E-05 0.0392602
0.0254501 9.9973E-05 9.9973E-05 0.035064 9.9973E-05 0.0727313 0.863636 0.00257285 0.000245901
9.9964E-05 0.326165 0.00490595 9.9964E-05 0.597428 9.9964E-05 0.0198446 0.051257 9.9964E-05
0.0969167 0.106037 9.9982E-05 0.367981 0.268269 9.9982E-05 0.0616404 0.035642 0.0633133
0.00852717 0.176606 0.0811608 0.395107 0.228666 9.9982E-05 0.0721112 9.9982E-05 0.0376223
0.0174435 0.181603 0.027626 0.250258 0.408795 9.9982E-05 0.0866235 9.9982E-05 0.0274516
9.9982E-05 0.152015 0.00290468 0.508428 0.116812 9.9982E-05 0.0533522 0.11442 0.0518678
9.9982E-05 0.208009 0.0285044 0.235093 0.393092 0.0359106 0.0554522 0.0437382 9.9982E-05
0.0470936 0.119693 9.9982E-05 0.43528 0.205174 0.033533 9.9982E-05 0.100765 0.0582618
9.9982E-05 0.138624 0.0106244 0.294857 0.306696 9.9982E-05 0.161304 0.0241432 0.0635519
0.0735101 0.110874 0.030458 0.390022 0.288865 9.9973E-05 0.105971 9.9973E-05 9.9973E-05
9.9955E-05 0.197525 9.9955E-05 0.406214 0.324375 9.9955E-05 0.0713856 9.9955E-05 9.9955E-05
0.053996 0.133471 9.9982E-05 0.482596 0.148309 0.0329771 0.019255 0.129196 9.9982E-05
0.0565739 0.780647 9.9973E-05 0.0252673 0.0602988 9.9973E-05 0.00331071 9.9973E-05 0.0736025
0.0177601 0.907523 9.9973E-05 0.00779157 0.00510423 9.9973E-05 0.0458166 0.0157041 9.9973E-05
0.0301699 0.900243 0.0616745 9.9955E-05 9.9955E-05 9.9955E-05 9.9955E-05 9.9955E-05 0.00741271
0.059389 0.876541 9.9955E-05 0.0379547 9.9955E-05 9.9955E-05 9.9955E-05 9.9955E-05 0.0256159
0.0608387 0.868512 9.9964E-05 0.000440064 0.00853068 0.0612786 9.9964E-05 9.9964E-05 9.9964E-05
9.9946E-05 0.901304 9.9946E-05 9.9946E-05 9.9946E-05 9.9946E-05 0.0708014 0.0272952 9.9946E-05
9.9964E-05 0.863988 9.9964E-05 0.0514711 9.9964E-05 0.0125156 0.030547 9.9964E-05 0.0410789
9.9955E-05 0.879849 9.9955E-05 0.0140836 0.0434458 9.9955E-05 9.9955E-05 0.0621222 9.9955E-05
9.9964E-05 0.884296 0.0263157 9.9964E-05 9.9964E-05 0.0453583 0.0202025 0.0234272 9.9964E-05
9.9964E-05 0.797081 9.9964E-05 0.00278731 0.0631442 0.0362881 0.1003 9.9964E-05 9.9964E-05
9.9955E-05 0.604572 0.0833633 9.9955E-05 9.9955E-05 0.18493 9.9955E-05 9.9955E-05 0.126635
0.0326177 0.575277 0.0624451 9.9964E-05 9.9964E-05 0.147013 9.9964E-05 9.9964E-05 0.182248
0.0150686 0.525191 0.046007 9.9973E-05 0.0134443 0.266071 9.9973E-05 9.9973E-05 0.133919
0.0420783 0.486704 0.0905428 9.9964E-05 9.9964E-05 0.268084 9.9964E-05 9.9964E-05 0.11219
0.166147 0.0305148 0.290456 0.490458 9.9964E-05 0.0220242 9.9964E-05 9.9964E-05 9.9964E-05
9.9991E-05 0.0148955 0.299721 0.386482 0.0250819 0.103395 0.0809895 0.0346802 0.0546562
0.0505689 9.9991E-05 0.177556 0.463398 0.058979 0.0986448 0.0271435 0.00626541 0.117344
0.0692706 0.0170247 0.241079 0.319683 0.0852001 0.226889 9.9982E-05 9.9982E-05 0.0406536
0.303948 9.9982E-05 0.104216 0.112677 0.0114101 0.366324 9.9982E-05 0.0793051 0.0219197
9.9964E-05 0.00409853 0.227153 0.623008 9.9964E-05 9.9964E-05 0.0500605 0.0952807 9.9964E-05
9.9973E-05 9.9973E-05 0.280178 0.602728 0.000249555 0.0691004 0.028807 9.9973E-05 0.0186369
9.9973E-05 9.9973E-05 0.285738 0.539421 0.0757221 0.0256726 9.9973E-05 0.0122986 0.0608477
0.0249783 9.9982E-05 0.521491 0.277831 0.0200791 9.9982E-05 0.0986222 0.0467347 0.010064
0.0609492 0.0268624 0.100428 0.694383 0.0613571 9.9991E-05 0.00144226 0.00923124 0.0452463
9.9955E-05 9.9955E-05 0.359036 0.386919 9.9955E-05 0.130623 9.9955E-05 9.9955E-05 0.122922
0.0210442 9.9955E-05 0.686126 9.9955E-05 9.9955E-05 0.0415135 9.9955E-05 0.250817 9.9955E-05
0.00291573 0.096984 0.20172 0.47482 0.0497057 9.9982E-05 9.9982E-05 0.0463677 0.127287
9.9964E-05 9.9964E-05 0.469648 0.22237 0.117666 9.9964E-05 9.9964E-05 0.142206 0.0477095
9.9964E-05 9.9964E-05 0.320788 0.551384 0.0151141 0.0239812 9.9964E-05 0.0883328 9.9964E-05
0.0280489 0.0119822 0.66468 0.0645722 9.9982E-05 0.159172 9.9982E-05 0.00738554 0.0639583
0.132651 0.0554909 9.9955E-05 9.9955E-05 0.0362465 9.9955E-05 9.9955E-05 9.9955E-05 0.775112
9.9937E-05 9.9937E-05 9.9937E-05 0.000423966 9.9937E-05 9.9937E-05 9.9937E-05 9.9937E-05 0.998876
9.993E-05 9.993E-05 9.993E-05 9.993E-05 9.993E-05 9.993E-05 9.993E-05 9.993E-05 0.999201
0.0560383 9.9955E-05 0.0430419 9.9955E-05 9.9955E-05 9.9955E-05 9.9955E-05 0.00943579 0.890984
9.9946E-05 9.9946E-05 9.9946E-05 9.9946E-05 9.9946E-05 0.0569104 0.0110661 9.9946E-05 0.931424
0.0076845 9.9946E-05 9.9946E-05 9.9946E-05 9.9946E-05 9.9946E-05 0.0685969 9.9946E-05 0.923119
9.9937E-05 0.854182 9.9937E-05 0.145118 9.9937E-05 9.9937E-05 9.9937E-05 9.9937E-05 9.9937E-05
0.070202 0.790082 9.9973E-05 0.0196688 9.9973E-05 0.0345845 0.0366517 9.9973E-05 0.0485113
9.9964E-05 0.744764 9.9964E-05 0.169177 0.000969818 9.9964E-05 0.0829406 0.0017479 9.9964E-05
0.042061 0.651168 9.9973E-05 0.0431745 0.0254743 0.10447 0.133352 9.9973E-05 9.9973E-05
0.0192954 0.773959 9.9973E-05 0.0739054 0.0435342 0.0264705 0.0625358 9.9973E-05 9.9973E-05
0.331377 0.355445 0.0698424 9.9973E-05 0.0546101 0.0366895 9.9973E-05 9.9973E-05 0.151736
0.176245 0.424023 0.0409124 9.9973E-05 0.00212908 9.9973E-05 9.9973E-05 0.0848688 0.271522
0.160214 0.40987 0.0606183 9.9973E-05 9.9973E-05 9.9973E-05 0.00729395 0.078428 0.283276
0.00366518 0.814765 9.9955E-05 0.167723 9.9955E-05 0.0133465 9.9955E-05 9.9955E-05 9.9955E-05
0.207315 0.355348 0.101177 9.9973E-05 9.9973E-05 0.0267457 9.9973E-05 0.00287386 0.306241
9.9964E-05 0.199763 9.9964E-05 0.229288 0.170294 9.9964E-05 0.342342 0.0579133 9.9964E-05
9.9964E-05 0.0288215 9.9964E-05 0.51515 0.105362 0.12027 0.229996 9.9964E-05 9.9964E-05
9.9982E-05 0.149199 0.0196416 0.524394 0.00241464 0.0228427 0.270812 9.9982E-05 0.0104952
9.9973E-05 0.215654 0.0391458 0.324388 0.130216 9.9973E-05 0.188483 9.9973E-05 0.101814
0.0552076 0.121262 0.0838954 0.406348 0.0603042 0.0714168 0.201366 9.9982E-05 9.9982E-05
9.9946E-05 0.392791 9.9946E-05 9.9946E-05 0.300495 9.9946E-05 0.306114 9.9946E-05 9.9946E-05
0.030632 9.9982E-05 0.0736562 0.402262 0.0293559 0.246228 9.9982E-05 0.0736345 0.144032
0.114901 9.9964E-05 9.9964E-05 0.331748 0.1999 0.117322 9.9964E-05 0.235729 9.9964E-05
0.0441415 0.0709962 9.9964E-05 0.123077 9.9964E-05 0.659042 9.9964E-05 9.9964E-05 0.102343
0.0563819 9.9982E-05 0.033159 0.513144 0.0634253 0.0511423 9.9982E-05 0.169269 0.113279
0.0358474 9.9964E-05 0.215194 9.9964E-05 0.288451 0.113662 9.9964E-05 0.346446 9.9964E-05
0.0523634 0.0619814 0.131381 0.419321 0.0952255 0.172661 0.058712 9.9991E-05 0.00825544
0.10596 0.0131771 9.9973E-05 0.457399 0.0730791 0.217263 9.9973E-05 0.132822 9.9973E-05
0.111572 0.0287828 0.0839105 0.214357 9.9982E-05 0.470598 9.9982E-05 0.0226001 0.0679794
0.100943 0.0200301 0.13327 0.447947 0.0454906 0.191448 0.0606718 9.9982E-05 9.9982E-05
9.9964E-05 9.9964E-05 0.158699 9.9964E-05 0.301217 0.463392 9.9964E-05 0.0721201 0.004172
0.0014652 9.9982E-05 9.9982E-05 0.434303 0.177386 0.168762 0.0286272 0.0803881 0.108869
0.163275 9.9973E-05 0.0373034 0.498074 0.0179212 0.204527 9.9973E-05 9.9973E-05 0.0786001
0.00509391 0.139023 0.138451 0.428137 0.0769564 0.0313202 0.140932 9.9991E-05 0.0399857
0.0373943 9.9973E-05 9.9973E-05 0.336253 0.0452418 0.287145 9.9973E-05 0.235247 0.0584189
0.0987857 0.0414515 0.0565329 0.437141 0.00766216 0.241459 9.9991E-05 0.0544652 0.0624028
0.0506539 9.9982E-05 0.0717753 0.455001 0.12802 0.127675 0.0498293 0.116846 9.9982E-05
9.9982E-05 9.9982E-05 0.125793 0.49602 0.0114225 0.201639 0.00956232 0.0627627 0.0926005
0.00238924 0.00259771 9.9991E-05 0.642607 0.092908 0.080436 0.059455 0.00481163 0.114695
0.0400158 0.0841052 0.0918036 0.40134 9.9982E-05 0.256972 0.0635844 9.9982E-05 0.0619797
0.0706918 0.0337993 0.0972613 0.442053 0.0541431 0.20285 0.0466444 0.0280372 0.0245201
0.000114126 0.792725 9.9955E-05 0.184165 9.9955E-05 9.9955E-05 0.022496 9.9955E-05 9.9955E-05
9.9964E-05 0.838122 0.0399755 0.0757512 9.9964E-05 9.9964E-05 0.0252515 0.0205003 9.9964E-05
0.0828058 0.757214 0.0705267 0.0237033 0.0322562 9.9982E-05 0.0269422 0.00635165 9.9982E-05
9.9973E-05 0.782559 0.00484386 0.085043 9.9973E-05 9.9973E-05 0.0116604 0.00495335 0.11064
9.9946E-05 0.81382 9.9946E-05 0.178301 9.9946E-05 0.00727986 9.9946E-05 9.9946E-05 9.9946E-05
0.0526676 0.0100678 0.0261736 0.036357 0.043854 0.752587 9.9982E-05 9.9982E-05 0.0780928
9.9964E-05 0.130742 9.9964E-05 0.486879 0.0765631 0.209747 9.9964E-05 0.0956689 9.9964E-05
0.0545259 0.204587 9.9991E-05 0.459151 0.0574447 0.0591575 0.0924266 0.0678736 0.00473409
0.00457961 0.0502562 0.0148082 0.652018 0.0462707 0.230132 9.9982E-05 0.00173494 9.9982E-05
0.116937 0.0890003 0.074166 0.489017 9.9982E-05 0.139026 0.0149605 0.0766935 9.9982E-05
0.0333594 0.019188 9.9991E-05 0.218902 0.206958 0.338658 0.0235305 0.127632 0.0316729
0.128313 0.123688 0.0627976 9.9982E-05 0.0674986 0.491502 9.9982E-05 0.0159693 0.110031
0.0959186 0.00518276 0.0127519 0.464344 9.9991E-05 0.204665 0.0258714 0.118001 0.0731658
0.195581 0.0697426 9.9982E-05 0.113225 9.9982E-05 0.406003 0.0337082 0.135021 0.0465199
0.069335 0.00881673 0.114497 0.326686 0.146163 0.00777668 0.0711215 0.154847 0.100757
0.0375738 0.122113 0.00324085 9.9982E-05 9.9982E-05 0.553237 0.0205865 0.110118 0.15293
0.0309091 0.130074 9.9973E-05 0.515766 9.9973E-05 0.231324 0.0555975 9.9973E-05 0.0360299
0.0737063 0.0913511 0.0164884 0.0931489 9.9982E-05 0.58376 9.9982E-05 0.0662801 0.0750655
0.0279888 0.0286609 9.9991E-05 0.215035 0.10553 0.438018 0.093241 0.0766436 0.0147832
0.0411932 0.100672 0.0147288 0.416531 0.161731 0.0431562 0.02084 0.132196 0.0689512
9.9964E-05 9.9964E-05 9.9964E-05 0.284147 0.44633 0.105695 9.9964E-05 0.0792812 0.0841462
9.9964E-05 9.9964E-05 0.0383376 0.542109 0.209042 0.0853759 9.9964E-05 9.9964E-05 0.124735
0.0159754 0.0859169 0.091264 0.563162 0.174662 0.00235863 9.9991E-05 0.0175837 0.0489775
9.9973E-05 9.9973E-05 0.0500123 0.322776 0.456006 0.10406 9.9973E-05 0.0373175 0.0295284
0.0355373 0.109034 0.0968576 0.570053 0.166066 9.9982E-05 0.00256782 0.0196841 9.9982E-05
0.070899 9.9973E-05 0.0624612 0.485616 0.260784 9.9973E-05 9.9973E-05 0.0342485 0.085692
0.0846456 9.9973E-05 0.055734 0.102101 0.556836 9.9973E-05 9.9973E-05 0.171014 0.0293689
0.0240488 9.9973E-05 0.0460515 0.29795 0.567598 0.0100009 9.9973E-05 0.0540505 9.9973E-05
0.0571337 9.9973E-05 0.0161284 0.523253 0.297984 9.9973E-05 9.9973E-05 0.0482301 0.0569709
0.0272447 9.9982E-05 0.208697 0.127755 0.438635 0.0361218 9.9982E-05 0.0910013 0.0703447
0.00399701 9.9973E-05 0.0562483 0.428783 0.308529 0.192179 9.9973E-05 9.9973E-05 0.00996438
0.181231 0.00771004 0.0775811 9.9991E-05 0.00931568 0.636855 0.00658035 0.0485004 0.0321266
0.10895 9.9982E-05 0.0178952 0.189705 9.9982E-05 0.285404 0.0230556 0.339695 0.0350953
0.141015 9.9982E-05 0.0612386 0.255088 9.9982E-05 0.43207 0.0936744 0.000603875 0.0161101
0.0889447 0.0141353 0.00572692 0.541083 0.0560311 0.17044 0.0169647 0.0488436 0.0578306
0.119858 9.9991E-05 0.163925 0.0979805 0.000252825 0.53303 0.00733011 0.0118548 0.065669
0.023231 0.0460948 9.9991E-05 0.497479 0.0916867 0.125344 0.0605817 0.141581 0.013902
0.103664 0.0538492 0.0402118 0.527247 9.9982E-05 0.138628 0.0554069 0.0807926 9.9982E-05
0.0727884 9.9991E-05 0.0338101 0.482353 0.0768164 0.16617 0.0366563 0.0883233 0.0429818
0.0969964 9.9991E-05 0.0202351 0.376177 0.0646243 0.300229 0.0706782 0.0357761 0.0351837
0.108626 0.043239 0.101086 0.418995 9.9982E-05 0.215201 9.9982E-05 0.00134123 0.111312
0.128914 9.9982E-05 0.167317 0.134365 9.9982E-05 0.415261 0.070113 0.0104975 0.0733319
0.155457 9.9982E-05 0.0286529 0.238242 9.9982E-05 0.30736 0.10457 0.0947071 0.0708121
0.100979 9.9973E-05 0.0226218 0.46775 9.9973E-05 0.276338 0.0410881 0.0909237 9.9973E-05
0.10286 0.020254 0.041036 0.428097 0.127835 0.198451 0.0539234 0.0274429 9.9991E-05
0.125438 0.0155635 0.0686307 0.37866 0.0490375 0.159327 9.9991E-05 0.143994 0.0592486
0.143829 9.9964E-05 9.9964E-05 0.47053 9.9964E-05 0.145524 0.0414176 0.1983 9.9964E-05
0.255725 0.0368335 0.0303997 0.370467 0.0508989 0.196784 0.0152617 0.0210477 0.0225825
0.0609052 0.0452143 0.00885292 0.57578 0.00909238 0.214488 0.0195602 0.0499131 0.0161943
0.0935425 0.0398596 9.9982E-05 0.58303 9.9982E-05 0.214914 0.00983316 0.0417746 0.0168457
0.0349683 0.0184012 9.9991E-05 0.520128 0.161634 0.153039 0.0641322 0.0307936 0.0168031
9.9964E-05 0.344817 9.9964E-05 0.40046 0.0942966 0.119662 0.0403644 9.9964E-05 9.9964E-05
0.00264719 0.11197 0.00309938 0.369495 0.0604285 0.171278 0.22349 0.0574923 9.9991E-05
0.0292566 0.157262 0.0831143 0.546297 0.0678394 0.00586454 0.0970172 0.0132493 9.9991E-05
0.032835 0.0357957 9.9991E-05 0.64826 0.0681095 0.0163656 0.0622506 0.0469489 0.089335
9.9964E-05 0.199927 9.9964E-05 0.373339 9.9964E-05 0.0843042 0.165806 0.176224 9.9964E-05
0.0202669 9.9991E-05 0.0108794 0.302824 0.1306 0.263253 0.0547066 0.170391 0.0469796
0.142779 0.186121 9.9973E-05 0.388612 9.9973E-05 0.125682 0.0922964 0.0642087 9.9973E-05
9.9964E-05 0.177478 0.0940763 9.9964E-05 0.459715 0.153264 0.115067 9.9964E-05 9.9964E-05
9.9964E-05 0.0690169 9.9964E-05 0.460572 0.100199 0.205443 0.16437 9.9964E-05 9.9964E-05
0.0552186 0.0889644 0.023465 0.474789 0.0704005 9.9991E-05 0.221701 0.0524928 0.0128684
9.9991E-05 0.0137349 0.0750404 0.397163 0.188789 0.00534105 0.262686 0.0371866 0.0199595
9.9982E-05 0.176235 9.9982E-05 0.344643 0.174327 0.202412 0.0787192 0.0160739 0.00739059
9.9991E-05 0.175542 0.0656473 0.537106 0.0633562 0.0480855 0.0982145 0.00661348 0.00533531
0.0585124 0.153863 9.9982E-05 0.560306 0.0437065 0.0216733 0.120981 0.0407569 9.9982E-05
9.9964E-05 0.449585 0.0135142 9.9964E-05 0.324063 9.9964E-05 0.175466 0.0369716 9.9964E-05
9.9982E-05 0.113253 9.9982E-05 0.512925 0.0774463 0.0286093 0.215105 0.0331136 0.0193476
9.9973E-05 0.145634 9.9973E-05 0.434045 0.0379088 9.9973E-05 0.23692 0.114775 0.0304172
0.0338995 0.0592644 0.0186329 0.522892 0.0788471 0.128868 0.103755 0.0537407 9.9991E-05
0.000354898 0.19769 9.9991E-05 0.498179 0.0856845 0.0265992 0.159997 0.0268826 0.00451338
0.0537717 0.151704 0.0190439 0.41506 0.117857 0.00734415 0.150767 0.0749192 0.00953256
0.0651868 0.0473329 0.0374634 0.410661 9.9991E-05 0.0264273 0.0160885 0.359809 0.0369311
0.09416 0.0413337 0.00677535 0.502271 0.0337642 0.0322793 0.0216399 0.267677 9.9991E-05
9.9955E-05 9.9955E-05 0.0674055 9.9955E-05 9.9955E-05 0.0697367 9.9955E-05 0.77367 0.0886883
0.0542717 9.9964E-05 0.013 9.9964E-05 0.0313032 0.0503942 9.9964E-05 0.850631 9.9964E-05
0.0453733 0.0167677 9.9991E-05 0.409496 0.0179071 0.108738 0.126666 0.249845 0.0251068
9.9973E-05 0.0789214 9.9973E-05 0.365535 0.136914 0.0435227 0.29954 0.0752673 9.9973E-05
9.9973E-05 0.114837 0.00325085 0.331906 0.0197935 9.9973E-05 0.29222 0.237693 9.9973E-05
0.0335428 0.218554 0.00359546 0.107481 0.127124 9.9982E-05 0.308509 0.200994 9.9982E-05
9.9973E-05 0.242333 9.9973E-05 0.273225 0.0059039 0.0920766 0.229498 0.156663 9.9973E-05
9.9973E-05 0.0698814 9.9973E-05 0.0422891 0.163592 9.9973E-05 0.0933559 0.57769 0.052891
9.9964E-05 0.0947023 9.9964E-05 0.0640434 0.0360219 9.9964E-05 0.0988726 0.70596 9.9964E-05
9.9964E-05 9.9964E-05 0.0116547 0.508573 9.9964E-05 9.9964E-05 0.0732115 0.373371 0.0327895
9.9955E-05 0.0658501 9.9955E-05 0.407472 9.9955E-05 9.9955E-05 0.0732324 0.452946 9.9955E-05
9.9964E-05 0.0736574 9.9964E-05 0.230304 9.9964E-05 9.9964E-05 0.0603815 0.619864 0.0153932
0.0185974 0.0645065 9.9973E-05 0.48828 9.9973E-05 0.126615 0.0495741 0.252127 9.9973E-05
9.9973E-05 0.00803026 9.9973E-05 0.5705 0.0481176 0.0488351 0.077313 0.246904 9.9973E-05
0.021095 0.04335 0.0685091 0.413088 0.0801199 0.094957 0.128403 0.150378 9.9991E-05
9.9973E-05 0.0100333 0.0169324 0.306046 9.9973E-05 0.0413112 9.9973E-05 0.594961 0.0304158
0.010426 9.9973E-05 0.0816701 0.29853 9.9973E-05 0.138173 0.0340042 0.436897 9.9973E-05
0.0551152 0.047023 0.023261 0.552908 0.046424 9.9982E-05 0.00381455 0.271254 9.9982E-05
0.0531574 0.0415219 0.00527584 0.304973 0.052643 0.010074 0.0887612 0.365108 0.0784863
0.0845206 0.0273303 0.042875 0.457174 0.108589 0.0745769 9.9991E-05 0.172801 0.0320327
9.9973E-05 9.9973E-05 0.0472211 0.37305 0.065215 0.101991 9.9973E-05 0.393723 0.0185
0.0914849 9.9955E-05 9.9955E-05 0.17099 9.9955E-05 9.9955E-05 9.9955E-05 0.694302 0.0427228
9.9955E-05 0.0173148 9.9955E-05 0.557253 9.9955E-05 9.9955E-05 0.0633083 0.361625 9.9955E-05
9.9946E-05 9.9946E-05 9.9946E-05 0.199763 9.9946E-05 9.9946E-05 9.9946E-05 0.77774 0.0218972
0.0289923 0.00734718 9.9964E-05 0.430801 9.9964E-05 9.9964E-05 9.9964E-05 0.489356 0.0431031
0.0540373 0.0811548 0.0645908 0.506117 0.0421283 9.9982E-05 9.9982E-05 0.228558 0.0232139
0.0243445 0.00431073 0.0543723 0.475822 0.0390002 0.123647 9.9991E-05 0.230068 0.0483357
9.9973E-05 0.147524 0.0510926 0.543186 0.0523305 9.9973E-05 0.127329 9.9973E-05 0.0782386
0.00244423 0.104107 9.9982E-05 0.322184 0.121258 0.150131 0.144493 0.155183 9.9982E-05
0.0899319 0.115283 0.0387439 0.302824 0.140046 9.9982E-05 0.25095 0.0620204 9.9982E-05
0.045618 0.15808 9.9991E-05 0.299601 0.0705918 0.0421431 0.188384 0.107287 0.0881951
0.106488 0.126585 0.0612592 0.418654 9.9982E-05 9.9982E-05 0.17757 0.0482808 0.0609629
9.9982E-05 0.0970409 0.0443755 0.456672 0.0464313 9.9982E-05 0.126663 0.1701 0.0585173
9.9964E-05 0.198151 9.9964E-05 9.9964E-05 0.0623946 9.9964E-05 0.114337 0.623996 0.000721354
0.0635385 0.050272 9.9973E-05 0.6032 9.9973E-05 9.9973E-05 0.118786 0.110918 0.0529855
9.9955E-05 0.346585 9.9955E-05 9.9955E-05 0.0848445 9.9955E-05 0.0748725 0.493198 9.9955E-05
9.9955E-05 0.0691696 9.9955E-05 0.4552 9.9955E-05 9.9955E-05 0.181883 0.293248 9.9955E-05
9.9964E-05 9.9964E-05 0.154704 0.0277443 0.0165334 9.9964E-05 9.9964E-05 0.785606 0.015013
9.9946E-05 9.9946E-05 0.0933161 9.9946E-05 9.9946E-05 0.00207644 9.9946E-05 0.904008 9.9946E-05
0.00326247 9.9973E-05 0.0656696 0.446102 0.00534377 0.049327 9.9973E-05 0.429995 9.9973E-05
0.00613824 9.9955E-05 9.9955E-05 0.500213 9.9955E-05 9.9955E-05 0.0563832 0.436766 9.9955E-05
0.04976 9.9964E-05 0.0146967 0.300218 9.9964E-05 0.0692063 9.9964E-05 0.565719 9.9964E-05
9.9955E-05 9.9955E-05 0.00271323 0.505329 9.9955E-05 9.9955E-05 0.0055194 0.485938 9.9955E-05
0.0265837 9.9946E-05 9.9946E-05 0.468979 9.9946E-05 9.9946E-05 9.9946E-05 0.503837 9.9946E-05
0.0233294 0.796086 9.9973E-05 0.104274 9.9973E-05 9.9973E-05 0.0398916 0.0328287 0.00329064
0.0760663 0.739705 9.9973E-05 9.9973E-05 0.0131935 9.9973E-05 0.0993146 0.0346269 0.0367933
9.9955E-05 0.87582 9.9955E-05 9.9955E-05 9.9955E-05 0.0107277 0.0744675 9.9955E-05 0.038485
9.9946E-05 0.914084 9.9946E-05 0.0763843 9.9946E-05 9.9946E-05 9.9946E-05 0.00893177 9.9946E-05
0.00309428 0.0426724 0.304144 0.404557 0.0128215 0.158743 0.0312162 0.026971 0.0157802
9.9973E-05 0.0377697 0.388095 0.41083 9.9973E-05 0.0382897 0.0859423 9.9973E-05 0.0387737
0.0185236 0.00736332 0.407829 0.460923 9.9973E-05 9.9973E-05 9.9973E-05 0.0696194 0.0354419
9.9964E-05 0.113249 0.211711 0.599025 9.9964E-05 0.0267079 9.9964E-05 9.9964E-05 0.0489071
0.0192886 0.000250865 0.129146 0.525582 0.0559325 0.0364436 0.0265039 0.0730316 0.133821
9.9982E-05 9.9982E-05 0.583417 0.169324 0.00157825 0.0827529 0.0298683 0.0331781 0.099682
9.9964E-05 9.9964E-05 0.367903 0.506871 9.9964E-05 0.0457763 0.0238186 9.9964E-05 0.0552315
9.9955E-05 9.9955E-05 0.452926 0.325259 0.101831 9.9955E-05 9.9955E-05 0.119484 9.9955E-05
0.0010195 0.275121 9.9991E-05 0.471362 0.00745045 0.0837857 0.122787 0.017465 0.0209097
9.9973E-05 9.9973E-05 0.38031 0.405206 0.0263398 0.0159939 0.0740002 0.0978501 9.9973E-05
0.0518786 9.9964E-05 0.476062 0.326581 9.9964E-05 0.113277 9.9964E-05 9.9964E-05 0.0318023
0.0120784 9.9973E-05 0.281328 0.536866 9.9973E-05 0.0559735 0.016552 0.0969016 9.9973E-05
0.0882303 0.0166885 0.442356 0.398737 9.9982E-05 0.00574945 9.9982E-05 0.0454744 0.00256464
0.00283529 0.00567023 0.337605 0.540734 9.9964E-05 9.9964E-05 9.9964E-05 0.112756 9.9964E-05
9.9982E-05 0.0558967 0.339014 0.449149 9.9982E-05 0.0183257 0.0252682 0.0544948 0.0576521
9.9946E-05 9.9946E-05 0.803138 0.0523779 9.9946E-05 9.9946E-05 9.9946E-05 0.143884 9.9946E-05
9.9982E-05 0.0253238 0.533956 0.245042 0.095525 0.087603 0.00176464 0.0105854 9.9982E-05
0.0171822 9.9964E-05 0.574937 0.320287 9.9964E-05 9.9964E-05 9.9964E-05 0.0431111 0.0440829
9.9946E-05 9.9946E-05 0.747165 9.9946E-05 0.0974989 9.9946E-05 9.9946E-05 0.154736 9.9946E-05
0.0514854 9.9964E-05 0.403091 0.44117 9.9964E-05 0.0457324 9.9964E-05 9.9964E-05 0.0581206
0.0183034 9.9964E-05 0.554204 0.0738773 0.284514 9.9964E-05 9.9964E-05 0.0687011 9.9964E-05
9.9946E-05 9.9946E-05 0.74055 9.9946E-05 0.132538 9.9946E-05 9.9946E-05 0.126313 9.9946E-05
0.0071567 9.9973E-05 0.345585 0.571609 9.9973E-05 9.9973E-05 0.00684517 0.0495475 0.0189563
0.050909 0.0194667 0.628503 0.13678 9.9991E-05 0.0633255 0.0209678 0.0743576 0.00559083
0.022602 0.000947756 0.428779 0.295426 0.0771008 0.0811572 0.093787 9.9982E-05 9.9982E-05
0.0754617 0.0735987 0.291563 0.411176 9.9973E-05 9.9973E-05 0.142698 0.00520278 9.9973E-05
0.0280641 0.0129572 0.390199 0.473207 0.0247128 0.07056 9.9973E-05 9.9973E-05 9.9973E-05
0.00519124 9.9982E-05 9.9982E-05 0.343837 0.202848 0.307302 0.00544627 0.0889886 0.0461867
0.0327157 9.9964E-05 0.298853 0.564219 0.0742814 9.9964E-05 9.9964E-05 0.0295304 9.9964E-05
0.0565478 0.00265952 0.453139 0.44753 0.00556237 0.0342612 9.9973E-05 9.9973E-05 9.9973E-05
0.00283018 9.9955E-05 0.6934 0.284689 0.0185808 9.9955E-05 9.9955E-05 9.9955E-05 9.9955E-05
0.101671 0.107038 0.119002 0.524091 0.0662338 9.9973E-05 9.9973E-05 0.0816637 9.9973E-05
0.185285 0.578855 9.9973E-05 9.9973E-05 0.0542601 0.119316 0.0309461 9.9973E-05 0.031038
0.0217694 0.734007 0.0587318 0.0515294 0.0298233 0.0547477 9.9991E-05 0.00788043 0.0414115
0.0816313 0.784448 9.9955E-05 9.9955E-05 0.10265 0.0307701 9.9955E-05 9.9955E-05 9.9955E-05
0.0944433 0.759019 0.00283221 9.9973E-05 0.0425028 9.9973E-05 9.9973E-05 0.00862272 0.0922801
0.0995545 0.729617 9.9973E-05 0.0398808 0.0297943 0.0157859 9.9973E-05 9.9973E-05 0.0850675
0.00978736 0.00915988 0.649778 0.0680856 9.9973E-05 0.233217 0.0296722 9.9973E-05 9.9973E-05
9.9982E-05 0.0565588 0.667173 0.100946 0.0301419 0.0738614 9.9982E-05 0.0483972 0.0227213
