0.0458857 0.912205 9.9991E-05 0.0418092
9.999E-05 0.938846 0.0132965 0.0477579
0.0564906 0.828473 0.114937 9.9991E-05
0.129171 0.807734 0.0517509 0.0113447
0.033118 0.902437 0.0643449 9.9991E-05
0.0441145 0.652838 0.101419 0.201629
0.0232225 0.862923 0.000799864 0.113054
0.0484715 0.785726 9.9991E-05 0.165703
9.9982E-05 0.862899 9.9982E-05 0.136901
0.119594 0.697796 0.0676813 0.114928
9.9991E-05 0.767453 0.115604 0.116843
0.0387653 0.0318652 0.374116 0.555254
0.047572 0.0689703 0.652924 0.230534
0.108252 0.0709836 0.284378 0.536387
0.175529 0.0907323 0.357115 0.376625
0.180086 0.117206 0.437354 0.265354
0.091444 0.0841414 0.713292 0.111122
0.12324 0.0378715 0.44169 0.397198
0.0358193 0.185989 0.454781 0.32341
0.0501838 0.146093 0.102142 0.701581
0.0721078 0.0783903 0.481642 0.36786
0.0181854 0.116858 0.599731 0.265225
9.9991E-05 0.116553 0.704761 0.178586
0.11161 0.052478 0.398947 0.436964
0.089514 0.0713493 0.722802 0.116335
0.105393 0.0834935 0.547944 0.263169
0.0699005 0.0839961 0.318809 0.527294
0.201253 0.0899531 0.281236 0.427558
0.0118458 0.099888 0.299152 0.589114
0.0387983 0.865755 0.0953465 9.9991E-05
0.0114491 0.845375 0.143076 9.9991E-05
0.0564445 0.797594 0.145862 9.9991E-05
0.136321 0.726782 0.136797 9.9991E-05
9.9991E-05 0.0402973 0.702362 0.257241
0.0442486 0.0945946 0.600898 0.260259
9.9982E-05 9.9982E-05 0.769963 0.229837
0.0240165 0.193814 0.216878 0.565291
0.0133419 9.9991E-05 0.522247 0.464311
0.0193838 0.0627557 0.70858 0.20928
9.9991E-05 0.0790192 0.838026 0.0828545
0.00186289 0.130885 0.630374 0.236879
9.9991E-05 0.170917 0.771606 0.057377
9.9982E-05 9.9982E-05 0.325041 0.674759
0.0234071 0.0779121 0.709071 0.18961
0.0867725 0.0277064 0.667019 0.218502
0.0749223 0.0887178 0.681949 0.15441
9.9982E-05 9.9982E-05 0.581905 0.417895
0.0766461 0.045509 0.687379 0.190466
0.0662408 0.168531 0.642563 0.122665
9.9991E-05 0.0822646 0.0384378 0.879198
0.0617193 9.9991E-05 0.211126 0.727054
0.0599148 0.0693597 0.14865 0.722075
0.0977951 0.0921395 0.641467 0.168599
0.112007 0.101721 0.643268 0.143004
0.0695775 0.0442363 0.671422 0.214764
9.9991E-05 0.110055 0.320033 0.569811
9.9991E-05 0.0255425 0.684949 0.289409
0.111207 0.0749699 0.558512 0.255311
9.9991E-05 0.137576 0.424907 0.437418
0.0840264 0.233344 0.130518 0.552111
0.116587 0.0357298 0.587203 0.260481
0.101388 0.096805 0.458471 0.343336
9.9991E-05 0.149796 0.111647 0.738457
0.0179476 0.00188335 0.624189 0.35598
0.134515 0.0464453 0.606753 0.212287
0.0159585 0.188335 0.724035 0.0716708
0.108415 0.0314069 0.350443 0.509735
0.0240694 0.0274662 0.583205 0.365259
0.0312304 0.140486 0.665387 0.162897
9.9991E-05 0.103186 0.291666 0.605048
9.9982E-05 9.9982E-05 0.647324 0.352476
9.9982E-05 9.9982E-05 0.411277 0.588523
0.100509 0.0355297 0.621779 0.242182
9.9982E-05 9.9982E-05 0.172241 0.827559
9.9982E-05 9.9982E-05 0.180258 0.819542
9.9982E-05 9.9982E-05 0.475293 0.524507
0.000694703 9.9991E-05 0.651105 0.3481
0.0792563 0.142761 0.652188 0.125794
0.0495069 0.00148018 0.600238 0.348775
9.9991E-05 0.0514396 0.409416 0.539045
9.9991E-05 0.069533 0.445433 0.484934
0.0709092 0.0842328 0.639642 0.205216
0.0139367 9.9991E-05 0.517743 0.46822
9.9991E-05 0.0577635 0.658118 0.284019
9.9982E-05 9.9982E-05 0.626876 0.372924
0.037679 9.9991E-05 0.169298 0.792923
9.9991E-05 0.0250609 0.770999 0.20384
0.0176029 0.859379 0.121512 0.00150694
9.9982E-05 0.935742 0.0640582 9.9982E-05
0.0528897 0.858603 0.088407 9.9991E-05
0.0238175 0.933465 0.0426178 9.9991E-05
0.0259513 0.899823 0.0741254 9.9991E-05
0.0640957 0.875599 0.0581876 0.00211805
0.0296789 0.923508 0.0467133 9.9991E-05
0.0769584 0.05328 0.622698 0.247063
0.116043 0.0732781 0.613349 0.19733
9.9982E-05 9.9982E-05 0.279354 0.720446
0.164998 0.0360764 0.561674 0.237252
9.9991E-05 0.0340755 0.62989 0.335934
0.00812811 0.0723974 0.701931 0.217543
9.9991E-05 0.0469742 0.687102 0.265824
0.0152159 9.9991E-05 0.708101 0.276583
9.9991E-05 0.0467287 0.157814 0.795357
9.9991E-05 0.159233 0.731202 0.109465
0.0593745 0.0414218 0.709206 0.189998
0.0344478 0.176945 0.687216 0.101391
9.9991E-05 0.00170498 0.484302 0.513893
0.0287247 0.00216718 0.6493 0.319808
9.9991E-05 0.0143609 0.629376 0.356163
0.0654237 9.9991E-05 0.523702 0.410775
9.9991E-05 0.0664332 0.614443 0.319024
0.0393438 0.116298 0.638621 0.205738
0.0472629 0.111946 0.299745 0.541046
9.9991E-05 0.220701 0.504038 0.275161
9.9991E-05 0.193253 0.604153 0.202494
0.126077 0.0448389 0.566173 0.26291
9.9991E-05 0.135639 0.576417 0.287844
9.9991E-05 0.0688905 0.704992 0.226017
0.0557941 0.0345904 0.561075 0.348541
9.9991E-05 0.104188 0.609777 0.285935
0.0275173 0.0880105 0.740004 0.144468
9.9991E-05 0.146407 0.643506 0.209988
9.9991E-05 0.0786981 0.639177 0.282025
0.104798 0.0399983 0.657805 0.197399
0.14853 0.0377333 0.610788 0.202949
0.118093 0.020672 0.622913 0.238323
0.119795 0.106688 0.52043 0.253087
0.106476 0.043031 0.634507 0.215986
9.9991E-05 0.156333 0.522611 0.320955
0.0225833 0.0517366 0.726833 0.198847
0.089106 0.0804821 0.642828 0.187584
0.0482721 0.0583269 0.305226 0.588175
0.0472049 0.0424071 0.245406 0.664982
0.0961306 0.0827997 0.536948 0.284122
0.082489 9.9991E-05 0.177403 0.740008
9.9991E-05 0.0621283 0.365132 0.572639
9.9991E-05 0.0500603 0.560206 0.389634
9.9991E-05 0.104044 0.423815 0.472041
9.9991E-05 0.0607681 0.399635 0.539497
0.0154554 0.113646 0.686162 0.184736
0.0922408 0.0977323 0.545698 0.264329
0.0164409 0.0641541 0.540359 0.379046
0.0925959 0.0300152 0.220662 0.656727
0.0232 0.242068 0.55574 0.178991
0.159194 0.0545782 0.467534 0.318693
0.0521139 0.167263 0.0212443 0.759379
0.0900203 0.0650673 0.645868 0.199044
0.07121 0.0850975 0.394253 0.449439
0.176083 0.0681265 0.47104 0.284751
0.141045 0.126416 0.252814 0.479725
9.9991E-05 0.149725 0.284047 0.566128
0.0240442 0.0904274 0.483524 0.402004
0.11243 0.110632 0.525007 0.251932
0.175777 0.0896277 0.441359 0.293237
0.229507 0.0895871 0.0756218 0.605284
0.0997024 0.0839289 0.504004 0.312365
9.9982E-05 9.9982E-05 0.517186 0.482614
0.0158048 0.00553879 0.59505 0.383606
0.0974391 0.110042 0.611097 0.181422
0.234066 0.38251 0.187201 0.196223
0.204689 0.621399 9.9991E-05 0.173812
0.210893 0.503358 9.9991E-05 0.285648
0.331478 0.414668 0.088058 0.165797
0.023522 9.9991E-05 0.7747 0.201678
0.114077 0.101067 0.593539 0.191317
0.72353 9.9982E-05 0.27627 9.9982E-05
0.489635 0.0303258 0.359724 0.120315
0.413487 0.0898896 0.44556 0.0510631
0.0667381 0.0129794 0.376392 0.543891
0.158139 0.031011 0.47683 0.33402
0.125663 9.9991E-05 0.239033 0.635204
0.0392763 0.0607644 0.615799 0.28416
0.114829 0.00363729 0.468709 0.412825
0.0433793 0.066838 0.663765 0.226017
0.104081 0.0095454 0.216936 0.669437
0.0928415 0.109436 0.650237 0.147485
0.119227 0.0360622 0.593326 0.251385
0.965621 9.9982E-05 0.0341788 9.9982E-05
0.908728 9.9982E-05 0.0910717 9.9982E-05
0.597016 0.0652855 0.337599 9.9991E-05
0.672412 0.000536796 0.326951 9.9991E-05
0.868141 0.0030496 0.128651 0.000157706
0.9997 9.998E-05 9.998E-05 9.998E-05
0.960906 0.0388941 9.9982E-05 9.9982E-05
0.810641 9.9982E-05 0.189159 9.9982E-05
0.943729 9.9982E-05 0.0560712 9.9982E-05
0.9997 9.998E-05 9.998E-05 9.998E-05
0.9997 9.998E-05 9.998E-05 9.998E-05
0.780699 0.00737952 0.211821 9.9991E-05
0.854243 0.0325777 0.0472 0.0659791
0.994375 9.9982E-05 0.0054254 9.9982E-05
0.431227 0.0812451 0.353616 0.133912
0.673779 0.09967 0.201202 0.0253486
0.764081 0.0657751 0.139477 0.0306672
0.922794 9.9982E-05 0.0770062 9.9982E-05
0.9997 9.998E-05 9.998E-05 9.998E-05
0.902193 0.0385696 0.0591373 9.9991E-05
0.9997 9.998E-05 9.998E-05 9.998E-05
0.665298 0.00909415 0.253506 0.0721021
0.889868 0.0281291 0.0475519 0.0344507
0.1384 0.369835 9.9991E-05 0.491665
0.169224 0.183605 0.380555 0.266616
0.110178 0.21332 0.408372 0.268131
0.235308 0.220397 0.152557 0.391738
0.135479 0.173474 0.565413 0.125634
0.179896 0.299011 0.191115 0.329978
0.144525 0.20399 0.438231 0.213253
0.212616 0.220572 0.391864 0.174948
0.174615 0.249616 0.495077 0.0806923
0.224721 0.2187 0.410253 0.146326
0.106805 0.230555 0.542596 0.120044
9.9991E-05 0.864586 0.0737148 0.0615988
0.110165 0.889635 9.9982E-05 9.9982E-05
9.9982E-05 0.95466 0.0451402 9.9982E-05
9.9982E-05 0.971492 0.0283081 9.9982E-05
0.0446387 0.918061 0.0372008 9.9991E-05
0.106948 0.892852 9.9982E-05 9.9982E-05
0.097555 0.902245 9.9982E-05 9.9982E-05
0.0492891 0.922657 0.0143059 0.0137485
0.0520963 0.912863 0.01788 0.0171604
0.102719 0.856409 0.0404407 0.000431183
0.00331309 0.653115 9.9991E-05 0.343472
9.9991E-05 0.609673 0.0490588 0.341169
9.9982E-05 0.614224 9.9982E-05 0.385577
9.9982E-05 0.523392 9.9982E-05 0.476408
0.00333579 0.0262839 0.654583 0.315797
0.0207574 0.0605418 0.664903 0.253797
9.9991E-05 0.035252 0.671995 0.292653
9.9991E-05 0.070122 0.564954 0.364824
9.9991E-05 0.0682335 0.302027 0.62964
0.118722 0.0301041 0.63536 0.215814
9.9982E-05 9.9982E-05 0.700629 0.299171
9.9982E-05 9.9982E-05 0.64894 0.35086
9.9982E-05 9.9982E-05 0.549627 0.450173
9.9991E-05 0.0628817 0.766576 0.170442
9.9982E-05 9.9982E-05 0.541553 0.458247
9.9982E-05 9.9982E-05 0.121584 0.878217
0.00111322 0.106328 0.638909 0.253649
0.0377706 9.9991E-05 0.377192 0.584938
0.0347406 9.9991E-05 0.633935 0.331225
9.9991E-05 0.0186839 0.274025 0.707191
9.9991E-05 0.270969 0.0711046 0.657826
9.9991E-05 0.21758 0.124092 0.658228
9.9991E-05 0.198676 0.068311 0.732913
9.9991E-05 0.241159 0.0381495 0.720592
9.9991E-05 0.177527 0.115134 0.707238
9.9991E-05 0.200678 0.155625 0.643597
0.0688409 0.867423 0.0636358 9.9991E-05
0.0474623 0.87448 0.0779581 9.9991E-05
0.14682 0.7806 0.0724797 9.9991E-05
0.0948373 0.784702 0.120361 9.9991E-05
0.104626 0.786907 0.108367 9.9991E-05
9.9982E-05 0.476767 9.9982E-05 0.523033
9.9982E-05 0.528349 9.9982E-05 0.471451
9.9982E-05 0.550943 9.9982E-05 0.448857
0.0177765 0.831448 0.150676 9.9991E-05
9.9982E-05 0.479073 9.9982E-05 0.520727
0.409289 0.234359 0.279589 0.0767633
0.253124 0.197058 0.535746 0.0140726
0.281674 0.184601 0.533625 9.9991E-05
0.274149 0.28356 0.336915 0.105377
0.251407 0.145617 0.515057 0.0879189
0.368408 0.468019 9.9991E-05 0.163473
9.9991E-05 0.0711557 0.55377 0.374974
0.0232812 0.0563035 0.42598 0.494435
9.9991E-05 0.139555 0.380925 0.47942
9.9991E-05 0.0466262 0.608766 0.344508
9.998E-05 9.998E-05 9.998E-05 0.9997
0.0179364 0.121979 0.707403 0.152682
9.9991E-05 0.0834987 0.623316 0.293085
9.9991E-05 0.0989842 0.372411 0.528505
0.0811645 0.110657 0.555081 0.253098
0.0642719 0.00543813 0.142216 0.788074
0.0519398 0.0244415 0.494357 0.429262
0.0365766 0.0116112 0.592656 0.359156
0.223113 0.156846 0.383142 0.236899
0.0248264 9.9991E-05 0.439371 0.535703
0.0294803 0.0738207 0.470591 0.426108
0.0507317 0.0800037 0.575128 0.294136
9.9991E-05 0.069548 0.560688 0.369664
0.0399238 0.0597363 0.730925 0.169415
0.0679472 0.161377 0.639439 0.131237
0.0686934 0.0324179 0.645621 0.253268
0.0725321 0.799138 0.12823 9.9991E-05
0.030268 0.842429 0.106203 0.0211006
0.00668878 0.774652 0.108121 0.110538
0.0587264 0.847147 0.0310502 0.0630765
0.010542 0.865573 0.123785 9.9991E-05
0.101072 0.0712674 0.228715 0.598945
0.135066 9.9991E-05 0.486947 0.377887
0.142554 0.187137 0.544114 0.126195
0.0960125 0.00572799 0.68764 0.21062
0.0171374 0.0696287 0.608801 0.304433
0.107758 0.0491493 0.323165 0.519928
9.9991E-05 0.205941 0.0446035 0.749355
0.00190377 0.0784607 0.626069 0.293567
0.03975 0.148307 0.234532 0.577411
0.0753459 0.0592406 0.56173 0.303684
0.00404752 0.210442 0.199997 0.585514
0.06882 0.13254 0.645585 0.153055
9.9991E-05 0.150868 0.287335 0.561697
0.117746 0.0969963 0.360978 0.42428
0.0785873 0.0725158 0.570698 0.278199
0.0322861 0.0413679 0.352827 0.573519
0.0974948 9.9991E-05 0.610038 0.292368
0.158704 0.0686003 0.552469 0.220227
9.9991E-05 0.0236744 0.444099 0.532126
0.089714 0.0608427 0.535426 0.314017
9.9991E-05 0.0954697 0.622916 0.281514
9.9982E-05 9.9982E-05 0.187992 0.811808
0.0472751 9.9991E-05 0.328043 0.624581
0.0364442 0.0178124 0.572851 0.372893
9.9991E-05 0.0630413 0.273963 0.662896
9.9991E-05 0.0230274 0.561771 0.415102
9.9991E-05 0.0859519 0.254667 0.659281
0.0871751 9.9991E-05 0.288057 0.624668
0.0370506 0.0629435 0.462851 0.437155
0.093067 0.00543385 0.694219 0.20728
0.000533882 9.9991E-05 0.382243 0.617123
0.146629 0.103466 0.393605 0.3563
0.094073 0.0882321 0.625302 0.192393
0.107542 0.0513214 0.533103 0.308034
0.102155 0.0419637 0.561212 0.294669
0.08611 0.0448624 0.486209 0.382819
0.110016 9.9991E-05 0.31577 0.574114
0.0786658 0.0497147 0.435104 0.436515
0.106277 9.9991E-05 0.62406 0.269563
0.0265265 0.0995837 0.688873 0.185017
9.9991E-05 0.162397 0.470109 0.367394
0.135106 9.9991E-05 0.582384 0.28241
9.9991E-05 0.190962 0.444987 0.36395
9.9991E-05 0.0495586 0.641891 0.30845
0.126585 0.0431107 0.466687 0.363617
0.113446 0.106571 0.608747 0.171236
0.0928664 0.399781 0.507252 9.9991E-05
0.320896 0.069684 0.401243 0.208177
0.16238 0.0960812 0.626177 0.115362
0.135151 0.0831188 0.630053 0.151677
0.197778 0.233915 0.522654 0.045653
0.0872704 9.9991E-05 0.45385 0.45878
0.151664 0.16926 0.540775 0.138301
0.197734 0.276514 0.0494554 0.476296
0.206131 0.128845 0.537872 0.127151
0.192635 0.164424 0.534327 0.108613
0.262226 0.078674 0.498234 0.160866
0.191637 0.194389 0.306122 0.307852
0.175555 0.167771 0.565969 0.0907056
0.194197 0.179933 0.561756 0.0641145
0.250339 0.524192 9.9991E-05 0.225369
0.119018 0.227161 0.563145 0.0906764
0.251999 0.150321 0.511045 0.0866347
0.154617 0.144094 0.596157 0.105133
0.184994 0.220144 0.548573 0.0462893
0.110248 0.207111 0.551035 0.131606
0.0948371 0.00499824 0.505255 0.39491
0.100054 0.159387 0.488448 0.252112
0.0912178 9.9991E-05 0.0837829 0.824899
0.00614667 9.9991E-05 0.145561 0.848193
0.0963385 0.0328983 0.589728 0.281035
0.429198 0.0891653 0.390359 0.0912784
0.456696 0.0933581 0.274034 0.175912
0.478332 0.151575 0.0868551 0.283238
0.288907 0.220459 0.388504 0.10213
0.212268 0.0748886 0.0997039 0.613139
0.184584 0.104777 0.266949 0.44369
0.197014 9.9991E-05 0.564898 0.237988
0.26856 9.9991E-05 0.423218 0.308122
0.230885 0.0628854 0.187548 0.518681
0.183169 0.0703477 0.497003 0.24948
0.175063 0.00428948 0.619116 0.201532
0.102074 0.13519 0.520972 0.241764
9.9991E-05 0.0104113 0.473398 0.516091
0.0936759 9.9991E-05 0.426123 0.480101
0.108599 0.023221 0.552647 0.315534
0.0804578 0.0337974 0.496683 0.389062
0.182393 0.0462314 0.469788 0.301588
0.0187368 9.9991E-05 0.568903 0.41226
0.00637605 9.9991E-05 0.324359 0.669165
0.0486843 0.0416857 0.66644 0.24319
0.0422966 9.9991E-05 0.302831 0.654773
0.0661154 9.9991E-05 0.502373 0.431411
0.0827859 0.109044 0.583036 0.225134
0.0311309 0.0507065 0.571997 0.346166
0.225778 0.162989 0.509856 0.101377
0.235514 0.160379 0.378643 0.225464
0.290782 0.159082 0.390842 0.159293
0.246401 0.230489 0.315144 0.207966
0.153971 0.186839 0.509505 0.149685
0.213352 0.144637 0.426506 0.215504
0.296738 0.131892 9.9991E-05 0.57127
0.205546 0.0783389 0.618703 0.0974117
0.252756 0.374167 9.9991E-05 0.372977
0.247542 0.0691506 0.549655 0.133652
9.9982E-05 9.9982E-05 0.275497 0.724303
0.0207255 9.9991E-05 0.0857719 0.893403
0.0292183 9.9991E-05 0.581574 0.389108
0.107846 0.0809807 0.608704 0.202469
9.9982E-05 9.9982E-05 0.552861 0.446939
0.0357581 0.0465924 0.551734 0.365915
0.00969699 9.9991E-05 0.695467 0.294736
0.0333101 0.83812 0.0969766 0.0315929
0.0806319 0.730159 0.0453851 0.143824
0.0577056 0.942094 9.9982E-05 9.9982E-05
9.9982E-05 0.965664 0.0341356 9.9982E-05
0.0461267 0.062566 0.636274 0.255033
0.00541207 0.0500509 0.646283 0.298254
9.9982E-05 9.9982E-05 0.701856 0.297944
9.9991E-05 0.0820903 0.741056 0.176753
9.9991E-05 0.138189 0.573606 0.288105
9.9982E-05 9.9982E-05 0.449461 0.550339
0.0191662 0.0334673 0.807942 0.139425
9.9991E-05 0.00904211 0.553231 0.437627
0.175678 0.317917 0.503466 0.00293895
0.0432479 9.9991E-05 0.549969 0.406683
9.9982E-05 9.9982E-05 0.498778 0.501022
9.9982E-05 9.9982E-05 0.711651 0.288149
9.9991E-05 0.0254067 0.537987 0.436506
0.0307584 9.9991E-05 0.725109 0.244033
9.9991E-05 0.0587651 0.786246 0.154889
9.9982E-05 9.9982E-05 0.345669 0.654131
0.0243963 9.9991E-05 0.459489 0.516015
9.9991E-05 0.0274423 0.463943 0.508515
0.00148163 9.9991E-05 0.175434 0.822984
9.9991E-05 0.00938923 0.530895 0.459615
0.0317387 9.9991E-05 0.251834 0.716328
0.0114386 9.9991E-05 0.110474 0.877988
0.0892083 0.0225426 0.642726 0.245523
9.9991E-05 0.0375 0.40097 0.56143
0.0740863 9.9991E-05 0.546255 0.379558
0.0564045 0.169387 0.748965 0.0252439
9.9982E-05 9.9982E-05 0.681356 0.318444
0.0787371 9.9991E-05 0.425839 0.495324
0.0453935 9.9991E-05 0.711668 0.242839
0.0634914 0.00778992 0.597157 0.331561
9.9982E-05 9.9982E-05 0.491129 0.508671
0.0159918 0.0344865 0.678453 0.271068
0.0156018 0.701461 0.00448544 0.278452
0.0305122 0.773958 0.0456376 0.149892
9.9982E-05 0.838621 9.9982E-05 0.161179
9.9982E-05 0.833398 9.9982E-05 0.166402
9.9991E-05 0.77972 0.0249211 0.195259
9.9991E-05 0.0312356 0.352276 0.616388
9.9982E-05 9.9982E-05 0.319213 0.680587
9.9982E-05 9.9982E-05 0.380381 0.61942
0.0196362 0.107301 0.656192 0.216871
9.9991E-05 0.155896 0.765531 0.0784728
0.0167077 0.00851726 0.487975 0.4868
0.0471878 0.0458021 0.736689 0.170321
0.0921767 0.0733509 0.592305 0.242168
9.9991E-05 0.0104057 0.722782 0.266713
0.0578732 0.0345679 0.671196 0.236363
0.00207075 9.9991E-05 0.493096 0.504733
9.9982E-05 9.9982E-05 0.564307 0.435493
9.9982E-05 9.9982E-05 0.537371 0.462429
0.0514389 0.128008 0.61537 0.205184
9.9982E-05 9.9982E-05 0.622024 0.377776
0.0604338 0.0225132 0.552859 0.364194
0.413268 0.0928885 0.485226 0.00861793
0.431291 0.180945 0.378495 0.00926923
0.522541 0.0790293 0.388858 0.00957157
0.528383 0.156786 0.314732 9.9991E-05
0.41569 0.0930252 0.38065 0.110635
0.0393084 9.9991E-05 0.61312 0.347472
0.702993 0.259495 0.0140386 0.023473
0.487854 0.118323 0.353515 0.0403086
0.210028 0.102917 0.414668 0.272387
9.9991E-05 0.257676 0.602384 0.13984
0.0225339 0.159239 0.476732 0.341496
0.0625674 0.186223 0.617432 0.133777
0.00674104 0.127622 0.684099 0.181538
0.426332 0.226317 0.347251 9.9991E-05
0.367098 0.200244 0.425794 0.00686377
0.540762 0.0735866 0.385551 9.9991E-05
0.392209 0.0562767 0.419423 0.132091
0.499321 0.14569 0.354889 9.9991E-05
0.304126 0.175924 0.426822 0.093128
0.498313 0.16651 0.335078 9.9991E-05
0.344877 0.121464 0.533558 9.9991E-05
0.0611464 0.0685577 0.547613 0.322683
0.299409 0.172494 0.440679 0.0874178
0.610174 0.198932 0.190794 9.9991E-05
0.330011 0.145181 0.454233 0.0705752
9.9991E-05 0.234584 0.289415 0.475901
0.163097 0.0313103 0.622692 0.182901
0.299438 0.205814 0.425546 0.0692024
0.0265474 0.143836 0.665095 0.164522
9.9991E-05 0.216616 0.559018 0.224266
0.25649 0.196376 0.368884 0.17825
0.284645 0.256422 0.38087 0.078063
0.0921106 0.129218 0.626415 0.152256
0.335249 0.129744 0.51186 0.0231465
0.520142 0.0261146 0.409851 0.0438924
0.610069 0.208203 0.181627 9.9991E-05
0.0927994 0.118164 0.658752 0.130284
9.9991E-05 0.174438 0.561216 0.264246
0.0919515 0.156014 0.229221 0.522814
0.0655486 0.196362 0.584091 0.153998
0.0543547 0.170389 0.49314 0.282116
0.169087 0.23202 0.471287 0.127606
0.120014 0.102833 0.470676 0.306477
0.304527 0.317186 9.9991E-05 0.378186
0.233111 0.321473 9.9991E-05 0.445317
0.207316 0.187877 0.266509 0.338298
0.278163 0.360267 9.9991E-05 0.36147
0.296364 0.499855 9.9991E-05 0.203681
0.243145 0.155278 0.35043 0.251146
0.176539 0.277483 0.445406 0.100572
0.242881 0.310194 0.185545 0.26138
0.254284 0.32454 0.089621 0.331556
0.180493 0.121285 0.505222 0.193
0.222751 0.234143 0.128945 0.414162
0.148572 0.502625 9.9991E-05 0.348703
0.189886 0.179601 0.48625 0.144263
0.340055 0.190685 0.257619 0.211641
0.199219 0.328527 0.472154 9.9991E-05
0.188137 0.160479 0.651283 9.9991E-05
0.158182 0.146938 0.66816 0.0267195
0.178522 0.189575 0.525193 0.106709
0.232507 0.37613 0.364365 0.0269978
0.151201 0.267054 0.581645 9.9991E-05
0.285874 0.272933 0.441092 9.9991E-05
0.255854 0.298531 0.350289 0.0953255
0.156208 0.166046 0.355023 0.322723
0.0961324 0.238013 0.588012 0.0778421
0.154354 0.21951 0.583727 0.0424087
0.106723 0.204574 0.599034 0.0896683
0.258005 0.327106 0.414788 9.9991E-05
0.214712 0.170329 0.509239 0.10572
0.260442 0.409853 0.19337 0.136335
0.269134 0.198589 0.417902 0.114375
0.372768 0.292934 0.223563 0.110735
9.9991E-05 0.856521 0.0174916 0.125887
9.9991E-05 0.190424 0.157587 0.651889
9.9982E-05 0.175135 9.9982E-05 0.824665
9.9991E-05 0.164702 0.0464441 0.788754
9.9991E-05 0.157268 0.136938 0.705693
9.9991E-05 0.198193 0.126318 0.675389
9.9991E-05 0.138042 0.121118 0.74074
9.9982E-05 0.167216 9.9982E-05 0.832584
9.9991E-05 0.347556 0.0960759 0.556268
0.00806298 0.945886 0.0459507 9.9991E-05
9.9991E-05 0.84021 0.103545 0.056145
0.0291237 0.90928 0.0490564 0.0125397
9.9991E-05 0.83863 0.0861163 0.0751541
0.105433 0.884452 9.9991E-05 0.0100143
0.00707597 0.958101 0.0128889 0.0219344
0.155472 0.769424 0.0360303 0.0390736
0.09964 0.873584 0.0266761 9.9991E-05
0.05173 0.764204 0.0874656 0.0966006
0.0931932 0.906607 9.9982E-05 9.9982E-05
9.9982E-05 0.982458 9.9982E-05 0.0173424
0.0649742 0.857744 0.0316108 0.0456715
0.0156125 0.984188 9.9982E-05 9.9982E-05
0.0697459 0.889834 0.0403198 9.9991E-05
0.0125317 0.866675 0.120693 9.9991E-05
0.0260975 0.851628 0.122174 9.9991E-05
0.150419 0.784891 0.0645899 9.9991E-05
0.100006 0.786394 0.1135 9.9991E-05
0.0519773 0.801122 0.146801 9.9991E-05
0.0766318 0.137295 0.418075 0.367998
9.9991E-05 0.131375 0.761062 0.107462
0.0755602 0.138746 0.585457 0.200237
0.124192 0.0680915 0.124669 0.683047
9.9991E-05 0.156438 0.597814 0.245648
0.101992 0.171964 0.126475 0.599569
0.0462293 0.160039 0.714789 0.0789419
9.9991E-05 0.1185 0.49702 0.38438
9.9991E-05 0.134232 0.608139 0.257529
0.0626624 0.0305242 0.639465 0.267348
0.0227316 0.158579 0.487363 0.331327
0.0600081 0.10946 0.703889 0.126643
0.000766053 0.14193 0.656826 0.200478
0.109472 9.9991E-05 0.0987042 0.791724
0.0654698 0.078924 9.9991E-05 0.855506
0.10042 0.122228 0.198112 0.579239
9.9991E-05 0.114841 0.733205 0.151855
9.9991E-05 0.125472 0.636788 0.23764
0.0186446 0.107042 0.638146 0.236167
0.170698 0.00997972 0.660335 0.158986
0.180342 0.194366 0.554543 0.0707499
0.149524 0.187966 0.592287 0.0702237
0.101027 0.460636 0.192507 0.24583
9.9991E-05 0.177327 0.776859 0.0457144
0.156478 0.278878 0.490461 0.0741832
0.263202 0.410726 9.9991E-05 0.325972
0.242141 0.257305 0.334772 0.165782
0.194046 0.361942 0.320925 0.123087
0.0730788 0.368576 0.505581 0.0527643
0.290059 0.132214 0.418089 0.159638
0.149441 0.233221 0.562499 0.0548391
0.221178 0.181724 0.571548 0.0255494
0.226238 0.124841 0.413259 0.235662
0.122122 0.47937 0.378393 0.0201154
