9.9964E-05 9.9964E-05 0.143197 9.9964E-05 0.0470068 0.0427947 9.9964E-05 0.7487 0.0179018
9.9955E-05 9.9955E-05 0.199469 0.0028714 0.0458545 9.9955E-05 9.9955E-05 0.751306 9.9955E-05
0.0232877 9.9973E-05 0.134945 0.0669319 0.0208259 9.9973E-05 0.0390974 0.714612 9.9973E-05
9.9973E-05 9.9973E-05 0.0514849 0.0134232 0.0445552 9.9973E-05 0.100024 0.747237 0.0429763
9.9955E-05 9.9955E-05 0.119714 9.9955E-05 0.00438105 9.9955E-05 0.0632464 0.812159 9.9955E-05
9.9982E-05 0.136785 0.00824202 9.9982E-05 0.0299199 0.0588718 0.0802294 0.650562 0.0351901
9.9955E-05 0.141228 9.9955E-05 9.9955E-05 0.0288809 0.0114026 9.9955E-05 0.817988 9.9955E-05
9.9964E-05 0.190435 9.9964E-05 9.9964E-05 0.0229154 0.0122725 9.9964E-05 0.754418 0.0195599
9.99639E-05 9.99639E-05 0.115661 0.0384909 0.0274729 9.99639E-05 9.99639E-05 0.692955 0.12502
9.9973E-05 0.154759 9.9973E-05 9.9973E-05 0.012878 0.00279357 0.0177894 0.803315 0.00816448
9.9973E-05 0.0942329 0.015402 9.9973E-05 0.00265234 9.9973E-05 0.0882509 0.772041 0.0271209
0.169963 9.9973E-05 9.9973E-05 0.0747696 9.9973E-05 0.0186068 0.226023 0.0357241 0.474614
0.0591017 0.000408526 0.00799144 0.0137275 0.0115965 0.0132969 0.576439 0.0748111 0.242627
0.0851619 9.9973E-05 9.9973E-05 0.0907578 0.00708778 0.0636668 0.272029 9.9973E-05 0.480996
0.039589 9.9982E-05 9.9982E-05 0.0966398 0.0030081 0.0991102 0.276863 0.0157757 0.468814
0.00187315 9.9982E-05 0.00785007 0.0556788 9.9982E-05 0.0968864 0.450443 0.0774662 0.309603
0.0287906 9.9964E-05 9.9964E-05 0.0897441 9.9964E-05 0.0491506 0.592098 9.9964E-05 0.239817
0.121851 9.9982E-05 0.00182515 0.0431311 0.0318437 0.0218161 0.475148 9.9982E-05 0.304185
0.0232549 9.9982E-05 9.9982E-05 0.155153 0.0153173 0.0464393 0.314713 0.0438388 0.401084
0.0910101 0.0624519 9.9973E-05 0.0381967 9.9973E-05 9.9973E-05 0.0693129 0.0413698 0.697359
0.101352 0.0142435 0.0170853 0.0598687 0.0213756 0.0155534 0.437135 9.9991E-05 0.333286
0.0571099 0.0892826 9.9973E-05 0.175517 0.00926206 9.9973E-05 0.472151 9.9973E-05 0.196378
0.126367 0.0163253 0.00740397 0.00113755 0.0382248 0.0258593 0.52929 0.0193813 0.23601
0.123084 0.00137887 9.9991E-05 0.073177 0.00843134 0.0437207 0.247627 0.0452938 0.457188
9.999E-05 0.0295296 0.0243187 0.0348868 0.0163543 0.0515625 0.670909 0.0708995 0.10144
0.0776864 9.9973E-05 0.00529609 0.104425 9.9973E-05 9.9973E-05 0.567681 0.0244365 0.220175
0.119048 0.012963 9.9982E-05 0.0381301 9.9982E-05 0.0141356 0.27951 0.0622367 0.473777
0.0697038 9.9964E-05 9.9964E-05 0.119747 9.9964E-05 0.0330662 0.323073 9.9964E-05 0.45401
0.131297 0.0228621 9.9964E-05 0.102966 9.9964E-05 9.9964E-05 0.241493 9.9964E-05 0.500982
9.993E-05 9.993E-05 9.993E-05 9.993E-05 0.999201 9.993E-05 9.993E-05 9.993E-05 9.993E-05
9.993E-05 9.993E-05 9.993E-05 9.993E-05 0.999201 9.993E-05 9.993E-05 9.993E-05 9.993E-05
0.00449925 9.9982E-05 0.080813 0.0294202 0.37397 0.092491 0.0299596 0.388647 9.9982E-05
9.9973E-05 9.9973E-05 0.0399203 0.0362312 0.304558 0.0678709 0.112959 0.438161 9.9973E-05
0.255222 0.0757847 9.9982E-05 0.0156839 0.0209534 9.9982E-05 0.456787 0.0771826 0.0981861
0.328563 9.9964E-05 9.9964E-05 9.9964E-05 9.9964E-05 0.0790745 0.448158 0.0812377 0.0625678
0.38384 0.067961 9.9964E-05 9.9964E-05 9.9964E-05 0.0243187 0.519313 0.00416742 9.9964E-05
0.0923311 9.9964E-05 9.9964E-05 9.9964E-05 0.00637265 9.9964E-05 0.232948 0.046947 0.621001
0.548066 0.134247 9.9964E-05 0.0387154 0.0149223 9.9964E-05 0.263649 9.9964E-05 9.9964E-05
0.196075 9.9991E-05 0.0636984 0.0137136 0.0176545 0.0153574 0.556488 0.0129334 0.12398
0.204802 0.0392232 9.9964E-05 0.0428803 9.9964E-05 9.9964E-05 0.694724 0.0179702 9.9964E-05
0.107587 0.13862 9.9973E-05 9.9973E-05 0.0114068 9.9973E-05 0.517161 0.132984 0.0919413
0.0961839 0.0633735 0.0431716 0.0201314 9.99942E-05 0.0242902 0.565813 0.0803736 0.106563
0.653662 9.9955E-05 9.9955E-05 9.9955E-05 9.9955E-05 9.9955E-05 0.14311 0.0519732 0.150755
0.00923918 0.176626 9.9982E-05 0.0665538 0.0144437 9.9982E-05 0.648612 0.048118 0.0362076
0.217216 0.0468235 0.0152692 0.0284506 9.9982E-05 9.9982E-05 0.599992 0.070901 0.0211477
0.133611 0.0574486 0.0514348 0.0191354 0.0153209 9.9991E-05 0.62377 0.0807134 0.0184661
0.547889 0.102984 9.9955E-05 0.0123507 9.9955E-05 9.9955E-05 0.336276 9.9955E-05 9.9955E-05
0.249552 9.9973E-05 0.0173331 0.00811167 9.9973E-05 9.9973E-05 0.622564 0.0718755 0.0302633
0.163016 0.0936562 0.000846831 9.9991E-05 0.0482246 0.0891333 0.498284 0.0643686 0.0423708
0.626913 0.259537 9.9946E-05 0.112951 9.9946E-05 9.9946E-05 9.9946E-05 9.9946E-05 9.9946E-05
0.104548 0.0827209 9.9964E-05 0.0219129 9.9964E-05 9.9964E-05 0.192748 9.9964E-05 0.59767
0.183343 0.239107 0.0101648 0.169887 9.9982E-05 0.0238267 0.151401 9.9982E-05 0.222071
0.0416347 0.0796069 0.0190552 0.0408422 0.0331804 0.0445998 0.602577 0.0111942 0.127309
0.0124345 0.128003 0.0164985 0.0441312 9.9991E-05 0.0389853 0.589234 0.0623187 0.108295
0.0386507 0.104565 0.0702764 0.0743824 0.00442524 0.0241959 0.583316 0.00314707 0.0970417
0.0962519 9.9973E-05 9.9973E-05 0.057667 0.0001682 9.9973E-05 0.219512 0.126726 0.499375
0.0874374 0.000443241 9.9973E-05 0.0287475 0.0313328 9.9973E-05 0.525282 9.9973E-05 0.326457
0.0794668 9.9991E-05 0.0031988 0.0435143 0.0418514 0.0561875 0.570596 0.00982729 0.195258
0.069763 0.080775 0.000909214 0.0450345 0.0120586 0.0143692 0.423958 0.0842893 0.268843
0.119535 0.046599 0.0765509 0.0688555 9.9991E-05 0.0140655 0.107574 0.0797864 0.486934
0.123186 9.9982E-05 0.0727901 0.0389194 0.0139236 0.051256 0.548973 9.9982E-05 0.150752
0.0662175 0.0592462 9.9991E-05 0.0484348 0.0145197 0.0630298 0.482159 0.0162047 0.250088
0.143898 0.0706236 9.9982E-05 0.083414 0.0344202 9.9982E-05 0.0878319 0.0419868 0.537625
0.128257 0.0277267 9.9973E-05 0.0235234 9.9973E-05 0.0019934 0.441975 9.9973E-05 0.376225
0.0653355 0.0959061 9.9982E-05 0.0870801 9.9982E-05 0.0303827 0.587579 0.0327744 0.100742
0.0274532 0.0524745 0.027959 0.0405461 0.016306 9.9991E-05 0.628807 0.0555158 0.150838
0.149066 0.0400034 0.00811169 0.064043 0.0455209 0.0306713 0.264818 0.0328873 0.364879
0.10178 0.0604567 0.046306 0.00891386 0.0542995 0.0146453 0.507464 9.9991E-05 0.206034
0.0685024 0.0483437 0.0660933 0.0607265 0.00357979 0.00284128 0.593592 9.9991E-05 0.156221
0.132928 0.0501086 0.0360952 0.0414617 0.0340383 9.9982E-05 0.239294 9.9982E-05 0.465875
0.480263 9.9964E-05 0.0104029 9.9964E-05 0.0167874 9.9964E-05 0.478225 9.9964E-05 0.0139216
0.709307 9.9973E-05 0.0116795 9.9973E-05 0.0114367 0.00436206 0.185025 9.9973E-05 0.07789
0.242528 9.9982E-05 0.0578793 9.9982E-05 0.0184433 0.00878754 0.51888 0.0753136 0.0779682
0.88177 0.0833393 9.9946E-05 0.0342909 9.9946E-05 9.9946E-05 9.9946E-05 9.9946E-05 9.9946E-05
0.838142 0.141402 9.9946E-05 0.0198561 9.9946E-05 9.9946E-05 9.9946E-05 9.9946E-05 9.9946E-05
0.772988 0.0322446 9.9946E-05 9.9946E-05 9.9946E-05 9.9946E-05 0.194168 9.9946E-05 9.9946E-05
0.442358 9.9964E-05 0.0166495 9.9964E-05 0.0117151 9.9964E-05 0.463583 9.9964E-05 0.0652941
0.123465 0.132134 0.0343127 9.9982E-05 9.9982E-05 0.0752734 0.481187 0.0965449 0.0568826
0.465457 0.0238758 0.0156478 9.9973E-05 0.00258302 0.00947067 0.482666 9.9973E-05 9.9973E-05
0.65643 9.9955E-05 9.9955E-05 9.9955E-05 9.9955E-05 9.9955E-05 0.134002 0.0670539 0.142014
0.533828 9.9955E-05 0.0238211 9.9955E-05 9.9955E-05 9.9955E-05 0.257636 9.9955E-05 0.184215
0.255661 9.9982E-05 0.00406241 9.9982E-05 0.0117512 0.0663879 0.528976 0.0451005 0.0878611
0.558814 9.9964E-05 0.00573161 9.9964E-05 9.9964E-05 9.9964E-05 0.307962 0.0505015 0.0765917
0.477097 9.9955E-05 9.9955E-05 9.9955E-05 0.0389306 9.9955E-05 0.429418 9.9955E-05 0.0540544
0.435887 0.0662697 0.00190583 0.0414085 0.0108712 9.9973E-05 0.443358 9.9973E-05 9.9973E-05
0.705744 0.176428 9.9946E-05 0.117229 9.9946E-05 9.9946E-05 9.9946E-05 9.9946E-05 9.9946E-05
0.303393 0.0394862 0.0313378 0.00708781 0.0294763 0.0196835 0.569335 9.9982E-05 9.9982E-05
9.9964E-05 9.9964E-05 0.0876277 9.9964E-05 0.0496508 9.9964E-05 0.0704012 0.737457 0.0544639
9.9946E-05 9.9946E-05 9.9946E-05 9.9946E-05 0.0684161 9.9946E-05 0.0563439 0.87464 9.9946E-05
9.9955E-05 9.9955E-05 9.9955E-05 9.9955E-05 0.0319752 0.0112205 0.111661 0.844643 9.9955E-05
9.9964E-05 9.9964E-05 0.00632993 9.9964E-05 0.0228323 0.0383287 0.0178232 0.914286 9.9964E-05
9.9955E-05 9.9955E-05 0.0266475 9.9955E-05 0.0336362 0.051329 9.9955E-05 0.887888 9.9955E-05
9.9973E-05 0.0159833 0.0310663 9.9973E-05 0.00981156 0.0352588 0.0837291 0.823851 9.9973E-05
9.9955E-05 9.9955E-05 0.0133797 9.9955E-05 0.0177771 9.9955E-05 0.0627246 0.905619 9.9955E-05
0.222605 9.9991E-05 0.0525534 0.0263534 0.0197248 0.0430406 0.511943 0.0214072 0.102273
0.154632 0.0219746 0.0635515 0.0577912 0.0337369 0.0402469 0.59181 9.9991E-05 0.036157
0.718571 0.0170946 9.9964E-05 9.9964E-05 9.9964E-05 9.9964E-05 0.0233291 0.0606475 0.179958
0.165606 0.00186554 0.044535 0.0509226 0.0157046 9.9991E-05 0.625391 0.0257261 0.0701499
0.479144 9.9973E-05 0.00380787 9.9973E-05 0.00527596 9.9973E-05 0.369274 0.04498 0.0972185
0.347957 9.9973E-05 0.0477371 9.9973E-05 0.0237642 9.9973E-05 0.514449 0.0211021 0.0446909
0.271773 0.0806887 0.0164668 0.0252602 0.0156374 9.9982E-05 0.573733 0.0162406 9.9982E-05
0.385325 0.0375009 0.00335829 9.9982E-05 0.0277614 0.0594018 0.466568 9.9982E-05 0.0198839
0.680656 9.9955E-05 9.9955E-05 9.9955E-05 0.000897818 9.9955E-05 9.9955E-05 0.0453761 0.27257
0.17137 0.0772011 9.9982E-05 9.9982E-05 0.032894 0.0246026 0.480453 0.119129 0.0941505
0.186803 9.9973E-05 0.00870088 0.0311999 9.9973E-05 9.9973E-05 0.628283 0.0866728 0.0580411
0.101383 0.000915058 0.0323223 0.0482341 0.027421 0.0621395 0.549687 0.0549009 0.122997
0.535806 0.156118 9.9973E-05 0.0441961 0.0109895 0.0141102 0.23848 9.9973E-05 9.9973E-05
0.411977 0.0682232 0.0266508 9.9973E-05 0.0123263 0.00774783 0.472775 9.9973E-05 9.9973E-05
0.398178 9.9964E-05 9.9964E-05 9.9964E-05 9.9964E-05 0.00955374 0.454653 0.00942865 0.127787
0.533396 0.0838503 9.9955E-05 9.9955E-05 0.00945437 9.9955E-05 0.3728 9.9955E-05 9.9955E-05
0.363774 9.9964E-05 9.9964E-05 9.9964E-05 0.0017822 9.9964E-05 0.45172 0.0537898 0.128534
0.186919 0.00166697 0.0192434 0.0976865 0.0247432 9.9991E-05 0.547676 0.0595311 0.0624338
9.9973E-05 0.165313 9.9973E-05 0.118482 0.0151239 0.0327854 0.309453 9.9973E-05 0.358543
0.0192277 0.0491895 9.9973E-05 0.0621691 9.9973E-05 9.9973E-05 0.429702 0.0499554 0.389456
0.0135313 0.0921901 0.0266363 0.0194654 0.0137458 0.0341457 0.541731 0.114513 0.144042
0.0734568 9.9991E-05 0.0324534 0.0773407 0.00445578 0.00684835 0.628831 0.0223843 0.154129
0.0838075 0.0141133 9.9982E-05 0.000325144 0.00976506 9.9982E-05 0.500051 0.0475273 0.344211
0.0418982 0.034822 0.0152731 0.0141437 9.9991E-05 0.0104505 0.596032 0.0552991 0.231982
9.9982E-05 0.00711728 0.0458594 0.00520962 9.9982E-05 0.00810758 0.483987 0.0177752 0.431744
0.0478092 0.149821 0.0298265 0.027981 0.0199182 0.0290095 0.511939 0.0293619 0.154334
0.0482776 0.0141143 0.0826298 0.0388418 9.9991E-05 0.0124398 0.635268 0.019712 0.148616
9.9973E-05 0.0336653 9.9973E-05 0.0691703 0.0264805 9.9973E-05 0.590759 0.0341581 0.245467
0.0392619 0.0563227 0.0511758 9.9973E-05 0.0283871 9.9973E-05 0.561388 9.9973E-05 0.263164
9.9982E-05 0.126797 0.0140234 0.0156577 9.9982E-05 0.0915846 0.582637 0.0466047 0.122496
9.9973E-05 0.0867562 9.9973E-05 0.0191562 0.0113712 9.9973E-05 0.64786 0.108492 0.126064
0.0559835 0.086443 0.0223561 0.00674742 9.9982E-05 0.0576049 0.579389 9.9982E-05 0.191276
0.0419484 0.104815 0.0724266 0.0233414 0.00377785 0.0582545 0.522294 0.0250474 0.148095
0.0343628 0.131589 0.0139804 9.9982E-05 0.0116276 0.0387546 0.597681 9.9982E-05 0.171804
0.0559461 0.132092 0.0421812 0.136871 0.0212742 0.0208386 0.327709 9.9991E-05 0.262989
0.0216845 0.104452 0.0372218 0.0508702 9.9991E-05 0.0185866 0.630327 0.0170354 0.119723
9.9964E-05 0.10201 9.9964E-05 9.9964E-05 0.0468012 9.9964E-05 0.675484 0.0321388 0.143165
0.0978398 0.0252819 9.9973E-05 0.0652404 9.9973E-05 0.0261668 0.216583 9.9973E-05 0.568589
0.0644954 0.265559 9.9973E-05 0.148 9.9973E-05 0.00875204 0.170277 9.9973E-05 0.342617
0.0185044 0.081049 9.9991E-05 0.0403878 0.0212501 0.0269293 0.52858 0.0625222 0.220677
0.106037 0.341437 9.9964E-05 0.129144 9.9964E-05 9.9964E-05 0.0748175 9.9964E-05 0.348165
0.0657912 0.0170977 0.0279112 0.00909438 0.0106516 9.9982E-05 0.354438 9.9982E-05 0.514815
0.0461016 0.0608739 9.9955E-05 9.9955E-05 9.9955E-05 9.9955E-05 0.456054 9.9955E-05 0.436471
0.117638 9.9982E-05 0.00119211 0.0124822 0.0324679 9.9982E-05 0.390208 0.00250807 0.443303
0.0398726 0.0426274 9.9964E-05 9.9964E-05 9.9964E-05 9.9964E-05 0.375855 0.0043909 0.536854
0.0595866 0.0568533 9.9982E-05 0.0358163 0.0138359 9.9982E-05 0.60993 0.046581 0.177197
0.0401974 0.0731482 0.0129886 0.0294669 9.9991E-05 0.0502163 0.539832 0.0940564 0.159994
0.12589 9.9982E-05 9.9982E-05 0.0611224 0.00696563 0.00661067 0.530852 0.0112581 0.257102
0.0721191 0.202534 9.9973E-05 0.113015 9.9973E-05 0.00600448 0.211912 9.9973E-05 0.394116
0.0913703 0.0882192 0.0360621 0.0325285 0.00497594 0.0170967 0.519502 0.146324 0.0639212
0.0678263 0.19391 0.0545968 0.135649 0.00278958 9.9982E-05 0.479952 9.9982E-05 0.0650761
0.124765 0.405685 9.9973E-05 0.352637 0.00185647 9.9973E-05 9.9973E-05 0.0094122 0.105345
0.0792668 0.0282751 0.0153544 0.0822329 0.0191094 0.00518022 0.711869 0.0176945 0.0410179
0.176102 0.231801 0.016412 0.175273 0.0037328 9.9991E-05 0.271387 0.0743848 0.0508079
0.0186547 0.13263 0.0218822 0.16261 0.0193324 0.00470413 0.537741 0.0615171 0.0409283
0.0714143 0.277433 9.9982E-05 0.271235 0.0117199 9.9982E-05 0.235595 0.0132557 0.119147
0.0933093 0.387151 9.9973E-05 0.275975 0.00740081 9.9973E-05 0.0787095 9.9973E-05 0.157155
0.113612 0.185019 9.9973E-05 0.157704 9.9973E-05 9.9973E-05 0.417933 0.0120129 0.113419
0.0495515 0.0934365 0.060189 0.108588 0.0140423 0.0160637 0.543315 0.0417448 0.0730696
0.0687903 0.0500189 0.0511227 0.170765 0.0133019 9.9991E-05 0.488443 0.0381305 0.119328
0.191404 0.262353 9.9982E-05 0.293161 0.00340204 0.0239111 0.129164 9.9982E-05 0.0964046
0.0724847 0.154882 0.0452594 0.0072923 0.0174335 0.0534972 0.484501 0.0904132 0.0742366
0.106321 0.32642 9.9964E-05 0.16095 9.9964E-05 9.9964E-05 0.308434 9.9964E-05 0.097474
0.128607 0.26462 9.9964E-05 0.0988947 9.9964E-05 9.9964E-05 0.418548 9.9964E-05 0.0889309
0.000941263 0.142468 0.0644959 0.0197258 0.00236762 0.0421039 0.553042 0.074145 0.10071
9.99883E-05 0.0150808 9.99883E-05 0.229772 0.0231525 0.191892 0.180045 0.282649 0.0772071
9.9955E-05 0.0590101 9.9955E-05 0.520002 9.9955E-05 0.0734393 9.9955E-05 0.347049 9.9955E-05
9.9964E-05 0.0766837 0.00684034 0.529575 9.9964E-05 0.0879856 9.9964E-05 0.298515 9.9964E-05
0.0182349 0.0631574 0.0207455 0.299893 0.0212241 0.184173 0.131822 0.243937 0.0168132
0.0674653 0.244037 0.0206998 0.0115041 0.0498627 9.9982E-05 0.58732 9.9982E-05 0.018911
0.0221968 0.141634 0.00540006 0.052459 0.00894173 9.9991E-05 0.65021 0.0930243 0.0260335
0.0310985 9.9964E-05 9.9964E-05 9.9964E-05 0.00209202 0.636113 0.328088 9.9964E-05 0.00220907
0.029548 9.9991E-05 0.0276481 0.0244364 0.0324888 0.460826 0.341317 0.00479031 0.0788457
0.00446084 0.0431858 0.0217821 9.9991E-05 0.0173833 0.415894 0.366481 0.0268512 0.103862
0.0407152 0.484483 9.9973E-05 0.148114 0.0114328 9.9973E-05 0.252124 9.9973E-05 0.0628311
0.0744423 0.167404 0.0423141 0.012525 0.0152596 0.0795084 0.421204 0.0563832 0.130959
9.9955E-05 0.470519 9.9955E-05 0.179574 9.9955E-05 9.9955E-05 0.244416 9.9955E-05 0.104992
0.0148645 0.238984 0.00113313 0.10349 9.9973E-05 9.9973E-05 0.578958 0.0622701 9.9973E-05
0.037348 0.242454 0.00317768 0.146363 9.9982E-05 9.9982E-05 0.489834 0.0307026 0.0499206
0.0235985 0.274469 9.9964E-05 0.0894719 0.0245062 9.9964E-05 0.587555 9.9964E-05 9.9964E-05
0.0684369 0.497415 9.9964E-05 0.196017 9.9964E-05 9.9964E-05 0.172393 9.9964E-05 0.0653385
0.0633057 0.111385 0.0170328 0.0573269 0.00516351 0.036711 0.666001 0.0177785 0.0252958
0.037893 0.129641 0.00528573 0.0586082 0.00914066 9.9991E-05 0.631387 0.0983543 0.0295901
0.0178726 9.9955E-05 0.00777986 9.9955E-05 9.9955E-05 0.944188 0.02966 9.9955E-05 9.9955E-05
9.9964E-05 0.0300781 0.00108856 9.9964E-05 9.9964E-05 0.917799 0.0291169 9.9964E-05 0.021518
0.0122373 0.00150524 0.0217858 9.9991E-05 0.0418892 0.529783 0.327271 0.00653446 0.0588937
9.9946E-05 9.9946E-05 9.9946E-05 9.9946E-05 9.9946E-05 0.627965 0.325235 9.9946E-05 0.0462004
0.00587694 9.9964E-05 9.9964E-05 9.9964E-05 0.00130313 0.818575 0.15516 9.9964E-05 0.0186846
9.993E-05 9.993E-05 9.993E-05 9.993E-05 9.993E-05 0.999201 9.993E-05 9.993E-05 9.993E-05
9.9937E-05 9.9937E-05 9.9937E-05 9.9937E-05 9.9937E-05 0.966446 9.9937E-05 9.9937E-05 0.032854
9.9937E-05 9.9937E-05 9.9937E-05 9.9937E-05 9.9937E-05 0.85309 0.146211 9.9937E-05 9.9937E-05
9.9955E-05 9.9955E-05 0.011325 9.9955E-05 0.00729807 0.933269 9.9955E-05 9.9955E-05 0.0476077
9.993E-05 9.993E-05 9.993E-05 9.993E-05 9.993E-05 0.999201 9.993E-05 9.993E-05 9.993E-05
9.993E-05 9.993E-05 9.993E-05 9.993E-05 9.993E-05 0.999201 9.993E-05 9.993E-05 9.993E-05
9.9964E-05 9.9964E-05 9.9964E-05 9.9964E-05 0.00267758 0.751743 0.225633 0.00794413 0.0116024
9.9982E-05 9.9982E-05 0.0192156 0.00188856 0.00893618 0.786559 0.136304 0.0133905 0.0335058
9.993E-05 9.993E-05 9.993E-05 9.993E-05 9.993E-05 0.999201 9.993E-05 9.993E-05 9.993E-05
0.0332427 0.0319241 9.9991E-05 0.0231259 0.0119184 0.367623 0.36771 0.0659593 0.0983969
9.9982E-05 9.9982E-05 0.0157214 0.00305974 0.00639113 0.611569 0.278545 0.0643415 0.0201726
9.9964E-05 9.9964E-05 0.0194397 9.9964E-05 0.00890888 0.767449 0.170151 0.0336513 9.9964E-05
9.9955E-05 9.9955E-05 9.9955E-05 9.9955E-05 0.00561457 0.880836 0.0933252 0.019724 9.9955E-05
9.993E-05 9.993E-05 9.993E-05 9.993E-05 9.993E-05 0.999201 9.993E-05 9.993E-05 9.993E-05
9.9964E-05 9.9964E-05 0.0190503 0.00296996 0.0032466 0.939245 0.0350887 9.9964E-05 9.9964E-05
9.993E-05 9.993E-05 9.993E-05 9.993E-05 9.993E-05 0.999201 9.993E-05 9.993E-05 9.993E-05
0.00839873 0.0192246 0.0250599 9.9991E-05 0.00784871 0.638932 0.222425 0.0391397 0.038871
0.0240995 9.99467E-05 9.99467E-05 9.99467E-05 0.00819737 0.967103 9.99467E-05 9.99467E-05 9.99467E-05
9.9955E-05 0.404515 9.9955E-05 0.321342 9.9955E-05 0.016894 9.9955E-05 0.256749 9.9955E-05
0.0292904 0.153069 0.0286863 0.121759 0.0242778 0.0868979 0.36789 0.149516 0.0386142
9.9973E-05 0.178877 9.9973E-05 0.146093 0.003733 0.0186086 0.501168 0.151221 9.9973E-05
9.9973E-05 0.288211 9.9973E-05 0.287769 9.9973E-05 0.0954404 0.168551 0.136271 0.0234574
0.0851557 0.0510163 0.00574413 0.0945109 0.0282847 0.106033 0.454234 0.111205 0.0638159
0.00583779 0.297769 9.9991E-05 0.267832 0.014674 0.0722387 0.12293 0.202531 0.0160884
9.9991E-05 0.148211 0.043735 0.0968923 0.00248142 0.0642256 0.451527 0.117367 0.0754606
9.9973E-05 0.226756 0.0556926 0.187242 9.9973E-05 0.0825424 0.324252 0.123215 9.9973E-05
9.9973E-05 0.162503 9.9973E-05 0.120588 0.0253177 0.0706653 0.472418 0.148207 9.9973E-05
0.0111016 0.145715 0.0525937 0.171434 0.0165926 0.0689999 0.39768 0.135784 9.9991E-05
0.0961677 0.0922828 0.000230204 0.0977275 0.0394111 0.107245 0.407838 0.11585 0.043248
9.9973E-05 0.00236098 0.0842631 0.0154463 0.00616472 9.9973E-05 0.0665732 0.824892 9.9973E-05
0.0113868 0.00352768 0.0670082 0.0301474 0.0296904 0.0686766 9.9982E-05 0.789363 9.9982E-05
9.9955E-05 9.9955E-05 0.112144 9.9955E-05 0.0430092 9.9955E-05 0.00686066 0.837486 9.9955E-05
9.9955E-05 9.9955E-05 0.0394005 0.0535268 0.00958278 9.9955E-05 9.9955E-05 0.89699 9.9955E-05
9.9964E-05 9.9964E-05 0.0645639 9.9964E-05 0.0657973 9.9964E-05 0.0685946 0.775635 0.0250095
9.9946E-05 9.9946E-05 0.19573 9.9946E-05 0.0517062 9.9946E-05 9.9946E-05 0.751964 9.9946E-05
9.9955E-05 9.9955E-05 0.103044 9.9955E-05 0.0588712 9.9955E-05 0.041918 0.795667 9.9955E-05
9.9973E-05 0.000748365 0.0861666 0.0168601 0.0606581 9.9973E-05 9.9973E-05 0.801019 0.0342477
0.0297125 9.9982E-05 0.108727 0.0309813 0.0337955 0.0402448 9.9982E-05 0.754302 0.00203726
9.9964E-05 9.9964E-05 0.16704 0.0944673 0.0223162 9.9964E-05 9.9964E-05 0.706255 0.00952174
0.0559134 0.052854 0.0367499 0.00156562 9.9973E-05 9.9973E-05 9.9973E-05 0.592115 0.260502
9.9955E-05 0.0516619 9.9955E-05 9.9955E-05 0.0292496 9.9955E-05 9.9955E-05 0.597509 0.321079
0.0485246 0.0287666 0.00402195 0.0557189 0.020441 9.9982E-05 9.9982E-05 0.507269 0.335057
0.0217 0.109803 0.0286641 9.9964E-05 9.9964E-05 9.9964E-05 9.9964E-05 0.477954 0.361479
0.293397 9.9964E-05 9.9964E-05 9.9964E-05 0.0207089 9.9964E-05 0.45914 0.0617079 0.164646
0.360086 0.00444136 9.9973E-05 9.9973E-05 9.9973E-05 0.0434585 0.421804 0.0809323 0.0889785
0.215377 9.9973E-05 9.9973E-05 9.9973E-05 0.011567 0.0241258 0.555983 0.0211735 0.171474
0.274234 9.9973E-05 9.9973E-05 0.0298576 0.0145801 9.9973E-05 0.35754 0.0243207 0.299167
0.0656965 0.0762443 9.9973E-05 0.000862373 9.9973E-05 0.0191317 0.215258 9.9973E-05 0.622507
0.170203 0.0390849 0.00021312 9.9982E-05 9.9982E-05 0.0198434 0.682848 0.0768419 0.0107657
0.22842 0.0200803 9.9973E-05 9.9973E-05 0.00889556 0.0138068 0.595418 9.9973E-05 0.13308
0.26409 0.102505 9.9982E-05 0.0528176 0.00428642 0.00767391 0.523199 9.9982E-05 0.0452279
0.537132 0.1034 9.9955E-05 9.9955E-05 9.9955E-05 0.0175953 0.341372 9.9955E-05 9.9955E-05
0.11881 0.0875493 0.031457 0.0316686 0.03328 0.013546 0.597408 9.9991E-05 0.086182
0.490701 9.9973E-05 0.0108356 9.9973E-05 9.9973E-05 0.0113106 0.399325 0.0144643 0.0730641
0.760877 0.238423 9.9937E-05 9.9937E-05 9.9937E-05 9.9937E-05 9.9937E-05 9.9937E-05 9.9937E-05
0.157169 0.0154446 9.9982E-05 9.9982E-05 0.025416 0.00393866 0.60668 0.0778754 0.113276
0.650838 0.129835 9.9955E-05 0.0605267 9.9955E-05 9.9955E-05 0.1583 9.9955E-05 9.9955E-05
0.342052 0.0757743 0.0446036 9.9973E-05 0.0349445 9.9973E-05 0.495194 9.9973E-05 0.00713193
0.65641 9.9946E-05 9.9946E-05 9.9946E-05 9.9946E-05 9.9946E-05 0.131679 9.9946E-05 0.211312
9.9955E-05 0.0928774 0.118025 9.9955E-05 9.9955E-05 9.9955E-05 9.9955E-05 0.0549471 0.73365
9.9964E-05 0.0903445 0.167087 9.9964E-05 9.9964E-05 9.9964E-05 0.049929 0.00262204 0.689618
0.0189852 0.0825633 0.143704 9.9973E-05 9.9973E-05 9.9973E-05 0.0147974 0.000625815 0.739024
9.9955E-05 0.0774337 0.142905 9.9955E-05 9.9955E-05 9.9955E-05 9.9955E-05 0.0287346 0.750427
9.9955E-05 0.0593178 0.11409 9.9955E-05 9.9955E-05 9.9955E-05 0.0850571 9.9955E-05 0.741035
9.9964E-05 0.0818277 0.124874 9.9964E-05 9.9964E-05 0.0210839 0.0863195 9.9964E-05 0.685495
0.0427079 9.9973E-05 0.00408813 9.9973E-05 0.0143555 0.0673618 0.0155747 0.855612 9.9973E-05
0.0418742 9.9964E-05 9.9964E-05 0.0182428 9.9964E-05 0.0160786 0.0910009 0.832404 9.9964E-05
0.0366299 0.000495904 0.0237209 0.0189068 0.0367127 0.0540211 0.0903693 0.739043 9.9991E-05
0.0486278 9.9964E-05 9.9964E-05 9.9964E-05 0.00335746 0.0788117 0.0110839 0.857719 9.9964E-05
9.9964E-05 9.9964E-05 9.9964E-05 0.00725671 0.0124139 0.0379218 0.131167 0.81084 9.9964E-05
0.019045 0.0463884 0.0373005 9.9973E-05 0.0232346 9.9973E-05 9.9973E-05 0.375393 0.498339
9.9964E-05 0.0455455 0.0302257 9.9964E-05 0.0154139 9.9964E-05 9.9964E-05 0.417109 0.491306
9.9982E-05 0.0285547 0.0506341 0.00255209 0.034977 9.9982E-05 0.0179548 0.38647 0.478657
9.993E-05 9.993E-05 9.993E-05 9.993E-05 0.999201 9.993E-05 9.993E-05 9.993E-05 9.993E-05
0.00421269 0.0582364 0.132025 9.9973E-05 0.034793 9.9973E-05 9.9973E-05 0.277107 0.493326
9.9973E-05 9.9973E-05 0.0455367 0.226903 0.0123453 0.222454 0.32573 0.16673 9.9973E-05
9.9991E-05 0.0254511 0.057853 0.062243 0.0123124 0.149311 0.558639 0.101194 0.0328961
9.9973E-05 9.9973E-05 0.0562242 0.00213753 0.00342424 0.222396 0.558371 0.157147 9.9973E-05
0.0102604 0.0726357 0.0129297 0.101468 9.9982E-05 0.243191 0.293869 0.265446 9.9982E-05
0.0189429 0.0468389 0.00639367 0.0100557 0.0479021 0.136732 0.529149 0.115221 0.0887645
9.9973E-05 0.0433335 0.0617675 0.338163 0.015236 0.269821 9.9973E-05 0.27138 9.9973E-05
0.047585 0.118036 0.00889379 9.9964E-05 9.9964E-05 9.9964E-05 0.461797 9.9964E-05 0.363289
0.0406035 0.237257 9.9964E-05 0.0716617 9.9964E-05 9.9964E-05 0.437486 9.9964E-05 0.212592
0.0957278 0.02607 9.9973E-05 9.9973E-05 0.00763476 9.9973E-05 0.302349 0.020094 0.547825
0.0743388 0.219668 0.00715896 0.0393565 9.9982E-05 0.0159513 0.507366 9.9982E-05 0.13596
0.0685903 0.486506 9.9955E-05 0.111097 9.9955E-05 9.9955E-05 9.9955E-05 9.9955E-05 0.333307
0.0575015 0.0201086 0.0493504 0.067986 0.0514728 0.0150677 0.58883 0.000401615 0.149282
0.0687508 0.137038 9.9982E-05 0.0522215 9.9982E-05 0.0107887 0.564523 0.012921 0.153556
0.0769606 0.0130466 9.9982E-05 0.0299131 0.0315728 9.9982E-05 0.339323 0.0214702 0.487514
0.108182 0.0180106 9.9982E-05 0.0548592 9.9982E-05 0.040826 0.502256 0.0942129 0.181453
0.187895 0.294165 9.9964E-05 0.121499 9.9964E-05 9.9964E-05 0.100476 9.9964E-05 0.295565
0.0882014 0.125803 0.00221318 0.0794742 9.9973E-05 9.9973E-05 0.563727 9.9973E-05 0.140281
0.0292394 0.0458 0.0154133 0.0385978 0.000180643 9.9982E-05 0.51727 9.9982E-05 0.353299
0.0748502 0.0494295 0.028688 0.150694 9.9991E-05 0.115759 0.459995 0.0435707 0.0769137
0.15546 0.164483 9.9964E-05 0.135178 9.9964E-05 9.9964E-05 0.321015 9.9964E-05 0.223464
0.0913694 0.151623 9.9964E-05 0.0820561 9.9964E-05 9.9964E-05 0.47017 9.9964E-05 0.204382
0.0424058 0.132815 0.00440158 0.0329223 9.9982E-05 9.9982E-05 0.622045 0.0158496 0.14936
0.0861896 0.11668 0.0114703 0.035691 0.00791364 9.9982E-05 0.555868 9.9982E-05 0.185987
0.0332942 0.117428 9.99853E-05 0.0417628 0.0286252 0.015004 0.656568 9.99853E-05 0.107117
0.082379 0.0423569 0.067838 0.0107405 0.00213319 0.0474987 0.538144 0.0493313 0.159578
0.0861158 0.00679157 9.9973E-05 0.0510191 9.9973E-05 9.9973E-05 0.577186 0.100204 0.178384
9.993E-05 9.993E-05 0.999201 9.993E-05 9.993E-05 9.993E-05 9.993E-05 9.993E-05 9.993E-05
9.993E-05 9.993E-05 0.999201 9.993E-05 9.993E-05 9.993E-05 9.993E-05 9.993E-05 9.993E-05
0.0101329 9.9964E-05 0.48551 0.0345562 0.0386949 9.9964E-05 9.9964E-05 0.430706 9.9964E-05
9.9946E-05 9.9946E-05 0.97194 9.9946E-05 0.00992125 9.9946E-05 9.9946E-05 0.0175388 9.9946E-05
9.9937E-05 9.9937E-05 0.939426 9.9937E-05 9.9937E-05 9.9937E-05 9.9937E-05 0.059874 9.9937E-05
0.116553 9.9973E-05 9.9973E-05 0.100337 0.00441696 0.0245125 0.171771 9.9973E-05 0.58211
0.0176992 0.0613024 0.0216735 0.0732467 0.0155229 0.048047 0.535311 9.9991E-05 0.227097
9.9991E-05 0.0809234 0.0348767 0.0762598 0.00791286 0.164574 0.474809 0.145293 0.0152505
0.0183057 0.0355262 0.00389156 9.9991E-05 0.0393124 0.0306305 0.651772 0.0135679 0.206893
0.0546202 9.9982E-05 0.0084704 0.025572 0.0282957 0.00635891 0.538336 9.9982E-05 0.338147
0.0602977 0.199943 9.9964E-05 0.156129 9.9964E-05 9.9964E-05 0.310534 9.9964E-05 0.272697
0.10493 9.9973E-05 0.0104289 0.0987635 0.0228043 9.9973E-05 0.0441936 9.9973E-05 0.71858
0.0572815 9.9982E-05 0.0594877 0.0536451 0.00910887 0.00963789 0.471556 9.9982E-05 0.339082
0.0121881 0.038587 0.0426065 0.0228197 9.9982E-05 0.04429 0.247476 9.9982E-05 0.591833
0.0453664 0.159257 0.00928228 0.0725279 0.0263239 0.00501964 0.486307 0.0138366 0.182079
9.9973E-05 0.0817745 0.0483135 0.0441868 9.9973E-05 9.9973E-05 0.174096 0.0241686 0.62716
0.0363054 9.9982E-05 0.0156985 0.00797162 9.9982E-05 0.0462615 0.563817 0.0318773 0.297869
0.127761 0.0347907 9.9991E-05 0.0633564 0.0234845 0.010064 0.168561 0.00840551 0.563477
0.0903805 0.204441 0.0260281 0.0790301 9.9982E-05 0.0963037 0.224644 9.9982E-05 0.278973
0.0629413 0.1473 0.0233421 0.120105 0.0238965 9.9991E-05 0.54021 0.0119217 0.0701832
0.0854492 0.413808 9.9973E-05 0.143264 9.9973E-05 9.9973E-05 0.279086 0.00847239 0.0696203
0.071974 0.239136 0.00782952 0.11972 9.9973E-05 9.9973E-05 0.52687 0.0341709 9.9973E-05
0.0179478 0.114373 0.0144917 0.110332 0.00523673 9.9991E-05 0.565709 0.08898 0.0828293
0.099167 0.424154 9.9964E-05 0.183888 9.9964E-05 9.9964E-05 0.227585 9.9964E-05 0.0648066
0.0618239 0.16376 0.0589707 0.0373984 0.0289883 0.0351194 0.522048 0.0359258 0.0559657
0.0870021 0.206531 9.9982E-05 0.0901755 0.0129594 9.9982E-05 0.498249 0.01072 0.094163
0.108494 0.582678 9.9964E-05 0.153742 9.9964E-05 9.9964E-05 0.114385 9.9964E-05 0.0403016
0.0848456 0.498753 9.9964E-05 0.20131 9.9964E-05 9.9964E-05 0.159171 9.9964E-05 0.0555211
0.0353515 0.307181 9.9982E-05 0.102648 0.00176332 9.9982E-05 0.435053 0.0211306 0.0966728
0.214867 0.540008 9.9973E-05 0.139272 0.00605925 9.9973E-05 0.0351187 9.9973E-05 0.0643741
0.0571193 0.276106 9.9964E-05 0.0905912 9.9964E-05 9.9964E-05 0.451532 9.9964E-05 0.124252
0.0710429 9.9973E-05 9.9973E-05 0.0631427 0.00181794 0.0100561 0.195076 9.9973E-05 0.658564
0.0559077 0.228045 9.9973E-05 0.0760633 9.9973E-05 0.0551641 0.214445 9.9973E-05 0.370075
0.0392923 9.9973E-05 0.0423881 9.9973E-05 0.00635738 0.0480902 0.422538 9.9973E-05 0.441034
0.0847184 9.9973E-05 0.0183474 9.9973E-05 9.9973E-05 0.104046 0.508088 0.0176636 0.266836
0.184452 9.9955E-05 9.9955E-05 9.9955E-05 9.9955E-05 0.042239 0.213692 9.9955E-05 0.559118
0.0954156 0.0334765 0.0212307 0.111568 9.9991E-05 0.0160279 0.512248 0.0248293 0.185104
9.9982E-05 0.0543639 0.00485787 9.9982E-05 0.0448093 0.000706602 0.622513 0.0484805 0.224069
0.133874 0.0569216 0.00480948 0.00732896 0.0294455 0.0403598 0.526384 9.9991E-05 0.200777
0.0695318 0.0534652 9.9991E-05 0.0195726 0.0193554 0.072117 0.461764 0.00910685 0.294987
0.0277403 9.9973E-05 0.0168506 9.9973E-05 0.0177046 0.0405735 0.47045 9.9973E-05 0.426381
0.136015 9.9973E-05 9.9973E-05 0.0294029 0.0200601 0.0190767 0.276266 9.9973E-05 0.518879
0.037806 0.0106688 0.011672 0.0258509 9.9973E-05 9.9973E-05 0.459482 9.9973E-05 0.45422
0.0488662 0.097508 9.9973E-05 0.072885 0.00153532 9.9973E-05 0.607955 9.9973E-05 0.170951
0.056579 0.0622241 9.9991E-05 0.0560799 0.0226354 0.0510162 0.621543 0.00665519 0.123167
0.118598 0.0393497 0.0325348 0.15286 9.9991E-05 0.0692463 0.315361 0.00221706 0.269732
0.0772864 0.0827973 9.9982E-05 0.0304509 0.00906597 0.0944098 0.479665 9.9982E-05 0.226124
0.0636485 9.9973E-05 9.9973E-05 0.0211272 0.021873 0.0532972 0.368571 9.9973E-05 0.471183
0.0554857 0.00033729 9.9982E-05 0.0455503 9.9982E-05 0.0468318 0.533508 0.0175734 0.300514
0.08635 0.0281445 0.0236842 9.9973E-05 9.9973E-05 0.115161 0.423422 9.9973E-05 0.322939
0.0516859 0.087083 9.9991E-05 0.0372582 0.00837872 0.0410076 0.558636 0.0910794 0.124771
9.9973E-05 9.9973E-05 0.0948949 0.0725813 9.9973E-05 0.0586558 0.478094 0.266735 0.0287383
0.00783512 9.9991E-05 0.0361116 0.158666 0.00110587 0.0802013 0.593268 0.0922078 0.030505
0.032101 0.0862414 0.0484531 0.0645901 0.0240573 0.113871 0.468899 0.116996 0.0447912
9.9991E-05 0.059577 0.0236617 0.116724 0.0295299 0.0893085 0.581312 0.0286907 0.0710964
0.0134385 9.9982E-05 0.0698851 0.193337 0.0107426 0.14468 0.501328 0.0663885 9.9982E-05
0.0160165 0.236779 9.9964E-05 0.0479684 9.9964E-05 9.9964E-05 0.530995 9.9964E-05 0.167841
0.0860833 0.0562656 9.9991E-05 0.0340025 0.00333468 0.105534 0.521799 0.164845 0.0280359
0.0489617 0.163854 0.0500658 0.350508 9.9991E-05 0.113396 0.0929716 0.0923779 0.0877653
9.9991E-05 0.0606152 0.045718 0.105715 0.0202765 0.0767615 0.569931 0.0482105 0.0726724
0.027 0.0115223 0.0604744 0.0889673 0.000187166 0.128196 0.519088 0.0597195 0.104845
0.0118755 0.0539745 0.00545325 0.073315 0.0202571 0.119674 0.554519 0.102892 0.0580403
0.0228454 0.155195 9.9991E-05 0.185161 0.0306982 0.0639673 0.337812 0.126221 0.0780008
9.9982E-05 9.9982E-05 0.0398122 0.139437 0.014012 0.112629 0.545164 0.0942639 0.0544824
9.9991E-05 0.0996012 0.0749647 0.0804181 0.00258039 0.176188 0.492016 0.0403211 0.0338105
9.9964E-05 0.0334542 9.9964E-05 0.545957 0.00126183 0.0682516 9.9964E-05 0.350676 9.9964E-05
0.0384678 9.9991E-05 0.0490867 0.0879715 0.0188688 0.152863 0.498913 0.0950934 0.0586362
9.9982E-05 0.050057 0.0402323 0.0788121 0.0010836 0.154115 0.544183 0.131317 9.9982E-05
0.066954 0.0607249 9.9991E-05 0.0505376 0.00565377 0.0692114 0.604981 0.0998839 0.0419534
9.99654E-05 9.99654E-05 9.99654E-05 0.102286 0.0317335 0.168303 0.566147 0.131131 9.99654E-05
0.026167 0.0209812 0.0336609 0.0679366 0.0311529 0.0832892 0.548367 0.144088 0.0443569
0.0553549 0.466696 0.0179792 9.9973E-05 0.0105733 0.038431 0.410665 9.9973E-05 9.9973E-05
0.0929858 0.205092 9.9982E-05 9.9982E-05 0.0172917 0.0486334 0.48071 0.0691129 0.0859743
9.9946E-05 0.943987 9.9946E-05 9.9946E-05 9.9946E-05 0.00543958 9.9946E-05 9.9946E-05 0.0499738
9.9937E-05 0.97741 9.9937E-05 9.9937E-05 0.0218908 9.9937E-05 9.9937E-05 9.9937E-05 9.9937E-05
9.9973E-05 0.349429 9.9973E-05 9.9973E-05 0.0244138 0.0181522 0.515856 0.0721884 0.0196611
9.9991E-05 0.123137 0.0398651 0.098615 0.00233826 0.289315 0.332547 0.094897 0.0191857
9.9964E-05 0.196096 9.9964E-05 0.0338341 9.9964E-05 0.249256 0.34418 0.176234 9.9964E-05
9.9982E-05 0.206398 0.00662159 0.198309 9.9982E-05 0.291059 0.200747 0.0908908 0.0057739
9.9982E-05 0.17621 0.000138827 0.101302 0.0459614 0.225064 0.354095 0.0970292 9.9982E-05
9.9973E-05 0.748037 9.9973E-05 0.0661293 0.0275244 0.0692434 0.0340304 0.0547354 9.9973E-05
9.9982E-05 0.661382 0.012383 0.0728996 0.055192 0.107075 0.0806492 0.0102199 9.9982E-05
9.9955E-05 0.352087 0.021322 9.9955E-05 9.9955E-05 0.0703145 0.555777 9.9955E-05 9.9955E-05
9.9964E-05 0.4278 0.0352122 9.9964E-05 9.9964E-05 0.106327 0.395352 0.0349087 9.9964E-05
9.9964E-05 0.654954 0.0250727 9.9964E-05 0.0417827 0.103874 0.173917 9.9964E-05 9.9964E-05
0.0215286 0.281631 0.0229514 9.9991E-05 0.030168 0.0350611 0.554802 0.0454594 0.00829826
9.9982E-05 0.289505 0.00930589 9.9982E-05 0.0275176 0.0741818 0.554237 0.0299205 0.0151325
0.0553171 0.296696 0.0727714 9.9991E-05 0.00100003 0.094691 0.44937 0.0295093 0.000545023
9.9955E-05 0.636629 9.9955E-05 9.9955E-05 9.9955E-05 0.0154416 0.344791 9.9955E-05 0.00263848
0.0131366 0.494496 9.9973E-05 9.9973E-05 0.0231496 9.9973E-05 0.402696 0.00295601 0.0632654
0.0131633 0.339059 0.0421038 9.9982E-05 0.0254233 9.9982E-05 0.545691 0.0116502 0.0227098
9.9973E-05 0.392262 9.9973E-05 9.9973E-05 0.00621899 0.0416802 0.431523 0.0124219 0.115594
9.9982E-05 0.24594 0.039389 9.9982E-05 0.00363807 0.0457217 0.512901 0.0943659 0.0578443
0.0550384 0.463176 0.0310383 9.9964E-05 9.9964E-05 9.9964E-05 0.433334 9.9964E-05 0.0170138
9.9955E-05 0.800138 0.00704569 9.9955E-05 0.0213807 9.9955E-05 0.170936 9.9955E-05 9.9955E-05
9.9964E-05 0.340189 0.028127 9.9964E-05 0.00969173 0.000740459 0.620852 9.9964E-05 9.9964E-05
0.0027023 0.759771 9.9964E-05 9.9964E-05 9.9964E-05 0.0413453 0.132476 9.9964E-05 0.0633053
9.9964E-05 0.52206 0.0135665 9.9964E-05 0.00407268 9.9964E-05 0.434949 0.024952 9.9964E-05
0.028195 0.306483 9.9982E-05 9.9982E-05 0.0327926 0.0429983 0.494892 0.0690825 0.0253573
0.0256227 0.307142 0.0327711 9.99897E-05 0.0191311 0.0887106 0.445976 9.99897E-05 0.0804467
9.9991E-05 0.120077 0.0635797 0.0613704 0.0385964 0.116148 0.47867 0.0909484 0.0305101
0.0411203 0.160517 0.0296522 0.0544549 0.0230997 0.130535 0.440498 0.0995938 0.0205283
9.9991E-05 0.13814 0.00216846 0.121049 0.0534052 0.246932 0.298684 0.134183 0.0053387
0.0189126 0.0916673 0.0289759 0.117783 0.030685 0.242373 0.301189 0.121351 0.0470632
9.9973E-05 0.154245 9.9973E-05 9.9973E-05 0.00131823 0.171962 0.445009 0.175983 0.0511833
0.0488705 0.10146 0.00144553 0.102459 0.0210543 0.102162 0.489973 0.118294 0.0142819
9.9964E-05 0.667908 9.9964E-05 0.0391665 0.0279997 0.125317 9.9964E-05 0.139209 9.9964E-05
0.00622689 0.165364 0.0202357 0.00249729 0.00216792 0.212276 0.523648 0.0674842 9.9991E-05
9.9955E-05 0.400734 9.9955E-05 0.222944 9.9955E-05 0.0932235 9.9955E-05 0.282598 9.9955E-05
9.9955E-05 0.298692 9.9955E-05 9.9955E-05 9.9955E-05 0.148053 0.488552 0.0642031 9.9955E-05
9.9937E-05 0.894583 9.9937E-05 9.9937E-05 9.9937E-05 9.9937E-05 0.104717 9.9937E-05 9.9937E-05
0.0424848 0.950326 9.9946E-05 9.9946E-05 0.00658983 9.9946E-05 9.9946E-05 9.9946E-05 9.9946E-05
9.9946E-05 0.506319 9.9946E-05 9.9946E-05 9.9946E-05 9.9946E-05 0.48766 9.9946E-05 0.00542186
9.9964E-05 0.37471 0.0199919 9.9964E-05 0.00576405 0.0207048 0.57843 9.9964E-05 9.9964E-05
9.9937E-05 0.611033 9.9937E-05 9.9937E-05 9.9937E-05 9.9937E-05 0.388268 9.9937E-05 9.9937E-05
0.0186721 0.382509 0.0307537 9.9964E-05 9.9964E-05 0.0085358 0.55913 9.9964E-05 9.9964E-05
9.9937E-05 0.445551 9.9937E-05 9.9937E-05 9.9937E-05 9.9937E-05 0.55375 9.9937E-05 9.9937E-05
9.9982E-05 0.0281472 0.13189 0.00416454 0.0557404 0.0120101 9.9982E-05 0.715116 0.0527313
0.0105247 9.9991E-05 0.0602355 0.0483498 0.0391035 0.0843467 0.0285427 0.653924 0.0748726
9.9964E-05 9.9964E-05 0.102386 9.9964E-05 0.0294615 0.0277584 9.9964E-05 0.829573 0.0104213
9.9964E-05 9.9964E-05 0.135118 0.0568681 0.0521335 9.9964E-05 0.00721094 0.748269 9.9964E-05
0.32095 0.0243609 0.017041 0.0445158 9.9991E-05 0.0364007 0.504455 0.0324892 0.0196882
0.348236 9.9982E-05 0.00532999 0.0203816 0.0015337 9.9982E-05 0.530107 0.0374241 0.0567875
0.456694 9.9955E-05 9.9955E-05 9.9955E-05 0.0318986 9.9955E-05 0.497838 9.9955E-05 0.0130688
0.239733 0.0139218 9.9982E-05 0.00707864 0.0493996 9.9982E-05 0.570472 0.0856222 0.0335728
0.115269 0.054908 0.0205397 0.0569468 0.0303115 9.9991E-05 0.56308 0.0509544 0.107891
0.588096 9.9964E-05 9.9964E-05 9.9964E-05 0.0237602 9.9964E-05 0.268882 0.0178721 0.10099
0.341804 0.00621249 0.0305682 9.9955E-05 9.9955E-05 9.9955E-05 0.620916 9.9955E-05 9.9955E-05
0.552133 0.165498 9.9964E-05 9.9964E-05 0.0214912 0.0068352 0.253643 9.9964E-05 9.9964E-05
9.9991E-05 0.0429417 0.0740241 0.0776674 0.0286529 0.155298 0.386646 0.197412 0.0372577
0.340876 0.170088 9.9973E-05 0.0214992 9.9973E-05 0.0285589 0.429713 9.9973E-05 0.0089657
0.52763 9.9955E-05 9.9955E-05 9.9955E-05 0.0194912 9.9955E-05 0.360642 9.9955E-05 0.0917373
0.403836 0.0886799 9.9955E-05 9.9955E-05 9.9955E-05 0.00479328 0.502191 9.9955E-05 9.9955E-05
0.481435 9.9982E-05 0.0162812 9.9982E-05 0.0042918 0.0198472 0.374351 0.00439907 0.0991953
0.371141 0.0459618 0.0137093 9.9964E-05 9.9964E-05 0.00679699 0.561991 9.9964E-05 9.9964E-05
0.395461 9.9973E-05 0.0734897 9.9973E-05 0.011825 9.9973E-05 0.497488 0.0205698 0.000865805
0.843712 0.131669 9.9946E-05 0.0240197 9.9946E-05 9.9946E-05 9.9946E-05 9.9946E-05 9.9946E-05
0.541522 0.125531 9.9955E-05 0.0234568 9.9955E-05 9.9955E-05 0.308991 9.9955E-05 9.9955E-05
0.610993 0.0355977 9.9973E-05 0.0133768 0.00287953 0.0173776 0.319476 9.9973E-05 9.9973E-05
0.801532 0.186295 9.9946E-05 0.0115731 9.9946E-05 9.9946E-05 9.9946E-05 9.9946E-05 9.9946E-05
0.462831 9.9973E-05 0.0466835 9.9973E-05 0.00550035 9.9973E-05 0.357658 0.0401525 0.0868748
0.65091 0.238189 9.9955E-05 0.0688719 9.9955E-05 9.9955E-05 0.0415289 9.9955E-05 9.9955E-05
0.819391 0.120521 9.9946E-05 0.0594888 9.9946E-05 9.9946E-05 9.9946E-05 9.9946E-05 9.9946E-05
0.335473 0.0458859 0.0326116 9.9973E-05 9.9973E-05 0.00814421 0.55956 0.0180251 9.9973E-05
0.625102 9.9973E-05 9.9973E-05 9.9973E-05 0.00415544 0.0256087 0.144207 0.0345144 0.166113
0.429778 9.9964E-05 9.9964E-05 9.9964E-05 0.00478077 9.9964E-05 0.470388 0.0155341 0.0791198
0.216335 0.0287141 0.0288474 0.0506305 0.0445645 9.9982E-05 0.558091 0.0726174 9.9982E-05
0.381874 9.9964E-05 0.0147712 9.9964E-05 9.9964E-05 9.9964E-05 0.516975 0.0240856 0.0618947
0.0309032 0.206182 9.9964E-05 0.107004 9.9964E-05 9.9964E-05 0.36319 9.9964E-05 0.29232
0.351002 0.0232877 0.00111508 9.9982E-05 9.9982E-05 0.0168424 0.531075 0.0301759 0.0463014
0.361511 9.9973E-05 0.0432208 9.9973E-05 0.00573929 9.9973E-05 0.504812 0.0024092 0.0820076
0.599598 0.111423 9.9946E-05 9.9946E-05 9.9946E-05 9.9946E-05 0.288379 9.9946E-05 9.9946E-05
0.286445 0.0207625 0.0237227 0.00547271 0.0144371 0.0137275 0.488476 0.106394 0.0405633
9.9964E-05 0.023672 0.0936049 9.9964E-05 0.0492092 9.9964E-05 9.9964E-05 0.562625 0.270489
0.0215628 9.9973E-05 0.100982 0.0433199 0.0700536 9.9973E-05 9.9973E-05 0.609389 0.154393
9.9964E-05 9.9964E-05 0.0884334 0.0309361 0.18416 9.9964E-05 9.9964E-05 0.60203 0.0940409
9.9964E-05 0.016085 0.0208856 9.9964E-05 0.112288 9.9964E-05 9.9964E-05 0.730222 0.120119
0.0151907 0.0110285 0.0114126 0.00929287 0.0395912 9.9991E-05 0.0190554 0.727401 0.166928
0.649586 9.9964E-05 0.0173149 9.9964E-05 9.9964E-05 9.9964E-05 0.142191 0.0524721 0.138036
