9.9955E-05 9.9955E-05 0.741055 9.9955E-05 0.0495494 0.015897 0.192999 9.9955E-05 9.9955E-05
9.9937E-05 9.9937E-05 0.725444 9.9937E-05 9.9937E-05 9.9937E-05 0.273857 9.9937E-05 9.9937E-05
0.0391202 0.0213855 0.678669 9.9982E-05 9.9982E-05 0.00414912 0.200984 0.0483675 0.00712429
0.134461 0.0329271 0.706756 9.9964E-05 9.9964E-05 9.9964E-05 0.112839 9.9964E-05 0.0126176
0.0627669 0.0275175 0.744268 9.9955E-05 9.9955E-05 9.9955E-05 0.164948 9.9955E-05 9.9955E-05
0.0858243 0.0751681 0.587563 0.00716113 9.9991E-05 0.0519531 0.0545874 0.0115519 0.126091
0.0225772 0.043053 0.784275 9.9973E-05 9.9973E-05 9.9973E-05 0.00118942 0.0148056 0.133799
0.0408609 0.0926837 0.717562 9.9973E-05 0.00655571 9.9973E-05 0.0283284 9.9973E-05 0.113709
9.99639E-05 0.0990129 0.720326 9.99639E-05 0.00298009 9.99639E-05 0.125616 9.99639E-05 0.0516652
0.0712828 0.067673 0.751863 0.0160494 9.9964E-05 9.9964E-05 9.9964E-05 9.9964E-05 0.0927321
0.109141 0.0390031 0.663237 9.9964E-05 9.9964E-05 9.9964E-05 0.0779154 9.9964E-05 0.110304
0.0172424 9.9955E-05 0.0298476 9.9955E-05 0.946655 0.00575483 9.9955E-05 9.9955E-05 9.9955E-05
0.426266 9.9973E-05 0.065006 0.00192201 0.46446 0.0220871 0.0199586 9.9973E-05 9.9973E-05
0.0195632 9.9955E-05 0.00840176 9.9955E-05 0.900539 0.0709964 9.9955E-05 9.9955E-05 9.9955E-05
0.0807167 9.9964E-05 0.0186132 9.9964E-05 0.777439 0.120083 0.00274817 9.9964E-05 9.9964E-05
0.251066 9.9964E-05 0.0559845 9.9964E-05 0.536213 0.123568 0.0327686 9.9964E-05 9.9964E-05
0.475891 9.9982E-05 0.00128169 0.0328231 0.391516 0.0428135 0.0264068 9.9982E-05 0.0290681
0.372363 9.9973E-05 0.0216524 9.9973E-05 0.520428 0.0117797 9.9973E-05 0.0488263 0.0246505
0.077682 9.9955E-05 0.0823694 9.9955E-05 0.762159 0.0772901 9.9955E-05 9.9955E-05 9.9955E-05
9.9955E-05 0.0549515 0.00317371 9.9955E-05 0.901334 9.9955E-05 9.9955E-05 9.9955E-05 0.0400412
0.301522 0.0120515 0.0185679 9.9982E-05 0.546063 0.0268683 9.9982E-05 0.0484736 0.0462539
0.345634 9.9964E-05 9.9964E-05 0.0489775 0.414035 0.0370298 9.9964E-05 9.9964E-05 0.153924
0.438787 0.0157477 9.9982E-05 9.9982E-05 0.353939 0.0300932 0.0366073 0.111169 0.0134572
0.0184271 9.9955E-05 0.0348168 9.9955E-05 0.884072 0.0621848 9.9955E-05 9.9955E-05 9.9955E-05
0.589219 0.0147201 0.0634115 0.0256145 0.206345 0.0649177 0.0195135 9.9991E-05 0.0161594
0.409877 9.9955E-05 9.9955E-05 9.9955E-05 0.544286 0.013277 0.0320604 9.9955E-05 9.9955E-05
0.0429143 9.9955E-05 0.0278068 9.9955E-05 0.905214 9.9955E-05 0.0235654 9.9955E-05 9.9955E-05
0.0818998 9.9955E-05 9.9955E-05 9.9955E-05 0.830025 0.0498684 0.0377066 9.9955E-05 9.9955E-05
0.0378916 9.9955E-05 0.0178868 9.9955E-05 0.908156 9.9955E-05 9.9955E-05 9.9955E-05 0.0355661
0.0961516 9.9937E-05 0.903149 9.9937E-05 9.9937E-05 9.9937E-05 9.9937E-05 9.9937E-05 9.9937E-05
0.114839 9.9937E-05 0.884461 9.9937E-05 9.9937E-05 9.9937E-05 9.9937E-05 9.9937E-05 9.9937E-05
0.0861875 0.000676474 0.730818 9.9973E-05 0.0173779 0.0692705 0.0953701 9.9973E-05 9.9973E-05
0.168062 9.9955E-05 0.750454 9.9955E-05 9.9955E-05 0.0694586 0.0115261 9.9955E-05 9.9955E-05
0.462982 0.0320026 0.0555545 0.0028225 0.103967 9.9991E-05 0.0260845 0.260641 0.055846
0.482821 0.0325456 0.0960441 9.9982E-05 0.079711 0.0396716 9.9982E-05 0.242344 0.026663
0.507003 0.00754777 9.9973E-05 0.011059 9.9973E-05 0.0333443 9.9973E-05 0.397307 0.0434385
0.0497321 0.202125 0.0330764 0.00334786 0.646568 9.9982E-05 0.0259629 0.0389879 9.9982E-05
0.251196 9.9955E-05 9.9955E-05 0.0285094 9.9955E-05 9.9955E-05 9.9955E-05 0.598895 0.1209
0.44673 0.0329355 0.0649272 9.9982E-05 0.133781 0.0524905 0.0226007 0.246335 9.9982E-05
0.719244 0.0241479 0.0215163 9.9982E-05 9.9982E-05 0.000317671 0.0255537 0.187311 0.0217092
0.56038 0.0461203 0.0621463 9.9982E-05 0.0816823 9.9982E-05 0.0212328 0.0160777 0.212161
0.57551 0.0183813 0.0536758 0.0212151 0.128074 9.9991E-05 0.0243195 0.0958476 0.0828771
0.100164 0.0469374 0.0395907 9.9964E-05 0.191619 9.9964E-05 9.9964E-05 0.62129 9.9964E-05
0.64278 0.0253031 0.0492369 9.9973E-05 0.0399405 9.9973E-05 0.00174354 9.9973E-05 0.240696
0.565593 0.00620576 0.0474594 0.0086557 0.00255581 0.0411699 0.00355142 0.269417 0.0553927
0.568532 0.0230072 0.0910905 0.0393473 0.0631317 0.0218053 0.0473822 0.101545 0.0441588
0.299922 9.9955E-05 9.9955E-05 0.0431249 9.9955E-05 9.9955E-05 9.9955E-05 0.622586 0.0338673
0.567675 0.0355311 0.070717 9.9973E-05 0.0323434 9.9973E-05 0.0193848 0.274049 9.9973E-05
0.558853 0.039609 0.163272 0.0409814 9.9991E-05 0.0228097 0.0122513 0.107379 0.0547446
9.9955E-05 0.00445958 9.9955E-05 0.0241628 9.9955E-05 9.9955E-05 9.9955E-05 0.626137 0.344741
0.0900749 0.297656 9.9973E-05 0.0549533 0.487639 9.9973E-05 9.9973E-05 0.0419446 0.0274321
0.0641018 9.9982E-05 9.9982E-05 0.134393 0.449332 0.043716 0.0046337 0.0968327 0.206791
0.481298 0.0666789 0.041564 0.0909127 0.133528 0.0801449 0.0352145 0.0309455 0.0397128
0.515102 0.0907374 9.9991E-05 0.0540636 0.146002 0.0628637 0.0561149 0.0187902 0.0562269
0.5735 9.9991E-05 0.0238166 0.0534663 0.158446 0.0401034 0.0585336 0.0108566 0.081177
0.13083 0.251772 0.103458 9.9982E-05 0.413279 9.9982E-05 0.0114474 0.0581962 0.0308174
0.466317 0.0964721 9.9973E-05 0.027366 0.378302 9.9973E-05 0.0179846 0.0132584 9.9973E-05
0.506577 0.0252154 0.0311099 9.9982E-05 0.215282 0.0714015 0.0369303 0.113284 9.9982E-05
0.378624 0.0876637 0.0780692 0.0542794 0.315302 9.9991E-05 0.0187392 0.0248801 0.0423427
0.0402614 0.165523 0.0712883 9.9991E-05 0.532976 0.00757717 0.079378 0.0303711 0.0725249
0.505478 0.0507921 0.0343478 0.00987334 0.180902 0.0214509 0.0352457 0.128137 0.0337721
0.394177 0.036765 0.0682037 0.0501494 0.359289 0.0264878 9.9991E-05 0.0360568 0.0287718
9.9973E-05 0.129522 0.0806205 0.00749794 0.636274 9.9973E-05 9.9973E-05 0.055946 0.0898397
0.347473 0.122805 9.9964E-05 0.0675414 0.447125 9.9964E-05 9.9964E-05 0.0146555 9.9964E-05
0.515773 0.022778 0.0384569 0.121923 0.137246 0.0728233 9.9991E-05 0.0490023 0.0418979
0.588855 0.0355305 0.056474 0.0382428 0.212352 9.9982E-05 0.0240487 9.9982E-05 0.0442974
0.168013 0.0490786 0.0928864 9.9982E-05 0.53339 0.0387967 9.9982E-05 0.0919349 0.0257009
0.415276 0.0651963 0.0218692 0.054436 0.315784 0.0448919 0.00656714 0.0649946 0.0109849
0.454746 0.0530237 9.9982E-05 0.0676359 0.226718 0.0467697 0.056827 0.0940792 9.9982E-05
0.108256 0.116643 9.9982E-05 0.046147 0.610428 9.9982E-05 0.0423919 0.0557128 0.0202215
0.440691 0.00756263 0.00386823 9.9973E-05 0.0429729 9.9973E-05 0.0276889 0.476916 9.9973E-05
0.144354 9.9964E-05 9.9964E-05 9.9964E-05 0.0980268 0.00971385 0.0471094 0.700396 9.9964E-05
0.483231 0.0303683 0.0283278 9.9982E-05 9.9982E-05 0.0570497 0.0424706 0.314187 0.0441657
9.9946E-05 9.9946E-05 9.9946E-05 0.0360474 9.9946E-05 9.9946E-05 9.9946E-05 0.85825 0.105102
9.9946E-05 9.9946E-05 9.9946E-05 0.06632 9.9946E-05 9.9946E-05 9.9946E-05 0.846958 0.0861224
0.199264 9.9955E-05 9.9955E-05 0.0409123 9.9955E-05 9.9955E-05 9.9955E-05 0.707105 0.0522194
0.433743 0.00756004 0.0170232 9.9973E-05 0.0647795 9.9973E-05 0.0423552 0.43424 9.9973E-05
0.553049 0.020908 0.0785346 9.9982E-05 0.071328 0.0326346 9.9982E-05 0.148337 0.095009
0.455712 9.9973E-05 9.9973E-05 0.0291347 0.0281255 0.0308685 9.9973E-05 0.440919 0.01494
0.099413 0.0704513 0.0466617 9.9964E-05 0.201267 9.9964E-05 9.9964E-05 0.581807 9.9964E-05
0.250142 0.074954 0.0152824 9.9973E-05 0.0914398 9.9973E-05 0.0233813 0.544501 9.9973E-05
0.487302 0.0789639 0.0397259 9.9982E-05 0.0361613 0.045253 0.0113836 0.30101 9.9982E-05
0.310955 9.9964E-05 0.027714 9.9964E-05 0.10178 9.9964E-05 0.0298904 0.529261 9.9964E-05
0.419215 0.0373065 9.9964E-05 9.9964E-05 0.0785664 9.9964E-05 0.02678 0.437733 9.9964E-05
0.460898 9.9964E-05 9.9964E-05 0.023546 9.9964E-05 9.9964E-05 0.00148707 0.476424 0.0372447
9.9946E-05 9.9946E-05 9.9946E-05 0.125196 9.9946E-05 9.9946E-05 9.9946E-05 0.6508 0.223404
0.613806 0.0140209 0.0378893 0.0454966 0.000225824 9.9991E-05 0.0153202 0.24535 0.0277913
0.0686186 0.062204 0.734731 9.9964E-05 0.0166608 9.9964E-05 0.117386 9.9964E-05 9.9964E-05
0.0613685 9.9946E-05 0.933759 9.9946E-05 9.9946E-05 9.9946E-05 0.00427327 9.9946E-05 9.9946E-05
0.107628 9.9946E-05 0.871503 9.9946E-05 9.9946E-05 0.0202692 9.9946E-05 9.9946E-05 9.9946E-05
0.0221297 9.9955E-05 0.918425 9.9955E-05 9.9955E-05 0.0496539 0.00929166 9.9955E-05 9.9955E-05
9.9955E-05 9.9955E-05 0.892974 9.9955E-05 0.0030951 0.0384457 0.0649853 9.9955E-05 9.9955E-05
0.096576 9.9955E-05 0.850477 9.9955E-05 9.9955E-05 0.020779 0.0316684 9.9955E-05 9.9955E-05
0.0596084 9.9946E-05 0.907142 9.9946E-05 9.9946E-05 9.9946E-05 0.0326496 9.9946E-05 9.9946E-05
0.513267 0.00574284 0.087334 9.9982E-05 0.0901676 9.9982E-05 0.0278004 0.237164 0.0383239
0.556145 9.9991E-05 0.0974834 0.0233725 0.0208941 0.06679 0.0149893 0.196817 0.0234087
0.0169161 0.0929506 0.0570377 9.9973E-05 0.150097 9.9973E-05 0.00370825 0.678991 9.9973E-05
0.552488 0.000538744 0.0654367 0.068334 0.116584 0.000950195 0.030699 0.164869 9.9991E-05
0.396507 0.0370262 0.0108844 9.9973E-05 0.0617531 9.9973E-05 0.0323967 0.461133 9.9973E-05
0.506948 9.9973E-05 0.0647619 9.9973E-05 0.0249539 9.9973E-05 0.0267756 0.370947 0.00531371
0.531491 0.0218959 0.00911526 0.111831 9.9982E-05 9.9982E-05 0.0148058 0.247232 0.0634286
0.465461 9.9973E-05 0.02244 0.0599675 0.0682281 0.037662 9.9973E-05 0.345941 9.9973E-05
9.9955E-05 0.127796 0.04562 9.9955E-05 0.146901 9.9955E-05 9.9955E-05 0.679183 9.9955E-05
0.485041 0.0443549 0.0985585 0.0549494 0.097629 0.0226299 0.0271888 0.169549 9.9991E-05
0.655162 0.0422161 0.0312299 0.0103388 0.0661031 0.0104756 0.00552694 0.127279 0.051668
0.555811 0.0270952 0.0597814 0.0602016 0.043624 0.0476515 0.0466437 0.115117 0.0440741
0.239209 0.00839796 0.0153881 0.0961982 9.9982E-05 0.0103852 9.9982E-05 0.520782 0.109439
0.477617 9.9964E-05 9.9964E-05 0.0927623 9.9964E-05 0.00816555 0.00680777 0.414247 9.9964E-05
0.415655 0.00911492 0.0248222 9.9973E-05 0.149287 9.9973E-05 0.00627364 0.394547 9.9973E-05
0.357111 9.9955E-05 9.9955E-05 0.0513042 9.9955E-05 0.00241904 9.9955E-05 0.588666 9.9955E-05
0.416807 0.0748067 0.019557 9.9973E-05 0.0697138 9.9973E-05 0.00861373 0.410202 9.9973E-05
0.545756 0.0889729 0.0604665 0.000524067 0.0892143 0.00876539 0.0370807 0.163407 0.00581341
0.248575 0.186545 0.00934986 0.165335 0.258044 0.044742 9.9991E-05 0.0077957 0.0795138
0.395921 0.174931 0.0256606 9.9982E-05 0.270971 9.9982E-05 0.033855 0.00567639 0.0927853
0.530578 0.0552562 0.118291 0.0431157 0.152604 0.0198923 9.9991E-05 0.00688887 0.0732728
0.569701 0.0758939 0.0275504 0.0277606 0.10209 0.0221686 0.0957189 0.0346905 0.044426
0.408613 0.165859 0.0513798 0.032021 0.300997 9.9982E-05 9.9982E-05 0.0369573 0.00397298
0.554645 0.0889043 0.0317945 9.9973E-05 0.284226 0.0191739 9.9973E-05 9.9973E-05 0.0209566
0.39398 0.194216 0.0242856 0.0276163 0.327844 9.9973E-05 0.0317581 9.9973E-05 9.9973E-05
0.48057 0.117729 0.0577242 0.0328702 0.112454 0.0417095 0.00176813 0.114431 0.0407442
0.608079 0.0926604 0.0472689 0.096443 0.115705 0.0195846 0.0171857 0.00297384 9.9991E-05
0.524637 0.153426 0.041875 0.0410144 0.195938 9.9982E-05 0.00575813 9.9982E-05 0.0371519
0.516954 0.176801 9.9982E-05 0.0522048 0.221054 9.9982E-05 0.0167515 0.00763006 0.00840424
0.504763 0.0945896 0.0359254 0.0666074 0.15817 0.0998457 9.9991E-05 0.00506989 0.034929
0.570937 0.152233 0.0690166 0.0480155 9.9991E-05 0.0500231 0.0148728 0.00449431 0.0903073
0.588381 0.082168 9.9982E-05 0.116855 0.147174 0.0266398 0.0140941 9.9982E-05 0.0244881
0.558571 0.0836821 0.0255377 0.0914342 0.112614 0.0400681 0.0341911 0.021319 0.0325822
0.524105 0.0963385 0.00556803 0.129498 0.155691 0.0539024 0.0235303 0.0112663 9.9991E-05
0.328967 0.0827567 9.9991E-05 0.104688 0.214984 0.0244715 0.0551245 0.00786692 0.181041
0.556055 0.0822953 9.9991E-05 0.0873697 0.113671 0.0392021 0.0656129 0.0449025 0.0107918
0.682328 0.122393 0.0234039 0.0816527 0.0380831 0.0094777 0.00267422 9.9991E-05 0.0398872
0.109209 0.229606 0.00711182 0.0415552 0.504378 0.0146653 0.024693 0.0686821 9.9991E-05
0.0739073 0.0511303 9.9982E-05 0.211909 0.462037 0.0284454 9.9982E-05 0.00441734 0.167954
0.485223 0.0470469 0.038871 0.04482 0.260073 0.0123066 0.0154584 0.0594427 0.0367581
9.9964E-05 0.11219 9.9964E-05 0.241026 0.3361 9.9964E-05 9.9964E-05 0.104426 0.205858
0.23272 0.209338 9.9973E-05 0.0505506 0.487348 9.9973E-05 0.00927183 0.0104725 9.9973E-05
0.365016 0.185485 9.9955E-05 0.0288343 0.420165 9.9955E-05 9.9955E-05 9.9955E-05 9.9955E-05
0.275492 0.220237 9.9982E-05 0.0308488 0.362062 9.9982E-05 0.033927 0.0527291 0.0245043
0.274901 0.211509 9.9973E-05 0.0219727 0.436958 9.9973E-05 0.00498621 0.0493724 9.9973E-05
0.516957 0.0398436 0.0430248 0.052594 0.250623 0.000868649 0.0212173 0.025996 0.0488757
0.523346 0.0929953 0.00370462 0.0209432 0.169994 0.0684803 0.0893359 0.00789902 0.0233018
0.520654 0.0901021 9.9982E-05 0.0619073 0.198208 0.0101549 0.0349964 0.0837769 9.9982E-05
0.0746411 0.0910858 9.9982E-05 0.169136 0.490672 0.0151132 9.9982E-05 0.01798 0.141172
0.479915 0.0408985 0.0617625 0.0873412 0.057092 0.029308 0.0859 0.0573417 0.100441
0.50424 0.0765905 0.0622768 0.0890302 9.9982E-05 0.0319043 9.9982E-05 0.0181781 0.21758
9.9973E-05 0.0618124 0.0461902 0.104202 0.0253838 9.9973E-05 9.9973E-05 0.122465 0.639647
0.613405 0.00454743 0.0653877 0.0142974 0.0460327 0.0713623 9.9991E-05 0.0625947 0.122273
0.267434 0.00239568 0.0492051 0.0980092 0.112452 0.0510058 0.00285538 0.117438 0.299205
0.520951 0.0178022 0.0765334 0.102163 0.0594114 0.0340435 9.9991E-05 0.0149747 0.174021
0.266515 0.136307 0.00957496 0.0022081 0.0992869 9.9982E-05 9.9982E-05 0.0297699 0.456138
0.0972083 0.116543 0.000414455 0.10489 0.0642938 9.9982E-05 9.9982E-05 0.102033 0.514417
0.344308 0.107219 0.0176752 0.0720665 0.0632987 0.0306815 9.9991E-05 0.0980493 0.266601
0.491792 0.0705581 0.0752964 0.075002 0.057969 0.018478 0.0258898 0.0801482 0.104867
0.425024 0.0586054 0.125052 0.0289718 0.132936 0.0180495 0.0340175 0.0155097 0.161835
0.0430255 9.9982E-05 0.00806166 0.133412 0.310096 0.065358 9.9982E-05 0.109023 0.330824
0.528986 0.0502612 0.0204559 0.0397557 0.0942917 0.0484087 0.0434903 0.051305 0.123045
0.301945 0.0403095 9.9973E-05 0.112872 0.0717887 9.9973E-05 9.9973E-05 0.0961401 0.376644
0.432943 0.0158598 9.9973E-05 0.112745 0.100558 9.9973E-05 9.9973E-05 0.0526726 0.284922
0.56196 0.0433712 0.055112 0.0447979 0.0869566 0.0283428 9.9991E-05 0.0443911 0.134968
0.138607 0.00593841 0.338764 9.9973E-05 0.0440196 0.220461 9.9973E-05 9.9973E-05 0.25191
9.9946E-05 9.9946E-05 0.414943 9.9946E-05 9.9946E-05 0.137902 9.9946E-05 9.9946E-05 0.446555
9.9946E-05 9.9946E-05 0.405225 9.9946E-05 9.9946E-05 0.130517 9.9946E-05 9.9946E-05 0.463659
0.0647295 9.9964E-05 0.334672 9.9964E-05 0.0330585 0.267296 9.9964E-05 9.9964E-05 0.299844
0.615052 0.000897056 9.9973E-05 0.0399363 0.0293963 9.9973E-05 9.9973E-05 0.101088 0.21333
0.607817 9.9991E-05 0.0637477 0.0714166 0.0104654 0.0215491 0.073759 0.103915 0.04723
0.332217 9.9946E-05 9.9946E-05 9.9946E-05 0.00226753 0.664916 9.9946E-05 9.9946E-05 9.9946E-05
0.331823 0.0314239 9.9982E-05 0.000669182 0.150829 0.453733 0.02133 0.00999234 9.9982E-05
0.346811 9.9973E-05 0.0499209 0.0169794 0.155716 0.385879 9.9973E-05 0.0443944 9.9973E-05
0.285887 0.0180709 9.9973E-05 0.183338 0.0628726 9.9973E-05 9.9973E-05 0.0496472 0.399884
0.452007 0.0633182 0.0479354 0.0748848 0.169148 0.0578128 9.9982E-05 9.9982E-05 0.134694
0.234139 9.9964E-05 9.9964E-05 0.0879368 0.162345 9.9964E-05 9.9964E-05 0.0262914 0.488888
0.615524 9.9964E-05 9.9964E-05 0.100302 0.0231478 9.9964E-05 0.0302397 9.9964E-05 0.230387
0.505578 0.0889335 0.0136501 0.127865 9.9973E-05 0.0178393 9.9973E-05 9.9973E-05 0.245834
0.584551 0.0252502 9.9964E-05 0.0945474 9.9964E-05 9.9964E-05 9.9964E-05 0.00148077 0.29377
0.20894 0.00454713 9.9973E-05 0.0761824 0.0895428 9.9973E-05 9.9973E-05 0.0684365 0.552051
0.62292 0.030049 0.0846224 9.9964E-05 9.9964E-05 9.9964E-05 9.9964E-05 0.112002 0.150007
0.624572 0.053933 0.0740221 0.0418377 0.0299918 0.00742186 9.9991E-05 0.0243682 0.143754
0.0260658 9.9955E-05 9.9955E-05 0.0107567 9.9955E-05 0.957026 0.00565192 9.9955E-05 9.9955E-05
0.0729902 0.00672993 9.9955E-05 0.026236 9.9955E-05 0.893544 9.9955E-05 9.9955E-05 9.9955E-05
0.23566 0.00760803 0.00972567 0.0256017 0.0872417 0.538565 0.0692818 0.0262156 9.9991E-05
0.357517 0.0316537 9.9964E-05 9.9964E-05 0.000965626 0.606849 9.9964E-05 0.00261443 9.9964E-05
0.162305 0.0239093 9.9955E-05 9.9955E-05 0.00908287 0.804203 9.9955E-05 9.9955E-05 9.9955E-05
9.993E-05 9.993E-05 9.993E-05 9.993E-05 9.993E-05 0.999201 9.993E-05 9.993E-05 9.993E-05
9.9937E-05 0.0459308 9.9937E-05 9.9937E-05 9.9937E-05 0.95337 9.9937E-05 9.9937E-05 9.9937E-05
0.132135 9.9946E-05 9.9946E-05 9.9946E-05 0.0354841 0.831781 9.9946E-05 9.9946E-05 9.9946E-05
9.9955E-05 0.04153 9.9955E-05 9.9955E-05 9.9955E-05 0.923122 0.0146455 0.0202025 9.9955E-05
9.993E-05 9.993E-05 9.993E-05 9.993E-05 9.993E-05 0.999201 9.993E-05 9.993E-05 9.993E-05
9.993E-05 9.993E-05 9.993E-05 9.993E-05 9.993E-05 0.999201 9.993E-05 9.993E-05 9.993E-05
0.172662 0.00480114 0.00134066 9.9964E-05 0.0660439 0.754752 9.9964E-05 9.9964E-05 9.9964E-05
0.105725 0.0486114 0.0058326 9.9973E-05 0.02807 0.797456 0.0140057 9.9973E-05 9.9973E-05
9.993E-05 9.993E-05 9.993E-05 9.993E-05 9.993E-05 0.999201 9.993E-05 9.993E-05 9.993E-05
0.308765 0.0777248 0.0551609 0.047538 0.0766467 0.391162 9.9991E-05 0.0249122 0.0179905
0.252429 0.0142537 9.9964E-05 9.9964E-05 0.0433225 0.642105 0.0474899 9.9964E-05 9.9964E-05
0.144361 0.014941 0.0215622 9.9964E-05 9.9964E-05 0.803674 9.9964E-05 0.0150614 9.9964E-05
0.0991376 9.9937E-05 9.9937E-05 9.9937E-05 9.9937E-05 0.900163 9.9937E-05 9.9937E-05 9.9937E-05
9.993E-05 9.993E-05 9.993E-05 9.993E-05 9.993E-05 0.999201 9.993E-05 9.993E-05 9.993E-05
0.0582868 9.9946E-05 9.9946E-05 9.9946E-05 9.9946E-05 0.924669 0.0164442 9.9946E-05 9.9946E-05
9.993E-05 9.993E-05 9.993E-05 9.993E-05 9.993E-05 0.999201 9.993E-05 9.993E-05 9.993E-05
0.301446 9.9973E-05 9.9973E-05 0.00533209 0.00597044 0.597111 0.0574797 0.0323613 9.9973E-05
9.9946E-05 9.9946E-05 9.9946E-05 9.9946E-05 0.0151671 0.971124 9.9946E-05 0.0131092 9.9946E-05
0.00906086 9.9973E-05 0.20313 0.0411716 9.9973E-05 0.0648329 0.0157227 9.9973E-05 0.665782
0.323758 0.0238195 0.144218 0.0203694 0.0630567 0.108389 0.0332563 9.9991E-05 0.283033
0.508399 9.9964E-05 0.159702 0.0153119 9.9964E-05 0.00598327 9.9964E-05 9.9964E-05 0.310204
0.226184 0.04301 0.138072 9.9964E-05 9.9964E-05 0.0903711 9.9964E-05 9.9964E-05 0.501963
0.451858 0.00282115 0.0826657 0.0361574 0.0515415 0.105083 0.0409769 0.0697169 0.159179
0.137221 9.9973E-05 0.180843 0.0119772 0.0378042 0.0985995 9.9973E-05 9.9973E-05 0.533255
0.406889 0.0130418 0.11368 0.0336505 0.0780788 0.0988331 0.0283927 9.9991E-05 0.227334
0.346764 9.9964E-05 0.0728942 9.9964E-05 9.9964E-05 0.0957547 0.0644763 9.9964E-05 0.419711
0.484057 0.0248287 0.148682 9.9964E-05 9.9964E-05 0.092207 9.9964E-05 9.9964E-05 0.249825
0.393387 9.9982E-05 0.142545 9.9982E-05 0.0187912 0.0929745 0.025959 0.00590888 0.320234
0.450579 0.00120347 0.158946 0.0344792 9.9991E-05 0.0938964 0.0106884 0.0337735 0.216334
0.046672 0.0153068 0.771836 9.9973E-05 9.9973E-05 9.9973E-05 0.138556 0.00179285 0.0255358
9.9973E-05 9.9973E-05 0.800784 0.0112535 0.0237872 0.0622671 0.0980007 0.0036074 9.9973E-05
0.00885788 0.0164359 0.813905 9.9955E-05 9.9955E-05 9.9955E-05 0.160301 9.9955E-05 9.9955E-05
9.9955E-05 9.9955E-05 0.92419 9.9955E-05 0.0176008 9.9955E-05 0.0574374 0.000272505 9.9955E-05
0.0423739 9.9955E-05 0.80598 9.9955E-05 0.0448475 9.9955E-05 0.106299 9.9955E-05 9.9955E-05
9.9955E-05 9.9955E-05 0.788333 0.000477007 9.9955E-05 9.9955E-05 0.20463 0.00605955 9.9955E-05
0.0426299 0.00821239 0.811082 9.9964E-05 9.9964E-05 0.00768702 0.129989 9.9964E-05 9.9964E-05
9.9955E-05 0.0360706 0.829136 0.00795578 9.9955E-05 9.9955E-05 0.126338 9.9955E-05 9.9955E-05
9.9973E-05 9.9973E-05 0.774094 9.9973E-05 0.00299424 0.0268416 0.137294 0.018038 0.0404388
0.00571421 0.0124069 0.719768 0.0130864 9.9982E-05 0.0064556 0.200901 9.9982E-05 0.041468
9.9973E-05 0.236766 0.522073 9.9973E-05 0.0213581 9.9973E-05 0.0725192 0.0614469 0.0855368
9.9982E-05 0.289346 0.590269 0.00685308 0.0547037 9.9982E-05 0.00885432 0.0100015 0.0397724
9.9982E-05 0.2263 0.479798 0.00172987 0.121896 9.9982E-05 0.0579926 0.0393269 0.0727564
9.9973E-05 0.269527 0.410994 9.9973E-05 0.14676 9.9973E-05 0.0438041 0.0249855 0.10363
0.436917 0.0591219 0.0508974 9.9991E-05 0.16202 0.026559 0.00225275 0.257661 0.00447013
0.48565 0.0748082 0.0569176 0.0166145 0.0456381 0.0134533 9.9982E-05 0.306718 9.9982E-05
0.497999 0.113806 0.0241895 0.0481585 0.0942312 0.0151295 0.0222007 0.184186 9.9991E-05
0.305614 0.120068 0.0194158 0.0111156 0.273274 0.00295488 9.9991E-05 0.267292 0.000165827
0.117669 0.301144 9.9973E-05 0.0447357 0.501116 0.00135569 9.9973E-05 0.0336792 9.9973E-05
0.624646 0.0769471 0.0197393 0.000103166 0.0483136 0.0222035 9.9991E-05 0.207821 0.000126159
0.622406 0.116917 9.9955E-05 0.0514779 9.9955E-05 9.9955E-05 9.9955E-05 0.208699 9.9955E-05
0.535086 0.0451069 9.9973E-05 0.0500098 0.0117236 9.9973E-05 9.9973E-05 0.286582 0.071192
0.387141 9.9946E-05 9.9946E-05 0.0645476 9.9946E-05 9.9946E-05 9.9946E-05 0.547712 9.9946E-05
0.597336 0.0797867 0.00269143 0.0650993 9.9991E-05 0.0292488 0.0484967 0.124554 0.0526862
0.413171 0.0371423 9.9964E-05 9.9964E-05 0.0626804 9.9964E-05 0.018825 0.467782 9.9964E-05
9.9955E-05 0.00429862 9.9955E-05 0.147677 9.9955E-05 9.9955E-05 9.9955E-05 0.782895 0.0646293
0.586477 0.0544382 0.0288258 0.0518846 0.103565 0.00412465 0.0415773 0.129007 9.9991E-05
0.1493 9.9955E-05 9.9955E-05 0.0954571 9.9955E-05 9.9955E-05 9.9955E-05 0.626593 0.12815
0.49573 0.0236246 9.9964E-05 0.0733753 9.9964E-05 9.9964E-05 0.0285068 0.378363 9.9964E-05
0.108751 0.0770297 0.00956431 9.9964E-05 0.180516 9.9964E-05 9.9964E-05 0.623738 9.9964E-05
0.00944338 0.827993 0.0325522 9.9964E-05 9.9964E-05 9.9964E-05 0.0585192 9.9964E-05 0.0710922
0.0751845 0.819228 9.9955E-05 9.9955E-05 9.9955E-05 9.9955E-05 0.0672031 9.9955E-05 0.0378843
0.0523014 0.841247 9.9964E-05 9.9964E-05 9.9964E-05 9.9964E-05 0.0453178 0.0163643 0.0443691
9.9964E-05 0.815465 0.00271239 9.9964E-05 9.9964E-05 9.9964E-05 0.0766185 0.0213892 0.0834153
0.137903 0.808163 9.9964E-05 9.9964E-05 9.9964E-05 9.9964E-05 0.0396026 0.00781429 0.00611688
0.100005 0.787635 9.9964E-05 9.9964E-05 9.9964E-05 0.0332118 0.0553826 9.9964E-05 0.0233659
0.0467414 9.9964E-05 0.845488 9.9964E-05 9.9964E-05 0.0323007 0.0391636 0.0359065 9.9964E-05
0.0919013 0.0209723 0.825434 0.0077697 0.0327617 9.9982E-05 9.9982E-05 0.0160176 0.00494341
0.131746 9.9991E-05 0.758377 0.00594707 0.0136659 0.027023 0.0424294 0.0197864 0.000924732
9.9964E-05 0.0132455 0.811023 9.9964E-05 9.9964E-05 0.0724393 0.0321626 0.0707293 9.9964E-05
0.15693 9.9964E-05 0.805609 9.9964E-05 0.0104169 0.0132438 9.9964E-05 9.9964E-05 0.0134009
9.9955E-05 0.538915 0.290488 9.9955E-05 9.9955E-05 9.9955E-05 0.0865746 9.9955E-05 0.0835228
9.9973E-05 0.50885 0.418956 0.044425 9.9973E-05 0.00614643 0.00223327 9.9973E-05 0.0190893
0.0127166 0.489461 0.35319 0.0560838 0.0171235 0.0230507 0.047819 9.9991E-05 0.000455259
0.117342 0.00225736 0.878893 0.00100789 9.9955E-05 9.9955E-05 9.9955E-05 9.9955E-05 9.9955E-05
9.9964E-05 0.513921 0.316159 0.0473363 9.9964E-05 9.9964E-05 0.0692563 0.0529281 9.9964E-05
0.277947 9.9973E-05 0.159745 0.00492957 9.9973E-05 0.277775 0.0772236 9.9973E-05 0.202079
0.511596 0.0407847 0.111046 0.022004 0.0304746 0.203664 0.00814726 0.00188065 0.0704029
0.566647 9.9964E-05 0.092316 9.9964E-05 0.00970198 0.204716 0.126219 9.9964E-05 9.9964E-05
0.367746 9.9964E-05 0.238643 9.9964E-05 9.9964E-05 0.226041 0.00488818 9.9964E-05 0.162283
0.524042 9.9991E-05 0.0784229 0.0364536 0.0748863 0.121658 0.069021 0.0353875 0.0600292
9.9955E-05 9.9955E-05 0.369727 9.9955E-05 9.9955E-05 0.31127 0.0192688 9.9955E-05 0.299235
0.389995 0.187664 9.9964E-05 0.0548171 0.346143 9.9964E-05 9.9964E-05 0.0209811 9.9964E-05
0.385347 0.0707565 9.9973E-05 0.15651 0.2643 9.9973E-05 9.9973E-05 0.0295437 0.0932435
0.173847 0.161477 0.0109282 0.0252023 0.606452 9.9982E-05 9.9982E-05 0.0148764 0.00701704
0.482268 0.0276056 9.9973E-05 0.162854 0.216435 9.9973E-05 9.9973E-05 0.0633708 0.0471657
9.9964E-05 0.0964584 9.9964E-05 0.274792 0.271701 9.9964E-05 9.9964E-05 0.0368858 0.319762
0.535117 0.0527643 0.0372049 0.0289833 0.141952 0.0434702 0.0340083 0.0829877 0.0435127
0.499342 0.0688691 0.0185792 0.165365 0.13133 0.0352956 9.9991E-05 0.0156989 0.06542
0.280193 0.157581 0.00473698 9.9982E-05 0.453618 9.9982E-05 0.0415287 0.0176351 0.0445067
0.530527 0.0443397 0.0979348 0.0463254 0.235192 0.0166577 9.9982E-05 0.0288233 9.9982E-05
0.0285976 0.0116239 9.9973E-05 0.117343 0.503107 9.9973E-05 9.9973E-05 0.0978015 0.241227
0.51729 0.0450551 9.9973E-05 0.0969871 0.223143 9.9973E-05 0.024482 9.9973E-05 0.0927419
0.453716 0.135373 9.9982E-05 0.0376151 0.306504 9.9982E-05 0.0117758 0.0339813 0.0208341
0.422702 0.0112361 0.0565083 0.048534 0.122803 0.122293 0.0461184 0.0416836 0.128121
0.273214 0.0369818 9.9973E-05 0.138676 0.36098 9.9973E-05 9.9973E-05 0.0484133 0.141435
0.379836 0.0770685 9.9973E-05 0.107647 0.251686 9.9973E-05 9.9973E-05 0.0570314 0.126432
0.580802 0.081592 9.9973E-05 0.117908 0.164279 0.00568701 9.9973E-05 9.9973E-05 0.0494318
0.500534 0.0580528 9.9973E-05 0.0564106 0.234073 9.9973E-05 9.9973E-05 0.0687743 0.0818552
0.611486 0.0570294 9.9991E-05 0.0844598 0.0556203 0.0472419 0.0041527 0.0526781 0.0872322
0.516604 0.0710005 0.0292363 0.0285025 0.180664 0.0290207 0.045784 0.0461462 0.0530421
0.515138 0.0645893 0.0534709 0.0342423 0.23916 0.00567326 9.9982E-05 9.9982E-05 0.0875268
9.993E-05 9.993E-05 9.993E-05 9.993E-05 9.993E-05 9.993E-05 0.999201 9.993E-05 9.993E-05
9.993E-05 9.993E-05 9.993E-05 9.993E-05 9.993E-05 9.993E-05 0.999201 9.993E-05 9.993E-05
9.9955E-05 0.0431256 0.405259 9.9955E-05 9.9955E-05 9.9955E-05 0.521 9.9955E-05 0.0301165
9.993E-05 9.993E-05 9.993E-05 9.993E-05 9.993E-05 9.993E-05 0.999201 9.993E-05 9.993E-05
9.9937E-05 9.9937E-05 0.00749335 9.9937E-05 9.9937E-05 9.9937E-05 0.991807 9.9937E-05 9.9937E-05
0.0132197 0.173725 0.0426564 0.0017629 0.672892 0.00353693 9.9991E-05 0.0371552 0.0549516
0.491596 0.0527394 0.017076 0.117866 0.128551 0.0245727 0.0189013 0.0949736 0.0537243
0.418729 0.00933993 0.179274 0.0117369 0.048456 0.203424 9.9982E-05 9.9982E-05 0.128841
0.593462 0.0887175 9.9982E-05 0.00633663 0.22873 0.0391562 0.0125044 0.0308931 9.9982E-05
0.412268 0.10074 9.9973E-05 9.9973E-05 0.360407 0.0119118 0.025463 0.0889101 9.9973E-05
0.214463 0.0870775 9.99814E-05 0.168377 0.347204 9.99814E-05 9.99814E-05 0.0161923 0.166386
9.9964E-05 0.311696 0.0241983 9.9964E-05 0.601478 9.9964E-05 0.0418306 9.9964E-05 0.0203972
0.390085 0.144931 9.9973E-05 9.9973E-05 0.312092 0.0113543 0.0892259 0.0520124 9.9973E-05
0.142365 0.265701 0.0169926 0.0405859 0.475062 0.0394896 0.0196047 9.9982E-05 9.9982E-05
0.449594 0.0817345 0.0381713 0.0308308 0.22363 9.9982E-05 9.9982E-05 0.0574428 0.118397
0.0292696 0.202599 0.050988 0.0811322 0.599573 9.9973E-05 0.0361388 9.9973E-05 9.9973E-05
0.522745 0.11043 0.0566398 0.00940181 0.219709 0.0691713 0.0117025 9.9982E-05 9.9982E-05
0.0322776 0.158693 0.0252147 9.9991E-05 0.649803 0.0162741 0.0301838 0.0446742 0.0427798
0.169017 9.9991E-05 0.00744506 0.110559 0.491367 0.0798094 0.000931868 0.053776 0.0869947
0.586305 0.0844963 0.0295272 0.00827517 0.025732 0.00425965 9.9993E-05 0.0514202 0.209885
0.292574 0.0472391 9.9973E-05 0.113571 0.0985344 9.9973E-05 9.9973E-05 0.0280593 0.419722
0.555079 0.0262524 9.9973E-05 0.0210245 0.0317954 9.9973E-05 9.9973E-05 0.0145594 0.350989
0.56956 0.0597278 0.0735575 0.0531498 0.0546262 9.9991E-05 0.0145595 0.0242318 0.150488
0.27936 0.00673779 9.9973E-05 0.0476153 0.0452729 9.9973E-05 9.9973E-05 0.077715 0.542999
0.495361 0.067125 0.0320628 0.0460966 0.0299585 0.0521423 0.0692524 0.0927848 0.115217
0.500825 0.121064 9.9973E-05 0.0605421 9.9973E-05 9.9973E-05 0.00538235 0.0470922 0.264795
0.138718 0.0485066 9.9973E-05 0.170313 0.00390412 9.9973E-05 9.9973E-05 0.127751 0.510507
0.237104 0.0630911 9.9964E-05 0.0606333 9.9964E-05 9.9964E-05 9.9964E-05 0.0384137 0.600358
0.502621 0.0454861 9.9973E-05 0.0379055 0.0125824 9.9973E-05 9.9973E-05 0.0250642 0.376041
0.0760256 0.0774071 9.9964E-05 0.102091 9.9964E-05 9.9964E-05 9.9964E-05 0.203456 0.540621
0.43285 0.0521577 9.9964E-05 9.9964E-05 0.0761611 9.9964E-05 9.9964E-05 0.10167 0.336762
0.0453375 0.209212 9.9973E-05 0.0182655 0.70733 0.015848 9.9973E-05 0.00370708 9.9973E-05
0.0889013 0.0587325 9.9982E-05 0.286506 0.451886 0.0820369 9.9982E-05 0.0129329 0.0188038
0.290839 0.16707 9.9973E-05 0.0241774 0.406052 0.067676 0.0438861 9.9973E-05 9.9973E-05
0.560113 0.113891 0.0280337 9.9982E-05 0.178133 0.0142758 9.9982E-05 0.0822277 0.0231265
0.134457 0.226068 9.9964E-05 0.0197544 0.54168 9.9964E-05 9.9964E-05 0.0776409 9.9964E-05
0.504371 0.0313232 0.0651084 0.0659404 0.17175 0.0305344 9.9991E-05 0.0626695 0.0682035
0.512821 0.0632051 9.9982E-05 0.0422506 0.243302 9.9982E-05 0.0533022 0.0749538 0.00996482
0.451702 0.0426256 9.9991E-05 0.0346873 0.330447 0.0373529 0.00224736 0.0715798 0.0292579
0.407082 0.148055 9.9964E-05 0.0679482 0.286922 0.0895926 9.9964E-05 9.9964E-05 9.9964E-05
0.45311 0.170314 0.0010735 0.00369001 0.30805 9.9982E-05 0.018405 0.0451572 9.9982E-05
0.187179 0.209276 9.9964E-05 0.00325449 0.553881 9.9964E-05 9.9964E-05 0.0460098 9.9964E-05
0.355946 0.213613 9.9973E-05 0.0338798 0.368573 0.0231485 9.9973E-05 0.00453906 9.9973E-05
0.525568 0.0927427 9.9982E-05 0.0687623 0.151108 0.013237 9.9982E-05 0.0672726 0.0811093
0.519122 0.0566742 0.0545296 0.0623986 0.155955 0.0818114 9.9991E-05 0.0374562 0.0319528
0.249408 0.154426 0.0228869 0.0713749 0.274172 0.0796117 9.9991E-05 0.0868547 0.0611664
0.387954 0.068767 9.9973E-05 0.155363 0.228777 0.0783482 9.9973E-05 0.0804898 9.9973E-05
0.315972 0.272659 9.9982E-05 0.00418985 0.332742 0.0498734 9.9982E-05 0.0158534 0.00851105
0.491031 0.0967883 0.023504 0.0241816 0.270804 0.0722464 9.9982E-05 0.0212449 9.9982E-05
0.335521 0.038612 0.0804202 0.0670929 0.366551 0.0570323 9.9982E-05 0.0545705 9.9982E-05
0.480069 0.0314744 0.121716 0.0143559 0.199451 0.067758 0.00802052 0.0562817 0.0208738
0.41685 0.0294814 0.176174 9.9982E-05 0.0631185 0.105439 0.164167 9.9982E-05 0.0445703
0.524153 9.9991E-05 0.151457 0.0245299 0.0912503 0.119923 0.000691318 0.00802693 0.0798686
0.413392 9.9991E-05 0.171463 0.036123 0.118523 0.141803 0.00948039 0.0336252 0.0754916
0.546251 0.00489235 0.0864176 0.0650076 0.0794625 0.0784648 0.0421089 0.00483149 0.0925639
0.464588 9.9982E-05 0.115056 9.9982E-05 0.0201794 0.187031 0.0549853 0.0278235 0.130137
0.439715 0.0650176 9.9973E-05 0.195188 0.19827 9.9973E-05 9.9973E-05 0.00293867 0.098571
0.490227 9.9991E-05 0.132196 0.0654329 0.0229759 0.0972741 0.0494077 0.074822 0.0675648
0.0057522 9.9991E-05 0.15357 0.0723669 0.184266 0.167706 0.0367914 0.0344197 0.345028
0.563938 0.0303451 0.0890288 0.00119581 0.0650553 0.0919114 0.0368105 9.9991E-05 0.121615
0.49291 9.9991E-05 0.100279 0.0293364 0.126931 0.152802 0.024528 0.0188418 0.0542728
0.541954 9.9982E-05 0.115619 0.0311922 0.116268 0.119937 9.9982E-05 0.0182814 0.0565483
0.24635 9.9973E-05 0.145873 0.0944252 0.169235 0.133726 9.9973E-05 9.9973E-05 0.210091
0.512965 9.9973E-05 0.134043 9.9973E-05 0.117939 0.146997 0.050003 9.9973E-05 0.037754
0.521694 0.0305902 0.140156 0.0790528 9.9982E-05 0.158762 0.00122651 9.9982E-05 0.0683182
9.9946E-05 9.9946E-05 0.437449 9.9946E-05 9.9946E-05 0.132127 9.9946E-05 9.9946E-05 0.429824
0.530836 0.0413752 0.0914185 9.9991E-05 0.0938316 0.111237 0.067937 0.0222094 0.0410551
0.545165 9.9982E-05 0.147711 0.0391865 0.0167084 0.157832 0.0233613 9.9982E-05 0.0698359
0.538182 9.9982E-05 0.0571005 0.0619873 0.151693 0.111007 0.0189533 9.9982E-05 0.0608769
0.542057 9.9973E-05 0.137552 0.0488172 9.9973E-05 0.171141 0.0183336 9.9973E-05 0.0817997
0.510632 9.9982E-05 0.161151 0.0191573 0.107127 0.0899741 0.0301026 9.9982E-05 0.0816559
0.401811 0.0432145 0.0124654 0.425852 9.9973E-05 9.9973E-05 0.0354404 0.0809166 9.9973E-05
0.43781 9.9982E-05 0.115098 0.255602 0.0345432 0.0535012 9.9982E-05 0.102235 0.00101065
9.9964E-05 0.00287217 9.9964E-05 0.870889 0.0455053 9.9964E-05 9.9964E-05 0.0642828 0.0160506
9.9946E-05 9.9946E-05 9.9946E-05 0.935025 0.0560247 9.9946E-05 0.00835039 9.9946E-05 9.9946E-05
0.448106 9.9973E-05 0.0951864 0.350909 0.0524175 0.00747619 9.9973E-05 0.0456047 9.9973E-05
0.352141 9.9982E-05 0.0989727 0.0798782 0.0145129 0.28379 0.0256156 9.9982E-05 0.14489
0.304209 9.9964E-05 0.171132 0.238027 9.9964E-05 0.267883 9.9964E-05 9.9964E-05 0.0183491
0.168968 9.9973E-05 0.166071 0.2969 9.9973E-05 0.289287 0.00748314 9.9973E-05 0.0709907
0.340103 9.9964E-05 0.164126 0.219923 9.9964E-05 0.237959 9.9964E-05 9.9964E-05 0.0374896
0.046323 9.9964E-05 0.0978304 0.728824 9.9964E-05 0.0551218 9.9964E-05 9.9964E-05 0.0715012
0.0720885 9.9964E-05 0.0946656 0.707908 9.9964E-05 0.0871256 9.9964E-05 9.9964E-05 0.0378124
0.521858 9.9982E-05 0.0101697 0.384716 0.0250379 0.052418 0.00337357 0.0022273 9.9982E-05
0.341015 9.9964E-05 0.0137775 0.472508 9.9964E-05 0.112366 0.059934 9.9964E-05 9.9964E-05
0.153321 0.0191223 0.0600256 0.704943 9.9964E-05 0.0621882 9.9964E-05 9.9964E-05 9.9964E-05
0.532579 0.0115453 0.0703499 0.287599 0.0826678 0.0149588 9.9973E-05 9.9973E-05 9.9973E-05
0.547025 0.0350914 0.0274295 0.30598 9.9964E-05 0.0840749 9.9964E-05 9.9964E-05 9.9964E-05
0.477432 0.0383754 0.0256916 0.272447 0.0406641 0.0664267 0.0487663 0.00431453 0.0258815
0.298428 9.9955E-05 0.0154064 0.61466 0.0710058 9.9955E-05 9.9955E-05 9.9955E-05 9.9955E-05
0.3562 0.0209666 0.013579 0.503505 0.0587091 9.9982E-05 0.00713665 0.0397034 9.9982E-05
0.524318 0.0622689 0.0366928 0.316969 0.0156237 9.9982E-05 9.9982E-05 0.0025231 0.0414044
0.42439 0.0837693 0.0128465 0.417669 0.035187 0.0143189 0.0116196 9.9982E-05 9.9982E-05
0.491574 0.0771979 0.0524467 0.257238 9.9982E-05 0.0739634 0.0211349 9.9982E-05 0.0262447
0.455651 0.0181396 0.00673732 0.420098 9.9973E-05 9.9973E-05 9.9973E-05 0.0507465 0.0483277
0.164048 0.020358 9.9946E-05 0.814995 9.9946E-05 9.9946E-05 9.9946E-05 9.9946E-05 9.9946E-05
0.62753 9.9946E-05 9.9946E-05 0.363561 9.9946E-05 9.9946E-05 0.00830912 9.9946E-05 9.9946E-05
0.131601 0.0785906 9.9955E-05 0.788522 0.000786954 9.9955E-05 9.9955E-05 9.9955E-05 9.9955E-05
0.387106 0.00529607 0.0245083 0.565845 0.0168448 9.9964E-05 9.9964E-05 9.9964E-05 9.9964E-05
0.519642 0.0338547 0.0710972 0.286906 0.0310881 0.00604749 9.9991E-05 0.00326056 0.0480038
0.504121 0.0511066 0.033057 0.316555 0.0452738 0.0232232 0.0168131 0.00975082 9.9991E-05
0.488629 0.0319438 0.114451 0.0948865 9.9991E-05 0.122868 0.0238281 0.0444691 0.078824
0.393275 0.0109769 0.132475 0.110673 0.101964 0.144077 0.0374223 0.040915 0.0282223
0.325275 9.9973E-05 0.109221 0.081746 9.9973E-05 0.234876 0.0894811 9.9973E-05 0.1591
0.274147 0.0178967 0.147998 0.152438 0.0836362 0.238753 0.0428664 9.9991E-05 0.0421651
0.411032 0.0292587 0.130318 0.038528 0.113746 0.186414 0.0470816 9.9991E-05 0.0435217
0.464695 0.00398731 0.138714 0.167444 0.0378445 0.0956218 0.0313989 9.9991E-05 0.0601949
9.9955E-05 9.9955E-05 0.171997 0.699352 9.9955E-05 0.0914942 9.9955E-05 9.9955E-05 0.0366566
0.512582 0.00662408 0.0543194 0.149481 9.9991E-05 0.191179 0.0456479 0.0247066 0.015359
9.9955E-05 9.9955E-05 0.327403 0.388692 9.9955E-05 0.0876432 9.9955E-05 9.9955E-05 0.195762
0.489971 9.9955E-05 0.0525945 0.304728 9.9955E-05 0.152207 9.9955E-05 9.9955E-05 9.9955E-05
0.0882498 9.9937E-05 9.9937E-05 0.911051 9.9937E-05 9.9937E-05 9.9937E-05 9.9937E-05 9.9937E-05
9.9937E-05 9.9937E-05 9.9937E-05 0.954922 9.9937E-05 9.9937E-05 9.9937E-05 0.0443785 9.9937E-05
0.414592 9.9937E-05 9.9937E-05 0.584709 9.9937E-05 9.9937E-05 9.9937E-05 9.9937E-05 9.9937E-05
0.563657 9.9964E-05 0.0158134 0.39908 9.9964E-05 0.00112171 0.0199277 9.9964E-05 9.9964E-05
0.372774 0.0103139 9.9946E-05 0.616312 9.9946E-05 9.9946E-05 9.9946E-05 9.9946E-05 9.9946E-05
0.555125 9.9937E-05 9.9937E-05 0.444175 9.9937E-05 9.9937E-05 9.9937E-05 9.9937E-05 9.9937E-05
0.509974 9.9937E-05 9.9937E-05 0.489327 9.9937E-05 9.9937E-05 9.9937E-05 9.9937E-05 9.9937E-05
9.9982E-05 0.0594426 0.736167 0.0253359 0.00109509 9.9982E-05 0.161817 0.0144778 0.00146451
0.0162941 0.0600799 0.705858 0.0360709 0.0162783 0.085085 0.0661631 0.0140706 9.9991E-05
0.00398777 0.0270891 0.853466 0.00434902 9.9982E-05 0.00931093 0.101341 9.9982E-05 0.000256235
0.0130248 9.9964E-05 0.789118 0.00208886 9.9964E-05 9.9964E-05 0.162916 9.9964E-05 0.0324524
0.495911 9.9973E-05 9.9973E-05 9.9973E-05 0.0303382 0.0448236 0.0176172 0.366392 0.044618
0.500144 0.036099 0.0666489 0.0111763 0.0536832 9.9982E-05 9.9982E-05 0.307921 0.0241278
0.495117 9.9955E-05 0.0290786 9.9955E-05 0.0416598 9.9955E-05 9.9955E-05 0.433645 9.9955E-05
0.563711 9.9973E-05 0.0921872 9.9973E-05 0.0971576 9.9973E-05 0.00260376 0.224088 0.0199527
0.59336 9.9982E-05 0.0307314 9.9982E-05 0.0765903 0.017443 0.0384602 0.102859 0.140357
0.240398 0.0427729 0.0388371 9.9964E-05 0.122778 9.9964E-05 9.9964E-05 0.554814 9.9964E-05
0.630017 9.9937E-05 9.9937E-05 9.9937E-05 9.9937E-05 9.9937E-05 9.9937E-05 0.369284 9.9937E-05
0.252797 9.9955E-05 9.9955E-05 0.122125 9.9955E-05 9.9955E-05 9.9955E-05 0.549643 0.0749353
0.389695 0.0260396 0.24897 9.9982E-05 0.100136 0.146758 0.0552466 9.9982E-05 0.0329541
0.417816 9.9964E-05 9.9964E-05 0.0756561 9.9964E-05 0.0250282 9.9964E-05 0.398883 0.0822165
0.342308 0.0653142 0.00280981 9.9964E-05 0.0848543 9.9964E-05 9.9964E-05 0.504313 9.9964E-05
0.526904 9.9964E-05 9.9964E-05 0.0549353 9.9964E-05 0.014361 9.9964E-05 0.347753 0.0556471
0.344989 0.0833391 0.00735855 9.9982E-05 0.0550878 0.0448388 0.0184154 0.445771 9.9982E-05
0.545741 9.9955E-05 9.9955E-05 0.0179903 9.9955E-05 0.0143518 9.9955E-05 0.421418 9.9955E-05
0.520895 0.00168426 0.0323117 0.0208507 0.0381795 9.9982E-05 0.0387736 0.347105 9.9982E-05
9.9946E-05 9.9946E-05 9.9946E-05 0.0575153 9.9946E-05 9.9946E-05 9.9946E-05 0.86513 0.0767551
0.29961 9.9964E-05 9.9964E-05 0.0450687 9.9964E-05 0.0145663 9.9964E-05 0.569949 0.0704064
0.337031 9.9964E-05 9.9964E-05 0.0622154 9.9964E-05 0.00627868 9.9964E-05 0.579466 0.0146094
9.9946E-05 9.9946E-05 9.9946E-05 0.0666244 9.9946E-05 9.9946E-05 9.9946E-05 0.796305 0.136471
0.36542 0.024699 0.0640774 9.9973E-05 0.101436 9.9973E-05 0.00939528 0.434672 9.9973E-05
0.0656314 9.9955E-05 9.9955E-05 0.0585031 9.9955E-05 9.9955E-05 9.9955E-05 0.637049 0.238317
9.9946E-05 9.9946E-05 9.9946E-05 0.0405382 9.9946E-05 9.9946E-05 9.9946E-05 0.795306 0.163556
0.542056 0.0219128 0.0581011 0.0492982 9.9982E-05 0.000159334 0.0162547 0.312018 9.9982E-05
0.161558 0.0792077 0.0280094 9.9973E-05 0.163972 0.0004234 9.9973E-05 0.56653 9.9973E-05
0.40637 0.0328179 0.0157017 9.9973E-05 0.144263 0.0135688 9.9973E-05 0.386978 9.9973E-05
0.524581 0.0158685 0.0484541 9.9982E-05 9.9982E-05 0.0465369 0.0523517 0.270764 0.041244
0.473373 0.0140041 0.0318071 9.9982E-05 0.0729822 0.00933867 0.000772025 0.397523 9.9982E-05
0.314045 0.0549322 9.9964E-05 0.126 0.404685 9.9964E-05 9.9964E-05 9.9964E-05 0.0999378
0.51917 0.0390211 9.9982E-05 0.0130708 0.0363533 0.0395444 0.0423688 0.310272 9.9982E-05
0.467311 0.0304938 9.9964E-05 9.9964E-05 0.123055 9.9964E-05 0.0553642 0.323376 9.9964E-05
0.292109 9.9955E-05 9.9955E-05 0.0932753 9.9955E-05 9.9955E-05 9.9955E-05 0.566125 0.0479911
0.43946 0.0339865 0.104534 0.0457316 0.0584388 0.0745477 9.9991E-05 0.215092 0.0281089
9.9955E-05 0.256884 0.532218 9.9955E-05 9.9955E-05 9.9955E-05 0.129499 9.9955E-05 0.0808986
9.9964E-05 0.169717 0.638475 9.9964E-05 9.9964E-05 9.9964E-05 0.13336 0.0356477 0.0224004
9.9955E-05 0.115145 0.757057 9.9955E-05 9.9955E-05 9.9955E-05 0.0968247 9.9955E-05 0.0304735
9.9964E-05 0.126605 0.770609 9.9964E-05 0.0167057 9.9964E-05 0.0403433 9.9964E-05 0.0453369
0.0361707 0.169128 0.698909 9.9964E-05 9.9964E-05 9.9964E-05 0.0396641 9.9964E-05 0.0557284
0.10514 0.068665 0.0338757 9.9973E-05 0.158306 9.9973E-05 0.00321307 0.6305 9.9973E-05
