9.9946E-05 9.9946E-05 0.588678 9.9946E-05 9.9946E-05 9.9946E-05 0.327981 9.9946E-05 0.0827411
9.9946E-05 9.9946E-05 0.622359 9.9946E-05 9.9946E-05 9.9946E-05 0.352171 9.9946E-05 0.0248699
0.0236278 9.9973E-05 0.552333 9.9973E-05 0.0278757 0.0306524 0.355585 0.00962671 9.9973E-05
0.132444 0.00806208 0.627209 9.9955E-05 9.9955E-05 9.9955E-05 0.231785 9.9955E-05 9.9955E-05
0.0571466 9.9946E-05 0.63727 9.9946E-05 9.9946E-05 9.9946E-05 0.304983 9.9946E-05 9.9946E-05
0.0134397 0.00945368 9.9991E-05 0.00285161 0.0157367 0.135386 0.718643 0.044599 0.0597905
9.9946E-05 9.9946E-05 0.0276181 9.9946E-05 9.9946E-05 0.134397 0.837385 9.9946E-05 9.9946E-05
9.9946E-05 0.0269463 9.9946E-05 9.9946E-05 9.9946E-05 0.162038 0.810416 9.9946E-05 9.9946E-05
9.99549E-05 0.156075 0.578799 9.99549E-05 9.99549E-05 0.00901955 0.255607 9.99549E-05 9.99549E-05
0.00906298 0.0251128 0.116949 0.031962 9.9973E-05 0.0922698 0.724344 9.9973E-05 9.9973E-05
0.0339887 0.0302356 0.0369909 9.9973E-05 9.9973E-05 0.110388 0.769684 9.9973E-05 0.0184135
0.258426 0.460503 0.0250924 9.9973E-05 0.0337104 0.107177 9.9973E-05 0.114792 9.9973E-05
0.588676 0.195786 0.101777 0.0149781 0.0220968 9.9973E-05 9.9973E-05 0.0763863 9.9973E-05
0.30213 0.45502 0.0116756 9.9982E-05 0.0752559 0.0795475 9.9982E-05 0.0703301 0.00584126
0.282814 0.440873 0.026893 0.00207082 0.0747607 0.0527579 9.9991E-05 0.0346264 0.0851036
0.459016 0.25309 9.9991E-05 0.00851009 0.0697666 0.0839822 0.0815065 0.0361346 0.00789468
0.58712 0.174667 0.0209161 0.0159438 0.0963905 0.0615635 9.9982E-05 0.0431996 9.9982E-05
0.460388 0.254628 0.0104151 9.9982E-05 0.0539116 0.0522225 9.9982E-05 0.138637 0.029598
0.27803 0.4099 0.0908149 9.9973E-05 0.0732853 0.133439 9.9973E-05 0.0142311 9.9973E-05
0.0831148 0.677926 0.0139268 9.9964E-05 9.9964E-05 0.173228 9.9964E-05 0.0514051 9.9964E-05
0.468629 0.298488 0.00788157 0.00729556 0.0518461 0.0979568 0.0207768 0.0470267 9.9991E-05
0.464615 0.164683 0.0144519 0.0723122 0.0285405 0.216918 9.9982E-05 0.0382799 9.9982E-05
0.523165 0.162906 0.0280669 0.0287171 0.0574073 0.0303219 0.0400627 0.129254 9.9991E-05
0.250501 0.411736 0.0434052 9.9973E-05 0.0604757 0.165276 9.9973E-05 0.0683059 9.9973E-05
0.620645 0.0933869 0.0390129 0.0648851 0.0281294 0.0312131 0.0358576 0.0288139 0.0580562
0.547654 0.252911 0.0646947 9.9973E-05 0.0352504 0.0515324 9.9973E-05 0.0476578 9.9973E-05
0.270599 0.465228 0.0340735 0.000858214 0.00898574 0.0879911 0.046862 0.0853029 9.9991E-05
0.306103 0.399116 0.0571596 9.9973E-05 0.0743665 0.101474 9.9973E-05 0.0614808 9.9973E-05
0.264044 0.446406 9.9964E-05 9.9964E-05 0.0196867 0.178661 9.9964E-05 0.0908022 9.9964E-05
0.0591915 9.9946E-05 0.931236 9.9946E-05 0.00897242 9.9946E-05 9.9946E-05 9.9946E-05 9.9946E-05
0.0976006 9.9946E-05 0.900406 9.9946E-05 0.00139341 9.9946E-05 9.9946E-05 9.9946E-05 9.9946E-05
0.07898 0.00557711 0.735363 9.9973E-05 0.087032 9.9973E-05 0.0777909 9.9973E-05 0.0149575
0.146012 9.9964E-05 0.727278 9.9964E-05 0.05266 9.9964E-05 0.00665528 9.9964E-05 0.0669949
0.502614 0.0682259 0.0375929 9.9973E-05 9.9973E-05 0.0767815 0.054648 0.259838 9.9973E-05
0.514189 0.0588676 0.0719165 9.9982E-05 0.0263168 9.9982E-05 0.0208462 0.253839 0.0538246
0.512411 9.9982E-05 0.00326132 0.00117509 0.0251447 9.9982E-05 0.00268912 0.446944 0.00817541
0.195799 0.633899 0.0306993 0.0308018 9.9982E-05 9.9982E-05 0.00233684 0.0897891 0.0164753
0.221425 9.9982E-05 0.0126493 0.0618713 0.0192241 0.0777792 9.9982E-05 0.606016 0.000834387
0.499463 0.115607 0.0785068 9.9982E-05 0.0051033 9.9982E-05 0.00497791 0.216654 0.0794883
0.682791 9.9973E-05 0.0233356 9.9973E-05 9.9973E-05 0.0431383 0.0327804 0.181878 0.0357775
0.567236 0.063175 9.9964E-05 9.9964E-05 9.9964E-05 0.245621 0.104849 0.0187198 9.9964E-05
0.613158 0.0655429 0.0639971 0.0262983 0.0256402 0.157532 0.013687 0.0340454 9.9991E-05
0.146115 0.15611 0.0410666 9.9955E-05 9.9955E-05 9.9955E-05 9.9955E-05 0.656209 9.9955E-05
0.640364 0.0384469 9.9973E-05 0.00639461 9.9973E-05 0.232113 0.0455899 9.9973E-05 0.0367914
0.564734 9.9982E-05 0.0567407 9.9982E-05 0.0359641 0.0417663 0.0206708 0.243825 0.0360985
0.567923 0.0477348 0.0474154 0.0451331 0.0215314 0.0611588 0.110786 0.0982168 9.9991E-05
0.324355 9.9964E-05 9.9964E-05 0.0287599 9.9964E-05 0.0215614 9.9964E-05 0.615787 0.0091375
0.53605 0.0263238 0.0213938 9.9973E-05 9.9973E-05 9.9973E-05 0.0800569 0.280542 0.055333
0.51828 0.00842362 0.0864591 0.0886543 0.0177136 0.0222999 0.0860024 0.140732 0.0314351
9.9964E-05 0.00711108 0.00879985 0.0437197 9.9964E-05 0.294506 9.9964E-05 0.645464 9.9964E-05
0.195488 0.609768 9.9964E-05 0.0137539 9.9964E-05 0.0697341 9.9964E-05 0.110855 9.9964E-05
0.143876 0.243894 9.9982E-05 0.170014 0.0277543 0.221289 9.9982E-05 0.130253 0.0627194
0.545934 0.160136 0.0927708 0.047306 0.0696659 0.0315745 9.9991E-05 0.0489802 0.00353259
0.553447 0.0903317 0.0361853 0.00626241 9.9982E-05 0.137132 9.9982E-05 0.0456418 0.1308
0.589202 0.110751 9.9973E-05 0.0709797 9.9973E-05 0.0438348 0.0761531 9.9973E-05 0.108779
0.204699 0.508805 0.106313 9.9982E-05 0.00790033 0.0659327 9.9982E-05 0.102746 0.00340407
0.521336 0.288674 0.0182771 0.0280968 0.0143798 0.0155586 9.9991E-05 0.0570675 0.05651
0.531777 0.114336 0.0882458 0.0552535 0.069554 0.0376846 0.00227947 0.100769 9.9991E-05
0.351685 0.272268 0.0491507 0.0805338 0.0577412 0.0267568 0.057799 0.103966 9.9991E-05
0.148288 0.473078 0.12289 9.9991E-05 0.0255143 0.100408 0.0403617 0.0841608 0.00519768
0.542753 0.189758 0.0510707 0.00897461 9.9991E-05 0.0522014 0.020747 0.0629624 0.071433
0.462337 0.216312 0.0366176 0.0735106 0.0179969 0.0163836 0.0316322 0.0852078 0.0600029
0.112212 0.526649 0.0692004 9.9964E-05 9.9964E-05 0.154688 9.9964E-05 0.13685 9.9964E-05
0.458286 0.349149 0.0265142 0.0686068 0.00413269 9.9973E-05 9.9973E-05 0.0930115 9.9973E-05
0.536921 0.0939573 0.0357889 0.112369 0.0184468 0.0465868 0.0200973 0.0841902 0.0516426
0.619299 0.117801 0.0978339 0.0214169 0.00830532 0.0731306 0.00530093 0.0169399 0.0399723
0.259999 0.369443 0.0641396 0.00846008 0.076367 0.086756 0.010015 0.12472 9.9991E-05
0.576445 0.210145 9.9982E-05 0.048607 0.0396945 0.0361765 0.0425285 0.0462033 9.9982E-05
0.561861 0.184099 0.0537075 0.0850298 0.0361174 0.015406 0.0190236 0.0397598 0.00499569
0.255789 0.454272 0.00817158 0.0173057 9.9982E-05 0.124455 0.0473548 0.0924525 9.9982E-05
0.494244 9.9955E-05 0.00855665 9.9955E-05 9.9955E-05 9.9955E-05 0.0263609 0.470339 9.9955E-05
0.195764 0.0887991 9.9955E-05 9.9955E-05 9.9955E-05 9.9955E-05 0.0371508 0.677786 9.9955E-05
0.451343 0.05182 0.0211374 0.0201955 9.9991E-05 0.0195111 0.121204 0.258183 0.056506
9.9955E-05 9.9955E-05 9.9955E-05 0.025015 9.9955E-05 0.104321 9.9955E-05 0.852548 0.0176164
9.9946E-05 9.9946E-05 9.9946E-05 0.043006 9.9946E-05 0.0988803 9.9946E-05 0.857514 9.9946E-05
0.22564 9.9955E-05 9.9955E-05 0.0260636 9.9955E-05 0.026038 9.9955E-05 0.721759 9.9955E-05
0.463236 0.0716794 9.9955E-05 9.9955E-05 9.9955E-05 9.9955E-05 0.0662175 0.398367 9.9955E-05
0.483581 0.0694803 0.0910417 0.0624732 0.0709789 0.0117344 0.0352291 0.173803 0.00167839
0.468091 9.9973E-05 9.9973E-05 0.0293934 0.0401212 0.00304379 0.00950734 0.449544 9.9973E-05
0.168349 0.135439 0.0299987 9.9964E-05 9.9964E-05 9.9964E-05 0.0321634 0.63365 9.9964E-05
0.240483 0.136715 9.9955E-05 9.9955E-05 9.9955E-05 9.9955E-05 0.0464584 0.575844 9.9955E-05
0.477987 0.00891922 0.0475786 0.0040029 0.0518558 0.0427602 0.0371872 0.295266 0.0344438
0.350357 0.040685 0.0135013 9.9982E-05 0.00747299 9.9982E-05 0.0480273 0.532597 0.00715943
0.440169 0.0554625 0.0425283 9.9955E-05 9.9955E-05 9.9955E-05 9.9955E-05 0.461341 9.9955E-05
0.415627 9.9982E-05 9.9982E-05 0.0373578 0.0139771 0.0393552 0.0355424 0.457578 0.000361783
9.9946E-05 9.9946E-05 9.9946E-05 0.111848 9.9946E-05 0.198434 9.9946E-05 0.689119 9.9946E-05
0.574223 9.9991E-05 0.033386 0.0314663 0.00410262 0.0512624 0.0243026 0.216778 0.064379
0.0780738 0.0662281 0.633957 9.9964E-05 9.9964E-05 9.9964E-05 0.217081 9.9964E-05 0.00426018
0.0893678 9.9937E-05 0.909933 9.9937E-05 9.9937E-05 9.9937E-05 9.9937E-05 9.9937E-05 9.9937E-05
0.102101 9.9955E-05 0.860171 9.9955E-05 0.00869608 9.9955E-05 9.9955E-05 9.9955E-05 0.0285318
0.0415774 9.9955E-05 0.915091 9.9955E-05 0.0414576 9.9955E-05 0.00137415 9.9955E-05 9.9955E-05
9.9955E-05 9.9955E-05 0.886488 0.00305757 0.0357525 9.9955E-05 0.0742019 9.9955E-05 9.9955E-05
0.0856292 9.9955E-05 0.840339 9.9955E-05 0.0350135 9.9955E-05 0.0385186 9.9955E-05 9.9955E-05
0.0838422 9.9946E-05 0.882897 9.9946E-05 9.9946E-05 9.9946E-05 0.0326613 9.9946E-05 9.9946E-05
0.574419 0.0580658 0.0959548 0.0314542 0.00214399 9.9991E-05 0.0176426 0.172027 0.0481921
0.511766 0.116428 0.0170457 9.9991E-05 0.0508308 0.04742 0.0487594 0.175288 0.0323625
0.0272793 0.141199 0.00589252 0.0176496 9.9973E-05 9.9973E-05 0.0664589 0.741221 9.9973E-05
0.5716 0.0650822 0.0621753 0.0693633 9.9991E-05 0.00193728 0.0477547 0.13036 0.0516279
0.384909 0.0748217 0.0281566 0.0166465 9.9973E-05 9.9973E-05 0.0372596 0.457907 9.9973E-05
0.544622 0.0312223 0.0213997 9.9973E-05 0.0160865 9.9973E-05 0.0548901 0.33148 9.9973E-05
0.533113 9.9973E-05 0.0419453 0.0428433 9.9973E-05 0.0926043 9.9973E-05 0.260532 0.0286626
0.454149 0.0117949 9.9982E-05 0.0581185 0.0412354 9.9982E-05 0.00630211 0.377833 0.0503671
0.0184974 0.242838 0.0230713 9.9964E-05 9.9964E-05 9.9964E-05 0.0270015 0.688192 9.9964E-05
0.492236 0.0832881 0.145187 0.0492141 0.00263181 9.9982E-05 9.9982E-05 0.171761 0.0554824
0.656321 0.0233254 0.0172346 0.0508879 0.0039415 0.0212562 0.0443277 0.141818 0.0408875
0.564007 0.0613977 0.140716 0.0189919 0.0527925 0.0400927 0.000343291 0.121559 9.9991E-05
0.211758 0.0290299 0.00623857 0.0556801 0.0321153 0.135649 9.9991E-05 0.502985 0.0264433
0.487141 9.9964E-05 9.9964E-05 0.0636686 0.0286197 9.9964E-05 0.01166 0.408511 9.9964E-05
0.486474 0.108183 0.0265097 9.9955E-05 9.9955E-05 9.9955E-05 9.9955E-05 0.378333 9.9955E-05
0.382906 9.9973E-05 9.9973E-05 0.0569457 0.0273359 0.0188839 0.00131358 0.512315 9.9973E-05
0.459088 0.0991891 0.0518725 9.9964E-05 9.9964E-05 9.9964E-05 0.0382191 0.351231 9.9964E-05
0.500757 0.0854337 0.0864383 0.032039 0.0444895 0.0542772 0.0107534 0.163525 0.0222873
0.28723 0.369783 9.9982E-05 0.155456 0.0143362 0.0950004 9.9982E-05 0.00236509 0.0756291
0.407803 0.332154 0.0378809 9.9982E-05 9.9982E-05 0.0988581 0.0493595 0.0329352 0.0408094
0.577191 0.163138 0.162551 0.00611638 0.0569423 0.0337618 9.9973E-05 9.9973E-05 9.9973E-05
0.513786 0.19637 0.0590812 0.0274889 0.047316 9.9991E-05 0.0103048 0.042237 0.103317
0.540648 0.34982 0.0469025 0.0374356 9.9973E-05 0.000710276 9.9973E-05 0.0241833 9.9973E-05
0.650546 0.215424 0.0524367 0.0215068 9.9982E-05 0.0172643 9.9982E-05 0.00112644 0.0414954
0.495452 0.402017 0.0592351 0.00802014 0.0101673 0.00714325 0.00944936 0.00841639 9.9991E-05
0.523158 0.160639 0.0667875 0.0809507 0.0217745 0.0159674 9.9991E-05 0.0621224 0.0685008
0.624432 0.146286 0.0145839 0.0870033 0.0454261 9.9973E-05 0.0819691 9.9973E-05 9.9973E-05
0.610083 0.221847 0.0718985 0.0643338 9.9973E-05 0.0264833 9.9973E-05 0.00505453 9.9973E-05
0.572203 0.303872 9.9982E-05 0.0217982 9.9982E-05 0.00241589 0.067108 0.0313095 0.0010931
0.581572 0.0986857 0.000561948 0.114552 0.00992782 0.0261807 0.0644193 0.0281664 0.075934
0.561663 0.110719 0.0398896 0.0302436 9.9982E-05 0.0739184 0.0466148 9.9982E-05 0.136751
0.59675 0.183077 9.9982E-05 0.0520357 0.0638376 0.0505589 9.9982E-05 0.00756135 0.0459795
0.528658 0.181464 0.0872972 0.0407002 0.0696493 0.0891783 9.9982E-05 9.9982E-05 0.00285265
0.549936 0.18308 0.00945634 0.148588 0.0709584 0.0193239 9.9982E-05 0.0184583 9.9982E-05
0.289291 0.26989 0.0286734 0.090124 9.9982E-05 0.154029 9.9982E-05 0.0167919 0.151
0.607404 0.157745 0.0311916 0.0515865 0.00171665 0.0250482 0.0187799 0.0400137 0.0665142
0.667601 0.120952 9.9973E-05 0.0668609 0.0326439 0.0442245 0.0674173 9.9973E-05 9.9973E-05
0.261906 0.531987 9.9982E-05 0.013094 9.9982E-05 0.0353581 0.051753 0.0782529 0.0274494
0.174392 0.296521 9.9982E-05 0.226616 0.00644683 0.201569 9.9982E-05 0.0606784 0.0335771
0.521726 0.200313 9.9982E-05 0.035982 0.0473631 0.0603947 0.07617 0.0578517 9.9982E-05
0.0735784 0.33745 9.9973E-05 0.249338 0.0134247 0.22458 9.9973E-05 0.101329 9.9973E-05
0.362202 0.534335 9.9964E-05 0.0262844 9.9964E-05 9.9964E-05 0.0176114 0.059167 9.9964E-05
0.441678 0.43011 9.9964E-05 0.0830581 9.9964E-05 9.9964E-05 9.9964E-05 0.0315408 0.0132126
0.393645 0.44571 0.0384361 9.9964E-05 9.9964E-05 0.00382767 9.9964E-05 0.117982 9.9964E-05
0.357688 0.489044 9.9964E-05 0.0212371 9.9964E-05 0.0348934 9.9964E-05 0.0967377 9.9964E-05
0.584367 0.181098 0.0565877 0.0591374 9.9991E-05 0.00967974 0.0285908 0.061281 0.0191584
0.568847 0.121745 0.0599598 0.0481353 0.0182944 9.9991E-05 0.0596236 0.0645976 0.0586982
0.619373 0.183761 0.0737987 0.071851 0.00578859 9.9982E-05 9.9982E-05 0.041134 0.00409348
0.185569 0.382588 9.9973E-05 0.181846 9.9973E-05 0.144996 9.9973E-05 0.0619971 0.0427036
0.517221 0.0295597 0.0561926 0.0155578 9.9991E-05 0.11274 0.0727868 0.0774512 0.11839
0.471263 0.0461828 0.03926 0.0885235 0.0346593 0.272446 9.9991E-05 0.0119601 0.0356045
9.9964E-05 0.111977 0.06978 0.121584 9.9964E-05 0.599375 9.9964E-05 0.0968838 9.9964E-05
0.624809 0.033402 0.0422791 9.9982E-05 0.0779892 0.172225 0.0134308 0.035665 9.9982E-05
0.290349 0.0391237 0.0670667 0.103756 0.0514946 0.313132 0.00936668 0.125612 9.9991E-05
0.450914 0.0763405 0.0751276 0.0517997 0.0318709 0.201611 9.9991E-05 0.0286364 0.0835997
0.292309 0.109734 0.039257 0.0482319 9.9973E-05 0.464266 9.9973E-05 0.0459023 9.9973E-05
0.118241 0.157012 0.0475098 0.11657 9.9973E-05 0.502518 9.9973E-05 0.0578502 9.9973E-05
0.407429 0.0985467 0.00894116 0.0558468 9.9982E-05 0.340181 9.9982E-05 0.0614038 0.0274512
0.424767 0.13718 0.0298629 0.0117713 0.0643971 0.155152 0.093145 0.0296563 0.0540678
0.400263 0.131568 0.0747524 9.9991E-05 0.0380944 0.1898 0.0615823 0.0684223 0.0354179
0.126558 0.132264 0.0389194 0.114341 0.0510608 0.384528 9.9982E-05 0.152129 9.9982E-05
0.484886 0.0797107 0.0391783 0.0515052 0.0532541 0.121252 0.0387881 0.0930627 0.0383632
0.353992 0.0792764 9.9964E-05 0.0933682 9.9964E-05 0.382893 9.9964E-05 0.0900702 9.9964E-05
0.440711 0.0964188 9.9964E-05 0.123897 9.9964E-05 0.268817 9.9964E-05 0.0697559 9.9964E-05
0.569059 0.0302869 0.10783 0.0208798 0.0364401 0.14992 0.027333 0.0546137 0.00363712
0.141676 9.9973E-05 0.292076 9.9973E-05 0.120226 0.236765 0.0378324 9.9973E-05 0.171125
9.9946E-05 9.9946E-05 0.430118 9.9946E-05 9.9946E-05 0.366885 9.9946E-05 9.9946E-05 0.202398
9.9964E-05 9.9964E-05 0.334822 9.9964E-05 0.101034 0.428533 0.0938647 9.9964E-05 0.0413461
0.0453799 0.0374201 0.22579 9.9982E-05 0.149444 0.280339 0.0364572 9.9982E-05 0.22497
0.644823 0.00711847 9.9964E-05 0.0373697 9.9964E-05 0.280218 9.9964E-05 0.0300706 9.9964E-05
0.650408 0.0050009 0.0994465 0.0288372 0.0385836 0.130586 9.9982E-05 0.0469379 9.9982E-05
0.316237 0.00463303 9.9964E-05 9.9964E-05 0.653676 9.9964E-05 9.9964E-05 0.001181 0.0238734
0.374671 0.105548 0.0262464 0.0462906 0.446844 9.9964E-05 9.9964E-05 9.9964E-05 9.9964E-05
0.329978 0.0656901 0.0227938 0.0244336 0.34066 9.9991E-05 0.0432834 0.0842014 0.0888598
0.31237 0.0428064 9.9964E-05 0.169035 9.9964E-05 0.468678 9.9964E-05 0.00671079 9.9964E-05
0.474011 0.140018 0.0603532 0.0371292 0.0359537 0.155353 0.0427495 0.054333 9.9991E-05
0.268514 0.0773849 9.9964E-05 0.135584 9.9964E-05 0.504478 9.9964E-05 0.0136397 9.9964E-05
0.57697 9.9964E-05 0.00926597 0.084227 9.9964E-05 0.273473 0.0556635 9.9964E-05 9.9964E-05
0.512781 0.0797397 0.0032489 0.0864323 9.9991E-05 0.279372 0.0114326 0.00238431 0.0245089
0.617439 9.9955E-05 9.9955E-05 0.0571207 9.9955E-05 0.317244 0.00769728 9.9955E-05 9.9955E-05
0.230106 0.0144283 9.9964E-05 0.0843532 9.9964E-05 0.622416 9.9964E-05 0.0482968 9.9964E-05
0.65365 9.9973E-05 0.0272935 0.0285665 0.0324374 0.212835 9.9973E-05 0.0449181 9.9973E-05
0.62934 0.00148364 0.0786993 0.0188065 0.0249506 0.228975 0.0175449 9.9982E-05 9.9982E-05
0.0379362 9.9955E-05 9.9955E-05 9.9955E-05 0.920823 9.9955E-05 0.0119406 9.9955E-05 0.0288005
0.0752845 9.9946E-05 9.9946E-05 0.0217375 0.902378 9.9946E-05 9.9946E-05 9.9946E-05 9.9946E-05
0.299609 0.0417776 0.0107578 9.9982E-05 0.51065 9.9982E-05 0.0907263 0.0210455 0.0252337
0.365777 9.9955E-05 0.00977683 0.00213434 0.621812 9.9955E-05 9.9955E-05 9.9955E-05 9.9955E-05
0.119697 0.0166396 9.9964E-05 9.9964E-05 0.791331 9.9964E-05 9.9964E-05 0.040244 0.0316881
9.993E-05 9.993E-05 9.993E-05 9.993E-05 0.999201 9.993E-05 9.993E-05 9.993E-05 9.993E-05
9.9955E-05 0.0430242 0.00813751 0.0158168 0.932522 9.9955E-05 9.9955E-05 9.9955E-05 9.9955E-05
0.145404 0.010205 9.9955E-05 9.9955E-05 0.843315 9.9955E-05 9.9955E-05 0.000576366 9.9955E-05
9.9937E-05 0.0668588 9.9937E-05 9.9937E-05 0.932442 9.9937E-05 9.9937E-05 9.9937E-05 9.9937E-05
9.993E-05 9.993E-05 9.993E-05 9.993E-05 0.999201 9.993E-05 9.993E-05 9.993E-05 9.993E-05
9.993E-05 9.993E-05 9.993E-05 9.993E-05 0.999201 9.993E-05 9.993E-05 9.993E-05 9.993E-05
0.259202 9.9946E-05 0.0265482 9.9946E-05 0.71365 9.9946E-05 9.9946E-05 9.9946E-05 9.9946E-05
0.136634 0.0414341 0.0439054 9.9982E-05 0.728207 9.9982E-05 0.0133265 0.00219254 0.0340998
9.993E-05 9.993E-05 9.993E-05 9.993E-05 0.999201 9.993E-05 9.993E-05 9.993E-05 9.993E-05
0.335194 0.0332671 0.0290851 0.050543 0.318351 0.066017 0.0506361 0.0284006 0.0885066
0.237496 0.0198774 9.99808E-05 9.99808E-05 0.568739 9.99808E-05 0.0484411 0.00295491 0.122192
0.127437 9.9955E-05 9.9955E-05 9.9955E-05 0.751723 9.9955E-05 0.0507482 9.9955E-05 0.0695914
0.109758 0.000425222 9.9973E-05 9.9973E-05 0.867945 9.9973E-05 0.00924776 0.00558062 0.00674381
9.9937E-05 9.9937E-05 9.9937E-05 9.9937E-05 0.942015 9.9937E-05 9.9937E-05 9.9937E-05 0.0572856
0.0209349 9.9964E-05 0.0111849 9.9964E-05 0.922685 9.9964E-05 0.0168581 9.9964E-05 0.0279371
9.9937E-05 9.9937E-05 9.9937E-05 9.9937E-05 0.990282 0.009018 9.9937E-05 9.9937E-05 9.9937E-05
0.199727 0.0166792 0.0313634 0.0304302 0.600627 0.00817757 0.0511122 0.0278842 0.0339983
0.0136114 9.9973E-05 0.0325857 9.9973E-05 0.903435 9.9973E-05 0.00708941 0.0413972 0.00158149
9.9973E-05 9.9973E-05 0.171803 0.0624444 0.0340554 0.615514 0.062345 9.9973E-05 0.0535374
0.341393 0.0429638 0.146533 9.9991E-05 0.0557245 0.293432 0.0266022 0.00100769 0.0922434
0.472876 9.9973E-05 0.124059 0.0279168 9.9973E-05 0.270666 0.052379 9.9973E-05 0.0518032
0.179402 0.0187952 0.0887719 9.9982E-05 0.042739 0.499405 0.0440795 9.9982E-05 0.126607
0.476741 0.0155178 0.0592344 0.0167248 0.099331 0.149875 0.0467556 0.0828317 0.0529887
0.105976 9.9991E-05 0.12672 0.00158778 0.0497403 0.529625 0.0592598 0.00478924 0.122202
0.399007 0.0916268 0.0429965 0.0971845 0.0321763 0.109117 0.103914 0.0127074 0.11127
0.293249 9.9973E-05 0.00346561 9.9973E-05 0.10596 0.38508 0.165491 9.9973E-05 0.0464541
0.426279 9.9973E-05 0.108036 0.0293946 9.9973E-05 0.210892 0.0273785 9.9973E-05 0.197719
0.325379 9.9982E-05 0.0873353 9.9982E-05 0.0826961 0.305214 0.0794075 0.0460739 0.0736944
0.41695 0.016726 0.114683 0.00685016 0.0916824 0.18243 0.0569523 0.0491373 0.0645893
0.0396145 9.9964E-05 0.680327 0.0311262 9.9964E-05 0.00380206 0.24473 9.9964E-05 9.9964E-05
9.9973E-05 9.9973E-05 0.70279 0.0147376 0.0260958 9.9973E-05 0.192853 0.00247439 0.0607492
0.0187602 0.00379437 0.759155 9.9955E-05 9.9955E-05 9.9955E-05 0.217791 9.9955E-05 9.9955E-05
9.9946E-05 9.9946E-05 0.832568 9.9946E-05 9.9946E-05 9.9946E-05 0.16301 0.00382228 9.9946E-05
0.0513785 9.9955E-05 0.766423 9.9955E-05 9.9955E-05 9.9955E-05 0.181076 9.9955E-05 0.000622495
9.9946E-05 9.9946E-05 0.692737 9.9946E-05 9.9946E-05 9.9946E-05 0.27044 9.9946E-05 0.0362231
0.0469474 0.0205325 0.713977 9.9964E-05 0.00529157 9.9964E-05 0.212851 9.9964E-05 9.9964E-05
9.9955E-05 0.0281441 0.750653 9.9955E-05 9.9955E-05 9.9955E-05 0.216149 9.9955E-05 0.00455422
0.0154923 9.9964E-05 0.73742 9.9964E-05 0.00858087 9.9964E-05 0.18172 0.056386 9.9964E-05
9.9964E-05 0.00333655 0.680089 9.9964E-05 9.9964E-05 0.0269687 0.219781 9.9964E-05 0.0694243
9.9964E-05 0.291444 0.386693 9.9964E-05 9.9964E-05 0.0524838 0.226326 0.0426536 9.9964E-05
9.9973E-05 0.361463 0.439953 0.0117031 9.9973E-05 0.00994115 0.168938 0.00770085 9.9973E-05
9.9964E-05 0.323818 0.397813 9.9964E-05 9.9964E-05 0.0795767 0.151112 0.04728 9.9964E-05
9.9964E-05 0.406279 0.270818 9.9964E-05 9.9964E-05 0.100294 0.19444 0.0277691 9.9964E-05
0.474187 0.135083 0.0814457 9.9973E-05 9.9973E-05 0.0183427 9.9973E-05 0.255265 0.0353768
0.481838 0.0612027 0.0148192 0.0468678 0.0304037 9.9982E-05 0.0350471 0.329621 9.9982E-05
0.524854 0.208706 9.9973E-05 9.9973E-05 0.0418719 9.9973E-05 0.0415513 0.176243 0.00647442
0.38108 0.241025 0.0531909 9.9955E-05 9.9955E-05 9.9955E-05 9.9955E-05 0.324204 9.9955E-05
0.246568 0.616105 9.9973E-05 0.0275915 0.010462 0.0374205 9.9973E-05 0.0615532 9.9973E-05
0.641382 0.0597737 0.0601211 0.0281615 0.0183525 9.9973E-05 9.9973E-05 0.191909 9.9973E-05
0.587973 0.141465 9.9955E-05 9.9955E-05 0.0321071 9.9955E-05 9.9955E-05 0.237955 9.9955E-05
0.540533 0.0393711 9.9973E-05 0.0374682 9.9973E-05 0.0881373 9.9973E-05 0.261273 0.0329171
0.34767 9.9955E-05 9.9955E-05 0.0721294 9.9955E-05 9.9955E-05 9.9955E-05 0.538751 0.04095
0.648677 0.025877 0.0607602 0.0563231 0.010755 0.0426629 0.022022 0.132822 9.9991E-05
0.449001 0.049891 0.0296583 9.9964E-05 0.00266808 9.9964E-05 9.9964E-05 0.468382 9.9964E-05
9.9946E-05 9.9946E-05 9.9946E-05 0.184784 9.9946E-05 0.02862 9.9946E-05 0.785997 9.9946E-05
0.545495 0.128868 0.0765655 0.0132477 0.0088759 9.9982E-05 9.9982E-05 0.14553 0.081218
0.155783 9.9955E-05 9.9955E-05 0.10869 9.9955E-05 0.13493 9.9955E-05 0.600097 9.9955E-05
0.501092 0.00375175 9.9973E-05 0.0526749 0.01642 9.9973E-05 0.0399819 0.385779 9.9973E-05
0.127288 0.202236 0.0131128 9.9955E-05 9.9955E-05 9.9955E-05 9.9955E-05 0.656863 9.9955E-05
9.9946E-05 0.775205 9.9946E-05 9.9946E-05 9.9946E-05 0.0448905 0.179305 9.9946E-05 9.9946E-05
0.0738542 0.715291 9.9964E-05 0.0361598 9.9964E-05 0.0353645 0.138931 9.9964E-05 9.9964E-05
0.0461525 0.771637 9.9964E-05 0.0222681 9.9964E-05 0.0368881 0.122654 9.9964E-05 9.9964E-05
9.9964E-05 0.791795 9.9964E-05 0.000650264 9.9964E-05 0.0513981 0.147926 0.00783037 9.9964E-05
0.116409 0.759936 9.9955E-05 0.0133671 9.9955E-05 9.9955E-05 0.109789 9.9955E-05 9.9955E-05
0.109123 0.731148 9.9973E-05 0.0239623 0.00639169 0.00347466 0.1256 9.9973E-05 9.9973E-05
0.0289751 9.9964E-05 0.813612 9.9964E-05 0.0609869 9.9964E-05 0.0632985 0.032728 9.9964E-05
0.106464 0.0287264 0.789713 9.9982E-05 0.00449162 9.9982E-05 0.0411731 0.00667633 0.0225559
0.166946 0.00278314 0.722285 9.9964E-05 0.0368438 9.9964E-05 0.070743 9.9964E-05 9.9964E-05
0.0326172 0.016578 0.739884 9.9973E-05 0.0661695 9.9973E-05 0.10733 0.0371215 9.9973E-05
0.152207 0.00571394 0.794681 9.9973E-05 0.04266 0.00357744 9.9973E-05 0.000860079 9.9973E-05
9.9955E-05 0.536966 0.147401 9.9955E-05 9.9955E-05 0.0613346 0.253798 9.9955E-05 9.9955E-05
9.9964E-05 0.503527 0.214083 0.0508001 9.9964E-05 0.00117448 0.230015 9.9964E-05 9.9964E-05
9.9955E-05 0.507662 0.170273 0.035333 9.9955E-05 9.9955E-05 0.286232 9.9955E-05 9.9955E-05
0.105141 9.9937E-05 0.89416 9.9937E-05 9.9937E-05 9.9937E-05 9.9937E-05 9.9937E-05 9.9937E-05
9.9955E-05 0.52051 0.126142 0.0486779 9.9955E-05 9.9955E-05 0.304171 9.9955E-05 9.9955E-05
0.210835 9.9982E-05 0.178846 0.0269701 0.10533 0.103938 0.0294408 9.9982E-05 0.34444
0.518013 0.0402317 0.019642 0.0199863 0.0733356 0.00288659 0.12242 9.9991E-05 0.203385
0.521399 9.9964E-05 0.0935903 9.9964E-05 0.124159 9.9964E-05 0.0844467 9.9964E-05 0.176006
0.252513 9.9991E-05 0.176804 0.00411849 0.106047 0.112875 0.0725387 0.0155124 0.259491
0.552727 0.0781579 0.120433 0.0244635 0.0718664 0.0324623 0.0523058 9.9991E-05 0.0674845
9.9955E-05 9.9955E-05 0.356352 9.9955E-05 0.0119394 0.20764 9.9955E-05 9.9955E-05 0.423569
0.465253 0.404786 9.9973E-05 0.0122291 9.9973E-05 0.0669853 0.0220355 0.0284116 9.9973E-05
0.447422 0.178154 9.9982E-05 0.162166 0.000681157 0.152933 9.9982E-05 0.0458014 0.0126433
0.322735 0.518622 0.00701361 0.0267484 9.9973E-05 0.0496492 9.9973E-05 0.0749323 9.9973E-05
0.528484 0.130982 9.9973E-05 0.164487 9.9973E-05 0.122673 9.9973E-05 0.0472166 0.00585819
9.9955E-05 0.312067 9.9955E-05 0.315361 9.9955E-05 0.314525 9.9955E-05 0.0575469 9.9955E-05
0.595476 0.131771 0.0496762 9.9991E-05 0.038091 0.0720295 0.0195609 0.0508594 0.0424359
0.542838 0.125097 0.0394264 0.148963 0.0217803 0.0824322 9.9991E-05 0.0173244 0.022038
0.365835 0.410281 0.0101398 0.0350925 9.9982E-05 0.0512332 0.0405793 0.086639 9.9982E-05
0.52494 0.163769 0.0504141 0.000163142 0.0376142 0.0481922 0.0675963 0.107211 9.9991E-05
0.150639 0.291112 9.9964E-05 0.132996 9.9964E-05 0.261117 9.9964E-05 0.163735 9.9964E-05
0.56371 0.166662 0.0191603 0.105687 9.9982E-05 0.0891458 0.0248471 0.0305877 9.9982E-05
0.534057 0.286365 9.9973E-05 0.0247692 9.9973E-05 0.015802 0.0405829 0.098124 9.9973E-05
0.415889 0.0669358 0.0820161 0.0703385 0.0214451 0.0596276 0.00312825 0.0863556 0.194264
0.370193 0.2233 9.9973E-05 0.137056 9.9973E-05 0.149292 9.9973E-05 0.10903 0.0108289
0.405875 0.236831 9.9973E-05 0.0625195 9.9973E-05 0.148139 9.9973E-05 0.0764309 0.0699053
0.616019 0.144575 0.014778 0.110783 0.00680204 0.0690505 9.9982E-05 0.0377926 9.9982E-05
0.578456 0.137972 0.0137472 0.0980996 9.9973E-05 0.100602 9.9973E-05 0.0708227 9.9973E-05
0.694473 0.0861581 0.0262452 0.0510121 0.0312744 0.0304778 9.9991E-05 0.0463863 0.0338735
0.51968 0.17437 0.0206867 0.0550592 9.9991E-05 0.056663 0.061552 0.0280023 0.083887
0.515562 0.185066 0.0387444 0.0374308 9.9982E-05 9.9982E-05 0.00628134 0.121423 0.0952919
0.0185367 9.9946E-05 9.9946E-05 9.9946E-05 0.0287761 9.9946E-05 0.952088 9.9946E-05 9.9946E-05
0.0132791 9.9937E-05 9.9937E-05 9.9937E-05 9.9937E-05 9.9937E-05 0.986021 9.9937E-05 9.9937E-05
0.00762728 0.0182898 0.369882 0.0044295 0.00398294 0.010684 0.584904 9.9982E-05 9.9982E-05
9.9937E-05 9.9937E-05 9.9937E-05 9.9937E-05 0.0214461 9.9937E-05 0.977854 9.9937E-05 9.9937E-05
9.9937E-05 9.9937E-05 0.00333334 9.9937E-05 9.9937E-05 9.9937E-05 0.995967 9.9937E-05 9.9937E-05
0.130028 0.603177 0.0404552 9.9973E-05 0.0568226 0.0842819 9.9973E-05 0.0849361 9.9973E-05
0.525721 0.178605 0.0515378 0.0959289 0.0195962 0.0192435 0.0109225 0.0773519 0.0210936
0.384862 9.9982E-05 0.084553 0.000252828 0.0684825 0.14579 0.0696075 9.9982E-05 0.246252
0.647344 0.205572 9.9991E-05 0.0218097 0.0192297 0.0405069 0.029532 0.0125901 0.0233156
0.522955 0.337333 0.0307168 9.9982E-05 0.0231863 0.000403517 9.9982E-05 0.0755525 0.00965218
0.3097 0.317012 9.9973E-05 0.154358 9.9973E-05 0.17512 9.9973E-05 0.0163342 0.0271755
0.0395572 0.722203 0.0964506 0.00860512 9.9973E-05 0.0342953 9.9973E-05 0.0985885 9.9973E-05
0.435727 0.365989 9.9982E-05 0.0396434 0.0101085 0.0054818 0.0885048 0.0543453 9.9982E-05
0.279209 0.547774 0.0422558 0.0078426 0.0503889 0.0676066 9.9982E-05 0.00472307 9.9982E-05
0.480704 0.179946 0.0258528 0.0474908 9.9991E-05 0.099761 0.0158675 0.0867466 0.063531
0.172296 0.635347 0.0155766 0.0707084 0.0144749 0.0280672 0.0387344 9.9991E-05 0.0246964
0.512137 0.273807 0.0616683 9.9973E-05 0.0549345 9.9973E-05 9.9973E-05 0.0286664 0.0684869
0.158691 0.566853 0.0337609 9.9973E-05 9.9973E-05 0.0943641 9.9973E-05 0.0910771 0.0549536
0.241992 0.288411 9.9982E-05 0.154059 0.03941 0.112596 9.9982E-05 0.0602791 0.103054
0.508303 0.0971574 0.0219608 0.0206544 9.9982E-05 0.230448 9.9982E-05 0.0363514 0.0849248
0.321484 0.056391 9.9964E-05 0.0873002 9.9964E-05 0.484921 9.9964E-05 0.049504 9.9964E-05
0.55677 0.0183804 9.9973E-05 0.0252178 9.9973E-05 0.346778 0.0398994 9.9973E-05 0.0126552
0.548342 0.0851291 0.0762032 0.0077519 9.9982E-05 0.189981 0.0291291 9.9982E-05 0.0632645
0.287347 0.038093 9.9964E-05 0.0120901 9.9964E-05 0.597495 9.9964E-05 0.0645759 9.9964E-05
0.544577 0.124535 0.0265565 0.0340903 0.0560959 0.125354 0.0573265 0.031365 9.9991E-05
0.540026 9.9973E-05 0.0232684 0.0998005 9.9973E-05 0.279404 0.0253486 0.0318524 9.9973E-05
0.1445 0.0226706 9.9964E-05 0.124311 9.9964E-05 0.578459 9.9964E-05 0.129658 9.9964E-05
0.219624 0.0372993 9.9964E-05 0.0200204 9.9964E-05 0.678382 9.9964E-05 0.0442745 9.9964E-05
0.49306 0.0720006 9.9955E-05 0.0355219 9.9955E-05 0.398918 9.9955E-05 9.9955E-05 9.9955E-05
0.096807 0.070606 9.9964E-05 0.0719395 9.9964E-05 0.605091 9.9964E-05 0.155156 9.9964E-05
0.479554 0.0987554 9.9964E-05 0.0462326 9.9964E-05 0.36898 9.9964E-05 0.00607844 9.9964E-05
0.166433 0.665824 0.0248656 0.0195217 0.0116379 9.9973E-05 9.9973E-05 0.111419 9.9973E-05
0.176186 0.352193 9.9982E-05 0.23059 0.0403663 0.0618884 9.9982E-05 0.0772567 0.0613194
0.399352 0.425776 9.9982E-05 0.0173068 0.0350212 9.9982E-05 0.0360466 0.0348797 0.0514177
0.523784 0.235452 0.0034241 9.9991E-05 0.0024087 0.0317692 0.0138086 0.0852285 0.104025
0.214389 0.566182 9.9955E-05 9.9955E-05 9.9955E-05 9.9955E-05 9.9955E-05 0.159685 0.0592443
0.547448 0.136077 0.0903462 0.0266741 0.0310292 0.0849346 0.00890631 0.0744844 9.9991E-05
0.57357 0.215337 9.9982E-05 0.0702925 0.058465 9.9982E-05 0.0612771 0.0170313 0.00382791
0.500516 0.207672 0.0125384 0.092661 0.0145259 0.0363939 9.9991E-05 0.0502998 0.0852931
0.427374 0.278369 9.9973E-05 0.0439555 0.0470911 9.9973E-05 9.9973E-05 0.0995866 0.103324
0.470611 0.403549 0.00958527 0.0100786 0.0267503 9.9991E-05 0.0194765 0.0465456 0.013304
0.302429 0.50981 0.0154991 0.00819079 0.0189455 9.9982E-05 9.9982E-05 0.125933 0.0189925
0.437928 0.45435 9.9964E-05 0.0577883 0.0346162 9.9964E-05 9.9964E-05 0.0149179 9.9964E-05
0.558245 0.209714 9.9973E-05 0.0780093 9.9973E-05 0.0145039 9.9973E-05 0.0545366 0.0846908
0.593154 0.137646 9.9982E-05 0.0381714 0.0327034 0.0751818 0.0126422 9.9982E-05 0.110301
0.320185 0.239617 0.0541132 0.0689426 9.9982E-05 0.0888273 9.9982E-05 0.0936731 0.134442
0.418689 0.225177 9.9982E-05 0.0801915 0.0498338 0.00182755 9.9982E-05 0.104124 0.119957
0.371856 0.490703 9.9982E-05 0.00443948 0.012106 9.9982E-05 0.0207159 0.0491119 0.0508675
0.517386 0.292508 0.0319437 0.0204674 0.0298029 0.00839569 9.9991E-05 0.0389793 0.0604169
0.471672 0.286436 0.0247128 0.0696348 0.0679173 9.9982E-05 0.0168555 0.0625715 9.9982E-05
0.541281 0.181238 0.0908191 0.0466385 0.061096 0.0786272 9.9973E-05 9.9973E-05 9.9973E-05
0.413761 0.0431779 0.213197 9.9991E-05 0.0605089 0.0555883 0.114578 0.00020578 0.0988836
0.523729 0.0479488 0.016903 0.0117253 0.032471 0.0686807 0.0754333 0.00275887 0.22035
0.415842 0.0775698 0.0573429 0.0274674 0.076004 0.0932257 0.0701736 0.0556274 0.126747
0.524365 0.0378705 0.0178068 0.0534446 0.0281279 0.0686854 0.0549511 0.00416917 0.210579
0.395667 9.9991E-05 0.111987 0.00236343 0.0386742 0.071793 0.054268 0.0490561 0.276092
0.523837 0.188806 9.9955E-05 0.19061 9.9955E-05 0.0962478 9.9955E-05 9.9955E-05 9.9955E-05
0.450487 0.00794848 0.0976394 0.0406092 0.0658445 0.00734218 0.0287503 0.135441 0.165937
0.0181413 0.0997046 0.175149 0.0787687 0.0980365 0.360658 9.9991E-05 0.0444809 0.124961
0.574521 0.0322944 0.0599117 0.00573814 0.00459509 0.0942033 0.0215806 0.00753097 0.199625
0.486309 0.0596316 0.0919746 0.0598001 0.116138 0.0359965 0.0619775 0.00309722 0.0850756
0.498075 0.0413181 0.115571 0.0248923 0.0949505 0.0345066 9.9991E-05 0.0861222 0.104465
0.275434 0.0691392 0.148249 0.109173 0.0460245 0.212591 9.9991E-05 0.0134006 0.125888
0.52708 0.0250611 0.150977 9.9982E-05 0.0710722 0.0612711 0.0489484 9.9982E-05 0.11539
0.468496 9.9973E-05 0.0423343 0.125041 9.9973E-05 0.0106659 0.0857724 9.9973E-05 0.26739
9.9946E-05 9.9946E-05 0.421919 9.9946E-05 9.9946E-05 0.352935 9.9946E-05 9.9946E-05 0.224546
0.488309 0.026568 0.121286 0.042544 0.102405 0.0266817 0.0672981 0.0407663 0.0841413
0.503861 9.9991E-05 0.152226 0.0518074 0.0898982 0.0465771 0.016144 0.0117308 0.127655
0.58443 0.00161169 0.0902615 0.0493174 0.10134 0.0862416 0.0200597 0.0627856 0.00395201
0.519459 9.9973E-05 0.154363 9.9973E-05 0.0795831 0.0765073 0.0140634 9.9973E-05 0.155724
0.45744 0.0577961 0.197228 9.9991E-05 0.0997352 0.056634 0.0258171 0.0698671 0.035383
0.442753 0.00644781 0.0455286 0.439602 0.00886488 0.0110953 0.0249152 0.0206934 9.9991E-05
0.500072 0.0735 0.042382 0.240961 0.0161008 0.00306155 0.0190374 0.0755754 0.0293093
9.9955E-05 0.058377 9.9955E-05 0.880381 9.9955E-05 0.0176541 9.9955E-05 0.0430879 9.9955E-05
9.9955E-05 0.0291652 0.0155274 0.948672 9.9955E-05 0.00613564 9.9955E-05 9.9955E-05 9.9955E-05
0.509725 9.9964E-05 0.0964219 0.329036 9.9964E-05 0.00514619 9.9964E-05 9.9964E-05 0.059271
0.326594 9.9982E-05 0.0731623 0.103182 0.106179 0.0723384 0.0691009 9.9982E-05 0.249244
0.250294 9.9964E-05 0.0925018 0.232077 0.0488967 9.9964E-05 9.9964E-05 9.9964E-05 0.37583
0.125301 9.9973E-05 0.118635 0.282239 0.0877096 0.0338119 9.9973E-05 9.9973E-05 0.352003
0.288183 9.9973E-05 0.143863 0.234223 0.0933712 0.00170456 9.9973E-05 9.9973E-05 0.238355
0.0439712 9.9973E-05 0.0544159 0.707989 9.9973E-05 0.0886016 0.0146244 9.9973E-05 0.0900975
0.0922634 9.9973E-05 0.0862697 0.671181 9.9973E-05 0.0109805 9.9973E-05 0.0060501 0.132955
0.555542 9.9973E-05 9.9973E-05 0.333872 0.00680182 9.9973E-05 0.0146037 0.00854429 0.0803363
0.34421 9.9955E-05 9.9955E-05 0.494885 0.088363 9.9955E-05 0.0720421 9.9955E-05 9.9955E-05
0.173681 0.0110789 0.0481452 0.664217 9.9964E-05 9.9964E-05 9.9964E-05 9.9964E-05 0.102478
0.488971 0.049272 0.0672356 0.31224 0.0108718 9.9973E-05 9.9973E-05 9.9973E-05 0.0711092
0.586943 9.9964E-05 0.0473838 0.323532 0.013878 9.9964E-05 9.9964E-05 9.9964E-05 0.0278629
0.505702 9.9991E-05 0.0278036 0.283388 0.0443446 0.00631701 0.0854889 0.01982 0.0270358
0.305608 9.9946E-05 0.0247932 0.668999 9.9946E-05 9.9946E-05 9.9946E-05 9.9946E-05 9.9946E-05
0.398061 0.0782448 0.00176523 0.45433 9.9973E-05 0.0625089 9.9973E-05 0.00479016 9.9973E-05
0.474642 0.0331812 0.0444596 0.328387 0.038589 9.9991E-05 0.00174955 0.0532667 0.0256253
0.415253 0.058678 0.00794865 0.388372 0.0474942 0.0305936 0.0292688 0.0111473 0.0112449
0.499211 0.0188514 0.073072 0.209727 0.0232548 0.0632066 9.9991E-05 0.069834 0.0427433
0.4347 0.00111523 9.9973E-05 0.443904 9.9973E-05 0.0353446 0.0378022 0.0468341 9.9973E-05
0.159211 0.0119493 9.9964E-05 0.80395 9.9964E-05 0.0101505 0.0143392 9.9964E-05 9.9964E-05
0.610545 9.9955E-05 0.0224787 0.353808 0.0126683 9.9955E-05 9.9955E-05 9.9955E-05 9.9955E-05
0.15552 0.0435076 9.9964E-05 0.774434 0.0207413 9.9964E-05 9.9964E-05 0.00539727 9.9964E-05
0.425445 9.9946E-05 9.9946E-05 0.523601 9.9946E-05 9.9946E-05 0.0503549 9.9946E-05 9.9946E-05
0.531762 0.0436743 0.0567479 0.276356 9.9982E-05 0.0379956 0.0315513 0.0217125 9.9982E-05
0.482543 0.0471662 0.0680155 0.275462 9.9991E-05 0.00357986 0.0264663 0.0754701 0.0211974
0.398242 0.039179 0.0527659 0.0646832 0.0967784 0.0880967 0.103646 0.0454636 0.111146
0.433854 0.00032168 0.0896153 0.18454 0.0888641 0.0821945 0.101464 0.0190461 9.9991E-05
0.264415 9.9982E-05 0.101726 0.0913003 0.109505 0.112187 0.0699828 9.9982E-05 0.250685
0.306287 0.0163949 0.106701 0.103974 0.135715 0.0849384 0.0793101 0.0167754 0.149905
0.47294 0.00374228 9.9991E-05 0.0382692 0.0714976 0.0698036 0.167291 0.0390302 0.137325
0.377439 9.9991E-05 0.0799771 0.173388 0.080749 0.063905 0.0877304 0.00122948 0.135482
9.9955E-05 9.9955E-05 0.133118 0.652748 9.9955E-05 0.0361248 9.9955E-05 9.9955E-05 0.17751
0.47344 9.9973E-05 9.9973E-05 0.154409 0.0386843 9.9973E-05 0.0782838 0.0187671 0.236117
9.9964E-05 9.9964E-05 0.219209 0.355792 9.9964E-05 0.210731 0.083926 9.9964E-05 0.129943
0.458388 9.9973E-05 0.0132072 0.310202 0.0523064 9.9973E-05 0.0212766 9.9973E-05 0.14432
0.0579213 9.9937E-05 9.9937E-05 0.941379 9.9937E-05 9.9937E-05 9.9937E-05 9.9937E-05 9.9937E-05
9.9937E-05 9.9937E-05 9.9937E-05 0.950441 9.9937E-05 9.9937E-05 9.9937E-05 0.0488592 9.9937E-05
0.462751 9.9937E-05 9.9937E-05 0.53655 9.9937E-05 9.9937E-05 9.9937E-05 9.9937E-05 9.9937E-05
0.516243 9.9973E-05 0.0214903 0.416335 0.0256583 9.9973E-05 0.00633908 9.9973E-05 0.013634
0.386813 9.9937E-05 9.9937E-05 0.612488 9.9937E-05 9.9937E-05 9.9937E-05 9.9937E-05 9.9937E-05
0.508451 9.9946E-05 9.9946E-05 0.441957 0.0489916 9.9946E-05 9.9946E-05 9.9946E-05 9.9946E-05
0.517523 9.9937E-05 9.9937E-05 0.481778 9.9937E-05 9.9937E-05 9.9937E-05 9.9937E-05 9.9937E-05
9.9982E-05 0.0751971 0.56958 0.00484858 0.0102166 0.00674524 0.320012 9.9982E-05 0.0132008
0.0330138 0.0973361 0.57894 9.9991E-05 0.017213 0.00693436 0.188827 0.0124075 0.0652274
9.9964E-05 0.0186873 0.690109 9.9964E-05 0.00684871 9.9964E-05 0.258189 9.9964E-05 0.0257662
0.0281684 9.9946E-05 0.638116 9.9946E-05 9.9946E-05 9.9946E-05 0.333116 9.9946E-05 9.9946E-05
0.49278 9.9982E-05 0.0245715 9.9982E-05 0.00932885 0.0351258 0.0492597 0.324911 0.0638235
0.511012 0.0762582 0.0641421 9.9964E-05 9.9964E-05 9.9964E-05 9.9964E-05 0.347389 0.00079954
0.526255 0.00839228 0.0276552 9.9964E-05 9.9964E-05 9.9964E-05 0.0222431 0.415055 9.9964E-05
0.597258 0.0399403 0.0884671 9.9973E-05 9.9973E-05 9.9973E-05 0.0160015 0.241749 0.0162838
0.573325 0.0603056 0.00348823 9.9982E-05 0.0240088 0.152472 0.110682 0.0755184 9.9982E-05
0.300824 0.0945919 0.0777833 9.9955E-05 9.9955E-05 9.9955E-05 9.9955E-05 0.526301 9.9955E-05
0.622501 9.9964E-05 9.9964E-05 0.00227528 0.00824989 9.9964E-05 0.0275703 0.339004 9.9964E-05
0.261272 9.9973E-05 0.0279126 0.0426233 9.9973E-05 0.0763006 9.9973E-05 0.578472 0.0131192
0.393465 0.0798562 0.185471 9.9973E-05 0.0480656 9.9973E-05 0.134245 9.9973E-05 0.158597
0.390638 0.0183889 9.9991E-05 0.0600315 0.0161384 0.0828678 0.0188592 0.386394 0.0265824
0.373196 0.0820435 0.0157467 9.9955E-05 9.9955E-05 9.9955E-05 9.9955E-05 0.528514 9.9955E-05
0.544576 0.0123802 9.9982E-05 0.0470391 0.00126478 0.00362117 0.0259034 0.365015 9.9982E-05
0.36481 0.127095 9.9964E-05 9.9964E-05 0.0425523 9.9964E-05 0.0145991 0.450544 9.9964E-05
0.584787 9.9955E-05 9.9955E-05 0.064718 0.0101499 9.9955E-05 9.9955E-05 0.339845 9.9955E-05
0.493431 0.0329746 0.0374098 9.9982E-05 0.0013295 9.9982E-05 0.038408 0.367903 0.0283437
0.00538617 9.9955E-05 9.9955E-05 0.0702277 9.9955E-05 0.0521402 9.9955E-05 0.871746 9.9955E-05
0.278806 9.9973E-05 9.9973E-05 0.0519346 0.0247111 0.0856525 9.9973E-05 0.540226 0.0183697
0.343097 9.9964E-05 9.9964E-05 0.0248783 0.0403193 0.0388683 9.9964E-05 0.552437 9.9964E-05
9.9946E-05 9.9946E-05 9.9946E-05 0.0654194 9.9946E-05 0.119541 9.9946E-05 0.814439 9.9946E-05
0.409302 0.0800883 9.9964E-05 9.9964E-05 9.9964E-05 0.00573479 0.107225 0.39725 9.9964E-05
0.0968126 9.9955E-05 9.9955E-05 0.0645071 9.9955E-05 0.22222 9.9955E-05 0.61596 9.9955E-05
9.9946E-05 9.9946E-05 9.9946E-05 0.0291633 9.9946E-05 0.162588 9.9946E-05 0.807649 9.9946E-05
0.555167 9.9973E-05 0.0479996 0.0169212 0.0345521 0.0605301 9.9973E-05 0.28453 9.9973E-05
0.188326 0.139664 9.9964E-05 9.9964E-05 0.0052084 9.9964E-05 0.0596223 0.60678 9.9964E-05
0.486937 0.0641663 9.9973E-05 9.9973E-05 0.0089615 0.0229294 0.0351047 0.381601 9.9973E-05
0.54796 0.0448906 0.0882659 0.0473183 9.9982E-05 0.0574452 9.9982E-05 0.144662 0.0692577
0.497285 0.0623702 0.0412545 9.9982E-05 0.0010176 9.9982E-05 0.036277 0.361116 0.000479805
0.355269 0.290835 9.9973E-05 0.150172 9.9973E-05 0.115529 9.9973E-05 0.0242978 0.0635962
0.541397 0.0663189 0.0106594 0.0264803 0.0361155 9.9982E-05 0.0251584 0.293671 9.9982E-05
0.491728 0.094439 9.9955E-05 9.9955E-05 9.9955E-05 9.9955E-05 0.0639905 0.349343 9.9955E-05
0.338598 9.9955E-05 9.9955E-05 0.0620585 9.9955E-05 0.0632333 9.9955E-05 0.53561 9.9955E-05
0.473818 0.0934146 0.0959013 0.0302136 0.0339202 9.9991E-05 0.0245978 0.222805 0.025229
9.9973E-05 0.294152 0.501563 0.0013853 9.9973E-05 0.0176195 0.17887 0.00610999 9.9973E-05
9.9973E-05 0.166097 0.667711 9.9973E-05 9.9973E-05 0.00794218 0.124297 0.0304843 0.00316901
9.9946E-05 0.12686 0.814411 9.9946E-05 9.9946E-05 9.9946E-05 0.0581298 9.9946E-05 9.9946E-05
9.9955E-05 0.115797 0.697175 9.9955E-05 9.9955E-05 0.0595395 0.126989 9.9955E-05 9.9955E-05
0.0316615 0.170056 0.678516 9.9964E-05 9.9964E-05 0.0532612 0.0661056 9.9964E-05 9.9964E-05
0.128635 0.144773 9.9955E-05 9.9955E-05 9.9955E-05 9.9955E-05 0.0712295 0.654863 9.9955E-05
