0.932993 0.0281501 0.0387568 9.9991E-05
0.997018 0.00278169 9.9982E-05 9.9982E-05
0.902435 0.0451514 0.0252496 0.0271641
0.858551 0.141249 9.9982E-05 9.9982E-05
0.933771 0.0660289 9.9982E-05 9.9982E-05
0.704601 0.0971336 0.0472164 0.151049
0.839483 0.00575121 0.0287475 0.126019
0.782156 0.013255 0.0282399 0.176349
0.870943 9.9982E-05 9.9982E-05 0.128857
0.806572 0.0433311 0.0374736 0.112623
0.803973 0.106981 9.9991E-05 0.088946
0.127721 0.380989 9.9991E-05 0.49119
0.118328 0.65188 0.0194218 0.21037
0.0709427 0.35251 0.0559906 0.520557
0.157802 0.404064 0.0728399 0.365293
0.191082 0.538007 0.0596112 0.2113
0.0967734 0.603932 0.0729153 0.22638
0.0928831 0.586446 0.0160996 0.304571
0.221667 0.379477 0.0197962 0.37906
0.149995 0.1531 9.9991E-05 0.696805
0.0892984 0.561189 0.0209638 0.328549
0.0640435 0.454606 0.117714 0.363637
0.0959488 0.658499 9.9991E-05 0.245452
0.172479 0.382297 0.0105216 0.434703
0.10842 0.681887 0.085201 0.124493
0.0889124 0.620195 0.0257329 0.26516
0.13308 0.33404 9.9991E-05 0.53278
0.149598 0.419395 0.0313115 0.399696
0.103644 0.342064 9.9991E-05 0.554192
0.903136 0.0664559 0.0303079 9.9991E-05
0.884465 0.100709 0.0147252 9.9991E-05
0.82176 0.0771067 0.101033 9.9991E-05
0.760821 0.152411 0.0866674 9.9991E-05
0.116381 0.589618 0.000113189 0.293888
0.0963775 0.610314 0.0430565 0.250252
0.02196 0.659883 0.026609 0.291548
0.148405 0.294468 9.9991E-05 0.557027
9.9991E-05 0.411902 0.0469071 0.541091
0.0791481 0.635373 0.0596392 0.22584
0.0574094 0.797538 0.0139648 0.131088
0.153084 0.633622 9.9991E-05 0.213195
0.115791 0.686798 0.0221079 0.175303
0.0188789 0.387249 9.9991E-05 0.593772
0.0577815 0.638724 0.0872669 0.216227
0.0759334 0.7067 9.9991E-05 0.217266
0.165988 0.65209 0.0617282 0.120193
9.9982E-05 0.514493 9.9982E-05 0.485307
0.116108 0.719677 9.9991E-05 0.164115
0.159028 0.636019 0.0214546 0.183498
0.00360427 9.9991E-05 0.0220978 0.974198
0.0785612 0.277753 9.9991E-05 0.643586
0.0274149 0.194145 0.110235 0.668205
0.0780316 0.628736 0.0929963 0.200236
0.0681586 0.624443 0.0967671 0.210632
0.0507362 0.597254 0.139445 0.212565
0.197613 0.296272 9.9991E-05 0.506015
0.0913149 0.638953 9.9991E-05 0.269632
0.114606 0.633632 0.0435578 0.208204
0.164316 0.474111 0.00860014 0.352972
0.226425 0.221389 9.9991E-05 0.552086
0.109391 0.630684 0.0289584 0.230967
0.102576 0.561979 0.0435141 0.29193
0.170505 0.173836 9.9991E-05 0.655558
0.0711231 0.507124 9.9991E-05 0.421653
0.0614699 0.62853 0.0810204 0.228979
0.132894 0.689005 0.0135767 0.164524
0.17201 0.388703 0.00771714 0.43157
0.069126 0.586951 0.0385024 0.30542
0.0688778 0.650006 0.0604076 0.220708
0.139636 0.338112 9.9991E-05 0.522152
9.9982E-05 0.672734 9.9982E-05 0.327066
0.0146312 0.450733 9.9991E-05 0.534535
0.116413 0.616282 0.0502018 0.217103
9.9982E-05 0.219857 9.9982E-05 0.779943
9.9982E-05 0.217104 9.9982E-05 0.782696
9.9982E-05 0.450033 9.9982E-05 0.549767
0.0520692 0.641436 9.9991E-05 0.306395
0.119163 0.622137 0.0485611 0.21014
9.9991E-05 0.661207 0.00258619 0.336107
0.0430738 0.388452 9.9991E-05 0.568374
0.0251373 0.462909 9.9991E-05 0.511853
0.131477 0.610943 0.0213071 0.236273
0.0323582 0.553914 9.9991E-05 0.413628
0.0614908 0.61427 9.9991E-05 0.324139
9.9982E-05 0.634669 9.9982E-05 0.365131
9.9991E-05 0.0493523 0.0541482 0.896399
0.0155724 0.748282 0.0297855 0.20636
0.878464 0.115454 9.9991E-05 0.00598205
0.936899 0.0565128 0.00648789 9.9991E-05
0.85373 0.0848657 0.0613046 9.9991E-05
0.931809 0.000182592 0.067908 9.9991E-05
0.969287 9.9982E-05 0.0305129 9.9982E-05
0.870031 0.0687205 0.0611484 9.9991E-05
0.940154 0.0596459 9.9982E-05 9.9982E-05
0.11597 0.66396 0.0411448 0.178924
0.147063 0.625665 0.0537745 0.173498
0.041333 0.247806 9.9991E-05 0.710761
0.109237 0.678323 0.0560904 0.156349
0.0550167 0.531183 9.9991E-05 0.4137
0.0499383 0.677703 9.9991E-05 0.272259
0.00678924 0.656931 0.0404164 0.295864
0.0181592 0.661248 0.0378734 0.28272
0.0518354 0.222942 9.9991E-05 0.725122
0.139587 0.614741 0.0392792 0.206393
0.159902 0.665676 0.0521329 0.122289
0.158474 0.686322 0.0466559 0.108548
9.9991E-05 0.428728 0.0315149 0.539657
9.9982E-05 0.684464 9.9982E-05 0.315336
0.0140172 0.652082 9.9991E-05 0.3338
9.9982E-05 0.571357 9.9982E-05 0.428443
0.0573684 0.608146 9.9991E-05 0.334386
0.116402 0.661596 0.0238837 0.198118
0.057698 0.313106 0.0898426 0.539353
0.146719 0.501903 9.9991E-05 0.351278
0.139309 0.597089 0.0783193 0.185282
0.123908 0.623322 0.0820618 0.170708
0.112104 0.555905 9.9991E-05 0.331891
0.0922752 0.66519 0.0294112 0.213124
0.119511 0.549098 9.9991E-05 0.331292
0.1033 0.560807 0.0790131 0.25688
0.110514 0.659767 0.050834 0.178885
0.130906 0.643158 9.9991E-05 0.225836
0.0664235 0.661998 9.9991E-05 0.271479
0.0675094 0.625672 0.125852 0.180966
0.142257 0.640295 0.0863805 0.131067
0.0296653 0.636267 0.0900669 0.244001
0.123001 0.5905 0.0946311 0.191869
0.0826339 0.624611 0.0389862 0.253769
0.121805 0.304869 0.110551 0.462776
0.112425 0.704844 0.0454799 0.137251
0.0355868 0.699175 0.0447301 0.220509
0.128389 0.347783 9.9991E-05 0.523727
9.9991E-05 0.190888 0.113032 0.69598
0.131331 0.608905 0.00176423 0.258
9.9991E-05 0.120844 0.0732791 0.805777
0.0843162 0.453709 9.9991E-05 0.461875
0.0440432 0.533419 9.9991E-05 0.422438
0.106416 0.457314 9.9991E-05 0.43617
0.0751671 0.412631 9.9991E-05 0.512102
0.113123 0.696786 9.9991E-05 0.189991
0.103512 0.596529 0.0967684 0.203191
0.118026 0.619566 0.0483048 0.214103
0.0509025 0.25079 0.0333896 0.664918
0.209565 0.620247 0.00536621 0.164822
0.102203 0.509405 0.0911185 0.297273
0.134818 9.9991E-05 0.0505822 0.8145
0.0912604 0.645808 0.0984559 0.164475
0.100234 0.33111 0.0924918 0.476164
0.158298 0.566315 0.0772614 0.198125
0.124569 0.253833 0.0439046 0.577694
0.115842 0.127916 0.0247803 0.731462
0.0423009 0.424969 0.0897665 0.442963
0.119143 0.531236 0.110552 0.239069
0.194736 0.485573 0.0533663 0.266324
0.0611955 0.119199 0.139842 0.679763
0.107394 0.583053 0.103585 0.205969
9.9991E-05 0.415776 0.00105865 0.583066
9.9991E-05 0.466981 0.0337605 0.499159
0.129742 0.611658 0.084281 0.174318
0.3869 0.109978 0.291183 0.21194
0.530608 9.9991E-05 0.202939 0.266353
0.515427 9.9991E-05 0.218102 0.266371
0.372822 0.0491992 0.318367 0.259612
0.0171745 0.670002 0.0295034 0.283321
0.116912 0.686164 0.0433401 0.153584
9.9982E-05 0.357996 0.641804 9.9982E-05
0.0558758 0.446685 0.439094 0.0583449
0.0632358 0.399807 0.405838 0.131119
0.00794882 0.238458 0.111326 0.642268
0.0900894 0.555474 0.0735942 0.280843
9.9991E-05 0.267447 0.0693703 0.663083
0.0733809 0.615906 0.0573598 0.253353
0.0545293 0.512227 0.0652724 0.367971
9.9991E-05 0.596166 0.062495 0.341239
9.9991E-05 0.198752 0.0734048 0.727743
0.0668405 0.699814 0.0652362 0.168109
0.13197 0.629243 0.0392921 0.199495
0.0041559 0.0539512 0.941793 9.9991E-05
9.9991E-05 0.0871579 0.894183 0.0185591
0.0617476 0.299442 0.587335 0.051475
9.9982E-05 0.362656 0.637144 9.9982E-05
0.00142705 0.174262 0.824211 9.9991E-05
9.998E-05 9.998E-05 0.9997 9.998E-05
9.9982E-05 0.0454868 0.954313 9.9982E-05
9.9982E-05 0.164748 0.835052 9.9982E-05
0.0163376 0.0244537 0.948217 0.0109916
9.998E-05 9.998E-05 0.9997 9.998E-05
9.998E-05 9.998E-05 0.9997 9.998E-05
9.9982E-05 0.236268 0.763532 9.9982E-05
0.0564365 0.139441 0.780054 0.0240683
9.998E-05 9.998E-05 0.9997 9.998E-05
0.0831119 0.395655 0.411816 0.109416
0.0461035 0.327646 0.626151 9.9991E-05
0.0212156 0.161933 0.816751 9.9991E-05
9.9982E-05 0.121237 0.878563 9.9982E-05
9.998E-05 9.998E-05 0.9997 9.998E-05
9.9982E-05 0.050188 0.949612 9.9982E-05
9.998E-05 9.998E-05 0.9997 9.998E-05
0.0968152 0.278116 0.598557 0.0265118
0.014818 0.0165574 0.961003 0.00762207
0.324368 9.9991E-05 0.130595 0.544937
0.240556 0.355176 0.170436 0.233832
0.184813 0.441961 0.123873 0.249353
0.215126 0.151367 0.187536 0.445972
0.132715 0.496178 0.166163 0.204944
0.244269 0.0473638 0.234331 0.474036
0.218068 0.416089 0.148417 0.217426
0.195078 0.273184 0.215769 0.315969
0.210969 0.493625 0.133358 0.162049
0.237992 0.351257 0.171669 0.239082
0.184496 0.422462 0.187922 0.20512
0.92212 0.0768538 9.9991E-05 0.000926363
0.906751 9.9991E-05 0.0837494 0.00940001
0.980167 0.019633 9.9982E-05 9.9982E-05
0.9997 9.998E-05 9.998E-05 9.998E-05
0.94409 0.0557098 9.9982E-05 9.9982E-05
0.985283 9.9982E-05 0.0145172 9.9982E-05
0.942939 0.0484506 0.00851031 9.9991E-05
0.978912 0.00478914 9.9991E-05 0.0161984
0.925828 0.0404771 0.0137108 0.0199841
0.938047 0.000634972 0.0422715 0.0190468
0.660196 9.9982E-05 9.9982E-05 0.339604
0.676381 9.9982E-05 9.9982E-05 0.323419
0.622368 9.9982E-05 9.9982E-05 0.377432
0.53977 9.9982E-05 9.9982E-05 0.46003
0.072665 0.604705 9.9991E-05 0.32253
0.0589105 0.638136 0.0293877 0.273566
0.0304907 0.643916 0.0196212 0.305972
0.0524502 0.529132 9.9991E-05 0.418318
0.0847396 0.329974 9.9991E-05 0.585186
0.0455929 0.739792 0.0369526 0.177662
9.9991E-05 0.683656 0.0620859 0.254158
0.0170759 0.64463 9.9991E-05 0.338194
9.9982E-05 0.563397 9.9982E-05 0.436403
0.0873998 0.675464 0.0426935 0.194443
0.00287596 0.609096 9.9991E-05 0.387928
9.9982E-05 0.16502 9.9982E-05 0.83478
0.117949 0.645918 0.0237837 0.212349
9.9982E-05 0.339921 9.9982E-05 0.659879
0.0241729 0.665087 0.0199149 0.290825
9.9982E-05 0.366405 9.9982E-05 0.633395
0.281039 0.0469612 9.9991E-05 0.6719
0.257683 0.10751 9.9991E-05 0.634707
0.238958 0.096486 9.9991E-05 0.664456
0.272166 0.0178047 9.9991E-05 0.70993
0.191763 0.161266 9.9991E-05 0.646871
0.215312 0.152389 9.9991E-05 0.632199
0.889883 0.0653493 0.0446677 9.9991E-05
0.869278 0.11974 0.0108821 9.9991E-05
0.822839 0.138864 0.0381978 9.9991E-05
0.853354 0.0714262 0.0611222 0.0140981
0.810823 0.125668 0.0634089 9.9991E-05
0.510744 9.9982E-05 9.9982E-05 0.489056
0.547489 0.00596155 9.9991E-05 0.446449
0.557963 0.0399041 9.9991E-05 0.402032
0.871907 0.125357 0.00263584 9.9991E-05
0.504978 0.00662901 9.9991E-05 0.488293
0.2734 0.279253 0.358788 0.0885597
0.14958 0.560947 0.248557 0.0409162
0.20529 0.553617 0.240993 9.9991E-05
0.312488 0.341871 0.279686 0.0659546
0.219692 0.513266 0.179139 0.0879025
0.459691 9.9991E-05 0.359351 0.180857
0.0698622 0.525868 9.9991E-05 0.40417
0.0258113 0.457748 0.0488176 0.467623
0.0852312 0.398064 9.9991E-05 0.516605
9.9991E-05 0.555837 0.0587963 0.385266
9.9982E-05 9.9982E-05 0.00493496 0.994865
0.110081 0.625678 0.0433467 0.220895
0.0364688 0.572554 0.0720859 0.318892
0.115651 0.438708 9.9991E-05 0.445541
0.142888 0.54772 0.061234 0.248158
0.00418455 0.24648 0.0100518 0.739283
0.0539524 0.671151 9.9991E-05 0.274796
0.0682711 0.610348 9.9991E-05 0.32128
0.121426 0.469966 0.172134 0.236475
0.0151205 0.418794 0.0276802 0.538406
0.00650913 0.466566 0.0621589 0.464766
0.00338905 0.633041 0.0316075 0.331962
0.0256879 0.641036 0.0141627 0.319114
0.00826427 0.723044 0.0741592 0.194532
0.130106 0.609906 0.069748 0.19024
0.121162 0.592625 0.00328851 0.282925
0.841016 0.0951084 0.0637761 9.9991E-05
0.887027 0.102362 0.0105113 9.9991E-05
0.91157 0.0379574 0.0157403 0.0347321
0.921961 0.00609942 0.0718395 9.9991E-05
0.929383 0.0704172 9.9982E-05 9.9982E-05
0.147576 0.247197 9.9991E-05 0.605128
0.0784948 0.548603 0.0693698 0.303533
0.263715 0.379555 0.236126 0.120604
0.0487652 0.700988 0.0652113 0.185035
0.10518 0.62329 9.9991E-05 0.271431
0.00454234 0.31928 0.0738487 0.602329
0.204885 0.110411 9.9991E-05 0.684604
0.141943 0.533598 0.0120575 0.312402
0.156601 0.35379 0.00704338 0.482566
0.072203 0.525431 0.0666042 0.335762
0.192734 0.256801 9.9991E-05 0.550365
0.112801 0.604002 0.0765624 0.206634
0.16189 0.249422 9.9991E-05 0.588588
0.037955 0.320314 0.112358 0.529372
0.09812 0.557157 0.0671234 0.2776
0.0258453 0.357725 0.00633377 0.610096
0.0708212 0.545527 0.0490933 0.334559
0.125941 0.560965 0.0749075 0.238186
0.0417325 0.333979 9.9991E-05 0.624188
0.112938 0.548763 0.0760077 0.262291
0.0745825 0.57537 0.00731308 0.342734
9.9991E-05 0.188367 0.0201575 0.791376
0.0283478 0.218306 0.035049 0.718297
0.0759663 0.479225 0.00319069 0.441618
0.00727719 0.132093 0.0142837 0.846346
0.040102 0.513451 0.0066578 0.439789
0.110512 0.280696 9.9991E-05 0.608692
9.9991E-05 0.243496 0.116875 0.639529
0.144455 0.487651 0.032042 0.335852
0.0878247 0.609997 0.0600316 0.242147
0.0427678 0.376457 9.9991E-05 0.580675
0.11267 0.541515 0.0803846 0.265431
0.10747 0.645878 0.0304776 0.216175
0.0419984 0.550223 0.0920776 0.315701
0.0786702 0.609142 0.0488191 0.263369
0.0788712 0.610754 9.9991E-05 0.310275
0.0799753 0.402571 9.9991E-05 0.517354
0.0537756 0.527541 9.9991E-05 0.418583
0.0596981 0.640755 0.0492138 0.250333
0.0583318 0.652173 0.102166 0.187329
0.0871015 0.354116 0.127602 0.431181
9.9991E-05 0.521061 0.13025 0.348589
0.119262 0.477411 9.9991E-05 0.403227
0.0528196 0.611402 0.0510672 0.284711
0.0876766 0.584464 0.0378526 0.290007
0.11079 0.586007 0.0576555 0.245547
0.36823 0.519697 0.10777 0.00430274
0.147084 0.549704 0.192453 0.110759
0.173719 0.49239 0.171382 0.162509
0.124503 0.607609 0.138181 0.129707
0.222775 0.480758 0.220197 0.0762703
9.9991E-05 0.545919 0.051747 0.402234
0.158329 0.4999 0.19208 0.149691
0.225117 9.9991E-05 0.274904 0.49988
0.103325 0.634061 0.145094 0.117521
0.142038 0.607694 0.135391 0.114878
0.098557 0.571944 0.186265 0.143234
0.197083 0.324817 0.150213 0.327888
0.229725 0.579157 0.151671 0.0394472
0.164554 0.522127 0.209048 0.104271
0.506835 9.9991E-05 0.204352 0.288713
0.202502 0.548311 0.179731 0.0694557
0.169178 0.556947 0.213859 0.0600165
0.156626 0.626345 0.0889318 0.128097
0.198559 0.541932 0.245116 0.0143927
0.223967 0.548448 0.137599 0.0899856
0.043392 0.54743 0.0360849 0.373094
0.0779896 0.532335 0.0724763 0.317199
9.9982E-05 9.9982E-05 0.071027 0.928773
9.9991E-05 0.0598131 0.057746 0.882341
0.0719502 0.49328 0.0858858 0.348883
0.136114 0.36684 0.338373 0.158673
0.168635 0.356743 0.330517 0.144105
0.147116 0.154513 0.430421 0.26795
0.156451 0.38259 0.310523 0.150437
0.0487415 0.102583 0.166164 0.682512
0.0480726 0.126005 0.212202 0.61372
9.9991E-05 0.600032 0.120625 0.279243
0.0577267 0.443937 0.169021 0.329315
0.0360668 0.255584 0.163789 0.544561
0.065596 0.567137 0.108813 0.258454
0.0332814 0.661502 0.0865246 0.218692
0.114085 0.51808 0.127343 0.240492
9.9991E-05 0.387692 0.0764997 0.535708
9.9991E-05 0.480194 0.0508734 0.468832
0.0318583 0.534302 0.0743067 0.359533
0.0636645 0.490967 0.0630836 0.382285
0.100448 0.553179 0.0812181 0.265155
9.9991E-05 0.506167 0.037656 0.456077
9.9991E-05 0.264604 0.0657955 0.6695
0.0253226 0.650774 0.0777864 0.246117
9.9991E-05 0.247546 0.0820474 0.670306
0.0482033 0.510493 0.0561784 0.385125
0.0840876 0.56894 0.039989 0.306984
0.0671551 0.564021 0.0879509 0.280873
0.209781 0.50798 0.162408 0.11983
0.176253 0.485015 0.160166 0.178566
0.187231 0.31359 0.344554 0.154624
0.185867 0.283378 0.317016 0.213738
0.167521 0.485413 0.169774 0.177293
0.125361 0.449499 0.194149 0.230991
0.124426 9.9991E-05 0.251381 0.624093
0.10967 0.56491 0.233345 0.092075
0.34399 9.9991E-05 0.219427 0.436483
0.0656071 0.559182 0.204254 0.170957
9.9991E-05 0.256913 0.00835634 0.734631
9.9991E-05 0.0569166 0.0546862 0.888297
9.9991E-05 0.57959 0.0225458 0.397764
9.9991E-05 0.652782 0.0776257 0.269492
9.9991E-05 0.510592 0.0289421 0.460366
9.9991E-05 0.648491 0.0591403 0.292269
9.9991E-05 0.634529 0.0288319 0.33654
0.894309 0.0310607 0.0256852 0.0489446
0.797919 0.0648296 0.0604439 0.0768072
0.95451 9.9991E-05 0.03079 0.0146001
0.959959 0.0398413 9.9982E-05 9.9982E-05
0.0447765 0.650053 0.0535913 0.251579
0.0617915 0.685568 9.9991E-05 0.252541
0.0221877 0.713668 9.9991E-05 0.264044
0.0851843 0.695049 0.012888 0.206878
0.0807922 0.66493 0.0405169 0.213761
0.0571403 0.474122 9.9991E-05 0.468638
0.035513 0.818279 9.9991E-05 0.146108
9.9982E-05 0.473276 9.9982E-05 0.526524
0.327917 0.427537 0.181118 0.063428
9.9991E-05 0.566481 0.0147163 0.418703
0.0145375 0.539361 9.9991E-05 0.446002
9.9991E-05 0.651468 0.0160967 0.332336
0.0254866 0.60015 9.9991E-05 0.374263
9.9991E-05 0.736134 0.00741645 0.25635
0.0786607 0.665026 9.9991E-05 0.256213
9.9982E-05 0.249983 9.9982E-05 0.749817
9.9991E-05 0.485418 0.0125672 0.501915
9.9991E-05 0.53382 0.00549945 0.46058
9.9982E-05 0.105172 9.9982E-05 0.894628
0.0546672 0.57973 9.9991E-05 0.365503
9.9982E-05 0.258562 9.9982E-05 0.741238
9.9982E-05 0.0873489 9.9982E-05 0.912451
0.00779589 0.716906 0.0266037 0.248694
0.0384106 0.396446 9.9991E-05 0.565044
0.0269565 0.616153 9.9991E-05 0.356791
0.125079 0.64236 0.0845076 0.148054
0.041396 0.693389 9.9991E-05 0.265115
9.9991E-05 0.397186 0.0800878 0.522626
0.0474075 0.713807 9.9991E-05 0.238686
0.00431568 0.682334 9.9991E-05 0.313251
9.9982E-05 0.485338 9.9982E-05 0.514462
0.139605 0.591208 0.0443032 0.224884
0.750713 9.9982E-05 9.9982E-05 0.249087
0.831316 0.00387275 9.9991E-05 0.164712
0.908128 9.9982E-05 9.9982E-05 0.0916723
0.870061 9.9982E-05 9.9982E-05 0.129739
0.81588 0.0221798 9.9991E-05 0.16184
0.0439431 0.378197 9.9991E-05 0.57776
0.0176974 0.382902 9.9991E-05 0.5993
9.9991E-05 0.422749 0.00372745 0.573424
0.107941 0.630149 0.0502944 0.211616
0.123287 0.696912 0.013571 0.16623
9.9991E-05 0.466225 0.00918497 0.52449
0.0138518 0.695066 0.0645084 0.226574
0.0208326 0.545716 0.063722 0.36973
0.0391936 0.655326 9.9991E-05 0.30538
0.0619273 0.740016 0.0203798 0.177676
9.9982E-05 0.446085 9.9982E-05 0.553715
9.9982E-05 0.521576 9.9982E-05 0.478224
0.0268907 0.526661 9.9991E-05 0.446348
0.132003 0.695097 0.0179077 0.154992
0.0194463 0.591809 9.9991E-05 0.388645
0.0513658 0.582227 9.9991E-05 0.366308
0.0848425 0.440835 0.402007 0.0723152
0.14833 0.374803 0.446925 0.0299419
0.111732 0.446528 0.44164 9.9991E-05
0.166681 0.26812 0.539439 0.02576
0.164697 0.524835 0.280286 0.0301825
0.0843097 0.621491 0.0241247 0.270075
0.257652 9.9991E-05 0.680965 0.0612833
0.146447 0.309266 0.531782 0.0125052
0.168127 0.38087 0.176084 0.274919
0.201774 0.575141 9.9991E-05 0.222984
0.17136 0.515325 0.0422652 0.27105
0.172959 0.623922 0.0382301 0.164888
0.2034 0.665522 0.0303603 0.100718
0.169242 0.371203 0.459455 9.9991E-05
0.173704 0.433505 0.338864 0.0539273
0.0888397 0.412973 0.498088 9.9991E-05
0.150384 0.466595 0.321634 0.0613875
0.163044 0.255737 0.485333 0.0958862
0.161101 0.439374 0.356683 0.0428425
0.120372 0.28231 0.562019 0.0353
0.142102 0.41774 0.338982 0.101176
0.133452 0.515054 0.042633 0.308862
0.156614 0.40918 0.374294 0.0599126
0.237009 0.146741 0.606815 0.00943494
0.155982 0.431831 0.339162 0.0730245
0.249488 0.345361 9.9991E-05 0.405051
0.0454145 0.658532 0.0914078 0.204646
0.155908 0.419535 0.3853 0.0392563
0.189598 0.578144 0.0141053 0.218153
0.189488 0.519051 0.0283458 0.263115
0.239279 0.36775 0.249146 0.143825
0.244758 0.3482 0.298406 0.108636
0.147974 0.577505 0.103908 0.170614
0.153002 0.469052 0.321989 0.055957
0.118195 0.495228 0.386477 9.9991E-05
0.20479 0.139304 0.64665 0.00925576
0.147399 0.628707 0.0963977 0.127496
0.198226 0.501826 9.9991E-05 0.299848
0.128882 0.110245 0.114668 0.646206
0.19278 0.596257 0.0756724 0.13529
0.113141 0.42914 0.0689556 0.388763
0.200917 0.474439 0.176129 0.148515
0.233872 0.494913 0.111384 0.159831
0.388779 9.9991E-05 0.193178 0.417944
0.363501 9.9991E-05 0.168057 0.468343
0.206665 0.284338 0.153663 0.355334
0.343963 9.9991E-05 0.267886 0.388052
0.474838 9.9991E-05 0.270888 0.254175
0.192306 0.369867 0.165145 0.272681
0.276753 0.367339 0.180228 0.17568
0.290415 0.119348 0.254268 0.33597
0.292587 0.0244234 0.236879 0.44611
0.217019 0.49334 0.166913 0.122728
0.25792 0.138601 0.22472 0.378759
0.402556 9.9991E-05 0.16011 0.437234
0.142244 0.53312 0.144656 0.179979
0.210239 0.299301 0.253123 0.237337
0.3365 0.469413 0.166686 0.0274017
0.169128 0.574374 0.256398 9.9991E-05
0.144421 0.540708 0.252991 0.0618801
0.191531 0.498811 0.261568 0.0480902
0.411369 0.393343 0.175518 0.0197695
0.241662 0.567692 0.176224 0.0144227
0.287052 0.523859 0.18576 0.00332939
0.268141 0.263062 0.303495 0.165301
0.233229 0.384459 0.105441 0.276872
0.267577 0.56468 0.0995078 0.0682346
0.171583 0.578551 0.164618 0.085248
0.140736 0.635815 0.112318 0.111132
0.307604 0.446392 0.227283 0.0187206
0.252215 0.55046 0.185343 0.0119818
0.377936 0.016308 0.380136 0.22562
0.212194 0.591897 0.165928 0.0299806
0.299908 0.175336 0.348882 0.175873
0.865206 0.00173906 9.9991E-05 0.132955
0.201029 0.193958 9.9991E-05 0.604913
0.213433 9.9982E-05 9.9982E-05 0.786367
0.191884 0.00929511 9.9991E-05 0.798721
0.138673 0.118241 9.9991E-05 0.742986
0.180608 0.0928602 9.9991E-05 0.726432
0.161719 0.12937 9.9991E-05 0.708811
0.217688 0.0460894 9.9991E-05 0.736123
0.33751 0.0412949 9.9991E-05 0.621096
0.935893 0.0201446 9.9991E-05 0.0438627
0.83391 0.122971 9.9991E-05 0.0430187
0.905424 0.0338584 0.0145332 0.0461844
0.906211 0.0596767 9.9991E-05 0.0340127
0.936751 0.0630493 9.9982E-05 9.9982E-05
0.934321 0.063655 0.000873394 0.00115087
0.750261 0.107148 0.0955465 0.0470445
0.90784 0.0919598 9.9982E-05 9.9982E-05
0.753424 0.114688 0.0762482 0.0556393
0.921385 0.0150104 0.0635046 9.9991E-05
0.9997 9.998E-05 9.998E-05 9.998E-05
0.903777 0.0722597 0.0238629 9.9991E-05
0.9997 9.998E-05 9.998E-05 9.998E-05
0.949706 0.0500936 9.9982E-05 9.9982E-05
0.89996 0.0729177 0.0270227 9.9991E-05
0.930614 0.0560952 0.0131906 9.9991E-05
0.870529 0.070182 0.0591887 9.9991E-05
0.863638 0.111739 0.0245228 9.9991E-05
0.823106 0.0920946 0.0846998 9.9991E-05
0.17753 0.480162 9.9991E-05 0.342208
0.115989 0.726336 9.9991E-05 0.157575
0.159486 0.643827 0.0345593 0.162128
0.0848507 0.0647635 0.133669 0.716717
0.156392 0.549707 0.0214712 0.272429
0.119589 0.0415996 0.130879 0.707932
0.109512 0.618969 0.0933379 0.178181
0.197198 0.489455 9.9991E-05 0.313246
0.210571 0.570491 9.9991E-05 0.218838
0.0866347 0.631025 9.9991E-05 0.28224
0.168212 0.534912 9.9991E-05 0.296776
0.0653586 0.692028 0.047865 0.194748
0.169526 0.553231 0.0332329 0.24401
9.9991E-05 0.0728942 0.125559 0.801447
0.117443 9.9991E-05 0.0799885 0.802468
0.123755 0.135546 0.0786791 0.66202
0.16063 0.685314 0.0211684 0.132888
0.0706702 0.490767 0.084142 0.35442
0.115017 0.672072 0.0241072 0.188804
0.095276 0.706672 0.0750096 0.123042
0.255415 0.490357 0.158515 0.0957137
0.227076 0.580471 0.152216 0.0402366
0.432757 0.226266 0.121952 0.219025
0.190308 0.583706 0.0924199 0.133566
0.236657 0.472404 0.121268 0.169671
0.426863 9.9991E-05 0.232128 0.340909
0.299703 0.322045 0.234885 0.143367
0.394269 0.360985 0.145913 0.0988332
0.375357 0.457837 0.0850624 0.0817436
0.169503 0.596482 0.140784 0.0932305
0.244268 0.574714 0.0919405 0.0890769
0.227273 0.642615 0.0885609 0.0415512
0.16158 0.437366 0.21142 0.189634
0.534282 0.27618 0.118749 0.0707897
