0.040806 0.0203076 9.9991E-05 0.938786
9.998E-05 9.998E-05 9.998E-05 0.9997
0.00659042 0.0635205 0.0264048 0.903484
9.9982E-05 0.153709 9.9982E-05 0.846092
9.9982E-05 0.0828411 9.9982E-05 0.916959
0.0284096 0.129934 0.134089 0.707567
0.0216484 0.0356215 0.0960308 0.846699
0.0255647 0.0315267 0.161042 0.781867
9.9982E-05 9.9982E-05 0.133351 0.866449
0.00569654 0.0704654 0.125468 0.79837
9.9991E-05 0.130969 0.0769121 0.792019
9.999E-05 0.347319 0.537545 0.115036
0.038565 0.634686 0.221005 0.105744
0.0400728 0.375751 0.495057 0.0891192
0.0665172 0.407769 0.398436 0.127278
0.088131 0.510169 0.251484 0.150216
0.086005 0.616279 0.231518 0.0661978
0.0327358 0.555389 0.331612 0.0802637
0.0464895 0.360497 0.409696 0.183318
9.9991E-05 0.157146 0.707021 0.135733
0.0170208 0.513917 0.390016 0.0790463
0.126849 0.447055 0.384498 0.0415978
0.0356617 0.618702 0.266518 0.0791179
0.0198423 0.342738 0.486101 0.151319
0.0366527 0.735454 0.0957477 0.132145
9.9991E-05 0.627 0.262016 0.110885
9.9991E-05 0.345695 0.500717 0.153488
0.0328412 0.382148 0.446258 0.138753
9.9991E-05 0.325944 0.595519 0.0784369
0.0309815 0.0782993 9.9991E-05 0.890619
0.0262313 0.0929233 9.9991E-05 0.880745
0.0872399 0.101895 9.9991E-05 0.810765
0.0756535 0.153469 9.9991E-05 0.770778
9.9991E-05 0.607087 0.307543 0.0852699
9.9991E-05 0.70146 0.191182 0.107258
0.00289247 0.68646 0.290966 0.0196818
9.9991E-05 0.270637 0.592334 0.136929
0.0248244 0.439616 0.53546 9.9991E-05
0.00821543 0.689235 0.199549 0.103
9.9991E-05 0.819731 0.104509 0.0756594
0.0099416 0.59008 0.255777 0.144202
0.015204 0.648701 0.209726 0.126369
9.9991E-05 0.378521 0.596893 0.0244861
0.0475437 0.694658 0.17896 0.0788378
0.0682702 0.693564 0.198077 0.0400885
0.0762518 0.635405 0.159332 0.129011
9.9982E-05 0.525246 0.474554 9.9982E-05
0.0134409 0.739223 0.140417 0.106919
0.0690223 0.606869 0.206429 0.11768
0.0198459 9.9991E-05 0.977465 0.00258925
9.9991E-05 0.291948 0.632777 0.0751753
0.0913965 0.195738 0.657901 0.0549639
0.0738659 0.596841 0.225452 0.103841
0.0929654 0.611064 0.193105 0.102866
0.0946498 0.641809 0.148636 0.114906
9.9991E-05 0.288182 0.506072 0.205646
9.9991E-05 0.637712 0.305221 0.0569664
0.0764349 0.616231 0.224711 0.0826227
9.9991E-05 0.519385 0.341311 0.139204
9.9991E-05 0.222875 0.539775 0.23725
0.0707556 0.57286 0.253991 0.102394
0.0781772 0.515317 0.319347 0.0871581
9.9991E-05 0.183938 0.651624 0.164338
9.9991E-05 0.549984 0.398918 0.0509985
0.0802229 0.651856 0.210655 0.0572655
0.000506923 0.704892 0.180763 0.113839
0.0436081 0.372114 0.445121 0.139157
0.0509236 0.552437 0.320878 0.0757611
0.0387624 0.62246 0.2705 0.0682777
9.9991E-05 0.353274 0.537538 0.109088
9.9982E-05 0.681882 0.317918 9.9982E-05
9.9991E-05 0.464318 0.515203 0.0203798
0.0549795 0.626591 0.224798 0.0936316
0.0106001 0.217992 0.771308 9.9991E-05
9.9982E-05 0.212104 0.787696 9.9982E-05
9.9982E-05 0.438559 0.561241 9.9982E-05
9.9991E-05 0.64563 0.320776 0.033494
0.0172858 0.660197 0.200512 0.122005
9.9982E-05 0.681665 0.318135 9.9982E-05
9.9991E-05 0.372561 0.570159 0.0571801
9.9991E-05 0.470526 0.526966 0.00240806
0.0478765 0.656185 0.201208 0.0947307
9.9991E-05 0.561582 0.40089 0.0374282
9.9991E-05 0.648212 0.349427 0.00226058
9.9982E-05 0.647166 0.352634 9.9982E-05
0.0705886 0.0386709 0.89064 9.9991E-05
0.0445233 0.68127 0.229508 0.0446992
9.9991E-05 0.0981966 0.0109764 0.890727
0.0348846 0.0309048 9.9991E-05 0.934111
0.0430913 0.0914957 9.9991E-05 0.865313
0.0414353 0.0123947 9.9991E-05 0.94607
0.047641 9.9982E-05 9.9982E-05 0.952159
0.0756106 0.0497341 9.9991E-05 0.874555
9.9982E-05 0.0618404 9.9982E-05 0.93796
0.0204098 0.661905 0.21484 0.102846
0.0390818 0.663722 0.171065 0.126131
9.9991E-05 0.26097 0.687727 0.051203
0.0503578 0.679236 0.167026 0.103379
9.9991E-05 0.566786 0.400009 0.0331048
9.9991E-05 0.709722 0.217398 0.0727795
0.0559375 0.653101 0.290861 9.9991E-05
0.0500612 0.646011 0.303828 9.9991E-05
9.9991E-05 0.248451 0.707954 0.0434945
0.0318169 0.605657 0.253045 0.109482
9.9991E-05 0.759622 0.140031 0.100247
0.061555 0.637014 0.175946 0.125485
0.0222606 0.413473 0.564166 9.9991E-05
9.9982E-05 0.664032 0.335768 9.9982E-05
9.9991E-05 0.639041 0.326949 0.0339101
9.9982E-05 0.583377 0.416423 9.9982E-05
9.9991E-05 0.60413 0.355392 0.0403774
0.0338623 0.673358 0.18016 0.11262
0.0776599 0.356107 0.513383 0.0528505
9.9991E-05 0.492818 0.344993 0.162088
9.9991E-05 0.654918 0.178319 0.166663
0.0610241 0.626899 0.206569 0.105508
9.9991E-05 0.584126 0.319447 0.0963266
0.00545034 0.683613 0.22128 0.089657
9.9991E-05 0.534674 0.357795 0.107432
0.068459 0.581719 0.268601 0.081221
0.0222038 0.686005 0.16752 0.124272
9.9991E-05 0.623755 0.251333 0.124812
9.9991E-05 0.667165 0.229706 0.103029
0.0562853 0.649835 0.197224 0.0966552
0.0729299 0.621158 0.15907 0.146843
0.0825313 0.632716 0.268801 0.0159515
0.0855826 0.622983 0.206311 0.0851235
0.062495 0.681743 0.24077 0.0149928
0.0942528 0.365812 0.426805 0.11313
0.0747871 0.656498 0.178109 0.0906052
9.9991E-05 0.731387 0.182151 0.0863617
9.9991E-05 0.336055 0.522643 0.141202
0.114573 0.151817 0.707477 0.0261324
0.0552189 0.562426 0.315106 0.0672488
0.0667044 0.123175 0.81002 9.9991E-05
9.9991E-05 0.464149 0.451263 0.0844881
9.9991E-05 0.571157 0.397706 0.0310372
9.9991E-05 0.463444 0.441043 0.0954125
9.9991E-05 0.440356 0.50384 0.0557049
0.0313629 0.630009 0.225254 0.113374
0.0806548 0.612228 0.218809 0.0883081
0.0237733 0.666508 0.24151 0.0682083
0.0346198 0.268664 0.652725 0.0439913
9.9991E-05 0.64376 0.165051 0.191089
0.0835474 0.529556 0.289178 0.0977189
0.0739122 9.9991E-05 0.785279 0.140708
0.111002 0.65975 0.121739 0.107509
0.108877 0.309803 0.485514 0.0958061
0.111982 0.50536 0.226952 0.155706
0.0439037 0.277895 0.546083 0.132118
0.0278016 0.134643 0.725014 0.112541
0.067949 0.434086 0.452898 0.0450674
0.125266 0.487965 0.245154 0.141614
0.0791892 0.469904 0.294718 0.156189
0.152132 0.136292 0.652922 0.0586542
0.0406905 0.609033 0.207362 0.142914
9.9982E-05 0.415136 0.584664 9.9982E-05
0.00591259 0.548848 0.44514 9.9991E-05
0.0519045 0.644433 0.137727 0.165936
0.29134 0.135129 0.189684 0.383847
0.209741 9.9991E-05 0.273526 0.516633
0.220783 9.9991E-05 0.295672 0.483445
0.334998 0.0396722 0.247981 0.37735
0.0333813 0.643422 0.323097 9.9991E-05
0.0854147 0.649585 0.179695 0.0853048
0.638607 0.361193 9.9982E-05 9.9982E-05
0.430237 0.473587 0.0447165 0.0514596
0.40045 0.438692 0.0895591 0.0712981
0.107789 0.275256 0.616855 9.9991E-05
0.04759 0.561946 0.253056 0.137408
0.066119 0.284476 0.649305 9.9991E-05
0.0690226 0.608474 0.266995 0.0555086
0.0771511 0.489021 0.372179 0.0616485
0.0586497 0.612679 0.291764 0.0369073
0.114744 0.200686 0.68447 9.9991E-05
0.0573242 0.709593 0.162284 0.0707986
0.0297965 0.669355 0.152061 0.148787
0.946718 0.0530822 9.9982E-05 9.9982E-05
0.87453 0.124841 0.000529287 9.9991E-05
0.515029 0.396507 0.00222604 0.0862381
0.603325 0.396475 9.9982E-05 9.9982E-05
0.819961 0.176764 0.0019614 0.0013136
0.9997 9.998E-05 9.998E-05 9.998E-05
0.93544 0.0643604 9.9982E-05 9.9982E-05
0.836333 0.163467 9.9982E-05 9.9982E-05
0.921882 0.0544407 0.00315904 0.0205187
0.9997 9.998E-05 9.998E-05 9.998E-05
0.9997 9.998E-05 9.998E-05 9.998E-05
0.756724 0.242616 9.9991E-05 0.000559948
0.785937 0.15745 0.0104493 0.0461643
0.9997 9.998E-05 9.998E-05 9.998E-05
0.392826 0.383174 0.121856 0.102145
0.686493 0.255506 9.9991E-05 0.057901
0.795458 0.190038 9.9991E-05 0.0144035
0.874279 0.110879 9.9991E-05 0.0147414
0.9997 9.998E-05 9.998E-05 9.998E-05
0.961635 0.0381647 9.9982E-05 9.9982E-05
0.9997 9.998E-05 9.998E-05 9.998E-05
0.634262 0.310021 9.9991E-05 0.0556177
0.977097 0.0227033 9.9982E-05 9.9982E-05
0.144193 9.9991E-05 0.525439 0.330267
0.182111 0.332402 0.240316 0.245171
0.110762 0.485275 0.234116 0.169847
0.220176 0.15431 0.421625 0.203889
0.169736 0.440215 0.233993 0.156056
0.213497 0.0839582 0.442559 0.259985
0.117975 0.46466 0.251385 0.16598
0.192048 0.29665 0.302003 0.2093
0.198441 0.455062 0.164661 0.181836
0.150261 0.397431 0.241991 0.210317
0.181474 0.426848 0.209712 0.181965
0.0160088 0.0634551 0.00407647 0.91646
0.0835182 0.00121815 0.00911162 0.906152
9.9982E-05 0.0289049 9.9982E-05 0.970895
9.9982E-05 9.9982E-05 0.0121084 0.987692
9.9982E-05 0.076418 9.9982E-05 0.923382
0.00200484 9.9982E-05 9.9982E-05 0.997795
0.0126473 0.0418293 9.9991E-05 0.945423
9.9982E-05 9.9982E-05 0.0375658 0.962234
0.0314358 0.0336561 0.0182737 0.916634
0.0360756 0.00175352 0.0375756 0.924595
9.9982E-05 9.9982E-05 0.32988 0.669921
9.9982E-05 9.9982E-05 0.321198 0.678602
9.9982E-05 9.9982E-05 0.396014 0.603786
9.9991E-05 0.00323199 0.43975 0.556918
9.9991E-05 0.603868 0.310203 0.0858288
0.00264165 0.643753 0.323639 0.0299657
9.9991E-05 0.689872 0.240294 0.0697338
9.9991E-05 0.51586 0.419643 0.0643966
9.9991E-05 0.326483 0.604335 0.0690829
0.0300751 0.746228 0.160656 0.0630409
9.9982E-05 0.719207 0.280593 9.9982E-05
0.0272915 0.682287 0.290322 9.9991E-05
9.9982E-05 0.576218 0.423583 9.9982E-05
0.0286239 0.696058 0.233629 0.0416888
9.9991E-05 0.614484 0.360907 0.0245087
9.9982E-05 0.166595 0.833205 9.9982E-05
0.0128161 0.666187 0.230491 0.090506
9.9982E-05 0.373396 0.626404 9.9982E-05
0.014852 0.672257 0.310979 0.0019123
9.9991E-05 0.363323 0.634149 0.00242822
9.9991E-05 0.0426575 0.667471 0.289771
9.9991E-05 0.119585 0.632863 0.247452
9.9991E-05 0.101546 0.64683 0.251524
9.9991E-05 0.0287156 0.708934 0.262251
9.9991E-05 0.189974 0.623488 0.186438
9.9991E-05 0.181926 0.619944 0.19803
0.0633699 0.0579779 9.9991E-05 0.878552
0.0246971 0.112274 0.0274371 0.835592
0.0504424 0.134773 0.0123921 0.802393
0.0727758 0.0596127 0.00388767 0.863724
0.053245 0.145593 9.9991E-05 0.801062
9.9991E-05 0.000205113 0.490318 0.509377
9.9991E-05 0.0280755 0.425475 0.546349
9.9991E-05 0.0707197 0.40182 0.52736
0.0152854 0.106942 0.00278737 0.874985
9.9991E-05 0.0127691 0.484864 0.502267
0.36855 0.265277 0.0794165 0.286756
0.21937 0.593696 0.0234859 0.163448
0.230876 0.564189 9.9991E-05 0.204834
0.309384 0.325348 0.102055 0.263213
0.128614 0.561868 0.0994645 0.210053
0.356493 9.9991E-05 0.169568 0.473839
9.9991E-05 0.552749 0.395586 0.0515652
0.044509 0.507417 0.447974 9.9991E-05
9.9991E-05 0.389773 0.529288 0.0808388
0.0590922 0.560347 0.380461 9.9991E-05
0.00512372 9.9982E-05 0.994676 9.9982E-05
0.0504084 0.644358 0.188006 0.117227
0.0884068 0.526282 0.314193 0.0711174
9.9991E-05 0.432735 0.465751 0.101414
0.0409443 0.608627 0.227724 0.122705
9.9982E-05 0.253532 0.746268 9.9982E-05
9.9991E-05 0.654318 0.296127 0.0494547
9.9991E-05 0.617631 0.341033 0.0412361
0.166092 0.488477 0.24986 0.0955707
0.0726439 0.362453 0.564804 9.9991E-05
0.0561762 0.469739 0.454981 0.0191033
0.0164511 0.652508 0.29427 0.0367705
0.0401914 0.61364 0.335682 0.0104863
0.0705924 0.707522 0.194225 0.027661
0.0687449 0.611774 0.205513 0.113969
0.00266991 0.658529 0.21886 0.119941
0.0421504 0.100376 9.9991E-05 0.857374
9.9982E-05 0.122674 9.9982E-05 0.877126
9.9982E-05 0.0699774 9.9982E-05 0.929823
0.0532241 0.0301942 9.9991E-05 0.916482
9.9982E-05 0.0831293 9.9982E-05 0.916671
9.9991E-05 0.243712 0.630183 0.126005
0.0637926 0.591474 0.285923 0.0588105
0.249852 0.416507 0.133345 0.200296
0.0438682 0.72188 0.173419 0.0608327
0.0300699 0.604293 0.294887 0.07075
0.045264 0.35327 0.587059 0.0144071
9.9991E-05 0.132799 0.692555 0.174546
9.9991E-05 0.585226 0.273279 0.141395
9.9991E-05 0.341595 0.500663 0.157642
0.0227843 0.596184 0.318795 0.0622367
9.9991E-05 0.238053 0.578144 0.183703
0.0419121 0.626094 0.207833 0.124161
9.9991E-05 0.253247 0.609949 0.136703
0.0962968 0.32806 0.515194 0.0604489
0.0323917 0.595436 0.308089 0.0640831
9.9991E-05 0.386657 0.566674 0.0465697
0.0745948 0.552904 0.303798 0.0687032
0.0308053 0.610534 0.229708 0.128953
0.00331733 0.353831 0.628667 0.0141847
0.0581913 0.60973 0.236747 0.0953318
9.9991E-05 0.585376 0.33872 0.0758039
0.000905219 0.216489 0.782506 9.9991E-05
0.0242186 0.240308 0.691927 0.0435455
9.9991E-05 0.541375 0.403554 0.0549712
0.0269573 0.149121 0.817786 0.00613536
0.00845255 0.509276 0.441978 0.040293
9.9991E-05 0.290793 0.61634 0.0927676
0.120837 0.242189 0.636874 9.9991E-05
0.0649405 0.510571 0.336956 0.0875332
0.0617036 0.626193 0.234965 0.0771377
9.9991E-05 0.366896 0.559644 0.0733608
0.0565132 0.596514 0.264413 0.0825596
9.9991E-05 0.678733 0.212376 0.108791
0.0511677 0.609872 0.314124 0.0248362
0.060501 0.575346 0.320547 0.0436061
9.9991E-05 0.617916 0.283127 0.0988569
9.9991E-05 0.411578 0.52091 0.0674121
0.0190521 0.532342 0.383417 0.0651888
0.0668164 0.651866 0.281217 9.9991E-05
0.119576 0.63557 0.201243 0.0436113
0.109802 0.352816 0.475493 0.0618895
0.110282 0.544001 0.32286 0.0228566
0.0125567 0.498856 0.392881 0.0957063
0.0205769 0.665595 0.238925 0.0749028
0.0704499 0.561079 0.27414 0.0943305
0.0712123 0.614119 0.190331 0.124338
0.120675 0.509215 0.0151733 0.354937
0.196334 0.534285 0.127677 0.141704
0.163124 0.49011 0.169852 0.176915
0.187106 0.561441 0.14755 0.103903
0.227597 0.465051 0.11312 0.194233
0.0350766 0.5679 0.396923 9.9991E-05
0.161923 0.568986 0.109784 0.159307
0.267691 0.0200187 0.48716 0.22513
0.171287 0.565182 0.123902 0.139629
0.177245 0.554312 0.0975576 0.170886
0.190218 0.577942 0.125103 0.106738
0.153758 0.319796 0.298762 0.227684
0.149251 0.571445 0.0670045 0.212299
0.204325 0.53034 0.104227 0.161108
0.188619 9.9991E-05 0.288011 0.52327
0.208353 0.531252 0.0668508 0.193544
0.200246 0.577415 0.0344386 0.187901
0.130236 0.623892 0.131112 0.114761
0.236807 0.601893 9.9991E-05 0.1612
0.122276 0.55695 0.116731 0.204043
0.0588323 0.537004 0.38559 0.0185742
0.0615799 0.577392 0.243432 0.117596
0.077345 0.00532398 0.917231 9.9991E-05
0.0545458 0.0808201 0.864534 9.9991E-05
0.0622118 0.54732 0.279795 0.110673
0.330692 0.351994 0.135033 0.182281
0.335023 0.369703 0.124216 0.171058
0.38984 0.189955 0.257601 0.162605
0.318397 0.370316 0.157724 0.153563
0.174548 0.0904008 0.651486 0.0835654
0.178975 0.16113 0.596666 0.0632282
0.126762 0.632205 0.240933 9.9991E-05
0.176941 0.420768 0.335847 0.0664442
0.137511 0.276915 0.547694 0.0378805
0.128736 0.572412 0.247663 0.0511886
0.0859484 0.645608 0.239631 0.0288126
0.116579 0.563032 0.24709 0.0732986
0.0836783 0.384585 0.531636 9.9991E-05
0.0339201 0.497205 0.468775 9.9991E-05
0.0258829 0.585421 0.332513 0.0561832
0.094419 0.526682 0.372443 0.00645552
0.095758 0.577073 0.258887 0.0682825
0.03695 0.524534 0.438416 9.9991E-05
0.0516422 0.270097 0.678161 9.9991E-05
0.0683526 0.66931 0.262237 9.9991E-05
0.0815079 0.225887 0.692505 9.9991E-05
0.0457908 0.53014 0.406173 0.0178962
0.0465837 0.560439 0.275155 0.117823
0.0213931 0.596555 0.2962 0.0858517
0.148451 0.538516 0.127269 0.185765
0.127338 0.512796 0.188145 0.171721
0.326935 0.314396 0.161054 0.197615
0.26891 0.318415 0.175108 0.237566
0.193581 0.487536 0.152733 0.16615
0.168325 0.475243 0.177536 0.178896
0.266595 9.9991E-05 0.617486 0.115819
0.230699 0.570759 0.0896264 0.108915
0.227375 9.9991E-05 0.450731 0.321795
0.216669 0.508459 0.191129 0.0837426
9.9982E-05 0.294734 0.705066 9.9982E-05
0.0388093 0.100833 0.860258 9.9991E-05
0.0325079 0.561498 0.405894 9.9991E-05
0.0706426 0.66814 0.261118 9.9991E-05
0.0226537 0.517208 0.460039 9.9991E-05
0.0291233 0.678639 0.291505 0.000732486
0.0267225 0.662605 0.310572 9.9991E-05
0.027487 0.0148 0.0653802 0.892333
0.0702401 0.054634 0.0807946 0.794331
0.0300178 0.00454366 9.9991E-05 0.965339
9.9982E-05 0.0306335 9.9982E-05 0.969167
0.0480777 0.662159 0.246106 0.0436578
0.0131235 0.702104 0.244071 0.0407006
9.9982E-05 0.716441 0.283359 9.9982E-05
9.9991E-05 0.694624 0.218173 0.0871029
9.9991E-05 0.675408 0.194485 0.130007
9.9991E-05 0.478754 0.474552 0.0465939
9.9991E-05 0.804103 0.186216 0.00958133
0.0121484 0.431975 0.555777 9.9991E-05
0.165903 0.456029 0.0460477 0.33202
0.0217066 0.601232 0.376961 9.9991E-05
9.9982E-05 0.552966 0.446834 9.9982E-05
9.9982E-05 0.678767 0.321033 9.9982E-05
0.00161912 0.615307 0.355441 0.0276324
0.0268615 0.700435 0.272603 9.9991E-05
9.9991E-05 0.683048 0.227506 0.0893454
9.9982E-05 0.24469 0.75511 9.9982E-05
0.00559954 0.503008 0.491292 9.9991E-05
9.9982E-05 0.54878 0.45102 9.9982E-05
9.9982E-05 0.0829509 0.916849 9.9982E-05
9.9991E-05 0.579401 0.359252 0.0612478
9.9982E-05 0.274995 0.724805 9.9982E-05
9.9982E-05 0.0651222 0.934678 9.9982E-05
0.037435 0.652125 0.27678 0.0336597
9.9991E-05 0.392192 0.577536 0.0301723
9.9991E-05 0.65442 0.336778 0.00870176
0.033142 0.674968 0.1704 0.12149
9.9991E-05 0.663419 0.306916 0.0295652
0.0679528 0.409501 0.522446 9.9991E-05
0.0156226 0.681968 0.262541 0.0398686
9.9991E-05 0.67063 0.294377 0.034893
9.9982E-05 0.477791 0.522009 9.9982E-05
0.0229974 0.624895 0.275782 0.0763255
9.9982E-05 9.9982E-05 0.260865 0.738935
9.9991E-05 0.0111546 0.163388 0.825357
9.9982E-05 9.9982E-05 0.101943 0.897857
9.9982E-05 9.9982E-05 0.130797 0.869003
9.9991E-05 0.0369286 0.144035 0.818937
9.9991E-05 0.378929 0.577931 0.04304
9.9991E-05 0.354087 0.593093 0.0527195
9.9982E-05 0.419861 0.57994 9.9982E-05
0.0726473 0.613835 0.262819 0.0506987
0.0781478 0.585102 0.227949 0.108801
0.0417673 0.434412 0.52372 9.9991E-05
0.0690952 0.730539 0.184944 0.0154218
0.0883964 0.512573 0.382844 0.0161865
9.9991E-05 0.656412 0.29628 0.0472086
0.0361834 0.706603 0.195996 0.0612175
9.9991E-05 0.432889 0.560275 0.00673625
9.9982E-05 0.493074 0.506726 9.9982E-05
9.9982E-05 0.521725 0.478075 9.9982E-05
0.0261286 0.684387 0.12409 0.165394
9.9991E-05 0.607355 0.378287 0.0142576
9.9991E-05 0.57859 0.386406 0.0349045
0.386933 0.469854 0.0382764 0.104937
0.44336 0.344266 0.0501213 0.162253
0.451252 0.43404 0.0248713 0.089837
0.520802 0.31319 0.00219878 0.163809
0.309863 0.51601 0.0273212 0.146805
0.0279576 0.597955 0.296587 0.0774998
0.677199 9.9991E-05 0.0590265 0.263675
0.483753 0.345909 0.0144853 0.155852
0.20027 0.373437 0.224179 0.202114
0.0172133 0.576761 0.218258 0.187768
0.0528582 0.51215 0.258348 0.176644
0.0245623 0.648419 0.17935 0.14767
0.0543196 0.641197 0.132486 0.171998
0.498181 0.323813 9.9991E-05 0.177906
0.320717 0.469136 0.032276 0.177871
0.529414 0.402484 9.9991E-05 0.0680022
0.315698 0.501021 0.0205177 0.162764
0.50654 0.271515 0.0668605 0.155084
0.360534 0.474871 0.0331725 0.131423
0.563142 0.270355 0.0401857 0.126317
0.328172 0.470063 0.0949807 0.106784
0.0306753 0.560812 0.298845 0.109668
0.330856 0.414877 0.0992922 0.154976
0.615208 0.161136 0.0115266 0.21213
0.366809 0.443045 0.0458569 0.144289
9.9991E-05 0.380338 0.400176 0.219385
0.0657295 0.644303 0.223047 0.066921
0.37569 0.411132 0.0805657 0.132613
9.9991E-05 0.591257 0.197669 0.210974
0.00896616 0.571821 0.221141 0.198072
0.240336 0.364207 0.160827 0.23463
0.287947 0.369872 0.118064 0.224116
0.0778039 0.595623 0.177316 0.149257
0.294119 0.484679 0.0626075 0.158594
0.441084 0.44208 9.9991E-05 0.116737
0.622785 0.158717 0.0120282 0.20647
0.0625611 0.669781 0.140714 0.126944
9.9991E-05 0.509796 0.324027 0.166078
0.135109 0.110132 0.636655 0.118103
0.0577482 0.641473 0.145924 0.154855
0.0491028 0.442762 0.388352 0.119784
0.131094 0.509751 0.139455 0.219699
0.0998907 0.532139 0.177257 0.190714
0.191208 9.9991E-05 0.402074 0.406618
0.171556 9.9991E-05 0.485315 0.343029
0.132626 0.320919 0.334372 0.212084
0.289806 9.9991E-05 0.375974 0.33412
0.258317 9.9991E-05 0.257038 0.484545
0.165963 0.369406 0.277688 0.186943
0.21409 0.362815 0.175234 0.247861
0.240531 0.117563 0.34014 0.301767
0.204222 0.0534416 0.455337 0.286999
0.168589 0.461254 0.182953 0.187204
0.203258 0.168075 0.37446 0.254207
0.178382 9.9991E-05 0.440003 0.381515
0.138375 0.533925 0.18419 0.14351
0.228429 0.33021 0.251785 0.189576
0.171905 0.443703 0.0555504 0.328842
0.219474 0.620434 9.9991E-05 0.159992
0.252358 0.541558 0.0608546 0.145229
0.28827 0.49218 0.0715237 0.148026
0.221931 0.352923 0.0333743 0.391771
0.200066 0.526901 0.0314555 0.241578
0.207189 0.509102 9.9991E-05 0.283609
0.296213 0.286038 0.159788 0.257961
0.116416 0.43477 0.250639 0.198175
0.122244 0.565851 0.0889829 0.222921
0.18116 0.591259 0.0892903 0.138291
0.168856 0.585579 0.143545 0.102021
0.227597 0.458825 0.0258293 0.287749
0.128672 0.550074 0.0278079 0.293446
0.36362 0.0465284 0.204577 0.385274
0.183024 0.566872 0.0755117 0.174593
0.341208 0.172003 0.169784 0.317005
9.9982E-05 9.9982E-05 0.14369 0.85611
9.9991E-05 0.242485 0.560744 0.196671
9.9982E-05 9.9982E-05 0.782782 0.217018
9.9991E-05 0.00603637 0.819649 0.174215
9.9991E-05 0.115116 0.726136 0.158648
9.9991E-05 0.0919951 0.724198 0.183707
9.9991E-05 0.140511 0.701577 0.157813
9.9991E-05 0.0182241 0.772814 0.208862
9.9991E-05 0.0599998 0.612064 0.327836
9.9991E-05 0.0289956 0.0421224 0.928782
9.9991E-05 0.0917469 0.0772625 0.830891
9.9991E-05 0.0409776 0.0477141 0.911208
9.9991E-05 0.0458198 0.0545394 0.899541
0.00263349 0.0402315 0.0388283 0.918307
0.00706726 0.0601718 0.00816414 0.924597
0.0914005 0.135752 0.011168 0.761679
0.0245304 0.0742681 9.9991E-05 0.901102
0.0608045 0.119947 0.0843441 0.734904
0.06296 0.00450402 9.9991E-05 0.932436
0.000741335 9.9982E-05 9.9982E-05 0.999059
0.0191732 0.0696438 9.9991E-05 0.911083
9.998E-05 9.998E-05 9.998E-05 0.9997
9.9982E-05 0.016944 9.9982E-05 0.982856
0.00697252 0.0825235 9.9991E-05 0.910404
0.0333493 0.0530947 9.9991E-05 0.913456
0.0504173 0.0786891 9.9991E-05 0.870794
0.0412247 0.114148 9.9991E-05 0.844527
0.0882938 0.0944691 9.9991E-05 0.817137
9.9991E-05 0.468735 0.351098 0.180067
9.9991E-05 0.759753 0.13183 0.108317
0.0413351 0.641697 0.1729 0.144068
0.149037 0.0682313 0.703376 0.0793562
0.0376939 0.53813 0.295642 0.128534
0.116687 0.0534585 0.679543 0.150311
0.10556 0.65255 0.148773 0.0931168
9.9991E-05 0.507034 0.306815 0.186051
9.9991E-05 0.519818 0.263355 0.216727
9.9991E-05 0.642134 0.286684 0.0710821
9.9991E-05 0.543235 0.282518 0.174147
0.0303082 0.708062 0.155668 0.105962
0.00556258 0.590872 0.251276 0.152289
0.128718 0.0597733 0.811408 9.9991E-05
0.0893174 9.9991E-05 0.791319 0.119264
0.0981732 0.138705 0.639709 0.123413
0.0508557 0.59169 0.192811 0.164643
0.0724181 0.508649 0.318558 0.100375
0.0344693 0.643857 0.216885 0.104788
0.0951741 0.654939 0.135174 0.114712
0.152553 0.492203 0.0988975 0.256347
0.153297 0.579941 0.0341603 0.232602
0.155039 0.209538 0.212401 0.423022
0.0876355 0.590817 0.172923 0.148624
0.11548 0.46572 0.191529 0.227271
0.242833 9.9991E-05 0.343896 0.41317
0.265014 0.298729 0.130806 0.305452
0.16989 0.319672 0.130952 0.379485
0.075277 0.47207 0.0917985 0.360855
0.152595 0.541838 0.138133 0.167434
0.125506 0.574486 0.0944191 0.205589
0.125859 0.593802 0.0934083 0.18693
0.217046 0.437672 0.190649 0.154634
0.125897 0.270298 0.0977768 0.506028
