0.0186988 0.948024 0.0331776 9.9991E-05
9.9982E-05 0.997845 0.00195553 9.9982E-05
0.0786978 0.878811 0.0248268 0.0176639
0.123346 0.874681 0.00187302 9.9991E-05
0.0958759 0.903924 9.9982E-05 9.9982E-05
0.127555 0.694097 0.0248192 0.153528
0.00102762 0.835026 0.0328152 0.131131
0.0522082 0.782644 0.00587949 0.159268
9.9982E-05 0.869081 9.9982E-05 0.130719
0.0805685 0.809634 0.00463214 0.105165
0.123451 0.788352 9.9991E-05 0.0880967
0.372121 0.126643 9.9991E-05 0.501136
0.635558 0.100835 0.0400142 0.223594
0.397663 0.114868 0.0300683 0.4574
0.410347 0.137798 0.0712115 0.380643
0.52598 0.125356 0.0870088 0.261655
0.611755 0.0875591 0.0714471 0.229238
0.589157 0.0860801 0.0153258 0.309437
0.373522 0.200192 0.0605207 0.365765
0.178447 0.142232 9.9991E-05 0.679221
0.593511 0.0823845 9.9991E-05 0.324005
0.485694 0.0547656 0.094414 0.365127
0.645995 0.0455875 0.037587 0.27083
0.381586 0.148942 0.0162983 0.453174
0.709454 0.112734 0.0656323 0.11218
0.63589 0.0645146 0.0320034 0.267592
0.365752 0.133158 9.9991E-05 0.50099
0.432518 0.151533 0.0214777 0.394471
0.367397 0.0968046 9.9991E-05 0.535698
0.0821194 0.894432 0.0233483 9.9991E-05
0.109592 0.873415 0.016893 9.9991E-05
0.101119 0.808476 0.0903051 9.9991E-05
0.160026 0.751667 0.0882077 9.9991E-05
0.646813 0.0989199 9.9991E-05 0.254167
0.68614 0.115286 0.0182868 0.180287
0.716627 0.0177423 0.00293132 0.2627
0.289699 0.1427 9.9991E-05 0.567501
0.410479 9.9991E-05 0.0427817 0.546639
0.670264 0.116545 0.0110195 0.202171
0.796192 0.0525886 0.0294098 0.12181
0.652405 0.156516 9.9991E-05 0.190979
0.730711 0.112485 9.9991E-05 0.156703
0.373136 0.0278894 9.9991E-05 0.598874
0.657887 0.0763571 0.0808298 0.184926
0.73685 0.0909098 0.0184687 0.153771
0.637578 0.17311 0.0474476 0.141864
0.509547 9.9982E-05 9.9982E-05 0.490253
0.755992 0.0951455 0.0235343 0.125328
0.667923 0.143912 0.0206317 0.167533
9.9982E-05 9.9982E-05 0.0302718 0.969528
0.31289 0.071284 9.9991E-05 0.615726
0.1955 0.0367658 0.111291 0.656443
0.597115 0.0939019 0.0937921 0.215191
0.6326 0.115996 0.0879912 0.163413
0.685217 0.093281 0.0742011 0.147301
0.31108 0.204948 9.9991E-05 0.483872
0.63931 0.0727072 9.9991E-05 0.287883
0.673329 0.0783037 0.0471916 0.201175
0.528446 0.169047 9.9991E-05 0.302407
0.2279 0.234696 9.9991E-05 0.537305
0.609525 0.0912973 0.0680192 0.231159
0.569448 0.0985447 0.0495523 0.282455
0.190982 0.175423 9.9991E-05 0.633494
0.562542 0.0583152 9.9991E-05 0.379043
0.622412 0.0370845 0.103756 0.236748
0.721685 0.13449 9.9991E-05 0.143725
0.411589 0.114711 0.0237299 0.44997
0.575335 0.0829586 0.047332 0.294375
0.663571 0.0734693 0.0425811 0.220378
0.349603 0.108245 9.9991E-05 0.542051
0.702596 0.00371723 9.9991E-05 0.293586
0.494276 0.000526077 9.9991E-05 0.505098
0.644867 0.0879303 0.0214395 0.245763
0.225657 9.9982E-05 9.9982E-05 0.774143
0.217092 9.9982E-05 9.9982E-05 0.782708
0.430076 9.9982E-05 9.9982E-05 0.569724
0.647033 0.043522 9.9991E-05 0.309345
0.632067 0.128236 0.0579677 0.181729
0.645633 9.9991E-05 0.015227 0.33904
0.397775 0.0444741 9.9991E-05 0.55765
0.48575 0.00804553 9.9991E-05 0.506104
0.642643 0.0864618 0.0301838 0.240712
0.58374 0.026275 9.9991E-05 0.389885
0.633639 0.00910975 9.9991E-05 0.357151
0.633817 9.9982E-05 9.9982E-05 0.365983
0.0285685 9.9991E-05 0.0618172 0.909514
0.708199 0.0408529 0.0287256 0.222222
0.107077 0.892723 9.9982E-05 9.9982E-05
0.0536349 0.936913 0.00935195 9.9991E-05
0.0897841 0.866717 0.0433993 9.9991E-05
0.0163586 0.93217 0.0513718 9.9991E-05
9.9982E-05 0.959745 0.0400546 9.9982E-05
0.0721203 0.883314 0.0444658 9.9991E-05
0.0577782 0.942022 9.9982E-05 9.9982E-05
0.668503 0.0740294 0.0751284 0.182339
0.647711 0.144091 0.0375108 0.170687
0.290958 0.0417659 9.9991E-05 0.667176
0.703983 0.0843103 0.0254281 0.186279
0.590396 0.0230628 9.9991E-05 0.386441
0.693757 0.0432981 9.9991E-05 0.262845
0.706052 0.0386896 0.00836101 0.246897
0.683014 0.0101642 0.0292184 0.277603
0.220981 0.0474937 9.9991E-05 0.731425
0.607284 0.146724 0.0147145 0.231278
0.734732 0.0875697 0.0183974 0.159301
0.640885 0.117333 0.0266211 0.21516
0.431398 9.9991E-05 0.0247062 0.543795
0.693087 9.9991E-05 0.00451717 0.302296
0.668527 0.0121424 9.9991E-05 0.319231
0.573188 9.9982E-05 9.9982E-05 0.426612
0.608355 0.0340475 9.9991E-05 0.357498
0.634302 0.139592 0.0164662 0.209639
0.345082 0.0568891 0.0836974 0.514332
0.522572 0.129063 9.9991E-05 0.348264
0.616835 0.142421 0.0665833 0.174161
0.611416 0.0870099 0.0694709 0.232104
0.567675 0.0920109 9.9991E-05 0.340214
0.668131 0.106604 0.0124972 0.212767
0.562912 0.126793 9.9991E-05 0.310195
0.572983 0.110006 0.0602892 0.256723
0.683781 0.106988 0.0358058 0.173424
0.656821 0.0866139 9.9991E-05 0.256465
0.634543 0.101433 9.9991E-05 0.263924
0.65393 0.0793986 0.0768915 0.18978
0.636396 0.135403 0.0755281 0.152673
0.645547 9.9991E-05 0.0922776 0.262076
0.663702 0.140153 0.0555209 0.140624
0.683192 0.0339113 0.0691791 0.213718
0.308536 0.0985635 0.121183 0.471718
0.689001 0.095714 0.0323557 0.182929
0.676019 0.0528979 0.0604934 0.210589
0.320263 0.123572 9.9991E-05 0.556065
0.195422 0.0132042 0.113062 0.678312
0.599051 0.104085 0.00631394 0.29055
0.11168 9.9991E-05 0.0774164 0.810804
0.467929 0.0753678 9.9991E-05 0.456604
0.53064 0.042197 9.9991E-05 0.427063
0.468883 0.0734207 9.9991E-05 0.457596
0.474066 0.0730666 9.9991E-05 0.452768
0.673602 0.134449 0.00499224 0.186956
0.642889 0.107389 0.0516241 0.198098
0.677321 0.0565167 0.0282614 0.237901
0.230843 0.0290059 0.0592155 0.680936
0.588706 0.149151 0.0736349 0.188508
0.535552 0.116968 0.0608844 0.286595
9.9991E-05 0.130962 0.0638195 0.805118
0.680118 0.0633306 0.108704 0.147848
0.325214 0.103337 0.111943 0.459507
0.593263 0.131166 0.081238 0.194334
0.280038 0.103658 0.0531217 0.563183
0.127016 0.0954294 0.0422526 0.735302
0.43253 0.0522137 0.0709918 0.444264
0.564858 0.156168 0.0786143 0.20036
0.466634 0.177015 0.0687316 0.287619
0.121243 0.0429411 0.159554 0.676261
0.615176 0.10196 0.119536 0.163327
0.408046 9.9982E-05 9.9982E-05 0.591754
0.498977 0.00314021 0.0362861 0.461597
0.646948 0.131126 0.0655572 0.156369
0.11206 0.367686 0.301315 0.218939
9.9991E-05 0.505491 0.217143 0.277267
9.9991E-05 0.495207 0.202643 0.302049
0.0271977 0.359627 0.348609 0.264567
0.709041 0.00740511 9.9991E-05 0.283454
0.648018 0.0947002 0.0795442 0.177737
0.35216 9.9982E-05 0.64764 9.9982E-05
0.435596 0.0349958 0.447831 0.0815776
0.401127 0.113241 0.405118 0.0805149
0.279257 0.0083907 0.099601 0.612751
0.531349 0.109995 0.0787119 0.279944
0.29109 9.9991E-05 0.0557322 0.653078
0.618686 0.0657892 0.0629049 0.25262
0.48735 0.0646493 0.0897572 0.358243
0.603981 0.0107167 0.0848471 0.300455
0.246793 0.0116996 0.0578045 0.683703
0.730361 0.0535899 0.0616028 0.154446
0.594172 0.130599 0.0555808 0.219648
0.0484708 9.9982E-05 0.951329 9.9982E-05
0.11458 9.9982E-05 0.88522 9.9982E-05
0.329184 0.0768665 0.541367 0.0525826
0.381548 9.9982E-05 0.618252 9.9982E-05
0.185914 9.9991E-05 0.803655 0.0103313
9.998E-05 9.998E-05 0.9997 9.998E-05
0.0123176 0.00607458 0.974302 0.00730604
0.157322 9.9982E-05 0.842478 9.9982E-05
0.0251585 0.00225446 0.936896 0.0356911
9.998E-05 9.998E-05 0.9997 9.998E-05
9.998E-05 9.998E-05 0.9997 9.998E-05
0.236305 0.0122708 0.751324 9.9991E-05
0.196374 0.024601 0.776409 0.00261684
9.998E-05 9.998E-05 0.9997 9.998E-05
0.404312 0.0968331 0.400728 0.0981269
0.329847 0.0467815 0.623271 9.9991E-05
0.184884 0.020075 0.794941 9.9991E-05
0.129369 9.9982E-05 0.870431 9.9982E-05
9.998E-05 9.998E-05 0.9997 9.998E-05
0.0550188 0.020768 0.924113 9.9991E-05
9.998E-05 9.998E-05 0.9997 9.998E-05
0.299925 0.0652544 0.611224 0.0235967
9.9982E-05 9.9982E-05 0.993739 0.00606095
9.9991E-05 0.318352 0.156565 0.524983
0.367412 0.211026 0.161934 0.259628
0.482959 0.170144 0.123134 0.223763
0.147223 0.200952 0.207924 0.443901
0.443182 0.176823 0.148688 0.231307
0.0829427 0.265787 0.20438 0.44689
0.422301 0.222248 0.144115 0.211336
0.298367 0.200864 0.192345 0.308424
0.470667 0.168271 0.184127 0.176934
0.376232 0.211713 0.167851 0.244204
0.474328 0.169536 0.155861 0.200274
0.0656215 0.932457 0.000624448 0.00129713
9.9982E-05 0.918066 0.0817342 9.9982E-05
0.00800102 0.991799 9.9982E-05 9.9982E-05
9.998E-05 0.9997 9.998E-05 9.998E-05
0.0644582 0.935342 9.9982E-05 9.9982E-05
9.9982E-05 0.983608 0.0161924 9.9982E-05
0.0450569 0.940713 0.0141296 9.9991E-05
9.9982E-05 0.978423 9.9982E-05 0.0213767
0.0282321 0.92436 0.0388601 0.00854774
9.9991E-05 0.934475 0.049545 0.0158797
9.9982E-05 0.660162 9.9982E-05 0.339638
9.9982E-05 0.686511 9.9982E-05 0.313289
0.0044611 0.614428 9.9991E-05 0.38101
9.9982E-05 0.547106 9.9982E-05 0.452694
0.601344 0.097167 9.9991E-05 0.301389
0.62624 0.0206778 0.0554213 0.297661
0.644474 0.0678142 0.00194001 0.285772
0.536437 0.0771615 9.9991E-05 0.386302
0.33853 0.0489916 9.9991E-05 0.612378
0.741442 0.0643465 0.0171494 0.177062
0.769051 9.9982E-05 9.9982E-05 0.230749
0.644284 9.9991E-05 0.0405333 0.315083
0.553876 9.9991E-05 0.00104431 0.44498
0.685527 0.0601295 0.0471548 0.207189
0.614014 0.00583761 9.9991E-05 0.380048
0.17337 9.9982E-05 9.9982E-05 0.82643
0.644324 0.0639924 0.0681713 0.223513
0.361004 9.9991E-05 0.00933059 0.629566
0.661647 0.0387403 0.00656856 0.293044
0.386701 0.0101453 9.9991E-05 0.603053
0.0569374 0.298287 9.9991E-05 0.644676
0.151995 0.251372 9.9991E-05 0.596533
0.106258 0.256483 9.9991E-05 0.637159
0.0450236 0.268061 9.9991E-05 0.686815
0.191455 0.190679 9.9991E-05 0.617766
0.189372 0.223297 9.9991E-05 0.587231
0.0598924 0.889249 0.0507583 9.9991E-05
0.134325 0.844432 0.00731057 0.0139323
0.135881 0.79336 0.0527469 0.0180114
0.0275777 0.852453 0.0780297 0.0419393
0.122482 0.813047 0.0643707 9.9991E-05
0.00516501 0.511683 9.9991E-05 0.483052
9.9982E-05 0.56253 9.9982E-05 0.43727
0.0620835 0.541363 9.9991E-05 0.396454
0.120577 0.869749 0.00957366 9.9991E-05
0.00499536 0.50846 9.9991E-05 0.486444
0.293413 0.261674 0.341806 0.103107
0.560242 0.153409 0.236743 0.049606
0.553526 0.194296 0.252078 9.9991E-05
0.331218 0.262536 0.309225 0.0970207
0.595906 0.157849 0.130641 0.115604
9.9991E-05 0.443133 0.36071 0.196057
0.54871 0.0604094 9.9991E-05 0.390781
0.515837 9.9991E-05 0.0504994 0.433564
0.409095 0.0895285 9.9991E-05 0.501276
0.556426 9.9991E-05 0.0677758 0.375698
9.9982E-05 9.9982E-05 0.00909167 0.990708
0.621641 0.112319 0.0731533 0.192887
0.597598 0.0280927 0.0858664 0.288443
0.468791 0.0987947 9.9991E-05 0.432314
0.607995 0.0923989 0.0740678 0.225539
0.238618 9.9991E-05 0.0138068 0.747475
0.651039 0.0524801 0.0361843 0.260297
0.619694 0.051336 9.9991E-05 0.32887
0.457104 0.0988593 0.190166 0.253871
0.386554 0.0220073 0.069404 0.522035
0.48158 0.00172236 0.0722734 0.444424
0.651469 9.9991E-05 0.0303007 0.31813
0.623575 9.9991E-05 0.0316721 0.344653
0.693986 0.0344639 0.0614773 0.210072
0.663605 0.083276 0.0406989 0.21242
0.630455 0.126475 0.0517442 0.191326
0.103474 0.832134 0.064292 9.9991E-05
0.104714 0.888665 0.00652027 9.9991E-05
0.0763831 0.923417 9.9982E-05 9.9982E-05
0.0110647 0.929697 0.0591383 9.9991E-05
0.0666649 0.933135 9.9982E-05 9.9982E-05
0.253916 0.129289 9.9991E-05 0.616696
0.594469 0.0636744 0.0720159 0.269841
0.447999 0.240815 0.214499 0.0966866
0.741779 0.0504894 0.0505775 0.157154
0.628612 0.061608 0.00171996 0.30806
0.339899 0.0282076 0.0661 0.565793
0.129059 0.188287 9.9991E-05 0.682554
0.598015 0.114422 9.9991E-05 0.287463
0.370218 0.168602 9.9991E-05 0.461079
0.575039 0.0845295 0.00400989 0.336422
0.245611 0.195258 9.9991E-05 0.559032
0.656944 0.121676 0.0348451 0.186534
0.26587 0.134598 9.9991E-05 0.599433
0.319257 0.0457567 0.134876 0.50011
0.589349 0.105062 0.0573361 0.248253
0.408284 0.0321038 9.9991E-05 0.559512
0.572466 0.0376355 0.0440607 0.345838
0.568922 0.142045 0.04735 0.241683
0.336984 0.0433381 9.9991E-05 0.619578
0.618916 0.106646 0.0444301 0.230008
0.579407 0.0616071 0.0252704 0.333716
0.21014 9.9991E-05 0.0138079 0.775952
0.269004 0.0513051 0.00928586 0.670405
0.535828 0.0348336 0.0201175 0.409221
0.133931 0.00291075 0.0349579 0.8282
0.512162 0.0168641 0.0122928 0.458681
0.273808 0.122413 9.9991E-05 0.603679
0.272217 9.9991E-05 0.128891 0.598793
0.486531 0.0997031 0.0504573 0.363308
0.638328 0.0954999 0.0364481 0.229724
0.382847 0.0573422 9.9991E-05 0.559711
0.612898 0.0700272 0.0776413 0.239434
0.70682 0.113032 0.00717145 0.172976
0.573291 0.0245297 0.0612008 0.340978
0.560783 0.06178 0.0676111 0.309826
0.591857 0.100143 0.0232926 0.284707
0.406869 0.0871275 9.9991E-05 0.505904
0.524087 0.0582364 0.00273071 0.414946
0.644719 0.0241248 0.0538531 0.277303
0.636363 0.0313445 0.0858761 0.246417
0.385264 0.0505529 0.13456 0.429623
0.540232 0.00874357 0.112769 0.338255
0.501328 0.088686 9.9991E-05 0.409886
0.682094 0.0717567 0.0381465 0.208003
0.589305 0.0717887 0.0449355 0.293971
0.596959 0.142994 0.0590697 0.200977
0.501032 0.3674 0.117963 0.013605
0.542891 0.133225 0.200028 0.123856
0.523628 0.149768 0.149822 0.176781
0.589401 0.113533 0.148597 0.14847
0.448922 0.220656 0.236308 0.0941133
0.546 9.9991E-05 0.0378387 0.416061
0.523753 0.158142 0.175206 0.142899
0.0057198 0.23947 0.266361 0.48845
0.541952 0.1125 0.19434 0.151207
0.526918 0.159913 0.191536 0.121632
0.532154 0.123525 0.199032 0.14529
0.311253 0.209002 0.164576 0.315169
0.56762 0.204034 0.184785 0.0435615
0.552375 0.130857 0.192499 0.12427
9.9991E-05 0.525399 0.185921 0.28858
0.559238 0.177497 0.197435 0.06583
0.549163 0.191028 0.234241 0.0255675
0.632943 0.120222 0.126113 0.120722
0.53159 0.162107 0.244729 0.0615739
0.581896 0.240321 0.109994 0.0677897
0.495172 0.0186795 0.0814548 0.404693
0.567138 0.0561997 0.0655696 0.311093
0.0025402 9.9991E-05 0.0800669 0.917293
0.0817609 9.9991E-05 0.0589323 0.859207
0.536282 0.0560347 0.0879845 0.319699
0.332048 0.153361 0.374425 0.140165
0.36489 0.160731 0.34082 0.133559
0.173505 0.164584 0.384603 0.277307
0.360102 0.150376 0.3279 0.161623
0.0936669 0.0541944 0.187086 0.665053
0.137362 0.0564232 0.1797 0.626515
0.628537 9.9991E-05 0.110686 0.260677
0.455278 0.040446 0.177366 0.326909
0.261004 0.00164619 0.164664 0.572686
0.600811 0.0617835 0.114154 0.223251
0.652584 0.0488513 0.110084 0.18848
0.572446 0.0906852 0.11889 0.217979
0.427696 9.9991E-05 0.0639705 0.508234
0.491523 0.000258708 0.0292286 0.478989
0.623159 0.079312 0.0305387 0.26699
0.508883 0.0417884 0.0614083 0.38792
0.592464 0.0941088 0.0536194 0.259808
0.519851 9.9991E-05 0.0509643 0.429085
0.300454 9.9991E-05 0.0486071 0.650839
0.679299 9.9991E-05 0.0849316 0.23567
0.256204 9.9991E-05 0.0587099 0.684986
0.536097 0.0289847 0.044178 0.39074
0.59445 0.0618052 0.0576049 0.28614
0.591878 0.0522276 0.0572592 0.298635
0.457799 0.173995 0.185811 0.182395
0.525239 0.209364 0.111757 0.15364
0.329864 0.185734 0.325943 0.158459
0.348138 0.223931 0.265005 0.162926
0.455512 0.145425 0.223462 0.175601
0.47346 0.179049 0.201651 0.145841
9.9991E-05 0.144861 0.254001 0.601038
0.576922 0.107936 0.214017 0.101125
9.9991E-05 0.341505 0.209136 0.449258
0.550027 0.0680261 0.201785 0.180163
0.2745 9.9982E-05 9.9982E-05 0.7253
0.0895557 9.9991E-05 0.0465275 0.863817
0.606861 9.9991E-05 0.0124209 0.380618
0.694372 0.0117148 0.0689137 0.224999
0.542811 9.9991E-05 0.0166942 0.440395
0.639125 9.9991E-05 0.0699944 0.290781
0.6071 9.9991E-05 0.0281341 0.364666
0.0421128 0.910354 0.00667609 0.0408571
0.0392965 0.783572 0.0926545 0.0844768
0.000933476 0.964929 0.0283022 0.00583577
0.0300805 0.96972 9.9982E-05 9.9982E-05
0.619232 0.0337179 0.061906 0.285144
0.663895 0.0636159 0.0108751 0.261614
0.703329 0.000569964 9.9991E-05 0.296001
0.698726 0.0902411 9.9991E-05 0.210933
0.669948 0.131511 0.0142101 0.184332
0.501127 0.0379419 9.9991E-05 0.460831
0.792437 9.9991E-05 0.0176632 0.189799
0.481393 9.9982E-05 9.9982E-05 0.518407
0.507176 0.348258 0.106525 0.0380408
0.557893 9.9991E-05 0.033955 0.408052
0.578657 0.00626039 9.9991E-05 0.414982
0.661445 9.9991E-05 0.0314045 0.307051
0.59351 0.0150305 0.00893952 0.38252
0.749383 9.9982E-05 9.9982E-05 0.250417
0.680552 0.0724962 9.9991E-05 0.246851
0.257529 9.9982E-05 9.9982E-05 0.742271
0.489655 9.9982E-05 9.9982E-05 0.510145
0.529744 9.9991E-05 0.0305142 0.439642
0.106861 9.9982E-05 9.9982E-05 0.892939
0.583106 0.0602808 9.9991E-05 0.356514
0.263495 9.9991E-05 0.000167892 0.736237
0.0739316 9.9982E-05 9.9982E-05 0.925868
0.73955 0.0300907 0.0123213 0.218038
0.403693 0.0479142 9.9991E-05 0.548292
0.683434 9.9982E-05 9.9982E-05 0.316366
0.652262 0.0748107 0.0926846 0.180242
0.698175 0.0365221 9.9991E-05 0.265203
0.416667 9.9991E-05 0.0709834 0.51225
0.670826 0.0535911 9.9991E-05 0.275483
0.679229 0.0268543 9.9991E-05 0.293817
0.498199 9.9982E-05 9.9982E-05 0.501601
0.654393 0.142366 9.9991E-05 0.203141
9.9982E-05 0.741965 9.9982E-05 0.257835
0.0265687 0.813412 9.9991E-05 0.159919
9.9982E-05 0.893289 9.9982E-05 0.106511
9.9982E-05 0.876364 9.9982E-05 0.123436
0.0505764 0.806354 9.9991E-05 0.14297
0.36292 0.0472824 9.9991E-05 0.589698
0.394945 0.00738492 9.9991E-05 0.59757
0.410066 9.9991E-05 0.00337628 0.586457
0.667363 0.0604736 0.0811419 0.191022
0.660286 0.144035 0.0434263 0.152252
0.44496 9.9991E-05 0.0410201 0.51392
0.742669 0.0133683 0.0469418 0.197021
0.52786 9.9991E-05 0.0806329 0.391407
0.676823 0.0302695 9.9991E-05 0.292807
0.767454 0.0525018 0.0162928 0.163752
0.441439 9.9982E-05 9.9982E-05 0.558361
0.535157 9.9982E-05 9.9982E-05 0.464643
0.561106 0.0265433 9.9991E-05 0.41225
0.727191 0.141147 0.0043686 0.127294
0.610568 0.0220168 9.9991E-05 0.367315
0.58503 0.0560418 9.9991E-05 0.358828
0.41818 0.0912582 0.402583 0.0879784
0.362605 0.118876 0.458129 0.0603912
0.468219 0.093994 0.437687 9.9991E-05
0.280492 0.167016 0.550477 0.00201539
0.480476 0.105407 0.339197 0.0749206
0.584979 0.0626389 0.0315395 0.320842
9.9991E-05 0.255444 0.663966 0.0804893
0.323799 0.172514 0.477414 0.0262729
0.364879 0.179746 0.225456 0.229919
0.578214 0.163169 0.0342468 0.22437
0.534954 0.169998 0.048798 0.24625
0.647186 0.14474 0.0458671 0.162207
0.61636 0.156954 0.0818601 0.144826
0.356949 0.175701 0.46725 9.9991E-05
0.448702 0.157965 0.363301 0.0300319
0.398336 0.0972376 0.504326 9.9991E-05
0.460737 0.122746 0.336796 0.0797213
0.241425 0.158667 0.512617 0.0872909
0.441828 0.125709 0.384447 0.0480159
0.223312 0.122221 0.587379 0.0670883
0.406119 0.129858 0.351458 0.112566
0.58657 0.135327 0.0239191 0.254184
0.407864 0.175841 0.361583 0.0547112
0.17231 0.20816 0.601618 0.0179121
0.457017 0.124953 0.335203 0.0828262
0.354272 0.223674 9.9991E-05 0.421954
0.665968 0.0674525 0.0577089 0.208871
0.450948 0.170082 0.32921 0.0497602
0.644659 0.165928 9.9991E-05 0.189314
0.581192 0.235486 9.9991E-05 0.183223
0.406583 0.234959 0.202301 0.156157
0.338212 0.20783 0.326901 0.127057
0.653709 0.114862 0.0932266 0.138202
0.449433 0.15935 0.291038 0.100179
0.455557 0.120755 0.423588 9.9991E-05
0.124632 0.169853 0.690458 0.0150574
0.666863 0.140953 0.0420899 0.150094
0.523111 0.210891 9.9991E-05 0.265898
0.0839673 0.123672 0.162065 0.630295
0.573724 0.172535 0.0708573 0.182884
0.409092 0.0845491 0.0982216 0.408137
0.487095 0.188395 0.174647 0.149864
0.503795 0.172853 0.120674 0.202678
9.9991E-05 0.396668 0.197521 0.405711
9.9991E-05 0.338806 0.167901 0.493193
0.271614 0.186377 0.17779 0.36422
9.9991E-05 0.34016 0.270924 0.388816
9.9991E-05 0.494156 0.252237 0.253507
0.368423 0.195128 0.147035 0.289415
0.387067 0.238582 0.178194 0.196157
0.0916369 0.314517 0.240094 0.353753
0.0334648 0.2979 0.237265 0.43137
0.519028 0.178439 0.169809 0.132725
0.126588 0.24003 0.241531 0.391852
9.9991E-05 0.414943 0.152248 0.432709
0.542463 0.151891 0.151677 0.153969
0.333343 0.205811 0.236921 0.223925
0.458591 0.335854 0.170141 0.0354143
0.624961 0.166642 0.208297 9.9991E-05
0.557523 0.142565 0.234047 0.065865
0.471106 0.159168 0.284936 0.0847892
0.383055 0.389452 0.200553 0.0269402
0.549472 0.238331 0.197828 0.0143682
0.510326 0.304492 0.181472 0.00370937
0.273087 0.232153 0.311895 0.182865
0.436257 0.222725 0.0925123 0.248506
0.606992 0.230216 0.0777515 0.0850414
0.577283 0.160746 0.188866 0.073106
0.643133 0.160603 0.100015 0.0962486
0.400781 0.27765 0.287024 0.0345453
0.544876 0.220457 0.191086 0.0435807
0.0359463 0.384063 0.371221 0.208769
0.557669 0.196895 0.178637 0.0667988
0.16386 0.303824 0.361015 0.1713
0.00603445 0.848692 0.0240094 0.121264
0.21875 0.206102 9.9991E-05 0.575048
0.00938729 0.207389 9.9991E-05 0.783124
0.0163827 0.185931 9.9991E-05 0.797587
0.127274 0.135297 9.9991E-05 0.737329
0.115066 0.157259 9.9991E-05 0.727575
0.126143 0.144519 9.9991E-05 0.729237
0.0668172 0.203334 9.9991E-05 0.729748
0.0486824 0.336257 9.9991E-05 0.614961
0.0191781 0.929175 0.00151966 0.0501271
0.0942995 0.827043 9.9991E-05 0.0785578
0.0283194 0.909387 0.0159499 0.0463441
0.0463169 0.892337 9.9991E-05 0.0612461
0.0340989 0.946936 0.0157225 0.0032423
0.0627983 0.937002 9.9982E-05 9.9982E-05
0.11248 0.773878 0.0872438 0.0263989
0.07424 0.901495 0.024165 9.9991E-05
0.121699 0.759822 0.0586471 0.0598328
0.0216758 0.926082 0.0521422 9.9991E-05
9.9982E-05 0.988149 0.011651 9.9982E-05
0.0635285 0.892782 0.027917 0.015772
9.9982E-05 0.999291 0.00050883 9.9982E-05
0.0207643 0.955354 0.0237815 9.9991E-05
0.0732642 0.91986 0.00677556 9.9991E-05
0.0558834 0.918471 0.0255455 9.9991E-05
0.0635568 0.869809 0.0665343 9.9991E-05
0.0952836 0.852197 0.052419 9.9991E-05
0.101237 0.818955 0.079708 9.9991E-05
0.460341 0.175512 9.9991E-05 0.364047
0.735151 0.142496 9.9991E-05 0.122253
0.666526 0.150565 0.0714527 0.111456
0.0645363 0.0976157 0.135276 0.702572
0.528725 0.128859 0.0340884 0.308328
0.0404911 0.139606 0.124857 0.695046
0.64637 0.0913465 0.102059 0.160224
0.516026 0.191327 9.9991E-05 0.292547
0.571023 0.209424 9.9991E-05 0.219453
0.641298 0.0481586 9.9991E-05 0.310444
0.536001 0.16078 9.9991E-05 0.303119
0.680087 0.0785855 0.0823136 0.159013
0.602084 0.162308 9.9991E-05 0.235508
0.0369537 0.0284014 0.134288 0.800357
9.9991E-05 0.143228 0.0728449 0.783827
0.129315 0.140745 0.0942918 0.635649
0.666545 0.168229 0.0410885 0.124138
0.498949 0.0929326 0.0702792 0.337839
0.644743 0.0952721 0.037724 0.222261
0.734299 0.0975819 0.0388211 0.129298
0.468601 0.218698 0.170821 0.14188
0.600405 0.231747 0.151499 0.0163484
0.207654 0.417113 0.144294 0.230939
0.626893 0.146937 0.0592124 0.166957
0.472365 0.250375 0.114395 0.162865
9.9991E-05 0.408456 0.255406 0.336038
0.25206 0.24976 0.296828 0.201352
0.328585 0.402919 0.154567 0.11393
0.451513 0.343789 0.073956 0.130742
0.563631 0.141915 0.190975 0.103479
0.548346 0.199454 0.148712 0.103487
0.629174 0.157289 0.147382 0.0661548
0.429172 0.154821 0.181171 0.234836
0.241974 0.508265 0.13357 0.116191
