0.916194 0.0158246 0.0678815 9.9991E-05
0.979728 0.0139321 0.0062402 9.9991E-05
0.892176 0.0622784 0.0248118 0.0207343
0.865123 0.134677 9.9982E-05 9.9982E-05
0.933396 0.0664045 9.9982E-05 9.9982E-05
0.685206 0.0728382 0.0630012 0.178954
0.832524 0.000602306 0.0308044 0.136069
0.777758 0.045028 0.0227634 0.154451
0.860381 9.9982E-05 9.9982E-05 0.139419
0.79775 0.0459538 0.0261701 0.130126
0.782005 0.0805742 0.0203545 0.117066
0.116992 0.40422 9.9991E-05 0.478688
0.0864927 0.666559 0.0412034 0.205745
0.101931 0.423603 0.042012 0.432454
0.12832 0.430091 0.0639157 0.377673
0.155284 0.553454 0.09049 0.200773
0.0892919 0.69969 0.0370829 0.173935
0.0522377 0.593616 0.0390097 0.315137
0.173108 0.36284 0.0649492 0.399103
0.142526 0.16531 9.9991E-05 0.692064
0.0853871 0.598085 9.9991E-05 0.316428
0.0391628 0.484495 0.112619 0.363723
0.0859853 0.672224 0.0176021 0.224189
0.149255 0.435834 9.9991E-05 0.414812
0.113757 0.737773 0.077679 0.0707909
0.0909847 0.702548 0.000592427 0.205875
0.151327 0.389629 9.9991E-05 0.458944
0.131208 0.416666 0.0431408 0.408985
0.107816 0.351757 9.9991E-05 0.540327
0.889654 0.0958509 0.0143955 9.9991E-05
0.884119 0.115682 9.9982E-05 9.9982E-05
0.814728 0.0959254 0.089247 9.9991E-05
0.755054 0.150014 0.0948319 9.9991E-05
0.108377 0.663403 9.9991E-05 0.228119
0.0928288 0.6519 0.0661404 0.189131
9.9991E-05 0.742449 0.0267066 0.230744
0.133836 0.323757 9.9991E-05 0.542308
9.9991E-05 0.486854 0.00278933 0.510256
0.0770165 0.70156 0.00920577 0.212218
0.0691229 0.853516 9.9991E-05 0.0772613
0.162449 0.672276 0.0129546 0.15232
0.129681 0.727541 0.00489622 0.137881
0.00959925 0.418881 9.9991E-05 0.57142
0.0931821 0.711382 0.0386485 0.156787
0.081912 0.748845 0.0351695 0.134073
0.131909 0.68441 0.0499076 0.133773
9.9982E-05 0.562339 9.9982E-05 0.437461
0.0953042 0.772803 9.9991E-05 0.131793
0.153652 0.627445 0.0969783 0.121925
0.0056826 9.9991E-05 0.0333105 0.960907
0.0621579 0.305213 9.9991E-05 0.632529
0.0487477 0.23192 0.0979992 0.621333
0.0854941 0.667395 0.0997593 0.147352
0.106601 0.628481 0.106816 0.158102
0.117079 0.700516 0.0748143 0.107591
0.191953 0.321162 9.9991E-05 0.486786
0.0504687 0.67651 0.0131937 0.259828
0.0890349 0.662176 0.083065 0.165725
0.156434 0.526099 9.9991E-05 0.317367
0.243266 0.254601 9.9991E-05 0.502032
0.108998 0.679472 0.0389535 0.172577
0.131903 0.608551 0.0220176 0.237529
0.150944 0.216221 9.9991E-05 0.632735
0.043777 0.577406 0.00754306 0.371274
0.0547013 0.650684 0.0781836 0.216432
0.144594 0.710349 9.9991E-05 0.144957
0.157615 0.437667 9.9991E-05 0.404618
0.0943886 0.642173 0.0345116 0.228926
0.109363 0.680413 0.0531432 0.15708
0.11015 0.356394 9.9991E-05 0.533356
0.0257078 0.692582 9.9991E-05 0.28161
0.0293558 0.465419 9.9991E-05 0.505126
0.134103 0.627896 0.0561893 0.181811
9.9982E-05 0.262986 9.9982E-05 0.736814
9.9982E-05 0.232933 9.9982E-05 0.766868
9.9982E-05 0.474752 9.9982E-05 0.525048
0.0246906 0.700886 9.9991E-05 0.274324
0.182308 0.619374 0.0600587 0.138259
9.9991E-05 0.666409 0.0126343 0.320856
0.0276458 0.426471 9.9991E-05 0.545784
0.0262517 0.507083 9.9991E-05 0.466566
0.0728116 0.677718 0.0623006 0.18717
0.0234663 0.598004 9.9991E-05 0.378429
0.0198918 0.682247 9.9991E-05 0.297761
9.9982E-05 0.675221 9.9982E-05 0.324579
9.9991E-05 0.0568605 0.0683262 0.874713
0.0311098 0.744193 0.0378423 0.186855
0.885273 0.108481 9.9991E-05 0.0061461
0.940967 0.0499484 0.00898473 9.9991E-05
0.850969 0.0805492 0.0683815 9.9991E-05
0.938014 9.9982E-05 0.0617863 9.9982E-05
0.939506 0.0133766 0.0470171 9.9991E-05
0.885978 0.038013 0.0759091 9.9991E-05
0.943255 0.0565454 9.9982E-05 9.9982E-05
0.0808893 0.752699 0.000122264 0.16629
0.142577 0.677622 0.0618738 0.117928
0.041685 0.282496 9.9991E-05 0.675719
0.101567 0.715832 0.0198743 0.162727
0.0158973 0.620378 9.9991E-05 0.363625
0.0465654 0.716973 9.9991E-05 0.236362
0.0256591 0.686647 0.0415798 0.246115
0.0439955 0.691285 0.0278956 0.236824
0.0440866 0.24646 9.9991E-05 0.709353
0.133458 0.605316 0.0352994 0.225926
0.086613 0.769902 0.0235378 0.119947
0.136811 0.653324 0.0636338 0.146232
9.9991E-05 0.452897 0.0213125 0.52569
9.9991E-05 0.691328 0.000218872 0.308353
0.00980478 0.692937 9.9991E-05 0.297158
9.9991E-05 0.57633 0.0018985 0.421672
0.0608627 0.649725 9.9991E-05 0.289312
0.0861533 0.682196 0.0598812 0.171769
0.0643068 0.357621 0.071116 0.506956
0.142094 0.540285 9.9991E-05 0.317521
0.145293 0.666514 0.0493427 0.13885
0.149784 0.665671 0.0378568 0.146689
0.0959712 0.572097 0.00625154 0.32568
0.0796841 0.697301 0.0403366 0.182678
0.116586 0.558863 9.9991E-05 0.324451
0.0563545 0.601578 0.0649617 0.277105
0.129919 0.63145 0.0912176 0.147413
0.115407 0.688254 9.9991E-05 0.196239
0.0719102 0.702795 9.9991E-05 0.225195
0.0726197 0.702881 0.0850712 0.139428
0.0908914 0.639543 0.0918109 0.177755
0.00846468 0.723472 0.0534155 0.214648
0.096662 0.657197 0.0587786 0.187363
0.0345652 0.686364 0.0563816 0.222689
0.113459 0.402113 0.100682 0.383746
0.0794483 0.694752 0.075759 0.15004
0.0573423 0.740134 0.0483389 0.154185
0.11266 0.351913 9.9991E-05 0.535327
9.9991E-05 0.148416 0.123195 0.728289
0.0849655 0.602349 0.0435277 0.269158
9.9991E-05 0.131086 0.0890394 0.779774
0.0785585 0.49447 9.9991E-05 0.426871
0.0306719 0.564995 9.9991E-05 0.404233
0.0976881 0.490042 9.9991E-05 0.41217
0.0468441 0.488514 9.9991E-05 0.464541
0.124995 0.689689 9.9991E-05 0.185216
0.165066 0.65059 0.0257775 0.158566
0.0747549 0.726986 0.0406009 0.157658
0.0192684 0.264408 0.0608137 0.65551
0.171673 0.580316 0.0458807 0.20213
0.104986 0.542403 0.0909028 0.261708
0.135203 9.9991E-05 0.0592698 0.805427
0.113889 0.711908 0.0649272 0.109276
0.0988996 0.352796 0.08045 0.467854
0.13186 0.514457 0.122598 0.231085
0.142136 0.235582 0.0546147 0.567667
0.114396 0.125088 0.041764 0.718752
0.0618583 0.411369 0.0874335 0.439339
0.17804 0.534509 0.0759565 0.211494
0.223841 0.516125 0.0457894 0.214244
0.0482729 0.168415 0.137433 0.645879
0.111568 0.597404 0.105553 0.185475
9.9991E-05 0.436244 0.0142255 0.54943
9.9991E-05 0.549782 0.0318931 0.418225
0.135621 0.638766 0.0696384 0.155974
0.388749 0.102628 0.305204 0.203419
0.523953 9.9991E-05 0.193942 0.282004
0.493333 9.9991E-05 0.205955 0.300613
0.356078 0.0582342 0.324225 0.261463
0.0122026 0.744189 9.9991E-05 0.243509
0.0851922 0.693619 0.0705983 0.15059
9.9982E-05 0.317505 0.682295 9.9982E-05
0.0749104 0.475923 0.430689 0.0184773
0.102916 0.464757 0.398329 0.0339982
0.0125432 0.315841 0.102937 0.568679
0.100301 0.525417 0.111295 0.262986
9.9991E-05 0.314381 0.0484527 0.637066
0.0876877 0.666917 0.0324593 0.212936
0.0319576 0.529461 0.0906704 0.347912
9.9991E-05 0.607036 0.0906816 0.302182
9.9991E-05 0.208684 0.103478 0.687739
0.0778675 0.736687 0.0761826 0.109263
0.121096 0.679912 0.0287815 0.17021
0.00322694 0.0213584 0.975315 9.9991E-05
9.9982E-05 0.0976485 0.902152 9.9982E-05
0.0948407 0.344156 0.54435 0.0166533
9.9982E-05 0.359323 0.640477 9.9982E-05
9.9982E-05 0.195034 0.804766 9.9982E-05
9.998E-05 9.998E-05 0.9997 9.998E-05
9.9991E-05 0.0337732 0.957533 0.00859428
9.9982E-05 0.161217 0.838583 9.9982E-05
0.0203207 0.0249571 0.939908 0.0148141
9.998E-05 9.998E-05 0.9997 9.998E-05
9.998E-05 9.998E-05 0.9997 9.998E-05
0.0190669 0.214232 0.766601 9.9991E-05
0.0506816 0.148903 0.800315 9.9991E-05
9.998E-05 9.998E-05 0.9997 9.998E-05
0.120699 0.442184 0.369645 0.0674723
0.0624108 0.275277 0.645979 0.0163331
0.0107357 0.188617 0.800547 9.9991E-05
9.9982E-05 0.104118 0.895682 9.9982E-05
9.998E-05 9.998E-05 0.9997 9.998E-05
9.9982E-05 0.0441637 0.955636 9.9982E-05
0.0102229 9.9982E-05 0.989577 9.9982E-05
0.031835 0.330853 0.63535 0.00196244
0.0117725 0.0321401 0.955987 9.9991E-05
0.340345 9.9991E-05 0.131305 0.52825
0.232653 0.342589 0.173408 0.25135
0.193919 0.454181 0.123448 0.228451
0.215927 0.160652 0.191403 0.432018
0.154853 0.477041 0.212222 0.155884
0.266878 0.0747607 0.21105 0.447311
0.210904 0.467531 0.112293 0.209273
0.191035 0.33678 0.186211 0.285974
0.197849 0.500214 0.180435 0.121502
0.194106 0.409681 0.188519 0.207694
0.197838 0.438613 0.147732 0.215817
0.926073 0.0528677 0.00934483 0.0117143
0.906488 0.0274222 0.0659902 9.9991E-05
0.983326 0.0164744 9.9982E-05 9.9982E-05
0.9997 9.998E-05 9.998E-05 9.998E-05
0.942987 0.0568127 9.9982E-05 9.9982E-05
0.994526 9.9982E-05 0.00527401 9.9982E-05
0.920721 0.0443038 0.0348749 9.9991E-05
0.972231 9.9982E-05 9.9982E-05 0.027569
0.90809 0.0102902 0.0455381 0.0360815
0.93635 9.9991E-05 0.0310657 0.0324846
0.667255 9.9982E-05 9.9982E-05 0.332545
0.691049 9.9982E-05 9.9982E-05 0.308751
0.619705 0.0122478 9.9991E-05 0.367948
0.542152 9.9982E-05 9.9982E-05 0.457648
0.0860141 0.632471 0.00835995 0.273155
0.053603 0.65019 0.0369631 0.259244
0.0621168 0.67187 0.0283154 0.237698
0.0774621 0.549187 9.9991E-05 0.373251
0.0687493 0.354528 9.9991E-05 0.576623
0.077429 0.790851 9.9991E-05 0.13162
9.9991E-05 0.738561 0.0223688 0.23897
9.9991E-05 0.684834 0.0254256 0.28964
9.9982E-05 0.613076 9.9982E-05 0.386724
0.0682336 0.675577 0.0639924 0.192197
0.0126576 0.652524 9.9991E-05 0.334718
9.9982E-05 0.186231 9.9982E-05 0.813569
0.0821614 0.684691 0.0507205 0.182427
9.9982E-05 0.357985 9.9982E-05 0.641815
0.0097491 0.652981 0.0354465 0.301824
9.9982E-05 0.394042 9.9982E-05 0.605758
0.28046 0.0658622 9.9991E-05 0.653578
0.255761 0.1301 9.9991E-05 0.614039
0.245759 0.0897233 9.9991E-05 0.664417
0.269181 0.0346595 9.9991E-05 0.696059
0.184509 0.178308 9.9991E-05 0.637084
0.217526 0.176737 9.9991E-05 0.605637
0.875052 0.0297272 0.0629634 0.0322577
0.858794 0.115703 0.0254027 9.9991E-05
0.801814 0.144627 0.0448695 0.00868995
0.868939 0.0402219 0.0744452 0.0163935
0.799338 0.12631 0.074252 9.9991E-05
0.517418 9.9982E-05 9.9982E-05 0.482382
0.537949 0.0196691 9.9991E-05 0.442282
0.548923 0.0583153 9.9991E-05 0.392662
0.872288 0.12303 0.00458203 9.9991E-05
0.514401 0.00501672 9.9991E-05 0.480483
0.270009 0.296596 0.351377 0.0820183
0.142142 0.58856 0.259154 0.010144
0.171577 0.567492 0.26083 9.9991E-05
0.297091 0.365631 0.267969 0.0693087
0.174002 0.583425 0.156192 0.0863802
0.443067 9.9991E-05 0.353709 0.203124
0.0638538 0.608492 9.9991E-05 0.327555
9.9991E-05 0.541902 0.0395917 0.418406
0.101228 0.446347 9.9991E-05 0.452325
9.9991E-05 0.581311 0.0581276 0.360461
9.9982E-05 9.9982E-05 0.0197746 0.980025
0.135226 0.699337 0.0274977 0.137939
0.0118459 0.610747 0.0731957 0.304211
0.120309 0.47087 9.9991E-05 0.408721
0.136137 0.663938 0.0379167 0.162008
0.011218 0.243189 0.0103033 0.73529
0.0499153 0.678286 0.0104283 0.26137
0.0886584 0.626503 0.00731826 0.27752
0.124304 0.479691 0.167374 0.228631
0.0121203 0.424989 0.0552808 0.50761
0.0161967 0.491392 0.0710592 0.421352
0.0223746 0.674853 0.0319561 0.270817
9.9991E-05 0.669883 0.00297153 0.327046
0.0504345 0.665886 0.0978129 0.185866
0.125099 0.625257 0.061123 0.188521
0.117698 0.647726 0.0109003 0.223675
0.861583 0.0863793 0.0519374 9.9991E-05
0.8953 0.0920567 0.0125437 9.9991E-05
0.927784 0.0673315 0.00145311 0.00343141
0.927712 0.027141 0.0450465 9.9991E-05
0.930649 0.0691513 9.9982E-05 9.9982E-05
0.120415 0.274211 0.00469305 0.600681
0.0742547 0.637631 0.0447129 0.243401
0.168763 0.404557 0.275995 0.150685
0.0706448 0.720574 0.0786396 0.130142
0.0650151 0.627703 0.00573653 0.301545
0.0422828 0.32176 0.0605067 0.575451
0.195844 0.128102 9.9991E-05 0.675954
0.142309 0.595544 9.9991E-05 0.262046
0.138912 0.38248 0.00459552 0.474012
0.0654206 0.533421 0.0671879 0.333971
0.199829 0.259334 9.9991E-05 0.540737
0.12587 0.637744 0.059113 0.177273
0.155619 0.307411 9.9991E-05 0.536871
0.0326776 0.313482 0.138857 0.514984
0.124775 0.611407 0.0189497 0.244868
0.0358018 0.390594 0.00603335 0.567571
0.0554519 0.618011 0.0535649 0.272973
0.125 0.637432 0.0394345 0.198134
0.0388142 0.349534 0.00755585 0.604096
0.116973 0.59368 0.0667939 0.222553
0.0479181 0.656836 0.00398768 0.291258
9.9991E-05 0.231501 0.0157823 0.752617
0.0199642 0.27051 0.0255979 0.683928
0.0495292 0.564119 9.9991E-05 0.386252
0.00240697 0.136255 0.0283008 0.833037
0.0148664 0.47639 0.0687617 0.439982
0.118902 0.280968 9.9991E-05 0.60003
9.9991E-05 0.255456 0.124506 0.619938
0.0953892 0.522719 0.0195145 0.362377
0.0567155 0.654578 0.0853241 0.203382
0.0594084 0.414678 9.9991E-05 0.525814
0.0936971 0.598841 0.0756708 0.231791
0.0838466 0.624906 0.0576928 0.233555
0.0643997 0.628086 0.036856 0.270658
0.0774031 0.608966 0.0600132 0.253618
0.0845977 0.635543 9.9991E-05 0.27976
0.0878856 0.417953 9.9991E-05 0.494061
0.060642 0.556817 0.00961103 0.37293
9.9991E-05 0.678489 0.0722501 0.24916
0.0457702 0.726533 0.0676755 0.160022
0.0858679 0.352652 0.146621 0.41486
0.0120366 0.565442 0.119754 0.302768
0.0908346 0.496609 0.0283509 0.384205
0.0817542 0.659904 0.035534 0.222808
0.0783489 0.577681 0.0683139 0.275657
0.097206 0.630989 0.0795224 0.192283
0.357219 0.527017 0.11095 0.00481394
0.121682 0.542636 0.208571 0.127111
0.198118 0.50832 0.142082 0.15148
0.13026 0.54947 0.171016 0.149254
0.190404 0.501996 0.237013 0.0705872
9.9991E-05 0.581364 0.0327304 0.385806
0.189509 0.584548 0.129453 0.0964902
0.244286 0.0267516 0.267398 0.461564
0.0945446 0.618139 0.15877 0.128546
0.163411 0.577515 0.159875 0.099199
0.0853603 0.537335 0.217591 0.159713
0.206318 0.308938 0.163506 0.321238
0.22052 0.636352 0.110922 0.0322057
0.141437 0.536299 0.227033 0.0952314
0.504373 9.9991E-05 0.201893 0.293634
0.176904 0.557297 0.195671 0.0701281
0.184509 0.599035 0.192225 0.0242311
0.131263 0.6064 0.147661 0.114676
0.170742 0.552234 0.247647 0.029377
0.227624 0.568851 0.127034 0.076491
0.00377799 0.52968 0.0938323 0.37271
0.0697839 0.59261 0.0790184 0.258588
9.9991E-05 0.0287472 0.0702962 0.900857
9.9991E-05 0.100736 0.0512916 0.847872
0.0855577 0.58449 0.0784362 0.251517
0.152182 0.387033 0.325567 0.135219
0.155477 0.372907 0.344005 0.127611
0.16271 0.204773 0.378304 0.254213
0.163921 0.395757 0.292935 0.147387
0.0700651 0.104361 0.183888 0.641685
0.0578987 0.186232 0.182633 0.573236
9.9991E-05 0.596814 0.114631 0.288455
0.0700636 0.453241 0.18304 0.293655
0.030567 0.284686 0.146985 0.537762
9.9991E-05 0.589113 0.132897 0.27789
0.00514992 0.671745 0.115869 0.207236
0.0851128 0.531384 0.151733 0.23177
9.9991E-05 0.433026 0.0631553 0.503719
0.00573691 0.499073 0.0317945 0.463396
0.0182628 0.628116 0.0667311 0.28689
0.0302617 0.563881 0.0704979 0.33536
0.0846772 0.547836 0.112002 0.255485
9.9991E-05 0.517319 0.077716 0.404865
9.9991E-05 0.273364 0.0714451 0.655091
9.9991E-05 0.677103 0.082528 0.240269
9.9991E-05 0.253826 0.0764719 0.669602
0.0151356 0.554567 0.073257 0.35704
0.0837533 0.625015 0.036955 0.254276
0.0519329 0.570015 0.0832839 0.294768
0.185604 0.541979 0.177785 0.0946325
0.180785 0.521746 0.159227 0.138242
0.208199 0.329141 0.308525 0.154135
0.182867 0.37198 0.267652 0.1775
0.190188 0.513717 0.208473 0.0876212
0.210471 0.516404 0.149076 0.124049
0.133735 9.9991E-05 0.247051 0.619114
0.0706302 0.575615 0.260545 0.0932098
0.351862 9.9991E-05 0.198723 0.449315
0.0867564 0.558835 0.213399 0.14101
9.9982E-05 0.294119 9.9982E-05 0.705681
9.9991E-05 0.129815 0.0147037 0.855381
9.9991E-05 0.588653 0.0483992 0.362847
0.0135128 0.741079 0.0318348 0.213573
9.9991E-05 0.54456 0.0244558 0.430884
9.9991E-05 0.713167 0.0202013 0.266532
9.9991E-05 0.640722 0.0570003 0.302178
0.914446 0.0520447 0.00416933 0.0293397
0.774708 0.0303186 0.0788283 0.116145
0.976853 0.00730302 0.0137334 0.00211013
0.968131 0.0316694 9.9982E-05 9.9982E-05
0.0126948 0.689129 0.0493132 0.248863
0.0683288 0.731762 0.0182803 0.181629
0.031202 0.721974 9.9991E-05 0.246724
0.0794081 0.721748 9.9991E-05 0.198744
0.106457 0.695148 0.0244315 0.173964
0.0457734 0.538929 9.9991E-05 0.415198
0.0180793 0.818602 9.9991E-05 0.163219
9.9991E-05 0.483921 0.0153275 0.500652
0.348262 0.411525 0.202112 0.0381009
9.9991E-05 0.595476 0.0376511 0.366773
0.0195535 0.592488 9.9991E-05 0.387859
9.9991E-05 0.706814 0.00939057 0.283695
0.0192655 0.625364 9.9991E-05 0.355271
9.9991E-05 0.774819 0.00932846 0.215752
0.0685216 0.740219 0.0111487 0.18011
9.9982E-05 0.242774 9.9982E-05 0.757026
9.9991E-05 0.496652 0.0369318 0.466316
9.9991E-05 0.553256 0.033586 0.413058
9.9982E-05 0.130999 9.9982E-05 0.868801
0.0933932 0.616296 9.9991E-05 0.290211
9.9982E-05 0.278102 9.9982E-05 0.721698
9.9982E-05 0.124235 9.9982E-05 0.875565
0.0416955 0.725807 0.0217502 0.210748
0.0379108 0.419366 9.9991E-05 0.542623
0.0197623 0.645073 0.0132193 0.321945
0.0959201 0.653702 0.101726 0.148652
0.0406313 0.687431 9.9991E-05 0.271837
9.9991E-05 0.453161 0.0553803 0.491359
0.0806043 0.716623 0.0154874 0.187285
0.0389121 0.707315 9.9991E-05 0.253673
9.9982E-05 0.518144 9.9982E-05 0.481656
0.133334 0.660596 0.0208312 0.185239
0.746584 9.9982E-05 9.9982E-05 0.253216
0.830513 0.00914587 9.9991E-05 0.160242
0.889978 9.9982E-05 9.9982E-05 0.109822
0.884172 9.9982E-05 9.9982E-05 0.115628
0.789577 0.0514661 9.9991E-05 0.158857
0.0413265 0.398639 9.9991E-05 0.559935
0.0663693 0.395979 9.9991E-05 0.537552
9.9991E-05 0.420362 0.0108101 0.568728
0.0964806 0.638311 0.0774833 0.187725
0.0685761 0.686318 0.0926957 0.15241
9.9991E-05 0.478797 0.0296806 0.491422
0.0061927 0.719835 0.0713945 0.202578
0.0157441 0.553754 0.0623431 0.368158
0.0441456 0.705464 9.9991E-05 0.25029
0.011191 0.74209 0.0642018 0.182517
9.9982E-05 0.496677 9.9982E-05 0.503123
9.9982E-05 0.558146 9.9982E-05 0.441654
0.021878 0.551266 9.9991E-05 0.426756
0.125185 0.688707 0.0459012 0.140207
0.0421003 0.608163 9.9991E-05 0.349637
0.0587878 0.614221 9.9991E-05 0.326892
0.0917233 0.483853 0.390992 0.0334321
0.132886 0.373271 0.468198 0.0256454
0.0994587 0.440577 0.42835 0.0316143
0.18375 0.293535 0.522615 9.9991E-05
0.126348 0.539015 0.334537 9.9991E-05
0.064016 0.652207 0.0282556 0.255521
0.263863 9.9991E-05 0.676011 0.0600267
0.18166 0.326436 0.491804 9.9991E-05
0.218897 0.379004 0.176828 0.225271
0.193002 0.608837 0.017467 0.180694
0.186031 0.553195 0.0248283 0.235946
0.179945 0.665874 0.019384 0.134797
0.169504 0.715628 0.02611 0.0887578
0.145007 0.355337 0.499556 9.9991E-05
0.171134 0.470689 0.33782 0.0203575
0.0726945 0.395179 0.532027 9.9991E-05
0.143406 0.486449 0.270814 0.0993314
0.151727 0.240193 0.518016 0.0900633
0.137351 0.440217 0.345873 0.0765589
0.163077 0.256447 0.544969 0.0355064
0.128032 0.44332 0.335497 0.0931513
0.131692 0.526488 0.0678383 0.273982
0.173206 0.357706 0.390357 0.0787314
0.216901 0.118912 0.620792 0.0433946
0.166007 0.475743 0.344969 0.0132813
0.228541 0.401753 9.9991E-05 0.369606
0.0539843 0.682731 0.0624262 0.200859
0.19852 0.385421 0.359233 0.0568265
0.156673 0.65989 9.9991E-05 0.183338
0.214081 0.569778 9.9991E-05 0.216041
0.207068 0.362315 0.241346 0.189271
0.239077 0.340861 0.316242 0.10382
0.115936 0.65947 0.0617319 0.162862
0.160789 0.440895 0.341562 0.0567537
0.118194 0.464047 0.417659 9.9991E-05
0.206265 0.11393 0.666917 0.0128879
0.141893 0.664877 0.0663514 0.126878
0.204489 0.565187 9.9991E-05 0.230225
0.108833 0.123317 0.140648 0.627202
0.181497 0.602027 0.0818177 0.134658
0.100445 0.473856 0.0578529 0.367846
0.179944 0.529231 0.191867 0.0989592
0.18458 0.550551 0.108463 0.156407
0.37105 9.9991E-05 0.208605 0.420244
0.357893 9.9991E-05 0.160675 0.481331
0.164035 0.338627 0.160889 0.336448
0.350351 9.9991E-05 0.261104 0.388445
0.493349 9.9991E-05 0.265898 0.240653
0.195146 0.383318 0.148888 0.272648
0.251694 0.361059 0.211091 0.176156
0.287279 0.089789 0.260745 0.362187
0.307898 0.028244 0.23974 0.424119
0.175511 0.509812 0.162269 0.152408
0.250445 0.141695 0.231904 0.375956
0.397611 9.9991E-05 0.158838 0.44345
0.12248 0.551948 0.142419 0.183153
0.206388 0.310255 0.251846 0.231511
0.354138 0.492936 0.152826 9.99921E-05
0.150822 0.611356 0.237721 9.9991E-05
0.133982 0.57479 0.213054 0.0781732
0.180329 0.530546 0.251454 0.0376717
0.395464 0.376051 0.203926 0.024559
0.207877 0.561502 0.225017 0.00560433
0.271636 0.515153 0.21311 9.9991E-05
0.268802 0.294188 0.283027 0.153983
0.22129 0.432662 0.122933 0.223115
0.205759 0.596397 0.138508 0.0593359
0.202696 0.569875 0.176668 0.0507617
0.183856 0.658021 0.0954583 0.0626646
0.322177 0.443379 0.234344 9.9991E-05
0.227295 0.573719 0.178875 0.020111
0.384007 0.0180443 0.366566 0.231382
0.162469 0.612809 0.157099 0.0676233
0.287865 0.172264 0.378828 0.161043
0.856549 9.9991E-05 0.0117453 0.131606
0.185133 0.244082 9.9991E-05 0.570686
0.198643 0.00560874 9.9991E-05 0.795648
0.179908 0.0116724 9.9991E-05 0.80832
0.158717 0.138641 9.9991E-05 0.702541
0.156993 0.121447 9.9991E-05 0.72146
0.159987 0.140403 9.9991E-05 0.69951
0.185818 0.0802735 9.9991E-05 0.733808
0.304942 0.0716011 9.9991E-05 0.623357
0.928968 0.0165449 9.9991E-05 0.054387
0.847959 0.0766743 9.9991E-05 0.0752668
0.910395 0.0543853 9.9991E-05 0.03512
0.902031 0.0471966 9.9991E-05 0.0506728
0.925709 0.0581063 9.9991E-05 0.0160842
0.923328 0.0466527 0.0299188 9.9991E-05
0.778329 0.161621 0.0599501 9.9991E-05
0.910684 0.0743706 0.0148453 9.9991E-05
0.734032 0.122724 0.0681281 0.0751164
0.920128 0.0108947 0.0688773 9.9991E-05
0.9997 9.998E-05 9.998E-05 9.998E-05
0.888847 0.0487473 0.0486238 0.0137816
0.9947 9.9982E-05 0.0050997 9.9982E-05
0.960233 0.00990357 0.0297632 9.9991E-05
0.911987 0.0642092 0.0237036 9.9991E-05
0.935545 0.0360886 0.028266 9.9991E-05
0.877022 0.0571846 0.0656932 9.9991E-05
0.85416 0.0899362 0.0558042 9.9991E-05
0.830361 0.0723268 0.0972121 9.9991E-05
0.183498 0.495626 9.9991E-05 0.320775
0.132178 0.807668 9.9991E-05 0.0600536
0.13174 0.693438 0.0516203 0.123202
0.101294 0.102942 0.12001 0.675753
0.155027 0.607394 0.00958007 0.227998
0.146386 0.0937473 0.107507 0.65236
0.0849759 0.631563 0.122016 0.161444
0.180002 0.5144 9.9991E-05 0.305498
0.221371 0.578367 9.9991E-05 0.200162
0.0651615 0.662862 9.9991E-05 0.271876
0.178622 0.575409 9.9991E-05 0.245869
0.133754 0.703406 0.0423798 0.120461
0.149862 0.617299 9.9991E-05 0.232739
9.9991E-05 0.0601828 0.153756 0.785961
0.130101 9.9991E-05 0.081605 0.788194
0.117628 0.135489 0.116528 0.630354
0.171846 0.683409 0.0216872 0.123058
0.0840622 0.517284 0.0873156 0.311339
0.115061 0.680555 0.0210963 0.183288
0.122014 0.725138 0.045763 0.107084
0.24535 0.452268 0.205811 0.0965706
0.211166 0.590477 0.178538 0.0198188
0.429801 0.175374 0.146354 0.248471
0.192713 0.680502 0.0656033 0.0611817
0.266137 0.485108 0.118193 0.130563
0.419077 9.9991E-05 0.226635 0.354188
0.308337 0.301092 0.248944 0.141627
0.395964 0.371809 0.144914 0.0873125
0.357567 0.451707 0.0880206 0.102705
0.187913 0.582966 0.140358 0.0887627
0.225232 0.582886 0.144887 0.0469955
0.184885 0.660749 0.122566 0.0318007
0.179573 0.400048 0.214015 0.206364
0.512392 0.250306 0.145252 0.0920494
