9.9982E-05 0.947415 9.9982E-05 0.052385
9.9982E-05 0.979449 9.9982E-05 0.0203512
0.0743485 0.894418 0.0258441 0.00538927
0.153877 0.845923 9.9982E-05 9.9982E-05
0.0683915 0.931409 9.9982E-05 9.9982E-05
0.111258 0.714848 0.127908 0.0459867
9.999E-05 0.846832 0.124589 0.0284792
9.999E-05 0.78024 0.18013 0.0395301
9.9982E-05 0.866118 0.133682 9.9982E-05
0.0246636 0.796826 0.143095 0.035416
0.10503 0.803823 0.0910474 9.9991E-05
0.386219 0.139935 0.473746 9.9991E-05
0.696368 0.130447 0.164165 0.00901992
0.424835 0.110611 0.430278 0.0342758
0.451928 0.139435 0.353759 0.0548782
0.563436 0.17116 0.193326 0.0720787
0.655179 0.0759945 0.208404 0.0604221
0.588102 0.0863542 0.27803 0.0475132
0.424446 0.193419 0.326774 0.0553605
0.181908 0.142204 0.675788 9.9991E-05
0.579686 0.0955566 0.303626 0.0211308
0.520766 0.0837578 0.30496 0.0905156
0.706193 0.0897051 0.200752 0.00334931
0.397103 0.150653 0.432856 0.0193886
0.689126 0.130016 0.0865659 0.0942913
0.652506 0.124902 0.213692 0.00889941
0.387758 0.146564 0.465579 9.9991E-05
0.469961 0.148662 0.359322 0.022055
0.376735 0.102956 0.520209 9.9991E-05
0.0572571 0.90398 9.9991E-05 0.0386625
0.0941953 0.875548 9.9991E-05 0.0301567
0.0952178 0.824371 9.9991E-05 0.080311
0.135438 0.748754 9.9991E-05 0.115708
0.634592 0.11619 0.249118 9.9991E-05
0.67953 0.0903018 0.182371 0.0477973
0.763031 9.9982E-05 0.23677 9.9982E-05
0.312838 0.141192 0.54587 9.9991E-05
0.466914 9.9991E-05 0.511304 0.0216815
0.664587 0.0913653 0.176082 0.0679652
0.820655 0.0631576 0.114172 0.00201535
0.673205 0.149691 0.177004 9.9991E-05
0.728758 0.122242 0.123203 0.0257965
0.407868 0.0267062 0.565326 9.9991E-05
0.667271 0.0890432 0.159753 0.0839335
0.732498 0.0972581 0.148057 0.0221869
0.702513 0.14405 0.10167 0.0517667
0.563937 9.9982E-05 0.435863 9.9982E-05
0.745482 0.0901321 0.118444 0.0459421
0.622104 0.126083 0.210941 0.0408712
9.9991E-05 0.000340664 0.952931 0.0466285
0.322795 0.0585734 0.618532 9.9991E-05
0.222899 0.0300566 0.642796 0.104249
0.641763 0.0712957 0.177646 0.109295
0.670097 0.0932128 0.146549 0.0901412
0.647105 0.102409 0.143852 0.106635
0.333599 0.204186 0.462115 9.9991E-05
0.645871 0.068254 0.266072 0.0198034
0.659387 0.105915 0.159093 0.075605
0.495587 0.163001 0.30668 0.0347317
0.24945 0.23696 0.512763 0.000826809
0.645899 0.161941 0.157445 0.0347157
0.565939 0.12994 0.25163 0.0524904
0.228203 0.168126 0.603571 9.9991E-05
0.564525 0.067801 0.367574 9.9991E-05
0.616372 0.0645136 0.224751 0.0943631
0.684654 0.132072 0.149307 0.0339674
0.434214 0.138761 0.40531 0.0217157
0.615695 0.0721637 0.247571 0.0645696
0.672405 0.0663654 0.192147 0.0690826
0.368682 0.119536 0.511682 9.9991E-05
0.745733 0.000742512 0.253425 9.9991E-05
0.510515 0.00514586 0.484239 9.9991E-05
0.602176 0.1079 0.205805 0.0841192
0.264734 9.9982E-05 0.735066 9.9982E-05
0.239539 9.9982E-05 0.760261 9.9982E-05
0.480914 9.9982E-05 0.518886 9.9982E-05
0.694916 0.0378971 0.267087 9.9991E-05
0.611827 0.14305 0.158207 0.0869157
0.702835 9.9991E-05 0.287737 0.00932775
0.462331 0.0509548 0.486615 9.9991E-05
0.522562 0.00728823 0.47005 9.9991E-05
0.664327 0.0803779 0.183111 0.0721836
0.603932 0.0217644 0.374204 9.9991E-05
0.66949 0.0386047 0.291806 9.9991E-05
0.676039 9.9982E-05 0.323761 9.9982E-05
0.0790039 9.9991E-05 0.852958 0.0679381
0.720495 0.0479474 0.179981 0.0515768
0.083589 0.899688 0.016623 9.9991E-05
0.0416192 0.940699 9.9991E-05 0.0175817
0.0858458 0.87175 9.9991E-05 0.0423047
9.9982E-05 0.932947 9.9982E-05 0.0668533
9.9982E-05 0.974442 9.9982E-05 0.0253584
0.0493571 0.884714 9.9991E-05 0.0658289
0.0440082 0.95308 9.9991E-05 0.00281187
0.719053 0.119999 0.109072 0.0518759
0.687767 0.140898 0.127737 0.0435982
0.291605 0.0480434 0.660252 9.9991E-05
0.682328 0.0718436 0.173877 0.0719514
0.627631 0.0384325 0.333836 9.9991E-05
0.707631 0.0879415 0.204327 9.9991E-05
0.714248 0.0336041 0.212709 0.0394387
0.691111 0.0192635 0.251434 0.0381908
0.271582 0.03593 0.692388 9.9991E-05
0.616582 0.119532 0.195286 0.0685998
0.768868 0.0806009 0.0965629 0.0539679
0.667282 0.129273 0.144299 0.0591466
0.443346 9.9991E-05 0.549187 0.0073668
0.693604 9.9991E-05 0.27412 0.0321754
0.686093 0.0304272 0.28338 9.9991E-05
0.619538 9.9982E-05 0.380262 9.9982E-05
0.64861 0.0501334 0.301157 9.9991E-05
0.668249 0.110475 0.174442 0.0468335
0.375526 0.0749899 0.486605 0.0628793
0.554613 0.125665 0.319622 9.9991E-05
0.55392 0.165738 0.191958 0.0883836
0.602734 0.13235 0.191264 0.0736514
0.62489 0.128441 0.246569 9.9991E-05
0.694492 0.0938035 0.18881 0.022894
0.574588 0.138552 0.28676 9.9991E-05
0.598924 0.129221 0.212607 0.0592482
0.65043 0.124564 0.148791 0.0762154
0.696479 0.114604 0.188817 9.9991E-05
0.67913 0.0888736 0.231896 9.9991E-05
0.691997 0.103907 0.13293 0.071167
0.64974 0.159456 0.0998091 0.0909945
0.678552 0.00498859 0.217567 0.0988921
0.65606 0.117951 0.126384 0.0996056
0.717473 0.0786397 0.170819 0.0330686
0.359313 0.109684 0.44097 0.0900329
0.716628 0.0876805 0.147814 0.0478776
0.702941 0.0745721 0.166594 0.0558933
0.360661 0.115533 0.523706 9.9991E-05
0.230219 0.017339 0.654268 0.0981741
0.611342 0.130605 0.231452 0.0266023
0.148058 9.9991E-05 0.771367 0.0804747
0.481623 0.114484 0.403793 9.9991E-05
0.600505 0.0332338 0.366161 9.9991E-05
0.50033 0.0889059 0.410664 9.9991E-05
0.494448 0.0389589 0.466493 9.9991E-05
0.696254 0.126738 0.162363 0.0146444
0.651005 0.162657 0.106219 0.0801193
0.718073 0.0744994 0.171703 0.0357247
0.258219 0.0250657 0.657872 0.0588433
0.580472 0.173793 0.150718 0.095016
0.541942 0.10343 0.276493 0.078135
9.9991E-05 0.133369 0.800976 0.0655551
0.682747 0.0752498 0.141478 0.100525
0.367176 0.103068 0.445338 0.0844187
0.557946 0.14344 0.200762 0.0978522
0.262995 0.136077 0.539233 0.0616955
0.162679 0.112758 0.692961 0.0316016
0.437926 0.0493125 0.408442 0.10432
0.526828 0.115798 0.222273 0.135102
0.477363 0.184817 0.247256 0.0905637
0.144497 0.0551816 0.635615 0.164706
0.576953 0.109148 0.213268 0.100631
0.449662 9.9982E-05 0.550138 9.9982E-05
0.536041 0.0137178 0.41543 0.034811
0.633699 0.0984378 0.154087 0.113777
0.135799 0.405279 0.166826 0.292097
9.9991E-05 0.524448 0.267794 0.207658
9.9991E-05 0.496983 0.311059 0.191857
0.0656439 0.350428 0.257463 0.326465
0.722517 0.0275934 0.22686 0.0230289
0.703191 0.120409 0.128478 0.0479223
0.33661 9.9982E-05 9.9982E-05 0.66319
0.4715 0.0900541 0.00966808 0.428778
0.406088 0.106218 0.0666932 0.421001
0.305169 0.0257121 0.57464 0.0944797
0.571476 0.139751 0.218665 0.0701079
0.299209 9.9991E-05 0.633012 0.0676795
0.667949 0.0514551 0.229774 0.0508219
0.514776 0.0448377 0.338283 0.102103
0.637146 0.0244068 0.266929 0.0715185
0.231387 9.9991E-05 0.684368 0.0841442
0.742552 0.0868812 0.0961629 0.0744036
0.636519 0.137565 0.164567 0.061349
0.051329 0.0130149 9.9991E-05 0.935556
0.104136 9.9982E-05 9.9982E-05 0.895664
0.348949 0.0655704 9.9991E-05 0.585381
0.351998 9.9982E-05 9.9982E-05 0.647802
0.177475 9.9982E-05 9.9982E-05 0.822325
9.998E-05 9.998E-05 9.998E-05 0.9997
0.0249703 9.9991E-05 0.0105551 0.964375
0.159665 9.9982E-05 9.9982E-05 0.840135
0.0221882 0.0123912 0.0217895 0.943631
9.998E-05 9.998E-05 9.998E-05 0.9997
9.998E-05 9.998E-05 9.998E-05 0.9997
0.220575 0.0227539 9.9991E-05 0.756571
0.154959 0.0558265 9.9991E-05 0.789114
9.998E-05 9.998E-05 9.998E-05 0.9997
0.438891 0.102553 0.090426 0.36813
0.292645 0.0392552 9.9991E-05 0.668
0.171159 0.0146301 9.9991E-05 0.814111
0.0965354 9.9982E-05 9.9982E-05 0.903265
9.998E-05 9.998E-05 9.998E-05 0.9997
0.0261002 9.9982E-05 9.9982E-05 0.9737
9.998E-05 9.998E-05 9.998E-05 0.9997
0.249186 0.0640687 0.0258071 0.660938
0.0404538 9.9991E-05 0.0130905 0.946356
9.9991E-05 0.305807 0.533315 0.160778
0.36173 0.218271 0.251185 0.168813
0.460703 0.198344 0.215556 0.125396
0.177046 0.201508 0.418888 0.202558
0.470861 0.142558 0.235996 0.150584
0.0897937 0.256358 0.449759 0.204089
0.422287 0.171147 0.220784 0.185782
0.356776 0.239924 0.240107 0.163193
0.495864 0.175931 0.142231 0.185974
0.410947 0.230538 0.195742 0.162774
0.479377 0.209877 0.169611 0.141135
0.0724696 0.92733 9.9982E-05 9.9982E-05
9.9991E-05 0.900771 0.0210737 0.0780556
0.0027408 0.993377 0.00378215 9.9991E-05
9.9982E-05 0.980848 0.0189522 9.9982E-05
0.0574445 0.942356 9.9982E-05 9.9982E-05
9.9982E-05 0.986659 9.9982E-05 0.0131408
0.0263259 0.944146 9.9991E-05 0.0294281
9.9982E-05 0.966297 0.0335027 9.9982E-05
0.00380442 0.939965 0.0215983 0.0346318
0.000891942 0.939113 0.0366804 0.023315
0.0118809 0.656095 0.331924 9.9991E-05
9.9982E-05 0.693907 0.305893 9.9982E-05
0.0107231 0.611859 0.377317 9.9991E-05
0.00338885 0.558331 0.43818 9.9991E-05
0.676574 0.101097 0.219371 0.0029587
0.67368 0.0298496 0.232935 0.0635347
0.71089 0.0632384 0.216605 0.00926664
0.564351 0.0452922 0.390256 9.9991E-05
0.366382 0.0739356 0.559583 9.9991E-05
0.831533 0.0455695 0.117847 0.00505054
0.771554 9.9991E-05 0.20852 0.0198255
0.686015 0.000882089 0.269038 0.0440653
0.637893 9.9982E-05 0.361907 9.9982E-05
0.697228 0.0455141 0.170971 0.0862873
0.64236 0.0168772 0.340663 9.9991E-05
0.204609 9.9982E-05 0.795191 9.9982E-05
0.665349 0.0891015 0.189743 0.0558067
0.38345 9.9982E-05 0.61635 9.9982E-05
0.712701 0.0149429 0.269182 0.00317472
0.408281 0.0277133 0.563906 9.9991E-05
0.0636373 0.296457 0.639806 9.9991E-05
0.154677 0.252027 0.593196 9.9991E-05
0.132725 0.252193 0.614982 9.9991E-05
0.0507352 0.272458 0.676707 9.9991E-05
0.203376 0.195148 0.601376 9.9991E-05
0.201859 0.214009 0.584031 9.9991E-05
0.0448054 0.890006 0.00438918 0.0607997
0.116447 0.851077 0.0192062 0.0132696
0.150773 0.793157 0.000364788 0.0557043
0.0344727 0.872886 0.0221048 0.0705363
0.124236 0.799137 9.9991E-05 0.0765269
0.0137778 0.507868 0.478254 9.9991E-05
0.0318216 0.555302 0.412776 9.9991E-05
0.079922 0.54408 0.375898 9.9991E-05
0.108958 0.889864 0.00107863 9.9991E-05
0.0226189 0.512614 0.464667 9.9991E-05
0.273948 0.297628 0.0874006 0.341024
0.545795 0.154659 0.00646868 0.293078
0.529269 0.174323 9.9991E-05 0.296308
0.339231 0.25617 0.102153 0.302447
0.516812 0.206047 0.0929191 0.184221
9.9991E-05 0.452917 0.205148 0.341834
0.596136 0.0727486 0.331016 9.9991E-05
0.554362 0.0198418 0.381813 0.0439831
0.434844 0.0912593 0.473797 9.9991E-05
0.611698 9.9991E-05 0.326763 0.0614394
9.9982E-05 9.9982E-05 0.988324 0.0114756
0.678913 0.118528 0.132929 0.0696296
0.622259 0.0405252 0.26199 0.0752267
0.456819 0.116103 0.426978 9.9991E-05
0.621636 0.10251 0.199946 0.0759078
0.298067 9.9982E-05 0.701733 9.9982E-05
0.694889 0.0370051 0.24135 0.0267553
0.631181 0.0879827 0.280736 9.9991E-05
0.444493 0.112524 0.241723 0.20126
0.414504 0.0154906 0.500019 0.0699855
0.518451 0.00669835 0.40605 0.0688004
0.6485 0.0320928 0.250977 0.0684304
0.659025 0.0307967 0.29566 0.0145186
0.672462 0.0847635 0.137505 0.105269
0.685246 0.103842 0.177953 0.0329589
0.703518 0.12022 0.167802 0.00846069
0.0925847 0.844375 9.9991E-05 0.0629404
0.0863052 0.89602 9.9991E-05 0.0175747
0.0779012 0.920504 0.00149439 9.9991E-05
0.0165568 0.928167 9.9991E-05 0.0551759
0.0744927 0.925307 9.9982E-05 9.9982E-05
0.288472 0.132144 0.579284 9.9991E-05
0.571304 0.0789296 0.238185 0.111582
0.448221 0.206381 0.0991709 0.246226
0.744148 0.0524763 0.148444 0.0549317
0.675489 0.103471 0.22094 9.9991E-05
0.361419 0.0476364 0.533794 0.0571508
0.139059 0.214465 0.646375 9.9991E-05
0.587557 0.171476 0.240867 9.9991E-05
0.380639 0.142733 0.471164 0.00546333
0.512471 0.0714432 0.321686 0.0943993
0.27557 0.184795 0.539535 9.9991E-05
0.672874 0.148441 0.12471 0.0539751
0.297776 0.153501 0.548624 9.9991E-05
0.342575 0.0592965 0.476118 0.12201
0.584808 0.119196 0.253922 0.0420748
0.396473 0.026507 0.560288 0.0167316
0.581804 0.0793575 0.292694 0.0461447
0.632571 0.12201 0.186301 0.0591184
0.352854 0.0271825 0.596437 0.0235261
0.587967 0.109371 0.211852 0.0908106
0.622582 0.0498347 0.294637 0.0329463
0.23637 9.9991E-05 0.760422 0.00310776
0.266492 0.0340917 0.684712 0.0147042
0.552008 0.0660912 0.36704 0.0148609
0.163712 0.0139158 0.797414 0.0249583
0.515877 9.9991E-05 0.443865 0.040158
0.331393 0.103098 0.565409 9.9991E-05
0.275702 9.9991E-05 0.581152 0.143047
0.554047 0.139442 0.276315 0.0301962
0.657308 0.0812143 0.206001 0.0554768
0.410558 0.0513045 0.538037 9.9991E-05
0.602797 0.0839777 0.231451 0.0817748
0.653544 0.0740706 0.202179 0.0702065
0.637077 0.045037 0.260605 0.0572809
0.603959 0.0578205 0.252205 0.0860146
0.616463 0.0912081 0.287939 0.0043896
0.441133 0.10559 0.453177 9.9991E-05
0.574466 0.0422548 0.334468 0.0488115
0.666843 0.0290539 0.237358 0.0667453
0.696665 0.0507027 0.180105 0.0725271
0.394721 0.07642 0.418833 0.110026
0.531718 0.00972385 0.299443 0.159116
0.503265 0.104829 0.365574 0.0263315
0.719376 0.0738 0.185123 0.0217012
0.564101 0.105651 0.265249 0.0649992
0.672007 0.121482 0.137955 0.0685554
0.498804 0.36976 0.0154494 0.115987
0.617031 0.16363 0.0535837 0.165756
0.518927 0.212772 0.117527 0.150775
0.571707 0.138753 0.122172 0.167368
0.42315 0.214176 0.110215 0.252458
0.574326 9.9991E-05 0.383368 0.042206
0.539713 0.160113 0.129665 0.170509
0.0124927 0.231193 0.48419 0.272124
0.595651 0.129329 0.0944599 0.18056
0.541945 0.150981 0.0890289 0.218045
0.55563 0.117801 0.120992 0.205577
0.310158 0.23193 0.287328 0.170584
0.590972 0.218395 0.0130365 0.177596
0.55882 0.145729 0.0913202 0.204131
9.9991E-05 0.513553 0.302159 0.184188
0.579069 0.199507 0.0715148 0.149909
0.557773 0.19102 0.0285296 0.222677
0.621896 0.107293 0.121456 0.149355
0.550643 0.201026 9.9991E-05 0.248232
0.574688 0.260682 0.0251131 0.139517
0.550312 0.0309721 0.363048 0.0556679
0.60104 0.0574906 0.248399 0.0930706
0.0417733 9.9991E-05 0.889553 0.0685736
0.114052 9.9991E-05 0.846333 0.0395155
0.533616 0.0805611 0.285088 0.100735
0.355404 0.138816 0.124896 0.380884
0.368411 0.148846 0.124409 0.358334
0.197614 0.177337 0.237619 0.38743
0.370403 0.176044 0.112565 0.340988
0.119112 0.072285 0.633362 0.175241
0.22294 0.0593474 0.553079 0.164634
0.647996 9.9991E-05 0.227856 0.124048
0.461023 0.0350968 0.304642 0.199239
0.279224 0.0204395 0.54073 0.159606
0.606975 0.0665527 0.211755 0.114718
0.620763 0.0624553 0.194131 0.122651
0.564361 0.0527813 0.232029 0.150829
0.428512 9.9991E-05 0.517873 0.0535149
0.547577 0.0249638 0.399612 0.0278467
0.608972 0.0323142 0.292026 0.0666875
0.59051 0.0708821 0.309026 0.029582
0.590372 0.102673 0.213707 0.0932483
0.566131 9.9991E-05 0.383001 0.050768
0.269746 9.9991E-05 0.658257 0.071897
0.714468 0.0197495 0.199586 0.0661971
0.307124 9.9991E-05 0.647034 0.0457422
0.595949 0.0239485 0.350241 0.0298613
0.589126 0.0951584 0.249516 0.0661994
0.559864 0.0639179 0.262762 0.113456
0.496819 0.174919 0.137748 0.190513
0.473942 0.187784 0.173385 0.164889
0.34161 0.238959 0.118304 0.301128
0.372463 0.189192 0.160103 0.278242
0.466584 0.166791 0.133676 0.232949
0.517929 0.190489 0.147731 0.143851
9.9991E-05 0.136568 0.612208 0.251124
0.561656 0.0807911 0.0866882 0.270864
9.9991E-05 0.328241 0.455874 0.215785
0.545973 0.0520878 0.155616 0.246323
0.309482 9.9982E-05 0.690318 9.9982E-05
0.124323 9.9991E-05 0.84634 0.0292372
0.600277 9.9991E-05 0.36363 0.0359925
0.672005 9.9991E-05 0.234199 0.0936956
0.551221 9.9991E-05 0.416987 0.0316916
0.720653 9.9991E-05 0.230396 0.0488506
0.658793 9.9991E-05 0.314844 0.0262626
0.0238035 0.918424 0.0576727 9.9991E-05
0.0515071 0.82158 0.0556623 0.0712507
0.00383054 0.958443 0.00139795 0.036328
0.0283925 0.971407 9.9982E-05 9.9982E-05
0.690305 0.0539645 0.20742 0.04831
0.693032 0.0740272 0.215948 0.0169929
0.742354 0.0194384 0.238108 9.9991E-05
0.751372 0.125002 0.123526 9.9991E-05
0.733294 0.130684 0.121156 0.0148661
0.537142 0.032088 0.43067 9.9991E-05
0.845723 0.039261 0.114916 9.9991E-05
0.518302 9.9991E-05 0.479373 0.00222445
0.434029 0.376976 0.0072651 0.181729
0.558332 9.9991E-05 0.389654 0.0519146
0.601293 0.0304478 0.36816 9.9991E-05
0.742063 9.9982E-05 0.257737 9.9982E-05
0.640352 0.0450968 0.314452 9.9991E-05
0.768286 9.9991E-05 0.220876 0.0107385
0.700183 0.0741783 0.210746 0.0148919
0.290542 9.9982E-05 0.709258 9.9982E-05
0.519113 9.9991E-05 0.454035 0.0267521
0.560982 9.9991E-05 0.395898 0.043021
0.16015 9.9982E-05 0.83965 9.9982E-05
0.618574 0.0950591 0.286267 9.9991E-05
0.279862 9.9991E-05 0.712067 0.00797033
0.123067 9.9982E-05 0.876733 9.9982E-05
0.746627 0.00708938 0.204076 0.0422074
0.461588 0.0392159 0.499096 9.9991E-05
0.688963 0.0195892 0.291348 9.9991E-05
0.618215 0.135763 0.127388 0.118634
0.716077 0.0447438 0.239079 9.9991E-05
0.441676 9.9991E-05 0.4739 0.0843242
0.740015 0.0465073 0.201683 0.0117942
0.715347 0.00520406 0.279349 9.9991E-05
0.579655 9.9982E-05 0.420145 9.9982E-05
0.62643 0.133918 0.218837 0.0208153
9.9982E-05 0.76227 0.23753 9.9982E-05
0.0149162 0.814896 0.170088 9.9991E-05
9.9982E-05 0.878547 0.121253 9.9982E-05
9.9982E-05 0.88765 0.11215 9.9982E-05
0.041939 0.809042 0.148919 9.9991E-05
0.425599 0.0401257 0.534175 9.9991E-05
0.421657 0.0312329 0.54701 9.9991E-05
0.447023 9.9982E-05 0.552777 9.9982E-05
0.638896 0.113575 0.181477 0.0660516
0.570772 0.125876 0.205528 0.0978243
0.521335 9.9991E-05 0.442368 0.0361961
0.763929 9.9991E-05 0.153674 0.0822976
0.582914 0.038073 0.324894 0.0541188
0.72205 0.0689242 0.208926 9.9991E-05
0.738492 0.0511314 0.152429 0.0579478
0.496099 0.0129133 0.490888 9.9991E-05
0.611533 9.9982E-05 0.388267 9.9982E-05
0.567465 0.0282028 0.404232 9.9991E-05
0.735874 0.160078 0.0766414 0.0274061
0.619307 0.0174158 0.363178 9.9991E-05
0.622836 0.0464248 0.330639 9.9991E-05
0.458635 0.0823539 0.0898479 0.369163
0.385752 0.167489 0.0111956 0.435564
0.451296 0.105771 9.9991E-05 0.442834
0.284186 0.175122 0.000226056 0.540466
0.509318 0.168291 0.0068597 0.315531
0.631783 0.0761915 0.273404 0.0186216
9.9991E-05 0.257696 0.0623782 0.679825
0.316443 0.16175 0.00699512 0.514811
0.375034 0.214118 0.211619 0.199229
0.629432 0.194511 0.161531 0.0145248
0.521649 0.174964 0.24394 0.0594478
0.62046 0.17719 0.150605 0.0517448
0.665355 0.167885 0.087976 0.0787843
0.336438 0.185758 9.9991E-05 0.477704
0.409109 0.174948 0.0194398 0.396504
0.423434 0.062731 9.9991E-05 0.513735
0.420606 0.189039 0.0512662 0.339089
0.243498 0.180301 0.0557577 0.520443
0.419918 0.139484 0.0536156 0.386983
0.295481 0.189165 0.00318961 0.512164
0.505874 0.117288 0.0594885 0.31735
0.550553 0.171394 0.232195 0.0458584
0.407162 0.152467 0.0567215 0.383649
0.134087 0.228708 0.0211823 0.616022
0.430693 0.118468 0.0597197 0.39112
0.417347 0.237749 0.344805 9.9991E-05
0.614382 0.0686258 0.189489 0.127503
0.412397 0.180638 0.0611398 0.345826
0.601743 0.170587 0.180822 0.0468477
0.61342 0.193958 0.192522 9.9991E-05
0.399151 0.21149 0.14863 0.24073
0.378348 0.223929 0.0883231 0.3094
0.626059 0.146106 0.148843 0.0789915
0.461148 0.210014 0.00549439 0.323343
0.461639 0.0954734 9.9991E-05 0.442788
0.127519 0.20104 0.0018926 0.669548
0.701012 0.142337 0.115727 0.0409234
0.535508 0.201738 0.262654 9.9991E-05
0.118673 0.119711 0.620227 0.141389
0.678974 0.170521 0.117975 0.0325304
0.415943 0.10326 0.380466 0.100331
0.476818 0.188332 0.118337 0.216514
0.51557 0.170294 0.179266 0.134869
9.9991E-05 0.377352 0.429145 0.193402
9.9991E-05 0.356734 0.459519 0.183646
0.306156 0.213557 0.320062 0.160225
0.0284045 0.338856 0.375213 0.257526
9.9991E-05 0.492195 0.238602 0.269103
0.385909 0.181964 0.26562 0.166508
0.360978 0.224727 0.188666 0.225629
0.137017 0.308067 0.310226 0.24469
0.0269768 0.28441 0.449315 0.239298
0.48368 0.174773 0.14479 0.196758
0.17438 0.281794 0.347381 0.196445
9.9991E-05 0.372559 0.447777 0.179564
0.536959 0.130016 0.179077 0.153948
0.330467 0.215641 0.221136 0.232756
0.440678 0.341254 0.00781942 0.210249
0.585454 0.166757 9.9991E-05 0.247688
0.566403 0.179216 0.0268843 0.227497
0.52435 0.156162 0.0535155 0.265972
0.373347 0.392731 0.0260418 0.20788
0.580145 0.231854 9.9991E-05 0.187901
0.513179 0.277959 9.9991E-05 0.208762
0.297818 0.255259 0.1447 0.302224
0.437572 0.220021 0.228356 0.114051
0.533529 0.252908 0.0868786 0.126684
0.572361 0.180908 0.0479483 0.198782
0.623517 0.145111 0.0687598 0.162612
0.437674 0.311554 9.9991E-05 0.250672
0.560561 0.253338 9.9991E-05 0.186
0.0292145 0.39869 0.21565 0.356446
0.586702 0.22226 0.00536691 0.185671
0.175591 0.312386 0.154824 0.357199
9.9991E-05 0.849963 0.141992 0.0079442
0.242441 0.170482 0.586977 9.9991E-05
0.0320863 0.190415 0.777399 9.9991E-05
0.0300526 0.183619 0.786229 9.9991E-05
0.186031 0.136482 0.677387 9.9991E-05
0.112498 0.164635 0.722767 9.9991E-05
0.17065 0.142146 0.687104 9.9991E-05
0.0427696 0.217906 0.739225 9.9991E-05
0.075178 0.335052 0.58967 9.9991E-05
0.0307456 0.924758 0.0443961 9.9991E-05
0.064614 0.876351 0.058935 9.9991E-05
0.0385909 0.917533 0.0426379 0.00123837
0.0283489 0.894911 0.0766399 9.9991E-05
0.0458148 0.923491 0.0263419 0.00435265
0.0616313 0.931552 9.9991E-05 0.00671683
0.111434 0.753791 0.0341081 0.100667
0.0632742 0.917227 9.9991E-05 0.0193987
0.135124 0.755944 0.0395903 0.0693418
0.00504503 0.914351 9.9991E-05 0.0805042
9.998E-05 0.9997 9.998E-05 9.998E-05
0.045772 0.926436 9.9991E-05 0.0276915
9.998E-05 0.9997 9.998E-05 9.998E-05
0.0180613 0.966739 9.9991E-05 0.0150992
0.0742245 0.921664 9.9991E-05 0.00401148
0.0389869 0.9408 9.9991E-05 0.0201132
0.0594831 0.872265 9.9991E-05 0.0681522
0.0951843 0.84552 9.9991E-05 0.0591961
0.0716359 0.834138 9.9991E-05 0.0941259
0.509995 0.1746 0.300944 0.0144605
0.756701 0.119944 0.123255 9.9991E-05
0.659439 0.19135 0.0952853 0.0539258
0.113567 0.0929957 0.674195 0.119243
0.58498 0.174543 0.221193 0.0192842
0.0663301 0.132785 0.679017 0.121868
0.645386 0.134995 0.133143 0.0864758
0.509296 0.196685 0.293919 9.9991E-05
0.582302 0.198893 0.218704 9.9991E-05
0.683925 0.0629628 0.253012 9.9991E-05
0.561713 0.181879 0.248054 0.00835529
0.682143 0.108659 0.110334 0.0988636
0.653742 0.15788 0.188278 9.9991E-05
0.1141 9.9991E-05 0.769258 0.116542
9.9991E-05 0.111615 0.801115 0.08717
0.1289 0.11404 0.6544 0.102659
0.662725 0.179208 0.102266 0.0558013
0.502246 0.0727292 0.304124 0.120901
0.630569 0.118916 0.208873 0.0416416
0.643919 0.0873948 0.140066 0.128621
0.491286 0.253087 0.0922296 0.163398
0.577247 0.235155 0.0162266 0.171372
0.212069 0.447919 0.197851 0.142161
0.631287 0.16562 0.106028 0.0970651
0.435786 0.289023 0.140481 0.134711
9.9991E-05 0.405532 0.345673 0.248695
0.311137 0.294098 0.119294 0.27547
0.345849 0.387063 0.0782029 0.188885
0.477674 0.370894 0.0674852 0.0839463
0.613318 0.187037 0.0578404 0.141804
0.567508 0.211553 0.0722768 0.148662
0.631001 0.20125 0.0193286 0.14842
0.418719 0.148459 0.204721 0.228101
0.275396 0.520835 0.0916977 0.112072
