9.9964E-05 0.0422874 0.0540348 0.036201 9.9964E-05 9.9964E-05 0.862821 0.00425622 9.9964E-05
9.9955E-05 0.0299317 0.00777098 9.9955E-05 9.9955E-05 9.9955E-05 0.904148 0.0576496 9.9955E-05
0.0483682 9.9973E-05 0.0385307 0.0563047 0.004776 9.9973E-05 0.807849 0.0438719 9.9973E-05
0.0148958 0.0791488 0.00744022 0.0828488 0.0656882 9.9973E-05 0.749678 9.9973E-05 9.9973E-05
0.0859321 9.9964E-05 0.0484534 0.0363736 9.9964E-05 9.9964E-05 0.823227 9.9964E-05 0.00561436
9.9955E-05 9.9955E-05 9.9955E-05 0.012269 0.093804 0.282722 0.610705 9.9955E-05 9.9955E-05
9.9955E-05 9.9955E-05 0.0239432 9.9955E-05 0.0314951 0.193967 0.750095 9.9955E-05 9.9955E-05
9.9973E-05 0.0214357 0.0699352 9.9973E-05 0.0822757 0.130418 0.686619 9.9973E-05 0.00901663
9.99639E-05 0.0435719 0.0196671 9.99639E-05 9.99639E-05 9.99639E-05 0.815779 0.0400161 0.0805662
9.9964E-05 9.9964E-05 0.0293593 0.101284 0.0449968 0.233788 0.590171 9.9964E-05 9.9964E-05
9.9955E-05 0.0533841 9.9955E-05 9.9955E-05 0.0335956 0.226926 0.685595 9.9955E-05 9.9955E-05
0.0191306 0.037778 9.9964E-05 9.9964E-05 0.808028 0.0998812 9.9964E-05 0.0347821 9.9964E-05
0.407665 0.0360925 0.0273841 0.03106 0.475252 0.0216465 9.9982E-05 9.9982E-05 0.000699946
0.0687901 9.9964E-05 9.9964E-05 0.00217837 0.791564 9.9964E-05 0.000552874 9.9964E-05 0.136515
0.0489853 9.9964E-05 0.0206325 0.0628422 0.86643 9.9964E-05 0.000710064 9.9964E-05 9.9964E-05
0.176121 9.9982E-05 0.00366169 0.145198 0.468997 0.110858 0.0793802 0.0155838 9.9982E-05
0.408645 9.9973E-05 0.0123231 0.118672 0.405405 0.0178238 0.0368305 9.9973E-05 9.9973E-05
0.204545 9.9973E-05 0.0201995 0.114247 0.486548 0.0550903 9.9973E-05 0.11907 9.9973E-05
0.103819 9.9964E-05 9.9964E-05 0.073708 0.694264 9.9964E-05 0.0787355 0.0490732 9.9964E-05
9.9964E-05 0.159462 0.0444807 9.9964E-05 0.710474 0.0535433 0.0316409 9.9964E-05 9.9964E-05
0.234133 9.9982E-05 0.0671644 0.122552 0.361415 0.0787435 9.9982E-05 0.0961932 0.0395988
0.314657 0.0057429 9.9982E-05 0.0289238 0.359852 0.0949302 9.9982E-05 0.0693388 0.126355
0.399494 9.9982E-05 0.089374 0.0974448 0.193907 0.0250158 0.0336055 0.160959 9.9982E-05
9.9946E-05 9.9946E-05 9.9946E-05 0.0194199 0.833407 0.146574 9.9946E-05 9.9946E-05 9.9946E-05
0.468773 9.9982E-05 0.0712787 0.111577 0.223318 0.0741502 9.9982E-05 0.0261954 0.0245067
0.274948 9.9964E-05 9.9964E-05 0.115822 0.517234 0.0907523 0.000843561 9.9964E-05 9.9964E-05
9.9964E-05 0.0507064 9.9964E-05 0.0244174 0.905118 0.00166115 0.0176976 9.9964E-05 9.9964E-05
9.9946E-05 0.0277489 9.9946E-05 0.0948104 0.876841 9.9946E-05 9.9946E-05 9.9946E-05 9.9946E-05
9.9946E-05 9.9946E-05 0.0165319 9.9946E-05 0.816922 9.9946E-05 9.9946E-05 9.9946E-05 0.165946
0.0804128 9.9955E-05 9.9955E-05 0.0735948 0.0393336 9.9955E-05 0.806159 9.9955E-05 9.9955E-05
0.125781 9.9955E-05 9.9955E-05 0.0112007 0.0679634 9.9955E-05 0.794555 9.9955E-05 9.9955E-05
0.0161606 9.9973E-05 9.9973E-05 0.0673809 0.00545175 0.108115 0.724234 0.0783582 9.9973E-05
0.0408707 9.9964E-05 9.9964E-05 0.103446 9.9964E-05 0.068286 0.709474 0.0775234 9.9964E-05
0.436276 0.0239924 0.00571425 0.0119268 0.0945336 0.143794 0.0336396 0.250023 9.9991E-05
0.445276 0.0726723 0.0297717 0.123413 0.0438207 0.0600994 0.00561924 0.219227 9.9991E-05
0.491839 9.9973E-05 0.0241107 0.0857796 0.0764975 9.9973E-05 0.00464986 0.316823 9.9973E-05
0.0417683 0.385022 9.9982E-05 0.0208723 0.25201 9.9982E-05 0.0930499 0.20482 0.00225763
0.399858 0.019922 9.9964E-05 9.9964E-05 9.9964E-05 9.9964E-05 0.00916386 0.498695 0.0719614
0.509442 0.0264272 9.9982E-05 0.00983335 0.0569203 9.9982E-05 0.058758 0.278542 0.059877
0.64469 9.9964E-05 9.9964E-05 0.0454808 9.9964E-05 0.146226 0.0234314 0.139772 9.9964E-05
0.412347 9.9964E-05 0.0259769 9.9964E-05 9.9964E-05 0.395553 0.120087 0.0456353 9.9964E-05
0.465764 0.0691258 0.0240328 0.0361775 9.9982E-05 0.237268 0.0255136 0.141918 9.9982E-05
0.00817884 9.9982E-05 0.0248265 0.0302541 0.125622 0.0685876 0.0121484 0.730183 9.9982E-05
0.402933 9.9973E-05 9.9973E-05 0.033902 0.0674262 0.461886 0.030704 9.9973E-05 0.00284968
0.359619 0.0468479 9.9973E-05 0.129421 9.9973E-05 0.142016 0.0162881 0.305508 9.9973E-05
0.395312 9.9982E-05 9.9982E-05 0.115032 0.0868449 0.1499 0.0849728 0.165098 0.00263992
0.339567 0.0242293 9.9955E-05 9.9955E-05 9.9955E-05 9.9955E-05 9.9955E-05 0.588167 0.0475368
0.617885 0.000392293 0.00428661 0.00708773 0.0145976 0.0805433 0.0547095 0.220399 9.9991E-05
0.531635 0.0376737 0.0126959 0.0272785 9.9991E-05 0.0126694 0.1445 0.160952 0.0724957
9.9955E-05 0.0510627 9.9955E-05 9.9955E-05 9.9955E-05 9.9955E-05 0.0314019 0.572184 0.344852
0.111507 0.264583 0.0303514 9.9982E-05 0.171637 0.034521 9.9982E-05 0.2618 0.125401
9.9964E-05 9.9964E-05 0.0372881 9.9964E-05 0.34746 0.170017 9.9964E-05 0.141244 0.303591
0.483823 9.9955E-05 9.9955E-05 9.9955E-05 0.355601 9.9955E-05 0.131695 0.0283809 9.9955E-05
0.456506 0.0924466 9.9991E-05 0.0825417 0.129715 0.172789 0.02054 0.0264997 0.0188606
0.441043 0.0673515 9.9991E-05 0.143917 0.126161 0.0613863 0.056576 0.0663137 0.0371512
0.158662 0.169459 0.0685409 9.9982E-05 0.174358 9.9982E-05 0.113324 0.261221 0.0542345
0.532249 0.00968674 0.130465 9.9982E-05 0.162987 0.0834549 9.9982E-05 0.0650542 0.0159028
0.471474 0.0504311 9.9973E-05 0.0764543 0.203912 0.158525 0.0389036 9.9973E-05 9.9973E-05
0.204362 0.0906865 0.0041315 9.9991E-05 0.242173 0.183915 0.0887498 0.166309 0.019574
9.9964E-05 9.9964E-05 0.11865 9.9964E-05 0.451948 9.9964E-05 0.201884 0.0730337 0.154084
0.382752 0.0523875 0.0342054 0.0387355 0.154545 0.129807 0.0377281 0.129894 0.0399456
0.436254 0.0130452 0.0899192 9.9982E-05 0.238814 9.9982E-05 0.0460424 0.0285781 0.147148
9.9973E-05 0.159615 0.0884254 9.9973E-05 0.517326 9.9973E-05 0.029677 0.100812 0.103845
0.411354 0.0465889 0.0561265 9.9973E-05 0.365873 9.9973E-05 9.9973E-05 0.063305 0.0564524
0.597664 0.0183087 0.0111304 0.074789 0.031534 0.0897912 0.0378451 0.0328222 0.106115
0.479083 0.0685208 0.0185734 0.0460849 0.215465 0.00845694 0.034027 0.0858151 0.0439737
0.191774 0.0896098 0.0306582 0.0454641 0.341472 0.0402537 0.0149281 0.134555 0.111285
0.245732 9.9982E-05 0.0286797 0.0888305 0.336761 0.0620302 9.9982E-05 0.167528 0.0702383
0.543631 0.139924 0.0400872 0.0500534 0.0962877 9.9991E-05 0.0356179 0.0908157 0.00348283
0.086548 0.193367 0.030975 9.9982E-05 0.359731 0.0847905 9.9982E-05 0.127186 0.117202
0.503159 0.00573005 9.9955E-05 9.9955E-05 0.00398584 9.9955E-05 9.9955E-05 0.486625 9.9955E-05
0.0956688 0.0823199 9.9964E-05 9.9964E-05 0.145151 9.9964E-05 0.00457885 0.671881 9.9964E-05
0.463863 0.0698063 9.9991E-05 0.0788549 0.0574005 0.00580781 0.0741428 0.212668 0.037357
9.9946E-05 9.9946E-05 9.9946E-05 9.9946E-05 9.9946E-05 0.0557606 9.9946E-05 0.80296 0.14068
9.9946E-05 9.9946E-05 0.0232221 9.9946E-05 9.9946E-05 9.9946E-05 9.9946E-05 0.809516 0.166662
0.241248 0.0214515 9.9964E-05 0.0119914 9.9964E-05 9.9964E-05 9.9964E-05 0.719868 0.00504165
0.362167 9.9964E-05 0.0508527 9.9964E-05 0.081368 0.0185175 9.9964E-05 0.486695 9.9964E-05
0.429041 0.0759304 0.00329082 0.0300866 0.0842686 9.9991E-05 0.14635 0.223315 0.00761645
0.346378 0.0596134 9.9982E-05 0.0557752 0.0986494 0.0291444 0.0139179 0.396322 9.9982E-05
0.0184024 0.0535088 0.0216433 0.0796728 0.129009 9.9982E-05 0.00698107 0.690583 9.9982E-05
0.226037 0.0575973 0.143305 9.9973E-05 0.0163415 9.9973E-05 0.0169539 0.539466 9.9973E-05
0.404511 0.0522419 9.9982E-05 0.0716456 0.0803718 9.9982E-05 0.0324512 0.325441 0.0331369
0.119493 9.9964E-05 9.9964E-05 0.0822241 0.158221 0.00450561 9.9964E-05 0.635156 9.9964E-05
0.262374 0.0306552 9.9982E-05 0.0703482 9.9982E-05 0.0277232 0.0137544 0.575008 0.0199366
0.418654 9.9955E-05 0.00881165 9.9955E-05 9.9955E-05 9.9955E-05 9.9955E-05 0.551062 0.0209732
9.9964E-05 9.9964E-05 0.0167575 0.0210491 9.9964E-05 0.0293229 9.9964E-05 0.616478 0.315993
0.649866 0.0134949 0.0191247 0.0301989 9.9964E-05 9.9964E-05 9.9964E-05 0.286916 9.9964E-05
0.0680776 9.9964E-05 0.0593457 0.0482297 0.0925057 9.9964E-05 0.731441 9.9964E-05 9.9964E-05
0.0809252 9.9946E-05 9.9946E-05 9.9946E-05 9.9946E-05 9.9946E-05 0.913265 0.00520971 9.9946E-05
0.10937 9.9946E-05 9.9946E-05 0.0713158 9.9946E-05 9.9946E-05 0.818714 9.9946E-05 9.9946E-05
9.9955E-05 9.9955E-05 9.9955E-05 0.0340005 9.9955E-05 9.9955E-05 0.883746 0.0130775 0.068676
0.0498185 0.00336189 9.9964E-05 0.0445496 9.9964E-05 9.9964E-05 0.852027 0.0498432 9.9964E-05
0.0595392 9.9964E-05 0.0523805 0.00333153 9.9964E-05 9.9964E-05 0.859693 9.9964E-05 0.024656
0.0717776 9.99461E-05 9.99461E-05 9.99461E-05 9.99461E-05 9.99461E-05 0.926693 9.99461E-05 0.000929525
0.372329 9.9982E-05 0.056571 0.083191 0.0411743 0.12231 0.0803263 0.243899 9.9982E-05
0.43781 0.0736462 0.0620654 0.0877606 0.00409812 0.0880854 0.0789016 0.167533 9.9991E-05
9.9964E-05 0.0560383 9.9964E-05 9.9964E-05 0.0233371 9.9964E-05 0.0312583 0.810211 0.0787555
0.482629 9.9973E-05 9.9973E-05 0.04767 0.041314 0.188878 0.0888082 0.150401 9.9973E-05
0.315919 9.9982E-05 0.00728494 0.0203071 0.0741312 0.130554 0.0262522 0.425352 9.9982E-05
0.520593 9.9973E-05 9.9973E-05 0.0515937 0.0293655 0.0779398 0.0128009 0.307407 9.9973E-05
0.567655 0.0063215 0.00193222 9.9982E-05 9.9982E-05 0.00332372 0.0433736 0.255338 0.121856
0.386957 9.9964E-05 9.9964E-05 0.115758 9.9964E-05 0.113347 9.9964E-05 0.379526 0.00401062
9.9973E-05 0.00943156 0.0790588 9.9973E-05 0.170194 9.9973E-05 0.0675738 0.658674 0.0147682
0.425524 0.0155992 9.9982E-05 0.0900806 0.0985042 9.9982E-05 0.094295 0.201072 0.0747246
0.592927 0.0665129 0.0174289 0.0314669 9.9982E-05 0.0354619 0.0608762 0.195126 9.9982E-05
0.455439 0.0835068 9.9982E-05 0.0937475 0.0368568 0.167593 0.0238128 0.138844 9.9982E-05
0.269458 9.9982E-05 9.9982E-05 0.00925152 0.0433643 0.0924615 0.0103816 0.491523 0.0833609
0.454049 9.9973E-05 0.0123843 0.0364368 9.9973E-05 9.9973E-05 0.0446517 0.441637 0.0105405
0.32208 9.9964E-05 0.0532699 9.9964E-05 0.107632 0.0909335 9.9964E-05 0.425685 9.9964E-05
0.19081 9.9973E-05 0.0230583 0.105751 0.0357716 0.013489 9.9973E-05 0.63082 9.9973E-05
0.396636 0.081677 9.9964E-05 9.9964E-05 9.9964E-05 0.0532843 0.0629078 0.405095 9.9964E-05
0.605275 0.0863589 0.00279642 0.0175888 9.9982E-05 0.121408 0.084527 0.081846 9.9982E-05
0.259756 0.110804 0.0148354 9.9982E-05 0.238177 9.9982E-05 0.0551233 0.0807826 0.240322
0.392123 0.0789998 0.120985 0.0382083 0.166196 0.0796356 0.123652 9.9982E-05 9.9982E-05
0.529748 0.13406 0.030414 0.00445445 0.104775 0.0864459 0.0433851 0.0465183 0.0201996
0.568407 0.0475865 0.0192974 9.9973E-05 9.9973E-05 0.0815506 0.0665874 0.216271 9.9973E-05
0.496751 0.218219 9.9964E-05 9.9964E-05 0.148891 9.9964E-05 0.0246323 9.9964E-05 0.111107
0.527989 0.165467 0.0157293 0.0232775 0.0659017 0.0210325 0.0308253 0.0558643 0.0939128
0.485835 0.191326 0.063525 9.9982E-05 0.156834 9.9982E-05 0.0411123 0.0533272 0.00784034
0.50835 0.137924 9.9973E-05 9.9973E-05 9.9973E-05 0.0186408 0.0990249 0.10837 0.12739
0.52803 0.0603956 0.107273 0.117615 0.0337628 0.055943 9.9991E-05 0.0414998 0.0553803
0.468173 0.0551278 9.9973E-05 9.9973E-05 0.213473 0.0137753 0.121902 0.127249 9.9973E-05
0.540531 0.231456 0.000146036 9.9964E-05 0.0890433 9.9964E-05 9.9964E-05 0.138424 9.9964E-05
0.652768 0.0831498 0.0660245 0.0292247 0.0109966 0.00236453 0.0387559 0.0153826 0.101333
0.611032 0.159682 0.0394664 0.0728101 0.0260658 9.9982E-05 0.0823036 9.9982E-05 0.0084401
0.573553 0.178894 9.9964E-05 0.0159888 0.120588 9.9964E-05 9.9964E-05 0.110576 9.9964E-05
0.517489 0.0688074 9.9982E-05 0.13807 9.9982E-05 0.0748097 0.0696573 0.0246322 0.106334
0.59081 0.0898457 0.0975655 0.0807732 0.066677 0.00506922 0.0275034 9.9991E-05 0.0416559
0.350228 0.10382 0.0243762 9.9991E-05 0.157202 0.0163783 0.11782 0.0806003 0.149475
0.532704 0.156069 0.0135069 0.0803825 0.146423 9.9973E-05 9.9973E-05 0.070615 9.9973E-05
0.782815 0.124346 9.9955E-05 9.9955E-05 9.9955E-05 9.9955E-05 0.00887164 9.9955E-05 0.0834681
0.205105 0.331635 9.9991E-05 0.0475931 0.136788 0.045411 0.0341952 0.145453 0.0537196
0.100201 0.179134 0.0269116 0.0488326 0.172038 0.0807777 9.9991E-05 0.109263 0.282741
0.396939 0.0868714 0.0825454 0.0974279 0.163488 0.100668 9.9991E-05 0.0649651 0.0069949
0.139062 0.198114 0.0951742 0.00381302 0.0772587 9.9982E-05 9.9982E-05 0.142632 0.343746
0.171295 0.243692 9.9982E-05 0.00355223 0.362351 9.9982E-05 0.0127489 0.127974 0.0781873
0.406789 0.255176 9.9982E-05 9.9982E-05 0.160934 0.00777522 0.0178677 0.128952 0.0223067
0.289935 0.209206 0.0426959 9.9982E-05 0.201319 0.0115652 0.0296734 0.215406 9.9982E-05
0.226179 0.34468 0.00483585 9.9982E-05 0.198805 0.0618814 0.022513 0.140906 9.9982E-05
0.568649 0.110771 9.9982E-05 0.0150572 0.133922 9.9982E-05 0.0931108 0.0639433 0.0143474
0.649495 0.0824338 0.0296798 9.9973E-05 0.0543639 9.9973E-05 0.143099 0.0406284 9.9973E-05
0.552905 0.145909 9.9991E-05 0.0132884 0.0921685 0.0213024 0.0419235 0.0672021 0.0652016
0.180008 0.273182 9.9982E-05 0.0509674 0.106091 0.0207714 9.9982E-05 0.107001 0.26178
0.471593 9.9973E-05 9.9973E-05 0.0307675 0.163878 0.0579838 0.119355 0.156123 9.9973E-05
0.323509 9.9982E-05 0.0470124 0.107589 0.200116 0.189967 9.9982E-05 0.066947 0.0646596
0.0186453 0.0866795 0.0687831 9.9982E-05 9.9982E-05 0.18225 0.110572 0.0559572 0.476913
0.57167 0.00154812 9.9991E-05 0.0738209 0.0406252 0.0876529 0.0574101 0.0530279 0.114144
0.366708 9.9973E-05 0.0647096 9.9973E-05 9.9973E-05 0.0174119 0.151751 0.173159 0.225961
0.553324 9.9982E-05 0.00371127 0.0233204 0.0783724 0.132274 0.0816756 9.9982E-05 0.127122
0.103159 0.0637148 0.120054 0.0312029 0.0298484 0.273253 0.0942978 0.1366 0.147869
0.0463446 9.9982E-05 0.0398253 9.9982E-05 0.203186 0.303872 0.0738957 0.0561326 0.276543
0.458921 0.0317384 0.0808121 0.00147211 0.0210316 0.101232 0.0262949 0.0464402 0.232057
0.40399 9.9991E-05 0.0541252 0.0464372 0.125792 0.143801 0.0991996 0.0160659 0.110489
0.362282 0.0792408 0.0307704 0.0319459 0.194923 0.0561964 0.0757603 0.104892 0.0639895
9.9982E-05 9.9982E-05 0.00290886 0.104869 0.22215 0.170772 0.0580243 0.141221 0.299856
0.492931 0.0274905 0.00617018 0.0168536 0.128715 0.108043 0.12722 0.0275916 0.0649847
0.217047 9.9973E-05 0.0310995 9.9973E-05 0.152821 0.298303 9.9973E-05 0.157795 0.142635
0.382182 9.9973E-05 0.013193 9.9973E-05 0.172271 0.0840374 9.9973E-05 0.183278 0.164738
0.443073 0.0277652 9.9991E-05 0.0997329 0.0836817 0.0574139 0.0826532 0.131535 0.0740455
0.0263147 9.9982E-05 9.9982E-05 0.275806 0.0464498 0.227303 0.264469 0.0473751 0.112082
9.9955E-05 9.9955E-05 9.9955E-05 0.134309 9.9955E-05 0.0404725 0.544308 9.9955E-05 0.280411
9.9955E-05 9.9955E-05 9.9955E-05 0.172449 9.9955E-05 0.00862919 0.461413 9.9955E-05 0.357009
0.0701958 0.00567282 9.9982E-05 0.325035 0.0200034 0.0788244 0.363232 9.9982E-05 0.136836
0.438518 9.9964E-05 9.9964E-05 0.0286451 9.9964E-05 0.390032 9.9964E-05 0.110846 0.0315588
0.359012 0.0143242 0.0271424 0.179514 0.06176 0.197478 0.0493974 0.10374 0.00763204
0.256497 0.0340563 9.9955E-05 0.677835 9.9955E-05 9.9955E-05 9.9955E-05 0.0311119 9.9955E-05
0.259153 0.00696452 0.0280612 0.496937 9.9973E-05 9.9973E-05 0.0314204 0.177164 9.9973E-05
0.197706 0.0207872 0.0457801 0.493078 0.0343398 9.9982E-05 0.0661644 0.141945 9.9982E-05
0.218077 9.9964E-05 9.9964E-05 0.0111128 9.9964E-05 0.40858 9.9964E-05 0.0230632 0.338767
0.472847 0.146926 9.9982E-05 0.0471054 0.037704 0.142893 9.9982E-05 0.00252239 0.149803
0.0587048 9.9973E-05 9.9973E-05 0.0338866 0.0044585 0.512237 9.9973E-05 0.0448726 0.34554
0.49115 9.9982E-05 0.0772422 0.0825938 0.0535753 0.120247 9.9982E-05 0.105438 0.0695534
0.390742 9.9982E-05 9.9982E-05 0.0229035 0.131069 0.190356 0.00673501 0.0578566 0.200137
0.445928 9.9973E-05 0.0190909 0.0718651 0.109878 0.228437 9.9973E-05 9.9973E-05 0.124502
0.151868 9.9964E-05 9.9964E-05 9.9964E-05 0.200454 0.252114 9.9964E-05 0.0324689 0.362696
0.471751 9.9964E-05 0.0465368 0.145727 0.124975 9.9964E-05 9.9964E-05 0.210609 9.9964E-05
0.294677 9.9982E-05 0.0999685 0.114958 9.9982E-05 0.210025 0.0361808 0.13731 0.106681
9.9937E-05 9.9937E-05 0.000545925 0.998755 9.9937E-05 9.9937E-05 9.9937E-05 9.9937E-05 9.9937E-05
0.0231588 0.0397952 9.9964E-05 0.883664 9.9964E-05 0.0444465 9.9964E-05 0.00853567 9.9964E-05
0.147015 0.0239228 9.9973E-05 0.664386 0.0323106 0.0969701 9.9973E-05 0.0350959 9.9973E-05
0.288098 0.0130747 9.9955E-05 0.674774 9.9955E-05 9.9955E-05 9.9955E-05 0.0235535 9.9955E-05
0.0382056 0.0228593 9.9964E-05 0.825894 9.9964E-05 0.0935248 9.9964E-05 0.0191163 9.9964E-05
9.993E-05 9.993E-05 9.993E-05 0.999201 9.993E-05 9.993E-05 9.993E-05 9.993E-05 9.993E-05
9.9937E-05 0.0645467 9.9937E-05 0.934754 9.9937E-05 9.9937E-05 9.9937E-05 9.9937E-05 9.9937E-05
0.109413 9.9946E-05 9.9946E-05 0.8612 9.9946E-05 9.9946E-05 9.9946E-05 0.0287877 9.9946E-05
9.9946E-05 9.9946E-05 9.9946E-05 0.969729 0.0235898 9.9946E-05 9.9946E-05 0.00608177 9.9946E-05
9.993E-05 9.993E-05 9.993E-05 0.999201 9.993E-05 9.993E-05 9.993E-05 9.993E-05 9.993E-05
9.993E-05 9.993E-05 9.993E-05 0.999201 9.993E-05 9.993E-05 9.993E-05 9.993E-05 9.993E-05
0.150866 9.9973E-05 9.9973E-05 0.741085 0.0567919 0.00337137 0.0426778 0.00490862 9.9973E-05
0.0096139 0.0377131 0.01585 0.824913 0.0100018 0.0358171 0.0205373 0.0454534 9.9991E-05
9.9946E-05 0.0158736 9.9946E-05 0.964599 9.9946E-05 9.9946E-05 9.9946E-05 0.0189273 9.9946E-05
0.274743 0.119562 9.9973E-05 0.411237 0.13567 9.9973E-05 0.0506862 0.00780197 9.9973E-05
0.116061 0.0912154 9.9964E-05 0.690972 0.0191527 9.9964E-05 9.9964E-05 0.0821988 9.9964E-05
0.198022 9.9964E-05 9.9964E-05 0.72858 0.0468632 9.9964E-05 0.0256803 0.000455047 9.9964E-05
0.0500905 9.9964E-05 0.0260007 0.895379 9.9964E-05 0.0152417 0.0128884 9.9964E-05 9.9964E-05
9.993E-05 9.993E-05 9.993E-05 0.999201 9.993E-05 9.993E-05 9.993E-05 9.993E-05 9.993E-05
0.0597407 9.9955E-05 9.9955E-05 0.845617 9.9955E-05 9.9955E-05 0.0704587 9.9955E-05 0.0236843
9.993E-05 9.993E-05 9.993E-05 0.999201 9.993E-05 9.993E-05 9.993E-05 9.993E-05 9.993E-05
0.156438 0.0342352 0.00929259 0.633028 9.9982E-05 0.0978587 0.0185466 9.9982E-05 0.0504001
9.9955E-05 0.0164484 9.9955E-05 0.920559 0.0600575 9.9955E-05 9.9955E-05 0.00243508 9.9955E-05
9.9946E-05 9.9946E-05 9.9946E-05 9.9946E-05 9.9946E-05 0.409874 0.313688 9.9946E-05 0.275839
0.171112 0.0551835 0.0672315 0.051786 0.125127 0.369255 0.13314 0.0270647 9.9991E-05
0.269677 9.9991E-05 0.0533243 0.0984487 0.00918637 0.310331 0.164257 0.0384945 0.0561817
0.0287386 9.9982E-05 0.0157469 0.0874071 0.0179342 0.496269 0.21485 9.9982E-05 0.138854
0.265995 9.9982E-05 9.9982E-05 0.218661 0.0200323 0.33681 0.0383077 0.000571317 0.119424
0.0251616 9.9973E-05 9.9973E-05 0.158462 9.9973E-05 0.281692 0.232252 0.11263 0.189502
0.355672 9.9991E-05 0.0504724 0.0967125 0.0700129 0.163137 0.106139 0.0422739 0.115481
0.0896995 9.9982E-05 0.0138452 0.229733 9.9982E-05 0.476351 0.0671622 0.0423539 0.0806549
0.299351 9.9982E-05 9.9982E-05 0.206294 0.151934 0.120669 0.130673 0.0239869 0.0668926
0.236921 9.9973E-05 9.9973E-05 0.156913 0.0210134 0.436956 0.101132 9.9973E-05 0.0467651
0.299106 9.9973E-05 9.9973E-05 0.125814 0.148881 0.166019 0.184821 0.0750587 9.9973E-05
0.0129967 0.0777317 0.0392295 9.9964E-05 9.9964E-05 0.0774287 0.792214 9.9964E-05 9.9964E-05
9.9946E-05 0.035808 9.9946E-05 0.0614612 9.9946E-05 9.9946E-05 0.902131 9.9946E-05 9.9946E-05
0.0168325 0.0691961 9.9946E-05 9.9946E-05 9.9946E-05 9.9946E-05 0.913372 9.9946E-05 9.9946E-05
0.041549 0.0711818 0.000104298 9.9955E-05 9.9955E-05 9.9955E-05 0.886665 9.9955E-05 9.9955E-05
0.0525638 0.0898983 9.9946E-05 9.9946E-05 9.9946E-05 9.9946E-05 0.856938 9.9946E-05 9.9946E-05
9.9946E-05 9.9946E-05 9.9946E-05 0.0729001 9.9946E-05 9.9946E-05 0.849354 9.9946E-05 0.0771464
0.0133785 0.000414258 0.0536705 0.106554 9.9964E-05 9.9964E-05 0.825583 9.9964E-05 9.9964E-05
0.0368498 0.00987799 9.9955E-05 9.9955E-05 9.9955E-05 9.9955E-05 0.855607 9.9955E-05 0.0971653
0.0275289 9.9955E-05 9.9955E-05 0.0138001 9.9955E-05 9.9955E-05 0.908214 0.0499577 9.9955E-05
9.9964E-05 9.9964E-05 0.00629596 0.0920694 9.9964E-05 0.0438565 0.836037 9.9964E-05 0.021341
9.9973E-05 0.0110369 0.145787 9.9973E-05 0.167626 9.9973E-05 0.569641 0.0497209 0.0558884
9.9955E-05 9.9955E-05 0.22063 9.9955E-05 0.186332 9.9955E-05 0.551268 0.0412696 9.9955E-05
9.9964E-05 0.0921242 0.0473135 9.9964E-05 0.233464 9.9964E-05 0.484901 9.9964E-05 0.141797
9.9973E-05 0.100872 0.104355 9.9973E-05 0.203652 9.9973E-05 0.477686 0.0728994 0.040235
0.31137 0.092211 9.9982E-05 0.0407423 0.157189 0.0403739 0.0163258 0.341589 9.9982E-05
0.456662 9.9973E-05 0.0782484 0.0201417 0.110465 9.9973E-05 9.9973E-05 0.278572 0.0556113
0.38237 0.13658 9.9973E-05 0.0635513 0.0357157 0.15716 9.9973E-05 0.224322 9.9973E-05
0.39407 0.174765 9.9982E-05 9.9982E-05 0.082886 0.0385223 0.0123217 0.213744 0.0834913
0.0572659 0.446061 9.9973E-05 0.00624777 0.225564 0.0875896 9.9973E-05 0.176971 9.9973E-05
0.573885 9.99803E-05 0.0604516 0.0808478 9.99803E-05 0.12626 9.99803E-05 0.125967 0.0322889
0.636083 0.0856029 9.9946E-05 9.9946E-05 9.9946E-05 9.9946E-05 9.9946E-05 0.277714 9.9946E-05
0.468345 0.0232102 0.0485531 9.9982E-05 0.0118422 0.0690627 9.9982E-05 0.344141 0.0346453
0.272306 9.9973E-05 0.0143949 0.0732006 9.9973E-05 0.0304368 9.9973E-05 0.533594 0.0757682
0.578004 0.185513 0.00229269 0.0468024 9.9982E-05 0.076337 0.00617372 0.104678 9.9982E-05
0.403599 0.0655755 0.0882235 9.9991E-05 0.00908442 0.097415 0.012106 0.279426 0.0444705
9.9946E-05 0.0836809 9.9946E-05 9.9946E-05 9.9946E-05 9.9946E-05 9.9946E-05 0.667478 0.248241
0.510887 0.0870132 0.0210794 9.9991E-05 0.161378 0.0073806 0.0766657 0.0685892 0.0669069
0.20127 9.9964E-05 0.0523197 9.9964E-05 9.9964E-05 0.128139 9.9964E-05 0.422208 0.195663
0.450137 0.0410365 0.0135449 0.0188952 9.9982E-05 9.9982E-05 0.0344226 0.432473 0.0092914
0.0385692 0.102843 0.0362664 9.9982E-05 0.103398 9.9982E-05 0.0414636 0.668312 0.0089475
9.9973E-05 0.021674 0.85048 0.00529197 9.9973E-05 0.0416022 0.0698116 9.9973E-05 0.0108407
9.993E-05 9.993E-05 0.999201 9.993E-05 9.993E-05 9.993E-05 9.993E-05 9.993E-05 9.993E-05
9.993E-05 9.993E-05 0.999201 9.993E-05 9.993E-05 9.993E-05 9.993E-05 9.993E-05 9.993E-05
9.9955E-05 0.00586519 0.934854 9.9955E-05 9.9955E-05 9.9955E-05 0.0319673 0.0268142 9.9955E-05
9.9955E-05 0.0377817 0.922331 0.00971582 0.0296714 9.9955E-05 9.9955E-05 9.9955E-05 9.9955E-05
0.0396982 9.9946E-05 0.933075 0.0266275 9.9946E-05 9.9946E-05 9.9946E-05 9.9946E-05 9.9946E-05
0.160937 0.00124901 9.9946E-05 9.9946E-05 9.9946E-05 9.9946E-05 0.837215 9.9946E-05 9.9946E-05
0.0471115 0.061697 9.9964E-05 0.0243031 9.9964E-05 0.066417 0.800072 9.9964E-05 9.9964E-05
0.0721709 9.9955E-05 9.9955E-05 0.120218 9.9955E-05 0.0853671 0.721745 9.9955E-05 9.9955E-05
0.00937693 0.0388676 9.9964E-05 0.104473 0.127603 9.9964E-05 0.719279 9.9964E-05 9.9964E-05
0.0304533 0.0854427 9.9964E-05 0.112002 9.9964E-05 0.0282125 0.74349 9.9964E-05 9.9964E-05
9.9973E-05 0.412214 0.136738 9.9973E-05 0.0263275 0.0399969 0.328538 0.055885 9.9973E-05
9.9973E-05 0.186263 0.223271 9.9973E-05 9.9973E-05 0.0290411 0.413793 0.0795033 0.0678279
9.9973E-05 0.235343 0.228336 0.0015738 9.9973E-05 9.9973E-05 0.376192 0.118114 0.0401417
0.0748161 9.9955E-05 9.9955E-05 0.0587424 0.0790755 9.9955E-05 0.786866 9.9955E-05 9.9955E-05
9.9964E-05 0.236712 0.278833 9.9964E-05 9.9964E-05 9.9964E-05 0.360976 0.0999454 0.0231339
0.198344 0.0240703 9.9973E-05 0.384595 9.9973E-05 0.108557 0.168798 9.9973E-05 0.115336
0.392739 9.9982E-05 0.0533127 0.322991 0.0223394 0.0261739 0.100543 0.0817015 9.9982E-05
0.500089 9.9955E-05 9.9955E-05 0.343882 0.0518876 9.9955E-05 0.103642 9.9955E-05 9.9955E-05
0.27405 9.9973E-05 0.167493 0.304196 9.9973E-05 0.0690684 0.161483 9.9973E-05 0.0234096
0.491063 0.0971189 9.9982E-05 0.191028 0.0153302 0.0793618 0.125203 0.000695704 9.9982E-05
9.9964E-05 9.9964E-05 0.00435604 0.334231 9.9964E-05 0.0248772 0.434983 9.9964E-05 0.201153
0.385654 0.0591954 0.110567 9.9991E-05 0.176406 0.067626 0.00448714 0.18649 0.00947453
0.433477 0.138356 0.0299857 9.9973E-05 9.9973E-05 9.9973E-05 0.0256838 0.104206 0.26799
0.154903 0.225448 9.9964E-05 9.9964E-05 0.517054 9.9964E-05 0.0963916 0.00580401 9.9964E-05
0.463902 0.0150088 0.0766984 9.9982E-05 0.121819 0.0381173 9.9982E-05 0.0949448 0.18931
9.9964E-05 0.0247994 0.114327 9.9964E-05 0.00234033 9.9964E-05 9.9964E-05 0.214205 0.643929
0.381994 0.0395368 0.027306 0.102913 0.18267 0.128523 0.0417995 0.0951579 9.9991E-05
0.387456 0.040935 9.9982E-05 9.9982E-05 0.265007 0.0838419 0.0622533 0.145793 0.0145137
0.30017 0.199821 9.9973E-05 9.9973E-05 0.443484 0.00547827 0.0206604 9.9973E-05 0.0300864
0.424527 0.129838 9.9991E-05 0.115487 0.075666 0.0606932 0.0527778 0.0991966 0.041714
0.0479757 0.0748171 0.00638906 9.9973E-05 0.345992 9.9973E-05 9.9973E-05 0.183791 0.340735
0.463107 9.9973E-05 0.101605 0.0338922 0.151848 0.045197 9.9973E-05 9.9973E-05 0.204051
0.474015 0.27365 0.0424159 0.0532939 0.0739799 0.00597472 9.9982E-05 0.0764711 9.9982E-05
0.37324 0.0808116 0.00272714 0.139779 0.0665899 0.0760512 0.0945928 0.15293 0.0132796
0.353202 0.0284089 0.0378213 9.9973E-05 0.305864 9.9973E-05 9.9973E-05 0.0579102 0.216494
0.467753 0.028122 0.0902843 9.9973E-05 0.266686 9.9973E-05 0.0165121 9.9973E-05 0.130343
0.36864 9.9982E-05 0.0154471 0.0738224 0.151773 0.117989 9.9982E-05 0.145498 0.126631
0.547261 0.10024 0.0301856 9.9973E-05 0.13509 9.9973E-05 9.9973E-05 0.143804 0.0431196
0.513918 0.0662616 9.9982E-05 0.112812 0.118632 0.0497363 9.9982E-05 0.101483 0.0369577
0.488247 9.9982E-05 0.0944609 0.0171605 0.136463 0.0969202 0.0520653 0.114483 9.9982E-05
0.344136 0.0319696 0.00668023 0.0842944 0.112934 0.175377 0.0752111 0.153228 0.0161701
0.118991 9.9946E-05 9.9946E-05 0.11384 9.9946E-05 9.9946E-05 0.76657 9.9946E-05 9.9946E-05
0.0744689 9.9955E-05 9.9955E-05 0.043341 9.9955E-05 9.9955E-05 0.844015 0.0376751 9.9955E-05
0.0317161 0.0752134 0.00600993 9.9982E-05 9.9982E-05 0.0411182 0.754468 0.0282652 0.0630095
0.0369371 0.0295232 0.0600303 0.0514833 9.9973E-05 9.9973E-05 0.780888 0.0408379 9.9973E-05
0.161719 9.9964E-05 0.025651 0.0187923 9.9964E-05 0.0114538 0.781984 9.9964E-05 9.9964E-05
0.079316 0.203231 0.108263 0.029161 0.451588 9.9982E-05 9.9982E-05 0.0620612 0.06618
0.47819 0.0667907 9.9991E-05 0.0117818 0.181339 0.0769101 0.0388977 0.0473902 0.0986009
0.5376 0.00401181 0.0790682 0.142406 9.9982E-05 0.0350278 0.170744 9.9982E-05 0.0309415
0.609895 0.086223 0.0209387 0.0463827 0.146912 0.0121903 0.0411419 0.032582 0.00373443
0.520426 0.107744 0.037436 0.0050178 0.123938 9.9982E-05 0.032051 0.173188 9.9982E-05
0.366121 0.230514 9.9964E-05 0.0219348 0.104996 9.9964E-05 9.9964E-05 9.9964E-05 0.276035
9.9973E-05 0.335348 0.0249023 9.9973E-05 0.16694 9.9973E-05 0.144998 0.155932 0.171579
0.519263 0.136611 0.092344 0.00357353 0.080078 0.0169636 0.0521178 0.0969829 0.00206627
0.123419 0.281514 0.0803905 9.9991E-05 0.261969 0.0248498 0.0788681 0.0577413 0.0911485
0.352561 0.0985138 0.0876794 0.0826189 0.0781698 0.0758539 0.0460447 0.0264571 0.152102
0.118317 0.28465 0.0497141 9.9982E-05 0.214616 9.9982E-05 0.133907 0.0199573 0.178639
0.560291 0.12588 9.9982E-05 0.0702973 0.0642473 0.0629361 0.11555 9.9982E-05 0.000597807
0.113192 0.329978 9.9973E-05 9.9973E-05 0.329059 9.9973E-05 0.0717423 0.0839246 0.0718038
0.250407 0.165914 0.0668253 0.0643268 0.178138 0.0821559 0.00574587 0.0130264 0.173461
0.365207 0.0867378 9.9991E-05 0.0698117 0.00116527 0.115638 0.0900614 0.163915 0.107364
0.255006 0.0288458 0.0498167 9.9982E-05 0.0108118 0.386327 9.9982E-05 0.0218213 0.247171
0.349841 0.0677111 0.05731 0.0617893 0.152702 0.274644 9.9991E-05 0.0219133 0.0139897
0.552826 0.0240483 0.017848 9.9982E-05 9.9982E-05 0.0747611 0.128701 0.152328 0.0492882
0.207482 0.0443194 0.0395686 9.9964E-05 9.9964E-05 0.504447 9.9964E-05 9.9964E-05 0.203784
0.4102 0.0877276 0.00785024 0.0891509 0.00412819 0.210523 0.0158099 0.135506 0.0391029
0.43512 9.9982E-05 0.0922898 0.0158597 9.9982E-05 0.244054 0.0619289 0.0713159 0.0792326
0.0105545 0.0423735 0.0515605 9.9982E-05 0.057846 0.385545 9.9982E-05 0.0908693 0.361051
0.119289 9.9955E-05 0.0263078 9.9955E-05 9.9955E-05 0.465245 9.9955E-05 9.9955E-05 0.388658
0.39138 9.9964E-05 9.9964E-05 0.0161737 9.9964E-05 0.405737 0.0235893 9.9964E-05 0.16272
9.99549E-05 0.0572357 9.99549E-05 9.99549E-05 9.99549E-05 0.501464 9.99549E-05 0.141378 0.299422
0.20999 0.0484982 0.0553677 9.9982E-05 0.135894 0.405936 9.9982E-05 0.134169 0.0099461
0.0970942 0.369517 0.0435931 0.0213334 0.176578 9.9991E-05 0.0408595 0.215201 0.0357235
0.272179 0.200215 0.0306405 9.9973E-05 0.13681 9.9973E-05 9.9973E-05 0.0308112 0.329044
0.266845 0.314504 0.0187265 0.10274 0.10828 9.9982E-05 9.9982E-05 0.149235 0.0394697
0.644495 0.0853331 0.119305 0.0212617 0.0817971 0.0379303 9.9982E-05 9.9982E-05 0.00967836
0.15975 0.265557 0.0259892 9.9982E-05 0.29892 0.0180062 9.9982E-05 0.226415 0.00516334
0.511005 0.122534 0.0798819 0.0881336 0.0546183 9.9982E-05 0.0722477 9.9982E-05 0.0713794
0.413029 0.159139 9.9982E-05 0.197652 0.0416376 0.132562 9.9982E-05 0.0543153 0.00146421
0.379925 0.0752372 9.9964E-05 0.107876 0.327844 9.9964E-05 9.9964E-05 0.108718 9.9964E-05
0.401312 0.170413 0.0403298 0.0866767 0.257497 0.00282725 9.9982E-05 0.040745 9.9982E-05
0.366817 0.169069 0.0735669 0.0574981 0.180492 0.00322742 0.00569714 0.143531 9.9991E-05
0.134264 0.20849 0.0434261 0.0420317 0.371456 9.9973E-05 9.9973E-05 0.200032 9.9973E-05
0.237005 0.412408 0.0125531 0.104634 0.12423 0.0269215 9.9991E-05 0.0454709 0.0366776
0.536825 0.0604847 9.9973E-05 0.00857465 0.217832 0.103517 9.9973E-05 9.9973E-05 0.0724665
0.506638 0.172154 0.00585148 0.00690046 0.105162 0.0463215 0.0192949 0.081895 0.0557832
0.416836 0.07501 0.0597133 9.9982E-05 0.183841 9.9982E-05 0.0161582 0.0962579 0.151983
0.486561 0.143413 0.060681 0.0401004 0.131897 0.010146 9.9991E-05 0.00364302 0.123459
0.289528 0.30338 9.9982E-05 0.0444499 0.251277 0.0491262 0.0516333 0.0104049 9.9982E-05
0.620939 0.157121 0.00805127 9.9964E-05 0.129339 9.9964E-05 9.9964E-05 9.9964E-05 0.0841506
0.451183 0.188378 0.0272348 0.0650571 0.0254518 0.142416 0.0158096 0.0843694 9.9991E-05
0.3941 0.168134 9.9973E-05 0.119114 9.9973E-05 9.9973E-05 0.0601502 0.141086 0.117117
0.35221 9.9964E-05 9.9964E-05 0.0870876 0.145836 0.108542 0.305925 9.9964E-05 9.9964E-05
0.384881 9.9973E-05 9.9973E-05 0.251581 9.9973E-05 0.124044 0.142349 0.014156 0.0826891
0.35526 9.9973E-05 9.9973E-05 0.127331 0.232655 0.122673 0.126517 0.0352642 9.9973E-05
0.52805 9.9982E-05 0.013971 0.107272 0.141704 0.027491 0.066671 0.114641 9.9982E-05
0.544078 9.9964E-05 9.9964E-05 0.101385 0.0581649 9.9964E-05 0.264759 0.0312139 9.9964E-05
0.400422 0.0212385 0.0439827 0.0608374 0.153354 0.0714632 9.9991E-05 0.070918 0.177684
0.498434 0.0557388 0.0141988 0.123141 0.0634809 0.0111348 0.170128 0.0636432 9.9991E-05
9.9973E-05 9.9973E-05 9.9973E-05 0.119697 0.116353 0.125565 0.266157 0.03511 0.336818
0.415391 0.0452968 9.9982E-05 0.22706 0.0880358 0.059784 0.110787 9.9982E-05 0.0534458
0.514409 9.9982E-05 9.9982E-05 0.188582 0.0517369 0.089769 0.107484 0.0408175 0.00700256
0.36299 9.9982E-05 0.0480118 0.246061 0.184865 0.0413192 0.0896042 0.0269492 9.9982E-05
0.199065 9.9982E-05 9.9982E-05 0.172417 0.199609 0.058803 0.137822 0.0211572 0.210927
0.419782 9.9964E-05 9.9964E-05 0.0592492 0.172711 0.14884 0.199018 9.9964E-05 9.9964E-05
0.648296 9.9964E-05 9.9964E-05 0.0786113 0.0255189 9.9964E-05 0.206293 9.9964E-05 0.0408813
9.9946E-05 9.9946E-05 9.9946E-05 0.192881 9.9946E-05 9.9946E-05 0.479773 9.9946E-05 0.326746
0.472756 0.0962989 0.00326479 0.173113 9.9982E-05 0.0817026 0.156227 0.0164377 9.9982E-05
0.460947 0.0322267 0.0273861 0.193815 0.0575533 0.145043 0.0828293 9.9982E-05 9.9982E-05
0.463448 9.9991E-05 0.0091315 0.186171 0.127449 0.0373568 0.0795695 0.0647353 0.0320387
0.56547 9.9964E-05 0.016078 0.143129 0.119428 9.9964E-05 0.155494 9.9964E-05 9.9964E-05
0.436117 0.0384565 9.9991E-05 0.107456 0.0756677 0.14908 0.131486 0.0521051 0.00953168
0.417378 0.0594542 9.9982E-05 0.0784151 0.0115392 9.9982E-05 0.00561614 0.121503 0.305894
0.571062 0.0758555 9.9982E-05 0.0609786 9.9982E-05 0.012071 0.082555 0.00825192 0.189026
0.133342 9.9964E-05 0.0552643 9.9964E-05 0.00427081 9.9964E-05 9.9964E-05 0.157783 0.64894
0.133652 0.0206849 9.99549E-05 9.99549E-05 9.99549E-05 9.99549E-05 9.99549E-05 0.087027 0.758136
0.517569 0.0530866 9.9982E-05 0.0532456 0.0184338 9.9982E-05 0.0418836 0.141956 0.173625
0.339825 0.0141246 9.9982E-05 0.269613 0.0523712 0.123272 0.0820364 9.9982E-05 0.118558
0.368665 9.9955E-05 9.9955E-05 0.272054 9.9955E-05 9.9955E-05 0.121485 9.9955E-05 0.237297
0.117028 9.9982E-05 9.9982E-05 0.33637 0.102287 0.00987936 0.111621 0.0431106 0.279504
0.338314 9.9964E-05 9.9964E-05 0.286329 0.0736791 9.9964E-05 0.157185 9.9964E-05 0.144094
0.254475 9.9955E-05 9.9955E-05 0.0318151 9.9955E-05 9.9955E-05 0.0207067 9.9955E-05 0.692503
0.346858 9.9955E-05 9.9955E-05 0.0251384 9.9955E-05 9.9955E-05 0.0591445 9.9955E-05 0.56836
0.590812 9.9982E-05 0.0470894 0.0872178 0.0285069 9.9982E-05 0.0149935 0.0410572 0.190123
0.589648 9.9964E-05 9.9964E-05 0.011622 0.114541 9.9964E-05 0.0487887 9.9964E-05 0.235001
0.305305 9.9973E-05 0.0404393 0.0644706 0.0307287 9.9973E-05 0.0403853 9.9973E-05 0.518371
0.534697 9.9991E-05 0.051002 0.0584349 0.084998 0.0305078 0.0370625 0.0743333 0.128864
0.632012 0.0297173 9.9964E-05 0.0721282 9.9964E-05 9.9964E-05 0.010949 9.9964E-05 0.254794
0.431183 0.0588627 9.9991E-05 0.0948914 0.121817 0.055944 0.0752812 0.0160539 0.145867
0.362813 9.9964E-05 0.0468997 9.9964E-05 0.0871812 9.9964E-05 9.9964E-05 0.117443 0.385264
0.442743 0.0120704 9.9964E-05 9.9964E-05 0.0734169 9.9964E-05 9.9964E-05 0.0879908 0.383379
0.565028 0.0645496 0.0517251 0.041071 9.9982E-05 0.103229 9.9982E-05 0.00545062 0.168746
0.376716 0.108723 0.0271843 0.0879167 0.0261157 0.0959305 0.0151188 0.0475612 0.214734
0.367019 0.014104 9.9991E-05 0.15904 0.0959849 0.113117 0.0302962 0.0767597 0.14358
0.495843 9.9973E-05 0.0243475 9.9973E-05 0.0447928 0.0128512 9.9973E-05 0.0869447 0.334921
0.358702 0.00162151 0.0704173 9.9955E-05 9.9955E-05 9.9955E-05 9.9955E-05 9.9955E-05 0.568759
0.65908 9.9964E-05 9.9964E-05 9.9964E-05 9.9964E-05 0.0322905 0.00627786 0.0532508 0.248701
0.381276 0.019423 0.0269608 9.9964E-05 9.9964E-05 9.9964E-05 9.9964E-05 0.0534227 0.518518
0.58244 9.9946E-05 0.0683303 9.9946E-05 9.9946E-05 9.9946E-05 9.9946E-05 9.9946E-05 0.34863
0.487877 0.105156 0.021478 0.0755333 0.0838532 9.9991E-05 0.0375069 0.0554778 0.133018
0.58035 0.093535 9.9955E-05 0.0362907 9.9955E-05 9.9955E-05 9.9955E-05 9.9955E-05 0.289325
0.38675 9.9991E-05 0.0520847 0.134685 0.181002 0.0671893 0.104657 0.0254946 0.0480371
0.347648 0.0527955 9.9982E-05 0.172755 9.9982E-05 0.139237 0.0870601 0.157495 0.0428101
0.248976 9.9982E-05 0.0182873 0.230194 0.106453 0.203744 0.122152 9.9982E-05 0.0699944
0.324406 0.0072016 0.0791682 0.154716 0.0434053 0.103513 0.184752 9.9991E-05 0.102738
0.415247 0.091718 0.0933901 0.186609 0.00230198 0.000367301 0.121314 0.0658043 0.0232487
0.427294 0.0314814 0.0488654 0.180206 9.9982E-05 0.0971709 0.0942633 9.9982E-05 0.120519
0.0666247 9.9964E-05 0.0231811 0.126158 9.9964E-05 9.9964E-05 0.166613 9.9964E-05 0.617023
0.595371 0.0095371 9.9982E-05 0.219481 0.0068992 0.075188 0.0533273 9.9982E-05 0.0399964
9.9946E-05 9.9946E-05 9.9946E-05 0.140295 9.9946E-05 9.9946E-05 0.354944 9.9946E-05 0.504161
0.513917 9.99665E-05 9.99665E-05 0.225584 0.038741 9.99665E-05 9.99665E-05 0.0297538 0.191604
0.210356 9.9955E-05 0.022492 9.9955E-05 9.9955E-05 9.9955E-05 9.9955E-05 0.178221 0.588431
0.018556 9.9955E-05 0.023182 9.9955E-05 9.9955E-05 9.9955E-05 9.9955E-05 0.201101 0.756661
0.511859 9.9955E-05 9.9955E-05 9.9955E-05 0.0643179 9.9955E-05 9.9955E-05 0.0903506 0.332973
0.654878 9.9955E-05 9.9955E-05 9.9955E-05 0.0660667 9.9955E-05 0.00935612 9.9955E-05 0.269199
0.451941 9.9964E-05 9.9964E-05 9.9964E-05 0.099388 0.036073 9.9964E-05 0.0044438 0.407755
0.5129 9.9955E-05 0.00174101 9.9955E-05 9.9955E-05 9.9955E-05 9.9955E-05 0.0908458 0.394014
0.641575 0.0117295 0.0140264 9.9973E-05 0.0112982 9.9973E-05 9.9973E-05 0.00838088 0.31269
0.139342 9.9964E-05 9.9964E-05 0.0101867 9.9964E-05 0.0253445 0.781173 9.9964E-05 0.0435533
9.9982E-05 0.118042 9.9982E-05 0.126586 0.0377707 0.00337301 0.668324 0.0288258 0.01688
9.9955E-05 9.9955E-05 0.0105606 0.0248493 0.0753027 9.9955E-05 0.888788 9.9955E-05 9.9955E-05
0.0786189 9.9937E-05 9.9937E-05 9.9937E-05 9.9937E-05 9.9937E-05 0.920682 9.9937E-05 9.9937E-05
0.44041 0.000994754 9.9991E-05 0.019006 0.156664 0.00768555 0.0461687 0.305388 0.0235839
0.392132 0.00817388 0.00918153 0.0892562 0.0337631 0.0312118 0.0344899 0.36502 0.0367719
0.387999 9.9955E-05 9.9955E-05 9.9955E-05 0.0629428 0.0891582 9.9955E-05 0.4594 9.9955E-05
0.490261 9.9973E-05 0.0531733 9.9973E-05 0.0228056 0.154421 0.113187 0.165852 9.9973E-05
0.359924 9.9982E-05 0.0606347 0.120382 0.0363599 0.130008 0.0464914 0.246 9.9982E-05
0.119958 0.0406981 9.9982E-05 9.9982E-05 0.0760771 0.122872 0.031462 0.596623 0.0121091
0.478161 9.9964E-05 9.9964E-05 0.0675941 0.0879772 9.9964E-05 0.00705986 0.358808 9.9964E-05
0.267729 9.9964E-05 0.0258549 9.9964E-05 9.9964E-05 0.125518 9.9964E-05 0.474487 0.106012
0.342076 9.9973E-05 9.9973E-05 0.211917 0.171472 0.0649668 0.199819 0.00945026 9.9973E-05
0.432943 9.9973E-05 0.020222 0.0129275 0.0967397 9.9973E-05 9.9973E-05 0.326911 0.109957
0.214795 0.126871 9.9964E-05 0.0232521 0.141616 9.9964E-05 9.9964E-05 0.493066 9.9964E-05
0.446254 0.0310498 0.0105495 0.0424376 0.0624532 9.9982E-05 9.9982E-05 0.388765 0.018291
0.345319 9.9973E-05 0.0277844 9.9973E-05 0.0945138 0.0620153 9.9973E-05 0.412101 0.057966
0.566082 9.9964E-05 9.9964E-05 0.0092293 9.9964E-05 0.0307552 9.9964E-05 0.377857 0.0156761
0.471781 9.9973E-05 0.0574333 0.0147887 0.070563 9.9973E-05 0.0280208 0.357113 9.9973E-05
0.0913908 9.9946E-05 9.9946E-05 9.9946E-05 9.9946E-05 9.9946E-05 9.9946E-05 0.821002 0.0870073
0.165932 9.9982E-05 0.0485658 0.0744292 0.0318051 0.0919036 9.9982E-05 0.57135 0.0158137
0.333443 0.0476646 0.0195792 9.9964E-05 9.9964E-05 9.9964E-05 9.9964E-05 0.55211 0.0468025
9.9937E-05 9.9937E-05 9.9937E-05 9.9937E-05 9.9937E-05 9.9937E-05 9.9937E-05 0.776949 0.222351
0.404982 0.0805223 0.0573976 0.0370101 9.9973E-05 9.9973E-05 0.00420211 0.415586 9.9973E-05
0.0515873 0.0305395 0.00378559 9.9973E-05 9.9973E-05 0.106449 9.9973E-05 0.571625 0.235713
9.9946E-05 9.9946E-05 9.9946E-05 9.9946E-05 9.9946E-05 9.9946E-05 0.00795074 0.677909 0.313541
0.512819 9.9973E-05 0.0175196 0.0880012 9.9973E-05 9.9973E-05 0.0250515 0.318603 0.0377062
0.0981168 0.0198808 9.9982E-05 0.00319829 0.0642625 0.0370859 0.0189556 0.7583 9.9982E-05
0.241062 9.9973E-05 0.0290919 0.079846 0.0547372 0.0370923 9.9973E-05 0.55787 9.9973E-05
0.54955 9.9982E-05 0.0724627 0.0875301 0.0808203 9.9982E-05 0.0858075 0.122486 0.00114282
0.518132 0.000908179 0.0388616 9.9973E-05 0.0131562 0.0140252 9.9973E-05 0.414617 9.9973E-05
0.383481 0.220023 9.9973E-05 0.0662285 0.0938802 0.0023071 9.9973E-05 9.9973E-05 0.23378
0.51764 0.0626425 0.0208175 0.0497121 9.9982E-05 0.00361532 0.00368247 0.34169 9.9982E-05
0.405444 0.0766889 9.9982E-05 0.0257991 0.0463063 0.0419981 0.0324219 0.371142 9.9982E-05
0.244223 9.9946E-05 9.9946E-05 9.9946E-05 9.9946E-05 0.146261 9.9946E-05 0.608916 9.9946E-05
0.466506 9.9973E-05 0.0881744 0.0298377 0.039537 9.9973E-05 0.098964 0.276681 9.9973E-05
9.9982E-05 0.234214 0.0125841 9.9982E-05 0.0490026 0.0271984 0.603108 0.0482037 0.025489
0.0808205 0.0444506 0.0221291 9.9973E-05 0.103358 9.9973E-05 0.748713 9.9973E-05 0.000228768
9.9946E-05 0.159669 9.9946E-05 9.9946E-05 9.9946E-05 9.9946E-05 0.799307 9.9946E-05 0.0404247
9.9964E-05 0.0952862 0.0468328 9.9964E-05 9.9964E-05 9.9964E-05 0.787464 0.0460341 0.0239834
9.9964E-05 0.0665822 0.0913338 9.9964E-05 0.0246194 0.147185 0.66988 9.9964E-05 9.9964E-05
0.0435134 0.0954887 9.9973E-05 0.0383892 0.0208538 9.9973E-05 0.0411699 0.760285 9.9973E-05
0.0828258 0.0508732 0.040578 9.9991E-05 0.0121652 0.0861017 0.073988 0.597142 0.0562261
0.102044 9.9946E-05 9.9946E-05 9.9946E-05 9.9946E-05 0.0967781 9.9946E-05 0.800579 9.9946E-05
