0.0156188 0.852673 0.0225849 9.9973E-05 0.0372341 9.9973E-05 9.9973E-05 0.0515833 0.0200063
0.0744638 0.905751 9.9946E-05 0.0191852 9.9946E-05 9.9946E-05 9.9946E-05 9.9946E-05 9.9946E-05
9.9964E-05 0.793917 0.0648733 9.9964E-05 9.9964E-05 9.9964E-05 0.101166 0.0161635 0.0234802
9.9955E-05 0.757395 9.9955E-05 9.9955E-05 9.9955E-05 9.9955E-05 0.0204459 0.116386 0.105274
9.9964E-05 0.846495 9.9964E-05 0.0184919 9.9964E-05 9.9964E-05 0.0164069 0.0438888 0.0743173
0.0437237 0.541855 9.9964E-05 9.9964E-05 0.056562 0.268749 9.9964E-05 9.9964E-05 0.0887098
9.9955E-05 0.747205 9.9955E-05 9.9955E-05 0.0188471 0.203375 9.9955E-05 9.9955E-05 0.0300737
9.9964E-05 0.69599 9.9964E-05 9.9964E-05 0.0238063 0.241202 9.9964E-05 0.0219179 0.016684
0.0869125 0.757593 0.0872301 9.99639E-05 0.00884172 9.99639E-05 9.99639E-05 0.0590234 9.99639E-05
9.9955E-05 0.674119 9.9955E-05 9.9955E-05 9.9955E-05 0.179498 0.0546673 9.9955E-05 0.0912162
9.9955E-05 0.695491 9.9955E-05 9.9955E-05 0.017867 0.27623 9.9955E-05 0.00991222 9.9955E-05
0.00912424 9.9964E-05 9.9964E-05 9.9964E-05 0.883308 0.00739585 0.0968266 9.9964E-05 0.00294512
9.9964E-05 9.9964E-05 0.0135445 9.9964E-05 0.553941 9.9964E-05 0.3724 0.0484736 0.0112407
9.9973E-05 0.0183523 0.0384093 0.0504861 0.787419 9.9973E-05 0.0406221 9.9973E-05 0.0644118
9.9955E-05 0.0224246 9.9955E-05 9.9955E-05 0.753969 9.9955E-05 0.13274 9.9955E-05 0.090367
9.9964E-05 0.0409105 9.9964E-05 9.9964E-05 0.544835 0.053569 0.174694 9.9964E-05 0.185591
9.9973E-05 0.0342734 0.01351 9.9973E-05 0.354507 0.0693613 0.421515 9.9973E-05 0.106533
0.0270019 9.9973E-05 0.0162973 9.9973E-05 0.493071 0.0573628 0.359307 9.9973E-05 0.0466601
9.9964E-05 0.0790025 0.0116661 9.9964E-05 0.712045 9.9964E-05 0.157821 9.9964E-05 0.0390663
9.9955E-05 0.048203 9.9955E-05 9.9955E-05 0.79768 0.0780634 9.9955E-05 0.0755537 9.9955E-05
0.0651186 0.00189822 0.0698215 0.0295163 0.345182 0.0408365 0.34175 0.105777 9.9991E-05
0.0775559 0.0598242 0.044178 0.0953007 0.222418 0.161686 0.311873 9.9991E-05 0.0270641
0.120628 0.0327486 9.9973E-05 9.9973E-05 0.235642 0.0663092 0.509481 0.0348912 9.9973E-05
0.0425183 0.000265339 9.9973E-05 9.9973E-05 0.7823 0.0254939 0.0981675 9.9973E-05 0.0509546
9.9982E-05 0.0714923 0.0363321 0.0452883 0.17744 0.11153 0.545721 9.9982E-05 0.0119963
9.9964E-05 0.0433504 0.0358815 9.9964E-05 0.45555 9.9964E-05 0.415343 9.9964E-05 0.0494747
9.9946E-05 9.9946E-05 9.9946E-05 9.9946E-05 0.896486 9.9946E-05 0.0272106 9.9946E-05 0.0757042
9.9937E-05 9.9937E-05 9.9937E-05 9.9937E-05 0.851171 9.9937E-05 9.9937E-05 9.9937E-05 0.148129
9.9964E-05 9.9964E-05 9.9964E-05 0.0439849 0.804409 0.0742249 0.0608052 9.9964E-05 0.0161762
9.9946E-05 0.842642 9.9946E-05 9.9946E-05 9.9946E-05 9.9946E-05 0.153994 9.9946E-05 0.00276388
9.9946E-05 0.831694 9.9946E-05 9.9946E-05 0.0292403 9.9946E-05 0.138466 9.9946E-05 9.9946E-05
9.9946E-05 0.811948 9.9946E-05 9.9946E-05 9.9946E-05 9.9946E-05 0.175399 0.0120527 9.9946E-05
9.9955E-05 0.71722 0.0245661 9.9955E-05 9.9955E-05 9.9955E-05 0.216836 9.9955E-05 0.0408779
0.176625 0.0198945 9.9973E-05 9.9973E-05 0.169809 0.146394 0.46215 9.9973E-05 0.0248274
0.282307 0.0446767 9.9973E-05 0.0195134 0.162053 9.9973E-05 0.395202 9.9973E-05 0.0959473
0.44297 0.0556984 9.9955E-05 9.9955E-05 9.9955E-05 0.0171388 0.483693 9.9955E-05 9.9955E-05
0.0553045 0.0961438 9.9982E-05 9.9982E-05 0.429941 0.0168859 0.119235 0.274497 0.00779233
0.529358 0.0447576 9.9964E-05 0.0717007 9.9964E-05 9.9964E-05 0.325398 9.9964E-05 0.0283854
0.133003 0.0634883 9.9982E-05 0.0237709 0.144291 9.9982E-05 0.451962 0.114337 0.0689478
0.263192 0.0243423 0.0180752 9.9964E-05 9.9964E-05 9.9964E-05 0.670499 9.9964E-05 0.0234914
0.035618 0.0990053 9.9973E-05 9.9973E-05 9.9973E-05 0.32112 0.489507 0.044035 0.010415
0.171788 0.104752 9.9973E-05 9.9973E-05 0.0307045 0.104035 0.574074 0.0143475 9.9973E-05
0.678149 0.017783 0.0716805 9.9982E-05 0.0986894 0.00813754 0.0976864 0.0276743 9.9982E-05
0.0221236 9.9982E-05 0.0806925 9.9982E-05 0.101581 0.209112 0.528467 0.0219222 0.0359019
0.176178 0.0261319 0.0497246 0.0519808 9.9973E-05 0.0694457 0.626239 9.9973E-05 9.9973E-05
0.159128 0.0965607 0.0402273 0.00594124 0.0973986 0.0675403 0.442314 9.9991E-05 0.0907902
0.610065 9.9964E-05 0.0333057 0.0164328 9.9964E-05 9.9964E-05 0.326637 0.0131603 9.9964E-05
0.215048 0.0537041 0.0423467 9.9982E-05 9.9982E-05 0.0150776 0.664494 0.00193179 0.00719691
0.262265 0.0740079 9.9973E-05 9.9973E-05 9.9973E-05 0.0216313 0.493434 0.0726106 0.0757513
0.736905 9.9955E-05 0.239654 9.9955E-05 9.9955E-05 0.000739743 9.9955E-05 0.0222006 9.9955E-05
0.180004 9.9973E-05 9.9973E-05 0.109469 0.270107 0.124155 0.0852466 0.230717 9.9973E-05
0.158285 9.9973E-05 0.145657 0.174348 0.339382 0.181322 9.9973E-05 0.000706743 9.9973E-05
0.0272807 0.0600972 0.0239907 0.0379725 0.241075 9.9991E-05 0.503615 0.0512374 0.0546313
0.00604306 0.0572249 9.9982E-05 0.160007 0.131387 0.0299242 0.544037 9.9982E-05 0.0711761
0.132064 0.00772956 0.083909 0.0348207 0.03793 9.9991E-05 0.556291 0.0870085 0.0601477
0.307231 0.0209214 0.0443678 0.041896 0.226031 0.0282685 0.112435 0.218749 9.9991E-05
0.0512126 0.00988617 0.0588194 9.9973E-05 0.234787 9.9973E-05 0.505107 0.139888 9.9973E-05
0.12767 9.9982E-05 0.00279057 0.00497189 0.201355 0.0260496 0.507472 9.9982E-05 0.12949
0.118838 0.105941 9.9982E-05 0.151711 0.204065 0.0977326 0.293216 0.028297 9.9982E-05
0.134449 0.144254 0.0675982 9.9991E-05 0.476374 0.0529366 0.00280773 0.0852812 0.0362002
0.12638 0.0405618 0.078367 9.9982E-05 0.114585 9.9982E-05 0.559748 0.0625755 0.0175818
9.9964E-05 9.9964E-05 0.119997 0.032135 0.387058 9.9964E-05 0.377995 0.0824154 9.9964E-05
0.0785018 0.024808 9.9964E-05 9.9964E-05 0.585483 0.132636 9.9964E-05 0.178172 9.9964E-05
0.0618832 9.9973E-05 0.0855918 0.0445938 0.380391 9.9973E-05 0.426394 0.000846574 9.9973E-05
0.0933677 9.9973E-05 0.0486255 0.20505 0.0649085 9.9973E-05 0.574486 0.0132625 9.9973E-05
9.9982E-05 0.0793775 0.100932 0.0901276 0.128176 0.0852574 0.489491 0.0264379 9.9982E-05
0.184978 0.0419984 0.0332146 0.049185 0.397127 0.0111428 0.14427 0.0939852 0.0440986
0.108336 9.9964E-05 0.0585229 9.9964E-05 0.385315 9.9964E-05 0.446202 9.9964E-05 0.00122438
0.167692 0.038941 0.0453774 0.0486754 9.9982E-05 9.9982E-05 0.472547 0.20544 0.0211271
0.076808 9.9982E-05 0.0999 0.0861342 0.419383 0.0407844 0.114397 0.162393 9.9982E-05
0.425603 9.9946E-05 9.9946E-05 9.9946E-05 9.9946E-05 9.9946E-05 0.547217 0.0265806 9.9946E-05
0.679713 0.00761835 9.9964E-05 9.9964E-05 0.150688 9.9964E-05 0.155223 0.00635764 9.9964E-05
0.204243 0.0793704 0.027158 0.0347729 9.9982E-05 9.9982E-05 0.462841 0.112877 0.0785375
0.929518 9.9946E-05 0.0532151 9.9946E-05 9.9946E-05 0.0166677 9.9946E-05 9.9946E-05 9.9946E-05
0.858901 9.9964E-05 0.0127992 0.0184451 0.100863 0.00859158 9.9964E-05 9.9964E-05 9.9964E-05
0.744774 9.9955E-05 9.9955E-05 0.00899802 9.9955E-05 9.9955E-05 0.218072 9.9955E-05 0.0276566
0.454412 9.9955E-05 9.9955E-05 9.9955E-05 0.0889306 0.0932999 0.362858 9.9955E-05 9.9955E-05
0.222708 0.138267 9.9991E-05 0.00759008 0.0738389 0.0754733 0.412373 0.0126627 0.0569871
0.40962 9.9973E-05 0.0130191 9.9973E-05 0.0769931 9.9973E-05 0.413527 0.0735301 0.0130108
0.610016 0.0123984 9.9973E-05 9.9973E-05 0.0794072 9.9973E-05 0.0494029 0.171838 0.0766375
0.551083 0.0168827 9.9964E-05 9.9964E-05 0.0674774 9.9964E-05 0.202549 0.161608 9.9964E-05
0.230224 0.0781475 9.9973E-05 9.9973E-05 9.9973E-05 0.0416805 0.570987 0.0679114 0.0107501
0.546873 0.0207949 9.9973E-05 9.9973E-05 0.147469 0.0105458 0.24966 9.9973E-05 0.0243572
0.397453 0.0342454 9.9964E-05 9.9964E-05 0.155194 9.9964E-05 0.379552 9.9964E-05 0.0331555
0.556355 9.9964E-05 0.0438426 9.9964E-05 0.0254902 0.0144649 0.359447 9.9964E-05 9.9964E-05
0.707058 9.9964E-05 0.106277 0.085813 9.9964E-05 0.0920439 9.9964E-05 0.00840917 9.9964E-05
0.295337 9.9955E-05 9.9955E-05 9.9955E-05 9.9955E-05 9.9955E-05 0.571613 0.0781309 0.0544193
9.9955E-05 0.813214 9.9955E-05 9.9955E-05 0.0483308 9.9955E-05 0.102231 9.9955E-05 0.0357239
9.99371E-05 0.910361 9.99371E-05 9.99371E-05 9.99371E-05 9.99371E-05 0.0889393 9.99371E-05 9.99371E-05
9.9946E-05 0.875208 9.9946E-05 9.9946E-05 9.9946E-05 9.9946E-05 0.122894 9.9946E-05 0.00129864
9.9946E-05 0.810493 0.166631 9.9946E-05 9.9946E-05 9.9946E-05 0.0222763 9.9946E-05 9.9946E-05
9.9946E-05 0.824255 0.0864065 9.9946E-05 9.9946E-05 9.9946E-05 0.0887391 9.9946E-05 9.9946E-05
9.9973E-05 0.817152 0.091388 0.00156979 9.9973E-05 0.0184424 0.0336612 9.9973E-05 0.0374868
9.99461E-05 0.859486 0.0403535 9.99461E-05 9.99461E-05 9.99461E-05 0.0995612 9.99461E-05 9.99461E-05
0.25781 0.0643787 0.0490864 9.9991E-05 0.0690402 0.0945215 0.359973 0.0368566 0.0682333
9.9982E-05 0.154448 9.9982E-05 0.074815 0.00774126 0.103539 0.591594 0.0546822 0.0129803
0.690052 0.0778871 9.9973E-05 0.0303981 0.141566 9.9973E-05 0.0183176 0.0414799 9.9973E-05
0.157138 0.0126592 9.9991E-05 0.044278 0.0523885 0.0986812 0.44923 0.0476593 0.137866
0.425622 0.0144036 9.9973E-05 0.0159826 0.0981617 0.0489224 0.396608 9.9973E-05 9.9973E-05
0.33385 0.0572641 9.9964E-05 0.0565007 9.9964E-05 9.9964E-05 0.547527 9.9964E-05 0.00445849
0.25301 0.0201814 9.9973E-05 0.070685 0.0892061 0.0874666 0.479151 9.9973E-05 9.9973E-05
0.472184 9.9964E-05 9.9964E-05 0.046794 9.9964E-05 0.0141726 0.385604 9.9964E-05 0.0808457
0.676688 0.0725174 9.9955E-05 9.9955E-05 0.193741 9.9955E-05 9.9955E-05 0.0565541 9.9955E-05
0.0970288 0.139105 0.00414513 9.9991E-05 0.0777377 0.155134 0.458114 0.0685067 0.00012823
0.193186 0.0655187 0.0432475 0.00243686 0.106485 0.0220785 0.566847 9.9982E-05 9.9982E-05
0.266641 0.0349974 0.000441781 9.9991E-05 0.00501437 0.000233703 0.423855 0.12644 0.142276
0.56795 9.9964E-05 0.070787 0.049986 9.9964E-05 0.0487373 0.26214 9.9964E-05 9.9964E-05
0.352781 9.9964E-05 0.000639478 0.163001 9.9964E-05 0.011505 0.471673 9.9964E-05 9.9964E-05
0.448061 0.0473086 9.9964E-05 9.9964E-05 0.142202 9.9964E-05 0.316143 9.9964E-05 0.0458866
0.629831 9.9964E-05 9.9964E-05 9.9964E-05 0.0455659 0.00999097 0.235331 9.9964E-05 0.0788812
0.412136 0.0903716 9.9955E-05 9.9955E-05 0.0610406 9.9955E-05 0.435952 9.9955E-05 9.9955E-05
0.0624231 0.117035 0.0457614 0.0081334 0.111997 9.9982E-05 0.579419 0.0750313 9.9982E-05
9.9964E-05 9.9964E-05 0.131441 0.219148 0.30272 9.9964E-05 0.181819 0.164472 9.9964E-05
0.0964472 0.0853838 0.00533084 9.9991E-05 0.00340091 0.15434 0.327008 0.190529 0.13746
0.0563203 0.0298944 0.0628615 0.0541604 0.0642547 0.0556217 0.494594 0.147715 0.034578
0.0613672 0.0309443 9.9982E-05 0.0313106 0.0242642 0.101842 0.63762 0.112451 9.9982E-05
9.9973E-05 0.00995876 0.077122 0.03781 0.283739 9.9973E-05 0.454609 0.136462 9.9973E-05
0.00319697 0.0155559 9.9982E-05 0.0438005 0.261692 0.0254129 0.539475 0.110667 9.9982E-05
9.9973E-05 0.00428858 9.9973E-05 0.0666478 0.254787 9.9973E-05 0.413361 0.243258 0.0173581
0.190553 0.0751865 9.9973E-05 0.0478307 9.9973E-05 0.0499908 0.457267 0.178872 9.9973E-05
0.0272008 0.0961913 0.072038 9.9991E-05 0.0404671 0.0788512 0.583751 0.0835082 0.0178925
0.0196952 9.9973E-05 0.0159748 0.0802865 0.214141 9.9973E-05 0.542667 0.126936 9.9973E-05
0.108225 9.9964E-05 9.9964E-05 0.0311219 0.188061 9.9964E-05 0.48412 0.188072 9.9964E-05
9.9982E-05 9.9982E-05 0.0670104 0.109917 0.0281111 0.0838117 0.55998 0.108512 0.0424583
0.139112 0.0763862 9.9982E-05 0.0208182 9.9982E-05 0.0121949 0.51831 0.171917 0.061062
0.0738443 9.9973E-05 9.9973E-05 0.0815775 0.18633 9.9973E-05 0.495834 0.143634 0.0184806
0.115986 0.063184 0.0239991 0.0874993 9.9991E-05 0.0537207 0.596945 0.0482467 0.0103193
9.9973E-05 0.0188963 9.9973E-05 0.0827834 0.167156 9.9973E-05 0.532132 0.135588 0.0631452
9.9973E-05 0.0358654 0.141077 0.128644 0.187102 9.9973E-05 0.36303 0.143981 9.9973E-05
0.0728932 9.9973E-05 0.044815 0.0358519 0.0241185 9.9973E-05 0.633696 0.188326 9.9973E-05
9.9964E-05 9.9964E-05 0.112147 9.9964E-05 0.0448269 0.00466005 0.687844 0.150122 9.9964E-05
0.159534 9.9982E-05 0.0328012 0.110475 0.236022 9.9982E-05 0.186027 0.214068 0.0608727
0.129116 9.9982E-05 0.170837 0.116035 0.142227 0.0498753 0.177312 0.214398 9.9982E-05
9.9964E-05 0.035084 9.9964E-05 9.9964E-05 0.20257 0.112848 0.528555 0.120543 9.9964E-05
0.206345 9.9982E-05 0.13079 0.251429 0.0331267 9.9982E-05 0.0579791 0.309809 0.010321
0.0651411 0.0347371 9.9973E-05 0.0974754 0.40452 9.9973E-05 0.180024 0.217803 9.9973E-05
0.122109 9.9973E-05 9.9973E-05 0.00353375 0.223324 9.9973E-05 0.399044 0.240108 0.0115803
0.13461 0.0198008 9.9973E-05 0.00105198 0.347682 9.9973E-05 0.283871 0.212684 9.9973E-05
9.9964E-05 9.9964E-05 9.9964E-05 0.104695 0.352728 9.9964E-05 0.239192 0.293685 0.00929995
0.0147977 0.0263245 9.9991E-05 0.12104 0.0801889 0.0638464 0.613803 0.0613421 0.0185574
0.0855042 0.00844269 0.125778 0.0231123 9.9991E-05 0.0250634 0.537443 0.100135 0.0944218
0.0897458 0.0495302 9.9973E-05 0.0195163 0.222316 9.9973E-05 0.578127 0.0404648 9.9973E-05
0.152896 9.9991E-05 0.115637 0.120799 0.0578417 0.18677 0.101301 0.228564 0.0360914
0.113446 0.141806 9.9991E-05 0.101384 0.0237111 0.045209 0.553727 0.0134609 0.00715693
0.066148 0.053752 0.0684426 0.163369 0.0537227 0.144718 0.440004 9.9991E-05 0.00974366
0.10146 0.0769008 0.2411 0.180689 0.0143427 0.313906 9.9982E-05 0.0714015 9.9982E-05
0.12431 0.124455 0.00245726 0.019405 0.0405703 0.0806509 0.592402 0.0156503 9.9991E-05
0.28123 0.0442743 0.161036 9.9973E-05 9.9973E-05 0.106892 0.269971 0.136296 9.9973E-05
9.9982E-05 0.0824337 0.12712 0.0794264 0.141021 0.00889071 0.518205 0.0427036 9.9982E-05
0.0960635 0.050136 0.198913 0.0180577 0.0707982 0.29013 0.200924 0.0748783 9.9991E-05
0.0781797 0.066359 9.9982E-05 0.152385 0.118418 0.437698 0.0952212 0.0515386 9.9982E-05
0.0794028 0.00598242 0.0474741 0.0963441 9.9982E-05 0.197761 0.438097 0.134738 9.9982E-05
0.097577 0.0135546 0.107502 0.0498621 0.191923 0.108436 0.401543 0.0262496 0.0033527
0.144192 0.144982 0.0234496 0.0587747 0.148269 0.143474 0.209406 0.0146041 0.112848
0.169765 0.0095038 0.123431 0.103273 0.188922 0.285774 9.9982E-05 9.9982E-05 0.119132
0.0171381 0.110782 0.0115224 0.118523 0.102556 0.09786 0.485109 9.9991E-05 0.0564102
0.178266 9.9982E-05 0.0565622 0.0421336 0.145949 0.285644 0.26156 0.0296845 9.9982E-05
0.136108 9.9982E-05 0.0711458 0.056216 0.271344 0.115057 0.314497 9.9982E-05 0.0354318
0.156077 0.0890539 0.0170715 0.0676507 0.0689036 9.9991E-05 0.523848 0.0596684 0.0176268
0.0579128 0.253359 0.125129 9.9982E-05 0.0207315 0.239598 0.0653228 9.9982E-05 0.237746
9.9955E-05 0.437054 0.313918 9.9955E-05 9.9955E-05 0.154441 9.9955E-05 9.9955E-05 0.0940869
9.9964E-05 0.33022 0.402213 0.00669895 9.9964E-05 0.172788 9.9964E-05 9.9964E-05 0.0876803
9.9964E-05 0.271616 0.244005 9.9964E-05 9.9964E-05 0.119112 0.101804 9.9964E-05 0.263064
0.103378 9.9964E-05 0.0277569 0.0639813 9.9964E-05 0.296191 0.508293 9.9964E-05 9.9964E-05
0.108862 0.0538026 0.0908257 0.106011 9.9991E-05 0.0729768 0.491595 0.0544838 0.021343
0.0500776 9.9964E-05 9.9964E-05 9.9964E-05 0.00781142 9.9964E-05 0.210978 0.0114857 0.719248
0.15166 9.9964E-05 9.9964E-05 9.9964E-05 0.0797357 9.9964E-05 0.206229 0.103918 0.458058
0.0636448 0.0112382 0.0183809 0.00990405 0.0963246 0.0335612 0.195721 0.12792 0.443305
0.118054 9.9973E-05 0.0109951 0.13888 9.9973E-05 0.485996 0.242703 0.00307284 9.9973E-05
0.115842 0.108853 0.018827 0.127937 0.131305 0.0148547 0.452347 0.0299337 9.9991E-05
0.0326991 9.9982E-05 0.023609 0.239913 0.0439148 0.554075 0.0934708 9.9982E-05 0.0121182
0.0689111 0.00288467 9.9982E-05 0.0546601 0.00191474 0.290105 0.573032 0.00829172 9.9982E-05
0.00246187 0.0320169 0.0165422 0.174123 0.125603 0.317705 0.328326 0.00312247 9.9991E-05
0.02153 0.0121225 0.0555796 0.110522 0.0376256 0.181818 0.529603 0.0510995 9.9991E-05
0.0953123 9.9973E-05 0.0671241 0.176379 0.128173 0.41996 0.112752 9.9973E-05 9.9973E-05
0.146805 0.0356631 0.0185519 0.00111243 0.025018 0.136112 0.550744 0.0637423 0.0222514
0.146729 0.0760863 0.0701694 0.106868 0.0441825 0.051542 0.450255 9.9991E-05 0.0540671
9.9937E-05 9.9937E-05 9.9937E-05 0.0509632 9.9937E-05 9.9937E-05 9.9937E-05 9.9937E-05 0.948337
9.9955E-05 9.9955E-05 9.9955E-05 0.0387673 0.00608705 9.9955E-05 0.0298021 9.9955E-05 0.924844
0.100682 0.00145927 9.9991E-05 0.00486034 0.113268 0.00389774 0.150046 0.0185361 0.60715
9.9955E-05 0.0195105 9.9955E-05 9.9955E-05 9.9955E-05 9.9955E-05 0.370358 0.0140812 0.59555
0.067262 0.0128759 9.9955E-05 9.9955E-05 9.9955E-05 9.9955E-05 0.127741 9.9955E-05 0.791622
9.9937E-05 9.9937E-05 0.0101075 9.9937E-05 9.9937E-05 9.9937E-05 9.9937E-05 9.9937E-05 0.989193
9.9946E-05 9.9946E-05 9.9946E-05 0.0385195 9.9946E-05 9.9946E-05 9.9946E-05 0.0271089 0.933772
9.9937E-05 9.9937E-05 9.9937E-05 9.9937E-05 9.9937E-05 9.9937E-05 0.145292 9.9937E-05 0.854008
9.9946E-05 9.9946E-05 9.9946E-05 9.9946E-05 0.0637683 9.9946E-05 0.000404083 9.9946E-05 0.935228
9.993E-05 9.993E-05 9.993E-05 9.993E-05 9.993E-05 9.993E-05 9.993E-05 9.993E-05 0.999201
9.993E-05 9.993E-05 9.993E-05 9.993E-05 9.993E-05 9.993E-05 9.993E-05 9.993E-05 0.999201
9.9955E-05 0.00036817 9.9955E-05 9.9955E-05 0.112481 9.9955E-05 0.139956 9.9955E-05 0.746695
9.9964E-05 0.0913852 9.9964E-05 9.9964E-05 0.0551729 9.9964E-05 0.0903404 0.00713769 0.755564
0.0305511 9.9946E-05 9.9946E-05 9.9946E-05 0.00333505 9.9946E-05 9.9946E-05 9.9946E-05 0.965514
0.139829 0.0506488 9.9973E-05 9.9973E-05 0.136237 9.9973E-05 0.220683 0.0395742 0.412728
0.0680439 0.0165008 0.0556054 9.9982E-05 0.00186697 9.9982E-05 0.225588 0.0123113 0.619884
9.9973E-05 9.9973E-05 0.0261098 9.9973E-05 0.00792066 0.0210441 0.147202 0.00571801 0.791706
9.99545E-05 9.99545E-05 9.99545E-05 9.99545E-05 0.0598286 9.99545E-05 0.023616 9.99545E-05 0.915956
9.9946E-05 9.9946E-05 0.00818402 9.9946E-05 9.9946E-05 0.018239 9.9946E-05 9.9946E-05 0.972977
9.9973E-05 0.030756 0.0261806 0.00998813 9.9973E-05 9.9973E-05 0.105602 0.0139791 0.813194
9.9937E-05 9.9937E-05 9.9937E-05 9.9937E-05 9.9937E-05 0.01028 9.9937E-05 9.9937E-05 0.98902
9.9973E-05 0.0400315 9.9973E-05 0.0807268 0.0102484 0.0424052 0.228129 9.9973E-05 0.598159
9.9955E-05 0.00707052 9.9955E-05 0.0110109 0.0590367 9.9955E-05 9.9955E-05 9.9955E-05 0.922382
9.9973E-05 0.230347 0.265305 0.0768416 0.000721307 0.415436 9.9973E-05 9.9973E-05 0.0110497
0.0213829 0.113693 0.129791 0.0525704 0.0398035 0.198504 0.340621 9.9991E-05 0.103534
9.9964E-05 0.18177 9.9964E-05 9.9964E-05 9.9964E-05 0.30841 0.40881 0.0460436 0.0545673
0.0165055 0.115933 0.22848 0.0260732 9.9982E-05 0.433339 0.0889176 9.9982E-05 0.0905512
0.0309039 0.0585099 0.0620392 0.0290906 0.119202 0.144173 0.381856 9.9991E-05 0.174126
0.029298 0.179996 0.201262 9.9982E-05 0.0890922 0.30251 0.14098 9.9982E-05 0.0566621
0.0472225 0.103053 0.0322166 0.066333 0.165983 0.13747 0.38495 9.9991E-05 0.0626728
0.0422165 0.0259022 0.109903 0.0182605 9.9982E-05 0.395855 0.156296 9.9982E-05 0.251367
0.0288477 0.116142 0.0208265 9.9982E-05 9.9982E-05 0.243496 0.444179 0.040929 0.10538
9.9973E-05 0.0316317 0.174418 0.0340066 9.9973E-05 0.32302 0.252756 9.9973E-05 0.183867
9.9973E-05 0.213442 9.9973E-05 0.0448663 0.163701 0.14748 0.367185 9.9973E-05 0.0630254
9.9955E-05 0.799604 9.9955E-05 9.9955E-05 9.9955E-05 0.0857143 0.0227093 0.0914728 9.9955E-05
9.9982E-05 0.863934 0.0415063 0.0119429 9.9982E-05 0.00402019 0.0128286 0.00578318 0.0597844
0.0184001 0.906518 0.0474852 9.9964E-05 9.9964E-05 9.9964E-05 0.0033017 0.0238952 9.9964E-05
0.0134288 0.913521 0.02277 9.9964E-05 9.9964E-05 9.9964E-05 0.0306457 0.0192344 9.9964E-05
9.9964E-05 0.835605 0.0585687 9.9964E-05 0.0266298 9.9964E-05 9.9964E-05 0.0548882 0.0239089
9.9955E-05 0.825652 0.0723695 0.0501032 9.9955E-05 9.9955E-05 9.9955E-05 9.9955E-05 0.0513759
0.0428472 0.870343 0.0105581 9.9964E-05 9.9964E-05 9.9964E-05 0.0249923 9.9964E-05 0.0508598
9.9964E-05 0.830184 0.0982939 0.0509952 9.9964E-05 9.9964E-05 0.00994945 0.0101781 9.9964E-05
9.9946E-05 0.867262 0.0875679 9.9946E-05 9.9946E-05 9.9946E-05 0.0445705 9.9946E-05 9.9946E-05
9.9964E-05 0.801203 0.104236 9.9964E-05 0.0102824 9.9964E-05 9.9964E-05 0.00343489 0.0804432
0.0509782 0.620442 9.9964E-05 0.0246085 0.267198 9.9964E-05 9.9964E-05 0.0363734 9.9964E-05
0.0409369 0.605798 9.9955E-05 9.9955E-05 0.245907 9.9955E-05 9.9955E-05 0.106858 9.9955E-05
9.9964E-05 0.518952 0.0295064 9.9964E-05 0.299025 0.0315465 9.9964E-05 0.12057 9.9964E-05
0.103413 0.468273 9.9973E-05 0.0114732 0.279716 0.0268199 9.9973E-05 0.110005 9.9973E-05
0.224145 0.0372284 9.9973E-05 9.9973E-05 0.136439 0.0132951 0.529946 0.0586465 9.9973E-05
0.270921 0.0417527 9.9982E-05 9.9982E-05 0.101288 0.0182968 0.433834 0.0487797 0.0849284
0.221271 9.9973E-05 9.9973E-05 0.0261814 0.0350306 0.0361268 0.536509 0.144581 9.9973E-05
0.103263 9.9964E-05 0.110895 9.9964E-05 0.139908 9.9964E-05 0.43525 0.210285 9.9964E-05
0.0690478 9.9973E-05 9.9973E-05 0.0677281 0.446983 0.0643389 0.0579642 0.293638 9.9973E-05
0.169428 0.0473363 9.9964E-05 0.109107 0.0577079 9.9964E-05 0.616021 9.9964E-05 9.9964E-05
0.229796 9.9973E-05 9.9973E-05 0.056126 0.040114 0.0195919 0.599109 0.0549632 9.9973E-05
0.259592 9.9964E-05 9.9964E-05 0.102421 0.081762 0.0697279 0.486098 9.9964E-05 9.9964E-05
0.536136 9.9964E-05 9.9964E-05 0.0312456 9.9964E-05 0.0466678 0.276837 9.9964E-05 0.108714
0.129278 9.9991E-05 0.0713164 0.0640808 0.0433342 0.00714926 0.567023 0.0827211 0.0349973
0.372418 9.9973E-05 9.9973E-05 0.016083 0.0655883 0.0247055 0.418248 0.102657 9.9973E-05
0.7246 9.9955E-05 9.9955E-05 0.155154 9.9955E-05 0.00856757 9.9955E-05 0.111178 9.9955E-05
0.0923566 0.0517452 0.0420985 0.112023 0.115296 0.00997771 0.489816 0.0865869 9.9991E-05
0.512619 9.9973E-05 0.0648547 0.05546 9.9973E-05 0.157963 0.204523 0.00428171 9.9973E-05
0.354606 9.9964E-05 9.9964E-05 0.0424136 9.9964E-05 0.0124327 0.522786 0.0673618 9.9964E-05
0.745572 0.00645025 9.9964E-05 9.9964E-05 0.0791683 9.9964E-05 0.0724424 0.0959674 9.9964E-05
9.9955E-05 0.060498 9.9955E-05 9.9955E-05 9.9955E-05 0.19507 0.00601669 0.737915 9.9955E-05
9.9955E-05 0.0425575 9.9955E-05 9.9955E-05 9.9955E-05 0.270312 0.0407929 0.645838 9.9955E-05
9.9937E-05 9.9937E-05 9.9937E-05 9.9937E-05 9.9937E-05 0.17577 9.9937E-05 0.82353 9.9937E-05
0.0317804 0.0539036 9.9964E-05 0.0055003 9.9964E-05 0.151034 9.9964E-05 0.757382 9.9964E-05
9.9964E-05 9.9964E-05 0.0149984 9.9964E-05 0.00672665 0.185598 9.9964E-05 0.786058 0.00621951
9.9973E-05 0.0210638 0.00835346 9.9973E-05 9.9973E-05 0.0618925 0.127035 0.76842 0.0129361
0.0397571 0.842134 0.0446783 9.9973E-05 0.00490502 9.9973E-05 0.0461852 9.9973E-05 0.0220403
9.9973E-05 0.780914 0.0474632 9.9973E-05 0.0335854 9.9973E-05 0.00617484 0.0286446 0.102918
9.9964E-05 0.726873 9.9964E-05 9.9964E-05 9.9964E-05 0.0487388 0.106506 0.0141979 0.103284
9.9964E-05 0.719522 0.0172002 9.9964E-05 0.135697 9.9964E-05 0.0607218 9.9964E-05 0.0664587
0.012073 0.781734 0.0151338 9.9982E-05 0.0145516 0.0355027 0.0301527 9.9982E-05 0.110652
0.019836 0.345379 0.00595231 9.9973E-05 0.0672659 0.0800588 9.9973E-05 0.481208 9.9973E-05
9.9955E-05 0.455342 9.9955E-05 0.0237118 9.9955E-05 0.103567 9.9955E-05 0.416879 9.9955E-05
0.0662525 0.414641 9.9964E-05 0.0278149 9.9964E-05 9.9964E-05 9.9964E-05 0.484133 0.00675926
9.9946E-05 0.814554 9.9946E-05 9.9946E-05 0.0397752 9.9946E-05 0.145071 9.9946E-05 9.9946E-05
0.0419993 0.359585 9.99658E-05 0.0248349 9.99658E-05 0.0293618 9.99658E-05 0.543819 9.99658E-05
9.9973E-05 0.159687 0.210031 0.0594013 9.9973E-05 9.9973E-05 0.297282 0.014813 0.258485
9.9982E-05 0.094479 0.0263379 9.9982E-05 0.0481861 0.107319 0.420027 0.0212655 0.282186
9.9955E-05 0.233909 9.9955E-05 9.9955E-05 9.9955E-05 0.0123534 0.529219 9.9955E-05 0.224019
9.9973E-05 0.172202 0.143981 9.9973E-05 9.9973E-05 0.135455 0.318498 0.0329362 0.196628
9.9982E-05 0.134314 0.0781379 0.0674207 9.9982E-05 0.0424141 0.45327 0.0658947 0.158349
9.9955E-05 0.319038 0.325867 9.9955E-05 9.9955E-05 0.114608 9.9955E-05 9.9955E-05 0.239987
0.0558718 0.0188651 0.0432021 0.0829416 0.142529 0.1154 0.346942 0.19415 9.9991E-05
0.0653482 9.9982E-05 0.0990228 0.26007 0.033459 0.0396143 0.336459 0.165826 9.9982E-05
9.9982E-05 0.0198152 9.9982E-05 0.0297889 0.481621 0.017151 0.228629 0.209749 0.0130458
0.0854603 9.9964E-05 9.9964E-05 0.276386 0.00534342 9.9964E-05 0.456813 0.175597 9.9964E-05
0.244484 9.9973E-05 0.204634 0.364835 0.00667238 0.0477931 9.9973E-05 0.131282 9.9973E-05
0.0834622 0.0324474 0.0365254 0.0169597 0.127971 0.0600794 0.465984 0.138241 0.0383307
0.00235589 0.0385902 0.0480353 0.193996 0.20852 0.0438454 0.372206 0.092352 9.9991E-05
0.0975886 0.0191257 9.9982E-05 0.0227768 0.402884 0.0436274 0.283898 0.129899 9.9982E-05
0.0589459 0.138541 9.9991E-05 0.0763093 0.194038 0.00202486 0.403939 0.0784291 0.0476729
0.0536606 9.9982E-05 0.144064 0.117932 0.473874 0.107756 0.00241669 0.100098 9.9982E-05
0.0668926 0.000918063 0.126925 0.0859175 0.0501714 0.0590209 0.42589 0.121124 0.0631411
0.113797 9.9964E-05 0.0482018 9.9964E-05 0.156219 9.9964E-05 0.495441 0.185941 9.9964E-05
0.195105 0.0899802 0.0740471 9.9991E-05 0.124108 0.0392959 0.356179 0.00711785 0.114067
9.9964E-05 9.9964E-05 0.000639383 0.231627 0.2802 9.9964E-05 0.346679 0.140454 9.9964E-05
0.0659824 9.9973E-05 0.0373528 0.0792047 0.20095 9.9973E-05 0.453214 0.162996 9.9973E-05
0.0132791 0.0208027 9.9991E-05 0.221508 0.142802 0.0448817 0.436306 0.0552678 0.0650532
0.144372 9.9982E-05 0.0388711 0.0975696 0.0846592 0.072143 0.472828 0.0893566 9.9982E-05
9.9991E-05 0.0167898 0.00671797 0.0844821 0.0626357 0.0246138 0.59705 0.164392 0.0432183
0.015218 0.0759852 0.0696933 9.9982E-05 0.0700737 0.0921178 0.575783 0.10093 9.9982E-05
0.101282 9.9973E-05 0.108421 9.9973E-05 0.175612 9.9973E-05 0.471155 0.0728157 0.0704146
9.9946E-05 0.747602 9.9946E-05 9.9946E-05 9.9946E-05 9.9946E-05 0.15988 9.9946E-05 0.0919174
9.9955E-05 0.830899 9.9955E-05 0.0773204 9.9955E-05 9.9955E-05 0.0678647 9.9955E-05 0.0234158
0.0391908 0.771356 0.0618126 0.0121113 9.9973E-05 9.9973E-05 0.0638638 0.0513652 9.9973E-05
0.0210263 0.804286 0.000993296 0.0256182 9.9982E-05 9.9982E-05 0.0190304 0.0959849 0.0328609
9.9946E-05 0.845511 9.9946E-05 9.9946E-05 9.9946E-05 0.0286288 0.12526 9.9946E-05 9.9946E-05
9.9955E-05 9.9955E-05 0.0709279 9.9955E-05 0.402178 9.9955E-05 0.195279 0.331116 9.9955E-05
0.0563912 0.0434122 0.0578434 0.152869 0.207318 0.0541764 0.402789 9.9991E-05 0.0251015
0.0402735 0.164637 0.0896171 9.9982E-05 9.9982E-05 0.0805218 0.525664 0.0187358 0.0803504
0.0170287 9.9973E-05 0.0689825 0.0195997 0.133907 9.9973E-05 0.678196 0.0819859 9.9973E-05
0.152021 9.9973E-05 0.0320771 0.0463385 0.0605011 9.9973E-05 0.518774 0.189988 9.9973E-05
9.9982E-05 9.9982E-05 0.158227 0.146755 0.153663 0.0280116 0.265047 0.213499 0.0345968
0.0622507 0.06782 0.147555 9.9964E-05 0.293044 9.9964E-05 9.9964E-05 0.42893 9.9964E-05
9.9982E-05 0.00803368 9.9982E-05 0.0281302 0.200796 0.0589818 0.500326 0.196176 0.00735711
9.9982E-05 0.0521736 9.9982E-05 0.134175 0.41539 0.023455 0.0130879 0.278223 0.083296
0.0140273 0.00154924 0.0526967 0.0642497 0.157167 0.170301 0.391414 0.142171 0.00642401
9.9973E-05 0.0900996 0.0730224 0.0106644 0.383774 9.9973E-05 0.0943118 0.347828 9.9973E-05
0.106622 0.0978832 0.00785848 9.9982E-05 9.9982E-05 0.00620178 0.53545 0.149352 0.096433
0.0603544 0.0483614 0.0157026 0.0417816 0.370078 9.9982E-05 0.172247 0.291275 9.9982E-05
0.0858939 0.00333832 0.0990129 0.0287457 0.18678 0.101251 0.246678 0.186496 0.0618043
0.0205195 0.0264589 0.0937103 0.140774 0.100477 0.174414 0.40791 0.01504 0.0206962
9.9964E-05 9.9964E-05 0.0273119 0.103384 9.9964E-05 0.540004 0.264305 0.0645955 9.9964E-05
0.0376901 0.0639771 9.9973E-05 9.9973E-05 0.125682 0.272055 0.488133 9.9973E-05 0.0121627
0.15306 0.105789 9.9964E-05 9.9964E-05 9.9964E-05 0.226925 0.406874 9.9964E-05 0.106952
0.023243 9.9973E-05 0.0440817 0.0450533 0.0971775 0.514685 0.27546 9.9973E-05 9.9973E-05
0.0485771 0.0387769 0.00701195 0.106052 0.106596 0.203918 0.32716 0.0148165 0.147092
0.0774498 9.9973E-05 0.0590584 0.0912655 9.9973E-05 0.241713 0.466773 0.0634404 9.9973E-05
0.096193 9.9955E-05 9.9955E-05 0.199246 0.088792 0.615269 9.9955E-05 9.9955E-05 9.9955E-05
0.0881509 9.9973E-05 0.0975922 0.0440481 0.000429575 0.568927 0.200553 9.9973E-05 9.9973E-05
9.9964E-05 9.9964E-05 9.9964E-05 0.0730155 0.103383 0.358811 0.450585 0.0138057 9.9964E-05
0.184835 9.9982E-05 0.0364221 0.0675697 0.047635 0.566137 0.069674 0.0275278 9.9982E-05
0.0687244 9.9964E-05 0.021203 9.9964E-05 0.135555 0.386445 0.387673 9.9964E-05 9.9964E-05
0.14271 9.9982E-05 0.0432143 0.0187819 0.387329 9.9982E-05 0.0467652 0.340873 0.0201257
9.9973E-05 9.9973E-05 0.0271123 0.258275 0.164651 9.9973E-05 0.207153 0.286769 0.0557393
0.100464 0.0226603 0.0164991 0.0470461 0.284032 9.9991E-05 0.277278 0.179745 0.0721761
9.9955E-05 9.9955E-05 0.0411509 9.9955E-05 0.235195 9.9955E-05 0.635058 0.0880964 9.9955E-05
0.192137 9.9964E-05 9.9964E-05 0.0287819 0.267189 9.9964E-05 0.223689 0.287803 9.9964E-05
9.9982E-05 0.058004 0.0918043 0.179918 0.0158258 9.9982E-05 0.38573 0.183212 0.0853063
0.0471044 9.9973E-05 0.0179245 9.9973E-05 0.0200054 9.9973E-05 0.59801 0.266247 0.0504091
0.0524368 9.9973E-05 0.00189729 9.9973E-05 0.280124 9.9973E-05 0.446934 0.12218 0.0961282
0.118047 0.0170587 9.9982E-05 0.037536 0.112308 9.9982E-05 0.454472 0.164227 0.0961512
0.092417 0.00543208 9.9991E-05 0.0396416 0.136746 0.0456163 0.372836 0.251268 0.0559424
0.110363 9.9964E-05 9.9964E-05 9.9964E-05 0.339434 9.9964E-05 0.182601 0.307402 0.0597999
0.0581278 9.9973E-05 9.9973E-05 0.0210814 0.183321 9.9973E-05 0.279203 0.363366 0.0946021
9.9955E-05 9.9955E-05 9.9955E-05 0.0861102 0.134975 9.9955E-05 0.613033 0.165382 9.9955E-05
0.0433659 9.9973E-05 0.113831 0.021078 0.158275 9.9973E-05 0.584294 0.078857 9.9973E-05
0.102367 0.0651817 0.0686562 0.129856 0.0776187 9.9982E-05 0.400421 0.155699 9.9982E-05
9.9973E-05 9.9973E-05 0.0550549 0.112457 0.145862 9.9973E-05 0.441119 0.179271 0.0659358
0.0273881 9.9973E-05 0.139863 9.9973E-05 0.209925 0.0129233 0.357681 0.25192 9.9973E-05
0.0831741 0.0100744 9.9973E-05 0.0371377 0.101217 9.9973E-05 0.599387 0.16871 9.9973E-05
0.0187659 9.9982E-05 0.0261201 0.089497 0.160002 9.9982E-05 0.420456 0.172665 0.112295
9.9991E-05 0.0919337 0.00123771 0.048933 0.124612 0.102086 0.471554 0.0735156 0.0860284
0.0124856 0.276221 0.0985834 9.9991E-05 0.0545513 0.0476814 0.421722 0.00306134 0.0855935
0.0100456 0.0344672 0.163923 0.0576343 0.0602663 0.0295717 0.525146 9.9991E-05 0.118846
0.0317894 0.135595 0.0463417 0.088678 0.133101 0.060124 0.417711 9.9991E-05 0.0865598
0.139396 0.0267919 0.0243865 0.0446154 0.0149673 0.0712018 0.50588 0.037259 0.135502
0.0314315 0.141089 0.0449024 0.0908905 0.0798846 0.00852548 0.384296 9.9991E-05 0.218881
9.9973E-05 9.9973E-05 9.9973E-05 0.222226 0.254655 0.14777 0.369625 0.000426719 0.00499648
0.0427921 0.154459 0.113594 9.9982E-05 9.9982E-05 0.00680643 0.567805 0.036801 0.0775424
0.0668275 0.103499 0.379428 0.118669 0.125743 0.139298 0.0453121 9.9991E-05 0.0211239
0.0295699 0.0826668 0.113861 0.00916686 0.0984233 0.0303405 0.414082 0.0319149 0.189975
0.0905662 0.181155 9.9964E-05 0.142337 9.9964E-05 9.9964E-05 0.457248 9.9964E-05 0.128293
0.0247363 0.0831662 9.9991E-05 0.169021 0.0138694 0.01897 0.408381 0.0748841 0.206872
0.0487191 0.0878505 0.194098 9.9982E-05 0.225352 0.0755265 0.300558 9.9982E-05 0.0676954
9.9973E-05 0.203262 0.113897 9.9973E-05 0.0879117 0.0694324 0.479062 9.9973E-05 0.0461352
9.9982E-05 0.128171 0.0647806 0.00772634 0.00805909 0.108771 0.498848 9.9982E-05 0.183443
0.0124816 0.300607 0.479054 0.0779462 9.9964E-05 9.9964E-05 9.9964E-05 9.9964E-05 0.129511
9.9973E-05 0.0958194 0.159025 9.9973E-05 0.0473759 0.0250375 0.51089 9.9973E-05 0.161552
0.140735 0.117859 0.0230239 0.0801367 9.9973E-05 9.9973E-05 0.396823 9.9973E-05 0.241123
0.0723638 0.0259332 0.10877 0.00716121 0.0336022 0.0615795 0.549868 9.9991E-05 0.140622
9.9973E-05 0.107439 0.128678 9.9973E-05 0.0397289 9.9973E-05 0.570713 0.0204551 0.132686
9.9982E-05 0.167484 9.9982E-05 0.0111398 0.0044954 0.0693014 0.613784 0.00865278 0.124943
0.010879 0.032878 9.9991E-05 0.434052 0.00138588 0.0575706 0.353384 0.046663 0.0630872
0.063805 0.0706246 9.9982E-05 0.164935 0.108386 0.123439 0.346751 9.9982E-05 0.12186
0.135911 9.9955E-05 9.9955E-05 0.785493 0.0608485 9.9955E-05 9.9955E-05 0.0172479 9.9955E-05
0.0319158 0.010665 9.9973E-05 0.867947 0.0135886 0.0217333 9.9973E-05 0.0538506 9.9973E-05
9.9973E-05 0.0729657 0.0101964 0.297455 0.133382 9.9973E-05 0.414555 9.9973E-05 0.0711461
9.9982E-05 0.0602897 0.105958 0.0846559 0.0480343 0.026013 0.421915 9.9982E-05 0.252934
9.9964E-05 0.112507 0.081851 0.222917 9.9964E-05 9.9964E-05 0.301313 9.9964E-05 0.281011
9.9982E-05 0.155551 0.181947 0.148313 0.0720894 0.0689009 0.134895 9.9982E-05 0.238104
9.9982E-05 0.126502 0.110748 0.12589 0.0627044 0.0110583 0.383211 9.9982E-05 0.179686
9.9964E-05 0.0113978 0.276779 0.599141 9.9964E-05 0.0327751 0.079507 9.9964E-05 9.9964E-05
9.9964E-05 0.0773972 0.121833 0.617022 9.9964E-05 9.9964E-05 0.162379 9.9964E-05 0.0209702
9.9964E-05 0.00422886 0.0351083 0.354684 9.9964E-05 9.9964E-05 0.556675 9.9964E-05 0.0489048
9.9955E-05 0.0935749 9.9955E-05 0.432223 9.9955E-05 9.9955E-05 0.387434 9.9955E-05 0.0862679
9.9955E-05 0.0864166 0.0580571 0.659991 9.9955E-05 9.9955E-05 0.195036 9.9955E-05 9.9955E-05
9.9973E-05 0.0741841 9.9973E-05 0.278381 0.0290333 9.9973E-05 0.491727 0.0257655 0.100609
9.9973E-05 9.9973E-05 0.0594226 0.318947 9.9973E-05 0.0316803 0.499142 0.0172155 0.073293
0.0815125 0.103405 0.0326768 0.273355 0.0318026 9.9991E-05 0.375548 0.00171067 0.0998898
0.0427203 9.9964E-05 9.9964E-05 0.582929 0.0641879 0.0387109 0.271053 9.9964E-05 9.9964E-05
9.99459E-05 9.99459E-05 9.99459E-05 0.471898 0.155664 9.99459E-05 0.371838 9.99459E-05 9.99459E-05
0.019241 0.0706589 9.9982E-05 0.301147 0.00167418 0.0797108 0.48666 0.040708 9.9982E-05
0.0148335 0.0314824 9.9982E-05 0.349597 9.9982E-05 0.0338324 0.311997 0.188719 0.0693393
0.0611158 0.103361 9.9991E-05 0.192843 0.000358878 0.114182 0.379821 0.0699193 0.0782996
9.9955E-05 9.9955E-05 9.9955E-05 0.399357 0.0340758 0.159475 0.406592 9.9955E-05 9.9955E-05
9.9955E-05 9.9955E-05 9.9955E-05 0.754973 9.9955E-05 0.0493954 0.1698 0.0253321 9.9955E-05
0.0492047 0.0719475 9.9964E-05 0.366075 9.9964E-05 0.029909 0.482464 9.9964E-05 9.9964E-05
0.0278912 9.9964E-05 9.9964E-05 0.745072 9.9964E-05 0.00361939 0.207465 0.0155531 9.9964E-05
9.9964E-05 0.00276455 9.9964E-05 0.493067 9.9964E-05 0.108827 0.384079 9.9964E-05 0.0108619
0.0175735 0.0726455 0.0131603 0.193686 0.0285579 0.0353875 0.582046 0.0568428 9.9991E-05
9.9973E-05 0.0114429 9.9973E-05 0.365962 0.0474365 9.9973E-05 0.46291 0.0316588 0.0802897
0.0450878 0.23081 0.0322335 0.0951787 0.0437715 9.9982E-05 0.36948 9.9982E-05 0.183239
0.025079 0.0673529 0.130203 0.175832 9.9982E-05 9.9982E-05 0.385713 0.0745465 0.141074
0.0196161 0.12391 0.102872 0.0174635 0.0118505 0.154307 0.290577 0.0373779 0.242026
9.9991E-05 0.199377 0.0936354 0.103123 0.099071 0.055742 0.316887 0.000862827 0.131201
0.0358595 0.189155 9.9982E-05 9.9982E-05 0.0373561 0.143177 0.369788 0.068222 0.156242
9.9982E-05 0.155282 0.0696192 0.104377 9.9982E-05 0.118096 0.379211 0.0197441 0.153471
9.9964E-05 0.198713 0.0535931 0.570449 9.9964E-05 0.0895228 9.9964E-05 9.9964E-05 0.087322
9.9982E-05 0.0632321 0.0192194 0.026895 9.9982E-05 0.0355019 0.577197 0.0929658 0.184789
9.9955E-05 0.328626 0.161333 0.439899 9.9955E-05 9.9955E-05 9.9955E-05 9.9955E-05 0.0696425
9.9955E-05 0.0644724 9.9955E-05 0.305123 9.9955E-05 9.9955E-05 0.40865 9.9955E-05 0.221254
0.19847 9.9946E-05 9.9946E-05 0.799618 9.9946E-05 9.9946E-05 0.0013124 9.9946E-05 9.9946E-05
0.0576833 9.99459E-05 9.99459E-05 0.888465 0.0532519 9.99459E-05 9.99459E-05 9.99459E-05 9.99459E-05
0.0308972 9.9964E-05 9.9964E-05 0.432566 0.0765724 0.0284071 0.431157 9.9964E-05 9.9964E-05
0.0295658 0.0108818 9.9955E-05 0.375657 9.9955E-05 9.9955E-05 0.583396 9.9955E-05 9.9955E-05
0.0387828 9.9964E-05 9.9964E-05 0.581702 0.0637704 0.0478341 0.267511 9.9964E-05 9.9964E-05
0.0791461 9.9946E-05 9.9946E-05 0.415249 9.9946E-05 9.9946E-05 0.505005 9.9946E-05 9.9946E-05
0.010067 9.9955E-05 9.9955E-05 0.468178 0.013425 9.9955E-05 0.50783 9.9955E-05 9.9955E-05
9.9973E-05 0.799899 9.9973E-05 0.118763 0.0140092 0.00139823 0.043201 9.9973E-05 0.0224299
9.9982E-05 0.627796 0.0612677 0.0561555 0.0675903 0.00443814 9.9982E-05 0.0704575 0.112095
9.9946E-05 0.858199 9.9946E-05 9.9946E-05 0.0613297 9.9946E-05 9.9946E-05 9.9946E-05 0.0798713
9.9946E-05 0.894624 0.031723 9.9946E-05 9.9946E-05 9.9946E-05 0.0730529 9.9946E-05 9.9946E-05
0.328758 0.042826 9.9982E-05 0.0313686 0.011986 0.0484484 0.495867 0.040546 9.9982E-05
0.43944 0.0533104 0.043068 9.9973E-05 0.0302574 9.9973E-05 0.432423 9.9973E-05 0.00120141
0.482435 0.00109683 9.9964E-05 9.9964E-05 0.0124105 9.9964E-05 0.48122 0.0224377 9.9964E-05
0.322429 0.143275 9.9946E-05 9.9946E-05 9.9946E-05 9.9946E-05 0.533696 9.9946E-05 9.9946E-05
0.189637 0.0237048 9.9964E-05 9.9964E-05 9.9964E-05 0.110872 0.511327 0.16406 9.9964E-05
0.536693 9.9964E-05 9.9964E-05 9.9964E-05 0.0957813 0.0271945 0.250045 0.0898868 9.9964E-05
0.259001 9.9946E-05 9.9946E-05 9.9946E-05 0.1448 9.9946E-05 0.5956 9.9946E-05 9.9946E-05
0.433497 0.00159933 0.00646726 0.126104 9.9973E-05 0.161138 0.270894 9.9973E-05 9.9973E-05
0.0156996 0.264218 0.0195199 9.9982E-05 0.0594422 0.0370899 0.45532 9.9982E-05 0.14851
0.352845 9.9982E-05 0.0143971 0.153425 0.0231265 9.9982E-05 0.357192 0.00967008 0.0891447
0.499781 9.9955E-05 9.9955E-05 9.9955E-05 0.0883593 9.9955E-05 0.310509 0.100851 9.9955E-05
0.329104 9.9946E-05 9.9946E-05 0.13249 9.9946E-05 9.9946E-05 0.537806 9.9946E-05 9.9946E-05
0.503042 0.0528867 9.9964E-05 0.0392821 0.0113248 9.9964E-05 0.393064 9.9964E-05 9.9964E-05
0.374801 9.9973E-05 0.0448638 0.0368299 9.9973E-05 0.00476782 0.529389 0.00904887 9.9973E-05
0.300843 0.0965607 9.9955E-05 0.0305981 9.9955E-05 9.9955E-05 0.571498 9.9955E-05 9.9955E-05
0.835126 9.9955E-05 9.9955E-05 0.0608637 9.9955E-05 0.0289346 0.074576 9.9955E-05 9.9955E-05
0.616013 9.9973E-05 0.0459283 0.039596 0.0270551 0.0250557 0.246052 9.9973E-05 9.9973E-05
0.538133 0.039387 0.0219839 0.0682633 9.9982E-05 9.9982E-05 0.279829 0.0515705 0.000633482
0.833801 9.9946E-05 0.0819243 0.0836746 9.9946E-05 9.9946E-05 9.9946E-05 9.9946E-05 9.9946E-05
0.343843 0.0199697 0.054685 0.0567204 0.0394044 9.9991E-05 0.420431 0.0612916 0.00355544
0.640122 9.9955E-05 0.1155 9.9955E-05 9.9955E-05 0.167903 0.0759757 9.9955E-05 9.9955E-05
0.698331 9.9946E-05 0.145459 0.155611 9.9946E-05 9.9946E-05 9.9946E-05 9.9946E-05 9.9946E-05
0.346691 0.00494299 0.0469703 9.9973E-05 9.9973E-05 9.9973E-05 0.489796 0.00630289 0.104997
0.642677 0.039179 9.9973E-05 9.9973E-05 0.113743 0.0576279 0.11742 9.9973E-05 0.0290532
0.42515 9.9973E-05 0.00762531 9.9973E-05 9.9973E-05 0.0308341 0.426408 0.0755081 0.0341741
0.149074 0.104 9.9973E-05 0.0720592 9.9973E-05 9.9973E-05 0.638117 0.00100076 0.0354492
0.351838 9.9955E-05 0.0227938 9.9955E-05 9.9955E-05 9.9955E-05 0.547878 0.0769907 9.9955E-05
0.00778125 9.9991E-05 0.055476 0.147391 0.178901 0.128955 0.35319 0.102595 0.0256118
0.358614 9.9964E-05 9.9964E-05 0.014012 0.00236301 9.9964E-05 0.530075 0.0945368 9.9964E-05
0.334268 0.0483538 9.9964E-05 9.9964E-05 0.101009 9.9964E-05 0.410813 0.105157 9.9964E-05
0.696617 9.9946E-05 0.00539791 9.9946E-05 9.9946E-05 9.9946E-05 0.297385 9.9946E-05 9.9946E-05
0.197168 0.0516456 0.0420685 0.0978037 0.0697844 9.9982E-05 0.525035 0.0162957 9.9982E-05
9.9964E-05 0.610303 0.0068815 9.9964E-05 0.142227 0.0681488 9.9964E-05 0.17204 9.9964E-05
0.0543547 0.688634 0.0966275 9.9973E-05 0.109214 9.9973E-05 0.0107748 0.0400953 9.9973E-05
9.9964E-05 0.790418 0.0264191 9.9964E-05 0.00497553 0.0709042 9.9964E-05 0.106883 9.9964E-05
0.0450388 0.781834 0.038366 0.0198574 9.9964E-05 9.9964E-05 9.9964E-05 0.114504 9.9964E-05
9.9955E-05 0.684935 9.9955E-05 9.9955E-05 9.9955E-05 0.179173 0.015031 0.120361 9.9955E-05
0.641508 0.00472963 9.9973E-05 9.9973E-05 0.112049 9.9973E-05 0.120293 0.092053 0.0290668
0.664191 0.0793234 9.9973E-05 9.9973E-05 0.0902711 0.00972325 0.102007 0.0541841 9.9973E-05
