0.0489183 9.9964E-05 9.9964E-05 0.830667 9.9964E-05 9.9964E-05 0.00712863 0.0742204 0.038666
0.00102309 0.0467222 0.0478808 0.899706 9.9964E-05 9.9964E-05 9.9964E-05 0.00426815 9.9964E-05
0.0279175 9.9955E-05 9.9955E-05 0.724343 9.9955E-05 9.9955E-05 0.162696 0.0845436 9.9955E-05
0.0641955 0.0188239 9.9982E-05 0.725034 0.0312654 9.9982E-05 0.0512122 0.0438319 0.0654368
0.00374568 0.0272846 9.9964E-05 0.841561 9.9964E-05 9.9964E-05 0.0461805 9.9964E-05 0.0808285
0.078862 9.9991E-05 0.110059 0.542531 0.0138428 0.0737318 0.0657069 0.0212245 0.0939419
9.9973E-05 0.0074689 0.00887001 0.759496 0.0997418 0.0600193 9.9973E-05 0.064104 9.9973E-05
0.0770138 9.9973E-05 9.9973E-05 0.725156 0.0680856 0.0708895 9.9973E-05 0.0126633 0.0458917
0.0272689 9.99729E-05 0.046948 0.811234 0.0325691 0.0536906 9.99729E-05 0.0279896 9.99729E-05
0.0310256 0.0567063 9.9982E-05 0.644276 9.9982E-05 0.0711062 0.0949916 0.0291102 0.072584
0.092761 9.9973E-05 9.9973E-05 0.708042 0.00755012 0.091372 0.0817891 0.0181863 9.9973E-05
9.9955E-05 9.9955E-05 0.0233769 9.9955E-05 0.767486 9.9955E-05 0.178072 9.9955E-05 0.0305649
0.0433953 0.00690105 9.9982E-05 9.9982E-05 0.379701 0.0103313 0.494011 0.0284834 0.0369774
9.9982E-05 0.0109995 0.00401704 0.0472609 0.695122 9.9982E-05 0.182274 0.0286111 0.0315148
9.9964E-05 0.0125294 9.9964E-05 0.0215809 0.628307 9.9964E-05 0.198068 9.9964E-05 0.139115
9.9982E-05 0.0393838 0.0168624 0.091718 0.406021 0.0133298 0.301862 9.9982E-05 0.130622
9.9982E-05 0.00222865 0.0613418 0.00928109 0.339393 9.9982E-05 0.499335 0.0158092 0.0724112
9.9973E-05 9.9973E-05 0.0773392 9.9973E-05 0.369774 0.0698976 0.346014 0.0515361 0.0851391
9.9964E-05 9.9964E-05 9.9964E-05 0.109087 0.575576 9.9964E-05 0.230779 0.0319306 0.0522265
0.0447024 9.9964E-05 9.9964E-05 0.0181762 0.862127 0.0543833 9.9964E-05 0.0202116 9.9964E-05
9.9982E-05 0.0869774 0.0379174 9.9982E-05 0.426703 0.030247 0.317544 0.0440451 0.0563662
0.0713288 0.054771 0.052467 0.0152444 0.182234 0.12084 0.478602 0.0244131 9.9991E-05
0.034456 0.00194854 0.0872107 0.0745465 0.243049 9.9991E-05 0.524446 0.00837778 0.0258659
9.9973E-05 9.9973E-05 0.0418855 9.9973E-05 0.64353 0.0106203 0.185483 0.0302271 0.0879542
0.0407883 0.0125663 0.0159792 0.120409 0.212746 0.0192499 0.542538 9.9991E-05 0.0356231
9.9955E-05 9.9955E-05 9.9955E-05 9.9955E-05 0.438976 9.9955E-05 0.414119 0.0620015 0.0844033
9.9964E-05 9.9964E-05 9.9964E-05 0.0100106 0.777732 9.9964E-05 0.116101 0.0317428 0.0640141
9.9955E-05 9.9955E-05 9.9955E-05 0.00180254 0.783181 9.9955E-05 0.00647978 9.9955E-05 0.208037
9.9973E-05 0.0762712 9.9973E-05 0.0032491 0.688589 0.0648718 0.143359 9.9973E-05 0.0233604
9.993E-05 9.993E-05 9.993E-05 9.993E-05 9.993E-05 9.993E-05 9.993E-05 0.999201 9.993E-05
9.993E-05 9.993E-05 9.993E-05 9.993E-05 9.993E-05 9.993E-05 9.993E-05 0.999201 9.993E-05
9.9964E-05 9.9964E-05 0.0874457 0.43166 9.9964E-05 9.9964E-05 0.0573211 0.374285 0.0488888
0.00976274 9.9973E-05 0.110547 0.477214 9.9973E-05 9.9973E-05 0.0217171 0.256689 0.12377
0.00167158 0.0471491 0.188546 0.121413 0.135384 0.00125193 0.502592 0.0018923 9.9991E-05
0.033111 9.9982E-05 0.310089 0.115362 9.9982E-05 0.0163201 0.493969 0.00720797 0.0237408
9.9964E-05 0.0212729 0.364652 0.0581272 9.9964E-05 9.9964E-05 0.539471 9.9964E-05 0.0160766
0.0442097 9.9955E-05 9.9955E-05 0.114751 0.745676 9.9955E-05 0.0948627 9.9955E-05 9.9955E-05
9.9964E-05 0.0616885 0.595379 9.9964E-05 9.9964E-05 0.0269597 0.28151 0.0340631 9.9964E-05
0.00552993 0.0353195 0.293175 0.0357766 0.205905 9.9982E-05 0.402992 9.9982E-05 0.0211029
9.9964E-05 0.0675823 0.190611 9.9964E-05 9.9964E-05 9.9964E-05 0.634638 0.030212 0.0765567
0.0266781 9.9982E-05 0.128187 0.090843 9.9982E-05 0.173064 0.519043 0.04945 0.012535
9.9982E-05 9.9982E-05 0.120919 0.0542413 0.0855212 0.0391873 0.609442 0.0656368 0.0248523
9.9964E-05 9.9964E-05 0.668137 0.0614791 0.16973 9.9964E-05 0.0713597 0.0288941 9.9964E-05
9.9964E-05 9.9964E-05 0.125941 0.0458994 0.0707942 0.210538 0.546427 9.9964E-05 9.9964E-05
0.0259264 0.0324158 0.281842 0.0248168 9.9982E-05 9.9982E-05 0.50303 0.0635399 0.0682292
0.0142477 0.089224 0.138134 0.125769 0.0121141 0.059002 0.467474 0.0684984 0.0255359
9.9955E-05 0.107125 0.623014 9.9955E-05 9.9955E-05 9.9955E-05 0.258823 0.0105383 9.9955E-05
0.0528837 9.9973E-05 0.311789 0.0621 9.9973E-05 9.9973E-05 0.515903 0.013437 0.0435878
0.022953 9.9982E-05 0.224824 0.0768003 9.9982E-05 0.028118 0.569224 0.00377821 0.0741031
9.9946E-05 9.9946E-05 0.662205 0.0119885 9.9946E-05 0.325207 9.9946E-05 9.9946E-05 9.9946E-05
0.201967 0.104369 0.190906 9.9973E-05 0.38682 0.0300406 0.0855974 9.9973E-05 9.9973E-05
9.9964E-05 0.077009 0.0702893 9.9964E-05 0.413412 0.374383 0.0645061 9.9964E-05 9.9964E-05
0.039651 0.0654882 0.162553 0.0242692 0.125996 9.9991E-05 0.453852 0.0275759 0.100514
9.999E-05 0.0241311 0.044295 0.0548523 0.154507 0.0329798 0.594938 0.00183868 0.0923582
0.0788242 0.0536706 9.9991E-05 0.0371188 0.127922 0.0907937 0.557014 0.0226179 0.0319387
0.177631 0.0827664 0.236097 0.0679797 0.307671 0.0644908 0.0456377 0.017626 9.9991E-05
0.0213729 0.0539138 0.0471807 9.9982E-05 0.246472 0.0485915 0.546957 0.0353114 9.9982E-05
0.0357598 0.00169361 0.0342101 0.0536391 0.198655 0.115232 0.449619 9.9991E-05 0.111091
0.0170109 0.0701446 0.174229 0.0775676 0.191671 0.171672 0.264102 0.0094879 0.0241158
0.0238184 9.9991E-05 0.081898 0.170972 0.473426 0.145161 0.01889 0.0330837 0.0526511
0.119407 0.0915523 0.130085 9.9991E-05 0.0804882 0.0150341 0.405444 0.105081 0.0528088
0.0330479 0.128494 9.9982E-05 0.0704671 0.304009 0.0230651 0.41108 0.0296373 9.9982E-05
0.13821 0.0393074 0.0914915 9.9973E-05 0.53873 0.144245 9.9973E-05 0.0477155 9.9973E-05
9.9973E-05 0.0848068 0.00996974 9.9973E-05 0.49648 9.9973E-05 0.380186 0.0158225 0.0124353
0.0128773 0.137619 0.0868409 9.9982E-05 0.0839569 0.0706073 0.559858 9.9982E-05 0.0480415
0.0309526 0.0180092 9.9991E-05 0.0146649 0.265138 0.0539887 0.459207 0.032554 0.125385
9.999E-05 0.0879482 0.0954529 0.0581586 0.417049 0.0550556 0.226253 0.0100224 0.0499596
9.9964E-05 9.9964E-05 0.130257 9.9964E-05 0.325789 0.0261253 0.435992 0.0814377 9.9964E-05
0.188939 0.040744 0.0573407 9.9982E-05 0.0232733 9.9982E-05 0.517638 0.064656 0.107208
0.0355864 0.0836661 0.059708 9.9982E-05 0.563711 0.0794543 0.107374 0.0703006 9.9982E-05
9.9946E-05 9.9946E-05 0.456353 9.9946E-05 0.0663218 9.9946E-05 0.476725 9.9946E-05 9.9946E-05
9.9955E-05 9.9955E-05 0.694445 9.9955E-05 0.136982 9.9955E-05 0.121278 0.0467956 9.9955E-05
0.0158732 0.0362923 0.0821389 0.0505475 0.187457 9.9982E-05 0.54218 9.9982E-05 0.085311
9.9946E-05 0.00983066 0.81774 9.9946E-05 9.9946E-05 0.17183 9.9946E-05 9.9946E-05 9.9946E-05
9.9955E-05 0.120531 0.760101 9.9955E-05 0.0242568 0.0946107 9.9955E-05 9.9955E-05 9.9955E-05
9.9955E-05 0.0978866 0.674857 9.9955E-05 0.0276365 9.9955E-05 0.19912 9.9955E-05 9.9955E-05
0.0380167 9.9973E-05 0.509386 9.9973E-05 0.0240943 0.0340974 0.363891 0.0302145 9.9973E-05
0.0627581 9.9973E-05 0.171901 0.0888026 0.0780419 9.9973E-05 0.512498 9.9973E-05 0.085698
0.0486961 9.9973E-05 0.46349 9.9973E-05 9.9973E-05 0.0588321 0.387678 0.0206286 0.0203748
0.0544847 9.9982E-05 0.618358 0.0151272 0.169966 9.9982E-05 0.0884268 0.000501883 0.0529355
0.125177 9.9964E-05 0.553884 0.02611 0.126116 9.9964E-05 0.168314 9.9964E-05 9.9964E-05
0.0186576 0.101438 0.151284 0.077755 0.0998964 9.9991E-05 0.434805 0.026011 0.0900531
9.9964E-05 9.9964E-05 0.581175 0.0365206 0.141017 9.9964E-05 0.174133 9.9964E-05 0.0667542
0.0077518 9.9982E-05 0.545297 0.0439514 0.0413353 9.9982E-05 0.328361 0.00200179 0.031102
9.9964E-05 0.0964014 0.565267 9.9964E-05 9.9964E-05 0.00325548 0.326696 0.00798081 9.9964E-05
0.000708774 0.15426 0.641955 9.9955E-05 9.9955E-05 0.202576 9.9955E-05 9.9955E-05 9.9955E-05
9.9964E-05 9.9964E-05 0.242527 9.9964E-05 0.0312685 0.104004 0.61666 9.9964E-05 0.00514035
0.0620285 9.9964E-05 9.9964E-05 0.7738 9.9964E-05 9.9964E-05 0.114718 0.0158807 0.0331726
9.9955E-05 9.9955E-05 0.0101207 0.819515 9.9955E-05 9.9955E-05 0.0781584 0.0917066 9.9955E-05
0.00225207 9.9955E-05 9.9955E-05 0.789982 9.9955E-05 9.9955E-05 0.120752 0.086514 9.9955E-05
9.9964E-05 9.9964E-05 9.9964E-05 0.830536 9.9964E-05 0.0365008 0.0310546 0.0930279 0.00848072
9.9973E-05 0.0167957 0.00485111 0.764681 9.9973E-05 9.9973E-05 0.0790893 0.0924016 0.0418809
9.9973E-05 0.0328504 9.9973E-05 0.808937 9.9973E-05 0.0187572 0.051104 0.0667941 0.021257
9.9964E-05 9.9964E-05 9.9964E-05 0.866364 9.9964E-05 0.0195363 0.0661338 0.0451577 0.00240815
0.0449758 9.9991E-05 0.300527 0.00101668 0.0479941 0.0437904 0.430037 0.063663 0.0678969
9.9991E-05 0.00568189 0.248521 0.0304964 0.127939 0.0710541 0.36722 0.0333555 0.115632
9.9955E-05 0.0528989 0.720437 0.0372397 0.188925 9.9955E-05 9.9955E-05 9.9955E-05 9.9955E-05
9.9973E-05 0.00842201 0.266537 0.105989 9.9973E-05 9.9973E-05 0.574448 0.0308719 0.0134331
9.9955E-05 9.9955E-05 0.445216 0.070602 0.128872 9.9955E-05 0.35481 9.9955E-05 9.9955E-05
0.0172227 0.0546783 0.234513 0.0510822 9.9982E-05 0.00928912 0.618226 0.014789 9.9982E-05
9.9982E-05 0.0973625 0.238845 0.0261153 0.0687419 0.0816624 0.441769 0.0453039 9.9982E-05
9.9964E-05 0.0163339 0.482327 9.9964E-05 9.9964E-05 0.00707076 0.367685 9.9964E-05 0.126183
0.0519268 9.9955E-05 0.682119 0.0405155 0.224939 9.9955E-05 9.9955E-05 9.9955E-05 9.9955E-05
0.0475964 9.9982E-05 0.00058025 0.137865 0.111092 0.0634922 0.538057 9.9982E-05 0.101118
9.9982E-05 0.0963278 0.205331 0.054133 0.0129187 0.0203055 0.566808 9.9982E-05 0.0439759
0.0112432 0.0265141 0.206176 0.0795009 0.0462859 0.0028003 0.539867 0.0477905 0.039822
9.9973E-05 0.104961 0.414917 9.9973E-05 0.0784915 0.104015 0.281388 0.0159281 9.9973E-05
9.9964E-05 0.0743499 0.42464 9.9964E-05 9.9964E-05 0.00707169 0.491904 0.00163439 9.9964E-05
0.0468511 9.9982E-05 0.403184 0.00290514 0.0922705 0.0263149 0.413868 0.0144068 9.9982E-05
9.9946E-05 9.9946E-05 0.637943 9.9946E-05 9.9946E-05 9.9946E-05 0.290149 9.9946E-05 0.0713086
0.07917 0.00726049 0.427054 0.0200474 9.9973E-05 9.9973E-05 0.426221 9.9973E-05 0.0399474
0.0780319 0.115725 0.0455615 0.0701036 0.100708 9.9982E-05 0.566668 0.0230014 9.9982E-05
0.00506979 0.201856 9.9991E-05 0.0551435 0.41422 0.103845 0.17783 0.0168369 0.0250984
0.190508 9.9973E-05 9.9973E-05 0.0610109 0.282428 9.9973E-05 0.371479 0.030258 0.0640159
0.0622754 0.136831 0.0677208 0.120114 0.146669 0.00107623 0.465114 9.9982E-05 9.9982E-05
0.0628927 0.107109 0.0376856 0.0278469 0.0998435 0.0200885 0.55165 0.0264411 0.0664425
0.095663 0.06008 0.0116943 9.9973E-05 0.354039 9.9973E-05 0.446056 0.0321682 9.9973E-05
9.9973E-05 0.0511303 0.0140173 9.9973E-05 0.352381 0.0687899 0.496514 9.9973E-05 0.0168673
0.171639 0.0449634 9.9973E-05 0.0633179 0.304716 9.9973E-05 0.411695 9.9973E-05 0.00336888
0.0958679 0.101193 0.113571 0.11711 0.0542779 9.9991E-05 0.485913 0.0261165 0.00585007
0.106794 9.9964E-05 9.9964E-05 9.9964E-05 0.218753 0.100562 0.54998 9.9964E-05 0.0235114
0.00944825 0.0485562 9.9973E-05 9.9973E-05 0.286945 0.0829973 0.539518 0.0322359 9.9973E-05
0.0672011 9.9964E-05 9.9964E-05 9.9964E-05 0.399042 0.0467594 0.480166 0.0064318 9.9964E-05
0.134846 0.0684216 0.0291654 9.9973E-05 9.9973E-05 0.0565897 0.673338 0.0373399 9.9973E-05
0.0585223 0.0656579 9.9991E-05 0.0707592 0.120144 0.0557589 0.589981 0.0157856 0.0232911
0.108431 0.170587 0.0732356 9.9973E-05 0.185407 9.9973E-05 0.401008 9.9973E-05 0.0610315
0.11453 0.0180434 9.9973E-05 0.0676545 0.0311216 0.186861 0.581489 9.9973E-05 9.9973E-05
0.124989 0.0754909 0.0476095 9.9982E-05 0.172386 0.0391988 0.504791 9.9982E-05 0.0353341
0.0360239 0.0264383 9.9982E-05 0.0808037 0.40095 0.126927 0.269186 0.0594713 9.9982E-05
0.0531723 0.0357842 0.0396493 0.0597434 0.178423 9.9982E-05 0.618199 0.0148287 9.9982E-05
9.9982E-05 0.0353393 9.9982E-05 0.0174569 0.249499 0.0272159 0.664872 0.00156786 0.0038482
0.0917406 0.0666353 0.159629 0.0423929 0.465383 9.9982E-05 0.102116 9.9982E-05 0.0719035
0.056937 0.255599 9.9982E-05 0.0177282 0.319884 0.163871 0.173742 9.9982E-05 0.0120389
0.162506 0.034239 0.0369978 0.0133153 0.0584916 0.103588 0.538626 0.000358558 0.0518781
0.127779 0.320907 0.148699 9.9991E-05 0.238942 0.109039 0.0187215 0.0214156 0.0143978
0.061088 0.0774368 0.0511445 0.038795 0.535373 0.0292693 0.206693 9.9982E-05 9.9982E-05
0.0113717 0.0290117 0.13246 0.0072644 0.472471 9.9973E-05 0.347121 9.9973E-05 9.9973E-05
0.122264 0.0459488 0.0966196 9.9973E-05 0.456147 9.9973E-05 0.24068 0.0380397 9.9973E-05
0.16232 0.032891 0.129889 9.9973E-05 0.414153 9.9973E-05 0.255403 9.9973E-05 0.00504409
0.078874 9.9982E-05 0.0503548 0.0156616 0.190937 9.9982E-05 0.547422 0.0478619 0.068688
0.105476 0.0264532 0.0233319 0.062209 0.0746067 0.0571688 0.593812 0.0436258 0.0133162
0.0524809 0.0558261 0.159064 0.104649 0.181325 9.9982E-05 0.42799 0.0184656 9.9982E-05
0.06331 0.122129 0.0705027 9.9991E-05 0.397138 0.200852 0.1089 0.00404826 0.0330196
9.9991E-05 0.103371 0.0665969 0.179552 0.0252682 0.0505031 0.527596 0.0423492 0.00466379
0.0435165 0.0993404 0.209251 0.011528 0.0454432 0.0772012 0.405403 0.0446378 0.0636789
9.9964E-05 0.220199 0.0563285 0.132722 0.182547 0.407804 9.9964E-05 9.9964E-05 9.9964E-05
9.9973E-05 0.0481271 0.106183 0.131765 0.0104634 0.045389 0.657773 9.9973E-05 9.9973E-05
0.0892814 0.107825 0.182833 0.0841922 0.0315587 0.218678 0.280736 0.000389678 0.00450704
0.103742 0.0986585 0.101043 0.0542798 0.031297 0.0796575 0.412128 9.9991E-05 0.119094
0.0778133 0.0564725 0.0548396 0.0490201 0.15347 0.370548 0.231111 0.00662592 9.9991E-05
0.0729234 0.0860929 0.0643845 0.0365703 0.16032 0.365876 0.203264 0.0104691 9.9991E-05
0.126748 0.104867 0.118611 0.0295382 0.0314416 0.167018 0.421575 9.9982E-05 9.9982E-05
0.0222371 0.00255585 0.0651446 0.0203845 0.098271 0.216563 0.459976 0.0346618 0.0802057
0.0630972 0.0931615 0.0324542 0.105936 0.192949 0.116145 0.375778 0.0127342 0.00774491
9.9973E-05 9.9973E-05 0.170427 0.00191791 0.234931 0.425882 9.9973E-05 0.00583898 0.160704
9.9991E-05 0.166662 0.115244 0.111816 0.0233419 0.0158302 0.501581 0.012636 0.0527895
9.9964E-05 0.0377811 0.210383 9.9964E-05 0.204315 0.24422 0.302901 9.9964E-05 9.9964E-05
0.0525567 0.0671718 0.122748 9.9973E-05 0.190197 0.167426 0.3996 9.9973E-05 9.9973E-05
9.9991E-05 0.15258 0.152412 0.0698057 0.0155 0.0322177 0.491698 0.00446938 0.0812175
0.0272106 9.9982E-05 9.9982E-05 0.224512 0.04019 0.258612 0.129308 0.0477671 0.272201
9.9955E-05 9.9955E-05 9.9955E-05 0.439795 9.9955E-05 0.38959 9.9955E-05 0.0223452 0.14777
9.9964E-05 0.0213053 9.9964E-05 0.365008 9.9964E-05 0.427781 9.9964E-05 0.0445016 0.141004
9.9955E-05 9.9955E-05 9.9955E-05 0.339416 9.9955E-05 0.234196 0.0671981 9.9955E-05 0.35869
0.0278893 9.9964E-05 0.0762644 9.9964E-05 9.9964E-05 0.199945 0.686811 0.00869051 9.9964E-05
0.0393852 0.217521 0.0653804 0.132289 0.0128004 0.00369819 0.528725 9.9982E-05 9.9982E-05
9.9946E-05 9.9946E-05 9.9946E-05 9.9946E-05 0.0340195 9.9946E-05 0.274096 9.9946E-05 0.691285
0.0694135 9.9973E-05 0.0598041 0.0325942 0.105018 9.9973E-05 0.258685 9.9973E-05 0.474185
0.077913 0.0909794 0.0477175 9.9982E-05 9.9982E-05 0.00499279 0.43165 0.048676 0.297872
9.9973E-05 0.159768 0.0642553 9.9973E-05 0.118267 0.355183 0.291551 0.010676 9.9973E-05
0.116399 0.0109929 0.126526 0.0429643 9.9991E-05 0.152494 0.466029 0.0128185 0.071677
9.9964E-05 0.145106 0.0595624 9.9964E-05 0.10711 0.506956 0.180866 9.9964E-05 9.9964E-05
9.9964E-05 0.0326056 0.153226 9.9964E-05 0.0256439 0.199726 0.588399 9.9964E-05 9.9964E-05
9.9973E-05 0.0965573 0.0713508 9.9973E-05 0.144115 0.220336 0.46127 0.00607114 9.9973E-05
0.0633363 0.0361619 0.10304 9.9973E-05 9.9973E-05 0.210368 0.505668 9.9973E-05 0.0811251
9.9964E-05 0.22246 0.0420808 9.9964E-05 0.135331 0.416632 0.183096 9.9964E-05 9.9964E-05
0.0482768 0.0962457 0.104272 0.0174428 9.9973E-05 0.116342 0.617121 9.9973E-05 9.9973E-05
9.9991E-05 0.0748543 0.145493 0.0522176 0.0539507 0.0975645 0.488298 0.0225205 0.0650008
9.9955E-05 0.00816898 0.00637616 9.9955E-05 9.9955E-05 9.9955E-05 0.0275194 9.9955E-05 0.957436
0.0436219 0.00446075 9.9955E-05 9.9955E-05 9.9955E-05 9.9955E-05 0.0816808 9.9955E-05 0.869737
0.0333373 0.020486 0.0502114 0.0194932 0.00638977 9.9991E-05 0.273884 0.0533764 0.542722
0.0362863 0.00147651 9.9964E-05 9.9964E-05 9.9964E-05 9.9964E-05 0.310904 0.0019968 0.648937
0.0312662 9.9973E-05 0.0133135 9.9973E-05 0.0139467 9.9973E-05 0.190108 0.00141791 0.749648
9.993E-05 9.993E-05 9.993E-05 9.993E-05 9.993E-05 9.993E-05 9.993E-05 9.993E-05 0.999201
0.039226 0.00767383 0.00604593 9.9955E-05 9.9955E-05 9.9955E-05 9.9955E-05 9.9955E-05 0.946554
9.9946E-05 0.000322338 9.9946E-05 9.9946E-05 9.9946E-05 9.9946E-05 0.206909 9.9946E-05 0.792169
0.0269137 9.9955E-05 9.9955E-05 9.9955E-05 0.0334144 9.9955E-05 9.9955E-05 0.013214 0.925958
9.993E-05 9.993E-05 9.993E-05 9.993E-05 9.993E-05 9.993E-05 9.993E-05 9.993E-05 0.999201
9.9937E-05 9.9937E-05 9.9937E-05 9.9937E-05 9.9937E-05 9.9937E-05 9.9937E-05 0.042008 0.957292
9.9964E-05 0.0099859 9.9964E-05 9.9964E-05 0.0232617 9.9964E-05 0.130638 0.0867062 0.749009
0.0761053 9.9955E-05 0.0197187 9.9955E-05 9.9955E-05 9.9955E-05 0.100449 9.9955E-05 0.803227
9.9946E-05 9.9946E-05 0.0304761 9.9946E-05 0.0202859 9.9946E-05 9.9946E-05 9.9946E-05 0.948638
0.0743373 0.0494656 0.0781184 0.0475194 0.087379 9.9982E-05 0.358847 9.9982E-05 0.304134
0.0254346 9.9964E-05 9.9964E-05 0.0649916 9.9964E-05 9.9964E-05 0.308147 0.0119716 0.589056
9.9955E-05 9.9955E-05 9.9955E-05 9.9955E-05 9.9955E-05 0.0101657 0.207534 0.0824633 0.699338
9.9955E-05 9.9955E-05 9.9955E-05 9.9955E-05 0.0498241 9.9955E-05 0.025457 0.0130279 0.911191
9.9937E-05 9.9937E-05 9.9937E-05 9.9937E-05 9.9937E-05 9.9937E-05 0.0610714 9.9937E-05 0.938229
0.00218137 0.021953 9.9973E-05 0.00684045 9.9973E-05 9.9973E-05 0.0687205 0.0043465 0.895658
9.9946E-05 9.9946E-05 0.0168416 9.9946E-05 9.9946E-05 9.9946E-05 9.9946E-05 0.00412598 0.978433
0.0170223 0.00944926 0.0383049 0.0175364 0.0270888 0.00768906 0.282126 0.0475707 0.553212
9.9955E-05 9.9955E-05 0.0182632 9.9955E-05 0.0166318 9.9955E-05 0.0495116 9.9955E-05 0.915094
9.9955E-05 0.0839532 9.9955E-05 0.263123 9.9955E-05 0.592184 9.9955E-05 9.9955E-05 0.0602407
0.126134 9.9982E-05 0.0890567 0.0772057 9.9982E-05 0.231117 0.422297 0.0419644 0.0120253
0.0350162 9.9982E-05 0.0300646 0.217993 9.9982E-05 0.263181 0.410421 0.00982661 0.0332982
0.0287521 0.00909366 0.0281659 0.175343 9.9991E-05 0.430395 0.287447 0.0313034 0.00939989
0.0218461 0.113589 0.135998 0.15152 9.9991E-05 0.0448688 0.44487 0.0215457 0.065663
9.9973E-05 9.9973E-05 0.117943 0.172922 9.9973E-05 0.379712 0.168921 0.0432328 0.116969
0.02305 0.0308343 0.112946 0.186461 0.0393565 0.108636 0.415667 0.0290655 0.0539833
9.9964E-05 9.9964E-05 0.0832399 0.090189 9.9964E-05 0.345561 0.312006 9.9964E-05 0.168605
9.9973E-05 0.0136499 9.9973E-05 0.0366579 9.9973E-05 0.232345 0.440041 0.115412 0.161594
9.9964E-05 9.9964E-05 9.9964E-05 0.0442768 9.9964E-05 0.325541 0.413266 0.0865635 0.129953
0.00351938 9.9982E-05 0.0371809 0.1773 0.0251196 0.197224 0.477593 9.9982E-05 0.0818626
0.095615 9.9964E-05 9.9964E-05 0.797411 9.9964E-05 0.0728664 0.0292604 0.00444708 9.9964E-05
9.9964E-05 0.0144725 9.9964E-05 0.753855 9.9964E-05 0.0207919 9.9964E-05 0.124016 0.0864647
0.0364351 9.9964E-05 0.0212389 0.868482 9.9964E-05 9.9964E-05 0.00333305 0.0701115 9.9964E-05
0.0454971 9.9946E-05 9.9946E-05 0.913271 9.9946E-05 9.9946E-05 9.9946E-05 0.0406323 9.9946E-05
0.016754 9.9973E-05 9.9973E-05 0.766289 0.0578438 0.00923894 9.9973E-05 0.138183 0.0113911
9.9964E-05 0.0285749 9.9964E-05 0.820105 9.9964E-05 0.0158414 9.9964E-05 0.0643776 0.0707009
0.00446656 9.9982E-05 0.0182588 0.792056 0.00570051 9.9982E-05 0.0304279 0.0795642 0.0693258
0.00750859 0.0588612 0.0169237 0.788925 9.9991E-05 0.0581143 0.00626362 0.0349693 0.0283344
9.9964E-05 9.9964E-05 0.0792332 0.858597 9.9964E-05 9.9964E-05 0.014403 0.0244265 0.0229406
0.0217638 9.9973E-05 9.9973E-05 0.796363 9.9973E-05 0.0335627 0.0277908 0.019318 0.100902
0.0373108 0.0183398 0.0544303 0.596298 0.252114 9.9973E-05 9.9973E-05 0.0412063 9.9973E-05
0.145703 0.0333736 0.0210733 0.57947 0.176136 9.9973E-05 9.9973E-05 0.0439438 9.9973E-05
0.0539383 0.0421469 9.9973E-05 0.491736 0.307576 0.0475081 9.9973E-05 0.0567945 9.9973E-05
0.0908186 0.00496006 0.0217903 0.497828 0.340578 0.0437249 9.9973E-05 9.9973E-05 9.9973E-05
0.0822906 0.0187779 0.240945 0.0155409 0.145352 0.0152294 0.453837 0.0279268 9.9991E-05
0.0227279 0.000173225 0.342654 0.0294908 0.149654 9.9982E-05 0.443702 9.9982E-05 0.0113982
0.087714 0.00697545 0.233011 9.9982E-05 0.155742 9.9982E-05 0.451942 0.00772948 0.0566863
0.147702 0.103059 0.202068 0.00524197 0.179703 9.9973E-05 0.361926 9.9973E-05 9.9973E-05
0.183581 0.00646232 0.143669 9.9982E-05 0.60021 0.0166174 0.0410891 9.9982E-05 0.00817179
9.9982E-05 0.0379462 0.12781 0.0703461 0.0437882 0.085281 0.625255 0.00937401 9.9982E-05
9.9955E-05 0.00719943 0.264681 9.9955E-05 0.132061 9.9955E-05 0.595559 9.9955E-05 9.9955E-05
0.00772771 9.9964E-05 0.32927 9.9964E-05 0.111883 0.0539532 0.496766 9.9964E-05 9.9964E-05
9.9964E-05 0.0574272 0.581249 9.9964E-05 9.9964E-05 0.0229217 0.227298 9.9964E-05 0.110705
0.103248 0.175016 0.0569824 0.0311694 0.0238607 9.9973E-05 0.609423 9.9973E-05 9.9973E-05
0.11743 0.0792731 0.339532 0.0457183 0.0131436 9.9982E-05 0.401877 9.9982E-05 0.00282619
0.00935419 0.186138 0.628924 9.9964E-05 0.117704 0.0574806 9.9964E-05 9.9964E-05 9.9964E-05
0.00329319 0.0754207 0.0826531 0.0850919 0.150011 0.0809493 0.516841 0.00564053 9.9991E-05
0.0389798 0.0875617 0.436262 9.9973E-05 9.9973E-05 0.191692 0.229987 9.9973E-05 0.0152184
0.0202694 0.052452 0.374587 9.9973E-05 9.9973E-05 0.0430068 0.479164 0.0302201 9.9973E-05
0.116296 9.9964E-05 0.639868 0.0534297 0.143654 9.9964E-05 0.0463528 9.9964E-05 9.9964E-05
0.77791 0.046184 0.0197236 0.0593702 9.9964E-05 0.0964119 9.9964E-05 9.9964E-05 9.9964E-05
0.818147 9.9955E-05 9.9955E-05 0.0338561 9.9955E-05 0.0701825 0.0773141 9.9955E-05 9.9955E-05
0.952604 9.9955E-05 9.9955E-05 9.9955E-05 9.9955E-05 0.00651659 0.0261303 0.0142495 9.9955E-05
0.882785 0.00157114 0.0528025 0.0623418 9.9955E-05 9.9955E-05 9.9955E-05 9.9955E-05 9.9955E-05
0.822622 9.9964E-05 9.9964E-05 9.9964E-05 0.00561934 0.0622169 0.088659 9.9964E-05 0.0204826
0.857521 9.9955E-05 9.9955E-05 0.00225535 9.9955E-05 9.9955E-05 0.0647784 9.9955E-05 0.0749459
9.9964E-05 0.0152061 9.9964E-05 0.805872 9.9964E-05 9.9964E-05 0.0962151 0.0606192 0.0216882
0.01674 9.9964E-05 9.9964E-05 0.830887 0.0338456 9.9964E-05 0.0698209 9.9964E-05 0.0483065
9.9955E-05 9.9955E-05 9.9955E-05 0.747431 9.9955E-05 9.9955E-05 0.143724 0.017935 0.090411
9.9964E-05 9.9964E-05 9.9964E-05 0.719052 0.0689946 9.9964E-05 0.0700684 0.0279884 0.113497
0.0366614 9.9973E-05 0.0133659 0.772869 9.9973E-05 9.9973E-05 0.0950663 0.00354908 0.0781889
0.501022 9.9973E-05 0.0187691 0.336082 0.0146009 0.0965714 9.9973E-05 0.0326544 9.9973E-05
0.357059 0.0364508 0.0946159 0.428562 9.9973E-05 0.0633744 9.9973E-05 0.0196374 9.9973E-05
0.404052 0.125718 0.0258535 0.407944 9.9964E-05 9.9964E-05 9.9964E-05 0.0360324 9.9964E-05
9.993E-05 9.993E-05 9.993E-05 9.993E-05 9.993E-05 9.993E-05 9.993E-05 0.999201 9.993E-05
0.503698 9.9973E-05 0.119068 0.33432 9.9973E-05 0.0224421 9.9973E-05 0.00366008 0.016512
9.9964E-05 0.0748562 9.9964E-05 0.18633 9.9964E-05 0.123658 0.267423 9.9964E-05 0.347334
9.9982E-05 9.9982E-05 0.000822306 0.0705001 0.0306917 0.0957471 0.608381 0.0243483 0.169309
9.9964E-05 9.9964E-05 9.9964E-05 0.127276 0.0234988 9.9964E-05 0.455102 0.0506235 0.3431
0.0661417 9.9991E-05 0.0467429 0.181449 0.0384709 0.107769 0.280012 0.0585028 0.220813
0.0888875 0.0208205 0.0422736 0.0579871 9.9991E-05 0.0792714 0.575425 0.0113599 0.123875
9.9946E-05 9.9946E-05 9.9946E-05 0.4144 9.9946E-05 0.282524 9.9946E-05 9.9946E-05 0.302477
0.174584 0.0292778 0.054982 0.0316971 0.330822 9.9982E-05 0.375471 0.00296722 9.9982E-05
0.117734 0.239717 0.0551507 9.9973E-05 0.172165 0.0646206 0.350313 9.9973E-05 9.9973E-05
0.114767 0.0440697 9.9973E-05 0.0548378 0.608946 9.9973E-05 0.152973 0.0241065 9.9973E-05
0.0904259 0.244471 0.0456619 9.9973E-05 0.128336 0.0297806 0.461024 9.9973E-05 9.9973E-05
9.9955E-05 0.319495 0.0995566 9.9955E-05 0.270403 0.310046 9.9955E-05 9.9955E-05 9.9955E-05
0.00553691 0.040546 0.0305324 0.015478 0.136369 0.134327 0.563593 0.0652597 0.00835833
0.0584692 0.158427 9.9964E-05 9.9964E-05 0.123265 0.174057 0.485382 9.9964E-05 9.9964E-05
0.0545119 0.0667191 0.0852754 9.9973E-05 0.464917 9.9973E-05 0.307977 0.0202998 9.9973E-05
0.0665957 0.0504646 9.9982E-05 0.0664429 0.208815 0.0955611 0.483935 9.9982E-05 0.0279861
9.9964E-05 0.0877073 0.0576095 9.9964E-05 0.529622 0.259457 0.0652043 9.9964E-05 9.9964E-05
0.0253738 0.0863192 9.9973E-05 9.9973E-05 0.275852 0.140109 0.461519 9.9973E-05 0.0105268
0.18046 0.018166 0.0972914 9.9991E-05 0.177328 0.00295406 0.449989 0.0276381 0.0460738
0.0464662 0.0639003 0.131338 0.0949283 0.103232 0.0552972 0.338898 9.9991E-05 0.165841
0.068627 0.223617 9.9973E-05 9.9973E-05 0.319406 0.0820262 0.305032 9.9973E-05 0.000992287
0.10304 0.170885 9.9982E-05 0.0445663 0.193965 0.0160883 0.468979 9.9982E-05 0.00227509
0.0553258 0.166203 0.0245792 0.0129542 0.208426 0.0731893 0.397259 0.00285355 0.0592093
0.101049 0.0885285 0.139571 0.0228512 0.0739428 0.0694814 0.504377 9.9982E-05 9.9982E-05
0.0659122 0.126391 9.9973E-05 9.9973E-05 0.123702 9.9973E-05 0.582972 0.0129053 0.0878181
0.0358304 9.9982E-05 0.0547862 0.145815 0.164422 9.9982E-05 0.580852 0.00340459 0.0146894
9.9991E-05 0.0613195 0.125026 0.0452444 0.157663 0.11232 0.378295 0.00585401 0.114177
9.9937E-05 9.9937E-05 9.9937E-05 0.805978 9.9937E-05 9.9937E-05 0.193322 9.9937E-05 9.9937E-05
9.9964E-05 0.0321121 0.0188554 0.802548 9.9964E-05 9.9964E-05 0.0864752 9.9964E-05 0.0596094
9.9973E-05 0.0116206 0.0786314 0.802241 0.0209622 0.0334553 0.05279 9.9973E-05 9.9973E-05
0.0279595 0.0111002 0.0754115 0.803886 9.9973E-05 9.9973E-05 0.0548786 9.9973E-05 0.0264643
9.9964E-05 9.9964E-05 0.0152454 0.779336 9.9964E-05 9.9964E-05 0.0998525 0.0577155 0.0474504
0.10537 0.0038193 9.9982E-05 0.0209674 0.718771 0.0109219 0.0780689 9.9982E-05 0.0618815
9.9982E-05 0.13943 9.9982E-05 0.103001 0.129167 0.0482037 0.5578 0.0213694 0.000828973
9.9982E-05 0.0294342 0.0423877 0.189358 0.0919602 0.144605 0.353978 9.9982E-05 0.148077
9.9964E-05 0.137142 9.9964E-05 9.9964E-05 0.0965545 0.0261538 0.680126 0.0596245 9.9964E-05
0.0998674 0.0924055 0.0435516 0.0246496 0.331464 9.9973E-05 0.407762 9.9973E-05 9.9973E-05
0.125639 0.105415 9.9982E-05 9.9982E-05 0.28855 0.181912 0.226313 0.00528882 0.0666827
0.129933 9.9973E-05 0.0230324 0.0911159 0.633665 0.0868704 9.9973E-05 0.0350831 9.9973E-05
0.197217 0.0380891 0.02095 9.9973E-05 0.219814 9.9973E-05 0.488845 0.0347849 9.9973E-05
0.25013 0.147404 0.0615879 0.0855683 0.300813 9.9991E-05 0.0941939 0.000176757 0.0600264
0.158662 0.161207 0.0513572 0.0330994 0.0595428 0.0869229 0.405411 0.00968385 0.0341141
0.116221 0.10127 9.9982E-05 0.137528 0.557619 9.9982E-05 0.0493092 0.0192963 0.0185569
0.0904275 9.9964E-05 9.9964E-05 0.0673522 0.193877 9.9964E-05 0.607706 9.9964E-05 0.0402373
0.109271 0.025691 0.021827 0.0704277 0.602209 0.0140209 0.144013 0.0124406 9.9991E-05
0.0857351 0.132558 9.9991E-05 0.00424167 0.367918 0.0914304 0.252874 0.0150158 0.0501269
0.121175 0.0563429 0.0462705 9.9982E-05 0.0822241 0.173096 0.454223 9.9982E-05 0.0664685
0.0931436 0.031142 0.02443 9.9973E-05 0.0312175 0.467139 0.352627 9.9973E-05 9.9973E-05
0.0618707 9.9973E-05 9.9973E-05 0.0424224 0.130459 0.252823 0.50434 9.9973E-05 0.00778425
9.9973E-05 9.9973E-05 0.0876704 0.12561 0.135885 0.143187 0.505302 0.00204577 9.9973E-05
0.0556263 0.0751765 0.0114999 9.9973E-05 0.0822589 0.366086 0.409053 9.9973E-05 9.9973E-05
9.9982E-05 0.0379529 0.0392011 0.0652356 0.133419 0.122422 0.515852 9.9982E-05 0.0857171
0.0913389 0.0573277 0.0845406 0.0251425 0.0435291 0.119771 0.572244 0.00600564 9.9991E-05
0.0875298 0.107152 0.1034 9.9973E-05 0.0182488 0.558139 0.125231 9.9973E-05 9.9973E-05
0.055505 9.9955E-05 0.0847191 9.9955E-05 9.9955E-05 0.568113 0.291163 9.9955E-05 9.9955E-05
0.0852005 0.0912374 9.9973E-05 9.9973E-05 0.0264668 0.244854 0.521195 0.0307466 9.9973E-05
0.0946049 0.0498459 0.223449 9.9973E-05 0.074538 0.406032 0.15123 9.9973E-05 9.9973E-05
0.0492617 9.9964E-05 0.0778237 9.9964E-05 0.239207 0.241069 0.392239 9.9964E-05 9.9964E-05
0.161464 0.0451599 0.123933 0.00287112 0.558902 9.9991E-05 0.0145744 0.0352016 0.0577948
0.0956414 0.387872 9.9955E-05 9.9955E-05 0.319752 9.9955E-05 0.196235 9.9955E-05 9.9955E-05
0.217596 0.0460527 0.0529339 0.0110835 0.294038 9.9991E-05 0.267637 0.00952252 0.101036
0.0736369 9.9973E-05 9.9973E-05 9.9973E-05 0.210478 0.0240769 0.617066 0.0452629 0.0291792
0.194549 9.9973E-05 0.161154 9.9973E-05 0.429578 0.0285428 0.173611 0.0122639 9.9973E-05
0.118514 0.203147 9.9982E-05 9.9982E-05 0.0860592 0.0506188 0.406378 0.0285861 0.106497
0.063787 0.0272759 0.0274914 9.9982E-05 0.252461 9.9982E-05 0.441339 0.0535185 0.133928
0.0372399 0.00203095 0.151224 9.9991E-05 0.260787 0.0387667 0.429927 0.0237269 0.0561979
0.0573079 0.124635 9.9973E-05 9.9973E-05 0.257297 9.9973E-05 0.511913 0.0463038 0.00224369
0.156091 9.9964E-05 0.168359 9.9964E-05 0.185557 9.9964E-05 0.443206 9.9964E-05 0.0463875
0.149752 9.9964E-05 0.0701862 9.9964E-05 0.517122 9.9964E-05 0.126199 9.9964E-05 0.13634
0.232746 9.9964E-05 0.101868 9.9964E-05 0.285243 9.9964E-05 0.193324 9.9964E-05 0.18642
0.0244759 0.187507 0.071451 9.9973E-05 0.147795 9.9973E-05 0.560809 0.00766259 9.9973E-05
9.9982E-05 9.9982E-05 0.0772626 0.0237296 0.291642 0.0150366 0.519163 0.0303587 0.0426076
0.0382154 0.145526 0.0621135 0.0503286 0.178538 0.108167 0.381186 0.0358266 9.9991E-05
0.0870356 0.138239 9.9973E-05 9.9973E-05 0.251068 0.00992533 0.443801 9.9973E-05 0.0696314
0.116635 9.9982E-05 9.9982E-05 0.0824637 0.372563 0.0820786 0.299812 0.041945 0.00430307
0.10828 0.0648989 9.9973E-05 0.00752284 0.211771 0.000244593 0.606983 9.9973E-05 9.9973E-05
0.0467905 0.128832 0.0925994 0.00663149 0.236422 9.9991E-05 0.392429 0.0176669 0.0785288
0.158907 0.0148655 0.108823 0.00300083 0.0775351 0.0307627 0.481056 9.9991E-05 0.12495
9.9982E-05 9.9982E-05 0.0662329 0.367824 0.050767 0.0215426 0.381601 0.027004 0.0848286
0.019987 0.145089 0.0766943 0.0719921 9.9982E-05 9.9982E-05 0.484797 0.0471108 0.15413
0.0776186 0.0341901 0.00611124 0.141377 0.0845025 0.0475792 0.48007 0.0209934 0.107558
0.0272423 0.104377 0.0927447 0.0169778 0.0857329 9.9991E-05 0.498294 0.0409557 0.133576
9.9991E-05 0.0806818 0.0282113 0.0854763 0.125799 0.0129815 0.404531 0.0688577 0.193361
9.9973E-05 0.184818 0.0130167 9.9973E-05 0.332047 0.0868147 0.370361 9.9973E-05 0.0126427
0.0438194 9.9982E-05 0.100028 0.191204 9.9982E-05 0.0822751 0.452335 0.0135933 0.116544
9.9964E-05 9.9964E-05 0.111079 0.202238 0.0940482 0.443204 9.9964E-05 9.9964E-05 0.149032
9.9964E-05 9.9964E-05 9.9964E-05 9.9964E-05 0.22568 0.0635241 0.429079 0.102959 0.178358
0.0789401 0.132959 9.9982E-05 0.0670144 9.9982E-05 0.0264641 0.458643 0.0462111 0.189569
0.0191631 0.109455 0.0490563 0.0866963 0.0545461 0.053842 0.363524 9.9991E-05 0.263618
9.9991E-05 0.0581696 0.0323337 0.237785 0.103565 0.16827 0.336212 0.00634116 0.0572243
9.9991E-05 0.0339005 0.113962 0.208445 0.0562985 0.0570915 0.411856 0.0219474 0.0963995
9.9973E-05 0.0628138 9.9973E-05 0.107543 9.9973E-05 0.100932 0.508171 0.0662846 0.153956
9.9964E-05 0.0346367 9.9964E-05 0.399139 9.9964E-05 0.310122 9.9964E-05 0.0622203 0.193482
0.0989971 9.9982E-05 0.0682108 0.157356 9.9982E-05 0.00699848 0.429331 0.0582298 0.180677
0.017304 0.0217039 0.0913269 0.185681 0.00592665 0.00856819 0.496528 0.0183293 0.154633
0.0322257 0.0184493 0.0121265 0.133549 0.0177064 0.119068 0.635154 0.00232895 0.0293924
9.9991E-05 0.0508998 0.0122012 0.145632 0.05883 0.0609675 0.479746 0.0386924 0.152931
0.0250575 0.0304964 0.108767 0.145139 0.0698078 9.9991E-05 0.442477 0.0186793 0.159476
0.0757397 0.428682 0.0355169 0.020347 9.9982E-05 9.9982E-05 0.341687 0.0156641 0.0821631
0.0762268 0.214079 0.01115 0.0459419 0.0632199 0.047324 0.412336 0.0113384 0.118385
9.9946E-05 0.803038 0.0115454 9.9946E-05 0.184817 9.9946E-05 9.9946E-05 9.9946E-05 9.9946E-05
0.0188844 0.894292 9.9955E-05 9.9955E-05 0.0724149 0.0139088 9.9955E-05 9.9955E-05 9.9955E-05
9.9973E-05 0.267776 0.0237284 0.0402049 0.157139 9.9973E-05 0.455302 9.9973E-05 0.0555494
9.9973E-05 0.083632 9.9973E-05 0.0842715 0.0340447 0.139588 0.420319 9.9973E-05 0.237845
9.9964E-05 0.240909 9.9964E-05 0.0937933 9.9964E-05 0.0358287 0.290079 9.9964E-05 0.33899
9.9982E-05 0.125937 9.9982E-05 0.175725 0.0410714 0.212154 0.120982 0.0451343 0.278796
9.9973E-05 0.19557 9.9973E-05 0.145937 9.9973E-05 0.0431482 0.296603 0.021268 0.297174
9.9964E-05 0.723163 9.9964E-05 0.0752292 9.9964E-05 0.118287 0.0320115 9.9964E-05 0.0509094
9.9973E-05 0.680585 9.9973E-05 0.051282 9.9973E-05 0.0187732 0.0934866 0.045882 0.109691
9.9964E-05 0.368191 0.0193458 9.9964E-05 9.9964E-05 9.9964E-05 0.5002 0.0573206 0.0545426
9.9964E-05 0.43558 9.9964E-05 0.0838329 9.9964E-05 9.9964E-05 0.468615 0.0106288 0.000943544
9.9964E-05 0.769346 9.9964E-05 0.0731389 9.9964E-05 9.9964E-05 0.0393563 0.0207736 0.0969859
9.9973E-05 0.25998 9.9973E-05 0.0145936 0.0979464 9.9973E-05 0.563988 0.0427129 0.0204795
9.9973E-05 0.418625 9.9973E-05 0.00604134 9.9973E-05 0.0192096 0.456058 0.0278987 0.0718673
0.022066 0.237548 9.9991E-05 0.0390714 0.0714628 0.140041 0.394486 0.000238164 0.0949864
0.0185112 0.517689 0.00969933 0.0108562 0.156049 9.9973E-05 0.286896 9.9973E-05 9.9973E-05
0.0119563 0.432501 0.0407361 9.9991E-05 0.158163 0.0127509 0.313224 0.0193155 0.0112531
0.0388528 0.315738 0.0823614 9.9982E-05 0.0271521 9.9982E-05 0.438375 0.0183578 0.078963
0.0423339 0.410535 9.9973E-05 9.9973E-05 9.9973E-05 0.0706749 0.322945 0.0866479 0.0665632
0.0325148 0.132607 0.0991029 0.0675752 0.0610712 0.112196 0.409029 0.00350669 0.0823971
9.9955E-05 0.438116 0.0176257 9.9955E-05 9.9955E-05 0.0972658 0.446493 9.9955E-05 9.9955E-05
0.0998033 0.734068 9.9946E-05 9.9946E-05 9.9946E-05 9.9946E-05 0.165529 9.9946E-05 9.9946E-05
9.9964E-05 0.352806 0.0918278 0.0348364 9.9964E-05 9.9964E-05 0.509336 9.9964E-05 0.0107935
0.0382095 0.712553 0.0606017 9.9964E-05 0.0295828 9.9964E-05 0.158653 9.9964E-05 9.9964E-05
0.0297826 0.473815 0.0997032 9.9973E-05 9.9973E-05 0.0411886 0.318923 0.0362878 9.9973E-05
0.0556212 0.1853 0.15842 9.9964E-05 9.9964E-05 9.9964E-05 0.513285 0.086974 9.9964E-05
0.0154195 0.380003 0.101316 0.0440331 0.00127941 9.9982E-05 0.433124 9.9982E-05 0.0246257
0.0278067 0.0420961 9.9991E-05 0.126853 0.0726945 0.0441615 0.615563 0.0586133 0.0121117
0.0224721 0.213739 9.9991E-05 0.0952684 0.0171554 0.181206 0.353934 0.015373 0.100752
0.0458727 0.0378595 0.0532213 0.0637986 9.9991E-05 0.145211 0.320228 0.0308552 0.302853
0.0457757 0.0502328 0.0388371 0.150295 0.119877 0.0598269 0.287451 0.0686888 0.179016
0.0708932 0.0609004 9.9982E-05 0.160806 0.0941772 9.9982E-05 0.446387 0.0362358 0.1304
9.9982E-05 0.210536 0.0349242 0.115407 0.00554805 9.9982E-05 0.418967 0.0669689 0.14745
9.9955E-05 0.629832 9.9955E-05 0.227921 9.9955E-05 0.0529276 9.9955E-05 9.9955E-05 0.0888194
0.0597428 0.0899152 9.9973E-05 0.0762807 9.9973E-05 9.9973E-05 0.573616 0.0116501 0.188495
9.9964E-05 0.425907 9.9964E-05 0.34609 9.9964E-05 0.128866 9.9964E-05 0.00702535 0.0917123
9.9955E-05 0.257307 9.9955E-05 0.0595684 9.9955E-05 9.9955E-05 0.522615 9.9955E-05 0.16001
9.9955E-05 0.756966 0.142539 9.9955E-05 9.9955E-05 0.0460272 0.0539677 9.9955E-05 9.9955E-05
9.9955E-05 0.865312 0.100821 0.00719636 9.9955E-05 9.9955E-05 9.9955E-05 0.0261704 9.9955E-05
9.9964E-05 0.440709 0.104616 9.9964E-05 0.010359 9.9964E-05 0.419991 0.0239253 9.9964E-05
9.9946E-05 0.34706 9.9946E-05 9.9946E-05 9.9946E-05 9.9946E-05 0.619246 0.0330938 9.9946E-05
9.9964E-05 0.563314 0.0795523 9.9964E-05 0.0172923 0.0433075 0.296134 9.9964E-05 9.9964E-05
9.9964E-05 0.513674 0.0414436 0.00104167 0.00569628 9.9964E-05 0.437745 9.9964E-05 9.9964E-05
0.00430248 0.426635 0.0809033 9.9955E-05 9.9955E-05 9.9955E-05 0.48766 9.9955E-05 9.9955E-05
9.9973E-05 0.0718603 9.9973E-05 0.727639 9.9973E-05 0.016574 0.0707297 0.0746497 0.0382478
0.100341 0.083521 9.9964E-05 0.655268 9.9964E-05 9.9964E-05 9.9964E-05 0.0394025 0.121067
0.0225235 9.9973E-05 9.9973E-05 0.86112 0.02193 9.9973E-05 0.0322194 0.0441062 0.0178012
9.9955E-05 0.0402964 9.9955E-05 0.793082 9.9955E-05 9.9955E-05 0.00965444 0.156468 9.9955E-05
9.9991E-05 0.0170933 0.370107 0.0300314 0.0235545 0.0197898 0.4393 0.0323731 0.0676504
0.00795267 9.9973E-05 0.456932 0.0186833 0.0653826 9.9973E-05 0.369766 9.9973E-05 0.0809835
9.9964E-05 0.00109345 0.492587 9.9964E-05 0.119042 9.9964E-05 0.334428 0.0524498 9.9964E-05
0.00330085 9.9973E-05 0.22694 0.0801535 0.030455 9.9973E-05 0.639025 0.0198253 9.9973E-05
0.125224 0.0257464 0.279205 0.0657829 0.00704614 0.00546491 0.369819 9.9991E-05 0.121611
0.0110796 0.00767959 0.499532 0.0658389 0.157588 0.0660314 0.192051 9.9982E-05 9.9982E-05
9.9964E-05 9.9964E-05 0.360417 9.9964E-05 0.0527642 9.9964E-05 0.574062 0.00988421 0.00247293
9.9964E-05 0.122153 0.400595 9.9964E-05 9.9964E-05 0.149124 0.307833 0.0198954 9.9964E-05
0.0127353 9.9982E-05 0.0364406 0.26246 0.044533 0.020418 0.450565 9.9982E-05 0.172648
0.0516684 0.103262 0.361234 9.9982E-05 0.053942 0.0418448 0.347126 9.9982E-05 0.0407238
0.0169551 9.9964E-05 0.577381 9.9964E-05 0.0990232 9.9964E-05 0.289282 0.0169596 9.9964E-05
9.9955E-05 0.101416 0.336626 9.9955E-05 0.0661121 9.9955E-05 0.495346 9.9955E-05 9.9955E-05
0.0220028 0.0951382 0.518943 0.0653771 0.00844366 9.9973E-05 0.289796 9.9973E-05 9.9973E-05
9.9964E-05 0.0506362 0.354363 9.9964E-05 9.9964E-05 0.0319804 0.547268 0.015353 9.9964E-05
9.9964E-05 9.9964E-05 0.347113 0.0872956 9.9964E-05 9.9964E-05 0.497791 0.0182608 0.0491403
9.9955E-05 0.135241 0.809246 9.9955E-05 9.9955E-05 0.0446082 0.010406 9.9955E-05 9.9955E-05
9.9964E-05 0.106271 0.528926 0.0531272 9.9964E-05 0.0757346 0.235541 9.9964E-05 9.9964E-05
0.0467775 0.0765631 0.554166 9.9964E-05 9.9964E-05 9.9964E-05 0.285799 0.0362941 9.9964E-05
9.9946E-05 0.045981 0.838706 9.9946E-05 9.9946E-05 0.114713 9.9946E-05 9.9946E-05 9.9946E-05
0.0892762 0.0355503 0.308802 0.0109232 0.128582 9.9982E-05 0.372434 9.9982E-05 0.0542324
0.0229182 0.0160035 0.594583 9.9964E-05 9.9964E-05 0.26557 0.100525 9.9964E-05 9.9964E-05
9.9955E-05 0.150586 0.614204 0.00543443 9.9955E-05 0.229276 9.9955E-05 9.9955E-05 9.9955E-05
0.0265216 0.0548477 0.386946 9.9973E-05 9.9973E-05 9.9973E-05 0.459919 0.0395274 0.0319378
9.9964E-05 9.9964E-05 0.686771 0.0457085 0.165031 9.9964E-05 0.0933555 0.00873434 9.9964E-05
9.9973E-05 9.9973E-05 0.408638 9.9973E-05 0.0957587 0.0141698 0.346628 0.0389256 0.09558
9.9982E-05 9.9982E-05 0.208299 0.083953 0.065764 0.0512045 0.508565 0.0394806 0.042533
0.078286 9.9946E-05 0.43452 9.9946E-05 9.9946E-05 9.9946E-05 0.486594 9.9946E-05 9.9946E-05
0.0605385 0.159378 9.9973E-05 9.9973E-05 0.406547 0.0494479 0.247058 9.9973E-05 0.0767309
0.077863 0.0944547 0.289116 9.9964E-05 9.9964E-05 9.9964E-05 0.506651 0.0315155 9.9964E-05
0.0181373 9.9973E-05 0.333068 0.0175891 0.220452 9.9973E-05 0.394039 0.0164148 9.9973E-05
0.017304 9.9955E-05 0.57759 9.9955E-05 9.9955E-05 0.0764733 0.328133 9.9955E-05 9.9955E-05
0.0731107 0.0854441 0.206712 0.0132691 9.9991E-05 0.0605465 0.517113 0.00566885 0.0380356
0.139323 9.9973E-05 0.00917577 0.572834 0.119531 0.105481 9.9973E-05 0.0533556 9.9973E-05
0.069266 0.0129058 0.0619078 0.687261 0.0423425 0.0375009 0.0248097 0.0639063 9.9991E-05
0.0746026 9.9964E-05 9.9964E-05 0.664542 0.0699823 0.0897716 9.9964E-05 0.100701 9.9964E-05
0.124684 0.0448924 9.9964E-05 0.695013 9.9964E-05 0.0152311 9.9964E-05 0.11978 9.9964E-05
0.19988 9.9964E-05 9.9964E-05 0.68575 0.0434493 0.0398188 9.9964E-05 0.0307024 9.9964E-05
0.0409296 9.9964E-05 0.745187 0.0574576 0.15492 9.9964E-05 9.9964E-05 9.9964E-05 0.00110598
0.0387667 0.0545146 0.660987 0.0333742 0.0593264 0.032002 0.0534499 0.0674792 9.9991E-05
