0.0278747 0.813063 9.9955E-05 9.9955E-05 9.9955E-05 0.0736858 0.0848763 9.9955E-05 9.9955E-05
9.9946E-05 0.919597 9.9946E-05 9.9946E-05 9.9946E-05 0.0271824 9.9946E-05 0.0526208 9.9946E-05
0.033573 0.781437 9.9973E-05 9.9973E-05 0.110239 0.0424561 0.0238547 9.9973E-05 0.00813941
0.07531 0.758492 9.9973E-05 9.9973E-05 0.0322867 0.0457297 0.0616322 9.9973E-05 0.0262489
0.0472145 0.854741 0.00844631 9.9964E-05 0.06017 9.9964E-05 0.0290281 9.9964E-05 9.9964E-05
0.04279 0.565078 9.9973E-05 0.153347 0.157253 9.9973E-05 0.0629782 9.9973E-05 0.0182539
9.9964E-05 0.764831 9.9964E-05 0.106748 0.0172881 0.0539603 9.9964E-05 9.9964E-05 0.0567726
0.00705172 0.671325 0.0155372 0.0632444 0.0225469 0.061643 0.062878 9.9991E-05 0.0956736
9.99549E-05 0.829992 9.99549E-05 0.0448385 9.99549E-05 9.99549E-05 0.0567483 0.0679213 9.99549E-05
0.0492356 0.61569 0.0660125 0.0764241 0.121973 0.0509897 0.0194747 9.9982E-05 9.9982E-05
0.0170866 0.743416 9.9973E-05 0.0897565 0.0278544 9.9973E-05 0.110177 9.9973E-05 0.0114089
0.0449093 9.9955E-05 9.9955E-05 9.9955E-05 0.0744736 9.9955E-05 9.9955E-05 0.0820761 0.798041
0.0032 9.9964E-05 9.9964E-05 9.9964E-05 0.448156 0.0831604 0.0571586 9.9964E-05 0.407925
0.0301928 0.0375169 0.0530629 9.9991E-05 0.135591 0.0116493 0.033611 0.0165481 0.681728
0.152638 0.0325127 9.9964E-05 9.9964E-05 0.159906 0.0101906 9.9964E-05 9.9964E-05 0.644353
0.158172 0.0849333 0.0376945 0.00716052 0.225469 9.9982E-05 9.9982E-05 0.114057 0.372314
0.100265 0.0217214 9.9964E-05 0.0133482 0.552014 9.9964E-05 9.9964E-05 9.9964E-05 0.312252
0.0789258 9.9982E-05 0.0354478 0.0412345 0.333963 0.0214665 9.9982E-05 0.103881 0.384882
0.0815509 0.0860427 9.9973E-05 9.9973E-05 0.215008 0.0253414 9.9973E-05 0.040783 0.550974
0.000703679 0.01251 9.9973E-05 0.0705034 9.9973E-05 0.0218687 0.118561 9.9973E-05 0.775553
0.0431534 9.9982E-05 0.0409734 9.9982E-05 0.293362 0.0712678 0.0018137 0.106582 0.442648
0.0573676 9.9991E-05 0.0304827 0.15573 0.388996 0.00559796 0.0370351 0.0687662 0.255925
9.9964E-05 0.0822184 9.9964E-05 9.9964E-05 0.512582 9.9964E-05 0.0073262 0.156289 0.241184
0.131146 9.9964E-05 9.9964E-05 0.0170936 0.10844 9.9964E-05 9.9964E-05 0.0307721 0.712148
0.0840467 0.0513011 9.9973E-05 0.123697 0.588321 0.0125384 9.9973E-05 9.9973E-05 0.139795
0.0719156 9.9973E-05 9.9973E-05 0.047795 0.501617 0.0487526 0.00367664 9.9973E-05 0.325943
0.0845145 9.9946E-05 9.9946E-05 9.9946E-05 9.9946E-05 0.0316764 9.9946E-05 9.9946E-05 0.883209
0.16443 9.9955E-05 9.9955E-05 9.9955E-05 0.0225775 0.00835757 9.9955E-05 9.9955E-05 0.804135
9.9955E-05 9.9955E-05 0.0727052 0.0307611 0.122992 9.9955E-05 9.9955E-05 9.9955E-05 0.773042
9.993E-05 9.993E-05 9.993E-05 9.993E-05 9.993E-05 0.999201 9.993E-05 9.993E-05 9.993E-05
9.993E-05 9.993E-05 9.993E-05 9.993E-05 9.993E-05 0.999201 9.993E-05 9.993E-05 9.993E-05
0.0657708 0.449675 9.9973E-05 9.9973E-05 0.029476 0.398644 0.0153158 0.0408188 9.9973E-05
0.107897 0.49142 9.9982E-05 0.00340114 0.0622274 0.267305 0.0152391 0.0523103 9.9982E-05
9.9982E-05 0.0329653 0.0611602 0.0246438 0.491906 9.9982E-05 0.044978 0.22359 0.120556
0.00290145 0.14482 0.0408572 9.9982E-05 0.466065 0.0131447 9.9982E-05 0.189658 0.142354
0.00890811 9.9964E-05 0.00560772 9.9964E-05 0.480698 0.0683754 9.9964E-05 0.436011 9.9964E-05
9.9973E-05 0.0765075 9.9973E-05 9.9973E-05 0.0623911 0.024413 0.164815 0.0426851 0.628888
0.041764 9.9991E-05 0.0162467 0.010669 0.235236 0.0494808 0.0199384 0.61718 0.00938507
0.0401479 0.00226141 9.9982E-05 9.9982E-05 0.502217 0.0410537 0.0589239 0.208378 0.146818
0.00388872 9.9973E-05 0.0157238 0.0910928 0.660016 9.9973E-05 0.0895541 0.139425 9.9973E-05
9.9982E-05 0.0938115 9.9982E-05 0.127585 0.570622 0.0357626 0.0106146 0.0929839 0.0684208
0.0484573 9.9991E-05 0.00672176 0.128952 0.523091 0.0729329 0.0247335 0.163407 0.0316047
9.9964E-05 0.06193 9.9964E-05 9.9964E-05 0.0411564 0.0285147 9.9964E-05 0.685991 0.182008
0.0679407 9.9964E-05 9.9964E-05 0.251932 0.540984 9.9964E-05 9.9964E-05 0.0303473 0.108396
0.0399103 0.0941192 0.107795 9.9973E-05 0.599103 9.9973E-05 0.0338819 0.124891 9.9973E-05
0.046457 0.0683801 0.0534208 0.111669 0.542779 0.0402053 0.0315991 0.10539 9.9991E-05
9.9955E-05 9.9955E-05 0.060987 9.9955E-05 0.27662 0.00322558 9.9955E-05 0.658668 9.9955E-05
9.9982E-05 0.055334 0.00934622 0.0265743 0.556098 0.0259857 9.9982E-05 0.251203 0.0752585
0.12466 0.097817 0.0292871 9.9982E-05 0.373646 0.0824471 9.9982E-05 0.165413 0.126531
9.9946E-05 0.0827148 9.9946E-05 0.256183 9.9946E-05 9.9946E-05 9.9946E-05 0.660503 9.9946E-05
9.9982E-05 9.9982E-05 0.0156653 0.139225 0.148833 0.00729547 0.250752 0.120659 0.317372
9.9973E-05 0.00907238 0.127732 0.288555 0.0641185 9.9973E-05 9.9973E-05 0.089392 0.420829
0.0396754 0.0457056 0.0707083 9.9991E-05 0.617479 0.0338991 0.02425 0.0116498 0.156533
9.9973E-05 0.0520423 0.0823118 0.111348 0.601582 0.0388269 9.9973E-05 9.9973E-05 0.113589
0.0638805 0.0566339 0.00177104 0.0357161 0.56137 0.021926 9.9991E-05 0.0520549 0.206548
9.999E-05 0.0843175 0.0341507 0.0415747 0.123005 0.008231 0.203331 0.271805 0.233485
9.9982E-05 0.029305 0.0552277 0.0536465 0.515871 9.9982E-05 0.128048 0.0422685 0.175434
0.133074 9.9973E-05 0.029159 0.15903 0.459653 9.9973E-05 9.9973E-05 0.0962978 0.122486
9.9982E-05 0.119928 9.9982E-05 0.0752335 0.337004 0.0296018 0.0205201 0.166702 0.250811
0.00340744 0.185846 0.0447555 0.122455 0.0710967 0.0270322 0.0879748 0.0884313 0.369001
9.9973E-05 0.0347333 0.00152452 9.9973E-05 0.477155 0.0863576 0.0895016 0.310428 9.9973E-05
0.0691212 0.0753396 0.108035 9.9973E-05 0.320844 9.9973E-05 0.0903707 9.9973E-05 0.335989
9.9973E-05 9.9973E-05 0.00696323 0.104726 9.9973E-05 0.0603296 0.13475 0.12388 0.569051
0.0398708 9.9973E-05 0.0756894 9.9973E-05 0.423171 9.9973E-05 0.0517102 0.0398464 0.369412
0.00686887 0.042381 0.111848 9.9991E-05 0.664233 0.00732692 0.0338415 0.0565935 0.0768072
0.00579106 0.069356 0.0217314 0.0796068 0.546307 0.0947277 0.0114274 9.9991E-05 0.170953
0.0457277 0.0837871 0.0745901 0.0309978 0.21525 0.0144556 0.028681 0.167532 0.338978
9.9973E-05 9.9973E-05 0.0942599 9.9973E-05 0.4068 0.0103982 0.00126374 0.0348943 0.452084
0.0391154 9.9991E-05 0.115079 0.070244 0.494299 0.0406068 0.193936 0.0438223 0.00279791
9.9982E-05 9.9982E-05 0.0858487 0.0782798 0.12857 0.0349656 0.126016 0.0763406 0.469779
9.9964E-05 9.9964E-05 9.9964E-05 9.9964E-05 0.570148 0.017438 0.0349524 0.327497 0.0495654
9.9955E-05 9.9955E-05 9.9955E-05 9.9955E-05 0.147681 0.0446013 9.9955E-05 0.570838 0.23638
0.0806132 0.144476 0.0124139 9.9982E-05 0.396936 0.00508936 9.9982E-05 0.195993 0.164279
9.9937E-05 9.9937E-05 9.9937E-05 0.154912 9.9937E-05 9.9937E-05 9.9937E-05 0.844388 9.9937E-05
0.000780175 0.0179365 0.0873022 0.059457 9.9973E-05 9.9973E-05 9.9973E-05 0.75881 0.0754138
0.0372745 9.9955E-05 9.9955E-05 9.9955E-05 0.232367 9.9955E-05 9.9955E-05 0.702511 0.0273485
9.9955E-05 0.0017309 9.9955E-05 9.9955E-05 0.440143 9.9955E-05 9.9955E-05 0.474703 0.0829236
0.0419441 0.0686775 0.0508537 0.0296087 0.577825 0.00320596 0.0054374 0.116326 0.106122
0.0415613 9.9964E-05 0.00794905 9.9964E-05 0.376511 9.9964E-05 9.9964E-05 0.492864 0.0807149
0.0306769 9.9973E-05 9.9973E-05 9.9973E-05 0.10219 0.0124239 0.0928708 0.590049 0.17149
0.0393785 9.9973E-05 0.0140421 9.9973E-05 0.148588 9.9973E-05 0.234482 0.561042 0.00216718
0.136355 0.0800292 0.062289 0.00117622 0.392644 0.0187203 0.0291098 0.279576 9.9991E-05
0.0279187 0.0283871 9.9964E-05 9.9964E-05 0.270147 9.9964E-05 9.9964E-05 0.618603 0.0545448
9.9964E-05 0.0521584 9.9964E-05 9.9964E-05 0.344657 0.00875313 9.9964E-05 0.429743 0.164289
9.9964E-05 0.00245 0.0690211 0.0409456 0.33874 9.9964E-05 9.9964E-05 0.548443 9.9964E-05
9.9964E-05 0.00527472 0.131927 0.187414 9.9964E-05 9.9964E-05 0.010007 0.664978 9.9964E-05
0.0141453 9.9964E-05 9.9964E-05 9.9964E-05 0.589441 0.0416763 0.0803252 0.274013 9.9964E-05
0.0301816 0.76656 9.9973E-05 9.9973E-05 0.0413859 0.0430958 0.0476821 9.9973E-05 0.0707944
9.9946E-05 0.822492 9.9946E-05 9.9946E-05 0.0887603 0.0881484 9.9946E-05 9.9946E-05 9.9946E-05
0.0207077 0.745895 9.9955E-05 9.9955E-05 0.12357 0.109328 9.9955E-05 9.9955E-05 9.9955E-05
9.9964E-05 0.810268 9.9964E-05 0.0131037 0.0625081 0.109618 9.9964E-05 0.00410226 9.9964E-05
9.9955E-05 0.774382 9.9955E-05 9.9955E-05 0.0828432 0.115787 9.9955E-05 0.0264878 9.9955E-05
0.0449572 0.824543 9.9973E-05 9.9973E-05 0.0538731 0.0445938 0.00377438 0.0279587 9.9973E-05
9.9955E-05 0.866731 9.9955E-05 9.9955E-05 0.0686239 0.0418337 9.9955E-05 9.9955E-05 0.0223111
0.16787 0.0595747 9.9964E-05 9.9964E-05 0.389173 9.9964E-05 0.0580212 0.324962 9.9964E-05
0.131307 0.0382608 0.0849883 9.9991E-05 0.448681 0.0103242 0.0682748 0.167099 0.0509657
9.9973E-05 0.0383159 0.0765438 9.9973E-05 0.021454 9.9973E-05 0.0218291 0.79549 0.0460668
0.100648 0.00344036 9.9991E-05 0.114729 0.456727 0.0556869 0.0132833 0.180174 0.0752112
9.9973E-05 0.0140016 9.9973E-05 9.9973E-05 0.424204 0.0509489 0.0118085 0.352575 0.146162
9.9964E-05 0.104817 9.9964E-05 0.0278819 0.62059 9.9964E-05 9.9964E-05 0.226903 0.0194083
9.9973E-05 0.037757 0.055706 0.0645727 0.455338 9.9973E-05 9.9973E-05 0.281796 0.10453
0.0468994 0.0124283 9.9973E-05 9.9973E-05 0.431059 0.0107067 0.00681445 0.491792 9.9973E-05
9.9955E-05 0.0694186 9.9955E-05 9.9955E-05 9.9955E-05 9.9955E-05 0.0402336 0.626015 0.263833
0.00560814 0.15382 9.9982E-05 9.9982E-05 0.550387 0.0386213 0.06103 0.137119 0.053215
9.9955E-05 0.0574877 0.0150765 9.9955E-05 0.72131 9.9955E-05 9.9955E-05 0.205626 9.9955E-05
0.20248 0.075198 0.0339458 9.9991E-05 0.45204 0.0205245 0.0596197 0.131684 0.024408
9.9955E-05 9.9955E-05 9.9955E-05 0.21512 0.284744 0.0124126 9.9955E-05 0.487224 9.9955E-05
9.9973E-05 0.00592542 0.0363514 0.0493449 0.504969 0.0273444 9.9973E-05 0.375765 9.9973E-05
9.9973E-05 0.0103835 9.9973E-05 0.0655955 0.471753 0.0119141 9.9973E-05 0.286931 0.153122
0.115635 9.9973E-05 9.9973E-05 0.0128682 0.218439 0.012458 0.0161452 0.624155 9.9973E-05
0.000473646 0.0781128 9.9973E-05 9.9973E-05 0.49936 0.00517425 0.016941 0.399638 9.9973E-05
9.9973E-05 0.151877 0.00213126 9.9973E-05 0.507837 9.9973E-05 0.0686748 0.208108 0.0610719
0.00785105 0.0125983 0.217056 0.114057 0.159629 0.0461232 0.095337 0.0417879 0.305561
0.0458912 0.045387 9.9991E-05 0.0649686 0.373075 0.0560959 0.212085 0.0317259 0.170671
0.0867531 0.0614285 0.128821 9.9982E-05 0.415546 0.0363331 0.180072 9.9982E-05 0.0908461
0.0867312 0.0792426 0.0737793 0.01562 0.489333 9.9991E-05 0.127413 0.0631439 0.0646366
9.9973E-05 9.9973E-05 0.0567555 0.0655833 0.431336 0.056895 0.0857836 9.9973E-05 0.303347
0.0193087 9.9973E-05 0.030138 0.0100663 0.550171 9.9973E-05 0.0906007 9.9973E-05 0.299415
9.9964E-05 9.9964E-05 0.0658094 9.9964E-05 0.462298 0.00641459 0.214658 9.9964E-05 0.25042
0.00654465 0.109607 0.106063 9.9982E-05 0.511802 0.0110819 0.171605 0.0830981 9.9982E-05
0.00571285 0.0489918 9.9982E-05 9.9982E-05 0.545143 0.0377835 0.157808 0.0899911 0.11437
9.9973E-05 9.9973E-05 0.058999 9.9973E-05 0.530712 0.0389184 0.0926452 0.0558321 0.222593
0.0193537 9.9982E-05 0.0407558 9.9982E-05 0.39753 0.00269265 0.243894 0.000562669 0.295011
0.0127311 9.9982E-05 0.0885543 0.0515318 0.646509 0.0133088 0.155689 9.9982E-05 0.0314765
0.0101435 0.165761 0.0696912 0.0316876 0.542963 0.0452934 0.0401252 0.0357988 0.0585358
0.0704702 9.9973E-05 0.0764949 9.9973E-05 0.573044 9.9973E-05 0.0852359 0.00544452 0.189011
0.130959 0.0437457 9.9991E-05 0.0330767 0.539028 0.00112298 0.205157 0.0380145 0.00879667
0.0785439 9.9982E-05 0.0548367 9.9982E-05 0.500766 0.0501285 0.16601 0.0627824 0.0867324
0.00843205 0.0411758 0.0980381 0.0736648 0.348766 0.0318695 0.0762535 9.9991E-05 0.321701
0.0484883 9.9973E-05 0.0249746 9.9973E-05 0.595817 0.00427272 0.0980645 9.9973E-05 0.228083
0.058308 0.0217158 0.150512 0.0455048 0.567749 0.0057696 0.0989851 9.9991E-05 0.0513558
0.0601283 0.0129232 0.0552718 0.00624408 0.187422 0.00573296 0.217125 0.169303 0.285849
0.0504353 0.0403728 0.169372 0.174719 0.130605 9.9991E-05 0.07839 0.0132186 0.342787
9.9991E-05 0.0203308 0.029564 0.121444 0.497544 0.0204968 0.175842 0.0200848 0.114593
0.0225118 9.9982E-05 0.20871 0.177191 0.121846 9.9982E-05 0.212591 0.144362 0.112588
9.9973E-05 0.0490755 0.125282 9.9973E-05 0.124149 9.9973E-05 0.0567389 0.0383042 0.606151
9.9964E-05 9.9964E-05 0.0748771 9.9964E-05 0.410675 9.9964E-05 0.119982 0.0589424 0.335123
9.9973E-05 9.9973E-05 0.015543 9.9973E-05 0.18803 0.042256 0.130865 0.137046 0.48596
9.9973E-05 9.9973E-05 0.00193282 0.0482965 0.259271 9.9973E-05 0.181391 0.114237 0.394572
0.0107986 9.9991E-05 0.0331987 0.031809 0.610838 0.0289605 0.0403977 0.0188611 0.225037
0.0351811 0.0267349 0.00015751 0.0658531 0.576217 0.0256627 0.146384 0.0424291 0.0813804
9.9973E-05 9.9973E-05 0.0764449 9.9973E-05 0.512867 0.0391399 0.071041 0.131317 0.168891
0.0442153 9.9982E-05 0.104338 0.195203 0.110056 9.9982E-05 0.165303 0.0537658 0.326919
0.0862938 0.0780426 0.0529541 0.0476194 0.475785 0.04247 0.0969283 0.119807 9.9991E-05
0.0460059 0.00901034 0.00368042 0.267929 0.521688 9.9982E-05 9.9982E-05 0.0615291 0.089957
9.9991E-05 0.0995993 0.130181 0.45515 0.0349344 0.0179347 0.0957585 0.132091 0.0342505
0.0189781 0.082616 0.0705107 0.0693924 0.581674 9.9973E-05 9.9973E-05 0.176529 9.9973E-05
9.9982E-05 0.0827863 0.027912 0.199024 0.399132 0.00602094 0.0660075 0.218917 9.9982E-05
0.0878363 0.00305351 0.0433255 0.187901 0.49562 0.0240573 0.0683896 0.0897163 9.9991E-05
9.9991E-05 0.0165162 0.0134113 0.355245 0.325011 0.0303319 0.0725056 0.174416 0.0124621
9.9982E-05 9.9982E-05 0.126295 0.350266 0.190778 0.0387237 0.161717 0.0826611 0.0493596
9.9982E-05 0.0494936 0.12786 0.0923485 0.439775 0.0125357 0.128756 9.9982E-05 0.149031
0.000167474 0.0512494 0.0223697 0.127051 0.529632 0.0182868 0.138809 0.0895463 0.0228885
0.059021 0.0769627 9.9991E-05 0.159878 0.438036 0.0274903 0.0492671 0.0378731 0.151372
0.149924 0.0012413 0.0537113 0.3547 9.9982E-05 0.0116256 9.9982E-05 0.178518 0.250079
0.0326246 0.0518972 0.145923 0.063818 0.46108 0.0774293 0.0896999 0.0197118 0.0578163
9.9973E-05 9.9973E-05 0.00805742 0.285267 0.356887 9.9973E-05 0.0420856 0.134573 0.172831
9.9973E-05 9.9973E-05 0.0271533 0.204708 0.500464 9.9973E-05 0.0319057 0.0711701 0.164299
0.068198 0.0275304 0.0433342 0.0100603 0.590251 0.0352556 0.0954831 0.129787 9.9991E-05
0.251078 0.217555 9.9982E-05 0.228531 0.128373 0.0874897 9.9982E-05 0.00726714 0.0795061
0.152174 0.47381 9.9955E-05 0.371431 9.9955E-05 0.00208438 9.9955E-05 9.9955E-05 9.9955E-05
0.1534 0.385048 9.9955E-05 0.442471 9.9955E-05 0.0185811 9.9955E-05 9.9955E-05 9.9955E-05
0.306866 0.322347 9.9964E-05 0.21837 0.144063 0.00795466 9.9964E-05 9.9964E-05 9.9964E-05
0.00704651 9.9955E-05 9.9955E-05 0.243282 0.644524 9.9955E-05 9.9955E-05 0.104648 9.9955E-05
0.0501452 0.0494781 0.0882622 0.15535 0.538703 9.9991E-05 0.00634228 0.0248132 0.0868059
0.629257 9.9946E-05 9.9946E-05 9.9946E-05 0.320546 9.9946E-05 9.9946E-05 9.9946E-05 0.0495978
0.378771 0.0329373 0.0352183 9.9982E-05 0.274566 0.0760349 9.9982E-05 0.0479848 0.154288
0.379765 0.0937771 0.052132 9.9982E-05 0.361599 9.9982E-05 0.0323418 0.0264977 0.0536872
9.9955E-05 9.9955E-05 0.118544 0.361701 0.343951 9.9955E-05 9.9955E-05 0.175305 9.9955E-05
0.0573858 9.9973E-05 0.114377 0.0956266 0.424087 9.9973E-05 9.9973E-05 0.105446 0.202777
9.9964E-05 9.9964E-05 0.183288 0.492697 0.236369 9.9964E-05 9.9964E-05 0.0829034 0.00434259
0.00770236 9.9973E-05 9.9973E-05 0.189032 0.650241 0.00527503 9.9973E-05 0.121325 0.0261255
0.0316031 0.0183783 0.167696 0.208791 0.422151 9.9982E-05 9.9982E-05 0.0821151 0.0690645
0.00431523 0.0444076 0.0810506 0.202001 0.645818 9.9973E-05 0.0221071 9.9973E-05 9.9973E-05
9.9964E-05 9.9964E-05 0.0979832 0.496371 0.200857 9.9964E-05 9.9964E-05 0.0401594 0.164229
0.0578305 9.9973E-05 9.9973E-05 0.138902 0.668463 0.0321683 9.9973E-05 0.0700023 0.032334
0.0230859 0.000431909 0.086232 0.282765 0.602728 0.00445732 9.9973E-05 9.9973E-05 9.9973E-05
0.928844 9.9955E-05 0.01097 9.9955E-05 0.0303035 9.9955E-05 9.9955E-05 0.0293828 9.9955E-05
0.907605 9.9946E-05 9.9946E-05 9.9946E-05 0.0882363 9.9946E-05 0.00355951 9.9946E-05 9.9946E-05
0.657344 9.9973E-05 9.9973E-05 9.9973E-05 0.152019 0.0271204 0.0236339 0.0957504 0.0438322
0.652059 9.9955E-05 0.00401588 9.9955E-05 0.307694 0.0357317 9.9955E-05 9.9955E-05 9.9955E-05
0.802308 9.9955E-05 9.9955E-05 0.000441605 0.115623 9.9955E-05 9.9955E-05 0.0811276 9.9955E-05
0.994571 9.9937E-05 9.9937E-05 0.00472895 9.9937E-05 9.9937E-05 9.9937E-05 9.9937E-05 9.9937E-05
0.953459 9.9946E-05 0.0223879 9.9946E-05 9.9946E-05 9.9946E-05 0.0235537 9.9946E-05 9.9946E-05
0.854236 9.9937E-05 9.9937E-05 9.9937E-05 0.145065 9.9937E-05 9.9937E-05 9.9937E-05 9.9937E-05
0.935348 9.9946E-05 9.9946E-05 9.9946E-05 9.9946E-05 9.9946E-05 0.015222 0.0488305 9.9946E-05
0.987077 9.9937E-05 9.9937E-05 9.9937E-05 9.9937E-05 9.9937E-05 9.9937E-05 0.0122233 9.9937E-05
0.967584 9.9937E-05 9.9937E-05 9.9937E-05 9.9937E-05 0.0317169 9.9937E-05 9.9937E-05 9.9937E-05
0.71081 9.9955E-05 9.9955E-05 9.9955E-05 0.179379 0.0460431 9.9955E-05 9.9955E-05 0.0632677
0.833217 0.0128805 9.9964E-05 9.9964E-05 0.0137338 9.9964E-05 0.091899 0.0478703 9.9964E-05
0.938922 9.9955E-05 9.9955E-05 9.9955E-05 9.9955E-05 0.00605387 0.00533873 0.049186 9.9955E-05
0.325339 0.0702943 0.0586008 9.9982E-05 0.365771 9.9982E-05 0.0884725 0.00376348 0.0875582
0.666869 9.9982E-05 0.018849 0.0205004 0.21672 0.0286573 0.0450405 0.00316432 9.9982E-05
0.703688 0.00188548 9.9982E-05 0.00771529 0.204282 0.0566802 0.0117184 0.0138306 9.9982E-05
0.888317 9.9964E-05 9.9964E-05 9.9964E-05 0.043299 0.000168713 0.0212459 9.9964E-05 0.0465692
0.956201 9.9946E-05 9.9946E-05 9.9946E-05 0.0365258 9.9946E-05 0.0066738 9.9946E-05 9.9946E-05
0.841669 0.0109808 9.9973E-05 9.9973E-05 0.0968841 0.0392811 0.00750506 9.9973E-05 0.00338014
0.999201 9.993E-05 9.993E-05 9.993E-05 9.993E-05 9.993E-05 9.993E-05 9.993E-05 9.993E-05
0.562114 0.000804278 0.0672656 9.9982E-05 0.202462 0.0703716 0.0417899 9.9982E-05 0.0549931
0.899809 9.9973E-05 0.00412409 0.00110696 0.0639264 9.9973E-05 0.0298429 9.9973E-05 0.000890431
0.061339 0.268562 0.0549902 0.57199 9.9973E-05 9.9973E-05 9.9973E-05 0.00715157 0.0356675
0.080618 0.111085 9.9991E-05 0.199466 0.430471 0.0336788 0.0845605 0.00912186 0.0508991
0.0142652 0.202053 9.9973E-05 0.19024 0.448751 0.0462918 0.0980984 9.9973E-05 9.9973E-05
0.0487457 0.105516 0.0176195 0.467938 0.2392 0.111583 0.00919784 9.9982E-05 9.9982E-05
0.0688068 0.0445111 0.121365 0.129655 0.522899 0.0419049 0.0230099 9.9991E-05 0.0477484
0.0822979 0.200504 0.0482742 0.32374 0.217805 0.0334023 9.9982E-05 0.0937765 9.9982E-05
0.0897156 0.0860402 0.0994947 0.110492 0.358424 0.0549241 9.9991E-05 0.0934187 0.10739
0.172039 0.0605653 9.9982E-05 0.359583 0.307661 0.00489974 9.9982E-05 0.0856936 0.00935789
0.158004 0.0767564 0.0645376 0.171291 0.407897 0.112853 0.00103054 0.00753114 9.9991E-05
0.122935 0.100857 9.9964E-05 0.341646 0.404734 0.0294284 9.9964E-05 9.9964E-05 9.9964E-05
0.0759757 0.172946 9.9982E-05 0.0411241 0.55966 0.0273047 0.0238925 0.0988966 9.9982E-05
9.9964E-05 0.795311 0.00313824 0.014738 0.105509 9.9964E-05 0.0809039 9.9964E-05 9.9964E-05
0.0674988 0.857641 0.023557 9.9955E-05 9.9955E-05 0.0508038 9.9955E-05 9.9955E-05 9.9955E-05
9.9955E-05 0.899548 9.9955E-05 9.9955E-05 9.9955E-05 0.0483855 0.0247945 0.0267726 9.9955E-05
9.9946E-05 0.916962 9.9946E-05 9.9946E-05 0.0261435 9.9946E-05 0.0562947 9.9946E-05 9.9946E-05
9.9964E-05 0.794649 9.9964E-05 9.9964E-05 0.0118067 0.131726 0.0188777 9.9964E-05 0.0425404
0.0829788 0.786508 0.0353398 0.0135551 9.9973E-05 0.073694 9.9973E-05 9.9973E-05 0.00762482
0.0651579 0.813986 9.9964E-05 9.9964E-05 0.0503339 0.064798 9.9964E-05 9.9964E-05 0.00532433
9.9982E-05 0.861536 0.000702296 0.0422712 0.0570633 0.0299237 0.00740729 0.000896003 9.9982E-05
0.0247503 0.841134 9.9964E-05 9.9964E-05 0.00385124 0.0440398 9.9964E-05 0.0858251 9.9964E-05
0.0528863 0.777469 9.9973E-05 0.0724194 0.0699054 0.0120534 9.9973E-05 9.9973E-05 0.0149666
9.9973E-05 0.581398 0.0226869 9.9973E-05 9.9973E-05 0.0342771 0.0729524 0.0562353 0.232151
0.0206414 0.553284 0.00565373 9.9973E-05 9.9973E-05 0.0241611 0.224337 9.9973E-05 0.171622
9.9973E-05 0.525577 0.0120946 0.0774836 9.9973E-05 9.9973E-05 0.0671896 0.0084995 0.308856
9.9973E-05 0.498528 0.0103092 0.00960484 9.9973E-05 9.9973E-05 0.103529 0.106966 0.270763
0.00317606 0.0376557 0.0415186 9.9991E-05 0.453822 0.0234798 0.0296228 0.260671 0.149954
0.0642507 9.9964E-05 0.0305379 9.9964E-05 0.446196 9.9964E-05 9.9964E-05 0.30695 0.151666
0.0328422 9.9982E-05 0.0757267 9.9982E-05 0.504586 0.0185056 0.121118 0.10885 0.138172
9.9973E-05 0.0392701 9.9973E-05 0.0221424 0.415737 9.9973E-05 0.0211242 0.185996 0.315431
0.0132716 9.9973E-05 0.0903605 9.9973E-05 0.0418572 9.9973E-05 0.200617 0.124416 0.529178
0.0463927 9.9973E-05 0.142293 9.9973E-05 0.555911 0.0670316 0.0120885 0.175983 9.9973E-05
0.0479996 9.9973E-05 0.0839903 9.9973E-05 0.475762 9.9973E-05 0.0258383 0.309804 0.0563061
9.9973E-05 9.9973E-05 0.0582366 0.0485313 0.502137 9.9973E-05 0.0116964 0.253588 0.125511
0.0164145 9.9964E-05 0.0134094 0.0580212 0.321814 9.9964E-05 9.9964E-05 0.589941 9.9964E-05
0.0564402 0.00819732 0.073828 0.0029325 0.546101 9.9991E-05 0.101872 0.189466 0.021063
0.00934077 9.9964E-05 0.0463453 9.9964E-05 0.366948 9.9964E-05 0.0917949 0.485171 9.9964E-05
9.9946E-05 9.9946E-05 0.244423 0.0783162 9.9946E-05 9.9946E-05 9.9946E-05 0.676661 9.9946E-05
0.0240018 0.081253 0.0869053 9.9982E-05 0.514634 9.9982E-05 0.0851239 0.119418 0.0884642
9.9973E-05 9.9973E-05 0.145883 0.155447 0.186302 0.0143296 0.0267322 0.471006 9.9973E-05
9.9964E-05 9.9964E-05 0.0496933 0.0163893 0.528437 9.9964E-05 0.0622138 0.342867 9.9964E-05
9.9973E-05 0.0649415 0.00297554 9.9973E-05 0.0788797 9.9973E-05 0.0652744 0.667573 0.120056
0.0217896 0.0500291 9.9964E-05 0.135321 9.9964E-05 9.9964E-05 0.780651 0.0118092 9.9964E-05
9.9955E-05 0.0256956 9.9955E-05 0.139791 0.0693457 9.9955E-05 0.764668 9.9955E-05 9.9955E-05
9.9955E-05 9.9955E-05 0.0321375 0.091039 9.9955E-05 0.00413591 0.872188 9.9955E-05 9.9955E-05
9.9955E-05 0.0903547 9.9955E-05 0.0458314 9.9955E-05 9.9955E-05 0.797391 0.0659227 9.9955E-05
9.9964E-05 9.9964E-05 9.9964E-05 0.109625 0.0500065 0.0021034 0.826466 9.9964E-05 0.0113995
0.0552308 0.0169698 9.9964E-05 0.0299733 0.0908268 9.9964E-05 0.8066 9.9964E-05 9.9964E-05
0.00407267 0.817669 0.0598078 9.9964E-05 0.095788 0.0222625 9.9964E-05 9.9964E-05 9.9964E-05
0.0794905 0.808595 9.9964E-05 9.9964E-05 9.9964E-05 0.0191889 0.0502334 9.9964E-05 0.0420929
0.0989323 0.696291 9.9973E-05 0.0394637 0.104462 0.0408204 9.9973E-05 9.9973E-05 0.0197307
0.0925012 0.757077 9.9973E-05 9.9973E-05 0.0491999 0.0248811 0.0165512 9.9973E-05 0.0594894
0.0487703 0.804117 9.9955E-05 9.9955E-05 0.10529 9.9955E-05 9.9955E-05 9.9955E-05 0.0413232
9.9973E-05 0.315396 0.00310865 0.0606127 9.9973E-05 9.9973E-05 0.485428 0.0883419 0.0468128
9.9973E-05 0.450345 0.0435623 0.0391487 9.9973E-05 0.00909827 0.397324 0.0602223 9.9973E-05
9.9973E-05 0.399901 0.0696916 9.9973E-05 0.0160267 9.9973E-05 0.428861 0.0716308 0.0135882
9.993E-05 9.993E-05 9.993E-05 9.993E-05 9.993E-05 0.999201 9.993E-05 9.993E-05 9.993E-05
9.9973E-05 0.335272 0.0143271 0.0501104 9.9973E-05 0.0385663 0.50215 0.0592741 9.9973E-05
0.383033 0.183534 9.9973E-05 0.178219 0.248571 0.00442774 0.00191501 9.9973E-05 9.9973E-05
0.264222 0.0689167 9.9982E-05 0.110422 0.399796 0.0458341 9.9982E-05 0.0429735 0.0676351
0.281557 0.167357 9.9964E-05 9.9964E-05 0.440262 0.0428576 9.9964E-05 9.9964E-05 0.067566
0.233015 0.187548 0.01572 0.145773 0.340056 0.0391367 9.9982E-05 0.0385523 9.9982E-05
0.192131 0.115153 0.0187764 9.9991E-05 0.289573 0.0959375 0.0777036 0.122295 0.0883302
0.321214 0.374455 0.0285125 0.275319 9.9955E-05 9.9955E-05 9.9955E-05 9.9955E-05 9.9955E-05
9.9991E-05 0.0300294 0.0282224 0.0129356 0.383091 0.000261296 0.105977 0.134859 0.304525
9.9973E-05 9.9973E-05 0.160505 0.151617 0.317082 9.9973E-05 0.130016 0.0698794 0.1706
9.9973E-05 0.0250751 0.0141223 9.9973E-05 0.17173 0.0137871 0.111174 9.9973E-05 0.663812
9.9973E-05 0.0115355 0.244411 9.9973E-05 0.42419 9.9973E-05 0.0572753 0.0644608 0.197828
9.9964E-05 9.9964E-05 0.367142 0.324675 9.9964E-05 9.9964E-05 0.037251 0.0861616 0.18437
9.9991E-05 0.0445906 0.119437 0.0232499 0.486709 0.0680353 0.0908398 0.0134274 0.15361
9.9982E-05 0.0351638 0.101683 0.044657 0.443742 9.9982E-05 0.0308479 0.0334407 0.310266
9.9982E-05 0.014291 0.0771218 9.9982E-05 0.260859 0.0404008 0.135917 0.0139718 0.457238
0.0681427 0.13049 0.0224621 0.0508121 0.441106 9.9991E-05 0.00326992 0.118338 0.165279
9.9964E-05 9.9964E-05 0.173147 0.239015 0.00839929 9.9964E-05 9.9964E-05 0.0228972 0.556142
0.0354591 0.0199067 0.174601 0.0942792 0.463899 0.0110993 0.0117628 0.0468907 0.142102
0.0233087 9.9991E-05 0.00334783 0.0155425 0.477241 0.0626502 0.0790063 0.169165 0.169638
0.112854 0.092896 9.9982E-05 0.109138 0.481865 9.9982E-05 0.0514453 0.000926099 0.150676
9.9964E-05 9.9964E-05 0.169178 0.0868848 0.30629 9.9964E-05 0.015813 9.9964E-05 0.421435
0.0199453 0.0443217 0.100842 0.00521211 0.415684 9.9991E-05 0.116051 0.0265627 0.271281
0.0752203 0.0220668 0.152316 0.108012 0.446626 9.9991E-05 0.028025 0.0428796 0.124754
0.00684548 9.9973E-05 0.0764353 9.9973E-05 0.493259 9.9973E-05 0.0720384 0.142495 0.208627
0.101281 0.0108446 0.0106323 9.9991E-05 0.597959 0.0228958 0.112604 0.106551 0.037132
0.0450707 0.0999759 0.11367 9.9982E-05 0.532736 9.9982E-05 0.036748 0.116087 0.055512
9.9982E-05 0.0728752 0.0124005 0.0382673 0.598769 9.9982E-05 0.0765587 0.0562947 0.144635
0.0588029 0.773707 9.9955E-05 0.00787823 0.159112 9.9955E-05 9.9955E-05 9.9955E-05 9.9955E-05
0.0729703 0.795847 0.00567114 0.0296374 0.0787003 0.0168744 9.9973E-05 9.9973E-05 9.9973E-05
0.0482484 0.73591 0.00316508 0.0866573 0.0444358 9.9991E-05 0.0657056 0.0117709 0.00400717
0.0301512 0.773615 0.0843142 9.9973E-05 0.0470642 0.018699 0.045857 9.9973E-05 9.9973E-05
9.99608E-05 0.813384 9.99608E-05 9.99608E-05 0.130937 0.0406143 9.99608E-05 9.99608E-05 0.014565
0.0913655 0.000384866 9.9982E-05 9.9982E-05 0.0204809 0.00250462 0.111084 0.0417664 0.732214
0.0259687 0.0522728 0.0886118 0.15356 0.450975 9.9991E-05 0.00680219 0.0442141 0.177496
0.147716 0.177266 0.0634122 0.014032 0.522713 9.9973E-05 9.9973E-05 0.0745615 9.9973E-05
0.0549697 0.0152225 0.0489983 9.9973E-05 0.641089 0.0320077 9.9973E-05 9.9973E-05 0.207412
0.0215142 0.0650019 0.0463538 9.9991E-05 0.503578 0.0698185 0.112607 0.0235326 0.157494
0.0799699 9.9982E-05 0.135848 0.14442 0.159439 0.0172728 0.151099 9.9982E-05 0.311751
9.9973E-05 0.0751454 9.9973E-05 0.111209 9.9973E-05 0.0434862 0.270484 0.0360383 0.463337
9.9964E-05 0.0188882 9.9964E-05 9.9964E-05 0.571355 9.9964E-05 0.272393 0.0279061 0.109058
0.0572363 0.0388341 0.183598 9.9991E-05 0.0430358 0.000962645 0.283478 0.0518984 0.340857
0.0513638 0.00401361 0.154555 0.0965512 0.402238 9.9991E-05 0.116437 0.0756539 0.0990874
9.9973E-05 0.152566 0.132581 9.9973E-05 0.01242 0.0155233 0.128573 9.9973E-05 0.558037
9.9964E-05 0.0658087 9.9964E-05 9.9964E-05 0.658674 0.0382111 0.141559 9.9964E-05 0.0953467
0.0309051 0.0515579 0.116233 9.9991E-05 0.0570573 0.0214884 0.13052 0.0247976 0.567341
9.9982E-05 0.000329308 0.066998 0.0554613 0.305668 0.0265385 0.145849 9.9982E-05 0.398956
0.0303057 0.0500504 0.0430551 0.167589 0.45873 9.9982E-05 0.0977021 9.9982E-05 0.152367
9.9964E-05 9.9964E-05 0.0653082 0.442877 0.294258 9.9964E-05 0.12187 9.9964E-05 0.075287
9.9964E-05 0.0041184 9.9964E-05 0.232107 0.550121 9.9964E-05 0.00016372 9.9964E-05 0.21309
9.9964E-05 0.106047 9.9964E-05 0.176504 0.502507 9.9964E-05 9.9964E-05 0.0689001 0.145642
9.9973E-05 9.9973E-05 0.0927377 0.427818 0.340008 9.9973E-05 0.0853293 0.029339 0.0244684
0.100655 0.0504713 0.101201 0.15437 0.41666 0.00850409 0.0289968 0.0600116 0.0791301
9.9973E-05 0.0148044 0.105849 0.173942 0.611212 9.9973E-05 0.0865339 0.00735787 9.9973E-05
9.9964E-05 9.9964E-05 0.134315 0.526692 0.0819967 9.9964E-05 0.129332 0.127264 9.9964E-05
9.9964E-05 9.9964E-05 0.00105156 0.578811 0.281096 9.9964E-05 0.0180453 0.120595 9.9964E-05
9.9964E-05 0.000898783 0.106172 0.230512 0.546726 9.9964E-05 0.115291 9.9964E-05 9.9964E-05
9.9973E-05 9.9973E-05 0.0464647 0.464132 0.20852 9.9973E-05 0.0913688 0.187006 0.00220948
9.9964E-05 9.9964E-05 9.9964E-05 0.2284 0.51352 9.9964E-05 0.0408138 0.0787305 0.138135
0.0268374 0.0109216 9.9982E-05 9.9982E-05 0.0611265 0.00860371 0.206498 0.109163 0.57665
0.00941869 9.9973E-05 0.300432 9.9973E-05 0.175763 9.9973E-05 0.123741 0.0365591 0.353787
0.0255235 0.0138314 0.0643758 9.9991E-05 0.253706 0.0357571 0.138147 0.0144686 0.454091
0.113837 0.00446946 0.0337727 0.00708167 0.545689 9.9982E-05 0.0848821 9.9982E-05 0.210068
0.0371891 9.9982E-05 0.020434 9.9982E-05 0.0909458 0.0161771 0.164304 0.164951 0.5058
0.0992425 0.0633332 0.155262 0.0904484 0.394658 0.00381877 0.0583008 9.9991E-05 0.134837
0.0902023 9.9964E-05 9.9964E-05 9.9964E-05 0.503506 0.0320393 0.207083 9.9964E-05 0.166769
0.0474165 9.9964E-05 9.9964E-05 9.9964E-05 0.410312 9.9964E-05 0.158507 0.113713 0.269652
0.0688554 9.9982E-05 0.0566927 9.9982E-05 0.408922 0.0283149 0.0490062 0.00651986 0.381489
0.0217435 0.100249 0.0155872 9.9991E-05 0.396231 0.00837693 0.144515 0.101604 0.211594
0.0787244 9.9973E-05 9.9973E-05 9.9973E-05 0.151551 0.00159672 0.233541 0.0928916 0.441395
0.127464 9.9973E-05 0.0315236 9.9973E-05 0.174346 9.9973E-05 0.229895 0.0972556 0.339216
0.0861217 9.9982E-05 0.0770421 0.0216017 0.570321 9.9982E-05 0.0902888 0.0262092 0.128216
9.9982E-05 0.0142415 0.0404909 9.9982E-05 0.548044 0.0139743 0.0496188 0.0661097 0.267321
9.9982E-05 9.9982E-05 0.144392 0.0449816 0.414271 0.0120571 0.180795 0.0531204 0.150183
0.0664405 9.9973E-05 0.126096 9.9973E-05 0.486305 9.9973E-05 0.123687 0.0244159 0.172756
0.022394 9.9973E-05 9.9973E-05 0.048636 0.391624 0.00408835 0.23607 9.9973E-05 0.296888
9.9973E-05 0.0422852 9.9973E-05 9.9973E-05 0.620391 0.0231189 0.0840899 0.0521943 0.177621
0.0250325 0.035199 0.0183808 9.9991E-05 0.488892 0.0592592 0.0941085 0.0126128 0.266415
0.132255 0.0615477 0.0758394 9.9982E-05 0.468579 0.00810456 0.172903 9.9982E-05 0.0805717
0.106788 0.28721 9.9982E-05 0.0480918 0.393379 0.0513125 0.000974478 9.9982E-05 0.112045
0.239263 0.0664287 0.0113375 0.0952799 0.334529 0.0428191 9.9991E-05 0.185789 0.0244534
0.146518 0.102195 0.0635883 0.0210169 0.45143 0.0896067 0.0736141 0.0519316 9.9991E-05
0.13492 9.9973E-05 0.13088 0.077608 0.531651 0.0662109 0.0584303 9.9973E-05 9.9973E-05
0.191165 0.158 0.0720806 0.015723 0.460591 0.0822706 9.9991E-05 0.0149416 0.00512822
0.0316841 9.9973E-05 0.168111 0.0568167 0.44948 9.9973E-05 0.00791821 9.9973E-05 0.285691
0.13682 0.184412 0.00390198 9.9973E-05 0.49975 9.9973E-05 9.9973E-05 0.120418 0.0543975
0.149672 0.193354 9.9973E-05 0.413766 0.00268424 9.9973E-05 9.9973E-05 0.0315178 0.208706
0.200164 0.097151 0.00380868 0.0469684 0.432743 0.0010801 0.0165059 9.9991E-05 0.201479
0.101248 0.0415408 0.0817756 0.00744159 0.458211 0.109878 0.0436169 0.112311 0.0439762
0.250989 0.0372515 0.0539979 0.0543766 0.409434 0.0193209 0.0823743 0.0773747 0.0148816
0.0821152 0.104918 9.9991E-05 0.148193 0.323211 0.0737118 0.0665753 0.069655 0.13152
0.118591 0.182646 0.0422168 0.0501034 0.542468 0.00651454 0.00627989 9.9991E-05 0.0510809
0.123286 0.0927376 0.0490392 0.0801642 0.547804 0.0923487 0.0144203 9.9982E-05 9.9982E-05
0.183078 0.464436 9.9955E-05 0.321263 9.9955E-05 0.0307238 9.9955E-05 9.9955E-05 9.9955E-05
0.176941 0.176607 9.9973E-05 0.0647012 0.497783 0.0160097 9.9973E-05 9.9973E-05 0.0676586
0.219444 0.14964 0.0310726 0.0336934 0.48014 0.0563161 9.9982E-05 9.9982E-05 0.0294942
0.0635737 0.127798 0.0478846 0.0705462 0.543059 0.00249745 0.0291255 0.115415 9.9991E-05
0.188976 0.0898247 9.9982E-05 0.0710032 0.542955 0.0652112 0.0236512 9.9982E-05 0.0181791
0.0669228 0.09682 0.012708 0.120933 0.54674 0.00272829 0.0872396 0.0403074 0.0256012
9.9964E-05 9.9964E-05 0.454227 9.9964E-05 0.457045 0.0368458 0.00765043 0.043832 9.9964E-05
0.0505573 0.0601296 0.304064 9.9973E-05 0.462225 9.9973E-05 9.9973E-05 0.0807263 0.0419974
9.9937E-05 9.9937E-05 0.897638 9.9937E-05 9.9937E-05 9.9937E-05 9.9937E-05 9.9937E-05 0.101662
9.9964E-05 9.9964E-05 0.851891 0.0446931 9.9964E-05 9.9964E-05 0.024283 0.00621471 0.0725184
0.101789 9.9982E-05 0.281922 0.0736337 0.365256 0.020968 0.0514164 9.9982E-05 0.104814
0.302647 0.065085 0.0950087 0.0865052 0.399929 9.9973E-05 9.9973E-05 9.9973E-05 0.0505258
0.387002 0.0645178 0.269165 0.00295273 0.248173 0.022513 9.9982E-05 0.0054765 9.9982E-05
0.287911 0.168271 0.249789 0.13656 0.135204 0.0185946 0.000809832 9.9991E-05 0.00276046
0.269824 0.0973276 0.238468 9.9973E-05 0.255127 0.0826406 9.9973E-05 9.9973E-05 0.0563136
0.0748318 0.0786345 0.67976 0.0903078 0.0760664 9.9964E-05 9.9964E-05 9.9964E-05 9.9964E-05
0.0553645 0.0322328 0.66468 0.0804005 0.0916046 0.0754178 9.9973E-05 9.9973E-05 9.9973E-05
0.0932131 9.9964E-05 0.39116 9.9964E-05 0.482551 0.0167207 9.9964E-05 0.0159551 9.9964E-05
0.160613 0.0483109 0.472585 9.9973E-05 0.315241 9.9973E-05 9.9973E-05 0.00132534 0.0016253
0.107668 0.0341028 0.703252 9.9973E-05 0.108969 0.0423153 0.00339197 9.9973E-05 9.9973E-05
0.0651845 0.0369216 0.322272 9.9973E-05 0.457391 0.013191 9.9973E-05 9.9973E-05 0.10474
0.117836 9.9964E-05 0.322375 9.9964E-05 0.500876 9.9964E-05 0.0460601 0.0124521 9.9964E-05
0.0733615 0.0364887 0.093415 0.130069 0.439814 0.0514709 9.9991E-05 0.0671427 0.108138
9.9973E-05 0.0191804 0.536609 0.00343603 0.243953 9.9973E-05 0.0821063 9.9973E-05 0.114415
0.0150356 9.9991E-05 0.485526 0.00400054 0.338316 0.0264649 0.0452798 0.0412644 0.044012
0.0350756 9.9982E-05 0.378439 0.0283098 0.463111 0.0684685 0.0239846 9.9982E-05 0.0024113
0.0845645 0.06721 0.415227 0.00100624 0.258667 0.00840797 0.0928507 9.9991E-05 0.071967
9.9973E-05 0.121243 0.193785 0.0528513 0.466849 0.0271721 9.9973E-05 9.9973E-05 0.1378
9.9973E-05 9.9973E-05 0.393157 0.0771121 0.400815 0.00530105 0.032488 9.9973E-05 0.0908266
9.9964E-05 9.9964E-05 0.691526 0.0587731 0.149959 9.9964E-05 0.0465511 0.0527913 9.9964E-05
9.9955E-05 0.0338143 0.375717 9.9955E-05 0.52084 9.9955E-05 9.9955E-05 0.0691294 9.9955E-05
9.99639E-05 9.99639E-05 0.72723 0.0153601 0.148404 9.99639E-05 9.99639E-05 0.00303042 0.105575
9.9946E-05 9.9946E-05 0.579706 9.9946E-05 0.353886 0.0658082 9.9946E-05 9.9946E-05 9.9946E-05
0.00636745 0.0226059 0.260317 9.9991E-05 0.535903 0.0802749 0.0199491 0.0684854 0.00599755
0.0129567 9.9973E-05 0.323714 9.9973E-05 0.478773 0.0493304 0.0397538 0.0951728 9.9973E-05
0.117364 0.169756 0.0806428 9.9973E-05 0.441051 0.0190027 9.9973E-05 9.9973E-05 0.171884
0.12548 0.121606 0.153359 0.0597324 0.35961 0.0152969 0.0179593 0.0613941 0.085563
0.259587 0.148843 0.122353 0.111157 0.290041 0.0222088 9.9991E-05 0.01302 0.0326893
0.176933 0.132825 0.0821745 0.0722565 0.268749 0.058246 0.168949 0.0114995 0.0283673
0.256197 0.128473 0.00629642 0.00952877 0.262355 9.9991E-05 0.148135 0.171824 0.0170915
0.225322 0.0754124 0.172864 0.0788035 0.289828 0.0182822 0.0932507 0.0461372 9.9991E-05
0.118797 0.200919 0.611833 0.0528047 9.9964E-05 9.9964E-05 0.0152459 9.9964E-05 9.9964E-05
0.18082 0.0728478 0.168284 9.9973E-05 0.512237 0.0163121 0.0491992 9.9973E-05 9.9973E-05
0.128279 0.331626 0.407375 0.127234 9.9964E-05 0.00508554 9.9964E-05 9.9964E-05 9.9964E-05
0.168968 0.0446047 0.31987 9.9955E-05 0.466057 9.9955E-05 9.9955E-05 9.9955E-05 9.9955E-05
9.9946E-05 9.9946E-05 0.802327 9.9946E-05 0.023708 9.9946E-05 9.9946E-05 0.173365 9.9946E-05
9.9955E-05 9.9955E-05 0.893263 9.9955E-05 9.9955E-05 0.00928344 9.9955E-05 0.0680333 0.028921
9.9955E-05 9.9955E-05 0.440631 9.9955E-05 0.479518 0.0353724 9.9955E-05 0.043979 9.9955E-05
9.9946E-05 0.0237562 0.396962 9.9946E-05 0.578683 9.9946E-05 9.9946E-05 9.9946E-05 9.9946E-05
9.9946E-05 9.9946E-05 0.608487 9.9946E-05 0.363508 9.9946E-05 9.9946E-05 9.9946E-05 0.0274055
9.9946E-05 9.9946E-05 0.473816 9.9946E-05 0.442347 9.9946E-05 9.9946E-05 0.0832373 9.9946E-05
9.9946E-05 9.9946E-05 0.525116 9.9946E-05 0.466375 0.00790972 9.9946E-05 9.9946E-05 9.9946E-05
0.0487048 0.730473 0.15568 9.9955E-05 9.9955E-05 0.0646422 9.9955E-05 9.9955E-05 9.9955E-05
0.119728 0.693274 0.0251257 0.0253043 0.00452874 0.0169038 0.0751137 9.9991E-05 0.0399215
0.0932513 0.838258 9.9955E-05 9.9955E-05 9.9955E-05 0.0226891 0.0453017 9.9955E-05 9.9955E-05
9.9946E-05 0.840453 9.9946E-05 9.9946E-05 0.0333691 0.125578 9.9946E-05 9.9946E-05 9.9946E-05
0.0357514 9.9982E-05 9.9982E-05 0.0388171 0.368429 0.0347149 0.0706645 0.355659 0.0957646
9.9973E-05 0.0501443 9.9973E-05 9.9973E-05 0.500849 0.0259017 0.0496149 0.351958 0.0212318
9.9955E-05 9.9955E-05 9.9955E-05 9.9955E-05 0.421601 0.0315608 9.9955E-05 0.489947 0.0563916
0.0509945 0.111035 9.9964E-05 0.0945483 0.544765 9.9964E-05 9.9964E-05 0.198257 9.9964E-05
9.9982E-05 0.037125 9.9982E-05 0.0327159 0.553339 0.046701 0.0260836 0.260591 0.0432453
9.9973E-05 0.0580987 9.9973E-05 0.0843433 0.173308 9.9973E-05 0.0464376 0.524003 0.11351
0.0146597 9.9964E-05 0.00219555 9.9964E-05 0.562742 9.9964E-05 0.0139754 0.406028 9.9964E-05
9.9964E-05 9.9964E-05 0.0377097 0.144222 0.312921 0.0377138 9.9964E-05 0.467033 9.9964E-05
0.163086 0.221467 0.0516518 0.0202901 0.449167 0.0115238 9.9991E-05 0.0111983 0.071515
0.0784324 9.9973E-05 0.143295 0.0195008 0.288286 9.9973E-05 0.0992093 0.370977 9.9973E-05
9.9964E-05 9.9964E-05 9.9964E-05 9.9964E-05 0.289522 0.0125736 0.056692 0.545743 0.0950695
9.9973E-05 0.000923032 0.0869937 9.9973E-05 0.554737 9.9973E-05 0.00462463 0.288656 0.0637655
9.9973E-05 0.0667469 0.051853 9.9973E-05 0.378293 9.9973E-05 0.0646488 0.377408 0.0607507
0.125973 9.9964E-05 0.0686118 0.0166177 0.411119 9.9964E-05 9.9964E-05 0.377278 9.9964E-05
9.9955E-05 0.0760861 9.9955E-05 9.9955E-05 0.566386 0.0123342 9.9955E-05 0.344694 9.9955E-05
9.9946E-05 9.9946E-05 0.0810358 9.9946E-05 0.000396122 9.9946E-05 9.9946E-05 0.917968 9.9946E-05
9.9973E-05 9.9973E-05 0.0432347 0.114702 0.234223 9.9973E-05 0.0105853 0.551635 0.04532
0.0193456 0.0210807 0.0833241 9.9982E-05 0.209886 0.0355172 0.0911263 0.53952 9.9982E-05
9.9946E-05 9.9946E-05 0.0282624 0.166437 9.9946E-05 9.9946E-05 9.9946E-05 0.804701 9.9946E-05
9.9982E-05 9.9982E-05 0.0118109 0.0956856 0.38202 0.00278093 0.0636513 0.414276 0.0295751
9.9955E-05 9.9955E-05 9.9955E-05 0.245612 0.0680905 9.9955E-05 0.0439598 0.641838 9.9955E-05
9.9955E-05 9.9955E-05 0.130933 0.202737 9.9955E-05 9.9955E-05 0.0141213 0.651709 9.9955E-05
0.0401806 9.9973E-05 0.0618767 0.0399179 0.570776 0.0375909 9.9973E-05 0.249358 9.9973E-05
9.9964E-05 0.0595653 9.9964E-05 9.9964E-05 0.143353 0.00335452 9.9964E-05 0.636432 0.156896
0.0700947 9.9964E-05 9.9964E-05 0.007986 0.372226 9.9964E-05 9.9964E-05 0.424454 0.124839
0.0895391 0.0665586 9.9982E-05 0.0182323 0.551312 0.0674548 0.0163511 0.190352 9.9982E-05
9.9973E-05 0.0319735 9.9973E-05 0.00238988 0.512984 9.9973E-05 0.0163031 0.338689 0.0973604
0.0195924 9.9991E-05 0.1141 0.0664994 0.249143 0.0318241 0.151023 0.0801177 0.2876
0.0248959 9.9982E-05 0.0549192 9.9982E-05 0.531136 0.0147172 0.0506309 0.292069 0.0314316
0.0885023 9.9982E-05 9.9982E-05 0.00544087 0.36037 0.0372432 0.0126675 0.332735 0.162841
9.9964E-05 9.9964E-05 9.9964E-05 0.0698116 0.289018 0.00181719 9.9964E-05 0.601274 0.0376793
9.9973E-05 0.00229872 0.0539865 9.9973E-05 0.522622 0.0372836 0.148565 0.234945 9.9973E-05
9.9964E-05 0.555655 9.9964E-05 0.0802437 9.9964E-05 0.0590818 0.2121 9.9964E-05 0.0925199
9.9982E-05 0.671838 9.9982E-05 0.0484843 0.0468308 0.0888442 0.0348137 0.0183798 0.0906096
9.9964E-05 0.711517 9.9964E-05 0.0488508 9.9964E-05 0.110021 0.122619 9.9964E-05 0.00659219
9.9982E-05 0.690132 0.073787 0.0494573 9.9982E-05 0.0705198 0.0952749 0.0164472 0.0041821
9.9973E-05 0.660257 9.9973E-05 0.0512993 0.00957607 0.0402817 0.182449 9.9973E-05 0.0558369
0.00997209 0.0580262 9.9973E-05 9.9973E-05 0.0667693 9.9973E-05 0.0116046 0.721886 0.131442
9.9964E-05 0.101115 0.00395914 9.9964E-05 0.0797315 9.9964E-05 9.9964E-05 0.678999 0.135795
