0.0226968 9.9982E-05 0.0193197 9.9982E-05 0.0323137 0.92547
9.9964E-05 9.9964E-05 9.9964E-05 0.0289039 9.9964E-05 0.970696
9.999E-05 0.00915872 0.0346084 0.0553772 0.00980174 0.890954
0.0326791 0.00521148 0.150962 9.9982E-05 9.9982E-05 0.810947
9.9964E-05 9.9964E-05 0.0878488 9.9964E-05 9.9964E-05 0.911751
0.0955278 0.143411 0.0683384 0.0218126 0.0387728 0.632138
0.042566 0.12445 0.000274448 0.017412 0.00306355 0.812234
0.112657 0.123166 0.0184945 9.9991E-05 0.0139797 0.731603
0.137502 0.0369853 9.99729E-05 9.99729E-05 9.99729E-05 0.825213
0.0686029 0.0969773 0.0555756 9.9991E-05 0.0128122 0.765932
0.0656337 0.0903667 0.100352 9.9982E-05 9.9982E-05 0.743448
0.519349 0.0281488 0.219 0.16975 0.045768 0.0179841
0.276927 9.9991E-05 0.54943 0.092804 0.0429313 0.0378084
0.476447 0.0480786 0.274442 0.112126 0.0791185 0.00978756
0.447261 0.0136712 0.291854 0.0703655 0.146266 0.0305819
0.313099 0.0605548 0.438644 9.9991E-05 0.113242 0.0743607
0.213139 0.0780091 0.559979 0.0552289 0.0616771 0.0319672
0.289634 0.0345013 0.469636 0.113782 0.0445775 0.0478703
0.403544 0.0694493 0.311568 0.0447111 0.066492 0.104235
0.701378 0.121307 0.0691258 0.10109 9.9991E-05 0.00699934
0.321906 0.0745768 0.486449 0.0937196 0.0132768 0.0100725
0.172855 0.227854 0.447634 0.0776945 0.0726854 0.00127701
0.204276 0.0447164 0.575905 0.0999216 0.0168559 0.0583248
0.463844 0.0765734 0.191515 0.127139 0.101706 0.0392227
0.0780374 0.0477509 0.689797 0.0224691 0.0382328 0.123713
0.287274 0.0241939 0.557437 0.0846681 0.03852 0.00790663
0.517543 0.0605857 0.250733 0.102793 0.0142367 0.0541087
0.459667 0.0320949 0.311326 0.101402 0.0537301 0.0417796
0.476169 0.131715 0.242628 0.141904 0.00181341 0.00577057
9.9973E-05 9.9973E-05 0.105886 9.9973E-05 0.000808103 0.893006
9.9964E-05 9.9964E-05 0.120152 9.9964E-05 9.9964E-05 0.879448
0.00357159 9.9982E-05 0.116833 9.9982E-05 0.0737106 0.805684
9.9973E-05 9.9973E-05 0.174577 9.9973E-05 0.0403539 0.784769
0.105387 0.0533499 0.482751 0.242687 9.9991E-05 0.115726
0.104565 9.9991E-05 0.484765 0.275641 0.0553502 0.0795786
9.9991E-05 0.0290157 0.534621 0.393098 0.0183772 0.0247876
0.680753 0.00934733 0.16164 0.104051 0.0275898 0.0166192
9.9982E-05 0.177653 0.248164 0.541452 0.0325316 9.9982E-05
0.15721 9.9991E-05 0.524704 0.209521 0.0435418 0.0649238
0.0165665 0.0588138 0.691859 0.181752 9.9991E-05 0.0509084
0.0857967 0.165915 0.568142 0.0771962 9.9991E-05 0.10285
0.102433 0.110101 0.60576 0.0864846 0.0224672 0.0727547
0.212677 9.9982E-05 0.123622 0.649219 9.9982E-05 0.0142816
0.00234996 0.248543 0.667579 9.9991E-05 0.0114131 0.0700147
0.028259 0.021528 0.593533 0.229323 0.0470662 0.0802909
0.0328974 0.111878 0.592361 0.090727 0.0481715 0.123966
9.9973E-05 0.121125 0.311097 0.567478 9.9973E-05 9.9973E-05
0.0226683 9.9982E-05 0.617522 0.279673 9.9982E-05 0.0799374
9.9991E-05 0.0522113 0.523799 0.208731 0.0625633 0.152596
9.9964E-05 0.403345 9.9964E-05 0.596255 9.9964E-05 9.9964E-05
0.59692 0.125329 0.190397 0.087153 9.9982E-05 9.9982E-05
0.22851 0.396037 0.174227 0.137855 0.0632703 9.9991E-05
0.0808163 0.130316 0.552872 0.0785909 0.0852319 0.0721727
0.0697873 0.140551 0.613987 0.051355 0.0346009 0.0897187
0.0854768 0.126152 0.652744 0.0538098 0.0201614 0.0616557
0.53175 0.0484465 0.246727 0.0679278 9.9991E-05 0.105048
0.352825 0.0386805 0.552197 0.049977 9.9991E-05 0.00622035
0.136919 0.0612198 0.602175 0.0816569 0.0351918 0.0828375
0.293039 0.0416229 0.418164 0.11445 0.0155301 0.117194
0.465179 0.120941 0.163079 0.0880025 0.0231148 0.139683
0.160448 0.09172 0.596704 0.0837575 0.00473956 0.0626311
0.261998 0.0661858 0.49647 0.115609 0.0218308 0.0379071
0.567181 0.148431 0.0670846 0.141118 9.9991E-05 0.0760845
0.377726 0.0190608 0.462502 0.131698 0.00891298 9.9991E-05
0.129367 0.103929 0.520637 0.134035 0.0853563 0.0266758
0.128117 0.0426241 0.715343 0.0198419 9.9991E-05 0.0939738
0.414184 0.0503247 0.250227 0.165424 0.0599122 0.059928
0.211105 0.0727367 0.509802 0.123684 0.0230922 0.0595801
0.183714 0.055273 0.568889 0.100599 0.0729312 0.018594
0.492354 0.100702 0.247684 0.136938 9.9991E-05 0.0222216
0.0399649 9.9982E-05 0.478913 0.465458 9.9982E-05 0.0154638
0.0711674 9.9991E-05 0.181935 0.718994 0.00368341 0.0241201
0.0447504 0.00317092 0.45077 0.314674 0.0896392 0.0969956
9.9973E-05 0.172405 9.9973E-05 0.82453 0.00276498 9.9973E-05
9.9964E-05 0.183719 9.9964E-05 0.815881 9.9964E-05 9.9964E-05
9.9973E-05 0.0909782 0.195322 0.7134 9.9973E-05 9.9973E-05
0.0851246 9.9982E-05 0.43246 0.447932 9.9982E-05 0.0342836
0.0601938 0.0119353 0.4939 0.231762 0.0934851 0.108724
9.9973E-05 0.0229444 0.44401 0.532745 9.9973E-05 9.9973E-05
0.179919 9.9982E-05 0.160852 0.609073 9.9982E-05 0.0499558
0.167966 9.9982E-05 0.257497 0.558515 9.9982E-05 0.0158222
0.0328697 0.0423373 0.495563 0.289469 0.0550128 0.0847485
0.0544078 9.9991E-05 0.310722 0.590667 0.0028911 0.041212
0.091766 9.9982E-05 0.429743 0.45844 9.9982E-05 0.0198512
9.9982E-05 0.0906959 0.479178 0.424814 9.9982E-05 0.00511184
9.9964E-05 0.338504 9.9964E-05 0.661096 9.9964E-05 9.9964E-05
9.9991E-05 0.0989422 0.582983 0.258017 0.0241019 0.0358558
0.0788337 9.9973E-05 0.0856288 9.9973E-05 9.9973E-05 0.835238
9.9973E-05 9.9973E-05 0.0613318 9.9973E-05 0.0194188 0.918949
9.9973E-05 9.9973E-05 0.107408 9.9973E-05 0.0375338 0.854758
9.9973E-05 9.9973E-05 0.023759 9.9973E-05 0.0406596 0.935281
0.000723673 9.9982E-05 0.00556426 9.9982E-05 0.045823 0.947689
9.9973E-05 9.9973E-05 0.0819878 9.9973E-05 0.0384555 0.879257
9.9964E-05 9.9964E-05 0.0840495 9.9964E-05 9.9964E-05 0.915551
0.0683898 0.0115903 0.524461 0.263663 0.0672647 0.0646306
0.0497828 0.0551392 0.570832 0.181298 0.0520864 0.0908611
0.208276 0.0242988 9.9982E-05 0.729809 9.9982E-05 0.0374161
0.0574064 0.048797 0.597586 0.181001 0.00879211 0.106417
0.120124 9.9982E-05 0.391171 0.448747 9.9982E-05 0.039758
9.9982E-05 0.0311066 0.520213 0.36553 9.9982E-05 0.0829511
0.0115854 0.123329 0.54027 0.258351 0.0523022 0.0141624
9.9991E-05 0.0690824 0.527629 0.360376 0.0353068 0.00750545
0.303514 9.9973E-05 9.9973E-05 0.67218 9.9973E-05 0.0240057
0.121733 0.0508623 0.497463 0.167861 0.0497712 0.112309
0.0833284 0.0282882 0.67639 0.121626 0.0163223 0.0740446
0.0826559 0.0596731 0.578993 0.183002 0.0355909 0.060085
0.0339093 0.189006 0.238782 0.517786 0.0139493 0.00656713
9.9991E-05 0.0661436 0.458804 0.447834 0.0135849 0.0135336
0.119181 9.9982E-05 0.455159 0.407296 9.9982E-05 0.0181634
9.9973E-05 0.0759579 0.387094 0.536649 9.9973E-05 9.9973E-05
0.0938626 9.9982E-05 0.415787 0.426937 9.9982E-05 0.0632133
0.117865 0.0365318 0.524533 0.184831 0.0280336 0.108206
0.337172 0.270381 0.326287 9.9991E-05 0.060919 0.00514105
0.366491 0.0622928 0.458184 0.0280309 9.9991E-05 0.0849018
0.15267 0.0988939 0.593609 0.00306773 0.0404106 0.111349
0.122689 0.0708258 0.606332 0.0578252 0.020757 0.121571
0.384583 9.9991E-05 0.505433 0.0557307 0.00266796 0.0514856
0.239675 0.0550436 0.630746 9.9991E-05 0.0344038 0.0400323
0.429817 0.00977331 0.509202 0.00610035 9.9991E-05 0.0450066
0.141416 0.112124 0.532533 0.0825792 0.0310408 0.100308
0.183064 0.0602585 0.611946 9.9991E-05 0.043232 0.101399
0.269504 0.0424131 0.594623 0.0404694 9.9991E-05 0.0528909
0.315551 0.010776 0.610935 0.0281315 9.9991E-05 0.0345066
0.195461 0.0714028 0.638312 9.9991E-05 0.0756587 0.019066
0.163378 0.0655642 0.630038 9.9991E-05 0.0387764 0.102144
0.192671 0.111927 0.595658 0.0284444 0.0711997 9.9991E-05
0.185414 0.110976 0.529909 0.0441566 0.0664072 0.0631366
0.196105 0.0975922 0.576401 0.0424244 0.087377 9.9991E-05
0.263552 0.213503 0.319089 0.0484486 0.0672997 0.0881076
0.177226 0.0761755 0.616194 0.0311246 0.0479549 0.0513246
0.128197 0.100799 0.735965 9.9982E-05 9.9982E-05 0.034839
0.58972 0.0303095 0.220876 0.112445 0.0302367 0.0164126
0.356747 0.394562 0.186958 0.0386505 0.0229823 9.9991E-05
0.237035 0.0898978 0.494382 0.0804713 0.045424 0.0527899
0.326483 0.447542 0.107538 0.0985027 0.0198342 9.9991E-05
0.534751 0.0492324 0.349756 0.0658656 9.9991E-05 0.00029484
0.404446 0.00950967 0.456421 0.129423 9.9982E-05 9.9982E-05
0.449378 0.0398087 0.390932 0.100584 9.9991E-05 0.0191971
0.544107 0.0314312 0.39026 0.0340018 9.9982E-05 9.9982E-05
0.217595 0.0885875 0.602729 0.0223792 0.0237359 0.0449732
0.145482 0.0522177 0.572007 0.0662964 0.0526875 0.111309
0.259206 0.0103087 0.580941 0.0512814 0.0673863 0.0308768
0.367193 0.333448 0.190965 0.0823972 0.0258963 9.9991E-05
0.0869065 0.116598 0.511103 0.0996046 0.0693572 0.11643
0.0686516 0.290658 0.506992 0.0307256 0.0307928 0.07218
0.071944 0.704362 9.9982E-05 0.107735 9.9982E-05 0.115759
0.0695093 0.129804 0.6593 0.0285688 0.0518944 0.0609233
0.0721906 0.376403 0.321718 0.11858 0.0090443 0.102064
0.0498384 0.202715 0.512219 0.0410736 0.0745496 0.119604
0.115317 0.468944 0.256382 0.0596452 9.9991E-05 0.0996116
0.149913 0.608855 0.123231 0.0553218 9.9991E-05 0.0625794
0.128132 0.335299 0.388397 0.0877521 0.0252994 0.0351203
0.0779605 0.179808 0.458758 0.0655813 0.0730628 0.144829
0.0913925 0.226424 0.431479 0.073461 0.0632262 0.114018
0.123213 0.460451 0.13767 0.165981 0.0617335 0.0509505
0.117384 0.104983 0.55008 0.0749997 0.0606291 0.091924
0.0595103 0.48453 0.346037 0.109723 9.9982E-05 9.9982E-05
0.0779133 0.383752 0.459838 0.078297 9.9982E-05 9.9982E-05
0.0444911 0.216306 0.543611 0.0514846 0.0742922 0.0698156
9.9982E-05 0.203581 0.196393 9.9982E-05 0.213917 0.385909
9.9973E-05 0.397075 9.9973E-05 9.9973E-05 0.131681 0.470944
9.9973E-05 0.423893 9.9973E-05 9.9973E-05 0.112713 0.463094
9.9982E-05 0.262718 0.0921948 9.9982E-05 0.260678 0.384209
0.0237043 0.288381 0.667939 0.0197758 9.9982E-05 9.9982E-05
0.0823274 0.156568 0.685317 0.0136155 0.0129581 0.049214
9.9964E-05 9.9964E-05 0.325882 9.9964E-05 0.673718 9.9964E-05
0.0727973 0.01464 0.399504 0.0671057 0.416226 0.0297273
0.0781634 0.0619348 0.383352 0.016506 0.400508 0.0595357
0.0659011 0.607179 0.310412 0.0133441 0.00306344 9.9991E-05
0.176131 0.145594 0.548971 0.0281646 0.0572486 0.0438918
0.0738254 0.621624 0.30425 9.9973E-05 9.9973E-05 9.9973E-05
0.00474091 0.274953 0.634531 0.0387692 9.9991E-05 0.0469059
0.0772172 0.355478 0.483674 0.0379918 0.00504707 0.0405917
9.9973E-05 0.361757 0.631028 9.9973E-05 9.9973E-05 0.00691535
0.0371966 0.681201 0.263193 0.0182096 9.9982E-05 9.9982E-05
9.9991E-05 0.163212 0.634155 0.0810057 0.0417864 0.0797409
0.0534478 0.197047 0.608884 0.035465 0.0104056 0.0947505
0.0020463 9.9982E-05 0.0389569 0.0109978 0.947799 9.9982E-05
0.0169961 9.9982E-05 0.0379077 0.00113084 0.943765 9.9982E-05
0.0787745 9.9991E-05 0.288204 0.0207348 0.565411 0.0467755
0.0272349 9.9973E-05 0.355207 9.9973E-05 0.617258 9.9973E-05
0.00804791 9.9982E-05 0.183717 0.0157224 0.792313 9.9982E-05
9.996E-05 9.996E-05 9.996E-05 9.996E-05 0.9995 9.996E-05
0.0331606 9.9964E-05 9.9964E-05 9.9964E-05 0.96644 9.9964E-05
9.9964E-05 9.9964E-05 0.155041 9.9964E-05 0.844559 9.9964E-05
0.0374634 9.9964E-05 9.9964E-05 9.9964E-05 0.962137 9.9964E-05
9.996E-05 9.996E-05 9.996E-05 9.996E-05 0.9995 9.996E-05
9.996E-05 9.996E-05 9.996E-05 9.996E-05 0.9995 9.996E-05
0.0200626 9.9973E-05 0.225517 9.9973E-05 0.754121 9.9973E-05
0.0507326 9.9982E-05 0.12846 9.9982E-05 0.79413 0.0264769
9.996E-05 9.996E-05 9.996E-05 9.996E-05 0.9995 9.996E-05
0.112989 0.0630903 0.294178 0.0552795 0.423703 0.050761
0.0362224 9.9991E-05 0.215132 0.0451656 0.684061 0.0193195
0.00497414 9.9991E-05 0.153018 0.00449185 0.82407 0.0133457
0.00831082 9.9973E-05 0.111823 9.9973E-05 0.879566 9.9973E-05
9.996E-05 9.996E-05 9.996E-05 9.996E-05 0.9995 9.996E-05
9.9973E-05 9.9973E-05 0.0347222 0.00238436 0.962594 9.9973E-05
9.996E-05 9.996E-05 9.996E-05 9.996E-05 0.9995 9.996E-05
0.0491211 9.9991E-05 0.270609 0.00254021 0.636216 0.0414141
9.9964E-05 9.9964E-05 9.9964E-05 0.0180337 0.981566 9.9964E-05
9.9973E-05 0.656441 9.9973E-05 9.9973E-05 0.053405 0.289854
0.0332841 0.273872 0.394235 9.9991E-05 0.0678263 0.230683
9.9982E-05 0.305768 0.484471 9.9982E-05 0.0339109 0.17565
9.9982E-05 0.502571 0.204841 9.9982E-05 0.108324 0.184064
0.0597954 0.177771 0.493226 0.0265879 0.127628 0.114991
9.9982E-05 0.493461 0.127515 9.9982E-05 0.112043 0.266781
0.0457953 0.224174 0.466479 0.021408 0.0397383 0.202406
9.9982E-05 0.364473 0.332656 9.9982E-05 0.110907 0.191764
9.9982E-05 0.200905 0.518397 9.9982E-05 0.104396 0.176103
9.9991E-05 0.301947 0.388836 0.00502981 0.116219 0.187869
0.0104451 0.215848 0.463549 0.0156055 0.127259 0.167293
9.9973E-05 0.0294087 0.0614537 9.9973E-05 9.9973E-05 0.908838
9.9973E-05 0.0403012 9.9973E-05 9.9973E-05 0.0543661 0.905033
0.012062 0.0115319 0.0238916 9.9982E-05 9.9982E-05 0.952315
9.9964E-05 0.0164082 9.9964E-05 9.9964E-05 9.9964E-05 0.983192
0.0449154 9.9973E-05 0.059054 9.9973E-05 9.9973E-05 0.895731
9.9964E-05 9.9964E-05 9.9964E-05 9.9964E-05 0.00940988 0.99019
0.0125215 9.9982E-05 0.0361708 9.9982E-05 0.0281609 0.922947
0.0361023 9.9964E-05 9.9964E-05 9.9964E-05 9.9964E-05 0.963498
0.0252061 0.0121157 0.020562 0.0133129 0.0186198 0.910183
0.0111236 0.0578548 9.9982E-05 9.9982E-05 0.0227911 0.908031
0.317572 0.0440965 9.9982E-05 0.0519939 9.9982E-05 0.586138
0.347345 0.0341159 9.9973E-05 9.9973E-05 9.9973E-05 0.61824
0.328817 0.0828418 9.9982E-05 0.0546154 9.9982E-05 0.533526
0.416517 0.114254 9.9982E-05 0.0300879 9.9982E-05 0.438941
0.207487 9.9991E-05 0.465365 0.239423 0.0324696 0.0551565
0.144975 0.00697572 0.428073 0.329087 0.0738223 0.0170664
0.222586 0.0756257 0.547633 0.136578 0.00920884 0.00836851
0.282275 0.0123473 0.396997 0.283095 9.9991E-05 0.0251851
0.595781 0.0821746 0.239626 0.0691336 0.0131849 9.9991E-05
0.0786903 0.0558293 0.648124 0.154997 0.0222672 0.0400924
0.138329 9.9982E-05 0.566071 0.27903 0.0163712 9.9982E-05
0.0408651 0.122845 0.554449 0.258991 0.0207124 0.00213771
9.9982E-05 0.0722868 0.331902 0.562752 0.0328594 9.9982E-05
0.0792831 0.047826 0.630373 0.126678 0.0230177 0.0928218
0.0976346 9.9982E-05 0.428063 0.465916 9.9982E-05 0.00818655
9.9964E-05 0.239242 9.9964E-05 0.760358 9.9964E-05 9.9964E-05
0.16114 0.0113872 0.561446 0.173805 0.00571112 0.0865108
9.9973E-05 0.206544 0.141699 0.651457 9.9973E-05 9.9973E-05
9.9982E-05 0.0612868 0.530164 0.339174 9.9982E-05 0.0691755
0.182023 9.9982E-05 0.121782 0.671498 9.9982E-05 0.0244971
0.806298 0.0537413 9.9973E-05 9.9973E-05 9.9973E-05 0.13966
0.756099 0.0789568 0.0615579 9.9982E-05 9.9982E-05 0.103186
0.793469 0.0419192 0.0365341 0.0250293 9.9991E-05 0.102948
0.813273 0.0687281 9.9973E-05 9.9973E-05 9.9973E-05 0.117699
0.804904 0.0477726 0.110593 9.9982E-05 9.9982E-05 0.03653
0.7606 0.0604564 0.10461 9.9991E-05 0.00272242 0.0715114
9.9982E-05 9.9982E-05 0.0141906 0.0619988 0.0654433 0.858167
0.0434722 9.9991E-05 0.11047 0.00300696 0.0102506 0.832701
0.00748579 0.00908426 0.13662 0.0148216 0.0503969 0.781592
0.0124906 9.9991E-05 0.0168015 0.0554875 0.0733716 0.841749
0.0179215 0.00164613 0.1528 0.00269193 0.0320857 0.792854
0.56989 0.0436472 9.9973E-05 9.9973E-05 9.9973E-05 0.386163
0.526964 0.0351181 9.9973E-05 9.9973E-05 9.9973E-05 0.437618
0.543764 0.00461922 0.0291956 9.9982E-05 9.9982E-05 0.422222
9.9973E-05 9.9973E-05 0.120986 0.0147935 9.9973E-05 0.863921
0.556047 0.0357458 9.9982E-05 0.0244261 9.9982E-05 0.383581
9.9982E-05 0.149093 0.304466 9.9982E-05 0.274083 0.272158
0.023654 0.0590468 0.550101 0.0230172 0.195579 0.148602
9.9982E-05 9.9982E-05 0.55131 0.00530045 0.250368 0.192821
9.9982E-05 0.13885 0.325861 9.9982E-05 0.247458 0.287631
0.0971521 0.0644075 0.51494 9.9991E-05 0.123141 0.200259
9.9973E-05 0.258957 9.9973E-05 9.9973E-05 0.290419 0.450323
0.405981 0.07258 0.485873 0.0353654 9.9982E-05 9.9982E-05
0.202365 0.237235 0.469295 0.090906 9.9982E-05 9.9982E-05
0.514427 0.0645571 0.30161 0.119206 9.9982E-05 9.9982E-05
0.163523 0.232115 0.555999 0.048162 9.9982E-05 9.9982E-05
0.308779 0.61692 9.9973E-05 0.0740013 9.9973E-05 9.9973E-05
0.172658 0.0936251 0.634723 0.000774291 0.0388391 0.059381
0.138259 0.164613 0.577089 0.0653596 0.0375111 0.0171685
0.438789 0.112907 0.373745 0.0553832 9.9991E-05 0.0190755
0.1805 0.0501315 0.585529 0.0945892 0.0104092 0.0788417
0.292516 0.428178 0.172792 0.106313 9.9982E-05 9.9982E-05
0.167623 0.146673 0.595148 0.0431407 0.0354799 0.0119347
0.349091 0.0267843 0.51507 0.101479 9.9991E-05 0.0074752
0.0546251 0.192664 0.421439 0.0772081 0.132648 0.121415
0.246012 0.266216 0.320192 0.120344 0.0471371 9.9991E-05
0.197437 0.286623 0.405702 0.073289 0.0368492 9.9991E-05
0.188685 0.112004 0.595705 0.0803063 0.0232005 9.9991E-05
0.161035 0.195319 0.552425 0.0910208 9.9982E-05 9.9982E-05
0.126985 0.098965 0.652841 0.0424162 0.0428862 0.0359065
0.108068 0.0205178 0.563027 0.167024 0.0215499 0.119814
0.164865 0.0676865 0.5863 0.0947144 0.0065106 0.0799233
9.9973E-05 9.9973E-05 0.118655 9.9973E-05 0.0205905 0.860454
9.9973E-05 9.9973E-05 0.112013 0.00217849 9.9973E-05 0.885508
9.9982E-05 0.0111117 0.0706506 0.0217026 9.9982E-05 0.896335
0.00329482 9.9991E-05 0.030087 0.0194484 0.0408775 0.906192
0.000472105 9.9973E-05 0.104211 9.9973E-05 9.9973E-05 0.895017
0.601539 0.105146 0.111695 0.107646 0.0492965 0.0246763
0.177971 0.120853 0.562269 0.0501818 0.0420957 0.0466282
0.0204905 0.112165 0.447717 0.00354258 0.215731 0.200355
0.2302 0.00346389 0.650609 0.0401784 0.0572736 0.0182754
0.344814 0.0169891 0.527532 0.0925607 0.00901637 0.00908714
0.282813 0.349206 0.292569 0.0661004 0.00921097 9.9991E-05
0.744292 0.0615631 0.0129602 0.115642 9.9991E-05 0.0654424
0.328186 0.0293632 0.509118 0.0556244 0.0183908 0.0593181
0.595521 0.0422299 0.249614 0.0308829 0.0656465 0.0161059
0.176818 0.184491 0.478318 0.085047 0.0468713 0.0284551
0.643692 0.112001 0.189058 9.9982E-05 9.9982E-05 0.0550486
0.295221 9.9991E-05 0.567794 0.0315322 0.0397644 0.0655889
0.579567 0.0994503 0.16648 0.0954542 0.0401571 0.0188914
0.297289 0.227877 0.268181 0.111368 0.0951841 9.9991E-05
0.0580956 0.22532 0.577021 0.047041 0.0281652 0.0643571
0.0937538 0.534655 0.342272 0.0172942 9.9991E-05 0.0119248
9.9982E-05 0.349901 0.576931 0.0270095 9.9982E-05 0.0459587
0.0857553 0.213742 0.564055 9.9991E-05 0.0331552 0.103193
0.077254 0.601022 0.29801 0.0235141 9.9982E-05 9.9982E-05
0.0904098 0.217284 0.520443 0.0485035 0.0487173 0.0746428
0.0310662 0.319913 0.590253 9.9982E-05 9.9982E-05 0.0585674
0.0465133 0.69426 0.185384 0.073642 9.9982E-05 9.9982E-05
0.0528412 0.707366 0.213159 0.0264336 9.9982E-05 9.9982E-05
0.0696783 0.372856 0.474954 0.0617887 9.9991E-05 0.0206233
0.0493882 0.66896 0.105437 0.176015 9.9982E-05 9.9982E-05
0.133106 0.386121 0.469735 0.0108381 9.9982E-05 9.9982E-05
0.697765 9.9982E-05 0.164544 0.122512 0.0149791 9.9982E-05
0.36997 0.267041 0.199417 0.0872783 0.0761944 9.9991E-05
0.444222 9.9991E-05 0.43721 0.0671578 0.0329141 0.0183969
0.253881 9.9991E-05 0.537183 0.0976088 0.0749693 0.0362576
0.589706 9.9982E-05 0.251798 0.114468 0.0438282 9.9982E-05
0.247563 0.10417 0.5088 0.0482676 0.0621632 0.0290364
0.27322 0.0295613 0.594404 9.9991E-05 0.0423987 0.0603168
0.22932 0.0988998 0.512518 0.103106 0.0560564 9.9991E-05
0.318644 0.0732792 0.459494 0.0434386 0.105045 9.9991E-05
0.461271 9.9991E-05 0.484785 0.0103694 0.0298017 0.0136732
0.549081 0.0100363 0.261998 0.137064 0.0417216 9.9991E-05
0.474563 0.0154311 0.444938 0.0252115 0.0397564 9.9991E-05
0.259409 0.100097 0.540423 0.0519159 0.0480551 9.9991E-05
0.182452 0.0708963 0.605356 0.0346629 0.0788222 0.0278098
0.289291 0.179447 0.32244 0.082269 0.123476 0.00307672
0.21259 0.1079 0.464453 0.114448 0.10051 9.9991E-05
0.479047 0.0189797 0.398191 0.0539575 0.0497249 9.9991E-05
0.289519 0.0241121 0.529622 0.0515917 0.0626508 0.0425048
0.309719 0.005783 0.423883 0.103029 0.114294 0.043292
0.17897 0.10716 0.600781 9.9991E-05 0.0505853 0.0624039
0.0376035 0.028435 0.45127 0.0274496 0.128893 0.326349
0.0464815 0.109366 0.589796 9.9991E-05 0.127473 0.126783
0.106631 0.100385 0.451472 0.0759721 0.110661 0.154878
0.0171309 0.17003 0.552824 9.9991E-05 0.128847 0.131068
9.9991E-05 0.10191 0.43273 0.0546172 0.203455 0.207188
0.189462 0.225078 0.54481 0.0404503 9.9982E-05 9.9982E-05
0.0647237 0.109737 0.518951 0.046234 0.107659 0.152696
0.0731255 0.441304 0.0583686 0.0386765 0.167488 0.221038
0.0564888 0.117237 0.589992 9.9991E-05 0.110557 0.125626
0.0540005 0.0854228 0.528282 0.00718241 0.197358 0.127755
0.0332464 0.0863372 0.525795 0.0804191 0.155694 0.118508
0.0350311 0.293095 0.315454 0.0530719 0.109694 0.193654
9.9991E-05 0.0644817 0.550352 0.0502869 0.123305 0.211474
0.00610226 0.176887 0.522659 9.9991E-05 0.18357 0.110682
9.9973E-05 0.383997 9.9973E-05 9.9973E-05 0.132715 0.482988
0.0773967 0.0192785 0.514834 0.0530574 0.164261 0.171172
9.9991E-05 0.0590066 0.572542 0.0227072 0.141456 0.204188
0.0088616 0.126387 0.606999 0.0170079 0.135345 0.1054
9.9982E-05 0.0991548 0.52401 9.9982E-05 0.186878 0.189758
9.9991E-05 0.126255 0.508627 0.0457818 0.0651922 0.254043
0.0347203 0.299975 0.505647 0.130473 0.012196 0.0169887
0.0496171 0.184673 0.507188 0.109736 0.0662606 0.0825259
0.0874147 0.720412 0.0199949 0.171978 9.9982E-05 9.9982E-05
0.0791883 0.745355 0.0646824 0.110575 9.9982E-05 9.9982E-05
0.0250116 0.249391 0.530227 0.105697 0.0161881 0.0734855
9.9982E-05 0.206441 0.383428 9.9982E-05 0.265256 0.144676
9.9982E-05 0.240861 0.359835 9.9982E-05 0.270302 0.128801
9.9982E-05 0.308224 0.213443 9.9982E-05 0.32119 0.156944
9.9982E-05 0.226857 0.386868 9.9982E-05 0.240324 0.145751
9.9982E-05 0.717804 0.190178 9.9982E-05 0.020768 0.07105
0.0282253 0.580092 0.194609 0.0690929 0.0793141 0.048667
0.0308392 0.268887 0.582773 0.0494133 0.0650283 0.00305911
9.9982E-05 0.370929 0.437783 9.9982E-05 0.12029 0.0707989
0.0405892 0.536131 0.285631 0.0798431 0.057705 9.9991E-05
0.0568287 0.184233 0.619762 0.0205265 0.0518041 0.0668456
0.0271683 0.254358 0.630126 9.9991E-05 0.0813713 0.00687691
0.0240948 0.22261 0.535686 0.0469034 0.0696813 0.101024
0.0177141 0.484264 0.407658 0.0901637 9.9982E-05 9.9982E-05
0.0773161 0.364541 0.467543 0.0804722 9.9991E-05 0.0100285
0.0554706 0.237045 0.590341 0.0784411 9.9991E-05 0.0386016
0.0826358 0.36468 0.532253 9.9991E-05 0.00214816 0.0181838
0.0642458 0.205548 0.500915 0.0893964 0.0696068 0.0702877
0.0171346 0.383999 0.514802 0.0838644 9.9982E-05 9.9982E-05
0.0386519 0.615317 0.267239 0.0785922 9.9982E-05 9.9982E-05
0.0110308 0.244003 0.657996 0.0619349 9.9991E-05 0.0249353
0.0796059 0.562118 0.24567 0.112406 9.9982E-05 9.9982E-05
0.0414381 0.412245 0.501049 0.0450672 9.9982E-05 9.9982E-05
0.0879166 0.221627 0.503792 0.083712 0.0716005 0.0313522
0.0761947 0.226054 0.476962 0.143573 0.0536967 0.0235197
0.0220071 0.135577 0.538603 0.00603896 0.108924 0.188851
0.0444072 0.170469 0.484226 0.0385142 0.105428 0.156956
9.9991E-05 0.187646 0.35445 0.00373752 0.242625 0.211441
0.0191794 0.189967 0.318583 9.9991E-05 0.248561 0.223609
0.0826618 0.126614 0.480707 9.9991E-05 0.153617 0.1563
0.0135052 0.176032 0.448187 0.0654866 0.157814 0.138975
9.9991E-05 0.644341 0.00254033 0.0500437 0.158682 0.144293
9.9982E-05 0.144363 0.574129 9.9982E-05 0.192543 0.0887649
9.9973E-05 0.57057 9.9973E-05 9.9973E-05 0.125198 0.303932
9.9982E-05 0.217357 0.556635 9.9982E-05 0.157181 0.0686273
9.9973E-05 0.645721 0.207702 0.146278 9.9973E-05 9.9973E-05
0.0368492 0.661393 0.0378115 0.263746 9.9982E-05 9.9982E-05
0.0126216 0.375365 0.555144 0.0566694 9.9982E-05 9.9982E-05
0.0336131 0.242808 0.6518 0.0430345 0.0196349 0.00910952
0.0297743 0.426523 0.48794 0.0555629 9.9982E-05 9.9982E-05
0.0079838 0.292149 0.647721 0.0519461 9.9982E-05 9.9982E-05
0.0129599 0.301643 0.620606 0.0645913 9.9982E-05 9.9982E-05
0.0764403 0.00825562 0.0187014 0.0127685 0.0233256 0.860509
0.0913907 0.0296582 0.0376696 0.0159394 0.0730259 0.752316
0.0341847 9.9973E-05 9.9973E-05 9.9973E-05 0.0370908 0.928425
9.9973E-05 0.0202399 0.0271944 9.9973E-05 9.9973E-05 0.952266
9.9991E-05 0.0440274 0.498607 0.361303 0.0176368 0.0783259
0.0967644 9.9982E-05 0.530895 0.312262 9.9982E-05 0.0598789
0.0139265 9.9991E-05 0.51591 0.438512 0.00659939 0.0249525
0.0563534 9.9982E-05 0.590932 0.258622 9.9982E-05 0.0938933
0.0488539 0.126991 0.596597 0.1082 9.9991E-05 0.119259
0.133901 9.9982E-05 0.276056 0.536807 9.9982E-05 0.053036
9.9973E-05 9.9973E-05 0.639741 0.341414 9.9973E-05 0.0185454
9.9982E-05 0.147128 0.250014 0.596867 9.9982E-05 0.00579032
0.0863999 9.9982E-05 0.416866 9.9982E-05 0.170039 0.326495
9.9982E-05 0.17224 0.455812 0.364372 0.00737514 9.9982E-05
0.102528 9.9982E-05 0.316717 0.54394 9.9982E-05 0.0366147
9.9982E-05 0.0742686 0.503864 0.413647 0.00802029 9.9982E-05
0.105684 9.9991E-05 0.362438 0.47212 0.0318129 0.0278452
9.9991E-05 0.0280446 0.586242 0.365386 0.00599536 0.0142329
0.0525146 0.0131974 0.537406 0.329536 9.9991E-05 0.0672459
9.9964E-05 0.161656 9.9964E-05 0.837944 9.9964E-05 9.9964E-05
9.9982E-05 0.143021 0.290737 0.544147 0.0218944 9.9982E-05
9.9982E-05 0.10118 0.330628 0.564605 0.00338788 9.9982E-05
9.9964E-05 0.231612 9.9964E-05 0.767989 9.9964E-05 9.9964E-05
0.102109 9.9991E-05 0.373346 0.449265 0.0050834 0.0700972
9.9973E-05 0.367439 0.0577553 0.574506 9.9973E-05 9.9973E-05
9.9964E-05 0.242709 9.9964E-05 0.756891 9.9964E-05 9.9964E-05
9.9991E-05 0.0795353 0.570107 0.300867 0.0220728 0.0273184
0.142556 9.9991E-05 0.158342 0.658282 0.00371341 0.0370075
0.123512 9.9982E-05 0.442646 0.414623 0.0190194 9.9982E-05
9.9991E-05 0.135488 0.538911 0.145911 0.053353 0.126237
0.0868652 9.9991E-05 0.479176 0.386023 0.0101926 0.0376432
0.247564 0.260563 0.448647 0.0430272 9.9982E-05 9.9982E-05
0.0593811 9.9991E-05 0.547097 0.344627 0.00574423 0.0430507
0.122596 9.9982E-05 0.51232 0.360464 9.9982E-05 0.00442081
9.9973E-05 0.10339 0.32761 0.5687 9.9973E-05 9.9973E-05
0.0539541 0.0402157 0.51248 0.238662 0.0463536 0.108334
0.260073 0.0780544 9.9973E-05 9.9973E-05 9.9973E-05 0.661572
0.159154 0.0190104 9.9982E-05 0.0395582 9.9982E-05 0.782077
0.132142 0.014517 9.9973E-05 9.9973E-05 9.9973E-05 0.853042
0.137795 0.0344253 9.9973E-05 9.9973E-05 9.9973E-05 0.827479
0.171716 0.0373423 0.0189812 0.02322 9.9991E-05 0.74864
0.179155 9.9991E-05 0.113401 0.648982 0.0128656 0.0454967
0.144063 9.9982E-05 0.121687 0.683821 9.9982E-05 0.050229
9.9982E-05 0.0944379 0.151147 0.738564 0.0156511 9.9982E-05
0.00895996 0.112088 0.615213 0.120407 0.0162721 0.127059
9.9991E-05 0.0410096 0.559568 0.223754 0.0313994 0.144169
9.9982E-05 0.109245 0.224241 0.65365 0.0126639 9.9982E-05
9.9991E-05 0.0411801 0.575741 0.271626 0.0950622 0.0162904
9.9991E-05 0.124594 0.406054 0.405177 0.0530393 0.0110353
0.0980743 9.9982E-05 0.485752 0.386293 9.9982E-05 0.0296804
0.0108799 9.9991E-05 0.537372 0.324172 0.106187 0.0212886
0.122603 9.9973E-05 0.187157 0.68994 9.9973E-05 9.9973E-05
0.137548 9.9973E-05 0.268303 0.593849 9.9973E-05 9.9973E-05
0.130822 9.9982E-05 0.327139 0.534855 9.9982E-05 0.00698409
0.0492042 0.185823 0.642732 9.9982E-05 9.9982E-05 0.122041
0.0858304 9.9982E-05 0.343157 0.535914 9.9982E-05 0.0348985
0.108517 9.99871E-05 0.3713 0.46761 9.99871E-05 0.0523733
9.9991E-05 0.097652 0.480797 0.0208365 0.30328 0.0973347
9.9991E-05 0.0629019 0.360989 0.0257976 0.395761 0.154451
9.9982E-05 9.9982E-05 0.480647 0.0367331 0.362497 0.119923
9.9982E-05 0.0513706 0.278424 9.9982E-05 0.508117 0.161888
0.0415474 0.0469214 0.48986 0.0335868 0.256388 0.131696
9.9982E-05 0.228034 0.527464 0.187895 9.9982E-05 0.0564067
9.9982E-05 0.0878986 0.00850689 9.9982E-05 0.651724 0.25167
0.00315468 0.0317791 0.305577 9.9991E-05 0.477273 0.182116
9.9991E-05 0.247979 0.402198 0.0430103 0.108661 0.198051
0.0605934 0.213727 0.550883 0.0320099 9.9991E-05 0.142687
0.0675587 0.235514 0.527137 0.0189531 0.00564623 0.145191
0.0585523 0.130666 0.606438 0.0482291 9.9991E-05 0.156015
0.0773915 0.147379 0.598727 9.9991E-05 0.0334837 0.142919
0.00904807 9.9991E-05 0.347434 0.00415759 0.466157 0.173103
0.0975829 0.0153934 0.337826 0.0542977 0.380948 0.113952
9.9982E-05 0.00322982 0.429062 9.9982E-05 0.474715 0.0927932
0.0320786 0.0130248 0.487764 0.063601 0.241025 0.162506
0.0596981 0.0480736 0.267091 0.000868308 0.478649 0.14562
9.9991E-05 0.039109 0.474617 0.023786 0.317486 0.144902
9.9982E-05 0.0728834 0.257875 9.9982E-05 0.555983 0.113059
0.0467371 0.0506135 0.431353 0.0407336 0.301585 0.128978
0.0175728 0.309769 0.544068 0.0180997 9.9991E-05 0.11039
0.0194979 0.0669484 0.425227 0.0373944 0.299768 0.151164
9.9991E-05 0.0492683 0.163603 0.00213726 0.558398 0.226494
0.0483485 0.0481058 0.39012 0.0350407 0.367075 0.111309
0.173706 0.304998 0.33465 0.0244776 9.9991E-05 0.162069
9.9982E-05 0.284942 0.661244 9.9982E-05 0.00310959 0.0505049
0.0448802 0.0528678 0.350601 0.0590969 0.358364 0.13419
0.0567875 0.219404 0.594457 9.9982E-05 9.9982E-05 0.129151
0.062205 0.236401 0.517438 9.9982E-05 9.9982E-05 0.183756
0.029068 0.198507 0.346304 9.9991E-05 0.222661 0.20336
9.9982E-05 0.166529 0.391582 9.9982E-05 0.22623 0.215459
0.0770097 0.138437 0.564007 0.0457132 0.0466429 0.128191
0.00852483 0.0741604 0.483511 0.00690811 0.242476 0.18442
9.9973E-05 9.9973E-05 0.442552 9.9973E-05 0.402792 0.154355
9.9982E-05 0.0801744 0.132503 9.9982E-05 0.614903 0.172219
0.0503942 0.0785326 0.696609 0.0321054 0.0171871 0.125172
0.0502643 0.283396 0.459657 0.0471315 9.9991E-05 0.159451
9.9973E-05 0.709802 0.184048 9.9973E-05 9.9973E-05 0.105851
9.9991E-05 0.142619 0.653036 0.0387838 0.00198444 0.163477
0.143773 0.304765 0.436541 0.0278445 0.0118782 0.0751984
0.0187852 0.149995 0.493471 0.0115627 0.126788 0.199398
0.0477722 0.218252 0.51129 0.000218722 0.0673777 0.155089
9.9973E-05 0.519744 9.9973E-05 9.9973E-05 0.109871 0.370085
9.9973E-05 0.615872 9.9973E-05 9.9973E-05 0.0633838 0.320444
9.9991E-05 0.373551 0.336536 0.019051 0.0802101 0.190552
9.9982E-05 0.479037 0.0129419 9.9982E-05 0.187071 0.32075
9.9973E-05 0.356608 9.9973E-05 9.9973E-05 0.193865 0.449227
9.9982E-05 0.321305 0.391423 9.9982E-05 0.0771212 0.209951
0.00585784 0.241161 0.375385 9.9991E-05 0.126776 0.250721
9.9982E-05 0.401961 0.173013 9.9982E-05 0.142202 0.282624
9.9982E-05 0.526809 0.0653856 9.9982E-05 0.145642 0.261964
9.9982E-05 0.215563 0.523286 9.9982E-05 0.0908848 0.170066
9.9982E-05 0.470028 0.18563 9.9982E-05 0.107522 0.236619
9.9973E-05 0.585101 9.9973E-05 9.9973E-05 0.069907 0.344692
0.0389645 0.0833369 0.470335 0.125077 0.131299 0.150987
0.00688472 0.259922 0.285689 9.9991E-05 0.204655 0.242749
0.0382665 0.016447 0.458175 0.039462 0.136952 0.310698
9.9982E-05 9.9982E-05 0.604392 0.00160077 0.221119 0.172688
9.9991E-05 0.0754552 0.503907 0.0697438 0.190692 0.160102
0.00646948 0.0839559 0.486335 0.0482773 0.200666 0.174296
0.0814279 0.0137887 0.309146 0.0434008 0.196506 0.355731
0.0217571 0.0517845 0.503202 0.0134431 0.181325 0.228488
0.00592605 0.0344989 0.496617 0.000836717 0.207198 0.254924
0.0127019 0.207815 0.277877 0.0324411 0.208025 0.26114
0.114712 0.0100734 0.296931 0.252734 0.124878 0.200672
0.0470307 0.0255242 0.504065 0.109028 0.115163 0.199189
0.0227551 0.127305 0.54339 9.9991E-05 0.130398 0.176052
0.0752808 0.0342652 0.54994 0.125255 0.129656 0.0856034
9.9982E-05 0.0746126 0.432838 9.9982E-05 0.168738 0.323611
9.9991E-05 0.0343635 0.507833 0.0514744 0.140114 0.266116
9.9982E-05 0.274243 0.0840328 9.9982E-05 0.270293 0.371231
0.0407804 0.0805242 0.585087 9.9991E-05 0.12438 0.169128
9.9982E-05 0.2252 0.203982 9.9982E-05 0.284567 0.286051
0.173995 0.0187238 9.9973E-05 9.9973E-05 9.9973E-05 0.806981
0.826114 0.0017351 0.134794 9.9991E-05 0.0127397 0.0245172
0.9995 9.996E-05 9.996E-05 9.996E-05 9.996E-05 9.996E-05
0.9995 9.996E-05 9.996E-05 9.996E-05 9.996E-05 9.996E-05
0.951884 9.9964E-05 0.0477157 9.9964E-05 9.9964E-05 9.9964E-05
0.966507 9.9973E-05 0.00345613 9.9973E-05 0.0297369 9.9973E-05
0.945807 9.9964E-05 0.053793 9.9964E-05 9.9964E-05 9.9964E-05
0.9995 9.996E-05 9.996E-05 9.996E-05 9.996E-05 9.996E-05
0.871065 9.9964E-05 9.9964E-05 9.9964E-05 9.9964E-05 0.128535
0.073165 9.9982E-05 0.00773327 0.0195807 9.9982E-05 0.899321
0.138894 9.9973E-05 0.0499244 9.9973E-05 9.9973E-05 0.810882
0.0466384 0.0115581 0.0480835 0.00199379 9.9991E-05 0.891626
0.0725128 0.00570838 0.0416429 0.00425852 9.9991E-05 0.875777
0.0762336 9.9982E-05 0.0401847 9.9982E-05 0.00106793 0.882314
0.0185703 9.9982E-05 0.0481558 0.0188206 9.9982E-05 0.914253
0.0129197 0.0376095 0.160077 9.9991E-05 0.0587673 0.730527
9.9964E-05 9.9964E-05 0.091897 9.9964E-05 9.9964E-05 0.907703
0.100088 0.0196217 0.120989 9.9991E-05 0.047166 0.712035
9.9973E-05 9.9973E-05 0.0333975 9.9973E-05 0.0280314 0.938271
9.9964E-05 0.00818673 9.9964E-05 9.9964E-05 9.9964E-05 0.991413
0.0270706 9.9991E-05 0.0745175 0.00415815 0.00467459 0.889479
0.000909136 9.9973E-05 9.9973E-05 0.0079706 9.9973E-05 0.99082
9.9973E-05 0.00108812 0.0385293 9.9973E-05 9.9973E-05 0.960083
9.9973E-05 9.9973E-05 0.0797751 0.0162136 9.9973E-05 0.903711
9.9973E-05 9.9973E-05 0.0587467 9.9973E-05 0.00716796 0.933785
9.9973E-05 9.9973E-05 0.066622 9.9973E-05 0.0562635 0.876815
9.9973E-05 9.9973E-05 0.118552 9.9973E-05 0.0260764 0.855072
9.9973E-05 9.9973E-05 0.109174 9.9973E-05 0.067637 0.822889
0.0937151 0.291515 0.424991 0.0454527 9.9991E-05 0.144226
0.023025 0.216248 0.664072 9.9982E-05 9.9982E-05 0.0964547
0.0524237 0.133442 0.642001 0.0187252 0.0111743 0.142233
9.9982E-05 0.740768 0.126773 0.0616314 9.9982E-05 0.0706274
0.119554 0.249407 0.492245 0.0137355 9.9991E-05 0.124958
9.9973E-05 0.769706 0.114583 9.9973E-05 9.9973E-05 0.115411
9.9982E-05 0.244267 0.661119 9.9982E-05 0.0443631 0.050051
0.119352 0.220752 0.41685 0.120142 9.9991E-05 0.122804
0.0764847 0.254113 0.50634 0.0335636 9.9991E-05 0.129398
0.088628 9.9991E-05 0.445605 0.375011 0.016802 0.0738541
0.109794 0.207659 0.465301 0.0812083 9.9991E-05 0.135938
9.9973E-05 0.229238 0.705757 9.9973E-05 9.9973E-05 0.0647058
0.0995703 0.222925 0.560831 0.0354902 9.9991E-05 0.0810842
0.468244 0.29707 0.00512434 0.151302 0.0781598 9.9991E-05
0.0214855 0.851401 0.0360066 9.9982E-05 9.9982E-05 0.0909066
9.9973E-05 0.707473 0.187901 9.9973E-05 9.9973E-05 0.104326
0.0920926 0.125328 0.61776 0.0250061 9.9991E-05 0.139712
9.9991E-05 0.406561 0.490594 0.0082643 0.0225773 0.0719034
9.9982E-05 0.282124 0.606954 0.0258708 9.9982E-05 0.0848511
0.0403306 0.143403 0.680061 9.9991E-05 0.0419226 0.094183
0.0781729 0.0558115 0.452263 0.0436875 0.132867 0.237198
0.00173225 0.0248674 0.599718 0.0483061 0.106605 0.218771
0.196841 0.0499977 0.155566 0.0577656 0.134235 0.405595
0.12807 0.0861891 0.592639 0.0244547 0.0304952 0.138152
0.12733 0.0810827 0.46271 0.0121157 0.0823014 0.23446
9.9973E-05 0.435926 9.9973E-05 9.9973E-05 0.164611 0.399163
9.9982E-05 0.213444 0.317102 9.9982E-05 0.173946 0.295308
0.0424554 0.108431 0.355365 0.00878034 0.123693 0.361275
0.124192 0.0432923 0.401569 0.00444719 0.0861834 0.340316
0.102631 0.0735788 0.501555 0.0151093 0.125422 0.181704
0.0363857 0.0188215 0.556728 0.0762118 0.104008 0.207845
0.00223538 0.0256155 0.659228 0.0485287 0.0565645 0.207828
0.0437219 0.155657 0.417395 0.0455606 0.170072 0.167593
0.0424777 0.0928732 0.193929 0.0375312 0.122096 0.511092
