0.0074533 9.9982E-05 0.934138 9.9982E-05 0.0189877 0.0392209
0.012717 9.9982E-05 0.972687 9.9982E-05 0.0113441 0.00305246
0.02693 0.0455122 0.894245 9.9991E-05 0.0325702 0.000642801
0.0529899 9.9973E-05 0.824312 9.9973E-05 0.122398 9.9973E-05
9.9964E-05 9.9964E-05 0.910368 9.9964E-05 0.0892317 9.9964E-05
0.0841345 0.0271128 0.694161 0.0911032 0.0741009 0.0293881
0.018543 0.0253862 0.822482 0.121724 0.011765 9.9991E-05
0.0792945 9.9991E-05 0.729202 0.153804 0.0122126 0.0253868
0.128828 9.99729E-05 0.819797 0.0510755 9.99729E-05 9.99729E-05
0.031585 9.9991E-05 0.779957 0.129215 0.0469408 0.0122028
0.0567752 9.9982E-05 0.761363 0.124847 0.0568145 9.9982E-05
0.488749 0.188127 0.0391693 0.0188178 0.232025 0.0331115
0.270319 0.0749068 0.0595756 9.9991E-05 0.550636 0.0444627
0.492738 0.0811589 0.0015465 0.0940821 0.229076 0.101399
0.475542 0.0466142 0.0305443 0.038095 0.288421 0.120783
0.290865 0.0440114 0.115237 0.0132961 0.437323 0.0992667
0.211864 0.0220849 0.000487567 0.0699659 0.600981 0.0946168
0.264666 0.114455 0.0318519 0.0698729 0.467015 0.0521392
0.422086 0.0803956 0.0903445 0.0468034 0.288387 0.0719831
0.692017 0.0953459 0.0264278 0.139204 0.0469054 9.9991E-05
0.319666 0.120744 0.0157374 0.0564352 0.42109 0.0663271
0.17302 0.0684885 0.00691947 0.243439 0.434501 0.0736327
0.184594 0.162527 0.0341358 0.0413372 0.528561 0.0488457
0.400135 0.166667 0.0885197 0.0313233 0.264669 0.0486865
0.124894 0.0270663 0.0836217 0.049696 0.646719 0.0680036
0.252139 0.105573 0.0389572 0.0276098 0.534142 0.0415782
0.477832 0.147348 0.0491734 0.0744185 0.220954 0.0302748
0.461113 0.13979 0.024652 0.0162271 0.25671 0.101508
0.523842 0.108287 9.9982E-05 0.105276 0.262395 9.9982E-05
9.9973E-05 9.9973E-05 0.89382 9.9973E-05 0.0898918 0.0159879
9.9964E-05 9.9964E-05 0.882518 9.9964E-05 0.117082 9.9964E-05
0.002272 9.9982E-05 0.827442 9.9982E-05 0.0868344 0.0832521
9.9973E-05 9.9973E-05 0.779158 9.9973E-05 0.149236 0.0713068
0.0829957 0.18048 0.095341 0.12386 0.517223 9.9991E-05
0.0544615 0.303709 0.0970945 0.0124002 0.481405 0.0509294
9.9991E-05 0.353323 0.0154986 0.044066 0.578848 0.00816448
0.667285 0.0897643 0.01482 0.00822409 0.193278 0.026628
9.9982E-05 0.586757 9.9982E-05 0.143147 0.226478 0.0434179
0.114869 0.204862 0.134507 9.9991E-05 0.52762 0.0180424
0.0113209 0.21727 0.0659142 0.0161944 0.662557 0.0267437
0.0817704 0.0225825 0.116178 0.191943 0.587427 9.9991E-05
0.113133 0.0416566 0.0954041 0.122637 0.627069 9.9991E-05
0.19088 0.663201 0.0130529 9.9982E-05 0.132666 9.9982E-05
0.0272737 9.9991E-05 0.0637604 0.22421 0.641988 0.042668
0.0347273 0.240653 0.0868633 0.0362484 0.583029 0.0184785
0.080064 0.136016 0.116148 0.0365843 0.579962 0.0512263
9.9973E-05 0.543659 9.9973E-05 0.105735 0.350306 9.9973E-05
0.0472893 0.274571 0.0858479 9.9991E-05 0.590375 0.00181683
0.0480635 0.166475 0.11386 0.0739865 0.583899 0.0137153
9.9964E-05 0.577715 9.9964E-05 0.421885 9.9964E-05 9.9964E-05
0.577705 0.114389 9.9982E-05 0.10135 0.206356 9.9982E-05
0.267462 0.108837 9.9991E-05 0.401515 0.162457 0.0596281
0.129707 0.0473861 0.119191 0.0804687 0.573054 0.0501937
0.117595 0.0194223 0.088907 0.108566 0.634927 0.0305826
0.0541161 0.0632218 0.0820991 0.125201 0.608664 0.0666979
0.522527 0.103881 0.10447 0.0715499 0.197472 9.9991E-05
0.326148 0.0160591 9.9991E-05 0.0739209 0.558078 0.0256933
0.152744 0.123367 0.0837754 0.0122866 0.549143 0.0786844
0.280256 0.0945277 0.0938523 0.0848434 0.386464 0.0600566
0.463676 0.0983066 0.166649 0.120685 0.141468 0.0092157
0.140204 0.105875 0.0689805 0.0992045 0.549076 0.0366599
0.259644 0.0665221 0.0392618 0.0891335 0.518877 0.0265608
0.575601 0.132133 0.0453859 0.158242 0.0885382 9.9991E-05
0.350814 0.155723 0.020875 0.0295889 0.433391 0.00960782
0.0996855 0.114689 0.0310019 0.134287 0.568044 0.0522925
0.169253 0.0898973 0.0965884 0.0399379 0.604223 9.9991E-05
0.407811 0.125907 0.0547067 0.0797523 0.264137 0.0676864
0.23539 0.120965 0.0289239 0.095705 0.466454 0.0525626
0.232738 0.05946 0.0506291 0.0539717 0.582853 0.0203488
0.473128 0.142282 0.0471327 0.0989075 0.238449 9.9991E-05
9.9973E-05 0.487024 0.0256343 9.9973E-05 0.487042 9.9973E-05
0.0551634 0.74294 0.0411954 9.9982E-05 0.160502 9.9982E-05
0.0372719 0.298502 0.114328 0.0194813 0.490001 0.0404162
9.9964E-05 0.846482 9.9964E-05 0.153118 9.9964E-05 9.9964E-05
9.9964E-05 0.830713 9.9964E-05 0.168887 9.9964E-05 9.9964E-05
9.9973E-05 0.683511 9.9973E-05 0.0965472 0.219642 9.9973E-05
0.0620744 0.473211 0.0476533 9.9982E-05 0.416861 9.9982E-05
0.0236505 0.190948 0.114823 0.0731284 0.514591 0.0828585
9.9982E-05 0.479509 9.9982E-05 0.0350172 0.46817 0.0171045
0.157643 0.659705 0.0467914 9.9982E-05 0.135661 9.9982E-05
0.153546 0.575483 0.0102285 9.9982E-05 0.260542 9.9982E-05
0.0588457 0.299162 0.0879899 9.9991E-05 0.485652 0.0682507
0.070541 0.570785 0.035112 9.9982E-05 0.323362 9.9982E-05
0.0740805 0.461182 0.00503314 9.9982E-05 0.459504 9.9982E-05
9.9973E-05 0.475472 9.9973E-05 0.0616562 0.462571 9.9973E-05
9.9964E-05 0.655018 9.9964E-05 0.344582 9.9964E-05 9.9964E-05
0.0106218 0.278204 0.0326256 0.0309296 0.617364 0.0302549
0.0875235 9.9973E-05 0.842706 9.9973E-05 0.0694701 9.9973E-05
9.9973E-05 9.9973E-05 0.924973 9.9973E-05 0.0651137 0.00961378
9.9973E-05 9.9973E-05 0.866779 9.9973E-05 0.122424 0.0104977
9.9973E-05 9.9973E-05 0.931543 9.9973E-05 0.025127 0.04303
0.00140982 0.00462535 0.948447 9.9982E-05 9.9982E-05 0.0453178
0.00147439 9.9991E-05 0.860282 0.015904 0.0717648 0.0504751
9.9964E-05 9.9964E-05 0.926218 9.9964E-05 0.0733824 9.9964E-05
0.0564341 0.242429 0.0922751 9.9991E-05 0.576807 0.0319549
0.0739635 0.190522 0.0878952 0.0384016 0.540143 0.069074
0.209328 0.737353 0.0387469 0.00465583 0.00981629 9.9991E-05
0.0628259 0.166004 0.0879063 0.0506286 0.586022 0.0466132
0.0948075 0.500098 0.03875 9.9982E-05 0.366145 9.9982E-05
9.9973E-05 0.360454 0.0869903 9.9973E-05 0.552256 9.9973E-05
9.9982E-05 0.251419 0.026929 0.129365 0.592087 9.9982E-05
9.9991E-05 0.397491 0.015859 0.04235 0.474607 0.069593
0.233454 0.727373 0.0388733 9.9973E-05 9.9973E-05 9.9973E-05
0.0616521 0.223571 0.148989 0.00796764 0.493665 0.0641559
0.0327108 0.115031 0.0946278 0.0521866 0.700948 0.00449599
0.0707086 0.183382 0.0859773 0.0637228 0.530012 0.0661975
9.9982E-05 0.509203 9.9982E-05 0.221674 0.229201 0.0397222
9.9982E-05 0.432342 9.9982E-05 0.0742894 0.484096 0.00907273
0.140181 0.372231 0.0366255 9.9982E-05 0.450763 9.9982E-05
9.9982E-05 0.538692 9.9982E-05 0.0873903 0.364714 0.00900384
0.120164 0.379936 0.0737877 9.9982E-05 0.425913 9.9982E-05
0.0873002 0.163968 0.116583 0.0560971 0.536051 0.0400001
0.367868 9.9991E-05 0.00363496 0.274013 0.318304 0.0360803
0.369867 0.0347624 0.0696171 0.0886686 0.436985 9.9991E-05
0.142621 0.0214782 0.107974 0.105713 0.571885 0.0503289
0.119743 0.0686563 0.108727 0.0651813 0.585018 0.0526744
0.394926 0.0221228 0.00509735 0.0453374 0.522003 0.0105142
0.259739 0.00164939 0.0597082 0.0156361 0.644978 0.0182894
0.442453 0.0075282 0.0597788 0.0091146 0.481025 9.9991E-05
0.166787 0.0548511 0.109553 0.0981233 0.551493 0.0191927
0.183248 0.0505008 0.0834492 0.0232456 0.623632 0.0359244
0.269568 0.0180993 0.0225815 0.0768873 0.602314 0.0105504
0.262449 0.064559 0.0587896 0.0201307 0.593972 9.9991E-05
0.169089 9.9991E-05 0.0684476 0.0838495 0.625985 0.0525287
0.097672 9.9991E-05 0.131158 0.100688 0.633042 0.0373399
0.206969 0.0232267 9.9991E-05 0.102984 0.592917 0.0738034
0.140456 0.0424229 0.0683964 0.107107 0.603862 0.0377556
0.15794 0.0386528 9.9991E-05 0.153825 0.593034 0.0564481
0.276341 0.016391 0.0667836 0.246657 0.344531 0.0492958
0.196418 0.0157176 0.0460875 0.0585786 0.633006 0.0501923
0.111771 9.9991E-05 0.0190339 0.158493 0.701374 0.00922746
0.593222 0.114184 0.0225008 0.0373973 0.206301 0.026395
0.324304 0.0299169 9.9991E-05 0.41847 0.20019 0.0270194
0.244939 0.0721203 0.0280458 0.0993367 0.463418 0.0921406
0.317971 0.0715032 9.9982E-05 0.476934 0.133392 9.9982E-05
0.540653 0.0443172 9.9982E-05 0.0551718 0.359658 9.9982E-05
0.439736 0.0348096 9.9982E-05 0.038161 0.487093 9.9982E-05
0.45903 0.13508 0.045157 9.9982E-05 0.360532 9.9982E-05
0.512314 0.0538074 9.9982E-05 0.0791151 0.354563 9.9982E-05
0.177814 0.00356396 0.0714895 0.108099 0.631788 0.00724478
0.171815 0.0643822 0.102374 0.0580519 0.542101 0.061276
0.231764 0.0868684 0.0410293 0.0369136 0.551433 0.0519911
0.392239 0.066801 9.9982E-05 0.314512 0.226248 9.9982E-05
0.127349 0.141995 0.137854 0.0630173 0.466937 0.0628469
0.0628738 0.026265 0.0766837 0.278566 0.485956 0.0696549
0.0832673 0.0892269 0.129023 0.698283 9.9982E-05 9.9982E-05
0.0370459 0.0668883 0.0861578 0.137332 0.571938 0.100638
0.0775682 0.112863 0.102674 0.351578 0.337742 0.0175755
0.0823168 9.9991E-05 0.111949 0.21986 0.520251 0.0655231
0.0854812 0.0747306 0.100655 0.47968 0.259353 9.9991E-05
0.14075 0.0721339 0.0553 0.61514 0.116576 9.9991E-05
0.104583 0.0453671 0.0184338 0.379467 0.417048 0.035101
0.12364 0.0756083 0.116596 0.142295 0.473087 0.0687743
0.0983795 0.0690883 0.143686 0.209284 0.410103 0.0694587
0.103833 0.163288 0.0229018 0.519531 0.0866383 0.103807
0.115544 0.0469495 0.0717958 0.12736 0.554579 0.083771
0.0858503 0.0875633 9.9982E-05 0.462845 0.363542 9.9982E-05
0.0899457 0.0777588 9.9982E-05 0.343446 0.48865 9.9982E-05
0.0540767 0.077366 0.119352 0.118152 0.588921 0.0421319
9.9982E-05 9.9982E-05 0.379489 0.217568 0.186117 0.216626
9.9973E-05 9.9973E-05 0.460515 0.382462 9.9973E-05 0.156723
9.9973E-05 9.9973E-05 0.462795 0.412125 9.9973E-05 0.12478
9.9982E-05 9.9982E-05 0.383736 0.266494 0.124204 0.225366
0.0473125 0.0816255 9.9982E-05 0.233629 0.637233 9.9982E-05
0.0454818 0.0651991 0.15334 0.0961337 0.617468 0.0223768
0.008324 0.000138414 9.9982E-05 9.9982E-05 0.28701 0.704328
0.0983924 0.0149388 0.027282 0.0250746 0.362777 0.471535
0.100793 0.0241836 0.079261 9.9991E-05 0.393672 0.40199
0.0728873 0.0116959 9.9982E-05 0.591953 0.323264 9.9982E-05
0.103952 0.056131 0.0898783 0.181388 0.532795 0.0358553
0.0776379 9.9973E-05 9.9973E-05 0.606392 0.31567 9.9973E-05
0.0123513 0.0034427 0.0952295 0.27283 0.616046 9.9991E-05
0.0626475 0.0200857 0.0731833 0.335009 0.508975 9.9991E-05
0.0235189 9.9982E-05 0.019425 0.345952 0.610905 9.9982E-05
0.041847 0.0141439 9.9982E-05 0.690623 0.253186 9.9982E-05
9.9991E-05 0.0598534 0.0923351 0.174313 0.657816 0.0155824
0.0546464 9.9991E-05 0.108811 0.216973 0.611549 0.00792078
9.9964E-05 9.9964E-05 9.9964E-05 9.9964E-05 0.0446453 0.954955
0.00903301 0.00959103 9.9991E-05 0.0125979 0.0594399 0.909238
0.0805364 0.0286758 0.0723001 9.9991E-05 0.282688 0.5357
9.9973E-05 0.00136968 9.9973E-05 9.9973E-05 0.3633 0.635031
0.0322115 0.0235712 9.9982E-05 9.9982E-05 0.0975433 0.846474
9.996E-05 9.996E-05 9.996E-05 9.996E-05 9.996E-05 0.9995
0.0331503 9.9964E-05 9.9964E-05 9.9964E-05 9.9964E-05 0.96645
9.9964E-05 9.9964E-05 9.9964E-05 9.9964E-05 0.16971 0.82989
0.0531439 0.00685509 9.9973E-05 9.9973E-05 9.9973E-05 0.939701
9.996E-05 9.996E-05 9.996E-05 9.996E-05 9.996E-05 0.9995
9.996E-05 9.996E-05 9.996E-05 9.996E-05 9.996E-05 0.9995
0.0226631 9.9982E-05 0.00216627 9.9982E-05 0.199517 0.775454
0.0366969 9.9982E-05 0.024149 9.9982E-05 0.145236 0.793718
9.996E-05 9.996E-05 9.996E-05 9.996E-05 9.996E-05 0.9995
0.0645248 0.0775638 0.0854566 0.00588133 0.352115 0.414459
0.0606041 9.9982E-05 0.0350689 9.9982E-05 0.272332 0.631795
9.9982E-05 0.0225549 0.0278648 9.9982E-05 0.135534 0.813846
9.9973E-05 0.00449363 9.9973E-05 9.9973E-05 0.117645 0.877561
9.996E-05 9.996E-05 9.996E-05 9.996E-05 9.996E-05 0.9995
9.9964E-05 9.9964E-05 9.9964E-05 9.9964E-05 0.0541415 0.945459
9.996E-05 9.996E-05 9.996E-05 9.996E-05 9.996E-05 0.9995
0.0193873 0.0550267 0.0517746 9.9991E-05 0.237009 0.636703
0.00709143 0.0133402 9.9982E-05 0.00804473 9.9982E-05 0.971324
9.9973E-05 9.9973E-05 0.303334 0.64747 9.9973E-05 0.048896
0.021569 9.9991E-05 0.178225 0.299679 0.387828 0.112599
9.9982E-05 9.9982E-05 0.19935 0.286523 0.472832 0.0410952
9.9982E-05 9.9982E-05 0.201313 0.480312 0.226341 0.0918343
0.0781502 0.0961435 0.129028 0.131769 0.417283 0.147627
9.9982E-05 9.9982E-05 0.269372 0.486282 0.134903 0.109243
0.0342036 0.0446123 0.161999 0.195164 0.470877 0.0931437
9.9982E-05 9.9982E-05 0.195358 0.356696 0.349882 0.0978641
9.9982E-05 9.9982E-05 0.20137 0.211905 0.48118 0.105345
9.9991E-05 0.0248528 0.217575 0.273238 0.386332 0.0979026
0.0118108 0.0741695 0.170022 0.165329 0.482637 0.0960322
0.0240937 0.019745 0.895104 0.0104897 0.0504675 9.9991E-05
9.9973E-05 0.0354332 0.895516 9.9973E-05 9.9973E-05 0.0687504
0.0367265 9.9973E-05 0.951265 9.9973E-05 0.0117089 9.9973E-05
9.9973E-05 0.00857016 0.980838 0.0102922 9.9973E-05 9.9973E-05
0.0336484 9.9973E-05 0.895003 9.9973E-05 0.071049 9.9973E-05
9.9973E-05 9.9973E-05 0.977602 9.9973E-05 0.00318436 0.0189134
0.0129447 9.9982E-05 0.924765 9.9982E-05 0.0605737 0.00151618
0.0377683 9.9973E-05 0.949492 0.0124399 9.9973E-05 9.9973E-05
0.00130087 0.0355969 0.90314 0.0161654 0.0275261 0.0162712
0.0333453 9.9982E-05 0.925959 0.0222185 9.9982E-05 0.0182771
0.300118 0.0309995 0.606673 0.0620095 9.9982E-05 9.9982E-05
0.334017 0.0289762 0.607213 0.0295941 9.9982E-05 9.9982E-05
0.349787 0.0313636 0.516885 0.101764 9.9982E-05 9.9982E-05
0.427265 0.00769616 0.463214 0.101625 9.9982E-05 9.9982E-05
0.161882 0.295741 0.0623188 9.9982E-05 0.479858 9.9982E-05
0.142138 0.281491 0.02678 0.0345106 0.492481 0.0225993
0.190621 0.214901 0.0226415 9.9991E-05 0.55026 0.0214758
0.289116 0.298043 0.0352276 0.0229578 0.350156 0.00449973
0.581955 0.0607265 9.9991E-05 0.108651 0.245318 0.00324938
0.0692042 0.181519 0.0289123 0.0213845 0.684886 0.0140931
0.124059 0.274677 9.9973E-05 9.9973E-05 0.600964 9.9973E-05
0.0845565 0.273824 9.9991E-05 0.130716 0.502431 0.00837219
9.9982E-05 0.53109 9.9982E-05 0.0610708 0.40595 0.00168891
0.040711 0.167963 0.0856202 0.0741587 0.593724 0.0378236
0.104241 0.487182 0.019083 9.9982E-05 0.389295 9.9982E-05
9.9964E-05 0.756564 9.9964E-05 0.243036 9.9964E-05 9.9964E-05
0.16646 0.0864864 0.0725633 0.0459726 0.599291 0.0292266
9.9982E-05 0.561945 9.9982E-05 0.2558 0.180624 0.00143014
0.0791818 0.33239 0.0254493 0.0296766 0.520726 0.0125761
0.220504 0.687483 0.00103779 9.9982E-05 0.0907752 9.9982E-05
0.803501 9.9982E-05 0.150382 0.0390029 0.00691379 9.9982E-05
0.767735 9.9982E-05 0.120077 0.0427711 0.0692176 9.9982E-05
0.782081 0.0111542 0.113473 0.0533278 0.0398643 9.9991E-05
0.789972 0.0207607 0.126218 0.0628489 9.9982E-05 9.9982E-05
0.772881 9.9982E-05 0.0633137 0.0365231 0.127082 9.9982E-05
0.773546 9.9991E-05 0.0831833 0.0390057 0.0982879 0.00587725
9.9982E-05 0.0564317 0.867132 9.9982E-05 0.0171525 0.059084
9.9973E-05 0.0423363 0.844253 9.9973E-05 0.113111 9.9973E-05
9.9991E-05 0.013825 0.778715 0.0137674 0.151453 0.04214
9.9973E-05 0.0737329 0.83857 9.9973E-05 9.9973E-05 0.0873967
0.0215688 0.00160947 0.78004 9.9991E-05 0.147471 0.0492103
0.546461 9.9973E-05 0.399205 0.0540341 9.9973E-05 9.9973E-05
0.504204 9.9973E-05 0.441148 0.0543481 9.9973E-05 9.9973E-05
0.51267 9.9982E-05 0.432832 0.0372074 0.0170902 9.9982E-05
0.0106756 0.0112403 0.856623 9.9991E-05 0.103309 0.0180515
0.519211 0.0375723 0.407841 0.0299458 9.9991E-05 0.00532933
9.9982E-05 9.9982E-05 0.253338 0.153429 0.293382 0.299651
0.0460821 0.0426384 0.162722 0.00745466 0.536946 0.204157
9.9973E-05 9.9973E-05 0.215467 9.9973E-05 0.53313 0.251103
9.9982E-05 9.9982E-05 0.275364 0.12732 0.349131 0.247986
0.0983814 0.0162316 0.173636 0.075409 0.528575 0.107767
9.9973E-05 9.9973E-05 0.428465 0.275329 9.9973E-05 0.295906
0.417959 0.0259964 0.0104167 0.0396696 0.505858 9.9991E-05
0.194963 0.0733233 9.9982E-05 0.258635 0.472879 9.9982E-05
0.524115 0.12323 9.9982E-05 0.0353874 0.317068 9.9982E-05
0.182201 0.0581166 9.9991E-05 0.200699 0.552912 0.00597161
0.339386 0.0429339 9.9973E-05 0.61738 9.9973E-05 9.9973E-05
0.225614 0.0179334 0.0708839 0.0464724 0.547849 0.0912474
0.144799 0.0365668 0.00659982 0.182122 0.595166 0.0347458
0.440594 0.0873752 0.0136013 0.0806337 0.377695 9.9991E-05
0.170807 0.0755948 0.0713988 0.081701 0.570022 0.0304769
0.30053 0.121573 9.9982E-05 0.395443 0.182254 9.9982E-05
0.112177 0.0481662 0.036179 0.181939 0.617443 0.00409609
0.324956 0.0759988 9.9982E-05 0.0604938 0.538351 9.9982E-05
0.113276 0.0537149 0.105584 0.146657 0.419091 0.161678
0.245087 0.109252 9.9991E-05 0.274037 0.344853 0.0266706
0.226368 0.060406 9.9991E-05 0.240352 0.443959 0.028815
0.226679 0.0396333 9.9982E-05 0.117765 0.615723 9.9982E-05
0.174717 0.081075 9.9982E-05 0.169522 0.574487 9.9982E-05
0.119002 0.00807885 0.02608 0.128578 0.653345 0.0649153
0.156143 0.0269073 0.0876405 0.116926 0.526332 0.0860513
0.157807 0.089736 0.0729473 0.0659955 0.607489 0.00602554
9.9973E-05 9.9973E-05 0.849533 9.9973E-05 0.133336 0.0168317
9.9973E-05 0.00041846 0.874049 9.9973E-05 0.125232 9.9973E-05
0.0239571 0.0144907 0.907427 0.00821296 0.0458125 9.9991E-05
0.00606414 0.0159494 0.899742 9.9991E-05 0.0164209 0.0617239
9.9964E-05 9.9964E-05 0.911522 9.9964E-05 0.0880777 9.9964E-05
0.615553 0.0653685 0.0349524 0.11167 0.120384 0.0520717
0.194224 0.055972 0.0186474 0.145246 0.527318 0.0585934
9.9991E-05 0.0148829 0.227137 0.139412 0.420603 0.197864
0.23912 0.0289672 9.9991E-05 0.0143232 0.654584 0.0629059
0.36586 0.0853209 0.00966735 9.9991E-05 0.488816 0.0502355
0.332382 0.0259417 9.9991E-05 0.312476 0.316168 0.0129323
0.784318 0.0952487 0.0581205 0.0370225 0.0185883 0.00670148
0.366067 0.0759008 0.0647435 0.0262099 0.454056 0.013023
0.624118 0.0186714 0.0368832 0.0157741 0.241516 0.0630368
0.240581 0.0985086 0.0240301 0.122498 0.468573 0.045809
0.65165 0.00491142 0.0549773 0.0987486 0.189613 9.9991E-05
0.275448 0.0497194 0.0670299 0.00151938 0.536231 0.0700522
0.586856 0.118416 0.0499936 0.0683387 0.151072 0.0253237
0.291191 0.129363 9.9991E-05 0.216503 0.24173 0.121114
0.0642568 0.0541901 0.074363 0.222674 0.569266 0.0152495
0.0684001 0.0342355 9.9982E-05 0.546242 0.350922 9.9982E-05
0.0655316 0.0388344 0.049856 0.267202 0.578476 9.9991E-05
0.0903923 0.00659585 0.144572 0.188813 0.569526 9.9991E-05
0.0768487 0.0622114 9.9982E-05 0.558859 0.301881 9.9982E-05
0.0400315 0.0897206 0.11914 0.143738 0.536017 0.0713533
0.0434546 0.0578321 0.0451468 0.301958 0.551509 9.9991E-05
0.0300712 0.119121 9.9982E-05 0.681067 0.16954 9.9982E-05
0.0378256 0.0235109 9.9982E-05 0.712867 0.225596 9.9982E-05
0.0620552 0.0217271 0.0398416 0.390184 0.486092 9.9991E-05
0.0676484 0.170804 9.9982E-05 0.683698 0.0776491 9.9982E-05
0.0723679 0.054589 9.9982E-05 0.379457 0.493386 9.9982E-05
0.7138 0.0983543 9.9982E-05 9.9982E-05 0.172338 0.0153075
0.355092 0.0524249 9.9991E-05 0.286924 0.242261 0.0631982
0.445822 0.0387696 0.0284974 9.9991E-05 0.432119 0.0546919
0.270529 0.0756101 0.0302993 0.0325198 0.530803 0.0602391
0.597961 0.150931 9.9982E-05 9.9982E-05 0.218459 0.0324492
0.188589 0.0597025 0.0568201 0.11064 0.523665 0.0605832
0.232055 0.0294946 0.0446825 0.0704343 0.597285 0.0260487
0.273636 0.0288161 0.00372139 0.119636 0.534783 0.0394082
0.2806 0.0987163 0.00137138 0.046182 0.4743 0.0988302
0.450794 0.0155814 9.9991E-05 0.0113039 0.484414 0.0378067
0.541126 0.114828 9.9991E-05 0.0295348 0.278036 0.0363753
0.454837 0.0328342 9.9991E-05 0.0319645 0.434003 0.0462616
0.221019 0.0385062 9.9991E-05 0.125592 0.580053 0.0347306
0.138586 0.0267485 0.0482963 0.0924291 0.621836 0.0721037
0.264653 0.0790217 0.0424138 0.182157 0.363125 0.0686294
0.20645 0.0925776 9.9991E-05 0.1209 0.499734 0.080238
0.464521 0.0642822 9.9991E-05 0.0218054 0.375067 0.0742245
0.2642 0.061693 0.0370154 0.0376374 0.525516 0.0739381
0.337143 0.0928903 0.0279907 0.0484326 0.396942 0.0966013
0.197945 0.031786 0.0970927 0.071422 0.552633 0.0491214
0.0429957 0.0479643 0.331193 0.0216603 0.41594 0.140246
0.0326104 9.9991E-05 0.121091 0.0991734 0.568164 0.178862
0.085535 0.0460388 0.15372 0.118705 0.455069 0.140932
0.0297468 0.024015 0.103257 0.13517 0.571858 0.135954
0.0166919 0.000964658 0.191386 0.139472 0.463978 0.187508
0.198287 0.00266788 9.9982E-05 0.247254 0.551591 9.9982E-05
0.00320163 0.101447 0.139898 0.1011 0.523567 0.130787
0.0863864 0.0242085 0.214157 0.436886 0.065129 0.173233
0.0997412 9.9991E-05 0.107919 0.0995683 0.588229 0.104443
0.0887089 0.00335952 0.132714 0.0945699 0.535578 0.14507
0.108194 9.9991E-05 0.0928094 0.0888028 0.551637 0.158457
0.0367808 0.0357107 0.222991 0.290945 0.315921 0.0976516
0.0753824 9.9991E-05 0.17454 0.0325766 0.555679 0.161722
9.9982E-05 9.9982E-05 0.141407 0.146571 0.534442 0.17738
9.9973E-05 9.9973E-05 0.495053 0.391162 9.9973E-05 0.113485
0.0409593 0.0464623 0.188255 0.0538271 0.515224 0.155272
9.9991E-05 0.000351318 0.186334 0.0841657 0.554162 0.174887
0.0125047 0.03547 0.120915 0.13798 0.557814 0.135316
9.9982E-05 9.9982E-05 0.194424 0.0678252 0.52927 0.208281
0.0247639 0.0865925 0.22526 0.0707319 0.449237 0.143415
0.0220443 0.153449 0.0321499 0.285523 0.498715 0.00811923
0.110008 0.113695 0.053217 0.173451 0.461578 0.0880504
0.0497515 0.155973 9.9982E-05 0.768912 0.0251628 9.9982E-05
0.086604 0.062847 9.9982E-05 0.76223 0.0881195 9.9982E-05
0.00533299 0.0399871 0.11 0.298147 0.505947 0.0405868
9.9991E-05 0.00340005 0.163288 0.158887 0.386458 0.287868
9.9982E-05 9.9982E-05 0.150778 0.202406 0.388163 0.258452
9.9982E-05 9.9982E-05 0.158713 0.319724 0.213309 0.308054
9.9982E-05 9.9982E-05 0.124843 0.248243 0.35878 0.267934
9.9982E-05 9.9982E-05 0.0479704 0.702637 0.189727 0.0594659
0.0203662 0.0348815 0.0600199 0.607911 0.211185 0.065637
0.0351781 0.00971473 9.9991E-05 0.283766 0.64041 0.0308313
9.9982E-05 9.9982E-05 0.0398348 0.374365 0.44891 0.13669
0.0223936 0.0338181 0.0183222 0.564177 0.308691 0.0525986
0.0702616 0.0257956 0.0438194 0.249836 0.526944 0.0833434
0.0238754 9.9991E-05 0.0299507 0.267304 0.641487 0.0372823
0.0307207 0.0723408 0.0411687 0.244631 0.567868 0.0432705
0.018181 0.0527901 9.9982E-05 0.507611 0.421217 9.9982E-05
0.0837903 0.0295584 9.9982E-05 0.430011 0.45644 9.9982E-05
0.0366816 0.0702594 0.0200629 0.276026 0.59687 9.9991E-05
0.127696 9.9982E-05 0.0476027 0.294846 0.529655 9.9982E-05
0.0624384 0.0689131 0.0824797 0.210621 0.468973 0.106575
9.9973E-05 0.101941 9.9973E-05 0.398554 0.499205 9.9973E-05
0.0217412 0.0693497 9.9982E-05 0.625409 0.283301 9.9982E-05
0.00132671 9.9973E-05 9.9973E-05 0.302776 0.695598 9.9973E-05
0.0718819 0.0743765 9.9982E-05 0.598345 0.255197 9.9982E-05
9.9973E-05 0.0567851 9.9973E-05 0.435825 0.50709 9.9973E-05
0.0759405 0.0523569 0.0672823 0.22051 0.556898 0.027012
0.0173238 0.0866258 0.0597406 0.265953 0.560052 0.0103052
0.0603509 0.0199032 0.180654 0.120943 0.458077 0.160072
0.0211026 0.0316719 0.180933 0.186497 0.451942 0.127854
9.9982E-05 9.9982E-05 0.22829 0.173193 0.347016 0.251302
0.0662731 0.0253222 0.148427 0.179069 0.285484 0.295424
0.0603792 0.0239332 0.165878 0.10665 0.460748 0.182411
9.9991E-05 0.0473559 0.182401 0.185298 0.45377 0.131075
9.9991E-05 0.00932243 0.117602 0.691426 0.0284909 0.153058
0.0080023 9.9991E-05 0.103427 0.130153 0.579185 0.179133
9.9973E-05 9.9973E-05 0.31652 0.563214 9.9973E-05 0.119966
0.00840062 9.9991E-05 0.0521749 0.236247 0.535787 0.16729
9.9973E-05 0.11012 9.9973E-05 0.666102 0.223479 9.9973E-05
0.0120926 0.219562 9.9982E-05 0.705944 0.0622013 9.9982E-05
0.0237688 0.0491418 9.9982E-05 0.396368 0.530521 9.9982E-05
9.9991E-05 0.0612722 0.0143374 0.249451 0.67055 0.00428958
0.0332961 0.0164114 9.9982E-05 0.424482 0.52561 9.9982E-05
0.0010286 0.065477 9.9982E-05 0.289479 0.643815 9.9982E-05
9.9973E-05 0.0166632 9.9973E-05 0.343792 0.639245 9.9973E-05
0.0624209 0.0199789 0.893516 9.9982E-05 0.0238843 9.9982E-05
0.0634886 0.0110515 0.795944 0.0293319 0.0529398 0.0472445
0.0143812 9.9982E-05 0.950644 9.9982E-05 0.0118649 0.0229098
9.9973E-05 9.9973E-05 0.953352 0.0120982 0.0342502 9.9973E-05
9.9982E-05 0.359278 0.0690034 0.0244763 0.547042 9.9982E-05
0.0687496 0.323907 0.0830131 9.9982E-05 0.524131 9.9982E-05
0.0476809 0.401986 0.025616 9.9982E-05 0.524517 9.9982E-05
0.048586 0.29217 0.088095 9.9991E-05 0.566246 0.00480292
0.0403319 0.132269 0.133774 0.0951721 0.576233 0.0222201
0.101152 0.566942 0.0452042 9.9982E-05 0.286502 9.9982E-05
9.9973E-05 0.329227 0.00566245 9.9973E-05 0.664811 9.9973E-05
9.9982E-05 0.555501 9.9982E-05 0.155292 0.282166 0.00684144
0.101689 9.9991E-05 0.33341 0.0230769 0.414989 0.126736
0.0183764 0.394329 9.9991E-05 0.115772 0.455687 0.0157359
0.0883331 0.558528 0.022038 9.9982E-05 0.330901 9.9982E-05
9.9982E-05 0.39332 0.00628613 0.079791 0.520403 9.9982E-05
0.112708 0.483307 0.000874493 9.9991E-05 0.382891 0.0201191
9.9973E-05 0.398299 9.9973E-05 0.0447749 0.556626 9.9973E-05
0.0409288 0.347073 0.089736 9.9982E-05 0.522062 9.9982E-05
9.9964E-05 0.813122 9.9964E-05 0.186478 9.9964E-05 9.9964E-05
9.9982E-05 0.526742 9.9982E-05 0.159242 0.312132 0.00168398
9.9982E-05 0.489877 9.9982E-05 0.132629 0.364701 0.0125928
9.9964E-05 0.775536 9.9964E-05 0.224064 9.9964E-05 9.9964E-05
0.116352 0.432315 0.0694256 9.9991E-05 0.362518 0.0192896
9.9973E-05 0.6059 9.9973E-05 0.32091 0.0728904 9.9973E-05
9.9964E-05 0.759724 9.9964E-05 0.239876 9.9964E-05 9.9964E-05
9.9991E-05 0.310011 0.0432749 0.0652762 0.560316 0.021022
0.177266 0.624016 0.0374104 9.9982E-05 0.161108 9.9982E-05
0.107022 0.390659 0.00360013 9.9991E-05 0.474988 0.0236314
9.9991E-05 0.20155 0.160846 0.0728696 0.517096 0.0475379
0.0852925 0.392558 0.0355724 9.9991E-05 0.482293 0.00418384
0.289625 0.060234 9.9991E-05 0.236116 0.395035 0.0188893
0.0807454 0.322225 0.0628642 9.9991E-05 0.5119 0.0221655
0.1175 0.385493 0.00965818 9.9982E-05 0.487149 9.9982E-05
9.9973E-05 0.578211 9.9973E-05 0.101033 0.320456 9.9973E-05
0.0425155 0.272225 0.102152 0.0538212 0.529187 9.9991E-05
0.272507 9.9973E-05 0.665458 0.0617349 9.9973E-05 9.9973E-05
0.145598 0.0553917 0.766505 0.0323058 9.9982E-05 9.9982E-05
0.128531 9.9973E-05 0.856094 0.0150746 9.9973E-05 9.9973E-05
0.131591 9.9973E-05 0.82608 0.0420287 9.9973E-05 9.9973E-05
0.147366 0.017539 0.761906 0.0547492 0.0183394 9.9991E-05
0.162523 0.6768 0.0601118 9.9982E-05 0.100365 9.9982E-05
0.113994 0.735952 0.0315597 9.9982E-05 0.118295 9.9982E-05
9.9982E-05 0.764973 9.9982E-05 0.0749817 0.14784 0.0120047
0.0805636 0.114883 0.129698 0.0557516 0.555524 0.0635792
0.0200754 0.156287 0.131243 0.080011 0.569137 0.043247
9.9991E-05 0.599348 0.0100404 0.109225 0.24498 0.0363074
9.9991E-05 0.307954 0.0182776 0.0288362 0.585902 0.0589304
0.00817726 0.444173 0.0537336 0.0582476 0.407782 0.0278872
0.0711123 0.366308 0.0541976 9.9991E-05 0.507715 0.000567037
0.0253367 0.332332 0.0234526 9.9991E-05 0.53836 0.0804187
0.127145 0.643715 9.9982E-05 9.9982E-05 0.212752 0.0161878
0.0956409 0.610206 0.010397 9.9982E-05 0.283557 9.9982E-05
0.104825 0.570984 0.0123745 9.9982E-05 0.311616 9.9982E-05
0.0439773 0.000332666 0.109229 0.174864 0.671498 9.9991E-05
0.0425463 0.535822 0.067609 9.9982E-05 0.353823 9.9982E-05
0.0744764 0.517291 0.0375934 9.9991E-05 0.368449 0.00209032
9.9982E-05 9.9982E-05 0.111441 0.0639784 0.459767 0.364613
9.9991E-05 0.0138067 0.149545 0.0620989 0.304551 0.469899
0.0319495 9.9991E-05 0.0850316 0.0275754 0.481029 0.374314
9.9982E-05 9.9982E-05 0.155594 0.0566554 0.272345 0.515205
9.9991E-05 0.0529675 0.150533 0.0509875 0.441029 0.304383
9.9982E-05 0.149638 0.0714566 0.232367 0.546338 9.9982E-05
9.9973E-05 9.9973E-05 0.273836 0.0643202 9.9973E-05 0.661544
0.000954016 0.00878173 0.180555 0.0380615 0.30862 0.463028
0.0120447 0.0586256 0.155891 0.243058 0.400948 0.129432
0.0908558 0.0283481 0.154036 0.16215 0.564511 9.9991E-05
0.0846899 9.9991E-05 0.152232 0.242649 0.519475 0.000853228
0.056071 0.0733021 0.13943 0.142952 0.584699 0.00354651
0.00670842 0.0115767 0.156699 0.154361 0.670555 9.9991E-05
9.9973E-05 9.9973E-05 0.186305 9.9973E-05 0.403619 0.409777
9.9991E-05 0.0504666 0.118221 0.0427215 0.456141 0.33235
9.9973E-05 9.9973E-05 0.0992623 9.9973E-05 0.406747 0.493691
0.0299667 0.0727568 0.156479 0.041642 0.414479 0.284677
0.0282018 0.0143464 0.144993 0.0653564 0.230104 0.516999
0.0566361 0.0589818 0.134641 0.0119689 0.38612 0.351652
0.00138155 0.0494746 0.133975 0.0233998 0.246037 0.545732
0.0583946 0.0309509 0.0897763 0.0712292 0.430444 0.319205
0.00871094 0.0400701 0.113149 0.324308 0.513662 9.9991E-05
0.0370332 0.0388813 0.171195 0.0663171 0.313919 0.372654
9.9991E-05 0.014112 0.203077 0.0507186 0.144087 0.587905
0.105714 0.0289602 0.0760502 0.0397669 0.364121 0.385387
0.148925 0.041661 0.187714 0.284612 0.336989 9.9991E-05
9.9973E-05 9.9973E-05 0.0632831 0.268628 0.667789 9.9973E-05
0.0336684 9.9991E-05 0.1411 0.0946429 0.393196 0.337292
0.113743 0.026788 0.169372 0.128373 0.561624 9.9991E-05
0.0957559 9.9982E-05 0.159331 0.221264 0.523449 9.9982E-05
9.9991E-05 0.0631076 0.179056 0.188088 0.317578 0.252071
9.9982E-05 9.9982E-05 0.234429 0.129344 0.383028 0.252999
0.0689061 0.0881705 0.0886671 0.132743 0.527083 0.09443
0.0318827 0.0364014 0.152364 0.000364924 0.485437 0.29355
9.9982E-05 0.0293425 0.114191 9.9982E-05 0.444045 0.412223
9.9982E-05 9.9982E-05 0.207683 0.0520565 0.135683 0.604378
0.0541691 0.0541747 0.110866 0.128027 0.622863 0.0298998
0.0861665 0.0359147 0.168876 0.223688 0.485255 9.9991E-05
9.9973E-05 9.9973E-05 0.108534 0.696468 0.194698 9.9973E-05
0.0535516 0.0899805 0.143727 0.110402 0.562364 0.0399748
0.128973 0.0515339 0.108951 0.268505 0.399481 0.0425565
9.9991E-05 0.0150382 0.200601 0.184332 0.459334 0.140595
0.03308 0.0253185 0.145408 0.207739 0.463173 0.125282
9.9973E-05 9.9973E-05 0.354755 0.522087 9.9973E-05 0.122859
9.9973E-05 9.9973E-05 0.308049 0.614704 9.9973E-05 0.0769464
9.9982E-05 9.9982E-05 0.177217 0.403462 0.33219 0.0869308
9.9982E-05 9.9982E-05 0.326123 0.466422 0.0495406 0.157714
9.9973E-05 9.9973E-05 0.464551 0.339939 9.9973E-05 0.19521
9.9991E-05 0.00968454 0.214622 0.327858 0.353065 0.094671
0.0388613 9.9991E-05 0.237977 0.212343 0.37613 0.134589
0.0114214 9.9991E-05 0.2739 0.398942 0.139211 0.176426
9.9982E-05 9.9982E-05 0.264137 0.529656 0.0909057 0.115101
9.9991E-05 0.0321698 0.151872 0.182794 0.477902 0.155163
9.9982E-05 9.9982E-05 0.225343 0.460376 0.170236 0.143845
9.9973E-05 9.9973E-05 0.349062 0.587483 9.9973E-05 0.0631543
0.0621936 0.0262529 0.139195 0.139525 0.532244 0.100589
9.9982E-05 9.9982E-05 0.203852 0.285956 0.342229 0.167764
0.0298168 0.095252 0.325249 9.9991E-05 0.371548 0.178034
9.9973E-05 9.9973E-05 0.187053 9.9973E-05 0.571149 0.241499
9.9982E-05 9.9982E-05 0.168353 0.118683 0.515998 0.196766
0.0150599 0.0302769 0.185628 0.055179 0.462842 0.251015
0.0814505 0.0621863 0.377977 9.9991E-05 0.275398 0.202888
0.0184679 0.0280887 0.264002 0.0117318 0.512532 0.165178
9.9991E-05 0.0546299 0.274721 0.011992 0.467713 0.190844
9.9982E-05 9.9982E-05 0.253791 0.203178 0.31335 0.229481
0.123925 0.244943 0.201562 0.0492731 0.247855 0.132441
9.9991E-05 0.134938 0.209522 0.0361403 0.467344 0.151956
0.0256744 0.0468894 0.138587 0.0795552 0.573584 0.135711
0.049821 0.0609566 0.153871 0.0429545 0.577211 0.115185
0.0108397 9.9991E-05 0.261848 0.0797199 0.419137 0.228355
0.00431362 9.9991E-05 0.262515 0.0604241 0.501744 0.170904
9.9982E-05 9.9982E-05 0.359629 0.281333 0.0625132 0.296325
0.0728381 0.0207593 0.174485 0.0430942 0.533742 0.155082
9.9982E-05 9.9982E-05 0.305682 0.212617 0.193797 0.287705
0.181959 9.9964E-05 0.817641 9.9964E-05 9.9964E-05 9.9964E-05
0.812921 0.00333548 0.0349303 9.9991E-05 0.124486 0.0242278
0.9995 9.996E-05 9.996E-05 9.996E-05 9.996E-05 9.996E-05
0.9995 9.996E-05 9.996E-05 9.996E-05 9.996E-05 9.996E-05
0.970979 9.9964E-05 9.9964E-05 9.9964E-05 0.0286212 9.9964E-05
0.990471 9.9973E-05 9.9973E-05 9.9973E-05 0.00745747 0.00177148
0.943755 9.9973E-05 9.9973E-05 9.9973E-05 0.0478181 0.00812693
0.9995 9.996E-05 9.996E-05 9.996E-05 9.996E-05 9.996E-05
0.870935 9.9964E-05 0.128665 9.9964E-05 9.9964E-05 9.9964E-05
0.0613701 0.0409151 0.897415 9.9973E-05 9.9973E-05 9.9973E-05
0.135849 9.9973E-05 0.787455 9.9973E-05 0.0763964 9.9973E-05
0.0638794 0.015702 0.897027 0.00312858 0.0201631 9.9991E-05
0.071176 9.9982E-05 0.872265 0.0363484 0.0200105 9.9982E-05
0.0759779 0.0245944 0.882609 9.9991E-05 0.000364406 0.0163547
0.0330098 0.0055372 0.919253 9.9982E-05 0.0419996 9.9982E-05
0.0207017 0.00809285 0.764187 9.9991E-05 0.133282 0.0736373
9.9964E-05 9.9964E-05 0.903505 9.9964E-05 0.0960948 9.9964E-05
0.0647097 9.9991E-05 0.715295 0.0608904 0.0949884 0.0640163
9.9973E-05 9.9973E-05 0.909391 9.9973E-05 0.0408095 0.0494993
9.9964E-05 9.9964E-05 0.969182 0.0304181 9.9964E-05 9.9964E-05
0.029429 0.0177016 0.883556 9.9991E-05 0.0366426 0.0325711
0.0246079 9.9964E-05 0.974992 9.9964E-05 9.9964E-05 9.9964E-05
9.9973E-05 9.9973E-05 0.954323 0.000802923 0.0445742 9.9973E-05
9.9973E-05 9.9973E-05 0.894877 9.9973E-05 0.0779168 0.0269063
9.9973E-05 9.9973E-05 0.929429 9.9973E-05 0.0595876 0.0106838
9.9973E-05 9.9973E-05 0.879449 9.9973E-05 0.0704063 0.0498446
9.9964E-05 9.9964E-05 0.854365 9.9964E-05 0.145235 9.9964E-05
9.9973E-05 9.9973E-05 0.814312 9.9973E-05 0.103128 0.0822598
0.0932029 0.0689671 0.143543 0.27711 0.417076 9.9991E-05
0.0342516 0.0203766 0.0904952 0.155893 0.698884 9.9991E-05
0.0429469 0.0697504 0.141952 0.0877914 0.632902 0.0246573
9.9982E-05 0.0430723 0.0777865 0.733806 0.145136 9.9982E-05
0.147991 0.0155682 0.101832 0.20194 0.532568 9.9991E-05
9.9973E-05 9.9973E-05 0.113751 0.763605 0.122345 9.9973E-05
9.9982E-05 9.9982E-05 0.102784 0.232519 0.640262 0.0242346
0.0876377 0.126097 0.168227 0.192704 0.425235 9.9991E-05
0.065803 9.9982E-05 0.175606 0.22845 0.529941 9.9982E-05
9.9973E-05 0.459922 0.0655764 9.9973E-05 0.474202 9.9973E-05
0.0945223 0.0637431 0.139935 0.223385 0.478314 9.9991E-05
9.9982E-05 9.9982E-05 0.101616 0.175303 0.719379 0.00350227
0.118106 0.0334704 0.133718 0.192557 0.522048 9.9991E-05
0.454364 0.130595 9.9991E-05 0.323707 0.010751 0.0804831
0.00914924 9.9982E-05 0.0961215 0.844485 0.0500443 9.9982E-05
9.9982E-05 0.00959769 0.109969 0.681301 0.198932 9.9982E-05
0.0275117 9.9991E-05 0.150952 0.180714 0.630956 0.00976712
9.9973E-05 9.9973E-05 0.0808738 0.372002 0.546824 9.9973E-05
9.9973E-05 9.9973E-05 0.0854408 0.28068 0.63358 9.9973E-05
0.0281025 0.060588 0.10501 0.118341 0.635848 0.0521098
0.0707464 0.0223335 0.227774 0.0621345 0.429389 0.187622
0.0243124 0.0641617 0.227927 9.9991E-05 0.513117 0.170382
0.185674 0.0446278 0.383212 0.0937999 0.156357 0.13633
0.141146 9.9991E-05 0.148632 0.0687912 0.614497 0.0268346
0.141015 9.9991E-05 0.230669 0.105005 0.454903 0.0683088
9.9973E-05 9.9973E-05 0.401993 0.429631 9.9973E-05 0.168076
9.9982E-05 9.9982E-05 0.297774 0.214437 0.283962 0.203627
0.0817287 9.9991E-05 0.362824 0.0878051 0.31634 0.151203
0.14068 0.0350821 0.346637 0.00588321 0.394196 0.0775218
0.0577523 0.0432045 0.152832 0.0947563 0.537937 0.113518
0.0574281 0.0769197 0.201439 0.0529208 0.479876 0.131416
0.0162374 0.0142903 0.181675 0.0598992 0.656623 0.071275
9.9991E-05 0.094144 0.199158 0.156434 0.404 0.146164
0.0167675 0.057697 0.504217 0.0815607 0.210878 0.12888
