9.9982E-05 0.035197 0.0180185 9.9982E-05 0.897642 0.0489427
9.9982E-05 0.00700356 0.0188336 9.9982E-05 0.960408 0.0135551
0.0583107 0.0551615 0.00673802 0.00590833 0.871934 0.00194772
9.9982E-05 0.125616 0.0415988 0.0105007 0.822084 9.9982E-05
0.0029643 0.0857124 9.9973E-05 9.9973E-05 0.911023 9.9973E-05
0.0423446 0.0490936 0.0874889 0.121397 0.646341 0.053335
0.0275604 0.0227322 0.0189605 0.119803 0.810844 9.9991E-05
9.9991E-05 0.0207647 0.0998953 0.12545 0.741673 0.0121165
9.99729E-05 9.99729E-05 0.1358 0.0311826 0.832717 9.99729E-05
0.00121725 0.0555576 0.0549097 0.112518 0.775697 9.9991E-05
9.9982E-05 0.124551 0.04405 0.0715472 0.759652 9.9982E-05
0.191842 0.195545 0.495401 0.045858 0.00894025 0.0624136
0.10109 0.540275 0.249983 0.00553277 0.0488636 0.0542567
0.132054 0.254067 0.437247 0.0875318 9.9991E-05 0.0889998
0.10584 0.311091 0.398221 0.00988647 0.0550699 0.119891
0.0730009 0.377225 0.320819 0.00668727 0.0925554 0.129712
0.073629 0.531908 0.210152 0.0514873 0.0496592 0.0831643
0.172538 0.482085 0.273814 0.0123837 0.0128374 0.046342
0.0504173 0.271717 0.415728 0.0848229 0.111706 0.0656081
0.111876 0.0767007 0.676569 0.115033 0.0197212 9.9991E-05
0.113632 0.411836 0.353964 0.0393295 0.00439612 0.0768423
0.0901427 0.419911 0.174469 0.246861 0.0183917 0.0502236
0.136353 0.555141 0.240018 9.9991E-05 0.0167522 0.0516363
0.190527 0.214584 0.42367 0.0475498 0.0452782 0.0783906
0.0664087 0.627439 0.0892256 0.0683735 0.0600824 0.0884708
0.10871 0.516724 0.269649 0.00651785 0.060342 0.0380566
0.128584 0.212944 0.523636 0.0669574 0.0406784 0.0272
0.109832 0.248134 0.482124 0.026369 0.0309279 0.102613
0.124139 0.244283 0.482836 0.118544 0.0300981 9.9991E-05
9.9973E-05 0.0926158 9.9973E-05 9.9973E-05 0.885958 0.0211265
9.9973E-05 0.117701 9.9973E-05 9.9973E-05 0.87617 0.00582927
9.9982E-05 0.0925136 0.012712 9.9982E-05 0.804351 0.0902235
0.0110728 0.153724 9.9982E-05 9.9982E-05 0.751157 0.0838468
0.23002 0.516619 0.0975388 0.0760523 0.0796698 9.9991E-05
0.276539 0.464611 0.112478 9.9991E-05 0.0942919 0.0519793
0.365897 0.572447 9.9982E-05 0.0105932 0.0508629 9.9982E-05
0.118771 0.199769 0.653027 9.9982E-05 0.0282334 9.9982E-05
0.571859 0.267584 9.9973E-05 0.160257 9.9973E-05 9.9973E-05
0.234448 0.505692 0.130368 9.9991E-05 0.0935438 0.0358477
0.213121 0.681882 9.9991E-05 0.0364681 0.055246 0.013183
0.0633182 0.53853 0.0935212 0.180828 0.123702 9.9991E-05
0.1371 0.632712 0.0554885 0.0645345 0.106563 0.00360188
0.66561 0.138325 0.158067 9.9982E-05 0.0377982 9.9982E-05
0.00796713 0.658202 0.0532996 0.200477 0.079954 9.9991E-05
0.262814 0.594781 0.0241914 0.0229672 0.0854957 0.00975078
0.126554 0.617117 0.0353798 0.0375403 0.156203 0.0272066
0.570128 0.327969 9.9973E-05 0.101603 9.9973E-05 9.9973E-05
0.27015 0.597962 0.0103791 9.9991E-05 0.100449 0.0209598
0.14009 0.579449 9.9991E-05 0.122779 0.14935 0.00823146
0.593076 9.9964E-05 9.9964E-05 0.406524 9.9964E-05 9.9964E-05
0.0914208 0.184465 0.610729 0.113185 9.9982E-05 9.9982E-05
0.134561 0.168838 0.270748 0.366333 9.9991E-05 0.0594205
0.0477146 0.555633 0.105647 0.148307 0.0341983 0.108501
0.0618008 0.602147 0.104097 0.128439 0.025726 0.0777907
0.0413345 0.650903 0.0843311 0.122398 0.062898 0.038135
0.0865019 0.235842 0.498644 0.05235 0.126562 9.9991E-05
0.0356228 0.553964 0.338399 0.0546282 0.00186698 0.0155189
0.118027 0.613222 0.128525 0.0613621 0.0583454 0.0205188
0.0587439 0.405826 0.307482 0.098548 0.103431 0.0259693
0.0700907 0.157161 0.443987 0.174578 0.138578 0.0156062
0.0975107 0.542183 0.193387 0.0556348 0.0350232 0.0762616
0.0557546 0.528763 0.225343 0.0937137 0.0689963 0.0274295
0.120506 0.0951526 0.602843 0.108813 0.0725852 9.9991E-05
0.123926 0.438523 0.364865 0.0724853 9.9982E-05 9.9982E-05
0.0816747 0.552772 0.0946064 0.150956 0.0529668 0.067024
0.0483787 0.661182 0.0931891 0.103238 0.0903434 0.00366909
0.136323 0.286232 0.358188 0.0871681 0.0930821 0.039007
0.0952946 0.518828 0.25196 0.0678517 0.0394076 0.0266581
0.076214 0.613986 0.185492 0.0402236 0.0603544 0.0237298
0.108016 0.221468 0.539889 0.101483 0.0290436 9.9991E-05
0.485829 0.474353 0.0174429 9.9991E-05 0.0192855 0.0029899
0.731356 0.159512 0.0647409 9.9982E-05 0.0441917 9.9982E-05
0.254832 0.489824 0.0529475 0.00316768 0.118169 0.0810603
0.838636 9.9964E-05 9.9964E-05 0.160964 9.9964E-05 9.9964E-05
0.796567 9.9964E-05 9.9964E-05 0.203033 9.9964E-05 9.9964E-05
0.691976 0.206837 9.9973E-05 0.100887 9.9973E-05 9.9973E-05
0.431485 0.470045 0.0845041 9.9982E-05 0.0137656 9.9982E-05
0.171468 0.528928 0.0357775 0.0886046 0.0873278 0.0878938
0.475817 0.459354 9.9982E-05 0.0246084 9.9982E-05 0.0400206
0.651022 0.138274 0.163525 9.9982E-05 0.046979 9.9982E-05
0.574119 0.259184 0.157722 9.9982E-05 0.00877484 9.9982E-05
0.266569 0.531626 0.0221472 0.0551558 0.0835072 0.0409956
0.579176 0.321943 0.0763108 9.9982E-05 0.0223706 9.9982E-05
0.463725 0.440473 0.071123 9.9982E-05 0.0244798 9.9982E-05
0.454904 0.428577 9.9982E-05 0.0950082 0.0213111 9.9982E-05
0.63564 9.9964E-05 9.9964E-05 0.36396 9.9964E-05 9.9964E-05
0.262102 0.613059 0.0405785 0.0456014 0.0108238 0.0278358
9.9973E-05 0.0712683 0.084425 9.9973E-05 0.844007 9.9973E-05
9.9964E-05 0.0695641 9.9964E-05 9.9964E-05 0.930036 9.9964E-05
9.9973E-05 0.13114 9.9973E-05 9.9973E-05 0.8593 0.00925999
9.9973E-05 0.0250819 9.9973E-05 9.9973E-05 0.923532 0.0510861
0.0116982 9.9973E-05 9.9973E-05 9.9973E-05 0.966424 0.0215778
9.9982E-05 0.0680446 9.9982E-05 0.00641726 0.877285 0.0480529
9.9964E-05 0.0723593 9.9964E-05 9.9964E-05 0.927241 9.9964E-05
0.206427 0.586983 0.068515 0.0282093 0.0921971 0.0176679
0.170091 0.523041 0.0306919 0.0798776 0.115344 0.0809538
0.758851 9.9982E-05 0.162608 0.0166576 0.0616834 9.9982E-05
0.143569 0.529024 0.113001 0.0642221 0.0521853 0.0979987
0.477027 0.375209 0.100165 9.9982E-05 0.0473987 9.9982E-05
0.35921 0.523951 0.0381434 9.9982E-05 0.0784963 9.9982E-05
0.268345 0.588485 0.0195264 0.086043 0.0369191 0.000681571
0.402753 0.486806 0.0193948 0.0131327 0.0263744 0.0515389
0.700951 9.9973E-05 0.258044 9.9973E-05 0.0407049 9.9973E-05
0.175688 0.470049 0.136 0.0566831 0.120404 0.0411755
0.180636 0.635122 0.0337939 0.0373619 0.0893271 0.0237589
0.104743 0.57048 0.0394368 0.123683 0.100225 0.0614322
0.542798 0.235698 0.0134999 0.198594 9.9991E-05 0.00930952
0.447709 0.459888 9.9982E-05 0.0638654 9.9982E-05 0.0283368
0.350159 0.47696 0.162571 9.9982E-05 0.0101097 9.9982E-05
0.548547 0.367087 9.9973E-05 0.084066 9.9973E-05 9.9973E-05
0.398814 0.445243 0.119413 9.9982E-05 0.0363301 9.9982E-05
0.146789 0.53263 0.107251 0.0727157 0.0943754 0.0462384
0.037518 0.290247 0.35876 0.244546 9.9991E-05 0.0688281
0.00406387 0.463722 0.371766 0.0792425 0.0811057 9.9991E-05
9.9991E-05 0.564376 0.230438 0.0397346 0.117453 0.0478983
0.0688275 0.562393 0.12474 0.103612 0.0831177 0.0573107
0.0290621 0.504591 0.373322 0.0433714 0.0371792 0.0124745
9.9991E-05 0.578894 0.243743 0.0747581 0.0447187 0.0577863
0.00814988 0.487841 0.436993 0.0128378 0.0540776 9.9991E-05
0.0523294 0.528686 0.156737 0.126132 0.0916223 0.0444927
9.9991E-05 0.636305 0.206143 0.0637858 0.0756168 0.0180494
0.0280452 0.581564 0.296957 0.0383731 0.0424837 0.0125761
0.0265588 0.583205 0.311138 0.0503806 0.028618 9.9991E-05
0.0434775 0.60238 0.162636 0.0936092 0.0371157 0.0607812
9.9991E-05 0.632965 0.118453 0.127313 0.0963451 0.024824
0.0381404 0.613862 0.182655 0.102354 9.9991E-05 0.0628889
0.00106375 0.594022 0.135621 0.112224 0.11452 0.0425486
9.9982E-05 0.592733 0.194274 0.151485 9.9982E-05 0.0613088
0.00506152 0.351312 0.28964 0.2469 0.0677605 0.0393257
0.0452988 0.610302 0.201653 0.0479708 0.0460564 0.048719
9.9991E-05 0.669221 0.123436 0.153085 0.0259934 0.0281645
0.134287 0.211378 0.575346 0.0495749 0.0178109 0.0116035
0.0422932 0.205991 0.315848 0.412888 9.9991E-05 0.0228791
0.10446 0.522605 0.2498 0.0512523 9.9991E-05 0.0717825
0.0847572 0.0790301 0.343108 0.462614 9.9991E-05 0.0303909
0.0731529 0.3902 0.521196 0.0152517 9.9982E-05 9.9982E-05
0.111882 0.469708 0.41811 9.9973E-05 9.9973E-05 9.9973E-05
0.110175 0.396193 0.447642 0.0403867 0.00550335 9.9991E-05
0.0673888 0.372708 0.501086 0.0586175 9.9982E-05 9.9982E-05
0.018363 0.625029 0.223999 0.063561 0.068948 9.9991E-05
0.0548909 0.571364 0.148178 0.103474 0.0813579 0.0407345
0.0481368 0.610998 0.253943 0.0323125 0.0190842 0.0355258
0.0292546 0.231344 0.391146 0.348055 9.9982E-05 9.9982E-05
0.0563834 0.525626 0.102072 0.143686 0.156027 0.0162064
0.0117479 0.540348 0.0698777 0.285521 0.0673201 0.0251846
0.109519 9.9982E-05 0.0940717 0.68291 0.113299 9.9982E-05
0.0389855 0.679737 0.0898924 0.0899913 0.0828496 0.0185446
0.0945494 0.309243 0.0860123 0.406912 0.0721168 0.0311661
9.9991E-05 0.54978 0.0463195 0.228892 0.127545 0.0473634
0.00859248 0.277114 0.0968697 0.53853 0.0787945 9.9991E-05
0.0522506 0.116718 0.161999 0.608682 0.0602494 9.9991E-05
0.0911639 0.383533 0.0866997 0.351363 0.0429045 0.0443363
0.0796532 0.478046 0.0679406 0.207984 0.0923583 0.0740177
0.0393233 0.417018 0.141549 0.172648 0.179411 0.0500502
0.180725 0.100271 0.131274 0.468664 0.0296944 0.0893718
0.0868972 0.525697 0.0693365 0.129386 0.114599 0.0740844
0.0831261 0.354733 0.0795001 0.482441 9.9982E-05 9.9982E-05
0.0771796 0.477125 0.121269 0.324226 9.9982E-05 9.9982E-05
0.0555741 0.613868 0.0258701 0.140484 0.123973 0.0402308
9.9991E-05 0.142195 0.00557394 0.228183 0.373807 0.250141
9.9973E-05 9.9973E-05 9.9973E-05 0.398729 0.465471 0.1355
9.9973E-05 9.9973E-05 9.9973E-05 0.422337 0.462853 0.11451
9.9982E-05 0.0910862 9.9982E-05 0.289682 0.355949 0.263083
0.0891665 0.625792 0.0405764 0.244265 9.9982E-05 9.9982E-05
0.0910716 0.658463 0.0363696 0.127987 0.0819526 0.00415613
0.0107565 0.338293 0.00220804 9.9982E-05 9.9982E-05 0.648542
0.0677297 0.40832 0.0373511 9.9991E-05 0.045926 0.440573
0.0265268 0.386263 0.104105 0.014612 0.0521192 0.416374
0.0222222 0.321368 0.0694433 0.580485 0.00638122 9.9991E-05
0.0120654 0.500266 0.152554 0.219985 0.0794556 0.0356729
9.9973E-05 0.301041 0.0900587 0.6086 9.9973E-05 9.9973E-05
0.030133 0.622835 0.0231667 0.272925 0.0508404 9.9991E-05
9.9991E-05 0.504715 0.0655077 0.40048 0.00590829 0.0232891
9.9973E-05 0.629631 9.9973E-05 0.358045 0.0120239 9.9973E-05
0.0513859 0.245253 0.0270048 0.676156 9.9982E-05 9.9982E-05
0.0248587 0.722422 9.9991E-05 0.22615 0.0246527 0.00181638
0.00944206 0.619466 0.0211158 0.240404 0.106594 0.00297774
0.0326196 0.0170991 9.9973E-05 9.9973E-05 9.9973E-05 0.949981
0.0300172 0.0435849 0.0107365 9.9982E-05 9.9982E-05 0.915461
0.0270723 0.276874 0.0985758 9.9991E-05 0.0344411 0.562937
0.0136921 0.362942 9.9973E-05 9.9973E-05 9.9973E-05 0.623066
0.0321059 0.121693 0.0163185 9.9982E-05 9.9982E-05 0.829683
9.996E-05 9.996E-05 9.996E-05 9.996E-05 9.996E-05 0.9995
9.9973E-05 0.0193429 0.0352329 9.9973E-05 9.9973E-05 0.945124
9.9964E-05 0.164644 9.9964E-05 9.9964E-05 9.9964E-05 0.834956
0.0100311 9.9973E-05 0.054723 9.9973E-05 9.9973E-05 0.934946
9.996E-05 9.996E-05 9.996E-05 9.996E-05 9.996E-05 0.9995
9.996E-05 9.996E-05 9.996E-05 9.996E-05 9.996E-05 0.9995
0.0233002 0.237505 0.0027638 9.9991E-05 0.00548082 0.73085
9.9982E-05 0.0656325 0.0974097 9.9982E-05 0.0265277 0.81023
9.996E-05 9.996E-05 9.996E-05 9.996E-05 9.996E-05 0.9995
0.0415752 0.360102 0.115389 0.0694344 0.055322 0.358178
0.0100933 0.252744 0.0584089 9.9991E-05 0.0335423 0.645112
9.9982E-05 0.143225 0.0263782 9.9982E-05 0.0344641 0.795733
0.0294417 0.0585671 0.0154891 9.9982E-05 9.9982E-05 0.896302
9.996E-05 9.996E-05 9.996E-05 9.996E-05 9.996E-05 0.9995
9.9964E-05 0.0509638 9.9964E-05 9.9964E-05 9.9964E-05 0.948636
9.996E-05 9.996E-05 9.996E-05 9.996E-05 9.996E-05 0.9995
0.0416801 0.22583 0.0306266 9.9991E-05 0.0511293 0.650634
0.0341301 9.9973E-05 9.9973E-05 9.9973E-05 0.00715634 0.958414
9.9973E-05 9.9973E-05 9.9973E-05 0.653785 0.288634 0.0572813
9.9991E-05 0.379145 0.0484332 0.29468 0.197476 0.0801651
9.9982E-05 0.481811 9.9982E-05 0.288933 0.166559 0.062497
9.9982E-05 0.198728 9.9982E-05 0.498044 0.187987 0.115042
0.0481319 0.465217 0.0773856 0.114126 0.181081 0.114058
9.9982E-05 0.137224 9.9982E-05 0.515647 0.24571 0.10122
0.0358499 0.41436 0.0963876 0.215689 0.153325 0.0843888
9.9982E-05 0.335367 9.9982E-05 0.385281 0.180746 0.098406
9.9991E-05 0.479502 0.00576439 0.2475 0.160671 0.106464
9.9982E-05 0.393132 9.9982E-05 0.290867 0.196425 0.119375
0.0826197 0.384476 0.0404576 0.17082 0.164729 0.156898
0.00775219 0.0662603 0.0142936 9.9982E-05 0.911494 9.9982E-05
0.00512119 0.00579992 9.9991E-05 0.0309392 0.908436 0.049604
0.00195986 0.0238793 0.0148245 0.00190153 0.957335 9.9991E-05
0.0201851 9.9973E-05 9.9973E-05 0.00262792 0.976887 9.9973E-05
9.9982E-05 0.0537881 0.0403477 0.00270499 0.902959 9.9982E-05
9.9973E-05 0.0105007 9.9973E-05 9.9973E-05 0.98726 0.00193986
9.9982E-05 0.0365328 0.0180067 9.9982E-05 0.928649 0.0166115
9.9973E-05 9.9973E-05 0.0536556 0.000468971 0.945575 9.9973E-05
0.0411681 9.9991E-05 0.0128309 0.0266568 0.879587 0.0396571
9.9991E-05 0.00712292 0.00619783 0.0567293 0.906397 0.0234528
0.0361683 9.9982E-05 0.299279 0.0613233 0.60303 9.9982E-05
9.9973E-05 9.9973E-05 0.32085 0.0680212 0.610829 9.9973E-05
0.0435202 9.9982E-05 0.3243 0.0942678 0.537712 9.9982E-05
0.0117354 9.9982E-05 0.419018 0.109027 0.460019 9.9982E-05
0.293134 0.508288 0.110984 0.0199237 0.0675704 9.9991E-05
0.378069 0.459847 0.0820546 0.0206287 0.0367284 0.0226723
0.216256 0.55254 0.191521 9.9991E-05 0.0368237 0.00275897
0.311022 0.375082 0.289395 0.0204119 0.00398938 9.9991E-05
0.0529418 0.248912 0.607061 0.0908848 9.9982E-05 9.9982E-05
0.205653 0.652218 0.0702971 0.0343497 0.0373822 9.9991E-05
0.294261 0.593724 0.0932017 9.9982E-05 9.9982E-05 0.0186132
0.25342 0.545906 0.0749344 0.12554 9.9982E-05 9.9982E-05
0.512434 0.386062 9.9982E-05 0.085372 9.9982E-05 0.015932
0.144699 0.604534 0.085084 0.0659796 0.0533805 0.0463233
0.445195 0.423646 0.112745 9.9982E-05 0.018213 9.9982E-05
0.781054 9.9964E-05 9.9964E-05 0.218547 9.9964E-05 9.9964E-05
0.158115 0.535031 0.12319 0.0566733 0.0809478 0.046044
0.614872 0.155213 9.9973E-05 0.229615 9.9973E-05 9.9973E-05
0.36071 0.468976 0.0589148 0.0563375 0.029668 0.025394
0.671886 0.123056 0.198535 9.9982E-05 0.00632308 9.9982E-05
9.9982E-05 0.00180368 0.794022 0.0451892 0.158785 9.9982E-05
9.9982E-05 0.0730193 0.763033 0.0518055 0.111943 9.9982E-05
0.00688288 0.0311798 0.77056 0.0805836 0.110694 9.9991E-05
0.00371099 9.9982E-05 0.83799 0.058014 0.100085 9.9982E-05
9.9982E-05 0.109171 0.79261 0.0561749 0.0418442 9.9982E-05
9.9991E-05 0.0992562 0.760431 0.0470552 0.0718411 0.0213161
0.058878 0.0136739 9.9982E-05 9.9982E-05 0.857489 0.0697589
0.0304307 0.0764463 0.029193 9.9991E-05 0.821096 0.042734
0.00368443 0.136023 0.0359192 0.00452869 0.777282 0.0425635
0.0768749 0.0183444 0.00870785 9.9991E-05 0.833026 0.0629464
0.0171093 0.133023 0.010353 9.9991E-05 0.792221 0.0471937
9.9973E-05 9.9973E-05 0.561692 0.0305397 0.407468 9.9973E-05
9.9973E-05 9.9973E-05 0.51875 0.0570353 0.423914 9.9973E-05
9.9991E-05 0.00928841 0.53591 0.0123642 0.421369 0.0209686
9.9982E-05 0.101157 0.0314092 9.9982E-05 0.854105 0.0131289
0.0148884 9.9982E-05 0.559294 0.0343578 0.39126 9.9982E-05
9.9982E-05 0.253346 9.9982E-05 0.179194 0.26111 0.306149
0.0140633 0.55156 0.00430934 0.0738288 0.15481 0.201429
9.9973E-05 0.560412 9.9973E-05 9.9973E-05 0.223342 0.215947
0.00997362 0.343509 9.9991E-05 0.152053 0.255506 0.238858
0.0901831 0.50604 0.0622773 9.9991E-05 0.217784 0.123616
9.9973E-05 9.9973E-05 9.9973E-05 0.269822 0.428998 0.30088
0.00998752 0.512144 0.396674 0.0809943 9.9982E-05 9.9982E-05
0.0445114 0.475378 0.214078 0.265833 9.9982E-05 9.9982E-05
0.0585694 0.322707 0.571695 0.0415251 0.00540312 9.9991E-05
0.0224548 0.563645 0.192452 0.221248 9.9982E-05 9.9982E-05
0.0753618 9.9973E-05 0.32651 0.597828 9.9973E-05 9.9973E-05
0.0436795 0.58657 0.161111 0.106333 0.0553488 0.0469574
0.0322241 0.536072 0.208379 0.169332 9.9991E-05 0.0538917
0.0586608 0.364923 0.486261 0.0649924 0.0250629 9.9991E-05
0.0829366 0.566526 0.174927 0.0754003 0.0844821 0.0157278
0.132624 0.18156 0.293635 0.391981 9.9982E-05 9.9982E-05
0.0599635 0.56343 0.180464 0.131492 0.047738 0.0169127
0.0798278 0.532276 0.33659 0.0511063 9.9982E-05 9.9982E-05
0.0576794 0.415061 0.0950598 0.168237 0.107184 0.156778
0.0904086 0.35997 0.281708 0.252782 9.9991E-05 0.015032
0.0421688 0.44438 0.231164 0.269309 9.9991E-05 0.0128777
0.00699218 0.591645 0.221536 0.150859 0.00750345 0.0214649
0.035175 0.578783 0.191572 0.19427 9.9982E-05 9.9982E-05
0.0299867 0.671779 0.0887914 0.136714 0.0087617 0.0639674
0.062287 0.531791 0.169861 0.107649 0.0785383 0.0498735
0.0225836 0.599463 0.207511 0.0724408 0.0979018 9.9991E-05
9.9973E-05 0.129789 9.9973E-05 9.9973E-05 0.855299 0.0146125
9.9964E-05 0.110337 9.9964E-05 9.9964E-05 0.889264 9.9964E-05
9.9982E-05 0.045985 0.0161329 0.0370799 0.900602 9.9982E-05
0.000505486 0.0305932 0.00939967 9.9991E-05 0.913938 0.0454636
9.9964E-05 0.0997928 9.9964E-05 9.9964E-05 0.899807 9.9964E-05
0.107574 0.1307 0.619496 0.0863966 0.0241847 0.0316492
0.0493366 0.525952 0.187287 0.159789 0.0225968 0.0550388
9.9991E-05 0.400386 0.0389108 0.140251 0.170256 0.250096
0.0762365 0.641825 0.201652 9.9991E-05 0.00645339 0.0737334
0.0482225 0.538456 0.3823 9.9991E-05 0.0190333 0.0118885
0.0431572 0.320302 0.286105 0.350236 9.9982E-05 9.9982E-05
0.089873 0.0121144 0.755448 0.0638288 0.0599691 0.0187664
0.0447007 0.501683 0.340408 0.0304263 0.0826826 9.9991E-05
0.021037 0.279306 0.599236 0.0172273 0.0418733 0.0413206
0.056554 0.520765 0.190323 0.188996 0.035123 0.00823771
0.0135448 0.186344 0.630745 0.107611 0.0616551 9.9991E-05
0.0394174 0.528364 0.282659 0.00714699 0.0332383 0.109174
0.110918 0.179396 0.582948 0.0768292 0.0431097 0.00679844
0.120399 0.253835 0.312467 0.214513 9.9991E-05 0.0986864
0.0721118 0.536425 0.0824234 0.209181 0.0997587 9.9991E-05
0.025185 0.353821 0.0930828 0.527711 9.9982E-05 9.9982E-05
9.9982E-05 0.547198 0.0545425 0.345744 0.052315 9.9982E-05
0.06027 0.533266 0.0559797 0.213475 0.128481 0.00852768
0.069307 0.288459 0.0481577 0.593876 9.9982E-05 9.9982E-05
0.114125 0.493792 0.0789734 0.173852 0.0818598 0.0573977
0.0760303 0.527811 0.0354672 0.3442 0.016392 9.9991E-05
0.10164 0.172732 0.0286389 0.69679 9.9982E-05 9.9982E-05
0.0286188 0.232511 0.0612224 0.677448 9.9982E-05 9.9982E-05
0.0128908 0.494655 0.0488167 0.419057 0.0244805 9.9991E-05
0.163378 0.0961805 0.0567188 0.683523 9.9982E-05 9.9982E-05
0.0408088 0.468118 0.128251 0.362623 9.9982E-05 9.9982E-05
0.110247 0.151344 0.692509 9.9982E-05 9.9982E-05 0.0457003
0.103907 0.20387 0.367625 0.238653 9.9991E-05 0.0858456
0.0633923 0.409192 0.42174 9.9991E-05 0.0317264 0.0738498
0.14971 0.505491 0.25262 9.9991E-05 0.0385734 0.0535061
0.175693 0.206549 0.568579 0.0159761 9.9991E-05 0.033103
0.0407784 0.571419 0.156502 0.126306 0.0819665 0.0230279
0.030044 0.596428 0.306996 0.0126351 0.0272274 0.0266699
0.140276 0.474758 0.239764 0.0617951 9.9991E-05 0.0833064
0.0749986 0.494351 0.289908 0.075231 0.00625918 0.0592514
0.0289714 0.523976 0.411846 9.9991E-05 0.0289557 0.00615179
0.124885 0.285362 0.540189 0.0186063 9.9991E-05 0.0308569
0.0371091 0.434081 0.44385 0.0384266 9.9991E-05 0.0464326
0.0301165 0.626164 0.218802 0.106951 9.9991E-05 0.0178672
9.9991E-05 0.597644 0.16168 0.111198 0.0801715 0.0492074
0.120425 0.294636 0.303319 0.16156 0.0179212 0.10214
0.0740899 0.46703 0.242295 0.120557 9.9991E-05 0.0959278
0.0699709 0.370428 0.482065 0.0075707 0.00343986 0.066526
0.0794569 0.585969 0.256124 0.0478191 0.0151673 0.0154635
0.0770954 0.429263 0.31708 0.0373268 0.0518895 0.0873456
0.0743648 0.550918 0.161461 0.0534063 0.13824 0.02161
0.0358458 0.452601 0.0167621 0.0385501 0.335897 0.120344
9.9991E-05 0.566485 0.0527903 0.107142 0.156034 0.117448
0.0231928 0.485479 0.0604164 0.143334 0.161468 0.12611
9.9991E-05 0.515384 0.079814 0.136544 0.110355 0.157804
0.0225366 0.454375 9.9991E-05 0.138971 0.187504 0.196514
0.0201547 0.521919 0.196032 0.261695 9.9982E-05 9.9982E-05
0.0667824 0.521188 0.0500209 0.0944388 0.145043 0.122526
0.0330256 0.0271491 0.126281 0.412843 0.196773 0.203928
9.9991E-05 0.620934 0.0588747 0.109117 0.0951153 0.115859
0.0407451 0.540533 0.0206411 0.0721886 0.140909 0.184983
0.0477783 0.563884 0.0476909 0.0970734 0.117456 0.126117
0.0599567 0.329214 0.0493142 0.264912 0.189089 0.107515
0.027848 0.56166 0.0422931 0.0433539 0.21981 0.105034
9.9991E-05 0.552904 0.043415 0.13514 0.123319 0.145122
9.9973E-05 9.9973E-05 9.9973E-05 0.392416 0.488773 0.118511
0.0215913 0.495043 0.12947 0.00482366 0.169378 0.179695
9.9982E-05 0.553304 9.9982E-05 0.131519 0.152433 0.162544
0.00399726 0.620166 0.0582207 0.129948 0.0997019 0.0879661
9.9982E-05 0.556722 9.9982E-05 0.0978245 0.163887 0.181366
0.0525388 0.529368 0.0179424 0.0942491 0.183677 0.122225
0.177801 0.44437 0.0348525 0.294818 0.0193107 0.0288477
0.124896 0.513624 0.0359926 0.241768 0.0169841 0.0667349
0.22688 0.0105237 0.0669855 0.695411 9.9982E-05 9.9982E-05
0.1225 0.087402 0.0600189 0.729879 9.9982E-05 9.9982E-05
0.112713 0.530887 0.0562905 0.219261 0.0544861 0.0263618
9.9982E-05 0.38144 9.9982E-05 0.156672 0.137344 0.324344
9.9982E-05 0.357063 9.9982E-05 0.222683 0.135774 0.28428
9.9982E-05 0.215543 9.9982E-05 0.333711 0.164079 0.286467
9.9982E-05 0.370552 9.9982E-05 0.224145 0.154099 0.251004
9.9982E-05 0.214002 9.9982E-05 0.686443 0.0878905 0.0114651
0.0683495 0.207535 0.000428788 0.610298 0.0443453 0.069043
0.02366 0.626398 9.9991E-05 0.280854 0.0173228 0.0516652
9.9982E-05 0.457718 9.9982E-05 0.39471 0.0527673 0.0946053
0.0702074 0.307643 0.0139568 0.518382 0.0253557 0.0644551
0.033338 0.592594 0.0701344 0.200352 0.0423401 0.0612411
0.0127437 0.601222 0.0332039 0.238827 0.0294523 0.0845514
0.048791 0.564565 0.0569044 0.229711 0.0586848 0.0413435
0.109202 0.403235 0.0387695 0.448593 9.9982E-05 9.9982E-05
0.0847074 0.465719 0.0661734 0.3832 9.9982E-05 9.9982E-05
0.00212285 0.579617 0.0772676 0.312472 0.028421 9.9991E-05
0.0899987 0.458083 0.100481 0.292652 0.0586847 9.9991E-05
0.0873684 0.583287 0.045627 0.156739 0.0942792 0.0327
0.0700076 0.503251 0.018757 0.407784 9.9982E-05 9.9982E-05
0.0880112 0.288721 0.0465975 0.57647 9.9982E-05 9.9982E-05
0.0420964 0.688129 0.0125958 0.249411 0.00766823 9.9991E-05
0.126955 0.238548 0.0986143 0.535682 9.9982E-05 9.9982E-05
0.096609 0.519121 0.00186669 0.382203 9.9982E-05 9.9982E-05
0.082912 0.545685 0.0655986 0.239767 0.0623634 0.00367421
0.0832018 0.534495 0.108324 0.200384 0.0356763 0.0379194
9.9991E-05 0.483492 0.0631139 0.164586 0.157121 0.131587
0.0797691 0.501254 0.045271 0.119831 0.170257 0.0836174
9.9982E-05 0.375992 9.9982E-05 0.200328 0.187857 0.235623
9.9991E-05 0.311455 0.0598805 0.214682 0.172957 0.240925
9.9991E-05 0.470819 0.0655312 0.12954 0.154234 0.179776
0.0539682 0.451773 0.00709375 0.184051 0.169566 0.133548
0.0475405 0.0147478 9.9991E-05 0.64269 0.141022 0.1539
9.9982E-05 0.5866 9.9982E-05 0.143577 0.0993458 0.170277
9.9973E-05 9.9973E-05 9.9973E-05 0.579162 0.316566 0.103973
9.9991E-05 0.565464 0.0299794 0.224244 0.0444025 0.13581
0.15098 0.202445 9.9973E-05 0.646275 9.9973E-05 9.9973E-05
0.281907 0.0300115 0.0384153 0.649466 9.9982E-05 9.9982E-05
0.0851523 0.536758 0.00361203 0.374278 9.9982E-05 9.9982E-05
0.0848323 0.650838 9.9982E-05 0.225725 0.0384039 9.9982E-05
0.0529091 0.519617 0.0193541 0.40792 9.9982E-05 9.9982E-05
0.0948949 0.631154 9.9973E-05 0.273651 9.9973E-05 9.9973E-05
0.0706536 0.598202 0.016801 0.314143 9.9982E-05 9.9982E-05
0.00485512 0.00933481 0.0829819 0.00570357 0.875005 0.0221194
0.0341087 0.0349388 0.0911583 0.00972561 0.760509 0.0695592
9.9973E-05 0.00801596 0.044748 9.9973E-05 0.946936 9.9973E-05
9.9973E-05 0.0450873 9.9973E-05 0.00581833 0.948794 9.9973E-05
0.398349 0.466994 9.9991E-05 0.0198954 0.0526436 0.0620182
0.319622 0.529831 0.0602388 9.9982E-05 0.0901078 9.9982E-05
0.461671 0.500113 9.9973E-05 9.9973E-05 0.0379161 9.9973E-05
0.229949 0.599666 0.0693935 9.9991E-05 0.0973529 0.00353875
0.110992 0.577334 0.040686 0.158853 0.080578 0.0315568
0.602382 0.254734 0.120315 9.9982E-05 0.02237 9.9982E-05
0.326331 0.651145 9.9982E-05 9.9982E-05 0.0103215 0.0120025
0.605196 0.229413 9.9982E-05 0.145899 9.9982E-05 0.0192924
9.9991E-05 0.442474 0.0861869 0.00633356 0.346836 0.118069
0.407492 0.412422 0.00249663 0.160502 9.9991E-05 0.0169868
0.551903 0.333414 0.0976479 9.9982E-05 0.0168353 9.9982E-05
0.3987 0.510121 0.00421471 0.0702187 0.0166457 9.9991E-05
0.477395 0.355782 0.114123 9.9991E-05 0.00259449 0.0500062
0.411453 0.560596 9.9973E-05 0.0276515 9.9973E-05 9.9973E-05
0.329645 0.522673 0.0709976 9.9991E-05 0.0580289 0.0185558
0.833655 9.9964E-05 9.9964E-05 0.165945 9.9964E-05 9.9964E-05
0.546126 0.317653 9.9982E-05 0.128914 9.9982E-05 0.00710662
0.556241 0.335728 9.9982E-05 0.0947702 9.9982E-05 0.0130605
0.765989 9.9964E-05 9.9964E-05 0.233611 9.9964E-05 9.9964E-05
0.43478 0.414607 0.0755824 9.9982E-05 0.0748304 9.9982E-05
0.626553 0.0320752 9.9973E-05 0.341072 9.9973E-05 9.9973E-05
0.756756 9.9964E-05 9.9964E-05 0.242844 9.9964E-05 9.9964E-05
0.310864 0.552797 9.9991E-05 0.0822823 0.0339326 0.0200242
0.647665 0.137283 0.172691 9.9982E-05 0.0421603 9.9982E-05
0.411133 0.426921 0.0834011 0.0258953 0.0294393 0.0232105
0.161228 0.588776 0.0182296 0.0603193 0.103706 0.0677411
0.368206 0.49839 0.100642 9.9982E-05 0.0325622 9.9982E-05
0.0221781 0.430079 0.296913 0.25063 9.9982E-05 9.9982E-05
0.326654 0.514812 0.0944028 9.9991E-05 0.0524638 0.0115678
0.346621 0.512827 0.140107 9.9982E-05 0.000244643 9.9982E-05
0.597426 0.297657 9.9982E-05 0.0992422 9.9982E-05 0.00547523
0.271576 0.470815 0.0641776 0.0561262 0.101137 0.0361682
9.9973E-05 9.9973E-05 0.283289 0.0624053 0.654006 9.9973E-05
0.0500113 9.9982E-05 0.147392 0.0221628 0.780234 9.9982E-05
9.9973E-05 9.9973E-05 0.138216 0.00150634 0.859977 9.9973E-05
9.9973E-05 9.9973E-05 0.164737 0.00848144 0.826482 9.9973E-05
0.0112113 0.020023 0.194099 0.0485441 0.726023 9.9991E-05
0.708421 0.0954247 0.143009 9.9982E-05 0.0529455 9.9982E-05
0.712972 0.115009 0.141408 9.9982E-05 0.0304099 9.9982E-05
0.723121 0.174746 9.9982E-05 0.0978139 9.9982E-05 0.00411969
0.133009 0.551915 0.0366184 0.112249 0.138843 0.0273649
0.188963 0.528547 0.019634 0.0483278 0.112041 0.102488
0.652456 0.1753 9.9991E-05 0.0978133 0.0111853 0.063145
0.297045 0.554937 0.0173393 0.0453019 0.0105837 0.0747927
0.456297 0.328311 9.9991E-05 0.133828 0.0350724 0.0463916
0.371449 0.510806 0.0813803 9.9982E-05 0.0361651 9.9982E-05
0.277292 0.545317 0.0487763 9.9991E-05 0.0372721 0.0912429
0.668424 0.192431 0.131585 9.9991E-05 0.00722572 0.000233731
0.593497 0.266309 0.128844 9.9982E-05 0.0111497 9.9982E-05
0.566369 0.316798 0.0833763 9.9982E-05 0.0332567 9.9982E-05
9.9982E-05 0.662355 0.0119266 0.214326 0.111192 9.9982E-05
0.542671 0.362829 0.0549854 9.9982E-05 0.039315 9.9982E-05
0.462407 0.415297 0.0866451 9.9982E-05 0.0354513 9.9982E-05
9.9991E-05 0.458096 0.0395811 0.0576469 0.0729915 0.371584
0.0254493 0.325722 0.00171869 0.0631419 0.148447 0.435521
9.9991E-05 0.435352 0.0195453 0.0413854 0.0830027 0.420615
9.9982E-05 0.274882 9.9982E-05 0.0573784 0.161979 0.505561
0.0192036 0.52468 0.015164 0.0346745 0.140959 0.265319
0.200794 0.508948 9.9982E-05 0.219989 0.070069 9.9982E-05
9.9982E-05 9.9982E-05 0.0190362 0.0894915 0.25656 0.634713
0.0137385 0.319997 0.0133216 0.0277846 0.132482 0.492676
0.0481099 0.368598 9.9991E-05 0.264921 0.186152 0.13212
0.0406041 0.571551 0.0723799 0.162189 0.153176 9.9991E-05
9.9991E-05 0.504841 0.0801681 0.256835 0.145816 0.0122395
0.00815397 0.575064 0.0510184 0.212533 0.118678 0.0345528
9.9982E-05 0.644701 0.0181195 0.193694 0.143286 9.9982E-05
9.9982E-05 0.391604 0.00176771 9.9982E-05 0.191743 0.414685
0.0266508 0.440404 0.00208272 0.0406349 0.162489 0.327738
9.9973E-05 0.394453 9.9973E-05 9.9973E-05 0.115838 0.489409
0.0292667 0.468244 0.048336 0.0443 0.135386 0.274467
0.0575768 0.220118 0.00435644 0.0732341 0.183431 0.461283
0.0248127 0.422282 0.00870068 0.0712601 0.13561 0.337335
9.9991E-05 0.226732 0.021445 0.055291 0.144564 0.551868
0.030077 0.37997 0.0741999 0.0979268 0.0622528 0.355573
0.0294089 0.513285 0.00870382 0.323385 0.125117 9.9991E-05
0.00924856 0.387332 0.0472001 0.0556091 0.153328 0.347282
9.9982E-05 0.151255 9.9982E-05 0.0489303 0.219419 0.580196
0.0696679 0.383639 0.0138365 0.0508075 0.134275 0.347774
0.0541389 0.314604 0.121974 0.333025 0.176158 9.9991E-05
9.9973E-05 0.65385 9.9973E-05 0.280303 0.0655468 9.9973E-05
9.9991E-05 0.411224 0.0295802 0.0668326 0.161493 0.33077
9.99892E-05 0.592243 0.0753889 0.172129 0.160039 9.99892E-05
9.9982E-05 0.531083 0.0576342 0.24927 0.161813 9.9982E-05
0.0313394 0.349128 0.0384822 0.193667 0.179477 0.207907
0.00527295 0.383143 9.9991E-05 0.16718 0.237635 0.206669
0.102379 0.488648 0.0315635 0.132992 0.0850556 0.159362
9.9991E-05 0.456072 0.01508 0.103261 0.141904 0.283583
9.9982E-05 0.493311 0.00668259 9.9982E-05 0.126434 0.373373
9.9982E-05 0.131601 9.9982E-05 0.0858868 0.177593 0.604719
0.0647671 0.566912 0.0573215 0.103 0.108324 0.099676
0.0498315 0.48169 0.0294352 0.283737 0.155207 9.9991E-05
9.9982E-05 0.181866 9.9982E-05 0.725237 0.0823539 0.0103433
0.051713 0.588515 0.00379322 0.125013 0.171525 0.0594411
0.00327123 0.437094 0.154803 0.297649 0.102276 0.00490656
9.9982E-05 0.504385 9.9982E-05 0.160584 0.201427 0.133404
0.0451901 0.410369 0.075753 0.201396 0.137555 0.129737
9.9973E-05 9.9973E-05 9.9973E-05 0.534249 0.354207 0.111245
9.9973E-05 9.9973E-05 9.9973E-05 0.628138 0.308559 0.063003
9.9982E-05 0.334238 9.9982E-05 0.410151 0.166177 0.0892345
9.9982E-05 0.0403341 9.9982E-05 0.473122 0.327427 0.158916
9.9973E-05 9.9973E-05 9.9973E-05 0.34557 0.464885 0.189245
9.9982E-05 0.380272 9.9982E-05 0.338683 0.180204 0.100641
0.0403608 0.335177 0.0258871 0.224478 0.232002 0.142095
9.9991E-05 0.152288 0.0103324 0.399054 0.286156 0.15207
9.9982E-05 0.0947871 9.9982E-05 0.526742 0.269836 0.108434
0.010409 0.501185 9.9991E-05 0.182781 0.18057 0.124955
9.9982E-05 0.190819 9.9982E-05 0.465454 0.247069 0.0964579
9.9973E-05 9.9973E-05 9.9973E-05 0.610005 0.327764 0.0619304
0.0252425 0.468615 0.168333 0.102035 0.103612 0.132163
9.9982E-05 0.32587 9.9982E-05 0.307845 0.200196 0.165888
0.0754639 0.423468 9.9991E-05 0.0360298 0.313208 0.151731
9.9982E-05 0.591783 9.9982E-05 0.00132761 0.211129 0.195561
0.000445082 0.528261 9.9991E-05 0.108943 0.162133 0.200119
0.0146078 0.454111 0.00507982 0.0987453 0.155588 0.271868
0.040309 0.30973 0.0564745 0.0285761 0.35925 0.20566
0.0149786 0.509765 0.00388427 0.0711641 0.22726 0.172948
9.9982E-05 0.490664 9.9982E-05 0.0694822 0.273873 0.165782
9.9982E-05 0.318126 9.9982E-05 0.176006 0.273011 0.232656
0.167252 0.321277 0.121919 0.0611236 0.208243 0.120186
0.0739445 0.506273 0.0271284 0.0818586 0.202403 0.108393
0.0263192 0.537217 0.0409663 0.101154 0.16895 0.125393
0.0950218 0.604924 0.0486234 0.00149208 0.152698 0.0972411
9.9991E-05 0.441463 0.0199703 0.0582755 0.249899 0.230292
9.9982E-05 0.537551 9.9982E-05 0.0915099 0.214393 0.156346
9.9982E-05 0.0602135 9.9982E-05 0.297157 0.353843 0.288587
0.00171237 0.509662 0.0590863 0.0859529 0.172655 0.170932
9.9982E-05 0.189911 9.9982E-05 0.214352 0.324533 0.271004
0.000983651 9.9991E-05 0.17442 0.00461094 0.81914 0.000745953
0.0173005 0.144273 0.769468 9.9982E-05 0.0687586 9.9982E-05
9.996E-05 9.996E-05 0.9995 9.996E-05 9.996E-05 9.996E-05
9.996E-05 9.996E-05 0.9995 9.996E-05 9.996E-05 9.996E-05
9.9964E-05 0.0455179 0.954082 9.9964E-05 9.9964E-05 9.9964E-05
9.9964E-05 9.9964E-05 0.990546 9.9964E-05 9.9964E-05 0.00905434
9.9964E-05 0.0560585 0.943542 9.9964E-05 9.9964E-05 9.9964E-05
9.996E-05 9.996E-05 0.9995 9.996E-05 9.996E-05 9.996E-05
9.9964E-05 9.9964E-05 0.861592 9.9964E-05 0.138008 9.9964E-05
0.0326316 0.00650945 0.0464625 0.00578407 0.908512 9.9991E-05
9.9982E-05 0.0561857 0.13179 0.00954537 0.802279 9.9982E-05
0.0136412 0.0523616 0.0387295 0.0066614 0.888506 9.9991E-05
9.9982E-05 0.0404293 0.0674036 0.0299664 0.862001 9.9982E-05
9.9982E-05 0.0227965 0.0848506 9.9982E-05 0.875533 0.0166197
9.9982E-05 0.0450364 0.0208884 9.9982E-05 0.919135 0.0147397
9.9991E-05 0.13662 0.0366587 0.00478217 0.772549 0.0492906
9.9964E-05 0.095449 9.9964E-05 9.9964E-05 0.904151 9.9964E-05
9.9991E-05 0.117865 0.0566686 0.0665033 0.712719 0.0461439
9.9973E-05 0.0283463 9.9973E-05 9.9973E-05 0.920639 0.0507148
0.0162217 9.9982E-05 0.00141059 0.00370941 0.978458 9.9982E-05
0.027456 0.043786 0.0185151 9.9991E-05 0.887089 0.0230541
0.0119867 9.9964E-05 9.9964E-05 9.9964E-05 0.987613 9.9964E-05
9.9964E-05 0.0460023 9.9964E-05 9.9964E-05 0.953598 9.9964E-05
9.9973E-05 0.094733 9.9973E-05 9.9973E-05 0.900704 0.00426266
9.9973E-05 0.0572154 9.9973E-05 9.9973E-05 0.938811 0.00367341
9.9973E-05 0.0860693 9.9973E-05 9.9973E-05 0.865184 0.0484471
9.9973E-05 0.117237 9.9973E-05 9.9973E-05 0.861482 0.0209808
9.9973E-05 0.106068 9.9973E-05 9.9973E-05 0.834367 0.0592657
0.110949 0.416197 0.0814403 0.256691 0.134623 9.9991E-05
9.9982E-05 0.708431 0.0160575 0.195272 0.0800402 9.9982E-05
0.100123 0.608045 0.0441336 0.0810862 0.166512 9.9991E-05
0.0348987 0.132041 9.9982E-05 0.763167 0.0696938 9.9982E-05
0.0457177 0.489931 0.0793232 0.275317 0.109611 9.9991E-05
9.9973E-05 0.115364 9.9973E-05 0.767802 0.116534 9.9973E-05
9.9982E-05 0.618906 9.9982E-05 0.253024 0.087481 0.0403896
0.0992733 0.414202 0.0858694 0.257608 0.142948 9.9991E-05
9.9982E-05 0.534442 0.0517579 0.255348 0.158252 9.9982E-05
0.436268 0.414013 0.0224693 9.9991E-05 0.094161 0.0329883
0.0554743 0.457531 0.0908296 0.257468 0.138597 9.9991E-05
0.00793956 0.671612 9.9982E-05 0.198537 0.121712 9.9982E-05
9.9982E-05 0.524568 0.0839224 0.277686 0.113623 9.9982E-05
0.150687 9.9982E-05 0.471037 0.301612 9.9982E-05 0.0764644
9.9982E-05 0.0443339 0.0228763 0.854194 0.0783963 9.9982E-05
9.9973E-05 0.205972 9.9973E-05 0.699939 0.0937895 9.9973E-05
0.0424165 0.630827 0.00950468 0.151299 0.159925 0.00602819
0.0133022 0.532947 0.00670084 0.352755 0.0695979 0.0246973
0.00756002 0.632728 9.9982E-05 0.291489 0.0680231 9.9982E-05
0.0196905 0.66796 0.0176658 0.18491 0.070911 0.0388624
0.0369137 0.450623 0.0834055 0.0464384 0.227114 0.155506
0.0308231 0.582658 9.9991E-05 0.0388089 0.213817 0.133793
0.0448136 0.139976 0.20794 0.0545047 0.393775 0.158991
0.00765105 0.59623 0.115422 0.0834159 0.177932 0.0193483
9.9991E-05 0.466526 0.113789 0.095116 0.237108 0.0873615
9.9973E-05 9.9973E-05 9.9973E-05 0.441896 0.38066 0.177144
9.9982E-05 0.308948 9.9982E-05 0.213738 0.26057 0.216543
9.9991E-05 0.330886 0.0705053 0.101038 0.369376 0.128095
0.0357654 0.409144 0.121416 0.0395818 0.318511 0.0755821
0.000723833 0.575137 0.073461 0.131281 0.137254 0.082143
0.0542108 0.526356 0.0471223 0.0413052 0.226928 0.104078
0.0224465 0.590194 0.0292964 0.0828652 0.210294 0.0649039
0.0814507 0.379121 0.0155706 0.157649 0.191157 0.175052
0.0317848 0.246716 0.0306824 0.0908701 0.489364 0.110582
