9.9973E-05 0.916303 9.9973E-05 9.9973E-05 0.0385693 0.0184663 0.0263611
0.0104471 0.963422 9.9973E-05 9.9973E-05 0.00493866 9.9973E-05 0.0208921
0.0462243 0.877848 9.9982E-05 0.0298895 0.0105077 0.0353303 9.9982E-05
9.9973E-05 0.821009 0.0117907 9.9973E-05 9.9973E-05 0.123358 0.0435422
9.9955E-05 0.914882 9.9955E-05 9.9955E-05 9.9955E-05 0.0846178 9.9955E-05
0.0318397 0.628481 0.00525256 0.146609 0.0294956 0.0992049 0.0591177
9.9973E-05 0.796449 9.9973E-05 0.176729 9.9973E-05 0.00842483 0.0180972
9.9973E-05 0.701661 9.9973E-05 0.177797 9.9973E-05 0.0418265 0.0784156
9.99639E-05 0.828761 9.99639E-05 0.0335324 9.99639E-05 9.99639E-05 0.137307
9.9982E-05 0.760862 9.9982E-05 0.113459 0.00781838 0.0608985 0.0567624
9.9973E-05 0.717543 9.9973E-05 0.168591 9.9973E-05 0.10992 0.00364651
0.131902 0.0244203 9.9991E-05 0.118642 0.0197421 0.23485 0.470344
0.0632458 0.0652616 0.0108676 0.016031 0.016953 0.575422 0.252219
0.0810531 9.9982E-05 9.9982E-05 0.0781662 0.0816814 0.279271 0.479628
0.0277493 0.0402028 9.9991E-05 0.0581285 0.126874 0.282767 0.464178
0.00336878 0.0706043 9.9991E-05 0.0995431 0.0878749 0.465204 0.273305
0.0420845 0.0134477 0.0673289 0.0204055 0.089108 0.586209 0.181416
0.0730886 0.0149263 0.0489337 0.0730061 0.0650094 0.472976 0.25206
0.017854 0.107009 0.00797599 0.123517 0.0433297 0.307539 0.392776
0.0862781 0.0136909 9.9991E-05 0.14964 0.0106109 0.0610393 0.678641
0.0792198 9.9991E-05 0.00131555 0.11158 0.050316 0.431512 0.325957
0.0724001 0.0158971 0.034018 0.216173 0.0385203 0.458065 0.164927
0.05926 0.0209706 0.00229656 0.100309 0.0315232 0.594613 0.191028
0.107272 0.0398355 9.9991E-05 0.127431 0.0514062 0.241502 0.432454
0.0194199 0.0565146 0.0467645 0.0251949 0.0617 0.681871 0.108535
0.0599792 0.0504072 9.9982E-05 0.0870532 9.9982E-05 0.543123 0.259237
0.138926 0.0198481 0.0216553 0.0526571 0.032192 0.244158 0.490564
0.0727112 0.0462353 9.9991E-05 0.072516 0.0750116 0.295031 0.438395
0.0957873 9.9973E-05 9.9973E-05 0.154411 9.9973E-05 0.246267 0.503235
9.9955E-05 0.900381 9.9955E-05 9.9955E-05 9.9955E-05 0.0991189 9.9955E-05
9.9964E-05 0.878644 0.00181472 9.9964E-05 9.9964E-05 0.119141 9.9964E-05
9.9964E-05 0.817638 9.9964E-05 9.9964E-05 0.088597 0.0933655 9.9964E-05
9.9964E-05 0.778725 9.9964E-05 9.9964E-05 0.0649016 0.155974 9.9964E-05
0.211968 0.054845 9.9982E-05 0.0971532 9.9982E-05 0.522503 0.113331
0.256151 0.0827329 9.9982E-05 9.9982E-05 0.0470194 0.52621 0.0876861
0.358515 9.9982E-05 0.0314152 0.0283278 0.00733618 0.574206 9.9982E-05
0.0968267 0.0209324 0.0279419 9.9982E-05 9.9982E-05 0.201063 0.653036
0.567776 9.9982E-05 0.0850528 0.080455 0.0341846 0.232332 9.9982E-05
0.158155 0.104821 9.9982E-05 9.9982E-05 0.00124152 0.594999 0.140584
0.185506 0.0543383 9.9982E-05 0.0589266 0.00169174 0.699338 9.9982E-05
0.0661701 0.0844308 9.9982E-05 0.249925 9.9982E-05 0.556217 0.0430565
0.0821516 0.0995048 0.0458636 0.0764731 0.0181146 0.594932 0.0829607
0.637628 0.0358747 9.9973E-05 9.9973E-05 9.9973E-05 0.152373 0.173824
9.999E-05 0.0753209 0.0188063 0.245062 0.00281215 0.646358 0.0115407
0.203621 0.0498275 0.0568509 0.0783035 0.0141921 0.597105 9.9991E-05
0.129806 0.118646 0.00516613 0.0598367 0.0660514 0.535945 0.0845491
0.598215 9.9973E-05 0.0525532 0.0107946 9.9973E-05 0.338138 9.9973E-05
0.228332 0.098994 0.0303204 0.00722749 9.9991E-05 0.596368 0.038658
0.138293 0.153248 0.0338208 0.0690411 0.028747 0.553635 0.0232159
0.634819 9.9964E-05 0.0476839 0.317097 9.9964E-05 9.9964E-05 9.9964E-05
0.100366 9.9982E-05 0.0338451 0.0659354 9.9982E-05 0.198222 0.601431
0.127303 9.9991E-05 0.140019 0.264517 0.0433655 0.145798 0.278897
0.080662 0.0649754 0.0799697 0.0252493 0.0915552 0.522529 0.13506
0.0245408 0.0446108 0.0875425 0.101501 0.0574157 0.575392 0.108997
0.0370237 0.0646255 0.0996938 0.0680875 0.0806311 0.596614 0.0533242
0.0733159 0.106839 9.9982E-05 0.108864 9.9982E-05 0.228533 0.482247
0.0785166 0.00342419 0.0115114 0.0478858 9.9991E-05 0.547494 0.311068
0.111559 0.0929421 0.00636732 0.0504207 0.0215662 0.569099 0.148045
0.0623133 0.115653 0.054306 0.0800748 0.017618 0.406799 0.263236
0.12233 0.13493 9.9991E-05 0.14997 0.0034885 0.126469 0.462712
0.0389064 0.0845159 0.0304549 0.0907817 9.9991E-05 0.565438 0.189803
0.0430083 0.0457119 0.0840222 0.0614782 0.0521791 0.481869 0.231731
0.133167 0.0495997 0.00342707 0.136124 9.9991E-05 0.115357 0.562226
0.0687882 9.9991E-05 0.0315875 0.029266 0.00451458 0.453225 0.412518
0.0447236 0.0740864 0.118989 0.0638712 0.0308222 0.594476 0.0730312
0.0598115 0.120619 0.0633198 0.0601538 9.9991E-05 0.626718 0.0692777
0.124899 0.064846 0.0073417 0.0830617 0.0393426 0.291836 0.388673
0.0712235 0.0353096 0.0637818 0.104314 0.0415736 0.466536 0.217261
0.12666 0.0621098 0.0289194 0.00360136 0.0476691 0.535762 0.195279
0.120831 0.0296104 0.0308363 0.0750014 9.9991E-05 0.243842 0.499779
0.474803 0.00195503 9.9982E-05 9.9982E-05 0.00202746 0.486556 0.0344582
0.715167 0.0332558 9.9973E-05 9.9973E-05 9.9973E-05 0.187592 0.0636853
0.249745 0.125533 0.0551154 9.9991E-05 0.0361012 0.503944 0.0294616
0.850675 9.9964E-05 0.0565009 0.0924246 9.9964E-05 9.9964E-05 9.9964E-05
0.858275 9.9964E-05 0.0380048 0.103321 9.9964E-05 9.9964E-05 9.9964E-05
0.674016 9.9973E-05 0.0284162 0.0676752 9.9973E-05 0.229593 9.9973E-05
0.429102 0.0305273 9.9973E-05 9.9973E-05 9.9973E-05 0.466755 0.0733155
0.174821 0.0961906 0.049326 0.0253217 0.0550041 0.521881 0.0774559
0.512473 0.00549118 0.0189319 9.9973E-05 9.9973E-05 0.462804 9.9973E-05
0.613123 0.0421199 9.9973E-05 9.9973E-05 9.9973E-05 0.144614 0.199844
0.532457 0.00880909 9.9973E-05 9.9973E-05 9.9973E-05 0.251232 0.207201
0.2653 0.116588 0.0117604 0.012436 0.0299108 0.511156 0.0528488
0.549105 0.0372266 9.9982E-05 9.9982E-05 0.00237209 0.345102 0.0659941
0.463599 0.0306382 9.9973E-05 9.9973E-05 9.9973E-05 0.418289 0.087174
0.443528 9.9973E-05 0.0341978 0.0642309 9.9973E-05 0.457744 9.9973E-05
0.670237 9.9964E-05 0.117809 0.211554 9.9964E-05 9.9964E-05 9.9964E-05
0.220336 0.0424847 0.055333 0.044857 0.0285428 0.589519 0.0189279
0.00804167 0.851425 9.9973E-05 9.9973E-05 9.9973E-05 0.0697177 0.0705159
9.9955E-05 0.923833 9.9955E-05 9.9955E-05 9.9955E-05 0.0756674 9.9955E-05
9.9964E-05 0.848425 9.9964E-05 9.9964E-05 0.037953 0.113222 9.9964E-05
9.9964E-05 0.937444 9.9964E-05 9.9964E-05 0.038451 0.0237056 9.9964E-05
0.0169925 0.949397 0.00703223 9.9973E-05 0.0262785 9.9973E-05 9.9973E-05
9.9973E-05 0.869754 0.00778028 9.9973E-05 0.0386871 0.0834784 9.9973E-05
9.9955E-05 0.919322 9.9955E-05 9.9955E-05 9.9955E-05 0.0801779 9.9955E-05
0.230675 0.066021 0.0182504 0.0120138 0.0570636 0.520171 0.0958049
0.133951 0.0980136 0.0448079 0.0429733 0.0786229 0.537603 0.064028
0.66951 0.043756 9.9973E-05 9.9973E-05 9.9973E-05 0.0405838 0.24585
0.128844 0.0944348 0.0742991 0.0314315 0.0346972 0.581044 0.05525
0.473868 0.0518985 9.9973E-05 9.9973E-05 9.9973E-05 0.361619 0.112314
0.35006 0.114681 9.9973E-05 9.9973E-05 9.9973E-05 0.520035 0.014925
0.274764 0.0164183 0.041925 0.08272 0.0350101 0.549063 9.9991E-05
0.370632 0.0379 0.0359224 0.0127749 0.0224878 0.508741 0.0115417
0.679302 0.0437345 9.9964E-05 9.9964E-05 9.9964E-05 9.9964E-05 0.276564
0.180301 0.114757 0.0419569 9.9991E-05 0.0161097 0.557573 0.089202
0.179948 0.0994577 0.00847909 0.0403 9.9991E-05 0.670034 0.001681
0.132565 0.123369 0.0364884 0.0572525 0.00894041 0.582937 0.0584478
0.520195 0.00910041 0.0509556 0.141296 0.00305154 0.261177 0.0142245
0.430408 0.00651499 0.0635888 9.9982E-05 0.0265019 0.472786 9.9982E-05
0.410123 0.0185798 9.9973E-05 9.9973E-05 9.9973E-05 0.457981 0.113016
0.54322 9.9973E-05 0.0689025 9.9973E-05 0.0103622 0.377216 9.9973E-05
0.380282 0.0473314 9.9973E-05 9.9973E-05 9.9973E-05 0.441487 0.1306
0.191815 0.080587 0.0265166 0.0838164 9.9991E-05 0.565084 0.0520806
9.9991E-05 0.00997936 0.182695 0.107599 0.072432 0.275431 0.351763
0.00335379 0.0683578 9.9982E-05 0.122065 9.9982E-05 0.441764 0.364259
0.0259327 0.109769 0.0374696 0.0601558 0.0682102 0.540757 0.157705
0.0893091 0.130169 0.0868902 0.046349 0.0403953 0.521923 0.0849641
0.0126626 0.0358042 0.00130817 0.0624118 0.000634396 0.485563 0.401616
9.9991E-05 0.0376582 0.030584 0.0378237 0.0127343 0.615471 0.265629
9.9973E-05 0.0456904 0.0467093 9.9973E-05 9.9973E-05 0.473354 0.433947
0.0651169 0.0424734 0.0433017 0.106007 0.0204909 0.560026 0.162583
0.00473135 0.0903414 0.0815506 0.000913944 0.0512803 0.574078 0.197104
0.00735946 0.0316961 0.0377221 0.0421371 9.9991E-05 0.611703 0.269282
0.0148872 0.0375475 0.0285584 0.0142003 9.9991E-05 0.596924 0.307782
0.0297558 0.0356571 0.0789095 0.00742724 0.0871199 0.568793 0.192337
9.9991E-05 0.113657 0.077566 0.0365395 0.0673163 0.576174 0.128647
0.04493 0.00581659 0.0851834 0.0453071 0.0732388 0.579042 0.166482
0.0792024 0.086436 0.0548531 0.0330252 0.0497439 0.546889 0.14985
9.9991E-05 0.0406001 0.125394 0.0360246 0.0117158 0.61319 0.172976
0.0313681 0.0462667 0.0869496 0.1844 0.0656197 0.317493 0.267903
0.0317263 0.0560196 0.0404529 0.0487695 0.0160908 0.65074 0.156201
0.0248113 0.0635413 0.113287 0.0337671 0.0171051 0.654348 0.0931402
0.130162 0.00263371 0.0146448 0.0267604 0.0418161 0.195119 0.588864
0.0425243 9.9991E-05 0.203759 0.238953 0.0198387 0.173631 0.321194
0.0590832 0.0452117 0.0739381 0.0475486 0.0132249 0.513326 0.247668
0.102223 9.9991E-05 0.280827 0.197376 0.0156138 0.0431002 0.36076
0.0151674 9.9982E-05 0.0552694 0.0253168 9.9982E-05 0.346057 0.557989
0.0944721 9.9973E-05 0.013008 9.9973E-05 9.9973E-05 0.454121 0.438099
0.103137 0.0221876 9.9982E-05 0.0281522 9.9982E-05 0.349308 0.497016
0.067724 9.9982E-05 0.0584535 0.00669793 9.9982E-05 0.362289 0.504636
0.0235603 0.0505 0.061793 0.0452586 0.0192209 0.605295 0.194372
9.9991E-05 0.0936473 0.0988771 0.0114234 0.0309388 0.544507 0.220506
0.0432744 0.0340127 0.0439188 0.0306221 0.0207145 0.591139 0.236319
0.0510651 9.9991E-05 0.169563 0.187824 0.0174196 0.188796 0.385232
0.086805 0.0999243 0.0278237 0.114126 9.9991E-05 0.529903 0.141317
0.0283252 0.0379033 0.101427 0.240721 0.0243421 0.522939 0.0443426
0.13033 0.0582179 0.159469 0.598732 9.9982E-05 9.9982E-05 0.0530506
0.0870731 0.0505496 9.9982E-05 0.135919 0.0592145 0.667044 9.9982E-05
0.103589 0.0499645 0.0750484 0.337703 0.0410206 0.317051 0.0756236
0.0254515 0.126352 0.0787395 0.155888 0.0572603 0.517054 0.0392545
0.0550942 0.0256681 0.0551373 0.473718 9.9991E-05 0.265229 0.125054
0.0867923 0.0122709 0.102717 0.513032 9.9991E-05 0.116786 0.168301
0.076477 0.0359866 0.0758538 0.27786 9.9991E-05 0.433119 0.100604
0.100088 0.0880145 0.0473335 0.162728 0.0362966 0.505964 0.0595752
0.0912118 0.143502 0.0476279 0.139035 0.0492758 0.433414 0.0959337
0.145792 0.0109884 0.119369 0.423562 0.0573639 0.11849 0.124436
0.0420558 0.128809 0.0916127 0.0719836 0.00630362 0.601675 0.0575597
0.0758995 9.9982E-05 0.126767 0.381447 9.9982E-05 0.329503 0.0861833
0.0914812 9.9982E-05 0.04317 0.267395 9.9982E-05 0.462924 0.13483
0.044956 0.0889981 0.0446832 0.149065 0.0403767 0.56159 0.0703307
9.9982E-05 0.333379 9.9982E-05 0.277392 0.210284 0.169664 0.00908131
9.9964E-05 0.434208 9.9964E-05 0.425741 0.139651 9.9964E-05 9.9964E-05
9.9964E-05 0.413721 9.9964E-05 0.468422 0.117458 9.9964E-05 9.9964E-05
0.000308574 0.312102 9.9991E-05 0.318676 0.269378 0.0746886 0.0247474
0.0532958 9.9982E-05 0.0690609 0.236116 9.9982E-05 0.6345 0.00682734
0.0666304 0.0950069 0.0571339 0.133662 9.9991E-05 0.637917 0.00954944
9.9964E-05 9.9964E-05 9.9964E-05 9.9964E-05 0.645128 0.336659 0.0178133
9.9982E-05 0.0106773 0.0573407 9.9982E-05 0.468111 0.402838 0.060833
0.105938 0.0399651 0.0268279 9.9991E-05 0.396476 0.359872 0.0708209
0.0651556 9.9982E-05 0.155417 0.424292 9.9982E-05 0.298726 0.0562099
0.042868 0.0863455 0.0490442 0.142301 0.0220332 0.535167 0.122242
0.0143955 9.9982E-05 0.116034 0.510956 9.9982E-05 0.270912 0.0875027
0.0517669 0.0461998 0.0854322 0.237347 9.9982E-05 0.579054 9.9982E-05
0.00410476 9.9982E-05 0.139752 0.245261 9.9982E-05 0.568528 0.0421547
0.00769001 9.9982E-05 0.0743365 0.306654 9.9982E-05 0.605457 0.00566267
0.068662 9.9973E-05 0.0706612 0.606685 9.9973E-05 0.253691 9.9973E-05
0.0474637 0.0343129 0.04427 0.183331 9.9982E-05 0.690422 9.9982E-05
0.0889793 0.0913046 0.0316694 0.135236 0.00378783 0.580687 0.068336
0.0289561 9.9964E-05 9.9964E-05 9.9964E-05 0.954546 0.0160983 9.9964E-05
9.9964E-05 9.9964E-05 0.024095 9.9964E-05 0.902699 0.0728057 9.9964E-05
0.0423922 0.0650953 0.0305626 9.9991E-05 0.550849 0.240333 0.0706682
9.9964E-05 9.9964E-05 0.0157523 9.9964E-05 0.619912 0.363936 9.9964E-05
0.0353707 9.9973E-05 9.9973E-05 9.9973E-05 0.814378 0.12255 0.0274016
9.995E-05 9.995E-05 9.995E-05 9.995E-05 0.9994 9.995E-05 9.995E-05
9.9955E-05 9.9955E-05 9.9955E-05 9.9955E-05 0.939391 9.9955E-05 0.0601088
0.0022141 9.9964E-05 9.9964E-05 9.9964E-05 0.839479 0.157907 9.9964E-05
0.00405373 9.9973E-05 9.9973E-05 9.9973E-05 0.926556 0.00207613 0.0670138
9.995E-05 9.995E-05 9.995E-05 9.995E-05 0.9994 9.995E-05 9.995E-05
9.995E-05 9.995E-05 9.995E-05 9.995E-05 0.9994 9.995E-05 9.995E-05
0.0214877 0.00188364 9.9982E-05 9.9982E-05 0.766626 0.20105 0.00875301
0.012743 0.0254912 9.9982E-05 9.9982E-05 0.814269 0.101953 0.0453434
9.995E-05 9.995E-05 9.995E-05 9.995E-05 0.9994 9.995E-05 9.995E-05
9.9991E-05 0.0778939 0.00811143 0.0374991 0.351822 0.400646 0.123928
0.052131 0.0265909 0.00621626 9.9991E-05 0.622918 0.235957 0.056087
9.9964E-05 0.0185129 9.9964E-05 9.9964E-05 0.795827 0.18526 9.9964E-05
9.9964E-05 9.9964E-05 9.9964E-05 9.9964E-05 0.885668 0.107808 0.00612415
9.995E-05 9.995E-05 9.995E-05 9.995E-05 0.9994 9.995E-05 9.995E-05
9.9964E-05 0.0136645 9.9964E-05 9.9964E-05 0.950447 0.0354887 9.9964E-05
9.995E-05 9.995E-05 9.995E-05 9.995E-05 0.9994 9.995E-05 9.995E-05
0.0563882 0.0677057 0.00147196 9.9982E-05 0.634621 0.239613 9.9982E-05
0.00830129 9.9973E-05 0.00277866 9.9973E-05 0.968087 9.9973E-05 0.0205327
9.9973E-05 0.223586 0.0491469 0.678212 0.0487544 9.9973E-05 9.9973E-05
9.9982E-05 0.181929 9.9982E-05 0.292349 0.0885157 0.408229 0.0287774
9.9991E-05 0.120538 0.0233328 0.337219 0.0143045 0.501361 0.00314506
9.9982E-05 0.154717 0.0109116 0.517967 0.0834995 0.232705 9.9982E-05
0.111759 0.0969217 0.000530703 0.15484 0.122416 0.445443 0.0680908
9.9991E-05 0.188238 0.00510588 0.561461 0.0792134 0.156366 0.00951552
9.9991E-05 0.172013 0.0771968 0.192335 0.0765431 0.432637 0.0491752
9.9973E-05 0.135666 9.9973E-05 0.407897 0.0970692 0.359068 9.9973E-05
9.9982E-05 0.139289 0.014017 0.259817 0.109899 0.476779 9.9982E-05
0.000244358 0.158056 9.9982E-05 0.340934 0.0981538 0.402412 9.9982E-05
0.0539318 0.152256 9.9991E-05 0.241724 0.113824 0.429389 0.00877515
9.9973E-05 0.890617 0.0337634 0.0290711 9.9973E-05 0.0462481 9.9973E-05
0.00436743 0.889308 0.00854412 0.0196165 0.0779637 9.9982E-05 9.9982E-05
9.9982E-05 0.930365 0.0026806 0.0124292 9.9982E-05 0.0356013 0.0187239
0.00507902 0.96709 9.9964E-05 0.0274307 9.9964E-05 9.9964E-05 9.9964E-05
9.9973E-05 0.901981 9.9973E-05 0.0286271 9.9973E-05 0.0618071 0.00728513
9.9973E-05 0.982931 0.00435748 9.9973E-05 0.00212863 0.0102831 9.9973E-05
9.9973E-05 0.924328 9.9973E-05 9.9973E-05 0.000380807 0.0635941 0.0113968
9.9973E-05 0.946657 0.00347573 0.00876481 9.9973E-05 9.9973E-05 0.0408024
0.0378925 0.870349 9.9991E-05 0.0219152 0.0479847 0.00947614 0.012282
9.9982E-05 0.8861 9.9982E-05 0.0713543 0.0146512 0.0188409 0.00885376
0.0373699 0.574602 9.9973E-05 0.0871981 9.9973E-05 9.9973E-05 0.30053
0.0113223 0.603848 0.0186772 0.0300366 9.9982E-05 9.9982E-05 0.335916
0.0489628 0.522824 0.00494354 0.0996921 9.9982E-05 9.9982E-05 0.323377
0.00958571 0.436703 0.0121388 0.108896 9.9982E-05 9.9982E-05 0.432476
0.222868 0.0509458 9.9991E-05 0.0386043 0.0153385 0.482718 0.189425
0.326816 0.0241764 0.00917399 0.0180685 0.0374875 0.475668 0.10861
0.15278 0.0497865 0.0746903 9.9991E-05 0.00823171 0.542315 0.172096
0.318791 0.0418615 0.0023989 9.9991E-05 0.00313229 0.369988 0.263728
0.0567694 9.9982E-05 0.0657296 0.049418 9.9982E-05 0.207522 0.620361
0.156711 0.0343741 0.0683183 0.00154568 0.0288198 0.642951 0.06728
0.283635 9.9973E-05 9.9973E-05 9.9973E-05 0.0288316 0.563547 0.123687
0.2335 9.9982E-05 0.123946 0.0771268 9.9982E-05 0.549714 0.0155129
0.548691 9.9973E-05 0.0665709 9.9973E-05 0.00788674 0.376551 9.9973E-05
0.166064 0.0679029 0.0696327 0.0390233 0.039296 0.549219 0.0688628
0.490766 0.032095 9.9973E-05 9.9973E-05 9.9973E-05 0.411364 0.0654749
0.802886 9.9964E-05 0.148615 0.0480998 9.9964E-05 9.9964E-05 9.9964E-05
0.156555 0.0291243 0.113339 0.0144462 0.0581984 0.522449 0.105889
0.625615 9.9973E-05 0.103443 0.11399 9.9973E-05 0.156652 9.9973E-05
0.36127 0.0643779 0.0625003 9.9973E-05 9.9973E-05 0.511552 9.9973E-05
0.656163 0.00758459 9.9973E-05 9.9973E-05 9.9973E-05 0.14217 0.193782
9.9982E-05 0.151395 0.00634634 0.0494436 9.9982E-05 0.000497519 0.792118
9.9982E-05 0.0964066 0.0380756 0.056698 9.9982E-05 0.0510955 0.757524
0.0233924 0.0934669 0.0121794 0.0402067 9.9991E-05 0.0350718 0.795583
0.00212777 0.112758 0.0243772 0.0256158 9.9982E-05 9.9982E-05 0.834921
9.9973E-05 0.040728 9.9973E-05 0.0381205 9.9973E-05 0.114253 0.806599
9.9991E-05 0.0767118 0.0136641 0.0516965 0.00468369 0.100434 0.752709
0.04393 0.890386 9.9982E-05 9.9982E-05 0.0151114 0.0492089 0.0011633
0.0538109 0.834113 9.9973E-05 9.9973E-05 0.0141981 0.0975783 9.9973E-05
0.0307738 0.785795 0.00261447 0.00543406 0.0352787 0.119999 0.0201049
0.0787115 0.82635 9.9973E-05 9.9973E-05 0.0668158 0.0278224 9.9973E-05
0.0120433 0.773465 9.9991E-05 0.0194382 0.044123 0.131487 0.0193433
9.9964E-05 0.388957 9.9964E-05 0.0862717 9.9964E-05 9.9964E-05 0.524371
9.9973E-05 0.41727 0.0377775 0.0236573 9.9973E-05 9.9973E-05 0.520995
9.9982E-05 0.43778 0.0458063 9.9982E-05 0.00606385 0.00668993 0.50346
9.9982E-05 0.870138 0.0147558 9.9982E-05 0.00540553 0.0959739 0.013527
0.0183302 0.381978 0.051243 0.0416252 9.9982E-05 9.9982E-05 0.506623
9.9982E-05 0.246855 0.00745667 0.171646 0.294418 0.279424 9.9982E-05
0.0267345 0.147214 0.0293584 0.0426163 0.206993 0.523591 0.0234919
9.9964E-05 0.186035 9.9964E-05 9.9964E-05 0.231163 0.582403 9.9964E-05
9.9982E-05 0.241272 0.0146321 0.173999 0.225569 0.344328 9.9982E-05
0.0279361 0.179258 0.0507235 0.0342763 0.0961698 0.522447 0.0891894
9.9964E-05 0.399603 9.9964E-05 0.309099 0.290898 9.9964E-05 9.9964E-05
0.0318979 9.9982E-05 0.059897 0.0552628 9.9982E-05 0.44352 0.409223
0.0682166 9.9991E-05 0.165476 0.114902 0.00490571 0.431716 0.214684
0.110319 0.00386862 0.02326 0.0370618 9.9991E-05 0.283132 0.542259
0.0436543 9.9991E-05 0.178096 0.0936018 0.00566372 0.529224 0.14966
0.0462342 9.9973E-05 0.332735 0.288127 9.9973E-05 9.9973E-05 0.332603
0.0304885 0.0681294 0.000200787 0.114959 0.00617175 0.646101 0.133949
0.0246834 9.9991E-05 0.128417 0.0805849 0.0520222 0.52049 0.193703
0.0484631 0.0324145 0.0334674 0.0575084 9.9991E-05 0.364953 0.463093
0.1036 0.0766836 0.0464131 0.0517642 0.0387197 0.537885 0.144935
0.147738 9.9982E-05 0.130401 0.267291 9.9982E-05 0.155676 0.298695
0.0300588 9.9982E-05 0.134506 0.0520679 9.9982E-05 0.572043 0.211125
0.0364314 0.00780317 0.0402318 0.0497112 9.9991E-05 0.51955 0.346173
0.0801559 0.0900413 0.0536439 0.11005 0.108615 0.442066 0.115428
0.110803 9.9991E-05 0.168571 0.116349 0.0250846 0.306223 0.272869
0.0833094 9.9991E-05 0.100843 0.126994 0.032558 0.436723 0.219474
0.0587214 0.00387302 0.0866743 0.0664809 9.9991E-05 0.616768 0.167383
0.0412178 9.9991E-05 0.128095 0.0966287 0.00219856 0.523491 0.208269
0.0382971 0.0169004 0.0707991 0.0282924 0.0887971 0.640334 0.11658
0.0706948 0.0772646 0.0536374 0.064355 0.066595 0.508919 0.158535
0.0659355 0.106025 0.0348517 0.0336854 0.0204421 0.578534 0.160526
9.9964E-05 0.858719 9.9964E-05 9.9964E-05 0.037716 0.103165 9.9964E-05
9.9955E-05 0.892058 9.9955E-05 9.9955E-05 9.9955E-05 0.107442 9.9955E-05
0.0170924 0.890642 9.9973E-05 0.0375242 9.9973E-05 0.054442 9.9973E-05
0.0199654 0.910644 0.00139018 9.9991E-05 0.0450088 0.0120557 0.0108356
9.9955E-05 0.906881 9.9955E-05 9.9955E-05 9.9955E-05 0.092619 9.9955E-05
0.0820957 0.0202264 9.9991E-05 0.103011 0.0358339 0.153122 0.605611
0.0378553 0.0469602 0.12799 0.00801995 0.0558356 0.528022 0.195317
0.0170806 0.210253 0.00164722 0.141371 0.221426 0.408122 9.9991E-05
0.0335198 0.0328507 0.0282127 9.9991E-05 0.0403943 0.641756 0.223167
0.106318 0.0105093 0.00103264 0.00721714 0.00218882 0.549054 0.32368
0.0515438 9.9991E-05 0.156931 0.159313 0.0277305 0.261978 0.342403
0.109739 0.0501506 0.00184735 0.0431804 0.0019044 0.0179201 0.775258
0.0537648 0.0469612 9.9991E-05 0.00748225 0.0241631 0.514585 0.352943
0.0129252 0.0388196 0.0124125 0.017088 0.0234016 0.284691 0.610662
0.113186 0.0374323 0.0690654 0.105374 9.9991E-05 0.473097 0.201746
0.0250969 0.0444792 0.081429 0.0469379 0.0148356 0.157424 0.629798
9.9982E-05 0.0805524 0.0524093 9.9982E-05 0.0922673 0.510476 0.264095
0.110104 0.0322351 9.9991E-05 0.0688858 0.0121036 0.173712 0.60286
0.0795761 9.9991E-05 0.148323 0.110868 0.105071 0.241458 0.314604
0.0635417 0.0448183 0.0472992 0.209043 9.9991E-05 0.56211 0.0730877
0.0456016 9.9982E-05 0.100584 0.481701 9.9982E-05 0.308538 0.0633758
0.0208417 0.0487135 0.0495464 0.331519 9.9982E-05 0.54918 9.9982E-05
9.9973E-05 0.0731167 9.9973E-05 0.25751 9.9973E-05 0.591729 0.077344
0.115565 9.9982E-05 0.0445435 0.536443 9.9982E-05 0.248306 0.0549437
0.0561914 0.0849839 0.0965859 0.103941 9.9991E-05 0.544018 0.114179
0.0806727 0.0265042 0.0486833 0.26755 9.9991E-05 0.526386 0.0501037
0.111658 9.9982E-05 0.182913 0.533397 9.9982E-05 0.131469 0.040363
0.0346099 9.9982E-05 0.0520852 0.665588 9.9982E-05 0.225847 0.0216708
0.0234009 9.9982E-05 0.0718407 0.371422 9.9982E-05 0.453447 0.0796899
0.215169 9.9982E-05 0.0943819 0.571739 9.9982E-05 0.0625963 0.0559136
0.0702715 9.9982E-05 0.0343484 0.331874 9.9982E-05 0.457395 0.105911
0.104333 9.9982E-05 0.000419447 9.9982E-05 0.0130933 0.177334 0.70462
0.0585021 9.9991E-05 0.277584 0.0555225 0.090807 0.16212 0.355364
0.0190154 0.0297007 0.0187192 9.9991E-05 0.0562925 0.419667 0.456505
0.114281 0.028962 0.0315567 9.9991E-05 0.0589109 0.522964 0.243225
0.168813 9.9973E-05 9.9973E-05 9.9973E-05 0.0122028 0.23214 0.586544
0.0581008 0.0506819 0.0346812 0.0981617 0.072539 0.518998 0.166837
0.047025 0.0688361 0.0523927 0.00522434 0.0257713 0.583713 0.217038
0.0747164 9.9991E-05 0.0916918 0.0548248 0.0573385 0.464737 0.256592
0.0417953 0.011245 0.0395914 0.000338178 0.0631287 0.53292 0.310981
0.0141943 0.017822 9.9982E-05 9.9982E-05 0.0264774 0.485097 0.45621
0.117649 9.9982E-05 0.030516 9.9982E-05 0.0451983 0.280728 0.52571
0.00307169 9.9982E-05 0.0724145 9.9982E-05 0.0161256 0.446784 0.461405
0.00848583 9.99999E-05 0.090997 0.074987 0.0104478 0.632277 0.182706
0.0483651 0.0251884 0.0578219 0.0471714 0.0470476 0.630747 0.143659
0.0875414 0.0240375 0.0956723 0.0871338 0.113968 0.290429 0.301218
0.0808316 9.9991E-05 0.12164 0.0104738 0.114389 0.43342 0.239145
0.07726 9.9991E-05 0.00577595 0.0182418 0.0406494 0.407635 0.450338
0.0357573 0.0115211 0.0850706 9.9991E-05 0.0594476 0.523849 0.284255
0.0186209 0.032864 0.0751736 9.9991E-05 0.0767987 0.458884 0.337559
9.9991E-05 0.0795524 0.0879458 0.00469806 0.0429264 0.545871 0.238906
9.9982E-05 0.36714 9.9982E-05 0.0128199 0.109354 0.436692 0.0737932
9.9991E-05 0.139385 0.0315247 0.103925 0.147157 0.525008 0.0529007
0.0829558 0.155136 0.0145591 0.105521 0.137217 0.453533 0.0510782
9.9991E-05 0.148571 0.080479 0.0839844 0.0995115 0.566523 0.0208309
9.9982E-05 0.170251 0.0444898 0.14049 0.196845 0.447725 9.9982E-05
0.0337538 9.9982E-05 0.135773 0.131093 9.9982E-05 0.505927 0.193253
0.0625387 0.195042 0.00875943 0.0666932 0.129665 0.537202 9.9991E-05
0.0522894 0.16676 0.0640901 0.390882 0.173463 0.0690129 0.0835027
9.9991E-05 0.079671 0.00922162 0.109022 0.0765417 0.614633 0.110811
0.00148986 0.142976 0.0433405 0.0501584 0.155328 0.53453 0.0721773
0.0165634 0.100703 0.0908707 0.0341955 0.162774 0.533392 0.0615018
0.0646366 0.165579 0.0710476 0.224564 0.100464 0.28995 0.083758
0.0443767 0.192226 0.000771784 0.0669677 0.113108 0.545851 0.0366982
9.9991E-05 0.133138 0.0784427 0.0882642 0.156838 0.537473 0.0057438
9.9964E-05 0.433081 9.9964E-05 0.4411 0.125419 9.9964E-05 9.9964E-05
0.044403 0.183565 0.00600593 0.0373035 0.162324 0.481968 0.0844297
9.9982E-05 0.172648 0.0243469 0.0802629 0.134059 0.588484 9.9982E-05
0.00049016 0.103238 0.0830839 0.0910194 0.082141 0.593062 0.0469655
9.9982E-05 0.171364 0.0367114 0.0725554 0.183592 0.535578 9.9982E-05
0.0358789 0.198228 0.0235561 0.0745534 0.11755 0.506002 0.0442312
0.0446838 0.0540626 0.479597 9.9991E-05 0.0145587 0.386977 0.0200211
0.065982 0.0802629 0.271539 0.00669268 0.0381314 0.474992 0.0624
0.0315791 9.9973E-05 0.885443 0.0162303 9.9973E-05 9.9973E-05 0.0664474
9.9964E-05 0.00238243 0.943506 9.9964E-05 9.9964E-05 9.9964E-05 0.0537114
9.9991E-05 0.105216 0.346981 0.0099212 0.0184621 0.472887 0.0464332
9.9982E-05 0.12908 0.0959013 0.141096 0.283886 0.349836 9.9982E-05
9.9982E-05 0.185589 0.224662 0.0157747 0.261164 0.312611 9.9982E-05
9.9982E-05 0.165134 0.263855 0.0984218 0.319516 0.152873 9.9982E-05
9.9982E-05 0.152682 0.201474 0.0563328 0.236537 0.352774 9.9982E-05
9.9982E-05 0.108672 0.717008 0.0955007 0.0432314 0.0353885 9.9982E-05
9.9982E-05 0.0974626 0.711979 0.0514291 0.0601767 0.0787525 9.9982E-05
9.9973E-05 0.0455886 0.386885 9.9973E-05 0.0304057 0.536821 9.9973E-05
9.9973E-05 0.078883 0.469174 9.9973E-05 0.111114 0.340529 9.9973E-05
9.9973E-05 0.0695692 0.717572 9.9973E-05 0.0597708 0.152788 9.9973E-05
9.9982E-05 0.0774906 0.303991 9.9982E-05 0.0181022 0.54342 0.0567966
9.9973E-05 0.0717422 0.34944 9.9973E-05 0.022507 0.556011 9.9973E-05
0.00937556 0.0900575 0.335203 9.9991E-05 0.0640613 0.478573 0.0226293
0.0356134 0.00580051 0.674843 9.9973E-05 9.9973E-05 0.283443 9.9973E-05
0.00364657 0.00867517 0.509215 0.017539 9.9991E-05 0.380962 0.0798626
0.0397451 0.0695047 0.298985 0.0113562 0.0113949 0.50265 0.0663641
0.000731393 0.00828619 0.376926 0.0496282 0.0163774 0.436236 0.111814
0.0336648 0.0860917 0.23469 0.0402256 0.0527504 0.505925 0.0466518
0.0538157 0.0149235 0.46352 0.0409775 9.9982E-05 0.426564 9.9982E-05
0.0233927 0.00939833 0.816449 9.9982E-05 9.9982E-05 0.137313 0.0132468
9.9973E-05 0.0217055 0.361047 9.9973E-05 0.00656831 0.610379 9.9973E-05
9.9964E-05 9.9964E-05 0.785173 9.9964E-05 9.9964E-05 0.130974 0.0834532
9.9964E-05 0.044491 0.550476 9.9964E-05 9.9964E-05 0.404633 9.9964E-05
0.0339569 0.0979318 0.316256 0.0264621 9.9991E-05 0.486165 0.0391279
0.0963551 0.0929475 0.280729 9.9991E-05 0.0303277 0.472085 0.0274565
0.00988926 0.153472 0.117148 0.0777159 0.122312 0.486552 0.03291
0.0378398 0.111878 0.106002 0.0915121 0.149159 0.384094 0.119515
9.9982E-05 0.19185 0.0989324 0.182238 0.241821 0.284959 9.9982E-05
9.9991E-05 0.228655 0.120842 0.120478 0.21018 0.316402 0.00334197
0.0277585 0.152666 0.0617514 0.103859 0.129142 0.471634 0.0531902
9.9982E-05 0.156383 0.207111 0.0602546 0.100332 0.47572 9.9982E-05
9.9973E-05 0.170954 0.714578 0.0300199 0.0841485 9.9973E-05 9.9973E-05
0.0108679 0.0814978 0.148768 0.0257123 0.228106 0.504948 9.9991E-05
9.9973E-05 0.305339 0.3651 0.242097 0.0871638 9.9973E-05 9.9973E-05
9.9973E-05 0.0498861 0.32667 9.9973E-05 0.129903 0.493241 9.9973E-05
9.9955E-05 9.9955E-05 0.94865 9.9955E-05 9.9955E-05 0.0508497 9.9955E-05
0.0559221 9.9955E-05 0.943578 9.9955E-05 9.9955E-05 9.9955E-05 9.9955E-05
9.9973E-05 0.00373565 0.53958 9.9973E-05 9.9973E-05 0.453708 0.00267713
9.9964E-05 0.00725834 0.430752 9.9964E-05 9.9964E-05 0.56159 9.9964E-05
9.9955E-05 9.9955E-05 0.639627 9.9955E-05 9.9955E-05 0.359873 9.9955E-05
0.00354207 9.9964E-05 0.446323 9.9964E-05 9.9964E-05 0.549735 9.9964E-05
9.9955E-05 9.9955E-05 0.497512 9.9955E-05 9.9955E-05 0.501988 9.9955E-05
0.000341392 0.869346 0.0141877 0.00207915 0.0301718 0.000405657 0.0834687
0.017281 0.761974 9.9991E-05 0.0323713 0.0597049 0.0418481 0.086721
9.9982E-05 0.939043 0.025671 0.000830848 0.0177917 9.9982E-05 0.0164633
9.9973E-05 0.959814 0.00960242 0.0120862 9.9973E-05 0.0181975 9.9973E-05
0.312548 0.0514911 0.0401156 0.00392588 0.0182989 0.52782 0.0458003
0.289717 0.0806802 9.9982E-05 0.0174279 9.9982E-05 0.575688 0.0362866
0.438046 0.0507509 9.9982E-05 9.9982E-05 0.00911831 0.488511 0.0133743
0.258353 0.119368 9.9982E-05 0.0223405 9.9982E-05 0.568607 0.0311312
0.119065 0.0796448 9.9991E-05 0.121626 0.0353785 0.560511 0.0836738
0.561114 0.0456952 9.9973E-05 9.9973E-05 9.9973E-05 0.280008 0.112883
0.343025 0.0207384 9.9964E-05 9.9964E-05 9.9964E-05 0.635836 9.9964E-05
0.586902 9.9982E-05 0.0790163 0.081795 0.00844885 0.243638 9.9982E-05
9.9982E-05 0.323977 9.9982E-05 0.0221844 0.156905 0.403351 0.0933823
0.390254 9.9982E-05 0.0948176 0.0711338 0.0509659 0.392629 9.9982E-05
0.571959 0.0210951 9.9973E-05 9.9973E-05 9.9973E-05 0.343819 0.0628268
0.365111 0.0170414 0.0563548 0.0254112 0.00187743 0.533193 0.00101152
0.44204 0.01662 9.9982E-05 9.9982E-05 0.0329019 0.385798 0.12244
0.356603 9.9964E-05 0.0712193 9.9964E-05 9.9964E-05 0.571777 9.9964E-05
0.353949 0.0970995 0.0344371 9.9973E-05 9.9973E-05 0.514215 9.9973E-05
0.859743 9.9964E-05 0.0449742 0.0948826 9.9964E-05 9.9964E-05 9.9964E-05
0.536234 9.9982E-05 0.0678942 0.0693728 0.00148693 0.324812 9.9982E-05
0.539541 9.9982E-05 0.0772644 0.0164268 0.0267348 0.339833 9.9982E-05
0.797055 9.9964E-05 0.0793191 0.123226 9.9964E-05 9.9964E-05 9.9964E-05
0.418478 0.0499262 9.9982E-05 0.0230852 9.9982E-05 0.412099 0.0962121
0.629129 9.9973E-05 0.0943866 0.225997 9.9973E-05 0.0501873 9.9973E-05
0.804603 9.9964E-05 0.0458882 0.149109 9.9964E-05 9.9964E-05 9.9964E-05
0.306845 0.0141893 0.04637 0.00908669 0.0452449 0.555079 0.0231844
0.608241 0.0371063 9.9973E-05 9.9973E-05 9.9973E-05 0.183443 0.17091
0.430801 0.0327415 9.9973E-05 9.9973E-05 9.9973E-05 0.486932 0.0492256
0.170792 0.112391 9.9991E-05 0.0732102 0.0130163 0.603243 0.0272469
0.317598 0.0260444 9.9982E-05 9.9982E-05 0.0137561 0.528216 0.114185
0.0453907 9.9991E-05 0.134451 0.154854 0.00286649 0.377008 0.28533
0.335021 0.0386403 0.0150304 9.9991E-05 0.0180913 0.55256 0.0405567
0.352561 0.0416958 9.9973E-05 9.9973E-05 9.9973E-05 0.520062 0.0853807
0.598746 9.9973E-05 0.0901628 0.0148302 9.9973E-05 0.295961 9.9973E-05
0.284819 0.120471 0.000340566 9.9991E-05 0.0197833 0.482884 0.0916026
9.9964E-05 0.660451 9.9964E-05 0.0531496 9.9964E-05 9.9964E-05 0.286
0.06784 0.774086 9.9973E-05 0.021958 9.9973E-05 9.9973E-05 0.135816
9.9964E-05 0.850835 9.9964E-05 0.0318731 9.9964E-05 9.9964E-05 0.116892
9.9964E-05 0.808897 9.9964E-05 0.0619286 9.9964E-05 9.9964E-05 0.128774
0.0247917 0.730237 9.9982E-05 0.0599272 9.9982E-05 0.021823 0.163021
0.684643 0.0451838 9.9973E-05 9.9973E-05 9.9973E-05 0.130007 0.139866
0.653486 0.0349298 9.9973E-05 9.9973E-05 9.9973E-05 0.146589 0.164695
0.74135 9.9982E-05 0.0499048 0.0277625 0.00319983 0.177583 9.9982E-05
0.195485 0.118842 0.0325215 0.073444 0.0355831 0.526705 0.01742
0.180495 0.131028 0.0271421 0.0338589 0.0537039 0.52552 0.0482527
0.631198 9.9973E-05 9.9973E-05 0.0838431 0.0476775 0.236982 9.9973E-05
0.299362 0.0215918 0.0515601 9.9982E-05 0.0503488 0.576937 9.9982E-05
0.428655 0.0366261 0.0726788 0.041563 0.0617195 0.358658 9.9991E-05
0.331049 0.0242418 9.9973E-05 9.9973E-05 9.9973E-05 0.54003 0.104379
0.28819 0.0411262 0.00592737 9.9991E-05 0.0553163 0.573293 0.0360479
0.614622 9.9964E-05 9.9964E-05 9.9964E-05 9.9964E-05 0.227656 0.157322
0.570038 9.9964E-05 9.9964E-05 9.9964E-05 9.9964E-05 0.295622 0.13394
0.56373 0.0280444 9.9973E-05 9.9973E-05 9.9973E-05 0.313654 0.0942718
9.9973E-05 0.0800977 9.9973E-05 0.239768 9.9973E-05 0.656189 0.0236455
0.516973 0.0237725 9.9973E-05 9.9973E-05 9.9973E-05 0.393516 0.0654388
0.509279 0.0294088 9.9982E-05 9.9982E-05 0.0178378 0.364802 0.0784719
9.9991E-05 0.0812597 0.0414023 0.0391101 0.356311 0.428534 0.0532828
0.00300754 0.0838084 0.0322131 0.0276437 0.492687 0.294903 0.0657373
9.9982E-05 0.126203 9.9982E-05 0.0293515 0.381027 0.455917 0.00730218
9.9982E-05 0.136354 0.0336201 0.0660806 0.512112 0.251633 9.9982E-05
9.9982E-05 0.115441 9.9982E-05 0.0792318 0.265156 0.491959 0.0480119
0.129454 0.0794684 0.0206631 0.236704 9.9982E-05 0.53351 9.9982E-05
9.9964E-05 0.235689 9.9964E-05 0.108779 0.655132 9.9964E-05 9.9964E-05
0.0212393 0.173094 0.0178407 0.0314763 0.466171 0.28278 0.00739904
0.0722258 0.147238 9.9982E-05 0.30101 0.132045 0.347282 9.9982E-05
9.9973E-05 0.114084 9.9973E-05 0.269736 9.9973E-05 0.531241 0.0846392
9.9973E-05 0.120612 9.9973E-05 0.301728 9.9973E-05 0.504068 0.0732922
9.9982E-05 0.0822723 9.9982E-05 0.24487 0.0170509 0.590009 0.0655981
0.011198 0.138814 9.9982E-05 0.167846 9.9982E-05 0.620874 0.0610675
9.9973E-05 0.190302 9.9973E-05 0.00716564 0.456639 0.345594 9.9973E-05
0.032187 0.158414 0.0222961 0.0303872 0.324236 0.409557 0.0229229
9.9964E-05 0.104733 9.9964E-05 9.9964E-05 0.468309 0.426558 9.9964E-05
0.0139246 0.112364 9.9991E-05 0.101319 0.275795 0.432499 0.0639982
0.0359002 0.179077 0.026112 0.0737972 0.481075 0.203939 9.9991E-05
0.0275951 0.128419 9.9991E-05 0.0716951 0.317775 0.430877 0.023539
9.9991E-05 0.111727 0.0779475 0.021958 0.524413 0.245493 0.0183618
9.9991E-05 0.0686878 0.0213593 0.0947688 0.322406 0.416642 0.0760356
0.066387 0.0545448 9.9982E-05 0.344653 9.9982E-05 0.507551 0.0266636
0.0246994 0.158767 0.0472027 0.0451402 0.30381 0.42028 9.9991E-05
9.9973E-05 0.189739 9.9973E-05 0.0777447 0.580642 0.151574 9.9973E-05
0.0282659 0.0864075 0.0366911 0.0302184 0.35639 0.410549 0.0514784
0.0364433 0.115802 9.9982E-05 0.371756 9.9982E-05 0.323396 0.152403
9.9964E-05 9.9964E-05 9.9964E-05 0.34909 0.0171655 0.633344 9.9964E-05
9.9991E-05 0.131071 0.00765543 0.0622053 0.348778 0.407642 0.0425485
9.9973E-05 0.119203 9.9973E-05 0.203983 9.9973E-05 0.568425 0.108089
9.9973E-05 0.118136 9.9973E-05 0.276351 9.9973E-05 0.507193 0.0980203
0.0370752 0.192723 0.0573313 0.154617 0.193678 0.364477 9.9991E-05
9.9982E-05 0.223066 0.0246762 0.153987 0.235968 0.362103 9.9982E-05
0.065307 0.144523 0.0188855 0.12656 0.0827064 0.536202 0.0258168
0.0436307 0.119163 0.00853034 0.0686077 0.286799 0.433235 0.0400351
9.9982E-05 0.114475 9.9982E-05 0.0054309 0.381555 0.489696 0.00864326
9.9973E-05 0.16276 9.9973E-05 0.0830132 0.619925 0.134002 9.9973E-05
0.0409809 0.102575 0.010792 0.167483 0.0474927 0.576474 0.0542025
0.030414 0.122342 9.9982E-05 0.338937 9.9982E-05 0.43882 0.0692873
0.0190641 0.00843006 0.00733385 0.779588 9.9982E-05 0.185384 9.9982E-05
0.082251 0.148682 9.9991E-05 0.153226 0.0295908 0.563641 0.0225096
9.9982E-05 0.0594488 0.102748 0.226104 9.9982E-05 0.452459 0.159041
0.0327041 0.193413 0.0494583 0.126345 0.153168 0.444812 9.9991E-05
0.0234554 0.140527 9.9991E-05 0.204699 0.0807501 0.477792 0.0726764
9.9964E-05 0.298562 9.9964E-05 0.58455 0.116488 9.9964E-05 9.9964E-05
9.9964E-05 0.215792 9.9964E-05 0.722697 0.0611112 9.9964E-05 9.9964E-05
0.013657 0.128145 0.0312994 0.435415 0.0841446 0.307239 9.9991E-05
9.9973E-05 0.252313 9.9973E-05 0.536004 0.155046 0.0563374 9.9973E-05
9.9964E-05 0.393287 9.9964E-05 0.432022 0.174291 9.9964E-05 9.9964E-05
0.0359613 0.173625 0.059276 0.267441 0.0754842 0.388113 9.9991E-05
9.9991E-05 0.235832 0.00764211 0.245375 0.13035 0.347104 0.0335958
9.9982E-05 0.242092 9.9982E-05 0.451064 0.15422 0.142944 0.00947932
9.9973E-05 0.170013 9.9973E-05 0.621265 0.124552 0.0838701 9.9973E-05
9.9973E-05 0.155582 9.9973E-05 0.228383 0.0883861 0.527349 9.9973E-05
9.9973E-05 0.181872 9.9973E-05 0.514909 0.0935431 0.209376 9.9973E-05
9.9964E-05 0.269136 9.9964E-05 0.686845 0.043619 9.9964E-05 9.9964E-05
0.0624555 0.12699 0.0815391 0.12034 0.0333951 0.510519 0.0647618
9.9991E-05 0.165134 0.0540077 0.280403 0.173578 0.301565 0.0252138
9.9982E-05 0.304607 9.9982E-05 0.0614384 0.159393 0.435939 0.0384221
9.9964E-05 0.195611 9.9964E-05 9.9964E-05 0.224268 0.579721 9.9964E-05
9.9982E-05 0.145573 9.9982E-05 0.111213 0.209878 0.514546 0.0185908
9.9982E-05 0.155049 0.0434025 0.0845067 0.210412 0.50643 9.9982E-05
9.9982E-05 0.350146 9.9982E-05 0.0976195 0.207629 0.300756 0.0436501
0.0120949 0.208328 9.9991E-05 0.071852 0.129547 0.533142 0.0449355
9.9973E-05 0.269781 9.9973E-05 0.0564153 0.163208 0.510295 9.9973E-05
0.00844549 0.221684 0.034369 0.210981 0.204173 0.313788 0.00655946
0.221206 0.205239 9.9991E-05 0.0706036 0.104044 0.300002 0.0988064
0.0662834 0.149884 9.9991E-05 0.0770549 0.111507 0.528641 0.0665292
0.058955 0.183226 0.0444344 0.0455654 0.130721 0.51358 0.0235185
0.0936328 0.1211 0.041369 0.0286886 0.128257 0.559437 0.0275167
9.9982E-05 0.257714 9.9982E-05 0.09611 0.169974 0.455296 0.0207055
0.01103 0.225631 0.0363008 0.0380049 0.161451 0.506335 0.0212467
9.9973E-05 0.34302 9.9973E-05 0.283818 0.287949 0.084913 9.9973E-05
0.0338084 0.173363 9.9991E-05 0.113171 0.14236 0.491245 0.0459524
9.9982E-05 0.273328 0.0637428 0.203233 0.267607 0.191889 9.9982E-05
9.9973E-05 0.808997 9.9973E-05 0.0109516 0.0023675 9.9973E-05 0.177384
9.9973E-05 0.0438615 0.0123699 9.9973E-05 9.9973E-05 0.173925 0.769544
9.995E-05 9.995E-05 9.995E-05 9.995E-05 9.995E-05 9.995E-05 0.9994
9.995E-05 9.995E-05 9.995E-05 9.995E-05 9.995E-05 9.995E-05 0.9994
9.9973E-05 9.9973E-05 0.00459538 9.9973E-05 0.00789288 0.0221748 0.965037
9.9955E-05 9.9955E-05 9.9955E-05 9.9955E-05 0.024884 9.9955E-05 0.974616
9.9955E-05 9.9955E-05 9.9955E-05 9.9955E-05 9.9955E-05 0.0523154 0.947185
9.995E-05 9.995E-05 9.995E-05 9.995E-05 9.995E-05 9.995E-05 0.9994
9.9955E-05 0.164309 9.9955E-05 9.9955E-05 9.9955E-05 9.9955E-05 0.835192
0.019855 0.910867 9.9973E-05 0.0219847 9.9973E-05 9.9973E-05 0.046993
9.9973E-05 0.796009 0.00418932 9.9973E-05 9.9973E-05 0.0666071 0.132895
9.9973E-05 0.897147 0.024975 9.9973E-05 9.9973E-05 0.0446223 0.0329558
9.9982E-05 0.857247 0.00730206 0.00554298 9.9982E-05 0.0350935 0.0946145
0.00193629 0.898368 9.9982E-05 9.9982E-05 0.00232177 0.0264039 0.07077
0.013784 0.903861 9.9973E-05 9.9973E-05 9.9973E-05 0.0724738 0.00958138
0.00185582 0.738879 9.9991E-05 0.0358699 0.084968 0.126521 0.011806
9.9964E-05 0.900416 9.9964E-05 9.9964E-05 0.00830561 0.0908788 9.9964E-05
9.9991E-05 0.723508 0.00612764 0.0595928 0.0455259 0.127947 0.0371988
9.9964E-05 0.928695 9.9964E-05 9.9964E-05 0.0365605 0.0343443 9.9964E-05
9.9964E-05 0.975641 0.0229455 9.9964E-05 9.9964E-05 9.9964E-05 0.00101363
0.034424 0.867365 0.00347341 9.9991E-05 0.0425166 0.0251116 0.0270097
0.00399667 0.995504 9.9955E-05 9.9955E-05 9.9955E-05 9.9955E-05 9.9955E-05
9.9964E-05 0.940028 0.0196552 9.9964E-05 9.9964E-05 0.0399165 9.9964E-05
9.9964E-05 0.893985 9.9964E-05 0.00246208 9.9964E-05 0.103153 9.9964E-05
9.9955E-05 0.928266 9.9955E-05 9.9955E-05 9.9955E-05 0.0712338 9.9955E-05
9.9964E-05 0.851524 9.9964E-05 9.9964E-05 0.0474689 0.100607 9.9964E-05
9.9964E-05 0.858989 9.9964E-05 9.9964E-05 0.0146176 0.125993 9.9964E-05
9.9964E-05 0.811005 9.9964E-05 9.9964E-05 0.0658514 0.122743 9.9964E-05
0.0671347 0.0910682 9.9982E-05 0.324472 9.9982E-05 0.397474 0.119651
9.9973E-05 0.0427265 9.9973E-05 0.207678 9.9973E-05 0.681968 0.067328
0.0896517 0.121014 0.0227133 0.116925 0.0434765 0.57005 0.0361697
0.112824 9.9964E-05 9.9964E-05 0.763954 9.9964E-05 0.122821 9.9964E-05
9.9973E-05 0.0660415 9.9973E-05 0.313975 9.9973E-05 0.487831 0.131853
9.9964E-05 0.00408686 9.9964E-05 0.864765 9.9964E-05 0.130748 9.9964E-05
9.9964E-05 0.0771727 9.9964E-05 0.24708 9.9964E-05 0.675347 9.9964E-05
0.0794117 0.0957537 9.9982E-05 0.292003 9.9982E-05 0.422562 0.11007
9.9973E-05 0.120487 9.9973E-05 0.315308 9.9973E-05 0.529464 0.0344414
0.399852 0.0573531 9.9982E-05 0.0280426 9.9982E-05 0.460036 0.054516
0.0162475 0.0753268 9.9982E-05 0.309134 9.9982E-05 0.49477 0.104321
0.00440205 0.0448177 0.0265912 0.217904 9.9982E-05 0.706085 9.9982E-05
0.0129332 0.0693139 9.9982E-05 0.276542 9.9982E-05 0.51426 0.126752
0.130509 9.9982E-05 0.209308 0.153671 0.0741533 9.9982E-05 0.432158
0.0643852 9.9982E-05 0.0501588 0.829456 9.9982E-05 0.000416777 0.055383
9.9964E-05 9.9964E-05 9.9964E-05 0.780546 9.9964E-05 0.207153 0.0119017
0.0249631 0.105519 9.9982E-05 0.200021 9.9982E-05 0.640799 0.0284978
9.9982E-05 0.0147541 9.9982E-05 0.441312 0.00952657 0.502078 0.0321295
0.0424992 0.0697249 0.0135717 0.290406 9.9982E-05 0.583598 9.9982E-05
