0.0380996 0.0241822 9.9964E-05 9.9964E-05 9.9964E-05 9.9964E-05 0.937318
0.0374387 0.00049573 9.9973E-05 9.9973E-05 0.0011169 9.9973E-05 0.960649
9.9982E-05 0.0124539 0.0493046 0.0334868 0.0212816 9.9982E-05 0.883273
0.0156992 9.9973E-05 0.131095 0.0408029 9.9973E-05 9.9973E-05 0.812103
9.9964E-05 9.9964E-05 0.0825271 0.0103584 9.9964E-05 9.9964E-05 0.906715
0.0829894 0.006725 0.11994 9.9991E-05 0.0132647 0.101294 0.675686
9.9982E-05 9.9982E-05 0.0189186 0.0248755 0.00530646 0.134596 0.816103
0.0666146 0.0381788 9.9982E-05 0.0393687 9.9982E-05 0.138756 0.716882
0.000618814 9.99729E-05 9.99729E-05 0.114801 9.99729E-05 0.053678 0.830603
0.0553632 0.00362294 0.0636525 0.0190274 9.9991E-05 0.104852 0.753382
0.06902 9.9982E-05 0.0800718 0.00910245 9.9982E-05 0.0829789 0.758627
0.974632 0.0248686 9.9955E-05 9.9955E-05 9.9955E-05 9.9955E-05 9.9955E-05
0.447616 0.0552832 0.454591 0.00226267 9.9982E-05 9.9982E-05 0.040047
0.866707 0.0821381 0.0507555 9.9964E-05 9.9964E-05 9.9964E-05 9.9964E-05
0.787046 0.0926598 0.119894 9.9964E-05 9.9964E-05 9.9964E-05 9.9964E-05
0.571139 0.115765 0.262988 9.9973E-05 9.9973E-05 9.9973E-05 0.0498085
0.392429 0.0611369 0.495364 9.9991E-05 0.00663893 0.0325734 0.011757
0.611551 0.0402996 0.340999 9.9973E-05 0.00685034 9.9973E-05 9.9973E-05
0.763994 0.0699587 0.0988416 9.9973E-05 9.9973E-05 9.9973E-05 0.0669062
0.966079 9.9964E-05 9.9964E-05 0.00877191 9.9964E-05 0.0247491 9.9964E-05
0.505741 0.049857 0.294239 0.0188748 0.0939921 0.0246587 0.0126378
0.348085 0.0494406 0.361576 9.9973E-05 9.9973E-05 0.240598 9.9973E-05
0.344004 0.0704458 0.428019 0.0545729 0.0806031 9.9991E-05 0.0222553
0.920436 0.0385331 0.0257388 9.9973E-05 9.9973E-05 9.9973E-05 0.0149923
0.172378 0.0655151 0.593789 0.0245561 0.00576649 0.0690162 0.0689792
0.53256 0.047918 0.379937 9.9982E-05 0.0034555 9.9982E-05 0.0359289
0.924699 0.0105132 0.0368714 9.9982E-05 0.00990355 9.9982E-05 0.0178127
0.882262 0.0754904 0.0220051 9.9973E-05 9.9973E-05 9.9973E-05 0.0199429
0.962269 9.9964E-05 0.0102255 9.9964E-05 9.9964E-05 0.0271059 9.9964E-05
9.9964E-05 0.00553529 0.0996622 9.9964E-05 9.9964E-05 9.9964E-05 0.894403
0.00210038 9.9964E-05 0.120982 9.9964E-05 9.9964E-05 9.9964E-05 0.876518
9.9973E-05 0.0986829 0.0880795 0.0141112 9.9973E-05 9.9973E-05 0.798826
9.9964E-05 0.0783467 0.169494 9.9964E-05 9.9964E-05 9.9964E-05 0.75176
0.0676442 9.9991E-05 0.521753 0.0637235 0.174454 0.0972134 0.0751122
0.100167 0.0530011 0.474509 0.0598128 0.243218 0.00100937 0.0682824
9.9982E-05 9.9982E-05 0.532485 0.0215762 0.380413 0.0317727 0.0335534
0.62211 9.9982E-05 0.0529616 0.245372 0.0572157 9.9982E-05 0.0221406
9.9982E-05 0.016214 0.233284 0.00661669 0.564651 0.179034 9.9982E-05
0.148619 0.0183945 0.516255 0.0174282 0.219575 9.9991E-05 0.079628
9.9982E-05 0.00713723 0.696231 0.0503971 0.210102 9.9982E-05 0.0359332
0.129143 9.9982E-05 0.54212 9.9982E-05 0.103076 0.0938143 0.131647
0.151498 0.0180418 0.551044 0.0271067 0.0629205 0.0939883 0.0954003
0.199568 9.9982E-05 0.0868014 0.0413966 0.656217 9.9982E-05 0.0158171
0.047867 0.0196034 0.659949 9.9982E-05 9.9982E-05 0.214731 0.0576495
0.0308183 0.0515234 0.57931 0.0049301 0.231872 0.0229105 0.078636
9.9982E-05 0.0423255 0.594572 9.9982E-05 0.159047 0.0608239 0.143032
9.9964E-05 9.9964E-05 0.325736 9.9964E-05 0.578771 0.0950927 9.9964E-05
0.055487 0.0484845 0.571924 9.9982E-05 0.251046 9.9982E-05 0.0728586
0.00490253 0.0478354 0.507458 0.0300686 0.213647 0.0738992 0.12219
9.9955E-05 9.9955E-05 9.9955E-05 9.9955E-05 0.565343 0.434157 9.9955E-05
0.424175 9.9982E-05 0.0848891 0.334678 0.0639322 0.0921253 9.9982E-05
0.340021 0.0470329 0.109748 0.0490137 0.133756 0.320328 9.9991E-05
0.077117 0.0621 0.542785 0.0850618 0.0709696 0.0979826 0.0639844
0.208919 0.0722308 0.522483 0.00491902 0.0305386 0.0953231 0.0655866
0.0845097 0.0646117 0.597878 0.0106201 0.0476716 0.146708 0.0480007
0.359583 9.9991E-05 0.13333 0.237828 0.0888457 0.0574607 0.122854
0.274834 0.0212702 0.480674 0.13612 0.0288091 0.0423831 0.0159103
0.165992 0.0710066 0.495063 0.0646567 0.09507 0.0383281 0.0698838
0.294123 0.0184493 0.341054 0.078719 0.0472469 0.115088 0.10532
0.529145 0.00388013 0.0287191 0.148737 0.0370139 0.113764 0.13874
0.13608 0.0421983 0.5284 0.078612 0.0665048 0.0933015 0.054904
0.285619 0.0327359 0.408146 0.0926428 0.0491272 0.0550613 0.0766677
0.615778 9.9982E-05 9.9982E-05 0.154924 0.0585704 0.111159 0.0593692
0.421502 0.0161999 0.353136 0.134944 0.0723511 0.00176663 9.9991E-05
0.098847 0.0578463 0.583273 0.0742964 0.0519755 0.0927049 0.0410571
0.143099 9.9982E-05 0.632636 0.0371005 9.9982E-05 0.0676065 0.119358
0.534591 0.0495052 0.157529 0.0627603 0.100311 0.0466075 0.0486958
0.266139 0.0540644 0.446123 0.0798749 0.0420306 0.0799021 0.0318653
0.186711 0.0468732 0.503233 0.0620016 0.0840251 0.0522293 0.064927
0.563286 9.9991E-05 0.119233 0.12187 0.0732791 0.0861166 0.0361159
0.0263393 9.9973E-05 0.467165 9.9973E-05 0.470144 9.9973E-05 0.036052
0.151698 0.024948 0.134801 9.9982E-05 0.675645 9.9982E-05 0.0127088
0.0411512 0.024897 0.491587 0.00700351 0.292051 9.9991E-05 0.14321
9.9955E-05 9.9955E-05 9.9955E-05 9.9955E-05 0.855045 0.144456 9.9955E-05
9.9955E-05 9.9955E-05 9.9955E-05 9.9955E-05 0.815673 0.183827 9.9955E-05
9.9964E-05 9.9964E-05 0.214598 9.9964E-05 0.709455 0.0755474 9.9964E-05
0.0558956 9.9982E-05 0.419021 0.0367202 0.459095 9.9982E-05 0.0290687
0.0291989 0.0488771 0.520998 0.0617252 0.149446 0.0961164 0.0936388
0.108098 0.0151964 0.461695 9.9982E-05 0.405543 0.00926806 9.9982E-05
0.224409 9.9982E-05 0.0936427 0.0463913 0.609484 9.9982E-05 0.0258734
0.182646 9.9982E-05 0.20549 0.0521281 0.546687 9.9982E-05 0.0128493
0.0299268 0.0277296 0.519789 0.0685635 0.282373 9.9991E-05 0.0715182
0.150557 0.0275551 0.251643 9.9982E-05 0.551329 9.9982E-05 0.0187155
0.143192 0.00424814 0.422544 0.00669998 0.415552 9.9991E-05 0.00766344
9.9973E-05 9.9973E-05 0.451307 9.9973E-05 0.441109 0.0905234 0.0167611
9.9955E-05 9.9955E-05 9.9955E-05 9.9955E-05 0.624627 0.374873 9.9955E-05
0.0842027 0.0436412 0.581534 0.0063899 0.2481 0.00236518 0.0337675
0.00961177 9.9973E-05 0.0763561 0.0723066 9.9973E-05 9.9973E-05 0.841426
9.9955E-05 9.9955E-05 0.0691995 9.9955E-05 9.9955E-05 9.9955E-05 0.930301
9.9964E-05 0.0327217 0.114088 9.9964E-05 9.9964E-05 9.9964E-05 0.85279
9.9964E-05 0.043256 0.0271127 9.9964E-05 9.9964E-05 9.9964E-05 0.929231
0.0227975 0.030027 9.9964E-05 9.9964E-05 9.9964E-05 9.9964E-05 0.946776
9.9964E-05 0.0186529 0.0910447 9.9964E-05 9.9964E-05 9.9964E-05 0.889903
9.9955E-05 9.9955E-05 0.0698005 9.9955E-05 9.9955E-05 9.9955E-05 0.9297
0.0575162 0.041658 0.474007 0.0955331 0.238121 0.0158951 0.0772693
0.0220238 0.0406595 0.570646 0.0248548 0.104037 0.103097 0.134682
0.181666 9.9973E-05 9.9973E-05 0.0883818 0.694494 9.9973E-05 0.0351581
0.0919023 0.0401401 0.539901 0.024772 0.180099 0.0386074 0.084579
0.0841492 9.9982E-05 0.35692 0.0574795 0.464412 9.9982E-05 0.0368398
0.0667209 0.00764939 0.500763 0.039153 0.322365 9.9991E-05 0.0632488
9.9973E-05 9.9973E-05 0.58314 9.9973E-05 0.27717 0.0958374 0.0435523
0.00876599 0.0546838 0.517417 9.9991E-05 0.366503 0.0270604 0.0254693
0.239448 9.9973E-05 9.9973E-05 0.0908721 0.643637 9.9973E-05 0.0257427
0.0435169 0.051165 0.473687 0.128754 0.179759 0.0259047 0.0972138
0.0691237 0.0303332 0.61544 0.000319421 0.170771 0.026553 0.0874604
0.0309077 0.0168142 0.58547 0.0329738 0.189854 0.0124073 0.131573
0.0328632 9.9991E-05 0.267004 0.00358423 0.491164 0.184935 0.0203495
9.99659E-05 9.99659E-05 0.506317 9.99659E-05 0.447134 0.0461498 9.99659E-05
0.114104 9.9982E-05 0.440466 0.0725347 0.372109 9.9982E-05 0.000586663
9.9964E-05 9.9964E-05 0.38602 9.9964E-05 0.525742 0.087838 9.9964E-05
0.0764673 9.9982E-05 0.409515 0.0689777 0.39187 9.9982E-05 0.0529704
0.0216586 0.0655941 0.532535 0.0849462 0.166779 0.0505019 0.0779853
0.146181 0.0637586 0.286054 0.249946 0.0042861 0.242895 0.00687959
0.230118 9.9991E-05 0.393947 0.231289 0.0174619 0.0618126 0.0652718
0.0819534 0.0924352 0.51667 0.115426 9.9991E-05 0.0703793 0.123036
0.0154721 0.0371625 0.550414 0.140409 0.0678088 0.0881904 0.100543
0.270317 9.9982E-05 0.456473 0.212509 0.0386441 9.9982E-05 0.0218569
0.120544 0.00633559 0.624386 0.1444 9.9991E-05 0.0693787 0.0348561
0.27129 9.9973E-05 0.452667 0.25366 9.9973E-05 9.9973E-05 0.0220826
0.0795374 0.0326847 0.494447 0.0990445 0.0622955 0.173323 0.0586676
0.0990272 0.0558954 0.605993 0.0967967 0.0161702 0.0415032 0.0846147
0.17254 9.9982E-05 0.550009 0.181681 9.9982E-05 0.047504 0.0480662
0.17308 9.9991E-05 0.561758 0.206529 0.0376469 0.00640785 0.0144786
0.110211 0.122496 0.558204 0.131222 0.00417452 0.0556842 0.0180089
0.112899 0.0730757 0.526162 0.0949125 0.0556693 0.0481264 0.0891549
0.129403 0.0851309 0.570493 0.113235 0.0235416 0.0780976 9.9991E-05
0.0229416 0.0457367 0.588754 0.116955 0.0232508 0.129348 0.0730145
0.0746378 0.0417326 0.61819 0.126815 0.0154881 0.0955193 0.027617
0.123101 0.0685174 0.344874 0.160614 0.0211999 0.221536 0.0601576
0.0323219 0.0622418 0.618441 0.120957 0.024725 0.0865308 0.0547827
0.0332067 0.01734 0.671787 0.12049 9.9991E-05 0.109233 0.0478436
0.456679 0.0190119 0.150341 0.280692 0.0639669 0.0292093 9.9991E-05
0.287543 0.0307311 0.169225 0.137086 0.0415249 0.333789 9.9991E-05
0.179862 0.0181176 0.511656 0.10797 0.0334494 0.0910565 0.0578881
0.206943 9.9982E-05 0.0831189 0.191495 0.0838277 0.434416 9.9982E-05
0.523414 9.9982E-05 0.262927 0.177378 0.0174695 0.0186127 9.9982E-05
0.361733 9.9973E-05 0.381943 0.201113 0.0549107 9.9973E-05 9.9973E-05
0.360552 9.9982E-05 0.325213 0.24111 0.0524744 9.9982E-05 0.0204514
0.400662 9.9982E-05 0.263502 0.25445 0.0806952 0.000490506 9.9982E-05
0.140794 9.9991E-05 0.600098 0.0805758 0.0662719 0.0508254 0.0613345
0.16997 0.0313605 0.532978 0.0991728 0.0404177 0.0518377 0.0742631
0.125679 0.0471446 0.556267 0.120044 0.0571205 0.0487177 0.0450273
0.284475 9.9982E-05 0.197825 0.192601 0.0187775 0.306122 9.9982E-05
0.104761 0.0116922 0.499892 0.0300498 0.110738 0.0738956 0.168971
0.0629419 0.0604267 0.482003 0.012818 0.0617854 0.255977 0.0640478
0.0661265 9.9982E-05 9.9982E-05 0.0188897 0.0774428 0.722342 0.114999
0.0279441 0.019623 0.675077 9.9991E-05 0.0544789 0.131417 0.0913604
0.128016 0.046319 0.259699 0.0299381 0.0880488 0.381896 0.0660826
0.0492246 0.0418015 0.520573 0.0192196 0.028363 0.21531 0.125508
0.0475842 9.9991E-05 0.257513 0.080489 0.0502723 0.487992 0.0760498
0.103751 9.9991E-05 0.108786 0.0570051 0.0780984 0.582474 0.0697848
0.119991 0.00421485 0.430578 0.0401503 0.0340777 0.331443 0.0395453
0.117112 0.0568489 0.466776 0.0801743 0.0657256 0.103385 0.109978
0.133323 0.0255886 0.402493 0.0551099 0.0863535 0.134824 0.162308
0.246585 0.0839625 0.0535936 9.9991E-05 0.129737 0.474765 0.0112566
0.115508 0.0153066 0.613188 0.0546517 0.0244496 0.10283 0.0740652
0.0736648 9.9982E-05 0.350636 0.0156878 0.0707036 0.489108 9.9982E-05
0.109546 9.9982E-05 0.446566 0.0335742 0.0689091 0.341205 9.9982E-05
0.0774047 0.0434126 0.597258 0.0599927 0.0242318 0.119733 0.0779672
0.0272084 0.230588 0.141777 9.9982E-05 9.9982E-05 0.221381 0.378845
9.9964E-05 0.127614 9.9964E-05 9.9964E-05 9.9964E-05 0.391067 0.480919
9.9964E-05 0.116606 9.9964E-05 9.9964E-05 9.9964E-05 0.413185 0.469809
0.0107893 0.244113 0.10084 9.9982E-05 9.9982E-05 0.272946 0.371112
0.0525208 9.99736E-05 0.624563 9.99736E-05 0.0682879 0.254328 9.99736E-05
9.9991E-05 0.02772 0.639332 0.016098 0.0605625 0.14937 0.106818
0.00731492 0.657198 0.300837 9.9973E-05 0.03435 9.9973E-05 9.9973E-05
0.127211 0.44126 0.329352 0.00666199 0.0496148 9.9991E-05 0.0458007
0.123735 0.40048 0.342015 0.0414622 0.0221647 0.00402484 0.0661181
0.109171 9.9982E-05 0.285909 0.0182256 0.01627 0.570224 9.9982E-05
0.0483315 0.0626673 0.467818 0.0853596 0.0712982 0.161418 0.103107
0.172674 9.9964E-05 0.242313 9.9964E-05 9.9964E-05 0.584613 9.9964E-05
0.0682298 9.9982E-05 0.573268 9.9982E-05 0.0288027 0.275121 0.0543779
0.0939174 0.00326754 0.505809 0.0200171 9.9991E-05 0.359372 0.0175171
9.9964E-05 9.9964E-05 0.630021 9.9964E-05 0.0287163 0.340863 9.9964E-05
0.0441766 9.9982E-05 0.259072 0.0136547 0.0161581 0.666739 9.9982E-05
9.9982E-05 0.0454506 0.698851 9.9982E-05 0.0410791 0.173475 0.0409451
0.0869558 0.00512304 0.564793 0.0042665 0.0375272 0.190397 0.110937
9.9964E-05 0.943119 0.037033 0.0194483 9.9964E-05 9.9964E-05 9.9964E-05
0.023692 0.885257 0.0613729 9.9973E-05 0.0293785 9.9973E-05 9.9973E-05
0.0488683 0.566895 0.293874 0.0482025 0.010363 9.9991E-05 0.0316965
9.9964E-05 0.67324 0.303103 0.0232572 9.9964E-05 9.9964E-05 9.9964E-05
0.0100247 0.829908 0.115408 0.0382898 0.00616912 9.9982E-05 9.9982E-05
9.995E-05 0.9994 9.995E-05 9.995E-05 9.995E-05 9.995E-05 9.995E-05
0.00823497 0.941587 9.9964E-05 0.0497784 9.9964E-05 9.9964E-05 9.9964E-05
9.9955E-05 0.836553 0.162947 9.9955E-05 9.9955E-05 9.9955E-05 9.9955E-05
9.9964E-05 0.94887 9.9964E-05 0.0424257 9.9964E-05 9.9964E-05 0.00830454
9.995E-05 0.9994 9.995E-05 9.995E-05 9.995E-05 9.995E-05 9.995E-05
9.995E-05 0.9994 9.995E-05 9.995E-05 9.995E-05 9.995E-05 9.995E-05
0.0350622 0.755955 0.208583 9.9964E-05 9.9964E-05 9.9964E-05 9.9964E-05
0.0400867 0.807934 0.0806525 0.00826557 0.0125234 9.9991E-05 0.0504382
9.995E-05 0.9994 9.995E-05 9.995E-05 9.995E-05 9.995E-05 9.995E-05
0.0787303 0.396865 0.352712 0.0531693 0.0528966 0.0149233 0.0507036
9.9973E-05 0.649134 0.288053 0.0372799 9.9973E-05 9.9973E-05 0.0252328
9.9964E-05 0.808139 0.137929 9.9964E-05 9.9964E-05 9.9964E-05 0.0535323
0.0295002 0.909339 0.0607604 9.9964E-05 9.9964E-05 9.9964E-05 9.9964E-05
9.995E-05 0.9994 9.995E-05 9.995E-05 9.995E-05 9.995E-05 9.995E-05
9.9955E-05 0.935865 0.0636356 9.9955E-05 9.9955E-05 9.9955E-05 9.9955E-05
9.995E-05 0.9994 9.995E-05 9.995E-05 9.995E-05 9.995E-05 9.995E-05
0.0259739 0.621786 0.247337 0.023797 0.0257438 9.9991E-05 0.0552623
9.9955E-05 0.951114 9.9955E-05 9.9955E-05 0.0483867 9.9955E-05 9.9955E-05
9.9964E-05 0.0575441 9.9964E-05 9.9964E-05 9.9964E-05 0.647506 0.29455
0.0610645 0.0969375 0.37832 9.9982E-05 9.9982E-05 0.236651 0.226827
9.9982E-05 0.0407029 0.464387 0.0197084 9.9982E-05 0.289084 0.185918
9.9982E-05 0.0886734 0.214327 0.0193231 9.9982E-05 0.463713 0.213764
0.0861899 0.127066 0.456636 0.0168632 0.0782077 0.106145 0.128892
0.00932999 0.110848 0.132231 9.9982E-05 9.9982E-05 0.493993 0.253398
0.0611482 0.101331 0.41478 0.0301138 9.9991E-05 0.188406 0.204121
0.00337456 0.117946 0.341732 9.9982E-05 9.9982E-05 0.356223 0.180525
9.9973E-05 0.0846147 0.516489 9.9973E-05 9.9973E-05 0.218285 0.180311
0.0216367 0.0956648 0.390763 9.9982E-05 9.9982E-05 0.304248 0.187487
0.0450209 0.121506 0.417667 0.00400822 0.0634647 0.165979 0.182354
9.9982E-05 9.9982E-05 0.0650298 0.0137824 0.0133428 0.0184663 0.889179
9.9973E-05 0.0615237 9.9973E-05 9.9973E-05 0.0252593 0.0126622 0.900255
9.9964E-05 9.9964E-05 0.0149871 0.0464691 9.9964E-05 9.9964E-05 0.938144
9.9955E-05 9.9955E-05 9.9955E-05 9.9955E-05 0.0301436 9.9955E-05 0.969357
0.0490995 0.00150049 0.043911 9.9973E-05 9.9973E-05 9.9973E-05 0.905189
9.9964E-05 0.00889211 0.0108251 9.9964E-05 9.9964E-05 9.9964E-05 0.979883
9.9973E-05 0.00357099 0.0554117 0.00368078 9.9973E-05 9.9973E-05 0.937037
0.0101072 9.9973E-05 9.9973E-05 0.0439388 9.9973E-05 0.0151115 0.930543
0.022693 0.0274604 0.0180033 0.00877799 0.0231714 0.00297335 0.896921
0.0202482 0.0286292 9.9982E-05 0.0212293 9.9982E-05 0.0314364 0.898257
0.0197439 9.9982E-05 9.9982E-05 0.250503 0.0798912 0.061686 0.587976
0.0297875 9.9982E-05 9.9982E-05 0.294286 0.0132307 0.0436653 0.618831
0.101407 9.9982E-05 9.9982E-05 0.21284 0.0686463 0.0884347 0.528472
0.1875 9.9973E-05 9.9973E-05 0.272388 9.9973E-05 0.103833 0.435979
0.170499 0.0319791 0.411546 0.0420601 0.26005 0.0244497 0.0594162
0.111184 0.047513 0.468869 0.0371471 0.291698 9.9991E-05 0.0434892
0.107941 0.022979 0.55126 0.106487 0.16805 9.9991E-05 0.0431829
0.246747 9.9982E-05 0.343291 0.0990186 0.279277 9.9982E-05 0.0314669
0.450667 9.9982E-05 0.148578 0.318933 0.030834 0.0507879 9.9982E-05
0.0682181 0.00972639 0.655213 0.0233236 0.149711 0.0435827 0.0502255
0.0348187 0.00378699 0.600458 0.123271 0.237466 9.9982E-05 9.9982E-05
0.0283464 0.0157788 0.522295 0.068487 0.25583 0.109163 9.9991E-05
9.9973E-05 0.010823 0.3393 9.9973E-05 0.551639 0.0979381 9.9973E-05
0.0717757 0.00482594 0.634399 0.0543345 0.0917617 0.0800351 0.0628685
0.0703212 9.9982E-05 0.404677 0.0149664 0.48815 9.9982E-05 0.0216859
9.9964E-05 9.9964E-05 9.9964E-05 0.00276033 0.752766 0.244074 9.9964E-05
0.108225 9.9991E-05 0.585685 0.060679 0.152444 0.0327973 0.0600701
9.9964E-05 9.9964E-05 0.172288 9.9964E-05 0.618637 0.208676 9.9964E-05
9.9982E-05 9.9982E-05 0.558782 0.0325084 0.339659 0.0562614 0.0125889
0.222796 9.9982E-05 0.0678655 0.0585878 0.636667 9.9982E-05 0.0138835
9.9973E-05 9.9973E-05 0.0178098 0.85837 9.9973E-05 0.0332743 0.0902462
9.9973E-05 9.9973E-05 0.0772632 0.843236 9.9973E-05 0.0290048 0.0501957
9.9982E-05 9.9982E-05 0.0367887 0.85612 0.00290885 0.0378143 0.0661677
9.9973E-05 9.9973E-05 9.9973E-05 0.850315 0.00941182 0.0506951 0.0892778
9.9964E-05 9.9964E-05 0.119444 0.828532 9.9964E-05 0.0516235 9.9964E-05
9.9982E-05 0.0324302 0.103734 0.804239 9.9982E-05 0.031217 0.02818
9.9982E-05 0.0391049 0.041897 0.0270345 0.0298306 9.9982E-05 0.861933
9.9982E-05 0.00146551 0.125524 0.0189964 0.0264218 9.9982E-05 0.827392
9.9973E-05 0.0319001 0.170418 0.0353687 9.9973E-05 9.9973E-05 0.762013
0.000349531 0.043478 0.035269 0.00170388 0.069481 9.9991E-05 0.849619
9.9973E-05 0.0302083 0.177142 0.0313718 9.9973E-05 9.9973E-05 0.760978
0.0153347 9.9973E-05 9.9973E-05 0.520231 9.9973E-05 0.0733418 0.390793
0.0458784 9.9973E-05 9.9973E-05 0.479324 9.9973E-05 0.058931 0.415567
0.00052627 9.9982E-05 0.0400955 0.475481 9.9982E-05 0.0569979 0.4267
0.0141934 9.99773E-05 0.124268 9.99773E-05 0.00103605 9.99773E-05 0.860203
0.00112375 0.00742539 9.9991E-05 0.475906 0.0449559 0.0924734 0.378016
9.9973E-05 0.285284 0.311328 9.9973E-05 9.9973E-05 0.15296 0.250127
0.00155908 0.199295 0.55867 9.9991E-05 0.029344 0.0484959 0.162537
9.9964E-05 0.22431 0.569952 9.9964E-05 9.9964E-05 9.9964E-05 0.205338
9.9973E-05 0.262037 0.348746 9.9973E-05 9.9973E-05 0.122197 0.266721
0.0667052 0.1686 0.473195 9.9991E-05 0.0706259 0.0631148 0.157659
9.9964E-05 0.292649 9.9964E-05 9.9964E-05 9.9964E-05 0.261527 0.445425
0.271496 9.9982E-05 0.431154 0.234102 0.0357429 0.0273048 9.9982E-05
0.0883094 9.9982E-05 0.465265 0.133876 0.0283264 0.284023 9.9982E-05
0.53515 9.9991E-05 0.19902 0.195723 0.0355016 0.0231838 0.0113214
0.114668 9.9982E-05 0.522302 0.0948644 0.0386307 0.229335 9.9982E-05
0.151077 9.9973E-05 9.9973E-05 0.185215 0.0477955 0.615613 9.9973E-05
0.14812 0.055352 0.537152 0.0344769 0.0874998 0.0702456 0.0671527
0.112082 9.9991E-05 0.554642 0.0858215 0.056351 0.16892 0.0220841
0.363232 9.9982E-05 0.299367 0.219734 0.0442871 0.0731797 9.9982E-05
0.16827 0.033831 0.497034 0.0716361 0.0833758 0.0363172 0.109536
0.39125 9.9982E-05 0.0799238 0.0690982 0.090043 0.369485 9.9982E-05
0.118767 9.9991E-05 0.583431 0.0939411 0.0552098 0.140028 0.00852373
0.230563 9.9991E-05 0.498052 0.166381 0.0545899 0.0425935 0.00772045
0.058498 0.131568 0.444726 0.0176138 0.0781421 0.157335 0.112117
0.232002 0.0022496 0.327656 0.085809 0.0865838 0.265599 9.9991E-05
0.190138 0.0244427 0.397802 0.0923175 0.0660076 0.229192 9.9991E-05
0.0943543 0.0156004 0.579699 0.121482 0.0816837 0.107081 9.9991E-05
0.177873 9.9982E-05 0.57252 0.066476 0.0360107 0.14692 9.9982E-05
0.0691678 0.0686424 0.633989 0.0950284 0.0215194 0.0893698 0.0222832
0.116252 0.0386488 0.540826 0.0669986 0.0523284 0.0931791 0.0917672
0.18545 0.0485641 0.532356 0.0719435 0.0911563 0.0153942 0.0551355
9.9964E-05 0.0459739 0.112473 9.9964E-05 9.9964E-05 9.9964E-05 0.841153
9.9964E-05 0.00851232 0.106177 9.9964E-05 9.9964E-05 9.9964E-05 0.88491
9.9982E-05 9.9982E-05 0.0704366 0.0501682 0.00253704 0.00180219 0.874856
9.9982E-05 0.0645098 0.00646814 0.00394782 0.027924 9.9982E-05 0.89695
9.9955E-05 9.9955E-05 0.104188 9.9955E-05 9.9955E-05 9.9955E-05 0.895312
0.600571 0.0209658 9.9991E-05 0.242861 0.0575766 0.0715593 0.00636545
0.119646 0.041597 0.48042 0.15939 0.0354728 0.12937 0.0341051
9.9982E-05 0.260514 0.346992 0.0285991 9.9982E-05 0.15654 0.207156
0.141107 0.0438118 0.624927 0.112158 0.0464448 0.00748278 0.0240694
0.289975 0.0344297 0.433214 0.197153 0.040351 9.9991E-05 0.00477692
0.229677 9.9982E-05 0.278815 0.120712 0.0656479 0.304948 9.9982E-05
0.542063 9.9982E-05 9.9982E-05 0.363709 0.00846331 0.0322305 0.0533336
0.217448 9.9982E-05 0.437211 0.2577 0.0315268 9.9982E-05 0.0559144
0.431218 0.0331718 0.163235 0.296612 0.0244664 0.0211054 0.030192
0.0805627 9.9991E-05 0.499376 0.128582 0.10985 0.121788 0.0597415
0.491545 9.9982E-05 0.0780167 0.314864 9.9982E-05 0.0557297 0.0596448
0.181024 0.109835 0.484146 0.139448 0.0249926 9.9991E-05 0.0604541
0.546155 0.0197109 0.074683 0.23413 0.0235589 0.0858428 0.0159194
0.295247 0.0835993 0.241182 0.0776971 0.0657863 0.236388 9.9991E-05
0.141846 0.0205793 0.531968 9.9991E-05 0.0240476 0.191956 0.0895031
0.160242 9.9982E-05 0.297046 0.0427186 0.00442444 0.495369 9.9982E-05
0.0623021 0.0144422 0.530228 9.9991E-05 0.0601682 0.29166 0.0410994
0.0507747 9.9991E-05 0.559252 0.00762307 0.0517306 0.204677 0.125843
0.104376 9.9973E-05 0.28425 9.9973E-05 0.0105685 0.600505 9.9973E-05
0.0806041 0.0272058 0.563834 0.0348742 0.038378 0.168393 0.0867108
9.9982E-05 9.9982E-05 0.532639 0.0727454 0.0331602 0.341367 0.0198885
0.0175796 9.9982E-05 0.182144 0.0449285 0.104572 0.650576 9.9982E-05
9.9964E-05 9.9964E-05 0.242777 0.0540902 9.9964E-05 0.702733 9.9964E-05
0.0823687 9.9982E-05 0.495017 0.0368794 9.9982E-05 0.38188 0.00365459
9.9973E-05 9.9973E-05 0.108725 0.10989 0.121085 0.66 9.9973E-05
0.0679318 9.9982E-05 0.489274 0.0755199 0.0160501 0.351025 9.9982E-05
0.564591 0.0313543 0.0397966 0.284763 0.0792948 9.9982E-05 9.9982E-05
0.271964 0.0566613 0.185388 0.180404 0.0815551 0.223927 9.9991E-05
0.300832 0.0470741 0.355272 0.181005 0.070777 9.9991E-05 0.0449395
0.171225 0.0532551 0.501693 0.12433 0.102648 0.0123598 0.0344882
0.465232 0.0313101 0.13165 0.263249 0.108359 9.9982E-05 9.9982E-05
0.157324 0.060723 0.498341 0.0671113 0.0845147 0.0765448 0.0554404
0.126576 0.0360199 0.54636 0.162785 0.0477342 0.0696629 0.0108622
0.228805 0.0604174 0.434693 0.134977 0.0486923 0.0828739 0.00954124
0.228678 0.0733366 0.441065 0.155775 0.06222 0.0388252 9.9991E-05
0.235186 0.0308813 0.451386 0.257661 0.00481663 9.9991E-05 0.0199688
0.429554 9.9982E-05 0.21041 0.241716 0.116472 0.00164857 9.9982E-05
0.254205 0.0339648 0.370437 0.248682 0.0468925 0.0457185 9.9991E-05
0.0855101 0.0116816 0.621581 0.125736 0.0615578 0.0938332 9.9991E-05
0.10791 0.0403806 0.598495 0.0858891 0.0324633 0.0978575 0.0370046
0.240116 0.0984972 0.248627 0.140631 0.0857849 0.163771 0.0225732
0.0994981 0.107829 0.439472 0.165754 0.0973637 0.0899836 9.9991E-05
0.341674 0.0699903 0.250828 0.247686 0.0896222 9.9982E-05 9.9982E-05
0.231938 0.0565049 0.487162 0.0762214 0.080362 0.0369758 0.0308353
0.272794 0.0995944 0.372923 0.138311 0.0968184 0.00200039 0.0175583
0.109387 0.0612358 0.502755 0.0963221 0.0270749 0.112891 0.0903348
0.0835399 0.103335 0.433255 0.0199204 9.9991E-05 0.0292512 0.330599
0.0969023 0.131127 0.547813 9.9982E-05 9.9982E-05 0.0694809 0.154477
0.0464957 0.133398 0.453428 0.0240929 0.0520286 0.0938547 0.196702
0.01567 0.141426 0.538419 0.0426717 9.9991E-05 0.153569 0.108144
0.00287597 0.185497 0.486971 9.9982E-05 9.9982E-05 0.148267 0.176189
0.111865 9.9982E-05 0.494288 0.11963 0.0392976 0.23472 9.9982E-05
0.0307957 0.111134 0.530049 0.0114435 0.0971101 0.0541421 0.165325
0.142366 0.178578 0.0501563 9.9991E-05 0.00127011 0.421578 0.205952
0.0507669 0.0930731 0.592327 0.00755308 9.9991E-05 0.118534 0.137646
0.0202263 0.129746 0.533663 0.0423383 0.0139065 0.112025 0.148094
0.0796072 0.15047 0.522348 0.0104718 0.0597223 0.0929277 0.0844534
0.11742 0.0967781 0.294635 9.9991E-05 0.004892 0.27569 0.210485
0.0327668 0.13909 0.52556 0.0554339 9.9991E-05 0.0513801 0.195669
9.9982E-05 0.127111 0.552504 0.0580087 9.9982E-05 0.110084 0.152091
9.9964E-05 0.131946 9.9964E-05 9.9964E-05 9.9964E-05 0.368505 0.499149
0.0448489 0.191145 0.484879 0.0515434 9.9991E-05 0.0394105 0.188074
0.0423178 0.154712 0.561981 9.9982E-05 9.9982E-05 0.0711523 0.169637
0.128325 0.111015 0.563624 9.9991E-05 0.016287 0.10592 0.0747284
9.9973E-05 0.192368 0.540191 9.9973E-05 9.9973E-05 0.0940412 0.1731
0.070223 0.116659 0.498872 9.9991E-05 0.0457005 0.0371105 0.231335
9.9991E-05 0.0282213 0.50116 0.0807449 0.0541531 0.326709 0.00891204
0.0682521 0.00867861 0.546366 0.0318651 0.0875069 0.163605 0.0937255
9.9973E-05 9.9973E-05 0.0188558 0.0646198 0.208546 0.707678 9.9973E-05
0.00601048 9.9982E-05 0.108236 0.0614248 0.096973 0.727155 9.9982E-05
0.012224 9.9991E-05 0.58641 0.0483681 0.0343412 0.265676 0.0528806
9.99742E-05 0.291751 0.375631 9.99742E-05 9.99742E-05 0.174103 0.158215
9.9973E-05 0.282447 0.389382 9.9973E-05 9.9973E-05 0.192724 0.135148
9.9973E-05 0.282873 0.236567 9.9973E-05 9.9973E-05 0.308221 0.172039
9.9973E-05 0.247002 0.376053 9.9973E-05 9.9973E-05 0.227151 0.149495
9.9973E-05 0.053082 0.198 9.9973E-05 9.9973E-05 0.696421 0.0521975
9.9991E-05 0.0781959 0.206376 0.0417028 0.0555667 0.572218 0.0458406
0.00680412 0.0536511 0.605149 0.0295691 0.0265376 0.263904 0.014385
9.9982E-05 0.0778276 0.521732 0.0149097 9.9982E-05 0.356733 0.0285978
9.9991E-05 0.0633542 0.295011 0.0596228 0.0553259 0.510616 0.0159706
0.0607698 0.0393817 0.593476 0.0428142 9.9991E-05 0.225144 0.0383135
9.9982E-05 0.0316916 0.651592 0.0608445 9.9982E-05 0.218303 0.0373685
0.00245404 0.0555753 0.563837 0.0266169 0.0372616 0.243117 0.0711382
9.9973E-05 9.9973E-05 0.42007 0.0466183 0.0908866 0.442125 9.9973E-05
0.0601446 9.9982E-05 0.489152 0.0505359 0.0238407 0.376126 9.9982E-05
9.9982E-05 9.9982E-05 0.606001 0.0686734 0.0836221 0.204018 0.0374861
9.9982E-05 0.0196612 0.498528 0.105529 0.0402484 0.335833 9.9982E-05
0.0608189 0.0681946 0.518683 0.0117613 0.0466737 0.187349 0.10652
0.0263936 9.9982E-05 0.491862 0.0253369 0.138043 0.318165 9.9982E-05
9.9973E-05 9.9973E-05 0.280494 0.0512264 0.101273 0.566707 9.9973E-05
9.9982E-05 0.0171624 0.666256 0.0442443 0.0116451 0.260492 9.9982E-05
0.00635399 9.9982E-05 0.24088 0.103438 0.114317 0.534811 9.9982E-05
9.9973E-05 9.9973E-05 0.542825 0.045366 0.048231 0.363278 9.9973E-05
9.9991E-05 0.0273609 0.559538 0.0708832 0.0905578 0.200112 0.0514486
9.9982E-05 9.9982E-05 0.575579 0.0741541 0.0712939 0.230534 0.0482385
0.0314082 0.159136 0.473322 0.00171965 9.9991E-05 0.166023 0.168291
0.0099631 0.142796 0.444466 0.0861664 0.0505298 0.0909538 0.175125
9.9973E-05 0.269964 0.349629 9.9973E-05 9.9973E-05 0.191749 0.188358
0.130432 0.189588 0.347172 0.00409858 9.9991E-05 0.152861 0.175749
0.104332 0.186067 0.435426 0.0295936 0.00196199 0.0904193 0.152201
9.9991E-05 0.116017 0.433004 0.0384009 0.0631864 0.144152 0.20514
9.9991E-05 0.161886 0.0157447 0.00379499 0.0366688 0.653019 0.128786
9.9991E-05 0.210955 0.514604 0.00824697 0.0287263 0.148977 0.08839
9.9964E-05 0.122191 9.9964E-05 9.9964E-05 9.9964E-05 0.553622 0.323787
9.9982E-05 0.125403 0.586929 0.00994965 9.9982E-05 0.215539 0.0619792
9.9973E-05 9.9973E-05 0.241672 0.0285152 0.0877673 0.641745 9.9973E-05
9.9973E-05 9.9973E-05 0.0500059 0.0503265 0.24128 0.658088 9.9973E-05
9.9973E-05 9.9973E-05 0.553809 0.0321581 0.0636181 0.350115 9.9973E-05
0.00519068 9.9982E-05 0.661452 0.0367734 0.0393564 0.257028 9.9982E-05
9.9973E-05 9.9973E-05 0.497432 0.0386163 0.0744116 0.38924 9.9973E-05
9.9973E-05 9.9973E-05 0.655549 0.005258 0.0755858 0.263307 9.9973E-05
9.9973E-05 9.9973E-05 0.608897 0.0185465 0.0438667 0.32839 9.9973E-05
0.0290096 0.0228982 0.0181198 0.0546234 0.00858626 0.00541225 0.861351
9.9991E-05 0.05204 0.0722713 0.0419488 0.0382768 0.0197224 0.775641
9.9982E-05 0.0242294 0.00904396 0.0502556 9.9982E-05 0.00931373 0.906957
9.9964E-05 9.9964E-05 0.062425 9.9964E-05 9.9964E-05 0.00693976 0.930235
0.00549624 0.062611 0.490617 0.0187394 0.369299 0.034198 0.0190389
0.0194319 9.9982E-05 0.55671 0.0677064 0.32267 9.9982E-05 0.0332814
0.0891233 9.9973E-05 0.476153 9.9973E-05 0.425186 9.9973E-05 0.00923709
0.0717369 9.9982E-05 0.590934 0.0396604 0.242224 9.9982E-05 0.0552456
0.0928398 0.0247839 0.529635 0.0245424 0.123254 0.094207 0.110738
0.159906 9.9973E-05 0.23732 9.9973E-05 0.554923 9.9973E-05 0.0475514
9.9955E-05 9.9955E-05 0.633308 9.9955E-05 0.366193 9.9955E-05 9.9955E-05
9.9973E-05 0.00608942 0.282992 9.9973E-05 0.574388 0.136231 9.9973E-05
0.0874862 0.146614 0.393583 0.0317189 9.9982E-05 9.9982E-05 0.340398
9.9982E-05 0.0209429 0.435504 0.0286632 0.362924 0.151767 9.9982E-05
0.10837 9.9973E-05 0.315141 0.0589121 0.517277 9.9973E-05 9.9973E-05
9.9973E-05 9.9973E-05 0.485999 0.0126022 0.398165 0.102934 9.9973E-05
0.0581143 0.0555518 0.333643 0.0790068 0.464855 9.9991E-05 0.00872896
9.9982E-05 0.00885579 0.580726 9.9982E-05 0.383938 0.0243519 0.00192781
0.0175139 0.0276796 0.46984 9.9982E-05 0.394518 9.9982E-05 0.0902487
9.9955E-05 9.9955E-05 9.9955E-05 9.9955E-05 0.837317 0.162183 9.9955E-05
0.0418802 0.0172967 0.277745 9.9982E-05 0.527528 0.13535 9.9982E-05
9.9973E-05 0.0217595 0.31091 9.9973E-05 0.588674 0.0783566 9.9973E-05
9.9955E-05 9.9955E-05 9.9955E-05 9.9955E-05 0.776138 0.223362 9.9955E-05
0.110777 9.9982E-05 0.398894 0.0481928 0.385391 9.9982E-05 0.0565453
0.00446522 9.9973E-05 0.0651661 9.9973E-05 0.624996 0.305073 9.9973E-05
9.9955E-05 9.9955E-05 9.9955E-05 9.9955E-05 0.772829 0.226672 9.9955E-05
9.9991E-05 0.0607413 0.561195 0.0158458 0.31545 0.0324311 0.0142368
0.206246 9.9982E-05 0.132817 0.0599405 0.562868 9.9982E-05 0.0379286
0.10332 9.9982E-05 0.42316 0.0233119 0.418762 9.9982E-05 0.0312468
9.9991E-05 0.0858216 0.512354 0.0578587 0.166219 0.0738282 0.103818
0.11459 0.0196307 0.451415 0.0596116 0.340894 9.9991E-05 0.0137597
0.24376 0.00639617 0.380987 0.127405 0.0307475 0.210605 9.9991E-05
0.0660971 0.0401801 0.527551 0.0161875 0.31308 9.9991E-05 0.0368038
0.148112 9.9973E-05 0.46041 0.00888349 0.382294 9.9973E-05 9.9973E-05
0.0228552 9.9973E-05 0.297671 9.9973E-05 0.537626 0.141548 9.9973E-05
0.0471204 0.0664832 0.490721 0.0513768 0.279231 9.9991E-05 0.0649671
9.9964E-05 9.9964E-05 9.9964E-05 0.248395 9.9964E-05 0.0762091 0.674996
9.9964E-05 9.9964E-05 9.9964E-05 0.162313 0.0488754 9.9964E-05 0.788412
9.9964E-05 9.9964E-05 9.9964E-05 0.122962 9.9964E-05 0.0225219 0.854116
0.0156996 9.9973E-05 9.9973E-05 0.112025 9.9973E-05 0.0388037 0.833172
0.0276539 9.9982E-05 0.0128696 0.163186 9.9982E-05 0.0464855 0.749606
0.145624 9.9982E-05 0.0901148 0.0566755 0.65284 9.9982E-05 0.0545461
0.15789 9.9982E-05 0.0477956 0.0374471 0.720515 9.9982E-05 0.0361533
9.9973E-05 0.0261968 0.133754 9.9973E-05 0.769939 0.0698105 9.9973E-05
0.00575055 0.0350661 0.597245 0.0671511 0.176995 0.0205327 0.0972603
9.9991E-05 0.0524983 0.517738 0.0208922 0.252257 0.0255339 0.13098
9.9973E-05 0.0526983 0.227835 9.9973E-05 0.642059 0.0771074 9.9973E-05
9.9991E-05 0.0585713 0.583156 0.0184435 0.266116 0.0439698 0.0296436
0.0181285 0.0424959 0.381673 0.00115842 0.413634 0.110166 0.0327442
0.0832616 0.0311381 0.442902 0.0536235 0.363712 9.9991E-05 0.0252637
0.0328418 0.0466335 0.547899 0.0229824 0.313077 9.9991E-05 0.0364661
0.165541 0.0282784 0.107421 0.070444 0.628115 9.9982E-05 9.9982E-05
0.0717294 9.9982E-05 0.264385 0.0369767 0.609202 9.9982E-05 0.0175068
0.139539 9.9982E-05 0.266133 0.051904 0.537984 9.9982E-05 0.00423957
0.0368609 9.9982E-05 0.626304 0.0609503 9.9982E-05 0.144959 0.130726
0.107526 9.9982E-05 0.340532 0.0175116 0.517078 9.9982E-05 0.0171522
0.0163396 0.00955325 0.395267 0.0508113 0.497143 9.9991E-05 0.0307855
0.0208142 0.369999 0.41394 0.0326277 9.9991E-05 0.0573346 0.105185
0.0547518 0.433858 0.353153 9.9991E-05 0.0170564 0.00175104 0.13933
9.9973E-05 0.382358 0.472002 9.9973E-05 9.9973E-05 0.0199719 0.125368
9.9973E-05 0.497593 0.289348 9.9973E-05 9.9973E-05 0.0506742 0.162085
9.9982E-05 0.287476 0.493428 0.0522601 9.9982E-05 0.0609363 0.1057
0.0263978 9.9982E-05 0.540334 9.9982E-05 0.193063 0.168192 0.0718135
9.9973E-05 0.632237 9.9973E-05 0.00541157 9.9973E-05 0.0808768 0.281175
9.9991E-05 0.464354 0.32394 0.0184562 0.0317674 0.00779885 0.153584
9.9991E-05 0.118136 0.419067 0.0069356 0.0333436 0.264903 0.157515
0.0521998 9.9982E-05 0.581375 9.9982E-05 0.0103561 0.211357 0.144513
0.12184 0.00557376 0.495291 9.9982E-05 9.9982E-05 0.24932 0.127775
0.0670666 0.00635182 0.636131 0.0172215 9.9991E-05 0.148831 0.124298
0.041346 0.0237568 0.617526 9.9991E-05 0.00390352 0.135577 0.177791
9.9982E-05 0.465511 0.299935 9.9982E-05 0.0379005 0.0205995 0.175855
9.9982E-05 0.347849 0.42321 0.0488244 9.9982E-05 0.0493378 0.130579
9.9973E-05 0.458599 0.417259 0.0296159 9.9973E-05 9.9973E-05 0.094226
9.9991E-05 0.276338 0.459307 0.0408424 0.0558579 0.0386455 0.128909
9.9991E-05 0.490981 0.208097 0.037131 0.0337615 0.0464021 0.183528
0.0804942 0.346718 0.409202 0.00791066 0.0219678 0.0298388 0.103869
9.9991E-05 0.548568 0.202761 0.0591277 0.013431 0.0624998 0.113513
0.0376668 0.350586 0.356972 0.0287931 0.0502109 0.0975641 0.078207
9.9973E-05 9.9973E-05 0.512801 9.9973E-05 0.0514815 0.317098 0.11832
9.9991E-05 0.341845 0.384705 0.0490029 0.0148223 0.0363916 0.173133
9.9973E-05 0.573597 0.162303 9.9973E-05 9.9973E-05 0.0265441 0.237256
0.0451167 0.352392 0.397258 0.00272094 0.0773375 0.0202519 0.104923
0.220209 9.9982E-05 0.270064 9.9982E-05 0.0611588 0.27412 0.174248
0.0693417 0.0411965 0.622333 9.9982E-05 9.9982E-05 0.235982 0.0309464
0.0231818 0.367399 0.37787 0.0063228 9.9991E-05 0.0775358 0.147591
0.155924 9.9991E-05 0.497205 0.00152652 0.0351162 0.171734 0.138394
0.144299 9.9973E-05 0.485908 9.9973E-05 9.9973E-05 0.186896 0.182597
0.00726271 0.205799 0.331479 0.0115743 0.0829241 0.133795 0.227167
9.9973E-05 0.23179 0.389336 9.9973E-05 9.9973E-05 0.147509 0.231065
0.0487241 0.0397771 0.546188 0.0467904 0.0825493 0.0814304 0.15454
0.021435 0.328368 0.400423 0.0354586 0.0227974 0.0635791 0.127939
9.9973E-05 0.406037 0.442245 0.0197224 9.9973E-05 9.9973E-05 0.131696
9.9973E-05 0.625792 0.135249 9.9973E-05 9.9973E-05 0.0561442 0.182515
0.0365419 0.0404958 0.618536 9.9991E-05 0.0569381 0.11952 0.127867
0.142127 9.9982E-05 0.442722 9.9982E-05 0.00264418 0.2768 0.135506
9.9964E-05 9.9964E-05 0.199085 9.9964E-05 9.9964E-05 0.700847 0.0996677
0.0449682 0.0454679 0.542189 0.0408967 0.0532316 0.103411 0.169835
0.105167 0.0259647 0.408543 0.121764 9.9991E-05 0.275926 0.0625352
0.0659071 0.109469 0.474486 9.9991E-05 0.0223289 0.119582 0.208127
0.0657743 0.0915509 0.50621 0.00430064 0.0221978 0.166506 0.143461
9.9964E-05 0.105594 9.9964E-05 9.9964E-05 9.9964E-05 0.533432 0.360574
9.9964E-05 0.0676078 9.9964E-05 9.9964E-05 9.9964E-05 0.6124 0.319592
9.9982E-05 0.0664682 0.34347 9.9982E-05 0.00237132 0.398896 0.188594
9.9973E-05 0.183617 0.0395493 9.9973E-05 9.9973E-05 0.43821 0.338324
9.9964E-05 0.179214 9.9964E-05 9.9964E-05 9.9964E-05 0.357403 0.462984
9.9973E-05 0.0934135 0.367697 9.9973E-05 9.9973E-05 0.337814 0.200776
9.9991E-05 0.146037 0.364467 0.0580001 0.0236445 0.184416 0.223336
9.9982E-05 0.172243 0.156819 0.0168159 9.9982E-05 0.351465 0.302457
9.9973E-05 0.144928 0.0744172 9.9973E-05 9.9973E-05 0.512156 0.268198
0.047555 0.0707874 0.519327 9.9982E-05 9.9982E-05 0.174326 0.187805
0.033825 0.127849 0.175016 9.9982E-05 9.9982E-05 0.449342 0.213768
9.9964E-05 0.059239 9.9964E-05 9.9964E-05 9.9964E-05 0.563608 0.376753
0.0438498 0.106162 0.551921 0.0392243 0.01763 0.120216 0.120997
0.0519438 0.186111 0.297882 9.9982E-05 9.9982E-05 0.261013 0.202851
0.0661271 0.17798 0.409256 9.9991E-05 0.0326219 0.0171798 0.296735
9.9973E-05 0.215969 0.589758 0.0203602 9.9973E-05 9.9973E-05 0.173613
0.00710213 0.239484 0.504522 9.9991E-05 0.00898322 0.0930512 0.146758
0.045609 0.238045 0.489455 0.0017195 9.9991E-05 0.0559618 0.16911
0.167987 0.212844 0.250325 9.9982E-05 0.0133536 9.9982E-05 0.355291
0.106564 0.168279 0.468811 0.000567242 9.9991E-05 0.0384576 0.217221
0.0997217 0.186123 0.457782 9.9973E-05 9.9973E-05 9.9973E-05 0.256073
9.9991E-05 0.243665 0.271815 0.0103033 0.0505185 0.182172 0.241426
0.202731 0.12852 0.237238 9.9991E-05 0.214257 0.0128614 0.204293
0.0890507 0.121598 0.47099 9.9991E-05 0.0703013 0.0591672 0.188793
0.0223074 0.180725 0.536214 0.0565639 0.00630594 0.0636094 0.134274
9.9991E-05 0.126459 0.575437 0.0639413 0.0566114 0.0447814 0.13267
0.00132 0.172211 0.454069 9.9982E-05 9.9982E-05 0.0684538 0.303746
0.00609171 0.165404 0.526613 0.0336735 9.9991E-05 0.044617 0.223501
9.9973E-05 0.288501 0.0622241 9.9973E-05 9.9973E-05 0.304004 0.344971
0.00787429 0.129753 0.532778 0.0444176 0.0406968 0.0652157 0.179265
9.9973E-05 0.29655 0.192429 9.9973E-05 9.9973E-05 0.22065 0.290071
0.0357885 0.00914176 9.9982E-05 0.134705 9.9982E-05 0.0196241 0.80054
0.0448369 9.9982E-05 0.16172 0.698725 0.0543323 9.9982E-05 0.0401863
0.0148444 9.9955E-05 9.9955E-05 0.984656 9.9955E-05 9.9955E-05 9.9955E-05
9.995E-05 9.995E-05 9.995E-05 0.9994 9.995E-05 9.995E-05 9.995E-05
9.9964E-05 0.00768058 0.0456616 0.946258 9.9964E-05 9.9964E-05 9.9964E-05
0.0697403 0.0193455 0.00199391 0.90862 9.9973E-05 9.9973E-05 9.9973E-05
9.9955E-05 9.9955E-05 0.0735508 0.925949 9.9955E-05 9.9955E-05 9.9955E-05
0.0477371 9.9955E-05 9.9955E-05 0.951763 9.9955E-05 9.9955E-05 9.9955E-05
9.9964E-05 0.0014501 9.9964E-05 0.875333 9.9964E-05 9.9964E-05 0.122817
0.00285642 9.9982E-05 0.0139089 0.0327632 0.0446525 9.9982E-05 0.905619
9.9964E-05 9.9964E-05 0.0746276 0.140392 9.9964E-05 9.9964E-05 0.78458
9.9991E-05 0.0176981 0.0143715 0.032503 0.0248328 0.0385527 0.871942
0.0441863 9.9973E-05 0.0486258 0.0315199 9.9973E-05 9.9973E-05 0.875368
0.00823713 0.0137363 0.0264861 0.0774097 9.9982E-05 9.9982E-05 0.873931
0.0397506 0.0129253 0.0308897 0.0149065 9.9982E-05 9.9982E-05 0.901328
0.0153525 0.0866256 0.11857 0.0162638 9.9991E-05 0.0335371 0.729551
9.9955E-05 9.9955E-05 0.106317 9.9955E-05 9.9955E-05 9.9955E-05 0.893183
0.048904 0.0392263 0.0927168 0.0561515 9.9991E-05 0.0355753 0.727326
9.9973E-05 0.0282484 0.038233 9.9973E-05 0.00764715 9.9973E-05 0.925571
0.00651678 9.9964E-05 9.9964E-05 9.9964E-05 9.9964E-05 0.0215517 0.971532
0.00375097 0.0302849 0.0312191 0.0231618 0.0299692 9.9991E-05 0.881514
9.9964E-05 0.000217084 9.9964E-05 0.0176924 9.9964E-05 9.9964E-05 0.981691
9.9964E-05 9.9964E-05 0.0451354 0.0063937 9.9964E-05 9.9964E-05 0.948071
9.9973E-05 0.0197744 0.0861266 9.9973E-05 0.000745004 9.9973E-05 0.893054
9.9964E-05 0.0182416 0.0519913 9.9964E-05 9.9964E-05 9.9964E-05 0.929367
0.00918038 0.0547272 0.0699167 9.9973E-05 9.9973E-05 9.9973E-05 0.865876
9.9964E-05 0.0236204 0.134483 9.9964E-05 9.9964E-05 9.9964E-05 0.841497
9.9964E-05 0.0825405 0.0951372 9.9964E-05 9.9964E-05 9.9964E-05 0.821922
0.153988 9.9991E-05 0.363538 0.0288569 0.0934835 0.214973 0.14506
0.0427328 9.9991E-05 0.694078 0.0547352 0.00160099 0.112181 0.0945721
0.13244 0.0369667 0.550172 0.0462439 0.0698942 0.0360362 0.128247
9.9982E-05 0.00698228 0.137519 9.9982E-05 0.0534502 0.721813 0.0800348
0.267534 9.9973E-05 0.468056 9.9973E-05 9.9973E-05 0.150504 0.113607
9.9964E-05 9.9964E-05 0.138457 9.9964E-05 9.9964E-05 0.748646 0.112498
9.9982E-05 0.0275946 0.664961 0.0113561 9.9982E-05 0.240981 0.0549067
0.184701 9.9982E-05 0.374254 9.9982E-05 0.0989613 0.199823 0.14206
0.0858706 9.9973E-05 0.492258 9.9973E-05 9.9973E-05 0.261461 0.16011
0.140601 9.9973E-05 0.424175 9.9973E-05 0.366754 9.9973E-05 0.0681694
0.136816 9.9991E-05 0.441609 0.029435 0.0506425 0.195493 0.145904
9.9982E-05 9.9982E-05 0.702533 0.02265 0.0290177 0.177369 0.0682304
0.102538 9.9982E-05 0.528187 0.029849 9.9982E-05 0.226999 0.112227
0.269437 0.0535445 9.9982E-05 0.255894 0.14188 0.279044 9.9982E-05
0.0441335 9.9982E-05 0.041955 0.00700877 9.9982E-05 0.825642 0.0810604
9.9964E-05 9.9964E-05 0.203256 9.9964E-05 9.9964E-05 0.7077 0.0886437
0.122093 0.012593 0.608806 9.9991E-05 0.00465249 0.136263 0.115493
0.0814562 0.0344956 0.480026 9.9982E-05 9.9982E-05 0.335818 0.0680048
9.9973E-05 9.9973E-05 0.587726 9.9973E-05 0.0724644 0.22197 0.11754
