9.9964E-05 0.891661 0.0661887 9.9964E-05 9.9964E-05 0.0417502 9.9964E-05
9.9964E-05 0.935564 9.9964E-05 0.00530912 9.9964E-05 9.9964E-05 0.0587265
9.9973E-05 0.808533 0.054452 9.9973E-05 0.113583 0.0231313 9.9973E-05
9.9973E-05 0.813416 0.0758014 9.9973E-05 0.0199259 0.090557 9.9973E-05
9.9973E-05 0.866412 9.9973E-05 0.0404078 0.042831 0.0500491 9.9973E-05
0.0979418 0.604941 0.0721899 9.9991E-05 0.0418959 0.0704781 0.112453
0.18122 0.779698 0.0386817 9.9964E-05 9.9964E-05 9.9964E-05 9.9964E-05
0.125101 0.71728 0.122133 9.9973E-05 9.9973E-05 0.035187 9.9973E-05
0.0280993 0.805974 0.0759543 9.99729E-05 9.99729E-05 9.99729E-05 0.0896729
0.140432 0.673968 9.9982E-05 0.035984 0.098351 0.0510651 9.9982E-05
0.150405 0.680099 0.144276 9.9973E-05 0.0249202 9.9973E-05 9.9973E-05
0.0246022 9.9982E-05 0.50806 9.9982E-05 0.198643 0.119661 0.148834
0.04166 0.0111627 0.40395 9.9991E-05 0.456615 0.0847266 0.00178541
0.0724616 0.0530234 0.459828 0.109355 0.236455 0.0658475 0.00302961
0.0575517 0.0393468 0.401836 0.0482409 0.274159 0.178766 9.9991E-05
0.0441916 0.110892 0.184208 0.0942071 0.387254 0.1611 0.0181474
0.011376 0.0447633 0.165874 0.0408521 0.560035 0.106101 0.0709984
0.105328 9.9982E-05 0.27215 9.9982E-05 0.447888 0.0683148 0.106118
0.0132292 0.141603 0.360027 9.9991E-05 0.310025 0.0655563 0.109459
0.135335 9.9973E-05 0.692889 9.9973E-05 9.9973E-05 0.108391 0.0630853
0.0223692 0.0177927 0.273584 0.0421944 0.393719 0.0691436 0.181197
0.243518 0.0159892 0.155071 0.102724 0.427879 0.0354394 0.0193803
0.0231427 0.046684 0.172069 0.0776629 0.572948 9.9991E-05 0.107393
0.0716806 0.0204609 0.344334 0.00289028 0.257726 0.0937647 0.209144
0.099546 0.05457 0.144489 0.0144701 0.5908 0.0690762 0.0270487
0.09887 9.9973E-05 0.261438 9.9973E-05 0.477497 0.161895 9.9973E-05
0.0516456 9.9991E-05 0.535088 0.0155795 0.115266 0.165685 0.116636
0.022225 9.9982E-05 0.454681 9.9982E-05 0.207418 0.205221 0.110255
0.161912 9.9982E-05 0.423895 0.0905279 0.270064 9.9982E-05 0.0534015
9.9964E-05 0.850921 9.9964E-05 9.9964E-05 0.127007 0.0216721 9.9964E-05
9.9955E-05 0.841249 9.9955E-05 9.9955E-05 0.158251 9.9955E-05 9.9955E-05
9.9973E-05 0.782864 9.9973E-05 9.9973E-05 0.189465 0.0170889 0.0102817
9.9964E-05 0.751641 9.9964E-05 9.9964E-05 0.218344 0.0296154 9.9964E-05
0.0101488 0.0395458 0.0785078 0.029895 0.601375 9.9991E-05 0.240427
9.9982E-05 0.0812885 0.0867313 9.9982E-05 0.488652 0.060643 0.282486
0.0123638 9.9982E-05 0.0529413 0.0950253 0.531271 9.9982E-05 0.308198
0.0621395 0.0500402 0.581431 0.00922915 0.210386 9.9991E-05 0.0866737
0.0141482 0.00989104 0.0142993 0.0435885 0.279119 0.0341905 0.604763
9.999E-05 0.0867038 0.0976196 0.0293297 0.524638 0.0257714 0.235838
0.0660612 0.0370626 9.9982E-05 0.00134366 0.69118 9.9982E-05 0.204152
0.187958 0.124686 0.0242036 9.9991E-05 0.555981 0.0119773 0.0950943
9.9991E-05 0.0966956 0.046527 0.0964092 0.582734 0.0265654 0.150969
0.0254611 0.0326992 0.120715 9.9991E-05 0.0845298 0.0104817 0.726013
0.295815 9.9973E-05 9.9973E-05 9.9973E-05 0.603639 0.0938118 0.00643465
0.0173181 0.0773599 9.9991E-05 0.164665 0.492751 0.0795351 0.16827
9.99822E-05 0.118121 9.99822E-05 0.14489 0.478486 0.0746111 0.183692
9.9964E-05 9.9964E-05 9.9964E-05 0.0224641 0.305827 9.9964E-05 0.671309
9.9982E-05 0.0637818 0.020911 9.9982E-05 0.539604 0.0561061 0.319397
9.9973E-05 0.111361 9.9973E-05 9.9973E-05 0.495147 0.121927 0.271264
0.194526 0.0352571 9.9973E-05 0.0498371 9.9973E-05 9.9973E-05 0.72008
0.107906 9.9991E-05 0.415301 0.0994201 0.157531 0.0114154 0.208326
0.325477 9.9991E-05 0.252231 0.0918849 0.068022 0.0300713 0.232213
0.108981 0.0954621 0.132211 0.0169174 0.600543 0.00945062 0.036435
0.119675 0.0621477 0.045488 0.124374 0.603493 0.0447219 9.9991E-05
0.0915167 0.0897922 0.00756836 0.119363 0.630039 0.0616202 9.9991E-05
0.0451611 0.0705685 0.334072 0.132897 0.144496 0.013294 0.259512
0.112895 0.0381269 0.179628 0.00290283 0.606657 9.9991E-05 0.05969
0.0440585 0.0406525 0.22602 0.072495 0.500729 0.113276 0.00276884
0.109995 0.0885964 0.231276 0.0774569 0.377403 0.0240243 0.0912488
0.191158 0.194303 0.282565 0.0057937 0.0880806 0.085569 0.15253
0.0278406 0.0671222 0.104751 0.0748197 0.585974 0.0227518 0.11674
9.9991E-05 0.101762 0.28285 0.08887 0.383157 0.0666113 0.0766492
0.137498 0.034709 0.558068 0.0712169 0.0112714 9.9991E-05 0.187136
9.9982E-05 9.9982E-05 0.249356 0.113579 0.509725 0.00541395 0.121725
0.0899227 9.9982E-05 9.9982E-05 0.121604 0.505928 0.157905 0.12444
0.120976 0.0955579 0.165223 9.9982E-05 0.608727 0.00931669 9.9982E-05
0.05044 0.0168508 0.333105 0.0501375 0.209681 0.130934 0.208852
0.138136 9.9991E-05 0.22737 0.0101761 0.456571 0.0804336 0.0872137
0.0454118 0.0854907 0.193341 0.113255 0.46068 0.0641565 0.037665
0.12138 9.9982E-05 0.429775 0.110673 0.255621 9.9982E-05 0.0823517
9.9964E-05 9.9964E-05 0.051477 9.9964E-05 0.497424 9.9964E-05 0.450699
9.9973E-05 0.0149563 0.0990878 9.9973E-05 0.177007 9.9973E-05 0.708649
0.0870427 0.0447337 0.102627 0.0113078 0.679595 9.9991E-05 0.0745942
0.154951 9.9964E-05 9.9964E-05 0.00899172 9.9964E-05 9.9964E-05 0.835657
9.9964E-05 9.9964E-05 0.0392042 0.117428 9.9964E-05 9.9964E-05 0.842968
9.9955E-05 9.9955E-05 9.9955E-05 9.9955E-05 0.295768 9.9955E-05 0.703732
9.9973E-05 9.9973E-05 0.106516 9.9973E-05 0.404841 0.0149522 0.473391
9.9982E-05 0.094755 9.9982E-05 0.236374 0.418934 0.0927009 0.157036
0.0439656 0.0164517 0.017184 0.0287827 0.446657 0.0299957 0.416963
9.9973E-05 9.9973E-05 0.178897 9.9973E-05 0.134991 0.0384932 0.647319
9.9973E-05 0.00288887 0.234726 9.9973E-05 0.252433 9.9973E-05 0.509652
0.00440708 0.120003 0.0625847 0.0225934 0.527853 0.0561647 0.206394
0.0289609 0.0285315 0.0408029 9.9991E-05 0.209455 0.0435483 0.648602
0.0325802 0.0579981 0.0518421 9.9982E-05 0.434756 9.9982E-05 0.422623
0.0829005 9.9973E-05 9.9973E-05 0.00651169 0.366994 9.9973E-05 0.543294
0.177957 9.9964E-05 9.9964E-05 0.113811 9.9964E-05 9.9964E-05 0.707832
0.0492214 0.059658 0.083965 0.0222423 0.54654 0.0915365 0.146837
9.9982E-05 0.772264 0.109946 0.00908149 0.0838888 0.0246196 9.9982E-05
9.9955E-05 0.902729 9.9955E-05 9.9955E-05 0.0967715 9.9955E-05 9.9955E-05
9.9964E-05 0.879056 9.9964E-05 9.9964E-05 0.0655294 0.0550148 9.9964E-05
0.0181532 0.932552 9.9964E-05 9.9964E-05 0.0488947 9.9964E-05 9.9964E-05
0.035429 0.868078 9.9964E-05 9.9964E-05 0.0960932 9.9964E-05 9.9964E-05
9.9973E-05 0.905305 9.9973E-05 0.0203915 0.0720999 0.00190334 9.9973E-05
0.0541905 0.891848 9.9964E-05 9.9964E-05 0.0535616 9.9964E-05 9.9964E-05
9.9982E-05 0.0833499 0.112617 9.9982E-05 0.531115 0.0433042 0.229414
0.0959356 0.0788835 0.0569409 9.9991E-05 0.582714 0.0847389 0.100687
9.9982E-05 0.0416838 0.113821 0.0492836 0.00405741 9.9982E-05 0.790954
0.0302283 0.155064 0.0326627 0.067138 0.621459 0.0310306 0.062417
9.9973E-05 9.9973E-05 0.154307 9.9973E-05 0.476566 0.00252035 0.366307
9.9982E-05 0.0715274 9.9982E-05 0.0917811 0.596451 0.013158 0.226883
0.0165767 0.0606211 0.0277622 0.123945 0.419704 0.0338203 0.31757
9.9964E-05 9.9964E-05 9.9964E-05 9.9964E-05 0.514602 0.0765437 0.408454
0.0448978 0.0467019 0.164449 9.9973E-05 9.9973E-05 9.9973E-05 0.743651
0.0579439 0.186545 9.9991E-05 0.077187 0.525181 0.0377396 0.115304
0.0721103 0.043389 0.00162537 0.0687922 0.663867 0.00610842 0.144108
0.0348543 0.0745553 0.0962931 0.0445879 0.530186 0.117667 0.101856
0.0284086 0.0202911 9.9982E-05 0.108361 0.32098 9.9982E-05 0.52176
0.0540317 9.9973E-05 9.9973E-05 0.0131065 0.521984 9.9973E-05 0.410577
0.0706731 0.0358485 0.0221837 0.0180083 0.4875 9.9991E-05 0.365687
9.9973E-05 9.9973E-05 9.9973E-05 0.00568908 0.275828 0.0949559 0.623227
9.9973E-05 0.115966 0.0334113 9.9973E-05 0.428573 9.9973E-05 0.421749
0.0209576 0.113383 0.0966852 9.9991E-05 0.488585 0.0765736 0.203716
0.160605 9.9991E-05 0.349241 0.14457 0.218434 0.0229065 0.104143
0.0949951 0.127002 0.230016 0.0202782 0.467221 0.0603884 9.9991E-05
0.0646349 0.10316 0.126259 0.0572131 0.557755 0.0438276 0.0471497
0.0933517 0.115713 0.0715714 0.0201176 0.583359 0.00853035 0.107357
0.0079413 0.0551638 0.303965 0.0917955 0.48049 9.9991E-05 0.0605442
0.0311747 9.9982E-05 0.277101 0.041545 0.617898 0.0320815 9.9982E-05
9.9982E-05 0.00862338 0.417597 0.0201023 0.530357 9.9982E-05 0.0231201
0.124942 0.0902447 0.237895 0.0104114 0.448356 0.0159267 0.0722245
0.132697 0.0222819 0.167098 9.9991E-05 0.539577 0.127994 0.0102521
0.0955876 0.0690048 0.150795 0.0620511 0.622361 9.9982E-05 9.9982E-05
9.9982E-05 0.0386939 0.261651 0.0319904 0.540345 9.9982E-05 0.12712
0.0530316 9.9991E-05 0.133048 0.037763 0.672205 0.00976966 0.0940827
0.0541197 0.0629681 0.0666737 0.0810108 0.540655 0.0999447 0.0946275
9.9982E-05 9.9982E-05 0.293699 0.024186 0.579125 0.0475961 0.055194
0.140524 0.123422 0.066285 0.0592778 0.539655 0.0707363 9.9991E-05
0.0613606 9.9991E-05 0.236533 0.0172608 0.609775 0.0476547 0.027316
0.133913 0.0760862 0.253098 0.112437 0.424265 9.9982E-05 9.9982E-05
0.0768092 0.00243779 0.111456 0.0582731 0.641709 0.0551157 0.054199
9.9973E-05 0.0116809 0.120891 0.0878796 0.779248 9.9973E-05 9.9973E-05
0.00900756 0.0208701 0.402356 0.106506 0.254569 0.0947006 0.111991
0.186958 0.031665 0.290745 0.246031 0.18573 0.0447885 0.0140822
0.183676 0.0178179 0.145299 9.9991E-05 0.572212 0.0523071 0.0285886
0.067548 9.9991E-05 0.28766 0.403795 0.0558356 0.0688777 0.116183
0.0355111 0.00876535 0.426578 0.0917419 0.292824 9.9991E-05 0.14448
0.0671569 9.9982E-05 0.288258 0.0864541 0.454247 9.9982E-05 0.103683
9.9982E-05 0.0167055 0.444847 0.0438039 0.329884 9.9982E-05 0.16456
0.0655011 0.0120447 0.445726 0.0420997 0.348218 9.9991E-05 0.0863105
9.9982E-05 0.0697084 0.139189 0.0651985 0.675351 9.9982E-05 0.0503525
0.0667496 0.0415405 0.0247673 0.112471 0.534512 0.129631 0.0903291
0.0259546 0.0427169 0.20779 0.105985 0.527831 9.9991E-05 0.089622
0.2014 9.9991E-05 0.329531 0.102777 0.141095 0.0680104 0.157087
0.00767205 0.194461 9.9982E-05 0.0586609 0.580807 9.9982E-05 0.158199
0.194216 9.9991E-05 0.0789157 0.0508934 0.535162 0.0565681 0.0841446
0.498848 0.0725657 0.11818 0.157087 9.9982E-05 9.9982E-05 0.153119
0.0433858 0.153027 9.9991E-05 0.0553838 0.603827 0.058323 0.0859539
0.214141 0.0764947 0.053434 0.125784 0.442001 0.00973522 0.0784102
0.165623 0.110015 0.0162224 0.0950384 0.413029 0.126687 0.0733844
0.430794 0.0203492 0.15864 0.00968891 0.28514 0.00691715 0.0884703
0.409938 0.0570915 0.133576 0.123511 0.226398 9.9991E-05 0.0493856
0.196391 0.0185508 0.121344 0.131025 0.439153 9.9991E-05 0.093437
0.169908 0.0986182 0.144428 0.0719532 0.38798 0.0993701 0.0277429
0.159383 0.140432 0.0646347 0.0770074 0.405463 0.0314134 0.121667
0.359352 0.00675071 0.110051 0.0864927 9.9991E-05 0.177514 0.259739
0.171601 9.9991E-05 0.10707 0.108863 0.417459 0.167085 0.0278236
0.318991 9.9982E-05 0.106675 0.0113949 0.39853 9.9982E-05 0.164209
0.20893 9.9982E-05 0.102579 0.0901439 0.517209 9.9982E-05 0.0809389
0.0131964 0.180878 9.9991E-05 0.0595803 0.521367 0.0370426 0.187835
0.264142 0.281936 9.9982E-05 9.9982E-05 0.168845 0.225644 0.0592333
0.387229 0.492035 9.9964E-05 9.9964E-05 9.9964E-05 0.120336 9.9964E-05
0.434359 0.390193 9.9973E-05 0.0103935 9.9973E-05 0.164755 9.9973E-05
0.268943 0.339691 9.9973E-05 9.9973E-05 0.0758705 0.315196 9.9973E-05
0.275819 9.9964E-05 9.9964E-05 9.9964E-05 0.684164 9.9964E-05 0.0396167
0.0820333 0.0768894 0.0640361 0.130709 0.559609 9.9991E-05 0.0866224
9.9973E-05 9.9973E-05 0.0171107 9.9973E-05 0.312578 0.658315 0.011696
9.9991E-05 0.00339551 0.0871731 0.0220399 0.445036 0.384249 0.058006
0.0537981 0.108765 0.0643018 0.0134085 0.416961 0.314869 0.027896
0.396323 9.9982E-05 0.00485513 0.150258 0.372607 9.9982E-05 0.075757
0.214944 0.0605949 9.9991E-05 0.0460672 0.531405 0.0709103 0.0759784
0.61756 9.9964E-05 9.9964E-05 0.14627 0.235771 9.9964E-05 9.9964E-05
0.215493 9.9982E-05 0.0592621 0.104759 0.552739 9.9982E-05 0.0675477
0.252343 9.9982E-05 0.00797021 0.0907962 0.532495 9.9982E-05 0.116195
0.291112 0.0147032 0.0404381 0.0910662 0.529154 0.0334263 9.9991E-05
0.505449 9.9973E-05 9.9973E-05 0.10595 0.210784 9.9973E-05 0.177518
0.0880425 0.0846674 0.00849945 0.0168069 0.670921 0.0494024 0.0816606
0.131357 0.0486968 0.0502004 0.0996524 0.62057 0.0252021 0.024321
9.9955E-05 9.9955E-05 9.9955E-05 9.9955E-05 9.9955E-05 0.981253 0.0182473
9.9964E-05 9.9964E-05 9.9964E-05 0.0568788 0.0499894 0.892732 9.9964E-05
9.9982E-05 9.9982E-05 0.0827742 0.0518431 0.161777 0.651918 0.0514885
9.9982E-05 0.0204535 0.0141785 0.00423049 0.327565 0.633372 9.9982E-05
9.9973E-05 9.9973E-05 0.00905093 9.9973E-05 0.114073 0.842202 0.0343742
9.995E-05 9.995E-05 9.995E-05 9.995E-05 9.995E-05 0.9994 9.995E-05
9.9964E-05 9.9964E-05 0.0227641 9.9964E-05 9.9964E-05 0.969695 0.007141
9.9955E-05 9.9955E-05 9.9955E-05 9.9955E-05 0.158141 0.841359 9.9955E-05
9.9955E-05 9.9955E-05 0.0577406 9.9955E-05 9.9955E-05 0.94176 9.9955E-05
9.995E-05 9.995E-05 9.995E-05 9.995E-05 9.995E-05 0.9994 9.995E-05
9.995E-05 9.995E-05 9.995E-05 9.995E-05 9.995E-05 0.9994 9.995E-05
9.9973E-05 0.0386418 0.0388205 9.9973E-05 0.139426 0.782811 9.9973E-05
0.0207011 0.0851936 0.035406 9.9982E-05 0.127287 0.731213 9.9982E-05
9.9955E-05 9.9955E-05 9.9955E-05 9.9955E-05 9.9955E-05 0.968009 0.0314913
9.9991E-05 0.0212288 0.100113 0.0282449 0.351153 0.390774 0.108386
9.9982E-05 0.0289424 0.036636 9.9982E-05 0.220106 0.692326 0.0217889
0.0303715 0.0361842 0.0442135 9.9982E-05 0.199088 0.689943 9.9982E-05
9.9964E-05 9.9964E-05 0.0468625 9.9964E-05 0.050705 0.902033 9.9964E-05
9.9964E-05 9.9964E-05 9.9964E-05 0.0160374 0.00502687 0.978536 9.9964E-05
9.9973E-05 0.0134725 0.0138067 9.9973E-05 0.0744397 0.897981 9.9973E-05
9.9955E-05 0.00516424 9.9955E-05 9.9955E-05 9.9955E-05 0.994336 9.9955E-05
9.9982E-05 0.0353928 0.1219 0.0360537 0.164016 0.642438 9.9982E-05
9.9982E-05 0.0334441 0.0437644 0.0147099 0.0709041 0.836977 9.9982E-05
0.65076 0.261311 9.9973E-05 9.9973E-05 9.9973E-05 0.0772618 0.0103674
0.248886 0.108418 0.10269 9.9991E-05 0.382117 0.101251 0.0565385
0.197536 0.216212 0.0190066 0.0666622 0.40959 0.0829301 0.00806324
0.503833 0.234698 9.9973E-05 9.9973E-05 0.207091 0.0540784 9.9973E-05
0.243866 0.0856512 0.101637 0.0295922 0.419776 0.101687 0.0177905
0.39995 0.212209 9.9991E-05 0.0094601 0.192333 0.121724 0.0642239
0.164813 0.158785 0.055206 0.0837592 0.480263 0.0570748 9.9991E-05
0.365139 0.086043 0.00411495 0.00640266 0.307545 0.203919 0.0268367
0.158284 0.156229 0.0214685 0.128807 0.369628 0.157563 0.00801931
0.364657 0.160698 9.9973E-05 9.9973E-05 0.271517 0.202828 9.9973E-05
0.20033 0.117545 0.0617612 9.9991E-05 0.492621 0.0225785 0.105064
0.0465527 0.850491 0.00975707 0.0510158 0.0419831 9.9982E-05 9.9982E-05
9.9964E-05 0.909955 9.9964E-05 0.0453023 9.9964E-05 0.0443428 9.9964E-05
0.017226 0.962438 0.0187001 9.9973E-05 9.9973E-05 9.9973E-05 0.00133566
9.9964E-05 0.958741 0.0388386 9.9964E-05 0.00202103 9.9964E-05 9.9964E-05
9.9964E-05 0.881512 0.0915644 9.9964E-05 9.9964E-05 0.0265237 9.9964E-05
9.9973E-05 0.89797 9.9973E-05 0.0438186 9.9973E-05 0.0518543 0.00605718
9.9973E-05 0.851085 9.9973E-05 9.9973E-05 0.0167427 0.090495 0.0413777
0.0515256 0.894674 9.9973E-05 0.0450334 9.9973E-05 9.9973E-05 0.00846711
9.9973E-05 0.897843 9.9973E-05 0.012413 0.0668893 9.9973E-05 0.022555
0.052025 0.881913 9.9964E-05 9.9964E-05 9.9964E-05 0.0656625 9.9964E-05
9.9964E-05 0.578386 0.229654 9.9964E-05 9.9964E-05 9.9964E-05 0.19156
9.9973E-05 0.56254 0.394765 9.9973E-05 9.9973E-05 0.0284758 0.0139193
0.143911 0.47952 0.314434 0.0192959 9.9982E-05 9.9982E-05 0.0426398
0.108246 0.446783 0.307968 9.9973E-05 9.9973E-05 9.9973E-05 0.136703
0.0124819 0.0163508 0.115339 0.11384 0.512255 9.9991E-05 0.229634
9.9991E-05 0.00514285 0.073688 0.116584 0.443184 0.069387 0.291914
0.00342747 0.00864889 0.159462 9.9991E-05 0.576009 0.0299345 0.222418
9.9982E-05 0.0294931 0.23885 0.157582 0.395737 9.9982E-05 0.178138
9.9982E-05 9.9982E-05 0.5935 0.0138246 0.147682 0.0217331 0.22306
0.0157088 0.0789574 0.0132416 0.0625543 0.62843 9.9991E-05 0.201008
9.9982E-05 9.9982E-05 0.120638 0.0187564 0.578474 0.00641722 0.275514
0.101843 0.0118109 0.0307784 0.0203059 0.523478 0.00717075 0.304612
9.9973E-05 9.9973E-05 9.9973E-05 0.012142 0.386754 0.0101355 0.590669
0.0794508 0.0333672 0.0690846 0.00649694 0.611828 0.0595757 0.140197
9.9982E-05 0.00325381 0.137391 0.0474138 0.384406 9.9982E-05 0.427336
0.0325931 9.9973E-05 0.140062 0.156994 9.9973E-05 9.9973E-05 0.670051
0.0181404 9.9991E-05 0.165039 0.0907543 0.419997 0.0687162 0.237253
0.0850511 0.00992862 0.00214809 0.139121 0.230731 0.0302152 0.502805
0.00590365 9.9982E-05 0.0270376 0.0464886 0.590658 9.9982E-05 0.329713
9.9982E-05 0.0215928 0.204803 0.0335719 0.0547364 9.9982E-05 0.685096
0.161292 0.107143 0.673135 9.9982E-05 0.0110046 9.9982E-05 0.0472249
0.163757 0.0866872 0.655194 9.9973E-05 0.0940624 9.9973E-05 9.9973E-05
0.0298217 0.00522087 0.847299 0.074987 0.0424717 9.9982E-05 9.9982E-05
0.049715 0.0926641 0.825831 9.9973E-05 9.9973E-05 9.9973E-05 0.0314895
0.0983844 9.9982E-05 0.765582 0.029351 0.0419762 0.0645064 9.9982E-05
0.0721573 0.0513503 0.744898 0.00466778 0.0665741 0.060253 9.9991E-05
9.9964E-05 0.868614 9.9964E-05 9.9964E-05 0.111348 0.0196381 9.9964E-05
9.9973E-05 0.809775 0.0899168 9.9973E-05 0.0969267 0.00308166 9.9973E-05
9.9982E-05 0.756131 0.0271499 0.0278598 0.0892263 0.0994327 9.9982E-05
9.9964E-05 0.744794 0.118242 9.9964E-05 9.9964E-05 0.136564 9.9964E-05
9.9973E-05 0.760041 0.0786923 9.9973E-05 0.112429 0.048537 9.9973E-05
0.0793235 0.337868 0.582409 9.9964E-05 9.9964E-05 9.9964E-05 9.9964E-05
0.0616156 0.458259 0.370938 0.100207 9.9982E-05 9.9982E-05 0.0087794
9.9973E-05 0.431245 0.441396 0.117769 9.9973E-05 0.0092892 9.9973E-05
9.9955E-05 0.839429 9.9955E-05 9.9955E-05 0.160071 9.9955E-05 9.9955E-05
0.0218451 0.371676 0.507184 0.0467242 9.9982E-05 9.9982E-05 0.0523706
0.167033 0.16402 9.9982E-05 0.0431117 0.212385 0.41325 9.9982E-05
0.0638496 0.0908465 0.0832008 9.9982E-05 0.517765 0.244138 9.9982E-05
9.9964E-05 0.143748 9.9964E-05 9.9964E-05 0.519196 0.336656 9.9964E-05
0.101029 0.252615 9.9991E-05 0.0515475 0.310741 0.228443 0.0555248
0.110908 0.188618 0.0583206 9.9991E-05 0.463503 0.163644 0.0149058
0.284309 0.415253 9.9973E-05 0.00347393 9.9973E-05 0.296664 9.9973E-05
0.0778915 9.9982E-05 0.312393 0.0603316 0.467629 9.9982E-05 0.0815554
0.158897 9.9982E-05 0.156337 0.278902 0.381148 9.9982E-05 0.0245167
0.0134062 0.0520474 0.531258 0.0526073 0.287085 0.0590112 0.00458424
0.073061 9.9982E-05 0.14878 0.364898 0.392997 9.9982E-05 0.0200646
0.295634 9.9973E-05 0.111675 0.402179 9.9973E-05 9.9973E-05 0.190212
0.0617921 0.0629694 0.152806 0.061129 0.536655 0.0739686 0.05068
0.00211362 0.0539777 0.161799 0.211876 0.490906 0.0341319 0.0451958
0.0399082 0.0790217 0.397691 0.0625993 0.379327 9.9991E-05 0.0413527
0.0424259 0.0873629 0.20477 0.0276637 0.520158 0.0382731 0.0793467
0.285279 9.9982E-05 0.269964 0.170234 0.111452 9.9982E-05 0.162871
0.137816 9.9991E-05 0.140521 0.222694 0.41057 0.0305262 0.0577725
0.0861791 9.9982E-05 0.296941 0.0421687 0.559776 0.014735 9.9982E-05
0.0629646 0.0719635 0.0719228 0.0574534 0.362167 0.234523 0.139005
0.0241038 9.9991E-05 0.287186 0.270537 0.375755 0.00575007 0.0365677
9.9982E-05 0.00216731 0.28962 0.164381 0.460134 9.9982E-05 0.0834971
0.102427 9.9991E-05 0.0908765 0.169617 0.428058 0.160085 0.0488367
0.0972498 0.0236264 0.152491 0.174208 0.528677 9.9991E-05 0.0236475
0.0532171 9.9991E-05 0.147932 0.0438299 0.678393 0.0372583 0.0392691
0.082929 9.9991E-05 0.250788 0.0645689 0.417067 0.105708 0.0788388
0.115036 0.0918179 0.130031 0.0729143 0.488566 0.100462 0.00117301
9.9964E-05 0.784194 9.9964E-05 9.9964E-05 0.129625 0.0857805 9.9964E-05
0.00522686 0.837019 9.9982E-05 9.9982E-05 0.0989489 0.0373264 0.0212785
0.0494065 0.74956 0.0305284 0.000974027 0.0433695 0.0171789 0.108983
9.9991E-05 0.829599 0.0439868 0.0189398 0.00265128 0.0163599 0.0883628
9.9973E-05 0.853627 9.9973E-05 9.9973E-05 0.124422 0.018909 0.00274277
0.0683769 9.9982E-05 0.637547 9.9982E-05 0.203819 0.0452482 0.0448091
0.0677513 0.0661565 0.0904972 0.151153 0.431541 0.074495 0.118405
0.238647 0.195149 9.9982E-05 9.9982E-05 0.361156 0.150795 0.0540528
0.062484 0.0159766 0.0996005 0.0277915 0.528865 0.10977 0.155513
9.9991E-05 0.00349427 0.229523 0.0960453 0.525658 0.031756 0.113424
0.149872 9.9982E-05 0.317101 0.195367 0.291884 0.0455756 9.9982E-05
0.160615 0.113605 0.567888 9.9982E-05 0.00308882 9.9982E-05 0.154603
9.9982E-05 0.0458084 0.305298 0.0452056 0.514704 9.9982E-05 0.0887835
0.0483035 0.0373108 0.512727 0.166549 0.138406 0.0671531 0.0295506
0.108579 0.039829 0.15459 0.0679567 0.395757 0.0696944 0.163594
9.9991E-05 0.113667 0.529296 0.167707 0.0862773 0.0297125 0.0732405
0.0726725 0.089156 0.202597 0.0319513 0.536597 0.0668611 0.000164748
0.0371629 0.0705853 0.508756 0.0911445 0.174749 0.0403846 0.0772168
0.114022 9.9991E-05 0.260202 0.0799731 0.321683 0.117839 0.106181
0.218388 9.9982E-05 0.1402 0.125462 0.459846 0.0559042 9.9982E-05
0.522356 9.9973E-05 0.0263587 0.100755 0.350231 9.9973E-05 9.9973E-05
0.280554 9.9964E-05 0.107337 9.9964E-05 0.611709 9.9964E-05 9.9964E-05
0.183122 0.162896 9.9973E-05 9.9973E-05 0.59733 9.9973E-05 0.0563517
0.489773 9.9973E-05 0.0986175 9.9973E-05 0.387837 9.9973E-05 0.023472
0.183023 0.0336591 0.088116 0.0644712 0.583549 0.0460506 0.00113091
0.250117 9.9982E-05 0.086956 0.0366224 0.554522 9.9982E-05 0.0715825
0.574823 9.9982E-05 0.100668 0.104909 0.102139 9.9982E-05 0.117261
0.608528 9.9973E-05 9.9973E-05 0.0884858 0.261974 9.9973E-05 0.0407121
0.338137 9.9973E-05 0.00174961 0.068509 0.591304 9.9973E-05 9.9973E-05
0.513816 9.9982E-05 0.0561751 0.101316 0.189837 9.9982E-05 0.138656
0.321275 9.9973E-05 0.164559 9.9973E-05 0.466752 9.9973E-05 0.0471135
0.0434093 9.9991E-05 0.623123 0.0110786 0.116549 0.0128798 0.19286
0.0541634 9.9973E-05 0.342373 0.328174 0.27499 9.9973E-05 9.9973E-05
9.9982E-05 9.9982E-05 0.439455 0.0810781 0.423721 0.0388712 0.0166742
0.0156282 9.9991E-05 0.212272 0.0562098 0.661224 0.0373488 0.0172168
0.0245426 9.9991E-05 0.460766 0.000354753 0.303295 0.0177929 0.193149
0.11997 0.0590399 0.144461 0.150423 0.525906 9.9982E-05 9.9982E-05
0.0591505 0.0864086 0.149765 0.0367146 0.59827 9.9991E-05 0.0695913
9.9991E-05 0.0462439 0.349687 0.0423254 0.512783 0.0479855 0.000874354
9.9982E-05 9.9982E-05 0.286864 0.147928 0.493495 0.0524775 0.0190348
9.9991E-05 0.0447865 0.283435 0.00870191 0.397133 0.0684982 0.197345
9.9982E-05 9.9982E-05 0.49668 0.0815577 0.210726 0.0687988 0.142038
0.0260143 9.9991E-05 0.376285 0.171374 0.302695 0.0794372 0.0440949
9.9982E-05 0.0352875 0.190209 0.11194 0.60477 0.0575936 9.9982E-05
0.0578655 0.0612251 0.207856 0.0861791 0.538576 0.0481978 9.9991E-05
0.127315 0.0123822 0.177457 0.205226 0.426989 0.0206409 0.0299889
9.9973E-05 9.9973E-05 0.223296 0.259072 0.468451 0.048881 9.9973E-05
0.0456824 0.0717581 0.403434 0.0479218 0.425678 0.00542621 9.9991E-05
9.9973E-05 9.9973E-05 0.232594 0.120416 0.621888 0.0248018 9.9973E-05
9.9973E-05 9.9973E-05 0.314579 0.0792357 0.522697 0.0831885 9.9973E-05
9.9991E-05 0.0329048 0.149069 0.172103 0.421999 0.161283 0.062541
0.15177 0.29499 0.0259353 9.9991E-05 0.403152 0.116177 0.0078757
0.0355907 0.16015 9.9991E-05 0.0588732 0.421842 0.22142 0.102024
0.092119 0.103859 0.0480765 0.0957777 0.461089 0.139301 0.0597782
0.0945805 0.0487774 0.0849047 9.9982E-05 0.656897 0.11464 9.9982E-05
0.0228537 0.209429 9.9982E-05 0.0803697 0.452636 0.234511 9.9982E-05
0.115363 9.9973E-05 0.245025 0.168615 0.470697 9.9973E-05 9.9973E-05
9.9991E-05 0.164962 0.0501941 0.0695476 0.539927 0.135405 0.0398638
0.449526 0.180679 9.9982E-05 0.0582343 9.9982E-05 0.158187 0.153173
0.0783658 0.10061 0.149943 0.0149829 0.54402 0.111978 9.9991E-05
0.0226473 0.0702944 0.0626141 0.0616763 0.519322 0.213072 0.0503745
0.0627164 0.0582168 0.0813914 0.101035 0.352235 0.283815 0.0605902
0.217576 0.188101 0.0720392 0.0520757 0.349605 0.0990434 0.0215586
0.0620863 0.175311 0.0453022 9.9982E-05 0.618549 0.0985514 9.9982E-05
0.0330749 0.130969 0.0140161 0.155079 0.548829 0.117932 9.9991E-05
0.368007 0.416236 9.9964E-05 9.9964E-05 9.9964E-05 0.215357 9.9964E-05
9.9973E-05 0.251759 9.9973E-05 9.9973E-05 0.437294 0.162504 0.148143
0.0701773 0.10512 9.9982E-05 0.0302441 0.532516 0.261742 9.9982E-05
0.0917849 0.131423 0.0114411 0.0314821 0.53737 0.121897 0.0746025
0.131388 0.0945784 9.9973E-05 9.9973E-05 0.570822 0.202912 9.9973E-05
0.0949948 0.177592 0.0178992 0.00565921 0.631212 0.0282508 0.0443921
9.9982E-05 9.9982E-05 0.0336751 0.419243 0.360608 0.0839915 0.102283
9.9991E-05 0.0910093 0.0272284 0.30858 0.544974 0.00703465 0.0210745
0.040931 9.9973E-05 0.104831 0.781623 9.9973E-05 9.9973E-05 0.072315
9.9955E-05 9.9955E-05 0.0380138 0.961486 9.9955E-05 9.9955E-05 9.9955E-05
9.9982E-05 0.0691186 0.0524189 0.411435 0.462674 9.9982E-05 0.00415401
0.115406 0.0889351 9.9982E-05 0.166043 0.320538 0.308878 9.9982E-05
0.0483588 0.0807116 9.9991E-05 0.21179 0.253358 0.374532 0.0311494
0.194092 0.191408 9.9982E-05 0.20156 0.135712 0.277028 9.9982E-05
0.00713202 0.197372 9.9982E-05 0.169578 0.367524 0.258194 9.9982E-05
0.12134 0.0890611 9.9982E-05 0.704755 0.03096 0.0536843 9.9982E-05
9.9973E-05 0.0990114 9.9973E-05 0.674025 0.15246 0.0742033 9.9973E-05
0.0104083 9.9982E-05 9.9982E-05 0.388034 0.461387 0.119158 0.0208131
9.9973E-05 0.0916114 9.9973E-05 0.389199 0.414624 0.104267 9.9973E-05
9.9973E-05 0.1026 9.9973E-05 0.683481 0.119665 0.0939541 9.9973E-05
0.0505145 0.0471898 0.0190626 0.266213 0.464837 0.110204 0.0419789
9.9973E-05 0.047116 9.9973E-05 0.39788 0.5027 0.0520041 9.9973E-05
0.0613879 0.0814305 0.171062 0.168672 0.353687 0.16366 9.9991E-05
0.0104111 0.0204045 0.10424 0.523061 0.341683 9.9982E-05 9.9982E-05
9.9982E-05 9.9982E-05 0.0688966 0.516821 0.299726 0.0846539 0.0297026
0.0445815 0.0530683 0.0618218 0.240774 0.462627 0.0145614 0.122566
0.0158796 0.102815 0.0709074 0.357193 0.387693 0.0179577 0.0475538
0.147184 0.00344151 0.128253 0.108619 0.333646 0.159499 0.119357
0.101897 9.9973E-05 0.00870721 0.449783 0.439313 9.9973E-05 9.9973E-05
9.9964E-05 9.9964E-05 0.0799138 0.751781 0.167905 9.9964E-05 9.9964E-05
9.9973E-05 9.9973E-05 9.9973E-05 0.37467 0.503968 0.0531176 0.0679443
9.9973E-05 9.9973E-05 0.00236473 0.727507 0.178299 9.9973E-05 0.0915297
0.0440459 0.0108025 9.9982E-05 0.513558 0.422017 0.00937671 9.9982E-05
0.000194041 0.10798 0.0235813 0.246375 0.564079 9.9991E-05 0.057691
0.0666043 0.00737932 9.9982E-05 0.342857 0.521487 9.9982E-05 0.0614725
0.0941315 0.0640166 0.0239092 0.132123 0.435499 0.178185 0.0721351
0.13332 0.142705 0.0290544 0.0973133 0.381036 0.169844 0.0467267
0.0674832 0.135326 0.0256826 0.103075 0.281448 0.332839 0.0541456
0.153645 0.0599842 0.108802 0.0653777 0.388509 0.223582 9.9991E-05
9.9991E-05 0.138282 0.075574 0.0614396 0.475018 0.18607 0.063517
0.0804652 0.155659 9.9991E-05 0.105364 0.451682 0.163306 0.0434225
0.0607028 0.195635 9.9973E-05 0.638141 9.9973E-05 0.105222 9.9973E-05
0.0796442 0.116838 0.0378632 0.0364728 0.509762 0.21932 9.9991E-05
0.159698 0.350802 9.9973E-05 0.359532 9.9973E-05 0.129669 9.9973E-05
9.9973E-05 0.0612259 9.9973E-05 0.322359 0.392224 0.223891 9.9973E-05
9.9964E-05 9.9964E-05 9.9964E-05 0.855597 0.0595624 9.9964E-05 0.0844409
9.9973E-05 0.00151644 0.0314001 0.965426 9.9973E-05 9.9973E-05 0.00135776
9.9973E-05 9.9973E-05 0.00471805 0.460793 0.48679 9.9973E-05 0.0473993
9.9973E-05 0.0731778 9.9973E-05 0.36436 0.542997 0.0191649 9.9973E-05
9.9964E-05 9.9964E-05 9.9964E-05 0.629972 0.345692 9.9964E-05 0.0239355
9.9955E-05 9.9955E-05 9.9955E-05 0.508192 0.491308 9.9955E-05 9.9955E-05
9.9955E-05 9.9955E-05 9.9955E-05 0.478102 0.521398 9.9955E-05 9.9955E-05
9.9964E-05 0.821359 9.9964E-05 0.0591039 0.119138 9.9964E-05 9.9964E-05
0.00762318 0.7134 0.148483 9.9982E-05 9.9982E-05 0.111171 0.0191225
9.9964E-05 0.883662 0.0811114 9.9964E-05 9.9964E-05 0.034827 9.9964E-05
9.9964E-05 0.947535 9.9964E-05 0.000155482 0.0519101 9.9964E-05 9.9964E-05
9.9973E-05 0.0593936 9.9973E-05 0.0602655 0.493335 9.9973E-05 0.386706
9.9973E-05 0.0664672 9.9973E-05 9.9973E-05 0.436395 0.0434879 0.45335
9.9964E-05 9.9964E-05 0.0958449 9.9964E-05 0.503153 9.9964E-05 0.400602
0.00822566 0.0643575 0.0691349 9.9982E-05 0.60171 9.9982E-05 0.256372
0.155777 0.0124041 0.0849882 9.9991E-05 0.48671 0.11055 0.14947
0.0607006 0.0206588 0.109326 0.0160627 0.200627 9.9991E-05 0.592524
9.9982E-05 9.9982E-05 0.00430533 0.0105582 0.574512 0.0515821 0.358843
0.123782 0.052704 9.9982E-05 0.0642717 0.28527 9.9982E-05 0.473772
9.9991E-05 0.29936 0.0767419 0.0157514 0.498047 0.103538 0.00646187
0.0284041 9.9991E-05 0.0267805 0.12389 0.429148 0.0472279 0.34445
9.9964E-05 9.9964E-05 0.119715 9.9964E-05 0.346352 9.9964E-05 0.533533
9.9973E-05 9.9973E-05 9.9973E-05 0.0445467 0.534251 0.00994658 0.410955
9.9982E-05 0.0246967 0.0184335 0.0543207 0.401599 9.9982E-05 0.50075
9.9973E-05 9.9973E-05 9.9973E-05 0.0582366 0.52122 0.07736 0.342883
9.9982E-05 0.110802 0.0247066 0.00265293 0.566101 9.9982E-05 0.295538
9.9955E-05 9.9955E-05 9.9955E-05 0.143461 9.9955E-05 9.9955E-05 0.856039
0.104534 9.9991E-05 0.0587327 0.104165 0.261434 0.0164679 0.454567
9.9982E-05 0.0125047 0.023112 0.100906 0.329065 9.9982E-05 0.534212
0.0771637 9.9964E-05 9.9964E-05 0.0576704 9.9964E-05 9.9964E-05 0.864766
9.9982E-05 0.0405779 0.11753 0.014112 0.451711 9.9982E-05 0.375869
0.30018 9.9964E-05 9.9964E-05 9.9964E-05 0.157262 9.9964E-05 0.542157
0.135205 9.9964E-05 9.9964E-05 0.144367 9.9964E-05 9.9964E-05 0.720028
9.9982E-05 0.0578527 9.9982E-05 0.0614523 0.545486 0.0138469 0.321162
9.9991E-05 0.00547852 0.0833846 0.0273385 0.230917 0.014369 0.638413
0.00410967 9.9982E-05 0.0996454 9.9982E-05 0.394697 0.0784329 0.422916
9.9982E-05 0.132527 9.9982E-05 0.0277222 0.546069 0.0647119 0.22877
9.9973E-05 0.0143002 0.0148071 9.9973E-05 0.541395 9.9973E-05 0.429198
0.193276 9.9982E-05 0.245238 0.237993 0.2882 0.035093 9.9982E-05
9.9982E-05 9.9982E-05 0.0241322 0.095922 0.486117 0.0418571 0.351772
9.9982E-05 0.0332763 0.0878442 9.9982E-05 0.441943 0.0374165 0.39932
0.0332787 9.9973E-05 0.0155008 9.9973E-05 0.28183 9.9973E-05 0.66909
0.0619215 0.0659169 0.10508 0.125735 0.47037 0.0370933 0.133883
0.0401504 0.668978 0.279315 9.9973E-05 9.9973E-05 9.9973E-05 0.0112562
0.0592895 0.723268 0.114869 9.9991E-05 0.0155404 0.0364695 0.0504634
0.0600596 0.803175 0.136365 9.9964E-05 9.9964E-05 9.9964E-05 9.9964E-05
9.9964E-05 0.817497 0.133291 0.0488125 9.9964E-05 9.9964E-05 9.9964E-05
0.026626 0.689751 0.232885 9.9982E-05 0.0136741 9.9982E-05 0.0368643
9.9982E-05 0.030925 0.168706 9.9982E-05 0.126712 0.0496747 0.623783
0.0169886 0.0596779 0.106523 0.00217251 0.159242 9.9991E-05 0.655296
0.0635445 9.9982E-05 9.9982E-05 0.0293316 0.124289 0.0130073 0.769627
9.9982E-05 0.0844752 0.0556324 9.9982E-05 0.618419 0.0155148 0.225758
9.9991E-05 0.143595 0.0415004 0.044423 0.463498 0.0289892 0.277895
0.0428842 0.0712747 9.9991E-05 0.0238729 0.320888 0.00563668 0.535343
0.0266066 9.9991E-05 0.0313833 0.0860043 0.541758 0.0708289 0.243319
0.0438121 0.0673561 9.9982E-05 9.9982E-05 0.41611 0.00149499 0.471027
0.0756152 0.0387903 0.0479772 0.0145636 0.593606 9.9991E-05 0.229348
0.0548379 0.00094873 9.9982E-05 9.9982E-05 0.501371 0.0942715 0.348371
9.9982E-05 0.00770914 0.137278 9.9982E-05 0.263935 0.027713 0.563165
9.9964E-05 9.9964E-05 0.0645097 9.9964E-05 0.399168 9.9964E-05 0.535922
9.9964E-05 9.9964E-05 0.149157 9.9964E-05 0.328121 9.9964E-05 0.522323
0.29293 0.0297588 0.03799 9.9973E-05 0.639021 9.9973E-05 9.9973E-05
9.9964E-05 9.9964E-05 9.9964E-05 0.014131 0.430549 9.9964E-05 0.55492
0.0494091 9.9982E-05 0.123121 9.9982E-05 0.425146 0.0578383 0.344285
0.0967657 0.0113 0.0206508 9.9991E-05 0.364161 0.43486 0.0721624
0.0370605 0.0465158 9.9982E-05 0.150597 0.332479 0.433148 9.9982E-05
0.0509543 0.149698 9.9982E-05 0.0283398 0.312411 0.458397 9.9982E-05
0.0961747 0.0934366 9.9973E-05 9.9973E-05 0.359289 0.4508 9.9973E-05
9.9982E-05 0.139725 0.0761798 0.0605731 0.430885 0.292438 9.9982E-05
0.166367 0.0297046 9.9982E-05 9.9982E-05 0.432192 0.0654796 0.306056
0.118729 0.212542 9.9973E-05 9.9973E-05 0.0292531 0.639176 9.9973E-05
9.9982E-05 0.19092 9.9982E-05 0.0739554 0.305599 0.4076 0.0217256
0.134858 0.106586 0.037287 0.0450396 0.454213 0.170057 0.0519589
0.262995 0.169889 0.0247554 9.9973E-05 0.542061 9.9973E-05 9.9973E-05
0.344317 0.125685 0.0215667 9.9982E-05 0.479526 9.9982E-05 0.0287057
0.307052 0.0666075 0.0278916 9.9982E-05 0.57339 0.0248583 9.9982E-05
0.187752 0.100819 0.0428047 0.0463373 0.578994 0.020907 0.0223858
9.9964E-05 0.250819 9.9964E-05 9.9964E-05 0.264838 0.483943 9.9964E-05
9.9982E-05 0.0929102 0.0842784 9.9982E-05 0.324107 0.43618 0.0623249
9.9964E-05 0.115382 9.9964E-05 9.9964E-05 0.414433 0.469785 9.9964E-05
9.9991E-05 0.127251 0.0780338 0.107538 0.36122 0.286408 0.0394491
0.0930962 0.0776509 0.00273546 9.9991E-05 0.229538 0.563479 0.0334011
0.0544694 0.120622 9.9991E-05 0.0625151 0.399596 0.356629 0.00606778
0.000484036 0.142651 9.9982E-05 0.103502 0.225112 0.528052 9.9982E-05
9.9991E-05 0.07947 0.0581048 0.0405253 0.380383 0.437486 0.0039305
0.409998 0.0479031 9.9982E-05 9.9982E-05 0.523792 0.0147374 0.00336958
0.0182509 0.208228 0.0407448 9.9991E-05 0.384361 0.264221 0.0840942
0.0471064 0.141617 9.9973E-05 9.9973E-05 0.203844 0.607133 9.9973E-05
0.0348293 0.0999593 0.135268 0.0440574 0.231823 0.395065 0.0589983
0.465263 0.0653369 0.200547 9.9982E-05 0.2629 9.9982E-05 0.00575226
0.323439 9.9982E-05 0.00301733 9.9982E-05 0.56542 0.0752326 0.0326916
9.9991E-05 0.152925 0.0300057 0.137791 0.38074 0.258668 0.0397705
0.236516 0.0513289 0.0323403 9.9973E-05 0.679515 9.9973E-05 9.9973E-05
0.181734 0.203168 0.0144636 9.9982E-05 0.509716 9.9982E-05 0.0907194
0.105179 0.12349 0.0466937 0.0202832 0.284534 0.222698 0.197122
0.0195597 0.245235 0.00668521 0.0942801 0.342151 0.269374 0.0227146
0.140749 0.0683365 0.0973348 0.0233161 0.492443 0.177721 9.9991E-05
0.057769 0.095388 9.9982E-05 9.9982E-05 0.379374 0.338135 0.129135
0.033096 0.0594743 9.9991E-05 0.0307364 0.359463 0.482396 0.0347347
0.0408368 0.170462 9.9982E-05 0.0249978 0.200644 0.562859 9.9982E-05
0.205092 0.0981636 0.00548105 0.0882129 0.587202 0.0157486 9.9991E-05
0.320318 0.0424764 0.101439 9.9982E-05 0.48198 9.9982E-05 0.0535868
0.640599 0.0911602 9.9982E-05 0.0659938 0.143738 0.0583092 9.9982E-05
0.145101 0.0563302 0.0736446 0.0354632 0.609211 0.0801496 9.9991E-05
0.147635 0.114248 0.227007 0.0587929 0.404194 9.9991E-05 0.0480233
0.141711 0.210215 9.9991E-05 0.041781 0.432182 0.0876611 0.0863507
0.123065 0.0931655 0.0153403 0.111402 0.563017 0.0420925 0.0519183
0.551903 0.246576 9.9964E-05 9.9964E-05 9.9964E-05 0.201121 9.9964E-05
0.663766 0.186021 9.9964E-05 9.9964E-05 9.9964E-05 0.149813 9.9964E-05
0.356495 0.120365 0.0630981 9.9991E-05 0.308264 0.115645 0.0360327
0.443132 0.283442 9.9982E-05 0.0187541 0.0736628 0.180809 9.9982E-05
0.413608 0.358537 9.9964E-05 9.9964E-05 9.9964E-05 0.227455 9.9964E-05
0.165952 0.166047 0.0146977 0.156118 0.362267 0.112071 0.0228475
0.161743 0.190791 9.9982E-05 0.129449 0.368843 0.148974 9.9982E-05
0.352771 0.203674 0.0519088 9.9991E-05 0.178422 0.199992 0.0131312
0.47869 0.248355 9.9991E-05 0.0156895 0.0648453 0.184751 0.00756977
0.190389 0.131571 9.9991E-05 0.11195 0.396631 0.144885 0.0244739
0.403447 0.159355 0.0471693 9.9991E-05 0.157972 0.136323 0.0956342
0.572981 0.391834 9.9964E-05 9.9964E-05 9.9964E-05 0.0347842 9.9964E-05
0.151022 0.0951927 0.00519119 0.0229767 0.564387 0.161131 9.9991E-05
0.262389 0.149878 0.0237146 0.00906352 0.392778 0.161476 0.000701026
0.0105788 0.315713 0.0822966 9.9982E-05 0.399339 0.191872 9.9982E-05
0.0389953 0.189623 9.9973E-05 9.9973E-05 0.547998 0.223084 9.9973E-05
9.9982E-05 0.170402 9.9982E-05 0.00448913 0.495585 0.207536 0.121788
0.0128726 0.131129 0.0837786 0.0197936 0.475399 0.276928 9.9991E-05
0.0399446 0.33248 0.0642654 9.9982E-05 0.331106 0.232004 9.9982E-05
0.065443 0.199789 9.9982E-05 0.0578782 0.558783 0.117907 9.9982E-05
9.9973E-05 0.246443 9.9973E-05 9.9973E-05 0.387299 0.261181 0.104777
0.0959173 0.245571 0.0324408 0.0385275 0.346705 0.240739 9.9991E-05
0.02033 0.144922 0.0472719 0.0566615 0.245139 0.200041 0.285634
0.0499761 0.222917 0.00301912 0.012317 0.547 0.0190446 0.145726
0.0603674 0.100671 0.139159 0.0371602 0.49599 0.166552 9.9991E-05
9.9991E-05 0.084234 0.0302742 0.0835262 0.56114 0.123672 0.117054
0.0857077 0.300112 9.9973E-05 9.9973E-05 0.388537 0.225343 9.9973E-05
0.0679331 0.23438 9.9973E-05 9.9973E-05 0.584783 0.112604 9.9973E-05
0.245144 0.339094 9.9991E-05 0.00202787 0.182044 0.196757 0.0348334
9.9982E-05 0.145564 0.0821512 0.0767839 0.470833 0.224469 9.9982E-05
0.139692 0.24878 9.9982E-05 0.0804324 0.165248 0.365647 9.9982E-05
0.040437 0.773663 0.129126 9.9973E-05 9.9973E-05 9.9973E-05 0.0564738
0.0049858 0.119572 0.738612 9.9973E-05 0.136531 9.9973E-05 9.9973E-05
9.9955E-05 0.0156677 0.983833 9.9955E-05 9.9955E-05 9.9955E-05 9.9955E-05
9.995E-05 9.995E-05 0.9994 9.995E-05 9.995E-05 9.995E-05 9.995E-05
9.9955E-05 9.9955E-05 0.991455 9.9955E-05 9.9955E-05 0.00804551 9.9955E-05
9.9955E-05 9.9955E-05 0.934522 9.9955E-05 0.0649785 9.9955E-05 9.9955E-05
9.9955E-05 9.9955E-05 0.88787 9.9955E-05 0.11163 9.9955E-05 9.9955E-05
9.9955E-05 0.0248429 0.974657 9.9955E-05 9.9955E-05 9.9955E-05 9.9955E-05
9.9955E-05 0.248117 0.751384 9.9955E-05 9.9955E-05 9.9955E-05 9.9955E-05
0.0538725 0.892572 0.0231589 9.9982E-05 0.0248488 0.00534806 9.9982E-05
9.9973E-05 0.773644 0.126127 0.0458739 0.0540545 9.9973E-05 9.9973E-05
0.026301 0.882957 0.00719987 9.9991E-05 0.0388844 0.0244281 0.0201294
0.0729477 0.804648 0.0802834 9.9973E-05 0.0418212 9.9973E-05 9.9973E-05
9.9973E-05 0.880977 0.0609258 9.9973E-05 9.9973E-05 0.042016 0.0157809
9.9964E-05 0.897882 0.0685905 0.0331281 9.9964E-05 9.9964E-05 9.9964E-05
9.9982E-05 0.724949 0.119564 0.0113982 0.0267647 0.117124 9.9982E-05
0.00530475 0.839954 0.0275119 0.022529 0.0210305 0.0835695 9.9991E-05
9.9973E-05 0.707829 0.185299 9.9973E-05 9.9973E-05 0.0542442 0.0523278
9.9964E-05 0.878609 9.9964E-05 9.9964E-05 9.9964E-05 0.0753555 0.0456357
0.00266127 0.939577 9.9964E-05 0.0573622 9.9964E-05 9.9964E-05 9.9964E-05
0.0381784 0.784607 0.0273332 0.034096 0.00989979 0.0940597 0.0118257
0.0329099 0.929871 0.00689322 9.9982E-05 0.00808918 0.0220363 9.9982E-05
0.0771792 0.876055 9.9982E-05 0.00657941 0.0319612 0.00802536 9.9982E-05
9.9982E-05 0.83508 9.9982E-05 0.00200332 0.0250451 0.0773848 0.0602866
0.00187223 0.832668 9.9973E-05 0.00456263 0.160597 9.9973E-05 9.9973E-05
9.9964E-05 0.751332 9.9964E-05 9.9964E-05 0.101707 0.146561 9.9964E-05
9.9964E-05 0.783791 9.9964E-05 9.9964E-05 0.122807 0.0930025 9.9964E-05
9.9982E-05 0.79878 9.9982E-05 0.0219763 0.112726 0.0632971 0.00302149
0.351215 0.0915357 0.0456692 9.9982E-05 0.49387 9.9982E-05 0.0175101
0.250296 0.0409674 9.9973E-05 9.9973E-05 0.638983 9.9973E-05 0.0694534
0.0141327 0.13254 0.1161 0.0986162 0.551311 0.0568686 0.0304317
0.731816 9.9973E-05 9.9973E-05 0.0517092 0.197717 9.9973E-05 0.018457
0.271875 0.0732009 0.116466 9.9991E-05 0.527318 0.00329815 0.00774123
0.816831 0.0431498 9.9964E-05 9.9964E-05 0.13962 9.9964E-05 9.9964E-05
0.301466 0.0203892 9.9982E-05 9.9982E-05 0.554885 0.0744395 0.0486204
0.289602 0.0330283 0.113577 9.9982E-05 0.441702 9.9982E-05 0.12189
0.317506 0.0334865 0.0486819 9.9991E-05 0.491253 0.0263965 0.0825765
9.9982E-05 0.0865877 9.9982E-05 0.0675245 0.497269 0.00573648 0.342682
0.321982 0.0220455 0.129693 9.9982E-05 0.497456 9.9982E-05 0.0286231
0.186101 0.0648952 0.102393 9.9982E-05 0.630252 0.0161586 9.9982E-05
0.182214 0.0541288 0.110159 9.9982E-05 0.604345 9.9982E-05 0.0489534
0.0491998 9.9991E-05 0.549674 0.231172 0.0301277 0.0662161 0.0735098
0.818336 9.9964E-05 0.0517123 0.129552 9.9964E-05 9.9964E-05 9.9964E-05
0.771637 9.9964E-05 0.0424468 9.9964E-05 0.185517 9.9964E-05 9.9964E-05
0.233129 0.0549601 0.0409457 9.9973E-05 0.670665 9.9973E-05 9.9973E-05
0.350022 0.108393 0.0088578 9.9973E-05 0.532427 9.9973E-05 9.9973E-05
0.252868 0.0695887 9.9973E-05 9.9973E-05 0.579635 9.9973E-05 0.0976078
0.132638 0.0673761 9.9991E-05 0.15678 0.548 0.0487985 0.0463075
