0.876089 0.0927791 0.0074208 9.9973E-05 0.0234109 9.9973E-05 9.9973E-05
0.937195 0.0148839 0.0475217 9.9964E-05 9.9964E-05 9.9964E-05 9.9964E-05
0.829778 0.000644338 9.9964E-05 9.9964E-05 9.9964E-05 0.169178 9.9964E-05
0.807945 0.0957331 9.9973E-05 9.9973E-05 0.0703176 0.0257044 9.9973E-05
0.839484 0.0048896 9.9973E-05 9.9973E-05 0.0639256 9.9973E-05 0.0914008
0.540269 0.0294347 0.0481404 0.291102 0.0908544 9.9982E-05 9.9982E-05
0.79655 0.0133661 9.9964E-05 0.189684 9.9964E-05 9.9964E-05 9.9964E-05
0.650421 0.0648067 9.9964E-05 0.284372 9.9964E-05 9.9964E-05 9.9964E-05
0.836121 0.0688631 0.0078732 9.99729E-05 9.99729E-05 9.99729E-05 0.0868431
0.685168 9.9973E-05 9.9973E-05 0.198242 0.0781625 0.0381274 9.9973E-05
0.701634 0.00513405 9.9964E-05 0.292832 9.9964E-05 9.9964E-05 9.9964E-05
9.9991E-05 0.402592 0.27597 0.0532667 0.0896607 0.168979 0.00943137
0.0140183 0.242186 0.0398941 0.0467563 0.0369696 0.620076 9.9991E-05
0.0345831 0.350073 0.101485 0.0390342 0.0710415 0.275594 0.128189
0.0100233 0.345451 0.0772002 0.0622403 0.138923 0.275489 0.0906732
0.15197 0.162385 0.0945151 0.0903781 0.0995963 0.401056 9.9991E-05
9.9991E-05 0.0690097 0.00741883 0.153268 0.161316 0.557365 0.0515225
9.9982E-05 0.143368 0.155911 0.151072 0.114495 0.434954 9.9982E-05
0.16019 0.210229 0.255239 9.9982E-05 0.107991 0.266152 9.9982E-05
9.9982E-05 0.536057 0.141315 0.148421 0.0955275 9.9982E-05 0.0784785
0.019393 0.203211 0.174653 0.0357588 0.0854878 0.389212 0.0922842
0.0339816 0.154504 0.0179232 0.106959 0.00369313 0.504308 0.178631
0.049619 0.16706 0.106742 0.087861 9.9991E-05 0.527842 0.0607762
9.9991E-05 0.280544 0.257595 0.0903243 0.0966739 0.252685 0.0220781
0.0634711 0.0469326 0.0668012 0.168475 0.0398036 0.614417 9.9991E-05
9.9982E-05 0.103964 0.122935 0.25126 0.129883 0.391758 9.9982E-05
9.9982E-05 0.442251 0.231537 0.0181296 0.158888 0.148995 9.9982E-05
9.9973E-05 0.415538 0.208993 9.9973E-05 0.245235 0.129934 9.9973E-05
0.0090997 0.370224 0.0740989 0.0517655 0.00961099 0.279399 0.205801
0.846397 9.9964E-05 9.9964E-05 9.9964E-05 0.0227167 0.130486 9.9964E-05
0.833811 9.9955E-05 9.9955E-05 9.9955E-05 9.9955E-05 0.165689 9.9955E-05
0.772634 9.9973E-05 0.0434722 9.9973E-05 0.0808036 0.10279 9.9973E-05
0.733594 9.9973E-05 0.0490164 9.9973E-05 0.0796051 0.137485 9.9973E-05
0.0410017 0.0828719 0.2628 0.0559347 9.9991E-05 0.514029 0.0432621
0.0662 0.0618319 0.305294 0.0668037 0.140908 0.351185 0.00777837
0.054043 9.9964E-05 0.395658 9.9964E-05 9.9964E-05 0.549899 9.9964E-05
0.0915743 0.576217 0.067252 9.9991E-05 0.0429512 0.163591 0.0583149
0.00834401 9.9973E-05 0.654115 9.9973E-05 9.9973E-05 0.304733 0.0325076
0.00368013 0.150235 0.202769 9.9991E-05 0.0348767 0.602715 0.00562401
9.9973E-05 9.9973E-05 0.225938 0.0579282 9.9973E-05 0.691104 0.0247302
0.0258765 0.0245766 0.0799476 0.415381 0.0486448 0.405474 9.9991E-05
0.120016 9.9973E-05 0.0556677 0.208698 9.9973E-05 0.615318 9.9973E-05
0.0650105 0.0653611 0.758035 0.00409546 0.00667639 0.100721 9.9991E-05
9.9973E-05 0.0293953 9.9973E-05 0.417101 0.0555366 0.497667 9.9973E-05
0.0445108 9.9991E-05 0.237271 0.0987497 0.107563 0.419448 0.0923586
0.0931293 0.0417271 0.19193 0.0768227 0.0965967 0.499695 9.9991E-05
9.9964E-05 9.9964E-05 0.568278 9.9964E-05 9.9964E-05 0.312 0.119323
0.0273798 9.9973E-05 0.338484 9.9973E-05 0.0276231 0.606213 9.9973E-05
0.13252 9.9982E-05 0.209725 0.100987 0.121235 0.435332 9.9982E-05
0.0518747 9.9973E-05 0.649404 0.0137337 9.9973E-05 9.9973E-05 0.284687
9.9982E-05 0.339939 0.332928 0.150388 9.9982E-05 0.127367 0.0491778
9.9991E-05 0.176987 0.203017 0.241355 0.0759855 0.0287106 0.273845
0.138034 0.0788222 0.0500374 0.0349076 0.0260314 0.561093 0.111074
0.0575519 0.0393271 9.9991E-05 0.116729 0.021025 0.663563 0.101704
0.0575002 0.0627275 0.000818405 0.0858148 0.0926607 0.508575 0.191904
0.073888 0.322958 0.266628 0.112472 9.9991E-05 0.122305 0.101649
0.00185198 0.225989 0.00792426 0.0880187 9.9991E-05 0.589398 0.0867181
0.0479105 0.135828 0.119714 9.9991E-05 0.110384 0.435164 0.150901
0.13181 0.135447 0.245877 0.182252 0.0126212 0.291892 9.9991E-05
0.162036 0.274339 0.185232 0.144066 0.0977527 9.9991E-05 0.136474
0.0210549 0.163471 0.207806 0.0205899 0.114617 0.457878 0.0145842
0.0651466 0.187004 0.10719 9.9982E-05 9.9982E-05 0.401606 0.238853
0.0410924 0.466871 0.264392 0.109102 9.9982E-05 9.9982E-05 0.118342
9.9982E-05 0.184008 0.156241 0.000603429 9.9982E-05 0.509145 0.149803
0.0213506 9.9991E-05 0.0617294 0.0594015 0.0843782 0.575561 0.197479
0.0844267 0.127695 0.123296 0.0833802 0.0675101 0.471114 0.0425775
0.0243469 0.20575 0.197377 0.0905987 0.0879612 0.202246 0.19172
9.9991E-05 0.180722 0.0703948 0.0875474 0.0229512 0.460469 0.177815
0.134201 0.103727 0.0442718 0.0266826 0.0115345 0.596513 0.0830703
0.010683 0.334834 0.115076 0.0490022 9.9991E-05 0.240541 0.249764
9.9973E-05 0.0327583 0.431227 9.9973E-05 0.0036781 0.532036 9.9973E-05
0.0211624 0.0377759 0.781391 9.9973E-05 9.9973E-05 0.159371 9.9973E-05
0.0686505 0.127164 0.165966 9.9991E-05 0.0477961 0.505467 0.0848567
9.9964E-05 9.9964E-05 0.847963 0.00480884 9.9964E-05 9.9964E-05 0.146829
9.9964E-05 0.0285074 0.820798 9.9964E-05 9.9964E-05 9.9964E-05 0.150295
9.9973E-05 9.9973E-05 0.731936 9.9973E-05 0.0349744 0.228008 0.00478161
9.9973E-05 0.0550763 0.544288 0.00719318 9.9973E-05 0.393142 9.9973E-05
0.153845 0.0744475 0.0524204 0.0646922 0.0572542 0.556324 0.0410165
0.0653331 9.9973E-05 0.512694 9.9973E-05 0.0327167 0.388956 9.9973E-05
9.9973E-05 0.160868 0.66881 9.9973E-05 0.0770909 0.0929313 9.9973E-05
0.0248845 0.238744 0.545493 0.0223668 0.0385785 0.129833 9.9991E-05
0.100089 0.0606518 0.203475 0.0362729 0.062555 0.438276 0.0986797
0.019688 0.0155021 0.707093 0.00892481 0.0614417 0.187251 9.9991E-05
0.0659404 0.0285409 0.538007 0.00445735 9.9982E-05 0.362854 9.9982E-05
9.9964E-05 9.9964E-05 0.513633 0.0302408 9.9964E-05 0.455727 9.9964E-05
0.0124456 0.0274461 0.694139 0.0119426 0.0390765 9.9991E-05 0.214851
9.9982E-05 9.9982E-05 0.251901 0.0770513 0.0346004 0.565126 0.0711218
0.790419 0.0665429 9.9964E-05 9.9964E-05 9.9964E-05 0.142638 9.9964E-05
0.906994 9.9955E-05 9.9955E-05 9.9955E-05 9.9955E-05 0.0925059 9.9955E-05
0.860933 0.00919026 9.9973E-05 0.00114448 9.9973E-05 0.128432 9.9973E-05
0.934662 9.9964E-05 9.9964E-05 9.9964E-05 9.9964E-05 0.0640083 0.000930229
0.867009 9.9973E-05 9.9973E-05 0.00333005 9.9973E-05 0.118552 0.0108091
0.893623 9.9973E-05 9.9973E-05 0.00759914 9.9973E-05 0.0927823 0.00569583
0.902086 0.000941185 9.9982E-05 0.0157688 0.0422401 0.0387642 9.9982E-05
0.103191 0.0504214 0.284069 0.0318603 0.066008 0.409085 0.0553657
0.125128 9.9982E-05 0.250644 0.0277162 0.00486045 0.591452 9.9982E-05
0.0151237 0.0552473 0.87248 9.9982E-05 9.9982E-05 0.0461874 0.010762
0.077393 0.0554261 0.121164 0.117495 0.0473597 0.504417 0.0767459
0.0455875 0.0687365 0.461623 0.065413 9.9982E-05 0.35844 9.9982E-05
0.0445599 9.9964E-05 0.384063 9.9964E-05 9.9964E-05 0.570977 9.9964E-05
0.0870452 0.0316819 0.209515 0.0864786 9.9982E-05 0.58508 9.9982E-05
9.9964E-05 9.9964E-05 0.535102 9.9964E-05 0.105142 0.359357 9.9964E-05
0.0325158 0.142737 0.795823 0.0216448 9.9982E-05 9.9982E-05 0.00707955
0.11079 0.0783559 0.217352 0.0425495 0.0259247 0.524928 9.9991E-05
0.0673531 0.0237539 0.250081 0.0776324 0.0229718 0.558108 9.9991E-05
0.101346 0.0263545 0.165755 9.9991E-05 0.0247869 0.588507 0.0931498
9.9982E-05 9.9982E-05 0.473988 0.0138955 0.0114444 0.291993 0.208478
0.0245687 9.9991E-05 0.373992 0.0402425 0.0136359 0.501209 0.0462519
0.0472805 0.0468683 0.450901 0.0116712 0.0141048 0.429075 9.9991E-05
9.9982E-05 9.9982E-05 0.697965 0.00761299 0.157117 0.133197 0.00390786
9.9973E-05 0.105271 0.434308 0.0465335 9.9973E-05 0.413588 9.9973E-05
0.0677851 0.0474731 0.123831 0.0912662 0.1572 0.487704 0.0247405
0.0222664 0.293514 0.108732 9.9991E-05 0.0131745 0.249135 0.313077
0.0935778 0.248835 0.0254449 0.16749 0.0874408 0.377112 9.9991E-05
0.0682431 0.128924 0.0528929 0.083959 0.0619611 0.545007 0.0590138
0.0664905 0.164796 0.163365 0.0276651 0.0749798 0.502603 9.9991E-05
9.9982E-05 0.290867 0.0296041 0.0595289 9.9982E-05 0.518808 0.100992
0.0234084 0.282925 0.0277675 9.9991E-05 0.0326241 0.561972 0.0712028
0.0197071 0.418846 9.9982E-05 9.9982E-05 0.0332891 0.510127 0.0178307
0.0591477 0.187923 0.0660596 0.00198711 9.9991E-05 0.582803 0.10198
0.0464878 0.0751974 0.0419616 0.152689 9.9991E-05 0.640455 0.0431095
9.9973E-05 0.206297 0.0995562 9.9973E-05 9.9973E-05 0.612448 0.0813992
9.9973E-05 0.363064 0.0357643 0.00736018 9.9973E-05 0.593512 9.9973E-05
0.0335246 0.119738 0.00350297 0.0182622 9.9991E-05 0.649905 0.174968
0.0320673 0.0756633 0.108311 0.109593 0.063089 0.484319 0.126958
9.9982E-05 0.215273 0.163505 9.9982E-05 0.0597572 0.532399 0.0288661
0.0694385 0.109611 0.0654228 9.9991E-05 0.0364257 0.562841 0.156161
0.0107264 0.209637 0.0657082 9.9991E-05 0.0506878 0.586462 0.0766792
0.0751661 0.305349 9.9982E-05 0.0126618 9.9982E-05 0.433154 0.173469
0.0626252 0.094689 9.9991E-05 0.0739776 0.0104361 0.713341 0.0448308
0.0113701 0.134728 9.9991E-05 0.0742355 0.0163686 0.682655 0.080543
9.9991E-05 0.389907 0.214489 0.00952128 0.0706076 0.231622 0.0837527
0.0309336 0.254981 0.0710667 0.0136961 9.9991E-05 0.229759 0.399464
0.049705 0.203545 0.0563588 0.0640201 9.9991E-05 0.553455 0.0728158
9.9973E-05 0.295241 0.0832468 9.9973E-05 9.9973E-05 0.202808 0.418404
0.0525631 0.317906 0.185053 0.00916072 0.0384953 0.283229 0.113593
0.058044 0.185162 0.242579 9.9982E-05 9.9982E-05 0.502405 0.0116097
0.04427 0.404009 0.174971 9.9982E-05 9.9982E-05 0.345142 0.0314083
9.9973E-05 0.421322 0.134175 9.9973E-05 9.9973E-05 0.367419 0.0767845
0.0653582 0.117331 0.0898662 0.0942218 0.0599188 0.512193 0.0611106
0.0418695 0.167274 0.00102678 9.9991E-05 0.0472492 0.618816 0.123664
0.0751436 0.111192 0.0801129 0.115265 0.0482452 0.525876 0.0441655
9.9991E-05 0.287303 0.113426 0.0184572 0.0325607 0.197301 0.350851
0.151637 0.033727 0.147995 0.106656 0.00114533 0.490508 0.0683311
0.0109041 0.0493237 0.0438936 0.229738 9.9991E-05 0.493017 0.173023
0.157378 0.0661272 0.118548 0.19286 9.9991E-05 0.0166742 0.448312
0.0940463 9.9991E-05 0.0841729 0.0768178 0.0317502 0.669025 0.0440876
0.0909987 0.0117341 0.137922 0.1412 0.00158887 0.339778 0.276778
0.095834 0.056194 0.0345307 0.122152 0.0342335 0.514717 0.142338
0.116385 0.0501173 0.194421 0.143444 0.0123084 0.184479 0.298845
0.0702766 0.0842034 0.066611 0.312431 9.9991E-05 0.178327 0.288051
0.0395624 0.129704 0.112355 0.110254 9.9991E-05 0.420021 0.188004
0.118552 0.0548317 0.0110631 0.185305 0.0592796 0.496334 0.0746333
0.0783509 0.183488 0.0732111 0.02251 0.096698 0.450471 0.0952713
0.0377379 0.0275466 0.228593 0.257135 0.183001 9.9991E-05 0.265887
9.9991E-05 0.0359989 0.0989883 0.277765 0.078614 0.449422 0.0591121
9.9982E-05 0.0301756 0.220366 0.240006 9.9982E-05 0.32761 0.181642
9.9982E-05 0.0834507 0.187539 0.065823 9.9982E-05 0.464222 0.198766
0.14715 0.044586 0.0355881 0.0684078 0.090639 0.536119 0.0775104
0.295812 9.9982E-05 9.9982E-05 0.147626 0.261016 0.153496 0.141849
0.556874 9.9964E-05 9.9964E-05 9.9964E-05 0.14314 9.9964E-05 0.299586
0.478102 9.9973E-05 9.9973E-05 0.0121457 0.148676 9.9973E-05 0.360777
0.366486 0.0205348 9.9991E-05 0.121423 0.360973 0.0558573 0.0746259
9.9982E-05 9.9982E-05 0.0265258 0.364285 0.0184417 0.52964 0.0609073
0.088874 0.0319346 0.161311 0.0118035 0.0590069 0.495056 0.152014
9.9964E-05 0.0223599 9.9964E-05 9.9964E-05 0.633951 0.343289 9.9964E-05
0.0224351 0.0890154 0.146942 9.9982E-05 0.372165 0.369242 9.9982E-05
0.0506507 0.0418594 0.162443 0.0254162 0.386467 0.333064 9.9991E-05
9.9973E-05 9.9973E-05 0.0167742 0.392508 9.9973E-05 0.263308 0.32711
0.0216983 0.0993736 0.0557175 0.203589 0.111142 0.383627 0.124852
9.9973E-05 9.9973E-05 9.9973E-05 0.473324 0.00113836 0.158406 0.366832
0.0502172 9.9982E-05 0.0623445 0.229282 9.9982E-05 0.524315 0.133641
9.9982E-05 9.9982E-05 0.153811 0.250232 0.0183722 0.390862 0.186522
0.0245147 0.00924777 0.0236998 0.240237 0.0566492 0.462741 0.182911
9.9973E-05 9.9973E-05 0.160008 0.307498 9.9973E-05 0.173959 0.358236
0.0049495 0.0720506 0.105104 0.0756046 0.0792429 0.558853 0.104196
0.0744729 9.9991E-05 0.100425 0.178534 0.0466703 0.574213 0.0255851
9.9955E-05 9.9955E-05 0.00414936 9.9955E-05 0.995351 9.9955E-05 9.9955E-05
9.9964E-05 9.9964E-05 0.0345137 9.9964E-05 0.935692 0.0293946 9.9964E-05
0.0600109 0.0142763 0.105365 0.0851522 0.531934 0.203162 9.9991E-05
9.9964E-05 9.9964E-05 9.9964E-05 9.9964E-05 0.661882 0.328158 0.00956083
9.9973E-05 9.9973E-05 0.078723 0.0177983 0.852321 0.0508581 9.9973E-05
9.995E-05 9.995E-05 9.995E-05 9.995E-05 0.9994 9.995E-05 9.995E-05
0.00913461 0.0398811 9.9964E-05 9.9964E-05 0.950584 9.9964E-05 9.9964E-05
9.9955E-05 9.9955E-05 9.9955E-05 9.9955E-05 0.853614 0.145886 9.9955E-05
9.9964E-05 0.0170023 9.9964E-05 9.9964E-05 0.947837 0.034761 9.9964E-05
9.995E-05 9.995E-05 9.995E-05 9.995E-05 0.9994 9.995E-05 9.995E-05
0.00268133 9.9955E-05 9.9955E-05 9.9955E-05 0.996819 9.9955E-05 9.9955E-05
0.0332988 9.9973E-05 9.9973E-05 0.0468795 0.766509 0.153013 9.9973E-05
0.0111463 0.0540018 9.9973E-05 9.9973E-05 0.817003 0.117549 9.9973E-05
9.9955E-05 9.9955E-05 0.00463701 9.9955E-05 0.994863 9.9955E-05 9.9955E-05
0.0588038 0.155732 0.0585943 9.9991E-05 0.441749 0.226124 0.0588969
0.00526013 0.130506 0.0263113 9.9991E-05 0.671254 0.159102 0.00746641
0.0471621 9.9973E-05 9.9973E-05 0.0299978 0.809448 0.113092 9.9973E-05
9.9964E-05 0.0561541 9.9964E-05 9.9964E-05 0.873849 0.0695967 9.9964E-05
9.995E-05 9.995E-05 9.995E-05 9.995E-05 0.9994 9.995E-05 9.995E-05
0.00963221 9.9973E-05 9.9973E-05 9.9973E-05 0.929116 0.00379999 0.0571522
9.995E-05 9.995E-05 9.995E-05 9.995E-05 0.9994 9.995E-05 9.995E-05
0.0342615 9.9982E-05 0.000975267 0.0963574 0.574257 0.293949 9.9982E-05
9.9982E-05 0.0283818 0.0515814 9.9982E-05 0.850099 0.0667021 0.00303577
0.29382 9.9973E-05 9.9973E-05 0.407562 0.00168142 9.9973E-05 0.296637
0.11939 0.102743 9.9982E-05 0.383421 0.09318 0.301066 9.9982E-05
0.208926 9.9991E-05 0.133858 0.28485 0.0986393 0.240749 0.032878
0.206312 9.9982E-05 0.0167275 0.429781 0.148093 9.9982E-05 0.198885
0.109976 0.00630828 9.9991E-05 0.189978 0.151215 0.357687 0.184736
0.252437 9.9991E-05 0.0795557 0.257327 0.124737 0.080382 0.205461
0.167812 9.9991E-05 0.03911 0.146097 0.12756 0.406038 0.113282
0.0687788 9.9991E-05 0.0639306 0.399536 0.218439 0.149894 0.0993218
0.108151 9.9982E-05 9.9982E-05 0.211737 0.179573 0.357418 0.142921
0.151737 9.9982E-05 9.9982E-05 0.32465 0.131791 0.294776 0.0968449
0.218374 0.113137 0.0934019 0.0694256 0.094102 0.36563 0.045929
0.814922 0.0569121 0.0407703 0.0670395 9.9982E-05 0.0201566 9.9982E-05
0.921388 0.0081161 9.9982E-05 9.9982E-05 0.0359926 0.00943382 0.0248697
0.955727 0.0248218 9.9964E-05 9.9964E-05 9.9964E-05 0.019051 9.9964E-05
0.916869 0.0790767 9.9964E-05 9.9964E-05 9.9964E-05 0.00365407 9.9964E-05
0.891919 0.0694681 9.9964E-05 9.9964E-05 9.9964E-05 0.0382133 9.9964E-05
0.802556 9.9973E-05 9.9973E-05 9.9973E-05 0.0940441 0.00355996 0.0995398
0.880623 0.0226732 9.9973E-05 9.9973E-05 0.0562807 0.0401236 9.9973E-05
0.864535 0.0248113 9.9973E-05 9.9973E-05 9.9973E-05 0.00959898 0.100755
0.903995 9.9973E-05 0.0548383 9.9973E-05 9.9973E-05 0.030446 0.0104211
0.836049 9.9982E-05 9.9982E-05 0.0022505 0.0932672 0.0219567 0.0462764
0.582716 0.200153 0.149243 0.0346043 9.9982E-05 9.9982E-05 0.0330838
0.579722 0.329479 0.0903992 9.9964E-05 9.9964E-05 9.9964E-05 9.9964E-05
0.550903 0.252509 0.0440941 9.9973E-05 9.9973E-05 9.9973E-05 0.152194
0.47061 0.315691 0.156747 0.0298416 9.9982E-05 9.9982E-05 0.0269104
0.0834395 0.117332 0.295733 9.9973E-05 9.9973E-05 0.503195 9.9973E-05
0.0141644 0.0824059 0.353137 0.0588884 0.0198014 0.471503 9.9991E-05
0.0286452 0.15206 0.219732 0.103587 0.0452321 0.450644 9.9991E-05
0.000998071 0.152221 0.348752 9.9982E-05 9.9982E-05 0.412981 0.0848477
9.9991E-05 0.565776 0.153996 0.0400037 0.0249064 0.130329 0.0848899
0.0508236 9.9973E-05 0.213448 9.9973E-05 9.9973E-05 0.684506 0.0509225
9.9982E-05 0.0664861 0.238124 9.9982E-05 0.0274225 0.60009 0.0676773
9.9991E-05 0.0706214 0.310356 0.0641804 0.00350382 0.518754 0.0324835
9.9982E-05 9.9982E-05 0.547986 0.0116032 0.084647 0.283189 0.0723748
0.0603637 0.108592 0.114936 0.047024 0.0399224 0.591089 0.0380733
9.9973E-05 0.11284 0.416977 0.0396021 9.9973E-05 0.430281 9.9973E-05
9.9964E-05 0.0934793 0.677083 9.9964E-05 9.9964E-05 9.9964E-05 0.229038
0.0615018 0.121639 0.193046 0.0342606 9.9991E-05 0.505875 0.0835773
9.9964E-05 9.9964E-05 0.469357 9.9964E-05 9.9964E-05 0.246435 0.283807
9.9982E-05 0.00654786 0.304475 0.0313564 9.9982E-05 0.581315 0.0761064
0.0282011 0.125073 0.761334 9.9991E-05 0.033421 0.0390666 0.0128043
0.0715909 0.624597 9.9964E-05 0.303413 9.9964E-05 9.9964E-05 9.9964E-05
0.0329392 0.609274 9.9964E-05 0.357387 9.9964E-05 9.9964E-05 9.9964E-05
0.00521662 0.737972 9.9973E-05 0.236097 9.9973E-05 9.9973E-05 0.0204137
0.0559296 0.720464 9.9964E-05 0.223207 9.9964E-05 9.9964E-05 9.9964E-05
9.9982E-05 0.711373 9.9982E-05 0.227442 0.030218 0.000146156 0.0306213
0.0149757 0.695858 9.9982E-05 0.200975 0.0220328 0.0659582 9.9982E-05
0.860767 9.9973E-05 0.0578964 9.9973E-05 0.0442811 0.036756 9.9973E-05
0.827441 0.0750407 9.9973E-05 9.9973E-05 0.0557285 0.0414904 9.9973E-05
0.716637 9.9973E-05 9.9973E-05 0.0915859 0.147194 0.0442835 9.9973E-05
0.752665 0.0935674 9.9973E-05 9.9973E-05 0.1101 0.0433674 9.9973E-05
0.800518 0.0502967 9.9973E-05 9.9973E-05 0.0781026 0.0707824 9.9973E-05
0.377113 0.53905 9.9973E-05 0.0457775 9.9973E-05 9.9973E-05 0.0377597
0.444944 0.40082 0.0688272 0.00934106 9.9982E-05 9.9982E-05 0.0758679
0.408443 0.38038 0.0690344 9.9973E-05 9.9973E-05 9.9973E-05 0.141842
0.819205 9.9955E-05 9.9955E-05 9.9955E-05 9.9955E-05 0.180295 9.9955E-05
0.364068 0.478548 0.0475848 0.0397035 9.9982E-05 9.9982E-05 0.0698961
0.260629 9.9982E-05 9.9982E-05 0.0385633 0.354586 0.226075 0.119946
0.131471 0.0157249 0.0461426 0.0215071 0.216197 0.568858 9.9991E-05
0.148756 9.9973E-05 9.9973E-05 0.0724384 0.302906 0.475599 9.9973E-05
0.253661 0.0056475 0.0643538 0.0776403 0.271049 0.29273 0.0349184
0.225277 0.0349197 0.0272935 0.0826592 0.129437 0.456411 0.0440025
0.454162 9.9973E-05 9.9973E-05 0.00206696 0.305116 9.9973E-05 0.238355
9.9982E-05 0.300644 0.14358 0.0596177 9.9982E-05 0.4116 0.0843591
0.00363773 0.244457 0.0271381 9.9982E-05 9.9982E-05 0.454325 0.270242
0.103006 0.425294 0.0804179 9.9991E-05 0.00290311 0.300955 0.0873243
9.9973E-05 0.123442 9.9973E-05 0.0196322 9.9973E-05 0.578105 0.278521
9.9964E-05 0.119376 0.183135 9.9964E-05 9.9964E-05 9.9964E-05 0.697089
0.0900585 0.10022 0.0738309 0.0693423 0.0697695 0.475323 0.121456
0.00171643 0.152144 0.0935172 0.0731018 9.9991E-05 0.526755 0.152666
0.0400935 0.373325 0.0810288 9.9982E-05 9.9982E-05 0.374218 0.131135
0.0559437 0.0547266 0.152753 0.0789374 0.0551183 0.524871 0.0776503
9.9982E-05 0.209462 0.170441 0.0227204 9.9982E-05 0.170193 0.426984
0.0323397 0.105317 0.0844837 0.119717 9.9991E-05 0.41905 0.238993
9.9991E-05 0.268433 0.0976044 0.0479384 0.0218527 0.528996 0.0350748
0.123934 0.100658 0.0499064 0.0966324 0.201115 0.427654 9.9991E-05
9.9973E-05 0.246481 0.00873265 9.9973E-05 9.9973E-05 0.482517 0.26197
9.9973E-05 0.271567 0.0823117 9.9973E-05 9.9973E-05 0.49318 0.152641
9.9991E-05 0.0567422 0.192821 0.0716478 0.08138 0.397579 0.19973
9.9982E-05 0.103289 0.106897 0.0458527 9.9982E-05 0.593999 0.149763
0.0486093 0.105205 0.120856 0.00243767 0.107453 0.570265 0.0451744
0.114294 0.174304 0.120859 9.9982E-05 0.00419728 0.586145 9.9982E-05
0.0524069 0.161449 0.0789737 0.0929758 0.0874231 0.522593 0.00417865
0.776228 9.9964E-05 9.9964E-05 9.9964E-05 0.0510863 0.172286 9.9964E-05
0.851748 9.9991E-05 0.0205607 0.0336403 0.0076916 0.0689169 0.0173423
0.799133 0.063004 0.0124248 0.0762811 0.0115933 0.0374636 9.9991E-05
0.801132 9.9973E-05 0.0888071 9.9973E-05 0.0719918 9.9973E-05 0.0377687
0.833141 9.9964E-05 9.9964E-05 0.0348992 9.9964E-05 0.13156 9.9964E-05
0.0282208 0.535286 0.121756 9.9991E-05 0.0615044 0.172048 0.0810856
0.0548087 0.0843217 0.0771488 0.0966381 0.0513988 0.495997 0.139687
0.208521 9.9982E-05 9.9982E-05 0.199001 0.0362355 0.469812 0.0862301
0.0376565 0.102408 0.0804743 9.9991E-05 0.0135363 0.707168 0.0586577
0.0531032 0.201209 0.171454 9.9982E-05 9.9982E-05 0.520056 0.0539783
0.0531016 0.297122 9.9991E-05 0.0108449 0.0690282 0.359025 0.210778
0.156125 0.527844 0.170537 0.00944893 9.9991E-05 0.025005 0.110939
0.0152588 0.27946 0.105153 0.0137918 9.9982E-05 0.586136 9.9982E-05
0.0341628 0.441183 0.105394 0.00416359 0.00215309 0.252665 0.160278
0.043744 0.183777 0.0854882 0.028204 0.0344521 0.437623 0.186712
0.0859875 0.521985 0.125199 9.9991E-05 0.0316665 0.138656 0.096407
0.104744 0.110008 0.129973 9.9982E-05 0.074026 0.581049 9.9982E-05
0.0239233 0.576014 0.104428 0.0120222 0.0277174 0.190917 0.0649779
0.0452208 0.218574 0.0356008 0.0149862 0.0617692 0.365562 0.258287
0.0816158 0.138952 0.0539315 0.0319149 0.0513872 0.474351 0.167847
9.9973E-05 0.0657325 9.9973E-05 0.500786 9.9973E-05 0.169302 0.263879
0.0167081 9.9991E-05 0.0815977 0.304718 0.00809908 0.544348 0.0444284
0.113947 9.9991E-05 0.0865561 0.284817 0.022127 0.458732 0.0337212
9.9982E-05 0.0541912 0.00902288 0.489765 9.9982E-05 0.243072 0.203749
0.0572531 0.0657248 0.060443 0.267365 0.0353812 0.452169 0.0616641
0.0843441 9.9982E-05 0.0166794 0.267204 9.9982E-05 0.42648 0.205093
9.9973E-05 0.0076856 0.113443 0.524238 9.9973E-05 9.9973E-05 0.354333
9.9973E-05 9.9973E-05 0.0729385 0.475129 9.9973E-05 0.143144 0.308489
9.9973E-05 0.0621304 9.9973E-05 0.438609 9.9973E-05 0.403263 0.0956977
9.9982E-05 0.0162662 0.144331 0.542514 9.9982E-05 0.0761604 0.220528
9.9982E-05 0.0773883 0.0986708 0.436277 9.9982E-05 0.332815 0.0546492
9.9982E-05 0.541292 0.16027 9.9982E-05 0.0193244 0.141641 0.137273
9.9964E-05 0.268044 9.9964E-05 9.9964E-05 9.9964E-05 0.336377 0.395179
0.039033 0.371688 0.116142 9.9991E-05 0.0670904 0.386002 0.0199448
9.9982E-05 0.125879 0.0739082 9.9982E-05 0.127876 0.589334 0.082803
9.9973E-05 0.377613 0.276556 0.0743888 9.9973E-05 0.271142 9.9973E-05
0.0486973 0.191779 9.9991E-05 0.0460115 0.0587126 0.475381 0.179319
0.0907616 0.0909074 0.0620933 0.0765451 0.120494 0.511849 0.0473493
0.00923362 0.321638 0.0796984 9.9991E-05 0.115478 0.453576 0.0202762
0.0313531 0.207159 0.0993621 0.0428333 0.104205 0.453061 0.0620259
0.0630204 0.307831 0.202999 9.9982E-05 0.0305008 0.395448 9.9982E-05
9.9982E-05 0.539516 0.0826176 9.9982E-05 0.0393952 0.292603 0.0456677
9.9982E-05 0.401774 0.0416258 9.9982E-05 0.112836 0.345831 0.0977327
9.9973E-05 0.235179 9.9973E-05 9.9973E-05 0.0318224 0.648769 0.0839305
0.00460971 0.179948 0.0302039 0.00669199 9.9991E-05 0.623183 0.155263
0.0988543 0.200634 0.061222 9.9982E-05 9.9982E-05 0.46688 0.17221
9.9973E-05 0.227977 9.9973E-05 9.9973E-05 0.0631343 0.545225 0.163364
0.0663619 0.391972 0.00110907 0.0167974 0.0818179 0.411071 0.0308701
0.0235012 0.158523 0.0401753 9.9982E-05 9.9982E-05 0.709745 0.0678554
0.0106957 0.261115 0.0957842 0.0153957 0.0740716 0.542838 9.9991E-05
0.113912 0.160404 9.9982E-05 9.9982E-05 0.0526425 0.568823 0.104018
0.343475 9.9982E-05 0.0524273 0.123232 0.115509 0.365157 9.9982E-05
0.0988138 9.9991E-05 0.0675214 0.0185983 0.304411 0.362805 0.14775
0.127026 0.000342049 0.166917 0.100211 0.116518 0.488887 9.9991E-05
0.106173 0.00186696 0.0766478 0.0823721 0.159439 0.539563 0.0339382
0.225674 9.9982E-05 0.110546 9.9982E-05 0.185231 0.401015 0.0773344
9.9982E-05 0.130998 0.0223983 0.0728104 9.9982E-05 0.484749 0.288845
0.152917 0.0872933 0.0860507 0.0299881 0.132615 0.495967 0.0151696
0.252536 9.9982E-05 0.152277 0.178776 0.134964 9.9982E-05 0.281248
0.156871 0.101406 0.0195284 0.0323167 0.172395 0.49272 0.0247641
0.0939242 9.9982E-05 0.0744888 9.9982E-05 0.198963 0.553596 0.0788278
0.0971127 0.0120274 0.0502776 0.0507369 0.18934 0.575669 0.0248372
0.153374 0.0327721 0.131401 0.0953927 0.137881 0.254712 0.194466
0.166061 9.9982E-05 0.0758555 0.155797 0.183052 0.419035 9.9982E-05
0.158569 9.9982E-05 9.9982E-05 0.0662179 0.160959 0.578531 0.0355225
0.497719 9.9964E-05 9.9964E-05 9.9964E-05 0.151966 9.9964E-05 0.349915
0.164115 9.9982E-05 9.9982E-05 0.0880865 0.14533 0.529071 0.0731976
0.192414 0.0243095 0.0845877 9.9991E-05 0.265337 0.401952 0.0313
0.137634 0.0586919 0.126601 0.103615 0.128701 0.444656 9.99989E-05
0.188676 9.9982E-05 9.9982E-05 0.0454034 0.201012 0.508388 0.0563202
0.177934 0.0424247 0.0143064 0.162054 0.146868 0.454026 0.00238796
0.0227917 0.0545208 0.0689729 9.9991E-05 0.0839925 0.41271 0.356912
0.0351952 0.0640427 0.0632193 0.0259484 0.0579874 0.564158 0.189449
9.9973E-05 0.0407053 0.233389 9.9973E-05 9.9973E-05 0.0666877 0.658918
9.9973E-05 0.0388673 0.0341551 9.9973E-05 9.9973E-05 0.10692 0.819757
0.033392 9.9973E-05 0.0971737 9.9973E-05 9.9973E-05 0.528182 0.340952
0.110012 9.9973E-05 9.9973E-05 9.9973E-05 0.318826 0.387003 0.18386
0.112559 9.9973E-05 9.9973E-05 9.9973E-05 0.338025 0.2805 0.268616
0.181983 9.9991E-05 0.0156487 0.0254956 0.334018 0.102232 0.340522
0.164949 9.9973E-05 9.9973E-05 9.9973E-05 0.26431 0.329505 0.240937
0.0389218 9.9973E-05 9.9973E-05 9.9973E-05 0.0443416 0.153396 0.76304
0.0683872 9.9973E-05 9.9973E-05 9.9973E-05 0.0949437 0.203966 0.632403
9.9973E-05 9.9973E-05 0.0739506 9.9973E-05 0.0538188 0.570937 0.300994
0.0236695 9.9982E-05 0.0644261 9.9982E-05 0.103784 0.446479 0.361442
0.0565296 9.9973E-05 9.9973E-05 9.9973E-05 0.0944354 0.240719 0.608016
0.00969417 9.9991E-05 0.0504006 0.0237159 0.144241 0.444424 0.327424
9.9973E-05 0.0452426 9.9973E-05 9.9973E-05 0.11151 0.597077 0.245871
0.0895268 9.9991E-05 0.072042 0.113535 0.190297 0.33846 0.196039
9.9964E-05 0.0773625 9.9964E-05 9.9964E-05 9.9964E-05 0.404374 0.517864
0.0157237 9.9982E-05 0.101173 9.9982E-05 0.0157461 0.435714 0.431444
0.0595175 0.0365501 0.0636764 9.9991E-05 0.0202605 0.534497 0.285399
0.0503312 0.0622866 9.9982E-05 0.120483 9.9982E-05 0.466111 0.300588
0.090102 0.00533465 9.9991E-05 0.0581432 0.0614515 0.526806 0.258062
0.0011673 9.9982E-05 0.00816774 0.0880913 9.9982E-05 0.501373 0.401001
9.9964E-05 0.0765373 9.9964E-05 9.9964E-05 9.9964E-05 0.281642 0.641421
0.0193864 9.9973E-05 0.00736105 9.9973E-05 9.9973E-05 0.669336 0.303616
9.9973E-05 0.0498672 0.121834 9.9973E-05 9.9973E-05 0.289839 0.53816
9.9991E-05 0.0278563 0.0403447 0.0730709 0.00925527 0.467565 0.381808
0.108402 0.036481 0.0222733 9.9982E-05 9.9982E-05 0.561639 0.271005
0.0108365 0.0222344 0.0766726 9.9991E-05 0.013996 0.592626 0.283535
0.193054 9.9991E-05 0.0574616 0.112166 0.137322 0.40794 0.0919566
0.125044 0.0588969 0.15399 9.9991E-05 0.164904 0.393566 0.1035
0.129478 0.0383767 0.01784 0.201286 0.270787 0.24195 0.100283
0.170498 0.0809028 9.9991E-05 0.229567 0.214029 0.281019 0.023883
0.145329 0.0972281 0.0974394 0.111436 0.18362 0.364847 9.9991E-05
0.100735 0.0290096 9.9991E-05 0.0646086 0.266648 0.378689 0.160209
0.152084 9.9964E-05 9.9964E-05 9.9964E-05 0.170236 9.9964E-05 0.677281
0.0902812 9.9982E-05 9.9982E-05 0.134955 0.17253 0.557051 0.0449826
0.347675 9.9964E-05 9.9964E-05 9.9964E-05 0.106044 9.9964E-05 0.545881
0.00811458 9.9973E-05 9.9973E-05 9.9973E-05 0.23099 0.508873 0.251722
9.9964E-05 9.9964E-05 0.151892 9.9964E-05 9.9964E-05 0.176581 0.671127
9.9955E-05 9.9955E-05 0.183445 9.9955E-05 9.9955E-05 9.9955E-05 0.816055
9.9973E-05 9.9973E-05 0.055864 0.0615438 9.9973E-05 0.518829 0.363463
0.00592306 9.9964E-05 9.9964E-05 9.9964E-05 9.9964E-05 0.661557 0.33212
9.9973E-05 0.000573035 0.0872576 9.9973E-05 9.9973E-05 0.43707 0.4748
9.9964E-05 9.9964E-05 0.0683807 9.9964E-05 9.9964E-05 0.580176 0.351043
9.9973E-05 0.0179246 0.0136535 9.9973E-05 9.9973E-05 0.564163 0.403959
0.791576 9.9973E-05 9.9973E-05 9.9973E-05 0.0257764 0.12411 0.0582375
0.686086 0.121982 0.0222971 0.0441878 0.125248 9.9982E-05 9.9982E-05
0.913448 0.0484445 9.9964E-05 9.9964E-05 0.0377075 9.9964E-05 9.9964E-05
0.949846 9.9955E-05 9.9955E-05 9.9955E-05 9.9955E-05 0.0496541 9.9955E-05
9.9991E-05 0.0551616 0.307163 0.0710755 0.0325459 0.523289 0.0106643
0.0799026 9.9982E-05 0.392529 9.9982E-05 0.0640762 0.432123 0.0311694
0.0252803 9.9964E-05 0.581443 9.9964E-05 9.9964E-05 0.392877 9.9964E-05
0.123931 9.9973E-05 0.242572 0.0225325 9.9973E-05 0.610664 9.9973E-05
0.133024 0.00443601 0.227951 0.100709 0.0231656 0.510615 9.9991E-05
9.9982E-05 0.119358 0.593293 0.116131 0.0183418 0.152677 9.9982E-05
9.9964E-05 9.9964E-05 0.408632 9.9964E-05 0.0148562 0.576112 9.9964E-05
9.9973E-05 9.9973E-05 0.447751 0.148355 9.9973E-05 0.250185 0.153408
0.292461 0.00834904 0.0445591 0.035721 0.151574 0.467236 9.9991E-05
9.9982E-05 0.0501799 0.301692 9.9982E-05 0.0587626 0.400014 0.189151
0.0480747 0.0286684 0.594325 0.0157319 9.9982E-05 0.313 9.9982E-05
0.0124456 0.0375703 0.343209 9.9982E-05 9.9982E-05 0.574167 0.0324081
0.00776682 0.102926 0.538174 9.9982E-05 0.0142881 0.336645 9.9982E-05
9.9973E-05 0.00886454 0.330168 9.9973E-05 9.9973E-05 0.553572 0.107096
0.0860535 0.0271862 0.313462 9.9982E-05 9.9982E-05 0.551392 0.0217071
9.9964E-05 9.9964E-05 0.847151 9.9964E-05 9.9964E-05 0.0483861 0.104063
9.9982E-05 0.032649 0.582522 9.9982E-05 0.0328602 0.236585 0.115184
0.0129026 0.0483876 0.534806 9.9982E-05 9.9982E-05 0.349511 0.0541928
9.9955E-05 9.9955E-05 0.773787 9.9955E-05 9.9955E-05 9.9955E-05 0.225713
0.054558 0.0622762 0.417422 9.9991E-05 0.0268677 0.415793 0.0229831
9.9973E-05 9.9973E-05 0.546355 0.187251 9.9973E-05 0.0689274 0.197167
9.9964E-05 0.0134717 0.661425 9.9964E-05 9.9964E-05 9.9964E-05 0.324703
0.0150561 9.9982E-05 0.296902 9.9982E-05 0.00445648 0.568919 0.114467
0.013015 0.0510296 0.763157 0.0215235 0.0939622 0.0495855 0.00772767
9.9982E-05 0.0667959 0.481139 0.102816 0.0331858 0.315863 9.9982E-05
0.105781 9.9991E-05 0.124424 0.0569073 0.076112 0.622622 0.0140545
9.9982E-05 0.0482242 0.402298 0.013151 0.0188677 0.517259 9.9982E-05
9.9982E-05 0.238247 0.000662703 9.9982E-05 0.00428328 0.412078 0.344529
9.9982E-05 0.0759695 0.313789 9.9982E-05 0.02191 0.55236 0.0357713
0.0271818 0.0359848 0.358078 0.103557 0.0470312 0.416418 0.0117491
9.9964E-05 9.9964E-05 0.650839 9.9964E-05 9.9964E-05 0.309104 0.0396569
0.0854853 0.0855127 0.201053 0.080706 0.024861 0.47899 0.0433917
0.606399 0.275994 0.00954351 0.107764 9.9973E-05 9.9973E-05 9.9973E-05
0.755922 0.099808 0.0760829 0.0678875 9.9973E-05 9.9973E-05 9.9973E-05
0.800649 0.150258 9.9973E-05 0.0316157 9.9973E-05 9.9973E-05 0.017177
0.795569 0.135829 9.9964E-05 9.9964E-05 9.9964E-05 9.9964E-05 0.0682015
0.691068 0.146851 9.9973E-05 0.154916 9.9973E-05 0.00686506 9.9973E-05
0.0540456 0.104065 0.74553 9.9982E-05 0.0774137 0.0187451 9.9982E-05
0.0324204 0.127589 0.677527 0.108403 9.9982E-05 0.0538604 9.9982E-05
9.9973E-05 9.9973E-05 0.742225 0.0704026 9.9973E-05 0.105019 0.082053
0.0664431 0.0607377 0.278435 0.0830241 0.123062 0.388199 9.9991E-05
0.145442 9.9973E-05 0.1612 0.0888847 9.9973E-05 0.604174 9.9973E-05
0.0193609 9.9991E-05 0.589113 0.00285116 0.00901228 0.284344 0.0952195
9.9982E-05 9.9982E-05 0.252364 0.0660251 0.0720777 0.578757 0.0305758
0.0256722 9.9991E-05 0.477208 0.0534549 0.0162429 0.396996 0.0303255
9.9982E-05 0.0609752 0.348647 0.151622 0.0335299 0.405025 9.9982E-05
0.0585334 9.9982E-05 0.12105 0.138238 0.0427632 0.639215 9.9982E-05
9.9982E-05 0.0605991 0.66195 0.0458156 0.0778785 0.153557 9.9982E-05
9.9964E-05 0.00463612 0.667925 9.9964E-05 9.9964E-05 0.327039 9.9964E-05
9.9982E-05 0.00513419 0.630058 0.112518 0.0204348 0.231654 9.9982E-05
0.0712428 0.0293983 0.0298174 0.295952 0.0578579 0.515632 9.9991E-05
0.0664741 0.0282198 0.557572 9.9973E-05 9.9973E-05 0.347434 9.9973E-05
0.0360295 0.0643639 0.414641 0.00560992 9.9982E-05 0.479156 9.9982E-05
9.9982E-05 0.0161969 0.017593 0.138421 0.437279 0.39031 9.9982E-05
0.0990682 9.9982E-05 0.0720946 0.0769079 0.476079 0.275651 9.9982E-05
0.072382 9.9982E-05 9.9982E-05 0.0596954 0.443152 0.406971 0.0175995
0.0749331 9.9991E-05 0.0406277 0.0303783 0.492999 0.334387 0.0265749
0.0750853 0.008917 9.9982E-05 9.9982E-05 0.273727 0.497015 0.145056
9.9982E-05 9.9982E-05 0.361585 0.248622 0.0787971 0.296299 0.0144976
0.238615 0.0175476 9.9982E-05 9.9982E-05 0.690458 0.00362161 0.0495568
0.203125 9.9982E-05 0.0413014 9.9982E-05 0.485133 0.232615 0.037626
0.09946 9.9991E-05 0.127812 0.265382 0.234345 0.269773 0.00312837
0.119488 9.9964E-05 9.9964E-05 0.4277 9.9964E-05 0.452412 9.9964E-05
0.0157903 9.9991E-05 0.0528268 0.535572 0.117947 0.257535 0.0202288
0.0969147 9.9973E-05 9.9973E-05 0.352298 0.123646 0.426841 9.9973E-05
0.115131 0.0156134 0.0894309 0.208546 0.02528 0.545898 9.9991E-05
0.190633 9.9973E-05 9.9973E-05 0.0525358 0.487956 0.268574 9.9973E-05
0.119377 0.0710837 0.0992531 9.9982E-05 0.477369 0.232717 9.9982E-05
0.0513818 9.9973E-05 9.9973E-05 0.0505593 0.485314 0.412445 9.9973E-05
0.108243 0.0398064 0.13219 0.060451 0.235469 0.392045 0.0317962
0.0950945 9.9973E-05 9.9973E-05 9.9973E-05 0.538599 0.26238 0.103627
0.115681 9.9991E-05 0.0799771 0.0448681 0.29639 0.412308 0.0506757
0.0847338 0.0331504 0.0269015 0.0148783 0.588396 0.158298 0.093642
0.0616021 0.0401562 9.9982E-05 9.9982E-05 0.398107 0.385605 0.11433
0.0111519 9.9991E-05 0.0677591 0.356063 0.0740399 0.368794 0.122092
0.16813 0.0252842 0.077449 0.189765 0.365728 0.168205 0.00543824
0.156371 9.9973E-05 9.9973E-05 0.0267153 0.705011 0.111603 9.9973E-05
0.0888765 0.0072863 0.17208 0.0816518 0.493006 0.131724 0.0253758
0.0792244 0.120189 0.0962285 0.627079 0.0591129 0.0180656 9.9991E-05
9.9973E-05 0.0488375 9.9973E-05 0.40821 0.0950292 0.447624 9.9973E-05
0.174317 0.0778035 9.9991E-05 0.022097 0.308344 0.371694 0.0456452
0.126614 9.9973E-05 9.9973E-05 0.341479 0.00811808 0.523489 9.9973E-05
0.128544 9.9982E-05 0.0655308 0.437457 0.014502 0.353766 9.9982E-05
0.225323 9.9991E-05 0.0639244 0.0312579 0.240468 0.381883 0.0570437
0.147847 0.0474556 9.9991E-05 0.0324028 0.290268 0.320377 0.16155
0.109846 9.9991E-05 0.0298326 0.202249 0.0564308 0.59208 0.00946131
0.151079 9.9982E-05 0.115661 0.0389324 0.427571 0.266557 9.9982E-05
0.112407 9.9982E-05 9.9982E-05 0.0308345 0.484161 0.305641 0.066756
0.166009 9.9982E-05 0.097329 0.0135024 0.609093 0.113867 9.9982E-05
0.0848347 9.9991E-05 0.0461142 0.243237 0.0509492 0.566935 0.00783008
0.108726 0.00277346 0.0775796 0.422817 9.9982E-05 0.387904 9.9982E-05
0.0848387 9.9982E-05 9.9982E-05 0.618069 0.0437693 0.0329906 0.220132
0.0886334 0.0332609 0.0155478 0.255428 0.0517556 0.555274 9.9991E-05
0.106056 0.242449 0.0803702 0.0729991 0.0595561 0.30026 0.138309
0.229853 9.9991E-05 0.080641 0.0862418 0.112548 0.416768 0.0738478
0.110013 0.0687623 9.9991E-05 0.0576883 0.0820446 0.447757 0.233635
0.296723 9.9973E-05 9.9973E-05 0.0301525 0.218656 9.9973E-05 0.454169
0.327551 9.9973E-05 9.9973E-05 0.0565395 0.0963639 9.9973E-05 0.519246
0.134475 0.0591515 0.0126403 0.0209934 0.0859495 0.366739 0.320051
0.330219 9.9973E-05 9.9973E-05 0.10184 0.231482 9.9973E-05 0.33616
0.448024 9.9964E-05 9.9964E-05 9.9964E-05 0.238788 9.9964E-05 0.312788
0.152684 0.0439773 9.9991E-05 0.0540018 0.117543 0.359879 0.271816
0.226185 9.9991E-05 0.110304 0.0321047 0.163262 0.34212 0.125924
0.286124 9.9982E-05 9.9982E-05 0.155407 0.180452 0.156149 0.221669
0.293874 9.9982E-05 9.9982E-05 0.0525567 0.188355 0.0669267 0.398088
0.12588 0.0208813 0.0175884 0.110095 0.127951 0.514764 0.08284
0.202458 9.9991E-05 0.137315 0.0950056 0.156005 0.0738972 0.33522
0.469229 9.9973E-05 9.9973E-05 0.0166205 0.0444257 9.9973E-05 0.469425
0.0651155 0.104445 9.9991E-05 0.124999 0.147033 0.472325 0.0859818
0.206242 9.9982E-05 0.0111435 9.9982E-05 0.301939 0.302347 0.178129
0.244263 9.9973E-05 0.129704 9.9973E-05 0.241633 0.384099 9.9973E-05
0.208105 9.9973E-05 9.9973E-05 0.0345836 0.171694 0.585317 9.9973E-05
0.195505 9.9982E-05 0.109229 0.0138849 0.180024 0.501157 9.9982E-05
0.207898 9.9982E-05 9.9982E-05 0.0835222 0.19531 0.496345 0.0167255
0.355778 0.0506318 9.9982E-05 0.0648869 0.257896 0.270607 9.9982E-05
0.214395 0.0465163 9.9982E-05 0.0459999 0.117366 0.575523 9.9982E-05
0.186646 0.00204423 0.045675 0.00122085 0.341815 0.422498 9.9991E-05
0.246694 0.0195414 0.0289687 0.0744143 0.263419 0.303636 0.063327
0.124045 0.153923 0.238722 0.0259374 0.149641 0.266789 0.0409429
0.140844 0.0680514 0.0271487 0.108141 0.0951963 0.508605 0.0520134
0.190916 9.9991E-05 0.024986 0.0613773 0.0876962 0.457596 0.177329
0.0624511 0.105028 0.201213 9.9982E-05 0.08489 0.546218 9.9982E-05
0.246491 0.0259073 9.9982E-05 0.174095 0.207107 0.3462 9.9982E-05
0.196454 9.9982E-05 0.000565433 0.133259 0.171743 0.497778 9.9982E-05
0.413423 9.9973E-05 9.9973E-05 9.9973E-05 0.175088 0.190142 0.221047
0.142139 0.0325885 9.9982E-05 9.9982E-05 0.235265 0.523455 0.0663516
0.240714 9.9982E-05 9.9982E-05 0.0400353 0.26852 0.244099 0.206432
0.77779 0.093664 0.0596929 9.9973E-05 9.9973E-05 9.9973E-05 0.0685531
0.0741269 0.716787 0.0614607 0.017228 9.9991E-05 0.110158 0.0201399
0.0153298 0.979015 0.00525534 9.9964E-05 9.9964E-05 9.9964E-05 9.9964E-05
0.0178946 0.981606 9.9955E-05 9.9955E-05 9.9955E-05 9.9955E-05 9.9955E-05
9.9955E-05 0.946494 9.9955E-05 9.9955E-05 9.9955E-05 0.0530065 9.9955E-05
9.9955E-05 0.902916 9.9955E-05 9.9955E-05 9.9955E-05 0.0965844 9.9955E-05
9.9964E-05 0.86359 9.9964E-05 0.0299078 9.9964E-05 0.106103 9.9964E-05
0.00695884 0.952283 9.9964E-05 0.0403581 9.9964E-05 9.9964E-05 9.9964E-05
0.18857 0.801261 9.9973E-05 9.9973E-05 0.00502848 0.00484119 9.9973E-05
0.905201 9.9964E-05 9.9964E-05 0.043833 9.9964E-05 0.0505659 9.9964E-05
0.794922 0.112649 9.9973E-05 9.9973E-05 0.0153744 0.0767547 9.9973E-05
0.866607 9.9973E-05 0.00451417 0.0780579 0.0505209 9.9973E-05 9.9973E-05
0.819773 0.0551498 9.9982E-05 0.0138109 9.9982E-05 0.0403785 0.0706877
0.874925 9.9964E-05 0.0812051 9.9964E-05 0.0434705 9.9964E-05 9.9964E-05
0.90132 0.0209887 9.9973E-05 0.051 9.9973E-05 9.9973E-05 0.0263917
0.746057 0.0924566 9.9973E-05 9.9973E-05 0.113684 0.0475025 9.9973E-05
0.891422 9.9982E-05 0.0274672 0.0170511 0.0302894 0.0335703 9.9982E-05
0.618262 0.11286 0.092835 0.0352038 0.101655 0.0281403 0.0110439
0.921902 9.9973E-05 9.9973E-05 0.0171447 0.0482708 0.0123829 9.9973E-05
0.928029 0.0618763 9.9973E-05 9.9973E-05 9.9973E-05 0.00295225 0.00684249
0.832592 0.0277937 9.9991E-05 0.0425999 0.0361875 0.0433988 0.0173284
0.932165 0.0331618 9.9973E-05 0.0281956 9.9973E-05 0.0061777 9.9973E-05
0.860474 0.0454882 9.9982E-05 0.0149519 0.060973 0.0179129 9.9982E-05
0.872735 0.0240141 0.00810599 9.9982E-05 0.0235067 0.0714386 9.9982E-05
0.855734 9.9964E-05 9.9964E-05 9.9964E-05 0.0394847 0.104381 9.9964E-05
0.768782 9.9964E-05 9.9964E-05 9.9964E-05 0.0884179 0.1424 9.9964E-05
0.744689 9.9964E-05 9.9964E-05 9.9964E-05 0.10515 0.149761 9.9964E-05
0.795926 9.9964E-05 9.9964E-05 9.9964E-05 0.000239143 0.203435 9.9964E-05
0.0780649 9.9982E-05 0.100846 0.604623 0.045404 0.170863 9.9982E-05
0.0295203 9.9973E-05 0.0790614 0.298148 9.9973E-05 0.592971 9.9973E-05
0.0474434 0.0269827 0.0933032 0.191936 0.0943498 0.545885 9.9991E-05
9.9973E-05 9.9973E-05 0.0771672 0.760396 0.0112595 9.9973E-05 0.150877
0.0694697 0.028954 0.0771826 0.360763 0.0100848 0.453446 9.9991E-05
0.0671411 9.9973E-05 9.9973E-05 0.859324 0.0155503 9.9973E-05 0.0576849
0.0853663 9.9973E-05 9.9973E-05 0.341358 0.0441773 0.528799 9.9973E-05
9.9973E-05 0.00105345 0.141268 0.599173 9.9973E-05 0.258206 9.9973E-05
0.0393942 0.0336396 0.0322421 0.487456 9.9982E-05 0.407068 9.9982E-05
0.0326165 9.9973E-05 0.316045 9.9973E-05 9.9973E-05 0.55149 0.0995481
0.0564138 0.0665889 0.0272948 0.606569 0.0242196 0.218814 9.9991E-05
0.0449648 0.0660527 0.0441331 0.280668 0.0190474 0.511257 0.0338772
0.0244951 0.0668655 0.00993752 0.488187 0.0323316 0.378083 9.9991E-05
9.9973E-05 0.417888 0.0111281 9.9973E-05 9.9973E-05 0.141084 0.4296
9.9964E-05 9.9964E-05 0.00514649 0.733028 9.9964E-05 9.9964E-05 0.261425
9.9973E-05 0.0577383 9.9973E-05 0.81488 0.0229988 9.9973E-05 0.104083
0.0894677 0.00868066 0.051147 0.336836 0.0151436 0.498625 9.9991E-05
0.083958 9.9973E-05 0.00697736 0.491802 9.9973E-05 0.416962 9.9973E-05
0.121114 9.9982E-05 0.016644 0.329436 9.9982E-05 0.445394 0.0872122
