0.920209 0.0225867 9.9973E-05 0.0108089 0.0460954 9.9973E-05 9.9973E-05
0.944782 0.0453637 9.9964E-05 9.9964E-05 9.9964E-05 0.00945471 9.9964E-05
0.8112 0.0427681 0.0511869 9.9982E-05 0.00784671 9.9982E-05 0.0867986
0.785326 9.9973E-05 0.0846825 9.9973E-05 0.105853 9.9973E-05 0.0238392
0.895663 9.9973E-05 0.0134513 9.9973E-05 9.9973E-05 0.0723137 0.0182721
0.61069 0.0915907 0.058492 0.0695126 0.106448 0.0197041 0.0435625
0.825529 0.0308749 0.00840015 0.069504 0.0634915 0.00210076 9.9991E-05
0.712747 9.9982E-05 0.0226771 0.120089 0.137499 9.9982E-05 0.00678836
0.842572 0.0831997 9.99729E-05 0.0427891 0.0311392 9.99729E-05 9.99729E-05
0.702777 9.9991E-05 0.0749966 0.00334119 0.0481632 0.10227 0.0683525
0.697652 0.0238954 9.9982E-05 0.157882 0.116475 9.9982E-05 0.00389626
9.9982E-05 0.22909 0.0349183 0.00607044 0.461217 9.9982E-05 0.268505
9.9973E-05 0.138677 0.131772 9.9973E-05 0.273559 9.9973E-05 0.455693
0.0844734 0.13674 0.137344 0.0564599 0.358713 0.0971911 0.129078
0.062427 0.188299 0.153232 9.9991E-05 0.306096 0.0310033 0.258842
0.140715 0.161046 0.111219 0.0404524 0.187577 0.0425015 0.316488
0.110309 9.9991E-05 0.0869205 0.0287759 0.102269 0.0706479 0.600977
9.999E-05 0.198841 0.0592203 0.0531119 0.180626 0.0281675 0.479933
0.130297 0.225703 0.112122 9.9982E-05 0.278329 9.9982E-05 0.253349
0.0158829 0.211606 0.076517 0.114008 0.581786 9.9982E-05 9.9982E-05
0.00365416 0.224667 0.0914255 9.9991E-05 0.252518 0.0662296 0.361406
0.041683 0.189999 0.0392763 0.0716783 0.220268 0.0377987 0.399297
0.0910648 0.0887015 0.0158456 0.0561743 0.134261 0.0441448 0.569808
0.051333 0.217197 0.111397 0.0377893 0.282428 9.9991E-05 0.299757
0.0793902 0.0693346 0.0455835 0.0877415 0.0479433 0.01202 0.657987
9.999E-05 0.0145904 0.193752 0.0740684 0.259007 0.0308862 0.427596
0.0776555 0.302043 0.0740883 0.0404952 0.373617 0.00086912 0.131231
0.000296257 0.219738 0.263577 9.9982E-05 0.415192 9.9982E-05 0.100997
0.0168618 0.19712 0.0420828 0.0404936 0.398314 0.104772 0.200355
0.854741 9.9964E-05 0.0258691 9.9964E-05 9.9964E-05 9.9964E-05 0.11899
0.845835 9.9964E-05 0.0114536 9.9964E-05 9.9964E-05 9.9964E-05 0.142311
0.798644 0.040513 0.0345137 9.9973E-05 9.9973E-05 9.9973E-05 0.12603
0.717663 0.0860816 0.0950015 9.9973E-05 9.9973E-05 9.9973E-05 0.100954
0.0996379 0.164261 9.9991E-05 0.112032 0.0477148 0.022883 0.553371
0.0646421 0.311435 0.0474007 9.9982E-05 0.0727226 9.9982E-05 0.503599
0.0132059 0.398477 9.9973E-05 9.9973E-05 9.9973E-05 0.0160735 0.571944
0.0790352 0.156222 0.0498477 9.9991E-05 0.591219 0.0170561 0.106521
0.0388975 0.564805 0.00390974 0.0381702 9.9982E-05 9.9982E-05 0.354018
0.0842962 0.247698 0.00323615 9.9991E-05 0.0728913 0.110392 0.481386
0.00903831 0.169544 0.0647474 0.0189577 9.9991E-05 0.0154772 0.722135
0.0929517 0.140174 0.0365695 0.11536 0.0210287 9.9991E-05 0.593817
0.110385 0.101846 9.9982E-05 0.103241 0.0621067 9.9982E-05 0.622221
0.00518142 0.712142 0.00696678 0.0353793 0.103742 9.9991E-05 0.136489
0.0340122 0.0377312 0.0226401 0.262734 9.9982E-05 9.9982E-05 0.642682
0.0418016 0.250461 0.057658 0.0582784 0.0396639 0.0170602 0.535077
0.185836 0.115801 0.0551796 0.0825208 0.0283444 9.9991E-05 0.532218
9.9973E-05 0.594509 9.9973E-05 0.010352 9.9973E-05 0.0832004 0.311639
0.0729124 0.223332 0.069307 9.9982E-05 0.0437052 9.9982E-05 0.590544
0.0980535 0.17844 0.055988 9.9982E-05 9.9982E-05 0.128879 0.53844
0.0467727 0.68896 9.9964E-05 0.263868 9.9964E-05 9.9964E-05 9.9964E-05
9.9982E-05 0.257526 9.9982E-05 0.0726468 0.40517 0.0538727 0.210585
9.9991E-05 0.277833 0.0418902 0.331081 0.198255 0.0931912 0.0576493
0.1475 9.9982E-05 0.0548159 9.9982E-05 0.143479 0.0164675 0.637537
0.0495519 9.9982E-05 9.9982E-05 0.117291 0.0659299 0.104661 0.662366
0.112218 0.0504439 0.0391781 0.0833339 0.0290525 0.074262 0.611512
0.0486946 0.253382 9.9991E-05 0.133513 0.32606 0.0234217 0.214829
0.0164178 0.0424593 0.0263547 0.0752024 0.213658 0.0661363 0.559771
0.032249 0.0637971 0.148973 0.0962401 0.0804473 0.0651203 0.513173
0.116575 0.151328 9.9991E-05 0.082443 0.213715 0.0260186 0.40982
0.222471 0.166258 0.0684326 0.128025 0.339807 0.0550217 0.0199841
0.057262 0.176619 0.0700347 0.0476952 0.108877 0.0447692 0.494743
0.0250387 0.0547021 0.0537417 0.0529068 0.252725 0.154037 0.406849
0.050523 0.284996 9.9991E-05 0.167839 0.426322 0.050516 0.019703
9.9991E-05 0.0535356 0.0164302 0.0104565 0.24575 0.174507 0.499221
9.9991E-05 0.091103 0.0719215 0.0120691 0.107174 0.152923 0.564709
0.0756939 0.128549 0.0335216 0.0213854 0.190234 0.132768 0.417848
0.0664471 0.289476 0.0281841 0.0391458 0.200725 0.064088 0.311934
9.9991E-05 0.0984451 0.0639504 0.0993981 0.14178 0.0958869 0.500439
0.0940299 0.0283002 0.100019 9.9991E-05 0.126518 0.162871 0.488161
0.0135666 0.219155 9.9991E-05 0.0789254 0.394732 0.107347 0.186174
9.9964E-05 0.419734 9.9964E-05 9.9964E-05 0.0648537 9.9964E-05 0.515013
0.0292507 0.713696 0.00145746 9.9982E-05 0.0568276 9.9982E-05 0.198568
0.0754848 0.343741 0.0108802 9.9991E-05 0.0253078 0.0391356 0.505351
0.011007 0.856653 9.9964E-05 0.13194 9.9964E-05 9.9964E-05 9.9964E-05
9.9973E-05 0.822239 9.9973E-05 0.103114 0.0125721 0.061775 9.9973E-05
9.9955E-05 0.772496 9.9955E-05 9.9955E-05 9.9955E-05 9.9955E-05 0.227004
0.0440502 0.420078 9.9982E-05 0.0529451 0.0492596 9.9982E-05 0.433467
0.130959 0.143429 0.0413412 0.0361197 0.121604 9.9991E-05 0.526447
0.0612037 0.502761 0.018245 9.9973E-05 9.9973E-05 9.9973E-05 0.41749
0.0513937 0.719133 0.0436212 9.9982E-05 0.110456 9.9982E-05 0.0751955
0.0387599 0.49744 9.9973E-05 9.9973E-05 0.23976 9.9973E-05 0.22374
0.0888009 0.162718 0.0188586 0.0959052 0.0605205 9.9991E-05 0.573097
9.9973E-05 0.633798 0.0227195 9.9973E-05 0.0573143 9.9973E-05 0.285868
0.0349274 0.545327 9.9973E-05 9.9973E-05 0.00139405 9.9973E-05 0.418051
0.00733998 0.548114 9.9973E-05 9.9973E-05 9.9973E-05 0.0771115 0.367135
0.00142046 0.749482 0.0149242 0.202112 9.9982E-05 0.0318612 9.9982E-05
0.0266489 0.250429 0.0248563 0.0734969 0.00913531 9.9991E-05 0.615334
0.798623 9.9973E-05 0.0199431 9.9973E-05 0.0795064 9.9973E-05 0.101627
0.905181 9.9955E-05 9.9955E-05 9.9955E-05 9.9955E-05 9.9955E-05 0.0943193
0.856684 9.9964E-05 0.0403207 9.9964E-05 9.9964E-05 9.9964E-05 0.102595
0.870908 9.9973E-05 0.0221148 0.0506842 9.9973E-05 9.9973E-05 0.0559928
0.879822 9.9973E-05 0.0227342 0.0071294 9.9973E-05 9.9973E-05 0.0900143
0.869596 9.9973E-05 0.041236 9.9973E-05 9.9973E-05 0.045703 0.0431648
0.959297 0.00568888 9.99641E-05 9.99641E-05 9.99641E-05 9.99641E-05 0.0346147
0.1434 0.278229 0.125017 0.00935436 0.0898152 0.0132394 0.340946
0.0690472 0.261022 0.0704789 0.0162143 0.0196234 0.0274671 0.536147
0.0591897 0.898596 9.9964E-05 9.9964E-05 9.9964E-05 0.0418142 9.9964E-05
0.111081 0.135071 0.0565535 0.0813594 0.0515008 0.101445 0.46299
0.047647 0.421556 9.9973E-05 9.9973E-05 0.109607 9.9973E-05 0.42089
0.0763782 0.220015 0.0187996 9.9982E-05 9.9982E-05 0.0681981 0.616409
0.0468858 0.260966 9.9982E-05 9.9982E-05 0.0643038 0.0426037 0.585041
9.9973E-05 0.487787 0.140354 0.0287294 9.9973E-05 9.9973E-05 0.34283
0.0542976 0.752836 9.9982E-05 0.0145955 0.160757 0.0173131 9.9982E-05
0.214734 0.0132205 9.9982E-05 0.014101 9.9982E-05 0.141505 0.616239
0.0964551 0.170436 9.9982E-05 0.0398815 9.9982E-05 0.00363156 0.689396
0.0771073 0.161037 0.0254581 9.9991E-05 0.115362 0.0491929 0.571743
9.9964E-05 0.50982 9.9964E-05 0.154017 9.9964E-05 9.9964E-05 0.335763
9.9973E-05 0.339398 9.9973E-05 0.0464691 9.9973E-05 0.0948666 0.518967
0.0361828 0.424134 9.9982E-05 0.00724525 0.0629862 9.9982E-05 0.469251
9.9973E-05 0.665877 0.0756753 9.9973E-05 9.9973E-05 0.00642749 0.25172
0.0873105 0.45591 9.9973E-05 9.9973E-05 0.0480071 9.9973E-05 0.408472
0.0496129 0.160364 0.0409976 0.0362454 0.131784 0.00167641 0.579319
0.0163706 0.0601393 0.039418 0.109747 0.364131 0.189996 0.220197
0.118271 0.0047235 0.0214637 0.0937858 0.286299 9.9991E-05 0.475357
0.0775761 9.9991E-05 0.0608661 0.0354198 0.201817 0.0467064 0.577515
0.041808 0.0743832 0.0674693 9.9991E-05 0.111031 0.149342 0.555866
0.0236675 0.0134054 9.9982E-05 9.9982E-05 0.350968 0.103333 0.508426
0.0148405 9.9982E-05 0.0889068 0.0802514 0.240966 9.9982E-05 0.574835
0.006913 9.9982E-05 0.0192332 9.9982E-05 0.43024 0.0471504 0.496264
0.0819945 0.068246 9.9982E-05 0.117833 0.163563 9.9982E-05 0.568163
0.00370383 9.9982E-05 0.0246544 0.162094 0.167706 9.9982E-05 0.641641
0.0220286 0.0771389 0.0189496 0.0922734 0.139847 0.096153 0.553609
9.9973E-05 0.0210967 9.9973E-05 9.9973E-05 0.364501 0.0787231 0.535379
9.9973E-05 9.9973E-05 0.104459 0.0884097 0.243143 9.9973E-05 0.563689
0.0510547 0.00608278 0.12799 0.104189 0.153883 0.0184408 0.538359
9.9973E-05 9.9973E-05 0.0423538 9.9973E-05 0.223259 0.141722 0.592366
9.9982E-05 9.9982E-05 0.03482 0.112403 0.118958 0.0975587 0.63606
9.9982E-05 0.132857 0.0886864 9.9982E-05 0.186406 0.106184 0.485667
0.0594339 9.9982E-05 9.9982E-05 0.187482 0.208479 0.105757 0.438647
9.9982E-05 0.10638 0.0336195 9.9982E-05 0.150603 0.047128 0.662069
0.0137528 9.9982E-05 0.0210624 9.9982E-05 0.164699 0.157232 0.643054
0.0565474 0.213149 0.0447988 9.9991E-05 0.326014 0.12764 0.231751
0.0225473 0.111739 0.0651177 0.183824 0.228177 0.185153 0.203442
0.0250301 0.129495 0.0477097 9.9991E-05 0.242639 0.0228287 0.532198
9.9991E-05 0.184689 0.0104184 0.247726 0.285326 0.209846 0.0618947
0.0392632 0.154665 9.9991E-05 0.0152249 0.44855 0.0631692 0.279027
9.9973E-05 0.169321 9.9973E-05 9.9973E-05 0.313553 0.116013 0.400813
0.0555128 0.113817 9.9982E-05 9.9982E-05 0.382451 0.0847834 0.363236
9.9991E-05 0.171916 0.0255742 0.0733993 0.445236 0.0288006 0.254975
0.0185091 0.00404953 0.0240684 0.034104 0.135316 0.132531 0.651422
0.129717 0.0824034 0.0142113 0.00433647 0.13001 0.0317163 0.607605
0.03672 0.170354 0.0276416 0.0531605 0.191842 9.9991E-05 0.520182
9.9991E-05 0.189322 0.033851 0.195278 0.359579 0.0874701 0.134399
0.200297 0.1822 0.0466038 0.00240986 0.08252 0.01289 0.473079
0.0603039 0.150055 0.0435076 0.190335 0.0195217 0.0398357 0.496441
0.0903636 0.146069 9.9982E-05 0.448763 0.149471 0.165133 9.9982E-05
0.139739 0.0768664 9.9982E-05 0.0632971 9.9982E-05 0.146777 0.573121
0.0374743 0.0488179 0.0748579 0.242741 0.0890158 0.147643 0.359449
0.0683661 0.120362 0.0917318 0.197034 0.0185358 0.108151 0.395819
0.0581476 0.169715 9.9991E-05 0.447624 0.0584027 0.0052475 0.260763
0.036215 0.0760107 9.9991E-05 0.455697 0.133956 0.0344032 0.263618
9.9982E-05 0.00521176 9.9982E-05 0.236412 0.174604 0.137955 0.445617
0.149215 0.0851659 0.00640591 0.157063 0.0868802 0.0348245 0.480445
0.0630562 0.183003 0.13383 0.181192 0.0335122 0.0372456 0.368161
0.0319578 0.341874 0.169138 0.366161 0.0742711 0.016498 9.9991E-05
9.9991E-05 0.0103799 0.11129 0.0651689 0.122221 0.16669 0.524151
9.9982E-05 0.22094 9.9982E-05 0.283459 0.0770192 0.0217471 0.396635
9.9982E-05 0.135569 9.9982E-05 0.212137 0.0557391 0.0909696 0.505385
0.0726482 0.0689534 0.0556653 0.100329 0.119348 9.9991E-05 0.582957
0.312632 9.9973E-05 0.197312 0.26111 9.9973E-05 9.9973E-05 0.228646
0.517422 9.9964E-05 0.14847 0.333708 9.9964E-05 9.9964E-05 9.9964E-05
0.391015 9.9964E-05 0.136042 0.472544 9.9964E-05 9.9964E-05 9.9964E-05
0.341233 9.9982E-05 0.335917 0.244129 0.00854156 9.9982E-05 0.0699797
9.9982E-05 0.0229684 9.9982E-05 0.209112 0.0410748 0.0271373 0.699508
0.105322 0.0148343 9.9991E-05 0.156406 0.0518584 0.0558747 0.615605
9.9964E-05 9.9964E-05 0.678069 9.9964E-05 0.0270172 9.9964E-05 0.294514
9.9973E-05 0.047249 0.491661 9.9973E-05 0.154423 9.9973E-05 0.306367
0.134238 0.0546853 0.438885 0.0269099 0.0458839 9.9991E-05 0.299299
9.9973E-05 0.110748 9.9973E-05 0.396129 9.9973E-05 0.14794 0.344883
0.0755743 0.132852 0.0591622 0.136982 0.132244 0.00855647 0.454629
9.9982E-05 0.0420581 9.9982E-05 0.497554 0.0152299 0.1991 0.245858
9.9982E-05 9.9982E-05 0.0291045 0.312664 0.0160204 0.000748592 0.641263
0.0234872 0.0930689 9.9991E-05 0.25941 0.0460138 0.0494214 0.528498
9.9991E-05 0.0532996 0.0260407 0.251384 0.0389664 0.00374299 0.626466
9.9982E-05 0.141688 9.9982E-05 0.486593 0.0347647 0.109847 0.226907
0.0820796 0.0589331 0.101787 0.161979 9.9991E-05 0.0240699 0.571051
0.0867664 9.9991E-05 0.0182403 0.101981 0.0867713 0.0885961 0.617545
9.9955E-05 9.9955E-05 0.97897 9.9955E-05 0.0205304 9.9955E-05 9.9955E-05
9.9991E-05 0.0110826 0.916226 0.00621477 0.00549093 0.0219399 0.038946
9.9973E-05 0.119026 0.641537 9.9973E-05 9.9973E-05 0.0434268 0.19571
0.00390253 9.9982E-05 0.665668 9.9982E-05 0.0246724 0.0420671 0.26349
9.9973E-05 0.0179008 0.776678 0.040254 9.9973E-05 9.9973E-05 0.164867
9.9955E-05 9.9955E-05 0.997784 9.9955E-05 0.00171654 9.9955E-05 9.9955E-05
9.9955E-05 9.9955E-05 0.957571 9.9955E-05 0.0419294 9.9955E-05 9.9955E-05
9.9955E-05 9.9955E-05 0.866622 9.9955E-05 9.9955E-05 9.9955E-05 0.132879
9.9964E-05 9.9964E-05 0.92494 9.9964E-05 0.0511472 9.9964E-05 0.0235125
9.995E-05 9.995E-05 0.9994 9.995E-05 9.995E-05 9.995E-05 9.995E-05
9.995E-05 9.995E-05 0.9994 9.995E-05 9.995E-05 9.995E-05 9.995E-05
9.9964E-05 9.9964E-05 0.775743 0.0237806 9.9964E-05 9.9964E-05 0.200076
0.0348971 9.9973E-05 0.839194 9.9973E-05 0.0901658 9.9973E-05 0.0354436
0.0197812 0.0377493 0.941381 9.9973E-05 0.000788807 9.9973E-05 9.9973E-05
0.0217798 0.0527537 0.465794 9.9982E-05 0.145826 9.9982E-05 0.313646
0.110888 0.0206758 0.577787 9.9991E-05 0.0279191 0.00938956 0.253241
0.0625369 9.9964E-05 0.71537 9.9964E-05 9.9964E-05 9.9964E-05 0.221693
0.0188039 9.9982E-05 0.876998 9.9982E-05 0.0104284 0.01392 0.0796494
9.995E-05 9.995E-05 0.9994 9.995E-05 9.995E-05 9.995E-05 9.995E-05
0.0737913 9.9964E-05 0.819569 9.9964E-05 9.9964E-05 9.9964E-05 0.10624
0.0207861 9.9955E-05 0.978714 9.9955E-05 9.9955E-05 9.9955E-05 9.9955E-05
0.150097 9.9982E-05 0.606099 9.9982E-05 0.0328924 0.0181238 0.192587
0.00984499 0.055939 0.915248 9.9973E-05 9.9973E-05 9.9973E-05 0.0186683
0.267678 9.9973E-05 0.0389441 0.596778 9.9973E-05 0.0963005 9.9973E-05
0.15463 0.045322 0.0387681 0.271772 0.0735126 9.9991E-05 0.415895
0.212243 0.0693567 0.063514 0.15388 0.041691 0.0157404 0.443575
0.169426 9.9973E-05 0.0841124 0.549301 9.9973E-05 9.9973E-05 0.196861
0.13645 0.0186507 0.113489 0.220093 0.0403209 9.9991E-05 0.470896
0.231374 0.0752644 0.109797 0.334549 9.9991E-05 0.0414358 0.20748
0.191908 0.0436167 0.0615146 0.0901963 0.104424 0.0282048 0.480136
0.135397 0.0124622 0.168253 0.305095 9.9982E-05 9.9982E-05 0.378593
0.0975711 0.0288695 0.12187 0.2554 9.9991E-05 0.0710856 0.425104
0.0952921 9.9973E-05 0.189097 0.359408 9.9973E-05 9.9973E-05 0.355903
0.241249 0.113755 0.1183 0.121369 9.9982E-05 9.9982E-05 0.405128
0.832578 9.9973E-05 9.9973E-05 0.0402988 0.085833 9.9973E-05 0.0409907
0.931453 9.9964E-05 0.0412208 0.0269265 9.9964E-05 9.9964E-05 9.9964E-05
0.961495 0.018347 9.9964E-05 9.9964E-05 9.9964E-05 9.9964E-05 0.0197583
0.925817 9.9964E-05 9.9964E-05 9.9964E-05 0.048048 9.9964E-05 0.0257347
0.878238 9.9973E-05 0.0247251 9.9973E-05 0.0870906 9.9973E-05 0.00964631
0.916627 9.9964E-05 0.0576486 9.9964E-05 9.9964E-05 0.0253243 9.9964E-05
0.898327 0.00299617 0.0761836 9.9973E-05 9.9973E-05 9.9973E-05 0.0221928
0.909904 0.0107226 9.9982E-05 0.0473876 9.9982E-05 0.015563 0.0162228
0.932667 0.0139118 9.9964E-05 9.9964E-05 9.9964E-05 0.053021 9.9964E-05
0.86287 9.9964E-05 0.0884247 0.0483055 9.9964E-05 9.9964E-05 9.9964E-05
0.60751 0.14558 9.9973E-05 9.9973E-05 0.194558 0.0520518 9.9973E-05
0.605043 0.0671884 0.0099406 9.9982E-05 0.292204 0.0254245 9.9982E-05
0.540238 0.0257153 9.9982E-05 0.112216 0.259155 0.0624763 9.9982E-05
0.503238 0.178057 9.9982E-05 0.0286437 0.273187 0.0166742 9.9982E-05
0.0760632 0.199367 9.9982E-05 9.9982E-05 0.132369 0.0151387 0.576862
0.0327082 0.339553 9.9991E-05 0.00217442 0.0234733 0.0928126 0.509179
0.0173766 0.331956 0.0651309 0.00322786 0.0924078 0.0086751 0.481226
0.0395659 0.220168 9.9982E-05 9.9982E-05 0.275279 0.0892635 0.375524
9.9982E-05 0.204384 9.9982E-05 0.0246369 0.560863 0.0323592 0.177556
0.0510047 0.212287 0.0721619 9.9991E-05 0.0139462 0.150398 0.500103
9.9982E-05 0.301527 0.00960937 0.0319187 0.0563764 9.9982E-05 0.600369
9.9991E-05 0.311582 0.0323463 0.0260183 0.134081 0.0230378 0.472835
9.9982E-05 0.575713 0.0311094 0.0114561 9.9982E-05 0.0226921 0.35883
0.0951044 0.0671564 0.0131023 0.0529338 0.0854613 0.07893 0.607312
0.00765122 0.45714 9.9973E-05 9.9973E-05 0.102294 9.9973E-05 0.432614
9.9973E-05 0.818156 9.9973E-05 0.0881537 0.0333864 0.060004 9.9973E-05
0.0711323 0.077372 0.0597925 0.0486024 0.151554 0.104002 0.487545
9.9982E-05 0.510407 0.0196149 0.142365 9.9982E-05 0.10622 0.221193
0.0373556 0.362395 9.9991E-05 0.00639402 0.0096606 0.0895877 0.494507
0.0474938 0.69173 9.9982E-05 9.9982E-05 0.195677 0.0298622 0.0350366
0.0613559 9.9973E-05 9.9973E-05 0.225058 0.707982 9.9973E-05 0.00530493
0.095884 9.9982E-05 9.9982E-05 0.176973 0.656982 0.00465791 0.0653036
9.9964E-05 9.9964E-05 9.9964E-05 0.17803 0.787209 0.0343609 9.9964E-05
0.0776283 0.0383393 9.9982E-05 0.0862136 0.785557 0.0120616 9.9982E-05
9.9964E-05 9.9964E-05 0.0280223 0.17865 0.792928 9.9964E-05 9.9964E-05
0.0530128 9.9982E-05 0.0346546 0.0875393 0.737626 9.9982E-05 0.086967
0.90412 9.9973E-05 0.026416 9.9973E-05 9.9973E-05 0.0184182 0.0507462
0.823173 9.9964E-05 9.9964E-05 9.9964E-05 0.0600155 9.9964E-05 0.116412
0.767473 9.9973E-05 0.110521 9.9973E-05 9.9973E-05 0.024892 0.096814
0.758692 9.9973E-05 0.087588 9.9973E-05 0.0977518 9.9973E-05 0.0556683
0.803553 9.9982E-05 0.0585455 0.0238809 0.0342629 9.9982E-05 0.0795575
0.387681 9.9964E-05 9.9964E-05 0.132683 0.479236 9.9964E-05 9.9964E-05
0.438911 0.0407327 9.9982E-05 0.111817 0.368299 0.04004 9.9982E-05
0.446806 0.0482224 9.9973E-05 9.9973E-05 0.395624 0.109048 9.9973E-05
0.821492 9.9964E-05 9.9964E-05 9.9964E-05 0.0232455 9.9964E-05 0.154863
0.390384 0.0657062 0.00536003 0.0479627 0.461888 0.0285993 9.9991E-05
0.189037 9.9982E-05 0.370281 0.138125 9.9982E-05 0.0534784 0.248878
0.193628 0.040612 0.18586 0.0156584 0.051247 9.9991E-05 0.512895
0.182984 9.9964E-05 0.28664 9.9964E-05 9.9964E-05 9.9964E-05 0.529976
0.223137 0.0914436 0.278687 0.0953452 0.00695912 0.0102576 0.29417
0.153851 0.161922 0.173609 9.9991E-05 0.0921782 0.0560539 0.362286
0.460987 9.9973E-05 0.267083 0.243909 9.9973E-05 0.027721 9.9973E-05
9.9982E-05 0.149992 9.9982E-05 0.0559936 0.294666 0.0834232 0.415725
9.9982E-05 0.0730612 9.9982E-05 0.128974 0.256518 0.144836 0.396411
0.0538823 0.0899926 9.9982E-05 9.9982E-05 0.445958 0.082444 0.327523
0.0115371 0.105566 0.0501584 0.0505032 0.109635 0.246299 0.426301
9.9973E-05 0.221622 9.9973E-05 0.3614 0.113152 0.303526 9.9973E-05
0.0989363 0.0561426 0.0945323 0.0609249 0.124724 0.103582 0.461158
0.0138487 0.0146647 0.000733415 0.084105 0.194257 0.139054 0.553337
0.0492829 0.166852 9.9982E-05 9.9982E-05 0.348738 0.0971506 0.337777
0.0528022 0.071195 0.0469074 9.9991E-05 0.14024 0.0442816 0.644474
9.9982E-05 0.245609 9.9982E-05 0.298575 0.236227 0.0942537 0.125135
0.00274708 0.0780671 9.9991E-05 0.167324 0.172288 0.11779 0.461684
9.9982E-05 0.0580544 0.0362616 9.9982E-05 0.323742 0.116741 0.465001
0.120192 0.149476 0.136311 0.0606962 0.110759 9.9991E-05 0.422465
9.9982E-05 0.044205 9.9982E-05 0.115467 0.242362 0.199729 0.398037
0.0662518 0.115961 0.0179705 0.00585129 0.279746 0.0605821 0.453638
0.0267768 0.0925966 0.141906 0.0532708 0.194254 0.123341 0.367854
9.9982E-05 0.0753607 9.9982E-05 0.121221 0.180105 0.101599 0.521515
0.0400157 0.0457062 0.111576 0.0193698 0.152063 0.0585813 0.572688
0.0601389 0.136475 0.0489165 0.0185867 0.143651 9.9991E-05 0.592132
0.0722288 0.0973795 0.0211278 0.0702074 0.114333 0.0297218 0.595001
0.761056 9.9964E-05 0.100255 9.9964E-05 9.9964E-05 9.9964E-05 0.138289
0.828118 9.9973E-05 0.0560175 9.9973E-05 9.9973E-05 0.047157 0.0684072
0.778203 0.0114047 9.9982E-05 0.0584959 0.0839396 9.9982E-05 0.0677565
0.807607 0.0424421 0.00646768 9.9991E-05 0.0586133 0.0479102 0.0368594
0.846795 0.00192203 0.0237354 9.9982E-05 9.9982E-05 0.00537437 0.121974
9.9982E-05 0.0864773 0.0569249 0.0849423 0.587227 9.9982E-05 0.184228
0.09046 0.179806 0.0130171 9.9991E-05 0.139595 0.129451 0.447571
0.171232 9.9982E-05 0.179196 0.155485 0.0909319 9.9982E-05 0.402956
0.0120568 9.9991E-05 0.0423205 0.0635325 0.181627 0.0630692 0.637294
0.0594771 0.165854 9.9982E-05 9.9982E-05 0.190968 0.0719939 0.511507
9.9982E-05 9.9982E-05 0.0926674 0.214784 0.333467 0.0853907 0.273491
0.0687925 0.0788867 9.9982E-05 0.210479 0.612203 9.9982E-05 0.0294387
9.9991E-05 0.130098 0.0593705 0.0220819 0.30082 0.0236312 0.463899
0.0239032 0.0724634 0.0409126 0.105638 0.535704 0.0796439 0.141735
0.0699736 0.169687 0.0739909 0.10017 0.0901361 0.0706675 0.425374
0.145889 0.156877 0.0482225 0.000585566 0.555529 0.0595802 0.0333165
0.0866295 9.9982E-05 0.137085 9.9982E-05 0.227399 0.0732858 0.475401
0.0291084 0.130026 0.0561126 9.9991E-05 0.527138 0.0907659 0.166749
9.9991E-05 0.0589887 0.0894615 0.135104 0.305401 0.100929 0.310015
9.9991E-05 0.0443575 0.0713484 0.190723 0.176761 0.101688 0.415022
9.9973E-05 9.9973E-05 9.9973E-05 0.491384 0.0481444 0.124409 0.335762
0.0409406 0.0731483 9.9991E-05 0.216022 0.0954573 0.0537741 0.520558
0.0357086 0.0119413 9.9991E-05 0.227659 0.0948368 0.0475161 0.582238
9.9982E-05 0.0375336 9.9982E-05 0.3854 0.0691755 0.153128 0.354563
0.00424769 0.0171686 0.125061 0.237363 0.0982693 0.0456201 0.472271
0.0317235 0.0460101 9.9991E-05 0.214626 0.0452545 0.100885 0.561401
9.9982E-05 0.101363 9.9982E-05 0.572633 0.0512346 0.153986 0.120583
9.9973E-05 0.0912145 9.9973E-05 0.569619 9.9973E-05 0.0375744 0.301292
9.9973E-05 9.9973E-05 9.9973E-05 0.360439 0.0458395 0.0519864 0.541435
9.9982E-05 0.212911 9.9982E-05 0.434104 0.0742709 0.0665046 0.21201
9.9973E-05 0.105489 9.9973E-05 0.316964 0.0787583 9.9973E-05 0.498489
9.9982E-05 0.24122 0.099989 0.0410753 0.56935 9.9982E-05 0.0481658
9.9991E-05 0.18338 0.0220135 0.0450275 0.332146 0.262819 0.154514
0.0272462 0.0157738 0.108269 9.9991E-05 0.422161 0.0772221 0.349228
0.0329105 0.0516523 0.0687421 0.0601713 0.186066 9.9991E-05 0.600357
9.9982E-05 0.272573 0.0601615 0.000871865 0.502362 9.9982E-05 0.163832
0.0899817 9.9991E-05 0.0871554 0.166549 0.162526 0.0643849 0.429303
0.0589645 0.0128951 0.0481167 0.0507044 0.213479 9.9991E-05 0.61574
0.0634516 0.198076 0.0986449 0.0158837 0.182241 0.0828556 0.358847
9.9982E-05 0.108391 0.0936412 9.9982E-05 0.240071 0.112114 0.445583
0.0141215 0.185471 0.0239318 9.9982E-05 0.291182 9.9982E-05 0.485094
9.9982E-05 0.182376 0.110646 9.9982E-05 0.49216 0.0130803 0.201538
9.9982E-05 0.0499397 0.0845198 9.9982E-05 0.421621 0.0911942 0.352525
9.9991E-05 0.137537 0.0581879 0.0269686 0.176304 0.0523637 0.548539
0.0244747 0.024633 0.10705 0.00617006 0.193147 0.0816848 0.562841
0.00915777 9.9982E-05 9.9982E-05 0.170924 0.254213 0.0966741 0.468831
9.9982E-05 9.9982E-05 0.0906319 0.00398419 0.260104 0.188892 0.456188
0.0400179 9.9982E-05 0.00173502 0.122121 0.38834 9.9982E-05 0.447586
0.0199639 0.0941308 0.026416 0.0319684 0.181359 0.0115132 0.634649
0.11969 0.0480806 0.00717685 0.0804999 0.161845 0.069771 0.512936
0.151954 0.038891 0.0518333 0.100143 0.0163782 0.11064 0.53016
0.381503 0.0353727 0.108878 0.0560157 9.9982E-05 9.9982E-05 0.41803
0.150482 0.124214 0.253403 0.109028 9.9991E-05 0.0109237 0.351849
0.176935 0.0627363 0.0717708 0.0331986 0.0288133 0.0354908 0.591055
0.0606042 0.0383575 0.141436 0.089856 0.10618 9.9991E-05 0.563466
0.210867 0.107673 0.231911 0.00716332 9.9991E-05 0.0321109 0.410174
9.9991E-05 0.0843743 0.0221552 0.161974 0.206402 0.0845727 0.440422
0.066429 0.209536 0.182925 0.0194979 0.0473086 9.9991E-05 0.474204
0.189866 0.169026 0.162454 0.46732 9.9982E-05 9.9982E-05 0.0111329
0.107542 0.0272062 0.163675 0.0789429 0.0692723 9.9991E-05 0.553262
0.148955 0.136353 0.118084 9.9991E-05 0.0541422 0.01448 0.527886
0.0408577 9.9982E-05 0.270537 9.9982E-05 0.127689 0.122883 0.437833
0.171057 0.113505 0.118329 0.159909 0.0625493 0.0288794 0.345771
0.164145 9.9973E-05 0.15286 0.133156 9.9973E-05 9.9973E-05 0.549539
0.146325 9.9982E-05 0.181631 0.0660207 9.9982E-05 0.10625 0.499572
0.434589 0.000248515 0.196232 0.368631 9.9973E-05 9.9973E-05 9.9973E-05
0.184359 9.9973E-05 0.179031 0.0860302 9.9973E-05 9.9973E-05 0.55028
0.152503 9.9982E-05 0.174122 0.05871 9.9982E-05 0.0478247 0.566641
0.106671 0.0726752 0.180269 0.118445 0.00417079 0.0704899 0.44728
0.166863 9.9973E-05 0.158111 0.113361 9.9973E-05 9.9973E-05 0.561365
0.16262 0.0307516 0.156435 0.0966385 0.0440087 0.0204811 0.489065
0.0249904 0.0872049 0.0472652 9.9991E-05 0.0290092 0.417494 0.393936
0.0737621 0.0494394 0.155056 0.102958 9.9991E-05 0.105308 0.513376
9.9964E-05 0.116186 9.9964E-05 9.9964E-05 0.0690076 0.814406 9.9964E-05
9.9973E-05 0.0430123 9.9973E-05 0.036385 0.0730258 0.847277 9.9973E-05
0.0685928 0.0759381 0.107106 0.0352041 0.00852805 0.252628 0.452002
0.0981007 9.9991E-05 0.2883 0.0771806 0.0188522 0.104456 0.413011
0.0831675 9.9982E-05 0.336798 0.0513636 9.9982E-05 0.250224 0.278247
0.259263 9.9982E-05 0.273926 0.104874 9.9982E-05 0.195324 0.166414
0.173886 9.9982E-05 0.255873 0.0338126 9.9982E-05 0.149212 0.387017
0.0929058 9.9982E-05 0.0705511 0.141085 9.9982E-05 0.692589 0.0026687
0.0992296 9.9982E-05 0.102088 0.0221003 9.9982E-05 0.683055 0.0933276
0.0300831 0.0217144 0.113079 9.9982E-05 9.9982E-05 0.379001 0.455923
0.033741 9.9973E-05 0.131028 9.9973E-05 9.9973E-05 0.447543 0.387388
0.0580925 9.9973E-05 0.124866 9.9973E-05 9.9973E-05 0.710558 0.106184
0.0576032 0.131974 0.117532 9.9991E-05 0.0725185 0.26541 0.354862
0.0175192 9.9973E-05 0.0881507 9.9973E-05 9.9973E-05 0.339104 0.554926
0.0809742 9.9982E-05 0.132486 9.9982E-05 0.120071 0.314706 0.351562
0.0268301 0.0430045 9.9982E-05 9.9982E-05 0.0996894 0.582101 0.248175
0.0115185 0.111357 0.0122265 0.0398224 9.9991E-05 0.495744 0.329232
0.0869465 0.00460538 0.0345259 0.0496007 0.104262 0.217216 0.502844
0.0446403 0.114585 0.0316346 9.9991E-05 0.100061 0.288825 0.420154
0.0565328 0.0563473 0.0991901 0.0985332 0.0466079 0.152943 0.489846
9.9973E-05 9.9973E-05 9.9973E-05 0.102966 0.00757874 0.394224 0.494931
9.9964E-05 9.9964E-05 9.9964E-05 9.9964E-05 0.0774145 0.785664 0.136521
9.9964E-05 0.109293 9.9964E-05 9.9964E-05 9.9964E-05 0.308528 0.581778
9.9973E-05 0.0611922 9.9973E-05 9.9973E-05 0.0516536 0.719286 0.167568
0.0459929 9.9973E-05 9.9973E-05 0.0242139 9.9973E-05 0.490218 0.439275
0.0871553 9.9982E-05 0.0474258 0.0300156 9.9982E-05 0.251007 0.584196
0.019666 0.0501884 9.9991E-05 0.0319366 0.0872372 0.32801 0.482862
0.144052 0.0469022 0.143576 0.112964 0.0184807 0.0400565 0.493969
0.108895 0.032548 0.126643 0.148495 0.0636479 0.0352673 0.484504
0.15374 0.0739543 0.278351 0.130629 0.0213958 0.0627698 0.279159
0.178282 9.9991E-05 0.249269 0.0931792 0.116123 0.081553 0.281494
0.165632 0.0562232 0.176899 0.0636676 0.108201 0.000770957 0.428607
0.12038 9.9991E-05 0.143591 0.0819883 0.0268356 0.229786 0.397319
0.160868 9.9973E-05 0.11047 0.118046 9.9973E-05 0.610317 9.9973E-05
0.100946 9.9982E-05 0.197745 0.00784765 9.9982E-05 0.0927868 0.600474
0.34404 9.9973E-05 0.105759 0.130159 9.9973E-05 0.419743 9.9973E-05
0.0367774 9.9973E-05 0.175443 9.9973E-05 9.9973E-05 0.336553 0.450927
9.9973E-05 0.180134 9.9973E-05 0.0436322 9.9973E-05 0.774444 0.00149057
9.9964E-05 0.0910002 9.9964E-05 0.0221887 9.9964E-05 0.886411 9.9964E-05
9.9964E-05 0.0625058 9.9964E-05 9.9964E-05 9.9964E-05 0.469088 0.468007
0.00660823 9.9964E-05 9.9964E-05 9.9964E-05 9.9964E-05 0.430737 0.562255
9.9973E-05 0.0708879 9.9973E-05 9.9973E-05 0.0447583 0.567575 0.316478
9.9973E-05 0.0421389 0.0361635 9.9973E-05 9.9973E-05 0.528864 0.392534
9.9982E-05 0.021972 9.9982E-05 0.0262055 0.0289137 0.442021 0.480688
0.780672 9.9991E-05 0.0333364 0.0257154 0.000982822 0.0722533 0.0869401
0.726747 0.0341886 0.0812617 0.00707595 0.141345 0.0092817 9.9991E-05
0.856074 9.9964E-05 0.0919976 9.9964E-05 0.0515287 9.9964E-05 9.9964E-05
0.929752 9.9964E-05 9.9964E-05 9.9964E-05 9.9964E-05 0.0520558 0.0177924
0.0416976 0.374145 0.0517467 9.9982E-05 0.0353537 9.9982E-05 0.496857
0.0660688 0.3067 0.0133171 9.9991E-05 0.0624778 0.0992471 0.452089
9.9955E-05 0.522364 9.9955E-05 9.9955E-05 9.9955E-05 9.9955E-05 0.477137
0.107846 0.223207 9.9973E-05 0.0413536 9.9973E-05 9.9973E-05 0.627294
0.0495623 0.120961 0.0014457 0.174608 0.0962278 9.9991E-05 0.557095
0.0670367 0.577026 9.9982E-05 0.019109 0.0686666 9.9982E-05 0.267962
0.0328116 0.355104 0.0651415 9.9982E-05 9.9982E-05 0.017221 0.529522
9.9973E-05 0.491568 9.9973E-05 0.138473 9.9973E-05 0.0651584 0.304501
0.263529 9.9982E-05 0.129933 0.091939 9.9982E-05 0.0775263 0.436873
9.9991E-05 0.43998 0.0123614 0.0398317 0.0496119 0.0341137 0.424002
9.9964E-05 0.46507 9.9964E-05 9.9964E-05 0.153153 9.9964E-05 0.381377
9.9982E-05 0.441258 0.0235915 9.9982E-05 0.0164015 0.0403167 0.478233
0.023543 0.511161 9.9982E-05 9.9982E-05 0.0209069 0.0536655 0.390523
9.9973E-05 0.316274 9.9973E-05 0.0589257 9.9973E-05 0.0107344 0.613766
0.121718 0.374548 0.0244668 9.9991E-05 0.0125424 0.042863 0.423762
9.9964E-05 0.90795 9.9964E-05 9.9964E-05 9.9964E-05 0.0605144 0.0311359
9.9991E-05 0.564745 0.01037 0.0386967 0.0600933 0.0398556 0.28614
9.9982E-05 0.483701 9.9982E-05 0.0202296 0.07474 0.049141 0.371989
9.9964E-05 0.798574 9.9964E-05 0.191204 9.9964E-05 0.00982241 9.9964E-05
0.0442828 0.406195 0.0214142 9.9991E-05 0.0847686 0.0411557 0.402083
9.9964E-05 0.655215 9.9964E-05 0.240244 9.9964E-05 9.9964E-05 0.104141
9.9964E-05 0.734615 9.9964E-05 0.199172 9.9964E-05 0.0658132 9.9964E-05
0.0231631 0.282685 0.0939262 9.9991E-05 0.0210406 0.0572295 0.521856
0.072298 0.653927 9.9973E-05 9.9973E-05 0.0399124 9.9973E-05 0.233563
9.9982E-05 0.387319 0.0502379 0.0374376 0.127006 9.9982E-05 0.397799
0.0553337 0.319919 0.115129 9.9982E-05 9.9982E-05 0.0214166 0.488001
9.9982E-05 0.361048 0.0677172 9.9982E-05 0.047827 0.0211547 0.502053
9.9991E-05 0.0448638 0.0315848 0.159864 0.314169 0.111298 0.33812
9.9982E-05 0.338832 0.104432 9.9982E-05 0.0292226 0.0431172 0.484196
0.0641194 0.321173 9.9982E-05 9.9982E-05 0.072512 0.00862632 0.533369
9.9964E-05 0.667476 9.9964E-05 0.0425354 9.9964E-05 9.9964E-05 0.289589
0.156857 0.189845 0.0183119 0.0146243 9.9991E-05 0.111398 0.508863
0.621363 0.0321789 9.9973E-05 0.0644611 0.281697 9.9973E-05 9.9973E-05
0.767585 0.111778 9.9982E-05 0.00239987 0.11089 0.00714774 9.9982E-05
0.820468 0.00812673 9.9973E-05 0.0626872 0.108419 9.9973E-05 9.9973E-05
0.81338 9.9973E-05 9.9973E-05 0.0116088 0.137639 0.0370721 9.9973E-05
0.738311 9.9973E-05 9.9973E-05 0.0337688 0.2 9.9973E-05 0.0276205
0.0312981 0.792145 0.0108244 9.9982E-05 0.0671474 9.9982E-05 0.098385
0.0658973 0.72198 9.9982E-05 0.0263054 0.0842269 9.9982E-05 0.101391
9.9964E-05 0.819248 9.9964E-05 9.9964E-05 9.9964E-05 0.0365877 0.143765
0.122688 0.111559 0.0935033 0.0278792 9.9991E-05 0.127668 0.516603
0.106424 0.145534 0.0870611 0.0432684 0.0598983 0.0634401 0.494374
0.0214155 0.581819 9.9982E-05 0.070369 9.9982E-05 0.0286694 0.297527
0.00105542 0.291257 0.0879403 0.0332587 9.9982E-05 9.9982E-05 0.586289
0.0489307 0.506246 0.0462418 0.00582682 9.9991E-05 0.0237365 0.368918
0.0319429 0.264974 9.9982E-05 0.0534727 9.9982E-05 0.0914714 0.557939
0.0649173 0.263226 0.0140494 9.9982E-05 0.0099457 9.9982E-05 0.647662
9.9982E-05 0.583147 0.0343006 9.9982E-05 0.102483 0.0504948 0.229374
0.00921537 0.551995 0.00596883 9.9982E-05 0.0881185 9.9982E-05 0.344502
9.9973E-05 0.574451 0.0296098 9.9973E-05 0.130403 9.9973E-05 0.265236
0.0496842 9.9982E-05 9.9982E-05 0.21386 0.0297685 0.0362517 0.670236
0.0102593 0.588819 9.9973E-05 9.9973E-05 0.00186238 9.9973E-05 0.398759
0.0460042 0.426302 0.0119343 0.0314438 9.9982E-05 9.9982E-05 0.484116
0.027574 9.9982E-05 0.447911 9.9982E-05 0.165975 0.00525441 0.353085
0.112445 0.0230227 0.487849 9.9982E-05 0.017126 9.9982E-05 0.359357
0.0862824 9.9982E-05 0.410795 0.0151985 9.9982E-05 0.0127371 0.474787
0.132184 9.9982E-05 0.423572 0.0927595 9.9982E-05 0.0116301 0.339654
0.0986446 9.9973E-05 0.276677 0.130158 9.9973E-05 9.9973E-05 0.494221
0.00254896 0.389297 0.0610181 0.116808 9.9982E-05 9.9982E-05 0.430128
0.206171 9.9982E-05 0.629192 0.0905074 9.9982E-05 0.013231 0.0606982
0.150663 9.9973E-05 0.449149 9.9973E-05 9.9973E-05 0.0653413 0.334546
0.154842 0.0117751 0.120403 0.250921 9.9982E-05 9.9982E-05 0.461859
0.0989363 0.0522101 9.9982E-05 0.223783 0.00279407 9.9982E-05 0.622076
0.130363 0.0323184 9.9991E-05 0.292779 0.0360614 0.0459228 0.462455
0.07373 9.9973E-05 9.9973E-05 0.222053 0.0584282 9.9973E-05 0.645489
0.0362369 9.9991E-05 0.051456 0.18829 0.102148 0.0132641 0.608506
0.200282 9.9973E-05 0.477875 9.9973E-05 9.9973E-05 0.00557258 0.31597
0.123966 0.095413 0.377243 9.9982E-05 9.9982E-05 0.0718638 0.331314
0.10342 9.9973E-05 0.472565 0.00597421 9.9973E-05 9.9973E-05 0.417741
0.126232 0.0652216 0.289393 9.9991E-05 0.065801 0.087772 0.36548
0.106865 0.0136083 0.50432 0.0514356 9.9991E-05 0.0117837 0.311887
0.115952 0.0802422 0.273128 0.0196883 9.9982E-05 9.9982E-05 0.51079
0.133865 9.9982E-05 0.506153 0.0405741 9.9982E-05 0.0850358 0.234172
0.0993343 0.0167677 0.366001 0.0208064 0.0752705 0.0656764 0.356144
9.9973E-05 0.033259 0.00348742 0.320344 9.9973E-05 9.9973E-05 0.64261
0.13777 9.9982E-05 0.410049 0.073945 0.0550837 9.9982E-05 0.322952
0.169289 9.9973E-05 0.589128 0.0728204 9.9973E-05 9.9973E-05 0.168463
0.131602 0.104275 0.373546 0.0548785 0.0258304 9.9991E-05 0.309768
0.108946 0.15807 9.9982E-05 0.337095 0.174491 9.9982E-05 0.221199
9.9982E-05 0.0206106 0.130619 0.285899 0.0555764 9.9982E-05 0.507096
0.155867 9.9991E-05 0.2375 0.0682457 0.047381 0.0137533 0.477153
0.0484761 9.9982E-05 0.0234323 0.251202 0.0433917 9.9982E-05 0.633298
0.126525 0.0133966 9.9991E-05 0.231915 0.0829873 0.0221349 0.522942
0.122799 0.145562 0.272769 0.0476668 0.0685932 9.9991E-05 0.34251
0.233211 9.9982E-05 0.280459 0.0459334 9.9982E-05 0.155948 0.284249
0.155664 0.104559 0.116107 0.105732 0.00330984 9.9991E-05 0.514528
0.137332 0.0562217 0.386112 0.0219044 9.9991E-05 0.0377182 0.360611
0.0970862 0.0461984 0.404591 9.9973E-05 9.9973E-05 9.9973E-05 0.451825
0.222015 9.9982E-05 0.528853 0.0166738 9.9982E-05 0.00629317 0.225965
0.0613784 9.9982E-05 0.0647423 0.159136 0.0802098 9.9982E-05 0.634334
0.111103 0.0746139 9.9982E-05 0.24776 0.101564 9.9982E-05 0.464758
0.0265865 0.0106891 0.0046953 0.747028 9.9982E-05 9.9982E-05 0.210801
0.158131 0.117242 0.00861695 0.119651 0.0429056 0.0397144 0.513739
0.0760355 0.0639805 0.0338635 0.160499 0.199333 0.138257 0.328032
0.21165 9.9973E-05 0.0800312 0.168949 9.9973E-05 9.9973E-05 0.539069
0.090671 0.00173493 0.14421 0.217074 0.102882 0.0940983 0.34933
0.231 9.9964E-05 0.210688 0.557913 9.9964E-05 9.9964E-05 9.9964E-05
0.227024 9.9964E-05 0.0829861 0.68959 9.9964E-05 9.9964E-05 9.9964E-05
0.139528 9.9991E-05 0.0879816 0.36311 0.0606118 0.0880158 0.260653
0.289808 0.022657 0.191794 0.404324 9.9991E-05 0.0373549 0.053962
0.346621 9.9964E-05 0.235409 0.41757 9.9964E-05 9.9964E-05 9.9964E-05
0.0576585 0.0168661 0.159834 0.248619 0.0600936 0.0969385 0.35999
0.163436 0.00898654 0.183727 0.174918 0.0291774 0.10028 0.339476
0.193993 0.0152363 0.186973 0.370979 0.0294407 9.9991E-05 0.203278
0.311859 9.9973E-05 0.0761671 0.444572 9.9973E-05 9.9973E-05 0.167102
0.0703552 0.0345181 0.113335 0.223733 0.0478202 0.00304811 0.50719
0.181565 0.077593 0.147594 0.409837 9.9991E-05 0.0290481 0.154263
0.366095 9.9964E-05 0.0769742 0.556531 9.9964E-05 9.9964E-05 9.9964E-05
0.174052 9.9982E-05 0.148809 9.9982E-05 0.118273 0.118107 0.440559
0.115322 0.0454464 0.291364 0.203985 0.035432 0.0824479 0.226003
0.253302 0.0576741 0.195123 9.9982E-05 0.0682985 9.9982E-05 0.425402
0.131142 0.0219466 0.294181 0.0158795 0.0390418 9.9991E-05 0.49771
0.175926 0.00661256 0.190867 0.0836477 9.9991E-05 0.00100308 0.541844
0.0913231 0.0716957 0.269005 0.0581512 9.9991E-05 0.034556 0.475169
0.38875 0.0599752 0.208999 9.9982E-05 9.9982E-05 0.0326125 0.309463
0.275072 0.015207 0.0739039 0.0058119 0.0137889 0.0526473 0.563569
0.26261 0.0792766 0.25923 0.019228 9.9982E-05 9.9982E-05 0.379455
0.253523 9.9991E-05 0.184774 0.153913 0.0461671 0.0625283 0.298995
0.114752 0.243403 0.1919 0.0482737 0.132252 9.9991E-05 0.26932
0.104534 0.155522 0.106336 0.0339419 0.098866 9.9991E-05 0.5007
0.172133 0.0950983 0.148161 0.067743 9.9982E-05 9.9982E-05 0.516665
0.154767 0.0549904 0.119367 0.0104811 9.9991E-05 0.0997764 0.560518
0.278419 9.9991E-05 0.247342 0.0681931 0.0134276 0.0537597 0.338759
0.221036 0.0019016 0.214847 0.0559538 9.9991E-05 0.0533564 0.452805
0.353666 0.0655031 0.187583 0.208831 9.9991E-05 0.0100511 0.174265
0.161921 0.0847252 0.202913 9.9991E-05 0.0508219 0.0170789 0.48244
0.276073 9.9973E-05 0.25489 0.21034 9.9973E-05 9.9973E-05 0.258397
0.774127 0.0660107 0.00293071 0.041868 0.110149 9.9991E-05 0.00481384
0.0678085 0.099265 0.0504624 9.9982E-05 0.729572 9.9982E-05 0.0526917
9.9955E-05 0.040373 9.9955E-05 9.9955E-05 0.959127 9.9955E-05 9.9955E-05
0.000377678 9.9964E-05 9.9964E-05 9.9964E-05 0.994468 9.9964E-05 0.00475486
9.9955E-05 9.9955E-05 9.9955E-05 9.9955E-05 0.958723 9.9955E-05 0.0407777
0.0294851 9.9973E-05 0.00844971 9.9973E-05 0.88465 9.9973E-05 0.0771154
9.9964E-05 9.9964E-05 9.9964E-05 0.0223878 0.900805 9.9964E-05 0.0764077
0.0632044 9.9955E-05 9.9955E-05 9.9955E-05 0.936296 9.9955E-05 9.9955E-05
0.190147 9.9955E-05 9.9955E-05 9.9955E-05 0.809353 9.9955E-05 9.9955E-05
0.871559 0.00432868 0.0302837 0.032186 0.0501429 9.9991E-05 0.0113992
0.806482 9.9973E-05 0.00584629 9.9973E-05 0.126451 9.9973E-05 0.0609203
0.923389 0.0429737 0.0127976 9.9973E-05 9.9973E-05 9.9973E-05 0.0205398
0.799071 9.9982E-05 9.9982E-05 0.0196522 0.0961247 0.0574264 0.0275253
0.913408 0.0186077 0.0424197 9.9973E-05 9.9973E-05 9.9973E-05 0.0252646
0.895155 9.9964E-05 9.9964E-05 9.9964E-05 0.0373844 0.067061 9.9964E-05
0.709109 9.9982E-05 0.128111 0.078654 0.0464053 9.9982E-05 0.0375202
0.863807 0.0267074 0.0673696 9.9991E-05 0.0114462 0.0279354 0.00263483
0.741596 0.0343403 0.0142311 9.9991E-05 0.12516 0.0321938 0.0523784
0.873606 0.0257718 0.0847818 0.0155405 9.9973E-05 9.9973E-05 9.9973E-05
0.948006 9.9964E-05 9.9964E-05 9.9964E-05 0.00704285 0.0445517 9.9964E-05
0.837451 9.9982E-05 0.0235871 0.0455623 0.00704669 9.9982E-05 0.086153
0.942286 9.9964E-05 9.9964E-05 0.00742222 0.0498916 9.9964E-05 9.9964E-05
0.845751 9.9982E-05 0.0649787 0.0496623 0.0260885 9.9982E-05 0.0133197
0.839754 9.9973E-05 0.0195652 9.9973E-05 0.0293612 9.9973E-05 0.11102
0.855792 9.9964E-05 0.0557528 9.9964E-05 9.9964E-05 9.9964E-05 0.0880549
0.778897 9.9964E-05 0.131263 9.9964E-05 9.9964E-05 9.9964E-05 0.089441
0.783494 9.9964E-05 0.072665 9.9964E-05 9.9964E-05 9.9964E-05 0.143442
0.836623 9.9964E-05 0.0223123 9.9964E-05 9.9964E-05 9.9964E-05 0.140664
0.0887927 0.0639306 9.9973E-05 0.38098 9.9973E-05 9.9973E-05 0.465996
0.0309768 0.0241272 9.9991E-05 0.201502 0.00801751 0.017834 0.717443
0.182861 0.155075 0.0128926 0.0396695 9.9982E-05 9.9982E-05 0.609302
9.9964E-05 0.0538591 9.9964E-05 0.75064 9.9964E-05 9.9964E-05 0.195101
0.079292 0.0247388 0.00218501 0.236382 0.0903679 0.0150884 0.551946
0.0610039 9.9964E-05 9.9964E-05 0.761951 9.9964E-05 9.9964E-05 0.176645
0.053371 9.9973E-05 9.9973E-05 0.246171 0.0221158 9.9973E-05 0.678042
0.0218451 0.120818 9.9982E-05 0.326909 0.129686 9.9982E-05 0.400542
0.0765242 0.0618898 9.9982E-05 0.219834 0.0921923 9.9982E-05 0.54936
0.0528246 0.320179 9.9973E-05 0.10594 9.9973E-05 9.9973E-05 0.520757
0.0100708 9.9973E-05 9.9973E-05 0.411964 0.0821144 9.9973E-05 0.49555
0.0680868 9.9982E-05 0.0563942 0.231146 9.9982E-05 0.0366543 0.607519
0.0591601 9.9973E-05 9.9973E-05 0.226892 0.117199 9.9973E-05 0.596449
9.9991E-05 0.186496 0.0437612 0.188093 0.435722 0.08862 0.0572077
9.9973E-05 0.0672965 9.9973E-05 0.820997 0.081423 0.0299836 9.9973E-05
9.9964E-05 9.9964E-05 9.9964E-05 0.725459 0.044909 9.9964E-05 0.229232
0.0713426 9.9973E-05 0.010055 0.229944 9.9973E-05 9.9973E-05 0.688358
0.0532459 9.9973E-05 9.9973E-05 0.319454 0.0638649 9.9973E-05 0.563135
0.101713 0.00997556 9.9982E-05 0.289013 9.9982E-05 0.0197565 0.579341
0.0321975 9.9991E-05 0.112015 0.137746 0.0655773 0.0534011 0.598963
0.214352 9.9991E-05 0.123255 0.0681712 0.0233691 0.0347035 0.536049
