9.9955E-05 0.0314141 0.0604964 9.9955E-05 9.9955E-05 9.9955E-05 0.0227536 0.0269422 9.9955E-05 0.857894
9.9955E-05 9.9955E-05 9.9955E-05 0.0324237 0.0180325 9.9955E-05 9.9955E-05 0.0222144 0.0216257 0.905204
0.118274 9.9964E-05 0.0346029 9.9964E-05 9.9964E-05 0.00265843 0.00112603 0.0830764 9.9964E-05 0.759862
0.0487116 0.0216116 0.0585309 9.9973E-05 9.9973E-05 0.00134391 0.0691073 0.0208735 9.9973E-05 0.779521
0.027241 9.9955E-05 0.0415345 0.0459061 9.9955E-05 9.9955E-05 0.0658329 9.9955E-05 9.9955E-05 0.818986
0.00856962 9.9964E-05 9.9964E-05 9.9964E-05 0.0375591 0.0433134 0.0631604 9.9964E-05 0.264507 0.58249
9.99371E-05 9.99371E-05 9.99371E-05 9.99371E-05 0.012387 9.99371E-05 9.99371E-05 9.99371E-05 0.184351 0.802563
9.9946E-05 0.0618556 0.0686056 9.9946E-05 9.9946E-05 9.9946E-05 9.9946E-05 9.9946E-05 0.159699 0.70924
9.99549E-05 9.99549E-05 0.0336292 9.99549E-05 0.0487254 0.044923 9.99549E-05 0.0848752 9.99549E-05 0.787347
0.0922022 9.9964E-05 0.0243844 0.0145346 9.9964E-05 9.9964E-05 0.0550862 9.9964E-05 0.14383 0.669562
9.9937E-05 9.9937E-05 9.9937E-05 9.9937E-05 9.9937E-05 0.0209234 9.9937E-05 9.9937E-05 0.266419 0.711958
0.079759 0.782779 9.9955E-05 9.9955E-05 0.0143138 9.9955E-05 0.0801095 9.9955E-05 0.0425392 9.9955E-05
0.428925 0.439717 0.0308834 9.9955E-05 9.9955E-05 9.9955E-05 0.0526246 0.0473503 9.9955E-05 9.9955E-05
0.0803554 0.672163 0.0322709 0.0667271 9.9982E-05 0.00412038 0.0844911 9.9982E-05 0.00683262 0.0528396
0.127955 0.665842 0.043438 9.9955E-05 9.9955E-05 9.9955E-05 0.123367 9.9955E-05 9.9955E-05 0.0388977
0.220939 0.360969 0.000874526 9.9973E-05 0.0396695 9.9973E-05 0.222152 9.9973E-05 0.0950955 0.0600012
0.426051 0.279769 0.0315264 0.0345531 9.9964E-05 9.9964E-05 0.128033 9.9964E-05 0.0996674 9.9964E-05
0.247015 0.422244 0.0464864 9.9964E-05 0.0272622 9.9964E-05 0.115971 9.9964E-05 0.140622 9.9964E-05
0.12899 0.593505 9.9973E-05 9.9973E-05 0.0390591 0.000870501 0.125159 0.0175886 9.9973E-05 0.094528
9.9955E-05 0.774008 9.9955E-05 9.9955E-05 9.9955E-05 0.0862452 0.00810149 9.9955E-05 0.100989 0.0301564
0.351926 0.428405 0.0873655 0.0779672 9.9964E-05 9.9964E-05 0.0309165 0.02302 9.9964E-05 9.9964E-05
0.333796 0.205601 9.9982E-05 0.0113585 0.0883196 0.0765595 0.0239886 0.0900395 0.170138 9.9982E-05
0.540572 0.328958 9.9955E-05 9.9955E-05 0.0469843 9.9955E-05 0.0368814 9.9955E-05 9.9955E-05 0.0461037
0.0777405 0.6576 9.9955E-05 9.9955E-05 0.0263296 9.9955E-05 0.139945 9.9955E-05 0.0978851 9.9955E-05
0.566435 0.117492 9.9973E-05 9.9973E-05 0.0296767 9.9973E-05 0.0918323 0.0610076 0.0303018 0.102955
0.380138 0.447457 9.9946E-05 9.9946E-05 9.9946E-05 9.9946E-05 0.12188 9.9946E-05 0.0499254 9.9946E-05
9.9946E-05 0.866299 9.9946E-05 9.9946E-05 9.9946E-05 9.9946E-05 0.113422 9.9946E-05 0.00465952 0.0150202
9.9946E-05 0.800161 9.9946E-05 9.9946E-05 9.9946E-05 9.9946E-05 0.18171 0.00520671 9.9946E-05 0.0123221
0.0298433 0.773905 0.0102989 0.0825351 9.9973E-05 9.9973E-05 9.9973E-05 0.00926302 0.068278 0.0255769
0.0894809 9.9937E-05 9.9937E-05 9.9937E-05 9.9937E-05 9.9937E-05 0.0755454 9.9937E-05 9.9937E-05 0.834274
0.180661 9.9928E-05 9.9928E-05 9.9928E-05 9.9928E-05 9.9928E-05 9.9928E-05 9.9928E-05 9.9928E-05 0.81854
0.124397 9.9946E-05 9.9946E-05 9.9946E-05 9.9946E-05 0.0608591 0.0636565 9.9946E-05 9.9946E-05 0.750487
0.10262 9.9955E-05 9.9955E-05 9.9955E-05 0.0716316 9.9955E-05 0.131604 0.0358966 9.9955E-05 0.657748
0.479948 0.176344 0.00480388 9.9964E-05 0.148197 9.9964E-05 9.9964E-05 9.9964E-05 0.186489 0.00381898
0.461832 9.9973E-05 0.0657022 9.9973E-05 0.300941 0.0761357 0.0431487 9.9973E-05 0.00688538 0.0450557
0.525787 9.9955E-05 9.9955E-05 9.9955E-05 0.362655 9.9955E-05 0.00996348 9.9955E-05 0.0662853 0.034809
0.0626959 0.485643 9.9964E-05 9.9964E-05 0.043151 0.235472 9.9964E-05 9.9964E-05 0.042182 0.130457
0.272041 9.9973E-05 9.9973E-05 0.0151014 0.554949 0.0608022 0.048484 0.0361893 9.9973E-05 0.0121322
0.521596 0.103032 9.9955E-05 9.9955E-05 0.220036 0.110826 9.9955E-05 0.0440098 9.9955E-05 9.9955E-05
0.575647 9.9955E-05 0.0141543 9.9955E-05 0.168589 9.9955E-05 0.0673902 9.9955E-05 0.17372 9.9955E-05
0.538236 9.9973E-05 0.00752949 0.0180507 0.0959498 0.0321471 9.9973E-05 9.9973E-05 0.264405 0.0433822
0.572207 0.0243571 0.102075 0.0109454 0.126576 0.0249907 9.9982E-05 9.9982E-05 0.124261 0.0143873
0.085395 0.146171 9.9955E-05 9.9955E-05 0.675025 9.9955E-05 9.9955E-05 0.0600624 9.9955E-05 0.0328465
0.410528 0.0820003 9.9964E-05 9.9964E-05 0.0470208 0.076405 0.103962 9.9964E-05 0.279685 9.9964E-05
0.514968 0.0258591 0.0822214 9.9991E-05 0.167435 0.0105817 0.0500212 0.0464721 0.0787577 0.0235838
0.511013 9.9973E-05 9.9973E-05 0.0687079 0.115752 0.00588315 0.00975538 9.9973E-05 0.0867782 0.20181
0.290859 9.9955E-05 9.9955E-05 0.0309232 0.659021 0.0130821 9.9955E-05 0.00561568 9.9955E-05 9.9955E-05
0.633353 9.9973E-05 0.0141517 9.9973E-05 0.150507 0.0868924 9.9973E-05 0.0958834 0.011293 0.00761997
0.455938 0.139547 0.0657227 0.0861278 0.112496 0.0165569 9.9982E-05 9.9982E-05 0.0506204 0.0727917
9.9955E-05 9.9955E-05 9.9955E-05 9.9955E-05 0.667665 0.0172415 9.9955E-05 0.203113 0.0909388 0.0205416
0.125911 0.421858 0.0542508 0.0130847 0.196739 0.125482 9.9973E-05 0.0623741 9.9973E-05 9.9973E-05
9.9955E-05 0.403478 9.9955E-05 0.11618 0.0912892 9.9955E-05 9.9955E-05 0.189313 0.19924 9.9955E-05
0.540339 0.212096 0.062567 0.0474134 0.0608127 9.9973E-05 9.9973E-05 9.9973E-05 0.00574193 0.0707302
0.531851 0.141293 0.0173196 9.9991E-05 0.0752184 0.015975 0.0230016 0.00658138 0.11692 0.0717406
0.480499 9.9982E-05 0.0199029 0.104435 9.9982E-05 0.109101 0.0948998 0.00866601 0.179392 0.00290361
0.161203 0.201371 0.154459 0.0514335 0.189803 0.122947 9.9982E-05 0.0942927 9.9982E-05 0.0242911
0.538318 0.103834 0.027519 0.0285248 9.9973E-05 0.180921 9.9973E-05 0.00537654 0.115207 9.9973E-05
0.581065 0.15077 9.9964E-05 0.0751165 9.9964E-05 9.9964E-05 0.0515643 0.127125 9.9964E-05 0.0139599
0.325881 0.284111 9.9982E-05 0.050145 0.0934417 0.0317313 9.9982E-05 0.0209798 0.101201 0.092309
0.00488868 0.369103 0.175293 9.9973E-05 0.121883 9.9973E-05 0.0671713 0.171111 9.9973E-05 0.09025
0.474399 0.165599 0.0251979 9.9964E-05 0.212965 0.0101206 9.9964E-05 0.111319 9.9964E-05 9.9964E-05
0.376345 0.307973 0.112915 0.0778166 9.9964E-05 9.9964E-05 0.0177343 0.106815 9.9964E-05 9.9964E-05
9.9964E-05 0.72005 0.150697 0.00822793 0.0646211 9.9964E-05 9.9964E-05 0.0527676 0.00323687 9.9964E-05
0.505615 0.329039 9.9955E-05 0.0241068 9.9955E-05 0.0617938 9.9955E-05 0.0789458 9.9955E-05 9.9955E-05
0.627626 0.0131502 0.084471 0.123303 0.0560475 0.022802 0.0267429 0.0328375 9.9991E-05 0.0129204
0.574724 0.132058 0.0526504 9.9964E-05 9.9964E-05 0.0428258 9.9964E-05 0.115261 9.9964E-05 0.0820807
0.240825 0.302889 0.0595767 0.0594913 0.0825034 9.9982E-05 9.9982E-05 0.167997 0.0409032 0.0456135
0.356037 0.424224 0.0215814 0.0749588 9.9955E-05 9.9955E-05 9.9955E-05 0.122699 9.9955E-05 9.9955E-05
0.577852 0.0362493 0.175404 0.0392499 0.0290272 0.0387431 9.9973E-05 0.103175 9.9973E-05 9.9973E-05
0.150273 0.541803 0.0307334 0.0742107 0.0133531 0.051588 9.9991E-05 0.0695258 0.0445662 0.0238467
0.558037 0.0190417 0.0533005 9.9946E-05 0.369021 9.9946E-05 9.9946E-05 9.9946E-05 9.9946E-05 9.9946E-05
0.233024 0.149478 9.9955E-05 9.9955E-05 0.587987 9.9955E-05 9.9955E-05 9.9955E-05 0.0137346 0.0152775
0.426125 0.0896542 9.9973E-05 9.9973E-05 0.253057 0.0298433 0.0579885 0.0593705 9.9973E-05 0.0836623
9.9937E-05 9.9937E-05 9.9937E-05 0.0322603 0.877064 9.9937E-05 9.9937E-05 0.0899764 9.9937E-05 9.9937E-05
9.9964E-05 0.0449478 0.0333868 0.104823 0.748746 9.9964E-05 0.00972787 9.9964E-05 0.0579684 9.9964E-05
0.289863 0.0222358 9.9937E-05 9.9937E-05 0.687202 9.9937E-05 9.9937E-05 9.9937E-05 9.9937E-05 9.9937E-05
0.463212 0.0185444 0.0973591 0.0192037 0.358792 9.9964E-05 9.9964E-05 9.9964E-05 0.042489 9.9964E-05
0.445939 0.0119344 0.0649087 0.141912 0.0807008 9.9982E-05 0.0717105 0.0824846 9.9982E-05 0.10021
0.45274 9.9964E-05 9.9964E-05 9.9964E-05 0.403952 0.100996 0.00406897 0.000901659 9.9964E-05 0.0369412
0.141656 0.0770994 0.0544303 9.9964E-05 0.636201 0.048209 9.9964E-05 9.9964E-05 9.9964E-05 0.0420048
0.201172 9.9964E-05 0.0820238 0.0321067 0.504742 0.156127 9.9964E-05 9.9964E-05 9.9964E-05 0.0234278
0.339227 0.00375559 9.9982E-05 0.00601459 0.195637 0.197212 0.157654 9.9982E-05 0.0443428 0.0559569
0.285322 0.0646725 9.9955E-05 0.00651777 0.557198 9.9955E-05 9.9955E-05 9.9955E-05 9.9955E-05 0.0857903
0.341915 0.133163 0.034867 0.0041569 0.415335 9.9964E-05 9.9964E-05 9.9964E-05 9.9964E-05 0.0701636
0.351287 9.9946E-05 9.9946E-05 9.9946E-05 0.622837 9.9946E-05 9.9946E-05 0.0107451 0.0145311 9.9946E-05
9.9955E-05 9.9955E-05 9.9955E-05 0.110074 0.690328 0.0271493 9.9955E-05 0.124078 0.0478712 9.9955E-05
0.511353 9.9973E-05 0.00461196 9.9973E-05 0.278071 0.0570414 0.0453077 0.0657968 0.0375185 9.9973E-05
0.0925575 0.0601405 9.9964E-05 9.9964E-05 0.009727 0.0222524 0.0146934 9.9964E-05 9.9964E-05 0.800229
0.119922 9.99281E-05 9.99281E-05 9.99281E-05 9.99281E-05 9.99281E-05 9.99281E-05 9.99281E-05 9.99281E-05 0.879278
0.115909 9.9937E-05 9.9937E-05 9.9937E-05 9.9937E-05 9.9937E-05 0.0479628 9.9937E-05 9.9937E-05 0.835428
0.0555163 9.9937E-05 9.9937E-05 9.9937E-05 9.9937E-05 9.9937E-05 9.9937E-05 0.0931486 9.9937E-05 0.850636
0.133718 9.9928E-05 9.9928E-05 9.9928E-05 9.9928E-05 9.9928E-05 9.9928E-05 9.9928E-05 9.9928E-05 0.865483
0.0168281 9.9982E-05 0.00924965 0.0029342 0.0368557 9.9982E-05 0.0437615 0.0548763 0.0218801 0.813414
0.0425962 0.0228998 9.99551E-05 9.99551E-05 9.99551E-05 9.99551E-05 0.0178212 0.00269233 9.99551E-05 0.913491
0.447332 9.9964E-05 9.9964E-05 9.9964E-05 0.285329 0.011438 0.0741393 9.9964E-05 0.0369356 0.144426
0.630826 0.0718554 9.9982E-05 0.0340247 0.0705232 0.0462963 9.9982E-05 0.0205397 0.0484172 0.0773172
0.0166037 0.14613 9.9955E-05 0.0174541 0.753331 9.9955E-05 9.9955E-05 9.9955E-05 9.9955E-05 0.0659816
0.524119 0.047341 0.0729958 0.031012 0.174846 9.9973E-05 0.0695173 0.0798694 9.9973E-05 9.9973E-05
0.390077 0.108994 9.9973E-05 9.9973E-05 0.378925 0.0345777 0.0413713 9.9973E-05 0.0307413 0.0150139
0.577607 9.9955E-05 9.9955E-05 0.00262153 0.248938 9.9955E-05 9.9955E-05 9.9955E-05 0.126058 0.0442764
0.536597 0.104545 9.9982E-05 0.0486518 0.205818 0.00152447 9.9982E-05 0.0269591 0.0224959 0.0532079
0.407224 9.9955E-05 0.0197397 9.9955E-05 0.476187 9.9955E-05 0.0804138 9.9955E-05 9.9955E-05 0.0159357
9.9955E-05 0.127928 0.0933012 0.0238295 0.659594 9.9955E-05 9.9955E-05 9.9955E-05 9.9955E-05 0.0948475
0.503608 0.171095 0.00451894 0.029642 0.0880445 9.9982E-05 9.9982E-05 0.0558231 0.0418441 0.105224
0.634641 9.9973E-05 9.9973E-05 0.0754176 0.1029 0.0180089 0.00892563 9.9973E-05 0.0802719 0.0795348
0.434505 0.0464287 0.0707486 0.0056623 0.0924988 0.0511858 0.0929316 9.9991E-05 0.0605616 0.145378
0.228048 9.9964E-05 9.9964E-05 0.0415902 0.521031 9.9964E-05 9.9964E-05 0.0442694 0.13342 0.0312417
0.516784 9.9955E-05 9.9955E-05 0.0908589 0.367234 0.014328 9.9955E-05 9.9955E-05 9.9955E-05 0.010296
0.427618 0.121134 9.9955E-05 0.0312356 0.398406 9.9955E-05 9.9955E-05 9.9955E-05 9.9955E-05 0.0211062
0.22637 9.9946E-05 9.9946E-05 0.0257596 0.626943 9.9946E-05 0.120328 9.9946E-05 9.9946E-05 9.9946E-05
0.34585 0.0583079 9.9964E-05 9.9964E-05 0.445639 0.075517 9.9964E-05 9.9964E-05 0.00760255 0.066684
0.516327 9.9964E-05 9.9964E-05 0.0185536 0.14608 0.071502 9.9964E-05 9.9964E-05 0.128989 0.118149
0.166113 0.337714 9.9964E-05 0.145054 0.0229481 0.126624 9.9964E-05 0.201148 9.9964E-05 9.9964E-05
0.347116 0.278979 0.156374 9.9964E-05 9.9964E-05 0.0311896 0.0560446 9.9964E-05 9.9964E-05 0.129897
0.446229 0.0790687 9.9991E-05 0.0221499 0.123883 0.0620766 0.103887 0.00362957 0.097701 0.061275
0.444307 9.9973E-05 9.9973E-05 0.0138676 0.113155 0.149848 0.0438932 9.9973E-05 0.116374 0.118255
0.412672 0.303915 9.9955E-05 0.0980932 9.9955E-05 0.184185 9.9955E-05 0.000634775 9.9955E-05 9.9955E-05
0.515354 0.22025 0.00578525 9.9964E-05 0.0375124 0.152433 9.9964E-05 9.9964E-05 0.0682652 9.9964E-05
0.396757 0.352394 0.116016 0.0518454 9.9955E-05 0.0824879 9.9955E-05 9.9955E-05 9.9955E-05 9.9955E-05
0.512414 0.0581525 0.0416353 9.9973E-05 0.0155755 0.137945 9.9973E-05 9.9973E-05 0.107445 0.126532
0.528453 0.0922637 0.0725983 0.0239944 0.0424553 0.0812813 0.0152396 0.125299 0.0183159 9.9991E-05
0.577307 0.15928 9.9973E-05 0.0484835 0.0559651 0.0556994 9.9973E-05 0.0655091 0.0374555 9.9973E-05
0.40343 0.250607 0.0284651 0.0604091 0.0472296 0.173265 9.9973E-05 9.9973E-05 0.0362936 9.9973E-05
0.620673 9.9964E-05 0.115302 9.9964E-05 0.0289143 0.114344 9.9964E-05 0.0933453 0.0270219 9.9964E-05
0.48306 0.0755429 0.10872 0.0459102 0.00909035 0.0665877 0.0395661 0.0671745 0.0730112 0.031337
0.418568 0.267314 9.9973E-05 0.0420148 0.0873422 0.0881999 0.0833717 0.0128897 9.9973E-05 9.9973E-05
0.579261 0.106927 9.9982E-05 0.0068906 9.9982E-05 0.157158 0.0787532 0.00409931 0.0609272 0.00578397
0.475276 0.16862 0.00328871 0.0285954 0.0220623 0.143221 0.0901448 9.9982E-05 0.0685915 9.9982E-05
0.33659 0.2796 9.9973E-05 0.0311638 9.9973E-05 0.179449 9.9973E-05 0.0876322 0.052961 0.0323042
0.514146 0.15643 9.9964E-05 9.9964E-05 0.0774959 0.0830592 0.0708055 0.0976637 9.9964E-05 9.9964E-05
0.647092 0.0773283 9.9955E-05 0.0299268 9.9955E-05 0.156208 9.9955E-05 0.0889453 9.9955E-05 9.9955E-05
0.137302 0.274694 9.9973E-05 0.0251671 0.235753 0.224527 0.0560557 0.046202 9.9973E-05 9.9973E-05
0.189704 0.227264 0.0568564 0.202058 0.0453573 0.0483131 9.9982E-05 0.204668 0.0255801 9.9982E-05
0.411618 0.135797 0.0441129 0.0464577 9.9982E-05 0.0900771 0.0703301 0.0315277 0.16988 9.9982E-05
0.12084 0.044119 0.0926912 0.249857 0.08982 0.216154 0.0164082 0.16991 9.9982E-05 9.9982E-05
0.169484 0.491336 9.9964E-05 0.106815 0.0636897 0.0778525 9.9964E-05 9.9964E-05 9.9964E-05 0.0904232
0.333977 0.31825 9.9964E-05 0.0397443 0.139429 0.134466 9.9964E-05 9.9964E-05 0.0337343 9.9964E-05
0.246303 0.327597 0.0529443 0.0216744 0.18634 0.120529 9.9973E-05 9.9973E-05 9.9973E-05 0.0443127
0.131496 0.349399 9.9973E-05 0.0259337 0.103823 0.211464 0.0555413 9.9973E-05 0.122043 9.9973E-05
0.578018 0.207294 9.9964E-05 9.9964E-05 0.021904 0.00669973 9.9964E-05 9.9964E-05 0.143674 0.04201
0.565331 0.0577566 0.0314271 9.9973E-05 0.0211088 0.089014 9.9973E-05 9.9973E-05 0.104853 0.13021
0.496953 0.191453 0.0209883 0.0671047 0.103773 0.039921 0.0297405 9.9982E-05 9.9982E-05 0.0498666
0.106963 0.429447 9.9964E-05 0.121449 0.075523 0.0951058 9.9964E-05 0.171111 9.9964E-05 9.9964E-05
0.508129 0.0466621 9.9982E-05 0.0123422 0.0727669 0.0700127 9.9982E-05 0.0772363 0.113619 0.0990318
0.440286 0.0773416 0.0449871 0.0415399 0.043532 0.0111751 0.0478154 0.0322191 0.261003 9.9991E-05
9.9982E-05 0.114289 0.030277 0.133238 0.143145 0.00850165 9.9982E-05 0.272678 0.239452 0.05822
0.546774 0.0695336 9.9982E-05 0.0522566 0.0559937 0.0166806 0.0390383 9.9982E-05 0.119234 0.10029
0.333892 9.9973E-05 0.0872029 0.0634284 0.22761 0.0363463 9.9973E-05 0.218928 9.9973E-05 0.032292
0.489241 0.139344 0.0500725 0.0521208 0.0311463 0.0260983 9.9991E-05 0.147849 0.038619 0.0254087
0.209132 9.9973E-05 0.100847 0.0314564 0.0599373 0.0370857 9.9973E-05 0.246222 0.31502 9.9973E-05
0.0979904 0.053663 0.0238388 0.183245 0.0665897 0.0870198 9.9991E-05 0.0371501 0.392906 0.0574978
0.360869 0.0933535 0.107652 0.140102 0.100888 0.00397435 9.9991E-05 0.0506644 0.122577 0.0198201
0.444765 0.202963 0.042782 0.0463951 9.9982E-05 0.00210724 9.9982E-05 0.0789211 0.145931 0.0359355
0.316956 0.0325583 0.0704283 0.0133709 0.0947985 0.0189034 0.0689663 0.0837395 0.181456 0.118823
9.9973E-05 0.144742 9.9973E-05 0.096534 0.189213 0.0329387 0.118782 0.202756 0.214735 9.9973E-05
0.493835 9.9973E-05 9.9973E-05 0.0968203 9.9973E-05 0.105998 0.0741833 0.0299403 0.101709 0.0972133
0.23224 0.170319 0.0402516 0.020454 0.195797 9.9973E-05 9.9973E-05 0.0492516 0.291388 9.9973E-05
0.408663 0.111351 0.0441942 0.0320236 0.120999 9.9973E-05 9.9973E-05 0.108923 0.173546 9.9973E-05
0.52749 9.9964E-05 0.0457734 9.9964E-05 0.111736 9.9964E-05 0.0691154 0.117518 0.127967 9.9964E-05
0.117481 0.0547068 9.9964E-05 9.9964E-05 9.9964E-05 9.9964E-05 0.235708 0.225449 0.166188 0.200067
9.9946E-05 9.9946E-05 9.9946E-05 9.9946E-05 9.9946E-05 9.9946E-05 0.110592 0.435506 0.080621 0.372681
9.9955E-05 9.9955E-05 9.9955E-05 0.0605616 9.9955E-05 9.9955E-05 0.0627447 0.508346 0.115311 0.252537
0.0464824 0.0692245 9.9964E-05 9.9964E-05 9.9964E-05 9.9964E-05 0.278839 0.26054 0.0539558 0.290559
0.5527 9.9946E-05 9.9946E-05 9.9946E-05 0.0413839 9.9946E-05 0.0107589 9.9946E-05 0.394558 9.9946E-05
0.546355 9.9973E-05 0.0024159 0.101354 9.9973E-05 0.103006 9.9973E-05 0.127922 0.0688664 0.0497811
0.228476 0.10115 9.9937E-05 9.9937E-05 9.9937E-05 9.9937E-05 0.669675 9.9937E-05 9.9937E-05 9.9937E-05
0.326815 0.121673 9.9964E-05 0.000124249 0.0498344 9.9964E-05 0.421662 9.9964E-05 9.9964E-05 0.0794915
0.261302 9.9973E-05 9.9973E-05 0.0411911 9.9973E-05 0.0378749 0.45077 0.00210286 0.0735357 0.132924
0.256299 0.0274909 9.9982E-05 0.126376 0.141005 0.000845375 0.00803864 0.0186505 0.421095 9.9982E-05
0.443385 0.0939022 0.0372509 0.0544431 9.9991E-05 0.0774371 0.0942576 0.000280921 0.121403 0.0775398
0.0333517 0.0699211 9.9973E-05 0.233058 0.00422513 9.9973E-05 0.0259532 0.0953592 0.537832 9.9973E-05
0.470959 0.0645854 0.0967114 9.9973E-05 0.0724097 9.9973E-05 0.0269765 0.0378663 0.230192 9.9973E-05
0.390989 0.11762 9.9982E-05 0.119505 0.0736428 0.0233174 9.9982E-05 0.0470274 0.222786 0.00491289
0.53644 0.0238091 0.00573621 0.0748929 0.0897826 9.9973E-05 0.0342159 9.9973E-05 0.234823 9.9973E-05
0.0765435 0.223556 9.9964E-05 0.134955 0.0555236 9.9964E-05 9.9964E-05 0.0678701 0.441152 9.9964E-05
0.60947 9.9982E-05 9.9982E-05 0.00608966 0.00567111 0.0374248 0.0432694 0.00359914 0.264368 0.0299075
0.469448 9.9964E-05 0.0535813 9.9964E-05 9.9964E-05 0.0577442 0.0444532 9.9964E-05 0.340592 0.0337817
9.9937E-05 9.9937E-05 0.0187685 0.0231515 9.9937E-05 9.9937E-05 0.95738 9.9937E-05 9.9937E-05 9.9937E-05
0.0597301 9.9946E-05 9.9946E-05 0.00955906 9.9946E-05 9.9946E-05 0.88649 9.9946E-05 0.0436216 9.9946E-05
0.222711 0.032845 0.0259041 9.9973E-05 0.0983609 9.9973E-05 0.574187 9.9973E-05 0.0231063 0.0225861
0.235711 9.9955E-05 0.0320374 0.0289318 9.9955E-05 0.00955119 0.693269 9.9955E-05 9.9955E-05 9.9955E-05
0.12041 9.9964E-05 0.0161292 9.9964E-05 0.042011 9.9964E-05 0.802019 9.9964E-05 0.010135 0.00889612
9.9928E-05 9.9928E-05 9.9928E-05 9.9928E-05 9.9928E-05 9.9928E-05 0.977125 0.0220754 9.9928E-05 9.9928E-05
9.9937E-05 9.9937E-05 9.9937E-05 9.9937E-05 0.0328137 9.9937E-05 0.930572 0.0359146 9.9937E-05 9.9937E-05
0.123628 9.9928E-05 9.9928E-05 9.9928E-05 9.9928E-05 9.9928E-05 0.875572 9.9928E-05 9.9928E-05 9.9928E-05
0.031705 9.9937E-05 9.9937E-05 9.9937E-05 9.9937E-05 0.0340138 0.933582 9.9937E-05 9.9937E-05 9.9937E-05
9.9928E-05 9.9928E-05 9.9928E-05 9.9928E-05 9.9928E-05 9.9928E-05 0.987874 0.0113265 9.9928E-05 9.9928E-05
9.9928E-05 9.9928E-05 9.9928E-05 9.9928E-05 9.9928E-05 9.9928E-05 0.99864 0.000560685 9.9928E-05 9.9928E-05
0.13526 0.0790666 9.9946E-05 9.9946E-05 9.9946E-05 9.9946E-05 0.729407 9.9946E-05 9.9946E-05 0.0556662
0.0752077 9.9973E-05 0.00996426 9.9973E-05 0.0131769 0.0740868 0.788118 0.0268611 9.9973E-05 0.0122851
0.0220216 9.9946E-05 9.9946E-05 9.9946E-05 0.0350422 0.00561836 0.936718 9.9946E-05 9.9946E-05 9.9946E-05
0.268622 0.0319733 9.9973E-05 9.9973E-05 0.0250067 0.0828585 0.461788 9.9973E-05 0.0588683 0.0705836
0.114168 0.00785345 9.9964E-05 9.9964E-05 9.9964E-05 0.0741214 0.702131 9.9964E-05 0.0592776 0.0420484
0.126557 9.9964E-05 0.04356 9.9964E-05 9.9964E-05 0.0133795 0.737112 0.0684641 0.0105279 9.9964E-05
0.0279248 0.0389958 0.0101183 9.9955E-05 9.9955E-05 9.9955E-05 0.922304 9.9955E-05 9.9955E-05 0.000157264
0.0125818 9.9946E-05 9.9946E-05 9.9946E-05 9.9946E-05 9.9946E-05 0.940635 0.0422446 9.9946E-05 0.00393924
0.0228103 9.9955E-05 9.9955E-05 9.9955E-05 9.9955E-05 0.00137424 0.850363 0.0341041 9.9955E-05 0.0908483
9.9928E-05 9.9928E-05 9.9928E-05 9.9928E-05 0.00223179 9.9928E-05 0.996969 9.9928E-05 9.9928E-05 9.9928E-05
0.180606 0.0765853 0.0155041 9.9973E-05 0.0106513 0.0511673 0.656855 9.9973E-05 9.9973E-05 0.00833106
9.9955E-05 9.9955E-05 9.9955E-05 0.0192395 0.0226193 9.9955E-05 0.905735 9.9955E-05 0.0486786 0.00322737
9.9955E-05 9.9955E-05 9.9955E-05 0.117532 9.9955E-05 9.9955E-05 0.00130219 0.160305 0.463747 0.256613
0.39697 0.0341093 0.0156583 0.00340382 0.00357763 0.101728 0.0152662 0.123894 0.204274 0.101119
0.404381 9.9991E-05 0.0489024 0.0105162 0.00870568 0.0105218 0.02061 0.0327924 0.269141 0.194329
0.156689 9.9964E-05 9.9964E-05 9.9964E-05 0.0215596 9.9964E-05 0.0641738 0.181545 0.430011 0.145622
0.334686 0.0520945 9.9973E-05 9.9973E-05 9.9973E-05 0.0162475 0.101232 0.0702151 0.253411 0.171813
0.0692307 0.0590424 9.9982E-05 0.0323644 0.0178428 9.9982E-05 0.106236 0.16961 0.340492 0.204982
0.320888 0.00446283 0.132296 9.9982E-05 0.0831543 9.9982E-05 0.113703 0.0176004 0.175172 0.152524
0.193351 9.9973E-05 0.0706184 9.9973E-05 0.0653062 9.9973E-05 0.209947 0.117199 0.329646 0.0136314
0.491067 9.9973E-05 9.9973E-05 0.00249233 0.0265993 9.9973E-05 0.0235208 0.132565 0.197696 0.12576
0.233403 9.9955E-05 9.9955E-05 9.9955E-05 9.9955E-05 9.9955E-05 0.175952 0.118018 0.398792 0.0733354
0.45337 0.0488079 9.9964E-05 9.9964E-05 9.9964E-05 9.9964E-05 0.115573 0.0158929 0.234367 0.131589
0.0868559 9.9964E-05 0.0702968 9.9964E-05 9.9964E-05 0.0558102 9.9964E-05 0.027782 0.00583931 0.753016
9.9955E-05 9.9955E-05 9.9955E-05 0.0293022 9.9955E-05 0.0124801 0.0351728 0.0894585 9.9955E-05 0.833087
9.9937E-05 9.9937E-05 9.9937E-05 9.9937E-05 9.9937E-05 0.033202 9.9937E-05 0.0673459 9.9937E-05 0.898753
0.0323052 9.9955E-05 0.0216681 9.9955E-05 9.9955E-05 0.0451259 9.9955E-05 0.00694908 9.9955E-05 0.893452
0.0056187 0.0296502 9.9955E-05 9.9955E-05 9.9955E-05 0.0404775 9.9955E-05 0.0745778 9.9955E-05 0.849176
9.9946E-05 9.9946E-05 9.9946E-05 0.0125942 9.9946E-05 9.9946E-05 0.0689402 0.111074 9.9946E-05 0.806792
0.0249666 9.9955E-05 9.9955E-05 9.9955E-05 0.0122718 9.9955E-05 0.113198 0.0035273 9.9955E-05 0.845537
0.0379541 9.9982E-05 9.9982E-05 0.0505409 0.000868425 0.0126825 0.0103923 0.0527508 0.00917134 0.82544
0.0594433 9.9955E-05 9.9955E-05 9.9955E-05 0.0335055 9.9955E-05 0.00283584 0.0435294 9.9955E-05 0.860186
0.0279893 0.034831 0.00463643 9.9964E-05 9.9964E-05 9.9964E-05 0.0638571 0.123712 9.9964E-05 0.744574
9.9955E-05 0.212486 0.121423 0.0214243 0.0536263 9.9955E-05 9.9955E-05 9.9955E-05 9.9955E-05 0.590541
9.9955E-05 0.193444 0.249704 9.9955E-05 9.9955E-05 0.000597145 9.9955E-05 0.0337728 9.9955E-05 0.521982
9.9973E-05 0.222773 0.0200443 0.0334078 0.0475002 0.0776181 9.9973E-05 0.0614137 9.9973E-05 0.536943
9.9964E-05 0.27436 0.125584 0.00579234 0.0871682 9.9964E-05 9.9964E-05 9.9964E-05 0.0460397 0.460656
0.445765 0.257999 9.9955E-05 9.9955E-05 0.187681 9.9955E-05 9.9955E-05 0.0304581 0.0775969 9.9955E-05
0.407259 0.0674777 0.124289 0.119174 0.264261 9.9973E-05 0.00461844 9.9973E-05 9.9973E-05 0.0126221
0.509918 0.176501 0.0820976 9.9973E-05 0.105591 0.0359487 9.9973E-05 9.9973E-05 0.0433335 0.0463104
0.358457 0.221222 0.0460826 9.9964E-05 0.222815 0.0841807 9.9964E-05 0.0668427 9.9964E-05 9.9964E-05
0.0808283 0.43191 9.9973E-05 0.0168367 0.101701 0.288302 0.0438344 9.9973E-05 0.0362883 9.9973E-05
0.594347 9.9973E-05 0.0445442 0.130389 0.125063 0.0390447 9.9973E-05 9.9973E-05 0.0446393 0.0216727
0.548761 9.9973E-05 0.0167076 0.0393598 0.309197 0.060486 0.0102768 0.0149119 9.9973E-05 9.9973E-05
0.486686 0.0877415 0.0138242 0.0696668 0.259032 0.0152983 9.9973E-05 9.9973E-05 0.0674511 9.9973E-05
0.339628 9.9964E-05 9.9964E-05 0.0166964 0.498685 0.0343028 0.029313 9.9964E-05 0.0809751 9.9964E-05
0.667317 9.9955E-05 0.0459903 9.9955E-05 0.119937 0.0987199 9.9955E-05 9.9955E-05 0.0675363 9.9955E-05
0.398172 0.0817508 0.127397 9.9955E-05 0.389303 9.9955E-05 9.9955E-05 0.00287813 9.9955E-05 9.9955E-05
9.9937E-05 9.9937E-05 9.9937E-05 0.226558 0.737222 0.0355204 9.9937E-05 9.9937E-05 9.9937E-05 9.9937E-05
0.459493 0.154264 0.0946477 0.0409018 0.14324 0.0543896 9.9982E-05 0.0286287 9.9982E-05 0.0242353
0.208091 0.032919 0.00600121 0.136482 0.458663 9.9973E-05 9.9973E-05 0.035815 0.121729 9.9973E-05
0.534725 9.9964E-05 9.9964E-05 0.0735513 0.301076 0.00597024 9.9964E-05 0.00915166 0.0751255 9.9964E-05
0.0802276 0.130174 0.0136945 9.9964E-05 0.643697 0.0804278 9.9964E-05 9.9964E-05 9.9964E-05 0.0513792
9.9955E-05 9.9955E-05 0.919876 9.9955E-05 9.9955E-05 0.0347181 0.0203612 9.9955E-05 0.0107936 0.0137517
0.0057362 9.9928E-05 0.993464 9.9928E-05 9.9928E-05 9.9928E-05 9.9928E-05 9.9928E-05 9.9928E-05 9.9928E-05
9.99201E-05 9.99201E-05 0.999101 9.99201E-05 9.99201E-05 9.99201E-05 9.99201E-05 9.99201E-05 9.99201E-05 9.99201E-05
9.9955E-05 0.00063643 0.872192 9.9955E-05 0.0352053 0.0603648 9.9955E-05 9.9955E-05 9.9955E-05 0.0311021
0.0204824 0.0686065 0.896403 9.9946E-05 9.9946E-05 9.9946E-05 0.0139081 9.9946E-05 9.9946E-05 9.9946E-05
0.01515 9.9937E-05 0.936659 9.9937E-05 9.9937E-05 9.9937E-05 0.0474909 9.9937E-05 9.9937E-05 9.9937E-05
0.105775 9.9964E-05 0.0291605 0.0183425 9.9964E-05 0.00748347 9.9964E-05 0.00779132 9.9964E-05 0.831048
0.0188941 0.072388 0.000903503 9.9973E-05 9.9973E-05 0.0213025 0.0416594 0.00505759 9.9973E-05 0.839495
0.0928638 9.9973E-05 0.0119161 9.9973E-05 9.9973E-05 0.00529552 0.0868186 0.0207935 0.0483861 0.733626
9.9955E-05 0.0469761 9.9955E-05 9.9955E-05 9.9955E-05 0.0790651 0.131073 0.00320479 9.9955E-05 0.739181
0.036538 0.0136646 9.9973E-05 9.9973E-05 0.00510318 0.0396777 0.1068 9.9973E-05 0.0252026 0.772714
9.9973E-05 0.07907 0.270206 9.9973E-05 0.014338 0.269308 9.9973E-05 0.0027502 0.0544724 0.309556
9.9973E-05 0.0136233 0.229477 0.11211 0.0059339 0.146614 9.9973E-05 9.9973E-05 0.0877243 0.404217
9.9955E-05 9.9955E-05 0.294149 0.0591858 0.0739661 0.17805 9.9955E-05 9.9955E-05 9.9955E-05 0.39415
0.116224 0.0248565 9.9955E-05 9.9955E-05 9.9955E-05 0.0132235 0.040226 9.9955E-05 9.9955E-05 0.80497
9.9964E-05 0.0451384 0.349506 0.0175583 0.0470854 0.201571 9.9964E-05 9.9964E-05 9.9964E-05 0.338741
0.247177 9.9982E-05 0.0160629 0.00640655 9.9982E-05 0.00597364 0.288073 0.190316 0.0939522 0.15184
0.544177 0.0908966 9.9964E-05 0.0528809 9.9964E-05 0.0231673 0.100464 9.9964E-05 9.9964E-05 0.188014
0.586599 9.99371E-05 9.99371E-05 9.99371E-05 9.99371E-05 9.99371E-05 0.198656 9.99371E-05 9.99371E-05 0.214045
0.316203 9.9982E-05 0.0533123 0.000949307 0.048567 9.9982E-05 0.181199 0.138257 0.0524202 0.208892
0.558138 0.108243 0.0219825 0.0290089 0.0193031 9.9982E-05 0.0949534 0.00804142 9.9982E-05 0.16013
9.9964E-05 9.9964E-05 0.0337716 0.00649345 9.9964E-05 9.9964E-05 0.289032 0.31495 0.107336 0.248017
0.385385 0.20168 0.0878793 9.9964E-05 0.141618 0.0942427 9.9964E-05 9.9964E-05 0.0887955 9.9964E-05
0.358323 0.0302577 0.0261297 0.178542 0.121164 0.136666 9.9982E-05 0.0808542 0.0678628 9.9982E-05
0.139966 0.679756 0.0588848 0.0449284 9.9964E-05 0.026856 9.9964E-05 9.9964E-05 9.9964E-05 0.0492081
0.403741 0.144783 0.0560461 0.245615 0.0964444 0.0125666 9.9982E-05 0.0302116 0.0103924 9.9982E-05
9.9955E-05 0.0404069 0.0699843 0.419953 0.271821 9.9955E-05 9.9955E-05 0.197336 9.9955E-05 9.9955E-05
0.520221 0.137903 0.073207 0.120845 9.9982E-05 0.00496154 0.00167132 0.0177428 9.9982E-05 0.123249
0.477208 0.181899 9.9973E-05 0.179852 9.9973E-05 0.0810839 9.9973E-05 0.00272795 0.0145768 0.0623513
0.279448 0.433454 9.9964E-05 0.0488085 0.0528544 0.172713 9.9964E-05 9.9964E-05 9.9964E-05 0.0123219
0.521649 0.171218 0.0459167 0.0657656 9.9991E-05 0.0230881 0.0177514 0.116629 0.0124107 0.0254718
0.00581203 0.437896 9.9964E-05 0.142368 0.17833 9.9964E-05 9.9964E-05 0.188163 0.047032 9.9964E-05
0.470227 0.0383107 9.9973E-05 0.208026 0.0800766 0.0942106 9.9973E-05 0.0855263 0.0233225 9.9973E-05
0.497608 0.106948 0.0518767 0.0564187 0.0442848 0.161803 9.9982E-05 0.0268514 0.0540097 9.9982E-05
0.442117 0.0196709 0.105451 9.9982E-05 0.0640702 0.0560559 0.150297 0.136372 9.9982E-05 0.0257669
0.334847 0.331335 0.0233989 0.214357 9.9973E-05 0.0204346 9.9973E-05 0.0396299 0.0356975 9.9973E-05
0.465166 0.222215 0.0775356 0.086852 0.0507015 0.0530299 9.9973E-05 0.0442007 9.9973E-05 9.9973E-05
0.325402 0.15981 0.031195 0.11581 0.076798 9.9982E-05 0.109424 0.00802495 0.173336 9.9982E-05
0.476499 0.202666 0.0499051 0.0180603 0.0744921 0.0606477 9.9991E-05 0.0985027 0.0148977 0.00422899
0.625524 0.01355 0.0755739 0.048938 0.058868 0.115666 9.9973E-05 0.0615801 9.9973E-05 9.9973E-05
0.537377 0.147771 0.0357108 0.0615104 0.0514914 9.9973E-05 9.9973E-05 0.0634267 9.9973E-05 0.102412
0.582175 0.0680305 9.9964E-05 9.9964E-05 0.0198179 0.133299 9.9964E-05 0.16242 9.9964E-05 0.0338572
0.130061 9.9946E-05 9.9946E-05 9.9946E-05 9.9946E-05 9.9946E-05 0.0624368 0.0657907 9.9946E-05 0.741112
0.0536098 9.9964E-05 9.9964E-05 0.00535211 9.9964E-05 9.9964E-05 0.0725241 0.0234324 0.060195 0.784487
0.0392245 9.9964E-05 9.9964E-05 9.9964E-05 9.9964E-05 0.0878804 0.0129108 0.0449449 0.0958647 0.718775
0.0686723 9.9955E-05 0.0465672 0.103461 9.9955E-05 9.9955E-05 9.9955E-05 0.0245469 9.9955E-05 0.756253
0.113225 9.9937E-05 9.9937E-05 9.9937E-05 9.9937E-05 9.9937E-05 9.9937E-05 9.9937E-05 0.0340159 0.852059
0.128578 0.624654 0.0761649 0.0157315 9.9964E-05 0.0704195 9.9964E-05 0.0840526 9.9964E-05 9.9964E-05
0.495972 0.191843 9.9982E-05 0.0955754 0.0570173 0.0564736 0.0102814 0.045277 9.9982E-05 0.0473604
0.459343 9.9982E-05 9.9982E-05 0.0419334 0.0114446 0.0647998 0.0985047 0.0333519 0.0624705 0.227952
0.62011 0.0818356 0.0509668 0.0479346 9.9991E-05 0.0775776 0.0412056 0.0312599 0.0266143 0.0223952
0.487997 0.0596601 0.0338782 0.0307791 0.131341 0.132022 9.9991E-05 0.0882873 0.000417271 0.0355176
0.221626 0.3483 0.0701287 0.0835484 9.9964E-05 0.111579 9.9964E-05 0.164418 9.9964E-05 9.9964E-05
9.9964E-05 0.377034 0.101284 9.9964E-05 0.0474517 0.265686 9.9964E-05 0.160307 9.9964E-05 0.0478366
0.512439 0.20166 0.0685316 9.9973E-05 0.036323 0.138629 9.9973E-05 0.0190493 9.9973E-05 0.0230683
0.036279 0.432459 0.0463743 0.163957 9.9982E-05 0.166121 0.0524216 9.9982E-05 0.0444558 0.057733
0.388276 0.142865 0.059756 0.103551 0.110188 0.0665922 0.0427644 0.0210607 0.0648471 9.9991E-05
0.0388826 0.515559 0.0446175 0.0864626 9.9973E-05 0.180532 9.9973E-05 0.0362085 9.9973E-05 0.0974385
0.576056 0.0426081 9.9982E-05 0.0490813 9.9982E-05 0.0974022 0.0167432 0.0446424 0.0774718 0.0957948
0.13583 0.531754 9.9964E-05 0.0632478 9.9964E-05 0.165351 9.9964E-05 9.9964E-05 0.017576 0.085842
0.199096 0.298963 0.0317546 0.0170167 0.108853 0.142408 0.0568776 0.0155391 0.0808715 0.0486207
0.504235 9.9964E-05 9.9964E-05 0.0813678 9.9964E-05 0.045182 9.9964E-05 0.0907034 0.266841 0.0112704
0.155184 0.0912607 0.0547306 0.103993 9.9973E-05 0.049376 9.9973E-05 0.051953 0.493203 9.9973E-05
0.489988 0.159166 0.0793159 9.9964E-05 0.0122951 9.9964E-05 9.9964E-05 9.9964E-05 0.233608 0.0252281
0.492913 0.0500988 0.0271478 0.0590606 0.0477246 0.101364 9.9982E-05 9.9982E-05 0.107935 0.113556
0.246356 0.0435513 9.9964E-05 0.144152 9.9964E-05 0.0312472 9.9964E-05 0.00698619 0.527308 9.9964E-05
0.431444 0.0536773 0.0661006 0.00353702 0.124612 0.0172047 0.0369205 0.0220327 0.225141 0.0193302
0.543314 9.9973E-05 0.066724 0.0287467 0.0776609 9.9973E-05 9.9973E-05 0.0894563 0.172684 0.0211142
9.9955E-05 0.00669163 9.9955E-05 0.221263 0.00519432 0.0677753 9.9955E-05 9.9955E-05 0.698576 9.9955E-05
0.160112 9.9964E-05 0.0224521 0.0812689 0.0897023 9.9964E-05 9.9964E-05 0.0954657 0.5506 9.9964E-05
0.412812 0.0400744 0.0289995 0.0605543 9.9973E-05 0.00401464 9.9973E-05 0.00554225 0.447703 9.9973E-05
0.0421393 0.120588 0.0049214 0.159131 0.0661097 0.0103119 9.9982E-05 0.00729498 0.589304 9.9982E-05
0.30407 0.227989 9.9964E-05 9.9964E-05 0.128792 0.0199746 9.9964E-05 0.00586768 0.312907 9.9964E-05
0.056645 0.406435 0.0686668 0.00944197 0.159304 0.230322 0.0138533 0.0227141 9.9991E-05 0.0325181
0.207624 0.110362 0.0171359 0.360325 0.051579 0.20858 0.0059058 0.0382896 9.9982E-05 9.9982E-05
0.354689 0.264038 0.0538172 0.0405635 0.0452916 0.203149 0.0148966 0.0233552 9.9982E-05 9.9982E-05
0.6294 0.0730143 0.0938029 9.9982E-05 0.00413753 0.0335055 0.000830435 0.135768 0.0293413 9.9982E-05
0.076271 0.391888 9.9973E-05 0.000658469 0.146494 0.216989 0.0324169 9.9973E-05 0.134982 9.9973E-05
0.452948 0.100718 0.0569112 0.147914 9.9982E-05 0.100187 0.0388383 0.0922004 9.9982E-05 0.010083
0.609261 9.9973E-05 9.9973E-05 0.0239105 0.0358504 0.177621 0.0162427 0.0939545 9.9973E-05 0.0428609
0.420063 0.17378 0.0110356 0.0482336 0.102989 0.144603 0.0202543 0.0688301 9.9991E-05 0.0101109
0.40759 0.285925 0.0478427 0.0473639 9.9964E-05 0.0859786 0.1249 9.9964E-05 9.9964E-05 9.9964E-05
0.376021 0.161835 0.108225 9.9982E-05 0.0982669 0.15721 0.0813216 9.9982E-05 0.0107554 0.00616482
0.160299 0.440994 0.0315447 9.9964E-05 0.12135 0.174349 0.0710628 9.9964E-05 9.9964E-05 9.9964E-05
0.264414 0.303541 0.0595771 0.0373111 0.0275575 0.180578 0.0835531 0.00555818 0.0378095 9.9991E-05
0.643525 0.186306 0.00558066 0.0154 0.0406156 0.0993074 9.9973E-05 0.00896583 9.9973E-05 9.9973E-05
0.622134 0.147832 9.99696E-05 0.0591072 9.99696E-05 0.069605 9.99696E-05 0.0841651 0.0167564 9.99696E-05
0.352808 0.0988527 0.0608561 0.114831 0.125716 0.0927068 9.9982E-05 0.151499 9.9982E-05 0.00253094
0.556148 0.0738953 0.0186008 0.141462 0.0262052 0.14233 0.0233779 0.01778 9.9982E-05 9.9982E-05
0.348465 0.286431 9.9964E-05 9.9964E-05 9.9964E-05 0.214562 9.9964E-05 0.0462157 0.101396 0.00252996
0.49244 0.17273 0.00843875 0.0860983 0.109033 0.0873457 0.0431546 9.9982E-05 9.9982E-05 0.000559771
0.539296 0.165726 9.9973E-05 0.0235921 0.00403484 0.154921 0.00742683 9.9973E-05 0.104703 9.9973E-05
0.450321 0.0508174 9.9982E-05 0.155309 0.0535528 0.124746 0.0439475 0.0237031 9.9982E-05 0.0974045
0.404658 0.10719 0.0103099 9.9982E-05 0.0199638 9.9982E-05 0.0751659 0.0817121 0.00712134 0.293679
0.520175 0.0080067 9.9982E-05 0.0131518 0.0572795 0.058511 0.0933225 0.202297 9.9982E-05 0.0470562
0.449799 0.0591226 0.00649195 9.9982E-05 0.0849687 0.0240641 0.145805 0.0888515 9.9982E-05 0.140697
0.484321 0.131373 0.0500096 0.140315 9.9973E-05 9.9973E-05 0.0980026 0.088878 0.00680091 9.9973E-05
0.430093 0.125454 0.00733711 0.00567736 0.0496555 9.9982E-05 0.152549 0.12482 9.9982E-05 0.104214
0.431664 0.206711 9.9973E-05 0.186121 9.9973E-05 0.0554406 0.0252113 0.017436 0.0771163 9.9973E-05
0.498228 9.9973E-05 0.0691743 9.9973E-05 0.0984533 0.0558502 9.9973E-05 0.101278 0.0557215 0.120995
0.0433785 0.204417 9.9973E-05 9.9973E-05 0.10437 9.9973E-05 0.0531457 0.334071 0.122172 0.138146
0.371208 0.171873 0.00589271 0.0292135 0.0469142 9.9991E-05 0.204963 0.0482672 0.0921412 0.0294269
0.502389 0.038643 0.0305553 0.133389 0.0156881 0.00488949 0.184882 9.9982E-05 9.9982E-05 0.0893649
0.32171 0.108492 0.0531294 0.0758147 0.031579 0.0500862 0.238758 9.9991E-05 0.0440632 0.0762665
0.374398 0.243419 0.0151402 9.9982E-05 0.0265227 9.9982E-05 0.0368917 0.185628 0.00383992 0.11396
0.434963 0.0850063 9.9973E-05 0.0465274 9.9973E-05 9.9973E-05 0.154952 0.0292164 0.0846353 0.1644
0.623707 9.9964E-05 9.9964E-05 0.0127617 9.9964E-05 9.9964E-05 0.0808515 0.152854 0.0604164 0.0690101
9.9946E-05 9.9946E-05 9.9946E-05 9.9946E-05 0.0367819 9.9946E-05 0.103087 0.543958 9.9946E-05 0.315574
0.500053 0.0102716 0.00335745 9.9973E-05 0.0362228 9.9973E-05 0.231657 0.132538 9.9973E-05 0.085601
0.476599 0.0526013 0.00571672 0.0403454 9.9982E-05 9.9982E-05 0.22292 0.0309059 0.0494127 0.121299
0.413775 0.0318362 0.0282501 0.0484735 0.0706034 9.9991E-05 0.148237 0.000964042 0.155595 0.102166
0.594017 0.0368142 9.9964E-05 9.9964E-05 9.9964E-05 0.00561531 0.0431334 0.1304 9.9964E-05 0.18962
0.433023 0.0660748 9.9973E-05 9.9973E-05 9.9973E-05 0.11185 0.141495 0.0280063 0.135235 0.0840158
0.406676 9.9964E-05 9.9964E-05 0.365703 0.0792415 0.058092 0.0475423 9.9964E-05 0.0423454 9.9964E-05
0.461157 0.0313234 0.0441064 0.15134 0.100694 0.0345404 0.0963916 0.000305978 0.018496 0.0616449
9.9955E-05 0.121402 9.9955E-05 0.853168 9.9955E-05 0.00076756 0.00563817 9.9955E-05 0.018524 9.9955E-05
9.9973E-05 0.032922 0.00651295 0.859395 0.0134854 0.022242 9.9973E-05 9.9973E-05 0.0363232 0.028819
0.369571 0.237547 9.9955E-05 0.261389 9.9955E-05 9.9955E-05 0.123612 9.9955E-05 9.9955E-05 0.00738099
0.315411 9.9964E-05 9.9964E-05 0.0683499 9.9964E-05 9.9964E-05 0.297848 0.162694 0.118405 0.0368923
0.352418 9.9955E-05 9.9955E-05 0.216919 9.9955E-05 9.9955E-05 0.240101 0.0985016 9.9955E-05 0.091561
0.140141 0.0341956 9.9973E-05 0.184822 9.9973E-05 9.9973E-05 0.278808 0.184666 0.0538779 0.123189
0.297241 0.0140198 9.9964E-05 0.152092 9.9964E-05 9.9964E-05 0.243972 0.151991 9.9964E-05 0.140285
0.118892 9.9955E-05 9.9955E-05 0.63571 9.9955E-05 9.9955E-05 0.0230171 0.162217 9.9955E-05 0.0596641
0.23516 9.9946E-05 9.9946E-05 0.491963 9.9946E-05 9.9946E-05 9.9946E-05 0.171208 9.9946E-05 0.10107
0.584115 9.9964E-05 0.0353969 0.255381 0.0019216 9.9964E-05 0.0260964 0.0966895 9.9964E-05 9.9964E-05
0.348191 0.00449013 9.9955E-05 0.48473 9.9955E-05 9.9955E-05 0.111441 9.9955E-05 9.9955E-05 0.0506483
0.207237 9.9955E-05 9.9955E-05 0.639058 9.9955E-05 9.9955E-05 0.0423914 0.0550269 9.9955E-05 0.0557864
0.537924 0.0723713 9.9964E-05 0.245588 0.0338948 9.9964E-05 0.0309024 9.9964E-05 9.9964E-05 0.0789204
0.534136 9.9973E-05 0.00119209 0.286084 9.9973E-05 0.0567759 0.0773062 0.0331392 0.0110662 9.9973E-05
0.374842 9.9991E-05 0.0133483 0.207409 0.0842516 0.0601861 0.123424 0.0354651 0.0289032 0.0720709
0.321029 0.108441 0.0460503 0.466646 0.0133239 9.9973E-05 9.9973E-05 9.9973E-05 0.015122 0.0290871
0.27055 0.0316238 0.0039072 0.554886 0.0420829 0.0340827 0.0137549 9.9982E-05 0.0489127 9.9982E-05
0.544954 9.9982E-05 0.0871322 0.248788 0.0346809 9.9982E-05 0.0436968 0.0196064 0.0112132 0.00972794
0.338191 9.9964E-05 0.00215986 0.495292 0.0110902 0.0775873 9.9964E-05 9.9964E-05 9.9964E-05 0.0752804
0.250987 0.0158124 9.9991E-05 0.277075 0.0580927 0.108228 0.173753 0.0820085 0.0251059 0.00883687
0.398506 0.0441933 9.9955E-05 0.416179 0.0226982 9.9955E-05 9.9955E-05 9.9955E-05 0.117924 9.9955E-05
0.190377 0.0688343 0.0429386 0.655255 9.9955E-05 9.9955E-05 9.9955E-05 9.9955E-05 0.0420951 9.9955E-05
0.488077 9.9964E-05 9.9964E-05 0.326046 0.0453153 9.9964E-05 0.0519507 0.00471803 0.083493 9.9964E-05
0.209517 0.0811985 9.9955E-05 0.680311 0.0243338 9.9955E-05 0.0041399 9.9955E-05 9.9955E-05 9.9955E-05
0.342854 9.9955E-05 0.019982 0.540155 9.9955E-05 9.9955E-05 0.0557834 9.9955E-05 0.0407263 9.9955E-05
0.630807 0.00754777 0.0205213 0.193468 0.0308464 0.0165406 9.9991E-05 0.0306759 0.0302031 0.0392902
0.431878 0.059714 9.9973E-05 0.335442 0.0924995 0.0157291 0.0316685 9.9973E-05 9.9973E-05 0.032769
0.434112 0.0277037 0.0273549 0.0795852 0.0138841 9.9991E-05 0.149016 0.0995276 0.0727045 0.0960124
0.264838 9.9982E-05 9.9982E-05 0.189709 0.0237747 0.072347 0.177839 0.0404789 0.117998 0.112815
0.288168 0.00125071 0.0688357 0.0334886 0.0420807 9.9991E-05 0.249268 0.186117 0.057205 0.0734871
0.238294 0.0376672 0.106431 0.0434648 9.9982E-05 9.9982E-05 0.173206 0.0536587 0.197139 0.149939
0.360556 0.0536862 0.0228081 0.0668283 0.0139609 0.0440093 0.0957705 9.9991E-05 0.124973 0.217307
0.398361 0.00150974 0.0128678 0.0483004 0.0435478 0.0401427 0.173226 0.129131 0.0630754 0.0898379
9.9955E-05 9.9955E-05 0.0574651 0.544322 9.9955E-05 9.9955E-05 0.113039 0.150918 9.9955E-05 0.133756
0.555924 9.9973E-05 0.0260684 0.117154 9.9973E-05 0.0313049 0.164531 0.0936058 0.0111128 9.9973E-05
9.9946E-05 9.9946E-05 9.9946E-05 0.368663 9.9946E-05 9.9946E-05 0.0748091 0.279042 9.9946E-05 0.276886
0.472048 9.9955E-05 0.0453569 0.276378 9.9955E-05 9.9955E-05 0.175238 9.9955E-05 9.9955E-05 0.030479
0.0699168 9.9946E-05 9.9946E-05 0.801885 0.104737 9.9946E-05 9.9946E-05 9.9946E-05 0.0228617 9.9946E-05
9.9928E-05 9.9928E-05 9.9928E-05 0.940427 0.0587739 9.9928E-05 9.9928E-05 9.9928E-05 9.9928E-05 9.9928E-05
0.471224 0.0677212 9.9946E-05 0.408556 0.0518988 9.9946E-05 9.9946E-05 9.9946E-05 9.9946E-05 9.9946E-05
