9.9955E-05 0.813465 9.9955E-05 9.9955E-05 9.9955E-05 0.0256046 0.136942 0.0156871 9.9955E-05 0.00780165
9.9964E-05 0.860153 0.0572522 0.0458428 0.00565226 9.9964E-05 0.0141142 0.016586 9.9964E-05 9.9964E-05
0.0511929 0.732633 9.9955E-05 9.9955E-05 9.9955E-05 9.9955E-05 0.163785 0.0366319 9.9955E-05 0.015257
0.0611321 0.758643 9.9964E-05 9.9964E-05 9.9964E-05 0.0578999 0.0620161 0.0332443 0.0266649 9.9964E-05
9.9946E-05 0.795401 9.9946E-05 9.9946E-05 9.9946E-05 9.9946E-05 0.0863581 0.0686784 0.0489625 9.9946E-05
9.9964E-05 0.512089 0.0246263 0.249861 9.9964E-05 0.0518967 0.105636 9.9964E-05 0.0554905 9.9964E-05
9.99371E-05 0.76865 9.99371E-05 0.222201 9.99371E-05 0.00844936 9.99371E-05 9.99371E-05 9.99371E-05 9.99371E-05
9.9964E-05 0.71801 9.9964E-05 0.215272 0.000691183 0.0146281 9.9964E-05 0.0376268 0.0133715 9.9964E-05
9.99549E-05 0.807393 0.0939281 9.99549E-05 9.99549E-05 0.0146398 9.99549E-05 0.023019 9.99549E-05 0.0605207
9.9955E-05 0.599841 9.9955E-05 0.188351 9.9955E-05 9.9955E-05 0.0390027 0.0538343 0.118471 9.9955E-05
9.9937E-05 0.658121 9.9937E-05 0.293099 9.9937E-05 9.9937E-05 9.9937E-05 0.0480811 9.9937E-05 9.9937E-05
0.161203 9.99459E-05 9.99459E-05 0.0831128 9.99459E-05 0.656654 9.99459E-05 9.99459E-05 0.0984311 9.99459E-05
0.486808 0.00591869 9.9964E-05 9.9964E-05 9.9964E-05 0.372997 0.119791 0.00831642 0.00576938 9.9964E-05
0.19233 0.0162755 9.9964E-05 9.9964E-05 0.0637146 0.617754 9.9964E-05 9.9964E-05 0.0989487 0.0105769
0.18652 0.0311189 0.0256029 9.9973E-05 0.0124098 0.529751 0.0292246 9.9973E-05 0.185073 9.9973E-05
0.360042 0.128411 9.9964E-05 0.0442541 0.0377495 0.314639 9.9964E-05 9.9964E-05 0.114504 9.9964E-05
0.510522 0.039653 9.9973E-05 0.00989039 0.0486003 0.244929 0.0856268 9.9973E-05 0.0604779 9.9973E-05
0.386042 0.0557017 0.0751101 0.0654349 9.9964E-05 0.331131 9.9964E-05 9.9964E-05 0.0861807 9.9964E-05
0.235899 0.0589196 9.9964E-05 9.9964E-05 9.9964E-05 0.488978 0.111269 9.9964E-05 0.050963 0.0535714
9.9946E-05 0.0222963 9.9946E-05 0.1866 9.9946E-05 0.732539 9.9946E-05 9.9946E-05 0.057965 9.9946E-05
0.272294 0.0362498 0.0686314 0.0707517 0.0364038 0.329777 9.9991E-05 0.0335621 0.126576 0.0256544
0.464867 0.00644803 9.9973E-05 0.079309 0.0650674 0.203133 0.046488 9.9973E-05 9.9973E-05 0.134387
0.545358 9.9973E-05 0.00210719 0.081656 0.142392 0.176071 0.00476183 0.0473543 9.9973E-05 9.9973E-05
0.160561 9.9964E-05 0.0939112 0.0802007 9.9964E-05 0.455845 0.101525 9.9964E-05 0.107558 9.9964E-05
0.487016 0.102456 0.0234789 0.0647835 0.0173104 0.166453 0.102099 9.9982E-05 9.9982E-05 0.0362033
0.434661 9.9955E-05 9.9955E-05 0.12879 9.9955E-05 0.277084 0.0769003 9.9955E-05 0.082065 9.9955E-05
0.0725257 9.9955E-05 0.028078 0.0472463 9.9955E-05 0.711884 9.9955E-05 9.9955E-05 0.139766 9.9955E-05
0.112487 9.9955E-05 9.9955E-05 9.9955E-05 9.9955E-05 0.668755 0.0746693 9.9955E-05 0.137522 0.00606763
0.200091 9.9955E-05 9.9955E-05 0.0897657 0.119647 0.57045 9.9955E-05 9.9955E-05 0.0195467 9.9955E-05
0.0568322 0.840364 9.9937E-05 9.9937E-05 9.9937E-05 9.9937E-05 9.9937E-05 9.9937E-05 0.102104 9.9937E-05
0.164842 0.828218 9.9937E-05 9.9937E-05 9.9937E-05 9.9937E-05 9.9937E-05 9.9937E-05 0.0062397 9.9937E-05
0.190464 0.786479 0.00739215 9.99461E-05 9.99461E-05 9.99461E-05 9.99461E-05 9.99461E-05 0.015065 9.99461E-05
0.100753 0.723588 0.0642144 9.9955E-05 9.9955E-05 9.9955E-05 9.9955E-05 9.9955E-05 0.0886911 0.0222541
0.514589 0.0376379 0.138249 0.118171 0.0938486 0.074773 0.00853341 0.013998 9.9982E-05 9.9982E-05
0.46806 0.136001 0.242946 9.9955E-05 9.9955E-05 9.9955E-05 0.112992 0.0395012 9.9955E-05 9.9955E-05
0.55439 9.9946E-05 0.352437 0.0420376 9.9946E-05 9.9946E-05 9.9946E-05 9.9946E-05 0.0505358 9.9946E-05
0.115981 0.100267 0.00939531 0.0816536 9.9973E-05 0.658224 9.9973E-05 0.0287599 0.00541927 9.9973E-05
0.268329 9.9964E-05 0.597716 9.9964E-05 0.033821 9.9964E-05 9.9964E-05 0.0106918 0.0593948 0.0296471
0.439907 0.0344665 0.144147 9.9982E-05 0.0016493 0.15388 0.11468 0.0711287 9.9982E-05 0.0399417
0.697552 0.0456594 0.0679031 0.0686745 0.0405143 9.9991E-05 0.0157347 0.0265723 0.007196 0.0300932
0.51814 0.0569416 0.0504042 0.301946 9.9964E-05 9.9964E-05 0.0411309 0.0310371 9.9964E-05 9.9964E-05
0.551483 0.0578371 0.0715453 0.138082 0.0305151 0.0726104 9.9982E-05 0.0426062 0.0351211 9.9982E-05
0.142287 0.0395726 0.706291 9.9955E-05 9.9955E-05 0.0800431 9.9955E-05 9.9955E-05 9.9955E-05 0.0313064
0.494135 9.9955E-05 9.9955E-05 0.271301 9.9955E-05 0.0941912 0.116507 9.9955E-05 9.9955E-05 0.0233666
0.447059 0.0721108 0.224286 0.056844 0.0467977 9.9973E-05 0.111102 9.9973E-05 0.0415004 9.9973E-05
0.50689 0.0750267 0.0788922 0.0512833 9.99759E-05 0.131695 0.108881 9.99759E-05 0.047031 9.99759E-05
0.298573 9.9946E-05 0.630104 9.9946E-05 0.0289134 9.9946E-05 9.9946E-05 9.9946E-05 9.9946E-05 0.0418092
0.618863 9.9955E-05 0.266617 9.9955E-05 9.9955E-05 9.9955E-05 0.0437017 0.00830647 9.9955E-05 0.0620121
0.521726 0.140092 0.129507 9.9964E-05 0.0656004 0.088371 9.9964E-05 9.9964E-05 0.0543028 9.9964E-05
9.9946E-05 9.9946E-05 0.665861 0.0886385 0.0497673 9.9946E-05 9.9946E-05 9.9946E-05 9.9946E-05 0.195133
0.112134 9.9973E-05 0.219333 9.9973E-05 0.036758 0.483219 9.9973E-05 0.100974 0.00512089 0.0421616
0.0436106 9.9973E-05 0.172421 0.248931 0.114669 0.270406 0.0065281 9.9973E-05 9.9973E-05 0.143136
0.549568 0.0270566 0.0193519 9.9982E-05 0.0276671 0.0968421 9.9982E-05 0.176251 0.0442061 0.0588572
0.631303 0.0629986 0.0341067 9.9964E-05 0.023148 0.157025 0.0910189 9.9964E-05 9.9964E-05 9.9964E-05
0.556491 9.9982E-05 0.0748064 0.0755554 9.9982E-05 0.072152 0.0839999 0.0346329 0.0300628 0.0720991
0.148641 0.0873823 0.247371 0.00863207 0.0604787 0.173709 9.9982E-05 0.201077 9.9982E-05 0.0725087
0.537665 0.0570777 0.0694604 0.0731489 0.0101936 0.127781 0.0194285 0.105045 9.9982E-05 9.9982E-05
0.423572 0.0237796 0.107444 0.0309513 9.9982E-05 0.174814 0.0804513 9.9982E-05 0.119095 0.0396927
0.281381 0.113954 0.190211 0.0924413 0.0328943 0.226562 0.0316731 0.030683 9.9982E-05 9.9982E-05
9.999E-05 0.121161 0.142186 0.0762302 0.0281879 0.309642 0.0703705 0.073266 0.0225232 0.156334
0.500365 0.00566161 0.156543 9.9973E-05 0.0978199 0.0938685 0.0924343 9.9973E-05 9.9973E-05 0.0530077
0.329236 0.0381497 0.0541628 9.9982E-05 0.0727552 0.159826 0.118727 0.126771 9.9982E-05 0.100172
0.00384361 0.0533735 0.150487 0.0932595 0.0424358 0.584913 9.9982E-05 0.0550786 9.9982E-05 0.0164094
0.439578 9.9964E-05 9.9964E-05 0.0350559 0.104605 0.314165 0.0722613 9.9964E-05 9.9964E-05 0.0339355
0.502123 9.9964E-05 0.0585068 0.00420102 0.14292 0.0410373 0.250813 9.9964E-05 9.9964E-05 9.9964E-05
0.39953 9.9973E-05 0.0400314 0.0830506 0.0421213 0.174735 0.25487 0.00536101 9.9973E-05 9.9973E-05
0.258995 9.9973E-05 0.169822 9.9973E-05 0.124909 0.311597 9.9973E-05 0.00788019 0.0724745 0.0540232
0.474578 9.9973E-05 0.0271322 9.9973E-05 0.0954946 0.252476 9.9973E-05 0.0410678 0.0114414 0.0975098
0.43481 0.0255224 0.0613577 9.9973E-05 9.9973E-05 0.0778824 0.189783 0.149583 9.9973E-05 0.0607623
0.163741 0.00695942 0.0438351 0.0312163 0.152746 0.42041 0.0500665 0.0654622 9.9991E-05 0.0654628
0.547355 9.9946E-05 0.389087 0.0411031 9.9946E-05 0.0218557 9.9946E-05 9.9946E-05 9.9946E-05 9.9946E-05
0.190812 0.0384011 0.675543 9.9955E-05 9.9955E-05 0.0944676 9.9955E-05 9.9955E-05 0.000277329 9.9955E-05
0.532265 0.0373865 0.132334 9.9982E-05 0.0364939 0.107404 9.9982E-05 0.0207185 0.0488616 0.0843365
9.9955E-05 9.9955E-05 0.867721 0.0672109 0.00856699 9.9955E-05 0.00611967 9.9955E-05 9.9955E-05 0.0498821
9.9946E-05 9.9946E-05 0.812407 9.9946E-05 0.085694 0.0702808 9.9946E-05 9.9946E-05 9.9946E-05 0.031019
0.332593 9.9955E-05 0.650701 9.9955E-05 0.00487564 0.00514861 9.9955E-05 9.9955E-05 0.00618163 9.9955E-05
0.469873 0.0138045 0.453738 0.00142099 9.9964E-05 9.9964E-05 9.9964E-05 0.0357632 9.9964E-05 0.0250005
0.427353 0.186883 0.170164 9.9964E-05 0.0261365 0.0885506 9.9964E-05 9.9964E-05 0.100513 9.9964E-05
0.464256 9.9964E-05 0.361895 9.9964E-05 9.9964E-05 0.0727489 0.0194253 9.9964E-05 0.020546 0.0607285
0.0741995 9.9955E-05 0.659588 9.9955E-05 9.9955E-05 0.0645878 9.9955E-05 0.083917 0.117208 9.9955E-05
0.25654 0.0297183 0.427364 9.9964E-05 9.9964E-05 0.0845844 9.9964E-05 0.162821 0.0385717 9.9964E-05
0.382939 0.0277032 0.231896 9.9964E-05 9.9964E-05 0.00888735 0.261249 0.0869251 9.9964E-05 9.9964E-05
0.225748 9.9955E-05 0.520425 0.0540739 9.9955E-05 0.120442 9.9955E-05 9.9955E-05 0.0788112 9.9955E-05
0.318958 0.0171796 0.510879 9.9955E-05 9.9955E-05 0.0333995 0.119084 9.9955E-05 9.9955E-05 9.9955E-05
0.41219 9.9964E-05 0.517775 9.9964E-05 0.0196114 9.9964E-05 0.0144262 0.0173366 9.9964E-05 0.0182612
9.9964E-05 9.9964E-05 0.678851 0.0378054 0.12005 9.9964E-05 0.0452699 0.0411178 9.9964E-05 0.0765058
0.524005 0.0371128 0.319555 0.0704036 9.9964E-05 9.9964E-05 9.9964E-05 9.9964E-05 0.0478227 0.000701658
0.0734438 0.773455 9.9964E-05 9.9964E-05 9.9964E-05 0.00401535 0.0601518 0.0742585 0.0142757 9.9964E-05
0.11208 0.886457 9.99371E-05 9.99371E-05 0.000762542 9.99371E-05 9.99371E-05 9.99371E-05 9.99371E-05 9.99371E-05
0.0732909 0.823444 9.9946E-05 9.9946E-05 9.9946E-05 9.9946E-05 0.089534 9.9946E-05 9.9946E-05 0.0131319
0.00618357 0.807329 9.9946E-05 9.9946E-05 9.9946E-05 9.9946E-05 0.0786396 9.9946E-05 9.9946E-05 0.107248
0.132768 0.836549 9.9937E-05 9.9937E-05 9.9937E-05 9.9937E-05 9.9937E-05 9.9937E-05 9.9937E-05 0.029983
0.0670093 0.827766 0.00571968 9.9973E-05 9.9973E-05 9.9973E-05 0.0142854 0.0218702 0.0065641 0.0564849
0.0287624 0.844928 9.9964E-05 0.00905474 0.00207296 9.9964E-05 0.105446 9.9964E-05 9.9964E-05 0.00933623
0.497739 0.0818421 0.276678 9.9964E-05 9.9964E-05 9.9964E-05 0.0667623 0.0724396 0.00413908 9.9964E-05
0.422743 0.0810537 0.135413 0.0255952 0.0219247 0.0713155 0.131474 0.0579081 0.0524725 9.9991E-05
9.9955E-05 0.00714971 0.81169 9.9955E-05 9.9955E-05 0.102261 0.0703051 0.00809388 9.9955E-05 9.9955E-05
0.491303 0.168796 0.168129 9.9955E-05 9.9955E-05 0.0720942 0.0991779 9.9955E-05 9.9955E-05 9.9955E-05
0.380998 0.0435896 0.377982 0.0746968 9.9982E-05 0.0714043 0.00153591 0.00503481 0.0445587 9.9982E-05
0.508495 0.0691581 0.270135 0.0127906 9.9973E-05 0.0064035 0.0529014 9.9973E-05 0.0798163 9.9973E-05
0.514394 0.0269377 0.225446 0.0736116 0.0629737 0.0200666 0.0525216 0.0238495 9.9982E-05 9.9982E-05
0.377313 0.0399631 0.43396 9.9964E-05 0.0202497 9.9964E-05 0.0314803 9.9964E-05 0.0966334 9.9964E-05
9.9946E-05 0.075134 0.746899 9.9946E-05 9.9946E-05 0.129702 9.9946E-05 0.0476655 9.9946E-05 9.9946E-05
0.427956 0.162969 0.237245 0.00940782 0.0558283 0.00471171 0.0396192 0.0219898 9.9991E-05 0.0401727
0.633663 0.0439216 0.148758 0.00257093 0.00354986 0.0210483 9.9991E-05 0.0346763 0.0148001 0.0969123
0.630762 9.9973E-05 0.0499543 0.0619423 9.9973E-05 0.0282881 9.9973E-05 0.128167 0.0993364 0.00124982
0.352495 9.9964E-05 0.504833 0.0617782 0.0459051 9.9964E-05 9.9964E-05 9.9964E-05 0.0271629 0.00742545
0.481175 9.9973E-05 0.366959 0.00557649 0.0575318 9.9973E-05 0.0206542 9.9973E-05 0.0477924 0.0200108
0.415193 0.0171341 0.337517 0.0475616 9.9973E-05 0.0856267 0.0850771 0.0115903 9.9973E-05 9.9973E-05
0.264512 9.9946E-05 0.596594 0.0185577 9.9946E-05 9.9946E-05 9.9946E-05 9.9946E-05 0.119737 9.9946E-05
0.442122 0.105733 0.343533 9.9946E-05 9.9946E-05 0.108011 9.9946E-05 9.9946E-05 9.9946E-05 9.9946E-05
0.430358 0.0826568 0.13311 9.9982E-05 0.0320638 0.140066 0.142899 0.0190063 9.9982E-05 0.0196406
0.198833 0.0270559 0.0180129 0.0125636 0.236537 0.389164 9.9982E-05 0.0221064 9.9982E-05 0.0955264
0.38579 0.0602279 0.0423273 0.0495127 9.9982E-05 0.206082 0.0488665 0.165455 0.0415379 9.9982E-05
0.466279 0.0579481 9.9991E-05 0.11849 0.0601606 0.0953441 0.0397913 0.055033 0.0734786 0.0333754
0.515108 0.0971345 0.194575 0.031436 9.9973E-05 0.075441 9.9973E-05 0.0118838 0.0741226 9.9973E-05
0.496694 0.0328447 9.9946E-05 9.9946E-05 9.9946E-05 0.453763 9.9946E-05 9.9946E-05 9.9946E-05 0.0160992
0.518019 9.9973E-05 0.0446802 0.0168785 9.9973E-05 0.255913 9.9973E-05 0.0745425 0.063762 0.0259048
0.398751 9.9955E-05 9.9955E-05 9.9955E-05 0.0100126 0.408336 0.0977406 0.0846595 9.9955E-05 9.9955E-05
0.496762 0.0272446 9.9964E-05 9.9964E-05 0.0815787 0.0832825 9.9964E-05 0.133296 9.9964E-05 0.177437
0.448206 0.00104056 9.9982E-05 0.206311 9.9982E-05 0.0786438 0.0969847 0.0919584 0.028568 0.0480878
0.503359 0.0364047 0.0875487 0.0847821 0.0222439 0.231187 9.9973E-05 9.9973E-05 9.9973E-05 0.0341748
0.485151 9.9964E-05 0.0479939 9.9964E-05 0.00122593 0.378753 9.9964E-05 0.0676672 9.9964E-05 0.018809
0.56487 9.9982E-05 0.0949801 0.0548996 0.0877468 0.0292635 0.0241936 0.104865 0.0389817 9.9982E-05
0.513479 0.0536081 0.0286976 0.00315378 0.0503188 0.0788392 0.114723 0.0258416 0.00456174 0.126777
0.42762 0.00988793 0.0298855 9.9982E-05 0.0705371 0.227058 0.0200161 0.0930778 0.121718 9.9982E-05
0.551473 9.9973E-05 0.0040394 0.124575 9.9973E-05 0.110481 0.0725563 0.0562687 9.9973E-05 0.0803069
0.46313 9.9982E-05 0.154592 0.0152936 0.0159336 0.0878482 0.110695 0.0976928 0.0546141 9.9982E-05
0.222208 0.0491048 9.9982E-05 0.119045 0.0713149 0.328092 0.151353 0.0456977 0.0129854 9.9982E-05
0.56345 9.9991E-05 0.0184818 0.00834917 0.0176161 0.21457 0.0307494 0.0401932 0.0350537 0.0714362
0.599917 9.9964E-05 9.9964E-05 9.9964E-05 0.0910566 0.155753 9.9964E-05 0.0145161 0.0396637 0.0986936
0.113426 0.0191111 0.12235 0.11016 0.0747303 0.456252 0.0737042 0.00661586 0.0235509 9.9991E-05
0.212111 9.9964E-05 0.0299117 9.9964E-05 0.197595 0.307128 9.9964E-05 0.0631419 9.9964E-05 0.189712
0.536095 0.0615829 0.0509383 0.0424829 0.014587 0.0998078 0.0589583 0.119933 9.9991E-05 0.0155148
0.0217113 9.9973E-05 0.24901 9.9973E-05 0.246964 0.214441 9.9973E-05 0.126033 0.0830457 0.0584947
0.206233 0.0337502 0.0601916 0.055191 0.0767709 0.543368 9.9973E-05 9.9973E-05 0.0241963 9.9973E-05
0.456159 9.9955E-05 0.114887 0.0219098 0.047842 0.358702 9.9955E-05 9.9955E-05 9.9955E-05 9.9955E-05
0.309037 0.031297 0.119453 9.9964E-05 0.0144699 0.334847 9.9964E-05 0.190497 9.9964E-05 9.9964E-05
0.295726 0.00232283 0.128567 0.0291892 0.0749835 0.344483 9.9982E-05 0.119874 0.00465571 9.9982E-05
0.559072 0.0428219 0.0130681 0.0946379 0.00706096 0.215658 0.0414363 9.9982E-05 0.0260457 9.9982E-05
0.527379 0.100973 9.9973E-05 9.9973E-05 0.0660718 0.12471 9.9973E-05 0.0807098 0.0835479 0.0163093
0.538371 0.0192646 0.0181434 9.9973E-05 9.9973E-05 0.253501 9.9973E-05 0.0342597 0.0398831 0.096277
0.171741 9.9982E-05 0.147685 0.0612868 0.0801072 0.320659 9.9982E-05 0.0625356 0.0103948 0.145391
0.365532 0.108828 0.162305 0.0850692 9.9982E-05 0.131154 0.0995769 0.0261121 9.9982E-05 0.0212232
0.289977 9.9973E-05 0.0593341 0.222487 0.0466519 0.0694239 0.294164 9.9973E-05 9.9973E-05 0.0176617
9.9973E-05 0.119864 0.124504 0.303133 0.199805 0.131145 9.9973E-05 0.0282149 9.9973E-05 0.0930343
0.619553 0.107277 0.0670705 0.075384 0.0556224 9.9982E-05 9.9982E-05 0.00646797 0.0650679 0.00335718
0.294391 0.101435 0.206435 0.0707822 0.150987 0.0158595 0.0836976 0.0512242 9.9991E-05 0.025089
0.376016 0.0272251 0.0254862 0.066097 0.139489 0.0464366 0.126871 0.0129033 0.0652763 0.114199
0.240886 9.99755E-05 0.123013 0.237193 0.0160099 0.0522362 9.99755E-05 0.091601 9.99755E-05 0.23876
0.13245 0.0915034 0.10703 0.398925 0.0992898 0.110983 9.9982E-05 0.0360498 9.9982E-05 0.0235691
0.439595 0.00492708 0.0825021 0.138506 0.0737576 0.0264633 9.9982E-05 0.10654 9.9982E-05 0.127509
0.531784 0.0651229 9.9973E-05 0.183019 0.0363724 0.127651 9.9973E-05 9.9973E-05 0.00907763 0.0466728
0.418799 0.0749173 0.0534582 0.0384821 0.0846769 0.142715 0.062558 0.0250981 0.0121824 0.0871122
9.99819E-05 9.99819E-05 0.228097 0.183292 0.130829 0.130174 0.088402 9.99819E-05 0.0783004 0.160605
0.436729 9.9964E-05 9.9964E-05 0.196378 0.136245 0.0646588 0.129082 9.9964E-05 0.0365078 9.9964E-05
0.356395 9.9973E-05 0.146926 0.177005 0.100606 0.0722087 9.9973E-05 0.0499641 9.9973E-05 0.0965955
0.490093 9.9964E-05 0.128399 0.0889054 0.0920034 0.121729 9.9964E-05 9.9964E-05 9.9964E-05 0.0784705
0.56808 0.0575919 0.0440974 0.0304523 0.058453 9.9973E-05 9.9973E-05 0.0643643 9.9973E-05 0.176661
0.119447 0.279255 0.0100101 0.2071 9.9973E-05 9.9973E-05 9.9973E-05 0.018174 0.265051 0.100662
9.9955E-05 0.413525 9.9955E-05 0.178073 9.9955E-05 9.9955E-05 0.0287206 9.9955E-05 0.0830532 0.296129
9.9955E-05 0.328766 9.9955E-05 0.118637 0.0757557 9.9955E-05 9.9955E-05 9.9955E-05 0.0845386 0.391803
0.0259304 0.266181 0.0255887 0.0397352 9.9982E-05 9.9982E-05 0.228008 0.00565978 0.180368 0.228329
0.653575 9.9955E-05 9.9955E-05 0.205096 0.0821998 9.9955E-05 9.9955E-05 0.0171167 9.9955E-05 0.041513
0.494054 0.107669 9.9982E-05 0.0127392 0.16126 0.00257875 9.9982E-05 0.0769995 0.0888871 0.0556124
0.285675 9.9955E-05 9.9955E-05 9.9955E-05 0.0175868 0.0514951 0.0093998 9.9955E-05 0.635343 9.9955E-05
0.362347 9.9973E-05 9.9973E-05 9.9973E-05 0.00476759 0.162897 0.0467212 0.0215045 0.37381 0.027652
0.344138 0.0979473 0.108391 9.9973E-05 0.0134602 0.00453453 0.0810377 9.9973E-05 0.350191 9.9973E-05
0.245963 9.9973E-05 0.0939817 0.464324 0.117115 0.00245361 9.9973E-05 9.9973E-05 0.0285827 0.0472803
0.547201 0.029798 0.0438917 0.115711 9.9973E-05 0.163384 0.0973952 9.9973E-05 0.00231948 9.9973E-05
0.0832044 9.9964E-05 9.9964E-05 0.46444 0.263613 0.0963413 0.0492306 9.9964E-05 9.9964E-05 0.042771
0.475781 9.9973E-05 0.182878 0.138693 0.0748406 0.0249185 0.0715976 0.0309909 9.9973E-05 9.9973E-05
0.347067 9.9973E-05 0.0424686 0.272288 0.204322 0.0746851 0.0139469 9.9973E-05 0.044922 9.9973E-05
0.531313 0.0135445 0.014523 0.186477 0.11309 0.0112612 0.00250059 0.0349595 0.051738 0.0405929
0.185975 9.9973E-05 0.054229 0.44082 0.211043 0.0969338 9.9973E-05 0.00183274 9.9973E-05 0.00886607
0.644315 0.0495656 0.0229816 0.0549386 0.0619669 0.0651513 9.9991E-05 0.0312262 0.0250398 0.0447149
0.509473 9.9973E-05 0.109093 0.205302 0.0431603 0.0229312 9.9973E-05 9.9973E-05 0.0332507 0.0764898
9.9937E-05 9.9937E-05 9.9937E-05 9.9937E-05 0.0219448 9.9937E-05 0.0343076 9.9937E-05 0.943048 9.9937E-05
0.0721223 9.9964E-05 9.9964E-05 0.0197761 0.00730839 0.00779419 0.00978628 9.9964E-05 0.882813 9.9964E-05
0.123768 9.9964E-05 0.0368743 0.0437523 9.9964E-05 0.0880161 0.108526 9.9964E-05 0.598663 9.9964E-05
0.349674 9.9937E-05 9.9937E-05 9.9937E-05 9.9937E-05 9.9937E-05 0.0443824 9.9937E-05 0.605244 9.9937E-05
0.185039 0.00745002 9.9973E-05 0.0102898 9.9973E-05 9.9973E-05 0.0486916 0.0409152 0.693215 0.0141001
9.9928E-05 9.9928E-05 9.9928E-05 9.9928E-05 9.9928E-05 9.9928E-05 9.9928E-05 9.9928E-05 0.98085 0.0183507
9.9955E-05 9.9955E-05 9.9955E-05 9.9955E-05 0.00550674 9.9955E-05 0.0430294 0.0311556 0.912998 0.00681056
0.179274 9.9937E-05 9.9937E-05 9.9937E-05 9.9937E-05 9.9937E-05 0.0146735 9.9937E-05 0.805353 9.9937E-05
9.9928E-05 9.9928E-05 9.9928E-05 9.9928E-05 9.9928E-05 0.0502022 9.9928E-05 9.9928E-05 0.948998 9.9928E-05
9.99201E-05 9.99201E-05 9.99201E-05 9.99201E-05 9.99201E-05 9.99201E-05 9.99201E-05 9.99201E-05 0.999101 9.99201E-05
9.9937E-05 0.00374462 9.9937E-05 9.9937E-05 9.9937E-05 9.9937E-05 9.9937E-05 9.9937E-05 0.982982 0.0125736
0.148432 0.0494676 9.9946E-05 9.9946E-05 9.9946E-05 0.0298351 9.9946E-05 9.9946E-05 0.771666 9.9946E-05
0.129409 0.0487777 9.9964E-05 9.9964E-05 9.9964E-05 0.0149087 9.9964E-05 0.0325017 0.760338 0.013665
9.9928E-05 9.9928E-05 0.043066 9.9928E-05 9.9928E-05 9.9928E-05 9.9928E-05 9.9928E-05 0.956135 9.9928E-05
0.219578 9.9973E-05 0.0556799 0.0430353 9.9973E-05 0.0692515 0.264191 0.0312804 0.316684 9.9973E-05
0.246609 0.0520781 0.0676729 9.9955E-05 9.9955E-05 9.9955E-05 0.0535598 9.9955E-05 0.579581 9.9955E-05
0.124008 9.9955E-05 9.9955E-05 9.9955E-05 9.9955E-05 9.9955E-05 0.199624 0.0110551 0.594706 0.0701079
0.0219712 0.0190463 9.9964E-05 0.00311307 9.9964E-05 0.0497638 0.00840279 9.9964E-05 0.897303 9.9964E-05
9.9928E-05 9.9928E-05 9.9928E-05 9.9928E-05 9.9928E-05 9.9928E-05 0.242471 9.9928E-05 0.75673 9.9928E-05
0.0263177 9.9955E-05 9.9955E-05 9.9955E-05 9.9955E-05 0.00274059 0.108505 9.9955E-05 0.811596 0.0503408
9.9937E-05 9.9937E-05 9.9937E-05 0.0352863 9.9937E-05 9.9937E-05 0.0036156 9.9937E-05 0.960399 9.9937E-05
0.19184 9.9955E-05 9.9955E-05 9.9955E-05 9.9955E-05 0.00469027 0.264793 0.0815025 0.456674 9.9955E-05
0.0245961 0.000820387 9.9964E-05 9.9964E-05 0.0193184 0.0408767 0.0802389 9.9964E-05 0.83375 9.9964E-05
9.9973E-05 0.263893 0.0386162 0.478342 0.0627568 0.0115232 0.0258967 9.9973E-05 9.9973E-05 0.118672
0.366168 0.100422 9.9982E-05 0.20123 0.012661 0.0155234 9.9982E-05 0.0975353 0.0526877 0.153573
0.284084 0.191493 0.0737209 0.247879 9.9982E-05 9.9982E-05 0.0668226 0.0531064 0.0662353 0.0164597
0.149584 0.0851544 0.0201298 0.304539 9.9991E-05 0.0730444 0.105153 0.00280245 0.0197359 0.239756
0.313484 0.0552712 0.0478823 0.277654 9.9982E-05 0.0101337 0.173074 9.9982E-05 0.0502126 0.0720886
0.171469 0.174063 9.9982E-05 0.343199 0.0272905 0.00029126 0.0750366 9.9982E-05 0.0320482 0.176402
0.502867 0.129173 0.0475598 0.0727973 0.0882771 0.101909 9.9973E-05 9.9973E-05 9.9973E-05 0.057118
0.145491 9.9964E-05 0.093422 0.321877 9.9964E-05 9.9964E-05 0.0961446 9.9964E-05 0.159914 0.182752
0.429496 0.0904076 0.0672986 0.140989 9.9982E-05 0.0269889 0.0388103 9.9982E-05 0.123853 0.081957
0.256502 0.0593787 9.9964E-05 0.335632 9.9964E-05 9.9964E-05 0.180727 9.9964E-05 0.100459 0.0669025
0.311273 0.141516 0.0909361 0.283377 9.9973E-05 0.0234348 0.0642026 9.9973E-05 0.0849611 9.9973E-05
0.00952 0.775652 9.9964E-05 0.121011 9.9964E-05 9.9964E-05 0.0360506 0.0470618 9.9964E-05 0.0103052
9.9964E-05 0.819611 9.9964E-05 9.9964E-05 0.0247813 0.0143107 0.0715496 9.9964E-05 0.0194241 0.0499239
0.0333691 0.914899 0.0073308 9.9964E-05 9.9964E-05 0.00587274 9.9964E-05 0.0156269 9.9964E-05 0.0225019
0.0337447 0.901056 9.9937E-05 9.9937E-05 9.9937E-05 9.9937E-05 9.9937E-05 0.0644999 9.9937E-05 9.9937E-05
0.0377062 0.845191 9.9955E-05 9.9955E-05 9.9955E-05 0.0585483 0.00473553 9.9955E-05 9.9955E-05 0.0533188
9.9946E-05 0.817159 9.9946E-05 9.9946E-05 0.00186428 9.9946E-05 0.126988 9.9946E-05 9.9946E-05 0.0533893
0.0215248 0.814226 0.0103383 9.9973E-05 9.9973E-05 9.9973E-05 0.0587456 0.00930615 0.0734874 0.0120722
0.0207431 0.839477 0.0238905 0.0210813 0.0547619 9.9964E-05 9.9964E-05 9.9964E-05 9.9964E-05 0.0396462
0.0503241 0.79341 0.0310323 9.9964E-05 0.0100758 9.9964E-05 0.0389409 9.9964E-05 9.9964E-05 0.0758174
9.9946E-05 0.70144 9.9946E-05 9.9946E-05 9.9946E-05 9.9946E-05 0.20406 0.0281949 9.9946E-05 0.0657062
9.9955E-05 0.634019 0.12082 9.9955E-05 0.0117551 0.189299 9.9955E-05 0.0436076 9.9955E-05 9.9955E-05
9.9964E-05 0.559195 0.09053 9.9964E-05 9.9964E-05 0.15253 0.019778 0.167863 9.9964E-05 0.00970436
9.9964E-05 0.490905 9.9964E-05 0.0775001 0.0824828 0.284766 9.9964E-05 0.021766 9.9964E-05 0.0421802
9.9964E-05 0.479586 0.0587113 0.0688462 0.0437343 0.328329 9.9964E-05 0.0203935 9.9964E-05 9.9964E-05
0.435671 0.0535582 0.261866 0.0446005 9.9973E-05 0.10045 9.9973E-05 9.9973E-05 0.0519331 0.0516212
0.491731 9.9964E-05 0.217782 9.9964E-05 0.11653 0.032958 0.089592 0.0510073 9.9964E-05 9.9964E-05
0.498791 9.9982E-05 0.101786 0.0128674 0.0953104 0.160418 9.9982E-05 0.0439628 0.0826307 0.00403353
0.494581 9.9955E-05 0.0971436 9.9955E-05 9.9955E-05 0.219888 9.9955E-05 0.0463953 9.9955E-05 0.141491
0.0988018 9.9964E-05 0.113698 0.0613856 9.9964E-05 0.616021 9.9964E-05 0.0839412 0.0257529 9.9964E-05
0.637126 0.0489988 0.108653 0.0069215 0.0543046 0.0238213 9.9991E-05 0.0580105 0.0239575 0.0381065
0.558096 9.9964E-05 0.27984 9.9964E-05 0.0424471 0.0153816 9.9964E-05 0.0430902 9.9964E-05 0.0607447
0.496074 9.9973E-05 0.294675 0.0775421 9.9973E-05 0.0444107 0.0203563 0.000753357 9.9973E-05 0.0658887
0.328913 9.9955E-05 0.520236 0.018735 0.0545185 9.9955E-05 9.9955E-05 9.9955E-05 0.0770973 9.9955E-05
0.575855 0.0479518 0.186438 0.048127 9.9973E-05 9.9973E-05 0.0134238 0.076802 9.9973E-05 0.0511026
0.442437 9.9973E-05 0.359151 0.000680795 0.0764845 9.9973E-05 0.000140288 0.101399 9.9973E-05 0.0194072
9.9955E-05 9.9955E-05 0.66549 0.00280226 0.197185 0.119812 9.9955E-05 0.0142104 9.9955E-05 9.9955E-05
0.592561 9.9973E-05 0.108927 0.019287 0.0635821 0.0102588 9.9973E-05 0.142382 9.9973E-05 0.0627022
0.23755 9.9964E-05 0.457177 0.0657423 0.0707817 9.9964E-05 9.9964E-05 0.022923 9.9964E-05 0.145427
0.444657 9.9955E-05 0.381948 9.9955E-05 0.0713318 9.9955E-05 0.0856701 0.0158931 9.9955E-05 9.9955E-05
0.102517 0.0360375 0.665245 9.9964E-05 9.9964E-05 0.187049 0.00464027 0.00411189 9.9964E-05 9.9964E-05
9.9946E-05 9.9946E-05 0.0199484 0.00852814 9.9946E-05 9.9946E-05 9.9946E-05 0.892742 9.9946E-05 0.0781816
9.9928E-05 9.9928E-05 9.9928E-05 0.0495652 9.9928E-05 9.9928E-05 9.9928E-05 0.949635 9.9928E-05 9.9928E-05
9.99201E-05 9.99201E-05 9.99201E-05 9.99201E-05 9.99201E-05 9.99201E-05 9.99201E-05 0.999101 9.99201E-05 9.99201E-05
9.9937E-05 9.9937E-05 9.9937E-05 9.9937E-05 0.0579838 9.9937E-05 0.00237605 0.938941 9.9937E-05 9.9937E-05
0.0418522 9.9964E-05 0.00210669 9.9964E-05 0.00172325 9.9964E-05 9.9964E-05 0.881844 0.0542174 0.0178568
0.0204297 9.9937E-05 9.9937E-05 9.9937E-05 9.9937E-05 9.9937E-05 9.9937E-05 0.938237 0.0406341 9.9937E-05
0.0520871 0.790499 0.00965661 9.9964E-05 9.9964E-05 9.9964E-05 0.0991355 9.9964E-05 0.00758974 0.0406317
0.0215835 0.769344 9.9955E-05 9.9955E-05 9.9955E-05 0.0776187 0.128136 9.9955E-05 9.9955E-05 0.00281839
0.114779 0.715919 9.9955E-05 0.022102 9.9955E-05 9.9955E-05 0.120985 9.9955E-05 0.0257151 9.9955E-05
9.9946E-05 0.72813 9.9946E-05 9.9946E-05 9.9946E-05 0.0853277 0.085889 9.9946E-05 0.100054 9.9946E-05
0.0469718 0.711223 9.9964E-05 0.0249156 9.9964E-05 0.0505342 9.9964E-05 9.9964E-05 0.0741419 0.0918139
9.9964E-05 0.348127 0.0408698 0.00753056 9.9964E-05 0.171907 9.9964E-05 0.415562 9.9964E-05 0.0156032
9.9973E-05 0.451974 0.075653 0.0723615 0.0410828 0.0665668 9.9973E-05 0.290755 9.9973E-05 0.00130638
9.9955E-05 0.417589 0.0835797 9.9955E-05 0.0597137 0.0124572 9.9955E-05 0.426161 9.9955E-05 9.9955E-05
0.1406 0.834905 9.9937E-05 9.9937E-05 9.9937E-05 9.9937E-05 9.9937E-05 9.9937E-05 0.0237953 9.9937E-05
9.9946E-05 0.313389 0.0990633 9.9946E-05 9.9946E-05 0.105912 9.9946E-05 0.481036 9.9946E-05 9.9946E-05
0.213105 0.0894979 9.9964E-05 9.9964E-05 0.00517508 9.9964E-05 0.244625 9.9964E-05 0.233712 0.213484
0.512354 0.117754 9.9973E-05 0.0223164 9.9973E-05 0.0337766 0.172065 0.0151877 0.126246 9.9973E-05
0.526561 0.178598 9.9946E-05 0.00550141 9.9946E-05 9.9946E-05 9.9946E-05 9.9946E-05 0.28874 9.9946E-05
0.300864 0.12566 9.9982E-05 0.0141888 0.0115613 9.9982E-05 0.0735759 0.0544094 0.219496 0.200044
0.360909 0.0990677 0.0859077 0.0625314 9.9982E-05 9.9982E-05 0.127061 0.0145748 0.217632 0.0321166
9.9955E-05 0.310921 9.9955E-05 0.0804673 9.9955E-05 9.9955E-05 0.276619 9.9955E-05 0.0812268 0.250266
0.424799 9.9973E-05 0.0172186 0.117915 0.0379298 0.284414 9.9973E-05 0.0849276 9.9973E-05 0.0324961
0.291263 0.000324366 0.173943 0.0109966 0.243658 0.101592 0.0952176 0.0354601 9.9991E-05 0.0474456
0.195028 0.0759798 9.9955E-05 9.9955E-05 9.9955E-05 0.59139 0.0781948 0.0589076 9.9955E-05 9.9955E-05
0.463543 9.9964E-05 0.0481122 9.9964E-05 0.294316 0.0877791 9.9964E-05 0.0401092 9.9964E-05 0.0657412
9.9964E-05 9.9964E-05 0.249023 0.0169162 0.389054 0.145834 9.9964E-05 0.029149 9.9964E-05 0.169624
0.592164 0.0218075 9.9973E-05 0.0709168 0.0480985 0.169075 9.9973E-05 0.0207652 9.9973E-05 0.0768736
0.409614 9.9982E-05 0.0689293 0.139766 0.0903502 0.131845 0.0554732 0.065254 9.9982E-05 0.0385684
0.371947 0.0577723 0.0609035 9.9955E-05 0.0226103 0.486267 9.9955E-05 9.9955E-05 9.9955E-05 9.9955E-05
0.531338 0.090173 0.0946591 0.0766477 9.9982E-05 0.0542211 0.106767 0.0151196 9.9982E-05 0.0308744
0.0779952 9.9964E-05 0.123555 0.138008 0.110159 0.400523 9.9964E-05 9.9964E-05 9.9964E-05 0.14936
0.48195 9.9982E-05 0.0648739 0.11672 0.107292 0.0514067 9.9982E-05 0.0989176 0.0179006 0.0607389
0.530137 9.9982E-05 0.0840215 0.0298193 0.00807844 0.0908796 0.0293331 0.187765 9.9982E-05 0.0397667
0.222202 0.0504716 0.143596 0.0287496 0.0366242 0.117813 0.194773 0.0473442 0.141011 0.0174163
0.386049 9.9973E-05 0.00211525 0.0477702 0.148531 0.307297 9.9973E-05 0.0295356 9.9973E-05 0.0784021
0.468341 0.0067655 0.0299708 9.9982E-05 0.165092 0.0880092 9.9982E-05 0.134434 0.0410899 0.0660982
0.490039 0.00940253 0.0573976 0.0768709 0.0588471 0.147221 0.0570222 0.0107056 0.0234027 0.0690915
0.519469 9.9964E-05 0.252251 9.9964E-05 0.0390735 0.0475923 9.9964E-05 0.0716934 9.9964E-05 0.0695214
0.641672 0.0126314 0.0499009 0.017466 0.0548335 0.0114455 0.0831663 0.0261015 0.00444731 0.0983351
0.501648 0.0584476 0.0345001 0.0475665 0.0541276 0.127158 0.139791 0.0327078 9.9991E-05 0.00395455
0.442413 0.0433822 0.146438 9.9982E-05 0.0804055 0.0629755 0.106972 0.0638381 9.9982E-05 0.053376
0.149802 0.771988 9.9946E-05 9.9946E-05 9.9946E-05 9.9946E-05 0.0100715 9.9946E-05 0.0675388 9.9946E-05
0.0564233 0.78036 0.0011092 0.00626637 0.0359858 9.9973E-05 0.0895732 9.9973E-05 0.0299823 9.9973E-05
0.0991235 0.771947 9.9955E-05 0.0607082 9.9955E-05 0.0361315 9.9955E-05 9.9955E-05 9.9955E-05 0.0315903
0.0236572 0.759959 0.0704308 9.9973E-05 0.0389723 9.9973E-05 0.0753433 0.0186817 0.0126563 9.9973E-05
0.129817 0.826067 9.9937E-05 9.9937E-05 9.9937E-05 9.9937E-05 9.9937E-05 9.9937E-05 0.0434164 9.9937E-05
0.182824 9.9955E-05 9.9955E-05 9.9955E-05 9.9955E-05 0.64953 9.9955E-05 0.038063 0.00139085 0.127692
0.391453 0.0206909 0.0562098 9.9982E-05 0.127378 0.180701 9.9982E-05 0.0324906 0.0562097 0.134666
0.294189 0.165429 0.00896048 0.0910902 0.0265753 9.9991E-05 0.150878 0.0718669 0.138262 0.0526486
0.611472 0.018355 9.9973E-05 0.00547439 9.9973E-05 0.20076 0.0733052 9.9973E-05 0.0419622 0.0483711
0.525085 0.0606405 0.0986035 9.9964E-05 0.0239982 0.202689 9.9964E-05 0.0885845 9.9964E-05 9.9964E-05
0.247236 9.9973E-05 9.9973E-05 0.0367437 0.151274 0.28034 9.9973E-05 0.138816 0.0156163 0.129674
9.9964E-05 0.108569 0.0521826 0.00290687 9.9964E-05 0.709188 9.9964E-05 0.0347771 9.9964E-05 0.0919767
0.496606 0.0620303 0.09026 0.00773547 0.0027292 0.187186 9.9973E-05 0.153153 9.9973E-05 9.9973E-05
0.152146 0.0561195 0.0305307 0.0526905 0.133309 0.432875 9.9982E-05 0.0803394 0.0617892 9.9982E-05
0.356146 0.0239762 0.0818193 0.0303512 0.132569 0.151465 0.129527 0.0397855 0.0268723 0.0274881
0.0915746 0.104291 0.0143283 9.9982E-05 0.113014 0.536246 9.9982E-05 0.0749952 0.0422948 0.0230562
0.566109 0.0187416 0.0169416 9.9982E-05 0.0248301 0.185664 0.0830345 0.0658898 9.9982E-05 0.0385895
0.123677 0.040123 0.0795512 0.0528426 0.0214524 0.636431 9.9991E-05 0.0191346 0.012085 0.0146035
0.318027 0.0138707 0.0529018 0.059304 0.142447 0.29523 0.0949835 0.0230356 9.9982E-05 9.9982E-05
0.346984 9.9991E-05 0.0864043 0.214578 0.00927173 0.15853 0.132278 0.0120802 0.0373871 0.00238654
0.217671 0.033487 9.9982E-05 0.425617 0.25896 0.00932318 9.9982E-05 0.0363652 0.0029237 0.0154533
0.521929 0.0588859 9.9946E-05 0.326007 9.9946E-05 0.0925783 9.9946E-05 9.9946E-05 9.9946E-05 9.9946E-05
0.459474 0.0532074 0.100596 0.18668 0.06113 9.9982E-05 9.9982E-05 0.00845247 0.0577172 0.072543
0.349878 9.9973E-05 0.0155728 0.4069 0.141507 0.0601119 9.9973E-05 0.021761 9.9973E-05 0.00396931
0.469522 0.0120907 9.9982E-05 0.128188 0.0725301 0.1227 9.9982E-05 0.0496194 0.0591877 0.0859625
0.514673 0.0277315 0.0311808 0.199112 0.0959051 9.9973E-05 9.9973E-05 0.0906428 9.9973E-05 0.0404547
9.9955E-05 9.9955E-05 0.115448 0.51684 0.212077 9.9955E-05 9.9955E-05 0.0829879 9.9955E-05 0.0721469
0.245001 9.9964E-05 0.0191041 0.511373 0.0799695 9.9964E-05 9.9964E-05 0.0329715 9.9964E-05 0.11118
0.486963 9.9973E-05 9.9973E-05 0.220332 0.0586214 0.0333152 0.00538259 0.132181 9.9973E-05 0.0629051
0.0973947 9.9973E-05 0.161823 0.440829 0.114788 0.125317 9.9973E-05 0.0357581 9.9973E-05 0.0237899
0.427289 9.9955E-05 0.0934657 0.277032 9.9955E-05 0.106797 9.9955E-05 9.9955E-05 9.9955E-05 0.0949162
0.010831 9.9973E-05 0.0968483 9.9973E-05 0.0563197 0.58574 0.130703 0.0600931 9.9973E-05 0.059165
0.22356 9.9964E-05 0.0611256 9.9964E-05 0.288269 0.367185 9.9964E-05 0.0506246 9.9964E-05 0.00883553
0.342693 0.0527983 0.0240807 9.9964E-05 9.9964E-05 0.390696 0.0944598 0.0948732 9.9964E-05 9.9964E-05
0.645365 9.9973E-05 9.9973E-05 0.0129159 0.0265821 0.0924509 0.033662 0.0279147 9.9973E-05 0.160809
0.242922 9.9982E-05 0.125604 0.0336933 0.0395147 0.4196 0.00182947 0.136329 0.000306805 9.9982E-05
0.333717 0.0188475 0.0657152 9.9973E-05 0.117883 0.168363 0.20301 0.0921629 9.9973E-05 9.9973E-05
0.569192 0.0693189 9.9973E-05 9.9973E-05 9.9973E-05 0.144194 0.00607448 0.0992501 0.06397 0.0477007
0.469685 9.9964E-05 0.0241787 9.9964E-05 9.9964E-05 0.294728 0.0580054 0.0863632 9.9964E-05 0.0666403
0.402608 9.9982E-05 0.0679087 9.9982E-05 0.0282971 0.290382 0.0713445 0.0238169 0.0725031 0.0429397
0.384477 0.0599431 0.143379 9.9973E-05 9.9973E-05 0.21588 0.0554743 0.129018 0.0115284 9.9973E-05
0.255568 9.9964E-05 0.0695353 9.9964E-05 9.9964E-05 0.5071 0.051645 0.0748395 0.0409123 9.9964E-05
0.284351 0.0103841 9.9982E-05 0.0474491 0.0301081 0.3909 0.0123007 0.133612 0.0906954 9.9982E-05
0.602048 9.9982E-05 0.0387618 0.0397165 0.0859819 0.170807 0.0332101 0.0192746 9.9982E-05 0.0100006
0.455447 0.00442832 0.0456222 0.00140415 0.0165079 0.253011 0.0427162 9.9991E-05 0.0966344 0.0841284
0.285795 0.0309427 0.0883543 0.0366606 0.17477 0.173115 0.106009 0.0491617 9.9991E-05 0.0550924
0.549093 9.9964E-05 9.9964E-05 9.9964E-05 0.127467 0.224163 9.9964E-05 0.0347941 0.00131878 0.0627649
0.303278 0.038015 9.9982E-05 0.0710518 9.9982E-05 0.352401 0.0564037 0.0811291 0.0115918 0.0859299
0.552232 0.0249217 0.0988647 9.9973E-05 0.00654332 0.189707 0.062989 0.0644425 9.9973E-05 9.9973E-05
0.463196 0.0222403 0.0585262 0.0211896 0.0709516 0.215174 9.9991E-05 0.0660655 0.0446265 0.03793
0.370731 0.0827416 0.0786289 9.9964E-05 0.224123 0.147937 9.9964E-05 9.9964E-05 0.0954393 9.9964E-05
0.347287 0.276425 0.00642946 0.0455764 9.9973E-05 9.9973E-05 0.151006 9.9973E-05 0.098021 0.074955
0.429744 0.100104 0.0923878 9.9973E-05 0.0468908 9.9973E-05 0.0540446 9.9973E-05 0.221621 0.0549079
0.525754 0.0605432 0.00144855 0.0624929 9.9982E-05 0.0438714 0.114017 0.0438587 9.9982E-05 0.147814
0.501944 9.9982E-05 0.0162396 9.9982E-05 0.0584583 0.0449347 0.148821 0.0716785 0.0910256 0.0666975
0.279282 0.112328 0.157203 9.9964E-05 9.9964E-05 0.0269737 0.283449 9.9964E-05 0.140363 9.9964E-05
0.463698 9.9955E-05 9.9955E-05 0.0872098 0.168846 0.243247 9.9955E-05 9.9955E-05 0.0364993 9.9955E-05
0.472845 0.10009 0.0986993 0.0444619 9.9982E-05 0.0112084 9.9982E-05 0.0451673 0.144219 0.0831097
9.9964E-05 0.0716838 0.14856 0.186407 9.9964E-05 0.0582481 0.247319 9.9964E-05 9.9964E-05 0.287382
0.371225 0.0157698 9.9973E-05 9.9973E-05 9.9973E-05 0.211443 0.255331 0.0136654 0.0602528 0.0720128
0.376546 0.0636389 0.102984 0.019706 0.0564367 0.0429033 0.125252 0.0549559 0.157477 9.9991E-05
0.44017 9.9973E-05 0.0413362 9.9973E-05 0.0462337 0.11906 0.107323 9.9973E-05 0.18313 0.0624472
0.239943 0.109266 0.049856 0.129581 0.0176923 0.150325 0.059376 0.00517696 0.0597839 0.178999
0.464671 0.106898 0.00447545 0.0172179 0.0165959 9.9982E-05 0.257034 0.0466399 9.9982E-05 0.0862675
0.447439 0.0912152 9.9955E-05 9.9955E-05 0.126314 0.0430192 0.291512 9.9955E-05 9.9955E-05 9.9955E-05
9.9973E-05 0.325178 0.0150017 0.0638278 0.0380292 9.9973E-05 0.125596 9.9973E-05 0.0242797 0.407788
0.594289 0.123197 9.9973E-05 9.9973E-05 0.0195028 9.9973E-05 0.0240876 0.0792577 0.0657518 0.0936133
0.351761 0.0979771 9.9991E-05 0.0827882 0.0155489 0.0183218 0.339897 0.0258379 0.0608618 0.00690685
0.46011 0.115665 0.0979725 0.00111594 0.0382409 0.0651248 0.116937 9.9991E-05 0.0455418 0.0591929
0.508339 0.117181 9.9964E-05 9.9964E-05 9.9964E-05 0.00155245 0.162045 9.9964E-05 0.0908793 0.119604
0.437575 0.0940013 9.9982E-05 0.0954304 9.9982E-05 0.0633704 0.0434033 0.0876434 0.133619 0.0447567
0.383327 0.034793 0.0486141 9.9982E-05 0.389186 0.0189798 0.0127865 0.0352209 0.0768932 9.9982E-05
0.279042 0.0600121 0.0803285 9.9973E-05 0.203914 0.133999 0.234644 0.00776105 9.9973E-05 9.9973E-05
9.9946E-05 9.9946E-05 0.103046 9.9946E-05 0.780555 0.112035 9.9946E-05 9.9946E-05 0.00376407 9.9946E-05
9.99459E-05 9.99459E-05 0.0256113 0.0157605 0.93525 0.0227785 9.99459E-05 9.99459E-05 9.99459E-05 9.99459E-05
0.444218 0.0310536 0.0537322 9.9982E-05 0.270151 0.048917 0.0714231 9.9982E-05 0.0728299 0.00747512
0.376672 0.0608768 9.9982E-05 0.0382576 0.0151567 0.0610294 0.233583 9.9982E-05 0.148662 0.0655634
0.221196 0.0234683 9.9964E-05 9.9964E-05 0.177677 9.9964E-05 0.309539 9.9964E-05 0.174903 0.0928174
0.0227608 0.110898 0.000789943 0.000729016 0.21623 0.0412187 0.246123 9.9991E-05 0.162292 0.198859
0.275129 0.0575462 9.9964E-05 9.9964E-05 0.167321 9.9964E-05 0.412895 9.9964E-05 0.0207333 0.0659742
0.0155872 0.0301184 9.9964E-05 0.00434456 0.745865 9.9964E-05 0.118387 9.9964E-05 9.9964E-05 0.0852988
0.129432 0.00779225 9.9964E-05 9.9964E-05 0.623002 9.9964E-05 0.0995167 9.9964E-05 0.0251701 0.114687
0.587826 9.9955E-05 9.9955E-05 9.9955E-05 0.312089 9.9955E-05 0.0725652 9.9955E-05 0.00934718 0.0176727
0.380906 0.0338372 9.9955E-05 9.9955E-05 0.457348 9.9955E-05 0.0583555 9.9955E-05 0.069053 9.9955E-05
0.134746 0.0650688 9.9955E-05 9.9955E-05 0.653835 9.9955E-05 0.111527 9.9955E-05 0.0343237 9.9955E-05
0.477131 0.0147806 0.0791866 9.9973E-05 0.199236 0.053543 0.13205 9.9973E-05 0.0437729 9.9973E-05
0.510547 9.9973E-05 0.0149044 9.9973E-05 0.326808 9.9973E-05 0.0729005 0.0385458 0.0351778 0.000816
0.382538 0.154772 0.117952 0.0646163 0.127487 9.9973E-05 9.9973E-05 0.010648 0.141686 9.9973E-05
0.283454 0.0224007 0.0189531 9.99757E-05 0.551795 0.0456244 0.0206713 0.0568014 9.99757E-05 9.99757E-05
0.272345 0.0206413 0.0622415 0.0539599 0.495899 0.0342649 9.9973E-05 9.9973E-05 0.0603482 9.9973E-05
0.543583 0.0530174 0.0415611 9.9973E-05 0.253297 0.00452293 0.0472769 0.056441 9.9973E-05 9.9973E-05
0.399434 0.0336497 0.0340458 9.9964E-05 0.346246 9.9964E-05 9.9964E-05 0.152125 0.0341001 9.9964E-05
0.328977 0.0276036 9.9982E-05 0.0882394 0.134305 0.131493 0.203734 0.0498539 0.0355939 9.9982E-05
0.468284 9.9955E-05 9.9955E-05 0.0709976 0.376566 9.9955E-05 0.00928675 9.9955E-05 9.9955E-05 0.0743658
0.161444 9.9946E-05 9.9946E-05 9.9946E-05 0.741148 0.00302993 9.9946E-05 0.0937788 9.9946E-05 9.9946E-05
0.566846 9.9973E-05 0.0646488 0.0373565 0.255393 0.0515802 0.00686188 9.9973E-05 0.0170137 9.9973E-05
0.16566 9.9946E-05 0.0955765 9.9946E-05 0.720806 0.0173578 9.9946E-05 9.9946E-05 9.9946E-05 9.9946E-05
0.381947 0.0383169 9.9964E-05 0.0100135 0.526509 9.9964E-05 9.9964E-05 0.0316665 9.9964E-05 0.011147
0.484261 0.0826866 0.0627178 0.0481235 0.161715 0.0861711 0.0161596 9.9991E-05 0.0394346 0.0186304
0.390407 0.0695666 0.124699 0.0121512 0.36408 9.9964E-05 9.9964E-05 0.038697 9.9964E-05 9.9964E-05
0.511166 0.0323727 9.9973E-05 9.9973E-05 0.104724 9.9973E-05 0.168862 0.0295851 0.0578395 0.0951514
0.300635 0.0625887 0.157073 0.112458 0.0606931 0.0533625 0.0253293 0.00317507 0.169573 0.055112
0.26838 0.0838803 9.9973E-05 0.162005 9.9973E-05 0.075283 0.147081 9.9973E-05 0.168287 0.0947834
0.276317 0.117262 9.9991E-05 0.0822089 0.11045 0.0809679 0.0562928 0.0839121 0.164757 0.0277325
0.392992 0.129824 0.133944 9.9982E-05 9.9982E-05 0.0861833 0.0846946 0.0906572 0.060173 0.0213318
0.350088 0.10044 9.9991E-05 0.0345799 0.154015 0.0297009 0.100442 0.0636145 0.151704 0.0153162
9.9964E-05 0.170268 9.9964E-05 0.0501798 0.580084 9.9964E-05 0.165326 0.0098233 0.0239192 9.9964E-05
0.569571 0.0447289 9.9973E-05 0.0881203 0.0350819 9.9973E-05 0.0703316 0.0144665 0.1774 9.9973E-05
9.9955E-05 0.315301 9.9955E-05 9.9955E-05 0.429101 9.9955E-05 0.0457887 9.9955E-05 0.0810583 0.128251
0.374746 0.0434955 9.9964E-05 9.9964E-05 0.219094 9.9964E-05 0.316506 0.0111333 0.0346247 9.9964E-05
0.0803179 9.9946E-05 0.0568661 9.9946E-05 0.854414 9.9946E-05 9.9946E-05 0.00780274 9.9946E-05 9.9946E-05
9.9946E-05 0.00278186 0.0634343 9.9946E-05 0.894926 0.0382583 9.9946E-05 9.9946E-05 9.9946E-05 9.9946E-05
0.483819 9.9955E-05 0.0701381 0.0098886 0.430213 9.9955E-05 9.9955E-05 0.00544177 9.9955E-05 9.9955E-05
