0.76644 9.9955E-05 0.177049 9.9955E-05 0.0085279 9.9955E-05 0.024372 9.9955E-05 0.0231121 9.9955E-05
0.775119 9.9946E-05 0.182095 0.0123449 9.9946E-05 9.9946E-05 0.0298418 9.9946E-05 9.9946E-05 9.9946E-05
0.757946 0.000278679 0.0705248 0.0600551 0.0119884 0.0506676 9.9982E-05 9.9982E-05 0.0472299 0.00110971
0.601339 0.0623438 0.207028 9.9955E-05 9.9955E-05 9.9955E-05 0.0734468 9.9955E-05 0.0553427 9.9955E-05
0.761912 9.9973E-05 0.117705 9.9973E-05 0.00920812 0.0434616 0.00533412 0.0467937 0.0152853 9.9973E-05
9.9955E-05 9.9955E-05 0.903351 9.9955E-05 9.9955E-05 0.0255665 0.00434504 0.0394231 9.9955E-05 0.026815
9.99201E-05 9.99201E-05 0.999101 9.99201E-05 9.99201E-05 9.99201E-05 9.99201E-05 9.99201E-05 9.99201E-05 9.99201E-05
9.9937E-05 9.9937E-05 0.959319 9.9937E-05 0.00123637 9.9937E-05 0.0387448 9.9937E-05 9.9937E-05 9.9937E-05
0.726804 9.99729E-05 0.119311 0.0316268 0.0319777 9.99729E-05 0.0153242 0.0161627 9.99729E-05 0.0584938
0.0152898 9.9946E-05 0.915421 9.9946E-05 9.9946E-05 0.0375115 9.9946E-05 9.9946E-05 0.0311777 9.9946E-05
0.042181 9.9955E-05 0.892801 9.9955E-05 0.0186325 9.9955E-05 0.0428035 9.9955E-05 9.9955E-05 0.00308181
9.9955E-05 0.813554 0.0364787 9.9955E-05 9.9955E-05 0.100803 0.0261682 9.9955E-05 0.0224961 9.9955E-05
0.0323544 0.395136 0.0209045 9.9973E-05 0.0218304 0.506448 0.0128939 9.9973E-05 0.0101331 9.9973E-05
0.0573228 0.701958 0.00389403 9.9964E-05 9.9964E-05 0.0583967 9.9964E-05 0.0796674 0.0983608 9.9964E-05
0.0159442 0.670908 0.00246394 9.9964E-05 0.0367868 0.0828695 9.9964E-05 9.9964E-05 0.190628 9.9964E-05
0.039244 0.450964 0.115789 0.0342724 9.9973E-05 0.224515 9.9973E-05 0.0107693 0.124146 9.9973E-05
0.0403274 0.315461 0.0439813 9.9964E-05 0.0362561 0.486051 9.9964E-05 9.9964E-05 0.0775234 9.9964E-05
9.9973E-05 0.437412 0.00422566 0.0529618 0.0616094 0.320136 9.9973E-05 9.9973E-05 0.114807 0.00854847
0.0295466 0.589271 0.066709 9.9964E-05 9.9964E-05 0.198273 9.9964E-05 0.024604 0.0911964 9.9964E-05
0.00998006 0.775756 0.0372848 9.9955E-05 9.9955E-05 9.9955E-05 0.104828 9.9955E-05 9.9955E-05 0.0716513
0.0176831 0.285828 9.9982E-05 0.0538652 0.0860556 0.399047 9.9982E-05 0.0179973 0.0759319 0.0633918
9.9955E-05 0.262492 9.9955E-05 0.0239476 9.9955E-05 0.458856 0.0250939 9.9955E-05 9.9955E-05 0.229111
0.0177747 0.221926 0.0239602 0.093857 0.0749077 0.549975 9.9973E-05 0.0172991 9.9973E-05 9.9973E-05
9.9946E-05 0.683875 0.0923904 9.9946E-05 9.9946E-05 0.161561 9.9946E-05 9.9946E-05 0.0615741 9.9946E-05
0.0344586 0.146804 0.0734117 9.9964E-05 0.0185601 0.656228 9.9964E-05 9.9964E-05 9.9964E-05 0.0701375
0.0166971 0.389645 9.9964E-05 9.9964E-05 9.9964E-05 0.429275 0.0448771 9.9964E-05 0.066241 0.0528654
9.9946E-05 0.797531 0.0769539 9.9946E-05 9.9946E-05 0.053753 9.9946E-05 9.9946E-05 0.071162 9.9946E-05
9.9946E-05 0.76959 0.0210946 9.9946E-05 9.9946E-05 0.0145277 9.9946E-05 9.9946E-05 0.194188 9.9946E-05
9.9955E-05 0.782448 0.0405104 9.9955E-05 9.9955E-05 0.0770518 9.9955E-05 0.0205654 9.9955E-05 0.0789244
0.832099 9.9937E-05 9.9937E-05 9.9937E-05 9.9937E-05 0.14287 9.9937E-05 9.9937E-05 0.0243321 9.9937E-05
0.828735 9.9928E-05 9.9928E-05 9.9928E-05 9.9928E-05 0.170466 9.9928E-05 9.9928E-05 9.9928E-05 9.9928E-05
0.813428 9.99461E-05 9.99461E-05 9.99461E-05 9.99461E-05 0.139369 0.0143131 9.99461E-05 0.03229 9.99461E-05
0.66057 9.9955E-05 0.106683 0.0777203 9.9955E-05 0.0791915 9.9955E-05 9.9955E-05 0.0753354 9.9955E-05
0.027127 0.101696 9.9973E-05 0.24293 0.0676509 0.496214 9.9973E-05 0.0348718 9.9973E-05 0.0292104
0.10105 0.104661 0.0832195 0.198363 9.9973E-05 0.452153 9.9973E-05 0.0379953 0.0222578 9.9973E-05
9.9964E-05 9.9964E-05 0.0283537 0.409291 0.000591121 0.472027 9.9964E-05 0.0527895 0.0365472 9.9964E-05
0.117274 0.628994 9.9964E-05 0.0662751 0.0126806 0.0309165 0.14346 9.9964E-05 9.9964E-05 9.9964E-05
0.0229562 9.9955E-05 9.9955E-05 0.609178 9.9955E-05 0.256055 0.0656545 9.9955E-05 0.0456564 9.9955E-05
0.0819626 0.0541606 9.9973E-05 0.269721 9.9973E-05 0.467155 0.0669284 0.0521602 0.00761165 9.9973E-05
9.9955E-05 9.9955E-05 9.9955E-05 0.173524 0.0429278 0.661952 9.9955E-05 9.9955E-05 0.0917259 0.0293701
0.0496691 0.0524457 0.0684472 0.162463 0.0355778 0.549666 0.0320633 9.9982E-05 9.9982E-05 0.0494674
0.125117 0.0215698 0.021879 0.104782 0.104405 0.611269 0.0106778 9.9973E-05 9.9973E-05 9.9973E-05
9.9955E-05 0.245368 0.0504353 0.618399 9.9955E-05 0.0740858 9.9955E-05 9.9955E-05 9.9955E-05 0.0112119
9.9973E-05 0.0401674 0.0181106 0.0592466 0.000902736 0.633812 9.9973E-05 9.9973E-05 0.0110221 0.236438
9.9955E-05 9.9955E-05 0.103006 0.239824 9.9955E-05 0.504896 9.9955E-05 9.9955E-05 0.108038 0.0437362
0.138866 0.248503 9.9973E-05 0.0199251 0.0134368 0.55767 9.9973E-05 0.00956006 0.0117395 9.9973E-05
9.9946E-05 9.9946E-05 0.0456205 0.631618 9.9946E-05 0.244118 9.9946E-05 0.0780445 9.9946E-05 9.9946E-05
0.0885007 9.9964E-05 9.9964E-05 0.296252 0.0197223 0.575995 9.9964E-05 0.0123698 0.00675948 9.9964E-05
0.0924208 0.0204226 0.0257314 0.188853 9.9982E-05 0.481627 9.9982E-05 0.072838 0.114427 0.00348037
0.0294999 9.9946E-05 9.9946E-05 0.674102 9.9946E-05 9.9946E-05 0.00328058 9.9946E-05 9.9946E-05 0.292518
9.9973E-05 0.359716 9.9973E-05 0.255464 0.0467012 0.0675149 0.137694 0.0598845 9.9973E-05 0.0727258
9.9964E-05 0.338974 0.0228456 0.150738 9.9964E-05 0.0340792 9.9964E-05 0.0619633 9.9964E-05 0.391
9.9973E-05 0.260722 0.0329513 0.039007 9.9973E-05 0.542326 9.9973E-05 0.00084825 0.086233 0.0376126
0.0698637 0.116171 0.000709743 0.025596 9.9982E-05 0.615334 9.9982E-05 0.0265415 0.0263368 0.119248
0.056251 0.0352005 0.0424154 0.109622 0.0251488 0.54865 0.0354349 0.064159 0.0102292 0.0728896
0.0637649 0.384193 0.0272425 0.199981 0.0328521 0.109917 0.131364 0.0329588 9.9991E-05 0.017627
9.9964E-05 0.170723 9.9964E-05 9.9964E-05 0.0200186 0.535547 0.11333 0.0456365 9.9964E-05 0.114345
0.0299419 0.188457 0.0180177 9.9982E-05 9.9982E-05 0.532441 0.0112773 0.0148987 0.027329 0.177437
0.078814 0.248124 0.125781 0.0923269 0.00745704 0.268147 0.0688377 0.0406304 9.9991E-05 0.0697821
0.173521 0.515375 0.00572698 0.0687928 0.0793948 9.9982E-05 9.9982E-05 0.0015568 0.0285939 0.126839
0.0201408 0.115507 9.9973E-05 0.238332 0.0179624 0.449981 0.00667247 9.9973E-05 9.9973E-05 0.151104
0.0145306 0.363779 0.0146492 9.9982E-05 0.14001 0.291746 9.9982E-05 0.0661361 0.055268 0.0536813
9.9964E-05 0.689344 0.0232909 0.08518 0.0973544 9.9964E-05 0.00620688 9.9964E-05 9.9964E-05 0.098224
9.9973E-05 0.37374 9.9973E-05 0.110843 0.0331681 0.368916 9.9973E-05 0.0269778 0.0482539 0.0378017
9.9973E-05 0.00387443 9.9973E-05 0.138849 0.0217898 0.566558 0.127851 0.0883465 0.0524311 9.9973E-05
0.036413 0.108462 9.9982E-05 9.9982E-05 0.0270759 0.581473 0.0719887 0.0687547 0.0481769 0.0574565
9.9982E-05 0.368526 0.0769631 0.0639844 0.00307896 0.228218 0.0305462 0.121022 9.9982E-05 0.107461
9.9982E-05 0.298388 0.0569059 0.0400104 0.0417237 0.44216 9.9982E-05 0.0508019 0.0138318 0.0559785
0.0329428 0.109787 0.0578602 9.9973E-05 9.9973E-05 0.505792 0.11455 0.0859028 0.0928659 9.9973E-05
0.0171409 0.529804 9.9982E-05 0.0812397 0.041138 0.119902 0.0358553 0.116314 9.9982E-05 0.0584066
9.9946E-05 9.9946E-05 9.9946E-05 0.417762 9.9946E-05 0.480614 0.0640954 9.9946E-05 9.9946E-05 0.036929
0.00856397 0.205863 0.000368901 0.624869 9.9955E-05 0.159836 9.9955E-05 9.9955E-05 9.9955E-05 9.9955E-05
0.107675 0.0101329 0.0658938 0.194154 9.9982E-05 0.462986 0.0725203 9.9982E-05 0.0637411 0.0226962
9.9928E-05 9.9928E-05 9.9928E-05 0.844936 9.9928E-05 9.9928E-05 9.9928E-05 9.9928E-05 9.9928E-05 0.154264
9.9946E-05 9.9946E-05 9.9946E-05 0.796783 0.0401431 9.9946E-05 9.9946E-05 0.0347972 9.9946E-05 0.127677
9.9937E-05 0.0153391 9.9937E-05 0.771248 9.9937E-05 0.212713 9.9937E-05 9.9937E-05 9.9937E-05 9.9937E-05
0.0102624 0.0220162 0.0169573 0.489004 0.01755 0.44381 9.9964E-05 9.9964E-05 9.9964E-05 9.9964E-05
0.17188 0.103848 9.9964E-05 0.115097 9.9964E-05 0.565636 0.0169563 9.9964E-05 0.0261819 9.9964E-05
0.0100967 0.0866087 0.0190792 0.381117 9.9973E-05 0.435548 0.0225817 9.9973E-05 0.0446694 9.9973E-05
9.9973E-05 0.0909974 0.00913713 0.606704 0.10041 0.0348432 0.0720116 9.9973E-05 0.0855974 9.9973E-05
9.9964E-05 0.032792 0.0342217 0.584689 0.169512 0.13401 0.0443751 9.9964E-05 9.9964E-05 9.9964E-05
0.0443396 0.133212 9.9973E-05 0.193513 0.0182704 0.45295 0.0752552 9.9973E-05 0.0821602 9.9973E-05
9.9955E-05 0.179451 0.0567766 0.568414 9.9955E-05 0.17904 9.9955E-05 9.9955E-05 0.0158177 9.9955E-05
9.9955E-05 0.102683 0.0890629 0.388588 0.0392867 0.379879 9.9955E-05 9.9955E-05 9.9955E-05 9.9955E-05
9.9946E-05 9.9946E-05 9.9946E-05 0.522026 9.9946E-05 0.374802 9.9946E-05 0.0329516 9.9946E-05 0.0696204
0.00212495 9.9973E-05 9.9973E-05 0.702727 0.0343219 9.9973E-05 0.0113436 0.0849225 0.00818483 0.156075
9.9946E-05 9.9946E-05 9.9946E-05 0.33451 9.9946E-05 0.588654 0.0439243 9.9946E-05 0.0323118 9.9946E-05
0.709674 0.0305908 0.0736497 9.9973E-05 0.0362252 0.0878948 0.0355286 9.9973E-05 0.0261368 9.9973E-05
0.850455 9.9937E-05 0.0344966 9.9937E-05 9.9937E-05 0.114349 9.9937E-05 9.9937E-05 9.9937E-05 9.9937E-05
0.809205 9.9946E-05 9.9946E-05 9.9946E-05 0.0451289 0.0436008 9.9946E-05 9.9946E-05 0.101466 9.9946E-05
0.8761 9.9946E-05 9.9946E-05 0.0263399 9.9946E-05 9.9946E-05 9.9946E-05 9.9946E-05 0.0349772 0.0619831
0.823553 9.9964E-05 0.056543 0.0313997 9.9964E-05 0.0794362 9.9964E-05 9.9964E-05 0.00619556 0.0024726
0.762795 9.9964E-05 0.090932 0.0434324 0.0582442 9.9964E-05 9.9964E-05 0.00231319 0.0418829 9.9964E-05
0.803288 9.99461E-05 0.136856 9.99461E-05 9.99461E-05 0.0397986 9.99461E-05 9.99461E-05 0.0194572 9.99461E-05
9.9964E-05 0.0794889 9.9964E-05 0.243541 0.0637893 0.413483 0.0709181 9.9964E-05 0.128379 9.9964E-05
0.0895563 0.0279769 9.9973E-05 0.157915 9.9973E-05 0.351296 0.0709768 9.9973E-05 0.157759 0.144219
9.9946E-05 0.225691 0.0183441 0.673869 9.9946E-05 9.9946E-05 9.9946E-05 0.0814961 9.9946E-05 9.9946E-05
0.0756933 0.0891289 9.9982E-05 0.209004 0.000196258 0.508395 9.9982E-05 0.0527851 0.0286159 0.0359816
9.9955E-05 0.196263 0.0568679 0.368072 0.0112362 0.367061 9.9955E-05 9.9955E-05 9.9955E-05 9.9955E-05
0.0719021 9.9955E-05 0.0337573 0.313355 9.9955E-05 0.578885 9.9955E-05 0.00160105 9.9955E-05 9.9955E-05
0.0778145 9.9964E-05 9.9964E-05 0.302695 9.9964E-05 0.523258 9.9964E-05 0.0710019 0.0062471 0.0185837
9.9955E-05 9.9955E-05 0.0919362 0.429154 9.9955E-05 0.416909 9.9955E-05 0.0349641 0.0265366 9.9955E-05
0.0619432 0.25992 9.9946E-05 0.63036 0.0471778 9.9946E-05 9.9946E-05 9.9946E-05 9.9946E-05 9.9946E-05
0.0532264 0.0694113 0.110255 0.0801929 9.9991E-05 0.518236 0.0986005 0.00311527 0.0588712 0.00799149
0.103063 0.120279 9.9955E-05 0.14264 9.9955E-05 0.609081 9.9955E-05 0.0244371 9.9955E-05 9.9955E-05
0.121569 0.050579 0.0333149 0.0849914 0.0753605 0.614449 0.0174919 9.9982E-05 0.00204477 9.9982E-05
9.9964E-05 0.0274597 9.9964E-05 0.580333 9.9964E-05 0.232918 9.9964E-05 0.0567213 0.0514304 0.050738
0.0055892 9.9955E-05 0.0312924 0.41356 9.9955E-05 0.489752 9.9955E-05 0.0593071 9.9955E-05 9.9955E-05
0.0115105 0.189079 0.0488097 0.376017 9.9955E-05 0.374085 9.9955E-05 9.9955E-05 9.9955E-05 9.9955E-05
9.9946E-05 9.9946E-05 9.9946E-05 0.56737 9.9946E-05 0.317345 9.9946E-05 0.0485319 0.0661533 9.9946E-05
9.9946E-05 9.9946E-05 0.0756984 0.450659 9.9946E-05 0.39618 0.0768631 9.9946E-05 9.9946E-05 9.9946E-05
0.0687189 9.9973E-05 0.0178798 0.17588 0.0137925 0.538931 0.085298 0.0991999 9.9973E-05 9.9973E-05
0.0154032 0.325807 0.0523268 0.0414557 0.00251877 0.145613 0.108213 0.203957 9.9991E-05 0.104606
0.0845605 0.37469 9.9982E-05 0.0322779 0.0736342 0.266561 0.0657233 9.9982E-05 0.0796109 0.022742
0.0622263 0.0757425 9.9982E-05 0.0554405 0.0988419 0.531331 0.10418 0.0535027 0.0185345 9.9982E-05
0.053319 9.9964E-05 9.9964E-05 0.15886 9.9964E-05 0.528946 0.150452 9.9964E-05 0.0626539 0.0453688
0.0176283 0.31362 0.0115473 0.014598 9.9982E-05 0.412576 0.139556 0.0183168 9.9982E-05 0.0719575
0.0294419 0.251708 9.9973E-05 0.00334315 0.100039 0.47159 0.111878 9.9973E-05 0.0316997 9.9973E-05
0.0520828 0.332874 9.9982E-05 0.0313239 0.0325257 0.388761 0.0810191 0.055996 0.0252173 9.9982E-05
0.11101 9.9964E-05 9.9964E-05 0.141573 9.9964E-05 0.476878 0.155664 0.032111 9.9964E-05 0.0823652
0.0524956 0.125224 0.0293077 0.102178 9.9982E-05 0.456976 0.0391104 9.9982E-05 0.0784655 0.116043
0.0794065 0.232068 9.9982E-05 9.9982E-05 0.0118538 0.564249 0.0318366 0.0079998 0.023854 0.0485318
0.0210337 0.255874 9.9973E-05 0.0821441 0.00563243 0.474344 0.154098 0.00657323 9.9973E-05 9.9973E-05
9.9982E-05 0.0695356 0.00807323 9.9982E-05 0.00987599 0.591857 0.127376 0.0132299 0.0277621 0.15209
0.0759016 0.0254407 0.0240817 0.045203 9.9991E-05 0.654709 0.0170113 0.0490625 0.0195299 0.0889603
9.9964E-05 0.239272 9.9964E-05 0.0184797 9.9964E-05 0.504505 0.0998565 0.0828539 0.054633 9.9964E-05
0.0595607 9.9964E-05 9.9964E-05 9.9964E-05 9.9964E-05 0.567292 0.146976 0.0688336 0.0110526 0.145885
9.9973E-05 0.162545 0.0162902 9.9973E-05 0.0593793 0.626351 0.00863599 0.0143456 9.9973E-05 0.112152
0.0714324 0.225978 9.9964E-05 9.9964E-05 9.9964E-05 0.39259 0.0961413 0.112532 9.9964E-05 0.100925
9.9964E-05 0.116526 9.9964E-05 0.0412171 9.9964E-05 0.545733 0.0941866 9.9964E-05 0.107603 0.0943344
9.9973E-05 0.0177782 9.9973E-05 9.9973E-05 0.0219609 0.603605 0.128284 0.103968 0.0764641 0.0476397
9.9973E-05 0.362215 0.0189856 0.162437 9.9973E-05 0.0604147 0.192217 0.0705717 0.132859 9.9973E-05
9.9982E-05 0.350191 9.9982E-05 0.0220209 0.0289264 0.157655 0.0703692 0.111661 0.0082577 0.250719
0.0193592 0.0830549 9.9973E-05 0.0858434 9.9973E-05 0.421518 0.147419 9.9973E-05 0.0743707 0.168135
9.9982E-05 0.172706 9.9982E-05 0.180689 0.0282017 0.0344452 0.146642 0.265167 0.0261712 0.145779
0.0115641 0.472764 0.0156785 0.0745723 9.9982E-05 0.211331 0.170218 0.0195962 9.9982E-05 0.0240753
9.9955E-05 0.406222 0.0280873 0.0499743 9.9955E-05 0.433821 0.0813957 9.9955E-05 9.9955E-05 9.9955E-05
9.9955E-05 0.479823 9.9955E-05 0.137883 0.0349716 0.263432 0.0833909 9.9955E-05 9.9955E-05 9.9955E-05
0.00953842 0.493805 0.0198199 0.0544152 9.9973E-05 0.22278 0.184892 9.9973E-05 9.9973E-05 0.0144497
0.0219567 0.0314884 0.0467541 0.00502879 9.9982E-05 0.584101 0.136645 9.9982E-05 0.0266386 0.147188
0.0385726 0.108824 0.0657522 0.0402856 0.106142 0.559658 0.0176305 0.00857897 0.0426199 0.0119355
0.0510262 0.277275 9.9982E-05 0.0326335 9.9982E-05 0.459415 0.0960204 0.0283585 0.0407087 0.0143628
9.9973E-05 0.328673 9.9973E-05 0.128583 9.9973E-05 0.0843139 0.160205 0.0393218 0.0426035 0.216
0.0713444 0.0332022 0.147127 0.101962 9.9973E-05 0.548668 9.9973E-05 0.0123177 9.9973E-05 0.0850786
0.0779234 0.138584 9.9982E-05 0.156063 0.00702876 0.368984 9.9982E-05 0.0287753 0.0563838 0.166058
0.0411639 0.0861664 9.9973E-05 0.0494942 0.0659576 9.9973E-05 0.0474906 0.216963 9.9973E-05 0.492464
0.0277401 9.9973E-05 0.0594942 0.0249226 9.9973E-05 0.621859 9.9973E-05 0.0715739 0.0509037 0.143206
0.0926672 9.9973E-05 9.9973E-05 0.224823 0.00361134 0.344852 0.0636393 0.0436986 9.9973E-05 0.226408
0.00700302 0.114401 9.9973E-05 0.0401825 9.9973E-05 0.441444 9.9973E-05 0.0873434 0.12187 0.187456
0.05371 0.10426 0.035792 0.0820491 0.0434854 0.293006 0.00321417 0.0392115 9.9991E-05 0.345172
0.00126893 0.0879106 0.0259374 0.105276 0.0385024 0.172397 0.0646368 0.0938893 9.9991E-05 0.410082
0.0217286 9.9973E-05 9.9973E-05 0.165031 0.0370635 0.397259 0.0723375 0.190855 9.9973E-05 0.115426
0.0400591 0.186205 0.0697965 0.0033283 9.9973E-05 0.414549 9.9973E-05 0.129159 9.9973E-05 0.156603
0.0448337 0.0514754 0.0958112 0.209141 0.00782863 0.322524 0.091254 0.0117652 0.0663164 0.0990512
0.0378624 0.154208 0.0127765 0.218323 9.9982E-05 9.9982E-05 0.0443089 0.100354 0.150027 0.281941
0.132395 0.104664 9.9973E-05 9.9973E-05 0.0178179 0.502006 0.050472 0.16279 0.0295548 9.9973E-05
9.9973E-05 0.214291 9.9973E-05 0.0964357 0.0221727 0.345049 0.00392974 0.0475335 9.9973E-05 0.270289
9.9964E-05 0.165342 9.9964E-05 0.218314 0.0546402 0.400784 0.0456651 9.9964E-05 9.9964E-05 0.114854
9.9982E-05 9.9982E-05 0.0854569 0.119345 0.0413325 0.534348 0.0424889 0.00243182 0.0484737 0.125924
0.274146 0.0959956 0.00169864 9.9973E-05 0.0170896 0.0978723 9.9973E-05 9.9973E-05 0.30622 0.206678
0.402621 9.9946E-05 0.0408527 9.9946E-05 9.9946E-05 9.9946E-05 9.9946E-05 9.9946E-05 0.1012 0.454727
0.429305 9.9955E-05 0.00947013 9.9955E-05 9.9955E-05 9.9955E-05 9.9955E-05 0.0154916 0.124313 0.420921
0.333193 0.109688 0.0380241 9.9964E-05 9.9964E-05 0.00936963 9.9964E-05 9.9964E-05 0.288638 0.220687
9.9946E-05 0.011007 9.9946E-05 0.100561 9.9946E-05 0.6414 9.9946E-05 9.9946E-05 9.9946E-05 0.246432
0.00888537 0.0265107 0.0793789 0.0483288 9.9991E-05 0.537259 0.0678238 0.0347598 0.0528325 0.144121
9.9955E-05 9.9955E-05 9.9955E-05 0.0761681 0.0293342 0.26231 0.0104727 9.9955E-05 0.621215 9.9955E-05
9.9964E-05 0.0945956 9.9964E-05 0.08472 9.9964E-05 0.358437 0.0233185 9.9964E-05 0.402232 0.0362972
0.096948 9.9973E-05 9.9973E-05 0.0612543 0.0849019 0.254351 9.9973E-05 0.0173173 0.457684 0.0272436
9.9973E-05 0.0149943 0.0227215 0.117146 0.00982533 0.289526 9.9973E-05 0.195833 9.9973E-05 0.349654
0.0111218 0.0335318 0.0373341 0.0910913 9.9991E-05 0.431141 0.117013 0.115939 0.0367629 0.125965
9.9955E-05 9.9955E-05 9.9955E-05 0.104569 9.9955E-05 0.232454 0.0068682 0.130714 9.9955E-05 0.524895
9.9973E-05 0.00865624 0.0254101 0.0676416 0.0864244 0.572251 9.9973E-05 0.0122975 9.9973E-05 0.227019
9.9973E-05 0.149915 0.0367391 9.9973E-05 9.9973E-05 0.391717 0.0488244 0.216201 0.00498056 0.151323
0.0194263 0.124437 9.9973E-05 9.9973E-05 0.0241043 0.555914 9.9973E-05 0.0549264 0.0199185 0.200974
9.9964E-05 0.198163 9.9964E-05 0.0498986 0.0206236 0.207127 9.9964E-05 0.0989024 9.9964E-05 0.424885
0.0511461 9.9973E-05 0.00166216 0.106568 9.9973E-05 0.585566 0.101376 0.0548061 0.0985757 9.9973E-05
9.9964E-05 9.9964E-05 0.0860806 0.13092 0.0612389 0.564492 9.9964E-05 9.9964E-05 0.0256225 0.131246
9.9937E-05 9.9937E-05 9.9937E-05 0.0438351 9.9937E-05 9.9937E-05 9.9937E-05 0.0224578 0.933008 9.9937E-05
9.9955E-05 0.0186118 9.9955E-05 9.9955E-05 0.0222887 0.00993994 0.0364514 9.9955E-05 0.912208 9.9955E-05
9.9973E-05 0.109479 0.000563103 0.0526955 9.9973E-05 0.149222 0.0680651 9.9973E-05 0.591308 0.028367
9.9937E-05 9.9937E-05 9.9937E-05 9.9937E-05 0.0460412 0.285922 9.9937E-05 9.9937E-05 0.667337 9.9937E-05
9.9964E-05 9.9964E-05 0.0386836 0.0318757 0.0107278 0.118068 0.0292476 9.9964E-05 0.770997 9.9964E-05
9.99201E-05 9.99201E-05 9.99201E-05 9.99201E-05 9.99201E-05 9.99201E-05 9.99201E-05 9.99201E-05 0.999101 9.99201E-05
9.9955E-05 0.00282384 0.0130175 9.9955E-05 0.0261844 9.9955E-05 0.0201864 9.9955E-05 0.937288 9.9955E-05
9.9937E-05 0.0214152 9.9937E-05 9.9937E-05 9.9937E-05 0.179915 9.9937E-05 9.9937E-05 0.79797 9.9937E-05
9.9946E-05 0.0220486 9.9946E-05 0.0108186 9.9946E-05 9.9946E-05 0.0128143 9.9946E-05 0.953719 9.9946E-05
9.9928E-05 9.9928E-05 0.0228972 9.9928E-05 9.9928E-05 9.9928E-05 9.9928E-05 9.9928E-05 0.976303 9.9928E-05
0.0149888 9.9928E-05 9.9928E-05 9.9928E-05 9.9928E-05 9.9928E-05 9.9928E-05 9.9928E-05 0.984212 9.9928E-05
9.9946E-05 0.0867523 9.9946E-05 9.9946E-05 9.9946E-05 0.121155 9.9946E-05 0.0450575 0.746436 9.9946E-05
0.0333332 0.0475864 0.0160565 9.9964E-05 9.9964E-05 0.0618789 0.0498899 9.9964E-05 0.790855 9.9964E-05
9.9937E-05 9.9937E-05 9.9937E-05 0.0317337 9.9937E-05 9.9937E-05 0.018067 9.9937E-05 0.9495 9.9937E-05
0.0175148 0.132864 9.9973E-05 0.116282 9.9973E-05 0.114568 0.0825619 0.0967941 0.439115 9.9973E-05
0.0628595 9.9955E-05 9.9955E-05 0.061594 9.9955E-05 0.223267 0.0683074 9.9955E-05 0.583473 9.9955E-05
9.9955E-05 9.9955E-05 0.0329138 9.9955E-05 0.0349033 0.0933465 9.9955E-05 9.9955E-05 0.771877 0.0664601
0.0110927 0.00255921 9.9964E-05 9.9964E-05 0.0303237 0.0235847 0.0241978 9.9964E-05 0.907842 9.9964E-05
9.9937E-05 9.9937E-05 9.9937E-05 9.9937E-05 9.9937E-05 0.0586296 9.9937E-05 9.9937E-05 0.936299 0.00437208
0.0437463 9.9946E-05 0.045065 9.9946E-05 9.9946E-05 0.084432 9.9946E-05 9.9946E-05 0.826157 9.9946E-05
9.9928E-05 9.9928E-05 0.0195668 9.9928E-05 9.9928E-05 9.9928E-05 9.9928E-05 9.9928E-05 0.979634 9.9928E-05
0.0693966 0.0604737 9.9973E-05 0.00601398 9.9973E-05 0.262148 9.9973E-05 0.0661411 0.533859 0.00166763
9.9946E-05 0.0144761 0.0217672 0.0893513 9.9946E-05 9.9946E-05 9.9946E-05 9.9946E-05 0.873806 9.9946E-05
0.202938 0.0175474 0.0988037 0.0445339 9.9973E-05 9.9973E-05 9.9973E-05 0.0353304 0.0299275 0.570619
0.0658867 0.0648129 0.0655748 9.9982E-05 0.0451559 0.389577 0.0812505 9.9982E-05 0.0648122 0.22273
0.106182 0.0186079 0.0691772 0.0294544 0.0968791 0.436075 9.9982E-05 9.9982E-05 0.066577 0.176848
0.119986 9.9982E-05 0.0938006 0.0593573 0.0418032 0.13301 0.028044 9.9982E-05 0.111751 0.412048
0.119434 0.0874296 0.0493856 0.0156126 9.9982E-05 0.475705 0.0446093 9.9982E-05 0.0288429 0.178782
0.184396 0.0245901 0.0554791 0.153172 9.9973E-05 0.156191 9.9973E-05 9.9973E-05 0.102531 0.323341
0.0814362 0.0308569 0.147495 0.150923 0.0391298 0.36734 9.9982E-05 9.9982E-05 0.072481 0.110137
9.9973E-05 9.9973E-05 0.119238 0.0380811 0.0364291 0.259358 9.9973E-05 0.00130143 0.196584 0.348708
0.0478556 9.9973E-05 0.0911348 0.0276072 0.00210865 0.513097 9.9973E-05 9.9973E-05 0.110534 0.207363
0.0605627 9.9955E-05 0.0507573 9.9955E-05 9.9955E-05 0.305226 9.9955E-05 9.9955E-05 0.198755 0.384199
0.00146442 0.0766962 0.158307 9.9982E-05 9.9982E-05 0.360599 0.0719461 0.0271956 0.079747 0.223844
0.718348 9.9964E-05 0.110184 9.9964E-05 0.0313263 0.0270648 0.0974954 9.9964E-05 9.9964E-05 0.0151821
0.874768 9.9955E-05 0.0397188 9.9955E-05 9.9955E-05 9.9955E-05 0.0327018 0.00499538 0.0473158 9.9955E-05
0.896317 9.9937E-05 9.9937E-05 9.9937E-05 9.9937E-05 9.9937E-05 0.0751733 9.9937E-05 9.9937E-05 0.0278105
0.894252 9.9955E-05 9.9955E-05 9.9955E-05 0.0104662 0.022477 0.050776 9.9955E-05 9.9955E-05 0.0215295
0.843975 0.0412553 0.0451022 9.9955E-05 9.9955E-05 0.0093337 0.0598337 9.9955E-05 9.9955E-05 9.9955E-05
0.849753 0.00884787 0.0253943 9.9955E-05 9.9955E-05 9.9955E-05 9.9955E-05 0.0499635 0.065542 9.9955E-05
0.729488 9.9946E-05 0.158955 9.9946E-05 9.9946E-05 0.0594792 9.9946E-05 9.9946E-05 0.0514776 9.9946E-05
0.820217 0.0239826 0.0245447 9.9982E-05 9.9982E-05 0.0042994 0.0233478 0.0561468 0.00443876 0.042823
0.88413 9.9946E-05 0.0230965 0.0387271 9.9946E-05 9.9946E-05 9.9946E-05 9.9946E-05 0.0534465 9.9946E-05
0.803104 9.9964E-05 9.9964E-05 9.9964E-05 0.00869773 0.0209718 0.00880986 9.9964E-05 0.11345 0.044567
0.543175 0.23544 0.0377607 0.0188757 0.161061 9.9964E-05 9.9964E-05 0.00328724 9.9964E-05 9.9964E-05
0.476476 0.186515 0.128959 0.0109971 0.19357 9.9964E-05 9.9964E-05 9.9964E-05 9.9964E-05 0.00308404
0.525303 0.354765 9.9964E-05 9.9964E-05 0.0409124 9.9964E-05 0.040254 0.0363999 9.9964E-05 0.00196583
0.342462 0.270501 0.194336 0.0285467 0.064523 9.9973E-05 0.0597423 0.0395889 9.9973E-05 9.9973E-05
0.0817579 0.2269 9.9973E-05 0.15543 0.0070624 0.4548 9.9973E-05 0.0723654 9.9973E-05 0.00138389
9.9973E-05 0.073354 0.0235825 0.20878 0.0575957 0.493455 9.9973E-05 0.0748812 0.0680514 9.9973E-05
9.9982E-05 0.100748 0.00868844 0.173163 0.0982122 0.534276 0.0138965 0.0485157 9.9982E-05 0.0222999
0.0374378 0.273245 0.0144688 0.194995 0.0259843 0.333141 0.0453949 9.9982E-05 9.9982E-05 0.0751328
9.9964E-05 0.48139 9.9964E-05 0.0658945 9.9964E-05 0.083011 0.285844 0.0816165 0.00184451 9.9964E-05
0.0306596 0.0426397 0.0008174 0.187105 0.0879604 0.50936 0.0231228 0.0455302 0.0727045 9.9991E-05
9.9955E-05 0.0791732 9.9955E-05 0.363907 9.9955E-05 0.496754 0.0121207 9.9955E-05 0.0475452 9.9955E-05
9.9964E-05 0.0301601 9.9964E-05 0.210166 0.046051 0.530115 0.0289571 0.154151 9.9964E-05 9.9964E-05
9.9973E-05 9.9973E-05 9.9973E-05 0.545773 0.0627281 0.329575 0.0102183 0.00811295 0.0234129 0.0198797
9.9964E-05 0.0159594 0.0638114 0.162458 9.9964E-05 0.637503 0.0966191 9.9964E-05 9.9964E-05 0.0232492
9.9964E-05 0.0791142 9.9964E-05 0.359687 0.0701646 0.382976 0.0276618 0.079996 9.9964E-05 9.9964E-05
9.9955E-05 0.0656074 9.9955E-05 0.666005 9.9955E-05 9.9955E-05 0.0278018 0.222911 9.9955E-05 0.0171744
0.0157118 0.151464 0.0198732 0.0965743 0.00694381 0.455389 0.0536013 0.0826022 0.034197 0.0836441
9.9973E-05 9.9973E-05 9.9973E-05 0.461834 0.0153741 0.216371 0.00973873 0.115759 0.00802535 0.172598
0.0420359 0.0455359 0.00131182 0.304118 9.9991E-05 0.47605 0.0139133 0.0935168 0.00832704 0.0150905
9.9964E-05 0.137422 0.0549103 0.733708 9.9964E-05 0.009333 0.0417139 0.0225132 9.9964E-05 9.9964E-05
0.0492795 9.9955E-05 0.0424134 9.9955E-05 0.833244 9.9955E-05 0.0491478 9.9955E-05 9.9955E-05 0.0254151
9.9937E-05 9.9937E-05 9.9937E-05 9.9937E-05 0.967062 0.018515 9.9937E-05 9.9937E-05 9.9937E-05 0.0137234
9.99201E-05 9.99201E-05 9.99201E-05 9.99201E-05 0.999101 9.99201E-05 9.99201E-05 9.99201E-05 9.99201E-05 9.99201E-05
0.00980396 9.9946E-05 0.0133227 0.0700421 0.906232 9.9946E-05 9.9946E-05 9.9946E-05 9.9946E-05 9.9946E-05
9.9946E-05 0.0576058 9.9946E-05 9.9946E-05 0.922659 0.00689745 9.9946E-05 9.9946E-05 0.0122377 9.9946E-05
9.9937E-05 9.9937E-05 9.9937E-05 9.9937E-05 0.906412 9.9937E-05 0.027638 9.9937E-05 0.0652502 9.9937E-05
0.855897 9.9946E-05 9.9946E-05 9.9946E-05 0.0305163 0.100084 9.9946E-05 9.9946E-05 0.0129031 9.9946E-05
0.673472 0.0224607 0.177155 9.9973E-05 0.0164232 0.0639826 0.023585 9.9973E-05 0.0226221 9.9973E-05
0.70779 9.9964E-05 0.0326502 9.9964E-05 0.0168984 0.12709 9.9964E-05 0.00679273 0.108379 9.9964E-05
0.654127 0.0793031 0.100926 9.9955E-05 9.9955E-05 9.9955E-05 0.040684 9.9955E-05 0.12446 9.9955E-05
0.673385 9.9973E-05 0.115545 0.00671317 9.9973E-05 0.0459692 0.0658968 9.9973E-05 0.0894364 0.00275443
0.294697 0.0536732 0.0499878 0.0215039 0.205402 9.9973E-05 0.353214 9.9973E-05 9.9973E-05 0.0212216
0.322879 9.9973E-05 0.161045 0.0746755 0.193098 9.9973E-05 0.176665 0.0506819 9.9973E-05 0.0206551
0.304928 9.9964E-05 0.0986002 0.0440308 0.273204 9.9964E-05 0.207473 0.0713648 9.9964E-05 9.9964E-05
0.82422 9.9946E-05 9.9946E-05 9.9946E-05 0.00179804 0.168321 0.00506114 9.9946E-05 9.9946E-05 9.9946E-05
0.322254 9.9955E-05 9.9955E-05 0.082952 0.31309 9.9955E-05 0.240825 9.9955E-05 9.9955E-05 0.0403791
0.199566 9.9955E-05 9.9955E-05 9.9955E-05 9.9955E-05 0.283355 9.9955E-05 0.014752 0.298091 0.203736
0.193883 0.0797881 0.0136557 0.0482658 9.9973E-05 0.473434 0.0205646 9.9973E-05 0.170109 9.9973E-05
0.215219 0.00241952 9.9946E-05 9.9946E-05 9.9946E-05 0.533054 9.9946E-05 9.9946E-05 0.248708 9.9946E-05
0.183493 9.9964E-05 9.9964E-05 0.0183552 0.0970574 0.316187 9.9964E-05 9.9964E-05 0.223145 0.161362
0.0271429 0.0115667 0.0842717 0.0186186 9.9991E-05 0.513282 0.101781 0.0483273 0.122009 0.0729013
0.339625 9.9946E-05 0.084325 9.9946E-05 9.9946E-05 9.9946E-05 9.9946E-05 9.9946E-05 0.29204 0.283411
9.9982E-05 0.252209 0.0187067 0.128496 0.0626941 0.413528 0.0899337 0.0323301 9.9982E-05 0.0019028
0.0188416 0.188435 9.9982E-05 0.0949179 0.000839934 0.350941 0.100845 0.0417045 9.9982E-05 0.203276
0.0778337 0.621402 0.0333291 9.9964E-05 0.100631 0.15793 0.00847495 9.9964E-05 9.9964E-05 9.9964E-05
9.9973E-05 0.133121 9.9973E-05 0.161049 9.9973E-05 0.399119 0.0244903 0.239028 0.00257586 0.0403165
9.9964E-05 0.0872583 9.9964E-05 0.196131 0.0578442 9.9964E-05 0.0168787 0.323885 9.9964E-05 0.317603
9.9982E-05 0.166131 9.9982E-05 0.0655824 0.00626713 0.4919 0.0654574 0.0734347 0.0474145 0.083613
0.0185211 0.158342 0.00496174 0.0303332 9.9991E-05 0.36372 0.149473 0.14273 0.0727965 0.0590223
0.0425155 0.538232 9.9964E-05 0.0372876 0.02874 0.276269 0.0765561 9.9964E-05 9.9964E-05 9.9964E-05
9.9982E-05 0.0729269 0.114882 0.1573 9.9982E-05 0.461823 0.0884557 0.0163905 0.0300158 0.0580066
9.9955E-05 0.539743 9.9955E-05 0.078674 9.9955E-05 0.0216529 9.9955E-05 0.130527 9.9955E-05 0.228903
9.9982E-05 0.0636006 0.0434637 9.9982E-05 0.039746 0.398601 0.106536 0.131265 0.050589 0.165998
9.9964E-05 0.185619 9.9964E-05 0.203913 0.0161322 0.35452 0.149775 9.9964E-05 0.0896413 9.9964E-05
0.026866 0.122365 0.103267 0.0936247 9.9982E-05 0.29231 0.0324215 9.9982E-05 0.23678 0.0921657
9.9955E-05 0.515068 9.9955E-05 9.9955E-05 0.0251022 0.203403 9.9955E-05 0.233266 9.9955E-05 0.0226599
0.000419619 0.366826 9.9973E-05 0.0583909 0.0543285 0.38269 9.9973E-05 0.0546612 9.9973E-05 0.0823839
9.9982E-05 0.267272 0.0143225 0.0594899 0.000450772 0.425143 9.9982E-05 0.0793133 0.0574396 0.0963697
0.0214397 0.183565 0.0527195 0.154619 0.0380711 0.506528 0.0382687 0.00458859 9.9982E-05 9.9982E-05
0.00829418 0.119883 0.03464 0.0357511 0.0375799 0.50612 0.0289744 0.0734973 0.138265 0.0169957
0.0879419 0.209001 9.9973E-05 9.9973E-05 0.0543585 0.492788 0.0288772 0.11848 9.9973E-05 0.00825388
0.0647276 0.160257 0.015272 9.9982E-05 0.0512146 0.562897 0.0625392 9.9982E-05 0.0271815 0.0557112
0.772329 9.9946E-05 9.9946E-05 9.9946E-05 0.00123682 0.141941 9.9946E-05 9.9946E-05 0.083893 9.9946E-05
0.820324 9.9955E-05 0.0352775 9.9955E-05 9.9955E-05 0.0853667 9.9955E-05 0.0341204 0.0244116 9.9955E-05
0.768414 9.9964E-05 0.0164065 0.0800675 9.9964E-05 9.9964E-05 0.0927957 9.9964E-05 0.0141045 0.0278115
0.816707 9.9973E-05 9.9973E-05 0.06569 0.0487437 0.030041 0.0050184 0.018505 0.0149954 9.9973E-05
0.799378 9.9955E-05 0.0166362 9.9955E-05 0.00560595 0.135617 9.9955E-05 9.9955E-05 0.0422634 9.9955E-05
9.9973E-05 0.608063 9.9973E-05 0.0329613 0.102977 0.0731031 0.0955943 9.9973E-05 0.0368472 0.0501539
0.0448069 0.295607 9.9964E-05 0.00918317 9.9964E-05 0.498692 9.9964E-05 0.121205 9.9964E-05 0.0301057
0.144337 9.9982E-05 0.0646442 0.0531867 9.9982E-05 0.43166 0.0525851 0.0651574 0.13903 0.0491998
0.00294742 0.122448 9.9973E-05 0.00796897 9.9973E-05 0.694009 0.146347 9.9973E-05 0.0129835 0.0129968
0.0924084 0.112338 9.9982E-05 0.106899 0.0219169 0.473803 0.128241 0.0460864 0.0181073 9.9982E-05
9.9964E-05 0.215028 9.9964E-05 9.9964E-05 9.9964E-05 0.260195 0.216928 0.0465297 0.0036793 0.25724
0.136553 0.459426 9.9964E-05 0.0658372 0.0532632 9.9964E-05 0.186054 9.9964E-05 9.9964E-05 0.0984674
0.0417367 0.0687102 9.9982E-05 0.114081 0.145857 0.464906 0.0777551 0.0650199 0.0217337 9.9982E-05
0.0458007 0.425755 0.0608199 0.0468444 0.0592019 0.0804853 0.17432 0.0821781 0.0244941 9.9991E-05
0.0342241 0.0514949 9.9991E-05 0.0942423 0.075339 0.449099 0.110601 0.0178642 0.00979 0.157246
0.138113 0.473203 9.9973E-05 0.0140508 0.0804352 9.9973E-05 0.125148 0.143148 0.0256016 9.9973E-05
0.0239625 0.127856 0.0934978 9.9982E-05 0.00425122 0.512756 0.119368 9.9982E-05 0.0451545 0.0729541
0.064 0.531576 0.0691995 0.0198428 9.9973E-05 0.116746 0.150656 0.0476791 9.9973E-05 9.9973E-05
9.9982E-05 0.235072 9.9982E-05 0.0240158 0.0836142 0.286165 0.103945 0.0781771 0.0640612 0.12475
9.9982E-05 0.11296 0.0519274 0.126986 9.9982E-05 0.413297 0.039841 0.0245698 0.0373295 0.192889
9.9973E-05 0.0262682 9.9973E-05 0.0376604 0.0692465 0.261973 0.0173479 0.150861 9.9973E-05 0.436343
9.9973E-05 0.115098 0.0286857 0.0734942 0.0639294 0.455768 9.9973E-05 0.0687045 9.9973E-05 0.19402
0.0868848 9.9973E-05 9.9973E-05 0.033048 0.0532112 0.580515 9.9973E-05 0.017132 0.0553308 0.173579
9.9973E-05 0.0236955 9.9973E-05 0.0380672 0.0539496 0.352843 0.0512047 0.106734 9.9973E-05 0.373206
0.0586497 0.133618 0.0121685 0.0954649 0.120966 0.373318 0.0401133 0.0941037 0.0326876 0.03891
0.0134052 9.9982E-05 9.9982E-05 0.00303101 0.130032 0.548654 0.0274497 0.138065 0.00214827 0.137016
9.9964E-05 9.9964E-05 9.9964E-05 0.0870846 0.0998895 0.079842 0.0481164 0.220593 9.9964E-05 0.464074
9.9955E-05 9.9955E-05 9.9955E-05 0.0380814 0.0633931 0.263094 9.9955E-05 0.102258 9.9955E-05 0.532674
9.9964E-05 9.9964E-05 9.9964E-05 0.0390774 0.0224637 0.523783 0.0882019 0.0380994 9.9964E-05 0.287975
9.9982E-05 0.094716 0.00684779 0.18847 0.0838121 0.138552 0.0245518 0.101705 9.9982E-05 0.361145
9.9946E-05 0.202101 9.9946E-05 9.9946E-05 0.0421391 0.445447 9.9946E-05 9.9946E-05 9.9946E-05 0.309713
0.00756738 0.477557 0.0199662 0.107162 0.0246354 0.052524 0.277479 9.9982E-05 0.0329085 9.9982E-05
9.9982E-05 0.227209 9.9982E-05 0.0872563 0.000838167 0.158952 0.199429 0.278118 0.0268228 0.0211746
0.0266417 0.401526 9.9973E-05 0.0964772 0.0287277 0.266511 0.097362 9.9973E-05 0.0824541 9.9973E-05
9.9991E-05 0.0958358 0.00640057 0.0143845 0.0631436 0.517649 0.0878195 0.0187476 0.128002 0.0679166
9.9964E-05 0.462465 9.9964E-05 0.187325 0.0342398 0.17147 0.138693 9.9964E-05 9.9964E-05 0.00540748
0.0198012 0.0848996 0.0550343 0.0203142 0.0838408 0.4356 0.0406639 0.0968641 0.0959576 0.067024
0.0732012 0.022675 9.9982E-05 0.141848 0.0298229 0.533497 0.108075 9.9982E-05 0.0573443 0.0333369
0.016209 0.123626 0.00848323 0.0696421 0.0190644 0.468629 0.121871 9.9991E-05 0.0718234 0.100552
0.0391182 0.175057 0.00773084 0.18013 0.0392412 0.322466 0.078825 0.0375884 0.119743 9.9991E-05
0.00544835 0.255452 9.9982E-05 0.181209 0.0224171 0.336337 0.138418 9.9982E-05 0.0590066 0.0015123
9.9964E-05 0.420184 9.9964E-05 0.140817 0.0158869 0.121559 0.207133 9.9964E-05 0.09402 9.9964E-05
9.9991E-05 0.239584 0.00878553 0.0545203 0.0308324 0.331238 0.248546 0.018074 0.0615976 0.0067218
9.9964E-05 0.0837544 9.9964E-05 9.9964E-05 0.0203251 0.525429 0.182809 0.126824 0.0604587 9.9964E-05
9.9982E-05 0.103752 0.0565597 0.0331123 0.0163395 0.615515 0.0286362 9.9982E-05 0.00493255 0.140952
0.037181 0.0669306 9.9973E-05 0.01903 9.9973E-05 0.450152 0.219303 0.0782851 9.9973E-05 0.128818
9.9982E-05 0.0373816 0.0262406 9.9982E-05 0.0196298 0.533231 0.1483 0.154725 0.0531018 0.0271899
0.113221 0.139236 9.9973E-05 9.9973E-05 9.9973E-05 0.366787 0.270419 0.00662268 0.00540135 0.0980116
9.9964E-05 0.290764 9.9964E-05 0.0262818 0.0258599 0.53033 0.101952 9.9964E-05 9.9964E-05 0.0244131
0.00352771 0.186388 0.0574389 0.105849 0.048978 0.43491 0.0690365 0.0541405 0.0396317 9.9991E-05
0.0263392 0.0539995 9.9991E-05 0.0529478 0.0330595 0.467075 0.117133 0.0505355 0.147471 0.0513395
0.310551 0.0312279 0.057257 9.9964E-05 9.9964E-05 0.331556 9.9964E-05 9.9964E-05 0.146253 0.122756
0.054117 0.0258905 0.00491259 9.9973E-05 9.9973E-05 0.432826 0.0545967 9.9973E-05 0.244007 0.183351
0.0197794 0.0252905 0.122912 0.0478773 0.0445804 0.440001 0.0637321 0.00482705 0.168939 0.0620618
0.0328786 0.168336 9.9991E-05 0.0234182 0.0163751 0.467987 0.0141584 0.117456 0.149245 0.0100445
0.234739 0.0989633 9.9964E-05 0.000121004 9.9964E-05 0.460673 9.9964E-05 0.042843 0.162261 9.9964E-05
9.9955E-05 0.249827 9.9955E-05 0.00641268 9.9955E-05 0.447032 9.9955E-05 0.169854 9.9955E-05 0.126375
0.185716 0.0955244 9.9964E-05 0.07803 9.9964E-05 0.467642 0.046841 9.9964E-05 0.125847 9.9964E-05
0.200324 0.101329 9.9964E-05 0.0846854 9.9964E-05 9.9964E-05 0.0105347 9.9964E-05 0.13832 0.464407
0.0958044 0.147207 9.9982E-05 0.0333811 0.0367892 0.490506 9.9982E-05 0.0191814 0.0970127 0.0799177
0.111332 0.012381 9.9982E-05 0.0537104 9.9982E-05 0.506332 0.0379874 0.0957492 0.174641 0.00766704
0.0723877 0.130228 0.00290405 9.9991E-05 0.0442471 0.421061 0.0033336 0.0677153 0.252144 0.00587901
0.155746 0.153937 0.00221958 0.0521831 9.9982E-05 0.265648 0.0533782 9.9982E-05 0.0618197 0.254868
0.204403 0.00158533 0.000610437 0.00416675 0.0226711 0.443484 0.0548528 0.0580462 0.121667 0.0885133
0.145349 9.9964E-05 9.9964E-05 9.9964E-05 9.9964E-05 0.596086 0.0138757 0.018553 0.109371 0.116365
0.417687 9.9946E-05 0.0144923 9.9946E-05 9.9946E-05 9.9946E-05 9.9946E-05 9.9946E-05 0.18834 0.378881
0.160884 9.9973E-05 9.9973E-05 0.0198968 9.9973E-05 0.473921 0.0514636 0.0798369 0.192707 0.0209907
0.128312 9.9973E-05 0.065353 9.9973E-05 9.9973E-05 0.534095 0.0571031 0.0182173 0.152662 0.043958
0.00908079 0.138642 0.0917842 0.0513822 0.0673671 0.483544 9.9991E-05 0.0125601 0.143441 0.00209881
0.161148 9.9964E-05 9.9964E-05 9.9964E-05 0.0311671 0.492457 0.040541 9.9964E-05 0.178569 0.0957177
0.237052 0.0946613 9.9973E-05 0.017533 9.9973E-05 0.480807 0.033569 9.9973E-05 0.0748168 0.0612612
0.0375204 9.9973E-05 9.9973E-05 0.157762 0.0221245 0.385445 0.0231076 0.328063 0.045677 9.9973E-05
0.00806005 0.0388064 0.0634757 9.9982E-05 9.9982E-05 0.508612 0.0776104 0.204483 0.0476909 0.0510612
9.9946E-05 0.166002 9.9946E-05 0.0257788 0.00465307 9.9946E-05 9.9946E-05 0.802966 9.9946E-05 9.9946E-05
0.0127485 0.00777387 9.9955E-05 0.0244793 9.9955E-05 9.9955E-05 0.0575333 0.896965 9.9955E-05 9.9955E-05
9.9973E-05 0.0695129 0.0664571 0.0123332 0.0536246 0.387742 9.9973E-05 0.272146 0.137884 9.9973E-05
0.0977988 0.083582 9.9964E-05 9.9964E-05 9.9964E-05 0.335085 9.9964E-05 0.0720731 0.312025 0.0990361
0.0940339 9.9964E-05 0.00866027 9.9964E-05 9.9964E-05 0.270053 9.9964E-05 0.27944 0.334681 0.0127319
0.132755 0.0131848 0.0845832 9.9973E-05 9.9973E-05 0.0859336 9.9973E-05 0.248184 0.318524 0.116536
0.130267 0.138444 9.9955E-05 9.9955E-05 9.9955E-05 0.230785 9.9955E-05 0.213349 0.286656 9.9955E-05
0.0381166 9.9955E-05 9.9955E-05 9.9955E-05 9.9955E-05 0.0182312 9.9955E-05 0.676361 0.0750962 0.191695
0.112497 9.9955E-05 9.9955E-05 9.9955E-05 9.9955E-05 0.105996 9.9955E-05 0.646433 0.0807553 0.053819
9.9955E-05 9.9955E-05 0.0267895 9.9955E-05 0.0310335 0.520124 9.9955E-05 0.332568 0.0889854 9.9955E-05
9.9946E-05 9.9946E-05 0.111469 9.9946E-05 9.9946E-05 0.394837 9.9946E-05 0.458942 0.0341523 9.9946E-05
0.0879989 9.9955E-05 9.9955E-05 9.9955E-05 0.00321909 0.104919 9.9955E-05 0.694515 0.108848 9.9955E-05
0.0305263 0.0202005 0.0362234 0.062002 0.0211904 0.372589 0.0397041 0.273848 0.143617 9.9991E-05
0.0178839 9.9973E-05 0.0311473 9.9973E-05 0.00368157 0.481395 0.00167227 0.353947 0.109974 9.9973E-05
0.0638232 9.9964E-05 9.9964E-05 9.9964E-05 9.9964E-05 0.400237 0.0594022 0.302751 0.117773 0.0556137
0.0325873 9.9964E-05 0.0189099 0.0391074 0.0474126 0.264625 9.9964E-05 0.596958 9.9964E-05 9.9964E-05
9.9955E-05 0.13438 0.0301704 0.0231877 9.9955E-05 0.332773 9.9955E-05 0.478989 9.9955E-05 9.9955E-05
9.9982E-05 9.9982E-05 0.0245823 0.0287071 0.0370995 0.500303 0.0625473 0.291152 0.0220009 0.0334081
0.0475101 9.9973E-05 9.9973E-05 0.0773773 0.0555292 0.375889 0.111746 0.319612 0.0120364 9.9973E-05
9.9982E-05 0.0786924 0.0548409 0.0754745 9.9982E-05 0.456047 0.0280323 0.0691754 0.104797 0.132741
9.9955E-05 0.0467178 9.9955E-05 9.9955E-05 0.0459699 0.337984 9.9955E-05 0.526353 9.9955E-05 0.0424758
9.9955E-05 9.9955E-05 0.018183 9.9955E-05 0.015727 0.166156 0.0176868 0.781748 9.9955E-05 9.9955E-05
0.0352535 9.9955E-05 9.9955E-05 0.0179346 0.0194004 0.523647 9.9955E-05 0.403265 9.9955E-05 9.9955E-05
9.9973E-05 0.0204247 9.9973E-05 0.0681245 0.00410897 0.174545 9.9973E-05 0.701673 0.0166544 0.0141696
9.9964E-05 9.9964E-05 0.0489279 9.9964E-05 0.0190877 0.3261 0.00215354 0.553413 0.0499173 9.9964E-05
0.0818194 9.9955E-05 9.9955E-05 0.0702341 9.9955E-05 0.62243 0.0538996 0.171117 9.9955E-05 9.9955E-05
0.0239657 9.9973E-05 9.9973E-05 0.0345627 0.0633801 0.425406 0.0148531 0.380389 0.0571438 9.9973E-05
0.0662816 0.0673585 0.0613942 9.9982E-05 0.0242573 0.518297 9.9982E-05 0.0165392 0.0686974 0.176975
0.172854 9.9973E-05 9.9973E-05 9.9973E-05 0.0456901 0.424773 0.117944 0.0316433 0.0695885 0.137207
0.163631 9.9973E-05 9.9973E-05 9.9973E-05 0.0243889 0.345919 0.0782003 0.0216129 0.225991 0.139957
0.108297 0.0104479 0.0810762 9.9991E-05 0.0708069 0.316233 0.0606521 0.108187 0.15192 0.0922795
0.127121 0.0235482 0.0943957 9.9991E-05 0.0324525 0.36286 0.0476549 0.0879419 0.176087 0.0478388
0.0823426 9.9973E-05 0.021739 9.9973E-05 0.0393533 0.302721 0.13003 0.176327 0.247187 9.9973E-05
0.130131 9.9955E-05 0.119254 9.9955E-05 9.9955E-05 9.9955E-05 9.9955E-05 0.642515 0.0738817 0.0337189
0.0633848 9.9964E-05 0.015421 9.9964E-05 9.9964E-05 0.642083 9.9964E-05 0.0943544 0.119905 0.0644525
0.183419 9.9955E-05 0.216312 9.9955E-05 9.9955E-05 9.9955E-05 9.9955E-05 0.362353 0.0835147 0.153901
0.0282373 9.9955E-05 0.0202694 9.9955E-05 9.9955E-05 0.486639 9.9955E-05 0.31061 0.153745 9.9955E-05
9.9946E-05 9.9946E-05 9.9946E-05 0.155591 9.9946E-05 0.0839591 9.9946E-05 0.712349 9.9946E-05 0.0475013
9.9937E-05 0.0378954 9.9937E-05 0.108236 9.9937E-05 9.9937E-05 9.9937E-05 0.853169 9.9937E-05 9.9937E-05
9.9946E-05 0.0417844 9.9946E-05 0.0325509 9.9946E-05 0.386183 9.9946E-05 0.538882 9.9946E-05 9.9946E-05
