9.9955E-05 9.9955E-05 9.9955E-05 0.0424919 9.9955E-05 0.0452834 0.0811112 0.821536 9.9955E-05 0.00907783
0.00025286 9.9964E-05 0.0438242 9.9964E-05 9.9964E-05 0.055821 9.9964E-05 0.860006 0.00238723 0.0373088
9.9955E-05 0.157502 9.9955E-05 9.9955E-05 0.000424008 0.0483712 0.0273892 0.765814 9.9955E-05 9.9955E-05
9.9973E-05 0.0611045 9.9973E-05 0.0642452 0.0184592 0.0677199 0.0105761 0.724581 9.9973E-05 0.053014
0.0108455 0.0115901 9.9964E-05 0.0815048 9.9964E-05 9.9964E-05 0.0244156 0.841714 9.9964E-05 0.0295296
0.0559855 0.0673139 9.9991E-05 0.0234415 0.0379181 0.0384698 0.122852 0.552182 0.096986 0.00475077
9.9964E-05 9.9964E-05 0.0163074 9.9964E-05 0.095796 0.0235915 0.00982688 0.818985 0.0350932 9.9964E-05
0.0316884 0.000380188 0.00558581 0.0162328 0.108442 0.055423 0.0921287 0.667577 0.0224415 9.9991E-05
9.99639E-05 9.99639E-05 0.0766808 9.99639E-05 0.0353211 0.00500576 9.99639E-05 0.820048 0.0378391 0.0247052
0.0749952 0.121569 9.9982E-05 0.0349215 9.9982E-05 0.0217224 0.0508368 0.666038 0.0169819 0.0127344
9.9973E-05 0.033597 0.0268958 9.9973E-05 0.0330982 9.9973E-05 0.0826299 0.712706 0.0742746 0.0364985
0.0138389 0.063856 0.0293265 0.0687701 0.820834 0.00297423 9.9964E-05 9.9964E-05 9.9964E-05 9.9964E-05
9.9946E-05 0.498191 9.9946E-05 9.9946E-05 0.446719 0.0237991 0.030692 9.9946E-05 9.9946E-05 9.9946E-05
0.0435364 0.0914113 9.9973E-05 0.0628773 0.690399 0.0368498 0.0227805 0.0518452 9.9973E-05 9.9973E-05
9.9946E-05 0.19826 9.9946E-05 0.112999 0.685937 9.9946E-05 9.9946E-05 0.00220403 9.9946E-05 9.9946E-05
9.9973E-05 0.326282 9.9973E-05 0.0982777 0.373733 9.9973E-05 0.0188241 0.130223 0.0325437 0.0198162
0.0903964 0.523329 9.9964E-05 0.0417585 0.253581 0.0592627 9.9964E-05 0.031273 9.9964E-05 9.9964E-05
9.99702E-05 0.319127 0.155358 0.110472 0.327336 0.0520074 9.99702E-05 9.99702E-05 0.0352991 9.99702E-05
9.9955E-05 0.161202 0.0151911 0.0892809 0.619274 9.9955E-05 9.9955E-05 0.114553 9.9955E-05 9.9955E-05
9.9955E-05 9.9955E-05 9.9955E-05 9.9955E-05 0.86739 9.9955E-05 0.000844468 0.0246716 0.0561399 0.0504543
0.033277 0.394926 0.0031795 0.0100704 0.409068 9.9973E-05 0.0557667 9.9973E-05 0.0934129 9.9973E-05
0.067863 0.369544 0.00475108 0.0262974 0.272288 0.0539079 9.9982E-05 0.0298908 0.175258 9.9982E-05
0.0960265 0.561074 0.0384374 9.9973E-05 0.176356 9.9973E-05 0.0818841 0.0420153 9.9973E-05 0.00390619
9.9964E-05 0.170272 0.0237331 0.0665578 0.638667 0.0232294 9.9964E-05 9.9964E-05 0.0771406 9.9964E-05
9.9964E-05 0.540216 0.167827 0.0369043 0.127804 0.00723479 9.9964E-05 0.119615 9.9964E-05 9.9964E-05
9.9946E-05 0.456552 9.9946E-05 9.9946E-05 0.443978 9.9946E-05 9.9946E-05 0.0842361 0.0146342 9.9946E-05
9.9964E-05 0.0799395 0.00929487 0.0445462 0.800389 0.00909185 9.9964E-05 0.0563392 9.9964E-05 9.9964E-05
9.9946E-05 9.9946E-05 0.00290441 0.213999 0.766584 0.0159137 9.9946E-05 9.9946E-05 9.9946E-05 9.9946E-05
9.9955E-05 0.113267 9.9955E-05 0.00866456 0.837648 9.9955E-05 0.00643834 9.9955E-05 0.0334821 9.9955E-05
9.99201E-05 9.99201E-05 9.99201E-05 9.99201E-05 9.99201E-05 0.999101 9.99201E-05 9.99201E-05 9.99201E-05 9.99201E-05
9.99201E-05 9.99201E-05 9.99201E-05 9.99201E-05 9.99201E-05 0.999101 9.99201E-05 9.99201E-05 9.99201E-05 9.99201E-05
9.9964E-05 0.0215012 0.0615323 0.0373603 9.9964E-05 0.356838 9.9964E-05 0.47724 9.9964E-05 0.0451283
9.9973E-05 0.146704 0.0429603 0.0109743 9.9973E-05 0.239756 9.9973E-05 0.536587 0.0179082 0.00481081
9.9982E-05 0.539075 0.158751 9.9982E-05 0.117064 0.0123485 0.0482252 0.0326004 0.0654644 0.0262711
0.0200188 0.457072 0.200997 0.0357372 0.167593 0.0132205 9.9973E-05 0.105063 9.9973E-05 9.9973E-05
0.073282 0.435765 0.361276 0.034509 9.9973E-05 0.0340213 9.9973E-05 0.0154099 9.9973E-05 0.0454369
0.00785155 0.0525411 0.0478881 0.00402805 0.523262 0.0464347 0.00249791 0.0906381 9.9991E-05 0.224758
0.0753112 0.152076 0.602442 0.0849559 0.0612823 9.9973E-05 9.9973E-05 0.0220148 0.00161802 9.9973E-05
0.00990516 0.408631 0.290794 0.0416924 0.185858 9.9973E-05 9.9973E-05 0.0617928 9.9973E-05 0.0010259
9.9964E-05 0.618287 0.189051 0.0873368 9.9964E-05 9.9964E-05 0.0143155 9.9964E-05 0.0634619 0.0271475
9.9973E-05 0.531001 0.102266 9.9973E-05 9.9973E-05 0.0831546 0.0213807 0.0214956 0.161783 0.0786188
0.0144968 0.514946 0.205261 0.0414074 0.0379768 0.0700905 0.0811369 0.0344849 9.9982E-05 9.9982E-05
9.9955E-05 0.0928824 0.614659 9.9955E-05 0.193534 0.0336108 0.0648144 9.9955E-05 9.9955E-05 9.9955E-05
9.9964E-05 0.560876 0.0995605 9.9964E-05 9.9964E-05 0.00469271 9.9964E-05 0.115408 0.187366 0.0316962
9.9964E-05 0.517123 0.325893 0.0567156 9.9964E-05 0.0198277 9.9964E-05 0.0214693 0.0585717 9.9964E-05
0.00402955 0.451746 0.148019 0.127303 0.0621374 0.0345801 9.9982E-05 0.111053 0.060932 9.9982E-05
0.104486 0.28312 0.606522 9.9946E-05 9.9946E-05 0.00527177 9.9946E-05 9.9946E-05 9.9946E-05 9.9946E-05
9.9955E-05 0.64325 0.296264 9.9955E-05 9.9955E-05 0.00150137 9.9955E-05 0.0555235 9.9955E-05 0.00296201
0.112627 0.671899 0.036983 0.00889977 9.9973E-05 0.0475264 9.9973E-05 0.061959 9.9973E-05 0.0598059
9.9955E-05 9.9955E-05 0.667758 9.9955E-05 0.00814818 9.9955E-05 9.9955E-05 0.066904 0.241977 0.0147132
0.109488 0.0679024 0.155394 9.9973E-05 0.357857 9.9973E-05 0.0927941 9.9973E-05 0.0557633 0.160502
0.0595305 0.0748509 0.0699455 9.9964E-05 0.419826 9.9964E-05 0.00168149 9.9964E-05 0.373766 9.9964E-05
9.9955E-05 0.551221 9.9955E-05 0.0675506 0.284285 0.0596605 9.9955E-05 0.0367832 9.9955E-05 9.9955E-05
0.0792412 0.590997 9.9982E-05 0.062458 0.127198 0.0121885 0.00418497 0.0740807 0.0494516 9.9982E-05
0.0153723 0.519334 0.0330261 0.060847 0.0581288 9.9991E-05 0.043402 0.132166 0.0832509 0.054373
0.043079 0.12279 0.189442 9.9991E-05 0.284198 0.0501053 0.0903585 0.0194624 0.112119 0.0883463
0.0375097 0.471433 0.116244 9.9973E-05 0.200633 9.9973E-05 0.029176 0.0329379 9.9973E-05 0.111767
9.9964E-05 0.434722 9.9964E-05 0.113194 0.221401 9.9964E-05 9.9964E-05 0.0886281 0.00760537 0.13405
0.0890018 0.202062 0.171391 0.075697 0.236128 0.0520853 0.0139792 0.0829147 0.0173437 0.0593966
9.9973E-05 9.9973E-05 0.118406 0.0229428 0.462394 0.0563325 0.0657263 0.149226 0.124673 9.9973E-05
9.9973E-05 0.477631 0.196497 0.0633488 0.0813646 0.0457935 0.0408963 9.9973E-05 0.0941687 9.9973E-05
0.0631428 0.363969 9.9982E-05 0.0323081 0.376487 0.00588154 0.0205505 0.110015 9.9982E-05 0.027446
9.9964E-05 9.9964E-05 0.0651299 9.9964E-05 0.674847 0.0335356 0.110225 9.9964E-05 0.115329 0.00053334
0.0897859 0.358235 0.0381184 9.9982E-05 0.458527 0.0252175 0.0217866 0.00738368 0.000746096 9.9982E-05
0.220356 0.617723 0.00409754 0.000211348 0.064304 9.9991E-05 0.0330157 0.00501186 0.00488355 0.0502962
0.109156 0.464602 0.00986339 0.0553626 0.221554 0.081933 9.9982E-05 9.9982E-05 0.0187057 0.0386222
9.9982E-05 0.200036 0.0906854 0.0256228 0.421913 0.0437031 0.0280603 0.0191559 0.170624 9.9982E-05
0.00367812 0.31802 0.0315573 0.0871969 0.397779 0.0701653 9.9973E-05 9.9973E-05 0.0913033 9.9973E-05
0.00103792 0.426123 0.117877 0.0240622 0.116065 0.0737587 0.0232694 9.9991E-05 0.0795013 0.138207
0.15616 0.0975672 9.9973E-05 9.9973E-05 0.567716 0.0418056 0.0320108 9.9973E-05 0.088288 0.0161525
9.9964E-05 0.543427 0.324403 9.9964E-05 0.0862074 9.9964E-05 0.0106051 9.9964E-05 0.00519935 0.0297582
9.9946E-05 0.168019 0.591882 9.9946E-05 0.205055 0.0344439 9.9946E-05 9.9946E-05 9.9946E-05 9.9946E-05
0.0688132 0.557656 0.210666 0.0021238 0.0142473 0.0372045 0.0110309 0.028972 9.9991E-05 0.0691861
9.9937E-05 9.9937E-05 0.854798 9.9937E-05 9.9937E-05 9.9937E-05 0.00757034 9.9937E-05 0.136933 9.9937E-05
0.0174849 9.9955E-05 0.835754 9.9955E-05 0.0460243 9.9955E-05 0.0137729 9.9955E-05 0.0864645 9.9955E-05
9.9964E-05 0.289921 0.620516 0.0152941 0.0518001 9.9964E-05 0.00395225 9.9964E-05 0.0181173 9.9964E-05
9.9964E-05 0.378268 0.462413 9.9964E-05 0.10628 0.0279662 0.0209424 9.9964E-05 0.00373081 9.9964E-05
9.9982E-05 0.589748 0.0891449 9.9982E-05 0.113871 0.0152404 0.01233 0.0959004 0.079415 0.0041496
9.9973E-05 0.428118 0.422789 0.0229596 9.9973E-05 0.0417273 0.0417455 9.9973E-05 0.0110959 0.0312653
9.9964E-05 0.0214062 0.664671 0.12776 9.9964E-05 0.00360107 0.175496 9.9964E-05 9.9964E-05 0.0066661
9.9964E-05 0.184649 0.494275 9.9964E-05 0.135102 0.0226034 0.151372 0.0115992 9.9964E-05 9.9964E-05
0.0131461 0.504793 0.266876 9.9973E-05 9.9973E-05 0.0438156 9.9973E-05 0.0484232 0.0103718 0.112274
0.00519733 0.244 0.554023 0.00850514 0.124486 0.00449088 9.9973E-05 0.0589975 9.9973E-05 9.9973E-05
9.9973E-05 0.356497 0.427735 0.0284155 0.101773 0.0500362 0.0280554 9.9973E-05 9.9973E-05 0.00718858
9.9955E-05 0.333615 0.568481 9.9955E-05 9.9955E-05 0.0172553 0.0273072 9.9955E-05 0.0528424 9.9955E-05
0.0906999 9.9964E-05 0.667686 0.0109033 9.9964E-05 9.9964E-05 9.9964E-05 0.0113637 0.206033 0.0129141
9.9973E-05 0.583052 0.270867 0.0109432 0.00790872 0.0141656 9.9973E-05 9.9973E-05 0.0394169 0.0733472
9.9973E-05 0.0481802 9.9973E-05 0.0561147 0.00290104 0.0557581 0.049643 0.753438 9.9973E-05 0.0336652
9.9937E-05 0.0660234 9.9937E-05 9.9937E-05 9.9937E-05 0.0961193 9.9937E-05 0.837158 9.9937E-05 9.9937E-05
9.9955E-05 0.0874793 9.9955E-05 0.0365416 9.9955E-05 0.128714 0.00676159 0.740004 9.9955E-05 9.9955E-05
9.9946E-05 0.0740314 9.9946E-05 9.9946E-05 9.9946E-05 0.110694 9.9946E-05 0.810146 0.00452833 9.9946E-05
0.000371638 0.0232801 0.0495689 0.0503673 9.9964E-05 0.130644 9.9964E-05 0.745368 9.9964E-05 9.9964E-05
0.00288686 0.0952573 9.9955E-05 9.9955E-05 9.9955E-05 0.0865405 0.00677105 0.808045 9.9955E-05 9.9955E-05
9.9955E-05 0.0776244 9.9955E-05 0.0105688 9.9955E-05 0.0470864 9.9955E-05 0.860919 9.9955E-05 0.00330189
9.9973E-05 0.439392 0.335036 0.0699916 0.00145911 0.0387374 0.110486 0.00459817 9.9973E-05 9.9973E-05
9.9982E-05 0.446296 0.0719015 0.0778352 0.169792 0.0789964 0.0497066 0.0191666 0.0861058 9.9982E-05
9.9946E-05 0.0399321 0.71802 9.9946E-05 0.170437 9.9946E-05 9.9946E-05 0.0710113 9.9946E-05 9.9946E-05
9.9955E-05 0.496933 0.199148 9.9955E-05 0.127259 9.9955E-05 0.0239079 0.152252 9.9955E-05 9.9955E-05
9.9955E-05 0.425017 0.352766 9.9955E-05 0.153952 9.9955E-05 9.9955E-05 0.0540262 9.9955E-05 0.0137391
9.9973E-05 0.588991 0.209681 0.0238439 0.0997321 0.0422662 0.00165287 9.9973E-05 9.9973E-05 0.0335329
0.107509 0.552834 0.230264 9.9955E-05 0.0646286 9.9955E-05 9.9955E-05 0.0442653 9.9955E-05 9.9955E-05
9.9955E-05 0.328203 0.531699 0.103495 9.9955E-05 9.9955E-05 9.9955E-05 0.0316733 9.9955E-05 0.00442995
9.9955E-05 9.9955E-05 0.617986 9.9955E-05 0.23992 9.9955E-05 0.0565835 0.0497672 9.9955E-05 0.0352434
0.0831671 0.501776 0.119968 0.0383117 0.0408952 0.0105548 9.9991E-05 0.134299 0.0156639 0.055264
9.9973E-05 0.586233 0.161393 0.0550785 0.0759404 9.9973E-05 0.0228469 0.0448881 9.9973E-05 0.0533204
0.107196 0.495856 0.0917961 0.0874439 0.0397333 9.9982E-05 0.0360672 0.0884471 9.9982E-05 0.0532603
0.0484844 0.281589 0.483617 9.9955E-05 9.9955E-05 0.0366204 9.9955E-05 9.9955E-05 0.14919 9.9955E-05
0.0858334 0.532146 0.324417 9.9955E-05 9.9955E-05 9.9955E-05 0.0070334 9.9955E-05 0.0500705 9.9955E-05
9.9955E-05 0.466199 0.343234 9.9955E-05 0.15096 0.0251163 0.0139915 9.9955E-05 9.9955E-05 9.9955E-05
0.0241138 0.278732 0.538423 0.114841 0.0186651 9.9964E-05 0.0248254 9.9964E-05 9.9964E-05 9.9964E-05
9.9964E-05 0.415671 0.415422 9.9964E-05 0.00612673 0.017324 9.9964E-05 0.0989755 9.9964E-05 0.0460813
9.9973E-05 0.524745 0.1619 9.9973E-05 0.0446971 0.0304747 9.9973E-05 0.0550931 0.093755 0.0890351
0.254633 0.114882 9.9973E-05 0.00126485 0.511501 9.9973E-05 0.013152 0.0983715 9.9973E-05 0.00589651
9.9982E-05 0.277719 9.9982E-05 0.116915 0.347172 0.048041 0.125957 0.0378062 0.00867287 0.0375173
0.0473996 0.452707 0.0652529 0.0392741 0.138938 0.00224338 0.00969996 0.0880089 0.0244111 0.132064
0.0705656 0.50554 0.0413899 0.115622 0.107616 0.0150869 0.0319929 9.9991E-05 0.0374482 0.0746386
0.0778435 0.399239 9.9964E-05 9.9964E-05 0.296415 0.0810863 9.9964E-05 9.9964E-05 0.00840906 0.136607
0.0364522 0.523263 9.9964E-05 0.0686269 0.331813 9.9964E-05 9.9964E-05 9.9964E-05 0.0121161 0.0273297
0.0477714 0.388038 9.9964E-05 0.0190813 0.366504 9.9964E-05 0.0617621 9.9964E-05 9.9964E-05 0.116443
0.0456527 0.541359 0.0693128 9.9982E-05 0.133438 0.0165269 0.0408318 0.0890024 9.9982E-05 0.0636768
0.0220902 0.489552 0.00956082 0.131882 0.187744 9.9982E-05 0.0336146 9.9982E-05 0.0725908 0.0527659
0.0204474 0.510484 0.0679358 9.9982E-05 0.283262 0.0308118 9.9982E-05 0.0361737 0.0411137 0.00957171
0.0110995 0.441615 0.0459433 9.9964E-05 0.355864 0.0224495 9.9964E-05 9.9964E-05 9.9964E-05 0.122629
0.0741671 0.549401 9.9973E-05 0.111077 9.9973E-05 9.9973E-05 0.0152492 0.0641271 0.0510785 0.1346
9.9973E-05 0.473138 9.9973E-05 0.112842 0.198391 9.9973E-05 0.0137219 0.0658539 0.055291 0.0804619
0.124585 0.532672 0.0630711 0.0431279 0.149547 0.018912 9.9973E-05 9.9973E-05 9.9973E-05 0.0677857
0.0641171 0.628707 9.9982E-05 0.0233191 0.0578912 0.0210892 0.00569381 9.9982E-05 0.101194 0.0977885
0.0838319 0.492863 0.0507747 0.0800069 0.202817 0.0111051 9.9982E-05 9.9982E-05 0.0236023 0.0547991
0.0443758 0.315486 9.9973E-05 9.9973E-05 0.285674 0.0159088 9.9973E-05 0.0132717 0.17864 0.146344
0.0240888 0.500069 0.0593325 0.110043 0.142391 9.9991E-05 0.0369024 0.0140743 0.0130141 0.0999852
0.0843025 0.614703 9.9964E-05 9.9964E-05 0.119171 9.9964E-05 9.9964E-05 0.00848896 0.0803893 0.0925449
0.0795181 0.169031 0.124352 0.100891 0.250569 9.9964E-05 9.9964E-05 9.9964E-05 9.9964E-05 0.275238
0.140181 0.0914191 9.9973E-05 0.0375401 0.384349 9.9973E-05 0.0651388 9.9973E-05 0.267368 0.0137042
0.06838 0.477319 0.092259 0.0299217 0.162161 0.0322513 0.0526757 0.00653437 9.9991E-05 0.0783979
0.221923 0.00951962 0.153009 0.0475877 0.208041 9.9982E-05 0.0701216 9.9982E-05 0.179214 0.110383
0.0418392 0.213684 0.0805991 9.9973E-05 0.423475 9.9973E-05 9.9973E-05 0.0165378 0.0688579 0.154707
0.067683 0.42278 0.0108931 9.9955E-05 0.38456 9.9955E-05 9.9955E-05 9.9955E-05 9.9955E-05 0.113585
0.0774894 0.249366 0.0980516 9.9973E-05 0.353571 0.0416259 0.0227326 9.9973E-05 9.9973E-05 0.156864
0.032816 0.205333 0.0946839 9.9955E-05 0.478109 9.9955E-05 9.9955E-05 9.9955E-05 9.9955E-05 0.188559
0.0177833 0.636298 0.0738158 0.0212386 0.0860909 0.0336446 9.9991E-05 0.0159984 0.0389867 0.0760435
0.0963247 0.469079 0.0285243 0.0942398 0.137088 9.9982E-05 0.100311 0.0638083 9.9982E-05 0.0104254
0.0469436 0.498362 0.150171 9.9973E-05 0.150444 0.0258792 9.9973E-05 0.0378558 9.9973E-05 0.0900447
0.0658725 0.0265988 0.101863 0.0747484 0.369446 9.9982E-05 0.0483755 9.9982E-05 0.194034 0.118862
0.0430092 0.468334 0.176089 0.0233155 0.0133404 9.9991E-05 0.00893018 0.218074 0.0319203 0.0168871
0.0420337 0.484723 0.0725008 0.00751311 0.099807 9.9982E-05 9.9982E-05 0.0349663 0.180739 0.0775167
0.157799 9.9982E-05 0.176715 9.9982E-05 0.0749525 0.0186521 0.0601463 0.104691 0.39855 0.00829428
0.0901579 0.551707 0.101572 0.0459109 9.9991E-05 0.0636471 0.00228884 0.102925 0.0207741 0.0209169
0.0978483 0.272977 0.186748 0.0101095 0.0779912 9.9982E-05 0.0739241 0.106243 0.173959 9.9982E-05
0.114243 0.341606 0.132589 0.149551 0.0711389 9.9973E-05 9.9973E-05 9.9973E-05 0.111994 0.0785787
0.0357903 0.192766 0.19895 0.0413873 0.0738222 0.0210729 0.0199171 0.066218 0.301933 0.0481431
0.145348 0.224264 9.9973E-05 9.9973E-05 0.097156 0.0451246 0.0453883 9.9973E-05 0.366274 0.0761453
0.108807 0.448607 0.0854757 9.9991E-05 0.0104351 0.00461714 0.0947089 0.000887042 0.19219 0.0541721
0.160382 0.437038 9.9982E-05 0.0636866 0.00537852 0.0364577 9.9982E-05 0.006717 0.128881 0.161258
0.0743658 0.327464 0.000360696 0.130861 0.134068 0.0232867 9.9991E-05 0.0635007 0.177502 0.0684918
0.0337059 9.9973E-05 0.226999 0.129219 0.214842 9.9973E-05 9.9973E-05 0.0428342 0.318835 0.0332651
9.9973E-05 0.49738 0.0351329 0.057977 0.223487 0.00749515 9.9973E-05 9.9973E-05 0.156621 0.0216071
0.0205066 0.391447 0.164752 9.9964E-05 0.114879 9.9964E-05 9.9964E-05 9.9964E-05 0.286928 0.0210878
0.035907 0.466702 0.140817 9.9964E-05 0.16304 9.9964E-05 0.040322 9.9964E-05 0.152812 9.9964E-05
0.125629 0.573092 9.9964E-05 9.9964E-05 9.9964E-05 9.9964E-05 0.0200584 0.0465961 0.167699 0.066525
9.9973E-05 0.0987862 9.9973E-05 0.273299 0.085365 0.110179 0.00012064 0.161379 0.270571 9.9973E-05
9.9946E-05 9.9946E-05 9.9946E-05 0.138515 9.9946E-05 0.0295703 9.9946E-05 0.493138 0.338177 9.9946E-05
9.9946E-05 9.9946E-05 9.9946E-05 0.14433 9.9946E-05 0.0186585 9.9946E-05 0.407208 0.429204 9.9946E-05
9.9964E-05 0.0982232 9.9964E-05 0.269411 0.0220657 0.0624942 9.9964E-05 0.327866 0.21954 9.9964E-05
0.00235246 0.623343 0.059318 9.9955E-05 9.9955E-05 9.9955E-05 0.032967 9.9955E-05 0.28152 9.9955E-05
0.0632183 0.654513 9.9973E-05 9.9973E-05 9.9973E-05 0.0122555 0.0252572 0.106636 0.118268 0.0195516
9.99371E-05 0.246919 9.99371E-05 0.688744 9.99371E-05 9.99371E-05 9.99371E-05 9.99371E-05 9.99371E-05 0.0636376
9.9955E-05 0.226746 0.0623871 0.510089 0.194496 0.00578245 9.9955E-05 9.9955E-05 9.9955E-05 9.9955E-05
0.0993659 0.294607 0.00541159 0.373752 0.110335 0.011408 0.0184024 0.0470189 0.0395994 9.9991E-05
0.079605 0.387392 0.0662827 9.9955E-05 0.0310884 9.9955E-05 9.9955E-05 9.9955E-05 0.435132 9.9955E-05
0.0825402 0.433318 0.152945 0.00348487 9.9991E-05 0.0733755 0.0446412 0.0312382 0.16191 0.0164479
0.138242 0.202623 0.103014 9.9964E-05 0.0737793 0.00605252 9.9964E-05 9.9964E-05 0.475889 9.9964E-05
0.112771 0.56061 0.0541142 9.9964E-05 0.0171924 9.9964E-05 0.0321711 9.9964E-05 0.222741 9.9964E-05
0.0677976 0.454556 0.0316046 0.0137173 0.172464 9.9982E-05 9.9982E-05 0.0388883 0.189424 0.031349
0.0638958 0.555342 9.9964E-05 0.0134768 0.102814 9.9964E-05 0.0670653 9.9964E-05 0.197006 9.9964E-05
0.0323542 0.215643 0.0268584 9.9964E-05 0.220446 9.9964E-05 0.00971606 9.9964E-05 0.494583 9.9964E-05
9.9964E-05 0.612372 0.148733 0.0301348 9.9964E-05 0.0573942 9.9964E-05 9.9964E-05 0.0397108 0.111255
9.9973E-05 0.645507 0.102522 0.0064361 9.9973E-05 0.0329098 0.00252743 9.9973E-05 0.143839 0.065959
0.0148572 0.0126129 9.9955E-05 0.942916 9.9955E-05 9.9955E-05 0.0110239 0.0180899 9.9955E-05 9.9955E-05
0.00898219 0.0833153 9.9946E-05 0.87968 9.9946E-05 9.9946E-05 0.0274228 9.9946E-05 9.9946E-05 9.9946E-05
0.00482232 0.255722 0.085667 0.561056 0.0225865 0.0120404 0.0125564 0.0453497 9.9982E-05 9.9982E-05
9.9955E-05 0.304659 0.00877421 0.650752 9.9955E-05 9.9955E-05 0.0236238 0.0116907 9.9955E-05 9.9955E-05
9.9946E-05 0.143277 9.9946E-05 0.814233 0.0333694 9.9946E-05 9.9946E-05 0.00852117 9.9946E-05 9.9946E-05
9.99201E-05 9.99201E-05 9.99201E-05 0.999101 9.99201E-05 9.99201E-05 9.99201E-05 9.99201E-05 9.99201E-05 9.99201E-05
0.00147063 9.9964E-05 9.9964E-05 0.920676 0.0101725 0.00852344 0.00741406 9.9964E-05 9.9964E-05 0.0513435
9.9928E-05 0.15413 9.9928E-05 0.84507 9.9928E-05 9.9928E-05 9.9928E-05 9.9928E-05 9.9928E-05 9.9928E-05
9.9946E-05 0.0328268 9.9946E-05 0.942463 0.0100284 9.9946E-05 9.9946E-05 9.9946E-05 9.9946E-05 0.0140821
9.99201E-05 9.99201E-05 9.99201E-05 0.999101 9.99201E-05 9.99201E-05 9.99201E-05 9.99201E-05 9.99201E-05 9.99201E-05
9.9928E-05 9.9928E-05 9.9928E-05 0.968685 9.9928E-05 0.0305155 9.9928E-05 9.9928E-05 9.9928E-05 9.9928E-05
9.9955E-05 0.14699 0.00310393 0.708138 9.9955E-05 0.110216 9.9955E-05 9.9955E-05 9.9955E-05 0.0310526
9.9955E-05 0.0788426 0.0490202 0.791515 9.9955E-05 0.00384128 9.9955E-05 9.9955E-05 9.9955E-05 0.0762807
9.9937E-05 9.9937E-05 0.0137902 0.982582 9.9937E-05 0.00292865 9.9937E-05 9.9937E-05 9.9937E-05 9.9937E-05
9.9973E-05 0.306657 0.0903354 0.438019 0.0504321 9.9973E-05 0.0195659 9.9973E-05 0.0381238 0.0565675
9.9955E-05 0.199071 9.9955E-05 0.666413 9.9955E-05 0.042828 9.9955E-05 0.0473295 9.9955E-05 0.0438588
9.9964E-05 0.206495 9.9964E-05 0.680224 9.9964E-05 0.0694411 0.00560169 0.0184431 9.9964E-05 0.019395
9.9955E-05 0.112828 9.9955E-05 0.835646 0.0044906 0.0356991 9.9955E-05 9.9955E-05 9.9955E-05 0.0108365
9.9937E-05 9.9937E-05 9.9937E-05 0.957131 9.9937E-05 9.9937E-05 9.9937E-05 9.9937E-05 0.00410594 0.0380632
0.0235177 0.0091984 9.9955E-05 0.897363 9.9955E-05 0.0326313 9.9955E-05 9.9955E-05 9.9955E-05 0.0367901
9.9937E-05 0.00411616 9.9937E-05 0.959452 9.9937E-05 0.0357324 9.9937E-05 9.9937E-05 9.9937E-05 9.9937E-05
9.9955E-05 0.22071 9.9955E-05 0.598108 9.9955E-05 9.9955E-05 0.0783099 0.0756213 9.9955E-05 0.0267509
0.0352326 9.9973E-05 0.000171857 0.921126 9.9973E-05 0.00242476 0.0194162 0.00405071 9.9973E-05 0.0172779
0.0766678 9.9955E-05 9.9955E-05 0.0466522 0.0129685 9.9955E-05 9.9955E-05 0.323713 0.539499 9.9955E-05
0.0148106 0.405453 0.0446536 0.0760459 0.00337343 0.0687819 0.0988542 0.10803 0.179897 9.9991E-05
9.9982E-05 0.398092 0.0379802 0.0399143 9.9982E-05 0.026875 0.0801792 0.194009 0.20356 0.0191901
0.0382997 0.224833 9.9973E-05 0.0411996 9.9973E-05 0.0593191 0.0317542 0.178302 0.425992 9.9973E-05
0.144027 0.438603 9.9982E-05 0.055148 0.0139513 0.0155734 0.0265172 0.111272 0.194708 9.9982E-05
0.0334383 0.178341 0.050323 0.128069 9.9973E-05 0.0462978 9.9973E-05 0.203924 0.359307 9.9973E-05
0.064621 0.388865 0.0475034 0.0833773 0.0244391 0.0253999 0.0456439 0.128441 0.111786 0.0799236
0.0157815 0.382998 0.0285306 0.133461 9.9982E-05 0.0374479 0.00650303 0.0608718 0.334206 9.9982E-05
9.9955E-05 0.353084 9.9955E-05 0.193386 9.9955E-05 0.0987469 9.9955E-05 9.9955E-05 0.235714 0.118569
9.9964E-05 0.349604 9.9964E-05 0.117263 9.9964E-05 0.0537883 9.9964E-05 0.105591 0.367264 0.006089
9.9964E-05 0.519898 0.0612146 0.0552277 9.9964E-05 0.00227426 9.9964E-05 0.151361 0.209625 9.9964E-05
0.00666263 0.0798538 9.9964E-05 9.9964E-05 9.9964E-05 9.9964E-05 0.0215236 0.761706 0.0333903 0.0964642
0.0332482 9.9964E-05 9.9964E-05 0.0556927 9.9964E-05 0.0465906 9.9964E-05 0.824855 0.0060441 0.0331698
9.9955E-05 0.000827628 9.9955E-05 9.9955E-05 9.9955E-05 0.028431 9.9955E-05 0.913146 0.0157684 0.0413272
9.9964E-05 0.0116466 0.00284678 9.9964E-05 9.9964E-05 0.00367603 0.0235592 0.909204 9.9964E-05 0.0486679
9.9955E-05 9.9955E-05 9.9955E-05 9.9955E-05 0.0487257 0.0902473 9.9955E-05 0.80238 0.0307996 0.0273478
0.026415 9.9955E-05 9.9955E-05 0.0836092 0.00641692 0.0522695 9.9955E-05 0.83079 9.9955E-05 9.9955E-05
9.9973E-05 0.0486323 0.0205268 0.0275947 0.011229 0.0536828 9.9973E-05 0.836726 9.9973E-05 0.00130837
0.0217073 0.0283648 9.9973E-05 9.9973E-05 0.010082 0.0157286 9.9973E-05 0.857291 0.0400539 0.0264729
9.9955E-05 9.9955E-05 0.0437429 0.0155863 0.0233188 0.0163623 9.9955E-05 0.90049 9.9955E-05 9.9955E-05
9.9964E-05 0.0206923 9.9964E-05 0.0926813 9.9964E-05 0.0210118 9.9964E-05 0.824019 0.0267845 0.014411
9.9955E-05 9.9955E-05 0.0950986 9.9955E-05 0.213034 0.0782085 0.067302 0.545857 9.9955E-05 9.9955E-05
0.0223558 9.9946E-05 9.9946E-05 9.9946E-05 0.271317 9.9946E-05 0.111543 0.594184 9.9946E-05 9.9946E-05
9.9973E-05 9.9973E-05 0.00750202 9.9973E-05 0.226166 0.0449065 0.0578436 0.474086 0.106866 0.0823304
9.9946E-05 9.9946E-05 0.0662761 9.9946E-05 0.357544 9.9946E-05 0.0950461 0.480534 9.9946E-05 9.9946E-05
0.00411514 0.452633 0.229495 9.9982E-05 0.178096 0.0606066 9.9982E-05 0.00625318 0.0393354 0.0292662
0.016802 0.550863 0.189028 9.9964E-05 0.109785 9.9964E-05 0.0827963 0.0503259 9.9964E-05 9.9964E-05
0.0191123 0.583894 0.218527 9.9964E-05 9.9964E-05 0.000948654 9.9964E-05 0.0403288 9.9964E-05 0.13679
9.9964E-05 0.382787 0.164428 9.9964E-05 0.298298 0.0158972 9.9964E-05 9.9964E-05 0.0943537 0.043836
9.9955E-05 0.0878169 0.150458 9.9955E-05 0.491776 9.9955E-05 0.0394814 9.9955E-05 9.9955E-05 0.229968
0.0909164 0.492251 0.165964 0.0938424 9.9991E-05 0.0649543 0.0216953 0.0359481 0.0155115 0.018818
0.0283719 0.494491 0.320802 0.00975061 0.0625719 0.00720106 9.9973E-05 9.9973E-05 9.9973E-05 0.0765115
0.0687286 0.510446 0.279656 9.9973E-05 0.0573475 9.9973E-05 0.0216367 0.0141781 0.0477076 9.9973E-05
0.0313177 0.368666 0.502966 0.00440046 9.9964E-05 9.9964E-05 0.0237339 9.9964E-05 9.9964E-05 0.0685167
9.9964E-05 0.592254 0.154719 0.047937 9.9964E-05 9.9964E-05 0.0129301 9.9964E-05 0.0578857 0.133874
0.0621227 0.460049 0.290376 9.9973E-05 0.00685401 0.00371709 0.0946624 9.9973E-05 9.9973E-05 0.0819191
0.131838 9.9946E-05 0.732893 9.9946E-05 9.9946E-05 9.9946E-05 9.9946E-05 9.9946E-05 0.0588074 0.0758619
0.0704411 0.571406 0.0660454 9.9982E-05 0.0927483 0.0448186 0.0608735 0.0525468 9.9982E-05 0.0409206
0.0698139 0.227702 0.477874 9.9955E-05 9.9955E-05 0.0459286 9.9955E-05 9.9955E-05 0.178182 9.9955E-05
0.0928453 0.521301 0.311726 9.9973E-05 0.0375133 0.0108203 0.0199264 9.9973E-05 9.9973E-05 0.00556771
9.9964E-05 0.0649102 0.686371 9.9964E-05 0.0460288 9.9964E-05 0.0585274 0.0198144 9.9964E-05 0.123948
9.9946E-05 9.9946E-05 9.9946E-05 9.9946E-05 9.9946E-05 9.9946E-05 0.876975 0.0344213 0.050032 0.0379715
9.9928E-05 0.0121844 9.9928E-05 9.9928E-05 9.9928E-05 9.9928E-05 0.987016 9.9928E-05 9.9928E-05 9.9928E-05
9.99201E-05 9.99201E-05 9.99201E-05 9.99201E-05 9.99201E-05 9.99201E-05 0.999101 9.99201E-05 9.99201E-05 9.99201E-05
9.9946E-05 9.9946E-05 0.0525353 9.9946E-05 9.9946E-05 9.9946E-05 0.879961 0.0203262 9.9946E-05 0.0465781
9.9937E-05 9.9937E-05 9.9937E-05 9.9937E-05 0.0790628 0.0129914 0.907246 9.9937E-05 9.9937E-05 9.9937E-05
9.9937E-05 0.0216026 9.9937E-05 0.0406353 9.9937E-05 9.9937E-05 0.937062 9.9937E-05 9.9937E-05 9.9937E-05
9.9964E-05 0.0337668 9.9964E-05 0.0430081 0.0348594 0.0821531 0.0161428 0.78967 9.9964E-05 9.9964E-05
9.9964E-05 0.0723127 9.9964E-05 0.0382857 0.0300711 9.9964E-05 0.0060447 0.798582 9.9964E-05 0.0543041
9.9955E-05 0.0873261 9.9955E-05 0.118856 9.9955E-05 0.0398929 0.038429 0.714996 9.9955E-05 9.9955E-05
9.9964E-05 0.00114416 9.9964E-05 0.130066 0.0789265 0.0468706 9.9964E-05 0.710255 9.9964E-05 0.0323369
9.9964E-05 0.0668459 9.9964E-05 0.107859 0.0126626 0.0413206 9.9964E-05 0.731172 9.9964E-05 0.0397404
9.9973E-05 9.9973E-05 0.010659 9.9973E-05 0.0267495 0.0278919 0.154553 0.319036 0.0690428 0.391769
0.0146121 9.9973E-05 0.0936019 9.9973E-05 9.9973E-05 0.00813303 0.175037 0.437095 0.0297337 0.241487
0.0570202 9.9964E-05 0.0694609 9.9964E-05 9.9964E-05 0.0488481 0.174614 0.382348 9.9964E-05 0.267309
9.99201E-05 9.99201E-05 9.99201E-05 9.99201E-05 9.99201E-05 0.999101 9.99201E-05 9.99201E-05 9.99201E-05 9.99201E-05
0.00861509 9.9973E-05 0.0625701 9.9973E-05 9.9973E-05 0.039367 0.293475 0.30922 0.0145538 0.271899
0.0847439 0.271596 9.9964E-05 0.343488 9.9964E-05 9.9964E-05 9.9964E-05 0.19113 0.104626 0.00401633
9.9973E-05 0.622637 9.9973E-05 0.145666 0.00596389 0.0418374 9.9973E-05 0.141538 0.0184803 0.0235774
9.9955E-05 0.584854 9.9955E-05 0.192482 9.9955E-05 0.0202192 0.0394628 0.162482 9.9955E-05 9.9955E-05
9.9973E-05 0.295214 0.0952906 0.200587 9.9973E-05 0.000285038 0.0511176 0.294409 0.0627967 9.9973E-05
0.0369277 0.383289 0.0570993 0.207403 0.0952687 0.0320333 9.9991E-05 0.128034 0.0175114 0.0423331
9.9937E-05 9.9937E-05 9.9937E-05 0.29584 9.9937E-05 9.9937E-05 9.9937E-05 0.420423 0.283037 9.9937E-05
0.0344338 0.365376 0.0605555 9.9973E-05 0.247712 9.9973E-05 0.0793821 9.9973E-05 0.107475 0.104766
0.140641 0.343024 0.0894106 9.9973E-05 0.198141 9.9973E-05 0.00216894 9.9973E-05 0.136006 0.0903081
9.9964E-05 0.173773 9.9964E-05 9.9964E-05 0.583058 0.0451505 0.082115 0.0592279 9.9964E-05 0.0562757
0.290459 0.398798 0.0235402 9.9964E-05 0.199496 9.9964E-05 0.0397527 9.9964E-05 9.9964E-05 0.0475542
0.320254 9.9955E-05 0.170551 9.9955E-05 0.203225 9.9955E-05 9.9955E-05 9.9955E-05 0.304727 0.000742699
0.112224 0.520265 9.9973E-05 9.9973E-05 0.161988 0.052915 9.9973E-05 0.00875638 0.117797 0.0257538
0.172359 0.414625 0.0411994 9.9991E-05 0.180268 0.0117774 0.00497767 0.0569346 0.0693776 0.0483806
0.0484914 0.259468 0.0231994 9.9973E-05 0.55646 0.0212894 9.9973E-05 9.9973E-05 0.00342168 0.0873696
0.0167826 0.431351 0.112827 0.0286339 0.227642 9.9973E-05 9.9973E-05 0.0891661 9.9973E-05 0.0932971
0.0686335 0.0326405 0.0450571 9.9964E-05 0.590948 9.9964E-05 0.000484295 9.9964E-05 0.261836 9.9964E-05
0.0972897 0.373549 0.112721 0.0429716 0.121997 0.0213447 0.0302045 0.00961015 0.0966092 0.0937031
0.00252001 0.481611 0.135863 9.9982E-05 0.135661 0.0228196 0.0684133 9.9982E-05 0.0240528 0.12886
0.0285949 0.335093 0.0776122 0.161307 0.186281 9.9982E-05 0.00861745 0.14502 0.0572741 9.9982E-05
0.243276 0.297949 9.9964E-05 0.0013887 0.377829 9.9964E-05 9.9964E-05 9.9964E-05 0.0632465 0.015912
0.143307 0.374225 0.0978313 9.9982E-05 0.211089 0.0274123 0.0912048 9.9982E-05 0.0407794 0.0139517
0.147802 0.431332 0.0318559 0.0809874 0.0828983 9.9982E-05 0.0146273 9.9982E-05 0.144733 0.0655635
0.0564344 0.474888 0.0978692 9.9973E-05 0.174036 9.9973E-05 0.101083 9.9973E-05 0.072347 0.0230425
0.0738358 0.587427 0.00423556 0.0596799 0.160838 9.9991E-05 0.0215459 0.00473779 0.0282319 0.0593683
0.0781298 0.473591 0.123508 0.0627556 0.121061 9.9982E-05 9.9982E-05 0.0303336 0.0172785 0.0931424
9.9973E-05 0.384921 0.176087 0.0670309 0.194579 9.9973E-05 9.9973E-05 0.0750984 0.0503871 0.0515966
9.9946E-05 0.146341 9.9946E-05 0.0854907 9.9946E-05 9.9946E-05 9.9946E-05 0.737162 9.9946E-05 0.0304066
0.0397274 0.108639 0.00931011 0.00658059 9.9964E-05 0.0360281 9.9964E-05 0.799315 9.9964E-05 9.9964E-05
9.9955E-05 0.0519365 0.0344152 9.9955E-05 9.9955E-05 9.9955E-05 9.9955E-05 0.774228 0.0301752 0.108745
0.0268886 9.9964E-05 0.0797113 0.0234719 9.9964E-05 0.0623451 0.0583589 0.748824 9.9964E-05 9.9964E-05
9.9946E-05 0.141798 9.9946E-05 9.9946E-05 9.9946E-05 0.059685 0.0294746 0.768443 9.9946E-05 9.9946E-05
9.9973E-05 0.146579 0.0109154 9.9973E-05 0.6198 9.9973E-05 0.0385709 0.0616316 0.0413303 0.0808737
0.152269 0.389548 0.10484 0.109054 0.195895 0.00458104 9.9991E-05 0.0359399 0.000103386 0.00767043
9.99657E-05 0.394907 0.036281 0.144579 0.0727421 9.99657E-05 9.99657E-05 0.263775 0.087316 9.99657E-05
9.9964E-05 0.562434 0.047531 0.0940791 0.118752 0.0480155 9.9964E-05 9.9964E-05 9.9964E-05 0.128788
0.0401334 0.408165 0.0926118 0.034126 0.278751 9.9973E-05 9.9973E-05 0.0681362 9.9973E-05 0.0777759
0.152531 0.185786 0.0541811 0.0302564 0.281642 0.0416667 0.0502345 9.9991E-05 0.101765 0.101838
9.9973E-05 9.9973E-05 0.00735204 9.9973E-05 0.601564 0.0377284 0.028434 0.102846 0.0828168 0.138959
0.0807083 0.47375 0.0679977 9.9973E-05 0.149973 0.0169181 0.0604523 9.9973E-05 9.9973E-05 0.1499
0.162266 0.0575749 0.0155648 0.0369818 0.381829 0.0288665 0.0495726 0.077534 0.0166061 0.173205
0.093207 0.305309 0.0994526 0.137261 0.131364 9.9982E-05 0.153805 9.9982E-05 0.0501351 0.0292662
0.113217 9.9964E-05 0.0245903 9.9964E-05 0.542263 9.9964E-05 0.129811 0.159675 9.9964E-05 0.030044
0.00932464 0.597963 0.0363557 0.0690962 0.0754425 0.00253845 0.0579212 0.0383196 9.9991E-05 0.112939
9.9973E-05 0.145191 0.00928502 9.9973E-05 0.536003 0.0329911 0.00617219 0.0791077 9.9973E-05 0.190951
0.0579484 0.311052 9.9973E-05 0.02175 0.40662 9.9973E-05 9.9973E-05 0.02528 0.107505 0.069544
0.0421555 0.427172 0.119171 9.9982E-05 0.113605 0.0598213 0.0219061 9.9982E-05 0.153953 0.0620155
0.0590906 0.352838 9.9964E-05 9.9964E-05 0.0620551 9.9964E-05 0.0466893 9.9964E-05 0.426189 0.0527379
0.0179325 0.442755 0.00301152 0.0410926 0.167173 0.0278448 0.073857 0.0442372 0.181997 9.9991E-05
0.00170685 0.493136 9.9973E-05 0.103004 0.0895122 9.9973E-05 0.0598605 0.073213 0.179268 9.9973E-05
0.0278353 0.365796 0.0502965 9.9973E-05 0.0300989 9.9973E-05 0.0152692 9.9973E-05 0.406148 0.104256
0.0811761 0.513854 0.0922962 0.0135229 9.9973E-05 0.0253407 0.0720422 9.9973E-05 0.201468 9.9973E-05
0.0605356 0.519912 0.0939105 9.9964E-05 9.9964E-05 0.0136513 0.0649851 9.9964E-05 0.246606 9.9964E-05
0.156077 0.0974927 0.0931393 9.9964E-05 0.119829 9.9964E-05 0.0640752 9.9964E-05 0.468987 9.9964E-05
9.9946E-05 0.285856 0.100303 9.9946E-05 9.9946E-05 9.9946E-05 0.0478074 9.9946E-05 0.565434 9.9946E-05
0.00953923 0.544038 0.0157913 9.9964E-05 9.9964E-05 9.9964E-05 0.0828146 9.9964E-05 0.304068 0.043349
0.0605563 0.187433 0.231259 9.9973E-05 0.0495686 9.9973E-05 0.0499156 9.9973E-05 0.417182 0.00378651
9.9955E-05 0.45135 0.13503 9.9955E-05 0.093169 9.9955E-05 9.9955E-05 9.9955E-05 0.263036 0.0569155
0.00125513 9.9973E-05 0.0747439 9.9973E-05 0.707906 0.01074 0.0563858 0.0193603 9.9973E-05 0.129309
0.256821 0.156064 9.9973E-05 0.0463144 0.420058 9.9973E-05 0.0202396 9.9973E-05 0.0152455 0.0849576
0.0717474 0.244515 0.107539 0.0814978 0.3246 0.0472329 9.9973E-05 9.9973E-05 9.9973E-05 0.122568
0.0630188 0.450495 0.110104 0.117677 0.176933 9.9973E-05 9.9973E-05 9.9973E-05 0.0247863 0.0566861
0.0267506 0.129036 0.194789 0.0376129 0.40456 9.9973E-05 0.0270574 9.9973E-05 9.9973E-05 0.179894
0.189002 0.425103 0.0367747 0.0714967 0.126543 0.0232447 0.0268301 9.9991E-05 0.0665599 0.0343457
9.9973E-05 0.471802 0.0519882 0.0753949 0.200674 0.0639923 9.9973E-05 9.9973E-05 0.0261437 0.109704
0.0215603 0.466551 0.0353264 0.00467067 0.210385 9.9991E-05 0.0387072 0.0643488 0.0646004 0.09375
0.0775037 0.40457 0.0620162 0.0991111 0.175046 0.00860381 0.0391701 0.0132485 9.9991E-05 0.12063
9.9973E-05 0.368212 0.112131 0.041731 0.258164 0.0421915 0.0439587 9.9973E-05 9.9973E-05 0.133312
9.9964E-05 0.127838 0.0856751 0.0681287 0.522702 9.9964E-05 0.0573953 9.9964E-05 9.9964E-05 0.137861
0.0632772 0.279233 0.0918068 0.0854159 0.137788 9.9973E-05 9.9973E-05 0.0121959 9.9973E-05 0.329984
0.198175 0.541309 9.9955E-05 9.9955E-05 0.203344 9.9955E-05 0.00598277 9.9955E-05 9.9955E-05 0.0506896
9.9964E-05 0.558656 9.9964E-05 0.00964225 0.217113 0.0468779 9.9964E-05 9.9964E-05 0.0121526 0.155158
0.136043 0.423264 0.0446029 9.9991E-05 0.142685 0.00406315 0.0287736 0.0618628 0.0957205 0.0628851
0.149412 0.42803 9.9973E-05 0.0553453 0.195374 9.9973E-05 0.0381415 0.0108784 9.9973E-05 0.122518
9.9982E-05 0.276325 9.9982E-05 0.0108084 0.279415 0.0160122 0.00851661 0.0894693 0.0945517 0.224701
9.9955E-05 0.639476 0.0407342 9.9955E-05 0.110842 9.9955E-05 0.061142 9.9955E-05 9.9955E-05 0.147306
9.9973E-05 0.501452 0.0622998 0.0513926 0.261754 9.9973E-05 0.0495016 9.9973E-05 0.0345137 0.0387866
0.0881982 0.425715 0.000933021 0.0541124 0.154059 9.9982E-05 9.9982E-05 0.153077 0.0504153 0.0732901
9.9982E-05 0.380605 0.000598432 0.0771463 0.134714 0.0544397 9.9982E-05 0.273923 0.0714334 0.00694013
9.9973E-05 0.415337 0.118103 0.236608 0.0109325 9.9973E-05 9.9973E-05 0.124277 0.0573569 0.0370853
0.0559302 0.474621 0.0185745 0.09291 0.0206873 0.0950293 0.0534152 0.0868045 0.0868566 0.0151717
0.0415297 0.522932 0.117612 0.123489 0.0258016 0.0646096 0.0404347 0.00462103 0.0455534 0.0134161
0.10647 0.300718 0.0157889 0.226683 0.139414 9.9964E-05 9.9964E-05 0.210526 9.9964E-05 9.9964E-05
0.0778797 0.409514 9.9955E-05 9.9955E-05 0.354741 9.9955E-05 0.028338 9.9955E-05 0.129027 9.9955E-05
0.0307376 0.50493 0.0974784 0.0986733 9.9982E-05 0.0579868 0.0251344 0.117729 9.9982E-05 0.0671303
9.9964E-05 0.025975 0.0632758 0.118803 0.142607 9.9964E-05 9.9964E-05 0.204231 0.444708 9.9964E-05
0.14032 0.424224 9.9964E-05 0.129577 0.160857 0.0939667 9.9964E-05 0.0506555 9.9964E-05 9.9964E-05
9.9991E-05 0.479376 0.0912802 0.147887 0.0627473 0.0573296 0.00633598 0.0731709 0.000721494 0.0810518
0.137016 0.351248 9.9982E-05 0.275124 0.124755 0.0253481 0.0164917 0.0471982 9.9982E-05 0.0226196
0.0817926 0.211217 0.0513852 0.164836 0.222319 0.0516395 9.9982E-05 0.104462 0.112149 9.9982E-05
0.0132991 0.600735 9.9982E-05 0.0361301 0.0310064 0.00421521 9.9982E-05 0.159286 0.0585185 0.0966097
0.023423 0.528507 9.9982E-05 0.124382 0.0383052 0.0821944 9.9982E-05 0.0873686 0.0969378 0.018682
0.0378727 9.9964E-05 0.0165677 0.189357 9.9964E-05 0.0418854 9.9964E-05 0.394703 0.319215 9.9964E-05
0.0297544 0.447695 9.9982E-05 0.198681 0.072902 0.0404308 0.0550274 0.121665 0.0336445 9.9982E-05
9.9964E-05 0.522225 9.9964E-05 0.175367 0.049881 0.00509401 9.9964E-05 0.124587 0.122446 9.9964E-05
9.9982E-05 0.574309 0.0342942 0.155541 0.030926 9.9982E-05 0.0457869 0.113332 0.0286728 0.0169381
9.9964E-05 0.593173 9.9964E-05 0.144211 9.9964E-05 0.00906998 9.9964E-05 0.173026 0.065429 0.0146921
0.0162645 0.55309 9.9982E-05 0.0729009 0.106299 0.0781188 9.9982E-05 0.129885 0.00517034 0.0380713
0.398006 0.301013 0.124062 0.0459275 9.9964E-05 0.107581 9.9964E-05 9.9964E-05 9.9964E-05 0.0230103
0.237995 0.462285 9.9964E-05 9.9964E-05 0.180723 0.0353039 9.9964E-05 0.0653398 9.9964E-05 0.0179536
0.811241 9.9946E-05 0.0398194 9.9946E-05 0.127709 9.9946E-05 0.0206308 9.9946E-05 9.9946E-05 9.9946E-05
0.839048 9.9964E-05 0.0470223 9.9964E-05 0.00901929 9.9964E-05 9.9964E-05 0.020504 0.0284231 0.055583
0.269101 0.410013 9.9973E-05 0.0797385 0.126849 0.0480219 9.9973E-05 0.0377659 9.9973E-05 0.0282115
0.0411134 0.40343 0.0201001 0.284934 0.019933 9.9982E-05 9.9982E-05 0.108186 0.0867498 0.035354
0.244092 0.301748 9.9955E-05 0.31615 9.9955E-05 9.9955E-05 9.9955E-05 0.134096 0.00341382 9.9955E-05
0.217358 0.12114 0.0220643 0.304639 0.0411103 0.0214905 9.9982E-05 0.127291 0.144707 9.9982E-05
0.181475 0.31387 9.9964E-05 0.294885 0.0438555 0.0376974 9.9964E-05 0.127817 9.9964E-05 9.9964E-05
0.669153 0.0440983 9.9955E-05 0.0602861 9.9955E-05 9.9955E-05 9.9955E-05 0.0665611 0.159402 9.9955E-05
0.680982 0.0895179 9.9973E-05 0.0781035 9.9973E-05 0.0103249 9.9973E-05 0.108601 0.027422 0.00474863
0.332958 0.505653 0.00728427 0.0893548 9.9964E-05 0.0420709 0.0222795 9.9964E-05 9.9964E-05 9.9964E-05
0.490211 0.395172 9.9946E-05 0.0593082 9.9946E-05 9.9946E-05 9.9946E-05 0.0547098 9.9946E-05 9.9946E-05
0.74942 0.047433 9.9946E-05 0.146551 9.9946E-05 0.055997 9.9946E-05 9.9946E-05 9.9946E-05 9.9946E-05
0.259713 0.469817 0.104477 0.0831899 9.9973E-05 0.0156098 9.9973E-05 0.0224291 9.9973E-05 0.0444647
0.306242 0.541669 9.9973E-05 0.0695614 0.00394195 9.9973E-05 9.9973E-05 0.00104818 0.0286826 0.0485543
0.189434 0.482105 0.0699281 0.0775378 0.00258328 0.0291781 9.9973E-05 0.148934 9.9973E-05 9.9973E-05
0.52961 0.224998 9.9955E-05 9.9955E-05 0.198928 9.9955E-05 0.0181917 9.9955E-05 9.9955E-05 0.0277732
0.421022 0.286317 0.122384 9.9973E-05 0.120899 0.0241565 0.010649 9.9973E-05 0.014273 9.9973E-05
0.311483 0.491723 0.0273834 9.9955E-05 9.9955E-05 9.9955E-05 0.109824 0.0590863 9.9955E-05 9.9955E-05
0.357559 0.257109 0.0222823 0.104571 9.9982E-05 0.0110422 0.108075 9.9982E-05 0.0362034 0.102957
0.133236 0.39966 0.000985586 0.103814 0.0875502 0.0073874 9.9991E-05 0.0686866 0.0779643 0.120616
0.371751 0.433262 9.9955E-05 9.9955E-05 0.106328 9.9955E-05 0.00449802 9.9955E-05 0.0836612 9.9955E-05
0.761589 0.198684 9.9937E-05 9.9937E-05 9.9937E-05 9.9937E-05 0.0390281 9.9937E-05 9.9937E-05 9.9937E-05
0.273206 0.564513 0.011588 0.0126178 9.9973E-05 9.9973E-05 0.0292596 0.0404661 0.0680489 9.9973E-05
0.717325 0.159952 0.0628138 9.9946E-05 9.9946E-05 9.9946E-05 0.059309 9.9946E-05 9.9946E-05 9.9946E-05
0.532473 0.347981 9.9946E-05 0.0182662 9.9946E-05 9.9946E-05 0.10068 9.9946E-05 9.9946E-05 9.9946E-05
0.207485 0.455206 0.110715 0.0286983 0.0331876 0.0823948 0.00978706 0.0444281 9.9991E-05 0.0279983
0.326206 0.440299 0.151488 0.018234 0.0140057 0.00599475 9.9973E-05 9.9973E-05 9.9973E-05 0.0434725
9.9964E-05 0.471489 9.9964E-05 0.212747 9.9964E-05 0.00467403 0.0843974 0.0966816 0.129611 9.9964E-05
0.0322745 0.408962 0.00325947 0.0905587 0.127644 0.0152115 0.00107892 0.0825361 0.166523 0.0719526
0.0484073 0.363763 9.9973E-05 0.214037 0.0214077 9.9973E-05 9.9973E-05 0.166615 0.139698 0.0457721
0.0607981 0.353393 9.9973E-05 0.170952 9.9973E-05 0.0196847 0.128263 0.125735 0.140875 9.9973E-05
9.9982E-05 0.464002 0.0735369 0.169913 0.0445923 0.0255386 9.9982E-05 0.0760686 0.0436688 0.10248
0.210603 0.339528 9.9973E-05 0.202415 9.9973E-05 0.0183908 9.9973E-05 0.13682 0.0641376 0.0278054
0.615236 9.9955E-05 9.9955E-05 0.0801756 9.9955E-05 9.9955E-05 0.0152078 0.2322 0.0566811 9.9955E-05
0.0989416 0.548667 9.9973E-05 0.178873 9.9973E-05 0.0228476 0.0612133 0.0411629 9.9973E-05 0.0479951
0.414358 9.9955E-05 9.9955E-05 0.0794693 9.9955E-05 0.00828442 9.9955E-05 0.374889 0.122499 9.9955E-05
0.300823 0.469162 9.9946E-05 0.163275 9.9946E-05 9.9946E-05 9.9946E-05 0.0661405 9.9946E-05 9.9946E-05
0.81757 0.063808 0.117923 9.9937E-05 9.9937E-05 9.9937E-05 9.9937E-05 9.9937E-05 9.9937E-05 9.9937E-05
0.869147 9.9937E-05 0.126703 9.9937E-05 9.9937E-05 9.9937E-05 9.9937E-05 9.9937E-05 0.00345045 9.9937E-05
