0.00628197 0.914634 0.010565 0.0169557 9.9973E-05 9.9973E-05 0.0512634 9.9973E-05
0.0150927 0.958759 0.0135367 9.9964E-05 9.9964E-05 9.9964E-05 0.0122118 9.9964E-05
0.0524625 0.870785 9.9982E-05 0.0370112 0.023102 0.00138046 0.0150589 9.9982E-05
9.9964E-05 0.797572 0.0264203 0.0394475 0.13616 9.9964E-05 9.9964E-05 9.9964E-05
9.9955E-05 0.890503 9.9955E-05 0.0211529 0.0878445 9.9955E-05 9.9955E-05 9.9955E-05
0.00208228 0.613887 9.9982E-05 0.0980189 0.101209 0.139904 0.0446987 9.9982E-05
9.9964E-05 0.774596 9.9964E-05 0.0206813 0.0172889 0.187034 9.9964E-05 9.9964E-05
9.9982E-05 0.705563 0.0232786 0.0635648 0.0397782 0.165336 0.00227911 9.9982E-05
9.99639E-05 0.809918 0.121233 0.0198038 9.99639E-05 0.0486449 9.99639E-05 9.99639E-05
0.00312221 0.726331 0.0190705 0.0374654 0.064348 0.136849 0.0127145 9.9991E-05
9.9973E-05 0.740713 0.0110113 0.0111225 0.112127 0.124727 9.9973E-05 9.9973E-05
0.0292246 0.0109307 0.683853 9.9982E-05 0.187833 0.0787132 0.00924518 9.9982E-05
0.0323102 0.05032 0.339814 9.9982E-05 0.53191 0.0235741 0.0218717 9.9982E-05
0.00143896 9.9982E-05 0.616947 9.9982E-05 0.217188 0.0834781 0.0663822 0.0143659
9.9973E-05 0.013156 0.584287 9.9973E-05 0.286679 0.0292733 0.0863045 9.9973E-05
9.9973E-05 0.0827054 0.396713 9.9973E-05 0.427453 0.0292096 0.0636185 9.9973E-05
9.9982E-05 0.0197523 0.340701 9.9982E-05 0.510711 0.0511432 0.069274 0.00821789
0.0376073 0.0205492 0.377771 9.9982E-05 0.494288 0.0308375 0.0387468 9.9982E-05
9.9973E-05 0.0599925 0.519338 9.9973E-05 0.251788 0.0919086 0.0766734 9.9973E-05
9.9964E-05 0.0029589 0.856582 9.9964E-05 0.0270049 0.113054 9.9964E-05 9.9964E-05
0.0668995 0.00930919 0.393739 9.9982E-05 0.431376 0.063276 0.0352 9.9982E-05
0.0168658 9.9982E-05 0.222108 9.9982E-05 0.399592 0.181533 0.0804068 0.0992949
0.113229 0.0291048 0.241008 0.0347848 0.534051 0.0228775 0.0248455 9.9991E-05
9.9973E-05 0.020218 0.607775 9.9973E-05 0.189982 0.123719 0.0580058 9.9973E-05
9.9982E-05 0.11047 0.110246 9.9982E-05 0.632698 0.0265099 0.024635 0.0952412
0.0332481 0.00821359 0.360958 9.9982E-05 0.526381 0.0392464 0.0317529 9.9982E-05
0.0154621 0.0447778 0.675609 9.9973E-05 0.222914 0.0409367 9.9973E-05 9.9973E-05
9.9973E-05 0.0143834 0.606339 9.9973E-05 0.229585 0.0839386 0.0654538 9.9973E-05
0.0289018 9.9964E-05 0.61905 9.9964E-05 0.194058 0.157591 9.9964E-05 9.9964E-05
9.9964E-05 0.892814 9.9964E-05 9.9964E-05 0.0852746 9.9964E-05 0.013748 0.00776353
9.9955E-05 0.86971 9.9955E-05 9.9955E-05 0.126902 9.9955E-05 0.00288842 9.9955E-05
0.000754966 0.800122 0.00714023 9.9973E-05 0.11669 9.9973E-05 0.0749934 9.9973E-05
0.0139375 0.750681 9.99665E-05 9.99665E-05 0.157982 9.99665E-05 0.0769991 9.99665E-05
0.176689 0.0516186 0.065022 0.062559 0.515314 0.128597 9.9982E-05 9.9982E-05
0.221169 0.0932469 0.104498 9.9991E-05 0.502445 0.0373435 0.0344308 0.00676742
0.428496 0.00108085 9.9982E-05 0.0126702 0.526226 0.0103447 0.0209824 9.9982E-05
0.0244718 0.019517 0.736519 0.017005 0.169128 9.9982E-05 9.9982E-05 0.0331587
0.575534 9.9973E-05 9.9973E-05 9.9973E-05 0.257117 0.131076 0.0196304 0.0163421
0.226252 0.0942715 0.113922 9.9982E-05 0.518875 9.9982E-05 0.0271384 0.019341
0.232959 0.0377891 9.9991E-05 0.0155546 0.651106 0.0145351 0.0131221 0.0348349
0.0793464 0.0635406 0.0381323 0.0693905 0.540727 0.208663 9.9982E-05 9.9982E-05
0.130547 0.0895506 0.0868654 0.0315906 0.574582 0.0702268 9.9991E-05 0.016538
0.659732 0.0307208 0.177627 9.9964E-05 0.131521 9.9964E-05 9.9964E-05 9.9964E-05
9.999E-05 0.0231062 0.0263381 0.0320322 0.666464 0.232954 0.0119293 0.00707653
0.214751 0.0743936 0.0541064 0.0259785 0.589335 9.9991E-05 0.0133234 0.0280117
0.12125 0.112112 0.0385788 0.0334292 0.588363 0.0833738 9.9991E-05 0.0227931
0.567084 9.9964E-05 9.9964E-05 9.9964E-05 0.324898 0.0490173 9.9964E-05 0.0586005
0.25768 0.107253 0.0267008 9.9973E-05 0.596487 9.9973E-05 0.0115787 9.9973E-05
0.184075 0.0947078 0.00127739 0.0752368 0.532666 0.04852 0.0634168 9.9991E-05
0.664243 9.9955E-05 9.9955E-05 9.9955E-05 9.9955E-05 0.315799 9.9955E-05 0.0194578
0.0705516 9.9982E-05 0.591198 0.110086 0.143409 0.0560586 9.9982E-05 0.0284968
0.0943178 9.9982E-05 0.307331 9.9982E-05 0.155172 0.276898 0.0238311 0.14225
0.00314092 0.0595844 0.228076 0.0021016 0.514255 0.0279761 0.0870265 0.07784
0.0208449 0.0605742 0.130468 0.0326903 0.57888 0.0603533 0.0444081 0.0717816
0.00558223 0.066776 0.141243 9.9991E-05 0.557885 0.0620569 0.0419897 0.124367
0.125351 0.123294 0.46934 0.0640577 0.179573 0.0368493 0.00143501 9.9991E-05
0.00890708 0.00633396 0.371417 0.0335604 0.536132 9.9982E-05 9.9982E-05 0.0434503
0.0886618 0.0467803 0.188744 0.0157572 0.540271 0.0695531 0.050132 9.9991E-05
0.0565461 0.0929562 0.291546 0.0263375 0.38733 0.0745781 0.00883455 0.0618709
0.0415468 0.137945 0.533214 0.0452966 0.138766 0.103031 9.9982E-05 9.9982E-05
0.102722 0.0396079 0.197192 0.00756254 0.510829 0.0480898 0.0476184 0.0463783
0.036809 0.0861454 0.289223 0.0238641 0.48319 0.00543219 0.00219238 0.0731437
0.107115 0.0824856 0.620874 0.0319583 0.0412301 0.0988424 9.9991E-05 0.0173947
0.0793042 9.9973E-05 0.46425 0.0115788 0.401739 9.9973E-05 9.9973E-05 0.0428284
0.000715766 0.0173075 0.151282 9.9991E-05 0.576227 0.0712506 0.051818 0.131299
0.00167606 0.0703507 0.262694 9.9982E-05 0.611979 0.00711845 9.9982E-05 0.0459815
0.0891849 0.0567241 0.486415 9.9991E-05 0.256198 0.0679907 0.0402767 0.00311081
0.0648406 0.0484356 0.247914 0.0264112 0.488242 0.0175947 0.0582036 0.0483587
0.0178224 0.0534756 0.195642 0.0180505 0.548405 9.9991E-05 0.0684498 0.0980541
0.0603722 0.034308 0.58196 0.0160452 0.205299 0.0796205 9.9991E-05 0.0222952
0.477157 0.0109464 0.0123296 9.9973E-05 0.496541 0.0027256 9.9973E-05 9.9973E-05
0.691044 0.0236155 0.0792184 9.9964E-05 0.205722 9.9964E-05 9.9964E-05 9.9964E-05
0.220447 0.0835473 0.113254 0.0291891 0.486548 9.9991E-05 0.0486309 0.0182841
0.845316 9.9964E-05 9.9964E-05 9.9964E-05 9.9964E-05 0.105853 0.00201351 0.0464177
0.862107 9.9955E-05 9.9955E-05 9.9955E-05 9.9955E-05 0.105095 9.9955E-05 0.0322988
0.676417 9.9964E-05 9.9964E-05 9.9964E-05 0.233134 0.0187806 9.9964E-05 0.0712681
0.414067 0.0414267 0.0596201 0.0100672 0.474519 9.9973E-05 9.9973E-05 9.9973E-05
0.148958 0.0759782 0.06006 0.0239605 0.569251 0.0555801 0.0374125 0.0287997
0.49536 9.99661E-05 9.99661E-05 9.99661E-05 0.46394 0.0287189 9.99661E-05 0.0115822
0.577311 0.0421487 0.17221 0.0593075 0.148723 9.9973E-05 9.9973E-05 9.9973E-05
0.506627 0.00557209 0.134546 0.0876895 0.265265 9.9973E-05 9.9973E-05 9.9973E-05
0.248612 0.0548749 0.0366887 0.0522829 0.536569 0.0328999 0.034664 0.00340949
0.536864 0.0304928 0.0591751 0.024496 0.348672 9.9973E-05 9.9973E-05 9.9973E-05
0.41665 0.0260877 0.087641 9.9973E-05 0.462203 9.9973E-05 0.00711823 9.9973E-05
0.462371 9.9964E-05 9.9964E-05 9.9964E-05 0.43739 0.0405041 9.9964E-05 0.059335
0.654715 9.9955E-05 9.9955E-05 9.9955E-05 9.9955E-05 0.238001 9.9955E-05 0.106784
0.225462 0.0511046 0.0147146 0.0161201 0.60971 0.0403059 0.0160653 0.0265175
9.9964E-05 0.825117 0.0414791 0.0306868 0.102317 9.9964E-05 9.9964E-05 9.9964E-05
9.9946E-05 0.929105 9.9946E-05 9.9946E-05 0.070295 9.9946E-05 9.9946E-05 9.9946E-05
9.9964E-05 0.841844 0.00289115 9.9964E-05 0.106348 9.9964E-05 0.0485171 9.9964E-05
9.9964E-05 0.907497 9.9964E-05 9.9964E-05 0.0334565 0.00483855 0.0538086 9.9964E-05
9.9982E-05 0.947283 0.000614291 0.00240403 0.00398226 9.9982E-05 0.0290051 0.0165118
9.9964E-05 0.868298 9.9964E-05 9.9964E-05 0.087399 9.9964E-05 0.0332345 0.0106685
9.9946E-05 0.917691 9.9946E-05 9.9946E-05 0.0817095 9.9946E-05 9.9946E-05 9.9946E-05
0.214768 0.0893327 0.0379792 0.0383999 0.543801 9.9991E-05 0.0416036 0.0340148
0.133725 0.109555 0.0546516 0.0216276 0.541109 0.0745755 0.0289412 0.0358148
0.692967 0.0449417 0.150413 0.0666961 0.0331185 9.9982E-05 9.9982E-05 0.0116641
0.148236 0.0376949 0.0455144 0.0530763 0.564933 0.028905 0.0693037 0.0523369
0.485283 0.0498189 0.115759 9.9964E-05 0.34874 9.9964E-05 9.9964E-05 9.9964E-05
0.343182 0.0466917 0.0517925 0.00600523 0.504322 0.0161577 0.0215276 0.0103216
0.256555 0.0378461 0.0159573 9.9991E-05 0.551898 0.0198526 0.0140626 0.103728
0.349669 0.0169871 0.00378859 0.0554697 0.473301 0.0055427 0.0410119 0.0542292
0.679269 0.0342934 0.239245 0.0467922 9.9964E-05 9.9964E-05 9.9964E-05 9.9964E-05
0.211689 0.0999223 0.0836097 0.032674 0.522695 0.0101714 0.0022423 0.0369961
0.167845 0.0795967 0.101595 9.9982E-05 0.618652 0.0305763 0.00153549 9.9982E-05
0.133503 0.0918041 0.0495762 0.0373816 0.604187 0.0314302 0.0296693 0.0224488
0.528675 9.9982E-05 0.0215747 9.9982E-05 0.242686 0.13965 0.0156954 0.051518
0.421137 9.9955E-05 9.9955E-05 9.9955E-05 0.482889 9.9955E-05 9.9955E-05 0.0954742
0.394562 0.0255103 0.122412 0.0168972 0.440318 9.9973E-05 9.9973E-05 9.9973E-05
0.541195 9.9964E-05 9.9964E-05 9.9964E-05 0.358762 9.9964E-05 0.0168839 0.0827594
0.350599 0.0465312 0.14512 0.0315719 0.418824 0.00715282 9.9982E-05 9.9982E-05
0.217142 0.0873858 0.0689033 0.0269438 0.552208 0.0193857 0.0226765 0.00535458
9.9982E-05 9.9982E-05 0.370019 0.0565853 0.237383 0.0696957 0.061925 0.204192
9.9973E-05 0.0409082 0.336765 0.0925706 0.446206 0.08325 9.9973E-05 9.9973E-05
9.9991E-05 0.103564 0.151014 0.0572217 0.532057 0.0679482 0.0287323 0.0593632
0.0670543 0.109774 0.143443 0.0324363 0.557369 0.0340584 0.0176453 0.0382204
0.00880089 0.0169544 0.450346 0.0293274 0.437552 9.9991E-05 0.031653 0.0252667
0.0119891 0.0395944 0.290593 0.0104752 0.565331 0.0353319 0.0185553 0.0281291
9.9973E-05 0.0420793 0.418001 0.0731192 0.426994 9.9973E-05 9.9973E-05 0.0395061
0.0437744 0.0337298 0.145954 0.0575077 0.548979 0.0563905 0.00717376 0.106491
9.9991E-05 0.0876292 0.184071 0.0532875 0.568337 0.000779862 0.0434744 0.0623211
9.9982E-05 0.0468825 0.246004 0.0580526 0.58509 0.0448929 9.9982E-05 0.018878
0.0206109 0.0246134 0.303294 0.0419471 0.558546 9.9982E-05 9.9982E-05 0.0507887
9.9991E-05 0.0271635 0.10588 0.0407497 0.623725 0.0592957 0.0387374 0.104349
9.9991E-05 0.072252 0.113727 0.0320371 0.585412 0.0279889 0.0650433 0.10344
0.0260842 9.9991E-05 0.187457 0.0379624 0.570364 0.0353874 0.065044 0.0776011
0.0263888 0.0363932 0.125625 0.0586404 0.565224 0.0859414 0.0513541 0.0504333
9.9982E-05 9.9982E-05 0.196873 0.060958 0.572077 0.0068561 0.0548107 0.108225
0.0362055 0.070532 0.268554 9.9991E-05 0.290809 0.127071 0.0531668 0.153562
0.0166675 0.0708885 0.210198 0.00441977 0.605842 0.0150918 0.0132733 0.0636186
9.9982E-05 0.00856628 0.193787 9.9982E-05 0.621299 0.0285582 0.0421978 0.105392
0.0624405 0.0346818 0.651917 0.048599 0.179652 0.00553506 0.0170742 9.9991E-05
0.0711524 9.9991E-05 0.348266 0.0338739 0.131494 0.167426 0.0319537 0.215734
0.0307168 0.0364947 0.27483 0.0246118 0.501356 0.0131664 0.0514943 0.0673302
0.0418568 9.9982E-05 0.406689 9.9982E-05 0.0503012 0.232034 0.00123231 0.267687
9.9973E-05 0.00933496 0.613214 0.0232869 0.300017 9.9973E-05 9.9973E-05 0.0538476
0.0454369 9.9973E-05 0.496418 0.0117603 0.416127 9.9973E-05 9.9973E-05 0.0299579
0.0794107 0.0364086 0.530437 0.00508723 0.325418 0.0093194 9.9991E-05 0.0138193
0.0337889 9.9973E-05 0.586569 0.0102081 0.314504 9.9973E-05 9.9973E-05 0.0546302
9.9982E-05 0.0608344 0.263223 0.00559627 0.589363 0.0211168 9.9982E-05 0.0596664
0.0369816 0.07089 0.125732 0.0382808 0.558483 0.0549824 0.0457061 0.0689434
0.0815833 0.0148926 0.243617 0.0464839 0.531081 9.9991E-05 0.0540286 0.0282135
0.0355792 9.9982E-05 0.478303 9.9982E-05 0.14141 0.168578 0.00653107 0.169398
0.087624 0.158527 0.0244835 0.0547989 0.483485 0.0971311 0.0480225 0.0459285
0.0290099 0.0463493 0.0246492 0.069543 0.512384 0.191483 0.0394869 0.0870947
0.151244 0.0452315 0.0143865 0.0506564 9.9982E-05 0.632224 9.9982E-05 0.106058
0.0429618 0.0494921 0.0386513 9.9991E-05 0.669987 0.162407 0.0305416 0.00585917
0.108604 0.056426 0.0815552 0.00990296 0.307826 0.305679 0.010701 0.119307
9.9991E-05 0.0592141 0.0485952 0.0611573 0.527034 0.170171 0.0587908 0.0749384
0.0685799 0.00857557 0.0964999 0.0899781 0.276414 0.43832 9.9991E-05 0.0215319
0.0974768 0.00254635 0.0720672 0.0953221 0.0931382 0.490715 9.9991E-05 0.148634
0.0813066 0.0314275 0.0551795 0.0674666 0.378492 0.271602 9.9991E-05 0.114426
0.0890614 0.106691 0.0950032 0.0433635 0.429086 0.06895 0.0776944 0.0901501
0.0478914 0.126843 0.12235 0.0432987 0.407056 0.147931 0.043927 0.0607038
0.121851 0.0129687 0.179656 9.9991E-05 0.124844 0.381913 0.0426789 0.13599
0.0135291 0.0654404 0.126783 0.0317133 0.536025 0.11937 0.0362849 0.0708549
0.0781549 9.9973E-05 0.134198 9.9973E-05 0.31067 0.374942 9.9973E-05 0.101735
0.0528969 9.9982E-05 0.0994936 0.0034733 0.457365 0.258655 9.9982E-05 0.127917
0.020785 0.0953286 0.069173 0.0344224 0.568548 0.165296 0.0463476 9.9991E-05
9.9973E-05 0.343916 0.0027872 9.9973E-05 0.160061 0.296727 0.196209 9.9973E-05
9.9955E-05 0.409807 9.9955E-05 9.9955E-05 9.9955E-05 0.448367 0.141325 9.9955E-05
9.9955E-05 0.394776 9.9955E-05 9.9955E-05 9.9955E-05 0.477816 0.126908 9.9955E-05
9.9973E-05 0.306129 0.00506963 9.9973E-05 0.104947 0.340192 0.243361 9.9973E-05
0.0578513 9.9973E-05 0.0110523 9.9973E-05 0.608015 0.241393 9.9973E-05 0.0813881
0.0548762 0.0296479 0.0584042 0.028006 0.561152 0.166985 0.0732474 0.0276816
9.9946E-05 9.9946E-05 9.9946E-05 9.9946E-05 0.340519 9.9946E-05 0.658881 9.9946E-05
0.0663271 0.0475072 0.0699254 0.00796104 0.339874 9.9991E-05 0.460465 0.00784001
0.029552 0.102296 0.0679831 0.0147392 0.392532 0.00411509 0.37346 0.0153217
0.0776883 9.9982E-05 0.0387517 0.0132793 0.273172 0.422572 9.9982E-05 0.174337
0.0743478 0.0986447 0.0391528 0.0205107 0.470828 0.154971 0.0319064 0.109639
0.0282264 9.9973E-05 0.0929011 9.9973E-05 0.265538 0.5065 9.9973E-05 0.106534
9.9973E-05 0.0464146 0.0253255 9.9973E-05 0.589729 0.203252 9.9973E-05 0.134979
0.0103429 9.9982E-05 0.0780652 0.0162446 0.482074 0.289146 9.9982E-05 0.123927
0.0003204 9.9973E-05 9.9973E-05 0.0365619 0.601465 0.296764 9.9973E-05 0.0645888
0.0573833 9.9973E-05 9.9973E-05 0.0433427 0.228376 0.579717 9.9973E-05 0.0908812
0.0745211 0.0892855 9.9991E-05 0.0210486 0.655417 0.118498 0.0117266 0.0294032
0.0389582 0.0501413 0.061149 0.0260307 0.621417 0.200576 9.9991E-05 0.00162805
9.9955E-05 9.9955E-05 9.9955E-05 0.00043289 0.04139 9.9955E-05 0.957677 9.9955E-05
9.9964E-05 9.9964E-05 0.00618507 9.9964E-05 0.0815164 9.9964E-05 0.893833 0.0180661
0.021157 0.0788148 0.0594624 0.0162913 0.301591 9.9991E-05 0.519866 0.00271765
9.9964E-05 9.9964E-05 9.9964E-05 0.00654165 0.334701 9.9964E-05 0.643529 0.014829
0.0159622 9.9964E-05 0.0359775 9.9964E-05 0.134669 9.9964E-05 0.812991 9.9964E-05
9.994E-05 9.994E-05 9.994E-05 9.994E-05 9.994E-05 9.994E-05 0.9993 9.994E-05
9.9964E-05 9.9964E-05 0.00358444 0.000758947 9.9964E-05 9.9964E-05 0.973605 0.0216517
9.9946E-05 9.9946E-05 9.9946E-05 9.9946E-05 0.152672 9.9946E-05 0.846728 9.9946E-05
0.00641114 9.9964E-05 0.0344588 0.00603413 9.9964E-05 9.9964E-05 0.952696 9.9964E-05
9.994E-05 9.994E-05 9.994E-05 9.994E-05 9.994E-05 9.994E-05 0.9993 9.994E-05
9.994E-05 9.994E-05 9.994E-05 9.994E-05 9.994E-05 9.994E-05 0.9993 9.994E-05
9.9964E-05 9.9964E-05 0.0146235 9.9964E-05 0.212937 9.9964E-05 0.757811 0.0142286
0.0194398 0.0296431 0.036955 0.00877921 0.10812 9.9982E-05 0.796863 9.9982E-05
9.994E-05 9.994E-05 9.994E-05 9.994E-05 9.994E-05 9.994E-05 0.9993 9.994E-05
0.0131868 0.0809362 0.0558374 0.0342535 0.367691 0.0581585 0.368249 0.0216876
0.0213184 0.0345564 9.9982E-05 0.0360837 0.23614 9.9982E-05 0.655798 0.0159041
0.024258 0.0305778 9.9964E-05 9.9964E-05 0.16816 9.9964E-05 0.776605 9.9964E-05
9.9964E-05 0.00277503 9.9964E-05 0.0198759 0.0840314 9.9964E-05 0.892918 9.9964E-05
9.994E-05 9.994E-05 9.994E-05 9.994E-05 9.994E-05 9.994E-05 0.9993 9.994E-05
9.9955E-05 9.9955E-05 9.9955E-05 0.00566533 0.0555657 9.9955E-05 0.938269 9.9955E-05
9.994E-05 9.994E-05 9.994E-05 9.994E-05 9.994E-05 9.994E-05 0.9993 9.994E-05
0.0246825 0.045794 0.0372328 9.9982E-05 0.242974 9.9982E-05 0.648932 0.000184529
0.0367469 9.9946E-05 9.9946E-05 9.9946E-05 9.9946E-05 9.9946E-05 0.962653 9.9946E-05
9.9973E-05 0.21687 9.9973E-05 9.9973E-05 0.00144276 0.645818 0.050179 0.0853906
9.9991E-05 0.182102 0.016598 0.0559705 0.371403 0.284077 0.0824523 0.00729684
9.9982E-05 0.107667 9.9982E-05 0.0289391 0.467242 0.320071 0.0477955 0.0280848
9.9982E-05 0.134495 9.9982E-05 0.0446812 0.221769 0.504295 0.0745735 0.0199861
0.0813968 0.118958 0.0616899 0.00917711 0.428146 0.147222 0.131422 0.0219885
9.9991E-05 0.179149 0.00424769 0.0343176 0.128891 0.528885 0.102358 0.0220521
0.025781 0.107518 0.0412011 0.0420016 0.452972 0.169029 0.10389 0.0576072
9.9982E-05 0.137275 9.9982E-05 0.0357162 0.3324 0.395471 0.0913591 0.00757897
9.9982E-05 0.12521 0.0287766 0.000194883 0.471398 0.254303 0.119918 9.9982E-05
0.0243931 0.153064 9.9973E-05 9.9973E-05 0.402759 0.333717 0.0857666 9.9973E-05
0.044288 0.141357 0.0304343 9.9982E-05 0.437394 0.219033 0.127294 9.9982E-05
9.9982E-05 0.890011 9.9982E-05 0.0402425 0.0278049 0.0277011 0.00348891 0.0105515
0.0226267 0.877109 9.9982E-05 0.00611948 9.9982E-05 0.0152675 0.077985 0.000692532
9.9973E-05 0.926224 0.0092191 0.0236587 0.0271805 9.9973E-05 9.9973E-05 0.0134179
9.9946E-05 0.965756 9.9946E-05 9.9946E-05 9.9946E-05 0.0336445 9.9946E-05 9.9946E-05
9.9973E-05 0.884747 0.0173766 0.00915737 0.0727173 0.0157014 9.9973E-05 9.9973E-05
9.9964E-05 0.965644 9.9964E-05 9.9964E-05 9.9964E-05 0.0224783 0.00106146 0.0104165
9.9964E-05 0.905458 9.9964E-05 0.00830786 0.07145 9.9964E-05 0.0143842 9.9964E-05
0.00906059 0.938578 0.0405622 0.00529272 0.000445525 9.9982E-05 9.9982E-05 0.00586097
0.0188986 0.866167 0.0247072 9.9973E-05 9.9973E-05 0.0509576 0.03897 9.9973E-05
9.9964E-05 0.894455 9.9964E-05 9.9964E-05 0.0134915 0.0618893 0.0297646 9.9964E-05
0.0650977 0.564562 0.108994 0.194036 9.9973E-05 0.0670104 9.9973E-05 9.9973E-05
0.0168283 0.579273 0.124808 0.239766 9.9973E-05 0.0390242 9.9973E-05 9.9973E-05
0.0379919 0.511534 0.208757 0.150758 9.9973E-05 0.0906591 9.9973E-05 9.9973E-05
0.011196 0.429767 0.250225 0.212334 9.9973E-05 0.0961779 9.9973E-05 9.9973E-05
0.24287 0.0840369 0.185738 9.9973E-05 0.453608 0.033447 9.9973E-05 9.9973E-05
0.308502 0.0634761 0.021886 0.0466822 0.500946 9.9991E-05 0.0115915 0.0468158
0.138309 0.0157799 0.21682 0.0304168 0.520369 9.9991E-05 0.0389439 0.039261
0.28066 0.0211656 0.349013 0.00115985 0.336905 0.00478878 9.9991E-05 0.00620845
0.0333043 9.9991E-05 0.639826 0.0798272 0.167325 0.0109315 0.00333828 0.0653484
0.194276 0.036563 0.0483285 0.0602546 0.587683 0.00507328 9.9991E-05 0.0677219
0.2396 9.9973E-05 0.147718 0.0129075 0.590744 9.9973E-05 0.00873054 9.9973E-05
0.282112 9.9973E-05 9.9973E-05 0.0144681 0.519969 0.0905203 9.9973E-05 0.0926306
0.537537 9.9964E-05 9.9964E-05 9.9964E-05 0.361958 0.0140715 9.9964E-05 0.0860334
0.118001 9.9991E-05 0.0789577 0.0549741 0.601299 0.0908791 0.0374759 0.0183131
0.490088 0.00137919 0.0618655 0.0162106 0.425169 9.9982E-05 0.00508732 9.9982E-05
0.781723 9.9955E-05 9.9955E-05 9.9955E-05 9.9955E-05 0.0573294 9.9955E-05 0.160448
0.10157 0.0620928 0.16771 0.0377954 0.548772 0.000845308 9.9991E-05 0.0811153
0.608967 9.9964E-05 9.9964E-05 9.9964E-05 0.16369 0.138274 9.9964E-05 0.0886697
0.344326 0.0446345 9.9973E-05 0.020652 0.494081 9.9973E-05 9.9973E-05 0.0960064
0.650684 0.0228014 0.202727 9.9964E-05 0.123387 9.9964E-05 9.9964E-05 9.9964E-05
9.9955E-05 0.0405692 9.9955E-05 0.957203 9.9955E-05 0.00172779 9.9955E-05 9.9955E-05
9.994E-05 9.994E-05 9.994E-05 0.9993 9.994E-05 9.994E-05 9.994E-05 9.994E-05
9.994E-05 9.994E-05 9.994E-05 0.9993 9.994E-05 9.994E-05 9.994E-05 9.994E-05
0.0168988 9.9955E-05 0.0531375 0.929464 9.9955E-05 9.9955E-05 9.9955E-05 9.9955E-05
9.9946E-05 9.9946E-05 9.9946E-05 0.930991 0.0684097 9.9946E-05 9.9946E-05 9.9946E-05
9.9955E-05 9.9955E-05 9.9955E-05 0.935932 0.0399408 9.9955E-05 0.0236274 9.9955E-05
0.0585918 0.846957 9.9964E-05 0.0193328 9.9964E-05 9.9964E-05 0.0747187 9.9964E-05
9.9973E-05 0.813101 0.0219414 0.0412641 0.119298 0.00409571 9.9973E-05 9.9973E-05
9.9973E-05 0.767611 0.019384 9.9973E-05 0.15441 0.00876507 0.0495295 9.9973E-05
0.0804392 0.845707 0.00949927 9.9973E-05 0.0093203 9.9973E-05 0.0547339 9.9973E-05
0.00902436 0.774179 0.0137992 9.9982E-05 0.147513 0.0287251 0.0265594 9.9982E-05
9.9964E-05 0.345453 0.18431 0.42942 9.9964E-05 0.0404174 9.9964E-05 9.9964E-05
9.9964E-05 0.407008 0.134653 0.428169 9.9964E-05 9.9964E-05 9.9964E-05 0.0297701
9.9982E-05 0.39084 0.13593 0.435115 9.9982E-05 0.00453539 0.00813435 0.0252447
0.00313279 0.854892 0.0115584 9.9973E-05 0.119818 9.9973E-05 9.9973E-05 0.0102986
0.0565563 0.351158 0.132718 0.405623 9.9982E-05 0.00555876 9.9982E-05 0.0481866
9.9982E-05 0.235109 9.9982E-05 0.00450719 0.310527 0.160862 0.284587 0.00420743
9.9991E-05 0.138318 0.0633791 0.0149705 0.510617 0.0648241 0.190099 0.0176925
9.9964E-05 0.194542 9.9964E-05 0.0123527 0.55312 9.9964E-05 0.239585 9.9964E-05
9.9982E-05 0.296585 9.9982E-05 0.00622412 0.314446 0.0929319 0.245598 0.0440153
0.0194471 0.157901 0.114269 0.0260921 0.469636 0.0579916 0.146822 0.00784191
9.9955E-05 0.404123 9.9955E-05 9.9955E-05 9.9955E-05 0.291259 0.304118 9.9955E-05
0.043391 9.9982E-05 0.382973 0.094263 0.432401 0.024076 9.9982E-05 0.0226967
0.0728185 9.9982E-05 0.221931 0.0251851 0.402959 0.0887294 9.9982E-05 0.188177
0.0664841 9.9973E-05 0.598017 0.0444521 0.274441 9.9973E-05 9.9973E-05 0.0163063
0.0257057 9.9973E-05 0.238929 9.9973E-05 0.475159 0.0804085 9.9973E-05 0.179498
0.0347996 9.9964E-05 0.358819 9.9964E-05 9.9964E-05 0.324797 9.9964E-05 0.281185
0.0410868 0.0385421 0.140006 0.0255801 0.578972 0.113183 0.0625297 9.9991E-05
0.0313877 9.99929E-05 0.133291 0.0701418 0.508705 0.102394 0.0279366 0.126044
0.0663041 0.0222263 0.511619 0.0384061 0.313038 0.0482059 9.9982E-05 9.9982E-05
0.0599204 0.0882469 0.210665 0.0203248 0.499289 0.0374822 0.0303856 0.0536854
0.0904064 9.9973E-05 0.385772 9.9973E-05 0.127859 0.24719 9.9973E-05 0.148472
0.0939015 0.00557305 0.159837 0.0280193 0.505223 0.116246 0.025081 0.0661197
0.0155879 0.00781178 0.348337 0.0320136 0.501133 0.059593 9.9991E-05 0.035424
0.0792881 0.100595 0.0894571 9.9991E-05 0.45653 0.106907 0.108195 0.0589269
0.0796668 9.9982E-05 0.315273 9.9982E-05 0.318314 0.138417 0.0136384 0.134491
0.0789109 9.9982E-05 0.224697 0.033612 0.397584 0.15635 9.9982E-05 0.108646
0.122056 0.0115545 0.143121 0.0668454 0.509864 0.0173404 0.0386736 0.0905463
0.0681695 9.9982E-05 0.175122 0.00500584 0.534816 0.112232 9.9982E-05 0.104455
0.0137012 9.9991E-05 0.114087 0.0348884 0.616022 0.089343 0.0430603 0.0887984
0.0353917 0.0440201 0.183653 0.0604259 0.546008 0.0394357 0.0587459 0.0323196
0.0746475 0.0603685 0.197748 0.0297315 0.508309 0.0876279 0.0116927 0.0298742
9.9955E-05 0.833918 9.9955E-05 9.9955E-05 0.129486 9.9955E-05 0.0360964 9.9955E-05
9.9964E-05 0.875611 9.9964E-05 9.9964E-05 0.122425 9.9964E-05 0.000164908 0.00139955
9.9964E-05 0.86979 9.9964E-05 0.0565249 0.0553106 0.0179751 9.9964E-05 9.9964E-05
0.010591 0.906052 9.9973E-05 0.0277916 0.0210076 9.9973E-05 0.0342574 9.9973E-05
9.9955E-05 0.881193 9.9955E-05 0.0331123 0.0851946 9.9955E-05 9.9955E-05 9.9955E-05
0.0285881 0.0202732 0.727144 0.0102883 0.134274 0.0672595 0.0120723 9.9991E-05
0.0244134 0.0590132 0.267957 0.0235194 0.500758 9.9991E-05 0.0271869 0.0970522
0.0649138 0.164762 9.99903E-05 0.0259975 0.374147 0.12079 0.207839 0.0414508
0.0233167 0.00305489 0.279411 0.0281554 0.576328 0.0162824 0.0509132 0.0225384
0.0290107 0.00724713 0.448235 0.00113103 0.461641 9.9982E-05 0.0525343 9.9982E-05
0.0181154 9.9973E-05 0.376668 9.9973E-05 0.261075 0.193012 9.9973E-05 0.150829
0.0234075 0.094173 0.873087 0.0024068 9.9973E-05 0.00662583 9.9973E-05 9.9973E-05
0.0594513 0.0388848 0.330312 0.0610533 0.457658 0.0436211 0.0089196 9.9991E-05
9.9991E-05 0.0333918 0.581564 0.118468 0.1761 0.0018619 0.0511636 0.0373506
0.0759782 0.0178435 0.219808 0.0333286 0.43905 0.151249 0.0226841 0.0400583
9.9982E-05 0.0459252 0.68792 0.0803456 0.122078 0.0434234 9.9982E-05 0.0201077
9.9982E-05 0.0835529 0.270096 0.0175533 0.508449 9.9982E-05 0.066013 0.0541355
0.0687732 0.0506135 0.682587 0.00296205 0.131285 0.0635789 9.9982E-05 9.9982E-05
0.0675267 9.9991E-05 0.347355 0.0195861 0.232545 0.113357 0.0675626 0.151967
0.0494743 0.0289465 0.0708347 0.0814202 0.528136 0.19138 0.0186038 0.0312055
0.0317921 9.9982E-05 0.095002 0.0410918 0.304868 0.430472 9.9982E-05 0.0965737
0.01929 9.9991E-05 0.0183673 0.0375966 0.522987 0.305732 0.0288263 0.0671016
0.0083058 0.0988408 0.0120497 0.0483161 0.576385 0.209907 9.9991E-05 0.0460957
0.0821257 9.9982E-05 0.00589217 0.0741291 0.288215 0.524492 9.9982E-05 0.0249459
0.0999741 0.0999761 0.0487297 0.0628343 0.496261 0.0899863 0.0322356 0.0700033
0.00210658 0.00956125 9.9982E-05 0.102726 0.5498 0.287503 9.9982E-05 0.0481031
0.126617 9.9973E-05 9.9973E-05 0.0538673 0.146304 0.512584 9.9973E-05 0.160327
0.0311754 9.9973E-05 9.9973E-05 0.0988214 0.218241 0.609874 9.9973E-05 0.0415883
0.0353592 9.9982E-05 0.0363518 0.022976 0.480282 0.312263 9.9982E-05 0.112568
0.201279 9.9973E-05 9.9973E-05 0.0987632 0.0803985 0.544814 9.9973E-05 0.0744453
0.0864828 9.9982E-05 0.0683006 0.0797891 0.435359 0.329115 9.9982E-05 0.000753398
0.0363489 0.000108438 0.807502 0.0182688 0.123999 9.9991E-05 0.00404649 0.00962653
0.0152914 9.9982E-05 0.498457 9.9982E-05 0.136807 0.0137156 0.0775126 0.258017
0.0170073 0.040467 0.456403 0.00721534 0.356257 9.9991E-05 0.0726162 0.049935
0.0532901 0.0234207 0.30509 9.9991E-05 0.503607 0.00327657 0.0831105 0.0281054
0.0734752 9.9973E-05 0.69665 9.9973E-05 0.187598 9.9973E-05 0.0186505 0.0233264
0.0309789 0.0571693 0.195086 9.9991E-05 0.495441 0.0847396 0.0725567 0.0639284
0.00376426 0.0430617 0.308104 0.0193473 0.545254 0.0281184 0.0446057 0.00774448
0.0765564 0.000294015 0.324474 9.9991E-05 0.45902 0.0232454 0.0709763 0.0453345
0.0197594 9.9982E-05 0.342361 0.0280688 0.457602 9.9982E-05 0.0751308 0.0768785
0.00466264 0.0114762 0.408254 0.0855654 0.473291 9.9982E-05 0.016551 9.9982E-05
0.0859215 9.9973E-05 0.631558 9.9973E-05 0.256249 9.9973E-05 0.0208864 0.00508559
0.0304732 9.9973E-05 0.472219 0.0619683 0.403816 9.9973E-05 0.0312232 9.9973E-05
0.0177514 9.9991E-05 0.220278 0.0247378 0.556719 0.0490755 0.0457362 0.0856029
9.9991E-05 0.0596734 0.166664 0.0143526 0.578015 0.084911 0.0569871 0.0392961
0.0728901 0.0256315 0.281076 0.0303306 0.288964 0.104502 0.108191 0.088415
0.0560012 9.9991E-05 0.241843 0.0240211 0.425929 0.0247223 0.107625 0.119759
0.0228653 9.9991E-05 0.492474 0.0496993 0.35651 0.000469387 0.0588517 0.0190302
9.9982E-05 9.9982E-05 0.323872 0.0350958 0.508945 0.0101208 0.0788185 0.0429479
0.0334436 0.0398148 0.314255 0.0425402 0.46456 9.9991E-05 0.0844617 0.0208246
0.0373774 0.0910848 0.127912 0.0488278 0.52789 0.0548172 0.0166072 0.0954834
9.9973E-05 0.327168 0.0310306 9.9973E-05 0.459914 0.0599501 0.121637 9.9973E-05
0.0176397 0.110758 0.0235277 0.0427881 0.51744 0.0664514 0.154217 0.0671789
0.0307651 0.154935 0.10448 9.9991E-05 0.461897 0.0855102 0.112005 0.0503074
9.9991E-05 0.114668 0.0500537 0.0304752 0.50738 0.101607 0.12506 0.0706549
0.00855326 0.203505 0.00599754 9.9991E-05 0.470809 0.134318 0.161849 0.0148684
0.0260285 9.9982E-05 0.195899 0.0525849 0.498291 0.0793289 9.9982E-05 0.147668
0.103929 0.13671 0.0486072 9.9991E-05 0.481615 0.0731229 0.122009 0.0339063
0.0413568 0.15648 0.152638 9.9991E-05 0.0471878 0.401831 0.174904 0.0255026
9.9982E-05 0.101074 0.102228 9.9982E-05 0.565812 0.0765082 0.110635 0.0435421
0.00472146 0.123165 0.0979172 0.0155632 0.481939 0.0436006 0.181337 0.0517559
0.0403752 0.0865321 0.0538957 0.00406426 0.489122 0.0808891 0.169938 0.0751834
0.00553546 0.168368 0.0651901 9.9991E-05 0.271315 0.229367 0.129303 0.130822
0.0330791 0.153575 0.10773 9.9982E-05 0.487422 0.0738447 0.14415 9.9982E-05
9.9982E-05 0.159308 0.0418816 9.9982E-05 0.526994 0.0136793 0.14065 0.117288
9.9955E-05 0.424828 9.9955E-05 9.9955E-05 9.9955E-05 0.427051 0.147622 9.9955E-05
0.0358814 0.183834 0.120676 0.0130391 0.462901 0.00399422 0.171304 0.00836955
0.0157573 0.170509 0.0227005 0.00680243 0.549075 0.0800414 0.155014 9.9991E-05
0.0315684 0.0974289 0.0717663 0.0238256 0.550919 0.0533151 0.0980505 0.0731262
9.9973E-05 0.160105 9.9973E-05 9.9973E-05 0.550618 0.0995086 0.172431 0.0170368
0.0507186 0.182246 0.0518859 9.9982E-05 0.517629 0.091615 0.105706 9.9982E-05
0.0498029 0.0423291 9.9991E-05 0.0323343 0.42176 0.00526518 0.0026795 0.445729
0.0942308 0.0736034 0.0844915 9.9982E-05 0.498898 9.9982E-05 0.0159063 0.232671
0.0181324 9.9964E-05 0.0433148 9.9964E-05 9.9964E-05 0.0320911 9.9964E-05 0.906062
9.9964E-05 0.00500175 0.0439031 0.0113652 9.9964E-05 9.9964E-05 9.9964E-05 0.93933
9.9973E-05 0.0959846 0.0533852 9.9973E-05 0.473342 9.9973E-05 0.0207778 0.35621
9.9973E-05 0.110229 9.9973E-05 9.9973E-05 0.356587 0.122408 0.304512 0.105964
9.9973E-05 0.148162 9.9973E-05 9.9973E-05 0.31593 0.0558566 0.25858 0.221172
9.9973E-05 0.183107 9.9973E-05 9.9973E-05 0.124044 0.0890999 0.306786 0.296663
9.9973E-05 0.143433 9.9973E-05 9.9973E-05 0.337022 0.0709373 0.240992 0.207315
9.9973E-05 0.0899831 9.9973E-05 9.9973E-05 0.0593806 0.162238 0.0228108 0.665288
9.9982E-05 0.0923689 9.9982E-05 0.0445834 0.0718588 0.0663712 0.0507278 0.67389
0.0167957 9.9982E-05 9.9982E-05 0.0341219 0.535391 0.0025485 0.0644332 0.346509
9.9964E-05 0.0686047 9.9964E-05 9.9964E-05 0.34488 9.9964E-05 0.101881 0.484234
9.9973E-05 0.0467836 9.9973E-05 0.0102183 0.160239 9.9973E-05 0.0559899 0.72647
9.9982E-05 0.064548 0.0581173 0.0228959 0.526584 9.9982E-05 0.0459651 0.281689
9.9973E-05 0.0257314 9.9973E-05 0.0290942 0.546999 9.9973E-05 0.0719586 0.325917
0.0473123 0.0712045 0.03489 0.0430338 0.454843 0.000544396 0.0844674 0.263704
0.0135871 0.000583201 0.034908 9.9973E-05 0.279497 9.9973E-05 9.9973E-05 0.671125
0.0203534 0.0223593 0.0487128 0.0132707 0.349642 9.9982E-05 9.9982E-05 0.545462
0.0821094 0.051495 0.00671194 0.0410717 0.469252 0.0122716 9.9991E-05 0.336988
9.9991E-05 0.0137049 0.0303747 0.0615862 0.405652 0.0639965 0.0132134 0.411372
0.00139497 0.0712336 0.0215728 0.055623 0.482683 0.0317844 0.0689438 0.266764
0.0418953 0.0168422 9.9982E-05 0.029092 0.388327 0.0458844 9.9982E-05 0.477759
9.9955E-05 9.9955E-05 9.9955E-05 0.0458485 0.119959 9.9955E-05 9.9955E-05 0.833693
0.0061554 0.00528071 9.9973E-05 9.9973E-05 0.567418 9.9973E-05 0.0104991 0.410346
0.00685951 9.9973E-05 0.0441556 0.0264526 0.117612 9.9973E-05 9.9973E-05 0.80462
9.9964E-05 0.0298337 9.9964E-05 0.0166568 0.402484 9.9964E-05 9.9964E-05 0.550626
0.014273 0.0767463 0.0112973 0.055884 0.493986 9.9982E-05 9.9982E-05 0.347613
0.0985165 0.0279972 0.00747834 0.0560654 0.458038 9.9991E-05 0.055301 0.296503
0.0307952 0.178438 0.00570863 0.0326542 0.449908 0.0847795 0.118496 0.0992208
0.0507569 0.121702 9.9991E-05 0.0209945 0.46492 0.0791805 0.106891 0.155456
9.9982E-05 0.168708 0.0311742 9.9982E-05 0.277467 0.174928 0.270081 0.0774419
9.9982E-05 0.184294 0.0255025 9.9982E-05 0.281004 0.108128 0.247688 0.153184
9.9991E-05 0.174065 0.102936 0.0403646 0.426204 0.0512821 0.16402 0.0410275
0.0566407 0.176132 9.9991E-05 0.00425427 0.399561 0.0745719 0.114593 0.174147
9.9964E-05 0.166798 9.9964E-05 9.9964E-05 9.9964E-05 0.0713277 0.0845165 0.676957
9.9973E-05 0.0916662 9.9973E-05 9.9973E-05 0.544626 0.0694405 0.175075 0.118892
9.9964E-05 0.314555 9.9964E-05 9.9964E-05 9.9964E-05 0.252636 0.0807397 0.35167
9.9964E-05 0.0775542 9.9964E-05 9.9964E-05 0.459814 9.9964E-05 0.13246 0.329772
9.9946E-05 9.9946E-05 9.9946E-05 9.9946E-05 0.060766 9.9946E-05 9.9946E-05 0.938634
0.0526982 9.9946E-05 9.9946E-05 9.9946E-05 9.9946E-05 9.9946E-05 9.9946E-05 0.946702
9.9955E-05 9.9955E-05 0.0106006 9.9955E-05 0.415465 9.9955E-05 9.9955E-05 0.573434
9.9955E-05 0.0105874 9.9955E-05 9.9955E-05 0.580698 9.9955E-05 9.9955E-05 0.408215
9.9946E-05 9.9946E-05 9.9946E-05 9.9946E-05 0.361468 9.9946E-05 9.9946E-05 0.637932
9.9946E-05 9.9946E-05 9.9946E-05 9.9946E-05 0.561915 9.9946E-05 9.9946E-05 0.437485
9.9946E-05 9.9946E-05 9.9946E-05 9.9946E-05 0.501975 9.9946E-05 9.9946E-05 0.497425
9.9982E-05 0.86414 0.0587283 0.0213191 9.9982E-05 0.0456623 0.00288126 0.00706894
0.0240591 0.74832 0.0570125 0.0213607 0.0135131 0.0476093 0.0626685 0.0254565
9.9964E-05 0.9302 9.9964E-05 0.0333215 0.0170265 9.9964E-05 0.0190519 9.9964E-05
9.9973E-05 0.938979 9.9973E-05 0.00557399 0.0368724 0.00595944 9.9973E-05 0.0123157
0.332895 0.0330616 9.9991E-05 0.0182047 0.519265 0.0292195 0.043254 0.0239998
0.284248 0.0614354 0.080707 0.00730257 0.532172 0.0122307 9.9991E-05 0.0218046
0.410368 0.0153355 0.0633099 0.00915636 0.50153 9.9973E-05 9.9973E-05 9.9973E-05
0.25076 0.0534492 0.0626798 0.0238469 0.584172 0.0248922 9.9982E-05 9.9982E-05
0.10885 0.061271 0.114072 0.0534244 0.570566 0.0620307 0.029686 9.9991E-05
0.511861 0.0322353 0.120614 0.0357407 0.29925 9.9973E-05 9.9973E-05 9.9973E-05
0.331183 9.9964E-05 0.0178521 9.9964E-05 0.636971 9.9964E-05 9.9964E-05 0.0135939
0.542547 9.9973E-05 9.9973E-05 9.9973E-05 0.276518 0.0740567 0.00285855 0.10372
0.0225174 0.298703 0.0716996 0.049325 0.40011 0.0124063 0.145138 9.9991E-05
0.346918 9.9982E-05 0.0282343 9.9982E-05 0.431355 0.0822984 0.021397 0.0895975
0.552188 0.0101439 0.0758916 0.0280855 0.333392 9.9973E-05 9.9973E-05 9.9973E-05
0.389736 9.9964E-05 9.9964E-05 0.00514115 0.519415 9.9964E-05 9.9964E-05 0.0853077
0.431402 0.00937149 0.10727 0.0627906 0.383358 9.9982E-05 0.00560756 9.9982E-05
0.37799 9.9973E-05 9.9973E-05 0.027894 0.547405 9.9973E-05 0.0220305 0.0243804
0.310868 0.0687207 0.0412836 0.0493991 0.522157 9.9982E-05 9.9982E-05 0.00737181
0.829769 9.9964E-05 9.9964E-05 9.9964E-05 0.00161342 0.0862686 9.9964E-05 0.0819491
0.539843 9.9964E-05 9.9964E-05 9.9964E-05 0.308088 0.0580979 9.9964E-05 0.0935716
0.532389 9.9964E-05 9.9964E-05 9.9964E-05 0.371814 9.9964E-05 0.0105745 0.084823
0.819088 9.9955E-05 9.9955E-05 9.9955E-05 9.9955E-05 0.1223 9.9955E-05 0.0581117
0.389097 0.0729915 0.0881523 0.0461141 0.403345 9.9973E-05 9.9973E-05 9.9973E-05
0.629914 9.9964E-05 9.9964E-05 9.9964E-05 0.072042 0.243266 9.9964E-05 0.0543782
0.811261 9.9955E-05 9.9955E-05 9.9955E-05 9.9955E-05 0.168487 9.9955E-05 0.0197516
0.281682 0.0364794 9.9991E-05 0.00181775 0.558716 0.046514 0.0322436 0.0424472
0.581951 0.0365764 0.133979 0.0585922 0.188601 9.9973E-05 9.9973E-05 9.9973E-05
0.469713 0.0110813 0.0406586 0.0210399 0.452456 9.9982E-05 0.00485168 9.9982E-05
0.127845 0.0587835 0.0602771 0.0418714 0.522711 0.108331 0.0671871 0.0129938
0.343572 0.023022 0.096036 0.0240005 0.459228 9.9982E-05 0.0539415 9.9982E-05
9.9973E-05 9.9973E-05 0.411793 9.9973E-05 0.324204 0.116308 0.0159422 0.131452
0.313602 0.0533771 0.0279509 0.0524809 0.531013 9.9991E-05 0.00588128 0.0155953
0.326133 0.00722079 0.151203 0.0108831 0.504261 9.9973E-05 9.9973E-05 9.9973E-05
0.512499 9.9973E-05 0.000477445 9.9973E-05 0.345377 0.0637258 9.9973E-05 0.0776209
0.254169 0.147442 0.0802553 0.00410374 0.466237 0.00574553 0.0142149 0.0278331
9.9964E-05 0.641005 0.139089 0.161632 9.9964E-05 0.0578743 9.9964E-05 9.9964E-05
0.0486202 0.767522 0.0330137 0.109098 9.9982E-05 0.0170822 9.9982E-05 0.0244636
9.9964E-05 0.845147 0.0573378 0.0588763 9.9964E-05 0.0382392 9.9964E-05 9.9964E-05
9.9964E-05 0.812148 0.0282069 0.112512 9.9964E-05 0.0467328 9.9964E-05 9.9964E-05
9.9973E-05 0.719945 0.0790611 0.115989 0.0308044 0.0539004 9.9973E-05 9.9973E-05
0.631927 0.0492667 0.177179 0.0128092 0.128519 9.9973E-05 9.9973E-05 9.9973E-05
0.662555 0.0442212 0.0952988 0.0559545 0.141671 9.9973E-05 9.9973E-05 9.9973E-05
0.725387 9.9973E-05 9.9973E-05 9.9973E-05 0.168402 0.0558518 0.0299265 0.0201335
0.0989826 0.100286 0.0681789 0.0405036 0.545521 0.114251 0.0321768 9.9991E-05
0.212248 0.0996655 0.0330671 0.0653977 0.521749 9.9991E-05 0.0595803 0.0081921
0.603916 9.9964E-05 9.9964E-05 9.9964E-05 0.247834 0.109606 0.0382438 9.9964E-05
0.270136 0.00187528 9.9991E-05 0.0373524 0.5584 0.0353861 0.0539727 0.042777
0.432476 0.0291827 9.9982E-05 9.9982E-05 0.329591 0.0872776 0.0933847 0.0278876
0.383469 0.0415361 0.0493018 0.0219489 0.493642 9.9991E-05 0.00592959 0.00407205
0.303931 0.0457945 9.9973E-05 0.0504965 0.548854 9.9973E-05 0.0506245 9.9973E-05
0.60781 9.9973E-05 0.125745 0.0414961 0.213016 9.9973E-05 0.0116334 9.9973E-05
0.590073 9.9964E-05 0.123062 0.0123296 0.274136 9.9964E-05 9.9964E-05 9.9964E-05
0.541303 0.019384 0.101633 0.0321141 0.305266 9.9973E-05 9.9973E-05 9.9973E-05
9.9973E-05 0.0505426 9.9973E-05 0.0900047 0.629038 0.220116 0.00999877 9.9973E-05
0.497865 0.0134066 0.0712875 0.0327113 0.384429 9.9973E-05 9.9973E-05 9.9973E-05
0.457226 0.0298846 0.0892041 0.0136952 0.40969 9.9973E-05 9.9973E-05 9.9973E-05
0.0440087 0.11464 9.9991E-05 0.0176553 0.390355 0.0764593 0.352561 0.00422124
0.0093692 0.130543 0.0082065 9.9982E-05 0.328479 0.0727712 0.450432 9.9982E-05
9.9973E-05 0.0876441 9.9973E-05 0.00861769 0.454444 0.0513913 0.397603 9.9973E-05
9.9973E-05 0.139989 9.9973E-05 9.9973E-05 0.26275 0.0409147 0.519775 0.036272
0.0271678 0.112531 0.0170431 0.00408878 0.507432 0.0327879 0.282151 0.0167984
0.186012 0.0590498 9.9973E-05 9.9973E-05 0.51095 0.197166 9.9973E-05 0.0465222
9.9964E-05 0.231656 0.00360722 9.9964E-05 9.9964E-05 0.0990994 0.665237 9.9964E-05
0.0146797 0.132873 9.9991E-05 0.0179984 0.298696 0.0292268 0.466497 0.039929
0.0406762 0.15621 9.9982E-05 0.0203796 0.423743 0.267752 0.0910391 9.9982E-05
9.9973E-05 0.104238 0.0560885 0.0327531 0.554231 0.25239 9.9973E-05 9.9973E-05
9.9973E-05 0.078362 0.0295809 0.0831 0.524441 0.284216 9.9973E-05 9.9973E-05
0.0155372 0.0940526 0.0300432 0.0479232 0.597196 0.215048 9.9982E-05 9.9982E-05
0.044811 0.101148 0.0277547 0.0697405 0.605614 0.150731 9.9982E-05 9.9982E-05
0.0146583 0.14615 9.9973E-05 9.9973E-05 0.358287 0.0272118 0.453393 9.9973E-05
0.020958 0.157855 9.9982E-05 0.0619366 0.379616 9.9982E-05 0.363841 0.0155938
9.9973E-05 0.0805189 9.9973E-05 0.00841875 0.416111 0.00754097 0.48711 9.9973E-05
0.0802357 0.129063 0.019326 9.9991E-05 0.45934 0.0389355 0.233263 0.0397355
0.042854 0.182441 0.0157087 0.0185395 0.205666 0.0420669 0.469607 0.0231167
0.0385881 0.144514 0.00631785 9.9991E-05 0.480741 0.0103045 0.308246 0.0111886
0.0203858 0.117617 9.9991E-05 0.0341204 0.213338 0.0364497 0.562455 0.0155343
9.9991E-05 0.105582 0.0363688 0.0355926 0.366438 0.0479816 0.335154 0.0727834
0.0248018 0.027613 9.9982E-05 0.0566777 0.494749 0.368986 0.0269723 9.9982E-05
0.0591662 0.133853 9.9991E-05 0.0508427 0.37502 0.026875 0.338061 0.0160823
9.9982E-05 0.198286 9.9982E-05 0.00496765 0.125408 0.0837642 0.582551 0.00482364
0.0814755 0.103559 0.0613497 9.9991E-05 0.359223 0.0317571 0.359175 0.00336026
0.0333304 0.121024 0.070539 0.136901 0.293545 0.344461 9.9982E-05 9.9982E-05
9.9973E-05 0.00837488 9.9973E-05 9.9973E-05 0.638477 0.309439 0.0229301 0.0204789
0.00897949 0.147031 9.9991E-05 0.0605878 0.360401 0.0480674 0.347322 0.0275106
9.9973E-05 0.0902536 0.0483949 0.0589111 0.564354 0.237786 9.9973E-05 9.9973E-05
0.0061986 0.1188 0.0866661 0.0181067 0.483309 0.286719 9.9982E-05 9.9982E-05
0.0634395 0.178943 9.9991E-05 0.00871531 0.323348 0.172346 0.19561 0.0574977
9.9991E-05 0.182913 0.0170838 0.00812147 0.361899 0.13835 0.254701 0.0368314
0.0540816 0.0993489 0.0163681 0.0736771 0.547287 0.134754 0.0743837 9.9991E-05
0.0156303 0.179188 0.0644051 0.0203751 0.444552 0.0142696 0.261479 9.9991E-05
0.000521824 0.0949886 0.0438534 9.9982E-05 0.415741 9.9982E-05 0.437735 0.00695974
9.9973E-05 0.169453 9.9973E-05 9.9973E-05 0.127404 0.0822629 0.613832 0.00674765
0.0287361 0.0514815 0.0426727 0.0663337 0.620173 0.12756 0.0548021 0.00824067
9.9973E-05 0.0785165 0.0499604 0.053906 0.460269 0.357048 9.9973E-05 9.9973E-05
0.00206826 0.00727097 9.9973E-05 0.0351295 0.201061 0.754171 9.9973E-05 9.9973E-05
0.0546828 0.154441 0.0552583 0.0154972 0.559156 0.127932 0.0248717 0.00816019
0.00418092 0.0636766 0.177277 0.0116914 0.423655 0.27103 0.0161671 0.0323215
0.0389203 0.178363 0.0589594 0.00182771 0.489198 0.113009 0.115953 0.00376994
0.0211261 0.139803 0.0581635 0.00707106 0.492425 0.189058 0.0825919 0.0097623
9.9964E-05 0.28058 9.9964E-05 9.9964E-05 9.9964E-05 0.600603 0.110796 0.00762079
