0.882679 9.9973E-05 9.9973E-05 0.0184494 0.019045 0.0377435 0.0417829 9.9973E-05
0.945309 9.9964E-05 9.9964E-05 9.9964E-05 0.00142403 0.0280887 9.9964E-05 0.0247788
0.858296 0.0220336 9.9982E-05 0.0552545 0.000456092 0.0276194 9.9982E-05 0.0361399
0.801376 0.0179128 9.9973E-05 0.141234 0.00547573 0.0337018 9.9973E-05 9.9973E-05
0.921734 9.9955E-05 9.9955E-05 0.076045 9.9955E-05 0.00172094 9.9955E-05 9.9955E-05
0.618984 0.143694 9.9991E-05 0.101774 0.067379 0.0185659 0.0404072 0.00909556
0.756766 0.144304 9.9973E-05 0.00193596 0.0497127 0.0469813 9.9973E-05 9.9973E-05
0.678132 0.167004 0.000822889 0.0191209 0.0847833 0.0457819 0.0042552 9.9991E-05
0.790874 0.0439744 9.99639E-05 9.99639E-05 0.133762 0.0309897 9.99639E-05 9.99639E-05
0.756871 0.123475 9.9982E-05 0.0486928 0.0691049 0.000556378 0.00109914 9.9982E-05
0.720644 0.112811 9.9973E-05 0.103492 0.0473939 0.0153588 9.9973E-05 9.9973E-05
0.0226364 0.0854817 9.9982E-05 0.241466 0.48095 9.9982E-05 0.0400484 0.129218
0.037869 0.0403633 0.000743174 0.595704 0.229099 0.0359077 0.00157304 0.0587401
0.0230245 0.108102 0.00279349 0.324107 0.449504 0.00469937 0.0211155 0.0666544
0.0436596 0.0464131 9.9982E-05 0.284719 0.458828 9.9982E-05 0.122157 0.0440233
0.0818327 0.0824471 9.9991E-05 0.464995 0.287747 0.00225716 0.072166 0.00845543
0.0403191 0.0722849 0.0323398 0.601545 0.195406 9.9991E-05 0.0358841 0.0221208
9.999E-05 0.0702674 0.00516674 0.493883 0.265395 0.0247142 0.0448954 0.0955776
0.100438 0.0934087 9.9991E-05 0.287592 0.425269 0.013698 0.0583396 0.0211547
0.00439356 0.167762 9.9982E-05 0.0861678 0.686582 0.00238041 9.9982E-05 0.0525143
0.021709 0.115523 9.9991E-05 0.458171 0.307412 0.00644359 0.0139898 0.0766528
0.0128207 0.232011 0.0390389 0.447858 0.174677 9.99908E-05 0.0293125 0.0641814
0.0158662 0.0214413 0.0049973 0.540404 0.230786 0.0383081 0.04026 0.107937
0.0524984 0.11041 9.9982E-05 0.274638 0.441785 9.9982E-05 0.0309453 0.089523
0.0862126 0.0323507 0.01614 0.62915 0.145321 0.0243652 0.0454907 0.0209688
0.0390687 0.0621251 9.9991E-05 0.567897 0.268496 0.00778968 0.0142712 0.0402525
0.0554513 0.0770387 9.9973E-05 0.277994 0.499338 9.9973E-05 9.9973E-05 0.0898784
0.0372065 0.100117 9.9982E-05 0.281915 0.431728 9.9982E-05 0.0720484 0.0767849
0.000714171 0.169483 9.9973E-05 0.267623 0.461617 9.9973E-05 9.9973E-05 0.100262
9.994E-05 9.994E-05 9.994E-05 9.994E-05 9.994E-05 0.9993 9.994E-05 9.994E-05
9.994E-05 9.994E-05 9.994E-05 9.994E-05 9.994E-05 0.9993 9.994E-05 9.994E-05
0.445633 9.9973E-05 9.9973E-05 0.0316216 0.0263934 0.402051 0.0940012 9.9973E-05
0.496363 9.9973E-05 9.9973E-05 0.124699 9.9973E-05 0.312057 0.0495684 0.0170127
0.0523391 0.0789313 0.0123895 0.512372 0.129487 0.00235737 9.9991E-05 0.212023
0.094473 0.0281707 9.9991E-05 0.555438 0.0466532 0.0329586 0.0344662 0.20774
0.0125624 0.0516447 9.9982E-05 0.52837 0.0230057 9.9982E-05 0.0212257 0.362991
0.0269957 9.9982E-05 0.0101856 0.187265 0.66334 9.9982E-05 0.0160509 0.0959623
9.9982E-05 0.0975615 0.0258914 0.229826 9.9982E-05 0.00729254 0.0322097 0.607019
0.0144796 9.9982E-05 9.9982E-05 0.523063 0.158037 0.0367246 0.0481848 0.219311
0.0501831 0.0563828 9.9973E-05 0.684843 9.9973E-05 0.00818935 9.9973E-05 0.200102
0.084546 0.227253 9.9982E-05 0.555443 0.0565975 0.0114027 9.9982E-05 0.0645569
0.0713825 0.118597 9.9982E-05 0.603546 0.0749079 0.0124231 9.9982E-05 0.118943
0.00274347 9.9973E-05 9.9973E-05 0.162421 0.190748 0.0193366 9.9973E-05 0.624451
0.0314361 0.246662 9.9982E-05 0.666805 0.020756 0.0232468 0.0108938 9.9982E-05
0.0353643 0.0239192 9.9991E-05 0.538252 0.0576707 0.017073 0.0578311 0.26979
0.118203 0.0840537 0.025481 0.592075 9.9991E-05 0.0168098 0.0589865 0.104291
9.9964E-05 0.00665021 0.0593663 0.319979 9.9964E-05 9.9964E-05 9.9964E-05 0.613604
0.0794056 0.0240628 9.9982E-05 0.595155 0.0519684 9.9982E-05 0.0314396 0.217769
0.0845074 0.0230229 0.0228865 0.548854 0.0706037 0.044684 0.0631034 0.142338
9.9955E-05 0.310309 0.00654062 9.9955E-05 9.9955E-05 9.9955E-05 9.9955E-05 0.682651
9.9973E-05 0.0543713 0.0412205 0.194538 0.595675 9.9973E-05 9.9973E-05 0.113896
9.9982E-05 0.269781 0.137872 0.147228 0.258492 9.9982E-05 0.0475097 0.138918
0.0309514 0.105384 0.0415021 0.58103 0.162135 0.0154463 0.0463608 0.0171906
0.0931466 0.0966708 0.0431226 0.563464 0.12563 9.9991E-05 0.0572893 0.0205762
0.08739 0.084208 0.0497587 0.643457 0.0868651 9.9982E-05 0.0481213 9.9982E-05
0.0954151 0.0709988 9.9982E-05 0.209582 0.514795 0.00517277 9.9982E-05 0.103836
9.9982E-05 0.00464972 0.0256265 0.544954 0.299118 0.022897 9.9982E-05 0.102555
0.0869241 0.0606958 9.9991E-05 0.565833 0.111148 0.00373709 0.0558316 0.115731
0.119706 0.0468304 0.0742688 0.430146 0.267505 9.9991E-05 0.01301 0.0484343
0.135911 0.104481 9.9982E-05 0.139383 0.501899 9.9982E-05 0.0147004 0.103425
0.045724 9.9991E-05 0.03645 0.540628 0.209919 0.010094 0.0559708 0.101115
0.0596796 0.0356238 0.0204973 0.497308 0.240195 0.0380422 0.012088 0.0965658
0.0162262 0.148236 9.9982E-05 0.101228 0.577972 0.0572153 9.9982E-05 0.0989232
9.9982E-05 0.0365395 0.0394611 0.423537 0.361913 0.0049695 9.9982E-05 0.13338
0.0493402 9.9991E-05 0.174276 0.51866 0.128595 0.0128735 0.0411686 0.074987
0.0476985 0.0924675 0.0578173 0.626044 0.0996312 0.0369706 9.9991E-05 0.0392709
0.0466056 0.057735 9.9991E-05 0.279047 0.398191 0.0438338 0.0405788 0.133909
0.0305956 0.0423966 0.0602388 0.477659 0.215935 0.0591971 0.026701 0.0872764
9.9991E-05 0.0494481 0.0342927 0.561525 0.21116 0.0318557 0.0499436 0.0616741
9.9982E-05 0.0897339 0.00962021 0.261502 0.504098 0.0236266 9.9982E-05 0.111218
0.0569644 9.9973E-05 9.9973E-05 0.452751 0.000504518 0.0158509 9.9973E-05 0.473629
0.018039 9.9982E-05 9.9982E-05 0.183695 0.0649775 0.0150798 0.0040675 0.713941
0.0846342 9.9991E-05 0.0812273 0.506396 0.0594887 0.0125637 0.0457624 0.209828
9.9964E-05 0.0876513 0.0697704 9.9964E-05 9.9964E-05 9.9964E-05 0.0160964 0.826082
9.9955E-05 0.102512 0.0374202 9.9955E-05 9.9955E-05 9.9955E-05 9.9955E-05 0.859568
9.9973E-05 0.0460191 0.0433621 0.188543 9.9973E-05 9.9973E-05 0.0319782 0.689797
0.044145 9.9982E-05 0.000235325 0.444773 0.0578885 0.0316645 9.9982E-05 0.421094
0.15986 0.0158947 0.0617569 0.528796 0.0471133 0.0202187 0.0317957 0.134565
9.9964E-05 9.9964E-05 9.9964E-05 0.453382 9.9964E-05 0.000220839 0.0356751 0.510322
0.0407269 9.9964E-05 9.9964E-05 0.149555 0.187742 9.9964E-05 9.9964E-05 0.621576
9.9964E-05 9.9964E-05 9.9964E-05 0.287086 0.182411 0.00777804 9.9964E-05 0.522325
0.0786526 0.0223838 0.0735573 0.497698 0.0055785 0.0172635 0.0655535 0.239313
0.029475 9.9982E-05 9.9982E-05 0.31135 0.0974342 0.0121281 0.00538435 0.544028
9.9964E-05 9.9964E-05 9.9964E-05 0.417382 0.0749424 0.0641659 9.9964E-05 0.44311
0.00253372 0.0295879 0.025569 0.436149 9.9973E-05 9.9973E-05 9.9973E-05 0.50586
9.9955E-05 0.21628 0.103677 9.9955E-05 9.9955E-05 9.9955E-05 9.9955E-05 0.679544
0.0428567 0.0247001 9.9982E-05 0.60848 9.9982E-05 0.00739161 0.0153534 0.301018
0.798993 9.9964E-05 9.9964E-05 0.0699656 0.0589128 0.0717287 9.9964E-05 9.9964E-05
0.84521 9.9955E-05 9.9955E-05 0.0673588 9.9955E-05 0.0869318 9.9955E-05 9.9955E-05
0.827432 9.9964E-05 9.9964E-05 0.103097 9.9964E-05 0.0473579 0.021713 9.9964E-05
0.897001 9.9964E-05 9.9964E-05 0.0189408 9.9964E-05 0.0479122 0.0357457 9.9964E-05
0.900051 9.9964E-05 0.0166268 9.9964E-05 9.9964E-05 0.0538148 0.0291076 9.9964E-05
0.852603 9.9982E-05 0.00253419 0.0850971 9.9982E-05 0.010529 0.0442912 0.00474515
0.885947 9.9955E-05 9.9955E-05 0.0791027 9.9955E-05 0.0344508 9.9955E-05 9.9955E-05
0.0940968 9.9991E-05 0.0332639 0.550568 0.0545632 0.0150088 0.0681149 0.184285
0.0838466 0.0240906 0.100693 0.579418 0.0168483 0.0466419 0.0603088 0.088153
0.054082 9.9973E-05 0.000287303 0.0439654 0.175954 9.9973E-05 9.9973E-05 0.725411
0.0806786 9.9982E-05 0.0306005 0.571911 0.0740293 9.9982E-05 0.0418428 0.200737
0.0501059 9.9973E-05 9.9973E-05 0.360055 0.0865957 0.0208911 9.9973E-05 0.482052
0.0336946 9.9982E-05 9.9982E-05 0.533662 0.0334334 0.0312068 0.00222554 0.365577
0.0177371 0.0732858 0.0494794 0.536421 0.015935 0.0137718 0.00368623 0.289684
0.0518557 9.9982E-05 0.030882 0.461134 0.0321016 9.9982E-05 0.0342624 0.389564
0.0389612 9.9964E-05 9.9964E-05 0.0092937 0.269743 9.9964E-05 9.9964E-05 0.681603
0.0842548 0.0533683 0.0201186 0.503653 0.0865059 0.0216792 0.0350809 0.195339
0.0581244 0.0437361 9.9982E-05 0.635772 0.0680149 9.9982E-05 0.0551606 0.138992
0.100979 0.000601662 0.0555604 0.513118 0.100758 0.0188946 0.0698613 0.140228
9.9991E-05 0.121299 0.0823908 0.272126 0.00688371 0.0176611 0.00559842 0.493941
9.9982E-05 0.0037951 0.0991752 0.482414 9.9982E-05 0.0162703 0.00671854 0.391427
0.0359133 9.9964E-05 9.9964E-05 0.47001 0.114463 9.9964E-05 9.9964E-05 0.379214
9.9973E-05 0.0122368 0.0877298 0.370036 9.9973E-05 0.00273015 9.9973E-05 0.526968
0.0609881 9.9973E-05 9.9973E-05 0.442738 0.115067 0.00284148 9.9973E-05 0.378066
0.060101 0.0449383 0.0271153 0.543655 0.0853012 0.0124865 0.0244176 0.201985
9.9991E-05 0.109484 0.155152 0.288126 0.364317 0.0246058 0.0562603 0.00195497
0.0549133 0.12029 9.9982E-05 0.464111 0.349295 0.0104361 9.9982E-05 0.000755761
0.12191 0.067641 9.9991E-05 0.644949 0.110605 0.0325434 0.000504636 0.0217473
0.08082 0.0779963 0.0220523 0.572177 0.151175 9.9991E-05 0.0300684 0.0656105
0.0248301 0.0657495 9.9982E-05 0.487745 0.373775 0.043139 0.00456111 9.9982E-05
0.0152888 0.0248852 0.0441127 0.588981 0.244592 0.0198698 0.0621697 9.9991E-05
0.0558356 0.0201777 0.0515747 0.469891 0.395172 0.00221394 0.00503451 9.9991E-05
0.0207392 0.12351 0.0626831 0.519095 0.159927 0.0425535 0.050456 0.0210365
0.0536237 0.0472805 0.0767189 0.590899 0.161504 0.0167351 0.0336842 0.0195553
0.015918 0.0816333 0.000854836 0.616572 0.284722 9.9973E-05 9.9973E-05 9.9973E-05
0.0209385 0.0112126 0.0414519 0.580115 0.306481 0.0232126 9.9991E-05 0.0164879
0.0632218 0.0604611 0.0529501 0.654011 0.126627 9.9991E-05 0.00128757 0.0413412
0.123109 0.0251447 0.0808246 0.593353 0.127291 9.9991E-05 0.0460776 0.0041002
0.00898376 0.0116268 0.106603 0.562688 0.184203 9.9991E-05 0.0851921 0.0406033
0.0544864 0.0194037 0.122974 0.522317 0.131484 0.0186761 0.0875811 0.0430774
0.00923453 0.0366256 0.1515 0.537001 0.155938 0.00876361 0.0641532 0.0367835
0.0486028 0.145211 0.123884 0.323595 0.237311 0.0139659 0.0786245 0.0288052
0.0538533 0.040537 0.0607153 0.626106 0.124052 0.0246106 0.0254637 0.044663
0.0365782 0.0707033 0.087999 0.622976 0.138991 0.0041129 0.0385402 9.9991E-05
0.0062532 0.0367761 0.0160554 0.214212 0.587428 9.9991E-05 0.0323102 0.106865
9.9982E-05 0.237765 0.186893 0.164461 0.333194 9.9982E-05 0.045263 0.0322231
0.0792834 0.0989432 0.000116675 0.553632 0.165659 0.00492951 0.0189928 0.0784432
9.9973E-05 0.232194 0.231389 0.0813718 0.363579 9.9973E-05 9.9973E-05 0.0911663
9.9982E-05 0.0376605 0.0167916 0.356069 0.515347 0.0258105 9.9982E-05 0.0481215
9.9964E-05 9.9964E-05 0.0338201 0.470747 0.436213 9.9964E-05 9.9964E-05 0.0588194
9.9982E-05 0.0114784 0.00209756 0.384306 0.46924 0.0163437 9.9982E-05 0.116335
9.9973E-05 0.000646961 0.0686732 0.358174 0.523376 9.9973E-05 9.9973E-05 0.0488294
0.0521704 0.041284 0.0383313 0.599455 0.207668 0.0214853 9.9991E-05 0.0395061
0.117995 0.0293502 0.00945524 0.576344 0.165032 9.9991E-05 0.0345831 0.0671413
0.016462 0.042327 0.0283382 0.569846 0.23834 9.9991E-05 0.0519541 0.052633
9.9982E-05 0.210488 0.111048 0.20092 0.388084 9.9982E-05 0.0104693 0.0787904
0.12822 0.145642 0.0158531 0.536397 0.0806005 0.0145388 0.00835827 0.0703902
0.0464424 0.243609 0.0483673 0.483178 0.0440513 0.00118986 0.0437206 0.0894414
0.0647527 0.607538 0.0888559 9.9973E-05 0.10775 9.9973E-05 9.9973E-05 0.130803
0.0710107 0.164333 9.9982E-05 0.638556 0.0540939 9.9982E-05 0.0559919 0.0158138
0.0588326 0.327608 0.102743 0.322348 0.08809 9.9991E-05 0.00501268 0.0952659
0.0805919 0.181686 0.0298866 0.545965 0.0397008 0.0411191 0.0650104 0.0160401
0.0119676 0.402456 0.0402121 0.24535 0.186627 0.0296218 9.9991E-05 0.083665
9.9982E-05 0.509902 0.108825 0.109856 0.177938 0.0168945 9.9982E-05 0.076385
0.0138823 0.276272 0.109014 0.418361 0.111481 0.00577017 9.9991E-05 0.0651188
0.0857378 0.144025 0.0891358 0.477026 0.0902141 0.0324448 0.0529525 0.0284642
0.141967 0.172387 0.0232194 0.407304 0.116194 0.0304048 0.0342973 0.0742266
9.9991E-05 0.400643 0.134345 0.113825 0.111806 0.00682803 0.0529436 0.17951
0.0979909 0.0728475 0.151863 0.516516 0.0920856 9.9991E-05 0.0448126 0.0237844
9.9973E-05 0.409086 0.0869711 0.341191 0.0708057 9.9973E-05 9.9973E-05 0.0916459
9.9973E-05 0.275368 0.0653664 0.440402 0.106463 9.9973E-05 9.9973E-05 0.1121
0.112995 0.129905 0.047802 0.534952 0.0546038 0.00721352 0.0700862 0.042442
0.292986 0.275059 9.9982E-05 0.132759 0.0029619 0.0470061 0.249028 9.9982E-05
0.406808 0.457386 9.9964E-05 9.9964E-05 9.9964E-05 0.00417571 0.131231 9.9964E-05
0.38492 0.478479 9.9964E-05 9.9964E-05 9.9964E-05 0.0156679 0.120533 9.9964E-05
0.322646 0.320281 9.9964E-05 0.0823417 9.9964E-05 9.9964E-05 0.274331 9.9964E-05
9.9982E-05 0.237105 0.0656712 0.608877 0.0128414 0.0174132 9.9982E-05 0.0578919
0.0564919 0.108345 0.0160271 0.644826 0.0736366 0.0105627 9.9991E-05 0.0900107
9.9955E-05 9.9955E-05 9.9955E-05 0.3042 0.0437335 9.9955E-05 0.651567 9.9955E-05
0.0164844 9.9982E-05 9.9982E-05 0.374751 0.116399 0.00386848 0.44585 0.0424476
0.0329074 9.9991E-05 0.0303961 0.337428 0.0942489 0.0146456 0.429668 0.0606059
9.9973E-05 0.456912 0.163057 0.285032 0.0504856 9.9973E-05 9.9973E-05 0.0442132
0.0640797 0.175663 0.0518441 0.50178 0.147157 0.0270044 0.0156902 0.016781
9.9973E-05 0.501853 0.0901869 0.268022 0.0951714 9.9973E-05 9.9973E-05 0.0444669
0.0748701 0.211313 0.0833304 0.573966 0.0329504 0.00409855 9.9991E-05 0.0193715
0.0503863 0.298423 0.118346 0.484276 0.0482683 9.9973E-05 9.9973E-05 9.9973E-05
9.9973E-05 0.301984 0.0866744 0.595903 9.9973E-05 0.0116964 0.00344212 9.9973E-05
9.9973E-05 0.590191 0.112995 0.234573 0.0426136 9.9973E-05 9.9973E-05 0.0193262
0.0251372 0.14149 0.0415339 0.656548 0.0128355 0.0458745 0.0253347 0.0512463
0.090166 0.184871 0.0545306 0.62069 0.0333261 0.016217 9.9982E-05 9.9982E-05
9.9964E-05 0.000388628 9.9964E-05 0.0245971 0.0090761 9.9964E-05 0.965538 9.9964E-05
9.9964E-05 9.9964E-05 0.0128536 0.0867099 0.0126707 9.9964E-05 0.887366 9.9964E-05
0.0690495 9.9982E-05 9.9982E-05 0.337844 0.0430957 0.0045945 0.528493 0.0167235
9.9973E-05 9.9973E-05 0.00224102 0.366079 0.0114512 0.019032 0.600897 9.9973E-05
9.9964E-05 9.9964E-05 9.9964E-05 0.130752 0.0366382 0.0093073 0.822903 9.9964E-05
9.994E-05 9.994E-05 9.994E-05 9.994E-05 9.994E-05 9.994E-05 0.9993 9.994E-05
9.9955E-05 9.9955E-05 0.0300963 9.9955E-05 0.0285313 9.9955E-05 0.940873 9.9955E-05
9.9946E-05 9.9946E-05 9.9946E-05 0.150522 9.9946E-05 9.9946E-05 0.848878 9.9946E-05
9.99556E-05 9.99556E-05 9.99556E-05 9.99556E-05 0.0708217 9.99556E-05 0.927655 0.00102358
9.994E-05 9.994E-05 9.994E-05 9.994E-05 9.994E-05 9.994E-05 0.9993 9.994E-05
9.994E-05 9.994E-05 9.994E-05 9.994E-05 9.994E-05 9.994E-05 0.9993 9.994E-05
0.0119716 9.9964E-05 9.9964E-05 0.221926 9.9964E-05 0.0151374 0.750565 9.9964E-05
0.0376442 9.9973E-05 9.9973E-05 0.110887 0.0571981 0.00500058 0.78897 9.9973E-05
9.9946E-05 9.9946E-05 9.9946E-05 9.9946E-05 9.9946E-05 0.00126717 0.998133 9.9946E-05
0.0662207 9.9991E-05 0.103456 0.324574 0.0819751 0.0116865 0.377657 0.0343318
0.0269401 0.00393332 9.9991E-05 0.238767 0.0530453 0.00767281 0.65168 0.0178618
0.0397662 9.9973E-05 9.9973E-05 0.177487 9.9973E-05 0.00329936 0.77408 0.00506797
9.9955E-05 9.9955E-05 9.9955E-05 0.085445 0.0263483 9.9955E-05 0.887707 9.9955E-05
9.994E-05 9.994E-05 9.994E-05 9.994E-05 9.994E-05 9.994E-05 0.9993 9.994E-05
0.000415902 9.9964E-05 9.9964E-05 0.0191619 9.9964E-05 0.00173231 0.97829 9.9964E-05
9.9946E-05 9.9946E-05 9.9946E-05 9.9946E-05 9.9946E-05 0.0107322 0.988668 9.9946E-05
0.0404947 9.9982E-05 9.9982E-05 0.261809 0.0187051 0.0151196 0.631766 0.031906
0.00194266 9.9964E-05 9.9964E-05 9.9964E-05 9.9964E-05 0.0081099 0.965135 0.0244121
0.225293 0.648937 0.0657181 9.9964E-05 9.9964E-05 9.9964E-05 0.059652 9.9964E-05
0.141913 0.292009 0.01559 0.383786 0.0768426 0.0212729 0.0684868 9.9991E-05
0.131665 0.325647 0.0358249 0.469271 0.000732668 0.00451287 0.0322461 9.9991E-05
0.154838 0.529251 9.9973E-05 0.228057 9.9973E-05 0.00356248 0.0839917 9.9973E-05
0.0535651 0.177476 9.9991E-05 0.482325 0.101588 0.0125577 0.121389 0.0509989
0.159666 0.578373 9.9982E-05 0.123705 9.9982E-05 0.0176945 0.118543 0.00181803
0.114185 0.199974 0.00513954 0.433294 0.0356371 0.030835 0.10892 0.0720154
0.177168 0.408197 0.00162782 0.337617 9.9973E-05 9.9973E-05 0.075089 9.9973E-05
0.129565 0.238062 0.00231568 0.4833 9.9982E-05 0.023669 0.122888 9.9982E-05
0.145991 0.320547 9.9982E-05 0.373195 9.9982E-05 0.0259845 0.116722 0.0173608
0.15207 0.157193 0.0433155 0.425225 0.0609354 0.0318755 0.0915124 0.0378725
0.880699 0.0159372 0.000414922 0.0695474 9.9982E-05 0.0151325 9.9982E-05 0.0180691
0.889529 9.9973E-05 0.0201309 9.9973E-05 9.9973E-05 0.0220947 0.0654996 0.00244568
0.917759 9.9973E-05 0.0180757 0.00937361 0.0199236 0.0345681 9.9973E-05 9.9973E-05
0.94467 0.0239836 9.9964E-05 9.9964E-05 9.9964E-05 0.0111172 9.9964E-05 0.0198291
0.864824 0.0120132 9.9973E-05 0.0698711 0.0144313 0.0385607 9.9973E-05 9.9973E-05
0.934286 0.00558186 9.9973E-05 9.9973E-05 0.001584 0.0462 0.0120482 9.9973E-05
0.848229 9.9973E-05 9.9973E-05 0.0413987 0.0213043 0.0705965 0.0181718 9.9973E-05
0.896973 0.0176317 0.00288922 9.9973E-05 0.0395558 0.0426505 9.9973E-05 9.9973E-05
0.867432 0.0301183 9.9982E-05 0.0202253 9.9982E-05 0.0390865 0.00932072 0.033617
0.872415 0.0493886 9.9982E-05 0.0238587 0.000751933 0.0338957 0.0194898 9.9982E-05
0.583361 0.0654146 9.9973E-05 9.9973E-05 0.308709 0.00295919 9.9973E-05 0.0392556
0.586267 0.0305742 0.00330359 9.9982E-05 0.341839 0.0242607 9.9982E-05 0.0135557
0.528262 0.0787077 0.00879158 9.9982E-05 0.342235 0.0167387 9.9982E-05 0.0250653
0.452836 0.0911906 9.9964E-05 9.9964E-05 0.409987 9.9964E-05 9.9964E-05 0.0455865
0.0420284 9.9973E-05 9.9973E-05 0.490505 0.147113 0.0437361 9.9973E-05 0.276318
0.0364048 9.9982E-05 0.0448528 0.46537 0.101069 9.9982E-05 0.059571 0.292532
0.0104594 9.9982E-05 0.0116527 0.585698 0.192807 9.9982E-05 0.0188889 0.180294
0.000104467 9.9973E-05 9.9973E-05 0.35433 0.286376 0.035936 9.9973E-05 0.322953
9.9982E-05 0.0482464 0.0353295 0.232504 0.599782 9.9982E-05 0.00233339 0.0816056
0.069745 9.9973E-05 0.0663406 0.674287 0.0604746 9.9973E-05 9.9973E-05 0.128853
9.9973E-05 9.9973E-05 0.00852098 0.602489 0.115885 9.9973E-05 0.00407395 0.268731
9.9982E-05 0.0787165 0.0791069 0.557412 0.0370479 0.0144486 9.9982E-05 0.233069
9.9964E-05 9.9964E-05 0.0504729 0.365321 9.9964E-05 9.9964E-05 0.00684919 0.576957
0.0569488 0.0827602 0.0439058 0.579369 0.0771908 0.0232309 0.013788 0.122807
0.0182924 9.9973E-05 9.9973E-05 0.403326 0.0742961 0.0173217 9.9973E-05 0.486463
9.9955E-05 0.0886029 0.12993 9.9955E-05 9.9955E-05 9.9955E-05 9.9955E-05 0.780967
0.0507562 0.00920672 0.0612532 0.527301 0.153621 0.0181862 0.049605 0.130071
9.9964E-05 0.108546 0.0898275 0.166017 9.9964E-05 9.9964E-05 9.9964E-05 0.63521
0.0313666 9.9982E-05 0.0482597 0.51043 0.0497175 0.0285225 9.9982E-05 0.331504
0.0093559 9.9964E-05 9.9964E-05 0.140052 0.207431 9.9964E-05 9.9964E-05 0.642762
0.147602 0.0684013 0.0238254 9.9964E-05 0.759771 9.9964E-05 9.9964E-05 9.9964E-05
0.139262 0.0216917 0.0234969 0.0779246 0.737325 9.9973E-05 9.9973E-05 9.9973E-05
0.0960431 0.0337253 9.9982E-05 0.0313382 0.794669 0.0109984 9.9982E-05 0.0330261
0.1162 0.0815465 9.9964E-05 9.9964E-05 0.800237 9.9964E-05 9.9964E-05 0.00161702
0.0707537 0.0329387 9.9964E-05 0.114102 0.781806 9.9964E-05 9.9964E-05 9.9964E-05
0.113955 0.0380865 0.0113357 0.10686 0.729463 9.9973E-05 9.9973E-05 9.9973E-05
0.861183 9.9973E-05 9.9973E-05 0.0249487 9.9973E-05 0.0148145 0.037117 0.0616367
0.840138 9.9964E-05 9.9964E-05 0.120283 9.9964E-05 9.9964E-05 0.00117464 0.0380048
0.753492 9.9973E-05 0.0328898 0.132756 9.9973E-05 0.0341099 0.0464522 9.9973E-05
0.842984 9.9973E-05 9.9973E-05 0.0133602 9.9973E-05 0.00105344 0.0775744 0.0647275
0.770029 0.0207614 9.9982E-05 0.141508 0.0074755 0.0361499 0.0238767 9.9982E-05
0.378464 0.0537267 9.9964E-05 9.9964E-05 0.553604 0.013805 9.9964E-05 9.9964E-05
0.409514 0.0272324 0.0443433 9.9973E-05 0.49391 0.0247011 9.9973E-05 9.9973E-05
0.415156 9.9982E-05 0.0397198 0.0132983 0.50641 0.022087 0.00312828 9.9982E-05
9.99459E-05 9.99459E-05 9.99459E-05 9.99459E-05 0.000885627 0.998515 9.99459E-05 9.99459E-05
0.368495 9.99645E-05 0.0686081 9.99645E-05 0.524898 0.0375994 9.99645E-05 9.99645E-05
0.235692 0.150312 0.0234172 0.28141 9.9982E-05 0.0322678 0.276701 9.9982E-05
0.134243 0.0780561 0.00634897 0.536219 0.0407639 0.00879454 0.179837 0.0157369
0.19693 9.9964E-05 0.00251294 0.54477 9.9964E-05 9.9964E-05 0.255387 9.9964E-05
0.260577 0.123732 9.9973E-05 0.301655 9.9973E-05 9.9973E-05 0.267051 0.046684
0.128712 0.0776378 9.9991E-05 0.547995 0.104711 0.0449072 0.0799871 0.01595
0.383777 0.298118 9.9964E-05 9.9964E-05 9.9964E-05 0.0169064 0.300799 9.9964E-05
9.9982E-05 0.0305887 0.0259582 0.431055 0.434536 0.000883923 9.9982E-05 0.0767779
9.9973E-05 0.117926 0.130684 0.432755 0.23184 9.9973E-05 9.9973E-05 0.0864952
0.000549204 0.0735484 0.00134517 0.314817 0.523862 0.000120462 9.9991E-05 0.0856579
9.9982E-05 0.0698072 0.175289 0.494237 0.190786 9.9982E-05 0.00854874 0.0611321
9.9964E-05 0.360616 0.267423 9.9964E-05 0.293451 9.9964E-05 9.9964E-05 0.0781111
0.0567636 0.0868297 0.0134108 0.5743 0.184729 0.0300999 9.9991E-05 0.0537666
0.0069122 0.0719522 0.108617 0.51001 0.177294 0.00901737 0.0519879 0.0642098
0.0256164 0.0853431 0.00253421 0.363816 0.45814 0.0191044 9.9991E-05 0.045346
0.0745551 0.0314299 0.0254299 0.537476 0.203188 9.9991E-05 0.0404723 0.0873488
9.9973E-05 0.258908 0.120626 0.15413 0.313367 9.9973E-05 9.9973E-05 0.152669
0.00714865 0.114825 0.0441829 0.583117 0.182283 0.000216052 9.9991E-05 0.0681282
9.9982E-05 0.025028 0.0665355 0.523099 0.320908 9.9982E-05 0.0160135 0.0482169
0.0919723 0.139159 0.0570427 0.382537 0.0899214 9.9991E-05 0.161646 0.0776219
9.9982E-05 0.153765 0.146334 0.338473 0.259726 9.9982E-05 0.000984072 0.100518
9.9982E-05 0.193066 0.0986831 0.391926 0.191981 9.9982E-05 0.0327029 0.0914413
9.9982E-05 0.0756366 0.0948265 0.573872 0.15157 9.9982E-05 0.019911 0.083984
9.9973E-05 0.101371 0.100873 0.555326 0.155958 9.9973E-05 9.9973E-05 0.0861723
9.9991E-05 0.0747921 0.0875649 0.635134 0.129054 0.0221001 0.0286221 0.0226328
0.0470352 0.0594945 0.0255734 0.553345 0.179608 0.00336409 0.054453 0.0771259
0.0654773 0.0571102 0.0356108 0.556815 0.176399 0.0284624 0.037536 0.0425896
0.829441 9.9964E-05 9.9964E-05 0.120274 9.9964E-05 0.0199882 0.029897 9.9964E-05
0.862365 9.9955E-05 9.9955E-05 0.122497 9.9955E-05 0.0146385 9.9955E-05 9.9955E-05
0.826429 0.0254879 9.9982E-05 0.0458311 0.0182705 0.0557155 9.9982E-05 0.0280662
0.892475 9.9973E-05 0.0108246 9.9973E-05 9.9973E-05 0.024261 0.0549945 0.0171447
0.878787 9.9955E-05 9.9955E-05 0.0915579 9.9955E-05 0.0291554 9.9955E-05 9.9955E-05
0.00389494 0.0987727 9.9991E-05 0.133644 0.626733 0.0119813 0.0365756 0.0882983
9.9991E-05 0.0404306 0.126278 0.520176 0.204042 0.0221443 0.0370986 0.0497309
0.204284 0.108721 0.0365668 0.395768 0.0449793 9.9982E-05 0.209481 9.9982E-05
0.00248594 0.00635282 0.0142985 0.619242 0.210353 0.0322154 0.0590724 0.05598
0.0399393 9.99785E-05 9.99785E-05 0.501376 0.329722 9.99785E-05 0.0314688 0.0971935
9.9991E-05 0.227213 0.145 0.280377 0.271168 0.00601256 0.00183513 0.0682951
0.0395037 0.0433952 9.9991E-05 0.0240839 0.766739 0.0318506 0.0105042 0.0838231
0.0482397 0.0445972 9.9991E-05 0.512944 0.326947 0.0255908 0.00157178 0.0400093
0.0209948 0.0143585 0.00829096 0.252873 0.62273 0.00491351 0.0728855 0.00295329
9.9982E-05 0.146021 0.0317523 0.483149 0.200909 9.9982E-05 0.0287906 0.109178
0.0597644 0.0603522 0.0407083 0.182295 0.647195 9.9982E-05 9.9982E-05 0.00948462
0.0527283 9.9991E-05 0.0274798 0.497718 0.256712 0.0332642 0.0920705 0.0399276
0.0048465 0.0705868 0.00625749 0.18434 0.599373 0.031293 0.011086 0.0922177
9.9982E-05 0.156558 0.066801 0.267338 0.30484 9.9982E-05 0.0964801 0.107783
0.03161 0.169099 0.103124 0.505822 0.109163 0.0112951 0.0289247 0.0409619
9.9973E-05 0.443499 0.135559 0.276232 0.0902138 9.9973E-05 9.9973E-05 0.0541959
9.9973E-05 0.353698 0.024254 0.556505 0.0159946 9.9973E-05 9.9973E-05 0.0492483
0.072322 0.20299 0.0172103 0.548236 0.0736658 0.0436922 9.9991E-05 0.0417841
9.9973E-05 0.539108 0.0451498 0.272998 0.063957 9.9973E-05 9.9973E-05 0.078487
0.0686183 0.190354 0.0654467 0.567553 0.0667906 0.0217407 0.00425564 0.0152409
9.9982E-05 0.248974 0.0533127 0.501838 0.069566 0.0232311 9.9982E-05 0.102878
9.9973E-05 0.562455 0.146849 0.124408 0.0388375 9.9973E-05 9.9973E-05 0.127151
9.9973E-05 0.639958 0.0316334 0.215471 0.0444305 9.9973E-05 9.9973E-05 0.0682079
9.9982E-05 0.418346 0.018857 0.483398 0.0720175 0.000613128 9.9982E-05 0.00656758
9.9973E-05 0.577643 0.102564 0.0619046 0.0734984 9.9973E-05 9.9973E-05 0.184089
9.9973E-05 0.365473 0.0329825 0.468666 0.0768475 9.9973E-05 9.9973E-05 0.055731
9.9973E-05 9.9973E-05 9.9973E-05 0.167805 0.698807 0.00523757 0.0158529 0.111997
9.9982E-05 0.0813279 0.22476 0.181532 0.343481 9.9982E-05 0.0706362 0.0980631
9.9982E-05 9.9982E-05 0.0136338 0.392335 0.453632 0.0202973 0.0857079 0.0341944
0.0219981 0.00348026 0.05135 0.576161 0.295454 9.9991E-05 0.0321047 0.0193511
9.9973E-05 9.9973E-05 0.017533 0.174 0.622886 9.9973E-05 0.0580322 0.127249
0.0454356 0.0898074 0.0134455 0.560393 0.158013 9.9991E-05 0.0455929 0.087213
0.0123732 0.00571304 0.0853838 0.524349 0.264718 0.0476456 0.029222 0.0305952
9.9991E-05 0.0337902 0.0660544 0.46351 0.25162 0.00286013 0.0601805 0.121885
0.0343269 0.0103695 0.0638421 0.488487 0.290403 0.0124483 0.0432309 0.0568927
9.9982E-05 9.9982E-05 0.0128737 0.50474 0.403211 0.0176644 0.00816729 0.0531428
9.9982E-05 9.9982E-05 0.0200812 0.272084 0.54857 0.0184706 0.0471197 0.0934749
9.9982E-05 0.00171129 0.0204486 0.446062 0.441015 9.9982E-05 0.0409853 0.0495782
9.9991E-05 0.0893818 0.0436104 0.566226 0.182358 0.0209111 0.0330638 0.0643492
0.0531906 0.0362252 0.0734896 0.568646 0.150561 0.0138085 0.0699371 0.0341415
0.0122631 0.124336 0.0574648 0.302603 0.300488 9.9991E-05 0.115563 0.0871815
9.9973E-05 9.9973E-05 0.129971 0.425005 0.249694 9.9973E-05 0.108992 0.0860384
9.9982E-05 9.9982E-05 0.0366954 0.342994 0.501149 0.00487065 0.0612169 0.0528735
0.0233766 9.9982E-05 0.0428746 0.552067 0.274792 9.9982E-05 0.0543773 0.0523129
0.0409874 9.9982E-05 0.0718206 0.456232 0.345336 9.9982E-05 0.0416688 0.0437557
0.0967147 0.029505 0.0677474 0.572517 0.151453 0.0152669 0.0408421 0.0259541
0.360061 0.029539 9.9991E-05 0.459798 0.0346248 0.00175848 0.101882 0.0122378
0.139089 0.0983438 0.0387263 0.538745 0.0163767 9.9991E-05 0.158066 0.0105535
0.1232 0.0935398 0.0191053 0.431615 0.0497183 0.0434575 0.145146 0.0942185
0.0983998 0.0732596 0.0359856 0.554643 0.0514326 0.0347044 0.113909 0.0376663
0.17951 0.140036 0.0258906 0.447479 0.00599416 0.00753777 0.171196 0.022356
9.9973E-05 0.140829 0.149659 0.508625 0.189755 9.9973E-05 9.9973E-05 0.0108325
0.149438 0.0541809 0.00864856 0.511211 0.0827841 0.0230073 0.103087 0.0676425
0.169386 0.422056 0.0334483 0.106215 0.0865638 9.9991E-05 0.151833 0.0303979
0.0934931 0.121961 0.021156 0.596825 0.0786624 0.00383471 0.0839682 9.9991E-05
0.115968 0.0620105 0.0571234 0.57747 0.0224746 0.0084647 0.156389 9.9991E-05
0.110305 0.0887296 0.0328492 0.505658 0.0450252 0.019834 0.141483 0.0561166
0.158389 0.223606 0.109825 0.282738 0.0635214 0.0213668 0.113315 0.0272375
0.180011 0.0784217 9.9982E-05 0.585227 0.036166 0.0195244 0.100451 9.9982E-05
0.121001 0.0792848 0.0793062 0.540611 0.0358414 0.00834294 0.135513 9.9991E-05
0.439034 0.428595 9.9955E-05 9.9955E-05 9.9955E-05 9.9955E-05 0.131871 9.9955E-05
0.161187 0.023487 9.9991E-05 0.517733 0.0932318 0.0420308 0.14136 0.0208707
0.145282 0.0500276 0.0593398 0.517407 9.9991E-05 0.0216463 0.191191 0.0150067
0.0666693 0.105715 0.07835 0.578358 0.0389859 0.0366431 0.094365 0.000913723
0.154908 0.0957727 9.9973E-05 0.543495 9.9973E-05 0.0291214 0.176402 9.9973E-05
0.18557 0.107936 9.9991E-05 0.526554 0.0169892 0.0226565 0.107982 0.0322129
0.0365337 0.00853368 0.435415 0.447377 0.0111925 0.016644 9.9991E-05 0.0442044
0.0837663 0.0213713 0.223725 0.483198 0.0409716 9.9991E-05 0.0552506 0.0916171
9.9964E-05 0.0017897 0.88759 9.9964E-05 0.0641637 9.9964E-05 9.9964E-05 0.0460567
0.000197165 0.00917688 0.928469 9.9973E-05 0.0603323 0.00152464 9.9973E-05 9.9973E-05
0.106438 0.00385885 0.311088 0.502184 0.0248963 0.00168077 0.0264639 0.0233902
0.140571 0.113819 0.114396 0.335403 9.9982E-05 9.9982E-05 0.270643 0.0249661
0.167912 9.9964E-05 0.22763 0.330872 9.9964E-05 9.9964E-05 0.273186 9.9964E-05
0.189758 0.097238 0.284925 0.152342 9.9973E-05 9.9973E-05 0.275437 9.9973E-05
0.104393 0.0625481 0.223083 0.315057 9.9982E-05 0.0472763 0.247443 9.9982E-05
0.0867361 0.0933646 0.72029 0.0470718 9.9982E-05 0.0128329 0.0395045 9.9982E-05
0.0479603 0.0631722 0.703236 0.0791246 9.9982E-05 0.0434563 0.0628502 9.9982E-05
0.0363525 0.0213637 0.347485 0.543056 9.9991E-05 0.00330923 0.0343287 0.0140048
0.0684362 9.9964E-05 0.471963 0.369941 9.9964E-05 9.9964E-05 0.0892602 9.9964E-05
0.050367 9.9982E-05 0.698206 0.151997 0.0150828 0.0168204 0.0673263 9.9982E-05
0.0434446 0.0602063 0.220003 0.547312 0.0123592 0.035011 0.0593168 0.0223472
0.0533424 9.9973E-05 0.341192 0.530442 9.9973E-05 0.00557627 0.069147 9.9973E-05
0.115325 9.9982E-05 0.271104 0.462211 0.0157961 9.9982E-05 0.0844585 0.0509054
0.000259033 9.9982E-05 0.638338 0.312208 9.9982E-05 0.0251259 0.00322068 0.0206487
0.00938881 0.0140009 0.495276 0.375912 0.100507 0.00471511 9.9982E-05 9.9982E-05
0.0414054 0.019621 0.331746 0.515701 0.00500188 0.0239475 9.9991E-05 0.062477
0.0178389 0.0327269 0.348576 0.4377 0.100559 0.017007 0.0292194 0.0163736
0.0589607 0.0170887 0.184016 0.472684 0.0945036 9.9991E-05 0.0606191 0.112029
0.025424 0.0417033 0.442753 0.436769 9.9973E-05 9.9973E-05 9.9973E-05 0.0530512
9.9964E-05 9.9964E-05 0.809767 0.149634 0.0278612 0.0123378 9.9964E-05 9.9964E-05
0.00305369 9.9964E-05 0.356897 0.632858 9.9964E-05 0.00679142 9.9964E-05 9.9964E-05
9.9964E-05 9.9964E-05 0.780487 0.110811 0.0669247 9.9964E-05 9.9964E-05 0.0413772
0.0280097 9.9964E-05 0.537022 0.425103 9.9964E-05 0.00946517 9.9964E-05 9.9964E-05
0.105274 9.9991E-05 0.299951 0.535002 0.0273132 0.0203014 0.000514278 0.0115439
0.0812197 9.9973E-05 0.312426 0.500753 0.0464573 9.9973E-05 9.9973E-05 0.0588443
0.142109 0.0612647 0.12879 0.451659 0.0355403 0.0249028 0.138738 0.016996
0.119543 0.12485 0.105448 0.447456 0.0614474 0.0357609 0.103107 0.00238712
0.186252 0.131993 0.0869501 0.296008 0.00917166 0.02746 0.262065 9.9991E-05
0.164183 0.152656 0.0636911 0.343324 0.0368567 0.0324387 0.20675 9.9991E-05
0.176999 0.0968898 0.0471318 0.433255 0.0246731 0.0158732 0.165275 0.0399038
0.160677 0.0818358 0.177381 0.408589 9.9991E-05 0.0251512 0.0905415 0.0557238
0.169766 0.0360344 0.681232 9.9973E-05 9.9973E-05 0.0295413 0.0831258 9.9973E-05
0.0737585 0.0386481 0.147565 0.539954 9.9982E-05 0.00622099 0.193653 9.9982E-05
0.322737 0.205967 0.388673 9.9964E-05 9.9964E-05 9.9964E-05 0.0822228 9.9964E-05
0.0798705 9.9964E-05 0.312309 0.463975 9.9964E-05 9.9964E-05 0.143446 9.9964E-05
9.9946E-05 9.9946E-05 0.943348 0.056052 9.9946E-05 9.9946E-05 9.9946E-05 9.9946E-05
9.9946E-05 9.9946E-05 0.96549 9.9946E-05 9.9946E-05 9.9946E-05 9.9946E-05 0.0339103
9.9946E-05 9.9946E-05 0.556794 0.442606 9.9946E-05 9.9946E-05 9.9946E-05 9.9946E-05
0.0294051 9.9964E-05 0.425197 0.535577 9.9964E-05 9.9964E-05 0.00942158 9.9964E-05
9.9946E-05 9.9946E-05 0.633474 0.365926 9.9946E-05 9.9946E-05 9.9946E-05 9.9946E-05
9.9955E-05 9.9955E-05 0.442306 0.543213 9.9955E-05 9.9955E-05 9.9955E-05 0.0139808
9.9955E-05 9.9955E-05 0.464493 0.524844 9.9955E-05 9.9955E-05 9.9955E-05 0.0101636
0.811485 9.9982E-05 0.00118246 9.9982E-05 0.0812088 0.0498882 0.0271083 0.0289276
0.71396 0.0473723 0.0322412 0.0138862 0.0586077 0.0430866 0.0760082 0.0148374
0.929477 9.9964E-05 9.9964E-05 0.0276768 0.00747807 0.0349678 9.9964E-05 9.9964E-05
0.917268 9.9955E-05 9.9955E-05 0.0382313 9.9955E-05 0.0440012 9.9955E-05 9.9955E-05
0.0687978 0.0129222 0.00221987 0.514979 0.0573732 0.0058145 0.0197489 0.318144
0.046242 0.0118141 9.9982E-05 0.567862 0.0575042 0.0296973 9.9982E-05 0.286681
0.0124144 9.9973E-05 9.9973E-05 0.533253 0.00870203 0.0197756 9.9973E-05 0.425555
0.10315 0.0227601 9.9991E-05 0.581111 0.0545041 0.00568006 0.00354584 0.229149
0.0722441 0.106679 9.9991E-05 0.574463 0.0643226 0.0156879 0.0385064 0.127997
0.0433135 9.9973E-05 9.9973E-05 0.265967 0.0810986 0.0223909 9.9973E-05 0.58693
0.0107385 9.9973E-05 9.9973E-05 0.629955 9.9973E-05 0.0109177 0.014913 0.333176
9.9973E-05 0.0258298 0.0975457 0.253914 9.9973E-05 0.0249227 9.9973E-05 0.597487
0.277195 0.0351929 9.9982E-05 0.414274 0.107497 0.0257883 0.139853 9.9982E-05
9.9973E-05 0.0865245 0.0705563 0.396364 9.9973E-05 9.9973E-05 0.033926 0.412329
9.9964E-05 9.9964E-05 9.9964E-05 0.346688 0.0965338 0.0192359 9.9964E-05 0.537142
9.99845E-05 0.0207068 0.0512564 0.530467 0.00422908 9.99845E-05 0.00577925 0.387362
0.00376299 9.9982E-05 9.9982E-05 0.362831 0.116958 0.00836821 0.0641307 0.443749
9.9955E-05 9.9955E-05 0.039425 0.570694 9.9955E-05 9.9955E-05 9.9955E-05 0.389381
0.0717321 9.9973E-05 9.9973E-05 0.528592 0.0410895 0.00679786 9.9973E-05 0.351489
9.9955E-05 0.109241 0.0523303 9.9955E-05 9.9955E-05 9.9955E-05 9.9955E-05 0.837929
9.9973E-05 0.10091 0.0753866 0.289716 9.9973E-05 9.9973E-05 0.0153236 0.518364
9.9964E-05 9.9964E-05 0.0764017 0.292373 9.9964E-05 9.9964E-05 0.0225599 0.608265
9.9955E-05 0.118968 0.0710639 9.9955E-05 9.9955E-05 9.9955E-05 9.9955E-05 0.809468
0.0548915 0.0310501 9.9982E-05 0.416417 0.0772149 0.00303867 9.9982E-05 0.417188
9.9964E-05 0.222883 0.0415924 0.0596013 9.9964E-05 9.9964E-05 9.9964E-05 0.675523
9.9955E-05 0.148286 0.0429181 9.9955E-05 9.9955E-05 9.9955E-05 9.9955E-05 0.808297
0.0353588 9.9982E-05 0.0268953 0.584165 9.9982E-05 0.0105078 0.0202736 0.322599
0.0335138 9.9982E-05 9.9982E-05 0.169548 0.201583 0.00728087 0.00911566 0.578758
0.0236548 9.9973E-05 9.9973E-05 0.480342 0.0707342 0.00418084 9.9973E-05 0.420788
0.0739068 0.0626097 0.00582474 0.576843 0.0120853 0.0299534 0.0314578 0.207319
0.0416862 9.9973E-05 9.9973E-05 0.517148 0.0826026 0.00425872 9.9973E-05 0.354004
9.9982E-05 0.125676 0.117577 0.369809 0.320374 9.9982E-05 0.00685588 0.0595085
0.0260771 9.9982E-05 9.9982E-05 0.554554 0.0553508 0.0168959 0.00979846 0.337124
0.0201259 9.9973E-05 9.9973E-05 0.50517 0.102199 0.0172639 9.9973E-05 0.354942
9.9973E-05 0.0255798 0.0972541 0.30786 9.9973E-05 0.00178543 9.9973E-05 0.567221
0.14749 0.00715786 9.9991E-05 0.478485 0.0911934 0.00290555 0.017608 0.25506
0.622883 0.0416247 9.9964E-05 9.9964E-05 0.276567 0.0585257 9.9964E-05 9.9964E-05
0.709146 0.0365034 9.9973E-05 9.9973E-05 0.117048 0.0758487 9.9973E-05 0.0611539
0.691938 0.0210642 9.9964E-05 9.9964E-05 0.110066 0.176532 9.9964E-05 9.9964E-05
0.717224 0.0580979 9.9964E-05 9.9964E-05 0.105334 0.118944 9.9964E-05 9.9964E-05
0.696515 0.0673981 9.9973E-05 0.0174829 0.177198 0.0411054 9.9973E-05 9.9973E-05
0.0633213 9.9964E-05 9.9964E-05 0.142411 0.165438 9.9964E-05 9.9964E-05 0.628429
0.0259323 9.9973E-05 9.9973E-05 0.139154 0.103751 0.00838654 9.9973E-05 0.722476
9.9973E-05 0.0128037 0.0540493 0.161962 9.9973E-05 9.9973E-05 0.00980674 0.761079
0.0679949 0.0193888 0.0746949 0.542124 0.0484811 0.0299915 0.0973601 0.119965
0.075129 9.9991E-05 0.0333211 0.548919 0.069134 0.0222813 0.0608177 0.190298
0.0227245 0.0403628 0.0117422 0.231917 9.9982E-05 9.9982E-05 0.0263173 0.666736
0.0287872 9.9982E-05 0.0591833 0.591297 9.9982E-05 0.0169754 0.0309845 0.272572
0.0651568 0.000835236 0.0857598 0.352351 9.9991E-05 0.00631941 0.0340996 0.455378
0.0504498 9.9964E-05 9.9964E-05 0.522108 0.043853 9.9964E-05 9.9964E-05 0.383189
0.0509958 9.9973E-05 9.9973E-05 0.5557 9.9973E-05 0.0131574 0.0536726 0.326174
9.9973E-05 9.9973E-05 9.9973E-05 0.223175 0.162642 0.00278999 0.00935628 0.601737
9.9964E-05 9.9964E-05 9.9964E-05 0.281839 0.127323 0.0167676 9.9964E-05 0.573671
0.00895008 9.9973E-05 9.9973E-05 0.286973 0.148464 0.00106522 9.9973E-05 0.554248
0.0916603 0.227681 9.9973E-05 0.626988 0.0439324 0.00943873 9.9973E-05 9.9973E-05
0.00347385 9.9973E-05 9.9973E-05 0.365576 0.0662912 0.046583 9.9973E-05 0.517776
0.0226677 9.9982E-05 9.9982E-05 0.377738 0.0955838 0.0148486 0.024597 0.464364
0.107181 0.0434635 0.0196002 0.424153 0.0511562 0.00521318 0.349133 9.9991E-05
0.107429 0.0796409 9.9982E-05 0.31293 9.9982E-05 0.0313621 0.448127 0.0203112
0.0790238 0.0214573 0.0125308 0.466219 0.00920536 0.0326182 0.378845 9.9991E-05
0.165843 0.0436643 0.0327824 0.281419 9.9982E-05 0.00616875 0.469923 9.9982E-05
0.121704 0.0732182 9.9973E-05 0.491865 0.00942035 9.9973E-05 0.303492 9.9973E-05
0.0490072 0.18515 0.036976 0.524646 9.9982E-05 0.0117984 9.9982E-05 0.192222
0.228699 0.0906081 9.9973E-05 9.9973E-05 0.0177007 0.0170239 0.645669 9.9973E-05
0.156693 0.019142 0.0233243 0.313624 9.9991E-05 0.0158217 0.467383 0.00391182
0.156321 0.2748 0.00300941 0.402971 9.9991E-05 0.0142322 0.0998161 0.0487506
0.0645531 0.282156 9.9973E-05 0.548294 0.0597521 0.0449452 9.9973E-05 9.9973E-05
0.0941362 0.311392 9.9973E-05 0.516212 0.0497891 0.0281705 9.9973E-05 9.9973E-05
0.0843259 0.263507 9.9982E-05 0.594587 0.0306741 0.00655656 9.9982E-05 0.02015
0.142174 0.121365 0.00586812 0.600085 0.0693121 0.00795419 0.0211652 0.0320765
0.193738 0.00776027 9.9991E-05 0.306691 0.0164319 0.012012 0.462237 0.00102976
0.150756 0.0364564 9.9982E-05 0.37256 0.067551 9.9982E-05 0.365171 0.00730506
0.0695017 0.0298951 9.9982E-05 0.385509 0.00434717 0.0131578 0.497389 9.9982E-05
0.14972 0.00143954 9.9991E-05 0.413261 0.0191486 0.0228065 0.292894 0.10063
0.154943 0.0970428 9.9982E-05 0.256494 0.0101338 9.9982E-05 0.469264 0.0119231
0.0891419 9.9991E-05 0.0599461 0.406817 0.0552115 0.00642879 0.329292 0.0530621
0.142345 0.0633004 0.0134289 0.27308 0.00155765 0.0213233 0.484864 9.9991E-05
0.0832067 0.0667576 0.0366283 0.344326 0.062636 0.00391474 0.362646 0.0398836
0.0545431 0.377751 9.9982E-05 0.510218 0.0251876 0.0133874 9.9982E-05 0.0187123
0.157781 0.0416324 0.0127063 0.366181 0.00874793 0.0199042 0.350073 0.0429736
0.211577 0.0423853 9.9982E-05 0.129334 9.9982E-05 0.025608 0.578323 0.0125717
0.0966189 0.0596193 9.9991E-05 0.385257 0.0341364 0.0290444 0.345133 0.0500913
0.141801 0.359 9.9982E-05 0.313555 0.130876 0.00856262 9.9982E-05 0.0460043
9.9946E-05 0.338319 9.9946E-05 0.661081 9.9946E-05 9.9946E-05 9.9946E-05 9.9946E-05
0.141085 0.0489436 9.9982E-05 0.417602 0.068557 9.9982E-05 0.310418 0.0131944
0.117635 0.185848 9.9973E-05 0.546103 0.120409 0.0297045 9.9973E-05 9.9973E-05
0.122319 0.265725 9.9973E-05 0.524333 0.0726098 0.014713 9.9973E-05 9.9973E-05
0.196101 0.180619 0.0337704 0.349005 0.0158471 0.00936672 0.183146 0.0321454
0.219903 0.119584 0.0546312 0.364294 9.9982E-05 0.00518519 0.236202 9.9982E-05
0.0627202 0.126152 9.9991E-05 0.566955 0.0708248 0.0442192 0.061895 0.0671346
0.133575 0.0655069 0.0312131 0.401285 0.0268081 0.0109276 0.278348 0.0523356
0.125293 9.9973E-05 9.9973E-05 0.46943 0.0155882 0.015797 0.373592 9.9973E-05
0.178955 0.0847113 9.9973E-05 0.142729 9.9973E-05 0.00519 0.588114 9.9973E-05
0.104939 0.0757313 0.0497189 0.655731 0.060003 0.024902 0.0247968 0.00417813
0.0988773 0.364714 9.9982E-05 0.454016 0.0643556 0.00848507 9.9982E-05 0.00935264
0.0268799 0.778566 9.9955E-05 0.194055 9.9955E-05 9.9955E-05 9.9955E-05 9.9955E-05
0.114117 0.113677 9.9991E-05 0.586659 0.0737448 0.0149188 0.0369971 0.0597861
0.0795518 0.179396 0.106998 0.429979 0.172824 9.9991E-05 0.00651073 0.0246395
0.179537 0.164663 0.0567479 0.465447 9.9991E-05 0.00687324 0.12584 0.000792105
0.166173 0.175804 0.0563456 0.548019 0.00941051 0.00267848 0.0366692 0.00490048
0.275538 0.591366 9.9964E-05 9.9964E-05 9.9964E-05 0.0228958 0.1098 9.9964E-05
