9.9955E-05 0.0395768 0.0571202 9.9955E-05 9.9955E-05 9.9955E-05 9.9955E-05 0.902803
9.9964E-05 0.0120399 0.00926395 9.9964E-05 0.00498525 9.9964E-05 9.9964E-05 0.973311
0.0218865 9.9982E-05 0.00476223 9.9982E-05 0.0120205 0.0445421 0.0508747 0.865714
0.00224714 9.9964E-05 9.9964E-05 9.9964E-05 0.036284 9.9964E-05 0.148942 0.812127
9.9955E-05 9.9955E-05 9.9955E-05 9.9955E-05 0.0151341 9.9955E-05 0.0886425 0.895724
0.136712 9.9991E-05 0.0758582 0.00941161 0.0802037 0.0304457 0.042074 0.625195
0.153322 9.9973E-05 0.0118408 9.9973E-05 0.0658892 9.9973E-05 0.00226645 0.766382
0.152797 0.0227601 0.0226495 9.9991E-05 0.0877086 0.00421771 0.0109819 0.698785
0.0232858 0.0281561 9.99729E-05 0.00534752 0.112797 9.99729E-05 9.99729E-05 0.830114
0.0990021 0.0319996 0.00621388 0.0020485 0.0731579 0.00578133 0.03972 0.742077
0.122766 9.9964E-05 9.9964E-05 9.9964E-05 0.0528697 9.9964E-05 0.0996659 0.724299
9.9955E-05 0.962466 0.0156938 9.9955E-05 9.9955E-05 9.9955E-05 0.0213408 9.9955E-05
9.999E-05 0.438519 0.0554033 0.00913426 0.0124536 0.0118153 0.451135 0.0214399
9.9955E-05 0.849722 0.04464 9.9955E-05 9.9955E-05 9.9955E-05 0.105138 9.9955E-05
9.9955E-05 0.80441 0.11031 9.9955E-05 9.9955E-05 9.9955E-05 0.08478 9.9955E-05
9.9964E-05 0.55601 0.105774 9.9964E-05 9.9964E-05 9.9964E-05 0.290659 0.0471572
0.0239167 0.406492 0.0548889 9.9973E-05 9.9973E-05 9.9973E-05 0.494592 0.01981
0.00525642 0.557376 0.0784517 0.00792257 9.9982E-05 0.0321274 0.318666 9.9982E-05
9.9964E-05 0.735386 0.0530129 9.9964E-05 9.9964E-05 9.9964E-05 0.114859 0.0963431
0.0209018 0.964359 9.9955E-05 9.9955E-05 0.0142394 9.9955E-05 9.9955E-05 9.9955E-05
0.0349284 0.545657 0.0249863 0.0635614 0.0121494 0.00965842 0.304537 0.00452256
0.123343 0.358697 0.0879901 0.0609781 0.00051064 0.0428153 0.325566 9.9991E-05
0.0146699 0.273037 9.9991E-05 0.00220928 0.0673916 0.0949988 0.498389 0.0492048
0.00528229 0.871657 0.0524154 9.9973E-05 9.9973E-05 9.9973E-05 0.0601063 0.0102391
0.0612456 0.17961 0.0584886 0.0161279 9.9982E-05 9.9982E-05 0.590315 0.0940123
9.9955E-05 0.497171 9.9955E-05 9.9955E-05 9.9955E-05 9.9955E-05 0.452161 0.0501688
9.9964E-05 0.925833 0.0119214 9.9964E-05 9.9964E-05 9.9964E-05 0.0378304 0.024015
9.9964E-05 0.836552 0.0627085 9.9964E-05 9.9964E-05 9.9964E-05 0.0970771 0.00326266
0.0359499 0.933852 9.9955E-05 9.9955E-05 9.9955E-05 9.9955E-05 0.0296988 9.9955E-05
9.9955E-05 9.9955E-05 0.00641412 9.9955E-05 9.9955E-05 9.9955E-05 0.108989 0.884097
9.9955E-05 9.9955E-05 9.9955E-05 0.00892515 9.9955E-05 9.9955E-05 0.117176 0.873399
9.9964E-05 9.9964E-05 0.0698433 9.9964E-05 0.024304 9.9964E-05 0.102499 0.802953
0.00390042 9.9964E-05 0.0457826 9.9964E-05 9.9964E-05 9.9964E-05 0.177234 0.772683
0.130738 0.0642689 9.9991E-05 0.0109334 0.0234509 0.199904 0.51657 0.0540355
0.0037763 0.119654 0.0425891 9.9991E-05 0.0337049 0.238421 0.477423 0.0843309
9.9973E-05 9.9973E-05 0.0417235 9.9973E-05 0.0377776 0.409792 0.507237 0.00317004
9.9982E-05 0.603816 9.9982E-05 0.0175404 0.23509 0.0260933 0.0996824 0.0175777
0.076524 9.9973E-05 0.00895403 0.0311105 9.9973E-05 0.608257 0.274854 9.9973E-05
9.999E-05 0.176994 0.0644299 0.0147311 0.0145208 0.204802 0.466275 0.0581472
0.055073 9.9982E-05 0.00473512 0.00776077 9.9982E-05 0.224497 0.695355 0.0123796
0.231851 0.0701331 9.9982E-05 9.9982E-05 0.0538424 0.0344792 0.534778 0.0747166
0.104888 0.154138 0.0113359 9.9991E-05 0.0491808 0.0365231 0.582181 0.0616532
9.9973E-05 0.199641 9.9973E-05 9.9973E-05 0.0702153 0.631678 0.0883328 0.00983219
0.28051 0.0563849 0.0205122 9.9982E-05 0.00189882 9.9982E-05 0.611934 0.0285601
0.0247522 0.00417138 0.0515941 0.0348215 0.00651459 0.255687 0.582736 0.0397237
0.13449 0.00550824 0.00677175 9.9982E-05 9.9982E-05 0.117012 0.62297 0.113048
0.0298618 9.9964E-05 9.9964E-05 0.0589772 9.9964E-05 0.59014 0.320621 9.9964E-05
9.9964E-05 0.0187616 9.9964E-05 9.9964E-05 9.9964E-05 0.304032 0.599623 0.0771837
9.999E-05 0.028325 0.0286182 0.0378663 0.0674846 0.157473 0.542136 0.137998
0.268518 9.9964E-05 9.9964E-05 0.0525992 0.0115252 0.666957 9.9964E-05 9.9964E-05
0.0418244 0.474034 9.9982E-05 0.0303775 0.285494 0.0764831 0.0915872 9.9982E-05
0.244412 0.35456 0.032961 0.124355 0.046379 0.0917733 0.10546 9.9991E-05
0.0518335 0.153896 0.0640874 0.110172 0.00448202 9.9991E-05 0.529553 0.0858758
0.0838858 0.093742 0.0351931 0.0803681 0.0203493 0.0652478 0.585946 0.035268
9.9991E-05 0.0785581 0.00636522 0.130987 0.0128243 0.0501532 0.612843 0.108169
0.0441681 0.351404 9.9982E-05 9.9982E-05 0.260264 0.081131 0.157859 0.104974
9.9982E-05 0.26147 9.9982E-05 0.0183078 0.165838 0.0549009 0.475376 0.0239078
0.037159 0.110536 0.035492 0.0277621 0.0685768 0.0883927 0.581732 0.0503488
0.0330826 0.310362 9.9991E-05 0.0694328 0.0771729 0.065986 0.348934 0.0949294
0.097367 0.52771 9.9982E-05 9.9982E-05 0.12297 0.0417844 0.072049 0.13792
0.0712523 0.133565 0.0107527 0.00872344 0.0610885 0.0671867 0.562033 0.085398
0.00143324 0.267199 0.0160386 0.0739774 0.067349 0.0808036 0.426033 0.0671657
0.0811057 0.616444 9.9982E-05 9.9982E-05 0.170534 0.0678412 0.00478609 0.0590891
9.9973E-05 0.412524 9.9973E-05 0.0698379 0.108654 0.0462642 0.36242 9.9973E-05
0.0396344 0.141617 0.0604113 0.109898 0.0394278 0.0577273 0.534143 0.0171412
0.0733957 0.204116 9.9991E-05 0.0363981 0.0202572 0.036863 0.565214 0.0636567
0.0254535 0.507507 0.036286 0.00711539 0.0640204 0.0924053 0.196451 0.0707618
9.9991E-05 0.246505 0.0404525 0.0650873 0.0755398 0.0635465 0.468851 0.0399178
0.00557677 0.240408 0.0275753 0.0789944 0.0520115 0.0275901 0.499859 0.0679847
0.0254935 0.607794 9.9991E-05 0.0266516 0.109706 0.0687718 0.133476 0.0280072
9.9982E-05 0.0208247 0.0227563 9.9982E-05 0.02652 0.463081 0.466306 0.000311985
9.9964E-05 0.0462599 9.9964E-05 9.9964E-05 9.9964E-05 0.730884 0.188837 0.0336192
9.9973E-05 0.0715797 0.0395576 9.9973E-05 9.9973E-05 0.318155 0.458631 0.111777
0.0622599 9.9964E-05 0.00182049 0.054868 9.9964E-05 0.880652 9.9964E-05 9.9964E-05
0.118311 9.9955E-05 9.9955E-05 0.0437969 9.9955E-05 0.837393 9.9955E-05 9.9955E-05
0.0155247 9.9964E-05 9.9964E-05 0.0642348 9.9964E-05 0.700021 0.219819 9.9964E-05
9.9973E-05 0.0381215 9.9973E-05 9.9973E-05 0.0141888 0.439538 0.463011 0.0448416
9.9991E-05 0.0626477 0.027566 0.01732 0.00784572 0.199587 0.546306 0.138627
0.0270016 0.0396322 0.00602002 0.029584 9.9982E-05 0.433485 0.464077 9.9982E-05
9.9973E-05 0.187764 9.9973E-05 9.9973E-05 0.0428565 0.593421 0.113841 0.061817
9.9964E-05 0.135006 9.9964E-05 9.9964E-05 0.0697212 0.549065 0.245807 9.9964E-05
0.0319908 0.0589423 0.0684088 0.00751835 0.0231253 0.272541 0.471405 0.0660685
9.9964E-05 0.143608 9.9964E-05 9.9964E-05 9.9964E-05 0.527516 0.298466 0.0300095
9.9973E-05 0.0839055 9.9973E-05 9.9973E-05 0.0354684 0.408313 0.466058 0.00595508
0.0331306 9.9964E-05 9.9964E-05 0.0510384 9.9964E-05 0.466792 0.44864 9.9964E-05
0.210701 9.9955E-05 9.9955E-05 0.105932 9.9955E-05 0.682868 9.9955E-05 9.9955E-05
0.075239 9.9982E-05 0.00630442 9.9982E-05 0.0297338 0.252861 0.62677 0.00889246
9.9964E-05 9.9964E-05 9.9964E-05 9.9964E-05 0.067474 0.00324909 0.0863259 0.842551
9.9946E-05 9.9946E-05 9.9946E-05 9.9946E-05 9.9946E-05 9.9946E-05 0.0690094 0.930391
9.9964E-05 0.0229855 0.0543122 9.9964E-05 9.9964E-05 9.9964E-05 0.0884739 0.833829
9.9955E-05 9.9955E-05 0.0576219 9.9955E-05 9.9955E-05 9.9955E-05 0.0288801 0.912998
9.9964E-05 0.00164238 0.0351079 0.0132991 9.9964E-05 9.9964E-05 9.9964E-05 0.949551
9.9964E-05 9.9964E-05 0.0449193 0.00931269 9.9964E-05 9.9964E-05 0.0742537 0.871114
9.9946E-05 9.9946E-05 9.9946E-05 9.9946E-05 9.9946E-05 9.9946E-05 0.099175 0.900225
0.00321956 0.103232 0.0585362 9.9991E-05 0.0119333 0.216259 0.527357 0.079363
0.0200956 0.0499688 0.0762866 0.0406183 0.0278606 0.152902 0.535902 0.0963669
9.9982E-05 0.126105 9.9982E-05 0.00343969 0.115515 0.679257 0.0286996 0.0467838
0.0259941 0.0330949 0.0238599 0.0591006 0.0506549 0.182735 0.552436 0.0721252
9.9973E-05 0.0251809 9.9973E-05 9.9973E-05 0.0525618 0.479376 0.398035 0.0445467
0.00822735 0.0156211 9.9982E-05 9.9982E-05 0.0471482 0.330574 0.519513 0.0787167
0.0858205 9.9982E-05 9.9982E-05 0.0379494 0.0228054 0.267265 0.562364 0.0235959
9.9982E-05 0.0280792 0.0182216 0.0407597 9.9982E-05 0.405042 0.491224 0.0164736
9.9964E-05 0.193558 9.9964E-05 9.9964E-05 0.120427 0.661398 9.9964E-05 0.0242167
0.013909 0.00844071 0.0383651 0.0335188 0.140622 0.222294 0.46686 0.0759907
0.0317208 0.0429788 0.000794961 9.9991E-05 0.0447503 0.164533 0.643957 0.0711655
0.0536472 0.0634188 0.046906 0.0270088 0.0440055 0.135077 0.550314 0.079623
0.136504 0.0167435 9.9982E-05 0.0548394 0.022109 0.520384 0.24922 9.9982E-05
0.0101764 9.9973E-05 0.033014 0.0896801 9.9973E-05 0.394625 0.472204 9.9973E-05
9.9973E-05 0.106875 0.00620689 9.9973E-05 0.0522547 0.379758 0.454606 9.9973E-05
9.9964E-05 9.9964E-05 0.0266367 0.078492 9.9964E-05 0.543615 0.350856 9.9964E-05
9.9973E-05 0.0593848 9.9973E-05 9.9973E-05 0.072131 0.362557 0.457402 0.0482255
0.0263805 0.0559005 0.050129 9.9991E-05 0.0335549 0.215793 0.503213 0.114929
0.0745845 0.222031 0.0712581 0.165109 0.209467 0.0232541 0.234197 9.9991E-05
0.0766269 0.264087 9.9982E-05 9.9982E-05 0.18456 0.0191081 0.382124 0.0732945
0.082958 0.131283 0.0526685 0.0679821 0.107059 9.9991E-05 0.495099 0.0628507
0.0503477 0.0544794 0.0343364 0.0539192 0.105263 0.0881851 0.552225 0.0612442
0.0196744 0.239771 0.00108275 0.01286 0.202403 0.0463101 0.456971 0.0209285
0.0357901 0.187745 0.0394117 0.0735353 0.112913 0.0207822 0.519124 0.0106994
0.00849025 0.290286 9.9973E-05 9.9973E-05 0.243015 9.9973E-05 0.419835 0.0380738
0.122111 0.140045 0.0253316 0.0639181 0.0756907 9.9991E-05 0.523405 0.049398
0.0211416 0.122007 0.0206305 0.0588273 0.0847779 0.0173903 0.612622 0.0626033
0.0491307 0.145363 9.9991E-05 0.0235699 0.135166 0.0214603 0.572163 0.053047
0.0430858 0.145302 9.9991E-05 0.00630987 0.196558 0.0474382 0.552021 0.00918419
0.0710526 0.08749 0.0497402 0.118325 0.0656003 9.9991E-05 0.575934 0.0317575
0.0176928 0.105769 0.0295702 0.0947363 0.0757757 0.0105944 0.581149 0.0847127
0.0290475 0.139842 0.0649565 0.0647808 0.134723 0.027346 0.539204 9.9991E-05
0.0537832 0.0218514 0.0489937 0.0945313 0.120782 0.0362445 0.562918 0.0608955
0.0153351 0.0905051 0.0641798 0.135281 0.118532 0.0155333 0.560534 9.9991E-05
0.198392 0.179382 0.0589408 0.0690104 0.142336 0.0113863 0.302593 0.0379594
0.0592861 0.0652348 0.000215965 0.0956175 0.0878512 0.00709264 0.63307 0.0516322
0.0171715 0.01775 0.0218506 0.123678 0.104979 9.9991E-05 0.695308 0.0191626
0.0185942 0.461962 0.0170764 0.0679587 0.238552 0.0430132 0.135801 0.0170425
0.211436 0.366113 0.0184941 0.218349 0.0765449 0.0199704 0.0889927 9.9991E-05
0.00870137 0.193773 0.0553067 0.0700438 0.104522 0.0819592 0.456403 0.0292907
0.197953 0.264615 9.9982E-05 0.265086 0.122974 0.123446 0.0257263 9.9982E-05
9.9973E-05 0.512386 9.9973E-05 0.0242624 0.192771 9.9973E-05 0.264724 0.00555654
9.9973E-05 0.343955 9.9973E-05 0.036691 0.1946 0.0477344 0.376719 9.9973E-05
9.9982E-05 0.35471 9.9982E-05 0.0296553 0.233147 0.0761171 0.292149 0.0140222
9.9973E-05 0.363183 9.9973E-05 0.0404033 0.241715 0.0531376 0.301262 9.9973E-05
0.00612084 0.168437 9.9991E-05 0.0908632 0.0875672 0.0122535 0.582304 0.0523539
0.0526728 0.118583 0.0587771 0.0738032 0.10375 0.0158043 0.534708 0.0419015
9.9991E-05 0.164735 0.03014 0.0603853 0.129989 0.0661999 0.535622 0.0128295
0.129172 0.398169 0.0124003 0.201013 0.12501 0.0436098 0.0905258 9.9991E-05
0.0446575 0.00839366 0.00260227 0.0928779 0.0637708 0.072537 0.545198 0.169963
0.298002 9.9991E-05 0.026116 0.07538 0.0432958 0.0445283 0.469428 0.0431503
0.610629 0.025538 9.9982E-05 0.160894 0.0608615 0.0877959 9.9982E-05 0.0540822
0.175577 0.0327117 0.0219694 9.9991E-05 0.00135472 0.0694187 0.660479 0.03839
0.33475 0.0685221 0.0210613 0.126663 9.9991E-05 0.0770407 0.309921 0.0619419
0.205324 0.02945 0.0248308 0.0818959 0.0113266 9.9991E-05 0.540971 0.106102
0.481876 0.0357281 9.9991E-05 0.0197881 0.101137 0.0938991 0.243682 0.0237897
0.529119 0.0842592 9.9991E-05 0.115923 0.0741139 0.110967 0.0667215 0.018797
0.283921 0.0353234 0.00991207 0.0883511 0.101486 0.0720294 0.394075 0.0149028
0.200513 0.0541779 0.0612122 0.0147067 0.0483052 0.0927712 0.463055 0.0652581
0.183768 0.0728652 0.00850232 0.0501065 0.0735972 0.0370999 0.457615 0.116447
0.339012 0.245543 0.0664077 0.148034 9.9991E-05 0.154866 0.0320275 0.0140109
0.0941463 0.025304 0.0755446 0.132131 0.0745081 0.038426 0.52493 0.0350091
0.393631 0.0689294 9.9982E-05 0.110605 0.0457964 0.0929836 0.287854 9.9982E-05
0.296592 9.9973E-05 9.9973E-05 0.10516 0.080258 0.106647 0.411043 9.9973E-05
0.20878 0.0102554 0.00332103 9.9991E-05 0.0454611 0.0458061 0.590334 0.0959424
0.272943 9.9973E-05 0.227354 9.9973E-05 0.0220428 9.9973E-05 0.145915 0.331446
0.438409 9.9955E-05 0.138768 9.9955E-05 9.9955E-05 9.9955E-05 9.9955E-05 0.422323
0.468124 9.9955E-05 0.110779 9.9955E-05 9.9955E-05 9.9955E-05 9.9955E-05 0.420597
0.320712 0.0236655 0.256893 0.00386575 9.9982E-05 9.9982E-05 0.0908968 0.303767
0.2646 0.0209695 9.9973E-05 0.0494163 9.9973E-05 0.0996201 0.565094 9.9973E-05
0.137173 0.015258 0.0206822 0.0720203 0.0517569 0.0231085 0.600519 0.0794824
9.9973E-05 0.0390097 0.668838 9.9973E-05 0.00844869 0.00274415 0.280659 9.9973E-05
9.9973E-05 0.103622 0.444547 9.9973E-05 9.9973E-05 0.00264044 0.420181 0.0287103
9.9991E-05 0.0528906 0.404033 0.0533488 0.0401245 0.0364697 0.349821 0.0632122
0.443475 0.0445838 9.9982E-05 0.182277 0.0185389 0.0657697 0.245155 9.9982E-05
0.157432 0.0245694 0.062485 0.0973542 0.0794069 0.0537636 0.481634 0.043355
0.518088 0.137648 9.9973E-05 0.0760726 9.9973E-05 0.0578638 0.210027 9.9973E-05
0.239654 0.0139599 9.9982E-05 0.0908458 9.9982E-05 0.0138439 0.582653 0.0588434
0.352043 0.114782 9.9973E-05 0.0681404 9.9973E-05 0.00673923 0.457996 9.9973E-05
0.337496 9.9973E-05 9.9973E-05 0.0581828 0.0252117 0.00769162 0.571118 9.9973E-05
0.61053 0.0328132 9.9982E-05 0.0877337 0.00488516 0.0759721 0.187866 9.9982E-05
0.19086 9.9982E-05 9.9982E-05 0.00171884 0.0227836 0.0545268 0.695247 0.0346635
0.202312 9.9991E-05 0.0252773 0.0245595 0.0258309 0.0744249 0.582704 0.0647911
9.9955E-05 9.9955E-05 0.971731 9.9955E-05 9.9955E-05 0.0180317 0.0097373 9.9955E-05
9.9964E-05 0.0252769 0.900688 0.0149694 9.9964E-05 9.9964E-05 0.0586658 9.9964E-05
9.9982E-05 0.0536556 0.556938 0.0393537 0.0356609 9.9982E-05 0.272005 0.0421864
9.9955E-05 9.9955E-05 0.630277 9.9955E-05 0.0296391 9.9955E-05 0.339584 9.9955E-05
9.9964E-05 9.9964E-05 0.847056 9.9964E-05 0.0376443 0.0236566 0.0912435 9.9964E-05
9.994E-05 9.994E-05 0.9993 9.994E-05 9.994E-05 9.994E-05 9.994E-05 9.994E-05
9.9964E-05 0.000478708 0.957559 0.00602864 0.035534 9.9964E-05 9.9964E-05 9.9964E-05
9.9946E-05 9.9946E-05 0.855186 9.9946E-05 9.9946E-05 9.9946E-05 0.144214 9.9946E-05
9.9955E-05 9.9955E-05 0.945999 9.9955E-05 0.0222951 0.0312059 9.9955E-05 9.9955E-05
9.994E-05 9.994E-05 0.9993 9.994E-05 9.994E-05 9.994E-05 9.994E-05 9.994E-05
9.994E-05 9.994E-05 0.9993 9.994E-05 9.994E-05 9.994E-05 9.994E-05 9.994E-05
9.9973E-05 0.0187189 0.754354 9.9973E-05 0.00117728 9.9973E-05 0.195098 0.0303516
9.9973E-05 9.9973E-05 0.790426 9.9973E-05 0.0596836 0.0227024 0.0918519 0.0350363
9.994E-05 9.994E-05 0.9993 9.994E-05 9.994E-05 9.994E-05 9.994E-05 9.994E-05
0.0372581 0.114699 0.406898 9.9991E-05 0.0393358 0.0296568 0.3407 0.0313525
9.9982E-05 9.9982E-05 0.641285 0.00346828 0.0238297 0.034137 0.262859 0.0342206
9.9964E-05 9.9964E-05 0.795847 9.9964E-05 0.0185825 9.9964E-05 0.147699 0.0374708
9.9973E-05 0.00893799 0.898837 9.9973E-05 0.00334647 0.0137782 0.0748007 9.9973E-05
9.994E-05 9.994E-05 0.9993 9.994E-05 9.994E-05 9.994E-05 9.994E-05 9.994E-05
9.9946E-05 9.9946E-05 0.95427 9.9946E-05 9.9946E-05 9.9946E-05 0.0451301 9.9946E-05
9.994E-05 9.994E-05 0.9993 9.994E-05 9.994E-05 9.994E-05 9.994E-05 9.994E-05
9.9982E-05 0.0131901 0.619518 9.9982E-05 0.0154785 0.0260218 0.240156 0.085436
9.9964E-05 9.9964E-05 0.955264 0.000221067 0.0125759 0.0315396 9.9964E-05 9.9964E-05
0.655704 9.9964E-05 0.0387059 0.0630568 9.9964E-05 9.9964E-05 9.9964E-05 0.242133
0.272195 0.0450543 0.0920954 9.9982E-05 0.0620758 9.9982E-05 0.362529 0.165851
0.30578 9.9982E-05 0.0527446 0.024859 0.0513485 9.9982E-05 0.455607 0.109461
0.547004 9.9973E-05 0.0807288 9.9973E-05 0.0373346 9.9973E-05 0.19999 0.134643
0.198616 0.0483348 0.0778565 9.9982E-05 9.9982E-05 0.100914 0.433874 0.140206
0.530592 0.0339234 0.110606 0.0312513 0.00126205 9.9991E-05 0.0990731 0.193192
0.199985 0.108122 0.0919922 0.0228326 0.0280986 0.00550026 0.409603 0.133865
0.468772 9.9964E-05 0.0944079 9.9964E-05 9.9964E-05 9.9964E-05 0.297045 0.139375
0.273018 0.0160243 0.13598 9.9973E-05 9.9973E-05 9.9973E-05 0.456278 0.118401
0.351973 9.9964E-05 0.0539575 9.9964E-05 9.9964E-05 9.9964E-05 0.431593 0.162077
0.239286 0.00576146 0.100527 9.9991E-05 0.0509359 0.0607814 0.382746 0.159862
0.0155804 9.9964E-05 9.9964E-05 9.9964E-05 0.0428006 9.9964E-05 0.0582611 0.882958
9.9964E-05 9.9964E-05 0.0720118 0.034875 9.9964E-05 0.00286437 9.9964E-05 0.889849
9.9964E-05 9.9964E-05 9.9964E-05 0.0126934 0.0271825 9.9964E-05 0.017863 0.941861
0.0137395 9.9955E-05 9.9955E-05 9.9955E-05 9.9955E-05 0.0156795 9.9955E-05 0.970081
9.9964E-05 0.0327805 9.9964E-05 9.9964E-05 0.00913407 9.9964E-05 0.0525452 0.90514
9.9964E-05 0.00369998 0.00593545 0.0103227 9.9964E-05 9.9964E-05 9.9964E-05 0.979642
9.9973E-05 0.00716346 0.025332 9.9973E-05 0.0123037 9.9973E-05 0.0694382 0.885463
9.9973E-05 0.035502 9.9973E-05 0.000147582 0.0239075 9.9973E-05 0.000769274 0.939374
0.00601818 0.0418817 0.0330488 9.9973E-05 9.9973E-05 0.0352852 9.9973E-05 0.883466
0.0605096 0.0191506 0.0128483 9.9982E-05 0.0114292 9.9982E-05 0.006656 0.889206
0.0751139 0.0266333 9.9973E-05 9.9973E-05 0.25339 0.0713241 9.9973E-05 0.573239
0.029743 0.0355848 9.9973E-05 9.9973E-05 0.284325 0.0424953 9.9973E-05 0.607552
0.0694977 0.174209 9.9973E-05 9.9973E-05 0.207177 0.0398932 9.9973E-05 0.508923
0.097365 0.191699 9.9973E-05 9.9973E-05 0.250167 0.0232305 9.9973E-05 0.437239
9.9982E-05 0.105154 0.00887293 9.9982E-05 0.0749679 0.286063 0.473457 0.0512846
9.9991E-05 0.091703 0.0660821 0.0276994 0.0460988 0.336942 0.404023 0.0273513
9.9991E-05 0.139356 0.0113486 0.0188533 0.114763 0.154873 0.523155 0.0375509
9.9973E-05 0.243521 9.9973E-05 9.9973E-05 0.121424 0.275681 0.324573 0.0345006
9.9982E-05 0.4739 0.0207685 0.0568148 0.299095 0.0288764 0.120345 9.9982E-05
0.0287551 0.000112819 0.0390675 0.0268308 0.0596258 0.195313 0.614507 0.0357878
9.9973E-05 0.0345815 0.0241833 9.9973E-05 0.110976 0.279125 0.550834 9.9973E-05
0.0839729 0.0599976 0.00654666 0.0639596 0.0210158 0.245301 0.519107 9.9991E-05
9.9964E-05 9.9964E-05 0.00847761 0.0894945 9.9964E-05 0.524203 0.377425 9.9964E-05
0.0447719 0.00591287 0.00827526 0.0581497 0.0800835 0.118232 0.624225 0.0603491
9.9973E-05 0.0612026 9.9973E-05 9.9973E-05 0.039537 0.476927 0.407284 0.0147493
0.0204563 9.9964E-05 9.9964E-05 0.176364 0.00183419 0.800946 9.9964E-05 9.9964E-05
0.0129898 0.190363 0.0266258 0.0306456 0.035478 0.110142 0.529902 0.0638536
0.129151 9.9964E-05 9.9964E-05 0.0688625 9.9964E-05 0.630701 0.170885 9.9964E-05
9.9991E-05 0.0310309 0.0106478 0.0801299 0.000541037 0.349171 0.510052 0.018328
9.9973E-05 0.174951 9.9973E-05 9.9973E-05 0.0415429 0.626798 0.133539 0.0228687
0.0532651 9.9964E-05 9.9964E-05 9.9964E-05 0.850364 9.9964E-05 0.00958217 0.0863892
0.0762199 9.9964E-05 9.9964E-05 9.9964E-05 0.838766 9.9964E-05 0.0547137 0.0299008
0.0805448 9.9973E-05 9.9973E-05 9.9973E-05 0.863038 0.000462257 0.0204602 0.0351943
0.108146 9.9964E-05 9.9964E-05 9.9964E-05 0.829782 0.00733664 9.9964E-05 0.0543356
0.0479213 9.9955E-05 9.9955E-05 9.9955E-05 0.80995 9.9955E-05 0.141629 9.9955E-05
0.0771189 9.9973E-05 0.0480495 9.9973E-05 0.785088 9.9973E-05 0.0867263 0.00271787
9.9982E-05 0.00178924 0.0598044 9.9982E-05 0.0170253 0.0353872 0.023516 0.862278
9.9982E-05 0.0312801 0.0237369 9.9982E-05 0.0329405 0.0173741 0.091059 0.803409
9.9973E-05 0.0620551 0.0367503 9.9973E-05 0.00283468 9.9973E-05 0.127243 0.770817
9.9964E-05 9.9964E-05 0.0780397 9.9964E-05 0.0116099 0.0732785 9.9964E-05 0.836672
0.0191118 9.9982E-05 0.0502384 9.9982E-05 0.00944749 0.0150381 0.125508 0.780457
0.0745031 0.00570026 9.9973E-05 9.9973E-05 0.511226 0.0346389 9.9973E-05 0.373632
0.0129979 9.9973E-05 0.00779397 0.0475669 0.527132 9.9973E-05 9.9973E-05 0.404209
9.9973E-05 9.9973E-05 0.0114194 0.0516506 0.493081 9.9973E-05 0.0148888 0.42866
9.9973E-05 0.0315145 9.9973E-05 0.000389997 0.00228303 9.9973E-05 0.112142 0.85337
0.0116633 9.9982E-05 0.0106021 0.0628072 0.498928 0.0458953 9.9982E-05 0.369904
0.168562 9.9973E-05 0.287147 0.000495116 9.9973E-05 9.9973E-05 0.294687 0.248808
0.0580464 0.0496547 0.214559 0.0280754 9.9991E-05 0.0192262 0.485376 0.144962
0.00597738 9.9964E-05 0.180503 9.9964E-05 9.9964E-05 9.9964E-05 0.587923 0.225197
0.112642 9.9973E-05 0.230512 0.0546168 9.9973E-05 9.9973E-05 0.306678 0.295251
0.0285966 0.0878375 0.097342 0.00918101 0.0110805 0.0361233 0.494699 0.23514
0.286678 9.9955E-05 0.300475 9.9955E-05 9.9955E-05 9.9955E-05 9.9955E-05 0.412348
0.0339562 0.27939 9.9973E-05 0.0751923 0.20956 9.9973E-05 0.401601 9.9973E-05
0.112638 0.140704 9.9982E-05 0.168918 0.0714512 0.093119 0.41297 9.9982E-05
0.00498731 0.498238 9.9982E-05 0.033826 0.194486 0.0467453 0.221518 9.9982E-05
0.0997156 0.139441 9.9982E-05 0.154144 0.0640302 0.0486587 0.49381 9.9982E-05
0.265925 0.189581 9.9973E-05 0.32887 0.159052 0.0562715 9.9973E-05 9.9973E-05
0.107433 0.121814 0.0268015 0.0383749 0.055267 0.0459156 0.517858 0.0865355
0.0741174 0.0638515 0.0472525 0.167291 0.103165 0.0214176 0.522805 9.9991E-05
0.0343824 0.437266 9.9991E-05 0.0549621 0.176152 0.0206448 0.274883 0.00160983
0.0751283 0.162594 0.0294691 0.0581832 0.0406264 0.0130456 0.537933 0.0830212
0.222576 0.407757 9.9982E-05 0.153503 0.0361556 0.123905 0.0559024 9.9982E-05
0.0648027 0.169425 9.9991E-05 0.0945176 0.0906418 0.0339638 0.52032 0.0262288
0.00947157 0.264613 9.9982E-05 0.077615 0.148144 0.0187536 0.481203 9.9982E-05
0.141135 0.109764 0.124929 0.0866408 9.9991E-05 0.0363823 0.401262 0.0997865
0.133988 0.253953 9.9982E-05 0.158982 0.0805704 0.0839428 0.288364 9.9982E-05
0.166949 0.23563 0.0234625 0.0848992 0.0548651 0.0528242 0.38127 9.9991E-05
0.0586833 0.0893516 9.9982E-05 0.0963558 0.103759 0.047808 0.603843 9.9982E-05
0.0611677 0.129665 9.9982E-05 0.0694583 0.100427 0.118219 0.520863 9.9982E-05
0.0858466 0.0159513 0.0763972 0.095506 0.0804106 0.054128 0.59166 9.9991E-05
0.00564486 0.115414 0.0560498 0.0648994 0.0842315 0.07249 0.53622 0.0650503
9.9982E-05 0.214086 9.9982E-05 0.00509495 0.111813 0.0472094 0.55225 0.0693467
9.9955E-05 9.9955E-05 0.0157585 9.9955E-05 9.9955E-05 9.9955E-05 0.136314 0.847428
9.9955E-05 9.9955E-05 9.9955E-05 0.00757335 9.9955E-05 9.9955E-05 0.107651 0.884276
0.030367 9.9964E-05 9.9964E-05 9.9964E-05 0.0583452 9.9964E-05 0.0576149 0.853273
9.9964E-05 9.9964E-05 0.0259733 9.9964E-05 0.0100234 9.9964E-05 0.042236 0.921367
9.9955E-05 9.9955E-05 9.9955E-05 9.9955E-05 0.00151894 9.9955E-05 0.100874 0.897107
0.0462682 0.57699 0.0416741 0.0284866 0.214033 0.0531134 0.0153064 0.0241277
0.0307608 0.153027 0.04673 0.101574 0.0831196 0.0619825 0.481785 0.0410203
0.126548 0.0251977 0.239385 0.00704761 0.059575 9.9991E-05 0.371684 0.170463
9.9991E-05 0.228769 0.0454554 0.015949 0.0766277 0.0144632 0.596102 0.0225334
9.9982E-05 0.314013 0.0122864 9.9982E-05 0.134677 0.052182 0.451267 0.0353748
0.179077 0.2578 9.9982E-05 0.166113 0.118638 0.0468463 0.231325 9.9982E-05
9.9973E-05 0.58301 9.9973E-05 0.018842 0.312732 0.0155742 9.9973E-05 0.0695415
0.0120718 0.288444 9.9982E-05 9.9982E-05 0.1957 0.0314005 0.4409 0.0312832
9.9991E-05 0.438449 0.047006 0.0301746 0.256859 0.0359951 0.149548 0.041869
0.110041 0.143079 9.9991E-05 0.0707016 0.0791802 0.094705 0.451085 0.0511083
0.0407962 0.50842 9.9982E-05 0.0502156 0.262233 9.9982E-05 0.0893536 0.0487816
9.9982E-05 0.134842 0.0455087 0.054976 0.15877 9.9982E-05 0.546993 0.0587103
9.9982E-05 0.612113 9.9982E-05 0.0297396 0.151374 0.0962072 0.0442792 0.0660875
0.0872029 0.286153 0.0844192 0.132473 0.0872582 0.10384 0.200524 0.0181304
0.201282 0.0872465 9.9991E-05 0.076895 0.0619044 0.00294827 0.512906 0.0567176
0.461837 0.0162373 9.9982E-05 0.0828789 0.0669892 0.0814864 0.290371 9.9982E-05
0.366177 9.9982E-05 9.9982E-05 0.00997646 0.0362489 0.0288601 0.543418 0.0151202
0.186885 0.0508297 0.000885181 0.0361438 0.0564303 0.0401644 0.531912 0.0967498
0.568148 0.0370191 9.9982E-05 0.0608305 0.0297063 0.0642552 0.239841 9.9982E-05
0.20374 9.9991E-05 0.00185771 0.0783539 0.034727 0.065194 0.547389 0.068638
0.2918 9.9973E-05 9.9973E-05 0.0779121 0.0644797 0.0522166 0.513292 9.9973E-05
0.581518 9.9973E-05 9.9973E-05 0.135217 0.0433363 0.134282 0.105347 9.9973E-05
0.676262 9.9973E-05 9.9973E-05 0.0362721 0.04483 0.0441047 0.198231 9.9973E-05
0.396086 9.9973E-05 9.9973E-05 0.024768 0.112341 0.00897216 0.457533 9.9973E-05
0.590499 9.9973E-05 9.9973E-05 0.0990617 0.0955314 0.176719 0.0378892 9.9973E-05
0.347496 0.0555423 9.9982E-05 0.0234952 0.049982 0.0762376 0.447047 9.9982E-05
9.9982E-05 0.616768 0.000231652 0.0200768 0.275702 0.0181746 0.0688467 9.9982E-05
0.0432273 0.354945 0.0552865 0.273101 0.117349 0.00917156 0.146819 9.9991E-05
9.9982E-05 0.349527 0.0707226 9.9982E-05 0.20105 0.0370552 0.326042 0.0154028
9.9991E-05 0.161407 0.0317682 0.0596926 0.140434 0.0610118 0.509399 0.036187
9.9973E-05 0.454242 0.00624715 9.9973E-05 0.296267 0.111339 0.131604 9.9973E-05
0.0918431 0.167518 0.0296826 0.0450189 0.0674212 0.038984 0.527437 0.0320954
0.0331847 0.155531 0.0188897 0.053234 0.128452 9.9991E-05 0.574421 0.0361875
0.0360944 0.25505 0.0484306 0.0932464 0.0615242 0.0650116 0.440543 9.9991E-05
0.00946481 0.219153 0.0410307 0.0582772 0.171313 0.0107961 0.489865 9.9991E-05
9.9982E-05 0.29073 0.0149654 9.9982E-05 0.224775 0.0169899 0.448071 0.00426941
9.9982E-05 0.453289 0.0126475 0.00310654 0.236974 0.0823298 0.211454 9.9982E-05
9.9982E-05 0.272159 0.0314503 0.0733529 0.262356 0.00530231 0.355179 9.9982E-05
0.0398154 0.138684 0.0159666 0.106295 0.115482 0.0225298 0.561127 9.9991E-05
0.0649139 0.0786021 0.0776578 0.108929 0.0701412 0.0193938 0.569607 0.0107553
0.10675 0.213701 0.0707624 0.114989 0.14829 0.0341612 0.278624 0.0327232
0.01764 0.147054 0.104826 0.0949604 0.119485 0.0904337 0.425502 9.9991E-05
9.9991E-05 0.344208 0.025784 0.0298441 0.249042 0.0272924 0.321452 0.00227769
0.0130337 0.189225 0.0810776 0.0309441 0.134567 0.0449236 0.496296 0.0099335
9.9991E-05 0.260302 0.0475404 0.0619036 0.122472 0.0363249 0.42942 0.0419371
0.0687068 0.102967 0.0309633 0.0914298 0.0815025 9.9991E-05 0.548619 0.0757115
0.0159716 0.0803039 0.094107 9.9973E-05 9.9973E-05 9.9973E-05 0.471044 0.338273
0.0708398 0.0636718 0.129892 0.0541892 9.9982E-05 9.9982E-05 0.54684 0.134367
0.112255 0.0719198 0.137262 0.000499793 0.0484194 0.0368073 0.442408 0.150429
0.127725 0.0574758 0.16115 0.0234441 0.0329655 0.0011922 0.522559 0.0734881
0.136079 9.9991E-05 0.198781 0.0223305 0.000515131 0.0372141 0.424461 0.180519
0.12017 0.168029 9.9973E-05 0.165276 0.0785121 9.9973E-05 0.467713 9.9973E-05
0.0826909 9.9982E-05 0.133677 9.9982E-05 0.0590293 0.106385 0.468136 0.149882
0.395834 0.182194 0.174386 0.0511206 9.9982E-05 0.0269049 9.9982E-05 0.16936
0.110345 0.0430261 0.107695 0.0600368 0.0251137 9.9991E-05 0.58434 0.0693437
0.0668641 0.0397039 0.16715 0.0454728 0.0178817 0.0329676 0.489596 0.140363
0.108184 0.0881489 0.114984 0.0489209 9.9991E-05 0.0383533 0.530761 0.0705475
0.212122 0.160743 0.0966277 0.101678 9.9991E-05 0.0123003 0.278097 0.138331
0.0801012 0.0849241 0.0789865 9.9982E-05 9.9982E-05 0.000393532 0.557543 0.197852
0.0532318 9.9982E-05 0.159678 0.110492 0.021864 9.9982E-05 0.545597 0.108937
0.398691 9.9964E-05 0.136205 0.00953866 9.9964E-05 9.9964E-05 9.9964E-05 0.455166
0.0531132 0.0809671 0.1464 9.9982E-05 0.0340987 9.9982E-05 0.540312 0.144909
0.109976 0.034023 0.203246 0.0139317 0.0119901 0.000744975 0.486061 0.140028
0.127573 0.0975641 0.0789343 0.0343361 9.9991E-05 0.0218145 0.572449 0.0672291
0.108306 9.9973E-05 0.181379 0.00209057 9.9973E-05 9.9973E-05 0.535883 0.172041
0.0524374 0.0755357 0.124259 9.9982E-05 9.9982E-05 0.0791708 0.475132 0.193265
9.9964E-05 9.9964E-05 9.9964E-05 0.468875 9.9964E-05 0.044472 0.424669 0.061584
0.000753562 0.0634578 0.0606925 0.24143 9.9991E-05 0.0866384 0.493224 0.053704
0.00619454 0.0507131 9.9973E-05 0.910326 0.00849152 0.0239754 9.9973E-05 9.9973E-05
0.00790879 0.0470005 9.9964E-05 0.935324 9.9964E-05 9.9964E-05 9.9964E-05 0.00936721
0.0385183 0.0892243 0.0181964 0.321829 9.9982E-05 9.9982E-05 0.476874 0.055158
0.126005 0.00386662 0.321762 0.101351 9.9982E-05 9.9982E-05 0.311545 0.13527
0.0415627 9.9973E-05 0.260541 0.229745 9.9973E-05 9.9973E-05 0.310985 0.156867
0.130358 9.9973E-05 0.287435 0.266726 9.9973E-05 9.9973E-05 0.16417 0.15101
0.0613783 9.9973E-05 0.255358 0.213131 9.9973E-05 9.9973E-05 0.315818 0.154015
0.0568523 9.9973E-05 0.0405904 0.742416 9.9973E-05 9.9973E-05 0.040212 0.119629
0.0313812 9.9973E-05 0.05311 0.69385 9.9973E-05 9.9973E-05 0.103371 0.117988
0.0238472 0.0501986 0.0461589 0.332072 9.9973E-05 9.9973E-05 0.547423 9.9973E-05
9.9964E-05 9.9964E-05 0.0856705 0.477985 9.9964E-05 9.9964E-05 0.379381 0.0565633
9.9964E-05 9.9964E-05 0.048876 0.705736 9.9964E-05 9.9964E-05 0.18166 0.0633282
9.9982E-05 0.0855144 0.0737987 0.329131 9.9982E-05 0.00977648 0.478604 0.0229754
9.9973E-05 9.9973E-05 0.0766012 0.344033 0.0325833 9.9973E-05 0.526554 0.0199288
0.0392773 0.00510661 0.0642442 0.249698 0.034676 0.0432546 0.476845 0.0868984
9.9964E-05 0.00901599 9.9964E-05 0.652263 9.9964E-05 0.0197875 0.318533 9.9964E-05
9.9982E-05 0.0484019 9.9982E-05 0.508963 0.0237363 0.0413792 0.364474 0.0128456
0.0211443 0.000816865 9.9991E-05 0.324037 0.0472562 0.0644003 0.496217 0.0460282
0.0610923 9.9982E-05 0.0172473 0.379257 0.104387 9.9982E-05 0.422708 0.0151078
9.9991E-05 0.0678846 0.040217 0.198418 0.0250105 0.0874305 0.454588 0.126352
0.0566614 9.9973E-05 9.9973E-05 0.404589 0.0124038 0.0897368 0.436309 9.9973E-05
9.9964E-05 9.9964E-05 9.9964E-05 0.785568 0.0211302 9.9964E-05 0.192274 0.000627641
9.9955E-05 9.9955E-05 9.9955E-05 0.3428 9.9955E-05 9.9955E-05 0.644999 0.0117016
9.9964E-05 0.0539481 9.9964E-05 0.737197 0.0466572 9.9964E-05 0.161798 9.9964E-05
9.9955E-05 9.9955E-05 9.9955E-05 0.530524 9.9955E-05 9.9955E-05 0.452332 0.0166443
0.0150581 9.9991E-05 0.00122398 0.33855 0.0446586 0.0243795 0.492393 0.083637
9.9991E-05 0.0405295 0.0422271 0.293147 0.0284517 0.061859 0.457823 0.0758619
0.0854091 0.0690644 0.130306 0.0942777 0.0110104 9.9991E-05 0.454331 0.155502
0.0850952 9.9991E-05 0.144649 0.100966 0.0305782 0.0528801 0.434438 0.151294
0.146771 9.9973E-05 0.288394 0.122642 9.9973E-05 9.9973E-05 0.248461 0.193433
0.0977584 0.0601251 0.247459 0.0927272 0.0428592 9.9991E-05 0.308481 0.15049
0.0938486 0.0449629 0.183515 0.0379079 0.0292445 0.0502341 0.426794 0.133493
0.0283421 9.9991E-05 0.119508 0.155113 0.0138523 0.0686795 0.443923 0.170482
0.100106 9.9964E-05 0.0905884 0.648432 9.9964E-05 9.9964E-05 9.9964E-05 0.160474
0.0285006 9.9973E-05 0.169617 0.169858 9.9973E-05 9.9973E-05 0.522727 0.108997
0.195169 9.9964E-05 0.066366 0.398242 9.9964E-05 9.9964E-05 9.9964E-05 0.339823
9.9964E-05 9.9964E-05 0.118744 0.297779 9.9964E-05 9.9964E-05 0.50958 0.0734969
9.9946E-05 9.9946E-05 9.9946E-05 0.920898 9.9946E-05 9.9946E-05 0.0785024 9.9946E-05
9.9946E-05 9.9946E-05 9.9946E-05 0.963088 9.9946E-05 0.0363125 9.9946E-05 9.9946E-05
9.9946E-05 9.9946E-05 9.9946E-05 0.552124 9.9946E-05 9.9946E-05 0.447276 9.9946E-05
9.9955E-05 9.9955E-05 9.9955E-05 0.426892 9.9955E-05 9.9955E-05 0.566296 0.0063127
9.9946E-05 9.9946E-05 9.9946E-05 0.615554 9.9946E-05 9.9946E-05 0.383847 9.9946E-05
9.9946E-05 9.9946E-05 9.9946E-05 0.451509 9.9946E-05 9.9946E-05 0.547891 9.9946E-05
9.9946E-05 9.9946E-05 9.9946E-05 0.478758 9.9946E-05 9.9946E-05 0.520642 9.9946E-05
0.000503876 0.0318602 0.0245557 0.0139834 0.0525662 0.0231549 9.9991E-05 0.853276
0.0334222 9.9991E-05 0.0694287 0.00525567 0.0565513 0.0493484 0.0382322 0.747661
0.0139218 9.9973E-05 0.0243836 9.9973E-05 0.0379944 9.9973E-05 0.0035313 0.919869
0.0142738 9.9955E-05 9.9955E-05 9.9955E-05 9.9955E-05 9.9955E-05 0.039401 0.945825
0.0407443 0.00179661 0.00961361 9.9982E-05 9.9982E-05 0.34328 0.5482 0.0561664
0.0256139 0.0597929 0.0332636 9.9991E-05 0.0579168 0.287288 0.525111 0.0109138
9.9964E-05 0.054159 9.9964E-05 9.9964E-05 9.9964E-05 0.396098 0.528138 0.0212048
0.0248238 0.0838272 0.00908675 9.9982E-05 9.9982E-05 0.215901 0.592587 0.0735742
0.10759 0.0915615 0.033464 9.9991E-05 0.0537953 0.108675 0.544947 0.0598676
9.9973E-05 0.0847875 9.9973E-05 9.9973E-05 0.034877 0.563159 0.25949 0.0573869
9.9964E-05 9.9964E-05 9.9964E-05 0.0241245 9.9964E-05 0.312046 0.645568 0.0178624
0.0770316 9.9973E-05 0.00498596 0.064684 9.9973E-05 0.616695 0.236303 9.9973E-05
0.0350994 0.0559734 0.169926 9.9982E-05 0.0677244 9.9982E-05 0.371958 0.299119
0.0672413 0.0153567 0.0109991 0.13641 9.9982E-05 0.379297 0.390496 9.9982E-05
9.9973E-05 0.0566761 9.9973E-05 9.9973E-05 0.0365103 0.536502 0.352147 0.0178649
0.0161925 9.9964E-05 9.9964E-05 0.0335122 9.9964E-05 0.396202 0.553693 9.9964E-05
9.9973E-05 0.0377969 0.0185748 9.9973E-05 0.0868817 0.434509 0.421938 9.9973E-05
9.9955E-05 9.9955E-05 9.9955E-05 0.0322139 9.9955E-05 0.36923 0.598056 9.9955E-05
9.9964E-05 9.9964E-05 9.9964E-05 9.9964E-05 0.0318342 0.343601 0.549431 0.0747343
0.0652793 9.9964E-05 9.9964E-05 0.077103 9.9964E-05 0.850153 0.00706502 9.9964E-05
0.0891595 9.9973E-05 0.0340197 0.0554311 9.9973E-05 0.537929 0.283161 9.9973E-05
0.0315484 9.9973E-05 0.0131897 0.0558346 9.9973E-05 0.556439 0.342688 9.9973E-05
0.109977 9.9955E-05 9.9955E-05 0.0471205 9.9955E-05 0.842403 9.9955E-05 9.9955E-05
9.9973E-05 0.0769809 9.9973E-05 9.9973E-05 0.0845739 0.412736 0.383617 0.0417922
0.24973 9.9964E-05 9.9964E-05 0.0594289 9.9964E-05 0.634092 0.0563499 9.9964E-05
0.142573 9.9955E-05 9.9955E-05 0.0549511 9.9955E-05 0.801976 9.9955E-05 9.9955E-05
0.04046 9.9991E-05 0.0644086 0.0208771 0.0061281 0.288272 0.546762 0.0329921
9.9973E-05 0.112043 9.9973E-05 9.9973E-05 0.0913845 0.573944 0.189096 0.0332334
9.9964E-05 0.0873614 9.9964E-05 9.9964E-05 9.9964E-05 0.444628 0.444147 0.0234644
0.0588297 0.0389491 0.038811 9.9991E-05 0.0460621 0.141433 0.590762 0.085053
9.9982E-05 0.12769 9.9982E-05 0.00378495 0.017945 0.339258 0.498354 0.0127679
0.101547 0.287813 9.9982E-05 0.134878 0.090439 0.042953 0.34217 9.9982E-05
9.9982E-05 0.0512583 0.0138156 9.9982E-05 0.0508533 0.306545 0.531735 0.0455933
9.9973E-05 0.144705 9.9973E-05 9.9973E-05 0.0436585 0.322503 0.475945 0.0128889
0.037122 0.0137909 9.9973E-05 0.0621845 9.9973E-05 0.579011 0.307592 9.9973E-05
0.0267866 0.00203151 0.0256054 0.00605516 0.0409975 0.261294 0.523758 0.113472
0.0898018 9.9964E-05 9.9964E-05 0.0024014 0.253578 9.9964E-05 9.9964E-05 0.653819
0.0469404 9.9964E-05 9.9964E-05 9.9964E-05 0.162965 0.0395547 9.9964E-05 0.75014
0.0158669 0.0080903 9.9973E-05 9.9973E-05 0.103018 0.0261204 9.9973E-05 0.846605
0.0411485 0.0261359 9.9964E-05 9.9964E-05 0.127843 9.9964E-05 9.9964E-05 0.804473
0.0745525 0.0267706 9.9982E-05 9.9982E-05 0.147083 0.00110981 0.0228087 0.727475
9.9973E-05 0.12363 9.9973E-05 9.9973E-05 0.0479651 0.652499 0.1383 0.0373059
9.9973E-05 0.05422 9.9973E-05 9.9973E-05 0.0873395 0.664214 0.144005 0.0499213
0.0595982 9.9964E-05 0.0107848 9.9964E-05 9.9964E-05 0.752534 0.176683 9.9964E-05
0.0550069 0.0113635 0.0310735 0.0744137 0.0349154 0.186393 0.53866 0.0681742
0.0569297 0.066908 0.0524191 0.018049 0.0356156 0.181227 0.524252 0.0646001
0.056793 9.9973E-05 0.0262869 0.0469529 9.9973E-05 0.64415 0.225517 9.9973E-05
0.00932947 9.9991E-05 0.0168026 0.0171784 0.00365711 0.305122 0.583931 0.0638789
0.0520137 0.031741 0.0427523 0.0630728 9.9991E-05 0.393444 0.370108 0.0467681
0.0112838 0.0166641 9.9991E-05 0.0182038 0.0519714 0.357485 0.529576 0.0147154
9.9973E-05 9.9973E-05 0.0279283 9.9973E-05 0.0271208 0.283261 0.605761 0.0556287
9.9973E-05 0.121285 0.0220072 9.9973E-05 0.069799 0.60757 0.179038 9.9973E-05
9.9964E-05 0.10984 9.9964E-05 9.9964E-05 0.0423717 0.557492 0.289896 9.9964E-05
9.9973E-05 0.0927085 9.9973E-05 9.9973E-05 0.0714358 0.521489 0.29479 0.0192769
0.23168 0.0253069 9.9973E-05 9.9973E-05 0.0196202 9.9973E-05 0.6492 0.0738925
9.9973E-05 0.0487953 9.9973E-05 9.9973E-05 0.045659 0.514171 0.360737 0.0303374
9.9973E-05 0.0215663 9.9973E-05 9.9973E-05 0.0658626 0.464426 0.420014 0.0278313
0.0739122 0.0298766 0.317743 0.0256881 9.9982E-05 9.9982E-05 0.463458 0.089122
0.0836605 0.0209813 0.426359 9.9991E-05 0.0129582 0.0178365 0.333569 0.104535
0.0366012 0.00638445 0.389056 9.9982E-05 0.018938 9.9982E-05 0.465232 0.0835882
0.0483335 9.9973E-05 0.459053 0.0200779 9.9973E-05 9.9973E-05 0.314746 0.15749
0.0751995 0.00674325 0.251852 0.00907689 0.0404039 9.9991E-05 0.499671 0.116953
0.242141 9.9973E-05 9.9973E-05 9.9973E-05 0.00161871 0.206583 0.516252 0.033106
0.0824171 9.9973E-05 0.635018 9.9973E-05 0.0189489 9.9973E-05 0.0159118 0.247404
0.0300257 9.9973E-05 0.47942 9.9973E-05 0.0551981 9.9973E-05 0.280254 0.154803
0.29124 9.9982E-05 0.113441 9.9982E-05 0.0162483 0.0354867 0.393719 0.149665
0.248584 0.027428 9.9982E-05 9.9982E-05 0.073573 0.015727 0.517008 0.11748
0.308358 0.093491 9.9982E-05 0.00562933 0.00829292 9.9982E-05 0.48735 0.0966789
0.267299 0.00993864 9.9982E-05 9.9982E-05 0.0471222 0.00374322 0.606171 0.0655256
0.143154 0.0875291 9.9973E-05 9.9973E-05 0.0428988 9.9973E-05 0.60584 0.120277
0.0272952 9.9964E-05 0.403537 9.9964E-05 9.9964E-05 9.9964E-05 0.376144 0.192624
0.0206222 9.9991E-05 0.334481 0.0139096 0.0539203 0.0580896 0.363842 0.155036
0.0196728 9.9973E-05 0.482121 9.9973E-05 0.0245914 9.9973E-05 0.389645 0.0836701
0.0929589 9.9991E-05 0.251113 0.00951467 0.0605042 0.00363287 0.445033 0.137143
0.0714192 0.0157246 0.439651 0.0154364 9.9991E-05 0.0219173 0.250148 0.185604
0.0357161 0.117934 0.333418 9.9991E-05 0.0166398 0.0094987 0.38157 0.105124
0.00239212 0.0171455 0.538695 0.0395934 0.00259014 0.0105201 0.23321 0.155854
0.0860004 0.0385704 0.340422 0.0181924 9.9991E-05 0.0139989 0.394859 0.107856
0.360563 9.9982E-05 0.0118861 9.9982E-05 0.0677989 0.0628937 0.469014 0.0276442
0.0605515 9.9982E-05 0.306634 9.9982E-05 0.033506 0.0231438 0.433494 0.142471
0.05949 9.9964E-05 0.547422 9.9964E-05 9.9964E-05 9.9964E-05 0.173971 0.218717
0.0382258 0.0561721 0.349102 0.0255638 0.0107557 0.0343563 0.396313 0.0895113
0.387709 0.103856 9.9982E-05 9.9982E-05 0.0625349 0.0436646 0.270803 0.131233
0.351436 0.0179613 9.9955E-05 9.9955E-05 9.9955E-05 9.9955E-05 0.630103 9.9955E-05
0.0567494 0.0104696 0.347272 0.028564 0.0297764 0.0127482 0.377781 0.136639
0.229962 0.0863402 9.9982E-05 9.9982E-05 0.0138557 0.0172357 0.541851 0.110555
0.276079 0.10195 9.9973E-05 9.9973E-05 0.0505217 9.9973E-05 0.458721 0.112429
0.183934 0.0207481 0.198849 0.0132669 9.9991E-05 0.0496255 0.356142 0.177334
0.146536 9.9973E-05 0.227212 0.0300331 9.9973E-05 9.9973E-05 0.387808 0.20811
0.115416 9.9991E-05 0.0782243 0.0197716 0.052459 0.118636 0.532494 0.0828997
0.00623393 0.0604755 0.264536 0.0500008 0.0296034 0.0334184 0.404786 0.150946
0.0173695 9.9973E-05 0.382369 9.9973E-05 0.0027062 9.9973E-05 0.470453 0.126803
0.0926971 9.9964E-05 0.584163 9.9964E-05 9.9964E-05 9.9964E-05 0.164146 0.158594
0.121259 9.9991E-05 0.0581003 0.0323645 0.0692767 0.0374363 0.623474 0.0579891
0.360262 0.0623966 9.9982E-05 9.9982E-05 0.0238113 0.0111541 0.439974 0.102202
0.794907 9.9973E-05 9.9973E-05 0.0207918 9.9973E-05 0.000105285 0.166921 0.0169745
0.171838 9.9982E-05 0.0261133 9.9982E-05 0.005765 0.0891212 0.590593 0.116369
0.215086 0.151343 0.0267006 0.0898512 0.0727371 0.0112829 0.385518 0.0474813
0.141156 0.0151326 0.13953 9.9982E-05 9.9982E-05 0.0570248 0.487091 0.159866
0.140223 0.0797714 0.0902162 0.0187529 0.00486502 0.0475313 0.47816 0.14048
0.591562 9.9955E-05 0.112807 9.9955E-05 9.9955E-05 9.9955E-05 9.9955E-05 0.295131
0.738471 9.9955E-05 0.0425627 9.9955E-05 9.9955E-05 9.9955E-05 9.9955E-05 0.218467
