0.047562 9.9982E-05 0.881526 9.9982E-05 0.0707124
9.9982E-05 9.9982E-05 0.919594 0.0577977 0.0224085
0.047238 0.0757958 0.833812 9.9991E-05 0.0430544
0.0901398 0.0174871 0.785015 9.9991E-05 0.107258
0.0639373 0.0323468 0.890297 9.9991E-05 0.0133186
0.0805121 0.0496613 0.616701 0.165765 0.0873606
0.0359323 9.9991E-05 0.851034 0.0547814 0.0581525
0.0232711 9.9991E-05 0.769572 0.0773674 0.12969
9.9982E-05 9.9982E-05 0.822636 0.0822345 0.0949299
0.0485665 0.100793 0.741796 0.0593602 0.0494837
9.999E-05 0.0512747 0.76738 0.054377 0.126868
0.0968722 0.310581 9.9991E-05 0.0486337 0.543813
0.173377 0.493543 9.9991E-05 0.0432565 0.289723
0.0977978 0.283486 9.9991E-05 0.191639 0.426978
0.219287 0.33946 0.0338417 0.0313498 0.376062
0.0935521 0.509474 0.14053 0.0680357 0.188408
0.149157 0.565549 0.101462 0.0271668 0.156665
0.173473 0.415696 9.9991E-05 0.197055 0.213676
0.115323 0.349333 0.114899 0.0615482 0.358898
0.0691553 0.0125143 0.0245247 0.190772 0.703033
0.136967 0.443974 9.9991E-05 0.125577 0.293381
0.135365 0.490107 0.0248837 0.212649 0.136996
0.0579627 0.563529 0.0488979 0.148011 0.181599
0.131118 0.359615 9.9991E-05 0.153232 0.355934
0.08471 0.64121 0.0831831 0.0491293 0.141767
0.141209 0.59796 0.0886559 9.9991E-05 0.172075
0.127681 0.223752 0.00338567 0.200604 0.444578
0.207496 0.270592 9.9991E-05 0.11432 0.407493
0.0460379 0.309227 0.022238 0.193942 0.428555
0.124182 0.0405308 0.835087 9.9982E-05 9.9982E-05
0.0561849 0.0842638 0.859351 9.9982E-05 9.9982E-05
0.0136369 0.152264 0.833899 9.9982E-05 9.9982E-05
0.0256106 0.186864 0.787326 9.9982E-05 9.9982E-05
0.0412222 0.647048 0.0611337 0.128838 0.121759
0.0618602 0.656594 0.107326 0.0880282 0.0861917
0.0390357 0.713567 0.00354555 0.243751 9.9991E-05
9.9991E-05 0.245919 0.119476 0.138465 0.496039
9.9991E-05 0.565242 0.0678633 0.340542 0.026253
0.0331794 0.598896 0.0962908 0.184391 0.0872428
0.0154736 0.734979 0.0496359 0.168438 0.0314741
9.9991E-05 0.706019 0.182988 0.107432 0.00346093
0.0456285 0.634288 0.130611 9.9991E-05 0.189373
9.9982E-05 0.340382 9.9982E-05 0.407194 0.252224
0.163966 0.601233 9.9991E-05 0.18882 0.0458813
0.063781 0.688894 0.0608492 0.180149 0.00632716
0.129817 0.597498 0.148868 0.0808601 0.042957
9.9982E-05 0.495894 9.9982E-05 0.466515 0.0373914
0.0520547 0.73771 0.100284 0.109851 9.9991E-05
0.0704244 0.6284 0.145811 0.155264 9.9991E-05
9.9991E-05 0.016107 0.0846763 0.833003 0.0661136
9.9982E-05 0.258803 9.9982E-05 0.302974 0.438023
9.9991E-05 0.207603 0.0671496 0.559678 0.165469
0.0936186 0.513237 0.0680291 0.0712022 0.253913
0.141889 0.56783 0.0756266 0.114986 0.0996681
0.0972313 0.622661 0.140716 0.0962702 0.0431217
0.0265216 0.164952 0.0591824 0.33669 0.412655
0.0322897 0.586169 0.0616327 0.151613 0.168296
0.16207 0.62404 0.0892076 0.0465263 0.0781554
0.0332216 0.374327 0.146206 0.255063 0.191182
0.0762726 0.0611939 0.204832 0.317614 0.340087
0.100888 0.51174 0.0281208 0.13532 0.223932
0.0586067 0.43957 0.0904575 0.141444 0.269922
9.9991E-05 0.103214 0.0153367 0.288151 0.593197
0.0591035 0.540139 9.9991E-05 0.109693 0.290965
0.109802 0.613638 0.0305741 0.170861 0.0751248
0.062677 0.590266 0.136784 0.0223365 0.187936
0.0379499 0.343161 0.106513 0.215429 0.296948
0.0476193 0.509832 0.0272016 0.160995 0.254352
0.0730652 0.671221 0.0646066 0.0165339 0.174574
9.9991E-05 0.280139 0.043051 0.256705 0.420005
9.9982E-05 0.716259 9.9982E-05 0.201798 0.0817427
9.9982E-05 0.393266 9.9982E-05 0.400636 0.205898
0.141908 0.556258 0.033084 0.13436 0.134389
9.9982E-05 0.169165 9.9982E-05 0.828313 0.00232229
9.9982E-05 0.209044 9.9982E-05 0.709485 0.0812717
9.9982E-05 0.498951 9.9982E-05 0.462317 0.0385328
9.9991E-05 0.594343 0.0397058 0.194526 0.171325
0.056635 0.652283 0.144335 0.134478 0.0122693
0.0536176 0.569988 0.00513177 0.287181 0.0840812
9.9991E-05 0.379551 0.0196142 0.333197 0.267538
9.9991E-05 0.410683 0.0130336 0.240237 0.335946
0.0430678 0.663957 0.09661 0.175612 0.0207533
0.0143675 0.425598 0.0367443 0.352854 0.170436
9.9991E-05 0.522449 0.0731537 0.280835 0.123463
9.9982E-05 0.615995 9.9982E-05 0.377589 0.0062163
9.9982E-05 0.194729 9.9982E-05 0.749311 0.05576
0.037589 0.745303 0.0590337 0.0669342 0.0911405
9.9982E-05 0.114299 0.816174 9.9982E-05 0.0693264
9.9973E-05 0.0727807 0.926919 9.9973E-05 9.9973E-05
0.0933898 0.0370235 0.869387 9.9982E-05 9.9982E-05
0.0156623 0.0507409 0.911056 0.0224406 9.9991E-05
9.9982E-05 0.0876855 0.906837 0.00527739 9.9982E-05
0.0245121 0.0424441 0.932844 9.9982E-05 9.9982E-05
9.9973E-05 0.069327 0.930373 9.9973E-05 9.9973E-05
0.0817591 0.540426 0.125237 0.128624 0.123954
0.13473 0.573359 0.120564 0.171247 9.9991E-05
9.9982E-05 0.281155 9.9982E-05 0.519658 0.198987
0.0472868 0.722403 0.0845685 0.104044 0.0416975
9.9991E-05 0.607544 0.0150053 0.211929 0.165422
9.9982E-05 0.711765 0.0971905 0.190845 9.9982E-05
0.0392267 0.632958 0.00929673 0.247695 0.0708238
0.10091 0.569211 9.9982E-05 0.329679 9.9982E-05
9.9991E-05 0.142243 0.0019846 0.558733 0.29694
0.0517674 0.540453 0.151538 0.173561 0.0826803
0.068087 0.720873 0.0912434 0.102535 0.0172619
0.179177 0.563549 0.0359273 0.0916279 0.129719
9.9982E-05 0.506189 0.0339556 0.459656 9.9982E-05
0.00339498 0.617998 0.0248173 0.35369 9.9991E-05
9.9982E-05 0.595138 9.9982E-05 0.209633 0.195029
0.0821182 0.492684 9.9991E-05 0.422168 0.0029298
9.9991E-05 0.576388 0.0837813 0.182098 0.157632
0.0239877 0.653528 0.160982 0.0185823 0.14292
0.0468747 0.342878 0.0170848 0.281641 0.311522
0.110957 0.356252 0.120641 0.0626726 0.349477
0.12492 0.548171 0.130401 0.014681 0.181827
0.134562 0.596974 0.0298938 0.0993509 0.139219
0.00588222 0.522542 0.0686009 0.0892597 0.313716
0.0821227 0.588248 0.038011 9.9991E-05 0.291519
0.0488046 0.51239 9.9991E-05 0.0432792 0.395426
0.045535 0.562214 0.0916994 0.157484 0.143068
0.126653 0.603176 0.0498689 9.9991E-05 0.220202
9.9991E-05 0.694127 0.069721 0.046042 0.19001
9.9991E-05 0.575099 0.0143583 0.0237129 0.38673
0.105183 0.648034 0.0258562 0.0680694 0.152858
0.112967 0.632698 0.0255615 0.107129 0.121645
0.100069 0.605962 9.9991E-05 0.05385 0.240019
0.131825 0.56275 0.0994708 0.152061 0.0538932
0.136603 0.579709 9.9991E-05 0.0203318 0.263256
0.0156381 0.404532 0.11874 0.162383 0.298707
0.0881228 0.707379 0.0178638 0.00541202 0.181223
0.133322 0.63615 0.017917 0.00992648 0.202684
0.0809896 0.270195 9.9991E-05 0.213916 0.434799
0.0952459 0.12408 9.9991E-05 0.46087 0.319704
0.0724944 0.600798 0.0557622 0.0409295 0.230015
0.0743607 0.0894722 9.9991E-05 0.532094 0.303973
0.0689672 0.270133 9.9991E-05 0.180427 0.480372
9.9982E-05 0.547088 9.9982E-05 0.189408 0.263305
9.9991E-05 0.410326 0.030594 0.144143 0.414837
0.0205004 0.391486 0.0165307 0.0213321 0.550151
0.0820257 0.682003 0.124825 0.0536678 0.0574782
0.15278 0.538477 0.12477 0.0837424 0.10023
0.019107 0.643287 0.109678 0.00108314 0.226846
0.0567042 0.211966 9.9991E-05 0.3432 0.38803
9.9991E-05 0.644599 0.179186 0.159045 0.0170705
0.0831847 0.518705 0.0805117 0.274971 0.0426278
9.9991E-05 0.0661403 0.196525 0.611983 0.125252
0.130243 0.676401 0.0987908 0.0944654 9.9991E-05
0.0438604 0.332835 0.132166 0.425581 0.0655586
0.124649 0.531468 0.0543237 0.171842 0.117718
0.0666503 0.29379 0.123171 0.398417 0.117972
9.9991E-05 0.248739 0.112617 0.486663 0.151881
9.9991E-05 0.497778 0.0928782 0.281292 0.127951
0.0567366 0.547993 0.114135 0.146062 0.135074
0.141021 0.468562 0.134106 0.167969 0.0883418
0.218238 0.0245782 0.0581816 0.583284 0.115718
0.035203 0.603927 0.137848 0.216361 0.00666178
9.9982E-05 0.46066 9.9982E-05 0.410013 0.129128
9.9982E-05 0.568521 9.9982E-05 0.302301 0.128978
0.094233 0.531488 0.149655 0.154884 0.0697397
0.28316 0.155607 0.372861 0.170485 0.0178873
0.17793 9.9982E-05 0.596103 0.225767 9.9982E-05
0.153164 9.9982E-05 0.516964 0.329672 9.9982E-05
0.368345 0.0558714 0.461008 0.0947721 0.0200035
0.0316326 0.690264 9.9982E-05 0.277904 9.9982E-05
0.0746335 0.614307 0.104193 0.101677 0.105189
0.747337 0.236305 9.9982E-05 9.9982E-05 0.0161576
0.464477 0.358839 0.0837609 9.9991E-05 0.0928226
0.414423 0.413052 0.0751734 0.0295746 0.0677763
9.9982E-05 0.396918 0.0547206 0.548161 9.9982E-05
0.129173 0.485638 0.137847 0.160447 0.0868959
0.046323 0.263398 0.0280701 0.662109 9.9991E-05
9.9991E-05 0.694613 0.0221473 0.247406 0.0357331
0.0276435 0.618263 0.00318743 0.33029 0.0206162
0.0937116 0.551633 0.00218682 0.255539 0.0969295
0.0295573 0.274329 0.0115362 0.601485 0.0830928
0.0968656 0.685701 0.0613076 0.0288532 0.127272
0.0227989 0.585618 0.169208 0.222275 9.9991E-05
0.978796 9.9973E-05 9.9973E-05 0.0209043 9.9973E-05
0.939289 0.0454092 9.9982E-05 0.0151016 9.9982E-05
0.601167 0.25772 0.0345006 0.038019 0.0685932
0.686655 0.313045 9.9973E-05 9.9973E-05 9.9973E-05
0.795883 0.155929 0.0262673 0.0218213 9.9991E-05
0.9996 9.997E-05 9.997E-05 9.997E-05 9.997E-05
0.938439 9.9973E-05 9.9973E-05 9.9973E-05 0.0612614
0.860739 0.138961 9.9973E-05 9.9973E-05 9.9973E-05
0.990821 9.9973E-05 9.9973E-05 9.9973E-05 0.00887928
0.9996 9.997E-05 9.997E-05 9.997E-05 9.997E-05
0.9996 9.997E-05 9.997E-05 9.997E-05 9.997E-05
0.789814 0.137365 0.0424279 9.9991E-05 0.0302929
0.846748 0.0648757 0.051739 0.0351903 0.0014474
0.980427 9.9973E-05 9.9973E-05 9.9973E-05 0.0192728
0.492524 0.260188 9.9991E-05 0.0292245 0.217963
0.69305 0.194228 0.00935336 0.0095697 0.0937988
0.797623 0.111296 0.00285929 0.0148038 0.0734177
0.870719 0.0727941 0.0562869 9.9982E-05 9.9982E-05
0.981155 0.018545 9.9973E-05 9.9973E-05 9.9973E-05
0.91905 0.0274661 0.053284 9.9982E-05 9.9982E-05
0.979139 9.9973E-05 0.0205613 9.9973E-05 9.9973E-05
0.661945 0.160504 0.0677559 9.9991E-05 0.109695
0.959876 9.9991E-05 0.0186741 0.0136166 0.00773322
0.0615317 9.9982E-05 0.397745 0.540523 9.9982E-05
0.171652 0.356049 0.16472 0.141812 0.165768
0.0162243 0.470394 0.327797 0.179069 0.00651708
0.107721 0.169347 0.298659 0.424174 9.9991E-05
0.197997 0.415118 0.161082 0.165235 0.0605682
0.0990401 0.254022 0.305623 0.341215 9.9991E-05
0.205165 0.385044 0.157926 0.185628 0.0662376
0.240151 0.331256 0.132579 0.295914 9.9991E-05
0.203129 0.437877 0.205082 0.0944451 0.0594666
0.210507 0.31666 0.21489 0.257843 9.9991E-05
0.0682841 0.504223 0.157786 0.172218 0.0974886
0.016311 0.00275687 0.834568 0.0809909 0.0653732
0.0616611 9.9991E-05 0.925015 0.0110356 0.00218796
9.9982E-05 9.9982E-05 0.947419 0.00695104 0.0454296
9.9973E-05 9.9973E-05 0.961836 9.9973E-05 0.0378644
0.0369255 9.9982E-05 0.891363 9.9982E-05 0.0715113
0.0928453 9.9982E-05 0.852661 0.0542941 9.9982E-05
0.0683273 0.00562682 0.899833 9.9991E-05 0.0261133
9.9982E-05 0.0159622 0.90381 0.080028 9.9982E-05
9.9982E-05 0.0746385 0.918101 0.00706086 9.9982E-05
0.0818547 0.000144906 0.882238 9.9991E-05 0.0356628
9.9982E-05 9.9982E-05 0.592793 0.137389 0.269618
9.9982E-05 9.9982E-05 0.594433 0.0187392 0.386627
9.9982E-05 9.9982E-05 0.534333 0.160928 0.304539
9.9982E-05 9.9982E-05 0.522596 0.167415 0.309788
0.0559276 0.635965 0.0789066 0.0925553 0.136645
0.086518 0.568987 9.9991E-05 0.215206 0.129189
0.08836 0.598712 0.0164659 0.106718 0.189743
9.9991E-05 0.517449 0.0564845 0.0651812 0.360785
0.0173354 0.246143 9.9991E-05 0.0581912 0.678231
0.019991 0.717645 0.0790673 0.107958 0.0753383
0.0415886 0.622602 9.9991E-05 0.234303 0.101407
0.00747198 0.639164 9.9991E-05 0.260772 0.0924926
9.9973E-05 0.56154 9.9973E-05 0.43816 9.9973E-05
0.115112 0.669698 0.0525601 0.10801 0.0546195
9.9982E-05 0.581763 9.9982E-05 0.241082 0.176955
9.9982E-05 0.0540135 9.9982E-05 0.795776 0.15001
0.0195619 0.553204 0.108541 0.141119 0.177574
9.9982E-05 0.428083 9.9982E-05 0.56751 0.00420734
0.0318092 0.611428 0.0328128 0.32385 9.9991E-05
9.9982E-05 0.24289 9.9982E-05 0.459864 0.297047
9.9991E-05 0.0153603 0.141374 0.0598228 0.783343
9.9991E-05 0.089435 0.0894072 0.0358013 0.785256
9.9982E-05 9.9982E-05 0.018904 0.118237 0.862659
9.9982E-05 9.9982E-05 0.115546 0.0515695 0.832684
0.00621462 0.0648285 9.9991E-05 0.0248697 0.903987
0.109392 0.0380207 0.0595879 0.0204711 0.772528
0.026525 0.088366 0.882899 9.9991E-05 0.00210974
0.0282435 0.06318 0.851699 9.9991E-05 0.0567774
0.115694 0.110204 0.773903 9.9982E-05 9.9982E-05
0.111172 0.0315838 0.748854 9.9991E-05 0.10829
0.0628073 0.0936716 0.782861 9.9991E-05 0.0605598
9.9982E-05 9.9982E-05 0.399611 0.0235726 0.576617
9.9982E-05 9.9982E-05 0.458924 0.156214 0.384662
9.9982E-05 9.9982E-05 0.446321 0.101671 0.451809
0.0471722 0.102354 0.845291 9.9991E-05 0.00508278
9.9982E-05 9.9982E-05 0.385174 0.0730107 0.541615
0.366277 0.330777 0.236277 0.0665694 9.9991E-05
0.250914 0.607466 0.124863 9.9991E-05 0.0166573
0.295893 0.497627 0.20628 9.9982E-05 9.9982E-05
0.217263 0.391395 0.303549 0.0876926 9.9991E-05
0.232918 0.483908 0.16201 0.0293519 0.0918121
0.305667 9.9982E-05 0.504968 0.189165 9.9982E-05
9.9982E-05 0.536321 9.9982E-05 0.0991245 0.364355
0.0224352 0.423774 0.0123609 0.377751 0.163679
9.9991E-05 0.344781 0.0917726 0.00463121 0.558715
0.0145501 0.517614 9.9991E-05 0.301872 0.165864
9.9973E-05 9.9973E-05 9.9973E-05 0.797853 0.201847
0.0952887 0.522138 0.0519467 0.179014 0.151612
0.0497196 0.530242 0.037581 0.178495 0.203962
9.9991E-05 0.448081 0.0207599 0.139255 0.391804
9.9991E-05 0.645492 0.181255 0.0524009 0.120752
9.9991E-05 0.212983 0.0128672 0.491554 0.282496
0.0661138 0.495076 9.9991E-05 0.313778 0.124932
0.0998631 0.533381 9.9991E-05 0.0796411 0.287015
0.291689 0.356819 0.0987099 0.136926 0.115856
0.0606934 0.421 9.9991E-05 0.221476 0.296731
0.0683345 0.482425 9.9991E-05 0.228851 0.22029
0.0996501 0.552541 0.00278595 0.214392 0.130631
9.9991E-05 0.681932 0.016352 0.10365 0.197966
0.12192 0.64279 0.0127067 0.0993704 0.123213
0.111066 0.566477 0.122283 0.0815472 0.118627
0.0226263 0.549694 0.145566 9.9991E-05 0.282014
0.126184 0.101929 0.771687 9.9982E-05 9.9982E-05
0.0308298 0.0881815 0.87233 0.00855826 9.9991E-05
0.0183888 0.0437301 0.767126 0.0370344 0.133721
0.0451397 0.0660644 0.84589 0.0132057 0.0297005
0.0274149 0.108962 0.863423 9.9982E-05 9.9982E-05
0.0637598 0.266949 9.9991E-05 0.0144802 0.654711
0.0934747 0.543422 0.120812 0.119382 0.12291
0.1895 0.439301 0.261701 0.109398 9.9991E-05
0.10729 0.683291 0.0128977 9.9991E-05 0.196422
0.0322963 0.5555 0.0165604 0.101875 0.293769
0.104076 0.326404 0.000625398 0.271179 0.297716
9.9991E-05 0.0795164 0.0968166 0.198178 0.625389
0.0773564 0.542788 0.0115437 0.0739376 0.294374
0.0832423 0.175667 0.0483471 0.137526 0.555218
0.135501 0.463362 0.0289485 0.135436 0.236752
0.0265134 0.182699 0.0714227 0.185152 0.534213
0.130003 0.569149 0.0845113 9.9991E-05 0.216237
0.0195323 0.221847 0.0435643 0.197362 0.517695
0.106264 0.338759 0.0189139 0.223846 0.312218
0.0505496 0.530108 0.081838 0.211098 0.126406
9.9991E-05 0.35111 0.0641586 0.436138 0.148493
0.00090409 0.617256 0.190883 0.187137 0.00381995
9.9982E-05 0.643074 0.209441 0.147285 9.9982E-05
9.9991E-05 0.417728 0.033981 0.445369 0.102822
0.0184873 0.621108 0.143157 0.121472 0.0957757
9.9982E-05 0.676245 0.112462 0.211092 9.9982E-05
9.9982E-05 0.199984 9.9982E-05 0.672325 0.127491
0.00902117 0.329579 0.0298686 0.620077 0.0114537
0.0392076 0.541006 0.0250612 0.326254 0.0684713
9.9991E-05 0.269501 0.0329395 0.602142 0.095317
9.9991E-05 0.498762 0.0553199 0.278342 0.167476
0.000339862 0.197233 9.9991E-05 0.128603 0.673724
0.0530436 0.292993 9.9991E-05 0.387609 0.266255
0.0785459 0.422025 0.0619925 0.0431138 0.394323
0.149597 0.630696 0.0537855 9.9991E-05 0.165822
9.9982E-05 0.330903 9.9982E-05 0.139762 0.529135
0.160106 0.416501 0.0760996 0.170083 0.17721
0.17158 0.508503 9.9991E-05 0.0436704 0.276147
0.123829 0.555137 9.9991E-05 0.0214832 0.299451
0.104436 0.493739 0.00981723 0.117084 0.274924
0.108272 0.427697 0.0184297 0.0890705 0.356531
0.0755997 0.269223 9.9991E-05 0.0222489 0.632829
0.0681426 0.346583 0.00175853 0.120735 0.462781
0.0576476 0.67122 9.9991E-05 0.0157464 0.255286
0.117545 0.670979 0.029652 0.120707 0.0611168
0.0564905 0.421898 0.0661328 0.200951 0.254528
0.0881448 0.600954 0.0136374 0.0657649 0.231499
0.0948963 0.418183 0.0721719 9.9991E-05 0.414648
0.0469789 0.726262 0.00752657 9.9991E-05 0.219133
0.0858061 0.525288 0.0711967 0.0863033 0.231406
0.1287 0.532894 0.128614 9.9991E-05 0.209692
0.174493 0.429343 0.348922 9.9991E-05 0.0471417
0.260184 0.429434 0.114307 0.195976 9.9991E-05
0.228033 0.486419 0.112242 0.0805749 0.092731
0.120084 0.622295 0.176364 0.0132303 0.0680268
0.180819 0.501509 0.298966 0.00764712 0.0110579
0.0384818 0.590047 9.9991E-05 0.268679 0.102692
0.19023 0.568366 0.218128 0.0208932 0.00238268
0.169955 0.0647725 0.270689 0.494484 9.9991E-05
0.255037 0.422131 0.153105 0.0639696 0.105756
0.168992 0.646115 0.114019 9.9991E-05 0.0707737
0.350296 0.38568 0.0513896 0.129365 0.0832694
0.152678 0.314638 0.188815 0.26846 0.0754094
0.179652 0.50105 0.215065 0.0641772 0.0400562
0.226454 0.580189 0.171134 0.0221231 9.9991E-05
0.144324 9.9982E-05 0.54933 0.306147 9.9982E-05
0.203687 0.509387 0.233604 0.053222 9.9991E-05
0.245428 0.464798 0.218477 9.9991E-05 0.0711974
0.211437 0.612895 0.109598 0.0659701 9.9991E-05
0.297884 0.484495 0.17091 0.0466107 9.9991E-05
0.183045 0.516684 0.161557 0.0682596 0.0704545
0.124862 0.544598 0.00450671 0.239751 0.086282
9.9991E-05 0.592173 0.102869 0.2252 0.0796577
0.0152961 0.143214 9.9991E-05 0.767949 0.0734409
9.9982E-05 0.0799354 9.9982E-05 0.888381 0.0314839
0.0700929 0.609456 0.100112 0.137929 0.082411
0.354056 0.396557 0.173746 0.0755409 9.9991E-05
0.404117 0.323239 0.062301 0.210243 9.9991E-05
0.344682 0.148734 0.186695 0.269321 0.0505689
0.304984 0.365715 0.189939 0.126914 0.012447
0.151428 0.144101 0.0818873 0.622484 9.9991E-05
0.157393 0.192155 0.0668559 0.583496 9.9991E-05
0.1763 0.588163 9.9991E-05 0.223727 0.0117103
0.115531 0.577254 0.0557805 0.248859 0.00257565
0.175274 0.219574 0.0823148 0.522737 9.9991E-05
0.155823 0.54194 0.0842931 0.197832 0.0201113
0.143984 0.577514 0.0204099 0.167696 0.090397
0.10608 0.500618 0.170448 0.158048 0.0648065
9.9991E-05 0.438213 0.029209 0.430502 0.101976
0.0503977 0.403067 0.000354716 0.467646 0.0785339
0.0763077 0.556459 0.0688776 0.225777 0.072579
0.0937009 0.46197 0.0572351 0.285726 0.101367
0.145988 0.439363 0.125772 0.214741 0.0741352
0.00685048 0.545134 0.00999229 0.42629 0.0117339
9.9982E-05 0.315945 9.9982E-05 0.608178 0.0756767
0.100027 0.592804 9.9991E-05 0.304781 0.00228853
9.9982E-05 0.319448 9.9982E-05 0.622605 0.0577473
0.056661 0.466758 0.00997266 0.406533 0.0600754
0.151743 0.508891 0.0667164 0.248547 0.0241022
0.061838 0.522754 0.0385809 0.281428 0.0953988
0.240336 0.424442 0.191212 0.073845 0.0701647
0.195442 0.476912 0.183689 0.106694 0.0372629
0.29843 0.338157 0.161129 0.144346 0.0579376
0.195652 0.433341 0.218626 0.103268 0.0491136
0.146601 0.479748 0.190261 0.0140379 0.169352
0.185058 0.488339 0.14352 0.084912 0.0981703
0.199478 9.9982E-05 0.201453 0.598869 9.9982E-05
0.28476 0.571881 0.0753922 0.0279849 0.0399823
0.17214 9.9982E-05 0.399043 0.428617 9.9982E-05
0.22513 0.550493 0.0658524 0.158425 9.9991E-05
9.9973E-05 0.230342 9.9973E-05 0.769358 9.9973E-05
9.9991E-05 0.0635659 0.023402 0.852117 0.0608149
0.00276704 0.644092 9.9982E-05 0.352941 9.9982E-05
9.9982E-05 0.726896 0.0452025 0.227702 9.9982E-05
0.0111722 0.4949 0.0201911 0.473637 9.9991E-05
9.9982E-05 0.627941 9.9982E-05 0.282402 0.0894576
9.9973E-05 0.676221 9.9973E-05 0.323479 9.9973E-05
0.00954686 0.11074 0.826073 0.0535395 9.9991E-05
0.0810708 9.9982E-05 0.743639 9.9982E-05 0.17509
0.0424761 9.9982E-05 0.891264 9.9982E-05 0.06606
9.9973E-05 0.0670492 0.932651 9.9973E-05 9.9973E-05
0.0972244 0.521162 9.9991E-05 0.247648 0.133866
0.0212974 0.617849 0.0645775 0.296176 9.9991E-05
9.9982E-05 0.675233 9.9982E-05 0.264667 0.0599001
9.9991E-05 0.702065 0.125401 0.0838096 0.0886246
0.0679869 0.612334 0.104045 0.0701702 0.145465
9.9991E-05 0.380488 0.0199209 0.437778 0.161713
9.9991E-05 0.786633 0.00340264 0.124319 0.085545
9.9973E-05 0.544749 9.9973E-05 0.454951 9.9973E-05
0.187302 0.50228 0.279965 0.0289912 0.00146188
0.0376866 0.534201 9.9991E-05 0.370218 0.0577941
9.9982E-05 0.476088 9.9982E-05 0.284651 0.239061
0.0342135 0.651774 0.00277829 0.220445 0.0907885
9.9991E-05 0.596884 0.0366815 0.250709 0.115625
9.99968E-05 0.692776 0.0221558 0.231086 0.0538813
9.9991E-05 0.770437 0.118423 0.0806018 0.0304378
9.9973E-05 0.339094 9.9973E-05 0.660606 9.9973E-05
9.9982E-05 0.476697 9.9982E-05 0.494763 0.0283396
9.9982E-05 0.477598 9.9982E-05 0.440767 0.0814354
9.9973E-05 0.103955 9.9973E-05 0.895745 9.9973E-05
9.9991E-05 0.60638 0.0362751 0.165553 0.191692
9.9982E-05 0.293189 9.9982E-05 0.627704 0.078907
9.9982E-05 0.0524342 9.9982E-05 0.890689 0.0566765
9.9991E-05 0.715292 0.018733 0.223816 0.042059
9.9991E-05 0.405595 0.0282093 0.416576 0.14952
0.0477182 0.595437 9.9991E-05 0.200175 0.15657
0.0443342 0.715382 0.173449 0.0594804 0.00735455
0.0431001 0.679661 9.9991E-05 0.168851 0.108288
0.0616221 0.426486 9.9991E-05 0.208732 0.30306
9.9991E-05 0.753834 0.0356904 0.145315 0.0650612
0.0421614 0.520089 0.046489 0.228358 0.162903
9.9973E-05 0.544091 9.9973E-05 0.455609 9.9973E-05
0.0816798 0.536307 0.0940203 0.162325 0.125667
9.9991E-05 0.0597119 0.663715 0.0542247 0.222249
9.9991E-05 0.0752466 0.736693 0.0800559 0.107904
9.9982E-05 9.9982E-05 0.843459 0.0222472 0.134094
9.9982E-05 9.9982E-05 0.803913 0.046936 0.148951
9.9982E-05 0.0305202 0.710844 9.9982E-05 0.258436
9.9991E-05 0.294021 0.00538761 0.442814 0.257678
9.9991E-05 0.282437 0.0393109 0.457053 0.221099
9.9982E-05 0.358571 9.9982E-05 0.623265 0.0179639
0.126434 0.613034 0.155883 0.0825822 0.0220664
0.0501106 0.625349 0.11335 0.151624 0.0595664
9.9982E-05 0.442582 0.0366879 0.52053 9.9982E-05
0.0763789 0.729334 0.000903724 0.181698 0.0116849
0.0142365 0.583185 0.0333781 0.3691 9.9991E-05
9.9991E-05 0.676547 0.052725 0.201025 0.0696039
0.0256822 0.75798 0.0577247 0.130362 0.0282517
9.9982E-05 0.435876 9.9982E-05 0.399977 0.163947
9.9982E-05 0.546249 9.9982E-05 0.243811 0.20974
9.9982E-05 0.542681 9.9982E-05 0.241323 0.215796
9.9991E-05 0.681301 0.167944 0.127277 0.0233779
9.9982E-05 0.585253 9.9982E-05 0.25511 0.159437
9.9991E-05 0.611497 0.0736753 0.263747 0.0509803
0.455117 0.473998 0.0706849 9.9982E-05 9.9982E-05
0.490042 0.379417 0.0951481 9.9991E-05 0.0352929
0.439594 0.404653 0.155552 9.9982E-05 9.9982E-05
0.504177 0.284801 0.132626 0.0782965 9.9991E-05
0.343612 0.415291 0.141798 9.9991E-05 0.0992
0.0869436 0.598914 0.0170669 0.296976 9.9991E-05
0.670255 9.9991E-05 0.288231 0.0371714 0.0042422
0.522107 0.277622 0.200072 9.9982E-05 9.9982E-05
0.147699 0.501152 0.203263 0.133032 0.0148544
0.0100705 0.581444 0.218127 0.131057 0.0593024
0.0306713 0.436695 0.143565 0.255411 0.133658
0.0452991 0.659422 0.14409 0.111974 0.0392146
0.0843614 0.627208 0.117827 0.118591 0.0520117
0.493466 0.332249 0.174085 9.9982E-05 9.9982E-05
0.428525 0.371922 0.123303 0.0170915 0.0591587
0.499461 0.382989 0.0883108 0.0291387 9.9991E-05
0.391288 0.372024 0.123051 0.00450195 0.109135
0.503917 0.316635 0.129838 0.0495099 9.9991E-05
0.400875 0.397084 0.128262 0.0736787 9.9991E-05
0.620215 0.198546 0.138136 0.0140448 0.0290586
0.535082 0.289837 0.0548871 0.00521758 0.114976
0.127728 0.548638 0.0974272 0.179732 0.0464758
0.437229 0.339393 0.150054 0.0732242 9.9991E-05
0.66382 0.137162 0.151379 0.0475381 9.9991E-05
0.375056 0.405493 0.183655 0.014942 0.0208537
9.9991E-05 0.237624 0.197515 0.259595 0.305166
0.182427 0.542259 9.9991E-05 0.158623 0.116591
0.340681 0.3586 0.131778 9.9991E-05 0.168842
0.00427141 0.694886 0.14924 0.0421691 0.109433
0.0383019 0.538877 0.200913 0.146872 0.0750364
0.31139 0.359105 0.14063 0.188776 9.9991E-05
0.331705 0.296609 0.233766 0.0840032 0.0539167
0.21767 0.562958 0.112338 0.0135606 0.0934737
0.379212 0.435733 0.146286 0.0386703 9.9991E-05
0.588137 0.311302 0.100361 9.9982E-05 9.9982E-05
0.645051 0.113557 0.177266 0.0640262 9.9991E-05
0.0912834 0.611237 0.149012 0.111114 0.0373541
9.9991E-05 0.559617 0.155115 0.247508 0.0376608
9.9982E-05 0.272063 0.220236 0.507501 9.9982E-05
0.210071 0.543409 0.03667 0.0787962 0.131054
0.0357692 0.472523 0.118349 0.15471 0.218648
0.159295 0.508286 0.158843 0.173477 9.9991E-05
0.128544 0.464763 0.170395 0.176353 0.0599442
0.216437 9.9982E-05 0.354696 0.428667 9.9982E-05
0.145524 9.9982E-05 0.340977 0.513299 9.9982E-05
0.183218 0.271396 0.147287 0.335952 0.0621472
0.202596 0.0638111 0.388057 0.345436 9.9991E-05
0.248259 9.9982E-05 0.451923 0.299618 9.9982E-05
0.148658 0.454865 0.160256 0.236121 9.9991E-05
0.138185 0.387327 0.279404 0.194984 9.9991E-05
0.189715 0.189936 0.357244 0.263006 9.9991E-05
0.204638 0.0426554 0.34733 0.405277 9.9991E-05
0.159415 0.487065 0.158062 0.195358 9.9991E-05
0.188856 0.162458 0.21201 0.436576 9.9991E-05
0.102668 9.9982E-05 0.488263 0.408869 9.9982E-05
0.274063 0.456143 0.168784 0.0286173 0.0723925
0.281556 0.339137 0.203262 0.132528 0.043517
0.176969 0.503604 0.316766 0.000949342 0.00171167
0.314577 0.494518 0.190705 9.9982E-05 9.9982E-05
0.169414 0.587628 0.170738 9.9991E-05 0.0721206
0.24943 0.486 0.151988 0.0580282 0.0545534
0.247532 0.321407 0.396077 9.9991E-05 0.0348839
0.122075 0.578842 0.254024 0.0168495 0.0282095
0.260953 0.438215 0.283355 9.9991E-05 0.0173769
0.220865 0.361615 0.29236 0.12506 9.9991E-05
0.198018 0.318683 0.113652 0.151061 0.218587
0.0975995 0.57738 0.297782 9.9991E-05 0.0271382
0.18954 0.571957 0.179968 0.0228849 0.0356499
0.134335 0.579786 0.137911 0.118224 0.0297433
0.281149 0.429232 0.289212 9.9991E-05 0.000307575
0.188837 0.560939 0.190185 0.00902263 0.0510155
0.256651 0.143572 0.370985 0.228692 9.9991E-05
0.225535 0.548509 0.19692 9.9991E-05 0.0289361
0.378472 0.131352 0.268543 0.221533 9.9991E-05
9.9982E-05 9.9982E-05 0.806153 0.0321821 0.161465
9.9982E-05 0.145581 0.0677485 9.9982E-05 0.786471
9.997E-05 9.997E-05 9.997E-05 9.997E-05 0.9996
9.997E-05 9.997E-05 9.997E-05 9.997E-05 0.9996
0.00576144 0.0314814 9.9982E-05 9.9982E-05 0.962557
0.0528486 9.9973E-05 9.9973E-05 9.9973E-05 0.946852
9.9973E-05 0.0440684 9.9973E-05 9.9973E-05 0.955632
9.9973E-05 9.9973E-05 0.00535365 9.9973E-05 0.994346
0.00358166 9.9982E-05 0.182498 9.9982E-05 0.81372
0.0516337 9.9991E-05 0.877133 0.0398843 0.0312487
0.00931333 0.0624943 0.790455 9.9991E-05 0.137638
0.0784616 0.00797125 0.860644 9.9991E-05 0.0528228
9.9982E-05 0.0569842 0.796342 9.9982E-05 0.146474
0.0197383 0.06401 0.899932 9.9991E-05 0.0162198
0.0230429 9.9991E-05 0.910392 0.030368 0.0360969
0.111606 0.0783404 0.741868 0.0590464 0.00913952
0.0592574 0.0589767 0.842455 0.0392113 9.9991E-05
0.0838789 0.0577294 0.735198 0.0178004 0.105393
0.027831 0.0195869 0.931182 0.0212998 9.9991E-05
9.9982E-05 9.9982E-05 0.942727 0.00796904 0.0491038
0.0256713 0.0672398 0.859568 0.0474204 9.9991E-05
9.9982E-05 0.0418259 0.947739 9.9982E-05 0.0102347
0.037202 0.0379404 0.924658 9.9982E-05 9.9982E-05
0.0593384 0.0651643 0.862764 9.9991E-05 0.0126337
0.0196351 0.110858 0.869307 9.9982E-05 9.9982E-05
0.14994 0.0535422 0.796317 9.9982E-05 9.9982E-05
0.147925 0.0916952 0.76018 9.9982E-05 9.9982E-05
0.0466124 0.115496 0.837691 9.9982E-05 9.9982E-05
0.0246619 0.443418 0.203232 0.292706 0.0359828
9.9991E-05 0.746082 0.116177 0.100525 0.0371162
0.0741204 0.678937 0.144171 0.0358682 0.0669036
9.9982E-05 0.179125 0.10466 0.716015 9.9982E-05
0.0569124 0.576827 0.112998 0.0656945 0.187568
0.0244936 0.163762 0.204817 0.606828 9.9991E-05
0.00704905 0.758866 0.151466 0.0151167 0.0675021
9.9991E-05 0.518439 0.0977881 0.200885 0.182788
0.0218448 0.594169 0.137483 0.181421 0.0650824
0.0178389 0.560991 0.0309809 0.27424 0.115949
0.0365374 0.544464 0.115115 0.115928 0.187955
0.0687339 0.701575 0.0960629 0.133528 9.9991E-05
0.0332414 0.596699 0.150601 0.134212 0.0852474
0.0733847 0.126827 9.9991E-05 0.340104 0.459584
9.9982E-05 9.9982E-05 0.092585 0.819172 0.0880433
9.9991E-05 0.209997 0.156393 0.580253 0.0532569
0.130961 0.558399 0.174925 0.135615 9.9991E-05
0.0278014 0.647538 0.121659 0.160705 0.0422966
9.9982E-05 0.671994 0.17104 0.156766 9.9982E-05
0.0894216 0.736747 0.127112 0.0466193 9.9991E-05
0.230175 0.453307 0.22414 0.0753774 0.0170006
0.203831 0.50843 0.210908 0.0465047 0.0303263
0.146049 0.141708 0.423002 0.144404 0.144837
0.0504235 0.598247 0.172088 9.99944E-05 0.179141
0.0853911 0.538935 0.282159 0.0391049 0.0544093
0.181608 9.9982E-05 0.450639 0.367554 9.9982E-05
0.225777 0.320176 0.349997 0.10395 9.9991E-05
0.178174 0.316081 0.350109 0.0763168 0.0793194
0.0851453 0.506952 0.336964 0.00545646 0.0654818
0.207219 0.535591 0.149349 0.00321646 0.104624
0.232131 0.489681 0.195499 0.0536205 0.0290683
0.211185 0.565692 0.117051 0.0666886 0.0393833
0.18801 0.418948 0.232431 0.160512 9.9991E-05
0.154758 0.327434 0.511741 9.9991E-05 0.0059682
