9.9982E-05 0.0681368 9.9982E-05 0.920168 0.0114952
0.0301649 0.0332929 9.9982E-05 0.936342 9.9982E-05
9.999E-05 0.0289578 0.119984 0.833886 0.0170726
9.999E-05 0.103808 0.0153661 0.772748 0.107978
9.9991E-05 0.0197051 0.0484636 0.884113 0.0476179
0.134885 0.0787328 0.114522 0.634104 0.0377567
0.0547093 0.047649 0.00202226 0.868406 0.027213
0.044956 0.139285 0.0477696 0.758881 0.00910907
0.0968488 0.0513445 9.9982E-05 0.851607 9.9982E-05
0.0500754 0.0357014 0.12688 0.752226 0.0351172
0.0146779 0.123066 0.0770421 0.785114 9.9991E-05
0.215878 0.376728 0.330788 9.9991E-05 0.076506
9.9991E-05 0.399388 0.52701 0.00826917 0.0652326
0.168666 0.44468 0.241531 0.00234196 0.142782
0.141958 0.329252 0.328013 0.0378308 0.162947
0.135994 0.143568 0.396163 0.167949 0.156326
0.0165774 0.168047 0.602734 0.0839769 0.128664
0.258084 0.161634 0.506765 9.9991E-05 0.073417
0.0702944 0.399515 0.341612 0.0771509 0.111427
0.229046 0.660218 9.9991E-05 0.0100019 0.100634
0.206703 0.211636 0.413101 9.9991E-05 0.16846
0.23814 0.158253 0.434001 0.0889172 0.0806889
0.121341 0.250103 0.540185 0.00174956 0.0866218
0.167736 0.353656 0.286523 0.0209012 0.171183
0.0438227 0.0892199 0.667416 0.100497 0.0990447
0.0507821 0.206155 0.608061 0.0275287 0.107474
0.139684 0.50278 0.179598 0.0113911 0.166547
0.187259 0.3891 0.176172 9.9991E-05 0.247369
0.231258 0.446606 0.253443 0.022624 0.0460687
9.9982E-05 9.9982E-05 0.0889688 0.818427 0.092404
9.9982E-05 9.9982E-05 0.103753 0.850933 0.0451147
9.9982E-05 9.9982E-05 0.154345 0.783643 0.0618121
9.9982E-05 9.9982E-05 0.139844 0.791604 0.0683524
0.225163 0.0882176 0.642335 0.0359964 0.0082873
0.162412 0.177647 0.550247 0.0343823 0.0753113
0.285213 9.9991E-05 0.661116 0.00923525 0.0443361
0.0783484 0.621381 0.215148 0.0774186 0.00770403
0.55209 0.0140059 0.416549 9.9991E-05 0.0172556
0.0961546 0.155191 0.641343 0.0158537 0.0914572
0.0776158 0.0601329 0.815721 0.00469549 0.0418344
0.090177 0.103671 0.628493 0.177559 9.9991E-05
0.0657152 0.067035 0.704598 0.138766 0.0238849
0.525082 0.198472 0.276246 9.9982E-05 9.9982E-05
0.213379 0.0161956 0.618899 0.0740872 0.0774389
0.151457 9.9991E-05 0.704044 0.0901169 0.0542817
0.0736879 0.0254787 0.656221 0.196534 0.0480781
0.490535 0.0371581 0.472107 9.9982E-05 9.9982E-05
0.0729756 0.133666 0.641982 0.0859244 0.0654521
0.175765 0.0288457 0.63342 0.0992338 0.062735
0.852762 0.0804574 0.00810276 0.058578 9.9991E-05
0.26164 0.44278 0.29538 9.9982E-05 9.9982E-05
0.58972 0.163662 0.145787 0.0357063 0.0651249
0.105165 0.148785 0.562231 0.0454149 0.138405
0.0819644 0.0569265 0.633216 0.151422 0.0764712
0.10059 0.14374 0.549489 0.0590449 0.147136
0.29426 0.361211 0.250183 0.0942459 9.9991E-05
0.104728 0.285715 0.604028 9.9991E-05 0.00542945
0.117014 0.134273 0.516786 0.0910019 0.140924
0.227636 0.204355 0.429785 0.138125 9.9991E-05
0.298879 0.3299 0.11918 0.220872 0.0311685
0.16405 0.14735 0.612112 9.9991E-05 0.0763886
0.0872742 0.261291 0.49367 0.110933 0.0468312
0.306062 0.536058 0.0995169 0.0582631 9.9991E-05
0.176415 0.261658 0.505951 9.9991E-05 0.0558758
0.119748 0.125403 0.598936 0.0339425 0.12197
0.0699096 0.205235 0.54528 0.112811 0.0667657
0.232287 0.301223 0.321844 0.0611219 0.0835247
0.111645 0.225251 0.544613 0.0537466 0.0647447
0.0648848 0.183269 0.664872 0.0471536 0.03982
0.323278 0.422223 0.250774 9.9991E-05 0.00362526
0.20979 0.122007 0.668004 9.9982E-05 9.9982E-05
0.409635 0.232261 0.357904 9.9982E-05 9.9982E-05
0.125724 0.162702 0.608172 0.0668968 0.0365051
0.814244 9.9973E-05 0.185456 9.9973E-05 9.9973E-05
0.813315 0.0483329 0.138152 9.9982E-05 9.9982E-05
0.515744 0.0255011 0.458555 9.9982E-05 9.9982E-05
0.250938 0.158682 0.562674 0.0195575 0.00814765
0.114593 0.1291 0.580474 0.0574318 0.118402
0.192312 0.158743 0.610449 0.0383952 9.9991E-05
0.365087 0.293327 0.341386 9.9982E-05 9.9982E-05
0.237879 0.355267 0.387961 0.0106668 0.00822622
0.120599 0.213481 0.527506 0.0823237 0.0560909
0.356849 0.117955 0.492026 0.0236667 0.00950333
0.269629 0.0498384 0.581971 0.0984618 9.9991E-05
0.421379 9.9982E-05 0.566352 0.0120693 9.9982E-05
0.823309 0.0683715 0.10812 9.9982E-05 9.9982E-05
0.182888 0.0495946 0.671937 0.0365581 0.0590222
9.9991E-05 0.066006 0.100301 0.788053 0.0455403
9.9973E-05 9.9973E-05 0.0734551 0.926245 9.9973E-05
9.9982E-05 9.9982E-05 0.0554684 0.882051 0.0622806
0.00194121 9.9991E-05 0.0703801 0.903168 0.0244108
9.9982E-05 9.9982E-05 0.0899957 0.888126 0.0216784
0.0236317 9.9991E-05 0.0335923 0.885789 0.0568869
9.9982E-05 9.9982E-05 0.0331581 0.930109 0.0365331
0.139676 0.130666 0.615377 0.0995141 0.0147669
0.110011 0.256759 0.501341 0.0206529 0.111236
0.529386 0.231964 0.238449 9.9982E-05 9.9982E-05
0.154889 0.0907449 0.584395 0.113212 0.0567591
0.210092 0.22374 0.55908 0.00698848 9.9991E-05
0.201486 9.9991E-05 0.676024 0.0763332 0.0460566
0.303021 0.0321667 0.577677 0.0636839 0.0234509
0.331167 0.00935706 0.613808 9.9991E-05 0.0455684
0.567682 0.305055 0.095311 0.0318521 9.9991E-05
0.0140126 0.124501 0.66469 0.196696 9.9991E-05
0.026853 0.138134 0.706311 0.0614743 0.0672277
0.067723 0.222207 0.504336 0.0337136 0.172021
0.558843 9.9973E-05 0.440857 9.9973E-05 9.9973E-05
0.349105 9.9982E-05 0.636486 0.0142087 9.9982E-05
0.20866 0.148982 0.597033 0.0452255 9.9991E-05
0.447402 9.9982E-05 0.476345 9.9982E-05 0.0760538
0.220811 0.098989 0.632157 0.0479429 9.9991E-05
0.10434 0.0534193 0.673576 0.15831 0.0103549
0.311295 0.346584 0.253351 0.0292097 0.05956
0.0532582 0.355884 0.364989 0.101334 0.124536
0.076057 0.199326 0.559565 0.152626 0.0124257
0.0996631 0.0834607 0.650409 0.111258 0.0552095
9.9982E-05 0.369604 0.594792 0.035405 9.9982E-05
0.0715341 0.231168 0.582853 0.0454596 0.0689853
0.0188092 0.414043 0.480411 0.0335608 0.0531763
0.11948 0.246018 0.552002 0.063359 0.0191407
0.117351 0.151428 0.590439 0.0359276 0.104855
0.0178159 0.215285 0.664395 0.102404 9.9991E-05
0.00143585 0.382697 0.587461 0.0283063 9.9991E-05
0.107913 0.154299 0.596341 0.0506305 0.0908163
0.0484275 0.185219 0.519476 0.121506 0.125371
9.9982E-05 0.267605 0.675297 9.9982E-05 0.0568979
0.151219 0.091443 0.568666 0.0477035 0.140968
0.0163986 0.283288 0.601051 0.0116984 0.0875644
0.17487 0.244287 0.411331 0.124858 0.0446546
0.0128764 0.185376 0.590217 0.0661303 0.1454
0.0663322 0.102939 0.724722 0.105907 9.9991E-05
0.197811 0.442889 0.266702 9.9991E-05 0.0924976
0.412115 0.360773 0.142406 0.00784123 0.0768653
0.169285 0.142795 0.657854 0.0299655 9.9991E-05
0.411412 0.362355 0.158236 9.9991E-05 0.0678977
0.140342 0.478049 0.317965 0.0635443 9.9991E-05
0.174049 0.297809 0.527942 9.9982E-05 9.9982E-05
0.0779959 0.502617 0.408605 0.0106829 9.9991E-05
0.186472 0.452354 0.338964 9.9991E-05 0.0221098
0.0670148 0.159671 0.618882 0.0725717 0.0818603
0.0741834 0.198392 0.601905 0.0365058 0.0890135
0.190586 0.161807 0.577613 0.0698939 9.9991E-05
0.332687 0.38846 0.174084 0.0122532 0.0925165
0.121161 0.0895423 0.554387 0.193083 0.0418275
0.311403 9.9991E-05 0.551081 0.0976385 0.0397775
0.603995 0.113008 0.0768311 0.206065 9.9991E-05
0.119477 9.9991E-05 0.682961 0.155932 0.0415303
0.407997 0.0825725 0.337556 0.140023 0.0318513
0.197149 0.0753912 0.508252 0.0768701 0.142338
0.495683 0.0981313 0.271642 0.0858536 0.0486903
0.516962 0.143707 0.219319 0.119913 9.9991E-05
0.315929 0.0982756 0.525452 0.060243 9.9991E-05
0.164776 0.0395339 0.662012 0.113643 0.0200349
0.215931 0.146509 0.475529 0.123636 0.0383959
0.575079 0.145441 0.0139806 0.0770824 0.188417
0.259163 0.0433495 0.605542 0.0869189 0.00502635
0.416085 0.0968781 0.486837 9.9982E-05 9.9982E-05
0.332084 0.0382106 0.606238 0.0233679 9.9991E-05
0.109936 0.0629045 0.586737 0.115318 0.125105
0.203344 0.026372 0.142413 0.343951 0.28392
0.244858 9.9982E-05 9.9982E-05 0.599464 0.155478
0.296397 9.9982E-05 9.9982E-05 0.537841 0.165562
0.083337 0.0399499 0.115289 0.445574 0.31585
0.232182 0.0208399 0.683528 9.9991E-05 0.0633505
0.169368 0.0144975 0.577828 0.162812 0.0754944
9.9973E-05 9.9973E-05 0.304752 9.9973E-05 0.694948
0.0461665 0.0934388 0.309601 0.0357935 0.515
0.119824 0.0382871 0.348372 0.10415 0.389367
0.514269 9.9991E-05 0.427684 0.0185393 0.0394079
0.261579 0.0922469 0.467931 0.0384775 0.139766
0.716154 0.00703104 0.214125 0.0121383 0.0505511
0.253373 0.0334717 0.680216 0.0328385 9.9991E-05
0.395676 9.9991E-05 0.466418 0.0677091 0.0700972
0.2833 0.0109543 0.574633 0.0317352 0.0993781
0.603759 0.0781472 0.263292 0.0192967 0.0355046
0.0620403 0.00884999 0.69181 0.124179 0.113121
0.201383 0.092119 0.598787 0.0212668 0.0864446
0.0256543 0.00157107 0.0385761 9.9991E-05 0.934099
9.9973E-05 9.9973E-05 0.15184 9.9973E-05 0.84786
0.0424146 0.00956647 0.304817 0.0715393 0.571663
9.9973E-05 9.9973E-05 0.310031 9.9973E-05 0.689669
9.9982E-05 9.9982E-05 0.197258 0.00441482 0.798127
9.997E-05 9.997E-05 9.997E-05 9.997E-05 0.9996
9.9973E-05 0.0345884 9.9973E-05 9.9973E-05 0.965112
9.9973E-05 9.9973E-05 0.106413 9.9973E-05 0.893287
9.9973E-05 0.0252414 9.9973E-05 9.9973E-05 0.974459
9.997E-05 9.997E-05 9.997E-05 9.997E-05 0.9996
9.997E-05 9.997E-05 9.997E-05 9.997E-05 0.9996
0.00230142 0.00593752 0.210613 0.0509262 0.730222
9.9991E-05 0.0356258 0.0675645 0.0941067 0.802603
9.9973E-05 0.0262231 9.9973E-05 9.9973E-05 0.973477
0.0188635 0.123406 0.34912 0.10063 0.40798
9.9991E-05 0.0678054 0.230464 0.0332577 0.668373
9.9991E-05 0.0597309 0.128368 0.00701132 0.804789
9.9982E-05 0.0638224 0.0759774 9.9982E-05 0.86
9.9973E-05 0.00462816 9.9973E-05 9.9973E-05 0.995072
9.9982E-05 9.9982E-05 0.0575889 0.0311539 0.911057
9.997E-05 9.997E-05 9.997E-05 9.997E-05 0.9996
0.0609345 0.0794881 0.219538 0.0284404 0.611599
9.9982E-05 0.0634741 9.9982E-05 0.0150123 0.921314
0.528649 9.9982E-05 9.9982E-05 0.406837 0.064314
0.219854 0.0420221 0.459383 0.220856 0.0578847
0.134775 0.118251 0.43133 0.23067 0.0849725
0.426548 0.0480116 0.110838 0.270604 0.143999
0.201938 9.9991E-05 0.447816 0.20527 0.144876
0.379365 9.9991E-05 0.161395 0.332351 0.126789
0.264332 9.9991E-05 0.41393 0.189638 0.132
0.266494 9.9991E-05 0.316132 0.205895 0.211379
0.198888 9.9991E-05 0.417041 0.177693 0.206278
0.227265 9.9991E-05 0.312457 0.210677 0.249501
0.216063 9.9991E-05 0.443694 0.176303 0.163839
0.0347582 0.0590988 0.0158321 0.860677 0.0296334
0.011927 0.00426322 9.9991E-05 0.924752 0.0589582
0.000318763 0.0151251 9.9982E-05 0.984356 9.9982E-05
9.9982E-05 0.0329562 0.013615 0.953229 9.9982E-05
9.9991E-05 0.0753344 0.0100585 0.885492 0.0290156
0.0287935 9.9982E-05 9.9982E-05 0.896285 0.0747218
9.9982E-05 9.9982E-05 0.0526975 0.905303 0.0417999
0.0039338 0.0107266 0.0617154 0.923524 9.9991E-05
0.0208931 9.9991E-05 0.0291093 0.927326 0.0225719
9.9982E-05 0.090668 9.9982E-05 0.810299 0.0988333
0.14259 0.227159 9.9982E-05 0.630051 9.9982E-05
0.0260638 0.37784 9.9982E-05 0.595896 9.9982E-05
0.166008 0.295301 9.9982E-05 0.538491 9.9982E-05
0.175232 0.359753 9.9982E-05 0.464815 9.9982E-05
0.152014 0.196076 0.562741 0.0257582 0.0634111
0.221634 0.148898 0.56774 9.9991E-05 0.061628
0.0881753 0.218144 0.648957 0.0446235 9.9991E-05
0.206316 0.310262 0.461205 0.0221167 9.9991E-05
0.122597 0.630294 0.1892 9.9991E-05 0.057809
0.14266 0.0938464 0.631768 0.0616409 0.070085
0.211941 0.0922139 0.679953 9.9991E-05 0.0157927
0.268631 0.17029 0.532862 9.9991E-05 0.0281167
0.407134 0.0432709 0.504118 9.9991E-05 0.0453771
0.136753 0.0919423 0.646888 0.0391284 0.0852881
0.292711 0.153314 0.54204 0.0118347 9.9991E-05
0.813214 0.141842 0.044744 9.9982E-05 9.9982E-05
0.118542 0.222293 0.562768 0.0370331 0.0593634
0.509969 0.0807248 0.409106 9.9982E-05 9.9982E-05
0.251289 0.109701 0.63881 9.9982E-05 9.9982E-05
0.452072 0.286473 0.261255 9.9982E-05 9.9982E-05
0.100515 0.720266 0.0428689 0.13625 9.9991E-05
0.0706835 0.76426 0.0556869 0.10927 9.9991E-05
0.0899699 0.877539 9.9982E-05 0.0322909 9.9982E-05
0.0604727 0.821035 9.9982E-05 0.118292 9.9982E-05
0.0502382 0.869036 0.0142894 9.9991E-05 0.0663359
0.0502999 0.831674 0.00153843 0.0374731 0.079015
9.9982E-05 9.9982E-05 0.0939497 0.883723 0.0221269
9.9982E-05 0.0706445 9.9982E-05 0.852223 0.076933
9.9991E-05 0.0141479 0.0878019 0.771334 0.126616
9.9991E-05 0.0650764 0.0336391 0.815919 0.0852657
9.9991E-05 0.0276845 0.112284 0.815652 0.0442794
0.0673912 0.544327 9.9982E-05 0.388082 9.9982E-05
0.10659 0.429031 9.9982E-05 0.46418 9.9982E-05
0.0725837 0.485305 9.9991E-05 0.437293 0.00471798
9.9991E-05 0.0356135 0.0951994 0.849231 0.0198557
0.104163 0.532192 9.9982E-05 0.363446 9.9982E-05
0.0911803 9.9991E-05 0.294418 0.26212 0.352181
9.9991E-05 0.0228655 0.588422 0.125329 0.263283
9.9982E-05 9.9982E-05 0.525571 0.171401 0.302828
0.0338472 0.0956739 0.343711 0.261679 0.265089
0.0148857 0.0818761 0.560024 0.206281 0.136933
0.181238 9.9982E-05 9.9982E-05 0.493738 0.324824
0.0787824 0.406176 0.496342 9.9991E-05 0.0185999
0.36902 0.172891 0.411234 0.0467559 9.9991E-05
0.0248793 0.55247 0.364741 0.0578095 9.9991E-05
0.240151 0.263639 0.469623 0.00106374 0.0255235
0.790047 0.209653 9.9973E-05 9.9973E-05 9.9973E-05
0.0686941 0.264616 0.510398 0.0739556 0.0823366
0.234878 0.145821 0.525289 0.0593886 0.0346239
0.108178 0.440272 0.444023 0.00742634 9.9991E-05
0.0719102 0.270549 0.437192 0.0960731 0.124276
0.504961 0.289286 0.161959 9.9991E-05 0.0436946
0.259503 0.167752 0.496735 9.9991E-05 0.0759099
0.0542427 0.332584 0.512399 9.9991E-05 0.100674
0.201988 0.126029 0.330702 0.091341 0.24994
0.244882 0.291816 0.351355 9.9991E-05 0.111846
0.226972 0.25874 0.464781 0.0236626 0.0258449
0.23699 0.0936419 0.58918 9.9991E-05 0.0800889
0.236121 0.145119 0.615643 0.000310051 0.0028072
0.137373 0.135796 0.527787 0.0548134 0.14423
0.0285897 0.101436 0.698182 0.146138 0.0256547
0.115895 0.0935421 0.621517 0.144289 0.0247564
9.9982E-05 9.9982E-05 0.138053 0.789502 0.0722449
0.00201616 9.9982E-05 0.11032 0.887464 9.9982E-05
0.0607734 0.0691274 0.0763108 0.793141 0.000647682
0.037709 0.0689763 0.0316956 0.85886 0.00275921
9.9982E-05 9.9982E-05 0.151802 0.832661 0.015337
0.131366 0.591347 0.227744 0.0175244 0.0320185
0.219679 0.19395 0.391652 0.0245806 0.170138
0.119054 0.0440094 0.44106 0.193567 0.202309
0.0855088 0.0937266 0.677118 0.0604121 0.0832343
0.0370789 0.305645 0.591643 0.045844 0.019789
0.23155 0.436492 0.208256 9.9991E-05 0.123602
0.20792 0.616243 0.0558861 0.11985 9.9991E-05
9.9991E-05 0.354701 0.573738 0.0517273 0.0197337
0.13335 0.572867 0.163117 0.0622405 0.0684258
0.353578 0.16708 0.40719 0.0323914 0.0397605
0.154218 0.539005 0.152294 0.128004 0.0264794
9.9991E-05 0.267156 0.478257 0.128246 0.126241
0.115645 0.574642 0.230852 0.049102 0.0297594
0.18244 0.374655 0.34668 0.0309238 0.0653008
0.213615 0.0848174 0.460314 0.146773 0.0944798
0.512808 0.0607068 0.310163 0.0817304 0.0345923
0.187726 0.0449639 0.66752 0.0996896 9.9991E-05
0.168186 9.9991E-05 0.606348 0.186749 0.0386166
0.47318 0.0617856 0.418407 0.0465268 9.9991E-05
0.170028 0.156316 0.46949 0.0529052 0.151262
0.293562 9.9982E-05 0.590133 0.116105 9.9982E-05
0.697982 0.0925497 0.209268 9.9982E-05 9.9982E-05
0.670692 9.9982E-05 0.321521 0.00758647 9.9982E-05
0.385563 0.0607258 0.479905 0.0366224 0.0371842
0.632155 0.0926255 0.233738 0.0413819 9.9991E-05
0.327807 0.116909 0.512004 0.0431791 9.9991E-05
0.144819 0.726253 0.0685571 9.9991E-05 0.0602712
0.330059 0.352767 0.26543 9.9991E-05 0.0516443
9.9982E-05 0.512402 0.327874 9.9982E-05 0.159524
0.0378217 0.182749 0.62759 9.9991E-05 0.151739
0.131335 0.531669 0.336796 9.9982E-05 9.9982E-05
0.167414 0.133645 0.460907 0.0552381 0.182796
9.9991E-05 0.322329 0.59268 0.0415513 0.0433398
0.0811549 0.273857 0.509732 9.9991E-05 0.135156
0.0889493 0.284833 0.506006 9.9991E-05 0.120112
0.0421541 0.44341 0.435362 9.9991E-05 0.078974
0.0904479 0.572904 0.248474 9.9991E-05 0.0880746
0.0514945 0.501299 0.375735 9.9991E-05 0.0713717
0.0227901 0.264807 0.702046 9.9991E-05 0.0102566
0.0790975 0.189722 0.607472 0.0181141 0.105595
0.233325 0.272999 0.412485 0.0638932 0.0172975
0.086487 0.217467 0.573029 9.9991E-05 0.122918
9.9991E-05 0.449887 0.39788 0.0532972 0.0988356
0.0475645 0.263119 0.66002 9.9991E-05 0.0291965
0.069813 0.293175 0.502299 0.017325 0.117388
0.0942757 0.177671 0.493407 0.122452 0.112194
0.0280668 9.9991E-05 0.434036 0.419126 0.118671
0.126789 0.076896 0.405484 0.20426 0.186571
0.126286 0.0146966 0.538547 0.183359 0.137112
0.0830591 0.0464857 0.635525 0.108013 0.126917
0.03391 9.9991E-05 0.498415 0.256174 0.2114
0.196436 0.245098 0.485113 9.9991E-05 0.0732534
0.0716831 0.0614741 0.508675 0.160471 0.197697
0.529398 9.9982E-05 9.9982E-05 0.272416 0.197985
0.0596787 0.0650026 0.568906 0.136516 0.169897
0.0541672 0.0258252 0.61763 0.102427 0.199951
0.08775 0.173506 0.335507 9.9991E-05 0.403137
0.24451 0.0895161 0.305386 0.227736 0.132852
9.9982E-05 9.9982E-05 0.53394 0.291136 0.174723
0.171465 9.9991E-05 0.453644 0.160757 0.214034
0.3091 9.9982E-05 9.9982E-05 0.524349 0.166351
0.00925521 9.9991E-05 0.585895 0.259443 0.145306
0.0470201 9.9991E-05 0.468009 0.213557 0.271314
0.0824407 0.08248 0.589801 0.106121 0.139157
0.0550274 9.9991E-05 0.531103 0.230404 0.183365
0.0676865 0.0695771 0.523567 0.170178 0.168991
0.328349 0.129231 0.388434 0.00526691 0.148719
0.255519 0.07774 0.426091 0.0841998 0.156451
0.752911 0.144477 0.0485776 9.9991E-05 0.0539349
0.839144 0.102639 0.0464071 0.00172474 0.010085
0.233953 0.0511638 0.551625 0.116946 0.0463126
0.0581362 0.0765955 0.447331 0.0525859 0.365352
0.191295 9.9991E-05 0.303875 0.089846 0.414884
0.214019 0.0395697 0.186491 0.208837 0.351084
0.133487 0.00575216 0.330627 0.207914 0.32222
0.689814 9.9991E-05 0.0700503 0.0567404 0.183295
0.595597 9.9991E-05 0.159599 0.0907702 0.153934
0.257574 0.00982158 0.590008 0.0185199 0.124076
0.279833 9.9991E-05 0.486834 0.0492465 0.183987
0.526251 0.0403844 0.221424 0.075264 0.136676
0.285476 0.0128283 0.448501 0.0437102 0.209485
0.233986 0.0537359 0.514764 0.0748633 0.12265
0.151569 0.171621 0.48851 0.0130944 0.175206
0.500982 0.143017 0.339081 0.0168191 9.9991E-05
0.501707 0.0203273 0.413883 9.9991E-05 0.063983
0.274942 9.9991E-05 0.587807 0.101265 0.0358857
0.264193 0.227326 0.377767 0.00243544 0.128279
0.21994 0.0876438 0.448846 0.11814 0.125431
0.430735 0.0271797 0.54096 9.9991E-05 0.00102548
0.575809 0.110467 0.313524 9.9982E-05 9.9982E-05
0.245529 9.9982E-05 0.68358 0.0706917 9.9982E-05
0.560019 0.107133 0.327421 9.9991E-05 0.00532729
0.386998 9.9991E-05 0.462452 0.0582696 0.0921797
0.211756 9.9991E-05 0.600483 0.103707 0.0839538
0.310536 0.0546019 0.540243 9.9991E-05 0.0945196
0.037581 0.0153053 0.615656 0.238595 0.0928631
0.19959 0.0476047 0.460426 0.165116 0.127263
0.216028 9.9991E-05 0.351759 0.169268 0.262845
0.17602 0.124779 0.270003 0.160166 0.269032
0.0761371 0.133294 0.444427 0.164318 0.181824
0.166548 0.0603396 0.402893 0.166702 0.203517
0.569715 0.0200836 9.9991E-05 0.247673 0.162429
0.0739151 0.00505561 0.592189 0.102294 0.226547
0.395263 9.9982E-05 9.9982E-05 0.450795 0.153742
0.148881 9.9991E-05 0.568652 0.0653336 0.217033
0.783881 9.9973E-05 0.21582 9.9973E-05 9.9973E-05
0.925947 0.0340101 0.039843 9.9982E-05 9.9982E-05
0.362126 0.0691667 0.554092 9.9991E-05 0.014516
0.208625 9.9982E-05 0.684569 0.106606 9.9982E-05
0.540169 9.9973E-05 0.459531 9.9973E-05 9.9973E-05
0.338952 9.9991E-05 0.590571 0.00356438 0.066813
0.355961 9.9982E-05 0.590043 9.9982E-05 0.0537952
0.0494238 0.0280556 0.0991858 0.789774 0.0335606
9.9991E-05 0.14931 0.0445933 0.731337 0.0746602
9.9982E-05 0.0585208 9.9982E-05 0.890409 0.0508705
9.9973E-05 9.9973E-05 0.0550533 0.944647 9.9973E-05
0.292086 0.0471859 0.609003 0.0245561 0.0271689
0.166751 0.146543 0.604142 0.0703909 0.0121734
0.223339 0.0974563 0.672178 0.00692654 9.9991E-05
0.0741779 0.0634963 0.728199 0.134027 9.9991E-05
0.13588 0.129328 0.611388 0.122443 0.00096151
0.501898 0.134042 0.36386 9.9982E-05 9.9982E-05
0.156643 0.0791837 0.722507 0.0400722 0.00159376
0.500329 9.9973E-05 0.499372 9.9973E-05 9.9973E-05
9.9991E-05 0.0708815 0.519066 0.26013 0.149823
0.392223 9.9982E-05 0.531736 9.9982E-05 0.0758409
0.300422 0.23414 0.465238 9.9982E-05 9.9982E-05
0.22659 0.0668146 0.679497 0.00255013 0.0245482
0.297936 0.145176 0.556688 9.9982E-05 9.9982E-05
0.247088 0.00642928 0.73771 9.9991E-05 0.00867222
0.148093 0.0545406 0.723596 0.0573582 0.0164124
0.720977 9.9973E-05 0.278723 9.9973E-05 9.9973E-05
0.522395 0.0150319 0.411731 0.0268657 0.0239763
0.481514 0.041997 0.466065 0.0103242 9.9991E-05
0.949656 9.9973E-05 0.0500437 9.9973E-05 9.9973E-05
0.193747 0.203874 0.479339 0.0192553 0.103785
0.731332 0.00787896 0.26059 9.9982E-05 9.9982E-05
0.916637 0.0279004 0.0552624 9.9982E-05 9.9982E-05
0.200348 0.0289719 0.689286 0.075584 0.00581002
0.511681 0.140312 0.347807 9.9982E-05 9.9982E-05
0.310059 0.152385 0.475799 9.9991E-05 0.0616565
0.0930008 0.0771345 0.590368 0.12987 0.109627
0.17944 0.183429 0.630618 9.9991E-05 0.00641226
0.246548 0.347474 0.317963 9.9991E-05 0.0879158
0.154173 0.167519 0.636541 9.9991E-05 0.0416679
0.203622 0.209843 0.526599 9.9991E-05 0.0598366
0.491835 0.0385362 0.469428 9.9982E-05 9.9982E-05
0.146736 0.0227555 0.629815 0.172429 0.0282637
0.0221655 0.315547 0.0229065 0.639281 9.9991E-05
0.006926 0.139045 0.0985387 0.75539 9.9991E-05
0.0123531 0.168573 9.9982E-05 0.818873 9.9982E-05
9.9973E-05 0.179453 9.9973E-05 0.820248 9.9973E-05
0.012451 0.279954 0.00502234 0.702473 9.9991E-05
0.41997 0.259828 0.320003 9.9982E-05 9.9982E-05
0.496014 0.18806 0.315726 9.9982E-05 9.9982E-05
0.628706 9.9973E-05 0.370994 9.9973E-05 9.9973E-05
0.129683 0.0497439 0.546779 0.118699 0.155096
0.0391091 0.0391129 0.707659 0.214019 9.9991E-05
0.500913 9.9991E-05 0.409362 0.0240511 0.0655741
0.191686 9.9991E-05 0.738269 0.0141998 0.0557446
0.339722 0.034551 0.555873 0.0697539 9.9991E-05
0.25323 0.0611725 0.655304 0.0301937 9.9991E-05
0.17449 9.9982E-05 0.778741 0.0465689 9.9982E-05
0.404655 0.20403 0.391115 9.9982E-05 9.9982E-05
0.337459 0.127701 0.534639 9.9982E-05 9.9982E-05
0.277502 0.246108 0.47619 9.9982E-05 9.9982E-05
0.141208 0.0960234 0.642752 0.119916 9.9991E-05
0.228117 0.159803 0.593304 0.0186759 9.9991E-05
0.327871 0.0380247 0.587556 0.0187558 0.0277921
0.028376 0.0049098 0.49036 0.0917353 0.384619
0.0369392 0.0641885 0.314787 0.119019 0.465066
0.0198717 9.9991E-05 0.474809 0.104933 0.400287
0.0750285 9.9991E-05 0.270021 0.176489 0.478361
0.0253691 9.9991E-05 0.564271 0.188509 0.221751
0.28416 0.0430718 0.646261 9.9991E-05 0.0264079
0.0464099 0.0108843 0.0195683 0.234862 0.688275
9.99854E-05 9.99854E-05 0.328423 0.145224 0.526153
0.210316 0.0180447 0.414096 0.141427 0.216117
0.133476 0.0279811 0.679996 0.158446 9.9991E-05
0.117599 0.128506 0.546035 0.160233 0.0476268
9.9991E-05 0.0872933 0.72321 0.158839 0.0305577
0.149077 0.0757986 0.616325 0.139469 0.0193304
9.9982E-05 9.9982E-05 0.355107 0.248689 0.396004
0.000497687 0.0247999 0.449268 0.172806 0.352628
9.9982E-05 9.9982E-05 0.383641 0.107939 0.508221
9.9991E-05 0.112736 0.454627 0.133646 0.298891
0.0597023 9.9991E-05 0.253438 0.113412 0.573348
0.0643458 0.000490828 0.510258 0.112642 0.312263
0.0526994 9.9991E-05 0.194679 0.201937 0.550584
9.9991E-05 0.100831 0.403469 0.113829 0.381771
0.245012 9.9991E-05 0.619986 0.13182 0.00308152
0.0653983 0.0639084 0.358641 0.137658 0.374394
9.9982E-05 9.9982E-05 0.230543 0.179623 0.589634
9.9991E-05 0.151666 0.440782 0.127271 0.280181
0.322234 0.237186 0.249652 0.190827 9.9991E-05
0.208204 0.0373858 0.587981 0.0172224 0.149207
0.0798129 0.105271 0.289484 0.170979 0.354453
0.0226102 0.162617 0.645043 0.169629 9.9991E-05
0.161279 0.0685798 0.508244 0.207684 0.0542125
0.0729395 9.9991E-05 0.430594 0.256221 0.240146
0.0813184 0.0682938 0.275938 0.244883 0.329567
0.151585 0.0428783 0.631147 0.0544514 0.119938
0.135169 0.0379583 0.373978 0.0473859 0.405508
0.0817657 9.9991E-05 0.32543 0.0656568 0.527048
0.0453173 9.9991E-05 0.160556 0.190946 0.603081
0.168355 0.0639092 0.579932 0.103426 0.0843772
0.213705 0.111929 0.521041 0.153225 9.9991E-05
0.563775 9.9991E-05 0.167721 0.210085 0.0583193
0.213573 0.0014952 0.554668 0.144005 0.0862582
0.218118 0.254048 0.374294 0.0711742 0.0823664
0.077289 9.9991E-05 0.548676 0.212569 0.161366
0.126629 0.194111 0.409307 0.121268 0.148684
0.411885 9.9982E-05 9.9982E-05 0.363862 0.224053
0.493798 9.9982E-05 9.9982E-05 0.346222 0.15978
0.433412 9.9991E-05 0.213674 0.149889 0.202925
0.38401 9.9991E-05 0.040843 0.399699 0.175348
0.270768 9.9982E-05 9.9982E-05 0.480809 0.248223
0.344695 9.9991E-05 0.374964 0.106405 0.173837
0.204175 0.0257927 0.363519 0.24912 0.157393
0.281078 9.9991E-05 0.209718 0.271633 0.237472
0.364068 9.9991E-05 0.131253 0.380577 0.124002
0.181081 9.9991E-05 0.491857 0.177975 0.148987
0.436806 9.9991E-05 0.144104 0.245554 0.173436
0.422513 9.9982E-05 9.9982E-05 0.498385 0.0789018
0.0275006 0.0976927 0.589444 0.146876 0.138486
0.143989 0.0369877 0.28211 0.236258 0.300655
9.9991E-05 0.0551749 0.464976 0.345268 0.134481
9.9982E-05 9.9982E-05 0.515637 0.178005 0.306158
0.040461 9.9991E-05 0.530309 0.185055 0.244075
0.0990411 0.010567 0.440366 0.120644 0.329382
9.9982E-05 9.9982E-05 0.364319 0.408551 0.226929
0.0879294 9.9991E-05 0.497933 0.263801 0.150236
9.9982E-05 9.9982E-05 0.447764 0.265441 0.286595
0.138093 9.9991E-05 0.309664 0.284324 0.267819
0.171658 0.151078 0.370217 0.149119 0.157929
0.0768869 0.122714 0.472663 0.160567 0.16717
0.117361 0.0270536 0.486373 0.188048 0.181164
0.109762 9.9991E-05 0.589786 0.0963073 0.204044
0.00361994 0.0358986 0.360361 0.302468 0.297652
9.9982E-05 9.9982E-05 0.648493 0.297959 0.0533475
0.21171 9.9991E-05 0.167165 0.419662 0.201363
0.0502568 0.137883 0.413736 0.150811 0.247313
0.201749 9.9991E-05 0.132239 0.262784 0.403128
0.0398508 0.151675 0.0203955 0.778165 0.00991357
9.9982E-05 0.807562 0.125639 0.0665988 9.9982E-05
9.997E-05 0.9996 9.997E-05 9.997E-05 9.997E-05
9.9973E-05 0.98518 9.9973E-05 0.0145197 9.9973E-05
9.9973E-05 0.983915 0.0157853 9.9973E-05 9.9973E-05
9.9973E-05 0.961743 0.0379567 9.9973E-05 9.9973E-05
9.9973E-05 0.922764 0.0769356 9.9973E-05 9.9973E-05
9.9973E-05 0.94661 9.9973E-05 0.05309 9.9973E-05
9.9982E-05 0.793572 9.9982E-05 0.195855 0.0103731
0.0163096 9.9991E-05 0.0324313 0.921168 0.0299914
9.9982E-05 0.103962 0.0598148 0.836023 9.9982E-05
0.0278638 0.000190402 0.0320939 0.907024 0.032828
9.9982E-05 0.120081 0.0489869 0.830732 9.9982E-05
9.9991E-05 0.0186251 0.017242 0.923649 0.0403836
9.9982E-05 0.0513767 9.9982E-05 0.929271 0.0191528
0.039575 0.0649275 0.0458197 0.724477 0.125201
0.023121 9.9991E-05 0.0104645 0.886211 0.0801036
9.9991E-05 0.159786 0.0823875 0.717231 0.0404955
9.9991E-05 0.0107728 0.0171607 0.891251 0.0807154
9.99743E-05 0.0238584 9.99743E-05 0.975842 9.99743E-05
9.9991E-05 0.0648677 0.0170875 0.859739 0.0582058
9.9973E-05 0.0319132 9.9973E-05 0.967787 9.9973E-05
9.9991E-05 0.000182898 0.0725503 0.916697 0.0104696
9.9991E-05 0.0014242 0.0624538 0.865133 0.0708889
9.9982E-05 9.9982E-05 0.0868367 0.858615 0.0543485
9.9982E-05 9.9982E-05 0.0959413 0.789159 0.114699
9.9982E-05 9.9982E-05 0.130031 0.769826 0.0999432
9.9982E-05 9.9982E-05 0.125512 0.82206 0.0522279
0.245453 0.0605306 0.504884 0.189032 9.9991E-05
0.148546 9.9982E-05 0.755395 0.0958594 9.9982E-05
0.0169328 0.0835611 0.683874 0.173692 0.0419396
0.688261 9.9982E-05 0.21522 0.0963195 9.9982E-05
0.067197 0.227785 0.574339 0.130579 9.9991E-05
0.639954 9.9991E-05 0.102079 0.214902 0.0429644
0.168946 9.9991E-05 0.662094 0.122822 0.0460371
0.264902 0.112925 0.474154 0.147919 9.9991E-05
0.264329 0.0758029 0.538495 0.121273 9.9991E-05
0.238493 0.0145206 0.685243 0.0616432 9.9991E-05
0.228119 0.174621 0.51233 0.0848293 9.9991E-05
0.145482 0.0470707 0.70755 0.0997971 9.9991E-05
0.16485 0.0425333 0.670978 0.121539 9.9991E-05
0.407058 0.450733 0.0699163 9.9991E-05 0.0721927
0.841143 0.0496561 9.9982E-05 0.109001 9.9982E-05
0.59959 0.00272148 0.232765 0.150467 0.0144559
0.0788009 0.0872354 0.637061 0.175068 0.0218342
0.250379 9.9991E-05 0.611227 0.119482 0.0188122
0.295585 9.9982E-05 0.55445 0.149766 9.9982E-05
0.205754 9.9991E-05 0.648402 0.121942 0.0238016
0.0109887 0.0168437 0.584119 0.235499 0.152549
0.00123062 0.0208048 0.538185 0.331633 0.108147
0.152478 0.113092 0.162382 0.472955 0.0990937
0.0269539 0.175746 0.58647 0.182955 0.0278755
0.0197206 0.117863 0.456775 0.255491 0.15015
0.36421 9.9982E-05 9.9982E-05 0.452561 0.18303
0.178787 9.9991E-05 0.306325 0.304084 0.210704
0.112953 0.0187428 0.322875 0.398819 0.14661
0.0091518 0.117329 0.454873 0.322899 0.0957467
0.0396679 0.197677 0.498059 0.119021 0.145575
0.0494625 9.9991E-05 0.548018 0.250062 0.152358
0.0498233 0.0878751 0.558247 0.119087 0.184968
0.236385 9.9991E-05 0.440254 0.148047 0.175214
9.9991E-05 0.0207482 0.335493 0.518098 0.125562
