9.9982E-05 9.9982E-05 0.873062 0.0955875 0.0311505
0.0501834 9.9982E-05 0.941741 0.00787601 9.9982E-05
9.999E-05 0.10377 0.823582 0.0432457 0.0293025
9.999E-05 0.029627 0.8082 0.0879228 0.0741503
0.00860673 0.024911 0.87051 0.0209695 0.0750032
0.206871 0.0897629 0.651636 0.0248297 0.0269006
0.0562205 0.0198991 0.873296 0.0504847 9.9991E-05
0.0697386 0.0532146 0.727569 0.129076 0.0204016
0.0798197 9.9982E-05 0.841248 0.078732 9.9982E-05
0.0436781 0.132043 0.74948 0.0237612 0.0510368
0.0655816 0.0433599 0.791638 0.0993204 9.9991E-05
0.137979 0.311064 9.9991E-05 0.481059 0.0697978
9.9982E-05 0.584664 9.9982E-05 0.328033 0.0871032
0.135733 0.319598 9.9991E-05 0.434963 0.109606
0.0955092 0.310263 0.0381427 0.375417 0.180668
0.125784 0.456564 0.18644 0.109027 0.122185
0.0784816 0.558319 0.0397206 0.150005 0.173474
0.218174 0.473704 0.0130421 0.141909 0.15317
0.0318848 0.391646 0.10779 0.333175 0.135504
0.21526 9.9991E-05 0.00101508 0.695037 0.0885885
0.19437 0.402428 9.9991E-05 0.276931 0.126171
0.132603 0.527033 0.0368592 0.213502 0.0900032
0.125838 0.678358 0.0896967 0.106007 9.9991E-05
0.192041 0.356611 9.9991E-05 0.351473 0.0997749
0.0497839 0.660673 0.181621 9.9991E-05 0.107822
0.0831146 0.532831 0.0352042 0.223377 0.125474
0.12443 0.299785 0.00673942 0.481852 0.0871933
0.0970454 0.270071 0.0049292 0.449808 0.178146
0.213926 0.341598 0.0120771 0.432299 9.9991E-05
9.9982E-05 0.0432023 0.824287 9.9982E-05 0.13231
9.9982E-05 0.10044 0.857412 9.9982E-05 0.0419483
9.9982E-05 0.137172 0.788421 9.9982E-05 0.0742067
9.9982E-05 0.176443 0.759132 9.9982E-05 0.0642247
0.216922 0.637448 9.9982E-05 0.14543 9.9982E-05
0.184323 0.549954 0.0704662 0.102014 0.0932428
0.175912 0.760465 0.0321128 0.031411 9.9991E-05
0.183981 0.159916 0.0584695 0.562789 0.034845
0.436642 0.563058 9.9973E-05 9.9973E-05 9.9973E-05
0.289762 0.506129 0.110939 0.0662242 0.0269452
0.124549 0.811635 0.0133697 9.9991E-05 0.0503458
0.116604 0.728949 0.118029 0.0363182 9.9991E-05
0.0950121 0.640678 0.108309 0.106326 0.0496757
0.51762 0.27952 0.0459366 0.154633 0.00229035
0.181826 0.622851 0.0724359 0.000647007 0.12224
0.178971 0.635917 0.094428 0.0107828 0.0799009
0.130726 0.483396 0.143431 0.071461 0.170986
0.525059 0.474641 9.9973E-05 9.9973E-05 9.9973E-05
0.181612 0.625981 0.0564694 0.0478162 0.0881213
0.150577 0.671644 0.116796 9.9991E-05 0.0608839
0.839894 0.0446337 0.0908108 0.0245612 9.9991E-05
0.318905 0.273386 9.9982E-05 0.407509 9.9982E-05
0.554461 0.116335 0.0265826 0.23707 0.0655511
0.0890367 0.607781 0.0102927 0.17411 0.11878
0.126933 0.590528 0.086368 0.0748391 0.121333
0.0357971 0.594191 0.0654683 0.17975 0.124794
0.226164 0.235378 0.128367 0.409992 9.9991E-05
0.0976259 0.626726 9.9991E-05 0.249249 0.0262983
0.182252 0.640141 0.100439 0.0352648 0.0419031
0.155325 0.453411 0.119204 0.271959 9.9991E-05
0.279894 0.0732479 0.211725 0.374287 0.0608459
0.155632 0.583595 0.0428378 0.0917739 0.126161
0.0919933 0.444733 0.0914097 0.321279 0.050585
0.355915 0.0823792 0.0626813 0.498924 9.9991E-05
0.0972008 0.585008 0.00841469 0.276972 0.0324046
0.101105 0.690385 0.0480154 0.0947975 0.0656972
0.0535218 0.601596 0.0708858 0.180438 0.0935582
0.187326 0.366441 0.0327445 0.324232 0.0892571
0.0862805 0.507594 0.0168233 0.268343 0.120959
0.15536 0.490442 0.0660377 0.1914 0.0967604
0.276667 0.234392 0.0419223 0.446918 9.9991E-05
0.196571 0.690303 9.9982E-05 0.112926 9.9982E-05
0.42376 0.406149 9.9982E-05 0.169891 9.9982E-05
0.0969653 0.593242 0.0843424 0.0634504 0.161999
0.800982 0.17892 9.9982E-05 0.0198979 9.9982E-05
0.747151 0.194457 9.9982E-05 0.0581927 9.9982E-05
0.456777 0.521955 9.9982E-05 0.021068 9.9982E-05
0.310633 0.587226 0.0223808 0.0704299 0.00933047
0.065834 0.56765 0.0722438 0.139041 0.155231
0.33947 0.493858 9.9991E-05 0.0538525 0.112719
0.355878 0.341447 0.0434915 0.259084 9.9991E-05
0.32643 0.402536 0.0280075 0.242927 9.9991E-05
0.17283 0.584635 0.0675389 0.107387 0.067609
0.33643 0.463281 0.0272577 0.115827 0.0572045
0.298071 0.583077 0.0490408 0.0697114 9.9991E-05
0.426453 0.573247 9.9973E-05 9.9973E-05 9.9973E-05
0.79829 0.199549 9.9982E-05 0.00196166 9.9982E-05
0.0654588 0.758951 0.111349 0.0471534 0.017088
9.9991E-05 0.12775 0.793123 0.0688642 0.0101634
9.9973E-05 0.0910745 0.908626 9.9973E-05 9.9973E-05
9.9982E-05 0.114749 0.85421 9.9982E-05 0.0308418
0.0255771 0.0214097 0.925852 9.9991E-05 0.0270615
9.9973E-05 0.101388 0.898312 9.9973E-05 9.9973E-05
0.0222201 0.0213152 0.91575 9.9991E-05 0.0406144
9.9973E-05 0.0794686 0.920232 9.9973E-05 9.9973E-05
0.072888 0.569945 0.14086 0.0783521 0.137955
0.115249 0.657004 0.197919 9.9991E-05 0.0297284
0.661398 0.251157 9.9982E-05 0.0872458 9.9982E-05
0.125716 0.668816 0.0145143 0.147728 0.0432256
0.109227 0.662684 0.0470057 0.180984 9.9991E-05
0.179099 0.718179 0.102523 9.9982E-05 9.9982E-05
0.250608 0.667489 0.0817027 9.9982E-05 9.9982E-05
0.234944 0.608243 0.0450719 0.0275068 0.0842345
0.510564 0.15012 0.0356744 0.303542 9.9991E-05
0.125298 0.606303 0.127244 0.0843039 0.0568511
0.14427 0.666184 0.106901 0.00637954 0.0762651
0.0978907 0.573084 0.145975 0.093064 0.0899863
0.531121 0.464175 9.9982E-05 9.9982E-05 0.00450419
0.342614 0.619843 0.0208299 9.9991E-05 0.0166128
0.220555 0.57552 0.0711129 0.132712 9.9991E-05
0.435181 0.512764 9.9982E-05 9.9982E-05 0.051855
0.140905 0.572851 0.0527305 0.214131 0.0193822
0.0854531 0.614972 0.116349 0.142708 0.0405184
0.310958 0.285812 0.0824622 0.306885 0.0138826
0.0587834 0.395333 0.108496 0.349976 0.087412
9.9991E-05 0.537502 0.112296 0.220163 0.129939
0.144457 0.617108 0.0606692 0.105893 0.0718723
0.0175981 0.528315 0.0988854 0.355101 9.9991E-05
0.00631973 0.680846 0.0397336 0.24093 0.0321705
9.9991E-05 0.560331 0.0242902 0.406702 0.0085764
0.15505 0.547787 0.106216 0.182867 0.00808048
0.142419 0.647587 0.0436699 0.120981 0.0453421
0.120107 0.687863 0.0846817 0.107249 9.9991E-05
0.0393256 0.597268 9.9991E-05 0.361296 0.00201073
0.136451 0.518416 0.0562592 0.109519 0.179355
0.0934891 0.638141 0.10878 0.123811 0.0357784
9.9991E-05 0.552305 0.0144842 0.270286 0.162824
0.0368704 0.524836 0.178231 0.160509 0.0995542
0.148001 0.531993 0.0117015 0.178541 0.129763
0.199291 0.326498 0.089177 0.304772 0.0802621
0.0234229 0.633699 9.9991E-05 0.234187 0.108591
9.9991E-05 0.749409 0.00930131 0.16904 0.0721501
0.167952 0.234659 0.00496664 0.472282 0.120141
0.451159 0.101341 9.9991E-05 0.307162 0.140239
9.9991E-05 0.600648 0.0707366 0.258066 0.0704486
0.498566 0.045213 9.9991E-05 0.357701 0.0984204
0.238363 0.374665 0.0101558 0.376717 9.9991E-05
0.145152 0.52363 9.9982E-05 0.331019 9.9982E-05
0.142083 0.395064 0.0580786 0.404675 9.9991E-05
0.0935359 0.404053 0.0170582 0.485253 9.9991E-05
0.0420834 0.7469 0.0854418 0.103962 0.0216124
0.188001 0.56702 9.9991E-05 0.0976828 0.147196
0.0766942 0.613947 0.0874934 0.176489 0.0453769
0.350016 0.207948 0.00526203 0.379816 0.0569582
0.118373 0.574563 0.246888 0.0543781 0.00579795
0.21061 0.566365 0.0884908 0.0767076 0.0578268
0.596177 0.0784264 0.192615 0.114846 0.0179359
0.160045 0.6826 0.138009 9.9991E-05 0.0192456
0.33339 0.457076 0.116756 9.9991E-05 0.0926777
0.111823 0.713368 0.0775678 0.070932 0.0263087
0.433886 0.307757 0.129771 0.115892 0.0126941
0.461176 0.259853 0.0850168 0.193855 9.9991E-05
0.294046 0.508255 0.089676 0.107924 9.9991E-05
0.128013 0.562353 0.126905 0.0961588 0.0865703
0.255055 0.518079 0.166607 0.0601584 9.9991E-05
0.556592 9.9991E-05 0.057527 0.139326 0.246455
0.109924 0.561458 0.162024 0.101125 0.0654686
0.377003 0.456695 9.9991E-05 0.134784 0.0314174
0.284549 0.578689 9.9991E-05 0.135214 0.00144814
0.144183 0.632084 0.0438478 0.0664176 0.113468
0.23134 0.112283 0.332872 9.9991E-05 0.323405
0.214974 9.9982E-05 0.646799 9.9982E-05 0.138028
0.328619 9.9982E-05 0.495209 9.9982E-05 0.175973
0.144515 0.0410601 0.404029 0.0526878 0.357708
0.172933 0.736199 0.0843077 0.00646066 9.9991E-05
0.120948 0.605086 0.0841808 0.148938 0.040847
9.9982E-05 0.256072 9.9982E-05 0.038022 0.705706
0.0370888 0.311102 9.9991E-05 0.0845884 0.567121
0.0239049 0.427906 0.0491865 0.0475624 0.45144
0.537472 0.358964 0.0386569 9.9991E-05 0.0648067
0.261166 0.522838 0.0674086 0.0407758 0.107811
0.679872 0.258577 0.0247232 9.9991E-05 0.036727
0.213763 0.63128 0.0410315 0.0603505 0.0535744
0.300612 0.61301 0.0861779 9.9982E-05 9.9982E-05
0.291928 0.532319 0.0135113 0.0435139 0.118728
0.598571 0.296496 0.0343882 0.033857 0.0366881
0.115781 0.589233 0.027912 0.0818067 0.185268
0.156432 0.579563 0.170007 0.0135429 0.0804552
0.0402546 0.0255292 9.9982E-05 9.9982E-05 0.934016
0.00484666 0.0740963 9.9991E-05 0.00235141 0.918606
0.0349614 0.2214 0.00976485 0.10061 0.633263
9.9982E-05 0.293018 0.00692536 9.9982E-05 0.699857
0.0132965 0.109417 9.9991E-05 0.0062608 0.870925
9.997E-05 9.997E-05 9.997E-05 9.997E-05 0.9996
9.9973E-05 9.9973E-05 9.9973E-05 0.0462147 0.953485
9.9973E-05 0.153142 9.9973E-05 9.9973E-05 0.846558
9.9973E-05 9.9973E-05 9.9973E-05 0.0215408 0.978159
9.997E-05 9.997E-05 9.997E-05 9.997E-05 0.9996
9.997E-05 9.997E-05 9.997E-05 9.997E-05 0.9996
9.9991E-05 0.111822 0.00383846 0.0401215 0.844118
9.9991E-05 0.0775614 0.0722803 0.0140927 0.835966
9.9973E-05 9.9973E-05 9.9973E-05 0.000473262 0.999227
9.9991E-05 0.436158 0.0768738 0.156517 0.330351
9.9982E-05 0.141034 9.9982E-05 0.141883 0.716884
9.9982E-05 0.204606 9.9982E-05 0.0234764 0.771718
9.9991E-05 0.0504367 0.0365082 0.024744 0.888211
9.9973E-05 0.00582776 9.9973E-05 9.9973E-05 0.993872
9.9991E-05 0.0982952 0.0165304 0.00166143 0.883413
9.997E-05 9.997E-05 9.997E-05 9.997E-05 0.9996
0.0538352 0.198233 0.0481951 0.0759152 0.623821
0.0349872 9.9982E-05 0.0214627 9.9982E-05 0.94335
0.555645 9.9982E-05 0.39151 9.9982E-05 0.0526456
0.210354 0.425583 0.18607 0.06774 0.110253
0.19033 0.48118 0.281591 0.0147086 0.0321898
0.430382 0.163316 0.316864 9.9991E-05 0.0893379
0.2508 0.467932 0.13188 0.0216454 0.127742
0.326339 0.212314 0.310901 9.9991E-05 0.150346
0.268359 0.386723 0.18709 9.9991E-05 0.157729
0.337884 0.243518 0.202548 9.9991E-05 0.21595
0.144875 0.537005 0.19932 9.9991E-05 0.1187
0.220497 0.336596 0.20191 9.9991E-05 0.240898
0.106571 0.558705 0.187339 0.0713061 0.0760785
0.0271623 0.0482105 0.866631 0.057896 9.9991E-05
0.0132001 0.0123762 0.928716 9.9991E-05 0.0456079
9.9973E-05 9.9973E-05 0.97398 0.0257196 9.9973E-05
9.9982E-05 0.000917633 0.932217 0.0666653 9.9982E-05
9.9991E-05 0.00776539 0.882871 0.0668694 0.0423937
0.00415184 9.9982E-05 0.920291 9.9982E-05 0.0753573
9.9982E-05 0.0423823 0.892246 9.9982E-05 0.0651718
0.0378697 0.010131 0.898312 0.0343785 0.0193092
9.9973E-05 0.0438614 0.955839 9.9973E-05 9.9973E-05
9.9982E-05 9.9982E-05 0.871841 0.0184875 0.109471
0.13004 9.9982E-05 0.564734 0.305027 9.9982E-05
0.0427784 9.9982E-05 0.625968 0.331054 9.9982E-05
0.176261 9.9982E-05 0.548963 0.274576 9.9982E-05
0.158987 9.9982E-05 0.515902 0.324911 9.9982E-05
0.203034 0.624572 0.0217057 0.150588 9.9991E-05
0.266858 0.532702 9.9991E-05 0.13175 0.0685902
0.100806 0.664606 0.0307279 0.188598 0.0152616
0.163098 0.502572 0.0631967 0.271034 9.9991E-05
0.157512 0.180463 9.9982E-05 0.661825 9.9982E-05
0.125627 0.75981 0.114363 9.9982E-05 9.9982E-05
0.158916 0.627512 9.9991E-05 0.156488 0.0569845
0.296454 0.604457 9.9982E-05 0.098889 9.9982E-05
0.442092 0.515771 9.9982E-05 9.9982E-05 0.0419364
0.0621341 0.726432 0.114333 0.0970009 9.9991E-05
0.300335 0.522073 9.9982E-05 0.177392 9.9982E-05
0.802641 0.0624421 9.9982E-05 0.134717 9.9982E-05
0.218217 0.543162 0.07796 0.0826398 0.078021
0.567267 0.415573 0.0169598 9.9982E-05 9.9982E-05
0.288787 0.688155 0.00257653 0.0203812 9.9991E-05
0.522478 0.265745 9.9982E-05 0.211577 9.9982E-05
0.160193 9.9982E-05 0.12625 0.713356 9.9982E-05
0.114458 0.0701008 0.0976048 0.717737 9.9991E-05
0.109511 0.00316305 0.0559451 0.831281 9.9991E-05
0.0611829 9.9982E-05 0.117517 0.8211 9.9982E-05
0.0493538 0.0186459 0.0236219 0.868435 0.0399437
0.00581705 0.0564607 0.0721186 0.80224 0.063364
9.9982E-05 0.100419 0.856529 9.9982E-05 0.042852
9.9991E-05 0.0129449 0.802137 0.137482 0.047336
9.9982E-05 0.0654846 0.813001 9.9982E-05 0.121314
9.9991E-05 0.032156 0.739362 0.118743 0.10964
9.9991E-05 0.0538596 0.785787 0.0862915 0.0739615
0.0548925 9.9982E-05 0.415312 0.529596 9.9982E-05
0.13248 9.9982E-05 0.477762 0.389559 9.9982E-05
0.114341 9.9982E-05 0.452379 0.43308 9.9982E-05
9.9991E-05 0.0896933 0.783761 0.0512412 0.0752042
0.148386 9.9982E-05 0.406223 0.445191 9.9982E-05
0.0942776 0.24276 0.221528 9.9991E-05 0.441334
0.0661861 0.461825 0.166008 0.00299649 0.302985
9.9982E-05 0.550708 0.192739 9.9982E-05 0.256353
0.147101 0.354079 0.240523 9.9991E-05 0.258197
0.0329856 0.465289 0.188673 0.119787 0.193265
0.184702 9.9982E-05 0.44029 9.9982E-05 0.374808
0.0744494 0.541178 9.9982E-05 0.384173 9.9982E-05
0.31028 0.38896 0.023886 0.236047 0.0408264
0.0121769 0.343155 0.0845277 0.543163 0.0169779
0.281416 0.557455 0.00988536 0.136478 0.0147656
0.8435 9.9973E-05 9.9973E-05 0.1562 9.9973E-05
0.0963599 0.457121 0.0841887 0.197745 0.164586
0.180143 0.567007 0.0493435 0.151932 0.0515748
0.0885978 0.448821 0.0424957 0.419985 9.9991E-05
0.143778 0.675779 0.0502659 0.111743 0.0184347
0.533757 0.13915 9.9991E-05 0.290125 0.0368675
0.273971 0.413267 9.9991E-05 0.198328 0.114334
0.0769982 0.520253 9.9991E-05 0.347348 0.0553004
0.0687757 0.470669 0.16702 0.0702125 0.223323
0.305723 0.349275 9.9991E-05 0.31209 0.0328116
0.201315 0.462153 9.9991E-05 0.243859 0.0925728
0.209024 0.532365 9.9991E-05 0.168638 0.0898742
0.126389 0.601888 0.00612818 0.242315 0.0232791
0.0229837 0.620715 0.0227885 0.231515 0.101997
0.0957386 0.45067 0.123864 0.164587 0.16514
0.0452476 0.619661 0.0948445 0.165474 0.0747738
9.9982E-05 0.122939 0.792197 9.9982E-05 0.0846644
9.9982E-05 0.0881702 0.857647 9.9982E-05 0.053983
0.0717043 0.0513485 0.786477 0.0667592 0.023711
0.0277125 0.0261517 0.789982 0.0911718 0.0649822
9.9982E-05 0.119411 0.847872 9.9982E-05 0.0325176
0.127854 0.201202 0.000332411 0.605434 0.0651778
0.165227 0.43767 0.0691922 0.177479 0.150432
0.151475 0.361736 0.244601 0.0228308 0.219357
0.0564635 0.659539 0.0582376 0.103347 0.122413
0.0142836 0.50086 0.0373832 0.374426 0.0730476
0.231903 0.230843 9.9991E-05 0.404227 0.132928
0.183527 0.0421603 0.131082 0.64313 9.9991E-05
0.0779424 0.560557 0.017097 0.288771 0.0556324
0.153643 0.136106 0.067088 0.586507 0.0566559
0.262164 0.48342 9.9982E-05 0.254216 9.9982E-05
0.195915 0.0975827 0.116552 0.568064 0.0218861
9.9991E-05 0.567414 0.0968693 0.218699 0.116918
0.0731852 0.229185 0.108561 0.535785 0.0532838
0.136759 0.360172 0.0346961 0.383885 0.084488
0.224304 0.449893 0.0857601 0.142642 0.0974015
0.489097 0.403934 0.0668611 0.0211021 0.019006
0.182216 0.612978 0.15941 9.9991E-05 0.0452958
0.131392 0.636291 0.213479 0.0138218 0.00501654
0.474991 0.374638 0.076958 0.0733135 9.9991E-05
0.211958 0.543246 0.106821 0.112245 0.0257305
0.230887 0.621568 0.147346 9.9982E-05 9.9982E-05
0.740441 0.140561 9.9982E-05 0.118798 9.9982E-05
0.630104 0.340529 0.0291673 9.9982E-05 9.9982E-05
0.250203 0.589212 0.133112 0.0273725 9.9991E-05
0.631556 0.228326 0.034301 0.105716 9.9991E-05
0.320282 0.533989 9.9982E-05 0.145529 9.9982E-05
0.195661 0.125379 9.9991E-05 0.645021 0.0338391
0.364601 0.243688 9.9991E-05 0.367957 0.0236538
0.0629912 0.378219 0.0209018 0.439739 0.0981498
9.9991E-05 0.614915 0.00863109 0.267236 0.109118
0.181515 0.365203 9.9982E-05 0.453081 9.9982E-05
0.12361 0.51864 0.0876577 0.188545 0.0815481
9.9991E-05 0.610385 0.0837243 0.225068 0.0807231
0.086729 0.522876 0.0316115 0.272389 0.0863939
0.0727997 0.507153 9.9991E-05 0.261495 0.158452
0.11012 0.425586 9.9991E-05 0.383652 0.080542
0.0594361 0.282718 9.9991E-05 0.587477 0.0702691
0.103262 0.312269 9.9991E-05 0.449061 0.135307
0.0591387 0.619985 9.9991E-05 0.251944 0.0688325
0.139124 0.639677 0.0268763 0.134462 0.0598611
0.10388 0.559902 0.0761654 0.259952 9.9991E-05
0.108999 0.524794 9.9991E-05 0.251175 0.114931
9.9991E-05 0.379987 0.0508242 0.472243 0.0968463
0.030483 0.654947 9.9991E-05 0.22877 0.0857004
0.0458319 0.552388 0.0448075 0.303199 0.053774
0.100427 0.450536 0.0908244 0.169753 0.18846
0.0799137 0.439247 0.353181 9.9991E-05 0.127558
0.171536 0.423818 0.0912728 9.9991E-05 0.313273
0.135776 0.394928 0.15108 0.0643442 0.253871
0.074391 0.603036 0.14797 0.0550121 0.119591
0.0677746 0.475492 0.163301 9.9991E-05 0.293332
0.168477 0.544591 9.9991E-05 0.234925 0.0519071
0.0102092 0.533732 0.14749 0.164457 0.144112
0.506016 9.9982E-05 0.283995 9.9982E-05 0.209789
0.0805252 0.50011 0.133458 0.075001 0.210906
0.0322332 0.476067 0.0752425 0.146675 0.269782
0.0691345 0.464743 9.9991E-05 0.161678 0.304344
0.290564 0.282324 0.186562 0.0447299 0.19582
0.0788959 0.643238 0.186769 0.00282393 0.088273
0.0942911 0.50275 0.221439 0.00894708 0.172573
0.292425 9.9982E-05 0.525547 9.9982E-05 0.181828
0.0138562 0.514888 0.172279 0.0171805 0.281795
0.0576439 0.418567 0.214958 0.00187262 0.306958
0.0731621 0.597266 0.0918472 0.0561436 0.181581
9.9991E-05 0.537909 0.235271 0.0137444 0.212975
0.0427716 0.493268 0.263346 0.00978664 0.190828
0.314768 0.49234 0.0252855 0.0678857 0.0997208
0.147156 0.672734 0.0674983 0.0665056 0.0461063
0.712471 0.112865 9.9991E-05 0.161916 0.0126474
0.746255 0.127772 9.9982E-05 0.125773 9.9982E-05
0.172414 0.480931 0.0431559 0.144792 0.158708
0.122643 0.364401 0.0789094 0.0295252 0.404521
0.201644 0.294752 0.0878797 9.9991E-05 0.415625
0.253114 0.172416 0.251092 9.9991E-05 0.323279
0.128886 0.375418 0.222436 9.9991E-05 0.27316
0.577751 0.136643 0.133118 9.9991E-05 0.152387
0.506815 0.196184 0.158756 9.9991E-05 0.138145
0.181341 0.604616 0.00993324 0.0755947 0.128515
0.21664 0.568418 0.0673113 0.0171517 0.13048
0.526601 0.173082 0.106424 9.9991E-05 0.193793
0.236507 0.504246 0.0699547 9.9991E-05 0.189192
0.24703 0.588083 0.0547077 9.9991E-05 0.110079
0.210256 0.408852 0.113155 0.104141 0.163596
0.460647 0.467408 0.0361634 0.0356818 9.9991E-05
0.419364 0.376653 9.9991E-05 0.0464582 0.157424
0.198187 0.626815 0.0759197 9.9991E-05 0.0989777
0.281602 0.399714 9.9991E-05 0.239358 0.0792262
0.244956 0.379971 0.0642365 0.150671 0.160166
0.446396 0.45703 0.0153579 0.0239752 0.0572414
0.60095 0.270477 9.9991E-05 0.101752 0.0267207
0.297075 0.573731 0.0599128 9.9991E-05 0.0691815
0.560606 0.251048 9.9991E-05 0.117656 0.0705891
0.399381 0.481561 0.0260163 0.0929417 9.9991E-05
0.21251 0.494391 0.156657 0.0638994 0.0725427
0.38305 0.553973 9.9982E-05 9.9982E-05 0.0627773
0.127711 0.46874 0.138151 0.0367345 0.228664
0.196696 0.427675 0.212901 9.9991E-05 0.162628
0.10819 0.348702 0.194828 0.060095 0.288185
0.132242 0.383566 0.236231 0.0371818 0.21078
0.0812265 0.450912 0.208488 0.0560687 0.203304
0.173385 0.342752 0.144198 0.0678208 0.271845
0.591999 9.9982E-05 0.216125 9.9982E-05 0.191676
0.0244507 0.622286 0.0968909 0.0281306 0.228242
0.429862 9.9982E-05 0.4419 9.9982E-05 0.128039
0.0988623 0.603911 0.0912795 0.000809537 0.205137
0.77028 0.22942 9.9973E-05 9.9973E-05 9.9973E-05
0.862029 9.9991E-05 0.00384851 0.113669 0.0203532
0.36935 0.63035 9.9973E-05 9.9973E-05 9.9973E-05
0.178931 0.744942 0.0293138 0.00520147 0.0416118
0.41023 0.573985 0.00191748 0.0137674 9.9991E-05
0.296737 0.573032 0.000582435 0.0719741 0.0576745
0.27452 0.655771 9.9982E-05 0.0695098 9.9982E-05
0.0340264 0.083724 0.810817 0.0238333 0.047599
0.0635548 9.9991E-05 0.72551 0.116633 0.0942027
9.9982E-05 9.9982E-05 0.927959 0.0445061 0.0273355
9.9973E-05 0.030253 0.969447 9.9973E-05 9.9973E-05
0.237515 0.533312 0.0813252 9.9991E-05 0.147748
0.242598 0.601241 0.0606852 0.0646335 0.030842
0.285047 0.6229 9.9982E-05 0.0918539 9.9982E-05
0.0948493 0.738838 0.161867 0.00157563 0.00286953
0.194081 0.628189 0.0966592 0.0809709 9.9991E-05
0.462944 0.383468 0.00890523 0.144583 9.9991E-05
0.190986 0.642823 0.0221139 0.0914461 0.0526306
0.468415 0.51414 0.0172443 9.9982E-05 9.9982E-05
0.0165475 0.512832 0.211698 0.0307332 0.228189
0.319307 0.559451 9.9991E-05 0.0920817 0.029061
0.365451 0.480058 0.00702301 0.147368 9.9991E-05
0.272644 0.643112 9.9991E-05 0.0805011 0.00364317
0.318433 0.564878 9.9982E-05 0.116489 9.9982E-05
0.227496 0.734843 9.9982E-05 9.9982E-05 0.0374618
0.250668 0.624455 0.124678 9.9982E-05 9.9982E-05
0.757243 0.242457 9.9973E-05 9.9973E-05 9.9973E-05
0.545522 0.396106 9.9991E-05 0.0341295 0.0241424
0.372341 0.493698 0.0173358 0.108917 0.00770911
0.946074 0.0536257 9.9973E-05 9.9973E-05 9.9973E-05
0.304132 0.565147 0.034048 0.0965727 9.9991E-05
0.660818 0.303659 0.0160759 0.019347 9.9991E-05
0.891399 0.0619777 0.0154952 0.0310279 9.9991E-05
0.206573 0.652567 0.0462544 0.0882241 0.00638223
0.409817 0.401754 0.0982961 0.090033 9.9991E-05
0.231162 0.478847 9.9991E-05 0.180242 0.109649
0.23031 0.60697 0.0673765 9.9991E-05 0.0952437
0.203757 0.67237 9.9982E-05 0.123673 9.9982E-05
0.262262 0.3824 9.9991E-05 0.298074 0.057164
0.180285 0.650794 9.9991E-05 0.15394 0.0148806
0.119664 0.64656 0.0568711 0.176804 9.9991E-05
0.46093 0.508824 9.9982E-05 0.0300469 9.9982E-05
0.252821 0.628676 0.0631346 0.0398033 0.0155653
0.0728114 0.01078 0.666524 0.249784 9.9991E-05
0.0343518 0.0831029 0.763307 0.119139 9.9991E-05
0.00107718 9.9982E-05 0.826505 0.172218 9.9982E-05
0.0294691 9.9982E-05 0.821155 0.149176 9.9982E-05
9.9982E-05 0.0597863 0.766087 0.173926 9.9982E-05
0.464929 0.311662 9.9991E-05 0.219483 0.00382571
0.502416 0.284012 0.0430388 0.170433 9.9991E-05
0.675026 0.324674 9.9973E-05 9.9973E-05 9.9973E-05
0.151819 0.694396 0.0469071 9.9991E-05 0.106778
0.026068 0.670178 0.12903 0.133793 0.0409309
0.47066 0.505346 0.0149364 0.00895678 9.9991E-05
0.196233 0.685393 0.0780457 9.9991E-05 0.0402291
0.318096 0.600422 0.0146875 9.9991E-05 0.0666941
0.294454 0.636934 9.9991E-05 0.032426 0.0360859
0.132418 0.711354 9.9991E-05 0.0876457 0.0684826
0.435041 0.424906 9.9982E-05 0.139853 9.9982E-05
0.334689 0.551473 9.9982E-05 0.113638 9.9982E-05
0.334315 0.484183 9.9982E-05 0.181302 9.9982E-05
0.112727 0.601128 0.1977 0.088345 9.9991E-05
0.305716 0.596461 0.050277 0.0474461 9.9991E-05
0.197974 0.615998 0.0382747 0.119245 0.0285086
0.0308299 0.413482 0.13412 9.9991E-05 0.421468
0.0845337 0.283088 0.120353 9.9991E-05 0.511925
9.9982E-05 0.421381 0.107495 9.9982E-05 0.470924
9.9991E-05 0.352612 0.158685 0.00522395 0.483379
0.029747 0.46993 0.162656 0.0249843 0.312683
0.298635 0.527881 0.0645793 0.0123641 0.0965407
0.05343 9.9982E-05 0.255357 9.9982E-05 0.691013
9.9991E-05 0.272767 0.209802 0.0142057 0.503126
0.237873 0.415974 0.217715 9.9991E-05 0.128337
0.165149 0.571154 0.201558 0.0620389 9.9991E-05
0.230401 0.512993 0.177747 0.0568296 0.0220296
0.0959829 0.651605 0.196561 0.023783 0.0320679
0.119493 0.664535 0.112227 0.0337542 0.0699902
9.9982E-05 0.351979 0.148969 9.9982E-05 0.498853
9.9991E-05 0.433776 0.0957491 0.101772 0.368603
9.9982E-05 0.398169 0.0704886 9.9982E-05 0.531142
0.0224142 0.422155 0.108055 0.0881291 0.359247
0.0374466 0.262751 0.118478 0.0510509 0.530274
0.0986398 0.3884 0.105604 0.0121791 0.395177
9.9991E-05 0.233672 0.126126 0.00302889 0.637073
0.092386 0.303077 0.123579 0.0387334 0.442225
0.251077 0.580698 0.127857 0.00431315 0.0360555
0.0180593 0.467153 0.073377 0.0631148 0.378296
9.9982E-05 0.183122 0.168036 9.9982E-05 0.648641
0.0836576 0.382495 0.179549 0.0132476 0.341051
0.343389 0.261147 0.199994 0.19537 9.9991E-05
0.172443 0.609927 0.0405507 0.040797 0.136282
0.102286 0.38996 0.147888 0.0493492 0.310517
0.0592257 0.680466 0.168398 0.0604254 0.0314851
0.199781 0.523045 0.220643 0.0564301 9.9991E-05
0.0930644 0.405419 0.193503 0.0560978 0.251916
0.0796447 0.410464 0.254406 0.0175877 0.237898
0.0613982 0.604374 0.112162 0.105497 0.116569
0.0786821 0.448212 0.122052 9.9991E-05 0.350954
0.0206365 0.339097 0.0793086 9.9991E-05 0.560858
0.00805284 0.139228 0.24126 9.9991E-05 0.61136
0.0803269 0.643747 0.164167 0.0113837 0.100376
0.252267 0.506545 0.161343 0.0797441 9.9991E-05
0.571701 0.235318 0.166647 9.9991E-05 0.0262343
0.0795767 0.666323 0.20146 0.0275893 0.0250515
0.0714793 0.465019 0.134972 0.25583 0.0726999
0.155808 0.463002 0.193371 9.9991E-05 0.187718
0.0626008 0.437624 0.124114 0.204996 0.170666
0.405026 9.9982E-05 0.371911 9.9982E-05 0.222863
0.485196 9.9982E-05 0.358401 9.9982E-05 0.156202
0.299051 0.272783 0.203939 0.082293 0.141933
0.38577 0.00242469 0.37084 9.9991E-05 0.240865
0.27937 9.9982E-05 0.459543 9.9982E-05 0.260888
0.267135 0.376961 0.164544 9.9991E-05 0.19126
0.166557 0.321575 0.246537 0.0763826 0.188949
0.33663 0.115728 0.301299 0.027623 0.21872
0.396575 0.0462519 0.311979 9.9991E-05 0.245095
0.202193 0.513831 0.132402 0.0511631 0.100411
0.412809 0.156854 0.272903 9.9991E-05 0.157334
0.412748 9.9982E-05 0.486027 9.9982E-05 0.101025
9.9991E-05 0.383996 0.10334 0.144918 0.367646
0.141877 0.370844 0.208953 0.0230547 0.255271
9.9991E-05 0.479945 0.368412 0.00291142 0.148632
9.9982E-05 0.583774 0.131725 9.9982E-05 0.284301
9.9991E-05 0.655982 0.193782 0.0143263 0.135811
0.0953924 0.41868 0.158048 0.0230141 0.304866
9.9991E-05 0.348957 0.415626 0.0387205 0.196596
0.00725671 0.552999 0.205603 0.0845509 0.14959
9.9991E-05 0.426646 0.250843 0.0394814 0.282929
0.121412 0.360032 0.252841 9.9991E-05 0.265615
0.197904 0.394035 0.186438 0.124819 0.096804
0.095839 0.55205 0.197259 0.0250661 0.129787
9.9991E-05 0.622414 0.11752 0.114986 0.14498
0.0411406 0.683878 0.155448 0.0255795 0.0939542
0.00834382 0.341243 0.360135 9.9991E-05 0.290178
0.0370315 0.519018 0.194261 0.0567126 0.192976
0.209719 0.147353 0.412855 9.9991E-05 0.229973
9.9991E-05 0.426031 0.103932 0.155127 0.314809
0.182733 0.163634 0.284914 9.9991E-05 0.368619
0.0731798 9.9991E-05 0.756049 0.162528 0.00814348
9.9991E-05 0.0591956 0.0730353 0.828188 0.0394809
9.9973E-05 9.9973E-05 0.00909852 0.990602 9.9973E-05
9.997E-05 9.997E-05 9.997E-05 0.9996 9.997E-05
9.9973E-05 9.9973E-05 0.0223682 0.977332 9.9973E-05
9.9973E-05 9.9973E-05 9.9973E-05 0.955251 0.0444488
9.9973E-05 0.0941554 9.9973E-05 0.905545 9.9973E-05
9.9973E-05 9.9973E-05 0.0359184 0.963782 9.9973E-05
9.9973E-05 9.9973E-05 0.203312 0.796388 9.9973E-05
9.9991E-05 0.03481 0.91206 0.0205068 0.0325228
9.9982E-05 0.0440746 0.79725 0.158475 9.9982E-05
0.0327482 9.9982E-05 0.887029 9.9982E-05 0.0800233
9.9982E-05 0.0261166 0.844246 0.129437 9.9982E-05
9.9991E-05 0.0301809 0.897717 0.0402439 0.0317586
9.9982E-05 9.9982E-05 0.881315 0.0864146 0.0320699
0.0622812 0.0819678 0.734081 9.9991E-05 0.12157
0.0205468 0.0566892 0.851808 9.9991E-05 0.0708558
9.9982E-05 0.091415 0.721836 0.186549 9.9982E-05
0.0165459 9.9982E-05 0.928468 9.9982E-05 0.0547865
9.9982E-05 0.00126917 0.940156 0.0583748 9.9982E-05
9.9991E-05 0.0255364 0.877758 0.0730886 0.0235166
9.9982E-05 0.0302676 0.945597 9.9982E-05 0.023935
9.9982E-05 0.0434402 0.912543 9.9982E-05 0.0438167
9.9991E-05 0.105626 0.850455 0.0226928 0.0211258
9.9982E-05 0.108635 0.843185 9.9982E-05 0.0479801
9.9982E-05 0.0362644 0.772388 9.9982E-05 0.191147
9.9982E-05 0.125839 0.79783 9.9982E-05 0.0761317
0.00220559 0.109627 0.819151 9.9991E-05 0.0689159
0.229879 0.465166 0.185026 0.0808007 0.0391283
0.117542 0.737339 0.144919 9.9982E-05 9.9982E-05
0.199237 0.517726 0.0783941 0.0637389 0.140904
0.687427 0.170617 0.1027 9.9991E-05 0.0391556
0.106087 0.586202 0.124116 0.183496 9.9991E-05
0.631058 0.0994432 0.236618 9.9991E-05 0.0327806
0.166814 0.602831 0.0841713 0.0279928 0.118191
0.274815 0.473191 0.0841727 0.167721 9.9991E-05
0.135295 0.60069 0.194304 0.0696103 9.9991E-05
0.162319 0.662661 0.075471 0.0994489 9.9991E-05
0.254798 0.513654 0.146531 0.0825358 0.00248189
0.130491 0.702599 0.116888 9.9991E-05 0.0499215
0.12019 0.672059 0.123297 0.0843539 9.9991E-05
0.419805 0.0631939 9.9991E-05 0.44463 0.0722712
0.870628 9.9982E-05 0.121424 0.00774785 9.9982E-05
0.599725 0.206658 0.145294 9.9991E-05 0.0482226
0.146471 0.624639 0.133243 0.0252952 0.0703511
0.21864 0.564731 0.146422 0.032825 0.0373828
0.252726 0.531643 0.215431 9.9982E-05 9.9982E-05
0.153478 0.65072 0.123043 9.9991E-05 0.0726597
0.019932 0.539158 0.28621 9.9991E-05 0.1546
9.9991E-05 0.555878 0.189 0.0221428 0.23288
0.0940783 0.173665 0.396882 0.135253 0.200122
0.0129439 0.698212 0.216229 0.0725149 9.9991E-05
0.0873457 0.419124 0.223306 0.0872634 0.182961
0.378616 9.9982E-05 0.447137 9.9982E-05 0.174048
0.137142 0.306276 0.341086 9.9991E-05 0.215396
0.0747175 0.322915 0.341898 0.0561508 0.204318
9.9991E-05 0.437944 0.294485 0.152702 0.114769
0.0989949 0.482259 0.0576881 0.0853367 0.275722
0.0800301 0.491177 0.192715 9.9991E-05 0.235978
0.0924844 0.552026 0.145249 0.00497195 0.205269
0.186547 0.318004 0.243179 9.9991E-05 0.252169
9.9982E-05 0.385379 0.503953 9.9982E-05 0.110468
