0.012662 0.0839482 9.9982E-05 9.9982E-05 0.90319
9.9982E-05 0.0213293 9.9982E-05 0.0423516 0.936119
0.0417553 0.0148612 0.10509 9.9991E-05 0.838194
0.0670352 0.113585 0.0279559 9.9991E-05 0.791324
0.0755638 0.0171409 0.0452436 0.0111368 0.850915
0.0762852 0.194278 0.0412475 0.050788 0.637401
0.00596371 0.0315304 9.9991E-05 0.0925818 0.869824
0.0295775 0.197556 9.9991E-05 0.0495974 0.723169
9.9982E-05 0.0874624 9.9982E-05 0.07573 0.836608
0.0164564 0.111725 0.121857 9.9991E-05 0.749862
9.9982E-05 0.180005 9.9982E-05 0.0779946 0.741801
0.051593 0.564389 0.288385 0.0955337 9.9991E-05
0.120146 0.375639 0.478914 9.9991E-05 0.0251999
0.121359 0.586096 0.226962 0.0544556 0.011128
0.096901 0.39439 0.411322 0.0268889 0.0704982
0.0797603 0.183574 0.443962 0.0644846 0.22822
0.172727 0.176769 0.567263 0.030894 0.0523466
0.136174 0.303363 0.481694 0.0705987 0.00816919
0.0326065 0.402186 0.397628 0.0608245 0.106755
0.0724044 0.742495 0.0371952 0.124269 0.0236362
0.0784399 0.320999 0.481642 0.118819 9.9991E-05
0.034121 0.138615 0.586732 0.191566 0.0489672
0.0138537 0.240412 0.683753 0.00171041 0.0602712
0.111585 0.490981 0.288552 0.108782 9.9991E-05
0.120454 0.165388 0.595931 0.000729737 0.117497
0.149075 0.342385 0.496756 9.9991E-05 0.0116838
0.19227 0.574874 0.111682 0.119051 0.00212309
0.194615 0.502229 0.200741 0.0645147 0.0379007
9.9991E-05 0.5053 0.337638 0.135247 0.0217146
0.0768808 9.9982E-05 0.0990026 9.9982E-05 0.823917
0.0468266 9.9982E-05 0.109034 9.9982E-05 0.843939
0.0698362 0.0244799 0.101937 9.9991E-05 0.803647
0.106722 9.9982E-05 0.138476 9.9982E-05 0.754601
9.9991E-05 0.117692 0.683274 0.171089 0.0278451
0.0135331 0.0634966 0.705487 0.089424 0.128059
9.9991E-05 0.0186654 0.696359 0.272885 0.0119903
0.00788518 0.719565 0.162104 0.0271193 0.0833261
9.9991E-05 0.0518939 0.469439 0.446783 0.0317842
0.0216824 0.0964923 0.555121 0.234424 0.09228
0.0334306 9.9991E-05 0.753762 0.143504 0.0692042
9.9991E-05 0.0304963 0.687427 0.144357 0.137619
9.9991E-05 0.160608 0.667795 0.0879202 0.0835772
9.9991E-05 0.20487 0.261629 0.529521 0.00388019
0.100989 0.0291213 0.57838 0.198069 0.0934407
0.136762 0.0301411 0.69503 0.0969345 0.041133
0.100716 0.0795149 0.569877 0.0274179 0.222475
9.9982E-05 0.058131 0.5278 0.413869 9.9982E-05
0.0732619 9.9991E-05 0.639346 0.191882 0.0954096
0.100847 0.0277083 0.555219 0.211768 0.104458
9.9982E-05 9.9982E-05 0.00748491 0.856291 0.136025
0.00511543 0.512535 0.252511 0.229739 9.9991E-05
0.0493253 0.252952 0.160781 0.535547 0.00139483
0.163317 0.167953 0.524328 0.109876 0.0345257
9.9991E-05 0.0244546 0.668873 0.137999 0.168573
0.145587 0.101029 0.588762 0.081608 0.0830142
0.0362953 0.381623 0.184511 0.311295 0.086276
0.0141032 0.269723 0.638115 0.0779585 9.9991E-05
0.116445 0.0936904 0.631658 0.0205156 0.137691
9.9991E-05 0.270554 0.439599 0.156621 0.133126
0.0219508 0.407813 0.114671 0.236005 0.219559
9.9991E-05 0.172888 0.66785 0.0499126 0.109249
0.0818799 0.276761 0.394073 0.148108 0.0991784
9.9991E-05 0.560257 0.106482 0.272533 0.0606287
0.110448 0.26056 0.50504 0.123852 9.9991E-05
0.12197 0.0929621 0.623436 0.107022 0.0546103
0.065925 0.0895095 0.589067 0.140289 0.115209
0.0552845 0.365905 0.323106 0.21259 0.0431152
0.0864782 0.240724 0.477406 0.195292 9.9991E-05
0.0750241 0.346102 0.541923 9.9991E-05 0.0368502
9.9991E-05 0.447005 0.271854 0.227979 0.0530625
9.9982E-05 0.0752844 0.717132 0.207383 9.9982E-05
9.9982E-05 0.210349 0.393995 0.395456 9.9982E-05
0.109791 0.101965 0.554283 0.2006 0.033362
9.9982E-05 9.9982E-05 0.149488 0.825943 0.0243698
9.9982E-05 0.0998371 0.171363 0.7286 9.9982E-05
9.9973E-05 9.9973E-05 0.480329 0.519371 9.9973E-05
9.9991E-05 0.159111 0.53391 0.288901 0.0179775
0.099725 0.0838052 0.51237 0.123735 0.180365
0.00587872 0.102918 0.553349 0.337754 9.9991E-05
9.9982E-05 0.272613 0.34274 0.384447 9.9982E-05
9.9991E-05 0.289789 0.417319 0.285713 0.00707846
0.0549255 0.0335721 0.520507 0.255594 0.135401
0.0419946 0.162336 0.450612 0.331498 0.0135588
9.9991E-05 0.109306 0.59338 0.273904 0.0233096
9.9973E-05 9.9973E-05 0.521616 0.478084 9.9973E-05
9.9991E-05 0.112009 0.118355 0.764199 0.00533681
0.0478962 9.9991E-05 0.683468 0.189164 0.0793711
9.9982E-05 0.0146231 0.155501 9.9982E-05 0.829676
9.9973E-05 9.9973E-05 0.0756567 9.9973E-05 0.924043
0.067668 9.9982E-05 0.0702744 9.9982E-05 0.861858
9.9973E-05 9.9973E-05 0.0702171 9.9973E-05 0.929483
0.0229258 9.9982E-05 0.0751316 9.9982E-05 0.901743
0.0145573 9.9982E-05 0.0716814 9.9982E-05 0.913561
9.9973E-05 9.9973E-05 0.0494751 9.9973E-05 0.950225
0.0526301 0.0259048 0.661171 0.163746 0.0965483
0.0133724 0.146346 0.585138 0.123526 0.131617
9.9982E-05 0.171619 0.251969 0.576212 9.9982E-05
0.0650089 0.0661629 0.610292 0.12179 0.136746
9.9991E-05 0.120631 0.626385 0.235374 0.0175101
0.0131991 0.00272171 0.683863 0.207696 0.0925206
0.027337 0.0163694 0.651319 0.232344 0.0726304
0.0540012 0.0277402 0.64175 0.271205 0.00530434
9.9991E-05 0.361867 0.0989629 0.525038 0.014032
0.0648605 0.0520268 0.62518 0.136519 0.121414
0.100488 0.0227735 0.734756 0.0536767 0.0883056
0.0938628 0.222635 0.500495 0.113488 0.0695187
9.9991E-05 0.00159644 0.447234 0.54466 0.00640863
9.9982E-05 9.9982E-05 0.661836 0.32099 0.0169739
9.9991E-05 0.178302 0.593156 0.208719 0.0197237
0.0671318 0.00979393 0.482025 0.440949 9.9991E-05
9.9991E-05 0.111982 0.581112 0.193584 0.113222
0.0355054 0.112432 0.613158 0.0330186 0.205885
0.0598287 0.335205 0.247658 0.286269 0.0710399
0.0701792 0.353945 0.414026 9.9991E-05 0.16175
0.108968 0.141619 0.568851 0.0482928 0.132269
0.108732 0.105583 0.641712 0.0543283 0.0896453
9.9991E-05 0.368115 0.509595 0.103166 0.0190247
0.031835 0.25721 0.710756 9.9982E-05 9.9982E-05
0.0115138 0.344348 0.574463 9.9991E-05 0.0695752
0.0672809 0.14114 0.529614 0.203141 0.0588242
0.123897 0.0864534 0.565018 0.136269 0.0883622
0.0126547 0.289559 0.67198 0.00996238 0.0158441
9.9991E-05 0.343137 0.623243 0.00593273 0.0275876
0.108416 0.111939 0.628835 0.0886125 0.0621983
0.0694345 0.0996197 0.567549 0.178859 0.0845379
0.095507 0.37001 0.534283 9.9982E-05 9.9982E-05
0.0981667 0.154728 0.53778 0.145805 0.0635199
0.156986 0.219596 0.472131 0.151187 9.9991E-05
0.00446161 0.275545 0.436765 0.117719 0.16551
0.0542432 0.2376 0.652974 9.9991E-05 0.0550832
0.131974 0.18699 0.610161 0.0707745 9.9991E-05
0.141362 0.499582 0.203535 0.155421 9.9991E-05
0.0880771 0.32 0.193285 0.364806 0.033832
0.0391112 0.337035 0.596617 9.9991E-05 0.0271366
0.102212 0.360817 0.119092 0.417779 9.9991E-05
0.0219896 0.433042 0.326494 0.181368 0.0371063
0.0129413 0.354891 0.483164 0.148904 9.9991E-05
9.9991E-05 0.482064 0.463811 0.0220017 0.0320236
0.0493048 0.520779 0.31777 0.094555 0.0175918
0.0296181 0.195258 0.604933 0.061377 0.108814
0.0402897 0.118799 0.562793 0.116912 0.161206
9.9991E-05 0.263146 0.641138 0.0334637 0.0621521
0.0441034 0.373939 0.196016 0.378352 0.00758914
0.0956132 0.0703076 0.533866 0.124821 0.175393
0.104339 0.0217254 0.511889 0.217727 0.144319
0.00025947 0.145123 9.9991E-05 0.653887 0.200631
0.0640694 9.9991E-05 0.677594 0.143698 0.114538
0.0307299 0.0476043 0.437155 0.317341 0.167171
0.139985 0.0714171 0.498873 0.244965 0.0447603
0.0339057 0.0863667 0.28547 0.442046 0.152212
9.9991E-05 0.116198 0.248148 0.470188 0.165366
0.0151684 0.146552 0.472237 0.302636 0.0634063
0.118399 0.0698817 0.485188 0.275979 0.0505525
0.0788045 0.20481 0.420581 0.14771 0.148095
0.176614 0.121928 0.0325414 0.578134 0.0907821
0.120453 0.0863817 0.558996 0.154326 0.079843
9.9991E-05 0.13119 0.441782 0.421966 0.0049621
0.0290515 0.120719 0.541839 0.30829 9.9991E-05
0.0540528 0.102908 0.586384 0.13182 0.124835
0.244804 9.9991E-05 0.148014 0.188282 0.4188
0.153051 9.9982E-05 9.9982E-05 0.198201 0.648549
0.189605 9.9982E-05 9.9982E-05 0.289578 0.520617
0.399758 0.0720825 0.0413961 0.108018 0.378745
0.0419639 9.9982E-05 0.703027 0.254809 9.9982E-05
0.123169 0.0503907 0.537685 0.198737 0.0900177
0.679958 0.0199658 0.299876 9.9982E-05 9.9982E-05
0.428917 9.9991E-05 0.428331 0.134675 0.00797645
0.356141 0.0232293 0.428483 0.152005 0.0401415
0.0251328 0.00816833 0.361216 0.554598 0.0508853
0.0878288 9.9991E-05 0.561452 0.25139 0.0992295
0.0706089 0.0286577 0.191377 0.655923 0.0534329
0.0408642 0.0148739 0.62789 0.264326 0.0520455
0.021956 9.9991E-05 0.512885 0.396551 0.0685079
0.0692913 9.9991E-05 0.635773 0.236149 0.0586867
0.0348009 0.0382197 0.221652 0.656914 0.0484138
0.0748731 9.9991E-05 0.645306 0.194702 0.085019
0.00256225 0.0196313 0.67021 0.158806 0.14879
0.96115 9.9982E-05 0.00220927 0.0364406 9.9982E-05
0.894533 0.000481792 0.104785 9.9982E-05 9.9982E-05
0.588982 9.9991E-05 0.327561 0.0545314 0.0288253
0.666328 0.0226502 0.307568 9.9991E-05 0.00335441
0.81403 9.9982E-05 0.150853 9.9982E-05 0.0349168
0.9996 9.997E-05 9.997E-05 9.997E-05 9.997E-05
0.984302 0.0153982 9.9973E-05 9.9973E-05 9.9973E-05
0.801527 9.9973E-05 0.198173 9.9973E-05 9.9973E-05
0.967671 0.0320287 9.9973E-05 9.9973E-05 9.9973E-05
0.9996 9.997E-05 9.997E-05 9.997E-05 9.997E-05
0.9996 9.997E-05 9.997E-05 9.997E-05 9.997E-05
0.778636 0.0555694 0.165594 9.9982E-05 9.9982E-05
0.761502 9.9982E-05 0.174606 9.9982E-05 0.0636913
0.982353 0.0173468 9.9973E-05 9.9973E-05 9.9973E-05
0.419483 0.0916114 0.345151 0.115548 0.0282064
0.674627 9.9991E-05 0.216757 0.0604104 0.0481055
0.8168 0.0312613 0.137972 9.9991E-05 0.0138669
0.899496 0.032376 0.0679281 9.9982E-05 9.9982E-05
0.980442 9.9973E-05 0.0192581 9.9973E-05 9.9973E-05
0.934964 0.0152464 0.0301881 9.9991E-05 0.019502
0.9996 9.997E-05 9.997E-05 9.997E-05 9.997E-05
0.663836 0.0631542 0.210146 9.9991E-05 0.0627635
0.915995 0.0110287 0.0621712 0.0107052 9.9991E-05
0.0704688 9.9982E-05 9.9982E-05 0.526396 0.402935
0.0579577 0.0803752 0.481912 0.12993 0.249825
0.0852822 0.078173 0.421035 0.135548 0.279962
0.148402 9.9991E-05 0.125207 0.473162 0.253129
0.141565 9.9991E-05 0.505475 0.210833 0.142027
0.136444 9.9991E-05 0.192888 0.353351 0.317216
0.125112 0.0366326 0.463131 0.197007 0.178117
0.197545 9.9991E-05 0.35558 0.241997 0.204778
0.142456 0.0188526 0.537798 0.115211 0.185682
0.214685 9.9991E-05 0.378087 0.160109 0.24702
0.129645 0.0644033 0.455715 0.182828 0.167408
9.9991E-05 0.072611 0.0623247 0.0233722 0.841592
0.0860536 9.9982E-05 9.9982E-05 0.00969338 0.904053
9.9973E-05 0.0188718 9.9973E-05 9.9973E-05 0.980828
9.9982E-05 0.0366299 0.0256671 9.9982E-05 0.937503
0.0090074 0.0914214 0.0263473 9.9991E-05 0.873124
0.0988166 9.9973E-05 9.9973E-05 9.9973E-05 0.900883
0.075336 0.0101908 0.0187838 9.9991E-05 0.89559
9.9982E-05 0.020898 0.0642633 9.9982E-05 0.914639
9.9973E-05 9.9973E-05 0.0775145 9.9973E-05 0.922186
0.127837 0.0375948 9.9982E-05 9.9982E-05 0.834369
0.00815069 0.258893 9.9991E-05 0.117309 0.615548
9.9982E-05 0.369326 9.9982E-05 0.057859 0.572615
9.9982E-05 0.288203 9.9982E-05 0.15791 0.553687
9.9982E-05 0.368081 9.9982E-05 0.125286 0.506434
9.9991E-05 0.189214 0.596121 0.135691 0.0788736
0.067746 0.105256 0.609516 0.213335 0.00414702
0.0650408 0.18271 0.609952 0.130579 0.0117183
9.9991E-05 0.30277 0.516433 0.111209 0.0694873
9.9982E-05 0.717581 0.194717 0.087502 9.9982E-05
0.0439204 0.0118685 0.714494 0.145642 0.0840747
0.0243089 0.0738765 0.739138 0.14057 0.0221069
0.0178835 0.103487 0.61116 0.267369 9.9991E-05
9.9982E-05 0.0538129 0.564023 0.381964 9.9982E-05
0.0362703 0.0930802 0.632133 0.139677 0.098839
9.9982E-05 0.138412 0.587194 0.274194 9.9982E-05
0.0042192 0.132807 0.0249751 0.837899 9.9991E-05
0.0437824 0.15937 0.59636 0.146542 0.0539463
9.9982E-05 0.0589254 0.411561 0.529314 9.9982E-05
0.0463232 0.0218567 0.653047 0.269051 0.00972203
9.9982E-05 0.325132 0.261888 0.412779 9.9982E-05
9.9991E-05 0.710999 0.00493049 0.142934 0.141036
9.9991E-05 0.805636 0.0549239 0.00933725 0.130003
9.9982E-05 0.881941 9.9982E-05 0.058052 0.0598069
9.9982E-05 0.812375 9.9982E-05 0.0259144 0.161511
0.04638 0.910306 0.0416443 0.0015699 9.9991E-05
0.0663871 0.810692 0.0835473 9.9991E-05 0.0392738
0.0422398 9.9991E-05 0.0883319 0.00747125 0.861857
0.0401291 0.0616632 0.0463605 9.9991E-05 0.851747
0.116476 9.9982E-05 0.125617 9.9982E-05 0.757706
0.137512 0.131239 0.0143675 9.9991E-05 0.716781
0.0513605 0.0440704 0.102851 9.9991E-05 0.801618
9.9982E-05 0.577722 9.9982E-05 0.0178051 0.404273
9.9982E-05 0.436775 9.9982E-05 0.0904018 0.472624
0.00798064 0.513543 9.9991E-05 0.0484263 0.42995
0.0433397 0.0181721 0.103583 9.9991E-05 0.834805
9.9982E-05 0.52315 9.9982E-05 0.0676893 0.40896
0.375202 0.0280495 0.307561 0.0472286 0.241959
0.209298 9.9991E-05 0.586477 0.0659263 0.138198
0.357883 9.9982E-05 0.478724 9.9982E-05 0.163193
0.213526 0.0186348 0.372193 0.130831 0.264815
0.11588 0.0149023 0.566898 0.113578 0.188741
0.300987 9.9982E-05 9.9982E-05 0.171805 0.527008
0.0110823 0.319119 0.47924 0.190459 9.9991E-05
0.0719093 0.25391 0.345507 0.323128 0.00554612
0.0467113 0.565433 0.281004 0.0278407 0.0790111
0.0275631 0.174152 0.530627 0.267558 9.9991E-05
9.9973E-05 0.186738 9.9973E-05 0.812962 9.9973E-05
0.0332139 0.245047 0.620477 0.0650561 0.0362052
0.0380518 0.170221 0.538529 0.196577 0.0566221
9.9991E-05 0.510187 0.406414 0.0795385 0.00376087
0.0540095 0.126761 0.624353 0.0398696 0.155007
9.9982E-05 0.359721 0.136104 0.503975 9.9982E-05
0.0544259 0.169573 0.520131 0.25577 9.9991E-05
0.0159341 0.333443 0.557794 0.0635226 0.0293063
0.211896 0.105833 0.475917 0.0682746 0.138079
0.0110528 0.249531 0.465082 0.274234 9.9991E-05
0.0560278 0.296747 0.526841 0.103702 0.0166822
0.123393 0.150945 0.483728 0.241835 9.9991E-05
0.0136874 0.195824 0.640755 0.114976 0.0347581
0.0665363 0.151579 0.656171 0.0295715 0.0961426
0.0646783 0.198994 0.596417 9.9991E-05 0.139811
0.0708834 0.210203 0.609123 9.9991E-05 0.109691
0.0965175 9.9982E-05 0.151902 9.9982E-05 0.75138
9.9982E-05 9.9982E-05 0.091767 0.0336408 0.874392
0.000285287 0.0295396 0.0703594 0.0727472 0.827069
0.0453236 0.0247975 0.0727085 0.0270731 0.830097
0.00455004 9.9982E-05 0.13677 9.9982E-05 0.85848
0.0634939 0.673747 0.236447 0.0262114 9.9991E-05
0.148053 0.278912 0.462512 0.110423 9.9991E-05
0.166555 0.0343267 0.455273 0.139184 0.204661
0.0708796 0.227874 0.658798 0.0199886 0.0224598
9.9991E-05 0.180726 0.623749 0.0818814 0.113544
0.143291 0.418982 0.219369 0.218258 9.9991E-05
9.9991E-05 0.712142 0.0145715 0.127182 0.146005
0.0896121 0.359796 0.526299 0.0157254 0.00856779
0.0875178 0.588336 0.117454 0.162185 0.0445066
0.0811874 0.179558 0.394063 0.272722 0.0724699
9.9991E-05 0.570802 0.177059 0.145927 0.106112
0.0859592 0.134281 0.633239 9.9991E-05 0.146422
0.00704706 0.559075 0.21612 0.151186 0.0665716
0.0858654 0.348737 0.384386 0.14369 0.0373206
0.0553222 0.0703527 0.539349 0.277093 0.0578829
0.0379215 0.0905465 0.316403 0.460719 0.0944098
0.0345294 0.0957471 0.612544 0.133415 0.123765
9.9991E-05 0.0347932 0.707653 0.134734 0.12272
9.9991E-05 0.081297 0.359523 0.516575 0.042505
0.122386 0.120711 0.584477 0.0985557 0.0738703
9.9982E-05 9.9982E-05 0.62277 0.315415 0.0616155
9.9982E-05 0.0820808 0.136212 0.781507 9.9982E-05
9.9991E-05 0.00108797 0.274026 0.681291 0.0434954
0.010034 0.0907827 0.524889 0.332419 0.0418757
9.9991E-05 0.0562135 0.217936 0.681202 0.0445485
9.9991E-05 0.139656 0.566041 0.277516 0.0166869
0.00114267 0.656158 0.23171 0.110889 9.9991E-05
0.063258 0.311272 0.26329 0.362081 9.9991E-05
0.066727 0.456697 0.424987 0.0431237 0.00846525
0.063124 0.267616 0.66906 9.9982E-05 9.9982E-05
0.0346248 0.559254 0.317002 0.089019 9.9991E-05
0.0632946 0.154453 0.547146 0.144593 0.0905131
0.102692 0.164927 0.616713 0.0394919 0.0761752
0.0970334 0.32775 0.461643 0.0429698 0.0706035
0.189763 0.29644 0.409112 0.104584 9.9991E-05
0.0808546 0.373036 0.445435 0.0799462 0.0207281
0.100884 0.586496 0.280141 0.032379 9.9991E-05
0.1626 0.496156 0.341044 9.9982E-05 9.9982E-05
0.0839894 0.260309 0.636936 0.0186653 9.9991E-05
0.133263 0.084114 0.573165 0.112231 0.0972277
0.00750319 0.266841 0.453449 0.169618 0.102589
0.0940373 0.257212 0.578079 0.0705718 9.9991E-05
0.0338689 0.42168 0.428289 9.9991E-05 0.116062
0.021659 0.20857 0.700718 9.9991E-05 0.0689529
0.0925568 0.256764 0.563972 0.0639361 0.0227706
0.208809 0.199055 0.342535 0.156285 0.0933171
0.114646 0.00301113 0.484527 0.0215405 0.376275
0.16873 9.9991E-05 0.514312 0.121511 0.195346
0.116647 0.125898 0.618129 0.00547412 0.133852
0.121305 0.123607 0.672683 9.9991E-05 0.0823039
0.221962 0.0461316 0.462368 0.0625372 0.207001
0.0308713 0.181049 0.533116 0.254863 9.9991E-05
0.156113 0.0908473 0.545289 9.9991E-05 0.207651
0.157771 9.9991E-05 0.0526203 0.503556 0.285953
0.267969 0.167422 0.443495 0.0492398 0.0718741
0.0679349 0.0129176 0.676619 0.0874 0.155129
0.355448 0.0632681 0.405861 0.102793 0.0726295
0.172971 0.118388 0.272529 0.225916 0.210195
0.162314 0.0210763 0.528217 0.0826104 0.205782
0.216475 0.0493198 0.552833 0.062414 0.118958
0.180408 9.9982E-05 9.9982E-05 0.277582 0.541811
0.188437 0.029875 0.507552 0.0294689 0.244667
0.242687 0.0259459 0.492584 0.0114791 0.227305
0.182364 0.064011 0.564659 0.0623813 0.126585
0.212584 9.9991E-05 0.492249 0.0472297 0.247837
0.0904234 0.0940228 0.548998 0.0735333 0.193023
0.0831512 0.101936 0.410848 0.300998 0.103066
0.150659 0.102572 0.402202 0.216178 0.128389
0.0198386 0.126527 0.0800494 0.773485 9.9991E-05
0.0275024 0.0847876 0.0406797 0.84693 9.9991E-05
0.170354 9.9991E-05 0.453544 0.354101 0.0219006
0.288187 0.0213397 0.452958 0.0943985 0.143117
0.463815 9.9991E-05 0.263297 0.181016 0.0917714
0.370375 9.9991E-05 0.126121 0.241327 0.262077
0.377332 9.9991E-05 0.309139 0.174475 0.138955
0.155958 9.9991E-05 0.0449922 0.676068 0.122882
0.186782 9.9991E-05 0.156204 0.558467 0.098448
0.162588 9.9991E-05 0.533036 0.241306 0.0629706
0.158498 9.9991E-05 0.461158 0.334619 0.0456254
0.161566 0.00110814 0.21858 0.493196 0.125551
0.185681 9.9991E-05 0.498294 0.22712 0.0888052
0.21742 0.0606422 0.513149 0.196475 0.0123144
0.163828 0.0431797 0.477968 0.230785 0.0842393
9.9982E-05 0.159218 0.355993 0.48459 9.9982E-05
0.0361617 0.205099 0.375655 0.382984 9.9991E-05
0.0553698 0.0561963 0.589568 0.282718 0.0161479
0.0641068 0.20718 0.417317 0.286512 0.0248842
0.193741 0.145012 0.525382 0.107511 0.028354
0.0135895 9.9991E-05 0.524645 0.439245 0.0224203
9.9982E-05 0.164253 0.237306 0.598241 9.9982E-05
0.076506 9.9991E-05 0.588657 0.306653 0.0280843
0.0782592 0.0953325 0.195017 0.631292 9.9991E-05
0.088634 0.0294849 0.453115 0.428666 9.9991E-05
0.0996093 0.0277154 0.581468 0.189812 0.101395
0.069131 0.055535 0.48236 0.384582 0.00839188
0.20778 9.9991E-05 0.52402 0.100338 0.167762
0.20277 0.0350907 0.504291 0.146993 0.110855
0.241049 0.0294154 0.36173 0.148791 0.219015
0.25299 0.148733 0.31019 0.11846 0.169627
0.219812 0.0942542 0.461713 0.0627218 0.161499
0.307995 0.0954322 0.414429 0.0306395 0.151504
0.164484 0.00722079 9.9991E-05 0.611139 0.217056
0.193549 9.9991E-05 0.666717 0.0122676 0.127367
0.174197 9.9982E-05 9.9982E-05 0.404617 0.420985
0.2797 0.0476739 0.529454 0.0781934 0.0649784
9.9973E-05 9.9973E-05 0.186877 0.812823 9.9973E-05
0.0277972 0.0756613 9.9982E-05 0.896342 9.9982E-05
0.0162234 0.0771363 0.527738 0.378802 9.9991E-05
0.0340158 9.9991E-05 0.704054 0.255879 0.00595131
9.9982E-05 0.0640626 0.441291 0.494446 9.9982E-05
0.0668266 0.0818728 0.563634 0.287567 9.9991E-05
0.128669 0.0303446 0.458387 0.3825 9.9991E-05
0.0566755 0.0515117 0.0783268 0.0010859 0.8124
0.114987 0.15983 9.9991E-05 0.031345 0.693738
0.0479031 0.0260043 9.9982E-05 9.9982E-05 0.925893
9.9973E-05 9.9973E-05 0.0463418 9.9973E-05 0.953358
9.9991E-05 0.0647922 0.632641 0.236107 0.0663595
9.9991E-05 0.0287713 0.650942 0.254181 0.0660055
9.9982E-05 0.147025 0.626196 0.226579 9.9982E-05
9.9991E-05 0.0192484 0.726153 0.1576 0.0968982
0.0342807 0.0588489 0.530088 0.22624 0.150542
9.9982E-05 0.185722 0.344468 0.46961 9.9982E-05
0.0568191 0.0344705 0.698865 0.209746 9.9991E-05
9.9982E-05 9.9982E-05 0.481234 0.505143 0.0134227
0.216138 0.00528641 0.474844 0.0223253 0.281406
0.0354034 0.0595432 0.506334 0.39862 9.9991E-05
9.9982E-05 0.207322 0.482516 0.309963 9.9982E-05
9.9991E-05 0.0613235 0.662959 0.266296 0.00932114
9.9982E-05 0.139461 0.534812 0.325527 9.9982E-05
0.0119048 9.9991E-05 0.70389 0.279687 0.00441848
0.0279343 9.9991E-05 0.684849 0.192846 0.0942701
9.9973E-05 9.9973E-05 0.291934 0.707766 9.9973E-05
0.0307548 0.0715744 0.374555 0.514275 0.00884077
9.9982E-05 0.0959033 0.453925 0.449972 9.9982E-05
9.9973E-05 9.9973E-05 0.0648207 0.934879 9.9973E-05
9.9991E-05 0.157056 0.540263 0.246234 0.0563466
9.9991E-05 0.0280166 0.236879 0.730602 0.00440175
9.9982E-05 0.0775143 0.0589601 0.863326 9.9982E-05
0.0225665 9.9991E-05 0.653874 0.284998 0.0384615
9.9982E-05 0.237728 0.385568 0.376504 9.9982E-05
0.0266008 0.156799 0.569738 0.246763 9.9991E-05
0.158284 9.9991E-05 0.59211 0.198682 0.0508242
9.9991E-05 0.138542 0.656425 0.189966 0.0149663
0.071767 0.301534 0.442936 0.183662 9.9991E-05
9.9991E-05 0.0169785 0.702075 0.246266 0.0345807
9.9991E-05 0.199415 0.597128 0.19149 0.0118667
9.9973E-05 9.9973E-05 0.482122 0.517578 9.9973E-05
0.0685207 0.0588203 0.560656 0.23732 0.0746827
0.000873746 0.301235 0.0135178 0.00754885 0.676825
9.9991E-05 0.15041 0.0546241 0.011355 0.783511
9.9982E-05 0.137787 9.9982E-05 0.0268331 0.83518
9.9982E-05 0.171641 9.9982E-05 0.00550996 0.822649
9.9991E-05 0.211253 0.0355401 0.00418553 0.748921
9.9982E-05 0.257421 0.303855 0.438524 9.9982E-05
9.9991E-05 0.220555 0.268836 0.460385 0.0501235
9.9973E-05 9.9973E-05 0.315309 0.684391 9.9973E-05
0.0583551 0.105863 0.53713 0.189142 0.10951
0.111288 0.0540512 0.594556 0.159152 0.0809528
0.00969729 9.9982E-05 0.468278 0.521825 9.9982E-05
0.025622 9.9982E-05 0.757881 0.216297 9.9982E-05
0.0520022 9.9991E-05 0.542997 0.380648 0.0242529
9.9991E-05 0.12601 0.662538 0.168521 0.0428312
0.026797 0.0664053 0.629768 0.161856 0.115174
9.9982E-05 0.156724 0.417485 0.425592 9.9982E-05
9.9982E-05 0.131007 0.552694 0.316099 9.9982E-05
9.9982E-05 0.208565 0.53666 0.254575 9.9982E-05
0.0652765 0.086741 0.586823 0.109624 0.151535
9.9982E-05 0.137896 0.619591 0.242313 9.9982E-05
0.04011 0.106399 0.577011 0.24797 0.0285096
0.383935 0.00971114 0.526779 0.0216115 0.0579637
0.46433 0.0327509 0.373031 9.9991E-05 0.129788
0.3734 9.9991E-05 0.441936 0.00260841 0.181956
0.513064 9.9991E-05 0.24208 0.102783 0.141973
0.334657 0.0107282 0.49646 0.03264 0.125514
0.075092 9.9991E-05 0.588444 0.324147 0.0122168
0.649916 9.9991E-05 0.0602274 0.0222468 0.26751
0.473862 9.9991E-05 0.268525 0.0231277 0.234385
0.1677 9.9991E-05 0.35967 0.302436 0.170094
9.9982E-05 9.9982E-05 0.649506 0.174984 0.175311
0.00363963 0.217657 0.440768 0.240366 0.0975689
0.0184637 0.12816 0.616635 0.0316137 0.205128
0.0248605 0.160044 0.660981 0.0698294 0.0842851
0.461014 9.9982E-05 0.349518 9.9982E-05 0.189267
0.439584 0.0333327 0.393527 9.9991E-05 0.133456
0.457796 9.9982E-05 0.458177 9.9982E-05 0.0838275
0.326617 0.0885777 0.434357 0.0621425 0.0883057
0.520599 9.9982E-05 0.31349 9.9982E-05 0.16571
0.383949 9.9991E-05 0.370924 0.108295 0.136733
0.581941 0.0458573 0.255422 0.000277876 0.116502
0.459837 0.117215 0.371499 9.9991E-05 0.0513488
0.0153512 9.9991E-05 0.638063 0.235722 0.110763
0.405336 0.0605623 0.34928 9.9991E-05 0.184722
0.710894 9.9982E-05 0.144272 9.9982E-05 0.144634
0.368865 0.113467 0.351529 0.0588273 0.107312
9.9991E-05 0.323266 0.25337 0.252093 0.17117
0.14531 0.051251 0.577151 0.183072 0.0432168
0.275618 0.0293581 0.428219 0.0284029 0.238402
0.119146 0.161298 0.607809 9.9991E-05 0.111647
9.9991E-05 0.0506076 0.586371 0.138423 0.224498
0.278079 0.00496003 0.342921 0.176458 0.197582
0.345263 9.9991E-05 0.319956 0.124056 0.210625
0.14702 0.0876235 0.620234 9.9991E-05 0.145022
0.375755 9.9991E-05 0.410986 0.0583655 0.154793
0.536019 0.000990201 0.37205 0.0108441 0.0800969
0.592744 9.9982E-05 0.157828 9.9982E-05 0.249228
0.0654428 0.0954191 0.573151 0.0961264 0.16986
9.9991E-05 0.0831939 0.485237 0.30048 0.130989
0.0358521 9.9991E-05 0.209566 0.540726 0.213756
0.0974417 0.107436 0.564878 0.0650893 0.165155
0.0662787 0.214737 0.456192 0.137382 0.12541
0.173077 9.9991E-05 0.523435 0.0685253 0.234863
0.140374 0.109562 0.406349 0.130665 0.213051
0.22454 9.9982E-05 9.9982E-05 0.391385 0.383875
0.133043 9.9982E-05 9.9982E-05 0.479395 0.387362
0.109567 0.109396 0.378098 0.276372 0.126567
0.203429 9.9991E-05 0.0171785 0.396467 0.382825
0.245378 9.9982E-05 9.9982E-05 0.29348 0.460942
0.126874 9.9991E-05 0.399614 0.246039 0.227373
0.14585 9.9991E-05 0.438962 0.102859 0.312229
0.219291 0.0120272 0.228223 0.235232 0.305228
0.163873 9.9991E-05 0.0757594 0.3657 0.394568
0.133231 0.0458526 0.503659 0.170683 0.146575
0.160163 9.9991E-05 0.174951 0.382779 0.282007
0.0862232 9.9982E-05 9.9982E-05 0.38046 0.533117
0.167277 0.0338833 0.581089 0.0466127 0.171138
0.245256 0.0455509 0.357966 0.169516 0.181712
0.0946562 9.9982E-05 0.512477 9.9982E-05 0.392667
0.259358 9.9982E-05 0.561474 9.9982E-05 0.178968
0.172795 9.9991E-05 0.57994 0.0822203 0.164945
0.254778 9.9991E-05 0.433781 0.0801897 0.231152
0.208072 0.0283933 0.362096 9.9991E-05 0.401338
0.160037 0.0304042 0.570603 0.0474765 0.191479
0.281589 0.041602 0.475846 9.9991E-05 0.200862
0.205115 0.0336853 0.327538 0.140455 0.293207
0.161653 0.213414 0.304064 0.161796 0.159073
0.0273996 0.0869528 0.680241 9.9991E-05 0.205306
0.0874056 0.000525521 0.546564 0.110421 0.255084
0.0719112 0.0524018 0.617225 0.0947934 0.163669
0.303101 0.035239 0.331564 0.0675417 0.262554
0.132453 0.0250367 0.558499 0.0333573 0.250654
0.234799 9.9991E-05 0.161657 0.18404 0.419404
0.222786 0.121767 0.463476 0.00188697 0.190084
0.323167 9.9991E-05 0.180776 0.162672 0.333285
9.9991E-05 0.103896 0.00583165 0.0748573 0.815315
0.0255259 0.821197 0.0706954 0.0429402 0.039641
9.9973E-05 0.975691 9.9973E-05 9.9973E-05 0.024009
9.9973E-05 0.980063 9.9973E-05 9.9973E-05 0.0196372
9.997E-05 0.9996 9.997E-05 9.997E-05 9.997E-05
0.0179066 0.977643 0.00425053 9.9982E-05 9.9982E-05
9.9973E-05 0.882032 0.117668 9.9973E-05 9.9973E-05
9.9973E-05 0.966831 9.9973E-05 9.9973E-05 0.0328693
0.00190683 0.795282 9.9982E-05 9.9982E-05 0.202611
9.9982E-05 0.00135561 0.0905524 9.9982E-05 0.907892
0.0418351 0.113135 0.0358984 9.9991E-05 0.809032
0.0730034 0.0164466 9.9991E-05 0.0193532 0.891097
9.9982E-05 0.116612 0.0522309 9.9982E-05 0.830957
0.0048385 0.0410404 0.034785 9.9991E-05 0.919236
0.0213364 0.0687672 9.9982E-05 9.9982E-05 0.909696
0.0904693 0.0739014 0.0510578 9.9991E-05 0.784471
0.0903949 9.9991E-05 0.0202412 0.0173107 0.871953
0.0650914 0.125485 0.0851953 0.00622502 0.718003
0.0726633 9.9973E-05 9.9973E-05 9.9973E-05 0.927037
9.9973E-05 0.043901 9.9973E-05 9.9973E-05 0.955799
0.0579107 0.0803419 0.00604952 9.9991E-05 0.855598
9.9982E-05 0.0193927 0.0538121 9.9982E-05 0.926595
0.0175035 9.9982E-05 0.0820197 9.9982E-05 0.900277
0.0574611 0.00131834 0.0918216 9.9991E-05 0.849299
0.0547063 9.9982E-05 0.0900125 9.9982E-05 0.855081
0.129837 9.9982E-05 0.106875 9.9982E-05 0.763088
0.0803603 9.9982E-05 0.105831 9.9982E-05 0.813608
0.0732127 9.9982E-05 0.0997732 9.9982E-05 0.826814
0.00647802 0.122595 0.454759 0.222364 0.193804
9.9991E-05 0.0877536 0.76671 0.0602196 0.0852171
0.0609555 0.0334158 0.608328 0.149292 0.148009
9.9982E-05 9.9982E-05 0.185061 0.648395 0.166344
9.9991E-05 0.13576 0.594465 0.0941279 0.175547
0.0683731 9.9991E-05 0.141127 0.588306 0.202095
0.00929553 9.9991E-05 0.701044 0.157284 0.132276
9.9991E-05 0.166008 0.523618 0.217737 0.0925362
0.0322731 0.137582 0.511974 0.176224 0.141948
0.0215013 0.0401204 0.612513 0.279903 0.0459617
9.9991E-05 0.166151 0.526775 0.13887 0.168104
0.00285021 0.0188512 0.677996 0.151609 0.148694
9.9991E-05 0.200491 0.659747 0.0591576 0.0805037
0.0802563 0.557619 0.0677304 0.294295 9.9991E-05
9.9982E-05 0.0467864 9.9982E-05 0.803678 0.149336
0.0569001 0.0241586 0.143156 0.642854 0.132931
0.0816943 0.0574521 0.645157 0.109324 0.106373
9.9991E-05 0.00968327 0.616583 0.213771 0.159862
9.9982E-05 9.9982E-05 0.584001 0.303118 0.112682
0.0903063 0.0486407 0.64493 0.159606 0.0565168
0.187552 0.0982259 0.537788 0.00957917 0.166855
0.0569175 0.0288168 0.672043 9.9991E-05 0.242123
0.15373 0.244318 0.159267 0.0386444 0.404041
0.00638921 0.00758895 0.701349 0.172612 0.112061
0.153619 0.15984 0.390317 0.0537871 0.242436
0.197538 9.9982E-05 9.9982E-05 0.337096 0.465166
0.161421 9.9991E-05 0.38361 0.141984 0.312884
0.127592 0.0831118 0.364789 0.047201 0.377307
0.0413967 0.0999504 0.513752 0.00864159 0.336259
0.218003 0.106262 0.525648 9.9991E-05 0.149987
0.232467 0.0122754 0.483733 0.0757511 0.195774
0.239261 0.0380911 0.553959 9.9991E-05 0.168589
0.134804 0.0207628 0.435844 0.180979 0.22761
0.129654 0.00505732 0.374421 9.9991E-05 0.490767
