9.9982E-05 0.0433344 0.903603 0.0528623 9.9982E-05
9.9982E-05 9.9982E-05 0.92423 0.0514731 0.0240972
9.999E-05 0.0219026 0.818014 0.0336342 0.126349
9.999E-05 0.0858752 0.75368 0.100836 0.0595094
9.999E-05 0.073563 0.874574 0.0384181 0.0133449
0.139253 0.0749158 0.665409 0.0503782 0.0700437
0.0964678 9.9991E-05 0.856176 0.0450492 0.00220711
0.0999983 0.0249318 0.769262 0.105708 9.9991E-05
0.0618776 9.9982E-05 0.831142 0.10678 9.9982E-05
0.00272747 0.0505435 0.721318 0.126653 0.0987588
0.110199 9.9991E-05 0.739252 0.110563 0.0398859
0.088912 0.0560871 9.9991E-05 0.503973 0.350928
9.9991E-05 0.0475447 0.091426 0.221829 0.6391
0.0946521 0.0965944 0.0141735 0.502197 0.292383
0.0510163 0.154588 0.0737683 0.30813 0.412497
0.0989699 0.144757 0.10177 0.255888 0.398615
0.0279767 0.0645096 0.076799 0.168236 0.662478
0.148608 0.113604 0.00788918 0.247233 0.482666
0.0802025 0.0969373 0.0891141 0.367525 0.366221
0.190306 0.0707497 0.0132914 0.725553 9.9991E-05
0.193474 0.0775901 9.9991E-05 0.274711 0.454125
0.225542 0.153688 0.0154521 0.184456 0.420862
0.0898506 0.0273857 0.0806787 0.163774 0.638311
0.186248 0.106198 0.0296868 0.33206 0.345807
0.0906313 0.159045 0.107266 0.0788856 0.564172
0.0125631 0.147947 9.9991E-05 0.287147 0.552242
0.119253 0.107051 0.0450414 0.485092 0.243562
0.13405 0.259982 0.00965186 0.40343 0.192885
0.247375 0.0636943 9.9991E-05 0.453708 0.235123
9.9982E-05 0.0269241 0.844451 9.9982E-05 0.128425
9.9973E-05 9.9973E-05 0.858923 9.9973E-05 0.140777
9.9991E-05 0.0144135 0.792137 0.0215996 0.17175
9.9982E-05 0.0252955 0.750415 9.9982E-05 0.22409
0.0898243 9.9991E-05 0.0971532 0.135621 0.677302
0.247639 9.9982E-05 0.123108 9.9982E-05 0.629053
0.202788 0.0137464 0.101591 0.00853322 0.673341
0.108353 9.9991E-05 0.0830635 0.611186 0.197298
0.451949 0.08581 0.0216365 0.0522726 0.388332
0.020193 9.9991E-05 0.141385 0.141105 0.697217
0.104171 0.0754025 0.0356066 9.9991E-05 0.78472
0.111673 9.9991E-05 0.148355 0.0307325 0.709139
0.0224097 0.00551666 0.16156 0.064923 0.745591
0.39191 9.9982E-05 9.9982E-05 0.257152 0.350738
0.230869 0.0877577 0.0457938 9.9991E-05 0.63548
0.155083 0.105933 0.0498248 0.102882 0.586277
0.0530786 0.0617634 0.123092 0.0546574 0.707408
0.431758 9.9982E-05 9.9982E-05 0.0108275 0.557215
0.109894 9.9991E-05 0.0705242 0.0266328 0.792849
0.0713498 0.00343768 0.185171 9.9991E-05 0.739942
0.895921 9.9982E-05 0.102828 0.00105133 9.9982E-05
0.231797 0.000521191 9.9991E-05 0.51582 0.251762
0.557102 0.0433563 0.0285587 0.205194 0.165789
0.000586347 0.00641135 0.124381 0.165037 0.703584
0.125809 0.0965581 0.0731156 0.0531541 0.651363
0.122865 0.0716079 0.0294415 0.0279039 0.748181
0.250135 9.9991E-05 0.109563 0.412876 0.227327
0.0469337 9.9991E-05 0.0834027 0.206565 0.662999
0.106335 0.137278 0.0987057 0.0968677 0.560813
0.172672 9.9991E-05 0.13844 0.263115 0.425674
0.255597 0.0765676 0.209764 0.356461 0.10161
0.136937 0.0470359 0.0731473 0.151613 0.591267
0.146154 0.0493002 0.0577544 0.307267 0.439525
0.299974 9.9991E-05 0.0366576 0.578341 0.0849275
0.0927371 0.0762727 9.9991E-05 0.292838 0.538052
0.101055 0.132256 0.009 0.129768 0.62792
0.10546 0.0780387 0.0717942 0.177739 0.566968
0.221117 0.0834289 9.9991E-05 0.364549 0.330805
0.19638 0.0947027 0.0109402 0.134378 0.5636
9.9991E-05 0.0713242 0.0798816 0.236975 0.611719
0.270091 9.9991E-05 0.0172438 0.428982 0.283584
0.156383 9.9982E-05 9.9982E-05 0.111883 0.731534
0.408799 9.9982E-05 9.9982E-05 0.185885 0.405116
0.0947274 0.1038 0.0512416 0.212385 0.537846
0.746444 9.9982E-05 9.9982E-05 0.0438263 0.20953
0.703029 9.9982E-05 9.9982E-05 0.0947993 0.201972
0.443765 9.9982E-05 9.9982E-05 0.0136877 0.542347
0.204403 9.9982E-05 9.9982E-05 0.107253 0.688144
0.140478 0.152958 0.0272199 0.133411 0.545933
0.270842 0.0534937 9.9991E-05 0.164097 0.511467
0.318869 9.9991E-05 0.043043 0.284328 0.35366
0.278977 9.9982E-05 9.9982E-05 0.281348 0.439475
0.0552129 0.134983 0.0558705 0.182635 0.571298
0.369065 0.00815499 0.0434524 0.103329 0.475999
0.313593 9.9991E-05 0.0301808 0.0624695 0.593657
0.434719 9.9973E-05 9.9973E-05 9.9973E-05 0.564981
0.852764 9.9982E-05 9.9982E-05 0.00511316 0.141923
0.208737 0.00914567 9.9991E-05 0.0452816 0.736736
9.9991E-05 0.0286221 0.787875 0.0694055 0.113998
9.9973E-05 9.9973E-05 0.922913 9.9973E-05 0.0767872
9.9982E-05 0.0985368 0.860834 9.9982E-05 0.0404289
9.9973E-05 9.9973E-05 0.940311 9.9973E-05 0.0593888
0.00353017 9.9982E-05 0.876421 9.9982E-05 0.119849
0.0300235 0.00249024 0.928941 0.010263 0.0282824
9.9973E-05 9.9973E-05 0.935437 9.9973E-05 0.0642635
0.101731 0.0152892 0.145057 0.206727 0.531196
0.107391 0.0730751 0.106526 0.100957 0.61205
0.633709 9.9982E-05 9.9982E-05 0.152216 0.213875
0.154618 0.142651 0.105123 0.0714904 0.526118
0.22176 9.9991E-05 0.0428001 0.118947 0.616393
0.205736 0.00755609 0.0712148 9.9991E-05 0.715393
0.124173 0.0234417 0.0551317 0.105109 0.692144
0.313274 0.047774 0.0371836 9.9991E-05 0.601668
0.53102 9.9991E-05 0.0130671 0.287992 0.167821
0.0713463 0.0174688 0.169346 0.151215 0.590624
0.153362 0.0171018 0.15345 0.0345386 0.641548
0.0571533 0.0712824 0.0485684 0.217804 0.605192
0.509066 9.9982E-05 0.0374325 9.9982E-05 0.453301
0.334441 9.9973E-05 9.9973E-05 9.9973E-05 0.665259
0.197073 0.022713 0.0119361 0.183648 0.58463
0.417237 0.0376198 9.9982E-05 9.9982E-05 0.544944
0.196554 9.9991E-05 0.0712724 0.122196 0.609877
0.162198 9.9991E-05 0.141365 0.0588996 0.637437
0.31411 0.0363464 0.0606115 0.293541 0.295391
0.0386008 0.0698712 0.12706 0.313322 0.451147
0.0234751 0.127951 0.141265 0.211436 0.495873
0.0319225 0.106834 0.155066 0.12747 0.578708
0.00701036 0.0321696 0.0229137 0.428828 0.509078
0.00204645 0.0938881 0.033324 0.264678 0.606063
0.0216294 0.0331016 0.0107769 0.434788 0.499704
0.170878 9.9991E-05 0.0814935 0.154246 0.593283
0.0202423 0.130995 0.0880002 0.194369 0.566393
0.0660682 0.0615041 0.050242 0.231901 0.590284
9.9973E-05 9.9973E-05 9.9973E-05 0.377596 0.622104
0.204821 0.0988536 0.0270471 0.0509437 0.618335
0.135141 0.108745 0.129507 0.0726754 0.553931
0.036521 0.141696 9.9991E-05 0.253203 0.56848
0.0585556 0.023872 0.0878739 0.221605 0.608093
0.049562 0.125082 9.9991E-05 0.265805 0.559451
0.173277 0.0553132 0.128388 0.248222 0.3948
0.0130601 0.112391 9.9991E-05 0.194095 0.680354
0.00538584 0.0561346 0.0564331 0.182636 0.699411
0.19061 0.129264 9.9991E-05 0.450772 0.229255
0.460116 0.0802095 0.0411188 0.253974 0.164581
0.0848784 0.0169312 0.0832662 0.198876 0.616049
0.512123 0.0647488 9.9991E-05 0.26886 0.154168
0.136414 9.9991E-05 0.0493458 0.459068 0.355073
0.174434 9.9982E-05 9.9982E-05 0.290104 0.535262
0.103029 9.9982E-05 9.9982E-05 0.534738 0.362033
0.0929621 0.0478967 9.9991E-05 0.537407 0.321635
9.9991E-05 0.0374944 0.0812652 0.205046 0.676094
0.0650154 0.124354 0.0814427 0.165321 0.563867
0.0931028 0.0905205 0.108768 0.158138 0.54947
0.392188 0.0955636 9.9991E-05 0.375572 0.136576
0.0726395 0.0758278 0.228719 0.0327866 0.590027
0.227994 0.114446 0.0216985 0.149016 0.486846
0.609193 0.0186003 0.188158 0.132993 0.0510568
0.128636 0.132548 0.124099 9.9991E-05 0.614616
0.409259 0.051493 0.12319 0.0388051 0.377253
0.182507 0.0733355 0.195592 0.0329702 0.515595
0.418787 0.00208078 0.144037 0.0753314 0.359765
0.455953 9.9991E-05 0.130562 0.187968 0.225418
0.247219 9.9991E-05 0.108139 0.107997 0.536546
0.197764 0.194592 0.114115 0.0640252 0.429504
0.208218 0.112628 0.161036 0.0907895 0.427328
0.624398 0.215904 0.0543265 0.0964049 0.008967
0.12072 0.148578 0.0808023 0.129454 0.520446
0.34949 9.9982E-05 9.9982E-05 0.177908 0.472402
0.282819 9.9982E-05 9.9982E-05 0.158246 0.558735
0.0390476 0.0634722 0.1932 0.106612 0.597669
0.207684 0.24947 0.340701 9.9991E-05 0.202045
0.238035 0.175895 0.58587 9.9982E-05 9.9982E-05
0.343903 0.143077 0.51282 9.9982E-05 9.9982E-05
0.136186 0.274204 0.439923 9.9991E-05 0.149587
0.234734 0.0510229 0.00947866 9.9991E-05 0.704665
0.131434 0.0559652 0.120519 0.0247182 0.667364
9.9982E-05 0.777224 9.9982E-05 0.000702499 0.221874
0.0383373 0.445901 9.9991E-05 0.149846 0.365815
0.0510816 0.285294 0.126961 0.0959693 0.440694
0.53429 0.0559344 0.0164349 9.9991E-05 0.393241
0.171458 0.0995137 0.0969266 0.0593001 0.572802
0.668096 0.007997 0.0180417 9.9991E-05 0.305765
0.268377 0.0323532 0.0380077 9.9991E-05 0.661162
0.328625 0.0230718 0.0505154 9.9991E-05 0.597688
0.208873 0.0800477 0.0627578 0.0578784 0.590443
0.652561 0.0655174 0.0124729 0.0700054 0.199443
0.0820204 0.0526918 0.0773955 0.0753986 0.712494
0.139278 0.0186337 0.142123 0.0643638 0.635601
0.0264776 0.973222 9.9973E-05 9.9973E-05 9.9973E-05
9.9973E-05 0.916644 9.9973E-05 9.9973E-05 0.0830559
0.00735741 0.65977 0.0476739 0.0402918 0.244907
9.9982E-05 0.699001 9.9982E-05 0.00625358 0.294546
9.9991E-05 0.787941 0.00394233 0.052609 0.155407
9.997E-05 0.9996 9.997E-05 9.997E-05 9.997E-05
9.9973E-05 0.954169 9.9973E-05 0.0455313 9.9973E-05
9.9973E-05 0.849041 9.9973E-05 9.9973E-05 0.150659
9.9973E-05 0.964242 9.9973E-05 0.0354578 9.9973E-05
9.997E-05 0.9996 9.997E-05 9.997E-05 9.997E-05
9.997E-05 0.9996 9.997E-05 9.997E-05 9.997E-05
9.9982E-05 0.830666 9.9982E-05 0.0657211 0.103413
9.9991E-05 0.830845 0.0098883 0.0745142 0.0846529
9.9973E-05 0.982408 9.9973E-05 0.0172919 9.9973E-05
0.024633 0.500194 0.0808719 0.127894 0.266407
9.9991E-05 0.666613 0.0439883 0.118045 0.171253
9.9991E-05 0.746362 0.0337672 0.0351243 0.184646
0.00533795 0.939427 0.0150518 0.0400829 9.9991E-05
9.997E-05 0.9996 9.997E-05 9.997E-05 9.997E-05
9.9982E-05 0.89973 0.0371838 9.9982E-05 0.0628858
9.997E-05 0.9996 9.997E-05 9.997E-05 9.997E-05
9.9991E-05 0.641526 0.0471786 0.103263 0.207932
0.0266762 0.899045 0.00920273 0.0187186 0.0463579
0.539648 0.0869444 0.373208 9.9982E-05 9.9982E-05
0.128079 0.113658 0.185428 0.157706 0.415127
0.159412 0.120132 0.244477 0.0652876 0.410691
0.403559 0.217903 0.214496 0.0481567 0.115885
0.174961 0.0993265 0.172418 0.0866125 0.466683
0.408451 0.0772411 0.309894 9.9991E-05 0.204313
0.21223 0.0792195 0.199362 9.9991E-05 0.509089
0.311895 0.157012 0.186903 9.9991E-05 0.34409
0.144731 0.187662 0.182221 0.0734672 0.411919
0.328272 0.307161 0.181456 9.9991E-05 0.183011
0.143342 0.0683798 0.274937 0.00513192 0.508209
0.0887994 9.9991E-05 0.825854 0.0681344 0.0171126
0.000469469 0.0706622 0.928668 9.9982E-05 9.9982E-05
0.0188926 9.9991E-05 0.944663 0.0296748 0.00666959
0.0241745 9.9982E-05 0.943708 0.0319173 9.9982E-05
9.9982E-05 0.0162066 0.9105 0.0730939 9.9982E-05
0.0295599 0.09232 0.87792 9.9982E-05 9.9982E-05
9.9982E-05 0.101006 0.880806 0.0179883 9.9982E-05
0.0584887 0.00778758 0.914905 9.9991E-05 0.0187183
9.9991E-05 0.00676335 0.923064 0.0174938 0.0525784
9.9982E-05 0.110503 0.863887 0.0254098 9.9982E-05
0.14334 9.9982E-05 0.626841 0.22962 9.9982E-05
0.00875451 0.00808145 0.567588 0.408652 0.00692362
0.12271 9.9982E-05 0.556827 0.320263 9.9982E-05
0.196019 9.9982E-05 0.483373 0.320408 9.9982E-05
0.118776 9.9991E-05 0.0680614 0.133075 0.679988
0.185881 0.0527794 9.9991E-05 0.0998039 0.661435
0.0845166 0.0818435 9.9991E-05 0.205115 0.628425
0.0786585 0.00293449 0.0271579 0.378297 0.512952
0.0952566 0.0115402 9.9991E-05 0.686369 0.206734
0.191086 0.00333323 0.119295 0.00233189 0.683953
0.116119 0.0321918 9.9991E-05 0.125072 0.726517
0.30026 9.9973E-05 9.9973E-05 9.9973E-05 0.69944
0.473503 0.0177434 9.9991E-05 0.0143591 0.494294
0.0872177 0.0729438 0.0475086 0.164887 0.627443
0.30764 9.9982E-05 9.9982E-05 0.146171 0.545988
0.779604 9.9982E-05 9.9982E-05 0.125475 0.0947208
0.0555805 0.0196833 0.0884192 0.192872 0.643445
0.507758 9.9982E-05 9.9982E-05 0.125584 0.366458
0.278786 0.0413061 9.9982E-05 9.9982E-05 0.679708
0.469021 9.9982E-05 9.9982E-05 0.259264 0.271515
0.112315 0.00320578 0.120259 0.76412 9.9991E-05
0.0688824 9.9991E-05 0.119089 0.712037 0.099892
0.106434 9.9982E-05 0.0306547 0.862711 9.9982E-05
0.0817574 9.9982E-05 0.127848 0.790194 9.9982E-05
0.0995074 0.0369468 9.9991E-05 0.832371 0.0310745
9.9991E-05 0.0472684 0.0517155 0.801822 0.0990938
9.9982E-05 0.0281521 0.878411 9.9982E-05 0.0932365
9.9991E-05 0.0401837 0.835106 0.0501199 0.0744905
9.9991E-05 0.157268 0.764295 0.00122458 0.0771131
9.9991E-05 0.122579 0.766458 0.0506264 0.0602366
9.9991E-05 0.0743444 0.802419 0.0461388 0.0769978
0.0690115 9.9982E-05 0.396345 0.534444 9.9982E-05
0.131642 9.9982E-05 0.451712 0.416446 9.9982E-05
0.0614176 0.0127461 0.428929 0.496807 9.9991E-05
9.9991E-05 0.0146842 0.848609 0.02947 0.107137
0.0760247 9.9982E-05 0.406288 0.517487 9.9982E-05
0.119823 0.383052 0.250277 9.9991E-05 0.246748
9.9991E-05 0.174106 0.225363 0.052375 0.548055
9.9982E-05 0.319201 0.177271 9.9982E-05 0.503329
0.190166 0.285409 0.236819 9.9991E-05 0.287507
0.0152432 0.237915 0.131923 0.117026 0.497894
0.167559 0.34374 0.488501 9.9982E-05 9.9982E-05
0.165996 9.9982E-05 9.9982E-05 0.397918 0.435886
0.291692 0.0131956 0.0482034 0.255847 0.391063
9.9982E-05 9.9982E-05 0.0677086 0.567067 0.365024
0.265278 0.0298265 9.9991E-05 0.154613 0.550183
0.828138 9.9973E-05 9.9973E-05 0.171562 9.9973E-05
0.136128 0.0256207 0.103702 0.159272 0.575277
0.120333 0.0705443 0.0603541 0.231834 0.516934
0.100159 9.9991E-05 0.0355873 0.452574 0.41158
0.092623 0.13806 0.0587226 0.223853 0.486741
0.5619 9.9982E-05 9.9982E-05 0.229573 0.208328
0.245554 0.116029 9.9991E-05 0.1788 0.459516
0.0499696 0.0491311 9.9991E-05 0.369984 0.530816
0.129052 0.177522 0.139444 0.0843445 0.469637
0.308277 9.9982E-05 9.9982E-05 0.233373 0.458151
0.137571 0.0352102 0.0364793 0.310689 0.480051
0.2588 0.0990764 9.9991E-05 0.114645 0.527378
0.138443 0.0291577 9.9991E-05 0.21179 0.62051
0.074712 0.0698682 0.0187127 0.133289 0.703418
0.0718089 0.00305632 0.169322 0.118796 0.637017
0.100506 0.0706995 0.0248627 0.209232 0.594699
9.9982E-05 0.108321 0.797413 9.9982E-05 0.0940657
0.0147412 0.0224159 0.882512 9.9991E-05 0.0802309
0.097579 0.0270921 0.765996 0.0454654 0.0638678
0.0702349 0.0253465 0.843321 0.00406711 0.0570307
9.9982E-05 0.025715 0.859089 9.9982E-05 0.114996
0.131669 0.04995 0.010525 0.598167 0.20969
0.147033 0.0144946 0.0895095 0.158743 0.59022
0.153541 0.250675 0.172755 0.040469 0.38256
9.9982E-05 0.0817174 9.9982E-05 0.227874 0.690208
0.0154526 0.0532309 0.0226747 0.346878 0.561764
0.197048 0.133337 0.0145228 0.371525 0.283568
0.138252 9.9991E-05 0.13391 0.682561 0.0451765
0.0762696 0.0126888 9.9991E-05 0.388373 0.522569
0.165594 0.122582 0.0600938 0.545581 0.10615
0.256443 0.106938 9.9991E-05 0.178236 0.458284
0.0680964 9.9991E-05 0.126913 0.579634 0.225257
9.9991E-05 0.116489 0.14723 0.177224 0.558957
0.152221 0.0202002 0.0413866 0.541803 0.24439
0.210354 0.0560218 0.045469 0.3336 0.354555
0.226458 0.0582953 0.0623853 0.1088 0.544061
0.502591 0.0647274 0.042653 0.111452 0.278577
0.15663 9.9991E-05 0.0799415 0.109761 0.653568
0.0155421 9.9991E-05 0.211944 0.104561 0.667854
0.385619 9.9991E-05 0.0453016 0.112094 0.456886
0.144266 0.104384 0.100539 0.0938713 0.55694
0.296194 0.0161433 0.072937 9.9991E-05 0.614626
0.693715 9.9982E-05 9.9982E-05 0.122278 0.183807
0.669294 9.9982E-05 0.0254461 9.9982E-05 0.305059
0.286288 0.00880312 0.0241859 0.0879842 0.592738
0.635719 9.9991E-05 0.00964318 0.116598 0.23794
0.33285 9.9991E-05 0.0343148 0.131643 0.501092
0.196834 0.0332254 9.9991E-05 0.59428 0.175561
0.343201 0.012825 9.9991E-05 0.339087 0.304787
0.0776177 0.051903 0.034335 0.367625 0.468519
0.0704313 0.187018 9.9991E-05 0.189489 0.552962
0.151936 9.9982E-05 9.9982E-05 0.494672 0.353191
0.153201 0.135931 0.128406 0.137933 0.444529
0.0893797 0.0913985 0.0840604 0.127257 0.607905
0.104183 0.0692158 0.0222514 0.31059 0.493759
0.0233397 0.145082 9.9991E-05 0.30264 0.528839
0.0924032 0.0497483 0.0435635 0.31055 0.503735
0.0808257 0.0863356 9.9991E-05 0.561919 0.27082
0.101309 0.118994 9.9991E-05 0.526177 0.25342
0.0285408 0.150017 9.9991E-05 0.248418 0.572924
0.0172767 0.0269371 0.136099 0.169199 0.650488
0.127253 0.0566098 0.0929911 0.222107 0.501039
0.0790212 0.0700749 9.9991E-05 0.300239 0.550565
0.0730844 0.0926451 0.0413103 0.444254 0.348707
0.140775 9.9991E-05 0.000268085 0.192883 0.665974
0.0992511 0.116917 0.0598245 0.284103 0.439905
0.0426288 0.102783 0.128482 0.166562 0.559545
9.9991E-05 0.169326 0.33969 0.0343839 0.456501
0.124726 0.290204 0.153897 9.9991E-05 0.431074
0.0834 0.133813 0.173924 9.9991E-05 0.608762
0.128412 0.154012 0.0559255 0.0837464 0.577904
0.0492961 0.26445 0.173018 0.0179989 0.495237
0.198731 0.037496 9.9991E-05 0.205893 0.55778
0.0392242 0.109864 0.206641 0.0320502 0.61222
0.526609 0.161264 0.308001 9.9991E-05 0.00402579
0.0635352 0.161226 0.160645 0.0832848 0.531309
0.0545331 0.214716 0.100538 0.0795189 0.550694
0.0555403 0.218216 0.166348 0.0773508 0.482545
0.214386 0.181608 0.196267 0.128307 0.279433
0.10712 0.157319 0.175664 9.9991E-05 0.559797
0.045769 0.061416 0.205648 9.9991E-05 0.687067
0.307036 0.200277 0.492487 9.9982E-05 9.9982E-05
0.0487168 0.236165 0.2195 0.00962214 0.485996
9.9982E-05 0.242346 0.211104 9.9982E-05 0.54635
0.146673 0.141837 0.114129 0.0191523 0.578208
9.9982E-05 0.184038 0.242701 9.9982E-05 0.573061
0.0720818 0.185526 0.184107 0.0268639 0.531422
0.273717 0.0825601 0.0686728 9.9991E-05 0.57495
0.122735 0.108712 0.113895 0.187634 0.467024
0.765532 9.9982E-05 9.9982E-05 0.155732 0.078536
0.782886 9.9982E-05 9.9982E-05 0.126716 0.0901981
0.176251 0.144722 0.0588583 0.136709 0.483459
0.198133 0.324162 0.0811777 9.9991E-05 0.396427
0.140379 0.356777 0.150333 9.9991E-05 0.352411
0.264107 0.3909 0.191061 0.0314032 0.122528
0.153279 0.290981 0.199872 0.0213533 0.334515
0.662233 0.172519 0.0935316 9.9991E-05 0.0716163
0.4876 0.10456 0.163315 9.9991E-05 0.244425
0.2053 0.192106 9.9982E-05 9.9982E-05 0.602394
0.284998 0.132285 0.0649959 9.9991E-05 0.517621
0.539162 0.192002 0.0479141 9.9991E-05 0.220822
0.201134 0.0937205 0.0774578 0.0696474 0.55804
0.246125 0.148227 0.0241414 9.9991E-05 0.581407
0.222423 0.240447 0.000253946 0.088898 0.447978
0.374049 9.9991E-05 0.0203786 0.163703 0.441769
0.496232 0.0694734 0.0142744 0.0683816 0.351638
0.189689 0.0186749 0.0836246 0.128603 0.579408
0.362546 0.0895 0.0601531 0.108758 0.379043
0.275464 0.177306 0.0480034 0.052878 0.446348
0.424649 9.9991E-05 0.0396289 0.0383055 0.497316
0.538033 9.9982E-05 9.9982E-05 0.151879 0.309888
0.283587 0.0262951 0.0363503 9.9991E-05 0.653668
0.563568 0.00648477 9.9991E-05 0.0910099 0.338837
0.421334 0.00850745 9.9991E-05 0.0512669 0.518792
0.193334 0.0563999 0.0613721 0.016091 0.672803
0.312707 0.0696947 0.0048965 0.141529 0.471172
0.143948 0.198708 0.171901 0.0192815 0.466162
0.142277 0.0969921 0.228955 0.0466533 0.485122
0.155666 0.255862 0.249095 0.000880643 0.338496
0.14145 0.250051 0.130006 0.176688 0.301805
0.00399113 0.196552 0.186011 0.110582 0.502864
0.10202 0.224623 0.133766 0.0468019 0.492789
0.586134 0.185937 0.221549 0.00628052 9.9991E-05
0.0346299 0.258565 0.0938549 0.0271403 0.58581
0.404849 0.173611 0.42134 9.9982E-05 9.9982E-05
0.186505 0.168212 0.088077 9.9991E-05 0.557106
0.783683 9.9973E-05 9.9973E-05 9.9973E-05 0.216017
0.909014 0.033473 0.00724415 0.0118965 0.0383726
0.393506 0.0606804 9.9991E-05 0.0426104 0.503103
0.174153 0.0627718 0.0659225 0.00138188 0.695771
0.428697 9.9982E-05 9.9982E-05 0.0434572 0.527646
0.324579 9.9982E-05 0.00605285 9.9982E-05 0.669169
0.317225 0.0436246 9.9991E-05 0.019563 0.619487
0.0593854 0.098611 0.796349 9.9991E-05 0.0455542
0.060425 0.112966 0.722172 0.104337 9.9991E-05
9.9982E-05 0.0507295 0.882751 0.0663199 9.9982E-05
9.9973E-05 9.9973E-05 0.934647 9.9973E-05 0.0650531
0.188545 0.0115014 0.138108 0.0785269 0.583318
0.191736 0.0173841 0.0721832 0.105601 0.613096
0.28192 0.00575196 9.9991E-05 0.0461272 0.666101
0.14975 9.9991E-05 0.111491 0.0988233 0.639835
0.210788 0.0511813 0.0991701 0.0415671 0.597294
0.430251 9.9991E-05 0.017098 0.147013 0.405538
0.18726 0.015997 9.9991E-05 0.0399686 0.756674
0.52112 9.99732E-05 9.99732E-05 9.99732E-05 0.47858
9.9991E-05 0.176912 0.330658 0.000928942 0.491401
0.322128 0.0800399 9.9991E-05 0.110455 0.487277
0.340962 0.001105 9.9991E-05 0.120356 0.537477
0.0921974 9.9982E-05 9.9982E-05 0.102331 0.805272
0.355512 9.9982E-05 9.9982E-05 0.115323 0.528965
0.247875 9.9991E-05 0.0243479 0.0268162 0.700861
0.159061 0.00615926 0.0808312 0.0234464 0.730502
0.684232 9.9973E-05 9.9973E-05 9.9973E-05 0.315468
0.484837 9.9991E-05 0.0161069 0.0166195 0.482336
0.42855 9.9982E-05 9.9982E-05 0.0657662 0.505484
0.956876 9.9973E-05 9.9973E-05 9.9973E-05 0.0428243
0.218586 0.00547782 0.028773 0.20154 0.545623
0.69241 9.9982E-05 9.9982E-05 0.0310465 0.276343
0.886968 9.9982E-05 0.0036972 9.9982E-05 0.109135
0.21046 9.9991E-05 0.0443825 0.0504603 0.694597
0.412221 9.9991E-05 0.0401998 0.145354 0.402125
0.246326 0.0175004 0.0631077 0.120956 0.55211
0.0849993 0.0593347 0.13761 0.0639358 0.654121
0.264069 0.0113289 0.00198289 0.125939 0.596681
0.218648 0.081032 9.9991E-05 0.317602 0.382618
0.128058 0.0226113 0.0562408 0.105185 0.687905
0.277135 0.00477411 0.0339766 0.0700145 0.6141
0.434363 9.9982E-05 9.9982E-05 0.0440844 0.521353
0.148597 9.9991E-05 0.14432 0.0202313 0.686752
0.0181005 9.9982E-05 0.682339 0.299361 9.9982E-05
0.0428171 9.9991E-05 0.749655 0.134223 0.0732049
0.0445894 9.9982E-05 0.808029 0.147182 9.9982E-05
0.0269023 9.9982E-05 0.81388 0.159018 9.9982E-05
9.9982E-05 9.9982E-05 0.755486 0.228459 0.0158553
0.357828 9.9991E-05 0.0297329 0.255483 0.356856
0.493243 9.9991E-05 0.00861082 0.208832 0.289214
0.672801 9.9973E-05 9.9973E-05 9.9973E-05 0.326899
0.12394 0.113751 0.135928 0.0600975 0.566285
0.0769792 0.170767 0.0395865 0.133535 0.579133
0.471776 9.9982E-05 0.0351015 9.9982E-05 0.492923
0.217096 0.0665041 0.00653601 0.00404269 0.705821
0.386574 9.9982E-05 0.0745495 9.9982E-05 0.538677
0.15017 9.9991E-05 0.0618258 0.0535334 0.734371
0.157472 0.0412697 0.0658731 0.00491374 0.730471
0.365499 9.9982E-05 9.9982E-05 0.140634 0.493667
0.306322 9.9982E-05 9.9982E-05 0.165848 0.52763
0.263029 9.9991E-05 0.00517924 0.209861 0.521831
0.183046 0.0714046 0.118401 0.0232429 0.603905
0.250014 9.9991E-05 0.0140923 0.180542 0.555252
0.210254 9.9991E-05 0.0493409 0.095933 0.644372
9.9982E-05 0.390974 0.114136 9.9982E-05 0.49469
0.056763 0.506046 0.0875704 9.9991E-05 0.34952
0.0541473 0.426089 0.12771 9.9991E-05 0.391954
0.0831057 0.552177 0.142759 9.9991E-05 0.221858
9.9991E-05 0.297322 0.153266 0.0298947 0.519418
0.364874 0.024389 0.0251801 0.0138438 0.571713
0.0272381 0.681289 0.254605 9.9991E-05 0.036768
0.0466817 0.512765 0.144231 9.9991E-05 0.296222
0.263655 0.202611 0.125945 0.0121073 0.395682
0.164498 0.0107339 0.186624 0.0352961 0.602849
0.289914 0.0920893 0.143092 0.0564631 0.418441
0.158081 0.0269075 0.181467 9.9991E-05 0.633444
0.150932 0.0774262 0.125049 0.00838807 0.638205
9.9982E-05 0.468182 0.187487 9.9982E-05 0.344131
9.9991E-05 0.367226 0.212245 0.0412023 0.379226
9.9982E-05 0.509253 0.0880234 9.9982E-05 0.402523
0.0352064 0.292042 0.0651677 0.0344528 0.573131
9.9991E-05 0.615568 0.132445 0.0142325 0.237654
0.0407797 0.375832 0.198567 9.9991E-05 0.384721
9.9982E-05 0.624424 0.154095 9.9982E-05 0.221281
0.00362819 0.320693 0.165381 0.082215 0.428083
0.214034 9.9982E-05 0.141283 9.9982E-05 0.644482
0.118266 0.354928 0.14189 9.9991E-05 0.384817
0.00480316 0.639083 0.171558 9.9991E-05 0.184456
0.0523933 0.370419 0.0945713 0.0409939 0.441622
0.372119 9.9991E-05 0.202638 0.156626 0.268517
0.153117 0.111631 0.0274034 0.0875532 0.620295
0.0379199 0.264312 0.20561 0.116304 0.375854
0.0576871 0.00161845 0.193329 0.0901435 0.657222
0.117665 0.00694438 0.218263 0.0796993 0.577429
0.0589478 0.289588 0.119145 0.138222 0.394097
0.0769268 0.274173 0.278056 0.00167872 0.369166
0.190758 0.161827 0.136994 0.0161138 0.494307
0.0729384 0.369381 0.172274 0.00615986 0.379246
0.0160889 0.474067 0.122974 9.9991E-05 0.38677
0.00155288 0.58817 0.18618 9.9991E-05 0.223997
0.258696 0.0507473 0.101447 0.00937835 0.579732
0.166083 9.9991E-05 0.180953 0.107788 0.545076
0.544161 0.0982136 0.174383 9.9991E-05 0.183143
0.106465 0.126581 0.150863 9.9991E-05 0.615991
0.177903 0.0181188 0.113327 0.219131 0.471521
0.0925359 0.082309 0.245911 9.9991E-05 0.579144
0.0943961 0.133491 0.0863888 0.203111 0.482613
0.483101 0.225712 0.290986 9.9982E-05 9.9982E-05
0.484222 0.170839 0.344739 9.9982E-05 9.9982E-05
0.326328 0.173987 0.14539 0.118743 0.235551
0.345529 0.321129 0.319192 0.0140499 9.9991E-05
0.288712 0.289219 0.421869 9.9982E-05 9.9982E-05
0.346201 0.153659 0.138471 9.9991E-05 0.361569
0.168024 0.0978209 0.260098 0.00025365 0.473803
0.249592 0.222366 0.299792 0.0158295 0.21242
0.435734 0.198585 0.339562 9.9991E-05 0.0260187
0.180794 0.13081 0.157543 0.0508555 0.479997
0.464368 0.22527 0.211268 9.9991E-05 0.0989946
0.436682 0.101056 0.462062 9.9982E-05 9.9982E-05
0.0111905 0.31262 0.119538 0.126344 0.430308
0.180138 0.273072 0.210604 0.0137546 0.322431
0.0119723 0.191153 0.274243 0.0339088 0.488722
9.9991E-05 0.294717 0.195164 0.0212527 0.488767
0.0323537 0.128055 0.182657 0.0429673 0.613967
9.9982E-05 0.284197 0.193875 9.9982E-05 0.521728
9.9982E-05 0.258411 0.399798 9.9982E-05 0.341591
0.0186588 0.199322 0.186678 0.0753894 0.519952
9.9982E-05 0.310473 0.272825 9.9982E-05 0.416502
0.1252 0.227559 0.297222 0.013389 0.33663
0.208912 0.145892 0.165689 0.150179 0.329327
0.0376222 0.195189 0.186749 0.0938049 0.486635
0.0219933 0.159089 0.230431 9.9991E-05 0.588387
0.137332 0.104195 0.114384 0.0204146 0.623674
0.012776 0.233628 0.356321 0.0401544 0.35712
0.0306066 0.239718 0.184684 0.0103055 0.534686
0.213026 0.215023 0.431923 9.9991E-05 0.139929
9.9991E-05 0.301606 0.150556 0.116385 0.431353
0.175019 0.377834 0.306714 9.9991E-05 0.140334
0.054117 0.0194796 0.792542 0.117681 0.0161805
9.9991E-05 0.048828 0.0808634 0.772836 0.0973729
9.997E-05 9.997E-05 9.997E-05 0.9996 9.997E-05
9.9973E-05 9.9973E-05 0.0068832 0.992817 9.9973E-05
9.9973E-05 9.9973E-05 9.9973E-05 0.966036 0.033664
9.9982E-05 0.0254776 9.9982E-05 0.912784 0.0615387
9.9973E-05 9.9973E-05 9.9973E-05 0.94217 0.0575301
9.9973E-05 9.9973E-05 0.071917 0.927783 9.9973E-05
9.9973E-05 9.9973E-05 0.206596 0.793104 9.9973E-05
0.0343706 0.0249327 0.921853 9.9991E-05 0.0187435
9.9982E-05 9.9982E-05 0.8381 0.0997522 0.0619476
0.0524635 0.0617478 0.884294 9.9991E-05 0.00139424
0.000723287 9.9991E-05 0.827088 0.0922232 0.0798652
9.9982E-05 0.047592 0.897833 0.0543746 9.9982E-05
9.9973E-05 9.9973E-05 0.926358 0.0733424 9.9973E-05
9.9991E-05 0.154182 0.754125 0.0432261 0.0483668
9.9991E-05 0.0870686 0.835862 0.0338928 0.0430767
9.9991E-05 0.0849749 0.692556 0.182613 0.039756
0.0134538 0.0632723 0.923074 9.9982E-05 9.9982E-05
0.0135727 9.9982E-05 0.967745 0.0184826 9.9982E-05
0.0384089 0.0747984 0.818287 0.0517991 0.0167069
9.9973E-05 9.9973E-05 0.933527 0.0661728 9.9973E-05
9.9991E-05 0.0352914 0.887157 0.00440254 0.0730496
9.9991E-05 0.0488195 0.861019 0.0333333 0.0567285
9.9982E-05 0.0181322 0.871429 9.9982E-05 0.110239
9.9982E-05 0.128016 0.788834 9.9982E-05 0.0829501
9.9982E-05 0.111229 0.763741 9.9982E-05 0.12483
9.9982E-05 0.0721124 0.815882 9.9982E-05 0.111806
0.268709 0.00930885 0.18221 0.0891505 0.450622
0.0891164 9.9991E-05 0.124424 0.0594708 0.726889
0.0561553 0.0849451 0.139359 0.0758319 0.643708
0.729437 0.0127919 0.100268 9.9991E-05 0.157403
0.157037 0.00831511 0.130619 0.104632 0.599397
0.689839 0.0842796 0.173214 9.9991E-05 0.0525676
0.111258 0.0726741 0.16228 0.0378864 0.615902
0.268184 9.9991E-05 0.119774 0.118005 0.493936
0.279887 9.9991E-05 0.0989522 0.0482647 0.572796
0.26576 0.0277343 0.023575 0.0520012 0.630929
0.226381 9.9991E-05 0.10934 0.0878904 0.576288
0.105709 0.0338239 0.191314 9.9991E-05 0.669054
0.103184 9.9991E-05 0.159878 0.113455 0.623383
0.393028 0.0503249 9.9991E-05 0.503033 0.0535142
0.838308 9.9982E-05 0.0766316 0.0848609 9.9982E-05
0.585685 0.0172579 0.149783 0.0180815 0.229192
0.105162 0.0385414 0.151596 0.0392449 0.665456
0.190881 0.00421605 0.156566 0.0396475 0.608689
0.278466 9.9991E-05 0.184583 0.0017563 0.535094
0.113873 0.0220662 0.0981024 9.9991E-05 0.765859
0.068288 0.226639 0.185729 0.000163206 0.519181
9.9991E-05 0.215801 0.151327 0.0680617 0.56471
0.133381 0.204195 0.386043 0.146763 0.129618
0.0826338 0.0235467 0.162614 0.0783611 0.652845
0.0654783 0.153752 0.253486 0.0695498 0.457734
0.350484 0.209184 0.440132 9.9982E-05 9.9982E-05
0.170186 0.171621 0.338158 9.9991E-05 0.319935
0.0734885 0.177533 0.365333 0.0691849 0.314461
9.9991E-05 0.0731478 0.355936 0.0923554 0.478461
0.0243831 0.215621 0.166182 0.111586 0.482228
9.9982E-05 0.158853 0.232384 9.9982E-05 0.608563
9.9991E-05 0.209991 0.174694 0.0211896 0.594026
0.221905 0.200654 0.226148 9.9991E-05 0.351193
9.9991E-05 0.165398 0.481323 0.0560747 0.297104
