0.883908 0.00201623 0.0210771 0.0686587 0.0144547 9.9982E-05 0.00968502 9.9982E-05
0.915071 9.9955E-05 9.9955E-05 9.9955E-05 0.00833857 9.9955E-05 0.0760902 9.9955E-05
0.799891 9.9973E-05 0.0170067 0.0120204 0.0475349 9.9973E-05 9.9973E-05 0.123248
0.773984 9.9973E-05 0.0864299 0.0559372 0.0824232 9.9973E-05 0.000925783 9.9973E-05
0.803701 9.9973E-05 0.0479112 0.0411216 9.9973E-05 9.9973E-05 0.0596093 0.0473571
0.584254 0.156505 0.0951823 0.0561646 9.9982E-05 0.0850587 0.0226356 9.9982E-05
0.796028 9.9973E-05 0.00439646 0.0728902 9.9973E-05 0.100786 0.0255997 9.9973E-05
0.697624 9.9973E-05 0.0422643 0.100113 9.9973E-05 0.0818647 0.0778336 9.9973E-05
0.801078 0.0451327 9.99729E-05 0.0801278 0.00183361 0.0715278 9.99729E-05 9.99729E-05
0.658248 9.9982E-05 0.0688517 0.0962631 9.9982E-05 0.0432825 0.073122 0.0600326
0.7161 0.00293051 9.9982E-05 0.101265 9.9982E-05 0.0615264 0.0715748 0.0464028
9.9964E-05 0.0295938 0.0461298 9.9964E-05 0.760263 9.9964E-05 9.9964E-05 0.163614
9.9982E-05 0.00998844 0.008798 0.0500239 0.45547 0.00113444 9.9982E-05 0.474385
0.0307902 9.9973E-05 0.0862551 9.9973E-05 0.686336 9.9973E-05 0.0719163 0.124402
0.0586055 9.9973E-05 0.114792 9.9973E-05 0.633711 9.9973E-05 0.00645309 0.186139
0.0959348 0.0820367 0.164658 9.9982E-05 0.319869 0.0183547 9.9982E-05 0.318947
0.0683826 9.9964E-05 0.105759 9.9964E-05 0.357505 9.9964E-05 9.9964E-05 0.467953
9.9982E-05 0.144476 0.0837417 0.0895783 0.310996 0.0167842 9.9982E-05 0.354224
0.130969 0.0691574 0.0870714 9.9973E-05 0.521678 9.9973E-05 9.9973E-05 0.190824
0.071486 9.9964E-05 9.9964E-05 0.0811621 0.80493 0.0420215 9.9964E-05 9.9964E-05
0.0076899 0.161605 0.0997658 9.9991E-05 0.384405 0.0285028 0.0229715 0.29496
9.999E-05 0.0967985 0.0298736 0.027275 0.354236 0.105765 0.00870079 0.377251
0.00590926 0.111314 0.0659876 0.0893563 0.189337 9.9991E-05 0.072428 0.465568
9.9973E-05 0.0282875 0.11323 9.9973E-05 0.598494 0.038279 9.9973E-05 0.22141
0.0607884 0.00952418 0.113082 9.9982E-05 0.240396 0.0758099 9.9982E-05 0.5002
9.9964E-05 9.9964E-05 0.0869961 9.9964E-05 0.410004 0.0173968 9.9964E-05 0.485203
0.0341823 9.9964E-05 0.0743178 9.9964E-05 0.766135 9.9964E-05 9.9964E-05 0.124965
9.99644E-05 0.0196948 0.196967 9.99644E-05 0.735309 9.99644E-05 9.99644E-05 0.0476294
9.9982E-05 0.0136633 0.0263786 9.9982E-05 0.76919 0.0285242 0.0655711 0.0964727
0.829114 9.9964E-05 0.0611285 9.9964E-05 0.00863013 9.9964E-05 9.9964E-05 0.100728
0.835318 9.9946E-05 9.9946E-05 9.9946E-05 9.9946E-05 9.9946E-05 9.9946E-05 0.164083
0.762678 9.9964E-05 0.0215532 9.9964E-05 0.060818 9.9964E-05 9.9964E-05 0.154551
0.696246 0.0496845 0.114291 9.9964E-05 9.9964E-05 9.9964E-05 9.9964E-05 0.139379
0.00365455 0.269002 0.000767261 9.9991E-05 0.16773 0.00977202 0.0246195 0.524354
0.0430494 0.268477 0.113433 0.0806939 0.044353 9.9991E-05 0.0880821 0.361812
0.0205842 0.400262 9.9955E-05 9.9955E-05 9.9955E-05 9.9955E-05 9.9955E-05 0.578654
0.110009 0.0296706 0.0115739 0.0929097 0.677959 9.9982E-05 9.9982E-05 0.0776769
0.00435104 0.54197 0.0306796 9.9991E-05 0.0112432 0.0308472 0.0744234 0.306385
0.0349809 0.358547 0.0647018 9.9982E-05 0.036905 9.9982E-05 0.0886059 0.416059
9.9973E-05 0.214967 0.0623076 0.0170338 9.9973E-05 0.0570076 9.9973E-05 0.648384
0.0490429 0.0832398 9.9973E-05 0.0666436 9.9973E-05 0.168576 9.9973E-05 0.632197
0.0151714 0.0751654 9.9991E-05 0.104936 0.0809685 0.0815463 0.0206286 0.621483
0.0216915 0.639546 0.0636666 0.022653 0.225901 9.9982E-05 9.9982E-05 0.0263415
9.999E-05 0.0400104 0.056376 0.0108808 0.0677582 0.193642 0.0589689 0.572264
0.0726363 0.176969 0.048367 0.000596134 0.0100033 0.0314976 0.128323 0.531607
0.176381 0.0919892 0.0699037 0.108893 9.9973E-05 9.9973E-05 9.9973E-05 0.552533
9.9946E-05 0.663872 9.9946E-05 9.9946E-05 9.9946E-05 9.9946E-05 9.9946E-05 0.335528
9.9964E-05 0.26735 0.0238962 0.0729849 9.9964E-05 9.9964E-05 9.9964E-05 0.63537
0.121743 0.17253 9.9982E-05 0.0678994 9.9982E-05 0.0422598 0.0251195 0.570248
0.070419 0.742172 9.9955E-05 9.9955E-05 9.9955E-05 0.186909 9.9955E-05 9.9955E-05
9.9982E-05 0.242005 9.9982E-05 0.147261 0.40051 0.0582237 0.0182887 0.133512
9.9982E-05 0.168375 0.0205654 0.0408983 0.381263 0.262921 0.125777 9.9982E-05
9.9982E-05 0.0961313 0.112495 0.0632951 0.20153 0.00974167 9.9982E-05 0.516607
0.0317603 0.0758959 0.0435776 9.9991E-05 0.159673 0.053679 0.0673261 0.567988
0.0202705 9.9982E-05 0.0818091 0.0308059 0.228716 9.9982E-05 0.0573288 0.58087
0.104084 0.277411 0.00190522 0.115223 0.298035 0.010957 0.0588804 0.133505
0.0433104 0.0181743 9.9991E-05 0.0816611 0.274682 0.0249313 0.0713666 0.485775
0.0284778 0.0938846 0.134629 0.0425296 0.0895252 0.122857 0.00371458 0.484382
0.105259 0.18206 9.9991E-05 0.0227608 0.27527 0.0616935 0.009146 0.343711
0.161973 0.132145 0.0112134 0.0405763 0.391658 0.172414 9.9991E-05 0.0899204
0.0248326 0.0705115 0.0337294 0.0880589 0.0803065 0.0601535 0.081291 0.561117
0.0570687 9.9991E-05 0.00693894 0.025942 0.361113 0.0496907 0.103355 0.395791
0.0452302 0.0949561 9.9973E-05 0.0297382 0.719039 0.110737 9.9973E-05 9.9973E-05
9.9991E-05 0.0236029 0.0047515 0.0143387 0.393036 0.00221921 0.0676278 0.494324
0.0419525 0.0590022 0.0102184 9.9991E-05 0.109389 0.031751 0.154963 0.592624
0.105689 9.9964E-05 0.0177093 9.9964E-05 0.293125 9.9964E-05 9.9964E-05 0.583077
0.0358412 0.178195 0.0690586 9.9991E-05 0.391081 0.0777326 0.0879887 0.160003
0.00829553 0.181768 0.0351966 0.0470798 0.307051 0.0266993 9.9991E-05 0.393809
9.9982E-05 0.10339 0.101771 0.0839084 0.0781881 9.9982E-05 0.0783739 0.554168
0.00249572 0.0362935 9.9982E-05 9.9982E-05 0.555922 0.0890302 0.105311 0.210748
9.9973E-05 0.42601 9.9973E-05 0.0441351 0.0165043 9.9973E-05 0.038782 0.474269
9.9964E-05 0.674228 9.9964E-05 0.000753778 0.166071 9.9964E-05 9.9964E-05 0.158547
0.0429412 0.225479 0.080561 0.0346498 0.0823923 0.0722635 9.9991E-05 0.461613
9.9964E-05 0.867106 0.00212993 9.9964E-05 9.9964E-05 0.0807497 0.0496143 9.9964E-05
9.9973E-05 0.793439 9.9973E-05 0.00490187 0.0351684 0.0621583 0.104033 9.9973E-05
9.9955E-05 0.70084 9.9955E-05 9.9955E-05 0.00627112 9.9955E-05 9.9955E-05 0.292389
0.0328358 0.5088 9.9964E-05 0.0264853 9.9964E-05 9.9964E-05 9.9964E-05 0.431479
0.104346 0.0998364 0.0169684 9.9973E-05 0.142282 9.9973E-05 9.9973E-05 0.636267
0.0272637 0.431856 0.029458 0.00876918 0.111401 0.0233332 9.9991E-05 0.367819
0.0214972 0.6725 0.0549456 0.128749 0.000773118 9.9982E-05 9.9982E-05 0.121336
9.9973E-05 0.494883 0.0214009 0.242996 0.0199056 9.9973E-05 9.9973E-05 0.220515
0.0386389 0.173864 0.106452 0.098027 9.9982E-05 9.9982E-05 0.121882 0.460937
0.0525663 0.678664 0.00173063 9.9982E-05 0.037357 9.9982E-05 0.0128419 0.21664
0.0455255 0.522059 9.9964E-05 0.0330817 9.9964E-05 9.9964E-05 9.9964E-05 0.398933
0.000523431 0.65949 9.9964E-05 9.9964E-05 9.9964E-05 9.9964E-05 0.0181875 0.3214
0.0154725 0.71042 9.9964E-05 9.9964E-05 9.9964E-05 0.192971 0.0807367 9.9964E-05
9.9973E-05 0.243695 0.0689104 0.0681962 9.9973E-05 0.0401312 9.9973E-05 0.578767
0.797877 9.9973E-05 0.0471173 0.0102864 0.0607621 9.9973E-05 9.9973E-05 0.0836574
0.908229 9.9946E-05 9.9946E-05 9.9946E-05 9.9946E-05 9.9946E-05 9.9946E-05 0.0911717
0.83245 9.9955E-05 0.0368397 9.9955E-05 9.9955E-05 9.9955E-05 9.9955E-05 0.13021
0.871532 9.9955E-05 9.9955E-05 9.9955E-05 9.9955E-05 0.0568237 9.9955E-05 0.0711449
0.863194 0.0334104 9.9964E-05 0.00146713 9.9964E-05 9.9964E-05 9.9964E-05 0.101528
0.871627 9.9955E-05 9.9955E-05 9.9955E-05 9.9955E-05 0.0489024 9.9955E-05 0.0789713
0.910689 0.0379727 9.99551E-05 9.99551E-05 9.99551E-05 9.99551E-05 9.99551E-05 0.0508386
0.0804411 0.288473 0.0218103 0.0345212 0.0297636 9.9991E-05 0.0116906 0.5332
0.116336 0.238528 0.134014 9.9973E-05 0.0669082 9.9973E-05 9.9973E-05 0.443914
0.0187837 0.883224 9.9955E-05 9.9955E-05 0.0974921 9.9955E-05 9.9955E-05 9.9955E-05
0.0649119 0.185995 0.115632 0.0698427 0.0663222 0.00279609 0.0287121 0.465787
0.0138115 0.293697 9.9973E-05 0.0417289 0.189954 9.9973E-05 9.9973E-05 0.460508
0.0734183 0.332087 9.9973E-05 9.9973E-05 0.000863288 9.9973E-05 0.00224754 0.591084
0.00507706 0.313785 9.9973E-05 9.9973E-05 0.0421701 9.9973E-05 0.0574196 0.581248
0.0115573 0.504862 0.0147284 9.9973E-05 9.9973E-05 9.9973E-05 0.0297584 0.438794
0.0541799 0.784248 9.9964E-05 0.0726718 0.0885007 9.9964E-05 9.9964E-05 9.9964E-05
0.103821 0.141801 0.0612169 0.103696 9.9991E-05 0.0181749 0.10969 0.461501
0.0624244 0.121326 0.0420461 0.0120142 0.114047 0.0806158 0.0277385 0.539788
0.0674789 0.238681 0.131951 0.112034 9.9973E-05 9.9973E-05 9.9973E-05 0.449556
9.9964E-05 0.592252 0.074419 9.9964E-05 9.9964E-05 0.0965 9.9964E-05 0.236429
9.9964E-05 0.40887 9.9964E-05 9.9964E-05 9.9964E-05 0.0296902 0.0204346 0.540605
9.9982E-05 0.372278 0.0448968 0.0387741 0.0826448 0.0220527 9.9982E-05 0.439153
9.9964E-05 0.665656 0.137941 9.9964E-05 9.9964E-05 9.9964E-05 0.00671262 0.189291
0.0599914 0.472118 9.9964E-05 0.0825967 9.9964E-05 9.9964E-05 9.9964E-05 0.384894
0.0978292 0.225002 0.120467 0.0768005 0.0630082 9.9982E-05 9.9982E-05 0.416693
9.9991E-05 0.0637216 0.0415163 0.0405475 0.514854 0.113245 0.0492836 0.176732
0.00507516 9.9982E-05 0.0885294 0.160152 0.322636 0.119912 9.9982E-05 0.303495
0.168239 0.00242089 0.0315227 0.109891 0.19022 9.9991E-05 0.0327691 0.464837
0.0240715 0.110904 0.0255024 0.0776649 9.9991E-05 0.0687676 0.0673899 0.6256
0.0529342 9.9973E-05 9.9973E-05 0.00922275 0.424844 9.9973E-05 0.0730437 0.439656
9.9982E-05 0.0722514 0.00407966 0.063078 0.290798 9.9982E-05 0.0539575 0.515636
0.00605708 0.0190176 9.9982E-05 0.177724 0.325726 9.9982E-05 0.0815297 0.389746
0.0626673 0.0236315 9.9991E-05 0.117812 0.123228 0.0220754 0.112153 0.538333
9.9991E-05 0.0375039 0.0607584 0.105481 0.105792 0.0620624 0.0290222 0.59928
0.00368034 0.0311149 0.0164609 9.9991E-05 0.288132 0.0464138 0.0809858 0.533112
0.0202545 0.00608501 9.9973E-05 0.147089 0.353132 9.9973E-05 9.9973E-05 0.473139
9.9982E-05 0.036525 0.0126342 0.198319 9.9982E-05 0.0893228 0.0328006 0.630198
0.0688705 0.074134 9.9991E-05 0.012474 0.143777 0.0243432 0.0844262 0.591875
9.9982E-05 0.0447848 0.0323007 0.00753452 0.340777 9.9982E-05 0.0258841 0.548519
9.9973E-05 9.9973E-05 9.9973E-05 0.0674377 0.0951482 0.122939 0.17457 0.539605
0.0404733 9.9991E-05 0.054594 0.14316 0.109753 0.0283256 0.0934603 0.530134
0.0445054 9.9991E-05 0.0164868 0.0866149 0.356271 0.101271 0.0365491 0.358202
0.01739 0.0602642 9.9982E-05 0.0611178 0.23417 0.0267185 9.9982E-05 0.600139
9.9973E-05 9.9973E-05 9.9973E-05 0.0924051 0.096475 0.0383329 0.121095 0.651392
0.00207658 0.163013 0.0839737 0.148407 0.409421 9.9991E-05 0.0300132 0.162995
0.0176585 0.00938024 0.0481185 0.0668443 0.376845 0.182251 0.188431 0.110471
9.9973E-05 9.9973E-05 9.9973E-05 0.224964 0.0980733 0.0073793 0.108317 0.560966
9.9991E-05 0.182394 0.0711158 0.196411 0.189375 0.0866061 0.232638 0.0413588
0.0511571 0.119198 9.9982E-05 0.0319014 0.52286 9.9982E-05 0.0600791 0.214605
0.00252996 0.0636844 9.9991E-05 0.0825914 0.381571 0.0279479 0.0478211 0.393754
0.0288028 0.131974 9.9982E-05 0.140006 0.415881 9.9982E-05 0.0272197 0.255916
9.9964E-05 0.0448227 9.9964E-05 0.119557 0.56291 9.9964E-05 9.9964E-05 0.272311
0.0731683 0.0594229 9.9991E-05 0.0996857 0.0990918 0.00762609 0.0325521 0.628353
0.0962623 0.0804961 0.0727214 9.9991E-05 0.159207 0.0211654 0.0530299 0.517018
0.0234038 0.0467101 0.0108384 0.0452385 0.266294 9.9982E-05 9.9982E-05 0.607315
9.9991E-05 0.103472 0.0621732 0.0668786 0.394975 0.17593 0.117364 0.0791082
0.211467 0.228586 0.0288283 0.0730356 9.9982E-05 0.0130253 9.9982E-05 0.444858
0.00759946 0.229685 0.0667039 0.00428131 0.0965166 0.144958 9.9991E-05 0.450156
0.070992 0.12295 9.9982E-05 0.0563167 0.141851 0.476243 0.131446 9.9982E-05
0.0844819 0.120052 9.9973E-05 9.9973E-05 9.9973E-05 0.0853844 0.0829964 0.626785
0.0850156 0.233222 0.0579605 0.0579076 0.0196491 0.240391 0.0390888 0.266765
0.114037 0.130653 0.0593061 0.00776992 0.128447 0.0550146 9.9991E-05 0.504672
0.0583666 0.0948804 9.9982E-05 0.0516996 0.0634421 0.476161 9.9982E-05 0.25525
0.0135665 0.158898 9.9991E-05 0.0617014 0.113368 0.405291 0.0945927 0.152482
0.0155293 0.0364481 9.9991E-05 0.141711 0.0528057 0.181681 0.135149 0.436575
0.0603783 9.9982E-05 9.9982E-05 0.0384498 0.196999 0.127713 0.0513481 0.524912
0.165493 0.137757 0.0724751 0.0631842 0.120355 0.086444 0.0224737 0.331818
0.0134588 0.169977 0.162926 9.9982E-05 0.225753 0.358958 0.0687263 9.9982E-05
0.0818022 0.0845813 0.0178743 0.0620353 0.0313245 0.098448 0.0349755 0.588959
9.9964E-05 0.26725 9.9964E-05 9.9964E-05 0.138935 0.274359 9.9964E-05 0.319056
9.9982E-05 0.179783 9.9982E-05 0.0375223 0.0822557 0.188259 0.0492345 0.462745
0.0650261 0.12156 0.104232 0.086291 0.00243792 0.101755 0.0531384 0.465559
0.290388 9.9973E-05 0.242824 9.9973E-05 0.0151577 0.284747 9.9973E-05 0.166584
0.482417 9.9955E-05 0.119127 9.9955E-05 9.9955E-05 0.397956 9.9955E-05 9.9955E-05
0.348194 9.9955E-05 0.15345 9.9955E-05 9.9955E-05 0.497857 9.9955E-05 9.9955E-05
0.34418 9.9973E-05 0.329436 9.9973E-05 0.0306791 0.224352 9.9973E-05 0.0710524
9.9991E-05 0.117 0.0162401 0.0205659 0.0105724 0.181707 0.00178385 0.652031
9.9973E-05 9.9973E-05 0.144987 0.0517751 9.9973E-05 0.177679 0.108936 0.516324
9.9964E-05 0.00761825 0.628802 9.9964E-05 0.0411541 9.9964E-05 9.9964E-05 0.322026
0.03937 0.0385861 0.419945 9.9973E-05 0.146242 9.9973E-05 9.9973E-05 0.355556
0.018992 0.0892481 0.387942 0.0313467 0.0395511 0.0861203 0.0535694 0.29323
9.9973E-05 0.11988 9.9973E-05 9.9973E-05 0.0500118 0.328473 0.149358 0.351977
0.0280105 0.0269697 0.0555555 0.0772962 0.0225155 0.246498 0.0201901 0.522965
9.9973E-05 0.0885349 9.9973E-05 9.9973E-05 0.0614264 0.448512 0.180626 0.220601
9.9973E-05 0.145991 9.9973E-05 0.0470383 9.9973E-05 0.158697 0.0463342 0.601639
9.9991E-05 0.0831061 0.027805 0.0120616 0.192227 0.194371 0.0971903 0.393139
0.0178343 0.0551594 0.000805238 0.042756 9.9991E-05 0.252826 0.033366 0.597153
9.9982E-05 0.180117 9.9982E-05 0.0349952 0.0967786 0.484708 0.0458371 0.157364
9.9991E-05 0.0620368 0.0757018 0.027142 0.011528 0.128563 0.0507585 0.64417
0.0146745 0.12012 9.9973E-05 9.9973E-05 0.114974 0.102534 9.9973E-05 0.647398
9.9955E-05 0.025497 0.942091 9.9955E-05 9.9955E-05 9.9955E-05 0.0319123 9.9955E-05
9.9964E-05 0.0483535 0.882945 0.0103185 9.9964E-05 9.9964E-05 9.9964E-05 0.0579833
0.00115601 0.00896138 0.605227 9.9982E-05 0.13235 9.9982E-05 0.0184115 0.233693
9.9964E-05 9.9964E-05 0.702599 0.0431452 9.9964E-05 9.9964E-05 0.0092728 0.244583
0.00710466 0.0823399 0.870623 0.0226127 9.9973E-05 9.9973E-05 9.9973E-05 0.0170193
9.994E-05 9.994E-05 0.9993 9.994E-05 9.994E-05 9.994E-05 9.994E-05 9.994E-05
9.9955E-05 9.9955E-05 0.959041 9.9955E-05 0.0187959 9.9955E-05 0.0216634 9.9955E-05
9.99514E-05 9.99514E-05 0.806006 9.99514E-05 9.99514E-05 9.99514E-05 9.99514E-05 0.193394
9.9955E-05 9.9955E-05 0.938203 0.026913 0.034384 9.9955E-05 9.9955E-05 9.9955E-05
9.994E-05 9.994E-05 0.9993 9.994E-05 9.994E-05 9.994E-05 9.994E-05 9.994E-05
9.994E-05 9.994E-05 0.9993 9.994E-05 9.994E-05 9.994E-05 9.994E-05 9.994E-05
9.9964E-05 9.9964E-05 0.737469 9.9964E-05 0.0456041 9.9964E-05 0.0362193 0.180307
0.0552824 9.9973E-05 0.802503 0.0073397 0.00627091 9.9973E-05 9.9973E-05 0.128304
9.9946E-05 9.9946E-05 0.985691 9.9946E-05 0.013709 9.9946E-05 9.9946E-05 9.9946E-05
0.0826816 0.115641 0.367648 0.0287055 0.0773581 9.9991E-05 0.0142346 0.313631
0.0476249 0.0193769 0.657163 9.9982E-05 0.0461023 0.00527081 9.9982E-05 0.224262
0.0301712 9.9973E-05 0.712998 0.03857 9.9973E-05 9.9973E-05 0.0143123 0.203649
0.050661 9.9964E-05 0.88575 0.0118055 0.0513834 9.9964E-05 9.9964E-05 9.9964E-05
9.9955E-05 0.00180727 0.984671 9.9955E-05 9.9955E-05 9.9955E-05 9.9955E-05 0.0130219
0.012389 0.00430617 0.9284 9.9973E-05 9.9973E-05 9.9973E-05 0.0157026 0.0389021
9.9946E-05 9.9946E-05 0.98918 9.9946E-05 9.9946E-05 0.0102202 9.9946E-05 9.9946E-05
0.083029 9.9964E-05 0.62428 0.0151734 9.9964E-05 9.9964E-05 9.9964E-05 0.277118
9.9955E-05 0.0741776 0.904526 9.9955E-05 9.9955E-05 9.9955E-05 9.9955E-05 0.0207968
0.260604 9.9973E-05 0.0357553 9.9973E-05 0.00908868 0.640366 0.0538867 9.9973E-05
0.151042 9.9991E-05 0.0160452 0.0205245 0.168244 0.190142 0.0133383 0.440564
0.202153 0.0930211 0.01388 9.9982E-05 0.0164386 0.234228 9.9982E-05 0.440079
0.171279 9.9973E-05 0.092903 0.0282285 9.9973E-05 0.498496 9.9973E-05 0.208794
0.140004 0.0526144 0.129606 0.0141411 0.0257255 0.104307 0.12775 0.405853
0.243946 0.0315914 0.0708788 9.9982E-05 0.0145499 0.435363 9.9982E-05 0.203471
0.205239 0.0687145 0.0175479 0.0156572 0.0332252 0.0865099 0.10915 0.463957
0.0254945 0.00336618 0.216314 0.0429116 9.9982E-05 0.412321 9.9982E-05 0.299393
0.132599 9.9964E-05 0.0597672 9.9964E-05 9.9964E-05 0.269374 9.9964E-05 0.53786
0.104591 9.9973E-05 0.144441 9.9973E-05 9.9973E-05 0.419228 0.00581663 0.325624
0.120165 9.9991E-05 0.0740754 0.0368596 0.0989328 0.181831 0.00781364 0.480223
0.808889 9.9973E-05 9.9973E-05 0.063222 9.9973E-05 0.0497738 0.0163884 0.0614269
0.901162 9.9964E-05 0.0661111 9.9964E-05 9.9964E-05 0.0177785 0.0145487 9.9964E-05
0.899264 9.9955E-05 9.9955E-05 9.9955E-05 0.0929219 9.9955E-05 9.9955E-05 0.00731426
0.908238 9.9964E-05 9.9964E-05 0.0516347 0.00706692 9.9964E-05 9.9964E-05 0.0326606
0.846702 9.9973E-05 0.0451438 9.9973E-05 0.0812566 0.0252769 9.9973E-05 0.00132097
0.894653 9.9955E-05 0.0718301 9.9955E-05 9.9955E-05 9.9955E-05 0.0330172 9.9955E-05
0.872245 0.00208398 0.0728093 0.0419142 9.9973E-05 9.9973E-05 9.9973E-05 0.0106477
0.866326 9.9982E-05 9.9982E-05 0.0196266 0.0371639 0.0151978 0.0580742 0.00341197
0.872301 0.055534 0.0158085 9.9982E-05 0.0506472 9.9982E-05 0.00250461 0.00300434
0.85074 9.9964E-05 0.0796772 9.9964E-05 0.0158259 0.0533569 9.9964E-05 9.9964E-05
0.610095 0.11775 9.9973E-05 0.102197 0.131345 9.9973E-05 0.0383137 9.9973E-05
0.594114 0.0716337 9.9964E-05 0.154251 0.179602 9.9964E-05 9.9964E-05 9.9964E-05
0.505517 0.0308483 9.9982E-05 0.0596207 0.30644 0.0776395 0.0197345 9.9982E-05
0.482465 0.0452274 9.9982E-05 0.133312 0.293065 0.0019786 0.0437521 9.9982E-05
0.0682768 0.247493 9.9982E-05 9.9982E-05 0.119063 0.0513995 0.0396667 0.473901
0.00781945 0.290809 0.0685215 0.0818995 9.9982E-05 9.9982E-05 0.111097 0.439653
0.000104043 0.190663 9.9982E-05 0.0362552 0.167001 0.0143851 9.9982E-05 0.591391
0.00352941 0.156591 9.9991E-05 0.0572285 0.269816 0.100531 0.0755913 0.336613
9.9973E-05 0.0443071 9.9973E-05 0.185338 0.651772 9.9973E-05 0.0482856 0.0699978
0.0686183 0.258113 9.9973E-05 0.00721021 9.9973E-05 9.9973E-05 0.0967437 0.569015
9.9982E-05 0.31929 0.0151654 9.9982E-05 0.0878095 0.0282418 0.0158943 0.533399
9.9973E-05 0.390644 0.0630349 0.070417 9.9973E-05 0.0576772 9.9973E-05 0.417927
9.9973E-05 0.586404 0.0819205 0.0191664 9.9973E-05 9.9973E-05 0.0299782 0.282231
0.0179945 0.199009 0.0318314 0.205019 9.9973E-05 9.9973E-05 9.9973E-05 0.545846
9.9982E-05 0.4709 0.00327794 0.112752 9.9982E-05 0.0280733 0.0224454 0.362351
9.9973E-05 0.753563 9.9973E-05 0.0222669 0.0355308 0.0487681 0.139571 9.9973E-05
0.0237524 0.116024 0.0491946 9.9991E-05 0.143372 0.160174 0.0516606 0.455722
9.9982E-05 0.553965 0.0431641 0.0109202 9.9982E-05 0.1097 0.158133 0.123917
0.00406797 0.378409 9.9982E-05 0.0349261 9.9982E-05 0.0167617 0.0916077 0.474028
0.0576993 0.701915 9.9973E-05 0.0485273 0.142492 9.9973E-05 9.9973E-05 0.0490663
0.0661798 9.9964E-05 9.9964E-05 0.796484 9.9964E-05 0.119274 9.9964E-05 0.0176622
9.9955E-05 9.9955E-05 9.9955E-05 0.854375 9.9955E-05 0.0924821 9.9955E-05 0.0526426
9.9946E-05 9.9946E-05 9.9946E-05 0.947516 9.9946E-05 9.9946E-05 0.0518842 9.9946E-05
0.0394676 0.0521921 9.9964E-05 0.863771 9.9964E-05 0.0441695 9.9964E-05 9.9964E-05
9.99627E-05 9.99627E-05 9.99627E-05 0.853956 9.99627E-05 0.0680421 9.99627E-05 0.0775026
9.9964E-05 9.9964E-05 0.0878339 0.853641 9.9964E-05 9.9964E-05 0.0495142 0.00861127
0.872912 0.0253911 0.0229794 9.9964E-05 9.9964E-05 9.9964E-05 9.9964E-05 0.0783176
0.797835 9.9955E-05 0.0630725 9.9955E-05 0.138593 9.9955E-05 9.9955E-05 9.9955E-05
0.715079 9.9973E-05 0.10144 9.9973E-05 0.0377553 9.9973E-05 0.054649 0.090777
0.757473 9.9955E-05 0.118267 9.9955E-05 0.12376 9.9955E-05 9.9955E-05 9.9955E-05
0.745045 9.9973E-05 0.0980285 9.9973E-05 0.0793414 0.0439401 9.9973E-05 0.0333452
0.369093 0.0292989 9.9973E-05 0.397373 0.101169 0.102765 9.9973E-05 9.9973E-05
0.422037 0.118236 9.9982E-05 0.396634 0.000881861 0.0563573 0.00565415 9.9982E-05
0.408132 0.0626469 9.9964E-05 0.417594 9.9964E-05 9.9964E-05 0.111227 9.9964E-05
0.792231 9.9955E-05 9.9955E-05 9.9955E-05 0.0372573 9.9955E-05 9.9955E-05 0.170012
0.350003 0.0537048 0.0319949 0.44384 9.9982E-05 0.0257301 0.0945276 9.9982E-05
0.155641 9.9964E-05 0.361743 9.9964E-05 9.9964E-05 0.189285 9.9964E-05 0.29293
0.105625 0.00813023 0.17376 0.0458379 0.0663957 0.0699068 9.9991E-05 0.530245
0.194973 9.9955E-05 0.245139 9.9955E-05 9.9955E-05 9.9955E-05 9.9955E-05 0.559388
0.212654 9.9973E-05 0.288758 0.0650833 9.9973E-05 0.131623 9.9973E-05 0.301582
0.134768 0.0221528 0.0743584 9.9982E-05 0.154325 0.0778001 9.9982E-05 0.536396
0.418778 9.9964E-05 0.287186 9.9964E-05 9.9964E-05 0.286662 0.00697453 9.9964E-05
9.9973E-05 0.0586857 9.9973E-05 0.058661 0.342749 9.9973E-05 0.112852 0.426753
9.9982E-05 0.0266179 9.9982E-05 0.108542 0.179351 0.108328 0.241516 0.335445
0.111912 9.9973E-05 9.9973E-05 0.012226 0.649488 9.9973E-05 0.0208291 0.205244
9.9982E-05 0.131215 9.9982E-05 0.074378 0.0777262 0.0314076 0.210849 0.474224
9.9973E-05 0.146915 9.9973E-05 0.0186997 0.235309 0.289401 0.309376 9.9973E-05
0.0227454 0.143793 0.0302102 9.9991E-05 0.180103 0.078276 0.0291536 0.515618
0.0227687 9.9982E-05 9.9982E-05 0.0268297 0.275217 0.0344635 0.118753 0.521768
0.00984079 0.0986899 9.9982E-05 0.0801574 0.452368 9.9982E-05 0.0664921 0.292252
0.0551743 0.0157046 9.9982E-05 0.0662131 0.219873 9.9982E-05 0.0605381 0.582297
9.9973E-05 0.0672279 9.9973E-05 9.9973E-05 0.509146 0.29697 0.0656197 0.0607361
9.9991E-05 0.0654157 0.0397325 0.00255997 0.220976 0.155964 0.0823725 0.432879
9.9973E-05 9.9973E-05 0.0034933 0.0524054 0.327886 0.128329 9.9973E-05 0.487586
0.13282 0.196264 0.171763 0.00509759 0.0875862 0.0241079 0.0732649 0.309096
9.9973E-05 0.0128261 9.9973E-05 9.9973E-05 0.423816 0.0301162 0.193939 0.339003
9.9991E-05 0.0483757 0.0099124 0.0989828 0.326005 0.00421992 0.101263 0.411141
9.9991E-05 0.0247403 0.077982 0.00411507 0.26165 0.063344 0.138133 0.429936
0.00317942 0.141736 9.9991E-05 0.0799295 0.11104 0.0834958 0.117768 0.462751
9.9991E-05 0.174917 0.0743561 0.0405823 0.130622 0.0675432 0.0152654 0.496614
0.0593125 0.113384 0.0656516 0.100117 0.0935144 0.0496863 9.9991E-05 0.518234
0.0780487 0.0569102 0.107362 9.9982E-05 0.215015 0.0597669 9.9982E-05 0.482697
0.757194 9.9955E-05 0.0497985 9.9955E-05 9.9955E-05 9.9955E-05 9.9955E-05 0.192507
0.838447 9.9955E-05 9.9955E-05 9.9955E-05 9.9955E-05 9.9955E-05 0.0519745 0.109079
0.759271 9.9982E-05 9.9982E-05 0.021571 0.000916832 0.0712447 0.0571457 0.0896513
0.784479 0.0328757 9.9973E-05 0.0760513 9.9973E-05 9.9973E-05 0.021414 0.0848802
0.825584 9.9955E-05 9.9955E-05 0.0150119 9.9955E-05 9.9955E-05 9.9955E-05 0.158905
9.9982E-05 0.0373484 0.0648874 0.0853764 0.734133 0.0393542 9.9982E-05 0.0387004
9.9991E-05 0.0794417 0.118648 0.0765804 0.166092 0.0415737 0.114276 0.403288
0.204023 0.0300859 0.152478 0.0657959 9.9982E-05 0.147876 9.9982E-05 0.399541
0.0507205 0.0487776 0.0288872 9.9982E-05 0.222817 0.0388776 9.9982E-05 0.60972
0.0193888 0.0656457 9.9982E-05 0.0762269 0.275978 9.9982E-05 0.0626129 0.499948
0.00949199 9.9991E-05 0.078415 0.155657 0.267327 0.203295 0.0415564 0.244159
0.092481 0.0120871 9.9973E-05 0.100458 0.666063 0.128611 9.9973E-05 9.9973E-05
9.9982E-05 0.072398 0.0245412 0.098426 0.311391 0.062242 9.9982E-05 0.430802
0.101271 0.0943224 0.0603122 0.156916 0.414247 9.9991E-05 0.107502 0.0653291
0.0904428 0.151258 9.9991E-05 0.0430405 0.0763551 0.170744 0.0429371 0.425122
0.15397 0.0305085 0.0142995 0.114413 0.561012 9.9982E-05 0.125598 9.9982E-05
0.0648489 9.9982E-05 0.0887246 0.0758319 0.195412 0.0703924 9.9982E-05 0.50459
0.0429945 0.0179077 9.9982E-05 0.0784269 0.677637 9.9982E-05 0.0267326 0.156102
0.0277081 9.9991E-05 0.0342633 0.0287659 0.348676 0.12826 0.0968309 0.335395
0.130031 0.0189192 0.00541518 0.0458128 0.0657468 0.181025 0.0241288 0.528922
9.9973E-05 9.9973E-05 9.9973E-05 0.0643273 0.0260331 0.485455 0.0846041 0.339281
9.9973E-05 0.0553915 9.9973E-05 0.0582078 9.9973E-05 0.220264 0.0577209 0.608116
0.0583912 0.046308 0.0421658 0.0421655 0.0713721 0.219386 9.9991E-05 0.520112
9.9973E-05 0.041413 9.9973E-05 0.105577 9.9973E-05 0.404141 0.0848915 0.363677
0.0126451 0.123642 0.0293219 0.132927 9.9991E-05 0.152221 0.102548 0.446595
0.00847249 0.107238 9.9982E-05 0.038434 9.9982E-05 0.199335 0.0870696 0.559251
9.9973E-05 0.109897 9.9973E-05 0.139608 9.9973E-05 0.464467 0.204143 0.0815841
9.9973E-05 0.120019 9.9973E-05 0.0019099 9.9973E-05 0.580281 0.0176237 0.279867
9.9973E-05 9.9973E-05 9.9973E-05 0.0346235 0.0857341 0.244132 0.074358 0.560852
9.9982E-05 0.206067 9.9982E-05 0.080374 0.0425883 0.468114 0.0679347 0.134722
9.9973E-05 0.12767 9.9973E-05 0.110758 0.0932959 0.244599 9.9973E-05 0.423377
0.00946695 0.0901623 0.038676 0.169829 0.635339 9.9991E-05 0.0090595 0.047368
9.9982E-05 9.9982E-05 0.003081 0.0533157 0.500366 0.0582723 0.186606 0.198159
0.0217402 0.0651447 0.0456773 0.129232 0.428538 9.9991E-05 0.0641632 0.245405
0.0188813 0.0607092 0.0309641 0.0901053 0.165565 0.0158927 9.9991E-05 0.617782
9.9973E-05 0.147009 0.00777726 0.126495 0.476419 9.9973E-05 9.9973E-05 0.242
0.0908112 0.0210834 0.044985 0.102882 0.0717659 0.0584229 0.175263 0.434787
0.0166539 9.9991E-05 0.0585497 0.0115971 0.151672 0.114278 0.0920773 0.555072
0.0138833 0.0496524 0.0973147 0.0478473 0.325365 9.9991E-05 0.0882198 0.377617
0.0139216 0.0318976 0.0959937 0.0969377 0.26062 9.9991E-05 0.0463668 0.454163
9.9982E-05 0.147876 0.0718187 0.141679 0.268923 9.9982E-05 0.0163926 0.353111
9.9973E-05 0.061704 0.0595953 0.155564 0.546359 9.9973E-05 9.9973E-05 0.176477
9.9973E-05 9.9973E-05 0.0870781 0.223613 0.39942 9.9973E-05 0.0468548 0.242734
0.010664 0.00222865 9.9982E-05 9.9982E-05 0.335547 0.0504347 0.0650958 0.535829
0.0382097 0.0710573 0.0171367 9.9982E-05 0.263061 9.9982E-05 0.0105202 0.599815
0.0554667 9.9973E-05 9.9973E-05 9.9973E-05 0.288454 0.16469 0.110178 0.380912
9.9982E-05 9.9982E-05 0.0618264 0.0762945 0.283091 0.0569898 0.0714255 0.450173
0.0815595 0.00778001 9.9991E-05 0.139595 0.384451 0.00384016 0.0140892 0.368585
0.05349 9.9982E-05 0.0270474 0.0228402 0.321599 9.9982E-05 0.00204819 0.572775
0.02117 0.0508381 0.113755 0.133319 0.203288 9.9991E-05 0.067663 0.409866
0.110106 0.0127444 0.0930379 0.0951074 0.0680667 0.0556402 0.0858737 0.479424
0.29183 9.9973E-05 0.14646 9.9973E-05 0.0913999 0.0948834 9.9973E-05 0.375126
0.118073 0.000116976 0.191677 9.9991E-05 0.0844177 0.0521098 0.0699914 0.483514
0.125504 0.110917 0.117818 9.9991E-05 0.0671652 0.038694 0.0855429 0.454258
0.0516219 0.0571025 0.0781596 0.100129 0.0338623 0.0418988 0.0876115 0.549614
0.185477 0.0475023 0.206396 9.9982E-05 0.103186 9.9982E-05 0.0487521 0.408487
9.9973E-05 9.9973E-05 9.9973E-05 0.00759821 0.227714 0.15633 0.102336 0.505721
0.103441 0.0228296 0.151576 0.041483 0.0465001 0.0493921 0.0669904 0.517788
0.216958 0.0978208 0.120911 9.9982E-05 0.139253 0.395311 0.0295448 9.9982E-05
0.0696367 0.000236465 0.184255 0.008017 0.297824 9.9991E-05 0.0281901 0.411741
0.0742437 9.9973E-05 0.204074 9.9973E-05 0.155311 9.9973E-05 0.0608972 0.505173
0.0784151 0.0789738 0.228409 9.9991E-05 0.0696022 0.0448336 0.0527055 0.446961
0.159725 0.0115772 0.135627 9.9982E-05 0.127953 0.257336 9.9982E-05 0.307582
0.219348 9.9973E-05 0.11915 9.9973E-05 0.107354 0.0370937 9.9973E-05 0.516754
0.169824 9.9982E-05 0.0514626 9.9982E-05 0.113871 0.0621832 0.0164481 0.586011
0.456031 9.9955E-05 0.194278 9.9955E-05 9.9955E-05 0.349191 9.9955E-05 9.9955E-05
0.113179 0.108917 0.267123 0.041426 0.0125387 0.0606756 9.9991E-05 0.396041
0.11815 0.023256 0.211068 9.9982E-05 9.9982E-05 0.0841374 0.0761735 0.487016
0.120788 9.9982E-05 0.140587 9.9982E-05 0.100346 0.0369881 0.103535 0.497556
0.190414 9.9991E-05 0.130434 0.0129588 0.0215583 0.094531 0.0370742 0.51293
0.157733 9.9991E-05 0.072609 0.0105097 0.0651298 0.0770917 0.0618906 0.554936
0.0223702 0.12814 0.0209951 0.0734324 9.9982E-05 9.9982E-05 0.306339 0.448524
0.0580737 0.027413 9.9982E-05 0.0247674 9.9982E-05 0.0294602 0.315387 0.544699
9.9973E-05 0.116052 9.9973E-05 0.0303454 0.0679666 0.00963719 0.775699 9.9973E-05
9.9973E-05 0.0765269 9.9973E-05 0.00249553 0.033834 0.0273464 0.859497 9.9973E-05
9.9982E-05 0.0460296 0.118879 0.00583056 0.158376 9.9982E-05 0.224412 0.446273
0.130657 9.9991E-05 0.257941 0.000282944 0.00132389 0.0799106 0.115458 0.414326
0.0875357 9.9973E-05 0.311391 9.9973E-05 9.9973E-05 0.00342464 0.32465 0.272698
0.193187 9.9982E-05 0.274658 9.9982E-05 0.0856152 0.134222 0.215965 0.0961523
0.135315 9.9982E-05 0.24365 9.9982E-05 0.00749989 0.0160367 0.275313 0.321985
0.0570196 9.9973E-05 0.0943515 9.9973E-05 9.9973E-05 0.168426 0.650596 0.0293073
0.119054 9.9973E-05 0.0620802 9.9973E-05 9.9973E-05 0.0351968 0.71935 0.0640185
9.9955E-05 9.9955E-05 0.0776447 9.9955E-05 9.9955E-05 9.9955E-05 0.378482 0.543374
0.000987455 9.9964E-05 0.104058 9.9964E-05 9.9964E-05 9.9964E-05 0.475748 0.418807
0.0630245 9.9964E-05 0.0807224 9.9964E-05 9.9964E-05 9.9964E-05 0.699498 0.156355
0.0551884 9.9973E-05 0.0499407 9.9973E-05 0.0456095 9.9973E-05 0.349125 0.499836
9.9964E-05 9.9964E-05 0.0390709 0.04814 9.9964E-05 9.9964E-05 0.380098 0.532291
0.0573832 0.0580682 0.0667852 0.0345127 9.9991E-05 0.101059 0.172451 0.50964
0.0234199 0.10362 9.9982E-05 0.0416229 9.9982E-05 0.0010703 0.567196 0.262871
9.9973E-05 0.0579673 0.00503718 9.9973E-05 0.138015 9.9973E-05 0.545959 0.252721
0.0714039 0.0482974 9.9991E-05 0.0435697 0.0589378 0.0122049 0.285064 0.480422
0.0747335 0.107414 9.9982E-05 0.0906134 9.9982E-05 0.0739093 0.330969 0.322161
0.0712608 9.9991E-05 0.0997624 0.00276991 0.247497 0.0782774 0.192119 0.308214
9.9964E-05 9.9964E-05 9.9964E-05 9.9964E-05 0.0749356 0.172347 0.35919 0.393128
9.9955E-05 9.9955E-05 9.9955E-05 0.0879573 9.9955E-05 9.9955E-05 0.708761 0.202782
0.0513078 0.0665294 0.0404042 9.9982E-05 9.9982E-05 0.0340351 0.302054 0.505469
9.9964E-05 0.037047 9.9964E-05 0.0395031 9.9964E-05 9.9964E-05 0.72351 0.19954
9.9964E-05 9.9964E-05 9.9964E-05 0.030287 9.9964E-05 0.0116233 0.591834 0.365856
0.0304625 0.0555513 0.0769267 9.9982E-05 9.9982E-05 0.0621002 0.246746 0.528013
0.0255243 0.21547 0.0663099 0.0274672 0.0196348 9.9991E-05 0.300419 0.345075
0.168939 0.01497 0.125486 9.9991E-05 0.0200752 0.112279 0.0589895 0.499161
0.0527701 9.9982E-05 0.135204 0.0988719 9.9982E-05 0.189894 0.0141914 0.508868
0.124098 9.9991E-05 0.216677 0.0501637 0.0145446 0.147586 0.107439 0.339392
0.111428 9.9991E-05 0.148824 0.0896275 0.00795224 0.12833 0.105352 0.408386
0.122549 0.0240239 0.156361 0.0975965 0.0766732 0.0674078 9.9991E-05 0.455288
0.0444409 0.0469023 0.197791 0.0472366 9.9991E-05 0.0923938 0.190995 0.38014
0.186837 9.9973E-05 0.112672 0.0305004 9.9973E-05 0.109042 0.560648 9.9973E-05
0.0757766 9.9982E-05 0.194594 0.0395316 9.9982E-05 0.0249593 0.130512 0.534427
0.368132 9.9964E-05 0.0446494 9.9964E-05 9.9964E-05 0.127052 0.459767 9.9964E-05
0.0547762 9.9964E-05 0.178707 9.9964E-05 9.9964E-05 9.9964E-05 0.281948 0.484169
9.9964E-05 0.167004 9.9964E-05 9.9964E-05 9.9964E-05 0.051862 0.755162 0.0255725
9.9964E-05 0.0273994 9.9964E-05 9.9964E-05 0.0653403 0.0335889 0.873271 9.9964E-05
9.9964E-05 0.000593223 9.9964E-05 9.9964E-05 0.0459379 9.9964E-05 0.488568 0.464501
9.9964E-05 9.9964E-05 0.00226257 9.9964E-05 0.0264089 9.9964E-05 0.415403 0.555526
9.9973E-05 0.0496833 9.9973E-05 0.00572861 0.0427754 9.9973E-05 0.54228 0.359233
9.9973E-05 0.103522 0.064648 9.9973E-05 0.047262 9.9973E-05 0.424525 0.359744
9.9964E-05 0.0235044 9.9964E-05 9.9964E-05 0.0356418 9.9964E-05 0.457459 0.482995
0.783881 9.9964E-05 0.0754297 9.9964E-05 9.9964E-05 9.9964E-05 0.0984909 0.041799
0.643275 9.9973E-05 0.114565 0.144896 9.9973E-05 0.0484026 0.0485619 9.9973E-05
0.866976 9.9955E-05 0.0598863 9.9955E-05 0.0726382 9.9955E-05 9.9955E-05 9.9955E-05
0.89824 9.9973E-05 0.00517861 9.9973E-05 9.9973E-05 0.00935572 0.0540749 0.0328511
0.0549431 0.373416 9.9982E-05 0.0331245 0.0273363 9.9982E-05 0.0083812 0.502599
0.0026104 0.348375 0.0409079 0.0359284 0.119057 9.9982E-05 9.9982E-05 0.452922
0.00628081 0.516506 9.9964E-05 9.9964E-05 0.045547 9.9964E-05 9.9964E-05 0.431266
0.0876502 0.176042 0.0255165 9.9982E-05 0.00288823 9.9982E-05 0.0381576 0.669546
9.9973E-05 0.149772 0.0958662 0.0967494 9.9973E-05 0.161831 9.9973E-05 0.495481
0.0650349 0.623316 9.9982E-05 0.0322817 0.0734905 0.0356049 9.9982E-05 0.170072
9.9973E-05 0.318632 9.9973E-05 0.0179489 0.0348633 0.0183638 9.9973E-05 0.609892
9.9964E-05 0.505173 9.9964E-05 9.9964E-05 9.9964E-05 0.124618 0.038464 0.331345
0.200063 0.045568 0.171497 0.0182023 0.0656441 0.0533178 0.0399681 0.40574
9.9982E-05 0.368504 0.0694466 9.9982E-05 0.0387595 0.0408377 0.0934225 0.38883
9.9964E-05 0.592707 9.9964E-05 0.0697979 0.095193 9.9964E-05 9.9964E-05 0.241902
9.9964E-05 0.246602 9.9964E-05 9.9964E-05 0.0856309 9.9964E-05 0.0916722 0.575695
0.0174169 0.472769 9.9982E-05 0.0100934 0.0683628 9.9982E-05 0.063733 0.367425
9.9964E-05 0.361298 0.0260932 9.9964E-05 9.9964E-05 9.9964E-05 0.0543238 0.557886
0.000513035 0.313834 9.9973E-05 0.0847753 9.9973E-05 9.9973E-05 0.0238511 0.576727
9.9964E-05 0.842482 9.9964E-05 9.9964E-05 9.9964E-05 0.0236932 0.0237323 0.109693
0.0296779 0.626609 9.9982E-05 0.0179432 0.0336611 0.0947238 9.9982E-05 0.197185
0.00224645 0.490582 0.00275314 0.0610595 0.066778 0.0449358 0.00310927 0.328536
9.9955E-05 0.825793 9.9955E-05 9.9955E-05 9.9955E-05 0.141074 0.0326341 9.9955E-05
0.0215133 0.378314 9.9991E-05 0.0819028 0.0399438 0.0059788 0.0502661 0.421981
9.9973E-05 0.592112 9.9973E-05 0.0391161 9.9973E-05 0.236988 0.013372 0.118112
9.9955E-05 0.739548 9.9955E-05 9.9955E-05 9.9955E-05 0.204085 0.0558671 9.9955E-05
0.0247715 0.223483 9.9982E-05 0.0425662 9.9982E-05 0.0440535 0.088557 0.576369
0.062281 0.706608 0.00627684 9.9973E-05 0.0804174 9.9973E-05 9.9973E-05 0.144116
9.9982E-05 0.374596 0.0604387 0.0236553 0.156391 0.0831566 9.9982E-05 0.301562
0.114656 0.273441 0.0535771 0.0666313 9.9973E-05 9.9973E-05 9.9973E-05 0.491395
9.9964E-05 0.379908 9.9964E-05 0.00576365 0.160776 9.9964E-05 9.9964E-05 0.453152
9.9982E-05 0.0881571 0.0809687 9.9982E-05 0.384171 0.0564287 0.0746725 0.315402
9.9964E-05 0.360015 9.9964E-05 0.0457776 9.9964E-05 9.9964E-05 0.0768144 0.516993
9.9982E-05 0.289415 0.0331304 0.0446635 0.180036 0.0255584 9.9982E-05 0.426997
9.9973E-05 0.674635 9.9973E-05 0.014032 9.9973E-05 0.00700724 0.00342353 0.300602
0.0621696 0.227586 0.00710839 0.0719131 9.9991E-05 0.0187602 0.0818152 0.530548
0.604235 0.0605039 9.9973E-05 0.138892 0.123945 0.0721239 9.9973E-05 9.9973E-05
0.749467 0.0605657 9.9991E-05 0.0477127 0.0442072 0.0303979 0.0265802 0.040969
0.77486 9.9964E-05 9.9964E-05 0.110058 0.056732 0.0579505 9.9964E-05 9.9964E-05
0.777645 9.9973E-05 9.9973E-05 0.0698444 0.0701943 0.0280261 0.0539908 9.9973E-05
0.661233 9.9973E-05 9.9973E-05 0.160124 0.0481437 0.105666 9.9973E-05 0.0245332
0.0282326 0.692684 0.0304828 0.0602363 0.150868 9.9982E-05 9.9982E-05 0.0372962
0.0783097 0.601118 9.9991E-05 0.0130664 0.170799 0.0337709 0.00243804 0.100398
9.9964E-05 0.797214 9.9964E-05 9.9964E-05 9.9964E-05 0.0532138 0.0402208 0.108951
0.0356678 0.157948 0.115942 0.0504177 9.9991E-05 0.0651706 0.0200027 0.554751
0.115015 0.158817 9.9973E-05 0.0373282 9.9973E-05 9.9973E-05 0.0450788 0.643462
0.0179602 0.578921 0.0671467 9.9991E-05 0.00252061 0.0835599 0.0118183 0.237973
9.9964E-05 0.297578 0.0915808 9.9964E-05 9.9964E-05 9.9964E-05 0.0180917 0.592349
0.070719 0.471109 0.0416463 9.9973E-05 9.9973E-05 0.0492041 9.9973E-05 0.367021
9.9982E-05 0.258158 0.00377881 0.00454421 0.101564 0.0416624 9.9982E-05 0.590092
0.025741 0.286332 0.0747422 0.0430285 0.00377643 9.9991E-05 0.0865581 0.479721
0.00344514 0.589174 0.0338122 0.047558 0.128394 9.9982E-05 9.9982E-05 0.197416
0.0104017 0.6134 9.9964E-05 9.9964E-05 0.0876422 9.9964E-05 9.9964E-05 0.288156
9.9964E-05 0.567372 9.9964E-05 0.0919036 0.0444652 9.9964E-05 9.9964E-05 0.29586
0.0248845 0.0168516 9.9982E-05 0.0942015 0.0386211 0.189177 9.9982E-05 0.636064
9.9964E-05 0.566004 9.9964E-05 0.0269636 0.0863592 9.9964E-05 9.9964E-05 0.320273
0.0320112 0.381406 0.0186872 0.0289873 0.0283374 9.9991E-05 0.0333278 0.477143
0.0695157 0.0513987 0.371733 9.9973E-05 9.9973E-05 0.0812893 9.9973E-05 0.425764
0.0806347 9.9973E-05 0.354071 9.9973E-05 0.0677025 0.0473599 9.9973E-05 0.449932
0.137472 9.9964E-05 0.33999 9.9964E-05 9.9964E-05 0.0608811 9.9964E-05 0.461257
0.168935 9.9973E-05 0.367789 9.9973E-05 9.9973E-05 0.0818314 0.0618704 0.319274
0.135286 0.0812745 0.210475 0.0120545 9.9991E-05 0.0315512 0.0584592 0.4708
9.9973E-05 0.184282 0.0119232 9.9973E-05 0.0424754 0.205298 9.9973E-05 0.555721
0.231159 9.9973E-05 0.660882 9.9973E-05 9.9973E-05 0.0288574 0.0688937 0.00990837
0.184859 9.9973E-05 0.450331 9.9973E-05 9.9973E-05 0.0527502 0.0244289 0.287331
0.15439 0.147634 0.2018 0.0283206 9.9991E-05 0.144433 0.00593464 0.317388
0.0772431 9.9973E-05 9.9973E-05 0.00854154 0.125906 0.265703 9.9973E-05 0.522305
0.101888 0.11633 0.0246511 0.0688156 9.9982E-05 0.263215 9.9982E-05 0.424901
0.0417597 0.0138858 9.9973E-05 0.0658633 9.9973E-05 0.267781 9.9973E-05 0.61041
0.0276482 0.0650682 9.9991E-05 0.068996 0.00781604 0.202353 0.00504897 0.622969
0.2628 9.9955E-05 0.405885 9.9955E-05 9.9955E-05 9.9955E-05 9.9955E-05 0.330815
0.070855 0.0715526 0.315893 0.134122 0.0148295 9.9982E-05 9.9982E-05 0.392548
0.14228 9.9973E-05 0.42027 0.00597359 9.9973E-05 0.0165962 9.9973E-05 0.41458
0.132266 0.0608808 0.304841 0.0535813 0.0301906 9.9991E-05 0.0637622 0.354378
0.0886185 0.065937 0.498428 9.9991E-05 0.00509709 0.0553573 0.0222481 0.264214
0.0849624 0.00384454 0.433467 9.9982E-05 0.223355 0.0113586 9.9982E-05 0.242812
0.153875 9.9982E-05 0.493991 9.9982E-05 0.0466193 0.0346135 0.0755548 0.195146
0.0337797 9.9982E-05 0.369791 9.9982E-05 0.0888156 0.06055 0.0920877 0.354775
9.9973E-05 0.0372817 0.0202694 0.0915361 9.9973E-05 0.337481 9.9973E-05 0.513132
0.0782747 0.0630674 0.359 0.108175 9.9991E-05 0.0638011 0.00558936 0.321992
0.121205 9.9964E-05 0.639872 9.9964E-05 9.9964E-05 0.069379 9.9964E-05 0.169144
0.117349 0.195305 0.276892 0.0128133 9.9982E-05 9.9982E-05 0.00536311 0.392078
0.106508 0.0102708 9.9982E-05 0.177264 0.127745 0.397503 9.9982E-05 0.18051
9.9973E-05 0.0248226 0.0265928 9.9973E-05 0.0879121 0.240564 9.9973E-05 0.619809
0.16292 9.9982E-05 0.250606 9.9982E-05 0.0429703 0.10591 0.0320013 0.405392
0.0564258 9.9991E-05 0.0369785 0.0197575 0.161533 0.0984774 0.00853441 0.618193
0.150917 0.0608541 9.9982E-05 0.0467751 0.0214236 0.249391 9.9982E-05 0.470439
0.12663 0.176079 0.255012 0.0606736 0.0462968 0.0615882 0.00211482 0.271606
0.250046 9.9982E-05 0.255729 9.9982E-05 0.0558509 0.0168523 0.145815 0.275507
0.0289248 9.9991E-05 0.13029 0.079316 0.0102061 0.186621 0.00263822 0.561903
0.0949833 0.104901 0.379901 0.0101057 0.0225589 0.0745059 9.9991E-05 0.312944
0.105887 9.9973E-05 0.319215 9.9973E-05 0.00769215 0.0742829 9.9973E-05 0.492623
0.178936 9.9973E-05 0.634291 9.9973E-05 9.9973E-05 0.0608912 0.0284007 0.0971816
0.0706989 0.0124757 0.0132642 0.123327 9.9991E-05 0.117004 0.104661 0.55847
0.0920814 0.0645921 9.9973E-05 9.9973E-05 0.129003 0.235727 9.9973E-05 0.478296
0.0333532 0.0539017 0.0134703 0.0407278 9.9982E-05 0.654117 9.9982E-05 0.20423
0.0877039 0.0976093 0.0726413 0.0663162 9.9982E-05 0.117977 9.9982E-05 0.557552
0.0482336 0.092888 0.0300866 0.100278 0.295212 0.0844509 0.00975817 0.339093
0.202716 0.0564486 0.120043 9.9982E-05 9.9982E-05 0.216277 0.00600294 0.398312
0.0743723 0.0945752 0.034918 0.0550602 0.117247 0.135628 0.0662163 0.421982
0.24429 9.9955E-05 0.190165 9.9955E-05 9.9955E-05 0.565045 9.9955E-05 9.9955E-05
