0.0267026 9.9964E-05 0.910277 9.9964E-05 0.0626206 9.9964E-05 9.9964E-05
0.00385184 9.9973E-05 0.975647 9.9973E-05 0.00641856 9.9973E-05 0.0137825
9.9973E-05 9.9973E-05 0.88048 0.0709804 9.9973E-05 0.0431618 0.00507768
0.0339876 9.9973E-05 0.826007 0.127968 9.9973E-05 0.0117384 9.9973E-05
9.9955E-05 9.9955E-05 0.917966 0.0815338 9.9955E-05 9.9955E-05 9.9955E-05
0.0701178 0.00895663 0.642098 0.0843315 0.0292834 0.117979 0.0472339
0.0251034 9.9973E-05 0.8051 9.9973E-05 9.9973E-05 0.142118 0.0273781
0.0899206 9.9973E-05 0.725318 0.0423525 9.9973E-05 0.142109 9.9973E-05
0.144825 9.99639E-05 0.798558 9.99639E-05 9.99639E-05 0.0562171 9.99639E-05
0.0503609 9.9973E-05 0.74853 0.0666111 9.9973E-05 0.134198 9.9973E-05
0.0392826 9.9973E-05 0.75423 0.0922563 9.9973E-05 0.113931 9.9973E-05
0.497859 9.9991E-05 0.0336202 0.254082 0.0115936 0.0866233 0.116122
0.274022 0.00559188 0.0160594 0.531127 0.0801754 0.0442646 0.0487605
0.475281 9.9991E-05 0.0013893 0.303098 0.0629339 0.0912691 0.0659289
0.475962 9.9991E-05 0.0230134 0.281261 0.118966 0.0241861 0.0765117
0.301589 9.9991E-05 0.0891796 0.394763 0.106833 0.0645358 0.0429993
0.247967 9.9991E-05 0.0174904 0.573591 0.0850725 0.0401233 0.0356558
0.2991 0.011351 0.015676 0.47462 0.0545647 0.0447162 0.0999715
0.40068 9.9991E-05 0.0874753 0.28078 0.0607846 0.129475 0.0407053
0.683926 9.9991E-05 0.0113973 0.061347 0.00829517 0.156217 0.0787179
0.326506 9.9991E-05 0.018887 0.453944 0.0221734 0.0871314 0.0912584
0.192363 0.0540011 9.9991E-05 0.443262 0.0627867 0.226342 0.0211441
0.20831 9.9991E-05 0.0209972 0.523406 0.0498896 0.0846343 0.112664
0.417645 9.9991E-05 0.0522076 0.250988 0.0551248 0.129855 0.0940801
0.0860866 0.0267204 0.1025 0.64272 0.0397785 0.0736636 0.0285308
0.271319 9.9991E-05 0.0461038 0.536439 0.0243932 0.0887101 0.0329347
0.500973 9.9991E-05 0.0327191 0.233899 0.0353237 0.0987336 0.098252
0.457859 9.9991E-05 0.0237596 0.275196 0.0824219 0.0482994 0.112365
0.505468 9.9982E-05 0.013025 0.247091 9.9982E-05 0.157221 0.0769949
9.9964E-05 9.9964E-05 0.885701 0.107097 0.00680262 9.9964E-05 9.9964E-05
9.9982E-05 0.00901608 0.85988 0.112599 0.0157798 9.9982E-05 0.00252524
9.9964E-05 9.9964E-05 0.804269 0.107999 0.0873327 9.9964E-05 9.9964E-05
9.9982E-05 0.000275213 0.754898 0.145749 0.0812843 9.9982E-05 0.017594
0.0908855 9.9982E-05 0.0691714 0.523303 9.9982E-05 0.0996762 0.216764
0.0771971 9.9991E-05 0.063804 0.45531 0.0936784 0.0118879 0.298023
9.999E-05 0.026348 0.0236531 0.564281 0.000186144 0.00841911 0.377013
0.627121 0.0459701 0.0407785 0.190327 0.00201719 0.0191204 0.0746659
9.9982E-05 0.0640359 9.9982E-05 0.260006 0.00146482 0.125225 0.549068
0.0914432 0.00607823 0.0950925 0.537841 9.9982E-05 9.9982E-05 0.269346
0.00743267 0.0408189 0.0479429 0.704707 9.9991E-05 0.0437989 0.155199
0.0880958 9.9982E-05 0.0705633 0.543312 9.9982E-05 0.225605 0.0722235
0.120532 0.00164173 0.0939801 0.590487 0.005023 0.0870945 0.101242
0.154864 9.9973E-05 0.0293964 0.123647 9.9973E-05 9.9973E-05 0.691793
0.0413177 9.9982E-05 0.0158537 0.660464 0.0163578 0.265806 9.9982E-05
9.9991E-05 0.0242282 0.0900432 0.582027 0.0344005 0.0560495 0.213152
0.0348513 9.9991E-05 0.142666 0.559082 0.0102091 0.10905 0.144043
9.9973E-05 0.0899687 9.9973E-05 0.324197 9.9973E-05 0.0122744 0.57326
0.0587422 9.9991E-05 0.0611569 0.581874 0.0236276 0.000963372 0.273536
0.02656 0.0347503 0.113685 0.562882 0.0223986 0.102299 0.137425
9.9964E-05 0.0466872 9.9964E-05 9.9964E-05 9.9964E-05 0.32074 0.632173
0.643399 0.0251304 9.9982E-05 0.171512 9.9982E-05 0.0954127 0.0643462
0.255378 0.0980756 9.9991E-05 0.182025 0.0318904 0.306595 0.125936
0.184789 0.0229983 0.070882 0.571253 0.0734655 0.0765117 9.9991E-05
0.0742142 0.055486 0.08689 0.622882 0.0373321 0.110292 0.0129033
0.0692562 0.0830088 0.0767217 0.637631 0.0417281 0.0677732 0.023881
0.495966 9.9982E-05 0.0886409 0.22601 9.9982E-05 0.0693331 0.11985
0.347268 0.0103363 0.00992315 0.530832 0.0348176 9.9991E-05 0.0667231
0.139546 9.9991E-05 0.0509748 0.562812 0.0574599 0.0701618 0.118945
0.231951 0.0782752 0.0875135 0.420841 0.0195644 0.0633279 0.0985277
0.497232 9.9991E-05 0.135092 0.121386 0.00868887 0.15439 0.0831114
0.186553 0.0387921 0.0572523 0.510373 0.0672411 9.9991E-05 0.139689
0.246387 0.0469135 0.0388232 0.499791 0.0321675 0.0703394 0.0655785
0.574595 9.9982E-05 0.039142 0.115864 9.9982E-05 0.180013 0.0901855
0.373165 0.0790558 9.9982E-05 0.419473 9.9982E-05 0.0253526 0.102754
0.11277 0.186322 0.0596906 0.563078 0.0616302 9.9991E-05 0.016409
0.14832 0.0614891 0.0650484 0.67032 9.9982E-05 0.0546224 9.9982E-05
0.390183 9.9991E-05 0.0421644 0.263703 0.0655523 0.0763534 0.161944
0.245235 0.0819931 0.0594028 0.473543 0.0271714 0.0261811 0.0864729
0.176019 0.0819394 0.0564195 0.59919 0.0152357 0.0387854 0.0324105
0.530042 9.9991E-05 0.00364396 0.235489 0.00726983 0.116848 0.106608
0.0483089 9.9973E-05 0.00234973 0.470642 9.9973E-05 9.9973E-05 0.4784
0.0627524 9.9982E-05 0.0168669 0.162986 0.00379355 9.9982E-05 0.753401
0.0685019 0.0457216 0.104746 0.44074 0.0787904 9.9991E-05 0.2614
9.9973E-05 0.056568 9.9973E-05 9.9973E-05 0.000400151 0.0799899 0.862742
9.9964E-05 0.0574599 9.9964E-05 9.9964E-05 9.9964E-05 0.115559 0.826582
9.9973E-05 0.0544578 9.9973E-05 0.203201 9.9973E-05 0.0340815 0.70796
0.0984161 9.9973E-05 0.035553 0.461732 9.9973E-05 9.9973E-05 0.403999
0.0615561 0.0463587 0.0577551 0.568692 0.0221084 0.0743523 0.169178
0.00222041 0.0608067 9.9973E-05 0.483812 9.9973E-05 9.9973E-05 0.452861
0.157479 9.9973E-05 0.0541421 0.150866 9.9973E-05 9.9973E-05 0.637213
0.200229 9.9964E-05 9.9964E-05 0.23976 9.9964E-05 9.9964E-05 0.559612
0.0841253 0.00531781 0.0722475 0.53875 0.0206518 0.0445246 0.234383
0.0687401 9.9973E-05 0.0453259 0.354471 9.9973E-05 9.9973E-05 0.531163
0.0927074 9.9973E-05 0.0158344 0.435792 9.9973E-05 9.9973E-05 0.455367
9.9982E-05 0.0492982 0.0073019 0.440085 9.9982E-05 0.024669 0.478446
9.9964E-05 0.110818 9.9964E-05 9.9964E-05 9.9964E-05 0.228174 0.660609
0.0283849 0.0283502 0.0448722 0.621791 0.00788819 0.0541301 0.214584
0.0647813 9.9973E-05 0.854263 0.0800859 9.9973E-05 9.9973E-05 0.000569702
9.9964E-05 9.9964E-05 0.925823 0.0722389 0.00153824 9.9964E-05 9.9964E-05
9.9964E-05 9.9964E-05 0.862813 0.0999129 0.0368744 9.9964E-05 9.9964E-05
9.9964E-05 9.9964E-05 0.921278 0.0274445 0.0508778 9.9964E-05 9.9964E-05
9.9973E-05 0.023398 0.958103 9.9973E-05 0.0162953 9.9973E-05 0.00190406
9.9973E-05 0.015342 0.852288 0.0804073 0.0516628 9.9973E-05 9.9973E-05
9.9955E-05 9.9955E-05 0.933825 0.0656756 9.9955E-05 9.9955E-05 9.9955E-05
0.0664179 0.0701644 0.0735956 0.494624 0.0385866 9.9991E-05 0.256512
0.0276892 0.0457652 0.117391 0.5234 0.0535929 0.0557298 0.176432
0.200917 9.9973E-05 0.0530804 0.0260023 9.9973E-05 9.9973E-05 0.7197
0.10783 0.0622976 0.0912995 0.539817 0.0301119 0.0212739 0.14737
0.139481 9.9973E-05 0.0344441 0.363738 9.9973E-05 9.9973E-05 0.462037
0.0490047 0.0121544 0.0771671 0.544166 9.9991E-05 0.00114588 0.316262
0.0260792 0.0358043 0.0128956 0.584432 9.9991E-05 0.0993236 0.241365
9.9982E-05 0.0517432 0.02335 0.477629 0.0532824 9.9982E-05 0.393796
0.292341 9.9964E-05 0.0309859 9.9964E-05 9.9964E-05 9.9964E-05 0.676273
0.0696444 0.0601884 0.0954172 0.49836 0.0384633 0.0167743 0.221152
0.0462802 0.0423719 0.0567753 0.667286 9.9991E-05 0.0449509 0.142236
0.0751799 0.0517816 0.133367 0.559339 0.0235716 0.0516113 0.10515
0.0280797 0.0673106 0.00640585 0.274175 0.00704647 0.154051 0.462932
9.9982E-05 0.0740346 0.0044006 0.493647 9.9982E-05 0.0237344 0.403983
0.14972 9.9973E-05 0.0207315 0.432437 9.9973E-05 9.9973E-05 0.396811
9.9982E-05 0.071284 9.9982E-05 0.37052 0.0149225 0.023414 0.51966
0.120279 9.9973E-05 0.0342187 0.452139 9.9973E-05 9.9973E-05 0.393064
0.0696754 9.9991E-05 0.131459 0.480599 0.0659355 0.0197076 0.232524
0.393796 0.165347 0.00293922 0.267423 0.0423913 0.103125 0.0249776
0.38468 9.9982E-05 0.0603129 0.435405 9.9982E-05 0.0989124 0.0204898
0.185304 0.064402 0.0760466 0.537096 0.0735906 0.0553442 0.00821648
0.142468 0.022431 0.0796059 0.590315 0.0372982 0.0381727 0.0897089
0.394957 9.9982E-05 0.0321192 0.515371 9.9982E-05 0.0297812 0.0275712
0.264276 0.0278854 0.0466825 0.611311 0.0209337 0.0288109 9.9991E-05
0.436334 0.0342479 0.0553078 0.47381 9.9973E-05 9.9973E-05 9.9973E-05
0.128947 0.0629488 0.0788492 0.518574 0.0368841 0.0887002 0.0850968
0.190484 0.0682014 0.0890426 0.624296 0.0148872 0.0107653 0.00232403
0.283615 0.0173595 0.0661313 0.612075 9.9982E-05 0.0206194 9.9982E-05
0.258539 0.0282657 0.0392269 0.580117 9.9991E-05 0.0233278 0.0704231
0.120367 0.0933919 0.0789864 0.622633 0.0351447 0.0493772 9.9991E-05
0.127546 0.107121 0.0407365 0.565057 0.0846264 0.0748131 9.9991E-05
0.154206 0.107596 9.9991E-05 0.551213 0.081687 0.0901772 0.0150213
0.17404 0.110399 0.0279181 0.563172 0.0603478 0.0640229 9.9991E-05
0.169733 0.130672 0.00782554 0.615096 0.0319662 0.00930454 0.0354022
0.256126 0.116744 0.0586056 0.289163 0.091985 0.164617 0.0227606
0.164952 0.0641868 0.0345676 0.619549 0.0480969 0.0583861 0.0102621
0.148011 0.101439 0.0204887 0.647954 0.0446923 0.0373149 9.9991E-05
0.566396 9.9991E-05 0.00456784 0.227512 0.0342977 0.0375726 0.129554
0.340724 0.228602 9.9991E-05 0.134555 0.0372325 0.202276 0.0565101
0.209378 0.0676599 0.0537905 0.52691 0.0118425 0.0598362 0.0705825
0.360504 0.275313 9.9991E-05 0.0475597 0.0112795 0.214888 0.0903556
0.535671 0.0315402 9.9982E-05 0.365499 9.9982E-05 0.0108527 0.0562361
0.425569 0.0423635 9.9973E-05 0.464381 9.9973E-05 9.9973E-05 0.0673866
0.464333 9.9982E-05 0.00608852 0.378144 9.9982E-05 0.0518578 0.0993761
0.50481 0.0441116 9.9982E-05 0.369907 9.9982E-05 0.0253365 0.055635
0.217786 0.0333038 0.0498937 0.615447 9.9991E-05 0.035553 0.0479167
0.18861 0.068793 0.0754419 0.580711 0.000500682 0.0307027 0.055241
0.231888 0.0643969 0.0209186 0.568009 0.0323198 0.00243794 0.0800296
0.417346 0.122931 9.9991E-05 0.175269 0.00366639 0.201163 0.0795247
0.159896 0.000177046 0.124338 0.52419 0.0372934 0.0709283 0.0831769
0.104354 0.142217 0.0492413 0.48144 0.0162735 0.206374 9.9991E-05
0.0923344 0.115028 0.0562975 9.9982E-05 9.9982E-05 0.646526 0.0896135
0.0423642 0.0143526 0.0247301 0.692024 0.0434731 0.179261 0.00379476
0.0730828 0.108137 0.0564464 0.317922 0.0328214 0.308342 0.10325
0.0378492 0.0430231 0.117909 0.526089 0.035241 0.192541 0.0473483
0.138372 0.0155429 0.0502501 0.253639 9.9991E-05 0.482971 0.0591257
0.168122 0.0936972 0.000131712 0.103703 9.9991E-05 0.56567 0.0685757
0.118505 0.0754064 0.022028 0.385071 0.0222157 0.302231 0.0745423
0.073554 0.0451212 0.0743846 0.489257 0.0689452 0.186721 0.0620174
0.0854104 0.0655932 0.149077 0.44642 0.0316243 0.162558 0.0593166
0.138325 0.120305 9.9991E-05 0.0866967 0.0917249 0.401626 0.161223
0.0774718 0.121498 0.0613802 0.508224 0.0862398 0.118679 0.0265075
0.117806 0.098277 9.9982E-05 0.319519 9.9982E-05 0.396992 0.0672063
0.103156 0.0893576 9.9982E-05 0.46187 9.9982E-05 0.290279 0.0551374
0.055064 0.0561859 0.0662699 0.579875 0.0776943 0.0984211 0.0664893
0.0242739 9.9991E-05 0.314002 0.142498 0.252719 0.261402 0.00500501
9.9964E-05 9.9964E-05 0.428299 9.9964E-05 0.135377 0.435924 9.9964E-05
9.9964E-05 9.9964E-05 0.405135 9.9964E-05 0.11697 0.477495 9.9964E-05
0.027205 9.9982E-05 0.310775 0.0761902 0.268746 0.316883 9.9982E-05
9.9973E-05 0.0539493 9.9973E-05 0.624242 9.9973E-05 0.214621 0.106888
0.0202121 0.0984213 0.0892911 0.644473 9.9991E-05 0.0848246 0.062678
9.9955E-05 9.9955E-05 9.9955E-05 0.3203 0.679201 9.9955E-05 9.9955E-05
0.100986 9.9982E-05 0.0275195 0.365906 0.449896 9.9982E-05 0.0554927
0.096447 0.0721668 0.0348548 0.386808 0.381744 0.0226765 0.00530309
0.0427538 0.186862 9.9982E-05 0.293893 9.9982E-05 0.443342 0.0329494
0.143622 0.0555757 0.065756 0.436639 0.0475748 0.167967 0.0828659
0.0884444 0.11239 9.9982E-05 0.256665 9.9982E-05 0.514672 0.0276285
9.9982E-05 0.0782716 0.0412701 0.603864 9.9982E-05 0.220571 0.0558236
0.0634001 0.130761 0.00529221 0.476729 0.00495438 0.318763 9.9991E-05
9.9973E-05 0.0721795 9.9973E-05 0.603181 9.9973E-05 0.314185 0.0101546
0.0145135 0.0845102 9.9982E-05 0.236704 9.9982E-05 0.617518 0.0465537
9.9982E-05 9.9982E-05 0.0580211 0.639089 0.0401251 0.220172 0.0423935
0.0373972 0.108608 0.0984607 0.576692 0.00427873 0.120901 0.0536623
0.00312473 9.9964E-05 9.9964E-05 0.0362535 0.960222 9.9964E-05 9.9964E-05
9.9973E-05 0.0405805 9.9973E-05 0.0658375 0.8905 9.9973E-05 0.00278249
0.0696246 0.00116886 0.0345271 0.254661 0.575958 9.9991E-05 0.0639612
0.021245 0.00652552 9.9973E-05 0.31546 0.65647 9.9973E-05 9.9973E-05
0.0621843 9.9964E-05 9.9964E-05 0.115981 0.821434 9.9964E-05 9.9964E-05
9.995E-05 9.995E-05 9.995E-05 9.995E-05 0.9994 9.995E-05 9.995E-05
0.0552979 9.9964E-05 9.9964E-05 0.0102948 0.934007 9.9964E-05 9.9964E-05
9.9964E-05 9.9964E-05 9.9964E-05 0.144749 0.851079 9.9964E-05 0.00377238
0.0336763 9.9955E-05 9.9955E-05 9.9955E-05 0.965824 9.9955E-05 9.9955E-05
9.995E-05 9.995E-05 9.995E-05 9.995E-05 0.9994 9.995E-05 9.995E-05
9.995E-05 9.995E-05 9.995E-05 9.995E-05 0.9994 9.995E-05 9.995E-05
0.0151181 9.9982E-05 0.0141952 0.176692 0.770249 9.9982E-05 0.0235454
0.0554315 9.9982E-05 0.0355576 0.13651 0.762074 9.9982E-05 0.0102271
9.995E-05 9.995E-05 9.995E-05 9.995E-05 0.9994 9.995E-05 9.995E-05
0.0817312 0.0159655 0.0885712 0.325717 0.397342 9.9991E-05 0.0905727
0.0531146 0.0376753 0.0503713 0.233556 0.623623 0.00155998 9.9991E-05
0.0181729 9.9973E-05 0.0315868 0.174047 0.775893 9.9973E-05 9.9973E-05
9.9973E-05 9.9973E-05 0.00475036 0.0918057 0.897846 9.9973E-05 0.00529843
9.995E-05 9.995E-05 9.995E-05 9.995E-05 0.9994 9.995E-05 9.995E-05
9.9964E-05 9.9964E-05 0.0166497 0.0255832 0.957367 9.9964E-05 9.9964E-05
9.995E-05 9.995E-05 9.995E-05 9.995E-05 0.9994 9.995E-05 9.995E-05
0.000771582 9.9982E-05 0.0679447 0.227718 0.633448 9.9982E-05 0.0699178
9.9964E-05 0.00226785 9.9964E-05 9.9964E-05 0.972952 9.9964E-05 0.0243805
0.012458 0.0354783 0.239608 0.00106688 0.0416419 0.669646 9.9991E-05
0.0658456 9.9982E-05 0.178347 0.342136 0.101166 0.312304 9.9982E-05
9.9991E-05 0.0542585 0.0954109 0.480004 0.0509746 0.316075 0.00317669
9.9973E-05 9.9973E-05 0.135324 0.222653 0.0895245 0.552199 9.9973E-05
0.0546375 0.0139128 0.129065 0.477761 0.087491 0.209233 0.0278993
9.9991E-05 0.0483973 0.192832 0.110314 0.115041 0.526397 0.00691775
0.0521472 0.0917123 0.176569 0.413456 0.0915601 0.15703 0.017525
9.9973E-05 9.9973E-05 0.118993 0.336577 0.105672 0.438458 9.9973E-05
9.9973E-05 9.9973E-05 0.153892 0.493696 0.105889 0.246222 9.9973E-05
9.9973E-05 9.9973E-05 0.142548 0.407897 0.0829375 0.366318 9.9973E-05
9.9991E-05 0.0448112 0.171094 0.437919 0.135245 0.168285 0.0425451
9.9964E-05 9.9964E-05 0.892903 0.0673001 9.9964E-05 0.0393972 9.9964E-05
9.9982E-05 0.0262008 0.871131 9.9982E-05 0.0735921 0.0256195 0.00325683
0.0293191 0.00066058 0.940582 0.0291381 9.9973E-05 9.9973E-05 9.9973E-05
9.9964E-05 9.9964E-05 0.949714 9.9964E-05 9.9964E-05 0.0410604 0.00882534
0.0329155 9.9964E-05 0.889116 0.077569 9.9964E-05 9.9964E-05 9.9964E-05
9.9973E-05 9.9973E-05 0.956582 0.00811606 0.0119223 0.0230795 9.9973E-05
0.00308146 9.9964E-05 0.922621 0.0738979 9.9964E-05 9.9964E-05 9.9964E-05
0.0550155 0.0074535 0.928285 0.00894653 9.9973E-05 9.9973E-05 9.9973E-05
0.00983323 9.9991E-05 0.874692 0.0541079 0.0128051 0.027334 0.0211275
0.0186571 9.9982E-05 0.892411 0.00723222 0.0268024 0.0546975 9.9982E-05
0.279071 9.9973E-05 0.589856 9.9973E-05 9.9973E-05 0.0875752 0.0431987
0.345664 0.0100206 0.604144 9.9982E-05 9.9982E-05 0.00824168 0.0317298
0.330349 9.9973E-05 0.51797 9.9973E-05 9.9973E-05 0.0919331 0.0594473
0.40139 9.9973E-05 0.466756 9.9973E-05 9.9973E-05 0.0848678 0.0466855
0.123209 9.9982E-05 0.0920495 0.472374 9.9982E-05 0.0220374 0.29013
0.0982646 0.0287926 0.0380342 0.439809 0.0671142 9.9991E-05 0.327886
0.153857 0.0369942 0.0342619 0.562118 0.01273 9.9991E-05 0.199939
0.313717 0.00314789 0.0245739 0.372415 0.00444143 0.00522123 0.276483
0.606202 0.0488955 9.9991E-05 0.220763 0.0282994 0.0249829 0.070758
0.0724088 0.0799231 0.0415152 0.609779 0.00868849 0.00440275 0.183282
0.153409 0.00658109 9.9982E-05 0.589702 0.000259415 9.9982E-05 0.249849
0.0384774 0.124306 9.9982E-05 0.500607 9.9982E-05 0.0460637 0.290347
9.9982E-05 0.0577195 9.9982E-05 0.338654 0.0107192 0.0105017 0.582206
0.0698646 0.0506196 0.0498695 0.616768 0.0304103 0.0322076 0.15026
0.100594 9.9973E-05 0.00387319 0.433382 9.9973E-05 9.9973E-05 0.461851
0.00703555 0.110318 9.9973E-05 9.9973E-05 9.9973E-05 0.0956525 0.786694
0.159748 0.0502117 0.0579551 0.535605 0.0744867 9.9991E-05 0.121894
9.9973E-05 0.0824367 9.9973E-05 0.15055 9.9973E-05 0.135581 0.631133
0.0203095 0.032463 0.0308795 0.499793 0.0167416 0.0152647 0.384548
0.214666 9.9973E-05 0.0119421 0.121713 9.9973E-05 9.9973E-05 0.651379
0.795175 9.9964E-05 0.145338 9.9964E-05 9.9964E-05 0.0590871 9.9964E-05
0.768718 0.0470241 0.103415 0.0585311 9.9982E-05 0.0221124 9.9982E-05
0.778386 0.00624757 0.113212 0.0180195 9.9991E-05 0.0736327 0.0104017
0.829289 0.00611909 0.121695 9.9973E-05 9.9973E-05 0.0425969 9.9973E-05
0.786866 0.0480628 0.0484603 0.101193 9.9982E-05 0.0152181 9.9982E-05
0.752398 0.0177557 0.0765024 0.106173 0.00105879 0.0460117 9.9991E-05
0.0126078 0.000102834 0.866381 0.0226918 0.0532423 9.9991E-05 0.0448744
0.0321712 0.00412637 0.81912 0.122422 0.0219606 9.9982E-05 9.9982E-05
0.0197686 0.0152834 0.789647 0.146827 0.0282743 9.9982E-05 9.9982E-05
9.9973E-05 9.9973E-05 0.834107 0.0252738 0.0722123 9.9973E-05 0.0681075
0.00144012 9.9982E-05 0.779067 0.139837 0.0461925 0.0332641 9.9982E-05
0.540297 9.9964E-05 0.377835 9.9964E-05 9.9964E-05 0.0814685 9.9964E-05
0.502583 0.055593 0.441424 9.9964E-05 9.9964E-05 9.9964E-05 9.9964E-05
0.515152 0.0294084 0.440191 0.0149487 9.9973E-05 9.9973E-05 9.9973E-05
0.0305072 0.00446251 0.851088 0.0932627 0.0204794 9.9982E-05 9.9982E-05
0.534711 0.066669 0.395322 9.9973E-05 9.9973E-05 0.00299739 9.9973E-05
9.9982E-05 0.0191575 0.258077 0.271095 0.279541 0.171929 9.9982E-05
0.0722035 9.9982E-05 0.101729 0.519363 0.233523 0.0729812 9.9982E-05
9.9964E-05 9.9964E-05 0.21229 0.563714 0.223596 9.9964E-05 9.9964E-05
9.9991E-05 0.00282923 0.25557 0.323851 0.26003 0.147183 0.0104357
0.049065 9.9991E-05 0.175743 0.581143 0.0844012 0.0864443 0.023104
9.9964E-05 9.9964E-05 0.413162 9.9964E-05 0.31102 0.275418 9.9964E-05
0.37905 0.0857859 9.9982E-05 0.446457 9.9982E-05 0.0300124 0.0584949
0.201589 0.16711 9.9991E-05 0.418421 0.0204942 0.111003 0.0812831
0.542227 0.0222466 9.9982E-05 0.307777 9.9982E-05 0.0390418 0.0885078
0.168556 0.16988 9.9982E-05 0.520212 9.9982E-05 0.0780993 0.0630523
0.312425 0.286662 9.9973E-05 9.9973E-05 9.9973E-05 0.337441 0.0631719
0.179282 0.00678662 0.0886188 0.594818 9.9991E-05 0.080474 0.0499202
0.155466 0.15693 0.0390738 0.513161 0.0443313 0.0723281 0.0187099
0.479834 0.00144568 0.0174589 0.368507 9.9991E-05 0.0884179 0.0442367
0.161135 0.0516988 0.0900448 0.505578 0.018429 0.0292011 0.143913
0.309997 0.125953 9.9982E-05 0.14558 9.9982E-05 0.306561 0.111709
0.196261 0.104235 0.00312994 0.544038 9.9991E-05 0.11552 0.0367162
0.355818 0.0102926 0.00802817 0.530036 9.9991E-05 0.0102534 0.0854719
0.113208 0.038137 0.0880608 0.416595 0.151068 0.114704 0.0782274
0.296936 0.106821 9.9991E-05 0.332812 0.0205816 0.137452 0.105298
0.223972 0.128461 9.9991E-05 0.403061 0.0117261 0.175482 0.0571987
0.226201 0.125064 9.9991E-05 0.5678 0.0341968 0.0170625 0.0295761
0.157111 0.104772 9.9982E-05 0.534058 9.9982E-05 0.11531 0.0885486
0.132743 0.0651149 9.9991E-05 0.659463 0.0460488 0.0935112 0.00301934
0.117611 0.0879355 0.0718506 0.583777 0.0374517 0.0858567 0.0155173
0.145895 0.0247506 0.0826181 0.604734 0.0298265 0.0805279 0.0316472
9.9964E-05 9.9964E-05 0.842951 0.115532 0.0411172 9.9964E-05 9.9964E-05
9.9955E-05 9.9955E-05 0.884826 0.114674 9.9955E-05 9.9955E-05 9.9955E-05
0.00860929 9.9982E-05 0.908546 0.0436827 9.9982E-05 0.0331423 0.00582003
9.9982E-05 0.00971126 0.882105 0.00823766 0.0770145 9.9982E-05 0.022732
9.9955E-05 9.9955E-05 0.89506 0.10444 9.9955E-05 9.9955E-05 9.9955E-05
0.613815 9.9991E-05 0.0236729 0.156169 0.0222962 0.102985 0.0809629
0.171434 0.167953 0.0275539 0.532938 0.0224359 0.077585 9.9991E-05
0.0248157 0.0473674 0.224149 0.411419 0.189535 0.0936739 0.00904019
0.230666 0.0161489 0.0228752 0.625673 0.0574952 9.9991E-05 0.0470419
0.373457 9.9991E-05 0.0226588 0.504751 0.0243619 0.0019057 0.0727657
0.293775 0.151496 9.9991E-05 0.300356 0.00139337 0.227137 0.0257431
0.774237 9.9982E-05 0.0539533 0.0346968 9.9982E-05 0.0815856 0.055327
0.375603 9.9991E-05 0.0443232 0.477758 0.0162791 0.015193 0.0707432
0.622541 0.0153024 0.030621 0.268295 0.0331469 0.0207006 0.00939386
0.210314 0.0428221 9.9991E-05 0.461299 0.0543919 0.126643 0.10443
0.660712 0.0485776 0.0725405 0.171647 9.9991E-05 0.0379387 0.00848486
0.282776 0.0213569 0.0366532 0.55702 0.0684095 9.9991E-05 0.0336842
0.579532 0.0157253 0.0360704 0.155338 0.0264855 0.0803512 0.106498
0.304505 0.142159 9.9991E-05 0.196579 0.135098 0.118236 0.103322
0.161692 0.0106315 0.0476888 0.530921 0.0066368 0.19552 0.0469098
0.0891469 0.102652 9.9982E-05 0.303648 9.9982E-05 0.439276 0.0650777
0.0350073 0.0531717 0.0178232 0.536289 9.9991E-05 0.333217 0.024392
0.0673454 0.0351018 0.0719928 0.579241 9.9982E-05 0.246119 9.9982E-05
0.0969921 0.0283405 9.9982E-05 0.249604 9.9982E-05 0.56958 0.0552831
0.0594622 0.0516031 0.091116 0.599565 9.9991E-05 0.143431 0.0547227
0.0723218 0.0976959 0.0171624 0.531815 9.9991E-05 0.250494 0.0304111
0.0413396 0.161521 9.9982E-05 0.127957 9.9982E-05 0.559217 0.109766
0.0332191 0.0370707 9.9982E-05 0.210872 9.9982E-05 0.64388 0.074759
0.0780296 0.0732432 9.9982E-05 0.457606 9.9982E-05 0.364614 0.0263071
0.078218 0.0763767 9.9982E-05 0.0825073 9.9982E-05 0.583832 0.178866
0.11105 0.0290631 9.9982E-05 0.435206 9.9982E-05 0.380246 0.0442352
0.713758 0.0332783 9.9982E-05 0.137488 0.0334311 9.9982E-05 0.0818441
0.404382 0.255381 9.9991E-05 0.173135 0.0730418 0.0611361 0.0328235
0.457524 0.0171308 0.00720931 0.407342 0.0670591 9.9991E-05 0.0436344
0.230882 0.0425458 0.0316348 0.539241 0.0694419 9.9991E-05 0.0861554
0.581276 0.0287901 9.9982E-05 0.225849 0.0342972 9.9982E-05 0.129588
0.122771 0.0624624 0.0785948 0.553342 0.0310315 0.0891479 0.0626498
0.257554 0.0471439 0.0454903 0.567505 0.0219153 0.0288514 0.0315406
0.227189 0.0876805 0.000302722 0.477088 0.0346648 0.0640594 0.109016
0.287996 0.0723054 0.0360394 0.500617 0.0683995 9.9991E-05 0.0345423
0.446725 0.00204112 9.9991E-05 0.500891 0.0329074 0.0071878 0.0101476
0.54583 0.0466542 9.9982E-05 0.235242 0.0519081 9.9982E-05 0.120165
0.468852 0.0375023 0.0177156 0.420038 0.0331 9.9991E-05 0.0226917
0.227942 0.0823628 9.9991E-05 0.560906 0.0470694 0.0593704 0.0222497
0.138043 0.0404444 0.0176912 0.605349 0.0758648 0.0697599 0.0528475
0.258405 0.0739431 0.016978 0.265752 0.12912 0.143706 0.112096
0.207629 0.150196 9.9991E-05 0.430997 0.10028 0.032378 0.0784204
0.485359 0.021397 9.9982E-05 0.32834 0.0748733 9.9982E-05 0.0898307
0.268171 0.0400509 0.03721 0.516497 0.0600401 0.038779 0.0392526
0.297762 0.0712671 0.0142152 0.443198 0.0979517 9.9991E-05 0.0755065
0.140615 0.0498503 0.105046 0.577081 0.012669 0.0630258 0.0517138
0.0856574 9.9982E-05 0.31339 0.420848 0.136291 0.043614 9.9982E-05
0.0473938 0.0542848 0.130844 0.515261 0.161954 0.0741035 0.0161591
0.0392086 0.075006 0.174759 0.430186 0.139427 0.0682698 0.0731435
0.0237422 0.0637452 0.133719 0.567947 0.104206 0.106541 9.9991E-05
9.9982E-05 9.9982E-05 0.191675 0.442074 0.195701 0.148689 0.0216603
0.189321 0.156592 9.9982E-05 0.494167 9.9982E-05 0.151652 0.0080689
0.0240978 0.0388252 0.198611 0.419242 0.132689 0.0867785 0.0997557
0.111977 0.0392271 0.166528 0.0679153 0.187324 0.417223 0.00980509
0.0965257 0.00375193 0.102917 0.57218 0.121919 0.102606 9.9991E-05
0.039652 0.0354272 0.140425 0.563902 0.118392 0.0932146 0.00898694
0.0131348 0.0543571 0.104985 0.564312 0.129484 0.0921322 0.0415953
0.0349954 0.116862 0.166558 0.305497 0.0981342 0.240713 0.0372414
0.0444469 9.9982E-05 0.1848 0.532945 0.153932 0.0836761 9.9982E-05
0.0680722 0.074535 0.116186 0.492401 0.154704 0.0940013 9.9991E-05
9.9964E-05 9.9964E-05 0.444715 9.9964E-05 0.131223 0.423662 9.9964E-05
0.0742357 0.0412553 0.179675 0.446474 0.174632 0.00381964 0.0799082
9.9982E-05 0.0199445 0.179982 0.519305 0.194158 0.08641 9.9982E-05
0.051747 0.104938 0.109025 0.591822 0.081933 0.0604347 9.9991E-05
9.9982E-05 0.0691343 0.186449 0.537582 0.158127 0.0485082 9.9982E-05
0.0246522 9.9991E-05 0.190384 0.561164 0.0738658 0.131466 0.018369
9.9973E-05 0.462392 0.0765986 0.431744 9.9973E-05 9.9973E-05 0.0289655
0.0797397 0.291446 0.0446383 0.45432 0.0668002 9.9991E-05 0.0629554
0.0347919 0.891126 9.9973E-05 9.9973E-05 9.9973E-05 0.0562088 0.0175735
0.0605527 0.889479 9.9964E-05 9.9964E-05 9.9964E-05 0.0495684 9.9964E-05
0.0566234 0.318429 0.0833362 0.453214 9.9991E-05 0.0298591 0.0584391
9.9982E-05 0.102402 0.116215 0.406521 0.276308 0.0983537 9.9982E-05
9.9982E-05 0.235353 0.158516 0.29726 0.293781 0.0148902 9.9982E-05
9.9982E-05 0.285184 0.159105 0.143367 0.301602 0.110542 9.9982E-05
9.9982E-05 0.248875 0.144898 0.324102 0.243268 0.0386574 9.9982E-05
9.9982E-05 0.70201 0.0825882 0.00710744 0.0595382 0.148556 9.9982E-05
9.9982E-05 0.689314 0.107752 0.0898199 0.0465637 0.0663507 9.9982E-05
9.9982E-05 0.384597 0.012275 0.529041 0.0432237 0.030664 9.9982E-05
9.9973E-05 0.483822 0.0575441 0.36145 0.0968839 9.9973E-05 9.9973E-05
9.9973E-05 0.728617 0.0498254 0.148289 0.072969 9.9973E-05 9.9973E-05
0.0572246 0.310951 0.0485608 0.518018 0.0650452 9.9982E-05 9.9982E-05
9.9973E-05 0.344575 0.0572247 0.555256 0.0426437 9.9973E-05 9.9973E-05
0.0420487 0.283758 0.107467 0.490759 0.0627895 0.0040813 0.00909726
9.9964E-05 0.669787 0.0339324 0.295881 9.9964E-05 9.9964E-05 9.9964E-05
0.0940006 0.488569 0.0199465 0.334218 9.9991E-05 0.0430545 0.0201118
0.0233638 0.355225 0.0589743 0.475076 9.9982E-05 9.9982E-05 0.0871607
0.118976 0.372194 0.00740498 0.403676 0.0394813 0.0306993 0.0275696
0.0386381 0.197389 0.123192 0.475003 0.028179 0.054038 0.0835611
0.0319919 0.431607 0.0096478 0.411316 9.9991E-05 0.0589433 0.0563949
0.0115839 0.844034 9.9964E-05 0.143983 9.9964E-05 9.9964E-05 9.9964E-05
9.9955E-05 0.421208 9.9955E-05 0.578293 9.9955E-05 9.9955E-05 9.9955E-05
0.117461 0.757998 9.9964E-05 0.124142 9.9964E-05 9.9964E-05 9.9964E-05
9.9964E-05 0.530358 0.0370545 0.432188 9.9964E-05 9.9964E-05 9.9964E-05
0.028452 0.326052 0.104452 0.516729 9.9991E-05 0.00229762 0.0219179
0.0994384 0.31921 0.030126 0.475303 0.0685296 9.9991E-05 0.00729227
0.0173788 0.0819837 0.204324 0.498883 0.11205 0.0852811 9.9991E-05
0.10398 0.1133 0.148077 0.432522 0.110567 0.065437 0.0261178
9.9982E-05 0.0807015 0.184192 0.328666 0.259377 0.146863 9.9982E-05
0.0203812 0.103783 0.198786 0.345128 0.204818 0.127003 9.9991E-05
0.0841052 0.036348 0.154559 0.42117 0.185511 0.0841129 0.0341941
9.9991E-05 0.203463 0.178018 0.423758 0.135685 0.0341658 0.024812
9.9973E-05 0.723979 0.183932 9.9973E-05 0.0724097 0.0193797 9.9973E-05
9.9982E-05 0.160726 0.118288 0.521841 0.193036 0.00590911 9.9982E-05
9.9973E-05 0.362373 0.311062 9.9973E-05 0.0825193 0.243746 9.9973E-05
9.9973E-05 0.356677 0.0580824 0.459067 0.125873 9.9973E-05 9.9973E-05
9.9955E-05 0.946612 9.9955E-05 0.0528882 9.9955E-05 9.9955E-05 9.9955E-05
9.9955E-05 0.951227 9.9955E-05 9.9955E-05 9.9955E-05 9.9955E-05 0.0482731
9.9955E-05 0.559265 9.9955E-05 0.440235 9.9955E-05 9.9955E-05 9.9955E-05
9.9964E-05 0.427728 9.9964E-05 0.561218 0.0106546 9.9964E-05 9.9964E-05
9.9955E-05 0.649856 9.9955E-05 0.349644 9.9955E-05 9.9955E-05 9.9955E-05
9.9955E-05 0.471836 9.9955E-05 0.527664 9.9955E-05 9.9955E-05 9.9955E-05
9.9955E-05 0.47905 9.9955E-05 0.52045 9.9955E-05 9.9955E-05 9.9955E-05
0.0621248 0.0120211 0.869685 0.00625075 0.0149998 0.0348188 9.9991E-05
0.0850956 0.0434882 0.749006 9.9991E-05 0.0739959 0.0158197 0.0324943
0.0385377 0.00471527 0.926194 0.0173766 0.010818 0.00225811 9.9991E-05
9.9964E-05 9.9964E-05 0.940139 0.0221511 9.9964E-05 0.03731 9.9964E-05
0.0478595 9.9991E-05 0.0359273 0.528255 0.0189152 0.0229858 0.345957
0.0794292 0.0160933 0.0649124 0.538693 0.0236272 0.00191389 0.275331
0.0401986 9.9973E-05 0.0207431 0.504126 9.9973E-05 9.9973E-05 0.434632
0.0793761 9.9991E-05 0.0692786 0.58758 0.0144351 0.00250902 0.246721
0.070788 9.9982E-05 0.0565678 0.612781 9.9982E-05 0.172179 0.0874848
0.117589 9.9973E-05 0.052308 0.279807 9.9973E-05 9.9973E-05 0.549996
9.9973E-05 0.000164955 0.0271142 0.599374 9.9973E-05 9.9973E-05 0.373047
9.9982E-05 0.0740575 9.9982E-05 0.232381 0.0219447 0.110518 0.560899
0.0891224 0.0181788 0.307058 0.404225 0.174528 9.9991E-05 0.0067882
0.010539 0.105706 9.9991E-05 0.405933 0.0119894 0.0818396 0.383894
0.0950929 9.9973E-05 0.00826918 0.337345 9.9973E-05 9.9973E-05 0.558993
0.0308554 0.0151446 9.9991E-05 0.511892 0.0153627 0.0535372 0.373108
0.111693 9.9982E-05 0.0156628 0.386814 0.0235088 9.9982E-05 0.462121
9.9964E-05 0.06163 9.9964E-05 0.550879 9.9964E-05 9.9964E-05 0.387091
0.00165908 0.0536544 0.083575 0.533082 9.9982E-05 9.9982E-05 0.327829
9.9964E-05 0.0750971 9.9964E-05 9.9964E-05 9.9964E-05 0.0950831 0.82942
9.9982E-05 0.0841879 9.9982E-05 0.30307 0.000209765 0.069265 0.543068
9.9982E-05 0.01292 9.9982E-05 0.361152 0.00107872 0.0524738 0.572176
9.9964E-05 0.0610441 9.9964E-05 9.9964E-05 9.9964E-05 0.1512 0.787356
0.126698 9.9973E-05 0.0517691 0.396319 9.9973E-05 9.9973E-05 0.424913
9.9973E-05 0.0546498 9.9973E-05 0.0468879 9.9973E-05 0.227671 0.670491
9.9964E-05 0.0116317 9.9964E-05 9.9964E-05 9.9964E-05 0.179253 0.808715
0.0100432 0.0368011 0.0614707 0.563295 9.9991E-05 0.0122482 0.316042
0.17784 9.9973E-05 0.0426359 0.166436 9.9973E-05 9.9973E-05 0.612788
0.121376 0.0100402 0.00711048 0.480928 0.00507501 0.0344615 0.341008
9.9982E-05 9.9982E-05 0.110228 0.531794 0.0633312 0.0540566 0.24039
0.0708742 9.9973E-05 0.0384962 0.504335 9.9973E-05 9.9973E-05 0.385995
0.313319 0.122759 9.9991E-05 0.363984 0.00546943 0.10979 0.0845774
0.0897242 0.0419637 0.0177179 0.572699 0.00725546 9.9991E-05 0.270539
0.115633 9.9973E-05 0.0358466 0.502938 9.9973E-05 9.9973E-05 0.345282
9.9982E-05 0.0982855 9.9982E-05 0.294411 0.0177291 0.0128171 0.576557
0.129513 9.9991E-05 0.0869577 0.502175 0.043657 0.0371603 0.200437
0.280747 9.9964E-05 0.666139 9.9964E-05 9.9964E-05 0.0527135 9.9964E-05
0.136026 9.9982E-05 0.7688 0.000213607 9.9982E-05 0.0366206 0.0581398
0.121938 9.9964E-05 0.843438 9.9964E-05 9.9964E-05 0.0342241 9.9964E-05
0.144263 9.9964E-05 0.817128 9.9964E-05 9.9964E-05 0.0382096 9.9964E-05
0.176404 9.9982E-05 0.724895 0.00271417 9.9982E-05 0.0944409 0.00134651
0.149637 9.9973E-05 0.070141 0.128079 9.9973E-05 9.9973E-05 0.651844
0.139395 9.9973E-05 0.0417832 0.10545 9.9973E-05 9.9973E-05 0.713072
9.9982E-05 0.0320769 9.9982E-05 0.162781 0.00171316 0.0627266 0.740502
0.0432275 0.135591 0.103718 0.49549 0.054412 9.9991E-05 0.167462
0.06213 0.0424686 0.121256 0.537885 0.0746846 9.9991E-05 0.161475
9.9991E-05 0.0219662 0.00138777 0.231733 0.0451562 0.0676853 0.631972
9.9991E-05 0.0414657 0.0146459 0.581348 0.047558 0.0151409 0.299742
9.9991E-05 0.0538988 0.0297504 0.366484 0.027201 0.0511496 0.471416
0.0551787 0.0337937 0.057511 0.469844 0.00442464 9.9991E-05 0.379148
9.9973E-05 9.9973E-05 0.0745176 0.558685 0.0512143 9.9973E-05 0.315283
0.163421 9.9964E-05 9.9964E-05 0.206636 9.9964E-05 9.9964E-05 0.629543
0.142373 9.9964E-05 9.9964E-05 0.277154 9.9964E-05 9.9964E-05 0.580072
0.116971 9.9973E-05 0.017216 0.30375 9.9973E-05 9.9973E-05 0.561763
0.0538163 9.9973E-05 0.0642982 0.621415 9.9973E-05 0.260171 9.9973E-05
0.100824 9.9973E-05 0.0162114 0.384654 9.9973E-05 9.9973E-05 0.498011
0.100474 9.9982E-05 0.0268857 0.380622 0.0252423 9.9982E-05 0.466576
0.0132263 9.9982E-05 0.0735323 0.452071 0.346635 0.114335 9.9982E-05
9.9991E-05 0.00971772 0.134291 0.34975 0.406899 0.0780839 0.021158
9.9973E-05 9.9973E-05 0.0984473 0.446849 0.395724 0.0586797 9.9973E-05
9.9982E-05 0.0201448 0.176539 0.25937 0.494315 0.0494313 9.9982E-05
0.0729865 9.9982E-05 0.0852622 0.509016 0.267364 0.0651716 9.9982E-05
9.9982E-05 0.0191955 0.0651065 0.516953 9.9982E-05 0.203859 0.194685
9.9964E-05 9.9964E-05 0.231093 9.9964E-05 0.657021 0.111485 9.9964E-05
9.9982E-05 9.9982E-05 0.16057 0.270098 0.509815 0.0434285 0.0158885
9.9991E-05 0.0489902 0.175456 0.374589 0.115637 0.262856 0.0223716
0.0740975 9.9982E-05 0.107706 0.547092 9.9982E-05 0.253368 0.0175371
0.0760112 0.0233071 0.104487 0.512302 9.99888E-05 0.283694 9.99888E-05
0.0177551 9.9982E-05 0.0780539 0.605849 0.0206621 0.27748 9.9982E-05
0.0678298 9.9973E-05 0.109216 0.586597 9.9973E-05 0.236057 9.9973E-05
9.9973E-05 9.9973E-05 0.194918 0.335273 0.465307 0.00420247 9.9973E-05
0.0173611 0.0113627 0.150326 0.372052 0.392776 0.0290152 0.0271074
9.9973E-05 9.9973E-05 0.089033 0.400947 0.490003 0.019717 9.9973E-05
0.0328961 0.011165 0.113963 0.486449 0.255453 0.0999734 9.9991E-05
9.9991E-05 0.0300908 0.156185 0.234735 0.473245 0.0852335 0.0204111
0.0164242 0.0257351 0.101205 0.41516 0.344479 0.0470025 0.0499941
0.00685382 0.0141157 0.105695 0.254951 0.528731 0.069644 0.0200092
0.0557952 0.0146221 0.110163 0.373953 0.3424 0.0862603 0.0168077
0.0101471 9.9982E-05 0.0718483 0.524793 9.9982E-05 0.363049 0.0299633
9.9991E-05 0.0336049 0.171051 0.373961 0.364334 0.0234428 0.0335061
9.9982E-05 0.00119279 0.206631 0.119199 0.603529 0.0692482 9.9982E-05
0.0534086 9.9991E-05 0.122223 0.390178 0.341708 0.0445486 0.0478342
0.120571 9.9982E-05 0.124163 0.331279 9.9982E-05 0.380263 0.043524
9.9982E-05 0.0188503 0.00272495 0.657816 0.00214093 0.318268 9.9982E-05
0.0423525 0.0254064 0.14148 0.394006 0.346426 0.0502294 9.9991E-05
0.0971956 9.9973E-05 0.123133 0.536049 9.9973E-05 0.243323 9.9973E-05
0.0860619 9.9973E-05 0.124423 0.519548 9.9973E-05 0.269667 9.9973E-05
9.9991E-05 0.0659325 0.18041 0.360047 0.184294 0.136589 0.0726277
9.9982E-05 0.0768019 0.205906 0.327518 0.278036 0.111539 9.9982E-05
0.0384036 9.9991E-05 0.0718271 0.635073 0.0588325 0.161958 0.0338064
0.0431448 0.0342021 0.123019 0.385126 0.324384 0.0542367 0.0358866
0.014386 9.9982E-05 0.0995138 0.40826 0.432456 9.9982E-05 0.045184
9.9982E-05 0.00637321 0.180151 0.133202 0.615563 0.0645108 9.9982E-05
0.0222225 0.0906103 0.136283 0.650987 0.00811908 0.0916783 9.9991E-05
0.0515706 9.9982E-05 0.111155 0.447963 9.9982E-05 0.343773 0.0453378
9.9964E-05 9.9964E-05 0.032 0.198458 9.9964E-05 0.769142 9.9964E-05
0.0487553 0.0047978 0.157917 0.566387 9.9991E-05 0.13842 0.0836229
0.173084 0.0960964 0.0500645 0.419928 0.0220686 0.238658 9.9991E-05
9.9991E-05 0.0183571 0.15024 0.430462 0.161082 0.191608 0.0481512
0.0890237 9.9991E-05 0.157073 0.506033 0.0613942 0.171062 0.0153144
9.9964E-05 9.9964E-05 0.309386 9.9964E-05 0.104488 0.585726 9.9964E-05
9.9964E-05 9.9964E-05 0.226517 9.9964E-05 0.0622424 0.710841 9.9964E-05
9.9991E-05 0.0257962 0.146272 0.291892 0.0893082 0.414325 0.0323066
9.9973E-05 9.9973E-05 0.278326 0.071639 0.135672 0.514063 9.9973E-05
9.9964E-05 9.9964E-05 0.409018 9.9964E-05 0.177682 0.4129 9.9964E-05
9.9982E-05 0.0329117 0.178125 0.364377 0.087563 0.336824 9.9982E-05
0.0119972 0.0171187 0.228477 0.357988 0.137215 0.218132 0.0290728
9.9973E-05 9.9973E-05 0.227442 0.166343 0.150813 0.455102 9.9973E-05
9.9973E-05 9.9973E-05 0.201485 0.102499 0.0934083 0.602307 9.9973E-05
9.9982E-05 9.9982E-05 0.122569 0.443703 0.1315 0.269583 0.0324447
9.9973E-05 9.9973E-05 0.174526 0.167626 0.120278 0.53727 9.9973E-05
9.9964E-05 9.9964E-05 0.246429 9.9964E-05 0.0523567 0.700814 9.9964E-05
0.0790204 0.079604 0.126946 0.479607 0.119041 0.0501338 0.0656479
9.9982E-05 0.00915207 0.173415 0.351768 0.133685 0.33178 9.9982E-05
0.00688845 9.9991E-05 0.303326 0.436257 0.149885 0.0662804 0.037262
9.9973E-05 9.9973E-05 0.165557 0.626799 0.18169 0.0256549 9.9973E-05
9.9982E-05 0.00982698 0.131702 0.537714 0.207044 0.113513 9.9982E-05
9.9982E-05 0.0380432 0.138159 0.487774 0.204196 0.131628 9.9982E-05
0.0263781 9.9991E-05 0.358974 0.301086 0.198851 0.0669699 0.0476412
0.0235727 0.0097647 0.225313 0.493165 0.157724 0.0651134 0.0253466
9.9982E-05 9.9982E-05 0.272415 0.488518 0.161109 0.0563773 0.0213812
9.9982E-05 0.0208213 0.227356 0.292919 0.227058 0.231645 9.9982E-05
0.130353 9.9991E-05 0.196679 0.3093 0.103777 0.0336902 0.2261
0.01337 9.9991E-05 0.154742 0.48994 0.128118 0.0960008 0.117729
0.0944461 0.0331575 0.0813208 0.506036 0.177077 0.107863 9.9991E-05
0.0548672 0.0517099 0.117012 0.570448 0.11807 9.9991E-05 0.0877923
0.0257076 9.9982E-05 0.225921 0.428885 0.195602 0.123684 9.9982E-05
0.0221891 0.0733656 0.208521 0.504655 0.152996 0.0381733 9.9991E-05
9.9973E-05 9.9973E-05 0.307094 0.0458596 0.30389 0.342856 9.9973E-05
0.00388222 0.0431986 0.17007 0.496118 0.188367 0.0469235 0.0514411
9.9982E-05 0.0088403 0.279719 0.199609 0.282398 0.229234 9.9982E-05
0.176068 9.9973E-05 0.794934 9.9973E-05 0.0137436 0.0149546 9.9973E-05
0.795063 0.024856 0.0217723 0.0849224 0.0315548 9.9991E-05 0.0417313
0.9994 9.995E-05 9.995E-05 9.995E-05 9.995E-05 9.995E-05 9.995E-05
0.9994 9.995E-05 9.995E-05 9.995E-05 9.995E-05 9.995E-05 9.995E-05
0.979148 9.9955E-05 9.9955E-05 0.0203527 9.9955E-05 9.9955E-05 9.9955E-05
0.987047 9.9955E-05 9.9955E-05 9.9955E-05 0.0124532 9.9955E-05 9.9955E-05
0.957788 9.9955E-05 9.9955E-05 0.0417123 9.9955E-05 9.9955E-05 9.9955E-05
0.995338 9.9955E-05 0.00416211 9.9955E-05 9.9955E-05 9.9955E-05 9.9955E-05
0.86744 9.9955E-05 0.132061 9.9955E-05 9.9955E-05 9.9955E-05 9.9955E-05
0.0354394 9.9982E-05 0.896627 0.0155533 9.9982E-05 0.0289318 0.0232489
0.12716 0.0197814 0.780312 0.0724466 9.9973E-05 9.9973E-05 9.9973E-05
0.0137695 0.0327951 0.885534 0.0105837 0.012866 0.00822847 0.0362227
0.0683063 9.9973E-05 0.874081 0.02191 9.9973E-05 0.0354024 9.9973E-05
0.0819046 9.9982E-05 0.871344 0.0273929 0.00319493 9.9982E-05 0.0159634
0.0551407 9.9991E-05 0.883752 0.0335762 0.0116629 0.0130052 0.00276274
0.0378361 0.00743032 0.749769 0.0995712 0.0728018 0.0324915 9.9991E-05
9.9955E-05 9.9955E-05 0.916195 0.0833056 9.9955E-05 9.9955E-05 9.9955E-05
0.0639922 0.0281237 0.696927 0.0838139 0.0718909 0.0551523 9.9991E-05
9.9964E-05 9.9964E-05 0.913543 0.0319196 0.0541374 9.9964E-05 9.9964E-05
9.9955E-05 0.0219278 0.977572 9.9955E-05 9.9955E-05 9.9955E-05 9.9955E-05
0.0226737 9.9973E-05 0.898307 0.0742061 0.004513 9.9973E-05 9.9973E-05
0.00120482 0.00527745 0.973388 9.9973E-05 9.9973E-05 9.9973E-05 0.0198302
9.9964E-05 0.0351289 0.951883 0.0125885 9.9964E-05 9.9964E-05 9.9964E-05
9.9982E-05 9.9982E-05 0.889735 0.0853128 0.0120078 0.00168911 0.0110551
9.9955E-05 9.9955E-05 0.9249 0.0745998 9.9955E-05 9.9955E-05 9.9955E-05
9.9964E-05 9.9964E-05 0.866051 0.0842214 0.0493276 9.9964E-05 9.9964E-05
9.9964E-05 9.9964E-05 0.839815 0.114563 0.0452223 9.9964E-05 9.9964E-05
9.9964E-05 9.9964E-05 0.831591 0.0934504 0.0745587 9.9964E-05 9.9964E-05
0.126131 9.9982E-05 0.086245 0.417479 9.9982E-05 0.347778 0.0221668
0.0303757 9.9973E-05 0.0710808 0.679412 9.9973E-05 0.218832 9.9973E-05
0.0547339 0.0417078 0.106668 0.574215 0.050481 0.118371 0.0538232
9.9964E-05 9.9964E-05 9.9964E-05 0.129981 9.9964E-05 0.788312 0.0813065
0.124384 9.9973E-05 0.0722147 0.514723 9.9973E-05 0.288379 9.9973E-05
9.9964E-05 9.9964E-05 0.0204326 0.132869 9.9964E-05 0.846298 9.9964E-05
9.9982E-05 0.0454536 0.0533254 0.608635 0.0511139 0.241272 9.9982E-05
0.128091 9.9982E-05 0.113244 0.412435 9.9982E-05 0.271062 0.0749681
0.0473274 9.9973E-05 0.134825 0.497999 9.9973E-05 0.319548 9.9973E-05
0.0381628 9.9982E-05 0.0532328 0.489177 0.00257865 9.9982E-05 0.416649
0.106741 9.9982E-05 0.0968284 0.463175 9.9982E-05 0.262499 0.0705562
9.9991E-05 0.0325557 0.0590889 0.666835 0.00628457 0.20797 0.0271659
0.0779442 0.00873071 0.0669873 0.550591 9.9982E-05 0.295547 9.9982E-05
0.445113 0.202358 9.9982E-05 9.9982E-05 0.0707292 0.155893 0.125707
0.0428156 0.0393181 9.9982E-05 0.0438066 9.9982E-05 0.86502 0.00883967
0.0146071 9.9973E-05 0.000587414 0.200886 9.9973E-05 0.78362 9.9973E-05
0.0442835 9.9982E-05 0.082016 0.644887 9.9982E-05 0.223997 0.00461608
0.0151001 9.9982E-05 0.0198353 0.526058 0.00034274 0.438464 9.9982E-05
9.9973E-05 9.9973E-05 0.0719327 0.591109 9.9973E-05 0.281492 0.0551666
