0.0274385 0.904978 9.9973E-05 9.9973E-05 0.0449626 0.022321 9.9973E-05
0.00307151 0.97626 0.0115717 9.9973E-05 0.0087966 9.9973E-05 9.9973E-05
0.0122241 0.877249 0.0498913 0.00486583 0.0151539 0.0405159 9.9991E-05
0.00314075 0.843418 9.9973E-05 0.00807129 9.9973E-05 0.14507 9.9973E-05
0.0183754 0.911595 9.9964E-05 9.9964E-05 9.9964E-05 0.0696299 9.9964E-05
0.0751539 0.654617 0.0125301 0.128076 0.0429609 0.083764 0.00289799
0.0154801 0.782104 0.0133857 0.172169 0.0132548 0.0035063 9.9991E-05
0.111135 0.694317 9.9991E-05 0.143949 0.0239034 0.0102875 0.0163087
0.145867 0.821724 9.99639E-05 0.0320087 9.99639E-05 9.99639E-05 9.99639E-05
0.0579317 0.739405 9.9991E-05 0.119693 0.0138085 0.0616376 0.00742423
0.0145053 0.72117 9.9973E-05 0.142588 9.9973E-05 0.121437 9.9973E-05
0.438014 0.0348056 0.100073 0.151452 9.9982E-05 0.275455 9.9982E-05
0.264358 0.0642509 0.0293173 0.0514648 0.00172676 0.588782 9.9991E-05
0.431482 9.9982E-05 0.0429282 0.140716 0.0784321 0.306242 9.9982E-05
0.475614 0.00715226 0.0268749 0.0820798 0.12362 0.284559 9.9991E-05
0.278368 0.0734245 0.0178451 0.0606488 0.125503 0.44411 9.9991E-05
0.173766 0.045231 0.0522673 0.0445361 0.0296819 0.618789 0.0357281
0.245449 0.0112282 0.0773146 0.103046 0.0109251 0.551937 9.9991E-05
0.349569 0.116806 0.0308035 0.138069 0.0273712 0.337281 9.9991E-05
0.691823 9.9973E-05 0.0769013 0.145857 9.9973E-05 0.0851183 9.9973E-05
0.321586 9.9982E-05 0.097543 0.068533 0.0306204 0.481518 9.9982E-05
0.150441 9.9991E-05 0.0650108 0.243656 0.0431433 0.466454 0.0311951
0.1866 0.0211614 0.118424 0.0587282 0.00165572 0.60778 0.00565102
0.411103 0.0436805 0.0881501 0.135167 0.0401062 0.281693 9.9991E-05
0.1423 0.0980221 9.9991E-05 0.04059 0.0638198 0.621448 0.0337203
0.257614 0.0394789 0.0337328 0.0884685 0.00743545 0.57317 9.9991E-05
0.499319 0.0407522 0.0795637 0.102918 0.00103012 0.276317 9.9991E-05
0.3913 0.0306804 0.0643922 0.144026 0.0367905 0.332711 9.9991E-05
0.470425 9.9973E-05 0.0686188 0.16975 9.9973E-05 0.290906 9.9973E-05
9.9964E-05 0.889335 9.9964E-05 9.9964E-05 0.0298311 0.0804337 9.9964E-05
9.9955E-05 0.863998 9.9955E-05 9.9955E-05 9.9955E-05 0.135502 9.9955E-05
0.00583172 0.820622 9.9973E-05 9.9973E-05 0.0739533 0.0992936 9.9973E-05
9.9973E-05 0.743403 9.9973E-05 0.000425001 0.0684322 0.18744 9.9973E-05
0.136802 0.0735735 0.185593 0.0750026 9.9991E-05 0.524507 0.00442222
0.113497 0.0753619 0.271169 9.9991E-05 0.0611588 0.472574 0.0061398
9.9982E-05 0.0385811 0.357814 9.9982E-05 0.0419528 0.55717 0.00428213
0.596547 0.0564951 0.0875923 9.9982E-05 9.9982E-05 0.223093 0.0360733
9.9982E-05 9.9982E-05 0.594868 0.0591506 0.0212779 0.261982 0.0625217
0.14352 0.0800928 0.194406 9.9982E-05 0.0474804 0.534301 9.9982E-05
9.999E-05 0.0402844 0.210409 0.0490161 0.00244995 0.689443 0.00829819
0.0612691 0.0867335 0.032045 0.254102 9.9982E-05 0.565651 9.9982E-05
0.0934575 0.0525579 0.056251 0.13734 0.0186254 0.618624 0.0231446
0.187286 0.02641 0.644944 9.9973E-05 9.9973E-05 0.14106 9.9973E-05
0.0489913 0.0454959 0.0141844 0.247078 9.9982E-05 0.644051 9.9982E-05
0.0485955 0.0593261 0.274042 0.00730883 0.031936 0.565051 0.013741
0.0379955 0.119845 0.165861 0.00888371 0.0176846 0.619006 0.0307244
9.9973E-05 9.9973E-05 0.577325 0.0163077 9.9973E-05 0.313375 0.0926926
0.0419942 0.0858975 0.266146 0.0311323 9.9982E-05 0.57463 9.9982E-05
0.0301231 0.106109 0.14883 0.0446578 0.0174394 0.560167 0.0926728
0.0105317 9.9973E-05 0.671183 0.29444 9.9973E-05 9.9973E-05 0.0235451
0.584165 9.9982E-05 0.129462 0.0614841 9.9982E-05 0.201878 0.0228112
0.250332 9.9991E-05 0.129414 0.299415 0.0260049 0.15834 0.136394
0.137623 0.0721016 0.0670214 0.043493 0.0356263 0.552573 0.0915625
0.0884462 0.0697553 0.0315171 0.0952991 9.9991E-05 0.640853 0.0740296
0.0649981 0.0941142 0.0487287 0.0652493 0.0162599 0.626086 0.0845634
0.522063 0.10187 0.0966461 0.043941 0.00416406 0.231215 9.9991E-05
0.36127 9.9991E-05 0.0442646 0.00543444 0.00537215 0.562904 0.0206541
0.189993 0.0782742 0.0875371 0.0295382 0.0506775 0.56388 9.9991E-05
0.277519 0.116662 0.0470611 0.0954498 9.9991E-05 0.426484 0.0367251
0.500551 0.128161 0.0769792 0.133253 0.009528 0.151428 9.9991E-05
0.118143 0.0794971 0.123214 0.0618976 0.0310066 0.542014 0.044227
0.295246 0.0733708 0.0483909 0.0136664 0.0129814 0.485506 0.0708385
0.560055 0.0476826 0.122245 0.16431 9.9982E-05 0.105508 9.9982E-05
0.385594 9.9973E-05 0.0903086 9.9973E-05 9.9973E-05 0.458286 0.0655123
0.0581467 0.0201961 0.13071 0.0747911 0.0730402 0.551788 0.0913283
0.175119 0.0520202 9.9991E-05 0.0810998 0.0161825 0.626674 0.0488047
0.372897 0.0671609 0.138998 0.0771665 0.0273132 0.305342 0.0111215
0.244193 0.0191216 0.0133665 0.0617227 0.0566505 0.496151 0.108795
0.209892 0.0656099 0.0665004 9.9991E-05 0.0605863 0.525074 0.0722371
0.496691 0.0071376 0.0846807 0.143357 9.9991E-05 0.26088 0.00715446
0.0209842 0.0267299 0.472648 9.9973E-05 9.9973E-05 0.479338 9.9973E-05
0.0796542 0.0284429 0.707518 9.9973E-05 9.9973E-05 0.184085 9.9973E-05
0.0633902 0.079324 0.265632 9.9991E-05 0.0621935 0.476346 0.0530144
9.9964E-05 9.9964E-05 0.863957 0.0633259 9.9964E-05 9.9964E-05 0.0723168
9.9964E-05 9.9964E-05 0.892323 0.0604257 9.9964E-05 9.9964E-05 0.0468517
9.9964E-05 9.9964E-05 0.701055 9.9964E-05 9.9964E-05 0.249554 0.0489904
0.0800483 0.039078 0.413054 9.9973E-05 9.9973E-05 0.46752 9.9973E-05
0.0343113 0.118322 0.133635 0.0263072 0.0583911 0.547366 0.081668
9.9973E-05 9.9973E-05 0.442363 0.00864806 9.9973E-05 0.500495 0.0481942
0.196967 0.0595355 0.590858 9.9973E-05 9.9973E-05 0.15234 9.9973E-05
0.18099 0.0129461 0.536132 9.9982E-05 9.9982E-05 0.262834 0.00689726
0.07876 0.0976769 0.213069 9.9991E-05 0.0538423 0.532772 0.0237794
0.0426095 0.0498219 0.586095 9.9982E-05 0.00440221 0.316871 9.9982E-05
0.0871014 0.0350205 0.452294 9.9973E-05 9.9973E-05 0.425284 9.9973E-05
9.9964E-05 9.9964E-05 0.482989 9.9964E-05 9.9964E-05 0.449822 0.066789
9.9964E-05 9.9964E-05 0.679278 0.217796 9.9964E-05 9.9964E-05 0.102526
9.9991E-05 0.0139396 0.309226 0.0101476 0.0298911 0.609112 0.0275831
0.0612263 0.848988 9.9973E-05 9.9973E-05 0.00614001 0.0833462 9.9973E-05
9.9964E-05 0.926437 9.9964E-05 9.9964E-05 0.00615245 0.0670107 9.9964E-05
9.9964E-05 0.84979 9.9964E-05 9.9964E-05 0.0332153 0.116595 9.9964E-05
9.9964E-05 0.937089 9.9964E-05 9.9964E-05 0.0402808 0.0222301 9.9964E-05
9.9973E-05 0.961518 0.00173075 9.9973E-05 0.0253283 9.9973E-05 0.0111234
9.9973E-05 0.86699 9.9973E-05 9.9973E-05 0.0532864 0.0687654 0.010658
9.9955E-05 0.927791 9.9955E-05 9.9955E-05 9.9955E-05 0.0717094 9.9955E-05
0.052948 0.0977129 0.273303 9.9982E-05 0.0555809 0.520255 9.9982E-05
9.9991E-05 0.11484 0.187738 0.051348 0.0437228 0.572456 0.0297955
0.224078 0.046008 0.692022 9.9973E-05 9.9973E-05 0.0375923 9.9973E-05
0.0733164 0.0861196 0.170264 0.0401381 9.9991E-05 0.591809 0.0382528
0.102474 0.0403334 0.470445 9.9973E-05 9.9973E-05 0.386448 9.9973E-05
0.0414416 0.0605373 0.383191 9.9973E-05 9.9973E-05 0.51453 9.9973E-05
0.0168301 0.00222563 0.199346 0.0873763 9.9991E-05 0.60242 0.0917017
0.00194296 0.0373713 0.380281 9.9991E-05 0.0100328 0.534617 0.0356552
0.265664 0.0399869 0.658961 9.9973E-05 9.9973E-05 0.0350884 9.9973E-05
0.0694439 0.127905 0.189047 9.9991E-05 0.0452322 0.508955 0.0593162
0.0757764 0.0924602 0.103446 0.0665011 9.9982E-05 0.661616 9.9982E-05
0.126462 0.0478881 0.115923 0.0704201 0.0842886 0.54348 0.0115386
9.9991E-05 0.00692588 0.531302 0.166419 0.0189557 0.24299 0.0333075
9.9982E-05 0.000299315 0.442071 9.9982E-05 0.0288102 0.466852 0.0617681
0.136641 0.00628766 0.363186 9.9973E-05 9.9973E-05 0.493585 9.9973E-05
9.9964E-05 9.9964E-05 0.541287 9.9964E-05 9.9964E-05 0.399753 0.0585611
0.13503 0.065704 0.32081 9.9982E-05 9.9982E-05 0.457377 0.0208796
0.0702195 0.078074 0.211233 0.0515171 0.0271112 0.523445 0.0384003
0.395626 9.9991E-05 0.0191545 0.105785 0.0731783 0.252196 0.15396
0.372855 0.0373806 0.000345087 0.0901114 9.9991E-05 0.459865 0.0393436
0.169078 0.11164 9.9991E-05 0.0312981 0.0411082 0.557735 0.0890406
0.165723 0.115455 0.0690279 0.0338293 0.0148849 0.574564 0.0265154
0.392274 0.0345807 0.00158385 0.0225749 9.9991E-05 0.510077 0.0388092
0.257596 0.0323215 9.9991E-05 0.0363126 0.0335713 0.587307 0.0527917
0.419512 0.0533785 9.9973E-05 9.9973E-05 9.9973E-05 0.496414 0.0303953
0.203297 0.0719588 0.0289721 0.0522191 0.0514584 0.527808 0.0642863
0.166472 0.0447463 0.0236038 0.0785554 0.0328588 0.586587 0.0671771
0.294844 0.0429739 9.9973E-05 0.0647371 9.9973E-05 0.597145 9.9973E-05
0.301009 0.0259928 0.0314579 0.035692 9.9991E-05 0.596667 0.00908124
0.113599 0.0477307 0.0391365 0.0537734 0.0516532 0.624754 0.0693537
0.118822 0.102856 0.00566458 0.106975 0.0279535 0.624002 0.0137271
0.168467 9.9991E-05 0.0262241 0.0416279 0.0741639 0.580393 0.109025
0.0932255 0.114339 0.0284747 0.0865781 0.0247978 0.578313 0.074272
0.122173 0.03134 0.0215377 0.0259365 0.0230144 0.618201 0.157798
0.263506 0.0494533 0.0165119 0.170014 0.0538044 0.310081 0.136628
0.176236 0.0788185 9.9991E-05 0.00421172 0.041684 0.613329 0.0856203
0.133789 0.0115008 9.9991E-05 0.0321293 0.0311697 0.648514 0.142797
0.572152 0.035325 0.116431 0.00726615 0.0222128 0.224736 0.0218774
0.303972 9.9991E-05 0.0832731 0.232592 0.048045 0.132326 0.199692
0.196057 0.0701853 0.0347428 0.0613087 0.00690409 0.576652 0.05415
0.349541 9.9982E-05 0.105548 0.2459 9.9982E-05 0.0486359 0.250176
0.512304 9.9982E-05 0.0316024 0.0475619 9.9982E-05 0.382 0.0263317
0.391422 9.9973E-05 0.0964368 9.9973E-05 9.9973E-05 0.454563 0.0572782
0.481513 0.0207435 0.129996 9.9982E-05 9.9982E-05 0.35449 0.0130577
0.53013 9.9982E-05 0.0369958 0.0149267 9.9982E-05 0.38481 0.0329375
0.247305 0.0391676 0.0401849 0.0383641 0.0180661 0.610677 0.00623538
0.124798 0.112642 0.101016 0.03264 0.026703 0.553571 0.0486311
0.217587 0.0584165 0.0767969 0.0201086 0.00853151 0.569164 0.0493954
0.392137 9.9991E-05 0.0799661 0.186318 0.00764042 0.198976 0.134863
0.110605 0.133692 0.0210134 0.10984 0.0247461 0.552933 0.0471709
0.094128 0.0740887 0.0616184 0.178085 0.0373463 0.444184 0.110549
0.0916614 0.0446888 0.124498 0.604531 9.9982E-05 9.9982E-05 0.134421
0.0520367 0.0638757 0.0291977 0.113697 0.0226262 0.666678 0.051888
0.124706 0.0369243 0.106996 0.331144 0.0114466 0.304135 0.0846482
0.0520466 0.0782152 9.9991E-05 0.208322 0.0523023 0.493328 0.115687
0.115944 0.0360919 0.0458672 0.488609 9.9991E-05 0.240781 0.0726069
0.188396 9.9982E-05 0.0696536 0.516524 9.9982E-05 0.0979487 0.127277
0.111544 0.0116643 0.0762985 0.298557 9.9991E-05 0.411447 0.0903898
0.0955704 0.0929713 0.0726211 0.0955464 0.061282 0.477705 0.104303
0.0936192 0.144674 0.0774565 0.17543 0.0254533 0.436308 0.0470593
0.127912 0.00601678 0.158642 0.377288 0.0630228 0.110806 0.156313
0.0902306 0.0909471 9.9991E-05 0.0950105 0.054576 0.53594 0.133196
0.08553 9.9982E-05 0.093273 0.396399 9.9982E-05 0.316112 0.108487
0.0268688 9.9982E-05 0.122319 0.268293 9.9982E-05 0.450078 0.132241
0.0376977 0.117661 0.0718694 0.0931215 0.0153688 0.615909 0.0483728
0.0221403 0.326524 9.9982E-05 0.250651 0.238438 0.162047 9.9982E-05
9.9964E-05 0.427427 9.9964E-05 0.453586 0.118587 9.9964E-05 9.9964E-05
9.9964E-05 0.409804 9.9964E-05 0.465386 0.12441 9.9964E-05 9.9964E-05
0.000645097 0.307333 9.9982E-05 0.339815 0.261431 0.0905751 9.9982E-05
0.0154425 9.9982E-05 0.0528603 0.203395 9.9982E-05 0.622758 0.105343
0.00100645 0.0647149 0.0513933 0.140191 0.0200756 0.669006 0.0536126
9.9964E-05 9.9964E-05 0.0132089 9.9964E-05 0.663113 0.323278 9.9964E-05
0.0391223 0.0367371 0.0493251 9.9991E-05 0.418423 0.424623 0.0316695
0.0932618 0.0663891 0.062446 9.9991E-05 0.417117 0.342764 0.0179215
0.0651974 9.9982E-05 0.0681979 0.430246 9.9982E-05 0.277963 0.158196
0.0743323 0.0710168 0.0992708 0.125766 0.0492013 0.499421 0.0809924
0.0732628 9.9982E-05 0.00986908 0.522194 9.9982E-05 0.265938 0.128536
0.00639645 0.0441267 9.9982E-05 0.218415 9.9982E-05 0.609771 0.121092
0.0771222 0.00756291 9.9982E-05 0.278322 9.9982E-05 0.498554 0.138239
9.9973E-05 9.9973E-05 0.00188732 0.310542 9.9973E-05 0.591411 0.0958598
0.0316256 9.9982E-05 0.0790153 0.587665 9.9982E-05 0.205694 0.0957995
0.00179438 0.0338441 0.0712407 0.146594 0.0153747 0.641424 0.0897287
9.9982E-05 0.0943632 0.0359701 0.192915 9.9982E-05 0.608929 0.0676227
9.9955E-05 9.9955E-05 9.9955E-05 9.9955E-05 0.979349 0.0201515 9.9955E-05
9.9964E-05 9.9964E-05 9.9964E-05 9.9964E-05 0.890857 0.0803944 0.0283483
0.0598347 0.0515726 0.0380692 9.9991E-05 0.538788 0.302554 0.00908155
0.0173584 9.9973E-05 9.9973E-05 9.9973E-05 0.612076 0.348575 0.0216904
9.9964E-05 9.9964E-05 0.012039 9.9964E-05 0.793083 0.194478 9.9964E-05
9.995E-05 9.995E-05 9.995E-05 9.995E-05 0.9994 9.995E-05 9.995E-05
0.0398182 9.9964E-05 9.9964E-05 9.9964E-05 0.954065 9.9964E-05 0.00571674
9.9955E-05 9.9955E-05 9.9955E-05 9.9955E-05 0.840085 0.159415 9.9955E-05
0.0485384 9.9955E-05 9.9955E-05 9.9955E-05 0.950962 9.9955E-05 9.9955E-05
9.995E-05 9.995E-05 9.995E-05 9.995E-05 0.9994 9.995E-05 9.995E-05
9.995E-05 9.995E-05 9.995E-05 9.995E-05 0.9994 9.995E-05 9.995E-05
0.0155687 9.9964E-05 9.9964E-05 9.9964E-05 0.779309 0.204722 9.9964E-05
0.0137381 0.0605188 0.0242059 0.00631529 0.757487 0.137635 9.9991E-05
9.995E-05 9.995E-05 9.995E-05 9.995E-05 0.9994 9.995E-05 9.995E-05
0.0884933 0.076729 0.0348563 0.0306775 0.386346 0.347721 0.0351774
0.0360744 0.0311992 0.0221986 9.9991E-05 0.658252 0.25112 0.00105631
9.9973E-05 0.0435434 9.9973E-05 0.00552756 0.787129 0.1635 9.9973E-05
0.00212184 9.9964E-05 9.9964E-05 9.9964E-05 0.889563 0.107915 9.9964E-05
9.995E-05 9.995E-05 9.995E-05 9.995E-05 0.9994 9.995E-05 9.995E-05
9.9964E-05 0.000542505 9.9964E-05 9.9964E-05 0.960035 0.0390229 9.9964E-05
9.995E-05 9.995E-05 9.995E-05 9.995E-05 0.9994 9.995E-05 9.995E-05
9.9973E-05 0.0688251 0.0605132 9.9973E-05 0.623617 0.246745 9.9973E-05
0.0122926 9.9964E-05 0.0184042 9.9964E-05 0.968903 9.9964E-05 9.9964E-05
9.9973E-05 0.221296 9.9973E-05 0.645757 0.068186 9.9973E-05 0.0644615
0.08491 0.171138 9.9991E-05 0.281944 0.102718 0.356622 0.00256837
9.9973E-05 0.123164 9.9973E-05 0.363756 0.0392953 0.473485 9.9973E-05
9.9982E-05 0.137615 9.9982E-05 0.559985 0.0826261 0.216494 0.00307959
0.0717417 0.103699 0.0581193 0.212869 0.0954662 0.458005 9.9991E-05
0.00803775 0.170378 0.0137558 0.544618 0.106385 0.149744 0.00708257
0.0392985 0.145016 0.0114082 0.191971 0.109887 0.445428 0.0569908
9.9973E-05 0.160056 9.9973E-05 0.418988 0.0966192 0.324037 9.9973E-05
9.9982E-05 0.154716 9.9982E-05 0.259263 0.0839044 0.494131 0.00778537
9.9973E-05 0.150801 9.9973E-05 0.368004 0.082221 0.398674 9.9973E-05
0.0196505 0.157176 0.051056 0.205106 0.0787524 0.45145 0.0368095
0.0137518 0.890431 0.0139096 0.0350421 9.9982E-05 0.0466655 9.9982E-05
9.9973E-05 0.902235 0.00178997 9.9973E-05 0.0608122 9.9973E-05 0.0348629
0.0300148 0.947174 9.9964E-05 9.9964E-05 9.9964E-05 0.0224115 9.9964E-05
9.9964E-05 0.969844 0.00488372 0.0248721 9.9964E-05 9.9964E-05 9.9964E-05
0.0239571 0.915761 9.9973E-05 0.0069612 9.9973E-05 0.0530209 9.9973E-05
0.000546535 0.966807 9.9991E-05 0.00605772 0.00309645 0.020677 0.00271524
0.00164984 0.92557 9.9964E-05 9.9964E-05 9.9964E-05 0.0723807 9.9964E-05
0.058139 0.933363 9.9973E-05 9.9973E-05 9.9973E-05 0.00451581 0.0036822
9.9982E-05 0.898381 0.00748135 0.0593749 0.0126458 0.0219166 9.9982E-05
0.00729313 0.90395 9.9982E-05 0.0478426 0.0352209 0.00549381 9.9982E-05
0.336927 0.576198 0.0269974 0.0595771 9.9973E-05 9.9973E-05 9.9973E-05
0.326679 0.609706 0.00324226 0.0323439 9.9982E-05 9.9982E-05 0.0278283
0.322279 0.523181 0.0494943 0.104746 9.9973E-05 9.9973E-05 9.9973E-05
0.434024 0.432107 0.03797 0.0955999 9.9973E-05 9.9973E-05 9.9973E-05
0.160933 0.0726701 0.289789 0.0058234 0.0167001 0.453985 9.9991E-05
0.106125 0.0480819 0.273615 9.9982E-05 9.9982E-05 0.521508 0.0504711
0.196713 0.0438179 0.20402 9.9991E-05 0.0213966 0.526551 0.0074015
0.289743 0.0208907 0.290427 9.9973E-05 9.9973E-05 0.398639 9.9973E-05
0.612117 9.9991E-05 0.0429759 0.0575178 0.0136768 0.222219 0.0513938
0.0406206 0.0621535 0.159392 9.9982E-05 9.9982E-05 0.655136 0.0824982
0.128578 9.9982E-05 0.207156 9.9982E-05 0.026815 0.580105 0.057145
0.057133 9.9982E-05 0.24773 0.075728 9.9982E-05 0.539463 0.0797453
9.9973E-05 9.9973E-05 0.519699 9.9973E-05 0.00990773 0.393374 0.0767198
0.0147269 0.0813159 0.145071 0.0767253 0.0210669 0.57957 0.0815234
0.0777167 0.0207569 0.476089 9.9973E-05 9.9973E-05 0.425137 9.9973E-05
9.9964E-05 9.9964E-05 0.843149 0.0479457 9.9964E-05 9.9964E-05 0.108506
0.194404 0.0471822 0.086491 9.9991E-05 0.057393 0.566226 0.0482044
9.9982E-05 9.9982E-05 0.682748 0.0857302 0.00947579 0.135042 0.0868045
9.9982E-05 0.0328292 0.381177 9.9982E-05 0.00834871 0.527322 0.0501233
0.214517 0.00784653 0.608991 9.9973E-05 9.9973E-05 0.168345 9.9973E-05
0.78678 0.152254 9.9964E-05 0.0605666 9.9964E-05 9.9964E-05 9.9964E-05
0.730746 0.129913 9.9982E-05 0.0428715 9.9982E-05 0.0517899 0.0444797
0.758342 0.121412 0.0384103 0.0445378 9.9991E-05 0.00850511 0.0286921
0.815374 0.114076 9.9973E-05 0.036901 9.9973E-05 9.9973E-05 0.0333488
0.813625 0.0378679 9.9982E-05 0.0317449 9.9982E-05 0.0994099 0.0171526
0.751605 0.0515641 9.9991E-05 0.0685139 0.0343105 0.0853536 0.0085529
0.0187257 0.880501 0.0377096 9.9982E-05 0.0413522 0.0215119 9.9982E-05
0.0422289 0.833389 0.00901832 9.9982E-05 0.0151383 0.100026 9.9982E-05
0.00888706 0.782741 0.016409 0.00678477 0.0402806 0.137 0.00789691
0.0270935 0.824938 0.0454434 9.9982E-05 0.0811267 0.0211985 9.9982E-05
0.0177012 0.77445 0.00448479 0.0249244 0.0441764 0.134163 9.9991E-05
0.554479 0.389342 9.9964E-05 0.0557793 9.9964E-05 9.9964E-05 9.9964E-05
0.541652 0.43788 9.9973E-05 0.00769085 9.9973E-05 9.9973E-05 0.0124773
0.522048 0.426736 9.9982E-05 9.9982E-05 0.00507282 0.0108846 0.035058
0.0140495 0.854674 0.0058919 9.9982E-05 9.9982E-05 0.110628 0.0145564
0.543305 0.397924 9.9964E-05 9.9964E-05 9.9964E-05 9.9964E-05 0.0583707
9.9982E-05 0.251406 9.9982E-05 0.13984 0.301759 0.280309 0.0264862
0.0415231 0.157526 0.0395788 0.0431122 0.197216 0.520943 9.9991E-05
9.9973E-05 0.20773 9.9973E-05 9.9973E-05 0.214712 0.571168 0.00609057
9.9982E-05 0.27058 9.9982E-05 0.154894 0.254482 0.306174 0.0136699
0.0750095 0.154906 0.0659246 0.0604066 0.135617 0.480739 0.0273975
9.9973E-05 0.41465 9.9973E-05 0.280147 0.302432 9.9973E-05 0.00247122
0.403505 0.00412282 0.00428639 0.0785781 9.9991E-05 0.49233 0.0170784
0.177863 9.9991E-05 0.0709521 0.14028 0.011557 0.444615 0.154633
0.512823 9.9982E-05 0.0893345 0.0539743 9.9982E-05 0.318237 0.0254311
0.14094 9.9982E-05 0.0405601 0.123217 9.9982E-05 0.548931 0.146153
0.360733 9.9973E-05 0.0679637 0.284869 9.9973E-05 9.9973E-05 0.286135
0.126498 0.0822845 0.0314158 0.100833 0.0198342 0.543877 0.0952576
0.17236 9.9991E-05 0.0449013 0.104406 0.0410503 0.51786 0.119322
0.446787 0.0215812 0.0572368 0.0930196 9.9991E-05 0.333676 0.0475989
0.189073 0.110595 0.0770706 0.00551823 0.015058 0.586706 0.0159795
0.305384 9.9982E-05 0.136905 0.268199 9.9982E-05 0.141637 0.147675
0.158743 9.9991E-05 0.0365829 0.095467 0.00804647 0.580909 0.120151
0.346514 0.00464147 0.0689431 0.048349 9.9991E-05 0.505967 0.025485
0.106041 0.0975644 0.0754892 0.112122 0.139058 0.397371 0.0723546
0.25045 9.9991E-05 0.123841 0.146118 0.00658565 0.322536 0.15037
0.201177 9.9991E-05 0.0994255 0.120673 0.0406187 0.420851 0.117155
0.157427 0.019716 0.0574728 0.0538917 9.9991E-05 0.605813 0.10558
0.196252 9.9982E-05 0.061612 0.0829056 9.9982E-05 0.547457 0.111574
0.112554 0.0295237 0.0250327 0.0949457 0.0195502 0.650986 0.0674074
0.147759 0.103351 0.0567254 0.00270577 0.0306423 0.55446 0.104356
0.163874 0.0791393 0.0819865 0.053289 9.9982E-05 0.621511 9.9982E-05
9.9964E-05 0.851812 9.9964E-05 9.9964E-05 0.0312959 0.116492 9.9964E-05
9.9973E-05 0.881133 0.00395006 9.9973E-05 9.9973E-05 0.110402 0.00421552
0.0229111 0.902088 0.0250433 0.00969106 9.9982E-05 0.0400663 9.9982E-05
0.0151266 0.91383 9.9982E-05 9.9982E-05 0.054548 0.0015128 0.0147823
9.9955E-05 0.901776 9.9955E-05 9.9955E-05 9.9955E-05 0.0977239 9.9955E-05
0.597008 0.00221263 0.100737 0.0993307 0.0426353 0.155807 0.00226869
0.179233 0.0464308 0.0359581 0.0494602 0.0865204 0.509903 0.0924944
9.9982E-05 0.175643 9.9982E-05 0.149669 0.208614 0.436528 0.0293451
0.194113 0.0494186 0.0671137 9.9991E-05 0.0387349 0.617255 0.0332645
0.315215 0.0263592 0.121337 9.9982E-05 0.0294769 0.507412 9.9982E-05
0.294669 9.9991E-05 0.0574068 0.179094 0.00291647 0.290316 0.175497
0.75971 0.0547336 0.0851346 0.0648634 9.9982E-05 0.035358 9.9982E-05
0.369876 0.0542212 0.0885251 0.00693863 0.000810538 0.479529 9.9991E-05
0.580623 0.0312666 0.0183931 0.01095 0.0435132 0.264817 0.0504372
0.215609 0.0357258 0.119326 0.105344 0.0267654 0.44061 0.0566206
0.635609 0.0681301 9.9991E-05 0.0538834 0.00308401 0.20808 0.0311138
0.212096 0.0722619 0.0457521 9.9991E-05 0.0316354 0.59211 0.0460441
0.566779 0.0283115 0.0736435 0.128138 0.0134355 0.189592 9.9991E-05
0.291246 9.9991E-05 0.144676 0.109226 0.124505 0.193212 0.137036
0.0620016 0.0797479 0.0194299 0.220672 0.00937298 0.558874 0.0499023
0.0972859 9.9982E-05 0.0789093 0.437744 9.9982E-05 0.271652 0.114209
0.0457936 0.00306003 0.0526226 0.324356 9.9991E-05 0.54116 0.032908
0.0488514 0.0972787 0.029878 0.203272 0.00935595 0.523685 0.0876795
0.0449923 9.9982E-05 0.0900438 0.554752 9.9982E-05 0.281142 0.02887
0.0779663 0.0807843 0.106559 0.123956 0.029184 0.501023 0.0805274
0.0409115 0.0107413 0.0873409 0.26682 9.9991E-05 0.510243 0.0838432
0.0330492 9.9982E-05 0.127742 0.522563 9.9982E-05 0.130932 0.185514
0.019562 9.9982E-05 0.0671148 0.63347 9.9982E-05 0.20742 0.0722336
0.108212 9.9973E-05 9.9973E-05 0.367846 9.9973E-05 0.462025 0.0616168
0.0970878 9.9982E-05 0.180446 0.548958 9.9982E-05 0.042985 0.130323
0.127932 9.9982E-05 0.0542961 0.336325 9.9982E-05 0.436003 0.0452439
0.67302 0.00107995 0.120307 9.9991E-05 0.0346614 0.16296 0.00787256
0.375212 9.9991E-05 0.0783569 0.0425594 0.0954072 0.169729 0.238636
0.44877 0.0288201 0.0357332 9.9991E-05 0.0796282 0.389326 0.017623
0.271688 0.0626406 0.0879995 9.9982E-05 0.0215792 0.555893 9.9982E-05
0.585442 9.9982E-05 0.147889 9.9982E-05 0.0522329 0.213291 0.000945719
0.171004 0.0333788 0.0464483 0.0945136 0.0603888 0.536299 0.0579681
0.266953 0.0658764 0.0566176 0.0343667 9.9991E-05 0.56502 0.011066
0.271283 9.9991E-05 0.0761283 0.0438279 0.0610614 0.480889 0.0667096
0.271204 9.9991E-05 0.0423252 0.0222852 0.0522892 0.554622 0.0571742
0.451417 0.012442 0.00305527 9.9982E-05 0.0269916 0.505894 9.9982E-05
0.577665 9.9982E-05 0.11324 9.9982E-05 0.0195912 0.279034 0.01027
0.473486 9.9982E-05 0.0348544 9.9982E-05 0.0365662 0.429225 0.0256687
0.232298 9.9982E-05 0.0409353 0.0567403 9.9982E-05 0.595852 0.0739749
0.108531 0.0631003 0.0599826 0.0702063 0.0524651 0.587455 0.0582605
0.239132 0.041865 0.136118 0.0871394 0.0921743 0.303519 0.100053
0.240008 9.9991E-05 0.087472 0.0381133 0.0824565 0.462875 0.0889746
0.473547 0.0143998 0.0614275 0.00946073 0.0404418 0.391687 0.0090355
0.264143 0.00450457 0.0566261 0.0184487 0.0720569 0.54323 0.0409914
0.29471 0.0224754 0.0331691 9.9991E-05 0.0681887 0.49083 0.0905265
0.13819 0.0923678 0.0381663 0.0479896 9.9991E-05 0.607522 0.0756651
0.0577437 0.324887 9.9982E-05 0.0334675 0.116609 0.467092 9.9982E-05
0.0385654 0.133206 9.9991E-05 0.0820862 0.148034 0.543283 0.0547251
0.0940228 0.136979 0.0769984 0.0679402 0.150345 0.428979 0.0447357
0.0450571 0.0930572 0.0210052 0.121021 0.119584 0.543552 0.0567235
0.00532005 0.175668 0.0171974 0.133604 0.204478 0.458893 0.00484007
0.17686 9.9982E-05 0.0444413 0.0899608 9.9982E-05 0.481548 0.206991
0.0383524 0.150297 0.104163 0.0518888 0.133703 0.489119 0.0324759
0.0775721 0.183027 0.0717583 0.403597 0.177863 0.0369001 0.0492818
0.0806367 0.10985 9.9991E-05 0.115519 0.10219 0.588799 0.00290508
0.0566775 0.121235 0.0586014 0.0614516 0.180944 0.480885 0.0402049
0.0282409 0.0983921 0.0676446 0.0978929 0.141967 0.535727 0.0301354
0.0352221 0.203767 0.0375888 0.191748 0.0874876 0.32499 0.119196
0.0172798 0.190378 9.9982E-05 0.108295 0.10592 0.577928 9.9982E-05
0.0243115 0.149073 9.9991E-05 0.0695852 0.157132 0.488997 0.110802
9.9964E-05 0.449676 9.9964E-05 0.416251 0.133673 9.9964E-05 9.9964E-05
0.0907423 0.14446 0.0565885 0.0324173 0.183081 0.492611 9.9991E-05
9.9982E-05 0.151971 9.9982E-05 0.0822999 0.162 0.555031 0.0484976
0.0548535 0.094981 9.9991E-05 0.107238 0.077049 0.604071 0.0617067
9.9982E-05 0.17205 9.9982E-05 0.077193 0.198924 0.541544 0.0100894
9.9991E-05 0.209765 0.0505095 0.0860711 0.073725 0.546665 0.0331649
0.0190057 0.0671493 0.0159584 9.9991E-05 0.00148395 0.450529 0.445774
0.0923319 0.0369404 0.0583751 0.0109096 0.0141684 0.534239 0.253035
0.0593787 9.9964E-05 0.0481908 9.9964E-05 9.9964E-05 9.9964E-05 0.892031
0.0622846 0.00626169 9.9973E-05 0.00537514 9.9973E-05 9.9973E-05 0.925779
0.00126346 0.0949547 9.9991E-05 0.0234297 0.0394361 0.447078 0.393738
9.9991E-05 0.170206 0.00221175 0.102301 0.297654 0.335734 0.091793
9.9982E-05 0.159614 9.9982E-05 0.0324237 0.2609 0.321881 0.224981
9.9982E-05 0.171828 9.9982E-05 0.0927649 0.317989 0.150338 0.26688
9.9982E-05 0.151512 9.9982E-05 0.0770115 0.238495 0.337709 0.195072
9.9982E-05 0.0965272 9.9982E-05 0.113299 0.0457517 0.0284586 0.715763
9.9982E-05 0.102202 9.9982E-05 0.0698876 0.0629414 0.0976271 0.667142
9.9973E-05 9.9973E-05 9.9973E-05 0.00652396 0.0625984 0.556608 0.37397
9.9973E-05 0.104007 9.9973E-05 9.9973E-05 0.0809621 0.335355 0.479376
9.9973E-05 0.0508639 9.9973E-05 9.9973E-05 0.0602498 0.162239 0.726347
0.0348937 0.0695313 9.9991E-05 0.0598582 0.0591386 0.512746 0.263732
9.9973E-05 0.0370943 9.9973E-05 9.9973E-05 0.0546027 0.561645 0.346358
0.026648 0.0414186 0.0215841 0.0343189 0.0716688 0.501588 0.302773
0.0177052 0.013855 9.9973E-05 9.9973E-05 9.9973E-05 0.304833 0.663307
0.0856899 0.00777334 9.9982E-05 0.0249919 9.9982E-05 0.399185 0.48216
0.0117836 0.0734045 0.0623719 9.9991E-05 0.0225628 0.500834 0.328943
0.108193 0.0105471 9.9982E-05 9.9982E-05 0.0239356 0.443824 0.4133
0.0260541 0.124351 0.0840832 9.9991E-05 0.0287351 0.490418 0.24626
9.9973E-05 9.9973E-05 0.0206216 0.0728922 9.9973E-05 0.43347 0.472716
0.0388049 0.00388588 9.9973E-05 9.9973E-05 9.9973E-05 0.153525 0.803484
9.9964E-05 0.0230654 9.9964E-05 9.9964E-05 9.9964E-05 0.590911 0.385624
0.0910968 9.9973E-05 0.0191426 9.9973E-05 9.9973E-05 0.128205 0.761256
9.9964E-05 0.052035 9.9964E-05 9.9964E-05 9.9964E-05 0.403128 0.544437
0.013128 0.0878376 0.0609614 9.9991E-05 0.0105928 0.494655 0.332725
0.0236386 0.0759873 0.0434426 9.9991E-05 0.0134974 0.509173 0.334161
0.0350357 0.172976 9.9991E-05 0.109687 0.115699 0.46962 0.0968822
0.0326208 0.143853 0.0321512 0.0997606 0.126706 0.444124 0.120784
9.9982E-05 0.216534 9.9982E-05 0.180143 0.213803 0.330635 0.0586854
9.9982E-05 0.212078 9.9982E-05 0.163597 0.20463 0.334355 0.0851396
0.094741 0.143854 9.9991E-05 0.0990191 0.166864 0.429845 0.0655771
9.9991E-05 0.178626 0.0607646 0.0611658 0.137931 0.388867 0.172545
9.9973E-05 0.171765 9.9973E-05 0.0756368 0.0926562 9.9973E-05 0.659642
0.000704887 0.0920927 9.9991E-05 0.0614897 0.163656 0.559305 0.122651
9.9973E-05 0.324192 9.9973E-05 0.218407 0.0886323 9.9973E-05 0.368469
9.9973E-05 0.0741637 9.9973E-05 9.9973E-05 0.12898 0.482363 0.314194
9.9955E-05 9.9955E-05 9.9955E-05 9.9955E-05 9.9955E-05 0.0653433 0.934157
9.9955E-05 9.9955E-05 0.0707067 9.9955E-05 9.9955E-05 9.9955E-05 0.928794
9.9955E-05 9.9955E-05 9.9955E-05 9.9955E-05 9.9955E-05 0.440072 0.559428
9.9973E-05 0.039428 9.9973E-05 9.9973E-05 0.0174936 0.519465 0.423313
9.9955E-05 9.9955E-05 9.9955E-05 9.9955E-05 9.9955E-05 0.36272 0.636781
9.9964E-05 9.9964E-05 9.9964E-05 9.9964E-05 0.00729387 0.572179 0.420127
9.9955E-05 9.9955E-05 9.9955E-05 9.9955E-05 9.9955E-05 0.542983 0.456517
0.056278 0.883442 0.0210331 0.0129328 0.0143505 9.9991E-05 0.0118641
0.048503 0.761623 0.0367403 0.0453624 0.0279928 0.0630834 0.0166948
0.00307981 0.933268 9.9991E-05 0.00370397 0.0290127 0.00444131 0.0263939
9.9964E-05 0.942067 9.9964E-05 0.012966 9.9964E-05 0.0445675 9.9964E-05
9.9982E-05 0.00787221 0.330208 0.0718817 0.0673032 0.522535 9.9982E-05
0.0932022 0.0591209 0.290486 0.00463779 9.9982E-05 0.552353 9.9982E-05
0.0548032 0.0170139 0.419675 9.9973E-05 9.9973E-05 0.508208 9.9973E-05
0.0690377 0.116551 0.185158 0.0186732 9.9982E-05 0.61038 9.9982E-05
0.0813156 0.0992949 0.0845882 0.0973578 9.9991E-05 0.604939 0.0324048
0.121594 0.0568186 0.531824 9.9973E-05 9.9973E-05 0.289463 9.9973E-05
0.00986368 0.0189135 0.307784 9.9973E-05 9.9973E-05 0.663139 9.9973E-05
9.9982E-05 9.9982E-05 0.585311 0.0820306 0.00101059 0.259099 0.0723494
0.0787053 0.292864 9.9991E-05 0.0520974 0.144041 0.407766 0.0244258
0.026551 9.9991E-05 0.378901 0.0203814 0.0294678 0.399325 0.145274
0.107727 9.9964E-05 0.559226 9.9964E-05 9.9964E-05 0.332647 9.9964E-05
9.9973E-05 9.9973E-05 0.393893 0.023959 9.9973E-05 0.53851 0.0433376
0.125783 0.00671104 0.436438 9.9982E-05 0.0250054 0.405863 9.9982E-05
9.9982E-05 9.9982E-05 0.358534 0.00912379 0.00204516 0.574237 0.0558602
0.019224 0.0548041 0.378699 9.9982E-05 9.9982E-05 0.504302 0.0427708
9.9973E-05 9.9973E-05 0.866233 0.0505338 9.9973E-05 0.021003 0.0619303
9.9982E-05 9.9982E-05 0.549903 0.0732815 0.014493 0.312627 0.049496
9.9982E-05 9.9982E-05 0.575521 0.000758465 0.0156549 0.349387 0.0584787
9.9964E-05 9.9964E-05 0.831207 0.0965062 9.9964E-05 9.9964E-05 0.0718866
0.123463 0.039785 0.418545 9.9973E-05 9.9973E-05 0.417907 9.9973E-05
9.9973E-05 9.9973E-05 0.65006 0.205809 9.9973E-05 0.0855779 0.0582538
9.9964E-05 9.9964E-05 0.852092 0.132459 9.9964E-05 9.9964E-05 0.0150493
0.00724437 0.0448359 0.349875 9.9991E-05 0.00729717 0.550678 0.0399698
0.200315 0.0345265 0.568492 9.9973E-05 9.9973E-05 0.196366 9.9973E-05
0.102574 0.0337948 0.410003 0.00263168 9.9982E-05 0.450797 9.9982E-05
0.0471916 0.0823351 0.167068 0.0612301 0.0761748 0.515204 0.050797
0.108564 0.0178828 0.339721 9.9991E-05 0.0176949 0.51147 0.00456693
0.301779 9.9991E-05 0.0718644 0.114561 0.0160963 0.383124 0.112475
0.087779 0.0233325 0.281421 9.9982E-05 0.0104594 0.596808 9.9982E-05
0.115533 0.0210457 0.316675 9.9973E-05 9.9973E-05 0.546447 9.9973E-05
9.9973E-05 9.9973E-05 0.590464 0.0467295 9.9973E-05 0.329035 0.0334719
0.0653019 0.111298 0.261358 9.9991E-05 0.0286837 0.494893 0.0383655
0.305787 0.654059 9.9964E-05 0.0397543 9.9964E-05 9.9964E-05 9.9964E-05
0.154141 0.762938 0.0457183 0.0237146 9.9991E-05 0.00286002 0.0105281
0.132 0.840052 9.9964E-05 0.0275474 9.9964E-05 9.9964E-05 9.9964E-05
0.154493 0.826674 9.9964E-05 0.0184333 9.9964E-05 9.9964E-05 9.9964E-05
0.169047 0.724629 0.0203603 0.0756745 9.9982E-05 0.0100888 9.9982E-05
0.170949 0.0429944 0.646463 9.9973E-05 9.9973E-05 0.139294 9.9973E-05
0.145474 0.0602297 0.651074 9.9973E-05 9.9973E-05 0.142923 9.9973E-05
9.9982E-05 9.9982E-05 0.770289 0.0310981 0.0164387 0.170417 0.0115568
0.0500163 0.0856519 0.10062 0.0817581 0.0176565 0.589197 0.0751005
0.0487468 0.129442 0.184244 0.00537385 0.0328156 0.559434 0.0399443
9.9991E-05 0.00144752 0.640177 0.0775929 0.0233534 0.252699 0.00463013
9.9991E-05 0.00288551 0.336584 0.0184811 0.0739336 0.561286 0.00672952
9.9991E-05 0.0731265 0.424399 0.0258547 0.0207879 0.397793 0.0579395
0.104901 0.0108762 0.342803 9.9982E-05 9.9982E-05 0.516446 0.0247742
0.0213041 0.0460045 0.306828 0.0128584 0.0414869 0.571419 9.9991E-05
0.151889 9.9964E-05 0.612065 9.9964E-05 9.9964E-05 0.235646 9.9964E-05
0.0977826 9.9964E-05 0.575066 9.9964E-05 9.9964E-05 0.326751 9.9964E-05
0.105288 0.0118406 0.530812 9.9973E-05 9.9973E-05 0.351759 9.9973E-05
0.0372217 0.0856147 9.9982E-05 0.255576 0.000471159 0.620916 9.9982E-05
0.0579538 0.0316704 0.53882 9.9973E-05 9.9973E-05 0.371256 9.9973E-05
0.11008 0.043804 0.447986 9.9973E-05 9.9973E-05 0.39783 9.9973E-05
0.0205481 0.0906376 9.9991E-05 0.0816682 0.333001 0.461832 0.012213
0.0061423 0.132994 0.0116209 0.0818836 0.421427 0.345832 9.9991E-05
0.0354717 0.0942791 9.9982E-05 0.0235119 0.382958 0.463579 9.9982E-05
9.9973E-05 0.14027 9.9973E-05 0.0948855 0.465884 0.298661 9.9973E-05
0.0471247 0.0984599 9.9991E-05 0.0925213 0.286864 0.47076 0.00417028
9.9973E-05 0.0396405 0.193816 0.232335 9.9973E-05 0.533909 9.9973E-05
9.9973E-05 0.265094 9.9973E-05 0.0974742 0.618527 0.0186048 9.9973E-05
9.9991E-05 0.152828 0.0118544 0.0760273 0.474663 0.282848 0.0016794
9.9991E-05 0.164873 0.0122431 0.27642 0.130798 0.405741 0.00982462
0.0896844 0.0972831 0.0234854 0.279379 9.9982E-05 0.509968 9.9982E-05
0.0828743 0.0785615 9.9973E-05 0.327454 9.9973E-05 0.51081 9.9973E-05
0.0522204 0.0837169 0.00318085 0.246587 9.9982E-05 0.614094 9.9982E-05
0.0419559 0.122843 0.0124482 0.182116 0.0149008 0.625636 9.9991E-05
9.9973E-05 0.191137 9.9973E-05 0.035522 0.439976 0.333066 9.9973E-05
0.0121391 0.137658 0.00580027 0.0203241 0.324255 0.470442 0.0293822
9.9973E-05 0.098885 9.9973E-05 0.0132736 0.453938 0.433603 9.9973E-05
0.0575129 0.130811 0.0222239 0.0182805 0.262282 0.475419 0.0334702
0.0247823 0.172606 0.0167022 0.0581918 0.439958 0.271731 0.0160285
0.0614986 0.0815864 0.0491297 0.0201055 0.360043 0.426004 0.00163289
0.0328384 0.12961 9.9991E-05 0.0468148 0.538734 0.241546 0.0103565
0.0659585 0.121247 9.9991E-05 0.0380473 0.31327 0.448581 0.0127965
9.9973E-05 0.0593832 0.0510884 0.377101 9.9973E-05 0.512128 9.9973E-05
0.0346228 0.175943 0.0184547 0.0721629 0.348858 0.349859 9.9997E-05
9.9973E-05 0.209088 9.9973E-05 0.0709614 0.577586 0.142064 9.9973E-05
0.0539524 0.14808 0.0621075 0.0211684 0.319339 0.377821 0.0175312
0.147361 0.12004 0.0199201 0.404613 9.9982E-05 0.307866 9.9982E-05
9.9973E-05 0.00992713 9.9973E-05 0.334837 0.0256262 0.62931 9.9973E-05
0.00790172 0.184633 9.9991E-05 0.0661091 0.328012 0.386025 0.0272186
0.13197 0.0732223 9.9973E-05 0.244567 9.9973E-05 0.549941 9.9973E-05
0.0730706 0.130538 9.9973E-05 0.286378 9.9973E-05 0.509714 9.9973E-05
0.024792 0.182255 0.0393119 0.183556 0.199103 0.35235 0.0186333
9.9982E-05 0.206893 9.9982E-05 0.127938 0.239345 0.374871 0.050753
0.0568593 0.130401 0.0226808 0.147065 0.0557442 0.586365 0.000884843
0.0289559 0.14457 0.0916808 0.0337011 0.28658 0.414412 9.9991E-05
0.0202821 0.125034 0.0099368 0.0168706 0.372242 0.448144 0.00749033
9.9973E-05 0.191369 9.9973E-05 0.0690461 0.602249 0.137036 9.9973E-05
0.0706695 0.0728576 0.0537844 0.103181 0.0401232 0.627342 0.032042
0.0418781 0.0855568 0.0367149 0.376097 9.9982E-05 0.459553 9.9982E-05
9.9973E-05 0.0131534 9.9973E-05 0.791874 9.9973E-05 0.183929 0.0107441
0.00268294 0.121781 0.0559243 0.172115 9.9991E-05 0.634566 0.0128316
0.128129 0.0658135 0.033768 0.220619 0.0298437 0.410427 0.111399
9.9991E-05 0.150952 0.0302845 0.152225 0.145515 0.470058 0.0508663
0.090711 0.126306 0.00403994 0.152562 0.0851787 0.498819 0.0423832
9.9964E-05 0.300359 9.9964E-05 0.604717 0.0945241 9.9964E-05 9.9964E-05
9.9964E-05 0.233145 9.9964E-05 0.717788 0.0486669 9.9964E-05 9.9964E-05
9.9991E-05 0.153852 0.00325313 0.370818 0.0780055 0.335502 0.0584702
9.9973E-05 0.257004 9.9973E-05 0.530623 0.151493 0.0605802 9.9973E-05
9.9964E-05 0.402526 9.9964E-05 0.434137 0.162937 9.9964E-05 9.9964E-05
9.9991E-05 0.173375 0.00719352 0.317948 0.0689275 0.380269 0.0521868
0.0231949 0.184684 0.0213895 0.215495 0.13967 0.367576 0.0479899
9.9973E-05 0.223156 9.9973E-05 0.457315 0.141442 0.177787 9.9973E-05
9.9973E-05 0.187202 9.9973E-05 0.621891 0.101037 0.0895697 9.9973E-05
9.9991E-05 0.151418 0.0548435 0.212283 0.0861643 0.493213 0.00197887
9.9982E-05 0.173965 0.00867069 0.52703 0.102167 0.187968 9.9982E-05
9.9964E-05 0.265054 9.9964E-05 0.704064 0.0304828 9.9964E-05 9.9964E-05
0.0678201 0.132166 0.0676951 0.0670132 0.109323 0.500106 0.0558772
0.0198333 0.162808 9.9991E-05 0.325813 0.151662 0.321065 0.0187193
0.0332947 0.28723 0.00954349 0.0699498 0.145905 0.453977 9.9991E-05
9.9973E-05 0.164588 9.9973E-05 0.0370954 0.199151 0.598866 9.9973E-05
9.9991E-05 0.140832 0.00549216 0.177327 0.159614 0.513197 0.00343726
9.9991E-05 0.188702 0.0456377 0.0729151 0.203299 0.484109 0.0052373
0.0609408 0.347973 0.000729767 0.0707529 0.176379 0.343124 9.9991E-05
0.0369409 0.209071 9.9982E-05 0.0855482 0.154064 0.514176 9.9982E-05
0.00819749 0.283204 0.0237466 0.0267814 0.16281 0.495161 9.9991E-05
9.9982E-05 0.241241 9.9982E-05 0.181157 0.240505 0.302064 0.0348328
0.110593 0.167108 0.190932 0.0837956 0.116321 0.331149 9.9991E-05
0.00531201 0.188623 0.0225348 0.134566 0.0793953 0.569469 9.9991E-05
0.0627903 0.133118 0.0216297 0.100587 0.173571 0.504605 0.00369818
0.0878886 0.129653 0.0806322 9.9991E-05 0.10198 0.561759 0.0379867
0.0475863 0.238708 9.9982E-05 0.0979949 0.203091 0.41242 9.9982E-05
9.9982E-05 0.236809 9.9982E-05 0.0537308 0.131253 0.545391 0.0326158
9.9973E-05 0.312403 9.9973E-05 0.335122 0.296414 0.0557611 9.9973E-05
0.0425757 0.169877 9.9991E-05 0.0757925 0.143082 0.541467 0.0271063
9.9982E-05 0.248242 9.9982E-05 0.243128 0.290808 0.200429 0.0171928
0.173288 0.819269 9.9973E-05 0.00432743 0.00281523 9.9973E-05 9.9973E-05
0.784618 0.0594941 9.9982E-05 9.9982E-05 0.00275281 0.124885 0.0280502
0.9994 9.995E-05 9.995E-05 9.995E-05 9.995E-05 9.995E-05 9.995E-05
0.9994 9.995E-05 9.995E-05 9.995E-05 9.995E-05 9.995E-05 9.995E-05
0.967176 9.9955E-05 9.9955E-05 9.9955E-05 9.9955E-05 0.0323238 9.9955E-05
0.975657 9.9964E-05 9.9964E-05 9.9964E-05 0.0194906 9.9964E-05 0.0044527
0.959712 9.9955E-05 9.9955E-05 9.9955E-05 9.9955E-05 0.0397881 9.9955E-05
0.9994 9.995E-05 9.995E-05 9.995E-05 9.995E-05 9.995E-05 9.995E-05
0.850531 0.148969 9.9955E-05 9.9955E-05 9.9955E-05 9.9955E-05 9.9955E-05
0.0533496 0.900806 0.0223243 0.0232199 9.9973E-05 9.9973E-05 9.9973E-05
0.13422 0.794621 9.9973E-05 9.9973E-05 9.9973E-05 0.0534972 0.0173626
0.0444237 0.876055 0.0118243 0.00928683 9.9991E-05 0.0497165 0.00859378
0.0879037 0.864296 9.9973E-05 9.9973E-05 9.9973E-05 0.0316332 0.0158677
0.0900789 0.871047 9.9973E-05 9.9973E-05 0.00624507 0.0323287 9.9973E-05
0.041115 0.899883 9.9964E-05 9.9964E-05 9.9964E-05 0.058602 9.9964E-05
0.0202561 0.754489 9.9982E-05 0.00874446 0.0771908 0.139119 9.9982E-05
9.9955E-05 0.90612 9.9955E-05 9.9955E-05 9.9955E-05 0.0933801 9.9955E-05
0.0430658 0.724177 9.9991E-05 0.0313771 0.0408102 0.128683 0.0317869
9.9964E-05 0.922015 9.9964E-05 9.9964E-05 0.0172224 0.0603626 9.9964E-05
9.9955E-05 0.989497 9.9955E-05 9.9955E-05 9.9955E-05 9.9955E-05 0.0100034
0.0162019 0.889731 0.0287047 9.9991E-05 0.0357744 0.0279305 0.00155758
9.9955E-05 0.983767 0.0157327 9.9955E-05 9.9955E-05 9.9955E-05 9.9955E-05
9.9964E-05 0.9447 9.9964E-05 9.9964E-05 9.9964E-05 0.0302261 0.0246742
9.9964E-05 0.893873 0.0152636 9.9964E-05 9.9964E-05 0.0904639 9.9964E-05
9.9955E-05 0.926133 9.9955E-05 9.9955E-05 9.9955E-05 0.0733675 9.9955E-05
9.9973E-05 0.862041 9.9973E-05 0.00359042 0.0594335 0.0746347 9.9973E-05
9.9964E-05 0.837248 9.9964E-05 9.9964E-05 0.0331579 0.129194 9.9964E-05
9.9964E-05 0.823447 9.9964E-05 9.9964E-05 0.0655069 0.110646 9.9964E-05
0.112225 0.0839645 0.082949 0.321001 9.9982E-05 0.399661 9.9982E-05
0.0333902 0.0578903 9.9973E-05 0.223074 9.9973E-05 0.685346 9.9973E-05
0.0690789 0.105019 0.0682708 0.0886701 0.0386646 0.6025 0.0277965
9.9964E-05 9.9964E-05 0.120044 0.748741 9.9964E-05 0.130816 9.9964E-05
0.110739 0.0679984 9.9973E-05 0.313809 9.9973E-05 0.507153 9.9973E-05
9.9964E-05 9.9964E-05 0.00735764 0.879271 9.9964E-05 0.112972 9.9964E-05
9.9991E-05 0.0704942 0.00231769 0.240261 0.020477 0.632101 0.0342489
0.085246 0.110778 0.0946371 0.287983 9.9982E-05 0.421156 9.9982E-05
0.0383712 0.0966913 9.9973E-05 0.326148 9.9973E-05 0.53849 9.9973E-05
0.0620929 0.09512 0.355385 9.9982E-05 0.040035 0.447167 9.9982E-05
0.10447 0.0639625 0.0435272 0.300352 9.9982E-05 0.487488 9.9982E-05
0.0737994 0.0477522 0.00789689 0.198022 9.9982E-05 0.672329 9.9982E-05
0.0926125 0.0489635 9.9973E-05 0.313277 9.9973E-05 0.544847 9.9973E-05
0.442524 9.9982E-05 0.159364 0.134786 0.076155 9.9982E-05 0.186971
0.026517 9.9982E-05 0.0484862 0.870706 9.9982E-05 0.0297459 0.0243448
9.9964E-05 9.9964E-05 0.0139291 0.789812 9.9964E-05 0.195859 9.9964E-05
0.035621 0.115878 9.9973E-05 0.228333 9.9973E-05 0.619868 9.9973E-05
9.9982E-05 0.0254125 0.0355275 0.427284 0.00797409 0.503602 9.9982E-05
