9.9964E-05 9.9964E-05 0.124388 0.029485 9.9964E-05 0.845727 9.9964E-05
9.9964E-05 9.9964E-05 0.0505444 0.00920791 9.9964E-05 0.939848 9.9964E-05
0.0635193 0.0316788 0.00719228 9.9982E-05 9.9982E-05 0.891912 0.00549805
0.129961 9.9973E-05 0.0571982 0.015754 9.9973E-05 0.796787 9.9973E-05
0.0941201 9.9955E-05 9.9955E-05 9.9955E-05 9.9955E-05 0.90538 9.9955E-05
0.0997583 0.0145888 0.0276467 0.0521189 0.018327 0.664232 0.123329
0.0220931 9.9982E-05 0.0116822 0.0143005 9.9982E-05 0.804956 0.146769
0.0128413 9.9982E-05 9.9982E-05 0.0874769 0.0213264 0.722667 0.155489
9.99639E-05 9.99639E-05 9.99639E-05 0.132131 9.99639E-05 0.814529 0.05294
0.0430866 9.9982E-05 9.9982E-05 0.0345187 0.0096864 0.779398 0.133111
0.114353 9.9973E-05 9.9973E-05 0.0299179 9.9973E-05 0.758792 0.0966374
0.223388 0.152933 9.9991E-05 0.519933 0.0380203 0.041926 0.0236999
0.54914 0.0242229 0.0373268 0.264608 0.0306518 0.0530149 0.0410351
0.285284 0.0694156 9.9991E-05 0.453074 0.0817856 0.010423 0.0999177
0.255837 0.0866883 0.0408223 0.46075 0.106659 0.0491425 9.9991E-05
0.424186 0.056545 0.084889 0.296462 0.0733137 0.0645042 9.9991E-05
0.555713 0.00102935 9.9991E-05 0.218189 0.11557 0.0205475 0.0888515
0.472174 0.0942372 0.00445697 0.278827 0.0287895 0.0533346 0.06818
0.265071 0.0730248 0.0819803 0.384236 0.0244518 0.0991473 0.0720886
0.071152 0.0698333 9.9991E-05 0.688318 0.00607438 0.0389341 0.125588
0.413281 0.128521 0.0614328 0.318 0.0112193 0.00363192 0.0639135
0.39398 0.0253265 0.0430048 0.240391 0.0630583 9.9991E-05 0.23414
0.534958 0.127856 9.9991E-05 0.189311 0.0317581 0.0730361 0.0429804
0.242293 0.133821 9.9991E-05 0.385402 0.0789008 0.0812251 0.0782577
0.638117 0.00844772 0.0627308 0.0677789 0.0495818 0.111253 0.0620908
0.549943 0.0766863 0.0351358 0.332083 9.9982E-05 0.00595226 9.9982E-05
0.208114 0.178651 9.9991E-05 0.521416 0.0316002 0.0592806 0.000837194
0.279806 0.107576 9.9991E-05 0.447315 0.0940829 0.0469465 0.0241732
0.235083 0.131962 9.9982E-05 0.490326 9.9982E-05 0.0293772 0.113053
0.0981055 9.9964E-05 9.9964E-05 9.9964E-05 0.0160637 0.885431 9.9964E-05
0.116741 9.9964E-05 9.9964E-05 9.9964E-05 0.0191096 0.863749 9.9964E-05
0.106362 9.9964E-05 9.9964E-05 9.9964E-05 0.0778431 0.815395 9.9964E-05
0.1522 9.9973E-05 0.102518 9.9973E-05 0.0281394 0.716843 9.9973E-05
0.495233 0.242022 0.00500216 0.0878875 0.0178674 0.0864251 0.065563
0.484684 0.300319 0.00423796 0.0321056 0.0569341 0.121619 9.9991E-05
0.524864 0.377264 9.9982E-05 9.9982E-05 0.0362254 0.0231665 0.0382803
0.197804 0.0907915 9.9991E-05 0.663216 0.0177696 0.0247527 0.00556561
0.273641 0.53224 9.9973E-05 9.9973E-05 0.00608685 9.9973E-05 0.187732
0.485592 0.205304 0.124258 0.126333 9.9982E-05 0.0583129 9.9982E-05
0.706053 0.161082 9.9982E-05 9.9982E-05 0.0168688 0.0473488 0.0684472
0.577239 0.066439 0.00614305 0.0605974 9.9991E-05 0.140217 0.149264
0.592126 0.0974815 9.9991E-05 0.0912382 0.0408884 0.128015 0.0501513
0.130353 0.665373 0.000838409 0.164945 9.9982E-05 0.0382908 9.9982E-05
0.664393 9.9982E-05 0.034481 0.0273164 9.9982E-05 0.0754833 0.198126
0.567727 0.209546 9.9991E-05 0.0478727 0.0713319 0.0694844 0.0339383
0.614547 0.158023 9.9991E-05 0.023251 0.0500143 0.111604 0.0424607
0.318375 0.579991 9.9964E-05 9.9964E-05 9.9964E-05 9.9964E-05 0.101234
0.562205 0.260071 0.0600612 0.0356942 9.9982E-05 0.081769 9.9982E-05
0.500178 0.159241 0.0492395 0.1075 0.0530748 0.112241 0.0185262
9.9964E-05 0.570104 9.9964E-05 9.9964E-05 9.9964E-05 0.0100055 0.41949
0.188968 0.0705343 9.9973E-05 0.630707 9.9973E-05 9.9973E-05 0.10949
0.163121 0.149737 0.103139 0.233329 9.9982E-05 9.9982E-05 0.350474
0.606627 0.00637397 0.0166437 0.150569 0.0389582 0.0501183 0.13071
0.580095 0.0392218 0.0271863 0.0449005 0.0602753 0.0943262 0.153994
0.606261 0.0277899 0.114106 0.0795174 9.9991E-05 0.0600982 0.112128
0.199865 0.0816149 0.0218334 0.511598 9.9991E-05 0.0969478 0.0880406
0.566264 0.057603 0.0462984 0.317422 9.9982E-05 0.012213 9.9982E-05
0.513885 0.08839 0.0545453 0.156756 0.0762973 0.0667409 0.0433856
0.418355 0.0888445 9.9991E-05 0.252093 0.0274027 0.109371 0.103834
0.131421 0.113337 0.048301 0.459134 9.9991E-05 0.14348 0.104228
0.522007 0.0862359 9.9991E-05 0.170146 0.0548668 0.071195 0.0954493
0.454052 0.0865176 0.0828452 0.227487 9.9991E-05 0.069418 0.0795801
0.0862302 0.169411 9.9982E-05 0.529099 9.9982E-05 0.0805877 0.134472
0.457782 0.116042 9.9973E-05 0.365455 9.9973E-05 9.9973E-05 0.060421
0.583418 0.0361724 0.0559909 0.144442 0.0375691 0.017059 0.125348
0.609652 0.0208461 0.0715573 0.112858 9.9991E-05 0.128188 0.0567977
0.247786 0.131775 9.9991E-05 0.37928 0.0878393 0.0699989 0.0832215
0.461206 0.0942228 0.0282287 0.260411 0.0685101 0.052886 0.0345353
0.541543 0.0927239 9.9991E-05 0.183116 0.0772764 0.0347297 0.0705111
0.260366 0.111211 9.9982E-05 0.4779 9.9982E-05 0.0355276 0.114795
0.44348 0.504008 0.0200808 0.00519058 0.0151812 0.0119592 9.9991E-05
0.135624 0.750762 9.9982E-05 0.067958 0.0167675 0.0286883 9.9982E-05
0.471781 0.231474 0.116056 0.0748494 9.9991E-05 0.0931916 0.0125484
9.9964E-05 0.837705 0.00436027 9.9964E-05 9.9964E-05 9.9964E-05 0.157535
9.9955E-05 0.830665 9.9955E-05 9.9955E-05 9.9955E-05 9.9955E-05 0.168836
0.224876 0.679419 9.9964E-05 9.9964E-05 9.9964E-05 9.9964E-05 0.0953055
0.41932 0.442722 0.031887 0.0951729 9.9982E-05 0.0106981 9.9982E-05
0.53963 0.107344 0.0621895 0.0468467 0.0533103 0.107091 0.0835874
0.469839 0.465488 0.0192821 9.9982E-05 0.0168113 9.9982E-05 0.0283805
0.146237 0.631854 9.9973E-05 0.195507 9.9973E-05 0.0261026 9.9973E-05
0.235568 0.568284 9.9964E-05 0.195749 9.9964E-05 9.9964E-05 9.9964E-05
0.507919 0.277743 9.9991E-05 0.0512185 0.051609 0.10522 0.0061899
0.292263 0.566366 0.000953818 0.0861752 0.0218841 0.0322577 9.9991E-05
0.427962 0.447154 9.9973E-05 0.0874995 9.9973E-05 0.0370846 9.9973E-05
0.484481 0.43339 9.9964E-05 9.9964E-05 9.9964E-05 9.9964E-05 0.0817294
9.9955E-05 0.65518 9.9955E-05 9.9955E-05 9.9955E-05 9.9955E-05 0.34432
0.613909 0.25027 9.9982E-05 0.0363932 0.0509093 9.9982E-05 0.048318
0.0671992 9.9973E-05 0.0129573 0.0817183 9.9973E-05 0.837825 9.9973E-05
0.0596464 9.9973E-05 0.022221 9.9973E-05 0.0210065 0.896826 9.9973E-05
0.095577 9.9973E-05 0.0757692 9.9973E-05 0.00792905 0.820425 9.9973E-05
0.0041017 9.9964E-05 9.9964E-05 9.9964E-05 0.0737328 0.921766 9.9964E-05
0.00722564 9.9964E-05 9.9964E-05 9.9964E-05 0.0497654 0.942609 9.9964E-05
0.083824 9.9964E-05 9.9964E-05 9.9964E-05 0.0606653 0.855111 9.9964E-05
0.0589725 9.9964E-05 9.9964E-05 9.9964E-05 0.00959354 0.931034 9.9964E-05
0.506777 0.205453 0.0578459 0.115688 0.0288893 0.0852466 9.9991E-05
0.557794 0.129509 0.046723 0.0382378 0.00775145 0.174318 0.0456672
9.9973E-05 0.710451 9.9973E-05 0.197475 9.9973E-05 0.0766107 0.0151629
0.556458 0.10939 0.0887157 0.0820113 0.0125803 0.0971886 0.053656
0.370791 0.448967 9.9982E-05 0.136665 0.00280997 0.0405667 9.9982E-05
0.508823 0.403401 0.00624612 0.0226645 9.9982E-05 0.0586653 9.9982E-05
0.577919 0.247903 0.000723315 9.9982E-05 9.9982E-05 0.0540396 0.119216
0.466489 0.38196 0.0364491 0.055344 0.0337479 0.00620635 0.0198043
9.9964E-05 0.698461 9.9964E-05 0.268329 9.9964E-05 0.0328101 9.9964E-05
0.48384 0.239318 9.9991E-05 0.0892944 0.0511488 0.104261 0.0320377
0.662195 0.115829 0.0327193 0.0769133 0.00033977 0.0884674 0.0235363
0.518001 0.118721 0.0421289 0.0884944 0.0416392 0.157383 0.0336333
0.238002 0.535037 0.0656066 9.9973E-05 9.9973E-05 9.9973E-05 0.161054
0.515778 0.382555 9.9964E-05 9.9964E-05 9.9964E-05 9.9964E-05 0.101267
0.471267 0.374637 9.9982E-05 0.111725 0.00684907 0.0353215 9.9982E-05
0.38371 0.537363 9.9973E-05 9.9973E-05 0.0077032 9.9973E-05 0.0709238
0.428286 0.395879 9.9973E-05 0.119118 9.9973E-05 0.0564175 9.9973E-05
0.533771 0.150676 0.0129285 0.091415 0.0613881 0.0883692 0.0614527
0.286539 9.9982E-05 0.0833417 0.35885 0.0192022 9.9982E-05 0.251867
0.430195 0.040516 0.0455189 0.408823 9.9991E-05 0.0469819 0.0278651
0.547647 9.9991E-05 0.0430035 0.200085 0.0458099 0.0933187 0.0700362
0.522065 0.0478853 0.0865688 0.175911 0.00479467 0.0666336 0.0961422
0.50682 0.033338 0.00516589 0.372136 9.9991E-05 0.0383105 0.0441292
0.573197 9.9982E-05 0.0659903 0.320105 0.0218376 9.9982E-05 0.0186696
0.501154 9.9964E-05 9.9964E-05 0.453819 9.9964E-05 0.0446276 9.9964E-05
0.532301 0.0320662 0.068597 0.190366 9.9991E-05 0.0462305 0.130338
0.657225 0.00492799 0.0487641 0.164519 9.9991E-05 0.0561561 0.0683075
0.581816 0.00237257 0.0220175 0.268696 9.9991E-05 0.0561182 0.0688792
0.590062 0.0726443 9.9982E-05 0.279325 9.9982E-05 0.0432543 0.0145139
0.610897 0.0107577 0.0355319 0.139915 0.0195982 0.069193 0.114108
0.630208 0.0147359 0.0614852 0.134099 9.9991E-05 0.0861968 0.073176
0.631287 9.9973E-05 9.9973E-05 0.198491 0.0603874 9.9973E-05 0.109535
0.538775 0.00499785 0.0363153 0.169528 0.0533359 0.0852318 0.111816
0.57213 0.0218104 0.00443889 0.192819 0.064117 0.00364943 0.141035
0.297268 0.014385 0.16337 0.28822 9.9991E-05 0.00751042 0.229147
0.623909 0.0513811 0.0381587 0.129571 0.025144 0.0657895 0.0660467
0.694884 9.9982E-05 0.0327244 0.0966496 9.9982E-05 0.0508033 0.124738
0.211032 0.109293 0.0151496 0.619551 0.025763 0.0155726 0.00363866
0.1531 0.0724539 0.0942926 0.297557 9.9982E-05 9.9982E-05 0.382397
0.542984 9.9982E-05 9.9982E-05 0.266615 0.0347192 0.0421968 0.113285
0.129079 0.113674 9.9973E-05 0.342956 9.9973E-05 9.9973E-05 0.413991
0.39994 0.0240561 9.9973E-05 0.543249 9.9973E-05 9.9973E-05 0.0324553
0.454458 0.0686953 9.9973E-05 0.450079 9.9973E-05 9.9973E-05 0.0264669
0.371123 0.123608 9.9982E-05 0.474958 9.9982E-05 0.0278392 0.00227193
0.384993 0.0541188 9.9973E-05 0.495355 9.9973E-05 9.9973E-05 0.0652332
0.576493 0.0849792 0.0435934 0.195812 9.9991E-05 0.0654789 0.0335443
0.591632 0.00630598 0.0171031 0.170678 0.0594005 0.0479737 0.106907
0.557152 0.0799321 0.0039304 0.193 0.0652573 0.0521543 0.0485741
0.186218 0.0593513 0.0265919 0.396694 0.0073802 9.9991E-05 0.323664
0.525063 0.0665019 0.0819375 0.0930804 0.00892545 0.119348 0.105144
0.527374 0.0157932 0.104608 0.0450604 9.9991E-05 0.012744 0.29432
9.9982E-05 0.0884612 0.0158424 0.104328 9.9982E-05 0.110335 0.680834
0.652949 0.0538868 0.0211207 0.0551615 0.0265055 0.0661237 0.124253
0.299931 0.0866936 0.0449807 0.0748283 0.0410711 0.0857521 0.366743
0.54676 0.026774 0.0767237 0.0174548 9.9991E-05 0.12378 0.208408
0.264768 0.0797228 0.00306825 0.117958 9.9991E-05 0.0897471 0.444636
0.135853 0.059745 9.9982E-05 0.126727 9.9982E-05 0.0697607 0.607714
0.369719 0.0551316 0.0898132 0.142371 9.9991E-05 0.0288854 0.31398
0.465391 0.0391732 9.9991E-05 0.135147 0.0893884 0.131791 0.13901
0.44593 0.0246253 0.0474812 0.121111 9.9991E-05 0.167603 0.19315
0.0994492 0.173658 0.0880135 0.12335 0.0469819 0.00775505 0.460793
0.561996 0.104109 0.000400917 0.0898902 0.0491892 0.0557793 0.138635
0.369804 0.0978502 9.9973E-05 0.0721634 9.9973E-05 9.9973E-05 0.459882
0.486356 0.0572147 9.9973E-05 0.109827 9.9973E-05 9.9973E-05 0.346303
0.634643 9.9991E-05 0.056074 0.029823 0.00147578 0.119108 0.158777
0.0943274 0.0148142 0.27186 0.0261641 0.0989765 0.314844 0.179013
9.9964E-05 9.9964E-05 0.236125 9.9964E-05 9.9964E-05 0.427026 0.336449
9.9973E-05 9.9973E-05 0.0725407 9.9973E-05 0.0702675 0.45138 0.405512
0.0476013 9.9991E-05 0.257451 0.0172277 0.124648 0.329473 0.223499
0.61584 0.0561743 9.9982E-05 0.0270212 9.9982E-05 0.0358586 0.264906
0.667815 0.0273425 9.9991E-05 0.0341062 0.0159546 0.0919519 0.16273
0.344653 9.9964E-05 0.0667989 9.9964E-05 0.588148 9.9964E-05 9.9964E-05
0.376973 9.9982E-05 9.9982E-05 0.125473 0.433773 0.0431848 0.0203966
0.359678 9.9991E-05 0.0947041 0.107547 0.359349 0.0551645 0.0234572
0.336683 0.00205263 9.9991E-05 0.0632398 0.00319885 0.00143911 0.593286
0.503992 0.0718381 9.9991E-05 0.0936358 0.030508 0.103589 0.196337
0.310717 9.9964E-05 9.9964E-05 0.071217 9.9964E-05 9.9964E-05 0.617666
0.596765 9.9973E-05 0.0261519 9.9973E-05 9.9973E-05 0.0668637 0.309919
0.541762 9.9973E-05 9.9973E-05 0.0384653 9.9973E-05 0.0544798 0.364993
0.615897 9.9973E-05 9.9973E-05 9.9973E-05 0.00758228 0.0105339 0.365687
0.288235 0.00998491 9.9973E-05 0.0224307 9.9973E-05 9.9973E-05 0.67905
0.668473 0.063621 9.9982E-05 9.9982E-05 0.0446842 0.0849397 0.138082
0.555378 0.0201886 0.0127974 0.0971863 0.0276972 0.108107 0.178645
0.0241157 9.9973E-05 9.9973E-05 0.00173341 0.952747 0.0211036 9.9973E-05
0.0661861 9.9964E-05 9.9964E-05 9.9964E-05 0.917276 9.9964E-05 0.0161377
0.323125 0.0245398 0.037229 0.0532298 0.47905 0.0827258 9.9991E-05
0.370752 9.9964E-05 9.9964E-05 0.00643909 0.622409 9.9964E-05 9.9964E-05
0.138245 9.9964E-05 9.9964E-05 0.0482745 0.813081 9.9964E-05 9.9964E-05
9.995E-05 9.995E-05 9.995E-05 9.995E-05 0.9994 9.995E-05 9.995E-05
9.9955E-05 9.9955E-05 9.9955E-05 0.0369734 0.962527 9.9955E-05 9.9955E-05
0.183458 9.9955E-05 9.9955E-05 9.9955E-05 0.816042 9.9955E-05 9.9955E-05
9.9955E-05 9.9955E-05 9.9955E-05 0.0627451 0.936755 9.9955E-05 9.9955E-05
9.995E-05 9.995E-05 9.995E-05 9.995E-05 0.9994 9.995E-05 9.995E-05
9.995E-05 9.995E-05 9.995E-05 9.995E-05 0.9994 9.995E-05 9.995E-05
0.207963 9.9982E-05 0.0449405 0.00376949 0.728006 0.0151216 9.9982E-05
0.104054 0.0225998 0.0442558 0.0558826 0.758939 0.0141682 9.9991E-05
9.995E-05 9.995E-05 9.995E-05 9.995E-05 0.9994 9.995E-05 9.995E-05
0.310388 0.0439 0.150665 0.0665351 0.30226 0.0738252 0.0524275
0.270625 0.00256504 0.0176114 0.0106889 0.625646 0.072763 9.9991E-05
0.125499 0.00851248 0.116723 9.9982E-05 0.720205 0.0288604 9.9982E-05
0.0764737 9.9964E-05 0.0329042 9.9964E-05 0.890222 9.9964E-05 9.9964E-05
9.9955E-05 9.9955E-05 0.0628486 9.9955E-05 0.936652 9.9955E-05 9.9955E-05
0.0435141 9.9964E-05 0.0591414 9.9964E-05 0.896945 9.9964E-05 9.9964E-05
9.9955E-05 9.9955E-05 9.9955E-05 9.9955E-05 0.996506 0.00299454 9.9955E-05
0.238881 0.0409641 9.9982E-05 0.0412018 0.613656 0.0650967 9.9982E-05
9.9973E-05 0.0384498 0.0420151 9.9973E-05 0.90983 9.9973E-05 0.00940491
9.9973E-05 9.9973E-05 0.0839797 9.9973E-05 0.00913457 0.28623 0.620356
0.371639 9.9991E-05 0.0380056 0.086699 0.0832461 0.190291 0.230019
0.456719 9.9973E-05 0.117771 9.9973E-05 9.9973E-05 0.169086 0.256123
0.196535 9.9982E-05 0.164771 9.9982E-05 0.00972645 0.185467 0.443301
0.405856 0.119749 0.131227 0.0148481 0.0771973 0.125551 0.125571
0.10921 9.9982E-05 0.157817 9.9982E-05 0.0162891 0.232025 0.48446
0.389106 9.9991E-05 0.0902412 0.0804039 0.0846343 0.156752 0.198763
0.323652 9.9982E-05 0.104244 9.9982E-05 0.0512872 0.175644 0.344972
0.452974 9.9982E-05 0.150667 9.9982E-05 0.048934 0.128408 0.218817
0.3566 0.0110181 0.102984 9.9991E-05 0.0684699 0.180921 0.279907
0.407657 9.9991E-05 0.0459052 0.0477151 0.135854 0.170281 0.192488
0.0720121 0.00776924 9.9991E-05 0.00364522 0.00640335 0.884686 0.0253842
9.9973E-05 0.0149624 9.9973E-05 9.9973E-05 0.0752695 0.895546 0.0139224
0.0165134 0.00412927 9.9973E-05 0.0287343 9.9973E-05 0.950323 9.9973E-05
9.9955E-05 0.0197616 9.9955E-05 9.9955E-05 9.9955E-05 0.979739 9.9955E-05
0.0637284 9.9964E-05 9.9964E-05 0.0287336 9.9964E-05 0.907138 9.9964E-05
9.9955E-05 9.9955E-05 0.0714433 9.9955E-05 9.9955E-05 0.928057 9.9955E-05
0.046483 9.9973E-05 9.9973E-05 0.00588557 0.0235968 0.923735 9.9973E-05
0.000171589 9.9982E-05 0.0362927 0.0594213 9.9982E-05 0.903471 0.000443875
0.0112142 0.0455045 0.0259938 0.00133607 0.0192278 0.892414 0.00430992
9.9973E-05 9.9973E-05 0.0982049 0.0252695 9.9973E-05 0.864833 0.0113925
9.9982E-05 0.0483343 0.0098736 0.346116 9.9982E-05 0.588553 0.00692331
9.9973E-05 0.0233515 9.9973E-05 0.334232 9.9973E-05 0.611264 0.0308524
9.9973E-05 0.0493848 9.9973E-05 0.337157 9.9973E-05 0.536833 0.0763257
9.9973E-05 0.0459823 9.9973E-05 0.405842 9.9973E-05 0.463095 0.0847813
0.472122 0.243534 0.00106812 0.187067 0.00479606 0.0913134 9.9991E-05
0.411978 0.347672 0.0534594 0.111448 0.019877 0.0384907 0.017075
0.56869 0.184989 9.9982E-05 0.182634 0.00801272 0.0554731 9.9982E-05
0.388819 0.275306 9.9973E-05 0.319353 9.9973E-05 0.0162219 9.9973E-05
0.221049 0.0935593 9.9982E-05 0.606112 0.0117728 9.9982E-05 0.0673071
0.641968 0.202282 9.9991E-05 0.0296251 0.0293902 0.0516992 0.0449352
0.59612 0.268066 9.9973E-05 0.123326 0.0121886 9.9973E-05 9.9973E-05
0.530682 0.265856 0.0473062 0.0499605 9.9982E-05 9.9982E-05 0.105995
0.348209 0.576337 0.0388048 9.9973E-05 9.9973E-05 9.9973E-05 0.0363492
0.580845 0.137555 0.0737167 0.0656523 0.0490023 0.0152603 0.0779692
0.408802 0.503529 9.9973E-05 0.0810307 9.9973E-05 0.00633836 9.9973E-05
9.9955E-05 0.768759 9.9955E-05 9.9955E-05 9.9955E-05 9.9955E-05 0.230741
0.600867 0.104139 9.9991E-05 0.14813 0.012452 0.0817448 0.052568
0.173228 0.610608 9.9964E-05 9.9964E-05 9.9964E-05 9.9964E-05 0.215764
0.505642 0.312007 0.00125109 0.0459382 0.029336 0.0123502 0.0934752
0.112304 0.669766 9.9973E-05 0.188481 9.9973E-05 0.029149 9.9973E-05
9.9964E-05 9.9964E-05 9.9964E-05 0.757071 9.9964E-05 0.142325 0.100205
0.0580138 9.9973E-05 9.9973E-05 0.729741 9.9973E-05 0.111481 0.100465
0.033784 9.9973E-05 9.9973E-05 0.793372 9.9973E-05 0.101787 0.0707579
9.9973E-05 0.0198198 9.9973E-05 0.835267 9.9973E-05 0.102475 0.0421382
0.12228 9.9973E-05 9.9973E-05 0.786971 9.9973E-05 0.0447064 0.0457432
0.0974911 9.9982E-05 9.9982E-05 0.735255 0.0226455 0.0595788 0.0848298
0.0158966 0.0535129 9.9982E-05 0.0145477 0.0562835 0.859559 9.9982E-05
0.11117 0.00380586 0.0198792 0.0332295 0.02884 0.802975 9.9991E-05
0.160743 0.00312501 0.0283232 9.9991E-05 0.0194093 0.769707 0.0185926
9.9973E-05 0.0713637 9.9973E-05 0.0181916 0.0744191 0.835726 9.9973E-05
0.131772 0.0268196 9.9973E-05 9.9973E-05 0.0588447 0.782263 9.9973E-05
9.9964E-05 9.9964E-05 9.9964E-05 0.559017 9.9964E-05 0.392214 0.0483695
9.9973E-05 9.9973E-05 0.0331579 0.528378 9.9973E-05 0.420673 0.0174909
9.9973E-05 9.9973E-05 0.0203633 0.557719 9.9973E-05 0.416477 0.00514023
0.123912 0.00411483 9.9973E-05 9.9973E-05 0.01546 0.856213 9.9973E-05
9.9973E-05 0.0365234 9.9973E-05 0.514332 9.9973E-05 0.386142 0.0627025
0.235721 9.9991E-05 0.361189 0.00623674 0.0901884 0.191157 0.115408
0.485289 0.0485324 0.248956 0.0448127 0.0776517 0.0946576 9.9991E-05
0.510281 9.9973E-05 0.162874 9.9973E-05 0.166256 0.16029 9.9973E-05
0.267954 0.024581 0.32318 9.9991E-05 0.0709387 0.224075 0.0891715
0.534593 0.0389044 0.0911627 0.0654681 0.0757233 0.151021 0.0431269
9.9973E-05 9.9973E-05 0.433412 9.9973E-05 0.0326204 0.328316 0.205352
0.499687 0.0226932 9.9982E-05 0.388399 9.9982E-05 0.0195551 0.0694657
0.474557 0.0430926 0.0146798 0.194024 9.9982E-05 9.9982E-05 0.273446
0.299822 0.0826217 9.9982E-05 0.564128 9.9982E-05 0.00874414 0.0444842
0.543336 0.0270617 0.0528056 0.175752 9.9982E-05 9.9982E-05 0.200845
9.9964E-05 0.0532369 9.9964E-05 0.328733 9.9964E-05 9.9964E-05 0.617631
0.584231 0.013429 0.0317605 0.18166 0.0314876 0.0962453 0.0611872
0.540925 0.00625941 0.0804395 0.185753 0.00624922 9.9991E-05 0.180274
0.38128 0.0611975 9.9982E-05 0.449012 9.9982E-05 0.0476572 0.0606529
0.512571 0.107886 0.0653706 0.167074 9.9991E-05 0.0912491 0.0557496
0.166096 0.137895 9.9973E-05 0.314888 9.9973E-05 9.9973E-05 0.380821
0.611811 0.0289428 9.9991E-05 0.187036 0.00271983 0.0164551 0.152935
0.550126 0.0553227 9.9991E-05 0.306325 0.00275213 0.0285649 0.0568088
0.38139 0.0521755 0.169569 0.112096 0.086248 0.0319414 0.166581
0.331055 0.110031 0.0292935 0.253254 0.00320313 9.9991E-05 0.273064
0.41538 0.0800915 0.0791173 0.192373 0.00306336 9.9991E-05 0.229875
0.62018 0.0560328 9.9982E-05 0.187179 0.00643613 9.9982E-05 0.129972
0.585105 0.0431541 9.9973E-05 0.177553 9.9973E-05 9.9973E-05 0.193888
0.626984 0.0334973 0.0850144 0.142581 0.0154727 0.0019891 0.0944618
0.514556 0.144789 0.101331 0.172563 0.00587669 0.0607842 9.9991E-05
0.601576 0.0414465 0.00415165 0.187778 9.9991E-05 0.0901223 0.0748256
0.110944 9.9964E-05 9.9964E-05 9.9964E-05 0.0600672 0.828589 9.9964E-05
0.132526 9.9955E-05 9.9955E-05 9.9955E-05 9.9955E-05 0.866974 9.9955E-05
0.0700313 9.9973E-05 9.9973E-05 0.009902 9.9973E-05 0.89425 0.0255171
0.0120539 0.0222408 9.9982E-05 0.00803313 0.0706989 0.886773 9.9982E-05
0.109481 9.9955E-05 9.9955E-05 9.9955E-05 9.9955E-05 0.890019 9.9955E-05
0.0826193 0.110636 0.0678554 0.64148 0.0267255 0.00666319 0.064021
0.480221 0.0605837 0.0644604 0.202857 0.0393719 0.0257878 0.126718
0.393903 0.0143187 0.187253 0.00375378 0.0898677 0.176043 0.134861
0.643816 0.0175489 0.0670391 0.250666 9.9991E-05 0.0125843 0.00824552
0.469369 0.0781656 0.0834691 0.368696 9.9973E-05 9.9973E-05 9.9973E-05
0.317648 0.0349027 0.0370976 0.273753 9.9982E-05 9.9982E-05 0.336399
0.0126805 0.0711789 0.0305409 0.764683 0.00137641 0.0643902 0.05515
0.472995 0.0486496 0.00577801 0.383214 0.0242255 0.0650378 9.9991E-05
0.260846 0.0187726 9.9991E-05 0.580958 0.0378294 0.0514721 0.050021
0.473163 0.100919 0.0668232 0.195199 0.00291079 0.00716866 0.153816
0.167207 0.0083042 0.0461967 0.674281 9.9991E-05 0.0438186 0.0600916
0.54414 0.0175184 0.0764859 0.268775 0.0370504 0.0506729 0.00535703
0.175667 0.130832 0.0232519 0.584001 9.9991E-05 0.0339633 0.0521857
0.279943 0.0839808 0.0724065 0.272873 0.0471069 9.9991E-05 0.24359
0.537364 0.055659 0.0281959 0.0365037 0.0164532 0.113502 0.212322
0.373376 0.00306504 9.9982E-05 0.0541902 9.9982E-05 0.0149573 0.554212
0.562768 9.9982E-05 0.00998144 9.9982E-05 0.00509851 0.0642061 0.357747
0.549539 0.0168215 0.0429859 0.0826082 0.00673737 0.0972705 0.204037
0.332337 0.0221187 9.9973E-05 0.0667889 9.9973E-05 9.9973E-05 0.578455
0.533262 0.0784837 0.0379051 0.0159458 0.0444533 0.101681 0.188269
0.548353 0.00898257 9.9982E-05 0.0532283 9.9982E-05 0.058203 0.331033
0.185194 0.0814119 9.9973E-05 0.0493982 9.9973E-05 9.9973E-05 0.683696
0.275063 0.0062982 9.9973E-05 0.0327865 9.9973E-05 9.9973E-05 0.685552
0.502893 0.00599359 9.9982E-05 0.0687313 9.9982E-05 0.0200496 0.402133
0.132262 0.123277 9.9973E-05 0.0713838 9.9973E-05 9.9973E-05 0.672777
0.478965 0.0416848 9.9982E-05 0.0850341 9.9982E-05 0.0110874 0.383028
0.150882 0.0959945 0.0186183 0.709032 0.0252725 9.9982E-05 9.9982E-05
0.250301 0.0426493 0.0675231 0.365647 0.0219313 9.9991E-05 0.251848
0.377612 0.0365399 0.0331254 0.477373 0.0534456 0.0218046 9.9991E-05
0.546744 0.0580661 0.13136 0.255592 9.9982E-05 0.00803778 9.9982E-05
0.20131 0.136931 0.0410354 0.614776 0.00574723 9.9982E-05 9.9982E-05
0.525729 9.9982E-05 0.101103 0.200458 9.9982E-05 0.0348928 0.137618
0.581614 0.0346561 0.000483601 0.266293 0.0302025 0.0727145 0.0140363
0.545333 0.0799209 0.0252058 0.222754 0.0458216 9.9991E-05 0.080864
0.442032 0.0797728 0.0811914 0.333595 0.0457741 9.9991E-05 0.0175339
0.47159 0.0471554 0.0100983 0.421093 0.0354885 0.0144749 9.9991E-05
0.274699 0.0833673 0.0661155 0.562964 9.9982E-05 9.9982E-05 0.0126547
0.445858 0.0409233 9.9973E-05 0.484472 0.028447 9.9973E-05 9.9973E-05
0.596847 0.0475805 0.0727685 0.169542 9.9991E-05 0.00356376 0.109598
0.564514 0.0452843 0.0812307 0.157636 0.0480574 0.032711 0.0705672
0.292021 0.137408 0.181547 0.297285 9.9982E-05 9.9982E-05 0.0915388
0.481928 0.0894747 0.0668962 0.211724 0.0567728 9.9991E-05 0.0931042
0.368697 0.0758619 0.0020048 0.484885 0.0506582 0.0177927 9.9991E-05
0.52332 0.0270188 0.0818466 0.329429 0.0235733 0.0147124 9.9991E-05
0.435782 0.065817 0.07252 0.316705 0.077738 0.0313382 9.9991E-05
0.504615 0.0304096 0.100137 0.187791 0.0237139 0.0919518 0.0613815
0.403925 0.0126172 0.188085 0.0508126 0.0395421 0.304917 9.9991E-05
0.497129 0.0284324 0.261429 0.0499219 0.00513642 0.0784429 0.0795091
0.473519 0.0131025 0.16897 0.0822296 0.0593161 0.134578 0.0682849
0.555192 9.9991E-05 0.173915 0.0442891 0.0321685 0.0783025 0.116033
0.4362 0.0567462 0.288134 0.00105068 0.0305304 0.105382 0.0819573
0.561776 0.00312871 9.99745E-05 0.166957 9.99745E-05 9.99745E-05 0.267838
0.508226 0.0305934 0.177377 0.0506679 0.058123 0.138456 0.0365568
0.0254341 0.0472962 0.27761 0.0984016 0.0272468 0.171034 0.352977
0.590231 9.9991E-05 0.140367 0.0829106 0.0267486 0.0834417 0.0762012
0.53731 9.9991E-05 0.131123 0.0320652 0.11015 0.104881 0.0843722
0.489615 0.048768 0.0869808 0.0833907 0.127492 0.0875209 0.076233
0.290269 0.0448893 0.187991 0.0622503 9.9991E-05 0.170646 0.243854
0.544439 9.9991E-05 0.142354 0.0629248 0.0121193 0.197157 0.0409068
0.470954 9.9991E-05 0.281812 0.0589589 0.0157579 0.0998706 0.0725466
9.9964E-05 9.9964E-05 0.237351 9.9964E-05 9.9964E-05 0.421419 0.34083
0.515445 9.9991E-05 0.054842 0.0727928 0.1284 0.185231 0.0431887
0.526011 9.9982E-05 0.11365 9.9982E-05 0.0973058 0.175915 0.0869174
0.637691 9.9991E-05 0.0620107 0.067851 0.0395367 0.114522 0.0782894
0.496869 9.9982E-05 0.268561 9.9982E-05 0.0316342 0.16651 0.036226
0.503761 0.0405812 0.0833942 0.071309 0.0747393 0.213087 0.0131287
0.495209 0.0881605 9.9991E-05 0.0576095 0.00831688 0.0246412 0.325963
0.51725 0.0571981 9.9991E-05 0.0743739 0.0650406 0.0951939 0.190844
0.0378239 0.117758 9.9973E-05 0.0593629 9.9973E-05 9.9973E-05 0.784755
0.100551 0.0579588 9.9973E-05 0.0525155 9.9973E-05 9.9973E-05 0.788675
0.528625 0.0293106 9.9982E-05 9.9982E-05 0.0222564 0.107047 0.312561
0.290897 0.00359708 0.297826 0.0172738 0.145255 0.111241 0.13391
0.327381 9.9982E-05 0.373751 9.9982E-05 0.0553928 0.0724372 0.170838
0.138066 9.9982E-05 0.320761 9.9982E-05 0.135478 0.10282 0.302676
0.328969 9.9982E-05 0.281468 9.9982E-05 0.0898864 0.10942 0.190057
0.188015 9.9973E-05 0.0662976 9.9973E-05 9.9973E-05 0.0530325 0.692355
0.219714 0.00323828 0.0974206 9.9991E-05 0.00342863 0.048106 0.627993
0.63499 9.9973E-05 0.0389717 9.9973E-05 0.0310014 9.9973E-05 0.294737
0.484206 9.9982E-05 0.0427134 9.9982E-05 0.0743594 0.0416406 0.356881
0.302751 9.9982E-05 0.0100184 0.0516594 0.0691322 9.9982E-05 0.566239
0.619886 9.9991E-05 0.0601437 0.0475522 0.0324702 0.0334889 0.20636
0.642217 9.9982E-05 0.0410162 9.9982E-05 0.0217703 0.0241857 0.270611
0.500018 0.0531217 9.9991E-05 0.0555829 0.0711594 0.0836482 0.23637
0.441123 0.0342331 9.9982E-05 0.0308007 0.00457759 9.9982E-05 0.489066
0.488199 0.00912691 9.9973E-05 0.0703295 9.9973E-05 9.9973E-05 0.432045
0.577237 0.0234004 9.9982E-05 0.0639822 9.9982E-05 0.0534578 0.281723
0.532561 9.9982E-05 9.9982E-05 0.0900986 0.0197081 0.0301859 0.327247
0.575514 0.0378491 0.0205021 0.0411633 0.0152355 0.0958152 0.213921
0.519981 0.0953526 9.9982E-05 0.0236047 0.00542167 9.9982E-05 0.35544
0.295805 0.0406081 9.9973E-05 0.0219621 9.9973E-05 9.9973E-05 0.641325
0.671287 9.9982E-05 0.0181784 0.0379678 9.9982E-05 0.00279351 0.269573
0.284888 0.0791127 9.9973E-05 0.0548188 9.9973E-05 9.9973E-05 0.58088
0.530508 0.0307453 9.9982E-05 0.0254586 9.9982E-05 0.0167276 0.39636
0.561553 0.0591392 9.9991E-05 0.0540058 0.0370176 0.0922112 0.195973
0.565017 0.0988836 9.9991E-05 0.0591034 0.0556502 0.0297342 0.191512
0.431184 0.0534801 0.142538 0.0266565 0.0685806 0.169992 0.107569
0.474887 0.0341348 9.9991E-05 0.0278574 0.140013 0.185438 0.13757
0.300356 9.9982E-05 0.315537 9.9982E-05 0.0632378 0.158331 0.162338
0.325761 0.0139076 0.125578 9.9991E-05 0.172561 0.184539 0.177553
0.463723 0.0114806 0.0994852 0.0615186 0.117284 0.135621 0.110888
0.485107 0.0657381 0.133289 9.9991E-05 0.0258715 0.151654 0.138241
9.9982E-05 0.0116971 0.205878 9.9982E-05 0.0410511 0.0830786 0.658095
0.496444 9.9982E-05 0.201402 9.9982E-05 0.103329 0.0681163 0.130508
9.9973E-05 9.9973E-05 0.151181 9.9973E-05 0.020809 0.279663 0.548047
0.537203 9.9982E-05 0.155814 9.9982E-05 0.0648064 0.0174482 0.224528
0.265803 0.0266206 9.9964E-05 9.9964E-05 9.9964E-05 9.9964E-05 0.707177
0.0684186 0.184649 9.9964E-05 9.9964E-05 9.9964E-05 9.9964E-05 0.746533
0.574444 0.0198215 9.9973E-05 0.00759377 9.9973E-05 9.9973E-05 0.397841
0.629895 0.0452067 9.9982E-05 9.9982E-05 0.0253725 0.0291621 0.270163
0.523133 0.0195468 9.9973E-05 0.00137966 9.9973E-05 9.9973E-05 0.45564
0.658349 0.00676231 9.9964E-05 9.9964E-05 9.9964E-05 9.9964E-05 0.334488
0.620415 0.0208411 9.9973E-05 0.00203539 9.9973E-05 9.9973E-05 0.356409
0.0140271 0.0154355 9.9991E-05 0.079266 0.0231647 0.861876 0.00613081
0.0250993 0.00862617 0.111433 0.0733632 0.0104888 0.728054 0.0429357
9.9964E-05 9.9964E-05 9.9964E-05 0.0305653 0.0171633 0.951872 9.9964E-05
0.0399524 9.9973E-05 0.00537481 9.9973E-05 9.9973E-05 0.94579 0.00858266
0.50571 0.297304 0.0444694 9.9991E-05 0.0419431 0.0267048 0.083769
0.576947 0.307185 0.0132035 0.0403559 9.9991E-05 0.0546417 0.00756681
0.49787 0.449056 9.9973E-05 0.00930354 9.9973E-05 0.0434702 9.9973E-05
0.574737 0.189402 9.9991E-05 0.092053 0.0504078 0.0526362 0.0406637
0.556403 0.157146 9.9991E-05 0.0430474 0.0206718 0.112284 0.110348
0.293724 0.563111 9.9973E-05 0.0997761 9.9973E-05 0.0430888 9.9973E-05
0.6149 0.319429 0.0229636 9.9982E-05 9.9982E-05 0.0307022 0.0118048
0.25796 0.570283 0.00884646 9.9973E-05 9.9973E-05 9.9973E-05 0.162611
0.365949 0.00581002 0.131496 0.116952 0.111771 0.264241 0.00378037
0.409275 0.384112 9.9973E-05 9.9973E-05 0.0398998 9.9973E-05 0.166414
0.325776 0.558574 9.9964E-05 0.115251 9.9964E-05 9.9964E-05 9.9964E-05
0.532664 0.375293 9.9982E-05 9.9982E-05 0.0185421 0.00379116 0.06951
0.390655 0.433531 9.9973E-05 0.150996 0.0245174 9.9973E-05 9.9973E-05
0.567537 0.393271 9.9973E-05 9.9973E-05 0.00942934 9.9973E-05 0.0294625
0.4774 0.408072 9.9973E-05 9.9973E-05 0.0209775 0.09325 9.9973E-05
9.9955E-05 0.817085 9.9955E-05 9.9955E-05 9.9955E-05 9.9955E-05 0.182415
0.284651 0.585937 9.9973E-05 9.9973E-05 0.0179603 9.9973E-05 0.111151
0.332743 0.544605 9.9973E-05 9.9973E-05 0.0299094 9.9973E-05 0.0924422
9.9955E-05 0.757606 9.9955E-05 9.9955E-05 9.9955E-05 9.9955E-05 0.241894
0.374127 0.436355 0.013222 0.117123 9.9982E-05 0.0589733 9.9982E-05
0.0804284 0.606576 0.000486187 9.9973E-05 9.9973E-05 9.9973E-05 0.31221
9.9955E-05 0.752011 9.9955E-05 9.9955E-05 9.9955E-05 9.9955E-05 0.24749
0.580965 0.273347 0.0227565 0.0119946 0.0149034 0.0521858 0.0438485
0.181968 0.582701 9.9973E-05 0.198406 9.9973E-05 0.0366248 9.9973E-05
0.426688 0.435244 9.9982E-05 0.0955195 0.0259736 0.0163743 9.9982E-05
0.554149 0.171439 0.0261477 9.9991E-05 0.0572888 0.118566 0.0723099
0.453871 0.416977 0.0241216 0.0630144 9.9982E-05 0.0418162 9.9982E-05
0.359891 0.0192856 0.0855299 0.321148 9.9982E-05 9.9982E-05 0.213946
0.52269 0.360495 9.9982E-05 0.014278 0.0255275 0.0768102 9.9982E-05
0.499305 0.370812 9.9973E-05 0.103029 9.9973E-05 0.0265532 9.9973E-05
0.307702 0.546897 9.9973E-05 9.9973E-05 0.00424076 9.9973E-05 0.14086
0.507749 0.242857 9.9982E-05 0.105037 0.0266095 0.117548 9.9982E-05
9.9964E-05 9.9964E-05 9.9964E-05 0.278187 9.9964E-05 0.667336 0.0540774
9.9973E-05 0.0308559 9.9973E-05 0.15662 9.9973E-05 0.781426 0.0307986
9.9973E-05 0.00649154 9.9973E-05 0.126952 9.9973E-05 0.861091 0.00516557
9.9964E-05 9.9964E-05 9.9964E-05 0.125873 9.9964E-05 0.835168 0.038559
0.0401868 0.010537 9.9982E-05 0.16874 9.9982E-05 0.755359 0.0249778
0.106189 0.648511 9.9982E-05 0.185109 0.00210205 0.0578896 9.9982E-05
0.130189 0.692701 9.9973E-05 0.123799 9.9973E-05 0.0530112 9.9973E-05
0.146158 0.735231 0.0152422 9.9973E-05 9.9973E-05 9.9973E-05 0.103069
0.580587 0.106639 0.0735694 0.0117405 9.9991E-05 0.112297 0.115067
0.557478 0.211913 9.9991E-05 0.0518853 0.0342734 0.125985 0.0183648
0.215915 0.615432 0.0137535 9.9982E-05 0.043251 9.9982E-05 0.111448
0.581806 0.320732 9.9982E-05 9.9982E-05 0.0401196 0.0373088 0.0198331
0.356927 0.461865 0.0423525 9.9991E-05 0.0275419 0.0292404 0.0819732
0.487174 0.38234 9.9982E-05 0.0487544 0.0268919 0.0546401 9.9982E-05
0.54914 0.316228 9.9973E-05 9.9973E-05 0.0715774 0.0627543 9.9973E-05
0.16001 0.68964 9.9982E-05 0.12276 0.00880378 0.0185859 9.9982E-05
0.297146 0.598743 9.9973E-05 0.102461 9.9973E-05 0.00135018 9.9973E-05
0.298738 0.548474 9.9973E-05 0.109832 9.9973E-05 0.0426559 9.9973E-05
0.692297 9.9973E-05 9.9973E-05 0.00516972 9.9973E-05 0.133337 0.168897
0.391155 0.466973 9.9973E-05 0.0949914 9.9973E-05 0.0465807 9.9973E-05
0.379086 0.472835 0.0252886 0.057048 9.9982E-05 0.0655424 9.9982E-05
0.328583 0.0365459 0.447881 0.0454227 0.117605 0.00572375 0.0182388
0.210748 0.0399494 0.707739 9.9973E-05 0.0412639 9.9973E-05 9.9973E-05
0.373979 9.9973E-05 0.567849 0.00480543 0.0530665 9.9973E-05 9.9973E-05
0.162414 9.9973E-05 0.798283 9.9973E-05 0.0149415 0.0240616 9.9973E-05
0.374825 0.0264734 0.468274 0.0641919 0.0280546 0.0380811 9.9991E-05
0.51757 0.195129 0.0168576 9.9991E-05 0.00376754 0.0635399 0.203035
9.9964E-05 9.9964E-05 0.937335 9.9964E-05 0.00733054 0.0549342 9.9964E-05
0.140092 9.9982E-05 0.813772 0.0219509 0.0158744 0.0081105 9.9982E-05
0.330399 0.0074028 0.214798 9.9991E-05 0.0348329 0.156697 0.25577
0.57528 0.0339543 9.9982E-05 0.0665217 9.9982E-05 0.156067 0.167977
0.534637 9.9973E-05 9.9973E-05 0.0590564 9.9973E-05 0.164747 0.24126
0.551588 0.0491652 0.0192732 0.0516602 0.0207118 0.14944 0.158162
0.604927 0.0314207 9.9991E-05 0.01025 0.0704811 0.1365 0.146321
0.209978 9.9955E-05 0.789522 9.9955E-05 9.9955E-05 9.9955E-05 9.9955E-05
0.249963 0.00722798 0.678302 0.056536 0.00549997 0.0023709 9.9991E-05
0.224763 9.9964E-05 0.714434 9.9964E-05 0.0604027 9.9964E-05 9.9964E-05
0.405196 9.9982E-05 0.439181 0.0912325 9.9982E-05 0.0617417 0.00244964
0.046301 0.0491399 0.860927 0.0433319 9.9973E-05 9.9973E-05 9.9973E-05
0.292615 0.0934623 0.463941 0.0156713 0.0736224 0.060588 9.9991E-05
0.153437 0.0019164 0.829355 9.9973E-05 0.0149914 9.9973E-05 9.9973E-05
0.328247 0.0189968 0.4811 0.069774 0.0594802 0.00583675 0.0365654
0.539444 0.0402536 9.9973E-05 9.9973E-05 9.9973E-05 0.117227 0.302775
0.270045 0.045043 0.573821 0.0311852 0.0284444 0.0513607 9.9991E-05
9.9955E-05 0.00541998 0.99408 9.9955E-05 9.9955E-05 9.9955E-05 9.9955E-05
0.324193 0.0459444 0.501294 0.0611237 0.0321995 0.0351451 9.9991E-05
0.323549 0.0706667 9.9982E-05 0.13609 9.9982E-05 0.199439 0.270055
0.635999 9.9973E-05 9.9973E-05 9.9973E-05 0.0344857 0.0679214 0.261294
0.303287 9.9982E-05 0.547767 0.0798001 0.0281 0.040846 9.9982E-05
0.523255 0.0195818 9.9991E-05 0.0919839 0.0210177 0.163355 0.180706
0.530604 9.9973E-05 9.9973E-05 0.0911357 9.9973E-05 0.200253 0.177707
0.330911 0.0715803 0.321928 0.0292852 9.9991E-05 0.132769 0.113426
0.261289 9.9991E-05 0.454217 0.082211 0.00181803 0.115694 0.0846711
0.581414 0.0439322 0.0664399 0.0282309 0.00343907 0.121042 0.155501
0.427115 0.0349172 0.364187 0.0449151 0.0495118 0.0792546 9.9991E-05
0.355177 0.00862552 0.558825 9.9973E-05 0.0770718 9.9973E-05 9.9973E-05
9.9955E-05 9.9955E-05 0.990423 9.9955E-05 0.00907675 9.9955E-05 9.9955E-05
0.607171 0.0540964 0.0129287 0.0314684 0.0716135 0.120506 0.102215
0.478784 0.0512572 9.9982E-05 0.0427056 9.9982E-05 0.172872 0.254182
0.197865 9.9973E-05 0.00940527 9.9973E-05 9.9973E-05 0.101595 0.690835
0.548295 0.0445836 0.0591597 0.0418744 0.0134004 0.15918 0.133507
0.470393 9.9991E-05 0.00432609 0.156634 0.0196275 0.0840371 0.264883
0.443205 0.0745779 0.17688 9.9991E-05 0.0340012 0.164092 0.107144
0.460201 0.0376405 0.172834 0.0579482 0.0110691 0.125526 0.134781
9.9964E-05 9.9964E-05 0.232742 9.9964E-05 9.9964E-05 0.289711 0.477146
9.9964E-05 9.9964E-05 0.198241 9.9964E-05 9.9964E-05 0.259264 0.542095
0.26862 0.0850221 0.134593 9.9991E-05 0.0212408 0.166507 0.323917
9.9964E-05 9.9964E-05 0.350201 9.9964E-05 9.9964E-05 0.2583 0.391099
9.9973E-05 9.9973E-05 0.276921 9.9973E-05 0.0187961 0.406117 0.297866
0.373613 9.9973E-05 0.172766 9.9973E-05 9.9973E-05 0.160834 0.292487
0.252865 0.0641099 0.298694 0.0607208 9.9991E-05 0.172076 0.151434
0.0968214 0.00998911 0.294607 0.0120907 9.9991E-05 0.265343 0.321048
0.0322451 9.9973E-05 0.284673 9.9973E-05 9.9973E-05 0.21161 0.471172
0.439421 9.9982E-05 0.277518 0.00196341 9.9982E-05 0.127574 0.153324
0.146405 9.9973E-05 0.260353 9.9973E-05 9.9973E-05 0.203072 0.389871
9.9964E-05 9.9964E-05 0.205813 9.9964E-05 9.9964E-05 0.279758 0.514029
0.4929 0.0650475 0.0785224 0.0579898 0.0529207 0.136944 0.115676
0.287124 9.9991E-05 0.257702 0.0139094 0.0195646 0.181907 0.239693
0.34596 0.0469468 0.243909 0.00118313 0.0268316 0.30498 0.0301898
0.531472 0.00766298 0.174615 9.9982E-05 0.151073 0.134976 9.9982E-05
0.51817 0.016172 0.19693 0.0215865 0.0908789 0.0880618 0.0682014
0.421836 0.0206438 0.256736 0.0118285 0.0966527 0.113367 0.0789365
0.278148 0.0134574 0.228454 0.0680732 0.0880093 0.323758 9.9991E-05
0.492225 0.0125322 0.150985 0.0131637 0.0959087 0.216544 0.0186409
0.435945 0.00633093 0.228233 9.9991E-05 0.0554947 0.257694 0.0162024
0.219174 9.9991E-05 0.34594 0.0288051 0.0475414 0.205314 0.153125
0.268387 0.208637 0.108863 0.108288 0.0699799 0.184405 0.0514394
0.476327 0.0809323 0.0496028 0.041739 0.088208 0.218097 0.0450942
0.557758 9.9991E-05 0.10744 0.0816844 0.0485202 0.173316 0.031182
0.490525 0.113057 0.11627 0.0901379 0.0563022 0.0905911 0.0431161
0.403198 9.9991E-05 0.237282 0.0116839 0.0716382 0.242051 0.0340473
0.501128 0.0038508 0.142791 0.011219 0.0487886 0.253829 0.0383935
9.9964E-05 9.9964E-05 0.541475 9.9964E-05 9.9964E-05 0.245263 0.212861
0.451354 0.0628846 0.243664 0.0749167 9.9991E-05 0.143598 0.0234825
0.11197 9.9973E-05 0.544909 9.9973E-05 9.9973E-05 0.185137 0.157685
9.9973E-05 9.9973E-05 0.0105902 0.181325 0.0133461 0.794439 9.9973E-05
0.145822 9.9973E-05 0.0139923 0.796846 9.9973E-05 0.0430401 9.9973E-05
9.995E-05 9.995E-05 9.995E-05 0.9994 9.995E-05 9.995E-05 9.995E-05
9.995E-05 9.995E-05 9.995E-05 0.9994 9.995E-05 9.995E-05 9.995E-05
0.0446453 9.9955E-05 9.9955E-05 0.954855 9.9955E-05 9.9955E-05 9.9955E-05
9.9955E-05 9.9955E-05 9.9955E-05 0.98825 0.0112506 9.9955E-05 9.9955E-05
0.0655098 9.9955E-05 9.9955E-05 0.93399 9.9955E-05 9.9955E-05 9.9955E-05
9.9955E-05 9.9955E-05 9.9955E-05 0.983621 9.9955E-05 0.0158797 9.9955E-05
9.9955E-05 9.9955E-05 9.9955E-05 0.857052 9.9955E-05 0.142448 9.9955E-05
9.9973E-05 0.0356321 0.0231668 0.0558619 9.9973E-05 0.885039 9.9973E-05
0.0555378 9.9973E-05 0.0237228 0.135579 9.9973E-05 0.784861 9.9973E-05
0.010919 0.0491238 0.00518273 0.0347414 0.00950063 0.87952 0.011013
0.0420528 9.9982E-05 0.0270155 0.0770218 9.9982E-05 0.837511 0.0161993
0.021695 0.00684706 0.0195802 0.0727332 0.0126748 0.86637 9.9991E-05
0.035097 0.0277641 0.0230404 0.0181011 9.9982E-05 0.895798 9.9982E-05
0.136243 9.9991E-05 0.0256017 0.0515801 0.0444381 0.73741 0.00462728
0.0695473 9.9964E-05 0.047505 9.9964E-05 9.9964E-05 0.882548 9.9964E-05
0.112997 0.00721509 0.081775 0.0677008 0.0283178 0.689174 0.0128209
0.0268441 9.9964E-05 9.9964E-05 9.9964E-05 0.0676252 0.905131 9.9964E-05
9.9964E-05 9.9964E-05 9.9964E-05 9.9964E-05 0.00220409 0.981003 0.016393
0.0481973 0.00129538 0.0300669 0.0341213 0.022688 0.863531 9.9991E-05
9.9955E-05 9.9955E-05 0.0206729 9.9955E-05 9.9955E-05 0.978827 9.9955E-05
0.0413588 9.9973E-05 9.9973E-05 9.9973E-05 0.00246366 0.942811 0.0130666
0.0683488 9.9964E-05 9.9964E-05 9.9964E-05 0.0438952 0.887356 9.9964E-05
0.057227 9.9964E-05 9.9964E-05 9.9964E-05 0.0269803 0.915393 9.9964E-05
0.0828269 9.9973E-05 0.0277355 9.9973E-05 0.0264836 0.862654 9.9973E-05
0.107414 9.9964E-05 9.9964E-05 9.9964E-05 0.045218 0.846968 9.9964E-05
0.0892921 9.9973E-05 0.009718 9.9973E-05 0.0820647 0.818625 9.9973E-05
0.421775 0.0710514 9.9982E-05 0.117517 9.9982E-05 0.143534 0.245923
0.699603 9.9973E-05 9.9973E-05 0.0483436 9.9973E-05 0.110345 0.141409
0.615574 0.0445088 0.0369814 0.0118315 9.9991E-05 0.190723 0.100281
0.150242 0.0601842 9.9982E-05 9.9982E-05 0.014422 0.0874679 0.687484
0.523511 0.00503716 9.9991E-05 0.0753986 0.0390481 0.141 0.215905
0.143734 9.9964E-05 9.9964E-05 9.9964E-05 9.9964E-05 0.122092 0.733775
0.604172 9.9982E-05 0.068051 9.9982E-05 0.00637975 0.085494 0.235703
0.417271 0.103709 9.9982E-05 0.118374 9.9982E-05 0.153182 0.207263
0.508005 9.9973E-05 9.9973E-05 0.0604607 9.9973E-05 0.188373 0.242862
0.434439 0.448781 0.00514434 0.0540812 0.00724664 0.0502073 9.9991E-05
0.481133 0.0819366 9.9982E-05 0.0790496 9.9982E-05 0.137889 0.219792
0.692082 0.000942824 9.9991E-05 0.0199212 0.013193 0.101649 0.172112
0.551823 0.0101026 9.9991E-05 0.0658975 0.000731003 0.133163 0.238183
0.0208082 0.16938 0.0763045 0.449078 0.0215226 9.9991E-05 0.262807
0.0554002 9.9964E-05 9.9964E-05 9.9964E-05 9.9964E-05 0.100585 0.843615
0.204372 9.9964E-05 9.9964E-05 9.9964E-05 9.9964E-05 0.106348 0.68888
0.599256 0.00734787 0.0402555 0.0611412 9.9991E-05 0.118135 0.173765
0.502356 0.0186755 0.0569035 0.026827 9.9991E-05 0.0487187 0.34642
