0.0898058 9.9982E-05 0.0177828 0.892211 9.9982E-05
9.9973E-05 9.9973E-05 9.9973E-05 0.94903 0.0506704
0.0395417 0.100723 0.0435005 0.816135 9.9991E-05
0.114379 0.0119508 0.0659425 0.807628 9.9991E-05
0.0355738 0.0710777 0.0396265 0.853622 9.9991E-05
0.0942494 0.0903859 0.00748618 0.662356 0.145523
0.0492162 9.9991E-05 0.017736 0.842659 0.0902888
0.11921 9.9991E-05 0.0338976 0.780422 0.0663708
0.043161 9.9982E-05 9.9982E-05 0.829335 0.127304
0.08683 0.138793 0.0619726 0.692055 0.0203489
0.115412 0.028302 9.9991E-05 0.781985 0.0742016
0.526746 0.249204 0.0892095 9.9991E-05 0.134741
0.331145 0.570954 0.0691849 0.00118509 0.027531
0.516119 0.219436 0.135138 0.0196737 0.109634
0.351315 0.315415 0.162494 0.0467867 0.123989
0.247376 0.390674 0.149713 0.130132 0.0821047
0.128828 0.520092 0.150608 0.085204 0.115268
0.258858 0.483885 0.113859 9.9991E-05 0.143298
0.397668 0.368633 0.0974512 0.103728 0.0325204
0.716987 9.9991E-05 0.0946124 0.0030028 0.185298
0.283466 0.483236 0.106744 9.9991E-05 0.126454
0.286318 0.355104 0.112083 0.0769382 0.169557
0.255303 0.587646 9.9991E-05 0.0442131 0.112738
0.400592 0.308093 0.10984 0.000279688 0.181195
0.157118 0.524198 0.104378 0.146476 0.0678293
0.271805 0.499452 0.156878 0.0494056 0.0224598
0.562573 0.210789 0.0962786 0.0127109 0.117648
0.463992 0.186895 0.225389 9.9991E-05 0.123624
0.47707 0.277029 0.0293864 9.9991E-05 0.216414
9.9982E-05 0.067356 0.0765893 0.855855 9.9982E-05
9.9982E-05 0.14505 0.0240596 0.830691 9.9982E-05
0.00625535 0.162774 0.0271081 0.803762 9.9991E-05
9.9982E-05 0.171215 0.105511 0.723074 9.9982E-05
0.108635 0.720577 9.9991E-05 0.0454716 0.125216
0.0925267 0.643796 0.0293666 0.0750444 0.159266
0.0340459 0.734791 9.9991E-05 0.0423398 0.188723
0.665759 0.199092 9.9991E-05 0.065228 0.0698213
9.9991E-05 0.477514 0.0257893 0.0149168 0.48168
0.159779 0.615024 9.9991E-05 0.112007 0.11309
9.9991E-05 0.728635 0.12296 0.0294788 0.118826
0.107693 0.685482 9.9991E-05 0.103334 0.10339
0.0559759 0.661502 9.9991E-05 0.161562 0.12086
0.269276 0.275537 0.0179425 0.00232797 0.434917
0.084725 0.581782 0.0762171 0.105597 0.151679
0.0397136 0.594605 0.110742 0.0525895 0.20235
0.0233901 0.639232 0.0750655 0.176627 0.0856861
0.073619 0.527469 9.9982E-05 9.9982E-05 0.398712
9.9991E-05 0.693012 0.0692414 0.0183702 0.219277
0.109702 0.634476 0.0685934 0.0854007 0.101827
0.087278 9.9982E-05 9.9982E-05 0.0768389 0.835683
0.546744 0.137641 0.0453339 9.9991E-05 0.270182
0.240057 0.0848081 0.0719359 0.031457 0.571741
0.165279 0.589327 0.16306 0.00709463 0.0752389
0.0994068 0.628471 0.134793 0.0870452 0.0502834
0.158336 0.648761 0.0533609 0.0449604 0.094581
0.417171 0.203967 9.9991E-05 0.0867072 0.292054
0.356308 0.53891 0.047708 0.0145972 0.0424765
0.0690553 0.623371 0.0993682 0.127719 0.080486
0.177702 0.360076 0.0418062 0.142695 0.27772
0.362369 0.0851087 0.0385994 0.233849 0.280074
0.148359 0.566074 0.0567035 0.119972 0.108892
0.332645 0.389552 0.145947 0.00650446 0.125351
0.583924 0.106356 9.9991E-05 0.0300493 0.27957
0.290029 0.500115 0.0709511 9.9991E-05 0.138805
0.0807578 0.581003 0.120657 0.0395141 0.178068
0.150641 0.643125 0.0788498 0.0855913 0.0417933
0.399214 0.260477 0.0829548 9.9991E-05 0.257255
0.182295 0.52746 0.0363064 0.0702744 0.183664
0.13527 0.644884 0.0647729 0.0993328 0.0557407
0.409511 0.284001 9.9991E-05 0.022957 0.28343
0.0918967 0.65548 9.9982E-05 9.9982E-05 0.252423
0.250194 0.38027 9.9982E-05 9.9982E-05 0.369336
0.134937 0.552689 0.0856054 0.0438361 0.182932
0.0362029 0.180069 9.9982E-05 9.9982E-05 0.783528
0.110358 0.211122 9.9982E-05 9.9982E-05 0.678321
0.0510579 0.424198 9.9982E-05 9.9982E-05 0.524544
0.130594 0.62142 0.0155124 9.9991E-05 0.232373
0.153816 0.549283 0.0901971 0.1019 0.104803
0.114911 0.548595 0.0146272 9.9991E-05 0.321767
0.361294 0.366605 9.9982E-05 9.9982E-05 0.271901
0.381286 0.382093 9.9991E-05 0.00693374 0.229587
0.0464059 0.625623 0.0787775 0.11785 0.131343
0.184283 0.463657 0.00878895 9.9991E-05 0.343171
0.147547 0.567859 9.9991E-05 0.0428362 0.241658
9.9973E-05 0.539589 9.9973E-05 9.9973E-05 0.460111
0.034754 0.195552 9.9991E-05 0.0280772 0.741517
0.168664 0.661593 0.0138712 0.0354344 0.120437
0.0578345 0.0760539 0.0564631 0.809549 9.9991E-05
9.9973E-05 0.0656235 9.9973E-05 0.934077 9.9973E-05
9.9982E-05 0.0777292 0.0810112 0.84106 9.9982E-05
9.9973E-05 0.0569519 9.9973E-05 0.942748 9.9973E-05
9.9973E-05 0.0852196 9.9973E-05 0.91448 9.9973E-05
9.9982E-05 0.0750311 9.9982E-05 0.906958 0.0178114
0.0260183 0.0144686 0.021065 0.938348 9.9991E-05
0.148054 0.522846 0.0480365 0.0871504 0.193913
0.0701925 0.521171 0.0836772 0.0980722 0.226887
0.201004 0.221922 9.9982E-05 9.9982E-05 0.576874
0.0333154 0.589 0.114943 0.0239549 0.238786
0.205788 0.578075 9.9991E-05 0.0389312 0.177106
9.9982E-05 0.665723 9.9982E-05 0.0345891 0.299488
0.0386519 0.701233 9.9991E-05 0.0533472 0.206668
0.0657462 0.617048 0.0554028 9.9991E-05 0.261703
0.351379 0.11883 9.9991E-05 0.0245462 0.505144
0.139846 0.508661 0.0892351 0.145347 0.116912
0.0782967 0.689443 0.0525956 0.108744 0.0709211
0.155327 0.567293 0.13626 0.0415807 0.0995392
0.0201008 0.470474 0.00212847 0.0502359 0.457061
9.9973E-05 0.684909 9.9973E-05 9.9973E-05 0.314791
0.159881 0.609682 9.9991E-05 0.046304 0.184033
9.9982E-05 0.492124 0.0385043 9.9982E-05 0.469171
0.168904 0.578346 9.9991E-05 0.0190369 0.233613
0.0894593 0.627972 0.0752794 0.0655359 0.141754
0.30313 0.313204 0.0580852 0.0451969 0.280383
0.364044 0.458981 0.0582743 0.113715 0.00498606
0.176522 0.591997 0.0465054 0.173349 0.0116269
0.137343 0.679612 0.0882953 0.0813574 0.013392
0.362588 0.561062 9.9982E-05 0.0761505 9.9982E-05
0.274708 0.66011 0.0358406 9.9991E-05 0.0292412
0.418926 0.513462 0.0618681 9.9991E-05 0.00564412
0.233041 0.54829 0.0331727 0.0966628 0.0888337
0.215267 0.575602 0.090511 0.0580547 0.0605654
0.136777 0.712987 9.9991E-05 0.077644 0.0724913
0.280557 0.638576 9.9991E-05 0.0317404 0.0490268
0.0849399 0.731431 0.108491 0.0267457 0.0483924
0.144449 0.575674 0.0831454 0.0986489 0.0980827
0.285585 0.642478 0.0446913 9.9991E-05 0.0271457
0.109307 0.66916 0.0217862 0.115958 0.083789
0.21351 0.569941 0.122834 9.9991E-05 0.0936147
0.283809 0.43247 0.0752744 0.0798803 0.128566
0.199486 0.69786 0.0864774 0.0160773 9.9991E-05
0.124083 0.690856 0.0235301 0.148791 0.0127401
0.473036 0.265867 0.101431 9.9991E-05 0.159566
0.357298 0.101267 0.116227 0.00416608 0.421043
0.239862 0.522348 9.9991E-05 0.13579 0.1019
0.295129 0.138535 0.0839848 9.9991E-05 0.482251
0.450643 0.318679 0.034277 0.00376338 0.192637
0.392922 0.508306 0.0234687 9.9991E-05 0.0752042
0.452247 0.422537 9.9982E-05 9.9982E-05 0.125016
0.588818 0.328742 0.00751188 9.9991E-05 0.0748286
0.123243 0.675964 0.0961229 0.0334624 0.0712071
0.244246 0.594565 0.108928 0.00519776 0.047063
0.105658 0.652477 9.9991E-05 0.0917616 0.150004
0.393918 0.165984 0.064877 9.9991E-05 0.375121
9.9982E-05 0.655607 9.9982E-05 0.166131 0.178062
0.0706436 0.553378 0.0454038 0.157591 0.172984
0.154337 9.9982E-05 9.9982E-05 0.203512 0.641951
9.9991E-05 0.625642 0.0607437 0.109052 0.204462
0.0955574 0.455953 0.00160837 0.129395 0.317486
0.144942 0.466505 0.0990309 0.084642 0.20488
0.135067 0.307708 0.0202046 0.127078 0.409942
0.137456 0.271882 9.9991E-05 0.120101 0.47046
0.128056 0.478421 9.9991E-05 0.082954 0.310469
0.157288 0.459074 0.0191257 0.173871 0.190642
0.150694 0.442048 0.106276 0.101648 0.199335
0.0500745 0.0346333 0.205068 0.0679586 0.642266
0.152812 0.518112 0.17961 0.00236474 0.147102
0.114107 0.503403 9.9982E-05 9.9982E-05 0.382291
0.172798 0.538722 9.9982E-05 9.9982E-05 0.28828
0.0164369 0.675884 0.0800914 0.10287 0.124717
0.0408885 0.123275 0.279303 0.341645 0.214888
9.9982E-05 9.9982E-05 0.161174 0.611812 0.226813
9.9982E-05 9.9982E-05 0.173965 0.499468 0.326367
0.0435458 0.0525596 0.359144 0.409268 0.135483
9.9982E-05 0.749689 0.00119551 9.9982E-05 0.248916
0.0560274 0.644408 0.0886456 0.121569 0.0893501
0.0460747 0.246848 0.706878 9.9982E-05 9.9982E-05
0.0957651 0.406515 0.46656 9.9991E-05 0.03106
0.0610613 0.350365 0.427339 0.048036 0.113199
9.9991E-05 0.424311 0.00490023 0.0296764 0.541012
0.0210876 0.542052 0.0477041 0.0755471 0.313609
9.9991E-05 0.250706 0.0301085 0.0240171 0.695069
0.0196908 0.690823 9.9991E-05 0.0278107 0.261575
0.0586088 0.522061 9.9991E-05 0.0217017 0.397528
9.9991E-05 0.631534 0.0384625 0.0774741 0.252429
0.0369358 0.273687 0.00397326 0.0155389 0.669865
0.0445922 0.607409 0.182034 0.0488466 0.117118
9.9991E-05 0.621865 0.110053 0.0816625 0.186319
9.9973E-05 9.9973E-05 0.950679 9.9973E-05 0.0490209
0.0146161 0.0733133 0.911871 9.9982E-05 9.9982E-05
0.0402621 0.277889 0.604665 0.0324474 0.0447358
0.00166386 0.281381 0.666412 0.0496839 0.000859352
0.0114972 0.0995393 0.838277 0.0450286 0.00565816
9.997E-05 9.997E-05 0.9996 9.997E-05 9.997E-05
0.0556211 9.9973E-05 0.944079 9.9973E-05 9.9973E-05
9.9973E-05 0.138205 0.861496 9.9973E-05 9.9973E-05
0.0657869 9.9973E-05 0.933913 9.9973E-05 9.9973E-05
9.997E-05 9.997E-05 0.9996 9.997E-05 9.997E-05
9.997E-05 9.997E-05 0.9996 9.997E-05 9.997E-05
9.9982E-05 0.180091 0.745289 0.07442 9.9982E-05
0.0938763 0.107706 0.798217 9.9982E-05 9.9982E-05
0.0480428 9.9973E-05 0.951657 9.9973E-05 9.9973E-05
0.103434 0.400351 0.396762 0.0993529 9.9991E-05
0.0606621 0.18931 0.654372 0.095556 9.9991E-05
9.9982E-05 0.218804 0.69375 0.0872455 9.9982E-05
0.047791 0.0489982 0.88745 0.0156608 9.9991E-05
9.9973E-05 9.9973E-05 0.996343 0.00335736 9.9973E-05
9.9982E-05 0.0745821 0.899229 0.0259885 9.9982E-05
9.997E-05 9.997E-05 0.9996 9.997E-05 9.997E-05
9.9991E-05 0.218454 0.640226 0.0927734 0.0484469
0.0217376 0.049968 0.864843 0.0341939 0.0292575
9.9982E-05 9.9982E-05 0.0617213 0.365375 0.572704
0.111815 0.430883 0.0752111 0.222669 0.159423
9.9991E-05 0.518712 0.0358312 0.237473 0.207884
9.9991E-05 0.170992 0.155844 0.290353 0.382711
0.0198908 0.516635 0.125316 0.191345 0.146814
9.9991E-05 0.150813 0.128684 0.294148 0.426256
0.14787 0.405384 0.167874 0.141165 0.137707
9.9991E-05 0.306309 0.183062 0.17766 0.332869
9.9991E-05 0.456058 0.171545 0.156445 0.215852
9.9991E-05 0.32056 0.199273 0.259363 0.220705
0.00780121 0.564449 0.111118 0.216813 0.0998178
0.0717023 0.0660743 9.9991E-05 0.840223 0.0219007
9.9982E-05 9.9982E-05 0.07769 0.90443 0.0176798
0.0594476 9.9973E-05 9.9973E-05 0.940252 9.9973E-05
0.0443456 0.011354 9.9982E-05 0.9441 9.9982E-05
0.112337 0.0291732 0.0117288 0.846661 9.9991E-05
9.9982E-05 9.9982E-05 0.0903902 0.89893 0.0104797
9.9982E-05 0.00125156 0.0737949 0.924754 9.9982E-05
0.0363367 9.9991E-05 0.0152375 0.910907 0.0374189
0.0144366 0.0407101 0.00652295 0.911449 0.0268808
0.0372091 9.9991E-05 0.0751982 0.885354 0.00213858
0.323183 9.9982E-05 9.9982E-05 0.591011 0.0856056
0.367323 9.9982E-05 9.9982E-05 0.610788 0.0216884
0.309969 9.9982E-05 9.9982E-05 0.541582 0.14825
0.373111 9.9982E-05 9.9982E-05 0.499947 0.126742
0.191167 0.535628 0.0715851 0.0567411 0.144879
0.170301 0.613649 0.0477125 9.9991E-05 0.168238
0.234002 0.649066 0.00507663 9.9991E-05 0.111755
0.316288 0.500995 9.9991E-05 0.0432175 0.139399
0.690488 0.200367 9.9982E-05 9.9982E-05 0.108944
0.034469 0.758417 9.9991E-05 0.0514062 0.155608
0.119095 0.653812 0.0429765 0.00146261 0.182654
0.137808 0.611022 0.00207479 0.0356671 0.213428
0.0836456 0.510536 0.0192872 9.9991E-05 0.386431
0.145113 0.670381 0.0380514 0.083485 0.0629696
0.201739 0.540817 9.9982E-05 9.9982E-05 0.257244
0.193341 0.0929555 9.9982E-05 9.9982E-05 0.713504
0.187676 0.602831 0.0644499 0.0616836 0.0833588
9.9982E-05 0.423355 9.9982E-05 0.0147953 0.56165
0.121385 0.707437 9.9982E-05 9.9982E-05 0.170978
0.340464 0.231277 9.9982E-05 9.9982E-05 0.428059
0.776792 0.00111186 9.9991E-05 0.157643 0.0643525
0.798411 0.0839213 9.9991E-05 0.0976514 0.0199167
0.886224 9.9982E-05 9.9982E-05 0.0346049 0.0789711
0.835155 9.9982E-05 9.9982E-05 0.111464 0.0531811
0.846988 0.0203722 0.0185675 0.0102104 0.103862
0.794529 0.061415 0.0730672 0.0502427 0.0207465
9.9973E-05 0.126485 9.9973E-05 0.873215 9.9973E-05
0.0991632 0.0545766 0.0416924 0.804468 9.9991E-05
9.9982E-05 0.0973347 0.108509 0.793957 9.9982E-05
0.10694 9.9982E-05 0.145223 0.747637 9.9982E-05
0.0397068 0.0594438 0.0791367 0.821613 9.9991E-05
0.546529 9.9982E-05 9.9982E-05 0.391224 0.0620478
0.429689 9.9982E-05 9.9982E-05 0.4557 0.114411
0.487362 9.9982E-05 9.9982E-05 0.461589 0.0508487
0.0143633 0.13584 0.0267561 0.822941 9.9991E-05
0.545251 9.9982E-05 9.9982E-05 0.356207 0.0983418
9.9991E-05 0.26028 0.397729 0.2175 0.124391
9.9982E-05 0.607231 0.216046 0.176523 9.9982E-05
9.9982E-05 0.55195 0.249787 0.198063 9.9982E-05
9.9991E-05 0.351146 0.260439 0.239818 0.148497
0.0677686 0.482117 0.230749 0.193905 0.0254605
9.9982E-05 9.9982E-05 0.305758 0.506891 0.187151
0.348435 0.572053 9.9982E-05 9.9982E-05 0.079312
0.245522 0.417856 0.0268732 9.9991E-05 0.309649
0.612719 0.339692 9.9982E-05 0.0473882 9.9982E-05
0.132813 0.593728 9.9982E-05 9.9982E-05 0.27326
0.146132 9.9973E-05 9.9973E-05 9.9973E-05 0.853568
0.230495 0.529062 0.115747 0.0330184 0.0916774
0.238682 0.515861 0.0205737 0.0222916 0.202592
0.399167 0.438356 9.9991E-05 0.0340909 0.128286
0.248226 0.586516 0.0766543 0.0395491 0.0490548
0.316009 0.117232 0.0317174 0.00625042 0.528792
0.156587 0.549796 0.0349293 0.0474964 0.211192
0.261077 0.517827 0.0642905 9.9991E-05 0.156706
0.0842576 0.439344 0.172067 0.16986 0.134472
0.304213 0.438576 0.00103312 9.9991E-05 0.256078
0.294315 0.520677 0.0145121 0.013423 0.157072
0.15907 0.544837 0.0930468 9.9991E-05 0.202947
0.226184 0.62333 0.023565 9.9991E-05 0.126821
0.166849 0.672761 0.0819454 9.9991E-05 0.0783452
0.20047 0.604045 0.131923 0.0376469 0.0259152
0.18366 0.604571 0.0879758 0.04977 0.074023
9.9982E-05 0.162631 0.0737334 0.763436 9.9982E-05
9.9982E-05 0.120183 0.00512297 0.874494 9.9982E-05
0.0238033 0.0974352 0.00601702 0.817604 0.0551403
0.0485453 0.0629161 0.0133348 0.840549 0.0346544
9.9973E-05 0.150012 9.9973E-05 0.849688 9.9973E-05
0.621519 0.19033 0.065718 9.9991E-05 0.122332
0.236716 0.454745 0.150061 0.0373517 0.121126
9.9991E-05 0.560752 0.0654642 0.299647 0.0740365
0.222836 0.641506 0.101908 9.9991E-05 0.0336501
0.288731 0.566184 9.9991E-05 0.0857913 0.0591928
0.29477 0.273544 0.0931466 0.0509047 0.287635
0.679017 0.031447 9.9991E-05 0.131197 0.158239
0.374108 0.543441 0.0198888 9.9991E-05 0.0624616
0.535269 0.174067 0.0773271 0.0986656 0.114672
0.180462 0.442652 0.0526478 0.100105 0.224133
0.591583 0.114587 0.0280312 0.135311 0.130488
0.192717 0.587027 0.0745753 0.145581 9.9991E-05
0.599932 0.227684 0.0342423 0.0826915 0.0554502
0.331189 0.391174 0.0532092 0.0509668 0.173461
0.141101 0.449555 0.130721 0.0305138 0.248109
0.0976327 0.356785 9.9991E-05 0.0558342 0.489648
0.0959392 0.666719 0.0447622 0.0275129 0.165067
9.9991E-05 0.648648 0.00227589 0.189329 0.159648
0.0642879 0.44331 9.9991E-05 0.0401687 0.452133
0.0813114 0.558082 0.0804153 0.0573121 0.222879
9.9991E-05 0.567969 0.0129357 0.123777 0.295218
0.145647 0.151456 9.9982E-05 9.9982E-05 0.702697
0.00722946 0.329892 9.9991E-05 0.0229633 0.639815
0.0421484 0.608714 9.9991E-05 0.0522965 0.296741
0.0942074 0.21566 9.9991E-05 0.0600716 0.629961
0.113506 0.570219 9.9991E-05 0.0102752 0.3059
0.660548 0.139528 0.0315142 0.00822194 0.160188
0.315335 0.251737 0.0655137 9.9991E-05 0.367314
0.436226 0.423577 0.0891818 9.9991E-05 0.050915
0.226533 0.597105 0.154252 0.0220103 9.9991E-05
0.551932 0.354435 9.9982E-05 9.9982E-05 0.0934337
0.0858255 0.499677 0.137649 0.0812962 0.195552
0.211124 0.485864 0.181422 0.0562103 0.0653795
0.342527 0.547018 0.0786699 0.0181544 0.0136305
0.427678 0.381942 0.143835 9.9991E-05 0.0464451
0.385587 0.420069 0.0867605 9.9991E-05 0.107483
0.588887 0.300146 0.0596065 9.9991E-05 0.0512599
0.448406 0.383888 0.124751 9.9991E-05 0.0428554
0.256374 0.687958 0.00562347 9.9991E-05 0.0499452
0.182539 0.666622 0.0504863 0.0563364 0.0440162
0.336764 0.46968 0.021631 0.0377639 0.13416
0.17181 0.58043 0.0891128 9.9991E-05 0.158547
0.478022 0.425098 0.0549716 0.0291792 0.0127291
0.253762 0.696457 0.027906 0.021775 9.9991E-05
0.242556 0.494386 0.100568 0.0407669 0.121722
0.191454 0.463419 0.0948227 0.0977938 0.152511
0.058768 0.449683 0.113353 0.368672 0.0095236
9.9991E-05 0.417854 0.262054 0.146826 0.173166
9.9991E-05 0.577683 0.124974 0.195001 0.102241
0.0808482 0.65094 0.103713 0.147228 0.0172711
0.0822631 0.449177 0.203135 0.180117 0.0853082
0.180431 0.545543 0.0298337 9.9991E-05 0.244093
0.0976869 0.606306 0.126488 0.113806 0.055713
9.9991E-05 0.0825704 0.13466 0.31035 0.47232
0.143454 0.51759 0.186021 0.106272 0.0466626
0.0159738 0.628011 0.150411 0.17836 0.0272446
0.110782 0.411968 0.284267 0.0471424 0.14584
0.049281 0.347592 0.137084 0.19812 0.267924
0.016681 0.528784 0.0716645 0.2094 0.17347
0.0753458 0.549576 0.16996 0.163655 0.0414634
9.9982E-05 9.9982E-05 0.208514 0.515665 0.275621
0.0206837 0.54436 0.139525 0.295331 9.9991E-05
9.9991E-05 0.482267 0.241168 0.221773 0.054692
0.0361684 0.586686 0.150458 0.106155 0.120533
0.00505273 0.613 0.15187 0.229977 9.9991E-05
0.0645108 0.559786 0.203204 0.160543 0.011956
0.0518115 0.502905 0.10833 0.0240747 0.312878
0.139835 0.44633 0.178567 0.0623572 0.172912
0.0832095 0.135828 9.9982E-05 9.9982E-05 0.780762
0.0515477 0.108324 9.9991E-05 0.022047 0.817982
0.0937272 0.537886 0.103524 0.069088 0.195774
9.9991E-05 0.358503 0.34712 0.15841 0.135868
9.9991E-05 0.307766 0.399904 0.0828128 0.209417
9.9991E-05 0.201191 0.263568 0.253928 0.281212
9.9991E-05 0.405057 0.275085 0.172631 0.147126
9.9991E-05 0.112606 0.140945 0.0706711 0.675678
9.9991E-05 0.141007 0.13815 0.128438 0.592305
9.9982E-05 0.548508 0.192735 9.9982E-05 0.258557
9.9991E-05 0.601378 0.0702718 0.10544 0.222811
9.9991E-05 0.206606 0.194472 0.0396707 0.559152
0.0166662 0.574702 0.129555 0.0860836 0.192993
0.0380625 0.593993 0.132331 0.0248531 0.21076
0.189987 0.452823 0.149161 0.0257483 0.182281
0.138258 0.384646 9.9991E-05 0.0574865 0.41951
0.0563583 0.491926 0.0447482 0.00778479 0.399183
0.0429692 0.633465 0.0850268 0.0452788 0.19326
0.133015 0.33783 0.074163 0.0359952 0.418996
0.145135 0.416332 0.0948538 0.112026 0.231653
0.0214348 0.501359 0.0465411 9.9991E-05 0.430565
0.101406 0.302664 9.9982E-05 9.9982E-05 0.595729
9.9991E-05 0.625457 0.0447436 0.0512119 0.278488
0.0626221 0.362167 9.9982E-05 9.9982E-05 0.575011
0.00888293 0.475036 0.0286174 9.9991E-05 0.487363
0.0382468 0.554021 0.0709274 0.0533149 0.28349
0.123184 0.541448 9.9991E-05 0.0996476 0.235621
9.9991E-05 0.5736 0.0886177 0.320245 0.0174368
0.12006 0.327275 0.259002 0.081219 0.212444
0.0436224 0.294179 0.292238 0.196403 0.173558
0.141837 0.393474 0.197871 0.163156 0.103662
0.115647 0.502518 0.158434 0.18724 0.0361615
0.107757 0.412949 0.225682 0.110669 0.142943
9.9982E-05 9.9982E-05 0.18683 0.242302 0.570668
0.0614103 0.645295 0.196159 0.0864136 0.0107223
9.9982E-05 9.9982E-05 0.131903 0.40777 0.460127
9.9991E-05 0.553703 0.237165 0.042533 0.166499
9.9973E-05 0.212366 9.9973E-05 9.9973E-05 0.787334
0.0445289 0.0407003 0.0110622 9.9991E-05 0.903609
0.0304871 0.644983 9.9982E-05 9.9982E-05 0.32433
9.9991E-05 0.697044 0.0360323 0.0745776 0.192246
0.0123167 0.51156 9.9982E-05 9.9982E-05 0.475923
0.0274107 0.583036 9.9982E-05 9.9982E-05 0.389353
9.9982E-05 0.6191 0.0198401 9.9982E-05 0.36086
9.9991E-05 0.0673458 0.0353289 0.83397 0.0632549
0.169937 0.0324344 0.0977249 0.699803 9.9991E-05
0.0428429 9.9982E-05 0.0477328 0.909224 9.9982E-05
9.9973E-05 0.0488557 9.9973E-05 0.950844 9.9973E-05
0.137588 0.534702 0.0573311 0.023096 0.247283
0.14161 0.596514 0.040975 0.0798484 0.141053
0.124736 0.617122 9.9991E-05 0.0118195 0.246222
0.053331 0.715565 0.00107256 0.127785 0.102246
0.126905 0.540938 0.0368463 0.108971 0.18634
0.237527 0.386469 9.9991E-05 0.0044478 0.371457
0.0125479 0.768979 9.9991E-05 0.0201071 0.198266
9.9982E-05 0.52261 9.9982E-05 0.0196965 0.457494
0.014812 0.507037 0.116086 0.361965 9.9991E-05
0.0307006 0.525247 0.0473315 9.9991E-05 0.396621
0.208029 0.454733 9.9982E-05 9.9982E-05 0.337038
0.085564 0.688087 9.9982E-05 9.9982E-05 0.226149
0.108396 0.563766 9.9991E-05 0.0058436 0.321894
0.015829 0.708384 0.0186845 9.9991E-05 0.257002
0.0277861 0.687893 9.9991E-05 0.104854 0.179367
9.9973E-05 0.310897 9.9973E-05 9.9973E-05 0.688803
0.081277 0.420297 9.9991E-05 0.0191441 0.479182
0.129709 0.517191 9.9982E-05 9.9982E-05 0.3529
9.9973E-05 0.0710832 9.9973E-05 9.9973E-05 0.928617
0.11534 0.602368 9.9991E-05 0.0136758 0.268517
0.0401613 0.266009 9.9982E-05 9.9982E-05 0.69363
0.0534535 0.063141 9.9982E-05 9.9982E-05 0.883206
0.000968106 0.729605 9.9991E-05 0.102397 0.16693
0.183479 0.373718 9.9982E-05 9.9982E-05 0.442602
0.201756 0.517689 0.0464167 9.9991E-05 0.234038
0.0524922 0.640776 0.0696833 0.109138 0.127911
0.14171 0.662427 9.9991E-05 0.0233215 0.172442
0.306624 0.41965 0.0808929 9.9991E-05 0.192734
0.04039 0.730338 9.9982E-05 9.9982E-05 0.229072
0.181034 0.577877 9.9991E-05 0.0244707 0.216519
0.0284549 0.482532 9.9982E-05 9.9982E-05 0.488813
0.128704 0.666338 9.9991E-05 0.055766 0.149091
0.330634 9.9982E-05 9.9982E-05 0.636107 0.0330586
0.0700887 0.109287 9.9991E-05 0.773724 0.0468004
0.1321 9.9982E-05 9.9982E-05 0.861418 0.00628266
0.157878 9.9982E-05 9.9982E-05 0.805821 0.0361005
0.230376 0.0635622 9.9982E-05 0.705862 9.9982E-05
0.28592 0.333548 9.9982E-05 9.9982E-05 0.380332
0.211677 0.315688 9.9991E-05 0.0434064 0.429128
9.9973E-05 0.359735 9.9973E-05 9.9973E-05 0.639965
0.107396 0.660783 0.0872363 0.120749 0.0238351
9.9991E-05 0.644936 0.0575482 0.219283 0.0781334
0.0155891 0.480661 9.9991E-05 0.0252149 0.478435
0.0569692 0.645007 0.0826019 9.9991E-05 0.215322
9.9991E-05 0.584994 0.0499036 0.041712 0.32329
0.125799 0.682635 9.9991E-05 0.00181144 0.189655
0.14045 0.712919 0.0212835 0.0228419 0.102506
0.22476 0.418557 9.9982E-05 9.9982E-05 0.356482
0.184696 0.566087 9.9982E-05 9.9982E-05 0.249016
0.261653 0.500672 9.9982E-05 9.9982E-05 0.237475
0.0931831 0.66211 0.0329835 0.123481 0.0882417
0.205139 0.59578 9.9991E-05 0.012603 0.186378
0.210573 0.593789 9.9991E-05 0.0214905 0.174048
9.9991E-05 0.406829 0.454674 0.071681 0.0667159
0.0588383 0.439526 0.366416 0.135119 9.9991E-05
9.9982E-05 0.448851 0.407841 0.143108 9.9982E-05
9.9991E-05 0.259992 0.514977 0.179442 0.04549
0.0124037 0.443625 0.362089 0.147144 0.0347387
9.9991E-05 0.581248 0.0137094 0.0728139 0.332128
0.00714876 0.0377397 0.655492 0.271128 0.0284912
9.9991E-05 0.372539 0.394401 0.185293 0.0476673
9.9991E-05 0.478938 0.148343 0.19126 0.181359
0.0403917 0.62784 9.9991E-05 0.181907 0.149761
0.110764 0.458757 9.9991E-05 0.214923 0.215456
0.0565932 0.642717 0.0291739 0.149297 0.12222
0.0303862 0.619785 0.0393289 0.126056 0.184445
9.9982E-05 0.389487 0.431338 0.178975 9.9982E-05
0.0544996 0.434996 0.36918 0.141225 9.9991E-05
9.9982E-05 0.367465 0.529757 0.102578 9.9982E-05
0.131351 0.403373 0.290708 0.0938257 0.0807418
9.9982E-05 0.307217 0.515767 0.176816 9.9982E-05
9.9991E-05 0.301329 0.32568 0.191988 0.180903
0.0102996 0.207805 0.599941 0.111393 0.0705614
0.142118 0.407676 0.377025 0.0730808 9.9991E-05
0.0350532 0.609151 0.0366323 0.120637 0.198527
0.0641003 0.422121 0.315634 0.150871 0.0472742
9.9982E-05 0.162993 0.650875 0.185932 9.9982E-05
0.193148 0.317336 0.354162 0.107742 0.0276135
0.265007 0.267914 9.9991E-05 0.208348 0.258631
0.0655801 0.480314 0.210342 9.9991E-05 0.243664
0.0438698 0.484783 0.258746 0.2125 9.9991E-05
0.137397 0.635842 0.10192 0.0463097 0.0785313
0.0516254 0.54224 0.00114566 0.216859 0.18813
9.9991E-05 0.345951 0.236661 0.239619 0.177669
0.071118 0.285597 0.341013 0.247943 0.054329
0.06388 0.528397 0.132937 0.115294 0.159492
0.0851165 0.408005 0.370641 0.082153 0.054084
9.9991E-05 0.435356 0.391767 0.14719 0.0255867
0.0062808 0.139853 0.614335 0.23091 0.00862048
9.9991E-05 0.649206 0.0287317 0.183346 0.138616
0.159465 0.524479 9.9991E-05 0.109767 0.206189
9.9991E-05 0.181824 0.0872549 0.150964 0.579856
9.9991E-05 0.565135 0.105037 0.179501 0.150227
0.251655 0.403573 0.0950986 0.107542 0.14213
0.0519575 0.502441 0.155735 0.212889 0.0769779
0.0648886 0.43207 0.162017 0.116121 0.224903
9.9982E-05 9.9982E-05 0.209435 0.35539 0.434975
9.9982E-05 9.9982E-05 0.14285 0.359788 0.497163
0.0271394 0.210809 0.198366 0.149339 0.414347
9.9982E-05 9.9982E-05 0.241027 0.380044 0.378729
9.9982E-05 9.9982E-05 0.229247 0.477519 0.293034
0.0483755 0.298537 0.189657 0.155044 0.308387
0.0413246 0.28176 0.237738 0.244547 0.19463
9.9991E-05 0.201715 0.208192 0.275277 0.314716
9.9991E-05 0.0636949 0.227812 0.329732 0.378661
0.0514802 0.462338 0.179037 0.140696 0.16645
9.9991E-05 0.137761 0.140814 0.276848 0.444477
9.9982E-05 9.9982E-05 0.101993 0.515335 0.382472
0.134657 0.512134 0.184776 0.137392 0.0310414
0.0887279 0.283394 0.292337 0.121041 0.214501
0.0916517 0.433038 0.156968 0.318243 9.9991E-05
9.9982E-05 0.577153 0.239117 0.18353 9.9982E-05
0.0312353 0.619024 0.14587 0.176994 0.0268767
9.9991E-05 0.593764 0.220439 0.159049 0.0266482
0.0227295 0.366757 0.207056 0.372496 0.0309617
0.127097 0.520651 0.173297 0.178855 9.9991E-05
0.0369117 0.394196 0.299724 0.269068 9.9991E-05
0.0153323 0.306716 0.28241 0.236356 0.159185
0.181736 0.41089 0.0954475 0.199792 0.112135
0.0997247 0.60339 0.0944595 0.198067 0.00435864
0.0497848 0.577937 0.206327 0.165851 9.9991E-05
0.0460164 0.53351 0.141884 0.128752 0.149838
0.0532799 0.338723 0.309985 0.257362 0.0406501
9.9982E-05 0.566679 0.151526 0.281595 9.9982E-05
9.9991E-05 0.153156 0.224572 0.391454 0.230718
0.0458864 0.547136 0.221014 0.0974011 0.0885623
9.9991E-05 0.210823 0.350992 0.258396 0.179688
0.0940145 9.9982E-05 9.9982E-05 0.812857 0.0929286
0.771839 0.105695 0.0180887 0.0901318 0.0142455
0.9996 9.997E-05 9.997E-05 9.997E-05 9.997E-05
0.985347 9.9973E-05 9.9973E-05 0.0143531 9.9973E-05
0.978805 0.020895 9.9973E-05 9.9973E-05 9.9973E-05
0.935067 0.00159271 0.0631403 9.9982E-05 9.9982E-05
0.919905 0.0797949 9.9973E-05 9.9973E-05 9.9973E-05
0.9996 9.997E-05 9.997E-05 9.997E-05 9.997E-05
0.809767 9.9982E-05 0.00557962 0.184453 9.9982E-05
0.0534443 0.0402995 9.9982E-05 0.906056 9.9982E-05
0.125452 0.0534557 9.9982E-05 0.820892 9.9982E-05
9.9982E-05 0.0144714 0.0765491 0.90878 9.9982E-05
0.14802 0.0276269 9.9991E-05 0.822521 0.00173177
0.03585 0.0112013 0.0835788 0.86927 9.9991E-05
0.0279745 9.9991E-05 0.023086 0.915752 0.0330877
0.0257474 0.0856854 0.150635 0.714573 0.0233591
9.9991E-05 0.0459383 0.0959903 0.84647 0.0115013
0.133909 0.109577 0.0427322 0.713682 9.9991E-05
9.9982E-05 0.0216377 0.0578302 0.920332 9.9982E-05
0.0379733 9.9982E-05 9.9982E-05 0.957105 0.00472221
0.0373932 0.0423876 0.0134036 0.863918 0.0428976
0.00240399 0.0140703 0.0161076 0.967318 9.9991E-05
9.9982E-05 0.0747731 0.00712939 0.917898 9.9982E-05
0.0118365 0.0506206 0.0502628 0.88718 9.9991E-05
9.9982E-05 0.118128 0.0534764 0.828196 9.9982E-05
9.9982E-05 0.100253 0.125525 0.774022 9.9982E-05
9.9982E-05 0.13627 0.0840258 0.779504 9.9982E-05
9.9982E-05 0.129839 0.0501904 0.819771 9.9982E-05
0.0913552 0.462898 0.0273953 0.225585 0.192767
0.0552665 0.792637 9.9991E-05 0.0891826 0.0628142
0.035267 0.717327 9.9991E-05 0.120919 0.126387
9.9982E-05 0.165777 9.9982E-05 0.108975 0.725048
0.12305 0.559376 0.0140144 0.128452 0.175107
9.9982E-05 0.191265 9.9982E-05 0.232952 0.575583
9.9991E-05 0.624477 0.0580797 0.129647 0.187696
0.204473 0.513868 9.9991E-05 0.138593 0.142965
0.0540245 0.619942 9.9991E-05 0.175739 0.150195
0.00237516 0.679601 9.9991E-05 0.092548 0.225376
0.16195 0.50088 9.9991E-05 0.114634 0.222436
0.0718191 0.67258 0.0207266 0.0915434 0.143331
0.126505 0.643025 0.00479533 0.10526 0.120414
0.489677 0.0587893 0.0794581 9.9991E-05 0.371975
0.0663991 9.9982E-05 9.9982E-05 0.100491 0.83291
0.0572383 0.210262 0.0223302 0.150651 0.559518
0.0932462 0.5823 0.0645235 0.151985 0.107945
0.0129034 0.60094 0.0263296 0.149631 0.210196
9.9982E-05 0.591558 9.9982E-05 0.155495 0.252747
9.9991E-05 0.672139 0.0306142 0.217315 0.0798315
9.9991E-05 0.634584 0.0749508 0.22593 0.0644345
0.0547275 0.61102 0.163701 0.166218 0.00433382
0.177625 0.121776 0.164341 0.414851 0.121407
0.0183293 0.717455 0.0281053 0.174861 0.061249
0.0827675 0.424981 0.142341 0.256004 0.0939073
9.9982E-05 9.9982E-05 0.154755 0.470193 0.374852
9.9991E-05 0.328157 0.210016 0.344934 0.116793
0.12959 0.303451 0.177272 0.364069 0.0256172
0.150071 0.451743 0.0970584 0.301028 9.9991E-05
9.9991E-05 0.534727 0.170761 0.227235 0.067177
0.0226469 0.516246 0.173308 0.232316 0.0554835
0.137669 0.520549 0.236162 0.10552 9.9991E-05
0.111543 0.373743 0.227404 0.146646 0.140665
0.017756 0.372827 0.12276 0.47101 0.0156467
