0.0933255 0.906575 9.9991E-05
0.0197939 0.974215 0.00599105
0.170657 0.829243 9.9991E-05
0.166866 0.820195 0.012939
0.152851 0.847049 9.9991E-05
0.134546 0.655875 0.209579
0.0797308 0.920169 9.9991E-05
0.0615043 0.829567 0.108929
9.9991E-05 0.937221 0.0626794
0.15924 0.733301 0.107459
0.0486877 0.813235 0.138077
0.140674 0.0890944 0.770232
0.34198 0.0443855 0.613634
0.204539 0.124603 0.670857
0.288274 0.132968 0.578758
0.319869 0.147496 0.532635
0.428726 0.0489513 0.522323
0.288378 0.0107847 0.700837
0.25472 0.15546 0.58982
9.9991E-05 0.240531 0.759369
0.259259 0.10807 0.632671
0.270095 0.0657391 0.664166
0.293874 0.00847712 0.697649
0.238656 0.0718152 0.689529
0.432989 9.9991E-05 0.566911
0.435445 0.0363311 0.528224
0.158779 0.0997517 0.741469
0.280423 0.119025 0.600552
0.0815726 0.116884 0.801543
0.200348 0.799552 9.9991E-05
0.172469 0.823041 0.00449004
0.202765 0.778129 0.019106
0.228846 0.736036 0.0351179
0.295 0.00529865 0.699702
0.316279 0.0294638 0.654257
0.383372 9.9991E-05 0.616528
9.9991E-05 0.254807 0.745093
0.150519 9.9991E-05 0.849381
0.303023 0.0821043 0.614873
0.433562 9.9991E-05 0.566338
0.32205 0.0389034 0.639047
0.355488 0.0651234 0.579389
0.046859 0.0252401 0.927901
0.384888 9.9991E-05 0.615012
0.381142 0.0182238 0.600634
0.438554 0.0365595 0.524887
0.151052 9.9991E-05 0.848848
0.509894 9.9991E-05 0.490006
0.398976 0.0257911 0.575232
9.9991E-05 0.142804 0.857096
0.0235393 0.0877339 0.888727
9.9991E-05 0.171367 0.828533
0.311058 9.9991E-05 0.688842
0.478485 9.9991E-05 0.521415
0.525544 9.9991E-05 0.474356
0.0744017 0.192458 0.73314
0.318108 9.9991E-05 0.681792
0.479844 0.0122475 0.507908
0.205631 0.159845 0.634523
0.0620524 0.312239 0.625709
0.336378 0.0634587 0.600163
0.270094 0.0994263 0.63048
9.9991E-05 0.186 0.8139
0.304943 9.9991E-05 0.694957
0.374138 9.9991E-05 0.625762
0.336592 0.0425848 0.620823
0.203279 0.116777 0.679943
0.359397 9.9991E-05 0.640503
0.38888 9.9991E-05 0.61102
0.0376795 0.114295 0.848026
0.262621 9.9991E-05 0.737279
0.0861194 0.0544856 0.859395
0.362071 0.0901607 0.547769
9.9991E-05 0.0426959 0.957204
9.9991E-05 0.0301064 0.969794
0.148104 9.9991E-05 0.851796
0.285742 0.00420109 0.710057
0.43862 0.0209947 0.540385
0.302189 9.9991E-05 0.697711
0.090599 0.089379 0.820022
0.129222 0.10079 0.769988
0.351023 0.093406 0.555571
0.217679 9.9991E-05 0.782221
0.275343 9.9991E-05 0.724557
0.233033 9.9991E-05 0.766867
9.9991E-05 0.101572 0.898328
0.376888 9.9991E-05 0.623012
0.174739 0.825161 9.9991E-05
0.128615 0.871285 9.9991E-05
0.150062 0.849838 9.9991E-05
0.133344 0.866556 9.9991E-05
0.15434 0.84556 9.9991E-05
0.133394 0.866506 9.9991E-05
0.109059 0.890841 9.9991E-05
0.314027 0.0732347 0.612738
0.477672 0.0272499 0.495078
9.9991E-05 0.0912865 0.908613
0.407415 0.0381815 0.554403
0.244859 0.0129719 0.742169
0.352216 9.9991E-05 0.647684
0.349912 9.9991E-05 0.649988
0.34645 9.9991E-05 0.65345
9.9991E-05 0.150693 0.849207
0.356832 0.083702 0.559466
0.443587 9.9991E-05 0.556313
0.394381 0.0595725 0.546046
0.177026 0.0238414 0.799133
0.328485 9.9991E-05 0.671415
0.239757 0.0471424 0.713101
0.263584 9.9991E-05 0.736316
0.263789 0.0456368 0.690574
0.331502 0.0488725 0.619625
0.0649441 0.170791 0.764265
0.278568 0.156178 0.565254
0.42572 0.0236578 0.550623
0.394708 0.0486399 0.556652
0.272432 0.0506905 0.676877
0.33001 9.9991E-05 0.66989
0.285718 0.0330898 0.681193
0.321399 0.0614764 0.617125
0.427877 9.9991E-05 0.572023
0.32351 0.0166753 0.659815
0.251589 0.0373105 0.7111
0.354523 0.0437575 0.60172
0.416547 0.0666813 0.516772
0.368284 9.9991E-05 0.631616
0.443136 0.00144282 0.555421
0.376344 9.9991E-05 0.623556
0.208613 0.193709 0.597678
0.428708 9.9991E-05 0.571192
0.427122 9.9991E-05 0.572778
0.158954 0.0949928 0.746053
0.0514429 0.151757 0.7968
0.33517 0.0257934 0.639036
0.0401475 0.036915 0.922937
0.105723 0.0983167 0.795961
0.228251 9.9991E-05 0.771649
0.135808 0.0629479 0.801244
0.121942 0.133321 0.744738
0.411494 0.0178546 0.570651
0.430841 0.0672748 0.501884
0.402212 9.9991E-05 0.597688
0.0786173 0.11226 0.809123
0.341384 0.101349 0.557267
0.234358 0.0713916 0.69425
9.9991E-05 0.289888 0.710012
0.423018 0.0237898 0.553193
0.234874 0.126022 0.639104
0.374601 0.0846873 0.540711
0.166773 0.170384 0.662843
0.0320427 0.178765 0.789192
0.237589 0.0778204 0.684591
0.351263 0.142327 0.50641
0.27494 0.132447 0.592613
0.114668 0.204231 0.681101
0.3522 0.0228567 0.624943
0.187127 0.00755668 0.805316
0.251988 9.9991E-05 0.747912
0.423045 0.00626462 0.57069
0.370999 0.401187 0.227814
0.149831 0.788383 0.0617858
0.172025 0.678803 0.149172
0.426948 0.475718 0.097334
0.330031 9.9991E-05 0.669869
0.401986 0.0273799 0.570634
0.90696 0.0176425 0.0753976
0.678433 0.0707492 0.250818
0.565739 0.134205 0.300056
0.181844 0.0332568 0.784899
0.349328 0.0821731 0.568499
0.113107 0.059005 0.827888
0.36275 9.9991E-05 0.63715
0.259191 0.0304519 0.710357
0.426091 9.9991E-05 0.573809
0.0605051 0.101929 0.837566
0.480715 9.9991E-05 0.519185
0.349927 0.0309284 0.619144
0.959891 0.0400086 9.9991E-05
0.958242 0.0416575 9.9991E-05
0.7633 0.0603761 0.176324
0.911859 0.0451792 0.042962
0.86177 0.0902074 0.0480225
0.953435 0.0464645 9.9991E-05
0.92239 0.0775104 9.9991E-05
0.984655 9.9991E-05 0.0152445
0.9998 9.999E-05 9.999E-05
0.942978 0.0569216 9.9991E-05
0.929722 0.0701779 9.9991E-05
0.872633 0.104548 0.0228182
0.879606 0.120294 9.9991E-05
0.921288 0.0786124 9.9991E-05
0.646011 0.0517274 0.302262
0.763689 0.154251 0.0820597
0.851494 0.148406 9.9991E-05
0.909806 0.0900944 9.9991E-05
0.981962 0.0179379 9.9991E-05
0.904595 0.0953054 9.9991E-05
0.914453 0.085447 9.9991E-05
0.732053 0.138856 0.129091
0.912368 0.0875323 9.9991E-05
0.0344954 0.513068 0.452437
0.329834 0.157191 0.512975
0.278424 0.237438 0.484138
0.222361 0.362256 0.415384
0.474664 0.124177 0.401159
0.256353 0.381995 0.361652
0.340843 0.168686 0.490471
0.389143 0.201597 0.409261
0.489425 0.108678 0.401897
0.375151 0.234634 0.390215
0.402716 0.214493 0.382791
0.062991 0.863291 0.0737182
0.108248 0.891653 9.9991E-05
0.0331702 0.96673 9.9991E-05
0.0205022 0.979398 9.9991E-05
0.092294 0.907606 9.9991E-05
0.102443 0.897457 9.9991E-05
0.138328 0.861572 9.9991E-05
0.0819439 0.912802 0.00525419
0.0919622 0.907938 9.9991E-05
0.129325 0.870575 9.9991E-05
9.9991E-05 0.737501 0.262399
9.9991E-05 0.684899 0.315001
9.9991E-05 0.674882 0.325018
9.9991E-05 0.613453 0.386448
0.296633 0.005141 0.698226
0.29826 9.9991E-05 0.70164
0.370568 0.00365915 0.625773
0.23424 0.0139559 0.751805
0.0344404 0.0987216 0.866838
0.399395 9.9991E-05 0.600505
0.335436 9.9991E-05 0.664464
0.298916 9.9991E-05 0.700984
0.263636 9.9991E-05 0.736264
0.339597 0.0189985 0.641405
0.205906 9.9991E-05 0.793994
9.9991E-05 0.0204751 0.979425
0.29834 9.9991E-05 0.70156
0.0880784 0.042626 0.869296
0.294862 9.9991E-05 0.705038
9.9991E-05 0.0834087 0.916491
9.9991E-05 0.344227 0.655673
9.9991E-05 0.300693 0.699207
9.9991E-05 0.238119 0.761781
9.9991E-05 0.302232 0.697668
9.9991E-05 0.274098 0.725802
9.9991E-05 0.285366 0.714534
0.156653 0.843247 9.9991E-05
0.162262 0.837638 9.9991E-05
0.236062 0.763838 9.9991E-05
0.203201 0.796699 9.9991E-05
0.193175 0.801341 0.00548341
9.9991E-05 0.550114 0.449786
9.9991E-05 0.616092 0.383808
9.9991E-05 0.563104 0.436796
0.176545 0.823355 9.9991E-05
9.9991E-05 0.525688 0.474212
0.566498 0.273332 0.16017
0.57086 0.0894383 0.339702
0.683671 0.123808 0.192521
0.505273 0.223064 0.271663
0.527919 0.123824 0.348257
0.345711 0.584483 0.0698063
0.210808 0.0658224 0.72337
0.17347 9.9991E-05 0.82643
0.0773841 0.183814 0.738802
0.233895 9.9991E-05 0.766005
9.9991E-05 0.102154 0.897746
0.321466 0.143996 0.534538
0.316685 0.0321953 0.65112
0.126406 0.111225 0.762369
0.362492 0.0877871 0.549721
0.00379338 0.116805 0.879402
0.302353 0.0190494 0.678597
0.290715 0.0202592 0.689026
0.389356 0.147295 0.463349
0.198279 9.9991E-05 0.801621
0.269666 0.0641649 0.666169
0.356809 0.0118237 0.631367
0.282194 0.00735028 0.710456
0.422632 9.9991E-05 0.577268
0.434728 0.0071065 0.558166
0.348335 0.0251326 0.626533
0.254094 0.745806 9.9991E-05
0.154171 0.843741 0.00208822
0.0776898 0.813493 0.108817
0.121842 0.831732 0.0464261
0.178705 0.821195 9.9991E-05
0.0753022 0.146887 0.777811
0.341543 0.0602323 0.598224
0.447705 0.177307 0.374988
0.433632 9.9991E-05 0.566268
0.322445 0.0342442 0.643311
0.154379 0.0644962 0.781125
9.9991E-05 0.286014 0.713886
0.323334 0.0256272 0.651039
0.0371432 0.216625 0.746231
0.257993 0.0556276 0.686379
9.9991E-05 0.277294 0.722606
0.395044 0.0716997 0.533256
0.0486871 0.204255 0.747058
0.176874 0.0749925 0.748134
0.271823 0.0491715 0.679006
0.10715 0.156323 0.736528
0.38055 0.0429739 0.576476
0.387537 0.00877576 0.603687
0.170304 0.0181494 0.811547
0.329008 0.0761692 0.594823
0.343371 0.00285614 0.653773
9.9991E-05 0.0772154 0.922685
0.103422 0.0632411 0.833336
0.252338 0.0168241 0.730838
0.0043646 0.11446 0.881175
0.217873 0.0314852 0.750642
9.9991E-05 0.198447 0.801453
0.139347 9.9991E-05 0.860553
0.225367 0.116016 0.658617
0.399179 9.9991E-05 0.600721
0.0838634 0.0432824 0.872854
0.364962 0.0636656 0.571373
0.377703 0.0590023 0.563295
0.322137 0.00965733 0.668206
0.306957 0.0708738 0.622169
0.295806 0.0406309 0.663563
0.145084 0.0440019 0.810915
0.224029 0.0997175 0.676253
0.364763 9.9991E-05 0.635137
0.377192 9.9991E-05 0.622708
0.203607 0.0841959 0.712197
0.345676 9.9991E-05 0.654224
0.19843 0.126265 0.675305
0.39509 9.9991E-05 0.60481
0.326185 0.0251271 0.648688
0.369428 0.0633569 0.567215
0.39961 0.323232 0.277158
0.508802 0.0842154 0.406983
0.495402 0.121625 0.382973
0.45453 0.0476214 0.497848
0.543091 0.165577 0.291332
0.265178 9.9991E-05 0.734722
0.423866 0.150632 0.425502
0.111829 0.390358 0.497813
0.503322 0.0444399 0.452238
0.500886 0.115733 0.383382
0.509111 0.0255058 0.465384
0.294464 0.239266 0.466271
0.463738 0.153447 0.382815
0.547487 0.0650833 0.38743
0.181105 0.685073 0.133822
0.547347 0.172345 0.280308
0.593644 0.0862531 0.320102
0.450348 0.0639207 0.485731
0.488515 0.201898 0.309587
0.443738 0.151677 0.404585
0.293492 0.0296482 0.676859
0.432789 0.118192 0.449019
9.9991E-05 0.0302695 0.969631
9.9991E-05 0.0644699 0.93543
0.332031 0.0650029 0.602966
0.582781 0.152793 0.264425
0.556554 0.161287 0.282159
0.408411 0.303382 0.288207
0.498411 0.205903 0.295685
0.150128 0.193953 0.655919
0.228965 0.19101 0.580026
0.449938 9.9991E-05 0.549962
0.360927 0.0474894 0.591584
0.186615 0.141464 0.671921
0.406441 0.0257876 0.567771
0.441451 0.00496467 0.553584
0.370273 0.114378 0.515349
0.0970057 0.0780482 0.824946
0.211812 9.9991E-05 0.788088
0.327997 9.9991E-05 0.671903
0.283726 0.0761498 0.640124
0.312058 0.0619835 0.625958
0.25294 0.0114478 0.735612
0.0624719 0.0518316 0.885697
0.373004 0.00392382 0.623073
0.115886 0.00853613 0.875578
0.244305 0.0201456 0.735549
0.375192 9.9991E-05 0.624708
0.328924 0.0173452 0.653731
0.439136 0.141966 0.418898
0.39233 0.121737 0.485933
0.481703 0.137429 0.380868
0.421169 0.223213 0.355618
0.424342 0.160894 0.414764
0.473313 0.101886 0.424801
0.152241 0.337972 0.509787
0.607743 0.0324963 0.359761
0.148986 0.548626 0.302388
0.515726 9.9991E-05 0.484174
0.0195089 0.0205328 0.959958
9.9991E-05 0.103156 0.896744
0.260595 9.9991E-05 0.739305
0.449291 9.9991E-05 0.550609
0.201477 9.9991E-05 0.798423
0.279569 0.0110905 0.70934
0.311638 9.9991E-05 0.688262
0.139997 0.842042 0.0179615
0.154965 0.777328 0.0677071
0.102545 0.897355 9.9991E-05
0.0854559 0.914444 9.9991E-05
0.321053 0.00664565 0.672302
0.312682 9.9991E-05 0.687218
0.228536 9.9991E-05 0.771364
0.342529 0.0422849 0.615186
0.297959 0.114715 0.587326
0.151295 0.0295445 0.819161
0.369284 9.9991E-05 0.630616
0.157789 9.9991E-05 0.842111
0.447305 0.259515 0.293179
0.253241 9.9991E-05 0.746659
0.202938 0.0108695 0.786192
0.346797 9.9991E-05 0.653103
0.20827 9.9991E-05 0.79163
0.350243 9.9991E-05 0.649657
0.338524 9.9991E-05 0.661376
9.999E-05 9.999E-05 0.9998
0.176456 9.9991E-05 0.823444
0.197054 9.9991E-05 0.802846
9.9991E-05 0.0229797 0.97692
0.218278 0.0293089 0.752413
0.075154 0.0396159 0.88523
9.9991E-05 0.0771793 0.922721
0.388646 9.9991E-05 0.611254
0.0891468 0.0918118 0.819041
0.299197 9.9991E-05 0.700703
0.406728 9.9991E-05 0.593172
0.278888 9.9991E-05 0.721012
0.209435 9.9991E-05 0.790465
0.341935 9.9991E-05 0.657965
0.297015 0.00961793 0.693367
0.155133 9.9991E-05 0.844767
0.332691 0.0215496 0.645759
9.9991E-05 0.743863 0.256037
0.0620145 0.807666 0.130319
9.9991E-05 0.898116 0.101784
9.9991E-05 0.879492 0.120408
0.0161645 0.819342 0.164493
0.0453817 0.069762 0.884856
9.9991E-05 0.0872652 0.912635
0.0889395 9.9991E-05 0.910961
0.408283 0.078706 0.513011
0.446478 0.040517 0.513005
0.147138 9.9991E-05 0.852762
0.415958 9.9991E-05 0.583942
0.308443 0.0455286 0.646028
0.302456 9.9991E-05 0.697444
0.364723 9.9991E-05 0.635177
0.167273 0.0154884 0.817238
0.173096 9.9991E-05 0.826804
0.156828 9.9991E-05 0.843072
0.346281 0.0944192 0.5593
0.177263 0.0065979 0.816139
0.273619 9.9991E-05 0.726281
0.73042 0.0144276 0.255153
0.715243 0.142715 0.142042
0.717034 0.125517 0.157449
0.745467 0.182764 0.0717686
0.549265 0.118304 0.332432
0.344991 9.9991E-05 0.654909
0.668389 0.331511 9.9991E-05
0.677334 0.131006 0.19166
0.379335 0.214719 0.405946
0.34598 0.040043 0.613977
0.262624 0.119834 0.617541
0.440601 0.0800172 0.479381
0.413778 0.0787289 0.507493
0.731104 0.20818 0.0607167
0.603592 0.147369 0.249039
0.753012 0.0412506 0.205737
0.544501 0.103658 0.351841
0.737568 0.120491 0.141941
0.546035 0.148076 0.305889
0.726296 0.191069 0.0826346
0.613642 0.0887072 0.297651
0.362358 0.0949675 0.542674
0.556577 0.149716 0.293707
0.744858 0.255042 9.9991E-05
0.515585 0.171845 0.312571
0.0762366 0.275077 0.648686
0.390934 9.9991E-05 0.608966
0.561716 0.169808 0.268476
0.427716 0.0254453 0.546839
0.260738 0.154729 0.584532
0.481519 0.155625 0.362856
0.496563 0.220577 0.28286
0.523755 0.0161561 0.460089
0.695089 0.0649918 0.239919
0.72078 0.0862033 0.193017
0.733805 0.231235 0.03496
0.344928 0.0729249 0.582147
0.203121 0.0772923 0.719587
0.114526 0.238643 0.646831
0.403687 0.121027 0.475285
0.245303 0.123619 0.631077
0.478161 0.186413 0.335425
0.374025 0.1245 0.501476
0.178551 0.517076 0.304373
0.113467 0.549602 0.336931
0.265755 0.25796 0.476286
0.235117 0.476472 0.28841
0.256787 0.585698 0.157515
0.360523 0.0860925 0.553385
0.350122 0.224138 0.42574
0.299824 0.391737 0.30844
0.22454 0.417304 0.358156
0.424221 0.0968778 0.478901
0.188819 0.299933 0.511248
0.104881 0.65126 0.24386
0.41086 0.143765 0.445374
0.404305 0.195575 0.400121
0.412585 0.3351 0.252315
0.722834 0.101149 0.176017
0.559134 0.122433 0.318433
0.544376 0.107847 0.347777
0.475951 0.378126 0.145922
0.481493 0.166306 0.352202
0.573249 0.172972 0.253779
0.444482 0.303949 0.251569
0.28487 0.195505 0.519625
0.424244 0.135137 0.440619
0.4569 0.167518 0.375582
0.468969 0.0283041 0.502727
0.552772 0.265504 0.181724
0.535619 0.127347 0.337034
0.331467 0.440822 0.227711
0.576535 0.179204 0.244261
0.487883 0.315204 0.196913
0.035138 0.843703 0.121159
0.00343446 0.243926 0.75264
9.9991E-05 0.31575 0.68415
9.9991E-05 0.266151 0.733749
9.9991E-05 0.193399 0.806501
9.9991E-05 0.266847 0.733053
9.9991E-05 0.218883 0.781017
9.9991E-05 0.306178 0.693722
9.9991E-05 0.394955 0.604945
0.114083 0.885817 9.9991E-05
0.102494 0.852503 0.045003
0.117593 0.882307 9.9991E-05
0.033816 0.863356 0.102828
0.129647 0.870253 9.9991E-05
0.0404216 0.959478 9.9991E-05
0.237049 0.762851 9.9991E-05
0.143123 0.856777 9.9991E-05
0.145919 0.719035 0.135046
0.131455 0.868445 9.9991E-05
0.0508762 0.949024 9.9991E-05
0.120439 0.871136 0.0084251
0.0553574 0.944543 9.9991E-05
0.117523 0.882377 9.9991E-05
0.151237 0.846195 0.00256824
0.167471 0.832429 9.9991E-05
0.260862 0.739038 9.9991E-05
0.235243 0.764657 9.9991E-05
0.204751 0.795149 9.9991E-05
0.241397 0.186249 0.572354
0.35683 0.00940619 0.633763
0.351298 0.138109 0.510593
0.0505237 0.203179 0.746298
0.302672 0.112128 0.5852
0.0926962 0.271747 0.635557
0.391007 9.9991E-05 0.608893
0.178063 0.0712196 0.750717
0.362131 0.0828792 0.55499
0.358169 0.0169128 0.624918
0.261301 0.0707566 0.667942
0.351341 0.0517303 0.596929
0.336663 0.0313123 0.632025
0.0278749 0.13901 0.833115
9.9991E-05 0.186668 0.813232
0.0648395 0.190057 0.745103
0.404909 0.0800164 0.515075
0.275586 0.08332 0.641094
0.322264 0.0656807 0.612056
0.464785 9.9991E-05 0.535115
0.460548 0.149814 0.389638
0.535795 0.0894483 0.374757
0.239327 0.464364 0.296309
0.425204 0.087789 0.487007
0.377909 0.200849 0.421242
0.195847 0.558163 0.24599
0.369588 0.325272 0.30514
0.388018 0.366257 0.245725
0.393174 0.28004 0.326786
0.494025 0.131347 0.374628
0.502046 0.179327 0.318627
0.512802 0.167012 0.320185
0.380574 0.172799 0.446627
0.351954 0.463231 0.184814
