0.932308 0.0333372 9.9982E-05 0.0150254 0.0191291 9.9982E-05
0.98386 9.9973E-05 9.9973E-05 9.9973E-05 0.0138285 0.00201178
0.893652 0.064741 0.00320439 9.9991E-05 0.00374112 0.0345611
0.836758 0.123903 9.9973E-05 9.9973E-05 0.0390396 9.9973E-05
0.92109 0.0785099 9.9964E-05 9.9964E-05 9.9964E-05 9.9964E-05
0.661074 0.0479733 0.144808 0.0435756 0.0675975 0.0349712
0.816582 0.00830997 0.138464 0.00235755 0.0341861 9.9991E-05
0.72861 0.00542096 0.142954 0.0210622 0.101852 9.9991E-05
0.824899 9.99729E-05 0.0166657 9.99729E-05 0.158135 9.99729E-05
0.783136 0.0493229 0.124699 9.9991E-05 0.0400463 0.00269671
0.749863 0.104842 0.0913041 9.9982E-05 0.0537912 9.9982E-05
0.0400127 0.208727 0.0313343 0.0382115 0.483581 0.198134
0.0840261 0.527068 0.0520828 0.0297588 0.243942 0.0631218
0.00276832 0.294982 0.0652603 0.0682699 0.461818 0.106902
0.0304328 0.311901 0.0250895 0.111269 0.433977 0.0873305
0.0944296 0.440152 0.0158684 0.0956465 0.301859 0.052045
0.0573155 0.580307 0.0291731 0.0737407 0.193107 0.0663565
0.0335891 0.533153 0.0259464 0.00962113 0.263456 0.134234
0.119916 0.276495 0.0812389 0.0787831 0.397627 0.0459398
0.0180519 0.0748178 0.0993958 9.9991E-05 0.704028 0.103607
0.0191481 0.430758 0.0637012 0.0346243 0.337184 0.114585
9.9991E-05 0.480227 0.256326 0.067861 0.164772 0.0307143
0.0489196 0.578375 0.0077428 0.0108026 0.247688 0.106472
0.0669111 0.260294 0.0807353 0.0358861 0.427307 0.128867
0.100512 0.61513 0.033598 0.0976709 0.142146 0.0109429
0.0716971 0.580249 0.034069 0.0200387 0.229252 0.0646942
0.0500758 0.260314 0.0507997 0.0134162 0.478264 0.147131
0.021926 0.288487 0.0513078 0.0812156 0.443733 0.11333
0.0111604 0.24199 0.141702 9.9991E-05 0.451617 0.153431
0.895333 0.094794 9.9973E-05 0.009573 9.9973E-05 9.9973E-05
0.89053 0.108708 9.9973E-05 0.000462022 9.9973E-05 9.9973E-05
0.800557 0.0909312 9.9982E-05 0.0871805 0.0211314 9.9982E-05
0.758923 0.174215 9.9973E-05 0.066562 9.9973E-05 9.9973E-05
0.093716 0.483294 0.0767497 9.9991E-05 0.0946608 0.25148
0.0902098 0.482052 0.0155651 0.0523465 0.0599282 0.299898
0.0275872 0.543503 0.0573754 0.0111574 0.00865397 0.351723
0.036087 0.191254 0.0168635 0.000113662 0.632515 0.123167
9.9982E-05 0.269445 0.186413 0.00371313 9.9982E-05 0.540228
0.0964645 0.519024 0.00659283 0.031599 0.146544 0.199776
0.0373434 0.725184 0.0635305 9.9982E-05 9.9982E-05 0.173742
0.133783 0.546042 0.144374 9.9991E-05 0.106687 0.0690143
0.134774 0.602625 0.0591955 9.9991E-05 0.0658206 0.137484
0.0130671 0.113642 9.9982E-05 9.9982E-05 0.196191 0.6769
0.0450965 0.684801 0.209407 9.9982E-05 0.0604954 9.9982E-05
0.059282 0.60597 0.0429953 0.0151543 0.0813336 0.195265
0.164265 0.562779 0.081685 0.0230281 0.089659 0.0785845
9.9973E-05 0.311743 0.100061 9.9973E-05 9.9973E-05 0.587897
0.103279 0.605029 9.9973E-05 9.9973E-05 9.9973E-05 0.291392
0.132808 0.558078 0.082046 9.9991E-05 0.0560367 0.170931
9.9964E-05 9.9964E-05 0.421915 9.9964E-05 9.9964E-05 0.577685
9.9982E-05 0.216572 0.081725 9.9982E-05 0.58482 0.116683
9.9991E-05 0.125795 0.359166 0.0888065 0.25266 0.173472
0.0617501 0.567469 0.116917 0.0774546 0.1169 0.0595099
0.109469 0.586396 0.109407 0.0423254 0.107637 0.0447656
0.0522155 0.623655 0.176244 0.0595777 0.0409945 0.0473138
0.112498 0.213347 0.0306445 9.9991E-05 0.532749 0.110661
0.00466768 0.570761 0.0638879 0.00472628 0.299205 0.0567516
0.0406029 0.611554 0.0509084 0.0358639 0.148992 0.112079
0.0978599 0.417853 0.137404 9.9991E-05 0.233402 0.113381
0.147288 0.134979 0.125892 0.0205372 0.472329 0.0989756
0.0662953 0.574857 0.0761283 0.0272251 0.181041 0.0744529
0.0583216 0.494071 0.0957587 0.0486166 0.248451 0.054781
0.064951 0.111155 0.169196 9.9991E-05 0.562014 0.0925848
0.00205477 0.455262 0.0573597 0.00411123 0.37512 0.106093
0.063918 0.56384 0.111811 0.065944 0.0844134 0.110074
0.0857359 0.695662 0.0448387 9.9991E-05 0.156741 0.0169223
0.0682656 0.288497 0.100159 0.0323869 0.368297 0.142394
0.0608386 0.523889 0.0692053 0.040462 0.235916 0.069689
0.0347182 0.548154 0.0746163 0.0395816 0.176709 0.12622
0.0172917 0.270799 0.113313 9.9991E-05 0.472724 0.125773
0.0214146 0.470567 9.9973E-05 9.9973E-05 9.9973E-05 0.507719
0.0269841 0.153341 9.9991E-05 0.0113681 0.064676 0.743531
0.113351 0.499414 0.072919 0.0527033 0.00862048 0.252992
9.9964E-05 9.9964E-05 0.159798 9.9964E-05 9.9964E-05 0.839803
9.9964E-05 9.9964E-05 0.188389 9.9964E-05 9.9964E-05 0.811211
9.9973E-05 0.194352 0.0879634 9.9973E-05 9.9973E-05 0.717385
0.0562885 0.45696 9.9982E-05 9.9982E-05 0.0578841 0.428668
0.152151 0.560138 0.0888416 0.0165667 0.0623251 0.119977
9.9982E-05 0.448815 0.0246492 0.0117393 9.9982E-05 0.514596
0.0491248 0.1177 9.9982E-05 9.9982E-05 0.184598 0.648377
0.000880136 0.242339 9.9982E-05 9.9982E-05 0.189508 0.567073
0.0864149 0.437863 0.0323536 0.0859669 0.0810716 0.27633
0.0172029 0.284486 9.9991E-05 0.0257164 0.10851 0.563985
9.9973E-05 0.443159 9.9973E-05 9.9973E-05 0.0956164 0.460924
9.9973E-05 0.469975 0.0819475 9.9973E-05 9.9973E-05 0.447778
9.9964E-05 9.9964E-05 0.357203 9.9964E-05 9.9964E-05 0.642397
0.0630258 0.62609 0.0363412 0.0266444 9.9991E-05 0.247799
0.838072 0.0822351 9.9982E-05 9.9982E-05 0.0763514 0.00314127
0.931177 0.0684234 9.9964E-05 9.9964E-05 9.9964E-05 9.9964E-05
0.856069 0.118182 9.9973E-05 0.0254495 9.9973E-05 9.9973E-05
0.930076 0.0265618 9.9973E-05 0.0430619 9.9973E-05 9.9973E-05
0.939931 9.9973E-05 9.9973E-05 0.0354494 9.9973E-05 0.0243196
0.861699 0.0776101 0.0123832 0.0481081 9.9982E-05 9.9982E-05
0.918751 0.0808496 9.9964E-05 9.9964E-05 9.9964E-05 9.9964E-05
0.0831926 0.542565 0.0233947 0.0479175 0.0709071 0.232023
0.149551 0.505868 9.9991E-05 0.059973 0.0856342 0.198874
0.0541654 9.9982E-05 0.0105231 9.9982E-05 0.175615 0.759497
0.0755083 0.607076 0.0488101 0.0338832 0.0783485 0.156374
0.0189291 0.377512 9.9982E-05 9.9982E-05 0.104128 0.499231
0.0623009 0.502204 9.9991E-05 0.00721518 0.021655 0.406525
0.0426982 0.514585 0.0722484 0.0278267 9.9991E-05 0.342541
9.9991E-05 0.506164 0.00182149 0.0443311 0.0443948 0.403189
0.0357569 9.9973E-05 9.9973E-05 9.9973E-05 0.241839 0.722104
0.123168 0.506387 0.0551803 0.0420621 0.0817952 0.191407
0.0838652 0.599551 0.000304852 0.0206737 0.0844884 0.211117
0.118004 0.558442 0.018419 0.0103946 0.0828205 0.21192
9.9982E-05 0.210297 0.206368 0.0385624 9.9982E-05 0.544572
9.9982E-05 0.477117 0.0922581 0.00323836 9.9982E-05 0.427187
0.0108475 0.4572 9.9982E-05 9.9982E-05 0.140162 0.39159
9.9982E-05 0.325128 0.0511721 0.0311135 9.9982E-05 0.592387
0.036029 0.402839 9.9982E-05 9.9982E-05 0.130954 0.429978
0.111757 0.560283 0.0187985 9.9991E-05 0.0962631 0.212799
0.010175 0.315147 0.233812 0.0423588 0.388334 0.0101732
0.04612 0.425757 0.056263 0.031555 0.397438 0.0428672
0.137281 0.589901 0.0795843 0.0179504 0.118175 0.0571071
0.108839 0.623325 0.0973414 0.0384134 0.0957646 0.0363167
0.0420444 0.490866 0.0388864 9.9991E-05 0.40816 0.019944
0.0160085 0.610645 0.0575725 0.0413677 0.274307 9.9991E-05
0.0424967 0.515154 0.00130281 9.9982E-05 0.440847 9.9982E-05
0.0544232 0.517731 0.151132 0.0621478 0.147104 0.0674629
0.0482255 0.618028 0.0732035 0.064978 0.195465 9.9991E-05
0.0496413 0.614924 0.0651337 9.9982E-05 0.270101 9.9982E-05
0.0314327 0.583344 0.0234987 9.9991E-05 0.326456 0.0351686
0.0650986 0.635115 0.073845 0.049928 0.175914 9.9991E-05
0.0938594 0.553657 0.0521938 0.101299 0.15973 0.0392609
9.9991E-05 0.585087 0.142179 0.0714376 0.143906 0.0572897
0.0753593 0.595558 0.113042 0.0435611 0.17238 9.9991E-05
0.0304132 0.595919 0.114669 0.0233636 0.21043 0.0252047
0.0462648 0.331984 0.238969 0.0795719 0.303111 9.9991E-05
0.0559295 0.589814 0.0839127 0.0721208 0.157662 0.0405606
0.037823 0.699121 0.107953 0.00502509 0.149978 9.9991E-05
0.00168895 0.218433 0.038166 0.0282854 0.600449 0.112977
9.9991E-05 0.180942 0.386879 0.0314152 0.347443 0.0532207
0.0652027 0.507735 0.0652203 0.0304759 0.246992 0.0843744
9.9982E-05 0.121583 0.465998 9.9982E-05 0.336298 0.0759216
9.9982E-05 0.352139 0.0442364 9.9982E-05 0.543452 0.0599731
9.9982E-05 0.454085 0.01072 9.9982E-05 0.456551 0.0784441
0.00617579 0.358991 0.0139974 0.00262447 0.460073 0.158138
9.9982E-05 0.366041 0.0286313 9.9982E-05 0.547439 0.057688
0.0763478 0.596875 0.0646459 9.9991E-05 0.183496 0.0785358
0.0850163 0.5787 0.10014 0.0654468 0.0988316 0.0718655
0.0360331 0.563763 0.0395681 0.0403941 0.235928 0.084314
9.9991E-05 0.242552 0.326552 0.0107854 0.369243 0.050768
0.172591 0.474924 0.121686 0.0550585 0.0866633 0.0890774
0.0655329 0.521142 0.325371 0.012158 0.0309679 0.0448275
0.107292 9.9982E-05 0.703966 9.9982E-05 0.0823814 0.106161
0.0748936 0.698813 0.117589 0.0258551 0.0359534 0.046896
0.0839696 0.353001 0.407609 0.0176274 0.06656 0.071233
0.135845 0.544089 0.232291 0.0279165 0.0451751 0.0146829
0.0930064 0.246047 0.485638 9.9991E-05 0.102446 0.072762
0.0534149 0.116893 0.586645 9.9991E-05 0.181506 0.0614404
0.0392579 0.403324 0.33781 0.0452306 0.0990354 0.0753424
0.133295 0.535355 0.163461 0.0140873 0.0880918 0.0657098
0.162326 0.448902 0.185732 0.0492285 0.0815811 0.0722309
0.0524046 0.123689 0.486688 0.0731665 0.0847259 0.179326
0.0871559 0.589108 0.137532 0.0668406 0.084357 0.035006
9.9982E-05 0.35018 0.482833 9.9982E-05 0.0845936 0.0821942
9.9982E-05 0.470822 0.341199 9.9982E-05 0.103553 0.0842251
0.098683 0.597106 0.114131 0.0100418 0.069224 0.110814
0.373248 0.163434 0.218889 0.223171 0.0211583 9.9991E-05
0.489329 9.9973E-05 0.382941 0.12743 9.9973E-05 9.9973E-05
0.444206 9.9973E-05 0.441003 0.114492 9.9973E-05 9.9973E-05
0.377443 0.0993978 0.274985 0.247217 9.9991E-05 0.000857287
9.9982E-05 0.62598 0.260975 9.9982E-05 0.0147379 0.0981065
0.0944438 0.626132 0.140512 0.0155919 0.0569783 0.0663417
9.9982E-05 0.332036 9.9982E-05 0.661544 0.00468168 0.00153883
0.0285643 0.372732 9.9991E-05 0.455524 0.118084 0.0249946
0.093178 0.322319 9.9991E-05 0.41193 0.109853 0.0626209
9.9982E-05 0.309065 0.598107 9.9982E-05 0.0716735 0.0209544
0.0949747 0.477119 0.174564 0.0554776 0.107296 0.0905688
9.9982E-05 0.311731 0.58236 9.9982E-05 0.0805028 0.0252066
0.0657264 0.61056 0.313857 0.00534463 9.9991E-05 0.00441161
0.0344223 0.503769 0.359794 0.0307404 0.0694076 0.00186631
0.0155162 0.61156 0.35546 9.9982E-05 9.9982E-05 0.0172635
9.9982E-05 0.254063 0.665151 9.9982E-05 0.0310757 0.0495108
0.0705704 0.685822 0.225563 0.012361 9.9991E-05 0.0055837
0.108372 0.617935 0.164817 9.9991E-05 0.025216 0.0835605
9.9991E-05 0.0258136 0.00309756 0.942756 0.0139311 0.0143022
9.9982E-05 0.0963746 9.9982E-05 0.86429 0.0153367 0.023799
0.0511865 0.276961 9.9991E-05 0.548417 0.0492359 0.0741
9.9982E-05 0.341223 9.9982E-05 0.620752 0.0359781 0.00184667
9.9973E-05 0.13162 9.9973E-05 0.828847 0.0392334 9.9973E-05
9.996E-05 9.996E-05 9.996E-05 0.9995 9.996E-05 9.996E-05
9.9964E-05 9.9964E-05 9.9964E-05 0.949505 0.0500947 9.9964E-05
9.9964E-05 0.173007 9.9964E-05 0.826593 9.9964E-05 9.9964E-05
9.9973E-05 9.9973E-05 9.9973E-05 0.940194 0.0552062 0.00430018
9.996E-05 9.996E-05 9.996E-05 0.9995 9.996E-05 9.996E-05
9.996E-05 9.996E-05 9.996E-05 0.9995 9.996E-05 9.996E-05
9.9973E-05 0.216878 9.9973E-05 0.759624 0.023198 9.9973E-05
0.0313385 0.11502 9.9991E-05 0.789406 0.0575295 0.00660602
9.996E-05 9.996E-05 9.996E-05 0.9995 9.996E-05 9.996E-05
0.0874732 0.381924 0.0238146 0.373048 0.110068 0.0236721
0.0424978 0.252693 0.00813274 0.654568 0.0324567 0.00965139
0.0442336 0.152918 9.9973E-05 0.802549 9.9973E-05 9.9973E-05
9.9964E-05 0.103977 9.9964E-05 0.895623 9.9964E-05 9.9964E-05
9.996E-05 9.996E-05 9.996E-05 0.9995 9.996E-05 9.996E-05
9.9964E-05 0.0222496 9.9964E-05 0.97735 9.9964E-05 9.9964E-05
9.996E-05 9.996E-05 9.996E-05 0.9995 9.996E-05 9.996E-05
0.0392333 0.237009 9.9991E-05 0.650633 0.0391476 0.0338779
9.9973E-05 0.00435809 9.9973E-05 0.963524 9.9973E-05 0.0318177
0.29757 9.9973E-05 0.644439 0.0576908 9.9973E-05 9.9973E-05
0.195676 0.372424 0.25451 0.112488 0.0648014 9.9991E-05
0.155125 0.46422 0.286468 0.0767947 0.0172924 9.9991E-05
0.199905 0.21356 0.470575 0.0991699 0.0166896 9.9991E-05
0.160383 0.487173 0.193536 0.085134 0.0191577 0.0546165
0.25196 0.152484 0.508292 0.0870638 9.9982E-05 9.9982E-05
0.196883 0.520024 0.203219 0.037772 0.0420016 9.9991E-05
0.173953 0.34802 0.383035 0.0947925 9.9982E-05 9.9982E-05
0.161464 0.501338 0.22791 0.109087 9.9982E-05 9.9982E-05
0.191906 0.37776 0.260211 0.125091 9.9991E-05 0.0449329
0.185167 0.443661 0.227215 0.0995811 0.00955769 0.0348185
0.882683 0.0803924 0.00585035 9.9982E-05 0.0308738 9.9982E-05
0.892395 9.9982E-05 0.0248736 0.0665265 9.9982E-05 0.0160046
0.962362 0.0150728 9.9973E-05 9.9973E-05 0.0222657 9.9973E-05
0.970302 9.9973E-05 0.0106284 9.9973E-05 9.9973E-05 0.0187693
0.905185 0.0668918 9.9973E-05 9.9973E-05 0.0276233 9.9973E-05
0.99092 0.00868064 9.9964E-05 9.9964E-05 9.9964E-05 9.9964E-05
0.926781 0.0335603 9.9982E-05 0.0272393 0.0122193 9.9982E-05
0.934268 9.9982E-05 0.000811705 0.00364577 0.0610748 9.9982E-05
0.905166 0.0202893 0.042469 0.0153571 9.9991E-05 0.0166182
0.90507 9.9982E-05 0.0475883 0.03189 0.0152515 9.9982E-05
0.596203 9.9982E-05 0.0599111 9.9982E-05 0.296651 0.0470346
0.608173 9.9982E-05 0.0528762 9.9982E-05 0.335191 0.0035606
0.522778 9.9982E-05 0.078282 9.9982E-05 0.355959 0.0427802
0.458847 9.9982E-05 0.116032 9.9982E-05 0.40195 0.0229701
0.0598897 0.457818 9.9991E-05 0.00735693 0.181727 0.293109
0.0690274 0.432608 0.00542546 0.0311354 0.113674 0.34813
0.0328954 0.54702 9.9991E-05 0.0158675 0.189304 0.214813
0.0112483 0.36684 9.9982E-05 9.9982E-05 0.311808 0.309903
9.9982E-05 0.232174 0.0847974 9.9982E-05 0.613234 0.0695948
0.0309252 0.680415 0.0268723 9.9991E-05 0.0553207 0.206367
9.9982E-05 0.611163 9.9982E-05 0.0101292 0.121355 0.257152
0.0153 0.562058 0.136614 9.9991E-05 0.0272203 0.258708
9.9982E-05 0.362695 0.100418 0.00765591 9.9982E-05 0.529031
0.0505923 0.617068 0.053768 0.0219058 0.0862835 0.170382
0.0121874 0.412385 9.9982E-05 9.9982E-05 0.114241 0.460986
9.9964E-05 9.9964E-05 0.233546 9.9964E-05 9.9964E-05 0.766054
0.0420047 0.627165 0.0633519 9.9991E-05 0.158112 0.109267
9.9973E-05 0.16885 0.217569 9.9973E-05 9.9973E-05 0.613281
0.0302182 0.532245 0.0638772 0.00319288 0.078714 0.291753
9.9973E-05 0.117326 9.9973E-05 9.9973E-05 0.226887 0.655487
0.134466 9.9973E-05 0.0851364 9.9973E-05 0.780097 9.9973E-05
0.107173 0.0675841 0.0429159 9.9982E-05 0.782127 9.9982E-05
0.0977446 0.0216433 0.0262987 9.9991E-05 0.816637 0.0375766
0.107907 9.9982E-05 0.0410889 9.9982E-05 0.832207 0.0185968
0.0326408 0.109839 0.0463594 9.9982E-05 0.810961 9.9982E-05
0.0615671 0.103316 0.0260768 0.0212193 0.787721 9.9991E-05
0.861745 0.0274478 9.9991E-05 0.0412 0.0245679 0.0449389
0.828709 0.0936336 9.9991E-05 0.00505979 0.0280119 0.0444861
0.788662 0.146105 9.9991E-05 0.021303 0.0379627 0.0058671
0.848054 0.00535171 9.9991E-05 0.0710569 0.0057197 0.0697174
0.816121 0.138728 0.00995196 0.0349989 9.9982E-05 9.9982E-05
0.395992 9.9973E-05 0.0496384 9.9973E-05 0.55407 9.9973E-05
0.427158 9.9982E-05 0.0180952 0.0136796 0.540868 9.9982E-05
0.414965 0.0173928 0.0390083 9.9982E-05 0.528434 9.9982E-05
0.865039 0.0984346 9.9973E-05 9.9973E-05 0.0362265 9.9973E-05
0.383135 9.9982E-05 0.0687111 9.9982E-05 0.544673 0.00328105
0.301603 0.278705 0.13748 0.282012 9.9982E-05 9.9982E-05
0.185493 0.573964 0.0509063 0.159861 9.9991E-05 0.0296762
0.218209 0.579161 9.9973E-05 0.20233 9.9973E-05 9.9973E-05
0.259861 0.347169 0.142467 0.250304 9.9982E-05 9.9982E-05
0.198948 0.598568 0.0969283 0.0665018 0.0286576 0.0103964
0.431542 9.9973E-05 0.260442 0.307716 9.9973E-05 9.9973E-05
9.9982E-05 0.476172 0.0725726 9.9982E-05 0.40984 0.0412152
9.9991E-05 0.487689 0.295341 0.00286464 0.188735 0.025269
9.9982E-05 0.301565 0.0291084 9.9982E-05 0.557641 0.111486
9.9982E-05 0.564799 0.235734 9.9982E-05 0.142999 0.0562685
9.9973E-05 9.9973E-05 0.640943 9.9973E-05 0.334011 0.0247462
0.0949732 0.576217 0.07338 0.0618392 0.138853 0.0547376
0.0199851 0.541874 0.158231 0.0440962 0.191311 0.0445029
0.0218695 0.371469 0.0604801 9.9991E-05 0.462062 0.084019
0.0860813 0.547492 0.0658484 0.0353786 0.177707 0.0874926
9.9982E-05 0.180279 0.38171 9.9982E-05 0.307608 0.130204
0.0129563 0.588601 0.159553 0.00429769 0.158086 0.0765062
0.0204569 0.524473 0.0463572 9.9991E-05 0.330475 0.0781377
0.112372 0.421864 0.182658 0.138976 0.0634738 0.0806555
9.9991E-05 0.374121 0.292209 0.00556744 0.227767 0.100235
9.9991E-05 0.437245 0.21806 0.0131326 0.219451 0.112011
9.9991E-05 0.604732 0.17059 0.00896452 0.160824 0.0547897
9.9982E-05 0.587349 0.162272 9.9982E-05 0.217675 0.0325048
0.030659 0.640108 0.0723119 0.0607509 0.132668 0.0635019
0.113131 0.562267 0.0496939 0.00520087 0.168681 0.101026
0.05163 0.568995 0.0723714 0.0626095 0.177126 0.0672677
0.859645 0.119305 9.9973E-05 0.0207502 9.9973E-05 9.9973E-05
0.875441 0.124159 9.9964E-05 9.9964E-05 9.9964E-05 9.9964E-05
0.927975 0.051986 9.9973E-05 9.9973E-05 9.9973E-05 0.0197388
0.90295 0.0143979 9.9991E-05 0.056727 0.0236237 0.00220149
0.911219 0.0883813 9.9964E-05 9.9964E-05 9.9964E-05 9.9964E-05
0.0229405 0.141786 0.0962554 0.0291146 0.590694 0.119209
0.0547217 0.571861 0.131479 0.012795 0.179402 0.0497413
0.194916 0.429323 0.165787 0.190256 0.0196181 9.9991E-05
0.032287 0.64595 0.0486941 0.0507845 0.19531 0.0269743
0.0318962 0.551907 9.9982E-05 9.9982E-05 0.3383 0.0776973
9.9991E-05 0.307947 0.329932 0.0126201 0.265818 0.0835824
0.0702722 0.0419951 0.0729784 9.9991E-05 0.730133 0.0845212
0.0425907 0.462026 0.0187805 0.0380827 0.358176 0.0803438
0.0245619 0.253159 0.0519731 0.0479943 0.574168 0.0481437
0.0389895 0.481391 0.160457 0.0190423 0.192041 0.10808
0.0507642 0.193385 0.102424 9.9991E-05 0.646695 0.00663273
0.035877 0.572587 9.9991E-05 0.0858226 0.285433 0.0201803
0.038345 0.14488 0.102427 0.0293341 0.582673 0.102341
0.000507359 0.276348 0.244974 0.08279 0.300863 0.0945181
0.0942494 0.531313 0.207627 9.9991E-05 0.127704 0.0390072
9.9982E-05 0.374769 0.516207 9.9982E-05 0.0985546 0.010269
0.0365383 0.583003 0.333836 9.9991E-05 0.044748 0.00177529
0.131921 0.601879 0.147378 9.9991E-05 0.092919 0.0258024
9.9982E-05 0.303741 0.566502 9.9982E-05 0.0714407 0.0581161
0.130494 0.550309 0.145385 0.0086298 0.0642459 0.100936
0.0526695 0.524952 0.290148 9.9991E-05 0.0775462 0.0545845
9.9982E-05 0.175367 0.689234 9.9982E-05 0.0329379 0.102261
0.00162914 0.233225 0.671123 9.9991E-05 0.0601029 0.0338202
0.0284481 0.472048 0.398871 9.9991E-05 0.0849754 0.0155571
9.9982E-05 0.0998421 0.635415 9.9982E-05 0.0766631 0.18788
9.9982E-05 0.47003 0.362522 9.9982E-05 0.135075 0.0321729
9.9991E-05 0.16043 0.0234056 0.0212554 0.691534 0.103276
9.9991E-05 0.219012 0.285146 0.0717068 0.376771 0.0472651
0.012772 0.407808 9.9991E-05 0.0779981 0.443925 0.0573967
0.0377106 0.55825 0.0140381 0.0505753 0.268745 0.0706813
9.9982E-05 0.223878 9.9982E-05 0.0385796 0.589215 0.148128
0.0715739 0.513335 0.142784 0.0374845 0.1442 0.0906233
0.028803 0.589559 0.0413446 0.0306096 0.219287 0.0903967
0.0209235 0.543687 0.070485 0.0353578 0.23574 0.0938071
0.00415599 0.493751 0.075555 0.0968966 0.287338 0.0423034
0.000896697 0.539095 0.014917 0.0200644 0.417316 0.00771043
9.9991E-05 0.291991 0.0320084 0.027683 0.546295 0.101923
9.9991E-05 0.430683 0.0256639 0.0293153 0.453098 0.0611402
9.9991E-05 0.617711 0.135679 0.0273628 0.205365 0.013783
0.0286802 0.62194 0.0755683 0.0884046 0.120169 0.0652371
0.00543017 0.353108 0.193643 0.0834238 0.303223 0.0611721
9.9991E-05 0.490511 0.107114 0.106147 0.197424 0.0987034
9.9991E-05 0.416012 0.0121021 0.037666 0.497623 0.0364974
0.028308 0.544741 0.0607347 0.0560939 0.208566 0.101557
0.0284672 0.480026 0.0477025 0.0632415 0.289937 0.0906252
0.102171 0.565002 0.168144 0.0381626 0.126421 9.9991E-05
0.340636 0.470767 0.00130837 0.10316 0.0840287 9.9991E-05
0.133172 0.571955 0.124483 0.128021 0.0329201 0.00944947
0.195528 0.46383 0.106929 0.112728 0.0149027 0.106082
0.123052 0.588923 0.123007 0.115445 0.0328761 0.0166975
0.209508 0.463416 0.137863 0.174309 9.9991E-05 0.0148053
9.9982E-05 0.530449 0.274624 9.9982E-05 0.179461 0.0152655
0.144057 0.505384 0.122633 0.133129 0.0281741 0.0666222
0.223606 0.0522976 0.435982 0.179022 0.0932612 0.0158309
0.0936726 0.552321 0.114751 0.125221 0.113934 9.9991E-05
0.134097 0.579275 0.0975624 0.135398 0.0535679 9.9991E-05
0.108652 0.54691 0.0857805 0.149463 0.0778228 0.031372
0.17596 0.332829 0.2949 0.10013 0.0594548 0.0367266
0.181834 0.575945 0.0954075 0.142452 9.9991E-05 0.0042612
0.153667 0.539399 0.138519 0.150884 0.0174305 9.9991E-05
0.481438 9.9973E-05 0.399993 0.118269 9.9973E-05 9.9973E-05
0.204826 0.538518 9.9991E-05 0.142927 0.0536873 0.059942
0.161403 0.525739 0.101228 0.208 9.9991E-05 0.00353108
0.0957856 0.611337 0.0963712 0.0950135 0.0660214 0.0354709
0.195588 0.541225 0.0655282 0.197458 9.9982E-05 9.9982E-05
0.229548 0.472809 0.0627234 0.10228 0.00593551 0.126704
0.0272978 0.492338 0.2946 9.9991E-05 0.0604362 0.125227
0.0302761 0.517869 0.192711 0.068841 0.0629866 0.127317
9.9982E-05 0.0183733 0.761467 9.9982E-05 0.0715812 0.148379
9.9982E-05 0.0845654 0.760733 9.9982E-05 0.0798034 0.0746981
0.104932 0.548279 0.230137 9.9991E-05 0.0221389 0.0944143
0.161148 0.345811 0.186937 0.304879 9.9991E-05 0.00112547
0.14372 0.401428 0.200235 0.254417 9.9982E-05 9.9982E-05
0.17368 0.202769 0.325176 0.298176 9.9982E-05 9.9982E-05
0.174436 0.365418 0.227066 0.232879 9.9982E-05 9.9982E-05
0.0612866 0.185571 0.718021 0.0349215 9.9982E-05 9.9982E-05
0.0602326 0.23862 0.609181 0.0480345 9.9991E-05 0.0438327
0.0158024 0.632306 0.292505 0.0431155 9.9991E-05 0.016171
0.0615497 0.467946 0.373756 0.0965489 9.9982E-05 9.9982E-05
0.0379959 0.30442 0.528943 0.0563696 0.0390651 0.0332065
0.024577 0.578531 0.198035 0.0623757 0.136382 9.9991E-05
0.0475996 0.661318 0.242948 0.0479337 9.9982E-05 9.9982E-05
0.0572609 0.520305 0.205544 0.0839366 0.0772266 0.0557264
9.9973E-05 0.404465 0.481712 9.9973E-05 9.9973E-05 0.113523
9.9982E-05 0.461494 0.39148 9.9982E-05 0.0825798 0.0642457
0.0293409 0.606336 0.303965 9.9991E-05 0.0486386 0.0116196
0.0390327 0.492707 0.282079 9.9991E-05 0.135964 0.0501176
0.105808 0.566962 0.165282 0.051294 0.0708686 0.0397853
9.9982E-05 0.488237 0.364486 9.9982E-05 0.0464646 0.100613
9.9982E-05 0.269568 0.644545 9.9982E-05 0.0257477 0.0599391
9.9982E-05 0.691514 0.278389 0.0161335 0.0137631 9.9982E-05
9.9982E-05 0.251355 0.552471 9.9982E-05 0.100456 0.0955183
0.0101739 0.49384 0.382513 9.9991E-05 0.0421525 0.0712204
0.0313851 0.584691 0.223923 9.9991E-05 0.0671855 0.0927157
0.0404907 0.518893 0.208944 0.0543881 0.086873 0.0904114
0.131745 0.477326 0.168205 0.14669 0.0486894 0.0273439
0.19792 0.474196 0.168566 0.105212 9.9991E-05 0.0540054
0.224546 0.321022 0.193766 0.252943 9.9991E-05 0.00762292
0.207924 0.367669 0.166583 0.213422 0.0443028 9.9991E-05
0.165472 0.46591 0.0948099 0.16683 0.0448097 0.0621686
0.184563 0.487878 0.194833 0.120769 9.9991E-05 0.0118565
0.136428 0.0374966 0.66991 0.14877 9.9991E-05 0.00729564
0.113567 0.569007 0.135661 0.181565 9.9982E-05 9.9982E-05
0.303862 9.9973E-05 0.576719 0.119119 9.9973E-05 9.9973E-05
0.0420275 0.592217 0.231743 0.133812 9.9982E-05 9.9982E-05
9.9973E-05 0.235338 0.67623 9.9973E-05 9.9973E-05 0.0881318
9.9973E-05 0.0391421 0.721949 9.9973E-05 9.9973E-05 0.238609
9.9973E-05 0.563652 0.385418 9.9973E-05 9.9973E-05 0.0506297
0.00397024 0.647485 0.279426 0.0177852 0.00160986 0.0497237
9.9982E-05 0.501818 0.428238 9.9982E-05 0.0170591 0.0526841
9.9973E-05 0.630598 0.300621 9.9973E-05 9.9973E-05 0.0684809
9.9973E-05 0.600172 0.328781 9.9973E-05 9.9973E-05 0.0707466
0.876283 0.015726 0.0154356 9.9991E-05 0.0734517 0.0190035
0.769963 0.0370622 0.0453869 0.0593954 0.0854028 0.00278991
0.941213 9.9973E-05 9.9973E-05 0.0276823 0.0308043 9.9973E-05
0.957086 0.0314812 0.0111331 9.9973E-05 9.9973E-05 9.9973E-05
0.0414671 0.499675 0.038163 0.0431935 0.0279404 0.349561
0.0226566 0.553021 0.0169244 0.00858154 0.0799147 0.318902
0.0467043 0.464435 9.9982E-05 9.9982E-05 0.042228 0.446432
0.0861321 0.581282 0.00939402 9.9991E-05 0.0522771 0.270814
0.100953 0.610233 0.089024 9.9991E-05 0.0653751 0.134314
0.0365128 0.249542 9.9982E-05 9.9982E-05 0.0983505 0.615395
9.9964E-05 0.636356 9.9964E-05 9.9964E-05 9.9964E-05 0.363245
0.00269938 0.249004 0.176512 9.9982E-05 9.9982E-05 0.571584
0.333564 0.444048 0.0140773 0.1266 0.0816104 9.9991E-05
9.9991E-05 0.364503 0.167328 0.0242378 0.0166799 0.427152
0.0148509 0.320397 9.9982E-05 9.9982E-05 0.108663 0.555889
0.00651832 0.524933 0.0850015 0.0157237 9.9991E-05 0.367723
0.0116814 0.368061 9.9991E-05 0.0203135 0.088364 0.51148
9.9982E-05 0.555657 0.0407385 0.0141982 9.9982E-05 0.389207
0.078145 0.505874 9.9982E-05 9.9982E-05 0.0571117 0.35867
9.9964E-05 9.9964E-05 0.178109 9.9964E-05 9.9964E-05 0.821491
9.9973E-05 0.302676 0.157603 9.9973E-05 9.9973E-05 0.539421
9.9982E-05 0.303645 0.0781694 0.0410106 9.9982E-05 0.576976
9.9964E-05 9.9964E-05 0.224157 9.9964E-05 9.9964E-05 0.775443
0.0792441 0.383617 9.9982E-05 9.9982E-05 0.0681722 0.468766
9.9973E-05 0.0583148 0.323764 9.9973E-05 9.9973E-05 0.617622
9.9964E-05 9.9964E-05 0.250987 9.9964E-05 9.9964E-05 0.748613
0.0354701 0.577656 0.0469057 0.0302083 0.0169425 0.292818
0.0320506 0.110818 9.9991E-05 0.0211251 0.19879 0.637117
0.0189359 0.444289 9.9991E-05 0.00962746 0.0663716 0.460676
0.114969 0.5617 0.0606066 0.0638464 0.0077858 0.191092
0.0175796 0.445026 9.9991E-05 0.0538796 0.0955321 0.387883
9.9991E-05 0.403991 0.264852 0.0118223 0.280296 0.0389385
0.0729722 0.530883 9.9991E-05 0.0132842 0.0161032 0.366657
0.023943 0.506819 9.9982E-05 9.9982E-05 0.0927093 0.376329
9.9973E-05 0.317341 0.134454 9.9973E-05 9.9973E-05 0.547906
0.142525 0.482903 0.0653836 0.0449942 0.0241643 0.24003
0.669856 9.9973E-05 0.0571651 9.9973E-05 0.272679 9.9973E-05
0.777377 9.9973E-05 9.9973E-05 9.9973E-05 0.170344 0.0519795
0.860864 9.9973E-05 0.00943675 9.9973E-05 0.129399 9.9973E-05
0.823626 9.9973E-05 0.0261063 9.9973E-05 0.149968 9.9973E-05
0.772443 0.017921 0.0122205 9.9991E-05 0.167195 0.0301205
0.0763426 0.080916 9.9982E-05 9.9982E-05 0.130798 0.711744
0.0531088 0.0758112 9.9982E-05 9.9982E-05 0.133753 0.737127
9.9982E-05 0.127638 0.0968987 0.0151976 9.9982E-05 0.760066
0.107032 0.583 0.0665282 0.0235449 0.046999 0.172896
0.104935 0.548252 0.0457967 0.036265 0.0204806 0.244271
0.00385361 0.215295 0.0937257 0.0318706 9.9991E-05 0.655155
0.0078662 0.572756 0.0848633 0.0530132 0.000966762 0.280534
0.035166 0.346976 0.0716317 0.0858024 9.9991E-05 0.460324
0.0284985 0.494762 9.9991E-05 0.0190049 0.0795855 0.378049
0.0590932 0.566913 9.9991E-05 0.0366765 0.0518208 0.285397
9.9982E-05 0.165325 9.9982E-05 0.0108985 0.134357 0.68922
9.9973E-05 0.256846 9.9973E-05 9.9973E-05 0.122825 0.620029
0.0172437 0.296283 9.9982E-05 9.9982E-05 0.112979 0.573295
0.11209 0.647864 0.165749 9.9982E-05 0.074097 9.9982E-05
0.0230375 0.373326 9.9982E-05 9.9982E-05 0.0924008 0.511036
0.0292626 0.364345 9.9982E-05 9.9982E-05 0.0944613 0.511731
0.122183 0.419131 0.0682337 0.343483 0.0468694 9.9991E-05
0.126522 0.342458 0.0526166 0.432798 9.9991E-05 0.0455056
0.103831 0.510016 0.015967 0.369986 9.9982E-05 9.9982E-05
0.154675 0.260319 0.0616601 0.518065 0.0051809 9.9991E-05
0.150131 0.491426 0.0504614 0.272579 0.0138555 0.0215468
0.0651397 0.526692 0.23612 9.9982E-05 9.9982E-05 0.171849
0.263593 9.9982E-05 0.0829439 0.636932 0.0163311 9.9982E-05
0.174905 0.320659 0.0216573 0.4669 0.0157786 9.9991E-05
0.201472 0.419571 0.236127 0.129513 0.00823339 0.0050826
0.129655 0.543216 0.188579 9.9991E-05 0.110819 0.027631
0.144395 0.505789 0.220221 9.9991E-05 0.106436 0.0230601
0.116368 0.619641 0.154684 0.000994505 0.0826278 0.0256845
0.167255 0.636732 0.108555 9.9991E-05 0.042466 0.0448921
0.191006 0.363656 9.9973E-05 0.445038 9.9973E-05 9.9973E-05
0.163425 0.401743 9.9991E-05 0.357671 0.0379876 0.0390739
0.127369 0.393766 9.9973E-05 0.478566 9.9973E-05 9.9973E-05
0.132633 0.488538 0.0280839 0.284764 0.0352027 0.0307781
0.160765 0.260911 0.078411 0.481477 0.00441836 0.0140177
0.150331 0.456364 0.0227801 0.327142 9.9991E-05 0.0432832
0.120191 0.226116 0.0442971 0.55421 0.0493605 0.00582481
0.13244 0.486177 0.062535 0.286746 0.0284819 0.00362038
0.115141 0.509276 0.2651 9.9982E-05 9.9982E-05 0.110283
0.147075 0.397014 0.0883658 0.322281 0.0175728 0.0276916
0.204788 0.159768 0.0634056 0.571838 9.9982E-05 9.9982E-05
0.127126 0.428188 0.0464943 0.330145 0.067947 9.9991E-05
0.188118 0.309978 0.277222 9.9991E-05 0.132368 0.0922144
0.0586378 0.620861 0.24954 0.0337067 0.0371538 9.9991E-05
0.161734 0.3472 0.0431094 0.35196 0.065583 0.0304129
0.158903 0.55978 0.135465 9.9991E-05 0.134561 0.0111909
0.174186 0.520913 0.216493 9.9982E-05 0.0882083 9.9982E-05
0.168623 0.37538 0.208138 0.197029 0.0173837 0.0334463
0.236809 0.380898 0.139373 0.24272 9.9982E-05 9.9982E-05
0.117441 0.506044 0.136374 0.0959114 0.0468036 0.0974266
0.173694 0.387581 0.00325058 0.307724 0.0218353 0.105914
0.160353 0.459163 9.9982E-05 0.375229 0.00505529 9.9982E-05
0.193287 0.165723 0.0443211 0.596469 9.9982E-05 9.9982E-05
0.115997 0.647415 0.128171 0.0464118 0.0617978 0.000207395
0.135329 0.438523 0.251842 9.9991E-05 0.101106 0.0731009
0.111756 0.180562 0.707382 9.9973E-05 9.9973E-05 9.9973E-05
0.171045 0.594131 0.145102 0.00830306 0.0236191 0.057801
0.100882 0.416513 0.296648 0.00405046 0.167497 0.0144098
0.208071 0.513248 0.127449 0.126227 0.00259449 0.0224108
0.166088 0.504038 0.215818 0.0615562 0.0205198 0.0319799
0.366723 9.9973E-05 0.523922 0.109056 9.9973E-05 9.9973E-05
0.313181 9.9973E-05 0.619286 0.0672334 9.9973E-05 9.9973E-05
0.20953 0.359215 0.39451 0.0365449 9.9982E-05 9.9982E-05
0.333183 0.0427017 0.462696 0.161219 9.9982E-05 9.9982E-05
0.456093 9.9973E-05 0.365746 0.17786 9.9973E-05 9.9973E-05
0.216342 0.44222 0.3015 0.0397373 9.9982E-05 9.9982E-05
0.259321 0.369686 0.194616 0.142096 0.034181 9.9991E-05
0.284002 0.172451 0.380594 0.162753 9.9982E-05 9.9982E-05
0.263125 0.100433 0.530668 0.105574 9.9982E-05 9.9982E-05
0.189423 0.535865 0.143302 0.102225 9.9991E-05 0.0290851
0.252658 0.200232 0.435065 0.111844 9.9982E-05 9.9982E-05
0.358375 9.9973E-05 0.571606 0.0697197 9.9973E-05 9.9973E-05
0.132949 0.435109 0.113878 0.150995 0.0647379 0.102332
0.213648 0.31959 0.284495 0.173379 0.00878662 9.9991E-05
0.294 0.380931 0.04159 0.186101 0.0619986 0.0353797
0.1772 0.592817 0.00311368 0.22667 9.9982E-05 9.9982E-05
0.193849 0.490051 0.105924 0.192486 9.9991E-05 0.0175911
0.187735 0.468848 0.0975003 0.233043 9.9991E-05 0.0127738
0.340553 0.291417 0.0154874 0.228784 0.0865031 0.0372551
0.215127 0.547649 0.0264625 0.173903 0.0367586 9.9991E-05
0.262361 0.467824 0.0318064 0.186987 0.0224064 0.028616
0.241191 0.276265 0.204594 0.251665 0.0261855 9.9991E-05
0.181221 0.309439 0.0204517 0.139486 0.11664 0.232761
0.201225 0.517499 0.0642308 0.103656 0.0314705 0.0819195
0.153532 0.597012 0.0883814 0.10149 0.0436074 0.0159765
0.153618 0.519706 0.0125016 0.130459 0.0762887 0.107426
0.245408 0.406586 0.0763076 0.217118 0.0544801 9.9991E-05
0.260235 0.514358 0.0495173 0.134686 9.9991E-05 0.0411038
0.364898 0.0626349 0.275035 0.297233 9.9982E-05 9.9982E-05
0.205587 0.563537 0.080746 0.13919 0.0108404 9.9991E-05
0.311427 0.189089 0.220099 0.279185 9.9982E-05 9.9982E-05
0.812281 9.9973E-05 0.016295 9.9973E-05 0.171124 9.9973E-05
0.0519331 0.122642 9.9982E-05 0.0280839 0.797141 9.9982E-05
9.996E-05 9.996E-05 9.996E-05 9.996E-05 0.9995 9.996E-05
9.996E-05 9.996E-05 9.996E-05 9.996E-05 0.9995 9.996E-05
9.9964E-05 0.0385454 9.9964E-05 9.9964E-05 0.961055 9.9964E-05
9.9964E-05 9.9964E-05 9.9964E-05 0.0166267 0.982973 9.9964E-05
9.9964E-05 0.0486907 9.9964E-05 9.9964E-05 0.950909 9.9964E-05
9.996E-05 9.996E-05 9.996E-05 9.996E-05 0.9995 9.996E-05
0.150133 9.9964E-05 9.9964E-05 9.9964E-05 0.849467 9.9964E-05
0.892019 9.9973E-05 9.9973E-05 9.9973E-05 0.0655988 0.0420818
0.796789 0.0566269 9.9973E-05 9.9973E-05 0.146284 9.9973E-05
0.891531 0.026702 0.0164195 9.9991E-05 0.0555652 0.00968199
0.86839 0.043466 0.0334768 0.000739627 0.0538276 9.9991E-05
0.895582 0.0064138 9.9991E-05 0.00679883 0.0830735 0.00803205
0.894679 0.0520263 9.9991E-05 0.00306104 0.0389567 0.0111765
0.725431 0.161363 0.0388421 0.0561681 9.9991E-05 0.0180957
0.910444 0.088398 9.9973E-05 0.000858204 9.9973E-05 9.9973E-05
0.729626 0.148407 9.9982E-05 0.0277744 0.0939919 9.9982E-05
0.922169 0.0230669 9.9973E-05 0.0544639 9.9973E-05 9.9973E-05
0.988384 9.9964E-05 0.011216 9.9964E-05 9.9964E-05 9.9964E-05
0.894773 0.0566724 9.9991E-05 0.0218601 0.0154578 0.0111367
0.9995 9.996E-05 9.996E-05 9.996E-05 9.996E-05 9.996E-05
0.962914 0.0287908 0.00687685 0.00121889 9.9982E-05 9.9982E-05
0.908245 0.0821823 9.9973E-05 9.9973E-05 0.0092727 9.9973E-05
0.921945 0.0710682 9.9973E-05 0.00668645 9.9973E-05 9.9973E-05
0.862413 0.072905 9.9973E-05 0.0643824 9.9973E-05 9.9973E-05
0.86137 0.118436 9.9973E-05 0.0198949 9.9973E-05 9.9973E-05
0.815082 0.115191 9.9973E-05 0.0694265 9.9973E-05 9.9973E-05
0.138558 0.424041 0.251509 9.9991E-05 0.11569 0.0701017
0.0867624 0.664901 0.136707 9.9991E-05 0.065297 0.0462322
0.148346 0.611435 0.109483 0.0254346 0.0300522 0.0752491
0.10004 0.117857 0.667662 0.013152 9.9991E-05 0.101188
0.121115 0.512936 0.233235 0.000150343 0.110515 0.0220475
0.121461 0.139096 0.739142 9.9973E-05 9.9973E-05 9.9973E-05
0.0980842 0.659452 0.21998 0.0113658 9.9991E-05 0.011018
0.1501 0.409723 0.191553 9.9991E-05 0.103441 0.145083
0.171255 0.49955 0.243362 9.9991E-05 0.0681432 0.0175889
0.0791742 0.39435 9.9991E-05 0.0196777 0.0486007 0.458097
0.135711 0.451105 0.240332 9.9991E-05 0.0824193 0.0903321
0.0707268 0.685904 0.236832 9.9982E-05 9.9982E-05 0.00633746
0.105849 0.568947 0.219839 9.9982E-05 0.105166 9.9982E-05
9.9991E-05 0.0134169 0.336711 0.0874415 0.456235 0.106096
0.0975728 0.0342922 0.857725 9.9991E-05 0.00995769 0.000352689
0.0990126 0.18031 0.678891 9.9982E-05 9.9982E-05 0.041586
0.13586 0.6265 0.1809 0.00963392 0.0183295 0.0287759
0.0827182 0.524635 0.376239 9.9991E-05 0.0143271 0.00198065
0.0973793 0.593288 0.262573 9.9982E-05 9.9982E-05 0.0465595
0.0917493 0.630796 0.153308 0.0576235 0.0560795 0.0104436
0.233863 0.483069 0.0741013 0.116427 0.0787404 0.0137993
0.212215 0.566743 0.0659355 0.116115 0.00874532 0.0302461
0.387449 0.165546 0.0853432 0.149638 0.185168 0.0268567
0.152099 0.638004 0.0875285 9.9982E-05 0.122169 9.9982E-05
0.240447 0.46515 0.0859639 0.0821488 0.126189 9.9991E-05
0.393625 9.9973E-05 0.437883 0.168192 9.9973E-05 9.9973E-05
0.279917 0.31883 0.216386 0.184667 9.9982E-05 9.9982E-05
0.362529 0.327892 0.117467 0.131338 0.0606749 9.9991E-05
0.299591 0.418075 0.0545493 0.0724322 0.155252 9.9991E-05
0.152955 0.532718 0.0870627 0.106303 0.0673864 0.0535749
0.200996 0.502213 0.0122118 0.128588 0.052369 0.103622
0.17192 0.596348 0.0667243 0.0869996 0.0779076 9.9991E-05
0.155185 0.371524 0.205931 0.182485 0.0439975 0.0408766
0.489208 0.214609 0.0878513 0.130823 0.0440912 0.0334176
