0.0339903 0.926546 0.011269 9.9991E-05 0.00266314 0.0254311
0.0111189 0.967606 9.9973E-05 9.9973E-05 9.9973E-05 0.0209754
0.00735591 0.90005 0.046354 0.00579792 0.0382743 0.00216828
9.9973E-05 0.82975 0.129904 9.9973E-05 9.9973E-05 0.040046
9.9964E-05 0.920727 0.0788727 9.9964E-05 9.9964E-05 9.9964E-05
0.0190503 0.65658 0.119251 0.117464 0.020101 0.0675543
9.9982E-05 0.814672 0.0236917 0.128901 9.9982E-05 0.0325355
0.0151376 0.750159 0.0237059 0.150755 9.9991E-05 0.0601426
9.99729E-05 0.826548 9.99729E-05 0.0201546 9.99729E-05 0.152998
9.9982E-05 0.775536 0.0700482 0.125611 9.9982E-05 0.0286046
9.9982E-05 0.765591 0.0803497 0.0871272 9.9982E-05 0.066732
0.024549 0.0528206 0.229995 0.0484233 0.154078 0.490134
0.0408112 0.0505068 0.536599 0.031216 0.0317055 0.309162
0.0542123 9.9991E-05 0.30801 0.111248 0.0583152 0.468114
0.135083 0.0307622 0.268017 0.0298867 0.118963 0.417288
0.0831123 0.110544 0.463824 0.0177951 0.051867 0.272857
0.0649955 0.0552251 0.572043 0.0520795 0.0580859 0.197571
0.047419 0.0201614 0.486207 0.0728258 0.112997 0.26039
0.0469471 0.11512 0.304571 0.123557 0.0163108 0.393495
9.999E-05 0.0326892 0.0533261 0.160988 0.057302 0.695595
0.00701871 0.0188767 0.457436 0.0866917 0.112804 0.317173
0.0804474 0.0238893 0.432269 0.243399 0.0495751 0.17042
0.0366087 0.0525024 0.540148 0.0262225 0.169242 0.175276
0.065921 0.0573183 0.241042 0.0864781 0.096074 0.453167
0.0330499 0.109104 0.684797 0.073514 0.00360522 0.0959304
0.0370966 0.0078066 0.551738 0.0522486 0.0715893 0.279521
9.999E-05 0.0611889 0.276493 0.107374 0.0711263 0.483718
0.0892993 0.0478633 0.312091 0.0512233 0.0895508 0.409972
9.9991E-05 0.00806445 0.27215 0.142224 0.0810555 0.496406
0.00153608 0.901953 0.0962105 9.9973E-05 9.9973E-05 9.9973E-05
9.9964E-05 0.885776 0.113824 9.9964E-05 9.9964E-05 9.9964E-05
0.0872616 0.814438 0.0772804 9.9982E-05 9.9982E-05 0.0208199
0.0661327 0.76066 0.162047 9.9982E-05 0.010961 9.9982E-05
9.999E-05 0.092619 0.468419 0.0954416 0.260044 0.0833759
0.034252 0.100407 0.508969 0.0455754 0.278203 0.0325934
0.0475357 9.9991E-05 0.503842 0.00912128 0.427083 0.012318
9.9991E-05 0.0399282 0.200587 0.0245673 0.0973028 0.637515
0.0181013 9.9982E-05 0.235123 0.164092 0.582484 9.9982E-05
0.0385299 0.0914245 0.527577 9.9991E-05 0.240504 0.101865
9.9982E-05 0.0213874 0.718567 0.0687531 0.191092 9.9982E-05
0.0125001 0.0827876 0.55284 0.191174 0.112379 0.0483199
0.0351095 0.06117 0.591466 0.111795 0.0878099 0.11265
9.9982E-05 0.0221272 0.108288 9.9982E-05 0.686882 0.182503
0.00658024 0.0842834 0.670599 0.213683 9.9991E-05 0.0247551
0.0262637 0.0676296 0.53962 0.0797427 0.267538 0.0192054
0.0406978 0.102704 0.610819 0.0785874 0.0917202 0.0754722
9.9973E-05 9.9973E-05 0.319779 0.0928083 0.587112 9.9973E-05
0.0235882 0.0777562 0.614138 0.00640553 0.249643 0.0284692
0.0485789 0.125114 0.513109 0.0769468 0.209028 0.0272233
9.9973E-05 0.00388273 9.9973E-05 0.408023 0.587794 9.9973E-05
9.9982E-05 9.9982E-05 0.187563 0.137285 0.101691 0.573261
0.0552799 9.9991E-05 0.189997 0.423124 0.106523 0.224976
0.094946 0.0419277 0.529061 0.119484 0.0353115 0.17927
0.0384513 0.107403 0.590597 0.126999 0.0597623 0.0767875
0.0269755 0.0722649 0.656204 0.163943 0.0179915 0.0626207
9.9991E-05 0.136126 0.203384 0.0400607 0.136906 0.483424
0.0014536 9.9991E-05 0.567167 0.0287729 0.0536658 0.34884
0.0235293 0.0859977 0.589094 0.0625158 0.113799 0.125064
9.9991E-05 0.111968 0.439568 0.11789 0.0843979 0.246076
0.0147707 0.14427 0.156799 0.119371 0.0895089 0.475281
0.0216924 0.0911886 0.598717 0.0432116 0.0734481 0.171743
0.0545356 0.042301 0.480419 0.108807 0.0793792 0.234558
9.9991E-05 0.0680988 0.0940092 0.120397 0.143453 0.573943
0.000909854 9.9991E-05 0.430748 0.0453557 0.127166 0.39572
0.0871279 0.0129635 0.59497 0.149435 0.0612676 0.0942364
9.99972E-05 0.0809025 0.626248 0.0378074 0.0834233 0.171519
0.0509873 0.0667243 0.257736 0.108395 0.164637 0.351521
0.0225193 0.0936246 0.522797 0.0538047 0.109629 0.197625
0.0479198 0.00465698 0.55389 0.0990479 0.0871875 0.207298
9.9991E-05 0.0424451 0.242496 0.139612 0.0985349 0.476813
0.00117362 0.0198883 0.475482 9.9982E-05 0.503256 9.9982E-05
0.00861519 0.0304553 0.144845 9.9991E-05 0.725963 0.0900218
0.0331734 0.127504 0.488657 0.0461547 0.274901 0.0296086
9.9964E-05 9.9964E-05 9.9964E-05 0.183557 0.816043 9.9964E-05
9.9964E-05 9.9964E-05 9.9964E-05 0.197132 0.802468 9.9964E-05
9.9973E-05 9.9973E-05 0.185288 0.0978485 0.716563 9.9973E-05
9.9982E-05 0.0514114 0.450448 9.9982E-05 0.463174 0.034767
0.0248189 0.15321 0.499916 0.061277 0.201944 0.0588342
0.0214997 9.9982E-05 0.467356 0.0396031 0.471341 9.9982E-05
9.9982E-05 0.0477311 0.140454 9.9982E-05 0.645919 0.165695
9.9982E-05 0.0331088 0.231492 9.9982E-05 0.584496 0.150703
0.0430537 0.0879452 0.51184 9.9991E-05 0.339699 0.0173622
9.9982E-05 0.0369072 0.330691 9.9982E-05 0.586409 0.0457931
9.9982E-05 0.0370199 0.431623 9.9982E-05 0.472412 0.058745
9.9973E-05 9.9973E-05 0.448757 0.117394 0.433549 9.9973E-05
9.9964E-05 9.9964E-05 9.9964E-05 0.341892 0.657708 9.9964E-05
0.0291443 0.0333617 0.606169 0.0697533 0.257557 0.00401489
0.00851075 0.831993 0.0787911 9.9982E-05 9.9982E-05 0.0805052
0.00179595 0.924145 0.0737587 9.9973E-05 9.9973E-05 9.9973E-05
0.0472917 0.853637 0.0987712 9.9973E-05 9.9973E-05 9.9973E-05
0.0499248 0.926325 0.0234498 9.9973E-05 9.9973E-05 9.9973E-05
0.0245004 0.960157 9.9973E-05 9.9973E-05 0.0150426 9.9973E-05
0.0315857 0.886878 0.0812359 9.9973E-05 9.9973E-05 9.9973E-05
9.9964E-05 0.926939 0.0726609 9.9964E-05 9.9964E-05 9.9964E-05
0.0177303 0.101889 0.551243 0.0169905 0.198202 0.113946
0.0272933 0.119189 0.598396 0.05695 0.138161 0.0600106
9.9982E-05 0.0612653 0.014638 9.9982E-05 0.730259 0.193638
0.0272728 0.0860549 0.585435 0.0507402 0.229 0.0214978
9.9982E-05 0.0520627 0.364599 9.9982E-05 0.488144 0.0949944
9.9982E-05 0.0683883 0.526337 9.9982E-05 0.365169 0.0399065
0.0090436 0.0311523 0.571482 0.0861311 0.302091 9.9991E-05
0.0512607 0.0603306 0.445422 0.0363981 0.387499 0.0190898
9.9973E-05 0.0429518 9.9973E-05 9.9973E-05 0.688752 0.267996
0.0419361 0.116081 0.510451 0.0919296 0.110462 0.12914
0.000773594 0.0989815 0.641823 0.0318347 0.194106 0.032481
0.0489946 0.0810466 0.606585 0.0581692 0.104661 0.100544
0.0496107 0.00645039 0.205405 0.201786 0.524454 0.0122935
0.0228162 9.9982E-05 0.482629 0.0918225 0.402532 9.9982E-05
9.9982E-05 0.0332478 0.45823 9.9982E-05 0.400198 0.108124
0.00921875 9.9982E-05 0.359677 0.0696987 0.561206 9.9982E-05
9.9982E-05 0.0570011 0.455339 9.9982E-05 0.365165 0.122295
0.029256 0.101139 0.541654 0.0152615 0.190712 0.121977
0.064695 9.9991E-05 0.318918 0.259682 0.0108819 0.345723
9.9991E-05 0.0753764 0.458691 0.0674382 0.0276441 0.370751
0.051515 0.122028 0.550096 0.0821432 0.0472753 0.146942
0.0313503 0.113678 0.598364 0.0558951 0.036668 0.164045
0.0240917 0.0326633 0.484884 0.0601522 0.0671263 0.331082
0.000370881 0.076904 0.649768 0.0147014 0.0266001 0.231656
0.0182428 0.027581 0.496434 0.0418924 9.9991E-05 0.41575
0.0457395 0.0488032 0.574894 0.190287 9.9991E-05 0.140176
0.0687853 0.0377693 0.621342 0.0728137 0.0202842 0.179006
9.9991E-05 0.0208963 0.616109 0.0549698 0.0245972 0.283327
9.9991E-05 0.0270431 0.599563 0.0608979 0.0335446 0.278851
0.0658389 0.0466352 0.613674 0.162291 9.9991E-05 0.11146
0.0561003 0.0936628 0.63336 0.111942 9.9991E-05 0.104835
0.0352745 9.9991E-05 0.626697 0.11122 0.0552582 0.17145
0.0655242 0.0652988 0.575931 0.142065 0.00653586 0.144645
0.0446353 0.0239628 0.625497 0.109594 0.0356916 0.160619
0.0632616 0.071717 0.345651 0.276348 0.00859721 0.234425
0.0876305 0.0497327 0.566781 0.0753513 0.0454813 0.175024
9.9982E-05 0.0238599 0.715261 0.120253 9.9982E-05 0.140427
0.0453852 9.9991E-05 0.232452 0.0522272 0.0846084 0.585227
0.0235687 9.9991E-05 0.194909 0.414014 0.0738499 0.293559
0.0439903 0.0330181 0.512189 0.0980842 0.0721774 0.240541
9.9982E-05 9.9982E-05 0.101334 0.473856 0.0901152 0.334495
9.9982E-05 9.9982E-05 0.351576 0.0336051 0.0591753 0.555444
9.9982E-05 9.9982E-05 0.476232 0.0191544 0.0484034 0.45601
9.9982E-05 0.0275624 0.404829 9.9982E-05 0.0850826 0.482326
9.9982E-05 9.9982E-05 0.35523 0.0563542 0.0792854 0.508931
9.9991E-05 0.0474721 0.619644 0.0653494 0.0360682 0.231366
0.0620013 0.0624439 0.586093 0.0799266 0.0627646 0.14677
0.0254789 0.0411948 0.585563 0.0490509 0.0675709 0.231141
9.9982E-05 9.9982E-05 0.208022 0.352828 0.0693238 0.369626
0.0189779 0.16478 0.546591 0.13462 0.0704923 0.0645385
0.010874 0.0495514 0.538624 0.327109 0.0399597 0.033881
9.9982E-05 0.0993233 9.9982E-05 0.708412 0.0940305 0.0980347
0.0608133 0.0459282 0.663375 0.170128 0.0375985 0.0221574
0.0386469 0.0839797 0.324947 0.409894 0.0977317 0.0448011
0.035796 0.115969 0.564699 0.226298 9.9991E-05 0.0571376
9.9991E-05 0.0738694 0.288944 0.47919 0.0346997 0.123197
9.9991E-05 0.0473865 0.130888 0.621137 0.0523185 0.148169
0.00138585 0.0369421 0.45495 0.361788 0.0344136 0.11052
0.104696 0.0855903 0.47662 0.16892 0.0598404 0.104334
0.0478049 0.156028 0.424079 0.196767 0.117312 0.0580102
0.0960703 0.0287642 0.0906797 0.482069 0.171269 0.131148
0.0524708 0.0826791 0.577493 0.135008 0.068237 0.0841119
9.9982E-05 9.9982E-05 0.332927 0.503251 0.0720588 0.0915628
9.9982E-05 9.9982E-05 0.459585 0.321033 0.0941654 0.125016
9.9991E-05 0.138014 0.633373 0.164091 0.0297774 0.0346446
0.263746 0.360657 0.115273 0.260124 9.9982E-05 9.9982E-05
0.121787 0.502063 9.9973E-05 0.375849 9.9973E-05 9.9973E-05
0.132479 0.46341 9.9973E-05 0.403811 9.9973E-05 9.9973E-05
0.253743 0.353672 0.0781713 0.292271 9.9991E-05 0.0220425
9.9973E-05 9.9973E-05 0.60364 0.281437 0.114622 9.9973E-05
0.0113159 0.0737198 0.668183 0.186561 0.0107271 0.0494939
0.667138 9.9964E-05 0.332462 9.9964E-05 9.9964E-05 9.9964E-05
0.430628 0.00203184 0.398138 9.9991E-05 0.0340648 0.135037
0.437904 0.0238618 0.336438 0.0304963 0.0639881 0.107312
0.00927242 9.9991E-05 0.309218 0.602548 0.0135942 0.0652675
0.0198532 0.0705586 0.52133 0.193058 0.0598053 0.135395
9.9973E-05 9.9973E-05 0.29278 0.613777 9.9973E-05 0.0931429
9.9982E-05 0.0496714 0.61171 0.330735 0.00768376 9.9982E-05
9.9991E-05 0.0420947 0.491636 0.398544 0.0270875 0.0405373
9.9973E-05 9.9973E-05 0.633415 0.3637 0.00258497 9.9973E-05
9.9982E-05 9.9982E-05 0.243927 0.695205 0.0120132 0.0486548
0.00662015 0.0525772 0.684036 0.215098 0.0300743 0.011594
9.9982E-05 0.124581 0.600477 0.197019 0.0777223 9.9982E-05
0.963376 9.9973E-05 0.0360959 9.9973E-05 0.000228347 9.9973E-05
0.900155 9.9991E-05 0.0641376 0.0131567 0.00656212 0.0158883
0.497863 0.045843 0.347379 0.0125072 0.0423063 0.0541012
0.647622 9.9973E-05 0.330377 9.9973E-05 0.0217006 9.9973E-05
0.811219 9.9982E-05 0.146174 9.9982E-05 0.0254727 0.0169346
0.9995 9.996E-05 9.996E-05 9.996E-05 9.996E-05 9.996E-05
0.954108 9.9964E-05 9.9964E-05 9.9964E-05 9.9964E-05 0.0454917
0.850714 9.9973E-05 0.143853 9.9973E-05 0.00513356 9.9973E-05
0.946933 9.9964E-05 9.9964E-05 9.9964E-05 9.9964E-05 0.0526671
0.9995 9.996E-05 9.996E-05 9.996E-05 9.996E-05 9.996E-05
0.9995 9.996E-05 9.996E-05 9.996E-05 9.996E-05 9.996E-05
0.74687 9.9964E-05 0.25273 9.9964E-05 9.9964E-05 9.9964E-05
0.821758 0.0293938 0.0815658 9.9991E-05 0.00162301 0.0655593
0.9995 9.996E-05 9.996E-05 9.996E-05 9.996E-05 9.996E-05
0.371287 0.0680996 0.363989 0.0660641 0.0454864 0.0850733
0.66576 0.0420667 0.184123 9.9991E-05 0.0419208 0.0660294
0.798878 0.0464875 0.154334 9.9973E-05 9.9973E-05 9.9973E-05
0.897689 9.9973E-05 0.0986057 9.9973E-05 0.00340515 9.9973E-05
0.9995 9.996E-05 9.996E-05 9.996E-05 9.996E-05 9.996E-05
0.952922 0.0112114 0.0355671 9.9973E-05 9.9973E-05 9.9973E-05
0.9995 9.996E-05 9.996E-05 9.996E-05 9.996E-05 9.996E-05
0.634484 0.0393727 0.244685 9.9991E-05 0.0612009 0.0201577
0.968477 0.00268289 9.9982E-05 9.9982E-05 0.0267047 0.00193576
0.0655724 0.282529 9.9973E-05 0.651599 9.9973E-05 9.9973E-05
0.100051 0.177212 0.392758 0.283777 9.9991E-05 0.0461023
0.0402381 0.178023 0.486092 0.295447 9.9982E-05 9.9982E-05
0.0859385 0.201145 0.200672 0.512045 9.9982E-05 9.9982E-05
0.127799 0.109244 0.467223 0.23408 0.0606948 0.00095878
0.113552 0.239716 0.108961 0.537571 9.9982E-05 9.9982E-05
0.100579 0.147529 0.458565 0.227874 9.9991E-05 0.0653533
0.136677 0.205324 0.286172 0.371627 9.9982E-05 9.9982E-05
0.120471 0.184564 0.465329 0.229436 9.9982E-05 9.9982E-05
0.10141 0.227426 0.392312 0.278653 9.9982E-05 9.9982E-05
0.124101 0.185115 0.460725 0.159258 0.00096865 0.0698328
9.9982E-05 0.893278 0.0719459 0.0256171 9.9982E-05 0.00895929
0.0652242 0.900107 9.9982E-05 0.0330113 0.00145767 9.9982E-05
9.9982E-05 0.961645 0.0150215 0.00116028 9.9982E-05 0.0219736
9.9973E-05 0.984905 9.9973E-05 0.00354163 0.0112534 9.9973E-05
9.9973E-05 0.925482 0.0579546 9.9973E-05 9.9973E-05 0.0162637
0.00777828 0.979667 0.00956455 9.9982E-05 0.00279058 9.9982E-05
0.0054747 0.924564 0.0483516 9.9982E-05 9.9982E-05 0.0214099
9.9973E-05 0.948254 0.0131681 9.9973E-05 9.9973E-05 0.0382775
0.0123762 0.904314 0.0402384 0.0114911 0.0304033 0.00117673
0.0306674 0.909764 0.00740208 0.0283555 9.9991E-05 0.0237111
9.9982E-05 0.601878 9.9982E-05 0.0557998 0.0521532 0.289969
9.9973E-05 0.583629 9.9973E-05 0.0469141 9.9973E-05 0.369157
9.9982E-05 0.53646 9.9982E-05 0.086935 0.0465908 0.329814
9.9982E-05 0.45732 9.9982E-05 0.108101 0.0331711 0.401208
0.00114299 0.0831945 0.485481 9.9991E-05 0.249982 0.180099
0.0337754 0.0435491 0.444814 0.0232111 0.33982 0.114831
0.0285289 0.00511218 0.540498 9.9991E-05 0.208746 0.217014
9.9982E-05 0.0222048 0.378938 9.9982E-05 0.296061 0.302597
0.0169206 9.9991E-05 0.234197 0.084105 0.0563874 0.60829
9.9982E-05 0.0514408 0.66926 9.9982E-05 0.244027 0.0350719
0.0174615 9.9991E-05 0.598181 0.0314134 0.251594 0.10125
9.9982E-05 9.9982E-05 0.519318 0.159706 0.295325 0.0254512
0.0181333 9.9982E-05 0.337777 0.10073 0.54316 9.9982E-05
0.0519241 0.0536033 0.578994 0.0594647 0.139149 0.116865
0.000200313 0.00452455 0.407515 9.9991E-05 0.491589 0.0960709
9.9964E-05 9.9964E-05 9.9964E-05 0.236459 0.763141 9.9964E-05
0.0408419 0.0543169 0.570771 0.0838573 0.153677 0.0965351
0.00223721 9.9982E-05 0.135572 0.252897 0.609094 9.9982E-05
0.0332248 0.0077522 0.470681 0.0798992 0.356679 0.051764
0.00404244 9.9982E-05 0.103417 9.9982E-05 0.671703 0.220637
9.9973E-05 0.147999 9.9973E-05 0.0811467 9.9973E-05 0.770555
9.9982E-05 0.116338 0.0648915 0.0671882 9.9982E-05 0.751382
9.9991E-05 0.105164 0.033033 0.0520423 0.0285686 0.781092
9.9973E-05 0.113207 9.9973E-05 0.0439095 9.9973E-05 0.842584
9.9982E-05 0.0524321 0.139867 0.0423071 9.9982E-05 0.765194
0.0271877 0.0835498 0.0893415 0.049323 9.9991E-05 0.750498
0.0579121 0.87275 0.0113589 9.9991E-05 0.0510517 0.00682709
0.0126316 0.846145 0.0882393 9.9991E-05 0.02447 0.0284138
0.0571293 0.774734 0.126417 9.9991E-05 0.0234642 0.0181552
0.0833865 0.820469 9.9982E-05 9.9982E-05 0.0584918 0.0374528
0.0644153 0.790905 0.127925 9.9982E-05 9.9982E-05 0.0165547
9.9973E-05 0.395862 9.9973E-05 0.0492046 9.9973E-05 0.554633
0.00198069 0.446409 9.9982E-05 0.0191379 9.9982E-05 0.532273
9.9982E-05 0.427861 0.0189765 0.0384566 9.9982E-05 0.514506
9.9982E-05 0.856496 0.101512 9.9982E-05 0.0207247 0.0210674
9.9982E-05 0.390867 9.9982E-05 0.0396685 0.0182106 0.551054
0.292919 0.267359 0.285327 0.154196 9.9982E-05 9.9982E-05
0.21004 0.10818 0.536428 0.102551 0.00683307 0.0359685
0.224342 0.221783 0.542487 9.9982E-05 0.0111885 9.9982E-05
0.227102 0.257304 0.378811 0.134363 0.00231981 9.9991E-05
0.109653 0.193935 0.546271 0.0831392 0.0135663 0.0534352
0.301671 0.435206 9.9973E-05 0.262823 9.9973E-05 9.9973E-05
9.9982E-05 9.9982E-05 0.47888 0.0815498 0.0231422 0.416228
0.0127469 9.9991E-05 0.443381 0.262734 0.0990378 0.182
9.9982E-05 9.9982E-05 0.29943 0.0777621 0.103639 0.51897
9.9982E-05 9.9982E-05 0.56996 0.224725 0.0265788 0.178536
9.9973E-05 9.9973E-05 9.9973E-05 0.633199 0.0507346 0.315766
0.00481966 0.112036 0.602142 0.0950957 0.0384147 0.147491
0.0275536 0.0200298 0.553037 0.166875 0.0752037 0.157301
9.9991E-05 0.0479726 0.366094 0.0667881 0.0586993 0.460346
9.9991E-05 0.118516 0.562856 0.0713256 0.105161 0.142041
9.9982E-05 9.9982E-05 0.155891 0.42004 0.0983275 0.325542
9.9991E-05 0.0329111 0.592922 0.151079 0.0507232 0.172265
9.9991E-05 0.0261201 0.535754 0.0342733 0.0920233 0.311729
0.171948 0.0864801 0.394601 0.141794 0.0859258 0.11925
0.00260548 9.9991E-05 0.374086 0.249322 0.129886 0.244001
0.00309964 9.9991E-05 0.430222 0.257439 0.0859356 0.223203
9.9982E-05 9.9982E-05 0.624057 0.137278 0.0363718 0.202094
9.9982E-05 9.9982E-05 0.560895 0.19994 0.0347274 0.204238
0.0714242 9.9991E-05 0.655286 0.146118 0.00630142 0.12077
0.0650402 0.0681747 0.545123 0.0811734 0.0964857 0.144003
0.0290262 0.0618586 0.588423 0.0505666 0.0863937 0.183732
0.0393519 0.837137 0.123211 9.9973E-05 9.9973E-05 9.9973E-05
9.9973E-05 0.87367 0.112097 9.9973E-05 0.0139333 9.9973E-05
9.9991E-05 0.896617 0.0578687 0.0229519 0.0107541 0.0117087
0.060523 0.894807 0.0111671 9.9991E-05 0.0120604 0.0213426
9.9973E-05 0.911743 0.0819673 9.9973E-05 9.9973E-05 0.00599001
0.0234678 0.0307778 0.152103 0.110927 0.103589 0.579137
0.0678631 0.0224243 0.517358 0.156502 0.0468032 0.189049
0.185552 0.1895 0.431636 0.166802 0.0264098 9.9991E-05
0.0339685 0.0343916 0.653311 0.0354572 0.0140867 0.228785
0.0376514 0.0430308 0.512791 9.9991E-05 0.0831902 0.323236
9.9982E-05 9.9982E-05 0.336448 0.333435 0.0339227 0.295995
0.0129142 0.0631021 0.0078669 0.0950447 0.0912164 0.729856
0.0358018 0.0438771 0.458514 0.0384125 0.0567819 0.366612
0.0563875 0.0516302 0.25174 0.0358796 0.0136489 0.590714
0.0114572 0.0347851 0.497098 0.19683 0.0995025 0.160327
9.9991E-05 0.0595986 0.216417 0.0963658 0.0121291 0.61539
0.0889738 0.0561448 0.573611 9.9991E-05 0.0322584 0.248912
0.0385639 0.0390241 0.13068 0.0966326 0.131579 0.563521
0.0891154 9.9991E-05 0.287843 0.269536 0.0490344 0.304371
0.0587403 0.0690259 0.527303 0.212565 0.0533063 0.0790587
9.9982E-05 9.9982E-05 0.338621 0.54795 0.0229434 0.0902861
9.9991E-05 0.0437242 0.563384 0.328873 0.00917319 0.0547456
9.9982E-05 0.150476 0.574313 0.220069 9.9982E-05 0.0549427
9.9982E-05 9.9982E-05 0.293794 0.601369 0.0599679 0.0446685
0.0859332 0.0347557 0.516203 0.193884 0.0783453 0.0908791
9.9991E-05 0.0672484 0.513105 0.329104 0.0464515 0.0439917
9.9982E-05 9.9982E-05 0.144224 0.691468 0.129647 0.0344605
9.9982E-05 9.9982E-05 0.226694 0.732264 0.0110214 0.0298208
9.9982E-05 0.022336 0.479785 0.413845 9.9982E-05 0.0838339
9.9982E-05 9.9982E-05 0.0869124 0.677011 0.154829 0.0810472
9.9982E-05 9.9982E-05 0.462881 0.384601 0.0310401 0.121278
0.0066807 9.9982E-05 0.160855 9.9982E-05 0.166245 0.66602
0.0856211 9.9991E-05 0.195322 0.283306 0.0939268 0.341724
0.075873 9.9991E-05 0.412274 0.00697936 0.0753038 0.42947
0.07003 0.0315455 0.548653 0.0370968 0.104271 0.208404
0.0254588 9.9982E-05 0.210158 9.9982E-05 0.167692 0.596491
0.0368538 0.0386663 0.599252 0.142933 0.0119722 0.170322
0.041865 0.0423818 0.583695 0.0123625 0.107087 0.212609
0.0157207 0.0152663 0.549372 0.0929928 0.0926858 0.233962
0.0821009 0.00506145 0.469017 0.0515503 0.124294 0.267977
0.0341782 0.00127541 0.480571 0.00867128 0.0450484 0.430256
0.0188615 9.9991E-05 0.308107 0.0352208 0.115801 0.521909
0.0139185 9.9991E-05 0.464594 0.0102257 0.0753398 0.435822
0.0422708 9.9991E-05 0.56213 0.105194 0.0952271 0.195077
0.0232344 0.0512807 0.662079 0.116362 0.0235369 0.123508
0.0973968 0.0640868 0.307519 0.17611 0.150714 0.204173
0.126093 9.9991E-05 0.452249 0.103853 0.0874966 0.230208
0.0346831 9.9982E-05 0.397673 9.9982E-05 0.0714339 0.49601
0.0500021 0.00537485 0.594371 0.0299072 0.0512229 0.269122
0.0665649 9.9991E-05 0.46787 0.073771 0.0482545 0.343439
0.0557591 0.0867735 0.56397 0.0921847 0.0325275 0.168785
0.134201 0.330097 0.450285 0.018333 9.9991E-05 0.0669842
0.151491 0.140354 0.532906 0.114068 0.0610804 9.9991E-05
0.139679 0.150721 0.468294 0.109722 0.0714304 0.0601531
0.130546 0.109134 0.550014 0.139216 9.9991E-05 0.0709899
0.220224 0.177509 0.442346 0.148051 0.010931 0.000938745
0.00272266 9.9991E-05 0.52942 0.252106 0.0402855 0.175366
0.10819 0.150692 0.530865 0.126034 0.0725585 0.0116603
0.194533 0.211416 0.0387963 0.446353 0.0069573 0.101944
0.107917 0.100298 0.601483 0.083475 9.9991E-05 0.106726
0.118739 0.1456 0.576012 0.0876559 0.0397629 0.0322303
0.156444 0.107978 0.511421 0.0845579 0.0675552 0.0720437
0.114545 0.195048 0.325788 0.304557 0.052805 0.00725758
0.1386 0.195913 0.530512 0.0309368 9.9991E-05 0.103937
0.192836 0.121935 0.482711 0.143726 9.9991E-05 0.0586916
0.133451 0.488648 9.9973E-05 0.377601 9.9973E-05 9.9973E-05
0.135766 0.186175 0.561469 0.0635252 9.9991E-05 0.0529647
0.200866 0.151023 0.50711 0.1408 9.9982E-05 9.9982E-05
0.142206 0.0644355 0.57049 0.127789 0.0255131 0.0695667
0.223036 0.197608 0.501244 0.0779114 9.9982E-05 9.9982E-05
0.109363 0.206692 0.520995 0.0678086 0.0547702 0.0403704
9.9991E-05 0.0124553 0.45824 0.320901 0.164153 0.0441511
0.0342956 0.0649759 0.540331 0.214857 0.111025 0.0345151
9.9973E-05 9.9973E-05 9.9973E-05 0.735703 0.196465 0.067532
9.9982E-05 9.9982E-05 0.0645682 0.758608 0.112117 0.0645072
0.0297315 0.0370028 0.517829 0.306117 0.0589666 0.0503534
0.308404 0.118446 0.347652 0.225297 9.9982E-05 9.9982E-05
0.245043 0.144899 0.394386 0.215472 9.9982E-05 9.9982E-05
0.300054 0.158238 0.203028 0.338481 9.9982E-05 9.9982E-05
0.260942 0.154841 0.387495 0.196523 9.9982E-05 9.9982E-05
0.0277026 0.0791978 0.191518 0.701382 9.9982E-05 9.9982E-05
0.0729433 0.0689917 0.203564 0.594862 0.0595387 9.9991E-05
0.0524743 9.9982E-05 0.612134 0.310436 0.0247556 9.9982E-05
0.080367 0.0507338 0.46772 0.400979 9.9982E-05 9.9982E-05
0.0359497 0.0278528 0.30458 0.555605 0.0540968 0.0219155
0.0590307 0.0239062 0.572324 0.245397 0.0171575 0.082185
0.0322056 0.0554003 0.650682 0.233482 0.0274224 0.000808188
0.0891167 0.0512052 0.481255 0.226772 0.117092 0.0345588
9.9982E-05 9.9982E-05 0.383966 0.49105 0.0802974 0.044487
9.9982E-05 9.9982E-05 0.45686 0.364065 0.0741109 0.104764
0.0350159 9.9991E-05 0.578312 0.261257 0.0686156 0.0567002
0.00121986 0.0393405 0.501287 0.353541 0.00365531 0.100957
0.0767923 0.0793968 0.512439 0.24625 0.073577 0.0115446
9.9982E-05 9.9982E-05 0.487519 0.392706 0.0976616 0.021914
9.9982E-05 9.9982E-05 0.254442 0.607718 0.0915047 0.0461354
9.9982E-05 0.0303573 0.684909 0.262156 0.0223772 9.9982E-05
9.9982E-05 9.9982E-05 0.247472 0.558025 0.11793 0.0763726
9.9991E-05 0.0180131 0.525388 0.39284 0.0567821 0.00687744
9.9991E-05 0.0913447 0.550466 0.220279 0.067777 0.0700331
0.0237716 0.0526077 0.522793 0.2759 0.101285 0.0236421
0.184653 0.168025 0.46528 0.133935 0.0130387 0.0350685
0.136218 0.148537 0.465277 0.0979824 0.111706 0.0402798
0.264182 0.21769 0.324261 0.193667 9.9982E-05 9.9982E-05
0.222101 0.206954 0.363149 0.182534 9.9991E-05 0.0251623
0.210487 0.151801 0.477626 0.136719 0.0232656 9.9991E-05
0.113927 0.177469 0.496221 0.169055 0.0413092 0.00201865
0.155113 0.135403 0.0114845 0.673453 0.0180119 0.0065349
0.160615 0.088878 0.594429 0.155878 9.9982E-05 9.9982E-05
0.120501 0.3235 9.9973E-05 0.555699 9.9973E-05 9.9973E-05
0.13111 0.0534329 0.567633 0.247623 9.9982E-05 9.9982E-05
9.9973E-05 9.9973E-05 0.21516 0.696668 0.0878715 9.9973E-05
9.9982E-05 9.9982E-05 0.0332485 0.706195 0.22884 0.0315169
9.9973E-05 9.9973E-05 0.55332 0.379511 0.0668685 9.9973E-05
0.0129148 9.9982E-05 0.688638 0.267863 0.0303849 9.9982E-05
9.9982E-05 9.9982E-05 0.51298 0.455392 0.0224385 0.00898923
9.9973E-05 9.9973E-05 0.620997 0.281487 0.0972159 9.9973E-05
9.9973E-05 9.9973E-05 0.634049 0.299082 0.0665692 9.9973E-05
0.00868471 0.866694 0.0219777 9.9991E-05 0.0167627 0.0857811
0.0721924 0.756146 0.027962 0.0436943 0.0282053 0.0717995
0.0121906 0.938332 0.0243728 9.9982E-05 9.9982E-05 0.0249047
9.9973E-05 0.950075 0.0471988 0.00242658 9.9973E-05 9.9973E-05
0.0237616 0.0725979 0.479247 0.0505025 0.373791 9.9991E-05
9.9991E-05 0.0556837 0.516857 0.0111051 0.332662 0.0835922
9.9982E-05 0.0186612 0.508813 9.9982E-05 0.43174 0.0405861
0.0205117 0.0733518 0.552002 0.00734722 0.296284 0.0505038
0.00386666 0.0984931 0.593578 0.0940509 0.101348 0.108664
9.9982E-05 0.045277 0.256694 9.9982E-05 0.594757 0.103073
0.0107606 0.0114957 0.625976 9.9982E-05 0.351568 9.9982E-05
0.00890064 0.0146259 0.254329 0.154893 0.567152 9.9991E-05
0.123164 0.337773 0.446496 0.0253614 9.9991E-05 0.0671054
0.0370447 9.9991E-05 0.388698 0.161039 0.398676 0.0144421
9.9982E-05 0.00879622 0.31438 9.9982E-05 0.579624 0.0970001
0.010347 0.00655535 0.512235 0.0684896 0.402273 9.9991E-05
0.0528044 9.9982E-05 0.346917 9.9982E-05 0.488051 0.112027
0.0191125 9.9982E-05 0.555589 0.0489935 0.376106 9.9982E-05
9.9991E-05 0.0680292 0.51689 0.0128387 0.352343 0.0497992
9.9964E-05 9.9964E-05 9.9964E-05 0.171123 0.828477 9.9964E-05
0.0149421 9.9982E-05 0.255434 0.159159 0.570266 9.9982E-05
0.0212402 9.9982E-05 0.322867 0.0719035 0.583789 9.9982E-05
9.9964E-05 9.9964E-05 9.9964E-05 0.272572 0.727028 9.9964E-05
9.9982E-05 0.0859967 0.376832 9.9982E-05 0.445749 0.091223
9.9973E-05 9.9973E-05 0.0546738 0.32304 0.621986 9.9973E-05
9.9964E-05 9.9964E-05 9.9964E-05 0.259794 0.739806 9.9964E-05
0.0169361 0.0512627 0.535111 0.053889 0.33851 0.00429094
9.9982E-05 0.0210978 0.163537 9.9982E-05 0.638556 0.176609
0.0195881 0.00236759 0.447048 0.00942508 0.435299 0.0862726
0.0791073 0.12732 0.55501 0.0328847 0.205578 9.9991E-05
9.9982E-05 0.0421291 0.511259 9.9982E-05 0.401296 0.0451156
9.9982E-05 9.9982E-05 0.388743 0.306656 0.0102263 0.294175
0.0336609 0.0501387 0.514889 9.9991E-05 0.358723 0.0424887
9.9982E-05 0.019465 0.514537 9.9982E-05 0.361575 0.104223
9.9973E-05 9.9973E-05 0.305273 0.14059 0.553838 9.9973E-05
0.0554127 0.0875786 0.499802 9.9991E-05 0.255875 0.101232
9.9973E-05 0.673144 9.9973E-05 0.0574569 9.9973E-05 0.269099
9.9973E-05 0.785072 9.9973E-05 9.9973E-05 0.0606113 0.154017
9.9973E-05 0.873827 9.9973E-05 0.00820755 9.9973E-05 0.117665
9.9973E-05 0.816921 9.9973E-05 0.0429146 9.9973E-05 0.139864
9.9991E-05 0.760991 0.0198467 0.0411852 0.0050263 0.172851
9.9982E-05 0.0353594 0.0968324 9.9982E-05 0.69481 0.172798
9.9982E-05 0.0530135 0.117175 9.9982E-05 0.727226 0.102385
0.0326473 9.9982E-05 0.125163 0.0909805 0.751009 9.9982E-05
0.00872285 0.132949 0.57841 0.0763904 0.158239 0.0452883
0.0958177 0.103044 0.519688 0.0614797 0.208462 0.011509
0.0384127 9.9982E-05 0.222583 0.123822 0.614982 9.9982E-05
0.0488136 0.0209402 0.557115 0.0346688 0.338363 9.9991E-05
0.0412192 0.0331271 0.373242 0.0588381 0.493474 9.9991E-05
9.9982E-05 0.069977 0.503194 9.9982E-05 0.403967 0.022662
0.0778822 0.0345888 0.548479 0.00577106 0.300261 0.0330179
9.9982E-05 0.00420772 0.191284 9.9982E-05 0.655604 0.148704
9.9973E-05 9.9973E-05 0.290407 9.9973E-05 0.599656 0.109637
9.9982E-05 0.0211846 0.267529 9.9982E-05 0.593005 0.118082
9.9991E-05 0.124961 0.650053 0.190528 0.00632667 0.0280306
9.9982E-05 0.0113008 0.393934 9.9982E-05 0.494637 0.0999282
0.00309569 0.0505498 0.39281 9.9991E-05 0.480351 0.0730938
0.362769 0.0848095 0.443566 0.0861266 0.0132763 0.00945267
0.456204 0.129093 0.323989 0.0372428 0.0449757 0.00849577
0.432588 0.0826906 0.482732 0.00178859 9.9982E-05 9.9982E-05
0.485426 0.160882 0.311008 0.0361879 9.9991E-05 0.00639639
0.25908 0.153187 0.463088 0.037915 0.0854965 0.00123397
0.00321114 0.087706 0.491405 0.242564 0.175014 9.9991E-05
0.66713 0.243608 9.9973E-05 0.0889616 9.9973E-05 9.9973E-05
0.49906 0.160434 0.299054 0.0240441 0.0173072 9.9991E-05
0.14915 0.202605 0.338518 0.205515 0.104111 9.9991E-05
9.9982E-05 0.150743 0.560995 0.199272 9.9982E-05 0.0887893
9.9982E-05 0.163347 0.519328 0.257224 9.9982E-05 0.0599013
0.0210607 0.137944 0.611328 0.159462 0.0532372 0.016968
9.9982E-05 0.153534 0.659639 0.141328 9.9982E-05 0.0452989
0.463093 0.178851 0.357757 9.9973E-05 9.9973E-05 9.9973E-05
0.329178 0.158026 0.444234 0.0440397 9.9991E-05 0.0244225
0.457004 0.104425 0.438271 9.9973E-05 9.9973E-05 9.9973E-05
0.265044 0.154578 0.471393 0.0357211 0.0180628 0.0552013
0.493416 0.149115 0.196628 0.0483779 0.045034 0.0674293
0.363349 0.113399 0.420573 0.0567535 0.0458248 9.9991E-05
0.556565 0.107417 0.23187 0.0637597 9.9991E-05 0.0402891
0.348634 0.105837 0.373549 0.0525801 0.0591068 0.0602933
0.0110449 0.122071 0.520505 0.310137 0.0122754 0.023967
0.324224 0.158722 0.409154 0.104461 9.9991E-05 0.00333994
0.585204 0.230976 0.138008 0.0456125 9.9982E-05 9.9982E-05
0.326507 0.127714 0.388218 0.0209081 0.0528229 0.0838305
9.9991E-05 0.206973 0.281849 0.301634 0.0826049 0.12684
0.0100175 0.0426325 0.644644 0.302506 9.9982E-05 9.9982E-05
0.348179 0.156948 0.386728 0.0204381 0.0492476 0.0384598
9.9982E-05 0.126015 0.578536 0.18212 9.9982E-05 0.113129
9.9991E-05 0.163326 0.511222 0.248283 0.000789688 0.0762794
0.171592 0.233226 0.398004 0.172682 0.0243956 9.9991E-05
0.254454 0.216079 0.36306 0.166207 9.9982E-05 9.9982E-05
0.088446 0.0933819 0.571666 0.121654 0.0578201 0.067032
0.333335 0.141891 0.405969 9.9991E-05 0.0861766 0.0325281
0.402137 0.1172 0.447456 9.99903E-05 9.99903E-05 0.0330065
0.622676 0.188785 0.132617 0.0557215 9.9982E-05 9.9982E-05
0.0208101 0.119978 0.64411 0.127818 0.0295519 0.0577322
9.9991E-05 0.154469 0.472568 0.274352 0.0473012 0.0512098
9.9973E-05 0.119439 0.182505 0.697756 9.9973E-05 9.9973E-05
0.0390429 0.151714 0.57211 0.145633 0.049216 0.042284
0.03635 0.104994 0.392902 0.284661 9.9991E-05 0.180993
0.145084 0.191805 0.496018 0.134199 0.0327942 9.9991E-05
0.0368829 0.195635 0.517586 0.177733 0.0552259 0.0169371
0.105615 0.365031 9.9973E-05 0.529054 9.9973E-05 9.9973E-05
0.0843158 0.33137 9.9973E-05 0.584014 9.9973E-05 9.9973E-05
0.052711 0.204064 0.33395 0.363397 0.0457781 9.9991E-05
0.166136 0.325332 0.0658934 0.442438 9.9982E-05 9.9982E-05
0.180872 0.47313 9.9973E-05 0.345698 9.9973E-05 9.9973E-05
0.0824068 0.201615 0.383242 0.332536 9.9982E-05 9.9982E-05
0.142587 0.231563 0.377727 0.183318 0.0405835 0.0242212
0.155971 0.313681 0.147423 0.382724 9.9982E-05 9.9982E-05
0.0971917 0.275886 0.104704 0.522018 9.9982E-05 9.9982E-05
0.101252 0.15867 0.473588 0.193015 0.0639752 0.00950077
0.111162 0.255042 0.182681 0.450915 9.9982E-05 9.9982E-05
0.0531774 0.376252 9.9973E-05 0.570271 9.9973E-05 9.9973E-05
0.118385 0.145756 0.482604 0.160443 0.0258995 0.066912
0.169743 0.204766 0.335977 0.289314 9.9982E-05 9.9982E-05
0.131101 0.354099 0.440109 0.0324644 0.0297122 0.0125148
0.184384 0.183077 0.632239 9.9973E-05 9.9973E-05 9.9973E-05
0.190336 0.159921 0.556867 0.0893309 0.00344426 9.9991E-05
0.224187 0.179863 0.491885 0.103866 9.9982E-05 9.9982E-05
0.230599 0.356362 0.301609 0.0262815 0.0222751 0.0628731
0.186758 0.197935 0.503828 0.0597584 9.9991E-05 0.0516201
0.215884 0.250793 0.469052 0.0245847 9.9991E-05 0.0395865
0.237916 0.223375 0.308304 0.230206 9.9982E-05 9.9982E-05
0.115172 0.220023 0.273137 0.0377184 0.26229 0.0916604
0.138396 0.172225 0.487654 0.0773866 0.0631794 0.0611594
0.165734 0.114105 0.535846 0.0802155 0.0596795 0.0444203
0.107939 0.121113 0.586012 0.0203207 0.0962107 0.0684039
0.20769 0.284139 0.457355 0.0506158 9.9982E-05 9.9982E-05
0.151897 0.232705 0.512518 0.0676141 0.00456004 0.0307053
0.286063 0.366546 0.0543678 0.292824 9.9982E-05 9.9982E-05
0.120392 0.194603 0.54142 0.0995454 0.0171619 0.0268769
0.292125 0.313381 0.189542 0.204752 9.9982E-05 9.9982E-05
0.00742986 0.802812 9.9973E-05 9.9973E-05 9.9973E-05 0.189458
0.0426598 0.0265413 0.106516 0.0160445 0.00907743 0.799161
9.996E-05 9.996E-05 9.996E-05 9.996E-05 9.996E-05 0.9995
9.996E-05 9.996E-05 9.996E-05 9.996E-05 9.996E-05 0.9995
9.9964E-05 9.9964E-05 0.0205305 9.9964E-05 9.9964E-05 0.97907
0.0111342 9.9964E-05 9.9964E-05 9.9964E-05 9.9964E-05 0.988466
9.9964E-05 9.9964E-05 0.0308461 9.9964E-05 9.9964E-05 0.968754
9.996E-05 9.996E-05 9.996E-05 9.996E-05 9.996E-05 0.9995
9.9964E-05 0.113751 9.9964E-05 9.9964E-05 9.9964E-05 0.885849
9.9973E-05 0.90978 9.9973E-05 9.9973E-05 0.0569231 0.0329969
9.9973E-05 0.792187 0.0912106 9.9973E-05 9.9973E-05 0.116302
9.9982E-05 0.888137 0.0442817 9.9982E-05 0.0404537 0.0269275
9.9982E-05 0.868641 0.043995 0.00892026 9.9982E-05 0.0782437
0.0269082 0.881902 0.00275656 9.9991E-05 0.00846311 0.0798705
0.0112544 0.884576 0.0605717 9.9982E-05 9.9982E-05 0.0433975
0.0904037 0.731164 0.119588 0.0255862 0.00424849 0.0290089
9.9964E-05 0.907003 0.0925974 9.9964E-05 9.9964E-05 9.9964E-05
0.0931972 0.719904 0.077481 0.0350521 0.00462032 0.0697454
0.0587602 0.916605 0.0212238 9.9982E-05 0.00321053 9.9982E-05
9.9964E-05 0.990198 9.9964E-05 0.00940199 9.9964E-05 9.9964E-05
0.0165728 0.892199 0.0706505 9.9982E-05 9.9982E-05 0.0203775
9.9964E-05 0.99773 9.9964E-05 9.9964E-05 9.9964E-05 0.00186973
0.021751 0.939436 0.0266393 0.0107399 9.9991E-05 0.0013339
0.0148091 0.898185 0.0751023 9.9982E-05 0.0117036 9.9982E-05
0.00568658 0.922934 0.0710799 9.9973E-05 9.9973E-05 9.9973E-05
0.0398535 0.872797 0.0870493 9.9973E-05 9.9973E-05 9.9973E-05
0.027261 0.852198 0.120241 9.9973E-05 9.9973E-05 9.9973E-05
0.0471762 0.826295 0.126229 9.9973E-05 9.9973E-05 9.9973E-05
9.9991E-05 0.157046 0.401773 0.258861 0.0925755 0.0896443
9.9991E-05 0.0871357 0.669123 0.186054 0.00243985 0.0551477
0.0357618 0.148025 0.585078 0.141313 0.0523661 0.0374562
0.00324088 0.0894561 0.119528 0.685311 0.102364 9.9991E-05
9.9982E-05 0.112833 0.512167 0.224746 9.9982E-05 0.150055
9.9973E-05 0.118932 0.11219 0.768578 9.9973E-05 9.9973E-05
0.0358977 0.104342 0.617794 0.241767 9.9982E-05 9.9982E-05
9.9991E-05 0.143597 0.383159 0.212761 0.165659 0.0947244
9.9982E-05 0.138285 0.511559 0.259871 9.9982E-05 0.0900852
0.00221599 0.0836077 0.449204 9.9982E-05 0.464772 9.9982E-05
9.9991E-05 0.134125 0.466223 0.207244 0.0747501 0.117558
9.9982E-05 0.0876693 0.699177 0.211561 9.9982E-05 0.00139264
9.9982E-05 0.134602 0.536895 0.229548 9.9982E-05 0.0987548
0.0799661 9.9982E-05 9.9982E-05 0.327124 0.149362 0.443348
9.9991E-05 0.0819532 0.0174209 0.874307 0.000461923 0.0257569
9.9973E-05 0.0976803 0.18539 0.71663 9.9973E-05 9.9973E-05
0.0202764 0.158671 0.612943 0.124424 0.0595639 0.0241216
0.0168032 0.0524388 0.512715 0.402367 9.9991E-05 0.0155764
9.9982E-05 0.0766223 0.618267 0.289354 0.0155566 9.9982E-05
0.0524403 0.08572 0.598889 0.172971 0.0165293 0.0734508
0.173377 0.204125 0.418796 0.0983269 0.00914923 0.0962265
0.170984 0.189527 0.544577 0.00592933 0.0347486 0.0542341
0.124761 0.395466 0.173021 0.0744143 0.0468075 0.18553
0.0689358 0.131982 0.566427 0.0430886 0.0494742 0.140092
0.100113 0.233238 0.423232 0.106637 0.00641732 0.130363
0.177243 0.39548 9.9973E-05 0.426977 9.9973E-05 9.9973E-05
0.21362 0.28726 0.261511 0.219829 0.0176798 9.9991E-05
0.139583 0.369951 0.358289 0.0799249 9.9991E-05 0.052152
0.0934436 0.321008 0.394345 0.051034 0.0120863 0.128083
0.0601911 0.158892 0.574612 0.0680784 0.0572133 0.0810135
0.164614 0.153898 0.497463 0.0643291 0.0599688 0.0597274
0.096651 0.175298 0.583835 0.0854251 0.0193122 0.039479
0.16986 0.177848 0.392007 0.166737 0.093449 9.9991E-05
0.105618 0.49338 0.24245 0.116451 0.00625226 0.035849
