9.9991E-05 0.027851 0.019235 0.0146055 0.93052 0.00768815
9.9973E-05 0.00207576 9.9973E-05 0.00883604 0.988788 9.9973E-05
0.00664732 0.0196823 9.9991E-05 0.0486901 0.872286 0.0525946
9.9973E-05 9.9973E-05 0.023348 0.143369 0.832983 9.9973E-05
9.9964E-05 9.9964E-05 9.9964E-05 0.0903213 0.909279 9.9964E-05
0.0957442 0.0275047 0.0651875 0.0716789 0.688571 0.0513134
0.131869 9.9991E-05 0.0012454 0.00961609 0.821761 0.0354081
0.133873 9.9982E-05 0.0814366 0.0376457 0.746844 9.9982E-05
0.0361266 9.99729E-05 0.122107 9.99729E-05 0.841467 9.99729E-05
0.0959709 9.9991E-05 0.0474945 0.0657936 0.777049 0.013592
0.0887619 9.9982E-05 0.0315313 0.102588 0.776919 9.9982E-05
0.0288773 0.045945 0.505508 0.220661 0.0275758 0.171433
0.0364612 0.0826104 0.251929 0.519206 0.0408225 0.0689706
0.0695998 0.0952798 0.450639 0.254308 9.9991E-05 0.130074
0.00102968 0.131295 0.458432 0.289014 0.0368066 0.083423
0.0340894 0.120715 0.267834 0.4189 0.0886585 0.0698033
0.0125567 0.0731347 0.235728 0.570655 0.0326205 0.0753054
0.0551691 0.0680787 0.262029 0.457279 0.0257629 0.131681
0.051992 0.0900739 0.423922 0.273734 0.10171 0.0585679
0.126027 0.0202356 0.680029 0.0394804 0.0240686 0.11016
0.0831215 0.0509075 0.300551 0.399615 0.00744899 0.158356
0.228913 0.0742617 0.221137 0.458456 0.00240583 0.0148259
0.0312196 0.0350907 0.222239 0.565018 0.0252477 0.121185
0.0463535 0.0666933 0.438499 0.244551 0.0713192 0.132584
0.0444657 0.0571795 0.0771266 0.641603 0.126238 0.0533864
0.0130998 0.0275108 0.26062 0.56041 0.0517282 0.0866313
0.0373668 0.0173138 0.510153 0.26397 0.0546896 0.116506
0.0196033 0.0862902 0.45928 0.28187 0.0369094 0.116047
0.103113 0.0100222 0.469475 0.254586 0.0252632 0.137541
9.9973E-05 0.0133017 9.9973E-05 0.0970946 0.889304 9.9973E-05
9.9973E-05 0.00502767 9.9973E-05 0.12009 0.874583 9.9973E-05
9.9982E-05 0.0758837 0.0127344 0.111397 0.799785 9.9982E-05
9.9973E-05 0.0718797 9.9973E-05 0.175946 0.751875 9.9973E-05
0.121954 9.9991E-05 0.0895536 0.500362 0.0893893 0.198641
9.9991E-05 0.0473024 0.104885 0.491953 0.0985988 0.257161
0.0244441 0.0400291 9.9991E-05 0.510863 0.00589051 0.418673
0.0230809 9.9991E-05 0.638726 0.194444 0.0568064 0.086843
0.177723 0.0138106 9.9982E-05 0.229087 9.9982E-05 0.579179
9.9991E-05 0.0210465 0.0973092 0.525561 0.120406 0.235578
0.0179972 9.9982E-05 9.9982E-05 0.70722 0.0692937 0.205289
0.149572 9.9991E-05 0.0694317 0.540731 0.125532 0.114634
0.0663745 0.0192102 0.091782 0.609275 0.0968715 0.116487
9.9982E-05 9.9982E-05 0.184961 0.102798 0.039078 0.672963
0.224253 0.0287624 9.9982E-05 0.671189 0.0755958 9.9982E-05
0.0590524 0.0463919 9.9991E-05 0.58179 0.0866443 0.226021
0.0813163 0.0213574 0.0170415 0.559242 0.127827 0.193216
0.0954995 9.9973E-05 9.9973E-05 0.295558 9.9973E-05 0.608643
0.0170309 0.012749 9.9991E-05 0.612057 0.0899746 0.268089
0.121574 0.0497681 0.0327106 0.535482 0.102819 0.157647
0.442183 9.9973E-05 0.00205591 9.9973E-05 9.9973E-05 0.555461
0.125274 9.9982E-05 0.609306 0.213964 9.9982E-05 0.0512554
0.368102 0.0573285 0.269668 0.154073 9.9991E-05 0.150728
0.124004 0.0512113 0.121235 0.621642 0.0818078 9.9991E-05
0.113743 0.0445284 0.13008 0.599771 0.0877092 0.0241686
0.124587 0.0708514 0.0653574 0.628092 0.098806 0.0123057
0.0713202 9.9991E-05 0.500709 0.204845 0.124272 0.0987534
0.03005 0.0034219 0.353539 0.562957 0.00624273 0.0437891
0.075685 0.0368952 0.14685 0.568707 0.0453728 0.12649
0.0738458 0.0267244 0.267005 0.395372 0.117739 0.119315
0.143505 9.9991E-05 0.474179 0.137905 0.150477 0.0938325
0.0954521 0.000421603 0.15195 0.571846 0.100429 0.0799011
0.0731478 0.0430943 0.213848 0.495188 0.0464871 0.128235
0.15324 9.9991E-05 0.576829 0.096562 0.0786654 0.0946036
0.0449121 0.00352887 0.405017 0.43485 9.9991E-05 0.111592
0.0984258 0.0672449 0.140792 0.575659 0.0323092 0.0855692
0.0327739 9.9991E-05 0.177593 0.658117 0.0905409 0.0408753
0.0613086 0.0302566 0.385741 0.294764 0.0895859 0.138344
0.0656693 0.0656168 0.24485 0.458884 0.0781 0.0868805
0.0609414 0.0434661 0.166583 0.559693 0.0479747 0.121342
0.102274 0.00102773 0.510475 0.261485 0.0163395 0.108399
9.9982E-05 9.9982E-05 0.0203402 0.487011 0.0264961 0.465953
9.9991E-05 0.000708963 0.0699183 0.16364 0.0198946 0.745739
9.9991E-05 0.0929017 0.0651773 0.456114 0.0892721 0.296435
0.190881 9.9964E-05 9.9964E-05 9.9964E-05 9.9964E-05 0.808719
0.198262 9.9964E-05 9.9964E-05 9.9964E-05 9.9964E-05 0.801339
0.109969 9.9973E-05 9.9973E-05 0.190537 9.9973E-05 0.699194
9.9991E-05 0.00660776 0.0744027 0.446724 0.00864464 0.463521
0.0666412 0.0445625 0.0776629 0.527613 0.0765217 0.206998
0.072028 0.0342152 9.9982E-05 0.426132 9.9982E-05 0.467425
9.9982E-05 9.9982E-05 0.18026 0.120736 0.0437993 0.655005
9.9982E-05 9.9982E-05 0.213018 0.233119 0.00764542 0.546018
0.00581111 0.0434821 0.0510213 0.52451 0.0736264 0.301549
9.9991E-05 0.00833652 0.104707 0.302684 0.0162177 0.567955
9.9982E-05 9.9982E-05 0.0875854 0.41634 0.0309511 0.464924
0.120472 9.9973E-05 9.9973E-05 0.447808 9.9973E-05 0.43142
0.394933 9.9964E-05 9.9964E-05 9.9964E-05 9.9964E-05 0.604667
0.0801061 0.0207857 0.00497852 0.595585 0.0679751 0.230569
9.9982E-05 9.9982E-05 0.0757743 0.0824801 0.830193 0.0113522
9.9964E-05 9.9964E-05 9.9964E-05 0.0665663 0.933034 9.9964E-05
9.9973E-05 0.0377596 9.9973E-05 0.0977781 0.864162 9.9973E-05
9.9973E-05 0.0400596 9.9973E-05 0.0376902 0.92195 9.9973E-05
9.9964E-05 0.0502111 9.9964E-05 9.9964E-05 0.949389 9.9964E-05
9.9973E-05 0.0247396 9.9973E-05 0.102041 0.872919 9.9973E-05
9.9964E-05 9.9964E-05 9.9964E-05 0.066539 0.933061 9.9964E-05
9.9991E-05 0.0861179 0.129819 0.509322 0.0551646 0.219476
0.0307186 0.0991136 0.0816238 0.490855 0.134789 0.1629
0.0101601 9.9991E-05 0.203567 0.0157707 0.0631246 0.707277
0.0108818 0.0421229 0.0848402 0.580881 0.0849138 0.19636
9.9982E-05 9.9982E-05 0.148576 0.359086 0.0279594 0.464179
9.9982E-05 9.9982E-05 0.0532134 0.546356 0.0684625 0.331768
0.139361 9.9982E-05 9.9982E-05 0.593441 0.0490673 0.217932
0.0133245 0.039122 0.0536286 0.501644 0.030237 0.362044
9.9973E-05 9.9973E-05 0.238087 9.9973E-05 0.0397456 0.721867
0.035139 9.9991E-05 0.102568 0.523515 0.148217 0.19046
0.0653541 0.0134149 0.0825129 0.622856 0.0667624 0.1491
0.048283 0.0757262 0.120748 0.539006 0.0747333 0.141504
0.189056 0.0276601 0.0143034 0.26248 9.9991E-05 0.5064
0.0550971 9.9973E-05 9.9973E-05 0.499014 9.9973E-05 0.445589
9.9982E-05 0.0435544 0.155215 0.41646 9.9982E-05 0.384571
0.07141 0.0191553 9.9982E-05 0.373075 9.9982E-05 0.53616
9.9982E-05 9.9982E-05 0.121992 0.43936 0.0427833 0.395664
0.0412001 0.0613632 0.105468 0.534176 0.0777822 0.180011
0.230919 0.0559907 0.416676 0.296215 9.9982E-05 9.9982E-05
0.0691843 9.9991E-05 0.383463 0.436043 0.0659321 0.0452773
0.0499679 0.0810512 0.226887 0.559456 0.0687079 0.0139295
0.128526 0.0259241 0.130313 0.573151 0.111603 0.0304826
0.0254027 0.0306149 0.375967 0.452462 0.0117308 0.103822
0.0165454 0.0402182 0.351044 0.577844 0.0142486 9.9991E-05
0.0078771 0.00447733 0.460389 0.486433 0.0407237 9.9991E-05
0.169523 0.0326754 0.131284 0.533899 0.101576 0.0310423
0.0603214 0.0664982 0.164618 0.602568 0.081596 0.024399
0.083166 9.9991E-05 0.263006 0.598666 0.0497024 0.0053596
0.0354153 9.9991E-05 0.299 0.586455 0.0279404 0.0510887
0.0950474 0.0839347 0.200802 0.589738 0.0296027 0.000874515
0.104905 0.083261 0.143755 0.585086 0.0828938 9.9991E-05
0.100109 0.0744113 0.205508 0.577814 9.9991E-05 0.0420583
0.0979225 0.0934115 0.152958 0.536739 0.0755495 0.0434199
0.101627 0.0460088 0.216154 0.586542 9.9991E-05 0.0495674
0.24206 0.0453954 0.268182 0.351491 0.0927712 9.9991E-05
0.0850724 0.0371821 0.160769 0.625634 0.0619203 0.0294226
0.0700475 0.025101 0.190736 0.697971 0.0160454 9.9991E-05
0.0264062 0.022909 0.581372 0.205016 0.0228571 0.14144
0.383478 0.0396276 0.325061 0.192915 9.9991E-05 0.0588188
0.0440711 0.0449207 0.249615 0.498497 0.0506454 0.112252
0.416778 0.00240325 0.345432 0.116553 9.9991E-05 0.118733
0.0321803 9.9982E-05 0.505055 0.368252 9.9982E-05 0.0943136
0.0319541 9.9982E-05 0.428488 0.450926 9.9982E-05 0.0884323
0.0147014 9.9991E-05 0.476292 0.370129 0.0144618 0.124316
0.0524127 9.9982E-05 0.514966 0.383074 9.9982E-05 0.0493475
0.0362269 0.0171805 0.205261 0.60955 0.056662 0.0751201
0.0430199 0.074416 0.156124 0.544531 0.106863 0.0750457
0.0335493 0.0337908 0.206896 0.621059 0.0430748 0.0616291
0.294892 0.020671 0.405483 0.216622 9.9991E-05 0.0622327
0.110614 0.00884335 0.111404 0.559374 0.156637 0.0531276
0.293485 0.0599399 0.0442289 0.487764 0.0571153 0.0574672
0.717777 9.9982E-05 0.0613836 9.9982E-05 0.123009 0.0976297
0.147162 0.0410624 9.9991E-05 0.688518 0.0959421 0.0272155
0.404692 0.00517979 0.0591353 0.3363 0.0942601 0.100433
0.22251 0.0539862 0.0758751 0.533557 0.0982617 0.0158101
0.503114 9.9991E-05 0.118411 0.248725 0.0824176 0.0472323
0.602812 9.9991E-05 0.135137 0.119847 0.0730411 0.0690628
0.338107 9.9991E-05 0.0902536 0.404784 0.0461682 0.120587
0.173776 0.0577274 0.0542997 0.481992 0.137053 0.0951519
0.177097 0.0217683 0.0950515 0.427428 0.183411 0.0952443
0.496703 0.0945654 0.117159 0.0933399 0.0277008 0.170532
0.142508 0.0808447 0.131432 0.546066 0.0703461 0.0288036
0.485357 9.9982E-05 0.0851345 0.365385 9.9982E-05 0.063923
0.349659 9.9982E-05 0.0862071 0.453286 9.9982E-05 0.110648
0.150528 0.0343908 0.069419 0.573779 0.125986 0.0458975
0.277917 0.245239 9.9982E-05 0.123881 0.352763 9.9982E-05
0.38718 0.146216 9.9973E-05 9.9973E-05 0.466304 9.9973E-05
0.425508 0.123461 9.9973E-05 9.9973E-05 0.450731 9.9973E-05
0.28912 0.265945 9.9991E-05 0.0894558 0.34084 0.0145391
0.265292 9.9991E-05 0.0226886 0.650309 0.0192015 0.0424089
0.170406 0.00942284 0.0619645 0.66009 0.0614892 0.0366277
9.9964E-05 0.656953 9.9964E-05 0.342647 9.9964E-05 9.9964E-05
9.9991E-05 0.435285 0.110503 0.396354 0.0206824 0.0370757
9.9991E-05 0.389152 0.0908452 0.369119 0.0934044 0.0573801
0.595564 9.9973E-05 0.0749405 0.329195 9.9973E-05 9.9973E-05
0.174939 0.0488768 0.0737804 0.501201 0.108385 0.0928183
0.617846 9.9973E-05 0.0958149 0.286039 9.9973E-05 9.9973E-05
0.292085 9.9982E-05 9.9982E-05 0.637034 0.0598144 0.0108666
0.380901 0.0243964 0.0819528 0.474498 0.0381517 9.9991E-05
0.367228 9.9982E-05 0.0109129 0.602462 0.0191966 9.9982E-05
0.679671 9.9982E-05 0.00796608 0.251153 9.9982E-05 0.0610097
0.192574 0.0157709 9.9991E-05 0.690569 0.0605612 0.0404258
0.173241 0.0143792 0.0197227 0.638073 0.120166 0.0344181
9.9973E-05 0.987751 9.9973E-05 9.9973E-05 0.00112186 0.0108277
9.9982E-05 0.91436 0.00284483 0.0726735 9.9982E-05 0.00992176
9.9991E-05 0.538769 0.0521835 0.328102 0.0481635 0.0326813
9.9973E-05 0.636531 0.0357179 0.327452 9.9973E-05 9.9973E-05
9.9982E-05 0.828296 0.0318715 0.118391 9.9982E-05 0.0212421
9.996E-05 0.9995 9.996E-05 9.996E-05 9.996E-05 9.996E-05
9.9964E-05 0.958098 0.0415019 9.9964E-05 9.9964E-05 9.9964E-05
9.9973E-05 0.860692 9.9973E-05 0.136437 9.9973E-05 0.00257031
9.9973E-05 0.936836 0.0585801 9.9973E-05 0.00428428 9.9973E-05
9.996E-05 0.9995 9.996E-05 9.996E-05 9.996E-05 9.996E-05
9.996E-05 0.9995 9.996E-05 9.996E-05 9.996E-05 9.996E-05
9.9973E-05 0.785958 0.0547198 0.159022 9.9973E-05 9.9973E-05
9.9991E-05 0.781366 0.048599 0.11518 0.0373429 0.0174115
9.996E-05 0.9995 9.996E-05 9.996E-05 9.996E-05 9.996E-05
0.0327495 0.388515 0.0895997 0.37871 0.0627159 0.0477097
9.9982E-05 0.656423 0.0484713 0.231697 0.063208 9.9982E-05
9.9982E-05 0.788124 9.9982E-05 0.159701 0.041934 0.010041
9.9982E-05 0.92088 9.9982E-05 0.070545 0.0058568 0.00251859
9.996E-05 0.9995 9.996E-05 9.996E-05 9.996E-05 9.996E-05
9.9964E-05 0.962276 9.9964E-05 0.0373237 9.9964E-05 9.9964E-05
9.996E-05 0.9995 9.996E-05 9.996E-05 9.996E-05 9.996E-05
9.9991E-05 0.614452 0.0418321 0.251484 0.0464242 0.0457077
9.9964E-05 0.975272 9.9964E-05 9.9964E-05 9.9964E-05 0.0243278
0.649854 0.0678656 9.9973E-05 9.9973E-05 0.281981 9.9973E-05
0.259212 0.132127 0.067548 0.333381 0.207632 9.9991E-05
0.282482 0.0468924 9.9982E-05 0.48719 0.183235 9.9982E-05
0.481902 0.0902365 9.9982E-05 0.210665 0.216996 9.9982E-05
0.210818 0.0445725 0.0528919 0.497538 0.144692 0.0494881
0.504406 0.122561 9.9982E-05 0.124083 0.248751 9.9982E-05
0.207398 0.104223 0.090379 0.432992 0.164908 9.9991E-05
0.352082 0.103143 9.9982E-05 0.339226 0.205349 9.9982E-05
0.248839 0.105786 9.9982E-05 0.473547 0.171628 9.9982E-05
0.314298 0.107108 9.9982E-05 0.379319 0.199074 9.9982E-05
0.223239 0.104412 0.00595945 0.446069 0.218452 0.0018694
9.9973E-05 9.9973E-05 9.9973E-05 0.061161 0.914056 0.0244831
0.0285562 0.072277 9.9982E-05 9.9982E-05 0.885759 0.0132074
9.9973E-05 9.9973E-05 0.0127352 0.0268314 0.960133 9.9973E-05
9.9964E-05 9.9964E-05 9.9964E-05 9.9964E-05 0.982772 0.0168283
9.9973E-05 9.9973E-05 0.0364805 0.0584819 0.904738 9.9973E-05
0.00411251 0.00999636 9.9982E-05 0.00661277 0.979078 9.9982E-05
9.9982E-05 0.0241366 0.0274752 0.0287641 0.919424 9.9982E-05
0.0289657 9.9973E-05 0.0280631 9.9973E-05 0.942671 9.9973E-05
0.00946227 0.0227452 0.0148777 0.0136514 0.90238 0.0368839
0.0419452 0.0300846 0.0130183 9.9982E-05 0.914752 9.9982E-05
0.0857843 9.9982E-05 0.295914 9.9982E-05 0.586883 0.0312183
0.0491547 9.9973E-05 0.353833 9.9973E-05 0.596713 9.9973E-05
0.0932795 9.9982E-05 0.340189 9.9982E-05 0.538103 0.0282281
0.117651 9.9982E-05 0.421386 9.9982E-05 0.456183 0.00458071
0.0246604 0.00413534 0.145104 0.481058 0.0808677 0.264175
0.0225715 0.05021 0.127718 0.438856 0.0209781 0.339666
9.9991E-05 0.0121526 0.209721 0.554573 0.0342516 0.189202
0.00445512 9.9991E-05 0.298153 0.379347 0.0191812 0.298764
0.110477 0.000504914 0.600765 0.208126 9.9991E-05 0.0800265
0.0492408 9.9991E-05 0.0414148 0.643727 0.0644465 0.201071
9.9982E-05 0.0184732 0.116448 0.578867 9.9982E-05 0.286011
0.169124 9.9982E-05 0.0264984 0.567469 9.9982E-05 0.236708
0.0923627 9.9973E-05 9.9973E-05 0.363919 9.9973E-05 0.543418
0.0740575 0.0137971 0.0577898 0.644904 0.0437887 0.165663
9.9991E-05 0.00923931 0.0908248 0.392626 0.00664605 0.500564
0.246944 9.9964E-05 9.9964E-05 9.9964E-05 9.9964E-05 0.752656
0.02056 9.9991E-05 0.186654 0.621939 0.0492868 0.121461
0.245077 9.9973E-05 9.9973E-05 0.156201 9.9973E-05 0.598421
0.0759776 0.0192292 9.9991E-05 0.517479 0.0273113 0.359903
9.9982E-05 9.9982E-05 0.201394 0.110184 0.0146218 0.6736
0.0519518 9.9973E-05 0.790793 9.9973E-05 0.156956 9.9973E-05
0.0641862 9.9982E-05 0.756809 0.0688263 0.109979 9.9982E-05
0.0574821 9.9991E-05 0.778136 0.0287147 0.10369 0.031878
0.0456242 9.9973E-05 0.836646 9.9973E-05 0.11743 9.9973E-05
0.0133748 9.9982E-05 0.814968 0.104246 0.0672116 9.9982E-05
0.051984 0.0168304 0.756013 0.104782 0.0702901 9.9991E-05
9.9991E-05 0.0410718 0.0117727 0.0215628 0.872661 0.0528315
9.9991E-05 0.0103454 0.0176129 0.0920717 0.822276 0.0575936
9.9991E-05 0.0155155 0.0138604 0.150806 0.794875 0.0248425
9.9991E-05 0.0578748 0.00133578 0.00183535 0.848362 0.0904919
9.9991E-05 0.0615861 0.00958481 0.10745 0.794415 0.0268637
0.0599224 9.9973E-05 0.543599 9.9973E-05 0.396179 9.9973E-05
0.0449611 9.9973E-05 0.50799 9.9973E-05 0.446749 9.9973E-05
0.0205671 9.9982E-05 0.511069 0.0284964 0.439667 9.9982E-05
9.9973E-05 9.9973E-05 0.0212571 0.115304 0.863139 9.9973E-05
0.0484635 9.9982E-05 0.549044 9.9982E-05 0.388412 0.0138811
0.158871 0.296875 9.9982E-05 0.284339 0.259715 9.9982E-05
0.0681412 0.195191 0.0218509 0.527676 0.187041 9.9991E-05
9.9973E-05 0.225682 9.9973E-05 0.567887 0.206131 9.9973E-05
0.139149 0.232285 9.9982E-05 0.354141 0.274225 9.9982E-05
0.0475386 0.127779 0.106492 0.546226 0.13496 0.0370045
0.263843 0.305637 9.9973E-05 9.9973E-05 0.43022 9.9973E-05
0.0691061 9.9982E-05 0.425289 0.465852 9.9982E-05 0.0395526
0.264751 9.9982E-05 0.227895 0.485538 9.9982E-05 0.0216154
0.0220861 9.9991E-05 0.531863 0.297528 0.0088621 0.13956
0.236338 0.00732777 0.174607 0.566815 9.9991E-05 0.0148123
0.623041 9.9973E-05 0.353867 9.9973E-05 9.9973E-05 0.0227923
0.0840531 0.0358106 0.133305 0.600145 0.0978337 0.0488524
0.237225 0.0160679 0.126874 0.581364 0.00888332 0.0295861
0.0800383 9.9991E-05 0.463646 0.366266 0.0271712 0.0627783
0.0641322 0.0342751 0.233871 0.519156 0.0666109 0.0819548
0.390399 9.9982E-05 0.321995 0.172748 9.9982E-05 0.114658
0.144197 0.00663164 0.213043 0.55692 0.0154285 0.0637796
0.0509302 9.9991E-05 0.309823 0.554414 0.0221588 0.0625735
0.171569 0.144626 0.082822 0.407305 0.113925 0.0797536
0.287478 9.9982E-05 0.290466 0.389049 9.9982E-05 0.0328079
0.278659 0.0047026 0.212263 0.446866 9.9991E-05 0.05741
0.152746 0.00883388 0.184979 0.602743 0.00428142 0.046417
0.169532 9.9982E-05 0.173255 0.563884 9.9982E-05 0.0931293
0.107552 0.0697953 0.117534 0.636412 0.0145818 0.0541248
0.0588312 0.0485116 0.17894 0.518853 0.0876744 0.10719
0.0761416 0.0224771 0.147775 0.585942 0.0869507 0.080714
9.9973E-05 0.0413472 9.9973E-05 0.119984 0.838369 9.9973E-05
9.9964E-05 9.9964E-05 9.9964E-05 0.134391 0.865209 9.9964E-05
0.00661325 9.9991E-05 0.0145558 0.0610613 0.907198 0.0104716
9.9982E-05 0.0478612 9.9982E-05 0.0204204 0.911781 0.0197379
9.9964E-05 9.9964E-05 9.9964E-05 0.0905374 0.909063 9.9964E-05
0.103912 0.0569278 0.614706 0.123892 0.00290467 0.0976578
0.171146 0.0243109 0.174274 0.559545 0.0164719 0.0542521
0.113838 0.250188 0.0158222 0.395829 0.190924 0.0333995
0.0193762 0.0676608 0.175773 0.650307 0.0273841 0.059499
9.9991E-05 0.014977 0.365523 0.509688 0.0206397 0.0890722
0.322357 0.00381096 0.300643 0.315704 9.9991E-05 0.0573856
0.0443044 9.9991E-05 0.751101 0.0418337 0.079129 0.083532
0.00942834 0.0254171 0.412267 0.468858 0.0357156 0.0483148
0.0332199 0.0295091 0.583568 0.260922 0.0492773 0.0435041
0.156374 0.0308589 0.205155 0.473381 0.0384614 0.0957698
0.0787814 9.9991E-05 0.64705 0.16333 0.0922933 0.0184458
9.9991E-05 0.0719335 0.243526 0.562616 0.0771565 0.0446685
0.0883439 0.0166968 0.601482 0.159781 0.0382664 0.0954296
0.222866 0.10148 0.303462 0.294465 9.9991E-05 0.077627
0.192849 9.9991E-05 0.0940271 0.575534 0.098847 0.0386424
0.557371 9.9982E-05 0.0875324 0.348571 9.9982E-05 0.0063254
0.327841 0.00172126 0.0452325 0.569718 0.0553868 9.9991E-05
0.229632 9.9991E-05 0.0413325 0.588891 0.11934 0.0207044
0.571944 9.9991E-05 0.0749406 0.282468 0.00197666 0.0685708
0.164922 0.0658175 0.0931986 0.519165 0.0767201 0.080177
0.379578 9.9991E-05 0.0388721 0.553178 0.0131001 0.0151719
0.693896 9.9982E-05 0.0405455 0.182657 9.9982E-05 0.0827019
0.673487 9.9991E-05 0.0470156 0.26464 0.0103 0.00445775
0.406418 9.9973E-05 0.0933254 0.499957 9.9973E-05 9.9973E-05
0.676506 9.9982E-05 0.077462 0.0848357 9.9982E-05 0.160997
0.379619 9.9982E-05 0.0971699 0.492821 9.9982E-05 0.03019
0.011649 0.0358103 0.703161 0.149394 9.9991E-05 0.0998861
0.282039 0.0727565 0.364924 0.23583 9.9991E-05 0.0443501
0.000903554 0.0486183 0.444069 0.406541 0.0485763 0.0512925
0.00236529 0.0506464 0.270616 0.551591 0.0523785 0.0724028
9.9982E-05 0.0338759 0.592644 0.238522 9.9982E-05 0.134758
0.109154 0.0393177 0.127195 0.580166 0.10587 0.0382975
9.9991E-05 0.0604892 0.280759 0.548628 0.0600061 0.0500176
0.119114 0.0583278 0.234248 0.508027 0.0113508 0.0689322
0.0438611 0.0707197 0.278953 0.512769 9.9991E-05 0.0935977
9.9991E-05 0.0294289 0.409789 0.516337 0.00964889 0.0346962
0.0123129 0.0137033 0.559542 0.300818 9.9991E-05 0.113523
0.0369863 0.01416 0.458602 0.443323 9.9991E-05 0.0468285
0.093071 0.0560103 0.200885 0.575417 9.9991E-05 0.0745171
0.135017 0.0752998 0.128537 0.616307 0.042033 0.00280644
0.182148 0.0991815 0.234487 0.334421 0.0540017 0.0957604
0.0941147 0.101596 0.23329 0.476583 9.9991E-05 0.0943163
0.0105817 0.065897 0.531686 0.348922 9.9991E-05 0.0428135
0.0134036 0.0638855 0.245596 0.558168 0.0378913 0.0810565
9.9982E-05 0.102034 0.390823 0.430755 9.9982E-05 0.0761877
0.0471467 0.0202685 0.186467 0.588922 0.0857032 0.0714918
9.9991E-05 0.0978799 0.0746539 0.459056 0.350767 0.0175434
0.125663 0.164057 0.046836 0.542039 0.121305 9.9991E-05
0.117912 0.144545 0.0631634 0.439769 0.16746 0.0671507
0.128477 0.132716 0.0591366 0.558202 0.121368 9.9991E-05
0.132443 0.162441 0.0172365 0.480126 0.207654 9.9991E-05
0.275725 9.9973E-05 0.190414 0.533561 9.9973E-05 9.9973E-05
0.0883986 0.118294 0.0856796 0.495963 0.153244 0.0584215
0.433624 0.18733 0.0815394 0.0254259 0.234086 0.0379949
0.124648 0.116836 0.050644 0.605502 0.10227 9.9991E-05
0.099192 0.167706 0.0631904 0.536518 0.133294 9.9991E-05
0.069113 0.145409 0.0651344 0.530323 0.110359 0.0796618
0.260344 0.0758972 0.0359461 0.348317 0.221977 0.0575193
0.0565216 0.12457 0.0632493 0.559696 0.195864 9.9991E-05
0.0963528 0.167019 0.0714624 0.51557 0.149496 9.9991E-05
0.380033 0.121224 9.9973E-05 9.9973E-05 0.498443 9.9973E-05
0.0846174 0.166238 0.0254588 0.555024 0.168562 9.9991E-05
0.0685968 0.178898 9.9982E-05 0.553962 0.198343 9.9982E-05
0.132327 0.0687242 0.0228289 0.615104 0.107067 0.0539498
0.0751066 0.18522 9.9982E-05 0.54213 0.197343 9.9982E-05
0.0233201 0.0666511 0.0743851 0.533193 0.219428 0.0830228
0.326895 9.9991E-05 0.0181284 0.516199 0.026738 0.11194
0.233088 0.0740638 0.0513295 0.483728 0.0293721 0.128418
0.737858 9.9982E-05 0.0831757 0.0106073 9.9982E-05 0.168159
0.748715 9.9982E-05 0.0880834 0.0578166 9.9982E-05 0.105185
0.31427 0.00580669 0.0673863 0.530542 0.0682036 0.0137912
0.150707 0.26902 9.9982E-05 0.418728 0.161345 9.9982E-05
0.236523 0.281865 9.9982E-05 0.361509 0.119903 9.9982E-05
0.326286 0.302265 9.9982E-05 0.229525 0.141724 9.9982E-05
0.223014 0.226083 9.9982E-05 0.403311 0.147393 9.9982E-05
0.697884 0.0523259 9.9982E-05 0.183882 0.065708 9.9982E-05
0.621003 0.0551495 0.0244404 0.205692 0.0407487 0.052966
0.316426 0.0405335 9.9982E-05 0.606711 9.9982E-05 0.0361304
0.367048 0.0900941 9.9982E-05 0.484794 0.0578634 9.9982E-05
0.574593 0.0463514 0.0528142 0.321832 0.00430961 9.9991E-05
0.24863 0.0397275 0.0707369 0.601701 0.0391045 9.9991E-05
0.272038 0.04416 0.0369734 0.636165 0.0105634 9.9991E-05
0.228078 0.0559104 0.0729849 0.531465 0.0887432 0.022818
0.459416 9.9982E-05 0.0659381 0.428882 9.9982E-05 0.0455636
0.390086 9.9982E-05 0.0886922 0.474922 9.9982E-05 0.0461002
0.301454 0.00299162 0.0499045 0.58084 0.017692 0.0471179
0.299568 0.0198261 0.0865176 0.500702 0.0310785 0.0623084
0.156066 0.0141435 0.0414185 0.558922 0.111493 0.117957
0.360567 9.9982E-05 0.0132164 0.512497 9.9982E-05 0.11352
0.582679 9.9982E-05 0.0570046 0.281539 9.9982E-05 0.0785775
0.277358 0.0452386 9.9991E-05 0.64736 0.00313439 0.0268096
0.577893 9.9982E-05 0.0851687 0.260897 9.9982E-05 0.0758415
0.423424 9.9973E-05 0.0407079 0.535569 9.9973E-05 9.9973E-05
0.217804 0.0188664 0.120072 0.573354 0.0508886 0.0190144
0.190578 0.0295493 0.0867222 0.527303 0.0715606 0.0942873
0.127477 0.152028 0.0327762 0.485364 0.185943 0.0164108
0.186336 0.131002 0.011917 0.445398 0.172071 0.0532765
0.182411 0.26977 9.9982E-05 0.325183 0.222436 9.9982E-05
0.183966 0.232773 0.0492203 0.314337 0.219604 9.9991E-05
0.114797 0.171441 0.0509231 0.47706 0.155339 0.0304403
0.177015 0.141631 0.0460005 0.466356 0.144668 0.02433
0.663355 0.166189 9.9991E-05 0.0184845 0.134398 0.0174745
0.101062 0.21145 0.00039309 0.519948 0.130774 0.0363731
0.572029 0.122826 9.9973E-05 9.9973E-05 0.304845 9.9973E-05
0.247606 0.176691 9.9982E-05 0.531369 0.0441344 9.9982E-05
0.63534 9.9973E-05 9.9973E-05 0.228926 9.9973E-05 0.135434
0.70984 9.9982E-05 0.0257722 0.0621864 9.9982E-05 0.202002
0.370801 9.9982E-05 0.00344949 0.552712 9.9982E-05 0.0728368
0.263917 9.9991E-05 0.02567 0.693493 0.00400093 0.0128195
0.424696 9.9982E-05 0.0192002 0.504008 9.9982E-05 0.0518961
0.284351 0.00891185 9.9982E-05 0.636748 9.9982E-05 0.0697892
0.280656 9.9982E-05 0.0346617 0.625393 9.9982E-05 0.0590898
9.9982E-05 9.9982E-05 0.0604095 0.0177381 0.889289 0.0323634
0.0229297 0.0669158 0.0914423 0.0376483 0.757813 0.0232512
9.9982E-05 0.0174377 0.0433042 0.00974881 0.929309 9.9982E-05
0.0186309 9.9973E-05 9.9973E-05 0.0403808 0.940688 9.9973E-05
0.0145029 0.0366296 0.00267197 0.51483 0.0673756 0.36399
0.0112833 0.00458388 0.117927 0.529526 0.061371 0.275309
9.9982E-05 9.9982E-05 0.0116311 0.477817 0.0427435 0.467609
9.9991E-05 0.0368543 0.0697914 0.560375 0.0854367 0.247443
0.0573861 0.0211149 0.0780381 0.586703 0.105955 0.150803
9.9982E-05 9.9982E-05 0.107713 0.257897 0.0550025 0.579187
9.9973E-05 9.9973E-05 9.9973E-05 0.638228 0.0231029 0.338369
0.200287 9.9973E-05 9.9973E-05 0.270774 9.9973E-05 0.528639
0.0244806 0.127844 0.0836617 0.423402 0.329281 0.0113302
0.177581 0.0365189 9.9982E-05 0.430561 9.9982E-05 0.355139
9.9982E-05 9.9982E-05 0.146986 0.318166 0.0155805 0.519068
0.0836508 9.9982E-05 0.0124399 0.556435 9.9982E-05 0.347275
9.9991E-05 0.0354222 0.104802 0.396514 0.0204658 0.442696
0.0116137 9.9982E-05 9.9982E-05 0.585657 0.000357422 0.402172
9.9991E-05 0.00301884 0.057313 0.518396 0.0890868 0.332085
0.185624 9.9964E-05 9.9964E-05 9.9964E-05 9.9964E-05 0.813976
0.15763 0.0111368 9.9982E-05 0.300949 9.9982E-05 0.530084
0.0795096 0.0431041 9.9982E-05 0.305212 9.9982E-05 0.571974
0.263496 9.9964E-05 9.9964E-05 9.9964E-05 9.9964E-05 0.736105
9.9982E-05 9.9982E-05 0.162745 0.405882 0.0341547 0.397019
0.334352 9.9973E-05 9.9973E-05 0.0713228 9.9973E-05 0.594026
0.274644 9.9964E-05 9.9964E-05 9.9964E-05 9.9964E-05 0.724956
0.0259657 0.022436 9.9991E-05 0.540507 0.0494099 0.361581
9.9982E-05 9.9982E-05 0.174528 0.169181 0.0258458 0.630246
9.9991E-05 0.0342578 0.109497 0.421846 0.00477293 0.429526
0.0724372 0.0471284 0.0507117 0.581199 0.101931 0.146593
9.9991E-05 0.0252248 0.0970875 0.455114 0.0175795 0.404894
0.235955 0.00616845 0.317507 0.416787 9.9991E-05 0.0234826
9.9982E-05 9.9982E-05 0.0652073 0.558493 0.0572146 0.318885
9.9982E-05 9.9982E-05 0.101575 0.523564 0.011702 0.362959
0.153673 9.9973E-05 9.9973E-05 0.294985 9.9973E-05 0.551043
0.0345358 0.0209009 0.109156 0.510601 0.110424 0.214382
0.0305466 9.9973E-05 0.301489 9.9973E-05 0.667665 9.9973E-05
0.0650605 9.9982E-05 0.168572 9.9982E-05 0.757696 0.00847136
0.0178447 9.9973E-05 0.135931 9.9973E-05 0.845924 9.9973E-05
0.0387115 9.9973E-05 0.143006 9.9973E-05 0.817983 9.9973E-05
0.0404805 9.9982E-05 0.198036 9.9982E-05 0.732069 0.0292153
9.9982E-05 9.9982E-05 0.169669 0.0781524 0.0539615 0.698018
9.9982E-05 9.9982E-05 0.153767 0.0678292 0.0509204 0.727283
0.105028 0.0130748 9.9982E-05 0.138245 9.9982E-05 0.743452
0.0733096 0.0493525 0.0511995 0.593128 0.0995159 0.133495
0.0245445 0.0710489 0.0064632 0.51467 0.138315 0.244959
0.104139 0.0525775 9.9991E-05 0.201338 0.00521252 0.636632
0.0360985 0.066843 0.0234642 0.584424 0.00318638 0.285984
0.117144 0.0544681 9.9991E-05 0.381962 0.0411269 0.4052
9.9982E-05 9.9982E-05 0.0800561 0.508819 0.038585 0.37234
9.9991E-05 0.0538006 0.00417398 0.569118 0.0527974 0.32001
9.9982E-05 0.0147078 0.15768 0.138657 9.9982E-05 0.688756
9.9973E-05 9.9973E-05 0.139255 0.255932 9.9973E-05 0.604512
9.9982E-05 9.9982E-05 0.120793 0.282951 0.0188375 0.577218
0.168621 9.9982E-05 0.0712052 0.660873 0.0991009 9.9982E-05
9.9982E-05 9.9982E-05 0.0769826 0.340282 0.0159147 0.566621
9.9991E-05 0.0152938 0.085859 0.368013 0.0523055 0.478428
0.045251 0.342405 9.9991E-05 0.481655 0.0993694 0.0312191
0.0563166 0.438123 9.9991E-05 0.324496 0.153436 0.027529
9.9982E-05 0.362094 9.9982E-05 0.488731 0.142869 0.00610722
0.0594495 0.4882 9.9982E-05 0.303499 0.148652 9.9982E-05
0.0301503 0.292059 0.0406752 0.457794 0.131871 0.0474506
0.21442 9.9982E-05 9.9982E-05 0.522068 0.0789834 0.184328
0.092707 0.626728 9.9982E-05 0.0216408 0.258724 9.9982E-05
0.0316283 0.476023 9.9991E-05 0.306276 0.18019 0.00578283
0.247484 0.115475 9.9991E-05 0.426692 0.198341 0.0119084
0.199119 9.9982E-05 0.0792808 0.560004 0.161395 9.9982E-05
0.260827 9.9991E-05 0.0646335 0.528635 0.133895 0.0119097
0.18712 0.00054041 0.0241843 0.607316 0.134699 0.0461405
0.138604 0.0036291 0.0309041 0.652493 0.135847 0.0385234
0.000491757 0.465066 9.9982E-05 0.336702 0.19754 9.9982E-05
0.0441271 0.348538 0.0309972 0.425892 0.137945 0.0125007
0.000238069 0.45354 9.9982E-05 0.440618 0.105404 9.9982E-05
0.100411 0.294799 9.9991E-05 0.439226 0.147794 0.0176704
0.0408548 0.461221 9.9991E-05 0.271662 0.1682 0.0579625
0.040964 0.369554 0.0807676 0.39271 0.110275 0.00572923
0.0653357 0.552877 0.0189422 0.219406 0.134516 0.0089225
0.0892963 0.310456 0.0408674 0.415843 0.122405 0.0211331
0.287622 9.9991E-05 0.0215546 0.531823 0.130908 0.0279921
0.10406 0.351215 0.0257735 0.377885 0.140967 9.9991E-05
0.0624704 0.538061 9.9982E-05 0.184829 0.214439 9.9982E-05
0.0184387 0.308609 0.0552514 0.397701 0.152087 0.0679133
0.286372 9.9991E-05 0.133359 0.303268 0.19822 0.0786807
0.277745 0.00185353 9.9982E-05 0.66545 0.0547509 9.9982E-05
0.00256097 0.369636 0.0856657 0.409453 0.132585 9.9991E-05
0.2029 9.9982E-05 0.0838131 0.582101 0.130987 9.9982E-05
0.237619 9.9982E-05 0.0782734 0.528809 0.155098 9.9982E-05
0.171406 0.166741 9.9991E-05 0.35912 0.231078 0.0715548
0.152628 0.235658 9.9982E-05 0.374338 0.237176 9.9982E-05
0.098271 0.0515594 0.0811564 0.575744 0.127783 0.0654858
0.0769612 0.316269 9.9991E-05 0.393833 0.142863 0.0699735
9.9982E-05 0.392539 0.0251316 0.447303 0.134826 9.9982E-05
0.0580076 0.604888 9.9982E-05 0.161687 0.175217 9.9982E-05
0.147494 0.0630455 0.0330526 0.633219 0.115089 0.00810054
0.269007 9.9991E-05 0.053708 0.462378 0.17612 0.0386867
0.722844 9.9973E-05 9.9973E-05 0.183014 0.0938421 9.9973E-05
0.101902 0.0603361 9.9991E-05 0.582578 0.166631 0.0884526
0.30177 0.00950521 0.158069 0.456274 0.0605322 0.0138496
0.164104 0.155686 0.0141088 0.425582 0.201214 0.0393052
0.123028 0.0975852 0.105778 0.459549 0.153571 0.0604885
0.523015 0.111237 9.9973E-05 9.9973E-05 0.365449 9.9973E-05
0.619141 0.0554351 9.9973E-05 9.9973E-05 0.325124 9.9973E-05
0.410743 0.0839717 9.9982E-05 0.312268 0.192817 9.9982E-05
0.465223 0.160292 9.9982E-05 0.0523129 0.321972 9.9982E-05
0.350622 0.197069 9.9973E-05 9.9973E-05 0.452009 9.9973E-05
0.324922 0.0527376 9.9982E-05 0.418012 0.204129 9.9982E-05
0.210005 0.155794 0.0303639 0.351686 0.252051 9.9991E-05
0.392598 0.131338 0.00372924 0.182105 0.29013 9.9991E-05
0.528343 0.127863 9.9982E-05 0.0695664 0.274028 9.9982E-05
0.21265 0.153088 9.9991E-05 0.455223 0.158772 0.0201674
0.470534 0.132442 9.9982E-05 0.165863 0.230961 9.9982E-05
0.57824 0.056232 9.9973E-05 9.9973E-05 0.365228 9.9973E-05
0.08217 0.153996 0.0815548 0.458057 0.110507 0.113715
0.280923 0.159331 9.9982E-05 0.355648 0.203898 9.9982E-05
0.0877056 0.137871 9.9991E-05 0.4233 0.322431 0.0285928
9.9982E-05 0.213887 0.00575925 0.593511 0.186642 9.9982E-05
0.0937627 0.19333 0.0202324 0.528927 0.163647 9.9991E-05
0.099213 0.210208 0.00723171 0.50028 0.182334 0.000733796
0.00750316 0.182963 0.0740888 0.316452 0.381761 0.0372324
0.0336365 0.203779 0.0425865 0.503654 0.216243 9.9991E-05
0.0123651 0.213 0.0139624 0.467135 0.268944 0.0245937
0.162539 0.247244 9.9991E-05 0.297829 0.238918 0.0533693
0.0695074 0.122567 0.0921824 0.300961 0.213623 0.201159
0.0779998 0.140368 0.0176843 0.462994 0.199093 0.101861
0.137976 0.14611 0.0612402 0.52301 0.131564 9.9991E-05
0.0393943 0.112474 0.00872709 0.545777 0.163475 0.130153
0.0675346 0.207521 9.9982E-05 0.409366 0.315378 9.9982E-05
0.0473936 0.164228 9.9991E-05 0.522595 0.241712 0.0239721
0.268837 0.314576 9.9982E-05 0.059584 0.356804 9.9982E-05
0.0767541 0.12139 0.00910788 0.567068 0.191382 0.0342981
0.232602 0.291717 9.9982E-05 0.182693 0.292788 9.9982E-05
0.00764878 0.0036737 0.191122 9.9982E-05 0.797356 9.9982E-05
9.9973E-05 9.9973E-05 0.805229 0.166729 0.0277419 9.9973E-05
9.996E-05 9.996E-05 0.9995 9.996E-05 9.996E-05 9.996E-05
9.996E-05 9.996E-05 0.9995 9.996E-05 9.996E-05 9.996E-05
9.9964E-05 9.9964E-05 0.962158 0.0374419 9.9964E-05 9.9964E-05
9.9964E-05 0.0100642 0.989536 9.9964E-05 9.9964E-05 9.9964E-05
9.9964E-05 9.9964E-05 0.978875 0.0207253 9.9964E-05 9.9964E-05
9.996E-05 9.996E-05 0.9995 9.996E-05 9.996E-05 9.996E-05
9.9964E-05 9.9964E-05 0.848991 9.9964E-05 0.150609 9.9964E-05
9.9982E-05 9.9982E-05 0.0702297 0.015763 0.900218 0.0135889
9.9973E-05 9.9973E-05 0.144495 0.0848472 0.770358 9.9973E-05
0.00249278 0.0162652 0.0536965 0.0193391 0.874969 0.0332379
0.0403869 9.9982E-05 0.072122 0.0239942 0.863297 9.9982E-05
9.9973E-05 9.9973E-05 0.0530901 0.0283362 0.918274 9.9973E-05
9.9991E-05 0.00895423 0.0359642 0.0334103 0.902498 0.0190729
0.0105899 0.0812749 0.00305615 0.104984 0.761085 0.0390099
9.9964E-05 9.9964E-05 9.9964E-05 0.105559 0.894042 9.9964E-05
0.0585123 0.0719067 0.0472066 0.0992479 0.7165 0.00662695
9.9973E-05 0.0540539 9.9973E-05 0.0324637 0.913182 9.9973E-05
0.0156372 9.9964E-05 9.9964E-05 9.9964E-05 0.983963 9.9964E-05
9.9991E-05 0.0239624 0.0262898 0.0451256 0.876231 0.028291
9.9964E-05 9.9964E-05 9.9964E-05 9.9964E-05 0.983354 0.0162465
0.0227819 9.9973E-05 9.9973E-05 0.0361708 0.940747 9.9973E-05
9.9982E-05 0.021942 9.9982E-05 0.049091 0.921788 0.0069789
9.9973E-05 0.0149752 9.9973E-05 0.0548397 0.929885 9.9973E-05
9.9973E-05 0.0677598 9.9973E-05 0.0746893 0.857251 9.9973E-05
9.9973E-05 0.0521521 9.9973E-05 0.0922213 0.855327 9.9973E-05
9.9973E-05 0.0747543 9.9973E-05 0.109399 0.815547 9.9973E-05
0.254453 9.9991E-05 0.136853 0.42246 0.140215 0.045919
0.181844 9.9991E-05 0.0125754 0.685946 0.10918 0.0103548
0.115397 0.0306572 0.0380821 0.636385 0.111438 0.0680406
0.709133 9.9982E-05 9.9982E-05 0.130589 0.0939014 0.0661771
0.249968 9.9982E-05 0.145162 0.508589 0.0960809 9.9982E-05
0.776316 9.9973E-05 9.9973E-05 0.111334 0.11205 9.9973E-05
0.215004 9.9973E-05 9.9973E-05 0.679659 0.105037 9.9973E-05
0.24472 9.9991E-05 0.121014 0.40707 0.143127 0.0839686
0.256681 9.9982E-05 0.0620371 0.516815 0.164267 9.9982E-05
9.9991E-05 0.0282164 0.0513497 0.387473 0.0571365 0.475725
0.206049 9.9991E-05 0.104948 0.476043 0.125222 0.0876376
0.231033 9.9982E-05 0.00995948 0.661667 0.0971408 9.9982E-05
0.258678 9.9982E-05 0.084277 0.581411 0.0754335 9.9982E-05
0.317926 0.0825402 0.431704 0.0117063 9.9991E-05 0.156023
0.854794 9.9982E-05 0.025302 0.0258127 0.0938909 9.9982E-05
0.715247 9.9973E-05 9.9973E-05 0.186191 0.098262 9.9973E-05
0.166374 9.9991E-05 0.0508897 0.611519 0.157344 0.0137729
0.407996 0.00176819 9.9991E-05 0.510017 0.0694526 0.0106666
0.254852 9.9982E-05 9.9982E-05 0.651071 0.0676784 0.0261983
0.156824 0.0388238 0.0351312 0.634137 0.115661 0.0194237
0.0638339 0.166598 0.0687077 0.453189 0.226478 0.0211929
0.0573974 0.146203 9.9982E-05 0.591375 0.204825 9.9982E-05
0.0841883 0.143982 0.203521 0.16899 0.381536 0.0177834
0.0504828 0.0440986 0.135384 0.60857 0.156109 0.0053551
0.100073 0.0728067 0.0950492 0.435637 0.242522 0.0539123
0.44441 0.174784 9.9973E-05 9.9973E-05 0.380507 9.9973E-05
0.2394 0.221557 9.9991E-05 0.268223 0.270154 0.000565076
0.0897803 0.194514 0.0941567 0.281952 0.339497 9.9991E-05
0.0319158 0.0428019 0.125178 0.427776 0.339691 0.0326385
0.0960979 0.138228 0.105822 0.483262 0.1495 0.0270904
0.0917193 0.0745595 0.0295442 0.57022 0.205248 0.0287083
0.0647628 0.0594348 0.013318 0.640942 0.217167 0.0043759
0.132368 0.124652 0.0398812 0.438664 0.166333 0.0981011
0.0595191 0.106776 0.0638259 0.263939 0.487412 0.0185282
