9.9982E-05 0.880643 9.9982E-05 0.119157
9.9982E-05 0.929685 9.9982E-05 0.0701152
9.999E-05 0.8605 0.0387837 0.100617
9.999E-05 0.804688 0.0749479 0.120264
9.999E-05 0.872386 0.0297136 0.0978001
0.112097 0.688711 0.0824813 0.116711
0.111946 0.820992 0.0154189 0.0516433
0.131773 0.761825 0.0406478 0.0657542
0.0306233 0.901313 0.0679632 9.9991E-05
0.110583 0.768682 0.0330902 0.0876441
0.0745532 0.737536 0.0865205 0.10139
0.124192 0.122806 0.690213 0.0627898
0.0249976 0.0325212 0.644831 0.29765
0.096729 0.109279 0.678632 0.11536
0.045704 0.109068 0.656596 0.188632
0.0452521 0.0910979 0.570589 0.293061
0.0944141 9.9991E-05 0.54414 0.361346
0.117995 0.0176455 0.614524 0.249835
0.086984 0.181681 0.573182 0.158153
0.11516 0.158233 0.726507 9.9991E-05
0.14251 0.0318001 0.605752 0.219938
0.281915 0.0362058 0.417086 0.264793
0.0779386 0.0272847 0.608813 0.285963
0.119547 0.12884 0.629186 0.122427
0.107629 0.00189792 0.483245 0.407228
0.0374583 0.00104386 0.662032 0.299466
0.0791303 0.127925 0.736038 0.0569069
0.0354741 0.111147 0.701349 0.15203
0.136982 0.109862 0.728335 0.0248206
9.9982E-05 0.844471 9.9982E-05 0.155329
9.9991E-05 0.825959 0.0335759 0.140365
9.9991E-05 0.769882 0.0384479 0.19157
0.000685458 0.723834 0.0260477 0.249433
0.215212 0.0353022 0.49919 0.250296
0.17961 0.022852 0.507656 0.289882
0.286205 9.9991E-05 0.437221 0.276474
0.0886494 0.150912 0.760339 9.9991E-05
0.591929 9.9991E-05 0.291744 0.116227
0.111758 0.00558167 0.563747 0.318913
0.147892 9.9991E-05 0.485016 0.366991
0.207644 0.0700146 0.436516 0.285825
0.12443 0.0438809 0.501493 0.330196
0.301598 0.039936 0.658366 9.9991E-05
0.26453 9.9991E-05 0.350254 0.385116
0.172179 0.00347325 0.453241 0.371107
0.180946 0.0521658 0.354617 0.412271
0.504317 9.9991E-05 0.359652 0.135931
0.112468 9.9991E-05 0.545107 0.342325
0.160903 0.0672498 0.428914 0.342934
0.843204 0.107585 0.0491109 9.9991E-05
0.138827 0.103108 0.757965 9.9991E-05
0.514367 0.0920033 0.327571 0.0660591
0.148146 9.9991E-05 0.467223 0.384531
0.139296 9.9991E-05 0.48499 0.375613
0.203411 0.0202371 0.372776 0.403576
0.0829448 0.207577 0.673719 0.0357592
0.10431 0.00343359 0.624878 0.267379
0.0808615 0.0436704 0.530918 0.34455
0.12463 0.10007 0.574731 0.200569
0.168616 0.246586 0.579198 0.00559971
0.115414 0.033172 0.536554 0.314861
0.125245 0.0472535 0.546554 0.280948
0.127042 0.185183 0.687675 9.9991E-05
0.0931694 0.0164851 0.729207 0.161138
0.226367 9.9991E-05 0.422628 0.350905
0.0511504 0.0416395 0.58369 0.32352
0.147268 0.132569 0.608112 0.112051
0.153562 0.0286528 0.536167 0.281618
0.103748 9.9991E-05 0.565555 0.330598
0.166757 0.122244 0.692189 0.0188099
0.214521 9.9991E-05 0.533767 0.251613
0.326651 9.9991E-05 0.602786 0.0704633
0.131875 0.0486998 0.504376 0.315049
0.752807 9.9982E-05 0.246993 9.9982E-05
0.746506 9.9982E-05 0.253294 9.9982E-05
0.580696 9.9991E-05 0.332238 0.0869662
0.199671 9.9991E-05 0.600738 0.199491
0.149181 0.0423541 0.487667 0.320798
0.330759 9.9991E-05 0.409108 0.260033
0.276686 0.0495305 0.665519 0.00826472
0.276922 0.0102906 0.659705 0.0530822
0.204972 0.0253583 0.451103 0.318567
0.254573 9.9991E-05 0.585201 0.160126
0.191199 9.9991E-05 0.593984 0.214717
0.39194 9.9991E-05 0.387682 0.220278
0.843901 0.0564009 0.0995985 9.9991E-05
0.20025 9.9991E-05 0.479699 0.319952
9.9991E-05 0.821442 0.0851403 0.0933179
9.9982E-05 0.878263 9.9982E-05 0.121537
9.9991E-05 0.816774 0.00157734 0.181549
9.9982E-05 0.880752 9.9982E-05 0.119048
9.9982E-05 0.915064 9.9982E-05 0.0847359
9.9982E-05 0.8439 9.9982E-05 0.1559
9.9982E-05 0.887522 9.9982E-05 0.112278
0.153292 0.0217902 0.493571 0.331347
0.131459 0.0644254 0.431501 0.372614
0.385796 0.0828351 0.531269 9.9991E-05
0.132802 0.0194036 0.515386 0.332408
0.233328 0.0137519 0.616874 0.136047
0.183263 0.00142611 0.549818 0.265493
0.330101 9.9991E-05 0.397929 0.271869
0.256787 9.9991E-05 0.458981 0.284132
0.335902 0.0675726 0.596425 9.9991E-05
0.189739 0.0578941 0.449698 0.302669
0.0889057 9.9991E-05 0.56361 0.347384
0.180904 0.046574 0.441755 0.330767
0.529306 9.9991E-05 0.354934 0.11566
0.337057 9.9991E-05 0.403602 0.259241
0.149631 9.9991E-05 0.639502 0.210767
0.433443 9.9991E-05 0.371437 0.19502
0.156824 9.9991E-05 0.651791 0.191286
0.162794 0.0507204 0.489562 0.296923
0.297063 0.078733 0.483119 0.141085
0.102576 0.108875 0.625267 0.163282
0.118368 0.0852125 0.453389 0.343031
0.160705 0.0356344 0.461293 0.342368
0.0631321 0.0460169 0.687584 0.203267
0.0549877 0.00380686 0.594596 0.34661
0.00744268 0.0769841 0.755349 0.160224
0.240024 0.0576469 0.399943 0.302386
0.0805197 0.0242956 0.534706 0.360479
0.0785589 0.00551623 0.606473 0.309452
0.0371382 0.00055576 0.71755 0.244756
0.149363 0.00277645 0.443678 0.404182
0.148135 0.0551832 0.452684 0.343998
0.173449 9.9991E-05 0.470843 0.355608
0.133204 0.0230108 0.47614 0.367645
0.147592 9.9991E-05 0.496131 0.356177
0.355403 0.115694 0.34711 0.181793
0.0851979 0.0118765 0.519341 0.383584
0.0999692 9.9991E-05 0.508176 0.391755
0.0638279 0.103932 0.798821 0.0334196
0.515555 0.0913036 0.32844 0.0647013
0.159421 0.0481467 0.537858 0.254574
0.622913 0.0324593 0.344527 9.9991E-05
0.0521195 0.0583424 0.799737 0.0898008
0.0654422 0.00353893 0.790295 0.140724
0.0628069 0.0660456 0.761792 0.109356
0.073533 0.038437 0.80321 0.0848196
0.100687 0.030456 0.575161 0.293695
0.125328 0.0511752 0.501663 0.321834
0.0931204 0.0326766 0.577649 0.296554
0.459172 0.0889773 0.441203 0.0106482
0.176848 0.093209 0.418799 0.311144
0.339465 0.0658979 0.309143 0.285494
0.780386 0.219414 9.9982E-05 9.9982E-05
0.210656 0.0129546 0.375653 0.400736
0.530085 0.0967887 0.211045 0.162081
0.27426 0.0747403 0.306066 0.344934
0.550863 0.177599 0.234506 0.0370307
0.691838 0.166733 0.141329 9.9991E-05
0.412894 0.0662673 0.318604 0.202235
0.223223 0.088351 0.378832 0.309594
0.26366 0.152516 0.310878 0.272947
0.617388 0.142612 0.174922 0.0650779
0.253154 0.060029 0.352974 0.333843
0.630367 9.9991E-05 0.298847 0.0706858
0.444342 9.9991E-05 0.379305 0.176253
0.183736 0.0586636 0.362107 0.395494
0.259295 0.400931 9.9991E-05 0.339674
0.313328 0.618205 9.9991E-05 0.0683668
0.346964 0.604745 9.9991E-05 0.0481913
0.26675 0.429035 9.9991E-05 0.304115
0.337019 9.9991E-05 0.372127 0.290753
0.15758 0.00563962 0.468785 0.367996
9.9982E-05 9.9982E-05 0.151136 0.848664
0.057989 0.0453048 0.263201 0.633505
0.00592311 0.0538983 0.323306 0.616873
0.647037 0.0682632 0.175352 0.109348
0.281441 0.0644176 0.352021 0.30212
0.705655 0.0146872 0.217443 0.0622151
0.364729 9.9991E-05 0.313256 0.321915
0.422002 0.00940344 0.295629 0.272965
0.410045 9.9991E-05 0.289333 0.300523
0.790367 0.0618847 0.0882014 0.0595464
0.242686 9.9991E-05 0.343941 0.413273
0.23221 0.0251024 0.369974 0.372713
9.9982E-05 0.0768644 9.9982E-05 0.922936
0.00835141 0.0723065 9.9991E-05 0.919242
0.0568886 0.100963 0.138939 0.703209
0.00372503 0.0136593 0.154813 0.827803
0.00670722 0.0606725 0.0341992 0.898421
9.9982E-05 0.0857791 9.9982E-05 0.914021
9.9982E-05 0.0889267 9.9982E-05 0.910873
9.9991E-05 0.0140134 0.0324042 0.953482
9.9982E-05 0.109682 9.9982E-05 0.890118
9.9982E-05 0.0698181 9.9982E-05 0.929982
9.9982E-05 0.0726674 9.9982E-05 0.927133
9.9991E-05 0.0651815 0.0393527 0.895366
0.0138687 0.13648 0.0182613 0.83139
9.9982E-05 0.0638345 9.9982E-05 0.935965
0.0733831 0.0963173 0.243366 0.586934
9.9991E-05 0.103157 0.099509 0.797235
9.9982E-05 0.108997 9.9982E-05 0.890803
9.9982E-05 0.0754842 9.9982E-05 0.924316
9.9982E-05 0.0389606 9.9982E-05 0.960839
9.9982E-05 0.0825014 9.9982E-05 0.917299
9.9982E-05 0.0832345 9.9982E-05 0.916566
9.9991E-05 0.102413 0.103083 0.794404
9.9982E-05 0.0916219 9.9982E-05 0.908178
0.612765 0.386571 9.9991E-05 0.000564251
0.292366 0.213007 0.165471 0.329157
0.30858 0.153543 0.220078 0.317799
0.528794 0.276317 9.9991E-05 0.194789
0.249304 0.109854 0.294488 0.346353
0.522871 0.327061 9.9991E-05 0.149968
0.190881 0.164113 0.315381 0.329625
0.432727 0.194401 0.0815314 0.29134
0.249269 0.160506 0.171774 0.418451
0.38685 0.209751 0.0869933 0.316405
0.219199 0.18839 0.243182 0.349228
9.9991E-05 0.867715 0.0406371 0.0915483
9.9982E-05 0.872764 9.9982E-05 0.127036
9.9982E-05 0.944374 9.9982E-05 0.055426
9.9982E-05 0.947819 9.9982E-05 0.0519808
9.9991E-05 0.881911 0.0226989 0.0952904
9.9982E-05 0.932557 9.9982E-05 0.067243
9.9982E-05 0.888895 9.9982E-05 0.110905
9.9991E-05 0.930667 0.00222928 0.0670039
9.9991E-05 0.884412 0.0218502 0.0936383
0.00826715 0.901464 9.9991E-05 0.0901686
0.0371962 0.692518 0.270186 9.9991E-05
0.00177584 0.698035 0.300089 9.9991E-05
0.0856768 0.629132 0.285091 9.9991E-05
0.0863987 0.549248 0.364253 9.9991E-05
0.151913 0.0155289 0.586465 0.246092
0.189501 9.9991E-05 0.519769 0.29063
0.0662397 9.9991E-05 0.667661 0.265999
0.120419 0.0334665 0.695587 0.150527
0.102775 0.0811083 0.806888 0.00922867
0.135089 9.9991E-05 0.529408 0.335403
0.136362 9.9991E-05 0.583607 0.279931
0.300842 9.9991E-05 0.439023 0.260036
0.451392 9.9991E-05 0.368189 0.180319
0.176894 9.9991E-05 0.4573 0.365706
0.198071 9.9991E-05 0.609737 0.192093
0.764587 9.9982E-05 0.235213 9.9982E-05
0.147209 9.9991E-05 0.539223 0.313468
0.709596 9.9991E-05 0.249837 0.0404674
0.275765 9.9991E-05 0.451051 0.273084
0.280677 0.0265 0.692723 9.9991E-05
0.0374579 0.318659 0.643783 9.9991E-05
0.0606248 0.285585 0.65369 9.9991E-05
0.0823522 0.276125 0.641423 9.9991E-05
0.0294198 0.292175 0.678305 9.9991E-05
0.0216549 0.209245 0.769 9.9991E-05
0.0204248 0.251335 0.72814 9.9991E-05
9.9991E-05 0.848126 0.00362438 0.148149
9.9991E-05 0.788451 0.0618919 0.149557
9.9991E-05 0.743437 0.0650495 0.191413
9.9991E-05 0.828104 0.0286525 0.143143
9.9991E-05 0.7411 0.0525469 0.206253
0.0399554 0.514809 0.445136 9.9991E-05
0.0264082 0.561085 0.412407 9.9991E-05
9.9982E-05 0.541512 0.458288 9.9982E-05
9.9991E-05 0.796876 0.0640655 0.138958
0.013607 0.53203 0.454263 9.9991E-05
0.183925 0.288389 0.0354406 0.492245
0.0932495 0.135542 0.272358 0.498851
9.9991E-05 0.140915 0.272674 0.586311
0.208677 0.272088 0.0627129 0.456523
0.118473 0.0988529 0.364114 0.418561
0.198613 0.524608 9.9991E-05 0.276679
0.0939314 0.0273803 0.70358 0.175109
0.355706 9.9991E-05 0.447002 0.197192
0.0726571 0.0793574 0.809994 0.0379914
0.325077 9.9991E-05 0.412212 0.262611
0.755233 0.0666888 0.177978 9.9991E-05
0.17376 0.0111294 0.450074 0.365036
0.246148 0.0199365 0.452091 0.281825
0.12114 0.0811055 0.73628 0.0614753
0.0967985 0.0481755 0.573942 0.281084
0.544044 0.0324327 0.423423 9.9991E-05
0.239892 9.9991E-05 0.473279 0.286728
0.0737239 0.00453439 0.685831 0.235911
0.233143 0.0726525 0.304726 0.389479
0.346698 0.0166349 0.484366 0.152301
0.304686 9.9991E-05 0.48959 0.205624
0.208263 9.9991E-05 0.501074 0.290563
0.258872 9.9991E-05 0.500947 0.240081
0.193418 9.9991E-05 0.40016 0.406322
0.142035 0.0319161 0.499453 0.326596
0.114967 0.0308666 0.568683 0.285483
9.9982E-05 0.797515 9.9982E-05 0.202285
9.9991E-05 0.850583 0.0211879 0.12813
0.00717127 0.87754 0.0112901 0.103999
9.9982E-05 0.881369 9.9982E-05 0.118432
9.9991E-05 0.884313 0.00871691 0.10687
0.128094 0.152034 0.719773 9.9991E-05
0.233486 9.9991E-05 0.421323 0.345092
0.18154 0.158829 0.197746 0.461885
0.00151174 9.9991E-05 0.6271 0.371288
0.0479368 0.0177391 0.693933 0.240391
0.429771 0.0315315 0.42876 0.109937
0.0211997 0.219489 0.759211 9.9991E-05
0.0309252 0.0553261 0.710373 0.203375
0.0505889 0.131644 0.740123 0.0776446
0.29394 0.0167946 0.4632 0.226066
0.05252 0.190842 0.756538 9.9991E-05
0.0210368 0.0559609 0.614307 0.308695
0.089992 0.15165 0.758258 9.9991E-05
0.348029 0.0738377 0.413569 0.164564
0.273958 0.0470031 0.371804 0.307235
0.625025 0.0643603 0.236011 0.0746037
0.364744 0.0258107 0.3083 0.301145
0.234039 0.0945749 0.388861 0.282526
0.719873 0.0685749 0.172153 0.0393985
0.202323 0.0527787 0.42021 0.324689
0.394664 0.0439019 0.33858 0.222854
0.805134 0.0575598 0.137207 9.9991E-05
0.776027 0.102827 0.121046 9.9991E-05
0.4302 0.0327552 0.368279 0.168765
0.830073 0.0790679 0.0907595 9.9991E-05
0.440019 9.9991E-05 0.356171 0.203709
9.9982E-05 0.116211 0.883589 9.9982E-05
0.359986 0.00707082 0.507835 0.125108
9.9991E-05 0.0649941 0.740721 0.194185
0.0322793 0.00389815 0.652881 0.310941
0.0830416 0.0651539 0.819258 0.0325464
0.194403 0.0180382 0.452262 0.335297
0.0636542 9.9991E-05 0.623249 0.312996
0.18566 9.9991E-05 0.540341 0.273899
0.104259 0.0117697 0.611666 0.272305
0.0105617 0.0197744 0.748648 0.221016
0.0588941 0.0819811 0.775177 0.0839482
0.0116208 0.0277255 0.765574 0.195079
0.145008 9.9991E-05 0.53536 0.319531
0.159986 9.9991E-05 0.460072 0.379842
0.241293 0.113803 0.430386 0.214519
0.16564 9.9991E-05 0.532238 0.302022
0.00583153 0.0724007 0.754504 0.167264
0.0754867 9.9991E-05 0.621427 0.302986
0.0727996 0.0438078 0.622329 0.261064
0.0986447 0.039597 0.505045 0.356713
0.0332871 0.301051 0.258329 0.407332
0.132277 0.105539 0.331859 0.430325
0.160169 0.161813 0.308892 0.369126
0.173185 0.0621298 0.329462 0.435223
0.163248 0.158605 0.215448 0.462699
0.348158 9.9991E-05 0.432776 0.218965
0.1144 0.106774 0.35974 0.419085
0.50476 0.313073 0.00657946 0.175588
0.174935 0.0480368 0.340734 0.436294
0.141425 0.0991739 0.306512 0.45289
0.159065 0.0778117 0.327888 0.435236
0.365243 0.219061 0.139997 0.275699
0.0934618 0.110181 0.344613 0.451745
0.163629 0.117837 0.243994 0.47454
0.335079 0.594698 9.9991E-05 0.070123
0.075167 0.12597 0.323874 0.47499
0.127839 0.10914 0.246678 0.516344
0.148421 0.0558439 0.36269 0.433045
0.150808 0.143929 0.16773 0.537533
0.0891788 0.173772 0.35696 0.380089
0.416811 9.9991E-05 0.334861 0.248228
0.281797 0.0196369 0.377174 0.321393
0.95174 0.0196892 0.0284703 9.9991E-05
0.887114 0.04961 0.0631761 9.9991E-05
0.34019 0.0374173 0.300258 0.322134
0.248402 0.133008 0.0999843 0.518605
0.313817 0.150586 0.0346265 0.50097
0.361515 0.21704 9.9991E-05 0.421346
0.285762 0.176404 0.0620676 0.475767
0.761889 0.15722 9.9991E-05 0.0807909
0.707117 0.13222 0.0120309 0.148632
0.366543 9.9991E-05 0.276944 0.356413
0.427627 0.0471166 0.179092 0.346165
0.607801 0.0779572 0.148368 0.165874
0.256748 9.9991E-05 0.370217 0.372935
0.341059 9.9991E-05 0.261731 0.39711
0.273907 0.0318451 0.336753 0.357495
0.626219 9.9991E-05 0.231295 0.142386
0.477852 0.0169492 0.303569 0.20163
0.358465 9.9991E-05 0.329096 0.312339
0.378356 0.0217562 0.347818 0.25207
0.221749 0.0363516 0.386693 0.355206
0.48237 9.9991E-05 0.31336 0.204171
0.748584 0.0101786 0.180039 0.0611977
0.372136 9.9991E-05 0.281844 0.345921
0.737456 0.0011161 0.204841 0.0565874
0.485915 0.00395927 0.289419 0.220706
0.312217 0.00652326 0.359349 0.32191
0.320578 0.0461381 0.344096 0.289188
0.178111 0.128886 0.2839 0.409103
0.244394 0.132621 0.236208 0.386777
0.215122 0.231065 0.100471 0.453342
0.217927 0.210289 0.146131 0.425653
0.126451 0.0946767 0.353713 0.425159
0.257365 0.123867 0.205326 0.413442
0.671445 0.265574 9.9991E-05 0.0628806
0.185113 0.0444597 0.238628 0.531799
0.535183 0.438937 9.9991E-05 0.0257804
0.348623 0.00994803 0.1885 0.452928
0.886454 0.0142445 0.0921038 0.00719756
0.928314 0.0323765 0.0392094 9.9991E-05
0.497752 9.9991E-05 0.274358 0.22779
0.353782 9.9991E-05 0.294189 0.35193
0.527478 9.9991E-05 0.284984 0.187439
0.392526 9.9991E-05 0.283231 0.324144
0.427971 9.9991E-05 0.277691 0.294238
9.9991E-05 0.877099 0.0367342 0.0860665
0.0157434 0.780384 0.0938497 0.110023
9.9982E-05 0.909482 9.9982E-05 0.0903184
9.9982E-05 0.911527 9.9982E-05 0.0882727
0.251002 9.9991E-05 0.436036 0.312862
0.198812 9.9991E-05 0.525832 0.275256
0.119327 9.9991E-05 0.631958 0.248615
0.122918 9.9991E-05 0.556484 0.320499
0.196019 0.0239341 0.449535 0.330512
0.250591 0.00463545 0.644654 0.10012
0.158296 9.9991E-05 0.523983 0.317621
0.555765 9.9991E-05 0.329197 0.114938
0.00109116 0.28092 0.317065 0.400924
0.393492 9.9991E-05 0.394203 0.212205
0.282053 9.9991E-05 0.623589 0.094258
0.318427 9.9991E-05 0.446106 0.235367
0.173528 9.9991E-05 0.6235 0.202872
0.288956 9.9991E-05 0.412924 0.298019
0.194956 9.9991E-05 0.534928 0.270016
0.762121 9.9982E-05 0.237679 9.9982E-05
0.534368 9.9991E-05 0.328516 0.137015
0.484458 9.9991E-05 0.325949 0.189492
0.906522 9.9982E-05 0.0932778 9.9982E-05
0.242499 9.9991E-05 0.561997 0.195404
0.738082 9.9982E-05 0.261718 9.9982E-05
0.857658 0.0131228 0.129119 9.9991E-05
0.273471 9.9991E-05 0.393327 0.333102
0.312247 0.0495099 0.602686 0.0355571
0.245841 9.9991E-05 0.545544 0.208515
0.183642 0.000507718 0.429879 0.385971
0.161737 9.9991E-05 0.5902 0.247963
0.315079 0.00176023 0.515195 0.167965
0.143444 9.9991E-05 0.57353 0.282926
0.178323 9.9991E-05 0.580352 0.241225
0.472804 9.9991E-05 0.383057 0.144039
0.224485 0.0217294 0.442896 0.31089
0.0117355 0.765251 0.222914 9.9991E-05
0.0456164 0.817256 0.137027 9.9991E-05
9.9982E-05 0.894333 0.105467 9.9982E-05
9.9982E-05 0.88214 0.11766 9.9982E-05
9.9991E-05 0.790927 0.200412 0.00856156
0.288922 0.0643157 0.640167 0.00659497
0.310254 0.0524478 0.637198 9.9991E-05
0.603435 9.9991E-05 0.31197 0.0844943
0.224696 0.0248021 0.392534 0.357967
0.187696 0.0322063 0.421945 0.358153
0.553244 9.9991E-05 0.316588 0.130068
0.211095 9.9991E-05 0.427819 0.360986
0.38971 9.9991E-05 0.34898 0.26121
0.208062 9.9991E-05 0.557983 0.233855
0.136612 9.9991E-05 0.514092 0.349197
0.283588 9.9991E-05 0.640922 0.07539
0.205276 9.9991E-05 0.710857 0.0837675
0.304805 0.00270462 0.587608 0.104883
0.169299 0.0680201 0.424068 0.338612
0.193874 9.9991E-05 0.653722 0.152304
0.219389 9.9991E-05 0.57122 0.209292
0.0822323 0.0755094 0.236875 0.605384
0.0880082 0.130554 0.145577 0.635861
0.0436867 0.105202 0.189337 0.661775
0.0928817 0.17998 0.0407534 0.686385
0.0770802 0.0889181 0.238985 0.595017
0.413401 0.0177254 0.288985 0.279889
0.0288008 0.339412 9.9991E-05 0.631688
0.0533692 0.180682 0.0883231 0.677625
0.300662 0.174052 0.178027 0.34726
0.237684 0.0969606 0.398129 0.267226
0.265619 0.113637 0.360278 0.260466
0.22258 0.0672859 0.392511 0.317623
0.157306 0.0870093 0.414277 0.341407
9.9991E-05 0.163527 0.156507 0.679866
0.0695785 0.159452 0.199946 0.571023
9.9991E-05 0.105662 0.120699 0.773539
0.116678 0.116307 0.231433 0.535582
0.121381 0.22526 0.0332661 0.620092
0.146025 0.115571 0.191154 0.54725
0.0987596 0.188242 9.9991E-05 0.712898
0.119104 0.0830582 0.243187 0.55465
0.380585 0.0825321 0.275417 0.261466
0.162061 0.144268 0.116378 0.577294
0.0449367 0.286987 9.9991E-05 0.667976
0.0896164 0.0997467 0.209373 0.601264
0.29485 0.220955 0.398837 0.0853578
0.333226 9.9991E-05 0.287246 0.379428
0.0767638 0.154592 0.17907 0.589574
0.186766 0.127748 0.421492 0.263994
0.225952 0.156062 0.354411 0.263575
0.204137 0.220015 0.176275 0.399573
0.211141 0.214645 0.110101 0.464113
0.173772 0.0924244 0.380727 0.353077
0.0724081 0.163624 0.236328 0.52764
0.0286159 0.10952 0.2137 0.648164
0.0630688 0.232021 9.9991E-05 0.70481
0.18498 0.0358997 0.388469 0.390651
0.269825 0.148922 0.387677 0.193576
0.75093 0.20564 9.9991E-05 0.0433296
0.178101 0.0902108 0.360112 0.371576
0.385076 0.0824347 0.302431 0.230058
0.212672 0.14196 0.210896 0.434472
0.244792 0.135027 0.263052 0.357129
0.44619 0.485031 9.9991E-05 0.0686798
0.53517 0.434484 9.9991E-05 0.0302461
0.455971 0.20611 0.0849776 0.252942
0.414666 0.403072 9.9991E-05 0.182162
0.285595 0.545588 9.9991E-05 0.168717
0.410622 0.196856 0.0823221 0.3102
0.193367 0.242515 0.207103 0.357014
0.435091 0.325166 9.9991E-05 0.239643
0.520026 0.339565 9.9991E-05 0.140309
0.236749 0.142677 0.224309 0.396265
0.484194 0.299312 9.9991E-05 0.216394
0.493877 0.498838 9.9991E-05 0.00718493
0.15039 0.113568 0.337042 0.398999
0.301857 0.214719 0.124626 0.358799
0.017744 0.281904 0.299499 0.400854
0.0355709 0.0959329 0.263373 0.605123
0.160415 0.0990736 0.245091 0.49542
0.120578 0.120303 0.233483 0.525637
0.000218917 0.378041 0.239254 0.382486
0.0391496 0.167039 0.295442 0.498369
0.0727634 0.246282 0.202843 0.478112
0.270761 0.234344 0.0491063 0.445788
0.14878 0.200799 0.368964 0.281457
0.116473 0.131994 0.318487 0.433046
0.0944703 0.106164 0.340014 0.459351
0.113362 0.0804928 0.375537 0.430607
0.096479 0.265926 0.168346 0.469249
0.0663289 0.177236 0.311331 0.445105
0.224993 0.430385 9.9991E-05 0.344523
0.12387 0.131996 0.265122 0.479012
0.241497 0.326006 9.9991E-05 0.432397
9.9991E-05 0.863577 0.125984 0.0103392
9.9982E-05 0.206318 0.793482 9.9982E-05
9.9982E-05 0.201771 0.798029 9.9982E-05
9.9982E-05 0.164304 0.835496 9.9982E-05
9.9982E-05 0.155865 0.843935 9.9982E-05
9.9982E-05 0.168177 0.831623 9.9982E-05
9.9982E-05 0.129676 0.870125 9.9982E-05
9.9982E-05 0.204213 0.795587 9.9982E-05
9.9982E-05 0.313075 0.686725 9.9982E-05
9.9991E-05 0.889476 0.0596805 0.0507439
9.9991E-05 0.799883 0.128878 0.0711389
0.00493563 0.865113 0.0383701 0.0915813
9.9991E-05 0.851977 0.0799426 0.0679805
9.9991E-05 0.872206 0.0620491 0.0656453
9.9991E-05 0.878526 0.0455203 0.0758534
9.9991E-05 0.712375 0.0918332 0.195692
9.9982E-05 0.864795 9.9982E-05 0.135005
0.0188606 0.716311 0.112535 0.152293
9.9982E-05 0.877176 9.9982E-05 0.122624
9.9982E-05 0.965855 9.9982E-05 0.0339448
9.9991E-05 0.854629 0.0169589 0.128312
9.9982E-05 0.956733 9.9982E-05 0.0430667
9.9982E-05 0.906661 9.9982E-05 0.0931391
9.9982E-05 0.864911 9.9982E-05 0.134889
9.9982E-05 0.884802 9.9982E-05 0.114998
9.9982E-05 0.827114 9.9982E-05 0.172686
9.9982E-05 0.818026 9.9982E-05 0.181774
9.9982E-05 0.776891 9.9982E-05 0.222909
0.297908 0.129739 0.41278 0.159573
0.153716 9.9991E-05 0.496008 0.350176
0.144734 0.0611451 0.41612 0.378001
0.798617 0.175228 9.9991E-05 0.0260549
0.251053 0.088791 0.426798 0.233358
0.790111 0.209689 9.9982E-05 9.9982E-05
0.276495 0.0217743 0.291952 0.409778
0.302608 0.139516 0.394549 0.163327
0.265735 0.135539 0.35742 0.241306
0.215327 9.9991E-05 0.520065 0.264508
0.24159 0.108259 0.431551 0.2186
0.327901 0.0129738 0.272971 0.386154
0.242259 0.0768407 0.423814 0.257086
0.438064 0.114558 0.447278 9.9991E-05
0.813455 0.186345 9.9982E-05 9.9982E-05
0.771109 0.189458 9.9991E-05 0.0393326
0.200896 0.0507986 0.380862 0.367444
0.415953 0.0611729 0.262292 0.260582
0.374661 0.00982126 0.266166 0.349352
0.217498 0.0146131 0.3584 0.409488
0.126321 0.160352 0.299525 0.413803
0.0187511 0.150948 0.346984 0.483317
0.106522 0.437999 0.243913 0.211566
0.0723536 0.0930485 0.496155 0.338443
0.0378263 0.215143 0.420964 0.326066
0.371529 0.507302 9.9991E-05 0.121069
0.248691 0.302393 0.0409926 0.407924
0.0453754 0.36136 0.254269 0.338996
0.0389001 0.289877 0.351914 0.319309
0.104647 0.138138 0.358046 0.39917
0.120257 0.143247 0.330426 0.406069
0.0784772 0.105604 0.368622 0.447296
0.217476 0.14342 0.268515 0.370589
0.0790406 0.470269 0.158749 0.291941
