0.00334472 0.0934542 9.9991E-05 0.903101
9.9982E-05 0.0485457 9.9982E-05 0.951254
0.0291879 0.10472 9.9991E-05 0.865992
0.0989151 0.0961368 9.9991E-05 0.804848
0.0414509 0.0756617 9.9991E-05 0.882787
0.138315 0.122369 0.0823676 0.656949
0.0181038 0.0629603 0.10611 0.812826
0.0460183 0.0800913 0.134007 0.739884
9.9982E-05 9.9982E-05 0.12004 0.87976
0.0459418 0.0842703 0.0864165 0.783371
0.118648 0.066186 0.0428549 0.772311
0.608137 9.9991E-05 0.198719 0.193045
0.747026 0.159076 9.9991E-05 0.093798
0.656532 0.0573373 0.138738 0.147392
0.638685 0.0975331 0.102321 0.161461
0.663054 0.143252 0.027841 0.165853
0.690733 0.221211 0.030709 0.0573469
0.754445 0.0982138 0.051946 0.0953955
0.572701 0.0766976 0.127801 0.2228
0.455216 9.9991E-05 0.357613 0.187071
0.724136 0.104243 0.0685903 0.103031
0.606731 0.181061 0.199848 0.0123595
0.766737 0.141487 0.00159365 0.0901832
0.579694 0.0329561 0.184437 0.202912
0.669499 0.269819 9.9991E-05 0.0605824
0.752939 0.131107 0.0122195 0.103734
0.624139 9.9991E-05 0.179932 0.195829
0.621568 0.0577552 0.14918 0.171497
0.633337 9.9991E-05 0.222378 0.144185
0.00931081 0.129506 9.9991E-05 0.861083
0.0347343 0.114999 9.9991E-05 0.850166
0.0272059 0.190014 9.9991E-05 0.78268
0.107524 0.194248 9.9991E-05 0.698128
0.721437 0.117859 0.0373306 0.123374
0.726231 0.173739 0.024961 0.0750692
0.752584 0.158145 0.0891715 9.9991E-05
0.61119 9.9991E-05 0.211345 0.177365
0.552339 0.0585882 0.388972 9.9991E-05
0.673809 0.187861 0.0743334 0.0639965
0.814669 0.185131 9.9982E-05 9.9982E-05
0.686759 0.150827 0.0403594 0.122054
0.699605 0.199301 0.00812569 0.0929676
0.674581 9.9991E-05 0.259884 0.0654354
0.661284 0.254715 0.0486929 0.0353078
0.682049 0.195613 0.0958949 0.0264424
0.68972 0.203084 0.0207597 0.0864361
0.642721 0.0833782 0.273801 9.9991E-05
0.778729 0.154355 9.9991E-05 0.0668163
0.610348 0.242564 0.0597893 0.0872987
0.136692 9.9991E-05 0.845113 0.0180956
0.603032 9.9991E-05 0.283992 0.112876
0.385837 0.0767224 0.474653 0.0627879
0.663451 0.204 0.0571083 0.07544
0.637244 0.252684 0.0335108 0.0765615
0.635851 0.268662 0.0337745 0.061712
0.583065 9.9991E-05 0.176647 0.240188
0.775048 0.142798 0.0111385 0.0710156
0.731995 0.155143 9.9991E-05 0.112761
0.614704 0.112672 0.112306 0.160317
0.447666 9.9991E-05 0.268877 0.283356
0.638881 0.213095 0.0756395 0.0723842
0.663834 0.146602 0.0925276 0.0970362
0.461487 9.9991E-05 0.340464 0.197948
0.793595 0.0306672 0.0644504 0.111287
0.673855 0.225813 0.0807012 0.0196305
0.752664 0.165752 9.9991E-05 0.0814838
0.645552 0.0283646 0.15271 0.173373
0.70404 0.148613 0.0777674 0.0695793
0.721763 0.179771 0.0201712 0.0782947
0.592806 9.9991E-05 0.241458 0.165636
0.833509 0.0983168 0.0450057 0.023168
0.741919 9.9991E-05 0.209222 0.0487583
0.670395 0.157964 0.0807175 0.0909239
0.412132 9.9982E-05 0.587668 9.9982E-05
0.431669 9.9982E-05 0.568131 9.9982E-05
0.609736 0.034343 0.355821 9.9991E-05
0.847063 0.0838054 0.0320133 0.0371178
0.662787 0.207777 0.0451652 0.0842707
0.748247 0.130497 0.121156 9.9991E-05
0.712033 9.9991E-05 0.203925 0.0839426
0.757059 9.9991E-05 0.185278 0.0575627
0.71806 0.216856 0.0236076 0.0414759
0.778653 0.0371012 0.130748 0.0534975
0.827269 0.0805611 0.0640842 0.0280858
0.741104 0.107493 0.151303 9.9991E-05
0.250066 0.00473785 0.745097 9.9991E-05
0.738097 0.232119 0.0296835 9.9991E-05
0.10251 0.0525841 9.9991E-05 0.844806
9.9982E-05 0.101008 9.9982E-05 0.898792
0.0436877 0.128416 9.9991E-05 0.827796
9.9982E-05 0.106327 9.9982E-05 0.893473
9.9982E-05 0.0703872 9.9982E-05 0.929413
0.0170407 0.120715 9.9991E-05 0.862144
0.0116315 0.082307 9.9991E-05 0.905962
0.703732 0.191194 0.042215 0.0628585
0.641864 0.266712 9.9991E-05 0.0913239
0.53199 9.9991E-05 0.403216 0.0646939
0.679946 0.220626 0.0409424 0.0584851
0.805516 0.0400697 0.0884906 0.0659238
0.797999 0.139358 0.000142279 0.0625009
0.688323 0.199895 0.111682 9.9991E-05
0.727584 0.185663 0.0813976 0.00535549
0.552513 9.9991E-05 0.357423 0.0899646
0.641375 0.181273 0.0522302 0.125122
0.758205 0.18899 9.9991E-05 0.052705
0.709757 0.18864 9.9991E-05 0.101503
0.525496 0.0989228 0.375481 9.9991E-05
0.673237 0.169538 0.157125 9.9991E-05
0.841723 0.0655464 0.041407 0.0513233
0.711055 0.0814195 0.207425 9.9991E-05
0.837249 0.0407406 0.0452377 0.0767726
0.70587 0.171206 9.9991E-05 0.122824
0.546158 0.0861009 0.275994 0.0917463
0.719477 0.0432716 0.0591921 0.178059
0.674987 0.191865 9.9991E-05 0.133048
0.709059 0.172292 9.9991E-05 0.11855
0.744585 0.0851762 0.0627457 0.107493
0.74283 0.176943 0.030455 0.0497719
0.792287 0.0435642 9.9991E-05 0.164049
0.62265 0.205537 0.09743 0.0743831
0.718824 0.211844 0.017595 0.0517374
0.760503 0.145408 0.0186298 0.0754589
0.829307 0.0813766 0.00148092 0.0878354
0.669818 0.239377 0.0221692 0.0686361
0.67583 0.239001 9.9991E-05 0.0850695
0.74636 0.214317 0.0390573 0.000265879
0.659093 0.220576 0.0549544 0.0653761
0.708037 0.2187 0.0669974 0.00626556
0.476399 0.141972 0.245636 0.135994
0.692434 0.228426 0.00369703 0.0754435
0.738529 0.225683 0.0105718 0.0252163
0.620142 9.9991E-05 0.207323 0.172436
0.380548 0.0719748 0.52779 0.0196871
0.695168 0.163546 0.0401715 0.101114
0.351317 0.0390989 0.609484 9.9991E-05
0.770084 9.9991E-05 0.120872 0.108944
0.814451 0.0205734 0.0979605 0.067015
0.727164 0.0148055 0.137027 0.121003
0.741044 0.000996006 0.160467 0.0974927
0.749124 0.149518 0.0155949 0.0857626
0.681954 0.203985 0.000792591 0.113269
0.786322 0.14904 0.00639576 0.0582428
0.460345 0.026536 0.441664 0.0714553
0.652281 0.158808 0.00361503 0.185296
0.543588 0.208586 0.209676 0.0381497
0.0258651 0.0316185 0.784345 0.158171
0.676017 0.263266 0.00917123 0.0515454
0.383445 0.156452 0.358131 0.101973
0.52578 0.248717 0.132681 0.0928223
0.335936 0.0782891 0.470692 0.115083
0.221794 0.0275355 0.633122 0.117549
0.497562 0.145129 0.310489 0.0468201
0.520147 0.200247 0.162177 0.117429
0.500365 0.18468 0.16545 0.149506
0.21404 0.152171 0.572959 0.0608308
0.611359 0.229934 0.054251 0.104456
0.539584 0.0414397 0.418876 9.9991E-05
0.581724 0.138167 0.280008 9.9991E-05
0.618383 0.226217 0.118354 0.0370453
0.103562 0.343721 0.192415 0.360302
9.9991E-05 0.164789 0.359668 0.475443
9.9991E-05 0.163689 0.385633 0.450578
0.0186671 0.35955 0.269046 0.352737
0.706499 0.176532 0.116868 9.9991E-05
0.649238 0.238366 0.034026 0.07837
0.231871 0.767929 9.9982E-05 9.9982E-05
0.388591 0.564707 9.9991E-05 0.0466029
0.427747 0.511491 0.000365294 0.0603971
0.349382 0.133931 0.512811 0.00387588
0.612089 0.160843 0.118045 0.109023
0.363583 0.098452 0.537865 9.9991E-05
0.634899 0.222405 0.109632 0.0330645
0.512871 0.21073 0.262118 0.0142812
0.595659 0.206176 0.198064 9.9991E-05
0.261544 0.110988 0.627369 9.9991E-05
0.636821 0.277584 0.0790556 0.00653926
0.601584 0.243544 0.0976374 0.0572348
9.9991E-05 0.967581 0.00932093 0.0229984
0.0598175 0.927357 0.0127259 9.9991E-05
0.306003 0.617699 9.9991E-05 0.0761988
0.26438 0.73542 9.9982E-05 9.9982E-05
0.138919 0.830899 9.9991E-05 0.0300815
9.9982E-05 0.99411 9.9982E-05 0.00569052
9.9991E-05 0.942265 0.0379021 0.0197333
0.110446 0.889355 9.9982E-05 9.9982E-05
0.0121538 0.919117 0.0136315 0.0550976
9.998E-05 0.9997 9.998E-05 9.998E-05
9.998E-05 0.9997 9.998E-05 9.998E-05
0.166879 0.832921 9.9982E-05 9.9982E-05
0.0965391 0.849991 9.9991E-05 0.0533696
9.998E-05 0.9997 9.998E-05 9.998E-05
0.404852 0.475808 0.0319606 0.0873793
0.221602 0.733395 9.9991E-05 0.0449023
0.082667 0.876582 9.9991E-05 0.040651
0.0769345 0.900929 9.9991E-05 0.0220363
9.998E-05 0.9997 9.998E-05 9.998E-05
9.9982E-05 0.990166 9.9982E-05 0.0096342
9.9982E-05 0.982678 9.9982E-05 0.0171217
0.264704 0.710829 9.9991E-05 0.0243674
9.9991E-05 0.943199 0.0224003 0.0343005
9.9991E-05 0.137795 0.57715 0.284954
0.345682 0.252819 0.203495 0.198003
0.422146 0.266009 0.167034 0.144811
0.137706 0.249504 0.421461 0.191329
0.465923 0.272055 0.140162 0.12186
0.0610993 0.239967 0.45807 0.240863
0.451888 0.26343 0.14174 0.142941
0.301992 0.276681 0.2388 0.182527
0.427869 0.328303 0.131443 0.112385
0.341015 0.29331 0.222347 0.143328
0.423847 0.301002 0.114009 0.161143
0.0468948 0.0587212 9.9991E-05 0.894284
9.9982E-05 0.135399 9.9982E-05 0.864401
0.0200578 0.0352579 9.9991E-05 0.944584
9.9991E-05 0.0313849 0.00584957 0.962666
0.0336546 0.063777 9.9991E-05 0.902468
9.9982E-05 0.0479275 9.9982E-05 0.951872
0.0121598 0.0858687 9.9991E-05 0.901872
9.9991E-05 0.0515146 0.0110185 0.937367
0.0275459 0.0723487 0.0027989 0.897307
9.9991E-05 0.0891753 0.0176423 0.893082
0.101235 9.9991E-05 0.220158 0.678507
0.0996264 9.9991E-05 0.191562 0.708712
0.136222 9.9991E-05 0.240432 0.623246
0.200011 9.9991E-05 0.242126 0.557763
0.770109 0.093338 0.0529445 0.0836084
0.722852 0.140069 0.075856 0.0612232
0.828816 0.100769 0.0209409 0.049474
0.74654 0.00272352 0.147313 0.103424
0.641339 9.9991E-05 0.242222 0.116339
0.771076 0.20085 0.0121223 0.0159518
0.833142 0.166658 9.9982E-05 9.9982E-05
0.745296 0.140364 0.11424 9.9991E-05
0.66662 0.103945 0.229335 9.9991E-05
0.696041 0.238877 0.0112737 0.0538076
0.804917 0.0712081 0.117868 0.00600639
0.373167 9.9982E-05 0.626633 9.9982E-05
0.762136 0.137611 0.0110731 0.0891797
0.540201 0.00841224 0.451287 9.9991E-05
0.763694 0.150528 0.0576059 0.028172
0.687028 9.9991E-05 0.281967 0.0309054
0.326884 9.9991E-05 0.338463 0.334553
0.409574 9.9991E-05 0.302756 0.28757
0.387046 9.9991E-05 0.330522 0.282332
0.330614 9.9991E-05 0.358608 0.310678
0.490538 9.9991E-05 0.282866 0.226497
0.443744 9.9991E-05 0.29439 0.261766
0.0279819 0.117555 9.9991E-05 0.854363
0.0873951 0.094478 9.9991E-05 0.818027
0.103596 0.125957 9.9991E-05 0.770348
0.0271933 0.124317 9.9991E-05 0.84839
0.0965666 0.136778 9.9991E-05 0.766555
0.209678 9.9991E-05 0.250459 0.539764
0.187672 9.9991E-05 0.240974 0.571254
0.250367 9.9991E-05 0.181716 0.567817
0.0788147 0.099895 9.9991E-05 0.82119
0.204589 9.9991E-05 0.282733 0.512578
0.196434 0.461701 0.0970519 0.244814
0.469816 0.404245 9.9991E-05 0.125839
0.392037 0.475471 9.9991E-05 0.132391
0.243199 0.423459 0.0851548 0.248188
0.5259 0.344292 9.9991E-05 0.129708
9.9991E-05 0.338247 0.239555 0.422097
0.746828 0.0402994 0.109129 0.103743
0.608855 0.131661 0.259384 9.99931E-05
0.678216 9.9991E-05 0.18714 0.134544
0.643961 0.168673 0.187266 9.9991E-05
0.0958504 9.9982E-05 0.90395 9.9982E-05
0.712951 0.206948 9.9991E-05 0.080001
0.626532 0.18538 0.187988 9.9991E-05
0.743493 9.9991E-05 0.118577 0.13783
0.684377 0.205897 0.0125294 0.097197
0.450273 9.9991E-05 0.524232 0.0253954
0.733552 0.170243 0.0849448 0.0112609
0.77345 0.105953 0.0333568 0.0872397
0.492477 0.268221 0.154553 0.0847495
0.550393 0.0961351 0.328622 0.02485
0.595334 0.143613 0.260954 9.9991E-05
0.731914 0.178081 0.089905 9.9991E-05
0.742621 0.128347 0.128932 9.9991E-05
0.706429 0.259403 0.00566294 0.0285054
0.678113 0.184997 0.0445557 0.0923343
0.711107 0.130153 0.0220259 0.136714
0.0320425 0.145609 9.9991E-05 0.822249
0.0662089 0.0867518 9.9991E-05 0.846939
0.0681947 0.0591389 9.9991E-05 0.872566
0.0107056 0.106617 9.9991E-05 0.882577
0.0358514 0.0975032 9.9991E-05 0.866545
0.513851 9.9991E-05 0.309483 0.176566
0.64915 0.215173 0.0944902 0.0411865
0.38436 0.385158 0.113486 0.116996
0.75394 0.22343 9.9991E-05 0.0225293
0.77847 0.1041 0.0417559 0.0756743
0.478198 0.0848836 0.383477 0.0534418
0.406386 9.9991E-05 0.355899 0.237615
0.774676 0.0761874 0.0142779 0.134859
0.632157 0.0175454 0.15286 0.197438
0.623333 0.141231 0.159057 0.0763787
0.521924 9.9991E-05 0.255961 0.222015
0.695494 0.203767 9.9991E-05 0.100639
0.562746 9.9991E-05 0.251048 0.186106
0.517916 0.13458 0.29351 0.0539949
0.59214 0.227317 0.112396 0.0681473
0.424359 0.0585615 0.496328 0.0207511
0.602433 0.187887 0.159677 0.0500037
0.592162 0.181532 0.0747889 0.151517
0.412376 0.0519253 0.514352 0.0213461
0.619609 0.176768 0.112437 0.0911864
0.607796 0.157734 0.192357 0.0421127
0.321463 0.00826572 0.670171 9.9991E-05
0.302245 0.0530321 0.617042 0.0276813
0.594121 0.09968 0.260529 0.0456693
0.236888 0.00869204 0.744088 0.010332
0.572738 0.128425 0.287803 0.0110337
0.612885 9.9991E-05 0.214692 0.172323
0.469014 0.116761 0.414126 9.9991E-05
0.678278 0.109544 0.0971087 0.11507
0.736253 0.173264 9.9991E-05 0.0903824
0.70692 9.9991E-05 0.193804 0.0991761
0.639113 0.182475 0.106587 0.0718253
0.757409 0.156736 9.9991E-05 0.0857549
0.703927 0.15937 0.13203 0.0046732
0.70257 0.175317 0.0458095 0.0763026
0.739005 0.121099 0.0384534 0.101442
0.679436 0.00430865 0.203052 0.113204
0.789432 0.0552898 0.060898 0.0943803
0.699929 0.212992 0.0869794 9.9991E-05
0.718251 0.224428 0.0222471 0.0350737
0.510842 0.175765 0.228863 0.0845304
0.66726 0.222175 0.110466 9.9991E-05
0.688207 0.0641717 0.113824 0.133797
0.726509 0.211116 0.0127468 0.0496284
0.723264 0.156615 0.0435161 0.0766049
0.673481 0.199172 9.9991E-05 0.127247
0.400195 0.303027 9.9991E-05 0.296679
0.478568 0.368227 0.0517486 0.101457
0.486412 0.288796 0.094079 0.130712
0.527705 0.323586 0.0430142 0.105695
0.416173 0.363517 0.0453775 0.174932
0.635441 0.140868 0.223592 9.9991E-05
0.539955 0.295905 0.00409147 0.160049
0.0496816 0.250659 0.468729 0.230931
0.582762 0.33691 9.9991E-05 0.0802283
0.496366 0.355363 0.028207 0.120064
0.600408 0.324369 0.0199363 0.0552873
0.334492 0.220684 0.24668 0.198144
0.524151 0.319201 9.9991E-05 0.156548
0.48896 0.365084 0.0425469 0.103409
9.9991E-05 0.178007 0.358712 0.46318
0.539374 0.276477 9.9991E-05 0.184049
0.465658 0.388855 9.9991E-05 0.145388
0.578734 0.315379 0.0406226 0.0652643
0.436002 0.400282 9.9991E-05 0.163615
0.538507 0.291687 9.9991E-05 0.169706
0.562656 0.170085 0.257458 0.00980038
0.552073 0.273624 0.154076 0.0202265
0.177922 0.0121951 0.809783 9.9991E-05
0.214281 0.0240216 0.761598 9.9991E-05
0.58195 0.216204 0.150785 0.0510602
0.284216 0.446058 0.14191 0.127815
0.264046 0.452948 0.144496 0.13851
0.134671 0.440193 0.272619 0.152518
0.271744 0.457202 0.166514 0.10454
0.112197 0.187243 0.634846 0.0657141
0.188929 0.204501 0.569293 0.0372762
0.590611 0.262734 0.146555 9.9991E-05
0.415433 0.306535 0.277932 9.9991E-05
0.303814 0.200492 0.481098 0.0145966
0.593954 0.237588 0.104895 0.063564
0.593029 0.293826 0.113045 9.9991E-05
0.556981 0.275706 0.15143 0.0158834
0.452619 0.121281 0.426 9.9991E-05
0.552987 0.131048 0.315864 9.9991E-05
0.582602 0.207874 0.189894 0.019631
0.546938 0.166742 0.241755 0.0445642
0.588427 0.224223 0.141359 0.045991
0.576185 0.151785 0.27193 9.9991E-05
0.339014 0.08742 0.573466 9.9991E-05
0.666514 0.207063 0.126323 9.9991E-05
0.344116 0.0912966 0.564487 9.9991E-05
0.529501 0.173681 0.296717 9.9991E-05
0.585519 0.213779 0.134882 0.065819
0.625283 0.178237 0.165566 0.0309135
0.52765 0.294706 0.0427443 0.1349
0.462141 0.293045 0.11445 0.130363
0.265268 0.426282 0.13729 0.17116
0.296315 0.387346 0.142589 0.17375
0.446428 0.349396 0.0400118 0.164164
0.451291 0.338628 0.1214 0.0886808
9.9991E-05 0.224114 0.659975 0.115811
0.525478 0.395934 0.0337192 0.044869
9.9991E-05 0.178418 0.530877 0.290605
0.509007 0.39244 0.0943193 0.00423415
0.326898 0.0288449 0.644157 9.9991E-05
0.21893 9.9982E-05 0.78087 9.9982E-05
0.612665 0.119632 0.267602 9.9991E-05
0.614454 0.247746 0.1377 9.9991E-05
0.562581 0.118642 0.318677 9.9991E-05
0.675228 0.177985 0.146687 9.9991E-05
0.604428 0.19081 0.204662 9.9991E-05
0.00411233 0.0614105 0.0544642 0.880013
0.0296125 0.125354 0.0818806 0.763152
9.9982E-05 0.0787081 9.9982E-05 0.921092
0.00289233 0.0707572 9.9991E-05 0.92625
0.737462 0.155751 0.106686 9.9991E-05
0.775968 0.141348 0.0232272 0.0594568
0.856204 0.104854 0.0233421 0.0156003
0.778555 0.146208 9.9991E-05 0.075137
0.696942 0.186725 0.024271 0.0920623
0.756747 9.9991E-05 0.156302 0.0868515
0.854342 0.145458 9.9982E-05 9.9982E-05
0.556909 0.071949 0.371042 9.9991E-05
0.392936 0.319907 9.9991E-05 0.287057
0.658454 0.125319 0.216127 9.9991E-05
0.822652 0.0191405 0.114531 0.0436763
0.745748 0.143444 0.110708 9.9991E-05
0.805513 0.0715512 0.0941594 0.0287766
0.782208 0.160691 0.057001 9.9991E-05
0.789941 0.132372 0.0300391 0.0476475
0.449144 9.9982E-05 0.550656 9.9982E-05
0.605446 0.079527 0.314927 9.9991E-05
0.684325 0.0938242 0.22175 9.9991E-05
0.289739 9.9982E-05 0.710061 9.9982E-05
0.735727 0.0838821 0.108158 0.072233
0.454111 9.9982E-05 0.545689 9.9982E-05
0.277876 9.9982E-05 0.721924 9.9982E-05
0.738133 0.196844 0.0568345 0.00818897
0.665769 9.9991E-05 0.262547 0.0715839
0.793535 0.115702 0.0906639 9.9991E-05
0.659231 0.220084 0.0665719 0.054113
0.806307 0.0968865 0.034945 0.0618611
0.576133 0.11892 0.301809 0.00313726
0.790899 0.141122 0.0437488 0.0242298
0.808758 0.101627 0.0690508 0.0205642
0.675689 0.0512847 0.272926 9.9991E-05
0.700355 0.151768 0.0396775 0.108199
0.0908056 9.9991E-05 0.159068 0.750026
0.0531268 0.0033783 0.119498 0.823997
0.0202238 9.9991E-05 0.0771389 0.902537
0.00995251 9.9991E-05 0.100148 0.8898
0.129962 9.9991E-05 0.0710372 0.798901
0.682016 9.9991E-05 0.238292 0.0795922
0.677929 9.9991E-05 0.271215 0.0507558
0.587663 0.0368742 0.375363 9.9991E-05
0.661679 0.205377 0.0419574 0.0909867
0.647508 0.212025 0.023447 0.117019
0.631203 0.0758493 0.292848 9.9991E-05
0.727569 0.243814 0.0285178 9.9991E-05
0.639123 0.171576 0.180153 0.0091482
0.812062 0.109894 0.0574988 0.0205449
0.754059 0.218711 9.9991E-05 0.0271293
0.758584 9.9991E-05 0.212861 0.0284553
0.816882 9.9991E-05 0.154606 0.0284122
0.768722 9.9991E-05 0.166313 0.0648653
0.703589 0.20149 9.9991E-05 0.0948202
0.847724 0.0152986 0.106319 0.0306576
0.788523 0.0565017 0.0977219 0.0572534
0.370732 0.537268 0.00189619 0.0901042
0.276252 0.595041 0.0249082 0.103799
0.339133 0.585548 9.9991E-05 0.0752192
0.163452 0.640787 0.0496016 0.14616
0.433713 0.440051 0.0102434 0.115993
0.593895 0.187333 0.175222 0.0435495
9.9991E-05 0.65817 0.0938215 0.247909
0.197256 0.652184 0.020836 0.129724
0.363977 0.299734 0.182269 0.15402
0.628938 0.158607 0.0698783 0.142576
0.558035 0.158181 0.139908 0.143876
0.652571 0.205396 0.0401542 0.101879
0.662333 0.203491 0.00648576 0.12769
0.262447 0.614176 9.9991E-05 0.123277
0.366942 0.496936 9.9991E-05 0.136022
0.299689 0.627765 9.9991E-05 0.0724463
0.375062 0.446784 0.0614165 0.116737
0.146 0.601542 0.111303 0.141156
0.432098 0.454314 9.9991E-05 0.113489
0.142478 0.657599 0.0704731 0.12945
0.331517 0.489349 0.0606634 0.11847
0.560871 0.170738 0.180159 0.0882326
0.305139 0.526065 0.0453829 0.123413
0.042414 0.66256 0.0834633 0.211563
0.400552 0.491209 9.9991E-05 0.10814
0.515686 0.0209329 0.2236 0.239782
0.604627 0.271556 0.111673 0.0121442
0.325799 0.515622 0.0120608 0.146518
0.654761 0.174758 0.0250553 0.145426
0.57548 0.151974 0.106629 0.165918
0.342007 0.352778 0.114829 0.190386
0.290226 0.398234 0.0958534 0.215687
0.592684 0.248621 0.0470485 0.111646
0.388126 0.444028 0.039211 0.128634
0.334706 0.602925 9.9991E-05 0.0622682
0.0301259 0.723269 0.0713796 0.175225
0.633374 0.281619 0.00854474 0.0764623
0.561445 0.111561 0.15088 0.176114
0.112007 0.147632 0.640542 0.09982
0.605814 0.213749 0.0252138 0.155224
0.535684 0.142691 0.2396 0.0820246
0.447517 0.346211 0.0524254 0.153847
0.503703 0.286429 0.0946143 0.115253
9.9991E-05 0.198158 0.456801 0.344941
9.9991E-05 0.144127 0.539195 0.316578
0.286483 0.225836 0.301054 0.186628
9.9991E-05 0.272894 0.393781 0.333225
9.9991E-05 0.248023 0.305591 0.446286
0.358833 0.246576 0.219454 0.175136
0.326159 0.31588 0.140817 0.217144
0.0983299 0.289903 0.343382 0.268385
0.0171717 0.256838 0.466234 0.259756
0.468472 0.327121 0.067027 0.13738
0.1041 0.264262 0.386296 0.245342
9.9991E-05 0.136962 0.504471 0.358466
0.499854 0.303399 0.0623562 0.134391
0.2805 0.337463 0.197187 0.184851
0.373956 0.33078 9.9991E-05 0.295164
0.450484 0.441844 9.9991E-05 0.107572
0.45936 0.416386 9.9991E-05 0.124154
0.438103 0.411254 0.0248694 0.125774
0.341726 0.311142 9.9991E-05 0.347032
0.461655 0.340637 9.9991E-05 0.197608
0.403648 0.396433 9.9991E-05 0.199819
0.250969 0.391071 0.145483 0.212477
0.478773 0.201353 0.0980774 0.221797
0.497776 0.313249 9.9991E-05 0.188875
0.545174 0.324785 9.9991E-05 0.12994
0.579372 0.318057 9.9991E-05 0.102472
0.363386 0.397816 9.9991E-05 0.238698
0.432195 0.38973 9.9991E-05 0.177975
9.9991E-05 0.394433 0.275566 0.329901
0.513065 0.336947 9.9991E-05 0.149888
0.0809825 0.442658 0.202549 0.273811
0.0671979 0.0115691 0.0572711 0.863962
0.539851 9.9991E-05 0.249949 0.210101
0.39037 9.9991E-05 0.333643 0.275887
0.42186 9.9991E-05 0.329535 0.248506
0.503379 9.9991E-05 0.298959 0.197562
0.462134 9.9991E-05 0.303305 0.23446
0.545159 9.9991E-05 0.233582 0.221159
0.449983 9.9991E-05 0.28307 0.266847
0.408283 9.9991E-05 0.211747 0.37987
0.0699382 0.0211056 0.0104843 0.898472
0.148587 0.0161989 9.9991E-05 0.835114
0.0421464 0.0552541 0.00862868 0.893971
0.0384071 0.0420485 0.0362886 0.883256
0.047537 0.0622804 9.9991E-05 0.890083
0.00724971 0.0901488 9.9991E-05 0.902502
0.108794 0.146068 9.9991E-05 0.745037
0.0202296 0.100862 9.9991E-05 0.878809
0.146702 0.136001 9.9991E-05 0.717197
9.9982E-05 0.128131 9.9982E-05 0.871669
9.9982E-05 0.0451818 9.9982E-05 0.954618
0.0183096 0.116723 9.9991E-05 0.864868
9.9982E-05 0.0518539 9.9982E-05 0.947946
9.9982E-05 0.0898322 9.9982E-05 0.909968
0.0189518 0.104337 9.9991E-05 0.876612
9.9982E-05 0.114335 9.9982E-05 0.885465
9.9982E-05 0.16374 9.9982E-05 0.83606
0.00873981 0.176851 9.9991E-05 0.814309
0.0238127 0.195463 9.9991E-05 0.780625
0.56126 0.0822192 0.197675 0.158845
0.718389 0.197664 9.9991E-05 0.0838476
0.665369 0.21166 9.9991E-05 0.12287
0.125547 0.115116 0.682425 0.076913
0.620667 0.134677 0.106382 0.138273
0.0398948 0.139862 0.705377 0.114867
0.59659 0.253426 0.0919449 0.0580389
0.590056 0.0796464 0.14463 0.185668
0.59767 0.109502 0.120102 0.172726
0.786792 0.101292 0.0674335 0.0444821
0.632052 0.101127 0.110851 0.155971
0.662773 0.249808 0.0428274 0.0445916
0.628695 0.153646 0.0722552 0.145403
0.345065 0.0602719 0.556922 0.0377416
0.0524457 0.0577368 0.766665 0.123153
0.147447 0.113352 0.630475 0.108726
0.614533 0.222831 0.0534739 0.109163
0.492378 0.237963 0.232796 0.0368638
0.621693 0.198033 0.11989 0.0603844
0.67245 0.235715 0.0283981 0.0634378
0.451892 0.319167 9.9991E-05 0.228841
0.519292 0.318468 9.9991E-05 0.16214
0.272901 0.186593 0.13022 0.410286
0.662 0.188288 9.9991E-05 0.149612
0.519466 0.237138 0.011533 0.231864
9.9991E-05 0.222264 0.394702 0.382934
0.215166 0.356625 0.173677 0.254532
0.312809 0.277585 0.0594915 0.350114
0.455003 0.226392 9.9991E-05 0.318505
0.551675 0.285458 0.0142057 0.14866
0.547404 0.29007 9.9991E-05 0.162426
0.565537 0.298378 9.9991E-05 0.135985
0.40262 0.323851 0.0858742 0.187655
0.236855 0.230184 0.0557215 0.477239
