9.9982E-05 0.0562701 9.9982E-05 0.94353
0.00578115 9.9982E-05 9.9982E-05 0.994019
0.0546056 0.0260131 0.0151016 0.90428
0.139734 0.0031008 9.9991E-05 0.857065
0.0675246 9.9982E-05 9.9982E-05 0.932275
0.104972 0.0509147 0.152239 0.691874
9.9991E-05 0.0235291 0.121497 0.854874
0.00901419 0.0454651 0.173712 0.771809
9.9982E-05 9.9982E-05 0.139614 0.860186
0.0661276 0.00890647 0.128271 0.796695
0.0922616 9.9991E-05 0.103269 0.80437
0.375962 9.9991E-05 0.496537 0.1274
0.690326 0.00133409 0.205508 0.102832
0.420921 0.0258755 0.445503 0.107701
0.41971 0.0840038 0.381632 0.114654
0.53501 0.0974425 0.227753 0.139795
0.681965 0.0414304 0.197343 0.0792619
0.602754 0.0114419 0.280724 0.105081
0.410559 0.00227239 0.383039 0.20413
0.153435 9.9991E-05 0.687706 0.158759
0.572761 9.9991E-05 0.341158 0.0859808
0.465775 0.0781557 0.408829 0.0472399
0.661715 0.0112587 0.225465 0.101561
0.393357 0.0149684 0.426228 0.165446
0.714192 0.0517731 0.0892594 0.144775
0.663661 0.00136161 0.247406 0.087572
0.374849 9.9991E-05 0.490223 0.134828
0.454728 0.0161179 0.391682 0.137471
0.361038 9.9991E-05 0.53508 0.103783
0.0881264 0.0378785 9.9991E-05 0.873895
0.0982802 0.0253695 9.9991E-05 0.87625
0.0753224 0.106682 9.9991E-05 0.817895
0.135291 0.109671 9.9991E-05 0.754938
0.6176 9.9991E-05 0.281543 0.100756
0.636683 0.042449 0.241902 0.0789659
0.698828 0.0106674 0.290405 9.9991E-05
0.308198 9.9991E-05 0.543517 0.148185
0.438596 0.0154919 0.545812 9.9991E-05
0.666768 0.023248 0.210078 0.0999054
0.829976 0.0106686 0.140003 0.0193526
0.611244 0.00946404 0.231036 0.148256
0.64632 0.0288762 0.206715 0.118089
0.40122 9.9991E-05 0.590269 0.00841078
0.658123 0.0926447 0.195089 0.0541437
0.748658 0.0263236 0.163086 0.0619328
0.660371 0.0750983 0.125946 0.138585
0.522587 9.9982E-05 0.477213 9.9982E-05
0.77483 0.00120886 0.166319 0.0576424
0.623276 0.0662676 0.182721 0.127735
9.9991E-05 0.0180329 0.964115 0.0177516
0.289099 9.9991E-05 0.633593 0.0772073
0.192849 0.0971157 0.668044 0.0419905
0.625586 0.107553 0.236286 0.0305739
0.625709 0.0973108 0.186021 0.09096
0.670873 0.0711742 0.159525 0.0984279
0.305142 9.9991E-05 0.496261 0.198497
0.644284 9.9991E-05 0.289593 0.0660228
0.619708 0.0706324 0.184905 0.124754
0.494309 0.0243984 0.319604 0.161689
0.231232 9.9991E-05 0.529604 0.239064
0.623207 0.04725 0.224239 0.105304
0.588216 0.0259945 0.273473 0.112317
0.210317 9.9991E-05 0.634169 0.155414
0.573608 9.9991E-05 0.376813 0.0494785
0.653717 0.0570436 0.244221 0.0450178
0.696758 9.9991E-05 0.187202 0.11594
0.409773 0.0216244 0.420669 0.147933
0.569988 0.0257079 0.306369 0.0979351
0.672508 0.0592881 0.182737 0.0854664
0.34727 9.9991E-05 0.525057 0.127573
0.65904 9.9991E-05 0.322504 0.0183562
0.449622 9.9982E-05 0.550178 9.9982E-05
0.672176 0.0185755 0.189698 0.11955
0.221373 0.000748029 0.777779 9.9991E-05
0.207762 9.9982E-05 0.792038 9.9982E-05
0.451133 9.9982E-05 0.548667 9.9982E-05
0.667543 9.9991E-05 0.320423 0.0119337
0.619944 0.042535 0.1924 0.145121
0.655634 9.9982E-05 0.344166 9.9982E-05
0.403731 9.9991E-05 0.552704 0.0434651
0.463596 9.9991E-05 0.519099 0.0172056
0.627965 0.0628446 0.212683 0.0965074
0.573893 9.9991E-05 0.415123 0.0108835
0.655407 9.9991E-05 0.340983 0.00350928
0.662081 9.9982E-05 0.337719 9.9982E-05
0.0641505 0.0502861 0.885463 9.9991E-05
0.716315 0.0316851 0.22791 0.0240901
0.107173 9.9991E-05 0.00319656 0.889531
0.0612383 0.00889021 9.9991E-05 0.929772
0.0874972 0.0576476 9.9991E-05 0.854755
0.0127087 0.0475953 9.9991E-05 0.939596
9.9982E-05 0.0457852 9.9982E-05 0.954015
0.0692921 0.0552811 9.9991E-05 0.875327
0.0582196 9.9982E-05 9.9982E-05 0.94158
0.653962 0.0153721 0.207477 0.123189
0.62233 0.0624806 0.174248 0.140942
0.280463 9.9991E-05 0.672585 0.0468516
0.683164 0.0328092 0.192734 0.0912928
0.57893 9.9991E-05 0.368352 0.0526174
0.688201 9.9991E-05 0.234191 0.077508
0.703465 9.9991E-05 0.271043 0.025392
0.71135 0.0107623 0.253216 0.024672
0.219703 9.9991E-05 0.723517 0.0566805
0.565035 0.0502712 0.274369 0.110325
0.744814 9.9991E-05 0.14553 0.109555
0.619436 0.0612105 0.205035 0.114319
0.389749 0.052364 0.557787 9.9991E-05
0.687235 9.9982E-05 0.312565 9.9982E-05
0.613903 9.9991E-05 0.343201 0.0427955
0.565823 9.9982E-05 0.433977 9.9982E-05
0.602618 9.9991E-05 0.333241 0.0640408
0.613373 0.0419069 0.259572 0.085148
0.341194 0.0662942 0.514819 0.0776929
0.504672 9.9991E-05 0.334051 0.161177
0.598601 0.0621815 0.212481 0.126736
0.66457 0.0311285 0.198789 0.105513
0.572161 9.9991E-05 0.315241 0.112498
0.666911 0.0174239 0.229465 0.0861999
0.533571 9.9991E-05 0.337188 0.129141
0.580446 0.0863295 0.262834 0.0703911
0.684655 0.0494722 0.172726 0.0931466
0.681558 9.9991E-05 0.217802 0.10054
0.69461 9.9991E-05 0.219575 0.0857155
0.645761 0.0911385 0.197668 0.0654325
0.663395 0.0538788 0.154376 0.12835
0.661391 0.0833243 0.217139 0.0381458
0.577136 0.108017 0.22173 0.0931162
0.664092 0.0702087 0.244989 0.0207102
0.376867 0.0949829 0.413131 0.115019
0.669479 0.0793329 0.167841 0.0833466
0.698445 0.0515823 0.195786 0.0541873
0.350956 9.9991E-05 0.539124 0.10982
0.193318 0.0897394 0.688681 0.0282616
0.61978 0.0202668 0.276582 0.0833709
0.104151 0.0841802 0.811569 9.9991E-05
0.464256 9.9991E-05 0.451328 0.0843164
0.545809 9.9991E-05 0.429362 0.0247289
0.453597 9.9991E-05 0.436938 0.109365
0.446879 9.9991E-05 0.495133 0.0578875
0.639802 0.0215717 0.240395 0.0982321
0.635002 0.0557409 0.21722 0.0920373
0.666371 0.0263842 0.209779 0.0974661
0.203214 0.0814307 0.692094 0.0232606
0.566102 0.0643837 0.197863 0.171651
0.497466 0.105864 0.32 0.076669
9.9991E-05 0.0664342 0.801446 0.13202
0.688148 0.0781255 0.161153 0.0725734
0.34046 0.0688052 0.466365 0.124369
0.521551 0.110808 0.243376 0.124265
0.261019 0.0389851 0.57831 0.121686
0.101076 0.0561343 0.730441 0.112349
0.425358 0.0744792 0.43298 0.0671826
0.503654 0.118551 0.241943 0.135852
0.475183 0.0623462 0.292419 0.170052
0.142708 0.121783 0.673363 0.0621466
0.590362 0.0936685 0.189631 0.126338
0.40639 9.9982E-05 0.59341 9.9982E-05
0.49996 0.0434144 0.456526 9.9991E-05
0.656436 0.0760229 0.170613 0.0969283
0.119861 0.317527 0.192901 0.369711
9.9991E-05 0.204717 0.266366 0.528817
9.9991E-05 0.199539 0.307203 0.493158
0.0802648 0.316252 0.244506 0.358977
0.673619 0.0197932 0.306487 9.9991E-05
0.621868 0.0952409 0.212784 0.0701068
0.346454 0.653346 9.9982E-05 9.9982E-05
0.41323 0.467717 0.0771342 0.0419184
0.410996 0.360619 0.102835 0.12555
0.256603 0.106645 0.608267 0.0284844
0.529379 0.0681135 0.266539 0.135969
0.27793 0.0481227 0.673847 9.9991E-05
0.615081 0.0531058 0.273949 0.0578644
0.488266 0.0692513 0.399688 0.0427944
0.593657 0.078107 0.32604 0.002196
0.186774 0.101089 0.712037 9.9991E-05
0.725989 0.0353843 0.162923 0.0757035
0.65083 0.0654629 0.202608 0.0810987
0.0499784 0.949822 9.9982E-05 9.9982E-05
0.109194 0.890606 9.9982E-05 9.9982E-05
0.361044 0.555226 0.0537842 0.0299455
0.364034 0.635766 9.9982E-05 9.9982E-05
0.187527 0.802365 9.9991E-05 0.0100084
9.998E-05 0.9997 9.998E-05 9.998E-05
0.0411209 0.958679 9.9982E-05 9.9982E-05
0.168038 0.831762 9.9982E-05 9.9982E-05
0.0330892 0.942572 0.000948751 0.02339
9.998E-05 0.9997 9.998E-05 9.998E-05
9.998E-05 0.9997 9.998E-05 9.998E-05
0.263664 0.733199 9.9991E-05 0.00303618
0.133915 0.795662 0.0217604 0.048662
9.998E-05 0.9997 9.998E-05 9.998E-05
0.388625 0.398762 0.117209 0.0954039
0.279775 0.640542 0.0132156 0.0664675
0.172516 0.788716 9.9991E-05 0.0386682
0.121816 0.877984 9.9982E-05 9.9982E-05
9.998E-05 0.9997 9.998E-05 9.998E-05
0.0425613 0.951149 9.9991E-05 0.00619023
9.998E-05 0.9997 9.998E-05 9.998E-05
0.293393 0.636359 9.9991E-05 0.0701478
0.0178555 0.952605 0.00161955 0.0279196
9.9991E-05 0.15287 0.524689 0.322341
0.311823 0.198813 0.275623 0.213741
0.431201 0.15775 0.255965 0.155084
0.143108 0.205271 0.423903 0.227718
0.443335 0.15894 0.221049 0.176677
0.0697446 0.205147 0.44754 0.277569
0.446134 0.158953 0.210012 0.184901
0.277795 0.218203 0.31291 0.191092
0.522048 0.123792 0.137237 0.216922
0.369345 0.190935 0.263777 0.175943
0.44475 0.173341 0.177554 0.204356
0.0744611 9.9991E-05 0.0201145 0.905324
9.9991E-05 0.0836719 0.000594675 0.915633
0.0298884 9.9982E-05 9.9982E-05 0.969912
9.9982E-05 0.0026537 9.9982E-05 0.997146
0.067827 9.9982E-05 9.9982E-05 0.931973
9.9982E-05 0.0103444 9.9982E-05 0.989456
0.0307271 0.0335148 9.9991E-05 0.935658
0.00322544 9.9991E-05 0.027997 0.968678
0.00232414 0.0567989 0.0356707 0.905206
0.00507735 0.0340746 0.025369 0.935479
0.00440482 0.00091034 0.307093 0.687591
9.9982E-05 9.9982E-05 0.316343 0.683457
9.9982E-05 9.9982E-05 0.362691 0.637109
9.9982E-05 9.9982E-05 0.446475 0.553325
0.627134 9.9991E-05 0.27071 0.102056
0.628963 0.00832417 0.30124 0.061472
0.674163 0.0172504 0.257181 0.0514052
0.534441 9.9991E-05 0.401411 0.0640481
0.319272 9.9991E-05 0.594007 0.0866208
0.781762 0.0126941 0.151723 0.0538204
0.739707 9.9982E-05 0.260093 9.9982E-05
0.622212 0.0356228 0.342065 9.9991E-05
0.560627 9.9982E-05 0.439173 9.9982E-05
0.709037 0.0476406 0.164136 0.0791863
0.612066 9.9991E-05 0.378763 0.00907083
0.154252 9.9982E-05 0.845548 9.9982E-05
0.727162 9.9991E-05 0.20485 0.0678876
0.359548 9.9982E-05 0.640252 9.9982E-05
0.672186 0.021676 0.306038 9.9991E-05
0.373032 9.9991E-05 0.60707 0.0197983
0.0445152 9.9991E-05 0.640397 0.314988
0.131726 9.9991E-05 0.610839 0.257335
0.0840977 9.9991E-05 0.660322 0.25548
0.0330997 9.9991E-05 0.696613 0.270188
0.175998 9.9991E-05 0.615725 0.208177
0.165478 9.9991E-05 0.612282 0.22214
0.0443887 0.0721425 9.9991E-05 0.883369
0.120516 0.0121903 0.0241363 0.843157
0.154751 0.046338 0.0166239 0.782287
0.0554901 0.057064 0.0308921 0.856554
0.151383 0.0571642 9.9991E-05 0.791352
9.9982E-05 9.9982E-05 0.468492 0.531308
0.00268482 9.9991E-05 0.423897 0.573318
0.0708565 9.9991E-05 0.381161 0.547882
0.113872 0.00908816 9.9991E-05 0.87694
0.0175935 9.9991E-05 0.461758 0.520549
0.242527 0.371124 0.117739 0.26861
0.542274 0.254507 0.0561888 0.147031
0.561953 0.232066 9.9991E-05 0.20588
0.285093 0.322254 0.135194 0.257459
0.588648 0.148904 0.0650877 0.197361
9.9991E-05 0.364425 0.187422 0.448053
0.566061 9.9991E-05 0.370356 0.0634827
0.492344 0.0466896 0.455274 0.0056926
0.404691 9.9991E-05 0.50621 0.0889989
0.562984 0.0548481 0.382068 9.9991E-05
9.9982E-05 0.00391434 0.995886 9.9982E-05
0.646031 0.0522874 0.20767 0.094012
0.599055 0.0593417 0.296146 0.0454579
0.44401 9.9991E-05 0.449627 0.106262
0.641247 0.0223241 0.223381 0.113048
0.229211 0.0157465 0.754943 9.9991E-05
0.672326 0.0115705 0.282175 0.0339284
0.594449 9.9991E-05 0.333132 0.0723195
0.430216 0.182065 0.268074 0.119644
0.388258 0.0695344 0.542108 9.9991E-05
0.469307 0.0960477 0.419651 0.0149939
0.664701 0.0382195 0.277043 0.0200364
0.678062 0.00289489 0.318943 9.9991E-05
0.690635 0.0850222 0.185911 0.0384319
0.647005 0.046202 0.168997 0.137797
0.666559 9.9991E-05 0.226902 0.106439
0.105475 0.0554498 9.9991E-05 0.838975
0.109186 9.9982E-05 9.9982E-05 0.890614
0.0611205 9.9991E-05 0.0145352 0.924244
0.0178953 0.0443207 9.9991E-05 0.937684
0.0842145 9.9982E-05 9.9982E-05 0.915586
0.258965 9.9991E-05 0.604457 0.136477
0.607784 0.055264 0.25829 0.0786622
0.399534 0.300328 0.0988164 0.201322
0.731837 0.0216695 0.150212 0.096281
0.628966 9.9991E-05 0.288399 0.0825343
0.337037 0.0667408 0.585146 0.0110767
0.123505 9.9991E-05 0.684533 0.191862
0.586252 9.9991E-05 0.285317 0.128331
0.383763 9.9991E-05 0.46016 0.155977
0.534771 0.0290204 0.363322 0.0728867
0.256208 9.9991E-05 0.550959 0.192733
0.626492 0.0664451 0.192654 0.114409
0.269284 9.9991E-05 0.583685 0.14693
0.319354 0.0947917 0.543664 0.0421902
0.569112 0.0600767 0.269349 0.101462
0.356799 0.0130139 0.59697 0.0332169
0.575632 0.0965426 0.287163 0.0406627
0.58566 0.0420576 0.257974 0.114308
0.30383 0.0255993 0.637052 0.0335183
0.553888 0.0936234 0.271322 0.0811666
0.582718 0.00591172 0.334598 0.0767726
0.184909 0.0253264 0.789664 9.9991E-05
0.236909 0.0242601 0.709856 0.0289748
0.521978 0.00540731 0.43176 0.0408545
0.113463 0.039958 0.842353 0.00422529
0.501635 0.0208719 0.465459 0.0120332
0.281073 9.9991E-05 0.602711 0.116116
0.260458 0.125373 0.61407 9.9991E-05
0.569655 0.010502 0.316599 0.103244
0.651593 0.0380615 0.216956 0.0933897
0.369812 9.9991E-05 0.56236 0.0677279
0.593718 0.0652393 0.248875 0.0921672
0.696632 0.0237153 0.21458 0.065072
0.627506 0.0410192 0.267663 0.0638117
0.609243 0.0619444 0.284351 0.0444607
0.616009 9.9991E-05 0.269833 0.114058
0.395656 9.9991E-05 0.506524 0.0977204
0.544277 9.9991E-05 0.397153 0.0584701
0.671906 0.0727007 0.248568 0.00682576
0.642319 0.111864 0.174919 0.0708975
0.391619 0.100567 0.421899 0.0859143
0.51937 0.132872 0.335794 0.0119643
0.489486 0.00158594 0.38989 0.119038
0.649837 0.034256 0.228716 0.0871907
0.528391 0.0683418 0.306053 0.0972143
0.636112 0.0673237 0.155534 0.141031
0.483914 0.138374 0.0334625 0.344249
0.56289 0.174617 0.0987028 0.163789
0.531965 0.153228 0.112389 0.202418
0.577517 0.173383 0.129208 0.119892
0.497685 0.21523 0.113967 0.173118
0.56653 0.0354884 0.397882 9.9991E-05
0.558176 0.175392 0.103988 0.162444
0.00702672 0.257918 0.503715 0.231341
0.61322 0.123277 0.133032 0.130471
0.604274 0.15768 0.0642929 0.173754
0.58633 0.151766 0.131764 0.13014
0.305255 0.15976 0.32578 0.209204
0.55226 0.171407 0.0890091 0.187324
0.543116 0.22329 0.0920206 0.141573
9.9991E-05 0.203424 0.294517 0.501959
0.535738 0.187252 0.102337 0.174673
0.54173 0.228361 0.0585788 0.17133
0.661501 0.12409 0.145423 0.0689863
0.569971 0.243485 0.0060174 0.180526
0.551254 0.150695 0.0876998 0.210351
0.521012 0.074226 0.364076 0.0406859
0.621163 0.0562388 0.259983 0.0626154
9.9982E-05 0.0922113 0.907589 9.9982E-05
0.0661587 0.0602039 0.873537 9.9991E-05
0.553192 0.104283 0.282915 0.0596101
0.307979 0.352097 0.201722 0.138202
0.357781 0.35371 0.142012 0.146497
0.1541 0.399047 0.287332 0.159521
0.367804 0.313802 0.156757 0.161637
0.0647826 0.20233 0.669214 0.0636732
0.142721 0.189321 0.61171 0.0562471
0.60856 0.130629 0.260712 9.9991E-05
0.424706 0.188491 0.315494 0.0713087
0.244125 0.168959 0.559362 0.0275538
0.552234 0.13116 0.269955 0.046651
0.591121 0.142352 0.242779 0.0237473
0.541463 0.126245 0.262207 0.0700841
0.417302 0.051386 0.531212 9.9991E-05
0.479868 0.0332267 0.469987 0.0169179
0.568591 0.0714425 0.339498 0.0204685
0.546412 0.073805 0.317005 0.062778
0.57837 0.0765868 0.223042 0.122002
0.522723 0.0448261 0.432351 9.9991E-05
0.254597 0.0605125 0.68479 9.9991E-05
0.679099 0.0796327 0.241169 9.9991E-05
0.230444 0.0790703 0.690386 9.9991E-05
0.495483 0.0698745 0.41879 0.0158524
0.561948 0.0848849 0.306765 0.0464013
0.553218 0.0995936 0.283667 0.0635214
0.559429 0.15807 0.092483 0.190017
0.544118 0.140892 0.132746 0.182244
0.321029 0.328269 0.146304 0.204398
0.320313 0.291685 0.19166 0.196341
0.497183 0.218726 0.118001 0.16609
0.473201 0.167028 0.214974 0.144798
9.9991E-05 0.25217 0.596667 0.151063
0.551865 0.25261 0.0985206 0.0970047
9.9991E-05 0.237323 0.450942 0.311636
0.559062 0.209045 0.190525 0.0413675
0.28748 9.9982E-05 0.71232 9.9982E-05
0.081254 0.0319256 0.88672 9.9991E-05
0.567475 0.0325227 0.399902 9.9991E-05
0.670782 0.0536287 0.27549 9.9991E-05
0.509417 0.0287518 0.461731 9.9991E-05
0.653002 0.0579356 0.288962 9.9991E-05
0.625455 0.0468551 0.32759 9.9991E-05
0.0434009 0.00400537 0.030368 0.922226
0.0388554 0.0910944 0.113125 0.756925
0.0122214 0.0249811 0.00648096 0.956317
0.0344091 9.9982E-05 9.9982E-05 0.965391
0.634229 0.0580885 0.296178 0.0115039
0.746732 9.9991E-05 0.219746 0.0334229
0.723317 9.9991E-05 0.255874 0.0207089
0.711689 9.9991E-05 0.186785 0.101425
0.652792 0.0339417 0.217462 0.0958036
0.492522 9.9991E-05 0.471886 0.0354915
0.796284 9.9991E-05 0.198785 0.00483046
0.451389 9.9982E-05 0.548411 9.9982E-05
0.451575 0.151533 0.0488158 0.348076
0.558964 0.0370551 0.403881 9.9991E-05
0.545412 9.9991E-05 0.43174 0.0227479
0.665445 9.9982E-05 0.334355 9.9982E-05
0.60771 9.9991E-05 0.357313 0.0348773
0.764833 9.9982E-05 0.234967 9.9982E-05
0.673613 0.0025099 0.253405 0.0704725
0.243034 9.9982E-05 0.756766 9.9982E-05
0.491991 9.9982E-05 0.507809 9.9982E-05
0.522344 0.0203543 0.457202 9.9991E-05
0.122586 9.9982E-05 0.877214 9.9982E-05
0.617025 9.9991E-05 0.331258 0.0516169
0.26884 9.9982E-05 0.73096 9.9982E-05
0.0960391 9.9982E-05 0.903761 9.9982E-05
0.723153 0.0133529 0.21874 0.044754
0.415461 9.9991E-05 0.567385 0.017054
0.646418 9.9991E-05 0.337333 0.0161494
0.668291 0.0735165 0.173017 0.0851754
0.65126 9.9991E-05 0.283921 0.0647184
0.408942 0.0425933 0.548365 9.9991E-05
0.704118 0.0109198 0.241851 0.0431119
0.674148 9.9991E-05 0.320227 0.00552477
0.477692 9.9982E-05 0.522108 9.9982E-05
0.63048 0.0244395 0.21922 0.125861
9.9982E-05 9.9982E-05 0.250582 0.749218
9.9982E-05 9.9982E-05 0.167638 0.832162
9.9982E-05 9.9982E-05 0.103486 0.896314
9.9982E-05 9.9982E-05 0.113706 0.886094
0.041767 9.9991E-05 0.13504 0.823093
0.376328 9.9991E-05 0.55648 0.0670917
0.400503 9.9991E-05 0.564609 0.0347879
0.395844 0.0126528 0.591403 9.9991E-05
0.631883 0.0732988 0.150353 0.144465
0.57591 0.0992166 0.17713 0.147744
0.414191 0.0499733 0.535736 9.9991E-05
0.672133 0.0685258 0.259242 9.9991E-05
0.539285 0.0537503 0.36417 0.0427951
0.674635 9.9991E-05 0.285246 0.0400187
0.714096 0.0560413 0.213465 0.0163975
0.46805 9.9982E-05 0.53175 9.9982E-05
0.546085 9.9991E-05 0.449589 0.00422596
0.527102 9.9991E-05 0.441979 0.0308195
0.699061 0.0136767 0.168338 0.118924
0.621115 9.9991E-05 0.36781 0.010975
0.59344 9.9991E-05 0.363516 0.0429441
0.486897 0.350824 0.0484278 0.113852
0.357044 0.455661 0.0482036 0.139091
0.439521 0.44225 0.0240324 0.094197
0.283321 0.549397 0.0133137 0.153968
0.499767 0.336237 0.0393736 0.124623
0.616784 0.0208969 0.307567 0.0547513
9.9991E-05 0.68211 0.0508598 0.26693
0.314281 0.528209 9.9991E-05 0.15741
0.390991 0.190603 0.238388 0.180019
0.616771 9.9991E-05 0.207074 0.176055
0.507159 0.0402221 0.275348 0.17727
0.63668 0.0371956 0.168038 0.158086
0.604104 0.0855088 0.163513 0.146875
0.345253 0.50604 9.9991E-05 0.148607
0.427922 0.37789 0.0385883 0.1556
0.441481 0.503394 9.9991E-05 0.0550247
0.49257 0.287907 0.0654715 0.154051
0.267343 0.516535 0.0693468 0.146775
0.495947 0.332066 0.0458727 0.126115
0.27223 0.576179 0.0170607 0.13453
0.446971 0.344935 0.0691278 0.138966
0.521272 0.0649694 0.301484 0.112275
0.372244 0.376304 0.0886587 0.162794
0.142513 0.623832 0.0378532 0.195802
0.457779 0.350736 0.0565222 0.134962
0.369404 9.9991E-05 0.389073 0.241423
0.616005 0.0964505 0.21977 0.0677736
0.412763 0.361491 0.0770348 0.148711
0.58988 9.9991E-05 0.219865 0.190156
0.569702 9.9991E-05 0.231233 0.198965
0.3899 0.271816 0.184844 0.153439
0.359036 0.321751 0.102805 0.216408
0.63607 0.0899363 0.112682 0.161312
0.445661 0.29871 0.100429 0.1552
0.46075 0.403664 9.9991E-05 0.135486
0.134702 0.658553 0.0235975 0.183147
0.651671 0.0974027 0.170699 0.080227
0.51254 9.9991E-05 0.269786 0.217574
0.0983219 0.127992 0.639956 0.13373
0.605852 0.093505 0.147834 0.152809
0.436907 0.062414 0.378724 0.121955
0.511325 0.165298 0.140562 0.182815
0.499608 0.141335 0.190873 0.168184
9.9991E-05 0.213101 0.400549 0.38625
9.9991E-05 0.194528 0.472919 0.332453
0.291343 0.185721 0.34425 0.178686
9.9991E-05 0.27444 0.378342 0.347118
9.9991E-05 0.2635 0.259725 0.476675
0.35259 0.168205 0.277085 0.20212
0.329815 0.216307 0.225763 0.228115
0.0793869 0.283659 0.337341 0.299613
0.0353601 0.246792 0.433395 0.284454
0.523811 0.157163 0.138841 0.180185
0.121059 0.221303 0.398018 0.25962
9.9991E-05 0.168826 0.439514 0.39156
0.547169 0.177474 0.149904 0.125453
0.280365 0.244607 0.256135 0.218893
0.451671 0.171733 0.0570468 0.319549
0.574531 0.268741 9.9991E-05 0.156628
0.533382 0.251142 0.0669718 0.148504
0.491363 0.299899 0.0507217 0.158017
0.397118 0.172898 0.033093 0.396891
0.516327 0.211231 0.0347985 0.237643
0.55165 0.167196 0.00754019 0.273614
0.270025 0.31669 0.171236 0.242048
0.416249 0.109511 0.260483 0.213758
0.546512 0.130596 0.119541 0.203351
0.605564 0.130769 0.0819996 0.181667
0.684662 0.117263 0.0513525 0.146722
0.477378 0.211908 0.0287966 0.281918
0.596163 0.165176 0.000509695 0.238151
0.0330001 0.371687 0.20417 0.391143
0.538721 0.180604 0.0740299 0.206645
0.151846 0.381165 0.164327 0.302663
0.00931136 9.9991E-05 0.129028 0.861561
0.226198 9.9991E-05 0.590922 0.182781
0.0128054 9.9991E-05 0.76986 0.217235
0.0146996 9.9991E-05 0.786245 0.198955
0.120656 9.9991E-05 0.723838 0.155406
0.113059 9.9991E-05 0.690333 0.196509
0.16633 9.9991E-05 0.660276 0.173294
0.0394601 9.9991E-05 0.7514 0.20904
0.0770434 9.9991E-05 0.584995 0.337861
0.0335666 9.9991E-05 0.0452388 0.921095
0.0817448 9.9991E-05 0.0645042 0.853651
0.0486727 0.0108897 0.0458682 0.894569
0.0564169 9.9991E-05 0.0411427 0.90234
0.0522134 9.9982E-05 9.9982E-05 0.947587
0.0659795 0.0128047 9.9991E-05 0.921116
0.15292 0.0778141 0.00875102 0.760515
0.0821816 0.00860838 9.9991E-05 0.90911
0.11811 0.0776439 0.0570461 0.7472
0.0121806 0.0665717 9.9991E-05 0.921148
9.9982E-05 0.0119677 9.9982E-05 0.987832
0.069653 0.0395384 9.9991E-05 0.890709
9.998E-05 9.998E-05 9.998E-05 0.9997
0.0375808 0.00269979 9.9991E-05 0.959619
0.0795813 0.0143409 9.9991E-05 0.905978
0.0434891 0.0191263 9.9991E-05 0.937285
0.0523328 0.0693852 9.9991E-05 0.878182
0.118195 0.0521896 9.9991E-05 0.829515
0.0781371 0.10026 9.9991E-05 0.821503
0.471941 9.9991E-05 0.368544 0.159415
0.762822 9.9991E-05 0.124623 0.112455
0.660287 0.0736118 0.111515 0.154586
0.0364533 0.150152 0.720546 0.0928488
0.539641 0.0208923 0.285926 0.15354
0.0506591 0.124416 0.681743 0.143183
0.650788 0.104367 0.166638 0.078207
0.493028 9.9991E-05 0.32263 0.184242
0.576838 9.9991E-05 0.231348 0.191714
0.64063 9.9991E-05 0.292842 0.0664279
0.542705 9.9991E-05 0.310319 0.146876
0.696122 0.0516436 0.210347 0.0418881
0.571506 0.0119615 0.267514 0.149019
0.0567974 0.140539 0.800093 0.00257047
9.9991E-05 0.0744784 0.798066 0.127356
0.0926838 0.13198 0.661083 0.114253
0.68554 0.00678078 0.173961 0.133718
0.465217 0.0971456 0.372202 0.0654357
0.670062 0.0311855 0.207334 0.0914178
0.687098 0.0722423 0.149662 0.090997
0.511455 0.168439 0.0737424 0.246364
0.569825 0.171446 0.011224 0.247505
0.181792 0.161646 0.240415 0.416147
0.635596 0.052564 0.134751 0.177089
0.492528 0.0799536 0.176269 0.25125
9.9991E-05 0.220211 0.345799 0.43389
0.313508 0.24941 0.14925 0.287832
0.3742 0.143519 0.104171 0.37811
0.455336 0.0851485 0.106155 0.35336
0.539449 0.173976 0.116238 0.170336
0.622425 0.130402 0.0562302 0.190942
0.637867 0.108174 0.108956 0.145003
0.423889 0.176111 0.207911 0.192089
0.253947 0.108887 0.0993903 0.537775
