0.0314579 0.0259278 9.9973E-05 0.021522 0.0473649 0.0207575 0.0432889 0.809381 9.9973E-05 9.9973E-05
9.9964E-05 9.9964E-05 0.00441343 0.00346528 0.00557622 0.0411112 0.0207182 0.924316 9.9964E-05 9.9964E-05
0.0306118 9.9964E-05 9.9964E-05 0.0218601 0.0170494 9.9964E-05 0.0697525 0.755112 9.9964E-05 0.105214
0.0912737 0.00719878 9.9973E-05 0.0670174 0.0117066 9.9973E-05 0.0311827 0.737042 9.9973E-05 0.0542792
0.0155489 9.9946E-05 0.0647313 9.9946E-05 9.9946E-05 9.9946E-05 9.9946E-05 0.884034 9.9946E-05 0.035086
0.105839 0.0219564 0.00495621 9.9991E-05 0.15132 0.0232194 0.0177416 0.550968 0.0987757 0.0251244
9.9964E-05 0.145804 9.9964E-05 9.9964E-05 0.0566708 0.00191836 0.0717885 0.701865 0.0215533 9.9964E-05
0.0348043 0.0577504 0.00216256 0.00874009 0.125423 9.9982E-05 0.0600356 0.655098 0.0557866 9.9982E-05
9.99729E-05 0.03765 9.99729E-05 0.0419825 0.0229798 0.018118 0.0126377 0.820791 0.0455414 9.99729E-05
0.0710237 0.0417391 0.00177389 9.9982E-05 0.0570143 9.9982E-05 0.0535929 0.627719 0.0547571 0.0921802
9.9973E-05 0.0314495 9.9973E-05 0.0133002 0.103422 9.9973E-05 0.00405759 0.692852 0.121505 0.0331135
0.00566903 0.870532 9.9946E-05 0.0169292 9.9946E-05 9.9946E-05 9.9946E-05 9.9946E-05 9.9946E-05 0.106271
0.0032463 0.510968 9.9964E-05 0.00229784 0.0122296 9.9964E-05 0.0550464 9.9964E-05 9.9964E-05 0.415811
0.0366142 0.696487 0.0887875 0.0183542 0.00497007 9.9982E-05 0.0170754 0.0307214 9.9982E-05 0.10679
0.113345 0.782152 9.9937E-05 9.9937E-05 9.9937E-05 9.9937E-05 9.9937E-05 9.9937E-05 9.9937E-05 0.103803
0.114785 0.533453 9.9955E-05 9.9955E-05 9.9955E-05 9.9955E-05 9.9955E-05 0.0919055 0.0767002 0.182656
9.9937E-05 0.395569 9.9937E-05 9.9937E-05 9.9937E-05 9.9937E-05 9.9937E-05 0.0760146 9.9937E-05 0.527716
0.0568266 0.523333 0.0165084 9.9982E-05 0.00233796 0.0551199 0.043229 9.9982E-05 0.00840078 0.294045
0.0185827 0.658904 9.9964E-05 9.9964E-05 9.9964E-05 0.0414712 0.00364547 0.0876579 9.9964E-05 0.189339
9.9946E-05 0.789484 9.9946E-05 0.166317 9.9946E-05 9.9946E-05 0.0123908 9.9946E-05 0.0312087 9.9946E-05
0.0606116 0.431556 0.0787416 9.9973E-05 0.0905943 0.0357377 9.9973E-05 9.9973E-05 0.00538619 0.297073
0.0287536 0.307688 9.9982E-05 0.0569874 0.0247922 0.0609133 0.0276564 9.9982E-05 0.144234 0.348776
9.9964E-05 0.260053 9.9964E-05 9.9964E-05 0.0315825 0.0750151 9.9964E-05 0.075386 0.0290031 0.528561
0.0352681 0.807622 9.9937E-05 9.9937E-05 9.9937E-05 9.9937E-05 9.9937E-05 9.9937E-05 9.9937E-05 0.15641
0.0665327 0.220952 0.0159434 9.9973E-05 9.9973E-05 0.0363439 0.0510311 9.9973E-05 0.0405448 0.568352
0.0800365 0.495265 9.9964E-05 0.0175098 9.9964E-05 0.00421851 9.9964E-05 0.0163793 9.9964E-05 0.386191
0.0497816 0.935499 9.9937E-05 9.9937E-05 9.9937E-05 9.9937E-05 0.0140197 9.9937E-05 9.9937E-05 9.9937E-05
0.124864 0.874337 9.9928E-05 9.9928E-05 9.9928E-05 9.9928E-05 9.9928E-05 9.9928E-05 9.9928E-05 9.9928E-05
9.9955E-05 0.855187 0.0507743 9.9955E-05 0.0267236 9.9955E-05 9.9955E-05 9.9955E-05 0.00480459 0.0620106
9.99201E-05 9.99201E-05 9.99201E-05 9.99201E-05 9.99201E-05 9.99201E-05 0.999101 9.99201E-05 9.99201E-05 9.99201E-05
9.99201E-05 9.99201E-05 9.99201E-05 9.99201E-05 9.99201E-05 9.99201E-05 0.999101 9.99201E-05 9.99201E-05 9.99201E-05
0.0102509 9.9955E-05 9.9955E-05 0.0393226 9.9955E-05 9.9955E-05 0.463289 0.380178 9.9955E-05 0.10646
0.121664 9.9955E-05 9.9955E-05 9.9955E-05 9.9955E-05 0.0437208 0.290851 0.475108 9.9955E-05 0.0681561
9.9991E-05 0.0752972 0.140882 0.00995332 0.091114 0.0673393 0.0202735 0.0104698 0.0773431 0.507227
9.9973E-05 9.9973E-05 0.000446172 0.0293359 0.0343523 0.277398 0.00473629 0.136175 9.9973E-05 0.517256
0.0345599 9.9973E-05 0.0476496 9.9973E-05 0.0158417 0.315834 0.0634643 9.9973E-05 0.0204374 0.501914
9.9982E-05 0.373762 0.086396 0.342344 0.0122494 0.00912411 0.0297099 0.0798843 9.9982E-05 0.0663299
0.0155376 9.9982E-05 0.0612738 0.0662554 9.9982E-05 0.476781 0.026277 0.0469452 0.0297151 0.277015
0.0632081 0.0812594 0.056345 0.0367109 9.9973E-05 0.255286 9.9973E-05 0.0841001 9.9973E-05 0.42279
9.9973E-05 0.0404887 0.0079153 9.9973E-05 0.060449 0.101884 0.0138699 9.9973E-05 0.10469 0.670403
9.9982E-05 9.9982E-05 0.000632092 0.0337068 0.0438122 0.0788235 0.064671 0.0437334 0.149629 0.584792
0.0317259 0.00709065 9.9991E-05 0.0231382 0.0749723 0.0587761 0.0326183 0.0626542 0.0942697 0.614655
9.9964E-05 0.181329 9.9964E-05 9.9964E-05 0.0559077 0.545935 0.0350289 9.9964E-05 0.0684874 0.112912
0.0226749 0.0784376 9.9964E-05 0.0447717 9.9964E-05 9.9964E-05 9.9964E-05 0.0626256 0.234738 0.556353
0.052571 9.9982E-05 0.0422114 0.00740283 9.9982E-05 0.220671 0.0232088 0.0148409 0.0764591 0.562435
0.087994 0.104296 9.9973E-05 0.069642 9.9973E-05 0.0770729 0.00756279 0.09694 9.9973E-05 0.556193
9.9946E-05 9.9946E-05 0.0114143 0.0505855 9.9946E-05 0.683406 9.9946E-05 9.9946E-05 9.9946E-05 0.253994
9.9946E-05 9.9946E-05 9.9946E-05 0.03347 9.9946E-05 0.347645 9.9946E-05 0.0386734 9.9946E-05 0.579612
0.115201 0.0195391 0.0871553 0.0129395 0.0530924 0.126429 0.0719213 0.0207665 0.0527392 0.440217
9.9946E-05 9.9946E-05 9.9946E-05 0.0253046 9.9946E-05 0.676181 9.9946E-05 0.07448 0.223435 9.9946E-05
9.9964E-05 0.32094 0.0506999 0.212086 9.9964E-05 0.228295 9.9964E-05 9.9964E-05 0.0859491 0.10163
9.9955E-05 0.395696 0.136578 9.9955E-05 0.0382524 0.123029 9.9955E-05 9.9955E-05 0.305944 9.9955E-05
0.0841533 0.219305 0.0665891 0.0727329 9.9964E-05 9.9964E-05 9.9964E-05 0.0764788 9.9964E-05 0.480341
0.0243981 0.066538 0.107229 9.9973E-05 9.9973E-05 0.0407557 9.9973E-05 0.135989 0.0738269 0.550964
0.0726925 0.155004 0.0487154 9.9973E-05 9.9973E-05 0.0711886 9.9973E-05 0.00566299 0.0734005 0.573036
9.9991E-05 0.197404 0.0624891 0.148265 0.118475 0.176397 0.0293042 0.0541407 0.0310065 0.182418
9.9973E-05 0.164103 9.9973E-05 0.105398 0.0638834 0.024036 0.0158621 9.9973E-05 0.0833002 0.543118
0.112011 0.220217 9.9973E-05 0.0398995 0.00639008 9.9973E-05 9.9973E-05 0.0373718 0.098524 0.485287
0.0207708 0.206787 0.0390999 0.0475045 0.0249719 0.140166 0.0689296 0.0260115 0.0960647 0.329694
9.9964E-05 0.497988 9.9964E-05 9.9964E-05 0.141962 0.0179765 0.0211444 0.159359 0.161171 9.9964E-05
0.0268997 0.0736977 0.0388874 0.114638 9.9991E-05 0.103551 0.032216 0.0128459 0.104075 0.493088
0.0197136 0.358233 0.0414188 0.00480457 0.0747319 0.0880654 0.00171962 0.115258 0.00603473 0.29002
9.9982E-05 0.636779 0.0220974 0.0275239 0.105744 0.082411 0.027471 0.00339022 0.0943831 9.9982E-05
9.9973E-05 0.377857 0.00486714 0.00286043 0.0381213 0.0643311 9.9973E-05 9.9973E-05 0.0597974 0.451866
0.0959564 0.0715672 0.109293 9.9973E-05 9.9973E-05 0.0452039 9.9973E-05 0.0432101 0.0784031 0.556067
0.012704 0.139641 0.034961 0.0336172 0.0612092 9.9991E-05 0.0786241 0.0250698 0.0631515 0.550922
0.105663 0.43818 0.0584401 0.00450618 0.117731 0.0605146 0.0112842 9.9991E-05 0.0459974 0.157584
0.0539872 0.367189 0.054065 0.0258509 0.0402233 0.0136308 0.0448985 9.9991E-05 0.0400789 0.359976
0.0211343 0.00403326 0.0668934 0.0785626 0.0663096 0.0164811 0.0653605 0.075832 9.9991E-05 0.605293
9.9982E-05 0.501593 0.0364894 0.128807 0.0245508 0.0626774 0.0321846 9.9982E-05 0.122918 0.0905788
9.9955E-05 0.0136118 9.9955E-05 0.0577809 0.0801219 0.273055 9.9955E-05 9.9955E-05 9.9955E-05 0.574931
9.9973E-05 0.111379 9.9973E-05 0.050487 0.00693925 0.653568 0.0230201 0.00211078 9.9973E-05 0.152196
9.9955E-05 9.9955E-05 9.9955E-05 0.225656 9.9955E-05 0.0550115 9.9955E-05 0.056507 0.0448734 0.617453
9.9946E-05 9.9946E-05 0.0333889 9.9946E-05 0.0308607 0.835774 9.9946E-05 9.9946E-05 0.0993764 9.9946E-05
9.9946E-05 0.0452685 9.9946E-05 9.9946E-05 0.024905 0.849104 9.9946E-05 9.9946E-05 0.0801229 9.9946E-05
9.9937E-05 9.9937E-05 9.9937E-05 9.9937E-05 0.0193088 0.703915 9.9937E-05 9.9937E-05 9.9937E-05 0.276076
9.9973E-05 0.0655028 9.9973E-05 0.0250411 0.032102 0.420077 0.00677915 0.0404705 9.9973E-05 0.409727
0.0388486 0.0902891 0.0714079 0.0280209 9.9982E-05 0.127339 0.0680493 0.0606094 9.9982E-05 0.515236
0.0206559 9.9973E-05 9.9973E-05 0.0698572 9.9973E-05 0.380131 0.000399642 0.0283753 0.0537481 0.446533
9.9964E-05 0.169153 9.9964E-05 9.9964E-05 0.112948 0.575938 0.0121067 0.0217204 9.9964E-05 0.107734
9.9982E-05 0.0425912 0.00433805 0.118207 0.0858956 0.530154 0.0182408 0.0199059 9.9982E-05 0.180467
0.0495406 9.9982E-05 0.0631402 0.0645797 0.0170918 0.215172 9.9982E-05 0.0650308 0.0514294 0.473815
0.0854662 0.0303035 0.0453239 9.9982E-05 9.9982E-05 0.533659 0.0140114 0.00726595 0.0309657 0.252804
9.9964E-05 0.0925617 9.9964E-05 9.9964E-05 0.00695978 0.46092 0.0127118 0.00908591 9.9964E-05 0.417361
9.9946E-05 9.9946E-05 0.0315385 9.9946E-05 9.9946E-05 0.561173 9.9946E-05 9.9946E-05 0.0436544 0.363035
9.9955E-05 9.9955E-05 0.111278 0.0473207 0.0145096 0.675566 9.9955E-05 9.9955E-05 0.150825 9.9955E-05
0.0380336 9.9955E-05 9.9955E-05 0.0644719 9.9955E-05 0.285667 9.9955E-05 9.9955E-05 0.054837 0.55649
0.0376807 0.0194066 9.9964E-05 9.9964E-05 0.0285609 9.9964E-05 0.0104186 0.817128 9.9964E-05 0.0864059
9.9937E-05 9.9937E-05 9.9937E-05 9.9937E-05 9.9937E-05 9.9937E-05 0.117894 0.794979 9.9937E-05 0.0864272
0.0209074 9.9955E-05 9.9955E-05 0.000732624 9.9955E-05 9.9955E-05 0.128485 0.766809 9.9955E-05 0.0825667
0.00612595 9.9964E-05 9.9964E-05 9.9964E-05 9.9964E-05 0.0428399 0.0794338 0.81492 0.0135244 0.042756
0.0189028 0.0254655 0.0132579 9.9973E-05 9.9973E-05 0.0205328 0.0969481 0.76851 9.9973E-05 0.0560835
0.0473732 9.9973E-05 0.00314774 9.9973E-05 0.0402649 9.9973E-05 0.0460041 0.805443 0.00731024 0.0501572
9.99371E-05 9.99371E-05 9.99371E-05 9.99371E-05 9.99371E-05 9.99371E-05 0.0362961 0.881115 9.99371E-05 0.0818889
0.0663246 9.9973E-05 0.0879279 0.000938045 9.9973E-05 0.29264 0.0267816 0.112284 9.9973E-05 0.412803
0.0552845 0.0116052 0.073301 0.0470984 9.9991E-05 0.0833908 0.065815 0.0415562 0.0762539 0.545595
9.9955E-05 0.159151 0.0619307 9.9955E-05 0.0367066 0.699836 9.9955E-05 0.0418764 9.9955E-05 9.9955E-05
0.121333 0.210167 9.9982E-05 9.9982E-05 0.0116498 0.146735 0.00407431 0.0306424 0.0489715 0.426227
0.00616655 0.128733 9.9964E-05 0.0462659 9.9964E-05 0.382504 9.9964E-05 0.0827193 9.9964E-05 0.353211
0.0770731 9.9964E-05 0.0341835 0.0294598 9.9964E-05 0.30655 9.9964E-05 0.00682769 9.9964E-05 0.545506
9.9964E-05 0.0893662 0.0156925 9.9964E-05 9.9964E-05 0.244472 9.9964E-05 0.0511555 0.0515786 0.547335
0.10501 9.9973E-05 0.0304882 9.9973E-05 0.0222481 0.399676 0.0154624 0.00725664 9.9973E-05 0.419558
9.9946E-05 0.209858 0.0588778 9.9946E-05 0.110244 0.620421 9.9946E-05 9.9946E-05 9.9946E-05 9.9946E-05
9.9964E-05 0.0457425 9.9964E-05 9.9964E-05 0.130821 0.105728 0.042916 0.113578 9.9964E-05 0.560815
0.002902 0.0814053 9.9973E-05 9.9973E-05 0.000806107 0.175173 0.00380282 0.103873 9.9973E-05 0.631737
0.0531853 0.0958739 9.9973E-05 9.9973E-05 0.0312817 0.133218 0.0959251 9.9973E-05 0.00333665 0.58688
0.0565028 0.0444611 0.110916 9.9973E-05 9.9973E-05 0.444175 0.0330268 9.9973E-05 0.0926394 0.217979
9.9964E-05 9.9964E-05 0.0974583 9.9964E-05 0.0613449 0.349185 0.00366959 0.0155163 9.9964E-05 0.472426
0.00989642 0.0910333 0.0431792 9.9982E-05 0.0744445 0.30571 0.0109296 9.9982E-05 0.019121 0.445486
0.0920314 9.9955E-05 0.023117 9.9955E-05 0.00894774 0.642619 9.9955E-05 9.9955E-05 9.9955E-05 0.232785
9.9955E-05 9.9955E-05 9.9955E-05 0.0770909 9.9955E-05 0.479684 0.0114544 0.0949726 9.9955E-05 0.336298
0.0332656 0.154617 9.9973E-05 9.9973E-05 0.0692392 0.142096 0.00381833 0.0896367 9.9973E-05 0.507027
0.00942532 0.265139 0.20699 0.177567 9.9982E-05 9.9982E-05 0.0113006 0.0308916 0.0887841 0.209703
0.0629588 0.222203 9.9982E-05 0.173178 0.0918054 9.9982E-05 0.0261645 0.031138 0.0801764 0.312176
0.0313959 0.136963 0.10379 0.00243502 0.0810963 9.9982E-05 0.00275471 0.0726608 9.9982E-05 0.568704
0.062346 9.9982E-05 0.0232178 0.060444 0.0433367 0.116822 0.0139504 0.130377 9.9982E-05 0.549307
9.9973E-05 0.264882 0.0528456 0.225514 9.9973E-05 9.9973E-05 0.062885 0.00917311 0.00584023 0.37856
0.0564571 0.0994893 0.0344871 0.261083 9.9964E-05 9.9964E-05 9.9964E-05 9.9964E-05 0.0466312 0.501452
0.0232396 0.165342 0.0677822 0.261275 0.00574793 9.9973E-05 9.9973E-05 0.0379939 9.9973E-05 0.43832
9.9982E-05 0.0153309 0.0668731 0.17072 0.0207915 0.0544886 9.9982E-05 0.0867576 0.0441105 0.540727
0.00827991 0.00579425 0.0229978 0.152441 0.0240136 0.0605839 0.0388471 0.0380159 0.0531734 0.595853
9.9964E-05 0.120321 9.9964E-05 0.226931 9.9964E-05 0.0315185 0.0264301 9.9964E-05 0.0460927 0.548308
9.9973E-05 0.171587 0.00501794 0.222924 0.0391318 0.0540782 9.9973E-05 9.9973E-05 0.00861796 0.498344
0.0673657 0.09286 9.9973E-05 0.0422101 0.00769633 0.112793 0.0617174 9.9973E-05 9.9973E-05 0.615057
0.0886316 9.9982E-05 0.112905 0.096831 0.0283646 0.0676592 9.9982E-05 0.0454352 0.0490075 0.510966
0.0764793 0.104068 0.0922042 0.22377 9.9964E-05 0.0190341 9.9964E-05 9.9964E-05 9.9964E-05 0.484045
0.0621609 0.0270589 0.151754 0.12547 0.0117743 9.9991E-05 0.015394 0.0588821 0.0604333 0.486973
0.0543187 0.0732791 0.079651 0.129688 0.0303616 9.9982E-05 0.041801 9.9982E-05 0.0296251 0.561075
9.9982E-05 0.133174 0.110324 0.148561 0.0492788 9.9982E-05 0.0401768 0.033074 0.102651 0.382561
9.9973E-05 0.0745287 0.0230545 0.168442 9.9973E-05 0.0144427 0.0111333 9.9973E-05 0.089361 0.618738
0.00510273 9.9973E-05 0.097613 0.122104 0.0223391 9.9973E-05 9.9973E-05 0.0100123 0.0384623 0.704067
0.0531441 0.273065 0.0685804 0.285323 9.9973E-05 0.147612 9.9973E-05 0.0183513 9.9973E-05 0.153623
0.0125551 0.184699 0.231224 0.189778 9.9982E-05 9.9982E-05 0.0213645 0.00287121 0.260877 0.0964313
9.9982E-05 0.093781 0.00875389 0.127962 0.0895295 0.0829676 9.9982E-05 0.0512668 0.0186277 0.526912
0.0445032 9.9982E-05 0.247338 0.225313 0.093198 0.191038 0.0233741 9.9982E-05 0.133461 0.0415748
9.9964E-05 0.320393 0.00336538 0.28658 9.9964E-05 0.146173 9.9964E-05 0.0358808 9.9964E-05 0.207208
9.9973E-05 0.148545 0.0464368 0.228759 9.9973E-05 0.0975563 9.9973E-05 0.0345826 0.00419586 0.439624
9.9973E-05 0.25986 9.9973E-05 0.182955 0.0934424 0.124173 0.0195351 0.0165689 9.9973E-05 0.303165
9.9973E-05 0.249293 9.9973E-05 0.316841 0.052021 0.0661952 9.9973E-05 0.0078599 0.0358499 0.27164
9.9973E-05 0.199673 0.0535162 0.0874725 9.9973E-05 0.0214226 0.0241333 0.0576162 9.9973E-05 0.555866
0.0452772 0.104244 0.0525746 0.0110516 0.029151 0.0156056 9.9991E-05 0.0978363 0.0602803 0.583879
0.050887 0.205605 0.0694324 0.0471162 9.9982E-05 0.127973 0.00804727 0.0506736 9.9982E-05 0.440065
0.0732677 0.0587341 0.0862446 0.292755 0.00695096 0.117649 9.9982E-05 9.9982E-05 0.219229 0.14497
0.00872416 0.185662 0.0593948 0.0844496 0.0389366 0.122884 0.0323182 0.0516805 0.04197 0.37398
0.0685408 0.0446327 0.0574774 9.9982E-05 0.063044 0.0725591 9.9982E-05 0.0154517 0.220013 0.458082
9.9982E-05 0.124437 0.0451814 0.0728752 0.0385417 0.164766 0.0316291 0.0472618 0.475108 9.9982E-05
0.0782386 9.9973E-05 0.0474212 9.9973E-05 9.9973E-05 0.0349474 0.0172676 0.0668345 0.19729 0.5577
0.0612994 9.9991E-05 0.123082 0.0906026 0.00365801 0.163695 0.0159544 0.0200313 0.230977 0.2906
0.0843591 0.045189 0.0719808 0.0317036 0.0227852 0.0710011 0.00483103 0.0451577 0.135316 0.487677
9.9982E-05 0.00858876 0.034444 9.9982E-05 0.0860822 0.192386 0.0104822 0.0513289 0.38164 0.234847
9.9982E-05 0.0893507 0.104261 0.0430239 9.9982E-05 0.0625134 0.0374477 0.0240875 0.463905 0.175211
9.9991E-05 0.0941912 0.127165 0.0504961 0.0961908 0.0236651 0.0117206 0.0339493 0.134627 0.427894
0.0421561 0.0695277 0.0515602 0.143856 0.00215482 0.110943 9.9991E-05 0.0981556 0.079542 0.402005
0.0244091 0.0809939 0.0449855 0.128715 9.9991E-05 0.0855499 0.00104507 0.109382 0.111914 0.412906
0.151142 0.190417 0.0689737 9.9982E-05 0.00642524 0.154886 0.0153606 0.0052821 0.407314 9.9982E-05
0.0585929 0.0414976 0.0693668 0.0757901 0.0506573 0.0564406 9.9991E-05 0.0919942 0.0869963 0.468564
9.9973E-05 0.0862514 0.00569707 0.00373197 0.0594606 0.196837 9.9973E-05 9.9973E-05 0.305286 0.342436
0.00406975 0.106391 0.112397 0.0588067 0.00631306 0.117208 0.00482202 9.9991E-05 0.168077 0.421815
0.0983267 9.9973E-05 9.9973E-05 9.9973E-05 0.0555904 0.144177 0.0439535 0.0727362 0.0753915 0.509525
0.207603 0.0425409 9.9973E-05 9.9973E-05 9.9973E-05 0.028114 0.0656741 0.238351 0.2478 0.169617
0.140511 9.9946E-05 9.9946E-05 9.9946E-05 9.9946E-05 9.9946E-05 0.0330119 0.433664 0.392214 9.9946E-05
0.124163 9.9946E-05 9.9946E-05 9.9946E-05 9.9946E-05 9.9946E-05 0.0611944 0.378876 0.435167 9.9946E-05
0.307387 9.9955E-05 9.9955E-05 0.00701651 9.9955E-05 9.9955E-05 9.9955E-05 0.387714 0.228393 0.0689895
0.0432744 9.9964E-05 0.0787817 0.0169613 9.9964E-05 0.170974 9.9964E-05 9.9964E-05 0.0964955 0.593114
0.0444643 0.0275621 0.0726227 0.0213958 0.112334 0.0135157 9.9991E-05 0.0438249 0.162464 0.501716
0.668803 0.00421098 9.9964E-05 9.9964E-05 0.0119698 0.060356 0.0276476 9.9964E-05 9.9964E-05 0.226613
0.485761 0.0522101 0.0259866 0.0210701 0.049952 0.136107 0.00555779 0.0052952 9.9991E-05 0.21796
0.425822 0.0600025 9.9973E-05 0.0792241 9.9973E-05 0.0765045 9.9973E-05 0.0356953 0.0321829 0.290269
9.9964E-05 9.9964E-05 0.0984715 9.9964E-05 0.000484352 0.17294 0.0290277 9.9964E-05 0.430831 0.267846
0.0443145 0.054269 9.9991E-05 0.15913 0.00685431 0.141759 0.0370587 0.0340226 0.183926 0.338565
0.00673605 9.9955E-05 0.206232 9.9955E-05 9.9955E-05 0.105691 9.9955E-05 9.9955E-05 0.501608 0.179233
0.0127262 0.0128064 0.115588 0.0158211 0.0152275 0.0344605 9.9991E-05 0.0474932 0.173789 0.571988
9.9973E-05 0.0343043 0.141528 0.0916641 9.9973E-05 0.0701958 9.9973E-05 0.00187181 0.186386 0.47375
0.0313619 0.00379691 0.0173409 9.9973E-05 0.0214463 0.0745577 9.9973E-05 9.9973E-05 0.294713 0.556483
9.9964E-05 0.0734694 0.140109 0.0323065 9.9964E-05 0.124506 9.9964E-05 9.9964E-05 0.439302 0.189907
0.112097 9.9973E-05 0.0293813 9.9973E-05 0.0264105 0.0441533 9.9973E-05 0.0684332 0.0623007 0.656924
9.9964E-05 9.9964E-05 0.0620303 9.9964E-05 0.00856655 0.0562988 9.9964E-05 0.0353106 0.230516 0.606878
0.939337 9.9937E-05 9.9937E-05 9.9937E-05 9.9937E-05 0.047579 9.9937E-05 9.9937E-05 9.9937E-05 0.0123844
0.895112 9.9955E-05 0.0125183 0.00876132 9.9955E-05 0.0138046 9.9955E-05 9.9955E-05 9.9955E-05 0.0693042
0.616348 9.9964E-05 0.0330249 0.0362794 9.9964E-05 0.0747972 9.9964E-05 0.0372937 9.9964E-05 0.201857
0.641535 9.9946E-05 0.019619 9.9946E-05 0.00883648 9.9946E-05 9.9946E-05 9.9946E-05 9.9946E-05 0.32941
0.75499 9.9946E-05 9.9946E-05 9.9946E-05 0.047712 9.9946E-05 9.9946E-05 9.9946E-05 0.0230751 0.173623
0.999101 9.99201E-05 9.99201E-05 9.99201E-05 9.99201E-05 9.99201E-05 9.99201E-05 9.99201E-05 9.99201E-05 9.99201E-05
0.934587 9.9937E-05 9.9937E-05 0.058644 0.00606987 9.9937E-05 9.9937E-05 9.9937E-05 9.9937E-05 9.9937E-05
0.861639 9.9928E-05 9.9928E-05 9.9928E-05 9.9928E-05 9.9928E-05 9.9928E-05 9.9928E-05 9.9928E-05 0.137562
0.971426 9.9937E-05 9.9937E-05 0.0118029 9.9937E-05 9.9937E-05 9.9937E-05 9.9937E-05 9.9937E-05 0.0160712
0.984831 9.9928E-05 0.0143692 9.9928E-05 9.9928E-05 9.9928E-05 9.9928E-05 9.9928E-05 9.9928E-05 9.9928E-05
0.972781 9.9928E-05 9.9928E-05 9.9928E-05 9.9928E-05 9.9928E-05 0.0264201 9.9928E-05 9.9928E-05 9.9928E-05
0.768381 0.0480921 9.9955E-05 0.0368719 9.9955E-05 9.9955E-05 0.0404329 9.9955E-05 9.9955E-05 0.105723
0.834059 9.9955E-05 9.9955E-05 0.0589842 0.00835138 9.9955E-05 9.9955E-05 0.0214415 9.9955E-05 0.0766643
0.982721 9.9937E-05 9.9937E-05 9.9937E-05 0.0113353 9.9937E-05 0.00524426 9.9937E-05 9.9937E-05 9.9937E-05
0.403982 0.133317 9.9973E-05 9.9973E-05 0.003822 0.057093 0.000311489 0.0564482 9.9973E-05 0.344727
0.65924 9.9973E-05 9.9973E-05 0.132277 9.9973E-05 0.0656893 0.00843316 0.0269318 0.0455632 0.061566
0.763321 9.9955E-05 9.9955E-05 0.0729808 9.9955E-05 9.9955E-05 0.0278153 9.9955E-05 0.0386721 0.0967105
0.85251 9.9955E-05 0.0093518 9.9955E-05 9.9955E-05 9.9955E-05 0.00529677 0.0620555 9.9955E-05 0.0702866
0.998052 9.9928E-05 9.9928E-05 9.9928E-05 9.9928E-05 9.9928E-05 9.9928E-05 9.9928E-05 0.00114894 9.9928E-05
0.891267 9.9946E-05 0.0401129 9.9946E-05 9.9946E-05 9.9946E-05 9.9946E-05 0.032688 9.9946E-05 0.0353328
0.979572 9.9928E-05 9.9928E-05 9.9928E-05 9.9928E-05 9.9928E-05 0.0196287 9.9928E-05 9.9928E-05 9.9928E-05
0.584939 9.9973E-05 0.0190178 0.0547213 0.0348355 0.0450001 0.0364537 9.9973E-05 9.9973E-05 0.224733
0.890678 9.9964E-05 0.0323636 0.0457586 0.0184066 0.00279079 9.9964E-05 0.00960235 9.9964E-05 9.9964E-05
0.0664584 0.0425577 0.0271263 9.9955E-05 9.9955E-05 9.9955E-05 9.9955E-05 0.26808 0.595278 9.9955E-05
9.9973E-05 0.0225793 9.9973E-05 0.102241 0.00460972 9.9973E-05 0.0588419 0.12936 0.252523 0.429545
0.0472122 9.9973E-05 0.0108687 9.9973E-05 0.0873553 9.9973E-05 0.0367301 0.162542 0.238334 0.416658
0.0758568 9.9991E-05 0.0130032 0.0466894 0.0576716 0.0399597 0.0524549 0.119737 0.430179 0.164349
0.206593 9.9973E-05 0.0277776 9.9973E-05 0.169669 9.9973E-05 0.0737865 0.0422228 0.127496 0.352156
0.127622 9.9964E-05 9.9964E-05 9.9964E-05 9.9964E-05 0.118041 0.0752788 0.178528 0.361742 0.138387
0.129332 0.127224 0.104705 9.9982E-05 0.0451045 9.9982E-05 0.034135 0.130595 0.0757047 0.352999
0.14429 9.9964E-05 9.9964E-05 9.9964E-05 0.0141379 0.0541171 9.9964E-05 0.0791542 0.348608 0.359293
0.10271 0.0418186 9.9982E-05 0.0290401 0.00426292 9.9982E-05 0.0762728 0.032289 0.247563 0.465844
0.227768 9.9955E-05 9.9955E-05 9.9955E-05 9.9955E-05 9.9955E-05 0.0608839 0.105144 0.35768 0.248024
0.133489 0.117823 0.0287308 0.00917369 0.0153796 0.0916421 0.0743129 0.10847 0.146758 0.274222
9.9955E-05 9.9955E-05 9.9955E-05 0.0594976 0.0689199 9.9955E-05 9.9955E-05 0.769718 0.0729608 0.0284038
0.0906995 9.9946E-05 0.00950198 9.9946E-05 9.9946E-05 9.9946E-05 0.0882704 0.810929 9.9946E-05 9.9946E-05
9.9955E-05 0.0277609 9.9955E-05 0.0406385 9.9955E-05 9.9955E-05 0.0486986 0.881771 9.9955E-05 0.00063147
9.9955E-05 9.9955E-05 9.9955E-05 0.0457484 0.015877 9.9955E-05 0.0331948 0.878541 9.9955E-05 0.0261393
0.0114756 9.9964E-05 9.9964E-05 0.0769995 9.9964E-05 9.9964E-05 0.13494 0.744592 0.00493659 0.0266565
0.0650291 0.0173627 0.00557897 0.00210835 9.9973E-05 9.9973E-05 0.0688187 0.819326 9.9973E-05 0.0214758
0.107844 0.012651 9.9964E-05 9.9964E-05 9.9964E-05 0.0205298 0.0550559 0.803223 9.9964E-05 0.000296186
9.9973E-05 9.9973E-05 0.0362551 0.0244427 9.9973E-05 0.0172431 0.022612 0.849013 0.0253694 0.024765
0.0248111 0.0426302 9.9964E-05 9.9964E-05 9.9964E-05 0.0298192 0.0554688 0.844842 0.00202863 9.9964E-05
0.0758866 9.9946E-05 9.9946E-05 9.9946E-05 9.9946E-05 9.9946E-05 9.9946E-05 0.860658 0.0200725 0.0427834
9.9955E-05 0.255202 0.0359403 9.9955E-05 0.114827 9.9955E-05 0.0607965 0.532735 9.9955E-05 9.9955E-05
9.9964E-05 0.215713 9.9964E-05 0.0308492 0.167339 0.044877 0.0109226 0.529899 9.9964E-05 9.9964E-05
9.9973E-05 0.252689 0.0106382 0.049224 0.0717394 9.9973E-05 0.0296961 0.490018 0.0956958 9.9973E-05
9.9955E-05 0.290208 9.9955E-05 0.0521955 0.111784 0.0725883 9.9955E-05 0.472725 9.9955E-05 9.9955E-05
9.9991E-05 0.058544 0.0174237 0.0633296 0.0168481 0.249751 0.0882092 0.0141844 0.0228894 0.46872
0.0294655 0.155799 0.0842114 9.9964E-05 0.113869 0.182128 9.9964E-05 9.9964E-05 9.9964E-05 0.434127
0.0992461 0.114407 0.0229787 0.0704414 0.0814164 0.116451 9.9973E-05 9.9973E-05 9.9973E-05 0.49476
9.9982E-05 0.0474452 0.00559251 0.229228 9.9982E-05 0.214832 0.0259693 0.0348554 0.0576977 0.38418
9.9973E-05 0.30291 0.0480449 0.371924 0.0214134 0.0637746 9.9973E-05 9.9973E-05 0.0326557 0.158978
0.0571173 0.0247101 0.0695688 0.0294829 0.023384 0.244174 9.9982E-05 0.0389507 9.9982E-05 0.512413
0.0269972 0.0828739 0.0575338 0.0174637 0.0112633 0.240833 9.9973E-05 9.9973E-05 9.9973E-05 0.562735
9.9973E-05 0.0618054 0.0546009 9.9973E-05 0.0275813 0.331375 0.0185112 9.9973E-05 0.0353053 0.470521
9.9964E-05 9.9964E-05 0.0447178 0.0124642 0.0120692 0.53244 9.9964E-05 9.9964E-05 0.0368279 0.361081
0.0409601 9.9973E-05 0.0540557 0.13774 9.9973E-05 0.0271509 0.0385151 9.9973E-05 0.128122 0.573156
9.9973E-05 0.055982 0.0374959 9.9973E-05 0.126253 0.354197 0.00866898 9.9973E-05 0.0204023 0.396701
9.9946E-05 9.9946E-05 0.19245 0.101813 9.9946E-05 0.701685 0.00345152 9.9946E-05 9.9946E-05 9.9946E-05
0.0431837 0.185558 0.0349097 0.0881049 0.0226815 0.116767 9.9991E-05 0.0345738 0.00248243 0.471638
9.9982E-05 9.9982E-05 0.102301 0.0356008 0.0159101 0.45741 0.0172223 0.0159675 0.130231 0.225157
9.9964E-05 0.0353038 0.0445078 0.0151287 9.9964E-05 0.346621 9.9964E-05 0.0288116 9.9964E-05 0.529227
9.9973E-05 0.130821 0.0170625 0.0495457 0.0511575 0.635061 9.9973E-05 0.065328 9.9973E-05 0.0507247
9.9955E-05 9.9955E-05 9.9955E-05 0.0101872 0.873107 9.9955E-05 0.00565365 0.0203549 0.0901979 9.9955E-05
0.0158668 9.9928E-05 9.9928E-05 9.9928E-05 0.983334 9.9928E-05 9.9928E-05 9.9928E-05 9.9928E-05 9.9928E-05
9.99201E-05 9.99201E-05 9.99201E-05 9.99201E-05 0.999101 9.99201E-05 9.99201E-05 9.99201E-05 9.99201E-05 9.99201E-05
9.9946E-05 9.9946E-05 9.9946E-05 0.0633142 0.880001 0.0180887 9.9946E-05 0.0379969 9.9946E-05 9.9946E-05
0.0258942 0.0185267 9.9955E-05 9.9955E-05 0.939009 9.9955E-05 9.9955E-05 9.9955E-05 0.00882719 0.00724348
0.03537 9.9937E-05 9.9937E-05 9.9937E-05 0.929528 9.9937E-05 9.9937E-05 9.9937E-05 9.9937E-05 0.0344021
0.00869434 9.9964E-05 0.00405378 9.9964E-05 0.0292121 9.9964E-05 0.0440015 0.819356 9.9964E-05 0.0942827
0.0268095 0.000471879 9.9973E-05 0.0623956 0.00934759 9.9973E-05 0.000651899 0.782168 9.9973E-05 0.117855
0.0904231 9.9955E-05 9.9955E-05 9.9955E-05 0.0137054 9.9955E-05 0.0745205 0.697201 9.9955E-05 0.123651
0.0864298 0.0547306 9.9964E-05 0.0464713 9.9964E-05 9.9964E-05 0.0155423 0.726404 9.9964E-05 0.0700227
0.0371059 9.9955E-05 9.9955E-05 0.0261584 9.9955E-05 9.9955E-05 9.9955E-05 0.787259 0.00340336 0.145574
9.9973E-05 0.00887397 9.9973E-05 0.421456 0.102811 0.0476701 0.0351298 0.338704 0.0450553 9.9973E-05
9.9964E-05 9.9964E-05 0.0642986 0.293284 0.138177 0.043326 0.0208052 0.439709 9.9964E-05 9.9964E-05
9.9964E-05 9.9964E-05 0.0497741 0.253834 0.207034 0.0707316 0.0591007 0.359126 9.9964E-05 9.9964E-05
9.99201E-05 9.99201E-05 9.99201E-05 9.99201E-05 9.99201E-05 9.99201E-05 0.999101 9.99201E-05 9.99201E-05 9.99201E-05
9.9964E-05 9.9964E-05 0.0551062 0.296089 0.22581 0.0516428 0.048174 0.322778 9.9964E-05 9.9964E-05
0.389515 9.9955E-05 0.0650357 9.9955E-05 9.9955E-05 9.9955E-05 9.9955E-05 0.15991 0.160324 0.224715
0.298523 0.0267903 9.9955E-05 9.9955E-05 9.9955E-05 9.9955E-05 9.9955E-05 0.0969983 0.0891575 0.488031
0.265411 0.0104684 9.9973E-05 9.9973E-05 0.00710376 9.9973E-05 0.0373277 0.162418 0.0412069 0.475764
0.166311 0.0164643 9.9973E-05 9.9973E-05 9.9973E-05 0.0647085 0.0421557 0.265927 0.0903659 0.353768
0.133114 0.0354121 9.9973E-05 0.0923379 9.9973E-05 9.9973E-05 0.00893315 0.143977 0.0366787 0.549247
0.338174 9.9946E-05 9.9946E-05 9.9946E-05 9.9946E-05 9.9946E-05 0.00427434 0.415054 0.241898 9.9946E-05
9.9964E-05 0.213141 0.095819 0.132408 0.0933185 9.9964E-05 9.9964E-05 9.9964E-05 0.0529287 0.411985
9.9964E-05 0.152591 0.169789 0.189186 9.9964E-05 9.9964E-05 0.00330677 9.9964E-05 0.157826 0.326902
9.9973E-05 0.510154 0.0578928 0.154832 0.0542225 9.9973E-05 0.0500471 0.0411792 9.9973E-05 0.131373
9.9964E-05 0.0537118 0.256594 0.113586 9.9964E-05 0.122806 9.9964E-05 0.00462232 9.9964E-05 0.44828
9.9964E-05 0.069878 0.336227 0.107379 0.00914684 0.204517 9.9964E-05 9.9964E-05 0.272453 9.9964E-05
0.0203378 0.198934 0.0921778 9.9982E-05 9.9982E-05 0.0315328 0.0429906 0.0704216 0.0611695 0.482236
0.00756711 0.0402644 0.159282 0.18598 9.9991E-05 0.00978386 0.0269081 0.00744302 0.0895243 0.473148
9.9973E-05 0.418735 0.0846785 0.215225 9.9973E-05 0.0385345 0.0140711 0.0344124 9.9973E-05 0.194044
0.0309823 0.111005 9.9973E-05 0.121813 0.0251754 9.9973E-05 9.9973E-05 0.0874931 0.0591823 0.564049
9.9964E-05 0.424074 0.13777 0.00350395 9.9964E-05 0.0779568 9.9964E-05 9.9964E-05 0.317174 0.0391208
0.0367484 0.0572016 0.20265 0.061929 0.109577 0.0134827 9.9982E-05 9.9982E-05 0.0890913 0.42912
9.9964E-05 0.188495 9.9964E-05 0.124224 9.9964E-05 0.100913 0.0236527 9.9964E-05 0.027293 0.535023
0.183319 0.143849 0.00373751 0.0323323 0.0360613 0.134697 9.9982E-05 0.137097 9.9982E-05 0.328708
9.9964E-05 0.241951 0.111071 0.0993325 9.9964E-05 0.0658028 9.9964E-05 9.9964E-05 0.0875409 0.393902
9.9973E-05 0.235724 0.105905 0.0971953 0.0101708 0.0439959 9.9973E-05 9.9973E-05 0.0588612 0.447848
0.0390815 0.133618 0.132344 9.9964E-05 9.9964E-05 0.158773 9.9964E-05 9.9964E-05 0.066843 0.468941
9.9973E-05 0.0579942 0.0881036 0.120567 9.9973E-05 0.0815841 9.9973E-05 0.0266936 0.0925961 0.532162
0.0889728 0.0778001 0.0753711 0.0740544 0.0126482 0.092612 0.0155618 9.9991E-05 0.00247416 0.560405
0.010037 0.185605 0.0175878 9.9982E-05 0.0176423 0.0428703 9.9982E-05 0.130821 0.0184345 0.576802
0.0409586 0.212455 9.9982E-05 0.00240102 9.9982E-05 0.0764756 0.0369813 0.0225695 0.113361 0.494598
0.0702453 9.9946E-05 9.9946E-05 9.9946E-05 9.9946E-05 9.9946E-05 9.9946E-05 0.774665 0.0199384 0.134551
0.0762534 9.99573E-05 0.0274897 9.99573E-05 9.99573E-05 0.0329401 9.99573E-05 0.805031 9.99573E-05 0.0577861
0.0565342 9.9973E-05 0.0182108 0.0972416 9.9973E-05 0.0293448 9.9973E-05 0.756058 0.0387763 0.00353404
0.0340389 9.9973E-05 0.0654222 9.9973E-05 0.0704553 0.0167227 0.0208699 0.752488 9.9973E-05 0.0397031
9.9955E-05 9.9955E-05 0.00358807 9.9955E-05 0.0103852 9.9955E-05 0.052213 0.809861 9.9955E-05 0.123453
0.0701662 0.462301 9.9973E-05 0.313857 9.9973E-05 0.0353013 9.9973E-05 0.0151375 0.0436789 0.0592576
0.0594144 0.127306 0.131538 0.0668265 0.0877227 0.104391 0.00977958 0.0140434 0.0278173 0.371162
0.284679 9.9964E-05 0.092259 9.9964E-05 9.9964E-05 0.113476 9.9964E-05 0.173775 0.0587055 0.276707
0.0636037 0.147411 0.046631 0.0854557 0.0239772 9.9973E-05 0.0324131 9.9973E-05 9.9973E-05 0.600208
0.0046255 0.0179767 9.9973E-05 0.220584 0.0252875 0.0819747 9.9973E-05 0.096208 9.9973E-05 0.553044
0.0354316 0.0803076 0.132676 0.273457 0.0420875 9.9982E-05 0.0465862 9.9982E-05 0.14113 0.248124
9.9982E-05 0.214371 0.0245199 0.334887 0.080508 0.0929334 0.0344386 0.0855399 0.132602 9.9982E-05
0.0215096 0.0086407 0.0288611 0.198396 0.111285 0.0782467 0.0350097 9.9982E-05 9.9982E-05 0.517851
0.0231688 0.273224 0.11487 0.293003 0.052771 0.0561624 0.00674348 0.0833722 0.00271533 0.0939699
0.110851 0.0464152 0.156077 0.116969 0.107042 0.0979972 9.9982E-05 9.9982E-05 0.0716263 0.292823
0.034529 0.335909 0.11228 0.312961 0.0518679 0.0072739 9.9982E-05 0.104609 9.9982E-05 0.0403699
0.065484 0.136146 9.9973E-05 0.190523 0.0384976 9.9973E-05 0.0266458 9.9973E-05 0.00942178 0.532982
0.00452027 0.327477 0.0390939 0.31016 0.00152565 0.0724553 0.0368558 0.0710592 9.9991E-05 0.136753
0.106057 0.120391 0.0903917 0.16066 9.9973E-05 0.145256 9.9973E-05 9.9973E-05 0.142016 0.234929
0.121665 0.117774 0.115916 0.0100569 0.0149981 0.0356578 9.9991E-05 0.0399106 0.105426 0.438495
9.9973E-05 0.0373969 0.0489521 0.0994714 0.0638448 0.0233918 9.9973E-05 9.9973E-05 0.431742 0.294901
0.00856788 0.128387 9.9982E-05 9.9982E-05 0.0720043 0.0383255 0.0191636 0.0213231 0.194071 0.517958
0.0613158 0.0839331 0.00888587 9.9982E-05 0.0423499 9.9982E-05 0.0108496 0.0820612 0.257027 0.453378
9.9964E-05 9.9964E-05 0.0749384 0.0434019 0.0149556 0.0617185 9.9964E-05 9.9964E-05 0.447383 0.357203
0.0737176 0.0980142 9.9982E-05 0.0864239 0.0552677 0.0143795 0.0253679 9.9982E-05 0.191307 0.455322
9.9964E-05 9.9964E-05 0.125592 9.9964E-05 0.0834522 0.0565723 0.0227696 9.9964E-05 0.199446 0.511768
9.9973E-05 0.0104071 0.178172 0.0290518 0.00851086 0.165527 9.9973E-05 9.9973E-05 0.532172 0.0758594
9.9937E-05 9.9937E-05 9.9937E-05 9.9937E-05 9.9937E-05 0.0833909 9.9937E-05 9.9937E-05 0.642848 0.273061
9.9973E-05 9.9973E-05 0.0914965 0.0721155 0.0527992 0.0019546 0.00214187 9.9973E-05 0.330205 0.448987
9.9964E-05 9.9964E-05 0.0974827 0.0610362 0.0371448 0.190221 9.9964E-05 9.9964E-05 0.467616 0.146099
9.9955E-05 0.127933 9.9955E-05 0.0114629 9.9955E-05 0.115907 9.9955E-05 9.9955E-05 0.320945 0.423252
0.0473446 0.279477 0.00385352 0.439609 9.9973E-05 0.120538 9.9973E-05 9.9973E-05 0.0275868 0.0812916
0.00875889 0.14043 0.217662 0.350259 9.9973E-05 0.027558 9.9973E-05 9.9973E-05 0.0461089 0.208923
0.0232 0.0917012 0.110478 0.240648 9.9982E-05 0.152921 0.0306953 0.0722059 9.9982E-05 0.27795
0.0528434 0.110433 0.011784 0.126625 0.0195246 0.0836095 0.0207412 9.9991E-05 0.0229757 0.551364
0.016748 0.314504 9.9973E-05 0.189141 0.0867339 0.239783 0.00669153 9.9973E-05 9.9973E-05 0.146099
0.0454588 9.9991E-05 0.087748 0.179241 0.0127085 0.0150848 0.0508973 0.0672707 0.0465281 0.494963
0.0751247 0.0148781 0.0373988 0.177275 9.9982E-05 0.0836279 0.0748875 9.9982E-05 0.0339178 0.50269
0.0443146 0.289222 0.081286 0.080361 9.9982E-05 0.0802802 9.9982E-05 0.0240551 0.0136503 0.386631
0.0853993 0.111707 0.0470963 0.164384 0.0125426 0.106038 0.00740928 9.9982E-05 9.9982E-05 0.465224
0.030165 0.0902737 9.9973E-05 0.243569 0.0441482 0.134799 9.9973E-05 0.0521339 9.9973E-05 0.404611
0.0810043 0.281695 9.9964E-05 0.331713 0.0294471 0.143607 9.9964E-05 9.9964E-05 9.9964E-05 0.132135
0.0641156 0.0532665 0.0346087 0.37413 0.000781225 0.0859774 9.9982E-05 9.9982E-05 0.0360885 0.350832
0.046517 0.154119 0.0489968 0.0957319 0.0349168 9.9973E-05 9.9973E-05 9.9973E-05 0.0567247 0.562694
0.0606017 0.0942173 0.0519102 0.145091 0.0147462 0.036731 9.9982E-05 0.00196696 9.9982E-05 0.594536
9.9982E-05 0.0959952 0.0979725 0.18181 0.0243108 9.9982E-05 0.0220301 0.0117963 0.163337 0.402548
0.0896311 0.081204 0.184441 0.218364 0.0109187 9.9973E-05 0.00962608 9.9973E-05 9.9973E-05 0.405515
9.9955E-05 0.130022 9.9955E-05 0.287348 9.9955E-05 9.9955E-05 0.00708152 9.9955E-05 0.174638 0.40041
9.9973E-05 0.144421 0.0113575 0.136744 9.9973E-05 0.0813877 0.0183572 0.0036919 9.9973E-05 0.60374
0.0105631 0.17716 0.0347498 0.14419 9.9982E-05 0.00909162 0.0333011 0.0189023 9.9982E-05 0.571842
0.212291 9.99858E-05 0.0303828 0.202291 0.029356 0.102634 0.0360787 9.99858E-05 0.0491054 0.337661
0.127766 0.108156 9.9973E-05 9.9973E-05 9.9973E-05 0.0203077 0.0365732 0.326362 0.0593342 0.321201
0.2315 0.0637241 9.9964E-05 9.9964E-05 9.9964E-05 0.0221606 9.9964E-05 0.0967038 0.183395 0.402116
0.118042 0.0210038 0.0454224 0.0164466 0.0803558 0.0533714 0.0432401 0.0927302 0.0438052 0.485583
0.115798 0.147592 0.0396321 9.9982E-05 0.0839506 9.9982E-05 0.0638604 0.00244149 0.0538497 0.492676
0.166023 0.0848813 0.0869921 9.9973E-05 9.9973E-05 0.00684066 0.0226296 0.189073 9.9973E-05 0.443261
9.9955E-05 0.160108 0.176603 0.113146 9.9955E-05 9.9955E-05 9.9955E-05 9.9955E-05 0.138662 0.410981
0.162642 0.00768881 0.0623543 9.9991E-05 0.0571759 0.107911 0.0471373 0.087145 0.0106272 0.457219
0.115078 0.136999 9.9955E-05 9.9955E-05 9.9955E-05 0.122511 9.9955E-05 0.210438 0.414474 9.9955E-05
0.0932645 0.0194658 0.00787385 0.0542087 0.0342942 0.0131537 0.0159676 0.10268 0.0958686 0.563223
0.109162 0.0773746 0.117798 9.9982E-05 0.0283902 9.9982E-05 0.0235136 0.0769052 0.0430019 0.523655
0.250105 0.0534999 0.0409131 0.0466856 0.0276755 0.035188 9.9991E-05 0.0154166 0.0502467 0.48017
0.102171 0.291149 0.0199716 9.9982E-05 9.9982E-05 0.0218253 0.0659188 0.106115 0.156281 0.236368
0.0990025 0.0352223 0.0335587 9.9973E-05 9.9973E-05 9.9973E-05 0.0298091 0.178979 0.0915901 0.531539
0.130698 9.9964E-05 0.0184468 9.9964E-05 9.9964E-05 9.9964E-05 0.0427355 0.152909 0.0756621 0.579149
0.175307 9.9946E-05 0.0381641 9.9946E-05 9.9946E-05 9.9946E-05 9.9946E-05 0.436706 0.349223 9.9946E-05
0.174045 0.0140573 0.0691818 9.9982E-05 9.9982E-05 0.0124139 0.0309866 0.190466 0.0877872 0.420863
0.188177 0.0039319 0.038136 0.0207698 0.0813173 0.0249331 0.00313123 0.105664 0.0462003 0.487739
0.0854551 0.0734562 0.0584192 9.9973E-05 9.9973E-05 0.0325051 9.9973E-05 0.0739833 0.0803557 0.595525
0.160831 9.9946E-05 9.9946E-05 9.9946E-05 9.9946E-05 9.9946E-05 9.9946E-05 0.19865 0.04285 0.59707
0.0941329 0.0202545 0.125629 9.9982E-05 9.9982E-05 0.0539598 0.0345525 0.135529 0.0421321 0.49361
9.9964E-05 9.9964E-05 0.417903 0.0641677 0.0101386 0.0180168 0.0424127 9.9964E-05 9.9964E-05 0.446961
0.0103107 9.9955E-05 0.241266 0.116665 9.9955E-05 9.9955E-05 9.9955E-05 0.0838011 9.9955E-05 0.547457
9.9937E-05 0.120461 0.850397 9.9937E-05 9.9937E-05 0.0284429 9.9937E-05 9.9937E-05 9.9937E-05 9.9937E-05
9.99459E-05 0.0163958 0.887915 0.0664 9.99459E-05 9.99459E-05 9.99459E-05 9.99459E-05 0.0286893 9.99459E-05
0.0437668 0.017536 0.40078 0.0823339 0.00585961 9.9982E-05 0.0445352 0.0363969 9.9982E-05 0.368592
0.304427 0.043092 0.0314534 9.9964E-05 9.9964E-05 9.9964E-05 9.9964E-05 0.0956212 0.140617 0.38439
0.323226 9.9955E-05 0.293546 9.9955E-05 9.9955E-05 9.9955E-05 0.0164345 0.129046 9.9955E-05 0.237249
0.300958 0.114166 0.174997 9.9982E-05 9.9982E-05 0.00418068 0.0260691 0.121151 0.156435 0.101844
0.303035 0.0668065 0.185709 9.9973E-05 0.00648473 9.9973E-05 0.0270364 0.153209 9.9973E-05 0.257418
0.104784 9.9955E-05 0.635764 9.9955E-05 0.0579446 9.9955E-05 9.9955E-05 0.0551698 0.145838 9.9955E-05
0.110793 9.9964E-05 0.648712 9.9964E-05 9.9964E-05 9.9964E-05 0.0415079 0.0728189 0.00469019 0.121078
0.152475 9.9955E-05 0.369123 9.9955E-05 0.0600893 9.9955E-05 0.0132278 9.9955E-05 9.9955E-05 0.404585
0.121996 9.9946E-05 0.435882 9.9946E-05 9.9946E-05 9.9946E-05 9.9946E-05 0.0708027 9.9946E-05 0.37072
0.0590883 9.9955E-05 0.723297 9.9955E-05 9.9955E-05 9.9955E-05 0.0625663 0.0157442 9.9955E-05 0.138805
0.0943356 0.077148 0.309293 9.9964E-05 9.9964E-05 9.9964E-05 0.0105723 0.0879779 9.9964E-05 0.420273
0.129261 9.9964E-05 0.3369 9.9964E-05 0.0335314 9.9964E-05 0.0118958 0.0661251 9.9964E-05 0.421887
0.0919414 0.135913 0.1962 0.00771373 0.0411372 0.00684741 0.0252196 0.0274037 0.0135322 0.454092
9.9955E-05 9.9955E-05 0.603691 0.0203114 0.0483695 9.9955E-05 9.9955E-05 0.0213667 9.9955E-05 0.305762
0.00432005 0.00547659 0.411859 0.0555469 9.9982E-05 0.0664917 0.0287247 9.9982E-05 0.0719541 0.355427
9.9973E-05 0.112023 0.23078 9.9973E-05 0.0507273 0.0103965 9.9973E-05 0.028068 0.0677739 0.499931
0.0261569 9.9991E-05 0.313286 0.109337 0.0314298 0.118085 0.0242362 0.0176763 0.0758148 0.283878
0.113545 0.025071 0.148583 0.156921 0.00432463 0.0986156 9.9982E-05 0.0823861 9.9982E-05 0.370354
9.9973E-05 0.0316489 0.36682 0.0108518 0.0144371 0.0677624 9.9973E-05 9.9973E-05 0.0711926 0.436988
9.9964E-05 9.9964E-05 0.712113 0.021135 0.0657702 0.0161607 9.9964E-05 9.9964E-05 0.0243813 0.16004
9.9964E-05 9.9964E-05 0.263259 9.9964E-05 0.0162347 0.0939152 0.0141624 0.0313873 9.9964E-05 0.580642
9.9955E-05 0.0129698 0.691654 9.9955E-05 0.0681962 0.0331967 9.9955E-05 9.9955E-05 9.9955E-05 0.193483
9.9973E-05 0.0298918 0.519113 9.9973E-05 0.0284901 9.9973E-05 0.0243406 0.00920018 0.0199155 0.368749
0.0169091 0.0766126 0.147435 9.9982E-05 0.0738171 9.9982E-05 0.0170882 0.0804824 0.0465031 0.540952
9.9973E-05 0.0824627 0.331885 9.9973E-05 9.9973E-05 0.0256947 0.0254168 0.0339299 0.032765 0.467546
0.17849 0.0908822 9.9964E-05 9.9964E-05 9.9964E-05 9.9964E-05 0.0032475 0.160835 0.114182 0.451963
0.0485094 0.00213309 0.137088 0.0993582 9.9982E-05 9.9982E-05 0.0293864 0.0891995 0.0979542 0.496171
0.219714 0.00755959 0.0537929 0.0333904 9.9973E-05 9.9973E-05 9.9973E-05 0.22538 0.154951 0.304911
0.244222 0.167862 0.0863423 9.9982E-05 0.0877663 9.9982E-05 0.0102224 0.151535 0.0164646 0.235385
0.162227 0.051854 9.9982E-05 0.0350399 0.0262757 0.0856839 9.9982E-05 0.183347 0.0682676 0.387106
0.158817 9.9973E-05 0.112179 9.9973E-05 0.0975109 9.9973E-05 0.0545153 0.0665076 0.0693689 0.440801
0.127652 9.9955E-05 0.609176 9.9955E-05 9.9955E-05 9.9955E-05 0.0156428 0.144974 0.102055 9.9955E-05
0.206854 9.9964E-05 0.123708 9.9964E-05 0.0617631 9.9964E-05 0.0328911 0.0814896 9.9964E-05 0.492895
0.0791454 9.9946E-05 0.420212 9.9946E-05 9.9946E-05 9.9946E-05 9.9946E-05 0.37803 0.122012 9.9946E-05
0.238916 9.9955E-05 0.288432 9.9955E-05 9.9955E-05 0.00386925 9.9955E-05 0.0732602 9.9955E-05 0.395023
9.9955E-05 9.9955E-05 0.744339 9.9955E-05 0.00713292 0.157617 9.9955E-05 9.9955E-05 0.00603524 0.0843765
9.9964E-05 0.0158891 0.901404 0.00968238 9.9964E-05 0.0541257 0.0112023 0.00729708 9.9964E-05 9.9964E-05
9.9955E-05 0.0760998 0.476074 9.9955E-05 9.9955E-05 0.0219415 0.0410499 9.9955E-05 9.9955E-05 0.384335
