9.9955E-05 0.038508 9.9955E-05 9.9955E-05 0.044108 9.9955E-05 0.842606 0.0110147 0.0632631 9.9955E-05
0.00446477 9.9964E-05 9.9964E-05 9.9964E-05 0.0374232 0.055918 0.870932 0.00876292 0.0220989 9.9964E-05
9.9955E-05 0.00737918 0.131251 9.9955E-05 9.9955E-05 9.9955E-05 0.73903 0.0694161 0.0524233 9.9955E-05
0.00171102 0.0158971 0.0850913 0.0469867 0.0133131 9.9982E-05 0.778315 0.00191909 0.0565663 9.9982E-05
0.0667364 0.0299194 0.0449704 0.0078493 9.9955E-05 9.9955E-05 0.850025 9.9955E-05 9.9955E-05 9.9955E-05
9.9955E-05 0.0867279 9.9955E-05 0.0485022 9.9955E-05 9.9955E-05 0.554666 9.9955E-05 0.00888321 0.300721
9.99371E-05 9.99371E-05 9.99371E-05 9.99371E-05 9.99371E-05 9.99371E-05 0.728353 9.99371E-05 0.0372088 0.233739
9.9955E-05 9.9955E-05 9.9955E-05 0.021447 0.0260925 9.9955E-05 0.684599 9.9955E-05 0.0140373 0.253324
0.0185823 9.99639E-05 9.99639E-05 0.0271904 9.99639E-05 0.0915525 0.773644 0.0677045 0.0209265 9.99639E-05
9.9964E-05 0.105295 0.0200159 0.00613949 9.9964E-05 9.9964E-05 0.618044 9.9964E-05 0.0286827 0.221423
9.9955E-05 0.000567467 9.9955E-05 0.034463 0.00737211 9.9955E-05 0.718319 9.9955E-05 9.9955E-05 0.238779
9.9964E-05 0.0166375 0.132799 0.00145712 0.796723 9.9964E-05 0.0266603 9.9964E-05 9.9964E-05 0.0253238
9.9955E-05 0.0311382 0.45196 0.0271564 0.455226 9.9955E-05 9.9955E-05 9.9955E-05 0.034019 9.9955E-05
0.0678058 0.0220813 0.0892879 9.9964E-05 0.669876 9.9964E-05 9.9964E-05 0.0851539 0.0653951 9.9964E-05
9.9955E-05 0.199933 0.0396064 9.9955E-05 0.713465 9.9955E-05 0.0239244 9.9955E-05 0.0225708 9.9955E-05
0.0445677 0.194108 0.197562 9.9964E-05 0.3924 9.9964E-05 0.0851153 9.9964E-05 9.9964E-05 0.085848
9.9982E-05 0.0870868 0.471897 9.9982E-05 0.205043 0.101615 0.0291512 0.0180765 0.0298957 0.0570344
9.9982E-05 0.0826643 0.321809 0.0183782 0.351192 0.014902 9.9982E-05 0.0243073 0.0374388 0.149108
9.9946E-05 0.0296259 0.274016 9.9946E-05 0.606591 9.9946E-05 0.0891672 9.9946E-05 9.9946E-05 9.9946E-05
9.9955E-05 9.9955E-05 9.9955E-05 0.0731543 0.770572 9.9955E-05 0.0118108 9.9955E-05 0.0437866 0.100176
0.0844787 0.0392638 0.324083 0.0597843 0.348749 0.0703904 9.9991E-05 0.00892308 0.0487901 0.0154376
9.9973E-05 9.9973E-05 0.460385 0.00285891 0.19134 0.0651316 9.9973E-05 0.0488191 0.0484638 0.182702
0.0179223 0.028976 0.413618 9.9982E-05 0.267392 0.0408511 0.0672647 9.9982E-05 0.0283962 0.13538
9.9955E-05 0.0856845 0.100191 9.9955E-05 0.726942 9.9955E-05 9.9955E-05 9.9955E-05 0.0385924 0.0480909
9.9955E-05 9.9955E-05 0.606536 9.9955E-05 0.0901069 0.0568953 0.159935 9.9955E-05 9.9955E-05 0.0860273
9.9964E-05 0.0637034 0.457066 9.9964E-05 0.362758 0.0376257 9.9964E-05 0.020145 0.0583013 9.9964E-05
9.9964E-05 0.0681624 0.00826141 9.9964E-05 0.837547 0.00722918 9.9964E-05 9.9964E-05 0.0386785 0.0397216
9.9955E-05 0.148493 0.0627355 9.9955E-05 0.703518 9.9955E-05 0.0128125 9.9955E-05 9.9955E-05 0.071941
0.0412928 0.0586909 0.0739972 9.9964E-05 0.702325 9.9964E-05 0.0113948 9.9964E-05 9.9964E-05 0.111899
9.99201E-05 9.99201E-05 9.99201E-05 9.99201E-05 9.99201E-05 9.99201E-05 9.99201E-05 9.99201E-05 0.999101 9.99201E-05
9.99201E-05 9.99201E-05 9.99201E-05 9.99201E-05 9.99201E-05 9.99201E-05 9.99201E-05 9.99201E-05 0.999101 9.99201E-05
9.9955E-05 9.9955E-05 0.143378 9.9955E-05 9.9955E-05 0.00917627 0.440527 0.0183809 0.388037 9.9955E-05
9.9964E-05 0.0930495 0.0787925 9.9964E-05 9.9964E-05 0.0335872 0.452914 0.0994601 0.241797 9.9964E-05
9.9946E-05 9.9946E-05 0.567874 9.9946E-05 0.131034 0.1866 9.9946E-05 9.9946E-05 9.9946E-05 0.113892
0.00671962 0.143396 0.412557 0.0298817 0.0900134 0.263504 0.0536283 9.9973E-05 9.9973E-05 9.9973E-05
0.0522852 9.9946E-05 0.563512 9.9946E-05 9.9946E-05 0.322655 9.9946E-05 9.9946E-05 9.9946E-05 0.0609482
9.9973E-05 9.9973E-05 0.0247067 0.161934 0.552749 0.0484 0.102089 9.9973E-05 0.040088 0.0697333
0.068204 9.9946E-05 0.244107 9.9946E-05 9.9946E-05 0.630948 9.9946E-05 9.9946E-05 0.0561412 9.9946E-05
0.0176222 0.0235306 0.498188 9.9964E-05 0.115865 0.233942 0.110452 9.9964E-05 9.9964E-05 9.9964E-05
9.9955E-05 9.9955E-05 0.704007 9.9955E-05 9.9955E-05 0.204805 9.9955E-05 0.0244679 0.00159661 0.0646239
9.9973E-05 0.0784098 0.426342 9.9973E-05 0.054902 0.037409 0.0338583 9.9973E-05 0.0729101 0.295869
9.9982E-05 0.00834377 0.546853 0.060924 0.129369 0.023812 0.0962619 9.9982E-05 0.0317711 0.102464
9.9964E-05 9.9964E-05 0.0619496 0.0442581 0.131444 0.66599 9.9964E-05 0.0874674 0.00849044 9.9964E-05
9.9964E-05 0.10817 0.464947 9.9964E-05 0.0277986 0.0452293 9.9964E-05 0.00328037 9.9964E-05 0.350175
0.0461912 0.0637794 0.522243 9.9982E-05 9.9982E-05 0.142634 0.0778233 0.00554939 0.00226001 0.13932
0.0609497 0.0625872 0.507616 0.00896853 0.0480509 0.120287 0.125146 9.9991E-05 0.0397297 0.0265653
0.0142782 9.9946E-05 0.317347 0.00341797 9.9946E-05 0.664357 9.9946E-05 9.9946E-05 9.9946E-05 9.9946E-05
0.0247083 0.0775187 0.592763 0.00777775 0.110377 0.157635 0.0143724 9.9982E-05 9.9982E-05 0.0146475
0.078308 9.9973E-05 0.538132 0.0313552 9.9973E-05 0.123257 0.125293 9.9973E-05 0.091807 0.0115484
0.0437587 9.9964E-05 9.9964E-05 9.9964E-05 0.00690607 0.727302 0.0486521 0.100815 9.9964E-05 0.0721657
0.0499465 0.00600096 0.0998615 0.181796 0.420074 0.159071 9.9982E-05 0.0204465 9.9982E-05 0.0626036
0.0506839 9.9955E-05 9.9955E-05 9.9955E-05 0.35511 0.198865 9.9955E-05 0.151153 9.9955E-05 0.243689
0.0325319 0.0454928 0.526498 0.0823315 0.113197 0.0397353 9.9982E-05 0.0698495 0.0901644 9.9982E-05
0.026997 0.00927369 0.571972 9.9991E-05 0.160573 0.0312372 0.0923162 0.0514422 0.0116942 0.0443944
0.131228 9.9973E-05 0.53761 0.0739268 0.111496 9.9973E-05 0.100358 9.9973E-05 0.0174495 0.0276329
0.0894913 9.9991E-05 0.172054 0.244649 0.198301 0.198668 0.0435062 0.0518173 0.000428029 0.000986108
0.0330366 9.9973E-05 0.524185 0.105311 0.278841 0.00568925 9.9973E-05 0.0196331 0.033004 9.9973E-05
9.9973E-05 0.0950022 0.56332 0.0106567 0.0809096 0.0816898 0.0745239 9.9973E-05 9.9973E-05 0.0935982
0.0378502 0.00546712 0.281343 0.0569961 0.306321 0.0786152 0.0652095 9.9991E-05 0.0390112 0.129087
9.9991E-05 0.0176145 0.00844307 0.0679256 0.396437 0.0938366 0.138271 0.11379 0.0544652 0.109117
0.00826347 9.9982E-05 0.520551 0.19991 0.0237067 0.109377 9.9982E-05 0.0524512 0.0472435 0.0382972
0.0251938 9.9982E-05 0.384466 0.0626175 0.278528 0.085133 0.0861061 0.0653442 0.0124121 9.9982E-05
0.0468811 9.9973E-05 9.9973E-05 0.138806 0.55291 0.136402 9.9973E-05 0.0020372 0.0681542 0.0545093
0.0801579 9.9955E-05 0.398712 9.9955E-05 0.429779 9.9955E-05 9.9955E-05 0.0699081 0.0209438 9.9955E-05
0.0882833 9.9955E-05 0.618943 9.9955E-05 0.116536 0.0826709 9.9955E-05 0.0930672 9.9955E-05 9.9955E-05
0.0369408 9.9982E-05 0.523702 0.15641 0.0671531 0.0212263 9.9982E-05 0.146829 0.0279864 0.0195523
0.0874796 9.9991E-05 0.242518 0.0535763 0.369474 0.105803 0.0336109 0.0959665 0.00467668 0.00679494
0.00286089 9.9964E-05 0.455737 9.9964E-05 0.410228 0.00149047 9.9964E-05 0.106771 0.0225125 9.9964E-05
0.0752083 0.0253222 0.590287 0.147135 0.105009 9.9973E-05 0.0487643 9.9973E-05 0.00797454 9.9973E-05
0.0924211 9.9982E-05 0.068306 0.0650996 0.481603 0.0624576 9.9982E-05 0.0442342 0.0919493 0.0937298
9.9937E-05 9.9937E-05 0.515716 9.9937E-05 0.0826434 0.400941 9.9937E-05 9.9937E-05 9.9937E-05 9.9937E-05
9.9946E-05 9.9946E-05 0.150342 9.9946E-05 0.162613 0.651678 9.9946E-05 9.9946E-05 0.0347682 9.9946E-05
0.0722928 0.0189777 0.542874 0.0143254 0.0864278 0.0622903 0.121045 0.064352 0.0173151 9.9991E-05
9.9964E-05 0.00542955 9.9964E-05 0.0240765 9.9964E-05 0.875353 9.9964E-05 0.0429998 0.00215547 0.0495861
0.0575735 9.9955E-05 9.9955E-05 9.9955E-05 0.112928 0.759585 0.0119745 9.9955E-05 9.9955E-05 0.0574395
0.0651893 9.9946E-05 0.248436 9.9946E-05 0.00376578 0.682009 9.9946E-05 9.9946E-05 9.9946E-05 9.9946E-05
9.9964E-05 9.9964E-05 0.468873 9.9964E-05 0.100265 0.413857 9.9964E-05 0.00514559 0.00512569 0.00633392
9.9982E-05 0.0227343 0.572138 0.0715388 0.0183919 0.192804 0.0782725 0.0244904 0.0194302 9.9982E-05
9.9955E-05 0.0429647 0.347577 0.0607197 9.9955E-05 0.443232 9.9955E-05 0.105008 9.9955E-05 9.9955E-05
9.9964E-05 0.0867491 0.0576466 0.116612 0.0317986 0.690713 0.0160816 9.9964E-05 9.9964E-05 9.9964E-05
9.9964E-05 0.0243533 0.213904 0.166967 9.9964E-05 0.541734 0.0440846 9.9964E-05 0.00855749 9.9964E-05
9.9973E-05 0.0314946 0.595023 0.125378 9.9973E-05 0.201796 0.0117573 0.030731 0.0035199 9.9973E-05
9.9955E-05 0.111992 0.178191 9.9955E-05 0.169186 0.513759 9.9955E-05 9.9955E-05 9.9955E-05 0.0263716
9.9973E-05 0.00152069 0.409105 9.9973E-05 0.0294745 0.416996 0.0309543 9.9973E-05 0.00690432 0.104745
0.0874467 0.0232259 0.323714 9.9964E-05 9.9964E-05 0.486508 9.9964E-05 9.9964E-05 0.0195647 0.0591406
0.154085 0.00873804 9.9964E-05 9.9964E-05 0.0153088 0.693758 9.9964E-05 0.0872798 9.9964E-05 0.0404308
9.9982E-05 0.0258627 0.499358 0.0304084 9.9982E-05 0.34463 0.0177912 0.0463664 0.00805421 0.0273291
9.9955E-05 0.0338751 0.0854675 9.9955E-05 0.0594292 9.9955E-05 0.784592 9.9955E-05 0.0361368 9.9955E-05
9.9937E-05 9.9937E-05 0.0977986 9.9937E-05 9.9937E-05 9.9937E-05 0.808084 9.9937E-05 0.0934178 9.9937E-05
9.9955E-05 0.0593275 0.101153 0.0342445 9.9955E-05 9.9955E-05 0.713108 9.9955E-05 0.0916667 9.9955E-05
9.9946E-05 9.9946E-05 0.0440075 9.9946E-05 9.9946E-05 9.9946E-05 0.695506 0.135424 0.124463 9.9946E-05
9.9955E-05 9.9955E-05 0.100615 9.9955E-05 9.9955E-05 0.00645783 0.711314 0.0665253 0.114588 9.9955E-05
0.0370441 0.0294765 9.99723E-05 0.0201109 9.99723E-05 9.99723E-05 0.778037 0.0909412 0.04399 9.99723E-05
9.99461E-05 9.99461E-05 0.0838696 9.99461E-05 9.99461E-05 9.99461E-05 0.854521 0.00917505 0.0518348 9.99461E-05
9.9973E-05 0.0934898 0.412927 0.0567693 9.9973E-05 0.307914 0.0540681 0.0553256 0.0192065 9.9973E-05
0.000178486 0.0489927 0.558777 0.0444729 0.183827 0.0454636 0.0531845 0.0649039 9.9982E-05 9.9982E-05
0.0652754 9.9964E-05 0.00540304 0.0250991 0.111248 0.732126 0.0604482 9.9964E-05 9.9964E-05 9.9964E-05
0.070134 0.0475004 0.492534 0.0145785 0.112528 0.0605319 0.0664874 0.0402506 0.000676681 0.0947791
9.9964E-05 9.9964E-05 0.340794 0.0323113 0.16736 0.405703 9.9964E-05 9.9964E-05 0.0259804 0.0274515
0.0291703 9.9955E-05 0.530142 9.9955E-05 9.9955E-05 0.374426 0.0554092 9.9955E-05 0.0103532 9.9955E-05
0.08585 0.0141615 0.513634 9.9982E-05 0.152253 0.172463 0.0334599 9.9982E-05 0.0127394 0.0152388
9.9946E-05 0.0518799 0.440866 9.9946E-05 9.9946E-05 0.46257 9.9946E-05 9.9946E-05 0.0440838 9.9946E-05
9.9946E-05 9.9946E-05 9.9946E-05 0.0823073 0.127794 0.723527 0.0657723 9.9946E-05 9.9946E-05 9.9946E-05
9.9973E-05 9.9973E-05 0.515899 9.9973E-05 0.076173 0.103105 0.230158 0.013199 0.009863 0.0513028
0.0251147 9.9973E-05 0.658547 0.0567041 9.9973E-05 0.0855238 0.0127054 9.9973E-05 0.0193194 0.141785
9.9982E-05 0.0645794 0.532453 0.0941418 9.9982E-05 0.114768 0.0275703 0.0873833 0.0293349 0.0495691
0.141965 0.0542788 0.228909 9.9973E-05 9.9973E-05 0.480399 9.9973E-05 0.0228592 0.000765649 0.0705238
0.0830271 0.0427912 0.439921 9.9955E-05 9.9955E-05 0.415871 9.9955E-05 9.9955E-05 0.0178894 9.9955E-05
9.9973E-05 0.00376316 0.411256 0.0445724 0.150568 0.335851 9.9973E-05 9.9973E-05 0.0193034 0.0343865
0.06062 0.0729554 0.272537 9.9946E-05 9.9946E-05 0.593288 9.9946E-05 9.9946E-05 9.9946E-05 9.9946E-05
9.9955E-05 9.9955E-05 0.406322 0.0990483 0.0792022 0.38358 0.031347 9.9955E-05 9.9955E-05 9.9955E-05
0.0737132 0.0471042 0.392818 0.0271725 0.121708 0.130628 0.0969268 0.0825118 0.0273178 9.9991E-05
0.0984447 9.9973E-05 0.122573 0.0352863 0.484205 0.0682191 9.9973E-05 0.181506 0.00946488 9.9973E-05
9.9982E-05 0.0755098 0.313072 0.147665 0.175422 0.0481497 0.0926496 9.9982E-05 0.0699539 0.077378
0.0890829 0.00576593 0.548177 0.0813153 0.155131 9.9991E-05 0.0540493 0.0343252 0.0291728 0.00287981
0.00777363 0.0802328 0.54518 0.039724 0.188715 0.0263036 0.0219281 9.9991E-05 0.03103 0.0590126
0.016118 9.9973E-05 0.400747 0.0631684 0.397908 0.0226797 9.9973E-05 0.0502945 0.0487838 9.9973E-05
0.00496972 0.0721169 0.498406 0.144039 0.18563 9.9973E-05 9.9973E-05 0.0221511 9.9973E-05 0.0723877
0.0488177 9.9955E-05 0.413484 0.163217 0.346616 9.9955E-05 0.0273648 9.9955E-05 9.9955E-05 9.9955E-05
0.102144 9.9973E-05 0.532479 0.159315 0.0591311 0.0894735 0.0506234 0.00653356 9.9973E-05 9.9973E-05
9.9982E-05 0.106801 0.509539 0.127393 0.0770059 0.0738245 0.0229469 0.0580825 9.9982E-05 0.0242075
0.0456784 9.9973E-05 0.502799 0.048492 0.263269 0.0975171 0.0167646 9.9973E-05 0.0251795 9.9973E-05
0.0244871 9.9964E-05 0.425466 0.190885 0.321006 0.0306428 9.9964E-05 9.9964E-05 0.00711275 9.9964E-05
9.9955E-05 9.9955E-05 0.660936 0.154997 9.9955E-05 9.9955E-05 9.9955E-05 0.0753908 0.0168457 0.091331
0.0837871 0.0288749 0.508989 0.0469455 0.112651 9.9982E-05 0.109318 0.00883996 9.9982E-05 0.100395
9.9955E-05 0.0335671 0.493061 0.0928859 0.326052 0.0539344 9.9955E-05 9.9955E-05 9.9955E-05 9.9955E-05
0.0446059 0.0723245 0.50342 0.0715197 9.9973E-05 9.9973E-05 0.064008 9.9973E-05 0.0794958 0.164327
0.0741304 0.111123 0.451662 0.0954353 0.233565 0.0144114 9.9973E-05 9.9973E-05 0.0193736 9.9973E-05
0.000264637 9.9964E-05 0.360851 0.0844774 0.345447 9.9964E-05 9.9964E-05 0.206786 0.00177439 9.9964E-05
0.0752009 9.9973E-05 0.595542 9.9973E-05 0.156724 0.0402071 0.0325494 9.9973E-05 0.0442292 0.0552469
0.141227 9.9955E-05 0.592046 0.184095 0.0215369 9.9955E-05 9.9955E-05 0.0605958 9.9955E-05 9.9955E-05
0.0447892 0.0776083 0.164959 0.229741 0.37389 0.0700173 0.0183903 0.020405 9.9982E-05 9.9982E-05
0.237746 9.9973E-05 0.0922498 0.15515 0.281326 0.0613466 9.9973E-05 0.151772 9.9973E-05 0.0201103
0.0596525 0.0211167 0.434266 0.0383422 0.269974 0.0371054 0.0360881 0.00276123 0.00743593 0.0932578
0.266469 0.0370156 0.0574062 0.212851 0.149657 0.141363 9.9973E-05 0.134939 9.9973E-05 9.9973E-05
0.0879779 0.0172421 0.17747 0.0890467 0.483193 0.0689088 0.0758616 9.9973E-05 9.9973E-05 9.9973E-05
0.00909406 9.9964E-05 0.33313 0.0376797 0.432472 0.159954 0.0272714 9.9964E-05 9.9964E-05 9.9964E-05
0.00100163 9.9973E-05 0.214689 0.210216 0.343941 0.209433 9.9973E-05 0.000293602 0.0201256 9.9973E-05
9.9964E-05 0.0268216 0.197824 0.1214 0.498478 0.0877947 9.9964E-05 9.9964E-05 9.9964E-05 0.0672826
0.0339385 9.9982E-05 0.569131 0.0900768 0.0669495 0.103224 0.0148335 9.9982E-05 0.0673114 0.0543352
0.0537885 0.113288 0.378212 0.0315918 0.112235 0.164466 0.113974 9.9982E-05 9.9982E-05 0.0322448
0.0457066 0.0117764 0.490025 9.9982E-05 0.331856 0.00886895 0.045361 9.9982E-05 0.0279443 0.0382624
0.0892902 9.9973E-05 0.121162 0.0707406 0.377749 0.118552 9.9973E-05 0.174347 9.9973E-05 0.0478611
0.0355643 9.9982E-05 0.436301 9.9982E-05 0.096616 0.106724 0.155949 0.0222916 0.0039316 0.142422
9.9973E-05 0.0964228 0.376042 0.0167191 9.9973E-05 0.210555 9.9973E-05 0.105767 0.0272612 0.166934
0.123451 9.9982E-05 9.9982E-05 0.0691384 0.0625294 0.233253 0.0891882 0.147116 0.00621865 0.268905
0.155875 0.0441818 0.523963 9.9982E-05 9.9982E-05 0.106221 0.0629859 0.0392939 0.0362531 0.0310261
0.11439 9.9973E-05 0.350762 0.129966 9.9973E-05 0.124821 0.0434591 0.193767 9.9973E-05 0.042536
0.122908 0.00841759 0.55591 0.1035 9.9955E-05 9.9955E-05 9.9955E-05 0.208764 9.9955E-05 9.9955E-05
0.077563 9.9973E-05 0.203469 0.0707379 0.0671298 0.107806 9.9973E-05 0.235165 9.9973E-05 0.23783
0.158988 9.9982E-05 0.115112 0.0198651 0.157554 9.9982E-05 0.056059 0.0480967 0.029304 0.414821
0.215926 9.9982E-05 0.41776 0.121818 0.0398878 9.9982E-05 0.0220999 0.0661054 0.00640736 0.109797
9.9973E-05 0.106677 0.384188 0.0879144 0.163931 0.0423024 9.9973E-05 0.104819 9.9973E-05 0.109868
0.0431054 0.0288528 0.332715 9.9982E-05 0.226803 0.127722 0.165338 0.0469521 9.9982E-05 0.0283125
0.0963928 0.114843 9.9973E-05 0.0744567 0.124169 0.184802 9.9973E-05 0.197236 9.9973E-05 0.2078
0.0357127 0.0496309 0.5301 0.0375041 0.104137 0.0599108 0.109414 9.9982E-05 9.9982E-05 0.0733903
0.04175 9.9973E-05 0.326145 0.0289862 0.162768 0.0366505 9.9973E-05 0.0324114 9.9973E-05 0.37099
0.155987 9.9973E-05 0.40012 0.00326339 0.142644 0.146874 9.9973E-05 0.00178817 9.9973E-05 0.149024
0.0760729 0.0247215 0.652908 0.0452937 9.9982E-05 0.0146171 0.110472 0.0342946 0.0414206 9.9982E-05
0.0140035 0.248369 0.0992453 0.00205892 9.9991E-05 0.0313841 0.172434 0.213512 0.0437569 0.175137
9.9955E-05 0.0859517 9.9955E-05 9.9955E-05 9.9955E-05 9.9955E-05 0.357332 0.409763 0.0284823 0.117971
9.9955E-05 0.0857868 9.9955E-05 9.9955E-05 9.9955E-05 9.9955E-05 0.199501 0.564405 0.0523514 0.0974557
9.9973E-05 0.269482 0.0910903 9.9973E-05 0.0368946 9.9973E-05 0.285652 0.235352 0.00529642 0.0759323
0.0148301 9.9964E-05 0.602711 0.0277852 9.9964E-05 0.0391551 9.9964E-05 9.9964E-05 0.00143084 0.313688
0.109456 9.9982E-05 0.525726 0.0753797 0.00986257 0.133816 0.0497876 9.9982E-05 0.0292884 0.0664835
9.9946E-05 0.668374 0.226744 9.9946E-05 0.087972 9.9946E-05 9.9946E-05 9.9946E-05 0.0163096 9.9946E-05
9.9973E-05 0.385882 0.349484 0.0740314 0.0662896 0.0553731 9.9973E-05 0.00561671 0.0630233 9.9973E-05
9.9973E-05 0.354295 0.41922 9.9973E-05 0.0468207 9.9973E-05 0.0377139 0.0930658 0.0242555 0.024329
0.210669 9.9955E-05 0.285597 9.9955E-05 9.9955E-05 0.0677275 9.9955E-05 9.9955E-05 0.0222808 0.413226
9.9964E-05 0.0608358 0.445984 0.0596569 9.9964E-05 0.107674 0.137222 9.9964E-05 9.9964E-05 0.188227
0.215908 0.0245997 0.0372433 9.9973E-05 0.112377 0.102479 9.9973E-05 0.039041 9.9973E-05 0.468052
0.0157609 0.0169272 0.570769 0.0145393 9.9973E-05 0.0800292 9.9973E-05 0.0548254 9.9973E-05 0.246849
0.176819 9.9982E-05 0.400928 9.9982E-05 0.0602704 0.0448281 0.060427 0.0510274 0.00690509 0.198595
0.0823129 9.9982E-05 0.582743 9.9982E-05 0.0532619 0.038365 0.00604389 0.0917379 0.00224383 0.143092
0.200031 0.000516518 0.0817132 9.9973E-05 0.156762 0.106773 9.9973E-05 0.0532836 9.9973E-05 0.40062
0.0752289 9.9964E-05 0.722793 9.9964E-05 0.0112846 9.9964E-05 0.0574777 0.0771862 9.9964E-05 0.0556295
0.0397278 0.0484476 0.482838 0.0275548 0.0406479 0.0796617 0.0523831 0.0498231 9.9991E-05 0.178816
0.0349688 0.938678 0.0250626 9.9946E-05 9.9946E-05 9.9946E-05 9.9946E-05 0.000690594 9.9946E-05 9.9946E-05
0.01753 0.897609 0.0430979 0.00785186 0.0334114 9.9955E-05 9.9955E-05 9.9955E-05 9.9955E-05 9.9955E-05
9.9955E-05 0.601101 0.191374 9.9955E-05 0.115222 0.0559003 0.0359019 9.9955E-05 9.9955E-05 9.9955E-05
9.9937E-05 0.623445 0.304932 0.0709235 9.9937E-05 9.9937E-05 9.9937E-05 9.9937E-05 9.9937E-05 9.9937E-05
9.9946E-05 0.841301 9.9946E-05 0.036595 9.9946E-05 0.0936502 9.9946E-05 9.9946E-05 9.9946E-05 0.027854
9.9928E-05 0.985228 9.9928E-05 9.9928E-05 9.9928E-05 9.9928E-05 9.9928E-05 9.9928E-05 0.0139725 9.9928E-05
9.9955E-05 0.951231 9.9955E-05 0.0336684 9.9955E-05 0.00350384 0.00788545 9.9955E-05 0.00321148 9.9955E-05
9.9937E-05 0.825185 0.169001 9.9937E-05 9.9937E-05 9.9937E-05 9.9937E-05 9.9937E-05 9.9937E-05 0.00511415
9.9937E-05 0.957519 9.9937E-05 0.0414681 9.9937E-05 9.9937E-05 9.9937E-05 9.9937E-05 0.000313232 9.9937E-05
9.99201E-05 0.999101 9.99201E-05 9.99201E-05 9.99201E-05 9.99201E-05 9.99201E-05 9.99201E-05 9.99201E-05 9.99201E-05
9.9937E-05 0.968142 9.9937E-05 9.9937E-05 9.9937E-05 9.9937E-05 9.9937E-05 0.0215768 0.00958166 9.9937E-05
0.0151518 0.725349 0.135359 9.9964E-05 0.0416937 9.9964E-05 0.00539503 9.9964E-05 0.076652 9.9964E-05
9.9955E-05 0.775839 0.0856156 0.0556005 9.9955E-05 9.9955E-05 0.0627052 0.01974 9.9955E-05 9.9955E-05
9.9937E-05 0.978482 9.9937E-05 0.00189665 9.9937E-05 9.9937E-05 9.9937E-05 9.9937E-05 9.9937E-05 0.0189215
0.0530102 0.426457 0.284179 0.0137398 0.118707 0.0512003 9.9991E-05 0.0113058 0.00351351 0.0377867
9.9973E-05 0.623986 0.227279 0.0485457 9.9973E-05 0.0671442 0.0136949 9.9973E-05 0.00732477 0.0117256
9.9955E-05 0.745735 0.111718 0.0406918 9.9955E-05 9.9955E-05 9.9955E-05 9.9955E-05 0.0431222 0.0582336
0.00262729 0.836851 0.0977169 9.9955E-05 0.0607575 9.9955E-05 9.9955E-05 9.9955E-05 0.00154781 9.9955E-05
9.9937E-05 0.989899 9.9937E-05 9.9937E-05 9.9937E-05 9.9937E-05 0.00109247 9.9937E-05 9.9937E-05 0.00830899
9.9946E-05 0.865821 0.0778675 9.9946E-05 9.9946E-05 9.9946E-05 9.9946E-05 0.0449777 0.0107343 9.9946E-05
9.9928E-05 0.974461 9.9928E-05 9.9928E-05 9.9928E-05 9.9928E-05 9.9928E-05 9.9928E-05 0.0247398 9.9928E-05
0.0294054 0.616045 0.208252 0.0208357 9.9973E-05 9.9973E-05 0.060286 9.9973E-05 0.0306154 0.034261
0.00196219 0.88669 9.9946E-05 9.9946E-05 0.0736357 0.0371123 9.9946E-05 9.9946E-05 9.9946E-05 9.9946E-05
0.0749162 9.9946E-05 9.9946E-05 9.9946E-05 9.9946E-05 9.9946E-05 0.186678 0.237736 9.9946E-05 0.50007
9.9991E-05 0.0791386 0.372079 0.111588 0.0318237 0.0213796 0.0907859 0.0988978 0.034698 0.159509
9.9973E-05 0.0609445 0.350889 9.9973E-05 0.0117622 0.0244226 0.208541 0.02343 9.9973E-05 0.319711
0.0539167 0.0642132 0.142718 0.0423561 9.9991E-05 0.0458944 0.0637823 0.241167 0.0686855 0.277167
0.0332369 0.110896 0.508495 0.027596 9.9982E-05 0.0459901 0.069888 0.0742606 9.9982E-05 0.129438
0.0423192 0.15033 0.0451353 9.9982E-05 9.9982E-05 0.0945323 0.086986 0.135192 0.0380166 0.407288
0.0734842 0.0667268 0.452733 0.0997107 9.9982E-05 9.9982E-05 0.145371 0.112131 0.00100562 0.048638
9.9964E-05 0.126013 0.281308 9.9964E-05 9.9964E-05 0.0403516 0.0904853 0.0577923 9.9964E-05 0.40365
0.0225645 0.107331 0.410427 0.0187019 0.0215421 9.9991E-05 0.0653157 0.0488399 0.0710875 0.23409
0.0076172 0.23012 0.221325 9.9973E-05 9.9973E-05 9.9973E-05 0.0298806 0.113447 0.0872361 0.310073
9.9973E-05 0.12617 0.374048 0.00667382 9.9973E-05 0.0440328 0.149865 0.028534 9.9973E-05 0.270376
0.0497772 9.9946E-05 0.0323299 0.0956493 9.9946E-05 9.9946E-05 0.821644 9.9946E-05 9.9946E-05 9.9946E-05
0.0369546 0.0367763 9.9955E-05 9.9955E-05 9.9955E-05 9.9955E-05 0.830768 0.045432 0.049569 9.9955E-05
9.9955E-05 9.9955E-05 0.0437097 0.0180343 9.9955E-05 9.9955E-05 0.907316 0.0154676 0.0149727 9.9955E-05
0.00285703 9.9964E-05 0.0245115 0.0582498 9.9964E-05 9.9964E-05 0.860415 0.0418433 0.0117235 9.9964E-05
9.9955E-05 9.9955E-05 9.9955E-05 0.0167869 0.0555117 9.9955E-05 0.78976 0.0445672 0.0928745 9.9955E-05
9.9955E-05 0.0689581 9.9955E-05 9.9955E-05 9.9955E-05 0.0148448 0.749638 0.0928381 0.0732216 9.9955E-05
9.9946E-05 0.0741044 0.0657549 9.9946E-05 9.9946E-05 9.9946E-05 0.798281 9.9946E-05 0.0612603 9.9946E-05
0.0556402 0.00176631 9.9964E-05 9.9964E-05 9.9964E-05 0.00863719 0.857073 9.9964E-05 0.00982799 0.0666554
0.00741452 0.00950513 0.0595636 9.9973E-05 9.9973E-05 0.00769238 0.80367 0.0612708 0.0505834 9.9973E-05
9.9964E-05 0.0282685 0.0392778 9.9964E-05 0.0350922 9.9964E-05 0.751181 0.0930292 0.0527516 9.9964E-05
0.0524243 9.9973E-05 9.9973E-05 0.0340803 0.174948 0.0993256 0.606058 9.9973E-05 0.0239343 0.00892894
0.0360171 9.9973E-05 9.9973E-05 0.181054 0.162424 0.0418178 0.512708 0.0219846 0.0436949 9.9973E-05
9.9964E-05 9.9964E-05 9.9964E-05 0.128894 0.234004 0.0536864 0.493028 0.0595394 0.0304494 9.9964E-05
9.9955E-05 9.9955E-05 9.9955E-05 0.0893259 0.274502 0.0992583 0.497093 9.9955E-05 9.9955E-05 0.0393215
9.9964E-05 9.9964E-05 0.406833 9.9964E-05 0.182732 0.31207 0.00636242 9.9964E-05 0.0418435 0.0497585
0.0245074 0.0696257 0.437333 9.9982E-05 0.125812 0.221665 0.0320016 0.00694844 9.9982E-05 0.0819078
0.118948 0.0339211 0.468424 0.179211 0.00193683 0.114051 9.9973E-05 9.9973E-05 9.9973E-05 0.0832084
9.9964E-05 9.9964E-05 0.301529 0.0753519 0.193488 0.288844 9.9964E-05 0.107685 0.0327025 9.9964E-05
0.0530175 0.00408612 0.0527819 0.262629 0.47003 0.110291 9.9982E-05 9.9982E-05 0.00258833 0.0443756
0.079764 0.0269943 0.63235 0.0152033 0.00392565 0.109756 0.0395266 9.9982E-05 9.9982E-05 0.09228
0.100967 9.9964E-05 0.564659 0.0610404 0.00832127 0.23293 9.9964E-05 0.0316817 9.9964E-05 9.9964E-05
0.0785116 9.9973E-05 0.471553 0.0790012 0.0867962 0.230053 9.9973E-05 0.0275048 9.9973E-05 0.0262798
0.0338744 0.0183792 0.351181 0.0258066 9.9964E-05 0.540716 9.9964E-05 9.9964E-05 9.9964E-05 0.0296436
0.00694541 9.9964E-05 0.607918 0.139925 9.9964E-05 0.155932 0.0271305 0.06175 9.9964E-05 9.9964E-05
0.128568 9.9964E-05 0.387318 0.0521665 0.0748861 0.326983 9.9964E-05 9.9964E-05 9.9964E-05 0.0296789
0.225471 9.99371E-05 9.99371E-05 0.0422005 9.99371E-05 0.731629 9.99371E-05 9.99371E-05 9.99371E-05 9.99371E-05
0.0542486 9.9982E-05 0.482154 0.148858 0.100621 0.112597 0.0342143 0.0306806 0.0364263 9.9982E-05
0.104055 0.0206322 0.230685 0.0317285 9.9973E-05 0.440786 9.9973E-05 0.0982726 9.9973E-05 0.0735402
0.0442215 9.9946E-05 0.500815 9.9946E-05 9.9946E-05 0.448347 9.9946E-05 9.9946E-05 0.00601651 9.9946E-05
9.9955E-05 9.9955E-05 0.0742937 0.0455521 0.138897 0.664071 0.0766862 9.9955E-05 9.9955E-05 9.9955E-05
9.9973E-05 0.0149916 0.0148172 0.770613 9.9973E-05 0.0148163 9.9973E-05 0.0863125 0.0204237 0.0777254
0.0256953 0.0328689 9.9955E-05 0.797949 9.9955E-05 9.9955E-05 0.0157488 9.9955E-05 9.9955E-05 0.127238
0.0148422 9.9937E-05 9.9937E-05 0.955249 9.9937E-05 9.9937E-05 9.9937E-05 9.9937E-05 9.9937E-05 0.0292091
0.0689977 9.9946E-05 9.9946E-05 0.813583 9.9946E-05 9.9946E-05 0.0594632 9.9946E-05 9.9946E-05 0.0573565
9.9964E-05 0.0512538 0.0203103 0.875624 9.9964E-05 0.0113539 9.9964E-05 0.0190506 9.9964E-05 0.0220079
9.9946E-05 0.0295737 0.0827253 0.856437 9.9946E-05 9.9946E-05 9.9946E-05 0.0306647 9.9946E-05 9.9946E-05
9.9955E-05 0.0233432 0.0827204 9.9955E-05 9.9955E-05 9.9955E-05 0.809498 0.0132606 0.0706776 9.9955E-05
9.9973E-05 0.0154187 0.0857743 0.050076 0.0590475 9.9973E-05 0.739763 0.022616 0.0270041 9.9973E-05
9.9955E-05 0.114213 0.10644 9.9955E-05 9.9955E-05 9.9955E-05 0.722278 9.9955E-05 0.0370692 0.0195002
0.00708299 0.142986 9.9973E-05 0.0173534 0.0612016 9.9973E-05 0.678498 0.053963 0.0386155 9.9973E-05
9.9955E-05 0.111613 9.9955E-05 9.9955E-05 0.0134633 9.9955E-05 0.749911 9.9955E-05 0.0246149 0.0998984
9.9973E-05 9.9973E-05 9.9973E-05 0.481255 0.0208091 0.0770989 0.314898 0.034933 0.0403252 0.0303816
9.9964E-05 9.9964E-05 9.9964E-05 0.391934 9.9964E-05 0.095751 0.437354 0.032873 0.0142515 0.0274368
0.015248 9.9955E-05 9.9955E-05 0.431826 9.9955E-05 0.126558 0.40264 9.9955E-05 0.0232285 9.9955E-05
9.99201E-05 9.99201E-05 9.99201E-05 9.99201E-05 9.99201E-05 9.99201E-05 9.99201E-05 9.99201E-05 0.999101 9.99201E-05
0.0482959 9.9964E-05 9.9964E-05 0.487732 9.9964E-05 0.0496926 0.337383 0.0335871 0.0429097 9.9964E-05
0.0355167 0.311553 0.278314 9.9964E-05 9.9964E-05 9.9964E-05 0.153385 0.199625 9.9964E-05 0.021206
9.9973E-05 0.133379 0.630798 9.9973E-05 0.0418435 9.9973E-05 0.0970932 0.0487102 0.0297661 0.01811
9.9955E-05 0.203658 0.589122 9.9955E-05 9.9955E-05 9.9955E-05 0.160166 0.0436329 0.00292107 9.9955E-05
0.0345001 0.220272 0.35832 0.0519743 9.9991E-05 0.040055 0.14698 0.137635 0.00175857 0.00840477
0.0262156 0.197148 0.457385 0.146195 0.0354316 9.9973E-05 0.111772 9.9973E-05 0.0255533 9.9973E-05
9.9955E-05 0.235771 0.0457731 9.9955E-05 9.9955E-05 9.9955E-05 0.335371 0.326762 9.9955E-05 0.0558225
0.0200291 9.9973E-05 0.395236 0.147041 0.240409 0.0916477 0.0396589 9.9973E-05 9.9973E-05 0.0656789
0.209201 9.9973E-05 0.32609 0.0525189 0.275117 0.040487 9.9973E-05 0.0935903 0.00269553 9.9973E-05
0.0175359 9.9973E-05 0.168856 0.0688998 0.609213 0.00134406 0.0937425 9.9973E-05 0.0401086 9.9973E-05
0.210305 9.9973E-05 0.475277 0.0694178 0.179356 0.0251187 0.00820883 0.0320169 9.9973E-05 9.9973E-05
0.433126 9.9964E-05 9.9964E-05 0.0304923 0.117762 0.238803 9.9964E-05 0.162505 9.9964E-05 0.0169118
9.9973E-05 9.9973E-05 0.454185 0.0748798 0.236542 0.110351 0.0645562 0.033241 0.0259443 9.9973E-05
0.122349 0.0179145 0.465192 0.107677 0.182693 9.9973E-05 9.9973E-05 0.0867024 0.0171718 9.9973E-05
0.0698959 9.9982E-05 0.243472 0.048687 0.525005 0.0141954 0.00873301 0.0681971 0.0216144 9.9982E-05
0.0518431 9.9982E-05 0.480238 0.0392067 0.16298 0.0998309 0.0044658 0.146426 9.9982E-05 0.0148092
0.0995208 9.9955E-05 9.9955E-05 9.9955E-05 0.466411 0.204071 9.9955E-05 0.138476 9.9955E-05 0.0910218
0.118522 9.9982E-05 0.432042 0.0855711 0.164935 0.0104783 9.9982E-05 0.163523 0.0062395 0.01849
9.9964E-05 9.9964E-05 0.463718 0.140833 0.265048 0.0740775 9.9964E-05 0.0233518 0.0325714 9.9964E-05
9.9982E-05 0.1867 0.335144 0.0819554 0.0192926 0.165765 0.104798 0.102517 9.9982E-05 0.00362779
0.223846 9.9964E-05 0.340107 0.05213 0.304973 0.0388594 9.9964E-05 0.0396844 9.9964E-05 9.9964E-05
0.0978147 0.0324009 0.366883 0.120631 0.350474 9.9964E-05 9.9964E-05 0.0313969 9.9964E-05 9.9964E-05
0.0974503 0.0510743 0.439402 0.03858 0.25353 0.00434818 0.00729223 0.108123 9.9982E-05 9.9982E-05
0.0329165 9.9973E-05 0.468386 0.0722231 0.281366 0.0385095 9.9973E-05 0.0764237 9.9973E-05 0.0298752
0.0230282 0.0789836 0.524052 0.0813726 0.0675131 0.0960521 0.0695522 0.0290222 0.0108966 0.0195272
0.0940293 0.0418955 0.568805 0.0376992 0.149377 0.0364095 0.00345607 0.0681293 9.9982E-05 9.9982E-05
9.9973E-05 9.9973E-05 0.55706 0.117925 0.062182 0.111925 0.00574698 0.130429 0.0144324 9.9973E-05
9.9946E-05 0.111584 0.11557 9.9946E-05 9.9946E-05 9.9946E-05 0.77124 9.9946E-05 9.9946E-05 0.00100619
9.9955E-05 0.105709 9.9955E-05 9.9955E-05 9.9955E-05 0.0652628 0.816106 9.9955E-05 0.00845767 0.00396471
0.00640702 0.0228744 0.0208503 9.9982E-05 0.019243 0.0671113 0.752204 0.0134774 9.9982E-05 0.097633
0.0151327 0.0653921 9.9955E-05 0.043719 9.9955E-05 0.120857 0.754399 9.9955E-05 9.9955E-05 9.9955E-05
9.9955E-05 0.0188498 0.0980744 9.9955E-05 0.016551 9.9955E-05 0.800924 9.9955E-05 0.0651012 9.9955E-05
9.9946E-05 9.9946E-05 0.101517 0.11373 0.702889 9.9946E-05 9.9946E-05 0.0812647 9.9946E-05 9.9946E-05
0.0584267 0.0656404 0.378548 0.0520036 0.268348 0.0557924 0.0249505 0.0857255 0.0104654 9.9991E-05
0.098691 0.124423 0.443557 0.050099 9.9982E-05 9.9982E-05 0.173229 0.0629135 0.0234422 0.0234451
0.0320039 9.9964E-05 0.650158 0.103545 0.0855715 9.9964E-05 9.9964E-05 0.103909 0.0244126 9.9964E-05
0.0261867 9.9973E-05 0.517796 0.135411 0.172718 0.0989662 0.0369472 9.9973E-05 0.0116752 9.9973E-05
0.186786 0.0345335 0.224563 0.0968012 0.303888 9.9964E-05 9.9964E-05 0.153029 9.9964E-05 9.9964E-05
9.9964E-05 9.9964E-05 9.9964E-05 0.115543 0.654583 0.0329996 0.101728 0.0905541 0.00419258 9.9964E-05
0.0605047 0.00977176 0.43591 0.181757 0.239306 0.0135801 0.0588705 9.9973E-05 9.9973E-05 9.9973E-05
0.128026 0.00256798 0.03532 0.270215 0.404519 9.9982E-05 0.0355586 9.9982E-05 0.0722198 0.0513737
0.101218 0.0241778 0.352208 0.222946 0.0694921 0.0742999 0.0517823 0.103677 9.9982E-05 9.9982E-05
0.0428635 9.9982E-05 0.0343479 0.129185 0.585515 0.00873834 0.147142 0.0377093 0.0142991 9.9982E-05
9.9982E-05 0.0121563 0.582394 0.100338 0.117437 0.0160207 0.064548 0.0836085 0.0232981 9.9982E-05
0.137656 9.9964E-05 0.0868301 0.0720477 0.557071 9.9964E-05 0.132805 9.9964E-05 0.0131903 9.9964E-05
0.0876448 0.0974101 0.197702 0.131372 0.349069 0.0674221 9.9982E-05 9.9982E-05 0.00571732 0.0634624
0.103762 0.010528 0.476986 0.107106 0.127447 9.9973E-05 9.9973E-05 0.0349466 9.9973E-05 0.138925
0.166355 9.9955E-05 0.156668 9.9955E-05 0.18362 9.9955E-05 9.9955E-05 0.0196948 9.9955E-05 0.473162
9.9946E-05 9.9946E-05 0.539801 9.9946E-05 0.100631 9.9946E-05 0.0996085 9.9946E-05 9.9946E-05 0.259359
0.114165 0.0111879 0.547286 9.9991E-05 0.0359028 0.00479047 0.037444 0.00131478 0.048439 0.199369
0.0730512 9.9973E-05 0.290866 0.0360627 9.9973E-05 0.0751977 0.000422758 0.029987 9.9973E-05 0.494113
0.0601475 0.153368 0.375115 0.0396163 0.0763848 0.0470588 0.0211203 0.0321895 0.000212076 0.194788
0.0680145 9.9973E-05 0.533209 0.0700875 9.9973E-05 0.0120891 9.9973E-05 0.0352305 0.0283761 0.252693
0.0788337 9.9955E-05 9.9955E-05 0.000257568 0.0671098 0.13356 9.9955E-05 9.9955E-05 9.9955E-05 0.719739
0.109101 9.9964E-05 0.19582 0.0142856 9.9964E-05 0.0984549 9.9964E-05 0.0743378 9.9964E-05 0.507602
0.0305707 9.9973E-05 0.462446 0.0162751 0.00587255 9.9973E-05 9.9973E-05 0.0355034 0.0266673 0.422365
0.0652805 9.9964E-05 0.0418484 0.0580501 0.0843618 0.183002 9.9964E-05 9.9964E-05 9.9964E-05 0.567057
9.9964E-05 9.9964E-05 0.325154 0.018903 0.170857 0.0666072 9.9964E-05 0.0195565 9.9964E-05 0.398522
9.9955E-05 0.0396256 9.9955E-05 0.157216 0.615179 0.12697 9.9955E-05 0.0605099 9.9955E-05 9.9955E-05
0.300951 9.9964E-05 0.216138 0.143397 0.315921 0.0161321 9.9964E-05 0.00706042 9.9964E-05 9.9964E-05
0.0219648 0.0448587 0.272913 0.179861 0.373966 0.0634088 9.9982E-05 0.0226613 0.020166 9.9982E-05
0.00286113 0.11866 0.502078 0.0616415 0.228282 9.9982E-05 9.9982E-05 0.00545537 0.0300944 0.0507286
9.9964E-05 0.00459685 0.183948 0.121216 0.5097 0.156112 9.9964E-05 9.9964E-05 9.9964E-05 0.0240275
0.133644 0.0591979 0.438347 0.0807848 0.136212 9.9991E-05 0.0157479 0.0134001 0.0484072 0.0741596
0.0357327 0.046982 0.540392 0.106367 0.119828 9.9982E-05 0.0238359 0.0728804 0.0537822 9.9982E-05
9.9973E-05 0.0256001 0.478513 0.121051 0.263704 0.0191704 9.9973E-05 0.049757 0.0419045 9.9973E-05
0.0713942 0.0933877 0.420619 0.117391 0.266151 9.9973E-05 9.9973E-05 0.00535405 0.0254029 9.9973E-05
9.9982E-05 0.0196884 0.428164 0.155787 0.232585 0.103412 9.9982E-05 0.0206246 0.024727 0.0148118
9.9964E-05 0.0675168 0.0980489 0.116981 0.602922 0.108878 9.9964E-05 9.9964E-05 0.00525375 9.9964E-05
0.0164043 0.0995207 0.202495 0.20804 0.407195 0.0479771 9.9973E-05 9.9973E-05 9.9973E-05 0.0180679
0.0905662 9.9964E-05 0.595082 0.0559992 0.234324 0.0119321 9.9964E-05 9.9964E-05 9.9964E-05 0.0116967
0.024247 9.9982E-05 0.513216 0.110912 0.183653 0.027396 0.0680615 0.0569526 0.0153622 9.9982E-05
0.107157 0.00224745 0.360814 0.0644159 0.249411 0.031205 9.9991E-05 0.0835053 0.0021243 0.0990201
0.124299 0.0824933 0.484865 0.154939 0.120242 9.9964E-05 9.9964E-05 0.0327624 9.9964E-05 9.9964E-05
0.024563 0.0411365 0.24944 0.103481 0.452983 9.9973E-05 9.9973E-05 0.0749568 9.9973E-05 0.0531389
0.0513488 0.000684402 0.583512 0.028773 0.318456 9.9964E-05 0.0168265 9.9964E-05 9.9964E-05 9.9964E-05
0.0542025 0.0337004 0.517194 0.0241421 0.321799 9.9982E-05 0.0286064 0.00503574 9.9982E-05 0.0151191
0.0970112 0.113808 0.416168 0.0652946 0.23685 0.0243943 0.0352679 9.9982E-05 0.0110067 9.9982E-05
9.9982E-05 0.128093 0.344083 9.9982E-05 0.0309201 0.104474 0.304258 0.00254573 0.0454331 0.0399923
9.9973E-05 0.231656 0.377796 9.9973E-05 0.0272746 0.0950021 9.9973E-05 0.152559 0.0312049 0.0842075
0.180472 0.146712 0.427005 9.9964E-05 0.174384 9.9964E-05 0.0396452 9.9964E-05 0.0313827 9.9964E-05
9.9982E-05 0.0554049 0.592825 0.0263714 0.127441 9.9982E-05 0.0418411 0.0214688 0.0375748 0.0968733
0.015014 0.250932 0.31991 9.9982E-05 0.135715 0.0931413 0.0996123 0.0233078 0.0621678 9.9982E-05
0.107556 9.9973E-05 0.417474 0.0417745 0.251232 9.9973E-05 9.9973E-05 0.0390285 0.00783324 0.134802
9.9973E-05 0.108602 0.430138 9.9973E-05 0.138497 0.0918343 0.160683 9.9973E-05 0.00777016 0.0621768
0.0189227 0.0826205 9.9973E-05 9.9973E-05 0.107104 0.190483 0.13959 0.321377 9.9973E-05 0.139603
9.9982E-05 0.205228 0.361291 9.9982E-05 0.173256 0.0540677 0.0315897 0.0731281 0.0241371 0.0771024
0.0869022 0.142748 0.440478 0.0541563 0.0464637 0.0598027 0.0257064 0.0993517 0.0207042 0.0236865
0.177011 0.241569 0.367155 0.0628877 0.0854401 9.9991E-05 0.0397947 0.00751489 0.0174312 0.00109619
9.99861E-05 0.0776214 0.302555 0.0258408 0.280617 0.024129 0.0569419 0.227075 0.00501945 9.99861E-05
0.0175134 0.123467 0.512327 9.9973E-05 0.016543 9.9973E-05 0.166545 0.0752289 9.9973E-05 0.0880768
0.0796427 0.173691 0.482481 0.009978 0.0770561 9.9991E-05 0.0831668 0.0199805 0.0665116 0.00739248
9.9964E-05 0.122658 9.9964E-05 9.9964E-05 9.9964E-05 0.045937 0.257049 0.482838 0.0451092 0.0460087
0.112264 0.183098 0.453582 9.9964E-05 9.9964E-05 9.9964E-05 0.176852 0.0612364 0.0125675 9.9964E-05
0.0904363 0.0933366 0.560738 0.0073192 9.9964E-05 9.9964E-05 0.211854 0.0359154 9.9964E-05 9.9964E-05
0.0552084 0.218735 0.432211 9.9991E-05 0.109686 0.0338153 0.0412435 0.0380635 0.00176042 0.0691775
9.9964E-05 0.0469104 0.649419 9.9964E-05 0.0103018 9.9964E-05 0.168234 0.121404 0.00333139 9.9964E-05
0.00815964 0.110713 0.474768 0.0992989 9.9991E-05 0.0338169 0.136343 0.100663 0.0041318 0.0320063
0.405745 0.0392256 0.365806 0.114429 9.9964E-05 0.0400195 9.9964E-05 9.9964E-05 0.0343746 9.9964E-05
0.363541 0.0731908 0.329597 0.000626282 0.0676539 0.0339433 0.0758628 9.9982E-05 0.055385 9.9982E-05
0.758844 9.9946E-05 9.9946E-05 0.0026693 0.107881 0.130006 9.9946E-05 9.9946E-05 9.9946E-05 9.9946E-05
0.908661 9.99549E-05 9.99549E-05 0.0402321 0.0311121 0.000387948 9.99549E-05 9.99549E-05 9.99549E-05 0.0191068
0.273712 0.0605304 0.367492 0.039286 0.134782 9.9982E-05 0.00742823 0.0656404 0.0509289 9.9982E-05
0.0743063 0.213959 0.401609 9.9973E-05 9.9973E-05 0.0639056 0.0451567 0.198822 9.9973E-05 0.00194137
0.167055 0.229103 0.355894 9.9973E-05 9.9973E-05 0.0101142 0.0491522 0.137256 0.0511258 9.9973E-05
0.141979 0.24853 0.223901 0.012048 0.00425562 9.9991E-05 0.0997646 0.248586 0.00815967 0.0126759
0.120374 0.189676 0.35827 9.9973E-05 0.0596971 9.9973E-05 0.0685867 0.129803 0.0732945 9.9973E-05
0.652416 0.0151864 0.0757764 9.9955E-05 9.9955E-05 9.9955E-05 0.0254101 0.230711 9.9955E-05 9.9955E-05
0.626777 0.0697494 0.112448 9.9964E-05 9.9964E-05 9.9964E-05 0.000597012 0.168618 0.0214106 9.9964E-05
0.357546 0.127814 0.469577 9.9964E-05 9.9964E-05 0.00211446 9.9964E-05 0.0217448 0.0208041 9.9964E-05
0.468277 0.0510402 0.457117 9.9946E-05 9.9946E-05 9.9946E-05 0.022966 9.9946E-05 9.9946E-05 9.9946E-05
0.660674 0.114168 0.0694421 0.0118553 9.9973E-05 9.9973E-05 0.0105848 0.0628869 0.0700892 9.9973E-05
0.31605 0.0910484 0.466668 9.9973E-05 0.0618481 9.9973E-05 0.0251042 0.0190694 0.0199119 9.9973E-05
0.30318 0.017527 0.578974 9.9946E-05 9.9946E-05 9.9946E-05 9.9946E-05 0.09972 9.9946E-05 9.9946E-05
0.213242 0.160131 0.411976 0.0577906 9.9982E-05 0.0367869 0.0550208 9.9982E-05 0.00327594 0.0615764
0.60887 9.9955E-05 0.245145 0.0733091 0.0476088 9.9955E-05 0.0245681 9.9955E-05 9.9955E-05 9.9955E-05
0.391044 9.9973E-05 0.273012 9.9973E-05 0.203043 0.0110235 9.9973E-05 0.0069507 0.0382536 0.0763723
0.267762 0.0130573 0.476952 0.0614618 0.00828443 0.0699412 0.0134477 0.0400374 0.005189 0.0438681
0.378113 0.0556009 0.294151 0.155889 9.9982E-05 9.9982E-05 0.0328553 0.0459273 0.0227444 0.0145201
0.203241 0.150266 0.236767 9.9982E-05 0.144818 0.0579621 9.9982E-05 0.0303889 0.0207921 0.155565
0.466266 9.9946E-05 0.406184 9.9946E-05 0.0541674 9.9946E-05 9.9946E-05 9.9946E-05 9.9946E-05 0.0727828
0.666146 9.9946E-05 0.207623 0.0857498 9.9946E-05 9.9946E-05 9.9946E-05 9.9946E-05 9.9946E-05 0.0398816
0.301523 0.0625063 0.518841 9.9964E-05 9.9964E-05 0.102417 0.0129284 9.9964E-05 0.0013847 9.9964E-05
0.752722 9.99369E-05 0.197746 9.99369E-05 0.0488329 9.99369E-05 9.99369E-05 9.99369E-05 9.99369E-05 9.99369E-05
0.514672 9.9937E-05 0.425741 9.9937E-05 9.9937E-05 9.9937E-05 9.9937E-05 9.9937E-05 0.0588879 9.9937E-05
0.172314 0.0469452 0.514222 9.9973E-05 0.060677 0.135697 0.00848415 9.9973E-05 0.0613618 9.9973E-05
0.295965 0.0234889 0.380623 9.9973E-05 0.065786 0.159993 0.00693306 9.9973E-05 0.0669104 9.9973E-05
0.040635 0.20698 0.491715 0.0456515 9.9982E-05 9.9982E-05 0.034297 0.0704519 0.00260439 0.107466
0.0927187 0.0991079 0.380449 0.110595 9.9982E-05 9.9982E-05 0.0759759 0.146862 0.0238418 0.0702496
0.0519968 0.206724 0.312949 0.009346 0.0540119 0.0117199 0.0827543 0.197851 9.9991E-05 0.0725465
0.100891 0.14858 0.325155 0.0581915 0.0686379 9.9991E-05 0.097704 0.091989 0.0577566 0.0509952
0.132705 0.100843 0.418973 0.0225782 0.1271 0.0245335 0.155922 9.9982E-05 9.9982E-05 0.0171455
0.142238 0.0618337 0.483752 0.0968937 9.9973E-05 9.9973E-05 0.193806 0.000392797 9.9973E-05 0.020783
0.608419 0.0892508 9.9964E-05 9.9964E-05 9.9964E-05 9.9964E-05 0.156256 0.102837 0.00949314 0.0333448
0.0778584 0.159019 0.603029 0.058726 9.9964E-05 9.9964E-05 0.0625097 9.9964E-05 0.038458 9.9964E-05
0.42635 0.0719871 9.9946E-05 9.9946E-05 9.9946E-05 9.9946E-05 0.306656 0.194407 9.9946E-05 9.9946E-05
0.245868 0.187423 0.478728 9.9955E-05 9.9955E-05 9.9955E-05 0.0734843 9.9955E-05 0.0139966 9.9955E-05
0.772715 9.9937E-05 0.0628329 9.9937E-05 9.9937E-05 0.163753 9.9937E-05 9.9937E-05 9.9937E-05 9.9937E-05
0.913072 9.9937E-05 9.9937E-05 9.9937E-05 9.9937E-05 0.050762 9.9937E-05 9.9937E-05 0.0354668 9.9937E-05
