0.0839779 0.00465537 9.9955E-05 9.9955E-05 9.9955E-05 9.9955E-05 0.0554889 9.9955E-05 0.00566992 0.849708
9.9955E-05 9.9955E-05 0.00694413 0.0520166 9.9955E-05 0.0330197 0.0215007 9.9955E-05 9.9955E-05 0.886019
0.0296027 0.00672809 0.124564 9.9964E-05 9.9964E-05 9.9964E-05 0.107309 0.0169182 9.9964E-05 0.714478
0.00376738 0.0975691 0.00544435 9.9973E-05 0.0682112 0.0677306 0.044366 9.9973E-05 9.9973E-05 0.712612
9.9955E-05 0.0341239 0.0485069 0.032847 9.9955E-05 0.00326531 9.9955E-05 9.9955E-05 9.9955E-05 0.880757
0.0144418 0.0439863 0.0752814 0.0474964 0.00492927 0.0841691 0.0722952 0.0342516 0.137462 0.485686
9.9964E-05 0.00805721 9.9964E-05 0.0379555 9.9964E-05 0.0867429 0.125875 9.9964E-05 0.0677506 0.673219
9.9973E-05 0.040814 9.9973E-05 0.0257569 0.0219796 0.145224 0.0777826 9.9973E-05 0.0377065 0.650437
0.0537787 9.99729E-05 9.99729E-05 0.0377375 9.99729E-05 0.0046441 0.0438645 0.0695385 0.00144579 0.788691
9.9973E-05 0.0750009 0.048651 0.0778083 9.9973E-05 0.107335 0.0821977 9.9973E-05 0.0514501 0.557257
0.033053 9.9973E-05 9.9973E-05 9.9973E-05 0.0498421 0.0942282 0.00954901 0.0241743 0.0830635 0.70579
9.9955E-05 0.0444997 0.147487 9.9955E-05 0.755926 0.0474371 9.9955E-05 9.9955E-05 9.9955E-05 0.0041512
0.00119148 0.0381931 0.462746 9.9964E-05 0.454604 0.0363585 0.0065065 9.9964E-05 9.9964E-05 9.9964E-05
0.0247483 0.0863852 0.13156 9.9964E-05 0.713162 9.9964E-05 9.9964E-05 9.9964E-05 0.0131776 0.0305673
9.9964E-05 0.101739 0.204096 0.012798 0.605037 0.0257208 9.9964E-05 9.9964E-05 9.9964E-05 0.0502102
9.9964E-05 0.0967776 0.326165 0.00864048 0.416229 9.9964E-05 9.9964E-05 0.0291439 9.9964E-05 0.122644
9.9955E-05 0.0429717 0.53239 9.9955E-05 0.323776 9.9955E-05 0.0420789 9.9955E-05 9.9955E-05 0.058283
9.9973E-05 0.0359585 0.475566 9.9973E-05 0.359323 0.0136337 0.0404877 0.0472127 0.0275177 9.9973E-05
9.9946E-05 0.024272 0.236628 9.9946E-05 0.572889 9.9946E-05 9.9946E-05 9.9946E-05 9.9946E-05 0.165612
0.058629 9.9964E-05 9.9964E-05 9.9964E-05 0.787465 0.0154253 0.0250892 9.9964E-05 0.083134 0.0298579
9.9973E-05 0.0902631 0.28974 9.9973E-05 0.455291 0.0209466 0.0331161 0.0769696 0.0333735 9.9973E-05
0.0214937 9.9982E-05 0.355402 0.110876 0.270101 0.0596179 0.010877 9.9982E-05 0.157008 0.0144244
0.0904301 0.0459868 0.492321 0.00579939 0.257565 0.000965433 0.00379046 0.0568173 9.9991E-05 0.0462239
9.9964E-05 0.0919803 0.179397 9.9964E-05 0.649004 9.9964E-05 0.0130316 0.0165658 0.0496206 9.9964E-05
9.9973E-05 0.0543349 0.572782 0.0605998 0.0661221 9.9973E-05 0.0519804 0.141565 9.9973E-05 0.0523161
9.9973E-05 0.0523548 0.420556 0.0140833 0.443321 9.9973E-05 0.0193683 0.0397281 9.9973E-05 0.010289
0.0163745 0.116137 0.000673946 9.9955E-05 0.855308 9.9955E-05 0.0110069 9.9955E-05 9.9955E-05 9.9955E-05
9.9946E-05 0.141528 0.0382678 9.9946E-05 0.818819 9.9946E-05 9.9946E-05 9.9946E-05 9.9946E-05 0.00078546
9.9955E-05 0.00274688 0.139345 9.9955E-05 0.828266 0.00512559 9.9955E-05 9.9955E-05 9.9955E-05 0.024017
9.99201E-05 9.99201E-05 9.99201E-05 9.99201E-05 9.99201E-05 9.99201E-05 0.999101 9.99201E-05 9.99201E-05 9.99201E-05
9.99201E-05 9.99201E-05 9.99201E-05 9.99201E-05 9.99201E-05 9.99201E-05 0.999101 9.99201E-05 9.99201E-05 9.99201E-05
0.0530308 0.0532126 0.0318886 9.9973E-05 0.00104359 9.9973E-05 0.371518 0.0545134 9.9973E-05 0.434493
9.9955E-05 0.148774 0.0549699 9.9955E-05 9.9955E-05 9.9955E-05 0.250105 0.0691256 9.9955E-05 0.476525
9.9973E-05 9.9973E-05 0.510947 0.0651287 0.0975611 0.0665863 9.9973E-05 0.212017 0.0424781 0.00498148
0.019689 0.0296534 0.513411 9.9973E-05 0.0700144 0.0564496 9.9973E-05 0.211426 9.9973E-05 0.0990565
9.9964E-05 9.9964E-05 0.506337 0.00172826 9.9964E-05 0.0178078 0.0179998 0.388316 9.9964E-05 0.067411
0.183435 9.9964E-05 0.0568758 0.00205042 0.569954 9.9964E-05 9.9964E-05 0.0555221 9.9964E-05 0.131762
0.036809 0.0586811 0.2663 0.102716 9.9964E-05 9.9964E-05 9.9964E-05 0.514466 0.0206283 9.9964E-05
0.0309096 0.0333852 0.480572 0.0314604 0.244458 9.9982E-05 0.00835909 0.109413 9.9982E-05 0.0612432
0.00363802 0.098747 0.593347 0.0098017 9.9982E-05 0.0522823 0.0334722 0.160931 0.0475811 9.9982E-05
0.00238599 0.00393526 0.60136 9.9973E-05 9.9973E-05 9.9973E-05 0.0246917 0.11743 0.161559 0.0883384
0.068053 9.9964E-05 0.612933 9.9964E-05 9.9964E-05 0.0157303 0.0396706 0.177072 9.9964E-05 0.0861412
9.9964E-05 9.9964E-05 0.0867322 9.9964E-05 0.113607 0.0237795 0.0494222 0.719265 0.0067948 9.9964E-05
0.0110153 0.00815118 0.58044 9.9982E-05 0.0533666 9.9982E-05 0.00440255 0.0603958 0.213902 0.0681265
0.0338454 0.0538052 0.524303 0.0129596 9.9991E-05 0.00535573 0.0220219 0.279479 0.0258756 0.0422539
9.9982E-05 0.0544866 0.527824 9.9982E-05 0.0721658 0.0532684 0.049702 0.0817596 0.0114133 0.149181
0.00330012 9.9955E-05 0.290365 0.117366 9.9955E-05 9.9955E-05 0.00143877 0.587031 9.9955E-05 9.9955E-05
0.0233984 0.0118803 0.605765 9.9964E-05 0.0936542 9.9964E-05 0.0155764 0.249326 9.9964E-05 9.9964E-05
9.9982E-05 0.0645512 0.48809 0.00614305 9.9982E-05 0.0675183 0.0281662 0.187693 0.0344906 0.123148
9.9955E-05 9.9955E-05 9.9955E-05 0.067766 0.0464591 9.9955E-05 9.9955E-05 0.60585 0.220269 0.0591556
0.13846 9.9973E-05 0.0981332 0.0105104 0.387088 0.0943973 9.9973E-05 0.181876 0.0892354 9.9973E-05
9.9973E-05 0.0389322 0.00671625 0.146865 0.342522 9.9973E-05 0.00470792 0.107678 0.352279 9.9973E-05
0.0860748 0.0204978 0.587635 0.108047 0.0473235 9.9982E-05 0.0285513 0.0381765 9.9982E-05 0.0834939
9.9973E-05 0.0349591 0.558276 0.0760243 0.13792 9.9973E-05 0.0227443 9.9973E-05 0.0550906 0.114686
9.9973E-05 0.011694 0.662116 0.0782131 0.160006 9.9973E-05 0.00537828 9.9973E-05 0.0159269 0.0663656
0.0545857 9.9982E-05 0.139309 0.0567869 0.224139 0.18097 9.9982E-05 0.152801 0.128184 0.0630253
0.0257539 9.9964E-05 0.558565 9.9964E-05 0.307641 0.0462356 9.9964E-05 0.0284192 0.0329852 9.9964E-05
0.0231527 9.9955E-05 0.643061 9.9955E-05 0.107102 9.9955E-05 9.9955E-05 9.9955E-05 0.105243 0.120941
0.0520083 9.9973E-05 0.259996 0.06786 0.273938 9.9973E-05 9.9973E-05 0.194915 0.0379573 0.113025
9.9982E-05 0.0260455 0.00989309 9.9982E-05 0.445259 0.109051 0.0231333 0.0934779 0.110336 0.182605
9.999E-05 0.0441439 0.567278 0.0108925 0.134889 0.0256703 0.0198562 0.102748 0.0811838 0.0132395
0.1153 0.0915558 0.323029 0.0337112 0.258099 9.9991E-05 0.0141984 0.071318 0.0138112 0.0788779
0.00503446 9.9964E-05 9.9964E-05 9.9964E-05 0.630004 0.123364 0.0388019 0.057624 0.144771 9.9964E-05
9.9964E-05 9.9964E-05 0.42903 0.0221503 0.475577 0.00133834 0.00536363 9.9964E-05 0.0661407 9.9964E-05
0.0105299 9.9973E-05 0.587563 0.122384 0.119895 9.9973E-05 9.9973E-05 0.0290315 0.0554146 0.074882
9.9973E-05 9.9973E-05 0.480306 0.0779195 0.196026 0.0248643 9.9973E-05 0.042949 0.125108 0.0525279
0.0340346 0.0834021 0.19488 0.0293312 0.43214 0.00421768 0.00597869 0.148807 0.0274111 0.0397979
9.9982E-05 0.0547738 0.417417 0.0552413 0.260121 0.00612073 0.0694517 0.0921612 0.0445125 9.9982E-05
0.115604 0.0587109 0.538619 0.0849662 9.9982E-05 0.0547002 0.0847042 0.0441224 0.018373 9.9982E-05
9.9982E-05 9.9982E-05 0.164617 0.0374426 0.533116 0.0304975 0.0363151 0.120632 0.0765439 0.000636267
0.0418254 9.9955E-05 0.506459 9.9955E-05 9.9955E-05 0.0537888 0.0241454 0.373282 9.9955E-05 9.9955E-05
9.9955E-05 0.0113496 0.137696 9.9955E-05 0.205634 9.9955E-05 0.0241545 0.620666 9.9955E-05 9.9955E-05
0.172229 0.0980764 0.47448 0.0127526 9.9982E-05 0.00795926 0.0418696 0.16475 9.9982E-05 0.0276843
9.9937E-05 9.9937E-05 9.9937E-05 9.9937E-05 9.9937E-05 0.0505193 9.9937E-05 0.825521 0.12326 9.9937E-05
0.00568435 9.9964E-05 9.9964E-05 0.0866228 0.041306 9.9964E-05 9.9964E-05 0.755043 0.104041 0.00690262
9.9946E-05 9.9946E-05 0.215521 9.9946E-05 9.9946E-05 0.018946 9.9946E-05 0.756769 0.00816379 9.9946E-05
9.9955E-05 9.9955E-05 0.419531 9.9955E-05 9.9955E-05 0.0539589 0.0451946 0.461689 0.0191267 9.9955E-05
9.9982E-05 9.9982E-05 0.567523 0.055017 0.0619604 0.0413029 0.0154782 0.154388 0.00703379 0.0970969
0.0690515 0.0408776 0.437978 0.00364271 0.0525601 9.9973E-05 9.9973E-05 0.371126 0.0244644 9.9973E-05
0.012197 0.0495991 0.127173 9.9973E-05 0.0983887 0.110827 9.9973E-05 0.591462 9.9973E-05 0.0100535
0.0708559 9.9964E-05 0.222171 9.9964E-05 0.0347783 0.120958 9.9964E-05 0.543757 9.9964E-05 0.00708025
9.9955E-05 0.0192126 0.53564 0.105507 9.9955E-05 9.9955E-05 9.9955E-05 0.233621 9.9955E-05 0.10552
9.9973E-05 0.0320556 0.251079 0.00550617 0.172212 9.9973E-05 0.015676 0.515114 9.9973E-05 0.00805677
0.04117 0.0128105 0.379487 9.9973E-05 0.14129 9.9973E-05 0.0107638 0.378776 9.9973E-05 0.0354022
9.9964E-05 9.9964E-05 0.354629 0.0552767 9.9964E-05 9.9964E-05 0.025315 0.540291 0.0188874 0.0052015
0.00807409 0.0136935 9.9964E-05 0.128527 0.0221087 9.9964E-05 9.9964E-05 0.609247 0.217951 9.9964E-05
0.0915486 9.9964E-05 0.602137 9.9964E-05 0.00981763 0.0294634 9.9964E-05 0.23081 0.035823 9.9964E-05
0.0112057 0.0759018 0.0324738 9.9973E-05 0.0524442 0.0637594 0.038714 9.9973E-05 9.9973E-05 0.725201
9.9937E-05 9.9937E-05 0.0770624 9.9937E-05 9.9937E-05 9.9937E-05 0.0958322 9.9937E-05 9.9937E-05 0.826406
0.0138862 9.9946E-05 0.12647 9.9946E-05 9.9946E-05 9.9946E-05 0.109788 9.9946E-05 9.9946E-05 0.749257
9.9946E-05 9.9946E-05 0.0620355 9.9946E-05 9.9946E-05 9.9946E-05 0.093192 9.9946E-05 0.0336564 0.810516
9.9946E-05 9.9946E-05 0.0922484 9.9946E-05 9.9946E-05 9.9946E-05 0.105502 0.0200593 9.9946E-05 0.781591
9.9973E-05 0.0420027 0.0299584 0.027872 9.9973E-05 0.00666109 0.0529733 9.9973E-05 0.0163127 0.82392
9.99551E-05 9.99551E-05 0.0683585 0.00753998 0.00426984 9.99551E-05 0.0722692 9.99551E-05 9.99551E-05 0.847063
0.0520235 0.06329 0.475431 9.9964E-05 9.9964E-05 9.9964E-05 9.9964E-05 0.306321 0.00817732 0.0943571
9.9973E-05 0.0436258 0.511065 9.9973E-05 0.13067 9.9973E-05 0.0440635 0.131386 0.128585 0.0103038
0.0141547 9.9964E-05 9.9964E-05 0.0316587 0.148931 0.032622 9.9964E-05 0.746637 9.9964E-05 0.0255969
0.0469718 0.0279486 0.518345 0.0126945 0.108636 9.9991E-05 0.0465817 0.179183 0.013185 0.0463555
0.00383278 9.9964E-05 0.358144 9.9964E-05 0.193083 9.9964E-05 0.0280651 0.396914 9.9964E-05 0.0195614
9.9964E-05 9.9964E-05 0.613198 0.118094 9.9964E-05 9.9964E-05 0.0185984 0.179902 0.0306672 0.0391405
9.9964E-05 0.075581 0.464288 0.0839362 0.0450237 9.9964E-05 9.9964E-05 0.238817 0.0919539 9.9964E-05
9.9955E-05 0.102796 0.399162 0.016482 9.9955E-05 9.9955E-05 0.0067094 0.47435 9.9955E-05 9.9955E-05
9.9946E-05 9.9946E-05 9.9946E-05 9.9946E-05 0.19685 0.0541375 9.9946E-05 0.705591 9.9946E-05 0.0428212
0.0570593 0.0768081 0.444969 0.037944 0.0837662 0.0249589 0.0426467 0.0863176 0.0578296 0.0877003
0.0220109 0.0066593 0.619303 9.9982E-05 0.00786561 9.9982E-05 0.0404415 0.158271 0.063691 0.0815574
0.136779 0.000122068 0.604917 0.0547071 9.9973E-05 0.00242095 9.9973E-05 0.117052 9.9973E-05 0.0837016
9.9982E-05 0.0257461 0.243489 0.0123844 0.0126237 0.0356935 9.9982E-05 0.567366 0.0600789 0.0424185
9.9973E-05 0.00918948 0.45832 0.104658 9.9973E-05 0.0610067 0.0132332 0.348073 0.00521941 9.9973E-05
9.9973E-05 0.0398512 0.415631 9.9973E-05 0.0452017 0.0941629 0.0115561 0.382008 9.9973E-05 0.0112893
9.9955E-05 0.0763609 0.258077 0.033186 9.9955E-05 0.0601153 9.9955E-05 0.571761 9.9955E-05 9.9955E-05
0.108231 9.9955E-05 0.402351 9.9955E-05 0.0132548 9.9955E-05 9.9955E-05 0.395355 9.9955E-05 0.0803088
0.157653 9.9964E-05 0.539207 9.9964E-05 0.0319721 9.9964E-05 0.0295352 0.156001 9.9964E-05 0.0852316
0.0693059 9.9991E-05 0.186252 0.164629 0.307892 0.0535086 0.0397665 0.0287826 0.125738 0.0240255
0.0198953 0.0517567 0.312916 9.9991E-05 0.183301 0.0943318 0.0397921 0.072279 0.0876734 0.137954
0.0913475 0.0225835 0.574495 0.120239 0.0185565 0.042181 0.00552646 0.0226766 9.9991E-05 0.102294
0.0329978 0.0535019 0.547954 0.0752419 0.124153 0.026472 0.0134518 0.0592524 9.9991E-05 0.0668755
0.064635 9.9973E-05 0.419942 0.0219863 0.402274 9.9973E-05 0.0740819 9.9973E-05 0.0103281 0.00645266
0.111487 9.9973E-05 0.551521 0.123791 0.0990033 0.0805904 9.9973E-05 9.9973E-05 0.0137693 0.0195391
0.0334427 9.9973E-05 0.420415 0.0441986 0.346239 0.151398 0.000158122 9.9973E-05 9.9973E-05 0.0038487
0.142544 9.9982E-05 0.515506 0.0934273 0.0998873 9.9982E-05 0.0173513 0.0637301 0.0139845 0.0533692
0.0209397 0.0167768 0.600594 0.0505208 0.0868729 0.0559401 9.9982E-05 9.9982E-05 0.0807395 0.0874169
0.0821276 9.9973E-05 0.595111 9.9973E-05 0.221031 0.0182266 0.00479756 9.9973E-05 0.0609968 0.0174093
0.142836 9.9955E-05 0.463873 0.0611948 0.310501 0.0210947 9.9955E-05 9.9955E-05 9.9955E-05 9.9955E-05
0.0226639 0.0513157 0.582496 0.0600631 0.047322 0.142098 9.9982E-05 0.0574366 9.9982E-05 0.0364044
0.0577243 0.0630916 0.596189 0.0506801 0.0835912 9.9982E-05 9.9982E-05 0.00935966 0.0712649 0.0678993
0.101739 0.021527 0.54721 0.0677349 0.252818 9.9964E-05 0.00857144 9.9964E-05 9.9964E-05 9.9964E-05
0.15676 0.0432155 0.60078 0.0873883 0.00954752 9.9973E-05 9.9973E-05 9.9973E-05 0.0751197 0.0268889
9.9982E-05 0.0907452 0.495106 0.0562561 0.227377 0.0762138 0.00125371 0.0162452 0.0366024 9.9982E-05
0.0441756 9.9982E-05 0.373035 0.0696285 0.209241 0.0792742 0.0677885 9.9982E-05 0.113529 0.0431284
0.108646 0.0276688 0.607848 0.0391822 0.194139 9.9964E-05 0.0221159 9.9964E-05 9.9964E-05 9.9964E-05
0.0595008 0.0309284 0.643072 0.110457 0.125694 9.9964E-05 9.9964E-05 9.9964E-05 0.0299484 9.9964E-05
0.276346 0.118501 0.110358 0.0514018 0.273437 9.9982E-05 0.00329008 0.121334 0.0451323 9.9982E-05
9.9964E-05 9.9964E-05 0.162039 0.169469 0.395741 0.0955009 9.9964E-05 9.9964E-05 0.137835 0.0390154
0.0815127 9.9973E-05 0.552108 9.9973E-05 0.0992263 0.114685 9.9973E-05 0.0578206 0.0913354 0.00301231
0.0724674 0.0498626 0.0092477 0.20066 0.254983 0.0989292 9.9982E-05 0.178212 0.135438 9.9982E-05
0.132271 9.9973E-05 0.223626 0.0831458 0.399283 0.00969878 9.9973E-05 0.0849444 9.9973E-05 0.066731
0.149492 9.9964E-05 0.418065 0.0133217 0.22303 9.9964E-05 9.9964E-05 0.179103 0.0165885 9.9964E-05
0.0727569 9.9982E-05 0.272621 0.0113481 0.455509 0.0593617 0.0276523 0.0804842 9.9982E-05 0.0200665
0.167602 9.9955E-05 0.277189 9.9955E-05 0.522408 0.00618381 9.9955E-05 0.0261174 9.9955E-05 9.9955E-05
0.0820372 0.00182369 0.681274 0.000113194 0.0787531 9.9982E-05 0.0226178 9.9982E-05 0.118005 0.0151762
0.0850137 0.0900003 0.56919 9.9973E-05 0.103342 0.0568367 9.9973E-05 9.9973E-05 0.00981682 0.0855006
0.121908 0.164822 0.332412 0.0654016 0.114208 0.0364709 0.0179876 0.117179 9.9991E-05 0.02951
0.025585 0.0252486 0.11202 0.0819478 0.453873 9.9973E-05 9.9973E-05 0.0822791 0.218747 9.9973E-05
0.0214263 0.0573141 0.399459 0.0570663 9.9982E-05 9.9982E-05 0.00719452 0.232448 0.0859666 0.138925
0.0345451 0.0611396 0.474889 9.9964E-05 9.9964E-05 0.085048 9.9964E-05 0.111343 0.232635 9.9964E-05
0.0501087 9.9982E-05 9.9982E-05 0.166571 0.131662 0.00102629 0.0210958 0.118991 0.417751 0.0925949
0.0102098 9.9973E-05 0.684139 0.0768372 9.9973E-05 9.9973E-05 0.0166701 0.0243116 0.125829 0.061703
0.0471191 9.9973E-05 0.37539 0.0471006 0.0186562 9.9973E-05 9.9973E-05 0.155297 0.235207 0.12093
0.0491555 0.146851 0.397687 0.0371795 0.0953253 0.0107302 9.9991E-05 0.0755981 0.148438 0.0389357
0.0567535 0.0168524 0.210605 9.9982E-05 0.0713115 0.0602518 9.9982E-05 0.0857664 0.482644 0.0156158
0.0472098 9.9991E-05 0.174148 0.0904371 0.156491 0.0805451 0.00188313 0.0899764 0.344251 0.0149582
0.0980718 9.9991E-05 0.402733 0.147831 0.0840381 0.0919128 0.00108381 0.0234672 0.12511 0.0256517
0.0163687 9.9982E-05 0.501748 0.0213389 0.0748673 0.0639594 0.0480162 9.9982E-05 0.173529 0.0999732
0.116441 0.00214103 0.361524 9.9973E-05 0.114708 9.9973E-05 9.9973E-05 0.144082 0.181461 0.0793428
0.0718163 0.125553 9.9973E-05 0.0731346 0.143657 9.9973E-05 0.0148622 0.170713 0.399963 9.9973E-05
0.0493618 0.0464109 0.47663 0.07514 0.142543 0.0088185 0.0276688 9.9991E-05 0.154946 0.0183809
9.9964E-05 9.9964E-05 0.369867 0.0288062 0.193682 0.000471105 9.9964E-05 0.11377 0.293005 9.9964E-05
9.9955E-05 9.9955E-05 0.424151 0.109889 0.212836 9.9955E-05 9.9955E-05 0.0693178 0.183306 9.9955E-05
0.00407718 0.0329304 0.5698 0.0856637 0.0644278 9.9991E-05 0.0287178 0.0511394 0.0495795 0.113564
9.9964E-05 0.234845 0.0897992 9.9964E-05 0.108707 9.9964E-05 0.0785348 9.9964E-05 0.292114 0.195601
9.9937E-05 0.12177 9.9937E-05 9.9937E-05 9.9937E-05 9.9937E-05 9.9937E-05 9.9937E-05 0.413391 0.46414
9.9946E-05 0.128996 9.9946E-05 9.9946E-05 9.9946E-05 9.9946E-05 0.00321796 9.9946E-05 0.477183 0.390003
0.00388332 0.328301 0.0738823 0.00987309 9.9982E-05 0.0178898 0.0156865 9.9982E-05 0.188056 0.362228
0.0182424 9.9955E-05 0.662818 9.9955E-05 9.9955E-05 0.0481472 9.9955E-05 0.0814333 0.18886 9.9955E-05
0.114165 0.100822 0.507502 0.0211379 0.0709473 9.9991E-05 0.0163245 0.021029 0.110334 0.0376382
0.003247 0.642455 0.318977 9.9955E-05 9.9955E-05 9.9955E-05 0.00585921 0.028962 9.9955E-05 9.9955E-05
0.108178 0.476501 0.234017 0.0688361 9.9955E-05 9.9955E-05 9.9955E-05 0.111969 9.9955E-05 9.9955E-05
0.00109239 0.364323 0.332429 0.128622 9.9973E-05 9.9973E-05 0.0351459 9.9973E-05 0.0753516 0.0627355
9.9955E-05 9.9955E-05 0.31967 0.119863 9.9955E-05 9.9955E-05 0.0519521 0.122682 0.385333 9.9955E-05
0.131849 0.0496817 0.477227 0.0655427 9.9973E-05 9.9973E-05 0.00423745 0.117218 0.153945 9.9973E-05
9.9964E-05 9.9964E-05 0.190321 0.154894 0.066093 0.0178743 9.9964E-05 0.0604098 0.510008 9.9964E-05
9.9964E-05 0.0114658 0.569153 0.00507461 9.9964E-05 0.0419062 9.9964E-05 0.143638 0.228362 9.9964E-05
0.0389575 9.9982E-05 0.467593 0.101442 0.0985526 9.9982E-05 0.0140363 0.0821154 0.184274 0.0128293
0.0925046 9.9982E-05 0.545735 0.0534079 9.9982E-05 0.0240758 0.0319794 0.0367244 0.206596 0.00877667
9.9964E-05 9.9964E-05 0.181636 0.126348 0.129879 0.0363581 9.9964E-05 0.0394664 0.485913 9.9964E-05
0.0579467 0.0870587 0.645795 0.00488838 0.0643964 0.0137171 0.00935767 0.011042 0.105699 9.9991E-05
0.0131096 0.0102966 0.536339 0.0724211 0.062978 9.9982E-05 9.9982E-05 0.10631 0.161396 0.0369491
9.9937E-05 0.963715 0.0223849 0.0132005 9.9937E-05 9.9937E-05 9.9937E-05 9.9937E-05 9.9937E-05 9.9937E-05
0.0256598 0.82961 0.142988 9.9946E-05 9.9946E-05 9.9946E-05 9.9946E-05 0.0011429 9.9946E-05 9.9946E-05
9.9955E-05 0.548115 0.207172 9.9955E-05 0.191347 9.9955E-05 9.9955E-05 0.0197516 9.9955E-05 0.0331144
0.0218388 0.640649 0.336812 9.9937E-05 9.9937E-05 9.9937E-05 9.9937E-05 9.9937E-05 9.9937E-05 9.9937E-05
9.9955E-05 0.754776 0.165196 9.9955E-05 9.9955E-05 9.9955E-05 9.9955E-05 0.0476097 0.0249065 0.00701237
9.99201E-05 0.999101 9.99201E-05 9.99201E-05 9.99201E-05 9.99201E-05 9.99201E-05 9.99201E-05 9.99201E-05 9.99201E-05
0.02984 0.956628 9.9946E-05 0.0102231 9.9946E-05 0.00270949 9.9946E-05 9.9946E-05 9.9946E-05 9.9946E-05
9.9928E-05 0.818719 0.180481 9.9928E-05 9.9928E-05 9.9928E-05 9.9928E-05 9.9928E-05 9.9928E-05 9.9928E-05
9.9946E-05 0.923317 0.0322105 9.9946E-05 0.0234995 0.0203734 9.9946E-05 9.9946E-05 9.9946E-05 9.9946E-05
0.00108182 0.998119 9.9928E-05 9.9928E-05 9.9928E-05 9.9928E-05 9.9928E-05 9.9928E-05 9.9928E-05 9.9928E-05
9.9928E-05 0.958056 9.9928E-05 9.9928E-05 9.9928E-05 9.9928E-05 0.041145 9.9928E-05 9.9928E-05 9.9928E-05
0.0554816 0.766048 0.138181 9.9946E-05 9.9946E-05 9.9946E-05 0.0396897 9.9946E-05 9.9946E-05 9.9946E-05
0.0376522 0.765301 0.109771 9.9964E-05 9.9964E-05 0.0153118 0.0026124 9.9964E-05 9.9964E-05 0.0689512
0.00365705 0.924021 9.9955E-05 9.9955E-05 9.9955E-05 0.0261111 0.025345 0.0203662 9.9955E-05 9.9955E-05
0.122671 0.46335 0.307038 9.9946E-05 0.106341 9.9946E-05 9.9946E-05 9.9946E-05 9.9946E-05 9.9946E-05
0.0548088 0.642605 0.240671 0.00155645 9.9964E-05 9.9964E-05 9.9964E-05 0.00621857 9.9964E-05 0.0537397
0.0407515 0.725624 0.159305 0.0304952 9.9973E-05 9.9973E-05 0.00301703 0.00940659 9.9973E-05 0.0311013
9.9964E-05 0.810616 0.094151 9.9964E-05 0.0153206 0.0252635 0.00794062 9.9964E-05 9.9964E-05 0.0463086
0.00699303 0.988635 9.9937E-05 9.9937E-05 9.9937E-05 9.9937E-05 9.9937E-05 9.9937E-05 9.9937E-05 0.00367237
0.0249272 0.84731 0.0559484 0.0212318 9.9964E-05 0.018006 9.9964E-05 9.9964E-05 9.9964E-05 0.0321767
9.9928E-05 0.989817 9.9928E-05 9.9928E-05 9.9928E-05 9.9928E-05 0.00938395 9.9928E-05 9.9928E-05 9.9928E-05
9.9973E-05 0.659795 0.15512 0.0341316 9.9973E-05 0.0763921 9.9973E-05 0.0130413 0.0159415 0.0452791
9.9946E-05 0.890371 0.00795186 9.9946E-05 0.0382393 9.9946E-05 9.9946E-05 0.0628385 9.9946E-05 9.9946E-05
9.9955E-05 0.0193635 9.9955E-05 0.100104 9.9955E-05 9.9955E-05 9.9955E-05 0.0095777 0.560514 0.309941
0.0138978 0.0812525 0.39185 0.0615954 0.0388117 0.143048 0.0248343 9.9991E-05 0.162745 0.0818663
9.9964E-05 0.0993029 0.432162 9.9964E-05 9.9964E-05 0.105543 0.0311069 9.9964E-05 0.174088 0.157397
9.9973E-05 0.0640349 0.194195 0.0308732 9.9973E-05 0.0574586 0.0592047 9.9973E-05 0.465299 0.128636
9.9982E-05 0.0754447 0.398948 0.0334668 0.0100725 0.0884503 9.9982E-05 0.10551 0.161244 0.126664
9.9982E-05 0.0784136 0.202121 0.0399941 9.9982E-05 0.0235285 0.0597264 0.0748487 0.353873 0.167296
9.9982E-05 0.0523113 0.348561 0.0854638 0.139778 0.0252387 9.9982E-05 0.0998236 0.069337 0.179286
9.9964E-05 0.175041 0.275278 9.9964E-05 0.0193121 9.9964E-05 9.9964E-05 0.144949 0.28629 0.0987308
0.0204198 0.0840506 0.542933 9.9973E-05 9.9973E-05 0.00637279 0.0530751 9.9973E-05 0.210714 0.0821354
9.9955E-05 0.162876 0.366415 9.9955E-05 9.9955E-05 9.9955E-05 0.0855723 9.9955E-05 0.358872 0.0257652
0.101903 0.125846 0.398988 9.9982E-05 0.00534054 0.016184 9.9982E-05 0.036198 0.200414 0.114926
0.0635285 9.9955E-05 0.0398245 9.9955E-05 9.9955E-05 0.0402234 9.9955E-05 9.9955E-05 0.0299849 0.825939
9.9946E-05 0.0452847 9.9946E-05 0.0330339 9.9946E-05 9.9946E-05 0.0875231 9.9946E-05 9.9946E-05 0.833559
0.0659522 9.9937E-05 9.9937E-05 9.9937E-05 9.9937E-05 9.9937E-05 0.0198335 9.9937E-05 9.9937E-05 0.913515
0.0375114 9.9955E-05 0.0147437 9.9955E-05 0.0076911 9.9955E-05 0.0365278 9.9955E-05 9.9955E-05 0.903026
0.0465017 9.9955E-05 0.0257981 9.9955E-05 9.9955E-05 9.9955E-05 0.111121 9.9955E-05 0.0469286 0.769151
9.9946E-05 0.062416 9.9946E-05 0.0239734 9.9946E-05 9.9946E-05 0.0946929 9.9946E-05 9.9946E-05 0.818318
9.9964E-05 0.0941644 0.0280267 9.9964E-05 9.9964E-05 0.0181235 0.0599074 0.00995965 9.9964E-05 0.789418
0.0264166 9.9964E-05 0.0220952 0.0671147 0.00329955 9.9964E-05 0.0320005 9.9964E-05 9.9964E-05 0.848674
9.9955E-05 9.9955E-05 0.0449221 0.0371816 9.9955E-05 9.9955E-05 0.0331436 0.0199564 9.9955E-05 0.864297
9.9946E-05 0.0181294 0.050154 9.9946E-05 9.9946E-05 9.9946E-05 9.9946E-05 9.9946E-05 0.081488 0.849629
9.9964E-05 9.9964E-05 9.9964E-05 0.0258241 0.224323 0.0864973 0.0552044 0.0664192 9.9964E-05 0.541332
0.0732223 9.9964E-05 9.9964E-05 9.9964E-05 0.197972 0.128939 0.046251 0.0167089 9.9964E-05 0.536507
0.0866726 9.9964E-05 9.9964E-05 0.0391168 0.285556 9.9964E-05 0.0625356 9.9964E-05 0.0485921 0.477127
9.9964E-05 9.9964E-05 9.9964E-05 0.0370262 0.280251 0.114536 0.008257 0.078613 9.9964E-05 0.480917
9.9955E-05 9.9955E-05 0.493079 9.9955E-05 0.158946 9.9955E-05 0.0349804 0.274745 9.9955E-05 0.0377501
9.9955E-05 9.9955E-05 0.431507 0.0800786 0.107265 0.0519396 9.9955E-05 0.32871 9.9955E-05 9.9955E-05
0.158777 0.00459376 0.486391 0.0153664 0.0716758 0.0635079 9.9982E-05 0.173565 9.9982E-05 0.0259232
0.0986414 9.9973E-05 0.371545 0.0204251 0.242622 9.9973E-05 0.0202832 0.183458 0.0627246 9.9973E-05
0.20546 0.0196944 0.0998536 9.9964E-05 0.461855 0.0909841 9.9964E-05 0.121754 9.9964E-05 9.9964E-05
0.0396266 0.037449 0.610703 0.118864 9.9964E-05 9.9964E-05 9.9964E-05 0.148105 9.9964E-05 0.0448529
0.0340609 9.9973E-05 0.569881 0.0114478 0.114163 0.0016386 9.9973E-05 0.227299 0.0412092 9.9973E-05
9.9982E-05 0.0326405 0.442988 0.0382754 0.0750953 0.056538 9.9982E-05 0.283977 0.0608403 0.00944591
0.00542102 0.0154941 0.373995 9.9955E-05 9.9955E-05 9.9955E-05 9.9955E-05 0.563605 0.0409844 9.9955E-05
0.0575709 0.00449104 0.598421 0.0118522 9.9973E-05 0.1631 9.9973E-05 0.148868 0.0153982 9.9973E-05
0.0511574 9.9964E-05 0.402195 0.0852346 0.0403604 0.0516841 9.9964E-05 0.368969 9.9964E-05 9.9964E-05
0.070058 9.9955E-05 9.9955E-05 0.237992 0.0280477 9.9955E-05 0.0074895 0.655913 9.9955E-05 9.9955E-05
0.0360721 9.9973E-05 0.573737 0.0911751 0.139617 0.0790096 0.0227672 9.9973E-05 9.9973E-05 0.0573225
9.9964E-05 9.9964E-05 0.221171 0.0803034 0.0695639 0.00483065 9.9964E-05 0.500103 0.123629 9.9964E-05
0.0207256 9.9955E-05 0.500223 0.093905 9.9955E-05 0.024029 9.9955E-05 0.360618 9.9955E-05 9.9955E-05
0.091107 9.9973E-05 0.0560452 0.0244642 0.19145 0.00811814 9.9973E-05 0.623268 9.9973E-05 0.00524838
0.00735264 9.9946E-05 9.9946E-05 9.9946E-05 9.9946E-05 0.892907 9.9946E-05 9.9946E-05 0.0751284 0.024012
9.99201E-05 9.99201E-05 9.99201E-05 9.99201E-05 9.99201E-05 0.999101 9.99201E-05 9.99201E-05 9.99201E-05 9.99201E-05
9.99201E-05 9.99201E-05 9.99201E-05 9.99201E-05 9.99201E-05 0.999101 9.99201E-05 9.99201E-05 9.99201E-05 9.99201E-05
0.063722 9.9946E-05 9.9946E-05 9.9946E-05 9.9946E-05 0.875846 9.9946E-05 0.00499146 9.9946E-05 0.054841
9.9946E-05 0.00347281 9.9946E-05 9.9946E-05 0.0444824 0.94539 9.9946E-05 9.9946E-05 0.00605527 9.9946E-05
9.9937E-05 0.0397755 0.0214816 9.9937E-05 9.9937E-05 0.938043 9.9937E-05 9.9937E-05 9.9937E-05 9.9937E-05
9.9955E-05 0.0218314 0.0676796 9.9955E-05 9.9955E-05 9.9955E-05 0.0394208 0.0165491 9.9955E-05 0.854019
0.0484646 0.0315133 0.0354626 9.9964E-05 0.0828177 9.9964E-05 0.0248931 9.9964E-05 9.9964E-05 0.776449
9.9964E-05 0.105307 0.0724585 9.9964E-05 0.0209112 0.0114634 0.0517237 9.9964E-05 9.9964E-05 0.737736
9.9946E-05 0.0964893 9.9946E-05 9.9946E-05 0.14774 9.9946E-05 0.0372444 9.9946E-05 9.9946E-05 0.717927
0.022431 0.0831601 0.043628 9.9973E-05 0.0426846 9.9973E-05 0.000240107 9.9973E-05 0.0451006 0.762456
0.381561 9.9973E-05 9.9973E-05 9.9973E-05 0.0271571 0.135162 0.0429118 0.0324968 0.0815055 0.298906
0.30891 9.9955E-05 9.9955E-05 0.0438167 9.9955E-05 0.153488 9.9955E-05 0.0644134 9.9955E-05 0.428872
0.250477 9.9973E-05 9.9973E-05 0.0940673 0.0090163 0.235319 0.0222152 0.00590645 9.9973E-05 0.382699
9.99201E-05 9.99201E-05 9.99201E-05 9.99201E-05 9.99201E-05 9.99201E-05 0.999101 9.99201E-05 9.99201E-05 9.99201E-05
0.23251 9.9973E-05 9.9973E-05 0.0126688 9.9973E-05 0.28356 0.0396564 0.0848291 0.0277905 0.318685
0.0259725 0.369632 0.246526 9.9964E-05 0.0408356 9.9964E-05 9.9964E-05 9.9964E-05 0.154129 0.162505
0.00320238 0.216344 0.499526 9.9982E-05 0.0483145 9.9982E-05 0.00278486 0.049121 0.0677014 0.112807
9.9964E-05 0.226921 0.526635 9.9964E-05 0.058023 0.000487912 0.0144627 9.9964E-05 9.9964E-05 0.17307
9.9964E-05 0.235735 0.290902 9.9964E-05 9.9964E-05 0.0774826 9.9964E-05 0.0564166 0.125425 0.213639
9.9982E-05 0.124446 0.487761 9.9982E-05 0.119591 0.030031 0.0257663 0.0809849 0.0506761 0.0805434
9.9946E-05 0.314029 9.9946E-05 9.9946E-05 9.9946E-05 0.040331 9.9946E-05 9.9946E-05 0.21812 0.42692
0.025071 9.9973E-05 0.382909 0.0864621 0.371648 0.0812236 9.9973E-05 0.0308267 0.0215587 9.9973E-05
0.0729517 9.9964E-05 0.359373 0.142557 0.150835 9.9964E-05 9.9964E-05 0.0947237 0.179159 9.9964E-05
0.162034 9.9973E-05 0.168399 0.0652258 0.484061 0.0169879 0.034712 9.9973E-05 9.9973E-05 0.06828
0.0582874 0.0228154 0.374285 0.272477 0.183666 0.0441329 9.9973E-05 0.0440366 9.9973E-05 9.9973E-05
9.9955E-05 9.9955E-05 9.9955E-05 0.33963 0.286239 0.0253343 9.9955E-05 0.115231 0.233067 9.9955E-05
0.0384278 9.9973E-05 0.606598 9.9973E-05 0.141636 9.9973E-05 0.0180851 0.0765143 0.0863995 0.0320393
0.151359 9.9973E-05 0.441965 0.104705 0.184233 9.9973E-05 0.0288913 0.014612 0.0739352 9.9973E-05
0.0805093 9.9982E-05 0.232779 0.0160335 0.573934 9.9982E-05 0.0113637 0.0465817 0.0166325 0.021967
0.0331936 0.0866138 0.447065 0.020732 0.249031 0.00802162 9.9991E-05 0.0266854 0.0272944 0.101263
9.9964E-05 9.9964E-05 0.0140882 0.108749 0.550405 0.00241603 9.9964E-05 0.0678761 0.256066 9.9964E-05
0.0188476 0.0377992 0.419593 0.131601 0.23824 9.9982E-05 9.9982E-05 0.0171456 0.119101 0.017473
0.0928393 9.9982E-05 0.41327 0.0631399 0.242897 0.0247899 0.0161179 0.0675726 0.0791737 9.9982E-05
0.0289128 0.236366 0.306524 9.9982E-05 0.105945 0.0164762 9.9982E-05 0.223089 0.00677114 0.075717
0.0183505 9.9973E-05 0.302787 0.130411 0.365457 0.0501442 9.9973E-05 0.0298305 0.10272 9.9973E-05
9.9973E-05 9.9973E-05 0.372593 0.123154 0.411223 0.0200404 0.0187484 0.00306807 9.9973E-05 0.0508734
0.0727394 0.065006 0.430676 0.15268 0.166705 0.0395888 0.00255432 0.0153689 0.054582 9.9991E-05
0.0445304 9.9982E-05 0.513968 0.0602079 0.0975475 0.078745 9.9982E-05 0.153553 0.014057 0.0371912
0.0765999 0.149374 0.500582 0.031588 0.137499 0.00743956 0.0201266 0.0765909 9.9982E-05 9.9982E-05
0.124674 0.107223 0.4829 9.9973E-05 0.113231 9.9973E-05 9.9973E-05 0.0741028 0.0660614 0.0315084
0.0227819 0.0289049 0.466486 0.010531 0.224416 9.9982E-05 9.9982E-05 0.0124035 0.140439 0.0938373
9.9937E-05 0.0794004 0.150675 9.9937E-05 9.9937E-05 9.9937E-05 9.9937E-05 9.9937E-05 9.9937E-05 0.769225
9.9946E-05 0.0113641 0.12126 0.0288277 9.9946E-05 9.9946E-05 9.9946E-05 9.9946E-05 9.9946E-05 0.837949
0.0861278 9.9955E-05 0.0843421 0.0402981 9.9955E-05 9.9955E-05 9.9955E-05 9.9955E-05 0.0441224 0.74461
9.9973E-05 0.0582266 0.00687325 0.052542 9.9973E-05 0.0783547 0.00354396 0.0134647 9.9973E-05 0.786695
9.9955E-05 0.0188571 0.119884 9.9955E-05 9.9955E-05 9.9955E-05 0.0504639 9.9955E-05 0.0164362 0.793859
0.0378098 0.00451783 0.0923724 9.9973E-05 0.719562 0.0388253 9.9973E-05 9.9973E-05 0.0492287 0.057384
9.9973E-05 0.0384541 0.484492 0.0951141 0.246109 9.9973E-05 9.9973E-05 0.0624414 0.0598816 0.0132078
0.0351461 0.182861 0.423129 0.0297181 0.0215738 9.9991E-05 0.0175491 0.0488633 0.126853 0.114207
0.0942971 0.0380308 0.684916 9.9964E-05 0.156851 9.9964E-05 0.00876331 9.9964E-05 0.0167427 9.9964E-05
0.0131348 9.9973E-05 0.457594 0.0839316 0.229152 0.052256 9.9973E-05 0.0848629 9.9973E-05 0.0787684
0.0401423 0.0257823 0.190397 0.0982646 0.439134 0.0478859 0.00373178 9.9982E-05 0.154462 9.9982E-05
0.0975335 9.9973E-05 9.9973E-05 9.9973E-05 0.593828 0.108879 0.0300861 0.0031024 0.102478 0.0637929
0.0792728 0.0275611 0.430215 0.0470602 0.197323 0.108043 9.9973E-05 0.110225 9.9973E-05 9.9973E-05
0.194091 9.9982E-05 0.12802 0.11232 0.359944 0.0913631 0.0332318 9.9982E-05 0.0020893 0.0787407
0.0453701 0.103276 0.341232 0.100854 0.0466178 0.192913 9.99882E-05 0.08334 0.0861965 9.99882E-05
0.0448101 9.9982E-05 0.0255283 0.0843164 0.52238 0.141407 0.0251285 0.0383313 9.9982E-05 0.117898
0.122995 9.9973E-05 0.576107 9.9973E-05 0.137239 0.0421355 0.0259573 9.9973E-05 0.0569913 0.0382754
0.176367 9.9982E-05 0.0975359 0.0275086 0.599116 0.0401182 0.00791543 0.0173254 9.9982E-05 0.0339142
0.04233 0.0810169 0.267353 0.0732526 0.272181 0.0580486 9.9991E-05 0.0729863 0.103626 0.0291054
0.153856 0.0333867 0.396354 0.0408556 0.0356342 0.017767 9.9991E-05 0.156869 0.0820373 0.0831408
0.0528495 9.9973E-05 0.30718 0.0193276 0.088768 0.028138 9.9973E-05 0.0745005 0.428937 9.9973E-05
9.9955E-05 9.9955E-05 0.554701 9.9955E-05 0.0628126 0.0313123 9.9955E-05 0.102856 0.247818 9.9955E-05
9.9982E-05 0.0670979 0.563937 9.9982E-05 0.0178361 0.0860216 0.0221823 0.0878826 0.113528 0.0413151
0.00193294 9.9973E-05 0.394747 0.0794779 0.0641886 0.0364245 9.9973E-05 0.0579206 0.365008 9.9973E-05
9.9964E-05 9.9964E-05 0.542163 0.134815 9.9964E-05 0.0912876 0.0585976 0.0475394 0.125197 9.9964E-05
0.0678727 9.9982E-05 0.494254 0.0743615 9.9982E-05 0.0744693 0.00960974 0.0908682 0.183283 0.005082
0.0420902 9.9973E-05 0.0869931 0.135959 0.0292406 0.0330563 9.9973E-05 0.18533 0.487031 9.9973E-05
0.0128961 9.9964E-05 0.233551 0.0285899 9.9964E-05 0.0399938 9.9964E-05 0.107211 0.577358 9.9964E-05
0.0722831 9.9964E-05 0.549182 9.9964E-05 9.9964E-05 0.0636141 0.0208881 0.0795781 0.214055 9.9964E-05
0.0231104 9.9964E-05 0.128186 0.147049 9.9964E-05 0.082898 9.9964E-05 0.267888 0.350468 9.9964E-05
9.9955E-05 9.9955E-05 0.365341 9.9955E-05 0.158545 0.0562555 9.9955E-05 0.144598 0.274762 9.9955E-05
0.177958 0.0305485 0.0262375 0.0310805 0.524718 0.0342708 9.9982E-05 0.120814 9.9982E-05 0.0541726
0.0885368 0.00746853 0.206223 0.280025 0.346049 9.9964E-05 9.9964E-05 0.0712966 9.9964E-05 9.9964E-05
0.191932 0.0567144 0.329134 0.0129296 0.305138 0.0477034 0.000604079 0.0556457 9.9982E-05 9.9982E-05
0.137523 0.0402912 0.613226 0.0499949 0.02404 0.0398495 0.0224616 0.0197441 0.05277 9.9991E-05
0.159601 9.9964E-05 0.158137 9.9964E-05 0.501701 0.0327922 0.00271318 0.144655 9.9964E-05 9.9964E-05
0.0721052 0.145113 0.440436 0.134308 0.0143129 0.0813878 0.0245903 9.9991E-05 0.0605958 0.027051
0.105248 0.0903032 0.522005 0.0161722 0.0644877 9.9982E-05 0.0456587 0.125779 0.0301455 9.9982E-05
0.195562 9.9964E-05 0.46607 0.0319414 0.274865 9.9964E-05 9.9964E-05 0.0150953 9.9964E-05 0.0160669
0.132331 0.041866 0.390263 0.0982856 0.295944 9.9964E-05 0.0409114 9.9964E-05 9.9964E-05 9.9964E-05
0.0935045 0.0645344 0.405398 0.0109519 0.208169 0.0659079 0.0180604 0.133274 9.9982E-05 9.9982E-05
0.225523 0.0528312 0.177352 0.0361173 0.346382 0.0583394 9.9973E-05 0.103155 9.9973E-05 9.9973E-05
0.235278 0.105585 0.284514 0.0460087 0.233936 0.0839592 9.9973E-05 0.0104187 9.9973E-05 9.9973E-05
9.99461E-05 9.99461E-05 0.562339 0.0348352 0.376867 0.0253592 9.99461E-05 9.99461E-05 9.99461E-05 9.99461E-05
0.0111251 0.0117365 0.533609 9.9982E-05 0.174294 9.9982E-05 0.0194575 0.127378 0.0557874 0.0664122
0.130898 9.9991E-05 0.43182 0.123502 0.202167 0.0118366 0.0197534 0.0338418 0.0113674 0.0347134
0.119116 0.0303294 0.519224 0.132572 0.175807 0.0118797 9.9973E-05 0.0107718 9.9973E-05 9.9973E-05
0.237844 0.0537232 0.338576 9.9973E-05 0.284701 9.9973E-05 0.032738 9.9973E-05 0.0323586 0.0197595
0.155935 0.0379604 0.578166 0.0786077 0.148832 9.9955E-05 9.9955E-05 9.9955E-05 9.9955E-05 9.9955E-05
0.171971 0.113427 0.430967 0.0428907 0.191828 9.9973E-05 9.9973E-05 9.9973E-05 0.0402651 0.0083511
0.0978249 0.106305 0.502404 0.0280756 0.213884 9.9973E-05 0.0381431 9.9973E-05 0.0130638 9.9973E-05
0.0347688 0.164835 0.34711 9.9973E-05 0.0427244 9.9973E-05 0.0349631 0.0377028 9.9973E-05 0.337596
9.9973E-05 0.183488 0.449429 0.121495 0.0281551 9.9973E-05 0.0446476 0.0244613 9.9973E-05 0.148024
9.9982E-05 0.19827 0.465684 9.9982E-05 0.0258921 0.119727 0.0363722 0.0178201 0.0875331 0.048502
9.9973E-05 0.177067 0.473461 0.114923 0.0715206 0.0758986 0.0468556 9.9973E-05 0.0399738 9.9973E-05
9.9973E-05 0.203494 0.385428 0.0426106 0.1416 9.9973E-05 0.0311593 0.0321338 9.9973E-05 0.163273
9.9946E-05 9.9946E-05 0.41304 0.154597 0.308418 9.9946E-05 9.9946E-05 9.9946E-05 0.123344 9.9946E-05
0.00993235 0.164906 0.395075 9.9982E-05 0.110408 0.00284028 0.0516221 0.11142 9.9982E-05 0.153597
9.9964E-05 0.140546 9.9964E-05 0.00458889 0.0936869 9.9964E-05 9.9964E-05 0.156452 0.375538 0.228788
9.9973E-05 0.176385 0.478426 9.9973E-05 0.129416 0.0156234 9.9973E-05 0.0724371 0.0441861 0.0832268
0.0411309 0.122745 0.498571 0.072727 0.0777333 0.060976 0.0130662 0.0138921 0.0113006 0.0878581
9.9973E-05 0.239092 0.387224 0.125354 0.136936 0.0104459 0.0289866 9.9973E-05 9.9973E-05 0.0716618
9.9982E-05 0.146545 0.215885 9.9982E-05 0.170984 0.0821883 0.0739827 0.0543689 0.238721 0.0171262
0.00843765 0.151815 0.491922 9.9964E-05 9.9964E-05 9.9964E-05 0.0407505 9.9964E-05 0.145022 0.161654
0.00963398 0.168691 0.550199 0.0905328 0.0223759 9.9982E-05 0.0657553 9.9982E-05 0.00677875 0.0858334
9.9955E-05 0.196653 9.9955E-05 0.038865 9.9955E-05 9.9955E-05 0.0209689 9.9955E-05 0.352038 0.390975
9.9982E-05 0.090204 0.501479 0.0379331 9.9982E-05 0.0252352 0.0954501 0.0393466 0.105142 0.105011
9.9973E-05 0.317461 0.366776 0.0101676 9.9973E-05 9.9973E-05 0.013417 0.142801 0.0671461 0.0819312
9.9973E-05 0.103639 0.524226 0.0149313 0.174002 0.00624287 0.0223531 9.9973E-05 9.9973E-05 0.154306
9.9964E-05 0.145789 0.557762 9.9964E-05 0.0244018 0.00995817 9.9964E-05 9.9964E-05 0.0610193 0.20067
0.0862004 0.0989886 0.546018 0.0709526 0.008735 0.0115743 0.0302837 0.0178759 0.036537 0.0928347
0.11179 0.0208916 0.344212 0.387532 9.9964E-05 9.9964E-05 0.0195472 0.115627 9.9964E-05 9.9964E-05
0.0818184 0.0966198 0.405523 0.25606 0.00428666 9.9982E-05 9.9982E-05 0.023286 0.0468646 0.0853415
9.9946E-05 9.9946E-05 9.9946E-05 0.807782 0.104328 0.0158054 9.9946E-05 0.0714853 9.9946E-05 9.9946E-05
0.0257845 9.99549E-05 9.99549E-05 0.874297 9.99549E-05 0.0353805 9.99549E-05 0.0407211 9.99549E-05 0.0233172
0.0155829 0.0743686 0.443785 0.373885 0.00327785 9.9982E-05 0.0804692 0.00525489 9.9982E-05 0.00317646
9.9964E-05 0.199207 0.4593 0.0606652 0.0319379 9.9964E-05 9.9964E-05 9.9964E-05 0.16371 0.0847801
9.9964E-05 0.297054 0.288211 0.206014 9.9964E-05 9.9964E-05 0.0249644 9.9964E-05 0.0662484 0.117108
9.9982E-05 0.253398 0.130808 0.161061 0.0387758 9.9982E-05 0.029869 0.00789925 0.199691 0.178298
9.9973E-05 0.196929 0.330825 0.165075 0.0687829 9.9973E-05 0.0421 9.9973E-05 0.0407693 0.155219
9.9964E-05 0.0891956 0.027971 0.647111 9.9964E-05 9.9964E-05 0.021048 9.9964E-05 0.149656 0.0646186
9.9955E-05 0.0686335 0.108094 0.653037 9.9955E-05 9.9955E-05 0.0716559 9.9955E-05 0.0980799 9.9955E-05
9.9964E-05 0.0970772 0.438775 0.440989 9.9964E-05 9.9964E-05 0.0068483 0.00907607 0.00683507 9.9964E-05
9.9946E-05 0.0559367 0.429489 0.477383 9.9946E-05 9.9946E-05 9.9946E-05 9.9946E-05 9.9946E-05 0.0365921
9.9964E-05 0.0739643 0.151044 0.669921 9.9964E-05 9.9964E-05 0.0319559 9.9964E-05 0.0252223 0.0474928
0.0643235 0.0843893 0.460226 0.289566 0.00559485 0.0307284 0.023381 9.9982E-05 9.9982E-05 0.0415913
0.00357699 0.0594419 0.497909 0.37535 9.9964E-05 0.00417961 9.9964E-05 9.9964E-05 9.9964E-05 0.0591432
0.0282506 0.157278 0.451528 0.193094 0.00379989 0.017369 0.010237 0.00956106 0.128782 9.9991E-05
0.0152419 9.9973E-05 0.279841 0.585079 0.0646662 0.0470678 0.000228578 9.9973E-05 9.9973E-05 0.00757587
9.9973E-05 0.0179102 0.245081 0.536218 0.0532505 9.9973E-05 0.0349457 0.0679612 0.0443334 9.9973E-05
0.0532057 0.00957904 0.53219 0.205565 9.9973E-05 9.9973E-05 0.0613713 0.0528487 0.0849409 9.9973E-05
0.0182019 0.0141598 0.369807 0.394288 9.9973E-05 0.0841545 9.9973E-05 9.9973E-05 0.0379534 0.0811352
0.100092 0.0284099 0.438714 0.179076 0.0819107 9.9982E-05 0.000848222 9.9982E-05 0.109059 0.0616913
9.9955E-05 9.9955E-05 0.45354 0.353553 0.0159926 0.00268821 9.9955E-05 9.9955E-05 0.173726 9.9955E-05
0.024086 9.9955E-05 0.191856 0.696457 0.00894006 0.0781606 9.9955E-05 9.9955E-05 9.9955E-05 9.9955E-05
9.9946E-05 9.9946E-05 0.57291 0.356281 9.9946E-05 9.9946E-05 9.9946E-05 0.0314467 9.9946E-05 0.0387628
0.0130989 0.0209895 0.211236 0.690801 0.0522208 9.9964E-05 9.9964E-05 0.0112539 9.9964E-05 9.9964E-05
0.0235939 9.9964E-05 0.393813 0.475848 9.9964E-05 0.0345809 0.0370478 9.9964E-05 0.0347159 9.9964E-05
9.9982E-05 0.0202943 0.472865 0.235268 0.00760726 0.0252833 0.0614324 0.11557 9.9982E-05 0.0614794
0.109348 9.9955E-05 0.488147 0.281983 9.9955E-05 9.9955E-05 0.00418717 0.115835 9.9955E-05 9.9955E-05
9.9982E-05 0.0931577 0.48093 0.128417 0.00627252 9.9982E-05 0.0491841 0.0488352 0.0482725 0.144731
9.9973E-05 0.104053 0.345934 0.152944 0.125054 0.132932 9.9973E-05 9.9973E-05 0.0643376 0.0744461
0.0746575 0.196582 0.377031 9.9964E-05 9.9964E-05 9.9964E-05 0.00445405 9.9964E-05 0.20305 0.143825
9.9982E-05 0.216612 0.284725 0.100337 0.0529972 0.119638 0.018973 9.9982E-05 0.0840796 0.122438
0.0299874 0.17326 0.400583 9.9964E-05 0.213269 9.9964E-05 9.9964E-05 9.9964E-05 0.0953796 0.0871207
0.0336276 0.1582 0.351022 0.141286 0.00764117 0.0497866 0.0824125 9.9991E-05 0.059237 0.116687
9.9955E-05 0.11852 9.9955E-05 0.613737 9.9955E-05 0.0200513 9.9955E-05 9.9955E-05 0.0607385 0.186454
0.00436902 0.200408 0.515212 0.0781553 9.9982E-05 0.0825482 0.0547136 9.9982E-05 0.0313111 0.033083
9.9946E-05 0.117894 9.9946E-05 0.374097 9.9946E-05 9.9946E-05 9.9946E-05 9.9946E-05 0.18226 0.325148
9.9946E-05 0.189376 0.458446 0.290638 9.9946E-05 9.9946E-05 9.9946E-05 9.9946E-05 9.9946E-05 0.0609394
0.0222368 9.9955E-05 0.0633107 0.732342 9.9955E-05 9.9955E-05 9.9955E-05 0.170434 0.011176 9.9955E-05
0.0493488 9.9955E-05 9.9955E-05 0.847272 0.0158241 9.9955E-05 0.00153134 0.0855234 9.9955E-05 9.9955E-05
0.0543684 9.9964E-05 0.41261 0.421495 0.0117284 9.9964E-05 0.00941716 0.0899815 9.9964E-05 9.9964E-05
