9.9973E-05 9.9973E-05 0.0513204 0.0364819 9.9973E-05 0.911898
0.0174519 0.0329467 0.0158693 9.9982E-05 9.9982E-05 0.933532
0.0219287 9.9991E-05 0.00670815 0.0197658 0.126427 0.82507
9.9982E-05 9.9982E-05 0.1013 0.0580503 0.0303503 0.810099
9.999E-05 0.00701993 0.00657723 0.0667608 0.0518659 0.867676
0.0808998 0.112338 0.0277718 0.0526234 0.0773 0.649067
0.0376511 0.0718177 0.0376575 9.9991E-05 0.0174305 0.835343
9.9982E-05 0.147163 0.0930811 0.0345592 9.9982E-05 0.724997
0.00432683 0.103038 0.0771661 9.9982E-05 9.9982E-05 0.815269
9.999E-05 0.144029 0.0526183 0.101887 0.046203 0.655163
9.9982E-05 0.113072 0.0968671 9.9982E-05 0.0483619 0.741499
0.210888 0.0325214 0.44835 0.0801613 0.222103 0.00597627
9.9982E-05 0.00932884 0.338878 0.112722 0.53887 9.9982E-05
0.123377 0.0528643 0.444833 0.114767 0.202019 0.062139
0.113328 9.9991E-05 0.367392 0.173645 0.260347 0.0851878
0.0732021 0.0359936 0.263216 0.205292 0.325177 0.0971187
0.0262293 0.0612802 0.202851 0.153628 0.502506 0.053505
0.0336451 0.0593944 0.323082 0.163909 0.41987 9.9991E-05
0.143788 9.9991E-05 0.360715 0.089417 0.287723 0.118257
0.0817155 0.132508 0.662458 0.0983865 9.9991E-05 0.0248328
0.194257 0.051535 0.284036 0.045219 0.359098 0.0658549
9.9991E-05 0.270127 0.24496 0.0717559 0.405818 0.0072383
0.143891 0.0644973 0.178993 0.020157 0.544086 0.0483757
0.239045 0.0387499 0.330126 0.13294 0.259039 9.9991E-05
0.183294 0.019995 0.156153 0.150077 0.407716 0.0827639
0.0416403 9.9991E-05 0.284815 0.0786633 0.572798 0.0219832
0.210352 0.0437153 0.488109 0.183799 0.0739245 9.9991E-05
0.165131 9.9991E-05 0.483591 0.231611 0.118631 0.000935659
0.108801 0.140622 0.457459 9.9991E-05 0.285791 0.00722767
9.9973E-05 9.9973E-05 9.9973E-05 0.0421388 0.0983287 0.859233
9.9964E-05 9.9964E-05 9.9964E-05 9.9964E-05 0.165978 0.833622
0.0273361 9.9982E-05 9.9982E-05 0.0124487 0.152421 0.807595
0.0579843 9.9982E-05 9.9982E-05 0.113475 0.0868586 0.741482
0.197537 0.0992377 0.0734605 0.0897538 0.539911 9.9991E-05
0.316976 0.0405391 0.0296388 0.0262839 0.47085 0.115712
0.407819 9.9973E-05 9.9973E-05 9.9973E-05 0.554735 0.0371455
0.162028 0.0248778 0.573379 9.9991E-05 0.176739 0.0628761
0.549875 0.0865319 9.9991E-05 0.0489216 0.268548 0.0460236
0.306409 9.9991E-05 0.0563118 0.0789213 0.460651 0.0976072
0.272373 9.9973E-05 9.9973E-05 0.0727845 0.654542 9.9973E-05
0.143007 0.20203 0.037609 0.015535 0.54168 0.0601396
0.137185 0.0147589 0.093406 9.9991E-05 0.667552 0.0869979
0.679001 9.9982E-05 0.139795 9.9982E-05 0.142867 0.0381372
0.0708645 0.187454 0.00433571 0.0114051 0.657845 0.0680955
0.292971 0.0522515 0.0304668 0.0768257 0.475103 0.0723812
0.153247 9.9991E-05 0.0393033 0.0554504 0.576491 0.175409
0.654764 0.0429502 9.9982E-05 0.000546526 0.301539 9.9982E-05
0.304452 9.9991E-05 0.0289628 0.0476724 0.549527 0.0692867
0.298337 0.054246 0.0289551 0.0350384 0.45199 0.131433
0.657018 0.279647 9.9973E-05 9.9973E-05 9.9973E-05 0.0630358
0.356361 0.0944577 0.403265 9.9982E-05 0.145717 9.9982E-05
0.244838 0.462953 0.198399 0.0107755 0.0650743 0.0179606
0.0502638 0.0164942 0.153815 0.0694371 0.631098 0.0788923
9.9991E-05 0.148511 0.117821 0.0739153 0.554377 0.105275
0.0432212 0.144938 0.124153 0.112851 0.55651 0.0183272
0.324511 0.0690047 0.324262 9.9991E-05 0.166972 0.11515
0.0310539 0.0533984 0.298281 9.9982E-05 0.617067 9.9982E-05
0.0956859 0.116052 0.0258564 0.0958933 0.589151 0.0773617
0.18693 0.0977671 0.216897 0.0456581 0.326906 0.125842
0.233635 0.199295 0.256282 0.0407084 0.0762853 0.193794
0.146207 0.00809166 0.112683 0.0044549 0.634558 0.0940046
0.156648 0.075225 0.195199 0.00803696 0.459671 0.10522
0.26704 0.145357 0.442592 9.9991E-05 0.0963001 0.0486114
0.163097 0.0927995 0.184449 0.0323267 0.527228 9.9991E-05
0.133065 0.167338 0.0118934 0.0710546 0.610211 0.00643844
9.9982E-05 0.0845244 0.184951 9.9982E-05 0.657209 0.0731155
0.26109 0.173362 0.259544 0.0820881 0.223815 9.9991E-05
0.097532 0.19338 0.1648 0.0990815 0.445107 9.9991E-05
0.0485438 0.101342 0.191481 0.10167 0.556864 9.9991E-05
0.181044 0.101465 0.440639 9.9991E-05 0.239459 0.0372935
0.403825 9.9973E-05 0.0109883 9.9973E-05 0.584887 9.9973E-05
0.718464 9.9982E-05 0.114724 9.9982E-05 0.153313 0.0132987
0.262161 0.0093558 0.119606 0.0675498 0.491867 0.0494604
0.865595 0.134005 9.9964E-05 9.9964E-05 9.9964E-05 9.9964E-05
0.790411 0.187175 0.0221138 9.9973E-05 9.9973E-05 9.9973E-05
0.764996 0.000454148 9.9982E-05 0.0172354 0.217115 9.9982E-05
0.544466 9.9973E-05 0.0489363 9.9973E-05 0.406298 9.9973E-05
0.0536795 0.0797563 0.0862095 0.092767 0.598302 0.0892854
0.525432 0.0365512 0.0073759 0.1052 0.321843 0.00359695
0.671164 9.9991E-05 0.121379 0.113081 0.0849327 0.00934255
0.55168 9.9991E-05 0.209584 0.00795624 0.185014 0.045666
0.321638 0.00144643 0.0469796 0.220627 0.406105 0.00320446
0.579069 9.9982E-05 0.0300913 9.9982E-05 0.337438 0.053201
0.503447 9.9982E-05 0.00287822 9.9982E-05 0.390925 0.10255
0.600426 9.9973E-05 9.9973E-05 9.9973E-05 0.333906 0.065368
0.659916 0.309784 9.9982E-05 0.0226826 9.9982E-05 0.00741698
0.205518 0.0224723 0.123642 0.0889536 0.559314 9.9991E-05
0.0350295 9.9991E-05 0.0999492 0.0516723 0.0156757 0.797573
9.9964E-05 9.9964E-05 9.9964E-05 9.9964E-05 0.0656262 0.933974
9.9973E-05 9.9973E-05 9.9973E-05 0.0283121 0.114108 0.85728
0.0139745 0.0126875 9.9982E-05 9.9982E-05 0.0365847 0.936553
0.0113152 9.9982E-05 9.9982E-05 0.0300632 0.0638536 0.894568
9.9982E-05 0.0636717 9.9982E-05 0.0053295 0.0718472 0.858952
9.9964E-05 9.9964E-05 9.9964E-05 9.9964E-05 0.0781923 0.921408
0.194128 0.0453876 0.0563934 0.0723315 0.61932 0.0124389
0.2448 0.0278212 0.021355 0.0688136 0.591065 0.0461448
0.895541 9.9973E-05 0.045698 9.9973E-05 9.9973E-05 0.0584611
0.19582 0.0149815 0.130568 0.0656249 0.492686 0.10032
0.396243 9.9991E-05 0.0992682 0.055432 0.408203 0.0407536
0.279571 0.0253604 0.0050197 0.032221 0.586506 0.0713216
0.40759 9.9991E-05 0.0130851 0.0385291 0.46032 0.0803759
0.407433 9.9991E-05 0.00285342 0.11202 0.460791 0.0168029
0.780834 0.0352765 0.156845 9.9982E-05 9.9982E-05 0.0268441
0.163344 0.0473092 0.176432 0.0236021 0.479916 0.109396
0.242344 0.0332375 9.9982E-05 9.9982E-05 0.664956 0.0592621
0.207556 0.0225142 0.0598283 0.143182 0.446897 0.120022
0.455313 0.211885 9.9991E-05 0.0596126 0.252124 0.0209653
0.353261 0.123488 9.9982E-05 9.9982E-05 0.515044 0.0080064
0.38334 0.0236877 0.0639459 9.9991E-05 0.493172 0.0357544
0.670126 9.9973E-05 9.9973E-05 0.172565 0.157009 9.9973E-05
0.382177 9.9982E-05 0.1413 9.9982E-05 0.408708 0.0676158
0.204684 9.9982E-05 0.0653096 9.9982E-05 0.548701 0.181105
0.153144 0.26618 0.337395 0.081719 0.161463 9.9991E-05
0.0669917 9.9991E-05 0.300124 0.0363032 0.429983 0.166498
0.0674428 0.0787302 0.106998 0.0241842 0.594998 0.127647
0.112252 0.0720475 0.0745042 0.100312 0.563195 0.0776887
0.0864283 0.00186323 0.312238 9.9991E-05 0.523526 0.075845
0.0410837 0.0166129 0.28914 0.0552987 0.563175 0.034689
0.0159064 0.0668311 0.321336 9.9991E-05 0.570909 0.0249172
0.132193 0.0985351 0.129836 0.0615604 0.508994 0.0688809
0.0422857 0.0934173 0.176224 0.00745728 0.637793 0.0428223
0.100952 0.141186 0.169621 9.9991E-05 0.549348 0.038793
0.073346 9.9973E-05 0.400036 9.9973E-05 0.526318 9.9973E-05
9.9991E-05 0.159526 0.146932 0.0807557 0.609716 0.00296948
0.0508844 0.152022 0.0856967 0.0652527 0.576406 0.0697382
0.0868412 9.9982E-05 0.226657 0.0445322 0.64177 9.9982E-05
9.9991E-05 0.177669 0.0948596 0.0746818 0.613455 0.0392356
0.00423547 0.0716844 0.227161 0.0988189 0.598001 9.9991E-05
9.9982E-05 0.159917 0.281825 9.9982E-05 0.468601 0.089458
0.0632521 9.9982E-05 0.229412 0.0396884 0.667447 9.9982E-05
9.9991E-05 0.122141 0.11351 0.00950454 0.649014 0.105731
0.209297 0.059987 0.381544 0.032075 0.284549 0.0325477
0.135358 0.349984 0.319565 0.0829515 0.0770307 0.0351107
0.00292466 0.109666 0.244093 0.0595624 0.546703 0.0370507
0.224516 0.382894 0.256795 0.0640134 0.0716811 9.9991E-05
0.116728 0.137578 0.39645 0.0018014 0.317732 0.029711
0.184421 0.0231827 0.287203 9.9982E-05 0.504993 9.9982E-05
0.24343 9.9982E-05 0.401671 9.9982E-05 0.330777 0.023922
0.117079 0.061598 0.482317 9.9982E-05 0.338806 9.9982E-05
0.158741 0.0171989 0.139821 9.9991E-05 0.570411 0.113729
0.0338095 0.113864 0.0752105 0.120821 0.586738 0.0695577
0.200482 0.0602315 0.235255 0.0888104 0.383182 0.0320383
0.0696639 0.323462 0.397191 0.0278359 0.181747 9.9991E-05
0.117929 9.9982E-05 0.0904462 9.9982E-05 0.652393 0.139033
0.126401 0.275026 9.9991E-05 0.0628825 0.486243 0.0493476
0.0665581 0.66338 0.0725461 9.9991E-05 0.0766892 0.120726
0.06741 0.128708 9.9991E-05 0.0228725 0.678845 0.102064
0.17812 0.350928 0.00275071 0.0244883 0.383207 0.0605058
0.0880376 0.26381 9.9991E-05 0.0160151 0.543944 0.0880934
0.0381001 0.434457 0.082475 9.9991E-05 0.321043 0.123825
0.0397765 0.528822 0.16403 9.9991E-05 0.243414 0.0238582
0.0209627 0.309841 0.132921 9.9991E-05 0.520291 0.0158845
0.0137716 0.198013 0.148619 9.9991E-05 0.555946 0.0835506
0.0404329 0.184489 0.102359 0.064767 0.466595 0.141357
0.237153 0.465437 0.0856611 0.194059 9.9991E-05 0.0175892
0.104015 0.157643 9.9991E-05 0.0552128 0.59781 0.0852195
0.154475 0.334654 0.0605809 9.9982E-05 0.45009 9.9982E-05
0.122744 0.201347 0.152621 0.0324187 0.490769 9.9991E-05
0.195529 0.0488526 0.0269456 0.0436953 0.536125 0.148853
9.9991E-05 0.24182 0.0189773 0.259262 0.162233 0.317607
9.9973E-05 0.318987 9.9973E-05 0.124279 9.9973E-05 0.556434
9.9973E-05 0.415156 9.9973E-05 0.111028 9.9973E-05 0.473516
9.9991E-05 0.152196 0.00916835 0.308126 0.111214 0.419196
0.0456886 0.218318 9.9973E-05 9.9973E-05 0.735694 9.9973E-05
0.136399 0.127237 0.0748702 0.0204475 0.509924 0.131122
0.0464819 9.9982E-05 0.0153324 0.691727 0.246259 9.9982E-05
0.181335 9.9991E-05 0.0701418 0.366574 0.333165 0.0486839
0.0322634 0.0729295 0.122248 0.411724 0.307368 0.0534659
0.0425938 0.553592 9.9973E-05 9.9973E-05 0.403515 9.9973E-05
0.0971267 0.221546 0.0443691 9.9991E-05 0.584819 0.0520391
0.017376 0.702921 9.99783E-05 9.99783E-05 0.279403 9.99783E-05
9.9991E-05 0.32834 0.017551 0.00731493 0.630304 0.0163899
0.0605131 0.382574 0.0156468 9.9991E-05 0.480565 0.0606002
0.028879 0.28697 0.0123374 0.0639219 0.596872 0.0110195
0.101739 0.587812 0.0411434 9.9982E-05 0.269105 9.9982E-05
0.183943 0.0546316 0.0458271 0.15558 0.503113 0.0569062
0.132617 0.127673 0.0451559 0.146458 0.472519 0.0755763
0.0262852 0.014118 9.9973E-05 0.959297 9.9973E-05 9.9973E-05
9.9973E-05 9.9973E-05 0.0311596 0.942636 0.0259044 9.9973E-05
0.0726776 9.9982E-05 9.9982E-05 0.565036 0.345665 0.0164208
9.9982E-05 0.00211212 0.021213 0.645325 0.33115 9.9982E-05
0.0523812 0.0183009 9.9991E-05 0.836987 0.0627296 0.0295009
9.996E-05 9.996E-05 9.996E-05 0.9995 9.996E-05 9.996E-05
9.9964E-05 9.9964E-05 0.0225505 0.97705 9.9964E-05 9.9964E-05
0.0179327 9.9973E-05 9.9973E-05 0.860604 0.121163 9.9973E-05
9.9973E-05 9.9973E-05 0.00384196 0.991213 0.00464535 9.9973E-05
9.996E-05 9.996E-05 9.996E-05 0.9995 9.996E-05 9.996E-05
9.996E-05 9.996E-05 9.996E-05 0.9995 9.996E-05 9.996E-05
9.9982E-05 9.9982E-05 0.0378259 0.794045 0.14406 0.0238686
0.04684 9.9991E-05 0.0379008 0.825425 0.074858 0.0148765
0.0311279 9.9964E-05 9.9964E-05 0.968472 9.9964E-05 9.9964E-05
0.0617688 0.0608393 0.0967563 0.42292 0.309791 0.0479254
9.9982E-05 9.9982E-05 0.0712359 0.673852 0.196649 0.0580635
0.0390414 0.0403531 9.9991E-05 0.728288 0.136395 0.0558221
9.9973E-05 9.9973E-05 0.00153631 0.894553 0.10361 9.9973E-05
9.9973E-05 9.9973E-05 9.9973E-05 0.968525 0.0189235 0.0122517
0.00713449 9.9982E-05 9.9982E-05 0.880016 0.078014 0.0346356
9.996E-05 9.996E-05 9.996E-05 0.9995 9.996E-05 9.996E-05
0.0432837 9.9991E-05 0.00192478 0.661874 0.199165 0.0936523
9.9991E-05 0.0408452 0.0136938 0.897494 0.0185006 0.0293668
9.9973E-05 0.640252 9.9973E-05 0.0469551 9.9973E-05 0.312493
0.0582527 0.134418 0.0881398 0.07129 0.459456 0.188444
0.0426445 0.191303 0.0341784 0.0304759 0.460756 0.240642
0.0322345 0.474643 0.00408131 0.13719 0.17461 0.177241
0.0283768 0.186263 0.132639 0.156041 0.391289 0.105392
0.0641335 0.339421 9.9991E-05 0.136628 0.161096 0.298621
0.0149226 0.164152 0.114144 0.081419 0.462499 0.162864
9.9982E-05 0.381938 9.9982E-05 0.14954 0.34512 0.123202
9.9982E-05 0.206094 9.9982E-05 0.0815943 0.539368 0.172745
9.9982E-05 0.274179 9.9982E-05 0.188594 0.403931 0.133096
0.0529495 0.226779 9.9991E-05 0.0716918 0.460776 0.187703
0.0244046 0.0245175 0.0403066 9.9991E-05 0.0783012 0.83237
9.9964E-05 9.9964E-05 9.9964E-05 0.0657117 9.9964E-05 0.933888
0.0350586 9.9973E-05 0.0543035 9.9973E-05 9.9973E-05 0.910338
9.9973E-05 9.9973E-05 0.0852044 9.9973E-05 0.01114 0.903356
9.9991E-05 0.00351366 0.0783823 0.0128758 0.0499526 0.855176
0.0199439 9.9973E-05 9.9973E-05 0.0750239 9.9973E-05 0.904732
9.9973E-05 9.9973E-05 0.0192491 0.0869208 9.9973E-05 0.89353
9.9982E-05 0.06568 0.00643265 9.9982E-05 0.0119551 0.915732
0.0704376 9.9973E-05 9.9973E-05 0.025077 9.9973E-05 0.904186
9.9982E-05 0.00912332 0.0522278 0.0995571 9.9982E-05 0.838892
0.132619 9.9973E-05 0.273441 9.9973E-05 9.9973E-05 0.59364
0.0766367 0.0116982 0.319916 9.9982E-05 9.9982E-05 0.591549
0.0616277 0.162319 0.265202 9.9982E-05 9.9982E-05 0.510651
0.105942 0.0860774 0.322167 9.9982E-05 9.9982E-05 0.485614
0.369326 0.00295534 0.129702 0.0357906 0.393436 0.0687894
0.273387 0.102887 0.0471789 0.0312424 0.480518 0.0647866
0.258519 9.9982E-05 0.178012 0.0784888 0.48478 9.9982E-05
0.210596 0.0400419 0.298238 9.9982E-05 0.450924 9.9982E-05
0.179561 0.0620749 0.593933 0.0447474 0.119584 9.9991E-05
0.249797 0.0062193 9.9991E-05 0.0470576 0.599658 0.0971686
0.270291 0.0133052 0.107408 0.0570473 0.551849 9.9991E-05
0.34425 0.121877 0.0534493 9.9991E-05 0.465569 0.014755
0.529073 0.0984485 9.9982E-05 0.0449878 0.327291 9.9982E-05
0.12303 0.0732054 0.0569888 9.9991E-05 0.656612 0.0900639
0.320126 0.0493009 0.17672 9.9991E-05 0.436929 0.0168247
0.720541 0.240527 0.0386318 9.9973E-05 9.9973E-05 9.9973E-05
0.144297 0.0959987 0.143754 9.9991E-05 0.486143 0.129707
0.585597 0.20737 9.9982E-05 0.00495517 0.201878 9.9982E-05
0.340465 0.0937891 0.0269218 9.9982E-05 0.538624 9.9982E-05
0.745015 9.9982E-05 0.151623 9.9982E-05 0.0469786 0.0561843
9.9982E-05 0.133152 0.744635 9.9982E-05 0.00704553 0.114968
9.9982E-05 0.0903518 0.719574 9.9982E-05 0.117791 0.0720836
9.9973E-05 0.130568 0.848198 9.9973E-05 9.9973E-05 0.0209346
9.9973E-05 0.0588329 0.84477 9.9973E-05 9.9973E-05 0.0960967
9.9982E-05 0.132155 0.798657 0.00911463 0.0598733 9.9982E-05
9.9991E-05 0.0546876 0.748065 0.0446774 0.0920623 0.0604074
0.061417 9.9982E-05 9.9982E-05 0.0608952 0.0293131 0.848175
9.9991E-05 0.00279531 0.0996318 0.0199655 0.0564798 0.821028
9.9982E-05 0.0257466 9.9982E-05 0.10278 0.114513 0.756761
9.9982E-05 9.9982E-05 0.0841287 0.126555 0.0345925 0.754523
9.9982E-05 9.9982E-05 0.0568025 0.100121 0.0377629 0.805114
9.9973E-05 0.0663449 0.533894 9.9973E-05 9.9973E-05 0.399461
0.0492549 0.0501322 0.436141 9.9982E-05 9.9982E-05 0.464272
0.0328321 0.0984561 0.420309 0.00996203 9.9991E-05 0.43834
9.9982E-05 9.9982E-05 0.0232932 0.0136639 0.146573 0.81627
0.0454401 0.111946 0.491036 0.00446444 9.9991E-05 0.347013
9.9982E-05 0.169611 9.9982E-05 0.360051 0.305258 0.164881
9.9991E-05 0.0247043 0.0618851 0.276293 0.566388 0.0706291
9.9973E-05 9.9973E-05 9.9973E-05 0.219584 0.590328 0.189788
0.109655 0.012417 0.0555398 0.209938 0.352318 0.260133
0.0202698 0.0593925 0.0749738 0.14441 0.532706 0.168248
9.9973E-05 0.278575 9.9973E-05 0.299276 9.9973E-05 0.42185
0.0804754 0.139787 0.253659 0.00440197 0.521576 9.9991E-05
0.160588 0.267663 0.155988 9.9982E-05 0.415562 9.9982E-05
0.0788281 0.0733896 0.429645 9.9991E-05 0.330601 0.0874363
0.0984088 0.229999 0.199713 9.9982E-05 0.471679 9.9982E-05
0.231749 0.618212 0.149739 9.9973E-05 9.9973E-05 9.9973E-05
0.0446583 0.120167 0.0730615 9.9991E-05 0.65474 0.107274
0.0816242 0.160431 0.169277 9.9991E-05 0.57148 0.0170884
0.171606 0.111638 0.352841 9.9982E-05 0.363715 9.9982E-05
0.178861 0.0965661 0.155756 0.00176935 0.538052 0.0289956
0.206334 0.412959 0.236917 9.9982E-05 0.14359 9.9982E-05
0.07408 0.253182 0.206215 0.00932076 0.457102 9.9991E-05
0.123436 0.0871753 0.231323 0.0561131 0.501852 9.9991E-05
0.190436 0.0572387 0.0137428 0.149909 0.452701 0.135972
0.0638403 0.190856 0.279964 0.0159988 0.449241 9.9991E-05
0.155477 0.0517712 0.288769 0.0152417 0.456089 0.0326524
0.0568073 0.206958 0.130231 0.0570172 0.548887 9.9991E-05
0.0933677 0.144643 0.193881 9.9982E-05 0.567908 9.9982E-05
0.0816084 0.0638349 0.123288 0.0645934 0.650907 0.0157684
0.139064 0.0301447 0.107712 0.0663024 0.583777 0.0730011
0.00508574 0.118732 0.129071 9.9991E-05 0.647807 0.0992036
9.9973E-05 9.9973E-05 9.9973E-05 0.0742142 0.146314 0.779172
9.9973E-05 0.0165313 9.9973E-05 9.9973E-05 0.130132 0.853037
9.9982E-05 0.102874 0.0342262 9.9982E-05 0.0928483 0.769851
0.115379 9.9982E-05 9.9982E-05 0.0157357 0.0353172 0.833368
9.9964E-05 9.9964E-05 9.9964E-05 9.9964E-05 0.143262 0.856338
0.112657 0.065666 0.584242 0.0367561 0.176804 0.0238748
0.103183 0.154571 0.154838 9.9991E-05 0.55976 0.027549
0.00971386 0.122381 9.9991E-05 0.057191 0.544863 0.265752
0.0450962 0.0815721 0.175007 0.0401423 0.647804 0.0103786
0.119427 0.0898245 0.160714 9.9991E-05 0.569211 0.0607242
9.9982E-05 0.287947 0.344967 0.120447 0.246439 9.9982E-05
0.12805 0.151822 0.580016 9.9991E-05 0.0240832 0.115929
0.0933538 0.0511502 0.351621 0.040384 0.463391 9.9991E-05
0.144309 0.0697354 0.485358 0.0494958 0.182509 0.0685927
0.174769 0.134296 0.131864 0.0164077 0.457022 0.0856404
0.171161 0.0997865 0.515635 0.0395345 0.0468038 0.12708
0.0426936 9.9991E-05 0.249259 0.143775 0.51414 0.0500325
0.122436 0.0507151 0.533543 9.9991E-05 0.225514 0.0676909
0.120732 0.22307 0.272611 0.108712 0.274387 0.0004884
0.0466872 0.240614 0.189065 0.0889747 0.434559 9.9991E-05
9.9973E-05 0.504838 0.143666 9.9973E-05 0.351196 9.9973E-05
0.000822352 0.27363 0.0568522 9.9991E-05 0.658391 0.0102044
9.9991E-05 0.263433 0.0799613 0.00265247 0.617772 0.0360819
9.9973E-05 0.473266 0.0931297 9.9973E-05 0.433305 9.9973E-05
0.137433 0.179159 0.0710868 0.0734287 0.42656 0.112332
0.119705 0.236122 0.0292945 9.9991E-05 0.538145 0.0766327
0.077113 0.683912 0.0878289 9.9982E-05 0.150947 9.9982E-05
9.9964E-05 0.662775 9.9964E-05 9.9964E-05 0.336825 9.9964E-05
0.00230037 0.341839 0.110124 9.9982E-05 0.545537 9.9982E-05
0.147844 0.5881 0.0829248 9.9982E-05 0.180932 9.9982E-05
0.0911459 0.222284 0.175605 9.9982E-05 0.510766 9.9982E-05
0.169984 0.0191093 0.658799 0.0281352 0.123873 9.9991E-05
0.0734337 0.311189 0.325009 0.0741502 0.216118 9.9991E-05
0.216716 9.9991E-05 0.349118 0.0459873 0.332088 0.0559905
9.9982E-05 9.9982E-05 0.280758 0.106247 0.609514 0.0032812
0.25137 0.021905 0.478693 0.110615 0.137317 9.9991E-05
9.9991E-05 0.182558 0.218597 0.0999426 0.475761 0.0230411
0.0511511 0.0671697 0.246679 0.106887 0.528013 9.9991E-05
0.2134 0.00102941 0.227705 0.131965 0.425801 9.9991E-05
0.153508 9.9982E-05 0.272637 0.155429 0.418226 9.9982E-05
0.212861 9.9991E-05 0.291772 0.0401679 0.399085 0.0560141
0.144682 9.9982E-05 0.529678 0.0881899 0.237249 9.9982E-05
9.9982E-05 0.0981051 0.47274 0.0851106 0.343844 9.9982E-05
0.123362 0.0621326 0.199599 9.9982E-05 0.614706 9.9982E-05
9.9982E-05 0.085083 0.130397 9.9982E-05 0.68498 0.0993408
0.0774602 0.115345 0.355831 9.9991E-05 0.43373 0.0175339
9.9982E-05 0.1556 0.182436 0.0703293 0.591435 9.9982E-05
9.9991E-05 0.0730705 0.489123 0.0580615 0.354823 0.0248219
0.085992 9.9982E-05 0.243056 9.9982E-05 0.630848 0.0399042
0.0806548 0.0912488 0.232212 0.107938 0.487847 9.9991E-05
0.0972561 0.0187251 0.112517 0.0914086 0.626473 0.0536195
0.0565354 0.0569935 9.9991E-05 0.141867 0.371727 0.372777
0.119478 0.0522465 0.00850782 0.225304 0.451341 0.143123
0.0341285 0.109189 0.0501389 0.134393 0.559052 0.113099
0.0553549 0.146567 0.0103535 0.0496098 0.662697 0.0754177
0.0194391 0.135478 9.9991E-05 0.220779 0.465213 0.158991
0.00458967 0.231203 0.233533 9.9982E-05 0.530474 9.9982E-05
0.171604 9.9991E-05 0.0500996 0.133528 0.47477 0.169898
0.100422 0.429064 9.9991E-05 0.143457 0.0466668 0.280291
9.9991E-05 0.185041 0.0723627 0.146494 0.482472 0.11353
0.0576244 0.0356933 0.0841521 0.0929913 0.556225 0.173314
9.9991E-05 0.0504587 0.104904 0.227795 0.541052 0.0756895
0.0347323 0.2087 0.0886307 0.117062 0.310219 0.240656
9.9982E-05 0.0866368 9.9982E-05 0.207006 0.506148 0.200009
9.9982E-05 0.131757 9.9982E-05 0.0894664 0.567013 0.211565
9.9973E-05 0.338293 9.9973E-05 0.203524 9.9973E-05 0.457883
0.0380791 0.0408873 0.0414807 0.250893 0.475729 0.15293
9.9982E-05 0.0631793 9.9982E-05 0.232017 0.522546 0.182058
0.0905707 0.033789 0.0753341 0.125452 0.576533 0.0983203
9.9982E-05 0.0870439 9.9982E-05 0.15176 0.537659 0.223337
0.0221784 0.0358263 0.134629 0.152726 0.510906 0.143734
0.160554 0.218759 0.0498333 0.0392776 0.475524 0.0560525
0.053525 0.153275 0.117485 0.024628 0.603626 0.0474615
0.279282 0.62634 0.0355413 9.9982E-05 0.0586373 9.9982E-05
0.253261 0.679014 0.0288307 9.9982E-05 0.0386942 9.9982E-05
0.107954 0.171857 0.0870828 0.0962648 0.517431 0.0194107
9.9982E-05 0.195668 9.9982E-05 0.322036 0.420779 0.0613176
9.9982E-05 0.244068 9.9982E-05 0.338643 0.347129 0.0699599
9.9982E-05 0.316707 9.9982E-05 0.281385 0.201641 0.200067
9.9982E-05 0.166318 9.9982E-05 0.24639 0.364729 0.222363
0.012147 0.730344 9.9991E-05 0.107564 0.142242 0.0076038
0.0181543 0.58563 9.9991E-05 0.0391662 0.250203 0.106747
0.108662 0.246915 0.00606801 0.0907148 0.54754 9.9991E-05
0.060528 0.239102 9.9991E-05 0.053048 0.56638 0.0808423
9.9982E-05 0.542393 9.9982E-05 0.119458 0.284652 0.0532965
0.0563504 0.143309 0.0562403 0.113988 0.53674 0.0933711
0.110309 0.253787 9.9991E-05 0.0877081 0.52625 0.0218457
0.0490854 0.125016 0.161913 0.235454 0.428432 9.9991E-05
0.209598 0.346759 0.0644934 9.9982E-05 0.37895 9.9982E-05
0.145051 0.326092 0.0948519 0.0437392 0.390167 9.9991E-05
0.0707887 0.150152 0.0813102 9.9991E-05 0.610221 0.0874275
0.193182 0.226208 0.114396 0.0759429 0.368626 0.0216451
9.9982E-05 0.268329 0.125294 0.114135 0.492041 9.9982E-05
0.00786996 0.462146 0.00780737 9.9982E-05 0.521977 9.9982E-05
0.111068 0.509049 0.0574461 9.9982E-05 0.322237 9.9982E-05
0.193084 0.175046 9.9991E-05 0.0177078 0.603648 0.010415
0.26241 0.487092 0.0111394 9.9982E-05 0.239159 9.9982E-05
0.142414 0.363747 0.0111887 9.9982E-05 0.482451 9.9982E-05
0.126556 0.109577 0.0263336 9.9991E-05 0.673608 0.063826
0.227077 0.214658 0.083937 9.9982E-05 0.474128 9.9982E-05
0.0888061 0.0845117 0.0415691 0.206654 0.416008 0.162451
0.0444081 0.176767 0.0621431 0.190763 0.348183 0.177735
9.9991E-05 0.237229 0.0634495 0.282719 0.286377 0.130125
9.9991E-05 0.159856 0.0665858 0.18088 0.404932 0.187646
0.053029 0.0706059 0.0609777 0.212101 0.439387 0.163899
9.9991E-05 0.181473 0.0344527 0.172722 0.458348 0.152904
0.0960231 0.594222 9.9982E-05 0.141824 9.9982E-05 0.167731
9.9991E-05 0.0766509 0.0193986 0.218822 0.596991 0.0880375
9.9973E-05 0.56535 9.9973E-05 0.0975473 9.9973E-05 0.336803
0.067803 0.186318 9.9991E-05 0.174273 0.534505 0.0370006
0.341393 0.531594 9.9973E-05 9.9973E-05 0.126713 9.9973E-05
0.293586 0.682693 0.0234211 9.9973E-05 9.9973E-05 9.9973E-05
0.181008 0.319428 9.9982E-05 0.0333842 0.46598 9.9982E-05
0.107245 0.272255 9.9982E-05 0.002602 0.617698 9.9982E-05
0.272184 0.311634 0.00412378 9.9982E-05 0.411858 9.9982E-05
0.221156 0.214335 9.9982E-05 0.0187196 0.545589 9.9982E-05
0.0685728 0.365257 9.9973E-05 9.9973E-05 0.56587 9.9973E-05
0.0236733 0.0758384 9.9991E-05 0.027157 0.0827961 0.790435
9.9982E-05 0.0933153 0.0977374 0.11547 9.9982E-05 0.693277
9.9973E-05 9.9973E-05 0.0357137 0.0600356 9.9973E-05 0.903951
9.9964E-05 9.9964E-05 9.9964E-05 9.9964E-05 0.0652543 0.934346
0.338302 9.9991E-05 0.109947 0.0444896 0.456892 0.0502707
0.355716 9.9982E-05 9.9982E-05 0.0415624 0.530693 0.0718288
0.505225 9.9973E-05 0.00382904 9.9973E-05 0.490646 9.9973E-05
0.261917 0.00389364 0.0193552 9.9991E-05 0.586334 0.1284
0.239588 0.0559724 0.102395 0.0378103 0.54052 0.0237145
0.642183 9.9982E-05 0.0747664 9.9982E-05 0.220884 0.0619664
0.37795 9.9982E-05 0.000488533 0.0266314 0.59473 9.9982E-05
0.443497 0.186824 9.9973E-05 9.9973E-05 0.369379 9.9973E-05
9.9991E-05 0.0513251 0.0612111 0.179179 0.497961 0.210223
0.465373 0.0909866 0.0272846 0.0548415 0.361414 9.9991E-05
0.509714 9.9982E-05 0.137397 9.9982E-05 0.31443 0.0382582
0.384533 9.9982E-05 0.0101621 0.0267266 0.578378 9.9982E-05
0.536027 0.0370571 0.0273844 9.9991E-05 0.374527 0.0249044
0.321682 0.0263549 9.9982E-05 9.9982E-05 0.621161 0.030602
0.320979 9.9991E-05 0.0484931 0.0582505 0.535472 0.0367059
0.908354 0.0429168 9.9973E-05 9.9973E-05 0.0484294 9.9973E-05
0.586338 0.132824 9.9982E-05 9.9982E-05 0.264911 0.0157273
0.564236 9.9982E-05 0.0420899 9.9982E-05 0.325093 0.068382
0.772988 0.226612 9.9964E-05 9.9964E-05 9.9964E-05 9.9964E-05
0.369328 9.9991E-05 0.124153 0.0119421 0.434521 0.059955
0.525448 0.333676 9.9973E-05 9.9973E-05 0.140576 9.9973E-05
0.717102 0.271474 9.9973E-05 9.9973E-05 9.9973E-05 0.0111236
0.379139 0.00749454 9.9991E-05 0.0147718 0.563029 0.0354656
0.741327 9.9982E-05 0.0347493 9.9982E-05 0.155692 0.068031
0.457952 9.9982E-05 0.106449 0.0656462 0.369753 9.9982E-05
0.212907 0.0468412 9.9991E-05 0.13082 0.518538 0.0907936
0.412877 9.9991E-05 0.064588 0.0564495 0.44459 0.0213956
9.9982E-05 0.306478 0.194306 0.0503447 0.448672 9.9982E-05
0.35166 9.9982E-05 0.112219 0.0907082 0.445213 9.9982E-05
0.35337 9.9991E-05 0.144672 0.0134759 0.461991 0.0263916
0.66306 0.0467383 9.9973E-05 9.9973E-05 0.289902 9.9973E-05
0.167743 9.9991E-05 0.103713 0.0762963 0.580224 0.0719231
9.9973E-05 0.086235 0.30068 9.9973E-05 9.9973E-05 0.612785
0.0807602 0.0323595 0.0856055 9.9991E-05 0.0302346 0.77094
9.9973E-05 0.0432406 0.143292 9.9973E-05 9.9973E-05 0.813167
9.9973E-05 0.0302049 0.17542 9.9973E-05 9.9973E-05 0.794075
9.9982E-05 0.0127885 0.218828 9.9982E-05 0.0600757 0.708108
0.676722 9.9991E-05 0.156192 0.0495399 0.0953505 0.022095
0.717883 0.0505872 0.0872131 9.9991E-05 0.0775398 0.0666774
0.827629 0.0471346 9.9973E-05 9.9973E-05 0.124937 9.9973E-05
0.333964 0.0193011 9.9991E-05 0.0643574 0.511912 0.0703654
0.200042 9.9982E-05 9.9982E-05 0.0510947 0.566664 0.182
0.636871 0.0191094 0.00981299 0.0227476 0.236492 0.0749667
0.321795 0.0408387 9.9991E-05 0.0652426 0.539509 0.0325149
0.396738 0.113213 9.9991E-05 0.0219328 0.417135 0.0508814
0.439814 9.9991E-05 0.0164419 0.0174925 0.489572 0.0365792
0.248149 0.0680474 0.0320776 0.0404104 0.595154 0.0161614
0.657006 0.0259882 0.104607 0.0259537 0.186345 9.9991E-05
0.583126 9.9982E-05 0.0158204 9.9982E-05 0.356085 0.0447686
0.602277 9.9973E-05 0.0850144 9.9973E-05 0.312409 9.9973E-05
0.0530886 0.160537 0.0877332 9.9991E-05 0.652725 0.0458153
0.589629 9.9982E-05 0.00620541 9.9982E-05 0.379279 0.0246867
0.425212 0.102407 9.9982E-05 0.0514432 0.420738 9.9982E-05
0.0469174 9.9991E-05 0.0521695 0.462733 0.372321 0.0657588
9.9991E-05 0.106762 0.0153826 0.410523 0.356571 0.110661
9.9982E-05 0.00881155 9.9982E-05 0.50373 0.406735 0.0805237
0.0236209 0.0424142 9.9991E-05 0.463619 0.345439 0.124807
0.0843628 9.9991E-05 0.0888668 0.248525 0.481954 0.0961914
0.236055 0.187264 9.9991E-05 0.014338 0.528341 0.0339027
9.9982E-05 0.00091174 9.9982E-05 0.641232 0.091035 0.266621
9.9973E-05 9.9973E-05 9.9973E-05 0.383428 0.405367 0.210905
0.101614 0.147595 9.9991E-05 0.124333 0.456667 0.169692
0.00691267 0.13626 0.069554 9.9991E-05 0.617002 0.170171
9.9982E-05 0.326962 0.0583082 9.9982E-05 0.479847 0.134684
0.00968662 0.149598 0.117439 0.0045892 0.638464 0.0802224
0.0498347 0.184496 0.0320198 9.9991E-05 0.6212 0.11235
9.9982E-05 0.0174653 9.9982E-05 0.479903 0.280877 0.221554
0.0125814 9.9991E-05 0.0320138 0.35189 0.458347 0.145067
9.9982E-05 0.00131605 9.9982E-05 0.421624 0.501094 0.0757656
9.9991E-05 0.103172 0.126523 0.291696 0.436788 0.0417205
0.0143247 0.0266593 0.0238949 0.547507 0.269976 0.117638
0.0926242 9.9991E-05 0.00237414 0.40261 0.403733 0.0985589
0.0544301 0.0200653 0.000108354 0.612261 0.183887 0.129248
9.9991E-05 0.0757861 0.0327805 0.390444 0.402708 0.0981819
0.0854709 0.256219 9.9982E-05 9.9982E-05 0.557881 0.100229
0.111646 9.9991E-05 0.0210375 0.335562 0.358515 0.17314
9.9973E-05 9.9973E-05 9.9973E-05 0.599297 0.20102 0.199383
0.114135 0.0187224 0.102173 0.400731 0.26828 0.0959585
0.083275 0.296055 0.225066 9.9991E-05 0.221902 0.173602
0.0391619 0.191431 0.0818521 0.153204 0.534251 9.9991E-05
0.00262794 0.0328787 0.0608366 0.241199 0.487219 0.175239
9.9982E-05 0.113247 0.0678952 9.9982E-05 0.717688 0.10097
0.056963 0.226911 0.0864507 0.0463865 0.457204 0.126084
0.16386 0.0771579 9.9991E-05 0.267553 0.291076 0.200254
9.9991E-05 0.121997 0.0234725 0.212862 0.409032 0.232536
9.9991E-05 0.116006 0.0957939 0.110785 0.607654 0.0696601
0.0103937 9.99863E-05 9.99863E-05 0.382329 0.435704 0.171373
9.9982E-05 0.0588449 9.9982E-05 0.41949 0.42448 0.0969848
9.9982E-05 0.051446 9.9982E-05 0.586443 0.124977 0.236934
9.9991E-05 0.183928 0.0816066 0.0436173 0.592316 0.0984314
0.089246 0.166752 0.0838871 9.9991E-05 0.520438 0.139576
0.000110105 0.605883 0.0032391 0.0422822 0.206755 0.14173
0.118348 0.119236 9.9991E-05 0.0656892 0.579686 0.116941
0.0560801 0.14295 0.266627 0.0483 0.397804 0.0882391
0.0114924 0.16617 9.9991E-05 0.170391 0.435667 0.21618
0.0763376 0.119963 0.0599037 0.125301 0.497215 0.121279
9.9973E-05 0.48825 9.9973E-05 0.221386 9.9973E-05 0.290065
9.9973E-05 0.597649 9.9973E-05 0.099949 9.9973E-05 0.302102
9.9991E-05 0.395306 0.0209772 0.133803 0.312978 0.136835
9.9982E-05 0.455129 9.9982E-05 0.217933 0.0329683 0.293769
9.9973E-05 0.369847 9.9973E-05 0.217394 9.9973E-05 0.41246
0.0558273 0.341333 9.9991E-05 0.145018 0.329046 0.128676
0.0877334 0.172427 9.9991E-05 0.0995474 0.395267 0.244925
0.0193443 0.294596 0.0331516 0.210203 0.181581 0.261124
9.9982E-05 0.45125 9.9982E-05 0.113517 0.11154 0.323492
0.0391609 0.178462 9.9991E-05 0.118011 0.514957 0.149309
0.0370089 0.528769 9.9991E-05 0.14517 0.108133 0.180819
9.9973E-05 0.487349 9.9973E-05 0.0503626 9.9973E-05 0.461988
0.0189741 0.0713456 9.9991E-05 0.222934 0.469316 0.21733
9.9991E-05 0.248286 0.0173431 0.201629 0.361522 0.17112
0.0303725 9.9991E-05 0.0172757 0.108718 0.50122 0.342313
9.9973E-05 9.9973E-05 9.9973E-05 0.205625 0.598437 0.195638
0.0139074 9.9991E-05 0.0992241 0.202669 0.544427 0.139673
9.9982E-05 0.0749381 9.9982E-05 0.207624 0.541643 0.175595
0.0135147 9.9991E-05 0.0781438 0.227058 0.330461 0.350723
9.9982E-05 9.9982E-05 0.0435694 0.204989 0.51098 0.240262
0.0456963 9.9982E-05 9.9982E-05 0.246121 0.456978 0.251004
0.0862369 0.103889 0.00712634 0.27119 0.259455 0.272103
0.261882 9.9991E-05 0.152574 0.169308 0.238949 0.177187
9.9991E-05 0.121061 0.0875036 0.0978527 0.470139 0.223344
0.0265116 0.0845312 9.9991E-05 0.0840226 0.601296 0.203539
0.153894 0.0405873 9.9991E-05 0.0454239 0.596723 0.163272
9.9982E-05 0.093151 9.9982E-05 0.238398 0.396289 0.271962
0.0506655 9.9982E-05 9.9982E-05 0.111345 0.542982 0.294808
9.9982E-05 0.25631 9.9982E-05 0.199068 0.165689 0.378733
0.0338502 0.022733 0.0124519 0.0851136 0.590511 0.25534
0.00922336 0.163702 9.9991E-05 0.219274 0.290696 0.317005
0.0440679 0.0247516 0.120327 9.9982E-05 9.9982E-05 0.810653
0.021141 9.9982E-05 0.734644 9.9982E-05 0.138928 0.105087
9.996E-05 9.996E-05 0.9995 9.996E-05 9.996E-05 9.996E-05
9.996E-05 9.996E-05 0.9995 9.996E-05 9.996E-05 9.996E-05
9.9964E-05 9.9964E-05 0.985876 9.9964E-05 0.0137238 9.9964E-05
9.9973E-05 9.9973E-05 0.908076 0.0552919 0.0363326 9.9973E-05
9.9973E-05 9.9973E-05 0.911895 9.9973E-05 0.0869363 0.000868296
9.9964E-05 9.9964E-05 0.972697 9.9964E-05 9.9964E-05 0.0269033
9.9973E-05 9.9973E-05 0.82376 0.0232592 9.9973E-05 0.152681
0.00979937 9.9982E-05 0.0562794 0.035528 9.9982E-05 0.898193
9.9982E-05 9.9982E-05 0.139592 0.0111411 0.0728157 0.776251
0.0161381 9.9982E-05 9.9982E-05 0.0481807 0.0323831 0.903098
9.9982E-05 0.018459 0.113338 9.9982E-05 0.0357307 0.832272
0.0421184 9.9982E-05 0.00526788 0.0495442 9.9982E-05 0.90287
0.00548191 0.0396502 0.0387785 0.0115066 9.9991E-05 0.904483
0.000403251 9.9982E-05 0.105783 0.1756 9.9982E-05 0.718014
0.0476355 9.9982E-05 9.9982E-05 0.102513 0.0170307 0.83262
9.9982E-05 9.9982E-05 0.144179 0.0994177 0.0428586 0.713344
0.0184352 9.9973E-05 9.9973E-05 0.0735738 9.9973E-05 0.907691
9.9964E-05 9.9964E-05 0.0588423 9.9964E-05 9.9964E-05 0.940758
0.0246433 9.9991E-05 0.0621478 0.0858569 0.00763303 0.819619
9.9982E-05 0.0138971 0.0566716 0.0228839 9.9982E-05 0.906347
9.9982E-05 0.0268434 0.008965 9.9982E-05 0.0810885 0.882903
0.0120697 9.9991E-05 0.0233034 0.0746554 0.0219816 0.86789
9.9973E-05 9.9973E-05 9.9973E-05 0.0484882 0.114791 0.836421
9.9973E-05 9.9973E-05 9.9973E-05 0.121028 0.110923 0.767749
9.9973E-05 9.9973E-05 9.9973E-05 0.0912564 0.130884 0.77756
9.9973E-05 9.9973E-05 9.9973E-05 0.0872361 0.105862 0.806602
0.0438404 0.274484 0.0979653 9.9991E-05 0.440134 0.143476
0.100174 0.169365 0.0308642 9.9991E-05 0.623291 0.0762058
0.132086 0.063322 0.0158415 0.048786 0.643293 0.0966714
0.0781744 0.73222 9.9982E-05 9.9982E-05 0.149087 0.0403188
9.9982E-05 0.192221 0.174982 9.9982E-05 0.539683 0.0929133
9.9973E-05 0.648997 9.9973E-05 9.9973E-05 0.194946 0.155757
9.9991E-05 0.210979 0.0312749 0.0452995 0.649346 0.063001
0.0691157 0.217753 0.172861 9.9991E-05 0.466191 0.0739796
0.0691113 0.1615 0.11028 0.0467655 0.536613 0.0757304
0.296996 0.0777296 0.057622 0.055112 0.495407 0.0171333
0.00690012 0.219415 0.150944 9.9991E-05 0.493088 0.129553
0.0543295 0.201408 0.00301927 9.9991E-05 0.707698 0.0334452
9.9991E-05 0.121932 0.108599 0.0101786 0.634615 0.124575
0.107497 0.275045 0.494616 0.0294539 0.0932885 9.9991E-05
9.9973E-05 0.894159 0.0731976 9.9973E-05 0.0323433 9.9973E-05
9.9982E-05 0.666902 0.0488301 9.9982E-05 0.210023 0.074045
0.00873787 0.133425 0.0495604 0.0607317 0.635383 0.112162
0.00895334 0.210514 0.109693 9.9991E-05 0.613767 0.0569723
0.00724634 0.306374 9.9982E-05 9.9982E-05 0.588716 0.097464
0.00786438 0.142726 0.00689528 0.0932111 0.606931 0.142372
0.0709023 0.0281333 9.9991E-05 0.0533053 0.57559 0.271969
9.9991E-05 0.0413405 0.0366226 0.0928669 0.606865 0.222205
0.112962 0.0638254 0.11776 0.211818 0.106245 0.38739
0.072204 0.0233152 0.138108 0.0707136 0.585081 0.110578
0.0392844 0.0973549 0.0582728 0.0745912 0.46571 0.264787
9.9973E-05 0.434474 9.9973E-05 0.141473 9.9973E-05 0.423753
0.0777003 0.0945908 9.9991E-05 0.205336 0.356314 0.265959
0.0816786 0.0990449 0.0737054 0.166228 0.242425 0.336919
0.0503611 9.9991E-05 0.0954502 0.128709 0.389642 0.335738
0.115654 0.0618751 0.0765369 0.256664 0.448886 0.0403833
9.9991E-05 0.115733 0.0846302 0.223055 0.493972 0.0825105
0.0433579 9.9991E-05 0.0977267 0.178951 0.562455 0.11741
9.9991E-05 0.198808 0.0437434 0.103215 0.468118 0.186015
0.0303579 9.9982E-05 9.9982E-05 0.189059 0.336497 0.443886
