0.0650227 9.9991E-05 0.00313296 0.931744
0.00290105 9.9982E-05 9.9982E-05 0.996899
0.00393606 0.0831193 0.0554053 0.857539
0.0698774 0.00642301 0.0790272 0.844672
9.999E-05 0.038211 0.0556548 0.906034
0.16806 0.13157 0.0585775 0.641792
0.0507406 0.0485367 9.9991E-05 0.900623
0.163773 0.00637742 0.0442751 0.785575
0.139485 9.9982E-05 9.9982E-05 0.860315
0.105432 0.0741104 0.107424 0.713034
0.136589 0.0615834 9.9991E-05 0.801727
0.490894 0.361174 0.136125 0.0118067
0.206301 0.648614 0.111545 0.0335395
0.534795 0.302243 0.0826615 0.0803001
0.416484 0.324078 0.174684 0.0847542
0.27189 0.391902 0.182434 0.153774
0.109373 0.714385 0.103282 0.0729602
0.203593 0.648735 0.0156457 0.132026
0.321986 0.397876 0.0910015 0.189136
0.69717 0.132594 0.0199786 0.150257
0.33019 0.508891 0.107789 0.0531301
0.263644 0.62436 0.0383976 0.073599
0.162104 0.732153 0.0270491 0.0786939
0.494315 0.283101 0.217956 0.00462806
0.142121 0.631666 0.133729 0.0924841
0.182691 0.618123 0.128852 0.0703343
0.551992 0.275157 0.0965251 0.0763251
0.423496 0.295811 0.210216 0.0704768
0.529731 0.367514 0.0334775 0.0692775
9.9991E-05 0.0681869 0.0845872 0.847126
9.9991E-05 0.112485 0.0263349 0.861081
9.9991E-05 0.148901 0.0417237 0.809275
9.9991E-05 0.125631 0.121506 0.752764
0.151318 0.735632 0.0244192 0.0886309
0.150503 0.667907 0.0958967 0.0856934
0.173305 0.798503 0.0125321 0.0156599
0.59823 0.231857 0.00690453 0.163009
0.35821 0.581197 0.0362478 0.0243453
0.178666 0.673668 0.0602153 0.0874509
0.0438192 0.856288 0.073908 0.0259848
0.080656 0.743904 9.9991E-05 0.17534
0.125025 0.71376 0.0261023 0.135113
0.503235 0.496565 9.9982E-05 9.9982E-05
0.182577 0.626913 0.149711 0.040798
0.0785466 0.763452 0.0780228 0.0799782
0.120035 0.664896 0.110162 0.104907
0.319147 0.680653 9.9982E-05 9.9982E-05
0.00495674 0.867114 0.0466109 0.0813179
0.0827473 0.70915 0.0596968 0.148406
0.802785 0.123774 9.9991E-05 0.0733409
0.648129 0.344237 9.9991E-05 0.00753399
0.673032 0.202283 0.08685 0.0378352
0.232783 0.536158 0.219361 0.0116983
0.11519 0.661745 0.116171 0.106894
0.211083 0.631061 0.0962519 0.0616043
0.588147 0.296878 9.9991E-05 0.114875
0.219625 0.644931 0.105258 0.030186
0.149517 0.60364 0.16261 0.0842332
0.298585 0.529029 0.0204975 0.151889
0.563627 0.109858 0.0755695 0.250946
0.196796 0.607899 0.0737846 0.12152
0.316198 0.493141 0.0995818 0.091079
0.733524 0.15263 9.9991E-05 0.113746
0.286662 0.658191 0.0512398 0.00390704
0.0959902 0.685307 0.215202 0.0035008
0.0734216 0.767123 0.0330399 0.126415
0.388207 0.369369 0.12696 0.115464
0.254937 0.638751 0.106212 9.9991E-05
0.0967786 0.648682 0.0929896 0.16155
0.561149 0.387601 9.9991E-05 0.0511501
0.201006 0.786229 9.9991E-05 0.0126654
0.470785 0.529015 9.9982E-05 9.9982E-05
0.19788 0.630237 0.117163 0.0547205
0.672339 0.327461 9.9982E-05 9.9982E-05
0.699899 0.299901 9.9982E-05 9.9982E-05
0.386813 0.612987 9.9982E-05 9.9982E-05
0.290143 0.696426 0.00768375 0.00574716
0.141496 0.646126 0.122822 0.0895559
0.268825 0.637229 0.0755418 0.0184047
0.463116 0.445536 9.9991E-05 0.0912486
0.387415 0.512696 9.9991E-05 0.0997892
0.141594 0.616333 0.154391 0.0876824
0.340729 0.631946 9.9991E-05 0.0272252
0.274961 0.683351 9.9991E-05 0.0415878
0.338187 0.659697 9.9991E-05 0.00201586
0.712901 0.274828 0.0121711 9.9991E-05
0.189488 0.742305 0.0681066 9.9991E-05
9.9991E-05 0.0974431 0.0290662 0.873391
9.9982E-05 0.0641914 9.9982E-05 0.935609
9.9991E-05 0.0625005 0.0395064 0.897893
9.9991E-05 0.0271065 0.0373038 0.93549
9.9991E-05 0.0827673 0.0184964 0.898636
9.9991E-05 0.0320388 0.0423519 0.925509
9.9982E-05 0.0522186 9.9982E-05 0.947581
0.105868 0.592516 0.162287 0.139329
0.107222 0.676731 0.13379 0.0822566
0.654566 0.345234 9.9982E-05 9.9982E-05
0.168246 0.631301 0.0799418 0.120511
0.289636 0.611553 0.0525436 0.0462667
0.0998761 0.818176 0.0019757 0.0799718
0.169781 0.712825 0.0895801 0.0278138
0.163631 0.746191 0.0662046 0.0239739
0.689537 0.273724 9.9991E-05 0.0366388
0.126632 0.679539 0.0507115 0.143117
0.102239 0.749294 9.9991E-05 0.148367
0.140314 0.669572 0.0705986 0.119516
0.35119 0.58071 0.0264993 0.0416009
0.185526 0.798553 9.9991E-05 0.0158204
0.268123 0.634288 9.9991E-05 0.0974892
0.313822 0.648365 0.0377128 9.9991E-05
0.191519 0.725746 9.9991E-05 0.0826347
0.125469 0.699794 0.0312304 0.143508
0.566106 0.306821 0.0642613 0.062811
0.294616 0.435447 0.133987 0.13595
0.209118 0.563283 0.0853171 0.142282
0.173947 0.647595 0.0883501 0.0901075
0.290354 0.571061 0.055924 0.0826617
0.242249 0.592598 0.11264 0.0525127
0.287006 0.618973 9.9991E-05 0.0939213
0.118216 0.695102 0.0307496 0.155933
0.227768 0.620799 0.0730879 0.0783447
0.162035 0.758334 9.9991E-05 0.0795307
0.307018 0.661428 9.9991E-05 0.0314538
0.171716 0.691674 0.0609378 0.075673
0.196872 0.525268 0.168709 0.109151
0.223595 0.703779 0.0725263 9.9991E-05
0.0958909 0.608963 0.201313 0.0938323
0.315902 0.55888 0.125118 9.9991E-05
0.293662 0.499952 9.9991E-05 0.206285
0.105589 0.720123 0.15741 0.016877
0.200801 0.650799 0.1483 9.9991E-05
0.52754 0.33187 0.115189 0.0254013
0.602218 0.296362 0.061325 0.0400944
0.160371 0.682173 0.0795666 0.0778897
0.765722 0.136479 0.0976991 9.9991E-05
0.469943 0.429521 9.9991E-05 0.100437
0.320226 0.628903 9.9991E-05 0.050771
0.369632 0.561678 9.9991E-05 0.0685903
0.506465 0.413773 0.0742917 0.0054705
0.139775 0.64677 0.149933 0.0635222
0.176693 0.605682 0.0927571 0.124868
0.212634 0.594941 0.110125 0.0822997
0.658172 0.209476 0.124747 0.00760463
0.188978 0.591827 0.0790487 0.140146
0.219513 0.637745 0.0870974 0.0556445
0.592498 0.203986 9.9991E-05 0.203415
0.0986514 0.733326 0.0731477 0.0948748
0.31488 0.485293 0.0352041 0.164622
0.218723 0.557977 0.116751 0.106549
0.461763 0.366781 0.0770075 0.0944484
0.498625 0.331956 9.9991E-05 0.169319
0.320135 0.563153 0.00379266 0.11292
0.166097 0.617159 0.0807351 0.136008
0.250402 0.535846 0.124992 0.0887605
0.663459 0.0536077 0.216229 0.0667034
0.113537 0.696503 0.0483647 0.141595
0.38225 0.61755 9.9982E-05 9.9982E-05
0.308278 0.652916 0.0123506 0.0264547
0.178883 0.608239 0.157034 0.0558429
0.156464 0.223838 0.273419 0.346278
0.191657 9.9991E-05 0.189893 0.61835
0.302606 9.9991E-05 0.224411 0.472883
0.149387 0.0170445 0.421136 0.412433
0.0396459 0.844162 0.0364915 0.0797004
0.154296 0.584036 0.0924304 0.169237
9.9982E-05 0.221384 0.778416 9.9982E-05
0.117275 0.403796 0.432318 0.0466111
0.0557123 0.411076 0.429088 0.104124
0.474992 0.411174 0.0929025 0.0209316
0.170525 0.637241 0.083572 0.108662
0.565662 0.339481 0.0789977 0.0158596
0.133597 0.806972 0.0258921 0.033539
0.267139 0.627013 0.0894268 0.0164219
0.120655 0.755103 0.0812704 0.0429716
0.639364 0.324513 0.0343861 0.00173775
0.120951 0.75095 0.103956 0.0241431
0.192402 0.649945 0.0824472 0.0752056
9.9982E-05 0.00538054 0.99442 9.9982E-05
9.9982E-05 0.0415614 0.958239 9.9982E-05
0.0505872 0.310981 0.589382 0.0490499
9.9991E-05 0.312994 0.684334 0.00257198
9.9991E-05 0.120719 0.855476 0.023705
9.998E-05 9.998E-05 0.9997 9.998E-05
0.0174273 9.9982E-05 0.982373 9.9982E-05
9.9982E-05 0.148405 0.851395 9.9982E-05
0.0159271 0.0322773 0.951696 9.9991E-05
9.998E-05 9.998E-05 0.9997 9.998E-05
9.998E-05 9.998E-05 0.9997 9.998E-05
9.9991E-05 0.123691 0.803656 0.0725534
0.0146133 0.123261 0.805363 0.056762
9.998E-05 9.998E-05 0.9997 9.998E-05
0.138581 0.390489 0.47083 9.9991E-05
9.9991E-05 0.271427 0.664777 0.0636959
9.9991E-05 0.128781 0.800939 0.0701796
0.0111021 0.0493958 0.911554 0.0279485
9.998E-05 9.998E-05 0.9997 9.998E-05
9.9991E-05 0.0457078 0.923561 0.0306317
9.998E-05 9.998E-05 0.9997 9.998E-05
9.9991E-05 0.268823 0.629383 0.101694
0.0307616 0.0380749 0.92908 0.00208359
0.479186 9.9991E-05 0.145452 0.375262
0.242541 0.411867 0.154138 0.191454
0.137033 0.51685 0.0437084 0.302409
0.315382 0.251867 0.141347 0.291405
0.0108564 0.5553 0.173779 0.260064
0.247354 0.270756 0.142478 0.339412
0.187185 0.461664 0.125841 0.225311
0.17275 0.364715 0.237086 0.225449
0.093417 0.504542 0.22921 0.17283
0.124051 0.385726 0.23939 0.250833
0.0293505 0.620702 0.0676353 0.282312
0.071434 0.0582213 9.9991E-05 0.870245
9.9982E-05 9.9982E-05 0.025359 0.974441
9.998E-05 9.998E-05 9.998E-05 0.9997
9.9982E-05 0.00746951 9.9982E-05 0.992331
0.0302375 9.9991E-05 0.0480057 0.921657
9.9982E-05 9.9982E-05 0.066887 0.932913
9.9982E-05 9.9982E-05 0.0789151 0.920885
0.0622323 9.9982E-05 9.9982E-05 0.937568
9.9991E-05 0.0286651 0.0269462 0.944289
9.9982E-05 9.9982E-05 0.0834991 0.916301
0.335417 9.9982E-05 9.9982E-05 0.664383
0.331984 9.9982E-05 9.9982E-05 0.667816
0.444424 9.9982E-05 9.9982E-05 0.555376
0.448982 0.00811868 9.9991E-05 0.542799
0.210059 0.675877 0.00446386 0.109601
0.219624 0.663978 0.0957746 0.0206232
0.159957 0.709377 0.0560927 0.0745734
0.280513 0.602339 0.0164892 0.100659
0.654382 0.284567 9.9991E-05 0.060951
0.167321 0.731954 0.100378 0.000346652
0.173343 0.818814 0.00774238 9.9991E-05
0.263715 0.715833 0.0203517 9.9991E-05
0.354694 0.600065 0.0451407 9.9991E-05
0.0763303 0.783964 0.0544992 0.0852061
0.316451 0.683349 9.9982E-05 9.9982E-05
0.831663 0.168137 9.9982E-05 9.9982E-05
0.286641 0.653466 0.0597932 9.9991E-05
0.417082 0.516824 0.0450835 0.0210114
0.205215 0.766033 0.0286518 9.9991E-05
0.58001 0.375323 9.9991E-05 0.0445665
0.730327 0.044184 9.9991E-05 0.225389
0.683352 0.067323 9.9991E-05 0.249225
0.823076 9.9982E-05 9.9982E-05 0.176724
0.749626 0.00670153 9.9991E-05 0.243572
0.762353 0.121932 9.9991E-05 0.115615
0.653631 0.0936456 0.0594402 0.193283
9.9991E-05 0.0751345 0.0623444 0.862421
0.00445326 0.0781712 0.0597818 0.857594
9.9991E-05 0.124614 0.0813411 0.793945
0.0306263 0.0335017 0.1458 0.790072
0.0205581 0.0751148 0.0983391 0.805988
0.529032 9.9982E-05 9.9982E-05 0.470768
0.44694 9.9982E-05 9.9982E-05 0.55286
0.489759 0.00622028 9.9991E-05 0.503921
9.9991E-05 0.105879 0.0393372 0.854683
0.496016 9.9982E-05 9.9982E-05 0.503784
0.0898359 0.267702 0.426149 0.216314
0.0293645 0.611798 0.223178 0.13566
9.9991E-05 0.519928 0.348217 0.131755
0.0994907 0.323446 0.31469 0.262374
0.0828352 0.541228 0.199356 0.176581
0.134717 9.9991E-05 0.363405 0.501778
0.351597 0.612103 9.9991E-05 0.0362007
0.401153 0.554195 9.9991E-05 0.0445514
0.425901 0.404427 9.9991E-05 0.169572
0.31522 0.558499 0.126182 9.9991E-05
0.973775 9.9982E-05 0.0260247 9.9982E-05
0.139243 0.67086 0.0574054 0.132492
0.291902 0.615783 0.0315599 0.0607553
0.447161 0.481771 9.9991E-05 0.0709684
0.166044 0.661821 0.0746298 0.097505
0.707952 0.243233 0.0288206 0.0199941
0.317867 0.542633 0.1394 9.9991E-05
0.273085 0.679065 0.0477496 9.9991E-05
0.157869 0.476758 0.247996 0.117376
0.433656 0.539959 0.0262846 9.9991E-05
0.364112 0.507584 0.0599497 0.0683548
0.298293 0.517018 0.184589 9.9991E-05
0.219173 0.696149 0.0149213 0.0697573
0.130972 0.674183 0.142809 0.0520369
0.113402 0.70384 0.0883719 0.0943866
0.20413 0.627996 0.0215649 0.146309
9.9991E-05 0.105522 0.120052 0.774326
9.9991E-05 0.0989568 0.0164431 0.8845
0.0549737 0.0893718 0.0461829 0.809472
0.0177347 0.075802 0.044971 0.861492
9.9991E-05 0.131847 0.00473984 0.863313
0.598908 0.232923 0.109578 0.0585915
0.238163 0.531212 0.158082 0.0725432
0.153658 0.436719 0.236912 0.172711
0.101707 0.741356 0.12142 0.0355161
0.172856 0.638175 0.0583856 0.130583
0.478143 0.346838 0.134842 0.0401771
0.744123 0.0484791 9.9991E-05 0.207298
0.336606 0.545325 0.0527353 0.0653342
0.553727 0.235326 0.103958 0.106989
0.350154 0.497679 0.0734593 0.0787082
0.588489 0.138555 0.0506892 0.222266
0.176864 0.625407 0.0857026 0.112027
0.582914 0.226341 0.0557588 0.134986
0.455923 0.350398 0.13837 0.0553089
0.256144 0.545006 0.143133 0.0557165
0.47504 0.428762 0.0172932 0.0789043
0.190915 0.66315 0.0380031 0.107932
0.0807686 0.728832 0.0269388 0.163461
0.428655 0.53451 9.9991E-05 0.0367345
0.232055 0.579154 0.113135 0.0756557
0.180303 0.664285 0.0213234 0.134089
0.687892 0.311908 9.9982E-05 9.9982E-05
0.561649 0.410179 9.9991E-05 0.0280719
0.163161 0.700425 0.0158004 0.120613
0.6236 0.330699 9.9991E-05 0.0456006
0.335972 0.663828 9.9982E-05 9.9982E-05
0.702597 0.176581 0.0254545 0.0953673
0.60415 0.319059 0.0766918 9.9991E-05
0.383669 0.413606 0.169885 0.0328398
0.138223 0.649679 0.211997 9.9991E-05
0.529988 0.423325 0.0465877 9.9991E-05
0.257094 0.506372 0.188189 0.0483445
0.141042 0.695554 0.0845145 0.0788896
0.251358 0.579318 0.154099 0.0152249
0.286125 0.433061 0.164988 0.115826
0.302606 0.540992 0.0668353 0.089566
0.577197 0.267375 0.152549 0.00287786
0.435757 0.361611 0.191463 0.0111692
0.204392 0.725918 0.0695896 9.9991E-05
0.244214 0.669596 0.0704623 0.0157283
0.307559 0.558234 0.052573 0.0816341
0.337315 0.500242 0.162343 9.9991E-05
0.320449 0.462202 0.0701309 0.147218
0.159186 0.66891 0.137891 0.0340127
0.209054 0.567792 0.163654 0.0595002
0.143752 0.608465 0.186996 0.0607868
0.0102407 0.47244 0.144125 0.373194
9.9991E-05 0.520909 0.285805 0.193187
0.121881 0.552783 0.19323 0.132106
0.103485 0.60014 0.241279 0.0550959
0.000346368 0.555329 0.264532 0.179792
0.360724 0.51444 0.124736 9.9991E-05
0.0534343 0.578956 0.200784 0.166826
0.419625 0.0542559 0.210871 0.315249
0.155371 0.50188 0.227727 0.115022
0.0710146 0.603752 0.184516 0.140718
0.146518 0.439607 0.382982 0.0308934
0.279953 0.308995 0.236369 0.174683
0.0479824 0.572933 0.228079 0.151006
9.9991E-05 0.599738 0.20671 0.193453
0.224839 9.9991E-05 0.265158 0.509903
0.0508654 0.579224 0.207618 0.162292
9.9991E-05 0.593553 0.197522 0.208825
0.0510287 0.658271 0.143036 0.147665
9.9991E-05 0.580396 0.22908 0.190425
0.0636483 0.588341 0.195889 0.152122
0.211974 0.619234 0.083605 0.0851871
0.181972 0.582536 0.110837 0.124654
0.744055 0.230504 0.0253409 9.9991E-05
0.787638 0.192441 0.0198212 9.9991E-05
0.242085 0.47618 0.218803 0.0629318
0.13684 0.384992 0.368573 0.109595
0.103477 0.40362 0.376624 0.116278
0.195093 0.169084 0.375332 0.26049
0.0998762 0.405001 0.332098 0.163025
0.540341 0.154678 0.223348 0.0816334
0.434126 0.23619 0.213596 0.116087
0.187782 0.607332 0.184173 0.0207125
0.18953 0.524478 0.193046 0.0929463
0.425878 0.263751 0.216091 0.09428
0.169959 0.645001 0.147913 0.0371265
0.150593 0.618711 0.140477 0.0902189
0.234362 0.434885 0.246978 0.0837743
0.417552 0.538267 9.9991E-05 0.0440815
0.475987 0.398082 0.125831 9.9991E-05
0.189853 0.680349 0.0761701 0.0536276
0.379218 0.460174 0.0943932 0.0662151
0.328983 0.513381 0.100025 0.0576106
0.322146 0.625329 0.0524246 9.9991E-05
0.532853 0.418062 0.0489856 9.9991E-05
0.137197 0.700588 0.1174 0.0448148
0.564583 0.369617 0.0656999 9.9991E-05
0.305662 0.577591 0.0793931 0.0373538
0.190104 0.631577 0.136213 0.0421062
0.250005 0.644815 0.0790508 0.0261289
0.03495 0.490359 0.22585 0.248841
0.153814 0.53109 0.175886 0.139209
0.172044 0.372672 0.304685 0.150598
0.163158 0.397765 0.225987 0.21309
0.0902172 0.559006 0.201655 0.149122
0.0289486 0.500958 0.22248 0.247613
0.60818 9.9991E-05 0.262351 0.129369
0.0119425 0.56802 0.26482 0.155218
0.37699 9.9991E-05 0.235778 0.387132
0.12328 0.48742 0.33264 0.0566597
0.66348 0.33632 9.9982E-05 9.9982E-05
0.854234 0.141506 0.00416039 9.9991E-05
0.335606 0.577543 0.0867512 9.9991E-05
0.130985 0.811125 0.0255859 0.0323046
0.400109 0.599692 9.9982E-05 9.9982E-05
0.235517 0.72758 0.0152288 0.021674
0.218635 0.781165 9.9982E-05 9.9982E-05
0.0261706 0.0905089 0.0736979 0.809623
0.121544 0.0139012 0.0914795 0.773075
9.9982E-05 9.9982E-05 0.0331152 0.966685
9.9982E-05 0.037688 9.9982E-05 0.962112
0.208152 0.652919 0.0353057 0.103624
0.207524 0.704902 0.0415765 0.0459975
0.19799 0.762278 9.9991E-05 0.0396315
0.0461028 0.808319 9.9991E-05 0.145478
0.187728 0.683778 0.049203 0.0792908
0.438346 0.499113 9.9991E-05 0.0624411
0.128326 0.870806 0.000767832 9.9991E-05
0.335837 0.663963 9.9982E-05 9.9982E-05
0.0279677 0.460515 0.228643 0.282874
0.32908 0.596102 0.0747179 9.9991E-05
0.410072 0.573193 9.9991E-05 0.0166347
0.114498 0.846109 0.039293 9.9991E-05
0.281426 0.718374 9.9982E-05 9.9982E-05
0.145015 0.848031 9.9991E-05 0.00685446
0.119387 0.778887 9.9991E-05 0.101626
0.542665 0.457135 9.9982E-05 9.9982E-05
0.478846 0.518993 0.00206159 9.9991E-05
0.381914 0.590648 9.9991E-05 0.0273377
0.723632 0.276168 9.9982E-05 9.9982E-05
0.302408 0.586477 0.0809562 0.0301589
0.619536 0.360269 0.0200949 9.9991E-05
0.771591 0.22073 9.9991E-05 0.00757963
0.143297 0.810004 0.0340444 0.0126549
0.496884 0.483144 9.9991E-05 0.019872
0.240973 0.69129 0.0214924 0.0462449
0.0950593 0.691338 0.0606855 0.152917
0.204305 0.757956 9.9991E-05 0.0376392
0.506579 0.382735 0.110586 9.9991E-05
0.231665 0.747685 0.0205501 9.9991E-05
0.220824 0.659755 0.0890612 0.0303597
0.389942 0.609858 9.9982E-05 9.9982E-05
0.0872377 0.728643 0.0298213 0.154298
0.251741 0.0230273 9.9991E-05 0.725132
0.112643 0.0967578 9.9991E-05 0.790499
0.118283 9.9982E-05 9.9982E-05 0.881517
0.120506 9.9982E-05 9.9982E-05 0.879294
0.0905732 0.0952137 9.9991E-05 0.814113
0.550007 0.418022 0.00787529 0.0240953
0.544085 0.394246 9.9991E-05 0.0615685
0.515288 0.484512 9.9982E-05 9.9982E-05
0.0909194 0.738659 0.0799016 0.0905201
0.0291637 0.730681 0.0440736 0.196082
0.305538 0.615369 0.0225735 0.0565203
0.0649837 0.769047 0.119061 0.0469083
0.281663 0.649679 0.0328221 0.0358361
0.172368 0.773999 0.035256 0.0183771
0.174351 0.704224 0.121325 9.9991E-05
0.472522 0.527278 9.9982E-05 9.9982E-05
0.343014 0.656786 9.9982E-05 9.9982E-05
0.312645 0.687155 9.9982E-05 9.9982E-05
0.118482 0.676056 0.0846895 0.120772
0.265489 0.719706 9.9991E-05 0.014705
0.272776 0.668119 0.0525302 0.00657533
0.0356052 0.425871 0.459701 0.0788231
0.0347353 0.374936 0.511797 0.0785317
9.9991E-05 0.341613 0.593954 0.0643329
0.0251752 0.317729 0.531285 0.125811
0.0225743 0.495149 0.366822 0.115455
0.280251 0.591245 0.0780977 0.0504063
0.0418575 9.9991E-05 0.688843 0.2692
0.0341379 0.255528 0.539941 0.170393
0.16142 0.526307 0.158949 0.153324
0.127435 0.623549 0.0529341 0.196082
0.218532 0.573831 0.0790242 0.128612
0.108503 0.647058 0.0693155 0.175123
0.13981 0.71904 0.0195693 0.12158
9.9991E-05 0.295069 0.511684 0.193147
0.00708813 0.428644 0.403609 0.160659
9.9991E-05 0.381046 0.59746 0.0213945
9.9991E-05 0.456561 0.374946 0.168393
0.0276543 0.26244 0.570588 0.139318
0.0901634 0.291972 0.440408 0.177457
0.0138605 0.248008 0.582639 0.155493
9.9991E-05 0.365406 0.489972 0.144522
0.144091 0.628631 0.0791869 0.148091
9.9991E-05 0.493555 0.262035 0.244311
0.000935063 0.177502 0.69254 0.129023
0.140392 0.298097 0.375417 0.186094
0.433467 0.334221 9.9991E-05 0.232212
0.17825 0.608401 0.180352 0.0329961
0.0659 0.327486 0.359258 0.247357
0.115218 0.672687 0.0806008 0.131494
0.144367 0.614693 0.0218404 0.219099
0.133829 0.473468 0.21575 0.176954
0.0281734 0.3702 0.358277 0.243349
0.0239289 0.648442 0.163342 0.164286
9.9991E-05 0.472099 0.367523 0.160278
9.9991E-05 0.302246 0.602801 0.0948523
9.9991E-05 0.118439 0.633357 0.248104
0.138921 0.624117 0.107436 0.129526
0.18741 0.607101 9.9991E-05 0.205388
0.477515 0.253928 0.0990072 0.16955
0.0233002 0.659536 0.0891975 0.227966
0.286953 0.476494 0.103272 0.13328
0.0468981 0.572954 0.183893 0.196255
0.153126 0.583985 0.168135 0.0947536
0.355891 9.9991E-05 0.262564 0.381445
0.375303 9.9991E-05 0.242722 0.381875
0.269819 0.375616 0.173186 0.18138
0.364577 0.0040722 0.250766 0.380584
0.169016 9.9991E-05 0.323388 0.507496
0.233051 0.398081 0.178207 0.190661
0.112253 0.448422 0.15512 0.284205
0.242138 0.240789 0.223921 0.293151
0.302543 0.115273 0.236102 0.346081
0.0852956 0.627719 0.135275 0.151711
0.371515 0.202404 0.197365 0.228717
0.32342 9.9991E-05 0.15638 0.5201
0.0437274 0.460501 0.275035 0.220737
0.240801 0.22665 0.39843 0.134119
0.0114241 0.425248 0.222495 0.340832
9.9991E-05 0.522626 0.33291 0.144363
0.00861618 0.515115 0.246969 0.2293
0.0213069 0.46471 0.384541 0.129442
9.9991E-05 0.342717 0.27591 0.381273
0.0249685 0.521926 0.264684 0.188422
9.9991E-05 0.42398 0.308838 0.267082
0.0870727 0.285692 0.365008 0.262227
0.225466 0.392729 0.183662 0.198143
0.102171 0.583 0.163335 0.151494
9.9991E-05 0.627935 0.174579 0.197385
0.0990471 0.638521 0.178416 0.0840164
9.99992E-05 0.377983 0.332808 0.289109
9.9991E-05 0.56007 0.214107 0.225723
0.181255 0.131946 0.28058 0.406219
0.00364827 0.561047 0.27494 0.160364
0.124502 0.240074 0.340466 0.294958
0.118575 0.0156241 0.0184032 0.847398
0.707303 0.130041 9.9991E-05 0.162556
0.845082 9.9982E-05 9.9982E-05 0.154718
0.841218 9.9982E-05 9.9982E-05 0.158582
0.803721 0.0840976 9.9991E-05 0.112081
0.781272 0.0509898 0.0407426 0.126996
0.701567 0.167678 9.9991E-05 0.130655
0.810597 9.9982E-05 9.9982E-05 0.189203
0.609748 0.0406781 9.9991E-05 0.349474
9.9982E-05 0.0432508 9.9982E-05 0.956549
0.118961 0.0528978 0.0130966 0.815045
9.9991E-05 0.0640152 0.0406388 0.895246
0.120233 9.9991E-05 0.0151484 0.864518
0.00429476 0.0231167 0.0371531 0.935435
0.0472158 9.9991E-05 0.0216773 0.931007
0.0444804 0.0678476 0.132282 0.75539
9.9991E-05 0.0494605 0.0687327 0.881707
0.0903678 0.115683 0.0221804 0.771768
9.9982E-05 9.9982E-05 0.0510071 0.948793
0.0102662 9.9982E-05 9.9982E-05 0.989534
0.0337334 0.0450085 0.017442 0.903816
9.9982E-05 9.9982E-05 0.0186606 0.981139
9.9991E-05 0.0272611 0.0231323 0.949507
9.9991E-05 0.0396553 0.058774 0.901471
9.9991E-05 0.030155 0.138071 0.831674
9.9991E-05 0.0369812 0.194444 0.768475
9.9991E-05 0.0962422 0.127182 0.776475
9.9991E-05 0.0992524 0.0808721 0.819775
0.291877 0.469055 0.0994776 0.13959
9.9982E-05 0.845018 9.9982E-05 0.154782
0.0945783 0.634345 0.0738492 0.197228
0.577544 0.278105 0.0829479 0.0614039
0.161251 0.646974 9.9991E-05 0.191675
0.520554 0.242229 0.0116201 0.225597
0.0711832 0.730296 0.0578648 0.140656
0.274324 0.58551 9.9991E-05 0.140066
0.173692 0.647145 9.9991E-05 0.179063
0.168114 0.772519 9.9991E-05 0.0592666
0.219664 0.599758 9.9991E-05 0.180478
0.0139231 0.826088 9.9991E-05 0.159889
0.0827046 0.761352 9.9991E-05 0.155844
0.730212 0.165615 0.104073 9.9991E-05
0.77822 0.0955307 9.9991E-05 0.126149
0.528741 0.267216 0.0614967 0.142547
0.0710022 0.758902 0.0292022 0.140894
0.183004 0.580377 0.0486615 0.187958
0.0918639 0.689323 9.9991E-05 0.218713
0.0333743 0.764529 0.141842 0.0602542
0.0392839 0.515002 0.225815 0.219899
9.9991E-05 0.631989 0.175497 0.192414
0.22424 0.150758 0.162359 0.462643
0.018358 0.713452 0.100169 0.168021
0.106816 0.449044 0.172274 0.271866
0.334409 9.9991E-05 0.225765 0.439726
0.0543288 0.391287 0.219349 0.335036
0.144504 0.290188 0.172375 0.392933
0.0940726 0.439546 0.0921552 0.374226
0.0463081 0.588799 0.23608 0.128812
0.00311119 0.560814 0.181088 0.254987
9.9991E-05 0.600858 0.227522 0.17152
0.136476 0.393326 0.237029 0.233169
9.9991E-05 0.348195 0.158711 0.492994
