0.0716901 0.0261379 0.00339151 9.9991E-05 0.898681
0.0498911 9.9982E-05 9.9982E-05 0.00121472 0.948694
0.0314536 0.0495407 0.12252 9.9991E-05 0.796385
0.12523 0.0861239 0.0160809 9.9991E-05 0.772465
9.999E-05 0.0624437 0.0543956 0.00249082 0.88057
0.0913749 0.0809056 0.0498087 0.148429 0.629482
0.003405 9.9982E-05 9.9982E-05 0.143878 0.852517
0.150589 0.0111973 0.0274723 0.0452132 0.765528
0.0618295 9.9982E-05 9.9982E-05 0.102515 0.835456
0.00653324 0.0376841 0.137582 0.0786296 0.739571
0.12335 9.9991E-05 0.0669403 0.0756498 0.73396
0.539436 0.110526 0.262931 0.0870071 9.9991E-05
0.292069 0.122755 0.541069 0.0404801 0.00362629
0.513593 0.113261 0.254672 0.0863125 0.0321607
0.46356 0.20086 0.279828 0.0556514 9.9991E-05
0.21282 0.146048 0.414274 0.130634 0.096223
0.108293 0.174657 0.622935 0.0495106 0.0446043
0.264061 0.128175 0.456251 0.124852 0.0266617
0.429516 0.0894855 0.380573 9.9991E-05 0.100326
0.685405 0.0947489 0.0563592 0.163387 9.9991E-05
0.250649 0.0689523 0.48523 0.195068 9.9991E-05
0.183924 0.123761 0.378228 0.233023 0.0810639
0.243711 0.147152 0.534997 0.0740402 9.9991E-05
0.388868 0.140427 0.305347 0.147123 0.0182345
0.173587 0.137699 0.494183 0.0878375 0.106694
0.261735 0.169463 0.559453 9.9991E-05 0.00924866
0.575268 0.0988856 0.210027 0.0851614 0.0306578
0.482295 0.245854 0.151428 0.120322 9.9991E-05
0.530013 0.0795205 0.219068 0.171298 9.9991E-05
9.9982E-05 0.0458771 0.119687 9.9982E-05 0.834236
9.9982E-05 0.00505492 0.144269 9.9982E-05 0.850476
9.9982E-05 0.0168697 0.184175 9.9982E-05 0.798755
9.9982E-05 0.11799 0.118763 9.9982E-05 0.763048
0.0247617 0.0378564 0.668068 0.260107 0.00920741
0.079928 0.0535436 0.568161 0.20436 0.0940071
9.9991E-05 0.035444 0.673209 0.263972 0.0272746
0.640549 0.0220423 0.16355 0.0699082 0.103951
0.108394 0.0425209 0.466778 0.382207 9.9991E-05
0.201224 0.0685974 0.57305 0.083324 0.0738049
0.0425878 0.0134272 0.729314 0.153895 0.0607754
0.0195799 9.9991E-05 0.683028 0.191833 0.105459
0.075731 9.9991E-05 0.638355 0.163478 0.122336
0.226217 9.9991E-05 0.356036 0.395396 0.0222518
0.0260058 0.0861516 0.597863 0.235455 0.0545245
9.9991E-05 0.0747109 0.673501 0.192287 0.0594007
0.0444567 0.146248 0.575281 0.0292356 0.204778
9.9973E-05 9.9973E-05 0.518019 0.481681 9.9973E-05
0.0899868 0.0901884 0.67631 0.107536 0.0359795
0.109384 0.0618564 0.609562 0.140332 0.0788656
0.0908245 9.9982E-05 9.9982E-05 0.811788 0.0971876
0.493259 9.9982E-05 0.251003 0.255538 9.9982E-05
0.225171 0.0430299 0.0975704 0.609258 0.0249705
0.12633 0.185467 0.579192 9.9991E-05 0.108911
0.0945458 0.141493 0.645809 0.0972172 0.0209351
0.123941 0.118056 0.616874 0.0334798 0.107649
0.424578 0.027371 0.212132 0.278362 0.0575568
0.185012 0.0299999 0.596814 0.158531 0.0296423
0.0778545 0.248995 0.525492 0.0926168 0.055041
0.187944 0.0502173 0.428348 0.239634 0.0938567
0.389236 0.111241 0.0452989 0.26991 0.184314
0.159967 0.0221954 0.61602 0.111088 0.0907287
0.283499 0.0607853 0.474714 0.099064 0.0819384
0.585482 9.9991E-05 0.0555137 0.314846 0.044059
0.304052 0.0909833 0.522313 0.0825522 9.9991E-05
0.143327 0.118657 0.570743 0.149054 0.0182173
0.140675 0.10565 0.593005 0.0849475 0.0757226
0.316287 0.0901731 0.291983 0.262914 0.0386433
0.214469 0.149445 0.463716 0.17227 9.9991E-05
0.117818 0.00923646 0.683659 0.0310973 0.158189
0.388522 9.9991E-05 0.288899 0.27982 0.0426593
0.0891231 9.9982E-05 0.671724 0.238953 9.9982E-05
0.181775 9.9982E-05 0.371627 0.446399 9.9982E-05
0.147629 9.9991E-05 0.597252 0.172262 0.0827575
0.0143009 9.9982E-05 0.13967 0.84583 9.9982E-05
0.136091 9.9982E-05 0.153771 0.709939 9.9982E-05
0.0630061 9.9982E-05 0.465552 0.471242 9.9982E-05
9.9973E-05 9.9973E-05 0.633327 0.366374 9.9973E-05
0.0728201 0.0648502 0.531591 0.179096 0.151643
0.136403 0.0500184 0.523321 0.290158 9.9991E-05
0.289583 0.00228585 0.325343 0.370175 0.0126137
0.336455 9.9991E-05 0.34962 0.277917 0.0359078
0.136196 0.102906 0.519527 0.165676 0.0756959
0.140502 0.0211209 0.441078 0.397199 9.9991E-05
0.0990859 9.9991E-05 0.575384 0.265995 0.059435
9.9973E-05 9.9973E-05 0.594455 0.405245 9.9973E-05
0.0136864 0.00529597 0.151805 0.828829 0.000383451
0.0689702 0.0980283 0.638709 0.193321 0.000971594
0.0183083 0.0089529 0.131098 9.9991E-05 0.841541
9.9973E-05 9.9973E-05 0.0708016 9.9973E-05 0.928898
9.9982E-05 0.0348277 0.0785533 9.9982E-05 0.886419
9.9982E-05 0.00836897 0.0750031 9.9982E-05 0.916428
9.9982E-05 0.0134552 0.0777022 9.9982E-05 0.908643
9.9982E-05 0.0517709 0.0371587 9.9982E-05 0.91087
9.9973E-05 9.9973E-05 0.0407892 9.9973E-05 0.958911
0.0378821 0.00200535 0.649376 0.198131 0.112605
0.119182 0.0105227 0.514498 0.241596 0.114201
0.19641 9.9982E-05 0.242587 0.560803 9.9982E-05
0.0568519 0.142198 0.59888 0.123267 0.0788034
0.153614 9.9991E-05 0.581141 0.235641 0.0295042
0.00587966 9.9991E-05 0.720682 0.216565 0.0567735
0.0526323 0.0144334 0.705101 0.197175 0.030659
0.00785385 0.103685 0.596081 0.29228 9.9991E-05
0.32424 9.9991E-05 0.0979866 0.568185 0.00948828
0.0578916 0.0287835 0.596689 0.158713 0.157923
0.117242 0.0179455 0.740726 0.0673642 0.0567224
0.0599985 0.112243 0.508806 0.217285 0.101667
0.0171832 0.00124498 0.483523 0.497948 9.9991E-05
9.9991E-05 0.0190099 0.683688 0.292472 0.00472996
0.148038 9.9991E-05 0.623552 0.214848 0.0134616
9.9982E-05 0.0429093 0.5314 0.425491 9.9982E-05
0.217174 9.9991E-05 0.577331 0.187741 0.017655
0.145816 0.0232059 0.66199 0.0790686 0.0899198
0.343525 0.0645423 0.289722 0.282074 0.0201364
0.387015 0.0536534 0.432433 9.9991E-05 0.126799
0.105641 0.0338057 0.627596 0.0399939 0.192963
0.253423 0.0935223 0.639304 9.9991E-05 0.013651
0.433927 0.0513308 0.514542 9.9982E-05 9.9982E-05
0.365556 0.0923886 0.536166 9.9991E-05 0.0057889
0.433875 0.0914332 0.458284 9.9991E-05 0.0163078
0.127653 0.0493257 0.616355 0.0898477 0.116819
0.150877 0.142565 0.547004 0.0763177 0.0832365
0.230453 9.9991E-05 0.616331 0.042273 0.110844
0.399362 9.99883E-05 0.598646 0.00179223 9.99883E-05
0.120318 0.0698278 0.661645 0.0775728 0.0706366
0.207123 0.113092 0.551619 0.080736 0.04743
0.250148 0.116004 0.552703 0.0810455 9.9991E-05
0.181515 0.104481 0.567409 0.0543957 0.0921989
0.289959 0.0757238 0.566351 0.0598725 0.00809412
0.243742 0.0146929 0.481947 0.121023 0.138595
0.142946 0.164375 0.626276 0.0663028 9.9991E-05
0.140441 0.1033 0.712877 9.9991E-05 0.0432814
0.463744 0.102564 0.290049 0.143543 9.9991E-05
0.318829 0.0793964 0.181197 0.404161 0.0164164
0.210996 0.00787931 0.591338 0.0708309 0.118956
0.341723 0.100239 0.0857054 0.472232 9.9991E-05
0.502317 9.9991E-05 0.343399 0.124774 0.02941
0.340302 9.9991E-05 0.537696 0.117822 0.00408019
0.467181 9.9991E-05 0.395733 0.120251 0.0167354
0.507702 0.0101433 0.330825 0.15123 9.9991E-05
0.165076 0.0810958 0.686563 9.9991E-05 0.067165
9.9991E-05 0.0886109 0.658334 0.140126 0.112829
0.108124 0.0459309 0.686976 9.9991E-05 0.15887
0.408602 0.103326 0.118648 0.369324 9.9991E-05
0.0781233 0.0430811 0.504098 0.180461 0.194237
0.102645 0.0590882 0.555594 0.274057 0.00861596
0.128002 9.9991E-05 0.0388265 0.634941 0.19813
9.9991E-05 0.118889 0.645488 0.0973628 0.13816
0.128109 0.0610258 0.338524 0.350948 0.121394
0.0698507 0.107768 0.502054 0.181549 0.138778
0.0885664 9.9991E-05 0.340146 0.429084 0.142103
0.195587 9.9991E-05 0.208658 0.478574 0.11708
0.165501 9.9991E-05 0.483412 0.256997 0.0939895
0.122557 0.0149963 0.530696 0.107224 0.224527
0.15167 0.100474 0.434865 0.160385 0.152606
0.0936087 0.206519 0.0188771 0.59564 0.0853555
0.0327429 0.132211 0.626569 0.131931 0.0765464
0.134983 9.9982E-05 0.407247 0.45757 9.9982E-05
0.220433 0.0311503 0.504807 0.24351 9.9991E-05
9.9991E-05 0.0147658 0.634702 0.200479 0.149953
9.9991E-05 0.32121 0.0876835 0.210548 0.380459
9.9982E-05 0.132244 9.9982E-05 0.229778 0.637778
9.9982E-05 0.146336 9.9982E-05 0.322883 0.530581
0.0434903 0.376849 0.0519418 0.0935871 0.434132
9.9973E-05 9.9973E-05 0.720883 0.278817 9.9973E-05
0.0284952 0.0682445 0.580355 0.226938 0.0959676
0.0125501 0.702429 0.284821 9.9982E-05 9.9982E-05
0.151451 0.509769 0.33858 9.9982E-05 9.9982E-05
0.0481936 0.409172 0.384041 0.158494 9.9991E-05
9.9991E-05 0.0632448 0.329286 0.579946 0.0274239
0.126749 0.159173 0.444915 0.137356 0.131807
9.9991E-05 0.0316284 0.257824 0.657845 0.0526031
0.0495719 0.00050892 0.653212 0.240413 0.0562938
0.080912 0.06503 0.441057 0.314667 0.0983343
9.9991E-05 0.108833 0.543137 0.322396 0.0255339
0.138504 0.0228621 0.221067 0.58593 0.0316367
0.0112992 0.0772446 0.685878 0.164786 0.0607922
0.00737991 0.149821 0.528286 0.269759 0.0447547
9.9973E-05 0.982869 9.9973E-05 0.0168312 9.9973E-05
9.9973E-05 0.914211 0.0854891 9.9973E-05 9.9973E-05
0.0414346 0.616377 0.295535 9.9991E-05 0.0465534
9.9973E-05 0.712155 0.287545 9.9973E-05 9.9973E-05
0.0407469 0.776683 0.145266 9.9991E-05 0.0372038
9.997E-05 0.9996 9.997E-05 9.997E-05 9.997E-05
0.0210376 0.978662 9.9973E-05 9.9973E-05 9.9973E-05
9.9973E-05 0.827676 0.172025 9.9973E-05 9.9973E-05
0.0561302 0.94357 9.9973E-05 9.9973E-05 9.9973E-05
9.997E-05 0.9996 9.997E-05 9.997E-05 9.997E-05
9.997E-05 0.9996 9.997E-05 9.997E-05 9.997E-05
0.00873946 0.754831 0.166161 9.9991E-05 0.0701683
9.9982E-05 0.829232 0.105921 9.9982E-05 0.0646466
9.997E-05 0.9996 9.997E-05 9.997E-05 9.997E-05
0.224936 0.464033 0.255171 0.0168394 0.0390206
0.0791143 0.646226 0.219492 9.9991E-05 0.0550682
0.033722 0.782392 0.12426 9.9991E-05 0.0595261
9.9982E-05 0.917387 0.0563442 9.9982E-05 0.0260683
9.997E-05 0.9996 9.997E-05 9.997E-05 9.997E-05
9.9991E-05 0.89333 0.0571324 0.00504359 0.0443943
9.9973E-05 0.991534 9.9973E-05 9.9973E-05 0.00816621
0.0269944 0.638238 0.274607 0.011739 0.0484218
0.0264917 0.869652 0.0817445 0.0220113 9.9991E-05
9.9982E-05 0.0650209 9.9982E-05 0.557601 0.377178
0.101125 0.137909 0.378389 0.209712 0.172865
0.0739666 0.104471 0.392232 0.158152 0.271178
9.9991E-05 0.147832 0.128029 0.415026 0.309013
0.115249 0.222184 0.345396 0.207906 0.109265
9.9991E-05 0.188707 0.160994 0.398839 0.25136
9.9991E-05 0.0520078 0.606388 0.128068 0.213437
9.9991E-05 0.189211 0.348379 0.285358 0.176952
0.0223854 0.164429 0.437556 0.236076 0.139554
9.9991E-05 0.2399 0.288114 0.205396 0.26649
0.0125324 0.126078 0.515979 0.174517 0.170893
0.0676163 9.9991E-05 0.0570516 0.0340787 0.841153
9.9982E-05 0.0570915 9.9982E-05 0.00085201 0.941857
0.0307238 9.9973E-05 9.9973E-05 9.9973E-05 0.968976
0.0249816 9.9982E-05 0.000301962 9.9982E-05 0.974517
0.0299867 9.9982E-05 0.0390784 9.9982E-05 0.930735
9.9982E-05 0.0545875 9.9982E-05 0.0295894 0.915623
9.9982E-05 0.0373922 0.0494396 9.9982E-05 0.912968
9.9982E-05 9.9982E-05 0.014679 0.0686655 0.916456
0.0243204 0.0174284 9.9991E-05 0.0138283 0.944323
0.0532754 0.0805079 9.9982E-05 9.9982E-05 0.866017
0.286087 0.0197585 9.9991E-05 0.0745377 0.619517
0.370786 9.9982E-05 9.9982E-05 0.0260884 0.602926
0.257962 9.9982E-05 9.9982E-05 0.169141 0.572697
0.331498 9.9982E-05 9.9982E-05 0.149043 0.519259
0.198126 0.0101582 0.638075 0.0899088 0.0637319
0.134612 0.0944452 0.597701 0.158374 0.0148681
0.179163 0.0987113 0.585143 0.136882 9.9991E-05
0.297687 0.0052695 0.581471 0.0596009 0.0559718
0.727398 9.9982E-05 0.217116 0.0552865 9.9982E-05
9.9982E-05 9.9982E-05 0.784376 0.161394 0.0540303
0.116499 0.0321935 0.690847 0.160361 9.9991E-05
0.109026 0.0240447 0.589042 0.265936 0.011951
0.052165 0.0261902 0.502745 0.4188 9.9991E-05
0.0992643 0.10161 0.69627 0.102755 9.9991E-05
0.168678 9.9982E-05 0.623879 0.207243 9.9982E-05
0.182659 9.9982E-05 0.0304948 0.786646 9.9982E-05
0.179362 0.0612293 0.567328 0.0817497 0.110331
0.0452408 9.9982E-05 0.349543 0.605016 9.9982E-05
0.0811719 9.9991E-05 0.64826 0.267122 0.00334688
0.285844 9.9982E-05 0.271991 0.441965 9.9982E-05
0.733886 0.00227181 9.9991E-05 0.105861 0.157881
0.75469 9.9991E-05 0.0344487 0.0739684 0.136793
0.880049 9.9982E-05 9.9982E-05 0.0507496 0.069001
0.791541 9.9982E-05 9.9982E-05 0.0423239 0.165935
0.818236 0.0472837 0.0293577 0.105023 9.9991E-05
0.803122 0.0661049 0.068599 9.9991E-05 0.0620746
9.9982E-05 0.0298457 0.0762806 9.9982E-05 0.893674
0.0370649 0.0439867 0.0608125 9.9991E-05 0.858036
0.0075599 0.123863 0.108129 9.9991E-05 0.760348
0.0859117 0.118839 0.023023 9.9991E-05 0.772127
0.00859765 0.0137572 0.14064 9.9991E-05 0.836905
0.543103 9.9982E-05 9.9982E-05 0.0202748 0.436422
0.389671 9.9982E-05 9.9982E-05 0.10071 0.50942
0.493307 9.9982E-05 9.9982E-05 0.0594572 0.447036
0.0327884 0.0228969 0.103456 9.9991E-05 0.840759
0.521617 9.9982E-05 9.9982E-05 0.0711869 0.406997
9.9991E-05 0.389103 0.297544 0.112998 0.200256
0.093254 0.313561 0.437802 9.9991E-05 0.155283
9.9982E-05 0.307765 0.515866 9.9982E-05 0.176169
9.9991E-05 0.226903 0.377396 0.0792895 0.316311
0.0362817 0.178922 0.525013 0.0627844 0.196999
9.9982E-05 0.34847 9.9982E-05 0.175708 0.475622
0.355873 9.9982E-05 0.566872 0.0770551 9.9982E-05
0.220879 0.00346289 0.407897 0.31779 0.0499715
0.615294 0.0162511 0.293918 9.9991E-05 0.0744372
0.204128 0.0469848 0.465394 0.283393 9.9991E-05
0.216706 9.9973E-05 9.9973E-05 0.782994 9.9973E-05
0.153259 0.126223 0.511802 0.174651 0.0340651
0.197849 0.0621342 0.518161 0.184862 0.0369948
0.464774 9.9991E-05 0.46536 0.0660351 0.00373139
0.141164 0.108227 0.553036 0.043321 0.154252
0.331289 0.00326087 0.155652 0.509698 9.9991E-05
0.147066 0.100896 0.47673 0.275208 9.9991E-05
0.290358 0.0508694 0.559059 0.0322043 0.0675096
0.084366 0.166985 0.355798 0.210471 0.18238
0.29851 0.0548861 0.364626 0.281878 9.9991E-05
0.275536 0.0332743 0.499619 0.134668 0.0569034
0.140019 0.113611 0.485063 0.246992 0.0143154
0.176336 9.9991E-05 0.622327 0.154359 0.0468779
0.245256 0.119374 0.620774 0.014496 9.9991E-05
0.141109 0.0837741 0.604454 0.061565 0.109099
0.133619 0.0934962 0.580578 0.110805 0.0815027
9.9982E-05 0.0409777 0.172104 9.9982E-05 0.786719
9.9973E-05 9.9973E-05 0.145996 9.9973E-05 0.853704
0.0868129 9.9991E-05 0.0607689 0.0555613 0.796757
0.0462797 9.9982E-05 0.112959 9.9982E-05 0.840561
9.9973E-05 9.9973E-05 0.138766 9.9973E-05 0.860934
0.660872 0.0604643 0.171464 0.107099 9.9991E-05
0.115831 0.0645078 0.613418 0.115996 0.0902467
0.0447549 0.0916958 0.564452 0.115873 0.183225
0.156803 0.0540018 0.688464 0.0716235 0.029107
0.225228 0.00918243 0.59115 0.0954044 0.0790349
0.334789 0.0659339 0.340395 0.257275 0.00160735
0.662649 9.9982E-05 9.9982E-05 0.184073 0.153078
0.398697 0.0749663 0.474282 9.9991E-05 0.0519553
0.497038 0.108977 0.151268 0.197033 0.0456842
0.203797 0.139094 0.441431 0.146783 0.0688955
0.615849 0.0535751 0.114469 0.111685 0.104423
0.16969 0.12057 0.586622 9.9991E-05 0.123018
0.619662 0.0336328 0.231702 0.0763524 0.0386513
0.332058 0.11469 0.333577 0.178182 0.0414929
0.160398 0.0682558 0.535312 0.163752 0.0722827
0.0748326 0.0294278 0.353493 0.471445 0.070802
0.0192735 0.041895 0.596046 0.219506 0.123279
0.0116235 0.0351837 0.635707 0.188644 0.128841
0.103372 9.9991E-05 0.415914 0.435543 0.0450715
0.122095 0.12338 0.545396 0.1792 0.0299285
9.9982E-05 9.9982E-05 0.618951 0.27308 0.107769
0.0994581 9.9982E-05 0.135496 0.764845 9.9982E-05
0.00184957 9.9991E-05 0.337089 0.656893 0.0040687
0.0970775 0.0250833 0.517266 0.315647 0.0449258
0.128269 9.9991E-05 0.207648 0.612783 0.0512013
0.0870001 9.9991E-05 0.499533 0.391388 0.0219786
0.694254 0.084862 0.098361 0.122423 9.9991E-05
0.378223 0.0299541 0.235093 0.35663 9.9991E-05
0.486718 0.0674396 0.391197 0.00975231 0.0448929
0.199988 0.119851 0.652479 0.0275826 9.9991E-05
0.610209 0.0571585 0.272373 0.0601597 9.9991E-05
0.20997 0.0899116 0.486494 0.116431 0.0971931
0.286506 0.187063 0.523439 9.9991E-05 0.0028929
0.321239 0.0690567 0.567701 0.0194683 0.022535
0.270588 0.0991567 0.535143 0.0751447 0.0199671
0.334741 0.0881606 0.491778 0.0473285 0.037992
0.626363 0.0859852 0.287452 9.9982E-05 9.9982E-05
0.437107 0.139502 0.335812 0.0874798 9.9991E-05
0.286695 0.051328 0.661777 9.9982E-05 9.9982E-05
0.218914 0.0531351 0.558248 0.0795258 0.0901771
0.30752 0.0300823 0.428333 0.186013 0.0480509
0.262269 0.137378 0.522908 0.0773447 9.9991E-05
0.487897 0.108985 0.344676 9.9991E-05 0.0583421
0.269024 0.079928 0.650848 9.9982E-05 9.9982E-05
0.330251 0.0985034 0.528949 0.00917984 0.0331171
0.155243 0.0649254 0.606627 0.104545 0.06866
9.9991E-05 0.139662 0.425359 0.0475013 0.387378
9.9991E-05 0.256331 0.474086 0.107044 0.162439
0.0589845 0.174568 0.488595 0.161532 0.116322
0.0625257 0.188991 0.615252 0.0558158 0.0774155
9.9991E-05 0.256485 0.4184 0.0839758 0.24104
0.177387 0.050475 0.518824 0.253214 9.9991E-05
0.183724 0.213238 0.520292 9.9991E-05 0.0826463
0.0217312 0.171994 9.9991E-05 0.50856 0.297615
0.088429 0.260507 0.456071 0.0940174 0.100975
9.9991E-05 0.16822 0.581537 0.0586895 0.191453
0.0949582 0.252265 0.540428 9.9991E-05 0.112248
0.102909 0.165889 0.306308 0.203917 0.220976
9.9991E-05 0.169478 0.535855 0.130742 0.163826
0.0363206 0.223926 0.510982 0.104652 0.12412
9.9982E-05 0.162723 9.9982E-05 0.297977 0.5391
0.0184437 0.184412 0.526417 0.0425567 0.22817
9.9991E-05 0.269137 0.458554 0.0817819 0.190427
9.9991E-05 0.105028 0.633706 0.0701763 0.190989
9.9982E-05 0.213823 0.533091 9.9982E-05 0.252886
0.0911718 0.11707 0.531777 0.0826614 0.17732
0.109864 0.0459033 0.55889 0.285242 9.9991E-05
0.0548283 0.0383025 0.588878 0.215828 0.102163
0.0659999 9.9982E-05 0.153215 0.780585 9.9982E-05
0.105683 9.9982E-05 0.0839759 0.810141 9.9982E-05
0.0972227 0.151251 0.47046 0.280966 9.9991E-05
0.00235114 0.353249 0.417844 0.0769792 0.149577
9.9991E-05 0.379249 0.323798 0.19785 0.0990032
9.9991E-05 0.29794 0.184232 0.301523 0.216205
9.9991E-05 0.267011 0.347571 0.148037 0.237281
9.9991E-05 0.146218 0.0885193 0.665392 0.0997706
9.9991E-05 0.154518 0.204347 0.573975 0.06706
0.0203681 0.16639 0.538546 0.263642 0.0110537
9.9991E-05 0.161953 0.502904 0.270781 0.0642627
0.0262773 0.173231 0.257186 0.488227 0.0550783
0.0209476 0.185467 0.516193 0.232253 0.0451394
9.9991E-05 0.160274 0.600366 0.234874 0.00438579
0.0875205 0.2336 0.455485 0.170357 0.0530375
0.105425 9.9991E-05 0.423612 0.41614 0.0547228
0.123264 0.08649 0.392219 0.397926 9.9991E-05
9.9991E-05 0.0494709 0.66561 0.245264 0.0395547
0.113046 0.0852685 0.44019 0.361074 0.000421338
0.00298278 0.0664847 0.548497 0.288901 0.0931348
0.0367296 0.0157065 0.559547 0.387917 9.9991E-05
0.0743928 9.9991E-05 0.373273 0.551163 0.00107152
9.9982E-05 0.0112153 0.69327 0.295314 9.9982E-05
0.0643807 0.0315276 0.3443 0.559691 9.9991E-05
9.9982E-05 9.9982E-05 0.537058 0.428103 0.0346387
0.0221761 0.088056 0.565507 0.247184 0.0770764
0.0475431 0.00341677 0.610375 0.309225 0.0294397
9.9991E-05 0.161237 0.50176 0.13611 0.200794
0.190185 0.289758 0.25669 0.127506 0.135861
0.0415203 0.250607 0.367062 0.125804 0.215006
0.223218 0.197662 0.33935 0.0679167 0.171854
0.0575965 0.158399 0.506868 0.0587124 0.218423
0.00187856 0.192608 0.445362 0.183597 0.176555
9.9982E-05 0.240485 9.9982E-05 0.589682 0.169634
0.11608 0.246635 0.584764 9.9991E-05 0.052421
9.9982E-05 0.15093 9.9982E-05 0.470302 0.378568
9.9991E-05 0.236663 0.569627 0.11324 0.0803703
9.9973E-05 9.9973E-05 0.195819 0.803881 9.9973E-05
0.0514785 0.0198116 0.0173105 0.911299 9.9991E-05
0.0338376 0.00488651 0.570275 0.390901 9.9991E-05
9.9991E-05 0.0873452 0.658755 0.221427 0.0323725
9.9982E-05 0.00822679 0.501141 0.490432 9.9982E-05
0.0515679 0.0156472 0.646996 0.285689 9.9991E-05
9.9982E-05 0.0432513 0.589653 0.366896 9.9982E-05
0.0137266 0.0185449 0.0966807 0.0444447 0.826603
0.112827 0.133588 9.9991E-05 0.0397302 0.713755
0.0176963 0.0709296 9.9982E-05 9.9982E-05 0.911174
9.9973E-05 9.9973E-05 0.0289494 9.9973E-05 0.970751
0.0716953 0.0649259 0.651477 0.189733 0.0221688
9.9991E-05 0.0116471 0.634772 0.281418 0.072063
0.137243 9.9991E-05 0.630334 0.227567 0.00475641
0.0506346 9.9991E-05 0.789494 0.0633371 0.0964348
0.0965217 0.0546014 0.584956 0.224521 0.0394
0.224894 0.00542914 0.397301 0.358319 0.0140572
0.088188 9.9982E-05 0.756785 0.154827 9.9982E-05
9.9973E-05 9.9973E-05 0.505133 0.494567 9.9973E-05
0.046789 0.165712 0.476959 0.0305243 0.280015
0.110511 0.0556952 0.46934 0.364355 9.9991E-05
0.200634 9.9991E-05 0.482711 0.3092 0.00735504
0.115621 0.0301725 0.640737 0.21337 9.9991E-05
0.0960096 9.9991E-05 0.577866 0.307022 0.0190028
9.9982E-05 9.9982E-05 0.752762 0.240843 0.00619445
9.9991E-05 0.0241665 0.651636 0.225162 0.0989356
9.9973E-05 9.9973E-05 0.335588 0.664112 9.9973E-05
0.0965555 9.9982E-05 0.403703 0.499541 9.9982E-05
0.0158419 9.9991E-05 0.506745 0.454293 0.0230203
9.9973E-05 9.9973E-05 0.0524536 0.947246 9.9973E-05
0.197197 9.9991E-05 0.572681 0.191919 0.038102
0.0729898 9.9982E-05 0.241839 0.684972 9.9982E-05
0.0534677 9.9991E-05 0.0425243 0.901426 0.00248209
0.0278685 0.0231893 0.680971 0.201027 0.0669435
0.153782 9.9991E-05 0.379047 0.413681 0.0533893
0.119313 0.100074 0.497689 0.282824 9.9991E-05
0.04058 0.144818 0.618561 0.144842 0.0511993
0.123051 9.9982E-05 0.678203 0.198547 9.9982E-05
0.266789 0.137178 0.301004 0.29493 9.9991E-05
0.0652688 0.000373131 0.67155 0.251945 0.010863
0.145126 0.0384061 0.590342 0.221502 0.00462375
9.9973E-05 9.9973E-05 0.459451 0.540249 9.9973E-05
0.0773072 0.00881488 0.670982 0.146143 0.0967527
0.245865 0.00876905 0.00978198 0.0989275 0.636657
0.0984671 0.00624095 0.0617417 0.0472944 0.786256
0.121326 9.9982E-05 9.9982E-05 0.0436991 0.834775
0.11185 9.9982E-05 9.9982E-05 0.0558823 0.832067
0.185982 9.9982E-05 0.0244301 9.9982E-05 0.789388
0.26054 9.9982E-05 0.331877 0.407383 9.9982E-05
0.186494 9.9991E-05 0.323937 0.471251 0.0182181
9.9973E-05 9.9973E-05 0.312199 0.687501 9.9973E-05
0.0243243 0.0744336 0.651473 0.120804 0.128965
0.0415179 0.0443064 0.658218 0.13742 0.118538
0.0194014 0.0035941 0.463302 0.503922 0.00978104
9.9982E-05 0.0549061 0.704343 0.240551 9.9982E-05
0.000752688 0.012585 0.545037 0.355947 0.0856789
0.0958711 0.0296951 0.64599 0.228344 9.9991E-05
0.108692 0.0549337 0.689144 0.104008 0.0432222
0.190957 9.9982E-05 0.451039 0.357803 9.9982E-05
0.0737894 9.9982E-05 0.564964 0.361046 9.9982E-05
0.199395 9.9982E-05 0.469307 0.331098 9.9982E-05
0.0710743 9.9991E-05 0.625073 0.146093 0.15766
0.213749 9.9982E-05 0.60644 0.179611 9.9982E-05
0.0680369 0.0300633 0.597607 0.297554 0.00673894
0.0227762 0.403084 0.430525 0.0236527 0.119962
0.0140666 0.453968 0.377244 0.0219543 0.132767
9.9982E-05 0.458862 0.451086 9.9982E-05 0.0898517
9.9982E-05 0.536267 0.294615 9.9982E-05 0.168918
9.9982E-05 0.326324 0.549196 9.9982E-05 0.12428
9.9991E-05 0.0448118 0.577338 0.339492 0.0382581
9.9991E-05 0.600523 0.0733906 0.0381513 0.287835
9.9991E-05 0.46359 0.361525 0.0241852 0.1506
9.9991E-05 0.13894 0.445186 0.256741 0.159032
9.9982E-05 9.9982E-05 0.643953 0.19769 0.158157
0.0170527 0.0566257 0.44305 0.333568 0.149703
0.00192535 0.054756 0.633837 0.122032 0.187449
0.0424241 9.9991E-05 0.699716 0.139355 0.118405
9.9982E-05 0.495613 0.31572 9.9982E-05 0.188467
0.0585265 0.407398 0.407144 9.9991E-05 0.126831
9.9982E-05 0.450244 0.463411 9.9982E-05 0.0861454
0.0818624 0.374862 0.342466 0.0908436 0.109966
9.9991E-05 0.537975 0.248656 0.0996342 0.113634
0.00419528 0.347838 0.336475 0.132263 0.179228
0.0232483 0.584259 0.202852 9.9991E-05 0.189541
0.0846189 0.434229 0.40725 9.9991E-05 0.0738023
0.0610988 0.0744736 0.5257 0.27639 0.0623373
9.9991E-05 0.401303 0.329738 0.0671287 0.201731
9.9982E-05 0.668942 0.154063 9.9982E-05 0.176795
0.0464837 0.372845 0.403169 9.9991E-05 0.177402
0.281383 9.9991E-05 0.217523 0.315983 0.18501
9.9982E-05 0.206867 0.58952 0.203413 9.9982E-05
0.0962447 0.349437 0.370058 0.0506546 0.133606
0.115379 0.107716 0.521797 0.143866 0.111242
0.0114849 9.9991E-05 0.571551 0.184625 0.232239
0.0152192 0.3074 0.417484 0.0797792 0.180118
9.9991E-05 0.280357 0.360415 0.143904 0.215224
9.9991E-05 0.109095 0.615847 0.175219 0.0997387
0.0782247 0.414794 0.415514 0.0172112 0.0742561
9.9991E-05 0.479184 0.36703 0.0020485 0.151637
9.9982E-05 0.60222 0.176141 9.9982E-05 0.221439
0.0388389 0.112997 0.573428 0.159308 0.115428
0.0918292 9.9991E-05 0.509368 0.248307 0.150396
9.9991E-05 0.0868458 0.111711 0.634875 0.166468
0.106134 0.122211 0.536998 0.124835 0.109822
0.283705 0.0911077 0.367211 0.156134 0.101842
9.9991E-05 0.0855288 0.559041 0.111103 0.244226
0.0640371 0.151155 0.440912 0.203899 0.139997
9.9982E-05 0.202813 9.9982E-05 0.433176 0.363811
9.9982E-05 0.13681 9.9982E-05 0.487896 0.375094
9.9991E-05 0.182935 0.275042 0.405171 0.136752
9.9982E-05 0.244068 9.9982E-05 0.393654 0.362078
9.9982E-05 0.225775 9.9982E-05 0.284377 0.489648
0.0127098 0.142411 0.433719 0.260545 0.150615
9.9991E-05 0.186102 0.422194 0.177498 0.214105
9.9991E-05 0.241824 0.153827 0.32834 0.275909
9.9991E-05 0.157224 0.0680062 0.437131 0.337538
0.04934 0.193025 0.477817 0.136792 0.143025
0.00583168 0.145451 0.148191 0.458997 0.24153
9.9982E-05 0.111309 9.9982E-05 0.433193 0.455298
0.0808464 0.315917 0.395744 0.0573485 0.150144
0.0769032 0.279262 0.250093 0.202478 0.191263
0.053564 0.228455 0.388968 0.00808288 0.32093
9.9982E-05 0.276916 0.582102 9.9982E-05 0.140783
9.9991E-05 0.262092 0.540656 0.0286504 0.168502
0.0822971 0.366095 0.384962 0.0113728 0.155272
0.0809813 0.220129 0.328442 9.9991E-05 0.370348
9.9991E-05 0.210602 0.521706 0.0445996 0.222992
0.0820079 0.353398 0.38217 9.9991E-05 0.182324
9.9991E-05 0.236167 0.359511 0.119709 0.284513
0.132964 0.171155 0.321437 0.206036 0.168409
0.145703 0.149042 0.484604 0.0369453 0.183706
0.0394152 0.114126 0.563962 0.117824 0.164673
0.0344012 0.0835404 0.715176 0.0511089 0.115773
0.0105649 0.305259 0.344404 9.9991E-05 0.339671
9.9991E-05 0.210093 0.530703 0.017171 0.241932
9.9991E-05 0.225582 0.137593 0.249704 0.387021
0.106812 0.24806 0.466095 9.9991E-05 0.178933
9.9991E-05 0.364405 0.128096 0.138861 0.368538
0.115633 9.9991E-05 0.0452272 0.0655855 0.773454
0.83314 9.9991E-05 0.0982723 0.0252234 0.0432644
0.9996 9.997E-05 9.997E-05 9.997E-05 9.997E-05
0.965163 9.9973E-05 9.9973E-05 9.9973E-05 0.0345366
0.9996 9.997E-05 9.997E-05 9.997E-05 9.997E-05
0.945721 0.0516549 9.9982E-05 9.9982E-05 0.0024239
0.901812 9.9973E-05 0.0978883 9.9973E-05 9.9973E-05
0.946393 9.9982E-05 9.9982E-05 0.0395379 0.0138687
0.797666 9.9982E-05 0.00577395 9.9982E-05 0.19636
0.0425081 0.00803108 9.9991E-05 0.0263094 0.923051
0.111315 0.00031612 0.0514989 9.9991E-05 0.836769
0.0207721 0.0875225 0.000451278 9.9991E-05 0.891154
0.137709 9.9991E-05 0.0343957 0.00426115 0.823534
0.0778535 0.042771 0.0139472 9.9991E-05 0.865328
0.0232145 9.9982E-05 9.9982E-05 0.0646596 0.911926
0.0339686 0.119582 0.0746424 9.9991E-05 0.771707
9.9991E-05 0.0759656 0.038836 0.0298915 0.855207
0.153115 0.0878971 9.9991E-05 0.0220521 0.736835
9.9982E-05 0.0299231 0.0456726 9.9982E-05 0.924204
0.029076 9.9973E-05 9.9973E-05 9.9973E-05 0.970624
0.0544054 0.0214738 0.0788995 9.9991E-05 0.845121
0.0229222 0.0109283 9.9982E-05 9.9982E-05 0.96595
9.9991E-05 0.0139158 0.053407 0.00989634 0.922681
0.0340345 0.0663394 0.0339508 9.9991E-05 0.865575
9.9982E-05 0.0710957 0.0758765 9.9982E-05 0.852828
9.9982E-05 0.150057 0.0649084 9.9982E-05 0.784835
9.9982E-05 0.0980339 0.122718 9.9982E-05 0.779048
9.9982E-05 0.067824 0.0982615 9.9982E-05 0.833715
0.0867164 0.0193355 0.451873 0.230004 0.212072
9.9982E-05 9.9982E-05 0.708036 0.177355 0.114409
0.0986876 0.0704313 0.697287 0.0426224 0.0909718
9.9982E-05 9.9982E-05 0.184327 0.642357 0.173116
0.0695668 9.9991E-05 0.630022 0.184251 0.11606
9.9991E-05 0.0148576 0.11417 0.648463 0.22241
9.9991E-05 0.0527008 0.691165 0.109875 0.146159
0.125412 9.9991E-05 0.537122 0.199618 0.137747
0.0739172 9.9991E-05 0.589108 0.203762 0.133113
9.9991E-05 0.00227313 0.598785 0.283999 0.114842
0.175989 9.9991E-05 0.522086 0.167682 0.134143
0.0565598 0.0378847 0.693987 0.0687398 0.142829
0.151821 0.0275988 0.637057 0.0181695 0.165354
0.503885 0.0716095 0.0609529 0.363453 9.9991E-05
0.0900754 9.9982E-05 9.9982E-05 0.805349 0.104376
9.9991E-05 0.0278967 0.199772 0.598833 0.173399
0.0535489 0.122844 0.579715 0.168132 0.0757601
0.0877805 0.0225673 0.557917 0.215489 0.116246
9.9982E-05 9.9982E-05 0.546083 0.340041 0.113676
9.9991E-05 0.0852843 0.556749 0.202261 0.155606
9.9991E-05 0.105989 0.595508 0.054165 0.244239
0.0290698 0.264238 0.576459 0.00270127 0.127532
0.11025 0.145299 0.194464 0.095602 0.454384
0.138197 0.0261061 0.692567 9.9991E-05 0.14303
0.113393 0.110255 0.491786 0.0223191 0.262247
9.9982E-05 0.170633 9.9982E-05 0.358557 0.47061
9.9991E-05 0.196576 0.384033 0.104992 0.3143
0.0729419 0.180874 0.312121 0.08145 0.352613
0.113998 0.073082 0.489174 9.9991E-05 0.323647
0.136838 0.249641 0.480216 0.0170904 0.116214
0.0176637 0.205253 0.54481 0.0567273 0.175546
0.0172555 0.18334 0.641487 9.9991E-05 0.157817
0.0210408 0.201416 0.436112 0.150173 0.191258
0.0783696 0.165796 0.277373 9.9991E-05 0.478362
