0.0692506 0.897442 9.9982E-05 9.9982E-05 0.0331077
0.0419819 0.948703 9.9982E-05 0.00911507 9.9982E-05
0.0268506 0.812701 0.107478 9.9991E-05 0.0528701
0.120628 0.74521 9.9982E-05 9.9982E-05 0.133963
0.00856375 0.893082 0.0554815 9.9991E-05 0.0427724
0.095594 0.607762 0.107022 0.116088 0.0735339
0.048472 0.858613 0.0069309 0.0858837 9.9991E-05
0.139338 0.759378 9.9991E-05 0.0841376 0.0170464
0.0974946 0.847094 9.9982E-05 0.055211 9.9982E-05
0.0607436 0.73827 0.0893649 0.0640621 0.0475596
0.11437 0.758401 0.0525118 0.0746173 9.9991E-05
0.505343 0.0221154 0.396115 0.0545593 0.0218674
0.240032 0.0737911 0.548566 9.9991E-05 0.137511
0.482284 0.0250223 0.244993 0.110242 0.137458
0.41017 0.0161198 0.345486 0.0589878 0.169236
0.243462 0.143666 0.414917 0.0425999 0.155355
0.138278 0.0338733 0.581241 0.0606045 0.186003
0.312803 9.9991E-05 0.503415 0.109888 0.0737943
0.315493 0.146361 0.423212 0.0512946 0.0636392
0.721699 0.0366898 0.0161228 0.123696 0.101792
0.286416 9.9991E-05 0.401865 0.164761 0.146857
0.22713 0.0858765 0.421943 0.145497 0.119554
0.214813 0.103872 0.571956 0.0318563 0.077502
0.400557 9.9991E-05 0.367772 0.102406 0.129165
0.143875 0.0955151 0.588968 0.0188507 0.152791
0.178827 0.0241885 0.595937 0.0793771 0.12167
0.535859 0.0335638 0.287231 0.0610602 0.0822863
0.541467 9.9991E-05 0.190626 0.0446728 0.223134
0.481441 9.9982E-05 0.31006 0.208299 9.9982E-05
9.9982E-05 0.867697 0.0769133 9.9982E-05 0.0551898
9.9982E-05 0.808422 0.167557 9.9982E-05 0.0238205
9.9982E-05 0.794314 0.0980037 9.9982E-05 0.107482
0.00453164 0.754745 0.147573 9.9991E-05 0.0930509
0.155506 0.0984394 0.685911 0.060044 9.9991E-05
0.06613 0.122741 0.639577 0.160033 0.0115192
0.0109208 0.0291452 0.73584 0.221031 0.0030626
0.59062 0.0841933 0.265284 0.0598031 9.9991E-05
9.9982E-05 0.016549 0.612036 0.371215 9.9982E-05
0.0880868 0.05542 0.683195 0.125472 0.0478265
9.9991E-05 0.0806978 0.73399 0.14835 0.0368629
0.0243242 0.133511 0.660441 0.147692 0.0340326
0.0731626 0.134415 0.701136 0.0569539 0.0343334
0.24914 9.9982E-05 0.363987 0.386674 9.9982E-05
0.0071736 0.0615529 0.536668 0.242618 0.151988
0.0530406 0.0493104 0.632801 0.168782 0.0960657
9.9991E-05 0.146939 0.589145 0.119844 0.143972
9.9973E-05 9.9973E-05 0.558473 0.441227 9.9973E-05
0.0269494 0.0447609 0.793537 0.0890656 0.0456874
0.0283364 0.104611 0.651987 0.124367 0.0906992
0.0754997 0.109733 9.9982E-05 0.814567 9.9982E-05
0.472518 0.00318028 0.238107 0.286095 9.9991E-05
0.208142 0.0463887 0.128392 0.579576 0.0375011
0.121661 0.0839493 0.582874 0.101818 0.109699
0.046914 0.112295 0.619874 0.129923 0.0909936
0.134877 0.0684775 0.597986 0.0538529 0.144807
0.369699 0.11333 0.252574 0.264298 9.9991E-05
0.238263 9.9991E-05 0.487459 0.137104 0.137074
0.172763 0.0463878 0.622451 0.0457379 0.11266
0.235682 0.126462 0.38071 0.180756 0.0763904
0.347912 0.210885 0.109045 0.270995 0.0611626
0.0943101 0.0529401 0.642907 0.141244 0.0685987
0.307865 0.0871333 0.448637 0.0683671 0.0879978
0.579341 0.0384668 0.100372 0.281721 9.9991E-05
0.245011 0.00926648 0.635666 0.0816009 0.0284551
0.044047 0.0321512 0.568199 0.128253 0.22735
0.220449 0.0528994 0.560352 0.0604127 0.105887
0.371844 0.00994265 0.356451 0.165779 0.095984
0.197477 0.0255285 0.599128 0.134885 0.0429819
0.172694 0.0651485 0.690513 9.9991E-05 0.0715449
0.444933 0.00971046 0.273314 0.266875 0.00516784
0.0958327 9.9982E-05 0.781618 0.122349 9.9982E-05
0.226241 9.9982E-05 0.450678 0.322882 9.9982E-05
0.0744242 0.0378699 0.589727 0.155213 0.142766
0.0753547 9.9982E-05 0.230251 0.694195 9.9982E-05
0.0979243 9.9982E-05 0.247565 0.654311 9.9982E-05
0.0523502 9.9982E-05 0.518769 0.428681 9.9982E-05
0.087895 0.0234474 0.669246 0.219312 9.9991E-05
0.0983639 0.113649 0.585024 0.09536 0.107604
0.143734 9.9991E-05 0.571291 0.270822 0.0140527
0.254235 0.0712805 0.362559 0.311826 9.9991E-05
0.300137 0.0323519 0.4433 0.224111 9.9991E-05
0.163998 0.013942 0.554662 0.106835 0.160563
0.129345 0.00223381 0.546774 0.321547 9.9991E-05
0.0631376 0.0452639 0.615806 0.275692 9.9991E-05
9.9973E-05 9.9973E-05 0.625621 0.374079 9.9973E-05
0.0416566 9.9982E-05 0.201145 0.756999 9.9982E-05
9.9991E-05 0.0282646 0.742127 0.198974 0.0305341
0.0643278 0.811074 0.0638189 9.9991E-05 0.0606794
9.9973E-05 0.916799 0.0829015 9.9973E-05 9.9973E-05
9.9982E-05 0.870206 0.0772853 9.9982E-05 0.0523092
9.9991E-05 0.925594 0.0384111 0.0118158 0.0240795
9.9991E-05 0.873431 0.0757252 0.00431508 0.046429
0.00981737 0.897346 0.0385469 0.0207764 0.033513
9.9973E-05 0.937673 0.0620266 9.9973E-05 9.9973E-05
0.10735 0.0643153 0.569879 0.119535 0.138921
0.0729304 0.108651 0.633127 0.0885064 0.0967858
0.167271 9.9982E-05 0.245293 0.587235 9.9982E-05
0.08224 0.0625638 0.627396 0.0860215 0.141778
0.102626 0.0694284 0.6638 0.164046 9.9991E-05
9.9982E-05 0.111562 0.69868 0.189558 9.9982E-05
9.9991E-05 0.0500508 0.585315 0.330004 0.0345303
9.9982E-05 9.9982E-05 0.559885 0.314999 0.124917
0.32612 0.0248478 0.158518 0.490414 9.9991E-05
0.126274 0.176253 0.552526 0.0828018 0.0621457
9.9991E-05 0.0833073 0.745143 0.0968383 0.0746117
0.108715 0.115007 0.580633 0.0829515 0.112694
9.9973E-05 9.9973E-05 0.4528 0.5469 9.9973E-05
9.9991E-05 0.0203449 0.652245 0.302839 0.0244709
0.104323 0.0426283 0.634221 0.218727 9.9991E-05
0.111755 9.9991E-05 0.533536 0.329148 0.0254618
0.140163 0.0467133 0.601554 0.21147 9.9991E-05
0.0739046 0.129015 0.733317 0.0636634 9.9991E-05
0.309782 0.0586727 0.252377 0.313676 0.0654926
0.299653 0.103061 0.489762 0.0530033 0.0545215
0.178773 0.0702613 0.541221 0.102664 0.10708
0.0713674 0.120236 0.607623 0.117615 0.0831586
0.335441 0.0209489 0.608527 0.0349827 9.9991E-05
0.320139 0.0106746 0.557878 9.9991E-05 0.111208
0.430871 0.0105151 0.443101 9.9991E-05 0.115412
0.113615 0.090586 0.569763 0.142718 0.0833173
0.124941 0.0996671 0.584203 0.117294 0.073895
0.149171 0.0495343 0.706926 0.0942689 9.9991E-05
0.349928 0.0446816 0.60519 9.9982E-05 9.9982E-05
0.1227 0.0695233 0.651951 0.0674654 0.0883602
0.0930517 0.13316 0.553905 0.0684718 0.151412
0.320616 9.9982E-05 0.617116 9.9982E-05 0.0620681
0.121461 0.0339953 0.629296 0.104815 0.110433
0.245857 0.0164555 0.642281 0.0201262 0.0752806
0.264851 0.10874 0.411053 0.179321 0.0360352
0.129805 9.9991E-05 0.703282 0.00686505 0.159948
0.0960189 0.0710869 0.713387 0.104352 0.0151546
0.400369 0.023589 0.300567 0.196135 0.07934
0.298291 0.0297353 0.157352 0.433371 0.0812507
0.197338 0.0451624 0.60487 0.0741628 0.0784661
0.315581 9.9991E-05 0.0926168 0.503497 0.0882053
0.318553 0.0566235 0.427873 0.19685 9.9991E-05
0.330927 0.0378687 0.49851 0.124357 0.00833699
0.490157 0.0198867 0.42435 0.0655067 9.9991E-05
0.520118 9.9982E-05 0.407231 0.0724516 9.9982E-05
0.0613262 0.144333 0.674144 0.0306978 0.089499
0.11854 0.10295 0.462358 0.117789 0.198363
0.138946 0.103414 0.663509 0.0535568 0.0405746
0.366569 9.9991E-05 0.140956 0.383396 0.108979
0.0751882 0.176106 0.580974 0.0762618 0.0914692
0.0632077 0.110444 0.591112 0.181303 0.0539332
0.13961 0.179519 0.042377 0.62344 0.0150542
9.9991E-05 0.180486 0.693282 0.0672727 0.0588593
0.0854155 0.111744 0.398897 0.35251 0.0514328
0.0376786 0.093292 0.499993 0.222753 0.146284
0.0952421 0.16462 0.357702 0.374097 0.00833959
0.12079 0.140966 0.290944 0.4472 9.9991E-05
0.122307 0.0648267 0.508065 0.261042 0.0437595
0.136692 0.130014 0.636019 0.0585961 0.0386789
0.189467 0.188802 0.359636 0.169856 0.092239
0.119635 0.0476972 0.0339208 0.591949 0.206799
0.102963 0.0298246 0.571725 0.116137 0.17935
0.103489 9.9982E-05 0.486606 0.409705 9.9982E-05
0.123211 9.9991E-05 0.519163 0.276119 0.081407
0.00486055 0.138085 0.705303 0.060405 0.0913457
0.026605 0.311003 0.168898 0.220023 0.273471
9.9982E-05 0.606567 9.9982E-05 0.237923 0.15531
9.9982E-05 0.497005 9.9982E-05 0.342524 0.160271
0.00837904 0.408555 0.0892448 0.153498 0.340323
9.9982E-05 9.9982E-05 0.724437 0.202457 0.0729055
0.147843 0.116926 0.638565 0.044829 0.0518375
0.0160346 9.9982E-05 0.268016 9.9982E-05 0.715749
0.0558459 0.0569944 0.446527 0.0126008 0.428032
0.0426826 0.0681606 0.400069 0.0617913 0.427297
9.9991E-05 0.0401751 0.373399 0.556226 0.0301001
0.0104586 0.0953931 0.557923 0.22732 0.108905
9.9982E-05 0.0284079 0.267313 0.704079 9.9982E-05
0.00824656 0.0697525 0.65552 0.222211 0.0442704
0.125639 0.0235794 0.527881 0.2746 0.048301
0.0452938 0.0086842 0.49972 0.291094 0.155208
0.102031 9.9991E-05 0.20205 0.638613 0.0572054
0.0184153 0.0289682 0.601153 0.138424 0.21304
9.9991E-05 0.116465 0.52324 0.209595 0.1506
9.9973E-05 9.9973E-05 0.0181994 9.9973E-05 0.981501
0.0130099 9.9982E-05 0.0490925 9.9982E-05 0.937698
0.0403336 0.0432275 0.304475 9.9991E-05 0.611864
0.0295762 9.9982E-05 0.265121 9.9982E-05 0.705103
0.0507895 0.0374074 0.039941 0.0342986 0.837563
9.997E-05 9.997E-05 9.997E-05 9.997E-05 0.9996
0.0361094 9.9973E-05 9.9973E-05 9.9973E-05 0.963591
9.9973E-05 9.9973E-05 0.105354 9.9973E-05 0.894346
0.0130111 9.9973E-05 9.9973E-05 9.9973E-05 0.986689
9.997E-05 9.997E-05 9.997E-05 9.997E-05 0.9996
9.9973E-05 0.00939748 9.9973E-05 9.9973E-05 0.990303
9.9982E-05 0.0414776 0.159898 9.9982E-05 0.798425
0.0196526 0.0646385 0.0765498 9.9991E-05 0.839059
0.019732 9.9973E-05 9.9973E-05 9.9973E-05 0.979968
0.107343 0.0446642 0.316053 0.0507809 0.481159
0.0172699 0.0834197 0.170831 0.0494 0.679079
0.0283191 0.0690532 0.107545 9.9991E-05 0.794983
0.0568702 0.00413585 0.0198665 9.9991E-05 0.919027
9.9973E-05 9.9973E-05 0.0187882 9.9973E-05 0.980912
9.9982E-05 0.044018 0.0222175 9.9982E-05 0.933565
9.997E-05 9.997E-05 9.997E-05 9.997E-05 0.9996
0.0114026 0.114591 0.244194 9.9991E-05 0.629712
0.0578139 0.0033895 9.9982E-05 9.9982E-05 0.938597
9.9982E-05 0.370918 9.9982E-05 0.590014 0.0388677
0.0655007 0.206434 0.46328 0.145683 0.119102
0.0960153 0.259975 0.378586 0.163541 0.101882
0.0459933 0.257767 0.166435 0.40191 0.127894
0.0408866 0.182777 0.400796 0.23727 0.138271
9.9991E-05 0.307599 0.136071 0.374257 0.181973
0.101249 0.179237 0.377925 0.17246 0.169129
9.9991E-05 0.160772 0.286423 0.335976 0.216728
9.9991E-05 0.208145 0.49407 0.161233 0.136452
9.9991E-05 0.162972 0.295996 0.24253 0.298402
0.102557 0.222374 0.451338 0.0801042 0.143627
0.0708706 0.82135 9.9982E-05 0.10758 9.9982E-05
9.9982E-05 0.940257 9.9982E-05 0.0154467 0.0440967
0.0383272 0.960458 0.0010144 9.9982E-05 9.9982E-05
0.0776628 0.922037 9.9973E-05 9.9973E-05 9.9973E-05
0.0842693 0.870732 9.9982E-05 9.9982E-05 0.0447985
9.9982E-05 0.890457 9.9982E-05 0.0197964 0.0895462
9.9982E-05 0.853348 0.054464 9.9982E-05 0.0919879
9.9982E-05 0.916091 0.0631197 0.0205891 9.9982E-05
9.9982E-05 0.894977 0.0931706 9.9982E-05 0.0116522
0.0516983 0.82665 9.9991E-05 0.0355614 0.0859902
0.337371 0.602256 9.9982E-05 0.0601723 9.9982E-05
0.364685 0.584619 9.9982E-05 0.0504962 9.9982E-05
0.365037 0.533581 9.9982E-05 0.101182 9.9982E-05
0.401558 0.493957 9.9982E-05 0.104286 9.9982E-05
0.192761 0.0217417 0.627335 0.110959 0.0472032
0.167896 0.0176983 0.634193 0.125 0.0552127
0.204677 0.00139382 0.690251 0.0380814 0.0655972
0.334804 0.000537271 0.456718 0.207841 9.9991E-05
0.702162 9.9982E-05 0.242413 0.0552249 9.9982E-05
0.0158552 0.0336998 0.775254 0.110025 0.0651663
0.118438 9.9991E-05 0.738744 0.12887 0.0138478
0.0767825 9.9991E-05 0.643963 0.270203 0.00895111
0.0369908 9.9991E-05 0.59912 0.348968 0.0148217
0.0497741 0.0770745 0.753446 0.0669904 0.0527154
0.208425 9.9991E-05 0.583518 0.20458 0.003376
0.164227 9.9982E-05 0.0920617 0.743512 9.9982E-05
0.191621 0.054937 0.569078 0.111992 0.0723723
0.0613727 0.00589776 0.380215 0.530351 0.0221637
0.0329643 9.9991E-05 0.621766 0.315043 0.0301269
0.306502 9.9982E-05 0.351291 0.342007 9.9982E-05
0.794983 0.107575 9.9982E-05 0.0972426 9.9982E-05
0.758617 0.0953581 0.0384371 0.107488 9.9991E-05
0.877477 0.0315419 0.00579632 0.0850851 9.9991E-05
0.761224 0.120879 0.0116775 0.106119 9.9991E-05
0.852795 9.9982E-05 9.9982E-05 0.0561483 0.090857
0.81593 0.0317263 0.112249 9.9991E-05 0.0399949
9.9982E-05 0.865092 0.116019 9.9982E-05 0.018689
0.0763242 0.849131 0.0300659 9.9991E-05 0.0443786
0.0187406 0.734725 0.117075 0.0222942 0.107165
0.0852049 0.734661 0.0650916 9.9991E-05 0.114942
0.0177798 0.797238 0.10423 0.0175247 0.0632278
0.620352 0.37481 9.9982E-05 0.00463786 9.9982E-05
0.374514 0.501975 9.9982E-05 0.123311 9.9982E-05
0.480646 0.436128 9.9982E-05 0.0830257 9.9982E-05
0.0442523 0.772939 0.125385 9.9991E-05 0.0573234
0.576547 0.342732 9.9982E-05 0.0805212 9.9982E-05
0.0368113 0.187647 0.208519 0.112078 0.454944
0.0989674 0.12773 0.490903 9.9991E-05 0.282299
9.9982E-05 0.205808 0.442095 9.9982E-05 0.351896
0.036036 0.235855 0.298326 0.122282 0.3075
0.018134 0.144044 0.579266 0.0529104 0.205646
9.9982E-05 0.465412 9.9982E-05 0.214874 0.319514
0.311652 9.9982E-05 0.541888 0.14626 9.9982E-05
0.226154 0.00209582 0.444989 0.321526 0.00523492
0.582083 0.0692383 0.346728 0.00185063 9.9991E-05
0.140076 9.9991E-05 0.530272 0.262142 0.0674102
0.198391 9.9973E-05 9.9973E-05 0.801309 9.9973E-05
0.26005 0.0877895 0.580631 0.0509439 0.020585
0.159918 0.014424 0.510012 0.237337 0.0783093
0.438626 0.0858663 0.385304 0.0901036 9.9991E-05
0.182536 0.120835 0.630551 9.9991E-05 0.0659774
0.246409 9.9982E-05 0.225441 0.52795 9.9982E-05
0.0832583 0.0363848 0.483194 0.30484 0.0923225
0.279894 0.00989847 0.635432 0.014617 0.060159
0.179909 0.0897471 0.405517 0.0725774 0.25225
0.32453 9.9991E-05 0.367859 0.224035 0.083476
0.254662 0.0424187 0.520486 0.136984 0.0454492
0.136924 9.9991E-05 0.522883 0.205802 0.134291
0.148358 0.0769853 0.581703 0.192854 9.9991E-05
0.113862 0.0816149 0.656744 0.0707559 0.077023
0.133148 0.0554419 0.618913 0.0501699 0.142328
0.106325 0.0740604 0.585779 0.159964 0.0738717
9.9982E-05 0.798535 0.110217 9.9982E-05 0.0910481
9.9991E-05 0.860434 0.075952 0.0250767 0.0384372
0.0627242 0.78557 0.0820826 0.0503942 0.0192289
0.0368943 0.816898 0.0947518 0.0358324 0.0156232
9.9982E-05 0.835336 0.149682 9.9982E-05 0.0147816
0.575842 0.0317557 0.214004 0.101683 0.076715
0.181215 0.0571278 0.56403 0.166885 0.030742
9.9991E-05 0.171651 0.307563 0.168668 0.352018
0.148549 9.9991E-05 0.703995 0.0505513 0.0968048
0.186612 0.0418627 0.687823 0.0509332 0.0327687
0.348994 9.9991E-05 0.317036 0.227341 0.106529
0.571107 0.132879 0.0574907 0.238424 9.9991E-05
0.278322 0.0420059 0.567446 0.0243647 0.0878613
0.455609 0.0466207 0.244033 0.198569 0.0551683
0.243589 9.9991E-05 0.479287 0.155961 0.121063
0.463004 0.155772 0.190282 0.176624 0.014318
0.199954 0.0591879 0.584099 9.9991E-05 0.156659
0.520525 0.116594 0.246197 0.116585 9.9991E-05
0.306973 9.9991E-05 0.357409 0.271856 0.0636608
0.205298 0.0467458 0.524976 0.118449 0.104531
0.071183 0.106308 0.304598 0.475735 0.0421755
0.00393166 0.119544 0.628228 0.237896 0.0104001
9.9991E-05 0.13295 0.60899 0.222837 0.0351235
0.129043 0.0154604 0.408765 0.446632 9.9991E-05
0.12655 0.128538 0.513667 0.156056 0.0751891
9.9982E-05 0.0723275 0.724879 0.202594 9.9982E-05
0.0481065 9.9982E-05 0.21303 0.738664 9.9982E-05
0.0110935 0.0464769 0.335462 0.606868 9.9991E-05
0.109112 0.0828456 0.5147 0.271176 0.0221665
0.131377 0.0335978 0.219476 0.615449 9.9991E-05
0.170462 0.0572833 0.575355 0.1968 9.9991E-05
0.575847 0.0304506 0.227529 0.133214 0.0329584
0.350429 9.9991E-05 0.314758 0.292649 0.0420633
0.445877 9.9991E-05 0.388487 0.00224371 0.163292
0.237069 9.9991E-05 0.629634 0.0166746 0.116523
0.498604 9.9982E-05 0.360057 0.141138 9.9982E-05
0.14769 0.0754835 0.433243 0.180014 0.16357
0.134611 0.133127 0.503563 0.137322 0.091378
0.227252 0.0445621 0.486866 0.148128 0.0931928
0.276145 9.9991E-05 0.52517 0.0686619 0.129923
0.307883 0.00684741 0.521381 0.0810353 0.0828535
0.510412 9.9991E-05 0.248851 0.106986 0.133651
0.439103 9.9991E-05 0.338383 0.0620054 0.160408
0.199206 9.9991E-05 0.644603 0.104903 0.0511874
0.232523 0.062706 0.674841 9.9991E-05 0.0298299
0.225443 0.0973176 0.460645 0.185687 0.0309067
0.197332 9.9991E-05 0.496612 0.189772 0.116184
0.412881 0.047731 0.424988 0.0902142 0.0241852
0.260898 9.9991E-05 0.629991 0.0376962 0.0713145
0.217146 0.0629347 0.576174 0.0869211 0.0568247
0.132833 0.102435 0.56386 0.039569 0.161303
9.9991E-05 0.38311 0.47836 0.0263016 0.112128
0.00311613 0.114286 0.509173 0.09919 0.274235
0.0147102 0.121175 0.47175 0.15609 0.236275
0.0661758 0.124601 0.558949 0.086206 0.164068
9.9991E-05 0.228756 0.452811 0.0862905 0.232043
0.195444 9.9991E-05 0.433301 0.277344 0.0938118
9.9991E-05 0.188419 0.541879 0.102439 0.167163
9.9982E-05 0.264058 9.9982E-05 0.539828 0.195914
0.114751 0.120029 0.525001 0.0400492 0.200171
0.0429812 0.130462 0.52312 0.0863498 0.217087
0.142082 0.0550465 0.472392 0.0490303 0.28145
0.118145 0.1616 0.311949 0.215102 0.193205
9.9991E-05 0.148885 0.46116 0.122734 0.267121
9.9991E-05 0.234007 0.454495 0.0662232 0.245175
9.9982E-05 0.490751 9.9982E-05 0.329902 0.179147
0.0934426 0.108817 0.36348 0.0830801 0.35118
9.9991E-05 0.130319 0.491985 0.076336 0.30126
0.0420562 0.0739757 0.544468 0.11415 0.22535
9.9991E-05 0.20284 0.500308 0.066041 0.230711
0.0351459 0.192996 0.499258 0.0807672 0.191833
0.0935558 0.00134409 0.437299 0.322825 0.144977
0.0859935 0.104617 0.525393 0.122065 0.161931
0.058501 9.9982E-05 0.162045 0.779254 9.9982E-05
0.114856 9.9982E-05 0.0896607 0.795284 9.9982E-05
0.151245 0.0846966 0.493218 0.170376 0.100463
0.0762927 0.050095 0.409814 0.103449 0.360349
9.9991E-05 0.0867133 0.310422 0.189119 0.413646
9.9991E-05 0.217933 0.10851 0.265789 0.407669
9.9991E-05 0.217958 0.366002 0.114534 0.301406
9.9991E-05 0.0861458 0.0433741 0.720554 0.149826
9.9991E-05 0.0974149 0.205791 0.536261 0.160433
9.9991E-05 0.0499593 0.583768 0.18834 0.177833
9.9991E-05 0.0983845 0.48324 0.282113 0.136162
9.9991E-05 0.0864411 0.227813 0.550021 0.135625
0.0804722 0.0403085 0.518199 0.169784 0.191237
0.0229545 9.9991E-05 0.489735 0.22241 0.2648
0.0342453 0.0612538 0.415649 0.215396 0.273457
0.114516 9.9982E-05 0.413054 0.47223 9.9982E-05
0.0623737 9.9991E-05 0.392778 0.468621 0.0761278
0.0757643 0.0470348 0.6192 0.141927 0.116074
0.11883 0.0514593 0.41648 0.307758 0.105473
0.0805586 0.0462764 0.471847 0.276866 0.124452
9.9982E-05 9.9982E-05 0.528552 0.4216 0.0496475
0.113554 9.9982E-05 0.322794 0.563452 9.9982E-05
9.9991E-05 0.0344917 0.610306 0.268943 0.0861591
0.081921 9.9991E-05 0.227421 0.616689 0.0738692
0.0314133 0.0642301 0.508641 0.384623 0.0110926
0.0532189 0.0952262 0.659183 0.137969 0.054403
0.0855201 9.9991E-05 0.578658 0.250243 0.0854794
0.0337619 0.180937 0.438323 0.0826276 0.264351
0.102884 0.0742417 0.323323 0.191899 0.307653
0.0665051 0.144128 0.256568 0.16269 0.370109
0.159919 0.140568 0.248711 0.123614 0.327188
0.145348 0.12388 0.429813 0.130089 0.17087
0.056256 0.17476 0.441853 0.160663 0.166467
9.9982E-05 0.197804 9.9982E-05 0.622678 0.179318
0.00278156 0.144938 0.550163 0.0347719 0.267345
9.9982E-05 0.406535 9.9982E-05 0.409316 0.183949
9.9991E-05 0.0627077 0.484822 0.183753 0.268617
9.9973E-05 9.9973E-05 0.210968 0.788732 9.9973E-05
0.0534667 9.9991E-05 0.0440368 0.878334 0.0240624
0.0306308 9.9991E-05 0.536721 0.371143 0.0614046
0.00880214 9.9991E-05 0.695409 0.256792 0.0388963
0.0596239 9.9982E-05 0.505781 0.434395 9.9982E-05
9.9991E-05 0.0400413 0.610394 0.324125 0.0253398
9.9982E-05 9.9982E-05 0.606674 0.363341 0.0297857
0.0197578 0.811571 0.105496 0.017559 0.0456161
0.179533 0.714459 9.9982E-05 9.9982E-05 0.105808
0.075628 0.879426 9.9982E-05 9.9982E-05 0.0447462
9.9973E-05 0.948977 0.0507233 9.9973E-05 9.9973E-05
0.105757 0.0681546 0.639288 0.186701 9.9991E-05
0.0388468 0.0831979 0.687198 0.190657 9.9991E-05
0.083703 9.9982E-05 0.6716 0.244497 9.9982E-05
0.0500615 0.114775 0.687186 0.139202 0.0087755
0.0955867 0.12309 0.704549 0.0766744 9.9991E-05
0.194929 0.0540105 0.427395 0.323565 9.9991E-05
0.0716998 9.9991E-05 0.794809 0.102275 0.0311171
9.9982E-05 0.00490398 0.479777 0.515119 9.9982E-05
0.0124802 0.250805 0.46136 0.0460754 0.229279
0.0393874 9.9991E-05 0.561954 0.352938 0.0456208
0.192284 9.9982E-05 0.532428 0.275088 9.9982E-05
0.0683522 9.9991E-05 0.673221 0.220857 0.0374691
0.113992 0.0234264 0.583335 0.279146 9.9991E-05
9.9982E-05 9.9982E-05 0.711222 0.288379 0.000199856
0.0612379 0.0949315 0.742157 0.101573 9.9991E-05
9.9973E-05 9.9973E-05 0.363403 0.636297 9.9973E-05
0.0621242 9.9982E-05 0.507903 0.429772 9.9982E-05
0.0424605 9.9982E-05 0.544045 0.413294 9.9982E-05
9.9973E-05 9.9973E-05 0.144937 0.854763 9.9973E-05
0.151932 9.9991E-05 0.531796 0.274941 0.0412316
0.0705568 9.9991E-05 0.242807 0.684762 0.00177367
0.0544575 9.9982E-05 0.113406 0.831937 9.9982E-05
0.046036 0.0418223 0.727751 0.15398 0.0304108
0.0881865 0.0464948 0.456032 0.409187 9.9991E-05
0.121075 0.0282522 0.581986 0.203375 0.0653127
0.0249055 0.10091 0.603948 0.142672 0.127564
0.0966033 0.00258626 0.69848 0.20223 9.9991E-05
0.337556 9.9991E-05 0.35138 0.172245 0.138719
0.0827865 0.0106307 0.727693 0.17879 9.9991E-05
0.103659 0.0305842 0.675416 0.166242 0.0240984
0.0953129 9.9982E-05 0.512356 0.392132 9.9982E-05
0.0739558 0.000680585 0.602719 0.229746 0.0928986
0.302228 0.641049 0.015569 0.0410545 9.9991E-05
0.140657 0.741882 0.0830236 0.0343381 9.9991E-05
0.103808 0.819019 9.9982E-05 0.0769736 9.9982E-05
0.133792 0.82296 9.9982E-05 0.0430485 9.9982E-05
0.255631 0.705265 0.0389049 9.9982E-05 9.9982E-05
0.288318 0.0295012 0.355429 0.326652 9.9991E-05
0.225595 0.0381763 0.354465 0.381664 9.9991E-05
9.9973E-05 9.9973E-05 0.372501 0.627199 9.9973E-05
0.0815719 0.0826693 0.630954 0.0681612 0.136644
0.061531 0.152388 0.641545 0.144436 9.9991E-05
0.0240159 0.0772992 0.446682 0.451903 9.9991E-05
9.9982E-05 9.9982E-05 0.724965 0.198603 0.0762327
0.0134787 0.0442505 0.632373 0.298795 0.0111023
0.0216468 0.0691869 0.709767 0.168571 0.0308287
0.0813474 0.067101 0.692176 0.0785521 0.0808234
0.154759 9.9982E-05 0.469076 0.375965 9.9982E-05
0.0943558 0.0166215 0.60063 0.288292 9.9991E-05
0.196539 9.9982E-05 0.571135 0.232126 9.9982E-05
0.0492593 0.117641 0.64243 0.10781 0.0828597
0.0571222 0.0594037 0.630774 0.2526 9.9991E-05
0.0522637 0.0590621 0.653069 0.235505 9.9991E-05
0.0133473 0.10272 0.492631 9.9991E-05 0.391202
0.0209964 0.139587 0.369777 0.0262753 0.443364
9.9982E-05 0.106079 0.460236 9.9982E-05 0.433486
9.9991E-05 0.139521 0.314751 0.0309589 0.514669
9.9982E-05 0.111333 0.469358 9.9982E-05 0.419109
9.9982E-05 9.9982E-05 0.59923 0.352176 0.0483949
9.9982E-05 0.256612 9.9982E-05 0.00555163 0.737636
9.9991E-05 0.142287 0.237346 0.0735095 0.546758
0.0229812 0.122308 0.323161 0.262399 0.269151
9.9982E-05 0.196434 0.622173 0.181193 9.9982E-05
0.105792 0.178898 0.473878 0.193312 0.0481191
0.0648135 0.130934 0.572984 0.142304 0.0889649
0.02673 0.136987 0.596851 0.151603 0.0878282
9.9982E-05 0.199446 0.36006 9.9982E-05 0.440293
0.113829 0.102092 0.359986 9.9991E-05 0.423993
0.0221807 0.0500364 0.344437 9.9991E-05 0.583246
0.11424 0.137545 0.344566 0.0434505 0.360199
9.9991E-05 0.0722218 0.308992 0.0663543 0.552332
0.0820819 0.0904253 0.412648 0.0209547 0.39389
9.9991E-05 0.190858 0.173704 0.0266194 0.608719
0.0805316 0.0589418 0.372911 0.0124528 0.475163
9.9991E-05 0.0991831 0.675411 0.180226 0.0450804
0.0112485 0.208582 0.31886 0.0320027 0.429307
9.9991E-05 0.143738 0.134165 0.0165615 0.705436
0.104263 0.102203 0.310297 0.0542058 0.429031
0.237502 0.225441 0.265144 0.271812 9.9991E-05
0.11124 9.9991E-05 0.523622 0.161951 0.203087
0.0622836 0.140207 0.374776 0.0419134 0.380819
0.0606677 0.0986973 0.560699 0.175182 0.104754
0.0940724 0.149727 0.540815 0.1658 0.0495857
0.108246 0.168393 0.404729 0.0911507 0.227481
0.043133 0.210752 0.362898 0.0900207 0.293196
0.0348303 0.0110676 0.568072 0.118162 0.267868
9.9982E-05 0.179572 0.494947 9.9982E-05 0.325281
9.9982E-05 0.0851586 0.487333 9.9982E-05 0.427308
9.9991E-05 0.228285 0.12424 0.0265241 0.620851
0.0995775 0.0701679 0.628913 0.0762138 0.125128
0.0607087 0.188021 0.558038 0.193133 9.9991E-05
9.9991E-05 0.167889 0.120033 0.59343 0.118548
0.0951791 0.140811 0.583801 0.065283 0.114926
0.150641 0.180027 0.571592 0.0976398 9.9991E-05
9.9991E-05 0.21211 0.467891 0.0501048 0.269794
0.0369382 0.0957628 0.556056 0.255413 0.0558305
9.9982E-05 0.382374 9.9982E-05 0.411167 0.20626
9.9982E-05 0.352314 9.9982E-05 0.500298 0.147188
9.9991E-05 0.170149 0.268223 0.389476 0.172051
9.9982E-05 0.375482 9.9982E-05 0.385217 0.239102
9.9982E-05 0.486891 9.9982E-05 0.27271 0.240199
9.9991E-05 0.186609 0.293026 0.318073 0.202191
9.9991E-05 0.312242 0.372764 0.114982 0.199912
0.0455561 0.318794 0.16993 0.255269 0.21045
9.9991E-05 0.336574 0.0406051 0.388551 0.234171
9.9991E-05 0.209717 0.469765 0.154857 0.165561
9.9991E-05 0.266246 0.119987 0.428625 0.185042
9.9982E-05 0.527515 9.9982E-05 0.394034 0.0782508
0.125008 0.159702 0.450222 0.0361883 0.228879
0.0386397 0.190806 0.23988 0.151875 0.378799
0.0838957 0.316682 0.438467 9.9991E-05 0.160855
9.9982E-05 0.171109 0.562036 9.9982E-05 0.266656
0.0333129 0.188712 0.502856 0.0354816 0.239637
0.00381842 0.206514 0.398795 0.0702324 0.320639
0.0346539 0.36463 0.334925 9.9991E-05 0.265691
9.9991E-05 0.209685 0.486106 0.05955 0.244559
0.0226832 0.235406 0.470759 9.9991E-05 0.271052
0.0378015 0.279605 0.315866 0.100343 0.266384
0.128192 0.192806 0.360979 0.150803 0.16722
0.0200917 0.101468 0.466341 0.134988 0.277111
0.140148 0.166308 0.497366 9.9991E-05 0.196079
0.0494765 0.0882556 0.682502 9.9991E-05 0.179666
0.0139711 0.339664 0.357211 0.0136845 0.275469
0.0506816 0.190462 0.496176 0.0458365 0.216844
9.9991E-05 0.391523 0.123885 0.227948 0.256545
0.0501742 0.187039 0.489092 0.0163627 0.257332
9.9991E-05 0.249395 0.17776 0.223003 0.349741
0.142353 0.812239 9.9982E-05 0.045208 9.9982E-05
0.7541 0.0366345 0.113876 0.0521807 0.0432089
0.9996 9.997E-05 9.997E-05 9.997E-05 9.997E-05
0.9996 9.997E-05 9.997E-05 9.997E-05 9.997E-05
0.994934 9.9973E-05 9.9973E-05 9.9973E-05 0.00476642
0.938439 9.9973E-05 9.9973E-05 9.9973E-05 0.0612613
0.918281 9.9973E-05 0.081419 9.9973E-05 9.9973E-05
0.963024 0.0366761 9.9973E-05 9.9973E-05 9.9973E-05
0.802114 0.1712 9.9982E-05 9.9982E-05 0.0264863
0.0446915 0.929614 9.9982E-05 9.9982E-05 0.0254948
0.117996 0.793171 0.00686179 0.0323419 0.04963
0.0228595 0.874987 0.0215635 0.0184925 0.062098
0.149332 0.81898 0.0314881 9.9982E-05 9.9982E-05
0.0467381 0.90066 0.0113393 9.9991E-05 0.0411623
0.103125 0.896576 9.9973E-05 9.9973E-05 9.9973E-05
0.0574769 0.754454 0.0621882 9.9991E-05 0.12578
9.9991E-05 0.873926 0.0109295 0.0151394 0.0999053
0.132961 0.743928 0.0343891 9.9991E-05 0.088622
9.9982E-05 0.930182 9.9982E-05 0.00483415 0.0647843
0.0265402 0.967206 9.9982E-05 0.00605359 9.9982E-05
0.0624975 0.81694 0.0381356 0.0176673 0.0647593
0.0360324 0.961364 9.9982E-05 9.9982E-05 0.00240378
9.9982E-05 0.916912 0.0688575 9.9982E-05 0.0140304
0.0472039 0.861235 0.0821848 9.9991E-05 0.00927594
9.9982E-05 0.851518 0.0566388 9.9982E-05 0.0916433
9.9982E-05 0.757903 0.118618 9.9982E-05 0.12328
9.9982E-05 0.805783 0.147244 9.9982E-05 0.0467735
9.9982E-05 0.826709 0.106981 9.9982E-05 0.0661106
0.135565 0.158409 0.385634 0.224911 0.0954811
0.0534715 0.0750146 0.827671 0.0437428 9.9991E-05
0.0461119 0.0762392 0.603742 0.205006 0.0689009
9.9991E-05 0.0670992 0.11454 0.739217 0.0790444
0.115524 0.142269 0.641247 0.10086 9.9991E-05
9.9991E-05 0.169858 0.103931 0.63429 0.0918216
9.9991E-05 0.147797 0.736787 0.114181 0.00113507
0.0987823 0.187304 0.467948 0.245865 9.9991E-05
0.06792 0.0927112 0.626112 0.193926 0.0193304
0.0561103 0.0712942 0.615563 0.190854 0.0661779
0.123586 0.152102 0.523405 0.200807 9.9991E-05
9.9982E-05 0.118145 0.735444 0.146211 9.9982E-05
0.18073 0.0916648 0.64209 0.071332 0.0141839
0.451016 9.9991E-05 0.0531765 0.395892 0.0998152
0.0493632 0.134789 0.00194862 0.813799 9.9991E-05
0.0266532 0.118123 0.17825 0.648894 0.028079
0.0673421 0.09988 0.600689 0.10772 0.124368
0.0373807 0.137757 0.550648 0.241135 0.0330792
9.9991E-05 0.1604 0.526445 0.272067 0.0409875
9.9991E-05 0.106117 0.643016 0.140661 0.110106
9.9991E-05 0.145389 0.46086 0.110255 0.283395
0.03921 0.212416 0.629142 9.9991E-05 0.119132
0.134048 0.448443 0.141608 0.12121 0.154691
0.0662679 0.176269 0.702973 0.0238602 0.0306297
0.0704013 0.245647 0.460885 0.0651598 0.157907
9.9982E-05 0.454123 9.9982E-05 0.362516 0.18316
9.9991E-05 0.274942 0.385444 0.116787 0.222727
0.110809 0.343412 0.259046 0.0709194 0.215814
0.0529932 0.382784 0.477154 0.0148017 0.0722671
0.10528 0.122242 0.436466 0.147306 0.188706
0.0472145 0.1947 0.508428 0.0107705 0.238887
0.0128325 0.105178 0.523937 0.0730225 0.28503
0.0118114 0.155365 0.30972 0.180672 0.342432
9.9991E-05 0.493404 0.354187 0.0145562 0.137752
