9.9982E-05 9.9982E-05 0.918507 0.0524882 0.0288053
9.9982E-05 0.016489 0.916321 0.0669899 9.9982E-05
0.0780692 9.9991E-05 0.814868 0.0438661 0.063097
0.00458308 9.9991E-05 0.78576 0.107587 0.101969
0.0575507 0.00944547 0.864339 9.9991E-05 0.0685652
0.0520218 0.211992 0.644722 0.0663916 0.0248732
9.9991E-05 0.0923992 0.852425 0.0260983 0.0289772
9.999E-05 0.0999452 0.757447 0.137499 0.00500918
9.9982E-05 0.125408 0.840867 0.0335253 9.9982E-05
0.0597911 0.1064 0.744896 9.9991E-05 0.0888128
0.0928413 0.0571963 0.768706 0.0811561 9.9991E-05
0.28982 0.0788391 9.9991E-05 0.515724 0.115516
0.640657 9.9991E-05 0.0237768 0.323214 0.0122523
0.28298 0.0846091 0.043584 0.459102 0.129725
0.336279 0.0192223 9.9991E-05 0.417859 0.226539
0.442544 0.0576984 0.168988 0.236068 0.0947012
0.509896 0.0742189 0.110325 0.187147 0.118412
0.400598 0.193692 9.9991E-05 0.252453 0.153158
0.330867 0.132463 0.0887396 0.363864 0.0840664
9.9991E-05 0.148752 0.0219172 0.742457 0.0867744
0.418374 0.191708 9.9991E-05 0.281659 0.108159
0.549825 0.20112 0.052535 0.148728 0.0477921
0.642504 0.0319101 0.0462896 0.235218 0.0440776
0.282144 0.215921 9.9991E-05 0.37513 0.126705
0.614176 9.9991E-05 0.097058 0.197185 0.0914813
0.519322 9.9991E-05 0.00770637 0.300833 0.172038
0.203297 0.12681 0.0154511 0.541675 0.112767
0.233783 0.0779417 9.9991E-05 0.464625 0.22355
0.291326 0.180825 0.0111643 0.477326 0.0393585
0.067649 9.9982E-05 0.863438 9.9982E-05 0.0687129
0.145376 9.9982E-05 0.838488 9.9982E-05 0.0159355
0.206297 9.9982E-05 0.791542 0.00196079 9.9982E-05
0.208986 0.00591562 0.778833 9.9991E-05 0.00616549
0.634479 0.175958 0.0489394 0.140524 9.9991E-05
0.58747 0.200764 0.103265 0.0725423 0.0359588
0.707574 0.220369 0.0718577 9.9982E-05 9.9982E-05
0.223363 0.0899629 0.0603588 0.622045 0.00427056
0.457497 0.472932 0.0263344 0.0431371 9.9991E-05
0.660636 0.104873 0.0990509 0.135341 9.9991E-05
0.771819 0.136056 0.0660574 0.0259675 9.9991E-05
0.675552 0.139665 0.132046 0.0526364 9.9991E-05
0.673693 0.125322 0.18066 9.9991E-05 0.0202245
0.288842 0.51938 9.9982E-05 0.191578 9.9982E-05
0.60618 0.172578 0.0673451 0.0383175 0.115579
0.685681 0.0868734 0.12116 0.0814784 0.0248076
0.606982 9.9991E-05 0.142116 0.185948 0.0648535
0.5189 0.4808 9.9973E-05 9.9973E-05 9.9973E-05
0.696807 0.115856 0.0209418 0.166295 9.9991E-05
0.581751 0.164303 0.193867 0.0432085 0.01687
0.017783 0.810824 0.120531 0.0507612 9.9991E-05
0.211155 0.325856 9.9982E-05 0.462788 9.9982E-05
0.0621057 0.579422 0.0325252 0.26368 0.0622673
0.514099 0.115905 0.161249 0.118806 0.0899412
0.616696 0.129383 0.135714 0.0587045 0.0595014
0.612646 0.0974574 0.0804238 0.0542302 0.155243
0.215047 0.298147 0.0999532 0.386753 9.9991E-05
0.606531 0.0733245 9.9991E-05 0.291604 0.0284405
0.541264 0.160006 0.0542555 0.100328 0.144145
0.425547 0.269041 0.126041 0.179271 9.9991E-05
0.147305 0.248994 0.212193 0.3785 0.0130082
0.577011 0.137017 0.0743003 0.171074 0.0405976
0.458711 0.0677646 0.0588407 0.332588 0.0820965
0.0789592 0.326623 0.0344825 0.559836 9.9991E-05
0.486609 0.147465 9.9991E-05 0.306168 0.0596573
0.655943 0.187395 0.0580635 9.9991E-05 0.0984978
0.474923 0.0910914 0.0661973 0.21614 0.151648
0.358481 0.271041 0.031442 0.300655 0.0383812
0.536405 0.183612 9.9991E-05 0.202144 0.0777388
0.594566 0.0922985 0.0725377 0.192028 0.0485707
0.267807 0.252602 0.0280587 0.451432 9.9991E-05
0.698588 0.15515 9.9982E-05 0.146061 9.9982E-05
0.393038 0.357497 9.9982E-05 0.249264 9.9982E-05
0.53008 0.200862 0.125227 0.0618226 0.0820076
0.158798 0.813647 9.9982E-05 0.0273555 9.9982E-05
0.148361 0.791432 9.9982E-05 0.0600076 9.9982E-05
0.411644 0.49493 9.9982E-05 0.0932267 9.9982E-05
0.64924 0.286954 0.0148017 0.0489036 9.9991E-05
0.558817 0.0835136 0.1384 0.132897 0.0863718
0.635693 0.266893 0.0191399 0.0781741 9.9991E-05
0.412982 0.213775 9.9982E-05 0.373043 9.9982E-05
0.432068 0.227737 0.0236344 0.316461 9.9991E-05
0.59815 0.11791 0.0972962 0.117726 0.0689171
0.421367 0.504704 0.0219004 0.0371853 0.0148429
0.627946 0.260277 0.0335794 0.0780983 9.9991E-05
0.57145 0.42825 9.9973E-05 9.9973E-05 9.9973E-05
0.150419 0.821226 9.9991E-05 0.0269022 0.00135304
0.636769 0.125175 0.00880606 0.113721 0.115529
0.104568 9.9991E-05 0.816334 0.0760095 0.00298798
0.112765 9.9973E-05 0.886935 9.9973E-05 9.9973E-05
0.0693957 9.9982E-05 0.876575 9.9982E-05 0.0538295
0.0545774 9.9982E-05 0.942162 9.9982E-05 0.00306025
0.0351811 0.0195348 0.870837 9.9991E-05 0.0743472
0.0341242 0.0165373 0.879119 0.00842651 0.0617928
0.0247664 9.9982E-05 0.947103 9.9982E-05 0.0279305
0.591657 0.160788 0.0418326 0.104278 0.101444
0.637198 0.0505951 0.122976 0.114894 0.0743372
0.249055 0.546943 9.9982E-05 0.203802 9.9982E-05
0.533483 0.194008 0.0823461 0.0660535 0.12411
0.581965 0.229362 9.9982E-05 0.188473 9.9982E-05
0.688113 0.218981 0.0795851 9.9991E-05 0.0132209
0.696271 0.249078 0.0260506 0.00787925 0.0207211
0.621994 0.317583 9.99872E-05 9.99872E-05 0.0602235
0.103794 0.604566 0.00154737 0.289993 9.9991E-05
0.669562 0.0576769 0.142186 0.107428 0.0231463
0.718168 0.0748688 0.146989 9.9991E-05 0.0598744
0.653969 0.0607667 0.205172 0.0799271 0.000165144
0.421578 0.559194 0.00577698 9.9991E-05 0.0133511
0.587998 0.407761 0.00404118 9.9982E-05 9.9982E-05
0.556546 0.314384 0.0696161 0.0593539 9.9991E-05
0.470903 0.449086 9.9982E-05 9.9982E-05 0.0798118
0.533166 0.177904 0.0972154 0.191615 9.9991E-05
0.646318 0.154842 0.117557 0.0811826 9.9991E-05
0.253609 0.275092 0.0810399 0.35117 0.0390891
0.416547 0.0463633 0.146573 0.334618 0.0558996
0.55133 9.9991E-05 0.190959 0.169951 0.0876606
0.652591 0.0828197 0.0390415 0.159275 0.0662723
0.527403 0.0386535 0.0835404 0.307371 0.0430321
0.621094 0.0241658 0.0500458 0.304594 9.9991E-05
0.476767 0.0487729 9.9991E-05 0.439813 0.0345472
0.63937 0.113891 0.155226 0.0893067 0.00220589
0.661997 0.0966843 0.112496 0.0706725 0.0581501
0.632299 0.0811857 0.0287365 0.228375 0.0294035
0.644987 9.9973E-05 9.9973E-05 0.354713 9.9973E-05
0.528051 0.0911235 0.0422394 0.215973 0.122613
0.557068 0.143215 0.0922819 0.0830628 0.124372
0.599809 0.0767435 9.9991E-05 0.255232 0.0681153
0.599765 0.177826 0.133631 0.0333272 0.0554499
0.624204 9.9991E-05 0.0144816 0.310063 0.0511522
0.46265 0.0894921 0.131264 0.316494 0.000100649
0.536094 0.0519094 0.0385767 0.203514 0.169906
0.579542 0.0349299 9.9991E-05 0.230785 0.154643
0.297346 0.189784 9.9991E-05 0.43015 0.0826201
0.204192 0.430451 0.00982756 0.306958 0.0485711
0.573145 0.151567 9.9991E-05 0.216802 0.0583852
0.130627 0.447878 9.9991E-05 0.374609 0.0467851
0.355324 0.127884 0.0485772 0.468115 9.9991E-05
0.551823 0.150317 0.000972461 0.296788 9.9991E-05
0.453771 9.9982E-05 0.0101885 0.535841 9.9982E-05
0.347787 0.161422 0.0230202 0.467671 9.9991E-05
0.731939 0.0850471 0.0761567 0.106757 9.9991E-05
0.593451 0.120289 0.0872056 0.119058 0.0799967
0.576811 0.158774 0.0886417 0.140938 0.0348358
0.176791 0.346049 9.9991E-05 0.408757 0.068303
0.698488 0.00619627 0.199122 0.0514934 0.0446996
0.500315 0.2711 0.104853 0.0224897 0.101243
0.0243668 0.67751 0.207006 0.0910168 9.9991E-05
0.565624 0.22106 0.0660625 0.0435868 0.103666
0.434636 0.403913 0.101339 0.00739719 0.0527139
0.487517 0.22214 0.010855 0.114287 0.165202
0.290672 0.467953 0.151052 0.0902234 9.9991E-05
0.211398 0.466002 0.172737 0.149764 9.9991E-05
0.4608 0.294902 0.0609972 0.143871 0.0394295
0.506292 0.213377 0.0526568 0.100025 0.127649
0.429839 0.237526 0.1481 0.099101 0.0854333
0.0123391 0.578562 0.0601589 0.119831 0.229109
0.548105 0.236462 0.0834983 0.0638356 0.0680993
0.472624 0.400643 9.9982E-05 0.126533 9.9982E-05
0.489834 0.267921 9.9991E-05 0.169293 0.0728528
0.589035 0.157876 0.068863 0.13245 0.0517749
0.129225 0.232499 0.33644 0.00147387 0.300362
9.9982E-05 0.209145 0.596898 9.9982E-05 0.193757
9.9982E-05 0.311476 0.519077 9.9982E-05 0.169248
0.133624 0.0817485 0.434363 0.0534924 0.296772
0.720864 0.233624 0.0141044 9.9991E-05 0.0313079
0.621833 0.184182 0.0543453 0.0136525 0.125988
0.265188 9.9982E-05 9.9982E-05 0.00123675 0.733375
0.333478 0.0269204 9.9991E-05 0.209091 0.430411
0.34897 9.9991E-05 0.0561089 0.161334 0.433487
0.43176 0.507054 0.0356962 0.0253896 9.9991E-05
0.543269 0.257783 0.11047 0.0323697 0.0561093
0.177268 0.696259 0.0316959 0.0188547 0.0759224
0.594638 0.242613 0.0666683 0.0464439 0.0496372
0.424451 0.394841 0.0338631 0.0776686 0.0691768
0.599817 0.269031 0.0260528 0.0179241 0.0871754
0.232979 0.678331 0.00616287 0.0241836 0.0583435
0.644353 0.162036 0.0175184 0.0799592 0.096133
0.501013 0.246352 0.0773802 0.0207061 0.154549
9.9973E-05 0.0272757 9.9973E-05 9.9973E-05 0.972424
0.0673874 0.0461496 9.9982E-05 9.9982E-05 0.886263
0.290869 0.0463855 0.0353933 0.0743837 0.552968
0.316778 9.9982E-05 9.9982E-05 0.000292264 0.68273
0.0309597 9.9991E-05 0.00136815 0.08818 0.879392
9.997E-05 9.997E-05 9.997E-05 9.997E-05 0.9996
9.9973E-05 9.9973E-05 9.9973E-05 0.0457296 0.95397
0.164435 9.9973E-05 9.9973E-05 9.9973E-05 0.835265
0.0290147 9.9982E-05 9.9982E-05 0.0429378 0.927847
9.997E-05 9.997E-05 9.997E-05 9.997E-05 0.9996
9.997E-05 9.997E-05 9.997E-05 9.997E-05 0.9996
0.152102 9.9991E-05 0.0302463 0.0372704 0.780282
0.0420949 9.9991E-05 0.0761739 0.0444331 0.837198
9.9973E-05 9.9973E-05 9.9973E-05 0.0341087 0.965591
0.302354 0.115255 0.0814508 0.105754 0.395186
0.172276 9.9991E-05 0.0721223 0.0843076 0.671194
0.243999 9.9991E-05 0.0444594 0.00276036 0.708681
0.0743954 9.9982E-05 9.9982E-05 0.0424251 0.88298
0.00155983 9.9973E-05 9.9973E-05 9.9973E-05 0.99814
0.0928406 9.9982E-05 0.0222307 9.9982E-05 0.884729
9.997E-05 9.997E-05 9.997E-05 9.997E-05 0.9996
0.270416 0.0244973 0.0665157 9.9991E-05 0.638471
0.00935498 0.0360029 0.0130594 0.0139832 0.9276
9.9982E-05 0.528389 0.379207 9.9982E-05 0.0922039
0.414049 0.208542 0.221947 0.130253 0.025209
0.41795 0.229492 0.257433 9.9991E-05 0.0950255
0.109721 0.468027 0.238089 9.9991E-05 0.184062
0.496405 0.202902 0.18259 0.00462251 0.113481
0.187917 0.408369 0.286658 9.9991E-05 0.116956
0.458017 0.138952 0.160257 0.0945631 0.148212
0.293952 0.299782 0.194641 9.9991E-05 0.211525
0.470167 0.223726 0.17249 9.9991E-05 0.133517
0.279331 0.303698 0.211889 9.9991E-05 0.204981
0.460886 0.181636 0.173656 0.0518447 0.131977
0.0395718 0.014535 0.861364 0.0844295 9.9991E-05
0.0244017 0.00880417 0.963497 9.9991E-05 0.00319681
0.0125436 9.9982E-05 0.959823 0.0274339 9.9982E-05
0.0393772 0.00534816 0.955075 9.9982E-05 9.9982E-05
9.9982E-05 9.9982E-05 0.876609 0.0899954 0.0331954
9.9982E-05 0.0228686 0.880049 9.9982E-05 0.0968822
0.042855 9.9982E-05 0.900096 9.9982E-05 0.0568489
0.0278593 0.0492465 0.922694 9.9982E-05 9.9982E-05
0.0634192 9.9973E-05 0.936281 9.9973E-05 9.9973E-05
9.9982E-05 9.9982E-05 0.900908 0.00363848 0.0952538
9.9991E-05 0.174608 0.608955 0.208219 0.00811806
9.9991E-05 0.0673722 0.578855 0.350991 0.00268182
9.9982E-05 0.188048 0.539078 0.272675 9.9982E-05
9.9982E-05 0.182911 0.489168 0.327722 9.9982E-05
0.565251 0.185774 0.0510638 0.188928 0.00898313
0.611488 0.213396 9.9991E-05 0.13888 0.0361366
0.610283 0.152617 9.9991E-05 0.188638 0.0483617
0.464249 0.169545 0.0278421 0.338264 9.9991E-05
0.228562 0.119626 9.9982E-05 0.651612 9.9982E-05
0.685089 0.238258 0.0397737 9.9991E-05 0.036779
0.697318 0.179831 0.0436411 0.07911 9.9991E-05
0.639889 0.209718 0.0535053 0.0967884 9.9991E-05
0.519727 0.384068 9.9991E-05 0.0541538 0.041951
0.68588 0.0690459 0.0523817 0.112864 0.0798282
0.584851 0.271433 9.9982E-05 0.143517 9.9982E-05
0.0801351 0.809426 9.9982E-05 0.110239 9.9982E-05
0.637234 0.212547 0.0566098 0.0747122 0.0188974
0.389986 0.562366 0.0474484 9.9982E-05 9.9982E-05
0.650302 0.285631 9.9982E-05 0.0638666 9.9982E-05
0.28846 0.484534 9.9982E-05 0.226807 9.9982E-05
9.9991E-05 0.104316 0.139268 0.739232 0.0170849
0.025189 0.149455 0.112006 0.713251 9.9991E-05
9.9982E-05 0.103639 0.0536031 0.842558 9.9982E-05
9.9982E-05 0.0758881 0.107126 0.816785 9.9982E-05
0.018173 0.0783653 0.0133465 0.852001 0.038114
0.0652293 9.9991E-05 0.0606775 0.803619 0.0703743
0.124098 9.9973E-05 0.875602 9.9973E-05 9.9973E-05
0.0811277 9.9991E-05 0.895637 0.00621993 0.0169153
0.126596 9.9982E-05 0.741478 9.9982E-05 0.131726
0.0298229 9.9991E-05 0.735156 0.125183 0.109739
0.0835281 9.9991E-05 0.792012 0.045376 0.0789838
9.9982E-05 0.0890331 0.384242 0.526525 9.9982E-05
9.9982E-05 0.108634 0.455434 0.435732 9.9982E-05
9.9982E-05 0.0815219 0.478615 0.439663 9.9982E-05
0.132141 9.9982E-05 0.835328 9.9982E-05 0.0323318
9.9982E-05 0.0971821 0.348847 0.553771 9.9982E-05
0.279782 0.0834502 0.221842 0.00599638 0.408929
0.542351 0.0165537 0.170274 0.070604 0.200218
0.535086 9.9982E-05 0.208245 9.9982E-05 0.25647
0.302503 0.10439 0.282599 0.0450041 0.265504
0.440402 0.123576 0.149964 0.0415658 0.244492
9.9982E-05 0.202121 0.469442 9.9982E-05 0.328236
0.52982 0.120242 0.0029359 0.346902 9.9991E-05
0.418955 0.30143 0.00977651 0.269739 9.9991E-05
0.32678 0.0743411 0.0850973 0.505483 0.00829809
0.51911 0.265574 9.9991E-05 0.175341 0.0398745
9.9973E-05 0.788673 9.9973E-05 0.211027 9.9973E-05
0.611201 0.139342 0.0571486 0.109282 0.0830271
0.516318 0.162982 9.9991E-05 0.217471 0.10313
0.357931 0.0903746 0.110735 0.440859 9.9991E-05
0.569641 0.0783104 0.0695172 0.214175 0.0683564
0.203385 0.533842 9.9982E-05 0.262574 9.9982E-05
0.591214 0.24899 9.9991E-05 0.139921 0.0197749
0.607537 0.0492512 0.0145843 0.268775 0.0598522
0.405771 0.125297 0.169288 0.0761996 0.223444
0.382642 0.277356 9.9991E-05 0.288502 0.0513999
0.463667 0.14438 0.0327538 0.294347 0.0648523
0.463093 0.331484 9.9991E-05 0.0351583 0.170165
0.604734 0.184686 0.025809 0.184671 9.9991E-05
0.717593 0.0489798 0.107009 0.112012 0.0144067
0.713801 0.0299128 0.164533 0.091653 9.9991E-05
0.66548 0.0335076 0.196739 0.101011 0.00326178
0.114278 9.9982E-05 0.804901 9.9982E-05 0.0806213
0.125077 0.00385761 0.870866 9.9982E-05 9.9982E-05
0.0860029 0.0372753 0.821621 0.055001 9.9991E-05
0.0811356 0.0734341 0.84237 9.9991E-05 0.00296047
0.127115 9.9973E-05 0.872585 9.9973E-05 9.9973E-05
0.171344 0.0899266 9.9991E-05 0.645266 0.0933635
0.421487 0.174457 0.00776037 0.280239 0.116057
0.461746 0.0947144 0.203066 9.9991E-05 0.240373
0.668244 0.0330469 0.00973971 0.203459 0.0855099
0.584034 0.106085 0.0808193 0.217531 0.0115304
0.262992 0.260283 9.9991E-05 0.362295 0.11433
0.0407822 0.192318 0.131514 0.635286 9.9991E-05
0.584345 0.0403255 0.0423684 0.332861 9.9991E-05
0.158903 0.204394 0.0257882 0.514031 0.0968838
0.444777 0.164221 0.061827 0.290272 0.0389038
0.0983843 0.17741 0.0914775 0.589898 0.0428305
0.580102 9.9991E-05 0.163419 0.178241 0.0781377
0.252104 0.0890093 0.0713431 0.587444 9.9991E-05
0.269798 0.133521 0.0371718 0.44601 0.113499
0.357117 0.313699 0.0276998 0.117341 0.184143
0.287796 0.453282 0.0358712 0.154228 0.0688234
0.566543 0.24157 0.0814482 0.0384272 0.0720119
0.601416 0.19759 0.200794 9.9982E-05 9.9982E-05
0.384863 0.465081 0.0960664 0.0538898 9.9991E-05
0.571944 0.155875 0.054862 0.139275 0.0780444
0.641325 0.258893 0.0995827 9.9982E-05 9.9982E-05
0.133709 0.790507 9.9982E-05 0.0755837 9.9982E-05
0.299177 0.666727 0.0125623 0.0191551 0.00237796
0.464507 0.366617 0.0539119 0.108533 0.00643162
0.260461 0.629023 0.0464584 0.0639581 9.9991E-05
0.553886 0.276749 9.9982E-05 0.169165 9.9982E-05
0.0970658 0.157183 9.9991E-05 0.66377 0.0818809
0.261032 0.364261 9.9991E-05 0.340249 0.0343577
0.427932 0.0198858 9.9991E-05 0.430025 0.122057
0.72569 0.0105999 0.00711726 0.188475 0.0681176
0.327816 0.153316 9.9982E-05 0.518668 9.9982E-05
0.399383 0.231027 0.0246514 0.153778 0.191161
0.578821 0.0374718 0.0752171 0.203612 0.104878
0.579331 9.9991E-05 0.000336035 0.3008 0.119432
0.553812 9.9982E-05 9.9982E-05 0.361722 0.084266
0.512279 0.118618 0.00721686 0.329406 0.0324799
0.310439 0.0825776 9.9991E-05 0.52825 0.0786334
0.357847 0.0719409 9.9991E-05 0.489379 0.0807332
0.631177 0.0440949 9.9991E-05 0.230403 0.0942258
0.675702 0.0197714 0.133439 0.142142 0.0289449
0.449722 0.216228 0.0374234 0.296526 9.9991E-05
0.565225 0.0730228 9.9991E-05 0.258702 0.102951
0.32439 0.0119925 0.0320399 0.527371 0.104207
0.580027 0.0850191 0.0345644 0.285326 0.015064
0.46041 0.137509 0.0101828 0.29191 0.0999885
0.456318 0.104322 0.0828973 0.17085 0.185612
0.483687 0.0199207 0.394217 0.00525461 0.09692
0.398828 0.162118 0.187703 9.9991E-05 0.251251
0.466297 0.118516 0.219414 0.0624085 0.133364
0.572313 0.124058 0.119531 0.0268103 0.157288
0.506656 0.0366136 0.188596 0.00983544 0.258299
0.4552 0.254313 9.9991E-05 0.219924 0.0704636
0.537479 0.0125734 0.185121 0.137005 0.127822
9.9982E-05 0.528289 0.27974 9.9982E-05 0.191771
0.495497 0.0568126 0.0901855 0.110127 0.247378
0.55959 0.0475156 0.179796 0.0793166 0.133782
0.463421 0.0235709 0.00996795 0.191506 0.311534
0.307672 0.19548 0.181963 0.14766 0.167225
0.544441 0.110605 0.184592 9.9991E-05 0.160262
0.457019 0.109673 0.140397 0.0625935 0.230317
9.9982E-05 0.283291 0.510192 9.9982E-05 0.206317
0.491731 0.049493 0.175895 0.0450996 0.237781
0.487337 0.0271398 0.203467 0.019482 0.262574
0.5026 0.114193 0.158164 0.0393828 0.18566
0.525065 0.0532624 0.200245 9.9991E-05 0.221328
0.44203 0.133829 0.144424 0.0736661 0.206051
0.416643 0.345375 0.0183436 0.0693922 0.150246
0.531367 0.177143 0.126224 0.0581279 0.107138
0.0798737 0.803516 9.9991E-05 0.0984509 0.0180592
0.0698129 0.862304 9.9982E-05 0.0676835 9.9982E-05
0.47882 0.242182 0.087597 0.0737934 0.117607
0.380895 0.145736 0.141007 9.9991E-05 0.332262
0.259106 0.24149 0.0694381 9.9991E-05 0.429865
0.129308 0.324405 0.156372 9.9991E-05 0.389815
0.32072 0.196058 0.151265 9.9991E-05 0.331858
0.128752 0.667459 0.069018 9.9991E-05 0.134671
0.161886 0.565497 0.0954325 9.9991E-05 0.177084
0.526461 0.311183 9.9982E-05 9.9982E-05 0.162155
0.47379 0.342505 0.0670954 9.9991E-05 0.11651
0.192071 0.548405 0.0597242 9.9991E-05 0.1997
0.53264 0.210176 0.0725699 9.9991E-05 0.184514
0.612574 0.229009 0.00304572 9.9991E-05 0.155271
0.477835 0.181147 0.103525 0.0604262 0.177066
0.42317 0.409605 0.0548596 0.112265 9.9991E-05
0.396627 0.50337 9.9991E-05 0.0481049 0.0517976
0.490064 0.369143 0.00666056 9.9991E-05 0.134032
0.403298 0.318324 0.0678446 0.120311 0.0902227
0.347667 0.198389 0.036484 0.204755 0.212705
0.497161 0.453559 0.0365196 9.9991E-05 0.0126602
0.310937 0.581586 0.00549037 0.101887 9.9991E-05
0.636585 0.281128 0.0647683 9.9991E-05 0.0174195
0.262092 0.589038 9.9991E-05 0.0977775 0.0509929
0.4685 0.509946 9.9991E-05 0.00159304 0.0198602
0.61883 0.259645 0.0301279 0.0457814 0.0456165
0.510568 0.340102 9.9991E-05 0.0763794 0.0728507
0.466609 0.144182 0.108533 9.9991E-05 0.280576
0.379551 0.232795 0.188338 0.052267 0.147049
0.36264 0.158758 0.186948 9.9991E-05 0.291555
0.291937 0.208872 0.177058 0.046843 0.27529
0.462159 0.0397889 0.171072 0.098033 0.228948
0.409745 0.137768 0.162039 0.0373304 0.253118
9.9982E-05 0.609834 0.197563 9.9982E-05 0.192403
0.618403 0.0709704 0.0727957 9.9991E-05 0.237731
9.9982E-05 0.44707 0.387019 9.9982E-05 0.165711
0.457912 0.20235 0.0315744 9.9991E-05 0.308064
0.196781 0.802919 9.9973E-05 9.9973E-05 9.9973E-05
9.9973E-05 0.93072 9.9973E-05 0.0689803 9.9973E-05
0.594296 0.350188 9.9991E-05 0.0219704 0.033446
0.55529 0.278241 0.00972206 0.0629931 0.0937546
0.481833 0.489448 9.9982E-05 0.0285194 9.9982E-05
0.521564 0.421679 0.00853633 9.9991E-05 0.0481203
0.554119 0.334982 9.9982E-05 9.9982E-05 0.110699
0.103483 0.0300845 0.830816 9.9991E-05 0.0355172
9.9991E-05 0.0884968 0.694428 0.113975 0.103
9.9982E-05 9.9982E-05 0.884137 0.0263747 0.0892884
0.0551854 9.9973E-05 0.944515 9.9973E-05 9.9973E-05
0.585995 0.215892 0.104281 0.074938 0.0188938
0.636 0.170532 0.0768244 0.0734139 0.0432296
0.674178 0.227923 0.0169014 0.0808975 9.9991E-05
0.703784 0.167317 0.123986 0.00481314 9.9991E-05
0.551409 0.224931 0.0700251 0.0823043 0.0713313
0.371057 0.409102 9.9991E-05 0.208376 0.0113646
0.695042 0.186335 0.00750209 0.0953376 0.0157825
0.522095 0.477573 0.000132032 9.9982E-05 9.9982E-05
0.561474 0.0448091 0.257543 0.0066968 0.129477
0.568021 0.343607 9.9991E-05 0.0841028 0.00416878
0.493264 0.341148 9.9982E-05 0.165388 9.9982E-05
0.664869 0.224996 9.9982E-05 0.109935 9.9982E-05
0.554478 0.337936 0.0089423 0.0985442 9.9991E-05
0.677712 0.311513 9.9982E-05 9.9982E-05 0.010575
0.62597 0.279461 0.0943693 9.9982E-05 9.9982E-05
0.297447 0.702253 9.9973E-05 9.9973E-05 9.9973E-05
0.44867 0.505133 9.9982E-05 0.0459964 9.9982E-05
0.460504 0.408489 9.9982E-05 0.130806 9.9982E-05
0.0565448 0.943155 9.9973E-05 9.9973E-05 9.9973E-05
0.582184 0.315726 9.9982E-05 0.101891 9.9982E-05
0.256511 0.737695 9.9982E-05 0.00559453 9.9982E-05
0.112686 0.835634 9.9982E-05 0.0514793 9.9982E-05
0.687336 0.280409 0.029584 0.00257041 9.9991E-05
0.400933 0.399618 0.0111938 0.188156 9.9991E-05
0.543255 0.247848 9.9991E-05 0.121295 0.0875027
0.635055 0.121486 0.0937323 0.0606687 0.089058
0.653923 0.136956 9.9991E-05 0.182452 0.0265686
0.297998 0.212731 9.9991E-05 0.354174 0.134997
0.605015 0.236273 9.9991E-05 0.148329 0.0102823
0.576836 0.172769 0.0260261 0.182114 0.0422559
0.497205 0.469287 9.9982E-05 0.033308 9.9982E-05
0.565028 0.223767 0.075406 0.0587513 0.0770483
9.9982E-05 0.0759745 0.627908 0.295917 9.9982E-05
0.044526 0.0586624 0.734194 0.147162 0.0154558
9.9982E-05 0.0275528 0.80434 0.167907 9.9982E-05
9.9982E-05 0.00498697 0.804594 0.190219 9.9982E-05
0.0423723 9.9982E-05 0.734439 0.222988 9.9982E-05
0.318382 0.372031 0.00130695 0.308181 9.9991E-05
0.311476 0.449086 0.0332808 0.206057 9.9991E-05
0.36724 0.63246 9.9973E-05 9.9973E-05 9.9973E-05
0.648172 0.100768 0.111658 0.0791627 0.0602397
0.515563 0.154834 0.16474 0.0691478 0.0957155
0.406749 0.563085 0.00146873 9.9991E-05 0.0285972
0.630192 0.244056 9.9982E-05 9.9982E-05 0.125552
0.564225 0.368182 0.0603725 0.00712074 9.9991E-05
0.654523 0.248795 0.0104562 0.0861256 9.9991E-05
0.724884 0.125719 0.0610893 0.0620413 0.0262664
0.441463 0.416833 9.9982E-05 0.141504 9.9982E-05
0.534986 0.320276 9.9982E-05 0.144538 9.9982E-05
0.452295 0.30232 9.9982E-05 0.245185 9.9982E-05
0.627303 0.212187 0.119307 0.041103 9.9991E-05
0.525713 0.312449 0.00405829 0.157679 9.9991E-05
0.566655 0.3088 0.031958 0.0924874 9.9991E-05
0.40337 0.0592136 0.103424 9.9991E-05 0.433892
0.375725 0.0523308 0.108775 0.0337911 0.429378
0.39544 9.9991E-05 0.131773 0.000794992 0.471892
0.283587 0.0803255 0.132518 9.9991E-05 0.50347
0.481832 0.0643023 0.102619 9.9991E-05 0.351147
0.522424 0.35337 0.0414404 0.0339595 0.0488059
0.0501322 0.0532946 0.240156 9.9991E-05 0.656317
0.37692 0.00315578 0.160385 9.9991E-05 0.45944
0.423215 0.214124 0.162841 9.9991E-05 0.199721
0.608106 0.109833 0.208328 0.0736329 9.9991E-05
0.442082 0.232427 0.14904 0.148134 0.0283166
0.649111 0.132887 0.144092 0.0252913 0.0486187
0.673152 0.0590056 0.13466 0.128191 0.00499145
0.352144 9.9982E-05 0.19515 9.9982E-05 0.452506
0.426229 9.9991E-05 0.104778 0.095862 0.373031
0.415549 9.9991E-05 0.0749203 0.0170049 0.492425
0.483541 0.0245523 0.128105 0.0470655 0.316737
0.273726 0.0391514 0.128185 9.9991E-05 0.558837
0.432177 0.0578149 0.183525 9.9991E-05 0.326382
0.229011 9.9982E-05 0.122512 9.9982E-05 0.648277
0.382099 0.046807 0.122494 0.0342919 0.414308
0.529425 0.233859 0.0796392 0.119648 0.0374291
0.394062 0.0382478 0.174608 0.0298444 0.363238
0.171108 0.00502306 0.154084 9.9991E-05 0.669685
0.459627 0.0346289 0.103688 9.9991E-05 0.401956
0.250532 0.275244 0.206303 0.267822 9.9991E-05
0.654518 0.175812 0.0924203 0.0256246 0.0516248
0.439416 0.0536274 0.146638 0.0139488 0.34637
0.677732 0.0555246 0.150586 0.116057 9.9991E-05
0.559638 0.15168 0.167738 0.0807026 0.040242
0.358989 0.167595 0.22567 9.9991E-05 0.247647
0.355349 0.114182 0.218023 9.9991E-05 0.312346
0.569548 0.184949 0.0654399 0.0536291 0.126434
0.318937 0.112301 0.168126 9.9991E-05 0.400537
0.380301 9.9982E-05 0.0871568 9.9982E-05 0.532342
0.11651 9.9982E-05 0.228654 9.9982E-05 0.654636
0.627311 0.21465 0.114715 9.9991E-05 0.0432244
0.557798 0.18422 0.143533 0.114349 9.9991E-05
0.162776 0.572754 0.193971 9.9991E-05 0.0703982
0.600031 0.0898539 0.181521 0.0204165 0.108178
0.388909 0.151182 0.115361 0.265342 0.0792057
0.527988 0.127794 0.231809 9.9991E-05 0.112309
0.572264 0.0999528 0.153326 0.102501 0.0719564
9.9982E-05 0.391285 0.361439 9.9982E-05 0.247077
9.9982E-05 0.444854 0.389673 9.9982E-05 0.165273
0.270026 0.327443 0.188495 0.0384841 0.175552
9.9991E-05 0.365302 0.347518 0.0244882 0.262592
9.9982E-05 0.264322 0.468742 9.9982E-05 0.266735
0.412198 0.230795 0.190659 0.0238152 0.142533
0.316627 0.22203 0.224699 0.056891 0.179753
0.178789 0.254955 0.327824 9.9991E-05 0.238333
0.0329343 0.412511 0.340363 9.9991E-05 0.214092
0.417743 0.0886282 0.157959 0.098508 0.237162
0.150778 0.43241 0.239808 9.9991E-05 0.176904
9.9982E-05 0.355127 0.518333 9.9982E-05 0.126341
0.51775 0.0673277 0.18519 0.0863857 0.143347
0.35657 0.0825974 0.213043 0.0955901 0.252199
0.470488 9.9991E-05 0.309591 0.0235584 0.196263
0.505408 9.9982E-05 0.230892 9.9982E-05 0.2635
0.563605 0.0702554 0.173174 0.0277382 0.165227
0.535514 0.0416188 0.212393 9.9991E-05 0.210374
0.340056 9.9991E-05 0.437876 0.03848 0.183488
0.611782 9.9991E-05 0.294298 0.000833271 0.0929866
0.547053 0.0166224 0.206728 9.9991E-05 0.229497
0.363091 0.0476914 0.294577 0.0545618 0.240079
0.345906 0.191401 0.167729 0.173165 0.121799
0.525422 0.0229843 0.218567 0.0998558 0.133171
0.576063 0.0293545 0.141703 0.0519993 0.20088
0.668617 0.0561659 0.11711 0.0844649 0.0736421
0.349358 9.9991E-05 0.293104 0.0390374 0.3184
0.475872 0.0478367 0.212463 0.0532436 0.210585
0.170013 0.215425 0.41363 9.9991E-05 0.200832
0.541174 9.9991E-05 0.193596 0.0291628 0.235967
0.20786 0.157483 0.287001 9.9991E-05 0.347557
9.9982E-05 0.0807304 0.821911 0.0971589 9.9982E-05
0.0456631 0.0488859 0.0765414 0.772632 0.0562773
9.9973E-05 9.9973E-05 0.00436217 0.995338 9.9973E-05
0.0026927 9.9982E-05 0.0276007 0.969507 9.9982E-05
9.9982E-05 9.9982E-05 0.00304107 0.996264 0.000494615
9.9973E-05 9.9973E-05 9.9973E-05 0.904786 0.0949141
0.0412741 9.9973E-05 9.9973E-05 0.958426 9.9973E-05
9.9973E-05 9.9973E-05 0.0485064 0.951194 9.9973E-05
0.0106331 9.9982E-05 0.165148 0.824019 9.9982E-05
0.0303408 0.0146019 0.93884 9.9991E-05 0.0161171
0.0872528 9.9982E-05 0.802493 0.110054 9.9982E-05
0.0137799 9.9991E-05 0.943036 0.0207345 0.0223498
0.034371 9.9982E-05 0.85172 0.113709 9.9982E-05
0.0270561 9.9991E-05 0.8827 0.0288838 0.06126
0.0025323 0.0266938 0.917374 0.0472958 0.00610406
0.0887814 9.9991E-05 0.765763 0.0641301 0.0812254
0.00171524 9.9991E-05 0.852532 0.0365202 0.109133
0.106783 9.9991E-05 0.704269 0.161145 0.0277033
9.9991E-05 0.00570562 0.921231 0.0031911 0.0697721
0.00584773 9.9982E-05 0.97292 0.0210321 9.9982E-05
0.0649245 9.9991E-05 0.827431 0.0614505 0.0460942
9.9973E-05 9.9973E-05 0.951044 0.0486561 9.9973E-05
0.00997257 9.9991E-05 0.896023 0.0300722 0.0638321
0.0738584 9.9991E-05 0.867388 0.015402 0.0432512
0.112023 9.9982E-05 0.879583 9.9982E-05 0.00819366
0.0891813 9.9982E-05 0.775844 9.9982E-05 0.134775
0.131921 9.9982E-05 0.80541 9.9982E-05 0.0624681
0.138847 9.9982E-05 0.812506 9.9982E-05 0.0484472
0.467147 0.218874 0.18717 0.125897 0.000912312
0.757398 0.110902 0.1315 9.9982E-05 9.9982E-05
0.57133 0.142197 0.167073 0.062426 0.0569742
0.185397 0.668332 0.146071 9.9982E-05 9.9982E-05
0.561685 0.159523 0.18171 0.0969824 9.9991E-05
0.167183 0.582241 0.250377 9.9982E-05 9.9982E-05
0.740145 0.110967 0.11241 9.9991E-05 0.0363784
0.483159 0.251532 0.109695 0.155515 9.9991E-05
0.611801 0.239916 0.118126 0.0300577 9.9991E-05
0.602381 0.17816 0.0746027 0.144756 9.9991E-05
0.518814 0.158745 0.159954 0.162388 9.9991E-05
0.696505 0.183161 0.0365133 0.0756117 0.00820938
0.682085 0.0728644 0.0958934 0.149057 9.9991E-05
0.0543201 0.382681 9.9991E-05 0.518067 0.0448319
9.9982E-05 0.805206 0.123828 0.0707662 9.9982E-05
0.190112 0.55227 0.131468 0.0891696 0.0369801
0.703709 0.106118 0.093784 0.0448076 0.0515818
0.544893 0.261604 0.103402 0.0572143 0.0328864
0.594448 0.299277 0.106075 9.9982E-05 9.9982E-05
0.639602 0.208396 0.109979 9.9991E-05 0.0419234
0.484909 0.136213 0.185798 9.9991E-05 0.19298
0.628331 9.9982E-05 0.157261 9.9982E-05 0.214208
0.141365 0.146086 0.369506 0.139095 0.203947
0.630087 9.9991E-05 0.132261 0.125523 0.112029
0.407727 0.042509 0.206735 0.177742 0.165286
9.9982E-05 0.391719 0.42464 9.9982E-05 0.18344
0.347925 0.176001 0.289234 9.9991E-05 0.186739
0.374784 0.0786325 0.371076 0.0290506 0.146457
0.481322 9.9991E-05 0.369318 0.0674052 0.0818548
0.462716 0.0789986 0.172875 0.0555507 0.229859
0.591289 0.018275 0.225052 0.0257071 0.139677
0.658508 9.9982E-05 0.195769 9.9982E-05 0.145523
0.411714 0.17289 0.225762 9.9991E-05 0.189534
0.342389 0.0233028 0.469504 0.0176497 0.147154
