9.9991E-05 0.0122059 0.0260476 0.0348454 0.926801
0.0534965 9.9973E-05 9.9973E-05 9.9973E-05 0.946204
9.9991E-05 0.123957 0.0354324 0.00875098 0.83176
9.999E-05 0.000827862 0.0818564 0.0969364 0.820279
9.999E-05 0.0710127 0.0660474 0.00163457 0.861205
0.166004 0.104974 0.0549901 0.10386 0.570172
0.0774932 9.99909E-05 9.99909E-05 0.0552965 0.86701
0.104918 9.9991E-05 0.0404447 0.122917 0.731619
0.091375 9.9982E-05 9.9982E-05 0.0841409 0.824284
0.043748 0.0853941 0.0679321 0.0769577 0.725968
0.0609855 0.0804273 9.9991E-05 0.0967416 0.761746
0.132444 0.321269 0.0804988 0.465689 9.9991E-05
9.9991E-05 0.552029 0.118672 0.298509 0.0306902
0.105661 0.269505 0.0962138 0.514386 0.0142346
0.0769089 0.332718 0.130318 0.338103 0.121952
0.0370318 0.357179 0.253294 0.267314 0.0851813
0.0221912 0.613512 0.181906 0.15374 0.0286515
0.228504 0.405039 0.117663 0.237099 0.0116947
0.0109304 0.391982 0.0819788 0.383399 0.13171
0.169958 0.0861137 0.0227519 0.676442 0.0447335
0.0824293 0.433809 0.1298 0.353861 9.9991E-05
0.295155 0.538118 0.0508813 0.0823358 0.0335099
0.0924821 0.670862 9.9991E-05 0.142629 0.0939272
0.21068 0.340364 0.136631 0.312224 9.9991E-05
9.9991E-05 0.655258 0.0807178 0.167429 0.0964948
0.0668937 0.518603 0.134054 0.259106 0.0213429
0.094775 0.248165 0.0991344 0.53004 0.0278858
0.0750295 0.150242 0.268517 0.506111 9.9991E-05
0.245591 0.279405 0.0221234 0.451629 0.00125166
9.9982E-05 0.0614464 0.0761881 9.9982E-05 0.862166
9.9982E-05 0.111561 0.0187457 9.9982E-05 0.869493
9.9991E-05 0.145993 0.0359148 0.00130477 0.816688
9.9982E-05 0.152981 0.112555 9.9982E-05 0.734265
0.156433 0.646381 0.0331045 0.111122 0.0529599
0.116425 0.703309 9.9991E-05 0.0700382 0.110127
0.155414 0.780034 9.9982E-05 9.9982E-05 0.0643521
0.0751264 0.197923 0.0462809 0.588303 0.0923666
0.446397 0.523237 9.9982E-05 9.9982E-05 0.0301653
0.092557 0.646759 0.0110202 0.187859 0.0618053
0.10761 0.768613 0.101122 0.0225537 9.9991E-05
0.0175618 0.666513 0.0357955 0.136111 0.144019
0.0931048 0.694599 0.0536641 0.00942564 0.149206
0.393007 0.360347 9.9982E-05 0.246446 9.9982E-05
0.126684 0.559585 0.123451 0.0936336 0.0966464
0.133931 0.727432 0.0224749 0.0213966 0.0947661
0.052754 0.59936 0.145509 0.0629513 0.139426
0.431841 0.567859 9.9973E-05 9.9973E-05 9.9973E-05
0.12367 0.697966 0.0197819 0.0106079 0.147975
0.151074 0.676344 0.0307659 0.0112552 0.130561
0.806839 0.0376712 9.9991E-05 0.0716073 0.0837824
0.321829 0.232781 9.9982E-05 0.44519 9.9982E-05
0.577354 0.0797688 0.0959934 0.234655 0.012229
0.134098 0.60905 0.156476 0.0603651 0.0400115
0.0993061 0.693816 0.125299 0.0149476 0.0666307
0.0733515 0.562304 0.138948 0.0998252 0.125571
0.279319 0.248894 9.9991E-05 0.377672 0.0940146
0.0602409 0.601119 0.0873325 0.224773 0.0265347
0.0820558 0.612445 0.133508 0.0628497 0.109141
0.186602 0.422309 9.9991E-05 0.218324 0.172666
0.298321 0.0948223 0.0551453 0.350122 0.20159
0.0430481 0.615659 0.0171328 0.215517 0.108643
0.106419 0.527173 0.0374869 0.26134 0.0675808
0.317354 0.106176 9.9991E-05 0.54952 0.0268505
0.0673527 0.595728 0.0391922 0.294718 0.00300889
0.185148 0.608992 0.179259 9.9991E-05 0.0265002
0.104237 0.509741 0.14191 0.137659 0.106452
0.229686 0.360443 0.0517246 0.305556 0.0525903
0.167198 0.508629 0.130705 0.193368 9.9991E-05
0.147632 0.6706 0.0563926 0.111439 0.0139366
0.25267 0.296631 9.9991E-05 0.425559 0.0250398
0.192013 0.709182 9.9982E-05 0.0986054 9.9982E-05
0.392299 0.444401 9.9982E-05 0.1631 9.9982E-05
0.176091 0.62726 0.0187504 0.0768314 0.101068
0.73141 0.236984 9.9982E-05 0.0314059 9.9982E-05
0.71751 0.193206 9.9982E-05 0.0890841 9.9982E-05
0.403312 0.532047 9.9982E-05 0.0644405 9.9982E-05
0.194035 0.581002 0.0348614 0.117795 0.0723066
0.157446 0.574107 0.125246 0.0283413 0.114859
0.246131 0.584929 0.023445 0.141478 0.00401741
0.31473 0.381075 9.9991E-05 0.278612 0.0254828
0.228436 0.404932 9.9991E-05 0.327718 0.0388141
0.142044 0.663022 0.00642597 0.159839 0.0286691
0.379574 0.51358 9.9982E-05 0.106646 9.9982E-05
0.17841 0.616729 9.9991E-05 0.123601 0.0811599
0.420275 0.579425 9.9973E-05 9.9973E-05 9.9973E-05
0.76954 0.183428 9.9991E-05 0.0343461 0.0125855
0.137604 0.697917 0.045165 0.103085 0.0162291
9.9991E-05 0.100761 0.0565214 0.0372288 0.805389
9.9973E-05 0.0819218 9.9973E-05 9.9973E-05 0.917778
9.9982E-05 0.0870258 0.0468992 9.9982E-05 0.865875
9.9973E-05 0.0854585 9.9973E-05 9.9973E-05 0.914242
0.0090832 0.0755359 0.0475915 0.0003621 0.867427
0.020474 0.0401 0.0364199 9.9991E-05 0.902906
9.9982E-05 0.0768457 0.00701186 9.9982E-05 0.915942
0.116025 0.602286 0.0653773 0.0161458 0.200166
0.0351976 0.732241 0.0085875 9.9991E-05 0.223874
0.505759 0.280727 9.9982E-05 0.213315 9.9982E-05
0.129383 0.560274 0.158246 0.0897698 0.0623271
0.205896 0.643219 9.9982E-05 0.150685 9.9982E-05
0.237672 0.73627 9.9982E-05 0.025859 9.9982E-05
0.211532 0.769395 9.9991E-05 0.0148443 0.00412839
0.252655 0.59232 0.0732603 0.0466056 0.035159
0.472664 0.179733 9.9991E-05 0.314443 0.0330596
0.111645 0.578057 0.0769397 0.0889674 0.14439
0.105562 0.729096 0.0984373 0.02125 0.0456554
0.147176 0.626216 0.142094 9.9991E-05 0.0844144
0.477331 0.522369 9.9973E-05 9.9973E-05 9.9973E-05
0.293691 0.693523 9.9982E-05 9.9982E-05 0.0125857
0.229004 0.596751 9.9991E-05 0.160726 0.0134192
0.36079 0.593646 0.0281351 0.0173286 9.9991E-05
0.229396 0.560037 0.00804719 0.156517 0.0460031
0.0430007 0.722177 0.0143504 0.107117 0.113355
0.269913 0.320435 0.0664407 0.343111 9.9991E-05
0.0456178 0.38983 0.0322473 0.369069 0.163236
0.101556 0.481968 0.151235 0.14703 0.118211
0.0543832 0.711465 9.9991E-05 0.107041 0.127011
9.9982E-05 0.567147 9.9982E-05 0.375641 0.0570114
0.00578319 0.552917 0.116583 0.318277 0.00643957
0.00730408 0.503358 0.094461 0.394777 9.9991E-05
0.0830775 0.616082 0.0241166 0.200698 0.0760257
0.0058211 0.537728 0.136646 0.25084 0.068965
0.0580554 0.669756 0.00494562 0.202097 0.0651461
0.0702088 0.581723 9.9982E-05 0.347868 9.9982E-05
0.0234363 0.596071 0.208377 0.160158 0.0119577
0.0955325 0.517387 0.114097 0.1546 0.118383
9.9982E-05 0.617211 0.118137 0.264452 9.9982E-05
0.0655334 0.525082 0.187095 0.150612 0.0716767
0.0654393 0.523789 0.126288 0.284384 9.9991E-05
0.156039 0.370815 0.0755393 0.288149 0.109457
9.9991E-05 0.670575 0.103177 0.150662 0.0754871
0.00169899 0.713563 0.103606 0.181032 9.9991E-05
0.113308 0.264642 0.1141 0.480678 0.0272711
0.454912 0.161063 0.0989901 0.284934 9.9991E-05
0.0956656 0.56042 0.111589 0.223934 0.00839206
0.487272 0.135938 0.0625755 0.314115 9.9991E-05
0.132431 0.357621 9.9991E-05 0.457269 0.0525798
0.107378 0.593903 9.9982E-05 0.298519 9.9982E-05
9.9982E-05 0.473694 9.9982E-05 0.492999 0.0331063
0.126705 0.364764 9.9982E-05 0.508331 9.9982E-05
0.0638883 0.656826 9.9991E-05 0.148278 0.130908
0.161638 0.592113 0.120615 0.0808474 0.0447867
0.0975934 0.597627 0.0806901 0.158788 0.0653015
0.411269 0.198562 0.0653769 0.324692 9.9991E-05
0.0952567 0.504014 0.0903091 0.110002 0.200418
0.236453 0.544807 0.0752781 0.113948 0.0295136
0.617273 0.0384661 0.0274963 0.139759 0.177005
0.0976392 0.694322 0.0223561 9.9991E-05 0.185583
0.390235 0.378333 0.0778946 0.0514731 0.102064
0.184108 0.574145 0.114065 0.0486129 0.0790687
0.459636 0.260068 0.0368854 0.0931354 0.150275
0.450981 0.322595 9.9991E-05 0.107899 0.118425
0.254594 0.564415 9.9991E-05 0.0596992 0.121192
0.23745 0.48499 0.124155 0.0317005 0.121704
0.248486 0.40834 0.114439 0.0578342 0.1709
0.650721 9.9991E-05 0.242292 0.0493333 0.0575535
0.218739 0.565514 0.121386 9.9991E-05 0.0942613
0.364119 0.503456 9.9982E-05 0.132225 9.9982E-05
0.277715 0.58756 0.0219842 0.104458 0.00828283
0.172783 0.666572 0.0121634 0.0222079 0.126274
0.249916 0.073227 0.33797 0.0509804 0.287907
0.240144 9.9982E-05 0.155595 9.9982E-05 0.604061
0.347175 9.9982E-05 0.168385 9.9982E-05 0.48424
0.213761 9.9991E-05 0.389933 0.0277807 0.368425
0.252218 0.72483 0.022752 9.9982E-05 9.9982E-05
0.140976 0.609992 0.0682632 0.0667712 0.113998
9.9982E-05 0.282491 0.703475 0.0138336 9.9982E-05
0.0658912 0.388273 0.423207 0.122528 9.9991E-05
0.0886836 0.433493 0.428057 9.9991E-05 0.0496656
0.501961 0.405188 0.0501463 9.9991E-05 0.0426045
0.142255 0.587103 0.0442127 0.0705416 0.155888
0.692882 0.227365 0.0735226 9.9991E-05 0.0061304
0.239498 0.673753 0.0587298 9.9991E-05 0.0279193
0.33341 0.599502 0.0431545 9.9991E-05 0.0238343
0.234017 0.587164 0.110092 0.0113815 0.0573455
0.646258 0.272312 0.0389315 0.0242049 0.0182936
0.0778312 0.766569 0.0358486 0.0215976 0.0981532
0.180394 0.583878 0.0946661 0.0677644 0.0732984
0.0344831 9.9973E-05 0.965217 9.9973E-05 9.9973E-05
9.9973E-05 0.0651405 0.93456 9.9973E-05 9.9973E-05
0.0206735 0.221083 0.613006 0.0405768 0.104661
9.9982E-05 0.301211 0.664661 0.0339277 9.9982E-05
9.9973E-05 0.207668 0.792032 9.9973E-05 9.9973E-05
9.997E-05 9.997E-05 0.9996 9.997E-05 9.997E-05
9.9973E-05 9.9973E-05 0.98164 0.0180598 9.9973E-05
9.9973E-05 0.118139 0.881561 9.9973E-05 9.9973E-05
9.9982E-05 0.000218093 0.963107 0.0364746 9.9982E-05
9.997E-05 9.997E-05 0.9996 9.997E-05 9.997E-05
9.997E-05 9.997E-05 0.9996 9.997E-05 9.997E-05
9.9982E-05 0.185808 0.775251 9.9982E-05 0.0387414
9.9991E-05 0.0749791 0.820416 0.0617675 0.0427378
9.9973E-05 9.9973E-05 0.989348 0.0103519 9.9973E-05
0.00274793 0.357941 0.409839 0.165825 0.0636464
9.9991E-05 0.254056 0.604022 0.0257759 0.116046
9.9982E-05 0.176557 0.747838 9.9982E-05 0.0754049
9.9991E-05 0.0250873 0.906573 0.0561247 0.0121149
0.0107359 0.00151711 0.987547 9.9982E-05 9.9982E-05
9.9982E-05 0.0661051 0.925666 9.9982E-05 0.00802852
9.997E-05 9.997E-05 0.9996 9.997E-05 9.997E-05
9.9982E-05 0.290153 0.642832 9.9982E-05 0.0668148
0.0318368 0.0205866 0.917354 0.0248304 0.00539218
0.521298 9.9982E-05 0.0785971 9.9982E-05 0.399905
0.260141 0.327794 0.162616 0.107551 0.141898
0.181837 0.421792 0.112874 0.0179572 0.26554
0.384353 0.175641 0.166157 9.9991E-05 0.273749
0.153647 0.326863 0.261853 0.115968 0.141669
0.379679 0.193721 0.0978808 9.9991E-05 0.328619
0.109027 0.470851 0.143805 0.0737178 0.202599
0.289524 0.319589 0.222336 9.9991E-05 0.168451
0.192424 0.46498 0.137364 9.9991E-05 0.205132
0.26135 0.252288 0.318498 9.9991E-05 0.167764
0.110103 0.610793 0.0349783 9.9991E-05 0.244026
0.0372376 0.0356693 9.9991E-05 0.0845182 0.842475
0.0190625 9.9982E-05 0.062618 9.9982E-05 0.918119
9.9973E-05 9.9973E-05 9.9973E-05 0.051294 0.948406
9.9973E-05 9.9973E-05 9.9973E-05 0.0436749 0.956025
9.9991E-05 0.00901768 0.0177408 0.0720583 0.901083
0.0206026 9.9982E-05 0.101768 9.9982E-05 0.877429
9.9973E-05 9.9973E-05 0.119535 9.9973E-05 0.880165
0.0899668 0.0134293 0.0482623 9.9991E-05 0.848242
0.0184964 0.0386682 0.0148411 9.9991E-05 0.927894
0.0174679 9.9991E-05 0.121294 0.00516558 0.855972
0.147264 9.9982E-05 9.9982E-05 0.248059 0.604477
9.9973E-05 9.9973E-05 9.9973E-05 0.403023 0.596677
0.193021 9.9982E-05 9.9982E-05 0.254373 0.552406
0.171254 0.00141299 9.9991E-05 0.312073 0.51516
0.0933037 0.696257 9.9991E-05 0.126964 0.0833756
0.164809 0.612798 0.0317218 0.147958 0.0427138
0.0817176 0.686426 0.0357447 0.156941 0.0391712
0.127685 0.51334 9.9991E-05 0.283997 0.0748782
0.109691 0.228204 9.9982E-05 0.661905 9.9982E-05
0.180772 0.688179 0.0504898 9.9991E-05 0.0804588
0.160834 0.683102 0.0421599 0.113804 9.9991E-05
0.244123 0.617433 9.9982E-05 0.138244 9.9982E-05
0.387893 0.579662 0.0322452 9.9982E-05 9.9982E-05
0.0865881 0.628896 0.0731479 0.144557 0.0668113
0.287435 0.550483 9.9991E-05 0.142947 0.0190345
0.725413 0.0810721 9.9982E-05 0.193315 9.9982E-05
0.12066 0.675585 0.00923994 0.126515 0.0679997
0.527887 0.435433 9.9991E-05 0.0102135 0.0263667
0.210451 0.680302 0.0377777 0.0653611 0.00610909
0.448022 0.299115 9.9982E-05 0.252663 9.9982E-05
0.0830953 9.9982E-05 9.9982E-05 0.751578 0.165127
0.0681563 0.0412571 9.9991E-05 0.783274 0.107212
0.0841958 9.9982E-05 9.9982E-05 0.846903 0.0687008
0.0524024 9.9982E-05 9.9982E-05 0.81283 0.134567
0.1017 0.0300249 0.0316763 0.836499 9.9991E-05
0.00855589 0.0833347 0.0480067 0.752051 0.108052
9.9991E-05 0.0952611 0.0232628 0.00192525 0.879451
9.9991E-05 0.0244551 0.0733369 0.0966109 0.805497
9.9982E-05 0.083251 0.118263 9.9982E-05 0.798286
9.9991E-05 0.025267 0.117135 0.0798393 0.777658
9.9991E-05 0.101621 0.0397929 0.0592798 0.799206
0.000857516 9.9982E-05 9.9982E-05 0.59978 0.399162
0.129567 9.9982E-05 9.9982E-05 0.411256 0.458977
0.0979949 0.00906521 9.9991E-05 0.46801 0.42483
9.9991E-05 0.110298 0.0417376 0.018446 0.829418
0.0785828 9.9982E-05 9.9982E-05 0.536602 0.384615
0.0799042 0.277968 0.386277 9.9991E-05 0.255751
9.9991E-05 0.464317 0.344462 0.0525328 0.138588
9.9982E-05 0.565742 0.274968 9.9982E-05 0.159089
0.122055 0.382704 0.252176 9.9991E-05 0.242965
0.0325436 0.441972 0.281993 0.0122497 0.231242
0.192915 9.9982E-05 0.354196 9.9982E-05 0.452688
0.075652 0.502534 9.9991E-05 0.386468 0.0352467
0.327508 0.422656 0.0228909 0.210975 0.0159702
0.00970715 0.371375 9.9991E-05 0.505688 0.113129
0.260524 0.557242 0.0291287 0.153006 9.9991E-05
0.80642 9.9973E-05 9.9973E-05 0.19328 9.9973E-05
0.130414 0.498415 0.172187 0.103628 0.0953558
0.164187 0.58795 9.9982E-05 0.247663 9.9982E-05
0.0545851 0.469326 9.9991E-05 0.443772 0.0322169
0.0272497 0.490428 0.117874 0.2952 0.0692476
0.519358 0.22962 0.000591586 0.23358 0.0168501
0.19712 0.510285 0.111387 0.181108 9.9991E-05
0.0396178 0.556453 0.0680377 0.312224 0.0236674
0.0845852 0.350091 0.287373 0.145509 0.132441
0.238749 0.414514 0.0453792 0.301258 9.9991E-05
0.164469 0.464517 0.0737373 0.288613 0.00866322
0.271023 0.522388 0.141357 0.0651322 9.9991E-05
0.121246 0.676191 9.9991E-05 0.189114 0.0133488
0.0824765 0.728848 0.103247 0.0853283 9.9991E-05
0.0925361 0.541568 0.149856 0.100633 0.115406
0.0663275 0.579255 0.0578818 0.205303 0.0912328
9.9982E-05 0.154691 0.0486942 9.9982E-05 0.796415
0.0274801 0.0829663 0.0387404 9.9991E-05 0.850713
0.124956 0.051916 0.0192262 0.00730833 0.796594
0.0738874 0.0478279 0.0444651 0.0186283 0.815191
9.9982E-05 0.149074 0.0226023 9.9982E-05 0.828124
0.057398 0.169258 0.0829301 0.690314 9.9991E-05
0.154796 0.501691 0.134725 0.162382 0.0464058
0.0839362 0.487792 0.151996 0.0316199 0.244656
9.9991E-05 0.610353 0.167602 0.191704 0.0302415
0.0535701 0.582564 0.0389272 0.262521 0.0624181
0.229593 0.238237 0.146848 0.385222 9.9991E-05
0.248727 0.046912 9.9991E-05 0.574809 0.129452
0.0273826 0.570118 0.0312969 0.298096 0.0731066
0.083574 0.213996 0.0333689 0.608361 0.0607006
0.325538 0.334935 0.123418 0.191166 0.0249437
0.120283 0.18969 0.0084538 0.561169 0.120404
9.9991E-05 0.608413 0.121465 0.141616 0.128406
0.0780847 0.179701 0.110202 0.62125 0.0107613
0.124978 0.383921 0.0823551 0.363336 0.0454095
0.234094 0.491484 0.0970045 0.117476 0.0599419
0.467621 0.377364 9.9991E-05 0.0716937 0.0832218
0.178434 0.579311 0.0140807 0.116962 0.111212
0.19113 0.566426 0.0425735 9.9991E-05 0.199771
0.450317 0.430961 9.9991E-05 0.114375 0.00424577
0.194044 0.566209 0.0856863 0.0583925 0.0956674
0.288803 0.567959 0.0235522 0.0174531 0.102233
0.727692 0.221448 9.9991E-05 0.0357818 0.0149784
0.641872 0.357828 9.9973E-05 9.9973E-05 9.9973E-05
0.247068 0.588988 9.9991E-05 0.113774 0.0500699
0.637741 0.196749 9.9991E-05 0.132282 0.0331287
0.240839 0.528371 0.00276246 0.18978 0.0382478
0.203241 0.16487 0.0312295 0.600559 9.9991E-05
0.284532 0.328399 0.0365107 0.350458 9.9991E-05
0.0664386 0.36885 0.16562 0.398991 9.9991E-05
0.0676337 0.581202 0.155494 0.195571 9.9991E-05
0.124771 0.315617 9.9982E-05 0.559412 9.9982E-05
0.126259 0.442068 0.162141 0.228269 0.0412629
9.9982E-05 0.575712 0.119543 0.304545 9.9982E-05
0.0690494 0.457115 0.136024 0.330821 0.00699066
0.0845416 0.544431 0.109281 0.261646 9.9991E-05
0.127085 0.474872 0.0688885 0.313848 0.0153062
0.10698 0.252776 0.0906943 0.54945 9.9991E-05
0.118133 0.318645 0.155648 0.407475 9.9991E-05
0.0303047 0.679766 0.0414519 0.248377 9.9991E-05
0.0107654 0.609187 0.0690681 0.264787 0.0461931
0.129215 0.540297 9.9991E-05 0.278733 0.0516545
0.107605 0.615539 0.0612013 0.215555 9.9991E-05
0.0229321 0.404804 0.0492542 0.445829 0.0771811
0.040574 0.653992 0.078028 0.224705 0.00270168
0.0178242 0.494386 0.0966116 0.310744 0.080434
0.0887221 0.468858 0.156655 0.114105 0.171659
0.0236454 0.478928 0.0595853 9.9991E-05 0.437742
0.165213 0.42755 0.313603 9.9991E-05 0.0935334
0.105295 0.422806 0.237298 0.0698343 0.164767
9.9991E-05 0.653374 0.11344 0.12338 0.109706
0.0513139 0.434541 0.249297 0.00509343 0.259755
0.248376 0.473357 0.0920485 0.186119 9.9991E-05
0.0310537 0.541974 0.198773 0.0922362 0.135963
0.434795 0.0405099 0.211398 0.041556 0.271742
0.0430456 0.526145 0.218061 0.0545488 0.158199
0.105671 0.43828 0.245243 0.0699489 0.140856
0.0293301 0.49817 0.264514 0.119934 0.0880511
0.21485 0.324233 0.171985 0.115236 0.173697
0.0176695 0.553642 0.200643 0.0507519 0.177294
0.0393675 0.565629 0.220823 9.9991E-05 0.17408
0.285852 9.9982E-05 0.215008 9.9982E-05 0.49894
0.0524646 0.503527 0.25622 9.9991E-05 0.187688
0.0394994 0.568402 0.209233 9.9991E-05 0.182766
0.0677463 0.601117 0.155931 0.0110397 0.164166
0.0617085 0.551193 0.197295 0.0172989 0.172504
0.0417314 0.504098 0.165592 0.124192 0.164386
0.264766 0.526459 0.0906281 0.0738033 0.0443436
0.181563 0.449304 0.182785 0.146748 0.0396004
0.788928 0.130882 9.9982E-05 0.0799904 9.9982E-05
0.794986 0.11739 9.9991E-05 0.0866724 0.000851852
0.228537 0.50378 0.136789 0.0798448 0.051049
0.0513681 0.379035 0.421984 0.0660654 0.0815471
0.162164 0.303289 0.421007 9.9991E-05 0.113439
0.259773 0.139129 0.377817 0.0486112 0.17467
0.159826 0.288569 0.35895 0.0223373 0.170318
0.6672 0.0742085 0.182307 9.9991E-05 0.0761843
0.480984 0.215233 0.154778 9.9991E-05 0.148905
0.178633 0.485414 0.235525 0.083247 0.0171809
0.235677 0.55057 0.131694 9.9991E-05 0.0819581
0.548477 0.186819 0.193098 9.9991E-05 0.071506
0.155838 0.473907 0.219094 0.0888894 0.0622725
0.161126 0.637409 0.121911 0.0410899 0.0384638
0.154353 0.429731 0.182404 0.10066 0.132851
0.497416 0.378902 9.9991E-05 0.063596 0.0599862
0.37354 0.46232 0.0364362 0.127603 9.9991E-05
0.218617 0.528712 0.141518 0.0281383 0.0830143
0.300996 0.42735 0.0919493 0.153182 0.0265224
0.191728 0.399643 0.230193 0.178336 9.9991E-05
0.399432 0.51252 0.0637058 9.9991E-05 0.0242426
0.598396 0.334412 0.00175071 0.0653409 9.9991E-05
0.250037 0.632424 0.0519434 0.00187567 0.0637191
0.582973 0.346175 9.9982E-05 0.0706519 9.9982E-05
0.406988 0.479358 0.0510322 0.0259398 0.0366811
0.153958 0.591966 0.12423 0.0215391 0.108306
0.181996 0.563281 0.0408407 0.195688 0.0181954
0.0863405 0.538786 0.145845 9.9991E-05 0.228929
0.109139 0.440664 0.160744 0.149382 0.140071
0.183343 0.304329 0.312195 0.0118363 0.188297
0.0997734 0.38176 0.204375 0.125271 0.188821
0.110205 0.456634 0.15638 0.12588 0.150901
0.211468 0.338889 0.230643 0.0559199 0.163081
0.609004 9.9991E-05 0.181423 0.0169136 0.192559
0.00683133 0.593153 0.247153 0.0558949 0.0969678
0.434693 9.9982E-05 0.17552 9.9982E-05 0.389587
0.173106 0.527175 0.219594 9.9991E-05 0.0800252
0.750201 0.249499 9.9973E-05 9.9973E-05 9.9973E-05
0.829901 0.0724876 9.9991E-05 0.094465 0.00304675
0.395956 0.555786 0.0480582 9.9982E-05 9.9982E-05
0.199511 0.683319 0.0597692 9.9991E-05 0.0573003
0.399994 0.565805 9.9991E-05 0.0283921 0.00570934
0.264487 0.58758 0.00411877 0.0925109 0.0513033
0.28648 0.66101 0.0117879 0.020543 0.0201796
0.0247649 0.0734615 0.0540263 0.0186647 0.829083
9.9982E-05 9.9982E-05 0.0862079 0.177044 0.736549
9.9982E-05 9.9982E-05 0.054678 0.0670741 0.878048
9.9973E-05 0.0403044 9.9973E-05 9.9973E-05 0.959396
0.207035 0.639085 9.9991E-05 0.0507664 0.103014
0.232284 0.609391 0.0263855 0.0452671 0.0866719
0.233264 0.687015 9.9982E-05 0.0795207 9.9982E-05
0.144835 0.712222 0.0257683 9.9991E-05 0.117074
0.121621 0.571293 0.056953 0.139937 0.110196
0.364918 0.4228 9.9991E-05 0.199119 0.0130628
0.189338 0.735136 0.0319741 0.030294 0.0132583
0.431573 0.526771 9.9982E-05 9.9982E-05 0.0414558
9.9982E-05 0.521254 0.164059 9.9982E-05 0.314487
0.263765 0.562665 0.0246497 0.148821 9.9991E-05
0.280632 0.544878 9.9982E-05 0.174289 9.9982E-05
0.136419 0.756936 9.9982E-05 0.106445 9.9982E-05
0.321461 0.606621 9.9982E-05 0.0717177 9.9982E-05
0.259136 0.668052 0.0695463 9.9991E-05 0.00316575
0.135811 0.751249 9.9982E-05 9.9982E-05 0.11274
0.648765 0.350935 9.9973E-05 9.9973E-05 9.9973E-05
0.416351 0.503268 9.9982E-05 0.0801807 9.9982E-05
0.376871 0.487522 0.0168511 0.118656 9.9991E-05
0.848058 0.151642 9.9973E-05 9.9973E-05 9.9973E-05
0.259289 0.585912 0.00491576 0.147468 0.00241555
0.596151 0.331187 9.9982E-05 0.0724614 9.9982E-05
0.867089 0.124079 9.9982E-05 0.00863226 9.9982E-05
0.14872 0.659778 0.00693975 0.100572 0.0839897
0.405493 0.426711 9.9991E-05 0.163264 0.00443185
0.17394 0.583556 0.0527592 0.183786 0.00595837
0.0523206 0.721957 0.104312 9.9991E-05 0.12131
0.22046 0.69801 9.9982E-05 0.0813297 9.9982E-05
0.204533 0.374953 0.116866 0.303548 9.9991E-05
0.20905 0.68797 0.0360338 0.0638251 0.00312164
0.18111 0.547579 0.0434991 0.182004 0.0458079
0.48412 0.51558 9.9973E-05 9.9973E-05 9.9973E-05
0.209541 0.634506 9.9991E-05 0.0694402 0.0864134
0.0696858 9.9982E-05 9.9982E-05 0.251737 0.678378
0.0448487 0.0535359 9.9991E-05 0.132723 0.768793
0.0196295 9.9982E-05 9.9982E-05 0.155368 0.824803
0.0306904 9.9982E-05 9.9982E-05 0.145655 0.823454
9.9982E-05 0.0259413 9.9982E-05 0.210598 0.763261
0.308908 0.383919 9.9982E-05 0.306973 9.9982E-05
0.487155 0.320301 9.9991E-05 0.169362 0.0230826
0.646812 0.352888 9.9973E-05 9.9973E-05 9.9973E-05
0.112322 0.570842 0.125217 0.104392 0.0872264
0.023865 0.708213 0.0573914 0.0906146 0.119916
0.396155 0.558114 9.9982E-05 9.9982E-05 0.0455314
0.214899 0.672533 0.0865264 0.0259412 9.9991E-05
0.345091 0.501508 0.0728948 0.0227231 0.057784
0.118255 0.714139 9.9991E-05 0.10969 0.0578163
0.0899333 0.807366 0.0225042 9.9991E-05 0.0800962
0.340581 0.442865 9.9982E-05 0.216354 9.9982E-05
0.335576 0.631596 9.9982E-05 0.0326287 9.9982E-05
0.221623 0.577256 9.9982E-05 0.200921 9.9982E-05
0.10183 0.666314 0.0196331 0.1117 0.100522
0.176513 0.656283 9.9991E-05 0.141036 0.0260677
0.219869 0.574826 0.0314721 0.147449 0.0263842
9.9982E-05 0.422441 0.488613 9.9982E-05 0.088746
0.0279502 0.222484 0.579241 0.0355279 0.134797
0.0210138 0.400771 0.442839 0.0117207 0.123655
0.0244334 0.303596 0.536367 9.9991E-05 0.135504
0.0253379 0.498509 0.302955 0.0873 0.0858982
0.30603 0.627575 0.0457571 9.9991E-05 0.0205374
0.0363246 9.9991E-05 0.686508 0.0206579 0.25641
9.9991E-05 0.295364 0.481284 0.0123582 0.210893
0.174902 0.468236 0.144998 0.0197399 0.192124
0.113127 0.647103 9.9991E-05 0.0440612 0.195609
0.260792 0.47725 9.9991E-05 0.0507848 0.211073
0.0473191 0.654248 0.10157 0.129642 0.067221
0.080598 0.656715 0.0801179 0.0647195 0.11785
9.9982E-05 0.267751 0.523817 9.9982E-05 0.208232
9.9991E-05 0.384334 0.395547 0.102328 0.117692
9.9982E-05 0.371615 0.531891 9.9982E-05 0.0962939
0.0547174 0.395479 0.34899 0.0440452 0.156768
0.100792 0.244448 0.557772 9.9991E-05 0.0968877
0.126376 0.373253 0.309759 9.9991E-05 0.190512
0.0329593 0.206678 0.577808 9.9991E-05 0.182455
0.00625868 0.395541 0.395042 0.118465 0.0846941
0.153561 0.647819 0.00276319 0.0225224 0.173334
9.9991E-05 0.309709 0.369691 0.0846019 0.235898
9.9982E-05 0.172936 0.658049 9.9982E-05 0.168815
0.0926619 0.276149 0.430749 0.121829 0.0786106
0.377251 0.274846 9.9991E-05 0.179402 0.168401
0.247029 0.548415 0.121372 0.0830841 9.9991E-05
0.112695 0.313198 0.389222 0.0646816 0.120205
0.0999708 0.681999 0.024871 0.0177725 0.175387
0.174226 0.527242 0.0557008 0.0825202 0.160311
0.0798305 0.394617 0.32162 0.0444193 0.159513
0.125276 0.319891 0.339237 0.0162168 0.199378
0.0455886 0.66412 0.180018 0.0026913 0.107583
0.0264362 0.364178 0.45886 0.0300232 0.120503
0.0134054 0.386597 0.504897 9.9991E-05 0.0950005
0.0483252 0.119863 0.61236 9.9991E-05 0.219352
0.152098 0.720188 9.9982E-05 9.9982E-05 0.127514
0.200935 0.532783 9.9991E-05 0.0762879 0.189893
0.600977 0.145514 0.0742644 9.9991E-05 0.179144
0.114705 0.638552 0.10807 0.0127842 0.125888
0.109693 0.442517 0.0890738 0.260218 0.0984983
0.152052 0.449279 0.127542 9.9991E-05 0.271027
0.129049 0.557438 0.100011 0.0952431 0.118258
0.412102 9.9982E-05 0.239287 9.9982E-05 0.348411
0.490989 9.9982E-05 0.144069 9.9982E-05 0.364742
0.374066 0.292877 0.15416 9.9991E-05 0.178797
0.41916 9.9982E-05 0.244207 9.9982E-05 0.336433
0.266071 9.9982E-05 0.262072 9.9982E-05 0.471657
0.299986 0.298856 0.22759 0.0765591 0.097009
0.220786 0.366222 0.130838 9.9991E-05 0.282054
0.272975 0.232899 0.155325 9.9991E-05 0.3387
0.399191 0.0511083 0.207596 9.9991E-05 0.342005
0.118821 0.478119 0.172681 0.0485251 0.181854
0.455441 0.11253 0.176363 0.00928255 0.246384
0.431332 9.9982E-05 0.0666455 9.9982E-05 0.501822
0.00160212 0.626045 0.172642 0.0610008 0.138711
0.175351 0.245703 0.30491 0.116953 0.157084
9.9991E-05 0.419245 0.180272 0.0688027 0.331581
9.9982E-05 0.557708 0.267026 9.9982E-05 0.175066
0.0249248 0.540747 0.217939 0.00890145 0.207488
9.9982E-05 0.51342 0.281985 9.9982E-05 0.204394
0.0378234 0.352865 0.261702 9.9991E-05 0.34751
9.9991E-05 0.511951 0.195807 0.0604732 0.231669
0.00234903 0.448765 0.286542 0.0166904 0.245654
0.0955836 0.295066 0.233647 0.0464386 0.329264
0.0745476 0.386754 0.151972 0.217212 0.169515
0.0171257 0.516101 0.177705 0.0441553 0.244913
0.0692748 0.556845 0.204245 0.0130048 0.15663
0.0170311 0.687057 0.0942464 0.102483 0.0991831
0.0026949 0.412283 0.243318 0.0329192 0.308785
0.0556903 0.538768 0.216357 9.9991E-05 0.189085
0.227763 0.108728 0.255915 9.9991E-05 0.407494
0.0771514 0.416473 0.312285 0.0075672 0.186524
0.157005 0.171224 0.365348 9.9991E-05 0.306322
0.0641014 9.9991E-05 0.00958064 0.134499 0.791719
9.9982E-05 0.127675 9.9982E-05 0.76883 0.103295
9.997E-05 9.997E-05 9.997E-05 0.9996 9.997E-05
9.9973E-05 9.9973E-05 9.9973E-05 0.99669 0.00300989
9.9982E-05 0.0699791 0.00194394 0.927877 9.9982E-05
9.9973E-05 9.9973E-05 0.0388282 0.960872 9.9973E-05
9.9973E-05 0.0858934 9.9973E-05 0.913807 9.9973E-05
9.9973E-05 9.9973E-05 9.9973E-05 0.969042 0.0306578
9.9973E-05 9.9973E-05 9.9973E-05 0.801184 0.198516
9.9991E-05 0.0182953 0.0185541 0.0353569 0.927694
9.9991E-05 0.0516713 0.0202182 0.122652 0.805358
0.0398066 0.00564272 0.0424954 0.011618 0.900437
0.0379994 0.00876105 9.9991E-05 0.103054 0.850086
9.9982E-05 9.9982E-05 0.0577512 0.044416 0.897633
9.9982E-05 0.0356675 9.9982E-05 0.0631594 0.900973
0.0596676 0.0178301 0.131952 0.0061417 0.784409
0.0240123 0.0508145 0.0445883 9.9991E-05 0.880485
9.9991E-05 0.0997132 0.054789 0.132541 0.712857
9.9982E-05 0.0304548 0.0458496 9.9982E-05 0.923496
9.9982E-05 0.00892002 9.9982E-05 0.0533341 0.937546
0.0104736 0.0784419 0.0279006 0.0156153 0.867569
9.9973E-05 9.9973E-05 9.9973E-05 0.0248337 0.974866
9.9982E-05 0.0513643 0.0140158 9.9982E-05 0.93442
9.9991E-05 0.0794383 0.0455754 0.0288494 0.846037
9.9982E-05 0.145289 0.011798 9.9982E-05 0.842713
9.9982E-05 0.0997044 0.112709 9.9982E-05 0.787386
9.9982E-05 0.144119 0.0533248 9.9982E-05 0.802356
9.9982E-05 0.108979 0.0492429 9.9982E-05 0.841578
0.256979 0.405426 0.0551507 0.105735 0.17671
0.134371 0.711357 9.9991E-05 0.0311022 0.12307
0.112764 0.576484 0.120553 0.0393327 0.150866
0.69186 0.16357 0.0442248 0.00372298 0.0966213
0.167091 0.567025 9.9991E-05 0.0953026 0.170481
0.645411 0.0760241 0.0587477 9.9991E-05 0.219717
0.200478 0.55062 0.149207 0.0414856 0.0582102
0.25716 0.441011 9.9991E-05 0.13609 0.165639
0.238446 0.576884 9.9991E-05 0.100694 0.0838767
0.250917 0.648858 9.9991E-05 0.0483853 0.0517398
0.231146 0.583516 9.9991E-05 0.114996 0.070242
0.086958 0.655024 0.0671678 0.0483136 0.142536
0.0649623 0.65266 0.0358221 0.110346 0.136209
0.393622 0.0715148 0.0800746 0.454688 9.9991E-05
0.848393 9.9982E-05 9.9982E-05 0.0586227 0.0927842
0.638241 0.175884 0.0647855 0.0123884 0.108701
0.102954 0.659555 9.9991E-05 0.0421204 0.195271
0.194696 0.619686 9.9982E-05 9.9982E-05 0.185418
0.257923 0.570642 0.0117307 0.0406832 0.119021
0.105127 0.732918 0.0407252 9.9991E-05 0.12113
0.0766112 0.551702 0.124742 9.9991E-05 0.246844
9.9991E-05 0.594585 0.182979 0.0585754 0.163761
0.135079 0.173019 0.177744 0.114939 0.399219
0.0672291 0.693383 9.9991E-05 0.106819 0.132469
0.0985601 0.444665 0.158558 0.0572527 0.240965
0.386328 9.9982E-05 0.174366 9.9982E-05 0.439105
0.176913 0.35677 0.199722 9.9991E-05 0.266495
0.0956993 0.357334 0.185151 9.9991E-05 0.361716
9.9991E-05 0.428305 0.100869 0.125969 0.344756
0.000570228 0.474268 0.230459 0.125964 0.168739
0.0740194 0.415159 0.262123 0.00857316 0.240126
0.0431223 0.593639 0.170665 9.9991E-05 0.192474
0.101637 0.489332 0.158357 0.0982574 0.152416
0.0296623 0.351513 0.149899 9.9991E-05 0.468826
