0.055431 0.0422384 0.902067 9.9991E-05 0.000163898
9.9982E-05 0.0318459 0.942599 0.0253554 9.9982E-05
0.0371558 0.0174914 0.807271 9.9991E-05 0.137982
0.109471 0.124103 0.757522 9.9991E-05 0.00880344
0.0988577 9.9991E-05 0.865777 0.00617518 0.0290904
0.0610492 0.0437679 0.637031 0.192199 0.0659524
0.0238073 0.0152974 0.831444 0.129351 9.9991E-05
0.0156338 0.102651 0.786717 0.0948975 9.9991E-05
9.9982E-05 0.106228 0.831565 0.062007 9.9982E-05
0.0749725 9.9991E-05 0.688883 0.138026 0.0980184
9.999E-05 0.0814516 0.788019 0.128021 0.00240794
0.0694337 0.476435 9.9991E-05 0.144352 0.30968
0.076328 0.24692 0.0587965 9.9991E-05 0.617855
0.110838 0.405765 0.0607697 0.213784 0.208843
0.22318 0.310994 0.0229297 0.12025 0.322647
0.0944886 0.176738 0.135958 0.106752 0.486063
0.109374 0.0892287 0.0694221 0.0685871 0.663388
0.132558 0.247206 9.9991E-05 0.10271 0.517426
0.0756064 0.34455 0.124596 0.0597657 0.395481
0.0604247 0.624185 0.0721047 0.209709 0.0335769
0.0719442 0.30133 0.0448539 0.10434 0.477532
0.0759877 0.0871903 0.0833363 0.305349 0.448137
9.999E-05 0.231322 0.11446 0.0374229 0.616696
0.132864 0.357214 9.9991E-05 0.187968 0.321854
0.0969485 0.0594752 0.0845205 0.0626647 0.696391
0.127509 0.235108 0.0337351 0.0824592 0.521189
0.131415 0.475634 9.9991E-05 0.161714 0.231137
0.234917 0.435074 9.9991E-05 0.137724 0.192184
9.9991E-05 0.375368 0.0235163 0.241341 0.359675
0.0611305 9.9982E-05 0.840607 9.9982E-05 0.0980623
0.0312244 9.9982E-05 0.821124 9.9982E-05 0.147451
0.00559815 0.015569 0.795252 9.9991E-05 0.183481
0.135525 9.9982E-05 0.714136 9.9982E-05 0.150139
0.0325679 0.115553 0.0262794 0.180703 0.644897
0.0130367 0.0707336 0.104349 0.115105 0.696776
9.9982E-05 9.9982E-05 0.0315416 0.258307 0.709951
0.0431404 0.587476 0.0811306 0.0741951 0.214058
0.0817005 0.0743578 9.9991E-05 0.451995 0.391846
0.0180108 0.102298 0.129482 0.218219 0.53199
0.0264281 9.9991E-05 0.0410035 0.14184 0.790628
0.0328178 0.144783 0.13501 0.0866234 0.600765
9.9991E-05 0.0394036 0.162823 0.0847016 0.712972
9.9991E-05 0.286405 0.0176343 0.405479 0.290381
0.093858 0.0300256 0.0827939 0.213746 0.579577
0.0193319 0.0315794 0.0951653 0.190804 0.66312
0.00330602 0.06704 0.131814 0.0937021 0.704138
9.9973E-05 9.9973E-05 9.9973E-05 0.496253 0.503447
0.0732666 0.0216389 0.0163175 0.19851 0.690267
0.112679 0.0533167 0.136628 0.0456039 0.651773
9.9982E-05 0.0481689 0.0992092 0.852422 9.9982E-05
9.9982E-05 0.504575 9.9982E-05 0.276646 0.218579
0.011233 0.264097 0.0743472 0.541901 0.108422
0.16025 0.186523 0.120181 0.0122214 0.520825
0.16557 0.0885292 0.0566485 0.0638181 0.625434
0.0815014 0.131622 0.0252881 0.151921 0.609667
9.9991E-05 0.426541 0.0853751 0.232554 0.25543
0.0267465 0.134997 0.0727436 0.0641773 0.701336
0.144504 0.0622376 0.0857973 0.111432 0.59603
0.0359953 0.218443 0.14012 0.188049 0.417393
0.0489542 0.381519 0.21138 0.239423 0.118724
9.9991E-05 0.112357 0.107729 0.0916152 0.688198
0.0308251 0.282349 0.120985 0.157627 0.408214
9.9991E-05 0.517597 0.0260247 0.30304 0.153239
9.9991E-05 0.250444 0.0147553 0.109214 0.625487
0.112534 0.128149 0.0209947 0.132206 0.606117
0.109987 0.250011 0.0454323 0.0475872 0.546982
0.0518912 0.254816 0.024845 0.273924 0.394524
0.0531484 0.135025 0.0772993 0.216877 0.517651
0.0231323 0.176233 0.0771801 0.0677316 0.655722
9.9991E-05 0.382355 0.0280338 0.291687 0.297824
9.9982E-05 0.127649 9.9982E-05 0.172607 0.699543
9.9982E-05 0.104623 9.9982E-05 0.437944 0.457233
0.0187586 0.0823068 0.0483653 0.155065 0.695504
9.9982E-05 0.04549 9.9982E-05 0.786987 0.167323
9.9982E-05 0.0712677 9.9982E-05 0.757558 0.170974
9.9982E-05 0.00824719 9.9982E-05 0.486584 0.504968
9.9991E-05 0.151761 0.021129 0.222782 0.604228
0.0597608 0.0702687 0.141831 0.108713 0.619427
0.00123674 0.0177482 0.0166384 0.326211 0.638165
9.9982E-05 0.296874 9.9982E-05 0.34142 0.361505
9.9991E-05 0.36555 0.0326299 0.228899 0.37282
0.0526823 0.124204 0.118248 0.0926737 0.612192
9.9991E-05 0.151859 0.0120916 0.375449 0.4605
9.9991E-05 0.125309 0.0571478 0.245483 0.57196
9.9991E-05 0.00478193 0.0104583 0.45512 0.52954
0.00134853 0.0686311 9.9991E-05 0.775117 0.154804
0.0650721 0.210081 0.0144938 0.0851766 0.625176
9.9982E-05 0.0886714 0.797441 9.9982E-05 0.113688
9.9973E-05 9.9973E-05 0.91334 9.9973E-05 0.0863599
0.0427945 9.9982E-05 0.862746 9.9982E-05 0.0942597
0.0263402 9.9991E-05 0.928836 0.0094321 0.0352916
0.000584089 9.9991E-05 0.87618 0.023292 0.0998436
0.0335319 9.9991E-05 0.894304 0.0100939 0.0619704
9.9982E-05 0.0191633 0.889892 9.9982E-05 0.0907448
0.0298752 0.0931002 0.0839081 0.214478 0.578639
0.0218279 0.0540936 0.164142 0.0557137 0.704223
9.9982E-05 0.10551 9.9982E-05 0.652923 0.241367
0.0326983 9.9991E-05 0.147552 0.140105 0.679544
9.9982E-05 0.198623 9.9982E-05 0.198215 0.602962
9.9991E-05 0.0268865 0.0609095 0.235125 0.676979
0.00613958 0.03441 0.0539382 0.283875 0.621637
0.0330112 9.9982E-05 9.9982E-05 0.313872 0.652917
9.9991E-05 0.316063 0.0191502 0.54322 0.121467
0.00767223 9.9991E-05 0.212955 0.192372 0.586901
9.9982E-05 9.9982E-05 0.114532 0.115007 0.770262
0.116746 0.107199 0.0953348 0.134823 0.545898
0.0237873 9.9982E-05 9.9982E-05 0.536906 0.439106
0.00231371 9.9991E-05 0.0414366 0.319642 0.636507
9.9982E-05 0.137755 9.9982E-05 0.182518 0.679528
0.0102867 0.0421889 9.9991E-05 0.453907 0.493517
0.0234545 0.12444 0.0123334 0.25558 0.584192
0.0348616 0.163148 0.155591 0.0963132 0.550087
0.0474431 0.344348 9.9991E-05 0.272259 0.33585
0.10834 0.291789 0.104759 0.123674 0.371438
0.0439142 0.223551 0.0870996 9.9991E-05 0.645336
0.0671198 0.195219 0.0865742 0.0535718 0.597516
9.9982E-05 0.377719 0.0733644 9.9982E-05 0.548717
0.0444846 0.332327 9.9991E-05 0.0577423 0.565346
0.0156585 0.438331 0.0325761 9.9991E-05 0.513335
0.0502953 0.20819 0.0741987 0.0865647 0.580751
0.0521559 0.261203 0.0914711 9.9991E-05 0.59507
9.9991E-05 0.169482 0.0555973 0.090687 0.684133
9.9982E-05 0.393086 9.9982E-05 0.00619421 0.60052
0.136026 0.175836 0.0552816 0.0555486 0.577307
0.0343197 0.0836279 0.142519 0.115522 0.624011
0.105472 0.273719 9.9982E-05 9.9982E-05 0.620609
0.0591927 0.14615 0.0471695 0.0595429 0.687945
0.150273 0.195966 9.9991E-05 0.164333 0.489329
0.0182691 0.277269 0.101186 0.194545 0.408731
0.0738138 0.204776 0.0552872 0.00331801 0.662805
0.0602259 0.148866 0.0566874 0.0409859 0.693235
0.0633759 0.423968 9.9991E-05 0.184246 0.328311
0.0643535 0.270138 0.0476659 0.404683 0.21316
0.0281207 0.274814 9.9991E-05 0.0480168 0.648949
0.0760259 0.355318 9.9991E-05 0.488795 0.0797607
0.0209332 0.444099 0.0245264 0.174695 0.335747
9.9982E-05 0.318536 9.9982E-05 0.10953 0.571734
9.9991E-05 0.450731 0.0254187 0.124983 0.398767
0.017926 0.511306 0.0383279 0.0212439 0.411197
0.110644 0.156826 0.0825753 9.9991E-05 0.649855
0.0527816 0.138841 0.162869 0.077623 0.567885
9.9991E-05 0.261444 0.102792 0.0143398 0.621325
0.0675972 0.465412 0.00998755 0.328724 0.128279
0.0257184 0.035976 0.226549 0.131259 0.580498
0.0960187 0.0561856 0.0673681 0.280094 0.500334
0.00955005 0.140351 0.179193 0.652706 0.0182002
0.024941 0.00829165 0.141496 0.0855812 0.73969
0.0287927 0.0473579 0.146619 0.340764 0.436467
0.126757 0.0161892 0.0914519 0.236302 0.5293
0.0681164 0.0891269 0.143006 0.394267 0.305484
9.9991E-05 0.132973 0.137954 0.445999 0.282973
9.9991E-05 0.159447 0.069405 0.271157 0.499892
0.100657 0.0386292 0.0900003 0.148932 0.621782
0.0499061 0.178933 0.175308 0.147995 0.447858
0.193336 0.109346 0.0808272 0.589001 0.0274897
0.02771 0.106655 0.118202 0.22051 0.526923
9.9982E-05 0.0876054 9.9982E-05 0.410701 0.501494
0.0928489 0.0396115 0.0220679 0.365126 0.480346
0.18013 0.0212244 0.13343 0.169491 0.495726
0.374298 0.0804936 0.321949 0.126356 0.0969039
0.140788 9.9982E-05 0.622463 0.23655 9.9982E-05
0.191919 9.9982E-05 0.505199 0.302682 9.9982E-05
0.408895 0.0783854 0.399454 0.0837447 0.0295209
0.0380988 0.0549637 9.9991E-05 0.208656 0.698181
0.0848331 0.0550705 0.0636817 0.133325 0.663089
0.699667 9.9973E-05 9.9973E-05 9.9973E-05 0.300033
0.485955 0.180877 9.9991E-05 0.0438979 0.28917
0.468231 0.0591215 0.154116 0.0272858 0.291246
0.0859117 0.00263236 0.0293702 0.552226 0.32986
0.0380994 0.117472 0.0641652 0.251055 0.529208
0.064592 0.0475885 9.99922E-05 0.638946 0.248773
0.0513732 9.9991E-05 0.0377374 0.235625 0.675165
9.9991E-05 0.0402123 0.0535873 0.33765 0.56845
0.0513395 0.0524016 0.0731583 0.194311 0.628789
0.0231982 0.061756 0.0244046 0.651015 0.239627
0.084706 0.0478689 0.038367 0.153025 0.676033
0.104701 9.9991E-05 0.0740439 0.321879 0.499276
0.986333 9.9973E-05 9.9973E-05 0.013367 9.9973E-05
0.886299 0.0188036 9.9982E-05 9.9982E-05 0.0946979
0.622482 9.9991E-05 0.0638453 0.0238684 0.289704
0.713445 9.9982E-05 0.0220905 9.9982E-05 0.264265
0.832091 0.0195549 0.00680561 9.9991E-05 0.141448
0.9996 9.997E-05 9.997E-05 9.997E-05 9.997E-05
0.939028 0.0565831 0.0041893 9.9982E-05 9.9982E-05
0.901681 9.9973E-05 9.9973E-05 9.9973E-05 0.0980187
0.931779 0.0484729 9.9982E-05 9.9982E-05 0.019548
0.9996 9.997E-05 9.997E-05 9.997E-05 9.997E-05
0.9996 9.997E-05 9.997E-05 9.997E-05 9.997E-05
0.782582 0.0184011 0.030772 9.9991E-05 0.168145
0.811036 0.101733 9.9982E-05 9.9982E-05 0.0870312
0.965809 0.0338912 9.9973E-05 9.9973E-05 9.9973E-05
0.460562 0.203741 0.0170626 0.0137719 0.304862
0.660499 0.0125368 0.0467417 9.9991E-05 0.280122
0.758071 0.082273 9.9991E-05 0.000164421 0.159392
0.883196 0.0148455 9.9982E-05 9.9982E-05 0.101758
0.9996 9.997E-05 9.997E-05 9.997E-05 9.997E-05
0.89086 9.9982E-05 0.0433777 9.9982E-05 0.065562
0.9996 9.997E-05 9.997E-05 9.997E-05 9.997E-05
0.650624 0.0437298 0.0231573 0.0191331 0.263355
0.935351 9.9991E-05 0.00381423 0.0328363 0.0278981
0.0532853 9.9982E-05 0.41883 0.527684 9.9982E-05
0.119544 0.0952601 0.232762 0.163276 0.389159
0.0249285 9.9991E-05 0.315284 0.129417 0.530271
0.211242 0.0234646 0.286312 0.391962 0.0870186
0.10606 9.9991E-05 0.253816 0.205967 0.434057
0.241676 9.9991E-05 0.262794 0.402089 0.0933408
0.20201 0.0790131 0.175089 0.162135 0.381753
0.226312 9.9991E-05 0.206034 0.249647 0.317907
0.180765 0.0261864 0.21666 0.186126 0.390262
0.268849 9.9991E-05 0.15132 0.244446 0.335285
0.171312 0.0910268 0.195623 0.085963 0.456074
0.0162298 0.0903703 0.829933 0.0349928 0.0284744
0.0531864 9.9973E-05 0.946514 9.9973E-05 9.9973E-05
9.9982E-05 0.0194313 0.974727 9.9982E-05 0.00564167
9.9982E-05 0.0196662 0.91505 9.9982E-05 0.0650835
0.00989061 0.0724055 0.889336 9.9991E-05 0.0282679
0.0959115 9.9982E-05 0.900549 0.00333919 9.9982E-05
0.0953615 0.0176381 0.862123 9.9991E-05 0.0247771
0.00326909 0.0565856 0.909689 0.0303568 9.9991E-05
9.9982E-05 9.9982E-05 0.928825 0.0116112 0.0593641
0.0878928 0.0283642 0.85688 9.9991E-05 0.0267631
9.9982E-05 0.25761 0.592278 0.149913 9.9982E-05
9.9982E-05 0.361459 0.569356 0.0689849 9.9982E-05
9.9982E-05 0.272794 0.528476 0.19853 9.9982E-05
9.9982E-05 0.309005 0.497885 0.19291 9.9982E-05
0.038535 0.183707 0.0265416 0.150638 0.600579
0.0439837 0.114029 9.9991E-05 0.202238 0.639649
0.0346052 0.0718873 0.0952477 0.188638 0.609622
9.9991E-05 0.331474 0.0383279 0.146315 0.483784
0.0503188 0.616547 9.9991E-05 0.141202 0.191833
0.100401 0.0636876 0.0570799 0.0899831 0.688848
9.9982E-05 0.0562691 9.9982E-05 0.252362 0.691169
0.0278155 0.116993 9.9991E-05 0.264693 0.590398
0.00525415 0.00562874 9.9991E-05 0.446872 0.542146
0.0385764 0.101018 0.0499451 0.0978683 0.712592
0.000272061 0.188744 9.9991E-05 0.258134 0.552749
9.9982E-05 0.171548 9.9982E-05 0.726626 0.101627
0.00984856 0.142946 0.0768326 0.12696 0.643413
9.9991E-05 0.00616511 0.0284119 0.581851 0.383472
9.9982E-05 0.0854988 9.9982E-05 0.185638 0.728663
9.9982E-05 0.270608 9.9982E-05 0.457358 0.271834
0.0135464 0.706874 0.125082 0.154398 9.9991E-05
9.9991E-05 0.715411 0.112712 0.107434 0.0643431
0.000975664 0.833709 0.0213479 0.143867 9.9991E-05
9.9982E-05 0.781806 0.096882 0.121112 9.9982E-05
0.0147274 0.830204 9.9991E-05 0.101069 0.0539005
0.116692 0.809389 0.0345829 0.0274613 0.0118744
0.0409029 9.9982E-05 0.87316 9.9982E-05 0.0857369
0.0885184 0.0758005 0.807595 9.9991E-05 0.0279859
0.0856872 9.9982E-05 0.785899 9.9982E-05 0.128214
0.190465 0.116594 0.69274 9.9982E-05 9.9982E-05
0.0782538 0.0317745 0.794563 9.9991E-05 0.0953086
9.9982E-05 0.540806 0.375278 0.0837164 9.9982E-05
9.9982E-05 0.425864 0.451879 0.122058 9.9982E-05
9.9982E-05 0.433346 0.435535 0.130919 9.9982E-05
0.0225027 0.011283 0.817702 9.9991E-05 0.148412
9.9982E-05 0.47792 0.370939 0.150941 9.9982E-05
0.39456 0.0151642 0.244472 0.0570473 0.288756
0.320674 0.131375 0.0526721 0.0299372 0.465341
0.318879 9.9982E-05 0.173499 9.9982E-05 0.507423
0.279082 0.106721 0.248982 0.119076 0.24614
0.243026 0.1156 0.157802 0.0430816 0.44049
0.346977 9.9982E-05 0.492764 0.16006 9.9982E-05
9.9991E-05 0.345499 0.0114931 0.115675 0.527233
0.0136943 0.29217 9.9991E-05 0.316232 0.377803
9.9991E-05 0.488848 0.116966 0.0527098 0.341377
0.020959 0.1226 0.0252409 0.304224 0.526976
9.9973E-05 0.187816 9.9973E-05 0.811884 9.9973E-05
0.079337 0.171921 0.0546025 0.119401 0.574739
0.0153434 0.240095 0.0494626 0.134547 0.560552
9.9991E-05 0.450377 0.0727592 0.0906848 0.386079
0.100167 0.263128 0.041917 0.0654417 0.529346
9.9982E-05 0.277923 9.9982E-05 0.52005 0.201827
0.0508103 0.168762 0.0432299 0.228715 0.508483
0.0655347 0.35263 9.9991E-05 0.0509739 0.530761
0.255958 0.155084 0.0624709 0.188901 0.337587
0.0660133 0.300182 9.9991E-05 0.236534 0.397171
0.06004 0.275338 0.000102252 0.158505 0.506015
0.121417 0.097973 0.0614152 0.202912 0.516283
9.9991E-05 0.14053 0.0156097 0.211739 0.632021
0.102644 0.189797 0.0218786 0.00917676 0.676504
0.101811 0.1401 0.0780452 0.0102945 0.669749
0.123198 0.178366 0.0521054 0.0802544 0.566077
0.104731 9.9982E-05 0.773678 9.9982E-05 0.121391
0.038714 9.9991E-05 0.865758 0.013876 0.0815519
0.0330928 0.105321 0.775976 0.0796172 0.00599281
0.0521238 0.0530839 0.824729 0.0590473 0.0110162
0.0557044 9.9982E-05 0.835687 9.9982E-05 0.108409
0.0859808 0.622267 9.9991E-05 0.136966 0.154686
0.159293 0.219703 0.0662648 0.125863 0.428876
0.189351 9.9991E-05 0.244114 0.0945045 0.471931
0.139663 0.163745 0.00442088 0.0558826 0.636289
0.0328045 0.330429 0.0083223 0.0148874 0.613557
0.0548137 0.307169 9.9991E-05 0.309047 0.32887
9.9991E-05 0.611975 0.137292 0.224848 0.025786
0.0920518 0.343402 0.0250556 9.9991E-05 0.539391
0.0745174 0.511731 0.0560745 0.187106 0.170571
0.123477 0.188272 0.0323884 0.228243 0.427619
9.9991E-05 0.540559 0.121569 0.153046 0.184726
0.0650999 0.181306 0.110747 0.0285014 0.614346
0.0407359 0.48674 0.0537233 0.17626 0.242541
0.0473288 0.303295 0.059671 0.1523 0.437405
0.112062 0.136446 0.0499881 0.217258 0.484244
9.9991E-05 0.150445 0.0766934 0.437334 0.335428
0.0711793 0.0507419 0.0927923 0.230149 0.555137
0.0379658 0.103897 0.127393 0.103265 0.627479
9.9991E-05 0.113915 0.0564508 0.428968 0.400566
0.146532 0.113844 0.0839816 0.194253 0.461389
0.0300809 9.9991E-05 0.103714 0.211711 0.654394
9.9991E-05 0.0939913 0.0137881 0.743512 0.148609
9.9982E-05 9.9982E-05 0.0582876 0.627707 0.313805
9.9991E-05 0.0562985 0.0821835 0.249658 0.61176
9.9991E-05 0.12077 0.0465915 0.625696 0.206842
9.9991E-05 0.0755444 0.0190463 0.346924 0.558385
0.0453003 0.666245 9.9991E-05 0.119517 0.168838
9.9982E-05 0.321998 9.9982E-05 0.315281 0.362522
0.106749 0.523877 9.9991E-05 0.0471706 0.322103
0.0785561 0.2114 0.0218945 0.00577816 0.682371
9.9982E-05 0.5431 9.9982E-05 0.161434 0.295266
0.144109 0.180568 0.0369353 0.162766 0.475622
0.110866 0.214988 0.0406003 9.9991E-05 0.633446
0.141177 0.362657 9.9991E-05 0.0335883 0.462477
0.104399 0.314639 0.0149389 0.0270638 0.538959
9.9991E-05 0.321306 0.00840383 0.155383 0.514807
0.0678429 0.552077 9.9991E-05 0.0300551 0.349925
0.0741512 0.503303 9.9991E-05 0.0247686 0.397678
0.068516 0.145998 0.0262346 0.0676515 0.6916
0.047691 0.101489 0.128006 0.0493455 0.673468
0.119136 0.247662 0.0177929 0.183399 0.43201
0.0751112 0.242783 9.9991E-05 0.0712991 0.610707
0.0706637 0.426018 0.0125889 0.11096 0.379769
9.9982E-05 0.249188 0.0570786 9.9982E-05 0.693534
0.114264 0.323797 0.0204891 0.0212059 0.520244
0.165197 0.0989116 0.0580895 0.175133 0.502668
0.0785557 0.0162187 0.409477 9.9991E-05 0.495648
0.305954 9.9991E-05 0.138091 0.118704 0.437151
0.143136 0.0949544 0.177814 0.0721653 0.511931
0.100844 0.0878021 0.086726 0.114512 0.610115
0.256849 9.9991E-05 0.211958 0.0527944 0.478299
0.0875374 0.166885 9.9991E-05 0.205585 0.539892
0.161584 0.216281 0.137255 9.9991E-05 0.48478
0.195258 0.0227562 0.272504 0.509382 9.9991E-05
0.240374 0.12368 0.0581059 0.086869 0.490971
0.1832 0.0740317 0.0494208 0.110393 0.582954
0.227182 0.170751 0.060109 0.0845424 0.457416
0.133442 0.103412 0.19861 0.264662 0.299875
0.175087 9.9991E-05 0.19075 0.0858489 0.548214
0.179624 0.0290509 0.187627 0.0399427 0.563756
0.195594 9.9982E-05 0.515761 0.288445 9.9982E-05
0.248812 0.0431987 0.191851 9.9991E-05 0.516038
0.220605 9.9991E-05 0.233537 0.0492565 0.496501
0.205792 0.0285375 0.128348 0.152899 0.484424
0.219023 0.0468834 0.209379 0.0119657 0.512748
0.273934 0.0253634 0.168735 0.0824083 0.449559
0.0745372 0.0391272 0.0464981 0.340752 0.499086
0.0792882 0.0848215 0.126743 0.127282 0.581866
9.9982E-05 0.0558997 9.9982E-05 0.801362 0.142538
9.9982E-05 0.0764935 9.9982E-05 0.823857 0.09945
0.0854033 0.141728 0.000284476 0.212958 0.559627
0.375185 0.0280747 0.132307 0.107095 0.357338
0.374924 9.9991E-05 0.122816 0.227146 0.275015
0.334794 9.9991E-05 0.254271 0.291871 0.118964
0.308379 9.9991E-05 0.220724 0.126429 0.344368
0.162543 9.9991E-05 0.0769002 0.6946 0.0658567
0.117204 9.9991E-05 0.118344 0.551999 0.212352
0.201473 0.0441328 0.0130329 0.269471 0.47189
0.176086 0.00840867 0.0342837 0.308768 0.472454
0.125314 0.0340703 0.102398 0.473656 0.264562
0.182016 0.0801655 0.031809 0.184399 0.52161
0.149747 0.0256886 0.0730059 0.19049 0.561069
0.127783 0.0278484 0.19427 0.121439 0.52866
9.9991E-05 0.0345798 0.031125 0.480962 0.453233
0.0630856 0.148869 9.9991E-05 0.4038 0.384146
0.0510674 0.0528346 0.0159479 0.256948 0.623202
0.141906 0.160767 0.0418643 0.292976 0.362488
0.140371 0.0675121 0.140158 0.240603 0.411357
9.9982E-05 9.9982E-05 0.00493476 0.383304 0.611561
0.00557961 0.0332762 9.9991E-05 0.660732 0.300312
9.9982E-05 9.9982E-05 0.0662574 0.196973 0.73657
0.0614548 0.020632 0.0103532 0.611069 0.296491
0.018548 0.0339915 0.0945574 0.401592 0.451311
0.0396629 9.9991E-05 0.0929853 0.195998 0.671254
0.0991484 0.0266004 0.021876 0.297896 0.554479
0.243637 0.0784118 0.148622 0.151422 0.377906
0.0963076 0.0918989 0.173405 0.27067 0.367719
0.241341 0.0505541 0.162033 0.153151 0.392921
0.241423 0.0447923 0.19685 0.152657 0.364278
0.187335 0.0950375 0.160244 0.0944059 0.462978
0.241353 9.9991E-05 0.151528 0.124656 0.482363
0.17525 9.9982E-05 0.245632 0.578918 9.9982E-05
0.218802 9.9991E-05 0.123473 0.0633968 0.594228
0.182404 9.9982E-05 0.392875 0.424521 9.9982E-05
0.259152 9.9991E-05 0.0661887 0.165408 0.509151
9.9973E-05 9.9973E-05 9.9973E-05 0.789436 0.210264
0.0131148 0.0786009 9.9991E-05 0.87856 0.0296238
0.00482877 9.9982E-05 9.9982E-05 0.422819 0.572152
0.0852537 9.9991E-05 0.00889881 0.188924 0.716824
9.9982E-05 0.0235716 9.9982E-05 0.493442 0.482786
0.0168899 9.9982E-05 9.9982E-05 0.383232 0.599678
0.0465113 9.9982E-05 9.9982E-05 0.359367 0.593922
0.0693964 9.9991E-05 0.818422 0.0648016 0.0472801
0.124861 0.117306 0.70703 0.0507028 9.9991E-05
0.0627766 0.0261042 0.910919 9.9982E-05 9.9982E-05
9.9973E-05 9.9973E-05 0.940913 9.9973E-05 0.0587876
9.9991E-05 0.0845723 0.0726936 0.167161 0.675473
0.0773292 0.0760935 0.031643 0.263056 0.551878
9.9982E-05 0.0595108 9.9982E-05 0.23775 0.702539
9.9991E-05 0.069931 0.117275 0.151363 0.661331
0.0383848 0.130476 0.0776475 0.199054 0.554438
0.0258289 0.143119 9.9991E-05 0.42447 0.406482
0.04722 9.9991E-05 0.0435671 0.188098 0.721015
9.9982E-05 9.9982E-05 0.030629 0.53365 0.435521
0.173565 0.0322105 0.283984 9.9991E-05 0.51014
0.127563 0.0800271 9.9991E-05 0.285105 0.507204
9.9991E-05 0.165051 0.003274 0.302081 0.529494
9.9982E-05 0.0746665 9.9982E-05 0.249886 0.675248
9.9982E-05 0.153873 9.9982E-05 0.377302 0.468625
9.9973E-05 9.9973E-05 9.9973E-05 0.247972 0.751728
9.9991E-05 0.0334403 0.0620683 0.136585 0.767806
9.9973E-05 9.9973E-05 9.9973E-05 0.697268 0.302432
9.9982E-05 0.0598452 9.9982E-05 0.508696 0.431259
9.9991E-05 0.0408526 0.015769 0.425593 0.517686
9.9973E-05 9.9973E-05 9.9973E-05 0.955188 0.0445125
0.00632022 0.16845 0.0755381 0.203189 0.546503
9.9973E-05 9.9973E-05 9.9973E-05 0.716464 0.283236
9.9982E-05 9.9982E-05 0.0132987 0.931539 0.0549622
0.0438869 0.0371177 0.0421871 0.215732 0.661076
9.9982E-05 0.173168 9.9982E-05 0.45545 0.371182
0.0629801 0.136518 9.9991E-05 0.226212 0.57419
0.278798 9.9991E-05 0.0917655 0.131666 0.497671
9.9991E-05 0.12323 0.00197968 0.177234 0.697456
0.117859 0.278795 9.9991E-05 0.28976 0.313486
9.9982E-05 0.116199 9.9982E-05 0.190604 0.692997
0.018988 0.133816 0.0395396 0.170709 0.636948
9.9973E-05 9.9973E-05 9.9973E-05 0.513888 0.485813
0.0503318 0.0220309 0.109137 0.232912 0.585589
9.9991E-05 0.268857 0.654739 0.0595009 0.0168025
9.9991E-05 0.048372 0.760693 0.145856 0.0449782
9.9982E-05 0.13015 0.841317 0.028333 9.9982E-05
9.9982E-05 0.123327 0.83184 0.0446331 9.9982E-05
9.9982E-05 0.200135 0.719908 9.9982E-05 0.0797574
9.9982E-05 0.284466 9.9982E-05 0.372502 0.342832
9.9991E-05 0.216421 0.0346662 0.44447 0.304343
9.9973E-05 9.9973E-05 9.9973E-05 0.656932 0.342768
0.166171 0.0923996 0.108047 0.0818416 0.551541
9.9991E-05 0.0757281 0.12531 0.129577 0.669285
9.9982E-05 9.9982E-05 0.0738704 0.502609 0.423321
0.00977371 0.100662 9.9991E-05 0.217987 0.671477
0.00664954 0.00740748 0.0867771 0.376024 0.523142
0.00793339 0.0314305 0.0151814 0.187275 0.75818
0.047092 0.158136 9.9991E-05 0.113716 0.680956
9.9982E-05 0.174308 9.9982E-05 0.398165 0.427326
9.9982E-05 0.0652376 9.9982E-05 0.384177 0.550385
9.9982E-05 0.225961 9.9982E-05 0.220672 0.553167
0.0149624 9.9991E-05 0.102222 0.17723 0.705485
9.9991E-05 0.127583 0.0172228 0.289749 0.565345
9.9991E-05 0.0941379 0.0114467 0.251578 0.642737
0.46754 9.9991E-05 0.0610695 0.0885972 0.382693
0.406394 9.9991E-05 0.194704 0.0511115 0.347691
0.419528 9.9991E-05 0.0859827 0.00615882 0.488231
0.460498 9.9982E-05 0.201448 9.9982E-05 0.337855
0.380178 9.9991E-05 0.127578 0.0741811 0.417963
0.0796695 9.9991E-05 0.00456501 0.374483 0.541182
0.72296 0.0114216 0.261602 0.00391687 9.9991E-05
0.448218 9.9991E-05 0.186068 0.0380582 0.327556
0.199304 0.0162507 0.166269 0.19068 0.427496
9.9991E-05 0.0616271 0.193471 0.163308 0.581494
0.114326 0.101358 0.109373 0.295097 0.379846
0.0555375 0.0668278 0.152118 0.1165 0.609017
0.0491772 0.0699841 0.119197 0.118312 0.64333
0.502332 9.9982E-05 0.180695 9.9982E-05 0.316773
0.474797 0.0980702 0.0942975 9.9991E-05 0.332736
0.477788 9.9991E-05 0.061154 0.0243171 0.43664
0.372698 0.0957588 0.0948871 0.0761252 0.360531
0.539857 0.00867879 0.114574 0.021308 0.315583
0.32149 9.9991E-05 0.193895 0.0189636 0.465551
0.619223 9.9991E-05 0.108691 0.0455762 0.22641
0.491686 0.12707 9.9982E-05 9.9982E-05 0.381043
0.116614 0.0339172 0.083407 0.226691 0.53937
0.388661 0.0613787 0.158857 0.00629348 0.38481
0.594319 9.9982E-05 0.233685 9.9982E-05 0.171797
0.421979 0.0317752 0.0924721 0.140036 0.313738
0.0247699 0.220374 0.201414 0.324785 0.228658
0.141294 9.9991E-05 0.040986 0.263636 0.553984
0.313423 0.0466229 0.209548 9.9991E-05 0.430306
0.0178627 0.150126 0.16294 0.086246 0.582825
0.0140811 0.00607521 0.243037 0.206991 0.529816
0.211929 9.9991E-05 0.226106 0.188257 0.373609
0.274951 9.9991E-05 0.303649 0.123063 0.298237
0.159212 0.112875 0.110892 0.0665808 0.550441
0.426517 0.0784679 0.170572 0.00369277 0.32075
0.521167 0.0125997 0.051628 9.9991E-05 0.414505
0.633848 9.9991E-05 0.246043 0.0266447 0.0933644
0.110515 0.0116906 0.191202 0.137936 0.548657
9.9991E-05 0.0872577 0.166773 0.151242 0.594628
0.13005 0.0541785 0.146146 0.562093 0.107532
0.0897646 0.0647476 0.143825 0.058463 0.6432
0.00379718 0.200793 0.115388 0.211015 0.469008
0.121844 9.9991E-05 0.245556 0.157996 0.474504
0.11816 0.173089 0.127228 0.0698626 0.51166
0.240985 9.9982E-05 0.361268 0.397547 9.9982E-05
0.163718 9.9982E-05 0.383548 0.452534 9.9982E-05
0.134152 9.9991E-05 0.237185 0.340693 0.28787
0.250113 0.0147884 0.337618 0.397381 9.9991E-05
0.273759 9.9982E-05 0.476068 0.249973 9.9982E-05
0.0825541 9.9991E-05 0.161018 0.337459 0.41887
0.184022 9.9991E-05 0.259868 0.177069 0.37894
0.135817 9.9991E-05 0.311938 0.336188 0.215956
0.175959 9.9991E-05 0.296718 0.402004 0.125219
0.180246 0.136292 0.158303 0.0650214 0.460138
0.154158 9.9991E-05 0.230813 0.423539 0.19139
0.0866594 9.9982E-05 0.528461 0.384679 9.9982E-05
0.216994 0.0872224 0.215101 9.9991E-05 0.480583
0.272723 0.0121225 0.219884 0.121249 0.374022
0.23412 0.0373373 0.284949 9.9991E-05 0.443494
0.360349 9.9982E-05 0.124197 9.9982E-05 0.515254
0.240481 0.0143595 0.143531 0.0461734 0.555454
0.250937 9.9991E-05 0.192622 0.0561069 0.500235
0.273034 0.0511557 0.341634 9.9991E-05 0.334076
0.202607 0.0454391 0.226518 9.9991E-05 0.525335
0.293716 0.0188361 0.25687 9.9991E-05 0.430478
0.32351 9.9991E-05 0.288374 0.154746 0.233271
0.14418 0.0862204 0.2163 0.207868 0.345431
0.120808 0.162761 0.176625 0.0136383 0.526167
0.110962 9.9991E-05 0.244915 0.0624767 0.581546
0.104951 0.0675717 0.117358 0.0212677 0.688852
0.291695 0.0605673 0.304109 0.00186365 0.341765
0.220698 9.9991E-05 0.223661 0.0519557 0.503586
0.302913 9.9991E-05 0.382607 0.204365 0.110015
0.212905 0.0659853 0.146704 0.0531561 0.521249
0.340443 9.9991E-05 0.266116 0.226603 0.166738
9.9982E-05 0.143056 0.789017 0.0677263 9.9982E-05
0.0181164 0.74828 0.0998198 0.0480278 0.0857559
9.997E-05 0.9996 9.997E-05 9.997E-05 9.997E-05
9.997E-05 0.9996 9.997E-05 9.997E-05 9.997E-05
0.0010362 0.998664 9.9973E-05 9.9973E-05 9.9973E-05
0.0152832 0.939668 9.9982E-05 9.9982E-05 0.0448486
9.9973E-05 0.951827 9.9973E-05 9.9973E-05 0.0478735
9.9973E-05 0.977317 0.0223828 9.9973E-05 9.9973E-05
0.0137501 0.794726 0.191324 9.9982E-05 9.9982E-05
9.9982E-05 9.9982E-05 0.904808 0.00370902 0.0912826
9.9982E-05 0.135113 0.79217 9.9982E-05 0.0725169
0.0536946 9.9991E-05 0.903645 0.0238025 0.0187579
9.9991E-05 0.146584 0.824083 0.0157594 0.0134742
0.0445232 0.0411311 0.899618 9.9991E-05 0.014628
9.9982E-05 0.0585074 0.914864 0.0264284 9.9982E-05
0.12943 0.0718998 0.777789 9.9991E-05 0.020781
0.0448962 9.9991E-05 0.860762 0.0507968 0.0434449
0.0888654 0.0888448 0.732613 0.0262379 0.0634388
0.0887421 9.9982E-05 0.908409 0.00264928 9.9982E-05
9.9973E-05 9.9973E-05 0.949318 0.0503826 9.9973E-05
0.0552304 0.0759124 0.828236 0.0276045 0.0130163
0.0109986 0.0534312 0.93537 9.9982E-05 9.9982E-05
0.0477576 9.9982E-05 0.888429 9.9982E-05 0.0636131
0.00874341 9.9982E-05 0.864357 9.9982E-05 0.1267
0.0163718 9.9982E-05 0.858822 9.9982E-05 0.124606
0.165308 9.9982E-05 0.791492 9.9982E-05 0.0430001
0.0908531 9.9982E-05 0.782199 9.9982E-05 0.126748
0.0622233 9.9982E-05 0.830551 9.9982E-05 0.107026
0.0907703 0.0753464 0.132521 0.326877 0.374485
9.9991E-05 0.036196 0.0962008 0.083592 0.783911
0.0945817 0.0372824 0.218672 0.0846404 0.564824
0.0495872 9.9991E-05 0.123363 0.698843 0.128107
0.0456831 0.159235 0.143714 0.0692985 0.58207
0.0791344 9.9991E-05 0.197002 0.646854 0.0769094
0.0265801 9.9991E-05 0.148172 0.110342 0.714806
9.9991E-05 0.204701 0.114315 0.197621 0.483263
9.9991E-05 0.000995816 0.154779 0.27876 0.565365
0.0742611 0.115747 9.9991E-05 0.265271 0.544621
9.9991E-05 0.163266 0.0997068 0.170397 0.566531
9.9991E-05 0.02604 0.10073 0.108201 0.764929
0.00378258 0.0676418 0.190017 0.0881214 0.650437
0.088161 0.481722 9.9991E-05 0.357729 0.0722887
9.9982E-05 0.0487679 0.153354 0.797678 9.9982E-05
0.000864434 0.0144279 0.145974 0.599124 0.239609
0.0881415 0.0524788 0.117319 0.103705 0.638356
0.0230402 0.0214797 0.175973 0.210906 0.568601
0.0220489 0.0294683 0.171162 0.215331 0.56199
9.9991E-05 0.0154204 0.10965 0.144497 0.730333
0.163771 0.0174699 0.252949 9.9991E-05 0.56571
0.199958 0.0445941 0.184619 9.9991E-05 0.570729
0.204934 0.162207 0.397415 0.113639 0.121806
0.137727 0.101325 0.104993 0.0512986 0.604657
0.194044 0.120973 0.235465 9.9991E-05 0.449418
0.179258 9.9982E-05 0.464834 0.355708 9.9982E-05
0.181997 9.9991E-05 0.364009 0.095569 0.358326
0.170699 0.0154303 0.34586 0.107361 0.360649
0.0849819 0.20729 0.293147 9.9991E-05 0.414481
0.249732 0.0841647 0.135263 0.000898621 0.529941
0.200405 0.00689373 0.23171 0.0640312 0.49696
0.0566708 9.9982E-05 0.265955 9.9982E-05 0.677174
0.18154 9.9991E-05 0.187379 0.21863 0.41235
0.163124 0.0894736 0.45762 0.0056079 0.284175
