0.878631 0.0354952 0.0162812 0.0183742 9.9973E-05 0.0509181 9.9973E-05 9.9973E-05
0.939378 9.9973E-05 0.0339014 0.020483 9.9973E-05 0.000594538 9.9973E-05 0.00534281
0.842675 0.0131172 0.0435473 0.0420858 0.0414085 0.0151919 0.00187446 9.9991E-05
0.802197 0.0213813 0.152925 0.00698793 9.9973E-05 9.9973E-05 0.0162096 9.9973E-05
0.866896 0.0289509 0.0654046 9.9964E-05 9.9964E-05 9.9964E-05 0.0383484 9.9964E-05
0.570115 0.0356526 9.9982E-05 9.9982E-05 0.0212029 0.0383 0.298685 0.0358444
0.696342 9.9955E-05 9.9955E-05 9.9955E-05 0.0319063 9.9955E-05 0.271252 9.9955E-05
0.616105 0.043264 9.9955E-05 9.9955E-05 9.9955E-05 9.9955E-05 0.340131 9.9955E-05
0.794457 0.1569 9.99549E-05 9.99549E-05 0.0481432 9.99549E-05 9.99549E-05 9.99549E-05
0.664061 0.0341013 9.9982E-05 9.9982E-05 0.0312609 0.0194428 0.249581 0.00135295
0.661997 0.00928369 9.9964E-05 9.9964E-05 9.9964E-05 9.9964E-05 0.300789 0.0275308
0.0011505 0.402143 0.172816 0.14892 0.0665976 0.0244453 0.183827 9.9991E-05
0.0489328 0.216183 0.493936 0.0635861 9.9982E-05 0.0352607 0.141901 9.9982E-05
9.9982E-05 0.402354 0.228207 0.120073 0.0604232 0.083156 0.105587 9.9982E-05
0.00492919 0.433307 0.185443 0.106558 9.9982E-05 0.146097 0.123466 9.9982E-05
0.0817863 0.25458 0.366011 0.0418854 9.9982E-05 0.106851 0.148686 9.9982E-05
0.00770846 0.185243 0.51126 0.0628776 0.0377338 0.103081 0.0919967 9.9991E-05
9.9982E-05 0.212107 0.377054 0.15785 9.9982E-05 0.0799328 0.13832 0.0345354
0.0609523 0.329679 0.214536 0.111255 0.0261378 0.0733987 0.18394 9.9991E-05
9.9964E-05 0.609213 9.9964E-05 0.0735625 0.0398067 9.9964E-05 0.277018 9.9964E-05
0.0110986 0.260869 0.382082 0.129303 0.0232291 0.0525005 0.114242 0.0266747
0.0278124 0.135351 0.44937 0.0293926 0.164178 0.0273776 0.109825 0.0566944
0.00973179 0.163601 0.493855 0.164688 0.0220727 0.0223692 0.123583 9.9991E-05
9.9973E-05 0.373413 0.103993 0.151333 9.9973E-05 0.0995858 0.271375 9.9973E-05
0.13625 0.0240159 0.613059 0.0461136 9.9991E-05 0.0415057 0.0797653 0.0591903
0.0335532 0.206453 0.468499 0.120947 0.0587015 0.0111605 0.100586 9.9991E-05
9.999E-05 0.46363 0.147453 0.112756 0.00645261 0.048487 0.210132 0.01099
9.9982E-05 0.347142 0.20265 0.174804 0.0219468 0.0847207 0.168536 9.9982E-05
9.9973E-05 0.408031 0.158881 0.11448 0.0625414 9.9973E-05 0.255767 9.9973E-05
0.757972 9.9955E-05 9.9955E-05 9.9955E-05 9.9955E-05 0.0178857 0.223643 9.9955E-05
0.731095 9.9955E-05 9.9955E-05 9.9955E-05 9.9955E-05 0.023584 0.244821 9.9955E-05
0.722157 9.9964E-05 0.0274657 9.9964E-05 9.9964E-05 0.0842573 0.165721 9.9964E-05
0.685231 9.9973E-05 0.131514 0.000896585 9.9973E-05 0.0755013 0.106557 9.9973E-05
0.0256653 0.108509 0.305847 0.208229 9.9991E-05 0.0263666 0.315195 0.0100888
0.0478265 0.0171191 0.344299 0.378432 9.9991E-05 0.118479 0.0728385 0.0209057
0.0523318 9.9973E-05 0.508579 0.392061 0.0417068 0.00502186 9.9973E-05 9.9973E-05
0.0249768 0.606303 0.223611 0.0759266 0.00581455 9.9991E-05 0.044602 0.0186661
9.9955E-05 9.9955E-05 0.258034 0.490591 0.250875 9.9955E-05 9.9955E-05 9.9955E-05
0.0759139 0.145985 0.48595 0.240814 9.9973E-05 0.051037 9.9973E-05 9.9973E-05
0.0124317 9.9973E-05 0.626004 0.236027 9.9973E-05 9.9973E-05 0.120563 0.00467453
9.9973E-05 0.04654 0.254379 0.074466 9.9973E-05 0.0348136 0.589502 9.9973E-05
0.00684127 0.0373821 0.420009 0.142722 9.9991E-05 0.049169 0.336968 0.00680913
0.0252245 0.159114 0.0162464 0.688625 0.0162408 9.9982E-05 0.0943494 9.9982E-05
9.9973E-05 9.9973E-05 0.500279 9.9973E-05 0.0675706 0.0240895 0.381809 0.0259522
0.024031 0.0142867 0.516738 0.258445 0.0417038 0.0452842 0.0691197 0.0303915
0.0664282 0.0116447 0.523485 0.0973056 0.0596153 0.0256741 0.196094 0.0197532
9.9964E-05 9.9964E-05 0.289168 0.513033 0.157103 9.9964E-05 9.9964E-05 0.0402967
0.0830749 0.016139 0.539256 0.293608 0.0236991 0.0440231 9.9982E-05 9.9982E-05
0.123858 0.0218836 0.424117 0.174784 9.9991E-05 0.0472567 0.114682 0.0933184
9.9955E-05 0.0247125 9.9955E-05 0.470249 0.504539 9.9955E-05 9.9955E-05 9.9955E-05
9.9982E-05 0.557261 0.124891 0.111169 0.0182248 9.9982E-05 0.129588 0.0586653
9.9973E-05 0.248941 0.273534 0.0684926 0.35388 9.9973E-05 9.9973E-05 0.0548523
0.0911577 0.0776592 0.633764 0.0102362 0.0928129 0.0233701 9.9991E-05 0.0709003
0.0971963 0.0456389 0.628854 0.0381726 0.11465 0.00411735 0.0528942 0.0184767
0.108525 0.0567598 0.614581 0.0279985 0.0835262 0.0515882 0.0129339 0.0440871
0.0836587 0.46975 0.19814 0.110463 0.0824453 9.9982E-05 0.0553431 9.9982E-05
0.0159064 0.335791 0.540917 0.0440024 0.0313664 0.0200184 0.0118974 9.9991E-05
0.0356089 0.129702 0.49123 0.115773 9.9991E-05 0.0712679 0.121997 0.0343214
0.092538 0.257322 0.344247 0.0943289 0.0131077 0.0243368 0.10254 0.0715794
0.114149 0.422047 0.0956059 0.138238 0.100506 0.0237578 0.105597 9.9991E-05
0.0679388 0.169257 0.512677 0.0686669 0.0487139 0.0557365 0.0365388 0.0404711
0.0586445 0.218567 0.408479 0.131694 0.0180135 0.0260401 0.0941044 0.0444573
0.0276854 0.517684 0.0481786 0.127134 0.130866 9.9991E-05 0.137104 0.0112469
0.00695819 0.332855 0.421867 0.154013 9.9982E-05 9.9982E-05 0.0518836 0.0322236
0.0154713 0.0716637 0.585378 0.0862986 0.083945 0.0546549 0.0464342 0.056154
0.0647692 0.162489 0.63504 0.0342213 0.0213233 0.0183869 0.0636707 9.9991E-05
0.0496404 0.348849 0.187959 0.173219 0.0378797 0.0583225 0.14403 9.9991E-05
0.0420452 0.182097 0.488534 0.107769 0.0548202 0.0258958 0.0775555 0.021284
0.0408365 0.186983 0.476146 0.0729301 0.0242622 0.0621813 0.0770318 0.0596289
0.0181255 0.455347 0.233998 0.150007 0.0881608 9.9991E-05 0.0520948 0.00216742
9.9973E-05 0.0378494 0.313982 0.549763 9.9973E-05 0.0240775 0.0740276 9.9973E-05
0.0115803 0.0458958 9.9973E-05 0.827967 9.9973E-05 0.029732 0.0845249 9.9973E-05
0.10874 0.053126 0.464361 0.246482 0.0256567 0.0317057 0.0534952 0.0164332
9.9946E-05 9.9946E-05 9.9946E-05 0.728842 0.270558 9.9946E-05 9.9946E-05 9.9946E-05
9.9946E-05 9.9946E-05 9.9946E-05 0.745532 0.253869 9.9946E-05 9.9946E-05 9.9946E-05
9.9964E-05 9.9964E-05 0.189751 0.663798 0.119673 9.9964E-05 9.9964E-05 0.0263778
0.060681 0.0418936 0.350233 0.506376 0.00747193 0.0144811 0.0187633 9.9991E-05
0.0844128 0.0920302 0.548971 0.119884 9.9991E-05 0.0554198 0.0524681 0.0467145
9.9973E-05 9.9973E-05 0.414855 0.52226 0.036164 0.00733951 9.9973E-05 0.0190818
0.0503052 0.180636 0.0139922 0.695432 9.9982E-05 0.0220305 0.0374044 9.9982E-05
9.9973E-05 0.140291 0.143933 0.580864 9.9973E-05 9.9973E-05 0.10248 0.0321321
0.0733915 0.0325495 0.451979 0.310024 0.0169008 0.074954 0.0191996 0.0210017
0.0100521 0.0821704 0.15043 0.614249 9.9982E-05 0.0438198 0.0990782 9.9982E-05
9.9982E-05 0.0580399 0.306761 0.521417 9.9982E-05 0.017506 0.0711411 0.0249351
9.9964E-05 9.9964E-05 0.412323 0.455563 0.118724 9.9964E-05 9.9964E-05 0.0129902
9.9955E-05 9.9955E-05 9.9955E-05 0.552227 0.413558 9.9955E-05 9.9955E-05 0.0337151
0.0163416 9.9991E-05 0.535871 0.301312 0.0271691 0.0735632 0.0194951 0.0261476
0.795237 0.086094 0.0643572 9.9973E-05 9.9973E-05 0.0172347 0.0367772 9.9973E-05
0.894952 9.9955E-05 0.102304 9.9955E-05 9.9955E-05 0.00224425 9.9955E-05 9.9955E-05
0.834037 0.00328707 0.152648 9.9964E-05 9.9964E-05 0.00962745 9.9964E-05 9.9964E-05
0.888709 9.9964E-05 0.0363844 9.9964E-05 0.0116554 0.0628515 9.9964E-05 9.9964E-05
0.908479 9.9973E-05 9.9973E-05 0.0241728 9.9973E-05 0.0473807 0.000752168 0.0189157
0.845591 9.9964E-05 0.0882386 9.9964E-05 9.9964E-05 0.0527729 9.9964E-05 0.0129973
0.898464 9.9955E-05 0.100817 9.9955E-05 9.9955E-05 9.9955E-05 0.000219053 9.9955E-05
0.0814054 0.100788 0.507774 0.194259 0.0097578 0.0494583 0.0431082 0.0134489
0.121042 0.0582135 0.530936 0.183935 0.0141607 0.0320962 0.0455243 0.0140928
0.0226666 0.213973 9.9982E-05 0.687708 0.0237938 9.9982E-05 0.0194449 0.0322137
0.0695267 0.060792 0.489914 0.188383 0.0086329 0.0626259 0.0838492 0.0362768
0.00982833 0.117536 0.292499 0.519329 9.9973E-05 9.9973E-05 0.0605078 9.9973E-05
0.0338122 0.0489895 0.398683 0.413007 9.9982E-05 0.042008 0.0633005 9.9982E-05
0.0431321 9.9991E-05 0.579603 0.263695 0.0908525 0.00287786 0.00337099 0.0163678
0.0309785 9.9982E-05 0.427024 0.41012 0.0571739 0.0530362 9.9982E-05 0.0214676
0.0145159 0.269986 9.9964E-05 0.687558 0.0275404 9.9964E-05 9.9964E-05 9.9964E-05
0.0659969 0.141567 0.450013 0.167646 9.9991E-05 0.0648854 0.0842429 0.0255486
0.0516182 0.0384339 0.629219 0.165636 9.9991E-05 0.00371352 0.0878268 0.0234516
0.0812117 0.060136 0.498895 0.134675 0.0322852 0.0075859 0.153026 0.032185
9.9973E-05 9.9973E-05 0.211524 0.471974 0.216722 9.9973E-05 0.0586332 0.0408468
9.9973E-05 9.9973E-05 0.464075 0.378337 0.0424638 0.0223626 9.9973E-05 0.0924621
9.9964E-05 0.155716 0.360251 0.450954 9.9964E-05 9.9964E-05 0.0326792 9.9964E-05
9.9973E-05 9.9973E-05 0.277505 0.535598 0.0616798 0.0176049 9.9973E-05 0.107313
0.0500848 0.119443 0.318311 0.408561 9.9982E-05 9.9982E-05 0.0858536 0.0175465
0.092806 0.109593 0.53805 0.181278 0.0707578 9.9982E-05 0.00731583 9.9982E-05
0.0148092 0.337385 0.396375 9.9982E-05 0.209152 0.00116534 9.9982E-05 0.0409141
0.055532 0.335405 0.437957 9.9973E-05 0.0667498 9.9973E-05 0.104056 9.9973E-05
0.0955712 0.193484 0.524945 0.03504 0.044028 0.0595977 0.0458119 0.00152209
0.103648 0.116677 0.610462 0.0298769 0.0810322 0.0228623 9.9991E-05 0.0353404
0.0129674 0.335612 0.456173 0.0982842 0.0365523 0.000764488 0.0595464 9.9991E-05
0.0408762 0.223212 0.620329 0.0431209 0.0113709 0.00400542 0.0339367 0.023149
0.0736976 0.386984 0.474186 0.0116311 0.0115481 9.9991E-05 0.0298488 0.0120042
0.0633014 0.162524 0.587565 0.0521123 0.134197 9.9973E-05 9.9973E-05 9.9973E-05
0.0513746 0.223447 0.578089 0.0153654 0.0685585 0.0629653 9.9982E-05 9.9982E-05
0.0396106 0.242804 0.609961 0.00500007 0.033298 9.9991E-05 0.0590928 0.0101336
0.0245177 0.282348 0.57318 0.0579136 9.9973E-05 9.9973E-05 0.0617409 9.9973E-05
0.0550432 0.136057 0.637646 9.9991E-05 0.0765618 0.0433835 0.025468 0.0257396
0.106475 0.100415 0.636475 0.0453328 0.0657267 0.0294078 9.9991E-05 0.0160681
9.9973E-05 0.183762 0.627393 9.9973E-05 0.0940276 0.0467983 9.9973E-05 0.0477191
0.109993 0.0726387 0.6199 0.0375748 0.0278047 0.0583986 0.0219821 0.0517077
0.0227267 0.126473 0.613097 0.0383938 0.0366948 0.0431256 9.9991E-05 0.119389
0.0775981 0.239695 0.413126 9.9973E-05 0.245562 9.9973E-05 9.9973E-05 0.0237183
0.0484285 0.153038 0.634453 0.0358726 0.0644636 0.0343226 9.9991E-05 0.0293214
0.0212319 0.100506 0.720815 9.9982E-05 0.11499 0.0205125 9.9982E-05 0.0217451
9.9982E-05 0.524982 0.1387 0.146161 9.9982E-05 0.039178 0.106425 0.0443547
9.9973E-05 0.291742 0.232857 0.0188408 0.347715 9.9973E-05 9.9973E-05 0.108545
0.0603519 0.175936 0.492076 0.100185 0.0560525 0.0191168 0.0860293 0.0102526
9.9973E-05 0.323202 0.153861 0.00654661 0.384607 9.9973E-05 9.9973E-05 0.131483
9.9973E-05 0.457807 0.321043 0.0972166 9.9973E-05 9.9973E-05 0.103764 0.0198701
9.9973E-05 0.42171 0.451499 0.0932003 9.9973E-05 9.9973E-05 0.00970321 0.0235875
0.0163416 0.418193 0.365551 0.149841 0.0110021 9.9991E-05 0.0382894 0.000682381
9.9973E-05 0.496049 0.305158 0.0850124 9.9973E-05 9.9973E-05 0.0755012 0.0379793
0.0578622 0.17477 0.612828 0.0943659 0.00390249 9.9991E-05 0.0553873 0.000784102
0.108444 0.145819 0.565164 0.0759577 0.0304207 0.0125637 0.0149895 0.0466405
0.0357719 0.20006 0.571307 0.0671614 0.0132225 0.0260752 0.0737113 0.0126913
9.9973E-05 0.350701 0.278292 0.027354 0.316067 9.9973E-05 9.9973E-05 0.0272854
0.152491 0.114379 0.493152 0.0596012 0.0452495 0.0215871 0.096486 0.0170535
0.0539384 0.042635 0.484157 0.0538759 0.196029 0.0303156 0.0778312 0.0612183
0.0711504 0.0867083 0.000375986 0.0682654 0.657887 9.9991E-05 0.0508897 0.0646228
0.0770213 0.00926833 0.591211 0.0873932 0.111117 0.0636849 0.0602043 9.9991E-05
0.0727107 0.0624663 0.336579 0.090017 0.344791 9.9991E-05 0.053335 0.0400015
0.127573 9.9982E-05 0.507502 9.9982E-05 0.13457 0.0472467 0.0848426 0.0980654
0.0153091 0.125665 0.263776 9.9982E-05 0.425148 9.9982E-05 0.137326 0.0325763
0.000290481 0.168085 0.0810213 0.0175835 0.482374 9.9991E-05 0.156527 0.0940189
0.0193295 0.0846642 0.398813 0.0385265 0.275699 0.00215296 0.133941 0.0468745
0.125431 0.0383114 0.463903 0.0768737 0.126289 0.0549722 0.0773716 0.0368488
0.150832 0.120396 0.382523 0.0932112 0.10548 0.0642426 0.00773961 0.075575
0.0292516 0.100682 0.220954 0.0815097 0.489133 0.0174839 9.9991E-05 0.0608867
0.0754393 0.0689543 0.529117 0.0140063 0.0984367 0.0755443 0.0768752 0.0616273
9.9982E-05 0.11618 0.331646 0.0792638 0.380816 9.9982E-05 0.0518165 0.0400777
9.9982E-05 0.0704484 0.474021 0.0881201 0.29311 9.9982E-05 0.0259402 0.0481597
0.0778692 0.0708846 0.517204 0.075269 0.0717513 0.0788898 0.0901983 0.0179334
0.322346 9.9973E-05 0.118734 9.9973E-05 0.219497 0.247264 0.0918589 9.9973E-05
0.430036 9.9955E-05 9.9955E-05 9.9955E-05 0.437137 0.132327 9.9955E-05 9.9955E-05
0.413699 9.9955E-05 9.9955E-05 9.9955E-05 0.453709 0.132092 9.9955E-05 9.9955E-05
0.313001 9.9973E-05 0.110811 9.9973E-05 0.271242 0.241621 0.0630244 9.9973E-05
9.9982E-05 0.00921964 0.572062 0.104762 0.133854 9.9982E-05 0.143444 0.0364583
0.0647402 0.0555614 0.635351 0.0318896 0.116395 0.017985 0.0464969 0.0315816
9.9964E-05 0.00567809 0.292753 0.026071 9.9964E-05 0.675098 9.9964E-05 9.9964E-05
0.0488919 0.0922928 0.363645 0.0591535 9.9973E-05 0.435717 9.9973E-05 9.9973E-05
0.0738097 0.0346185 0.364672 0.0468445 0.0186364 0.405755 0.0220227 0.0336414
9.9982E-05 0.0193639 0.26601 0.018184 0.399669 9.9982E-05 0.150128 0.146444
0.0902935 0.064012 0.472323 0.0900944 0.13946 0.0569973 0.0532173 0.0336028
9.9973E-05 0.0584802 0.27252 9.9973E-05 0.461874 9.9973E-05 0.134593 0.072233
0.055336 9.9982E-05 0.580877 0.0084695 0.176921 9.9982E-05 0.130703 0.0474932
0.00629276 0.0461411 0.453291 9.9991E-05 0.229823 0.0127205 0.153041 0.0985901
9.9973E-05 9.9973E-05 0.5639 0.00251709 0.206082 9.9973E-05 0.18009 0.0471109
9.9973E-05 9.9973E-05 0.191424 0.0264742 0.521242 9.9973E-05 0.222033 0.0385267
0.0389907 9.9991E-05 0.553661 0.0659056 0.0360554 0.00939122 0.219563 0.0763331
0.0892647 0.0111937 0.558459 0.0398062 0.0707295 9.9991E-05 0.115217 0.11523
9.9955E-05 9.9955E-05 9.9955E-05 9.9955E-05 9.9955E-05 0.972094 0.00596743 0.0214386
9.9973E-05 9.9973E-05 0.0100338 0.0102461 9.9973E-05 0.894841 0.0240093 0.0605698
0.0527959 0.0263872 0.26927 0.0597197 9.9982E-05 0.551048 9.9982E-05 0.0405799
9.9964E-05 0.00486519 0.366275 0.00886958 9.9964E-05 0.619591 9.9964E-05 9.9964E-05
9.9973E-05 0.00364162 0.106169 0.0662603 9.9973E-05 0.807685 0.0159441 9.9973E-05
9.994E-05 9.994E-05 9.994E-05 9.994E-05 9.994E-05 0.9993 9.994E-05 9.994E-05
9.9964E-05 0.018964 9.9964E-05 0.00559327 9.9964E-05 0.972747 9.9964E-05 0.00229546
9.9955E-05 9.9955E-05 0.141584 0.0230667 9.9955E-05 0.83485 9.9955E-05 9.9955E-05
9.9946E-05 0.0465424 9.9946E-05 9.9946E-05 9.9946E-05 0.952858 9.9946E-05 9.9946E-05
9.994E-05 9.994E-05 9.994E-05 9.994E-05 9.994E-05 0.9993 9.994E-05 9.994E-05
9.994E-05 9.994E-05 9.994E-05 9.994E-05 9.994E-05 0.9993 9.994E-05 9.994E-05
0.019114 0.0181911 0.140699 0.00871329 9.9982E-05 0.771725 0.0413572 9.9982E-05
0.0312134 0.0641336 0.0957326 0.0131083 0.00346381 0.792148 9.9982E-05 9.9982E-05
9.994E-05 9.994E-05 9.994E-05 9.994E-05 9.994E-05 0.9993 9.994E-05 9.994E-05
0.0725011 0.0544856 0.33935 0.0245598 0.0295538 0.378372 0.0488184 0.0523595
0.0219582 0.0386895 0.230614 0.00404925 9.9991E-05 0.639331 0.0541531 0.0111046
0.0189313 9.9964E-05 0.127418 0.0372622 9.9964E-05 0.815988 9.9964E-05 9.9964E-05
9.9964E-05 9.9964E-05 0.0301543 0.0439877 9.9964E-05 0.921873 0.00358567 9.9964E-05
9.994E-05 9.994E-05 9.994E-05 9.994E-05 9.994E-05 0.9993 9.994E-05 9.994E-05
9.9955E-05 9.9955E-05 0.0144766 9.9955E-05 9.9955E-05 0.956963 0.0280606 9.9955E-05
9.994E-05 9.994E-05 9.994E-05 9.994E-05 9.994E-05 0.9993 9.994E-05 9.994E-05
0.0542392 0.0113332 0.236132 0.0492441 9.9982E-05 0.628727 0.0201237 9.9982E-05
9.9964E-05 9.9964E-05 9.9964E-05 0.0160273 0.0139368 0.967925 0.00171099 9.9964E-05
0.221691 9.9973E-05 9.9973E-05 9.9973E-05 0.485642 0.0240596 0.227257 0.0410507
0.152013 0.0305703 0.347946 9.9982E-05 0.189358 0.0906822 0.18923 9.9982E-05
0.103232 9.9982E-05 0.316189 9.9982E-05 0.170559 0.0525713 0.332839 0.0244106
0.123912 9.9982E-05 0.106702 9.9982E-05 0.351535 0.109067 0.292066 0.0165192
0.107502 0.0488091 0.313745 0.121462 0.0635516 0.136753 0.194392 0.0137855
0.142123 9.9982E-05 0.0225121 9.9982E-05 0.355107 0.108934 0.347447 0.0236782
0.140888 0.00407881 0.42687 9.9991E-05 0.153746 0.0928609 0.118979 0.0624771
0.136299 9.9973E-05 0.266496 9.9973E-05 0.245814 0.0876245 0.263467 9.9973E-05
0.112345 9.9982E-05 0.39525 9.9982E-05 0.124784 0.130779 0.206746 0.0298963
0.130397 9.9982E-05 0.274663 0.0607438 0.158115 0.130882 0.245 9.9982E-05
0.145553 0.0226894 0.420664 9.9991E-05 0.107697 0.108444 0.172313 0.0225394
0.845054 0.0216771 0.0583526 9.9982E-05 0.0124525 9.9982E-05 0.0444286 0.0178349
0.870768 9.9973E-05 9.9973E-05 0.00503709 0.00229379 0.0721972 9.9973E-05 0.0494037
0.899308 0.0327224 0.0553358 9.9973E-05 0.0109591 9.9973E-05 9.9973E-05 0.00137521
0.936914 9.9955E-05 9.9955E-05 0.0173317 0.0452544 9.9955E-05 9.9955E-05 9.9955E-05
0.877766 0.0421452 0.0703253 9.9964E-05 0.00936321 9.9964E-05 9.9964E-05 9.9964E-05
0.934641 9.9964E-05 0.0489719 9.9964E-05 0.00607799 9.9964E-05 9.9964E-05 0.00990929
0.875274 0.0146234 0.0717615 9.9973E-05 9.9973E-05 0.00806563 0.0299752 9.9973E-05
0.902853 0.0675399 0.0155784 9.9964E-05 9.9964E-05 9.9964E-05 9.9964E-05 0.013629
0.870636 9.9973E-05 0.0342518 0.0300066 0.0544417 0.0103639 9.9973E-05 9.9973E-05
0.868174 9.9964E-05 0.0397731 9.9964E-05 0.0790431 0.0126103 9.9964E-05 9.9964E-05
0.556196 0.320121 9.9982E-05 0.0213419 0.0453956 9.9982E-05 0.0565107 0.000235062
0.597187 0.332908 9.9964E-05 9.9964E-05 0.0382263 9.9964E-05 9.9964E-05 0.0312795
0.512686 0.313236 9.9982E-05 0.00910958 0.0850378 9.9982E-05 0.0438592 0.035872
0.410372 0.422561 9.9982E-05 0.0167627 0.0712748 9.9982E-05 0.0770912 0.00173857
0.0330069 0.16073 0.358693 0.300437 0.0307971 0.0150256 0.101211 9.9991E-05
0.0358582 0.0901541 0.45002 0.348034 9.9991E-05 0.0274748 0.0407924 0.00756736
0.0369458 0.161056 0.459192 0.252499 9.9982E-05 0.00730966 0.0827984 9.9982E-05
0.0227774 0.264666 0.325316 0.328877 0.0161226 9.9982E-05 0.0420411 9.9982E-05
9.9991E-05 0.540044 0.181004 0.107136 0.0108631 0.0143488 0.0960033 0.0505009
0.0754051 0.0283313 0.626394 0.226848 0.0177262 0.0169048 9.9991E-05 0.00829127
9.9973E-05 0.113641 0.589035 0.262628 9.9973E-05 9.9973E-05 0.0258155 0.00858101
0.0106468 0.0046215 0.510383 0.293908 0.143679 9.9991E-05 0.0199519 0.0167094
9.9964E-05 9.9964E-05 0.337879 0.486026 0.101875 9.9964E-05 9.9964E-05 0.0738198
0.0284093 0.0529921 0.604782 0.162703 0.0795693 9.9991E-05 0.0600243 0.01142
9.9982E-05 0.0237105 0.276638 0.530057 9.9982E-05 0.0114248 0.153771 0.00419861
9.9955E-05 9.9955E-05 9.9955E-05 0.661251 0.291111 9.9955E-05 9.9955E-05 0.0471379
0.0783215 0.147045 0.548706 0.153503 0.00530463 9.9991E-05 0.00498191 0.0620373
9.9964E-05 9.9964E-05 0.123452 0.552067 0.302196 9.9964E-05 9.9964E-05 0.021885
0.0249576 0.00202802 0.488101 0.33263 0.0788753 9.9982E-05 9.9982E-05 0.073208
0.00506383 0.19254 0.0174696 0.727569 0.00105007 0.00933054 0.046877 9.9991E-05
0.128576 0.788077 9.9973E-05 9.9973E-05 0.0141752 9.9973E-05 0.037364 0.031508
0.109767 0.690918 0.0334026 9.9973E-05 9.9973E-05 9.9973E-05 0.0792558 0.0863574
0.0912551 0.755839 9.9982E-05 0.00170725 0.0131218 9.9982E-05 0.109265 0.0286113
0.114529 0.798588 9.9973E-05 9.9973E-05 0.0159909 9.9973E-05 0.0369049 0.0336872
0.0306431 0.775452 0.0960908 9.9973E-05 9.9973E-05 9.9973E-05 0.0660707 0.0314436
0.0282495 0.724794 0.0438819 9.9982E-05 9.9982E-05 0.0250746 0.143252 0.0345481
0.836936 9.9973E-05 0.0112557 0.0664793 9.9973E-05 0.0717918 9.9973E-05 0.0132372
0.803986 9.9973E-05 0.12432 0.052933 9.9973E-05 0.00165665 0.0168043 9.9973E-05
0.744167 0.00607142 0.139373 0.0195503 9.9991E-05 0.0230079 0.0433671 0.0243634
0.802118 0.00729235 9.9973E-05 0.0762238 9.9973E-05 0.0844678 0.0295979 9.9973E-05
0.740735 0.0351223 0.132732 9.9982E-05 0.00576853 0.03748 0.0479625 9.9982E-05
0.358257 0.524704 9.9973E-05 9.9973E-05 0.0299745 9.9973E-05 0.0855737 0.00119164
0.409394 0.501387 9.9964E-05 9.9964E-05 9.9964E-05 9.9964E-05 0.0542133 0.0346057
0.411315 0.466139 9.9973E-05 9.9973E-05 9.9973E-05 0.0283607 0.0363996 0.057486
0.720499 9.9955E-05 9.9955E-05 9.9955E-05 9.9955E-05 0.0068149 0.272186 9.9955E-05
0.37517 0.496262 9.9964E-05 9.9964E-05 9.9964E-05 9.9964E-05 0.051885 0.0762825
0.261571 9.9964E-05 0.316788 9.9964E-05 0.147026 0.274215 9.9964E-05 9.9964E-05
0.17073 0.0651958 0.546873 9.9973E-05 9.9973E-05 0.181746 0.0351561 9.9973E-05
0.158875 9.9982E-05 0.543098 0.000702166 9.9982E-05 0.246602 0.046863 0.00366087
0.258315 9.9973E-05 0.33451 9.9973E-05 0.139213 0.219773 0.04789 9.9973E-05
0.148988 0.0521609 0.484129 0.0337556 0.00888263 0.116978 0.0981032 0.0570028
0.393427 9.9955E-05 9.9955E-05 9.9955E-05 0.311508 0.294566 9.9955E-05 9.9955E-05
9.9973E-05 0.392006 0.427989 0.0747331 9.9973E-05 9.9973E-05 0.0659884 0.0389837
9.9973E-05 0.187199 0.476411 0.0261757 0.224442 9.9973E-05 9.9973E-05 0.0854724
9.9982E-05 0.473032 0.251774 0.133592 9.9982E-05 0.00186207 0.127381 0.0121584
9.9973E-05 0.149123 0.577298 0.00763032 0.155972 9.9973E-05 9.9973E-05 0.109676
9.9955E-05 0.342912 9.9955E-05 9.9955E-05 0.487083 9.9955E-05 9.9955E-05 0.169505
0.083195 0.106553 0.616104 0.0334935 0.0977623 9.9991E-05 0.0618239 0.000968474
0.0296261 0.149801 0.571741 0.0252487 0.0919665 9.9991E-05 0.0210324 0.110484
0.0230142 0.389691 0.329034 0.0989769 0.0907696 9.9982E-05 0.0683145 9.9982E-05
0.0753333 0.117906 0.481534 0.135772 0.0376185 0.0371323 0.114605 9.9991E-05
9.9973E-05 0.280153 0.21559 0.0654368 0.394679 9.9973E-05 9.9973E-05 0.0438415
9.9982E-05 0.154568 0.657414 0.00326672 0.148461 0.0202008 9.9982E-05 0.0158892
0.0325085 0.287507 0.494561 0.0851586 0.00548071 9.9991E-05 0.0554398 0.039244
0.0796915 0.0794445 0.442581 0.0732886 0.1873 0.133955 9.9991E-05 0.00363938
9.9973E-05 0.234471 0.374044 0.0875158 0.237479 9.9973E-05 9.9973E-05 0.0661899
9.9982E-05 0.206626 0.499622 0.0173867 0.245684 0.0147108 9.9982E-05 0.0157704
0.013677 0.154327 0.608825 0.0813318 0.0583679 9.9982E-05 9.9982E-05 0.0832715
9.9982E-05 0.171134 0.600797 0.0668228 0.119505 9.9982E-05 0.0195514 0.0219907
0.021237 0.0993675 0.582543 0.09008 0.0343299 0.0868024 0.0289807 0.0566593
0.0741926 0.144079 0.475018 0.0779934 0.0397366 0.0668573 0.0808055 0.0413171
0.0674144 0.134817 0.572528 0.0792534 0.040481 0.0248521 0.0476211 0.0330326
0.828504 9.9955E-05 0.138819 9.9955E-05 9.9955E-05 0.0321776 9.9955E-05 9.9955E-05
0.862131 9.9946E-05 0.137269 9.9946E-05 9.9946E-05 9.9946E-05 9.9946E-05 9.9946E-05
0.849668 0.0346942 0.0550157 9.9982E-05 0.00394178 9.9982E-05 0.0460396 0.0104407
0.881548 0.00983839 0.00855142 0.0289183 9.9982E-05 0.0525297 9.9982E-05 0.0184145
0.871314 9.9946E-05 0.128086 9.9946E-05 9.9946E-05 9.9946E-05 9.9946E-05 9.9946E-05
9.9982E-05 0.556564 0.112555 0.106504 0.100151 0.0525262 0.0715002 9.9982E-05
0.0348179 0.1713 0.573777 9.9982E-05 0.132916 0.0366225 9.9982E-05 0.0503678
0.15185 9.9991E-05 0.364091 0.032834 0.0680256 0.226751 0.120262 0.0360861
0.00564865 0.207421 0.607091 0.0347005 9.9991E-05 0.0679681 0.0696608 0.00741063
0.0525215 0.302546 0.517055 0.120445 9.9973E-05 0.00713273 9.9973E-05 9.9973E-05
9.9973E-05 0.257689 0.387875 0.0313806 0.296051 9.9973E-05 9.9973E-05 0.0267033
0.0482584 0.746248 0.0531368 0.0678524 0.0842043 9.9973E-05 9.9973E-05 9.9973E-05
0.0342057 0.328327 0.394503 0.111122 0.00243241 0.0366735 0.0926367 9.9991E-05
0.0221807 0.572436 0.258968 0.00051843 0.0336568 0.0483985 0.0332347 0.0306065
0.0258073 0.170952 0.486521 0.0753533 0.129207 0.0187179 0.0355463 0.0578948
0.0629523 0.626286 0.179517 0.00809209 0.0840621 9.9991E-05 0.0132196 0.0257706
0.0588642 0.24989 0.561448 0.00670792 9.9991E-05 0.0511254 0.0411173 0.0307468
0.0121917 0.521004 0.136698 0.121646 0.100507 0.0389653 0.0688882 9.9991E-05
9.9964E-05 0.320335 0.374902 9.9964E-05 0.256799 0.0475644 9.9964E-05 9.9964E-05
0.0480745 0.0694146 0.539942 0.0523338 0.106009 0.00247328 0.123589 0.0581632
9.9982E-05 0.062715 0.208574 0.0355263 0.314519 9.9982E-05 0.288941 0.0895239
0.0175112 9.9982E-05 0.463921 0.00736609 0.214573 9.9982E-05 0.257381 0.0390485
0.0555666 0.067015 0.554212 9.99887E-05 0.166333 0.0104899 0.146183 9.99887E-05
9.9982E-05 0.00894951 0.196837 0.0526354 0.383841 9.9982E-05 0.301926 0.0556114
0.0923804 0.0983044 0.551326 0.0577687 0.0758664 0.00193431 0.0907758 0.0316436
0.0107315 0.0576427 0.446768 0.0369601 0.152659 9.9991E-05 0.23393 0.0612092
9.9982E-05 0.0130195 0.134658 0.0448939 0.538104 9.9982E-05 0.1227 0.146425
9.9982E-05 0.00774064 0.102862 0.026994 0.437165 9.9982E-05 0.338891 0.086148
9.9982E-05 0.069808 0.370874 0.0299495 0.212484 9.9982E-05 0.255299 0.0613861
9.9982E-05 0.0533036 0.0109962 0.117652 0.489054 9.9982E-05 0.234118 0.0946759
9.9982E-05 0.0753984 0.375432 0.0751022 0.227732 9.9982E-05 0.220157 0.0259782
9.9973E-05 0.639401 0.204449 0.111793 0.0360441 0.00801295 9.9973E-05 9.9973E-05
9.9973E-05 0.33797 0.301615 9.9973E-05 0.227524 0.0292965 9.9973E-05 0.103295
0.0460338 0.401316 0.427984 0.0639264 9.9982E-05 0.0421135 9.9982E-05 0.0184263
0.0338942 0.262626 0.53001 0.0835191 9.9991E-05 0.058099 0.0287458 0.00300615
9.9973E-05 0.55227 0.275306 0.143932 0.027618 0.000575363 9.9973E-05 9.9973E-05
0.0486234 0.177362 0.654372 9.9964E-05 0.119243 9.9964E-05 9.9964E-05 9.9964E-05
0.0687997 0.224148 0.590624 0.0411615 9.9982E-05 0.0234802 9.9982E-05 0.0515866
9.9982E-05 0.196634 0.526582 0.0668938 0.142462 0.0626194 9.9982E-05 0.00460945
9.9991E-05 0.30421 0.491778 0.0851486 0.0235606 0.0812845 0.0137751 0.000142273
0.0148189 0.396119 0.507515 0.0509738 0.0216633 0.0087096 9.9982E-05 9.9982E-05
9.9982E-05 0.497369 0.331684 0.10872 0.0425615 0.0161469 9.9982E-05 0.00331903
9.9991E-05 0.426143 0.458826 0.0495975 0.00765996 0.0140586 0.00214562 0.0414694
9.9982E-05 0.210293 0.626741 0.00397362 0.121215 0.02464 9.9982E-05 0.0129369
0.0481865 0.122301 0.633124 0.0378129 0.0831089 0.0752662 9.9982E-05 9.9982E-05
0.0289497 0.262318 0.37123 0.0575278 0.178156 0.0763027 9.9991E-05 0.0254158
9.9982E-05 0.227812 0.517621 0.0621581 0.0700798 0.0742106 9.9982E-05 0.0479187
9.9973E-05 0.480646 0.359084 0.0771899 9.9973E-05 0.0489338 0.0338461 9.9973E-05
0.0333643 0.230901 0.586946 0.0411687 0.0502214 0.0351242 9.9991E-05 0.022174
0.0300632 0.311053 0.494305 0.0663157 9.9982E-05 0.0604889 9.9982E-05 0.0375743
0.0949797 0.105346 0.569902 0.0339337 0.0423486 0.0365698 0.0740671 0.0428531
0.290421 0.0333828 0.406144 9.9973E-05 9.9973E-05 0.1099 0.159852 9.9973E-05
0.132226 0.0476197 0.571658 0.00342395 0.10315 0.141723 9.9982E-05 9.9982E-05
0.150971 0.0894211 0.442387 0.0107256 0.10798 0.143411 0.0536024 0.00150151
0.116959 0.0783603 0.576783 0.0102992 0.109319 0.102725 9.9991E-05 0.0054544
0.176463 9.9973E-05 0.473521 0.0266176 0.149651 0.173448 9.9973E-05 9.9973E-05
9.9964E-05 0.178371 0.552488 9.9964E-05 0.155909 9.9964E-05 9.9964E-05 0.112832
0.147133 0.0588058 0.544436 0.0838132 0.0799271 0.080521 0.00182916 0.00353477
0.197104 0.0647076 0.146063 9.9973E-05 0.461216 0.130609 9.9973E-05 9.9973E-05
0.115411 0.0518096 0.605615 9.9982E-05 0.0881675 0.0903914 0.0484052 9.9982E-05
0.181352 0.0114804 0.504171 0.0726145 0.0778773 0.13916 9.9991E-05 0.0132445
0.0977528 0.025488 0.534589 0.0473924 0.0628111 0.155809 0.029292 0.0468657
0.191535 0.0176228 0.374922 0.0262173 0.249164 0.0817748 9.9991E-05 0.0586641
0.180713 0.0137198 0.536425 0.0289611 0.0357659 0.11022 0.0940946 9.9991E-05
0.148868 0.00976671 0.539515 9.9982E-05 0.142658 0.126978 9.9982E-05 0.0320147
0.430094 9.9955E-05 9.9955E-05 9.9955E-05 0.454189 0.115218 9.9955E-05 9.9955E-05
0.167898 0.073494 0.430423 0.0443108 0.0255837 0.182024 0.0761669 9.9991E-05
0.14272 9.9991E-05 0.525913 0.00373387 0.0708084 0.197072 0.0465856 0.0130678
0.109152 0.0561163 0.627825 0.0157862 0.0301764 0.0541287 0.0471657 0.0596501
0.185666 9.9973E-05 0.555072 9.9973E-05 0.0548878 0.149802 0.0542716 9.9973E-05
0.152649 0.0364192 0.396694 0.0433351 0.0154064 0.123887 0.200343 0.0312665
0.0381812 9.9982E-05 0.409606 0.0368063 9.9982E-05 0.00965627 0.0550154 0.450535
0.042112 0.0466015 0.460146 0.117339 0.00736659 0.0701697 0.0169769 0.239288
9.9955E-05 0.0242322 9.9955E-05 9.9955E-05 0.0992762 9.9955E-05 9.9955E-05 0.875992
9.9955E-05 0.0284004 9.9955E-05 9.9955E-05 0.0800362 9.9955E-05 9.9955E-05 0.891064
0.0777828 0.0695422 0.457225 9.9982E-05 9.9982E-05 0.0191567 0.0754379 0.300655
0.104901 9.9982E-05 0.258341 9.9982E-05 0.0586989 0.307917 0.0932358 0.176707
0.128506 9.9982E-05 0.266191 9.9982E-05 0.0357674 0.290312 0.0788912 0.200133
0.151225 9.9973E-05 0.139771 9.9973E-05 0.109019 0.324263 9.9973E-05 0.275422
0.124865 9.9982E-05 0.288422 9.9982E-05 0.0270055 0.251058 0.0815357 0.226913
0.0878161 9.9973E-05 9.9973E-05 9.9973E-05 0.0984185 0.0479861 0.0329623 0.732517
0.087148 9.9973E-05 0.0907066 9.9973E-05 0.0622092 0.0579769 9.9973E-05 0.701659
0.0231821 9.9973E-05 0.499641 9.9973E-05 9.9973E-05 0.0598853 0.0446048 0.372387
0.0497008 9.9973E-05 0.302563 9.9973E-05 9.9973E-05 0.142605 0.0303433 0.474488
0.0620432 9.9964E-05 0.126115 9.9964E-05 9.9964E-05 0.0546132 9.9964E-05 0.756828
0.0279795 0.0448251 0.431067 9.9982E-05 9.9982E-05 0.0808723 0.123413 0.291643
0.0315548 0.0388228 0.53777 9.9982E-05 9.9982E-05 0.0613364 0.00857998 0.321736
0.083256 0.0575974 0.488743 9.9982E-05 0.0224743 0.0805083 9.9982E-05 0.267221
9.9955E-05 9.9955E-05 0.249647 9.9955E-05 9.9955E-05 9.9955E-05 0.0576097 0.692244
0.0114324 0.0724995 0.319436 0.0385207 9.9982E-05 9.9982E-05 0.0633543 0.494557
0.0370602 0.0843847 0.489105 0.0145711 0.00161703 0.0416478 0.00359199 0.328022
0.0154518 0.0802314 0.386445 0.0589204 9.9991E-05 0.00801877 0.0946041 0.356229
0.0870832 9.9991E-05 0.469653 0.0682793 0.0164799 0.0701679 0.0452865 0.242951
0.00860072 9.9982E-05 0.38115 0.0917394 0.0206299 9.9982E-05 0.0248509 0.472829
9.9973E-05 0.0230274 0.103572 0.0100898 0.0433854 9.9973E-05 9.9973E-05 0.819625
0.00789216 9.9964E-05 0.54568 9.9964E-05 9.9964E-05 9.9964E-05 0.0588739 0.387154
9.9964E-05 0.0631157 0.0873205 0.0325522 9.9964E-05 9.9964E-05 9.9964E-05 0.816612
0.0255827 0.0165547 0.399449 9.9973E-05 9.9973E-05 9.9973E-05 0.0158229 0.542291
0.0965282 0.0370264 0.49186 0.0483929 0.00581664 9.9991E-05 0.0215671 0.298709
0.0380979 0.0290485 0.432195 0.0992432 9.9991E-05 0.0606797 0.0314244 0.309211
0.143346 9.9991E-05 0.398827 0.0727476 0.0285044 0.135864 0.137675 0.0829346
0.180181 0.0215457 0.38369 0.0811726 9.9991E-05 0.102608 0.0936004 0.137103
0.147177 9.9982E-05 0.251286 9.9982E-05 0.10283 0.258677 0.144735 0.0950939
0.157774 0.0190339 0.293439 9.9991E-05 0.116562 0.227188 0.0759948 0.109908
0.195128 0.0585143 0.391007 0.0280923 0.0770341 0.152948 0.0337195 0.0635569
0.137233 0.011745 0.345687 0.0604938 0.0311085 0.13437 0.134711 0.144651
0.140987 9.9964E-05 9.9964E-05 9.9964E-05 0.144134 0.0936002 9.9964E-05 0.620879
0.0888457 9.9982E-05 0.476584 0.000759871 9.9982E-05 0.1872 0.0827272 0.163684
0.303577 9.9964E-05 9.9964E-05 9.9964E-05 0.289297 0.104004 9.9964E-05 0.302722
0.0369767 9.9964E-05 0.460095 9.9964E-05 9.9964E-05 0.165351 9.9964E-05 0.337177
9.9955E-05 9.9955E-05 0.00561111 9.9955E-05 9.9955E-05 9.9955E-05 0.00296541 0.990924
9.9955E-05 9.9955E-05 9.9955E-05 0.0323879 0.00596194 9.9955E-05 9.9955E-05 0.96115
9.9964E-05 0.00045319 0.416146 0.00315178 9.9964E-05 9.9964E-05 9.9964E-05 0.579849
9.9955E-05 9.9955E-05 0.536188 9.9955E-05 9.9955E-05 0.0342529 9.9955E-05 0.42906
9.9946E-05 9.9946E-05 0.316832 9.9946E-05 9.9946E-05 9.9946E-05 9.9946E-05 0.682569
9.9973E-05 0.00208125 0.521998 0.0102762 9.9973E-05 0.0190633 9.9973E-05 0.446282
9.9946E-05 9.9946E-05 0.477519 9.9946E-05 9.9946E-05 9.9946E-05 9.9946E-05 0.521882
0.858837 0.0563438 0.0466937 0.0163129 0.0215124 9.9973E-05 9.9973E-05 9.9973E-05
0.714122 0.0618155 0.0269277 0.029762 0.0352697 0.0570014 0.0573207 0.0177811
0.883204 0.0259183 0.0156597 9.9973E-05 9.9973E-05 0.037631 9.9973E-05 0.0372871
0.906248 9.9964E-05 0.052806 9.9964E-05 0.0339922 9.9964E-05 9.9964E-05 0.00655399
0.0543931 9.9982E-05 0.522872 0.324053 0.0689487 0.025289 0.00424399 9.9982E-05
0.0652915 0.0460551 0.428528 0.373556 0.00230709 9.9991E-05 0.0755515 0.0086113
0.0269366 9.9964E-05 0.389844 0.506872 9.9964E-05 9.9964E-05 0.075948 9.9964E-05
0.0644817 0.0449199 0.446136 0.29189 9.9982E-05 0.0168294 0.135543 9.9982E-05
0.0606735 0.016393 0.425542 0.178303 9.9982E-05 0.063441 0.255448 9.9982E-05
0.0504919 0.103112 0.167378 0.590967 9.9982E-05 9.9982E-05 0.0796152 0.00823581
0.0212508 9.9964E-05 0.571442 0.405118 0.00178921 9.9964E-05 9.9964E-05 9.9964E-05
9.9964E-05 9.9964E-05 0.23458 0.559297 0.156703 9.9964E-05 9.9964E-05 0.0490205
0.291904 0.0831053 0.357523 9.9973E-05 9.9973E-05 0.175711 0.0914567 9.9973E-05
9.9991E-05 0.0270118 0.347346 0.410646 0.0756258 0.02051 0.00438561 0.114375
0.0221597 0.0593195 0.243822 0.638161 9.9982E-05 9.9982E-05 0.0302271 0.00611084
9.9973E-05 9.9973E-05 0.486382 0.387372 0.084459 9.9973E-05 0.0125093 0.0289779
0.00690136 0.11199 0.302641 0.528111 9.9982E-05 0.0164181 0.0337393 9.9982E-05
9.9973E-05 9.9973E-05 0.507104 0.388791 0.0246486 0.00753538 9.9973E-05 0.0716206
0.0741895 0.0610035 0.429399 0.382578 9.9991E-05 0.0113247 0.0340918 0.00731344
9.9955E-05 9.9955E-05 9.9955E-05 0.724101 0.26263 9.9955E-05 9.9955E-05 0.0127697
9.9982E-05 9.9982E-05 0.259854 0.512465 0.132721 0.0230439 0.0365885 0.0351274
9.9973E-05 9.9973E-05 0.268559 0.564753 0.0646609 0.0220898 9.9973E-05 0.0796377
9.9955E-05 9.9955E-05 9.9955E-05 0.63082 0.36461 9.9955E-05 9.9955E-05 0.00406986
0.0605287 0.085711 0.251671 0.468322 9.9973E-05 9.9973E-05 0.133467 9.9973E-05
9.9964E-05 9.9964E-05 0.0225306 0.575289 0.370969 9.9964E-05 9.9964E-05 0.0308112
9.9946E-05 9.9946E-05 9.9946E-05 0.635001 0.3644 9.9946E-05 9.9946E-05 9.9946E-05
0.0413013 9.9991E-05 0.537073 0.341078 0.0276188 0.0130471 0.00375617 0.0360251
0.0101539 0.115789 9.9982E-05 0.673677 9.9982E-05 0.0296042 0.144935 0.0256403
9.9964E-05 0.0450971 0.355916 0.500583 9.9964E-05 9.9964E-05 0.0980042 9.9964E-05
0.0761224 0.0320728 0.550825 0.169986 0.0848335 0.0746956 9.99952E-05 0.0113642
0.017964 0.0326726 0.379682 0.444026 9.9991E-05 0.0288169 0.0859084 0.0108307
9.9973E-05 0.279959 0.440432 0.0166466 0.234446 9.9973E-05 9.9973E-05 0.0282155
0.035013 0.0321929 0.459425 0.364945 9.9991E-05 0.0180377 0.0686678 0.021619
9.9964E-05 0.051878 0.395945 0.396045 9.9964E-05 9.9964E-05 0.155732 9.9964E-05
9.9964E-05 9.9964E-05 0.277003 0.562406 0.138379 9.9964E-05 9.9964E-05 0.0218123
0.0934447 0.0830269 0.442945 0.241988 0.0107727 0.00306972 0.122672 0.00208176
0.624591 0.271326 9.9955E-05 9.9955E-05 0.103583 9.9955E-05 9.9955E-05 9.9955E-05
0.728939 0.154945 9.9973E-05 0.0320251 0.0640253 9.9973E-05 9.9973E-05 0.0197663
0.800896 0.147965 9.9955E-05 9.9955E-05 0.0506395 9.9955E-05 9.9955E-05 9.9955E-05
0.789329 0.159678 9.9964E-05 9.9964E-05 0.0423612 9.9964E-05 0.00823214 9.9964E-05
0.674525 0.176466 9.9973E-05 0.011901 0.0321357 9.9973E-05 0.104672 9.9973E-05
0.0553768 0.156959 0.0306725 0.749447 9.9973E-05 0.0072444 9.9973E-05 9.9973E-05
0.0588811 0.117376 9.9964E-05 0.765158 9.9964E-05 9.9964E-05 0.0581854 9.9964E-05
9.9964E-05 9.9964E-05 0.112476 0.708591 0.17652 9.9964E-05 9.9964E-05 0.00201302
0.115966 0.00898154 0.510618 0.189955 0.0454824 0.0632617 0.0480374 0.0176981
0.09752 0.0481986 0.501857 0.198888 0.0176132 0.0596186 0.0388529 0.0374512
9.9973E-05 9.9973E-05 0.190002 0.625014 0.134142 0.00905004 0.0414926 9.9973E-05
0.0236196 9.9982E-05 0.493939 0.31553 0.0498124 0.081946 9.9982E-05 0.0349531
0.0385113 9.9991E-05 0.337926 0.437505 0.0817039 0.040592 0.00153548 0.0621259
0.0254187 0.0535052 0.404418 0.427849 9.9991E-05 0.0131312 0.0606068 0.0149717
0.0617129 0.0318076 0.548478 0.30208 9.9982E-05 0.0445855 9.9982E-05 0.0111367
9.9982E-05 0.135696 0.035679 0.70598 9.9982E-05 0.0454088 0.0633585 0.0136774
9.9964E-05 0.086084 0.168357 0.688505 9.9964E-05 9.9964E-05 0.0566534 9.9964E-05
0.00287113 0.0898017 0.160133 0.612242 9.9982E-05 0.0167513 0.118002 9.9982E-05
0.0371937 0.0645141 0.532244 9.9982E-05 0.0146974 0.000640769 0.35051 9.9982E-05
0.0090007 0.0546704 0.201318 0.585063 9.9982E-05 0.0265507 0.123197 9.9982E-05
0.0475666 0.0863301 0.296453 0.502244 9.9973E-05 9.9973E-05 0.0671062 9.9973E-05
0.0730652 0.0170172 0.362774 0.0370677 9.9991E-05 0.403972 0.0797429 0.0262608
0.118971 9.9982E-05 0.315779 0.0250756 0.089856 0.431214 0.0189049 9.9982E-05
0.0650014 0.0213374 0.468339 9.9973E-05 0.0297797 0.415243 9.9973E-05 9.9973E-05
0.142989 9.9973E-05 0.268308 9.9973E-05 0.0637157 0.493709 9.9973E-05 0.0309787
0.131784 0.0197977 0.48196 9.9991E-05 0.0562004 0.270932 0.0276631 0.011562
0.0332913 9.9991E-05 0.388747 0.171874 0.156145 0.019237 0.167639 0.0629674
0.23983 0.00112433 0.00102775 9.9973E-05 0.122259 0.635459 9.9973E-05 9.9973E-05
0.126255 9.9982E-05 0.250892 9.9982E-05 0.073061 0.495902 0.0418003 0.0118891
0.102945 9.9973E-05 0.314258 9.9973E-05 0.163295 0.144571 0.274633 9.9973E-05
0.0482382 0.0311542 0.390073 0.040491 0.046496 9.9991E-05 0.42943 0.0140174
9.9982E-05 0.0138387 0.174927 0.0236387 9.9982E-05 0.0647372 0.639953 0.0827055
0.0309157 9.9973E-05 0.38036 0.0687211 9.9973E-05 0.0342709 0.485433 9.9973E-05
0.0823968 0.0422114 0.48028 0.00213228 0.0195828 0.0358332 0.337464 9.9991E-05
0.176633 9.9982E-05 0.366278 0.00374543 0.0138115 0.438836 0.000495084 9.9982E-05
0.127848 0.0259457 0.427808 0.0267706 0.0377567 0.322168 0.0119368 0.0197658
0.0843606 0.00847554 0.420153 9.9964E-05 9.9964E-05 0.486611 9.9964E-05 9.9964E-05
0.120811 0.044533 0.442557 0.0422229 0.0264343 0.252995 0.0608436 0.0096036
0.139329 0.00506233 0.260568 0.0124971 0.107286 0.475057 9.9982E-05 9.9982E-05
0.135457 0.0198408 0.444863 0.0632074 0.0125231 0.321549 0.000493206 0.00206691
0.138307 0.0188494 0.233957 9.9991E-05 0.0338492 0.527076 0.00517638 0.0426848
0.0862912 0.0960757 0.403964 0.0197386 0.0595345 0.333214 9.9991E-05 0.00108149
0.0191771 9.9982E-05 0.333735 0.0487688 0.117596 9.9982E-05 0.46134 0.0191837
0.137473 0.0486079 0.352013 0.00622938 0.0451639 0.374723 0.0356895 9.9991E-05
0.200696 9.9964E-05 0.164967 9.9964E-05 0.0717704 0.562167 9.9964E-05 9.9964E-05
0.1219 0.0113875 0.456808 0.0233401 0.0387839 0.317395 0.015041 0.0153448
0.0229081 0.0294142 9.9982E-05 0.0838544 0.0293891 9.9982E-05 0.820326 0.0139087
9.9964E-05 9.9964E-05 0.45601 9.9964E-05 0.0645044 0.0165565 0.462529 9.9964E-05
0.145301 0.0159044 0.392236 9.9982E-05 0.0558458 0.338649 0.0518637 9.9982E-05
0.0648888 0.0493678 0.361288 9.9991E-05 0.00117427 0.0216469 0.485629 0.0159053
0.0532647 0.01911 0.204687 0.0171486 9.9991E-05 0.0220967 0.634111 0.0494825
0.193548 0.0136907 0.37695 0.0591365 0.173598 0.163719 0.0192576 9.9991E-05
0.206511 9.9982E-05 0.400692 9.9982E-05 0.109436 0.213031 0.0236392 0.0464907
0.101548 0.0659258 0.525365 0.0137851 0.0702084 0.0403525 0.161272 0.0215436
0.133224 0.0194253 0.37455 0.00240425 0.0589453 0.305832 0.102826 0.002793
0.115816 0.00486948 0.483055 9.9982E-05 0.0270433 0.351948 0.0170678 9.9982E-05
0.152668 9.9964E-05 0.145973 9.9964E-05 0.072742 0.628217 9.9964E-05 9.9964E-05
0.113242 9.9991E-05 0.529122 0.0633435 0.0309025 0.0131038 0.18342 0.0667656
0.0257532 9.9982E-05 0.173516 0.0653513 0.0165289 9.9982E-05 0.69818 0.0204706
9.9955E-05 9.9955E-05 9.9955E-05 9.9955E-05 0.406826 9.9955E-05 0.558754 0.0339198
0.0876966 0.0302541 0.432266 0.0544613 0.0193026 0.0656215 0.310298 9.9991E-05
0.0582008 0.142947 0.388899 0.0182066 0.172205 9.9991E-05 0.152618 0.066823
0.177967 0.00509855 0.510317 0.0303547 0.13661 0.139453 9.9982E-05 9.9982E-05
0.15661 0.0222855 0.551662 0.00218174 0.161456 0.0890539 9.9991E-05 0.0166506
0.295955 9.9955E-05 9.9955E-05 9.9955E-05 0.587796 0.115749 9.9955E-05 9.9955E-05
0.253874 9.99549E-05 9.99549E-05 9.99549E-05 0.686161 0.0594656 9.99549E-05 9.99549E-05
