9.9973E-05 0.875784 0.00799097 0.0192135 9.9973E-05 0.053973 0.0427385 9.9973E-05
0.000177584 0.938446 9.9982E-05 0.0116977 0.013253 0.0123464 0.023879 9.9982E-05
0.0336019 0.873206 0.0527255 9.9982E-05 9.9982E-05 0.00631011 0.0120368 0.0219198
9.9973E-05 0.774951 0.135999 0.0291908 9.9973E-05 9.9973E-05 0.0551173 0.00444231
9.9955E-05 0.915314 0.0824196 9.9955E-05 9.9955E-05 9.9955E-05 0.00176674 9.9955E-05
0.0310412 0.63571 0.0488495 0.0428408 0.029252 0.0554024 0.0298141 0.12709
9.9973E-05 0.770876 0.00543592 0.0612673 9.9973E-05 9.9973E-05 0.0350392 0.127081
9.9982E-05 0.688147 0.0460621 0.0893858 0.00954278 9.9982E-05 0.0331257 0.133537
9.99639E-05 0.776301 9.99639E-05 0.151922 9.99639E-05 9.99639E-05 0.0259361 0.0454412
9.9982E-05 0.760654 0.0544026 0.0669371 0.0168863 9.9982E-05 0.00222774 0.0986924
9.9973E-05 0.740462 0.105975 0.0347203 9.9973E-05 9.9973E-05 0.00242445 0.116118
0.145768 0.0256033 0.223554 0.505576 9.9982E-05 0.0415387 9.9982E-05 0.0577609
0.0616707 0.0314485 0.555856 0.269565 0.0131088 0.0175743 0.0340475 0.016729
0.0887825 9.9973E-05 0.274536 0.489713 9.9973E-05 0.0805105 9.9973E-05 0.0661576
0.0967219 0.0165608 0.279836 0.446997 9.9991E-05 0.125702 0.00397968 0.030103
0.00637524 0.072893 0.411927 0.364052 9.9991E-05 0.109817 0.00842141 0.0264151
0.0461164 0.0216292 0.553451 0.209407 0.0378853 0.103286 0.00687859 0.0213467
0.104784 0.00677118 0.479694 0.287562 0.00769588 0.0368641 0.0277165 0.048912
0.0174453 0.0883568 0.311425 0.414091 9.9991E-05 0.0578127 0.0203779 0.0903915
0.0953402 9.9982E-05 0.0402296 0.708129 9.9982E-05 0.013113 0.00248353 0.140504
0.148235 0.00924557 0.427457 0.257105 9.9982E-05 9.9982E-05 0.0343099 0.123447
0.0202321 9.9982E-05 0.450041 0.192062 0.0648005 0.0470661 9.9982E-05 0.225598
0.0913995 9.9991E-05 0.511583 0.261269 0.0268653 0.0663289 0.0205576 0.0218975
0.111718 0.0154399 0.251875 0.400132 9.9991E-05 0.0664518 0.0201305 0.134152
0.0211563 0.0751498 0.646089 0.109202 9.9991E-05 0.0447775 0.0355702 0.0679553
0.0746783 0.0177994 0.544352 0.279644 9.9991E-05 0.0138702 0.00523789 0.0643188
0.0871065 0.0398337 0.233325 0.521298 0.0205544 0.0118299 0.00332098 0.0827312
0.070305 0.0446792 0.274135 0.459368 9.9991E-05 0.0862281 0.00570258 0.0594828
0.127063 0.00483056 0.234053 0.489034 9.9973E-05 9.9973E-05 9.9973E-05 0.14472
9.994E-05 9.994E-05 9.994E-05 9.994E-05 9.994E-05 9.994E-05 0.9993 9.994E-05
9.994E-05 9.994E-05 9.994E-05 9.994E-05 9.994E-05 9.994E-05 0.9993 9.994E-05
9.9973E-05 0.493565 0.0695786 9.9973E-05 9.9973E-05 0.077373 0.356365 0.00281859
0.00999013 0.514868 0.115478 9.9973E-05 9.9973E-05 0.0561651 0.303199 9.9973E-05
0.239259 0.077435 0.501309 0.0747662 9.9982E-05 9.9982E-05 0.0194662 0.0875651
0.266243 0.0630093 0.518878 0.0535243 9.9991E-05 0.0270284 0.0364721 0.0347452
0.382212 0.0239481 0.559041 9.9982E-05 0.0153353 0.0100615 9.9982E-05 0.0092026
0.0879187 0.0412503 0.196155 0.618262 0.022892 0.00603818 9.9991E-05 0.0273845
0.578322 9.9973E-05 0.23133 9.9973E-05 0.0527834 9.9973E-05 0.0350864 0.102178
0.235596 0.0859279 0.490192 0.153248 9.9973E-05 0.034736 9.9973E-05 9.9973E-05
0.173936 0.0349227 0.695857 9.9973E-05 9.9973E-05 0.0249453 9.9973E-05 0.070039
0.039085 0.0647789 0.550881 0.0808507 9.9982E-05 9.9982E-05 0.0194959 0.244709
0.148469 0.0793067 0.560267 0.0430853 0.0322446 0.031265 0.0253119 0.0800509
0.65846 0.0124753 0.154036 0.173181 9.9973E-05 9.9973E-05 0.00154902 9.9973E-05
9.9982E-05 9.9982E-05 0.624807 0.0494068 0.00553297 0.0430115 0.010124 0.266917
0.234745 0.061777 0.622586 0.0102683 0.00990571 0.0241477 0.0091442 0.0274266
0.148503 0.110417 0.555058 0.031889 0.0639141 0.018442 0.00672676 0.0650509
0.577458 9.9964E-05 0.330925 9.9964E-05 0.0513492 9.9964E-05 9.9964E-05 0.0398676
0.244668 0.0549085 0.615202 0.0341878 0.0131522 9.9982E-05 0.0376817 9.9982E-05
0.151628 0.128944 0.583169 0.00641991 0.0435835 0.0284116 0.0533226 0.00452102
0.6384 9.9955E-05 9.9955E-05 9.9955E-05 0.0538833 9.9955E-05 9.9955E-05 0.307217
0.0986323 9.9982E-05 0.173354 0.630592 0.038674 9.9982E-05 0.000862674 0.0576854
0.167551 9.9982E-05 0.163559 0.257447 0.121285 0.0351976 9.9982E-05 0.254761
0.0367875 0.0544937 0.541882 0.13719 0.106872 0.0793451 0.0106768 0.0327529
0.0633065 0.113871 0.568347 0.0804331 0.0516125 0.0385489 9.9991E-05 0.0837817
0.0765931 0.0759501 0.601345 0.0626167 0.0353594 0.062639 0.000713514 0.0847834
0.105136 0.0971142 0.210638 0.500505 9.9982E-05 9.9982E-05 0.0208286 0.0655782
0.0367577 9.9982E-05 0.570871 0.313438 9.9982E-05 0.00547543 0.0342339 0.0390239
0.128296 0.0394357 0.549017 0.128286 9.9991E-05 0.0685915 0.0265826 0.059691
0.09301 0.106124 0.382453 0.255571 0.078049 0.0324857 0.0103165 0.0419911
0.0969209 0.155996 0.139845 0.464091 9.9982E-05 0.00362757 9.9982E-05 0.139319
0.148333 0.0654366 0.545995 0.167144 0.0195947 0.0389984 0.0118621 0.0026362
0.0769029 0.0526719 0.473024 0.247775 0.0309743 0.0379412 0.0323582 0.0483525
0.157466 9.9973E-05 0.0936576 0.546748 9.9973E-05 9.9973E-05 0.0495904 0.152238
0.0777408 9.9973E-05 0.434185 0.39259 0.0908403 9.9973E-05 0.00434436 9.9973E-05
0.116379 0.0279775 0.552131 0.12996 0.126605 0.0371921 0.00965553 9.9991E-05
0.0208438 0.0309179 0.640455 0.160241 9.9982E-05 9.9982E-05 0.0433442 0.103998
0.166401 0.00550643 0.27013 0.350113 0.0130431 0.0401888 0.0577344 0.0968825
0.0957752 9.9991E-05 0.49092 0.241923 0.0539038 0.0371798 0.0454257 0.034772
0.0444057 0.0365415 0.573466 0.182651 0.0655425 0.0539887 9.9991E-05 0.0433047
0.148959 9.9973E-05 0.236515 0.496691 9.9973E-05 9.9973E-05 0.0373833 0.0801524
0.475399 0.0130695 0.468313 0.0337323 9.9973E-05 9.9973E-05 0.00918608 9.9973E-05
0.730457 0.0186562 0.169017 0.0676428 9.9973E-05 9.9973E-05 0.0139273 9.9973E-05
0.229955 0.11394 0.475475 0.0567008 0.0479391 0.0518032 0.0240873 9.9991E-05
0.897176 9.9964E-05 9.9964E-05 9.9964E-05 0.0422545 9.9964E-05 0.00155339 0.058616
0.851745 9.9955E-05 9.9955E-05 9.9955E-05 0.0716912 9.9955E-05 9.9955E-05 0.0760641
0.700683 9.9964E-05 0.210688 9.9964E-05 0.0557424 9.9964E-05 9.9964E-05 0.0324868
0.449965 0.0379029 0.438961 0.0520779 9.9973E-05 9.9973E-05 0.0207924 9.9973E-05
0.140123 0.0816888 0.500502 0.0953006 0.0709509 0.0799963 0.000200468 0.0312382
0.454222 9.9973E-05 0.456646 0.0159857 0.0381353 0.0347112 9.9973E-05 9.9973E-05
0.650453 0.0510662 0.144628 0.153453 9.9964E-05 9.9964E-05 9.9964E-05 9.9964E-05
0.527897 9.9955E-05 0.275429 0.196174 9.9955E-05 9.9955E-05 9.9955E-05 9.9955E-05
0.29 0.0820569 0.456252 0.0429239 0.04236 0.0616343 0.0246733 9.9991E-05
0.542852 0.00796596 0.320375 0.0865797 9.9982E-05 0.0337899 0.00823791 9.9982E-05
0.441185 9.9973E-05 0.459605 0.0616849 0.010902 9.9973E-05 0.0263231 9.9973E-05
0.45671 9.9964E-05 0.445481 9.9964E-05 0.0324548 9.9964E-05 9.9964E-05 0.0649541
0.655942 9.9955E-05 9.9955E-05 9.9955E-05 0.113219 9.9955E-05 9.9955E-05 0.230339
0.233899 0.0406324 0.593137 0.0395585 9.9982E-05 0.05051 9.9982E-05 0.0420627
0.00117705 0.787809 0.0770323 0.0762645 9.9973E-05 9.9973E-05 0.0574169 9.9973E-05
9.9964E-05 0.879144 0.0553251 9.9964E-05 9.9964E-05 0.00920819 0.0559227 9.9964E-05
9.9964E-05 0.828148 0.121742 9.9964E-05 9.9964E-05 0.0216047 0.0281057 9.9964E-05
9.9964E-05 0.90912 0.030402 9.9964E-05 9.9964E-05 0.0396326 0.0204458 9.9964E-05
9.9982E-05 0.902054 0.00404092 9.9982E-05 0.00227346 0.033108 0.0533669 0.00495681
9.9973E-05 0.830677 0.0638883 9.9973E-05 0.0241555 0.0570227 0.0239568 9.9973E-05
9.9955E-05 0.917349 0.0650832 9.9955E-05 9.9955E-05 9.9955E-05 0.017068 9.9955E-05
0.198858 0.0631948 0.545174 0.0182643 0.0701026 0.0642034 0.0263801 0.013823
0.16436 0.092466 0.525427 0.0774946 0.0104239 0.0886906 0.0213675 0.0197699
0.727703 0.0596576 0.0193363 0.178147 0.0148566 9.9973E-05 9.9973E-05 9.9973E-05
0.160266 0.0796765 0.593754 0.114184 0.00613902 0.011616 0.0342638 9.9991E-05
0.45453 0.0321424 0.385214 0.117601 9.9973E-05 9.9973E-05 0.0102124 9.9973E-05
0.356225 0.0584565 0.523509 0.0107326 9.9982E-05 9.9982E-05 0.0264829 0.0243941
0.272982 0.0306597 0.556712 0.00213033 0.0748432 9.9991E-05 0.0097845 0.0527885
0.377082 0.0288792 0.477586 0.0383339 0.0347788 0.0266157 0.0166249 9.9991E-05
0.699961 0.0322642 9.9955E-05 0.267275 9.9955E-05 9.9955E-05 9.9955E-05 9.9955E-05
0.198127 0.107815 0.470403 0.0850339 0.0515094 0.0375695 0.0213852 0.0281567
0.141279 0.0822545 0.604973 0.10456 9.9991E-05 0.0359798 0.00488201 0.0259721
0.132037 0.114071 0.571077 0.0480106 0.0105258 0.0388181 0.0133364 0.0721232
0.516354 0.00556244 0.237946 9.9982E-05 0.0637453 9.9982E-05 0.00513783 0.171054
0.447719 9.9973E-05 0.469529 9.9973E-05 0.0475175 0.0294518 0.00548254 9.9973E-05
0.381451 0.00421278 0.47034 0.140663 9.9973E-05 9.9973E-05 9.9973E-05 0.00303391
0.522969 9.9973E-05 0.388759 9.9973E-05 0.0664945 0.00634714 9.9973E-05 0.0151306
0.370334 0.0377904 0.469776 0.0970029 0.00661401 9.9982E-05 0.0182824 9.9982E-05
0.21901 0.0705909 0.545965 0.0891453 0.00582028 0.0334911 0.00278161 0.0331959
0.0210251 9.9991E-05 0.263387 0.398158 0.0763865 0.0901584 0.0178386 0.132946
0.018914 0.0418592 0.452405 0.358019 9.9982E-05 9.9982E-05 0.0120828 0.116519
0.0145935 0.0745595 0.513423 0.185149 0.0595854 0.0547271 0.0242213 0.0737408
0.0675795 0.0967928 0.566917 0.11877 0.0704938 0.00204835 0.0136263 0.063772
0.0467853 0.0291794 0.483028 0.374529 9.9991E-05 0.0163306 0.0242377 0.0258091
9.9991E-05 0.0155315 0.595154 0.270542 0.060737 0.0403736 0.00154238 0.0160201
0.00883311 0.0461129 0.468257 0.427179 0.0331764 9.9991E-05 0.00672959 0.00961162
0.0561649 0.0543158 0.536812 0.0977719 0.0736296 0.0281719 0.0243965 0.128738
0.0479543 0.0764823 0.612578 0.17745 0.0657488 0.0126726 0.00701319 9.9991E-05
9.9982E-05 0.0428945 0.573242 0.29594 0.0148445 9.9982E-05 0.00913983 0.0637397
0.0291107 0.0413691 0.576858 0.315588 0.0123002 9.9991E-05 0.0169346 0.00773943
9.9982E-05 0.0749883 0.56927 0.149068 0.140845 0.0630064 0.00262251 9.9982E-05
0.0200744 0.0515509 0.587934 0.0814528 0.0678162 0.0785285 9.9991E-05 0.112543
0.0479193 9.9991E-05 0.582363 0.155126 0.103057 0.061964 0.0121138 0.0373567
0.0446012 0.0677746 0.520087 0.174349 0.0940891 0.0865296 9.9991E-05 0.0124696
0.0401726 0.0146287 0.571839 0.16341 0.103303 0.0554069 9.9991E-05 0.0511398
0.0248592 0.052709 0.319723 0.230502 0.102608 0.0843812 0.00394537 0.181272
0.0409415 0.00758715 0.621934 0.138746 0.0272753 0.0626397 0.0287512 0.0721247
9.9991E-05 0.0205332 0.673825 0.143176 0.103513 0.0268279 0.0014751 0.0305496
0.148474 0.0290986 0.233312 0.545864 0.0305666 0.00567654 9.9991E-05 0.00690841
0.062712 9.9982E-05 0.129653 0.312082 0.22314 0.0469202 9.9982E-05 0.225293
0.0456571 0.0430114 0.44463 0.247117 0.0433673 0.0567554 0.00368019 0.115782
0.0988648 9.9982E-05 0.0594054 0.321342 0.250583 0.0151253 9.9982E-05 0.254479
0.0686631 9.9982E-05 0.353941 0.499027 0.0331308 9.9982E-05 0.0237105 0.0213276
0.0987818 9.9973E-05 0.444333 0.404424 0.0514757 9.9973E-05 0.000686141 9.9973E-05
0.126937 9.9973E-05 0.38637 0.460719 9.9973E-05 9.9973E-05 0.000637578 0.0250369
0.0582105 9.9973E-05 0.35649 0.513885 0.0519692 9.9973E-05 9.9973E-05 0.019145
0.0306514 0.0465181 0.616169 0.209152 0.0579374 0.00375052 0.0219427 0.0138787
0.061924 0.102174 0.541378 0.0985144 0.0836057 0.0562862 0.00245238 0.053665
0.072364 0.0290636 0.588063 0.229101 0.0318323 9.9991E-05 0.0176414 0.0318343
0.099468 9.9982E-05 0.13826 0.408561 0.127778 0.0375755 9.9982E-05 0.188157
0.102675 0.0940959 0.532643 0.10129 9.9991E-05 0.0216564 0.0296587 0.11788
0.0376262 0.0965236 0.486881 0.063997 0.0827281 0.0252108 9.9991E-05 0.206933
0.140539 0.0458283 9.9982E-05 0.0814459 0.10468 9.9982E-05 0.00786596 0.619441
0.0125206 0.0463642 0.709628 0.0501892 9.9982E-05 0.0249719 9.9982E-05 0.156126
0.098975 0.0362695 0.29033 0.0985188 0.0950651 0.0348105 0.0178848 0.328146
0.0123615 0.0704744 0.545198 0.0537614 0.0611893 0.0231391 0.0398272 0.194049
0.0865206 0.0137622 0.247464 0.154732 0.0041101 9.9991E-05 0.007567 0.485745
0.07199 9.9982E-05 0.112833 0.149489 0.102314 9.9982E-05 0.00832878 0.554845
0.0502172 0.0458265 0.423646 0.124843 0.0753698 9.9991E-05 0.0139454 0.266052
0.0381682 0.0499272 0.467429 0.110492 0.0576543 0.0717842 0.00854706 0.195999
9.9991E-05 0.108896 0.485167 0.10133 0.0576176 0.0339341 0.0203969 0.192558
0.186146 9.9991E-05 0.090148 0.093816 0.126498 0.0875018 0.00344961 0.412341
0.00621644 0.059563 0.590713 0.11979 0.105062 0.0419234 9.9991E-05 0.0766325
0.121355 9.9973E-05 0.31524 0.0757436 0.0924874 9.9973E-05 9.9973E-05 0.394874
0.113103 9.9973E-05 0.429372 0.146609 0.0833736 9.9973E-05 9.9973E-05 0.227242
0.0591156 0.0813548 0.574486 0.0479407 0.0101926 0.0318531 0.00412024 0.190937
9.9982E-05 0.311827 0.13006 0.028227 9.9982E-05 0.254003 0.0157809 0.259902
9.9964E-05 0.412363 9.9964E-05 9.9964E-05 9.9964E-05 0.146814 0.00650277 0.43392
9.9964E-05 0.368503 9.9964E-05 9.9964E-05 9.9964E-05 0.125928 0.0202838 0.484884
9.9982E-05 0.303373 0.0814547 0.0186581 9.9982E-05 0.277165 0.00634314 0.312806
0.104971 9.9982E-05 0.595965 0.00519494 0.0392491 9.9982E-05 0.0195692 0.23485
0.0443126 0.0846879 0.615681 0.0573653 0.0254948 0.0410392 0.00909825 0.122321
9.9955E-05 9.9955E-05 0.32832 0.0147794 9.9955E-05 0.656401 9.9955E-05 9.9955E-05
0.0297824 0.0121569 0.368406 0.0838499 0.0258587 0.445594 0.0339868 0.000364816
0.0703045 0.0650935 0.333962 0.122549 0.000632144 0.388909 0.0184491 9.9991E-05
0.0557815 9.9982E-05 0.302719 0.0623336 0.123939 9.9982E-05 0.00204643 0.45298
9.9991E-05 0.0354348 0.493452 0.112998 0.123532 0.0516257 0.0208486 0.162008
0.0497106 9.9973E-05 0.264804 0.0987799 0.0574642 9.9973E-05 9.9973E-05 0.528941
0.0074926 0.0226739 0.608665 0.0394825 0.0597533 9.9991E-05 0.009553 0.25228
9.9982E-05 0.011866 0.472813 0.0760836 0.122143 0.0145547 9.9982E-05 0.302339
0.0299596 9.9973E-05 0.611734 9.9973E-05 0.0264224 9.9973E-05 0.00576169 0.325822
0.060324 9.9973E-05 0.238201 0.0397326 0.0518743 9.9973E-05 9.9973E-05 0.609568
0.0480425 0.0273922 0.70056 9.9991E-05 0.0409557 0.00223661 0.0302368 0.150476
0.0216309 0.0578062 0.590692 0.0783859 0.0727724 0.0105454 0.0153285 0.152839
9.9955E-05 9.9955E-05 0.0242996 0.00778236 9.9955E-05 0.967418 9.9955E-05 9.9955E-05
9.9964E-05 9.9964E-05 0.0334853 0.0154028 0.0309464 0.919766 9.9964E-05 9.9964E-05
0.0128459 0.0539026 0.325275 0.0488666 0.0261237 0.508629 0.0242574 9.9991E-05
9.9964E-05 9.9964E-05 0.352714 0.0173068 0.006836 0.622743 9.9964E-05 9.9964E-05
0.00837903 9.9964E-05 0.14273 0.0203878 9.9964E-05 0.828104 9.9964E-05 9.9964E-05
9.994E-05 9.994E-05 9.994E-05 9.994E-05 9.994E-05 0.9993 9.994E-05 9.994E-05
9.9955E-05 9.9955E-05 0.0263481 0.0294122 9.9955E-05 0.94374 9.9955E-05 9.9955E-05
9.9946E-05 9.9946E-05 0.160221 9.9946E-05 9.9946E-05 0.839179 9.9946E-05 9.9946E-05
0.00549835 9.9964E-05 0.0021318 0.0346672 9.9964E-05 0.957303 9.9964E-05 9.9964E-05
9.994E-05 9.994E-05 9.994E-05 9.994E-05 9.994E-05 0.9993 9.994E-05 9.994E-05
9.994E-05 9.994E-05 9.994E-05 9.994E-05 9.994E-05 0.9993 9.994E-05 9.994E-05
9.9964E-05 9.9964E-05 0.205858 0.0193045 9.9964E-05 0.741338 0.0330996 9.9964E-05
9.9973E-05 0.0170364 0.111262 0.0589716 9.9973E-05 0.791264 0.0211664 9.9973E-05
9.994E-05 9.994E-05 9.994E-05 9.994E-05 9.994E-05 0.9993 9.994E-05 9.994E-05
0.0256916 0.0809679 0.341319 0.108124 0.0131064 0.367485 0.020181 0.0431256
0.00866958 0.0159341 0.245527 0.0451507 0.002326 0.63787 0.0254261 0.0190968
9.9964E-05 0.0119517 0.160005 9.9964E-05 9.9964E-05 0.800304 0.027339 9.9964E-05
9.9973E-05 0.0054187 0.0886896 0.00578789 9.9973E-05 0.889542 0.0102619 9.9973E-05
9.994E-05 9.994E-05 9.994E-05 9.994E-05 9.994E-05 0.9993 9.994E-05 9.994E-05
9.9955E-05 9.9955E-05 0.0222184 9.9955E-05 9.9955E-05 0.961071 0.0162108 9.9955E-05
9.994E-05 9.994E-05 9.994E-05 9.994E-05 9.994E-05 0.9993 9.994E-05 9.994E-05
0.0143022 0.0781105 0.255318 0.00342942 9.9982E-05 0.632212 0.016428 9.9982E-05
0.0168369 0.00259352 0.0057744 9.9982E-05 0.00025122 0.95901 0.0153339 9.9982E-05
9.9964E-05 0.21975 9.9964E-05 9.9964E-05 0.0559131 0.0490719 9.9964E-05 0.674865
9.9991E-05 0.18928 0.350597 0.0644061 0.0112574 0.0896034 0.00808614 0.28667
9.9982E-05 0.126853 0.449225 9.9982E-05 0.026795 0.0641582 0.0214148 0.311354
9.9982E-05 0.149045 0.231792 0.00664878 0.00647535 0.0828357 9.9982E-05 0.523003
0.0752598 0.097945 0.439744 0.075527 0.0230163 0.115324 0.0233567 0.149827
9.9973E-05 0.180986 0.127437 9.9973E-05 9.9973E-05 0.103582 0.0217434 0.565952
0.0388208 0.147972 0.442369 0.044071 0.0503299 0.105463 9.9991E-05 0.170875
9.9964E-05 0.154763 0.353772 9.9964E-05 9.9964E-05 0.0978544 9.9964E-05 0.393211
9.9982E-05 0.118806 0.485241 9.9982E-05 0.00901504 0.0962534 0.0124543 0.27803
9.9973E-05 0.13667 0.391306 9.9973E-05 9.9973E-05 0.111941 0.0304798 0.329303
0.010332 0.170354 0.459469 0.0412228 9.9982E-05 0.118577 9.9982E-05 0.199846
9.9973E-05 0.890569 0.0634386 0.000608633 9.9973E-05 9.9973E-05 0.0103969 0.034687
9.9964E-05 0.868873 9.9964E-05 9.9964E-05 0.0443005 0.0711362 0.0152906 9.9964E-05
9.9964E-05 0.93215 0.0281583 0.0187129 9.9964E-05 9.9964E-05 0.0205788 9.9964E-05
0.0277036 0.94297 9.9964E-05 9.9964E-05 9.9964E-05 9.9964E-05 0.00770739 0.021219
9.9973E-05 0.853178 0.0704991 0.0244681 9.9973E-05 9.9973E-05 0.0461654 0.00538891
9.9982E-05 0.922553 0.0144176 9.9982E-05 0.00794058 0.00586794 0.0449682 0.004053
9.9973E-05 0.89814 0.0390471 0.00597282 9.9973E-05 0.00884951 0.0476912 9.9973E-05
9.9973E-05 0.88108 0.00655185 0.0601645 0.00184723 9.9973E-05 0.0500566 9.9973E-05
0.050006 0.882765 0.00927053 0.0142194 9.9982E-05 0.0243307 9.9982E-05 0.0192082
9.9973E-05 0.875166 9.9973E-05 0.0364193 9.9973E-05 0.0254033 0.0228382 0.0398736
0.0516493 0.600904 9.9964E-05 0.269622 9.9964E-05 9.9964E-05 9.9964E-05 0.0774248
0.015734 0.585368 9.9973E-05 0.344951 9.9973E-05 9.9973E-05 0.0190092 0.0346382
0.0350922 0.513048 9.9982E-05 0.337891 0.0190079 9.9982E-05 0.0153044 0.0794563
0.0646681 0.47831 9.9964E-05 0.392366 9.9964E-05 9.9964E-05 9.9964E-05 0.0642562
0.289662 0.054139 0.472272 0.143693 0.00776843 9.9991E-05 0.0229455 0.00942052
0.325752 0.0796069 0.454249 0.0825621 0.0334147 0.0121488 0.0121673 9.9991E-05
0.18043 0.0353108 0.56267 0.18674 0.0345492 9.9973E-05 9.9973E-05 9.9973E-05
0.307698 9.9973E-05 0.360949 0.282399 9.9973E-05 9.9973E-05 0.0311134 0.0175401
0.05069 9.9982E-05 0.234379 0.633092 0.059831 0.00722542 9.9982E-05 0.0145826
0.20402 0.0627701 0.666088 0.0268876 0.0399343 9.9973E-05 9.9973E-05 9.9973E-05
0.252201 9.9991E-05 0.600425 0.12525 0.00500643 0.0146218 0.00173997 0.000656031
0.294451 9.9982E-05 0.5249 0.036995 0.068557 9.9982E-05 0.00583055 0.0690669
0.555486 9.9955E-05 0.363687 9.9955E-05 0.0803271 9.9955E-05 9.9955E-05 9.9955E-05
0.136075 0.0377704 0.584854 0.0763258 0.045917 0.0286133 0.0206605 0.0697839
0.456541 0.0127492 0.419081 0.102538 9.9973E-05 9.9973E-05 0.00879119 9.9973E-05
0.807274 9.9955E-05 9.9955E-05 9.9955E-05 0.140268 9.9955E-05 9.9955E-05 0.0519586
0.164573 0.0338155 0.595221 0.155264 0.0343892 9.9982E-05 0.016538 9.9982E-05
0.629298 9.9964E-05 0.152372 9.9964E-05 0.0780057 9.9964E-05 9.9964E-05 0.139924
0.390052 9.9973E-05 0.529664 0.0056781 0.0549989 9.9973E-05 0.0193071 9.9973E-05
0.638196 0.0213224 0.126151 0.21393 9.9964E-05 9.9964E-05 9.9964E-05 9.9964E-05
9.9955E-05 0.142032 9.9955E-05 0.777782 9.9955E-05 9.9955E-05 9.9955E-05 0.0796863
9.9973E-05 0.105365 0.0566266 0.75176 0.00954322 9.9973E-05 9.9973E-05 0.0764056
0.00362985 0.103341 0.0326879 0.779575 0.00998314 9.9991E-05 0.00226237 0.0684202
9.9955E-05 0.11854 9.9955E-05 0.807081 9.9955E-05 9.9955E-05 9.9955E-05 0.0738796
9.9973E-05 0.0475823 0.120783 0.777306 9.9973E-05 9.9973E-05 0.00114275 0.0528862
9.9991E-05 0.0837059 0.104598 0.761414 0.00507122 0.0079075 0.00627057 0.0309331
0.0434306 0.839209 0.0147036 0.0175388 9.9982E-05 0.0662223 0.0186962 9.9982E-05
9.9964E-05 0.820142 0.106492 0.0490339 9.9964E-05 0.023932 9.9964E-05 9.9964E-05
0.0193658 0.785886 0.137716 0.0176659 0.00632628 0.0260434 0.00689683 9.9991E-05
0.0737931 0.830382 9.9955E-05 9.9955E-05 9.9955E-05 0.0953247 9.9955E-05 9.9955E-05
9.9982E-05 0.784671 0.158873 0.00339167 9.9982E-05 0.0254637 0.010593 0.0168076
9.9964E-05 0.362034 9.9964E-05 0.555113 9.9964E-05 9.9964E-05 0.0256831 0.0567693
9.9982E-05 0.424344 9.9982E-05 0.497969 0.0464848 0.00651526 0.0226261 0.0018612
9.9982E-05 0.420685 0.0036402 0.486904 0.0483121 0.00598502 0.0342744 9.9982E-05
9.994E-05 9.994E-05 9.994E-05 9.994E-05 9.994E-05 9.994E-05 0.9993 9.994E-05
0.00810511 0.362385 9.9973E-05 0.533845 0.0497189 9.9973E-05 0.0456466 9.9973E-05
9.9982E-05 0.232867 0.271846 9.9982E-05 0.0383211 0.292475 0.0104128 0.153877
0.0274058 0.138201 0.545242 9.9982E-05 9.9982E-05 0.204575 0.0281422 0.0562341
9.9964E-05 0.194441 0.547138 9.9964E-05 0.00483228 0.253188 9.9964E-05 9.9964E-05
9.9973E-05 0.259325 0.348847 9.9973E-05 0.0195353 0.251397 9.9973E-05 0.120596
0.0597785 0.127056 0.551842 0.00220323 0.0295408 0.144022 0.041914 0.0436434
9.9973E-05 0.387465 9.9973E-05 9.9973E-05 0.0220237 0.320676 0.018088 0.251447
0.036216 0.015703 0.455851 0.394967 0.0596674 9.9982E-05 9.9982E-05 0.0373959
0.0958253 9.9973E-05 0.461892 0.216266 0.132503 9.9973E-05 9.9973E-05 0.0932143
0.103347 9.9982E-05 0.293689 0.544455 0.041358 9.9982E-05 0.00332056 0.013631
0.0458554 9.9973E-05 0.50986 0.188102 0.173355 9.9973E-05 9.9973E-05 0.0825284
0.0643196 9.9964E-05 9.9964E-05 0.30192 0.328916 9.9964E-05 9.9964E-05 0.304445
0.0719544 0.0458301 0.551413 0.147584 9.9991E-05 0.0566189 0.0282479 0.0982516
0.0799164 9.9991E-05 0.507049 0.155225 0.121728 0.0388711 0.037483 0.0596279
0.0722148 9.9982E-05 0.351421 0.460722 0.0273912 9.9982E-05 0.0324236 0.0556281
0.069205 0.100114 0.536727 0.172871 0.0826151 0.0209215 0.015301 0.00224625
0.147177 9.9973E-05 0.119442 0.305653 0.16276 9.9973E-05 9.9973E-05 0.264668
0.06501 0.00648402 0.574849 0.158971 0.0723862 0.000384003 9.9991E-05 0.121815
0.0810262 0.0294927 0.521981 0.313681 0.0467727 0.00684625 9.9982E-05 9.9982E-05
0.100065 0.109232 0.401418 0.0566918 0.056183 0.134607 9.9991E-05 0.141704
0.13391 9.9982E-05 0.366584 0.236377 0.0888587 0.00269681 9.9982E-05 0.171373
0.0944539 9.9982E-05 0.41449 0.189586 0.123139 0.0216221 9.9982E-05 0.156509
9.9973E-05 9.9973E-05 0.585921 0.179253 0.113837 0.0144216 9.9973E-05 0.106267
0.0525364 9.9973E-05 0.567522 0.188873 0.105157 9.9973E-05 9.9973E-05 0.085612
0.0431235 0.0144134 0.640806 0.121091 0.0764558 0.0369293 0.0127776 0.0544035
0.0589497 0.0968886 0.512263 0.199684 0.0587598 0.0625608 9.9991E-05 0.0107939
0.0725725 0.0821157 0.576685 0.217442 0.0446178 9.99892E-05 0.00636665 9.99892E-05
9.9964E-05 0.836937 0.115479 9.9964E-05 9.9964E-05 0.0430997 0.00408376 9.9964E-05
9.9946E-05 0.885393 0.114007 9.9946E-05 9.9946E-05 9.9946E-05 9.9946E-05 9.9946E-05
0.0181431 0.861499 0.0444792 9.9982E-05 0.00670781 9.9982E-05 0.0489161 0.0200544
0.0154819 0.896027 0.0262402 9.9982E-05 0.015937 0.0407586 0.00535522 9.9982E-05
9.9955E-05 0.87717 0.0971082 9.9955E-05 9.9955E-05 9.9955E-05 0.0252218 9.9955E-05
0.125151 0.0216809 0.141188 0.559936 9.9991E-05 0.0231833 0.0116073 0.117154
0.0596144 0.0469042 0.528748 0.169394 0.110331 0.0223249 0.0121109 0.0505726
9.9991E-05 0.16604 0.406854 0.0512227 0.0522871 0.189685 0.0237931 0.110018
0.0640594 0.0240011 0.633668 0.214554 0.0158965 0.0332353 0.00253798 0.0120477
0.0907694 9.9982E-05 0.521489 0.31013 0.0323993 0.0228862 0.0221264 9.9982E-05
0.0612568 9.9982E-05 0.267411 0.319578 0.143998 0.0133845 9.9982E-05 0.194173
0.108788 0.0526701 0.00636721 0.731778 9.9991E-05 0.0052699 0.0189219 0.0761052
0.0381578 0.0100305 0.501948 0.361589 0.00213526 0.000525794 0.0162294 0.0693845
9.9991E-05 0.0135868 0.255484 0.584163 0.0152298 0.051285 0.00195064 0.0782001
0.0817504 0.0319651 0.484854 0.149248 0.0875419 0.0223885 9.99945E-05 0.142152
0.0316365 0.0845389 0.164182 0.612928 0.0572426 9.9982E-05 9.9982E-05 0.0492724
9.9991E-05 0.00385476 0.562665 0.257194 0.0542528 0.0948747 0.00348386 0.023575
0.125756 9.9982E-05 0.145176 0.596333 9.9982E-05 0.029905 0.0289128 0.0737177
0.113784 0.00189091 0.214758 0.297826 0.0906283 0.119804 9.9991E-05 0.16121
0.0290503 0.0609637 0.574866 0.106341 0.0338151 0.000504709 0.013271 0.181188
0.0119056 9.9973E-05 0.324797 0.105912 0.115584 9.9973E-05 9.9973E-05 0.441503
9.9964E-05 9.9964E-05 0.553573 0.0397256 0.0629291 9.9964E-05 9.9964E-05 0.343372
0.0236724 0.0815713 0.533825 0.086594 0.00179905 9.9991E-05 0.0351154 0.237323
0.0654675 9.9973E-05 0.27389 0.0575853 0.0423511 9.9973E-05 9.9973E-05 0.560407
0.076522 0.0788814 0.526362 0.00908337 0.103382 0.0545824 0.0104544 0.140733
0.057309 0.000460205 0.524801 0.0455869 0.07488 9.9991E-05 0.0167767 0.280086
0.139364 9.9973E-05 0.135682 0.0259514 0.16816 9.9973E-05 9.9973E-05 0.530542
0.0369178 9.9973E-05 0.220511 0.0322503 0.0443237 9.9973E-05 9.9973E-05 0.665697
0.0160536 9.9982E-05 0.479236 0.0618369 0.0428803 9.9982E-05 0.0188526 0.380941
0.179157 9.9973E-05 0.0638194 0.0897501 0.0605455 9.9973E-05 9.9973E-05 0.606428
0.0693011 9.9973E-05 0.464296 0.0943879 0.00467525 9.9973E-05 9.9973E-05 0.36704
0.123423 9.9973E-05 0.139799 0.693151 0.0169593 0.0263684 9.9973E-05 9.9973E-05
0.0819195 9.9982E-05 0.137034 0.360944 0.278106 0.116619 9.9982E-05 0.0251773
0.0430219 0.00639906 0.386043 0.441802 0.0184787 0.0778149 0.026341 9.9991E-05
0.0985406 0.0432505 0.566117 0.219182 0.000821162 0.0370082 0.025874 0.00920658
0.17994 9.9973E-05 0.216863 0.559302 0.00985871 0.0337361 9.9973E-05 9.9973E-05
0.0557916 0.0618865 0.531319 0.192319 0.0246033 0.0286954 9.9991E-05 0.105286
0.0482655 0.0433894 0.606094 0.224891 0.0543922 9.9982E-05 0.022768 9.9982E-05
0.0880984 9.9991E-05 0.489808 0.230727 0.0503384 0.0533848 0.0167466 0.0707962
0.0852941 0.00741695 0.492466 0.241408 0.0934041 0.0601626 0.00714746 0.0127008
0.0583653 0.00844741 0.483809 0.406791 9.9982E-05 0.0258076 0.0165794 9.9982E-05
0.14682 9.9982E-05 0.251601 0.504256 0.0511249 0.026564 0.0194336 9.9982E-05
0.064785 0.00196437 0.420869 0.421377 0.0124056 0.0514302 0.00961937 0.0175493
0.0484042 9.9991E-05 0.549324 0.206719 0.052767 0.0508315 0.00412504 0.0877296
0.0363855 0.0496095 0.605959 0.0986595 0.0752358 0.0442396 0.00224908 0.087662
0.110686 0.0171798 0.268771 0.309317 0.0648745 0.101541 0.00441607 0.123214
0.110076 9.9982E-05 0.435375 0.187962 0.149906 0.114994 9.9982E-05 0.00148611
0.0942677 9.9982E-05 0.35616 0.465492 0.00573189 0.0528637 0.0252848 9.9982E-05
9.9982E-05 0.0621296 0.54137 0.241594 0.105719 0.0436014 9.9982E-05 0.00538662
0.0827824 0.0150087 0.443568 0.331617 0.0464658 0.0803573 9.9982E-05 9.9982E-05
0.0361776 0.0338743 0.576912 0.177851 0.0413806 0.0353904 0.0303908 0.0680234
0.00371233 0.330742 0.465435 0.040024 9.9991E-05 0.099786 0.00870638 0.0514937
9.9982E-05 0.137455 0.541481 0.0544439 0.0388086 0.16736 9.9982E-05 0.0602516
0.0955473 0.14349 0.43315 0.0531526 0.00994723 0.126173 0.0243155 0.114224
9.9991E-05 0.0881428 0.519717 0.0600414 0.0693799 0.141515 0.0166553 0.104449
0.0341712 0.176418 0.449906 0.00891251 0.0769948 0.175192 0.00791657 0.0704892
0.0585273 9.9973E-05 0.501136 0.170639 0.164478 9.9973E-05 9.9973E-05 0.10492
0.0608869 0.142332 0.49236 0.0298903 0.0512938 0.16271 0.0012275 0.0593
0.0453578 0.183041 0.0673723 0.0829848 0.050625 0.170487 9.9991E-05 0.400032
0.00601452 0.0830567 0.562864 0.0957894 0.00780069 0.126062 0.0259344 0.0924785
0.0243276 0.109794 0.549421 0.000921329 0.0673657 0.175306 0.0204129 0.0524514
0.0493196 0.0898848 0.539257 0.0265178 0.00769541 0.154413 0.0209786 0.111934
0.0329154 0.154044 0.296032 0.0538344 0.0870403 0.100302 0.0277235 0.248109
9.9973E-05 0.180784 0.546179 0.0366487 9.9973E-05 0.137739 9.9973E-05 0.0983493
9.9991E-05 0.0905507 0.493671 0.0624749 0.105131 0.169532 0.0283953 0.0501448
9.9955E-05 0.439107 9.9955E-05 9.9955E-05 9.9955E-05 0.143733 9.9955E-05 0.41666
9.9991E-05 0.138902 0.563717 0.0951048 0.0161491 0.117341 0.0304921 0.0381935
9.9982E-05 0.155464 0.559115 9.9982E-05 0.0543437 0.172713 0.0129805 0.0451838
0.0427553 0.0654331 0.58057 0.083688 0.0331373 0.0687629 0.0396891 0.0859643
9.9982E-05 0.163987 0.511202 9.9982E-05 0.0117127 0.200504 0.01639 0.0960039
0.0881589 0.203718 0.474161 0.0472911 0.00232042 0.111442 0.0154277 0.057482
0.0964415 0.0499136 0.40134 0.0230627 0.423482 0.0018773 0.00378302 9.9991E-05
0.10205 0.056054 0.481579 0.0996201 0.198482 0.0546863 0.00742922 9.9991E-05
0.0417361 9.9964E-05 9.9964E-05 0.0260085 0.904303 9.9964E-05 9.9964E-05 0.0275523
9.9964E-05 9.9964E-05 9.9964E-05 0.0531596 0.917957 9.9964E-05 0.00392184 0.024562
0.0168062 0.0657121 0.442237 0.0916008 0.29951 0.0228192 0.0134627 0.0478527
9.9973E-05 0.174119 0.36832 9.9973E-05 0.120575 0.271134 9.9973E-05 0.0655521
9.9964E-05 0.177266 0.313599 9.9964E-05 0.234094 0.274641 9.9964E-05 9.9964E-05
9.9973E-05 0.214385 0.163266 9.9973E-05 0.294342 0.266611 9.9973E-05 0.0610974
9.9982E-05 0.109533 0.339129 9.9982E-05 0.211485 0.211895 0.0566555 0.0711018
9.9982E-05 0.0899666 0.0189762 9.9982E-05 0.690145 0.0574207 0.033579 0.109712
9.9982E-05 0.0557506 0.0856193 9.9982E-05 0.725538 0.0738393 0.0531431 0.00590941
9.9973E-05 0.0259045 0.570778 9.9973E-05 0.357026 0.0363315 9.9973E-05 0.00966043
9.9964E-05 0.0735983 0.374011 9.9964E-05 0.471975 0.0800164 9.9964E-05 9.9964E-05
9.9973E-05 0.0457612 0.17324 9.9973E-05 0.710067 0.0481919 0.0224401 9.9973E-05
9.9982E-05 0.0524027 0.518357 0.0588779 0.295666 0.0576037 0.0168922 9.9982E-05
9.9982E-05 0.0392166 0.53235 0.00840791 0.351404 0.0627901 9.9982E-05 0.00563163
9.9991E-05 0.0760674 0.510149 0.0571659 0.231905 0.0549473 0.0137548 0.055911
0.00934785 0.00662173 0.308915 0.0142474 0.658795 9.9982E-05 0.00187261 9.9982E-05
0.0196006 0.0201984 0.361632 0.0999827 0.473438 9.9982E-05 9.9982E-05 0.0249477
0.0748218 0.0555535 0.486048 0.0182848 0.346345 9.9982E-05 0.0187465 9.9982E-05
0.00174695 0.0370942 0.451041 0.104007 0.383802 9.9991E-05 0.00952036 0.0126888
0.0916958 0.0875 0.469164 0.0681243 0.217669 0.0656467 9.9982E-05 9.9982E-05
9.9964E-05 9.9964E-05 0.429632 0.0319417 0.455611 9.9964E-05 9.9964E-05 0.0824149
0.00459574 9.9973E-05 0.169605 0.0228529 0.791991 9.9973E-05 0.010656 9.9973E-05
9.9955E-05 0.0302513 0.608545 9.9955E-05 0.360704 9.9955E-05 9.9955E-05 9.9955E-05
9.9955E-05 9.9955E-05 0.152621 0.096382 0.750498 9.9955E-05 9.9955E-05 9.9955E-05
0.00586369 0.0414541 0.439466 9.9964E-05 0.512817 9.9964E-05 9.9964E-05 9.9964E-05
0.00960005 0.0801635 0.496653 0.0312822 0.306949 9.9991E-05 0.0427092 0.0325432
0.0653647 0.020682 0.450188 0.102675 0.307069 0.0433779 0.0105442 9.9991E-05
0.00265093 0.12413 0.460929 0.0468839 0.134132 0.140862 0.0117752 0.0786372
0.00127653 0.135947 0.463693 0.0630632 0.117483 0.126779 0.0263773 0.0653816
9.9982E-05 0.158893 0.333662 9.9982E-05 0.0624435 0.247427 0.0207256 0.176648
9.9991E-05 0.165552 0.307489 0.028836 0.0855673 0.222655 0.0282428 0.161557
0.0426124 0.114795 0.468274 0.0416545 0.0346683 0.179404 0.0183361 0.100256
0.0219463 0.140402 0.457643 0.0178794 0.11798 0.111117 0.0423654 0.0906661
9.9973E-05 0.177348 9.9973E-05 9.9973E-05 0.699413 0.0665556 0.0141584 0.0422255
9.9982E-05 0.087186 0.506647 9.9982E-05 0.164505 0.165428 0.0318873 0.0441471
9.9964E-05 0.303887 9.9964E-05 9.9964E-05 0.384121 0.0871444 9.9964E-05 0.224448
9.9973E-05 0.0701837 0.458896 9.9973E-05 0.319998 0.15003 0.000592452 9.9973E-05
9.9946E-05 9.9946E-05 0.060044 9.9946E-05 0.939356 9.9946E-05 9.9946E-05 9.9946E-05
0.0518611 9.9955E-05 9.9955E-05 9.9955E-05 0.945979 9.9955E-05 0.00166034 9.9955E-05
9.9946E-05 9.9946E-05 0.459665 9.9946E-05 0.539735 9.9946E-05 9.9946E-05 9.9946E-05
9.9973E-05 0.00706755 0.564013 9.9973E-05 0.398522 0.0132361 0.0168615 9.9973E-05
9.9955E-05 9.9955E-05 0.356903 0.0055336 0.637064 9.9955E-05 9.9955E-05 9.9955E-05
9.99481E-05 9.99481E-05 0.546836 9.99481E-05 0.452565 9.99481E-05 9.99481E-05 9.99481E-05
9.9946E-05 9.9946E-05 0.528186 9.9946E-05 0.471214 9.9946E-05 9.9946E-05 9.9946E-05
9.9973E-05 0.851125 0.0332733 0.0731481 0.00736841 9.9973E-05 0.0347857 9.9973E-05
0.016875 0.737031 0.0416992 0.0913443 0.00763377 0.0452006 0.0423471 0.017869
9.9991E-05 0.908615 0.00277669 0.0382345 0.01031 0.010072 0.0269528 0.00293923
9.9964E-05 0.903268 0.0297243 9.9964E-05 9.9964E-05 9.9964E-05 0.0426306 0.0239777
0.370484 0.0349087 0.539114 9.9982E-05 9.9982E-05 0.0349442 0.0108511 0.00949797
0.315536 0.042663 0.528476 0.0758511 0.0131882 9.9982E-05 0.0240862 9.9982E-05
0.434697 0.0144884 0.519787 9.9964E-05 9.9964E-05 9.9964E-05 0.0306272 9.9964E-05
0.232217 0.0226179 0.602876 0.089013 9.9982E-05 9.9982E-05 0.0273897 0.0256863
0.122607 0.108234 0.58595 0.108961 9.9982E-05 9.9982E-05 0.0055028 0.0685456
0.554643 0.0269294 0.256811 0.139871 9.9973E-05 9.9973E-05 0.0214465 9.9973E-05
0.338893 9.9964E-05 0.644076 9.9964E-05 0.000937206 9.9964E-05 0.0156942 9.9964E-05
0.577058 9.9973E-05 0.234294 9.9973E-05 0.0901652 9.9973E-05 0.0226397 0.0755429
9.9991E-05 0.308373 0.428819 0.069049 0.0151917 0.132202 0.0363017 0.00996448
0.401073 9.9973E-05 0.396241 9.9973E-05 0.111566 0.0180144 9.9973E-05 0.072805
0.528851 0.00637023 0.355785 0.0924393 9.9973E-05 9.9973E-05 0.016255 9.9973E-05
0.415412 9.9964E-05 0.507834 9.9964E-05 0.0478359 9.9964E-05 9.9964E-05 0.0285184
0.446095 0.000345402 0.403411 0.12147 9.9982E-05 0.0165238 0.0119547 9.9982E-05
0.414126 9.9955E-05 0.541466 9.9955E-05 0.043908 9.9955E-05 9.9955E-05 9.9955E-05
0.325991 0.0739621 0.503797 0.0217333 0.0428885 0.000929872 0.0305987 9.9991E-05
0.843135 9.9964E-05 0.00671051 9.9964E-05 0.0777494 9.9964E-05 9.9964E-05 0.0720051
0.551321 9.9982E-05 0.292671 9.9982E-05 0.0586496 0.0248675 0.00129802 0.0709931
0.548517 9.9973E-05 0.348866 9.9973E-05 0.0501418 0.00891876 9.9973E-05 0.0432568
0.822675 9.9955E-05 9.9955E-05 9.9955E-05 0.0589879 9.9955E-05 9.9955E-05 0.117838
0.391493 0.0501103 0.430614 0.108566 9.9973E-05 9.9973E-05 0.018917 9.9973E-05
0.644399 9.9964E-05 0.0645959 9.9964E-05 0.0474657 9.9964E-05 9.9964E-05 0.24314
0.830026 9.9955E-05 9.9955E-05 9.9955E-05 0.0308182 9.9955E-05 9.9955E-05 0.138656
0.341576 0.0407478 0.552611 9.9991E-05 0.0336299 0.00198108 0.00207488 0.02728
0.618295 0.00748454 0.157313 0.188032 9.9982E-05 0.0116561 0.0170197 9.9982E-05
0.39988 0.00764638 0.461022 0.0933981 9.9973E-05 0.0377536 9.9973E-05 9.9973E-05
0.204685 0.124099 0.554264 0.0264461 9.9991E-05 0.00173477 0.00936952 0.0793016
0.376319 0.0103754 0.503635 0.0818065 9.9973E-05 9.9973E-05 0.0275643 9.9973E-05
0.0613875 9.9982E-05 0.344153 0.266495 0.154671 0.0267456 9.9982E-05 0.146348
0.31365 0.044694 0.541295 0.0803157 9.9982E-05 0.0157746 0.00407096 9.9982E-05
0.320067 0.00757695 0.539061 0.13044 9.9973E-05 9.9973E-05 0.00255413 9.9973E-05
0.546386 9.9973E-05 0.292769 9.9973E-05 0.0851543 0.0187294 9.9973E-05 0.0566617
0.236779 0.11167 0.498875 0.0959532 0.0190511 0.00970221 0.0278694 9.9991E-05
9.9964E-05 0.606415 9.9964E-05 0.283985 9.9964E-05 9.9964E-05 0.0448689 0.0643309
0.0248669 0.713539 0.00402028 0.152073 9.9982E-05 9.9982E-05 0.0605147 0.0447865
9.9964E-05 0.649308 9.9964E-05 0.1249 9.9964E-05 9.9964E-05 0.184752 0.0406395
9.9964E-05 0.729817 9.9964E-05 0.147251 9.9964E-05 9.9964E-05 0.0984865 0.0240452
0.0142784 0.70451 9.9973E-05 0.179985 9.9973E-05 9.9973E-05 0.0396508 0.0612759
0.645804 0.0512265 0.117127 0.185443 9.9964E-05 9.9964E-05 9.9964E-05 9.9964E-05
0.712731 0.0348772 0.111742 0.125573 9.9973E-05 9.9973E-05 0.0147773 9.9973E-05
0.758411 9.9973E-05 0.145196 9.9973E-05 0.0236964 0.0244104 9.9973E-05 0.0479861
0.172446 0.123938 0.558442 0.0303086 0.0756797 0.00580788 0.00509227 0.0282851
0.218289 0.113498 0.532598 0.0336049 0.0134912 0.0351025 0.0183588 0.0350585
0.695545 0.0254209 0.201315 9.9982E-05 0.0160805 0.0226198 9.9982E-05 0.0388186
0.279285 9.9973E-05 0.596019 9.9973E-05 9.9973E-05 0.0398525 0.0315609 0.052983
0.46137 0.0499794 0.353344 9.9982E-05 0.0980111 0.0213215 0.0157734 9.9982E-05
0.393319 0.0449715 0.48939 0.0490531 0.018209 9.9982E-05 0.00485658 9.9982E-05
0.307612 0.0566614 0.559439 9.9991E-05 0.000838011 0.0497709 0.00503538 0.0205433
0.616677 9.9964E-05 0.224709 0.133694 9.9964E-05 9.9964E-05 0.0245202 9.9964E-05
0.574144 9.9964E-05 0.29736 0.109289 9.9964E-05 9.9964E-05 0.0188075 9.9964E-05
0.514557 9.9964E-05 0.334437 0.148342 9.9964E-05 9.9964E-05 0.00226437 9.9964E-05
9.9964E-05 0.0884053 0.660863 0.0604647 9.9964E-05 9.9964E-05 9.9964E-05 0.189868
0.484961 9.99711E-05 0.404366 0.093281 9.99711E-05 9.99711E-05 0.0169918 9.99711E-05
0.455928 0.0209371 0.396339 0.10248 9.9973E-05 9.9973E-05 0.0240152 9.9973E-05
0.0177797 0.0896642 0.459531 9.9973E-05 9.9973E-05 0.315468 9.9973E-05 0.117258
9.9982E-05 0.0779694 0.318545 9.9982E-05 0.0326347 0.43228 0.0330976 0.105273
9.9991E-05 0.0961416 0.426411 0.00205546 0.0145596 0.398942 0.00669106 0.055099
9.9982E-05 0.115183 0.247694 9.9982E-05 0.0291257 0.523182 0.024578 0.0600371
9.9991E-05 0.108744 0.447688 0.0923814 0.0451592 0.285587 0.0153358 0.00500421
0.184886 0.0224388 0.536819 9.9973E-05 9.9973E-05 9.9973E-05 0.0030062 0.25255
9.9973E-05 0.240323 9.9973E-05 0.00648521 9.9973E-05 0.662594 0.0113933 0.0789051
9.9991E-05 0.161567 0.27828 0.00473178 0.0271312 0.474927 0.0291582 0.0241048
0.0418256 0.137266 0.381731 0.00271033 9.9991E-05 0.124062 0.0222475 0.290058
0.0224799 0.0604814 0.533433 0.0835137 9.9991E-05 0.0118497 0.0378586 0.250284
0.00877754 0.0953728 0.519708 0.0892436 9.9982E-05 9.9982E-05 0.0172777 0.269421
9.9982E-05 0.0893377 0.605724 0.0655712 9.9982E-05 0.00257604 0.0256281 0.210963
9.9982E-05 0.152975 0.63338 0.0451193 9.9982E-05 0.00901456 0.0096407 0.14967
9.9982E-05 0.166408 0.355688 0.000931721 9.9982E-05 0.462217 0.00914437 0.00541131
0.0127664 0.138225 0.443951 0.0208199 0.00816803 0.34214 9.9991E-05 0.0338301
9.9964E-05 0.0752309 0.38616 9.9964E-05 9.9964E-05 0.515756 0.0224538 9.9964E-05
0.0407783 0.12621 0.348188 0.0591416 0.00311797 0.316341 0.0227166 0.0835068
0.0172781 0.183534 0.242615 0.00751145 0.0292835 0.476259 0.000735108 0.0427832
0.0137561 0.140996 0.411853 0.00922726 0.0824392 0.316017 0.0256115 9.9991E-05
9.9991E-05 0.125343 0.266722 0.00385853 0.00946584 0.527477 0.0244995 0.0425342
0.0230999 0.0749018 0.437165 0.0246937 0.0417541 0.303695 0.024989 0.0697014
0.0492265 0.081301 0.500379 9.9982E-05 9.9982E-05 0.0166933 0.00795136 0.344249
0.00355557 0.166257 0.408018 9.9973E-05 9.9973E-05 0.344391 9.9973E-05 0.0774781
0.00412301 0.207974 0.145975 9.9982E-05 9.9982E-05 0.555544 0.0327216 0.0534627
0.0696391 0.115451 0.351126 0.0612808 0.025177 0.356839 0.020387 9.9991E-05
0.0226076 0.112264 0.346334 0.138831 9.9982E-05 9.9982E-05 0.0112873 0.368476
9.9964E-05 9.9964E-05 0.621129 9.9964E-05 9.9964E-05 0.011006 0.0246064 0.342859
9.9991E-05 0.128863 0.403532 0.0340928 0.0222643 0.354256 0.0182261 0.0386663
9.9973E-05 0.110271 0.555737 0.107234 9.9973E-05 9.9973E-05 0.0108479 0.215611
9.9973E-05 0.0788968 0.524956 0.0859824 9.9973E-05 9.9973E-05 0.0288374 0.281028
0.0414771 0.189548 0.33701 0.0176372 0.0331537 0.206054 0.0156794 0.159442
0.0208809 0.181603 0.379391 9.9991E-05 0.0493802 0.236496 0.0272897 0.104859
0.0901261 0.10133 0.576652 0.0719548 9.9991E-05 0.0372989 0.0172612 0.105277
0.0600075 0.109736 0.414855 0.0404377 9.9982E-05 0.340973 0.0337903 9.9982E-05
0.00432073 0.111809 0.44625 0.0343991 9.9991E-05 0.387428 0.00978667 0.00590592
9.9964E-05 0.174498 0.152829 9.9964E-05 9.9964E-05 0.602473 9.9964E-05 0.0697999
9.9991E-05 0.0936698 0.635868 0.0593131 0.0709861 0.0268699 0.043329 0.0698645
0.0225012 0.0835652 0.460055 0.0295635 9.9982E-05 9.9982E-05 0.0126273 0.391488
0.00534897 0.00606786 0.21821 9.9973E-05 9.9973E-05 9.9973E-05 0.00405882 0.766014
0.0343607 0.142839 0.588356 0.0638852 9.9991E-05 0.023286 0.00905906 0.138114
9.9982E-05 0.102437 0.420712 0.149841 0.0856397 9.9982E-05 0.0160364 0.225133
0.01796 0.173612 0.495505 9.9991E-05 0.00502202 0.128073 0.0140882 0.16564
9.9982E-05 0.0839912 0.495821 0.024372 9.9982E-05 0.0918921 0.0411977 0.262526
9.9964E-05 0.286049 9.9964E-05 9.9964E-05 9.9964E-05 0.120056 0.006099 0.587396
9.9964E-05 0.184234 9.9964E-05 9.9964E-05 9.9964E-05 0.0610047 0.0170939 0.737268
