9.9973E-05 0.0171905 9.9973E-05 0.0339213 0.03465 0.0423027 0.871636 9.9973E-05
9.9973E-05 0.0143959 9.9973E-05 0.00207429 9.9973E-05 0.0350701 0.940354 0.00780625
0.0285305 9.9973E-05 0.0251334 9.9973E-05 0.05583 0.0201623 0.870044 9.9973E-05
9.9982E-05 0.0141522 0.0101673 9.9982E-05 0.139474 0.0364673 0.794028 0.00551112
9.9946E-05 9.9946E-05 9.9946E-05 9.9946E-05 0.084162 9.9946E-05 0.915238 9.9946E-05
0.0584299 0.0623616 0.102674 0.0393238 0.0892573 0.00812324 0.63973 9.9991E-05
0.0432088 0.000271884 0.13652 9.9982E-05 0.00778769 0.0296792 0.782333 9.9982E-05
0.00858287 0.0945189 0.136727 0.0102021 0.0256271 0.0253197 0.684091 0.0149308
9.99639E-05 0.128307 0.0501143 9.99639E-05 9.99639E-05 0.00735086 0.813828 9.99639E-05
0.000187057 0.0588302 0.0989909 9.9991E-05 0.0281411 0.0089304 0.758427 0.0463938
9.9982E-05 0.0426579 0.116196 9.9982E-05 0.094741 0.0117732 0.733101 0.00133096
0.15262 0.484207 0.0748562 0.0255775 0.232923 9.9982E-05 0.0296168 9.9982E-05
0.0702859 0.274285 9.9991E-05 0.0224907 0.527528 0.0198078 0.0498237 0.0356796
0.0845553 0.445736 0.0695401 0.0733384 0.281884 0.00698525 9.9991E-05 0.0378606
0.0578535 0.432421 0.0658725 0.108624 0.287261 9.9982E-05 0.0477685 9.9982E-05
0.0425428 0.304124 0.0465343 0.118353 0.407688 0.0128011 0.0678568 9.9991E-05
9.9982E-05 0.201364 0.0778704 0.0780029 0.617017 9.9982E-05 0.00934459 0.0162011
0.0819526 0.254055 0.0759614 0.022646 0.536141 0.0290441 9.9982E-05 9.9982E-05
0.0264628 0.38408 0.110154 0.0611345 0.312341 0.0225584 0.0831694 9.9991E-05
0.0404476 0.687661 0.17563 0.0174475 0.0676906 9.9982E-05 0.010923 9.9982E-05
0.0803231 0.294658 0.0905127 0.0150146 0.461734 0.00842145 0.0410381 0.00829841
0.0647087 0.162665 0.217192 0.0219339 0.45845 0.0135593 0.0186575 0.0428337
0.117224 0.179623 0.0393806 0.00975832 0.591903 0.0116035 0.0504081 9.9991E-05
0.143198 0.380975 0.0986091 0.0561616 0.248556 0.0131784 0.0592217 9.9991E-05
9.9982E-05 0.125106 0.0506385 0.0617725 0.645125 9.9982E-05 0.0860076 0.03115
0.0826015 0.237625 0.0661406 0.0303661 0.535849 0.0260488 0.021269 9.9991E-05
0.133639 0.508883 0.0406636 0.0222514 0.241128 9.9982E-05 0.0532357 9.9982E-05
0.0676409 0.436395 0.0955286 0.0341394 0.315447 9.9982E-05 0.0506493 9.9982E-05
0.0983495 0.485797 0.14105 9.9964E-05 0.274403 9.9964E-05 9.9964E-05 9.9964E-05
9.994E-05 9.994E-05 9.994E-05 9.994E-05 9.994E-05 0.9993 9.994E-05 9.994E-05
9.994E-05 9.994E-05 9.994E-05 9.994E-05 9.994E-05 0.9993 9.994E-05 9.994E-05
9.9964E-05 9.9964E-05 9.9964E-05 0.0672388 0.0756448 0.362599 0.494118 9.9964E-05
9.9973E-05 9.9973E-05 0.00421337 0.0735837 0.118801 0.333423 0.469679 9.9973E-05
0.288548 0.0676304 0.0943646 9.9991E-05 0.469825 0.0101821 0.0598751 0.00947471
0.286204 0.0983767 9.9991E-05 0.0802185 0.460202 0.0212413 0.0489446 0.00471276
0.388484 9.9982E-05 0.0304134 0.0260648 0.504059 9.9982E-05 0.0238903 0.0268883
0.0787326 0.659861 9.9991E-05 0.0183888 0.187739 0.000116835 0.0314751 0.0235863
0.587934 9.9982E-05 0.0984816 0.00786039 0.257365 0.0148232 9.9982E-05 0.0333364
0.203984 0.148262 9.9991E-05 0.0728605 0.494845 0.0104322 0.0671965 0.00232004
0.221375 0.0154506 0.00361862 9.9982E-05 0.693169 0.022859 0.0433273 9.9982E-05
0.0788044 0.0604231 0.225014 9.9982E-05 0.558074 0.016286 0.061199 9.9982E-05
0.102673 0.0778836 0.036532 0.00450728 0.60977 0.015927 0.101946 0.050761
0.65395 0.152369 9.9964E-05 9.9964E-05 0.144196 9.9964E-05 0.0490858 9.9964E-05
9.9973E-05 0.00254884 0.277212 9.9973E-05 0.660092 0.000777919 0.0590697 9.9973E-05
0.253623 0.00231167 9.9991E-05 0.0532679 0.526415 0.00261509 0.0910259 0.0706412
0.138003 0.0355864 0.105732 0.0641805 0.556463 0.0111383 0.0887958 9.9991E-05
0.647696 9.9955E-05 9.9955E-05 9.9955E-05 0.332972 9.9955E-05 9.9955E-05 0.0188315
0.291923 9.9973E-05 9.9973E-05 0.0225569 0.564421 0.014226 0.106573 9.9973E-05
0.145266 0.0678088 0.0609743 0.0686188 0.530491 0.00103653 0.0782678 0.0475364
0.679458 0.00486455 0.288829 9.9964E-05 9.9964E-05 9.9964E-05 9.9964E-05 0.0264485
0.0776678 0.595026 0.130123 9.9973E-05 0.184126 9.9973E-05 9.9973E-05 0.0127583
0.156014 0.221957 0.259325 0.0348699 0.180043 9.9991E-05 0.000317039 0.147374
0.0335558 0.124087 0.0285095 0.0846692 0.530134 0.0171907 0.10164 0.0802138
0.0445323 0.132124 0.0781679 0.0577069 0.553356 9.9991E-05 0.0493128 0.0847006
0.0303597 0.0685567 0.0946589 0.0353346 0.638046 0.00648827 0.0494079 0.0771483
0.0990692 0.479567 0.0644851 9.9982E-05 0.219901 0.00854529 0.128233 9.9982E-05
0.0464694 0.301826 0.0239179 9.9982E-05 0.559089 0.0302045 9.9982E-05 0.0382928
0.103919 0.137547 0.0760654 0.0489988 0.576671 0.0195216 0.0371769 9.9991E-05
0.0895551 0.264555 0.0928216 0.0113679 0.405725 9.9991E-05 0.125351 0.0105238
0.121621 0.449824 0.122376 0.0146461 0.152563 9.9982E-05 0.13877 9.9982E-05
0.0641366 0.145771 0.0602609 0.0410292 0.553961 0.0409357 0.0399549 0.0539506
0.0309205 0.239539 0.0617046 0.0158316 0.505735 0.0489406 0.0221726 0.0751567
0.134771 0.545985 0.154711 9.9982E-05 0.101942 0.0604953 0.00189619 9.9982E-05
0.0852153 0.386285 0.0254437 9.9991E-05 0.413648 0.0148294 0.0145558 0.0599225
0.0366288 0.124127 0.0289906 0.0956651 0.534013 0.0095256 0.0270718 0.143978
0.0198411 0.148537 0.0841822 9.9991E-05 0.621699 0.0299149 0.0667522 0.0289742
0.142374 0.388237 0.0532047 0.0532639 0.261045 0.0466834 0.0382264 0.0169654
0.0672967 0.233573 0.0505458 0.0312906 0.473971 0.0311175 0.0216376 0.0905679
0.119411 0.169454 9.9991E-05 0.0260621 0.551637 0.0463299 0.0289056 0.0581002
0.141504 0.457543 0.10881 9.9982E-05 0.245574 0.0372516 9.9982E-05 0.0091179
0.479664 9.9964E-05 9.9964E-05 9.9964E-05 0.462073 0.017365 0.0404975 9.9964E-05
0.699191 0.0808119 9.9973E-05 0.0164644 0.187473 0.0157596 9.9973E-05 9.9973E-05
0.28319 0.0527009 0.0220171 0.0431651 0.4674 0.0159712 0.115455 9.9991E-05
0.884169 9.9964E-05 0.0570869 0.00184921 9.9964E-05 9.9964E-05 9.9964E-05 0.0564949
0.896138 9.9955E-05 0.0886069 9.9955E-05 9.9955E-05 9.9955E-05 9.9955E-05 0.0147555
0.712518 9.9964E-05 0.0128507 9.9964E-05 0.228068 9.9964E-05 9.9964E-05 0.0461639
0.395911 0.0591243 9.9973E-05 9.9973E-05 0.490472 0.0251491 0.0290432 9.9973E-05
0.128229 0.0773251 0.0416578 0.0304152 0.541085 0.0331998 0.0623083 0.0857805
0.510988 9.9973E-05 9.9973E-05 0.00304497 0.459611 0.00176815 9.9973E-05 0.0242881
0.649671 0.145557 9.9964E-05 9.9964E-05 0.14557 9.9964E-05 0.0588026 9.9964E-05
0.533594 0.176958 9.9964E-05 9.9964E-05 0.264336 0.0247123 9.9964E-05 9.9964E-05
0.311568 0.0332635 9.9991E-05 0.0319432 0.523359 0.0217102 0.0637753 0.0142807
0.541848 0.0842427 9.9964E-05 9.9964E-05 0.350375 0.0231345 9.9964E-05 9.9964E-05
0.434916 0.0675141 9.9982E-05 9.9982E-05 0.441549 0.0317532 0.0234414 0.000626374
0.470489 9.9973E-05 0.0298889 9.9973E-05 0.442019 9.9973E-05 0.00894334 0.0483594
0.694648 9.9955E-05 0.193519 9.9955E-05 9.9955E-05 9.9955E-05 9.9955E-05 0.111332
0.303659 9.9991E-05 0.00886202 0.0108056 0.602417 0.0185321 0.0433525 0.0122715
9.9964E-05 0.0756929 9.9964E-05 9.9964E-05 0.0652584 0.0695873 0.789062 9.9964E-05
9.9955E-05 9.9955E-05 9.9955E-05 9.9955E-05 0.0715254 0.0632695 0.864705 9.9955E-05
9.9964E-05 9.9964E-05 9.9964E-05 0.0126719 0.13787 0.0392525 0.809806 9.9964E-05
9.9964E-05 9.9964E-05 9.9964E-05 0.043711 0.014692 0.0270403 0.914157 9.9964E-05
9.9964E-05 9.9964E-05 9.9964E-05 0.0286031 0.0108026 0.0347712 0.925423 9.9964E-05
9.9973E-05 9.9973E-05 9.9973E-05 0.0623251 0.0556087 0.015554 0.846326 0.0198865
9.9955E-05 9.9955E-05 9.9955E-05 9.9955E-05 0.0627849 0.020649 0.916066 9.9955E-05
0.205684 0.0718292 0.0219601 0.0434521 0.547358 0.0153141 0.0943031 9.9991E-05
0.210654 0.0559946 0.0469245 0.076158 0.491057 0.0486773 0.0635618 0.00697279
0.7117 0.199298 9.9973E-05 9.9973E-05 0.0187884 9.9973E-05 0.0579315 0.0119818
0.131328 0.091729 0.00544602 0.0103815 0.579987 0.014197 0.0997452 0.0671858
0.42768 0.125665 9.9973E-05 9.9973E-05 0.388047 0.0199851 0.0383225 9.9973E-05
0.389476 9.9973E-05 9.9973E-05 9.9973E-05 0.521718 0.0133854 0.0741044 0.00101648
0.281369 9.9991E-05 0.0810354 0.0106806 0.524626 0.00291554 0.0428272 0.0564463
0.410533 0.0306154 9.9991E-05 0.0311724 0.470595 0.0173138 0.0101541 0.0295166
0.685796 0.275155 9.9964E-05 9.9964E-05 9.9964E-05 0.0130935 0.0255558 9.9964E-05
0.170317 0.0849863 0.0100465 9.9991E-05 0.527355 0.00214205 0.155781 0.0492723
0.172584 0.0522969 0.011738 0.0299319 0.65474 0.00831878 0.0702903 9.9991E-05
0.131528 0.0838516 0.0993082 0.00899016 0.561337 0.00906415 0.105821 9.9991E-05
0.531647 0.00352968 0.128074 0.0121361 0.253895 0.00969306 9.9991E-05 0.0609242
0.385275 9.9964E-05 0.00404147 9.9964E-05 0.502553 9.9964E-05 9.9964E-05 0.10773
0.375671 0.154144 9.9964E-05 9.9964E-05 0.453919 9.9964E-05 0.0158654 9.9964E-05
0.554975 9.9973E-05 9.9973E-05 0.0130159 0.370634 0.000771608 9.9973E-05 0.0603032
0.431641 0.0947645 9.9964E-05 9.9964E-05 0.426986 9.9964E-05 0.0462087 9.9964E-05
0.125686 0.1012 0.0787438 0.0596401 0.528139 9.9991E-05 0.0660738 0.040417
0.0390915 0.34953 0.0925058 0.0317225 0.293706 0.0166397 9.9991E-05 0.176705
0.0311169 0.371447 0.109989 9.9982E-05 0.420174 0.0110364 0.0560367 9.9982E-05
9.9991E-05 0.166425 0.07364 0.0136413 0.580581 0.0100166 0.115254 0.0403421
0.0383931 0.135398 0.0691146 0.0715306 0.566455 9.9991E-05 0.0534319 0.0655771
0.0559424 0.392697 0.0189577 0.00691934 0.463742 0.0280364 0.0336059 9.9991E-05
0.017255 0.22551 0.12558 9.9973E-05 0.606618 9.9973E-05 0.0247367 9.9973E-05
9.9973E-05 0.421493 9.9973E-05 9.9973E-05 0.468619 0.00186004 0.0704019 0.0373259
9.9991E-05 0.131285 0.153561 0.0103325 0.556106 0.0323068 0.0565345 0.0597741
0.0606235 0.17608 0.0530911 0.064871 0.53693 0.0261974 0.0422531 0.0399534
9.9982E-05 0.296021 0.0425803 9.9982E-05 0.585202 0.00349918 0.0412534 0.0312439
0.049583 0.301255 0.0113436 9.9991E-05 0.563421 0.00540141 0.0295313 0.0393641
0.0229335 0.198071 0.00495962 0.0943198 0.591504 9.9991E-05 0.0396658 0.0484469
0.0120888 0.11748 0.104406 0.0560069 0.590082 9.9991E-05 0.0810072 0.038829
9.9982E-05 0.17147 0.0853866 0.0330019 0.631183 9.9982E-05 0.0148689 0.0638894
0.0159629 0.0992331 0.082574 0.0419063 0.601442 0.0351054 0.0596336 0.0641427
9.9973E-05 0.227369 9.9973E-05 0.0666847 0.55074 9.9973E-05 0.00763007 0.147277
0.0249716 0.253168 0.149353 0.0322215 0.356643 0.0211873 0.056811 0.105645
0.047034 0.152138 0.0208614 0.0469877 0.581491 0.011937 0.0380926 0.101458
9.9991E-05 0.142012 0.0662084 0.00864602 0.682953 0.00834782 0.0219104 0.0698222
0.105763 0.598342 0.022253 0.0227676 0.207312 9.9991E-05 0.00458373 0.0388792
0.103857 0.30613 0.194313 0.0148332 0.157983 9.9982E-05 9.9982E-05 0.222684
0.0609662 0.229737 0.0521122 0.0628991 0.485666 0.0300529 0.00443687 0.0741294
0.106831 0.373352 0.203178 0.00685651 0.0908773 9.9982E-05 9.9982E-05 0.218705
0.0425503 0.523937 0.0312948 9.9982E-05 0.370461 0.00702414 9.9982E-05 0.0245326
0.0524931 0.414242 9.9964E-05 9.9964E-05 0.453326 9.9964E-05 9.9964E-05 0.0795395
0.0891556 0.49285 0.0018402 9.9991E-05 0.360474 0.0296358 0.000875091 0.0250691
0.0618592 0.508988 0.0261207 9.9973E-05 0.360179 9.9973E-05 9.9973E-05 0.042553
0.042654 0.226761 0.0681477 9.9991E-05 0.600152 0.0252045 0.0155197 0.0214616
0.0357609 0.15178 9.9982E-05 0.00688599 0.597294 9.9982E-05 0.12091 0.0871699
0.0822959 0.206028 0.0226053 0.0320648 0.591972 9.9991E-05 0.0280761 0.0368579
0.0663052 0.376447 0.190139 0.0244263 0.16799 9.9982E-05 9.9982E-05 0.174493
0.0561998 0.0668804 0.089513 0.0341959 0.529205 9.9991E-05 0.160479 0.0634268
0.0380708 0.0195425 0.262517 0.0173231 0.530118 9.9991E-05 0.0783129 0.0540163
0.127453 0.0920541 0.61481 9.9982E-05 9.9982E-05 0.0118232 0.0457078 0.107952
0.058606 0.049206 0.129496 0.0206891 0.687757 9.9982E-05 0.0540456 9.9982E-05
0.0938884 0.0779031 0.344761 0.0251393 0.312735 0.00569084 0.0610521 0.0788305
9.9991E-05 0.0755143 0.200916 0.0357519 0.509908 0.0204632 0.107286 0.0500608
0.0819404 0.131068 0.458231 9.9982E-05 0.277784 0.0210655 0.0297117 9.9982E-05
0.0889485 0.121801 0.592296 9.9991E-05 0.108515 0.0047646 0.0111913 0.0723828
0.0908594 0.0835536 0.286044 0.0148848 0.408589 0.0113466 0.0208567 0.0838659
0.0313498 0.0844951 0.208978 0.0612966 0.496924 0.00814568 0.0681537 0.0406575
0.0446237 0.0882004 0.19827 0.0272695 0.447141 0.0369759 0.104782 0.052738
0.188091 0.10134 0.378039 0.0553451 0.102524 0.0252088 0.0122931 0.137159
0.0597701 0.0674775 0.124527 0.110836 0.502667 0.00146853 0.0838497 0.0494043
0.114151 0.0656715 0.379614 9.9973E-05 0.344092 9.9973E-05 9.9973E-05 0.0961708
0.0921339 0.139562 0.213588 9.9973E-05 0.468942 9.9973E-05 9.9973E-05 0.085474
0.0483762 0.0506848 0.157789 9.9982E-05 0.624809 0.00385104 0.114291 9.9982E-05
0.00117519 9.9982E-05 0.266987 0.214323 0.168978 0.0259279 0.322409 9.9982E-05
9.9964E-05 9.9964E-05 0.457788 0.123974 9.9964E-05 0.00570213 0.412137 9.9964E-05
9.9964E-05 9.9964E-05 0.477492 0.135128 9.9964E-05 0.00778893 0.379191 9.9964E-05
9.9973E-05 9.9973E-05 0.31575 0.233076 0.11311 0.00922938 0.328535 9.9973E-05
0.0852789 0.0142484 0.23625 9.9982E-05 0.619469 0.00619613 9.9982E-05 0.0383575
0.0699878 0.021717 0.130751 0.00337561 0.644502 0.0240672 0.0888876 0.0167115
9.9955E-05 9.9955E-05 9.9955E-05 0.646956 0.350954 0.00158981 9.9955E-05 9.9955E-05
0.0292106 0.0739682 9.9991E-05 0.413573 0.430361 0.0170725 0.0352158 0.000499279
0.0339366 0.0683232 0.00909855 0.399859 0.358954 0.031057 0.0747422 0.0240298
0.0669421 0.0506221 0.43517 9.9973E-05 0.298413 9.9973E-05 9.9973E-05 0.148553
0.124519 0.0717296 0.120993 0.0649943 0.457505 0.022873 0.0877783 0.0496068
0.0302555 0.0702393 0.501803 9.9973E-05 0.280642 9.9973E-05 9.9973E-05 0.11676
0.00874195 9.9973E-05 0.239904 9.9973E-05 0.579465 9.9973E-05 0.0569906 0.114598
0.0168746 0.0559457 0.261166 9.9982E-05 0.507398 9.9982E-05 0.0224753 0.135941
0.0246288 0.0041891 0.303033 9.9982E-05 0.596201 0.00178688 9.9982E-05 0.0699612
0.0794304 0.0231706 0.57307 9.9973E-05 0.244435 9.9973E-05 9.9973E-05 0.0795941
0.0917013 9.9973E-05 0.188095 9.9973E-05 0.656248 0.0565254 9.9973E-05 0.00712989
0.0434885 0.0379092 0.167341 0.0179006 0.607979 0.0139814 0.0937645 0.0176357
0.0175214 9.9955E-05 9.9955E-05 0.956452 0.0255267 9.9955E-05 9.9955E-05 9.9955E-05
9.9964E-05 0.00386925 9.9964E-05 0.911386 0.0499521 9.9964E-05 9.9964E-05 0.0343924
0.0547258 0.0385344 9.9991E-05 0.558039 0.275604 0.0165417 0.0337417 0.0227135
9.9964E-05 0.0200842 9.9964E-05 0.601363 0.35211 0.0260432 9.9964E-05 9.9964E-05
9.9964E-05 0.0490424 9.9964E-05 0.799032 0.14026 0.0112651 9.9964E-05 9.9964E-05
9.994E-05 9.994E-05 9.994E-05 0.9993 9.994E-05 9.994E-05 9.994E-05 9.994E-05
9.9946E-05 0.0558595 9.9946E-05 0.943541 9.9946E-05 9.9946E-05 9.9946E-05 9.9946E-05
9.9955E-05 0.00213876 9.9955E-05 0.85703 0.140331 9.9955E-05 9.9955E-05 9.9955E-05
9.9955E-05 0.0453399 9.9955E-05 0.942589 9.9955E-05 0.0115715 9.9955E-05 9.9955E-05
9.994E-05 9.994E-05 9.994E-05 0.9993 9.994E-05 9.994E-05 9.994E-05 9.994E-05
9.994E-05 9.994E-05 9.994E-05 0.9993 9.994E-05 9.994E-05 9.994E-05 9.994E-05
9.9964E-05 0.00749187 9.9964E-05 0.773152 0.204863 9.9964E-05 0.0140933 9.9964E-05
9.9973E-05 0.0614383 9.9973E-05 0.796114 0.105806 0.00466045 0.0316809 9.9973E-05
9.994E-05 9.994E-05 9.994E-05 0.9993 9.994E-05 9.994E-05 9.994E-05 9.994E-05
0.0225715 0.123822 0.0366559 0.432434 0.301857 0.0204666 0.0546317 0.00756221
0.00519895 0.040853 9.9991E-05 0.623773 0.271298 0.00457729 0.0437693 0.0104306
9.9973E-05 0.0177753 9.9973E-05 0.808662 0.140991 0.00731784 0.0249533 9.9973E-05
0.013238 0.00253318 9.9973E-05 0.85973 0.122832 0.00136735 9.9973E-05 9.9973E-05
9.9946E-05 9.9946E-05 9.9946E-05 0.992896 0.00650437 9.9946E-05 9.9946E-05 9.9946E-05
9.9946E-05 9.9946E-05 9.9946E-05 0.935846 0.0635538 9.9946E-05 9.9946E-05 9.9946E-05
9.9946E-05 9.9946E-05 9.9946E-05 0.992133 9.9946E-05 0.0072675 9.9946E-05 9.9946E-05
0.0595488 0.0280777 9.9991E-05 0.621617 0.211063 0.00483555 0.0618213 0.0129364
0.0338899 9.9955E-05 9.9955E-05 0.958521 9.9955E-05 0.00708945 9.9955E-05 9.9955E-05
9.9964E-05 9.9964E-05 0.644994 0.0518553 9.9964E-05 9.9964E-05 0.226836 0.0759148
9.9982E-05 0.0630674 0.304521 0.0852088 0.360222 0.000269889 0.186512 9.9982E-05
9.9982E-05 9.9982E-05 0.299253 0.0387268 0.469904 0.00197449 0.137922 0.0520193
9.9973E-05 9.9973E-05 0.49833 0.092907 0.216765 9.9973E-05 0.168912 0.0227858
0.103393 0.0139424 0.193722 0.115208 0.455303 0.0336915 0.0846401 9.9991E-05
0.0349365 9.9991E-05 0.530816 0.109927 0.123721 0.0324638 0.150903 0.017133
9.9982E-05 9.9982E-05 0.200779 0.0453085 0.50589 0.00201138 0.169941 0.0758703
9.9964E-05 9.9964E-05 0.414547 0.107555 0.343865 9.9964E-05 0.133633 9.9964E-05
9.9973E-05 9.9973E-05 0.269433 0.084623 0.513173 0.0368896 0.0955819 9.9973E-05
0.0323257 0.0118914 0.319162 0.0971504 0.399745 0.0338327 0.105794 9.9991E-05
0.00957491 0.0135871 0.214217 0.0653239 0.49102 0.0271398 0.153149 0.0259883
0.0181334 0.00754648 0.00883869 9.9982E-05 0.0579015 0.00690411 0.900476 9.9982E-05
9.9964E-05 9.9964E-05 9.9964E-05 0.054715 9.9964E-05 0.0313697 0.880464 0.0330511
9.9973E-05 0.0232092 9.9973E-05 9.9973E-05 0.00224371 0.0406162 0.923818 0.0098128
0.00257431 9.9964E-05 0.0180044 9.9964E-05 9.9964E-05 0.00617481 0.972847 9.9964E-05
9.9964E-05 0.0246974 9.9964E-05 9.9964E-05 0.0641644 0.0563169 0.854422 9.9964E-05
9.9964E-05 9.9964E-05 9.9964E-05 0.00470436 9.9964E-05 0.0239353 0.949663 0.0212978
9.9964E-05 0.0122317 9.9964E-05 9.9964E-05 0.0681617 0.0331149 0.886092 9.9964E-05
9.9982E-05 0.0587853 0.00245662 9.9982E-05 0.0041897 0.0342812 0.890679 0.00940776
0.018693 9.9982E-05 0.0374511 0.0210467 0.0238248 0.0119824 0.886802 9.9982E-05
9.9982E-05 0.00413812 0.046407 0.0250958 0.0108856 0.0305618 0.882712 9.9982E-05
0.0172328 0.323999 0.0854172 9.9964E-05 9.9964E-05 9.9964E-05 0.572951 9.9964E-05
9.9973E-05 0.32766 0.0430399 9.9973E-05 9.9973E-05 0.0262961 0.594974 0.00772985
0.0465673 0.331116 0.082125 9.9973E-05 9.9973E-05 0.00294164 0.53695 9.9973E-05
0.0413131 0.381117 0.112853 9.9964E-05 9.9964E-05 9.9964E-05 0.464317 9.9964E-05
0.261017 0.145988 0.0163467 0.0243116 0.493226 0.0332688 0.0257418 9.9991E-05
0.3078 0.103552 9.9991E-05 0.0239567 0.448343 0.0181597 0.0357122 0.0623761
0.169041 0.201738 9.9982E-05 0.0290245 0.537596 9.9982E-05 0.0213497 0.0410503
0.311947 0.240611 0.0338568 9.9973E-05 0.377403 0.035882 9.9973E-05 9.9973E-05
0.0492079 0.642939 0.0633549 9.9973E-05 0.223209 9.9973E-05 9.9973E-05 0.0209894
0.163934 0.0604299 9.9982E-05 0.00924682 0.674575 9.9982E-05 0.0244256 0.0671891
0.263038 0.107831 0.0124694 0.0105646 0.600068 9.9982E-05 9.9982E-05 0.00582945
0.279385 0.0407846 0.0665466 9.9982E-05 0.520888 0.0129488 9.9982E-05 0.0792475
0.545574 9.9982E-05 0.00545265 0.00199981 0.37346 0.000251983 9.9982E-05 0.0730613
0.162435 0.0315934 0.0531962 0.0342215 0.60187 0.0223777 0.0456255 0.0486807
0.489377 0.0765335 9.9964E-05 9.9964E-05 0.423274 0.0104156 9.9964E-05 9.9964E-05
0.796601 0.0130135 0.0804921 9.9964E-05 9.9964E-05 9.9964E-05 9.9964E-05 0.109493
0.158609 0.103082 0.0201923 0.023839 0.582511 9.9991E-05 0.086912 0.0247556
0.625642 9.9964E-05 0.130389 9.9964E-05 0.165653 9.9964E-05 9.9964E-05 0.0779168
0.317371 0.0535742 0.00327507 0.0114812 0.487953 0.00512969 0.0279107 0.0933055
0.626462 0.219263 9.9964E-05 9.9964E-05 0.144432 9.9964E-05 0.00944422 9.9964E-05
0.00571982 0.763689 0.0825575 9.9964E-05 9.9964E-05 9.9964E-05 0.147634 9.9964E-05
9.9973E-05 0.735066 0.0425982 9.9973E-05 0.0537181 9.9973E-05 0.123171 0.0451466
0.0132296 0.786254 0.0875825 9.9982E-05 0.027475 0.00446658 0.080792 9.9982E-05
0.00650432 0.828921 0.0394203 9.9964E-05 9.9964E-05 9.9964E-05 0.124754 9.9964E-05
9.9973E-05 0.774973 0.0616551 9.9973E-05 0.10408 9.9973E-05 0.0526548 0.00633733
9.9982E-05 0.750291 0.0295267 0.0344882 0.0772404 9.9982E-05 0.0821852 0.0260681
0.0352955 0.0214772 9.9982E-05 0.0655084 0.0169219 0.0126887 0.847908 9.9982E-05
0.0105414 0.0289773 9.9982E-05 0.00593939 0.109589 0.0162968 0.828456 9.9982E-05
9.9991E-05 0.00397406 0.0125629 0.0383712 0.148956 0.0240389 0.752222 0.0197745
0.0550781 0.00891588 9.9982E-05 0.0733475 0.017482 0.00184817 0.843128 9.9982E-05
9.9973E-05 9.9973E-05 0.0383546 0.0161195 0.158169 0.00913828 0.777919 9.9973E-05
9.9964E-05 0.550599 0.0494438 9.9964E-05 9.9964E-05 0.00413236 0.395425 9.9964E-05
9.9982E-05 0.493084 0.0410162 0.00200124 9.9982E-05 0.0213067 0.42554 0.0168523
9.9973E-05 0.496114 9.9973E-05 9.9973E-05 0.0184585 0.0237117 0.424072 0.0373439
9.994E-05 9.994E-05 9.994E-05 9.994E-05 9.994E-05 0.9993 9.994E-05 9.994E-05
0.0272783 0.508499 0.0188501 9.9982E-05 9.9982E-05 0.0349401 0.383041 0.0271914
9.9964E-05 9.9964E-05 0.185551 0.267626 0.310578 9.9964E-05 0.235845 9.9964E-05
9.9973E-05 0.0266187 0.0916287 0.207987 0.515713 9.9973E-05 0.157753 9.9973E-05
9.9955E-05 9.9955E-05 9.9955E-05 0.202476 0.587987 9.9955E-05 0.209038 9.9955E-05
9.9973E-05 9.9973E-05 0.150941 0.248897 0.328855 9.9973E-05 0.259193 0.0118143
0.059781 0.100857 0.0414029 0.124668 0.496776 0.0443774 0.122744 0.0093931
9.9964E-05 9.9964E-05 0.297922 0.312246 9.9964E-05 0.00345188 0.38598 9.9964E-05
0.05434 0.399773 0.0385034 9.9982E-05 0.470082 9.9982E-05 0.00106573 0.0360355
0.075512 0.183251 0.142261 9.9973E-05 0.441343 9.9973E-05 9.9973E-05 0.157333
0.0733758 0.553246 0.0492358 9.9982E-05 0.313697 9.9982E-05 0.00574494 0.00450006
0.00151922 0.185048 0.100118 9.9973E-05 0.542001 9.9973E-05 9.9973E-05 0.171014
0.0582113 0.301794 0.351646 9.9964E-05 9.9964E-05 9.9964E-05 9.9964E-05 0.287949
0.0419311 0.152094 0.102132 0.0583429 0.587858 0.0195016 0.0224735 0.015667
0.0219225 0.158143 0.0984065 0.0161316 0.539363 0.0315791 0.0153461 0.119108
0.093126 0.436583 0.0799655 9.9982E-05 0.338844 0.0400756 9.9982E-05 0.0112057
0.150771 0.17426 0.054545 0.0517945 0.463592 9.9991E-05 0.0882423 0.0166953
0.145097 0.286353 0.258062 9.9973E-05 0.162999 9.9973E-05 9.9973E-05 0.14719
0.0653452 0.171742 0.0919407 9.9982E-05 0.59308 9.9982E-05 0.00180522 0.0758865
0.0227535 0.35845 0.0209975 9.9991E-05 0.521135 0.00967505 0.00745373 0.0594351
0.0688239 0.0582277 0.153365 0.118217 0.451508 9.9991E-05 0.110445 0.039313
0.106862 0.24096 0.171305 9.9973E-05 0.355049 9.9973E-05 9.9973E-05 0.125524
0.10084 0.204613 0.149015 9.9973E-05 0.423487 9.9973E-05 9.9973E-05 0.121746
0.0834534 0.157947 0.0617256 9.9973E-05 0.587125 9.9973E-05 9.9973E-05 0.109449
0.061884 0.199405 0.110494 9.9982E-05 0.555464 0.0118598 9.9982E-05 0.0606943
0.0277126 0.112644 0.0743687 0.0499502 0.613078 0.0221648 0.0355159 0.064566
0.0899649 0.144746 0.00227886 0.0320794 0.564414 0.0260275 0.100831 0.0396592
0.0680255 0.1775 0.034584 9.9991E-05 0.611516 0.00416255 0.0861874 0.017924
9.9964E-05 9.9964E-05 9.9964E-05 0.0417989 0.123275 0.00598751 0.828539 9.9964E-05
9.9946E-05 9.9946E-05 9.9946E-05 9.9946E-05 0.119157 9.9946E-05 0.880244 9.9946E-05
9.9973E-05 0.011638 0.0449337 9.9973E-05 0.0494362 0.0420379 0.851654 9.9973E-05
0.00441893 9.9982E-05 9.9982E-05 0.0603324 0.00653951 0.0139198 0.904307 0.0102826
9.9955E-05 9.9955E-05 9.9955E-05 9.9955E-05 0.0936631 0.0218194 0.884018 9.9955E-05
0.106088 0.603207 0.108356 0.0442379 0.10979 0.0146945 0.0135262 9.9991E-05
0.0242764 0.17704 0.0870115 0.00950743 0.540635 9.9991E-05 0.0579721 0.103458
9.9991E-05 0.0181049 0.125509 0.235687 0.39803 0.000473925 0.188116 0.0339788
0.0381485 0.205897 0.00670085 0.0799594 0.606088 0.0128476 0.00596074 0.0443986
0.0792043 0.348361 0.0198412 0.0256758 0.511752 0.00609899 0.00896723 9.9991E-05
0.0929184 0.27491 0.221258 9.9973E-05 0.288333 9.9973E-05 9.9973E-05 0.12228
0.052227 0.77614 0.0614502 0.0127928 0.0318756 0.0243927 0.0400779 0.00104398
0.0545756 0.37277 0.0227858 0.00652246 0.464362 0.0218853 0.0301594 0.0269389
0.00677657 0.57245 0.059516 0.0306574 0.263487 0.00871591 0.048714 0.00968354
0.0735517 0.153277 0.11576 9.9991E-05 0.527739 0.0140837 0.0360099 0.0794785
0.014425 0.606205 0.0658396 9.9982E-05 0.186345 9.9982E-05 0.0725697 0.0544164
9.9982E-05 0.230404 9.9982E-05 0.0730555 0.554669 0.02879 0.032474 0.0804074
0.129973 0.563417 0.0781488 0.00373575 0.181934 0.018599 0.0240931 9.9991E-05
0.120777 0.325153 0.122694 0.106633 0.247287 9.9982E-05 9.9982E-05 0.0772572
0.0110206 0.153399 0.175109 0.0287151 0.537839 0.011454 0.0423182 0.0401449
0.0404253 0.123143 0.446473 9.9973E-05 0.296316 9.9973E-05 9.9973E-05 0.0933437
0.0809801 0.0210222 0.335019 0.0153752 0.510614 9.9991E-05 0.00164625 0.0352427
0.0935424 0.0518432 0.176194 0.0288185 0.560032 0.00285602 0.0866135 9.9991E-05
0.0707533 0.0525389 0.537716 9.9973E-05 0.303831 9.9973E-05 9.9973E-05 0.0348612
0.0191316 0.0974412 0.131867 0.0391466 0.575029 0.030538 0.0603697 0.0464765
0.0701009 0.0529627 0.313713 9.9973E-05 0.550946 9.9973E-05 9.9973E-05 0.0119778
0.142183 0.0426439 0.567676 9.9973E-05 0.134197 9.9973E-05 9.9973E-05 0.113
0.130245 9.9964E-05 0.647657 9.9964E-05 0.214584 9.9964E-05 9.9964E-05 0.00711385
9.9973E-05 0.099883 0.360624 9.9973E-05 0.492916 0.0156161 9.9973E-05 0.030661
0.196276 0.0705199 0.575806 9.9973E-05 0.0766283 9.9973E-05 9.9973E-05 0.0804695
0.0780988 0.0775695 0.381192 9.9964E-05 0.46274 9.9964E-05 9.9964E-05 9.9964E-05
0.0650225 0.726346 9.9973E-05 0.0165302 0.176661 9.9973E-05 9.9973E-05 0.0151405
0.0795738 0.355858 0.0504843 0.108977 0.165461 9.9982E-05 9.9982E-05 0.239446
0.000417411 0.470592 9.9991E-05 0.0823262 0.367419 0.0237866 0.0153921 0.039967
0.0481659 0.28748 9.9982E-05 0.0859389 0.523684 9.9982E-05 0.0455192 0.00901214
0.130628 0.622683 9.9964E-05 0.0309071 0.215382 9.9964E-05 9.9964E-05 9.9964E-05
0.0626293 0.121944 0.0949828 0.0338453 0.564477 0.000442746 0.0721416 0.049538
0.0113907 0.271476 0.0590909 0.0178507 0.583356 0.0380372 0.0069719 0.011827
0.0609398 0.219774 0.0582024 0.0750921 0.493308 0.00864131 9.9991E-05 0.0839432
0.125588 0.28699 9.9982E-05 0.0824591 0.444047 9.9982E-05 0.0201703 0.0405457
0.0151919 0.407573 9.9991E-05 0.0168781 0.496984 0.0135387 0.0305394 0.0191948
0.0727903 0.563875 9.9982E-05 0.0195559 0.278944 0.0309721 9.9982E-05 0.0336635
0.00510893 0.479532 0.0103328 0.0286324 0.413251 0.00350051 9.9991E-05 0.0595421
0.00157957 0.190476 0.0826856 0.0429102 0.610518 0.0120619 9.9991E-05 0.0596682
0.0263828 0.113221 0.0606506 0.0584124 0.620368 0.0178546 0.0621431 0.0409677
0.106929 0.297891 0.0996517 0.0988761 0.307081 0.00614599 0.0122285 0.0711964
0.0644192 0.213968 0.016147 0.120793 0.454871 9.9982E-05 9.9982E-05 0.129602
0.0662862 0.476191 0.0169554 0.0559337 0.348357 0.00146478 0.00854532 0.0262668
0.0197132 0.271553 0.0229853 0.0380287 0.541413 9.9991E-05 0.045148 0.0610589
0.0382765 0.310953 9.9991E-05 0.0942423 0.450354 0.00928444 0.00282167 0.0939677
0.0315143 0.172931 0.0253217 0.0351056 0.589165 0.028453 0.0517066 0.0658027
9.9973E-05 0.0220405 0.0636056 0.121465 0.442986 9.9973E-05 0.349602 9.9973E-05
0.0129769 0.0388991 0.10835 0.135414 0.539234 9.9991E-05 0.123839 0.0411866
0.0205522 0.11235 0.0996322 0.124045 0.479633 0.0313842 0.132304 9.9991E-05
0.000635176 0.0885667 0.0973838 0.125457 0.531216 0.0445815 0.0650665 0.047094
0.0531257 9.9982E-05 0.148485 0.160019 0.4645 0.0132028 0.160467 9.9982E-05
0.0475993 0.171868 0.103246 9.9973E-05 0.50677 9.9973E-05 9.9973E-05 0.170217
0.0564661 0.0644877 0.118495 0.124988 0.505484 0.00583492 0.124144 9.9991E-05
0.0482218 0.0797012 0.383775 0.166281 0.08524 9.9991E-05 0.179097 0.057584
9.9991E-05 0.125162 0.0729995 0.0878669 0.587936 0.0150161 0.0949141 0.0160056
0.00975427 0.0611316 0.0549562 0.134561 0.537608 0.0199704 0.137375 0.0446431
0.071094 0.0198329 0.113728 0.174632 0.501732 0.0284361 0.0675568 0.0229875
0.0479569 0.0577148 0.256095 0.107842 0.280345 0.0192806 0.152496 0.0782691
0.0160647 9.9982E-05 0.0652225 0.142499 0.574071 9.9982E-05 0.195853 0.00609059
9.9982E-05 9.9982E-05 0.0841328 0.162696 0.516111 0.00212269 0.148767 0.085971
9.9955E-05 9.9955E-05 0.437456 0.130174 9.9955E-05 9.9955E-05 0.43187 9.9955E-05
0.00486971 0.0551991 0.0617725 0.104702 0.594641 0.0411055 0.137609 9.9991E-05
9.9982E-05 9.9982E-05 0.0888437 0.186317 0.517186 0.0219855 0.155125 0.0303424
0.00901204 0.0485472 0.110655 0.0955686 0.593904 0.0163075 0.0884854 0.0375205
9.9982E-05 9.9982E-05 0.086323 0.189908 0.486676 0.0136427 0.17664 0.0466101
0.0551817 0.0236747 0.0848998 0.072839 0.530202 0.0304365 0.202666 9.9991E-05
0.0845878 0.00790025 9.9982E-05 9.9982E-05 0.42761 0.0172094 0.0311565 0.431336
0.0768872 0.0705339 0.0396287 0.0631152 0.448292 0.0100014 0.0401443 0.251398
0.0726034 0.0645575 0.0137015 9.9964E-05 9.9964E-05 9.9964E-05 9.9964E-05 0.848738
9.9955E-05 0.0677427 0.00760119 9.9955E-05 9.9955E-05 9.9955E-05 9.9955E-05 0.924156
0.0648374 0.0342616 0.0401787 0.0276355 0.45473 0.0292029 0.0686982 0.280456
9.9973E-05 9.9973E-05 0.0967483 0.30546 0.352694 9.9973E-05 0.13582 0.108977
9.9973E-05 9.9973E-05 0.0222828 0.267461 0.329951 9.9973E-05 0.147384 0.232621
9.9973E-05 9.9973E-05 0.102587 0.309636 0.157255 9.9973E-05 0.147716 0.282506
9.9982E-05 9.9982E-05 0.0536593 0.248815 0.321053 0.0261334 0.142211 0.207927
9.9973E-05 9.9973E-05 0.151964 0.0436487 0.0569879 9.9973E-05 0.0716155 0.675484
9.9982E-05 9.9982E-05 0.0447473 0.0637998 0.110417 0.0235079 0.07073 0.686598
0.00742687 9.9982E-05 0.0306051 0.0547236 0.528416 9.9982E-05 0.0320423 0.346586
9.9964E-05 9.9964E-05 9.9964E-05 0.0680569 0.347043 9.9964E-05 0.0939445 0.490556
9.9973E-05 9.9973E-05 9.9973E-05 0.0403484 0.15101 0.0214733 0.063919 0.72295
9.9991E-05 0.0243814 0.0179779 0.0551597 0.513893 0.0183583 0.049085 0.321044
9.9973E-05 9.9973E-05 9.9973E-05 0.0353681 0.538908 0.00385265 0.0471407 0.374431
0.0970564 0.0174715 0.0248308 0.107097 0.434228 9.9991E-05 0.0698881 0.249328
0.00356851 0.00968497 9.9982E-05 9.9982E-05 0.303922 0.0151197 0.00584479 0.66166
0.0321731 0.0718378 9.9982E-05 9.9982E-05 0.384417 0.0129051 0.0030164 0.49545
0.0859773 0.0301972 0.0232538 0.00453031 0.489262 0.0128247 0.0456639 0.308291
9.9982E-05 0.0591591 0.0723176 9.9982E-05 0.433136 0.0153874 0.0251292 0.394671
0.0317003 0.0651268 0.0219418 0.0753004 0.507893 9.9991E-05 0.0448834 0.253054
0.0201243 0.0288796 0.0608128 0.00121839 0.430283 9.9982E-05 9.9982E-05 0.458482
9.9964E-05 0.0354736 9.9964E-05 9.9964E-05 0.125903 0.0168556 9.9964E-05 0.821368
9.9964E-05 9.9964E-05 9.9964E-05 9.9964E-05 0.572424 0.00425163 0.0200719 0.402853
0.0444359 0.0724891 9.9964E-05 9.9964E-05 0.117366 9.9964E-05 9.9964E-05 0.765309
9.9973E-05 0.0127776 9.9973E-05 9.9973E-05 0.427813 0.00834419 0.00463177 0.546133
0.0240843 0.0488939 0.00720242 0.0396667 0.466212 0.0226412 0.0849414 0.306358
0.0780089 0.0204147 0.00207974 0.0414985 0.476372 0.00492568 0.0569432 0.319757
9.9991E-05 0.0803897 0.0979795 0.0920619 0.46319 0.0282951 0.158255 0.0797297
0.0279936 0.0619402 0.0565964 0.139719 0.437311 0.0119884 0.149096 0.115355
9.9982E-05 9.9982E-05 0.146019 0.24738 0.340178 0.0373249 0.167062 0.0618364
9.9991E-05 0.0426362 0.118787 0.248821 0.3241 0.0201307 0.147229 0.0981959
0.0326786 0.0684344 0.0898092 0.178834 0.421817 0.0215821 0.157229 0.0296153
0.0080956 0.0337628 0.118004 0.126933 0.432383 0.0218882 0.110983 0.147951
9.9973E-05 9.9973E-05 0.0506672 0.0735574 9.9973E-05 0.0269119 0.150454 0.69811
0.022908 9.9982E-05 0.0062106 0.1742 0.517514 9.9982E-05 0.128642 0.150325
9.9964E-05 9.9964E-05 0.236182 0.0834767 9.9964E-05 9.9964E-05 0.306084 0.373857
9.9973E-05 9.9973E-05 9.9973E-05 0.16862 0.460968 0.00215905 0.0472875 0.320666
9.9946E-05 9.9946E-05 9.9946E-05 9.9946E-05 0.0533328 9.9946E-05 9.9946E-05 0.946068
0.0371347 9.9946E-05 9.9946E-05 9.9946E-05 9.9946E-05 9.9946E-05 9.9946E-05 0.962266
9.9946E-05 9.9946E-05 9.9946E-05 9.9946E-05 0.421473 9.9946E-05 9.9946E-05 0.577927
9.9964E-05 9.9964E-05 9.9964E-05 9.9964E-05 0.571572 0.0176631 0.0025586 0.407807
9.9946E-05 9.9946E-05 9.9946E-05 9.9946E-05 0.376628 9.9946E-05 9.9946E-05 0.622773
9.9946E-05 9.9946E-05 9.9946E-05 9.9946E-05 0.545183 9.9946E-05 9.9946E-05 0.454217
9.9946E-05 9.9946E-05 9.9946E-05 9.9946E-05 0.500396 9.9946E-05 9.9946E-05 0.499004
0.0211615 0.0606604 9.9973E-05 0.0178021 9.9973E-05 0.0573717 0.842704 9.9973E-05
0.00880796 0.0848039 0.0362155 0.0744949 0.0299903 0.0451328 0.705975 0.0145796
9.9973E-05 0.00183866 9.9973E-05 9.9973E-05 0.0134328 0.0252296 0.950673 0.00852638
9.9964E-05 9.9964E-05 0.0296767 9.9964E-05 0.026323 0.0462619 0.897339 9.9964E-05
0.363606 0.0202053 0.0428908 0.0193232 0.480702 0.00689274 0.0662799 9.9991E-05
0.341906 0.0673062 9.9982E-05 0.0137219 0.533639 0.0271084 0.0161188 9.9982E-05
0.425707 0.0452767 9.9964E-05 9.9964E-05 0.492829 0.0357878 9.9964E-05 9.9964E-05
0.234051 0.0932333 0.0317994 9.9982E-05 0.558267 0.0228688 0.0595807 9.9982E-05
0.138301 0.0745331 0.06541 0.00758371 0.58058 0.00739806 0.126095 9.9991E-05
0.538385 0.110236 9.9973E-05 9.9973E-05 0.299305 0.0238834 0.0278906 9.9973E-05
0.348058 9.9973E-05 9.9973E-05 0.0227493 0.619299 0.00237273 0.00722078 9.9973E-05
0.584797 9.9982E-05 0.0809886 0.0301328 0.218095 0.0120079 9.9982E-05 0.0737786
0.0299735 0.0771872 0.0360804 0.170355 0.37935 0.0065027 0.30045 9.9991E-05
0.393749 0.00569847 0.0569966 0.0360047 0.399437 9.9982E-05 9.9982E-05 0.107914
0.538491 0.110794 9.9964E-05 9.9964E-05 0.343094 0.0072216 9.9964E-05 9.9964E-05
0.399868 0.00918016 0.0424772 9.9973E-05 0.507081 9.9973E-05 9.9973E-05 0.0410939
0.428199 0.124223 9.9973E-05 9.9973E-05 0.423532 0.0147861 0.00896106 9.9973E-05
0.366148 9.9964E-05 0.00201185 9.9964E-05 0.577677 9.9964E-05 9.9964E-05 0.0537626
0.316807 9.9973E-05 9.9973E-05 9.9973E-05 0.543845 0.0181881 0.0975248 0.0233354
0.904093 9.9955E-05 0.070938 9.9955E-05 9.9955E-05 9.9955E-05 9.9955E-05 0.0244695
0.574147 9.9973E-05 0.0616688 0.0166176 0.304178 9.9973E-05 9.9973E-05 0.0430885
0.587818 9.9982E-05 0.0279566 0.0226333 0.32765 9.9982E-05 0.00248058 0.0312615
0.839607 9.9955E-05 0.115902 9.9955E-05 9.9955E-05 9.9955E-05 9.9955E-05 0.0439913
0.422726 0.104209 9.9973E-05 9.9973E-05 0.395962 0.0114266 0.0653769 9.9973E-05
0.642756 9.9964E-05 0.22392 9.9964E-05 0.0633807 9.9964E-05 9.9964E-05 0.0695435
0.826847 9.9955E-05 0.160248 9.9955E-05 9.9955E-05 9.9955E-05 9.9955E-05 0.0124052
0.312052 9.9991E-05 0.0138934 0.026201 0.562897 0.0126526 0.0335575 0.0386467
0.585756 0.17044 9.9973E-05 9.9973E-05 0.196091 0.00967357 0.0377398 9.9973E-05
0.433058 0.0675177 0.00339301 0.00430984 0.436117 9.9982E-05 0.0554046 9.9982E-05
0.134196 0.0530467 0.0633124 0.0466953 0.587017 0.0357405 0.0722153 0.0077772
0.367315 0.0923461 9.9982E-05 0.00704335 0.481211 0.00742485 0.0444601 9.9982E-05
0.0433316 0.266839 0.181938 0.00874568 0.392003 9.9982E-05 9.9982E-05 0.106943
0.311029 0.0637069 9.9982E-05 9.9982E-05 0.574397 0.00740814 0.0289266 0.0143332
0.337686 0.106089 9.9973E-05 9.9973E-05 0.515602 0.00273948 0.0375832 9.9973E-05
0.556695 9.9964E-05 0.0591601 9.9964E-05 0.321654 9.9964E-05 9.9964E-05 0.0620916
0.268931 0.0721684 9.9982E-05 9.9982E-05 0.513725 0.0132955 0.127522 0.00415854
9.9964E-05 0.257691 0.0701008 9.9964E-05 9.9964E-05 0.0536028 0.618205 9.9964E-05
0.0223102 0.148076 0.0150467 9.9982E-05 9.9982E-05 0.0551459 0.729449 0.029772
9.9964E-05 0.0916681 0.026886 9.9964E-05 9.9964E-05 0.166469 0.714577 9.9964E-05
9.9964E-05 0.12315 0.0352889 9.9964E-05 9.9964E-05 0.0976304 0.743531 9.9964E-05
9.9973E-05 0.159027 0.069673 9.9973E-05 0.0133153 0.0454558 0.712229 9.9973E-05
0.621731 0.174895 9.9973E-05 0.0133544 0.129523 9.9973E-05 0.0601973 9.9973E-05
0.680432 0.144122 9.9973E-05 9.9973E-05 0.122752 0.00290431 0.0494896 9.9973E-05
0.770624 9.9973E-05 0.047439 0.0149745 0.156204 9.9973E-05 9.9973E-05 0.010459
0.155247 0.0798313 0.0698195 0.0385023 0.596816 9.9991E-05 0.0565146 0.00316921
0.219407 9.9991E-05 0.0158523 0.0473541 0.552479 0.0166171 0.124005 0.0241856
0.634535 9.9991E-05 0.0783208 0.0364856 0.220393 0.00636703 0.0202681 0.00353104
0.285767 9.9991E-05 0.022859 0.059094 0.525806 0.0406993 0.00626875 0.0594054
0.422953 9.9991E-05 0.0464471 0.0832001 0.358744 0.0151911 0.0085113 0.0648535
0.369235 0.0804991 9.9991E-05 0.00874251 0.499735 0.0095541 0.0190156 0.0131182
0.295033 9.9991E-05 0.00292485 0.0256237 0.62331 0.0250315 0.0161031 0.0118736
0.638576 0.120961 9.9964E-05 9.9964E-05 0.220217 0.0198466 9.9964E-05 9.9964E-05
0.574211 0.107619 9.9973E-05 9.9973E-05 0.316618 0.000386457 0.00086667 9.9973E-05
0.520936 0.134669 9.9973E-05 9.9973E-05 0.31567 0.0152267 0.0131987 9.9973E-05
9.9973E-05 0.0170896 0.233039 9.9973E-05 0.657881 0.00836876 0.0833219 9.9973E-05
0.44984 0.0926693 9.9973E-05 9.9973E-05 0.407827 0.0489204 0.000443386 9.9973E-05
0.440121 0.115843 9.9973E-05 9.9973E-05 0.379604 0.0076303 0.0565018 9.9973E-05
0.00862791 9.9982E-05 0.077972 0.346734 0.461607 0.0181622 0.086697 9.9982E-05
0.0427455 0.00894281 0.0926979 0.425203 0.352933 0.0413491 0.0360282 9.9991E-05
9.9982E-05 0.0197382 0.0462364 0.388151 0.442959 0.0200131 0.0827023 9.9982E-05
9.9982E-05 9.9982E-05 0.0379688 0.470586 0.291326 0.0262962 0.137259 0.0363647
0.0253459 9.9991E-05 0.0557845 0.239811 0.51326 0.00326723 0.148513 0.0139177
0.186478 9.9982E-05 0.227946 9.9982E-05 0.540128 0.010217 0.005951 0.0290796
9.9973E-05 9.9973E-05 0.103493 0.645655 0.014413 0.00838439 0.227755 9.9973E-05
0.00113237 0.00475397 0.00856823 0.485608 0.316912 0.0259687 0.138 0.0190565
0.0544308 9.9991E-05 0.258745 0.118173 0.375824 0.026955 0.15804 0.00773169
0.0224347 0.062862 0.254765 9.9982E-05 0.535325 0.0410743 0.083339 9.9982E-05
9.9973E-05 0.0765886 0.312379 9.9973E-05 0.49947 0.0393767 0.0718851 9.9973E-05
0.0198834 0.0406279 0.248555 9.9982E-05 0.5752 0.0233981 0.0921356 9.9982E-05
9.9973E-05 0.0545803 0.179444 9.9973E-05 0.634049 0.0168138 0.114813 9.9973E-05
9.9964E-05 9.9964E-05 0.027845 0.453938 0.342302 9.9964E-05 0.175515 9.9964E-05
9.9991E-05 0.0109841 0.0262339 0.327857 0.430029 0.0140369 0.146001 0.0447578
9.9955E-05 9.9955E-05 9.9955E-05 0.501468 0.408056 9.9955E-05 0.0899763 9.9955E-05
0.0405056 0.00927966 0.0364744 0.296719 0.422353 0.0119243 0.108652 0.0740916
0.0246808 0.023644 0.0551933 0.473046 0.217002 9.9991E-05 0.167045 0.0392889
0.0287398 0.0133668 9.9982E-05 0.334881 0.442973 9.9982E-05 0.13227 0.0475694
0.0127128 9.9991E-05 0.0660717 0.522418 0.256529 0.0190889 0.11336 0.0097196
9.9991E-05 0.0314712 0.0731116 0.324161 0.440401 0.013016 0.0792726 0.0384669
0.0439022 9.9982E-05 0.345419 0.0135525 0.530158 0.0168141 0.0499543 9.9982E-05
0.086915 9.9982E-05 0.0211952 0.336324 0.319074 9.9982E-05 0.202142 0.0341496
0.0274611 9.9991E-05 0.0147638 0.563244 0.126948 0.0173238 0.23234 0.0178198
0.0458274 0.0474562 0.00840281 0.360692 0.366436 0.0152918 0.0980258 0.0578682
0.0505514 0.164191 0.342524 9.9982E-05 0.323955 0.0169633 0.101615 9.9982E-05
9.9964E-05 9.9964E-05 0.305117 9.9964E-05 0.663178 0.00922766 0.0220772 9.9964E-05
0.0228033 0.00369777 0.0331243 0.379754 0.397161 0.000532903 0.162826 9.9991E-05
9.9973E-05 0.146858 0.192475 9.9973E-05 0.554725 0.0222398 0.0834028 9.9973E-05
9.9973E-05 0.0498596 0.299191 9.9973E-05 0.514004 0.00366361 0.132982 9.9973E-05
0.0489048 9.9991E-05 0.18804 0.18045 0.373512 0.00685653 0.177576 0.0245615
9.9982E-05 9.9982E-05 0.110954 0.225728 0.377539 0.00709041 0.204243 0.074245
0.0339599 0.009237 0.140372 0.0483412 0.589984 0.0207858 0.107025 0.0502962
9.9973E-05 9.9973E-05 0.0751388 0.280165 0.495448 0.0139435 0.135005 9.9973E-05
9.9982E-05 0.0151039 0.00259678 0.401608 0.449451 0.0164529 0.114587 9.9982E-05
9.9973E-05 9.9973E-05 0.0964857 0.631495 0.113858 0.00237673 0.155484 9.9973E-05
0.0100582 0.0609303 0.107717 0.0296398 0.657014 0.0278746 0.080843 0.0259231
0.0348287 0.0467113 0.354643 9.9982E-05 0.477829 0.00488374 0.0809039 9.9982E-05
0.0461302 9.9973E-05 0.749343 9.9973E-05 0.198389 0.000142966 0.00569523 9.9973E-05
0.0694207 0.0114751 0.137618 0.0663035 0.598841 0.000985327 0.114321 0.00103526
9.9991E-05 0.182407 0.227083 0.0167395 0.420111 0.00217732 0.0633662 0.0880156
0.0185481 0.0170204 0.145056 0.143348 0.478039 9.9991E-05 0.179853 0.018035
0.0177196 0.0688647 0.166977 0.0652512 0.476864 0.030217 0.107758 0.0663483
9.9964E-05 9.9964E-05 0.595734 0.115992 9.9964E-05 0.0147198 0.273154 9.9964E-05
