0.0624327 0.020278 9.9991E-05 0.0170838 0.900106
0.0469089 9.9982E-05 0.0578418 9.9982E-05 0.895049
0.0346854 0.0881785 9.9991E-05 0.062776 0.81426
0.0857982 0.0300423 9.9991E-05 0.100964 0.783096
0.0519172 0.0161414 9.9991E-05 0.0682973 0.863544
0.149659 0.0174791 0.147501 0.0656089 0.619753
0.0409312 9.9982E-05 0.0861705 9.9982E-05 0.872698
0.17816 9.9991E-05 0.0585519 0.0364036 0.726784
0.0457577 9.9982E-05 0.101625 9.9982E-05 0.852418
0.0667913 0.0632974 0.0820038 0.106566 0.681341
0.10372 0.0436768 0.085356 9.9991E-05 0.767147
0.506357 0.330812 0.112234 0.0504966 9.9991E-05
0.274068 0.650019 9.9991E-05 0.0260769 0.0497363
0.523267 0.294066 0.0581673 0.0620566 0.0624435
0.343605 0.26165 0.163047 0.191856 0.0398427
0.239692 0.402044 0.0821747 0.124971 0.151118
0.162744 0.601512 0.0404394 0.110892 0.0844121
0.161398 0.540114 0.115275 0.0749278 0.108286
0.364836 0.432409 0.0225849 0.0269228 0.153248
0.638772 9.9991E-05 0.23302 0.105774 0.0223335
0.311641 0.415626 0.170202 0.102432 9.9991E-05
0.179099 0.514221 0.173442 0.0449586 0.0882782
0.149948 0.593071 0.156345 0.057261 0.0433746
0.353597 0.35401 0.156085 0.136208 9.9991E-05
0.0323408 0.713617 0.0790211 0.0587284 0.116293
0.214294 0.563632 9.9991E-05 0.1237 0.0982734
0.531888 0.222947 0.106487 0.111325 0.0273532
0.4848 0.184792 0.109675 0.220633 9.9991E-05
0.455583 0.295133 0.188101 0.0167405 0.0444429
9.9982E-05 0.0627684 9.9982E-05 0.0737292 0.863302
9.9982E-05 0.117517 9.9982E-05 0.0202824 0.862001
9.9982E-05 0.181359 9.9982E-05 0.0204361 0.798005
9.9991E-05 0.154157 0.00269327 0.102491 0.740559
0.0957818 0.563409 0.187526 0.112963 0.0403203
0.122141 0.557476 0.164863 0.0289783 0.126542
0.107376 0.703616 0.188808 9.9982E-05 9.9982E-05
0.591425 0.184745 0.0891783 0.033306 0.101346
0.048183 0.481363 0.434056 0.0154933 0.0209048
0.0907158 0.609355 0.212575 9.9991E-05 0.0872539
9.9991E-05 0.779216 0.0844431 0.0558938 0.0803467
0.034384 0.636537 0.19296 0.0160291 0.12009
0.00229849 0.670893 0.118454 0.0737598 0.134594
0.229248 0.302818 0.467734 9.9982E-05 9.9982E-05
9.9991E-05 0.673092 0.192632 0.0562233 0.0779519
9.9991E-05 0.682249 0.200439 0.0548087 0.062404
0.0809072 0.537742 0.152703 0.152983 0.0756648
0.0687902 0.472747 0.458263 9.9982E-05 9.9982E-05
9.9991E-05 0.736966 0.182467 0.0688415 0.011625
9.9991E-05 0.611544 0.132573 0.134099 0.121683
0.0763584 0.0382137 0.820415 9.9991E-05 0.0649126
0.442767 0.281333 0.275701 9.9982E-05 9.9982E-05
0.203443 0.130163 0.544857 0.0374803 0.084057
0.293862 0.570604 0.00287555 0.132559 9.9991E-05
0.0918178 0.54213 0.170745 0.0921002 0.103208
0.160576 0.664494 0.0617604 0.0772934 0.0358766
0.382392 0.283189 0.231239 9.9991E-05 0.10308
0.21184 0.684489 0.0798101 0.000207378 0.0236534
0.197001 0.519055 0.0843568 0.163043 0.0365445
0.305107 0.307071 0.189204 0.111697 0.0869204
0.351772 0.139362 0.248573 0.060042 0.200251
0.127216 0.742557 0.0458621 0.0321977 0.0521666
0.297862 0.427288 0.129551 0.045096 0.100203
0.54166 0.0783939 0.330713 9.9991E-05 0.0491331
0.241572 0.520769 0.182387 0.0551713 9.9991E-05
0.0349003 0.653755 0.142998 0.112526 0.0558207
0.212547 0.54127 0.060926 0.126991 0.0582657
0.29243 0.394411 0.208455 0.0429593 0.0617443
0.208567 0.539264 0.121844 0.130226 9.9991E-05
0.243708 0.547961 0.0444515 0.0677203 0.0961595
0.430711 0.237829 0.294114 9.9991E-05 0.0372457
0.114076 0.679534 0.20619 9.9982E-05 9.9982E-05
0.212539 0.414358 0.372903 9.9982E-05 9.9982E-05
0.0749164 0.664821 0.153997 9.9991E-05 0.106166
0.0549886 0.139134 0.805678 9.9982E-05 9.9982E-05
0.102304 0.214402 0.683094 9.9982E-05 9.9982E-05
0.0490078 0.476701 0.474091 9.9982E-05 9.9982E-05
0.142359 0.619578 0.231532 0.00445642 0.00207462
0.137185 0.669516 0.0504142 0.00241345 0.140472
0.134146 0.563909 0.230335 0.0655789 0.00603101
0.268526 0.385933 0.307661 9.9991E-05 0.0377788
0.337366 0.331472 0.29128 9.9991E-05 0.0397823
0.0612956 0.599971 0.218997 0.0755488 0.0441879
0.066817 0.457595 0.414396 0.0438481 0.017344
0.103009 0.64243 0.214234 9.9991E-05 0.0402271
0.00355642 0.596843 0.399401 9.9982E-05 9.9982E-05
0.0516016 0.162606 0.785593 9.9982E-05 9.9982E-05
0.0378025 0.574215 0.224882 0.125549 0.0375511
0.0648742 0.0858318 9.9991E-05 0.0410466 0.808147
9.9973E-05 0.0737828 9.9973E-05 9.9973E-05 0.925917
0.000979143 0.0559731 9.9991E-05 0.0760855 0.866862
9.9991E-05 0.0299682 0.0483579 0.0222205 0.899353
9.9982E-05 0.111244 9.9982E-05 0.015807 0.872749
9.9982E-05 0.105458 9.9982E-05 0.0198528 0.874489
9.9973E-05 0.0499412 9.9973E-05 9.9973E-05 0.949759
0.00215879 0.521324 0.229918 0.086455 0.160144
0.0655683 0.555103 0.20765 0.0973584 0.0743196
0.154165 0.224184 0.618202 9.9991E-05 0.00334886
0.1199 0.567639 0.135866 0.0953774 0.0812174
0.137643 0.61712 0.212705 0.00630363 0.0262291
0.00728345 0.667618 0.184602 0.0369662 0.10353
9.9991E-05 0.543032 0.373617 0.00686337 0.0763876
9.9991E-05 0.579131 0.266685 0.102732 0.0513513
0.287404 0.138463 0.565294 9.9991E-05 0.00873946
0.125694 0.492984 0.173148 0.0824947 0.125679
0.0184739 0.621813 0.187352 0.0797648 0.0925969
0.124137 0.692932 0.0171939 0.0507963 0.114942
0.0231754 0.356571 0.496723 0.0910528 0.0324785
9.9982E-05 0.665944 0.290241 9.9982E-05 0.0436151
0.149944 0.588968 0.251943 9.9991E-05 0.00904385
9.9982E-05 0.503351 0.449452 0.046997 9.9982E-05
0.0859837 0.615736 0.236674 9.9991E-05 0.0615056
0.117094 0.526995 0.0986747 0.109455 0.147781
0.395283 0.249474 0.320253 0.0192429 0.0157469
0.230683 0.492095 0.0591179 0.0291713 0.188933
0.202065 0.673274 0.00657397 0.029244 0.0888435
0.141008 0.563268 0.100669 0.105696 0.08936
0.36227 0.553793 0.0223324 9.9991E-05 0.0615049
0.249875 0.716039 9.9991E-05 0.0141922 0.0197935
0.419493 0.481425 9.9991E-05 0.0595122 0.0394699
0.166578 0.57265 0.132633 0.00299136 0.125147
0.18964 0.572357 0.101205 0.0198226 0.116975
0.175472 0.593334 0.142436 9.9991E-05 0.088658
0.391572 0.608128 9.9973E-05 9.9973E-05 9.9973E-05
0.14465 0.570651 0.13187 0.0991488 0.0536803
0.205285 0.597243 0.0127236 0.0699807 0.114767
0.312709 0.617918 9.9982E-05 0.0691729 9.9982E-05
0.197417 0.523306 0.0259698 0.155627 0.09768
0.256471 0.608525 0.000727068 0.0932675 0.041009
0.277383 0.339301 0.218299 0.0968208 0.0681967
0.268157 0.545452 0.0470107 0.118753 0.0206275
0.133459 0.696906 0.0209827 0.0400188 0.108633
0.45186 0.348526 0.146844 0.0526708 9.9991E-05
0.284807 0.190151 0.409249 0.0771444 0.0386484
0.188418 0.595852 0.0786333 0.0472365 0.0898602
0.341858 0.10883 0.480505 0.0687074 9.9991E-05
0.439406 0.39253 0.149461 9.9991E-05 0.0185035
0.3509 0.528886 0.120014 9.9982E-05 9.9982E-05
0.434859 0.366714 0.163847 9.9991E-05 0.0344794
0.503367 0.340384 0.1323 0.023849 9.9991E-05
0.115396 0.67322 0.0703954 0.118166 0.0228228
0.122108 0.528831 0.0893888 0.123226 0.136446
0.319071 0.468585 0.0427261 0.0896473 0.0799705
0.282476 0.179598 0.459234 0.0600672 0.0186259
0.115732 0.590343 0.0651409 0.0581488 0.170635
0.0336921 0.52139 0.272367 0.104418 0.0681329
0.115083 0.0581719 0.622596 0.00664427 0.197505
0.0350708 0.613083 0.169795 0.096631 0.0854202
0.0476905 0.382691 0.388196 0.022336 0.159086
0.062334 0.545741 0.205462 0.0784789 0.107984
0.127408 0.285852 0.390788 0.0384801 0.157472
0.0877931 0.297773 0.453757 9.9991E-05 0.160577
0.0990052 0.50503 0.31896 9.9991E-05 0.0769051
0.102963 0.491877 0.226073 0.0605579 0.11853
0.167442 0.434718 0.201796 0.0349678 0.161077
0.095518 9.9991E-05 0.651388 0.194683 0.0583117
0.147177 0.558283 0.104239 0.116035 0.0742664
0.120606 0.487765 0.391429 9.9982E-05 9.9982E-05
0.157414 0.543203 0.291634 9.9991E-05 0.00764861
0.055951 0.622851 0.126378 0.0210604 0.17376
9.9991E-05 0.125946 0.199375 0.277018 0.39756
9.9982E-05 9.9982E-05 0.249486 0.120441 0.629872
9.9982E-05 9.9982E-05 0.319296 0.169427 0.511077
0.0176153 0.0633613 0.15102 0.33492 0.433083
0.00370465 0.72019 0.275905 9.9982E-05 9.9982E-05
0.0630833 0.569832 0.28049 0.0594159 0.0271787
0.0309093 0.232485 9.9982E-05 0.736406 9.9982E-05
0.11328 0.330814 0.0496643 0.506142 9.9991E-05
0.0737187 0.416398 9.9991E-05 0.407393 0.102389
9.9991E-05 0.382151 0.545115 0.0522205 0.0204139
0.0991563 0.475256 0.236782 0.107932 0.0808731
0.0313745 0.217276 0.651385 0.0478116 0.0521531
0.0111153 0.638004 0.264092 0.0586348 0.0281539
0.10984 0.447117 0.329029 0.0363084 0.0777051
0.0571887 0.553831 0.234532 0.140308 0.0141402
0.0944641 0.258032 0.578436 0.0313031 0.0377652
0.0209651 0.617874 0.105505 0.152878 0.102778
0.0217762 0.475375 0.294925 0.172686 0.0352379
9.9973E-05 9.9973E-05 0.00925134 0.990449 9.9973E-05
0.0319549 0.0738338 9.9982E-05 0.894011 9.9982E-05
0.0338442 0.187758 0.102018 0.640558 0.035822
0.0425086 0.284861 9.9991E-05 0.67116 0.0013699
0.00806057 0.176012 0.00318607 0.812641 9.9991E-05
9.997E-05 9.997E-05 9.997E-05 0.9996 9.997E-05
0.0308903 9.9973E-05 9.9973E-05 0.96881 9.9973E-05
9.9973E-05 0.147694 9.9973E-05 0.852006 9.9973E-05
0.00315718 0.0351573 9.9982E-05 0.961486 9.9982E-05
9.997E-05 9.997E-05 9.997E-05 0.9996 9.997E-05
9.997E-05 9.997E-05 9.997E-05 0.9996 9.997E-05
0.0444213 0.131664 9.9991E-05 0.816325 0.00748995
0.00255607 0.16051 9.9991E-05 0.772089 0.064745
9.9973E-05 9.9973E-05 0.00706845 0.992632 9.9973E-05
0.187013 0.27001 0.0246049 0.518272 9.9991E-05
0.100437 0.196087 9.9991E-05 0.696303 0.0070721
9.9982E-05 0.163767 9.9982E-05 0.759359 0.0766741
0.026292 0.0562179 9.9991E-05 0.914916 0.00247437
9.9973E-05 0.0121432 9.9973E-05 0.987557 9.9973E-05
9.9973E-05 9.9973E-05 9.9973E-05 0.917653 0.0820466
9.997E-05 9.997E-05 9.997E-05 0.9996 9.997E-05
0.0340365 0.232046 0.0540118 0.66275 0.0171556
0.0182557 0.02426 9.9991E-05 0.919316 0.0380685
9.9982E-05 9.9982E-05 0.560022 0.0586042 0.381173
0.0817858 0.505013 0.118785 0.0158933 0.278523
0.0595153 0.450426 0.15392 0.0454404 0.290698
0.0304048 0.148313 0.375112 0.145182 0.300988
0.114046 0.446593 0.126874 0.176265 0.136222
9.9991E-05 0.156065 0.401452 0.132853 0.309531
9.9991E-05 0.396601 0.261073 0.136292 0.205935
9.9991E-05 0.320791 0.307877 0.184171 0.18706
9.9991E-05 0.443597 0.200506 0.16616 0.189637
9.9991E-05 0.333564 0.232046 0.25655 0.17774
0.029733 0.514881 0.146178 0.172187 0.13702
0.0971232 0.0417547 0.040089 9.9991E-05 0.820933
9.9982E-05 9.9982E-05 0.00342045 0.0547329 0.941647
0.0273547 0.0152963 0.00787946 9.9991E-05 0.94937
0.030016 0.00735799 9.9982E-05 9.9982E-05 0.962426
0.0509798 0.027695 9.9991E-05 0.0450868 0.876138
9.9982E-05 9.9982E-05 0.0205913 0.0670065 0.912202
0.0491444 9.9982E-05 9.9982E-05 0.104212 0.846444
9.9982E-05 9.9982E-05 0.111064 0.000173202 0.888563
9.9973E-05 0.0570929 9.9973E-05 9.9973E-05 0.942607
0.0249091 9.9982E-05 9.9982E-05 0.149644 0.825247
0.313463 9.9982E-05 0.101072 9.9982E-05 0.585265
0.354479 9.9982E-05 0.0288365 9.9982E-05 0.616485
0.257727 9.9982E-05 0.180818 9.9982E-05 0.561255
0.369773 9.9982E-05 0.150887 9.9982E-05 0.47914
0.138831 0.600471 0.156385 9.9991E-05 0.104214
0.166644 0.609642 0.149333 0.0458821 0.0284988
0.201858 0.628733 0.163326 9.9991E-05 0.00598224
0.315739 0.52049 0.139688 9.9991E-05 0.0239826
0.735236 0.225489 0.0263967 0.0127787 9.9991E-05
0.00815755 0.62989 0.213952 0.0611354 0.0868652
0.107127 0.713795 0.151459 0.0275189 9.9991E-05
0.0720956 0.559977 0.359756 0.00356011 0.00461074
9.9982E-05 0.510253 0.430182 0.0593654 9.9982E-05
0.117649 0.638116 0.181147 0.0522818 0.010807
0.154834 0.541069 0.277387 9.9991E-05 0.02661
0.235275 0.0378855 0.72664 9.9982E-05 9.9982E-05
0.120529 0.63619 0.169864 0.0197242 0.0536924
0.0377943 0.394929 0.511381 9.9991E-05 0.0557953
0.069971 0.658015 0.268577 0.00333645 9.9991E-05
0.337917 0.259048 0.400679 9.9991E-05 0.00225682
0.7762 9.9991E-05 0.0856225 0.0104487 0.127629
0.743366 0.0849736 0.0294435 9.9991E-05 0.142117
0.905707 9.9982E-05 0.0503524 9.9982E-05 0.0437402
0.780916 9.9982E-05 0.0760505 9.9982E-05 0.142834
0.898024 9.9982E-05 0.0558148 0.0459611 9.9982E-05
0.872095 0.0201807 9.9991E-05 0.0740417 0.033583
9.9982E-05 0.0938607 9.9982E-05 0.0411992 0.86474
0.0905004 0.0299728 9.9991E-05 0.0859516 0.793475
0.0236237 0.115913 9.9991E-05 0.100723 0.75964
0.12866 0.00447906 9.9991E-05 0.132883 0.733878
9.9982E-05 0.130517 9.9982E-05 0.0489657 0.820317
0.531213 9.9982E-05 0.0726466 9.9982E-05 0.39594
0.40435 9.9982E-05 0.12351 9.9982E-05 0.47194
0.435082 9.9982E-05 0.0935177 9.9982E-05 0.4712
0.00732334 0.0980067 9.9991E-05 0.0561726 0.838397
0.422053 9.9982E-05 0.148703 9.9982E-05 0.429044
9.9991E-05 0.313126 0.105119 0.359676 0.221979
0.0711753 0.530175 9.9991E-05 0.231735 0.166814
9.9982E-05 0.548085 9.9982E-05 0.229634 0.222081
0.0105262 0.362573 0.091643 0.271023 0.264235
0.0393746 0.430835 0.13189 0.219184 0.178717
9.9982E-05 9.9982E-05 0.187471 0.309243 0.503086
0.328769 0.548094 0.122937 9.9982E-05 9.9982E-05
0.219328 0.423696 0.299328 0.0494445 0.00820438
0.521583 0.313832 0.0657236 9.9991E-05 0.0987615
0.136956 0.522838 0.323755 0.0163512 9.9991E-05
0.22027 9.9973E-05 0.77943 9.9973E-05 9.9973E-05
0.28859 0.508538 0.0919954 0.0978943 0.0129826
0.161699 0.526845 0.154311 0.059879 0.0972664
0.41646 0.457674 0.109311 9.9991E-05 0.0164546
0.181798 0.639732 0.0176269 0.0842915 0.0765512
0.351587 0.17857 0.461435 9.9991E-05 0.00830812
0.146864 0.461801 0.304455 0.0867797 9.9991E-05
0.349293 0.593663 0.0448062 0.0121375 9.9991E-05
0.0760909 0.433295 0.129791 0.182883 0.17794
0.275757 0.429358 0.240852 0.0539328 9.9991E-05
0.236697 0.539418 0.153186 0.0349646 0.0357341
0.118952 0.590549 0.255687 0.0265006 0.00831148
0.215563 0.620576 0.153661 9.9991E-05 0.0100996
0.116594 0.662865 0.0435873 0.0618152 0.115139
0.229838 0.546745 0.0656692 0.0808078 0.0769397
0.195722 0.564816 0.0665591 0.0305318 0.142371
9.9982E-05 0.1506 9.9982E-05 0.0688602 0.78034
9.9991E-05 0.106478 0.00899611 0.0475852 0.83684
0.0936041 0.062215 0.0403324 9.9991E-05 0.803749
0.0737455 0.0768284 9.9991E-05 0.00186887 0.847457
0.0112434 0.147496 9.9982E-05 9.9982E-05 0.84106
0.667031 0.173171 0.0860206 0.0736781 9.9991E-05
0.155962 0.496597 0.244701 0.0708929 0.0318477
0.00503887 0.475673 0.0972043 0.237167 0.184917
0.138334 0.694553 9.9991E-05 0.129525 0.0374877
0.26323 0.589855 0.0593279 9.9991E-05 0.0874879
0.356968 0.13416 0.311984 0.196787 9.9991E-05
0.656305 0.0244945 0.189967 0.0147417 0.114492
0.301193 0.52602 0.0621327 0.092275 0.018379
0.505804 0.21053 0.152373 0.0425799 0.0887127
0.229973 0.464937 0.205597 0.0641683 0.0353256
0.55093 0.113041 0.169643 0.031438 0.134948
0.11705 0.628627 0.113573 0.03744 0.10331
0.511802 0.156829 0.206189 0.0372482 0.087932
0.30427 0.391378 0.151786 0.0958921 0.0566729
0.208026 0.514996 0.0615762 0.125163 0.0902384
0.149026 0.275878 0.454473 0.0801606 0.0404631
0.0613598 0.586311 0.25626 0.0139497 0.0821197
9.9991E-05 0.560872 0.238555 0.0649254 0.135548
0.129772 0.396094 0.432243 9.9991E-05 0.0417908
0.163775 0.509215 0.147598 0.113348 0.0660644
0.0306804 0.568005 0.274107 0.042312 0.084895
0.138459 0.09284 0.768501 9.9982E-05 9.9982E-05
9.9982E-05 0.357077 0.622364 9.9982E-05 0.0203592
0.0499148 0.50318 0.313507 0.0357002 0.0976983
0.076163 0.290337 0.574722 9.9991E-05 0.058678
0.153352 0.530272 0.2983 9.9991E-05 0.0179765
0.61298 0.142167 0.186518 0.0518345 0.00650003
0.369216 0.277702 0.319502 0.0334805 9.9991E-05
0.499985 0.285267 0.0304553 0.162237 0.0220548
0.288222 0.53634 9.9991E-05 0.158842 0.0164966
0.545258 0.304305 0.142062 0.00827447 9.9991E-05
0.169344 0.423757 0.165178 0.147959 0.0937614
0.210478 0.517812 0.0457542 0.142416 0.08354
0.225275 0.60492 0.0559815 0.0665283 0.0472951
0.352439 0.480545 0.0208639 0.146052 9.9991E-05
0.310666 0.474383 0.128838 0.0323333 0.0537796
0.546185 0.264616 0.0948623 0.0942369 9.9991E-05
0.486512 0.248374 0.108416 0.156599 9.9991E-05
0.203261 0.613528 0.110785 0.0723267 9.9991E-05
0.181813 0.579076 0.081017 0.0893748 0.0687189
0.254024 0.413006 0.168728 0.00249224 0.16175
0.252877 0.542744 0.0847654 0.119513 9.9991E-05
0.459101 0.345024 0.0325072 0.142359 0.021009
0.192326 0.772965 0.0218557 9.9991E-05 0.0127536
0.343633 0.45098 0.0795238 0.125763 9.9991E-05
0.120419 0.460553 0.124139 0.197794 0.0970956
9.9991E-05 0.45318 0.0402263 0.118798 0.387695
9.9991E-05 0.481855 0.134092 0.206707 0.177247
0.0340872 0.478462 0.0578931 0.255269 0.17429
0.068829 0.586347 0.113984 0.155348 0.0754923
9.9991E-05 0.440616 0.130007 0.230593 0.198684
0.248069 0.45058 0.232518 0.068734 9.9991E-05
0.0874479 0.473552 0.0929934 0.121087 0.22492
0.00321506 0.0535856 0.496112 0.155962 0.291125
0.0253772 0.551157 0.0849191 0.218644 0.119903
0.0282884 0.550779 0.163576 0.150783 0.106573
0.0455178 0.585835 0.0648925 0.190265 0.11349
0.0932834 0.391589 0.183315 0.121867 0.209945
0.000632449 0.620747 9.9991E-05 0.162409 0.216112
0.0336794 0.561812 0.020943 0.249999 0.133567
9.9982E-05 9.9982E-05 0.293779 0.176895 0.529126
9.9991E-05 0.572488 0.0864795 0.184076 0.156857
9.9991E-05 0.459557 0.040896 0.298809 0.200639
0.0151321 0.501976 0.157767 0.2051 0.120026
9.9982E-05 0.579661 9.9982E-05 0.196107 0.224032
9.9991E-05 0.491857 0.117363 0.211375 0.179305
0.0934129 0.478135 0.311262 0.0757675 0.0414227
0.142004 0.491203 0.109876 0.133964 0.122953
0.191295 0.103719 0.667648 0.0372388 9.9991E-05
0.119749 0.0457196 0.834332 9.9982E-05 9.9982E-05
0.125318 0.507798 0.195092 0.0947127 0.0770798
0.0905108 0.331107 0.112683 0.34856 0.117138
9.9991E-05 0.296711 0.210538 0.347366 0.145285
9.9991E-05 0.178086 0.254643 0.310509 0.256662
0.0232481 0.423129 0.076228 0.247753 0.229642
9.9991E-05 0.182192 0.614487 0.0762859 0.126936
9.9991E-05 0.195707 0.522775 0.145249 0.13617
9.9991E-05 0.650554 0.195578 0.12669 0.0270779
0.00476217 0.548681 0.256175 0.108339 0.0820428
0.0416862 0.187282 0.536329 0.194833 0.0398701
0.102856 0.551535 0.191513 0.153996 9.9991E-05
0.00434544 0.628251 0.236228 0.0676927 0.0634832
0.067063 0.436783 0.227828 0.195671 0.0726546
0.141078 0.369756 0.438333 9.9991E-05 0.0507325
0.0899169 0.397823 0.454093 0.0580671 9.9991E-05
0.123623 0.470261 0.258808 0.109982 0.0373256
0.135711 0.411297 0.311923 0.10161 0.0394589
9.9991E-05 0.449759 0.330971 0.141584 0.0775868
0.0597365 0.52628 0.380361 0.0335231 9.9991E-05
0.145942 0.333005 0.507423 9.9991E-05 0.0135306
0.0243814 0.568166 0.23369 0.0835661 0.0901973
0.0671044 0.269068 0.594443 0.0692846 9.9991E-05
0.0941784 0.3929 0.426909 0.0840287 0.00198364
0.00928321 0.600068 0.176346 0.0449893 0.169313
0.143029 0.49749 0.243256 0.0567683 0.0594567
9.9991E-05 0.427393 0.15844 0.201029 0.213038
0.200832 0.285066 0.110111 0.21861 0.185381
0.0682976 0.324014 0.159016 0.284013 0.164659
0.193652 0.317469 0.0832041 0.254453 0.151222
0.0796088 0.507668 0.0586255 0.152916 0.201182
0.0966685 0.494741 0.0706527 0.125773 0.212165
0.0085198 9.9991E-05 0.584299 0.2226 0.184481
0.0890913 0.562622 0.0207775 0.27865 0.0488589
9.9982E-05 9.9982E-05 0.420985 0.172652 0.406163
9.9991E-05 0.554432 0.207002 0.204 0.0344665
9.9973E-05 0.207644 0.792056 9.9973E-05 9.9973E-05
0.0736228 0.00161721 0.898798 0.0258622 9.9991E-05
0.037459 0.565545 0.388343 9.9991E-05 0.00855282
9.9991E-05 0.640594 0.279528 0.0582064 0.0215721
0.0180869 0.486152 0.476109 0.0195522 9.9991E-05
0.00901193 0.583181 0.357155 0.0505524 9.9991E-05
0.0564516 0.600069 0.250733 0.0926466 9.9991E-05
0.014637 0.124127 0.0226642 0.0265395 0.812032
0.170683 9.9991E-05 0.0126353 0.0993806 0.717202
0.0653736 9.9982E-05 9.9982E-05 0.0569301 0.877496
9.9973E-05 0.0517031 9.9973E-05 9.9973E-05 0.947997
0.0906074 0.616035 0.217212 0.0233939 0.0527514
0.0444408 0.609699 0.19744 0.0206425 0.127777
0.0803755 0.697704 0.22172 9.9982E-05 9.9982E-05
0.0932727 0.669276 0.0794371 0.0312037 0.126811
0.123705 0.650079 0.0888086 0.00805783 0.129349
0.143215 0.381218 0.469276 9.9991E-05 0.00619193
0.095 0.795805 0.108995 9.9982E-05 9.9982E-05
9.9982E-05 0.472597 0.50975 9.9982E-05 0.0174524
0.0201686 0.457728 0.0590644 0.167283 0.295757
0.0352271 0.497386 0.401895 0.0612637 0.00422869
0.161149 0.49139 0.343507 9.9991E-05 0.00385482
0.0588242 0.669854 0.271122 9.9982E-05 9.9982E-05
0.137431 0.553349 0.298208 9.9991E-05 0.0109117
9.9991E-05 0.655681 0.278744 0.0394014 0.0260741
0.0810007 0.656006 0.174524 0.0475003 0.0409692
9.9973E-05 0.292632 0.707068 9.9973E-05 9.9973E-05
0.0513924 0.420446 0.492637 0.0315899 0.00393482
0.144575 0.471472 0.383752 9.9982E-05 9.9982E-05
9.9973E-05 0.0415482 0.958152 9.9973E-05 9.9973E-05
0.178626 0.517303 0.241387 0.000594541 0.0620892
0.0207432 0.270715 0.708342 9.9982E-05 9.9982E-05
0.0460305 0.0974266 0.856343 9.9982E-05 9.9982E-05
9.9982E-05 0.676484 0.260374 9.9982E-05 0.0629413
0.155821 0.401789 0.441824 9.9991E-05 0.000466577
0.191994 0.516009 0.22797 0.0639268 9.9991E-05
9.9991E-05 0.638113 0.164107 0.101905 0.0957753
0.0917583 0.698649 0.187997 0.0214959 9.9991E-05
0.318067 0.359491 0.220342 0.101999 9.9991E-05
0.101329 0.64282 0.208002 0.0477489 9.9991E-05
0.11364 0.581273 0.244052 9.9991E-05 0.0609354
9.9973E-05 0.500106 0.499594 9.9973E-05 9.9973E-05
0.125419 0.541138 0.188594 0.0587829 0.0860656
0.284626 9.9982E-05 0.0739597 9.9982E-05 0.641215
0.0822292 0.0866901 0.0361073 9.9991E-05 0.794873
0.146733 9.9982E-05 0.0452628 9.9982E-05 0.807804
0.165881 9.9982E-05 0.0294465 9.9982E-05 0.804472
0.229281 0.040727 0.00838892 9.9991E-05 0.721503
0.29431 0.300417 0.385167 9.9991E-05 0.020005
0.246721 0.256906 0.469498 9.9991E-05 0.0267753
9.9973E-05 0.356539 0.643161 9.9973E-05 9.9973E-05
0.0351948 0.646537 0.0562717 0.175513 0.0864834
9.9991E-05 0.518164 0.253211 0.127982 0.100543
9.9982E-05 0.468144 0.517339 9.9982E-05 0.0143167
9.9982E-05 0.618632 0.247332 0.133836 9.9982E-05
9.9982E-05 0.565297 0.375411 9.9982E-05 0.0590928
0.0398382 0.62431 0.27242 0.00229269 0.0611395
0.084749 0.709615 0.178898 0.00959584 0.0171429
0.183729 0.416291 0.39978 9.9982E-05 9.9982E-05
0.126269 0.569745 0.303787 9.9982E-05 9.9982E-05
0.257294 0.482361 0.260145 9.9982E-05 9.9982E-05
0.0811865 0.640071 0.138615 9.9991E-05 0.140027
0.126752 0.593507 0.27954 9.9982E-05 9.9982E-05
0.104038 0.600375 0.201335 0.0336717 0.0605796
0.143125 0.320873 0.00340969 0.465283 0.067309
9.9991E-05 0.401784 0.0277686 0.449536 0.120812
0.00191539 0.416997 9.9991E-05 0.442573 0.138415
9.9991E-05 0.342411 0.0517862 0.450128 0.155575
0.0198323 0.459715 0.0171755 0.383999 0.119279
9.9991E-05 0.537539 0.347915 0.0935808 0.0208654
9.9991E-05 0.0465145 0.0438037 0.656745 0.252837
0.0111846 0.322113 0.0597083 0.435677 0.171317
9.9991E-05 0.428749 0.197883 0.107986 0.265283
9.9982E-05 0.588615 0.163679 9.9982E-05 0.247506
0.0924757 0.465992 0.262762 0.00895184 0.169819
0.000245196 0.71544 0.0845289 0.0308353 0.16895
0.00627997 0.625354 0.180509 0.0669345 0.120922
9.9982E-05 0.383731 9.9982E-05 0.407738 0.208332
0.12128 0.299487 0.013302 0.441943 0.123988
9.9982E-05 0.402198 9.9982E-05 0.523436 0.0741663
0.107843 0.45642 0.029867 0.271439 0.134432
0.0567317 0.171111 0.0637446 0.606491 0.101922
0.0482765 0.416306 0.0674167 0.339883 0.128118
0.0486656 0.213643 0.0772193 0.572959 0.0875131
0.138664 0.333873 0.00819308 0.436826 0.0824432
9.9991E-05 0.539698 0.310005 0.0567758 0.0934205
0.0274993 0.369622 0.0193504 0.377876 0.205652
9.9991E-05 0.219966 0.00733581 0.62273 0.149869
0.126381 0.375029 0.0133733 0.345992 0.139225
0.243696 0.266627 0.298669 9.9991E-05 0.190908
0.0734437 0.502829 0.218503 0.193631 0.0115923
0.0386459 0.459441 0.0521985 0.264745 0.18497
0.120543 0.634907 0.0497247 0.00772903 0.187097
0.100113 0.503038 0.220953 0.00135504 0.174541
0.0310716 0.351808 0.216995 0.240051 0.160075
0.0412335 0.266061 0.132905 0.339998 0.219802
0.0915163 0.680415 0.0103229 0.117721 0.100024
9.9982E-05 0.433281 9.9982E-05 0.388075 0.178444
9.9982E-05 0.386848 9.9982E-05 0.506353 0.106599
9.9991E-05 0.131262 0.0175778 0.624432 0.226628
9.9991E-05 0.557325 0.226029 0.143018 0.0735274
0.103288 0.590567 0.170323 9.9991E-05 0.135723
9.9991E-05 0.201059 0.57016 0.0438334 0.184848
0.125961 0.546 0.0821619 0.0935668 0.152311
0.17023 0.408528 0.227288 0.00799247 0.185962
0.0112124 0.46019 0.142261 0.200626 0.185711
0.0490919 0.452054 0.169177 0.183586 0.146092
9.9982E-05 9.9982E-05 0.388862 0.228656 0.382282
9.9982E-05 9.9982E-05 0.458492 0.155932 0.385376
0.0320212 0.280986 0.315941 0.149568 0.221484
0.0322961 0.00930803 0.339061 0.244334 0.375001
9.9982E-05 9.9982E-05 0.341882 0.229404 0.428513
0.0106541 0.367182 0.351533 0.173352 0.0972785
9.9991E-05 0.397882 0.15214 0.191476 0.258402
9.9991E-05 0.158101 0.331899 0.193059 0.316841
9.9991E-05 0.102724 0.391898 0.127989 0.377289
0.0867152 0.498287 0.137724 0.132908 0.144365
9.9991E-05 0.145401 0.392486 0.173091 0.288923
9.9982E-05 9.9982E-05 0.415972 0.035418 0.54841
0.0901332 0.425378 0.117879 0.234883 0.131726
9.9991E-05 0.366081 0.214966 0.234216 0.184638
0.0145315 0.435651 9.9991E-05 0.213769 0.335948
9.9982E-05 0.540473 9.9982E-05 0.255018 0.204309
0.0324926 0.52899 0.052066 0.17775 0.208701
9.9991E-05 0.48647 0.0782875 0.268792 0.166351
0.00195316 0.386072 9.9991E-05 0.244028 0.367847
0.00519461 0.564768 9.9991E-05 0.23856 0.191378
9.9982E-05 0.488594 9.9982E-05 0.256364 0.254842
9.9991E-05 0.383247 0.110092 0.22908 0.277482
0.174397 0.356743 0.177185 0.119433 0.172242
9.9991E-05 0.509745 0.120342 0.121298 0.248515
0.0509743 0.569439 0.0434218 0.144653 0.191512
0.00427857 0.612687 0.151105 0.0878812 0.144049
0.0121747 0.376288 9.9991E-05 0.258495 0.352942
0.0629782 0.462586 0.00712091 0.28497 0.182345
9.9991E-05 0.173779 0.195198 0.21183 0.419093
0.14222 0.457556 0.077024 0.278063 0.045138
9.9991E-05 0.210451 0.175706 0.348268 0.265475
0.145194 0.0140697 0.0302048 0.00153703 0.808994
0.799432 0.0864724 0.0044296 9.9991E-05 0.109566
0.9996 9.997E-05 9.997E-05 9.997E-05 9.997E-05
0.9996 9.997E-05 9.997E-05 9.997E-05 9.997E-05
0.9996 9.997E-05 9.997E-05 9.997E-05 9.997E-05
0.941306 0.0491542 9.9982E-05 0.00933984 9.9982E-05
0.864667 0.135033 9.9973E-05 9.9973E-05 9.9973E-05
0.934021 9.9973E-05 9.9973E-05 9.9973E-05 0.0656786
0.796871 9.9982E-05 9.9982E-05 0.000919568 0.20201
0.0736322 9.9982E-05 9.9982E-05 0.0414161 0.884752
0.0875217 0.0792521 9.9982E-05 9.9982E-05 0.833026
9.9982E-05 9.9982E-05 0.0815446 0.0653279 0.852928
0.0945839 0.0307445 0.0227565 9.9991E-05 0.851815
0.0287091 0.00297735 9.9991E-05 0.0652981 0.902915
0.0965172 9.9973E-05 9.9973E-05 9.9973E-05 0.903183
0.00420143 0.026884 0.0375178 0.14115 0.790247
9.9982E-05 0.0644313 9.9982E-05 0.0609468 0.874422
0.156879 0.0758782 0.0111739 0.0807136 0.675355
9.9982E-05 9.9982E-05 0.00868029 0.084117 0.907003
0.0384994 9.9973E-05 9.9973E-05 9.9973E-05 0.961201
0.0811463 0.000106724 9.9991E-05 0.0602364 0.858411
0.0335453 9.9973E-05 9.9973E-05 9.9973E-05 0.966155
9.9982E-05 0.0599566 9.9982E-05 0.00638501 0.933458
9.9982E-05 0.0937095 9.9982E-05 0.037819 0.868272
9.9982E-05 0.0740278 9.9982E-05 0.0636796 0.862093
9.9982E-05 0.0767789 9.9982E-05 0.163171 0.75985
9.9982E-05 0.133 9.9982E-05 0.07405 0.79275
9.9982E-05 0.1109 9.9982E-05 0.0585891 0.83031
0.0857237 0.410193 0.280338 0.0638169 0.159929
0.0410589 0.74288 0.106248 9.9991E-05 0.109712
0.0649882 0.567991 0.101605 0.121187 0.144229
9.9991E-05 0.114644 0.709327 0.0432818 0.132648
0.140786 0.555698 0.127495 0.0142157 0.161805
9.9991E-05 0.166198 0.589335 0.0214177 0.222949
9.9991E-05 0.643619 0.186502 0.0644033 0.105376
0.197531 0.500331 0.135477 9.9991E-05 0.16656
0.035192 0.659098 0.159792 9.9991E-05 0.145818
0.00637149 0.662652 0.292184 0.00434599 0.0344466
0.119431 0.478741 0.28085 9.9991E-05 0.120878
9.9991E-05 0.725322 0.165162 0.00495465 0.104462
0.145521 0.645775 0.105605 9.9991E-05 0.102998
0.536215 0.0544 0.334423 0.0748614 9.9991E-05
0.0883784 9.9982E-05 0.812053 9.9982E-05 0.0993691
0.0324464 0.191751 0.606513 0.0523985 0.116891
0.00966603 0.669096 0.160117 9.9991E-05 0.161021
9.9991E-05 0.566176 0.248474 0.00454702 0.180703
9.9982E-05 0.639535 0.203812 9.9982E-05 0.156453
9.9991E-05 0.697774 0.11313 0.0843306 0.104665
9.9991E-05 0.510384 0.109497 0.166113 0.213906
0.0118947 0.608446 9.9991E-05 0.187585 0.191975
0.178214 0.192139 0.075405 0.14027 0.413972
0.101761 0.64912 0.0200821 0.0921021 0.136935
0.0560916 0.467701 0.0770597 0.143899 0.255249
9.9982E-05 9.9982E-05 0.385156 0.184916 0.429727
9.9991E-05 0.41842 0.074353 0.180319 0.326808
0.0635353 0.348552 0.0622831 0.159909 0.365721
0.130649 0.461903 9.9991E-05 0.0989603 0.308388
0.0933165 0.4354 0.0610672 0.229614 0.180602
9.9991E-05 0.544705 0.0850497 0.112219 0.257926
0.052578 0.649489 0.0037098 0.146626 0.147597
9.9991E-05 0.504371 0.105625 0.163844 0.22606
9.9991E-05 0.365677 0.0340619 0.104878 0.495283
