0.90735 9.9982E-05 9.9982E-05 0.0109078 0.0815424
0.953158 0.0136155 9.9982E-05 9.9982E-05 0.0330271
0.85138 9.9982E-05 0.136208 0.0122119 9.9982E-05
0.771007 9.9991E-05 0.00152393 0.113976 0.113394
0.880425 9.9982E-05 0.0624439 0.0569315 9.9982E-05
0.65463 0.136466 0.0686783 0.0699507 0.0702749
0.824126 0.101313 9.9982E-05 9.9982E-05 0.0743603
0.780347 0.0310261 9.9982E-05 9.9982E-05 0.188427
0.84638 0.0673719 9.9982E-05 9.9982E-05 0.0860482
0.702879 0.149249 0.0697716 0.0779999 9.9991E-05
0.746164 0.070209 0.044509 9.9991E-05 0.139018
9.999E-05 0.115948 0.314773 0.0966001 0.472578
0.0146791 9.9991E-05 0.56547 0.114791 0.30496
0.0600816 0.132329 0.281637 0.0540956 0.471857
0.0399353 0.12654 0.280661 0.202549 0.350315
0.129435 0.121727 0.400964 0.116329 0.231546
0.0304189 0.0935547 0.591489 0.166912 0.117625
0.0197624 0.151218 0.498375 0.0822138 0.248431
0.128569 0.0273976 0.423329 0.0719755 0.348729
0.0302865 0.215452 0.0336625 0.0612356 0.659363
0.0189464 0.21501 0.471021 0.0928564 0.202166
0.0283312 0.248462 0.450289 0.0757836 0.197134
0.0325103 0.0934244 0.629848 0.0525885 0.191629
0.000680149 0.189423 0.407544 0.0682332 0.33412
0.0618018 0.0539806 0.623337 0.10203 0.158851
0.0442229 0.0501115 0.587179 0.0999935 0.218493
0.014226 0.117163 0.290967 0.0941606 0.483483
0.0248669 0.103129 0.243064 0.20399 0.42495
0.0281413 0.235021 0.30281 0.0249205 0.409107
0.822002 9.9982E-05 0.093463 0.0843349 9.9982E-05
0.853177 9.9973E-05 0.146523 9.9973E-05 9.9973E-05
0.797572 9.9991E-05 0.157122 0.023003 0.0222036
0.7062 0.0673558 0.120357 0.105987 9.9991E-05
0.0245099 0.172058 0.605829 9.9991E-05 0.197502
0.0806582 0.107372 0.65297 0.0421577 0.116842
0.0194469 0.249197 0.702098 9.9991E-05 0.0291581
0.0960908 0.0602406 0.210115 9.9991E-05 0.633453
0.0189152 0.444722 0.442029 0.0400149 0.0543191
0.0857664 0.113303 0.595779 0.000139643 0.205012
0.0134666 0.167079 0.744506 0.0698294 0.00511893
0.0941325 0.17387 0.610545 0.0269198 0.0945332
0.155148 0.0488637 0.755387 9.9991E-05 0.0405017
0.00210657 0.43862 0.336034 9.9991E-05 0.22314
0.0570429 0.116605 0.617826 0.076313 0.132213
0.0217346 0.203314 0.559642 0.145209 0.0701008
0.185023 0.157785 0.598535 0.0533801 0.00527657
9.9982E-05 0.536801 0.451016 9.9982E-05 0.0119838
0.109401 0.176421 0.706582 0.00749601 9.9991E-05
0.0825478 0.178024 0.555493 0.10691 0.0770257
0.0846677 0.813543 9.9982E-05 9.9982E-05 0.101589
9.9982E-05 0.336631 0.238331 9.9982E-05 0.424837
0.0133351 0.629834 0.128415 0.0485042 0.179912
0.140855 0.0428482 0.537366 0.116226 0.162705
0.130987 0.0223288 0.640697 0.0355918 0.170395
0.0187416 0.231838 0.56494 0.161159 0.0233209
0.064318 0.293622 0.260112 9.9991E-05 0.381849
9.9982E-05 9.9982E-05 0.618869 0.0495514 0.331379
0.0852467 0.149268 0.497948 0.162339 0.105199
0.117852 0.193851 0.45088 0.0292426 0.208175
0.194409 0.336889 0.0577081 0.0716099 0.339384
9.9991E-05 0.155026 0.527668 0.156446 0.16076
0.0582407 0.130665 0.427614 0.0994416 0.284039
0.059104 0.322701 0.105347 9.9991E-05 0.512748
9.9991E-05 0.156374 0.558014 0.0203206 0.265192
9.9991E-05 0.191029 0.599307 0.149096 0.0604684
0.13959 0.0577901 0.714045 9.9991E-05 0.0884743
0.0251529 0.288196 0.342206 0.0791691 0.265276
0.00328228 0.191629 0.539408 0.0874254 0.178256
0.0716905 0.0554296 0.557552 0.117712 0.197615
0.0102673 0.276756 0.297241 0.00733926 0.408396
9.9982E-05 0.20711 0.707345 9.9982E-05 0.0853451
9.9982E-05 0.399996 0.409805 9.9982E-05 0.189999
0.0779167 0.121552 0.581398 0.0433848 0.175749
9.9982E-05 0.792913 0.189424 9.9982E-05 0.0174629
9.9982E-05 0.763808 0.168791 9.9982E-05 0.0672008
9.9982E-05 0.483301 0.487472 9.9982E-05 0.0290275
0.0167858 0.260946 0.615387 9.9991E-05 0.106781
0.137082 0.0966183 0.663336 0.0438329 0.0591314
0.00608549 0.274342 0.571737 0.0353488 0.112487
0.0107764 0.406927 0.38039 9.9991E-05 0.201807
9.9982E-05 0.249781 0.409816 9.9982E-05 0.340202
0.113869 0.138067 0.589196 0.0919033 0.0669648
0.0167316 0.407518 0.482273 9.9991E-05 0.0933774
0.0420618 0.302246 0.580957 9.9991E-05 0.0746356
0.0128882 0.463746 0.523166 9.9982E-05 9.9982E-05
0.0203739 0.829614 0.120784 9.9991E-05 0.0291287
0.0183857 0.125833 0.725397 0.0474828 0.0829017
0.815499 9.9991E-05 0.105948 0.0129078 0.0655451
0.918467 9.9973E-05 0.0812326 9.9973E-05 9.9973E-05
0.855081 9.9982E-05 0.110575 0.0341434 9.9982E-05
0.928866 0.00629381 0.0646399 9.9982E-05 9.9982E-05
0.871047 9.9973E-05 0.128653 9.9973E-05 9.9973E-05
0.859003 0.0413239 0.0308745 0.0686985 9.9991E-05
0.927058 9.9973E-05 0.0726419 9.9973E-05 9.9973E-05
0.202955 0.185889 0.569483 0.0141984 0.0274744
0.145672 0.127333 0.683148 0.0437467 9.9991E-05
9.9982E-05 0.581496 0.251992 9.9982E-05 0.166312
0.148391 0.0961149 0.600702 0.0521672 0.102624
9.9982E-05 0.17503 0.601996 9.9982E-05 0.222774
0.086163 0.199345 0.699608 0.00961608 0.00526732
0.073697 0.222852 0.604199 9.9991E-05 0.0991516
0.0324317 0.30877 0.573241 0.0854574 9.9991E-05
0.0268728 0.619395 0.100199 9.9991E-05 0.253434
0.110248 0.134323 0.577568 0.072588 0.105273
0.0698778 0.0559512 0.835928 9.9991E-05 0.0381435
0.0873511 0.146084 0.467009 0.156224 0.143332
9.9973E-05 0.525922 0.473779 9.9973E-05 9.9973E-05
0.0234273 0.323817 0.565723 0.0507748 0.0362574
0.0488321 0.207882 0.641849 9.9991E-05 0.101337
9.9991E-05 0.417746 0.512691 0.0449079 0.0245555
0.0316653 0.218179 0.652211 9.9991E-05 0.0978451
0.144278 0.174954 0.585445 9.9991E-05 0.0952229
0.0520802 0.409102 0.1563 0.074011 0.308507
0.0935656 0.0713726 0.385454 0.144762 0.304845
0.141128 0.0587214 0.565415 0.0353081 0.199428
0.0285903 0.123469 0.559063 0.119921 0.168957
0.0637456 0.10222 0.423161 0.015605 0.395268
9.9991E-05 0.0366011 0.477806 0.170962 0.31453
0.0278816 0.0279634 0.573859 9.9991E-05 0.370196
0.019176 0.204549 0.439871 0.143663 0.192741
0.014011 0.0887942 0.60726 0.129991 0.159944
0.0201942 0.0857889 0.638588 0.00242401 0.253005
0.00603063 9.9982E-05 0.582411 9.9982E-05 0.411358
0.0712961 0.125109 0.571054 0.110435 0.122107
0.0412732 0.0734822 0.581872 0.143908 0.159464
0.0158258 0.0523612 0.613971 0.0504451 0.267396
0.081519 0.0347406 0.712677 0.0376469 0.133416
9.9991E-05 0.118577 0.509857 0.153809 0.217657
0.220475 0.204191 0.348049 9.9991E-05 0.227184
0.00400242 0.0949289 0.687891 0.0323731 0.180805
0.0487256 9.9991E-05 0.622382 0.109087 0.219705
0.0117191 0.148646 0.336015 0.09332 0.4103
0.0509314 0.440122 0.180509 0.0876024 0.240835
0.0546658 0.0939216 0.500162 0.110827 0.240424
9.9991E-05 0.478256 0.0320619 0.124458 0.365124
9.9982E-05 0.116563 0.397532 9.9982E-05 0.485705
0.030326 0.107431 0.551007 9.9991E-05 0.311136
0.0169293 0.170483 0.392515 9.9991E-05 0.419972
9.9991E-05 0.149915 0.336544 0.0438141 0.469627
0.100458 0.038269 0.680073 0.023534 0.157666
0.139645 0.0261048 0.688353 9.9991E-05 0.145797
0.0946336 0.0398996 0.655572 0.0264401 0.183455
9.9991E-05 0.370863 0.144571 0.130922 0.353543
0.14336 0.156559 0.675103 9.9991E-05 0.0248786
0.0253787 0.257387 0.414343 0.156993 0.145897
0.194747 0.596011 0.041706 9.9991E-05 0.167436
0.121973 0.165136 0.641474 0.0713165 9.9991E-05
0.115157 0.378565 0.402441 0.0215435 0.0822943
0.149656 0.243955 0.523723 0.0825672 9.9991E-05
0.125257 0.433495 0.27686 0.027815 0.136573
0.153318 0.476048 0.248486 9.9991E-05 0.122048
0.0788932 0.22961 0.52564 9.9991E-05 0.165756
0.102012 0.168489 0.625574 0.0591303 0.0447947
0.163235 0.143858 0.505425 0.08917 0.0983124
0.116491 0.569156 0.0616576 0.178796 0.0738996
0.0308666 0.184317 0.491637 0.143402 0.149777
9.9982E-05 0.425248 0.47854 9.9982E-05 0.0960115
9.9991E-05 0.342479 0.479493 0.0200681 0.15786
0.108567 0.104911 0.603679 0.122882 0.0599619
0.383103 0.154573 0.120963 0.284325 0.0570362
0.605997 0.2242 9.9982E-05 0.169603 9.9982E-05
0.542825 0.308504 9.9982E-05 0.14847 9.9982E-05
0.432079 0.137821 0.078668 0.351332 9.9991E-05
0.00653638 0.313973 0.672748 0.00664222 9.9991E-05
0.0901297 0.223284 0.48649 0.126296 0.0738001
9.9982E-05 9.9982E-05 0.240965 0.737526 0.0213088
9.9982E-05 9.9982E-05 0.325683 0.535543 0.138574
0.124824 9.9991E-05 0.345081 0.432655 0.0973405
0.0482484 0.471824 0.437626 9.9991E-05 0.0422014
0.0419541 0.245265 0.607997 0.048666 0.0561183
0.053473 0.644319 0.217871 0.0584169 0.0259199
0.0612041 0.21891 0.680585 9.9991E-05 0.0392005
0.027285 0.323032 0.542276 9.9991E-05 0.107307
0.0437866 0.248621 0.640383 0.0493074 0.0179019
0.0328596 0.616833 0.228856 0.0531713 0.0682803
9.9991E-05 0.248748 0.539065 0.16536 0.0467271
0.142817 0.185098 0.580963 0.0723102 0.0188128
9.99852E-05 9.99852E-05 0.0375814 0.945056 0.0171624
9.9991E-05 0.0131123 0.0985262 0.881552 0.00670911
0.0529382 0.0681982 0.23195 0.636829 0.0100854
0.00345639 9.9991E-05 0.287556 0.66359 0.0452981
9.9991E-05 0.0405971 0.131103 0.803734 0.0244661
9.997E-05 9.997E-05 9.997E-05 0.9996 9.997E-05
9.9982E-05 0.0174704 9.9982E-05 0.9739 0.00842932
9.9973E-05 9.9973E-05 0.109385 0.890315 9.9973E-05
9.9973E-05 9.9973E-05 9.9973E-05 0.960351 0.0393488
9.997E-05 9.997E-05 9.997E-05 0.9996 9.997E-05
9.997E-05 9.997E-05 9.997E-05 0.9996 9.997E-05
0.0177985 9.9991E-05 0.104085 0.831272 0.0467448
0.0449966 9.9991E-05 0.0927653 0.817863 0.0442755
9.9973E-05 9.9973E-05 9.9973E-05 0.997417 0.00228328
0.117825 0.057548 0.363619 0.381521 0.079487
0.0197856 0.0420112 0.199091 0.655975 0.0831367
9.9982E-05 9.9982E-05 0.0857415 0.843473 0.070586
9.9982E-05 9.9982E-05 0.0541718 0.900136 0.0454921
9.997E-05 9.997E-05 9.997E-05 0.9996 9.997E-05
0.0182762 9.9982E-05 0.0574253 0.924099 9.9982E-05
9.997E-05 9.997E-05 9.997E-05 0.9996 9.997E-05
0.09322 0.045086 0.214119 0.624527 0.0230482
9.9991E-05 0.0432994 0.00958943 0.924472 0.0225396
0.402719 0.558443 9.9982E-05 0.0386383 9.9982E-05
0.171345 0.0905707 0.438683 0.0717697 0.227632
0.263769 0.209809 0.368002 0.119888 0.038531
0.247006 0.434252 0.201712 0.11693 9.9991E-05
0.14843 0.194173 0.504659 0.152639 9.9991E-05
0.300667 0.390939 0.144245 0.164049 9.9991E-05
0.243741 0.0853229 0.518962 0.0656163 0.0863582
0.181839 0.345265 0.280728 0.192067 9.9991E-05
0.200701 0.138895 0.424777 0.235527 9.9991E-05
0.276825 0.198807 0.32239 0.201878 9.9991E-05
0.225227 0.16785 0.441028 0.11402 0.0518757
0.841385 0.0306181 0.0721428 9.9991E-05 0.0557541
0.938039 9.9973E-05 9.9973E-05 0.0616609 9.9973E-05
0.97419 9.9973E-05 9.9973E-05 9.9973E-05 0.0255099
0.955255 9.9973E-05 9.9973E-05 9.9973E-05 0.044445
0.897188 9.9991E-05 0.0194067 0.0403715 0.0429339
0.890112 0.0472996 9.9982E-05 0.0623881 9.9982E-05
0.886697 9.9991E-05 0.0500815 0.062106 0.00101533
0.906027 0.0676913 9.9982E-05 9.9982E-05 0.0260817
0.922155 9.9973E-05 0.0775454 9.9973E-05 9.9973E-05
0.871379 9.9982E-05 9.9982E-05 0.102116 0.0263054
0.581401 0.119415 9.9991E-05 0.0194539 0.279631
0.572976 0.0348535 0.0134472 9.9991E-05 0.378623
0.535007 0.161907 9.9982E-05 9.9982E-05 0.302886
0.488626 0.171696 9.9982E-05 9.9982E-05 0.339479
0.0135911 0.203878 0.596164 0.0356285 0.150739
0.0435342 0.207421 0.653861 0.00843722 0.0867462
0.0625699 0.132101 0.636234 0.0297985 0.139297
0.0280263 0.154054 0.462673 9.9991E-05 0.355146
9.9982E-05 0.11044 0.218504 9.9982E-05 0.670856
0.0398052 0.121481 0.61446 0.114418 0.109836
9.9991E-05 0.254445 0.668557 0.00375453 0.0731433
9.9991E-05 0.192169 0.666554 0.0123186 0.128859
9.9982E-05 0.413665 0.527606 0.0585289 9.9982E-05
0.0671586 0.0737237 0.583663 0.130947 0.144508
9.9982E-05 0.385359 0.522856 9.9982E-05 0.0915843
9.9982E-05 0.809636 0.0543492 9.9982E-05 0.135815
0.0199827 0.149106 0.602472 0.00829384 0.220145
0.0185061 0.531797 0.344443 0.0268821 0.0783718
0.0816162 0.293856 0.621896 0.00253255 9.9991E-05
0.0144339 0.492233 0.275868 9.9991E-05 0.217365
0.0763854 0.138504 9.9982E-05 9.9982E-05 0.784911
0.100762 0.157977 0.0349463 9.9991E-05 0.706215
9.9982E-05 0.183388 0.000737287 9.9982E-05 0.815675
0.0866887 0.138531 9.9982E-05 9.9982E-05 0.774581
9.9991E-05 0.0883834 0.0133137 0.0772779 0.820925
9.9991E-05 0.0557068 0.0489039 0.0819682 0.813321
0.898693 9.9973E-05 0.101007 9.9973E-05 9.9973E-05
0.804269 9.9991E-05 0.00409677 0.0663248 0.125209
0.792857 9.9982E-05 0.148889 0.0580547 9.9982E-05
0.740369 9.9991E-05 0.038491 0.127324 0.0937162
0.824455 9.9991E-05 0.0741509 0.0589498 0.0423444
0.39151 0.086761 9.9982E-05 9.9982E-05 0.521529
0.458555 0.172493 9.9982E-05 9.9982E-05 0.368752
0.44229 0.0552092 9.9982E-05 9.9982E-05 0.502301
0.78977 9.9991E-05 0.147416 0.0170033 0.0457111
0.352253 0.136001 9.9991E-05 0.0133233 0.498323
0.240598 0.115704 0.217832 0.425766 9.9991E-05
0.0791641 9.9991E-05 0.511439 0.293645 0.115652
0.144712 9.9982E-05 0.498679 0.356409 9.9982E-05
0.288634 0.117335 0.349446 0.234981 0.00960361
0.192202 9.9991E-05 0.585194 0.0863218 0.136182
0.516402 0.161734 9.9982E-05 0.321664 9.9982E-05
0.0018154 0.154052 0.528173 9.9991E-05 0.315859
0.0618014 0.367242 0.39922 0.0134292 0.158308
0.127679 0.0519493 0.363439 9.9991E-05 0.456833
9.9991E-05 0.332612 0.55425 0.0319618 0.0810763
9.9973E-05 0.80296 9.9973E-05 9.9973E-05 0.19674
0.133092 0.0318982 0.614967 0.0349852 0.185058
0.0356806 0.244517 0.498387 0.0337531 0.187662
0.0306304 0.10406 0.446873 9.9991E-05 0.418337
0.0943454 0.105737 0.555096 0.070665 0.174156
0.0263471 0.528363 0.176533 0.0117394 0.257018
9.9991E-05 0.307227 0.523482 0.0466462 0.122544
0.00237028 0.0892053 0.621038 0.00643348 0.280953
0.140162 0.129268 0.454762 0.208638 0.0671699
9.9991E-05 0.289234 0.409801 0.0685844 0.23228
0.0415944 0.185599 0.509614 0.00814999 0.255043
9.9991E-05 0.273107 0.489849 0.125421 0.111522
0.00176681 0.190222 0.615893 9.9991E-05 0.192018
0.0375899 0.0707652 0.68849 0.0903137 0.112841
0.122245 0.0290647 0.516411 0.0879022 0.244377
0.0844127 0.0936633 0.57981 0.0707909 0.171323
0.793348 9.9982E-05 0.182568 0.0238835 9.9982E-05
0.841563 0.0436355 0.0741924 0.0405092 9.9991E-05
0.768976 0.0412807 0.0471954 0.0468222 0.095726
0.840373 0.0538905 0.0612367 0.0317775 0.0127224
0.851159 9.9982E-05 0.142033 0.00660808 9.9982E-05
9.9991E-05 0.118716 0.254793 0.0434369 0.582954
9.9991E-05 0.219814 0.501422 0.104982 0.173682
0.195384 0.0905876 0.437739 0.23936 0.0369288
9.9991E-05 0.075125 0.683549 0.112693 0.128533
0.0790764 0.0197255 0.596812 0.00576595 0.29862
9.9991E-05 0.26942 0.29423 0.122361 0.313889
0.109566 0.2049 0.031953 9.9991E-05 0.653481
0.0556159 0.0189805 0.609547 0.0167679 0.299089
0.0188966 0.189015 0.172545 0.0579144 0.561629
0.0590431 0.231339 0.507522 0.0479795 0.154117
0.131326 0.153904 0.153653 0.0345106 0.526606
0.120067 9.9991E-05 0.544579 0.106616 0.228638
0.0476754 0.027686 0.272914 0.0114411 0.640283
0.0264274 0.183307 0.389532 0.0808855 0.319848
0.0225581 0.171308 0.543536 0.0848324 0.177765
0.0925923 0.519187 0.331366 9.9991E-05 0.0567549
0.104473 0.226004 0.625989 0.0175287 0.0260053
0.134976 0.193963 0.645776 9.9991E-05 0.0251847
0.0591064 0.454314 0.385326 9.9991E-05 0.101154
0.0392043 0.168053 0.473836 0.11738 0.201527
0.0786671 0.233758 0.641481 9.9991E-05 0.045994
9.9982E-05 0.727691 0.147221 9.9982E-05 0.124889
0.0102365 0.637822 0.351741 9.9982E-05 9.9982E-05
0.0106872 0.330213 0.602739 0.0150506 0.0413102
0.0384323 0.622004 0.213765 9.9991E-05 0.125699
0.0577963 0.236165 0.567032 9.9991E-05 0.138907
9.9991E-05 0.147937 0.169511 0.0442326 0.63822
9.9991E-05 0.434421 0.243283 0.0599681 0.262228
0.0114993 0.158004 0.310564 0.127716 0.392216
0.059743 0.0171502 0.645166 0.0591368 0.218804
9.9991E-05 0.1825 0.359501 0.0104102 0.447489
0.11405 0.0960812 0.488555 0.122534 0.17878
0.0898885 0.0565019 0.541592 0.170385 0.141633
0.0168061 0.10274 0.517443 0.0770461 0.285965
9.9991E-05 0.0938111 0.545087 0.106036 0.254965
0.0239727 0.145075 0.502708 0.0227149 0.30553
9.9991E-05 0.0673117 0.304395 0.07535 0.552843
9.9991E-05 0.176495 0.332914 0.102606 0.387885
9.9982E-05 9.9982E-05 0.66304 0.0738349 0.262925
0.0849884 0.0516571 0.612527 0.109593 0.141234
0.10072 0.156504 0.558816 9.9991E-05 0.18386
9.9991E-05 0.161502 0.513146 0.101513 0.223739
0.0694222 0.00130152 0.367157 0.0899375 0.472182
0.011133 0.0126228 0.728455 0.0341356 0.213653
0.0902313 0.0563812 0.671559 0.0307167 0.151112
0.0380518 0.114519 0.492945 0.15477 0.199715
0.357342 9.9991E-05 0.517645 0.0533304 0.0715822
0.173932 0.151446 0.424114 0.250409 9.9991E-05
0.167516 0.132158 0.459649 0.240576 9.9991E-05
0.0977366 0.060869 0.571039 0.167647 0.102709
0.217795 0.0640995 0.528192 0.189814 9.9991E-05
9.9991E-05 0.262111 0.430708 0.0698513 0.23723
0.254462 0.0070911 0.619102 0.105035 0.01431
0.315455 0.519633 9.9982E-05 0.164712 9.9982E-05
0.0887905 0.0941965 0.576559 0.183939 0.0565149
0.131866 0.0768114 0.60383 0.170672 0.0168198
0.0943261 0.10824 0.483904 0.232478 0.0810511
0.219161 0.229959 0.34559 0.129683 0.0756069
0.208109 0.0908915 0.564984 0.135915 9.9991E-05
0.172616 0.103618 0.496635 0.225314 0.00181733
0.511637 0.300822 9.9982E-05 0.187341 9.9982E-05
0.171061 0.0648381 0.436705 0.249992 0.0774035
0.150939 0.0417934 0.530564 0.244153 0.0325507
0.11352 0.0792835 0.517413 0.207454 0.0823302
0.227779 0.0229066 0.508086 0.191831 0.049397
0.127765 0.0524126 0.520232 0.181602 0.117989
0.0346954 0.325733 0.453409 0.0736261 0.112536
0.0691397 0.291819 0.48944 0.111549 0.0380528
9.9991E-05 0.828191 0.0873673 0.00268857 0.0816533
9.9982E-05 0.800388 0.0842533 9.9982E-05 0.115159
0.0162986 0.250593 0.439184 0.228746 0.0651784
0.124943 0.176538 0.315636 0.382783 9.9991E-05
0.0707862 0.273202 0.231251 0.424661 9.9991E-05
0.21965 0.28937 0.109853 0.381027 9.9991E-05
0.229645 0.110485 0.352768 0.307002 9.9991E-05
0.0801657 0.634216 0.136072 0.149446 9.9991E-05
0.0660501 0.621578 0.133739 0.178533 9.9991E-05
0.0322412 0.207154 0.615095 0.14541 9.9991E-05
0.101077 0.295023 0.482655 0.121145 9.9991E-05
0.101309 0.528034 0.201835 0.168721 9.9991E-05
9.9991E-05 0.258098 0.537262 0.152421 0.0521186
0.00104125 0.228688 0.578228 0.123409 0.0686332
0.0742687 0.183078 0.421956 0.201063 0.119634
0.0399371 0.492132 0.393789 9.9991E-05 0.0740418
0.0194961 0.376749 0.399098 0.0588945 0.145762
0.0439787 0.259213 0.556904 0.101788 0.0381159
9.9991E-05 0.333469 0.435898 0.0893408 0.141193
0.130567 0.280594 0.474289 0.0903277 0.0242228
0.00893312 0.441444 0.531858 0.0176646 9.9991E-05
9.9982E-05 0.552598 0.33187 9.9982E-05 0.115332
0.0286344 0.307459 0.571081 0.0927254 9.9991E-05
9.9991E-05 0.65567 0.276485 0.0585352 0.00920945
0.0430018 0.474646 0.432844 0.0494085 9.9991E-05
0.0826343 0.220188 0.628969 0.0323258 0.0358821
9.9991E-05 0.381643 0.559691 0.057952 0.000614118
0.213882 0.133532 0.447821 0.204666 9.9991E-05
0.22769 0.159622 0.418828 0.174886 0.0189741
0.174845 0.116584 0.346852 0.259615 0.102104
0.181358 0.122556 0.259939 0.285843 0.150305
0.189121 0.0279751 0.498237 0.169721 0.114947
0.160359 0.113862 0.474832 0.161505 0.0894422
0.212593 0.590575 9.9991E-05 0.165111 0.0316204
0.0680908 0.0553892 0.631128 0.211581 0.0338109
0.410495 0.448689 9.9982E-05 0.140616 9.9982E-05
0.053809 0.184342 0.538646 0.223103 9.9991E-05
9.9973E-05 0.789835 0.209865 9.9973E-05 9.9973E-05
0.0204446 0.87353 0.0138694 9.9991E-05 0.0920562
9.9973E-05 0.403211 0.596489 9.9973E-05 9.9973E-05
0.0170879 0.238151 0.634759 0.109901 9.9991E-05
9.9982E-05 0.489159 0.489443 9.9982E-05 0.0211977
0.066982 0.379787 0.531193 0.0219389 9.9991E-05
9.9991E-05 0.295561 0.647407 0.0230703 0.0338617
0.841914 0.0440169 0.0817525 0.0322168 9.9991E-05
0.72015 0.0300412 9.9991E-05 0.103948 0.145761
0.893761 9.9982E-05 9.9982E-05 0.0376012 0.068438
0.959694 9.9973E-05 0.0400056 9.9973E-05 9.9973E-05
0.0976994 0.266452 0.635649 9.9982E-05 9.9982E-05
0.0856547 0.214121 0.622202 0.0317031 0.0463192
9.9982E-05 0.30619 0.651917 9.9982E-05 0.0416934
0.0990997 0.0996095 0.694339 9.9991E-05 0.106852
0.122014 0.124398 0.658501 0.0058551 0.0892326
9.9982E-05 0.445018 0.377141 9.9982E-05 0.177641
9.9982E-05 0.24672 0.743042 0.0100374 9.9982E-05
9.9973E-05 0.505131 0.494569 9.9973E-05 9.9973E-05
0.240414 0.0154005 0.479488 0.199683 0.0650137
9.9991E-05 0.361605 0.455473 0.103214 0.0796078
0.0100714 0.37222 0.490409 9.9991E-05 0.127199
0.00244988 0.287972 0.682687 0.0116215 0.0152703
0.00197172 0.333959 0.561658 9.9991E-05 0.102311
9.9982E-05 0.25808 0.702176 0.0395437 9.9982E-05
9.9991E-05 0.299679 0.634815 0.061311 0.00409568
9.9973E-05 0.759167 0.240533 9.9973E-05 9.9973E-05
9.9982E-05 0.482856 0.454974 9.9982E-05 0.0619705
9.9982E-05 0.371685 0.517106 9.9982E-05 0.111009
9.9973E-05 0.970661 0.029039 9.9973E-05 9.9973E-05
0.0495821 0.255845 0.538013 0.0188751 0.137685
9.9982E-05 0.724696 0.231601 9.9982E-05 0.0435033
0.0202693 0.856913 0.0927345 9.9991E-05 0.029983
0.10723 0.193745 0.693818 0.00510646 9.9991E-05
0.0399993 0.402962 0.387371 9.9991E-05 0.169567
9.9991E-05 0.290533 0.538042 0.000825873 0.170499
0.170654 0.12841 0.600777 0.0658292 0.0343295
0.0165005 0.231346 0.707361 9.9991E-05 0.044693
9.9991E-05 0.242503 0.364367 0.143061 0.249969
9.9982E-05 0.238922 0.652203 9.9982E-05 0.108675
0.00944766 0.177366 0.541418 0.0802239 0.191545
9.9982E-05 0.458271 0.509207 9.9982E-05 0.0323223
0.0698432 0.165602 0.595993 0.0241339 0.144428
0.6468 0.079959 9.9982E-05 9.9982E-05 0.273041
0.756462 0.0273849 0.0158912 0.0526002 0.147661
0.824151 0.0554964 9.9982E-05 9.9982E-05 0.120153
0.819404 0.0575006 9.9982E-05 9.9982E-05 0.122896
0.710326 9.9982E-05 0.0854724 9.9982E-05 0.204001
0.0344623 0.421392 0.308196 0.0486378 0.187313
0.0474437 0.509559 0.246926 9.9991E-05 0.195972
9.9973E-05 0.673897 0.325803 9.9973E-05 9.9973E-05
0.110745 0.110583 0.638712 0.0802628 0.0596981
0.186124 0.157989 0.633364 0.0224231 9.9991E-05
0.0350469 0.463376 0.435147 9.9991E-05 0.0663301
9.9982E-05 0.29767 0.630247 0.0718836 9.9982E-05
0.0162053 0.415573 0.488505 0.0728139 0.00690286
9.9982E-05 0.232426 0.688068 9.9982E-05 0.0793058
0.10409 0.153843 0.740955 0.00101212 9.9991E-05
9.9982E-05 0.433105 0.437577 9.9982E-05 0.129119
9.9982E-05 0.298266 0.539362 9.9982E-05 0.162172
9.9982E-05 0.314285 0.499656 9.9982E-05 0.185859
0.179254 0.0838153 0.662535 0.00136721 0.0730285
9.9982E-05 0.253673 0.575143 9.9982E-05 0.170985
0.0718427 0.241169 0.537515 0.0480298 0.101444
0.129259 0.085959 0.353332 0.43135 9.9991E-05
0.130015 0.0375159 0.355735 0.476635 9.9991E-05
0.120358 0.0249375 0.46048 0.394125 9.9991E-05
0.152002 9.9982E-05 0.357732 0.490066 9.9982E-05
0.119281 0.0586588 0.468585 0.295919 0.0575561
0.0551013 0.332957 0.529052 0.0641889 0.018701
0.257343 0.0398 0.0241318 0.678625 9.9991E-05
0.168338 0.0211139 0.292821 0.517627 9.9991E-05
0.17722 0.211133 0.427961 0.183586 9.9991E-05
0.149315 0.117133 0.6662 0.0363816 0.0309698
0.172324 0.187107 0.486086 0.0359624 0.118521
0.133135 0.133296 0.640927 0.0761759 0.0164662
0.0326239 0.0376652 0.741496 0.0388131 0.149402
0.203193 9.9982E-05 0.304092 0.492515 9.9982E-05
0.137013 0.0136106 0.390146 0.375911 0.0833187
0.11323 9.9991E-05 0.398728 0.471914 0.0160289
0.170074 0.0221996 0.431047 0.289252 0.0874278
0.153235 9.9991E-05 0.17865 0.57991 0.088106
0.150238 0.0370117 0.329309 0.367646 0.115795
0.168128 0.0354527 0.141284 0.632461 0.0226745
0.047292 0.0745531 0.314242 0.452133 0.111779
0.10417 0.226516 0.573144 0.0610304 0.0351391
0.164142 9.9991E-05 0.34674 0.37862 0.110398
0.205118 0.0272611 0.101326 0.666195 9.9991E-05
0.0862745 9.9991E-05 0.404637 0.338431 0.170557
0.182292 0.288798 0.276027 9.9991E-05 0.252783
0.0166491 0.186931 0.50236 0.16683 0.127231
0.141561 0.0235009 0.412295 0.287142 0.135501
0.1436 0.0967187 0.606391 0.0550783 0.0982122
0.190671 0.229283 0.535936 9.9991E-05 0.0440104
0.254699 0.134547 0.394258 0.184284 0.032211
0.287861 0.0853861 0.312847 0.313806 9.9991E-05
0.144495 0.10145 0.618044 0.0503893 0.0856216
0.122181 9.9982E-05 0.49195 0.385669 9.9982E-05
0.0618485 9.9982E-05 0.428917 0.509035 9.9982E-05
0.244495 0.00724655 0.176328 0.560325 0.011605
0.186396 0.114209 0.691924 0.0073719 9.9991E-05
0.179297 0.278194 0.475767 9.9991E-05 0.0666417
0.238075 0.537978 0.12833 0.0732154 0.0224012
0.194647 0.0223372 0.716318 9.9991E-05 0.0665978
0.0904211 0.203694 0.355426 0.0823146 0.268145
0.1679 0.0805998 0.574618 0.138286 0.0385955
0.106646 0.123284 0.397369 0.182102 0.190599
0.382089 0.408287 9.9982E-05 0.209424 9.9982E-05
0.367875 0.489527 9.9982E-05 0.142398 9.9982E-05
0.151549 0.250738 0.306363 0.208095 0.0832547
0.402243 0.370753 0.0474027 0.179501 9.9991E-05
0.483011 0.251526 9.9982E-05 0.265263 9.9982E-05
0.196019 0.291068 0.356732 0.15608 9.9991E-05
0.246917 0.140814 0.406576 0.157956 0.0477355
0.344833 0.269065 0.192935 0.193067 9.9991E-05
0.362311 0.389784 0.0870334 0.160772 9.9991E-05
0.190386 0.165793 0.518054 0.125668 9.9991E-05
0.292262 0.422956 0.113666 0.171016 9.9991E-05
0.520973 0.387652 9.9982E-05 0.0911753 9.9982E-05
0.208469 0.0540362 0.534738 0.119227 0.0835308
0.133837 0.160224 0.241461 0.342073 0.122405
0.351527 0.0173458 0.447393 0.183634 9.9991E-05
0.219767 9.9982E-05 0.537847 0.242186 9.9982E-05
0.202713 0.0198933 0.582038 0.195256 9.9991E-05
0.189234 0.0367324 0.510613 0.26332 9.9991E-05
0.380094 0.0304216 0.331589 0.238439 0.0194567
0.229498 9.9991E-05 0.481347 0.235298 0.0537573
0.237651 9.9982E-05 0.512474 0.249675 9.9982E-05
0.204688 0.188303 0.307116 0.299792 9.9991E-05
0.133711 0.203662 0.365783 0.187102 0.109742
0.26109 0.0448289 0.672796 0.0139896 0.00729561
0.130708 0.0427872 0.494123 0.225078 0.107304
0.138173 0.142222 0.622095 0.0974103 9.9991E-05
0.285044 9.9991E-05 0.348989 0.287657 0.0782099
0.226255 0.0558403 0.499837 0.217968 9.9991E-05
0.439056 0.183203 0.154636 0.223004 9.9991E-05
0.244759 9.9991E-05 0.540212 0.208246 0.0066819
0.290757 0.192571 0.158082 0.35849 9.9991E-05
0.807207 0.0634759 0.00472143 9.9991E-05 0.124496
0.0243654 9.9982E-05 0.175256 9.9982E-05 0.800179
9.997E-05 9.997E-05 9.997E-05 9.997E-05 0.9996
9.997E-05 9.997E-05 9.997E-05 9.997E-05 0.9996
9.9982E-05 9.9982E-05 0.0384901 0.0109667 0.950343
9.9973E-05 9.9973E-05 0.0242837 9.9973E-05 0.975416
9.9973E-05 9.9973E-05 0.118264 9.9973E-05 0.881436
0.0164092 9.9973E-05 9.9973E-05 9.9973E-05 0.983291
0.161134 9.9982E-05 9.9982E-05 0.00895524 0.829711
0.896159 9.9991E-05 0.0421319 0.0174916 0.0441172
0.827986 9.9982E-05 0.06752 9.9982E-05 0.104294
0.915467 0.0322337 0.0366093 0.0155905 9.9991E-05
0.830633 9.9982E-05 0.0581222 9.9982E-05 0.111045
0.911041 9.9991E-05 0.0510552 0.0122492 0.0255545
0.888967 0.0437016 9.9991E-05 0.00648618 0.0607454
0.730635 0.0553557 0.065757 0.107848 0.0404044
0.889707 9.9982E-05 0.062001 0.0480922 9.9982E-05
0.693468 9.9991E-05 0.0515696 0.0891698 0.165692
0.918501 9.9991E-05 0.012 0.0532601 0.0161388
0.951883 0.0218649 9.9982E-05 9.9982E-05 0.0260523
0.850706 0.0322725 0.0243061 0.0553966 0.0373189
0.959899 9.9982E-05 9.9982E-05 0.00659444 0.0333067
0.924758 9.9982E-05 0.0647675 0.0102745 9.9982E-05
0.841416 9.9991E-05 0.0500151 0.0710396 0.0374298
0.864615 9.9982E-05 0.0937339 0.0414516 9.9982E-05
0.798285 9.9982E-05 0.066098 0.135417 9.9982E-05
0.785726 9.9982E-05 0.111604 0.10247 9.9982E-05
0.810355 9.9982E-05 0.101281 0.088164 9.9982E-05
0.180686 0.255887 0.424387 0.011287 0.127753
0.0923707 0.0817671 0.771111 9.9991E-05 0.0546508
0.108689 0.0550045 0.650913 0.112851 0.0725424
0.125943 0.682784 0.159042 9.9991E-05 0.0321302
0.121905 0.147504 0.573738 0.00167006 0.155183
0.202496 0.657714 0.12001 0.0196794 9.9991E-05
0.167521 0.137058 0.663962 0.0313599 9.9991E-05
0.114224 0.197493 0.51954 9.9991E-05 0.168643
0.129032 0.201418 0.571699 9.9991E-05 0.0977498
0.110082 0.184033 0.667688 0.000291373 0.0379059
0.110961 0.192572 0.511813 9.9991E-05 0.184553
0.0740095 0.194548 0.620732 0.0566472 0.0540631
0.142337 0.190743 0.575526 9.9991E-05 0.0912944
9.9991E-05 0.41985 0.0278933 0.0618197 0.490337
0.0885056 0.741194 0.00414125 9.9991E-05 0.166059
0.134723 0.576814 0.170806 0.0171085 0.100548
0.0687818 0.146483 0.592363 0.105851 0.0865214
0.155457 0.283018 0.523044 0.0383814 9.9991E-05
0.129514 0.270867 0.599419 9.9982E-05 9.9982E-05
0.095974 0.103379 0.750411 0.0501361 9.9991E-05
0.21022 0.038189 0.555903 0.195588 9.9991E-05
0.180379 9.9982E-05 0.632863 0.186558 9.9982E-05
0.397374 0.145088 0.137371 0.180415 0.139752
0.199751 0.00261826 0.647176 0.0664899 0.0839654
0.170836 0.129776 0.408316 0.203877 0.0871956
0.454484 0.371197 9.9982E-05 0.174119 9.9982E-05
0.333667 0.124759 0.382503 0.15897 9.9991E-05
0.36876 0.0304556 0.333858 0.186297 0.0806292
0.360631 9.9991E-05 0.463667 0.0921557 0.0834466
0.119138 0.107404 0.502069 0.176927 0.0944617
0.175018 0.100362 0.51066 0.178406 0.035554
0.218397 9.9991E-05 0.653709 0.0882815 0.0395123
0.258378 0.1566 0.464629 0.120293 9.9991E-05
0.48541 9.9991E-05 0.358259 0.130114 0.0261168
