0.0423178 9.9982E-05 0.0504619 0.90702 9.9982E-05
0.0289149 0.0338371 9.9982E-05 0.937048 9.9982E-05
0.0349054 9.9991E-05 0.0612216 0.812072 0.0917008
0.124041 9.9982E-05 0.08369 0.792069 9.9982E-05
0.0461237 9.9991E-05 0.0992725 0.845192 0.00931161
0.0895961 0.113644 0.0833231 0.628835 0.0846016
0.0656179 0.0491967 9.9991E-05 0.86966 0.0154254
0.0835262 0.0887859 9.9991E-05 0.792983 0.0346044
0.0721056 0.09485 9.9982E-05 0.832844 9.9982E-05
0.0438131 0.0536687 0.0819132 0.742002 0.0786026
0.108939 0.0414047 9.9991E-05 0.780035 0.0695221
0.531818 0.0720649 0.0996686 9.9991E-05 0.296348
0.334377 9.9991E-05 0.10352 0.00461444 0.557389
0.496329 0.0863338 0.0992652 0.0130029 0.30507
0.397236 0.0332334 0.218081 0.0528027 0.298647
0.283082 0.0382616 0.201595 0.0805646 0.396497
0.0734947 0.0374212 0.138897 0.120973 0.629214
0.244305 0.133554 0.0409822 0.0391312 0.542027
0.398752 0.0321425 0.139037 0.0872414 0.342828
0.767446 0.100021 0.0913608 0.00144776 0.039724
0.278217 0.140224 0.0908349 0.0216075 0.469116
0.242558 0.153739 0.0498456 0.0666615 0.487196
0.202732 0.101318 0.0675241 0.0374361 0.590989
0.383696 0.136014 0.106903 0.00665385 0.366734
0.102469 0.104704 0.121237 0.0561247 0.615465
0.24701 0.0530107 0.127498 0.0465616 0.52592
0.512514 0.144488 0.0950034 0.012967 0.235028
0.467675 0.050436 0.236099 9.9991E-05 0.24569
0.479133 0.156605 0.0310721 0.00155331 0.331637
9.9982E-05 9.9982E-05 0.0731956 0.8462 0.0804045
9.9982E-05 9.9982E-05 0.0265882 0.830013 0.143198
0.0372422 9.9991E-05 0.0379682 0.815727 0.108962
0.00233707 0.0171401 0.0570088 0.740043 0.183471
0.156667 0.165891 0.071634 9.9991E-05 0.605707
0.0996265 0.122697 0.0938167 0.0791694 0.60469
9.9991E-05 0.200553 0.023281 0.0454885 0.730577
0.574109 0.0967915 9.9991E-05 0.0728894 0.25611
0.0223371 0.517928 0.0313163 9.9991E-05 0.428319
0.149317 0.0626521 0.128578 0.11292 0.546533
0.0331212 0.129653 0.0617925 0.0392556 0.736178
0.046994 0.130032 9.9991E-05 0.13008 0.692794
0.101654 0.0265915 0.0752271 0.156403 0.640124
0.191097 0.460198 9.9982E-05 9.9982E-05 0.348504
0.0569601 0.172067 0.046181 0.0652319 0.65956
9.9991E-05 0.103479 0.132003 0.107532 0.656887
0.0188838 0.141702 0.103059 0.0763881 0.659967
9.9973E-05 0.479115 9.9973E-05 9.9973E-05 0.520585
9.9991E-05 0.142322 0.0932666 0.0844477 0.679864
0.0394027 0.104891 0.0402092 0.159477 0.65602
0.0702799 0.800288 9.9991E-05 0.094438 0.034894
0.458426 0.300929 9.9982E-05 9.9982E-05 0.240445
0.238602 0.554963 0.0446101 0.0499754 0.111849
0.23991 0.0890947 0.141794 0.0570828 0.472118
0.0493415 0.129382 0.0113306 0.147166 0.66278
0.0279592 0.14943 0.118159 0.0833072 0.621144
0.344147 0.264452 9.9991E-05 0.104625 0.286677
0.349738 0.0491913 9.9991E-05 0.00438403 0.596587
0.109796 0.110608 0.137946 0.088217 0.553434
0.20147 0.167977 0.0367536 0.144307 0.449493
0.409032 0.260986 0.0772779 0.175067 0.0776363
0.106279 0.16803 0.0240251 0.0649789 0.636687
0.328006 0.0445434 0.121621 0.046923 0.458907
0.590178 0.230635 9.9991E-05 0.041586 0.137501
0.249162 0.141928 0.0877797 9.9991E-05 0.52103
9.9982E-05 0.229197 0.120335 9.9982E-05 0.650267
0.164927 0.0550906 0.0361122 0.0926769 0.651193
0.248668 0.237776 0.0878606 0.0621309 0.363564
0.157396 0.212015 0.0963438 0.0603323 0.473913
0.211312 9.9991E-05 0.114348 0.0417106 0.632529
0.41637 0.26002 9.9991E-05 0.0518701 0.27164
0.0658235 0.190883 9.9982E-05 9.9982E-05 0.743094
0.187929 0.393631 9.9982E-05 9.9982E-05 0.41824
0.0363945 0.214131 0.0878116 0.0755442 0.586119
0.0160862 0.748921 9.9982E-05 9.9982E-05 0.234793
0.0686157 0.705576 9.9982E-05 9.9982E-05 0.225609
0.060561 0.42473 9.9982E-05 9.9982E-05 0.514509
0.0738633 0.32216 0.00220346 0.00520382 0.596569
0.133128 0.103217 0.0868871 0.158547 0.518221
0.0952454 0.244996 0.0692572 0.0242759 0.566226
0.275832 0.320551 0.00542995 9.9991E-05 0.398087
0.272759 0.281659 9.9982E-05 9.9982E-05 0.445382
0.116587 0.0627298 0.135744 0.0828721 0.602067
0.126469 0.328444 9.9991E-05 0.0116208 0.533366
0.203438 0.210119 0.0548458 9.9991E-05 0.531497
9.9973E-05 0.441002 9.9973E-05 9.9973E-05 0.558698
0.0682146 0.767928 9.9982E-05 9.9982E-05 0.163657
0.105416 0.131342 0.126351 9.9991E-05 0.636791
0.0915527 9.9991E-05 0.0441252 0.809907 0.0543154
9.9973E-05 9.9973E-05 9.9973E-05 0.938223 0.0614767
0.00453188 9.9991E-05 0.0319528 0.86865 0.0947652
9.9991E-05 0.00460007 0.0126361 0.927856 0.0548077
9.9982E-05 9.9982E-05 0.00373834 0.888993 0.107068
9.9973E-05 9.9973E-05 9.9973E-05 0.93817 0.0615304
9.9973E-05 9.9973E-05 9.9973E-05 0.945266 0.0544346
0.0692108 0.222395 0.00912513 0.133692 0.565577
0.103898 0.0781344 0.0712379 0.119692 0.627037
0.199003 0.563737 9.9982E-05 9.9982E-05 0.23706
0.143241 0.0275209 0.104564 0.0665348 0.658139
0.141938 0.218676 9.9991E-05 0.0506663 0.588619
9.9982E-05 0.173144 9.9982E-05 0.108942 0.717715
0.0451728 0.24255 9.9991E-05 0.0431655 0.669012
9.9982E-05 0.311966 0.075857 9.9982E-05 0.611977
0.293717 0.564012 9.9991E-05 0.00212201 0.140049
0.0509409 0.195969 0.0200815 0.126998 0.60601
0.0434687 0.0942769 0.0367987 0.109941 0.715514
0.0913148 0.124189 0.183493 0.00173754 0.599266
9.9991E-05 0.481092 0.00572593 0.0242553 0.488826
9.9982E-05 0.336193 9.9982E-05 0.0144084 0.649198
0.163332 0.158575 9.9991E-05 0.0482953 0.629698
9.9982E-05 0.411457 0.0417613 9.9982E-05 0.546582
0.13216 0.216686 9.9991E-05 0.0507891 0.600265
0.118726 0.0767755 0.000901464 0.0937801 0.709817
0.31469 0.343989 0.0471236 0.0487468 0.245451
0.343758 9.9991E-05 0.110918 0.128834 0.41639
0.12625 0.11826 0.0559995 0.11266 0.586831
0.196203 0.0435167 0.0849146 0.0710968 0.604269
0.425076 9.9982E-05 9.9982E-05 0.0175401 0.557184
0.218468 0.0715953 0.161177 0.0148154 0.533944
0.384007 9.9991E-05 0.0680075 0.0215607 0.526325
0.249324 0.102617 9.9991E-05 0.102438 0.545521
0.245233 0.0891904 0.054831 0.0719615 0.538784
0.126517 0.10385 0.0396923 0.0547361 0.675205
0.345841 9.9982E-05 9.9982E-05 0.0330435 0.620915
0.114993 0.116178 0.149267 0.0402393 0.579322
0.195678 0.00319673 0.131893 0.100705 0.568527
0.252876 0.0481098 0.0301706 9.9991E-05 0.668743
0.225508 0.0295276 0.117937 0.0565912 0.570436
0.204122 0.159921 0.190963 9.9991E-05 0.444893
0.310363 0.0879925 0.0435179 0.14947 0.408657
0.245668 0.0317087 0.0784638 9.9991E-05 0.64406
0.139208 0.0547899 0.0567453 0.045962 0.703295
0.418271 0.183981 0.0934592 9.9991E-05 0.304188
0.365851 0.363204 0.105403 0.024264 0.141278
0.171122 0.0479141 0.0523853 0.0906065 0.637972
0.325983 0.503254 0.124263 9.9991E-05 0.0463998
0.462439 0.0737084 9.9991E-05 0.0257587 0.437994
0.345026 0.0883471 9.9982E-05 9.9982E-05 0.566426
0.427827 0.0835223 9.9991E-05 0.0334975 0.455053
0.536924 0.0799429 0.0277202 0.00381053 0.351602
0.0705541 0.106853 0.032907 0.0956651 0.694021
0.196061 0.080433 0.159416 0.0505344 0.513556
0.108403 0.0444452 0.0547426 0.0991075 0.693302
0.37764 0.348238 0.0862712 0.016926 0.170925
0.0668588 0.13667 0.19231 0.123651 0.48051
0.0504295 0.251629 0.0723349 0.0564666 0.56914
0.134983 0.62527 0.0146081 0.189577 0.035562
0.0125634 0.11647 0.121619 0.08947 0.659878
0.10605 0.340408 0.0647749 0.122701 0.366066
0.029996 0.182772 0.0766403 0.112349 0.598243
0.025076 0.448862 9.9991E-05 0.165557 0.360405
0.135205 0.464182 9.9991E-05 0.12016 0.280353
0.103347 0.264235 9.9991E-05 0.0775206 0.554798
0.135042 0.174147 0.0934633 0.144984 0.452363
0.159668 0.105189 0.0391771 0.162213 0.533753
0.106414 0.543886 0.17156 0.109036 0.0691043
0.0791851 0.21978 0.0931939 0.118455 0.489386
0.12875 0.374805 9.9982E-05 9.9982E-05 0.496246
0.141972 0.266925 0.0727832 9.9991E-05 0.51822
9.9991E-05 0.116519 0.054479 0.163603 0.665299
9.9991E-05 0.22846 0.303654 0.340493 0.127292
9.9982E-05 0.241047 0.147467 0.611287 9.9982E-05
9.9982E-05 0.34941 0.132266 0.518124 9.9982E-05
0.073574 0.0816054 0.343031 0.430538 0.0712516
9.9982E-05 0.246537 0.0247676 9.9982E-05 0.728495
0.101704 0.100787 0.0900878 0.0730074 0.634414
9.9973E-05 9.9973E-05 0.680992 9.9973E-05 0.318708
0.198115 9.9982E-05 0.538068 9.9982E-05 0.263617
0.0581098 0.0270401 0.46403 0.0140253 0.436794
0.0101409 0.490599 0.0220693 0.0656111 0.41158
0.107823 0.2443 0.133996 0.0700971 0.443784
0.00487922 0.687021 0.0583237 0.00988632 0.23989
0.00065193 0.270859 0.0655266 0.0243452 0.638617
9.9991E-05 0.391627 0.104787 0.0549736 0.448511
0.0119681 0.335927 0.104839 0.015365 0.531901
0.0462512 0.620032 9.9991E-05 0.0380651 0.295552
0.0182331 0.122706 0.11691 0.0598615 0.68229
0.00443515 0.113164 0.0335853 0.0927267 0.756089
9.9973E-05 0.0100775 0.989623 9.9973E-05 9.9973E-05
9.9973E-05 9.9973E-05 0.927032 9.9973E-05 0.0726684
0.0953151 0.0269745 0.58976 0.054137 0.233813
0.00268691 9.9982E-05 0.66576 9.9982E-05 0.331353
0.00864529 9.9991E-05 0.85681 0.0184292 0.116016
9.997E-05 9.997E-05 0.9996 9.997E-05 9.997E-05
0.0147023 9.9973E-05 0.984998 9.9973E-05 9.9973E-05
9.9973E-05 9.9973E-05 0.900775 9.9973E-05 0.0989248
0.0119993 9.9982E-05 0.933809 9.9982E-05 0.053992
9.997E-05 9.997E-05 0.9996 9.997E-05 9.997E-05
9.997E-05 9.997E-05 0.9996 9.997E-05 9.997E-05
9.9982E-05 9.9982E-05 0.728629 0.0571161 0.214055
0.0309271 9.9991E-05 0.798487 0.0636058 0.10688
0.0162129 9.9982E-05 0.975083 0.00850439 9.9982E-05
0.0954731 0.0515732 0.488687 0.0224811 0.341785
0.0831661 9.9982E-05 0.722108 9.9982E-05 0.194526
9.9982E-05 9.9982E-05 0.778355 0.0616664 0.159779
0.0607405 9.9982E-05 0.893658 9.9982E-05 0.0454017
9.997E-05 9.997E-05 0.9996 9.997E-05 9.997E-05
0.0351549 0.00563584 0.925626 0.000814948 0.0327683
9.997E-05 9.997E-05 0.9996 9.997E-05 9.997E-05
0.0894642 0.0487946 0.598589 0.0395761 0.223576
0.073658 9.9982E-05 0.911818 9.9982E-05 0.0143237
9.9982E-05 0.542813 0.0644359 0.392551 9.9982E-05
0.0382409 0.15697 0.160104 0.271954 0.372732
9.9991E-05 0.114838 0.0900403 0.328771 0.466251
9.9991E-05 0.420476 0.133586 0.289034 0.156804
9.9991E-05 0.195042 0.0937345 0.228737 0.482387
9.9991E-05 0.340723 0.139773 0.279577 0.239828
0.0660278 0.0865005 0.0353495 0.212159 0.599963
9.9991E-05 0.317653 0.198141 0.176747 0.307359
9.9991E-05 0.16877 0.229477 0.119536 0.482116
9.9991E-05 0.259766 0.298436 0.152983 0.288715
0.0427285 0.177833 0.176909 0.174434 0.428096
0.0721787 9.9982E-05 9.9982E-05 0.866934 0.0606873
9.9982E-05 0.0170953 0.0634388 0.919266 9.9982E-05
0.0181173 0.0362127 9.9991E-05 0.94043 0.0051404
0.0373761 9.9982E-05 9.9982E-05 0.947893 0.0145306
0.0730727 9.9982E-05 0.0295421 0.897185 9.9982E-05
9.9982E-05 0.000702097 0.0913602 0.907738 9.9982E-05
9.9982E-05 9.9982E-05 0.0530929 0.918742 0.0279655
9.9973E-05 0.102373 9.9973E-05 0.897327 9.9973E-05
0.0142653 9.9991E-05 0.0115651 0.929505 0.044565
0.0379029 9.9982E-05 0.113128 0.848769 9.9982E-05
0.295536 0.122929 9.9982E-05 0.581334 9.9982E-05
0.351763 0.0564353 0.0074675 0.584234 9.9991E-05
0.299879 0.153864 9.9982E-05 0.546057 9.9982E-05
0.376515 0.149662 9.9982E-05 0.473623 9.9982E-05
0.196288 0.127702 0.0252683 0.0878359 0.562906
0.0855184 0.210216 0.013722 0.0242421 0.666302
0.263594 0.0782846 0.0606993 9.9991E-05 0.597322
0.235699 0.202498 9.9991E-05 0.00860942 0.553094
0.599281 0.143563 9.9982E-05 9.9982E-05 0.256956
0.0774929 0.107335 0.0806008 0.0648668 0.669704
0.0613026 0.191791 0.0113639 9.9991E-05 0.735442
0.0345176 0.284154 9.9982E-05 9.9982E-05 0.681128
0.023884 0.447912 0.0238651 9.9991E-05 0.504239
0.10344 0.099019 0.0162365 0.0690352 0.712269
0.213381 0.235821 0.0280844 9.9991E-05 0.522614
0.153808 0.751426 9.9982E-05 9.9982E-05 0.0945654
0.285953 0.018081 0.0361665 0.0208372 0.638963
0.0213426 0.5516 9.9982E-05 9.9982E-05 0.426857
0.0459792 0.275511 9.9991E-05 0.0667223 0.611688
0.254697 0.477676 9.9982E-05 9.9982E-05 0.267427
0.791801 0.0567016 9.9982E-05 0.151297 9.9982E-05
0.748913 0.0410289 9.9991E-05 0.108316 0.101642
0.893966 0.0674199 9.9982E-05 0.0384136 9.9982E-05
0.799964 0.0700502 9.9991E-05 0.0989564 0.0309295
0.795426 0.0634148 0.0445437 9.9991E-05 0.0965158
0.819584 9.9991E-05 0.0556354 0.0476958 0.0769852
9.9982E-05 9.9982E-05 0.00228991 0.894073 0.103437
0.078319 9.9991E-05 0.0623207 0.80658 0.0526801
9.9982E-05 9.9982E-05 0.0899944 0.807644 0.102162
0.092343 9.9991E-05 0.109313 0.75259 0.0456545
0.0439391 9.9991E-05 0.088738 0.815563 0.0516603
0.610187 0.0257022 9.9982E-05 0.36391 9.9982E-05
0.397716 0.102277 9.9982E-05 0.499807 9.9982E-05
0.449731 0.0945027 9.9982E-05 0.455566 9.9982E-05
0.0230181 9.9991E-05 0.0486975 0.837311 0.0908735
0.522865 0.065445 0.0359006 0.37569 9.9991E-05
9.9991E-05 0.103881 0.400725 0.232469 0.262825
0.0249476 9.9991E-05 0.297917 0.12023 0.556805
9.9982E-05 9.9982E-05 0.327669 0.180185 0.491946
9.9991E-05 0.0955576 0.211295 0.304801 0.388247
0.111472 9.9991E-05 0.163033 0.205511 0.519884
9.9982E-05 0.151635 0.322375 0.525791 9.9982E-05
0.309514 0.0833327 9.9991E-05 0.0342961 0.572758
0.219719 0.314328 9.9982E-05 9.9982E-05 0.465752
0.55498 0.0274407 0.00242343 0.0803932 0.334763
0.168224 0.230862 9.9982E-05 9.9982E-05 0.600715
0.168133 0.831567 9.9973E-05 9.9973E-05 9.9973E-05
0.140961 0.107623 0.118385 0.097292 0.535739
0.178621 0.201766 0.105446 0.0251157 0.48905
0.44255 0.108766 9.9991E-05 0.0364203 0.412163
0.188586 0.112402 0.109222 0.0617863 0.528004
0.250546 0.537842 9.9982E-05 9.9982E-05 0.211412
0.166146 0.275722 0.0285908 9.9991E-05 0.529441
0.317845 0.0792809 0.0782503 9.9991E-05 0.524524
0.0951081 0.119342 0.191555 0.138476 0.455519
0.269218 0.285027 0.0142294 9.9991E-05 0.431426
0.34215 0.107775 0.0668836 0.0264278 0.456763
0.194163 0.196012 0.124875 9.9991E-05 0.48485
0.263742 0.0884284 0.063441 9.9991E-05 0.584288
0.100314 0.0700628 0.0990672 0.0421899 0.688366
0.143795 0.0517063 0.0700467 0.0626148 0.671837
0.231018 9.9991E-05 0.125193 0.111043 0.532647
9.9982E-05 9.9982E-05 0.10437 0.802265 0.093165
9.9982E-05 9.9982E-05 0.0165685 0.874512 0.108719
0.0933395 0.0340867 9.9991E-05 0.790542 0.0819318
0.0579681 0.0144914 0.0145496 0.855264 0.0577267
9.9982E-05 9.9982E-05 0.0337813 0.843881 0.122138
0.552693 0.13383 0.134229 9.9991E-05 0.179149
0.206972 0.164984 0.0932698 0.0411037 0.493671
9.9991E-05 0.182186 0.190597 0.179586 0.447531
0.132799 0.0581702 0.1018 0.0371878 0.670044
0.201933 0.0384959 0.0373587 0.0606321 0.66158
0.337849 0.234329 0.149691 9.9991E-05 0.278031
0.569145 0.226794 9.9991E-05 0.122397 0.0815642
0.363726 0.00743602 0.0560564 9.9991E-05 0.572681
0.488914 0.175723 0.0510264 0.0320749 0.252261
0.249605 0.237596 0.118563 0.0255101 0.368726
0.499992 0.163517 0.063446 0.098096 0.174949
0.152293 9.9991E-05 0.079813 0.119392 0.648402
0.52607 0.129317 0.0123894 0.0760712 0.256153
0.287988 0.300095 0.0964595 9.9991E-05 0.315357
0.205558 0.188548 0.0713265 9.9991E-05 0.534467
0.128951 0.406461 9.9991E-05 0.0693019 0.395187
9.9991E-05 0.260523 0.00829686 0.144401 0.586679
9.9991E-05 0.141621 0.032329 0.148609 0.677341
0.106408 0.428586 9.9991E-05 0.0308396 0.434066
0.0148846 0.230718 0.0822561 0.123886 0.548255
0.0540413 0.207074 9.9991E-05 0.0979288 0.640856
0.0316241 0.748103 9.9982E-05 9.9982E-05 0.220073
9.9982E-05 0.646914 9.9982E-05 0.0148599 0.338026
0.0946676 0.325828 0.0700253 0.0166359 0.492844
0.0318491 0.681429 9.9991E-05 0.0606717 0.22595
0.0809423 0.26603 9.9991E-05 0.0481817 0.604746
0.626259 0.166727 0.0329403 9.9991E-05 0.173974
0.358057 0.298699 0.0376317 9.9991E-05 0.305513
0.422091 0.0537002 0.118101 9.9991E-05 0.406008
0.199134 9.9991E-05 0.0883684 0.0793219 0.633076
0.542704 0.0878289 9.9982E-05 9.9982E-05 0.369268
0.166163 0.125022 0.113573 0.0674449 0.527798
0.190878 0.108338 0.0806472 0.0125247 0.607612
0.329378 0.0117045 0.105387 0.0215421 0.531989
0.306535 0.105781 0.139649 9.9991E-05 0.447935
0.336442 0.0449703 0.0747117 0.0342252 0.509651
0.549593 0.0946438 0.107541 9.9991E-05 0.248123
0.416861 0.114851 0.119864 0.0202518 0.328172
0.253106 0.0468581 0.0889005 9.9991E-05 0.611035
0.283537 0.023852 0.0637802 0.0395468 0.589284
0.281977 0.152371 0.017949 0.0820844 0.465619
0.267478 0.133673 0.173222 9.9991E-05 0.425528
0.521181 0.015463 0.0551139 0.0469392 0.361303
0.204633 9.9991E-05 0.0294956 0.057245 0.708526
0.334988 0.0175311 0.156697 9.9991E-05 0.490684
0.104495 0.125955 0.123456 0.107741 0.538353
9.9991E-05 0.0408408 0.175558 0.367705 0.415796
0.0297206 0.129952 0.273763 0.122625 0.443939
0.0791404 0.0531256 0.213773 0.0936848 0.560276
0.115527 0.0848739 0.214706 0.0699215 0.514971
9.9991E-05 0.0888302 0.262216 0.197842 0.451012
0.177237 0.214171 0.0986113 9.9991E-05 0.509881
0.129141 0.0236753 0.204947 0.199762 0.442474
9.9982E-05 0.541254 0.188921 0.269625 9.9982E-05
0.164544 0.0101354 0.289586 0.055229 0.480506
0.00899652 0.0107925 0.19072 0.10196 0.68753
0.16843 0.01747 0.32433 0.0592554 0.430514
0.109355 0.185588 0.188068 0.226535 0.290455
0.0410751 0.0833204 0.167551 0.194409 0.513644
9.9991E-05 0.0238852 0.163868 0.202339 0.609808
9.9982E-05 0.299824 0.18309 0.516886 9.9982E-05
0.114407 9.9991E-05 0.324542 0.134539 0.426413
0.0189749 0.0779876 0.297806 0.126898 0.478334
0.0401994 0.0821888 0.050629 0.154131 0.672852
0.0566493 9.9991E-05 0.21871 0.191709 0.532832
0.057199 0.0359496 0.182561 0.154964 0.569326
0.0392469 0.31896 0.124023 0.0371919 0.480578
0.072932 0.0754299 9.9991E-05 0.199379 0.652159
0.0867861 0.747184 0.000729325 9.9991E-05 0.165201
0.107769 0.785782 9.9982E-05 9.9982E-05 0.106249
0.0840633 0.243171 0.0892604 0.0612048 0.522301
0.0476354 0.128705 0.349529 0.0541505 0.41998
9.9991E-05 0.244102 0.378284 0.125945 0.25157
9.9991E-05 0.29768 0.306096 0.25928 0.136844
9.9991E-05 0.130353 0.259061 0.257564 0.352922
9.9991E-05 0.626011 0.122963 0.106175 0.144751
9.9991E-05 0.546258 0.1189 0.180537 0.154204
0.0395252 0.239643 0.218329 9.9991E-05 0.502403
0.0170237 0.30571 0.186824 0.0593849 0.431058
9.9991E-05 0.546833 0.170465 0.0761888 0.206414
0.00232972 0.165312 0.097281 0.0941498 0.640927
0.00533326 0.225054 0.117434 0.039146 0.613033
0.118609 0.180677 0.23513 9.9991E-05 0.465484
0.100121 0.466667 9.9982E-05 9.9982E-05 0.433011
0.116408 0.440498 0.0489441 0.0178005 0.37635
9.9991E-05 0.28732 0.117977 0.110572 0.484031
0.11247 0.311588 0.0923743 0.0580393 0.425528
0.0663296 0.264388 0.114431 0.112778 0.442073
0.033137 0.463579 0.0222733 9.9991E-05 0.48091
0.104249 0.601199 9.9982E-05 9.9982E-05 0.294351
9.9991E-05 0.24223 0.0372526 0.0618327 0.658585
0.0694539 0.62199 0.0269732 9.9991E-05 0.281483
9.9991E-05 0.405065 0.0626727 0.0257976 0.506365
0.0706275 0.18409 0.0957596 0.129505 0.520017
0.0217651 0.333702 0.0783961 0.0108593 0.555278
9.9991E-05 0.0631163 0.187809 0.197504 0.551471
0.0717087 0.122415 0.126328 0.192215 0.487334
0.0586103 0.110517 0.296908 0.158488 0.375477
0.127246 0.0517845 0.215548 0.225929 0.379493
0.0477148 9.9991E-05 0.217484 0.246411 0.48829
9.9991E-05 0.129557 0.232643 0.137548 0.500152
9.9982E-05 0.614294 0.203975 0.181531 9.9982E-05
0.00393296 0.118848 0.175952 0.0863681 0.614898
9.9982E-05 0.407196 0.166819 0.425784 9.9982E-05
9.9991E-05 0.178169 0.234153 0.0886451 0.498933
9.9973E-05 0.782921 9.9973E-05 9.9973E-05 0.21678
0.0935278 0.871214 0.0350587 9.9982E-05 9.9982E-05
9.9982E-05 0.399228 0.0355421 9.9982E-05 0.56503
9.9991E-05 0.194999 0.0800756 0.0157022 0.709124
0.0220278 0.469936 9.9982E-05 9.9982E-05 0.507836
0.0582999 0.317057 0.0744943 9.9991E-05 0.550049
0.0008383 0.32148 0.04725 9.9991E-05 0.630332
0.00221117 0.0275124 0.0044613 0.853859 0.111956
0.173468 9.9982E-05 0.121632 0.704701 9.9982E-05
0.0587688 9.9982E-05 0.0345195 0.906512 9.9982E-05
9.9973E-05 9.9973E-05 9.9973E-05 0.963484 0.0362156
0.12478 0.213905 9.9991E-05 0.0302756 0.63094
0.107739 0.220954 0.0471729 0.0504427 0.573692
0.106882 0.253344 9.9982E-05 9.9982E-05 0.639574
0.0947528 0.0471752 9.9991E-05 0.118947 0.739025
0.185439 0.179472 0.129733 0.0228315 0.482524
0.21 0.377153 9.9982E-05 9.9982E-05 0.412647
0.109032 0.12422 0.00245954 0.0586765 0.705612
9.9973E-05 0.475973 9.9973E-05 9.9973E-05 0.523728
0.0439892 9.9991E-05 0.109958 0.322346 0.523606
0.0744742 0.363964 0.0474642 9.9991E-05 0.513998
0.159077 0.24871 9.9991E-05 0.0122018 0.579912
0.118572 0.187843 0.0441754 9.9991E-05 0.64931
0.0881343 0.27486 9.9982E-05 9.9982E-05 0.636806
9.9982E-05 0.280899 0.0186259 9.9982E-05 0.700275
0.0725668 0.135262 0.00919615 0.119887 0.663088
9.9973E-05 0.653594 9.9973E-05 9.9973E-05 0.346106
0.152426 0.446276 9.9982E-05 9.9982E-05 0.401098
0.12769 0.391897 0.0217924 9.9991E-05 0.45852
9.9973E-05 0.919427 9.9973E-05 9.9973E-05 0.0802729
0.203095 0.154175 9.9991E-05 0.0159536 0.626677
9.9982E-05 0.72422 9.9982E-05 0.00711582 0.268464
0.0691726 0.852931 9.9982E-05 9.9982E-05 0.0776968
0.0295715 0.236483 0.0771999 9.9991E-05 0.656646
0.143997 0.418153 9.9991E-05 0.0364004 0.40135
0.0711733 0.298364 0.0286266 0.0607077 0.541128
0.0724672 0.0778093 0.17871 0.0556579 0.615355
0.143349 0.122107 0.0203396 9.9991E-05 0.714105
0.337747 0.199505 0.0271434 9.9991E-05 0.435505
0.0440296 0.159114 0.0572778 0.0213822 0.718196
0.105346 0.17613 0.0181033 0.0430266 0.657394
0.0406188 0.474968 9.9982E-05 9.9982E-05 0.484214
0.0582194 0.221186 0.0304871 0.044635 0.645473
0.311393 0.0391508 9.9991E-05 0.645636 0.0037205
0.119919 0.0494745 9.9991E-05 0.770154 0.0603526
0.141718 0.0337661 9.9982E-05 0.824316 9.9982E-05
0.135997 0.0585492 9.9982E-05 0.805254 9.9982E-05
0.219317 9.9982E-05 9.9982E-05 0.734435 0.0460476
0.248711 0.356533 9.9982E-05 9.9982E-05 0.394556
0.179641 0.473271 9.9991E-05 0.0115887 0.335399
9.9973E-05 0.674209 9.9973E-05 9.9973E-05 0.325491
0.0147891 0.0684018 0.0314091 0.191539 0.693861
0.11189 0.0964913 0.15325 0.100328 0.53804
0.0172084 0.435054 0.0104094 0.0710383 0.46629
0.0422935 0.196124 0.0986363 0.0140298 0.648916
9.9991E-05 0.317922 0.0587282 0.0759101 0.54734
0.0383852 0.245789 0.0303751 0.0213402 0.66411
0.0817473 0.126758 0.0617688 0.0225094 0.707217
0.21652 0.340781 9.9982E-05 9.9982E-05 0.442499
0.1473 0.329524 9.9982E-05 9.9982E-05 0.522976
0.190597 0.266472 9.9982E-05 9.9982E-05 0.542731
9.9991E-05 0.166265 0.0132538 0.183998 0.636383
0.122182 0.246864 9.9991E-05 0.0116723 0.619182
0.031086 0.336895 0.0341546 0.0184383 0.579426
0.0849921 9.9991E-05 0.433636 0.0874811 0.39379
0.0202721 0.025308 0.435167 0.11099 0.408263
9.9982E-05 9.9982E-05 0.434633 0.136298 0.42887
9.9991E-05 0.068041 0.505628 0.158779 0.267452
0.043189 0.044668 0.377294 0.111869 0.422981
0.0496318 0.299024 0.0383996 0.0733505 0.539595
9.9991E-05 0.0636348 0.686318 0.245314 0.00463358
9.9982E-05 9.9982E-05 0.447666 0.236671 0.315463
9.9991E-05 0.214119 0.194616 0.173771 0.417395
0.00226203 0.115242 9.9991E-05 0.26766 0.614736
0.0694507 0.318867 0.0606781 0.128045 0.42296
0.135082 9.9991E-05 0.0873594 0.102263 0.675195
0.0345718 0.117122 9.9991E-05 0.183873 0.664334
9.9982E-05 9.9982E-05 0.44468 0.293344 0.261776
0.076199 9.9991E-05 0.341798 0.189999 0.391903
0.0233339 9.9991E-05 0.523107 0.0363469 0.417112
9.9991E-05 0.128195 0.317585 0.118483 0.435637
0.0102659 0.0848751 0.566408 0.134123 0.204328
0.0361596 0.0671134 0.342466 0.142319 0.411942
0.00302139 0.0383365 0.578443 0.179414 0.200785
0.00751327 0.071682 0.429924 0.0802218 0.410659
9.9991E-05 0.261466 0.0423476 0.138608 0.557478
0.034027 0.0708264 0.319598 0.177224 0.398325
9.9982E-05 9.9982E-05 0.641349 0.16359 0.194862
0.162801 0.0310073 0.330775 0.194173 0.281243
0.262952 0.278425 9.9991E-05 0.181602 0.27692
0.0599255 0.159362 0.150956 0.0411213 0.588636
0.0619336 0.0576652 0.328739 0.156831 0.394832
0.0577304 0.0748538 0.0114552 0.137278 0.718683
0.0536649 0.116743 9.9991E-05 0.234045 0.595447
0.0265618 0.091432 0.204541 0.231582 0.445883
9.9991E-05 0.079449 0.281777 0.246124 0.392551
0.0409563 0.140247 0.136773 0.110492 0.571531
0.0710074 0.0271108 0.429503 0.121388 0.350991
9.9991E-05 0.0181794 0.433908 0.135536 0.412276
9.9991E-05 0.0384744 0.594527 0.233236 0.133663
0.0345401 0.151661 0.14454 0.0848583 0.584401
0.0936335 0.20155 9.9991E-05 0.161347 0.543369
9.9991E-05 0.556623 0.037613 0.217652 0.188013
0.0596274 0.152708 0.0745842 0.103072 0.610008
0.255735 0.213446 0.0969126 0.0460826 0.387824
9.9991E-05 0.156741 0.130924 0.219505 0.49273
0.191348 0.111452 0.106897 0.111464 0.47884
9.9982E-05 0.413059 0.227898 0.358843 9.9982E-05
9.9982E-05 0.476206 0.15444 0.369154 9.9982E-05
0.078591 0.316036 0.16431 0.168252 0.272811
9.9982E-05 0.383708 0.246838 0.369254 9.9982E-05
9.9982E-05 0.267748 0.235392 0.49666 9.9982E-05
9.9991E-05 0.294792 0.15948 0.210283 0.335345
9.9991E-05 0.186205 0.191204 0.249014 0.373478
0.00104988 0.302165 0.25809 0.313837 0.124858
9.9982E-05 0.420506 0.245713 0.333581 9.9982E-05
9.9991E-05 0.150227 0.163538 0.207939 0.478196
9.9991E-05 0.482264 0.17146 0.247952 0.0982244
9.9982E-05 0.403038 0.0353112 0.56145 9.9982E-05
0.0444737 0.110238 0.174752 0.158403 0.512134
0.03265 0.234526 0.283761 0.147013 0.302049
9.9982E-05 9.9982E-05 0.125667 0.314003 0.560129
9.9982E-05 9.9982E-05 0.292901 0.190491 0.516408
0.000246387 0.0947481 0.258571 0.0903542 0.55608
0.0312475 9.9991E-05 0.258605 0.19532 0.514727
0.0561762 9.9991E-05 0.204238 0.413101 0.326385
0.00670649 9.9991E-05 0.11724 0.28265 0.593303
9.9982E-05 9.9982E-05 0.241996 0.272913 0.484891
9.9991E-05 0.132165 0.225525 0.305352 0.336859
0.23681 0.146961 0.155995 0.12028 0.339954
0.126044 0.0165724 0.0936839 0.153411 0.610289
9.9991E-05 0.0927527 0.142509 0.218308 0.54633
0.0363053 0.0499744 0.0764961 0.126667 0.710558
0.0368246 0.00324912 0.329344 0.271654 0.358928
9.9991E-05 0.107382 0.222793 0.169286 0.500439
9.9991E-05 0.172138 0.263481 0.391039 0.173242
0.0892157 0.0504771 0.238018 0.118936 0.503353
9.9991E-05 0.222562 0.363516 0.250299 0.163523
0.116373 0.0539066 9.9991E-05 0.813741 0.0158798
0.798377 9.9991E-05 0.0314134 0.0599482 0.110161
0.9996 9.997E-05 9.997E-05 9.997E-05 9.997E-05
0.9996 9.997E-05 9.997E-05 9.997E-05 9.997E-05
0.9996 9.997E-05 9.997E-05 9.997E-05 9.997E-05
0.972607 9.9982E-05 0.0128651 9.9982E-05 0.0143277
0.94551 9.9973E-05 9.9973E-05 9.9973E-05 0.0541905
0.976174 9.9973E-05 9.9973E-05 0.0235265 9.9973E-05
0.819027 9.9973E-05 9.9973E-05 0.180673 9.9973E-05
0.0394046 9.9991E-05 0.0135703 0.937333 0.00959233
0.132114 9.9982E-05 9.9982E-05 0.817651 0.0500348
0.0248659 9.9991E-05 0.0580292 0.885636 0.031369
0.103311 9.9982E-05 9.9982E-05 0.836886 0.0596039
0.0636866 9.9982E-05 0.00770134 0.928412 9.9982E-05
0.0873217 0.0186195 9.9982E-05 0.893859 9.9982E-05
0.0427384 9.9991E-05 0.123602 0.778439 0.0551198
9.9982E-05 9.9982E-05 0.0704754 0.862283 0.0670417
0.194531 9.9991E-05 0.0729924 0.677493 0.0548829
9.9982E-05 0.0141459 0.059506 0.926148 9.9982E-05
0.0449103 0.00486509 9.9982E-05 0.950025 9.9982E-05
9.9991E-05 0.0249067 0.054475 0.855947 0.0645715
0.0390165 9.9973E-05 9.9973E-05 0.960684 9.9973E-05
9.9982E-05 9.9982E-05 0.0259807 0.917134 0.0566851
0.0343502 9.9991E-05 0.066267 0.868255 0.0310283
9.9982E-05 9.9982E-05 0.016243 0.884614 0.0989433
9.9982E-05 9.9982E-05 0.123343 0.827427 0.0490305
9.9982E-05 9.9982E-05 0.0983702 0.779825 0.121605
9.9982E-05 9.9982E-05 0.0878457 0.801643 0.110312
0.175173 0.185618 0.0407996 0.185604 0.412806
9.9982E-05 0.128686 9.9982E-05 0.11944 0.751674
9.9991E-05 0.149087 0.0473638 0.19151 0.61194
9.9991E-05 0.686119 0.0343542 0.108907 0.17052
0.116835 0.0819069 9.9991E-05 0.172456 0.628702
9.9991E-05 0.649388 0.083503 0.199988 0.0670215
0.0159509 0.17061 0.0455061 0.0742978 0.693635
0.109689 0.258503 9.9991E-05 0.149888 0.48182
0.0686964 0.205744 0.0108121 0.120653 0.594094
0.101878 0.154816 9.9991E-05 0.0799809 0.663226
0.152202 0.185283 0.00486476 0.115996 0.541654
0.0626286 0.104341 0.0885456 0.107311 0.637173
0.0434748 0.15407 9.9991E-05 0.0892899 0.713065
0.496466 0.318099 0.0742092 9.9991E-05 0.111127
0.0944242 0.812096 9.9982E-05 0.0932796 9.9982E-05
0.0302454 0.620974 0.0794333 0.126306 0.143042
0.152501 0.029033 0.0222817 0.120398 0.675786
0.020824 0.214921 9.9991E-05 0.149316 0.614839
9.9991E-05 0.219608 0.00419312 0.167773 0.608326
0.108628 0.0212595 0.0973425 0.0906601 0.68211
0.0249966 0.0474876 0.207529 0.177407 0.54258
9.9982E-05 9.9982E-05 0.158364 0.226689 0.614747
0.121641 0.147669 0.166923 0.385991 0.177776
0.154248 9.9991E-05 0.103892 0.152329 0.589431
0.12429 0.0702269 0.191671 0.194638 0.419174
9.9982E-05 0.339038 0.180938 0.479823 9.9982E-05
9.9991E-05 0.124298 0.193425 0.326768 0.355409
0.0875567 0.0262083 0.159626 0.400995 0.325614
0.125678 0.0160125 0.0736307 0.304727 0.479953
0.157753 0.00224465 0.156359 0.181166 0.502477
0.0286316 0.0312647 0.140177 0.194643 0.605283
0.0731481 0.0697846 0.147707 0.16636 0.543
0.00677507 0.250903 0.232011 0.160514 0.349797
0.00603213 0.00772653 0.108755 0.481339 0.396147
