9.9982E-05 0.0265965 0.916547 0.0566564 9.9982E-05
0.0202529 9.9982E-05 0.977794 0.00175305 9.9982E-05
9.999E-05 0.058099 0.796131 0.0507844 0.0948852
9.9982E-05 0.0898849 0.794894 0.115021 9.9982E-05
9.999E-05 0.0559872 0.845201 0.0551888 0.043523
0.175709 0.0385996 0.623969 0.086308 0.0754146
0.0829656 9.9982E-05 0.877094 0.0397404 9.9982E-05
0.0373557 9.9991E-05 0.776729 0.150464 0.0353515
0.0983574 9.9982E-05 0.848189 0.0532532 9.9982E-05
0.0705165 0.0376036 0.744642 0.00994124 0.137297
0.101471 9.9991E-05 0.752872 0.12835 0.0172072
0.154455 0.0445561 9.9991E-05 0.419822 0.381067
0.119326 0.145557 0.0663057 0.19003 0.47878
0.191603 0.0346136 0.0738512 0.358026 0.341907
0.109784 0.156311 0.0495576 0.353486 0.330861
0.0833087 0.163494 0.15218 0.229819 0.371198
0.0425001 0.137805 0.0361404 0.162756 0.620798
0.180656 0.0719183 9.9991E-05 0.214783 0.532543
0.0717363 0.0964229 0.129878 0.334057 0.367906
0.197358 0.0193902 0.0673988 0.63886 0.0769933
0.227173 0.103974 9.9991E-05 0.283895 0.384858
0.22505 0.0219004 0.109659 0.101034 0.542356
0.150094 0.118946 9.9991E-05 0.252041 0.478819
0.15022 0.109091 0.0195718 0.364464 0.356653
0.136589 0.14148 0.0806472 0.0381255 0.603158
9.9991E-05 0.0938143 0.0661182 0.270332 0.569635
0.107563 0.0968678 0.0623825 0.465006 0.26818
0.139214 0.185759 0.0380728 0.379699 0.257255
0.253837 0.0459403 0.00517533 0.451822 0.243226
9.9982E-05 0.0280309 0.8457 9.9982E-05 0.126069
9.9973E-05 9.9973E-05 0.84837 9.9973E-05 0.15133
9.9982E-05 0.0556921 0.77808 9.9982E-05 0.166028
9.9982E-05 0.0971099 0.736107 9.9982E-05 0.166583
0.246068 0.0441432 0.015089 0.0976671 0.597033
0.198959 0.0399992 0.10347 0.0535015 0.604071
0.314139 9.9982E-05 0.025962 9.9982E-05 0.659699
0.114292 0.0351588 0.0963828 0.574183 0.179984
0.489276 9.9982E-05 9.9982E-05 0.0106083 0.499916
0.219948 0.0578292 0.0679217 0.107903 0.546399
0.181712 9.9982E-05 0.0841581 9.9982E-05 0.73393
0.113862 0.0173989 0.173144 0.0565883 0.639007
0.0333629 0.0258211 0.154911 0.130616 0.655289
0.48786 9.9991E-05 0.0179164 0.207939 0.286184
0.133933 0.131627 0.081649 0.0908392 0.561952
0.301548 0.093667 0.0417326 9.9991E-05 0.562952
0.15951 0.0228984 0.135313 0.0830095 0.599269
0.49801 9.9973E-05 9.9973E-05 9.9973E-05 0.50169
0.155932 0.0311561 0.093368 0.030633 0.688911
0.104935 0.0846266 0.129768 0.121667 0.559003
0.873561 9.9991E-05 0.0960452 0.029091 0.00120237
0.310721 9.9982E-05 9.9982E-05 0.432585 0.256494
0.636086 0.0406487 0.00498883 0.174582 0.143694
0.106971 0.0832441 0.133467 0.178549 0.497769
0.0812326 0.0678083 0.092651 0.0976888 0.660619
0.184713 0.0592913 0.0725691 0.101014 0.582413
0.210032 9.9991E-05 0.0873758 0.38892 0.313572
0.0899338 0.0534457 0.0763834 0.177764 0.602473
0.130093 0.0575181 0.0875617 0.0984679 0.626359
0.204711 9.9991E-05 0.143778 0.195439 0.455971
0.311412 0.0880544 0.200517 0.32267 0.0773467
0.150085 0.101699 0.0461662 0.192066 0.509983
0.168045 0.0790431 0.0819873 0.235808 0.435117
0.367675 9.9991E-05 0.0653115 0.458366 0.108548
0.181294 0.103187 9.9991E-05 0.258786 0.456633
0.137374 0.02033 0.0760818 0.0827479 0.683466
0.0890158 0.115157 0.0724846 0.110554 0.612788
0.334203 0.0505373 0.0548993 0.202051 0.35831
0.170149 0.107339 0.0185518 0.165577 0.538384
0.11028 0.108398 0.0958293 0.12144 0.564053
0.271065 9.9991E-05 0.0213919 0.423434 0.284009
0.195795 9.9982E-05 9.9982E-05 0.0822658 0.721739
0.431673 9.9982E-05 9.9982E-05 0.200233 0.367894
0.070142 0.103277 0.0833258 0.152927 0.590328
0.777447 9.9973E-05 9.9973E-05 9.9973E-05 0.222253
0.724204 9.9982E-05 9.9982E-05 0.0758427 0.199753
0.52564 9.9973E-05 9.9973E-05 9.9973E-05 0.47406
0.269739 9.9982E-05 9.9982E-05 0.130716 0.599345
0.0635383 9.9991E-05 0.27907 0.0651661 0.592126
0.336811 0.0193753 0.0384406 0.0402955 0.565077
0.318836 9.9991E-05 0.0332409 0.299295 0.348528
0.310163 9.9991E-05 0.0225046 0.309626 0.357606
0.221447 0.0873197 0.0797338 0.0118547 0.599645
0.33417 9.9991E-05 0.0732353 0.109526 0.482969
0.309173 9.9991E-05 0.0600306 0.0255385 0.605158
0.444377 9.9973E-05 9.9973E-05 9.9973E-05 0.555323
0.783445 9.9982E-05 9.9982E-05 0.0854916 0.130863
0.172003 0.0969996 9.9991E-05 0.0979301 0.632967
9.9991E-05 0.033454 0.838057 0.0428247 0.0855646
9.9973E-05 9.9973E-05 0.932312 9.9973E-05 0.0673884
9.9982E-05 0.0731876 0.871596 9.9982E-05 0.0550165
9.9982E-05 0.0207536 0.953392 9.9982E-05 0.0256546
9.9973E-05 9.9973E-05 0.899295 9.9973E-05 0.100405
9.9982E-05 0.0390505 0.898155 9.9982E-05 0.0625945
9.9973E-05 9.9973E-05 0.961725 9.9973E-05 0.0379755
0.0724644 0.035838 0.129078 0.109846 0.652773
0.131329 0.0345391 0.0582231 0.115576 0.660333
0.581676 9.9991E-05 0.0286024 0.13542 0.254202
0.0774118 0.154806 0.128583 0.185707 0.453491
0.195249 9.9991E-05 0.0587816 0.16023 0.58564
0.148669 9.9991E-05 0.0947485 0.0487808 0.707701
0.256836 9.9991E-05 0.0746916 0.022438 0.645934
0.270956 0.0830631 9.9991E-05 0.0348229 0.611058
0.528965 9.9991E-05 0.0345488 0.285796 0.15059
0.0961869 0.0874593 0.0859605 0.158717 0.571676
0.114918 0.0646169 0.11067 0.0545455 0.655249
0.215063 0.181333 0.0176586 0.071837 0.514109
0.514398 0.00710726 0.0249688 0.0191786 0.434347
0.278179 9.9982E-05 9.9982E-05 0.0530784 0.668543
0.225687 0.0155638 0.0237205 0.176484 0.558545
0.48115 0.0526847 9.9982E-05 9.9982E-05 0.465965
0.162214 9.9991E-05 0.0707474 0.192313 0.574625
0.186252 0.00396219 0.173969 0.0600913 0.575725
0.330901 0.0640429 0.0523081 0.301589 0.251159
0.0494921 0.102076 0.138687 0.327831 0.381915
0.109371 0.158866 0.0704952 0.197666 0.463602
0.2072 0.0355334 0.0823363 0.0905865 0.584344
9.9982E-05 9.9982E-05 0.0715588 0.368406 0.559835
0.067212 0.0399528 9.9991E-05 0.308715 0.58402
0.0429095 0.0336331 0.00141084 0.388521 0.533526
0.159678 0.0353177 9.9991E-05 0.22857 0.576334
0.110549 0.106608 0.0477247 0.180487 0.554631
0.151488 0.000424485 0.0291036 0.162507 0.656476
0.055316 9.9991E-05 0.0154975 0.381512 0.547574
0.0768418 0.0850763 0.0472788 0.131368 0.659435
0.125689 0.110367 0.0782273 0.161546 0.52417
0.0539571 0.131394 0.0179479 0.237912 0.558788
0.0148701 0.0779539 0.0942686 0.141693 0.671215
0.11184 0.11394 0.0622441 0.190392 0.521584
0.192114 0.0361959 0.155738 0.265489 0.350463
0.043438 0.0824743 0.072588 0.202175 0.599325
0.0828187 0.158704 9.9991E-05 0.173077 0.585301
0.229153 0.0950988 0.0110194 0.422701 0.242028
0.406538 0.129297 0.0132318 0.336651 0.114282
0.015182 0.0175533 0.0952275 0.282005 0.590032
0.490136 0.0963491 9.9991E-05 0.350457 0.0629575
0.184282 9.9991E-05 0.0241631 0.436768 0.354687
0.123822 9.9991E-05 0.0424746 0.30291 0.530693
0.155966 9.9991E-05 0.0374917 0.427008 0.379434
0.164315 0.0371084 9.9991E-05 0.479738 0.318739
0.144591 0.0255105 0.109146 0.0569998 0.663753
0.0775914 0.110628 0.0613849 0.186413 0.563983
0.054241 9.9991E-05 0.155696 0.13448 0.655482
0.396081 0.151645 9.9991E-05 0.351461 0.100713
0.252415 0.0470095 0.198371 0.0216512 0.480553
0.30847 0.159732 0.000273993 0.0690096 0.462515
0.600171 9.9991E-05 0.217833 0.113049 0.0688466
0.090966 0.10214 0.126999 0.00212371 0.677771
0.335429 0.0200634 0.129265 0.0722162 0.443027
0.189467 0.152746 0.0481583 0.0722737 0.537355
0.452685 0.00120999 0.17526 0.0671636 0.303682
0.488345 9.9991E-05 0.150973 0.113115 0.247467
0.297593 0.0618922 0.0921023 0.109263 0.43915
0.175495 0.132637 0.0872915 0.0498546 0.554722
0.143832 0.0629306 0.179574 0.151921 0.461742
0.610041 0.195707 0.0714029 0.109881 0.012968
0.153532 0.134852 0.0676735 0.0675952 0.576347
0.432392 9.9982E-05 9.9982E-05 0.106729 0.46068
0.383897 9.9991E-05 0.0673378 0.0233089 0.525356
0.0825671 0.0318115 0.103101 0.134883 0.647638
0.197929 0.270632 0.385836 9.9991E-05 0.145503
0.229952 0.158652 0.611196 9.9982E-05 9.9982E-05
0.315685 0.176907 0.507208 9.9982E-05 9.9982E-05
0.122977 0.395065 0.381638 0.0927124 0.00760749
0.212534 0.0215477 0.023153 0.0817716 0.660994
0.206637 0.0897793 0.0851335 0.120519 0.497931
9.9973E-05 0.708598 9.9973E-05 9.9973E-05 0.291102
9.9982E-05 0.484452 9.9982E-05 0.158736 0.356613
9.9991E-05 0.525391 0.067939 0.0876804 0.31889
0.563551 0.063407 0.00965199 0.0133838 0.350006
0.262394 0.200316 0.0239188 0.0664999 0.446871
0.623486 9.9982E-05 0.0710637 9.9982E-05 0.30525
0.196079 0.00673614 0.0899401 0.0760948 0.63115
0.380005 0.118005 0.033467 0.0266525 0.44187
0.268023 0.0557255 0.099893 9.9991E-05 0.576258
0.633869 9.9991E-05 0.0304145 0.0627744 0.272842
0.178589 0.0571734 0.112959 0.0146193 0.636659
0.227861 0.0714716 0.147314 9.9991E-05 0.553253
0.0402361 0.944005 9.9982E-05 9.9982E-05 0.0155592
9.9973E-05 0.875896 9.9973E-05 9.9973E-05 0.123804
0.0661134 0.595496 0.048162 9.9991E-05 0.290129
9.9982E-05 0.67268 0.0460959 9.9982E-05 0.281024
9.9991E-05 0.819693 0.0271663 0.0132669 0.139774
9.997E-05 0.9996 9.997E-05 9.997E-05 9.997E-05
9.9973E-05 0.973487 9.9973E-05 0.0262131 9.9973E-05
9.9973E-05 0.867226 9.9973E-05 9.9973E-05 0.132474
9.9982E-05 0.944629 9.9982E-05 0.054822 0.00034935
9.997E-05 0.9996 9.997E-05 9.997E-05 9.997E-05
9.997E-05 0.9996 9.997E-05 9.997E-05 9.997E-05
9.9991E-05 0.724733 0.072469 0.0372611 0.165437
9.9991E-05 0.760199 0.0816367 0.0369274 0.121136
9.997E-05 0.9996 9.997E-05 9.997E-05 9.997E-05
0.0867409 0.422577 0.0649015 0.0849457 0.340835
0.0173886 0.681641 0.00196678 0.113163 0.185841
9.9982E-05 0.766651 0.021003 9.9982E-05 0.212146
9.9991E-05 0.905807 0.0276364 0.0445265 0.0219298
9.997E-05 0.9996 9.997E-05 9.997E-05 9.997E-05
9.9982E-05 0.913816 0.046568 9.9982E-05 0.0394158
9.997E-05 0.9996 9.997E-05 9.997E-05 9.997E-05
0.0155196 0.669322 0.0279338 0.0583245 0.2289
9.9991E-05 0.873552 0.0144682 0.0127737 0.0991059
0.515086 0.0701267 0.414588 9.9982E-05 9.9982E-05
0.158185 0.167667 0.142572 0.137489 0.394087
0.207838 0.0638089 0.29672 9.9991E-05 0.431534
0.396313 0.157405 0.295213 9.9991E-05 0.150969
0.199827 0.12998 0.131503 0.00704274 0.531647
0.377745 0.104022 0.329112 9.9991E-05 0.189022
0.101849 0.104754 0.205871 0.0472559 0.54027
0.27724 0.185768 0.187087 9.9991E-05 0.349805
0.171998 0.176683 0.183813 0.0190638 0.448443
0.229944 0.323477 0.176934 9.9991E-05 0.269544
0.165122 0.107977 0.246442 9.9991E-05 0.480359
0.0511937 9.9991E-05 0.861142 0.0406961 0.0468676
0.00965118 0.0528999 0.91714 0.0202091 9.9991E-05
9.9973E-05 9.9973E-05 0.983581 0.016119 9.9973E-05
9.9982E-05 9.9982E-05 0.929423 0.0546832 0.0156934
9.9982E-05 9.9982E-05 0.912937 0.0577121 0.0291511
0.013017 0.0612937 0.925489 9.9982E-05 9.9982E-05
9.9982E-05 0.0242275 0.90465 9.9982E-05 0.0709228
0.0547664 9.9982E-05 0.934069 9.9982E-05 0.010965
9.9982E-05 0.00426877 0.925236 9.9982E-05 0.0702953
9.9982E-05 0.0979261 0.884985 0.0168886 9.9982E-05
0.125358 9.9982E-05 0.618543 0.2559 9.9982E-05
0.0757282 9.9982E-05 0.593442 0.33063 9.9982E-05
0.114911 9.9982E-05 0.531181 0.353708 9.9982E-05
0.126815 9.9991E-05 0.517453 0.334929 0.0207029
0.14886 9.9991E-05 0.0641678 0.193167 0.593705
0.157166 0.0420732 0.0327364 0.142091 0.625934
0.139503 0.152582 9.9991E-05 0.202574 0.50524
0.20144 9.9991E-05 0.0940812 0.250316 0.454063
0.145543 9.9982E-05 9.9982E-05 0.594599 0.259658
0.137688 0.0503318 0.106451 0.0126486 0.69288
0.161361 9.9982E-05 9.9982E-05 0.101803 0.736636
0.176173 0.0552228 9.9991E-05 0.188971 0.579533
0.43832 0.0801699 9.9991E-05 0.0143645 0.467045
0.0238918 0.0506241 0.0790262 0.226767 0.619691
0.241888 9.9982E-05 9.9982E-05 0.230137 0.527775
0.810563 9.9982E-05 9.9982E-05 0.126307 0.0629298
0.0855294 0.04592 0.150885 0.193216 0.52445
0.551862 9.9991E-05 0.022838 0.0369947 0.388206
0.329885 0.0379582 9.9991E-05 0.0632162 0.568841
0.459791 9.9991E-05 0.00737734 0.270124 0.262608
0.0635331 9.9991E-05 0.124095 0.804339 0.00793233
0.051766 9.9991E-05 0.0983565 0.778037 0.0717409
0.0561068 9.9991E-05 0.0277493 0.909004 0.00703956
0.0344234 9.9982E-05 0.117293 0.848084 9.9982E-05
0.093041 0.0501052 9.9991E-05 0.828414 0.0283403
0.00953188 0.0789062 0.0715316 0.825146 0.014884
9.9982E-05 0.0275758 0.878116 9.9982E-05 0.0941087
9.9991E-05 0.0251849 0.863587 0.0611979 0.0499302
9.9982E-05 0.0856738 0.785768 9.9982E-05 0.128358
9.9991E-05 0.126724 0.738104 0.0988144 0.036258
9.9991E-05 0.0541156 0.845871 0.00190848 0.098005
0.0113813 9.9982E-05 0.4032 0.585219 9.9982E-05
0.11659 9.9982E-05 0.428171 0.455039 9.9982E-05
0.083935 9.9982E-05 0.432838 0.483027 9.9982E-05
9.9982E-05 0.0083192 0.862368 9.9982E-05 0.129113
0.134643 9.9982E-05 0.375353 0.489804 9.9982E-05
0.147138 0.404924 0.232171 9.9991E-05 0.215667
9.9991E-05 0.235218 0.12282 0.154788 0.487073
9.9982E-05 0.332393 0.203854 9.9982E-05 0.463552
0.118067 0.225806 0.314494 9.9991E-05 0.341533
0.0401457 0.224116 0.17321 0.0550961 0.507432
0.201563 0.322125 0.476112 9.9982E-05 9.9982E-05
0.153004 9.9991E-05 0.0723532 0.275187 0.499357
0.333729 0.0547686 9.9991E-05 0.242595 0.368808
0.0575301 0.0468481 0.0677937 0.529776 0.298052
0.239278 9.9991E-05 0.0154823 0.164416 0.580724
0.831238 9.9973E-05 9.9973E-05 0.168463 9.9973E-05
0.17774 0.12087 0.0300665 0.139799 0.531525
0.227785 0.0279051 0.0760941 0.159165 0.509051
0.158508 9.9991E-05 0.0241684 0.373419 0.443804
0.162633 0.0691009 0.143845 0.114621 0.5098
0.560066 9.9982E-05 9.9982E-05 0.275364 0.16437
0.28182 0.027047 0.00159679 0.133774 0.555761
9.9991E-05 0.090937 0.0208257 0.332747 0.55539
0.212816 0.256583 0.128035 0.0211363 0.381429
0.250614 9.9982E-05 9.9982E-05 0.308202 0.440983
0.16035 0.0143132 0.0357666 0.254704 0.534865
0.150265 0.178174 9.9991E-05 0.20083 0.470631
0.191848 0.0169737 0.0179909 0.195724 0.577464
0.0256018 0.137127 0.0467192 0.162088 0.628464
0.162013 0.099762 0.0919263 0.185152 0.461146
0.0810996 0.0973833 0.080427 0.123046 0.618044
9.9982E-05 0.109735 0.776962 9.9982E-05 0.113103
0.0146565 0.0311461 0.845872 9.9991E-05 0.108226
0.0736554 0.0103144 0.778081 0.0888194 0.0491294
0.0574757 0.0418757 0.781486 0.0507642 0.0683988
9.9973E-05 9.9973E-05 0.858719 9.9973E-05 0.140981
0.0929391 0.0201473 0.000631043 0.608413 0.277869
0.271781 0.111334 0.0465334 0.0877717 0.48258
0.0747633 0.164382 0.286087 9.9991E-05 0.474668
0.0454658 0.104522 0.0204583 0.132211 0.697343
0.106985 0.00472216 0.0849064 0.271388 0.531999
0.308996 0.0927179 0.0254968 0.330873 0.241917
0.261047 9.9991E-05 0.134142 0.588797 0.0159141
0.12241 0.062621 9.9991E-05 0.328104 0.486764
0.184098 0.0452806 0.0509659 0.531 0.188656
0.263369 0.126121 9.9991E-05 0.200348 0.410062
0.169631 0.00737044 0.144244 0.505523 0.173231
9.9991E-05 0.0905006 0.0837636 0.244945 0.580691
0.121801 0.0611661 0.0294867 0.561269 0.226277
0.319993 0.0974159 9.9991E-05 0.238687 0.343804
0.265764 0.0658267 0.136199 0.0623365 0.469874
0.369024 9.9991E-05 0.083651 0.135508 0.411718
0.252515 9.9991E-05 0.149867 0.00667543 0.590843
0.184798 0.0890669 0.147146 0.054198 0.524791
0.463832 9.9991E-05 0.0349886 0.0759089 0.425171
0.154137 0.110271 0.0916216 0.105529 0.538442
0.286778 0.0257231 0.0629335 9.9991E-05 0.624466
0.675161 9.9991E-05 0.000824402 0.127335 0.19658
0.599528 9.9982E-05 0.0333332 9.9982E-05 0.366938
0.26315 0.0330272 0.0851487 0.100361 0.518313
0.634966 9.9991E-05 0.0288735 0.0955239 0.240536
0.289502 9.9991E-05 0.0405971 0.0828169 0.586984
0.140975 0.0348565 9.9991E-05 0.652592 0.171477
0.320852 0.0373692 9.9991E-05 0.375201 0.266478
0.000666727 0.0817021 9.9991E-05 0.496887 0.420644
0.0454759 0.0294744 0.0170796 0.215176 0.692794
0.137481 9.9982E-05 9.9982E-05 0.552428 0.309891
0.192825 0.0963836 0.142279 0.118413 0.4501
0.039472 0.195986 0.0379381 0.16894 0.557664
0.0431006 0.0648218 0.033894 0.263408 0.594776
0.135049 0.168067 9.9991E-05 0.263161 0.433623
0.0349648 0.113264 9.9991E-05 0.382662 0.469008
0.146213 0.0492938 9.9991E-05 0.484114 0.320279
0.131069 0.103624 9.9991E-05 0.454251 0.310956
0.119889 0.095165 9.9991E-05 0.131523 0.653323
9.9991E-05 0.0116877 0.128505 0.248679 0.611028
0.174776 0.0973481 0.0772856 0.247442 0.403148
0.0862433 0.11992 9.9991E-05 0.271067 0.52267
0.0343073 0.0720256 0.0750621 0.460289 0.358316
0.141396 0.0330685 0.00423605 0.225274 0.596025
0.0160451 0.0912357 0.0248773 0.342919 0.524923
0.131072 0.119236 0.122139 0.168226 0.459326
0.100621 0.153628 0.364738 9.9991E-05 0.380913
0.125223 0.274385 0.142454 9.9991E-05 0.457839
0.122615 0.179921 0.149349 0.139469 0.408646
0.102501 0.199372 0.093103 0.024192 0.580832
0.0631514 0.23489 0.279024 9.9991E-05 0.422834
0.25999 0.0778827 9.9991E-05 0.202317 0.45971
0.101468 0.137013 0.197753 0.0641944 0.499571
0.510551 0.208332 0.280917 9.9982E-05 9.9982E-05
0.0183567 0.261627 0.115914 0.152208 0.451894
0.0762164 0.2856 0.0650264 0.082006 0.491151
0.102297 0.270254 0.0971469 0.0603409 0.469961
0.231457 0.137358 0.227679 0.0746797 0.328826
0.0454971 0.255668 0.240893 0.0155727 0.442369
0.0438204 0.217115 0.18148 9.9991E-05 0.557484
0.307933 0.193627 0.49824 9.9982E-05 9.9982E-05
0.0215505 0.256562 0.180387 0.0880556 0.453445
0.0905907 0.319839 0.138079 9.9991E-05 0.451391
0.145696 0.129289 0.133369 9.9991E-05 0.591547
0.0313923 0.221638 0.209125 9.9991E-05 0.537745
0.0852812 0.160425 0.189532 0.024611 0.540151
0.274846 0.0969777 0.0899279 0.0750263 0.463223
0.251631 0.127818 0.160166 9.9991E-05 0.460285
0.756311 9.9982E-05 9.9982E-05 0.0930886 0.150401
0.838037 0.0266814 9.9991E-05 0.0757975 0.0593843
0.282887 0.21309 0.10288 0.0450623 0.35608
0.194512 0.393453 0.111736 0.00613427 0.294165
0.192324 0.404075 0.105894 9.9991E-05 0.297606
0.260679 0.353676 0.255346 9.9991E-05 0.130198
0.12508 0.318827 0.215266 9.9991E-05 0.340727
0.695453 0.157579 0.0850467 9.9991E-05 0.0618207
0.579876 0.17383 0.105352 9.9991E-05 0.140842
0.245831 0.174227 0.0159466 0.0349267 0.529069
0.347371 0.139584 0.0971118 9.9991E-05 0.415833
0.458358 0.16076 0.106945 9.9991E-05 0.273837
0.236623 0.266499 0.00909973 0.124358 0.363421
0.21279 0.25408 9.9991E-05 0.0312 0.50183
0.080775 0.174151 0.16526 0.0860235 0.49379
0.383834 9.9991E-05 0.126369 0.0789797 0.410718
0.440952 0.0335083 9.9991E-05 0.0868224 0.438617
0.205799 0.0385497 0.0865276 0.113311 0.555812
0.285239 0.0944738 0.0763316 0.136557 0.407398
0.14319 0.127414 0.145417 0.0736309 0.510348
0.401092 0.0392494 0.0202381 9.9991E-05 0.53932
0.607205 0.0454463 9.9991E-05 0.0886162 0.258632
0.330684 0.0239534 0.0279982 9.9991E-05 0.617264
0.669506 0.0352523 9.9982E-05 9.9982E-05 0.295042
0.403656 0.0346251 0.0563864 9.9991E-05 0.505232
0.228051 0.0849088 0.0736499 0.0683979 0.544993
0.386289 0.0530984 0.0142073 0.0329787 0.513427
0.0230776 0.194915 0.252742 9.9991E-05 0.529166
0.278179 0.29414 0.0592074 0.0500695 0.318404
0.215997 0.334367 0.185763 0.0770882 0.186786
0.125913 0.270277 0.164451 0.118877 0.320482
0.0558397 0.22522 0.101096 0.133298 0.484546
0.197063 0.276468 0.142282 0.0713401 0.312848
0.603529 0.231501 0.16477 9.9982E-05 9.9982E-05
0.0601088 0.264307 0.0900913 9.9991E-05 0.585393
0.440395 0.182858 0.376546 9.9982E-05 9.9982E-05
0.180276 0.245265 0.0793419 0.01521 0.479906
0.769892 9.9973E-05 9.9973E-05 9.9973E-05 0.229808
0.931862 9.9982E-05 0.0495711 9.9982E-05 0.0183672
0.457517 9.9973E-05 9.9973E-05 9.9973E-05 0.542183
0.251661 0.086611 9.9982E-05 9.9982E-05 0.661528
0.48548 0.0207847 9.9991E-05 0.0156389 0.477996
0.363487 0.0420505 0.021466 9.9991E-05 0.572896
0.34968 0.0693219 9.9991E-05 0.000326486 0.580572
0.064194 0.0857243 0.794076 0.0105383 0.0454678
0.0038678 0.0768641 0.780165 0.117854 0.0212492
9.9982E-05 0.0608051 0.903015 0.0359798 9.9982E-05
9.9973E-05 9.9973E-05 0.962026 9.9973E-05 0.0376741
0.272526 0.0912093 9.9991E-05 0.0193107 0.616854
0.256247 0.0146141 0.113568 0.00363532 0.611935
0.227553 9.9982E-05 9.9982E-05 0.0958786 0.676369
0.0936236 9.9982E-05 0.16573 9.9982E-05 0.740447
0.203348 9.9991E-05 0.11984 0.1104 0.566313
0.437391 9.9991E-05 0.0336948 0.134274 0.39454
0.198195 0.0244084 0.00407338 0.0944834 0.678839
0.528442 0.0130732 9.9982E-05 9.9982E-05 0.458285
0.0457207 0.131342 0.310711 9.9991E-05 0.512126
0.413192 0.0837955 9.9991E-05 0.0311774 0.471735
0.297782 9.9991E-05 0.0209838 0.182205 0.498929
0.173646 0.0187301 9.9991E-05 0.122755 0.684769
0.295297 9.9991E-05 0.0443836 0.0966841 0.563535
0.251335 0.00392487 9.9982E-05 9.9982E-05 0.74454
0.174097 9.9982E-05 0.114774 9.9982E-05 0.71093
0.696245 9.9973E-05 9.9973E-05 9.9973E-05 0.303456
0.527516 9.9991E-05 0.00558954 0.0807598 0.386035
0.399928 9.9991E-05 0.000935191 0.116263 0.482775
0.9627 9.9973E-05 9.9973E-05 9.9973E-05 0.0369998
0.284966 9.9991E-05 0.0663171 0.0718278 0.576789
0.648406 0.0167704 9.9991E-05 0.0491297 0.285593
0.893059 9.9982E-05 9.9982E-05 0.0210411 0.0857001
0.202635 0.0910495 0.0231587 0.0429124 0.640244
0.427987 9.9991E-05 0.0214117 0.148501 0.402
0.186975 0.0150193 0.00156939 0.20571 0.590726
0.18801 0.166784 0.0657572 0.000211791 0.579237
0.18514 9.9982E-05 9.9982E-05 0.162029 0.652631
0.24187 0.116749 9.9991E-05 0.302722 0.338559
0.34142 0.0787131 9.9982E-05 9.9982E-05 0.579667
0.263584 0.0737863 0.043526 0.0929373 0.526166
0.498027 9.9982E-05 9.9982E-05 0.027348 0.474425
0.168195 0.0760926 0.0576593 0.111117 0.586936
0.0592254 9.9982E-05 0.612251 0.328324 9.9982E-05
0.056404 0.0351126 0.752081 0.100215 0.0561875
0.0223075 9.9982E-05 0.814468 0.163024 9.9982E-05
0.0288077 9.9982E-05 0.803168 0.167824 9.9982E-05
0.00473366 9.9991E-05 0.745244 0.222434 0.0274881
0.424784 9.9991E-05 0.0120657 0.254154 0.308897
0.508153 9.9991E-05 0.0396372 0.123069 0.329041
0.645651 9.9973E-05 9.9973E-05 9.9973E-05 0.354049
0.256798 0.162495 0.0814015 0.0754352 0.423871
0.224523 0.0862917 0.0792306 0.0738536 0.536101
0.476757 9.9982E-05 0.078752 9.9982E-05 0.444291
0.217974 0.0988772 9.9991E-05 0.0413153 0.641733
0.365616 9.9982E-05 0.0709502 9.9982E-05 0.563234
0.208826 0.0522509 0.0461385 0.0655708 0.627213
0.149562 0.123842 0.0313948 0.104599 0.590602
0.401113 9.9982E-05 9.9982E-05 0.17027 0.428417
0.30822 9.9991E-05 0.0444288 0.0775866 0.569665
0.320517 9.9982E-05 9.9982E-05 0.177009 0.502273
0.137736 9.9991E-05 0.146827 0.0686878 0.64665
0.285851 9.9991E-05 0.00194989 0.125597 0.586503
0.315522 0.0547421 0.0204529 0.0774493 0.531834
0.0124913 0.437038 0.0933381 0.0644639 0.392669
0.120012 0.521735 0.0788878 9.9991E-05 0.279265
0.0669256 0.476827 0.114203 9.9991E-05 0.341944
0.0791449 0.500981 0.127719 0.0264828 0.265672
0.049853 0.248558 0.224191 9.9991E-05 0.477298
0.343668 0.0517546 0.0765493 9.9991E-05 0.527928
0.0705662 0.675712 0.223502 9.9991E-05 0.0301204
0.0486697 0.506176 0.164757 9.9991E-05 0.280297
0.13886 0.227963 0.150102 0.0207305 0.462344
0.0784384 9.9991E-05 0.198643 0.0659252 0.656893
0.285285 0.0665413 0.158887 0.075292 0.413995
0.0609267 0.0861865 0.165092 0.0643752 0.623419
0.142729 0.159384 0.0746298 0.0833954 0.539862
9.9982E-05 0.441526 0.23094 9.9982E-05 0.327334
0.0268908 0.351913 0.201308 0.0899236 0.329965
9.9982E-05 0.505698 0.0787143 9.9982E-05 0.415387
0.0574335 0.276048 0.112794 0.150532 0.403193
0.0567079 0.56977 0.104836 9.9991E-05 0.268586
0.115347 0.389823 0.137202 9.9991E-05 0.357529
0.118087 0.584726 0.153553 9.9991E-05 0.143534
9.9982E-05 0.520916 9.9982E-05 0.228512 0.250373
0.216316 0.0252972 0.160106 0.0595938 0.538687
0.0223132 0.362867 0.176751 9.9991E-05 0.437969
9.9982E-05 0.706721 0.172456 9.9982E-05 0.120623
0.0852367 0.479555 0.124594 0.0539207 0.256693
0.225093 9.9991E-05 0.233729 0.266887 0.27419
0.159546 0.168808 9.9991E-05 0.102632 0.568914
9.9991E-05 0.369551 0.184908 0.136708 0.308733
0.0550325 0.0781833 0.184201 0.0803761 0.602207
0.194958 0.0283558 0.189099 0.0442749 0.543312
0.20579 0.333546 0.199645 0.0614716 0.199548
0.0710064 0.293825 0.272836 9.9991E-05 0.362233
0.150983 0.177368 0.0317759 0.0571431 0.58273
0.000353929 0.338698 0.140418 9.9991E-05 0.52043
0.0371526 0.511136 0.111674 0.0304882 0.309549
0.0274884 0.644671 0.200273 0.0434018 0.0841657
0.142906 0.172746 0.0976181 0.0533314 0.533398
0.25438 9.9991E-05 0.155186 0.0842837 0.506051
0.556891 0.121865 0.18379 0.000367265 0.137087
0.165655 0.109715 0.120824 0.0309461 0.57286
0.186816 0.0665311 0.14968 0.211868 0.385106
0.198399 0.17211 0.178472 9.9991E-05 0.450919
0.172205 0.205029 0.134791 0.159478 0.328498
0.414388 0.220117 0.365295 9.9982E-05 9.9982E-05
0.484706 0.153056 0.362039 9.9982E-05 9.9982E-05
0.34588 0.190239 0.168866 0.101211 0.193805
0.338987 0.257147 0.388478 9.9991E-05 0.0152879
0.252842 0.234739 0.512219 9.9982E-05 9.9982E-05
0.367101 0.210417 0.0962599 9.9991E-05 0.326122
0.2124 0.183323 0.253474 9.9991E-05 0.350704
0.341709 0.252482 0.329383 9.9991E-05 0.0763264
0.381747 0.20168 0.350348 9.9991E-05 0.0661252
0.144019 0.175567 0.161515 0.0354812 0.483418
0.410275 0.160377 0.237271 9.9991E-05 0.191977
0.37713 0.0962506 0.526419 9.9982E-05 9.9982E-05
0.00335847 0.204818 0.142369 0.154676 0.494778
0.116811 0.248668 0.18544 9.9991E-05 0.448981
9.9991E-05 0.189031 0.316821 0.0563442 0.437705
9.9982E-05 0.270217 0.163654 9.9982E-05 0.565929
0.0196858 0.200262 0.253809 9.9991E-05 0.526143
9.9982E-05 0.306703 0.227524 9.9982E-05 0.465573
0.0321892 0.23508 0.389379 9.9991E-05 0.343252
0.00483654 0.21055 0.239045 0.0108443 0.534724
9.9991E-05 0.329114 0.197391 0.0263218 0.447074
0.178447 0.362457 0.252028 9.9991E-05 0.206968
0.20182 0.133212 0.190131 0.138959 0.335879
0.0885855 0.188678 0.204514 0.0879694 0.430253
0.137524 0.179702 0.156165 0.0356099 0.490998
0.132402 0.132397 0.153147 9.9991E-05 0.581954
9.9991E-05 0.35952 0.244519 0.0703044 0.325557
0.110404 0.151474 0.212147 9.9991E-05 0.525875
0.211717 0.268693 0.436224 9.9991E-05 0.0832658
9.9991E-05 0.290117 0.113764 0.172751 0.423268
0.174048 0.382384 0.252377 9.9991E-05 0.191091
0.0737155 9.9982E-05 0.797538 0.128546 9.9982E-05
9.9982E-05 9.9982E-05 0.0895502 0.762341 0.147909
9.997E-05 9.997E-05 9.997E-05 0.9996 9.997E-05
9.9973E-05 9.9973E-05 0.00343588 0.996264 9.9973E-05
9.9973E-05 9.9973E-05 9.9973E-05 0.99697 0.00272973
9.9973E-05 0.0556057 9.9973E-05 0.944094 9.9973E-05
9.9973E-05 9.9973E-05 9.9973E-05 0.91985 0.07985
9.9973E-05 9.9973E-05 0.0211341 0.978566 9.9973E-05
9.9973E-05 9.9973E-05 0.219367 0.780333 9.9973E-05
9.9991E-05 0.0178947 0.888962 0.0160693 0.0769741
9.9982E-05 9.9982E-05 0.805613 0.111288 0.0828983
9.9973E-05 9.9973E-05 0.924813 9.9973E-05 0.0748875
0.0146193 9.9991E-05 0.854918 0.0621804 0.0681822
9.9991E-05 0.0746307 0.885488 0.0110989 0.028682
0.0318347 9.9982E-05 0.91937 0.0485953 9.9982E-05
0.0497672 0.159803 0.752654 0.0313079 0.00646789
0.00437641 0.0336755 0.898465 9.9991E-05 0.0633834
9.9991E-05 0.0956495 0.730023 0.131949 0.0422777
9.9982E-05 0.050122 0.912266 9.9982E-05 0.0374121
9.9973E-05 9.9973E-05 0.972864 0.0268361 9.9973E-05
9.9991E-05 0.0354511 0.866299 0.0692017 0.0289479
9.9982E-05 0.0281016 0.923273 0.0484255 9.9982E-05
9.9982E-05 0.0213048 0.918136 9.9982E-05 0.0603596
9.9982E-05 0.0741759 0.859093 9.9982E-05 0.0665311
9.9982E-05 0.103034 0.839584 9.9982E-05 0.0571818
9.9982E-05 0.172123 0.743922 9.9982E-05 0.0837556
9.9982E-05 0.11963 0.750946 9.9982E-05 0.129224
9.9982E-05 0.102885 0.804901 9.9982E-05 0.0920141
0.255802 0.0560725 0.180113 0.0430632 0.464949
0.175502 9.9982E-05 0.110646 9.9982E-05 0.713652
0.0980046 0.0965517 0.133834 0.127463 0.544146
0.672705 0.043062 0.0866821 0.0324361 0.165114
0.0687919 0.0102669 0.153325 0.138308 0.629309
0.597721 0.0134979 0.255868 9.9991E-05 0.132813
0.158122 0.0857855 0.119049 9.9991E-05 0.636944
0.203172 9.9991E-05 0.0680506 0.220197 0.508481
0.144232 9.9991E-05 0.123355 0.0515511 0.680762
0.242198 0.00127976 0.0737883 0.0126624 0.670072
0.175495 9.9991E-05 0.167201 0.151455 0.505749
0.0508305 9.9991E-05 0.17947 0.100877 0.668722
0.0899189 0.0424618 0.160761 0.139388 0.56747
0.380445 0.071775 9.9991E-05 0.468181 0.0794995
0.777937 9.9982E-05 0.0805491 0.141314 9.9982E-05
0.620587 9.9991E-05 0.172168 0.0385153 0.16863
0.134517 0.0927175 0.132474 0.0116965 0.628595
0.19851 0.0204009 0.10751 0.0991636 0.574415
0.184044 0.0118126 0.215854 0.0267967 0.561493
0.175705 0.116624 0.0762021 9.9991E-05 0.631369
0.00111005 0.11697 0.222488 9.9991E-05 0.659332
9.9991E-05 0.240104 0.159545 0.0894073 0.510844
0.201618 0.110186 0.483011 0.0348777 0.170307
0.120265 0.0211107 0.186438 0.0271005 0.645086
0.0745038 0.127316 0.259774 0.0900282 0.448378
0.361556 0.191784 0.44646 9.9982E-05 9.9982E-05
0.184175 0.259735 0.263173 9.9991E-05 0.292817
0.0773677 0.19591 0.356947 0.033817 0.335958
0.00432883 0.0978258 0.353345 0.053586 0.490914
0.0794803 0.302744 0.0719854 0.122939 0.422852
0.0730889 0.216617 0.235945 0.0188275 0.455521
9.9991E-05 0.123985 0.218154 0.0212258 0.636536
0.205642 0.195903 0.173275 0.0275368 0.397644
0.0486389 0.193302 0.483708 9.9991E-05 0.274251
