0.101481 0.0223626 0.875957 9.9982E-05 9.9982E-05
0.0297755 9.9991E-05 0.953877 0.0128024 0.00344471
0.0372268 0.0703188 0.806848 0.0855061 9.9991E-05
0.100168 0.0594873 0.810855 0.0293893 9.9991E-05
0.0110278 0.0148445 0.898363 0.0756647 9.9991E-05
0.114693 0.0546263 0.635201 0.0642493 0.13123
0.0596934 9.9982E-05 0.880672 9.9982E-05 0.0594344
0.187016 0.0520724 0.734244 9.9991E-05 0.0265676
0.0921248 9.9982E-05 0.834584 9.9982E-05 0.0730914
0.0071245 0.0926917 0.714199 0.102329 0.083656
0.181929 9.9991E-05 0.752131 0.0228778 0.0429615
0.542799 0.0590901 9.9991E-05 0.279092 0.118919
0.324594 0.123799 9.9991E-05 0.513447 0.0380599
0.464768 0.0821876 0.0492879 0.270038 0.133718
0.450275 0.199846 9.9991E-05 0.327087 0.022692
0.218601 0.106915 0.184298 0.431157 0.0590289
0.222347 0.195979 0.0106748 0.5709 9.9991E-05
0.285926 0.16353 0.00208225 0.404273 0.144188
0.39667 0.0653381 0.152998 0.364092 0.0209023
0.695521 0.0646258 0.0056233 0.0349594 0.19927
0.325461 0.195775 0.00701633 0.331951 0.139797
0.195984 0.0697808 0.064888 0.473595 0.195752
0.245157 9.9991E-05 0.0597702 0.694789 0.000184323
0.399926 0.0694996 9.9991E-05 0.355845 0.17463
0.0170725 0.0991808 0.148008 0.706975 0.0287639
0.302517 0.196759 0.0357282 0.445808 0.0191882
0.543115 0.150663 9.9991E-05 0.216986 0.0891369
0.516966 0.189023 0.00800149 0.220753 0.0652561
0.443308 0.0606355 9.9991E-05 0.299201 0.196755
9.9982E-05 0.101331 0.853918 0.0445506 9.9982E-05
9.9982E-05 0.0586346 0.826842 0.114323 9.9982E-05
9.9982E-05 0.0203965 0.808193 0.17121 9.9982E-05
9.9982E-05 0.0830218 0.773806 0.142973 9.9982E-05
0.0947102 9.9982E-05 9.9982E-05 0.739565 0.165525
0.0829355 0.0701342 0.117547 0.59787 0.131514
9.9982E-05 9.9982E-05 0.00487572 0.731175 0.26375
0.625546 0.0506773 0.0917051 0.181956 0.0501155
9.9991E-05 0.0380412 0.0145006 0.46233 0.485028
0.135745 0.0796702 0.0648546 0.551401 0.168329
9.9991E-05 0.112547 0.0120873 0.801405 0.0738611
0.0547884 0.0172453 0.165245 0.640672 0.122049
0.112455 9.9991E-05 0.137369 0.681724 0.0683523
0.255029 9.9982E-05 9.9982E-05 0.30566 0.439111
0.00691876 0.0845883 0.0598511 0.640447 0.208194
0.0230038 0.0565625 0.0758081 0.648268 0.196358
9.9991E-05 0.022814 0.127596 0.715841 0.133649
0.0238997 9.9982E-05 9.9982E-05 0.572016 0.403885
0.0432366 0.0503234 0.0495897 0.716326 0.140525
0.145561 9.9991E-05 0.182731 0.617814 0.0537942
0.0478578 9.9991E-05 0.0806808 0.0282281 0.843133
0.534558 9.9982E-05 9.9982E-05 0.263584 0.201658
0.305046 0.0566366 0.0340212 0.0636317 0.540664
0.125266 0.0686534 0.132334 0.630802 0.0429447
0.112168 0.207338 0.0395641 0.513123 0.127807
0.0725483 0.0837038 0.0825738 0.648897 0.112277
0.406107 9.9991E-05 0.117429 0.250093 0.22627
0.202674 0.0472843 0.0168934 0.585225 0.147923
0.183589 0.0966728 0.107375 0.569205 0.0431585
0.167688 0.025209 0.101918 0.462901 0.242284
0.392293 0.118546 0.174041 0.0508642 0.264256
0.0352548 0.1226 0.0825107 0.523639 0.235995
0.308408 0.0679109 0.078474 0.418487 0.126721
0.570336 9.9991E-05 0.0247643 0.0707716 0.334028
0.306468 0.0172709 0.0035945 0.572876 0.0997905
0.0564953 0.133731 0.0114974 0.66019 0.138086
0.160708 0.120637 0.0510523 0.572039 0.0955639
0.361906 0.131902 0.0258922 0.26914 0.21116
0.191228 0.138151 9.9991E-05 0.459025 0.211496
0.147 0.115501 0.0636905 0.645084 0.0287246
0.435784 9.9991E-05 0.0518253 0.283096 0.229195
0.0632195 9.9982E-05 9.9982E-05 0.752418 0.184163
0.170858 9.9982E-05 9.9982E-05 0.38098 0.447962
0.107833 0.0747386 0.0798626 0.622803 0.114763
0.0471317 9.9982E-05 9.9982E-05 0.154467 0.798201
0.121469 9.9982E-05 9.9982E-05 0.182657 0.695674
9.9973E-05 9.9973E-05 9.9973E-05 0.500378 0.499322
0.0992211 9.9991E-05 0.0239996 0.615632 0.261048
0.0888487 9.9991E-05 0.159092 0.63226 0.119699
0.11252 9.9991E-05 0.0628164 0.592444 0.23212
0.331138 9.9991E-05 0.0344186 0.386907 0.247436
0.372647 9.9991E-05 0.014917 0.369664 0.242672
9.9991E-05 0.101377 0.109289 0.600008 0.189226
0.138212 9.9991E-05 0.0449193 0.55673 0.260039
0.129226 9.9991E-05 0.0512981 0.622005 0.197371
9.9973E-05 9.9973E-05 9.9973E-05 0.596746 0.402954
0.0110138 9.9982E-05 9.9982E-05 0.149848 0.838938
0.0710588 0.0238855 0.0683754 0.737871 0.0988087
0.0733239 0.0157695 0.806316 0.10449 9.9991E-05
9.9973E-05 9.9973E-05 0.934686 0.0650145 9.9973E-05
0.0187747 0.053881 0.867196 0.0600483 9.9991E-05
9.9991E-05 0.0336713 0.91183 0.0391018 0.0152973
9.9991E-05 0.01055 0.912567 0.0723789 0.00440423
9.9991E-05 0.0231072 0.927435 0.0410591 0.00829896
9.9982E-05 0.0516418 0.916049 0.0321091 9.9982E-05
0.00458058 0.0256445 0.155315 0.625112 0.189348
0.0837589 0.186719 0.0868408 0.558034 0.0846472
0.151481 9.9982E-05 9.9982E-05 0.248669 0.59965
0.0839029 0.109989 0.102988 0.602928 0.100193
0.206296 9.9991E-05 0.0709426 0.560453 0.162209
9.9991E-05 0.0374011 0.117981 0.653771 0.190747
9.9982E-05 9.9982E-05 0.0515367 0.705129 0.243135
0.0240302 0.0691756 9.9991E-05 0.60596 0.300735
0.350299 9.9982E-05 9.9982E-05 0.110118 0.539383
0.199977 0.058982 0.12236 0.571176 0.0475051
0.0553928 0.0447707 0.0958137 0.739137 0.064886
0.0980138 0.173704 0.0572742 0.482376 0.188632
9.9982E-05 9.9982E-05 0.0576749 0.427946 0.514179
9.9991E-05 0.010691 0.0108425 0.67306 0.305307
0.0965988 0.0416538 9.9991E-05 0.515429 0.346219
9.9982E-05 0.0728008 9.9982E-05 0.438007 0.488993
0.0777494 9.9991E-05 0.0962741 0.557147 0.268729
0.097525 0.0265711 0.181617 0.567653 0.126635
0.437854 0.0536942 0.0139149 0.241213 0.253324
0.337889 0.107 0.119304 0.407572 0.0282357
0.220305 9.9991E-05 0.13995 0.629836 0.00980877
0.119204 0.0813836 0.0752068 0.663613 0.0605926
0.410976 0.00603232 0.0703004 0.512591 9.9991E-05
0.334819 0.0881054 9.9982E-05 0.576876 9.9982E-05
0.429148 0.0539674 0.00804546 0.50874 9.9991E-05
0.29819 0.00880718 0.0720624 0.541645 0.0792959
0.194021 0.0702076 0.135828 0.596406 0.0035366
0.202852 0.0142397 0.0140659 0.671752 0.0970904
0.371813 0.0076239 9.9982E-05 0.620363 9.9982E-05
0.103685 0.153324 9.9991E-05 0.65966 0.0832303
0.0612559 0.0468373 0.137698 0.595675 0.158534
0.255445 0.0396605 9.9991E-05 0.669172 0.0356226
0.137105 0.18719 0.0516302 0.514869 0.109206
0.221853 0.0922867 9.9991E-05 0.583496 0.102264
0.366048 0.0866777 0.0708632 0.334675 0.141736
0.193053 0.165306 0.0353197 0.606221 9.9991E-05
0.115802 0.0205119 0.0681501 0.758894 0.0366422
0.50576 0.109726 9.9991E-05 0.269739 0.114675
0.285291 0.0569597 0.0301008 0.228136 0.399513
0.216096 0.133651 0.0329011 0.617251 9.9991E-05
0.344357 0.0875306 9.9991E-05 0.0645256 0.503487
0.466626 0.0335731 0.0433917 0.314267 0.142142
0.3775 9.9991E-05 0.0216169 0.530256 0.0705269
0.523639 9.9991E-05 0.00172588 0.444115 0.0304194
0.514172 9.9982E-05 9.9982E-05 0.366595 0.119032
0.131016 0.0278211 0.159629 0.681433 9.9991E-05
0.100773 0.0187995 0.174467 0.583566 0.122394
0.260938 0.0669889 0.064628 0.599565 0.00788092
0.387644 0.101157 0.00307636 0.113994 0.394128
0.0840743 0.185101 0.167011 0.448551 0.115263
0.124408 0.0325159 0.101535 0.534686 0.206854
0.137128 9.9991E-05 0.185298 0.0439249 0.633549
0.0476077 0.102985 0.0430916 0.661153 0.145163
0.0377555 0.0559454 0.0958456 0.418035 0.392418
0.0598777 0.10299 0.14404 0.489462 0.203631
0.124911 0.0263066 0.156294 0.299889 0.392599
0.147912 9.9991E-05 0.122131 0.250707 0.47915
0.108909 9.9991E-05 0.0645774 0.508721 0.317692
0.104618 0.136826 0.126595 0.441082 0.190879
0.124729 0.0482637 0.138953 0.520466 0.167589
0.14758 0.189894 0.0478518 9.9991E-05 0.614574
9.9991E-05 0.0468543 0.140289 0.557228 0.255528
0.116546 9.9982E-05 9.9982E-05 0.482253 0.401001
0.0986825 0.0490857 9.9991E-05 0.496837 0.355295
0.0312506 0.0995611 0.101447 0.619359 0.148382
0.017328 0.303206 0.346633 0.135341 0.197492
9.9982E-05 0.1481 0.620524 9.9982E-05 0.231177
9.9982E-05 0.143831 0.537086 9.9982E-05 0.318883
0.0465088 0.359778 0.476531 0.0564227 0.0607593
9.9982E-05 0.0343553 9.9982E-05 0.712235 0.25321
0.0558379 0.164211 0.0264321 0.496464 0.257055
9.9973E-05 0.710222 9.9973E-05 0.289478 9.9973E-05
0.201617 0.570381 9.9982E-05 0.227803 9.9982E-05
0.0728185 0.481915 0.0775232 0.305187 0.0625562
9.9991E-05 0.0497989 0.0319535 0.336414 0.581734
0.0451478 0.0946086 0.0838863 0.538977 0.23738
9.9991E-05 0.0630374 0.0325545 0.248463 0.655845
0.0363316 0.0303725 0.00804703 0.712602 0.212647
0.0588593 0.0369871 0.0204969 0.49669 0.386966
0.0540066 0.11669 0.0618143 0.510375 0.257114
0.0154474 0.0665265 9.9991E-05 0.228171 0.689755
0.0567986 0.106894 0.00829165 0.697589 0.130426
9.9991E-05 0.110477 0.10562 0.563088 0.220715
9.9973E-05 0.976809 9.9973E-05 0.0228913 9.9973E-05
0.0152702 0.892964 9.9991E-05 0.0758962 0.01577
0.0575423 0.620384 0.0879823 0.233059 0.00103235
0.0247175 0.75165 9.9982E-05 0.223433 9.9982E-05
9.9982E-05 0.816502 9.9982E-05 0.173475 0.00982325
9.997E-05 0.9996 9.997E-05 9.997E-05 9.997E-05
0.0318404 0.96786 9.9973E-05 9.9973E-05 9.9973E-05
9.9973E-05 0.836326 9.9973E-05 0.163374 9.9973E-05
0.0110098 0.98869 9.9973E-05 9.9973E-05 9.9973E-05
9.997E-05 0.9996 9.997E-05 9.997E-05 9.997E-05
9.997E-05 0.9996 9.997E-05 9.997E-05 9.997E-05
0.0717756 0.824468 9.9982E-05 0.103556 9.9982E-05
0.0631003 0.850117 0.018116 0.0685664 9.9991E-05
0.00454993 0.99515 9.9973E-05 9.9973E-05 9.9973E-05
0.0526008 0.326009 0.116394 0.490756 0.0142398
0.112201 0.722762 0.0121948 0.152743 9.9991E-05
9.9982E-05 0.781603 0.0367521 0.181445 9.9982E-05
0.0280722 0.914857 0.0139988 0.042972 9.9991E-05
9.9973E-05 0.990217 0.0094831 9.9973E-05 9.9973E-05
0.0124599 0.889059 0.027275 0.0376081 0.0335977
9.997E-05 0.9996 9.997E-05 9.997E-05 9.997E-05
0.0326497 0.663399 0.058474 0.210623 0.0348546
9.9991E-05 0.928491 0.00860534 0.00752383 0.0552794
9.9982E-05 0.0499598 0.39035 9.9982E-05 0.55949
0.138954 0.122128 0.13936 0.441627 0.15793
0.0181078 0.126018 0.300879 0.315876 0.239119
9.9991E-05 0.200206 0.248256 0.105081 0.446358
0.0918335 0.165418 0.2082 0.444771 0.0897769
9.9991E-05 0.122728 0.314039 0.184765 0.378368
0.130114 0.103267 0.17763 0.469146 0.119843
0.0204381 0.237429 0.178077 0.327551 0.236504
0.0925277 0.138248 0.173579 0.459474 0.136171
9.9991E-05 0.217664 0.210055 0.354592 0.217589
9.9991E-05 0.129235 0.174056 0.425264 0.271346
0.0664134 9.9991E-05 0.869963 0.0433118 0.0202116
0.00546098 0.0756065 0.886298 9.9991E-05 0.0325345
9.997E-05 9.997E-05 0.9996 9.997E-05 9.997E-05
0.0114834 9.9982E-05 0.967035 0.0212819 9.9982E-05
0.0577942 0.0209425 0.895374 0.025789 9.9991E-05
9.9982E-05 0.0888102 0.894911 9.9982E-05 0.0160785
0.0184945 0.0650361 0.875275 0.0410944 9.9991E-05
0.0464384 0.00152866 0.897801 0.0188619 0.0353705
9.9982E-05 9.9982E-05 0.926798 0.0533962 0.0196056
0.0128555 0.0927181 0.855916 0.0384103 9.9991E-05
0.310927 9.9982E-05 0.610272 9.9982E-05 0.0786012
0.379214 9.9982E-05 0.572125 9.9982E-05 0.0484611
0.335552 9.9982E-05 0.541756 9.9982E-05 0.122493
0.401455 9.9982E-05 0.509518 9.9982E-05 0.0888269
0.162097 0.0812789 0.0723998 0.532908 0.151317
0.0937632 0.0504845 0.0418472 0.615117 0.198788
0.204314 0.114746 0.00228503 0.547687 0.130968
0.296065 9.9991E-05 0.0521785 0.509947 0.14171
0.677398 9.9982E-05 9.9982E-05 0.269043 0.0533591
0.0621431 0.109816 0.0401383 0.654823 0.13308
0.119026 0.00958995 9.9991E-05 0.707666 0.163619
0.153801 9.9982E-05 9.9982E-05 0.613577 0.232423
9.9973E-05 9.9973E-05 9.9973E-05 0.559256 0.440445
0.115289 9.9991E-05 0.0405388 0.76702 0.0770524
0.148485 9.9991E-05 0.00773224 0.648498 0.195184
0.119781 9.9982E-05 9.9982E-05 0.0348019 0.845217
0.187661 9.9991E-05 0.0724978 0.648023 0.0917184
9.9982E-05 9.9982E-05 0.014206 0.389096 0.596498
9.9982E-05 9.9982E-05 0.0170856 0.673846 0.308868
0.243163 9.9991E-05 0.00235733 0.24288 0.5115
0.803018 9.9982E-05 0.116891 9.9982E-05 0.0798913
0.820758 0.0094079 0.110756 0.0589781 9.9991E-05
0.918038 9.9982E-05 0.0346969 9.9982E-05 0.0470652
0.879363 9.9982E-05 0.0896216 9.9982E-05 0.0308158
0.867923 0.0504957 9.9982E-05 9.9982E-05 0.081381
0.806042 0.0505664 0.0709616 0.0707088 0.00172079
9.9973E-05 9.9973E-05 0.891591 0.108109 9.9973E-05
0.0155233 0.0548179 0.837537 0.092022 9.9991E-05
9.9982E-05 0.068473 0.796587 0.13474 9.9982E-05
0.127516 0.124106 0.744063 0.00421521 9.9991E-05
0.0164681 0.0490212 0.801518 0.132892 9.9991E-05
0.56982 9.9982E-05 0.4106 9.9982E-05 0.0193798
0.431536 9.9982E-05 0.494699 9.9982E-05 0.0735651
0.506279 9.9982E-05 0.421719 9.9982E-05 0.0718017
0.0160972 0.0397494 0.827797 0.116256 9.9991E-05
0.50565 9.9982E-05 0.368783 9.9982E-05 0.125367
9.9991E-05 0.320518 0.230852 0.316069 0.13246
0.0296464 0.314012 0.0808367 0.538009 0.0374957
9.9982E-05 0.327274 0.17351 0.499016 9.9982E-05
0.0858045 0.26197 0.264004 0.354898 0.0333243
0.16809 0.189713 0.128155 0.505485 0.00855651
9.9982E-05 0.306068 0.48638 9.9982E-05 0.207352
0.323779 0.0224074 0.0166719 0.549655 0.0874867
0.143097 0.0590574 0.0189342 0.454656 0.324255
0.573259 9.9991E-05 0.0693301 0.35515 0.00216072
0.156311 0.10809 9.9991E-05 0.413343 0.322156
0.207821 9.9973E-05 9.9973E-05 9.9973E-05 0.791879
0.15017 0.123833 0.136863 0.560072 0.0290616
0.194844 0.0185388 0.02956 0.513388 0.243669
0.514386 9.9991E-05 0.0245399 0.364588 0.0963863
0.268011 0.0201564 0.116617 0.592201 0.00301457
0.272283 9.9991E-05 0.0289737 0.187218 0.511426
0.260972 0.0692966 0.0482553 0.446644 0.174832
0.28605 0.0171598 9.9991E-05 0.576614 0.120076
0.130088 0.22701 0.10734 0.302386 0.233177
0.315203 0.0619308 9.9991E-05 0.354384 0.268383
0.320921 0.0453034 0.033711 0.486125 0.113939
0.166081 0.157985 9.9991E-05 0.440277 0.235557
0.2846 9.9991E-05 0.000642006 0.621832 0.0928251
0.0453077 0.189566 0.0143328 0.595729 0.155065
0.141151 0.0728579 0.12996 0.54679 0.109241
0.164984 0.137686 0.107742 0.524043 0.0655452
9.9982E-05 0.104288 0.799628 0.0958848 9.9982E-05
9.9991E-05 0.0437342 0.861286 0.0465605 0.048319
0.0952122 9.9991E-05 0.818181 0.074727 0.0117799
0.0708273 0.0511327 0.84553 0.0163441 0.0161663
9.9982E-05 0.0037178 0.848115 0.147967 9.9982E-05
0.611894 0.0644382 9.9991E-05 0.206389 0.117179
0.102732 0.0894525 0.0813013 0.633012 0.0935021
0.0213114 0.180587 0.252845 0.434262 0.110995
0.15386 0.136431 0.0514528 0.614733 0.0435231
0.310422 0.00992274 0.076297 0.587582 0.0157759
0.354028 0.108644 0.0302376 0.239534 0.267556
0.617611 9.9991E-05 0.123806 0.0186815 0.239802
0.37335 0.110236 9.9991E-05 0.490988 0.0253263
0.599332 0.0749073 0.0696906 0.179117 0.0769535
0.145151 0.0941938 0.0831312 0.454064 0.22346
0.59617 0.0898144 0.0952095 0.0489383 0.169868
0.212377 0.115762 0.0883362 0.515597 0.0679271
0.565461 9.9991E-05 0.0814852 0.2587 0.0942538
0.323904 0.132942 0.024229 0.353511 0.165414
0.164158 0.096333 0.0883735 0.513967 0.137168
0.146468 0.0185426 0.0409764 0.300917 0.493096
0.119241 9.9991E-05 0.12097 0.642168 0.117522
9.9991E-05 0.00514592 0.168837 0.594352 0.231565
0.0496505 9.9991E-05 0.0600483 0.408847 0.481354
0.0472202 0.0708957 0.139232 0.557775 0.184877
9.9991E-05 0.0605391 0.0320669 0.585934 0.32136
0.134784 9.9982E-05 9.9982E-05 0.147367 0.717649
9.9982E-05 9.9982E-05 0.0297882 0.325021 0.644991
0.0848248 0.00798693 0.02809 0.552499 0.326599
0.132367 9.9991E-05 0.0225928 0.206701 0.638239
0.129014 9.9991E-05 0.0370793 0.534543 0.299264
0.652502 0.0178275 0.0332433 0.210681 0.0857463
0.357627 0.072704 9.9991E-05 0.260777 0.308791
0.4797 0.0842455 9.9991E-05 0.37614 0.0598153
0.218695 0.157637 0.019826 0.603742 9.9991E-05
0.511284 0.0321187 9.9991E-05 0.302564 0.153932
0.290132 0.127917 0.0532679 0.46022 0.0684635
0.313244 0.128058 9.9991E-05 0.480672 0.0779259
0.305162 0.0228542 9.9991E-05 0.586746 0.0851372
0.387789 0.12032 0.000783607 0.430518 0.0605894
0.351112 0.0300667 0.0476748 0.454857 0.11629
0.598263 0.134859 9.9991E-05 0.249386 0.0173923
0.420638 0.115719 0.021724 0.323195 0.118723
0.269288 0.0713666 9.9982E-05 0.659145 9.9982E-05
0.230969 0.13664 9.9991E-05 0.528073 0.104218
0.207212 9.9991E-05 0.0612497 0.504992 0.226446
0.236782 0.135603 9.9991E-05 0.50482 0.122696
0.438483 0.025936 0.105739 0.429742 9.9991E-05
0.189288 0.110621 0.0480239 0.651967 9.9991E-05
0.2858 0.0756104 0.0481343 0.562193 0.0282617
0.257554 0.113129 0.0801642 0.54341 0.00574311
0.035488 0.161233 0.378638 0.357921 0.0667197
9.9991E-05 0.282937 0.157001 0.390694 0.169268
0.0803753 0.281278 0.172719 0.426226 0.0394017
0.07189 0.177862 0.0782211 0.648563 0.023464
9.9991E-05 0.260487 0.222198 0.493323 0.0238926
0.285605 0.0336491 9.9991E-05 0.505032 0.175613
0.0575019 0.182724 0.224999 0.524597 0.0101786
9.9991E-05 0.170351 0.299101 0.0485765 0.481871
0.161387 0.268898 0.0729747 0.49664 9.9991E-05
0.0999484 0.253875 0.0671923 0.523688 0.0552965
0.000713203 0.365161 0.0304223 0.480234 0.123469
0.0667273 0.190363 0.197204 0.326537 0.219169
9.9991E-05 0.178159 0.213332 0.540073 0.068336
0.0219534 0.165803 0.194926 0.601941 0.0153763
9.9982E-05 0.192371 0.53793 9.9982E-05 0.269499
0.093372 0.260267 0.135119 0.511141 9.9991E-05
0.102991 0.321017 0.0975748 0.478317 9.9991E-05
0.018892 0.211284 0.120503 0.58985 0.0594701
0.0371677 0.217597 0.222463 0.472721 0.0500516
0.0739022 0.136408 0.202523 0.518201 0.0689662
0.0673923 0.125513 9.9991E-05 0.526209 0.280786
0.130067 9.9991E-05 0.135047 0.546913 0.187873
0.0689566 0.0066983 9.9991E-05 0.152265 0.77198
0.0361769 9.9982E-05 9.9982E-05 0.0983083 0.865315
0.0531175 0.102192 0.061122 0.484412 0.299157
9.9991E-05 0.314112 0.141215 0.452357 0.0922166
9.9991E-05 0.402674 0.143506 0.308291 0.145429
0.0160281 0.344401 0.211366 0.121803 0.306402
9.9991E-05 0.288984 0.250214 0.310888 0.149814
9.9991E-05 0.139615 0.120684 0.0463481 0.693253
9.9991E-05 0.1391 0.115102 0.177698 0.568
0.0426102 0.188801 9.9991E-05 0.589468 0.17902
9.9991E-05 0.172613 0.0336828 0.518848 0.274756
9.9991E-05 0.152827 0.0246458 0.249802 0.572626
0.0605659 0.090917 0.105067 0.589908 0.153542
0.0711461 0.148846 0.0580161 0.535615 0.186377
0.0948696 0.192516 0.0843804 0.472376 0.155858
9.9982E-05 9.9982E-05 0.0228565 0.461695 0.515248
0.0689724 0.0836676 9.9991E-05 0.378841 0.468419
0.0635108 0.0200231 0.0708992 0.567962 0.277605
0.0541637 0.0729095 0.0584605 0.422221 0.392246
0.0724429 0.137723 0.137762 0.41372 0.238353
0.0117939 0.00820968 0.00544847 0.48488 0.489668
0.142748 9.9982E-05 9.9982E-05 0.311762 0.545291
9.9991E-05 0.0567869 0.0610276 0.591911 0.290175
0.0860722 0.0207886 9.9991E-05 0.291383 0.601656
0.010915 0.0174835 0.0183844 0.541101 0.412116
0.0362049 0.0215664 0.139849 0.623863 0.178517
0.0857231 0.0205573 0.00849368 0.568226 0.317
9.9991E-05 0.222976 0.185836 0.487059 0.104029
0.173605 0.18283 0.154837 0.437456 0.0512724
0.126224 0.313493 0.120496 0.330656 0.109131
0.156016 0.283433 0.178205 0.306178 0.0761676
0.063599 0.14769 0.189322 0.55149 0.047899
0.0804676 0.320486 0.091352 0.303705 0.20399
0.0645982 0.194114 0.198984 9.9991E-05 0.542203
9.9991E-05 0.295549 0.163257 0.503433 0.0376609
9.9982E-05 0.160642 0.403113 9.9982E-05 0.436044
9.9991E-05 0.253708 0.040042 0.535902 0.170249
9.9973E-05 9.9973E-05 9.9973E-05 0.167903 0.831797
0.0847229 0.0117632 0.00120173 0.017195 0.885117
9.9982E-05 0.0155169 9.9982E-05 0.586817 0.397467
9.9982E-05 9.9982E-05 0.0655427 0.771157 0.1631
0.0397446 0.0111489 9.9991E-05 0.475096 0.47391
9.9982E-05 9.9982E-05 0.06823 0.620182 0.311388
9.9982E-05 0.0628337 9.9982E-05 0.569607 0.367359
0.0171164 0.0714409 0.782591 0.0922242 0.036627
0.130625 0.0989191 0.770256 9.9982E-05 9.9982E-05
0.00276322 0.0594034 0.937633 9.9982E-05 9.9982E-05
9.9973E-05 9.9973E-05 0.959573 0.0401271 9.9973E-05
9.9991E-05 0.0249684 0.0461543 0.581785 0.346992
0.0955295 0.0182639 0.0621884 0.603128 0.22089
0.126314 9.9982E-05 9.9982E-05 0.649115 0.224371
0.0329558 0.00635575 0.129698 0.7213 0.109691
0.0909782 0.0864615 0.10375 0.608812 0.109998
0.166402 0.00223676 0.0276893 0.352554 0.451118
0.0637407 0.063827 0.00112131 0.736824 0.134487
9.9982E-05 9.9982E-05 0.0266049 0.448426 0.524769
0.0942406 0.184016 0.277786 0.443857 9.9991E-05
0.149095 0.0671853 9.9991E-05 0.507701 0.275919
0.144281 9.9982E-05 9.9982E-05 0.526693 0.328826
0.0435244 9.9982E-05 9.9982E-05 0.729386 0.22689
0.0974247 9.9982E-05 9.9982E-05 0.547392 0.354983
0.00108392 0.019427 0.00699125 0.73279 0.239708
0.0457476 9.9991E-05 0.1365 0.666008 0.151644
9.9973E-05 9.9973E-05 9.9973E-05 0.257781 0.741919
0.0817129 9.9982E-05 9.9982E-05 0.361541 0.556546
0.0348245 9.9991E-05 0.0231516 0.452889 0.489035
9.9973E-05 9.9973E-05 9.9973E-05 0.0352069 0.964493
0.205377 0.00291524 0.0282722 0.565503 0.197932
0.0401478 9.9982E-05 9.9982E-05 0.257257 0.702396
9.9973E-05 9.9973E-05 9.9973E-05 0.0466674 0.953033
0.0338467 9.9991E-05 0.0984512 0.673671 0.193931
0.125075 9.9991E-05 0.0379463 0.354718 0.482161
0.170666 0.0493072 9.9991E-05 0.545118 0.234809
9.9991E-05 0.114136 0.0771335 0.632934 0.175697
0.135291 0.0598322 0.021056 0.631275 0.152546
0.197786 0.0973636 9.9991E-05 0.367633 0.337117
0.0161477 0.0258595 0.0360371 0.647317 0.274639
0.156254 0.0379566 0.0272397 0.541162 0.237388
9.9973E-05 9.9973E-05 9.9973E-05 0.531213 0.468487
0.106953 0.0635114 0.0485163 0.568637 0.212383
0.304942 0.0287027 0.6276 0.00119199 0.0375643
0.120164 9.9991E-05 0.794203 0.023341 0.0621922
0.144063 9.9982E-05 0.819324 9.9982E-05 0.0364135
0.221397 9.9973E-05 0.778303 9.9973E-05 9.9973E-05
0.279489 9.9982E-05 0.719086 0.00122499 9.9982E-05
0.327607 9.9991E-05 0.00657354 0.282158 0.383562
0.208096 9.9991E-05 0.0165551 0.272942 0.502307
9.9973E-05 9.9973E-05 9.9973E-05 0.391928 0.607772
9.9991E-05 0.133498 0.126438 0.580969 0.158996
0.0630708 0.0305583 0.17482 0.624718 0.106833
9.9982E-05 9.9982E-05 0.0122204 0.473925 0.513654
9.9991E-05 0.0806407 0.0239674 0.734393 0.160899
9.9991E-05 0.0727956 0.0703047 0.492196 0.364603
0.0733628 9.9991E-05 0.0554338 0.712055 0.159048
0.131764 0.143965 0.0316511 0.592073 0.100546
0.18366 9.9982E-05 9.9982E-05 0.407156 0.408984
0.199965 9.9982E-05 9.9982E-05 0.510415 0.289419
0.197179 9.9982E-05 9.9982E-05 0.531166 0.271455
0.0357252 9.9991E-05 0.151652 0.686423 0.1261
0.150265 9.9991E-05 0.0209805 0.562994 0.265661
0.134863 0.00529605 0.0308362 0.627508 0.201497
0.0183237 0.461748 0.0298356 0.414195 0.075898
9.9991E-05 0.48159 0.0892406 0.385706 0.0433633
9.9982E-05 0.400917 0.164991 0.433892 9.9982E-05
9.9991E-05 0.468825 0.174482 0.341121 0.015472
9.9991E-05 0.220509 0.177931 0.573136 0.0283241
0.00537665 0.0227622 0.0320235 0.620254 0.319584
0.0516094 0.643826 0.304365 9.9982E-05 9.9982E-05
9.9982E-05 0.481168 0.183007 0.335624 9.9982E-05
0.0270931 0.181365 0.129907 0.437321 0.224314
0.0863734 9.9991E-05 0.163929 0.64148 0.108118
0.12808 0.105971 0.121203 0.410882 0.233863
0.0327672 0.0376757 0.194706 0.611219 0.123632
0.0660442 0.0186776 0.183415 0.659803 0.0720599
9.9982E-05 0.448332 0.223578 0.32789 9.9982E-05
0.0990316 0.399526 0.110097 0.391246 9.9991E-05
9.9973E-05 0.585695 9.9973E-05 0.414005 9.9973E-05
0.131687 0.324998 0.116922 0.420383 0.0060096
9.9991E-05 0.514439 0.155298 0.309012 0.0211514
0.0449014 0.315435 0.159101 0.392841 0.0877223
9.9991E-05 0.603555 0.122404 0.246449 0.0274915
0.0650592 0.373746 0.118566 0.434925 0.00770382
0.0148479 0.0877277 0.128005 0.545343 0.224076
0.00390878 0.436783 0.165426 0.379799 0.0140832
9.9982E-05 0.672993 0.143633 0.183174 9.9982E-05
0.00499105 0.355976 0.149135 0.378621 0.111277
0.33229 9.9991E-05 0.165399 0.247116 0.255095
0.0552915 0.175967 0.0255794 0.588809 0.154353
0.0559006 0.354404 0.200547 0.361701 0.0274477
0.0534393 0.066717 0.131446 0.654834 0.0935637
0.0663897 9.9991E-05 0.177773 0.597067 0.15867
0.0202479 0.283312 0.189567 0.322383 0.18449
0.0234958 0.383971 0.241186 0.210589 0.140758
0.0744521 0.202843 0.0723459 0.515435 0.134924
9.9991E-05 0.381666 0.134278 0.377764 0.106191
9.9991E-05 0.518241 0.0698357 0.391645 0.0201787
9.9991E-05 0.655593 0.20971 0.128474 0.00612287
0.00163894 0.0502394 0.123974 0.63617 0.187978
0.108088 9.9991E-05 0.14643 0.556893 0.188489
9.9991E-05 0.0728573 0.144284 0.156386 0.626373
0.0330138 0.126016 0.11678 0.565152 0.159038
0.2701 0.0468631 0.145579 0.442067 0.0953909
9.9991E-05 0.191947 0.218144 0.478117 0.111692
0.125164 0.146001 0.0830312 0.431789 0.214014
9.9982E-05 0.221849 0.36602 9.9982E-05 0.411931
9.9982E-05 0.132362 0.382249 9.9982E-05 0.485189
0.110727 0.167893 0.142345 0.240207 0.338828
9.9982E-05 0.205863 0.370044 9.9982E-05 0.423893
9.9982E-05 0.180388 0.531803 9.9982E-05 0.287609
0.0456257 0.225186 0.148045 0.314498 0.266645
0.00844199 0.200101 0.269673 0.371794 0.149989
9.9991E-05 0.248393 0.302708 0.117855 0.330945
9.9991E-05 0.149498 0.402268 0.0599528 0.388181
0.0172292 0.200216 0.171695 0.452654 0.158206
9.9991E-05 0.146678 0.277283 0.151302 0.424637
9.9982E-05 0.0882395 0.523281 9.9982E-05 0.388279
0.172127 0.244741 0.0957017 0.439329 0.0481012
9.9991E-05 0.320908 0.187416 0.211652 0.279925
0.0370807 0.169631 0.347458 0.44573 9.9991E-05
9.9982E-05 0.307901 0.12964 0.562259 9.9982E-05
9.9991E-05 0.201753 0.19797 0.529333 0.0708443
0.0165073 0.22772 0.179265 0.446319 0.130188
0.0343178 0.199107 0.41618 0.350295 9.9991E-05
0.0271294 0.174851 0.297881 0.500038 9.9991E-05
9.9982E-05 0.284914 0.25717 0.457717 9.9982E-05
0.0377652 0.323778 0.270029 0.255307 0.11312
0.155597 0.0987512 0.183072 0.406044 0.156535
0.103045 0.179333 0.150439 0.530491 0.0366926
0.114855 0.185467 0.132825 0.47383 0.0930231
0.0152309 0.105175 0.159094 0.643735 0.0767653
0.0383348 0.253695 0.332891 0.37498 9.9991E-05
0.022592 0.225311 0.175577 0.57642 9.9991E-05
9.9991E-05 0.221691 0.444049 0.156223 0.177938
0.0908727 0.293927 0.139116 0.475984 9.9991E-05
9.9991E-05 0.302638 0.279697 0.21864 0.198926
0.15661 9.9982E-05 0.790735 9.9982E-05 0.0524553
0.797934 9.9991E-05 0.106781 0.0835658 0.0116185
0.9996 9.997E-05 9.997E-05 9.997E-05 9.997E-05
0.997808 9.9973E-05 0.00189191 9.9973E-05 9.9973E-05
0.993745 0.00595548 9.9973E-05 9.9973E-05 9.9973E-05
0.927627 0.0720736 9.9973E-05 9.9973E-05 9.9973E-05
0.936522 9.9973E-05 9.9973E-05 0.0631776 9.9973E-05
0.967937 9.9973E-05 0.0317629 9.9973E-05 9.9973E-05
0.752655 9.9982E-05 0.237545 0.00960014 9.9982E-05
9.9982E-05 0.00906529 0.91255 0.0781848 9.9982E-05
0.103748 0.0273201 0.825127 0.0437043 9.9991E-05
9.9982E-05 9.9982E-05 0.918761 0.0533452 0.0276942
0.0782905 9.9991E-05 0.855553 0.0639381 0.0021186
0.0691064 0.0579715 0.872722 9.9982E-05 9.9982E-05
0.0755317 0.0139858 0.907185 9.9991E-05 0.00319772
0.0536738 0.128253 0.781796 0.0361776 9.9991E-05
9.9991E-05 0.075805 0.870884 0.0387315 0.0144791
0.192391 0.0828047 0.701423 0.0232812 9.9991E-05
9.9973E-05 0.0629322 0.936768 9.9973E-05 9.9973E-05
0.0341002 9.9973E-05 0.9656 9.9973E-05 9.9973E-05
0.0560379 0.043816 0.848569 0.0211071 0.0304697
0.0174781 0.00564956 0.963478 0.0132947 9.9991E-05
9.9982E-05 0.00823211 0.905196 0.0863718 9.9982E-05
0.0143388 0.0200792 0.879146 0.0863355 9.9991E-05
9.9982E-05 0.0451585 0.850466 0.104175 9.9982E-05
9.9982E-05 0.163065 0.788304 0.0484312 9.9982E-05
9.9982E-05 0.0865028 0.785822 0.127475 9.9982E-05
9.9982E-05 0.0860105 0.814283 0.0995066 9.9982E-05
0.0806664 0.0393474 0.193291 0.438133 0.248562
0.0128785 9.9991E-05 0.0639939 0.783245 0.139783
0.0986842 0.131976 0.108286 0.530826 0.130228
0.00511442 0.0360273 0.120436 0.123219 0.715203
0.130569 0.0257035 0.162687 0.565887 0.115154
9.9991E-05 0.0857973 0.233992 0.0486156 0.631495
9.9991E-05 0.0166735 0.189521 0.65077 0.142936
0.102541 9.9991E-05 0.118563 0.525638 0.253159
0.0173896 9.9991E-05 0.190051 0.635096 0.157364
0.072292 0.0526455 0.0691457 0.571955 0.233962
0.195617 9.9991E-05 0.0940614 0.481038 0.229183
9.9991E-05 0.0072152 0.152605 0.679753 0.160327
0.154572 0.0147655 0.117746 0.57626 0.136656
0.432076 0.0828731 9.9991E-05 0.0474536 0.437497
0.0701669 9.9982E-05 0.0976035 9.9982E-05 0.83203
0.0260651 0.0260183 0.131177 0.178065 0.638675
0.180485 0.0986202 0.0773885 0.595353 0.0481535
0.0682668 0.0246204 0.125451 0.532024 0.249638
9.9982E-05 9.9982E-05 0.196767 0.558178 0.244854
9.9991E-05 0.158034 0.133512 0.600362 0.107991
9.9991E-05 0.127397 0.232183 0.6036 0.03672
0.0383609 0.215224 0.154991 0.591324 9.9991E-05
0.201844 0.248274 0.388511 0.0753382 0.0860328
0.198469 0.193919 0.0524761 0.555036 9.9991E-05
0.0997281 0.195373 0.247589 0.436763 0.0205463
9.9982E-05 0.186625 0.439315 9.9982E-05 0.37386
9.9991E-05 0.202597 0.299218 0.349648 0.148436
0.109464 0.176847 0.332771 0.338548 0.0423697
0.0962996 0.0701429 0.350177 0.483281 9.9991E-05
0.122105 0.263682 0.150833 0.343709 0.119672
9.9991E-05 0.205901 0.2166 0.529243 0.0481553
0.0540779 0.161365 0.141707 0.64275 9.9991E-05
9.9991E-05 0.128523 0.258525 0.512612 0.100241
9.9991E-05 0.195324 0.461508 0.306409 0.0366583
