0.0394225 0.0468945 9.9991E-05 0.913583
0.0405251 9.9982E-05 9.9982E-05 0.959275
0.047684 0.127435 9.9991E-05 0.824781
0.0939347 0.144204 9.9991E-05 0.761761
9.9982E-05 0.115254 9.9982E-05 0.884546
0.09362 0.0730499 0.14121 0.69212
0.0585824 0.0163554 0.0273999 0.897662
0.164641 0.0440127 0.0245235 0.766823
0.0898182 9.9982E-05 9.9982E-05 0.909982
0.0800325 0.176879 0.0274275 0.715661
0.128444 0.00911504 0.0941949 0.768246
0.491859 0.162884 0.345158 9.9991E-05
0.331301 0.363386 0.305213 9.9991E-05
0.503034 0.172775 0.304988 0.0192036
0.346351 0.272871 0.320344 0.0604329
0.22631 0.315339 0.312556 0.145796
0.173003 0.367237 0.413671 0.0460888
0.239671 0.26186 0.498369 9.9991E-05
0.379407 0.258991 0.260739 0.100862
0.648413 0.0402109 0.191795 0.11958
0.314538 0.298457 0.368403 0.0186023
0.112094 0.299574 0.537414 0.0509183
0.207906 0.329931 0.462063 9.9991E-05
0.370006 0.206302 0.403885 0.019807
0.0856426 0.480781 0.384753 0.0488236
0.310836 0.350334 0.33873 9.9991E-05
0.502625 0.182966 0.277942 0.0364669
0.518339 0.208195 0.230526 0.0429397
0.41335 0.0882713 0.446554 0.0518252
9.9982E-05 0.202039 9.9982E-05 0.797761
0.0372224 0.167219 9.9991E-05 0.795459
9.9991E-05 0.151698 0.0519421 0.79626
0.0183037 0.175381 0.0611119 0.745203
0.190591 0.316376 0.492933 9.9991E-05
0.115988 0.340772 0.478103 0.0651371
9.9991E-05 0.305508 0.672856 0.021536
0.58038 0.0617713 0.252423 0.105426
0.119421 0.102017 0.733461 0.0451011
0.210981 0.300504 0.440873 0.0476423
0.00746177 0.404885 0.587553 9.9991E-05
0.0781834 0.274608 0.557443 0.0897658
0.129593 0.333339 0.51152 0.0255487
0.149428 9.9991E-05 0.778662 0.0718099
0.139597 0.363701 0.444731 0.0519717
0.0779989 0.332478 0.543072 0.0464514
0.0114771 0.435171 0.443624 0.109728
0.0215906 0.0928644 0.880838 0.00470755
0.103539 0.309232 0.587129 9.9991E-05
0.0496653 0.277251 0.595524 0.07756
9.9982E-05 9.9982E-05 0.79893 0.20087
0.503363 0.0495069 0.430576 0.0165542
0.132369 9.9991E-05 0.708076 0.159455
0.258315 0.441685 0.299901 9.9991E-05
0.107823 0.430505 0.458345 0.00332644
0.0568863 0.375303 0.534399 0.0334121
0.434145 0.0138795 0.425117 0.126859
0.272031 0.316018 0.411851 9.9991E-05
0.237995 0.463437 0.293095 0.00547346
0.307233 0.186168 0.390527 0.116072
0.309161 0.0519796 0.347474 0.291385
0.16502 0.352797 0.482083 9.9991E-05
0.283298 0.277429 0.389745 0.0495274
0.526226 9.9991E-05 0.38167 0.0920034
0.298904 0.327666 0.373331 9.9991E-05
0.087805 0.431906 0.480189 9.9991E-05
0.164791 0.319826 0.472765 0.0426177
0.328091 0.175942 0.431225 0.0647413
0.201648 0.306037 0.4744 0.0179155
0.230284 0.361785 0.407831 9.9991E-05
0.388145 0.0172303 0.492446 0.102178
0.0813044 0.234545 0.68405 9.9991E-05
0.223541 0.051847 0.717989 0.00662362
0.152506 0.357716 0.489678 9.9991E-05
9.9982E-05 9.9982E-05 0.9542 0.0455999
0.0877016 9.9991E-05 0.89896 0.0132389
0.0615017 0.0865774 0.851821 9.9991E-05
0.064031 0.268938 0.666931 9.9991E-05
0.134636 0.346611 0.469545 0.0492073
0.106402 0.267349 0.626148 9.9991E-05
0.192818 0.0191543 0.689739 0.0982889
0.372601 0.0968257 0.519576 0.0109964
0.12715 0.343364 0.428042 0.101444
0.0704989 0.159338 0.749565 0.0205986
0.0822773 0.169556 0.693515 0.0546516
9.9991E-05 0.147878 0.835467 0.0165552
0.0579377 9.9991E-05 0.824638 0.117324
0.140844 0.335194 0.523862 9.9991E-05
0.0918052 0.134779 9.9991E-05 0.773315
9.9982E-05 0.099761 9.9982E-05 0.900039
9.9982E-05 0.171087 9.9982E-05 0.828713
9.9991E-05 0.0969601 0.00148117 0.901459
9.9991E-05 0.121388 0.00648888 0.872023
0.0227563 0.0818665 0.0126147 0.882762
9.9982E-05 0.0736882 9.9982E-05 0.926112
0.219477 0.351464 0.409685 0.0193739
0.164183 0.355406 0.446851 0.0335602
0.113232 9.9991E-05 0.839587 0.0470814
0.135966 0.405247 0.425075 0.0337118
0.179519 0.218479 0.601902 9.9991E-05
0.000852954 0.349459 0.627432 0.0222552
0.0450771 0.319101 0.60818 0.0276411
9.9982E-05 0.289532 0.710268 9.9982E-05
0.312881 9.9991E-05 0.563316 0.123703
0.0982604 0.361183 0.350994 0.189563
0.132723 0.37594 0.491237 9.9991E-05
0.183221 0.36705 0.41464 0.0350893
9.9991E-05 0.115756 0.880689 0.0034555
0.0268689 0.28012 0.692911 9.9991E-05
0.123792 0.243056 0.617464 0.0156879
0.0198067 0.19466 0.785433 9.9991E-05
0.165519 0.205672 0.593019 0.0357901
0.151829 0.25403 0.516619 0.077523
0.272003 0.0947522 0.506792 0.126453
0.358757 0.289188 0.277564 0.0744909
0.0629852 0.327861 0.46883 0.140324
0.0910735 0.408417 0.432926 0.0675835
0.418345 0.268674 0.312881 9.9991E-05
0.2554 0.423913 0.320587 9.9991E-05
0.381457 0.272323 0.34612 9.9991E-05
0.119412 0.25006 0.526702 0.103826
0.19699 0.412683 0.383456 0.00687119
0.251515 0.374218 0.374167 9.9991E-05
0.376075 0.295073 0.328752 9.9991E-05
0.178111 0.376587 0.445202 9.9991E-05
0.143177 0.385642 0.428546 0.0426356
0.268291 0.381146 0.350463 9.9991E-05
0.172004 0.331653 0.436227 0.0601171
0.245522 0.359681 0.394697 9.9991E-05
0.356617 0.160336 0.355975 0.127073
0.13918 0.379231 0.481489 9.9991E-05
0.196005 0.409612 0.394282 9.9991E-05
0.347801 0.160833 0.43416 0.0572066
0.2508 0.0689332 0.55624 0.124027
0.314389 0.360297 0.325214 9.9991E-05
0.381972 0.0629428 0.547967 0.00711769
0.476139 0.0869308 0.412453 0.024477
0.372227 0.180665 0.447009 9.9991E-05
0.461642 0.121748 0.382281 0.0343292
0.483981 0.13599 0.379929 9.9991E-05
0.212512 0.367304 0.374508 0.045676
0.152602 0.442977 0.354066 0.0503552
0.208343 0.29482 0.496737 9.9991E-05
0.304074 0.0823305 0.538072 0.0755226
0.0965354 0.283916 0.485242 0.134307
0.0604165 0.286682 0.578156 0.074745
0.0487394 9.9991E-05 0.629249 0.321912
9.9991E-05 0.40464 0.532961 0.0622996
0.0814855 0.171105 0.635478 0.111932
0.0959624 0.332274 0.505245 0.0665187
0.20063 0.0828241 0.510846 0.2057
0.0832643 9.9991E-05 0.692777 0.223859
0.121039 0.22931 0.61687 0.0327809
0.0841675 0.343767 0.450366 0.121699
0.0850001 0.219339 0.49322 0.202441
0.0778455 0.0605215 0.610622 0.251011
0.0431356 0.283773 0.654749 0.0183428
0.179557 0.0965648 0.723779 9.9991E-05
0.139327 0.240808 0.603918 0.0159469
0.124718 0.372057 0.440852 0.0623736
0.0392921 0.290899 0.296646 0.373163
9.9991E-05 0.0847055 0.138359 0.776836
9.9991E-05 0.0261352 0.265781 0.707983
0.0687163 0.384413 0.100249 0.446622
0.0059129 0.362985 0.631002 9.9991E-05
0.145482 0.308794 0.455758 0.0899659
0.0673109 0.932489 9.9982E-05 9.9982E-05
0.135216 0.698629 0.166056 9.9991E-05
0.0910604 0.655222 0.212062 0.0416555
9.9991E-05 0.106109 0.811906 0.0818852
0.0452084 0.273592 0.647633 0.0335666
9.9991E-05 0.0731972 0.813184 0.113519
0.0484082 0.364784 0.584411 0.00239645
0.0767378 0.278104 0.645058 9.9991E-05
0.0683584 0.37672 0.554821 9.9991E-05
0.0745785 0.00614903 0.785299 0.133974
0.108835 0.445632 0.445433 9.9991E-05
0.0450042 0.369712 0.546562 0.0387217
9.9982E-05 0.93144 9.9982E-05 0.0683604
0.0104806 0.945742 9.9991E-05 0.0436777
0.0834866 0.789221 0.111498 0.0157943
0.0727379 0.859819 0.0458147 0.0216286
9.9991E-05 0.887879 0.0763005 0.0357201
9.9982E-05 0.932826 9.9982E-05 0.0669744
9.9982E-05 0.9104 9.9982E-05 0.0894
9.9982E-05 0.9908 9.9982E-05 0.00899997
0.0276103 0.96559 9.9991E-05 0.00669928
9.9982E-05 0.948168 9.9982E-05 0.051632
9.9982E-05 0.920108 9.9982E-05 0.0796916
9.9991E-05 0.874172 0.0275351 0.098193
9.9991E-05 0.847091 0.000901001 0.151908
9.9982E-05 0.935581 9.9982E-05 0.0642188
0.0959658 0.6166 0.205225 0.0822095
9.9991E-05 0.761778 0.14143 0.0966918
9.9982E-05 0.879589 9.9982E-05 0.120211
9.9982E-05 0.901942 9.9982E-05 0.0978579
9.9982E-05 0.919723 9.9982E-05 0.0800772
9.9982E-05 0.891201 9.9982E-05 0.108599
9.9982E-05 0.909169 9.9982E-05 0.0906307
0.0219304 0.767047 0.110509 0.100514
0.00426446 0.89052 9.9991E-05 0.105116
9.9982E-05 9.9982E-05 0.466029 0.533771
0.164944 0.2578 0.364903 0.212354
0.0557872 0.253313 0.453982 0.236918
9.9991E-05 0.199826 0.474438 0.325636
0.107446 0.355758 0.391051 0.145745
9.9991E-05 0.188805 0.466307 0.344788
0.138272 0.384317 0.360582 0.116828
9.9991E-05 0.272838 0.518778 0.208284
0.0340993 0.379892 0.428742 0.157267
9.9991E-05 0.374672 0.443833 0.181395
0.0987114 0.392891 0.304908 0.20349
0.0888731 0.0223432 0.0249836 0.8638
9.9982E-05 0.0663818 9.9982E-05 0.933418
0.0118543 0.00845137 9.9991E-05 0.979594
0.0599508 0.0233302 9.9991E-05 0.916619
0.0479493 0.0784572 9.9991E-05 0.873493
9.9982E-05 0.0961249 9.9982E-05 0.903675
9.9982E-05 0.120395 9.9982E-05 0.879405
0.00699059 0.0310275 0.0531523 0.90883
9.9991E-05 0.067443 0.0127305 0.919726
0.00820245 0.132403 9.9991E-05 0.859295
0.282873 9.9991E-05 0.041585 0.675442
0.360235 0.00833132 0.0089597 0.622474
0.332344 9.9991E-05 0.0875466 0.580009
0.370648 9.9991E-05 0.110541 0.518711
0.22411 0.261704 0.503107 0.0110786
0.162928 0.230634 0.606338 9.9991E-05
0.219097 0.367548 0.413254 9.9991E-05
0.249052 0.181101 0.569746 9.9991E-05
0.621108 0.0901581 0.288634 9.9991E-05
0.053552 0.407095 0.539253 9.9991E-05
0.0626979 0.308986 0.628216 9.9991E-05
0.085592 0.275796 0.638512 9.9991E-05
0.0229145 0.193892 0.783094 9.9991E-05
0.185304 0.406863 0.407733 9.9991E-05
0.177246 0.15863 0.664024 9.9991E-05
0.135431 9.9991E-05 0.830663 0.0338053
0.220081 0.259555 0.520264 9.9991E-05
0.00614313 0.0884426 0.839232 0.0661827
0.0601442 0.232763 0.706992 9.9991E-05
0.232161 9.9991E-05 0.715052 0.052687
0.74982 9.9991E-05 0.072136 0.177944
0.782516 9.9991E-05 0.0894845 0.127899
0.878335 9.9991E-05 0.0563221 0.0652429
0.788547 9.9991E-05 0.0859537 0.125399
0.826276 0.0376068 0.0660563 0.0700609
0.79882 0.0819175 0.0707002 0.0485618
9.9982E-05 0.130071 9.9982E-05 0.869729
0.0827386 0.12019 9.9991E-05 0.796971
0.0660856 0.22022 9.9991E-05 0.713594
0.0897606 0.135725 9.9991E-05 0.774414
0.0131296 0.173711 9.9991E-05 0.813059
0.602376 9.9982E-05 9.9982E-05 0.397424
0.432925 9.9991E-05 0.0452287 0.521746
0.530585 9.9991E-05 0.00197147 0.467344
0.0645725 0.163896 9.9991E-05 0.771432
0.525786 9.9991E-05 0.0798547 0.394259
9.9991E-05 0.518848 0.207904 0.273148
0.0641297 0.587874 0.266745 0.0812508
0.0761275 0.669821 0.0638373 0.190215
0.0699701 0.408659 0.276397 0.244973
0.197752 0.484307 0.20677 0.111172
9.9991E-05 0.281834 0.12179 0.596276
0.349698 0.214264 0.431847 0.0041909
0.248247 0.186292 0.534159 0.0313022
0.594341 0.131195 0.216947 0.057517
0.140171 0.229236 0.630493 9.9991E-05
0.229062 9.9991E-05 0.700937 0.0699014
0.143799 0.302116 0.483738 0.0703477
0.241889 0.250302 0.507709 9.9991E-05
0.474408 0.132049 0.377844 0.0156996
0.212083 0.346358 0.396547 0.0450122
0.33946 9.9991E-05 0.600035 0.0604055
0.167851 0.289337 0.542712 9.9991E-05
0.340496 0.337802 0.321602 9.9991E-05
0.0989394 0.39729 0.355756 0.148015
0.346888 0.161934 0.491078 9.9991E-05
0.332111 0.211479 0.444984 0.0114255
0.12605 0.319852 0.545989 0.00810944
0.194499 0.258186 0.547215 9.9991E-05
0.184322 0.436741 0.378836 9.9991E-05
0.226441 0.342782 0.357757 0.0730196
0.284336 0.377171 0.310369 0.028124
9.9982E-05 0.210637 9.9982E-05 0.789163
9.9991E-05 0.0911924 0.0495653 0.859142
0.0459785 0.0660702 0.0928023 0.795149
0.0689403 0.0874522 0.0284566 0.815151
9.9991E-05 0.148606 0.0153336 0.83596
0.63852 0.15226 0.20912 9.9991E-05
0.175221 0.343852 0.480827 9.9991E-05
9.9991E-05 0.424061 0.338141 0.237697
0.227829 0.420366 0.351704 9.9991E-05
0.263764 0.308384 0.420509 0.007343
0.369493 0.176473 0.444466 0.00956777
0.653382 9.9991E-05 0.187109 0.159409
0.345652 0.385188 0.26906 9.9991E-05
0.510824 0.0923384 0.286753 0.110084
0.234898 0.291625 0.434467 0.0390097
0.544135 0.0620499 0.262194 0.131621
0.304625 0.411434 0.256719 0.0272221
0.558085 0.0813656 0.279599 0.0809496
0.314836 0.229164 0.41028 0.0457203
0.119202 0.295302 0.545507 0.0399888
0.1061 0.112556 0.669806 0.111539
9.9991E-05 0.251179 0.671317 0.0774033
0.0554623 0.305041 0.53926 0.100237
0.0814139 0.121059 0.736902 0.0606245
0.110704 0.346881 0.439539 0.102875
9.9991E-05 0.233207 0.710617 0.0560768
0.0840072 9.9991E-05 0.824987 0.0909058
0.0186609 0.0355401 0.845663 0.100136
0.131398 0.228122 0.581049 0.0594309
0.129374 9.9991E-05 0.764824 0.105701
0.170338 0.187764 0.593162 0.0487357
0.624756 0.0355834 0.281358 0.058303
0.357217 0.105559 0.537124 9.9991E-05
0.479491 0.272401 0.248009 9.9991E-05
0.314316 0.333878 0.351706 9.9991E-05
0.545205 0.102812 0.351883 9.9991E-05
0.182262 0.332494 0.456178 0.0290671
0.232998 0.447259 0.319643 9.9991E-05
0.191826 0.348447 0.459627 9.9991E-05
0.319671 0.329901 0.350328 9.9991E-05
0.37373 0.271253 0.328006 0.0270108
0.579638 0.203049 0.217213 9.9991E-05
0.466845 0.22866 0.304395 9.9991E-05
0.230051 0.35668 0.413169 9.9991E-05
0.219351 0.319236 0.458052 0.00336109
0.341851 0.251887 0.397274 0.00898731
0.245462 0.364487 0.389951 9.9991E-05
0.419066 0.234958 0.304004 0.0419729
0.371022 0.350969 0.27791 9.9991E-05
0.371142 0.311303 0.317455 9.9991E-05
0.221691 0.357535 0.342455 0.0783189
0.0233864 0.413005 0.231434 0.332175
0.00363697 0.47349 0.385905 0.136968
0.0225447 0.463073 0.384643 0.129739
0.0244402 0.418442 0.509852 0.0472658
0.0835198 0.473658 0.274433 0.168389
0.138881 0.243918 0.617101 9.9991E-05
0.0851837 0.462186 0.319671 0.13296
9.9991E-05 0.0840672 0.505148 0.410685
0.0726909 0.484562 0.424939 0.0178082
0.0259858 0.442954 0.413994 0.117066
0.131725 0.481081 0.350296 0.0368976
0.0682722 0.274214 0.357913 0.299601
0.0392712 0.501338 0.288 0.17139
0.0196698 0.480247 0.339827 0.160257
9.9991E-05 0.0819556 0.230587 0.687357
0.0320244 0.574088 0.219492 0.174395
0.0444176 0.486813 0.278205 0.190564
0.00225031 0.462334 0.404632 0.130785
0.103202 0.560821 0.23046 0.105517
0.132136 0.472106 0.27716 0.118599
0.0227602 0.247443 0.692678 0.0371186
0.128278 0.430528 0.39964 0.041554
0.115257 9.9991E-05 0.838595 0.0460486
0.0569363 9.9991E-05 0.835797 0.107167
0.0671673 0.28182 0.638841 0.0121714
0.0103045 0.495919 0.317913 0.175863
9.9991E-05 0.582319 0.278215 0.139367
9.9991E-05 0.403526 0.311948 0.284426
0.0558043 0.474736 0.268504 0.200956
9.9991E-05 0.0499776 0.694274 0.255648
9.9991E-05 0.149805 0.641975 0.20812
0.0544075 0.391908 0.526713 0.0269717
0.00793172 0.350029 0.522225 0.119814
0.00401469 0.169579 0.675794 0.150613
0.098665 0.413107 0.393849 0.0943788
0.0221833 0.453137 0.50673 0.0179501
0.0940879 0.337635 0.492772 0.0755056
0.158268 0.0983364 0.707293 0.0361028
0.100809 0.202203 0.666962 0.0300261
0.0389927 0.320489 0.587832 0.0526865
0.141176 0.199627 0.60231 0.0568869
0.161435 0.303521 0.466983 0.068061
0.019235 0.212112 0.768553 9.9991E-05
0.141904 0.0486609 0.748433 0.0610021
9.9982E-05 0.315611 0.684189 9.9982E-05
0.0674081 0.0493243 0.840161 0.0431065
0.0393206 0.228245 0.665048 0.0673871
0.0952608 0.336441 0.511753 0.0565447
0.151352 0.20975 0.608 0.0308979
0.028825 0.422199 0.34969 0.199286
0.0435583 0.383733 0.415211 0.157498
0.0349135 0.452382 0.306847 0.205858
0.114039 0.437365 0.296238 0.152359
0.0343273 0.452392 0.391735 0.121546
0.0537933 0.41681 0.39135 0.138048
9.9991E-05 0.0381362 0.55687 0.404894
0.0857923 0.557972 0.351707 0.00452889
9.9991E-05 0.0418678 0.380366 0.577666
9.9991E-05 0.51138 0.449802 0.038718
9.9982E-05 9.9982E-05 0.949577 0.0502231
0.049291 9.9991E-05 0.834545 0.116064
0.0305928 0.195723 0.773584 9.9991E-05
0.0300939 0.301598 0.668208 9.9991E-05
0.0773356 0.121543 0.794291 0.00683003
9.9982E-05 0.298215 0.701585 9.9982E-05
9.9982E-05 0.240203 0.759597 9.9982E-05
0.00552949 0.123135 0.0822527 0.789082
0.112809 0.112535 9.9991E-05 0.774556
0.0308347 0.0866674 9.9991E-05 0.882398
9.9982E-05 0.0488193 9.9982E-05 0.950981
0.107712 0.28895 0.596057 0.00728163
0.0416283 0.279977 0.627325 0.0510699
0.00566019 0.246237 0.748003 9.9991E-05
0.112664 0.350039 0.487138 0.0501592
0.000184174 0.299977 0.645705 0.0541333
0.128145 0.0459133 0.791092 0.03485
0.0409619 0.355249 0.603689 9.9991E-05
9.9982E-05 0.0825702 0.91723 9.9982E-05
0.0788987 0.447698 0.198202 0.275201
0.0891781 0.222005 0.688717 9.9991E-05
0.216837 0.134357 0.648706 9.9991E-05
0.0841305 0.271001 0.644769 9.9991E-05
0.0535439 0.189082 0.757274 9.9991E-05
9.9982E-05 0.338091 0.661709 9.9982E-05
0.0769725 0.365177 0.55775 9.9991E-05
9.998E-05 9.998E-05 0.9997 9.998E-05
0.0158382 0.0490669 0.839401 0.0956937
0.144363 0.156268 0.675702 0.0236671
9.9982E-05 9.9982E-05 0.977283 0.0225172
0.206412 0.245701 0.536138 0.0117494
0.0166779 9.9991E-05 0.894685 0.0885376
0.0543848 9.9991E-05 0.83631 0.109205
0.00541854 0.355635 0.638847 9.9991E-05
0.128841 0.0697171 0.728089 0.0733531
0.147313 0.256118 0.58135 0.0152194
0.0758057 0.391201 0.4931 0.0398932
0.160859 0.264706 0.574334 9.9991E-05
0.299877 0.247194 0.452829 9.9991E-05
0.087525 0.283427 0.628948 9.9991E-05
0.179431 0.284657 0.535812 9.9991E-05
9.9991E-05 0.0899072 0.909741 0.000252288
0.124904 0.289284 0.585712 9.9991E-05
0.303629 0.00365985 0.040943 0.651768
0.115029 0.048001 0.0708869 0.766083
0.142878 9.9982E-05 9.9982E-05 0.856922
0.164954 9.9982E-05 9.9982E-05 0.834846
0.256956 0.00321399 9.9991E-05 0.73973
0.215628 0.0293639 0.721504 0.0335041
0.157177 9.9991E-05 0.750272 0.0924505
9.9982E-05 0.0278298 0.97197 9.9982E-05
0.0723198 0.433673 0.385268 0.108739
0.0328112 0.449521 0.490076 0.0275917
9.9991E-05 0.15694 0.78019 0.06277
9.9982E-05 0.386265 0.613535 9.9982E-05
9.9991E-05 0.248542 0.739684 0.0116744
0.0509811 0.225453 0.687654 0.0359116
0.130315 0.385388 0.484197 9.9991E-05
0.181839 0.113276 0.704784 9.9991E-05
0.162546 0.102328 0.735026 9.9991E-05
0.123821 0.138788 0.737291 9.9991E-05
0.0499767 0.338447 0.521119 0.0904569
0.14689 0.1549 0.698109 9.9991E-05
0.147428 0.231341 0.621131 9.9991E-05
0.0384284 0.660213 0.214082 0.0872761
9.9991E-05 0.678314 0.217986 0.1036
9.9991E-05 0.674723 0.216945 0.108232
9.9991E-05 0.626153 0.188023 0.185724
0.114429 0.54075 0.215229 0.129593
9.9982E-05 0.282752 0.717048 9.9982E-05
9.9982E-05 0.649157 9.9982E-05 0.350643
9.9991E-05 0.679022 0.154333 0.166544
0.00695047 0.358026 0.551953 0.0830699
0.0504952 0.33771 0.510407 0.101388
0.0701662 0.20243 0.55969 0.167714
0.107137 0.36243 0.443848 0.0865847
9.9991E-05 0.356056 0.570834 0.07301
9.9991E-05 0.697124 0.0858881 0.216887
0.102194 0.587403 0.164194 0.146209
0.0517632 0.777855 0.10234 0.0680417
0.158246 0.498291 0.186876 0.156587
9.9991E-05 0.725651 0.127538 0.146711
0.0678398 0.531612 0.288092 0.112456
0.0126527 0.743929 0.0421184 0.2013
0.0870507 0.69706 0.152805 0.0630843
0.0195312 0.289787 0.624304 0.0663784
0.106166 0.550953 0.226899 0.115981
9.9991E-05 0.75377 0.00648959 0.239641
0.104237 0.543892 0.142194 0.209677
0.264185 0.0303499 0.458213 0.247252
0.136377 0.382099 0.481424 9.9991E-05
0.100652 0.563665 0.212944 0.122739
0.188978 0.357904 0.414871 0.0382476
0.0725192 0.25556 0.487409 0.184511
0.0361413 0.384457 0.37451 0.204892
0.0284342 0.46482 0.250534 0.256212
0.0273978 0.38912 0.543475 0.0400074
0.00312553 0.577418 0.213863 0.205593
0.0495747 0.724139 0.141876 0.0844098
9.9982E-05 0.689458 9.9982E-05 0.310342
9.9991E-05 0.466234 0.455475 0.0781911
0.114615 0.186706 0.581117 0.117562
9.9991E-05 0.0306139 0.664914 0.304372
0.0277423 0.455652 0.411199 0.105407
0.127909 0.221375 0.448768 0.201949
0.0229862 0.408896 0.378045 0.190073
0.0914693 0.278655 0.472733 0.157143
9.9991E-05 0.107093 0.361011 0.531796
9.9991E-05 0.0512065 0.414511 0.534183
0.101075 0.206279 0.479482 0.213163
0.0151597 0.175763 0.349616 0.459462
9.9991E-05 0.171464 0.20368 0.624755
0.00436586 0.279414 0.517132 0.199089
0.0333296 0.372408 0.388209 0.206053
9.9991E-05 0.216517 0.369884 0.413499
9.9991E-05 0.170841 0.407861 0.421198
0.0759175 0.39021 0.366766 0.167107
9.9991E-05 0.162982 0.466847 0.37007
9.9982E-05 9.9982E-05 0.322778 0.677022
0.200463 0.41846 0.28297 0.0981067
0.0595122 0.443215 0.28099 0.216283
0.0797913 0.483892 0.205029 0.231288
0.0683413 0.637563 0.201625 0.0924707
9.9991E-05 0.500083 0.353219 0.146599
0.0284009 0.48327 0.335898 0.15243
0.0737799 0.452369 0.155976 0.317875
0.0424203 0.479734 0.313137 0.164709
9.9991E-05 0.532616 0.251522 0.215762
9.9991E-05 0.428794 0.263156 0.307951
0.209699 0.285261 0.366624 0.138416
0.142763 0.428097 0.297437 0.131702
0.0359811 0.477231 0.31758 0.169208
0.0596065 0.398363 0.406812 0.135218
0.0861162 0.458942 0.195133 0.259808
0.0941209 0.519292 0.233495 0.153091
9.9991E-05 0.268962 0.296223 0.434715
0.144416 0.52581 0.219256 0.110518
9.9991E-05 0.388813 0.254762 0.356325
0.131027 0.0151604 0.0394099 0.814402
0.83098 0.0249208 0.0755189 0.0685806
0.9997 9.998E-05 9.998E-05 9.998E-05
0.998538 9.9982E-05 9.9982E-05 0.00126248
0.985497 0.0143032 9.9982E-05 9.9982E-05
0.962964 0.016608 9.9991E-05 0.0203281
0.958644 0.0411558 9.9982E-05 9.9982E-05
0.93675 9.9982E-05 9.9982E-05 0.0630505
0.790904 9.9982E-05 9.9982E-05 0.208896
0.0120835 0.0807515 9.9991E-05 0.907065
0.148425 0.0577264 9.9991E-05 0.793749
9.9982E-05 0.0977494 9.9982E-05 0.902051
0.124196 0.0237962 0.0300876 0.821921
9.9982E-05 0.091801 9.9982E-05 0.907999
0.0156824 0.0173852 0.0211613 0.945771
9.9991E-05 0.204785 0.0234499 0.771665
9.9982E-05 0.101378 9.9982E-05 0.898422
0.109779 0.0789567 0.0358057 0.775459
9.9982E-05 0.0799605 9.9982E-05 0.91984
0.00676783 9.9982E-05 9.9982E-05 0.993032
0.0876308 0.0728405 9.9991E-05 0.839429
0.0372901 0.0416894 9.9991E-05 0.92092
0.0338908 0.083844 9.9991E-05 0.882165
0.0329725 0.117475 9.9991E-05 0.849453
9.9982E-05 0.144944 9.9982E-05 0.854856
9.9982E-05 0.215078 9.9982E-05 0.784722
0.0294193 0.214296 9.9991E-05 0.756185
9.9982E-05 0.217987 9.9982E-05 0.781813
0.0927102 0.197301 0.500239 0.20975
0.0479315 0.344556 0.553658 0.0538539
0.194915 0.311242 0.408902 0.0849403
9.9982E-05 9.9982E-05 0.776221 0.22358
0.203538 0.274889 0.39145 0.130123
9.9982E-05 9.9982E-05 0.679847 0.319953
0.0522251 0.376994 0.554873 0.0159078
0.167567 0.12337 0.58326 0.125804
0.125128 0.253862 0.523672 0.0973389
0.0529094 0.29786 0.64913 9.9991E-05
0.210194 0.230465 0.478939 0.0804016
0.00872262 0.364602 0.568616 0.0580591
0.217478 0.339927 0.405529 0.0370658
0.465028 9.9991E-05 0.49441 0.0404619
0.0623989 9.9991E-05 0.714866 0.222635
9.9991E-05 0.0131646 0.732611 0.254125
0.0612876 0.469102 0.462483 0.00712718
0.0741698 0.273321 0.521994 0.130515
9.9991E-05 0.218579 0.661601 0.11972
9.9991E-05 0.371053 0.541364 0.0874828
0.0589157 0.477707 0.323617 0.13976
0.0880405 0.522919 0.253896 0.135145
0.121107 0.24326 0.187022 0.448611
0.225197 0.427073 0.347631 9.9991E-05
0.0954024 0.400496 0.28859 0.215512
9.9991E-05 0.0874226 0.271215 0.641263
9.9991E-05 0.348438 0.366418 0.285044
0.120692 0.336142 0.216959 0.326207
0.20497 0.365025 0.147707 0.282298
0.151803 0.432778 0.252539 0.16288
0.0539226 0.503535 0.294264 0.148279
0.0298084 0.49101 0.395666 0.0835148
0.034703 0.385545 0.402393 0.177359
9.9991E-05 0.316065 0.251927 0.431908
