0.0389883 0.021335 0.939577 9.9991E-05
0.0422521 9.9982E-05 0.957548 9.9982E-05
9.999E-05 0.0555732 0.874465 0.069862
0.0699631 0.119638 0.810138 0.000260948
0.0120096 0.0955523 0.873396 0.0190426
0.180297 0.0732659 0.657587 0.0888503
0.126658 0.00755701 0.865685 9.9991E-05
0.211723 0.00606449 0.760038 0.0221745
0.151828 9.9982E-05 0.847972 9.9982E-05
0.0797285 0.0823401 0.739772 0.098159
0.170547 9.9991E-05 0.770728 0.0586254
0.536385 0.0655508 0.0624301 0.335634
0.248673 0.0748038 0.0498464 0.626677
0.493072 0.08265 0.0620442 0.362234
0.345453 0.156673 0.128771 0.369103
0.233437 0.147684 0.187175 0.431704
0.125344 0.121543 0.121265 0.631848
0.266468 0.134318 0.0587225 0.540491
0.324694 0.0939927 0.21761 0.363703
0.721097 0.0265025 0.126283 0.126117
0.381787 0.105023 0.0198524 0.493338
0.331333 0.0873092 0.029572 0.551786
0.223789 0.0954628 0.0510767 0.629672
0.449687 0.150966 0.0486429 0.350704
0.0939535 0.156408 0.122062 0.627577
0.183873 0.117942 0.0629831 0.635202
0.536997 0.0773083 0.102018 0.283677
0.437859 0.220039 0.0659767 0.276125
0.531023 0.0219453 0.0966252 0.350407
9.9991E-05 0.0970809 0.838791 0.0640282
9.9982E-05 9.9982E-05 0.861358 0.138442
9.9982E-05 9.9982E-05 0.818085 0.181715
9.9991E-05 0.141846 0.764407 0.0936476
0.156343 0.0523653 0.0677768 0.723515
0.176448 0.0625024 0.0821295 0.67892
0.19177 0.0453938 9.9991E-05 0.762737
0.578317 9.9991E-05 0.150298 0.271284
0.417231 0.0470069 0.00248541 0.533277
0.130383 0.154154 0.0938563 0.621607
0.0273904 0.0634172 0.0856945 0.823498
0.0895379 9.9991E-05 0.162449 0.747913
0.0946408 9.9991E-05 0.11298 0.792279
0.602004 9.9991E-05 0.020653 0.377243
0.139496 0.137702 0.0741355 0.648666
0.139578 0.113893 0.0881189 0.65841
0.0792902 0.0266428 0.215246 0.678821
0.398866 9.9982E-05 9.9982E-05 0.600934
0.120916 0.0723605 0.0613351 0.745389
0.133416 0.043903 0.172495 0.650186
0.808617 9.9991E-05 0.055352 0.135931
0.683919 0.0173956 9.9991E-05 0.298585
0.726139 0.086571 0.027079 0.160211
0.0664073 0.159331 0.167389 0.606873
0.0904429 0.0648428 0.133442 0.711272
0.167748 0.191302 0.0403228 0.600627
0.578178 9.9991E-05 0.089125 0.332597
0.26783 0.0570317 9.9991E-05 0.675038
0.0890828 0.106811 0.184452 0.619653
0.341104 9.9991E-05 0.190719 0.468077
0.568889 0.0933649 0.22531 0.112436
0.159036 0.0820479 0.0961484 0.662767
0.353373 0.126117 0.0843281 0.436182
0.667978 9.9991E-05 0.120122 0.2118
0.325875 0.0738202 0.00995789 0.590347
0.185784 0.19746 9.9991E-05 0.616656
0.156535 0.0334585 0.133654 0.676352
0.443151 0.0581919 0.119531 0.379126
0.327713 0.0631866 9.9991E-05 0.609
0.236242 0.118106 0.0448869 0.600765
0.561939 9.9991E-05 0.0904123 0.347548
0.166834 9.9982E-05 9.9982E-05 0.832966
0.472928 9.9991E-05 0.0253431 0.501629
0.137422 0.0137158 0.113092 0.73577
0.677909 9.9982E-05 9.9982E-05 0.321891
0.666637 9.9982E-05 9.9982E-05 0.333163
0.419574 9.9982E-05 9.9982E-05 0.580226
0.297096 9.9991E-05 0.0278432 0.67496
0.183738 0.181619 0.182459 0.452184
0.272459 0.0983305 0.0032512 0.62596
0.50851 9.9991E-05 0.0523613 0.439028
0.428912 9.9991E-05 0.0617241 0.509264
0.168491 0.028429 0.141192 0.661888
0.337275 0.0512706 9.9991E-05 0.611354
0.266359 9.9991E-05 0.0664049 0.667136
0.245166 9.9991E-05 0.0075271 0.747207
0.700741 0.0299157 9.9991E-05 0.269243
0.142462 0.104245 0.082068 0.671225
0.00670627 0.0356447 0.854792 0.102857
9.9982E-05 9.9982E-05 0.901442 0.0983583
9.9991E-05 0.0500863 0.886474 0.0633399
9.9991E-05 0.0487518 0.93131 0.0198382
9.9991E-05 0.0256692 0.891802 0.0824292
9.9991E-05 0.0284804 0.917738 0.0536816
9.9991E-05 0.0143014 0.944857 0.0407414
0.167905 0.0851308 0.126052 0.620912
0.189426 0.16718 0.104743 0.538652
0.626752 9.9982E-05 9.9982E-05 0.373048
0.234678 0.0943634 0.0208892 0.650069
0.222117 9.9991E-05 0.0654321 0.712351
0.0476163 0.0473652 0.103839 0.80118
0.17162 0.00784258 0.0335371 0.787
0.137665 0.0369746 0.0715747 0.753786
0.717785 9.9991E-05 0.0716724 0.210443
0.205554 0.129092 0.133343 0.532011
0.0117392 0.103321 0.109856 0.775084
0.177062 0.0348351 0.12968 0.658422
0.374025 0.0339715 9.9991E-05 0.591904
0.309203 0.0246911 0.0259283 0.640177
0.256981 9.9991E-05 0.0993105 0.643608
0.349295 0.111259 9.9991E-05 0.539346
0.3282 9.9991E-05 0.0636945 0.608006
0.143161 9.9991E-05 0.146732 0.710008
0.555563 0.105963 0.0995023 0.238972
0.297649 0.160527 0.118188 0.423636
0.170652 0.00705243 0.166391 0.655904
0.143881 0.0599673 0.154337 0.641815
0.312671 9.9991E-05 0.0800983 0.607131
0.201011 0.108807 0.0167191 0.673463
0.271616 9.9991E-05 0.0742042 0.65408
0.204168 0.0472249 0.0869775 0.661629
0.201846 0.16585 0.0522249 0.580079
0.185037 0.000158946 0.0546405 0.760164
0.308987 9.9991E-05 0.0705371 0.620376
0.176795 0.106942 0.0644883 0.651774
0.151216 0.0131729 0.152185 0.683426
0.268913 0.0896746 9.9991E-05 0.641312
0.11531 0.0809424 0.153264 0.650484
0.25631 0.144846 0.0391826 0.559662
0.386684 0.122106 0.152017 0.339193
0.199259 0.0828648 0.0480623 0.669814
0.127478 0.0635859 0.0356593 0.773277
0.469292 0.0801716 0.0719545 0.378582
0.642731 0.12624 0.0599677 0.171062
0.193053 0.0597477 0.1125 0.634699
0.726118 0.0881781 9.9991E-05 0.185604
0.494271 9.9991E-05 0.0882642 0.417364
0.374454 0.00824468 0.0175098 0.599791
0.397664 9.9991E-05 0.0858416 0.516394
0.514965 0.0137178 0.0316715 0.439646
0.178634 0.0538439 0.0930321 0.67449
0.126167 0.0824792 0.142459 0.648895
0.223185 0.120793 0.0364191 0.619603
0.64054 0.0845489 0.045476 0.229435
0.144612 0.0889501 0.17613 0.590309
0.365136 0.156597 9.9991E-05 0.478167
0.704837 0.0156511 0.157672 0.12184
0.168879 0.155063 0.042125 0.633933
0.308784 0.0904296 0.141468 0.459318
0.197594 0.140559 0.132752 0.529096
0.492477 0.0750793 0.1235 0.308943
0.511124 9.9991E-05 0.149947 0.338829
0.307441 9.9991E-05 0.0834659 0.608993
0.190971 0.192569 0.119499 0.496961
0.27864 0.0953793 0.138929 0.487052
0.667413 0.280035 0.0468286 0.00572308
0.133888 0.164689 0.0631641 0.638258
0.446666 9.9982E-05 9.9982E-05 0.553134
0.391662 0.0191477 9.9991E-05 0.58909
0.116088 0.0878063 0.168435 0.627671
0.181213 0.325415 0.330453 0.162918
0.187576 0.237942 0.574382 9.9991E-05
0.264969 0.223075 0.511856 9.9991E-05
0.148966 0.424058 0.409583 0.0173933
0.182539 0.107487 9.9991E-05 0.709874
0.21584 0.0877876 0.102416 0.593957
9.9982E-05 0.690372 9.9982E-05 0.309428
0.0687621 0.508937 0.0472567 0.375045
0.120255 0.490431 0.0973428 0.291971
0.410578 0.00525412 0.0220537 0.562114
0.215046 0.174339 0.0495479 0.561067
0.579023 0.106005 9.9991E-05 0.314872
0.170584 0.0650986 0.0281475 0.73617
0.294035 0.0383795 0.0407265 0.626859
0.153273 0.120204 0.0457002 0.680823
0.621363 0.103107 9.9991E-05 0.27543
0.147449 0.223234 0.060739 0.568578
0.125731 0.108057 0.100409 0.665803
9.9982E-05 0.970608 9.9982E-05 0.0291925
9.9982E-05 0.909258 9.9982E-05 0.0905424
0.021018 0.703274 0.0339953 0.241713
9.9991E-05 0.701604 0.00968349 0.288613
9.9991E-05 0.837237 0.00916602 0.153497
9.998E-05 0.9997 9.998E-05 9.998E-05
0.0226958 0.977104 9.9982E-05 9.9982E-05
9.9982E-05 0.889556 9.9982E-05 0.110244
0.0019196 0.989243 9.9991E-05 0.0087374
9.998E-05 0.9997 9.998E-05 9.998E-05
9.998E-05 0.9997 9.998E-05 9.998E-05
9.9991E-05 0.794542 0.0465564 0.158801
9.9991E-05 0.824193 0.0314864 0.144221
9.998E-05 0.9997 9.998E-05 9.998E-05
0.0855717 0.413838 0.0857354 0.414855
9.9991E-05 0.655335 0.0519817 0.292584
9.9991E-05 0.784642 0.0196023 0.195656
9.9991E-05 0.916103 0.0328215 0.0509757
9.998E-05 0.9997 9.998E-05 9.998E-05
9.9991E-05 0.909933 0.0385372 0.05143
9.998E-05 0.9997 9.998E-05 9.998E-05
0.0845814 0.589061 0.073977 0.252381
9.9991E-05 0.931466 0.0284025 0.0400313
0.480738 0.16398 0.355181 9.9991E-05
0.218286 0.0178344 0.286382 0.477498
0.189733 0.119611 0.227803 0.462852
0.406115 0.235483 0.222453 0.135948
0.111658 0.199728 0.174792 0.513823
0.263884 0.116152 0.349944 0.27002
0.116325 0.123459 0.250689 0.509526
0.244622 0.203969 0.16889 0.38252
0.153282 0.247872 0.174991 0.423855
0.206515 0.278888 0.130223 0.384374
0.0452302 0.194254 0.18902 0.571495
0.0604399 0.00599487 0.895618 0.0379476
9.9982E-05 0.042523 0.957277 9.9982E-05
0.039828 9.9991E-05 0.956937 0.00313455
0.00539494 9.9991E-05 0.976618 0.0178871
0.0308184 0.0449158 0.901196 0.0230703
9.9982E-05 0.0976783 0.902122 9.9982E-05
9.9991E-05 0.0826889 0.882714 0.0344968
0.00908378 9.9991E-05 0.942025 0.0487915
0.00728193 0.0447135 0.925772 0.0222323
9.9991E-05 0.0827952 0.895391 0.0217141
0.361295 9.9982E-05 0.638505 9.9982E-05
0.324634 0.00529592 0.667503 0.00256684
0.405961 9.9982E-05 0.593839 9.9982E-05
0.464771 9.9991E-05 0.534594 0.000534659
0.179412 0.0506956 0.0912962 0.678596
0.224264 0.0266579 0.0322711 0.716807
0.199321 0.107716 0.054558 0.638405
0.346818 9.9991E-05 0.0921692 0.560913
0.654231 0.021329 0.0653483 0.259092
0.113975 0.132879 0.0368594 0.716287
0.222727 9.9991E-05 0.0316663 0.745506
0.215868 9.9991E-05 0.0327737 0.751258
0.369391 0.0484519 9.9991E-05 0.582057
0.0805735 0.0361511 0.0443906 0.838885
0.365211 9.9982E-05 9.9982E-05 0.634589
0.827537 9.9982E-05 9.9982E-05 0.172263
0.285895 0.142227 0.0457553 0.526123
0.502258 0.0385893 9.9991E-05 0.459053
0.268834 0.0843585 9.9991E-05 0.646707
0.606495 9.9991E-05 0.0123631 0.381042
0.769793 9.9991E-05 0.20623 0.0238772
0.667075 9.9991E-05 0.224794 0.108032
0.7763 9.9991E-05 0.152375 0.071225
0.725381 9.9991E-05 0.228646 0.0458724
0.74638 0.0118486 0.125298 0.116473
0.645228 9.9991E-05 0.211629 0.143043
9.9991E-05 0.0558796 0.872107 0.0719131
9.9991E-05 0.0177331 0.859525 0.122642
9.9991E-05 0.180425 0.767308 0.0521675
0.00651235 0.139194 0.767849 0.0864443
9.9991E-05 0.110517 0.813139 0.0762438
0.543878 9.9982E-05 0.455922 9.9982E-05
0.474053 9.9982E-05 0.525747 9.9982E-05
0.438937 9.9991E-05 0.510011 0.0509518
9.9991E-05 0.027825 0.833957 0.138118
0.51691 9.9991E-05 0.479816 0.00317415
0.0554 0.461022 0.200547 0.283031
0.0428829 0.207619 0.182103 0.567395
9.9991E-05 0.336658 0.190082 0.47316
0.0573979 0.256362 0.314228 0.372011
0.0145096 0.256971 0.146808 0.581711
0.158184 0.365323 0.476393 9.9991E-05
0.351346 9.9991E-05 0.0404485 0.608105
0.472415 0.109365 9.9991E-05 0.418121
0.478492 0.0175619 0.144781 0.359165
0.390586 0.0341323 9.9991E-05 0.575182
0.9997 9.998E-05 9.998E-05 9.998E-05
0.266292 0.161433 0.0459627 0.526312
0.280515 0.0270636 0.0802156 0.612206
0.421067 9.9991E-05 0.0467645 0.532068
0.125358 0.13924 0.114359 0.621042
0.718057 0.0159446 0.012878 0.25312
0.443355 0.0929658 0.0394827 0.424196
0.251158 0.0386062 0.0503755 0.65986
0.237162 0.21913 0.14305 0.400658
0.440965 0.0665919 9.9991E-05 0.492343
0.314026 0.0360055 0.0434045 0.606564
0.278651 0.124476 0.0206741 0.576199
0.269403 0.00114193 0.042413 0.687042
0.139777 0.122583 0.0835074 0.654132
0.214368 0.0558766 0.15379 0.575966
0.230371 0.0651104 0.10206 0.602458
9.9991E-05 0.128742 0.788725 0.082433
9.9991E-05 0.0652091 0.853709 0.0809823
0.0741686 0.0674139 0.802026 0.0563913
0.11676 0.0716805 0.811459 9.9991E-05
9.9991E-05 0.0221478 0.887695 0.0900568
0.624773 0.0338868 0.0609137 0.280427
0.277146 0.124803 0.045257 0.552793
0.112302 0.197404 0.239291 0.451003
0.136662 0.0772474 0.0633725 0.722718
0.24378 9.9991E-05 0.0949148 0.661205
0.511242 0.134877 0.041927 0.311954
0.677851 9.9991E-05 0.220079 0.10197
0.270203 0.0739617 0.0663358 0.589499
0.549327 0.033826 0.152405 0.264442
0.349547 0.133126 0.11454 0.402786
0.566482 9.9991E-05 0.192384 0.241034
0.0982365 0.0631995 0.167901 0.670663
0.57201 0.00113664 0.124431 0.302422
0.429877 0.0859622 0.0832443 0.400916
0.241147 0.0839522 0.101925 0.572976
0.494326 0.0268243 0.0840892 0.394761
0.128202 9.9991E-05 0.151634 0.720063
0.173839 0.0643435 0.102383 0.659435
0.460296 9.9991E-05 0.0287821 0.510822
0.136751 0.0948405 0.0840126 0.684396
0.187823 0.0312377 0.118799 0.662141
0.750295 9.9982E-05 9.9982E-05 0.249505
0.563528 0.0138715 0.0387274 0.383873
0.262351 0.0294968 0.0372287 0.670924
0.631564 9.9991E-05 0.0290588 0.339278
0.354406 0.00240312 0.0454423 0.597748
0.641235 0.00123804 0.0735706 0.283956
0.596165 0.0493488 9.9991E-05 0.354386
0.375778 0.0556776 0.0768233 0.491721
0.163424 0.138277 9.9991E-05 0.6982
0.603311 9.9982E-05 9.9982E-05 0.396489
0.286869 0.110089 0.0646615 0.53838
0.167775 0.0525636 0.0944171 0.685245
0.300731 0.120438 0.0656604 0.51317
0.334738 0.158578 0.0252998 0.481384
0.312244 0.0415216 0.0926449 0.55359
0.555195 0.113294 9.9991E-05 0.331411
0.414961 0.0969671 0.0538528 0.434219
0.205303 0.0949671 0.0614883 0.638241
0.160772 0.126454 0.101959 0.610816
0.4065 0.102647 0.0600261 0.430826
0.269805 0.145104 9.9991E-05 0.584991
0.314465 0.0529334 0.13718 0.495422
0.184936 0.0461437 0.053632 0.715288
0.230264 0.153154 0.0521885 0.564394
0.203984 0.074249 0.161964 0.559802
9.9991E-05 0.0943416 0.440498 0.465061
0.12776 0.302537 0.117765 0.451939
0.0998076 0.24791 0.15544 0.496843
0.131967 0.177618 0.0180605 0.672354
0.0960522 0.272307 0.192069 0.439572
0.402943 0.0911295 9.9991E-05 0.505828
0.120066 0.148333 0.184906 0.546695
0.460413 0.192264 0.276077 0.0712464
0.135842 0.25193 0.0880133 0.524214
0.0312706 0.250864 0.13408 0.583785
0.15948 0.340108 0.0547105 0.445701
0.276838 0.231804 0.20827 0.283088
0.0696123 0.140836 0.268562 0.52099
0.0315098 0.239086 0.148788 0.580616
0.241443 0.253835 0.504622 9.9991E-05
9.9991E-05 0.228825 0.242542 0.528533
0.049282 0.317816 0.185386 0.447516
0.0808376 0.243693 0.073547 0.601922
9.9991E-05 0.250871 0.201236 0.547793
0.0645757 0.221815 0.163619 0.549991
0.328293 0.0768284 0.0781355 0.516744
0.228203 0.185305 0.00702141 0.579471
0.775535 0.0416936 9.9991E-05 0.182671
0.788877 0.0596406 9.9991E-05 0.151382
0.205405 0.210186 0.037151 0.547258
0.148352 0.376726 0.0886476 0.386275
0.198967 0.456744 0.0485697 0.295719
0.275649 0.43367 0.183814 0.106867
0.124739 0.426323 0.140965 0.307974
0.56265 0.23756 0.0751935 0.124597
0.451656 0.218767 0.0780863 0.25149
0.182886 0.196528 9.9991E-05 0.620486
0.232727 0.19949 0.0686676 0.499115
0.448719 0.252705 0.0247471 0.273829
0.230999 0.166968 0.0507397 0.551294
0.197305 0.138802 9.9991E-05 0.663793
0.210166 0.245243 0.0834472 0.461143
0.395737 9.9991E-05 0.0518165 0.552346
0.431461 0.0737236 9.9991E-05 0.494716
0.184967 0.128909 0.0477994 0.638325
0.364967 0.122726 0.0693217 0.442986
0.171656 0.0843338 0.147877 0.596132
0.363718 0.0558522 9.9991E-05 0.58033
0.544377 0.0545778 9.9991E-05 0.400945
0.223796 0.070436 0.00824027 0.697528
0.56013 0.124452 9.9991E-05 0.315318
0.358802 0.023802 0.0206803 0.596716
0.228424 0.132768 0.0356735 0.603134
0.27528 9.9991E-05 0.0345401 0.69008
0.0491631 0.218527 0.213215 0.519095
0.10429 0.140553 0.201647 0.55351
0.1447 0.341745 0.166307 0.347247
0.153084 0.228666 0.212628 0.405622
0.0436524 0.271787 0.178773 0.505788
0.177999 0.212736 0.131102 0.478163
0.592226 0.261769 0.145905 9.9991E-05
0.0347342 0.263253 0.137183 0.56483
0.359782 0.258772 0.381347 9.9991E-05
0.0851304 0.313192 0.0328276 0.56885
0.65269 9.9982E-05 9.9982E-05 0.34711
0.849968 9.9982E-05 9.9982E-05 0.149832
0.3229 9.9982E-05 9.9982E-05 0.6769
0.120862 0.0610673 0.0296382 0.788433
0.398566 9.9991E-05 0.0206196 0.580714
0.217246 0.0316562 9.9991E-05 0.750998
0.262741 0.0529347 9.9991E-05 0.684224
0.0441071 0.0640602 0.821839 0.0699938
0.116126 0.160054 0.72372 9.9991E-05
9.9982E-05 0.0529814 0.946819 9.9982E-05
9.9982E-05 9.9982E-05 0.967727 0.0320727
0.215605 0.0304438 0.0750625 0.678889
0.239038 0.0581318 0.0981739 0.604656
0.253029 9.9991E-05 0.0171088 0.729762
0.0906976 9.9991E-05 0.106668 0.802534
0.218883 0.0771673 0.0801565 0.623793
0.539992 9.9982E-05 9.9982E-05 0.459808
0.143884 9.9982E-05 9.9982E-05 0.855916
0.379905 9.9982E-05 9.9982E-05 0.619895
0.0393755 0.187233 0.258958 0.514434
0.349097 0.0234956 9.9991E-05 0.627307
0.39365 9.9982E-05 9.9982E-05 0.60615
0.233043 9.9982E-05 9.9982E-05 0.766757
0.307791 9.9982E-05 9.9982E-05 0.692009
0.172598 9.9982E-05 9.9982E-05 0.827202
0.165658 9.9991E-05 0.0990892 0.735152
0.497003 9.9982E-05 9.9982E-05 0.502797
0.399016 9.9991E-05 0.0338892 0.566995
0.409909 0.00554851 9.9991E-05 0.584443
0.763981 9.9982E-05 9.9982E-05 0.235819
0.378727 9.9991E-05 0.0370681 0.584105
0.606565 9.9982E-05 9.9982E-05 0.393235
0.834952 9.9982E-05 9.9982E-05 0.164848
0.157412 9.9991E-05 0.0517916 0.790696
0.505933 9.9991E-05 0.0283318 0.465635
0.286842 0.110291 9.9991E-05 0.602768
0.107309 0.11142 0.0805288 0.700743
0.212165 9.9991E-05 0.0185899 0.769145
0.462257 0.0985614 9.9991E-05 0.439081
0.222694 0.020302 0.0481903 0.708814
0.278937 0.0521284 0.0381414 0.630794
0.372319 9.9982E-05 9.9982E-05 0.627481
0.116237 0.0787906 0.113864 0.691109
0.295964 9.9991E-05 0.675233 0.0287027
0.124494 9.9991E-05 0.806134 0.0692713
0.142597 9.9982E-05 0.857203 9.9982E-05
0.136237 9.9982E-05 0.863563 9.9982E-05
0.188351 9.9991E-05 0.784193 0.0273555
0.578053 9.9991E-05 0.0308336 0.391014
0.543698 9.9991E-05 0.0524187 0.403783
0.550437 0.0115508 9.9991E-05 0.437912
0.209677 0.113468 0.0829253 0.59393
0.107947 0.0218135 0.132688 0.737551
0.39178 9.9982E-05 9.9982E-05 0.60802
0.128565 0.176143 0.00974151 0.68555
0.331338 0.0847414 0.0557724 0.528148
0.288506 0.0278577 9.9991E-05 0.683536
0.144393 0.0833559 0.0231403 0.749111
0.482533 0.0319788 9.9991E-05 0.485389
0.401377 9.9991E-05 0.00987883 0.588644
0.413286 9.9982E-05 9.9982E-05 0.586514
0.119222 0.011898 0.150655 0.718225
0.333886 9.9982E-05 9.9982E-05 0.665914
0.276677 0.027569 0.0444543 0.6513
0.0611414 0.463272 0.0617355 0.413852
9.9991E-05 0.499662 0.147418 0.352821
9.9991E-05 0.445682 0.0963521 0.457866
0.0531678 0.624736 0.0606178 0.261478
0.0112896 0.274248 0.195657 0.518805
0.22819 0.0829758 0.050971 0.637863
9.9991E-05 0.729531 0.257388 0.0129811
0.0101994 0.543506 0.135918 0.310377
0.090994 0.219651 0.20943 0.479925
0.059697 9.9991E-05 0.244577 0.695626
0.264721 0.0246841 0.124599 0.585997
0.147506 0.0968658 0.126028 0.6296
0.106164 0.0252811 0.141684 0.726871
9.9991E-05 0.491404 0.161761 0.346735
9.9991E-05 0.420352 0.13803 0.441518
9.9991E-05 0.580764 0.097713 0.321423
0.0970241 0.371969 0.112871 0.418136
9.9991E-05 0.550086 0.144973 0.30484
0.00927724 0.302367 0.174739 0.513617
9.9991E-05 0.615891 0.111394 0.272615
0.0524435 0.446376 0.0573848 0.443795
0.170534 0.0274705 0.143016 0.658979
9.9991E-05 0.334435 0.203765 0.4617
9.9991E-05 0.679052 0.196077 0.124772
0.0608844 0.406771 0.124342 0.408003
0.442784 9.9991E-05 0.232768 0.324348
0.186734 0.150356 0.0239981 0.638911
0.0951234 0.350199 0.163046 0.391632
0.0730015 0.0356308 0.168726 0.722641
0.135909 0.0265973 0.209994 0.627499
0.139997 0.268286 0.191093 0.400623
0.0846446 0.331009 0.224701 0.359646
0.166333 0.145362 0.127576 0.560729
9.9991E-05 0.431146 0.155224 0.41353
9.9991E-05 0.518982 0.0774512 0.403467
9.9991E-05 0.666408 0.191712 0.14178
0.00643687 0.0375726 0.213607 0.742383
0.187938 9.9991E-05 0.172421 0.639541
0.486492 0.143981 0.15731 0.212217
0.202792 0.12931 0.097267 0.570631
0.367593 0.140919 0.0761329 0.415355
0.0872659 0.165285 0.229419 0.518031
0.149386 0.143839 0.162863 0.543913
0.381726 0.310523 0.307651 9.9991E-05
0.415035 0.225558 0.359307 9.9991E-05
0.322097 0.226806 0.156268 0.29483
0.359226 0.299905 0.340769 9.9991E-05
0.197458 0.316975 0.485468 9.9991E-05
0.282698 0.206847 0.146761 0.363695
0.161139 0.231927 0.199662 0.407272
0.258158 0.305644 0.30574 0.130457
0.323404 0.197997 0.342428 0.136171
0.178792 0.159474 0.163037 0.498697
0.375651 0.274711 0.216338 0.1333
0.340384 0.169347 0.490169 9.9991E-05
0.123962 0.318874 0.0763391 0.480824
0.170712 0.294171 0.202482 0.332635
0.0144419 0.180237 0.286405 0.518916
9.9991E-05 0.301343 0.195428 0.503129
9.9991E-05 0.230523 0.186143 0.583234
0.0447854 0.329767 0.144956 0.480491
0.00224549 0.279981 0.389484 0.328289
0.0196185 0.195338 0.231882 0.553161
0.012414 0.292528 0.255469 0.43959
0.0829249 0.312174 0.284988 0.319913
0.314813 0.174095 0.1673 0.343792
0.111572 0.167779 0.148639 0.572011
0.102076 0.244178 0.169677 0.484069
0.0377616 0.0593392 0.13006 0.772839
0.0213463 0.371141 0.310423 0.29709
9.9991E-05 0.21724 0.197437 0.585223
0.176281 0.283068 0.399243 0.141408
0.0133707 0.261936 0.220598 0.504096
0.185768 0.436187 0.242141 0.135904
0.176712 0.0120847 0.811103 9.9991E-05
0.682588 9.9991E-05 0.161207 0.156104
0.858746 9.9982E-05 0.141054 9.9982E-05
0.7685 9.9991E-05 0.169436 0.0619638
0.79043 9.9991E-05 0.117147 0.0923235
0.773492 0.0206302 0.140777 0.0651011
0.730062 9.9991E-05 0.0894787 0.180359
0.767319 9.9991E-05 0.190876 0.041705
0.626135 9.9991E-05 0.311374 0.0623919
9.9991E-05 0.0108404 0.934533 0.054527
0.0521619 9.9991E-05 0.848759 0.0989795
0.014106 0.0818719 0.903922 9.9991E-05
0.0873633 9.9991E-05 0.879022 0.0335149
0.0112359 0.0578023 0.922964 0.00799819
0.0465407 9.9982E-05 0.953259 9.9982E-05
0.031695 0.172041 0.7709 0.0253641
0.0372554 0.135854 0.826791 9.9991E-05
0.119736 0.080751 0.706912 0.092601
0.00528466 0.0622832 0.918837 0.013595
0.00657296 9.9991E-05 0.991365 0.00196176
0.0565983 0.123913 0.819388 9.9991E-05
9.9982E-05 0.0048053 0.994995 9.9982E-05
9.9991E-05 0.0475706 0.943259 0.00907079
9.9991E-05 0.0457067 0.876209 0.0779841
9.9991E-05 0.0515656 0.888345 0.0599898
9.9991E-05 0.169092 0.789359 0.0414492
9.9991E-05 0.104049 0.817204 0.0786472
9.9991E-05 0.0487255 0.834313 0.116862
0.246763 0.0393042 0.199532 0.5144
9.9982E-05 9.9982E-05 0.125535 0.874265
9.9991E-05 0.0881152 0.187391 0.724394
0.579516 0.141431 0.0795543 0.199499
0.161857 9.9991E-05 0.142468 0.695575
0.556095 0.105314 0.220345 0.118246
0.0520398 0.0621428 0.142879 0.742939
0.266753 9.9991E-05 0.149558 0.58359
0.24485 9.9991E-05 0.093953 0.661097
0.174842 0.00271666 0.0711428 0.751299
0.320125 9.9991E-05 0.120698 0.559076
0.0937415 0.0458699 0.128788 0.731601
0.168926 0.0070228 0.168532 0.655519
0.786122 0.110135 9.9991E-05 0.103643
0.816135 0.0180752 0.0763452 0.0894447
0.508463 0.052452 0.143506 0.295579
0.16276 0.0838382 0.110074 0.643328
0.182785 0.0916888 0.151654 0.573872
0.141405 9.9991E-05 0.141035 0.71746
0.0518601 0.0723255 0.136149 0.739665
9.9991E-05 0.218595 0.223501 0.557804
9.9991E-05 0.1975 0.214747 0.587653
0.309714 0.208846 0.397917 0.0835234
0.125002 0.014243 0.186676 0.674079
0.177127 0.176232 0.19295 0.453691
0.299169 0.229632 0.4711 9.9991E-05
0.0947191 0.294142 0.291801 0.319339
0.0784689 0.212515 0.351154 0.357862
0.0330852 0.0645617 0.378148 0.524206
0.13715 0.234369 0.136812 0.491669
0.0443425 0.222555 0.173455 0.559647
9.9991E-05 0.185323 0.168884 0.645693
0.121928 0.244083 0.157919 0.476069
0.00331131 0.140479 0.498735 0.357474
