9.9991E-05 0.0370893 0.0132727 0.949538
9.9982E-05 0.045075 9.9982E-05 0.954725
0.137385 9.9982E-05 9.9982E-05 0.862415
0.0421097 0.0272686 0.0914262 0.839195
0.0565442 0.0128999 0.0536231 0.876933
0.0306574 0.222829 0.138683 0.60783
0.00460467 0.134148 0.0125102 0.848737
9.999E-05 0.19792 0.0356716 0.766309
9.9982E-05 0.154105 9.9982E-05 0.845695
0.052701 0.0949249 0.131932 0.720442
0.040276 0.181057 9.9991E-05 0.778567
0.452666 0.474776 9.9991E-05 0.0724581
0.674248 0.215038 0.0396748 0.0710394
0.349665 0.423386 0.10833 0.118619
0.406079 0.332931 0.140551 0.120439
0.442063 0.275433 0.101529 0.180975
0.629963 0.206515 0.0708435 0.092678
0.469906 0.384426 0.13094 0.0147285
0.508618 0.269933 9.9991E-05 0.221349
0.156209 0.672349 0.00936088 0.162081
0.566121 0.298872 0.0972734 0.0377338
0.473692 0.375144 0.125451 0.0257133
0.657308 0.142298 0.0729048 0.127489
0.406714 0.40945 0.0837959 0.10004
0.638544 0.10261 0.137423 0.121423
0.509714 0.244466 0.189164 0.056656
0.353935 0.482692 0.055333 0.10804
0.337586 0.43606 0.16367 0.0626845
0.351671 0.497876 0.0518308 0.0986215
0.0743345 9.9991E-05 0.093757 0.831809
0.120525 9.9991E-05 0.0083181 0.871057
0.150734 9.9991E-05 0.0359857 0.813181
0.137018 9.9991E-05 0.140665 0.722217
0.705766 0.181799 9.9991E-05 0.112335
0.684413 0.15909 9.9991E-05 0.156397
0.791013 0.140092 9.9991E-05 0.0687957
0.336693 0.482764 9.9991E-05 0.180443
0.457142 0.466961 0.0503377 0.025559
0.596931 0.230178 0.0614868 0.111404
0.815374 0.0699847 0.0317164 0.0829249
0.712121 0.161152 0.0322103 0.0945168
0.793811 0.0946937 0.000350596 0.111145
0.384983 0.57782 9.9991E-05 0.0370975
0.643443 0.151334 0.153355 0.0518676
0.640007 0.123198 0.152053 0.0847419
0.624272 0.131195 0.119433 0.125101
0.551276 0.448524 9.9982E-05 9.9982E-05
0.770154 0.15835 9.9991E-05 0.0713957
0.61515 0.183894 0.0415831 0.159373
0.106028 0.802764 9.9991E-05 0.0911087
0.342676 0.657124 9.9982E-05 9.9982E-05
0.134844 0.738404 0.0921791 0.0345727
0.633288 0.0966587 0.156516 0.113537
0.686702 0.0978607 0.121461 0.0939762
0.670361 0.115576 0.12199 0.0920733
0.289944 0.515035 0.0100709 0.18495
0.616552 0.29488 0.0769385 0.0116292
0.641651 0.12468 0.16417 0.0694991
0.420428 0.406159 0.0338142 0.139599
0.180998 0.529471 0.00858549 0.280946
0.52366 0.175638 0.143612 0.15709
0.461371 0.389884 0.0856846 0.0630604
0.167961 0.710766 9.9991E-05 0.121173
0.697303 0.254963 0.00637461 0.0413589
0.621185 0.204929 0.145944 0.0279424
0.634087 0.130997 0.0925857 0.14233
0.408141 0.45895 0.0517329 0.0811762
0.645456 0.259998 0.023896 0.0706495
0.698342 0.125297 0.0673765 0.108985
0.323246 0.565316 9.9991E-05 0.111338
0.783084 0.216716 9.9982E-05 9.9982E-05
0.474837 0.506544 9.9991E-05 0.0185197
0.68856 0.225528 0.031632 0.0542801
0.246682 0.735721 0.0174969 9.9991E-05
0.264838 0.734962 9.9982E-05 9.9982E-05
0.595142 0.404658 9.9982E-05 9.9982E-05
0.673345 0.293946 9.9991E-05 0.0326084
0.64319 0.145268 0.0401022 0.171439
0.621221 0.293266 0.0427001 0.0428126
0.389602 0.575111 0.0254961 0.00979025
0.466188 0.476172 9.9991E-05 0.0575399
0.661588 0.125678 0.0785772 0.134158
0.60818 0.353809 9.9991E-05 0.0379113
0.687368 0.298733 9.9991E-05 0.0137994
0.660606 0.338435 9.9991E-05 0.000858804
0.186573 0.782079 0.0312484 9.9991E-05
0.823914 0.111397 0.0419972 0.0226921
0.123645 9.9991E-05 0.0235502 0.852705
0.0675969 9.9982E-05 9.9982E-05 0.932203
0.0806209 9.9991E-05 0.0370571 0.882222
0.0656536 9.9991E-05 0.0145914 0.919655
0.0900132 9.9982E-05 9.9982E-05 0.909787
0.0815779 9.9982E-05 9.9982E-05 0.918222
0.0225556 9.9991E-05 0.0386571 0.938687
0.694665 0.14377 0.0109998 0.150565
0.677041 0.126906 0.0707632 0.12529
0.350046 0.641584 9.9991E-05 0.00827003
0.729017 0.104105 0.0795358 0.0873425
0.693078 0.304295 9.9991E-05 0.00252769
0.729694 0.151253 0.0585033 0.0605492
0.74383 0.141953 0.0352158 0.0790014
0.645818 0.264469 0.0896127 9.9991E-05
0.195795 0.740584 9.9991E-05 0.0635215
0.667761 0.126851 0.0400397 0.165349
0.725818 0.139129 0.0318884 0.103164
0.658472 0.0710043 0.0778938 0.19263
0.579653 0.349391 9.9991E-05 0.0708559
0.752166 0.222675 9.9991E-05 0.0250588
0.662405 0.296328 9.9991E-05 0.041167
0.588405 0.411396 9.9982E-05 9.9982E-05
0.635114 0.291932 9.9991E-05 0.0728534
0.650883 0.153003 0.0650251 0.131089
0.275003 0.567387 0.0315995 0.12601
0.536519 0.260255 0.0412503 0.161976
0.676525 0.115525 9.9991E-05 0.20785
0.722126 0.0484209 0.123563 0.10589
0.631115 0.277981 9.9991E-05 0.090804
0.721025 0.212944 0.030625 0.0354054
0.652539 0.231467 9.9991E-05 0.115894
0.588089 0.224918 0.0608853 0.126107
0.757398 0.081045 9.9991E-05 0.161457
0.728432 0.175649 9.9991E-05 0.095819
0.689674 0.220163 9.9991E-05 0.0900634
0.689816 0.156244 0.15384 9.9991E-05
0.534295 0.170592 0.181342 0.113771
0.680328 0.182209 0.0706519 0.0668118
0.541157 0.211276 0.156388 0.0911789
0.673315 0.178519 0.116031 0.0321348
0.542443 0.260269 0.0383426 0.158945
0.652677 0.140909 0.185977 0.0204364
0.712457 0.0798112 0.120761 0.0869705
0.39397 0.508389 0.0437596 0.0538811
0.24828 0.574954 0.0816729 0.0950936
0.689204 0.155682 0.0646612 0.0904531
0.0872857 0.747076 0.165539 9.9991E-05
0.415807 0.469153 9.9991E-05 0.11494
0.615316 0.337652 0.000404732 0.0466274
0.461356 0.442758 9.9991E-05 0.0957856
0.442448 0.495905 9.9991E-05 0.0615468
0.706187 0.174726 0.0309886 0.088099
0.661733 0.123685 0.0824996 0.132082
0.620682 0.231145 0.0907283 0.0574452
0.26913 0.61961 0.102632 0.00862776
0.581921 0.147834 0.0516894 0.218556
0.485135 0.30426 0.177081 0.0335237
0.0611731 0.685799 0.0562675 0.196761
0.698001 0.0542743 0.0963303 0.151395
0.423272 0.363455 0.0861534 0.12712
0.569198 0.246536 0.0826664 0.101599
0.343883 0.455939 0.0915668 0.108611
0.313893 0.529643 0.00193237 0.154532
0.571817 0.336407 0.00329812 0.0884777
0.469775 0.251824 0.155572 0.12283
0.490113 0.270033 0.0798372 0.160017
0.0234325 0.656733 0.241604 0.0782304
0.681013 0.155566 0.0435643 0.119857
0.472828 0.503139 0.0222691 0.00176377
0.604575 0.351972 0.0306794 0.0127733
0.5973 0.0668726 0.179118 0.156709
0.124072 0.185787 0.364498 0.325644
9.9991E-05 0.173924 0.223143 0.602833
9.9991E-05 0.288634 0.226219 0.485048
0.131449 0.111542 0.392444 0.364565
0.706336 0.193569 0.0805045 0.0195901
0.617147 0.198967 0.140528 0.0433573
0.281086 9.9982E-05 0.718714 9.9982E-05
0.380255 0.080491 0.480116 0.0591381
0.322567 0.119644 0.487482 0.0703062
0.378906 0.491701 0.129293 9.9991E-05
0.645949 0.18864 0.0729436 0.0924681
0.244617 0.607377 0.126799 0.0212062
0.682457 0.208917 0.0335874 0.0750386
0.558889 0.278305 0.0621597 0.100647
0.598605 0.22389 0.126334 0.0511705
0.311554 0.593175 0.0470047 0.048267
0.685076 0.0943796 0.220444 9.9991E-05
0.596233 0.127231 0.158079 0.118456
0.00584879 9.9982E-05 0.993951 9.9982E-05
0.0884136 9.9982E-05 0.911386 9.9982E-05
0.311623 0.00216118 0.620546 0.0656701
0.260835 9.9991E-05 0.702922 0.0361429
0.0971042 0.0694006 0.833395 9.9991E-05
9.998E-05 9.998E-05 0.9997 9.998E-05
9.998E-05 9.998E-05 0.9997 9.998E-05
0.0660859 9.9982E-05 0.933714 9.9982E-05
0.0168063 9.9982E-05 0.982994 9.9982E-05
9.998E-05 9.998E-05 0.9997 9.998E-05
9.998E-05 9.998E-05 0.9997 9.998E-05
0.186242 0.0050667 0.784945 0.0237465
0.0845554 9.9991E-05 0.86468 0.0506643
9.998E-05 9.998E-05 0.9997 9.998E-05
0.500661 0.0265484 0.369541 0.10325
0.254613 0.0318485 0.695732 0.0178066
0.173484 9.9991E-05 0.807785 0.0186306
0.0739613 0.0081725 0.917766 9.9991E-05
9.9982E-05 9.9982E-05 0.990352 0.00944812
0.00576884 9.9991E-05 0.939324 0.0548072
9.998E-05 9.998E-05 0.9997 9.998E-05
0.255028 9.9991E-05 0.677166 0.0677062
0.0492747 9.9991E-05 0.920335 0.0302899
9.9991E-05 0.46643 0.125109 0.408361
0.381063 0.211419 0.128315 0.279203
0.438567 0.207609 0.118895 0.23493
0.181585 0.380565 0.207274 0.230576
0.471658 0.10333 0.219604 0.205408
0.114292 0.384433 0.246295 0.25498
0.528975 0.12471 0.141316 0.204999
0.42456 0.184084 0.230373 0.160983
0.505842 0.140727 0.180524 0.172908
0.431706 0.096148 0.271042 0.201105
0.371818 0.264943 0.224446 0.138792
0.07844 0.0749239 9.9991E-05 0.846536
9.9982E-05 9.9982E-05 0.0634834 0.936317
0.00994523 9.9982E-05 9.9982E-05 0.989855
0.0227517 9.9982E-05 9.9982E-05 0.977048
0.0158443 0.00451646 0.0346995 0.94494
9.9982E-05 9.9982E-05 0.103963 0.895837
9.9982E-05 9.9982E-05 0.0762787 0.923521
0.0166999 0.0678611 0.0201688 0.89527
0.0438725 9.9982E-05 9.9982E-05 0.955928
0.0302278 9.9991E-05 0.0758992 0.893773
9.9982E-05 0.327701 9.9982E-05 0.672099
0.00525603 0.35166 9.9991E-05 0.642984
9.9982E-05 0.390054 9.9982E-05 0.609746
0.00153885 0.44771 9.9991E-05 0.550651
0.733567 0.210906 9.9991E-05 0.055427
0.612332 0.273964 0.0852283 0.0284757
0.641272 0.174553 0.0971112 0.0870629
0.546934 0.312466 9.9991E-05 0.140501
0.27831 0.649298 0.0101558 0.0622365
0.681892 0.174343 0.120507 0.0232576
0.745624 0.234154 0.0201217 9.9991E-05
0.660239 0.282726 0.0569351 9.9991E-05
0.605054 0.35701 0.0378362 9.9991E-05
0.657223 0.191836 0.113768 0.0371743
0.601696 0.398104 9.9982E-05 9.9982E-05
0.106207 0.867552 0.0261418 9.9991E-05
0.665716 0.206792 0.0421782 0.0853138
0.379021 0.535597 0.0852822 9.9991E-05
0.760311 0.235899 0.00369003 9.9991E-05
0.367242 0.596769 9.9991E-05 0.0358899
0.0503684 0.706467 9.9991E-05 0.243064
0.124478 0.658356 9.9991E-05 0.217066
0.0432723 0.755507 9.9991E-05 0.201121
9.9982E-05 0.727352 9.9982E-05 0.272448
0.120323 0.754526 0.00919857 0.115952
0.08939 0.664559 0.0458026 0.200249
0.0714298 9.9991E-05 0.0409966 0.887474
0.0600002 0.0189381 0.0886593 0.832402
0.0731041 9.9991E-05 0.127809 0.798987
0.0758025 0.0143001 0.0847791 0.825118
0.101855 9.9991E-05 0.0669849 0.83106
9.9982E-05 0.488869 9.9982E-05 0.510931
9.9982E-05 0.481535 9.9982E-05 0.518265
0.0225276 0.469551 9.9991E-05 0.507821
0.146522 9.9991E-05 0.00741095 0.845967
0.0143371 0.511362 9.9991E-05 0.474201
0.208558 0.0569967 0.494345 0.240101
0.577046 0.0326998 0.25873 0.131524
0.456568 9.9991E-05 0.418598 0.124734
0.339722 0.10316 0.260219 0.296899
0.651618 0.0310889 0.174788 0.142505
9.9991E-05 0.155697 0.382155 0.462048
0.566648 0.397345 9.9991E-05 0.0359074
0.491312 0.415314 0.0352176 0.0581564
0.423511 0.392679 9.9991E-05 0.18371
0.567204 0.382098 0.0377958 0.0129027
9.9982E-05 0.98932 0.0104803 9.9982E-05
0.663875 0.161649 0.0741736 0.100302
0.533117 0.328887 0.068127 0.0698687
0.492208 0.364772 9.9991E-05 0.14292
0.504231 0.220948 0.172404 0.102418
0.274656 0.666761 0.0168264 0.0417562
0.558428 0.309461 0.0756114 0.0564996
0.615222 0.275411 0.0889065 0.0204611
0.410486 0.230092 0.210316 0.149106
0.472396 0.452789 0.0747156 9.9991E-05
0.592672 0.298202 0.0183373 0.0907883
0.498876 0.28735 0.183676 0.0300976
0.640542 0.248637 0.0127091 0.098112
0.617574 0.161647 0.199338 0.0214411
0.659268 0.137284 0.102431 0.101017
0.584442 0.209998 0.139128 0.0664315
0.0960373 9.9991E-05 0.0959182 0.807945
0.105584 9.9991E-05 0.0525078 0.841808
0.0981862 0.0772156 0.00340457 0.821194
0.0711984 0.0333646 0.0239292 0.871508
0.129272 9.9991E-05 0.00358531 0.867043
0.27263 0.583915 0.0341598 0.109295
0.517611 0.219722 0.165456 0.0972108
0.47751 0.0875791 0.222032 0.212878
0.705903 0.108603 0.121113 0.0643812
0.733031 0.181454 9.9991E-05 0.0854153
0.275208 0.542402 0.151489 0.0309012
0.0843986 0.682993 9.9991E-05 0.232509
0.680044 0.2489 9.9991E-05 0.070956
0.276792 0.563915 0.00108855 0.158205
0.566928 0.330967 0.0384182 0.0636876
0.190838 0.603523 0.0150782 0.190561
0.672407 0.10017 0.0857219 0.141702
0.285412 0.556715 0.00305903 0.154814
0.364092 0.484141 0.115919 0.0358485
0.500732 0.239625 0.167954 0.0916896
0.316545 0.567832 0.109908 0.00571566
0.632017 0.14618 0.0342188 0.187584
0.569632 0.121311 0.131013 0.178043
0.466082 0.478 0.00827308 0.0476449
0.500425 0.243302 0.123833 0.132441
0.570415 0.301642 0.0996087 0.028335
0.225869 0.773931 9.9982E-05 9.9982E-05
0.326436 0.609463 0.064001 9.9991E-05
0.606714 0.273004 0.0175884 0.102694
0.286423 0.674442 9.9991E-05 0.0390345
0.568884 0.322988 0.024249 0.0838782
0.244159 0.657747 9.9991E-05 0.0979945
0.322252 0.634522 0.043126 9.9991E-05
0.432425 0.397877 0.0756921 0.0940056
0.599964 0.168592 0.213781 0.0176636
0.363132 0.612883 9.9991E-05 0.0238846
0.475341 0.287505 0.105931 0.131223
0.599194 0.150863 0.161099 0.0888445
0.590571 0.189237 0.174396 0.0457961
0.568166 0.254045 0.128445 0.0493442
0.526465 0.338294 0.0715068 0.0637336
0.350086 0.50437 0.101638 0.0439057
0.386664 0.432033 0.174393 0.00690978
0.640037 0.244893 0.114969 9.9991E-05
0.707768 0.158596 0.0732232 0.0604124
0.4695 0.376983 0.0766888 0.0768282
0.562592 0.271319 0.141004 0.0250858
0.429122 0.323362 0.0969051 0.150612
0.723227 0.168827 0.0677894 0.0401569
0.692724 0.125529 0.0783551 0.103391
0.577148 0.170323 0.145987 0.106541
0.471762 9.9991E-05 0.177632 0.350506
0.559192 0.013124 0.309052 0.118632
0.683479 0.00268613 0.0921661 0.221669
0.559753 0.125506 0.229879 0.0848616
0.555124 0.0218979 0.260812 0.162165
0.568812 0.351961 0.0791271 9.9991E-05
0.469689 0.15902 0.226168 0.145123
0.0269518 0.472261 0.224758 0.27603
0.569723 0.130261 0.173706 0.126311
0.578702 0.103755 0.109774 0.20777
0.468906 0.125155 0.28759 0.118349
0.383838 0.188248 0.206962 0.220952
0.58819 0.0212223 0.203642 0.186945
0.637943 0.0199352 0.151732 0.190389
9.9991E-05 0.218817 0.263567 0.517516
0.566775 9.9991E-05 0.217637 0.215488
0.583186 9.9991E-05 0.258535 0.158179
0.623264 0.0559732 0.166961 0.153803
0.482722 9.9991E-05 0.296172 0.221006
0.598775 0.0585641 0.0974035 0.245257
0.535657 0.32048 0.110088 0.0337752
0.706191 0.14982 0.00629613 0.137692
0.112053 0.83164 0.0562071 9.9991E-05
0.109573 0.840394 0.0499328 9.9991E-05
0.549113 0.280978 0.132024 0.0378845
0.414164 0.0553186 0.406135 0.124383
0.34736 0.113721 0.479476 0.0594419
0.20627 0.197089 0.409201 0.18744
0.38516 0.114768 0.315267 0.184805
0.108311 0.566007 0.236817 0.0888647
0.220266 0.455096 0.223865 0.100774
0.60624 0.205811 0.187849 9.9991E-05
0.517398 0.279444 0.192048 0.0111105
0.142898 0.550185 0.285011 0.0219065
0.500842 0.265127 0.233931 9.9991E-05
0.517268 0.244577 0.238055 9.9991E-05
0.480338 0.217405 0.240165 0.0620924
0.463032 0.497101 0.039767 9.9991E-05
0.31198 0.512062 0.175858 9.9991E-05
0.621536 0.224789 0.117745 0.0359308
0.45049 0.360895 0.128499 0.0601157
0.513235 0.284536 0.131102 0.0711259
0.560936 0.39414 0.0448238 9.9991E-05
0.246442 0.651168 0.10229 9.9991E-05
0.576019 0.284567 0.139314 9.9991E-05
0.278571 0.603863 0.117465 9.9991E-05
0.502253 0.420017 0.0587496 0.0189806
0.609174 0.189055 0.0762608 0.125511
0.546843 0.280343 0.12904 0.0437742
0.534204 9.9991E-05 0.170951 0.294746
0.382824 0.165297 0.3195 0.132379
0.421274 0.0975495 0.291339 0.189838
0.411814 0.14011 0.228021 0.220055
0.439099 0.130548 0.249822 0.180531
0.45288 0.166752 0.217438 0.16293
9.9991E-05 0.5379 0.290068 0.171932
0.643783 0.0330869 0.146231 0.176899
9.9991E-05 0.362563 0.24238 0.394957
0.606514 0.077806 0.280299 0.0353802
0.30985 0.68995 9.9982E-05 9.9982E-05
9.9982E-05 0.91289 0.08691 9.9982E-05
0.631535 0.346498 0.021868 9.9991E-05
0.744923 0.153274 0.101703 9.9991E-05
0.506663 0.419868 0.073369 9.9991E-05
0.614131 0.309876 0.0758935 9.9991E-05
0.661617 0.263044 0.0752387 9.9991E-05
0.103693 0.0202995 0.0370352 0.838972
9.9991E-05 0.134393 0.148587 0.71692
9.9982E-05 9.9982E-05 0.0682345 0.931566
0.0471345 9.9982E-05 9.9982E-05 0.952666
0.666255 0.2358 0.0283354 0.0696097
0.700435 0.155449 0.0173634 0.126753
0.752129 0.203379 9.9991E-05 0.0443916
0.706734 0.10757 0.0943584 0.0913376
0.695918 0.126392 0.0341252 0.143564
0.447959 0.551841 9.9982E-05 9.9982E-05
0.907556 0.0922439 9.9982E-05 9.9982E-05
0.562492 0.428044 0.00248638 0.00697749
0.532507 0.00897496 0.211731 0.246788
0.579112 0.349071 0.071717 9.9991E-05
0.622516 0.370695 9.9991E-05 0.00668884
0.754602 0.245198 9.9982E-05 9.9982E-05
0.702996 0.296804 9.9982E-05 9.9982E-05
0.798212 0.129044 0.0726438 9.9991E-05
0.874875 0.0246803 9.9991E-05 0.100345
0.374191 0.625609 9.9982E-05 9.9982E-05
0.451504 0.528426 0.0131407 0.00692926
0.621656 0.361636 0.00598316 0.0107244
0.172083 0.813421 0.0143963 9.9991E-05
0.677685 0.314396 0.00781925 9.9991E-05
0.356306 0.643494 9.9982E-05 9.9982E-05
0.168269 0.825735 0.00569664 0.000299726
0.687719 0.183397 0.109505 0.0193789
0.420503 0.521752 9.9991E-05 0.0576452
0.663319 0.309956 0.0251241 0.00159989
0.718495 0.14822 0.0837516 0.0495331
0.79717 0.20263 9.99824E-05 9.99824E-05
0.405161 0.500571 0.094168 9.9991E-05
0.743125 0.256675 9.9982E-05 9.9982E-05
0.623621 0.292471 0.0343027 0.0496052
0.575605 0.424195 9.9982E-05 9.9982E-05
0.654281 0.210538 0.0497029 0.0854781
9.9982E-05 0.289722 9.9982E-05 0.710078
0.0337795 0.156228 0.0360579 0.773935
9.9982E-05 0.128842 9.9982E-05 0.870958
9.9982E-05 0.146047 9.9982E-05 0.853753
0.0529429 0.134473 9.9991E-05 0.812485
0.453675 0.491261 9.9991E-05 0.0549635
0.417428 0.545552 9.9991E-05 0.03692
0.44608 0.55372 9.9982E-05 9.9982E-05
0.514577 0.207163 0.150065 0.128195
0.654649 0.13229 0.148832 0.0642288
0.50775 0.465468 9.9991E-05 0.0266822
0.617073 0.216864 0.165964 9.9991E-05
0.597438 0.31211 0.0435933 0.0468591
0.741498 0.240536 9.9991E-05 0.0178654
0.728418 0.182289 0.0771416 0.0121519
0.51163 0.48817 9.9982E-05 9.9982E-05
0.623272 0.37434 9.9991E-05 0.00228774
0.594464 0.405336 9.9982E-05 9.9982E-05
0.748386 0.0959304 0.00888164 0.146802
0.642257 0.35175 9.9991E-05 0.00589266
0.664733 0.284437 0.00328001 0.0475504
0.430426 9.9991E-05 0.466033 0.103441
0.326536 0.0788568 0.510763 0.0838442
0.358554 9.9991E-05 0.556995 0.0843515
0.339133 0.0183641 0.537845 0.104658
0.449187 9.9991E-05 0.379046 0.171667
0.564424 0.333303 0.102173 9.9991E-05
9.9982E-05 9.9982E-05 0.726667 0.273133
0.326508 9.9991E-05 0.460983 0.212408
0.459463 0.150641 0.177539 0.212358
0.658553 0.111396 0.0266236 0.203427
0.482557 0.236027 0.107032 0.174384
0.663909 0.164363 0.0550897 0.116637
0.744659 0.120438 0.0253435 0.10956
0.331672 9.9991E-05 0.498614 0.169614
0.454326 9.9991E-05 0.377213 0.168361
0.386788 9.9991E-05 0.491507 0.121605
0.453579 0.0575327 0.359755 0.129133
0.258205 9.9991E-05 0.61906 0.122634
0.422779 0.0806269 0.340573 0.156022
0.222577 9.9991E-05 0.650012 0.127311
0.485287 0.0125844 0.41718 0.0849482
0.666503 0.169683 0.0650139 0.0988002
0.412628 9.9991E-05 0.400809 0.186463
0.190549 9.9991E-05 0.654242 0.155109
0.34541 0.1059 0.401152 0.147538
0.307139 0.446422 0.0132754 0.233164
0.628155 0.166837 0.176414 0.0285939
0.42511 0.0952593 0.3902 0.0894307
0.671174 0.124047 0.0446131 0.160166
0.605736 0.147234 0.00315811 0.243872
0.391602 0.11442 0.270696 0.223282
0.338351 0.129783 0.350848 0.181019
0.674309 0.0929836 0.12681 0.105898
0.30484 0.166376 0.466297 0.0624874
0.375619 9.9991E-05 0.52736 0.0969208
0.0960544 0.013123 0.659993 0.23083
0.684426 0.177262 0.0899873 0.0483254
0.587581 0.219604 9.9991E-05 0.192715
0.216886 0.512481 0.126834 0.1438
0.494464 0.151149 0.186334 0.168053
0.527518 0.310341 0.0381011 0.12404
0.575931 0.000611971 0.159164 0.264293
0.581192 0.125789 0.110803 0.182216
9.9991E-05 0.396817 0.290514 0.31257
9.9991E-05 0.399148 0.236138 0.364614
0.267487 0.345539 0.205448 0.181526
0.0021791 0.383504 0.281908 0.332409
9.9991E-05 0.186666 0.3542 0.459034
0.303604 0.269822 0.288535 0.138038
0.451946 0.153974 0.130138 0.263943
0.180216 0.272076 0.213398 0.334311
0.0954305 0.348747 0.265713 0.29011
0.481121 0.176935 0.149232 0.192712
0.101716 0.408019 0.270244 0.220021
9.9991E-05 0.316688 0.176619 0.506593
0.501603 0.173441 0.144953 0.180003
0.316316 0.202602 0.318591 0.16249
0.511527 9.9991E-05 0.141907 0.346466
0.525371 9.9991E-05 0.302122 0.172407
0.537384 0.0151075 0.239219 0.208289
0.538087 9.9991E-05 0.223484 0.238329
0.355151 0.000535773 0.2374 0.406913
0.549039 9.9991E-05 0.254588 0.196273
0.495338 9.9991E-05 0.271484 0.233079
0.3742 0.0440122 0.280068 0.30172
0.409804 0.244404 0.184028 0.161764
0.659373 9.9991E-05 0.11472 0.225807
0.534925 0.066905 0.150265 0.247905
0.617444 0.0594751 0.130202 0.192878
0.355841 0.0329008 0.357549 0.253709
0.512189 0.026653 0.289647 0.171511
0.160711 0.147696 0.250929 0.440663
0.56358 9.9991E-05 0.259615 0.176704
0.13475 0.1034 0.428744 0.333106
0.0332022 0.134718 9.9991E-05 0.83198
0.159431 0.597978 9.9991E-05 0.242491
9.9982E-05 0.83428 9.9982E-05 0.16552
0.0447388 0.755112 9.9991E-05 0.200049
0.113866 0.796926 9.9991E-05 0.0891081
0.153754 0.662109 9.9991E-05 0.184038
0.122406 0.73728 9.9991E-05 0.140214
0.0208467 0.780988 9.9991E-05 0.198065
0.0747294 0.568714 9.9991E-05 0.356456
0.0362541 0.000809132 0.00476206 0.958175
0.0290168 0.0871318 0.0234044 0.860447
9.9991E-05 0.00647802 0.0781915 0.91523
0.0283364 0.125677 0.000136745 0.84585
0.0378254 9.9991E-05 0.0368625 0.925212
9.9991E-05 0.0619321 0.00892428 0.929044
0.0427466 0.0495645 0.146962 0.760726
0.0392028 0.0294573 0.0752331 0.856107
0.0950338 0.107827 0.0898182 0.707321
9.9982E-05 9.9982E-05 0.0942315 0.905569
9.9982E-05 0.0169368 9.9982E-05 0.982863
9.9991E-05 0.0281181 0.100476 0.871306
9.998E-05 9.998E-05 9.998E-05 0.9997
0.036113 9.9991E-05 0.0190734 0.944714
0.0573115 9.9991E-05 0.044001 0.898588
0.0721186 9.9991E-05 0.0757123 0.852069
0.0758609 9.9991E-05 0.11429 0.809749
0.103904 9.9991E-05 0.113369 0.782627
0.102655 9.9991E-05 0.0663981 0.830847
0.47133 0.285671 0.0632232 0.179776
0.783163 0.0988842 9.9991E-05 0.117853
0.652965 0.108004 0.0474148 0.191616
0.145837 0.68109 0.103661 0.0694109
0.659435 0.148899 0.0193643 0.172302
0.175835 0.520998 0.111857 0.19131
0.73581 0.0691284 0.0865844 0.108477
0.559255 0.294719 9.9991E-05 0.145926
0.672741 0.162889 9.9991E-05 0.16427
0.722244 0.231847 9.9991E-05 0.0458089
0.578808 0.263719 9.9991E-05 0.157372
0.698538 0.0986568 0.0892718 0.113534
0.667864 0.144339 0.0270053 0.160791
0.1694 0.704346 0.0861723 0.0400812
9.9991E-05 0.865703 0.0438069 0.0903902
0.109883 0.659038 0.159384 0.0716938
0.754643 0.106287 0.00746597 0.131604
0.583305 0.204105 0.0326511 0.179939
0.658133 0.122707 0.00291731 0.216243
0.775779 0.056861 0.082422 0.0849377
0.523815 0.0248161 0.179019 0.27235
0.580058 0.0170129 0.229851 0.173079
0.222707 0.193651 0.16562 0.418023
0.731094 0.0694788 0.0278523 0.171575
0.515036 0.0281206 0.161857 0.294987
9.9991E-05 0.321836 0.25538 0.422684
0.416576 0.105258 0.188121 0.290045
0.320435 0.103093 0.197767 0.378705
0.443804 0.0778991 0.107905 0.370392
0.509444 0.0965267 0.1797 0.21433
0.497738 0.0362327 0.234061 0.231968
0.622569 9.9991E-05 0.207313 0.170018
0.459791 0.13105 0.232125 0.177034
0.333616 9.9991E-05 0.172834 0.49345
