0.108304 9.9991E-05 0.891596
0.0575508 9.9991E-05 0.942349
0.122287 0.00666227 0.871051
0.144873 0.0390704 0.816057
0.112844 9.9991E-05 0.887056
0.137039 0.185825 0.677136
0.0534386 0.0857074 0.860854
0.0731242 0.128129 0.798747
9.9991E-05 0.0658797 0.93402
0.079029 0.105195 0.815776
0.106711 0.116764 0.776525
0.0794425 0.754455 0.166102
0.332613 0.612614 0.0547734
0.17637 0.715993 0.107637
0.225123 0.640338 0.13454
0.354351 0.553502 0.0921473
0.399282 0.593677 0.00704113
0.283722 0.65783 0.0584473
0.178124 0.636254 0.185622
9.9991E-05 0.786132 0.213768
0.25945 0.669405 0.071145
0.281958 0.691326 0.0267158
0.333686 0.642833 0.0234806
0.141883 0.681016 0.177101
0.421751 0.528127 0.0501222
0.313955 0.634663 0.0513822
0.0811224 0.760506 0.158371
0.179637 0.685615 0.134748
0.0436972 0.804757 0.151545
0.146503 9.9991E-05 0.853397
0.153356 9.9991E-05 0.846544
0.21131 9.9991E-05 0.78859
0.231703 9.9991E-05 0.768197
0.284562 0.641579 0.0738594
0.355506 0.625863 0.0186305
0.343916 0.655984 9.9991E-05
0.0146497 0.800653 0.184698
0.160953 0.838948 9.9991E-05
0.34383 0.630542 0.025628
0.41406 0.58584 9.9991E-05
0.297264 0.593872 0.108864
0.360853 0.584678 0.0544699
0.0265108 0.909269 0.0642205
0.435385 0.54434 0.0202752
0.355692 0.644208 9.9991E-05
0.42182 0.505492 0.0726871
0.156446 0.843454 9.9991E-05
0.380405 0.60813 0.0114648
0.349211 0.58023 0.0705599
9.9991E-05 0.865627 0.134273
9.9991E-05 0.881142 0.118758
0.071342 0.805413 0.123245
0.384434 0.555208 0.0603579
0.377904 0.569535 0.0525616
0.434909 0.544255 0.020836
0.044867 0.699998 0.255135
0.30661 0.673626 0.0197634
0.381027 0.566266 0.0527068
0.246009 0.616844 0.137147
0.0113957 0.679625 0.308979
0.370353 0.575485 0.054162
0.315698 0.62719 0.0571129
9.9991E-05 0.784931 0.214969
0.236973 0.717541 0.045486
0.382213 0.617687 9.9991E-05
0.37058 0.599408 0.0300123
0.138315 0.690523 0.171162
0.317121 0.63101 0.0518693
0.362877 0.627684 0.00943894
0.0406132 0.81015 0.149237
0.274938 0.724962 9.9991E-05
0.109648 0.873468 0.0168837
0.314143 0.615224 0.0706326
9.9991E-05 0.990129 0.00977072
9.999E-05 0.9998 9.999E-05
0.111281 0.888619 9.9991E-05
0.261003 0.738897 9.9991E-05
0.354397 0.598577 0.047026
0.25095 0.74895 9.9991E-05
0.0379463 0.881927 0.0801268
0.094794 0.892188 0.0130182
0.363195 0.582381 0.0544238
0.196678 0.801557 0.0017653
0.235463 0.764437 9.9991E-05
0.239906 0.759994 9.9991E-05
9.9991E-05 0.9186 0.0813001
0.426434 0.573466 9.9991E-05
0.0980686 0.0358101 0.866121
0.118833 9.9991E-05 0.881067
0.175647 9.9991E-05 0.824253
0.111855 9.9991E-05 0.888045
0.0812634 9.9991E-05 0.918637
0.144338 9.9991E-05 0.855562
0.105446 9.9991E-05 0.894454
0.374189 0.58559 0.0402209
0.392815 0.548297 0.0588879
9.9991E-05 0.882768 0.117132
0.358355 0.610578 0.0310674
0.184685 0.788265 0.0270508
0.310466 0.679355 0.0101793
0.331791 0.668109 9.9991E-05
0.31061 0.68929 9.9991E-05
9.9991E-05 0.892678 0.107222
0.331358 0.579093 0.0895487
0.435368 0.564532 9.9991E-05
0.391976 0.562712 0.0453125
0.150373 0.842407 0.00722062
0.268658 0.731242 9.9991E-05
0.238941 0.760959 9.9991E-05
0.202634 0.797266 9.9991E-05
0.244423 0.744558 0.0110195
0.370561 0.595343 0.0340964
0.161702 0.731857 0.106441
0.189393 0.681514 0.129093
0.365489 0.500045 0.134466
0.397805 0.524114 0.0780817
0.21956 0.708011 0.0724286
0.357261 0.630462 0.0122776
0.220792 0.677857 0.101351
0.316082 0.601161 0.0827566
0.396285 0.568419 0.0352957
0.322863 0.638222 0.0389148
0.300809 0.66557 0.0336213
0.428467 0.571121 0.000412281
0.38765 0.567769 0.0445815
0.368593 0.631307 9.9991E-05
0.388964 0.521734 0.0893027
0.379796 0.620104 9.9991E-05
0.218283 0.652029 0.129688
0.427169 0.566115 0.00671547
0.39196 0.60794 9.9991E-05
0.0626591 0.797334 0.140007
0.0622649 0.805652 0.132083
0.302656 0.632119 0.0652245
9.9991E-05 0.908836 0.0910643
0.128594 0.79444 0.0769656
0.222973 0.742375 0.0346518
0.142245 0.750282 0.107473
0.136463 0.796869 0.0666676
0.341907 0.642799 0.015294
0.390135 0.557489 0.0523755
0.364981 0.614639 0.0203799
0.0593304 0.823366 0.117303
0.34152 0.56264 0.0958398
0.289773 0.653541 0.0566855
9.9991E-05 0.733213 0.266687
0.429552 0.541629 0.0288186
0.170808 0.66746 0.161732
0.36358 0.563387 0.0730321
0.0985902 0.714854 0.186555
9.9991E-05 0.776746 0.223154
0.238765 0.699021 0.0622143
0.328875 0.577119 0.0940059
0.288163 0.56429 0.147547
0.074639 0.760825 0.164536
0.39066 0.57067 0.0386705
0.111522 0.888378 9.9991E-05
0.200704 0.782076 0.0172208
0.441658 0.53041 0.0279317
0.327432 0.225576 0.446992
0.123111 0.154085 0.722804
0.114164 0.165626 0.720211
0.326389 0.245972 0.427639
0.303701 0.696199 9.9991E-05
0.392951 0.593005 0.0140445
0.885559 0.114341 9.9991E-05
0.680797 0.275058 0.0441449
0.628213 0.279353 0.0924332
0.113195 0.809263 0.0775413
0.314086 0.563187 0.122727
0.0767774 0.882253 0.0409695
0.33838 0.63919 0.0224296
0.26487 0.677015 0.0581157
0.307697 0.692203 9.9991E-05
0.0741077 0.835285 0.0906074
0.430893 0.569007 9.9991E-05
0.325375 0.592724 0.0819011
0.935679 9.9991E-05 0.0642214
0.916137 9.9991E-05 0.0837628
0.746472 0.189002 0.0645261
0.864118 0.133378 0.002504
0.892364 0.018884 0.0887517
0.916974 9.9991E-05 0.0829262
0.912776 9.9991E-05 0.0871237
0.963337 0.00754966 0.0291135
0.903936 9.9991E-05 0.0959643
0.930087 9.9991E-05 0.0698131
0.927791 9.9991E-05 0.0721091
0.907164 0.00738034 0.0854555
0.854275 0.0135676 0.132157
0.942888 9.9991E-05 0.0570116
0.595346 0.297146 0.107507
0.812794 0.0999607 0.0872455
0.906667 9.9991E-05 0.0932333
0.910293 9.9991E-05 0.0896074
0.957832 9.9991E-05 0.0420678
0.923952 9.9991E-05 0.0759484
0.921851 9.9991E-05 0.0780488
0.784983 0.137257 0.0777602
0.916632 9.9991E-05 0.0832684
0.0193456 0.508839 0.471816
0.315319 0.452225 0.232456
0.31361 0.517444 0.168945
0.207307 0.48968 0.303013
0.382432 0.488717 0.12885
0.131898 0.475895 0.392207
0.351287 0.478775 0.169938
0.325669 0.443331 0.231
0.391731 0.43966 0.168609
0.310224 0.463123 0.226653
0.374071 0.443352 0.182577
0.0839338 0.0125523 0.903514
0.119162 9.9991E-05 0.880738
0.0724192 9.9991E-05 0.927481
0.0336085 9.9991E-05 0.966292
0.0886914 9.9991E-05 0.911209
0.0591242 9.9991E-05 0.940776
0.105369 9.9991E-05 0.894531
0.0465381 9.9991E-05 0.953362
0.110438 9.9991E-05 0.889462
0.087246 9.9991E-05 0.912654
9.9991E-05 0.292359 0.707541
9.9991E-05 0.259125 0.740775
9.9991E-05 0.348581 0.651319
9.9991E-05 0.404541 0.595359
0.279583 0.678208 0.0422082
0.282977 0.713379 0.00364391
0.331579 0.663283 0.00513776
0.143446 0.789469 0.0670851
0.0432008 0.828054 0.128746
0.386344 0.613556 9.9991E-05
0.311318 0.688582 9.9991E-05
0.298187 0.701713 9.9991E-05
0.231919 0.767981 9.9991E-05
0.388034 0.611866 9.9991E-05
0.217688 0.782212 9.9991E-05
9.999E-05 0.9998 9.999E-05
0.334222 0.649002 0.0167761
0.0690641 0.930836 9.9991E-05
0.312804 0.687096 9.9991E-05
0.0222242 0.922072 0.0557035
9.9991E-05 0.639779 0.360121
9.9991E-05 0.691059 0.308841
9.9991E-05 0.693892 0.306008
9.9991E-05 0.680664 0.319236
9.9991E-05 0.7449 0.255
9.9991E-05 0.718467 0.281433
0.12055 9.9991E-05 0.87935
0.134484 0.044664 0.820852
0.185493 0.0514946 0.763013
0.153744 9.9991E-05 0.846156
0.197125 0.0335016 0.769374
9.9991E-05 0.421284 0.578616
9.9991E-05 0.40009 0.59981
9.9991E-05 0.414815 0.585085
0.137934 0.0287532 0.833313
9.9991E-05 0.458173 0.541727
0.497582 0.204902 0.297516
0.548335 0.3298 0.121865
0.628322 0.228642 0.143035
0.46674 0.229862 0.303398
0.45744 0.401483 0.141077
0.308732 0.105923 0.585346
0.177623 0.769013 0.0533638
0.240378 0.758541 0.00108096
0.0890336 0.801092 0.109874
0.281952 0.717948 9.9991E-05
9.9991E-05 0.89947 0.10043
0.397861 0.571896 0.0302439
0.309269 0.690631 9.9991E-05
0.13188 0.766071 0.102049
0.323749 0.621558 0.0546927
9.9991E-05 0.929655 0.0702449
0.342705 0.657195 9.9991E-05
0.256734 0.723336 0.0199295
0.396454 0.501581 0.101965
0.187264 0.780712 0.0320244
0.236003 0.7636 0.000397012
0.334901 0.664999 9.9991E-05
0.27059 0.72931 9.9991E-05
0.403261 0.596639 9.9991E-05
0.338422 0.578448 0.08313
0.369224 0.601596 0.0291803
0.189787 9.9991E-05 0.810113
0.138573 9.9991E-05 0.861327
0.0954527 0.0203273 0.88422
0.114854 9.9991E-05 0.885046
0.123511 9.9991E-05 0.876389
0.00351937 0.791646 0.204834
0.356079 0.643821 9.9991E-05
0.510668 0.297168 0.192164
0.410195 0.589705 9.9991E-05
0.299692 0.684202 0.0161055
0.130467 0.787656 0.0818766
9.9991E-05 0.748512 0.251388
0.244624 0.680473 0.0749027
0.0922339 0.743224 0.164542
0.266248 0.685909 0.0478424
9.9991E-05 0.75999 0.23991
0.359543 0.542035 0.0984218
0.00896882 0.777056 0.213975
0.189613 0.710021 0.100366
0.312642 0.624009 0.0633497
0.0883438 0.844686 0.0669707
0.290917 0.692237 0.0168463
0.339869 0.574603 0.0855276
0.0542271 0.843321 0.102452
0.33594 0.603993 0.0600668
0.28531 0.691657 0.0230334
9.9991E-05 0.896872 0.103028
0.0243435 0.84547 0.130187
0.184102 0.745439 0.0704593
9.9991E-05 0.888913 0.110987
0.22904 0.760226 0.0107339
0.00928055 0.808134 0.182586
0.147798 0.808956 0.0432462
0.229728 0.674944 0.095328
0.370028 0.626011 0.00396109
0.0791939 0.829286 0.0915203
0.323894 0.629853 0.0462532
0.384765 0.61034 0.00489547
0.345311 0.654589 9.9991E-05
0.337853 0.662047 9.9991E-05
0.266097 0.669827 0.0640764
0.110979 0.78148 0.107541
0.227715 0.740893 0.0313915
0.338245 0.661655 9.9991E-05
0.40589 0.59401 9.9991E-05
0.224266 0.66585 0.109884
0.331067 0.668834 9.9991E-05
0.195126 0.741018 0.0638556
0.36663 0.611573 0.0217969
0.279009 0.653056 0.0679353
0.355253 0.578314 0.0664324
0.427312 0.292572 0.280116
0.491167 0.430262 0.078571
0.408736 0.432655 0.158609
0.455774 0.483328 0.0608978
0.483182 0.346943 0.169875
0.252315 0.747585 9.9991E-05
0.461116 0.434108 0.104776
0.179181 0.473072 0.347747
0.472046 0.482358 0.0455959
0.495522 0.41943 0.0850477
0.510168 0.440254 0.0495781
0.264674 0.475856 0.25947
0.457163 0.414229 0.128608
0.505892 0.393 0.101108
0.0954031 0.208205 0.696392
0.464441 0.369942 0.165617
0.545252 0.33404 0.120708
0.450803 0.499317 0.0498806
0.574454 0.306726 0.11882
0.442434 0.385562 0.172005
0.268518 0.731382 9.9991E-05
0.322841 0.639859 0.0372998
9.9991E-05 0.953142 0.0467577
9.9991E-05 0.927671 0.0722285
0.313077 0.648021 0.0389017
0.54443 0.282412 0.173158
0.516288 0.311537 0.172175
0.446021 0.324837 0.229142
0.514127 0.314101 0.171771
0.0915593 0.704971 0.20347
0.123654 0.677286 0.19906
0.387198 0.612702 9.9991E-05
0.369588 0.552012 0.0783997
0.188664 0.712937 0.0983987
0.381474 0.593377 0.0251489
0.418407 0.581493 9.9991E-05
0.385388 0.570993 0.0436196
0.179692 0.799226 0.0210811
0.21419 0.770939 0.0148712
0.285409 0.712415 0.00217631
0.271228 0.69235 0.0364222
0.3761 0.573202 0.0506986
0.258307 0.741593 9.9991E-05
0.0667412 0.900986 0.032273
0.385897 0.614003 9.9991E-05
0.0584276 0.904756 0.0368169
0.26052 0.719895 0.0195848
0.320538 0.619262 0.0601992
0.31355 0.625931 0.0605188
0.423378 0.429198 0.147424
0.413297 0.447481 0.139222
0.483568 0.32063 0.195803
0.449635 0.351668 0.198696
0.437088 0.4152 0.147712
0.405857 0.449071 0.145071
0.103179 0.59542 0.301401
0.537718 0.384289 0.077993
0.0833406 0.370345 0.546314
0.474387 0.497608 0.0280052
0.00671556 0.960553 0.0327315
9.9991E-05 0.952069 0.0478314
0.25717 0.74273 9.9991E-05
0.370775 0.629125 9.9991E-05
0.218455 0.781445 9.9991E-05
0.338582 0.661318 9.9991E-05
0.310405 0.689495 9.9991E-05
0.0680905 0.0166735 0.915236
0.140936 0.0615146 0.797549
0.0628218 9.9991E-05 0.937078
0.0680472 9.9991E-05 0.931853
0.340443 0.659457 9.9991E-05
0.307266 0.692634 9.9991E-05
0.302459 0.697441 9.9991E-05
0.352473 0.635302 0.0122249
0.358019 0.602822 0.0391596
0.121262 0.826956 0.0517819
0.356264 0.643636 9.9991E-05
0.133597 0.866303 9.9991E-05
0.39008 0.299058 0.310861
0.290612 0.709288 9.9991E-05
0.157092 0.842808 9.9991E-05
0.291615 0.708285 9.9991E-05
0.249907 0.749993 9.9991E-05
0.334391 0.665509 9.9991E-05
0.328153 0.665493 0.00635441
9.999E-05 0.9998 9.999E-05
0.150654 0.849246 9.9991E-05
0.224916 0.774984 9.9991E-05
9.999E-05 0.9998 9.999E-05
0.22286 0.751518 0.0256228
9.9991E-05 0.972411 0.0274892
9.9991E-05 0.963024 0.0368756
0.336779 0.663121 9.9991E-05
0.0521127 0.882431 0.0654565
0.244098 0.755802 9.9991E-05
0.382176 0.549407 0.0684168
0.281281 0.718619 9.9991E-05
0.162551 0.807437 0.030012
0.327068 0.672832 9.9991E-05
0.277487 0.722413 9.9991E-05
0.161125 0.838775 9.9991E-05
0.328679 0.620873 0.0504473
9.9991E-05 0.219482 0.780418
9.9991E-05 0.151042 0.848858
9.9991E-05 0.0568722 0.943028
9.9991E-05 0.088321 0.911579
0.0206434 0.170491 0.808866
0.0576819 0.850441 0.091877
0.00270527 0.893392 0.103902
0.102557 0.897343 9.9991E-05
0.366032 0.581671 0.0522971
0.370785 0.553006 0.0762087
0.173692 0.821385 0.00492274
0.419284 0.580616 9.9991E-05
0.287267 0.712633 9.9991E-05
0.306649 0.693251 9.9991E-05
0.340022 0.659878 9.9991E-05
0.112301 0.871061 0.016638
0.13769 0.86221 9.9991E-05
0.157725 0.838713 0.00356239
0.381993 0.551583 0.0664233
0.202865 0.797035 9.9991E-05
0.21751 0.77828 0.00420972
0.639116 0.249988 0.110896
0.631134 0.228248 0.140619
0.715209 0.202629 0.0821617
0.684609 0.120343 0.195049
0.606784 0.297417 0.0957991
0.329333 0.640575 0.0300921
0.651462 9.9991E-05 0.348438
0.705905 0.109776 0.184318
0.358283 0.441561 0.200155
0.313143 0.570716 0.116141
0.272381 0.597826 0.129793
0.35614 0.554246 0.0896142
0.404712 0.517627 0.0776602
0.707856 0.125801 0.166343
0.614886 0.233337 0.151777
0.763977 0.144506 0.0915169
0.52935 0.341616 0.129034
0.645112 0.138256 0.216632
0.604267 0.28351 0.112223
0.678562 0.11225 0.209189
0.611874 0.316153 0.0719734
0.296054 0.602282 0.101664
0.569662 0.260467 0.169871
0.696253 0.0229481 0.280799
0.606029 0.271109 0.122862
0.0977895 0.657987 0.244224
0.406444 0.587389 0.00616699
0.613085 0.228883 0.158032
0.298131 0.586528 0.115341
0.281276 0.553017 0.165707
0.436686 0.342934 0.22038
0.475454 0.282814 0.241733
0.413958 0.489663 0.0963793
0.564804 0.305115 0.130082
0.709186 0.192477 0.0983379
0.749286 0.0122046 0.23851
0.416315 0.548461 0.0352239
0.213746 0.634772 0.151482
0.0403135 0.72014 0.239547
0.411377 0.482328 0.106296
0.226669 0.652061 0.12127
0.452643 0.386453 0.160904
0.377771 0.494488 0.127741
0.108286 0.336494 0.555221
0.0580859 0.405703 0.536211
0.268078 0.510332 0.22159
0.19613 0.324798 0.479072
0.203544 0.170029 0.626427
0.323586 0.457103 0.219311
0.390995 0.3807 0.228305
0.239428 0.376844 0.383728
0.163803 0.419073 0.417124
0.425646 0.432436 0.141918
0.241176 0.420799 0.338025
0.0454426 0.356808 0.597749
0.413096 0.507348 0.0795559
0.369043 0.365326 0.265631
0.445453 0.25497 0.299576
0.633919 0.236712 0.129368
0.556446 0.325108 0.118446
0.602983 0.304273 0.0927442
0.42526 0.20903 0.365711
0.479887 0.33826 0.181853
0.52716 0.265467 0.207373
0.433561 0.295592 0.270847
0.302638 0.465617 0.231745
0.423905 0.404373 0.171722
0.471359 0.418577 0.110064
0.452547 0.473141 0.0743122
0.486154 0.280772 0.233074
0.507902 0.324692 0.167407
0.356841 0.173002 0.470157
0.467366 0.37869 0.153944
0.441331 0.215736 0.342932
0.02779 0.0902146 0.881995
9.9991E-05 0.745732 0.254168
9.9991E-05 0.712207 0.287693
9.9991E-05 0.745306 0.254594
9.9991E-05 0.80319 0.19671
9.9991E-05 0.761416 0.238484
9.9991E-05 0.782006 0.217894
9.9991E-05 0.743181 0.256719
9.9991E-05 0.610554 0.389346
0.0564419 0.0159894 0.927569
0.0817104 0.0773991 0.84089
0.0803377 0.00470368 0.914959
0.0616255 0.0629526 0.875422
0.098271 0.0136006 0.888128
0.108304 9.9991E-05 0.891596
0.201261 0.023562 0.775177
0.141449 9.9991E-05 0.858451
0.18083 0.0842496 0.73492
0.125409 9.9991E-05 0.874491
0.0384636 9.9991E-05 0.961436
0.132086 9.9991E-05 0.867814
0.0333382 9.9991E-05 0.966562
0.0909244 9.9991E-05 0.908976
0.131146 9.9991E-05 0.868754
0.106428 9.9991E-05 0.893472
0.182345 9.9991E-05 0.817555
0.186211 9.9991E-05 0.813689
0.215035 9.9991E-05 0.784865
0.196508 0.662637 0.140855
0.366993 0.598425 0.0345823
0.365906 0.550095 0.0839987
0.0189026 0.753892 0.227205
0.260328 0.624243 0.115429
9.9991E-05 0.726053 0.273847
0.417937 0.518709 0.0633541
0.187283 0.641103 0.171614
0.270666 0.569214 0.16012
0.266533 0.709171 0.0242955
0.237913 0.643803 0.118284
0.421713 0.570881 0.00740653
0.303273 0.585268 0.111459
9.9991E-05 0.85279 0.14711
9.9991E-05 0.75282 0.24708
0.0473046 0.716184 0.236511
0.350177 0.586564 0.0632586
0.302495 0.62085 0.0766549
0.339857 0.597822 0.0623213
0.409561 0.544611 0.0458284
0.422762 0.352763 0.224475
0.476049 0.379883 0.144068
0.243682 0.299971 0.456347
0.379521 0.484887 0.135592
0.363775 0.415396 0.220829
0.152336 0.270094 0.577571
0.400362 0.293121 0.306517
0.348675 0.270918 0.380407
0.346523 0.341973 0.311504
0.432712 0.408922 0.158365
0.449446 0.393592 0.156962
0.483577 0.434511 0.0819116
0.389607 0.435333 0.17506
0.288275 0.208499 0.503226
