0.0857524 9.9991E-05 0.914148
0.05755 9.9991E-05 0.94235
0.110251 0.0101837 0.879565
0.136963 0.0516739 0.811363
0.099507 9.9991E-05 0.900393
0.141958 0.156276 0.701766
0.0528729 0.0947851 0.852342
0.0710777 0.141879 0.787043
9.9991E-05 0.0759087 0.923991
0.0805647 0.127039 0.792396
0.105441 0.127116 0.767443
0.107423 0.73377 0.158807
0.364262 0.602972 0.0327658
0.16129 0.724941 0.113769
0.225572 0.644068 0.13036
0.344691 0.543321 0.111989
0.390844 0.609056 9.9991E-05
0.263449 0.687741 0.0488103
0.18949 0.612545 0.197965
9.9991E-05 0.801235 0.198665
0.245804 0.706612 0.0475831
0.260277 0.701575 0.0381473
0.359737 0.640163 9.9991E-05
0.148973 0.684997 0.16603
0.452416 0.512372 0.0352129
0.338867 0.630357 0.0307755
0.0921438 0.741601 0.166255
0.167922 0.691516 0.140562
0.0449849 0.798668 0.156347
0.16773 9.9991E-05 0.83217
0.147686 9.9991E-05 0.852214
0.213642 9.9991E-05 0.786258
0.239419 0.0123723 0.748209
0.273904 0.656065 0.0700317
0.325288 0.625781 0.0489305
0.33031 0.66959 9.9991E-05
0.005557 0.79484 0.199603
0.143097 0.856803 9.9991E-05
0.334446 0.635438 0.0301157
0.421384 0.578516 9.9991E-05
0.31659 0.596852 0.086558
0.351694 0.606561 0.0417449
0.0079612 0.935141 0.0568977
0.424655 0.575245 9.9991E-05
0.376201 0.623699 9.9991E-05
0.398788 0.54574 0.0554717
0.156041 0.843859 9.9991E-05
0.409321 0.572507 0.0181718
0.384046 0.53915 0.0768046
9.9991E-05 0.868965 0.130935
9.9991E-05 0.857621 0.142279
0.055484 0.806661 0.137855
0.402507 0.553385 0.0441075
0.404749 0.55631 0.0389409
0.415819 0.539847 0.0443346
0.0534102 0.710814 0.235776
0.313483 0.651186 0.0353304
0.382322 0.562045 0.0556324
0.237573 0.625298 0.137129
0.0216245 0.685903 0.292472
0.337722 0.592568 0.0697101
0.289605 0.633881 0.0765145
9.9991E-05 0.766648 0.233252
0.202336 0.749489 0.0481752
0.393416 0.606484 9.9991E-05
0.397849 0.580822 0.0213287
0.160717 0.682368 0.156915
0.339498 0.63059 0.0299121
0.370842 0.596619 0.032539
0.0502174 0.788169 0.161613
0.277352 0.722548 9.9991E-05
0.091593 0.889508 0.0188992
0.358414 0.59926 0.042326
9.9991E-05 0.995931 0.00396883
9.999E-05 0.9998 9.999E-05
0.101333 0.898567 9.9991E-05
0.274544 0.725356 9.9991E-05
0.384503 0.55451 0.0609874
0.302262 0.697638 9.9991E-05
0.051444 0.883208 0.0653483
0.11897 0.876254 0.00477521
0.37556 0.590107 0.0343328
0.182137 0.796473 0.0213899
0.252492 0.747408 9.9991E-05
0.266072 0.733828 9.9991E-05
9.9991E-05 0.910478 0.0894223
0.382597 0.617303 9.9991E-05
0.102353 0.0439285 0.853719
0.112478 9.9991E-05 0.887422
0.177036 9.9991E-05 0.822864
0.113036 9.9991E-05 0.886864
0.0668704 9.9991E-05 0.93303
0.130138 9.9991E-05 0.869762
0.101912 9.9991E-05 0.897988
0.388043 0.590806 0.0211509
0.38482 0.543298 0.0718824
9.9991E-05 0.903581 0.0963189
0.384643 0.615257 9.9991E-05
0.17909 0.803232 0.0176779
0.321525 0.678375 9.9991E-05
0.328219 0.671681 9.9991E-05
0.328878 0.671022 9.9991E-05
9.9991E-05 0.888098 0.111802
0.307109 0.613116 0.0797755
0.412326 0.583463 0.00421121
0.403975 0.541726 0.0542995
0.130404 0.824785 0.0448105
0.288972 0.710928 9.9991E-05
0.241703 0.758197 9.9991E-05
0.218089 0.781811 9.9991E-05
0.215983 0.761735 0.0222817
0.343819 0.617709 0.0384715
0.178515 0.728399 0.0930863
0.222618 0.663802 0.11358
0.352141 0.546758 0.101101
0.391209 0.566695 0.0420954
0.253803 0.696396 0.0498015
0.370879 0.587707 0.0414145
0.232924 0.685687 0.081389
0.357648 0.615655 0.0266969
0.422259 0.537518 0.0402237
0.325054 0.63384 0.0411054
0.29463 0.678052 0.0273175
0.403011 0.596889 9.9991E-05
0.395205 0.529635 0.0751601
0.371812 0.628088 9.9991E-05
0.370099 0.571104 0.0587967
0.387165 0.612735 9.9991E-05
0.200243 0.653214 0.146544
0.438982 0.530002 0.0310165
0.398471 0.601429 9.9991E-05
0.0693189 0.780749 0.149932
0.0624934 0.817691 0.119816
0.31712 0.640152 0.0427281
9.9991E-05 0.907296 0.0926036
0.129119 0.777185 0.0936954
0.188514 0.800964 0.0105218
0.151832 0.748253 0.0999152
0.121027 0.813683 0.0652901
0.376963 0.594595 0.0284425
0.389692 0.556706 0.053602
0.349748 0.62088 0.0293721
0.0331138 0.836054 0.130832
0.349904 0.527739 0.122356
0.299752 0.599807 0.100441
9.9991E-05 0.711651 0.288249
0.46289 0.525082 0.0120282
0.184339 0.667975 0.147686
0.361256 0.54412 0.0946236
0.0769501 0.742543 0.180507
9.9991E-05 0.775852 0.224048
0.215922 0.700949 0.0831292
0.37351 0.542166 0.0843245
0.273735 0.550504 0.175761
0.0713732 0.744672 0.183955
0.371063 0.544112 0.0848244
0.125708 0.874124 0.000168069
0.216933 0.782967 9.9991E-05
0.36766 0.575269 0.0570717
0.348871 0.201302 0.449827
0.112158 0.153011 0.734831
0.106184 0.162828 0.730987
0.322049 0.228746 0.449206
0.312317 0.687583 9.9991E-05
0.411336 0.514253 0.0744108
0.873009 0.123414 0.00357752
0.684626 0.253496 0.0618782
0.621021 0.293848 0.0851312
0.13266 0.780149 0.0871913
0.31055 0.602574 0.0868758
0.0677282 0.869266 0.0630061
0.343515 0.631022 0.0254629
0.263052 0.708823 0.0281247
0.338626 0.661275 9.9991E-05
0.0716603 0.81424 0.1141
0.412479 0.554839 0.0326821
0.361607 0.57746 0.0609323
0.935489 9.9991E-05 0.0644112
0.93854 9.9991E-05 0.0613604
0.743284 0.177801 0.0789149
0.87078 0.118651 0.0105688
0.893526 0.0119899 0.0944838
0.926851 9.9991E-05 0.0730493
0.92417 9.9991E-05 0.0757301
0.989985 0.00182288 0.00819174
0.892026 9.9991E-05 0.107874
0.936139 9.9991E-05 0.0637615
0.913867 9.9991E-05 0.0860334
0.882271 0.029455 0.088274
0.851077 9.9991E-05 0.148823
0.934264 9.9991E-05 0.0656363
0.585891 0.306423 0.107686
0.794365 0.121242 0.0843935
0.898626 9.9991E-05 0.101274
0.943298 9.9991E-05 0.0566021
0.960948 9.9991E-05 0.0389521
0.938748 9.9991E-05 0.0611521
0.916461 9.9991E-05 0.083439
0.789156 0.120143 0.0907005
0.905639 9.9991E-05 0.0942612
0.0230793 0.503319 0.473602
0.300761 0.45557 0.243669
0.333602 0.499516 0.166882
0.210624 0.488609 0.300767
0.352655 0.518009 0.129336
0.159333 0.474947 0.36572
0.365835 0.499924 0.134241
0.301506 0.453782 0.244712
0.414146 0.408751 0.177103
0.346608 0.455481 0.197911
0.391982 0.434608 0.173409
0.0975533 0.00987468 0.892572
0.11822 9.9991E-05 0.88168
0.0669823 9.9991E-05 0.932918
0.0331147 9.9991E-05 0.966785
0.111245 9.9991E-05 0.888655
0.0626972 9.9991E-05 0.937203
0.0967629 9.9991E-05 0.903137
0.0577152 9.9991E-05 0.942185
0.0987057 9.9991E-05 0.901194
0.0997682 9.9991E-05 0.900132
9.9991E-05 0.295933 0.703967
9.9991E-05 0.26817 0.73173
9.9991E-05 0.355039 0.644861
9.9991E-05 0.415295 0.584605
0.287767 0.672285 0.0399486
0.299153 0.682449 0.0183983
0.320201 0.679699 9.9991E-05
0.163376 0.787068 0.049556
0.037459 0.848276 0.114265
0.405732 0.594168 9.9991E-05
0.323188 0.676712 9.9991E-05
0.292996 0.706904 9.9991E-05
0.219285 0.780615 9.9991E-05
0.374736 0.608225 0.0170388
0.217428 0.782472 9.9991E-05
9.999E-05 0.9998 9.999E-05
0.363991 0.629257 0.00675183
0.0584321 0.941468 9.9991E-05
0.304009 0.695891 9.9991E-05
0.0289767 0.922164 0.0488591
9.9991E-05 0.662779 0.337121
9.9991E-05 0.689293 0.310607
9.9991E-05 0.68604 0.31386
9.9991E-05 0.667839 0.332061
9.9991E-05 0.732988 0.266912
9.9991E-05 0.715488 0.284412
0.134539 9.9991E-05 0.865361
0.149434 0.0473037 0.803262
0.196141 0.0513037 0.752555
0.147137 9.9991E-05 0.852763
0.196609 0.0504715 0.752919
9.9991E-05 0.440863 0.559037
9.9991E-05 0.416568 0.583332
9.9991E-05 0.413977 0.585923
0.147398 0.0175245 0.835077
9.9991E-05 0.449523 0.550377
0.53045 0.174452 0.295098
0.57134 0.333505 0.0951546
0.635108 0.230747 0.134145
0.47706 0.256993 0.265946
0.457389 0.392606 0.150006
0.292865 0.114273 0.592861
0.191544 0.7511 0.0573554
0.238707 0.752971 0.00832164
0.0845483 0.800896 0.114556
0.282772 0.717128 9.9991E-05
9.9991E-05 0.888347 0.111553
0.351643 0.588823 0.0595338
0.302629 0.696948 0.000422558
0.126303 0.767867 0.10583
0.331786 0.611875 0.056339
9.9991E-05 0.922324 0.0775757
0.326438 0.639797 0.0337651
0.260721 0.686477 0.0528019
0.400377 0.503945 0.0956775
0.17468 0.79306 0.03226
0.243525 0.745726 0.0107483
0.358176 0.641724 9.9991E-05
0.294644 0.705256 9.9991E-05
0.409455 0.590445 9.9991E-05
0.360532 0.566009 0.0734591
0.349494 0.614324 0.036182
0.196739 9.9991E-05 0.803161
0.150645 9.9991E-05 0.849255
0.106005 0.0155352 0.87846
0.124794 9.9991E-05 0.875106
0.12528 9.9991E-05 0.87462
0.00245057 0.787631 0.209918
0.356701 0.620783 0.0225166
0.505236 0.301999 0.192765
0.405666 0.594234 9.9991E-05
0.273473 0.691626 0.0349008
0.137308 0.790057 0.0726349
9.9991E-05 0.737568 0.262332
0.254686 0.663179 0.082135
0.115075 0.718313 0.166612
0.271238 0.702825 0.0259371
0.00698542 0.752054 0.240961
0.391663 0.53661 0.0717272
0.0158604 0.793206 0.190934
0.167066 0.723207 0.109726
0.321273 0.601465 0.0772613
0.0964287 0.828706 0.074865
0.310485 0.631723 0.0577919
0.344646 0.569447 0.0859067
0.067476 0.832199 0.100325
0.358019 0.588892 0.0530889
0.277575 0.696116 0.0263089
9.9991E-05 0.910246 0.0896545
0.00402793 0.874181 0.121792
0.210821 0.706616 0.0825639
9.9991E-05 0.887216 0.112684
0.214898 0.769028 0.016074
9.9991E-05 0.833686 0.166214
0.153402 0.828983 0.0176151
0.260169 0.639761 0.10007
0.358894 0.608026 0.0330802
0.0871016 0.814487 0.0984117
0.325775 0.636755 0.0374705
0.350663 0.609936 0.0394016
0.356179 0.637047 0.00677364
0.329952 0.639923 0.0301248
0.275765 0.688932 0.0353031
0.0924337 0.811066 0.0965001
0.244849 0.746388 0.00876262
0.370246 0.629654 9.9991E-05
0.44866 0.55124 9.9991E-05
0.216734 0.689833 0.0934337
0.339587 0.660313 9.9991E-05
0.213368 0.707964 0.0786684
0.356672 0.60656 0.0367684
0.322794 0.635727 0.0414785
0.383678 0.579826 0.0364968
0.445361 0.283095 0.271544
0.48719 0.415354 0.0974561
0.427034 0.437506 0.135459
0.477913 0.441337 0.0807495
0.48429 0.347858 0.167852
0.278798 0.721102 9.9991E-05
0.444677 0.429544 0.125778
0.187623 0.453797 0.35858
0.476222 0.452013 0.0717652
0.51026 0.381775 0.107965
0.474408 0.457421 0.0681708
0.301191 0.472169 0.22664
0.522608 0.346031 0.131361
0.504974 0.411467 0.0835591
0.122389 0.177239 0.700372
0.459433 0.387122 0.153444
0.525965 0.341448 0.132586
0.467142 0.441396 0.0914624
0.559866 0.304059 0.136075
0.426961 0.386098 0.186941
0.292251 0.685925 0.0218234
0.352956 0.604463 0.0425805
9.9991E-05 0.938941 0.0609589
9.9991E-05 0.909917 0.0899828
0.351534 0.614132 0.0343336
0.530337 0.293372 0.176291
0.531764 0.318233 0.150002
0.41434 0.324818 0.260842
0.491636 0.342129 0.166235
0.0926446 0.711861 0.195495
0.12836 0.695781 0.175859
0.416303 0.583597 9.9991E-05
0.357929 0.580234 0.0618377
0.172336 0.722175 0.105489
0.391432 0.604698 0.00387015
0.419931 0.568351 0.0117181
0.386997 0.570011 0.0429925
0.155494 0.832655 0.0118505
0.21719 0.78271 9.9991E-05
0.310608 0.689292 9.9991E-05
0.249539 0.704785 0.0456753
0.315143 0.588618 0.0962395
0.226039 0.772683 0.00127794
0.0801563 0.872598 0.0472457
0.37745 0.62245 9.9991E-05
0.0707373 0.915268 0.0139948
0.23951 0.721912 0.0385787
0.338405 0.627759 0.0338359
0.319818 0.64674 0.0334414
0.433081 0.400441 0.166478
0.406054 0.464996 0.12895
0.491331 0.299614 0.209055
0.455278 0.329733 0.214989
0.470083 0.357884 0.172033
0.420392 0.413639 0.165969
0.125182 0.577275 0.297542
0.538081 0.410243 0.051676
0.0912258 0.351605 0.557169
0.497748 0.483246 0.0190063
0.0256895 0.927051 0.0472596
9.9991E-05 0.950789 0.0491112
0.256979 0.742921 9.9991E-05
0.366289 0.633611 9.9991E-05
0.223647 0.776253 9.9991E-05
0.354459 0.645441 9.9991E-05
0.291899 0.708001 9.9991E-05
0.0951841 0.0145056 0.89031
0.131574 0.0745945 0.793832
0.0770114 9.9991E-05 0.922889
0.07859 9.9991E-05 0.92131
0.347676 0.652224 9.9991E-05
0.302197 0.697703 9.9991E-05
0.291415 0.708485 9.9991E-05
0.353504 0.621657 0.0248392
0.363796 0.589267 0.0469375
0.140973 0.80954 0.049487
0.38228 0.61762 9.9991E-05
0.14386 0.85604 9.9991E-05
0.438723 0.275147 0.28613
0.26134 0.73856 9.9991E-05
0.172745 0.824361 0.00289419
0.292669 0.707231 9.9991E-05
0.224176 0.775724 9.9991E-05
0.324288 0.675612 9.9991E-05
0.33198 0.654472 0.0135475
9.9991E-05 0.994988 0.00491234
0.169304 0.830596 9.9991E-05
0.210163 0.789737 9.9991E-05
9.999E-05 0.9998 9.999E-05
0.229111 0.735003 0.035886
9.9991E-05 0.978013 0.0218869
9.9991E-05 0.972593 0.0273072
0.369459 0.630441 9.9991E-05
0.0676594 0.860516 0.0718246
0.285628 0.714272 9.9991E-05
0.400751 0.578767 0.0204823
0.271713 0.728187 9.9991E-05
0.206398 0.770127 0.0234755
0.363627 0.636273 9.9991E-05
0.267989 0.731911 9.9991E-05
0.152381 0.847519 9.9991E-05
0.323121 0.608564 0.0683154
9.9991E-05 0.228781 0.771119
0.0134202 0.136473 0.850106
9.9991E-05 0.0702689 0.929631
9.9991E-05 0.0912899 0.90861
0.0222916 0.176239 0.80147
0.0538233 0.875937 0.0702393
0.0161581 0.930996 0.0528459
0.0992547 0.900645 9.9991E-05
0.39201 0.550686 0.0573038
0.41063 0.552841 0.0365291
0.16649 0.830678 0.00283167
0.425094 0.574806 9.9991E-05
0.238102 0.761798 9.9991E-05
0.297058 0.702842 9.9991E-05
0.401874 0.598026 9.9991E-05
0.0920766 0.886577 0.0213462
0.138702 0.861198 9.9991E-05
0.131243 0.85829 0.0104669
0.411904 0.556771 0.0313249
0.210141 0.789759 9.9991E-05
0.230586 0.754041 0.0153738
0.64446 0.23814 0.1174
0.67751 0.173579 0.148911
0.694821 0.18463 0.120549
0.69766 0.123393 0.178947
0.600531 0.286181 0.113288
0.344972 0.637146 0.0178816
0.640533 9.9991E-05 0.359367
0.702361 0.112309 0.18533
0.364081 0.433856 0.202064
0.295253 0.556113 0.148633
0.282935 0.571447 0.145618
0.376785 0.545002 0.0782124
0.411611 0.49765 0.0907385
0.702708 0.106919 0.190373
0.62937 0.239144 0.131486
0.775793 0.117301 0.106906
0.582448 0.282729 0.134823
0.66854 0.141025 0.190435
0.625569 0.237923 0.136509
0.716157 0.110275 0.173568
0.560706 0.326352 0.112943
0.297911 0.608542 0.0935473
0.616312 0.240757 0.142931
0.714311 9.9991E-05 0.285589
0.58962 0.309997 0.100383
0.116602 0.66117 0.222228
0.421038 0.578862 9.9991E-05
0.617155 0.248905 0.13394
0.308602 0.554784 0.136614
0.268008 0.538461 0.193531
0.421913 0.349565 0.228522
0.480514 0.288769 0.230717
0.405893 0.54639 0.0477162
0.613867 0.260516 0.125617
0.692723 0.203898 0.103379
0.740059 9.9991E-05 0.259841
0.399337 0.547506 0.0531576
0.218546 0.610283 0.171172
0.0509246 0.700652 0.248423
0.395256 0.503507 0.101237
0.24003 0.632368 0.127602
0.461514 0.398734 0.139752
0.377168 0.456826 0.166005
0.106853 0.362469 0.530679
0.0541976 0.421387 0.524416
0.275713 0.503424 0.220863
0.196215 0.330807 0.472977
0.186241 0.172234 0.641525
0.328718 0.450494 0.220787
0.395071 0.381695 0.223234
0.228229 0.396755 0.375015
0.160149 0.429372 0.410478
0.413121 0.406564 0.180315
0.203787 0.455333 0.34088
0.0335805 0.35547 0.61095
0.413715 0.460652 0.125633
0.345398 0.401227 0.253375
0.460254 0.250424 0.289322
0.61363 0.289152 0.0972178
0.541719 0.344201 0.11408
0.571685 0.307501 0.120815
0.394528 0.228413 0.377059
0.521581 0.321232 0.157188
0.522275 0.268053 0.209672
0.447866 0.277073 0.275061
0.291798 0.487126 0.221075
0.456779 0.372801 0.17042
0.493216 0.410758 0.0960266
0.496811 0.409796 0.0933931
0.499993 0.239956 0.260051
0.495965 0.337276 0.166759
0.373179 0.174408 0.452412
0.498199 0.372901 0.1289
0.443668 0.198442 0.35789
0.0317564 0.112373 0.85587
9.9991E-05 0.757537 0.242363
9.9991E-05 0.708818 0.291082
9.9991E-05 0.764779 0.235121
9.9991E-05 0.788078 0.211822
9.9991E-05 0.753438 0.246462
9.9991E-05 0.7983 0.2016
9.9991E-05 0.731821 0.268079
9.9991E-05 0.618742 0.381158
0.0614694 0.0271793 0.911351
0.0795098 0.107446 0.813044
0.07534 0.0364965 0.888163
0.0739819 0.0368844 0.889134
0.0859025 0.0224969 0.891601
0.0931591 9.9991E-05 0.906741
0.198542 0.0449648 0.756494
0.141193 9.9991E-05 0.858707
0.179559 0.0823945 0.738047
0.117627 9.9991E-05 0.882273
0.0262381 9.9991E-05 0.973662
0.111549 9.9991E-05 0.888351
0.0379886 9.9991E-05 0.961911
0.0897303 9.9991E-05 0.91017
0.135098 9.9991E-05 0.864802
0.122568 9.9991E-05 0.877332
0.169449 9.9991E-05 0.830451
0.193535 9.9991E-05 0.806365
0.217732 9.9991E-05 0.782168
0.1921 0.644718 0.163182
0.383202 0.592987 0.0238105
0.418819 0.511585 0.0695954
0.0192793 0.762916 0.217804
0.272742 0.599756 0.127502
0.0188131 0.712858 0.268329
0.445453 0.541254 0.0132927
0.190821 0.662048 0.147131
0.261491 0.587067 0.151442
0.281065 0.687653 0.0312822
0.230165 0.625571 0.144264
0.406501 0.593399 9.9991E-05
0.303679 0.594505 0.101815
9.9991E-05 0.859747 0.140153
9.9991E-05 0.748348 0.251552
0.0369585 0.736983 0.226058
0.385781 0.545713 0.0685065
0.303924 0.62643 0.069646
0.349852 0.620526 0.0296221
0.451275 0.533395 0.01533
0.43048 0.350023 0.219496
0.487483 0.327725 0.184792
0.251077 0.296335 0.452588
0.408777 0.479195 0.112028
0.357682 0.444224 0.198094
0.147882 0.282945 0.569173
0.40548 0.283369 0.311152
0.346729 0.265112 0.388159
0.360467 0.348781 0.290753
0.411458 0.46081 0.127732
0.463146 0.400696 0.136158
0.455843 0.422761 0.121396
0.423053 0.411601 0.165346
0.291423 0.215271 0.493306
