0.0520171 9.9946E-05 0.791527 9.9946E-05 0.135383 9.9946E-05 0.0204737 9.9946E-05 9.9946E-05 9.9946E-05
9.9946E-05 9.9946E-05 0.84418 0.00379662 0.113555 9.9946E-05 9.9946E-05 0.0378687 9.9946E-05 9.9946E-05
0.0237435 0.0959787 0.759429 9.9973E-05 0.065254 0.00673173 0.0396044 9.9973E-05 9.9973E-05 0.00895875
0.0552808 0.0712608 0.746137 9.9982E-05 0.0069936 0.0316354 0.0100859 0.00706353 9.9982E-05 0.0713426
0.0140397 9.9955E-05 0.796599 9.9955E-05 0.123033 9.9955E-05 9.9955E-05 0.0528903 9.9955E-05 0.0129382
9.9964E-05 9.9964E-05 0.54835 0.0232315 0.106137 0.0482345 9.9964E-05 0.0840006 0.189646 9.9964E-05
9.9946E-05 9.9946E-05 0.763995 9.9946E-05 0.0384292 0.0126784 9.9946E-05 9.9946E-05 0.184298 9.9946E-05
0.0287965 9.9973E-05 0.686295 9.9973E-05 0.013731 0.0190309 9.9973E-05 0.033141 0.20796 0.0107447
0.0803742 9.99549E-05 0.752712 0.0270794 9.99549E-05 0.046141 0.0931932 9.99549E-05 9.99549E-05 9.99549E-05
0.0115427 9.9964E-05 0.648653 9.9964E-05 0.044531 9.9964E-05 9.9964E-05 0.0824054 0.154241 0.0582273
9.9937E-05 9.9937E-05 0.703242 9.9937E-05 9.9937E-05 0.0450131 9.9937E-05 9.9937E-05 0.251045 9.9937E-05
0.00627793 0.100478 9.9955E-05 9.9955E-05 9.9955E-05 0.787906 9.9955E-05 9.9955E-05 0.0484164 0.0564216
9.9964E-05 0.446551 0.00935666 9.9964E-05 0.0432818 0.41514 0.0257077 9.9964E-05 9.9964E-05 0.0595631
9.9946E-05 0.152528 9.9946E-05 9.9946E-05 9.9946E-05 0.710382 0.102824 9.9946E-05 9.9946E-05 0.0336663
9.9964E-05 0.176062 0.0285601 9.9964E-05 0.048111 0.63248 0.0084156 9.9964E-05 9.9964E-05 0.105971
9.9982E-05 0.171188 0.0752932 0.0101698 0.0878598 0.373058 9.9982E-05 0.0012662 0.17448 0.106484
0.000922829 0.484958 0.0245263 9.9982E-05 9.9982E-05 0.284489 0.0545606 0.060264 0.000163541 0.0899162
9.9955E-05 0.330402 9.9955E-05 0.0929899 9.9955E-05 0.327844 9.9955E-05 9.9955E-05 0.130425 0.11784
9.9964E-05 0.251262 0.0441174 9.9964E-05 0.0511609 0.521691 0.0874504 9.9964E-05 9.9964E-05 0.0439189
9.9946E-05 9.9946E-05 0.0843297 9.9946E-05 9.9946E-05 0.81727 9.9946E-05 9.9946E-05 0.0698919 0.0279083
9.9982E-05 0.290711 0.00788449 0.0439576 0.118681 0.443271 9.9982E-05 0.0349207 0.0465987 0.0137754
9.9973E-05 0.349577 9.9973E-05 0.0452274 0.0785135 0.264238 0.168623 0.0436024 0.0499186 9.9973E-05
9.9964E-05 0.574431 0.0143794 0.0236301 0.019395 0.244152 9.9964E-05 9.9964E-05 0.123613 9.9964E-05
9.9964E-05 0.142894 9.9964E-05 0.00512403 0.066207 0.60971 9.9964E-05 9.9964E-05 0.0963546 0.0793105
0.0569335 0.628415 0.120978 9.9982E-05 9.9982E-05 0.123661 0.0284793 0.0202546 0.00724009 0.0138388
9.9955E-05 0.445601 0.0354783 9.9955E-05 0.0773091 0.404146 9.9955E-05 9.9955E-05 0.0369663 9.9955E-05
9.9955E-05 0.0421115 0.0114517 9.9955E-05 0.0925143 0.809282 9.9955E-05 9.9955E-05 9.9955E-05 0.0441407
9.9928E-05 9.9928E-05 9.9928E-05 9.9928E-05 9.9928E-05 0.777951 9.9928E-05 9.9928E-05 9.9928E-05 0.221249
9.9955E-05 0.123293 9.9955E-05 9.9955E-05 9.9955E-05 0.730992 9.9955E-05 0.000653739 0.10054 0.0440216
9.9937E-05 0.130516 0.785246 9.9937E-05 9.9937E-05 9.9937E-05 9.9937E-05 9.9937E-05 9.9937E-05 0.083539
9.9946E-05 0.139318 0.803392 9.9946E-05 9.9946E-05 0.00126367 9.9946E-05 9.9946E-05 9.9946E-05 0.0554273
9.99371E-05 0.207006 0.774212 9.99371E-05 9.99371E-05 9.99371E-05 9.99371E-05 9.99371E-05 9.99371E-05 0.018082
9.9955E-05 0.139679 0.691533 0.0158264 9.9955E-05 9.9955E-05 0.0717707 9.9955E-05 9.9955E-05 0.0806909
0.0049353 0.522785 0.0429548 0.13114 9.9982E-05 0.13268 9.9982E-05 0.0309271 0.115653 0.0187245
9.9955E-05 0.378084 0.0448599 0.322636 0.132318 0.121602 9.9955E-05 9.9955E-05 9.9955E-05 9.9955E-05
9.9955E-05 0.539928 9.9955E-05 0.331438 9.9955E-05 0.0392145 9.9955E-05 9.9955E-05 0.0830616 0.00585795
0.202378 0.0817516 0.077519 0.123437 9.9973E-05 0.451783 0.0160089 9.9973E-05 9.9973E-05 0.0468221
9.9955E-05 0.33565 9.9955E-05 0.51847 9.9955E-05 9.9955E-05 0.101202 9.9955E-05 0.00350837 0.0406708
0.017771 0.55992 9.9964E-05 0.11345 0.0281326 0.160328 0.119999 9.9964E-05 9.9964E-05 9.9964E-05
0.0306625 0.642151 9.9982E-05 0.147852 0.0457539 9.9982E-05 0.0101736 0.0360857 0.035556 0.0515648
0.0360155 0.48285 0.0671583 0.0427648 0.0294411 9.9964E-05 9.9964E-05 9.9964E-05 0.341371 9.9964E-05
0.0653715 0.59147 0.0148292 0.11141 9.9973E-05 0.00319162 9.9973E-05 9.9973E-05 0.186471 0.0269574
9.9964E-05 0.06647 0.026639 0.666865 0.0230917 0.203813 0.0127217 9.9964E-05 9.9964E-05 9.9964E-05
0.0592886 0.394067 9.9973E-05 0.054671 0.0880986 9.9973E-05 9.9973E-05 0.00946428 0.342026 0.0520845
9.9991E-05 0.589007 0.0522133 0.125917 0.0737866 0.0322449 0.031931 0.0583849 0.0248658 0.01155
0.0898993 0.545956 0.072262 0.13459 0.0837394 0.0330282 0.01391 0.0264159 9.9982E-05 9.9982E-05
9.9946E-05 0.32523 9.9946E-05 0.615438 9.9946E-05 9.9946E-05 0.0145424 0.0441893 9.9946E-05 9.9946E-05
0.05133 0.638717 0.0388835 0.142768 9.9955E-05 9.9955E-05 0.127803 9.9955E-05 9.9955E-05 9.9955E-05
9.9973E-05 0.664159 0.100237 0.126567 9.9973E-05 0.0181987 0.0302045 0.0164592 9.9973E-05 0.0438754
0.0473108 9.9964E-05 0.0353866 0.658189 9.9964E-05 0.0113141 0.157014 0.0903854 9.9964E-05 9.9964E-05
0.164293 0.074319 9.9973E-05 0.178877 9.9973E-05 0.40069 0.0261497 0.0860706 0.0693006 9.9973E-05
0.00824507 9.9964E-05 9.9964E-05 0.233309 9.9964E-05 0.34992 0.14234 0.135687 0.130099 9.9964E-05
0.0556706 0.575355 0.142856 9.9964E-05 9.9964E-05 0.165717 9.9964E-05 0.0384116 9.9964E-05 0.0215894
9.9973E-05 0.453122 0.0129284 9.9973E-05 0.189254 0.20229 0.0640033 0.077716 0.000386375 9.9973E-05
0.0147596 0.520949 0.0321915 0.183738 0.0881981 0.0309584 0.0378289 0.0196175 0.0716586 9.9991E-05
0.156095 0.154089 0.0978616 0.202079 0.000887435 0.266363 0.0749203 0.0475046 9.9982E-05 9.9982E-05
0.100698 0.487621 9.9973E-05 0.138568 9.9973E-05 0.192304 0.0334132 9.9973E-05 0.010231 0.0368648
0.00185583 0.537835 9.9964E-05 9.9964E-05 0.0792974 0.150071 0.121006 9.9964E-05 0.109534 9.9964E-05
9.9982E-05 0.277817 0.11856 0.0846373 0.0438181 0.274768 0.0189072 0.125316 0.0559775 9.9982E-05
0.107945 9.9973E-05 0.0814196 0.0772578 0.107204 0.40391 0.180586 9.9973E-05 0.0413778 9.9973E-05
9.9964E-05 0.53837 0.0176941 0.128124 0.0868816 0.157459 0.0710718 9.9964E-05 9.9964E-05 9.9964E-05
9.9964E-05 0.277197 0.012382 9.9964E-05 0.212648 0.356666 0.0923039 0.0484041 9.9964E-05 9.9964E-05
0.0488395 9.9955E-05 0.0554396 0.0862754 9.9955E-05 0.667719 9.9955E-05 9.9955E-05 0.141227 9.9955E-05
0.00838278 0.353708 9.9973E-05 0.0788321 0.106621 0.390019 0.0521632 9.9973E-05 0.00997422 9.9973E-05
0.0622823 0.569251 9.9991E-05 0.0421315 0.00765997 0.0663917 0.0795558 0.126385 0.00148419 0.0447583
0.0229184 0.437575 0.121058 0.000384253 0.065217 0.186388 0.0117224 0.0971562 0.0417574 0.0158231
0.102343 0.226394 9.9982E-05 0.0753935 9.9982E-05 0.35129 0.118884 0.0778077 0.0144509 0.0332373
9.9973E-05 0.491169 9.9973E-05 0.0126593 9.9973E-05 0.392862 0.0865377 0.00192753 0.0126719 0.00187309
0.177013 0.515087 0.0534109 0.096165 0.0706713 0.0389237 0.0163899 0.0321392 9.9982E-05 9.9982E-05
0.0491157 0.144772 0.00671492 0.0718867 9.9982E-05 0.506684 0.110022 0.0744462 0.0361596 9.9982E-05
0.0557678 0.534889 9.9946E-05 0.361327 9.9946E-05 0.0474161 9.9946E-05 9.9946E-05 9.9946E-05 9.9946E-05
9.9946E-05 0.219911 0.0253027 0.509121 9.9946E-05 0.245066 9.9946E-05 9.9946E-05 9.9946E-05 9.9946E-05
0.0876158 0.502695 0.0312364 0.132989 9.9973E-05 9.9973E-05 0.113028 0.0751781 9.9973E-05 0.0569575
0.00608586 9.9964E-05 9.9964E-05 0.837147 0.0188022 9.9964E-05 0.0497207 0.0370029 0.0508414 9.9964E-05
0.028638 9.9964E-05 9.9964E-05 0.785489 9.9964E-05 0.0864545 0.0100534 0.0708973 0.0180679 9.9964E-05
9.9937E-05 0.268421 9.9937E-05 0.668415 9.9937E-05 0.062465 9.9937E-05 9.9937E-05 9.9937E-05 9.9937E-05
9.9955E-05 0.416479 0.0680369 0.409708 9.9955E-05 0.0872413 9.9955E-05 9.9955E-05 9.9955E-05 0.018035
0.0786683 0.549826 0.107148 0.0380204 0.0415812 0.0463682 9.9982E-05 0.0727986 9.9982E-05 0.0653899
0.0502567 0.341008 9.9964E-05 0.435589 0.121054 0.00933361 0.042359 9.9964E-05 9.9964E-05 9.9964E-05
0.0896186 0.163139 0.0254417 0.620304 0.0237321 0.0773651 9.9964E-05 9.9964E-05 9.9964E-05 9.9964E-05
0.160488 0.212366 0.0176807 0.482607 9.9964E-05 0.0892447 9.9964E-05 9.9964E-05 9.9964E-05 0.0372138
0.0877332 0.420324 0.0444934 0.195935 0.140064 9.9973E-05 0.0833479 9.9973E-05 9.9973E-05 0.0278034
9.9973E-05 0.18276 0.0386578 0.517593 0.0272253 0.17403 9.9973E-05 0.0260408 9.9973E-05 0.0333923
9.9955E-05 0.253928 9.9955E-05 0.473923 0.134113 0.0323601 9.9955E-05 9.9955E-05 0.105176 9.9955E-05
9.9964E-05 0.328337 9.9964E-05 0.539857 0.00756501 9.9964E-05 0.0361132 0.0381731 0.049554 9.9964E-05
0.0361069 9.9955E-05 9.9955E-05 0.701609 9.9955E-05 9.9955E-05 0.0774872 0.144851 0.0394458 9.9955E-05
9.9955E-05 0.602476 0.0331893 0.27715 9.9955E-05 9.9955E-05 9.9955E-05 9.9955E-05 0.0856641 0.00102171
9.9955E-05 0.110115 0.758802 9.9955E-05 0.0590973 0.0528139 9.9955E-05 9.9955E-05 9.9955E-05 0.0186728
9.99371E-05 0.112908 0.872556 9.99371E-05 0.0138368 9.99371E-05 9.99371E-05 9.99371E-05 9.99371E-05 9.99371E-05
9.9946E-05 0.0543402 0.805187 9.9946E-05 0.134221 9.9946E-05 0.00565223 9.9946E-05 9.9946E-05 9.9946E-05
9.9937E-05 9.9937E-05 0.75375 9.9937E-05 0.129991 9.9937E-05 0.11556 9.9937E-05 9.9937E-05 9.9937E-05
9.9946E-05 0.0834547 0.764505 9.9946E-05 0.0467263 9.9946E-05 0.104715 9.9946E-05 9.9946E-05 9.9946E-05
0.00734742 0.0957375 0.776223 9.9964E-05 9.9964E-05 9.9964E-05 0.0948263 0.00116631 9.9964E-05 0.0242996
9.99461E-05 0.00463449 0.855837 9.99461E-05 0.100258 9.99461E-05 9.99461E-05 9.99461E-05 0.0386701 9.99461E-05
0.00394371 0.389115 0.111444 0.186098 9.9991E-05 0.155014 0.00935443 0.017564 0.0125702 0.114798
0.0773836 0.408784 0.0666796 0.105708 0.118004 0.0893768 0.0101079 0.0735641 0.00840067 0.0419921
9.9955E-05 9.9955E-05 0.0200722 0.693926 0.0100702 0.258639 9.9955E-05 9.9955E-05 9.9955E-05 0.0167929
0.0671788 0.451583 0.11839 0.204675 9.9964E-05 0.0867427 9.9964E-05 9.9964E-05 9.9964E-05 0.0710302
0.00247789 0.393685 0.0313353 0.346862 0.0672305 0.081419 9.9973E-05 9.9973E-05 0.0766905 9.9973E-05
9.9964E-05 0.466574 0.0694895 0.259916 0.0948668 0.0508017 9.9964E-05 0.0579518 9.9964E-05 9.9964E-05
0.0216508 0.510349 9.9982E-05 0.178397 0.00446255 0.0421535 9.9982E-05 0.0953809 0.0754657 0.07194
0.00811483 0.414263 9.9964E-05 0.48485 0.0264846 9.9964E-05 9.9964E-05 0.0168549 9.9964E-05 0.0490331
0.00492241 9.9946E-05 0.0916695 0.656032 9.9946E-05 0.246776 9.9946E-05 9.9946E-05 9.9946E-05 9.9946E-05
0.119252 0.454255 0.140555 0.0925023 0.051266 9.9982E-05 0.0525581 0.0587337 0.0306776 9.9982E-05
9.9964E-05 0.696367 0.0312454 0.182219 9.9964E-05 9.9964E-05 9.9964E-05 0.0422582 0.0421474 0.00536306
0.0984999 0.588567 0.0247574 0.109089 0.0114191 0.0389898 0.0523473 9.9991E-05 0.0309715 0.0452583
9.9973E-05 0.203351 9.9973E-05 0.586248 9.9973E-05 0.0279277 0.0669413 0.00463912 0.0786756 0.0319175
9.9964E-05 0.465258 0.0192301 0.393255 9.9964E-05 9.9964E-05 9.9964E-05 0.0157289 0.0990012 0.00712759
0.0690461 0.413179 0.0316194 0.328506 9.9964E-05 0.137004 9.9964E-05 9.9964E-05 0.0202455 9.9964E-05
9.9937E-05 0.213087 9.9937E-05 0.656746 9.9937E-05 9.9937E-05 9.9937E-05 9.9937E-05 9.9937E-05 0.129467
9.9955E-05 0.369238 0.104597 0.346483 9.9955E-05 0.120412 9.9955E-05 9.9955E-05 0.0587706 9.9955E-05
0.0876691 0.55196 0.0672079 0.0809799 0.0454553 0.12884 9.9973E-05 0.0375884 9.9973E-05 9.9973E-05
0.0878764 0.0810173 9.9964E-05 9.9964E-05 0.141305 0.445217 0.00657753 0.237607 9.9964E-05 9.9964E-05
0.173808 0.350871 0.110587 9.9982E-05 0.0107385 0.251991 9.9982E-05 0.000140023 0.055981 0.0456829
0.092791 0.601525 0.0613794 0.0350196 9.9982E-05 0.015572 9.9982E-05 0.0989317 0.0608739 0.0337078
0.0436559 0.578093 0.00884393 0.0473268 9.9973E-05 9.9973E-05 9.9973E-05 0.0400233 0.172628 0.109129
0.0700052 0.40579 0.0661667 9.9964E-05 9.9964E-05 0.4188 0.000718941 0.0381197 9.9964E-05 9.9964E-05
0.0846943 0.589785 9.9982E-05 9.9982E-05 0.0222926 0.212434 0.0499775 0.0252014 0.00325006 0.0121652
0.169867 0.40888 9.9955E-05 9.9955E-05 9.9955E-05 0.257893 9.9955E-05 0.106225 9.9955E-05 0.0566351
0.122624 0.504591 0.0159524 0.0429609 9.9973E-05 0.124625 0.170566 0.0183814 9.9973E-05 9.9973E-05
0.0825809 0.565988 9.9982E-05 0.0163823 0.0268552 0.156502 0.0985672 0.0327918 0.0201329 9.9982E-05
0.0765353 0.552899 0.0599534 9.9973E-05 9.9973E-05 0.248455 0.0128462 0.0341906 0.0148211 9.9973E-05
0.134375 0.497226 9.9955E-05 0.00909425 9.9955E-05 0.331153 9.9955E-05 9.9955E-05 0.0276509 9.9955E-05
0.147083 0.469496 0.0175123 0.0273819 0.0981439 9.9991E-05 0.0277774 0.0264976 0.135696 0.0503116
0.117021 0.497401 9.9973E-05 9.9973E-05 0.0104447 9.9973E-05 0.128179 0.150425 0.0192164 0.0770127
0.0552954 0.505117 9.9973E-05 0.0254643 0.0446492 0.257887 9.9973E-05 0.0946049 9.9973E-05 0.0166823
0.052167 0.64589 0.0397772 9.9982E-05 9.9982E-05 0.114697 0.0252146 0.112436 0.00223782 0.00738104
0.171607 0.42304 9.9973E-05 9.9973E-05 0.0578706 0.155646 0.0116476 0.0829317 9.9973E-05 0.0969578
0.0759776 0.329729 0.0422788 9.9973E-05 0.0222023 0.286902 0.105116 0.137495 9.9973E-05 9.9973E-05
0.103527 0.477244 9.9973E-05 0.0478283 0.160198 0.127676 0.0330644 0.0501628 9.9973E-05 9.9973E-05
0.101489 0.724917 9.9955E-05 9.9955E-05 0.043022 0.0125436 0.117528 9.9955E-05 9.9955E-05 9.9955E-05
0.190822 0.190891 9.9973E-05 0.125698 9.9973E-05 0.387546 0.00743061 0.0496251 9.9973E-05 0.0476884
0.0472965 0.134191 9.9973E-05 0.100592 9.9973E-05 0.305736 0.219486 0.141187 0.0512109 9.9973E-05
0.147002 0.503215 9.9973E-05 0.0986684 9.9973E-05 0.0995106 0.0722495 9.9973E-05 0.059069 0.0199856
0.202704 0.00483901 9.9982E-05 0.126926 9.9982E-05 0.142448 0.0690464 0.38819 0.025909 0.0397376
0.167773 0.175552 0.0718692 0.0754275 0.0192808 0.419971 9.9973E-05 0.0698268 9.9973E-05 9.9973E-05
9.9964E-05 0.365367 0.0230161 0.129205 9.9964E-05 0.414949 9.9964E-05 0.0420316 0.025031 9.9964E-05
0.202254 0.253999 0.0127406 0.0835656 0.0115775 0.405686 9.9973E-05 0.0298776 9.9973E-05 9.9973E-05
0.128442 0.19973 0.00516971 0.0611441 9.9982E-05 0.489697 0.00463366 9.9982E-05 0.0896928 0.0212913
0.0393014 0.630893 0.115972 0.0252627 0.0278119 0.0722233 9.9982E-05 0.0189546 0.0693807 9.9982E-05
0.154883 0.565536 0.0790661 0.0595964 0.0154607 0.00865767 9.9982E-05 0.013903 9.9982E-05 0.102697
0.0499988 0.474307 0.0761964 0.0915989 0.0344834 0.138781 0.0236169 0.0513321 0.0103207 0.0493647
0.106493 0.136754 9.9973E-05 0.111002 9.9973E-05 0.313429 0.228825 0.0880643 0.0151331 9.9973E-05
0.00351104 0.427527 0.126423 0.196357 9.9973E-05 9.9973E-05 0.126604 0.0827915 0.0364862 9.9973E-05
0.0355154 0.417203 0.040181 0.0687182 0.0140661 0.0494916 0.0386671 0.0794475 0.219138 0.0375717
0.0305803 9.9973E-05 0.113854 0.185823 9.9973E-05 0.0971072 0.146358 0.132505 0.293473 9.9973E-05
9.9964E-05 0.617324 0.0860408 0.10715 9.9964E-05 9.9964E-05 0.0708497 0.00619528 0.112041 9.9964E-05
0.132487 0.337811 0.0211395 0.157822 0.016571 9.9982E-05 0.145064 0.119701 0.069204 9.9982E-05
0.0326782 0.387904 0.0636962 0.0158641 0.0163742 0.139215 0.112215 0.0971821 0.121934 0.012936
0.103906 0.214536 0.0232139 0.0134137 9.9982E-05 0.114529 0.24698 0.0354927 0.247728 9.9982E-05
0.0475739 0.0383909 0.0603488 9.9982E-05 0.0351448 0.18443 0.0564081 0.137136 0.440368 9.9982E-05
0.0397971 0.37091 0.0520851 0.0523581 9.9982E-05 0.169706 0.0444951 0.0846617 0.185788 9.9982E-05
0.031991 0.521873 0.0310132 9.9982E-05 9.9982E-05 0.0541055 0.095641 0.0822505 0.104824 0.0781013
9.9982E-05 0.216461 0.0627784 0.0871371 9.9982E-05 0.182191 0.035189 0.125406 0.185993 0.104645
9.9982E-05 9.9982E-05 0.0100483 0.105373 0.085672 0.193055 0.168923 0.159445 0.231494 0.0457901
0.0662162 0.577001 0.00436267 9.9982E-05 9.9982E-05 0.0239806 0.0725056 0.0643668 0.150327 0.0410405
0.000322791 0.217289 9.9964E-05 0.191882 9.9964E-05 0.227544 0.0545968 9.9964E-05 0.307966 9.9964E-05
0.0198806 0.448728 9.9973E-05 0.103385 9.9973E-05 0.147362 0.0742847 0.104035 0.102024 9.9973E-05
0.122122 0.455126 9.9982E-05 0.0538874 0.0607142 9.9982E-05 0.0837053 0.0264703 0.119783 0.0779911
9.9982E-05 0.0996246 0.287441 9.9982E-05 0.10266 0.0508797 0.0713863 0.00453436 0.21241 0.170865
9.9964E-05 9.9964E-05 0.386927 9.9964E-05 0.0353401 9.9964E-05 0.375797 0.0101214 0.135727 0.055687
9.9946E-05 9.9946E-05 0.282754 9.9946E-05 9.9946E-05 9.9946E-05 0.490526 9.9946E-05 0.144944 0.0811765
0.00500448 0.06864 0.266009 9.9982E-05 0.183466 0.00458098 0.279008 9.9982E-05 0.0687227 0.124369
9.9964E-05 0.478187 9.9964E-05 0.0703462 9.9964E-05 9.9964E-05 0.0490648 0.0421428 0.335289 0.0245699
0.0473382 0.539079 0.0448206 0.0548902 0.0898056 9.9991E-05 0.0315266 0.0728717 0.0836436 0.035925
9.9937E-05 0.267239 9.9937E-05 9.9937E-05 9.9937E-05 0.0514206 9.9937E-05 9.9937E-05 9.9937E-05 0.680641
0.0183188 0.361007 9.9964E-05 0.0140802 0.0826908 0.122022 9.9964E-05 9.9964E-05 9.9964E-05 0.401482
9.9973E-05 0.351185 0.132417 0.00840222 0.0691144 0.10941 9.9973E-05 0.00575152 9.9973E-05 0.32342
9.9964E-05 0.259593 9.9964E-05 0.0471969 9.9964E-05 0.0551753 0.0264991 0.205351 0.405784 9.9964E-05
0.0368102 0.555748 0.0239002 0.0584 0.043744 9.9982E-05 0.0233704 0.073722 0.184105 9.9982E-05
9.9964E-05 0.0352036 9.9964E-05 0.0250943 0.0694588 0.0311715 9.9964E-05 0.225904 0.612768 9.9964E-05
9.9964E-05 0.520761 9.9964E-05 0.0394807 9.9964E-05 0.0491587 0.0988525 0.0326364 0.258711 9.9964E-05
9.9955E-05 0.426083 9.9955E-05 0.0439639 9.9955E-05 0.16704 9.9955E-05 0.105623 0.256791 9.9955E-05
9.9973E-05 0.38265 9.9973E-05 0.0368633 0.0606409 0.10399 0.0682706 9.9973E-05 0.322583 0.0247022
9.9973E-05 0.0359366 9.9973E-05 0.103483 9.9973E-05 0.179339 0.0266168 0.157432 0.460128 0.0367645
0.0212244 0.593165 0.0352556 0.0395913 0.0602063 0.0444009 9.9982E-05 9.9982E-05 0.156882 0.0490751
0.0343315 0.440495 9.9982E-05 0.0629989 0.162892 9.9982E-05 0.0562132 0.0594015 0.176738 0.00673014
9.9946E-05 9.9946E-05 9.9946E-05 9.9946E-05 0.0227157 9.9946E-05 9.9946E-05 0.0330767 0.0209204 0.922687
9.9946E-05 0.0683709 9.9946E-05 9.9946E-05 9.9946E-05 9.9946E-05 9.9946E-05 0.0413586 0.0121563 0.877514
9.9964E-05 0.139326 0.062614 0.0607717 0.192802 9.9964E-05 9.9964E-05 9.9964E-05 0.0806162 0.46347
0.0370804 0.207522 9.9955E-05 9.9955E-05 0.13715 9.9955E-05 9.9955E-05 0.0114221 9.9955E-05 0.606326
0.0153098 0.084022 9.9973E-05 0.0379507 0.0978201 9.9973E-05 0.00479511 9.9973E-05 0.0375823 0.72222
9.9928E-05 9.9928E-05 9.9928E-05 9.9928E-05 9.9928E-05 9.9928E-05 0.0347168 9.9928E-05 9.9928E-05 0.964484
9.9946E-05 9.9946E-05 0.0155661 9.9946E-05 9.9946E-05 0.027228 0.0169562 9.9946E-05 9.9946E-05 0.93965
9.9937E-05 0.191881 9.9937E-05 9.9937E-05 0.129554 9.9937E-05 9.9937E-05 9.9937E-05 9.9937E-05 0.677865
0.020266 9.9937E-05 9.9937E-05 0.0286412 9.9937E-05 9.9937E-05 9.9937E-05 9.9937E-05 9.9937E-05 0.950393
9.9928E-05 9.9928E-05 0.00482214 9.9928E-05 9.9928E-05 9.9928E-05 9.9928E-05 9.9928E-05 9.9928E-05 0.994378
9.9928E-05 9.9928E-05 0.0184505 9.9928E-05 9.9928E-05 9.9928E-05 9.9928E-05 9.9928E-05 9.9928E-05 0.98075
9.9964E-05 0.131443 0.0335226 9.9964E-05 0.0962737 0.0119456 9.9964E-05 0.0415432 9.9964E-05 0.684872
0.0537039 0.0840592 0.00517101 9.9973E-05 0.112544 9.9973E-05 0.0176926 9.9973E-05 0.000369713 0.72616
9.9928E-05 9.9928E-05 9.9928E-05 0.0211639 9.9928E-05 9.9928E-05 9.9928E-05 9.9928E-05 9.9928E-05 0.978037
0.0650299 0.267495 0.0256189 9.9973E-05 0.0670091 0.134509 9.9973E-05 9.9973E-05 0.0111233 0.428915
9.9955E-05 0.162093 0.0706851 0.0239333 0.232413 9.9955E-05 9.9955E-05 9.9955E-05 9.9955E-05 0.510375
0.0387763 9.9955E-05 9.9955E-05 9.9955E-05 0.220809 0.0370534 0.0741248 9.9955E-05 9.9955E-05 0.628737
0.00843127 0.0849833 9.9964E-05 9.9964E-05 0.0495566 0.0438727 0.0018923 9.9964E-05 9.9964E-05 0.810864
9.9928E-05 9.9928E-05 9.9928E-05 9.9928E-05 0.137241 9.9928E-05 9.9928E-05 9.9928E-05 9.9928E-05 0.861959
0.00501777 9.9946E-05 0.0240881 9.9946E-05 0.221901 9.9946E-05 9.9946E-05 9.9946E-05 9.9946E-05 0.748393
9.9928E-05 9.9928E-05 9.9928E-05 9.9928E-05 0.0550112 9.9928E-05 9.9928E-05 9.9928E-05 9.9928E-05 0.944189
0.0712963 0.203053 0.0676974 9.9955E-05 0.160264 9.9955E-05 9.9955E-05 9.9955E-05 9.9955E-05 0.49719
9.9955E-05 9.9955E-05 0.00305971 9.9955E-05 0.0925871 0.0639904 9.9955E-05 0.0239053 9.9955E-05 0.815958
9.9946E-05 9.9946E-05 0.244563 9.9946E-05 9.9946E-05 9.9946E-05 0.205111 0.0706938 0.479033 9.9946E-05
0.0716031 0.316762 0.117425 9.9973E-05 9.9973E-05 0.0237591 0.106024 9.9973E-05 0.242014 0.122114
9.9964E-05 0.395578 0.172201 9.9964E-05 9.9964E-05 0.0237733 0.0243169 9.9964E-05 0.290349 0.0933826
9.9964E-05 0.148575 0.11519 9.9964E-05 0.0295654 9.9964E-05 0.202748 9.9964E-05 0.452823 0.0506985
0.116089 0.334583 0.0535319 9.9991E-05 0.19123 0.0839649 0.0633744 0.0212249 0.117433 0.0184677
9.9973E-05 0.0871821 0.166747 0.0400752 0.0862725 9.9973E-05 0.158392 9.9973E-05 0.428933 0.0320983
9.9982E-05 0.376587 0.146035 0.00344592 9.9982E-05 0.0272964 0.0923738 0.104177 0.118182 0.131703
9.9973E-05 0.24583 0.125396 0.065823 9.9973E-05 9.9973E-05 0.0875168 0.00767406 0.335759 0.1317
9.9973E-05 0.39553 0.144955 9.9973E-05 9.9973E-05 0.00696239 0.00556432 0.0408324 0.269233 0.136624
9.9964E-05 0.198377 0.0799362 9.9964E-05 0.0367222 9.9964E-05 0.0841214 9.9964E-05 0.437767 0.162676
0.024822 0.514151 0.124354 0.0780764 9.9982E-05 9.9982E-05 0.0570204 0.0222565 0.0841586 0.0949611
0.0754462 0.0279956 0.740814 9.9955E-05 0.100787 9.9955E-05 9.9955E-05 9.9955E-05 0.0544567 9.9955E-05
9.9955E-05 9.9955E-05 0.816801 9.9955E-05 0.048881 9.9955E-05 0.046832 0.0255289 9.9955E-05 0.0614573
0.0371399 9.9946E-05 0.88341 9.9946E-05 0.034037 9.9946E-05 0.0448135 9.9946E-05 9.9946E-05 9.9946E-05
0.0348373 0.0596547 0.884104 9.9955E-05 9.9955E-05 9.9955E-05 0.0201559 9.9955E-05 9.9955E-05 0.000748204
9.9946E-05 9.9946E-05 0.7813 9.9946E-05 0.0868824 0.0608539 0.0703641 9.9946E-05 9.9946E-05 9.9946E-05
9.9955E-05 9.9955E-05 0.800393 9.9955E-05 0.082488 0.0245241 0.0483385 0.0437566 9.9955E-05 9.9955E-05
9.9955E-05 0.0304377 0.823608 9.9955E-05 0.0728437 9.9955E-05 0.0225711 9.9955E-05 9.9955E-05 0.0500394
9.9964E-05 0.04413 0.81773 0.0151232 0.0146315 9.9964E-05 0.0571578 0.0508273 9.9964E-05 9.9964E-05
9.9946E-05 9.9946E-05 0.826402 9.9946E-05 0.090187 0.0799133 0.00289851 9.9946E-05 9.9946E-05 9.9946E-05
9.9937E-05 9.9937E-05 0.748385 9.9937E-05 0.156472 9.9937E-05 0.0944434 9.9937E-05 9.9937E-05 9.9937E-05
0.0548217 9.9955E-05 0.615123 0.0463163 9.9955E-05 0.27855 9.9955E-05 0.00468942 9.9955E-05 9.9955E-05
0.152757 9.9964E-05 0.519452 0.0146929 0.0161841 0.246248 0.050265 9.9964E-05 9.9964E-05 9.9964E-05
9.9955E-05 9.9955E-05 0.495591 0.0439441 9.9955E-05 0.341659 0.0999728 0.0183332 9.9955E-05 9.9955E-05
0.0438254 9.9955E-05 0.474212 0.03347 9.9955E-05 0.34832 9.9955E-05 9.9955E-05 0.099673 9.9955E-05
0.0779773 0.516279 0.0280487 0.272017 9.9964E-05 0.0898059 9.9964E-05 0.0154718 9.9964E-05 9.9964E-05
0.0595892 0.467884 0.0405379 0.215352 9.9982E-05 0.0657513 0.00785048 0.0988848 9.9982E-05 0.0439496
0.111908 0.509103 9.9991E-05 0.0982754 0.100801 0.0658169 0.00333942 0.0297579 0.0609925 0.0199054
0.0574673 0.333064 0.00651724 0.20305 9.9973E-05 0.273993 0.0325817 0.0930272 9.9973E-05 9.9973E-05
0.188476 0.0982707 9.9964E-05 0.0752069 9.9964E-05 0.582308 9.9964E-05 0.0132686 0.0420699 9.9964E-05
9.9973E-05 0.54019 0.0121038 0.212398 0.093426 0.0607976 9.9973E-05 0.0620238 9.9973E-05 0.018761
0.073457 0.487968 9.9955E-05 0.35113 9.9955E-05 9.9955E-05 0.0344701 9.9955E-05 9.9955E-05 0.0524747
0.0360993 0.506415 9.9964E-05 0.35547 0.0316602 9.9964E-05 9.9964E-05 0.0679372 0.00201882 9.9964E-05
0.0193736 0.327551 9.9964E-05 0.557344 0.00973103 9.9964E-05 9.9964E-05 9.9964E-05 0.069931 0.0156692
0.0969313 0.563026 9.9973E-05 0.204135 9.9973E-05 9.9973E-05 0.0274889 0.00845694 0.0385636 0.0610984
0.0611013 0.376575 0.0100298 0.36024 0.027853 0.0547223 0.0214324 0.0317734 0.0561729 9.9991E-05
0.0882332 9.9937E-05 9.9937E-05 0.717186 9.9937E-05 9.9937E-05 9.9937E-05 0.193881 9.9937E-05 9.9937E-05
0.103915 0.456947 0.0292968 0.145286 9.9982E-05 0.156931 0.0225971 9.9982E-05 0.0493203 0.0355058
9.9955E-05 0.257353 9.9955E-05 0.42688 9.9955E-05 9.9955E-05 0.147392 0.146122 0.0217537 9.9955E-05
9.9955E-05 0.414981 9.9955E-05 0.418093 0.0351583 9.9955E-05 9.9955E-05 0.102751 0.0285166 9.9955E-05
0.130719 0.0371957 9.9973E-05 0.61512 0.0313736 0.142522 0.0196948 9.9973E-05 0.0230751 9.9973E-05
0.788316 9.9955E-05 0.0638417 9.9955E-05 0.00315367 9.9955E-05 0.00018234 9.9955E-05 0.144007 9.9955E-05
0.717179 9.9946E-05 9.9946E-05 9.9946E-05 0.0158594 9.9946E-05 9.9946E-05 9.9946E-05 0.242834 0.0235288
0.836794 9.9937E-05 9.9937E-05 9.9937E-05 9.9937E-05 9.9937E-05 9.9937E-05 0.038456 0.124051 9.9937E-05
0.810819 9.9937E-05 0.0467817 9.9937E-05 9.9937E-05 9.9937E-05 9.9937E-05 9.9937E-05 0.1417 9.9937E-05
0.827805 0.0102359 9.9955E-05 0.0143142 9.9955E-05 9.9955E-05 9.9955E-05 9.9955E-05 0.120557 0.0265884
0.828537 0.0340611 0.0154684 9.9955E-05 9.9955E-05 9.9955E-05 9.9955E-05 9.9955E-05 0.0646149 0.0568186
0.00391335 0.0118503 0.798882 9.9955E-05 0.156042 9.9955E-05 0.0288126 9.9955E-05 9.9955E-05 9.9955E-05
0.0767684 9.9946E-05 0.721053 9.9946E-05 0.182791 0.0187883 9.9946E-05 9.9946E-05 9.9946E-05 9.9946E-05
9.9964E-05 0.0151407 0.626137 9.9964E-05 0.279635 0.0219469 9.9964E-05 9.9964E-05 0.0533944 0.0033464
0.0535259 9.9964E-05 0.644089 9.9964E-05 0.19345 0.0622257 0.0262724 9.9964E-05 9.9964E-05 0.0200377
0.0422514 0.0688363 0.706176 9.9964E-05 0.152764 9.9964E-05 0.0138462 9.9964E-05 0.0157264 9.9964E-05
0.471014 9.9964E-05 0.382158 0.01656 9.9964E-05 0.0846554 0.020463 9.9964E-05 0.0247497 9.9964E-05
0.397341 9.9955E-05 0.431657 0.0377728 9.9955E-05 9.9955E-05 9.9955E-05 0.0725597 0.0601696 9.9955E-05
0.46521 0.00993993 0.402882 0.0637203 9.9964E-05 9.9964E-05 9.9964E-05 0.0556938 9.9964E-05 0.00215381
9.9946E-05 0.125054 0.774242 9.9946E-05 9.9946E-05 0.00880282 9.9946E-05 9.9946E-05 9.9946E-05 0.0913015
0.466706 9.9946E-05 0.357895 0.137353 9.9946E-05 9.9946E-05 9.9946E-05 0.0374464 9.9946E-05 9.9946E-05
0.0479021 0.153737 0.0169706 9.9964E-05 0.381702 9.9964E-05 0.276074 9.9964E-05 9.9964E-05 0.123214
0.0700349 0.543753 0.0536663 0.0335015 0.00549413 9.9991E-05 0.0553972 0.0199635 0.0478826 0.170206
9.9955E-05 0.546064 0.166129 9.9955E-05 0.0922375 0.0170827 9.9955E-05 9.9955E-05 9.9955E-05 0.177987
0.0291926 0.391089 0.230813 0.00389128 9.9982E-05 9.9982E-05 0.109732 0.0023694 0.0813207 0.151392
0.027574 0.364943 0.108501 9.9991E-05 0.0553104 0.0420439 0.0716941 0.0298622 0.109481 0.190491
9.9964E-05 9.9964E-05 0.289576 9.9964E-05 0.139128 9.9964E-05 0.290077 0.0479727 0.0528315 0.180015
0.091369 0.398021 9.9973E-05 0.0802279 0.0302275 0.38086 0.00493297 9.9973E-05 0.0140611 9.9973E-05
0.0571561 0.289998 9.9982E-05 0.0536624 0.0798441 0.24376 0.0654079 0.186962 0.02301 9.9982E-05
0.0872635 0.167425 0.103702 9.9964E-05 0.0455421 0.565906 9.9964E-05 0.0297618 9.9964E-05 9.9964E-05
0.070949 0.42813 9.9982E-05 0.0822084 0.0367306 0.124416 0.0029648 0.203171 0.0512304 9.9982E-05
0.0614759 9.9955E-05 9.9955E-05 0.182758 9.9955E-05 0.152019 0.165328 0.43792 9.9955E-05 9.9955E-05
0.0460639 0.594624 0.031194 0.0295767 0.0442274 0.104009 0.150005 9.9973E-05 9.9973E-05 9.9973E-05
0.051215 0.447216 0.0788037 0.0504946 9.9991E-05 0.203679 0.0298385 0.115759 0.0139539 0.00894062
0.109497 0.289405 0.0107994 0.0672171 9.9973E-05 0.503667 0.0135205 9.9973E-05 0.00559318 9.9973E-05
0.0775452 0.45679 0.0585168 0.0503724 0.0731379 0.227771 0.0341101 9.9982E-05 0.0215568 9.9982E-05
9.9964E-05 0.0350376 9.9964E-05 0.0755385 9.9964E-05 0.552127 0.12336 0.147284 0.0662534 9.9964E-05
0.135452 0.346441 0.00731368 0.0345668 9.9991E-05 0.0962589 0.00325137 0.230186 0.0790133 0.0674167
0.13728 0.534447 9.9964E-05 0.050001 0.0231303 0.15353 0.101212 9.9964E-05 9.9964E-05 9.9964E-05
0.0247294 0.291714 0.0401836 0.124189 0.238652 0.077761 0.0824175 9.9991E-05 0.060393 0.0598602
0.0311449 0.367366 9.9973E-05 0.0445406 9.9973E-05 0.3311 0.023569 0.196852 0.00512706 9.9973E-05
0.111697 0.403909 9.9973E-05 0.0212179 0.00408807 0.282567 0.0794436 0.0967778 9.9973E-05 9.9973E-05
0.00497342 0.420833 9.9982E-05 0.0517526 0.0563991 0.142296 9.9982E-05 0.0791837 0.199364 0.0449985
0.0280568 0.471267 0.038509 0.102184 0.0262255 0.0921411 9.9982E-05 0.116027 0.12539 9.9982E-05
0.183836 0.595201 9.9973E-05 0.00835363 0.100925 0.0495569 0.0537942 0.00803377 9.9973E-05 9.9973E-05
0.064274 0.506484 0.0431502 0.0647416 9.9973E-05 0.192848 0.0432221 9.9973E-05 9.9973E-05 0.0849801
0.150061 0.413824 0.0188767 0.0837138 9.9973E-05 0.0967099 0.135282 9.9973E-05 9.9973E-05 0.101232
9.9946E-05 0.154417 0.741 9.9946E-05 9.9946E-05 9.9946E-05 9.9946E-05 9.9946E-05 0.0040451 0.0999383
9.9955E-05 0.047102 0.795547 0.0195133 0.0758998 9.9955E-05 9.9955E-05 0.0614381 9.9955E-05 9.9955E-05
0.0631659 0.0865571 0.737173 0.0328231 0.00672723 9.9982E-05 0.028633 0.0222681 9.9982E-05 0.0224522
0.0327599 9.9955E-05 0.720732 0.0079007 0.144241 9.9955E-05 9.9955E-05 0.0938664 9.9955E-05 9.9955E-05
9.9937E-05 0.164578 0.794766 9.9937E-05 0.0399567 9.9937E-05 9.9937E-05 9.9937E-05 9.9937E-05 9.9937E-05
0.155209 0.102707 9.9955E-05 9.9955E-05 9.9955E-05 0.675599 0.0434473 9.9955E-05 9.9955E-05 0.0225371
0.0613379 0.362614 0.074971 0.0914191 0.00141514 0.251238 0.0179779 0.0632326 9.9991E-05 0.0756941
9.9973E-05 0.356411 0.16078 9.9973E-05 0.236307 9.9973E-05 0.00154429 0.0818858 0.114316 0.0484565
0.0598547 0.647107 9.9973E-05 9.9973E-05 9.9973E-05 0.155896 0.0714748 0.0318091 0.0103354 0.0232234
0.144427 0.413407 0.0152382 0.0863329 0.110573 0.197299 9.9973E-05 0.0324227 9.9973E-05 9.9973E-05
0.051741 0.288767 9.9973E-05 9.9973E-05 9.9973E-05 0.309479 0.13961 0.0970572 0.0883394 0.0247058
0.176302 9.9955E-05 0.0975474 0.0510821 9.9955E-05 0.582178 0.0923915 9.9955E-05 9.9955E-05 9.9955E-05
0.217411 0.437342 9.9964E-05 9.9964E-05 0.0758457 0.212253 9.9964E-05 0.00207408 0.0546741 9.9964E-05
0.221965 0.0739116 0.0956608 9.9964E-05 9.9964E-05 0.407668 9.9964E-05 0.173501 9.9964E-05 0.0268942
0.116235 0.319122 9.9982E-05 0.124158 0.153189 0.0960978 0.0558008 0.124197 0.0110008 9.9982E-05
0.12747 0.0213035 0.145198 0.0444491 9.9973E-05 0.555135 0.0429525 0.0631927 9.9973E-05 9.9973E-05
0.123037 0.552446 0.0494957 9.9973E-05 9.9973E-05 0.0874042 0.0978926 0.0752819 9.9973E-05 0.0141425
0.229454 0.0977355 0.0341211 9.9973E-05 9.9973E-05 0.581004 0.0132358 0.0352925 0.00885701 9.9973E-05
0.151823 0.187774 9.9991E-05 0.070636 0.153773 0.184284 0.0201695 0.0717625 0.134608 0.0250691
0.0944926 0.495781 0.0185784 0.00667067 9.9982E-05 0.0422244 0.159633 0.00152594 0.180894 9.9982E-05
0.0139996 0.111666 9.9973E-05 9.9973E-05 0.0219434 0.0739547 9.9973E-05 0.122835 0.613532 0.0417691
9.9946E-05 0.491452 0.0675404 9.9946E-05 9.9946E-05 0.0371577 9.9946E-05 9.9946E-05 0.40325 9.9946E-05
9.9982E-05 0.512419 0.0504276 0.00146877 0.0633047 0.0551129 9.9982E-05 0.00789717 0.258404 0.050765
0.0422795 0.270935 9.9964E-05 9.9964E-05 9.9964E-05 0.0604912 0.00195254 0.057853 0.566089 9.9964E-05
0.0116636 0.327925 0.07675 0.0733684 9.9982E-05 0.156774 9.9982E-05 0.0381641 0.208418 0.106736
0.0494618 0.536496 9.9964E-05 0.102412 9.9964E-05 9.9964E-05 0.0526996 0.0812774 0.177253 9.9964E-05
0.0259904 9.9955E-05 9.9955E-05 0.121245 9.9955E-05 0.0177639 9.9955E-05 0.197113 0.637388 9.9955E-05
9.9955E-05 0.142925 9.9955E-05 0.0186042 9.9955E-05 9.9955E-05 0.0842355 0.102357 0.651378 9.9955E-05
0.0837607 0.399063 9.9964E-05 9.9964E-05 0.0189639 0.00492425 9.9964E-05 0.0474108 0.445477 9.9964E-05
0.0207823 0.0136169 0.00271976 0.113671 9.9982E-05 0.166844 0.0304031 0.0826266 0.569137 9.9982E-05
0.0142983 0.364403 9.9973E-05 0.0687331 0.0114055 0.0985043 0.0290845 9.9973E-05 0.413271 9.9973E-05
0.160081 9.9955E-05 9.9955E-05 0.0788148 0.0204443 0.627518 0.112642 9.9955E-05 9.9955E-05 9.9955E-05
0.114614 0.193347 9.9955E-05 9.9955E-05 9.9955E-05 0.322436 9.9955E-05 0.335712 9.9955E-05 0.0333914
0.113301 0.234989 0.00885065 0.0476327 9.9973E-05 0.423559 9.9973E-05 0.0407932 9.9973E-05 0.130574
0.0418208 0.566303 0.000354206 9.9982E-05 0.0671268 0.154021 0.08385 0.0640382 0.0222867 9.9982E-05
0.0930219 0.163873 9.9964E-05 0.0283456 9.9964E-05 0.678212 9.9964E-05 9.9964E-05 0.0224821 0.0136658
0.103326 0.356409 0.042561 0.0205628 0.125044 0.0130856 9.9991E-05 0.214247 0.0905945 0.0340704
0.124131 0.487093 0.0186313 0.0630223 9.9973E-05 0.0777276 0.113308 9.9973E-05 9.9973E-05 0.115788
0.107363 0.464716 0.0245221 9.9982E-05 0.0170452 0.248839 0.0324086 0.0932586 9.9982E-05 0.0116476
0.0451947 0.337983 9.9964E-05 9.9964E-05 0.082741 0.389645 9.9964E-05 0.0653085 9.9964E-05 0.0787282
0.210349 0.299691 9.9964E-05 0.165002 9.9964E-05 0.149 9.9964E-05 9.9964E-05 0.0484942 0.127064
0.178319 0.120996 9.9964E-05 0.0504639 9.9964E-05 0.499671 9.9964E-05 0.0282789 9.9964E-05 0.121871
0.211451 0.168339 9.9973E-05 0.0120236 0.0810895 0.389971 9.9973E-05 0.0597871 9.9973E-05 0.0770391
0.0278171 0.500924 9.9982E-05 0.00178191 0.0425228 0.18891 9.9982E-05 0.164247 0.0503521 0.0232455
0.0413837 0.544691 9.9973E-05 0.0751722 9.9973E-05 0.147383 0.0544684 0.045072 9.9973E-05 0.09153
0.0888571 0.363287 0.0194896 9.9982E-05 0.0176153 0.184416 0.111732 0.186951 0.0274512 9.9982E-05
0.125463 0.408367 9.9964E-05 9.9964E-05 9.9964E-05 0.212758 0.0353586 0.137732 9.9964E-05 0.079921
0.151933 0.320295 0.0953958 9.9973E-05 9.9973E-05 0.326273 0.0623122 9.9973E-05 0.0192309 0.0242611
0.059505 0.63843 0.0300929 0.0144552 9.9973E-05 0.186119 0.048887 9.9973E-05 0.0222114 9.9973E-05
0.0592767 0.44751 0.0406268 9.9982E-05 0.0802162 0.235161 9.9982E-05 0.0816566 0.00773446 0.0476177
0.171795 0.464521 0.0851894 0.00349666 9.9973E-05 0.0191665 9.9973E-05 0.146433 9.9973E-05 0.109099
9.9982E-05 0.329591 0.238861 0.0474641 0.120409 0.105039 0.0415994 9.9982E-05 0.0181039 0.0987323
9.9982E-05 0.46349 0.0468019 0.0634611 0.131192 0.0553328 0.151168 0.0123052 9.9982E-05 0.0760491
0.0342098 0.316991 0.0797265 0.0340554 0.335822 0.0850302 9.9982E-05 9.9982E-05 0.0867364 0.0272292
9.9955E-05 0.543763 9.9955E-05 9.9955E-05 9.9955E-05 0.224596 0.0459649 0.0772288 9.9955E-05 0.107948
9.9982E-05 0.335681 0.16153 0.0253346 0.320259 0.0640773 0.0292417 0.0518719 9.9982E-05 0.0118042
0.0135472 0.394684 9.9973E-05 9.9973E-05 9.9973E-05 0.323047 0.0145273 0.215519 0.00686822 0.0315067
0.0770109 0.637555 0.0793905 0.0385861 0.0327162 0.0137496 0.118951 9.9982E-05 9.9982E-05 0.00184051
9.9973E-05 9.9973E-05 0.0721483 0.101857 0.151032 0.118485 0.354536 0.0570091 0.144633 9.9973E-05
0.00823014 0.47456 0.0168578 0.0274886 0.180332 0.0886667 0.0276437 0.116168 9.9991E-05 0.059953
0.0522489 0.499794 0.0775397 0.0165537 0.0835469 0.0135599 0.0802329 0.0877402 9.9991E-05 0.0886836
0.192518 0.387098 0.0107069 0.0151466 0.10572 0.0304141 0.0374353 0.0322934 9.9991E-05 0.188568
0.0770562 0.279068 0.0860633 0.0239235 0.0231585 0.135571 0.243572 0.0254152 0.016409 0.0897632
0.0434638 0.49535 0.220593 0.0254897 0.104185 9.9973E-05 0.0187917 9.9973E-05 0.0918266 9.9973E-05
9.9982E-05 0.37152 0.00692787 9.9982E-05 0.367647 0.0201013 0.0565316 0.10311 0.0292163 0.0447461
9.9955E-05 9.9955E-05 0.34842 9.9955E-05 9.9955E-05 9.9955E-05 0.437967 0.0812344 0.0106481 0.12123
9.9964E-05 0.434647 0.170469 9.9964E-05 0.11078 9.9964E-05 0.0840661 0.0716351 9.9964E-05 0.128002
9.9973E-05 0.479759 0.0719887 9.9973E-05 0.197579 0.00410995 9.9973E-05 0.0691529 0.0770331 0.100078
9.9982E-05 0.627292 9.9982E-05 0.0263857 0.0494333 0.0154309 0.123558 0.00844244 0.110559 0.0386986
9.9946E-05 0.621788 0.105336 9.9946E-05 9.9946E-05 9.9946E-05 0.180569 9.9946E-05 9.9946E-05 0.0917079
0.0245945 0.481261 0.153025 0.0117969 0.0289414 0.0484601 0.0153071 0.00474556 0.130813 0.101055
0.054297 0.355747 0.0156528 0.0539281 9.9964E-05 9.9964E-05 9.9964E-05 0.429932 9.9964E-05 0.0900425
9.9973E-05 0.373136 0.0864288 0.117823 0.135216 9.9973E-05 0.0283235 0.19055 0.0682224 9.9973E-05
0.000317973 9.9955E-05 9.9955E-05 0.0903221 9.9955E-05 0.142293 9.9955E-05 0.709692 0.0568753 9.9955E-05
0.0313139 9.99459E-05 9.99459E-05 9.99459E-05 9.99459E-05 0.129594 9.99459E-05 0.835247 0.00324513 9.99459E-05
9.9955E-05 0.495944 9.9955E-05 9.9955E-05 0.0652822 0.138278 9.9955E-05 0.22011 9.9955E-05 0.079886
9.9964E-05 0.265237 9.9964E-05 9.9964E-05 0.452851 0.0060686 0.13472 9.9964E-05 0.102527 0.0381959
9.9946E-05 0.138676 9.9946E-05 9.9946E-05 0.576156 9.9946E-05 0.0734855 0.211083 9.9946E-05 9.9946E-05
9.9982E-05 0.0332022 0.0847404 9.9982E-05 0.294563 0.0323756 0.148743 0.157224 0.146544 0.102408
9.9964E-05 0.12696 0.0283849 9.9964E-05 0.530855 0.0341893 0.0850528 0.194158 9.9964E-05 9.9964E-05
9.9973E-05 0.0173003 0.0501835 9.9973E-05 0.0405869 9.9973E-05 0.139403 0.703438 0.00241994 0.0463683
0.0188978 0.0332774 9.9955E-05 9.9955E-05 0.229598 9.9955E-05 0.117078 0.600648 9.9955E-05 9.9955E-05
0.0410203 0.411794 9.9973E-05 0.037296 0.0630108 9.9973E-05 0.0325807 0.306255 9.9973E-05 0.107744
9.9946E-05 0.297817 0.0228676 9.9946E-05 0.24622 9.9946E-05 9.9946E-05 0.432496 9.9946E-05 9.9946E-05
9.9928E-05 9.9928E-05 9.9928E-05 9.9928E-05 0.335749 9.9928E-05 9.9928E-05 0.663452 9.9928E-05 9.9928E-05
0.0037315 0.464959 0.0209132 9.9973E-05 0.0771832 0.122272 0.0461628 0.264479 9.9973E-05 9.9973E-05
9.9946E-05 0.413626 9.9946E-05 9.9946E-05 0.18576 9.9946E-05 9.9946E-05 0.351754 9.9946E-05 0.0482597
0.132326 0.31691 0.0301995 0.0315814 0.0954353 0.00386678 0.0390468 0.178166 0.0303462 0.142121
0.0025818 0.339057 0.0266709 0.0516645 9.9964E-05 0.0214801 9.9964E-05 0.558145 9.9964E-05 9.9964E-05
9.9964E-05 0.285373 9.9964E-05 0.00667293 9.9964E-05 0.186511 9.9964E-05 0.473069 0.0156968 0.0322773
0.0161662 0.576413 0.0420144 9.9964E-05 9.9964E-05 9.9964E-05 0.0074945 0.287895 0.0696175 9.9964E-05
0.136692 0.324187 9.9973E-05 9.9973E-05 0.0425962 9.9973E-05 0.0508439 0.249048 0.164411 0.0319221
0.0405869 0.336429 0.0349234 0.05854 0.23814 9.9982E-05 0.0231016 0.229551 0.0385273 9.9982E-05
9.9946E-05 0.425564 9.9946E-05 9.9946E-05 9.9946E-05 0.0334839 9.9946E-05 0.452437 0.0879157 9.9946E-05
0.0156116 0.142141 9.9955E-05 9.9955E-05 9.9955E-05 0.0370344 9.9955E-05 0.752422 0.0522908 9.9955E-05
9.9964E-05 0.499627 0.00146859 0.169027 0.0370267 9.9964E-05 9.9964E-05 0.276662 0.0157883 9.9964E-05
9.9964E-05 0.167643 9.9964E-05 0.024552 9.9964E-05 0.111789 9.9964E-05 0.673483 0.00653717 0.0155964
9.9946E-05 0.433664 9.9946E-05 9.9946E-05 9.9946E-05 0.0133892 9.9946E-05 0.464098 0.0882495 9.9946E-05
9.9964E-05 0.520478 0.0763329 0.143729 9.9964E-05 9.9964E-05 9.9964E-05 0.193817 0.0385491 0.0266934
0.0474892 0.443877 9.9982E-05 0.0902242 9.9982E-05 0.0275169 0.079378 0.289332 0.000544085 0.0214392
9.9973E-05 0.47247 0.0993986 9.9973E-05 0.0337686 9.9973E-05 0.124047 0.132552 0.0254915 0.111973
0.0387424 0.34877 0.149323 0.0754486 0.0468014 0.0207906 9.9991E-05 0.143141 0.0839005 0.0929824
0.0378936 0.295589 0.0674078 0.0561363 0.122508 9.9991E-05 0.17397 0.0407957 0.0637512 0.141849
0.0892675 0.271747 0.155563 9.9973E-05 9.9973E-05 0.020086 9.9973E-05 0.0453981 0.186166 0.231473
0.161792 0.366196 0.102357 9.9973E-05 0.191676 9.9973E-05 9.9973E-05 0.0399275 0.0181459 0.119606
0.0159988 0.366198 0.0822623 9.9982E-05 0.163469 9.9982E-05 0.0308323 0.103381 0.185849 0.0518093
0.00354717 9.9955E-05 0.150455 9.9955E-05 9.9955E-05 9.9955E-05 0.120673 0.620262 9.9955E-05 0.104563
0.0837014 0.521585 0.0204265 9.9982E-05 0.115733 9.9982E-05 0.0343507 0.0994919 0.00942782 0.115084
9.9955E-05 9.9955E-05 0.32023 9.9955E-05 0.0134016 9.9955E-05 0.154877 0.423667 9.9955E-05 0.0873249
9.9964E-05 0.481741 0.0415196 9.9964E-05 0.126561 9.9964E-05 0.00369565 0.271814 9.9964E-05 0.0742683
9.9937E-05 0.0812675 9.9937E-05 0.127067 9.9937E-05 9.9937E-05 9.9937E-05 0.790966 9.9937E-05 9.9937E-05
9.9937E-05 9.9937E-05 9.9937E-05 0.0765747 9.9937E-05 0.0575458 9.9937E-05 0.86518 9.9937E-05 9.9937E-05
9.9955E-05 0.368907 9.9955E-05 0.0749372 0.0361908 0.056681 9.9955E-05 0.462784 9.9955E-05 9.9955E-05
