0.0015452 9.9964E-05 0.0707931 0.764695 0.0123206 0.043755 9.9964E-05 0.106491 9.9964E-05 9.9964E-05
9.9946E-05 9.9946E-05 0.203662 0.751941 0.0290769 9.9946E-05 9.9946E-05 0.0147201 9.9946E-05 9.9946E-05
0.116532 9.9964E-05 0.104051 0.712452 0.018549 9.9964E-05 9.9964E-05 0.0472419 9.9964E-05 0.000774072
0.0873389 9.9973E-05 0.0369157 0.764117 0.0568142 9.9973E-05 0.0208724 0.0334943 9.9973E-05 0.000147261
0.0271068 9.9964E-05 0.148306 0.698775 0.0334302 9.9964E-05 0.0335261 9.9964E-05 9.9964E-05 0.0584562
0.0716557 0.0323681 0.182763 0.437061 0.0425232 0.075461 9.9991E-05 0.0305081 0.109952 0.0176076
0.0278907 9.9955E-05 9.9955E-05 0.787467 9.9955E-05 0.0483928 9.9955E-05 0.0400312 0.0957189 9.9955E-05
0.018353 9.9973E-05 9.9973E-05 0.700617 0.117158 9.9973E-05 0.0232056 0.0275934 0.06053 0.0522435
9.99549E-05 0.0313225 0.0910179 0.748545 0.111762 9.99549E-05 9.99549E-05 9.99549E-05 0.0168522 9.99549E-05
0.139102 9.9964E-05 9.9964E-05 0.724395 0.0632025 9.9964E-05 0.0109237 0.0204605 9.9964E-05 0.0415169
0.0281076 0.0238036 0.0700809 0.711561 0.0375535 0.0721784 9.9973E-05 9.9973E-05 0.0564149 9.9973E-05
0.110732 0.00505339 9.9946E-05 9.9946E-05 9.9946E-05 0.8319 9.9946E-05 9.9946E-05 9.9946E-05 0.0517152
0.486663 9.9964E-05 9.9964E-05 9.9964E-05 0.0685777 0.340518 9.9964E-05 0.016118 0.0286394 0.0590842
0.0851857 9.9964E-05 9.9964E-05 0.0252087 9.9964E-05 0.735694 0.0693462 0.00951946 9.9964E-05 0.0746461
0.160609 9.9955E-05 9.9955E-05 0.0219195 9.9955E-05 0.708949 9.9955E-05 0.0105875 9.9955E-05 0.0974351
0.299038 9.9973E-05 0.0143368 0.130758 9.9973E-05 0.353525 0.0265353 9.9973E-05 0.0827987 0.092708
0.471086 0.0952986 9.9982E-05 0.127032 0.00320994 0.205004 0.0462428 9.9982E-05 0.012112 0.0398147
0.35333 0.0528602 9.9973E-05 9.9973E-05 9.9973E-05 0.445455 0.0275442 0.0245862 0.0293181 0.0666061
0.214364 9.9946E-05 9.9946E-05 0.117129 9.9946E-05 0.647955 9.9946E-05 9.9946E-05 9.9946E-05 0.0199527
9.9955E-05 9.9955E-05 0.0114067 0.048944 0.0680687 0.858085 9.9955E-05 9.9955E-05 0.012996 9.9955E-05
0.297466 0.0828467 0.0346381 9.9982E-05 9.9982E-05 0.441468 0.036341 0.0173143 0.0210312 0.0686956
0.403865 9.9964E-05 9.9964E-05 9.9964E-05 9.9964E-05 0.260137 0.0715452 0.0672592 0.194429 0.00236538
0.464153 0.146324 0.0529474 0.0274549 9.9982E-05 0.278782 9.9982E-05 0.010595 0.00202169 0.0175221
0.13308 9.9955E-05 9.9955E-05 9.9955E-05 9.9955E-05 0.73972 0.0322126 9.9955E-05 0.0399116 0.0545754
0.602553 0.0514148 0.0418352 0.0604489 0.00648828 0.104904 9.9982E-05 0.00468724 9.9982E-05 0.127469
0.374338 9.9946E-05 9.9946E-05 9.9946E-05 9.9946E-05 0.499149 9.9946E-05 0.00357314 9.9946E-05 0.122339
9.9946E-05 9.9946E-05 9.9946E-05 0.0626289 9.9946E-05 0.859968 9.9946E-05 0.0199856 9.9946E-05 0.0568182
0.0101317 9.9946E-05 9.9946E-05 0.0102984 9.9946E-05 0.804929 9.9946E-05 9.9946E-05 9.9946E-05 0.174041
0.0671359 9.9946E-05 9.9946E-05 0.0151583 9.9946E-05 0.864682 0.0524237 9.9946E-05 9.9946E-05 9.9946E-05
9.99201E-05 9.99201E-05 9.99201E-05 9.99201E-05 9.99201E-05 9.99201E-05 9.99201E-05 0.999101 9.99201E-05 9.99201E-05
9.99201E-05 9.99201E-05 9.99201E-05 9.99201E-05 9.99201E-05 9.99201E-05 9.99201E-05 0.999101 9.99201E-05 9.99201E-05
0.0544876 9.9973E-05 0.228997 0.339559 0.00181602 0.000455892 9.9973E-05 0.363447 9.9973E-05 0.010938
0.138838 0.0334926 0.062508 0.443427 9.9964E-05 9.9964E-05 9.9964E-05 0.260803 9.9964E-05 0.0605321
0.444948 0.254969 9.9973E-05 0.0278374 0.0631071 0.0618136 0.116721 0.0303045 9.9973E-05 9.9973E-05
0.378921 0.24819 0.0593123 0.0271614 0.0480407 0.103903 9.9982E-05 0.00280998 9.9982E-05 0.131462
0.498713 0.264344 9.9982E-05 0.0684767 0.00282357 0.0296219 0.100867 0.0127884 9.9982E-05 0.0221656
0.0652701 9.9964E-05 9.9964E-05 0.0978029 0.288861 0.542416 0.000108834 0.00514133 9.9964E-05 9.9964E-05
0.230567 0.576048 9.9964E-05 0.00488668 9.9964E-05 9.9964E-05 0.132357 0.049433 0.00630797 9.9964E-05
0.358026 0.176207 0.001861 0.113266 0.0485918 0.0826331 0.132682 9.9982E-05 9.9982E-05 0.086533
0.67958 0.222685 0.0465271 9.9946E-05 9.9946E-05 9.9946E-05 9.9946E-05 9.9946E-05 0.0506074 9.9946E-05
0.597598 0.0326621 0.0423951 0.00246055 0.144534 9.9982E-05 9.9982E-05 0.0350727 0.135153 0.00992392
0.613043 0.0753203 9.9964E-05 0.131733 0.0546222 0.0855756 9.9964E-05 0.0393067 9.9964E-05 9.9964E-05
0.0320545 0.601922 9.9955E-05 9.9955E-05 0.0279462 0.268749 9.9955E-05 0.0688289 9.9955E-05 9.9955E-05
0.595905 0.0280358 0.0190986 0.0239962 0.0200607 0.0872525 9.9982E-05 9.9982E-05 0.195095 0.0303564
0.525421 0.224499 9.99776E-05 0.0308028 0.0560222 9.99776E-05 0.0118051 9.99776E-05 0.081414 0.069736
0.466974 0.22868 0.00206995 0.104991 0.0081915 0.0797119 0.00935256 0.0662661 9.9991E-05 0.0336624
0.30359 0.624284 9.9937E-05 9.9937E-05 9.9937E-05 9.9937E-05 0.0714272 9.9937E-05 9.9937E-05 9.9937E-05
0.550596 0.295603 0.00142418 0.0965338 9.9964E-05 9.9964E-05 9.9964E-05 0.0205998 9.9964E-05 0.0348431
0.482823 0.13106 0.0432907 9.9982E-05 0.00422133 0.0959849 0.0989382 0.0455643 9.9982E-05 0.0979176
9.9946E-05 0.637109 9.9946E-05 0.0638499 9.9946E-05 9.9946E-05 0.044417 9.9946E-05 0.254024 9.9946E-05
0.121325 0.261002 9.9964E-05 9.9964E-05 0.295664 0.189169 9.9964E-05 0.00847479 0.123966 9.9964E-05
0.0257451 0.0496706 9.9955E-05 9.9955E-05 9.9955E-05 0.396703 0.160921 9.9955E-05 0.36646 9.9955E-05
0.475081 9.9973E-05 0.00782849 0.0659348 0.104859 0.197717 9.9973E-05 9.9973E-05 0.0532065 0.0950736
0.517551 9.9982E-05 9.9982E-05 0.088927 0.118022 0.13282 0.00125181 0.000498334 0.0680859 0.0726448
0.628498 9.9973E-05 0.0178811 9.9973E-05 0.0182684 0.16969 9.9973E-05 0.0249721 0.130502 0.00988827
0.12292 0.173949 9.9991E-05 0.0500713 0.240423 0.247368 0.0660547 0.0143403 0.0568615 0.0279114
0.53596 0.0183189 0.0414595 9.9982E-05 0.109156 0.148083 0.123622 0.0169764 0.00622349 9.9982E-05
0.451584 0.0253377 0.0516048 9.9964E-05 9.9964E-05 0.242842 9.9964E-05 9.9964E-05 0.063969 0.164262
0.285735 0.106528 0.00264249 0.103605 0.0427087 0.371283 0.00558815 0.0135667 0.0682435 9.9991E-05
9.9982E-05 0.0492957 0.100692 0.0465669 0.109269 0.437466 9.9982E-05 0.00480447 0.218634 0.0330725
0.477679 0.135038 9.9973E-05 9.9973E-05 0.055245 0.127834 0.0573047 0.0729794 0.0736206 9.9973E-05
0.341147 0.0475103 9.9982E-05 0.0803123 0.0447849 0.26448 0.150032 0.0381286 9.9982E-05 0.0334053
9.9964E-05 0.0623812 9.9964E-05 9.9964E-05 0.15334 0.609849 0.0305056 0.042659 0.100865 9.9964E-05
0.370214 0.0576381 9.9982E-05 0.0147591 9.9982E-05 0.361156 0.0662184 0.0219112 0.0797095 0.0281945
0.609517 0.0376884 0.047662 0.0420099 9.9982E-05 0.0943337 0.130181 9.9982E-05 0.032348 0.00605966
0.549908 9.9973E-05 9.9973E-05 0.0360888 0.0947683 0.162239 0.0527844 0.0451708 0.0587411 9.9973E-05
0.194946 0.103747 9.9991E-05 0.0283845 0.0687302 0.437722 0.0289195 0.00547908 0.0913078 0.0406651
0.427579 0.0373746 9.9991E-05 0.0205122 0.0218029 0.330568 0.0931404 0.0104167 0.0405191 0.017987
0.563415 0.0912852 0.0722424 9.9973E-05 0.152168 9.9973E-05 0.0397943 0.0534115 0.0273836 9.9973E-05
0.0561186 0.0305388 9.9973E-05 9.9973E-05 0.0664936 0.58512 0.0865443 0.0493302 0.125555 9.9973E-05
0.526555 0.403942 9.9937E-05 9.9937E-05 0.0688039 9.9937E-05 9.9937E-05 9.9937E-05 9.9937E-05 9.9937E-05
0.118023 0.677121 0.0207745 9.9964E-05 0.0178107 0.157023 9.9964E-05 0.00884896 9.9964E-05 9.9964E-05
0.524722 0.204483 0.0032536 0.076174 0.0750675 9.9991E-05 0.0234343 0.00882683 0.0680879 0.015851
9.9946E-05 0.831988 0.0284141 9.9946E-05 9.9946E-05 9.9946E-05 0.0154961 9.9946E-05 0.123502 9.9946E-05
9.9946E-05 0.79373 9.9946E-05 9.9946E-05 9.9946E-05 0.0662392 0.0243742 9.9946E-05 0.115057 9.9946E-05
0.169222 0.774918 0.0200019 9.9946E-05 9.9946E-05 9.9946E-05 9.9946E-05 9.9946E-05 9.9946E-05 0.0352584
0.398438 0.465395 0.0172047 0.0420485 0.0764142 9.9955E-05 9.9955E-05 9.9955E-05 9.9955E-05 9.9955E-05
0.47931 0.0648189 0.0525199 0.0619621 0.0715866 0.101728 0.0548665 0.0293185 0.000645945 0.0832442
0.382581 0.45421 9.9955E-05 9.9955E-05 9.9955E-05 0.0774417 9.9955E-05 9.9955E-05 0.01805 0.067217
0.057401 0.686357 0.0281681 0.0390062 0.0728552 0.0888448 9.9973E-05 9.9973E-05 9.9973E-05 0.027068
0.222993 0.497775 0.00886896 0.0504989 0.196579 9.9964E-05 9.9964E-05 0.0228851 9.9964E-05 9.9964E-05
0.529217 0.246207 0.0329178 0.0816518 9.9964E-05 9.9964E-05 0.0787756 0.030831 9.9964E-05 9.9964E-05
0.140222 0.551581 0.0501137 9.9964E-05 9.9964E-05 0.172772 0.0339514 9.9964E-05 9.9964E-05 0.0509597
0.282248 0.496522 9.9964E-05 0.0910992 9.9964E-05 0.105769 0.00462266 0.0193395 9.9964E-05 9.9964E-05
0.355782 0.571357 9.9955E-05 9.9955E-05 9.9955E-05 9.9955E-05 0.0283865 0.00318521 0.0407896 9.9955E-05
9.9955E-05 0.704208 9.9955E-05 0.0171348 0.0177494 9.9955E-05 0.0906424 9.9955E-05 0.169765 9.9955E-05
0.593802 0.186734 0.037161 9.9973E-05 0.0428339 0.1009 9.9973E-05 9.9973E-05 0.0366191 0.00165094
0.0519519 0.00803925 0.028915 0.738949 9.9973E-05 0.0769818 9.9973E-05 0.0374458 9.9973E-05 0.057417
0.0751894 9.9946E-05 0.118971 0.732734 9.9946E-05 9.9946E-05 9.9946E-05 0.0725062 9.9946E-05 9.9946E-05
0.077118 9.9955E-05 0.136165 0.662536 9.9955E-05 9.9955E-05 9.9955E-05 0.109848 9.9955E-05 0.0138332
0.0274186 9.9955E-05 0.257065 0.635317 9.9955E-05 9.9955E-05 9.9955E-05 0.0627983 0.0169009 9.9955E-05
0.0663783 0.00871388 0.01309 0.801992 9.9973E-05 9.9973E-05 9.9973E-05 0.0844578 0.010723 0.0143449
0.0109394 9.9964E-05 0.190203 0.710552 9.9964E-05 9.9964E-05 0.0309371 0.0363303 9.9964E-05 0.0206383
0.0699729 9.99461E-05 0.0406125 0.86888 9.99461E-05 9.99461E-05 9.99461E-05 0.0199346 9.99461E-05 9.99461E-05
0.468019 0.301698 0.078735 0.0331715 9.9964E-05 0.0533239 9.9964E-05 0.0646534 9.9964E-05 9.9964E-05
0.535007 0.183666 9.9973E-05 0.0100862 9.9973E-05 0.192612 9.9973E-05 0.039487 0.0188078 0.0200329
0.000379192 0.74212 0.0305493 0.0446001 0.0134807 0.119056 0.0495152 9.9973E-05 9.9973E-05 9.9973E-05
0.549016 0.102326 0.0481418 9.9973E-05 0.0672617 0.0237501 9.9973E-05 0.0219596 0.187245 9.9973E-05
0.337489 0.413068 9.9964E-05 0.100656 0.0551599 0.056335 9.9964E-05 9.9964E-05 9.9964E-05 0.0368926
0.54025 0.279013 0.000884793 0.044079 9.9982E-05 9.9982E-05 0.0689067 0.0164028 0.0163479 0.0339151
0.50188 0.235517 9.9973E-05 0.101124 9.9973E-05 0.0135363 0.116847 0.0191593 9.9973E-05 0.0116361
0.385587 0.477947 9.9955E-05 0.0121148 9.9955E-05 9.9955E-05 9.9955E-05 0.0624375 9.9955E-05 0.0614139
9.9946E-05 0.630964 9.9946E-05 0.0864307 0.0823355 0.19967 9.9946E-05 9.9946E-05 9.9946E-05 9.9946E-05
0.55859 0.0720407 9.9982E-05 0.08216 0.00255904 9.9982E-05 0.0671953 0.0578065 0.132169 0.0272803
0.583148 0.213563 9.9973E-05 0.0987616 9.9973E-05 0.0802439 0.00761827 9.9973E-05 0.0027686 0.013596
0.435821 0.0688213 0.0193786 0.00224472 0.150253 0.0914318 9.9991E-05 0.0901014 0.0246899 0.117158
0.362148 0.463737 9.9955E-05 9.9955E-05 9.9955E-05 9.9955E-05 0.00541409 0.0362858 0.131915 9.9955E-05
0.465735 0.400695 9.9964E-05 0.0153598 9.9964E-05 9.9964E-05 0.0436286 0.00724478 0.0669373 9.9964E-05
0.456391 0.36766 9.9955E-05 0.0493048 0.0519891 0.0741552 9.9955E-05 9.9955E-05 9.9955E-05 9.9955E-05
0.251911 0.617882 9.9973E-05 0.0186697 9.9973E-05 0.00999896 0.00862727 0.0183801 9.9973E-05 0.074231
0.380251 0.419003 0.0435376 0.0318267 0.0682659 0.0567163 9.9964E-05 9.9964E-05 9.9964E-05 9.9964E-05
0.508371 0.131236 9.9982E-05 0.116595 0.0291576 0.114777 0.0478191 9.9982E-05 0.00305702 0.0487867
0.152251 9.9964E-05 9.9964E-05 0.0344669 0.135142 0.384223 0.221741 9.9964E-05 0.0717758 9.9964E-05
0.382413 0.0536458 0.0329635 0.0528549 0.143468 0.252162 9.9991E-05 0.0204653 0.00819238 0.0537351
0.573337 0.040205 0.0920037 9.9982E-05 0.127292 0.0597836 0.00779481 9.9982E-05 0.0610491 0.0383345
0.463617 0.173036 0.0842595 0.0639855 0.123234 0.0180637 9.9973E-05 9.9973E-05 9.9973E-05 0.0735049
0.32242 9.9964E-05 0.0566651 9.9964E-05 0.14907 0.246691 0.169409 0.0553449 9.9964E-05 9.9964E-05
0.524811 0.0281017 9.9982E-05 9.9982E-05 0.152401 0.172324 0.0406825 0.00388239 0.0565225 0.0210739
0.459385 9.9964E-05 0.0378557 0.0270765 0.167593 0.261495 0.0461945 9.9964E-05 9.9964E-05 9.9964E-05
0.44225 0.0565223 0.0425848 0.0702152 0.0809105 0.0436009 0.153865 0.0312294 0.0787221 9.9991E-05
0.561956 9.9991E-05 0.0671864 0.0216307 0.160674 0.0563608 0.0446222 0.0149958 0.0552772 0.0171974
0.538871 9.9973E-05 9.9973E-05 0.0809976 0.0513719 0.165689 0.0447708 0.0671904 0.0508092 9.9973E-05
0.472295 0.0754077 0.0289635 9.9973E-05 0.228259 0.158898 0.0352265 0.000650477 9.9973E-05 9.9973E-05
0.62552 9.9964E-05 0.0654988 9.9964E-05 0.0826376 0.096466 0.113249 9.9964E-05 9.9964E-05 0.0162297
0.511066 0.0507255 0.0863537 9.9982E-05 0.162207 0.0795922 0.0359663 0.0281389 9.9982E-05 0.0457497
0.536363 0.116991 0.0148556 9.9973E-05 0.0773972 0.154093 0.0886991 9.9973E-05 9.9973E-05 0.0113009
0.567906 9.9982E-05 0.0219773 9.9982E-05 0.180775 0.0194716 0.0557467 0.0431799 0.0558242 0.0549189
0.535772 0.0737235 0.0320478 9.9991E-05 0.087784 0.0927178 0.0634019 0.0299643 0.0487985 0.03569
0.315512 9.9973E-05 0.0898218 9.9973E-05 0.0976093 0.210302 0.0983155 0.0429067 0.145233 9.9973E-05
0.496945 0.0582529 0.00181936 9.9991E-05 0.0450626 0.258015 0.00869787 0.0130587 0.0277937 0.0902543
0.703697 9.9964E-05 0.0461456 9.9964E-05 0.104137 0.0660474 0.0554316 9.9964E-05 0.0241411 9.9964E-05
0.169202 0.0984262 0.0166499 9.9982E-05 0.179665 0.318374 0.104278 0.026411 9.9982E-05 0.0867945
0.172395 0.0763347 0.0500873 9.9973E-05 0.180736 0.127229 0.158968 9.9973E-05 0.23395 9.9973E-05
0.483093 0.0262665 0.072147 0.0597124 0.124563 0.114931 0.0494191 9.9991E-05 0.0518424 0.0179251
0.055452 0.178805 9.9973E-05 9.9973E-05 0.206083 0.0916569 0.217464 9.9973E-05 0.2028 0.047439
0.184509 0.0206057 0.0939773 9.9973E-05 0.13485 0.486233 0.0721951 0.00732909 9.9973E-05 9.9973E-05
0.392908 0.0682526 9.9964E-05 0.0596881 0.169663 0.222594 0.0864948 9.9964E-05 9.9964E-05 9.9964E-05
0.247906 0.102504 0.00266834 9.9973E-05 0.151937 0.401423 0.0567501 0.0365118 9.9973E-05 9.9973E-05
0.288176 0.0904943 9.9964E-05 0.019614 0.190846 0.339303 0.071167 9.9964E-05 9.9964E-05 9.9964E-05
0.544745 0.0722544 0.0352808 0.0868552 0.0296922 0.188518 9.9982E-05 0.00981243 0.032642 9.9982E-05
0.584119 9.9982E-05 0.0976171 0.0192659 0.100543 0.0314434 0.0604299 9.9982E-05 0.0723697 0.0340117
0.440126 0.103998 0.102518 0.00821114 0.147584 0.140015 9.9973E-05 9.9973E-05 9.9973E-05 0.0572485
0.0760848 0.128443 9.9982E-05 9.9982E-05 0.186426 0.228576 0.0883564 0.00646176 0.218643 0.0668084
0.448418 0.0933367 0.0596226 0.150595 0.0162878 0.00859176 9.9991E-05 0.00597213 0.176491 0.0405855
0.568172 0.0994613 9.9982E-05 0.0372177 0.0419563 0.0587866 9.9982E-05 0.0276504 0.146325 0.0202305
9.9982E-05 0.154883 0.122706 0.0176558 0.12442 0.0604271 0.162967 0.0028329 0.353908 9.9982E-05
0.634247 0.00721801 0.0692905 0.0188979 9.9991E-05 0.0318646 0.0736251 0.0126697 0.135838 0.0162492
0.351167 0.11963 0.0207382 0.0415893 0.0931557 9.9982E-05 0.0593238 9.9982E-05 0.236187 0.0780086
0.469661 0.0372608 0.0429299 0.0610167 0.0442635 9.9982E-05 0.129279 9.9982E-05 0.162751 0.0526381
0.205428 0.156031 9.9991E-05 0.0687902 0.0449202 0.0805852 0.0743948 0.0154724 0.344119 0.0101594
0.22016 9.9964E-05 9.9964E-05 0.0324468 0.113491 0.12765 0.117281 9.9964E-05 0.38857 9.9964E-05
0.408483 0.131996 9.9973E-05 9.9973E-05 0.192403 0.0427373 0.121042 0.0115367 0.0915015 9.9973E-05
0.527138 0.108698 9.9982E-05 0.0528145 0.151618 0.0300639 9.9982E-05 0.0317207 0.0761298 0.0216164
0.446089 9.9991E-05 0.0388038 0.0565211 0.105664 0.147853 0.0355772 0.00547343 0.149065 0.0148529
9.9973E-05 0.189913 9.9973E-05 0.00945842 9.9973E-05 0.210548 0.11224 0.00205311 0.327833 0.147654
0.491786 9.9991E-05 0.0732071 0.0351121 0.0572527 0.205931 0.0355163 0.0135276 0.0384041 0.0491624
0.298689 0.113133 9.9964E-05 9.9964E-05 0.073463 0.200224 0.000913743 9.9964E-05 0.313177 9.9964E-05
0.410151 0.0860685 9.9973E-05 9.9973E-05 0.0266257 0.264595 0.0306268 9.9973E-05 0.145408 0.0362253
0.46472 0.109178 0.0952734 9.9991E-05 0.0370189 0.0393057 0.0857977 0.000647448 0.111214 0.0567456
0.10735 9.9973E-05 0.0751022 0.161129 9.9973E-05 0.0503974 9.9973E-05 0.0718811 0.278141 0.2557
9.9946E-05 9.9946E-05 9.9946E-05 0.482084 9.9946E-05 9.9946E-05 9.9946E-05 0.0206305 0.388606 0.10808
9.9946E-05 9.9946E-05 9.9946E-05 0.380189 9.9946E-05 9.9946E-05 9.9946E-05 0.0127509 0.472226 0.134235
0.0554094 9.9964E-05 0.0741269 0.285511 0.0183985 9.9964E-05 9.9964E-05 9.9964E-05 0.237739 0.328415
0.629025 0.056562 9.9955E-05 9.9955E-05 9.9955E-05 0.0172574 9.9955E-05 0.00692597 0.28973 9.9955E-05
0.546353 9.9964E-05 0.0372088 0.11381 0.0827771 9.9964E-05 0.056528 9.9964E-05 0.162923 9.9964E-05
0.256697 0.0735466 9.9946E-05 9.9946E-05 9.9946E-05 9.9946E-05 9.9946E-05 0.0124442 9.9946E-05 0.656713
0.204752 0.0846287 0.0279492 9.9982E-05 0.0662807 0.107746 0.0186648 0.0412712 9.9982E-05 0.448508
0.391713 9.99956E-05 0.0518617 0.0329367 0.0796838 0.0524504 0.00544869 0.0492217 0.0155299 0.321054
0.323492 0.168137 9.9964E-05 9.9964E-05 0.0404519 9.9964E-05 0.122664 0.0156828 0.329172 9.9964E-05
0.558747 0.117588 0.0647757 9.9973E-05 9.9973E-05 9.9973E-05 0.120694 0.0271795 0.108132 0.00258433
0.219067 0.112304 9.9964E-05 9.9964E-05 0.00894012 0.0423412 0.129697 9.9964E-05 0.487251 9.9964E-05
0.579446 0.0329861 0.0360292 9.9973E-05 0.0847588 0.00961459 0.0290431 9.9973E-05 0.227822 9.9973E-05
0.507206 0.0566105 0.0179723 9.9982E-05 0.083775 0.00681987 0.142035 0.0177617 0.16762 9.9982E-05
0.523995 0.00719512 0.0146536 9.9973E-05 9.9973E-05 0.0889533 0.0665975 9.9973E-05 0.225178 0.0731278
0.220878 0.0679732 9.9955E-05 9.9955E-05 9.9955E-05 0.112696 0.12747 9.9955E-05 0.470482 9.9955E-05
0.526851 0.121345 9.9982E-05 9.9982E-05 0.0543881 0.0541426 0.0387049 0.025529 0.0707142 0.108125
0.536413 0.115068 0.00823291 0.0409374 0.0409794 0.0357044 0.138173 9.9982E-05 0.0842922 9.9982E-05
9.9928E-05 9.9928E-05 0.0244383 9.9928E-05 9.9928E-05 9.9928E-05 9.9928E-05 9.9928E-05 9.9928E-05 0.974762
0.0438055 9.9946E-05 9.9946E-05 9.9946E-05 0.0172222 9.9946E-05 9.9946E-05 9.9946E-05 0.0258017 0.912571
0.220258 0.0753001 0.0516957 9.9973E-05 9.9973E-05 0.0833919 0.015515 0.00527212 9.9973E-05 0.548267
0.277116 9.9955E-05 0.00652489 9.9955E-05 0.0281731 9.9955E-05 0.0518003 9.9955E-05 9.9955E-05 0.635885
0.108298 9.9946E-05 9.9946E-05 0.031673 0.0107013 9.9946E-05 9.9946E-05 9.9946E-05 9.9946E-05 0.848728
9.9928E-05 9.9928E-05 9.9928E-05 9.9928E-05 0.00466958 9.9928E-05 9.9928E-05 9.9928E-05 9.9928E-05 0.994531
9.9955E-05 0.0262933 9.9955E-05 9.9955E-05 0.0107072 9.9955E-05 0.0137333 0.0106542 9.9955E-05 0.938112
0.109372 9.9937E-05 9.9937E-05 9.9937E-05 9.9937E-05 9.9937E-05 0.00836998 9.9937E-05 9.9937E-05 0.881559
9.9932E-05 9.9932E-05 9.9932E-05 9.9932E-05 0.0300613 9.9932E-05 9.9932E-05 9.9932E-05 9.9932E-05 0.969139
9.9937E-05 9.9937E-05 0.0176866 9.9937E-05 9.9937E-05 9.9937E-05 9.9937E-05 0.0101347 9.9937E-05 0.971479
9.9937E-05 9.9937E-05 0.023156 9.9937E-05 9.9937E-05 9.9937E-05 9.9937E-05 0.0166306 9.9937E-05 0.959514
0.0975521 0.0224332 9.9964E-05 9.9964E-05 0.0267663 0.0185192 9.9964E-05 0.0702698 9.9964E-05 0.76406
0.0789036 9.9937E-05 9.9937E-05 9.9937E-05 0.0904585 9.9937E-05 9.9937E-05 9.9937E-05 9.9937E-05 0.829938
9.9928E-05 0.0253212 9.9928E-05 9.9928E-05 9.9928E-05 9.9928E-05 9.9928E-05 9.9928E-05 9.9928E-05 0.973879
0.238202 0.0743728 0.121883 9.9964E-05 9.9964E-05 0.0808778 0.02832 9.9964E-05 9.9964E-05 0.455945
0.240483 0.00440669 0.0273 0.0573881 9.9973E-05 0.0326479 9.9973E-05 0.0152514 9.9973E-05 0.622223
0.139039 9.9964E-05 0.078704 9.9964E-05 0.0425808 9.9964E-05 0.0143945 9.9964E-05 0.00114518 0.723737
0.0485246 9.9946E-05 9.9946E-05 9.9946E-05 9.9946E-05 0.0523907 9.9946E-05 0.0154019 9.9946E-05 0.883083
0.0438195 9.9955E-05 0.017102 9.9955E-05 9.9955E-05 9.9955E-05 0.00450436 9.9955E-05 0.0125388 0.921536
9.9946E-05 9.9946E-05 0.0275838 0.0710878 9.9946E-05 0.0245061 9.9946E-05 9.9946E-05 9.9946E-05 0.876223
9.9928E-05 9.9928E-05 9.9928E-05 9.9928E-05 9.9928E-05 9.9928E-05 9.9928E-05 0.0396037 9.9928E-05 0.959597
0.180693 0.044818 0.0529613 9.9964E-05 0.0932238 9.9964E-05 9.9964E-05 0.0116445 9.9964E-05 0.61626
0.0158149 9.9955E-05 9.9955E-05 0.00847278 0.011471 0.0626568 9.9955E-05 9.9955E-05 9.9955E-05 0.901085
9.9973E-05 0.0586199 0.0778811 0.240853 9.9973E-05 0.0158174 0.0272212 9.9973E-05 0.548731 0.0305762
0.401841 0.015411 0.095748 0.0663763 0.060965 0.026165 9.9991E-05 0.065705 0.209067 0.0586225
0.512901 0.0359327 9.9946E-05 0.283268 9.9946E-05 9.9946E-05 9.9946E-05 9.9946E-05 0.167299 9.9946E-05
0.189421 0.0142246 9.9982E-05 0.158115 0.0522414 9.9982E-05 0.0200243 0.0363445 0.454426 0.0750022
0.447658 9.9982E-05 9.9982E-05 0.0825057 0.0526812 0.0818654 0.0282254 0.0325098 0.175453 0.0989015
0.232275 0.0415894 9.9973E-05 0.16799 9.9973E-05 0.00371057 9.9973E-05 0.0558372 0.44336 0.0549382
0.411611 0.0837015 0.0638767 0.17629 9.9973E-05 0.136086 0.0461174 9.9973E-05 0.0820179 9.9973E-05
0.410004 9.9955E-05 0.0459409 0.106808 9.9955E-05 9.9955E-05 9.9955E-05 9.9955E-05 0.326484 0.110263
0.375974 0.0436722 9.9982E-05 0.00789491 0.0484615 9.9982E-05 0.0225589 0.0725983 0.260676 0.167964
0.270522 9.9964E-05 0.0135647 0.0804496 9.9964E-05 9.9964E-05 9.9964E-05 0.034833 0.388606 0.211625
0.474395 9.9973E-05 9.9973E-05 0.167432 0.0324063 0.0559721 9.9973E-05 0.0219576 0.204306 0.043232
0.0732504 0.0124515 0.0191133 0.789236 0.0860995 9.9964E-05 9.9964E-05 9.9964E-05 0.0194499 9.9964E-05
9.9955E-05 9.9955E-05 0.0614165 0.796998 9.9955E-05 9.9955E-05 0.027634 0.068724 9.9955E-05 0.0447273
9.9946E-05 0.01483 9.9946E-05 0.928644 0.012555 9.9946E-05 9.9946E-05 0.0433718 9.9946E-05 9.9946E-05
0.0022236 9.9946E-05 9.9946E-05 0.939764 0.0407263 9.9946E-05 9.9946E-05 0.0166863 9.9946E-05 9.9946E-05
0.0104094 9.9955E-05 9.9955E-05 0.794719 0.0617006 9.9955E-05 9.9955E-05 0.10311 9.9955E-05 0.0295612
9.9955E-05 9.9955E-05 0.139391 0.719834 9.9955E-05 9.9955E-05 0.00113076 0.0475565 9.9955E-05 0.0915882
0.0174602 9.9955E-05 0.162008 0.696397 9.9955E-05 9.9955E-05 9.9955E-05 0.0584411 9.9955E-05 0.0651937
0.0416808 9.9955E-05 0.0619419 0.831008 9.9955E-05 9.9955E-05 9.9955E-05 0.00048293 0.0643869 9.9955E-05
0.0285456 0.00965091 0.023855 0.870967 9.9982E-05 9.9982E-05 0.011704 0.0269459 0.0119026 0.0162288
0.0105554 9.9964E-05 0.148524 0.717252 9.9964E-05 9.9964E-05 9.9964E-05 0.0119298 0.0385232 0.0728166
9.9964E-05 0.0607663 9.9964E-05 0.605787 0.0770065 0.145479 0.0835811 0.0269802 9.9964E-05 9.9964E-05
9.9955E-05 0.0422821 9.9955E-05 0.547464 0.199237 0.20295 9.9955E-05 0.0075674 9.9955E-05 9.9955E-05
9.9973E-05 9.9973E-05 0.0953323 0.380023 0.0839303 0.265597 0.00557809 0.0316937 0.137546 9.9973E-05
9.9964E-05 0.05356 9.9964E-05 0.508427 0.160018 0.242973 0.0162433 9.9964E-05 0.0183781 9.9964E-05
0.488508 0.163548 0.0441887 9.9982E-05 0.0508766 0.111172 0.0468926 0.0700446 0.0245699 9.9982E-05
0.432999 0.193074 9.9982E-05 0.0734998 0.0582566 0.0665541 0.108151 9.9982E-05 0.0225686 0.044696
0.388885 0.229609 0.0759683 9.9964E-05 9.9964E-05 0.230116 9.9964E-05 9.9964E-05 0.0155947 0.0594275
0.374983 0.14154 0.008349 0.0171363 0.0947346 0.265805 0.0413461 0.0122398 0.0437668 9.9991E-05
0.100037 0.144137 9.9973E-05 9.9973E-05 0.323286 0.380098 0.0240658 0.006765 9.9973E-05 0.0213117
0.510857 0.211164 0.00965201 0.0408123 0.0437221 9.9982E-05 0.0748336 0.0333261 9.9982E-05 0.0754322
0.587089 0.237627 0.034932 9.9964E-05 0.055639 0.0499487 0.0343648 9.9964E-05 9.9964E-05 9.9964E-05
0.514971 0.22239 9.9964E-05 9.9964E-05 0.014455 0.106939 0.0451873 9.9964E-05 0.0956568 9.9964E-05
0.354091 0.519058 9.9964E-05 9.9964E-05 0.00806603 9.9964E-05 0.0341541 9.9964E-05 0.0630687 0.0211627
0.560198 0.161753 0.076592 0.0404587 0.130996 9.9982E-05 0.0022623 9.9982E-05 0.00589509 0.0216447
0.379678 0.354639 0.00364843 9.9982E-05 0.110389 0.0399418 0.0921425 0.0157367 0.00362514 9.9982E-05
9.9946E-05 0.710098 9.9946E-05 9.9946E-05 0.0595052 9.9946E-05 0.172241 9.9946E-05 0.0575563 9.9946E-05
0.471892 0.16494 0.0763942 0.0102462 0.0742451 0.123089 0.0368609 9.9982E-05 0.0421329 9.9982E-05
0.163872 0.562334 9.9973E-05 0.0178596 0.0328038 9.9973E-05 0.0662729 9.9973E-05 0.114172 0.0423856
0.528243 0.418389 0.0185313 9.9955E-05 9.9955E-05 9.9955E-05 0.0132994 0.0210382 9.9955E-05 9.9955E-05
0.0205169 0.614681 0.00721909 0.0422885 0.101217 0.213678 9.9964E-05 9.9964E-05 9.9964E-05 9.9964E-05
0.0137462 0.00469737 9.9973E-05 0.0195562 0.810508 9.9973E-05 9.9973E-05 0.0392187 0.0948549 0.0171188
0.0709529 9.9955E-05 0.0612499 0.00840241 0.757574 9.9955E-05 9.9955E-05 9.9955E-05 0.101321 9.9955E-05
9.9946E-05 9.9946E-05 9.9946E-05 0.00262773 0.873942 9.9946E-05 0.090504 0.0323269 9.9946E-05 9.9946E-05
9.9955E-05 0.0231314 9.9955E-05 0.070302 0.849819 9.9955E-05 0.0163504 9.9955E-05 0.0398978 9.9955E-05
0.0839093 9.9982E-05 0.015537 9.9982E-05 0.76945 0.0240342 0.0155444 0.0138671 0.0735306 0.0039275
0.0144566 9.9955E-05 0.0379494 9.9955E-05 0.82659 9.9955E-05 9.9955E-05 9.9955E-05 0.0417278 0.0787766
0.0702526 0.00560844 0.0430407 0.821365 9.9964E-05 9.9964E-05 9.9964E-05 0.033803 9.9964E-05 0.0255303
0.05713 9.9946E-05 9.9946E-05 0.860588 9.9946E-05 0.0615483 9.9946E-05 0.0201343 9.9946E-05 9.9946E-05
0.115314 9.9973E-05 0.0674323 0.666665 9.9973E-05 9.9973E-05 0.0202664 0.0453341 0.0173371 0.0673514
0.0160756 9.9955E-05 9.9955E-05 0.711474 9.9955E-05 0.130078 9.9955E-05 0.046595 9.9955E-05 0.0952777
0.0730458 0.000960647 9.9973E-05 0.775113 0.0305852 0.0024338 9.9973E-05 9.9973E-05 0.0147093 0.102852
9.9964E-05 9.9964E-05 0.128202 0.256057 0.446566 0.0586988 9.9964E-05 0.0241006 0.0859766 9.9964E-05
9.9964E-05 0.0149513 9.9964E-05 0.464212 0.364715 0.0232439 0.109326 9.9964E-05 0.0231516 9.9964E-05
9.9955E-05 0.0922197 9.9955E-05 0.423423 0.356491 9.9955E-05 0.109873 0.0174934 9.9955E-05 9.9955E-05
9.99279E-05 9.99279E-05 9.99279E-05 9.99279E-05 0.00388729 9.99279E-05 9.99279E-05 0.995313 9.99279E-05 9.99279E-05
9.9982E-05 0.0589771 0.0900298 0.239429 0.440335 0.014747 0.0376527 0.0578831 0.0607465 9.9982E-05
0.24084 9.9964E-05 0.0846242 0.141148 9.9964E-05 9.9964E-05 0.0735983 9.9964E-05 0.0881029 0.371287
0.443441 9.9964E-05 0.00549245 0.113977 0.0935545 9.9964E-05 9.9964E-05 0.0106933 9.9964E-05 0.332442
0.484693 9.9964E-05 0.049182 0.135836 9.9964E-05 0.0475045 9.9964E-05 0.0472274 9.9964E-05 0.235157
0.326503 0.150575 0.0100391 0.233186 0.0622805 9.9973E-05 9.9973E-05 0.006384 9.9973E-05 0.210733
0.469125 9.9982E-05 9.9982E-05 0.135288 0.106014 0.0631543 0.0214337 0.0337284 0.0467103 0.124347
9.9946E-05 9.9946E-05 0.156123 0.304516 9.9946E-05 9.9946E-05 9.9946E-05 9.9946E-05 0.255968 0.282793
0.359175 9.9955E-05 0.0488821 9.9955E-05 0.130071 0.396422 0.0649509 9.9955E-05 9.9955E-05 9.9955E-05
0.359259 0.0386446 0.032682 9.9973E-05 0.189058 0.0346511 0.18977 9.9973E-05 0.155636 9.9973E-05
0.1456 0.00178707 9.9964E-05 0.067064 0.142467 0.636174 9.9964E-05 0.00650774 9.9964E-05 9.9964E-05
0.407552 0.0301338 9.9964E-05 9.9964E-05 0.0991152 0.162646 0.258715 9.9964E-05 9.9964E-05 0.0414378
9.9955E-05 0.0999825 9.9955E-05 9.9955E-05 0.0881832 0.100312 0.358457 9.9955E-05 0.352565 9.9955E-05
0.467545 0.0689089 0.129991 9.9982E-05 9.9982E-05 0.158432 0.0268412 0.013438 0.0766597 0.0579838
0.481246 9.9964E-05 9.9964E-05 9.9964E-05 0.0931522 0.182797 0.153294 0.015102 0.0740098 9.9964E-05
0.278886 0.043241 0.0101387 0.0299385 0.12898 0.475824 0.025585 0.00720651 9.9982E-05 9.9982E-05
0.51379 0.0875222 0.00448393 0.0983546 0.131432 0.0503639 9.9982E-05 9.9982E-05 0.06752 0.046334
0.0135667 0.162761 0.0389955 9.9973E-05 0.0307879 0.434325 0.0902429 9.9973E-05 0.229021 9.9973E-05
0.43728 0.105695 0.0393345 9.9991E-05 0.0364188 0.136989 0.097428 0.0115173 0.130042 0.00519455
0.484372 0.0193281 0.00949272 9.9982E-05 0.143864 0.18392 0.0361683 0.0298603 0.0927945 9.9982E-05
0.395303 0.0704881 9.9982E-05 0.085042 0.0673559 0.0963657 0.0103628 9.9982E-05 0.134881 0.140002
0.307152 0.0108476 9.9964E-05 9.9964E-05 0.117302 0.281518 0.276811 9.9964E-05 0.00596926 9.9964E-05
0.334816 0.00210008 9.9982E-05 0.00182829 0.166001 0.239174 0.181713 9.9982E-05 0.0262528 0.0479145
0.504049 0.0309505 9.9973E-05 9.9973E-05 0.0225804 0.164061 0.0725387 9.9973E-05 0.182921 0.0225996
0.536135 0.0825207 0.0163619 0.000360185 0.139951 0.0826939 0.0790932 9.9982E-05 0.0626847 9.9982E-05
0.634349 9.9982E-05 0.0257577 0.00311423 0.0350906 0.0989798 0.127211 0.0195105 9.9982E-05 0.0557876
0.493732 0.132771 9.9982E-05 0.121372 0.0484971 0.0210044 0.0579255 9.9982E-05 0.0918768 0.0326209
0.555194 9.9973E-05 0.0901352 9.9973E-05 0.149961 0.057188 0.00870382 0.0197019 0.118817 9.9973E-05
9.99201E-05 9.99201E-05 0.999101 9.99201E-05 9.99201E-05 9.99201E-05 9.99201E-05 9.99201E-05 9.99201E-05 9.99201E-05
9.9928E-05 9.9928E-05 0.996785 9.9928E-05 9.9928E-05 9.9928E-05 9.9928E-05 0.00241537 9.9928E-05 9.9928E-05
9.9964E-05 0.0488559 0.48609 0.367515 0.0124284 0.0540897 9.9964E-05 9.9964E-05 0.0306209 9.9964E-05
9.99201E-05 9.99201E-05 0.999101 9.99201E-05 9.99201E-05 9.99201E-05 9.99201E-05 9.99201E-05 9.99201E-05 9.99201E-05
0.0131424 9.9946E-05 0.830443 0.11493 9.9946E-05 9.9946E-05 9.9946E-05 0.0408854 9.9946E-05 9.9946E-05
0.110007 0.00584338 9.9973E-05 0.0314983 0.220033 0.564297 9.9973E-05 9.9973E-05 0.0410412 0.0269791
0.363302 9.9982E-05 9.9982E-05 0.0261368 0.0483759 0.220884 0.154272 0.00216663 0.039246 0.145417
0.348989 9.9973E-05 0.0582055 0.229993 0.0200459 9.9973E-05 0.0809068 9.9973E-05 0.105225 0.156334
0.537409 0.0285422 0.00553037 9.9991E-05 0.099325 0.165309 0.0116978 0.0227206 0.020556 0.10881
0.471514 0.164099 0.0260961 0.0550346 0.146709 0.114822 0.0015496 0.0199746 9.9982E-05 9.9982E-05
0.227245 9.9973E-05 9.9973E-05 9.9973E-05 0.123601 0.249002 0.19516 0.0112249 0.135339 0.0581278
9.9964E-05 0.0458083 0.119705 9.9964E-05 0.283045 0.40555 9.9964E-05 0.0306421 0.11485 9.9964E-05
0.427458 0.075505 0.0385338 9.9973E-05 0.159419 0.162029 0.0998766 0.0368784 9.9973E-05 9.9973E-05
0.103112 9.9973E-05 9.9973E-05 0.0824867 0.278738 0.358112 0.128721 0.00159328 9.9973E-05 0.0469367
0.320002 0.102255 0.0257005 0.0216437 0.16863 9.9982E-05 0.205284 9.9982E-05 0.0992785 0.0570058
0.0282124 0.0147971 0.102063 0.0266935 0.210392 0.476402 0.121671 0.0195691 9.9982E-05 9.9982E-05
0.581749 9.9955E-05 9.9955E-05 0.129826 0.171061 9.9955E-05 9.9955E-05 0.038966 0.0778975 9.9955E-05
0.106857 9.9982E-05 0.0564343 0.0211353 0.142418 0.522896 0.0624913 0.0190757 0.0684915 9.9982E-05
0.387657 0.0850839 0.0247432 9.9982E-05 0.199972 0.0818822 0.0912378 0.0403665 0.0888575 9.9982E-05
0.409779 0.0946596 0.0784481 9.9973E-05 9.9973E-05 0.122474 0.0908939 0.0438107 0.159634 9.9973E-05
0.340087 9.9955E-05 9.9955E-05 9.9955E-05 0.167393 0.0167828 0.0340205 9.9955E-05 0.441216 9.9955E-05
0.468972 9.9955E-05 0.124753 9.9955E-05 9.9955E-05 0.102909 0.0363512 9.9955E-05 0.266516 9.9955E-05
0.544129 0.0777125 0.0108172 0.114948 9.9982E-05 0.0152916 0.0344341 0.0291139 0.173354 9.9982E-05
0.339289 0.0868531 0.0142968 9.9973E-05 0.0806628 0.0220353 0.116477 9.9973E-05 0.340086 9.9973E-05
0.465233 0.0570292 0.0433945 0.00553416 0.139635 0.0429811 0.0578051 0.0986223 0.0896655 9.9991E-05
0.410421 0.119773 0.0674645 9.9964E-05 0.119891 9.9964E-05 0.141024 9.9964E-05 0.141027 9.9964E-05
0.0973618 0.16755 9.9955E-05 9.9955E-05 0.147566 9.9955E-05 0.106075 9.9955E-05 0.480948 9.9955E-05
0.284959 0.0987377 9.9955E-05 9.9955E-05 0.0184844 9.9955E-05 0.0359335 9.9955E-05 0.561386 9.9955E-05
0.491115 0.0392473 9.9964E-05 9.9964E-05 0.122393 9.9964E-05 0.0733139 0.0202102 0.253321 9.9964E-05
0.165304 0.208959 9.9964E-05 9.9964E-05 0.146749 0.0322186 0.0530414 9.9964E-05 0.393327 9.9964E-05
0.421039 0.0182579 9.9955E-05 9.9955E-05 0.0883961 0.172869 9.9955E-05 9.9955E-05 0.298938 9.9955E-05
0.00686895 0.144715 9.9991E-05 0.0526982 0.256923 0.413281 0.0297088 0.00660695 0.0451635 0.0439341
0.156286 0.0515362 9.9964E-05 9.9964E-05 0.221968 0.170091 0.381244 9.9964E-05 9.9964E-05 0.0184751
0.27721 0.127984 9.9973E-05 9.9973E-05 0.215142 0.169083 0.0782232 0.0753705 9.9973E-05 0.0566886
0.524546 0.0531592 9.9973E-05 9.9973E-05 0.0747048 0.217149 0.00052581 0.0139584 9.9973E-05 0.115658
0.159412 0.159281 0.00057424 9.9973E-05 0.258321 0.365814 0.0238086 9.9973E-05 9.9973E-05 0.0324896
0.422435 0.0569445 9.9982E-05 0.0161943 0.224901 9.9982E-05 0.120244 0.0164773 0.0350848 0.107519
0.599033 0.0257804 9.9973E-05 9.9973E-05 0.126243 0.0487801 0.0431928 0.0655438 9.9973E-05 0.0911264
0.374573 0.0979087 9.9964E-05 9.9964E-05 0.115036 0.297245 9.9964E-05 9.9964E-05 0.00208916 0.112748
0.43084 9.9973E-05 0.0175422 9.9973E-05 0.16233 0.203864 0.108265 0.0321084 9.9973E-05 0.0447509
0.317539 0.120473 0.0302341 0.00570124 0.293204 0.127509 9.9982E-05 0.00580077 9.9982E-05 0.0993386
0.0831653 0.101328 9.9955E-05 9.9955E-05 0.220078 0.474676 9.9955E-05 9.9955E-05 9.9955E-05 0.120252
0.185959 0.0793777 0.00350173 9.9982E-05 0.281586 0.218335 0.0790006 9.9982E-05 0.00289013 0.14915
0.531947 0.052058 9.9964E-05 9.9964E-05 0.085381 0.154189 0.147507 9.9964E-05 9.9964E-05 0.0285192
0.559996 0.0426687 0.0194765 0.0489687 0.0834549 0.127374 0.0715699 0.0462912 9.9982E-05 9.9982E-05
0.454096 9.9982E-05 0.011499 0.0456502 0.223406 0.0140905 0.148249 0.0229221 0.0798868 9.9982E-05
0.440306 0.0442569 9.9964E-05 9.9964E-05 0.144512 0.107248 0.160381 9.9964E-05 9.9964E-05 0.102896
0.32275 9.9973E-05 0.0996153 9.9973E-05 0.221475 0.251852 9.9973E-05 0.0143004 0.0566833 0.0330238
0.610558 0.00668931 0.09524 0.0011962 0.0511526 0.234764 9.9964E-05 9.9964E-05 9.9964E-05 9.9964E-05
0.421476 9.9982E-05 0.0403781 0.00619808 0.114523 0.240109 0.0839602 0.00345783 9.9982E-05 0.0896979
0.488026 0.0600043 9.9982E-05 0.0198017 0.229579 0.0211131 0.0629226 9.9982E-05 0.0111356 0.107218
0.375421 0.0143369 0.122213 0.183964 9.9982E-05 0.0798062 9.9982E-05 0.016796 0.0771054 0.130157
0.386044 0.0870035 0.0427961 0.0632919 9.9982E-05 9.9982E-05 0.0664296 0.055723 0.0850769 0.213435
0.46185 9.9964E-05 9.9964E-05 0.111966 9.9964E-05 0.151359 9.9964E-05 0.100493 0.0701518 0.10378
0.536913 0.0297585 0.0151933 9.9991E-05 0.128543 0.00923648 0.0796922 0.0631727 0.0672589 0.0701313
0.380299 0.12428 0.0917426 0.0657824 9.9991E-05 0.0444885 0.0083003 0.0275645 0.0375058 0.219936
0.444612 9.9964E-05 9.9964E-05 9.9964E-05 0.00770553 0.203386 0.222654 0.00506629 0.116176 9.9964E-05
0.502608 0.0754115 0.0173862 0.137989 0.0489033 9.9982E-05 0.0174644 0.0525887 9.9982E-05 0.147449
0.0233777 0.0698314 0.0270174 0.161212 9.9973E-05 0.133789 9.9973E-05 9.9973E-05 0.463702 0.120772
0.382626 9.9982E-05 0.0296348 0.0861672 0.050808 0.141246 9.9982E-05 0.00970966 0.0655449 0.234063
0.549813 0.0843796 0.0682657 0.0800774 0.0288156 0.0233708 0.0540674 9.9982E-05 9.9982E-05 0.11101
0.467762 0.124821 9.9973E-05 0.0139655 0.0978785 0.0482595 9.9973E-05 0.0665763 9.9973E-05 0.180437
0.21144 0.0233305 0.0172817 0.0884444 0.0117118 0.26661 0.0288033 0.0562813 0.135666 0.16043
0.487808 0.0569593 0.0521372 0.12916 9.9982E-05 0.144405 9.9982E-05 0.0339713 0.0226748 0.0726845
0.500936 9.9991E-05 0.101248 0.0281883 0.00187486 0.00753559 0.070026 0.0439952 0.156181 0.0899153
9.9964E-05 9.9964E-05 0.0112989 0.413595 9.9964E-05 9.9964E-05 0.0125477 0.0257251 0.363 0.173433
0.445623 0.0933025 9.9973E-05 0.0479596 9.9973E-05 0.00717764 0.0931609 0.09603 9.9973E-05 0.216447
0.505901 0.0335875 0.0389288 0.150308 9.9973E-05 0.0241597 9.9973E-05 9.9973E-05 0.037857 0.208958
0.577258 0.0117755 0.0417822 0.0965076 9.9964E-05 9.9964E-05 9.9964E-05 9.9964E-05 0.142238 0.130039
0.553044 9.9964E-05 9.9964E-05 0.208376 0.0220224 9.9964E-05 9.9964E-05 0.0252141 0.120737 0.0702068
0.445203 9.9991E-05 0.100504 0.0625979 0.0150004 0.132427 0.0287953 0.0691703 0.055566 0.0906363
0.386532 0.0885543 0.0047567 9.9982E-05 0.0865124 9.9982E-05 0.283074 0.0340445 0.0411013 0.0752251
0.458486 0.0570714 9.9973E-05 0.172159 9.9973E-05 9.9973E-05 0.180065 0.0100893 0.0480661 0.0737623
9.9955E-05 0.147921 9.9955E-05 9.9955E-05 0.028077 0.0456222 0.761149 9.9955E-05 0.0167308 9.9955E-05
9.9955E-05 0.00207867 9.9955E-05 9.9955E-05 0.0354025 0.018689 0.907846 9.9955E-05 0.0354842 9.9955E-05
0.38221 9.9982E-05 0.0541002 9.9982E-05 0.0314608 0.0907945 0.339235 0.0119392 0.0855764 0.00448352
0.443772 9.9973E-05 0.0495491 0.0928595 9.9973E-05 0.0381024 0.091483 9.9973E-05 0.0461889 0.237746
0.274719 9.9955E-05 9.9955E-05 0.098504 9.9955E-05 9.9955E-05 0.248885 9.9955E-05 0.0642136 0.313179
0.192916 9.9973E-05 9.9973E-05 0.202541 9.9973E-05 0.0118974 0.11526 0.0111907 0.174167 0.291729
0.300361 9.9973E-05 0.0101033 0.155086 9.9973E-05 0.00513574 0.225192 0.0565472 9.9973E-05 0.247275
0.0181757 9.9955E-05 0.100575 9.9955E-05 9.9955E-05 9.9955E-05 0.660153 9.9955E-05 0.157043 0.0635534
0.00787621 9.9964E-05 9.9964E-05 0.060307 9.9964E-05 9.9964E-05 0.678472 0.0417686 0.0904257 0.120751
0.453253 9.9955E-05 9.9955E-05 0.0309748 9.9955E-05 9.9955E-05 0.350337 0.0533979 9.9955E-05 0.111537
0.400609 9.9946E-05 9.9946E-05 0.0897567 9.9946E-05 9.9946E-05 0.46509 9.9946E-05 9.9946E-05 0.0439452
0.0673016 9.9955E-05 0.0323252 9.9955E-05 9.9955E-05 9.9955E-05 0.740798 0.0290868 9.9955E-05 0.129989
0.466136 9.9964E-05 9.9964E-05 0.0611364 9.9964E-05 0.0909422 0.303936 0.0681343 9.9964E-05 0.00931581
0.445171 9.9964E-05 9.9964E-05 0.0353275 0.0148711 9.9964E-05 0.420609 9.9964E-05 0.0102052 0.0734162
0.337612 9.9973E-05 9.9973E-05 0.0142709 0.0500513 0.115494 0.290048 0.0619484 9.9973E-05 0.130275
0.282567 0.00544558 0.0232696 9.9973E-05 0.015014 0.117585 0.529237 0.0265817 9.9973E-05 9.9973E-05
0.329344 0.102707 9.9982E-05 9.9982E-05 0.00984914 0.0617194 0.427337 0.0189931 0.0165696 0.0332802
0.434907 0.0793824 0.00350946 0.0462474 0.0232244 9.9991E-05 0.269266 0.0301902 0.0275126 0.0856612
0.26692 0.00996767 0.0531963 0.00692903 0.113803 0.0359365 0.352045 0.048155 0.0166123 0.0964359
0.376849 0.0618166 0.00521859 0.0334922 0.0368649 0.0799578 0.10763 0.0644245 0.125998 0.107749
0.474308 0.0734899 9.9964E-05 9.9964E-05 0.0422105 0.0276181 0.34093 9.9964E-05 0.0410439 9.9964E-05
0.159995 9.9946E-05 0.00703042 9.9946E-05 0.108356 9.9946E-05 0.724019 9.9946E-05 9.9946E-05 9.9946E-05
0.570534 0.0412685 0.0339265 0.0249134 9.9955E-05 9.9955E-05 0.328858 9.9955E-05 9.9955E-05 9.9955E-05
0.1637 0.106869 0.0128126 9.9964E-05 0.0155259 9.9964E-05 0.680216 9.9964E-05 9.9964E-05 0.0204762
0.33352 0.0650575 9.9973E-05 0.0171169 9.9973E-05 0.0327076 0.52348 0.0168482 9.9973E-05 0.0109709
0.502753 0.070011 9.9973E-05 0.0231685 9.9973E-05 0.0347042 0.299455 0.0419584 9.9973E-05 0.0276499
0.500745 0.118194 9.9973E-05 9.9973E-05 0.0198077 0.056731 0.236923 0.0375543 9.9973E-05 0.0297451
0.43218 0.0315542 0.0764578 0.10133 9.9991E-05 0.00015582 0.14831 0.0401902 0.0157611 0.153962
0.392403 9.9973E-05 0.0670738 0.0997267 0.147501 9.9973E-05 0.0740193 9.9973E-05 0.111882 0.107094
0.253404 0.0488886 0.165252 9.9991E-05 0.0782477 0.00172576 0.00655706 0.0188701 0.172804 0.25415
0.31412 0.00568684 9.9991E-05 0.15305 0.082463 0.0827901 0.0680176 0.0314031 0.0690201 0.19335
0.416237 0.121327 0.0813429 0.1395 9.9964E-05 9.9964E-05 0.0985927 9.9964E-05 9.9964E-05 0.142601
0.392807 0.0106489 9.9973E-05 0.172662 9.9973E-05 0.0148588 0.14029 9.9973E-05 0.140784 0.127649
9.9973E-05 9.9973E-05 0.019882 0.138572 0.0134165 9.9973E-05 0.552754 0.00462769 0.137129 0.133319
0.504637 9.9964E-05 0.0637101 9.9964E-05 0.0773553 9.9964E-05 0.086197 0.0263102 9.9964E-05 0.241391
9.9955E-05 9.9955E-05 9.9955E-05 0.324473 9.9955E-05 9.9955E-05 0.411507 0.0058903 0.139732 0.117898
0.504618 9.9946E-05 9.9946E-05 0.0828749 9.9946E-05 9.9946E-05 0.256539 9.9946E-05 9.9946E-05 0.155368
0.057412 0.135776 9.9946E-05 9.9946E-05 9.9946E-05 9.9946E-05 0.757784 9.9946E-05 0.0484281 9.9946E-05
9.9955E-05 0.116265 9.9955E-05 9.9955E-05 9.9955E-05 0.0175864 0.83985 0.0168112 0.00898764 9.9955E-05
0.416349 0.0793816 9.9955E-05 9.9955E-05 9.9955E-05 0.0176426 0.47712 0.00900696 9.9955E-05 9.9955E-05
