9.9964E-05 9.9964E-05 9.9964E-05 0.232288 0.000971339 9.9964E-05 0.0573782 0.00615021 0.667498 0.0353143
9.9946E-05 0.0328535 9.9946E-05 0.159325 9.9946E-05 9.9946E-05 0.0288026 9.9946E-05 0.778419 9.9946E-05
9.9964E-05 9.9964E-05 9.9964E-05 0.0670679 0.0225299 0.122207 0.104203 9.9964E-05 0.668711 0.0148817
9.9973E-05 9.9973E-05 9.9973E-05 0.193482 0.0300418 0.0288152 0.0776632 0.000999398 0.599673 0.069026
9.9964E-05 0.0252758 9.9964E-05 0.17709 0.0316639 0.0102458 9.9964E-05 0.0394692 0.715855 9.9964E-05
0.0614081 9.9973E-05 0.0313973 0.791678 0.02771 0.0182084 0.0199504 0.0493475 9.9973E-05 9.9973E-05
9.99201E-05 9.99201E-05 9.99201E-05 0.999101 9.99201E-05 9.99201E-05 9.99201E-05 9.99201E-05 9.99201E-05 9.99201E-05
9.9928E-05 9.9928E-05 9.9928E-05 0.986459 9.9928E-05 9.9928E-05 9.9928E-05 0.0127413 9.9928E-05 9.9928E-05
0.0508187 9.99639E-05 0.0141883 0.0960859 9.99639E-05 9.99639E-05 0.0267521 0.0799166 0.731839 9.99639E-05
9.9937E-05 9.9937E-05 9.9937E-05 0.946734 0.00220975 0.050357 9.9937E-05 9.9937E-05 9.9937E-05 9.9937E-05
0.00241647 9.9946E-05 9.9946E-05 0.872894 9.9946E-05 9.9946E-05 9.9946E-05 0.0529713 0.0711182 9.9946E-05
9.9955E-05 9.9955E-05 0.0448479 0.0102731 0.0481106 0.0911145 9.9955E-05 9.9955E-05 9.9955E-05 0.805154
9.9973E-05 9.9973E-05 0.0398629 9.9973E-05 0.0600016 0.363411 0.024534 0.0245574 0.0226783 0.464655
9.9973E-05 0.041094 9.9973E-05 0.0300131 0.0468455 0.0666694 0.028798 9.9973E-05 0.000849012 0.785431
9.9955E-05 9.9955E-05 9.9955E-05 0.0344902 0.141022 0.149155 0.019054 9.9955E-05 9.9955E-05 0.655779
9.9982E-05 0.00107292 0.0386184 0.0966038 0.142413 0.235946 0.00755767 9.9982E-05 0.0601527 0.417435
9.9955E-05 0.0222333 9.9955E-05 9.9955E-05 0.0729598 0.471597 9.9955E-05 9.9955E-05 0.117529 0.315181
0.101059 9.9973E-05 0.129644 0.0367618 0.0476134 0.324398 9.9973E-05 0.0115696 9.9973E-05 0.348654
9.9964E-05 9.9964E-05 0.0481974 0.067012 0.039278 0.203343 9.9964E-05 9.9964E-05 0.070397 0.571372
0.0650954 0.0163113 9.9964E-05 0.0608356 9.9964E-05 9.9964E-05 9.9964E-05 0.0848143 0.0058082 0.766735
9.999E-05 0.0851241 0.0711552 0.0145808 0.0486628 0.285947 0.0640991 0.0544191 0.018987 0.356925
0.162513 0.0687616 0.0917558 9.9964E-05 0.0166241 0.357483 9.9964E-05 9.9964E-05 9.9964E-05 0.302463
9.9982E-05 0.0664643 0.0954904 0.00483742 0.0453169 0.459116 9.9982E-05 0.0463069 0.0431091 0.239159
9.9955E-05 9.9955E-05 0.0465729 0.0382651 0.060405 0.202815 9.9955E-05 9.9955E-05 9.9955E-05 0.651442
0.0981232 0.0236318 9.9973E-05 0.0256025 0.0605514 0.614257 9.9973E-05 9.9973E-05 0.0531452 0.124389
0.00119247 9.9973E-05 0.00120023 9.9973E-05 0.0331809 0.473788 0.0275722 9.9973E-05 0.031878 0.430888
9.9955E-05 9.9955E-05 9.9955E-05 0.0160716 0.0752299 9.9955E-05 0.0179521 9.9955E-05 0.0370965 0.85315
0.0147755 9.9946E-05 9.9946E-05 0.0306676 0.166808 9.9946E-05 9.9946E-05 9.9946E-05 9.9946E-05 0.78715
0.0701462 0.0882075 9.9964E-05 0.000968791 0.00721985 0.0477994 9.9964E-05 9.9964E-05 9.9964E-05 0.785258
9.99201E-05 9.99201E-05 9.99201E-05 9.99201E-05 9.99201E-05 9.99201E-05 0.999101 9.99201E-05 9.99201E-05 9.99201E-05
9.99201E-05 9.99201E-05 9.99201E-05 9.99201E-05 9.99201E-05 9.99201E-05 0.999101 9.99201E-05 9.99201E-05 9.99201E-05
9.9964E-05 9.9964E-05 0.00503296 9.9964E-05 0.0808036 0.0561919 0.348912 9.9964E-05 0.493318 0.0153422
9.9973E-05 9.9973E-05 0.0141688 0.0596997 0.109977 0.0680215 0.279592 0.0130459 0.455195 9.9973E-05
9.9973E-05 0.0595425 0.21361 9.9973E-05 0.0184053 0.507968 9.9973E-05 0.0243409 0.0396751 0.136159
9.9964E-05 9.9964E-05 0.365014 0.0687663 0.0483565 0.425999 9.9964E-05 9.9964E-05 0.0279909 0.0634729
0.0284107 0.0184726 0.363617 0.0787235 0.0250039 0.485372 9.9964E-05 9.9964E-05 9.9964E-05 9.9964E-05
0.0203701 0.0168707 0.0158619 0.040886 9.9982E-05 0.0924005 9.9982E-05 0.143175 0.0943215 0.575915
9.9964E-05 0.0825446 0.567221 0.0689393 0.0363724 0.238407 0.00611604 9.9964E-05 9.9964E-05 9.9964E-05
9.9973E-05 9.9973E-05 0.182923 0.00119091 0.0243973 0.531522 9.9973E-05 0.0932752 0.0961771 0.070214
0.0368056 9.9973E-05 0.206527 9.9973E-05 0.0302365 0.660903 0.00868791 0.0453699 0.0111702 9.9973E-05
0.0886872 0.013463 0.131485 0.0592136 9.9982E-05 0.58044 0.0200655 0.0517724 0.054674 9.9982E-05
0.0644898 0.0426258 0.0589325 9.9991E-05 0.061687 0.53805 0.0412169 0.0304626 0.0504273 0.112008
0.0114934 9.9973E-05 0.666996 9.9973E-05 9.9973E-05 0.0860244 0.0649325 0.0144207 0.0121499 0.143683
0.154108 0.0129151 0.106684 0.0404408 0.0613517 0.462327 9.9982E-05 0.00823385 9.9982E-05 0.15374
9.9964E-05 9.9964E-05 0.301896 0.057739 0.0931233 0.496957 0.0251973 9.9964E-05 0.0246871 9.9964E-05
0.00646022 0.0192436 0.135232 9.9991E-05 0.0716976 0.556214 0.0785897 0.0278523 0.0946546 0.00995589
9.9955E-05 9.9955E-05 0.66304 0.0237376 9.9955E-05 0.291168 0.0178991 0.00365574 9.9955E-05 9.9955E-05
9.9946E-05 9.9946E-05 0.223982 9.9946E-05 9.9946E-05 0.668388 0.0186641 9.9946E-05 0.0883655 9.9946E-05
9.9973E-05 0.0589458 0.179353 9.9973E-05 0.0383376 0.513429 9.9973E-05 0.0510613 0.0994855 0.0590878
0.23997 0.0477365 0.629216 9.9955E-05 9.9955E-05 9.9955E-05 9.9955E-05 9.9955E-05 0.071834 0.0107435
0.135903 0.0111013 0.181946 0.0138811 9.9973E-05 0.100952 9.9973E-05 0.183361 9.9973E-05 0.372555
0.290039 0.137633 0.182025 0.0318781 0.0106168 9.9973E-05 9.9973E-05 0.0201107 9.9973E-05 0.327397
9.99706E-05 9.99706E-05 0.111291 0.084233 9.99706E-05 0.504629 0.0743848 0.0441969 9.99706E-05 0.180866
0.0802668 0.0806904 9.9973E-05 0.0745859 9.9973E-05 0.587656 9.9973E-05 0.0167516 0.0192492 0.1405
0.0439237 0.11678 0.0393674 0.000162043 0.0657395 0.578643 0.0513691 0.0430353 0.0294255 0.031554
0.0109185 0.0820287 0.273608 0.0681268 0.0195172 0.096193 0.0106823 0.151831 0.0435699 0.243525
9.9973E-05 0.151104 9.9973E-05 0.00366764 0.0376205 0.532357 0.0369097 0.100431 9.9973E-05 0.13761
0.136626 9.9982E-05 0.0161458 0.0195206 0.0688817 0.500453 0.0645928 0.00588924 9.9982E-05 0.187691
0.149763 9.9973E-05 0.148723 0.126838 9.9973E-05 0.288814 0.00378287 0.0735546 9.9973E-05 0.208225
0.156172 9.9982E-05 0.119286 0.0920145 0.0552794 9.9982E-05 0.0432758 0.0747098 0.105126 0.353937
0.0447361 9.9973E-05 0.13148 9.9973E-05 0.0280826 0.490498 0.0361524 0.153446 9.9973E-05 0.115305
9.999E-05 0.0729691 0.0237943 0.0361494 0.0383612 0.36945 0.0140005 0.00211887 0.0947337 0.348323
0.128264 0.0216237 0.104166 0.0333814 9.9973E-05 9.9973E-05 0.0363465 0.0810353 9.9973E-05 0.594882
0.00404841 0.152009 0.0218977 9.9964E-05 9.9964E-05 0.417748 0.0364114 9.9964E-05 9.9964E-05 0.367486
0.034695 0.181242 0.0454797 0.0177375 0.134733 0.507546 0.0260488 0.0523178 9.9982E-05 9.9982E-05
0.134159 0.0337505 9.9982E-05 9.9982E-05 0.0171228 0.535519 0.0587172 0.0937746 0.0587321 0.0680248
0.0735266 0.037306 0.133323 0.0393027 0.0318965 0.210591 0.032961 0.0702972 9.9991E-05 0.370695
0.0945808 9.9973E-05 0.0707365 0.012885 0.042548 0.411148 0.0333651 9.9973E-05 9.9973E-05 0.334437
0.0503768 0.0170868 9.9964E-05 9.9964E-05 9.9964E-05 0.582015 0.0507064 0.0964064 9.9964E-05 0.203009
0.110061 0.116137 0.0862272 9.9973E-05 9.9973E-05 0.116455 0.0374696 0.0245156 9.9973E-05 0.508835
9.9937E-05 9.9937E-05 0.45962 9.9937E-05 9.9937E-05 0.468202 9.9937E-05 9.9937E-05 9.9937E-05 0.0714786
9.9964E-05 9.9964E-05 0.646624 0.0457741 0.0268609 0.0699604 0.0373825 9.9964E-05 9.9964E-05 0.172999
0.105773 9.9973E-05 0.132437 9.9973E-05 0.0706503 0.437171 9.9973E-05 0.101698 0.0274967 0.124475
0.139247 9.9928E-05 0.859954 9.9928E-05 9.9928E-05 9.9928E-05 9.9928E-05 9.9928E-05 9.9928E-05 9.9928E-05
0.0730044 0.100121 0.737109 9.9964E-05 0.00775529 9.9964E-05 9.9964E-05 0.0352896 9.9964E-05 0.0463209
9.9946E-05 0.0391586 0.652082 9.9946E-05 9.9946E-05 0.289191 9.9946E-05 9.9946E-05 9.9946E-05 0.018969
9.9964E-05 9.9964E-05 0.503807 0.0179876 9.9964E-05 0.36319 0.0110786 0.0159664 9.9964E-05 0.0875703
9.9973E-05 0.135045 0.116475 0.0533784 0.0386224 0.570934 0.0174513 9.9973E-05 0.0677938 9.9973E-05
0.0361701 9.9973E-05 0.455021 0.0218252 0.0733155 0.344008 0.0212126 9.9973E-05 9.9973E-05 0.0481478
9.9973E-05 9.9973E-05 0.61585 9.9973E-05 0.0758175 0.0515544 0.0182313 0.0733694 0.0153462 0.149531
9.9964E-05 9.9964E-05 0.527384 0.0360431 9.9964E-05 0.181048 9.9964E-05 0.134973 0.0167058 0.103446
9.9964E-05 0.0416689 0.220886 9.9964E-05 9.9964E-05 0.513958 0.078966 0.115441 0.0286795 9.9964E-05
9.9973E-05 9.9973E-05 0.620802 0.0388713 0.0467924 0.179731 0.00597371 9.9973E-05 0.0115699 0.09596
9.9955E-05 9.9955E-05 0.385917 0.0460105 9.9955E-05 0.403815 0.062728 9.9955E-05 9.9955E-05 0.10103
0.0573825 0.0165779 0.608857 9.9955E-05 9.9955E-05 0.301245 0.0154384 9.9955E-05 9.9955E-05 9.9955E-05
0.198702 0.0995113 0.670718 9.9955E-05 9.9955E-05 9.9955E-05 9.9955E-05 0.00453733 0.0260315 9.9955E-05
9.9973E-05 9.9973E-05 0.327258 0.00394679 0.086211 0.464094 0.0235558 0.0867484 9.9973E-05 0.00788619
9.9964E-05 9.9964E-05 9.9964E-05 0.0534034 0.0321805 0.0882714 0.0869074 9.9964E-05 0.695177 0.0436602
9.9946E-05 9.9946E-05 9.9946E-05 0.0440099 9.9946E-05 0.0645869 0.140375 9.9946E-05 0.750428 9.9946E-05
9.9946E-05 9.9946E-05 9.9946E-05 9.9946E-05 0.00742573 0.0961021 0.124302 9.9946E-05 0.771571 9.9946E-05
0.0343964 9.9946E-05 9.9946E-05 9.9946E-05 9.9946E-05 0.0399784 0.135896 9.9946E-05 0.78913 9.9946E-05
9.9964E-05 0.01352 9.9964E-05 0.068229 0.0112184 0.0592863 0.1691 9.9964E-05 0.678247 9.9964E-05
0.0107702 9.9982E-05 0.0210173 0.0138989 0.0553191 0.00355142 0.0600361 0.0226644 0.812543 9.9982E-05
9.9946E-05 9.9946E-05 9.9946E-05 0.12167 9.9946E-05 0.0442009 0.0799572 9.9946E-05 0.753572 9.9946E-05
0.0120201 0.0279759 0.242159 9.9973E-05 9.9973E-05 0.557141 0.0401273 9.9973E-05 0.0511979 0.0690789
9.9973E-05 0.0880333 0.131265 9.9973E-05 0.00498469 0.541325 9.9973E-05 0.0602394 0.0966657 0.0771874
9.9946E-05 0.0356594 0.730926 9.9946E-05 9.9946E-05 9.9946E-05 9.9946E-05 9.9946E-05 0.0414377 0.191377
0.045281 9.9973E-05 0.0653078 9.9973E-05 0.0453966 0.587489 9.9973E-05 0.0242555 0.0381753 0.193795
9.9955E-05 9.9955E-05 0.421664 0.056819 9.9955E-05 0.358708 9.9955E-05 9.9955E-05 0.0265124 0.135797
9.9955E-05 0.0228359 0.292427 9.9955E-05 9.9955E-05 0.580615 0.0210571 9.9955E-05 0.0825652 9.9955E-05
9.9964E-05 0.197411 0.217876 0.0823466 0.00272986 0.485898 0.0133389 9.9964E-05 9.9964E-05 9.9964E-05
0.00541987 9.9955E-05 0.426048 0.0213637 0.107487 0.439182 9.9955E-05 9.9955E-05 9.9955E-05 9.9955E-05
9.9955E-05 9.9955E-05 0.683422 0.0302129 9.9955E-05 9.9955E-05 9.9955E-05 0.049198 0.0699703 0.166697
9.9973E-05 0.0604085 0.150796 0.10702 0.0913355 0.413616 0.0399359 9.9973E-05 9.9973E-05 0.136588
0.0751258 0.0667712 0.2262 0.0160415 9.9964E-05 0.582971 9.9964E-05 9.9964E-05 9.9964E-05 0.0324908
9.9973E-05 9.9973E-05 0.199805 0.115004 0.00676322 0.584955 0.033417 0.0535603 9.9973E-05 0.0061951
0.186343 0.0315977 0.472408 9.9964E-05 0.0504711 0.234135 0.0246448 9.9964E-05 9.9964E-05 9.9964E-05
9.9955E-05 0.0882387 0.38568 0.0161462 9.9955E-05 0.476892 0.0325433 9.9955E-05 9.9955E-05 9.9955E-05
0.00807273 9.9982E-05 0.354972 0.0150411 9.9982E-05 0.387474 0.0375447 0.0171693 0.0243758 0.155151
9.9937E-05 9.9937E-05 0.676291 9.9937E-05 0.101288 0.221722 9.9937E-05 9.9937E-05 9.9937E-05 9.9937E-05
9.9973E-05 9.9973E-05 0.473397 0.0444967 9.9973E-05 0.326084 0.0066586 0.0777996 0.052334 0.0189296
0.0121895 0.0469877 0.12972 9.9973E-05 0.097645 0.486257 9.9973E-05 9.9973E-05 0.113574 0.113327
0.0578367 0.246479 9.9973E-05 0.0959629 9.9973E-05 0.168748 0.0170462 0.00192408 9.9973E-05 0.411703
0.092859 9.9982E-05 0.0165872 9.9982E-05 0.00178621 0.393973 0.0455319 0.128194 0.113315 0.207554
9.9964E-05 9.9964E-05 0.0730039 9.9964E-05 9.9964E-05 0.505655 0.0855139 0.0400888 0.146863 0.148475
9.9991E-05 0.128039 0.0215428 0.0214892 0.051725 0.482557 0.0324892 0.0924263 0.0226646 0.146967
9.9964E-05 0.0874726 9.9964E-05 0.0670228 9.9964E-05 0.370824 0.0439061 0.0260028 9.9964E-05 0.404372
9.9964E-05 0.0614958 0.00824312 0.0127377 9.9964E-05 0.554012 9.9964E-05 0.1389 9.9964E-05 0.224211
9.9973E-05 0.0729235 9.9973E-05 0.0103513 0.0284576 0.395268 9.9973E-05 0.151964 0.0169356 0.323801
0.0781441 0.0758772 0.023345 0.0418673 9.9982E-05 0.562072 9.9982E-05 0.0555497 0.087641 0.0753041
0.00320894 9.9982E-05 0.0214847 9.9982E-05 0.055517 0.592347 0.0139558 0.127646 0.0779686 0.107671
9.9964E-05 0.0568669 0.0714136 9.9964E-05 9.9964E-05 0.521541 9.9964E-05 0.0215932 0.0360926 0.292093
9.9946E-05 0.111872 9.9946E-05 9.9946E-05 9.9946E-05 0.437757 9.9946E-05 0.153207 9.9946E-05 0.296565
0.0989122 0.0943881 0.0214455 9.9964E-05 9.9964E-05 0.645658 9.9964E-05 0.0903927 0.0488041 9.9964E-05
0.0221193 0.109406 0.0645898 0.0758812 0.131954 0.388869 0.00863552 0.0689983 9.9991E-05 0.129447
9.9964E-05 0.130854 9.9964E-05 0.0104627 0.0608487 0.52931 9.9964E-05 0.075941 9.9964E-05 0.192184
0.0674479 0.086197 0.0204267 0.0165826 0.0693833 0.530025 9.9991E-05 0.062207 0.03118 0.116451
0.0441026 0.0454425 9.9973E-05 9.9973E-05 0.159913 0.459085 0.00794096 0.18955 9.9973E-05 0.0936658
0.0860691 0.182308 9.9973E-05 9.9973E-05 9.9973E-05 0.28625 0.0184474 0.013303 0.0700558 0.343266
9.9964E-05 0.0793225 9.9964E-05 9.9964E-05 0.0839353 0.592534 9.9964E-05 0.0737825 0.0274006 0.142625
0.0715177 0.102841 9.9964E-05 9.9964E-05 9.9964E-05 0.586223 0.0329358 9.9964E-05 0.0203334 0.185749
0.000251015 0.166656 0.0531902 0.046682 0.0842885 0.198496 9.9982E-05 0.120593 9.9982E-05 0.329643
0.2234 0.241605 9.9973E-05 9.9973E-05 0.00702329 0.174858 9.9973E-05 0.0694801 0.0215117 0.261822
9.9982E-05 0.0112616 0.054452 9.9982E-05 0.00589931 0.5506 0.020868 0.128171 0.0658865 0.162662
0.123931 0.318274 0.12258 9.9973E-05 0.033603 0.0298064 9.9973E-05 0.197028 9.9973E-05 0.174477
9.9964E-05 0.0103769 0.0687969 9.9964E-05 9.9964E-05 0.18871 9.9964E-05 0.0605853 0.0759276 0.595204
9.9964E-05 0.048967 0.116151 0.0460093 9.9964E-05 0.342014 9.9964E-05 0.0730982 9.9964E-05 0.37336
9.9973E-05 0.0753798 0.0699884 9.9973E-05 9.9973E-05 0.274932 0.0288164 0.131279 0.0322547 0.38705
9.9973E-05 0.0831799 0.0758187 9.9973E-05 0.0102146 0.229389 9.9973E-05 0.18123 0.0143673 0.405501
0.0742502 9.9973E-05 0.0441523 9.9973E-05 9.9973E-05 0.687705 0.0707563 0.0346183 0.0650582 0.0231602
0.0599442 0.0287807 9.9982E-05 0.0505955 0.105735 0.538641 9.9982E-05 0.0418749 0.0809703 0.0932585
0.0542586 9.9982E-05 0.0953908 9.9982E-05 0.0510821 0.470597 0.0203654 0.0888557 0.0573686 0.161882
0.141483 0.206509 0.038757 9.9982E-05 0.0439594 0.0789741 0.00525557 0.158506 9.9982E-05 0.326356
0.093892 0.00447302 0.125636 0.000288032 0.0626648 0.548512 0.0298674 9.9991E-05 0.104424 0.0301432
0.162261 0.0418219 0.149134 0.000880323 0.0101368 0.447901 0.00951598 0.0673884 0.0335685 0.077392
0.394482 0.15789 0.155113 0.01291 9.9982E-05 0.0353132 9.9982E-05 0.0760409 0.122379 0.0456724
0.0069204 0.0775336 0.0943553 0.0203074 0.0217349 0.558109 9.9982E-05 9.9982E-05 0.102904 0.117935
0.148328 0.0858866 0.140947 9.9973E-05 9.9973E-05 0.403915 0.00639356 0.07785 0.13638 9.9973E-05
0.0862596 0.0215649 0.114129 9.9991E-05 0.133925 0.385533 0.0291408 0.0218488 0.0624044 0.145093
0.36723 0.0298156 0.119227 0.0709249 9.9973E-05 0.279813 0.0468814 0.0858087 9.9973E-05 9.9973E-05
0.354234 0.0937326 0.0603247 0.00162658 9.9991E-05 0.248258 0.0170151 0.0699114 0.0625396 0.0922576
0.204801 0.108878 0.0890319 0.0266759 9.9964E-05 0.45989 9.9964E-05 0.110324 9.9964E-05 9.9964E-05
0.116319 0.0438712 0.0797128 0.11744 0.00415841 0.503723 9.9991E-05 0.0448886 0.0405076 0.0492792
0.0695647 0.0793009 0.0592137 0.0113715 0.0289352 0.425433 0.0305928 0.00456189 0.133332 0.157694
0.327594 0.142913 0.196637 0.00125968 0.117915 9.9973E-05 9.9973E-05 9.9973E-05 0.0446777 0.168703
0.0295889 0.0433373 0.107356 0.0717109 0.0649948 0.492801 0.00264199 9.9991E-05 0.0532473 0.134221
0.319252 9.9955E-05 0.198496 9.9955E-05 9.9955E-05 0.325143 9.9955E-05 0.0700026 9.9955E-05 0.0866068
0.18547 0.0446696 0.122945 0.00461778 9.9982E-05 0.41926 0.0125889 0.0162447 9.9982E-05 0.194004
0.0558092 9.9982E-05 0.0600858 0.0215808 0.102962 0.470268 9.9982E-05 0.0512814 0.0873369 0.150477
0.228537 0.0251857 9.9982E-05 0.0997582 0.220112 0.1509 0.0587932 9.9982E-05 0.158031 0.0584835
0.341573 9.9955E-05 9.9955E-05 0.149019 0.111509 9.9955E-05 0.0322848 9.9955E-05 0.365115 9.9955E-05
0.472824 9.9946E-05 9.9946E-05 0.0730456 0.110874 9.9946E-05 9.9946E-05 9.9946E-05 0.342656 9.9946E-05
0.259526 9.9973E-05 9.9973E-05 0.0285882 0.27867 0.0685972 0.0242201 9.9973E-05 0.283769 0.0563294
0.210539 0.00924643 0.0826739 9.9946E-05 9.9946E-05 0.696941 9.9946E-05 9.9946E-05 9.9946E-05 9.9946E-05
0.0324673 0.0604807 0.024462 9.9982E-05 0.063553 0.534263 9.9982E-05 0.05483 0.0745545 0.15519
9.9937E-05 9.9937E-05 9.9937E-05 9.9937E-05 0.736057 0.212006 9.9937E-05 9.9937E-05 9.9937E-05 0.0512378
9.9973E-05 0.0248485 9.9973E-05 9.9973E-05 0.472236 0.194913 0.0267185 0.0347812 0.00164628 0.244557
0.00237953 0.0237057 9.9991E-05 0.0304863 0.394205 0.375903 0.00849552 0.0543488 0.0561278 0.0542488
0.320836 0.145295 0.0616375 0.0864458 9.9964E-05 0.334868 9.9964E-05 9.9964E-05 9.9964E-05 0.0505169
0.108005 0.0548942 0.18804 0.0163914 0.0545307 0.5021 0.0330034 0.0250907 9.9991E-05 0.0178444
0.435293 0.24212 0.0536174 9.9955E-05 9.9955E-05 0.235498 9.9955E-05 9.9955E-05 9.9955E-05 0.0329716
0.236713 0.035502 0.0513522 9.9964E-05 9.9964E-05 0.617646 0.0235751 0.0348114 9.9964E-05 9.9964E-05
0.182346 0.133769 0.174851 0.0352873 0.00438723 0.358108 9.9973E-05 9.9973E-05 9.9973E-05 0.110951
0.187029 0.0598289 0.0516301 0.0123022 9.9982E-05 0.558135 9.9982E-05 0.0363349 0.00337682 0.091163
0.453282 0.131952 0.117205 9.9955E-05 9.9955E-05 0.188482 9.9955E-05 9.9955E-05 9.9955E-05 0.108579
0.0957605 0.127676 0.120908 9.9964E-05 0.0663187 0.547067 9.9964E-05 0.0418703 9.9964E-05 9.9964E-05
0.221949 0.0371461 0.124661 0.0451387 0.0253441 0.508815 9.9973E-05 0.0366463 9.9973E-05 9.9973E-05
9.9946E-05 0.0113442 9.9946E-05 9.9946E-05 0.940779 0.0313197 9.9946E-05 9.9946E-05 0.0159569 9.9946E-05
9.9955E-05 0.0208411 9.9955E-05 9.9955E-05 0.891028 0.0705113 9.9955E-05 0.00837171 9.9955E-05 0.0087477
9.9973E-05 9.9973E-05 0.0427379 0.0018665 0.55051 0.293131 0.0426481 0.0226964 9.9973E-05 0.0461106
9.9955E-05 0.0495854 9.9955E-05 9.9955E-05 0.617915 0.24218 0.0373262 0.0524932 9.9955E-05 9.9955E-05
0.0220584 9.9964E-05 0.024218 0.0128676 0.897454 0.0157892 0.027213 9.9964E-05 9.9964E-05 9.9964E-05
9.99201E-05 9.99201E-05 9.99201E-05 9.99201E-05 0.999101 9.99201E-05 9.99201E-05 9.99201E-05 9.99201E-05 9.99201E-05
9.9928E-05 9.9928E-05 9.9928E-05 9.9928E-05 0.976592 9.9928E-05 9.9928E-05 0.0226089 9.9928E-05 9.9928E-05
9.9937E-05 0.00365909 9.9937E-05 9.9937E-05 0.895307 0.100334 9.9937E-05 9.9937E-05 9.9937E-05 9.9937E-05
9.9937E-05 9.9937E-05 9.9937E-05 9.9937E-05 0.95219 9.9937E-05 9.9937E-05 0.0058073 9.9937E-05 0.0413029
9.9937E-05 9.9937E-05 9.9937E-05 9.9937E-05 0.99183 9.9937E-05 0.00234592 9.9937E-05 0.00512402 9.9937E-05
9.9928E-05 9.9928E-05 9.9928E-05 9.9928E-05 0.981907 9.9928E-05 0.0172934 9.9928E-05 9.9928E-05 9.9928E-05
9.9964E-05 0.00965718 9.9964E-05 9.9964E-05 0.778938 0.126154 0.0323256 0.00468974 9.9964E-05 0.0478364
9.9946E-05 9.9946E-05 9.9946E-05 9.9946E-05 0.795302 0.084283 9.9946E-05 9.9946E-05 0.0679387 0.0518772
9.9955E-05 9.9955E-05 0.006158 0.0148417 0.932741 9.9955E-05 0.0157987 9.9955E-05 9.9955E-05 0.0299612
0.0790483 0.0456686 9.9982E-05 0.0498298 0.341668 0.290129 0.0154586 0.0619523 9.9982E-05 0.116045
9.9973E-05 9.9973E-05 0.0217439 9.9973E-05 0.607341 0.223082 0.0186597 0.0520732 0.0669251 0.00987458
9.9955E-05 0.00218205 9.9955E-05 9.9955E-05 0.722449 0.143162 0.0745596 0.0571481 9.9955E-05 9.9955E-05
9.9946E-05 9.9946E-05 9.9946E-05 9.9946E-05 0.925561 0.0356352 0.00234379 9.9946E-05 9.9946E-05 0.0358605
9.9928E-05 9.9928E-05 9.9928E-05 9.9928E-05 0.988554 0.0106469 9.9928E-05 9.9928E-05 9.9928E-05 9.9928E-05
9.9946E-05 9.9946E-05 9.9946E-05 0.03723 0.836275 0.0850728 9.9946E-05 0.0408225 9.9946E-05 9.9946E-05
9.9928E-05 9.9928E-05 9.9928E-05 0.0186271 0.980573 9.9928E-05 9.9928E-05 9.9928E-05 9.9928E-05 9.9928E-05
9.9964E-05 0.0461867 9.9964E-05 0.035257 0.598369 0.194936 9.9964E-05 0.0352872 0.0895646 9.9964E-05
9.9946E-05 9.9946E-05 0.0308567 0.043912 0.858802 9.9946E-05 9.9946E-05 9.9946E-05 9.9946E-05 0.0658299
0.511795 0.0722384 9.9964E-05 0.0376804 0.0391698 9.9964E-05 9.9964E-05 9.9964E-05 0.256473 0.0822433
0.187386 9.9973E-05 9.9973E-05 0.0368995 0.0684441 0.425911 0.0351927 0.148806 0.0970607 9.9973E-05
0.199074 9.9973E-05 0.0680475 0.101417 0.0718904 0.408371 9.9973E-05 0.0498253 0.101074 9.9973E-05
0.352479 0.0642655 0.068743 0.067714 0.0888523 0.165131 0.035247 0.0145148 0.142953 9.9991E-05
0.152263 0.0125792 0.117935 0.0177372 0.151828 0.377717 9.9982E-05 9.9982E-05 0.166317 0.00342404
0.375354 0.112885 9.9973E-05 0.0786601 0.0612586 0.223815 0.048076 9.9973E-05 0.0996511 9.9973E-05
0.0255515 0.0903386 9.9991E-05 0.0443272 0.0322089 0.477407 0.025195 0.115907 0.117727 0.0712381
0.312753 9.9973E-05 0.0210444 0.102315 0.115217 0.394037 9.9973E-05 0.00309615 0.0512374 9.9973E-05
0.173929 9.9964E-05 0.0226863 0.239573 0.078263 0.432504 0.0526436 9.9964E-05 9.9964E-05 9.9964E-05
0.37752 9.99684E-05 9.99684E-05 0.014897 0.139879 0.35121 0.0793947 9.99684E-05 0.0367001 9.99684E-05
0.148287 9.9973E-05 9.9973E-05 0.0393738 0.0153255 0.561902 0.0475402 9.9973E-05 0.126915 0.060357
0.0108093 0.0101806 0.0124995 0.0341419 9.9973E-05 0.0623826 9.9973E-05 0.0630325 0.806654 9.9973E-05
0.0174332 0.0249865 9.9955E-05 9.9955E-05 0.0696186 9.9955E-05 0.0297478 9.9955E-05 0.857714 9.9955E-05
0.00647654 9.9955E-05 0.0100924 9.9955E-05 9.9955E-05 9.9955E-05 0.0446162 0.0123225 0.925993 9.9955E-05
9.9955E-05 9.9955E-05 9.9955E-05 0.00665835 9.9955E-05 0.0310865 0.0478238 0.0245966 0.889335 9.9955E-05
0.0323829 9.9973E-05 9.9973E-05 0.048711 0.0129309 9.9973E-05 0.120682 0.00515642 0.737783 0.0420533
9.9955E-05 0.0418973 9.9955E-05 0.0551016 0.0697765 9.9955E-05 0.085578 9.9955E-05 0.747147 9.9955E-05
9.9946E-05 9.9946E-05 9.9946E-05 0.190583 0.0787069 9.9946E-05 0.0728313 9.9946E-05 0.65728 9.9946E-05
0.0224088 0.0569468 9.9973E-05 0.0964584 0.0132881 0.00234103 0.0388457 9.9973E-05 0.769411 9.9973E-05
9.9964E-05 0.0280781 9.9964E-05 0.141679 9.9964E-05 0.0151247 0.0116231 9.9964E-05 0.779407 0.0236885
0.0028904 9.9955E-05 9.9955E-05 9.9955E-05 0.12248 9.9955E-05 0.0179999 0.0227545 0.833376 9.9955E-05
9.9973E-05 0.00632774 0.0544794 0.0821483 9.9973E-05 9.9973E-05 0.0463892 0.0934719 0.504024 0.212859
9.9964E-05 0.00783274 9.9964E-05 0.132487 9.9964E-05 9.9964E-05 0.0634064 0.185803 0.440592 0.169479
0.0629179 0.0129844 9.9973E-05 0.0188857 9.9973E-05 9.9973E-05 0.0559779 0.0737496 0.495306 0.279878
9.9964E-05 0.00254663 0.0400637 0.121959 9.9964E-05 9.9964E-05 9.9964E-05 0.123223 0.377935 0.333873
9.9973E-05 0.0211967 0.263497 9.9973E-05 0.0179321 0.38657 0.0782663 9.9973E-05 0.0299019 0.202336
9.9982E-05 0.108443 0.319306 0.0263896 0.00523501 0.428326 9.9982E-05 0.0542051 0.0421157 0.0157806
0.0120374 9.9973E-05 0.181602 9.9973E-05 0.106113 0.423474 9.9973E-05 0.0243922 0.11132 0.140761
9.9973E-05 0.0169062 0.252274 9.9973E-05 9.9973E-05 0.323708 0.00741196 0.172718 0.0422999 0.184382
9.9955E-05 0.0554258 0.0989315 9.9955E-05 9.9955E-05 0.0706306 9.9955E-05 0.229182 9.9955E-05 0.545331
0.0381857 0.095429 0.169291 9.9973E-05 0.0716263 0.584841 9.9973E-05 9.9973E-05 0.0381749 0.00215215
0.0622831 9.9964E-05 0.221148 9.9964E-05 0.0109998 0.605676 9.9964E-05 9.9964E-05 0.0174352 0.0820581
0.0430281 0.0335215 0.291396 9.9973E-05 9.9973E-05 0.511708 0.00824268 0.0927309 9.9973E-05 0.0190731
0.00616485 0.110082 0.486266 9.9964E-05 0.0345349 0.346908 9.9964E-05 0.0156448 9.9964E-05 9.9964E-05
9.9964E-05 0.0536887 0.115504 0.0162859 9.9964E-05 0.69557 9.9964E-05 0.0581248 0.0604261 9.9964E-05
9.9955E-05 0.0717591 0.406588 9.9955E-05 9.9955E-05 0.424575 9.9955E-05 0.0880857 9.9955E-05 0.0084924
0.0164145 0.202166 0.702108 9.9946E-05 9.9946E-05 9.9946E-05 9.9946E-05 0.0787117 9.9946E-05 9.9946E-05
9.9991E-05 0.0546639 0.186786 0.00018499 0.0682592 0.480066 0.035325 0.109708 0.0146058 0.0503014
0.0948043 0.205467 0.464899 9.9955E-05 9.9955E-05 0.173265 9.9955E-05 0.0610646 9.9955E-05 9.9955E-05
9.9955E-05 0.107461 0.366035 9.9955E-05 0.0132234 0.501199 0.0115824 9.9955E-05 9.9955E-05 9.9955E-05
9.9955E-05 9.9955E-05 0.644181 9.9955E-05 9.9955E-05 0.0603728 9.9955E-05 0.0158 0.0653403 0.213806
0.104017 9.9946E-05 9.9946E-05 0.0743838 0.0219419 9.9946E-05 9.9946E-05 0.799058 9.9946E-05 9.9946E-05
0.0765546 0.00885819 9.9955E-05 0.0643424 9.9955E-05 0.0448864 9.9955E-05 0.804859 9.9955E-05 9.9955E-05
9.9937E-05 0.0243173 9.9937E-05 0.0249249 9.9937E-05 9.9937E-05 9.9937E-05 0.950058 9.9937E-05 9.9937E-05
9.9955E-05 0.0118186 0.0273582 0.0432689 9.9955E-05 9.9955E-05 9.9955E-05 0.865867 0.0511879 9.9955E-05
0.0871388 9.9955E-05 0.0337327 9.9955E-05 0.0513075 0.0169396 9.9955E-05 0.810382 9.9955E-05 9.9955E-05
0.000804904 9.9937E-05 9.9937E-05 9.9937E-05 0.0850861 9.9937E-05 9.9937E-05 0.913409 9.9937E-05 9.9937E-05
0.000830279 9.9955E-05 9.9955E-05 0.00654763 9.9955E-05 0.0889055 0.0581088 9.9955E-05 0.845108 9.9955E-05
9.9955E-05 9.9955E-05 9.9955E-05 0.0860361 9.9955E-05 0.124504 0.0137231 0.0153142 0.759923 9.9955E-05
9.9955E-05 9.9955E-05 9.9955E-05 9.9955E-05 0.0876143 0.143537 0.0528133 9.9955E-05 0.706133 0.00940222
9.9955E-05 9.9955E-05 9.9955E-05 9.9955E-05 0.0878462 0.0138778 0.0453442 9.9955E-05 0.739223 0.113209
0.00121988 9.9973E-05 9.9973E-05 0.11848 0.0539885 0.0943435 9.9973E-05 0.00839974 0.716519 0.00674879
0.0409904 9.9973E-05 0.0618595 0.0511789 9.9973E-05 9.9973E-05 0.0326404 0.441454 0.269163 0.102414
0.0335103 0.106696 0.0156254 0.134274 9.9964E-05 9.9964E-05 9.9964E-05 0.354745 0.35475 9.9964E-05
9.9955E-05 0.107143 0.0153492 0.152823 9.9955E-05 9.9955E-05 9.9955E-05 0.417867 0.306318 9.9955E-05
9.99201E-05 9.99201E-05 9.99201E-05 9.99201E-05 9.99201E-05 9.99201E-05 0.999101 9.99201E-05 9.99201E-05 9.99201E-05
9.9946E-05 9.9946E-05 0.15899 0.0819849 9.9946E-05 9.9946E-05 9.9946E-05 0.457469 0.300957 9.9946E-05
0.16634 9.9955E-05 9.9955E-05 0.000711079 0.349581 0.295223 9.9955E-05 9.9955E-05 0.187645 9.9955E-05
0.0178468 0.0606241 9.9982E-05 0.0881254 0.114334 0.613295 9.9982E-05 0.00183508 0.0742142 0.0295249
9.9964E-05 9.9964E-05 9.9964E-05 0.000177762 0.204707 0.562709 0.0849178 9.9964E-05 0.142432 0.00465603
0.064763 0.0270276 9.9982E-05 0.127251 0.173261 0.404982 0.0114116 0.00748476 0.18362 9.9982E-05
0.163703 9.9973E-05 9.9973E-05 0.0222441 0.0981079 0.495332 0.00430892 9.9973E-05 0.0748361 0.141167
0.267024 9.9946E-05 9.9946E-05 0.090771 0.304458 9.9946E-05 9.9946E-05 9.9946E-05 0.337147 9.9946E-05
0.0268513 0.0747504 0.0155722 0.00669092 9.9973E-05 0.341601 9.9973E-05 0.158986 9.9973E-05 0.375249
0.126608 0.17977 0.0246675 9.9973E-05 9.9973E-05 0.360626 9.9973E-05 0.126107 0.0479661 0.133956
9.9964E-05 9.9964E-05 9.9964E-05 0.0219746 9.9964E-05 0.140016 0.0523824 0.151963 0.019846 0.613418
9.9964E-05 0.288282 0.0744762 9.9964E-05 0.025057 0.419482 9.9964E-05 0.0836266 9.9964E-05 0.108677
0.259052 0.506668 0.120466 9.9955E-05 9.9955E-05 9.9955E-05 9.9955E-05 0.0596285 9.9955E-05 0.0536863
0.0853827 0.0927986 0.0290152 0.0197848 9.9973E-05 0.562632 9.9973E-05 9.9973E-05 0.0306666 0.17942
0.0491693 0.205956 9.9973E-05 9.9973E-05 0.0121068 0.479395 9.9973E-05 0.0644109 0.0317225 0.156939
0.0257076 0.00389365 0.118332 9.9982E-05 9.9982E-05 0.241497 0.0343909 0.0463321 0.0411366 0.48851
0.0381548 9.9964E-05 0.104441 0.110694 9.9964E-05 0.529782 9.9964E-05 0.0805214 9.9964E-05 0.136008
0.24397 0.116689 0.0959835 9.9955E-05 9.9955E-05 0.000740614 9.9955E-05 9.9955E-05 9.9955E-05 0.542118
0.132852 0.175165 9.9955E-05 9.9955E-05 9.9955E-05 0.508587 0.0156554 0.16724 9.9955E-05 9.9955E-05
9.9964E-05 0.139552 0.0589264 9.9964E-05 9.9964E-05 0.466431 0.0406875 0.135341 9.9964E-05 0.158663
0.00523743 0.0594529 0.0933316 0.0640925 0.123255 0.411946 9.9982E-05 9.9982E-05 0.151394 0.09109
0.00369034 0.348225 9.9964E-05 9.9964E-05 0.00227396 0.29651 9.9964E-05 0.0332108 9.9964E-05 0.315691
9.9982E-05 0.143759 0.0598641 0.0288233 0.0106657 0.418307 0.00300284 0.11454 9.9982E-05 0.220839
0.0753673 0.138365 0.134615 0.0478534 0.0484678 0.409602 9.9991E-05 0.0283253 0.00573881 0.111566
0.0108352 0.107381 0.143877 0.00920345 9.9982E-05 0.514044 9.9982E-05 0.0955494 0.0035582 0.115352
9.9982E-05 0.0553819 0.0249949 0.0235263 0.0489506 0.619465 9.9982E-05 0.0111413 0.0555375 0.160802
9.9982E-05 0.0653758 9.9982E-05 0.0574236 0.0209523 0.650981 0.00731872 0.0814173 0.0278837 0.0884473
9.9973E-05 0.0339177 0.0458304 9.9973E-05 0.0433424 0.495533 9.9973E-05 0.165788 0.136201 0.0790874
9.9946E-05 9.9946E-05 9.9946E-05 9.9946E-05 0.101501 0.11982 0.0083607 9.9946E-05 0.769719 9.9946E-05
9.9964E-05 9.9964E-05 0.0508901 0.0203835 0.0574445 0.0686154 0.0185238 9.9964E-05 0.783743 9.9964E-05
0.0663457 0.0442506 0.0399487 0.00498354 0.0337164 0.0440082 9.9982E-05 0.0290028 0.737544 9.9982E-05
9.9973E-05 0.0230421 0.0656589 9.9973E-05 0.0255139 0.0160776 0.0389997 0.075082 0.755326 9.9973E-05
0.0180001 9.9964E-05 9.9964E-05 9.9964E-05 0.0514513 0.0807933 0.0631141 0.0198702 0.766371 9.9964E-05
0.000549833 0.0357791 9.9973E-05 9.9973E-05 0.00289045 0.139793 9.9973E-05 0.130847 0.0681093 0.621731
0.0160451 0.18754 0.0136055 0.00368086 0.0324484 0.487899 0.050146 0.0170148 0.039987 0.151634
0.141239 0.0885987 9.9991E-05 0.0909776 0.21688 0.324771 0.00959336 0.0481807 0.0766612 0.00299818
0.0472785 0.0162529 9.9973E-05 9.9973E-05 0.0175654 0.665395 0.0486353 0.0611569 9.9973E-05 0.143416
9.9964E-05 0.048255 0.131786 9.9964E-05 9.9964E-05 0.481494 9.9964E-05 0.0902597 0.112713 0.135092
0.180191 0.131839 9.9982E-05 9.9982E-05 0.0522155 0.188729 0.0275014 0.171819 0.00182094 0.245685
0.132621 9.9964E-05 0.0489468 9.9964E-05 9.9964E-05 9.9964E-05 0.0168325 0.168506 0.135531 0.497163
9.9964E-05 0.060226 9.9964E-05 9.9964E-05 9.9964E-05 0.450643 0.0114127 0.183613 0.0200304 0.273675
9.9982E-05 0.143476 0.0618938 9.9982E-05 0.0376273 0.134953 0.00884815 0.245814 0.0687675 0.29842
0.100759 0.0469758 0.151145 9.9982E-05 0.0043121 0.460813 9.9982E-05 0.182686 0.0232471 0.0298622
9.9946E-05 0.154201 9.9946E-05 9.9946E-05 9.9946E-05 9.9946E-05 9.9946E-05 0.105088 0.192889 0.547222
9.9973E-05 0.0235175 9.9973E-05 9.9973E-05 0.0703081 0.468731 0.0478808 0.146992 0.10003 0.142241
0.00972087 0.108099 0.0221443 0.0150779 9.9991E-05 0.0925255 0.0479939 0.159576 0.0808173 0.463946
0.124347 0.153229 9.9973E-05 9.9973E-05 0.0467743 0.304848 9.9973E-05 0.090141 0.0692115 0.211149
0.141332 0.13084 9.9982E-05 0.0224132 0.076538 0.424507 9.9982E-05 0.104967 0.0120378 0.0871645
0.437261 0.156485 9.9964E-05 0.00533775 9.9964E-05 0.329164 9.9964E-05 0.0695951 9.9964E-05 0.00175767
0.278103 9.9964E-05 0.0401056 0.0239239 9.9964E-05 0.578638 9.9964E-05 0.020736 0.0580928 9.9964E-05
0.148769 0.025925 0.0105872 9.9982E-05 9.9982E-05 0.485877 0.0422528 0.0314933 0.146469 0.108427
0.36289 0.11046 0.0394929 9.9964E-05 9.9964E-05 0.337026 9.9964E-05 0.0526896 9.9964E-05 0.0970423
0.124565 0.0662799 0.0963796 0.0205141 9.9982E-05 0.526257 9.9982E-05 0.0137009 0.0315178 0.120585
0.165056 0.162942 0.0737881 9.9964E-05 9.9964E-05 0.500927 0.02037 0.0765167 9.9964E-05 9.9964E-05
0.474759 0.150643 0.154524 9.9964E-05 9.9964E-05 0.10254 9.9964E-05 0.1133 9.9964E-05 0.00383446
0.545524 0.0588104 0.0758104 9.9955E-05 9.9955E-05 0.247405 9.9955E-05 0.0719508 9.9955E-05 9.9955E-05
0.157928 0.137134 9.9955E-05 0.0226599 9.9955E-05 0.558626 9.9955E-05 0.123153 9.9955E-05 9.9955E-05
0.401422 0.106496 0.125178 9.9964E-05 9.9964E-05 0.195034 9.9964E-05 0.0873525 9.9964E-05 0.0841178
0.307102 9.9955E-05 0.126333 9.9955E-05 9.9955E-05 0.458787 9.9955E-05 0.041346 9.9955E-05 0.0659317
9.9973E-05 0.0875755 0.0589253 9.9973E-05 9.9973E-05 0.0723229 0.0478432 0.116981 0.00128379 0.614768
0.0367025 0.344465 0.00543733 9.9964E-05 9.9964E-05 0.15918 9.9964E-05 0.0714869 9.9964E-05 0.382328
9.9982E-05 0.0621295 0.0761785 9.9982E-05 0.0152239 0.255618 0.0265757 0.158573 0.0186523 0.38685
9.9964E-05 9.9964E-05 0.0854862 9.9964E-05 0.0469337 0.548819 0.0409576 0.0927089 9.9964E-05 0.184695
0.0274172 0.0262976 0.12125 9.9973E-05 9.9973E-05 0.14834 0.0239745 0.138984 9.9973E-05 0.513436
0.0468643 0.17759 0.104807 0.0589098 0.110752 0.360605 0.0669164 0.0733561 9.9982E-05 9.9982E-05
9.9982E-05 0.0468785 0.0823751 9.9982E-05 0.0395664 0.533702 0.0782094 0.0779061 0.0434236 0.0977393
9.9973E-05 0.0101484 0.041601 9.9973E-05 0.0343135 0.426547 9.9973E-05 0.082963 0.0551898 0.348938
9.9982E-05 0.0520472 0.0938054 0.0200567 0.102858 0.361845 0.0597556 0.121192 9.9982E-05 0.188241
9.9982E-05 0.00815346 0.161218 9.9982E-05 0.0857337 0.290194 0.00849071 0.201801 0.0191802 0.225029
9.9973E-05 0.102939 0.0502241 9.9973E-05 0.0945059 0.073854 0.0197565 0.122912 9.9973E-05 0.535509
9.9964E-05 0.12402 0.0423835 9.9964E-05 0.097601 0.282856 9.9964E-05 0.190679 9.9964E-05 0.26206
9.9964E-05 0.0867262 0.0302367 9.9964E-05 0.0794735 0.512512 9.9964E-05 0.0639564 9.9964E-05 0.226696
0.0455833 0.00404919 9.9982E-05 0.0363318 0.00547173 0.568068 0.00299734 9.9982E-05 0.0715856 0.265713
0.0710076 0.182317 0.0110453 9.9982E-05 9.9982E-05 0.401065 0.0298737 0.028335 0.045576 0.23058
9.9964E-05 0.134262 9.9964E-05 0.016522 0.0317715 0.506823 9.9964E-05 0.143757 9.9964E-05 0.166465
0.103642 9.9973E-05 0.00117522 9.9973E-05 9.9973E-05 0.354465 0.0664429 0.097348 0.0326828 0.343945
9.9964E-05 0.0301633 9.9964E-05 9.9964E-05 0.0188132 0.620445 9.9964E-05 0.0165452 0.0471402 0.266493
9.9973E-05 0.0540434 0.143095 9.9973E-05 0.0442005 0.416886 9.9973E-05 0.0610411 0.026127 0.254307
0.0220747 0.0659059 0.109762 9.9991E-05 0.13102 0.335887 0.0334819 0.0818325 0.0973274 0.12261
0.0348035 9.9982E-05 0.00739728 0.0377474 0.0695233 0.447991 0.0192536 9.9982E-05 0.309168 0.0739152
0.0380606 0.109032 0.104104 0.0239216 0.186417 0.367946 0.0507357 0.00294655 0.116737 9.9991E-05
0.105414 9.9973E-05 9.9973E-05 0.11056 0.116558 0.437653 0.0663049 9.9973E-05 0.0652329 0.0979768
0.0398015 0.0375555 0.0420092 0.0872295 0.160019 0.411516 0.018395 9.9982E-05 9.9982E-05 0.203274
9.9982E-05 0.0591348 0.0193107 0.0090497 0.218817 0.417405 0.0302335 9.9982E-05 0.185793 0.0600562
0.0844108 0.187102 0.0163071 9.9964E-05 9.9964E-05 0.394505 9.9964E-05 0.0716157 9.9964E-05 0.245659
0.0875115 0.0428454 0.00404587 0.141981 0.069573 0.487961 0.0366649 9.9991E-05 0.0195285 0.109789
0.437325 0.0550738 0.0682746 9.9973E-05 0.140538 9.9973E-05 0.00896132 9.9973E-05 0.22251 0.0670171
0.152717 9.9964E-05 9.9964E-05 9.9964E-05 0.147189 0.460368 0.00943745 9.9964E-05 0.0317529 0.198136
0.0479712 0.022978 0.0377836 0.00627302 0.0966083 0.570776 0.0260392 0.0920885 0.0993824 9.9991E-05
0.0293479 0.0942493 0.0104085 0.0145119 0.215104 0.445401 0.0336347 0.112132 9.9991E-05 0.045111
0.187819 9.9982E-05 0.108962 0.0862595 0.106879 0.213816 0.103754 9.9982E-05 0.0263093 0.166002
0.154301 0.0299304 9.9973E-05 0.0607156 0.110113 0.500701 0.0116722 9.9973E-05 0.132267 9.9973E-05
0.106593 0.0207052 9.9973E-05 9.9973E-05 0.138581 0.551195 0.0374508 9.9973E-05 0.102866 0.0423083
0.331867 0.00873182 9.9964E-05 0.0505077 0.210219 9.9964E-05 0.0504326 9.9964E-05 0.347842 9.9964E-05
0.0636094 9.9973E-05 0.0796126 9.9973E-05 0.185108 0.441779 0.10971 9.9973E-05 0.108281 0.0115999
9.9964E-05 0.0349601 0.0677746 9.9964E-05 0.259597 0.485718 0.0174537 9.9964E-05 0.134097 9.9964E-05
0.0548234 0.0746123 0.00618096 0.0436941 0.0885581 0.484841 9.9982E-05 9.9982E-05 0.128249 0.118841
0.0831841 9.9964E-05 9.9964E-05 9.9964E-05 0.205616 0.472357 0.0332659 0.031062 0.174115 9.9964E-05
0.0188646 0.0737267 0.0436094 0.139949 0.107162 0.407665 0.0223107 0.0713031 0.0425389 0.0728709
9.9964E-05 0.383747 0.0824405 9.9964E-05 0.0713066 0.408729 0.0128843 0.0404924 9.9964E-05 9.9964E-05
9.9973E-05 0.240092 0.0168423 0.0739693 0.0222242 0.49842 0.0614639 9.9973E-05 9.9973E-05 0.0866886
9.9937E-05 0.771186 0.106475 9.9937E-05 9.9937E-05 9.9937E-05 9.9937E-05 9.9937E-05 9.9937E-05 0.121639
9.99369E-05 0.937086 9.99369E-05 9.99369E-05 9.99369E-05 9.99369E-05 9.99369E-05 0.0452105 0.0170037 9.99369E-05
9.9964E-05 0.306275 9.9964E-05 0.112696 0.021604 0.382361 9.9964E-05 9.9964E-05 0.0105432 0.166121
0.0729895 0.10816 9.9964E-05 9.9964E-05 0.320821 0.355233 9.9964E-05 9.9964E-05 0.103086 0.0393106
9.9964E-05 0.289386 9.9964E-05 0.0520642 0.326662 0.270408 0.00727534 9.9964E-05 0.0538045 9.9964E-05
0.149788 0.162879 9.9982E-05 0.126589 0.30768 0.0731004 0.0425641 9.9982E-05 0.0983126 0.038887
0.0173242 0.185207 9.9982E-05 0.0859587 0.236228 0.28294 0.067839 9.9982E-05 0.0787519 0.0455515
0.0967073 0.717457 9.9964E-05 0.0838826 0.0860536 0.00973181 9.9964E-05 9.9964E-05 0.00576778 9.9964E-05
0.000734676 0.699114 9.9964E-05 9.9964E-05 0.128035 0.0680476 0.0675997 9.9964E-05 0.0360693 9.9964E-05
9.9964E-05 0.330112 0.0320749 0.0344686 0.0509481 0.529255 0.0227417 9.9964E-05 9.9964E-05 9.9964E-05
9.9946E-05 0.407902 9.9946E-05 0.121959 0.0948049 0.374735 9.9946E-05 9.9946E-05 9.9946E-05 9.9946E-05
9.9955E-05 0.70812 9.9955E-05 9.9955E-05 0.0874338 0.105819 0.0588551 9.9955E-05 0.0392718 9.9955E-05
9.9964E-05 0.330637 0.0802857 0.0480847 0.105857 0.425238 0.00949862 9.9964E-05 9.9964E-05 9.9964E-05
0.0439284 0.275926 9.9973E-05 0.027006 0.098682 0.528427 9.9973E-05 0.0143524 0.011378 9.9973E-05
0.087106 0.195547 9.9982E-05 0.0558178 0.153438 0.353415 0.0505417 0.0317453 9.9982E-05 0.0721893
0.0697748 0.491559 9.9955E-05 9.9955E-05 9.9955E-05 0.309417 9.9955E-05 9.9955E-05 0.0619261 0.0668228
9.9964E-05 0.469386 0.0392221 0.0355078 9.9964E-05 0.318112 0.0360579 9.9964E-05 9.9964E-05 0.101314
0.024186 0.233585 0.0507936 9.9991E-05 0.0668649 0.458441 0.00417557 0.0479424 0.030747 0.083164
0.00174471 0.362993 9.9982E-05 0.0595621 0.00126784 0.381414 0.00866681 0.140006 0.0441456 9.9982E-05
0.0112129 0.189012 9.9982E-05 0.0462215 9.9982E-05 0.502496 0.0693307 0.0559733 0.0366826 0.0888707
0.08597 0.356166 9.9946E-05 9.9946E-05 9.9946E-05 0.4906 9.9946E-05 9.9946E-05 9.9946E-05 0.0666649
0.0237873 0.669366 9.9964E-05 0.00524382 9.9964E-05 0.209553 9.9964E-05 0.0314427 9.9964E-05 0.0602074
0.0337056 0.335521 0.0232877 0.0194343 0.0139534 0.54632 9.9973E-05 9.9973E-05 0.0274778 9.9973E-05
9.9964E-05 0.722769 0.0043697 9.9964E-05 0.00781081 0.194774 9.9964E-05 0.0042524 9.9964E-05 0.065624
9.99546E-05 0.551414 9.99546E-05 9.99546E-05 9.99546E-05 0.408792 0.0290875 0.0101062 9.99546E-05 9.99546E-05
9.9982E-05 0.203643 0.0480022 0.0187227 0.0379265 0.543678 0.0803436 0.0470712 0.0204134 9.9982E-05
9.9982E-05 0.36705 0.0411804 9.9982E-05 0.0278571 0.359599 0.0317316 0.04635 0.0235399 0.102492
0.0421935 9.9982E-05 0.0842778 0.0626964 0.122209 0.480271 0.0430879 9.9982E-05 0.0935772 0.0714867
0.136603 0.12193 9.9964E-05 0.0329936 0.198646 0.381458 9.9964E-05 9.9964E-05 0.127969 9.9964E-05
0.200864 0.0367682 9.9982E-05 9.9982E-05 0.309231 0.251518 0.0493414 0.0634644 0.0302551 0.0583574
0.0982395 0.108201 9.9973E-05 0.180593 0.227307 0.259173 0.0544124 0.0717743 9.9973E-05 9.9973E-05
0.075485 0.0297815 9.9973E-05 0.0744003 0.150635 0.450502 9.9973E-05 0.0592507 0.159645 9.9973E-05
0.00654731 0.26881 9.9982E-05 0.0796931 0.192991 0.291716 0.0612695 0.0460291 0.0527436 9.9982E-05
0.0841671 0.601978 9.9964E-05 0.143843 0.0824814 9.9964E-05 0.0303326 9.9964E-05 0.0567982 9.9964E-05
0.00375699 0.118412 9.9973E-05 0.0385475 0.195983 0.578828 0.0143417 0.0498303 9.9973E-05 9.9973E-05
0.137912 0.401135 9.9964E-05 0.284965 0.0731426 9.9964E-05 0.00911433 9.9964E-05 0.0933309 9.9964E-05
9.9955E-05 0.292052 9.9955E-05 0.00413782 0.156381 0.50558 9.9955E-05 9.9955E-05 0.04135 9.9955E-05
0.0605053 0.764217 0.0714564 9.9946E-05 9.9946E-05 0.103222 9.9946E-05 9.9946E-05 9.9946E-05 9.9946E-05
9.9946E-05 0.947207 0.0428105 9.9946E-05 9.9946E-05 9.9946E-05 0.00528368 0.00409931 9.9946E-05 9.9946E-05
9.9946E-05 0.501047 9.9946E-05 9.9946E-05 9.9946E-05 0.409595 0.00700079 9.9946E-05 9.9946E-05 0.0817575
