0.10552 9.9991E-05 0.89438
0.0527109 9.9991E-05 0.947189
0.10535 0.0171999 0.87745
0.136506 0.0458835 0.81761
0.104386 9.9991E-05 0.895514
0.131008 0.185506 0.683486
0.0534507 0.0961164 0.850433
0.0638073 0.141843 0.79435
9.9991E-05 0.0692043 0.930696
0.0673697 0.105096 0.827534
0.107694 0.114518 0.777788
0.0899487 0.741172 0.168879
0.35283 0.584364 0.0628059
0.144438 0.727201 0.128361
0.194677 0.656627 0.148696
0.345416 0.540616 0.113968
0.402857 0.578873 0.0182707
0.297241 0.665996 0.0367628
0.173911 0.616798 0.209291
9.9991E-05 0.771216 0.228684
0.244734 0.681929 0.0733374
0.267042 0.670079 0.0628792
0.339876 0.65014 0.00998342
0.148857 0.681804 0.169339
0.420787 0.534924 0.0442896
0.305861 0.630731 0.0634083
0.087906 0.754993 0.157101
0.175727 0.65517 0.169103
0.0359755 0.835028 0.128997
0.154215 9.9991E-05 0.845685
0.170984 9.9991E-05 0.828916
0.221005 9.9991E-05 0.778895
0.252009 0.0114736 0.736518
0.275578 0.679131 0.0452909
0.350683 0.606104 0.0432135
0.322582 0.677318 9.9991E-05
0.0242451 0.785949 0.189806
0.139467 0.860433 9.9991E-05
0.345007 0.610518 0.044475
0.405902 0.593998 9.9991E-05
0.314796 0.583946 0.101258
0.367415 0.580233 0.0523528
0.0260595 0.911714 0.062226
0.398583 0.601317 9.9991E-05
0.413853 0.586047 9.9991E-05
0.374992 0.550401 0.0746071
0.182599 0.817301 9.9991E-05
0.391972 0.607332 0.000695776
0.394412 0.554868 0.0507193
9.9991E-05 0.86715 0.13275
9.9991E-05 0.862947 0.136953
0.0774503 0.794158 0.128392
0.387645 0.57214 0.0402152
0.375652 0.573093 0.0512549
0.405684 0.557007 0.0373097
0.0261616 0.724145 0.249693
0.309136 0.664159 0.0267054
0.406555 0.553335 0.0401105
0.208517 0.656555 0.134928
0.0181211 0.68771 0.294169
0.332743 0.621545 0.0457117
0.305512 0.646411 0.0480763
9.9991E-05 0.781438 0.218462
0.21613 0.759337 0.0245323
0.389032 0.610868 9.9991E-05
0.400174 0.568973 0.0308532
0.145449 0.689464 0.165087
0.3219 0.649437 0.0286627
0.360082 0.615899 0.0240186
0.0511376 0.778487 0.170376
0.27841 0.72149 9.9991E-05
0.0978495 0.881589 0.0205618
0.3357 0.609236 0.0550637
9.9991E-05 0.987173 0.0127275
9.999E-05 0.9998 9.999E-05
0.100227 0.899673 9.9991E-05
0.24326 0.75664 9.9991E-05
0.346948 0.583801 0.0692504
0.280841 0.719059 9.9991E-05
0.0387498 0.887636 0.0736145
0.0695741 0.912318 0.0181077
0.386154 0.599184 0.014662
0.191512 0.794924 0.0135635
0.233261 0.766639 9.9991E-05
0.228355 0.771545 9.9991E-05
9.9991E-05 0.91514 0.0847605
0.386231 0.613669 9.9991E-05
0.126217 0.0366699 0.837113
0.120897 9.9991E-05 0.879003
0.178621 9.9991E-05 0.821279
0.114781 9.9991E-05 0.885119
0.0750081 9.9991E-05 0.924892
0.146728 9.9991E-05 0.853172
0.116418 9.9991E-05 0.883482
0.330964 0.622858 0.0461781
0.372941 0.540353 0.0867064
9.9991E-05 0.901971 0.097929
0.408483 0.585774 0.00574286
0.198578 0.799079 0.00234222
0.301416 0.698484 9.9991E-05
0.330374 0.669526 9.9991E-05
0.316259 0.683641 9.9991E-05
9.9991E-05 0.903037 0.0968628
0.313219 0.582791 0.10399
0.416113 0.583787 9.9991E-05
0.380024 0.561022 0.0589536
0.125132 0.854996 0.0198726
0.293317 0.706583 9.9991E-05
0.225448 0.774452 9.9991E-05
0.20306 0.79684 9.9991E-05
0.232873 0.738946 0.028181
0.352264 0.589213 0.0585227
0.180648 0.706754 0.112598
0.199451 0.666386 0.134163
0.357261 0.515591 0.127148
0.407934 0.540219 0.0518462
0.226573 0.698563 0.0748639
0.381973 0.599241 0.0187856
0.22415 0.654141 0.121709
0.352953 0.59777 0.0492769
0.416261 0.574208 0.00953104
0.311452 0.639252 0.0492958
0.299487 0.669749 0.0307634
0.396858 0.592906 0.0102355
0.399151 0.530422 0.0704273
0.383447 0.616453 9.9991E-05
0.403633 0.555489 0.0408778
0.398097 0.584887 0.0170151
0.209892 0.636719 0.153389
0.439529 0.54607 0.0144007
0.410206 0.589694 9.9991E-05
0.0601945 0.804136 0.135669
0.0498363 0.814248 0.135916
0.314656 0.622314 0.0630295
9.9991E-05 0.921401 0.0784986
0.126625 0.771854 0.101521
0.183591 0.791406 0.0250035
0.14642 0.763919 0.0896604
0.127926 0.821926 0.0501475
0.337867 0.622458 0.0396747
0.37309 0.5257 0.10121
0.345949 0.644633 0.00941839
0.028574 0.844496 0.12693
0.366061 0.517616 0.116323
0.322173 0.61852 0.0593071
9.9991E-05 0.715897 0.284003
0.418423 0.565758 0.015818
0.181484 0.698975 0.119541
0.372337 0.504545 0.123118
0.074194 0.733352 0.192454
9.9991E-05 0.793184 0.206716
0.225562 0.700427 0.074011
0.299428 0.587403 0.113168
0.285256 0.572099 0.142645
0.062215 0.764879 0.172906
0.371413 0.555636 0.0729512
0.114819 0.885081 9.9991E-05
0.224379 0.775521 9.9991E-05
0.367307 0.572335 0.0603582
0.322761 0.215529 0.46171
0.132653 0.146299 0.721048
0.104682 0.188626 0.706692
0.329388 0.212013 0.458599
0.322598 0.677302 9.9991E-05
0.375037 0.58594 0.039023
0.879107 0.101921 0.0189726
0.671733 0.286101 0.042166
0.601978 0.277894 0.120128
0.117061 0.797908 0.085031
0.296923 0.608991 0.094086
0.0722198 0.861557 0.0662235
0.347054 0.630182 0.0227643
0.281183 0.672269 0.046548
0.32528 0.67462 9.9991E-05
0.0535835 0.850497 0.09592
0.424962 0.574938 9.9991E-05
0.370712 0.58703 0.0422583
0.929112 9.9991E-05 0.0707878
0.936074 9.9991E-05 0.063826
0.72504 0.181676 0.0932832
0.841247 0.158653 9.9991E-05
0.909063 0.0249941 0.0659432
0.927192 9.9991E-05 0.0727081
0.931012 9.9991E-05 0.0688877
0.977465 9.9991E-05 0.0224349
0.894202 9.9991E-05 0.105698
0.943355 9.9991E-05 0.0565455
0.946872 9.9991E-05 0.0530284
0.886181 0.0423489 0.0714703
0.851651 0.00734375 0.141006
0.957954 9.9991E-05 0.0419457
0.591929 0.292999 0.115072
0.813428 0.116204 0.070368
0.885783 9.9991E-05 0.114117
0.932573 9.9991E-05 0.0673271
0.967111 9.9991E-05 0.0327892
0.922599 9.9991E-05 0.0773009
0.924913 9.9991E-05 0.0749873
0.768948 0.142453 0.0885989
0.899794 9.9991E-05 0.100106
0.0266098 0.500652 0.472738
0.303871 0.44322 0.252908
0.34277 0.496542 0.160688
0.211819 0.477827 0.310353
0.394784 0.472997 0.132219
0.135348 0.497051 0.367602
0.347151 0.440288 0.21256
0.313948 0.442125 0.243928
0.421243 0.418152 0.160605
0.360437 0.398372 0.241191
0.421338 0.432168 0.146494
0.0971375 0.0288104 0.874052
0.114807 9.9991E-05 0.885093
0.0599496 9.9991E-05 0.93995
0.0399418 9.9991E-05 0.959958
0.100523 9.9991E-05 0.899377
0.0590081 9.9991E-05 0.940892
0.108399 9.9991E-05 0.891501
0.047938 9.9991E-05 0.951962
0.112579 9.9991E-05 0.887321
0.0900908 9.9991E-05 0.909809
9.9991E-05 0.286377 0.713523
9.9991E-05 0.258613 0.741287
9.9991E-05 0.333692 0.666208
9.9991E-05 0.39906 0.60084
0.262533 0.71105 0.026417
0.284892 0.715008 9.9991E-05
0.322386 0.655662 0.0219521
0.155507 0.765704 0.0787882
0.0440571 0.8284 0.127543
0.413514 0.586386 9.9991E-05
0.325641 0.674259 9.9991E-05
0.2877 0.7122 9.9991E-05
0.192163 0.807737 9.9991E-05
0.400516 0.585083 0.0144008
0.225508 0.774392 9.9991E-05
9.999E-05 0.9998 9.999E-05
0.325859 0.635198 0.0389428
0.0705661 0.927515 0.0019189
0.295825 0.704075 9.9991E-05
0.0358399 0.92186 0.0422998
9.9991E-05 0.646475 0.353425
9.9991E-05 0.690032 0.309868
9.9991E-05 0.695293 0.304607
9.9991E-05 0.672664 0.327236
9.9991E-05 0.737051 0.262849
9.9991E-05 0.716118 0.283782
0.147208 9.9991E-05 0.852692
0.120281 0.0631924 0.816527
0.194155 0.050767 0.755078
0.148407 9.9991E-05 0.851493
0.202683 0.0319732 0.765343
9.9991E-05 0.433003 0.566897
9.9991E-05 0.396059 0.603841
9.9991E-05 0.427294 0.572606
0.139308 0.0273138 0.833379
9.9991E-05 0.438343 0.561557
0.505728 0.19201 0.302262
0.556138 0.351902 0.0919607
0.614135 0.242324 0.143541
0.487865 0.224899 0.287236
0.468609 0.404651 0.12674
0.306034 0.118206 0.57576
0.172567 0.763206 0.064227
0.235883 0.750511 0.0136067
0.0906099 0.803332 0.106059
0.277567 0.722333 9.9991E-05
9.9991E-05 0.892813 0.107087
0.39158 0.581684 0.0267358
0.330606 0.647214 0.0221796
0.109826 0.7555 0.134674
0.3544 0.570195 0.0754045
9.9991E-05 0.919972 0.0799283
0.321559 0.678341 9.9991E-05
0.251471 0.730741 0.0177884
0.368874 0.533809 0.0973169
0.183143 0.7663 0.0505573
0.232556 0.740434 0.0270102
0.333106 0.666794 9.9991E-05
0.278041 0.721859 9.9991E-05
0.418506 0.581394 9.9991E-05
0.350703 0.574502 0.0747951
0.350498 0.596985 0.0525167
0.18755 9.9991E-05 0.81235
0.153339 9.9991E-05 0.846561
0.0964174 0.00959974 0.893983
0.115841 9.9991E-05 0.884059
0.130513 9.9991E-05 0.869387
0.0110122 0.807761 0.181227
0.337366 0.6152 0.0474348
0.485174 0.308095 0.206732
0.426037 0.573863 9.9991E-05
0.283435 0.697947 0.0186183
0.119655 0.815773 0.0645712
9.9991E-05 0.739757 0.260143
0.266197 0.655435 0.0783681
0.100642 0.705243 0.194115
0.275241 0.655505 0.0692541
9.9991E-05 0.758321 0.241579
0.354053 0.571216 0.0747314
9.99983E-05 0.787168 0.212732
0.169011 0.725556 0.105434
0.331245 0.609401 0.0593538
0.0866975 0.841189 0.0721136
0.297719 0.639978 0.0623033
0.312235 0.601292 0.086473
0.0613309 0.838232 0.100437
0.336257 0.603422 0.0603205
0.266759 0.691444 0.0417969
9.9991E-05 0.912652 0.0872478
0.0117958 0.877367 0.110837
0.203488 0.732309 0.0642022
9.9991E-05 0.894388 0.105512
0.20804 0.76111 0.0308508
0.011027 0.811757 0.177216
0.136887 0.814173 0.0489393
0.253634 0.646322 0.100044
0.35951 0.618494 0.0219962
0.0809507 0.812717 0.106333
0.324876 0.626826 0.048298
0.34822 0.617349 0.0344314
0.341641 0.658259 9.9991E-05
0.343198 0.640193 0.0166088
0.269159 0.662637 0.0682033
0.113001 0.776856 0.110143
0.228727 0.727175 0.0440985
0.349133 0.650767 9.9991E-05
0.415921 0.577777 0.00630275
0.246003 0.643465 0.110532
0.337646 0.662254 9.9991E-05
0.208816 0.701489 0.0896943
0.343745 0.648375 0.00787979
0.326627 0.632367 0.0410058
0.372027 0.542654 0.0853186
0.445784 0.249086 0.30513
0.478164 0.413941 0.107895
0.414995 0.453335 0.13167
0.4831 0.443385 0.0735154
0.491722 0.358306 0.149971
0.25212 0.74778 9.9991E-05
0.441266 0.435347 0.123387
0.161923 0.480169 0.357909
0.497226 0.442518 0.0602559
0.497121 0.392069 0.11081
0.505508 0.454059 0.0404325
0.265077 0.507832 0.227091
0.505955 0.338289 0.155756
0.504306 0.417538 0.0781557
0.118113 0.200225 0.681662
0.495195 0.354356 0.150448
0.500404 0.364872 0.134724
0.44747 0.483565 0.0689646
0.562686 0.290823 0.146491
0.454752 0.400094 0.145154
0.274849 0.696878 0.0282728
0.366592 0.624843 0.00856491
9.9991E-05 0.945087 0.0548129
9.9991E-05 0.909229 0.0906713
0.327934 0.584056 0.0880101
0.549747 0.296265 0.153989
0.515531 0.317917 0.166552
0.429142 0.331901 0.238957
0.497178 0.347804 0.155018
0.083267 0.707837 0.208896
0.142598 0.679594 0.177808
0.395975 0.603925 9.9991E-05
0.37667 0.568255 0.0550748
0.190513 0.724073 0.0854136
0.406651 0.593249 9.9991E-05
0.433567 0.566333 9.9991E-05
0.403469 0.54428 0.0522514
0.175801 0.790181 0.0340187
0.225556 0.762813 0.0116313
0.333457 0.666443 9.9991E-05
0.275485 0.707714 0.0168007
0.364475 0.61544 0.0200855
0.244198 0.755702 9.9991E-05
0.0884389 0.869975 0.041586
0.40016 0.59974 9.9991E-05
0.0882184 0.889381 0.022401
0.241692 0.740675 0.0176335
0.325364 0.660089 0.0145463
0.334508 0.637494 0.0279978
0.424126 0.415698 0.160176
0.405179 0.426455 0.168366
0.487419 0.289816 0.222765
0.452816 0.324638 0.222545
0.425763 0.41868 0.155557
0.409876 0.46346 0.126664
0.110472 0.567305 0.322223
0.535902 0.397643 0.0664553
0.0873034 0.373148 0.539548
0.483434 0.496103 0.0204628
0.0328511 0.943803 0.0233459
9.9991E-05 0.950532 0.0493677
0.254968 0.744932 9.9991E-05
0.374133 0.625767 9.9991E-05
0.232189 0.767711 9.9991E-05
0.334235 0.665665 9.9991E-05
0.307133 0.692767 9.9991E-05
0.0975285 0.0159068 0.886565
0.130937 0.0932939 0.77577
0.0755965 9.9991E-05 0.924303
0.0695141 9.9991E-05 0.930386
0.345202 0.654698 9.9991E-05
0.317183 0.678794 0.00402321
0.283914 0.715986 9.9991E-05
0.31874 0.659805 0.0214545
0.373409 0.571199 0.0553924
0.126022 0.857363 0.0166149
0.371313 0.628587 9.9991E-05
0.140574 0.859326 9.9991E-05
0.415052 0.281441 0.303507
0.220072 0.779828 9.9991E-05
0.151971 0.843532 0.00449621
0.278833 0.721067 9.9991E-05
0.239448 0.760452 9.9991E-05
0.325104 0.674796 9.9991E-05
0.335524 0.664376 9.9991E-05
9.999E-05 0.9998 9.999E-05
0.159236 0.840664 9.9991E-05
0.212466 0.787434 9.9991E-05
9.999E-05 0.9998 9.999E-05
0.232664 0.752096 0.0152398
9.9991E-05 0.98109 0.0188099
9.9991E-05 0.972175 0.0277254
0.376266 0.623634 9.9991E-05
0.0663483 0.87053 0.0631219
0.265762 0.734138 9.9991E-05
0.40176 0.569981 0.0282586
0.274493 0.725407 9.9991E-05
0.161219 0.795186 0.0435953
0.336621 0.663279 9.9991E-05
0.260432 0.739468 9.9991E-05
0.142624 0.857276 9.9991E-05
0.326376 0.65688 0.0167442
9.9991E-05 0.233454 0.766446
0.0152326 0.140144 0.844624
9.9991E-05 0.0750385 0.924862
9.9991E-05 0.0889298 0.91097
0.0172521 0.169116 0.813632
0.0494995 0.868466 0.0820343
0.0421048 0.888883 0.0690121
0.111385 0.888515 9.9991E-05
0.382628 0.527648 0.0897244
0.392865 0.542515 0.0646202
0.140302 0.859598 9.9991E-05
0.381948 0.617952 9.9991E-05
0.27932 0.718848 0.00183164
0.31139 0.68851 9.9991E-05
0.408922 0.590978 9.9991E-05
0.107647 0.888919 0.003434
0.127231 0.872669 9.9991E-05
0.148684 0.851216 9.9991E-05
0.367308 0.58167 0.0510216
0.195574 0.797634 0.00679188
0.233457 0.766443 9.9991E-05
0.656579 0.251265 0.0921557
0.67878 0.190747 0.130473
0.727198 0.183699 0.0891023
0.676772 0.126289 0.196939
0.602649 0.295579 0.101771
0.306083 0.669491 0.024426
0.65862 9.9991E-05 0.34128
0.700952 0.108813 0.190235
0.371692 0.466855 0.161453
0.2772 0.589012 0.133788
0.25939 0.598875 0.141735
0.364867 0.543687 0.0914459
0.436786 0.505393 0.0578217
0.70172 0.116377 0.181903
0.598863 0.260169 0.140967
0.787083 0.123555 0.0893616
0.567407 0.315987 0.116606
0.620828 0.161461 0.217711
0.633481 0.258911 0.107607
0.691543 0.143627 0.164829
0.58123 0.322261 0.0965085
0.268469 0.622275 0.109257
0.606343 0.250532 0.143126
0.71393 0.0192202 0.266849
0.600736 0.279623 0.119641
0.0913336 0.667971 0.240695
0.414503 0.553628 0.0318685
0.603559 0.227471 0.16897
0.298036 0.544943 0.157021
0.279331 0.545072 0.175597
0.415083 0.363234 0.221683
0.483373 0.284638 0.231989
0.423645 0.488994 0.0873605
0.585671 0.276288 0.138041
0.696929 0.230588 0.0724834
0.731197 9.9991E-05 0.268703
0.388768 0.518407 0.0928251
0.226688 0.61648 0.156832
0.0580771 0.699801 0.242121
0.397428 0.507778 0.0947945
0.220685 0.661549 0.117766
0.443917 0.419355 0.136728
0.391401 0.466823 0.141775
0.0994436 0.353797 0.54676
0.0333983 0.438773 0.527829
0.239354 0.515933 0.244712
0.192725 0.343387 0.463888
0.19003 0.177116 0.632855
0.305589 0.485947 0.208464
0.370519 0.376845 0.252636
0.254975 0.360906 0.384119
0.181231 0.403655 0.415114
0.412268 0.435183 0.15255
0.214253 0.43651 0.349237
0.0441503 0.363602 0.592248
0.416108 0.493385 0.0905064
0.348106 0.401115 0.250778
0.434079 0.261891 0.30403
0.611729 0.28365 0.104621
0.522887 0.358048 0.119065
0.54221 0.322936 0.134854
0.413322 0.20968 0.376998
0.478644 0.345057 0.176299
0.511513 0.267023 0.221464
0.40527 0.297282 0.297448
0.336149 0.474672 0.189179
0.414616 0.41538 0.170004
0.488704 0.413099 0.0981972
0.47046 0.445083 0.0844572
0.50802 0.240705 0.251275
0.520841 0.316802 0.162357
0.355595 0.189402 0.455004
0.478888 0.37882 0.142293
0.442747 0.202385 0.354869
0.0239449 0.0884652 0.88759
0.00568361 0.726313 0.268003
9.9991E-05 0.712244 0.287656
9.9991E-05 0.762111 0.237789
9.9991E-05 0.788348 0.211552
9.9991E-05 0.764895 0.235005
9.9991E-05 0.781232 0.218668
9.9991E-05 0.73004 0.26986
9.9991E-05 0.613636 0.386264
0.0560498 0.0312213 0.912729
0.0873346 0.096942 0.815723
0.0828116 0.0146988 0.90249
0.0732231 0.0368749 0.889902
0.0929123 0.0183701 0.888718
0.0932989 9.9991E-05 0.906601
0.21436 0.0439833 0.741657
0.13051 9.9991E-05 0.86939
0.179024 0.0845547 0.736421
0.123202 9.9991E-05 0.876698
0.0311097 9.9991E-05 0.96879
0.135312 9.9991E-05 0.864588
0.0367816 9.9991E-05 0.963118
0.0706951 9.9991E-05 0.929205
0.129713 9.9991E-05 0.870187
0.115818 9.9991E-05 0.884082
0.158546 9.9991E-05 0.841354
0.187397 9.9991E-05 0.812503
0.203463 9.9991E-05 0.796437
0.180218 0.65183 0.167953
0.384535 0.570393 0.045072
0.395253 0.548402 0.0563454
0.0262576 0.750433 0.223309
0.282478 0.596943 0.120579
0.0120523 0.707757 0.280191
0.420499 0.537103 0.0423982
0.183736 0.644173 0.172091
0.246004 0.598996 0.155
0.272706 0.689929 0.0373651
0.219104 0.655117 0.125779
0.39031 0.596563 0.0131268
0.264888 0.630402 0.10471
9.9991E-05 0.845998 0.153902
9.9991E-05 0.747094 0.252806
0.0289895 0.728497 0.242514
0.373033 0.534638 0.0923291
0.300178 0.63359 0.0662319
0.359367 0.597651 0.0429826
0.457502 0.5221 0.0203982
0.450558 0.339282 0.21016
0.524487 0.315301 0.160212
0.247759 0.303083 0.449158
0.397555 0.505012 0.0974332
0.357043 0.423091 0.219867
0.161004 0.279461 0.559536
0.417399 0.312673 0.269929
0.340843 0.291273 0.367884
0.353403 0.344302 0.302294
0.452126 0.435502 0.112373
0.459662 0.411506 0.128832
0.462812 0.430977 0.106211
0.42133 0.411765 0.166905
0.300847 0.195583 0.503571
