0.105282 0.894618 9.9991E-05
0.0482043 0.951696 9.9991E-05
0.10098 0.883652 0.0153684
0.150122 0.810976 0.0389025
0.111217 0.888683 9.9991E-05
0.114574 0.712624 0.172801
0.0480552 0.852312 0.0996331
0.0608497 0.775297 0.163853
9.9991E-05 0.935348 0.0645517
0.0678965 0.80286 0.129244
0.0669856 0.79117 0.141844
0.0809211 0.153647 0.765432
0.365064 0.0574089 0.577527
0.145581 0.13211 0.722309
0.237397 0.140216 0.622387
0.333523 0.116952 0.549525
0.412259 0.00166521 0.586076
0.287868 0.0260229 0.686109
0.197099 0.19328 0.609622
9.9991E-05 0.208207 0.791693
0.261284 0.0733106 0.665406
0.280509 0.060883 0.658608
0.355335 0.0191742 0.62549
0.135406 0.158679 0.705916
0.455924 0.0461406 0.497936
0.356772 0.0209854 0.622242
0.069336 0.153082 0.777582
0.171311 0.138594 0.690096
0.061512 0.117935 0.820553
0.156865 0.843035 9.9991E-05
0.163071 0.836829 9.9991E-05
0.20487 0.79503 9.9991E-05
0.245494 0.750112 0.00439413
0.273487 0.0494608 0.677053
0.341607 0.0647496 0.593644
0.325772 9.9991E-05 0.674128
0.0106108 0.193631 0.795758
0.150782 9.9991E-05 0.849118
0.349002 0.0477009 0.603297
0.40297 9.9991E-05 0.59693
0.327987 0.0587912 0.613222
0.379482 0.0301822 0.590336
0.0132529 0.0682893 0.918458
0.425006 0.0174077 0.557586
0.430876 0.005566 0.563558
0.416241 0.0438263 0.539933
0.146124 9.9991E-05 0.853776
0.383982 0.032491 0.583527
0.387489 0.0413284 0.571182
9.9991E-05 0.122844 0.877056
9.9991E-05 0.144515 0.855385
0.0758044 0.137684 0.786512
0.389416 0.0467155 0.563868
0.420952 0.0343886 0.544659
0.428101 0.0595668 0.512332
0.0503468 0.227128 0.722525
0.301024 0.000490657 0.698485
0.377261 0.0306435 0.592095
0.223562 0.121385 0.655053
0.0212815 0.292957 0.685762
0.324547 0.0421376 0.633316
0.322322 0.0700115 0.607666
9.9991E-05 0.206325 0.793575
0.19097 0.0441641 0.764866
0.388235 9.9991E-05 0.611665
0.384143 0.0268956 0.588961
0.140138 0.157979 0.701883
0.313684 0.0578353 0.628481
0.361538 0.00632058 0.632142
0.0404956 0.154964 0.804541
0.245771 9.9991E-05 0.754129
0.0907317 0.0280869 0.881181
0.347096 0.0838399 0.569064
9.9991E-05 0.0149872 0.984913
9.999E-05 9.999E-05 0.9998
0.111312 9.9991E-05 0.888588
0.252065 9.9991E-05 0.747835
0.344825 0.067968 0.587207
0.292855 9.9991E-05 0.707045
0.0250879 0.0838163 0.891096
0.115083 0.010144 0.874773
0.342311 0.02651 0.631179
0.184103 9.9991E-05 0.815797
0.233107 9.9991E-05 0.766793
0.23538 9.9991E-05 0.76452
9.9991E-05 0.0907116 0.909188
0.400683 9.9991E-05 0.599217
0.102923 0.858652 0.038424
0.105112 0.894788 9.9991E-05
0.182105 0.817795 9.9991E-05
0.10507 0.89483 9.9991E-05
0.0790952 0.920805 9.9991E-05
0.149886 0.850014 9.9991E-05
0.100917 0.898983 9.9991E-05
0.356935 0.0525743 0.59049
0.385857 0.0795953 0.534547
9.9991E-05 0.0921671 0.907733
0.393948 0.0338969 0.572155
0.172973 0.018711 0.808316
0.316206 9.9991E-05 0.683694
0.332287 9.9991E-05 0.667613
0.320962 9.9991E-05 0.678938
9.9991E-05 0.108747 0.891153
0.343116 0.0467251 0.610159
0.413272 9.9991E-05 0.586628
0.393299 0.0264271 0.580274
0.141369 0.0147615 0.84387
0.283686 9.9991E-05 0.716214
0.25352 9.9991E-05 0.74638
0.20834 9.9991E-05 0.79156
0.232485 0.0337535 0.733761
0.345895 0.0605963 0.593509
0.164233 0.104723 0.731044
0.190265 0.128113 0.681622
0.348481 0.113924 0.537595
0.404571 0.0270879 0.568341
0.249576 0.0698565 0.680568
0.356631 0.0104814 0.632887
0.231176 0.112167 0.656657
0.343081 0.0503072 0.606612
0.371744 0.0518567 0.576399
0.293628 0.0361206 0.670251
0.272285 0.045272 0.682443
0.447696 0.00943423 0.542869
0.418879 0.0373975 0.543723
0.41095 9.9991E-05 0.58895
0.401163 0.0516119 0.547226
0.38328 9.9991E-05 0.61662
0.211502 0.138177 0.650321
0.424892 0.00503155 0.570076
0.431964 9.9991E-05 0.567936
0.0492097 0.139244 0.811547
0.056297 0.115367 0.828336
0.302525 0.065326 0.632149
9.9991E-05 0.0799109 0.919989
0.123947 0.0931127 0.782941
0.193425 0.00552046 0.801054
0.139146 0.0986517 0.762202
0.140297 0.0549228 0.80478
0.323581 0.0239788 0.65244
0.417609 0.0276084 0.554783
0.370994 0.0175 0.611506
0.0390548 0.122603 0.838343
0.390479 0.116411 0.49311
0.306646 0.0752748 0.618079
9.9991E-05 0.277136 0.722764
0.465343 0.0304887 0.504168
0.186265 0.150968 0.662767
0.362039 0.0948341 0.543126
0.103858 0.177167 0.718975
9.9991E-05 0.206003 0.793897
0.22096 0.0901368 0.688903
0.388995 0.0868411 0.524164
0.276463 0.182867 0.54067
0.0981841 0.179346 0.72247
0.380341 0.0547423 0.564917
0.113306 9.9991E-05 0.886594
0.216613 9.9991E-05 0.783287
0.388553 0.0830883 0.528358
0.348384 0.457389 0.194228
0.10801 0.714628 0.177361
0.0912781 0.737028 0.171694
0.31294 0.478517 0.208544
0.32593 9.9991E-05 0.67397
0.400471 0.0311451 0.568384
0.868022 9.9991E-05 0.131878
0.691761 0.0201055 0.288134
0.642821 0.0788419 0.278337
0.122053 0.0689604 0.808987
0.322728 0.0756644 0.601607
0.093255 0.0577727 0.848972
0.370591 0.0152376 0.614171
0.276942 0.0611139 0.661944
0.35464 9.9991E-05 0.64526
0.0631203 0.10368 0.833199
0.413729 0.00581039 0.580461
0.392505 0.091381 0.516114
0.913774 0.0861265 9.9991E-05
0.941566 0.0583336 9.9991E-05
0.724482 0.114129 0.161389
0.86454 0.00789722 0.127563
0.905586 0.0791253 0.0152888
0.916153 0.0837471 9.9991E-05
0.907732 0.0921683 9.9991E-05
0.969144 0.0166971 0.0141588
0.891527 0.108373 9.9991E-05
0.953206 0.0466942 9.9991E-05
0.933946 0.0659543 9.9991E-05
0.905293 0.0732997 0.0214076
0.864976 0.134924 9.9991E-05
0.939034 0.0608663 9.9991E-05
0.595424 0.0881042 0.316472
0.844106 0.0745747 0.0813195
0.913044 0.0868562 9.9991E-05
0.913603 0.0862966 9.9991E-05
0.956962 0.0429385 9.9991E-05
0.933359 0.0665408 9.9991E-05
0.917277 0.082623 9.9991E-05
0.769494 0.124122 0.106383
0.899352 0.100548 9.9991E-05
0.0222462 0.475161 0.502593
0.322707 0.245706 0.431588
0.359695 0.167012 0.473293
0.182693 0.305161 0.512147
0.38499 0.0985412 0.516469
0.172935 0.342001 0.485065
0.378592 0.164076 0.457332
0.317523 0.260336 0.422141
0.398906 0.181444 0.41965
0.324742 0.211432 0.463826
0.372881 0.15148 0.475639
0.0970932 0.896619 0.00628795
0.0934023 0.906498 9.9991E-05
0.0434265 0.956474 9.9991E-05
0.0321526 0.967747 9.9991E-05
0.0971724 0.902728 9.9991E-05
0.0486609 0.951239 9.9991E-05
0.104496 0.895404 9.9991E-05
0.0619545 0.937946 9.9991E-05
0.0908316 0.909068 9.9991E-05
0.0751052 0.924795 9.9991E-05
9.9991E-05 0.712453 0.287447
9.9991E-05 0.715879 0.284021
9.9991E-05 0.655421 0.344479
9.9991E-05 0.58941 0.41049
0.260232 0.0498219 0.689946
0.287018 0.00823261 0.704749
0.301042 9.9991E-05 0.698858
0.193637 0.0366064 0.769757
0.0216449 0.132715 0.84564
0.40519 9.9991E-05 0.59471
0.337233 9.9991E-05 0.662667
0.286045 9.9991E-05 0.713855
0.197519 9.9991E-05 0.802381
0.375709 0.00113821 0.623153
0.224576 9.9991E-05 0.775324
9.999E-05 9.999E-05 0.9998
0.368138 0.00624 0.625622
0.0710317 9.9991E-05 0.928868
0.323255 9.9991E-05 0.676645
0.0290433 0.0546791 0.916278
9.9991E-05 0.360898 0.639002
9.9991E-05 0.318578 0.681322
9.9991E-05 0.315981 0.683919
9.9991E-05 0.332706 0.667194
9.9991E-05 0.26213 0.73777
9.9991E-05 0.289128 0.710772
0.131478 0.868422 9.9991E-05
0.14676 0.827878 0.0253619
0.182239 0.766883 0.0508787
0.141594 0.858306 9.9991E-05
0.205667 0.770855 0.023478
9.9991E-05 0.568371 0.431529
9.9991E-05 0.596936 0.402964
9.9991E-05 0.574275 0.425625
0.151064 0.831055 0.0178814
9.9991E-05 0.552875 0.447025
0.504114 0.304346 0.19154
0.557598 0.136351 0.306051
0.650843 0.127797 0.22136
0.478335 0.291001 0.230663
0.471366 0.120319 0.408315
0.31975 0.583825 0.0964247
0.212254 0.0329747 0.754771
0.240471 0.0195599 0.739969
0.0877745 0.114093 0.798132
0.285706 9.9991E-05 0.714194
9.9991E-05 0.0888142 0.911086
0.379992 0.044505 0.575503
0.280166 0.025862 0.693973
0.0903155 0.128142 0.781542
0.364695 0.0569308 0.578374
9.9991E-05 0.0683105 0.931589
0.294835 0.0182703 0.686895
0.278392 0.0264453 0.695163
0.390812 0.0772355 0.531952
0.164538 0.0441731 0.791289
0.234751 9.9991E-05 0.765149
0.352819 9.9991E-05 0.647081
0.274243 9.9991E-05 0.725657
0.407787 9.9991E-05 0.592113
0.374596 0.0536035 0.5718
0.335245 0.0548738 0.609881
0.197553 0.802347 9.9991E-05
0.150437 0.849463 9.9991E-05
0.082989 0.916911 9.9991E-05
0.101224 0.898676 9.9991E-05
0.116099 0.883801 9.9991E-05
0.0161625 0.208116 0.775721
0.346737 0.0132352 0.640028
0.462077 0.221673 0.31625
0.404031 9.9991E-05 0.595869
0.288353 0.0265549 0.685092
0.139368 0.0718992 0.788733
9.9991E-05 0.24082 0.75908
0.2604 0.0725311 0.667069
0.106248 0.17272 0.721032
0.253733 0.0482176 0.69805
9.9991E-05 0.235929 0.763971
0.401879 0.0216045 0.576516
0.0132127 0.2048 0.781987
0.199537 0.080775 0.719688
0.335618 0.0874294 0.576952
0.0888607 0.0764137 0.834726
0.313135 0.0337531 0.653112
0.315671 0.0401391 0.64419
0.0637759 0.098459 0.837765
0.348256 0.0958816 0.555862
0.268003 0.0512747 0.680722
9.9991E-05 0.0830689 0.916831
0.0126038 0.116262 0.871134
0.207735 0.0784166 0.713849
9.9991E-05 0.0886073 0.911293
0.207615 0.0235462 0.768839
0.0137558 0.165446 0.820799
0.132574 0.0468891 0.820537
0.274751 0.0797928 0.645456
0.350982 0.0237808 0.625237
0.0951471 0.0673135 0.837539
0.355128 0.0510339 0.593838
0.373981 0.0262077 0.599811
0.368279 0.00521053 0.626511
0.333078 0.0247269 0.642195
0.269235 0.0399782 0.690787
0.102063 0.0959161 0.802021
0.226377 0.0300598 0.743563
0.366175 9.9991E-05 0.633725
0.408439 0.0209404 0.570621
0.255949 0.0939266 0.650125
0.357066 9.9991E-05 0.642834
0.203522 0.0840412 0.712437
0.340373 0.0363163 0.623311
0.340802 0.0239847 0.635213
0.379687 0.05583 0.564483
0.4535 0.28606 0.26044
0.487042 0.0997139 0.413244
0.421259 0.171051 0.40769
0.483857 0.0690316 0.447111
0.489709 0.142087 0.368204
0.275017 9.9991E-05 0.724883
0.435448 0.114481 0.450071
0.1698 0.360499 0.469702
0.488863 0.0890563 0.422081
0.472238 0.126241 0.401521
0.455493 0.0766262 0.467881
0.285601 0.220986 0.493413
0.462039 0.167567 0.370394
0.497572 0.126615 0.375813
0.106301 0.707775 0.185924
0.49222 0.128496 0.379285
0.550049 0.12429 0.325661
0.446166 0.0498359 0.503998
0.582205 0.137013 0.280781
0.448823 0.187878 0.363299
0.273192 0.0374913 0.689316
0.36839 0.00636373 0.625246
9.9991E-05 0.0537548 0.946145
9.9991E-05 0.0917935 0.908107
0.309895 0.0313093 0.658796
0.515 0.164922 0.320078
0.515116 0.161501 0.323383
0.432917 0.255014 0.31207
0.490049 0.173702 0.336248
0.0896935 0.209824 0.700482
0.155509 0.156337 0.688154
0.408683 9.9991E-05 0.591217
0.359531 0.068554 0.571915
0.185556 0.0803669 0.734078
0.392051 0.0222855 0.585664
0.425025 9.9991E-05 0.574875
0.399105 0.0188947 0.582001
0.204084 0.00894199 0.786974
0.214665 0.0316527 0.753682
0.330388 0.00245877 0.667153
0.265957 0.00789823 0.726145
0.354582 0.0708402 0.574578
0.252355 9.9991E-05 0.747545
0.0634936 0.0441375 0.892369
0.381424 9.9991E-05 0.618476
0.0751598 0.05361 0.87123
0.228394 0.00922878 0.762378
0.334087 0.0310927 0.63482
0.331915 0.0239702 0.644115
0.435509 0.156708 0.407783
0.372696 0.175674 0.451629
0.446656 0.256922 0.296422
0.431198 0.24379 0.325012
0.472681 0.127617 0.399701
0.430422 0.142493 0.427085
0.11118 0.322957 0.565863
0.524719 0.0812722 0.394009
0.0804332 0.546281 0.373286
0.49396 0.0344963 0.471544
0.0268741 0.0309424 0.942184
9.9991E-05 0.0436939 0.956206
0.270912 9.9991E-05 0.728988
0.379688 9.9991E-05 0.620212
0.224323 9.9991E-05 0.775577
0.338774 9.9991E-05 0.661126
0.330554 9.9991E-05 0.669346
0.0968394 0.883596 0.0195651
0.137095 0.79042 0.0724847
0.0758824 0.924018 9.9991E-05
0.0726697 0.92723 9.9991E-05
0.385619 9.9991E-05 0.614281
0.339779 9.9991E-05 0.660121
0.279492 9.9991E-05 0.720408
0.330882 9.9991E-05 0.669018
0.352905 0.0521468 0.594948
0.156809 0.0324239 0.810767
0.374213 9.9991E-05 0.625687
0.148176 9.9991E-05 0.851724
0.407869 0.325079 0.267052
0.247106 9.9991E-05 0.752794
0.152918 9.9991E-05 0.846982
0.310107 9.9991E-05 0.689793
0.238083 9.9991E-05 0.761817
0.338234 9.9991E-05 0.661666
0.34263 0.0110745 0.646295
9.999E-05 9.999E-05 0.9998
0.167054 9.9991E-05 0.832846
0.233773 9.9991E-05 0.766127
9.999E-05 9.999E-05 0.9998
0.223145 0.0527458 0.724109
9.9991E-05 0.0294474 0.970453
9.9991E-05 0.0271835 0.972716
0.345202 9.9991E-05 0.654698
0.0618124 0.0599469 0.878241
0.279622 9.9991E-05 0.720278
0.388937 0.0688731 0.54219
0.300174 0.00527984 0.694546
0.185147 0.0335994 0.781253
0.328938 9.9991E-05 0.670962
0.273182 9.9991E-05 0.726718
0.149754 9.9991E-05 0.850146
0.320231 0.0644813 0.615288
9.9991E-05 0.782475 0.217425
9.9991E-05 0.83554 0.16436
9.9991E-05 0.924916 0.074984
9.9991E-05 0.92334 0.0765601
0.0227548 0.811203 0.166042
0.051246 0.0883651 0.860389
0.0270672 0.0704362 0.902497
0.0970187 9.9991E-05 0.902881
0.361249 0.0563663 0.582385
0.369269 0.0594294 0.571302
0.166284 9.9991E-05 0.833616
0.390867 9.9991E-05 0.609033
0.246271 0.0268388 0.72689
0.29403 9.9991E-05 0.70587
0.410578 9.9991E-05 0.589322
0.115513 9.9991E-05 0.884387
0.122406 9.9991E-05 0.877494
0.148747 9.9991E-05 0.851153
0.374906 0.0652256 0.559869
0.218983 9.9991E-05 0.780917
0.20769 0.0159564 0.776354
0.637418 0.121131 0.241451
0.647515 0.135663 0.216822
0.69827 0.0863006 0.215429
0.712631 0.16624 0.121129
0.611143 0.0966823 0.292175
0.308313 0.0423248 0.649362
0.637732 0.362168 9.9991E-05
0.73374 0.17194 0.0943206
0.375324 0.173357 0.451319
0.312718 0.140544 0.546738
0.278649 0.100704 0.620647
0.371593 0.092705 0.535702
0.412199 0.0742003 0.513601
0.701068 0.217957 0.0809754
0.60692 0.147542 0.245538
0.786758 0.0865149 0.126727
0.543389 0.151308 0.305303
0.633941 0.209552 0.156507
0.59533 0.135936 0.268734
0.713548 0.167733 0.118719
0.587275 0.130576 0.282149
0.294463 0.0981857 0.607352
0.579619 0.175062 0.245319
0.706864 0.293036 9.9991E-05
0.598584 0.124697 0.276719
0.113988 0.245908 0.640104
0.411451 0.0291818 0.559367
0.619215 0.169629 0.211156
0.310418 0.128064 0.561518
0.286528 0.155738 0.557734
0.413685 0.227381 0.358934
0.503124 0.224601 0.272275
0.414656 0.079076 0.506268
0.562532 0.167341 0.270128
0.711975 0.1031 0.184926
0.733983 0.265917 9.9991E-05
0.407314 0.0431957 0.549491
0.211832 0.173379 0.614789
0.064901 0.230304 0.704795
0.38009 0.123753 0.496157
0.22377 0.114115 0.662115
0.463661 0.151314 0.385025
0.413793 0.137074 0.449133
0.106816 0.553027 0.340157
0.0453258 0.526979 0.427696
0.238365 0.255097 0.506538
0.190356 0.465026 0.344618
0.202175 0.634015 0.16381
0.344237 0.189927 0.465836
0.381648 0.229713 0.388639
0.239831 0.378353 0.381816
0.157737 0.433702 0.40856
0.40188 0.145211 0.452909
0.21634 0.35252 0.43114
0.0257654 0.60357 0.370665
0.429971 0.10598 0.464049
0.390977 0.236051 0.372971
0.431413 0.282365 0.286222
0.63233 0.10647 0.2612
0.564888 0.116679 0.318434
0.568751 0.117382 0.313867
0.406159 0.364829 0.229012
0.485545 0.202778 0.311677
0.521498 0.199587 0.278915
0.447613 0.288105 0.264282
0.284247 0.210969 0.504784
0.449315 0.16775 0.382935
0.469154 0.106444 0.424402
0.458699 0.0559093 0.485392
0.504183 0.278718 0.217099
0.505893 0.190969 0.303139
0.342472 0.474644 0.182884
0.509874 0.137415 0.352711
0.421867 0.383037 0.195096
0.0382634 0.86512 0.096617
9.9991E-05 0.251646 0.748254
9.9991E-05 0.255949 0.743951
9.9991E-05 0.230225 0.769675
9.9991E-05 0.217094 0.782806
9.9991E-05 0.245221 0.754679
9.9991E-05 0.187864 0.812036
9.9991E-05 0.274857 0.725043
9.9991E-05 0.385693 0.614207
0.0564438 0.903962 0.0395946
0.0856658 0.826139 0.0881947
0.0811007 0.912931 0.00596836
0.072742 0.885904 0.0413542
0.0919343 0.895521 0.012545
0.0885276 0.911372 9.9991E-05
0.210128 0.743536 0.0463359
0.148477 0.851423 9.9991E-05
0.162284 0.745148 0.0925674
0.133606 0.866294 9.9991E-05
0.0293769 0.970523 9.9991E-05
0.124566 0.875334 9.9991E-05
0.027299 0.972601 9.9991E-05
0.0993203 0.90058 9.9991E-05
0.137501 0.862399 9.9991E-05
0.114742 0.885158 9.9991E-05
0.165998 0.833902 9.9991E-05
0.171582 0.828318 9.9991E-05
0.206758 0.793142 9.9991E-05
0.196626 0.147774 0.655599
0.419213 0.0183763 0.562411
0.402553 0.0605936 0.536854
0.0142747 0.225917 0.759808
0.285764 0.123617 0.590619
0.00735706 0.275196 0.717447
0.448137 0.0183123 0.53355
0.183172 0.162102 0.654727
0.270893 0.160082 0.569026
0.295473 0.0110938 0.693433
0.246307 0.124718 0.628975
0.411192 0.0223273 0.56648
0.311674 0.117303 0.571023
9.9991E-05 0.145275 0.854625
9.9991E-05 0.250922 0.748978
0.0577028 0.234157 0.70814
0.355379 0.0730845 0.571537
0.329022 0.0642514 0.606727
0.37144 0.0420372 0.586523
0.439442 0.0591195 0.501439
0.461993 0.204014 0.333993
0.524437 0.126703 0.34886
0.239434 0.462295 0.298271
0.387704 0.147908 0.464387
0.365954 0.216588 0.417457
0.134329 0.593843 0.271828
0.416689 0.308508 0.274803
0.355003 0.366966 0.278031
0.338189 0.303173 0.358638
0.466845 0.111854 0.421301
0.437573 0.165851 0.396575
0.486602 0.102657 0.410741
0.402453 0.166996 0.430551
0.270594 0.512757 0.21665
