9.9991E-05 0.0970549 0.902845
9.999E-05 0.0735232 0.926377
0.0258099 0.0997968 0.874393
0.0530048 0.136578 0.810417
9.9991E-05 0.100381 0.899519
0.181651 0.123342 0.695007
0.101644 0.0481561 0.8502
0.132071 0.0783685 0.78956
0.0730575 9.9991E-05 0.926842
0.142834 0.0789176 0.778248
0.115513 0.108567 0.77592
0.749056 0.0945142 0.156429
0.600238 0.362815 0.0369468
0.712344 0.154714 0.132942
0.649053 0.213745 0.137202
0.547935 0.327359 0.124706
0.551486 0.414559 0.0339549
0.687791 0.270508 0.0417012
0.620424 0.194924 0.184652
0.78652 9.9991E-05 0.21338
0.721475 0.232943 0.0455824
0.655236 0.275951 0.0688126
0.667192 0.312732 0.0200765
0.694165 0.136258 0.169577
0.552969 0.426738 0.0202923
0.634251 0.31446 0.0512882
0.765475 0.0640399 0.170485
0.681897 0.188885 0.129219
0.807689 0.0613328 0.130978
9.9991E-05 0.154007 0.845893
9.9991E-05 0.157332 0.842568
9.9991E-05 0.2068 0.7931
9.9991E-05 0.253828 0.746072
0.684146 0.275684 0.0401694
0.581244 0.373645 0.0451112
0.680968 0.318932 9.9991E-05
0.813077 9.9991E-05 0.186823
0.857114 0.142786 9.9991E-05
0.600765 0.366096 0.0331389
0.588086 0.411814 9.9991E-05
0.595377 0.310735 0.093888
0.591827 0.373446 0.0347262
0.915935 0.00869902 0.0753659
0.580102 0.399775 0.0201228
0.619374 0.380526 9.9991E-05
0.521668 0.393851 0.0844809
0.823241 0.176659 9.9991E-05
0.648473 0.34875 0.00277698
0.632109 0.350652 0.0172391
0.864945 9.9991E-05 0.134955
0.855824 9.9991E-05 0.144076
0.789889 0.083019 0.127092
0.561022 0.397711 0.0412674
0.542317 0.419065 0.0386175
0.552982 0.420409 0.026609
0.727552 0.059472 0.212976
0.691587 0.290656 0.0177577
0.575961 0.399434 0.0246051
0.627212 0.227462 0.145325
0.696207 0.0111604 0.292632
0.570316 0.367784 0.0618993
0.602129 0.311156 0.0867143
0.772651 9.9991E-05 0.227249
0.754625 0.220498 0.0248768
0.606902 0.392998 9.99948E-05
0.582221 0.359049 0.0587301
0.680511 0.152398 0.167091
0.635091 0.342401 0.0225074
0.589059 0.373173 0.0377681
0.788983 0.0512083 0.159808
0.734998 0.264902 9.9991E-05
0.896527 0.0868673 0.0166058
0.60967 0.350369 0.0399618
0.999454 9.9991E-05 0.000445595
0.9998 9.999E-05 9.999E-05
0.896549 0.103351 9.9991E-05
0.743577 0.256323 9.9991E-05
0.536481 0.397323 0.0661953
0.745629 0.254271 9.9991E-05
0.879701 0.0460834 0.0742155
0.875751 0.106457 0.0177918
0.639468 0.348877 0.0116548
0.800825 0.195713 0.00346147
0.75835 0.24155 9.9991E-05
0.75923 0.24067 9.9991E-05
0.907755 9.9991E-05 0.0921449
0.627275 0.372625 9.9991E-05
0.0452374 0.111178 0.843585
9.9991E-05 0.115949 0.883951
9.9991E-05 0.184807 0.815093
9.9991E-05 0.10486 0.89504
9.9991E-05 0.0793164 0.920584
9.9991E-05 0.15607 0.84383
9.9991E-05 0.107162 0.892738
0.571852 0.387506 0.0406416
0.588615 0.380092 0.0312931
0.91385 9.9991E-05 0.0860495
0.60603 0.387473 0.00649666
0.797658 0.19041 0.0119323
0.673363 0.326537 9.9991E-05
0.679261 0.320639 9.9991E-05
0.6858 0.3141 9.9991E-05
0.890599 9.9991E-05 0.109301
0.564032 0.318952 0.117016
0.572574 0.399208 0.028218
0.535565 0.366682 0.0977527
0.854634 0.126011 0.019355
0.713076 0.286824 9.9991E-05
0.739556 0.260344 9.9991E-05
0.794279 0.205621 9.9991E-05
0.754696 0.215372 0.0299319
0.595881 0.358396 0.0457224
0.738441 0.156515 0.105045
0.674782 0.185264 0.139954
0.577644 0.343462 0.0788942
0.540051 0.388323 0.0716259
0.694884 0.235695 0.0694214
0.596901 0.385446 0.0176531
0.667277 0.239145 0.0935777
0.629295 0.32541 0.0452952
0.584093 0.391149 0.0247575
0.650658 0.309214 0.0401276
0.714688 0.273898 0.0114138
0.550117 0.43261 0.0172731
0.540197 0.408596 0.0512066
0.63067 0.36923 9.9991E-05
0.565116 0.396724 0.0381603
0.611429 0.388471 9.9991E-05
0.665056 0.177717 0.157228
0.579141 0.420759 9.9991E-05
0.593682 0.406218 9.9991E-05
0.778297 0.0776571 0.144046
0.836572 0.0431635 0.120264
0.641626 0.330916 0.0274578
0.925004 9.9991E-05 0.0748964
0.799729 0.111253 0.0890182
0.797734 0.187566 0.0147007
0.750032 0.149447 0.100521
0.795709 0.118208 0.086083
0.6464 0.334762 0.018838
0.588022 0.365896 0.0460819
0.621207 0.350552 0.0282416
0.834513 0.051174 0.114313
0.539156 0.35968 0.101164
0.626606 0.294918 0.0784761
0.719418 9.9991E-05 0.280482
0.543465 0.445326 0.0112085
0.658574 0.179805 0.161622
0.557073 0.369522 0.0734057
0.747304 0.0782644 0.174432
0.799245 9.9991E-05 0.200655
0.699392 0.224813 0.075795
0.59645 0.316469 0.0870804
0.560022 0.311252 0.128725
0.742649 0.0797578 0.177593
0.540981 0.364191 0.0948284
0.877486 0.0847881 0.0377263
0.819912 0.179988 9.9991E-05
0.511532 0.416118 0.0723495
0.22262 0.340199 0.437181
0.157484 0.120311 0.722206
0.173372 0.0929296 0.733698
0.232546 0.324675 0.442779
0.683435 0.316465 9.9991E-05
0.602721 0.378027 0.0192519
0.113296 0.883553 0.00315055
0.303399 0.652069 0.0445327
0.324848 0.586639 0.0885126
0.822364 0.111151 0.0664846
0.596169 0.355675 0.0481561
0.876265 0.080174 0.0435606
0.664967 0.314667 0.0203657
0.696246 0.258516 0.0452384
0.655669 0.344231 9.9991E-05
0.832493 0.079847 0.0876601
0.597303 0.391249 0.0114483
0.59168 0.392979 0.0153414
9.9991E-05 0.935195 0.0647049
9.9991E-05 0.92006 0.0798398
0.168165 0.723592 0.108243
0.147851 0.83923 0.0129187
0.0110242 0.906702 0.0822733
9.9991E-05 0.918247 0.0816526
9.9991E-05 0.926409 0.0734915
0.0252551 0.955919 0.0188258
9.9991E-05 0.904306 0.0955938
9.9991E-05 0.947625 0.0522751
9.9991E-05 0.937795 0.0621054
0.0375207 0.886438 0.0760411
9.9991E-05 0.867197 0.132703
9.9991E-05 0.944204 0.0556957
0.302034 0.575749 0.122216
0.10189 0.811335 0.0867754
9.9991E-05 0.907948 0.0919522
9.9991E-05 0.91247 0.0874303
9.9991E-05 0.962502 0.0373984
9.9991E-05 0.931309 0.0685912
9.9991E-05 0.917358 0.0825417
0.111838 0.810613 0.0775488
9.9991E-05 0.905582 0.0943184
0.494075 0.0393482 0.466576
0.447884 0.301066 0.251051
0.50513 0.332847 0.162023
0.489684 0.218174 0.292141
0.47384 0.39921 0.12695
0.47807 0.17849 0.34344
0.459763 0.386233 0.154004
0.469065 0.293953 0.236981
0.449805 0.402441 0.147755
0.444612 0.34791 0.207479
0.461546 0.343043 0.195411
9.9991E-05 0.100535 0.899365
9.9991E-05 0.123562 0.876338
9.9991E-05 0.0511699 0.94873
9.9991E-05 0.0317301 0.96817
9.9991E-05 0.0963308 0.903569
9.9991E-05 0.0696118 0.930288
9.9991E-05 0.0979545 0.901946
0.000838259 0.0580008 0.941161
9.9991E-05 0.0951492 0.904751
9.9991E-05 0.0888346 0.911065
0.301146 9.9991E-05 0.698754
0.265428 9.9991E-05 0.734472
0.360144 9.9991E-05 0.639756
0.410215 9.9991E-05 0.589685
0.72162 0.270901 0.00747913
0.686879 0.30701 0.00611065
0.676039 0.323861 9.9991E-05
0.759173 0.170811 0.0700157
0.842024 0.0309481 0.127028
0.609698 0.390202 9.9991E-05
0.684781 0.315119 9.9991E-05
0.726381 0.273519 9.9991E-05
0.791395 0.208505 9.9991E-05
0.587236 0.412664 9.9991E-05
0.777378 0.222522 9.9991E-05
0.9998 9.999E-05 9.999E-05
0.601428 0.352208 0.0463638
0.934228 0.0656717 9.9991E-05
0.695373 0.304527 9.9991E-05
0.916442 0.0312189 0.0523391
0.645713 9.9991E-05 0.354187
0.69213 9.9991E-05 0.30777
0.6987 9.9991E-05 0.3012
0.653531 9.9991E-05 0.346369
0.754892 9.9991E-05 0.245008
0.711351 9.9991E-05 0.288549
9.9991E-05 0.139828 0.860072
0.0471301 0.144122 0.808748
0.0537683 0.189055 0.757177
9.9991E-05 0.152987 0.846913
0.0291784 0.193578 0.777243
0.432935 9.9991E-05 0.566965
0.402384 9.9991E-05 0.597516
0.405333 9.9991E-05 0.594567
0.024222 0.135399 0.840379
0.452247 9.9991E-05 0.547653
0.203323 0.501242 0.295436
0.372462 0.52748 0.100058
0.243895 0.603805 0.1523
0.230584 0.465844 0.303572
0.412162 0.461154 0.126684
0.106087 0.317685 0.576228
0.782348 0.177285 0.0403668
0.768934 0.222871 0.00819525
0.809972 0.0839012 0.106127
0.716788 0.283112 9.9991E-05
0.891817 9.9991E-05 0.108083
0.584038 0.365482 0.0504795
0.649748 0.326534 0.0237172
0.770814 0.103128 0.126058
0.587998 0.359631 0.0523705
0.906365 0.0164649 0.07717
0.676173 0.322431 0.00139606
0.713131 0.258522 0.028347
0.533188 0.360012 0.1068
0.786082 0.177778 0.0361406
0.72257 0.256437 0.0209924
0.625494 0.374406 9.9991E-05
0.695539 0.304361 9.9991E-05
0.597035 0.402865 9.9991E-05
0.577999 0.386847 0.0351541
0.637669 0.323451 0.0388807
9.9991E-05 0.18566 0.81424
9.9991E-05 0.150949 0.848951
0.0172299 0.101904 0.880866
9.9991E-05 0.105221 0.894679
9.9991E-05 0.122478 0.877422
0.784125 0.0164131 0.199462
0.638257 0.352101 0.00964255
0.312287 0.489125 0.198588
0.578935 0.420965 9.9991E-05
0.665133 0.276843 0.0580236
0.801645 0.13307 0.0652849
0.740187 9.9991E-05 0.259713
0.646446 0.277551 0.0760028
0.733119 0.0837976 0.183084
0.687551 0.262747 0.0497024
0.755463 9.99936E-05 0.244437
0.543123 0.405684 0.0511929
0.76621 0.0154802 0.21831
0.72557 0.178576 0.095854
0.616732 0.346983 0.0362849
0.853189 0.0751146 0.0716969
0.64662 0.298782 0.0545983
0.591044 0.325135 0.0838204
0.847185 0.0640988 0.0887167
0.607678 0.35066 0.041662
0.712508 0.254435 0.0330568
0.907053 9.9991E-05 0.0928474
0.880587 0.0113707 0.108042
0.73304 0.211438 0.0555222
0.88037 9.9991E-05 0.11953
0.763477 0.229341 0.00718169
0.806522 0.0249294 0.168549
0.825577 0.130504 0.0439198
0.640112 0.25763 0.102257
0.603538 0.345306 0.0511563
0.826711 0.0620742 0.111215
0.590285 0.372082 0.0376324
0.622305 0.359267 0.0184275
0.65257 0.34733 9.9991E-05
0.647566 0.337777 0.0146569
0.695761 0.266464 0.0377756
0.780356 0.118146 0.101498
0.722835 0.224461 0.0527047
0.657726 0.342174 9.9991E-05
0.586146 0.401407 0.0124466
0.636446 0.25037 0.113184
0.650083 0.349817 9.9991E-05
0.712417 0.208519 0.0790638
0.626542 0.354229 0.0192289
0.624687 0.298862 0.0764508
0.566545 0.338933 0.0945221
0.289976 0.410181 0.299843
0.413448 0.495138 0.0914131
0.406405 0.449602 0.143993
0.429907 0.485115 0.0849777
0.349597 0.497605 0.152797
0.742211 0.257689 9.9991E-05
0.444629 0.439599 0.115772
0.502932 0.150049 0.34702
0.481507 0.46016 0.0583326
0.424813 0.489536 0.0856502
0.501091 0.430559 0.0683497
0.482307 0.290701 0.226993
0.375886 0.530678 0.0934357
0.387181 0.492728 0.120091
0.196424 0.109646 0.69393
0.400001 0.473417 0.126583
0.330875 0.528976 0.14015
0.507085 0.453947 0.0389674
0.280115 0.587179 0.132705
0.418205 0.426455 0.15534
0.694724 0.286775 0.0185009
0.609086 0.378288 0.0126251
0.971134 9.9991E-05 0.0287661
0.918455 9.9991E-05 0.0814451
0.627863 0.322551 0.0495865
0.27302 0.538763 0.188216
0.308591 0.516983 0.174425
0.327531 0.411653 0.260816
0.356708 0.476669 0.166623
0.706315 0.0995589 0.194126
0.682424 0.14027 0.177306
0.593171 0.406729 9.9991E-05
0.578451 0.356019 0.0655299
0.716255 0.190679 0.0930662
0.57599 0.42391 9.9991E-05
0.568244 0.431656 9.9991E-05
0.589458 0.359048 0.051494
0.819973 0.179927 9.9991E-05
0.788984 0.202439 0.00857705
0.69292 0.30698 9.9991E-05
0.69296 0.269922 0.0371176
0.583339 0.36515 0.0515114
0.759551 0.240349 9.9991E-05
0.893924 0.0734742 0.0326016
0.618954 0.380946 9.9991E-05
0.891197 0.0735648 0.035238
0.74841 0.25149 9.9991E-05
0.626419 0.353167 0.0204142
0.67264 0.32726 9.9991E-05
0.405844 0.46833 0.125826
0.473109 0.393098 0.133793
0.307036 0.45574 0.237224
0.359452 0.436893 0.203655
0.367397 0.49057 0.142033
0.430373 0.419019 0.150607
0.575991 0.122069 0.30194
0.389217 0.557442 0.0533403
0.362128 0.0953219 0.54255
0.490007 0.489381 0.0206112
0.944233 0.0359488 0.0198185
0.943023 9.9991E-05 0.0568768
0.737073 0.262827 9.9991E-05
0.635696 0.364204 9.9991E-05
0.772855 0.227045 9.9991E-05
0.674994 0.324906 9.9991E-05
0.689306 0.310594 9.9991E-05
0.0402642 0.0654486 0.894287
0.0796716 0.138939 0.781389
9.9991E-05 0.0797958 0.920104
9.9991E-05 0.0760851 0.923815
0.678015 0.321885 9.9991E-05
0.670065 0.325655 0.0042796
0.700414 0.299486 9.9991E-05
0.653188 0.346712 9.9991E-05
0.601561 0.369681 0.0287585
0.826378 0.133669 0.0399534
0.6305 0.3694 9.9991E-05
0.857125 0.138373 0.00450208
0.2651 0.447008 0.287891
0.765379 0.234521 9.9991E-05
0.846727 0.153173 9.9991E-05
0.710029 0.289871 9.9991E-05
0.7637 0.2362 9.9991E-05
0.66739 0.33251 9.9991E-05
0.67336 0.314951 0.0116887
0.9998 9.999E-05 9.999E-05
0.840723 0.159177 9.9991E-05
0.783431 0.216469 9.9991E-05
0.9998 9.999E-05 9.999E-05
0.747942 0.231604 0.0204542
0.979507 9.9991E-05 0.0203929
0.967173 9.9991E-05 0.0327275
0.668784 0.331116 9.9991E-05
0.879877 0.0737716 0.0463518
0.746646 0.253254 9.9991E-05
0.613054 0.358327 0.0286189
0.712697 0.287203 9.9991E-05
0.816118 0.15219 0.0316916
0.665261 0.334639 9.9991E-05
0.737112 0.262788 9.9991E-05
0.856131 0.143769 9.9991E-05
0.602488 0.318565 0.0789468
0.222052 9.9991E-05 0.777848
0.142829 0.013004 0.844167
0.0595638 9.9991E-05 0.940336
0.0953867 9.9991E-05 0.904513
0.204175 0.00276571 0.793059
0.866609 0.0392646 0.0941265
0.92005 0.0153034 0.0646471
0.887404 0.112496 9.9991E-05
0.570142 0.376461 0.0533975
0.563264 0.359503 0.0772322
0.827193 0.172707 9.9991E-05
0.588714 0.411186 9.9991E-05
0.707171 0.265407 0.0274215
0.713402 0.286498 9.9991E-05
0.557873 0.442027 9.9991E-05
0.892265 0.0957246 0.0120103
0.874303 0.125597 9.9991E-05
0.81942 0.13945 0.0411301
0.559594 0.375555 0.0648512
0.812648 0.187253 9.9991E-05
0.761427 0.238473 9.9991E-05
0.280714 0.620006 0.0992798
0.179438 0.672337 0.148225
0.194075 0.719794 0.0861315
0.0900648 0.6798 0.230135
0.282792 0.613013 0.104195
0.696628 0.301389 0.0019829
0.00384866 0.637508 0.358643
0.114918 0.702176 0.182906
0.467047 0.361779 0.171173
0.573544 0.314145 0.112311
0.581283 0.288927 0.12979
0.519543 0.375244 0.105214
0.533985 0.382294 0.0837207
0.127338 0.68344 0.189222
0.240285 0.636057 0.123658
0.125467 0.75604 0.118493
0.349175 0.546404 0.104421
0.130988 0.645935 0.223077
0.29184 0.585482 0.122678
0.121395 0.693838 0.184767
0.274911 0.618205 0.106884
0.593421 0.321505 0.0850746
0.268654 0.570194 0.161152
0.0179129 0.698298 0.283789
0.28625 0.607444 0.106306
0.635305 0.104126 0.260569
0.573164 0.398788 0.0280477
0.240036 0.603704 0.15626
0.582286 0.260169 0.157546
0.555764 0.304468 0.139768
0.361355 0.440238 0.198407
0.268999 0.494442 0.236559
0.478675 0.429181 0.0921434
0.312388 0.540094 0.147518
0.188326 0.69598 0.115695
0.0083927 0.741694 0.249913
0.544274 0.418673 0.0370535
0.591879 0.230736 0.177384
0.710915 0.0672489 0.221836
0.513802 0.398528 0.0876699
0.640454 0.235027 0.12452
0.375439 0.469476 0.155084
0.465589 0.38948 0.144931
0.336295 0.0986745 0.565031
0.432804 0.0420979 0.525098
0.507089 0.244593 0.248318
0.353712 0.187979 0.458309
0.158487 0.202156 0.639357
0.457206 0.319032 0.223762
0.383647 0.363718 0.252634
0.385896 0.255974 0.35813
0.439517 0.165682 0.3948
0.42232 0.447191 0.130489
0.421342 0.244331 0.334326
0.373591 0.0349663 0.591443
0.479866 0.42823 0.0919037
0.377665 0.376388 0.245947
0.284222 0.450705 0.265073
0.288036 0.622422 0.0895423
0.318412 0.551655 0.129932
0.324958 0.535064 0.139978
0.229664 0.413037 0.3573
0.337964 0.499394 0.162643
0.279319 0.511464 0.209217
0.304831 0.431452 0.263717
0.5005 0.270566 0.228934
0.397729 0.431063 0.171209
0.372284 0.504314 0.123402
0.459703 0.46665 0.0736474
0.232076 0.491567 0.276357
0.325908 0.509128 0.164963
0.185032 0.345601 0.469367
0.392589 0.455271 0.15214
0.195395 0.435609 0.368997
0.0968131 0.0341759 0.869011
0.754448 9.9991E-05 0.245452
0.733754 9.9991E-05 0.266146
0.765933 9.9991E-05 0.233967
0.781245 9.9991E-05 0.218655
0.744062 9.9991E-05 0.255838
0.779889 9.9991E-05 0.220011
0.742419 9.9991E-05 0.257481
0.603389 9.9991E-05 0.396511
0.0265882 0.0582149 0.915197
0.0864972 0.0825254 0.830977
0.0239849 0.0796506 0.896365
0.0483009 0.0550443 0.896655
0.036155 0.06782 0.896025
9.9991E-05 0.0942187 0.905681
0.0533834 0.198252 0.748365
9.9991E-05 0.134548 0.865352
0.0967189 0.175913 0.727368
9.9991E-05 0.11947 0.88043
9.9991E-05 0.0287337 0.971166
9.9991E-05 0.133777 0.866123
9.9991E-05 0.0445624 0.955338
9.9991E-05 0.0792749 0.920625
9.9991E-05 0.131708 0.868192
9.9991E-05 0.111097 0.888803
9.9991E-05 0.167797 0.832103
9.9991E-05 0.178709 0.821191
9.9991E-05 0.221664 0.778236
0.64516 0.19822 0.15662
0.591645 0.403445 0.00490955
0.526988 0.422604 0.0504076
0.728477 0.0340841 0.237439
0.619951 0.260021 0.120028
0.719018 0.0177366 0.263245
0.522551 0.450502 0.0269472
0.642062 0.219199 0.138739
0.601287 0.254658 0.144055
0.689796 0.297514 0.0126901
0.629702 0.248725 0.121573
0.577897 0.393283 0.0288203
0.633337 0.281127 0.0855355
0.868307 9.9991E-05 0.131593
0.736498 9.9991E-05 0.263402
0.731025 0.0315878 0.237387
0.532984 0.386219 0.0807969
0.63551 0.32527 0.0392201
0.595861 0.367348 0.0367909
0.562114 0.388588 0.0492972
0.338571 0.453544 0.207885
0.333475 0.484208 0.182316
0.327173 0.236744 0.436083
0.517909 0.401859 0.0802323
0.436383 0.349447 0.21417
0.273126 0.155247 0.571627
0.264758 0.431587 0.303655
0.261053 0.360243 0.378704
0.355569 0.34167 0.302761
0.42981 0.445169 0.125022
0.40025 0.455088 0.144662
0.412026 0.473558 0.114416
0.433071 0.394704 0.172224
0.22888 0.276128 0.494992
