0.0371761 9.9973E-05 9.9973E-05 0.877474 0.0850502 9.9973E-05
9.9964E-05 0.0521836 9.9964E-05 0.947416 9.9964E-05 9.9964E-05
0.0662534 9.9991E-05 0.0104177 0.804133 0.0308388 0.0882576
0.0981932 9.9982E-05 9.9982E-05 0.802829 0.0833779 0.0154
9.9982E-05 0.0357713 9.9982E-05 0.887104 0.0736113 0.00331295
0.0163476 0.131956 0.126787 0.606796 0.103782 0.0143317
0.0724307 0.107136 0.00519723 0.815037 9.9982E-05 9.9982E-05
0.127609 0.101353 9.9991E-05 0.738773 0.0150978 0.017067
0.0691934 0.0894752 0.0271769 0.813955 9.9982E-05 9.9982E-05
9.9982E-05 0.166006 9.9982E-05 0.667143 0.107149 0.0595019
0.121904 0.101115 0.00118228 0.727585 9.9991E-05 0.0481131
0.409449 9.9982E-05 0.297828 9.9982E-05 0.112107 0.180416
0.30094 0.00244575 0.0536365 0.0368229 0.120078 0.486077
0.39264 0.0450037 0.109496 0.109771 0.0435491 0.299541
0.336804 0.0650515 0.110585 9.9991E-05 0.225513 0.261946
0.149237 0.0838221 0.108879 0.15018 0.106793 0.401089
0.152872 0.0581692 0.0567077 0.0859963 0.0708907 0.575364
0.210398 0.165342 0.109228 9.9991E-05 0.10952 0.405413
0.356458 9.9991E-05 0.147302 0.0932324 0.112236 0.290672
0.684711 0.117495 0.0783894 0.0125663 0.106739 9.9991E-05
0.23473 0.0534373 0.235279 9.9991E-05 0.117645 0.358808
0.15322 0.14931 0.165277 9.9991E-05 0.108567 0.423526
0.152361 0.0408501 0.20491 0.0717992 9.9991E-05 0.52998
0.305428 0.0862495 0.220027 9.9991E-05 0.112049 0.276146
0.164443 0.0296505 0.0580922 0.0788284 0.0814079 0.587578
0.294243 0.0416385 9.9991E-05 0.00664547 0.137946 0.519427
0.517925 9.9991E-05 0.21752 0.0294637 0.161567 0.0734243
0.376447 0.0193534 0.178155 0.0404889 0.203297 0.182259
0.534579 0.0830851 0.130211 9.9991E-05 0.0957316 0.156294
9.9973E-05 9.9973E-05 9.9973E-05 0.845959 0.0507507 0.10299
9.9964E-05 9.9964E-05 9.9964E-05 0.81974 9.9964E-05 0.179861
0.0274516 9.9991E-05 0.00501337 0.791053 0.0354693 0.140913
9.9982E-05 9.9982E-05 0.0812182 0.726289 0.0956844 0.0966088
0.103208 0.102541 0.236139 0.0478934 9.9991E-05 0.510118
0.0427926 9.9991E-05 0.318245 0.0919262 0.0593343 0.487602
9.9982E-05 0.0647177 0.36048 9.9982E-05 0.0161588 0.558444
0.578809 0.0250129 0.118859 0.0959034 9.9991E-05 0.181316
0.0113775 0.0734659 0.653165 9.9991E-05 0.0481213 0.21377
0.127869 9.9991E-05 0.32719 0.0505946 0.0479716 0.446275
9.9982E-05 9.9982E-05 0.311653 0.0143182 0.0401335 0.633695
0.0783659 0.097594 0.133942 0.116117 0.0332993 0.540682
0.129709 0.0883571 0.0621405 0.127352 9.9991E-05 0.592342
0.133171 0.045721 0.753139 0.0157943 9.9991E-05 0.0520752
0.0885939 0.138535 0.106266 0.0104917 0.0860784 0.570035
0.0369001 0.103757 0.22746 0.0133731 0.0721548 0.546355
0.0492175 0.0295574 0.156978 0.112304 0.0536747 0.598268
9.9973E-05 0.0891294 0.680947 9.9973E-05 9.9973E-05 0.229623
9.9982E-05 0.0598868 0.298686 0.0528808 9.9982E-05 0.588346
0.0354669 0.012184 0.362819 0.072057 0.176243 0.34123
9.9973E-05 0.302407 0.637946 0.0593467 9.9973E-05 9.9973E-05
0.497567 0.128245 0.21467 9.9991E-05 0.0119708 0.147448
0.232886 0.410239 0.272075 9.9991E-05 0.0358831 0.0488171
0.104721 0.0724902 0.132865 0.0645577 0.0605138 0.564852
0.0682205 0.171306 0.0313417 0.037007 0.0812048 0.61092
0.0966074 0.129505 0.0273383 0.0746475 0.135462 0.53644
0.34684 0.145077 0.257972 0.0814584 9.9991E-05 0.168552
0.227752 0.0657223 0.0761059 0.0463282 9.9991E-05 0.583992
0.135264 0.115513 0.0768369 0.0154323 0.135517 0.521437
0.207741 0.0549099 0.281995 0.166881 9.9991E-05 0.288374
0.326828 0.166502 0.208638 0.175214 0.0881865 0.0346307
0.126989 0.00595861 0.225549 0.0687572 9.9991E-05 0.572646
0.329896 0.183237 0.0777495 9.9991E-05 0.133775 0.275242
0.580386 0.125718 0.242149 0.0458289 9.9991E-05 0.00581779
0.268427 0.0429734 0.146445 9.9991E-05 0.070564 0.471491
0.0948408 0.150369 9.9982E-05 9.9982E-05 0.0616058 0.692984
0.146754 9.9991E-05 0.153032 0.139936 0.047046 0.513132
0.290053 0.176219 0.158307 9.9991E-05 0.115196 0.260125
0.158347 0.186481 0.0881762 0.038845 0.0272946 0.500857
0.231339 0.0509908 9.9982E-05 9.9982E-05 0.0868704 0.6306
0.439273 0.145931 0.140156 0.01699 9.9991E-05 0.25755
0.0625792 9.9973E-05 0.44468 9.9973E-05 9.9973E-05 0.492441
0.071556 9.9982E-05 0.786088 0.0393136 9.9982E-05 0.102843
0.128113 0.0692363 0.210947 0.0573967 0.0808279 0.45348
9.9964E-05 0.129207 0.870393 9.9964E-05 9.9964E-05 9.9964E-05
9.9964E-05 0.180472 0.819128 9.9964E-05 9.9964E-05 9.9964E-05
9.9973E-05 9.9973E-05 0.776034 9.9973E-05 0.0143438 0.209322
0.12693 9.9982E-05 0.461231 9.9982E-05 0.0154398 0.396199
0.00471286 0.146954 0.114566 0.129163 0.0212234 0.583381
0.0529434 9.9991E-05 0.476546 0.031855 0.0584967 0.380058
0.204173 9.9982E-05 0.64159 0.0299593 9.9982E-05 0.124078
0.204727 9.9982E-05 0.560635 0.0398856 9.9982E-05 0.194553
0.0822681 0.0119088 0.203333 0.0981507 0.089132 0.515207
0.0430653 9.9991E-05 0.709318 0.0290014 0.0915382 0.126977
0.0193062 9.9982E-05 0.535108 0.08977 9.9982E-05 0.355616
9.9982E-05 0.0443758 0.525497 0.00418053 9.9982E-05 0.425746
9.9982E-05 0.363265 0.632694 0.00198266 0.00185846 9.9982E-05
0.0511665 0.00917956 0.234946 0.0307578 0.0617072 0.612243
0.0718393 9.9991E-05 0.0208079 0.817692 0.0215732 0.0679876
9.9964E-05 9.9964E-05 9.9964E-05 0.9137 9.9964E-05 0.0858997
9.9973E-05 9.9973E-05 9.9973E-05 0.874686 0.057124 0.0678901
9.9991E-05 0.00632842 0.00389751 0.918203 0.0265798 0.0448918
9.9973E-05 0.0281053 9.9973E-05 0.89069 9.9973E-05 0.0809052
9.9973E-05 0.024904 9.9973E-05 0.908649 9.9973E-05 0.0661473
9.9964E-05 9.9964E-05 9.9964E-05 0.906229 9.9964E-05 0.0933714
9.9991E-05 0.0464248 0.381177 0.01904 0.093136 0.460122
0.148985 0.0523857 0.096225 0.0317633 0.115185 0.555456
0.0554128 0.0292667 0.903884 0.0112367 9.9982E-05 9.9982E-05
0.0207651 0.0548223 0.239298 0.147297 0.0735769 0.46424
0.126349 9.9982E-05 0.432543 9.9982E-05 0.00490804 0.436001
0.0876849 9.9982E-05 0.284408 0.0803076 9.9982E-05 0.547399
9.9982E-05 0.0330069 0.286189 0.0752119 9.9982E-05 0.605392
9.9991E-05 0.00981513 0.444965 0.00746708 0.109449 0.428204
0.195901 0.0795293 0.685537 0.0388327 9.9982E-05 9.9982E-05
0.1072 0.0870553 0.124289 0.0840366 0.143343 0.454076
0.0713745 9.9991E-05 0.165453 0.0699517 0.065756 0.627364
0.0757092 9.9991E-05 0.162466 0.0996963 0.0421723 0.619856
9.9973E-05 0.175399 0.478999 9.9973E-05 9.9973E-05 0.345301
9.9982E-05 0.0692212 0.365003 0.0486533 9.9982E-05 0.516923
0.110493 9.9991E-05 0.39765 0.0678485 0.0214961 0.402412
9.9973E-05 9.9973E-05 0.586235 9.9973E-05 0.100061 0.313404
0.0903618 9.9982E-05 0.460135 0.0679238 9.9982E-05 0.381379
0.190779 9.9991E-05 0.190294 0.118497 0.0525188 0.447811
0.342227 0.21818 0.0959083 9.9991E-05 0.083285 0.260299
0.266562 0.0684057 0.0268247 0.146217 0.0908601 0.40113
0.16593 0.0399605 0.109113 0.0651248 0.127817 0.492055
0.062345 0.115387 0.0475629 0.0528172 0.0647389 0.657149
0.334266 0.0273841 0.0654313 9.9991E-05 0.000752972 0.572065
0.271701 9.9982E-05 0.137175 9.9982E-05 0.0821395 0.508785
0.38814 9.9982E-05 0.0642162 0.0312907 9.9982E-05 0.516154
0.206379 0.0709959 0.0436918 0.105505 9.9991E-05 0.573329
0.246004 0.0708797 9.9991E-05 0.00882863 0.145087 0.529101
0.1737 0.000513398 0.122102 0.0401184 0.048117 0.615449
0.273328 0.0471266 0.0704038 9.9982E-05 9.9982E-05 0.608942
0.119489 0.0679955 0.0895719 9.9991E-05 0.103817 0.619027
0.149798 0.0260044 0.0378646 0.132403 0.0569316 0.596999
0.2938 9.9982E-05 0.0787543 9.9982E-05 0.0967825 0.530463
0.148618 0.161554 0.0320561 0.00272859 0.137922 0.517121
0.304119 0.0414074 9.9982E-05 9.9982E-05 0.159777 0.494497
0.283171 0.19261 9.9991E-05 0.0791436 0.0405435 0.404431
0.252264 0.0409213 0.0631898 9.9991E-05 0.0383811 0.605144
0.122069 0.180004 9.9982E-05 0.0345918 9.9982E-05 0.663135
0.406072 0.0232902 0.28302 9.9991E-05 0.139884 0.147634
0.31344 0.395232 9.9991E-05 0.0194446 0.0208708 0.250913
0.204999 0.0432612 0.0472201 0.0642327 0.0180574 0.62223
0.248536 0.36223 0.216173 9.9991E-05 0.0625663 0.110395
0.423717 0.0761067 0.179076 0.0164498 9.9991E-05 0.304551
0.33836 0.00542684 0.156783 9.9982E-05 9.9982E-05 0.499231
0.429869 9.9982E-05 0.242399 0.0336644 9.9982E-05 0.293868
0.488657 0.0498431 0.157193 9.9991E-05 0.0119559 0.292251
0.0952675 9.9991E-05 0.174212 0.0960974 0.0115833 0.62274
0.152525 0.041295 0.119603 0.0623552 0.139945 0.484276
0.0651516 0.108658 0.305643 0.0372232 0.0722102 0.411114
0.365157 0.266212 0.184181 9.9991E-05 0.137946 0.0464037
0.109915 0.0955114 0.15286 0.0807148 9.9991E-05 0.560898
0.0081185 0.242549 0.149195 0.0122005 0.016263 0.571674
0.121756 0.610491 0.122449 0.100418 9.9991E-05 0.0447863
0.0508224 0.110236 0.0405478 0.0903957 0.0730795 0.634919
0.0641833 0.260486 0.151098 0.124279 0.028455 0.371499
0.0548139 0.148367 0.172162 0.0911976 0.10716 0.426299
0.176915 0.376936 0.0907143 0.0235952 0.0361069 0.295733
0.143981 0.436131 0.0869578 0.0477686 9.9991E-05 0.285062
0.0584643 0.346508 0.0453857 0.0122039 9.9991E-05 0.537338
0.10554 0.204331 9.9991E-05 0.128012 0.041557 0.52046
0.0832546 0.0971395 0.19311 0.168309 0.0472553 0.410931
0.125938 0.419592 0.224935 0.0342166 0.195218 9.9991E-05
0.14755 0.209662 0.0141742 0.0293906 0.131588 0.467635
0.0362303 0.294388 0.230656 9.9982E-05 9.9982E-05 0.438526
0.0902926 0.236866 0.16243 9.9982E-05 9.9982E-05 0.510211
0.0686819 0.0441853 0.0803172 0.11613 0.0613683 0.629317
0.020185 0.238944 9.9991E-05 0.294016 0.337446 0.109308
9.9973E-05 0.358447 9.9973E-05 0.512103 0.129151 9.9973E-05
9.9973E-05 0.456173 9.9973E-05 0.415528 0.128 9.9973E-05
9.9982E-05 0.227835 9.9982E-05 0.366998 0.327997 0.0769708
9.9973E-05 0.251946 0.0305707 9.9973E-05 9.9973E-05 0.717183
9.9991E-05 0.158982 0.119287 0.0649158 0.0745925 0.582123
0.00316701 9.9973E-05 9.9973E-05 9.9973E-05 0.676182 0.320351
0.101707 9.9982E-05 0.14515 9.9982E-05 0.462083 0.29086
0.12463 9.9991E-05 0.103328 0.0510024 0.464369 0.256572
9.9973E-05 0.461122 0.123546 9.9973E-05 9.9973E-05 0.415032
0.093489 0.209744 0.090827 0.0591698 0.045933 0.500838
0.0138265 0.634826 0.0475284 9.9982E-05 9.9982E-05 0.303619
0.0474961 0.220596 0.0834104 9.9982E-05 9.9982E-05 0.648297
0.0693357 0.317372 0.0753254 0.00686631 0.0432613 0.487839
0.0384797 0.287494 0.0597445 9.9991E-05 0.0165713 0.59761
0.0811661 0.59368 0.0923213 9.9982E-05 9.9982E-05 0.232633
0.0197131 0.0995341 0.0821431 0.0732949 0.0977706 0.627544
0.0407011 0.210629 0.0408894 0.0746431 0.002827 0.63031
9.9973E-05 0.000523922 0.0408849 9.9973E-05 0.958291 9.9973E-05
9.9964E-05 9.9964E-05 9.9964E-05 9.9964E-05 0.873907 0.125693
0.0733698 9.9991E-05 0.0837447 0.067344 0.50139 0.274052
0.00672397 9.9982E-05 9.9982E-05 0.00968851 0.680243 0.303145
9.9982E-05 9.9982E-05 0.112692 0.0121156 0.836012 0.0389805
9.996E-05 9.996E-05 9.996E-05 9.996E-05 0.9995 9.996E-05
0.0252623 9.9964E-05 9.9964E-05 9.9964E-05 0.974338 9.9964E-05
9.9964E-05 9.9964E-05 9.9964E-05 9.9964E-05 0.889701 0.109899
0.0174475 9.9964E-05 9.9964E-05 9.9964E-05 0.982153 9.9964E-05
9.996E-05 9.996E-05 9.996E-05 9.996E-05 0.9995 9.996E-05
9.996E-05 9.996E-05 9.996E-05 9.996E-05 0.9995 9.996E-05
0.0440964 9.9991E-05 0.00499912 0.00894958 0.739782 0.202073
0.1061 9.9982E-05 9.9982E-05 0.017816 0.747913 0.127971
9.9973E-05 9.9973E-05 0.0084655 9.9973E-05 0.981971 0.00926321
0.115398 9.9991E-05 0.073821 0.0721709 0.393516 0.344993
0.0592282 9.9991E-05 0.0477641 0.057999 0.623298 0.211611
0.0558759 9.9991E-05 0.0155896 0.0271287 0.742685 0.158621
0.0114998 9.9991E-05 0.00196012 0.0252684 0.876846 0.0843259
9.9964E-05 9.9964E-05 9.9964E-05 9.9964E-05 0.991098 0.00850231
9.9982E-05 0.01004 0.00700643 0.0725623 0.910191 9.9982E-05
9.9964E-05 9.9964E-05 9.9964E-05 0.00178459 0.997816 9.9964E-05
0.0891973 0.0094338 9.9991E-05 0.0311255 0.647852 0.222292
0.0456097 0.00438524 0.0294579 9.9991E-05 0.841505 0.0789422
9.9973E-05 0.643696 9.9973E-05 0.306145 0.0498593 9.9973E-05
0.154876 0.184201 0.0485414 0.112589 0.142176 0.357617
0.0289293 0.231273 0.0373132 0.254051 0.0161292 0.432305
0.0654333 0.481494 9.9991E-05 0.162469 0.147942 0.142562
0.0853108 0.162493 0.0906188 0.0466883 0.159603 0.455286
9.9982E-05 0.43191 9.9982E-05 0.239181 0.0720141 0.256694
0.025755 0.099507 0.0694206 0.268954 0.0301372 0.506226
9.9991E-05 0.301829 0.0113498 0.145616 0.162236 0.37887
9.9982E-05 0.189857 9.9982E-05 0.151691 0.156059 0.502192
9.9982E-05 0.316773 9.9982E-05 0.159153 0.203524 0.32035
9.9991E-05 0.173544 0.0801129 0.161775 0.0954897 0.488979
9.9973E-05 0.0979448 9.9973E-05 0.822905 9.9973E-05 0.0788503
0.00197432 9.9973E-05 9.9973E-05 0.89585 0.101875 9.9973E-05
9.9964E-05 9.9964E-05 0.0414879 0.958112 9.9964E-05 9.9964E-05
0.0339922 9.9973E-05 9.9973E-05 0.953374 9.9973E-05 0.0123343
0.0550578 0.0160783 9.9982E-05 0.888442 9.9982E-05 0.0402224
9.9973E-05 0.0384997 9.9973E-05 0.882612 0.0785883 9.9973E-05
9.9982E-05 9.9982E-05 0.0155584 0.877447 0.0940509 0.0127433
9.9973E-05 0.0869264 9.9973E-05 0.904381 0.00839253 9.9973E-05
9.9982E-05 9.9982E-05 0.0382575 0.896715 0.0103044 0.0545229
0.00372224 0.061721 9.9991E-05 0.83814 0.0873367 0.00898001
0.191523 0.0234996 0.194255 0.590523 9.9982E-05 9.9982E-05
0.257916 9.9973E-05 0.114897 0.626887 9.9973E-05 9.9973E-05
0.245081 0.151108 0.0808864 0.522724 9.9982E-05 9.9982E-05
0.305493 0.0755388 0.133296 0.485472 9.9982E-05 9.9982E-05
0.139365 9.9982E-05 0.271428 0.109059 9.9982E-05 0.479948
0.142069 9.9991E-05 0.32027 0.0346494 0.0620132 0.440898
0.167258 9.9991E-05 0.258274 0.0324354 0.00339789 0.538534
0.277666 0.0559964 0.2321 0.0423991 9.9991E-05 0.391739
0.55796 9.9982E-05 0.270572 9.9982E-05 0.0135654 0.157702
0.0520713 9.9991E-05 0.245632 0.0899011 0.0159072 0.596388
0.0744013 0.0452079 0.295091 9.9991E-05 0.00167783 0.583521
0.0847645 0.0597326 0.276223 9.9991E-05 0.0043656 0.574814
9.9982E-05 0.0573536 0.576676 9.9982E-05 0.0579333 0.307837
0.0878842 9.9982E-05 0.216552 0.0956705 9.9982E-05 0.599694
0.134402 9.9982E-05 0.489769 0.0109174 9.9982E-05 0.364711
0.0752347 0.268873 0.655593 9.9973E-05 9.9973E-05 9.9973E-05
0.185203 0.159281 0.0782488 0.00371446 0.0014503 0.572103
0.0252075 0.261053 0.479369 9.9991E-05 0.0242981 0.209972
9.9991E-05 0.00925484 0.477738 0.0254612 0.00924231 0.478203
0.25144 9.9982E-05 0.706402 0.041009 9.9982E-05 0.000949138
0.73817 0.121523 9.9973E-05 0.140007 9.9973E-05 9.9973E-05
0.67148 0.192784 9.9982E-05 0.0928532 9.9982E-05 0.0426832
0.847553 0.111323 9.9982E-05 0.0273796 9.9982E-05 0.0135445
0.757599 0.0555363 0.0425554 0.144109 9.9982E-05 9.9982E-05
0.802998 0.0866431 9.9982E-05 9.9982E-05 0.0724585 0.0377004
0.78523 0.0234177 9.9991E-05 0.0759085 0.0507833 0.0645602
9.9982E-05 9.9982E-05 0.0304812 0.855367 0.0697841 0.0441681
0.102963 9.9973E-05 9.9973E-05 0.799996 9.9973E-05 0.0967403
0.0205826 9.9982E-05 9.9982E-05 0.755544 0.0745423 0.149132
0.109434 9.9982E-05 9.9982E-05 0.767803 0.108251 0.0143124
0.0499245 9.9982E-05 9.9982E-05 0.760492 0.0952237 0.0941601
0.527018 0.120199 9.9973E-05 0.352482 9.9973E-05 9.9973E-05
0.377239 0.0719948 0.0615131 0.489053 9.9982E-05 9.9982E-05
0.461226 0.0170101 0.0669509 0.454613 9.9982E-05 9.9982E-05
9.9973E-05 9.9973E-05 9.9973E-05 0.837399 0.00291882 0.159382
0.453941 0.134205 0.0508052 0.360849 9.9982E-05 9.9982E-05
9.9982E-05 0.120695 9.9982E-05 0.193115 0.381656 0.304335
0.0483072 9.9991E-05 0.013374 0.116813 0.209951 0.611455
9.9973E-05 9.9973E-05 9.9973E-05 0.155097 0.272236 0.572367
0.00662412 0.0484945 0.0466155 0.283856 0.131347 0.483064
0.00454022 0.0822934 0.128618 0.139006 0.138232 0.507311
9.9973E-05 0.234963 9.9973E-05 0.465279 0.299459 9.9973E-05
0.336266 0.0808405 0.145337 9.9982E-05 9.9982E-05 0.437356
0.154953 0.33154 0.0427942 0.0206104 9.9991E-05 0.450002
0.529064 9.9982E-05 0.100662 0.0744564 9.9982E-05 0.295618
0.156331 0.212698 0.147137 9.9982E-05 9.9982E-05 0.483633
0.182957 0.621717 0.195026 9.9973E-05 9.9973E-05 9.9973E-05
0.131894 0.085383 0.0749355 0.144443 9.9991E-05 0.563244
0.249358 0.11282 0.0555517 0.044813 0.0263351 0.511122
0.409681 0.0359107 0.185805 0.0192403 9.9991E-05 0.349263
0.284663 9.9991E-05 0.0930701 0.028204 0.0786053 0.515358
0.278681 0.462019 0.115213 9.9982E-05 9.9982E-05 0.143887
0.252297 0.222277 0.0175368 9.9991E-05 0.0376166 0.470173
0.324323 0.0141875 0.112078 9.9991E-05 0.0322312 0.517081
0.0996646 0.071129 0.127608 0.115669 0.227532 0.358398
0.273951 0.196751 0.0830338 9.9982E-05 9.9982E-05 0.446064
0.215193 0.159536 0.0843512 0.0096479 0.0283108 0.502961
0.109167 0.11907 0.0924282 0.0319085 0.0425153 0.604911
0.193545 0.140053 0.175127 0.0090588 9.9991E-05 0.482116
0.114634 9.9991E-05 0.15992 0.0294948 0.039488 0.656364
0.0499234 9.99884E-05 0.21173 0.191276 9.99884E-05 0.54687
0.257297 0.0598377 0.0899355 0.0205452 0.0865597 0.485825
9.9973E-05 9.9973E-05 9.9973E-05 0.784354 0.138693 0.0766532
9.9991E-05 0.00555152 0.0340697 0.818692 0.0648708 0.0767165
0.0399397 0.0525375 0.0455884 0.78287 0.00302489 0.0760393
9.9982E-05 0.0691807 0.0899655 0.785647 0.055007 9.9982E-05
9.9973E-05 9.9973E-05 9.9973E-05 0.848042 0.0273945 0.124264
0.585395 0.0376772 0.162533 9.9991E-05 0.068755 0.14554
0.0726639 0.247171 0.121288 0.00884528 0.132258 0.417774
0.0971843 0.129379 0.0335714 0.123403 0.231278 0.385184
0.100091 0.159244 0.0168977 9.9991E-05 0.108694 0.614974
0.199059 0.0135958 0.18399 0.00729292 0.0685275 0.527534
0.34955 0.244095 0.0134668 0.0245799 0.0226275 0.345681
0.621221 0.181559 0.0749441 0.122076 9.9982E-05 9.9982E-05
0.30409 0.0333582 0.0131341 0.00562052 0.0365284 0.607269
0.488164 0.181767 0.00499593 0.0598248 0.0293426 0.235905
0.208758 0.192027 0.095639 0.000505461 0.0798293 0.423241
0.591207 0.038826 0.160871 0.095743 0.0742359 0.0391174
0.133407 9.9991E-05 0.11056 0.107581 0.0308007 0.617551
0.53887 0.090065 0.119967 0.0413313 0.0113768 0.19839
0.23262 0.192692 0.114829 0.0778239 0.024653 0.357383
0.138628 0.206653 0.120927 0.0252971 0.00739993 0.501094
0.106632 0.480711 9.9973E-05 9.9973E-05 9.9973E-05 0.412357
0.103688 0.182856 0.0406737 0.0154549 9.9991E-05 0.657228
0.0270092 0.119433 0.153978 0.0994465 0.017629 0.582504
0.0771231 0.448487 0.0568051 9.9982E-05 9.9982E-05 0.417384
0.0907326 0.103629 0.124934 0.0673355 0.0834187 0.52995
9.9982E-05 0.310727 0.0690651 0.0346621 9.9982E-05 0.585346
0.0937293 0.679288 0.0330317 9.9982E-05 9.9982E-05 0.193751
9.9973E-05 0.670113 0.00575183 9.9973E-05 9.9973E-05 0.323835
0.0866973 0.33553 9.9973E-05 9.9973E-05 9.9973E-05 0.577473
0.0940155 0.537663 0.127576 9.9982E-05 9.9982E-05 0.240546
0.162617 0.227435 0.0418443 9.9982E-05 9.9982E-05 0.567903
0.622291 0.0346734 0.212932 0.0212364 0.0737021 0.0351647
0.317358 0.328534 0.0820433 9.9991E-05 0.010831 0.261134
0.367556 9.9991E-05 0.220048 0.00155027 0.134927 0.275819
0.170781 0.0257746 0.00484377 0.0237775 0.0996495 0.675174
0.47783 9.9973E-05 0.239026 9.9973E-05 9.9973E-05 0.282844
0.178548 0.169916 0.0445171 0.048123 0.126297 0.432599
0.293184 0.0153138 0.116183 9.9991E-05 0.109085 0.466135
0.386587 0.00621712 0.0193352 0.0207692 0.0781849 0.488906
0.237506 0.0413265 0.0880504 0.0173401 0.164034 0.451742
0.229596 0.0251914 0.225895 0.0130183 0.0799284 0.426371
0.506964 0.0218204 0.219183 9.9991E-05 0.0864217 0.165511
0.508721 9.9982E-05 0.0629092 9.9982E-05 0.0811038 0.347066
0.261749 0.0322054 0.0408645 9.9991E-05 0.0551991 0.609882
0.217141 0.075378 0.0625012 9.9991E-05 0.041702 0.603178
0.279222 0.192318 0.0830782 0.0042283 0.0216581 0.419495
0.238616 0.056462 0.0499983 9.9991E-05 0.127219 0.527605
0.427724 0.111427 0.0303931 0.0436262 0.0912009 0.295629
0.164402 9.9991E-05 0.182086 0.0116517 0.0534491 0.588311
0.345174 0.0350977 0.0346794 0.0244919 0.0990968 0.46146
0.176765 0.0953007 0.177137 0.00808967 0.171438 0.371268
9.9991E-05 0.0273065 0.06919 0.384941 0.131723 0.38674
9.9991E-05 0.118796 0.104388 0.0433429 0.256274 0.477099
0.156249 0.0839904 0.0615869 0.0968201 0.145027 0.456327
0.0365908 0.119693 0.0339657 0.11262 0.0918269 0.605303
9.9991E-05 0.0371524 0.125234 0.218763 0.243864 0.374886
0.167179 0.203277 0.094152 9.9982E-05 9.9982E-05 0.535192
0.0279012 9.9991E-05 0.12701 0.220969 0.108959 0.515061
9.9991E-05 0.447179 0.124943 0.226974 0.150945 0.049859
0.13491 0.0739075 9.9991E-05 0.0818906 0.203435 0.505757
0.118211 0.0219151 0.074483 0.123259 0.161018 0.501114
0.0662532 0.13209 9.9991E-05 0.0964329 0.214735 0.490389
0.084435 0.139723 0.0971727 0.183444 0.142919 0.352306
0.025383 0.0786071 0.0270271 0.153285 0.160728 0.55497
9.9982E-05 0.0958545 9.9982E-05 0.141227 0.158031 0.604687
9.9973E-05 0.33661 9.9973E-05 0.434557 0.228534 9.9973E-05
0.0299754 0.0413118 9.9991E-05 0.20435 0.172935 0.551327
0.081481 0.0202837 9.9991E-05 0.133093 0.24601 0.519032
9.9991E-05 0.121267 0.0908979 0.0615611 0.174421 0.551753
9.9982E-05 0.0301671 9.9982E-05 0.178019 0.179688 0.611926
0.0444378 0.0433191 0.00265963 0.198237 0.0558256 0.655521
0.075207 0.201394 0.206142 9.9991E-05 0.129838 0.387319
0.125281 0.158759 0.0971128 0.0603284 0.0836161 0.474903
0.0693037 0.597803 0.216722 9.9982E-05 9.9982E-05 0.115972
9.9973E-05 0.724764 0.201969 9.9973E-05 9.9973E-05 0.0729671
0.00879429 0.210813 0.14819 0.00242466 0.111548 0.518229
9.9982E-05 0.200748 9.9982E-05 0.0988105 0.252205 0.448037
9.9991E-05 0.178589 0.00356388 0.0836562 0.383356 0.350735
9.9991E-05 0.303843 0.0431841 0.190521 0.264247 0.198105
9.9982E-05 0.207381 9.9982E-05 0.176046 0.246771 0.369602
9.9982E-05 0.745963 9.9982E-05 0.00133162 0.119594 0.132911
9.9982E-05 0.534453 9.9982E-05 0.0916198 0.0622718 0.311455
9.9991E-05 0.121031 0.210251 0.0209191 0.11383 0.533869
0.00546362 0.187944 0.160929 0.0664163 0.0802852 0.498962
9.9991E-05 0.513064 0.0363165 0.0310694 0.0806578 0.338792
0.0197265 0.175997 0.0598801 0.0581535 0.0811061 0.605137
0.00397998 0.232134 0.0341463 0.00261171 0.0982166 0.628911
0.0602058 0.157731 0.131729 0.121302 0.113868 0.415165
0.130049 0.384909 0.0902207 9.9982E-05 9.9982E-05 0.394621
0.167948 0.253231 0.182947 9.9982E-05 9.9982E-05 0.395674
0.0550555 0.149855 0.18265 0.0781596 0.00118303 0.533096
0.0768389 0.234185 0.114885 0.0891645 9.9991E-05 0.484827
9.9991E-05 0.226199 0.0868428 0.114936 0.0772299 0.494693
0.000101282 0.387919 0.0419287 9.9982E-05 9.9982E-05 0.569851
0.0769953 0.538812 0.0576088 9.9982E-05 9.9982E-05 0.326384
9.9973E-05 0.207446 0.112355 9.9973E-05 9.9973E-05 0.679898
0.0653997 0.493457 0.173863 9.9982E-05 9.9982E-05 0.267081
9.9973E-05 0.406893 9.9973E-05 9.9973E-05 0.00160856 0.591199
0.0629106 0.138326 0.115142 0.0661711 0.0717543 0.545696
0.0231306 0.130057 0.171843 0.0540739 0.0187169 0.602178
0.0347401 0.134118 0.0522837 0.0894541 0.199093 0.490311
0.126958 0.186418 9.9991E-05 0.0651933 0.243573 0.377758
0.0163213 0.163496 9.9991E-05 0.179939 0.297514 0.34263
9.9991E-05 0.149692 0.0987088 0.181539 0.193018 0.376942
0.0443449 0.0750402 0.0816979 0.181176 0.167333 0.450408
0.0424296 0.150523 0.0204763 0.130225 0.137127 0.519218
9.9973E-05 0.671349 9.9973E-05 0.136781 0.19157 9.9973E-05
0.0966235 0.024406 9.9991E-05 0.106827 0.248446 0.523598
9.9973E-05 0.498078 9.9973E-05 0.34691 0.154712 9.9973E-05
9.9991E-05 0.144922 0.0312977 0.0320824 0.279886 0.511712
9.9973E-05 0.575064 0.271762 9.9973E-05 9.9973E-05 0.152874
0.0205535 0.638947 0.340199 9.9973E-05 9.9973E-05 9.9973E-05
9.9973E-05 0.346378 0.102676 9.9973E-05 9.9973E-05 0.550646
0.0260256 0.13447 0.11462 0.0239411 9.9991E-05 0.700843
0.0515115 0.363554 0.161335 9.9982E-05 9.9982E-05 0.4234
9.9991E-05 0.189387 0.208209 0.0233325 0.0387459 0.540225
0.0317975 0.289077 0.0487013 9.9982E-05 9.9982E-05 0.630225
9.9982E-05 0.0339346 9.9982E-05 0.825504 0.0556626 0.0846985
0.142261 9.9982E-05 9.9982E-05 0.724655 0.11374 0.0191449
0.0749164 9.9973E-05 9.9973E-05 0.864117 0.0606668 9.9973E-05
9.9964E-05 9.9964E-05 9.9964E-05 0.935255 9.9964E-05 0.0643453
0.0869532 0.00919103 0.333381 0.0294078 0.00437414 0.536693
0.0815871 0.0108176 0.418254 0.0559972 0.100186 0.333158
9.9973E-05 9.9973E-05 0.479407 0.0350792 9.9973E-05 0.485214
9.9973E-05 9.9973E-05 0.289855 0.0851856 9.9973E-05 0.624659
0.107008 0.0544546 0.233655 0.0684482 0.102104 0.434331
0.110939 0.0369168 0.651776 9.9991E-05 0.0269709 0.173297
0.000914673 0.00819182 0.443888 9.9991E-05 0.0190951 0.52781
9.9982E-05 0.199284 0.480235 0.00546357 9.9982E-05 0.314817
0.109203 9.9991E-05 0.046475 0.245497 0.136739 0.461986
0.122932 0.0436999 0.438741 9.9991E-05 0.0314789 0.363048
0.149444 9.9973E-05 0.553601 9.9973E-05 9.9973E-05 0.296655
0.0436305 9.9991E-05 0.415916 0.0180868 0.0134497 0.508817
0.0720436 9.9991E-05 0.508267 0.041002 0.0333873 0.3452
0.0151338 0.0191716 0.41254 9.9991E-05 0.0414103 0.511644
9.9991E-05 0.00145592 0.3991 0.129277 0.0492774 0.420789
9.9973E-05 0.0659509 0.91781 9.9973E-05 9.9973E-05 0.0159392
0.0182357 0.0990094 0.661015 0.0591453 0.0249649 0.137629
0.0527471 0.014221 0.637951 0.0476694 0.00468116 0.24273
9.9964E-05 0.218748 0.780852 9.9964E-05 9.9964E-05 9.9964E-05
0.148464 9.9991E-05 0.448492 0.00127627 0.0371271 0.36454
9.9973E-05 0.314267 0.589739 9.9973E-05 9.9973E-05 0.0956941
9.9964E-05 0.304314 0.695286 9.9964E-05 9.9964E-05 9.9964E-05
9.9982E-05 9.9982E-05 0.414796 0.0389726 0.0465077 0.499524
0.0458709 0.00294418 0.692282 0.069793 9.9991E-05 0.18901
0.16745 9.9982E-05 0.44678 9.9982E-05 0.0467817 0.338788
0.0298866 0.0356928 0.211915 0.0777842 0.0477982 0.596923
0.057796 9.9982E-05 0.346602 9.9982E-05 0.0433452 0.552057
0.306213 0.241571 0.0506455 9.9991E-05 0.0484785 0.352991
0.0159409 0.00909936 0.436948 0.0206099 0.0722937 0.445108
0.123992 9.9991E-05 0.444686 0.0115308 0.00997359 0.409717
9.9964E-05 9.9964E-05 0.717521 9.9964E-05 9.9964E-05 0.282079
0.0354347 0.0386744 0.35804 0.111162 9.9991E-05 0.456588
0.296258 0.0710255 9.9973E-05 0.632417 9.9973E-05 9.9973E-05
0.0411554 0.0292427 0.117509 0.784043 9.9991E-05 0.0279499
0.128164 0.0387719 9.9973E-05 0.832764 9.9973E-05 9.9973E-05
0.103771 0.024844 0.0445971 0.826588 9.9982E-05 9.9982E-05
0.229478 0.00906891 0.0299894 0.707483 9.9991E-05 0.0238806
0.0756507 9.9991E-05 0.861962 0.0206343 0.029077 0.0125756
0.10779 0.0476551 0.718141 0.0963809 9.9991E-05 0.0299331
9.9982E-05 0.0893268 0.793419 9.9982E-05 0.00133417 0.11572
0.0476168 0.10131 0.243418 0.0692415 0.175037 0.363376
0.0453731 9.9991E-05 0.275995 0.131388 0.0193418 0.527802
9.9982E-05 0.065422 0.635809 0.000279943 9.9982E-05 0.298289
9.9982E-05 0.0916329 0.272683 9.9982E-05 0.0408952 0.594589
9.9982E-05 9.9982E-05 0.575775 0.0907339 0.0724776 0.260814
0.153249 0.0463336 0.27518 9.9982E-05 9.9982E-05 0.525037
0.0687075 9.9991E-05 0.267731 0.0807348 0.0376314 0.545096
0.113799 0.000962001 0.682536 9.9991E-05 0.0301708 0.172432
0.0581857 9.9982E-05 0.624244 0.00828934 9.9982E-05 0.309081
0.117975 9.9982E-05 0.572774 9.9982E-05 0.00275723 0.306295
0.0376313 0.141976 0.0408971 0.139255 9.9991E-05 0.640141
0.032137 9.9973E-05 0.592923 9.9973E-05 9.9973E-05 0.37464
0.0447312 9.9991E-05 0.461473 0.0517599 0.051436 0.3905
0.0705577 0.00130602 0.0145769 0.078555 0.404158 0.430846
9.9982E-05 0.0337977 9.9982E-05 0.128349 0.388583 0.44907
9.9991E-05 0.0597201 0.0321928 0.0655423 0.47238 0.370065
9.9982E-05 0.0910293 9.9982E-05 0.147593 0.45527 0.305908
0.00437501 0.0805167 9.9991E-05 0.163413 0.230049 0.521545
9.9991E-05 0.123521 0.35772 0.00766639 0.048425 0.462568
0.0345811 0.051924 9.9991E-05 0.221535 0.656351 0.0355095
0.0285145 0.0295334 0.0104028 0.130493 0.49069 0.310367
9.9991E-05 0.126195 0.136659 0.171355 0.143455 0.422236
9.9973E-05 0.195541 9.9973E-05 0.202402 9.9973E-05 0.601756
0.0376106 0.250684 0.0736106 0.177561 9.9991E-05 0.460434
0.0401329 0.218341 0.0177775 0.0766644 0.0555307 0.591554
0.0701557 0.106443 0.0983536 0.0970759 9.9991E-05 0.627872
9.9973E-05 9.9973E-05 9.9973E-05 0.232805 0.416654 0.350241
0.152946 9.9991E-05 0.0118091 0.103192 0.383122 0.348831
0.0180006 0.0147525 9.9991E-05 0.0372952 0.514001 0.415851
0.0997 0.0355553 0.0270388 0.0959795 0.38787 0.353857
9.9991E-05 0.0776658 0.0208171 0.101151 0.548522 0.251744
0.0222541 0.0793767 0.0451585 0.0988047 0.312833 0.441573
0.0188425 0.0317573 0.081107 0.110161 0.608154 0.149978
0.113079 0.0374457 0.022403 0.0715496 0.375409 0.380113
9.9982E-05 0.345685 0.0387331 9.9982E-05 0.0652814 0.5501
0.0637375 0.00313881 0.107589 0.21087 0.329601 0.285063
9.9982E-05 0.0823242 9.9982E-05 0.136803 0.575871 0.204802
0.143111 0.0401716 0.0654992 0.0793542 0.388601 0.283263
0.241748 0.301113 0.048681 0.157231 9.9991E-05 0.251127
0.0810463 0.187053 0.0408837 9.9991E-05 0.101361 0.589556
0.0718048 0.0908181 9.9991E-05 0.134091 0.355198 0.347988
0.0782203 0.0890763 0.0128464 0.187252 9.9991E-05 0.632505
0.00800848 0.168016 0.111571 0.191297 9.9991E-05 0.521006
0.0314351 0.101438 0.0795172 0.187399 0.206413 0.393798
0.0132007 0.165967 0.0363964 0.208897 0.337658 0.237881
0.0715402 0.11675 0.0595402 0.13535 0.138992 0.477827
9.9982E-05 9.9982E-05 0.094374 0.091635 0.413123 0.400668
0.0416781 0.00147486 9.9991E-05 0.0829026 0.49331 0.380534
9.9982E-05 9.9982E-05 0.0111337 0.224645 0.559497 0.204525
0.130431 0.0691331 9.9991E-05 0.1282 0.0417553 0.630381
0.0565754 0.247522 0.0751028 0.118837 9.9991E-05 0.501863
9.9973E-05 0.601619 9.9973E-05 0.125568 9.9973E-05 0.272513
0.105528 9.9982E-05 9.9982E-05 0.195301 0.0574528 0.641519
0.188269 0.146792 0.0197915 0.128609 9.9991E-05 0.516438
0.0557585 0.119352 0.0597555 0.155958 0.163324 0.445852
0.164063 0.157409 0.0226674 0.075054 0.0445527 0.536255
9.9973E-05 0.522605 9.9973E-05 0.29465 0.182445 9.9973E-05
9.9973E-05 0.624658 9.9973E-05 0.234322 0.140721 9.9973E-05
0.0384031 0.413083 0.0135571 0.118208 0.0963688 0.320381
9.9982E-05 0.469993 9.9982E-05 0.289824 0.218744 0.0212399
9.9973E-05 0.347009 9.9973E-05 0.424855 0.227836 9.9973E-05
0.0595676 0.266573 0.0378733 0.150418 0.0928012 0.392767
9.9991E-05 0.187359 0.0720737 0.237467 0.139659 0.363341
0.0530165 0.280894 9.9991E-05 0.298275 0.153351 0.214363
9.9982E-05 0.47274 9.9982E-05 0.212415 0.214027 0.100619
0.0761059 0.168102 0.0575725 0.1114 0.123237 0.463584
9.9991E-05 0.351951 0.128245 0.207541 0.140843 0.17132
9.9973E-05 0.502418 9.9973E-05 0.427291 0.0699905 9.9973E-05
0.0720784 0.0218992 0.156719 0.126592 0.183686 0.439025
0.068972 0.166738 0.042615 0.142929 0.279068 0.299677
0.0728045 9.9991E-05 0.0932305 0.27323 0.215816 0.344819
9.9982E-05 9.9982E-05 0.0538102 0.181671 0.299354 0.464965
0.064854 0.00725969 9.9991E-05 0.136092 0.210558 0.581136
9.9982E-05 0.0887283 9.9982E-05 0.122946 0.29004 0.498085
0.0500047 0.00872015 0.0386412 0.368427 0.229386 0.304821
0.0271267 9.9991E-05 0.0467316 0.218431 0.193646 0.513964
9.9982E-05 9.9982E-05 0.0428033 0.26933 0.215724 0.471943
0.0187201 0.183024 0.0213505 0.226902 0.250724 0.29928
0.125244 0.0505235 0.3373 0.154203 0.167396 0.165333
0.122186 0.00358373 0.129193 0.102653 0.100216 0.542168
9.9982E-05 0.0700565 9.9982E-05 0.162392 0.171423 0.595928
0.103058 0.032534 0.189444 0.0632425 0.0420799 0.569641
0.0228267 0.105935 9.9991E-05 0.245319 0.259011 0.366809
9.9991E-05 0.0817186 0.0151056 0.252835 0.0863546 0.563887
9.9991E-05 0.209613 0.0123331 0.355712 0.215724 0.206517
0.127788 9.9982E-05 9.9982E-05 0.212066 0.234122 0.425823
9.9982E-05 0.236774 9.9982E-05 0.23234 0.340698 0.189988
0.129275 0.0861366 0.0152033 0.760914 0.00837069 9.9991E-05
0.776223 0.00514117 9.9991E-05 0.102484 0.0346352 0.0814163
0.975589 9.9964E-05 9.9964E-05 0.0240114 9.9964E-05 9.9964E-05
0.993114 9.9964E-05 9.9964E-05 0.00648656 9.9964E-05 9.9964E-05
0.966319 9.9964E-05 9.9964E-05 9.9964E-05 9.9964E-05 0.0332809
0.943452 9.9973E-05 9.9973E-05 9.9973E-05 0.016811 0.0394369
0.897736 9.9964E-05 9.9964E-05 9.9964E-05 9.9964E-05 0.101864
0.967456 9.9964E-05 9.9964E-05 0.0321443 9.9964E-05 9.9964E-05
0.825543 9.9964E-05 9.9964E-05 0.174057 9.9964E-05 9.9964E-05
0.0101978 9.9982E-05 0.0444947 0.909201 9.9982E-05 0.0359069
0.139541 9.9973E-05 9.9973E-05 0.79951 9.9973E-05 0.0606488
9.9973E-05 0.0378062 9.9973E-05 0.90323 9.9973E-05 0.0586634
0.104625 0.0494414 9.9982E-05 0.805197 9.9982E-05 0.0405365
0.0468021 9.9982E-05 0.00563043 0.894133 0.0532345 9.9982E-05
0.0399915 0.0215143 0.0338673 0.890534 0.0139931 9.9991E-05
0.122814 9.9982E-05 0.00628926 0.699714 0.170982 9.9982E-05
0.0386169 0.00102499 9.9982E-05 0.859246 0.100913 9.9982E-05
0.120853 9.9982E-05 0.0880697 0.716616 0.0742606 9.9982E-05
9.9973E-05 9.9973E-05 0.0309759 0.894783 0.073941 9.9973E-05
0.00240028 9.9973E-05 0.0305055 0.966794 9.9973E-05 9.9973E-05
0.0584648 9.9982E-05 0.0383577 0.802631 0.100347 9.9982E-05
0.0205391 9.9982E-05 9.9982E-05 0.952312 0.0189004 0.00804875
9.9982E-05 0.0374424 9.9982E-05 0.9096 0.0210179 0.0317393
0.00116831 9.9982E-05 9.9982E-05 0.857515 0.0644307 0.0766857
9.9973E-05 9.9973E-05 9.9973E-05 0.836539 0.019257 0.143904
9.9973E-05 9.9973E-05 9.9973E-05 0.741767 0.167431 0.0905022
9.9973E-05 9.9973E-05 9.9973E-05 0.761538 0.136233 0.101929
9.9973E-05 9.9973E-05 9.9973E-05 0.814694 0.0553174 0.129688
0.0618893 0.229203 0.130694 0.142549 0.0257372 0.409928
0.0192775 0.119933 0.0757402 0.0559865 9.9991E-05 0.728963
9.9991E-05 0.106859 0.0853202 0.115867 0.0657406 0.626113
9.9982E-05 0.701315 0.059603 0.0147246 9.9982E-05 0.224158
0.168214 0.16267 0.0424439 0.0787936 9.9991E-05 0.547779
9.9973E-05 0.685804 9.9973E-05 0.142248 9.9973E-05 0.171648
9.9982E-05 0.214376 9.9982E-05 0.0559809 0.0265234 0.70292
0.0951474 0.258206 0.1384 0.0818224 9.9991E-05 0.426324
0.0940592 0.235329 0.0691884 0.0467964 9.9991E-05 0.554527
0.0217285 9.9982E-05 0.42041 0.0776457 9.9982E-05 0.480016
0.146116 0.225204 0.0571787 0.0730146 9.9991E-05 0.498387
9.9982E-05 0.170444 0.0118808 0.0736096 9.9982E-05 0.743866
0.117004 0.14881 0.0220172 0.123959 9.9991E-05 0.58811
0.454466 0.252574 0.183294 9.9991E-05 0.0582279 0.0513389
0.0995294 0.897973 9.9973E-05 9.9973E-05 9.9973E-05 0.00219788
0.0588987 0.68712 9.9982E-05 0.022941 9.9982E-05 0.230841
0.0660454 0.170755 9.9991E-05 0.0346024 0.0855169 0.642981
9.9982E-05 0.254006 0.0380026 0.102815 9.9982E-05 0.604977
9.9973E-05 0.269049 9.9973E-05 0.123692 9.9973E-05 0.60696
0.00502837 0.145252 0.048697 0.0808064 0.023544 0.696673
0.0207527 0.0398215 0.0165417 0.202793 0.19774 0.522351
0.0892958 9.9982E-05 9.9982E-05 0.198305 0.109683 0.602516
0.113062 0.109067 0.040177 0.431394 0.12342 0.182881
0.0157625 0.0205275 0.183822 0.197231 9.9991E-05 0.582557
0.133692 0.0143267 0.0306746 0.222762 0.16993 0.428614
9.9973E-05 0.415117 9.9973E-05 0.373716 0.210867 9.9973E-05
9.9991E-05 0.182946 0.0632964 0.29707 0.198387 0.258201
0.040887 9.9991E-05 0.150244 0.354797 0.209541 0.244432
0.0971125 0.00800937 9.9991E-05 0.330021 0.0616234 0.503134
0.0504534 0.101302 9.9991E-05 0.147481 0.189266 0.511398
0.0908755 0.0348525 9.9991E-05 0.198359 0.112391 0.563422
0.0954525 0.0345662 9.9991E-05 0.146012 0.100702 0.623167
9.9982E-05 0.279698 9.9982E-05 0.145021 0.160072 0.415009
9.9982E-05 9.9982E-05 0.137476 0.408041 0.166649 0.287634
