9.9973E-05 9.9973E-05 0.0381854 0.926416 0.0350983 9.9973E-05
9.9973E-05 0.033753 9.9973E-05 0.948385 0.0175622 9.9973E-05
9.9982E-05 9.9982E-05 0.124064 0.811629 0.0479449 0.0161621
9.9982E-05 9.9982E-05 0.0215985 0.780517 0.125142 0.0725422
9.9982E-05 9.9982E-05 0.0532319 0.890147 0.00857428 0.0478467
0.163065 0.00346622 0.0526054 0.599403 0.135499 0.045961
0.127645 0.0371589 9.9973E-05 0.834896 9.9973E-05 9.9973E-05
0.0775562 9.9982E-05 0.0256397 0.749261 0.147344 9.9982E-05
0.0128075 0.0715931 9.9982E-05 0.852746 0.0626532 9.9982E-05
0.131191 9.9982E-05 0.136543 0.697842 9.9982E-05 0.0342248
0.138616 9.9973E-05 9.9973E-05 0.717325 0.143759 9.9973E-05
0.0532263 0.206584 0.243533 9.9991E-05 0.44762 0.0489361
9.9982E-05 0.02778 0.574015 9.9982E-05 0.310376 0.0876282
0.160614 0.105317 0.210826 0.0271634 0.402528 0.0935508
9.9991E-05 0.0949647 0.30927 0.0455822 0.378109 0.171974
0.120152 0.0964287 0.387625 0.109538 0.157571 0.128686
0.042967 0.101125 0.552961 0.0905293 0.135167 0.0772514
0.155208 0.116745 0.405527 9.9991E-05 0.194654 0.127766
0.0315652 0.163833 0.306233 0.12581 0.310879 0.0616801
0.216147 0.102303 0.0468009 9.9991E-05 0.562563 0.0720854
0.0359783 0.126826 0.385691 0.0692871 0.285072 0.0971447
0.275344 0.020681 0.523152 9.9991E-05 0.159169 0.0215542
9.9982E-05 0.116539 0.557348 9.9982E-05 0.23537 0.0905433
0.0714697 0.18575 0.289078 0.00951204 0.3674 0.07679
9.999E-05 0.0595922 0.666129 0.13541 0.131802 0.00696677
9.999E-05 0.0851854 0.547839 0.0417612 0.24386 0.0812551
9.999E-05 0.281359 0.0897909 0.0294146 0.424203 0.175132
0.0677002 0.149556 0.168156 9.9991E-05 0.408122 0.206366
0.0776979 0.172738 0.284966 0.0369187 0.408534 0.0191456
9.9973E-05 9.9973E-05 0.117109 0.822509 9.9973E-05 0.0600818
9.9973E-05 9.9973E-05 0.134232 0.840191 9.9973E-05 0.0252767
9.9982E-05 0.0683027 0.0994853 0.803624 9.9982E-05 0.0283878
9.9982E-05 0.092586 0.0792651 0.73363 9.9982E-05 0.0943188
0.067009 0.178093 0.56987 0.0606585 0.12427 9.9991E-05
0.00614266 0.394775 0.411568 0.0801353 0.0423452 0.0650343
0.0675949 0.413724 0.496934 9.9982E-05 9.9982E-05 0.0215475
0.0319322 0.168089 0.157178 0.0836251 0.548788 0.0103875
0.049986 0.612935 0.294772 0.0127582 9.9991E-05 0.0294487
9.9991E-05 0.375694 0.429051 0.123851 0.0506894 0.0206143
0.0174742 0.244871 0.596685 0.0190181 9.9991E-05 0.121852
0.109011 0.138155 0.540128 0.0948361 0.0962404 0.0216291
0.145666 0.117911 0.595798 0.099223 0.0413019 9.9991E-05
9.9982E-05 0.716387 0.112272 0.0260611 0.14508 9.9982E-05
0.266252 9.9991E-05 0.565693 0.000783976 0.0859082 0.0812622
0.0644834 0.334335 0.39886 0.028206 9.9991E-05 0.174016
0.212782 0.0306735 0.589906 0.0547306 9.9991E-05 0.111808
0.0293378 0.666324 0.304038 9.9973E-05 9.9973E-05 9.9973E-05
9.9973E-05 0.293487 0.656738 0.0494748 9.9973E-05 9.9973E-05
0.0401849 0.246159 0.502802 0.13317 9.9991E-05 0.0775839
0.300967 0.624504 9.9973E-05 0.0742293 9.9973E-05 9.9973E-05
0.150999 0.228597 0.164012 9.9982E-05 0.456191 9.9982E-05
0.497862 0.165148 0.0674322 9.9991E-05 0.23941 0.0300482
0.0480866 0.0628915 0.602459 0.0754946 0.210968 9.9991E-05
0.141524 0.0519889 0.656434 0.0443839 0.0368165 0.0688522
0.177015 0.00405095 0.687739 0.0418592 0.0413558 0.0479797
0.184426 0.286856 0.133258 0.0811145 0.314245 9.9991E-05
0.0733298 0.0493987 0.660237 9.9991E-05 0.200156 0.0167794
0.0709591 0.0802752 0.442609 0.0776444 0.194206 0.134306
0.0286076 0.171281 0.378038 0.131444 0.256323 0.0343057
0.229056 0.150635 0.0633475 0.208562 0.29518 0.053219
0.00104923 0.201537 0.539264 0.075197 0.110207 0.0727461
0.0604068 0.0936179 0.442831 0.0875759 0.261473 0.0540947
0.198309 0.269483 0.0383518 0.0439528 0.449804 9.9991E-05
0.0828204 0.108924 0.513097 9.9991E-05 0.269349 0.0257094
0.146941 0.144506 0.651573 9.9982E-05 9.9982E-05 0.0567802
0.0692068 0.0855428 0.476403 0.0857225 0.221526 0.0615988
0.113219 0.218645 0.328252 0.0416975 0.287971 0.0102154
0.131374 0.150888 0.430221 9.9991E-05 0.232075 0.0553429
0.0148815 0.0701169 0.702357 0.0385796 0.161411 0.0126533
0.188919 0.171457 0.215337 9.9982E-05 0.424087 9.9982E-05
9.9973E-05 0.443726 0.527639 9.9973E-05 0.0283344 9.9973E-05
9.9982E-05 0.788803 0.176876 0.0134715 0.0206491 9.9982E-05
0.149751 0.245245 0.46969 0.014291 0.0624388 0.058584
0.161878 0.829902 9.9973E-05 0.00791999 9.9973E-05 9.9973E-05
0.12246 0.872978 9.9973E-05 9.9973E-05 0.00426137 9.9973E-05
0.0541702 0.752046 0.193484 9.9973E-05 9.9973E-05 9.9973E-05
9.9991E-05 0.428051 0.362013 0.00938594 0.129406 0.0710444
0.126029 0.185066 0.479273 0.131055 0.00207181 0.076504
9.9973E-05 0.557883 0.392783 9.9973E-05 9.9973E-05 0.0490337
9.9991E-05 0.715718 0.111443 0.0449879 0.0987128 0.0290382
9.9982E-05 0.662952 0.13152 0.0450244 0.160304 9.9982E-05
0.0797027 0.248215 0.497008 0.0939455 0.0258629 0.0552659
0.0197506 0.671985 0.251463 0.0152274 9.9991E-05 0.0414733
9.9982E-05 0.510252 0.399342 0.0612253 0.0289808 9.9982E-05
0.00820137 0.599117 0.361281 0.016802 9.9991E-05 0.0144991
0.262645 0.736956 9.9964E-05 9.9964E-05 9.9964E-05 9.9964E-05
0.0388858 0.263301 0.606472 9.9982E-05 0.0911408 9.9982E-05
9.9991E-05 0.0413297 0.115856 0.7918 0.0233855 0.0275281
9.9964E-05 9.9964E-05 0.101376 0.898225 9.9964E-05 9.9964E-05
9.9973E-05 9.9973E-05 0.0761619 0.876661 9.9973E-05 0.0468774
0.0250759 0.0244611 0.0316844 0.876013 9.9991E-05 0.042666
9.9982E-05 0.0242809 0.0909564 0.877539 9.9982E-05 0.00702381
0.0116539 0.0325696 0.0462979 0.887184 9.9991E-05 0.0221948
0.000787678 9.9982E-05 0.0421838 0.943843 9.9982E-05 0.0129852
0.0221797 0.240994 0.540552 0.159525 9.9991E-05 0.0366496
9.9991E-05 0.238514 0.565867 0.0857836 0.0416213 0.0681143
9.9973E-05 0.876155 9.9973E-05 0.0434403 0.0801046 9.9973E-05
9.9991E-05 0.287307 0.432227 0.109366 0.0237673 0.147233
9.9982E-05 0.446121 0.46667 0.0386699 0.0483392 9.9982E-05
9.9982E-05 0.333132 0.508726 0.145181 0.0127601 9.9982E-05
0.126418 0.322159 0.547031 0.00419189 9.9982E-05 9.9982E-05
9.9973E-05 0.509644 0.43184 9.9973E-05 9.9973E-05 0.0582165
9.9973E-05 0.768699 9.9973E-05 0.0596054 0.171396 9.9973E-05
0.104731 0.0316522 0.567662 0.0952182 0.124751 0.0759854
0.0954577 0.181587 0.680123 0.0310867 9.9991E-05 0.0116452
9.9991E-05 0.23764 0.487204 0.111175 0.10572 0.0581607
0.132402 0.56861 0.260739 0.0148157 9.9991E-05 0.0233339
0.0512638 0.452728 0.474517 0.0212917 9.9982E-05 9.9982E-05
9.9982E-05 0.49243 0.41219 0.0519312 0.0432488 9.9982E-05
0.0219864 0.655574 0.215358 9.9991E-05 0.00521144 0.101771
0.0102404 0.465884 0.380245 0.072095 0.0714358 9.9991E-05
0.00663139 0.234165 0.482336 0.152605 0.111862 0.0124006
0.176033 0.121097 0.329347 9.9982E-05 0.373322 9.9982E-05
0.104839 0.0272615 0.441065 0.148747 0.245878 0.0322095
0.0106187 0.166573 0.460286 0.0767141 0.139133 0.146675
0.0945281 0.139961 0.634999 0.0306076 0.0175101 0.0823946
9.9991E-05 0.123872 0.507638 0.021937 0.333569 0.0128847
0.13741 9.9982E-05 0.574864 9.9982E-05 0.276561 0.0109655
0.00444665 0.0676279 0.506396 0.00908152 0.412348 9.9991E-05
0.130952 0.0561359 0.53099 0.0919837 0.189838 9.9991E-05
0.0548107 0.0356322 0.625127 0.0743522 0.193938 0.0161402
0.0282219 0.141305 0.506979 0.0321693 0.206233 0.0850929
0.0148712 0.0934072 0.514573 9.9982E-05 0.376949 9.9982E-05
0.133735 9.9991E-05 0.641586 0.0646721 0.138017 0.0218897
0.0238504 0.109292 0.56824 0.0597058 0.149898 0.089014
0.0571226 0.114182 0.574689 9.9991E-05 0.181953 0.0719543
0.141407 0.0861492 0.566633 0.0189676 0.11379 0.0730527
9.9991E-05 0.0929335 0.612012 0.0435289 0.230734 0.0206918
0.251817 9.9991E-05 0.395771 0.119889 0.220578 0.0118455
0.095411 0.0335691 0.663857 9.9991E-05 0.159781 0.0472827
0.144753 9.9991E-05 0.667172 0.00883266 0.141214 0.037928
0.0616672 0.224816 0.244797 0.0199221 0.380149 0.0686489
0.418998 0.0620411 0.241955 0.00993173 0.258851 0.00822358
0.0243823 0.10447 0.528867 0.0299765 0.268416 0.0438886
0.339316 0.25678 0.0713183 9.9991E-05 0.273387 0.0590992
0.0990139 0.253519 0.240638 0.0202841 0.386445 9.9991E-05
0.0519802 0.224524 0.393699 0.00739411 0.322303 9.9991E-05
9.9982E-05 0.163402 0.390437 0.0188905 0.427071 9.9982E-05
0.0522601 0.161988 0.30207 9.9982E-05 0.483482 9.9982E-05
0.0622443 0.0507263 0.610103 0.118248 0.0985412 0.0601377
0.17232 0.0685116 0.553541 0.0205169 0.0893582 0.0957528
0.0268334 0.145183 0.627372 0.00363964 0.196872 9.9991E-05
0.368443 0.118569 0.151827 9.9991E-05 0.277349 0.0837125
0.0959181 0.150252 0.441492 0.174044 0.0505341 0.0877604
0.262752 0.0493607 0.516005 0.0555828 0.0763914 0.0399082
0.593718 0.143101 0.0225762 0.108806 0.131698 9.9991E-05
0.170618 0.077125 0.615424 0.0608856 9.9991E-05 0.0758469
0.258688 0.240428 0.309788 0.100893 0.0618696 0.0283328
0.111904 0.17703 0.442899 0.0963303 0.0740687 0.0977686
0.435327 0.0699335 0.325588 0.0805203 0.0885318 9.9991E-05
0.568201 0.0631812 0.222336 0.0278518 0.11833 9.9991E-05
0.293507 0.121231 0.42439 9.9982E-05 0.160672 9.9982E-05
0.190856 0.0496637 0.5824 0.16737 9.9991E-05 0.00961069
0.186388 0.156978 0.363428 0.0717085 0.121368 0.10013
0.438215 0.22503 0.0536725 0.0621862 0.100512 0.120385
0.103721 0.19723 0.483831 0.058905 0.0568487 0.0994643
0.338995 0.144258 0.410864 9.9982E-05 0.105683 9.9982E-05
0.280159 0.125295 0.511374 9.9982E-05 0.0829719 9.9982E-05
0.0225231 0.111473 0.514122 0.0809336 0.197577 0.0733713
0.251332 9.9982E-05 0.202341 0.33963 9.9982E-05 0.206497
0.350421 9.9973E-05 9.9973E-05 0.530047 9.9973E-05 0.119232
0.43452 9.9973E-05 9.9973E-05 0.43111 9.9973E-05 0.134069
0.147714 9.9991E-05 0.0245262 0.352011 0.0685121 0.407136
0.327958 0.00586606 0.665876 9.9973E-05 9.9973E-05 9.9973E-05
0.14323 0.0966653 0.521937 0.0947071 0.107908 0.0355519
9.9973E-05 9.9973E-05 0.254167 9.9973E-05 0.0375186 0.708015
9.9991E-05 0.0799631 0.372126 0.0635255 0.0828557 0.40143
0.0405376 0.0995093 0.32816 0.0487935 0.0554456 0.427554
0.565915 0.058194 0.359135 9.9982E-05 0.016556 9.9982E-05
0.202941 0.0686968 0.462367 9.9991E-05 0.142638 0.123257
0.618154 0.103731 0.239417 9.9991E-05 0.0170109 0.0215866
0.302911 0.0565571 0.60412 9.9982E-05 0.0362117 9.9982E-05
0.398205 0.00824734 0.497096 0.023411 0.021067 0.0519744
0.356489 0.00430635 0.542526 0.0207184 9.9991E-05 0.0758597
0.594634 0.0670298 0.270631 9.9982E-05 0.0675052 9.9982E-05
0.131078 0.1282 0.615993 0.0599326 0.0170388 0.0477578
0.235587 0.13579 0.515224 0.0528046 0.0167646 0.0438294
0.0107866 9.9973E-05 0.0313075 9.9973E-05 9.9973E-05 0.957606
9.9964E-05 9.9964E-05 0.0443911 9.9964E-05 9.9964E-05 0.955209
0.00962769 0.0393966 0.325546 0.0269352 0.0627822 0.535712
9.9973E-05 9.9973E-05 0.254879 9.9973E-05 0.014445 0.730376
9.9973E-05 9.9973E-05 0.109522 9.9973E-05 0.0131144 0.877064
9.996E-05 9.996E-05 9.996E-05 9.996E-05 9.996E-05 0.9995
9.9964E-05 9.9964E-05 9.9964E-05 9.9964E-05 0.0648731 0.934727
9.9964E-05 9.9964E-05 0.111128 9.9964E-05 9.9964E-05 0.888473
9.9964E-05 9.9964E-05 9.9964E-05 9.9964E-05 0.0451791 0.954421
9.996E-05 9.996E-05 9.996E-05 9.996E-05 9.996E-05 0.9995
9.996E-05 9.996E-05 9.996E-05 9.996E-05 9.996E-05 0.9995
9.9982E-05 9.9982E-05 0.17852 0.0579708 0.0222551 0.741054
9.9973E-05 9.9973E-05 0.139115 0.060315 9.9973E-05 0.80027
9.9964E-05 0.061601 9.9964E-05 9.9964E-05 9.9964E-05 0.937999
9.9991E-05 0.116282 0.325868 0.0528317 0.0581892 0.446729
0.0110733 9.9991E-05 0.191611 0.0300828 0.0961381 0.670995
0.00250154 9.9991E-05 0.152486 0.0314304 0.00869625 0.804786
9.9982E-05 0.00286117 0.0676023 9.9982E-05 0.010801 0.918536
9.9964E-05 9.9964E-05 0.031239 9.9964E-05 9.9964E-05 0.968361
9.9982E-05 0.0165086 0.0692259 0.0840364 9.9982E-05 0.830029
9.996E-05 9.996E-05 9.996E-05 9.996E-05 9.996E-05 0.9995
9.99821E-05 9.99821E-05 0.316055 0.129615 0.0167169 0.537413
9.9973E-05 0.0521652 9.9973E-05 9.9973E-05 0.0189106 0.928624
0.637807 9.9973E-05 9.9973E-05 0.339813 9.9973E-05 0.0220801
0.262689 0.0187274 0.429909 0.102058 0.108109 0.0785086
0.236674 9.9991E-05 0.446345 0.234566 0.0146606 0.0676548
0.462459 9.9982E-05 0.191558 0.256105 9.9982E-05 0.0896781
0.156343 0.0762541 0.529119 0.202594 9.9991E-05 0.0355897
0.360289 0.1133 0.160739 0.217096 9.9991E-05 0.148475
0.266839 0.0929527 0.341871 0.191537 0.0484664 0.0583347
0.383963 0.0676121 0.245443 0.0914405 9.9991E-05 0.211441
0.193957 9.9982E-05 0.436697 0.193883 9.9982E-05 0.175262
0.29241 0.0287874 0.343804 0.206062 9.9991E-05 0.128836
0.144974 9.9991E-05 0.468614 0.264947 0.0182788 0.103086
0.0384613 9.9982E-05 0.0619458 0.825545 0.0738481 9.9982E-05
9.9973E-05 9.9973E-05 9.9973E-05 0.946887 0.00414936 0.0486634
9.9973E-05 0.0358632 9.9973E-05 0.958981 0.00485597 9.9973E-05
9.9982E-05 0.00150978 0.0122877 0.935069 0.0509335 9.9982E-05
9.9982E-05 9.9982E-05 0.0232582 0.865182 0.0991044 0.0122551
0.00984486 9.9973E-05 9.9973E-05 0.901332 9.9973E-05 0.0885229
9.9982E-05 0.0145928 9.9982E-05 0.874507 0.0198979 0.0908027
0.00167926 0.042725 0.022695 0.932701 9.9982E-05 9.9982E-05
0.0114263 0.0340812 9.9982E-05 0.905615 9.9982E-05 0.0486777
0.0182743 9.9991E-05 0.00584125 0.867172 0.0331064 0.0755063
0.0244139 0.125402 9.9982E-05 0.597632 0.252352 9.9982E-05
9.9991E-05 0.0137819 0.0156189 0.590115 0.375892 0.00449231
0.180192 0.0287539 9.9982E-05 0.503579 0.287274 9.9982E-05
0.0102996 0.143794 9.9982E-05 0.482889 0.362818 9.9982E-05
0.0115991 0.287064 0.529957 0.0739362 0.0973429 9.9991E-05
0.0493552 0.29591 0.4878 0.0101792 0.131555 0.0252009
0.112606 0.173254 0.586463 9.9991E-05 0.119394 0.00818312
0.0581212 0.200692 0.41851 0.0291162 0.29346 9.9991E-05
0.0661396 0.174696 0.156548 9.9982E-05 0.602416 9.9982E-05
0.0892721 0.258099 0.629019 0.0203487 9.9991E-05 0.00316126
0.0564047 0.277771 0.57512 9.9982E-05 0.090504 9.9982E-05
0.172066 0.187188 0.533074 9.9982E-05 0.107471 9.9982E-05
0.0970525 0.53898 0.359137 9.9982E-05 9.9982E-05 0.00463055
0.0582148 0.171845 0.600267 0.0935024 0.0760714 9.9991E-05
9.9982E-05 0.46194 0.397438 0.0119368 0.128485 9.9982E-05
0.228947 0.689409 9.9973E-05 9.9973E-05 0.0813438 9.9973E-05
0.108834 0.106194 0.512682 0.0239564 0.228281 0.0200533
0.320818 0.382979 0.291392 0.00461059 9.9982E-05 9.9982E-05
0.0706889 0.353549 0.496597 9.9982E-05 0.0789656 9.9982E-05
0.00628509 0.743762 0.0100883 0.0354492 0.204316 9.9991E-05
0.0996672 9.9991E-05 0.00331925 0.0946606 0.765599 0.0366544
0.162897 9.9991E-05 0.0496826 0.088615 0.697833 0.000872872
0.1268 0.00129854 9.9982E-05 0.0411467 0.830554 9.9982E-05
0.0646371 0.0151462 9.9982E-05 0.0979005 0.822116 9.9982E-05
0.155166 9.9991E-05 0.0152014 0.00945475 0.778925 0.0411529
0.0294711 9.9991E-05 0.096649 0.0690839 0.794164 0.0105323
9.9982E-05 0.0420051 0.0369242 0.896774 9.9982E-05 0.0240972
9.9982E-05 9.9982E-05 0.110536 0.824554 0.0468877 0.0178217
0.00457521 9.9982E-05 0.134311 0.736557 9.9982E-05 0.124358
9.9982E-05 9.9982E-05 0.120027 0.753338 0.0693632 0.0570724
9.9973E-05 9.9973E-05 0.122942 0.828339 9.9973E-05 0.0484186
0.0189765 0.00606632 9.9982E-05 0.398621 0.576136 9.9982E-05
0.026576 0.0841667 9.9982E-05 0.448624 0.440433 9.9982E-05
9.9973E-05 0.112797 9.9973E-05 0.435661 0.451243 9.9973E-05
9.9982E-05 9.9982E-05 0.084311 0.796341 0.0596979 0.0594506
9.9982E-05 0.0196523 9.9982E-05 0.365881 0.580203 0.0340632
0.166734 9.9982E-05 0.208757 0.198057 9.9982E-05 0.426252
0.0834764 0.0278076 0.546537 0.173912 9.9991E-05 0.168167
9.9973E-05 9.9973E-05 0.526103 0.180314 9.9973E-05 0.293283
0.0369675 0.0773571 0.394665 0.298299 9.9991E-05 0.192611
0.0296162 0.00118082 0.531335 0.201129 0.0797482 0.156991
0.256526 9.9973E-05 9.9973E-05 0.439411 9.9973E-05 0.303763
0.0637668 0.176805 0.416608 9.9982E-05 0.342621 9.9982E-05
0.317873 0.121767 0.407664 9.9982E-05 0.152496 9.9982E-05
9.9982E-05 0.111734 0.308047 0.0910906 0.488928 9.9982E-05
0.262009 0.0706541 0.467003 9.9991E-05 0.156266 0.043969
0.628333 0.253212 9.9973E-05 9.9973E-05 0.118155 9.9973E-05
0.0902275 0.124673 0.562729 0.10473 0.0642425 0.053399
0.129719 0.169141 0.451794 0.054263 0.18561 0.00947313
0.0468975 0.180829 0.343845 0.0881441 0.340184 9.9991E-05
0.0101969 0.12026 0.489042 0.0904602 0.181418 0.108622
0.401721 0.181808 0.131011 9.9982E-05 0.28526 9.9982E-05
0.206177 0.0548851 0.516423 9.9991E-05 0.219656 0.00275883
0.00742022 0.136622 0.539778 9.9991E-05 0.310981 0.00509884
0.0503847 0.111708 0.446686 0.137613 0.127795 0.125813
0.22176 0.100412 0.429739 9.9982E-05 0.24789 9.9982E-05
0.113414 0.0243752 0.528888 9.9991E-05 0.303684 0.0295395
0.168682 0.0939694 0.492499 9.9991E-05 0.184826 0.0599238
0.12542 0.166896 0.500485 9.9982E-05 0.206999 9.9982E-05
0.108392 0.0585207 0.650661 0.0565738 0.110267 0.0155863
0.00964406 0.143747 0.561456 0.0928831 0.157711 0.0345592
0.00447839 0.0275001 0.538912 0.142521 0.264868 0.0217195
0.0114859 9.9982E-05 0.134751 0.769619 9.9982E-05 0.0839447
9.9973E-05 9.9973E-05 0.125908 0.831811 9.9973E-05 0.0419806
0.043257 9.9982E-05 0.120228 0.771748 0.0645669 9.9982E-05
9.9991E-05 0.124195 0.0263546 0.800998 0.0211175 0.0272354
9.9973E-05 9.9973E-05 0.13532 0.848316 9.9973E-05 0.0160639
0.0754843 0.124994 0.183602 9.9991E-05 0.563801 0.0520194
0.134865 0.0150873 0.59977 0.137473 0.106854 0.00595042
0.150334 0.0508836 0.383616 0.199339 0.0396787 0.176148
0.02657 0.115781 0.59876 0.0376054 0.153762 0.0675216
9.9982E-05 0.104606 0.568806 0.0998797 0.226508 9.9982E-05
0.310184 0.00929698 0.335158 0.00390723 0.271431 0.070023
0.158733 0.14525 0.0160327 0.128465 0.551419 9.9991E-05
0.0708086 0.117651 0.485993 0.00916267 0.291731 0.0246541
0.153209 0.0868909 0.158029 0.0448779 0.513837 0.0431558
0.306235 9.9991E-05 0.544452 0.0573861 0.0859709 0.00585527
0.0307515 0.162119 0.102163 0.128509 0.537809 0.0386482
0.017387 9.9991E-05 0.617247 0.152575 0.166189 0.0465026
0.067677 0.178913 0.227283 0.0811211 0.444906 9.9991E-05
0.210308 0.0753947 0.385792 0.0144036 0.276367 0.0377345
0.263786 0.0597608 0.495601 0.0684082 0.112344 9.9991E-05
0.562889 0.0177558 0.328352 9.9982E-05 0.0908031 9.9982E-05
0.211502 0.124472 0.560966 0.0517027 0.0512582 9.9991E-05
0.20811 0.0418052 0.547438 0.160891 0.0416556 9.9991E-05
0.514134 9.9973E-05 0.35638 9.9973E-05 0.129186 9.9973E-05
0.1119 0.128404 0.455393 0.060837 0.146581 0.096885
0.262935 0.13513 0.540533 0.0612012 9.9982E-05 9.9982E-05
0.713086 0.117434 0.152339 9.9982E-05 0.0169413 9.9982E-05
0.631892 0.116722 0.251086 9.9973E-05 9.9973E-05 9.9973E-05
0.323043 0.13231 0.478066 9.9982E-05 0.0663813 9.9982E-05
0.513585 0.228556 0.230613 9.9982E-05 0.027046 9.9982E-05
0.324727 0.0209314 0.543926 9.9982E-05 0.110216 9.9982E-05
0.00360974 0.251514 0.0578997 9.9991E-05 0.592584 0.0942925
0.304101 0.118539 0.280552 9.9982E-05 0.296609 9.9982E-05
9.9982E-05 0.179986 0.29533 9.9982E-05 0.380572 0.143912
0.056644 0.0580775 0.615284 0.0381166 0.181142 0.0507362
9.9982E-05 0.320714 0.18584 9.9982E-05 0.45898 0.0342662
0.257059 0.0214926 0.516163 0.0123284 0.142002 0.0509557
0.109106 0.0513995 0.489875 9.9991E-05 0.215197 0.134322
0.0633182 9.9991E-05 0.52052 0.062991 0.317334 0.0357375
0.10665 0.0633582 0.54828 9.9991E-05 0.261803 0.0198084
0.034646 0.188245 0.443334 0.0666821 0.228358 0.0387342
0.00178208 0.192239 0.204771 9.9991E-05 0.503254 0.097854
9.9982E-05 0.015185 0.342334 9.9982E-05 0.515634 0.126647
0.0777283 0.0978617 0.602706 9.9991E-05 0.185099 0.0365053
0.0665448 0.120594 0.653577 0.0626801 0.0963527 0.000251506
0.121079 0.130019 0.484224 0.0853768 0.179201 9.9991E-05
0.0609932 9.9982E-05 0.569868 9.9982E-05 0.271882 0.0970574
0.0932721 9.9991E-05 0.406084 0.0576677 0.399604 0.0432724
0.0412681 0.14191 0.608967 0.000848562 0.134262 0.072744
0.00176231 0.0631565 0.493346 0.0653049 0.307846 0.0685838
0.0536929 0.098543 0.451232 0.0782105 0.168143 0.150179
0.0141886 0.0658794 0.393159 0.321104 0.0935145 0.112154
0.168439 0.0316183 0.447704 0.129203 9.9991E-05 0.222936
0.0626557 0.0539433 0.616786 0.0938807 0.0925166 0.0802179
0.0704103 0.146158 0.546899 0.0120715 0.0546992 0.169762
0.0130105 0.170258 0.423427 0.202156 9.9991E-05 0.191049
0.280588 0.0315892 0.428354 9.9991E-05 0.200788 0.0585806
0.0261146 0.139018 0.469962 0.16221 0.0339546 0.16874
0.410515 0.161134 0.0518436 0.258297 9.9991E-05 0.118111
0.0337328 9.9991E-05 0.506128 0.091616 0.185133 0.183291
0.0199526 0.0567017 0.582597 0.0900197 0.0693945 0.181334
0.0658686 0.0976423 0.448311 0.0429244 0.0623994 0.282855
0.202698 0.123167 0.247024 0.169339 0.107755 0.150017
0.144885 0.0856229 0.48558 0.156974 0.0351937 0.0917442
0.143704 9.9982E-05 0.57785 0.157718 9.9982E-05 0.120529
0.341758 9.9973E-05 9.9973E-05 0.455468 9.9973E-05 0.202474
0.053239 9.9991E-05 0.488177 0.207779 0.0299887 0.220716
0.101817 9.9991E-05 0.4664 0.183324 0.00292127 0.245438
0.0762745 0.180647 0.481212 0.0564242 9.9991E-05 0.205343
0.103372 9.9982E-05 0.526339 0.151593 9.9982E-05 0.218497
0.0533372 9.9991E-05 0.487402 0.129644 0.135108 0.194409
0.210601 0.173605 0.429665 0.0146899 0.0974043 0.0740345
0.0910162 0.148164 0.520102 0.11014 0.0957519 0.0348256
0.442979 0.402886 0.0272017 9.9991E-05 0.121625 0.00520893
0.547054 0.311657 0.0416659 9.9982E-05 0.099423 9.9982E-05
0.176036 0.200972 0.374127 9.9991E-05 0.0564814 0.192284
0.163773 9.9982E-05 0.417774 0.0856153 9.9982E-05 0.332638
0.184103 0.0413032 0.32334 0.100303 9.9991E-05 0.350851
0.285883 0.00982215 0.243592 0.17979 0.0127577 0.268155
0.109683 0.102681 0.330543 0.208196 9.9991E-05 0.248798
0.655382 0.0665755 0.134618 0.049337 9.9991E-05 0.0939872
0.437098 0.161374 0.21298 0.107948 9.9991E-05 0.0804998
0.151672 0.143514 0.485354 0.0246455 0.0327594 0.162054
0.202355 0.113963 0.531938 0.0736384 0.0221244 0.0559815
0.422346 0.123703 0.268335 0.0664091 9.9991E-05 0.119106
0.204141 0.0994168 0.464825 0.0398479 0.110121 0.0816485
0.299776 0.0247854 0.596824 0.00411824 9.9991E-05 0.0743962
0.128693 0.182182 0.384747 0.0756125 0.0109628 0.217803
0.275222 0.22359 0.348989 9.9982E-05 0.151999 9.9982E-05
0.383531 0.158371 0.349339 9.9991E-05 0.105026 0.00363234
0.154161 0.158003 0.488711 0.0422144 0.144188 0.0127221
0.22106 0.113437 0.369618 0.064812 0.211439 0.0196335
0.17143 0.0608768 0.493935 0.055681 0.125284 0.0927929
0.409666 0.0005124 0.542248 0.00750768 0.0399659 9.9991E-05
0.543646 0.111763 0.277558 9.9982E-05 0.0668337 9.9982E-05
0.140145 0.247531 0.563533 0.0425911 9.9991E-05 0.00610017
0.34206 0.360274 0.228383 9.9982E-05 0.0690826 9.9982E-05
0.378615 0.0913597 0.478857 0.0081312 0.042937 9.9991E-05
0.141345 0.0992467 0.568058 0.134806 0.03731 0.0192344
0.177127 0.21594 0.461868 9.9991E-05 0.12851 0.0164553
0.164966 0.0112721 0.484231 0.173026 9.9991E-05 0.166404
0.091812 0.150988 0.382899 0.140049 0.131038 0.103214
0.161926 0.102886 0.300247 0.110018 0.0434388 0.281485
0.113867 0.0405934 0.351638 0.168921 0.147765 0.177215
0.0781888 9.9991E-05 0.432427 0.165828 0.136217 0.18724
0.227933 9.9991E-05 0.402312 0.10915 0.101929 0.158575
0.501146 0.15072 9.9982E-05 0.148175 9.9982E-05 0.199758
0.0721424 9.9991E-05 0.580276 0.0727912 0.055682 0.219009
0.503822 9.9973E-05 9.9973E-05 0.368562 9.9973E-05 0.127316
0.144241 0.0690795 0.515327 0.0784368 9.9991E-05 0.192816
0.520798 0.382356 0.0965456 9.9973E-05 9.9973E-05 9.9973E-05
0.546816 0.366684 9.9973E-05 9.9973E-05 0.0862008 9.9973E-05
0.304133 0.174039 0.521528 9.9973E-05 9.9973E-05 9.9973E-05
0.242748 0.100048 0.656904 9.9973E-05 9.9973E-05 9.9973E-05
0.356635 0.146153 0.457951 9.9982E-05 0.0390603 9.9982E-05
0.21492 0.2184 0.56638 9.9973E-05 9.9973E-05 9.9973E-05
0.241854 0.160306 0.585905 9.9982E-05 9.9982E-05 0.0117355
0.0129676 9.9991E-05 0.122986 0.831916 0.0226154 0.00941442
0.0098676 9.9982E-05 9.9982E-05 0.680935 0.17872 0.130278
9.9973E-05 9.9973E-05 9.9973E-05 0.877402 0.0555942 0.0667043
9.9964E-05 9.9964E-05 0.0546043 0.944996 9.9964E-05 9.9964E-05
0.033723 0.297003 0.435101 0.0968643 0.0705599 0.0667488
9.9991E-05 0.419846 0.407399 0.0771656 0.045725 0.0497645
9.9973E-05 0.490002 0.49691 9.9973E-05 0.0127882 9.9973E-05
9.9982E-05 0.227824 0.646936 0.0770089 0.0480315 9.9982E-05
0.0989339 0.23592 0.483397 0.0750957 0.0930931 0.0135603
0.0159662 0.659182 0.198153 0.0114515 0.0885629 0.0266839
9.9973E-05 0.326016 0.66469 0.00899419 9.9973E-05 9.9973E-05
0.179102 0.474224 0.346373 9.9973E-05 9.9973E-05 9.9973E-05
0.0479072 9.9991E-05 0.50492 0.257161 0.0143675 0.175544
0.0636966 0.417879 0.372706 9.9991E-05 0.0427146 0.102904
9.9973E-05 0.605587 0.286797 9.9973E-05 0.107316 9.9973E-05
9.9991E-05 0.378916 0.569656 0.0150068 0.0345581 0.00176321
9.9982E-05 0.561669 0.31228 9.9982E-05 0.0734993 0.0523518
0.0911823 0.353512 0.544514 9.9982E-05 9.9982E-05 0.0105927
9.9982E-05 0.408604 0.555427 0.0268499 9.9982E-05 0.00891904
0.0881312 0.799616 0.111953 9.9973E-05 9.9973E-05 9.9973E-05
0.136419 0.555206 0.23554 9.9991E-05 0.0203552 0.0523796
0.0179342 0.604297 0.293572 0.00899801 0.0750983 9.9991E-05
0.191086 0.808514 9.9964E-05 9.9964E-05 9.9964E-05 9.9964E-05
9.9991E-05 0.498888 0.30483 0.0488457 0.113932 0.0334046
0.311373 0.572289 0.116038 9.9973E-05 9.9973E-05 9.9973E-05
0.28013 0.719471 9.9964E-05 9.9964E-05 9.9964E-05 9.9964E-05
9.9982E-05 0.451155 0.454447 0.0205021 9.9982E-05 0.0736961
9.9991E-05 0.718062 0.157219 0.0718256 0.0465903 0.00620287
0.0192107 0.552281 0.338154 9.9991E-05 0.0375579 0.0526962
0.0358209 0.296941 0.461641 0.0717383 0.0314053 0.102454
0.0144478 0.403438 0.579431 9.9982E-05 0.00248283 9.9982E-05
0.331269 9.9982E-05 0.385689 9.9982E-05 0.243937 0.0389048
9.9982E-05 0.470647 0.471243 9.9982E-05 0.0433795 0.0145302
9.9991E-05 0.498628 0.414559 0.0311798 0.0493768 0.0061566
9.9964E-05 0.717107 0.282493 9.9964E-05 9.9964E-05 9.9964E-05
0.00470653 0.236419 0.555712 0.0827731 0.0892765 0.0311125
0.0481411 0.0314301 9.9991E-05 0.616925 0.29465 0.00875379
0.012739 0.112003 9.9982E-05 0.775231 0.0998269 9.9982E-05
9.9973E-05 0.0166017 9.9973E-05 0.80842 0.174679 9.9973E-05
0.0416242 9.9973E-05 9.9973E-05 0.793972 0.164104 9.9973E-05
0.0153531 9.9982E-05 0.0452941 0.721101 0.218052 9.9982E-05
9.9991E-05 0.725865 0.0204003 0.0401432 0.163628 0.0498631
9.9982E-05 0.776084 0.033326 0.0815753 0.108815 9.9982E-05
0.0947672 0.788531 0.096102 9.9982E-05 9.9982E-05 0.0203995
0.0865692 0.215271 0.550705 0.132275 9.9991E-05 0.0150798
0.0948093 0.26569 0.440229 0.0954344 9.9991E-05 0.103738
0.0574364 0.656451 0.199365 0.0435033 9.9991E-05 0.0431441
0.0395777 0.277396 0.590467 9.9982E-05 9.9982E-05 0.0923597
0.0208634 0.535212 0.326001 0.0729831 9.9991E-05 0.0448407
0.0312282 0.342976 0.535912 0.0511991 0.0385841 9.9991E-05
0.0238712 0.271689 0.604428 0.0982527 0.00165859 9.9991E-05
0.00800253 0.65167 0.135509 9.9991E-05 0.137629 0.0670888
9.9973E-05 0.64191 0.311334 9.9973E-05 0.0464567 9.9973E-05
9.9982E-05 0.630983 0.244321 9.9982E-05 0.121598 0.00289841
0.281715 0.0475954 0.562389 0.108101 9.9982E-05 9.9982E-05
9.9991E-05 0.609278 0.348416 0.00759074 0.0136225 0.0209931
9.9973E-05 0.531211 0.439586 0.0289022 9.9973E-05 9.9973E-05
0.110321 0.0115642 0.37994 0.0748973 9.9991E-05 0.423177
0.0755103 0.111173 0.207959 0.0369922 0.0131932 0.555172
0.0193979 9.9982E-05 0.373331 0.159421 9.9982E-05 0.447651
0.0425929 9.9982E-05 0.328826 0.15151 9.9982E-05 0.476872
0.015915 9.9991E-05 0.478683 0.1046 0.0345071 0.366195
0.0929911 0.330567 0.500665 0.0755767 9.9982E-05 9.9982E-05
0.0456398 9.9991E-05 0.0413263 0.227395 0.00987423 0.675665
9.9982E-05 9.9982E-05 0.233359 0.140816 0.0508966 0.574729
0.118912 0.122507 0.39102 0.223499 0.032217 0.111846
0.268446 9.9982E-05 0.56449 0.10378 0.0630838 9.9982E-05
0.297043 0.048265 0.377778 0.0846044 0.152677 0.0396323
0.103367 0.0742712 0.648462 0.139559 0.0309057 0.00343499
0.0956494 0.183385 0.55418 0.120237 0.0212749 0.0252738
9.9982E-05 0.0250634 0.274238 0.23974 9.9982E-05 0.460759
9.9991E-05 0.129936 0.31658 0.143707 0.0310444 0.378633
0.0477574 9.9982E-05 0.412605 0.0191593 9.9982E-05 0.520278
0.0697597 0.0725455 0.405779 0.100801 0.00339917 0.347716
0.027149 0.062743 0.259318 0.109894 9.9991E-05 0.540796
0.012558 0.0966943 0.341253 0.0471314 0.103802 0.39856
0.0146348 0.0633273 0.265152 0.0953618 0.0266386 0.534885
0.0621967 0.124536 0.170241 0.028376 0.123931 0.49072
0.277475 0.0360965 0.516324 0.0491396 0.0508155 0.0701491
0.046801 0.0890676 0.333786 0.174548 9.9991E-05 0.355697
0.040996 9.9982E-05 0.10767 0.179427 9.9982E-05 0.671707
9.9991E-05 0.256297 0.151406 0.0515557 0.132071 0.408571
0.210715 0.14654 0.211794 0.156614 0.274237 9.9991E-05
0.264304 9.9982E-05 0.541156 9.9982E-05 0.0519089 0.142432
9.9991E-05 0.0951856 0.257807 0.0998869 0.165018 0.382002
0.201884 9.9991E-05 0.532671 0.124426 0.0540222 0.0868969
0.244855 0.0997303 0.451114 0.149347 0.0548536 9.9991E-05
0.0989336 0.146663 0.345152 0.127841 9.9991E-05 0.281311
0.1559 9.9991E-05 0.317588 0.207456 0.0246516 0.294304
0.140373 0.0954151 0.497689 0.0744606 0.0406211 0.151442
0.0680902 0.0699533 0.405167 0.0962912 9.9991E-05 0.360399
0.0310653 9.9991E-05 0.430015 0.100918 0.000716345 0.437186
0.0542825 9.9982E-05 0.149262 0.20872 9.9982E-05 0.587536
0.237525 9.9991E-05 0.615309 0.130098 0.00935043 0.00761837
0.230974 0.0795825 0.488268 0.107965 0.0931103 9.9991E-05
0.66547 9.9982E-05 0.23018 0.0824855 9.9982E-05 0.0216653
0.218801 0.0674324 0.573477 0.111028 9.9991E-05 0.029162
0.145198 0.0703008 0.422778 0.120367 0.221309 0.0200472
0.0602937 0.0728952 0.463202 0.220406 0.0520313 0.131171
0.117531 0.0767977 0.43466 0.106428 0.114277 0.150306
0.493471 9.9973E-05 9.9973E-05 0.310654 9.9973E-05 0.195576
0.594738 9.9973E-05 9.9973E-05 0.321461 9.9973E-05 0.0835011
0.406354 9.9991E-05 0.308768 0.157959 0.0397474 0.0870707
0.457764 9.9982E-05 0.00376855 0.317444 9.9982E-05 0.220823
0.36774 9.9973E-05 9.9973E-05 0.41837 9.9973E-05 0.21359
0.309714 0.090548 0.342251 0.0990766 0.0127751 0.145635
0.195216 9.9982E-05 0.438351 0.238348 9.9982E-05 0.127885
0.367273 0.00731972 0.216406 0.24101 9.9991E-05 0.167892
0.485746 9.9982E-05 0.127066 0.24632 9.9982E-05 0.140669
0.255729 0.0341207 0.489028 0.124613 9.9991E-05 0.0964092
0.443417 0.0382808 0.215904 0.206758 9.9991E-05 0.0955403
0.507684 9.9973E-05 9.9973E-05 0.451234 9.9973E-05 0.0407826
9.9991E-05 0.169417 0.377763 0.1786 0.0684702 0.205649
0.211161 0.0254385 0.36614 0.152028 0.0256215 0.219612
9.9991E-05 0.0941578 0.42224 0.259574 0.0108294 0.213099
9.9973E-05 9.9973E-05 0.589469 0.145099 9.9973E-05 0.265132
0.0154519 0.0780711 0.487485 0.159897 0.026312 0.232782
0.04129 0.024423 0.502786 0.167148 9.9991E-05 0.264252
0.0880706 9.9991E-05 0.380302 0.370601 0.0114272 0.149499
0.000286759 9.9991E-05 0.55338 0.19127 0.102403 0.15256
0.00172225 0.0767082 0.436435 0.2445 9.9991E-05 0.240535
0.0766483 0.0629768 0.353694 0.255432 0.0355195 0.215729
0.0353386 0.202976 0.251952 0.15884 0.190437 0.160456
0.194556 9.9991E-05 0.514863 0.114164 0.0679513 0.108366
0.105244 0.0518878 0.435848 0.133201 9.9991E-05 0.273719
9.9991E-05 0.0918709 0.591005 0.103307 0.11308 0.100637
0.0674953 9.9991E-05 0.370066 0.298202 0.0275208 0.236616
0.0512183 0.109053 0.417945 0.195049 9.9991E-05 0.226636
0.255754 0.0221943 0.187367 0.335599 9.9991E-05 0.198986
0.0817356 0.00917422 0.496416 0.177178 0.100947 0.134549
0.191616 9.9982E-05 0.270362 0.257742 9.9982E-05 0.28008
9.9982E-05 0.113129 9.9982E-05 0.785833 0.0950303 0.00580727
9.9991E-05 0.12063 0.0844301 0.0192255 0.731873 0.0437412
9.9964E-05 0.0269446 9.9964E-05 9.9964E-05 0.972656 9.9964E-05
9.9973E-05 9.9973E-05 0.005157 0.00353697 0.991006 9.9973E-05
9.9964E-05 9.9964E-05 0.0564768 9.9964E-05 0.943123 9.9964E-05
9.9973E-05 9.9973E-05 0.0183834 9.9973E-05 0.919516 0.0618008
9.9964E-05 9.9964E-05 0.0407037 9.9964E-05 0.958896 9.9964E-05
9.9964E-05 9.9964E-05 9.9964E-05 0.0622298 0.93737 9.9964E-05
9.9964E-05 9.9964E-05 9.9964E-05 0.171382 0.828218 9.9964E-05
0.0134873 0.0676371 0.0251734 0.885704 0.00789793 9.9991E-05
9.9973E-05 9.9973E-05 0.0809203 0.809867 0.108913 9.9973E-05
0.00563442 9.9991E-05 0.0421594 0.884303 0.0148341 0.0529688
0.0308854 9.9982E-05 0.054919 0.771243 0.142753 9.9982E-05
9.9982E-05 9.9982E-05 0.0453288 0.91669 0.0180273 0.0197542
9.9982E-05 0.02747 9.9982E-05 0.868995 0.0828796 0.0204551
0.0135821 9.9991E-05 0.0108751 0.768234 0.0610131 0.146195
0.0282372 0.00929541 0.0169041 0.866887 0.00403982 0.0746368
9.9991E-05 0.0445456 0.048013 0.734363 0.120987 0.0519908
9.9982E-05 0.0280121 9.9982E-05 0.870408 0.00951797 0.0918622
0.00800032 0.0240724 9.9982E-05 0.966685 0.00104192 9.9982E-05
9.9991E-05 0.02759 0.0082561 0.821858 0.0673652 0.0748308
9.9964E-05 9.9964E-05 9.9964E-05 0.959763 0.039837 9.9964E-05
0.0242504 9.9982E-05 0.0228337 0.901924 9.9982E-05 0.0507923
9.9973E-05 9.9973E-05 0.118274 0.868972 0.0124543 9.9973E-05
9.9973E-05 9.9973E-05 0.0975413 0.853399 9.9973E-05 0.0487597
9.9973E-05 9.9973E-05 0.0808772 0.775857 9.9973E-05 0.142966
9.9973E-05 9.9973E-05 0.173754 0.772078 9.9973E-05 0.0538681
9.9973E-05 9.9973E-05 0.155492 0.813185 9.9973E-05 0.0310226
0.291127 0.102568 0.409191 0.144139 0.0528749 9.9991E-05
0.232287 0.0314057 0.647856 0.0719173 0.0164341 9.9991E-05
0.0601216 0.078213 0.586017 0.15892 0.0874808 0.0292477
0.773719 0.0157391 0.162192 0.0240753 9.9991E-05 0.0241747
0.158378 0.0764584 0.504697 0.107652 0.152714 9.9991E-05
0.689344 9.9973E-05 0.169943 0.140413 9.9973E-05 9.9973E-05
0.15683 9.9991E-05 0.751899 0.0632574 0.0223995 0.00551425
0.230512 0.104062 0.409849 0.0553562 0.200121 9.9991E-05
0.305779 0.0168139 0.508262 0.0659117 0.103134 9.9991E-05
0.0606743 0.427783 0.343456 0.0574 0.0381108 0.0725769
0.365284 9.9982E-05 0.463455 0.0768982 0.094163 9.9982E-05
0.149625 0.0213744 0.607514 0.127716 0.0936713 9.9991E-05
0.217133 0.0121393 0.629422 0.0500342 0.0911716 9.9991E-05
0.288547 0.127198 0.0589831 9.9991E-05 0.499979 0.0251927
0.887128 0.0128127 9.9982E-05 0.00659229 0.0932674 9.9982E-05
0.687899 9.9982E-05 0.201904 0.0431522 0.0668438 9.9982E-05
0.207613 9.9982E-05 0.628 0.130932 9.9982E-05 0.0332556
0.317662 0.0035455 0.547227 0.102259 0.0292055 9.9991E-05
0.319682 0.0285918 0.580645 0.070881 9.9982E-05 9.9982E-05
0.0899099 9.9991E-05 0.62241 0.0969696 0.11159 0.0790203
0.153522 9.9982E-05 0.547673 0.197729 9.9982E-05 0.100876
0.0190014 0.00277949 0.63418 0.193901 0.0093953 0.140743
0.0897863 0.105456 0.157919 0.420089 0.106823 0.119926
0.0463162 0.0964994 0.65359 0.0958171 0.107678 9.9991E-05
0.0444049 0.0469456 0.440492 0.244049 0.0745693 0.14954
0.405315 9.9973E-05 9.9973E-05 0.421317 9.9973E-05 0.173068
0.174262 0.0711327 0.296728 0.260048 9.9991E-05 0.19773
0.0287727 0.0945633 0.250761 0.34564 0.0871608 0.193103
9.9991E-05 0.00556483 0.413459 0.271787 0.176312 0.132777
0.0419343 0.0719972 0.402662 0.165822 0.0759805 0.241604
0.0580223 0.0963017 0.472078 0.206205 9.9991E-05 0.167293
0.149701 0.0338029 0.589678 0.105577 9.9991E-05 0.121141
0.224651 0.103304 0.353796 0.129414 9.9991E-05 0.188735
9.9982E-05 9.9982E-05 0.400448 0.508233 0.00569567 0.0854235
