0.0423144 9.9991E-05 0.0337655 0.0191378 0.0232548 0.881427
0.000714748 0.0164122 9.9982E-05 0.0248289 9.9982E-05 0.957844
0.0120959 9.9991E-05 0.0614865 0.00328781 0.102432 0.820598
0.0791727 9.9982E-05 0.0446836 9.9982E-05 0.070701 0.805243
9.9982E-05 0.0402693 0.0336964 9.9982E-05 0.0562871 0.869547
9.9982E-05 0.20005 0.0260938 9.9982E-05 0.123137 0.65052
0.0224991 0.126828 0.0113577 9.9982E-05 9.9982E-05 0.839115
0.0763365 0.185541 0.0351266 9.9982E-05 9.9982E-05 0.702796
0.0945415 0.0500578 9.9982E-05 0.0216329 9.9982E-05 0.833568
0.0199071 0.094806 0.0520574 9.9991E-05 0.134162 0.698968
0.106421 0.0807291 9.9991E-05 0.0194741 0.0626441 0.730632
0.396702 0.0535993 0.0792846 0.249842 0.220472 9.9991E-05
0.191085 0.108239 0.0338851 0.0757149 0.580728 0.0103481
0.436477 0.118832 0.086219 0.137394 0.220978 9.9991E-05
0.325887 9.9991E-05 0.195478 0.215431 0.221071 0.0420327
0.175023 0.0544315 0.145383 0.173172 0.3598 0.0921898
0.122938 0.0371877 9.9991E-05 0.109278 0.621346 0.109151
0.193244 0.040177 0.0924046 0.228675 0.445399 9.9991E-05
0.244474 9.9991E-05 0.137659 0.268606 0.225584 0.123577
0.628197 0.106551 0.0846194 0.159345 9.9991E-05 0.0211883
0.234985 0.0783213 0.0935796 0.167119 0.425895 9.9991E-05
0.146472 0.228354 0.117362 0.114824 0.392888 9.9991E-05
0.163938 0.132235 9.9991E-05 0.105427 0.564711 0.0335895
0.319058 0.0635995 0.148041 0.243563 0.225639 9.9991E-05
0.15438 0.0871901 0.0356103 0.0209809 0.591093 0.110746
0.20941 0.0625055 0.110779 0.0395543 0.555545 0.0222067
0.437285 9.9982E-05 0.150905 0.293614 0.117996 9.9982E-05
0.395268 9.9991E-05 0.248183 0.257421 0.0917539 0.00727406
0.425103 0.161661 0.00174659 0.177047 0.234343 9.9991E-05
9.9973E-05 9.9973E-05 0.107696 9.9973E-05 0.0545185 0.837486
9.9964E-05 9.9964E-05 9.9964E-05 9.9964E-05 0.160619 0.838981
0.0116963 9.9991E-05 0.0102208 0.0276587 0.18587 0.764454
9.9982E-05 9.9982E-05 0.0760498 0.0655247 0.118275 0.739951
0.119922 0.0773275 9.9991E-05 0.207262 0.545866 0.0495219
0.114986 9.9991E-05 0.00557259 0.213177 0.510282 0.155882
9.9982E-05 0.00251514 9.9982E-05 0.360463 0.607713 0.0291089
0.585449 9.9991E-05 0.0967751 0.188031 0.0624437 0.0672013
0.0330743 9.9991E-05 0.0315139 0.52713 0.347386 0.0607956
0.0417969 0.045548 9.9991E-05 0.349955 0.451174 0.111426
9.9982E-05 9.9982E-05 0.0281037 0.183417 0.70505 0.0832298
0.0345413 0.129348 0.0145688 0.169489 0.545477 0.106576
0.0717156 0.118283 9.9991E-05 0.0633485 0.632306 0.114247
0.0615817 0.0270049 9.9991E-05 0.716064 0.111637 0.0836122
0.0607069 0.147754 0.0644408 0.0460539 0.598156 0.0828887
9.9982E-05 9.9982E-05 0.0353941 0.36187 0.571768 0.0307682
0.000431188 0.044051 0.0826976 0.131915 0.603833 0.137072
9.9973E-05 9.9973E-05 9.9973E-05 0.662913 0.325341 0.0114458
9.9982E-05 0.00447046 9.9982E-05 0.234621 0.700625 0.0600842
0.0700646 0.0966752 0.0825632 0.204507 0.467473 0.0787166
9.9973E-05 0.275965 9.9973E-05 0.666544 9.9973E-05 0.0571909
0.398274 0.104964 9.9982E-05 0.277189 0.219372 9.9982E-05
0.169436 0.449123 9.9991E-05 0.215394 0.145586 0.0203603
0.189368 0.0414782 0.0926208 0.0252681 0.609214 0.0420508
9.9982E-05 0.215166 0.125048 9.9982E-05 0.563269 0.0963173
0.0370327 0.18499 9.9982E-05 9.9982E-05 0.754926 0.0228518
0.330448 0.210474 0.00886384 0.262405 0.116114 0.0716956
0.158591 0.147824 0.0562262 0.0787922 0.558467 9.9991E-05
0.120329 0.173016 0.0829573 9.9991E-05 0.531357 0.0922404
0.205347 0.153467 9.9991E-05 0.140276 0.381069 0.11974
0.354586 0.260191 0.113771 0.10351 0.021344 0.146599
0.146438 0.0326839 0.0774573 0.19524 0.481813 0.0663671
0.312948 0.088459 0.0879492 0.0836921 0.349789 0.0771627
0.510163 0.165248 9.9991E-05 0.269658 0.0248189 0.0300115
0.301485 0.0537528 0.0162597 0.159636 0.468767 9.9991E-05
0.0491884 0.185072 0.117632 0.0958335 0.552174 9.9991E-05
0.202777 0.0561504 0.123817 0.110827 0.436329 0.0700995
0.286424 0.111945 0.0855547 0.252925 0.231787 0.0313644
0.204447 0.174408 0.0404262 0.0875938 0.478222 0.014903
0.099483 0.220252 0.0159628 0.0126895 0.581591 0.0700217
0.421747 0.170041 9.9991E-05 0.176863 0.206211 0.0250375
0.0608623 9.9973E-05 9.9973E-05 0.420819 0.518019 9.9973E-05
0.0834655 9.9982E-05 9.9982E-05 0.713072 0.189986 0.0132769
0.0317252 0.0250712 0.0261743 0.319695 0.476712 0.120622
9.9964E-05 0.118008 9.9964E-05 0.881592 9.9964E-05 9.9964E-05
9.9964E-05 0.135369 9.9964E-05 0.864231 9.9964E-05 9.9964E-05
9.9964E-05 9.9964E-05 9.9964E-05 0.742426 0.257174 9.9964E-05
0.0196205 9.9982E-05 9.9982E-05 0.482685 0.446056 0.0514388
9.9991E-05 0.107077 0.0582295 0.0651826 0.603603 0.165808
0.0162115 9.9982E-05 0.0916458 0.507377 0.384566 9.9982E-05
0.123431 9.9991E-05 0.0544068 0.725223 0.0761303 0.0207091
0.23673 9.9982E-05 0.0464877 0.556665 0.159917 9.9982E-05
0.109775 9.9991E-05 0.126688 0.288685 0.412258 0.0624953
0.0144349 9.9982E-05 0.0377587 0.657494 0.290112 9.9982E-05
0.0347107 9.9982E-05 9.9982E-05 0.54008 0.380713 0.0442962
9.9973E-05 0.0665368 9.9973E-05 0.553122 0.380041 9.9973E-05
9.9964E-05 0.274933 9.9964E-05 0.724667 9.9964E-05 9.9964E-05
0.0380576 0.0175266 9.9991E-05 0.238704 0.688181 0.017431
0.0395481 9.9991E-05 0.067107 0.0314889 0.0642416 0.797514
9.9964E-05 9.9964E-05 9.9964E-05 9.9964E-05 0.108691 0.890909
9.9973E-05 9.9973E-05 0.0316069 9.9973E-05 0.0845287 0.883565
9.9982E-05 0.00111962 9.9982E-05 0.0021624 0.0683268 0.928191
9.9973E-05 9.9973E-05 9.9973E-05 0.0111693 0.132994 0.855536
9.9973E-05 9.9973E-05 9.9973E-05 0.00234918 0.0874058 0.909945
9.9982E-05 9.9982E-05 0.019737 0.00449663 0.0609081 0.914658
0.122823 0.0452004 0.101892 0.159803 0.477329 0.0929528
0.0929233 9.9991E-05 0.138972 0.184474 0.49712 0.0864107
0.0422208 9.9982E-05 9.9982E-05 0.855673 0.0686599 0.0332459
0.113647 0.0247586 0.00641491 0.124283 0.610954 0.119943
0.0694516 9.9991E-05 0.0053147 0.467066 0.441936 0.0161323
9.9982E-05 0.00621656 9.9982E-05 0.306743 0.619587 0.067253
0.0348421 0.00544875 0.0468255 0.334386 0.558731 0.019766
9.9991E-05 0.0577475 0.0368245 0.409501 0.480032 0.0157945
0.214612 9.9973E-05 9.9973E-05 0.775296 9.9973E-05 0.00979246
0.108659 0.0147889 0.159007 0.175429 0.444927 0.0971891
0.120979 0.00131667 0.0930701 0.219192 0.525983 0.0394591
0.0631832 9.9991E-05 0.0343188 0.256831 0.584787 0.0607793
0.00972692 0.125315 0.0189572 0.492517 0.308432 0.0450507
9.9982E-05 0.0878088 9.9982E-05 0.390016 0.501097 0.0208786
0.0883939 0.0229305 9.9991E-05 0.376986 0.478582 0.0330082
9.9973E-05 9.9973E-05 0.0947957 0.649779 0.255125 9.9973E-05
0.122201 9.9982E-05 9.9982E-05 0.37933 0.429448 0.0688215
0.0589242 0.0481173 9.9991E-05 0.232913 0.542434 0.117511
0.295544 0.27442 0.0277153 0.179944 0.193893 0.0284845
0.360729 0.0298676 0.00504242 0.0774548 0.412671 0.114235
0.0427924 0.121234 9.9991E-05 0.103466 0.640209 0.0921993
0.140965 0.0932193 0.0365736 0.0160789 0.608859 0.104305
0.333662 0.0393393 0.0213896 0.0788137 0.499073 0.0277222
0.310111 0.0290167 0.0424544 0.0386907 0.579627 9.9991E-05
0.389848 0.0246679 0.00495478 0.0346228 0.491944 0.053963
0.100946 0.114409 9.9991E-05 0.0759157 0.618741 0.0898878
0.108847 9.9991E-05 0.13978 0.280369 0.384031 0.0868733
0.129149 0.10919 9.9991E-05 0.11143 0.600991 0.049139
0.331349 0.0309535 9.9982E-05 0.0721897 0.565308 9.9982E-05
0.111346 0.0919417 0.0307016 0.0484649 0.710648 0.00689745
0.16008 0.0844413 0.101671 0.0615883 0.538501 0.053718
0.277854 0.00548109 0.103928 0.0983192 0.514318 9.9991E-05
0.0458514 0.164356 0.0364875 0.0370632 0.586216 0.130026
0.249617 0.113706 0.094099 9.9982E-05 0.542378 9.9982E-05
0.298586 0.209545 0.0407124 0.000980183 0.346493 0.103683
0.147172 0.0331149 0.0345144 0.0967158 0.688383 9.9991E-05
0.217258 0.103164 0.0407899 9.9982E-05 0.638588 9.9982E-05
0.33945 0.077117 0.122922 0.321792 0.138619 9.9991E-05
0.275662 0.384237 0.0750176 0.116021 0.140145 0.00891711
0.222964 0.0367099 9.9991E-05 0.105393 0.558128 0.0767048
0.284952 0.400105 9.9982E-05 0.173747 0.140996 9.9982E-05
0.399987 0.0666972 0.000944236 0.182609 0.25854 0.0912222
0.33359 0.0222305 9.9982E-05 0.242891 0.401089 9.9982E-05
0.411966 9.9982E-05 9.9982E-05 0.188837 0.375414 0.0235834
0.424676 9.9991E-05 0.0418564 0.187938 0.299213 0.0462158
0.120537 0.0696556 0.0581995 0.0900007 0.580338 0.0812693
0.163192 0.0310449 0.0875154 0.124685 0.504315 0.0892477
0.214037 0.0239768 0.0316471 0.0658379 0.54047 0.124031
0.292641 0.3475 0.0444274 0.194856 0.120476 9.9991E-05
9.9991E-05 0.141619 0.00156064 0.0352579 0.594289 0.227173
0.0243465 0.0953948 0.0324005 0.30046 0.484138 0.0632599
0.102064 0.546616 9.9991E-05 0.204742 0.00536411 0.141113
9.9991E-05 0.125224 0.0410228 0.0905422 0.640515 0.102596
0.0395634 0.297202 0.0247819 0.21168 0.351694 0.0750787
0.055315 0.257523 0.123412 0.0356307 0.492221 0.0358978
0.117002 0.432398 0.0697171 0.0521892 0.25241 0.0762832
0.115546 0.467764 9.9991E-05 0.0420445 0.264781 0.109764
0.13291 0.291011 0.00725761 0.039825 0.475244 0.0537521
0.0232648 0.171078 0.0443039 0.133453 0.460081 0.167819
0.0505314 0.201084 0.0598215 0.141387 0.411086 0.13609
0.0676588 0.39939 0.179261 0.283115 9.9991E-05 0.0704755
0.172637 0.0916977 0.123928 0.10523 0.459852 0.0466558
0.02969 0.277668 9.9982E-05 0.318351 0.374091 9.9982E-05
0.0971324 0.282446 9.9982E-05 0.14089 0.479332 9.9982E-05
0.00610773 0.199553 0.132043 0.0396177 0.564603 0.0580753
0.0267191 0.28545 0.249196 9.9991E-05 0.139572 0.298963
9.9973E-05 0.332618 0.143831 9.9973E-05 9.9973E-05 0.523251
9.9973E-05 0.411623 0.144948 9.9973E-05 9.9973E-05 0.443129
0.0375154 0.153167 0.361122 9.9991E-05 0.0907584 0.357337
9.9982E-05 0.300716 0.0568507 0.0643762 0.577857 9.9982E-05
0.0529452 0.080671 0.0400785 0.112721 0.624625 0.0889597
0.0225109 9.9982E-05 0.737632 0.0307434 0.208914 9.9982E-05
0.14773 9.9982E-05 0.415808 0.0566561 0.379605 9.9982E-05
0.0340731 0.0590928 0.375915 0.0901839 0.366571 0.0741647
9.9982E-05 0.549301 9.9982E-05 0.0725497 0.372792 0.00515728
0.0774918 0.168376 0.0784925 0.147993 0.499059 0.0285879
0.00784988 0.70324 9.9982E-05 0.0437416 0.244969 9.9982E-05
9.9982E-05 0.254286 9.9982E-05 0.138932 0.595374 0.0112075
9.9991E-05 0.311655 0.014065 0.15007 0.501941 0.0221695
0.0406917 0.292447 0.0513106 0.0501725 0.565278 9.9991E-05
9.9973E-05 0.639504 9.9973E-05 0.12052 0.239676 9.9973E-05
9.9991E-05 0.0792422 0.00586708 0.189807 0.635109 0.0898744
9.9991E-05 0.13808 0.0208779 0.120876 0.650242 0.0698244
9.996E-05 9.996E-05 0.9995 9.996E-05 9.996E-05 9.996E-05
0.0193943 9.9973E-05 0.926834 9.9973E-05 0.0534719 9.9973E-05
9.9991E-05 0.0424002 0.535704 0.131876 0.224673 0.0652466
0.0257622 9.9973E-05 0.639263 9.9973E-05 0.334675 9.9973E-05
0.00595907 9.9982E-05 0.80588 0.147947 0.0400141 9.9982E-05
9.996E-05 9.996E-05 0.9995 9.996E-05 9.996E-05 9.996E-05
0.0415836 9.9964E-05 0.958017 9.9964E-05 9.9964E-05 9.9964E-05
9.9964E-05 9.9964E-05 0.810081 9.9964E-05 0.189519 9.9964E-05
0.000701965 9.9982E-05 0.96886 0.0049979 0.0252399 9.9982E-05
9.996E-05 9.996E-05 0.9995 9.996E-05 9.996E-05 9.996E-05
9.996E-05 9.996E-05 0.9995 9.996E-05 9.996E-05 9.996E-05
0.0466437 9.9982E-05 0.820874 9.9982E-05 0.105284 0.026998
0.0245012 0.0190406 0.782369 9.9991E-05 0.151847 0.0221431
0.008492 9.9973E-05 0.968972 0.0222359 9.9973E-05 9.9973E-05
0.220791 0.0187072 0.428618 0.0391464 0.275281 0.017457
0.0609471 9.9982E-05 0.665302 0.120407 0.153144 9.9982E-05
0.0602848 9.9973E-05 0.661552 9.9973E-05 0.277864 9.9973E-05
0.0031321 9.9982E-05 0.830956 9.9982E-05 0.0987521 0.0669601
9.9964E-05 9.9964E-05 0.999167 9.9964E-05 0.000433448 9.9964E-05
9.9982E-05 0.00224696 0.850942 9.9982E-05 0.126087 0.0205241
9.996E-05 9.996E-05 0.9995 9.996E-05 9.996E-05 9.996E-05
0.0799144 9.9982E-05 0.580482 9.9982E-05 0.317804 0.0215994
0.0103316 9.9991E-05 0.885867 0.0711215 0.0125182 0.0200622
9.9973E-05 0.600579 0.0437792 9.9973E-05 9.9973E-05 0.355342
0.144022 0.204655 0.0931064 0.0349016 0.352464 0.170851
0.00284717 0.135838 0.057235 0.11049 0.432648 0.260942
9.9991E-05 0.509915 0.174342 0.0255511 0.115712 0.174379
0.0444373 0.178348 0.0970996 0.106836 0.489175 0.0841037
9.9991E-05 0.394829 0.0990262 0.0635419 0.183552 0.258951
0.0620638 0.0833566 0.0972053 0.161609 0.388269 0.207497
9.9982E-05 0.3848 0.163598 9.9982E-05 0.324289 0.127112
0.000948459 0.253358 0.136742 9.9991E-05 0.475601 0.133251
9.9982E-05 0.303018 0.21276 9.9982E-05 0.328083 0.155939
9.9982E-05 0.256628 0.0312589 9.9982E-05 0.538594 0.173319
0.0770749 0.0342589 9.9982E-05 9.9982E-05 0.0583424 0.830124
9.9982E-05 0.0231216 0.0609939 0.00995686 9.9982E-05 0.905728
0.0409004 9.9982E-05 9.9982E-05 0.00173838 0.00731826 0.949843
0.0387787 9.9973E-05 9.9973E-05 9.9973E-05 0.0408416 0.92008
0.0639168 9.9982E-05 0.0142939 9.9982E-05 0.036394 0.885195
9.9973E-05 0.0511754 0.12775 9.9973E-05 9.9973E-05 0.820775
9.9973E-05 9.9973E-05 0.0953322 9.9973E-05 0.027064 0.877304
0.0202674 0.112402 9.9982E-05 9.9982E-05 0.016024 0.851106
9.9973E-05 9.9973E-05 9.9973E-05 0.0610602 0.0163373 0.922303
0.0392277 0.00121168 0.125621 9.9982E-05 9.9982E-05 0.83374
0.168388 0.0279402 9.9982E-05 0.181269 9.9982E-05 0.622203
0.310953 9.9973E-05 9.9973E-05 0.0912954 9.9973E-05 0.597452
0.241196 0.133086 9.9982E-05 0.0701691 9.9982E-05 0.555349
0.312651 0.0767099 9.9982E-05 0.115458 9.9982E-05 0.494981
0.0366065 0.146172 9.9991E-05 0.326176 0.430965 0.0599806
0.120678 0.0207552 0.0264477 0.343499 0.48852 9.9991E-05
0.164668 9.9982E-05 9.9982E-05 0.185007 0.622906 0.0272189
0.235234 9.9982E-05 9.9982E-05 0.334231 0.416631 0.013704
0.628347 0.0474687 9.9982E-05 0.14919 0.174794 9.9982E-05
9.9991E-05 0.00874918 0.064384 0.346964 0.51946 0.0603429
0.0405104 0.0483739 0.0334452 0.281433 0.596138 9.9991E-05
0.133261 0.0820725 0.000689546 0.260245 0.523633 9.9991E-05
9.9982E-05 0.0603221 0.0310934 0.58249 0.325894 9.9982E-05
0.0872719 9.9991E-05 0.0580216 0.149165 0.619051 0.0863905
0.143495 9.9982E-05 9.9982E-05 0.417233 0.40242 0.0366524
0.058014 0.201109 9.9973E-05 0.740577 9.9973E-05 9.9973E-05
0.138575 0.0530701 0.005394 0.159337 0.606671 0.0369526
9.9991E-05 0.255449 0.0245849 0.489149 0.229859 0.000857472
9.9973E-05 0.0924285 9.9973E-05 0.378852 0.52842 9.9973E-05
0.181937 9.9982E-05 9.9982E-05 0.706079 0.0949097 0.0168736
0.664705 0.203802 9.9973E-05 9.9973E-05 9.9973E-05 0.131194
0.744955 0.12736 9.9982E-05 9.9982E-05 0.0420228 0.0854621
0.800035 0.149593 9.9973E-05 9.9973E-05 9.9973E-05 0.0500715
0.7835 0.0519677 9.9982E-05 0.0275222 9.9982E-05 0.13681
0.814623 0.141396 0.00627035 9.9982E-05 0.0375106 9.9982E-05
0.756794 0.0736658 9.9982E-05 9.9982E-05 0.0920642 0.0772759
9.9982E-05 9.9982E-05 0.0233657 0.0393879 0.0810736 0.855973
0.0714725 9.9982E-05 0.0446442 9.9982E-05 0.0509489 0.832734
9.9973E-05 9.9973E-05 0.0926855 9.9973E-05 0.14262 0.764395
0.09673 9.9982E-05 0.118011 9.9982E-05 0.0276289 0.757431
0.0447003 0.0143876 0.0921698 9.9991E-05 0.0622258 0.786417
0.541498 0.057664 9.9982E-05 0.00181743 9.9982E-05 0.398821
0.395856 0.131137 9.9982E-05 0.0449594 9.9982E-05 0.427848
0.407952 0.0536603 0.0259671 0.104456 9.9991E-05 0.407864
0.0232674 9.9982E-05 0.00692233 9.9982E-05 0.140959 0.828651
0.455083 0.0627197 9.9982E-05 0.0782446 9.9982E-05 0.403753
9.9991E-05 0.174019 0.370128 0.0335192 0.224025 0.198209
0.0513991 0.0428159 0.163699 0.0934395 0.545193 0.103454
9.9973E-05 9.9973E-05 0.253363 9.9973E-05 0.553647 0.19269
0.00169101 0.0815858 0.188815 0.0956517 0.323649 0.308608
0.126246 0.0665759 0.20008 0.0728919 0.451499 0.0827075
9.9973E-05 0.233867 0.307529 9.9973E-05 9.9973E-05 0.458303
0.30691 0.0845756 9.9991E-05 0.099464 0.475278 0.0336724
0.281318 0.251477 0.00495044 0.0786568 0.380883 0.00271559
0.476251 0.0400407 9.9991E-05 0.0977313 0.314208 0.0716694
0.118252 0.246099 9.9982E-05 0.172745 0.462705 9.9982E-05
0.12929 0.60814 9.9973E-05 0.262271 9.9973E-05 9.9973E-05
0.101505 0.152569 9.9991E-05 0.0428699 0.605667 0.0972892
0.173976 0.217756 9.9991E-05 0.072571 0.51433 0.0212672
0.367453 9.9982E-05 9.9982E-05 0.218667 0.344111 0.0695695
0.149289 0.0692272 0.0615981 0.0657798 0.552885 0.101221
0.281724 0.391871 9.9982E-05 0.162405 0.1638 9.9982E-05
0.175826 0.218128 0.0857342 0.0851334 0.435079 9.9991E-05
0.279393 0.0206165 0.0333872 0.134116 0.532388 9.9991E-05
0.0619064 0.018309 0.189267 0.177803 0.402805 0.149909
0.26562 0.225345 9.9982E-05 0.134838 0.373998 9.9982E-05
0.246331 0.147426 0.0182005 0.116526 0.424923 0.0465927
0.15779 0.181505 0.141785 0.124137 0.394684 9.9991E-05
0.0765104 0.172554 9.9991E-05 0.133386 0.607864 0.00958618
0.086001 0.0755859 0.0824967 0.0991765 0.636549 0.020191
0.199677 0.115895 0.0187056 0.0346552 0.59972 0.0313469
0.137638 0.0281577 0.0359274 0.105934 0.592992 0.0993508
9.9973E-05 9.9973E-05 0.0649489 9.9973E-05 0.148789 0.785963
9.9973E-05 0.0205182 9.9973E-05 9.9973E-05 0.13403 0.845151
0.0417371 0.0851368 0.0209772 0.00248395 0.0786543 0.771011
0.0232848 9.9991E-05 0.0540391 0.0862121 0.0108639 0.8255
9.9973E-05 9.9973E-05 0.0117483 9.9973E-05 0.14331 0.844642
0.560609 0.0886079 0.0338115 0.128083 0.156538 0.0323503
0.154214 0.0821129 0.0590968 0.116649 0.543871 0.0440564
9.9982E-05 0.227189 0.0459393 9.9982E-05 0.556285 0.170386
0.148356 0.0637327 0.0519042 0.0962336 0.625134 0.0146401
0.226248 0.00792214 9.9991E-05 0.125251 0.571269 0.0692096
0.353587 0.23716 0.0673307 0.0638536 0.277969 9.9991E-05
0.567901 0.0889682 9.9991E-05 0.19365 0.00569213 0.143689
0.319393 9.9991E-05 0.0662497 0.059875 0.517277 0.037105
0.52681 0.12659 0.0813568 0.136458 0.112677 0.016108
0.122729 0.298405 0.0285234 0.101098 0.436176 0.0130686
0.558468 0.0620508 0.0677659 0.213832 0.0170123 0.0808708
0.21577 0.0375997 0.106292 0.0478148 0.556321 0.0362026
0.528837 0.0245177 0.0103762 0.13723 0.231967 0.0670726
0.240673 0.222483 0.0692816 0.0906163 0.359534 0.0174114
0.0633808 0.279221 0.0134482 0.0520649 0.516744 0.0751406
0.111178 0.608196 9.9973E-05 9.9973E-05 0.280327 9.9973E-05
0.0846154 0.284666 9.9982E-05 9.9982E-05 0.583598 0.0469206
0.0134099 0.113514 9.9991E-05 0.103444 0.571133 0.198399
0.0782134 0.519683 9.9982E-05 0.0266536 0.37525 9.9982E-05
0.0712284 0.199279 0.040891 0.188068 0.478281 0.0222522
9.9982E-05 0.313063 9.9982E-05 0.100187 0.546757 0.0397938
0.0557636 0.77461 9.9982E-05 0.0718784 0.0975481 9.9982E-05
0.00427544 0.673933 9.9982E-05 0.0284972 0.293095 9.9982E-05
0.10099 0.426474 9.9973E-05 9.9973E-05 0.472236 9.9973E-05
0.0766366 0.514683 9.9982E-05 0.203807 0.204674 9.9982E-05
0.113281 0.346508 9.9982E-05 0.0408007 0.499211 9.9982E-05
0.626988 0.0344964 0.098848 0.228129 0.0114386 9.9991E-05
0.349188 0.233389 0.038963 0.178089 0.200271 9.9991E-05
0.345364 9.9991E-05 0.0320816 0.240075 0.351218 0.031162
0.191911 0.0594765 0.140038 0.134153 0.474322 9.9991E-05
0.514706 9.9982E-05 0.00131042 0.259897 0.223887 9.9982E-05
0.151219 0.111716 0.113625 0.0803395 0.439379 0.103721
0.19641 0.0491009 0.0805809 0.123333 0.550475 9.9991E-05
0.204895 0.0595279 0.102727 0.253282 0.349035 0.0305334
0.285658 9.9982E-05 0.0879935 0.116691 0.509458 9.9982E-05
0.321632 9.9991E-05 0.0642342 0.132853 0.439875 0.0413061
0.527952 9.9982E-05 0.108946 0.146699 0.216202 9.9982E-05
0.448377 0.0200029 0.106707 0.0807105 0.344102 9.9991E-05
0.156694 0.105784 0.0424173 0.0621122 0.632893 9.9991E-05
0.145273 0.0998536 0.0487765 0.0431711 0.608543 0.0543825
0.258752 0.0782416 0.0204258 0.134247 0.410659 0.0976745
0.193892 0.120754 0.0795044 0.1305 0.475249 9.9991E-05
0.42605 0.0684734 0.0952311 0.0369947 0.316876 0.0563744
0.17571 0.108581 0.0307081 0.0362334 0.648668 9.9991E-05
0.267763 0.0093189 0.0892754 0.143767 0.489288 0.000587471
0.109665 0.083005 0.120502 0.0782419 0.506075 0.102511
0.0130887 9.9991E-05 0.178154 0.0620081 0.399641 0.347008
9.9991E-05 0.0741199 0.28488 0.0495103 0.510884 0.0805063
0.00792981 0.0783892 0.118438 0.145072 0.548296 0.101875
0.032401 0.134734 0.111743 0.0395167 0.615238 0.0663677
9.9982E-05 9.9982E-05 0.200719 0.0988888 0.468328 0.231865
0.228282 0.280764 0.0411574 9.9982E-05 0.449597 9.9982E-05
0.123689 0.0028219 0.167736 0.013021 0.579921 0.112812
9.9991E-05 0.450778 0.152893 0.105465 0.0659893 0.224774
0.14385 0.093336 0.166716 0.0405761 0.448696 0.106826
0.0278014 0.0450133 0.0255035 0.106219 0.625511 0.169952
0.0888388 0.107533 0.21057 0.0815797 0.496298 0.0151805
0.063363 0.233024 0.109172 0.0371202 0.386592 0.170729
0.112932 0.0472748 0.159785 9.9991E-05 0.556859 0.123049
9.9982E-05 0.124861 0.108179 9.9982E-05 0.592458 0.174302
9.9973E-05 0.34185 0.197702 9.9973E-05 9.9973E-05 0.460147
9.9982E-05 9.9982E-05 0.176128 0.121691 0.460817 0.241164
9.9991E-05 0.119327 0.19062 0.0235983 0.513497 0.152857
0.00271957 0.122417 0.186945 0.115384 0.526885 0.0456484
9.9982E-05 0.0965032 0.156997 9.9982E-05 0.587746 0.158554
0.0123105 0.107779 0.0914113 9.9991E-05 0.553754 0.234646
0.018113 0.234338 0.093757 0.172609 0.481083 9.9991E-05
0.0636799 0.131419 0.0627072 0.0927089 0.520576 0.128909
0.0847822 0.52001 9.9982E-05 0.33486 0.0601486 9.9982E-05
0.0528847 0.633496 9.9982E-05 0.253024 0.0603946 9.9982E-05
0.134372 0.255189 0.0828892 0.0336348 0.493815 9.9991E-05
9.9982E-05 0.27472 0.286754 9.9982E-05 0.387787 0.0505391
9.9991E-05 0.237782 0.314378 0.0207602 0.324161 0.102819
9.9991E-05 0.322143 0.351549 0.039543 0.143192 0.143473
9.9991E-05 0.212309 0.227961 0.00477029 0.377114 0.177746
9.9991E-05 0.655265 0.100859 0.0988539 0.112137 0.032784
9.9991E-05 0.575833 0.133378 0.0573449 0.190286 0.0430588
9.9982E-05 0.251662 0.124483 0.0557758 0.56788 9.9982E-05
9.9991E-05 0.319957 0.103111 0.0754998 0.484643 0.0166894
0.00439938 0.478673 0.118653 0.0789083 0.281829 0.0375381
0.0698686 0.190201 0.087796 0.072954 0.520998 0.058183
0.0230249 0.251931 0.06732 0.0016424 0.655981 9.9991E-05
0.0732506 0.155035 0.135952 0.0947562 0.415157 0.125849
0.154298 0.320713 9.9982E-05 0.167669 0.357121 9.9982E-05
0.131465 0.314528 0.0639254 0.153963 0.328257 0.00786173
0.0489033 0.204414 0.00757388 0.142675 0.551754 0.0446805
0.0884097 0.310546 0.07648 0.117556 0.406909 9.9991E-05
0.158238 0.190391 0.150629 0.0811345 0.419085 0.000522385
9.9973E-05 0.42555 9.9973E-05 0.0485057 0.525645 9.9973E-05
0.100001 0.531813 9.9982E-05 0.106551 0.261435 9.9982E-05
9.9991E-05 0.203488 0.0417155 0.137419 0.578502 0.0387745
0.0117721 0.451021 9.9982E-05 0.28543 0.251577 9.9982E-05
9.9991E-05 0.374827 0.00288805 0.161796 0.427862 0.0325264
0.0629485 0.134325 0.0958057 0.219158 0.487663 9.9991E-05
0.0125337 0.248365 9.9991E-05 0.173269 0.553738 0.0119937
0.0704997 0.118301 0.207814 0.0866229 0.466491 0.0502717
9.9991E-05 0.216898 0.117496 0.046654 0.45123 0.167622
0.0263801 0.199604 0.253371 0.01831 0.338916 0.16342
0.069438 0.236132 0.19074 0.025776 0.293541 0.184373
0.0388976 0.14067 0.0879506 0.037099 0.539935 0.155448
0.0609615 0.176828 0.175584 0.0387781 0.422037 0.125811
0.0396827 0.639628 0.162908 9.9982E-05 9.9982E-05 0.157582
0.0256721 0.129582 0.18131 9.9991E-05 0.586729 0.0766074
9.9973E-05 0.52333 0.146423 9.9973E-05 9.9973E-05 0.329946
9.9991E-05 0.169996 0.181818 0.0673663 0.516835 0.0638844
9.9973E-05 0.585477 9.9973E-05 0.296874 0.117349 9.9973E-05
9.9964E-05 0.605497 9.9964E-05 0.394103 9.9964E-05 9.9964E-05
9.9973E-05 0.321186 9.9973E-05 0.199367 0.479147 9.9973E-05
9.9982E-05 0.193018 9.9982E-05 0.0909069 0.696441 0.0194344
9.9973E-05 0.404116 9.9973E-05 0.184926 0.410658 9.9973E-05
0.0105371 0.187212 9.9991E-05 0.232634 0.537009 0.032509
9.9973E-05 0.33201 9.9973E-05 0.11954 0.54815 9.9973E-05
0.027709 0.0250717 0.00156014 9.9991E-05 0.131251 0.814308
0.164437 9.9973E-05 0.153267 9.9973E-05 9.9973E-05 0.681996
0.0485067 9.9973E-05 0.0416007 9.9973E-05 9.9973E-05 0.909593
9.9973E-05 0.0344783 9.9973E-05 9.9973E-05 0.0131737 0.952048
0.114714 0.00439153 0.0281473 0.283313 0.469781 0.099653
9.9991E-05 0.0422974 0.0839549 0.391427 0.447604 0.0346173
9.9964E-05 9.9964E-05 9.9964E-05 0.555731 0.443869 9.9964E-05
0.00544143 9.9982E-05 9.9982E-05 0.224338 0.625703 0.144318
0.132676 0.0685201 0.0444938 0.187904 0.507671 0.0587359
0.0564286 0.103542 0.00311087 0.644947 0.147263 0.0447079
9.9973E-05 9.9973E-05 0.0142849 0.358935 0.62648 9.9973E-05
9.9982E-05 0.167967 9.9982E-05 0.451731 0.370966 0.00913577
0.0564015 9.9991E-05 0.0787752 0.0624017 0.495842 0.30648
0.00651328 0.180778 0.0156733 0.357015 0.43992 9.9991E-05
0.0650444 9.9973E-05 9.9973E-05 0.595684 0.338972 9.9973E-05
9.9973E-05 0.0619374 9.9973E-05 0.378667 0.559095 9.9973E-05
0.0423193 0.00848652 0.00943859 0.514523 0.397439 0.0277938
9.9982E-05 0.0100265 0.0724785 0.40717 0.510125 9.9982E-05
9.9973E-05 9.9973E-05 9.9973E-05 0.32435 0.602678 0.0726718
9.9973E-05 0.0751927 9.9973E-05 0.871773 0.0527349 9.9973E-05
0.0438451 0.118082 0.00214905 0.605716 0.205309 0.0248985
0.0942675 9.9973E-05 9.9973E-05 0.574026 0.331407 9.9973E-05
9.9964E-05 0.158938 9.9964E-05 0.840662 9.9964E-05 9.9964E-05
0.144501 0.0354651 0.0265337 0.384965 0.393987 0.0145484
9.9973E-05 0.315344 9.9973E-05 0.555241 0.129115 9.9973E-05
9.9964E-05 0.273334 9.9964E-05 0.726266 9.9964E-05 9.9964E-05
0.00252567 0.0668804 0.0224217 0.294064 0.571179 0.0429292
0.170012 9.9991E-05 0.026204 0.631139 0.146007 0.0265376
0.157391 9.9982E-05 0.130547 0.373874 0.337988 9.9982E-05
9.9991E-05 0.0542954 0.105409 0.225227 0.539586 0.0753825
0.0884915 9.9991E-05 0.00978381 0.337023 0.536425 0.0281767
0.29468 0.290767 0.0993779 0.000144061 0.314931 9.9991E-05
0.0331441 9.9991E-05 0.0112073 0.359478 0.556734 0.0393362
0.12535 9.9991E-05 0.114104 0.38753 0.368821 0.00409551
9.9964E-05 9.9964E-05 9.9964E-05 0.71402 0.28558 9.9964E-05
0.10309 0.0373607 0.0414625 0.171015 0.521585 0.125486
0.277727 0.0650714 9.9982E-05 0.0351044 9.9982E-05 0.621897
0.111424 9.9991E-05 0.00386255 0.0918997 0.0393886 0.753325
0.122422 0.0476046 9.9973E-05 9.9973E-05 9.9973E-05 0.829674
0.125183 0.0128871 9.9982E-05 0.0393324 9.9982E-05 0.822398
0.208882 9.9973E-05 9.9973E-05 9.9973E-05 0.0541116 0.736707
0.157726 9.9991E-05 0.0749765 0.732803 0.0130922 0.0213027
0.141586 0.0645421 9.9991E-05 0.58768 0.151749 0.0543423
9.9973E-05 0.158627 9.9973E-05 0.675261 0.165811 9.9973E-05
9.9991E-05 0.0583295 0.0184125 0.231515 0.564554 0.127089
0.0869559 0.00954987 9.9991E-05 0.136255 0.691348 0.0757913
9.9991E-05 0.105503 0.017171 0.576763 0.281952 0.0185108
0.0420382 0.018462 0.110406 0.292846 0.536148 9.9991E-05
0.000724203 0.155817 0.0388494 0.387561 0.363831 0.0532169
9.9982E-05 0.0688333 9.9982E-05 0.341277 0.567828 0.0218611
0.082545 0.0258474 0.0822385 0.223488 0.575263 0.0106183
0.183781 9.9982E-05 0.0288429 0.531076 0.2561 9.9982E-05
0.0418737 9.9982E-05 0.0239913 0.636573 0.297362 9.9982E-05
0.0903926 9.9973E-05 9.9973E-05 0.613964 0.295344 9.9973E-05
9.9982E-05 0.160023 9.9982E-05 0.054224 0.638729 0.146825
0.054592 9.9982E-05 9.9982E-05 0.493664 0.40525 0.046294
0.113767 0.00444873 9.9991E-05 0.434618 0.434754 0.0123116
0.0359538 0.0722816 0.456552 9.9991E-05 0.411567 0.0235454
0.0481098 0.090045 0.401073 0.0305076 0.320099 0.110165
9.9982E-05 0.0860578 0.424211 9.9982E-05 0.402081 0.0874504
9.9982E-05 0.0921401 0.496803 9.9982E-05 0.31307 0.0977871
0.0606069 9.9991E-05 0.250774 0.0037193 0.500855 0.183945
9.9991E-05 0.112288 0.0309944 0.374864 0.44249 0.0392635
9.9982E-05 0.0949787 0.673071 9.9982E-05 0.0114919 0.220259
9.9991E-05 0.00748213 0.465294 0.00776786 0.364651 0.154705
0.0125754 0.232873 0.122979 0.0382978 0.416254 0.177021
0.0233314 0.23928 9.9982E-05 9.9982E-05 0.588781 0.148408
0.0163841 0.29205 0.0185032 0.102766 0.455965 0.114333
0.11436 0.155252 0.0921025 9.9991E-05 0.59207 0.0461162
0.0559469 0.097962 9.9991E-05 0.104245 0.591836 0.149911
9.9991E-05 0.048683 0.531529 0.0381055 0.219015 0.162568
0.102419 0.0092638 0.336939 0.0383903 0.433716 0.0792725
0.0139432 9.9982E-05 0.460905 9.9982E-05 0.450814 0.0741378
0.0998591 0.0153443 0.256371 0.0131787 0.468058 0.147189
9.9982E-05 0.0684339 0.479157 9.9982E-05 0.300265 0.151944
9.9982E-05 9.9982E-05 0.263217 0.0917878 0.467367 0.177428
9.9991E-05 0.0415025 0.583081 0.0342481 0.224964 0.116104
0.115322 9.9991E-05 0.447634 0.0485362 0.348036 0.040372
9.9982E-05 0.373062 0.0543346 0.064798 0.507605 9.9982E-05
0.0514161 0.0752861 0.330875 9.9991E-05 0.394848 0.147474
9.9982E-05 0.0404173 0.685586 9.9982E-05 0.141811 0.131986
0.135038 0.0344448 0.288091 0.046658 0.357694 0.138075
0.242111 0.222608 9.9991E-05 0.101168 0.282521 0.151492
0.0450585 0.263603 0.0485147 9.9982E-05 0.642623 9.9982E-05
0.140092 0.0135355 0.294448 9.9991E-05 0.397355 0.154469
0.177299 0.135573 9.9982E-05 9.9982E-05 0.629756 0.0571714
0.102511 0.173929 0.0186929 0.0504441 0.510333 0.144089
0.0479639 0.128629 0.245578 0.0699475 0.332818 0.175064
9.9991E-05 0.158014 0.265241 0.0103948 0.340086 0.226164
0.0894996 0.0641516 0.0564634 0.117009 0.556366 0.116511
0.00110317 0.107848 0.329059 0.123509 0.316987 0.121495
9.9982E-05 0.0265393 0.482866 9.9982E-05 0.406176 0.0842193
9.9982E-05 0.0960034 0.546979 9.9982E-05 0.187026 0.169792
0.0416131 0.205007 0.0985987 9.9991E-05 0.526148 0.128533
0.0931992 0.238276 9.9991E-05 0.0574062 0.431945 0.179074
9.9991E-05 0.639948 0.0335214 0.0288144 0.212331 0.085286
0.0204801 0.0944017 0.0610888 0.0548918 0.617376 0.151762
0.131775 0.172817 9.9991E-05 0.152787 0.439601 0.10292
9.9991E-05 0.147266 0.179543 0.117293 0.360841 0.194958
0.0299914 0.168489 0.0901013 0.0938539 0.515873 0.101691
9.9973E-05 0.484658 0.216537 9.9973E-05 9.9973E-05 0.298505
9.9973E-05 0.618911 0.0839879 9.9973E-05 9.9973E-05 0.296801
0.0377599 0.407213 0.142269 9.9991E-05 0.291259 0.121399
9.9982E-05 0.429528 0.201667 9.9982E-05 0.0186898 0.349915
9.9973E-05 0.372503 0.228618 9.9973E-05 9.9973E-05 0.398578
9.9991E-05 0.295094 0.0783364 0.0690426 0.407505 0.149922
0.0324372 0.181961 0.201651 0.0357694 0.352933 0.195249
9.9991E-05 0.335658 0.216012 0.0753333 0.100018 0.272879
9.9982E-05 0.455069 0.126281 9.9982E-05 0.137545 0.280906
0.0203862 0.186344 0.121498 0.0298407 0.521363 0.120568
9.9991E-05 0.345252 0.150162 0.168832 0.101108 0.234546
9.9973E-05 0.545295 0.0597114 9.9973E-05 9.9973E-05 0.394694
0.146285 0.159378 0.14041 9.9991E-05 0.515021 0.038806
0.0274379 0.242013 0.230528 9.9991E-05 0.346619 0.153302
0.0338324 9.9991E-05 0.186468 0.0696579 0.387854 0.322088
9.9973E-05 9.9973E-05 0.245261 9.9973E-05 0.580029 0.17441
9.9991E-05 0.0765408 0.208217 0.080423 0.446694 0.188025
0.0224108 0.114477 0.175882 0.00150924 0.471129 0.214591
0.0390084 9.9982E-05 0.177559 9.9982E-05 0.396197 0.387036
9.9982E-05 0.100809 0.175271 9.9982E-05 0.515983 0.207737
0.0240838 9.9991E-05 0.239048 0.0490893 0.443726 0.243953
9.9991E-05 0.17712 0.268447 0.08509 0.235454 0.23379
0.106592 0.0433713 0.144957 0.224828 0.303311 0.176941
9.9991E-05 0.117088 0.104769 0.125489 0.498382 0.154172
0.0350429 0.021154 0.072348 0.058463 0.619296 0.193697
0.0188905 0.114309 0.12743 0.124283 0.543022 0.0720664
0.0378811 0.00479111 0.297575 9.9991E-05 0.366585 0.293069
9.9991E-05 0.113312 0.163488 0.00997682 0.476835 0.236288
9.9982E-05 0.304956 0.218485 9.9982E-05 0.131586 0.344773
0.0945349 9.9991E-05 0.314355 0.0905508 0.382714 0.117745
9.9982E-05 0.171147 0.28458 9.9982E-05 0.282724 0.261349
0.159982 0.0310566 9.9982E-05 0.018472 9.9982E-05 0.79029
0.678346 0.0231678 9.9991E-05 0.0879787 0.0922859 0.118122
0.955367 9.9964E-05 9.9964E-05 9.9964E-05 9.9964E-05 0.0442333
0.969094 9.9964E-05 9.9964E-05 9.9964E-05 9.9964E-05 0.0305065
0.955176 9.9964E-05 9.9964E-05 9.9964E-05 0.0444244 9.9964E-05
0.891496 9.9982E-05 0.0295941 9.9982E-05 0.0645624 0.0141472
0.900841 9.9964E-05 9.9964E-05 9.9964E-05 0.0987591 9.9964E-05
0.939688 9.9964E-05 9.9964E-05 9.9964E-05 9.9964E-05 0.0599126
0.800803 9.9964E-05 9.9964E-05 9.9964E-05 9.9964E-05 0.198797
0.0117335 0.00330144 0.00675607 0.0185307 0.0504036 0.909275
0.142736 9.9982E-05 0.034601 9.9982E-05 0.0456188 0.776844
0.0269462 9.9991E-05 0.0761648 0.0238028 0.0160254 0.856961
0.0658617 0.0917842 9.9982E-05 9.9982E-05 0.0593572 0.782797
0.0178397 9.9982E-05 0.0539897 0.0233391 9.9982E-05 0.904632
0.0773747 9.9964E-05 9.9964E-05 9.9964E-05 9.9964E-05 0.922225
0.0550243 9.9982E-05 0.102001 9.9982E-05 0.0653204 0.777454
9.9982E-05 0.0455167 0.0910721 9.9982E-05 0.0130286 0.850183
0.142872 9.9991E-05 0.114488 0.00150673 0.057839 0.683195
9.9973E-05 9.9973E-05 0.0562733 0.0179071 9.9973E-05 0.92552
0.0459829 9.9973E-05 9.9973E-05 0.0272492 9.9973E-05 0.926468
0.00667896 0.0443258 0.0630046 0.00542905 0.0606139 0.819948
0.0543397 9.9973E-05 9.9973E-05 9.9973E-05 0.00873913 0.936621
9.9982E-05 0.00248968 0.0448721 9.9982E-05 0.0648462 0.887592
9.9982E-05 9.9982E-05 0.0497601 0.0170337 0.0513555 0.881651
9.9973E-05 9.9973E-05 0.0208466 9.9973E-05 0.111837 0.867017
9.9973E-05 9.9973E-05 0.0755406 9.9973E-05 0.141119 0.783041
0.000908911 9.9982E-05 0.0725128 9.9982E-05 0.159745 0.766633
9.9982E-05 9.9982E-05 0.0404472 0.00815773 0.151379 0.799816
0.110065 0.232099 9.9991E-05 0.0626979 0.423565 0.171473
0.0529594 0.153878 9.9991E-05 0.0693359 0.644638 0.0790883
0.0477847 0.0936749 0.0297326 0.131649 0.583126 0.114033
0.0164054 0.655635 9.9991E-05 0.0701152 0.236964 0.0207804
0.117164 0.212339 9.9982E-05 9.9982E-05 0.562829 0.107468
9.9973E-05 0.707461 9.9973E-05 9.9973E-05 0.159884 0.132355
0.0237833 0.264012 0.0476119 9.9991E-05 0.592436 0.072057
0.154592 0.218178 9.9991E-05 0.14461 0.416783 0.065738
0.029489 0.212323 9.9991E-05 0.120962 0.530613 0.106513
9.9982E-05 9.9982E-05 0.0428763 0.440425 0.456641 0.0598581
0.151459 0.209303 9.9991E-05 0.0917663 0.405623 0.141749
0.0216052 0.149834 9.9991E-05 0.124513 0.642985 0.0609631
0.125985 0.15027 9.9982E-05 9.9982E-05 0.648945 0.0745999
0.477505 0.269408 0.0569146 0.168168 0.0279048 9.9991E-05
0.0957412 0.864447 9.9973E-05 0.0395117 9.9973E-05 9.9973E-05
0.0739505 0.647791 9.9982E-05 9.9982E-05 0.231582 0.0464761
0.0504759 0.157951 0.038093 9.9991E-05 0.637452 0.115929
0.0441793 0.308685 9.9991E-05 0.00615757 0.546022 0.0948561
0.0325448 0.192871 9.9991E-05 0.0895081 0.571063 0.113913
9.9991E-05 0.0986911 0.00913645 0.0547595 0.673686 0.163627
9.9991E-05 0.0343938 0.0698806 0.0784011 0.596523 0.220702
9.9991E-05 0.0130421 0.131778 0.0200454 0.652721 0.182314
0.155726 0.125696 0.1608 0.0120533 0.143322 0.402403
0.12396 0.0201184 0.0720612 0.122042 0.569785 0.0920338
0.0169148 0.0600605 0.101813 0.154648 0.423945 0.242619
9.9973E-05 0.423093 0.181078 9.9973E-05 9.9973E-05 0.395529
9.9991E-05 0.150544 0.291923 0.0695212 0.251802 0.23611
0.0220161 9.9991E-05 0.16668 0.125448 0.325716 0.36004
0.116826 9.9991E-05 0.0374003 0.015394 0.485726 0.344554
0.104106 0.0715071 0.233199 0.0101342 0.442119 0.138935
9.9991E-05 0.0759464 0.178242 0.0484012 0.51111 0.186201
0.0447643 9.9991E-05 0.115928 0.0433454 0.660102 0.135761
0.0105361 0.200096 0.127518 0.0293407 0.413136 0.219373
9.9982E-05 9.9982E-05 0.110616 0.050725 0.325912 0.512548
