9.9973E-05 9.9973E-05 0.0189042 9.9973E-05 0.916644 0.0420444 0.00143476 0.0206725
9.9964E-05 9.9964E-05 0.00610067 9.9964E-05 0.957038 0.00590058 9.9964E-05 0.030561
0.0584825 9.9973E-05 0.0350464 0.0199169 0.877581 0.00867341 9.9973E-05 9.9973E-05
9.9955E-05 9.9955E-05 0.138251 9.9955E-05 0.831935 9.9955E-05 0.0293146 9.9955E-05
9.9955E-05 9.9955E-05 0.0761727 9.9955E-05 0.897519 9.9955E-05 0.0258084 9.9955E-05
0.0108717 9.9991E-05 0.0752818 0.139803 0.644464 0.0289433 0.0568762 0.0436599
9.9973E-05 9.9973E-05 0.00607613 0.154503 0.774609 0.00194843 0.0625637 9.9973E-05
9.9973E-05 9.9973E-05 0.015113 0.149405 0.706989 0.0243741 0.103819 9.9973E-05
9.99639E-05 9.99639E-05 9.99639E-05 0.0714872 0.81165 9.99639E-05 0.102096 0.0143669
9.9982E-05 0.00265138 0.0577016 0.127549 0.752699 9.9982E-05 0.0510578 0.00814127
9.9964E-05 9.9964E-05 0.087685 0.108659 0.712931 9.9964E-05 0.0903244 9.9964E-05
9.9964E-05 9.9964E-05 0.00600169 9.9964E-05 0.00578064 0.0344898 9.9964E-05 0.953328
9.9973E-05 9.9973E-05 0.48687 9.9973E-05 0.0316847 0.0197893 0.0230744 0.438282
9.9955E-05 9.9955E-05 0.07016 9.9955E-05 9.9955E-05 0.0554966 9.9955E-05 0.873844
9.9964E-05 9.9964E-05 0.0685878 9.9964E-05 0.0300169 0.118976 9.9964E-05 0.78202
9.9973E-05 0.00923774 0.273631 9.9973E-05 0.0753663 0.113752 9.9973E-05 0.527713
9.9973E-05 0.0234803 0.449948 9.9973E-05 0.0297549 0.0695827 9.9973E-05 0.426934
0.0500745 0.00876754 0.361206 9.9982E-05 0.00946494 0.0369807 9.9982E-05 0.533306
9.9973E-05 9.9973E-05 0.08835 0.0208335 0.0967059 0.056989 9.9973E-05 0.736822
9.9955E-05 9.9955E-05 9.9955E-05 0.0145023 9.9955E-05 9.9955E-05 0.000986447 0.984011
0.0442357 9.9982E-05 0.346722 0.0281123 0.029505 0.015063 9.9982E-05 0.536162
0.0152197 0.0272734 0.350139 0.151821 9.9982E-05 0.0571833 9.9982E-05 0.398164
0.083207 0.0281252 0.472992 0.0123234 0.0217807 0.0552527 0.0320329 0.294286
9.9964E-05 9.9964E-05 0.0306268 9.9964E-05 0.0220838 0.0676539 9.9964E-05 0.879236
0.0130802 0.0583165 0.602485 9.9982E-05 0.103281 0.0452508 9.9982E-05 0.177386
9.9964E-05 9.9964E-05 0.433389 9.9964E-05 0.0110852 0.0117226 9.9964E-05 0.543404
9.9964E-05 0.00338397 0.0532424 9.9964E-05 0.0611642 9.9964E-05 9.9964E-05 0.88181
9.9964E-05 9.9964E-05 0.065661 9.9964E-05 0.0116767 0.0645242 9.9964E-05 0.857738
9.9946E-05 9.9946E-05 9.9946E-05 0.0532902 9.9946E-05 9.9946E-05 9.9946E-05 0.94611
9.9955E-05 9.9955E-05 0.0943546 9.9955E-05 0.894196 0.0109495 9.9955E-05 9.9955E-05
9.9955E-05 0.00965693 0.114918 9.9955E-05 0.874925 9.9955E-05 9.9955E-05 9.9955E-05
9.9964E-05 9.9964E-05 0.0824387 9.9964E-05 0.78906 0.0934713 0.03463 9.9964E-05
9.9964E-05 0.0106746 0.162516 9.9964E-05 0.746315 0.0800947 9.9964E-05 9.9964E-05
0.214707 9.9982E-05 0.508313 0.094969 0.0822716 9.9982E-05 0.0586447 0.0408942
0.256114 0.0160214 0.472453 0.005227 0.0893426 0.0275679 9.9991E-05 0.133174
0.388721 9.9964E-05 0.560221 0.0489747 0.00168418 9.9964E-05 9.9964E-05 9.9964E-05
9.9973E-05 0.0543055 0.0627752 9.9973E-05 0.0326681 9.9973E-05 0.21145 0.638501
0.576506 0.017894 0.278534 0.106979 9.9973E-05 0.0197862 9.9973E-05 9.9973E-05
0.222852 9.9991E-05 0.48868 0.0110836 0.0373389 0.0740649 0.00452444 0.161356
0.207066 9.9973E-05 0.701474 0.0471965 0.0394186 9.9973E-05 0.00454549 9.9973E-05
0.0235681 9.9982E-05 0.560067 0.25167 0.0697497 9.9982E-05 0.0351527 0.0595923
0.0473525 9.9991E-05 0.60402 0.123188 0.0659714 0.0259962 0.0429179 0.0904543
0.625661 9.9973E-05 0.0883246 9.9973E-05 0.0387966 9.9973E-05 0.017854 0.229064
9.9973E-05 9.9973E-05 0.658532 0.25699 0.0487815 9.9973E-05 0.0233886 0.0120075
0.239644 0.0593394 0.565601 9.9982E-05 0.0926128 0.0418485 9.9982E-05 0.000754963
0.0693146 0.0486705 0.626265 0.134068 0.0856547 0.00562303 9.9991E-05 0.0303036
0.590495 0.0737685 0.30837 0.0269673 9.9964E-05 9.9964E-05 9.9964E-05 9.9964E-05
0.290484 9.9973E-05 0.558998 0.0393162 0.101652 9.9973E-05 0.00924983 9.9973E-05
0.137002 0.0379275 0.5458 0.0144737 0.123317 0.0616661 0.0570954 0.0227193
0.669382 0.0299626 9.9964E-05 0.300134 9.9964E-05 9.9964E-05 0.000121696 9.9964E-05
0.0444422 0.0370725 0.0685472 0.0553615 9.9982E-05 9.9982E-05 0.280357 0.51402
0.111128 0.142458 0.04575 0.24324 9.9982E-05 0.0363094 9.9982E-05 0.420914
0.0312729 0.0931689 0.551859 0.0425798 0.110855 0.0262903 0.0320425 0.111932
0.0379963 0.0469375 0.583731 0.0839534 0.0939294 0.0262034 0.0251609 0.102088
0.020122 0.0849393 0.594504 0.0875078 0.0738625 0.0271939 0.00612677 0.105744
0.0743088 0.000380629 0.120408 0.032539 0.122369 0.000722483 0.21881 0.430462
9.9973E-05 9.9973E-05 0.457908 0.000173051 0.00786477 9.9973E-05 0.0945616 0.439193
0.0719956 0.00392928 0.566027 0.0327834 0.0691693 0.0201204 0.0530339 0.182941
0.0435498 0.0699818 0.365951 0.0544824 0.0827153 0.00254382 0.105873 0.274902
0.0154558 9.9991E-05 0.0433898 0.0938878 0.140265 0.0114441 0.124634 0.570823
0.092096 0.0728301 0.564925 0.0489704 0.061558 0.0132656 0.0605114 0.0858435
0.0143945 0.0522794 0.432539 0.0153152 0.0625619 0.019705 0.0599739 0.343231
0.0457587 9.9973E-05 9.9973E-05 0.107789 0.0346319 9.9973E-05 0.134168 0.677352
0.054744 0.0404422 0.360708 9.9973E-05 9.9973E-05 9.9973E-05 0.12545 0.418356
0.0998223 0.150226 0.481771 0.0480963 0.0360207 0.056616 0.0329928 0.0944549
9.9991E-05 0.000851458 0.594023 0.0597667 0.0924904 0.0141985 0.0305899 0.20798
0.106577 9.9991E-05 0.121742 0.0296999 0.0687432 0.0525344 0.0729146 0.547689
0.0474055 0.0424456 0.400582 0.0621298 0.0167599 0.0756764 0.066611 0.28839
0.0344457 0.059916 0.513357 0.0274961 0.0483688 0.0156738 0.0646446 0.236098
0.053395 0.0186468 0.112171 0.0486401 0.0430658 9.9991E-05 0.112424 0.611557
0.456799 9.9973E-05 0.465818 9.9973E-05 0.0273731 9.9973E-05 0.0487297 0.000980565
0.701207 9.9973E-05 0.175689 9.9973E-05 0.02258 9.9973E-05 0.0114905 0.0887339
0.276951 9.9982E-05 0.505367 9.9982E-05 0.0864035 0.0373174 0.0405426 0.0532179
0.868183 0.0347746 9.9964E-05 0.0831431 9.9964E-05 0.0134994 9.9964E-05 9.9964E-05
0.841913 0.0403983 9.9955E-05 0.117189 9.9955E-05 9.9955E-05 9.9955E-05 9.9955E-05
0.728702 0.0212396 0.21294 0.0367187 9.9964E-05 9.9964E-05 9.9964E-05 9.9964E-05
0.451567 9.9964E-05 0.414392 9.9964E-05 9.9964E-05 9.9964E-05 0.057468 0.0761733
0.127129 0.074345 0.51771 0.0596878 0.0867575 0.0660875 0.0337436 0.0345399
0.479383 0.0266481 0.459847 0.0130189 9.9982E-05 0.0127459 9.9982E-05 0.00815714
0.602021 9.9973E-05 0.125354 9.9973E-05 0.0351346 9.9973E-05 0.0697865 0.167404
0.537016 9.9973E-05 0.253935 9.9973E-05 0.0135194 9.9973E-05 0.0965475 0.0986824
0.323237 9.9982E-05 0.49839 9.9982E-05 0.087507 0.0277139 0.0553004 0.00765102
0.510009 9.9973E-05 0.275225 9.9973E-05 0.03389 9.9973E-05 0.0182702 0.162306
0.424326 9.9964E-05 0.42259 9.9964E-05 0.0324721 9.9964E-05 9.9964E-05 0.120212
0.474383 0.00172403 0.446407 0.0709619 9.9973E-05 9.9973E-05 0.00622404 9.9973E-05
0.681322 0.0976379 9.9955E-05 0.220541 9.9955E-05 9.9955E-05 9.9955E-05 9.9955E-05
0.221197 0.0639421 0.616001 0.0362706 0.00904031 0.0137002 9.9991E-05 0.0397493
9.9964E-05 9.9964E-05 0.0663175 9.9964E-05 0.835922 9.9964E-05 0.066388 0.0309725
9.9946E-05 9.9946E-05 0.070196 9.9946E-05 0.929204 9.9946E-05 9.9946E-05 9.9946E-05
9.9964E-05 9.9964E-05 0.0986277 9.9964E-05 0.839436 0.0538689 9.9964E-05 0.00766756
9.9955E-05 9.9955E-05 0.0296331 9.9955E-05 0.92169 0.048177 9.9955E-05 9.9955E-05
9.9964E-05 0.00560786 9.9964E-05 9.9964E-05 0.941799 0.027527 9.9964E-05 0.0246664
9.9964E-05 0.0287164 0.0668103 9.9964E-05 0.856576 0.0474975 9.9964E-05 9.9964E-05
9.9946E-05 9.9946E-05 0.0950582 9.9946E-05 0.904342 9.9946E-05 9.9946E-05 9.9946E-05
0.215778 0.00473448 0.551893 9.9991E-05 0.0817488 0.0534355 0.0256257 0.0666847
0.142489 0.0901133 0.541781 0.0330117 0.130272 0.022016 0.040217 9.9991E-05
0.656193 0.0149031 0.000730342 9.9982E-05 0.0416284 9.9982E-05 0.092145 0.194201
0.133248 0.0597399 0.602995 0.0506983 0.0564626 0.0209907 0.0654947 0.0103703
0.450978 9.9973E-05 0.357088 9.9973E-05 0.0292803 9.9973E-05 0.0614004 0.100954
0.335287 9.9982E-05 0.523621 0.037693 0.0739105 9.9982E-05 0.0105981 0.0186899
0.283684 0.0447587 0.52397 0.0647193 9.9982E-05 0.0158473 9.9982E-05 0.0668213
0.42187 0.0602119 0.421657 9.9982E-05 0.00698004 0.0657848 9.9982E-05 0.0232957
0.637108 9.9964E-05 9.9964E-05 9.9964E-05 0.0413336 9.9964E-05 0.0797775 0.241381
0.214171 0.0472203 0.430439 0.0133242 0.111497 0.0686999 0.0680125 0.0466364
0.119022 0.00810584 0.608994 0.0671005 0.0647186 9.9991E-05 0.00125523 0.130704
0.12413 9.9991E-05 0.508889 0.0659311 0.0988316 0.0495123 0.0495535 0.103052
0.540261 0.0455981 0.26373 0.124386 9.9982E-05 0.0131109 9.9982E-05 0.0127133
0.44279 0.0745387 0.482172 9.9955E-05 9.9955E-05 9.9955E-05 9.9955E-05 9.9955E-05
0.388674 9.9973E-05 0.406706 9.9973E-05 0.0308503 9.9973E-05 0.0106524 0.162817
0.554972 0.0719833 0.34789 9.9964E-05 9.9964E-05 0.0247549 9.9964E-05 9.9964E-05
0.36994 9.9973E-05 0.426315 9.9973E-05 0.0427546 9.9973E-05 0.073569 0.0871214
0.169528 9.9991E-05 0.541833 0.00922969 0.0619457 0.0218423 0.0988985 0.0966226
0.0158061 0.190838 0.219992 0.100252 9.9991E-05 0.0592497 0.162243 0.251519
9.9973E-05 9.9973E-05 0.383055 0.110685 0.0652327 9.9973E-05 0.196083 0.244645
9.9991E-05 0.00458952 0.485831 0.0863379 0.0785268 0.098751 0.0768736 0.16899
0.0487688 0.0554421 0.607794 0.0471615 0.119791 0.0169644 0.0555819 0.0484962
0.0488506 9.9982E-05 0.453341 0.0418388 0.0400826 9.9982E-05 0.154161 0.261526
9.9991E-05 0.0780919 0.54026 0.0553339 0.0365509 0.02692 0.0682556 0.194488
9.9973E-05 9.9973E-05 0.411066 0.000807874 0.0571806 9.9973E-05 0.222919 0.307727
0.0176575 0.0518118 0.504584 0.110685 0.0599496 0.0131543 0.0720324 0.170125
0.0546301 9.9991E-05 0.579067 0.00325692 0.0829255 0.0563563 0.127911 0.0957535
0.00625684 0.0264909 0.514265 0.0476745 0.0482467 9.9991E-05 0.131695 0.225271
0.0459659 9.9982E-05 0.530769 0.0445325 0.0258317 9.9982E-05 0.144182 0.208519
9.9991E-05 0.0657051 0.589687 0.060826 0.0636476 0.0109038 0.132105 0.0770259
0.0128421 0.014971 0.624776 0.120623 0.0978532 9.9991E-05 0.0829926 0.0458425
0.0127774 0.121291 0.578724 0.0571583 9.9991E-05 0.0428902 0.076957 0.110102
0.0464723 0.0723955 0.545195 0.0772636 0.0575637 0.0799129 0.104678 0.0165188
0.015184 0.128112 0.561348 0.00562943 9.9991E-05 0.0685015 0.073933 0.147193
9.9991E-05 0.0972782 0.32607 0.168318 0.0473535 0.0371615 0.164339 0.15938
0.0128076 0.112962 0.631547 0.0321398 0.0261404 0.0278295 0.0895913 0.0669823
9.9982E-05 0.0724159 0.715932 0.0542839 0.0224966 9.9982E-05 0.0851905 0.0494815
0.0624068 0.055111 0.12143 0.00509514 9.9991E-05 0.0278491 0.227097 0.500911
0.0168928 0.234063 0.0673165 0.197493 9.9991E-05 0.0368265 0.0634084 0.3839
0.0297507 0.0156785 0.4698 0.0937172 0.0420592 0.000354085 0.0843738 0.264267
0.0920876 0.275311 0.0199204 0.18241 9.9982E-05 9.9982E-05 0.104895 0.325176
0.0298508 0.018259 0.251959 9.9973E-05 9.9973E-05 9.9973E-05 0.157327 0.542304
9.9964E-05 0.0295092 0.394623 9.9964E-05 9.9964E-05 9.9964E-05 0.175615 0.399853
0.10173 0.0124167 0.294092 9.9982E-05 0.0107577 9.9982E-05 0.187825 0.392979
0.023414 0.0298769 0.266036 9.9973E-05 9.9973E-05 9.9973E-05 0.192951 0.487422
0.0547319 0.0485611 0.549593 0.0539336 0.0638973 9.9991E-05 0.0775373 0.151646
0.00223039 0.0584314 0.531164 0.017515 0.122795 0.0593009 0.0371698 0.171394
9.9991E-05 0.0522009 0.552485 0.0195333 0.0347709 0.0290116 0.105226 0.206673
0.0348147 0.127132 0.0822668 0.213361 9.9991E-05 0.00369933 0.104086 0.43454
0.0877071 0.0255098 0.481382 0.0920422 0.139279 0.0136126 0.0803705 0.0800963
0.0127254 0.120706 0.463345 0.215701 0.0507674 0.0129383 0.0810059 0.0428107
0.10923 0.129566 9.9982E-05 0.604267 0.0540541 9.9982E-05 0.0573161 0.0453656
0.0275973 9.9991E-05 0.672751 0.164527 0.0738991 0.0187327 0.00056021 0.0418326
0.0674462 0.0986293 0.260246 0.318781 0.0746864 0.0316167 0.028696 0.119898
0.00985969 0.0381891 0.483258 0.20796 0.0919586 0.0551919 0.0303348 0.0832477
0.0424703 0.0353911 0.216363 0.515371 0.00573823 9.9991E-05 0.104866 0.079701
0.073635 0.122582 0.0965737 0.504761 9.9982E-05 9.9982E-05 0.16096 0.041288
0.0438993 0.0867584 0.41839 0.303881 9.9982E-05 9.9982E-05 0.114456 0.032416
0.132589 0.0381872 0.45623 0.148326 0.0967575 0.0556801 0.0420016 0.030229
0.0618537 0.0494712 0.398357 0.127472 0.125786 0.0244468 0.0777157 0.134898
0.153342 0.174601 0.00860644 0.321233 0.0111747 0.0743467 9.9991E-05 0.256596
0.0377551 0.0725471 0.528691 0.04189 0.0501851 0.0518113 0.0718241 0.145296
0.088527 0.10007 0.285105 0.364623 9.9982E-05 9.9982E-05 0.0209471 0.140527
0.0846971 0.110297 0.412093 0.25228 9.9982E-05 9.9982E-05 0.0416695 0.0987635
0.0765732 0.0410223 0.624815 0.122826 0.0817317 9.9982E-05 0.0528318 9.9982E-05
9.9973E-05 9.9973E-05 0.131728 0.28075 0.324633 0.238487 9.9973E-05 0.0241015
9.9955E-05 9.9955E-05 9.9955E-05 0.454396 0.420707 0.124397 9.9955E-05 9.9955E-05
9.9955E-05 9.9955E-05 9.9955E-05 0.48236 0.413203 0.103937 9.9955E-05 9.9955E-05
9.9964E-05 9.9964E-05 0.111484 0.335969 0.324271 0.227876 9.9964E-05 9.9964E-05
0.0845106 0.0428026 0.601021 0.226605 9.9973E-05 9.9973E-05 9.9973E-05 0.0447609
0.0224054 0.0806047 0.547254 0.13974 0.0658603 0.0639265 9.9991E-05 0.0801088
0.0117364 9.9964E-05 0.294149 9.9964E-05 9.9964E-05 0.633106 9.9964E-05 0.0606088
9.9982E-05 0.0250965 0.282038 9.9982E-05 0.0292152 0.494637 0.0503701 0.118443
9.9982E-05 0.0450255 0.329025 9.9982E-05 0.0789135 0.381325 0.0492134 0.116297
0.0274983 0.155249 0.248093 0.446402 9.9973E-05 9.9973E-05 9.9973E-05 0.122458
0.0790856 0.0571892 0.486267 0.1366 0.0347116 0.0618431 0.0577958 0.0865072
0.0251012 0.109451 0.201538 0.471974 9.9973E-05 9.9973E-05 9.9973E-05 0.191636
9.9973E-05 0.0933628 0.567878 0.229694 0.0285537 9.9973E-05 9.9973E-05 0.0802118
0.000507586 0.102365 0.49943 0.294564 0.0265558 9.9991E-05 0.00715769 0.0693203
0.021787 0.0736265 0.595578 0.308608 9.9964E-05 9.9964E-05 9.9964E-05 9.9964E-05
0.0792156 0.0990981 0.20139 0.559346 9.9982E-05 9.9982E-05 0.0102407 0.0505089
0.0732865 0.0170871 0.654433 0.20149 0.0448532 0.00864979 9.9982E-05 9.9982E-05
0.0133974 0.0840113 0.577091 0.158311 0.0638673 9.9991E-05 0.0485628 0.0546591
0.00390321 9.9964E-05 0.00103927 9.9964E-05 9.9964E-05 0.983429 0.0112287 9.9964E-05
9.9964E-05 0.0141974 0.0260578 9.9964E-05 9.9964E-05 0.924827 9.9964E-05 0.0345178
0.00367408 0.0144472 0.297663 9.9991E-05 0.0660307 0.532839 0.000712426 0.0845331
0.0126564 9.9964E-05 0.348695 9.9964E-05 9.9964E-05 0.634542 0.00370677 9.9964E-05
0.0438549 9.9964E-05 0.125956 9.9964E-05 9.9964E-05 0.82692 0.00286879 9.9964E-05
9.994E-05 9.994E-05 9.994E-05 9.994E-05 9.994E-05 0.9993 9.994E-05 9.994E-05
9.9964E-05 0.0123798 9.9964E-05 9.9964E-05 9.9964E-05 0.966606 0.00433747 0.0162768
9.9955E-05 9.9955E-05 0.158667 9.9955E-05 9.9955E-05 0.836396 9.9955E-05 0.00443672
9.9955E-05 9.9955E-05 9.9955E-05 9.9955E-05 9.9955E-05 0.937015 0.0255131 0.0369722
9.994E-05 9.994E-05 9.994E-05 9.994E-05 9.994E-05 0.9993 9.994E-05 9.994E-05
9.994E-05 9.994E-05 9.994E-05 9.994E-05 9.994E-05 0.9993 9.994E-05 9.994E-05
9.9973E-05 9.9973E-05 0.168357 9.9973E-05 0.0129278 0.769975 0.0200222 0.0284185
0.0211375 9.9982E-05 0.0733366 9.9982E-05 0.0351974 0.786953 0.000267993 0.082908
9.994E-05 9.994E-05 9.994E-05 9.994E-05 9.994E-05 0.9993 9.994E-05 9.994E-05
0.0772561 0.00990689 0.300548 0.0451523 0.0740007 0.389641 0.0184964 0.0849982
9.9982E-05 0.00152706 0.270094 9.9982E-05 0.0347089 0.642002 0.0492497 0.0022183
0.0182017 9.9973E-05 0.151341 9.9973E-05 0.00557566 0.813132 0.0114497 9.9973E-05
0.0185622 9.9964E-05 0.0729726 9.9964E-05 9.9964E-05 0.905553 9.9964E-05 0.00251266
9.994E-05 9.994E-05 9.994E-05 9.994E-05 9.994E-05 0.9993 9.994E-05 9.994E-05
9.9946E-05 9.9946E-05 0.0260449 9.9946E-05 9.9946E-05 0.973355 9.9946E-05 9.9946E-05
9.9946E-05 9.9946E-05 9.9946E-05 9.9946E-05 0.00149076 0.99791 9.9946E-05 9.9946E-05
0.0655177 9.9973E-05 0.195314 9.9973E-05 0.0598936 0.63898 9.9973E-05 0.0399944
0.0160494 9.9964E-05 9.9964E-05 9.9964E-05 9.9964E-05 0.978669 0.000474627 0.00440728
9.9964E-05 0.0656197 9.9964E-05 0.656423 0.223127 0.0544306 9.9964E-05 9.9964E-05
9.9982E-05 9.9982E-05 0.349879 0.333124 0.165096 0.0829935 0.0552022 0.013505
9.9982E-05 0.0564192 0.488079 0.287042 0.124758 0.0140683 0.0294339 9.9982E-05
9.9973E-05 9.9973E-05 0.19784 0.530324 0.119101 0.100482 0.0519523 9.9973E-05
0.0786731 0.0418514 0.359371 0.161647 0.0912147 0.172091 0.0461378 0.0490143
9.9982E-05 0.0130526 0.0948346 0.557303 0.172799 0.113593 9.9982E-05 0.0482179
9.9991E-05 0.0496467 0.424646 0.238662 0.112417 0.0947022 0.034419 0.0454068
9.9973E-05 0.00131971 0.358549 0.411501 0.136483 0.0918476 9.9973E-05 9.9973E-05
9.9973E-05 9.9973E-05 0.498501 0.259056 0.150392 0.0788732 9.9973E-05 0.0128781
0.000995403 9.9982E-05 0.362173 0.313664 0.142472 0.120299 9.9982E-05 0.0601975
9.9991E-05 0.0275317 0.489087 0.193702 0.170488 0.09044 0.0113224 0.0173284
9.9964E-05 9.9964E-05 0.0581182 0.0379417 0.882695 9.9964E-05 0.020845 9.9964E-05
0.0153164 0.039847 9.9964E-05 9.9964E-05 0.882196 0.0622408 9.9964E-05 9.9964E-05
9.9973E-05 0.0092778 0.0163866 9.9973E-05 0.937419 9.9973E-05 0.0364686 0.000147745
0.0108691 9.9955E-05 9.9955E-05 0.0181619 0.970469 9.9955E-05 9.9955E-05 9.9955E-05
9.9964E-05 9.9964E-05 0.0357302 9.9964E-05 0.902195 9.9964E-05 0.00127232 0.0604026
9.9964E-05 9.9964E-05 0.00314547 0.00356946 0.956882 9.9964E-05 9.9964E-05 0.0360036
9.9973E-05 9.9973E-05 0.0484599 9.9973E-05 0.900332 0.020134 0.0058552 0.0249184
9.9973E-05 0.0144548 9.9973E-05 0.000995192 0.922052 9.9973E-05 0.0192655 0.0429322
9.9973E-05 9.9973E-05 0.0287077 0.05838 0.872336 0.0149565 9.9973E-05 0.0253205
9.9973E-05 9.9973E-05 9.9973E-05 0.0502899 0.882473 0.0250082 0.0212536 0.0206757
0.056714 9.9973E-05 9.9973E-05 0.080641 0.580563 9.9973E-05 0.227509 0.0542736
9.9973E-05 0.021446 9.9973E-05 0.0451499 0.592385 9.9973E-05 0.268249 0.0724696
0.0334247 9.9973E-05 9.9973E-05 0.0950163 0.497347 9.9973E-05 0.235726 0.138186
9.9964E-05 9.9964E-05 9.9964E-05 0.142301 0.418887 9.9964E-05 0.230689 0.207723
0.245307 9.9982E-05 0.451085 0.0778411 0.0566799 9.9982E-05 0.0471168 0.12177
0.283329 0.0629735 0.486582 9.9991E-05 0.0175522 0.0116945 0.0969542 0.0408154
0.159282 9.9982E-05 0.482756 9.9982E-05 0.00672026 0.0411083 0.115147 0.194787
0.256282 9.9973E-05 0.346141 9.9973E-05 0.00549167 9.9973E-05 0.118833 0.272952
0.0244919 0.0505947 0.125712 0.00332627 9.9982E-05 9.9982E-05 0.257982 0.537693
0.154589 0.074695 0.648295 9.9982E-05 0.0265752 9.9982E-05 0.0243579 0.0712878
0.27634 0.0204258 0.573324 9.9973E-05 9.9973E-05 9.9973E-05 0.0911258 0.0384848
0.270455 0.072684 0.54155 0.0620308 9.9982E-05 9.9982E-05 0.0237906 0.0292899
0.568691 0.0562086 0.372485 0.00221557 9.9964E-05 9.9964E-05 9.9964E-05 9.9964E-05
0.171146 0.0211796 0.622748 0.0527488 0.0791626 0.0207364 0.0321786 9.9991E-05
0.498169 9.9973E-05 0.391332 9.9973E-05 0.0148117 9.9973E-05 0.0280361 0.067352
0.794359 0.151278 9.9955E-05 0.0538642 9.9955E-05 9.9955E-05 9.9955E-05 9.9955E-05
0.15239 0.0168077 0.514929 9.9982E-05 0.0790909 9.9982E-05 0.0366438 0.199938
0.638499 0.0875293 0.12593 0.147642 9.9964E-05 9.9964E-05 9.9964E-05 9.9964E-05
0.335891 0.0666971 0.538668 9.9982E-05 0.0451117 9.9982E-05 0.00698859 0.00644396
0.594659 9.9973E-05 0.0990176 9.9973E-05 0.00235198 9.9973E-05 0.0682734 0.235398
0.00187009 9.9973E-05 0.0331053 0.0510753 0.0957369 9.9973E-05 0.817912 9.9973E-05
9.9982E-05 0.0108702 0.0827396 0.0323939 0.0362427 0.000540701 0.837013 9.9982E-05
0.0354121 9.9973E-05 0.0551023 0.0272591 0.0269772 9.9973E-05 0.854949 9.9973E-05
0.0224105 9.9973E-05 0.0025936 0.0665512 0.0811933 9.9973E-05 0.826952 9.9973E-05
9.9964E-05 9.9964E-05 0.116844 0.0515769 9.9964E-05 0.0230694 0.80811 9.9964E-05
9.9973E-05 9.9973E-05 0.105651 0.0610274 0.000855672 0.0344268 0.797739 9.9973E-05
0.0602167 9.9964E-05 9.9964E-05 9.9964E-05 0.85123 0.0761773 0.0119766 9.9964E-05
0.0280932 9.9991E-05 0.0976552 0.00730951 0.801142 0.0265508 0.0280202 0.0111292
0.036047 9.9982E-05 0.111123 0.0099221 0.761417 0.0714851 9.9982E-05 0.00980566
0.0719247 9.9973E-05 0.0071911 9.9973E-05 0.833308 0.0688969 0.0183794 9.9973E-05
0.0123683 9.9982E-05 0.132149 0.0336865 0.773775 0.0456882 9.9982E-05 0.00213374
0.00535438 9.9964E-05 9.9964E-05 0.0906833 0.369461 9.9964E-05 0.534101 9.9964E-05
9.9964E-05 0.0596873 9.9964E-05 0.0346854 0.389008 9.9964E-05 0.516219 9.9964E-05
9.9991E-05 0.0261835 0.0357392 0.0163932 0.419707 0.0139074 0.463177 0.0247925
0.0118779 0.00526569 0.0967708 9.9982E-05 0.850614 9.9982E-05 0.0153125 0.0199591
0.0333475 0.0668401 9.9973E-05 9.9973E-05 0.397882 9.9973E-05 0.462882 0.038749
9.9973E-05 0.0306186 0.269082 0.186661 0.242874 0.270465 9.9973E-05 9.9973E-05
0.0155878 0.0118364 0.544602 0.0591325 0.145498 0.188486 0.0315399 0.00331727
9.9955E-05 9.9955E-05 0.546736 9.9955E-05 0.200819 0.251946 9.9955E-05 9.9955E-05
9.9973E-05 9.9973E-05 0.316195 0.159283 0.25209 0.26254 9.9973E-05 0.00959205
0.0463306 9.9991E-05 0.482717 0.0528147 0.168428 0.141575 0.055143 0.0528925
9.9955E-05 9.9955E-05 9.9955E-05 0.303165 0.413926 0.28241 9.9955E-05 9.9955E-05
9.9973E-05 0.0522272 0.4099 0.012496 9.9973E-05 9.9973E-05 0.256559 0.268519
0.0668736 0.13281 0.402845 0.117468 9.9982E-05 9.9982E-05 0.0937149 0.186088
0.0287121 0.0588863 0.189262 9.9973E-05 9.9973E-05 9.9973E-05 0.180948 0.541892
0.0310325 0.173983 0.488244 0.086338 9.9982E-05 9.9982E-05 0.044812 0.175391
0.0395278 0.337476 9.9973E-05 0.285454 9.9973E-05 9.9973E-05 0.1349 0.202343
0.0300213 0.0032082 0.589682 0.105584 0.077008 0.00956937 0.0387148 0.146213
0.0175459 0.147069 0.524045 0.035439 0.00816577 0.0254169 0.0705773 0.171741
0.0180856 0.0144527 0.286113 0.0398798 0.0234212 9.9991E-05 0.208829 0.409119
0.0608347 0.052038 0.477145 0.0522775 0.0998594 0.0196545 0.0360177 0.202173
0.117577 0.132043 0.0218613 0.236679 9.9982E-05 9.9982E-05 0.00868391 0.482956
9.9982E-05 0.115875 0.530499 0.0701844 0.0101313 9.9982E-05 0.0554347 0.217675
0.00852083 0.0701861 0.451363 0.0157799 9.9991E-05 0.0183291 0.131801 0.303919
0.0627115 0.040765 0.406431 0.0794315 0.107268 0.13514 0.0228687 0.145383
0.113419 0.107894 0.267161 0.143563 9.9991E-05 0.0209082 0.0267971 0.320158
0.0775006 0.0919207 0.386729 0.169989 9.9991E-05 0.0171803 0.108799 0.147782
9.9973E-05 0.147093 0.589588 0.0479623 9.9973E-05 9.9973E-05 0.116968 0.0980886
0.0756643 0.0986387 0.535815 0.0851266 9.9982E-05 9.9982E-05 0.0697437 0.134812
0.0300155 0.106537 0.609897 0.0772303 9.9991E-05 0.0594461 0.0534551 0.0633198
0.0420852 0.0126929 0.555407 0.0503371 0.0722261 0.00138737 0.137294 0.12857
0.0787419 0.0609854 0.534102 0.0110807 0.0606189 9.9991E-05 0.0886039 0.165767
9.9955E-05 9.9955E-05 0.115514 9.9955E-05 0.846306 0.0376802 9.9955E-05 9.9955E-05
9.9946E-05 9.9946E-05 0.13707 9.9946E-05 0.862331 9.9946E-05 9.9946E-05 9.9946E-05
0.0109833 9.9973E-05 0.0595392 0.00851475 0.887345 9.9973E-05 0.0333177 9.9973E-05
0.00979266 9.9973E-05 0.0105285 9.9973E-05 0.889829 0.0660626 0.0234874 9.9973E-05
9.9955E-05 9.9955E-05 0.10352 9.9955E-05 0.888786 9.9955E-05 0.00719402 9.9955E-05
0.031816 9.9982E-05 9.9982E-05 0.0588052 0.0110483 0.0456632 0.184046 0.668421
0.0477428 0.142277 0.430698 0.0149654 0.0323601 0.0662213 0.0740827 0.191653
0.0287685 9.9982E-05 0.429741 0.112108 0.190947 0.207963 9.9982E-05 0.030273
0.026147 0.0166368 0.58073 0.00664546 0.00525944 0.0429258 0.102729 0.218926
0.0420793 0.00499292 0.445038 9.9982E-05 0.0384866 9.9982E-05 0.118382 0.350821
9.9982E-05 0.165397 0.234128 0.180276 9.9982E-05 0.00238376 0.134441 0.283174
9.9964E-05 9.9964E-05 9.9964E-05 0.0188495 0.0547134 9.9964E-05 0.318627 0.60741
0.0688134 9.9973E-05 0.437513 9.9973E-05 0.071972 9.9973E-05 0.130579 0.290823
9.9991E-05 0.0211156 0.14523 0.00993722 0.0389955 0.0385191 0.256125 0.489978
0.102862 0.0449715 0.452034 0.10888 0.0617098 9.99994E-05 0.0518871 0.177555
9.9982E-05 0.0406907 0.0478186 0.0154709 0.0789947 9.9982E-05 0.242206 0.574619
9.9982E-05 0.0583038 0.530845 9.9982E-05 0.054942 0.0617313 0.146786 0.147192
0.025073 9.9982E-05 0.0575676 0.063975 0.0431203 9.9982E-05 0.191265 0.6188
0.0934408 0.0955149 0.177444 0.117568 9.9991E-05 0.0873766 0.0450037 0.383552
0.034554 0.0371515 0.516919 0.220767 0.034652 9.9991E-05 0.0142045 0.141652
0.0325723 0.0528804 0.306679 0.456871 9.9982E-05 9.9982E-05 0.0658445 0.0849525
0.0408414 0.0256946 0.546976 0.340298 9.9982E-05 9.9982E-05 0.0442776 0.0017129
0.0314433 0.0204524 0.604994 0.194568 0.058561 9.9991E-05 0.0722134 0.017668
0.0660097 0.0521235 0.252433 0.560998 9.9982E-05 9.9982E-05 0.0204269 0.047809
0.0756276 0.0768008 0.525867 0.109549 0.0481138 0.0575543 0.106388 9.9991E-05
0.0261394 0.0499257 0.538346 0.311366 9.9973E-05 9.9973E-05 0.073923 9.9973E-05
0.110183 0.153358 0.114844 0.558381 9.9973E-05 9.9973E-05 0.062933 9.9973E-05
0.0638468 0.0249126 0.197811 0.656218 9.9973E-05 9.9973E-05 0.0569114 9.9973E-05
0.0125997 0.0155595 0.461111 0.36504 9.9982E-05 9.9982E-05 0.0941707 0.0513188
0.169322 0.128593 0.0679176 0.530743 9.9973E-05 9.9973E-05 0.103124 9.9973E-05
0.0670441 9.9973E-05 0.4106 0.361978 9.9973E-05 9.9973E-05 0.032846 0.127232
0.0413272 9.9973E-05 0.0430751 9.9973E-05 9.9973E-05 0.015096 0.198239 0.701963
0.0655983 0.248163 0.0582706 0.0321212 9.9991E-05 0.0899727 0.103284 0.40249
9.9982E-05 0.0328478 0.335379 9.9982E-05 0.0366771 0.0499775 0.188602 0.356317
0.0705553 0.0354321 0.457368 0.0094336 0.0392825 0.0630816 0.0671837 0.257664
0.0824956 9.9973E-05 0.0962531 9.9973E-05 9.9973E-05 0.0231469 0.228443 0.569362
0.0512002 0.0608359 0.513995 0.0835302 0.0477182 0.0523987 0.0817473 0.108575
0.00719878 9.9991E-05 0.49118 0.0718853 0.0277821 0.0406658 0.118808 0.24238
0.0441042 0.0533144 0.439864 0.0143359 9.9991E-05 0.0705884 0.079904 0.297789
0.0311949 0.0686417 0.481251 0.0103789 0.00293305 0.0268974 0.118952 0.259751
0.0570564 0.00742265 0.432114 9.9982E-05 9.9982E-05 0.0312924 0.207321 0.264593
0.0411737 0.0395858 0.158443 9.9982E-05 9.9982E-05 0.0146255 0.180337 0.565635
0.0211311 0.0373593 0.347469 9.9982E-05 9.9982E-05 0.0164461 0.184902 0.392492
0.0674458 0.0505404 0.561975 0.0354785 9.9991E-05 0.0143822 0.107975 0.162103
0.00692247 0.0463584 0.605641 0.0705253 0.00880141 0.0611546 0.0974339 0.103163
0.111414 0.096337 0.255652 0.0801174 0.0105081 0.0926812 0.126701 0.226589
0.0930935 0.0759599 0.379757 0.036765 9.9991E-05 0.0968276 0.0773786 0.240119
0.0431337 0.00249295 0.265285 9.9982E-05 9.9982E-05 0.0644047 0.220924 0.40356
9.9982E-05 0.0750956 0.533406 0.0161956 0.0396351 9.9982E-05 0.0745287 0.260939
0.036805 0.0512943 0.373338 9.9982E-05 9.9982E-05 0.0777442 0.128357 0.332262
0.0182064 0.0307947 0.4925 0.0475153 0.0800611 0.0587313 0.0949288 0.177262
9.9973E-05 9.9973E-05 0.4334 0.0531762 0.306096 0.104506 9.9973E-05 0.102522
0.00255038 0.0321619 0.524893 0.0889731 0.122507 0.139688 9.9991E-05 0.0891267
0.0407238 0.0330058 0.428051 0.0980745 0.128719 0.144646 0.0553914 0.0713888
9.9991E-05 0.0389815 0.537292 0.11737 0.0381232 0.154281 0.0475959 0.066256
0.0370038 9.9982E-05 0.457652 0.143788 0.20495 0.152392 9.9982E-05 0.00401447
0.0105385 0.162148 0.442314 0.101811 9.9982E-05 9.9982E-05 0.0558918 0.227097
0.0437438 0.0336365 0.529441 0.115605 0.127812 0.107902 0.04176 9.9991E-05
9.9982E-05 0.102957 0.00995548 0.377492 0.172802 0.156478 9.9982E-05 0.180116
9.9982E-05 9.9982E-05 0.570434 0.121652 0.0838514 0.110451 0.0665188 0.0468934
0.00352833 0.0342122 0.522445 0.0824302 0.135272 0.135431 0.0297927 0.0568883
0.0305438 0.0593422 0.50023 0.0893189 0.111161 0.142969 9.9991E-05 0.0663358
0.00368145 0.0783355 0.249938 0.190516 0.177719 0.111298 9.9991E-05 0.188414
0.0298815 0.00114594 0.514835 0.0449096 0.215829 0.0978307 0.025899 0.0696693
9.9982E-05 0.0951298 0.527747 0.0431977 0.158107 0.150549 0.0250687 9.9982E-05
9.9955E-05 9.9955E-05 9.9955E-05 0.43208 0.437121 0.130299 9.9955E-05 9.9955E-05
0.0423709 0.0303607 0.528204 0.0365161 0.125382 0.169186 0.0632525 0.00472878
9.9982E-05 0.0358428 0.519467 0.0799831 0.131231 0.188463 9.9982E-05 0.0448125
9.9991E-05 0.03954 0.580377 0.0995493 0.0778711 0.125754 0.0130649 0.063744
9.9973E-05 0.0112321 0.514473 0.109588 0.17339 0.191017 9.9973E-05 9.9973E-05
0.0288471 9.9982E-05 0.521738 0.0974232 0.198265 0.0717999 9.9982E-05 0.0817269
0.0707709 0.420556 0.440729 9.9982E-05 0.0227206 0.0103617 0.0346618 9.9982E-05
0.101754 0.19964 0.458047 9.9991E-05 0.0719952 0.0347768 0.0336429 0.100044
0.0429322 0.898488 9.9964E-05 0.00939842 9.9964E-05 9.9964E-05 0.0487818 9.9964E-05
9.9973E-05 0.945215 9.9973E-05 0.00506193 0.00965854 9.9973E-05 0.0134468 0.0263176
0.0255114 0.328149 0.504991 0.0338911 0.0711193 0.00426354 0.0196211 0.0124533
9.9973E-05 0.113502 0.359532 0.10717 0.134114 0.285382 9.9973E-05 9.9973E-05
9.9973E-05 0.258958 0.326375 0.000862707 0.161248 0.252257 9.9973E-05 9.9973E-05
9.9973E-05 0.269224 0.162889 0.11998 0.158659 0.288947 9.9973E-05 9.9973E-05
9.9973E-05 0.219393 0.318965 0.064025 0.137785 0.259533 9.9973E-05 9.9973E-05
9.9973E-05 0.725908 0.0460318 0.0947052 0.0899344 0.0431209 9.9973E-05 9.9973E-05
9.9973E-05 0.700434 0.115133 0.0280509 0.115176 0.0409063 9.9973E-05 9.9973E-05
9.9982E-05 0.348513 0.539181 0.014628 0.00945233 0.0592787 9.9982E-05 0.0287474
9.9964E-05 0.472697 0.369369 9.9964E-05 0.0684779 0.0890557 9.9964E-05 9.9964E-05
9.9964E-05 0.686992 0.21258 9.9964E-05 0.0636665 0.0363613 9.9964E-05 9.9964E-05
9.9982E-05 0.309103 0.485185 9.9982E-05 0.0409799 0.0511884 0.0181792 0.0951654
9.9973E-05 0.318551 0.542644 9.9973E-05 0.0363522 0.0630746 0.0390783 9.9973E-05
0.00973576 0.300661 0.481482 0.0149904 0.0680857 0.0723881 9.9991E-05 0.0525576
0.0210443 0.67106 0.301273 9.9964E-05 0.00622303 9.9964E-05 9.9964E-05 9.9964E-05
9.9973E-05 0.49903 0.36008 9.9973E-05 0.00849586 9.9973E-05 0.0256379 0.106456
9.9991E-05 0.347113 0.495895 0.0653082 0.0304955 0.0137524 0.00976338 0.0375731
0.0120961 0.37013 0.433775 0.0431644 0.0408686 9.9991E-05 0.0931593 0.00670706
0.0185887 0.230267 0.483774 0.0208923 0.050923 0.0465135 0.0264182 0.122623
0.0517008 0.43262 0.433997 0.0481778 9.9982E-05 9.9982E-05 0.0137723 0.0195326
9.9955E-05 0.82673 0.154394 9.9955E-05 9.9955E-05 9.9955E-05 9.9955E-05 0.0183762
9.9964E-05 0.352879 0.622571 9.9964E-05 9.9964E-05 0.0113119 0.0128382 9.9964E-05
0.0201898 0.767456 0.14825 9.9973E-05 9.9973E-05 9.9973E-05 0.0184164 0.0453876
9.9955E-05 0.506336 0.441665 9.9955E-05 0.0514997 9.9955E-05 9.9955E-05 9.9955E-05
0.00398526 0.287228 0.513931 0.0299472 0.0701269 9.9991E-05 0.0335999 0.0610817
0.046255 0.274425 0.456646 9.9991E-05 0.0558637 0.0692783 0.0838955 0.0135371
9.9982E-05 0.0620122 0.522682 0.106766 0.142957 0.118031 0.0473519 9.9982E-05
9.9991E-05 0.108304 0.399196 0.111836 0.139131 0.13913 0.032329 0.0699746
9.9982E-05 0.072438 0.311277 0.182272 0.160081 0.269463 0.00426957 9.9982E-05
0.0317506 0.0787654 0.297252 0.150435 0.165944 0.241605 0.0102205 0.0240271
0.0788927 0.0152494 0.417568 0.0606242 0.169858 0.205136 0.00943559 0.0432366
0.0208109 0.163461 0.406272 0.0801483 0.145561 0.136112 0.0475346 9.9991E-05
9.9964E-05 0.686369 9.9964E-05 0.0568689 0.161136 0.0952265 9.9964E-05 9.9964E-05
9.9973E-05 0.108938 0.541227 0.0751764 0.0662106 0.208147 9.9973E-05 9.9973E-05
9.9964E-05 0.395847 9.9964E-05 0.200439 0.324976 0.0783379 9.9964E-05 9.9964E-05
9.9964E-05 0.322772 0.483297 9.9964E-05 0.0575663 0.135965 9.9964E-05 9.9964E-05
9.9946E-05 0.92257 0.0768307 9.9946E-05 9.9946E-05 9.9946E-05 9.9946E-05 9.9946E-05
0.0510182 0.948382 9.9946E-05 9.9946E-05 9.9946E-05 9.9946E-05 9.9946E-05 9.9946E-05
9.9955E-05 0.543595 0.432426 9.9955E-05 9.9955E-05 9.9955E-05 9.9955E-05 0.0234796
0.0210635 0.382285 0.555181 9.9982E-05 0.00207884 0.0221587 0.0170325 9.9982E-05
9.9946E-05 0.630655 0.368745 9.9946E-05 9.9946E-05 9.9946E-05 9.9946E-05 9.9946E-05
9.9946E-05 0.431074 0.568326 9.9946E-05 9.9946E-05 9.9946E-05 9.9946E-05 9.9946E-05
9.9946E-05 0.471271 0.528129 9.9946E-05 9.9946E-05 9.9946E-05 9.9946E-05 9.9946E-05
0.0192139 0.00719361 0.000992392 0.00714025 0.849979 0.0457024 0.0696786 9.9991E-05
0.0434558 9.99935E-05 0.0275637 0.0260247 0.752899 0.0699283 0.0527657 0.0272626
9.9973E-05 0.00093835 0.0280499 9.9973E-05 0.922181 0.00360392 0.0449266 9.9973E-05
9.9955E-05 9.9955E-05 0.0488077 0.0171091 0.933583 9.9955E-05 9.9955E-05 9.9955E-05
0.332499 0.0274503 0.541616 0.00453741 0.0497189 0.0110899 9.9991E-05 0.0329884
0.289956 9.9982E-05 0.561178 0.028533 0.0542022 9.9982E-05 0.0421089 0.0238221
0.372641 9.9964E-05 0.522743 9.9964E-05 0.0216152 9.9964E-05 9.9964E-05 0.0826004
0.24761 9.9982E-05 0.571653 0.0494141 0.0359587 9.9982E-05 0.0147267 0.0804375
0.0978718 9.9991E-05 0.585202 0.113642 0.0558109 0.00794374 0.0497539 0.0896755
0.538494 9.9973E-05 0.257787 9.9973E-05 0.0427199 9.9973E-05 0.0223018 0.138398
0.369184 0.00477102 0.616007 9.9982E-05 0.0013634 0.00162596 0.00684871 9.9982E-05
0.572337 0.0747934 0.265469 0.0799999 9.9973E-05 0.00710153 9.9973E-05 9.9973E-05
9.9982E-05 9.9982E-05 0.376045 0.0320129 0.314915 0.138793 0.0295333 0.1085
0.359477 0.107216 0.41114 0.0890745 9.9982E-05 0.0116936 0.0211982 9.9982E-05
0.511377 9.9964E-05 0.354094 9.9964E-05 9.9964E-05 9.9964E-05 0.0583418 0.0757881
0.365479 0.0420607 0.529538 0.0591563 0.00346636 9.9973E-05 9.9973E-05 9.9973E-05
0.459628 9.9973E-05 0.389707 9.9973E-05 9.9973E-05 0.0254448 0.072857 0.0520636
0.367595 0.0341946 0.590828 0.0069829 9.9964E-05 9.9964E-05 9.9964E-05 9.9964E-05
0.339251 9.9964E-05 0.505538 9.9964E-05 0.0685294 9.9964E-05 0.0862814 9.9964E-05
0.844704 0.0461786 0.0250701 0.0836469 9.9964E-05 9.9964E-05 9.9964E-05 9.9964E-05
0.517153 0.0827195 0.276487 0.0871232 9.9982E-05 0.0194036 9.9982E-05 0.016914
0.55694 0.075821 0.344185 0.0092113 9.9973E-05 0.0135429 9.9973E-05 9.9973E-05
0.815505 0.060309 9.9955E-05 0.123686 9.9955E-05 9.9955E-05 9.9955E-05 9.9955E-05
0.381338 9.9973E-05 0.387452 9.9973E-05 0.0607058 9.9973E-05 0.0388721 0.131332
0.621406 0.0595355 0.062894 0.255765 9.9964E-05 9.9964E-05 9.9964E-05 9.9964E-05
0.796054 0.0447755 9.9955E-05 0.15867 9.9955E-05 9.9955E-05 9.9955E-05 9.9955E-05
0.334074 0.0346521 0.548619 0.0367208 0.0206755 0.0184851 0.00667364 9.9991E-05
0.562409 9.9973E-05 0.165392 9.9973E-05 0.0212516 9.9973E-05 0.0784936 0.172153
0.419986 9.9982E-05 0.414217 9.9982E-05 0.00528699 0.0215018 0.074447 0.0643609
0.182206 0.00463783 0.589577 0.101719 0.108048 0.0126482 0.00106363 9.9991E-05
0.317167 9.9982E-05 0.478698 9.9982E-05 0.0233707 0.00530518 0.071589 0.10367
0.0294052 0.0926559 0.282463 0.162364 9.9991E-05 0.0168138 0.0750658 0.341132
0.31975 0.00851721 0.56603 9.9973E-05 0.0336205 9.9973E-05 0.0717824 9.9973E-05
0.335406 9.9973E-05 0.466587 9.9973E-05 0.0241088 9.9973E-05 0.0404908 0.133107
0.539446 0.0658925 0.310528 0.0771654 9.9973E-05 9.9973E-05 9.9973E-05 0.00666832
0.246425 9.9991E-05 0.487471 0.0172306 0.14285 0.00153994 0.00736468 0.0970184
9.9964E-05 9.9964E-05 9.9964E-05 0.0692403 0.639493 9.9964E-05 0.262649 0.0282181
0.0577946 0.0033925 9.9973E-05 0.05072 0.765431 9.9973E-05 0.122362 9.9973E-05
9.9964E-05 9.9964E-05 9.9964E-05 0.0457368 0.835597 9.9964E-05 0.115514 0.00275265
9.9964E-05 9.9964E-05 9.9964E-05 0.0398176 0.823795 9.9964E-05 0.0993311 0.036656
0.00450245 9.9982E-05 0.0204423 0.0735203 0.719196 9.9982E-05 0.129213 0.0529254
0.634676 9.9973E-05 0.121866 9.9973E-05 0.0396283 9.9973E-05 0.057879 0.145651
0.694907 9.9973E-05 0.121579 9.9973E-05 0.0243293 9.9973E-05 0.0698961 0.0889891
0.772404 0.0185329 0.141442 0.027695 9.9973E-05 0.0396266 9.9973E-05 9.9973E-05
0.0978574 0.0140181 0.587771 0.0759915 0.0762401 0.0378422 0.0688915 0.0413882
0.183695 0.0522037 0.502167 0.0110113 0.126302 0.0612839 0.0632371 9.9991E-05
0.63179 9.9973E-05 0.235766 0.094377 0.00302549 0.0347412 9.9973E-05 9.9973E-05
0.278881 0.00574618 0.598856 0.0638281 9.9982E-05 0.0453941 9.9982E-05 0.00709482
0.431551 0.0361704 0.395362 0.0676013 0.0190456 0.0275501 9.9991E-05 0.02262
0.376958 9.9964E-05 0.495733 9.9964E-05 0.00938405 9.9964E-05 9.9964E-05 0.117526
0.291211 9.9973E-05 0.603791 9.9973E-05 0.0227707 0.0250573 0.0568703 9.9973E-05
0.598607 9.9964E-05 0.202462 9.9964E-05 9.9964E-05 9.9964E-05 0.0536409 0.144891
0.589487 9.9964E-05 0.270018 9.9964E-05 9.9964E-05 9.9964E-05 0.0296182 0.110477
0.533199 9.9973E-05 0.311055 9.9973E-05 0.0226948 9.9973E-05 0.0727159 0.0600357
0.000674424 9.9982E-05 0.646899 0.213196 0.0250573 9.9982E-05 0.0929674 0.0210061
0.5071 9.9973E-05 0.379585 9.9973E-05 0.00361651 9.9973E-05 0.0354447 0.0739535
0.430916 9.9982E-05 0.400201 9.9982E-05 0.0206814 0.0022316 0.0953995 0.0503713
0.000971506 9.9982E-05 0.443031 0.0660106 0.0667187 0.363239 0.0598302 9.9982E-05
0.0245796 9.9982E-05 0.343054 0.0739637 0.149116 0.398809 9.9982E-05 0.0102773
9.9982E-05 0.0304987 0.445699 0.00800023 0.0931603 0.388584 0.0338573 9.9982E-05
9.9982E-05 0.0254637 0.29932 0.0361713 0.13263 0.501763 0.00445217 9.9982E-05
0.00955871 0.0234733 0.495164 0.043533 0.125076 0.242477 0.0606181 9.9991E-05
0.229331 0.00910982 0.483652 0.222447 0.0546356 9.9982E-05 9.9982E-05 0.000623766
9.9955E-05 9.9955E-05 9.9955E-05 0.110943 0.247992 0.640566 9.9955E-05 9.9955E-05
0.00495711 0.00357179 0.31875 0.0600107 0.132815 0.456741 0.0230543 9.9991E-05
0.0135823 9.9982E-05 0.385867 0.266124 0.160822 0.134643 0.0387615 9.9982E-05
0.0537147 9.9982E-05 0.516402 0.210404 0.105419 9.9982E-05 0.0321949 0.0816647
9.9973E-05 9.9973E-05 0.500117 0.317171 0.0919097 9.9973E-05 0.035044 0.0554582
0.0194972 9.9973E-05 0.60975 0.23734 0.0928894 9.9973E-05 0.0402233 9.9973E-05
0.0270803 9.9982E-05 0.589571 0.166595 0.133141 0.0273314 0.0560808 9.9982E-05
9.9973E-05 9.9973E-05 0.368163 0.0107961 0.166531 0.436785 0.0174251 9.9973E-05
0.0599596 9.9982E-05 0.364471 0.0382709 0.168485 0.33376 9.9982E-05 0.034854
9.9964E-05 9.9964E-05 0.413362 0.0498604 0.0581358 0.478242 9.9964E-05 9.9964E-05
0.0339995 0.00260128 0.460181 0.0584899 0.14002 0.235475 0.0594685 0.00976437
0.0359002 0.0295173 0.249896 0.0376877 0.173074 0.457308 0.0165173 9.9991E-05
0.0351424 9.9991E-05 0.418833 0.0830587 0.0958754 0.313084 0.00974386 0.0441621
0.0338573 0.00417257 0.235511 0.0519174 0.13269 0.521849 0.019903 9.9991E-05
0.000688791 0.0228459 0.416982 0.0801305 0.139182 0.281812 9.9991E-05 0.0582586
0.0146801 9.9973E-05 0.5438 0.37146 0.0352632 9.9973E-05 0.0344969 9.9973E-05
9.9982E-05 9.9982E-05 0.37013 0.100446 0.113765 0.346413 0.0591641 0.00988295
9.9964E-05 9.9964E-05 0.160638 0.0642832 0.213551 0.561128 9.9964E-05 9.9964E-05
9.9982E-05 0.0455383 0.394706 9.9982E-05 0.110125 0.325687 0.0181919 0.105551
0.0290705 9.9982E-05 0.267881 0.384328 0.122344 9.9982E-05 0.0737229 0.122454
9.9964E-05 9.9964E-05 0.615945 0.305438 9.9964E-05 0.0149841 9.9964E-05 0.0632326
9.9973E-05 9.9973E-05 0.386433 0.0970772 0.0932916 0.346132 0.0767665 9.9973E-05
9.9973E-05 9.9973E-05 0.532974 0.22233 0.105209 9.9973E-05 0.0142969 0.12489
9.9973E-05 9.9973E-05 0.506503 0.284924 0.116752 9.9973E-05 0.0626787 0.0288411
0.0549123 9.9991E-05 0.328929 0.178064 0.176235 0.214522 0.0135419 0.0336948
9.9973E-05 0.071532 0.35734 0.150651 0.17461 0.245567 9.9973E-05 9.9973E-05
0.0251282 9.9982E-05 0.555398 0.181581 0.0767864 0.0559832 0.104923 9.9982E-05
0.0301775 9.9991E-05 0.36535 0.0363761 0.12992 0.322665 0.0267062 0.0887057
9.9964E-05 9.9964E-05 0.44966 9.9964E-05 0.118013 0.397919 0.0340082 9.9964E-05
9.9964E-05 9.9964E-05 0.148927 0.0733967 0.192593 0.584684 9.9964E-05 9.9964E-05
0.00424765 0.0281435 0.584274 0.118893 0.0568871 0.0661347 0.0727781 0.0686422
0.0117447 9.9973E-05 0.428223 0.325487 0.0891669 9.9973E-05 9.9973E-05 0.145079
9.9946E-05 9.9946E-05 0.202052 0.797348 9.9946E-05 9.9946E-05 9.9946E-05 9.9946E-05
0.0429377 0.0119721 0.608272 0.131858 0.136383 0.0135536 0.0549227 9.9991E-05
0.00148511 0.0605917 0.398546 0.248994 0.0449135 0.0186301 0.105363 0.121476
9.9973E-05 9.9973E-05 0.476167 0.165861 0.154256 0.133997 9.9973E-05 0.0694183
0.013699 9.9991E-05 0.494861 0.189996 0.11808 0.0547563 0.0165521 0.111955
9.9955E-05 9.9955E-05 9.9955E-05 0.589721 0.298882 0.110898 9.9955E-05 9.9955E-05
