0.0211959 9.9973E-05 0.0236391 9.9973E-05 0.0127973 0.909222 9.9973E-05 0.0328456
0.0130438 9.9964E-05 9.9964E-05 9.9964E-05 9.9964E-05 0.947819 0.0312205 0.00751669
9.9982E-05 9.9982E-05 0.048619 0.00167512 0.028012 0.841316 0.0591083 0.02107
0.0319221 9.9964E-05 0.126202 9.9964E-05 9.9964E-05 0.831368 0.0101072 9.9964E-05
9.9955E-05 9.9955E-05 0.0858254 0.00295566 9.9955E-05 0.910719 9.9955E-05 9.9955E-05
0.0351806 9.9964E-05 9.9964E-05 0.250996 9.9964E-05 0.635179 9.9964E-05 0.0782441
9.9946E-05 9.9946E-05 9.9946E-05 0.250638 9.9946E-05 0.748762 9.9946E-05 9.9946E-05
0.0147395 9.9964E-05 9.9964E-05 0.278393 9.9964E-05 0.684997 9.9964E-05 0.0214708
0.163831 9.99549E-05 9.99549E-05 9.99549E-05 9.99549E-05 0.793855 0.0418144 9.99549E-05
0.0108894 9.9964E-05 9.9964E-05 0.224899 9.9964E-05 0.746134 9.9964E-05 0.0176778
0.0160784 9.9964E-05 0.0520574 0.188374 9.9964E-05 0.74309 9.9964E-05 9.9964E-05
0.459868 9.9973E-05 0.267596 0.0225861 0.137842 9.9973E-05 0.111808 9.9973E-05
0.225816 0.037476 0.556426 9.9991E-05 0.0424878 0.0529617 0.0503109 0.0344218
0.454702 9.9973E-05 0.313773 9.9973E-05 0.0426215 9.9973E-05 0.149621 0.0389829
0.41977 9.9973E-05 0.342429 9.9973E-05 0.0347953 9.9973E-05 0.130743 0.0719628
0.280601 9.9973E-05 0.484416 9.9973E-05 9.9973E-05 0.069644 0.107815 0.057224
0.210305 0.00367505 0.610065 9.9991E-05 0.0143027 0.0272512 0.105287 0.0290137
0.258774 0.0104458 0.502282 0.0226278 0.0875151 0.00264742 0.0929556 0.0227526
0.336057 9.9982E-05 0.350198 9.9982E-05 0.0583634 0.0516587 0.167464 0.0360598
0.65599 9.9973E-05 0.0539145 0.0952703 0.101311 9.9973E-05 0.0932138 9.9973E-05
0.291887 9.9982E-05 0.443143 0.0289228 0.111786 9.9982E-05 0.0887881 0.0352738
0.198 0.0974997 0.435807 0.0670172 0.0510112 9.9991E-05 0.123685 0.0268796
0.207956 0.00151054 0.554994 0.0437981 0.125643 0.0506514 0.000353797 0.0150933
0.409903 9.9991E-05 0.267572 0.0427073 0.109542 0.0475346 0.0781067 0.0445346
0.111853 0.00573026 0.641058 0.0165661 0.0209185 0.091284 0.0659057 0.0466843
0.288121 9.9982E-05 0.565964 0.0179161 0.0563638 0.00352371 0.0679118 9.9982E-05
0.488527 0.0198623 0.276422 0.000778356 0.0857669 0.0281759 0.100368 9.9991E-05
0.39131 9.9991E-05 0.346216 0.0105083 0.0956323 0.0119054 0.130847 0.013482
0.480937 9.9973E-05 0.225911 0.103211 0.129985 9.9973E-05 0.0596559 9.9973E-05
9.9955E-05 9.9955E-05 0.0826319 9.9955E-05 9.9955E-05 0.894185 9.9955E-05 0.0226837
9.9955E-05 0.00742197 0.125766 9.9955E-05 9.9955E-05 0.866312 9.9955E-05 9.9955E-05
9.9964E-05 9.9964E-05 0.118295 9.9964E-05 9.9964E-05 0.818246 0.00374599 0.059313
9.9964E-05 9.9964E-05 0.143527 9.9964E-05 9.9964E-05 0.724209 0.0432075 0.0886575
0.0919968 9.9973E-05 0.485762 0.163634 0.163932 0.0943752 9.9973E-05 9.9973E-05
0.0637447 9.9982E-05 0.537313 0.0253866 0.249116 0.115857 9.9982E-05 0.00838251
9.9964E-05 0.0108797 0.559466 0.0429551 0.3863 9.9964E-05 9.9964E-05 9.9964E-05
0.604458 0.0237881 0.227506 9.9982E-05 0.0865869 0.0450494 0.0124118 9.9982E-05
9.9973E-05 0.0747699 0.290979 0.029251 0.573296 9.9973E-05 0.0314037 9.9973E-05
0.0996724 0.0429186 0.518495 9.9982E-05 0.231957 0.0810803 9.9982E-05 0.0256762
0.0105186 0.0137389 0.682783 0.138961 0.125087 0.0287124 9.9982E-05 9.9982E-05
0.0395081 9.9973E-05 0.48902 0.404903 0.0144064 0.0518626 9.9973E-05 9.9973E-05
0.0967289 9.9982E-05 0.557622 0.203338 0.0605597 0.0635216 9.9982E-05 0.0180296
0.149929 9.9964E-05 0.174212 9.9964E-05 0.660509 0.0149501 9.9964E-05 9.9964E-05
9.9964E-05 9.9964E-05 0.620256 0.300467 9.9964E-05 0.0574019 0.021475 9.9964E-05
0.0422938 9.9982E-05 0.579756 0.0795486 0.194487 0.09126 9.9982E-05 0.0124548
9.9982E-05 9.9982E-05 0.600916 0.107043 0.108714 0.113031 0.0299626 0.0401338
9.9964E-05 0.0915293 0.34493 0.00558867 0.557552 9.9964E-05 9.9964E-05 9.9964E-05
0.075878 9.9973E-05 0.568136 9.9973E-05 0.251675 0.0924737 9.9973E-05 0.0115374
0.0210201 0.0241431 0.561005 0.0450479 0.176293 0.110763 0.0518999 0.00982841
9.9964E-05 0.080723 9.9964E-05 0.102617 0.684107 9.9964E-05 0.132153 9.9964E-05
0.566665 0.0172167 0.164068 0.142301 0.108645 9.9982E-05 0.000904246 9.9982E-05
0.21645 0.170417 0.159764 0.0706619 0.177185 9.9991E-05 0.18337 0.0220539
0.150009 0.0762508 0.540422 0.00697805 0.0547048 0.0542769 0.06868 0.0486781
0.0863179 0.0501429 0.570661 0.0839339 0.0495409 0.0588517 0.0861631 0.0143881
0.103948 0.104196 0.600006 0.0316672 9.9991E-05 0.0722635 0.0671903 0.0206296
0.469591 9.9982E-05 0.220991 0.0757643 0.0984023 0.079621 0.0554304 9.9982E-05
0.28796 0.0439376 0.552646 9.9973E-05 0.0513143 9.9973E-05 0.0638423 9.9973E-05
0.155263 0.0138226 0.577419 9.9991E-05 0.129594 0.0374566 0.0509632 0.0353816
0.265961 0.0967049 0.419427 0.0328014 0.0690107 0.0943915 0.0216037 9.9991E-05
0.425286 9.9991E-05 0.127056 0.147949 0.11446 0.132302 0.0423471 0.0104988
0.134433 0.0645853 0.545208 0.0521019 0.067041 0.0735019 0.047444 0.0156846
0.206947 0.0477952 0.484014 0.0316496 0.0932402 0.0392637 0.0707374 0.0263527
0.549405 0.0278657 0.0881791 0.0794005 0.140938 0.0399016 0.0742104 9.9991E-05
0.316242 0.0546597 0.460112 9.9973E-05 0.130554 9.9973E-05 0.0381314 9.9973E-05
0.062211 0.104033 0.580375 0.029574 0.0653532 0.0312969 0.0925859 0.0345715
0.151566 9.9982E-05 0.661555 0.0351579 0.0325403 0.0570671 0.0619139 9.9982E-05
0.317622 0.00181197 0.280509 0.0864581 0.169863 0.0612514 0.0453224 0.037162
0.236865 0.114234 0.458273 0.0141836 0.0715057 0.0349575 0.0185734 0.0514081
0.131735 0.098022 0.581101 0.00306663 0.0645123 0.051757 0.0472544 0.022551
0.459435 0.0171838 0.238543 0.047961 0.131051 0.00361843 0.102107 9.9991E-05
9.9955E-05 9.9955E-05 0.505383 9.9955E-05 0.443535 0.0505827 9.9955E-05 9.9955E-05
0.0190223 9.9964E-05 0.208605 9.9964E-05 0.729119 0.0428537 9.9964E-05 9.9964E-05
0.0890765 9.9973E-05 0.529421 9.9973E-05 0.223151 0.052654 0.105397 9.9973E-05
9.9964E-05 0.0565603 0.0164938 9.9964E-05 0.882852 9.9964E-05 0.0436943 9.9964E-05
9.9964E-05 0.0632442 9.9964E-05 0.0279335 0.897464 9.9964E-05 0.0109581 9.9964E-05
9.9973E-05 0.0733049 0.24714 9.9973E-05 0.669658 9.9973E-05 0.00648269 0.00311504
0.0575706 9.9964E-05 0.512576 9.9964E-05 0.414503 0.014951 9.9964E-05 9.9964E-05
0.0745023 0.0521144 0.564705 0.0149655 0.123212 0.128263 9.9991E-05 0.0421377
9.9973E-05 0.0217868 0.508993 9.9973E-05 0.446539 0.0014519 0.0209297 9.9973E-05
0.156671 9.9964E-05 0.175234 9.9964E-05 0.641302 0.0263922 9.9964E-05 9.9964E-05
0.167876 9.9964E-05 0.270577 9.9964E-05 0.557128 0.00401857 9.9964E-05 9.9964E-05
0.0479314 0.0137071 0.512273 0.0367854 0.253111 0.0763297 0.0017843 0.0580786
0.111435 9.9964E-05 0.342392 9.9964E-05 0.50605 0.0397231 9.9964E-05 9.9964E-05
0.0806108 0.0184427 0.447679 9.9982E-05 0.437286 0.00708245 9.9982E-05 0.0086991
9.9973E-05 0.0486152 0.468757 0.0380203 0.426454 9.9973E-05 0.0178539 9.9973E-05
9.9964E-05 0.170011 9.9964E-05 0.0206336 0.69968 9.9964E-05 0.109276 9.9964E-05
9.9991E-05 0.0201616 0.581574 0.0498 0.281852 0.0200464 0.0224397 0.0240258
0.0499785 9.9964E-05 0.066867 9.9964E-05 0.0203634 0.862391 9.9964E-05 9.9964E-05
9.9955E-05 9.9955E-05 0.0672365 9.9955E-05 9.9955E-05 0.919795 0.0124692 9.9955E-05
9.9964E-05 9.9964E-05 0.112752 9.9964E-05 9.9964E-05 0.828034 0.0314318 0.0273818
9.9964E-05 9.9964E-05 0.037941 9.9964E-05 9.9964E-05 0.909847 0.0127863 0.0390253
9.9982E-05 0.00594519 0.00705035 9.9982E-05 0.00208068 0.938233 0.00234676 0.0441438
9.9973E-05 0.0222709 0.076805 9.9973E-05 9.9973E-05 0.857698 0.00568914 0.0372375
9.9946E-05 9.9946E-05 0.0812638 9.9946E-05 9.9946E-05 0.918137 9.9946E-05 9.9946E-05
0.0547049 0.0393098 0.551659 0.00136451 0.211618 0.082648 0.0293578 0.0293375
0.0546775 0.037946 0.532837 0.100673 0.0984771 0.118238 0.0415187 0.0156325
0.19581 9.9964E-05 0.0424362 9.9964E-05 0.707617 0.0537372 9.9964E-05 9.9964E-05
0.0731475 0.0484097 0.631487 0.00682723 0.128856 0.0867029 0.0182491 0.00632079
0.139046 9.9964E-05 0.39439 9.9964E-05 0.417583 0.0485816 9.9964E-05 9.9964E-05
0.0449195 9.9964E-05 0.551749 9.9964E-05 0.331016 0.0719154 9.9964E-05 9.9964E-05
0.0252281 0.073673 0.543476 0.0803373 0.220568 0.0443932 9.9991E-05 0.0122247
0.010383 0.0762623 0.488746 9.9982E-05 0.368849 0.0235603 9.9982E-05 0.0319988
0.237187 9.9955E-05 9.9955E-05 9.9955E-05 0.708155 0.0541585 9.9955E-05 9.9955E-05
0.121078 0.0546065 0.522499 9.9982E-05 0.159039 0.110871 9.9982E-05 0.0317071
0.0363974 9.9982E-05 0.639314 0.0808925 0.125377 0.0691861 0.0486329 9.9982E-05
0.0643428 0.0227486 0.566969 0.0504745 0.143225 0.0991058 0.0364228 0.0167113
0.0232722 0.0566295 0.221847 0.106748 0.548204 9.9991E-05 0.02507 0.0181301
9.9964E-05 0.0794959 0.525489 9.9964E-05 0.3899 9.9964E-05 9.9964E-05 0.00471534
0.121285 9.9964E-05 0.488161 9.9964E-05 0.377458 0.0126963 9.9964E-05 9.9964E-05
9.9964E-05 0.0707808 0.360981 9.9964E-05 0.555715 9.9964E-05 9.9964E-05 0.0121233
0.104726 9.9973E-05 0.462735 0.00399303 0.359345 0.068901 9.9973E-05 9.9973E-05
0.0506178 9.9991E-05 0.56557 0.0432253 0.202886 0.0920198 0.01469 0.0308908
0.366671 0.162732 0.318099 9.9982E-05 0.0214941 9.9982E-05 0.127022 0.00378201
0.356459 0.00890331 0.427159 0.125125 0.0169581 0.0627557 0.00254078 9.9991E-05
0.169971 0.0710065 0.553539 0.00132055 9.9991E-05 0.0997529 0.0811435 0.0231663
0.102364 0.0588088 0.607621 0.00164482 0.0425746 0.103337 0.0565252 0.0271242
0.345642 0.00915363 0.491111 0.0283339 0.0760708 0.0494881 9.9982E-05 9.9982E-05
0.281106 0.0306607 0.628053 9.9991E-05 0.0117118 0.024478 0.0179405 0.00595025
0.399514 0.0148712 0.471793 0.0375689 0.00679801 0.041291 0.0223004 0.0058636
0.149021 0.0806101 0.561752 0.0202831 0.0624411 0.0519681 0.0738248 9.9991E-05
0.173237 0.0926448 0.62989 9.9982E-05 9.9982E-05 0.0536115 0.0113666 0.0390505
0.248601 0.00037157 0.595793 0.100355 9.9982E-05 0.0522016 0.00247848 9.9982E-05
0.270761 0.0394148 0.566866 0.0283158 0.0443396 0.0501031 9.9982E-05 9.9982E-05
0.147427 0.114616 0.601093 0.0199302 9.9991E-05 0.0602032 0.00796348 0.0486676
0.132508 0.026792 0.600324 0.0601802 9.9991E-05 0.0876241 0.0837181 0.00875282
0.141694 0.0921103 0.646658 0.00821938 0.0129663 0.00495851 0.0823995 0.0109936
0.104159 0.0651293 0.595653 0.0474831 0.0194916 0.0817189 0.0425338 0.0438304
0.203707 0.145021 0.555533 0.0172407 0.0295366 0.00398366 9.9991E-05 0.0448772
0.232849 0.11429 0.340789 0.0874426 0.0440942 0.0223571 0.145489 0.0126888
0.151172 0.0411879 0.645839 9.9982E-05 0.0442365 0.0440026 0.0733621 9.9982E-05
0.132086 0.0866769 0.683318 0.047496 0.0204697 0.0285559 9.9991E-05 0.0012976
0.555939 0.00920211 0.239892 0.0152694 0.112607 0.0129181 0.0411811 0.0129918
0.279412 0.229034 0.183961 0.0673877 0.0848438 9.9982E-05 0.155162 9.9982E-05
0.207397 0.0652571 0.502726 0.0730563 0.0333734 0.0578426 0.0503159 0.0100318
0.338441 0.295072 0.0770604 0.0409149 0.120682 9.9982E-05 0.127631 9.9982E-05
0.531017 0.063594 0.347484 9.9973E-05 0.0538762 9.9973E-05 0.00372856 9.9973E-05
0.413277 0.0499278 0.453468 9.9964E-05 0.0829277 9.9964E-05 9.9964E-05 9.9964E-05
0.462994 0.00574344 0.384425 9.9982E-05 0.076949 0.044524 0.0251652 9.9982E-05
0.487581 0.0425074 0.352945 0.0719278 0.0447389 9.9973E-05 9.9973E-05 9.9973E-05
0.165217 0.0829242 0.576291 0.0252107 0.066151 0.0840057 9.9982E-05 9.9982E-05
0.148213 0.0599211 0.585917 0.00932627 0.0512737 0.0979231 0.0473258 9.9991E-05
0.205798 0.0385442 0.568826 0.0525711 0.0652066 0.0449063 0.00599179 0.0181552
0.39074 0.159373 0.175374 0.0661383 0.095107 9.9982E-05 0.113068 9.9982E-05
0.0560749 0.0315145 0.518437 0.113358 0.0693867 0.170333 0.0140843 0.0268109
0.0840895 0.0843724 0.488144 0.125866 0.0541349 0.0258125 0.136823 0.000757019
0.0547284 0.142043 9.9973E-05 0.391903 0.126974 9.9973E-05 0.284052 9.9973E-05
9.9991E-05 0.0769881 0.618807 0.0852127 0.0900654 0.0323483 0.0424143 0.0540637
0.0714163 0.0983861 0.274996 0.273527 0.0964259 0.0356843 0.128638 0.0209262
0.0679262 0.0531303 0.50556 0.156018 0.00305976 0.0736641 0.105784 0.0348571
0.0806219 0.0434913 0.194022 0.34955 0.134585 0.00733384 0.190296 9.9991E-05
0.151928 0.116264 0.0276029 0.433125 0.0965559 9.9982E-05 0.174324 9.9982E-05
0.076555 0.119775 0.37289 0.23713 0.0752448 0.0291451 0.0757927 0.0134671
0.108254 0.0430162 0.44388 0.145716 0.0539069 0.0746163 0.0830681 0.0475423
0.103171 9.9991E-05 0.433029 0.121364 0.110105 0.110924 0.103164 0.0181424
0.117379 0.176798 0.120185 0.141074 0.202599 9.9991E-05 0.22652 0.0153451
0.0804848 0.0784288 0.520206 0.0786476 0.0687059 0.0790574 0.0272297 0.0672401
0.0814707 0.148936 0.261929 0.307035 0.0897346 9.9982E-05 0.110695 9.9982E-05
0.0495487 0.112278 0.397256 0.216439 0.13442 9.9982E-05 0.0898577 9.9982E-05
0.0994104 0.0585353 0.49126 0.127953 0.0459004 0.108458 9.9991E-05 0.0683824
9.9973E-05 9.9973E-05 0.142857 0.149404 9.9973E-05 0.305468 0.178787 0.223185
9.9964E-05 9.9964E-05 9.9964E-05 0.0992857 9.9964E-05 0.315988 0.493762 0.0905641
9.9964E-05 9.9964E-05 9.9964E-05 0.084334 9.9964E-05 0.303441 0.50312 0.108705
0.00983843 9.9982E-05 0.097629 0.158719 9.9982E-05 0.25463 0.258154 0.22083
0.027208 0.0757798 0.540029 0.276235 0.0804485 9.9973E-05 9.9973E-05 9.9973E-05
9.9982E-05 0.0810117 0.595653 0.086218 0.0846473 0.136232 9.9982E-05 0.0160379
0.0095182 9.9964E-05 0.351432 9.9964E-05 0.00115019 9.9964E-05 9.9964E-05 0.6375
0.045937 0.0525143 0.359352 0.00351303 0.0552534 0.00994032 9.9991E-05 0.47339
0.0502254 0.043764 0.343814 9.9982E-05 0.0765806 0.0660176 9.9982E-05 0.419399
0.0520831 0.155728 0.200493 0.491235 0.0443002 9.9991E-05 0.0413843 0.0146775
0.119906 0.0612288 0.495631 0.11686 0.0639832 0.0460737 0.0790036 0.0173135
0.0514284 0.19987 0.155892 0.533978 0.0120668 9.9982E-05 0.0465648 9.9982E-05
0.00210007 0.0855066 0.542576 0.256399 0.0179529 0.0291739 0.0661921 9.9991E-05
0.0454152 0.158109 0.448358 0.231598 9.9982E-05 0.02469 0.0916301 9.9982E-05
9.9982E-05 0.0863186 0.527739 0.362102 0.0116491 9.9982E-05 0.0118467 0.000144729
9.9973E-05 0.158844 0.139466 0.52445 0.0685057 9.9973E-05 0.108433 9.9973E-05
9.9982E-05 0.0449045 0.599967 0.197665 0.037353 0.0992637 9.9982E-05 0.0206464
0.0258236 0.0435297 0.602061 0.158267 0.0333339 0.0699999 0.0526368 0.014348
9.9955E-05 9.9955E-05 0.0223782 0.0123409 9.9955E-05 9.9955E-05 9.9955E-05 0.964781
0.0162807 0.0138414 0.0658655 9.9964E-05 9.9964E-05 9.9964E-05 9.9964E-05 0.903613
0.0775781 0.0214015 0.273414 9.9982E-05 0.0208517 0.053556 9.9982E-05 0.552999
0.0152659 9.9955E-05 0.380452 9.9955E-05 9.9955E-05 9.9955E-05 9.9955E-05 0.603782
0.0232685 9.9964E-05 0.165835 9.9964E-05 0.0162741 9.9964E-05 9.9964E-05 0.794223
9.994E-05 9.994E-05 9.994E-05 9.994E-05 9.994E-05 9.994E-05 9.994E-05 0.9993
0.0358039 9.9946E-05 9.9946E-05 9.9946E-05 9.9946E-05 9.9946E-05 9.9946E-05 0.963596
9.9946E-05 9.9946E-05 0.159976 9.9946E-05 9.9946E-05 9.9946E-05 9.9946E-05 0.839424
0.0347877 9.9964E-05 9.9964E-05 9.9964E-05 0.00519457 0.00497959 9.9964E-05 0.954638
9.994E-05 9.994E-05 9.994E-05 9.994E-05 9.994E-05 9.994E-05 9.994E-05 0.9993
9.994E-05 9.994E-05 9.994E-05 9.994E-05 9.994E-05 9.994E-05 9.994E-05 0.9993
9.9964E-05 9.9964E-05 0.209868 0.0146673 9.9964E-05 0.00359381 9.9964E-05 0.771471
0.0441647 9.9982E-05 0.113384 9.9982E-05 0.00224739 0.0205826 0.0221135 0.797307
9.994E-05 9.994E-05 9.994E-05 9.994E-05 9.994E-05 9.994E-05 9.994E-05 0.9993
0.0855675 0.0307758 0.344348 0.0200235 0.0521448 0.104414 9.9991E-05 0.362627
0.0495187 9.9991E-05 0.23871 0.00205768 0.0201245 0.0653335 0.00205797 0.622098
0.015554 9.9973E-05 0.153273 9.9973E-05 9.9973E-05 0.0429838 0.00797009 0.779919
9.9955E-05 9.9955E-05 0.095947 9.9955E-05 9.9955E-05 0.0151327 9.9955E-05 0.888421
9.994E-05 9.994E-05 9.994E-05 9.994E-05 9.994E-05 9.994E-05 9.994E-05 0.9993
9.9955E-05 9.9955E-05 0.00827532 9.9955E-05 9.9955E-05 0.0210413 9.9955E-05 0.970184
9.994E-05 9.994E-05 9.994E-05 9.994E-05 9.994E-05 9.994E-05 9.994E-05 0.9993
9.9973E-05 9.9973E-05 0.263501 0.00422262 0.0292318 0.0668293 9.9973E-05 0.635915
9.9955E-05 0.0230315 0.00362541 9.9955E-05 9.9955E-05 9.9955E-05 9.9955E-05 0.972843
9.9973E-05 0.0572825 9.9973E-05 0.516941 9.9973E-05 0.190765 0.212747 0.0219639
0.0499408 9.9982E-05 0.279405 0.307862 9.9982E-05 0.177503 0.0781225 0.106966
9.9982E-05 0.0199421 0.415542 0.346796 9.9982E-05 0.132896 0.0517015 0.0329231
0.00288014 0.015191 0.0983539 0.512315 9.9991E-05 0.129831 0.105981 0.135349
0.0042527 0.0155228 0.396929 0.174413 0.123746 0.0915228 0.0639077 0.129707
9.9982E-05 0.0124637 0.0594396 0.502009 9.9982E-05 0.172975 0.145078 0.107835
0.0382562 0.0457464 0.438663 0.148645 0.0293942 0.103764 0.137196 0.0583347
9.9973E-05 9.9973E-05 0.219278 0.420222 9.9973E-05 0.128103 0.104159 0.127938
9.9973E-05 9.9973E-05 0.447266 0.223616 9.9973E-05 0.12831 0.118852 0.0816564
9.9982E-05 9.9982E-05 0.34766 0.299978 0.00416941 0.151085 0.103589 0.0933191
9.9991E-05 0.0139359 0.425885 0.180237 0.0490579 0.129329 0.102226 0.0992298
0.00185812 0.00539902 0.0504513 0.0496241 9.9982E-05 0.87365 0.0188174 9.9982E-05
9.9964E-05 0.0357191 9.9964E-05 9.9964E-05 9.9964E-05 0.89711 0.00610707 0.0606643
0.00439279 9.9964E-05 0.0246398 9.9964E-05 9.9964E-05 0.929079 0.0414887 9.9964E-05
9.9955E-05 9.9955E-05 9.9955E-05 9.9955E-05 0.00429077 0.933493 0.0617166 9.9955E-05
0.0114945 9.9964E-05 0.0586637 9.9964E-05 9.9964E-05 0.893929 0.0355131 9.9964E-05
9.9955E-05 0.018092 9.9955E-05 9.9955E-05 9.9955E-05 0.971833 0.00957492 9.9955E-05
0.00867393 9.9973E-05 0.0392368 9.9973E-05 9.9973E-05 0.921463 0.000421223 0.0299056
0.0361579 0.0034534 0.00300382 9.9973E-05 9.9973E-05 0.926003 0.0310818 9.9973E-05
0.00852542 9.9973E-05 9.9973E-05 9.9973E-05 0.0362209 0.877659 0.0399395 0.0373555
0.000719722 9.9982E-05 0.0281794 0.00892865 9.9982E-05 0.876126 0.0725812 0.0132646
0.249144 9.9964E-05 9.9964E-05 0.100329 0.0563835 0.593744 9.9964E-05 9.9964E-05
0.325075 0.00434077 9.9982E-05 0.0133604 0.0301256 0.622762 0.00413556 9.9982E-05
0.301841 0.0130979 9.9982E-05 0.0338391 0.0743316 0.526615 0.0500745 9.9982E-05
0.355545 9.9964E-05 9.9964E-05 0.160794 0.0262292 0.457033 9.9964E-05 9.9964E-05
0.110485 9.9982E-05 0.508524 0.0328783 0.268955 0.0693431 0.00961578 9.9982E-05
0.0829294 0.0124895 0.540505 0.00283643 0.296849 0.0641906 9.9982E-05 9.9982E-05
0.165914 0.0439308 0.583375 9.9982E-05 0.16826 0.0360414 9.9982E-05 0.0022784
0.269846 9.9973E-05 0.374734 9.9973E-05 0.28747 0.0402706 0.0273795 9.9973E-05
0.566703 0.0562021 0.2372 0.046788 0.0838796 9.9982E-05 9.9982E-05 0.00902689
0.0629948 0.0644803 0.670332 9.9973E-05 0.16069 0.0412022 9.9973E-05 9.9973E-05
0.108872 9.9964E-05 0.634151 9.9964E-05 0.256446 9.9964E-05 9.9964E-05 0.000130638
0.0146731 0.0869639 0.527166 0.0486806 0.322217 9.99785E-05 9.99785E-05 9.99785E-05
9.9964E-05 0.0831344 0.392352 9.9964E-05 0.512444 9.9964E-05 0.01167 9.9964E-05
0.0794753 0.0025391 0.607777 0.0915977 0.146519 0.012156 0.0598365 9.9991E-05
0.0498585 9.9964E-05 0.429996 9.9964E-05 0.49974 0.0200057 9.9964E-05 9.9964E-05
0.00131902 0.172009 9.9973E-05 0.00282289 0.813855 9.9973E-05 0.0096938 9.9973E-05
0.157116 0.0714058 0.572165 0.00390911 0.114284 0.0809202 9.9982E-05 9.9982E-05
9.9973E-05 0.122771 0.14265 0.0333515 0.672018 9.9973E-05 0.0289091 9.9973E-05
0.0123583 0.0451622 0.522446 0.00628569 0.360072 0.0246832 0.0288929 9.9991E-05
0.18835 9.9964E-05 0.157747 9.9964E-05 0.639254 0.0142486 9.9964E-05 9.9964E-05
0.722523 9.9955E-05 9.9955E-05 0.15058 9.9955E-05 0.126397 9.9955E-05 9.9955E-05
0.664126 9.9964E-05 0.0390751 0.187707 9.9964E-05 0.108692 9.9964E-05 9.9964E-05
0.693601 9.9973E-05 0.00914347 0.183623 0.000549397 0.112783 9.9973E-05 9.9973E-05
0.711874 9.9955E-05 9.9955E-05 0.159355 9.9955E-05 0.128271 9.9955E-05 9.9955E-05
0.739907 9.9973E-05 0.0622986 0.142282 9.9973E-05 0.0455246 9.9973E-05 0.00968801
0.681954 9.9973E-05 0.0356699 0.184385 9.9973E-05 0.0574766 9.9973E-05 0.0402152
0.0116812 9.9973E-05 0.0035798 9.9973E-05 0.0517271 0.864997 9.9973E-05 0.0677152
0.022002 9.9982E-05 0.113445 9.9982E-05 0.00884927 0.817123 0.01703 0.0213508
9.9982E-05 0.00732613 0.140793 9.9982E-05 0.00350401 0.768351 0.0376258 0.0422008
0.00628892 9.9964E-05 9.9964E-05 9.9964E-05 0.0699457 0.840107 9.9964E-05 0.0832582
9.9973E-05 9.9973E-05 0.106732 0.0642301 9.9973E-05 0.750154 0.0256523 0.0529321
0.520359 9.9955E-05 9.9955E-05 0.0859614 9.9955E-05 0.39318 9.9955E-05 9.9955E-05
0.47496 0.0235381 9.9964E-05 0.0749081 9.9964E-05 0.426194 9.9964E-05 9.9964E-05
0.472718 0.0438388 0.0173747 0.0228048 9.9973E-05 0.442964 9.9973E-05 9.9973E-05
0.00970418 0.00439712 0.101258 9.9982E-05 0.0226267 0.859624 9.9982E-05 0.00218964
0.506787 0.0500487 9.9964E-05 0.048937 9.9964E-05 0.393828 9.9964E-05 9.9964E-05
9.9982E-05 0.0277917 0.306203 0.0221274 9.9982E-05 0.19277 0.213376 0.237532
0.036416 0.00306093 0.51936 0.0160593 0.0240817 0.12777 0.0900721 0.18318
9.9973E-05 9.9973E-05 0.577458 0.0096281 9.9973E-05 0.196511 0.01817 0.197933
9.9982E-05 0.0078576 0.336638 0.127868 9.9982E-05 0.234581 0.0806175 0.212238
0.0661816 0.0269116 0.521323 0.0964701 9.9991E-05 0.178472 0.0287498 0.081792
9.9973E-05 0.0328253 9.9973E-05 0.0324065 9.9973E-05 0.327878 0.353806 0.252785
0.349382 0.0794906 0.430639 0.103003 0.0371861 9.9973E-05 9.9973E-05 9.9973E-05
0.183891 0.238734 0.440551 0.0571429 0.0308973 9.9982E-05 0.0485826 9.9982E-05
0.478376 0.0466051 0.301935 0.0756874 0.0781905 0.0173328 0.00177397 9.9991E-05
0.149045 0.182454 0.507983 0.0521763 0.0681814 9.9982E-05 0.0399601 9.9982E-05
0.332777 0.381553 9.9973E-05 0.0575884 0.10506 9.9973E-05 0.122722 9.9973E-05
0.155512 9.9991E-05 0.585508 0.0293209 0.0446997 0.0534546 0.104944 0.0264611
0.189289 0.145548 0.525361 0.0472337 0.0116953 0.00283422 0.0779395 9.9991E-05
0.48004 0.0186698 0.383417 0.0260853 0.0352661 9.9982E-05 0.0563218 9.9982E-05
0.160994 0.0308418 0.560482 0.0527849 0.0876874 0.0753171 0.0317926 9.9991E-05
0.269895 0.197196 0.0989194 0.140982 0.181577 9.9982E-05 0.11123 9.9982E-05
0.142527 0.126335 0.582858 0.0277525 0.0683881 0.0082364 0.0438037 9.9991E-05
0.31169 0.0341078 0.54772 0.00532151 0.073705 9.9982E-05 0.0272554 9.9982E-05
0.0857221 0.0656229 0.505173 9.9991E-05 0.0425673 0.0766655 0.192093 0.0320565
0.253755 0.152793 0.35114 9.9973E-05 0.0954848 9.9973E-05 0.146527 9.9973E-05
0.205083 0.135976 0.42397 0.0298905 0.0914513 9.9982E-05 0.113429 9.9982E-05
0.18757 0.136434 0.584348 9.9973E-05 0.0110846 9.9973E-05 0.0802627 9.9973E-05
0.16321 0.128755 0.563073 0.00608869 0.0942284 9.9982E-05 0.0444454 9.9982E-05
0.104429 0.0657627 0.650151 0.0713792 0.0326069 0.0159826 0.0238173 0.0358711
0.13736 0.0209833 0.536488 0.0375132 0.121073 0.0693162 0.0498672 0.0273988
0.170507 0.0716149 0.608813 0.0202269 0.0223874 0.061095 0.045256 9.9991E-05
9.9955E-05 9.9955E-05 0.114977 9.9955E-05 9.9955E-05 0.846661 9.9955E-05 0.0378621
9.9955E-05 0.0016164 0.121552 9.9955E-05 9.9955E-05 0.876332 9.9955E-05 9.9955E-05
0.0204851 0.0140503 0.042173 0.00373698 0.0116412 0.903286 0.00452731 9.9991E-05
0.00337689 0.0252653 9.9964E-05 9.9964E-05 9.9964E-05 0.904775 9.9964E-05 0.0661829
0.0235758 9.9973E-05 0.0731978 0.00248754 9.9973E-05 0.898598 9.9973E-05 0.00184088
0.607431 0.00371914 0.148923 9.9991E-05 0.106026 0.0112635 0.0863483 0.0361889
0.160082 0.156167 0.494549 0.0102545 0.053966 0.0444658 0.0445315 0.0359841
9.9991E-05 0.00849056 0.400159 0.137055 0.0173612 0.155144 0.0717966 0.209894
0.180855 0.0485326 0.655521 0.0557445 0.0238764 0.0240536 9.9991E-05 0.0113162
0.305266 9.9973E-05 0.542645 9.9973E-05 0.0700907 9.9973E-05 0.0708504 0.0108479
0.260805 0.178413 0.270991 0.0920667 0.0823655 9.9982E-05 0.115159 9.9982E-05
0.743245 0.00742874 0.0361309 9.9982E-05 0.089608 0.0422366 0.0811508 9.9982E-05
0.36435 9.9982E-05 0.47887 9.9982E-05 0.0818617 0.0463542 0.0201955 0.00816848
0.543091 0.0432835 0.258236 0.0261929 0.0240744 0.0597986 0.0278903 0.0174333
0.175217 0.0831878 0.473196 0.0583576 0.127181 0.0353575 0.0474026 9.9991E-05
0.594896 0.088582 0.176249 0.0242633 0.0218721 0.0564042 0.0376339 9.9991E-05
0.272333 0.0213828 0.573842 9.9991E-05 0.00884065 0.0942156 0.0209028 0.00838321
0.575191 9.9973E-05 0.179521 9.9973E-05 0.130656 0.045661 0.0686722 9.9973E-05
0.268769 0.164207 0.277789 0.0548677 0.088936 9.9991E-05 0.0822522 0.0630799
0.0394123 0.0362496 0.515942 0.18273 0.0820589 0.0770133 0.0640255 0.00256833
0.0318667 0.14337 0.213605 0.551087 0.0521436 9.9982E-05 0.00772696 9.9982E-05
9.9982E-05 0.0603094 0.454783 0.340391 0.0401452 0.0342228 0.0699492 9.9982E-05
0.0381111 0.0416175 0.504912 0.210587 0.0255546 0.117593 0.0496532 0.0119722
0.0139989 0.0847073 0.163662 0.620588 0.0599675 9.9982E-05 0.0568765 9.9982E-05
0.0596071 0.083403 0.512428 0.112658 0.102399 0.0770465 0.0315685 0.0208897
0.0466782 0.102997 0.45995 0.343246 9.9982E-05 0.00770062 0.0392281 9.9982E-05
0.0108403 0.190084 0.035959 0.565853 0.136453 9.9982E-05 0.0606097 9.9982E-05
0.0107082 0.0920595 0.104927 0.727715 0.0437654 9.9982E-05 0.0206251 9.9982E-05
0.0755288 0.0585217 0.383906 0.452901 0.0288423 9.9973E-05 9.9973E-05 9.9973E-05
0.0644647 0.109143 9.9973E-05 0.656491 0.162898 9.9973E-05 0.00670402 9.9973E-05
0.0466647 0.0732687 0.385905 0.450968 0.0428937 9.9973E-05 9.9973E-05 9.9973E-05
0.670157 0.0047386 0.211335 9.9973E-05 0.0567288 9.9973E-05 0.056741 9.9973E-05
0.344231 0.25416 0.207398 9.9982E-05 0.061868 9.9982E-05 0.102178 0.029965
0.41443 0.059999 0.380523 9.9991E-05 0.0459379 0.0286535 0.0382803 0.0320764
0.214255 0.0387105 0.596422 9.9991E-05 0.0555073 0.00441977 0.0833524 0.00723263
0.566331 9.9964E-05 0.250847 9.9964E-05 0.16176 9.9964E-05 9.9964E-05 0.020662
0.164055 0.0716526 0.514927 9.9991E-05 0.0613389 0.0525894 0.0842764 0.0510606
0.236619 0.0229965 0.590375 9.9982E-05 0.0476596 0.0517242 0.0504255 9.9982E-05
0.268632 0.0919189 0.537206 9.9982E-05 0.0332883 9.9982E-05 0.0579942 0.0107612
0.28131 0.0718189 0.518327 9.9982E-05 0.00653273 9.9982E-05 0.0715462 0.0502651
0.410886 9.9973E-05 0.54373 9.9973E-05 0.0223757 0.0160567 0.0066515 9.9973E-05
0.536427 0.0338524 0.298664 9.9982E-05 0.0913862 9.9982E-05 0.0307439 0.00872652
0.465919 0.0276577 0.444902 9.9964E-05 0.061121 9.9964E-05 9.9964E-05 9.9964E-05
0.164184 0.0825771 0.628559 9.9982E-05 0.0506126 9.9982E-05 0.0695776 0.00428951
0.133581 0.0699647 0.605985 0.00744073 0.0585741 0.0268469 0.0381243 0.0594829
0.252562 0.0587291 0.366692 9.9982E-05 0.118394 9.9982E-05 0.17774 0.0256832
0.225106 0.110761 0.478643 9.9982E-05 0.0691982 9.9982E-05 0.0463542 0.0697379
0.447689 9.9991E-05 0.387651 0.00519263 0.0709032 0.00451257 0.0595345 0.0244175
0.260143 0.0546906 0.558236 9.9991E-05 0.0507312 0.0226608 0.0448008 0.00863761
0.28038 0.0457981 0.471608 9.9991E-05 0.0848787 0.0399503 0.00174261 0.0755421
0.191081 0.0492088 0.562179 0.0524433 9.9991E-05 0.0708804 0.0306541 0.0434536
0.0466727 9.9982E-05 0.462015 0.0429899 9.9982E-05 0.317386 0.0544916 0.0762449
0.0249054 0.000879415 0.601053 9.9991E-05 0.00780332 0.0813727 0.183625 0.100262
0.0808305 0.0771696 0.490311 0.0237779 9.9991E-05 0.165389 0.0949871 0.0674343
0.029656 0.0753547 0.58156 0.0560297 0.0235292 0.0845184 0.0918404 0.0575118
0.00888764 9.9991E-05 0.472547 0.0388924 0.0261931 0.147519 0.170501 0.13536
0.181424 0.225556 0.475015 0.0732198 0.00314929 9.9982E-05 0.0414362 9.9982E-05
0.0164266 0.00739142 0.527917 0.0191457 0.0770604 0.168169 0.0990735 0.0848165
0.108245 0.0730438 0.0588539 0.0806964 0.0932369 0.0968699 0.343844 0.14521
0.101979 0.0178707 0.571747 0.0179886 9.9991E-05 0.022159 0.141867 0.126289
0.0445427 0.0354668 0.566982 0.00992796 9.9991E-05 0.100627 0.145728 0.0966262
0.0263111 0.0710515 0.555651 0.00348563 0.0640449 0.130852 0.037826 0.110779
0.0576057 0.0572191 0.331471 0.0698222 0.0637272 0.125549 0.229573 0.0650332
0.0635891 9.9982E-05 0.545798 0.059112 9.9982E-05 0.18081 0.0396153 0.110876
0.0401778 0.0597883 0.548875 9.9982E-05 9.9982E-05 0.104451 0.136677 0.10983
9.9982E-05 0.0159 9.9982E-05 0.0336866 0.0105567 0.331917 0.533899 0.0738404
0.0604176 0.0198934 0.543929 0.0264231 0.00533091 0.150611 0.0795263 0.113869
9.9991E-05 0.0106811 0.536236 0.00734044 0.0234719 0.114356 0.143163 0.164651
0.0269213 0.0588517 0.572464 0.0514999 0.0406013 0.101412 0.0727888 0.0754614
9.9973E-05 9.9973E-05 0.545554 0.00558936 9.9973E-05 0.127519 0.143418 0.17762
0.0257773 0.000247939 0.494684 0.127175 0.0443903 0.197554 0.00665128 0.103521
0.00369597 0.429636 0.405752 0.0182615 0.0693619 0.0730928 9.9982E-05 9.9982E-05
0.0565943 0.243697 0.479996 9.9991E-05 0.108365 0.0605014 0.00642889 0.0443181
0.044067 0.923736 9.9955E-05 9.9955E-05 0.0316973 9.9955E-05 9.9955E-05 9.9955E-05
0.0535288 0.928741 9.9955E-05 9.9955E-05 9.9955E-05 0.0172309 9.9955E-05 9.9955E-05
0.0428687 0.243429 0.466002 0.0751953 0.00802443 0.0890141 0.0167583 0.058708
9.9982E-05 0.104946 0.323806 0.074291 9.9982E-05 0.140594 0.0415264 0.314637
9.9982E-05 0.200962 0.320634 0.0109545 9.9982E-05 0.160882 0.0581767 0.248191
9.9973E-05 0.257306 0.170345 9.9973E-05 9.9973E-05 0.115444 0.165815 0.29079
9.9973E-05 0.200466 0.358083 9.9973E-05 9.9973E-05 0.108219 0.134443 0.198489
9.9982E-05 0.699213 0.046365 0.0316824 9.9982E-05 0.0935923 0.0963383 0.0326089
9.9973E-05 0.698131 0.0881737 9.9973E-05 9.9973E-05 0.0767217 0.0956823 0.040991
9.9973E-05 0.372011 0.533008 0.017648 9.9973E-05 0.0284535 9.9973E-05 0.0485802
9.9964E-05 0.493533 0.318227 9.9964E-05 9.9964E-05 0.0732324 9.9964E-05 0.114608
9.9973E-05 0.671889 0.187066 9.9973E-05 9.9973E-05 0.0848114 0.0087252 0.0472089
0.0398923 0.302702 0.541848 0.0263346 9.9982E-05 0.0804275 9.9982E-05 0.00859516
9.9973E-05 0.328989 0.537917 0.0228282 9.9973E-05 0.0565226 9.9973E-05 0.053443
0.0108015 0.259644 0.45992 0.0632115 0.0345816 0.0468965 0.0298454 0.0950993
9.9955E-05 0.670905 0.297775 9.9955E-05 9.9955E-05 0.0308202 9.9955E-05 9.9955E-05
0.0835129 0.489397 0.374406 0.0419385 0.0104458 9.9973E-05 9.9973E-05 9.9973E-05
0.0262449 0.332508 0.514021 0.0603207 0.0114279 0.055277 9.9982E-05 9.9982E-05
0.0718285 0.355127 0.445496 0.0487783 0.0227876 0.0310631 0.0210373 0.00388239
0.0421388 0.245679 0.45317 0.0300008 0.0199289 0.0892656 0.0348482 0.0849682
9.9973E-05 0.437928 0.408484 0.0934011 0.031278 0.0286088 9.9973E-05 9.9973E-05
0.0129218 0.816354 0.14593 9.9964E-05 9.9964E-05 0.0243948 9.9964E-05 9.9964E-05
9.9955E-05 0.393083 0.562729 9.9955E-05 9.9955E-05 0.0436885 9.9955E-05 9.9955E-05
0.0649383 0.7752 0.147647 9.9973E-05 0.00192266 9.9973E-05 9.9973E-05 0.00999278
9.9964E-05 0.531969 0.41055 0.0281257 9.9964E-05 0.0289551 9.9964E-05 9.9964E-05
0.0496593 0.302419 0.464731 0.00651474 0.063813 0.108628 0.00413521 9.9991E-05
0.0152924 0.380571 0.469149 9.9982E-05 0.00844225 0.121836 9.9982E-05 0.00450985
0.022536 0.0797545 0.488023 0.104072 0.00593414 0.157752 0.0282722 0.113656
0.0777626 0.161355 0.39557 0.0837206 0.0213038 0.108549 0.0211316 0.130608
9.9982E-05 0.056848 0.320537 0.104237 9.9982E-05 0.14106 0.141256 0.235861
0.0199678 0.146019 0.31057 0.0395241 0.00607122 0.230651 0.0747543 0.172442
0.0998264 0.0321718 0.425316 0.0831756 0.0283585 0.148693 0.0502603 0.132198
9.9991E-05 0.144247 0.424372 0.0577421 0.0382895 0.169355 0.0403821 0.125512
9.9964E-05 0.676015 9.9964E-05 9.9964E-05 9.9964E-05 0.145672 0.0968115 0.0811024
9.9982E-05 0.142435 0.492088 0.0653569 9.9982E-05 0.0920608 0.0129054 0.194954
9.9964E-05 0.39666 9.9964E-05 9.9964E-05 9.9964E-05 0.282744 0.268318 0.051879
9.9964E-05 0.321267 0.470657 9.9964E-05 9.9964E-05 0.0658965 9.9964E-05 0.141779
9.9946E-05 0.946352 0.0530486 9.9946E-05 9.9946E-05 9.9946E-05 9.9946E-05 9.9946E-05
9.9946E-05 0.934656 9.9946E-05 9.9946E-05 0.0647445 9.9946E-05 9.9946E-05 9.9946E-05
9.9946E-05 0.596861 0.402539 9.9946E-05 9.9946E-05 9.9946E-05 9.9946E-05 9.9946E-05
9.9955E-05 0.429506 0.566339 9.9955E-05 9.9955E-05 0.00365477 9.9955E-05 9.9955E-05
9.9946E-05 0.651828 0.347573 9.9946E-05 9.9946E-05 9.9946E-05 9.9946E-05 9.9946E-05
9.9946E-05 0.454453 0.544947 9.9946E-05 9.9946E-05 9.9946E-05 9.9946E-05 9.9946E-05
9.9946E-05 0.523397 0.476003 9.9946E-05 9.9946E-05 9.9946E-05 9.9946E-05 9.9946E-05
0.0631195 0.00237406 0.0129614 0.00254083 0.00585975 0.860669 0.0390875 0.0133879
0.0559925 9.9991E-05 0.0663608 0.0253091 0.0310472 0.726756 0.0531448 0.0412899
0.0175551 0.0157165 0.00511819 0.0104837 0.000269263 0.933683 9.9991E-05 0.0170739
9.9955E-05 9.9955E-05 0.00742515 9.9955E-05 9.9955E-05 0.898716 0.0933588 9.9955E-05
0.0554929 9.9991E-05 0.545038 0.00249799 0.300695 0.0314401 0.0432237 0.0215125
0.0742628 0.0275357 0.520883 9.9982E-05 0.316102 0.0411975 0.0198198 9.9982E-05
0.0382496 9.9964E-05 0.516928 9.9964E-05 0.43339 0.0110332 9.9964E-05 9.9964E-05
0.103919 9.9973E-05 0.592211 0.026726 0.222634 0.0542099 9.9973E-05 9.9973E-05
0.0651066 9.9982E-05 0.574205 0.162075 0.0729367 0.117622 9.9982E-05 0.00785524
0.0656874 9.9964E-05 0.295943 9.9964E-05 0.589934 0.0480359 9.9964E-05 9.9964E-05
9.9964E-05 0.00531936 0.656128 9.9964E-05 0.29404 0.0441123 9.9964E-05 9.9964E-05
9.9982E-05 0.123323 0.254429 0.022008 0.56041 0.0215745 0.0180553 9.9982E-05
0.119799 9.9982E-05 0.407919 0.049292 9.9982E-05 0.256839 0.0213671 0.144584
9.9973E-05 0.0870507 0.433898 0.0509854 0.398809 9.9973E-05 9.9973E-05 0.0289567
0.0995934 9.9964E-05 0.361507 9.9964E-05 0.531675 0.00682519 9.9964E-05 9.9964E-05
0.000542641 0.058427 0.5656 0.0409835 0.334147 9.9973E-05 9.9973E-05 9.9973E-05
0.135147 9.9973E-05 0.415726 9.9973E-05 0.424644 0.0112299 9.9973E-05 0.0129529
9.9973E-05 0.0260024 0.55542 9.9973E-05 0.400901 9.9973E-05 0.00190272 0.015474
0.0273094 0.028438 0.541232 9.9982E-05 0.314891 0.0858383 0.00209132 9.9982E-05
9.9964E-05 0.0684342 0.0136219 0.0187534 0.898791 9.9964E-05 9.9964E-05 9.9964E-05
9.9982E-05 0.0799819 0.306286 0.0645939 0.532651 9.9982E-05 0.00279684 0.0134908
9.9964E-05 0.084576 0.359637 9.9964E-05 0.54413 9.9964E-05 9.9964E-05 0.0112579
9.9955E-05 0.123336 9.9955E-05 9.9955E-05 0.83777 9.9955E-05 0.0383951 9.9955E-05
0.0440308 9.9973E-05 0.411431 0.058056 0.413501 0.0726816 9.9973E-05 9.9973E-05
9.9973E-05 0.0596932 0.0373564 0.201968 0.663321 9.9973E-05 0.0373609 9.9973E-05
9.9955E-05 0.114285 9.9955E-05 9.9955E-05 0.823233 9.9955E-05 0.0619821 9.9955E-05
0.019518 0.0396504 0.563617 0.0218345 0.310565 0.0446148 9.9982E-05 9.9982E-05
0.175755 9.9982E-05 0.181045 0.0390624 0.564029 0.0321766 9.9982E-05 0.00773182
0.0838592 9.9964E-05 0.497214 0.0291409 0.389386 9.9964E-05 9.9964E-05 9.9964E-05
0.0421347 0.058704 0.542271 0.0742674 0.133486 0.126818 9.9991E-05 0.022219
0.0415671 0.0079207 0.519778 9.9982E-05 0.385133 0.0325675 9.9982E-05 0.0128334
0.256941 0.136299 0.373799 0.0675914 0.0721992 9.9982E-05 0.0929709 9.9982E-05
0.0311194 9.9973E-05 0.583318 0.00427337 0.326456 0.054534 9.9973E-05 9.9973E-05
0.0887022 9.9973E-05 0.519973 0.0476076 0.318968 0.0244498 9.9973E-05 9.9973E-05
9.9964E-05 0.112347 0.329393 0.00228353 0.555577 9.9964E-05 9.9964E-05 9.9964E-05
0.0941081 9.9982E-05 0.536239 9.9982E-05 0.21709 0.0792699 0.0662873 0.00680576
0.258625 0.0387395 9.9973E-05 0.0363367 9.9973E-05 0.654762 0.0112376 9.9973E-05
0.128695 0.0298353 9.9982E-05 0.0209817 0.0172322 0.757394 0.0456626 9.9982E-05
0.108731 9.9955E-05 9.9955E-05 9.9955E-05 9.9955E-05 0.827678 0.063091 9.9955E-05
0.113773 9.9964E-05 9.9964E-05 0.0577583 9.9964E-05 0.818717 0.00935253 9.9964E-05
0.171058 9.9955E-05 9.9955E-05 0.0855017 9.9955E-05 0.742941 9.9955E-05 9.9955E-05
0.139614 9.9973E-05 0.158517 9.9973E-05 0.625436 0.0684576 9.9973E-05 0.00767528
0.175298 9.9964E-05 0.146711 9.9964E-05 0.639848 0.0377433 9.9964E-05 9.9964E-05
9.9964E-05 0.0321019 0.194971 9.9964E-05 0.750963 9.9964E-05 9.9964E-05 0.021564
0.0496454 0.0625592 0.558161 0.0432829 0.135637 0.100687 9.9991E-05 0.0499279
0.0423594 0.0146292 0.539166 0.0504529 0.212992 0.103673 9.9991E-05 0.0366277
9.9991E-05 0.000730138 0.224496 0.052351 0.638677 0.0170836 0.00942408 0.0571381
9.9991E-05 0.0388058 0.600451 0.0791997 0.234063 0.0167642 0.0214791 0.00913699
9.9991E-05 0.0792442 0.384793 0.0552571 0.404307 0.0267494 0.0140848 0.0354648
0.0863609 9.9964E-05 0.529009 9.9964E-05 0.352214 0.0320165 9.9964E-05 9.9964E-05
0.0147762 9.9964E-05 0.614225 9.9964E-05 0.284129 0.08647 9.9964E-05 9.9964E-05
0.153881 9.9964E-05 0.238623 9.9964E-05 0.603585 9.9964E-05 9.9964E-05 0.00351085
0.110274 9.9955E-05 0.325636 9.9955E-05 0.56359 9.9955E-05 9.9955E-05 9.9955E-05
0.117806 9.9964E-05 0.322891 9.9964E-05 0.524491 0.034411 9.9964E-05 9.9964E-05
0.0168203 9.9973E-05 0.607785 0.280062 9.9973E-05 0.056808 0.0382252 9.9973E-05
0.0607886 9.9964E-05 0.405807 9.9964E-05 0.498145 0.0348595 9.9964E-05 9.9964E-05
0.0957894 9.9973E-05 0.431025 9.9973E-05 0.444611 0.0191732 9.9973E-05 0.00910193
0.00671876 9.9982E-05 0.458652 0.0828289 9.9982E-05 0.0639186 0.0769674 0.310714
0.0072968 0.0227112 0.363142 9.9991E-05 0.00860904 0.110361 0.0978385 0.389941
0.00953862 9.9982E-05 0.454153 0.00113473 9.9982E-05 0.0604607 0.0935967 0.380916
9.9973E-05 0.0144968 0.295866 9.9973E-05 9.9973E-05 0.13718 0.104689 0.447468
0.0108391 9.9982E-05 0.47307 9.9982E-05 0.0546936 0.0979688 0.0898661 0.273362
9.9982E-05 0.00455016 0.481806 0.257011 0.199311 0.0560712 0.00104993 9.9982E-05
0.00316274 9.9982E-05 0.00261076 0.0208875 9.9982E-05 0.173555 0.155347 0.644237
0.00941231 9.9982E-05 0.333634 0.0020212 9.9982E-05 0.150018 0.0437136 0.461001
9.9982E-05 9.9982E-05 0.324263 0.298453 0.0122778 0.120732 0.0939839 0.15009
0.0386888 9.9982E-05 0.463447 0.358217 0.0139375 0.118671 9.9982E-05 0.00683897
0.0272911 9.9973E-05 0.387307 0.417675 9.9973E-05 0.119516 9.9973E-05 0.0479107
0.00408002 9.9964E-05 0.553475 0.332339 9.9964E-05 0.109705 9.9964E-05 9.9964E-05
0.0614986 9.9973E-05 0.54708 0.249733 9.9973E-05 0.107337 9.9973E-05 0.0340519
9.9973E-05 9.9973E-05 0.322897 0.00537428 9.9973E-05 0.156097 0.0708492 0.444482
0.0149046 0.00957637 0.446921 9.9991E-05 0.00660098 0.098617 0.12718 0.296101
9.9964E-05 9.9964E-05 0.424382 9.9964E-05 9.9964E-05 0.083025 0.0523734 0.43982
0.0361363 0.0165919 0.444313 0.0510039 9.9991E-05 0.130696 0.0695217 0.251637
9.9982E-05 0.00220872 0.308719 9.9982E-05 0.0264584 0.123221 0.118528 0.420664
9.9991E-05 0.0360737 0.43723 0.0225573 0.0325873 0.122821 0.043683 0.304947
9.9973E-05 0.0129999 0.282248 9.9973E-05 9.9973E-05 0.0992231 0.108657 0.496572
0.0237626 0.0555989 0.428748 0.00271407 0.0471247 0.111408 0.0423201 0.288324
0.0305601 9.9991E-05 0.415081 0.376622 0.0622624 0.0708941 0.0339235 0.0105565
0.0407 0.00967912 0.326117 0.0632442 0.00113979 0.170991 0.0333266 0.354803
9.9964E-05 9.9964E-05 0.159083 9.9964E-05 9.9964E-05 0.167782 0.141962 0.530773
0.0563104 9.9982E-05 0.448173 9.9982E-05 0.0187985 0.128314 0.075441 0.272763
0.066954 9.9964E-05 0.230713 0.572373 9.9964E-05 0.12956 9.9964E-05 9.9964E-05
9.9964E-05 9.9964E-05 0.536548 0.411934 9.9964E-05 0.010279 9.9964E-05 0.040839
0.0117432 9.9982E-05 0.409385 0.0940017 9.9982E-05 0.15125 0.0227328 0.310687
0.0288112 9.9964E-05 0.455008 0.38352 9.9964E-05 0.13226 9.9964E-05 9.9964E-05
0.0128442 9.9964E-05 0.437873 0.416532 9.9964E-05 0.132351 9.9964E-05 9.9964E-05
0.0210993 0.0190708 0.393665 0.054163 0.0258679 0.136152 0.197527 0.152455
0.00516255 0.0313152 0.384569 0.0604119 0.0152959 0.198288 0.107383 0.197575
0.00764038 0.00170367 0.556872 0.191235 0.0194349 0.118169 0.0717153 0.0332303
0.0461723 9.9991E-05 0.379995 0.0169933 0.0599519 0.169435 0.018106 0.309247
9.9973E-05 0.0253369 0.491636 9.9973E-05 9.9973E-05 0.112132 0.0186006 0.351995
9.9964E-05 9.9964E-05 0.157752 9.9964E-05 9.9964E-05 0.132077 0.152406 0.557366
0.0161829 0.0240988 0.615031 0.220583 9.9982E-05 0.0718864 9.9982E-05 0.052018
0.00998503 9.9964E-05 0.384692 0.511081 9.9964E-05 0.0938421 9.9964E-05 9.9964E-05
9.9973E-05 0.0303572 9.9973E-05 0.852367 9.9973E-05 0.0222414 0.0402158 0.0545191
0.0240614 0.0468345 0.551522 0.136819 0.0664107 0.150065 9.9991E-05 0.0241876
0.175441 0.10591 0.341609 0.237739 0.0108998 0.0669716 0.0297271 0.0317025
0.00330114 0.0339196 0.535602 9.9991E-05 0.0522677 0.104207 0.19777 0.0728333
0.100759 9.9973E-05 0.515722 9.9973E-05 9.9973E-05 0.0379313 0.306157 0.0391317
0.0244932 9.9964E-05 0.0634316 9.9964E-05 9.9964E-05 0.0625566 0.849119 9.9964E-05
