9.9955E-05 9.9955E-05 0.849914 9.9955E-05 9.9955E-05 0.119994 9.9955E-05 0.0295926
9.9946E-05 9.9946E-05 0.951272 9.9946E-05 9.9946E-05 0.0481282 9.9946E-05 9.9946E-05
9.9973E-05 0.0215008 0.86339 0.0267382 0.0557782 9.9973E-05 0.0322926 9.9973E-05
9.9964E-05 9.9964E-05 0.817452 9.9964E-05 0.110868 0.0370999 9.9964E-05 0.0341806
9.9946E-05 9.9946E-05 0.899923 9.9946E-05 0.0994771 9.9946E-05 9.9946E-05 9.9946E-05
9.9982E-05 0.0081668 0.610519 9.9982E-05 0.0599729 0.0846668 0.144117 0.0923572
9.9973E-05 9.9973E-05 0.780018 0.0162148 0.00707689 9.9973E-05 0.163171 0.0332185
9.9973E-05 9.9973E-05 0.691527 0.0314721 0.0177277 9.9973E-05 0.168024 0.0909496
9.99549E-05 9.99549E-05 0.812833 9.99549E-05 9.99549E-05 9.99549E-05 0.0426985 0.143969
0.0392091 9.9991E-05 0.750228 0.0121216 0.0455387 0.00219223 0.105366 0.0452442
9.9964E-05 9.9964E-05 0.737726 9.9964E-05 0.112298 9.9964E-05 0.106777 0.0427995
9.9982E-05 0.137379 0.00715684 0.0442651 0.209668 9.9982E-05 0.125962 0.47537
0.013531 0.000496835 0.0483136 0.0410436 0.580535 0.013886 0.0257348 0.276459
0.00304045 0.120099 0.0217987 0.0821842 0.250466 9.9991E-05 0.0520377 0.470274
9.9982E-05 0.0667156 0.0364342 0.108631 0.305486 9.9982E-05 0.0724479 0.410085
9.999E-05 0.0665097 0.0729419 0.0536528 0.427587 0.0846496 0.0234946 0.271064
9.9991E-05 0.0554716 0.0224611 0.0717001 0.584296 0.0028461 0.0626345 0.200491
9.9991E-05 0.0999965 0.0123509 0.0568942 0.486813 0.00621103 0.0492149 0.288419
9.9991E-05 0.0240447 0.0685951 0.067398 0.263399 0.0346807 0.129095 0.412687
9.9973E-05 0.0933457 0.0100344 9.9973E-05 0.0761843 9.9973E-05 0.164531 0.655605
9.9973E-05 0.093314 9.9973E-05 0.0521807 0.441454 9.9973E-05 0.1079 0.304851
0.0907253 0.051601 9.9991E-05 0.0256227 0.445719 0.0384661 0.195238 0.152528
0.0380989 0.112121 0.053925 0.0333754 0.544516 9.9991E-05 0.0189675 0.198896
9.9982E-05 0.0917574 0.0349238 0.0653887 0.259848 9.9982E-05 0.125569 0.422314
0.0446325 0.000328397 0.0929529 0.0547532 0.608054 0.0617463 0.00557162 0.131961
9.9991E-05 0.0560151 0.00777923 0.000460388 0.544602 0.0698409 0.0506206 0.270581
9.9982E-05 0.115978 0.0438144 0.0267205 0.257355 9.9982E-05 0.0967296 0.459202
9.9982E-05 0.0770398 0.0357878 0.090969 0.282365 9.9982E-05 0.0853873 0.428251
9.9964E-05 0.1083 9.9964E-05 9.9964E-05 0.280098 9.9964E-05 0.186644 0.424559
9.9955E-05 9.9955E-05 0.870713 0.0321748 0.0966125 9.9955E-05 9.9955E-05 9.9955E-05
9.9955E-05 9.9955E-05 0.867926 0.0116033 0.11997 9.9955E-05 9.9955E-05 9.9955E-05
9.9973E-05 9.9973E-05 0.797694 0.0660436 0.104281 0.030993 0.000688418 9.9973E-05
9.9964E-05 9.9964E-05 0.741783 0.0224199 0.146736 0.088661 9.9964E-05 9.9964E-05
9.9973E-05 0.202061 0.0970576 9.9973E-05 0.533792 9.9973E-05 0.0945271 0.0722623
0.0381285 0.259374 0.0665681 0.044747 0.466629 0.0193344 0.0186349 0.0865841
0.000988419 0.420581 0.0541501 9.9973E-05 0.518143 9.9973E-05 0.00583825 9.9973E-05
0.0474856 0.0895473 0.0290245 9.9973E-05 0.221378 9.9973E-05 9.9973E-05 0.612264
0.0146006 0.6119 9.9973E-05 0.0129624 0.27877 9.9973E-05 0.0814675 9.9973E-05
9.999E-05 0.243593 0.110562 0.0408456 0.515463 0.0174383 0.00626036 0.0657372
9.9973E-05 0.226245 0.0603016 9.9973E-05 0.67354 0.0155925 0.0240212 9.9973E-05
9.9973E-05 0.0235188 0.0854838 9.9973E-05 0.597723 9.9973E-05 0.233374 0.0596007
9.9982E-05 0.0665496 0.102776 0.00603156 0.638358 9.9982E-05 0.105051 0.0810337
9.9964E-05 0.642471 0.0295341 9.9964E-05 0.148638 9.9964E-05 9.9964E-05 0.178957
9.9973E-05 9.9973E-05 0.0591003 0.00331124 0.694118 9.9973E-05 0.22981 0.0133609
0.0379513 0.22762 0.0801705 0.0290258 0.58663 0.00714733 0.031355 9.9991E-05
0.0172046 0.0657008 0.11507 9.9982E-05 0.628383 0.082614 0.0908275 9.9982E-05
0.0345345 0.580496 9.9973E-05 9.9973E-05 0.326156 0.0202238 0.0382904 9.9973E-05
9.9973E-05 0.270456 0.0708678 9.9973E-05 0.612214 0.0392857 9.9973E-05 0.00687568
0.0333306 0.181024 0.132395 0.0437945 0.525261 9.9991E-05 0.0195884 0.0645074
9.9955E-05 0.674884 9.9955E-05 9.9955E-05 9.9955E-05 9.9955E-05 0.31611 0.00850614
0.0576107 0.0725393 9.9973E-05 9.9973E-05 0.181646 9.9973E-05 0.0778952 0.610009
0.130815 0.182264 9.9991E-05 0.0160617 0.121523 0.0693155 0.243376 0.236545
0.0761326 0.0527808 0.0724282 0.0664254 0.568401 0.000338951 0.0574237 0.106069
0.0713511 0.0132538 0.00552587 9.9991E-05 0.58743 0.12515 0.0785179 0.118671
0.067275 0.0129064 0.0432928 0.0145581 0.577099 0.117544 0.0894103 0.0779143
9.9982E-05 0.0924374 0.08053 9.9982E-05 0.189285 0.0491873 0.0811266 0.507233
0.023746 0.0535782 0.0030591 9.9991E-05 0.537819 0.0420278 0.0128737 0.326797
0.0165866 0.139927 0.0733256 0.0567111 0.526015 0.0130899 0.052588 0.121756
0.0656665 0.0771481 0.0988668 0.0386248 0.393271 9.9991E-05 0.0772372 0.249086
9.9982E-05 0.102463 0.15097 0.0161941 0.156453 9.9982E-05 0.112929 0.460791
0.074466 0.0497568 0.0899404 0.0357312 0.56884 9.9991E-05 0.0448744 0.136291
0.01285 0.0631423 0.00875612 9.9991E-05 0.458966 0.101263 0.062668 0.292255
9.9973E-05 0.111083 0.0531932 9.9973E-05 0.115449 9.9973E-05 0.156622 0.563353
0.0432612 0.114989 9.9973E-05 9.9973E-05 0.464952 9.9973E-05 0.00207605 0.374422
0.17106 0.0401346 0.0174847 0.00721413 0.563768 0.0703089 0.032592 0.0974384
0.038737 0.0145425 0.0807534 9.9991E-05 0.619402 0.0378296 0.0196869 0.188949
9.9982E-05 0.127624 0.0697959 0.0338376 0.313916 9.9982E-05 0.074785 0.379841
0.0782341 0.0508138 0.0402334 0.0432857 0.486824 0.0351288 0.0370354 0.228445
0.113379 0.0444585 0.0624452 0.0193563 0.562082 0.0361995 0.0191425 0.142938
0.0289547 0.117188 0.0249132 9.9982E-05 0.267063 9.9982E-05 0.091181 0.470501
9.9973E-05 0.450083 0.0146124 0.010951 0.47569 9.9973E-05 9.9973E-05 0.0483636
9.9973E-05 0.702008 0.0213924 0.014278 0.200874 9.9973E-05 9.9973E-05 0.0611478
0.0182696 0.281097 0.088289 0.0251103 0.429762 0.0740152 0.00221286 0.0812432
0.0605471 0.854868 9.9964E-05 9.9964E-05 9.9964E-05 0.0179464 0.0662385 9.9964E-05
0.0717094 0.842248 9.9955E-05 9.9955E-05 9.9955E-05 9.9955E-05 0.0855428 9.9955E-05
0.0342478 0.701982 9.9964E-05 9.9964E-05 0.223642 9.9964E-05 0.0397286 9.9964E-05
9.9964E-05 0.450555 0.0394376 9.9964E-05 0.45747 9.9964E-05 9.9964E-05 0.052138
0.0307919 0.0703078 0.114399 0.0209922 0.526033 0.0816678 0.0690506 0.0867577
9.9964E-05 0.485239 9.9964E-05 9.9964E-05 0.453771 0.0383621 0.0222278 9.9964E-05
9.9964E-05 0.606796 0.0231083 9.9964E-05 0.181615 9.9964E-05 9.9964E-05 0.188081
9.9964E-05 0.549233 0.0218489 9.9964E-05 0.272643 9.9964E-05 9.9964E-05 0.155875
9.9982E-05 0.260347 0.0844537 0.0586865 0.489243 0.028661 9.9982E-05 0.0784092
9.9973E-05 0.544771 0.041791 0.00754608 0.35347 9.9973E-05 9.9973E-05 0.0521222
9.9964E-05 0.413596 0.0260942 9.9964E-05 0.45497 9.9964E-05 9.9964E-05 0.10494
0.0416578 0.438048 9.9964E-05 9.9964E-05 0.473996 9.9964E-05 0.0458984 9.9964E-05
0.129215 0.671968 9.9964E-05 9.9964E-05 9.9964E-05 0.00496126 0.193456 9.9964E-05
0.0131637 0.272574 0.0454944 9.9973E-05 0.649229 9.9973E-05 0.0192387 9.9973E-05
9.9964E-05 9.9964E-05 0.813531 9.9964E-05 0.0870263 0.0206135 9.9964E-05 0.0784296
9.9955E-05 9.9955E-05 0.911304 9.9955E-05 0.0682231 0.0199729 9.9955E-05 9.9955E-05
9.9955E-05 9.9955E-05 0.825287 9.9955E-05 0.0921113 0.0821024 9.9955E-05 9.9955E-05
9.9955E-05 9.9955E-05 0.928044 0.0323112 0.039145 9.9955E-05 9.9955E-05 9.9955E-05
0.00513804 0.00204655 0.925094 0.0457495 9.9973E-05 0.021672 9.9973E-05 9.9973E-05
0.0203787 9.9964E-05 0.854168 0.0555216 0.0695319 9.9964E-05 9.9964E-05 9.9964E-05
9.9946E-05 9.9946E-05 0.915913 9.9946E-05 0.0834873 9.9946E-05 9.9946E-05 9.9946E-05
0.0595428 0.181503 0.100638 9.9982E-05 0.523959 0.0550538 9.9982E-05 0.0791039
0.0237944 0.154412 0.0951432 0.0285136 0.504965 0.0884589 0.0233637 0.0813495
0.025256 0.666358 0.0351729 9.9973E-05 0.0549529 9.9973E-05 9.9973E-05 0.21796
0.0490256 0.196603 0.0882232 0.00837523 0.546947 0.0377409 9.9991E-05 0.0729853
9.9964E-05 0.427202 0.0641156 9.9964E-05 0.426496 9.9964E-05 9.9964E-05 0.0817871
0.00658306 0.363832 0.0725378 0.00107921 0.543665 9.9982E-05 9.9982E-05 0.0121027
0.0327144 0.297835 0.0227296 0.0311431 0.518914 9.9982E-05 0.0964641 9.9982E-05
0.0784132 0.328375 0.0278746 0.00863338 0.468523 0.0879808 9.9982E-05 9.9982E-05
9.9964E-05 0.708384 0.0496502 9.9964E-05 0.00582961 9.9964E-05 9.9964E-05 0.235737
0.069398 0.163813 0.113959 0.0204992 0.564205 9.9991E-05 0.00986468 0.0581602
0.029642 0.116211 0.0860931 0.0284742 0.619648 0.0305886 0.0604266 0.0289163
0.0708293 0.133138 0.132567 0.0542967 0.521656 0.015203 0.00310049 0.06921
0.0840133 0.480961 9.9982E-05 9.9982E-05 0.246912 0.0169577 0.119066 0.0518906
0.0824205 0.40516 9.9973E-05 0.00861527 0.4792 0.0243035 9.9973E-05 9.9973E-05
9.9964E-05 0.378017 0.0245554 9.9964E-05 0.477402 9.9964E-05 9.9964E-05 0.119626
0.0590786 0.527659 9.9973E-05 0.0127723 0.363393 9.9973E-05 0.0367972 9.9973E-05
9.9964E-05 0.349491 0.0734998 9.9964E-05 0.444466 9.9964E-05 9.9964E-05 0.132143
0.00318091 0.172252 0.100083 0.0115135 0.582495 9.9991E-05 0.0475021 0.0828738
0.188019 0.0220564 9.9982E-05 9.9982E-05 0.233949 0.158735 0.0327367 0.364304
0.00567018 0.0254621 0.0406889 9.9991E-05 0.442276 0.0473488 0.0847705 0.353683
0.0182025 0.00615573 0.112636 0.0505043 0.543473 9.9991E-05 0.0487735 0.220155
0.00878133 0.0511074 0.108984 0.00648995 0.581469 9.9991E-05 0.110907 0.132162
9.9991E-05 0.0735426 0.0360324 0.00733225 0.442048 0.0382578 0.0343501 0.368337
0.0271331 0.0392398 0.0418549 0.00129473 0.619103 0.0370691 0.0268756 0.207429
0.033538 9.9964E-05 0.0570902 9.9964E-05 0.494414 9.9964E-05 9.9964E-05 0.414558
0.0771037 0.0481717 0.0455559 0.0212194 0.508105 0.0545521 0.101208 0.144084
0.10762 9.9982E-05 0.0763897 0.0107008 0.609915 9.9982E-05 0.0354607 0.159714
0.0475905 0.0257859 0.0637511 9.9991E-05 0.558723 0.0225864 0.0219329 0.25953
0.0649627 0.0347714 0.0434073 9.9973E-05 0.555816 9.9973E-05 9.9973E-05 0.300743
0.0613543 0.0163511 0.0454269 0.0601869 0.583583 0.0342182 0.0314662 0.167413
0.0551882 9.9991E-05 0.0646657 0.0229375 0.613893 0.0580132 0.0692742 0.115928
0.0694554 0.0567643 9.9991E-05 0.0810892 0.575341 0.00412646 0.0435485 0.169575
0.0775588 9.9991E-05 0.0583376 0.0371563 0.551367 0.0676222 0.0732528 0.134605
0.170241 0.0222741 0.0239056 0.0371626 0.568506 0.0317493 9.9991E-05 0.146062
0.0971747 0.0497532 0.023772 9.9991E-05 0.26155 0.17875 0.136051 0.252849
0.0995027 0.0189721 0.0403799 0.0143138 0.569637 0.0982308 0.00598533 0.152978
0.102433 9.9982E-05 0.0113127 9.9982E-05 0.636053 0.0644479 0.00945481 0.176099
0.0154848 0.0993863 9.9991E-05 0.0168571 0.224008 0.0322261 0.032929 0.579009
0.203511 0.105875 9.9982E-05 9.9982E-05 0.111921 0.0985596 0.146355 0.333578
0.0416284 0.0385052 0.0599379 0.0156495 0.552323 9.9991E-05 0.0677327 0.224123
0.281777 0.10668 9.9982E-05 0.00339139 0.0625102 9.9982E-05 0.208544 0.336897
0.0379459 0.0350751 9.9973E-05 9.9973E-05 0.342989 9.9973E-05 0.0300569 0.553634
0.0451348 0.0563783 9.9964E-05 9.9964E-05 0.46209 9.9964E-05 9.9964E-05 0.435997
0.0224251 0.093393 0.00596582 9.9982E-05 0.37802 9.9982E-05 0.0273526 0.472643
0.0252983 0.0570236 9.9973E-05 9.9973E-05 0.376572 9.9973E-05 0.0433956 0.497411
0.0483132 0.0155315 0.0507844 9.9991E-05 0.601054 0.0423704 0.0539198 0.187927
0.0868465 0.0419642 0.0922659 0.0179738 0.538638 0.0685641 0.00501675 0.148731
0.0934648 0.0288724 0.0517605 0.0353169 0.549262 0.00677233 0.0131087 0.221442
0.169161 0.0723584 9.9982E-05 9.9982E-05 0.183783 0.0257255 0.161968 0.386805
0.0732354 0.0806703 0.16711 0.0412931 0.500699 9.9991E-05 0.0682237 0.0686687
0.0188303 0.0719332 0.0504065 0.0168522 0.49078 0.053173 0.236208 0.0618165
0.114489 0.116639 0.060807 9.9982E-05 9.9982E-05 0.0157181 0.620275 0.0718716
9.9982E-05 0.0532318 0.0628551 0.0273864 0.651194 0.0436208 0.161512 9.9982E-05
0.0903447 0.127914 0.0882873 0.00123385 0.317028 0.00307365 0.324024 0.048095
0.0539513 9.9991E-05 0.095272 0.0083513 0.512982 0.0659433 0.225532 0.0378683
0.0665878 0.0483465 0.048925 9.9982E-05 0.256557 9.9982E-05 0.437271 0.142112
0.124445 0.0600354 0.016784 9.9982E-05 0.121851 9.9982E-05 0.533523 0.143162
0.125341 0.0984945 0.0318187 9.9991E-05 0.387569 0.0263619 0.258536 0.0717795
0.0126555 0.11298 0.110247 0.0729273 0.463335 9.9991E-05 0.145244 0.082511
0.00872384 0.0491328 0.08523 0.0616363 0.42627 9.9991E-05 0.224406 0.144501
0.1314 0.160916 0.0155137 0.055734 0.0972013 0.0299974 0.41146 0.0977778
0.114949 0.050576 0.041101 0.0150536 0.567189 0.0321863 0.113352 0.0655925
0.132606 0.0491378 9.9973E-05 9.9973E-05 0.33902 9.9973E-05 0.405589 0.0733481
0.0734738 0.127381 9.9973E-05 9.9973E-05 0.458507 9.9973E-05 0.269164 0.0711746
0.00497591 0.0448941 0.102916 0.0330125 0.591462 0.010762 0.157747 0.0542304
9.9982E-05 9.9982E-05 0.274173 0.0653337 0.113498 0.311373 0.222544 0.0128777
9.9955E-05 9.9955E-05 0.357799 9.9955E-05 9.9955E-05 0.253721 0.38798 9.9955E-05
9.9964E-05 9.9964E-05 0.370673 0.0437635 9.9964E-05 0.147372 0.437791 9.9964E-05
9.9991E-05 0.0210204 0.244764 0.0573386 0.0448749 0.356032 0.256304 0.0195663
0.0499329 0.0360273 9.9964E-05 9.9964E-05 0.629787 9.9964E-05 0.283853 9.9964E-05
0.0735902 0.0402869 0.098206 0.0511595 0.549624 0.0211018 0.0772644 0.0887668
9.9955E-05 9.9955E-05 9.9955E-05 0.614905 0.333726 0.0508693 9.9955E-05 9.9955E-05
0.0357912 0.0101013 9.9991E-05 0.414935 0.381442 0.0278163 0.0215354 0.108278
0.0524167 0.0475499 0.0935868 0.365966 0.341714 0.0235484 9.9991E-05 0.0751176
0.116538 0.0564409 9.9973E-05 9.9973E-05 0.30193 9.9973E-05 0.49678 0.0280121
0.0870285 0.0271012 0.0590466 0.0724354 0.418722 0.0656259 0.151808 0.118232
0.0906887 0.0337283 9.9973E-05 9.9973E-05 0.286212 9.9973E-05 0.52026 0.0688109
0.0893078 0.0218965 0.04764 9.9982E-05 0.589987 0.0115234 0.239445 9.9982E-05
0.0867831 9.9991E-05 0.0126458 0.011306 0.499906 0.00690559 0.330433 0.0519206
0.0231945 0.00877405 9.9982E-05 0.00206273 0.603586 9.9982E-05 0.356657 0.00552569
0.0685696 0.037994 9.9973E-05 9.9973E-05 0.258097 9.9973E-05 0.631378 0.003662
0.0140595 0.0642141 0.0312128 0.0542496 0.649663 9.9982E-05 0.186401 9.9982E-05
0.0757172 0.0387755 0.0858602 9.9991E-05 0.587163 0.0128385 0.188559 0.0109867
0.00324009 0.010886 0.00341835 0.955496 0.00997834 0.00368069 0.0132001 9.9991E-05
0.0641461 9.9955E-05 9.9955E-05 0.889899 0.0454556 9.9955E-05 9.9955E-05 9.9955E-05
0.00909193 0.0346774 0.060471 0.556138 0.286124 0.0138533 9.9991E-05 0.0395438
0.00176229 9.9973E-05 9.9973E-05 0.601622 0.363534 0.0121285 9.9973E-05 0.0206532
9.9973E-05 0.0113901 9.9973E-05 0.770769 0.174267 0.0235072 0.0197673 9.9973E-05
9.994E-05 9.994E-05 9.994E-05 0.9993 9.994E-05 9.994E-05 9.994E-05 9.994E-05
0.00810954 9.9955E-05 9.9955E-05 0.961712 9.9955E-05 9.9955E-05 9.9955E-05 0.0296788
9.9955E-05 9.9955E-05 9.9955E-05 0.838063 0.14602 0.0154175 9.9955E-05 9.9955E-05
9.9955E-05 9.9955E-05 0.0025006 0.939695 9.9955E-05 9.9955E-05 9.9955E-05 0.0573046
9.994E-05 9.994E-05 9.994E-05 0.9993 9.994E-05 9.994E-05 9.994E-05 9.994E-05
9.994E-05 9.994E-05 9.994E-05 0.9993 9.994E-05 9.994E-05 9.994E-05 9.994E-05
9.9973E-05 9.9973E-05 0.0108262 0.746624 0.178155 0.0516263 9.9973E-05 0.0124685
9.9982E-05 0.0242074 0.0474999 0.731275 0.148269 0.0400382 9.9982E-05 0.00851145
9.994E-05 9.994E-05 9.994E-05 0.9993 9.994E-05 9.994E-05 9.994E-05 9.994E-05
0.0269603 9.9991E-05 0.0832524 0.325143 0.361521 0.0630847 0.0848902 0.0550489
9.9973E-05 9.9973E-05 0.0510754 0.575539 0.279209 0.0686368 9.9973E-05 0.02524
9.9955E-05 9.9955E-05 9.9955E-05 0.768965 0.151024 0.079512 9.9955E-05 9.9955E-05
9.9964E-05 9.9964E-05 0.0148291 0.850444 0.10333 0.030997 9.9964E-05 9.9964E-05
9.9955E-05 9.9955E-05 9.9955E-05 0.967791 0.0101359 0.0215738 9.9955E-05 9.9955E-05
9.9955E-05 9.9955E-05 9.9955E-05 0.895457 0.0355854 0.0684576 9.9955E-05 9.9955E-05
9.9946E-05 9.9946E-05 9.9946E-05 0.969385 9.9946E-05 0.0300156 9.9946E-05 9.9946E-05
9.9991E-05 0.0465876 0.0523705 0.622512 0.249644 0.00863011 0.0190384 0.00111741
9.9964E-05 9.9964E-05 0.0143895 0.905242 0.0177984 0.0621701 9.9964E-05 9.9964E-05
0.0486763 9.9973E-05 0.221592 0.0400474 9.9973E-05 0.0330819 0.656302 9.9973E-05
0.00520216 9.9991E-05 0.201824 0.0422653 0.387725 0.0512465 0.284 0.027637
0.0109593 9.9982E-05 0.148646 9.9982E-05 0.490153 0.0640214 0.280239 0.00578135
9.9982E-05 9.9982E-05 0.108875 0.0525561 0.203628 0.112454 0.497819 0.024468
9.9991E-05 0.0467796 0.128091 0.0723681 0.461736 0.0675756 0.194225 0.0291246
9.9982E-05 0.00426076 0.169932 0.0393314 0.109114 0.128716 0.548445 9.9982E-05
0.0510477 0.00199129 0.150314 0.0147914 0.434326 0.10893 0.205052 0.0335485
0.00611241 9.9982E-05 0.132793 0.0849188 0.312993 0.0730642 0.389918 9.9982E-05
9.9973E-05 9.9973E-05 0.0932414 0.0138431 0.480868 0.170926 0.240822 9.9973E-05
9.9982E-05 0.0405109 0.105919 0.0331449 0.312295 0.179296 0.328634 9.9982E-05
0.0166531 0.045529 0.176023 0.043204 0.442351 0.0962474 0.170638 0.00935444
0.0212735 9.9964E-05 0.879083 9.9964E-05 0.0752288 9.9964E-05 0.0240147 9.9964E-05
0.0191913 0.0105068 0.867005 0.0845931 9.9982E-05 0.00340855 0.0150953 9.9982E-05
0.0152421 9.9973E-05 0.933683 9.9973E-05 0.0393724 9.9973E-05 0.00352492 0.00787753
9.9955E-05 0.0171768 0.969251 9.9955E-05 9.9955E-05 9.9955E-05 0.0130721 9.9955E-05
9.9973E-05 9.9973E-05 0.900548 9.9973E-05 0.065735 0.01199 0.0129943 0.00843288
9.9955E-05 9.9955E-05 0.941808 9.9955E-05 0.00699299 0.0506991 9.9955E-05 9.9955E-05
9.9964E-05 9.9964E-05 0.915225 0.0107863 0.0498157 9.9964E-05 9.9964E-05 0.023773
0.017183 9.9964E-05 0.904727 9.9964E-05 9.9964E-05 0.0289913 9.9964E-05 0.0486989
9.9973E-05 0.0206979 0.872991 0.0423908 0.0157909 9.9973E-05 0.0478296 9.9973E-05
0.00499457 9.9973E-05 0.839158 9.9973E-05 9.9973E-05 0.0974065 0.0224644 0.0356764
9.9964E-05 0.063108 0.572998 9.9964E-05 9.9964E-05 9.9964E-05 0.0892304 0.274264
0.0172374 0.00401416 0.612872 9.9973E-05 9.9973E-05 9.9973E-05 0.0299523 0.335625
9.9964E-05 0.0841908 0.530655 9.9964E-05 9.9964E-05 9.9964E-05 0.0599573 0.324797
9.9964E-05 0.0159918 0.433083 9.9964E-05 9.9964E-05 9.9964E-05 0.148847 0.401678
0.00155103 0.241747 0.0771112 9.9982E-05 0.478214 9.9982E-05 0.0424983 0.158679
9.9982E-05 0.357989 0.0157171 0.0543365 0.418172 0.0503598 9.9982E-05 0.103226
0.00283755 0.154112 0.0420398 0.0108684 0.571711 9.9982E-05 9.9982E-05 0.218231
9.9964E-05 0.302017 0.0238695 9.9964E-05 0.392151 9.9964E-05 9.9964E-05 0.281564
0.0390699 0.0842147 9.9973E-05 9.9973E-05 0.221894 9.9973E-05 0.0401718 0.61435
0.0462207 0.22084 0.0207316 9.9982E-05 0.643292 0.0157562 9.9982E-05 0.0529594
0.0442591 0.220813 9.9973E-05 0.00361271 0.621452 9.9973E-05 9.9973E-05 0.109564
0.0983973 0.273754 0.00370399 9.9991E-05 0.514134 0.0413672 0.0236345 0.0449088
0.0675389 0.541948 9.9964E-05 9.9964E-05 0.369043 0.02107 9.9964E-05 9.9964E-05
0.096784 0.100964 0.0584774 0.0311579 0.58809 9.9991E-05 0.0277865 0.09664
9.9973E-05 0.498028 0.0158146 9.9973E-05 0.406249 0.0147421 9.9973E-05 0.0648664
0.180608 0.773963 9.9955E-05 9.9955E-05 9.9955E-05 9.9955E-05 0.0449297 9.9955E-05
0.0326108 0.114937 0.0745572 0.00151773 0.548381 0.0536856 9.9991E-05 0.17421
0.0972594 0.589526 9.9964E-05 9.9964E-05 0.178382 9.9964E-05 0.134432 9.9964E-05
0.0692781 0.353019 0.0369151 9.9982E-05 0.510285 0.0256202 9.9982E-05 0.00468244
9.9955E-05 0.628502 9.9955E-05 9.9955E-05 0.157607 9.9955E-05 9.9955E-05 0.213391
0.00815007 9.9964E-05 0.138943 9.9964E-05 9.9964E-05 9.9964E-05 0.0440504 0.808456
0.0670509 9.9973E-05 0.103965 9.9973E-05 0.064268 9.9973E-05 0.026873 0.737544
0.00998501 9.9973E-05 0.0973704 9.9973E-05 0.0426202 9.9973E-05 0.083425 0.766299
9.9955E-05 9.9955E-05 0.12251 9.9955E-05 9.9955E-05 9.9955E-05 0.0655594 0.811431
0.046878 9.9973E-05 0.0487718 9.9973E-05 0.111282 9.9973E-05 0.0115941 0.781175
0.0229064 9.9982E-05 0.0650626 0.0259816 0.101503 9.9982E-05 0.0299642 0.754382
9.9973E-05 0.034525 0.868066 0.0433956 0.0430204 0.0106926 9.9973E-05 9.9973E-05
9.9973E-05 0.016298 0.80715 9.9973E-05 0.0984836 0.037974 9.9973E-05 0.0397948
0.0211488 9.9982E-05 0.764035 0.0538656 0.130999 9.9982E-05 0.0117847 0.0179666
9.9973E-05 0.0613739 0.819525 0.0996145 9.9973E-05 0.00597076 9.9973E-05 0.0132159
9.9973E-05 0.00204068 0.752608 0.0595668 0.14263 9.9973E-05 0.042855 9.9973E-05
9.9955E-05 9.9955E-05 0.378374 9.9955E-05 9.9955E-05 9.9955E-05 0.0785884 0.542537
0.0277113 9.9964E-05 0.406815 9.9964E-05 9.9964E-05 0.0359014 9.9964E-05 0.529173
0.0421671 9.9964E-05 0.417682 9.9964E-05 9.9964E-05 0.0522613 9.9964E-05 0.48749
9.9973E-05 0.00114321 0.856701 0.00560336 0.134164 9.9973E-05 9.9973E-05 0.00208885
0.0783495 0.0205929 0.388902 9.9964E-05 9.9964E-05 9.9964E-05 9.9964E-05 0.511755
9.9973E-05 9.9973E-05 0.19105 0.0769281 0.224912 0.402346 0.104465 9.9973E-05
0.0471422 9.9982E-05 0.12133 0.111445 0.513442 0.149341 9.9982E-05 0.0570999
9.9964E-05 9.9964E-05 0.151002 0.142935 0.536082 0.16958 9.9964E-05 9.9964E-05
0.011176 9.9982E-05 0.208901 0.0963414 0.296975 0.291566 0.0948402 9.9982E-05
0.0455288 0.0433308 0.169 0.055675 0.495241 0.113994 9.9991E-05 0.0771299
0.0221168 9.9973E-05 0.327247 0.0315019 9.9973E-05 0.449473 0.169361 9.9973E-05
0.0692906 0.0160403 0.00144168 9.9982E-05 0.462088 9.9982E-05 0.0405234 0.410417
0.161213 0.0628551 9.9973E-05 9.9973E-05 0.453567 9.9973E-05 0.145614 0.176451
0.0211664 0.090347 9.9973E-05 9.9973E-05 0.312429 9.9973E-05 0.0358052 0.539953
0.178787 0.0033582 9.9973E-05 9.9973E-05 0.548342 9.9973E-05 0.098271 0.170942
0.326121 0.0842205 9.9964E-05 9.9964E-05 9.9964E-05 9.9964E-05 0.273216 0.316043
0.00755862 0.0443707 0.0778501 0.0645123 0.549948 0.0139875 0.0943533 0.147419
0.155024 9.9982E-05 9.9982E-05 0.00386729 0.547295 0.0292933 0.114212 0.150108
9.9973E-05 0.0848792 0.0248473 9.9973E-05 0.354383 9.9973E-05 0.0752503 0.46034
0.000925098 0.0983927 0.0797674 0.0126731 0.522124 0.0579854 0.0359389 0.192193
0.154452 0.170578 9.9973E-05 9.9973E-05 0.131839 9.9973E-05 0.230539 0.312292
0.0971139 0.102717 9.9982E-05 0.00132101 0.595133 9.9982E-05 0.0795266 0.123988
0.0481353 0.0326682 0.0265409 0.00718121 0.518078 9.9991E-05 0.0159044 0.351392
0.0562607 0.0670347 0.0567888 0.0142418 0.402373 0.245297 0.068796 0.0892076
0.131109 0.118735 9.9991E-05 0.0150799 0.32347 0.0138104 0.147905 0.249791
0.126858 0.110559 9.9991E-05 0.00394589 0.43806 0.0123371 0.134018 0.174122
0.0906669 0.0319076 0.0119865 0.00675616 0.614223 9.9991E-05 0.084732 0.159628
0.151808 0.0472299 9.9982E-05 9.9982E-05 0.573479 0.00220198 0.0740368 0.151044
0.0889322 0.0253994 0.017117 0.043588 0.595549 0.0641212 0.0792999 0.0859931
0.0521963 0.0580549 0.0976658 0.00158893 0.564316 0.0522276 0.0401168 0.133834
0.00987678 0.0578657 0.0032043 0.00735672 0.56733 0.0906072 0.0950418 0.168717
9.9955E-05 9.9955E-05 0.83843 0.038472 0.122599 9.9955E-05 9.9955E-05 9.9955E-05
9.9955E-05 0.000665277 0.871807 9.9955E-05 0.127028 9.9955E-05 9.9955E-05 9.9955E-05
0.00790484 9.9982E-05 0.873481 0.00616385 0.0678124 9.9982E-05 0.0362498 0.00818855
9.99871E-05 0.0245912 0.896688 0.0621101 0.00550775 0.00542413 9.99871E-05 0.00547856
9.9955E-05 9.9955E-05 0.894023 9.9955E-05 0.104883 9.9955E-05 9.9955E-05 0.000593897
9.9982E-05 0.115959 9.9982E-05 0.00329136 0.145481 0.0598279 0.101402 0.573839
0.1167 0.0263613 0.0333979 0.0131222 0.516811 0.030842 0.069711 0.193055
9.9973E-05 9.9973E-05 0.16235 0.082363 0.374196 0.244083 0.136708 9.9973E-05
0.0269815 0.0549291 0.0242158 0.0121437 0.642038 0.0429029 9.9991E-05 0.196689
9.9964E-05 0.0874523 0.0524798 9.9964E-05 0.537033 9.9964E-05 9.9964E-05 0.322635
0.157873 0.0799901 9.9982E-05 9.9982E-05 0.25693 0.0467884 0.14968 0.308538
0.0063518 0.0730201 0.072326 9.9982E-05 0.0453348 9.9982E-05 0.0407164 0.762051
9.9991E-05 0.0857422 0.0609995 0.014145 0.488548 0.00216292 0.0278577 0.320444
9.9991E-05 0.0234298 0.0362977 0.0346465 0.249633 0.0138658 0.02545 0.616577
0.085273 0.135639 0.0232206 0.0189308 0.416651 0.0469987 0.0578055 0.215481
0.0615174 0.00893845 0.0707652 9.9991E-05 0.147733 0.0448001 0.0255103 0.640636
0.00981787 0.00639297 0.0782458 0.0599802 0.564501 0.0147698 0.0124025 0.25389
0.00181905 0.140567 0.0401795 9.9991E-05 0.157378 0.0355479 0.0373051 0.587103
0.126603 0.11154 9.9991E-05 0.0429759 0.2155 0.113314 0.0833892 0.306579
0.109558 0.0182571 0.0705818 0.00977558 0.556901 0.000689232 0.112696 0.121541
0.0724353 0.0209148 9.9973E-05 9.9973E-05 0.337472 9.9973E-05 0.504243 0.0646353
0.0540232 9.9982E-05 0.00589001 9.9982E-05 0.546122 0.0523601 0.290659 0.0507456
0.0028145 0.0322507 0.0611686 0.00398602 0.578434 0.0241699 0.207252 0.089925
0.0507173 0.0529886 9.9973E-05 9.9973E-05 0.298453 9.9973E-05 0.557379 0.0401617
0.0371906 0.0925503 0.101946 0.051236 0.558101 9.9991E-05 0.0890261 0.0698503
0.0777712 0.0473358 0.00631246 9.9982E-05 0.528543 9.9982E-05 0.261003 0.0788343
0.16171 0.081366 9.9973E-05 9.9973E-05 0.169131 9.9973E-05 0.574569 0.0129245
0.0369679 0.0270314 9.9973E-05 9.9973E-05 0.249995 9.9973E-05 0.672994 0.0127115
0.0641794 9.9964E-05 9.9964E-05 9.9964E-05 0.497699 9.9964E-05 0.399915 0.0378071
0.0772737 0.155952 9.9973E-05 9.9973E-05 0.11081 9.9973E-05 0.605256 0.0504084
0.0317227 0.0131919 9.9973E-05 9.9973E-05 0.451094 9.9973E-05 0.386256 0.117436
0.00166566 0.111403 9.9982E-05 0.00242052 0.163959 0.0454792 9.9982E-05 0.674872
0.234041 0.0846887 9.9982E-05 0.00650244 0.14978 0.138595 9.9982E-05 0.386193
0.0463929 0.0338788 0.0148253 0.0530067 0.395007 0.0287761 9.9991E-05 0.428013
9.9973E-05 0.0644563 9.9973E-05 9.9973E-05 0.527387 0.132099 0.00916878 0.266589
0.0375279 0.125375 9.9973E-05 9.9973E-05 0.22324 0.0418884 9.9973E-05 0.571669
0.0568483 0.0894673 0.0500432 9.9991E-05 0.455003 0.15832 0.00635164 0.183866
0.059696 0.0173604 0.0238579 0.0195954 0.603999 9.9991E-05 0.0188359 0.256555
0.0882866 0.0771252 9.9991E-05 0.0130722 0.511878 0.069971 0.0106928 0.228874
0.0307583 0.0993755 9.9982E-05 0.00279724 0.461197 0.134998 9.9982E-05 0.270675
9.9982E-05 0.0409883 0.00288808 0.0265539 0.457557 0.034944 9.9982E-05 0.436868
0.0335583 0.114376 9.9982E-05 0.0148343 0.272269 0.0355202 9.9982E-05 0.529243
0.0352497 0.0372084 9.9982E-05 0.048343 0.42827 0.00933874 9.9982E-05 0.44139
0.107894 0.0514402 9.9982E-05 9.9982E-05 0.579219 0.0509918 0.0337376 0.176517
0.062317 0.0702721 0.061215 0.049113 0.565693 0.0410299 0.050876 0.0994841
0.0932287 0.0823315 9.9982E-05 9.9982E-05 0.267508 0.19614 0.0860235 0.274569
0.138434 0.0937983 9.9982E-05 0.0212752 0.418581 0.114381 9.9982E-05 0.213331
0.0425534 0.0672311 9.9991E-05 0.039224 0.335848 0.0460595 0.00831636 0.460667
0.0114788 0.0578996 9.9991E-05 0.0191628 0.537184 0.0706881 0.0263192 0.277168
0.0833305 0.0297667 0.020216 0.0786411 0.437546 0.0271005 9.9991E-05 0.323299
0.0933233 0.0261183 0.0562173 0.0643464 0.5376 0.0261122 0.0362941 0.159989
9.9982E-05 9.9982E-05 0.297973 0.0703513 0.453268 0.0755295 0.0526058 0.050072
0.0370065 0.0375284 0.0990955 0.0531604 0.498586 0.217941 0.0245248 0.0321573
0.00696124 0.116422 0.152296 0.0405448 0.456434 0.105989 0.0968975 0.0244559
0.0413681 0.019838 0.0697308 0.0422906 0.489181 0.215967 0.0723989 0.0492256
9.9982E-05 0.0265521 0.129758 0.0537017 0.43317 0.237764 0.118855 9.9982E-05
0.190834 9.9964E-05 9.9964E-05 9.9964E-05 0.489857 9.9964E-05 0.131026 0.187883
9.9991E-05 0.0760325 0.0902836 0.065994 0.473887 0.134744 0.100295 0.0586629
0.0671781 0.0416273 0.117859 0.102714 0.00481614 0.202993 0.370593 0.0922187
0.00172009 0.027068 0.104371 0.06547 0.543771 0.101483 0.103501 0.0526157
0.035015 0.0690545 0.128998 0.0854009 0.491168 0.125393 0.0466067 0.0183636
0.0330235 0.0758206 0.0798145 0.109624 0.495146 0.0965703 0.0864009 0.0236009
0.0768974 0.0602941 0.130674 9.9991E-05 0.278702 0.217036 0.200025 0.0362723
0.00072815 9.9991E-05 0.157543 0.0314232 0.544085 0.148462 0.0614117 0.0562471
0.114633 9.9991E-05 0.0936688 0.0243498 0.463662 0.275767 0.027304 0.000514608
9.9955E-05 9.9955E-05 0.362016 9.9955E-05 9.9955E-05 0.280043 0.357441 9.9955E-05
0.00465495 0.064404 0.155557 0.111628 0.478118 0.0799482 0.0390895 0.0665994
0.0153397 9.9991E-05 0.174364 0.066914 0.518144 0.148624 0.0629652 0.01355
0.0276736 0.0205348 0.0834504 0.0969974 0.60198 9.9991E-05 0.0815567 0.0877069
0.0338676 9.9982E-05 0.122412 0.0957805 0.483524 0.198448 0.065768 9.9982E-05
9.9991E-05 0.032062 0.165275 0.0439704 0.549408 0.129958 0.0773423 0.0018843
0.455371 0.108815 0.0561406 0.0291803 0.348795 9.9982E-05 9.9982E-05 0.00149752
0.188165 0.0863473 0.0861007 0.0201628 0.468241 0.0519972 0.0634791 0.035507
0.925343 0.029675 9.9964E-05 9.9964E-05 9.9964E-05 9.9964E-05 0.00244837 0.0421333
0.94889 0.0174555 9.9955E-05 9.9955E-05 9.9955E-05 9.9955E-05 9.9955E-05 0.033155
0.353783 0.00322517 0.084694 0.0275639 0.49743 0.0230872 0.0101167 9.9991E-05
0.0901465 9.9991E-05 0.0933633 0.11893 0.278084 0.326555 0.0645908 0.0282303
0.208875 9.9973E-05 0.0836837 0.0632592 0.271076 0.372805 9.9973E-05 9.9973E-05
0.292289 9.9982E-05 0.0969099 0.143609 0.108923 0.303985 0.0540837 9.9982E-05
0.215073 9.9982E-05 0.0749014 0.0294065 0.292198 0.382202 0.00601921 9.9982E-05
0.688581 9.9973E-05 0.0825628 9.9973E-05 0.0361742 0.094809 0.0975736 9.9973E-05
0.704578 9.9982E-05 0.0665244 9.9982E-05 0.0611735 0.126066 0.0399158 0.00154206
0.354322 9.9982E-05 0.0125712 0.0188635 0.521373 0.0816656 9.9982E-05 0.0110044
0.458492 9.9973E-05 0.0477392 0.0953735 0.358045 0.0400502 9.9973E-05 9.9973E-05
0.708215 9.9964E-05 0.0431954 9.9964E-05 0.140426 0.107764 9.9964E-05 9.9964E-05
0.326549 9.9991E-05 0.0489493 0.0203114 0.503007 0.051705 0.00973042 0.0396479
0.35878 9.9955E-05 9.9955E-05 9.9955E-05 0.543241 0.0974794 9.9955E-05 9.9955E-05
0.281974 0.0159075 0.10365 0.0713116 0.428943 0.0301685 9.9991E-05 0.0679444
0.642606 0.0319388 0.0211473 0.000711161 0.303297 9.9973E-05 9.9973E-05 9.9973E-05
0.516814 9.9973E-05 0.0280637 9.9973E-05 0.375693 9.9973E-05 0.0130459 0.0660834
0.364257 0.00927513 0.0367458 0.0073879 0.46098 9.9991E-05 0.0314786 0.0897757
0.350578 0.0218936 0.0674819 9.9982E-05 0.456931 9.9982E-05 0.0540084 0.0489071
0.227573 0.0558692 0.0894573 0.0259478 0.496369 0.0486573 0.0560264 9.9991E-05
0.416377 0.0672164 0.00165971 9.9982E-05 0.406373 9.9982E-05 0.079449 0.028725
0.813863 9.9955E-05 9.9955E-05 9.9955E-05 0.158889 9.9955E-05 9.9955E-05 0.026749
0.391451 9.9964E-05 0.0143543 0.013863 0.579931 9.9964E-05 9.9964E-05 9.9964E-05
0.795317 0.0143884 9.9973E-05 0.0182349 0.0985461 9.9973E-05 9.9973E-05 0.0732134
0.557013 9.9955E-05 0.0200029 9.9955E-05 0.422485 9.9955E-05 9.9955E-05 9.9955E-05
0.325359 0.00848397 0.101549 9.9982E-05 0.498422 9.9982E-05 0.012174 0.0538125
0.348686 0.0585792 0.0322714 0.0549061 0.461235 9.9982E-05 9.9982E-05 0.0441218
0.0725736 0.00743055 0.155621 0.04892 0.47326 0.144957 0.0737358 0.0235027
0.12447 0.101851 0.164432 0.12939 0.408983 0.0207076 0.030426 0.0197411
0.0780308 9.9991E-05 0.117451 0.113116 0.289356 0.29702 0.103517 0.00140955
0.110595 9.9991E-05 0.140625 0.112519 0.293651 0.207848 0.094674 0.0399875
0.0351242 9.9991E-05 0.116588 0.0662547 0.452338 0.146202 0.107894 0.075499
0.174776 9.9991E-05 0.118091 0.0401035 0.44294 0.185567 0.0274623 0.0109606
0.645106 9.9964E-05 0.118916 9.9964E-05 9.9964E-05 0.213087 0.0224914 9.9964E-05
0.147997 9.9982E-05 0.0723312 0.0455405 0.50225 0.221175 0.0105064 9.9982E-05
0.338816 9.9964E-05 0.272717 9.9964E-05 9.9964E-05 0.171889 0.216177 9.9964E-05
0.309673 9.9973E-05 0.0357597 0.063343 0.429758 0.161166 9.9973E-05 9.9973E-05
0.910255 9.9946E-05 9.9946E-05 9.9946E-05 0.0891451 9.9946E-05 9.9946E-05 9.9946E-05
0.945374 0.0540264 9.9946E-05 9.9946E-05 9.9946E-05 9.9946E-05 9.9946E-05 9.9946E-05
0.588133 9.9946E-05 9.9946E-05 9.9946E-05 0.411268 9.9946E-05 9.9946E-05 9.9946E-05
0.384194 9.9955E-05 0.0305254 9.9955E-05 0.584781 9.9955E-05 9.9955E-05 9.9955E-05
0.639434 9.9946E-05 9.9946E-05 9.9946E-05 0.359967 9.9946E-05 9.9946E-05 9.9946E-05
0.455156 9.9946E-05 9.9946E-05 9.9946E-05 0.544244 9.9946E-05 9.9946E-05 9.9946E-05
0.490355 9.9946E-05 9.9946E-05 9.9946E-05 0.509045 9.9946E-05 9.9946E-05 9.9946E-05
0.016529 0.00938501 0.868296 0.0137342 0.0175096 9.9982E-05 9.9982E-05 0.0743458
0.0155069 0.0211118 0.723164 0.0232697 0.0448609 0.0593871 0.0606401 0.0520592
0.00282054 9.9982E-05 0.920573 0.0264528 0.00561555 9.9982E-05 0.00458214 0.0397563
0.00536938 9.9964E-05 0.915245 9.9964E-05 0.0357849 9.9964E-05 0.0432011 9.9964E-05
0.014304 0.339715 0.0480235 0.0107038 0.523506 0.0532473 9.9991E-05 0.0104012
9.9973E-05 0.30684 0.0663794 0.00116632 0.551158 9.9973E-05 9.9973E-05 0.0741563
9.9964E-05 0.44413 0.0145615 9.9964E-05 0.511008 9.9964E-05 9.9964E-05 0.029901
9.9964E-05 0.210979 0.119508 9.9964E-05 0.60809 9.9964E-05 9.9964E-05 0.0610226
0.00223999 0.0682031 0.0997764 0.0225621 0.584537 9.9991E-05 0.122714 0.099867
9.9964E-05 0.569656 0.0342594 9.9964E-05 0.292248 9.9964E-05 9.9964E-05 0.103437
0.00139498 0.264631 0.0266767 0.0186832 0.688314 9.9973E-05 9.9973E-05 9.9973E-05
0.0692986 0.56453 0.00990867 9.9973E-05 0.252101 9.9973E-05 0.103862 9.9973E-05
9.9973E-05 9.9973E-05 0.293994 0.0450811 0.411421 0.153214 9.9973E-05 0.0959899
0.0902466 0.377986 9.9973E-05 0.0369326 0.422423 9.9973E-05 0.0721117 9.9973E-05
9.9964E-05 0.538807 0.0113593 9.9964E-05 0.354304 9.9964E-05 9.9964E-05 0.0951289
0.0626602 0.375173 9.9964E-05 9.9964E-05 0.542632 9.9964E-05 0.0191354 9.9964E-05
9.9973E-05 0.471482 0.0317464 0.0254724 0.378616 9.9973E-05 9.9973E-05 0.0923837
0.0477003 0.399917 9.9964E-05 0.00747272 0.54451 9.9964E-05 9.9964E-05 9.9964E-05
0.0382833 0.32123 0.0904901 9.9973E-05 0.529024 9.9973E-05 9.9973E-05 0.0206724
0.0726406 0.858981 9.9964E-05 9.9964E-05 0.00852763 9.9964E-05 0.0594505 9.9964E-05
0.0518293 0.543271 9.9973E-05 0.0227947 0.296771 9.9973E-05 0.0850338 9.9973E-05
0.0787 0.565003 0.00202448 0.0303581 0.323615 9.9973E-05 9.9973E-05 9.9973E-05
0.066085 0.801558 9.9955E-05 9.9955E-05 9.9955E-05 9.9955E-05 0.131857 9.9955E-05
9.9973E-05 0.398027 0.0736213 0.00283095 0.424097 9.9973E-05 9.9973E-05 0.101124
0.0673488 0.64364 9.9964E-05 9.9964E-05 0.0760892 9.9964E-05 0.212522 9.9964E-05
0.0788439 0.784474 9.9955E-05 9.9955E-05 9.9955E-05 9.9955E-05 0.136182 9.9955E-05
0.058803 0.301083 0.0169597 0.0496527 0.550293 9.9982E-05 9.9982E-05 0.0230086
9.9964E-05 0.6016 0.053651 9.9964E-05 0.19125 9.9964E-05 9.9964E-05 0.153099
9.9991E-05 0.414028 0.0223024 0.00191115 0.460886 0.0307787 0.0147823 0.0552109
0.0131915 0.212121 0.0817988 0.0292275 0.509034 0.0808347 0.0390523 0.0347402
9.9973E-05 0.3755 0.0592061 9.9973E-05 0.474645 0.00526388 9.9973E-05 0.0850856
0.121784 0.0780442 9.9982E-05 9.9982E-05 0.333675 0.0748056 0.0904807 0.301011
0.0282018 0.291431 0.0726221 0.00808005 0.557901 9.9982E-05 9.9982E-05 0.0415635
9.9964E-05 0.357603 0.0521167 9.9964E-05 0.495104 9.9964E-05 9.9964E-05 0.0947757
0.0658791 0.568406 9.9964E-05 9.9964E-05 0.321689 9.9964E-05 0.043626 9.9964E-05
0.0159046 0.220397 0.134451 9.9982E-05 0.525304 0.0273478 9.9982E-05 0.0763951
9.9964E-05 9.9964E-05 0.655484 0.00255383 9.9964E-05 9.9964E-05 0.064938 0.276624
9.9973E-05 0.0331416 0.74325 9.9973E-05 9.9973E-05 0.0181458 0.0348247 0.170338
9.9955E-05 9.9955E-05 0.850688 9.9955E-05 9.9955E-05 9.9955E-05 0.0181028 0.130709
9.9955E-05 9.9955E-05 0.819592 9.9955E-05 9.9955E-05 9.9955E-05 0.055547 0.124361
9.9973E-05 0.000516658 0.742912 9.9973E-05 0.0180497 9.9973E-05 0.0633236 0.174898
9.9964E-05 0.626518 0.0621598 9.9964E-05 0.138485 9.9964E-05 9.9964E-05 0.172438
9.9964E-05 0.680681 0.0358658 9.9964E-05 0.148942 9.9964E-05 9.9964E-05 0.134111
0.0617981 0.742047 9.9982E-05 0.0246523 0.132392 0.0119644 0.0269458 9.9982E-05
0.0368182 0.119374 0.10776 0.0642352 0.560345 0.00434356 0.0377991 0.0693261
0.046273 0.177098 0.11207 0.0491345 0.522099 0.0241489 0.0445195 0.0246566
0.00329941 0.647597 9.9982E-05 0.0403123 0.21319 0.0108059 0.0845956 9.9982E-05
0.0585599 0.268807 0.0207694 0.0423253 0.595686 9.9982E-05 0.0136524 9.9982E-05
0.0657313 0.426402 0.0547051 0.0254528 0.370633 0.0568758 9.9982E-05 9.9982E-05
0.0224176 0.335878 0.0519303 9.9973E-05 0.508675 9.9973E-05 9.9973E-05 0.0807991
9.9982E-05 0.239315 0.0231085 0.00701337 0.604211 0.0929904 9.9982E-05 0.0331616
9.9964E-05 0.631068 9.9964E-05 0.00789622 0.199251 9.9964E-05 9.9964E-05 0.161385
9.9955E-05 0.579443 9.9955E-05 9.9955E-05 0.308385 9.9955E-05 9.9955E-05 0.111673
9.9964E-05 0.542049 0.0206412 9.9964E-05 0.305964 9.9964E-05 9.9964E-05 0.130946
9.9964E-05 9.9964E-05 0.0669355 9.9964E-05 0.630658 9.9964E-05 0.229801 0.072206
9.9964E-05 0.498133 0.0191606 9.9964E-05 0.389696 9.9964E-05 9.9964E-05 0.0926103
9.9973E-05 0.424567 0.0620586 0.0182113 0.372509 9.9973E-05 9.9973E-05 0.122353
9.9982E-05 0.0235991 9.9982E-05 0.0536974 0.422361 0.451625 0.0304462 0.0180716
9.9982E-05 0.0199368 0.00562883 0.0641274 0.260931 0.642532 9.9982E-05 0.00664471
9.9955E-05 9.9955E-05 9.9955E-05 0.105919 0.373653 0.519929 9.9955E-05 9.9955E-05
9.9964E-05 9.9964E-05 0.00783685 0.0109729 0.226592 0.754199 9.9964E-05 9.9964E-05
9.9973E-05 9.9973E-05 0.0754202 9.9973E-05 0.457666 0.422711 0.0151202 0.0287825
0.0285255 0.150473 0.0611087 9.9973E-05 0.547085 9.9973E-05 0.212508 9.9973E-05
9.9946E-05 9.9946E-05 0.0207884 9.9946E-05 9.9946E-05 0.978612 9.9946E-05 9.9946E-05
9.9955E-05 9.9955E-05 9.9955E-05 0.00245151 0.21271 0.784338 9.9955E-05 9.9955E-05
0.0297897 0.0361212 0.0970358 0.0282266 0.330181 0.228259 0.250286 9.9991E-05
9.9964E-05 9.9964E-05 0.0954267 9.9964E-05 0.584743 9.9964E-05 0.282272 0.0371588
0.000555969 9.9973E-05 0.108702 9.9973E-05 0.541044 9.9973E-05 0.32275 0.0266485
9.9991E-05 0.0119422 0.0981371 0.00210922 0.57611 0.0226602 0.285158 0.00378339
9.9982E-05 0.00249199 0.135253 0.0344688 0.628883 9.9982E-05 0.188001 0.0107029
9.9955E-05 9.9955E-05 0.0161926 9.9955E-05 0.201337 0.781971 9.9955E-05 9.9955E-05
9.9964E-05 9.9964E-05 0.0251693 9.9964E-05 0.338086 0.606419 9.9964E-05 0.0299259
9.9955E-05 9.9955E-05 9.9955E-05 0.0598371 0.284147 0.655516 9.9955E-05 9.9955E-05
0.0368829 0.0165233 0.0565278 0.0730032 0.354068 0.386866 0.000528694 0.0756005
9.9973E-05 0.0193691 9.9973E-05 0.0279219 0.163947 0.765398 9.9973E-05 0.0230642
9.9982E-05 0.0305569 0.0695942 0.0782521 0.374895 0.405201 9.9982E-05 0.0413006
9.9955E-05 9.9955E-05 9.9955E-05 0.00615562 0.130799 0.862545 9.9955E-05 9.9955E-05
9.9991E-05 0.0142028 0.0288076 0.0666092 0.31831 0.473414 0.0211293 0.0774274
9.9973E-05 0.0769817 0.0628396 9.9973E-05 0.506583 0.0263889 0.326907 9.9973E-05
0.0114766 0.0286353 0.0135341 0.0299286 0.29311 0.564459 0.02085 0.0380072
9.994E-05 9.994E-05 9.994E-05 9.994E-05 9.994E-05 0.9993 9.994E-05 9.994E-05
0.0124734 0.0120887 0.0471588 0.0638059 0.354184 0.4704 9.9991E-05 0.0397885
9.9973E-05 0.00470618 0.133008 9.9973E-05 0.33695 9.9973E-05 0.408725 0.11631
9.9955E-05 9.9955E-05 0.0283527 9.9955E-05 0.634142 9.9955E-05 0.337006 9.9955E-05
9.9982E-05 9.9982E-05 0.0644413 0.0628928 0.355259 0.459383 0.0310989 0.0267254
9.9964E-05 9.9964E-05 0.128543 9.9964E-05 0.565962 9.9964E-05 0.255392 0.049704
9.9964E-05 9.9964E-05 0.132751 9.9964E-05 0.514037 9.9964E-05 0.291507 0.0613048
0.00487162 0.0563473 0.13057 0.0203842 0.281245 0.343738 0.131223 0.0316217
0.0443859 9.9991E-05 0.114336 0.0223546 0.298727 0.413513 0.0780942 0.0284899
9.9991E-05 0.0800596 0.0897865 0.0767758 0.526916 0.0498041 0.119476 0.0570815
0.0283477 0.0553627 0.0667474 0.0664972 0.371992 0.405715 9.9991E-05 0.00523834
9.9964E-05 9.9964E-05 0.0130048 0.072834 0.353018 0.560744 9.9964E-05 9.9964E-05
9.9955E-05 9.9955E-05 9.9955E-05 0.0271698 0.0129482 0.959382 9.9955E-05 9.9955E-05
0.0208739 0.0250867 0.126927 9.9991E-05 0.640463 0.036207 0.100107 0.0502353
9.9964E-05 9.9964E-05 0.115281 9.9964E-05 0.487376 9.9964E-05 0.355626 0.0413167
0.00564995 9.9973E-05 0.00472255 0.0324994 0.176788 9.9973E-05 0.780041 9.9973E-05
0.0808358 0.0384826 0.157973 9.9982E-05 0.564155 0.0547245 0.103629 9.9982E-05
0.156092 9.9982E-05 0.0571975 0.00765817 0.423508 9.9982E-05 0.209953 0.145392
0.0746807 9.9991E-05 0.134365 0.0484325 0.476618 0.139783 0.119251 0.00676996
0.080529 9.9991E-05 0.0981871 0.041377 0.469985 0.114448 0.189555 0.00581847
9.9955E-05 9.9955E-05 0.246154 9.9955E-05 9.9955E-05 0.250252 0.503095 9.9955E-05
