0.0601287 9.9973E-05 0.0382758 9.9973E-05 0.00742954 0.113799 0.776872 9.9973E-05 0.00319526
9.9955E-05 9.9955E-05 0.0379673 9.9955E-05 0.0154448 0.0548282 0.89126 9.9955E-05 9.9955E-05
0.00281407 0.050807 0.0195912 9.9982E-05 9.9982E-05 0.049566 0.813493 0.0161417 0.047387
9.9964E-05 9.9964E-05 0.0433714 9.9964E-05 0.0147052 0.054872 0.745985 9.9964E-05 0.140666
9.9946E-05 9.9946E-05 9.9946E-05 9.9946E-05 9.9946E-05 0.0766856 0.848955 9.9946E-05 0.07376
0.0718948 9.9946E-05 0.00492295 9.9946E-05 9.9946E-05 0.922583 9.9946E-05 9.9946E-05 9.9946E-05
9.993E-05 9.993E-05 9.993E-05 9.993E-05 9.993E-05 0.999201 9.993E-05 9.993E-05 9.993E-05
9.9937E-05 9.9937E-05 0.00431823 9.9937E-05 9.9937E-05 0.994982 9.9937E-05 9.9937E-05 9.9937E-05
9.99639E-05 0.0131872 0.024823 9.99639E-05 0.113764 0.141271 0.706555 9.99639E-05 9.99639E-05
0.0131625 9.99459E-05 9.99459E-05 9.99459E-05 9.99459E-05 0.909394 0.0768435 9.99459E-05 9.99459E-05
9.9955E-05 9.9955E-05 0.00146683 9.9955E-05 9.9955E-05 0.84282 0.133225 9.9955E-05 0.021989
0.011834 0.111325 9.9973E-05 9.9973E-05 0.526709 9.9973E-05 0.0369475 0.0645885 0.248296
0.0503043 0.00702737 0.0334952 0.0145119 0.273985 0.0440129 0.0249538 0.0457538 0.505956
0.052029 0.107216 9.9982E-05 0.0200904 0.504267 9.9982E-05 0.0226295 0.0282344 0.265334
0.0904301 0.0556977 0.0232644 9.9982E-05 0.46491 9.9982E-05 0.0267925 0.0376192 0.301086
0.109087 0.0850801 0.00665243 9.9982E-05 0.292694 9.9982E-05 0.0773205 0.01035 0.418616
0.074673 0.0617207 0.00489143 0.0446557 0.186085 9.9991E-05 0.0441213 0.0286695 0.555083
0.0401324 0.0794197 0.0338771 0.0155153 0.307219 9.9991E-05 0.0114748 0.0526274 0.459634
0.0717873 0.128449 0.0252931 9.9973E-05 0.41327 9.9973E-05 0.0933034 9.9973E-05 0.267598
9.9973E-05 0.157915 0.000680166 9.9973E-05 0.729235 9.9973E-05 0.0225095 0.047124 0.0422364
0.0384809 0.110779 0.00867568 9.9991E-05 0.333818 0.0251083 0.0108454 0.0780223 0.39417
0.0355216 0.254058 0.0232943 9.9973E-05 0.196226 9.9973E-05 9.9973E-05 0.0530523 0.437548
9.9982E-05 0.0323699 0.0522477 9.9982E-05 0.197991 0.00412944 0.0268883 0.124923 0.561251
0.0606386 0.100416 0.00623717 9.9991E-05 0.478232 0.0121099 0.0288027 0.04283 0.270634
0.0536227 0.0552566 0.0332586 0.0132017 0.138124 0.0233222 0.0381629 9.9991E-05 0.644951
9.9964E-05 0.0640555 9.9964E-05 9.9964E-05 0.286536 9.9964E-05 0.0505397 0.0505038 0.547965
9.9973E-05 0.0677701 9.9973E-05 0.00376576 0.546995 9.9973E-05 0.0657673 0.0680012 0.2474
0.0476283 0.0898921 0.0127557 9.9982E-05 0.464096 9.9982E-05 0.0453572 0.0578348 0.282236
9.9964E-05 0.185039 0.00792663 9.9964E-05 0.503041 9.9964E-05 9.9964E-05 0.057022 0.246572
9.993E-05 9.993E-05 0.999201 9.993E-05 9.993E-05 9.993E-05 9.993E-05 9.993E-05 9.993E-05
9.993E-05 9.993E-05 0.999201 9.993E-05 9.993E-05 9.993E-05 9.993E-05 9.993E-05 9.993E-05
0.0718542 9.9973E-05 0.384255 9.9973E-05 0.0029989 0.0884997 0.395237 9.9973E-05 0.0568554
0.0593906 9.9964E-05 0.302019 9.9964E-05 9.9964E-05 0.0472077 0.461098 9.9964E-05 0.129884
9.9991E-05 0.07426 0.0242096 0.0144678 0.066185 0.0846504 0.0301783 0.241107 0.464842
0.0707874 0.0154052 0.0138691 9.9991E-05 0.0773439 0.0334879 0.0175995 0.274166 0.497241
0.0503315 0.0425425 9.9964E-05 9.9964E-05 9.9964E-05 0.0143706 9.9964E-05 0.399161 0.493195
9.9973E-05 0.0103946 9.9973E-05 0.020345 0.659432 9.9973E-05 0.0612011 0.0598559 0.188471
0.0217092 0.117029 0.018557 0.0497089 9.9973E-05 9.9973E-05 9.9973E-05 0.581702 0.210994
0.0253975 9.9964E-05 9.9964E-05 9.9964E-05 0.115502 9.9964E-05 0.11715 0.231667 0.509883
9.9982E-05 0.0249146 0.0138771 0.00341837 9.9982E-05 0.0357672 0.016223 0.234011 0.671588
9.9973E-05 0.164209 0.00755635 9.9973E-05 0.0549044 0.193896 9.9973E-05 0.0485698 0.530565
9.999E-05 0.0525636 0.0109842 0.0434688 0.0717461 0.0451205 0.0556972 0.106483 0.613837
9.9973E-05 9.9973E-05 0.00617303 9.9973E-05 0.215982 0.0129283 0.0145165 0.619084 0.131017
9.9964E-05 0.198862 9.9964E-05 0.0201485 9.9964E-05 0.0993632 9.9964E-05 0.00624267 0.674984
0.0235417 0.0467678 0.00672798 0.031872 0.00531972 0.0379861 0.060294 0.245533 0.541958
0.00328639 0.103483 0.0459668 9.9982E-05 0.0382694 9.9982E-05 0.103596 0.106085 0.599114
9.9955E-05 0.0287748 9.9955E-05 0.0703187 9.9955E-05 9.9955E-05 9.9955E-05 0.565613 0.334793
9.9982E-05 0.0284563 0.0199803 9.9982E-05 0.00225942 0.0358203 0.0440034 0.277309 0.591971
0.0565741 0.0210743 0.0344254 9.9982E-05 0.0119957 9.9982E-05 0.122684 0.206158 0.546888
9.9964E-05 0.315159 9.9964E-05 0.0317201 9.9964E-05 0.00164566 0.00396196 0.647114 9.9964E-05
9.9973E-05 0.0958482 9.9973E-05 0.00405718 0.604635 0.000716798 9.9973E-05 0.0785441 0.215899
0.032771 0.299768 9.9982E-05 0.11216 0.294529 9.9982E-05 0.00411353 0.0882287 0.16823
0.0601812 0.13072 0.0268234 0.0577768 0.0796779 9.9991E-05 0.0629372 0.0602433 0.52154
0.0683021 0.0605159 9.9991E-05 0.0674401 0.129671 0.00305111 0.0710488 0.0138802 0.585991
0.0504307 0.101143 0.0133385 0.0712159 0.0514585 9.9991E-05 0.0796173 0.054909 0.577787
0.00266697 0.0717864 0.0227235 0.00306129 0.466692 0.0366069 0.105044 0.0845597 0.206859
9.9973E-05 0.0582869 0.0493145 0.0391711 0.278426 9.9973E-05 9.9973E-05 0.0387937 0.535708
0.0222523 0.0613858 0.000930695 0.000872209 0.112601 0.00559051 0.0883404 0.121066 0.586962
9.999E-05 0.0371341 0.0176656 0.0558597 0.249583 0.0866327 0.0495563 0.0955135 0.407955
9.9964E-05 0.116898 9.9964E-05 9.9964E-05 0.485989 9.9964E-05 0.165891 0.0894408 0.141381
0.0333012 0.0814725 0.00666193 0.00123169 0.178714 0.00222331 0.0682431 0.101289 0.526863
0.0255852 0.00331146 0.0123946 0.0971488 0.26008 0.00898921 0.0797842 0.0466713 0.466035
9.9982E-05 0.169558 0.0434525 9.9982E-05 0.547671 0.0114422 0.0305498 0.0979805 0.0991467
9.9973E-05 0.0331805 0.0155773 0.0403758 0.366652 9.9973E-05 9.9973E-05 0.107552 0.436362
0.040089 0.038638 0.00440587 0.121863 0.0438659 9.9991E-05 0.0796308 0.113995 0.557413
9.999E-05 0.0686826 0.019899 0.0502099 0.135989 0.0357883 0.0412853 0.0297303 0.618315
0.0539361 0.100367 0.0569833 0.0104688 0.367858 9.9991E-05 0.0482095 0.110395 0.251682
0.0626631 0.030473 0.0452176 0.0919946 0.20493 0.0399484 9.9991E-05 0.0722999 0.452373
0.00306676 0.0908456 0.00913495 0.0663687 0.195589 9.9982E-05 0.0145605 9.9982E-05 0.620235
9.9973E-05 0.128372 0.0496898 0.0101727 0.485504 9.9973E-05 9.9973E-05 0.0967209 0.22924
0.0037775 9.9964E-05 0.00341347 9.9964E-05 0.0127146 9.9964E-05 9.9964E-05 0.486649 0.493046
9.9955E-05 9.9955E-05 0.0169184 9.9955E-05 0.0793733 9.9955E-05 9.9955E-05 0.701182 0.202026
0.0169104 0.00716325 0.0280017 0.000853645 0.077721 0.0155713 0.0962313 0.283503 0.474044
0.00514469 0.13618 9.9955E-05 0.0229616 9.9955E-05 9.9955E-05 9.9955E-05 0.835214 9.9955E-05
9.9946E-05 0.125536 9.9946E-05 0.038298 9.9946E-05 9.9946E-05 9.9946E-05 0.835566 9.9946E-05
0.0127424 0.0415056 9.9964E-05 0.00844951 9.9964E-05 9.9964E-05 9.9964E-05 0.708108 0.228794
9.9973E-05 9.9973E-05 0.0211707 9.9973E-05 0.0857449 0.0101884 0.0196457 0.405959 0.456991
0.0229195 0.0597571 9.9991E-05 0.0690943 0.0618791 0.000178218 0.135773 0.10957 0.540729
0.00123211 0.017165 9.9955E-05 9.9955E-05 9.9955E-05 9.9955E-05 9.9955E-05 0.509167 0.471936
9.9955E-05 9.9955E-05 9.9955E-05 9.9955E-05 0.152761 9.9955E-05 0.0727398 0.641267 0.132733
9.9964E-05 9.9964E-05 0.00011567 9.9964E-05 0.131754 0.0605741 9.9964E-05 0.560194 0.246962
0.0129273 9.9991E-05 0.0162339 0.0228046 0.0510179 0.0164021 0.0935543 0.235764 0.551196
9.9964E-05 9.9964E-05 0.00229889 9.9964E-05 0.058265 0.0410619 9.9964E-05 0.58039 0.317585
9.9955E-05 9.9955E-05 0.040804 9.9955E-05 0.110893 9.9955E-05 9.9955E-05 0.39595 0.451854
9.9955E-05 0.0350114 9.9955E-05 0.0694398 9.9955E-05 9.9955E-05 9.9955E-05 0.454347 0.440702
9.9946E-05 0.223052 9.9946E-05 0.0957361 9.9946E-05 9.9946E-05 9.9946E-05 0.680612 9.9946E-05
0.0324343 0.0552801 9.9982E-05 0.00783793 9.9982E-05 0.0103109 0.0151931 0.281461 0.597283
9.9964E-05 9.9964E-05 0.0529848 9.9964E-05 0.0587862 0.0428709 0.770731 9.9964E-05 0.0742269
9.9946E-05 9.9946E-05 0.0753291 9.9946E-05 9.9946E-05 9.9946E-05 0.848761 9.9946E-05 0.0753104
0.0212791 9.9955E-05 0.044464 9.9955E-05 9.9955E-05 9.9955E-05 0.83424 9.9955E-05 0.0995174
0.024078 9.9955E-05 0.0400681 9.9955E-05 9.9955E-05 9.9955E-05 0.898326 9.9955E-05 0.0370281
0.0228041 9.9964E-05 0.0527596 0.0124657 9.9964E-05 9.9964E-05 0.902703 0.00886802 9.9964E-05
0.0280269 9.9964E-05 0.00852639 0.00438576 9.9964E-05 9.9964E-05 0.859945 9.9964E-05 0.0987161
9.9955E-05 9.9955E-05 0.0266434 9.9955E-05 9.9955E-05 0.0824399 0.825284 9.9955E-05 0.0651332
0.0042882 0.030439 0.0471758 0.0186218 0.0670189 0.00267305 0.0803915 0.167229 0.582163
0.0394638 0.0380048 0.0283887 0.05389 0.0298304 9.9991E-05 0.118625 0.163978 0.527719
9.9973E-05 9.9973E-05 9.9973E-05 0.0203202 0.169665 0.0711346 0.0179838 0.68522 0.0353767
0.0463717 0.0418016 0.0124864 0.084118 9.9982E-05 9.9982E-05 0.10247 0.171687 0.540865
9.9964E-05 9.9964E-05 0.0278391 9.9964E-05 0.110975 9.9964E-05 0.034212 0.459934 0.36664
9.9973E-05 9.9973E-05 0.012802 9.9973E-05 0.0562953 0.0286506 0.0384593 0.354632 0.50886
9.9982E-05 0.0942743 9.9982E-05 0.0378046 0.0438987 0.0269515 0.0153379 0.235353 0.54618
0.0459968 9.9973E-05 0.0154225 0.0480747 9.9973E-05 0.019988 9.9973E-05 0.388312 0.481906
9.9964E-05 9.9964E-05 0.0122617 9.9964E-05 0.247778 0.0645034 9.9964E-05 0.67397 0.00108756
0.0326576 0.047867 0.0415077 0.0468122 0.0744805 9.9991E-05 0.112983 0.154465 0.489126
9.9982E-05 0.0062416 0.016957 9.9982E-05 0.0779872 0.0528006 0.0499147 0.157987 0.637912
9.9973E-05 0.0457333 9.9973E-05 9.9973E-05 0.0871811 0.052482 0.106079 0.119652 0.588573
0.00973124 0.174856 0.0166359 0.0319271 0.0290192 9.9982E-05 9.9982E-05 0.508805 0.228826
9.9964E-05 9.9964E-05 0.012423 0.0764989 9.9964E-05 0.0194721 9.9964E-05 0.442761 0.448445
9.9982E-05 0.000946797 0.00167783 9.9982E-05 0.126759 0.0127062 0.0059146 0.386752 0.465043
0.00866856 0.0146036 9.9964E-05 0.0605904 9.9964E-05 9.9964E-05 9.9964E-05 0.55618 0.359557
9.9964E-05 9.9964E-05 9.9964E-05 9.9964E-05 0.0994015 0.0337009 0.0189448 0.404271 0.443282
0.0543166 0.0453625 0.0023653 0.0135532 0.10463 9.9991E-05 0.0847607 0.174054 0.520858
0.0341024 0.120108 0.0110948 0.165858 0.371315 9.9982E-05 0.0180409 9.9982E-05 0.279281
9.9982E-05 0.137258 0.00485725 9.9982E-05 0.347408 0.0297329 0.0318026 0.010834 0.437907
9.9973E-05 0.0233259 0.017602 0.102422 0.135936 9.9973E-05 0.170255 9.9973E-05 0.550159
0.0604251 0.0380477 9.9991E-05 0.0570097 0.141051 0.0389622 0.0705924 0.0471385 0.546674
0.0147296 0.0256404 0.0212017 0.0189315 0.386193 0.0469915 0.000776453 0.0126916 0.472844
0.031879 0.00636625 9.9991E-05 0.0609065 0.265424 0.0141761 0.0402211 0.0125224 0.568405
9.9964E-05 0.00319788 9.9964E-05 0.0238216 0.436276 9.9964E-05 0.0734569 9.9964E-05 0.462848
0.0232354 0.06843 0.0182922 0.0917554 0.132661 9.9991E-05 0.110049 0.0689433 0.486534
0.0385667 0.04892 9.9973E-05 0.0326857 0.220634 9.9973E-05 0.0620963 9.9973E-05 0.596798
9.9964E-05 0.0532736 0.00828064 9.9964E-05 0.291032 9.9964E-05 0.0492871 9.9964E-05 0.597727
9.9973E-05 0.0470845 0.0263413 0.0354749 0.280027 9.9973E-05 0.0361101 9.9973E-05 0.574663
0.00732286 0.0502056 9.9973E-05 0.0979309 0.155262 9.9973E-05 0.0781209 9.9973E-05 0.610858
0.0363382 0.0539413 0.0327202 0.0716893 0.108967 0.00439204 0.0594903 0.00909969 0.623362
0.0277867 0.0733336 9.9973E-05 0.0542882 0.206122 9.9973E-05 9.9973E-05 0.0236349 0.614535
0.0547445 9.9973E-05 9.9973E-05 0.120315 0.162164 9.9973E-05 0.118677 0.014568 0.529232
0.0444035 0.000612914 0.00384028 0.122344 0.207206 0.0161105 0.0188886 0.0021336 0.58446
0.0715073 0.194968 0.017032 0.122609 0.275351 9.9982E-05 0.0315777 9.9982E-05 0.286755
0.0431318 0.0390727 9.9982E-05 0.0496365 0.171788 9.9982E-05 0.0877563 0.0279675 0.580447
0.018969 0.043042 9.9973E-05 0.0599293 0.18025 9.9973E-05 0.0316277 9.9973E-05 0.665882
0.0281441 0.0268476 9.9982E-05 9.9982E-05 0.594418 0.0135448 0.019049 0.0929112 0.224886
0.0403453 0.222264 9.9973E-05 0.209021 0.34395 9.9973E-05 9.9973E-05 0.0446296 0.13949
0.0141619 0.0759478 0.0161004 0.0334065 0.240464 9.9991E-05 0.0658903 0.0679222 0.486007
9.9964E-05 0.291491 9.9964E-05 0.199287 0.361165 9.9964E-05 9.9964E-05 0.0514137 0.0962427
9.9973E-05 0.0498473 0.0204222 0.0292563 0.528735 9.9973E-05 9.9973E-05 0.0328731 0.338566
9.9964E-05 9.9964E-05 0.00140615 0.0344541 0.478936 9.9964E-05 9.9964E-05 0.0281704 0.456634
9.9982E-05 0.0178541 0.0136645 0.00679964 0.491796 9.9982E-05 0.0278237 0.0713424 0.37052
9.9964E-05 0.0507235 9.9964E-05 0.0509679 0.538054 9.9964E-05 9.9964E-05 0.00357174 0.356283
0.00481371 0.117326 0.0104402 0.0175308 0.202091 0.00450761 0.0453938 0.0168058 0.581091
0.0211121 0.0376233 0.00157467 0.0354657 0.144096 0.0217969 0.109205 0.0572717 0.571855
0.0132097 0.0126894 0.00916431 0.050496 0.200212 9.9991E-05 0.053274 0.10113 0.559724
0.00295003 0.235319 9.9973E-05 0.0740639 0.412738 9.9973E-05 9.9973E-05 0.0599473 0.214682
0.0252345 0.0962758 0.0163097 0.0220723 0.123808 0.0705785 0.105776 0.0890262 0.450919
0.0430597 0.235433 0.0092064 0.0958683 0.0408773 0.0400833 0.0157372 0.03526 0.484475
9.9973E-05 0.594015 9.9973E-05 0.0881786 0.0800726 0.0176813 0.0778395 0.141913 9.9973E-05
0.0498014 0.167245 9.9982E-05 0.0299837 9.9982E-05 0.01819 0.0515091 0.0535237 0.629547
0.027051 0.317859 0.00564866 0.12311 0.0454411 0.0532671 0.0546 0.0913006 0.281723
0.0573641 0.166778 0.0210809 0.0511877 0.0738948 9.9991E-05 0.0795055 0.0369385 0.513151
9.9991E-05 0.445132 0.0216963 0.0674419 0.150838 0.0173832 0.0219546 0.0248208 0.250633
9.9991E-05 0.532489 0.0200631 0.0884221 0.164464 0.0374547 0.00249684 0.0756679 0.0788427
0.0241822 0.318737 0.00303389 0.053159 0.103208 0.0417589 9.9991E-05 0.078762 0.377059
0.0598426 0.156013 0.0327053 0.0344454 0.0997803 0.0704604 0.0408812 0.0491417 0.45673
0.0262691 0.175132 0.0233653 0.0163003 0.112577 0.0485324 0.102329 0.0512563 0.444239
0.0474122 0.457009 0.0147919 0.0849309 0.129004 9.9991E-05 0.00466587 0.172081 0.0900055
0.0584462 0.0800404 0.0445708 0.0753245 0.0852478 0.0320174 0.0615606 9.9991E-05 0.562692
9.9964E-05 0.4136 9.9964E-05 0.0933686 0.100492 9.9964E-05 9.9964E-05 0.0699406 0.322199
9.9964E-05 0.28809 9.9964E-05 0.072145 0.0913733 9.9964E-05 9.9964E-05 0.120531 0.427461
0.065359 0.134858 0.00158757 0.0236945 0.0474841 0.0222877 0.0484231 0.131092 0.525214
0.185432 0.251331 0.0393546 9.9973E-05 9.9973E-05 0.0114527 0.333244 9.9973E-05 0.178886
0.134647 0.444061 9.9955E-05 9.9955E-05 9.9955E-05 0.00155156 0.41924 9.9955E-05 9.9955E-05
0.0966896 0.463842 0.0227668 9.9964E-05 9.9964E-05 0.0218055 0.394497 9.9964E-05 9.9964E-05
0.243457 0.308036 0.022613 9.9982E-05 0.0102866 0.02177 0.289524 9.9982E-05 0.104113
9.9973E-05 0.238541 0.00244226 0.026927 0.0418818 9.9973E-05 9.9973E-05 0.0880564 0.601852
0.0235303 0.100038 9.9982E-05 0.0607266 0.0511316 9.9982E-05 0.0940872 0.0573553 0.612931
0.674868 9.9955E-05 0.0150937 9.9955E-05 0.00333154 9.9955E-05 9.9955E-05 9.9955E-05 0.306207
0.429288 9.9973E-05 0.0337318 9.9973E-05 0.103235 9.9973E-05 0.00789851 0.0390411 0.386506
0.379144 9.9973E-05 9.9973E-05 9.9973E-05 0.036313 0.024976 0.0919538 0.0939243 0.373389
9.9982E-05 0.441794 0.00966435 0.171153 0.0489395 0.00628821 9.9982E-05 0.064241 0.25772
0.015521 0.137818 0.00598495 0.0976173 0.111673 0.01355 0.0660499 0.0320326 0.519753
9.9964E-05 0.525905 9.9964E-05 0.0706849 0.0976381 9.9964E-05 9.9964E-05 0.0503364 0.255036
9.9991E-05 0.252008 0.0173941 0.0527045 0.0253376 0.00793336 0.0468351 0.0339984 0.563689
9.9982E-05 0.254907 9.9982E-05 0.148508 0.0579655 0.00722199 0.0543635 0.0162389 0.460595
0.0131373 0.326031 0.00922938 0.0578328 9.9982E-05 0.0167493 9.9982E-05 0.00910627 0.567713
9.9964E-05 0.627237 9.9964E-05 0.104167 0.0276779 9.9964E-05 9.9964E-05 0.0405468 0.199971
9.9982E-05 0.139787 0.00748975 0.0240966 9.9982E-05 0.0527973 0.0535288 0.0439635 0.678137
0.0418145 0.156084 0.00895893 0.0629478 0.073404 0.0493184 0.0398348 0.0174576 0.55018
0.963821 9.9955E-05 9.9955E-05 9.9955E-05 9.9955E-05 9.9955E-05 0.00547355 0.0234388 0.0067669
0.890339 9.9946E-05 9.9946E-05 9.9946E-05 9.9946E-05 9.9946E-05 9.9946E-05 0.015323 0.0937382
0.552243 9.9973E-05 0.0326056 9.9973E-05 0.0622174 9.9973E-05 0.0575895 0.0464838 0.248561
0.612955 9.9964E-05 0.00607855 0.00838117 0.0121934 9.9964E-05 9.9964E-05 9.9964E-05 0.359992
0.794402 9.9964E-05 0.00557478 9.9964E-05 0.0153374 9.9964E-05 9.9964E-05 0.0286474 0.155639
0.999201 9.993E-05 9.993E-05 9.993E-05 9.993E-05 9.993E-05 9.993E-05 9.993E-05 9.993E-05
0.956965 9.9946E-05 9.9946E-05 9.9946E-05 0.0193464 0.0230891 9.9946E-05 9.9946E-05 9.9946E-05
0.833476 9.9946E-05 9.9946E-05 9.9946E-05 9.9946E-05 9.9946E-05 9.9946E-05 0.00549546 0.160429
0.916124 9.9946E-05 0.019305 9.9946E-05 0.0639715 9.9946E-05 9.9946E-05 9.9946E-05 9.9946E-05
0.999201 9.993E-05 9.993E-05 9.993E-05 9.993E-05 9.993E-05 9.993E-05 9.993E-05 9.993E-05
0.999201 9.993E-05 9.993E-05 9.993E-05 9.993E-05 9.993E-05 9.993E-05 9.993E-05 9.993E-05
0.743889 9.9973E-05 0.00932427 0.00260693 0.0155057 0.00494892 9.9973E-05 9.9973E-05 0.223426
0.790431 9.9973E-05 0.00916757 9.9973E-05 0.0492009 0.0141632 0.0318218 9.9973E-05 0.104916
0.999201 9.993E-05 9.993E-05 9.993E-05 9.993E-05 9.993E-05 9.993E-05 9.993E-05 9.993E-05
0.374372 0.0118047 0.0349528 0.011806 0.0601836 9.9991E-05 0.0736707 0.114521 0.318589
0.642529 9.9982E-05 0.00675325 0.00534654 0.0252606 9.9982E-05 0.0479098 0.0136487 0.258353
0.797634 9.9955E-05 9.9955E-05 9.9955E-05 9.9955E-05 0.0212937 0.0268833 9.9955E-05 0.153689
0.870899 9.9973E-05 9.9973E-05 9.9973E-05 0.000839853 0.0262787 0.0183432 0.00476104 0.0785787
0.999201 9.993E-05 9.993E-05 9.993E-05 9.993E-05 9.993E-05 9.993E-05 9.993E-05 9.993E-05
0.971557 9.9946E-05 9.9946E-05 9.9946E-05 0.00241652 9.9946E-05 9.9946E-05 9.9946E-05 0.0254271
0.979731 9.9937E-05 0.0195692 9.9937E-05 9.9937E-05 9.9937E-05 9.9937E-05 9.9937E-05 9.9937E-05
0.634287 9.9982E-05 0.00356312 9.9982E-05 0.0263094 0.00315838 0.0504403 0.0573801 0.224662
0.963501 9.9946E-05 0.0166811 9.9946E-05 9.9946E-05 9.9946E-05 9.9946E-05 0.0192187 9.9946E-05
0.0431446 0.597348 9.9964E-05 0.0768922 9.9964E-05 0.0981254 0.18409 9.9964E-05 9.9964E-05
0.0618065 0.245614 0.013178 0.00636343 0.0365013 0.083393 0.164546 9.9991E-05 0.388498
0.0245126 0.308799 9.9973E-05 0.0426409 9.9973E-05 0.0828535 0.0615466 9.9973E-05 0.479347
0.0851674 0.490985 0.00155464 9.9973E-05 9.9973E-05 0.0952166 0.117859 9.9973E-05 0.208917
0.120073 0.161851 0.0204911 0.0200357 0.0371225 0.0898804 0.0608107 0.068031 0.421704
0.106797 0.517124 0.00851148 0.00375632 9.9982E-05 0.0998923 0.139447 9.9982E-05 0.124272
0.0819137 0.159698 9.9982E-05 0.0564538 0.0802872 0.0679943 0.144871 9.9982E-05 0.408582
0.0900551 0.3779 0.0115662 9.9973E-05 9.9973E-05 0.140333 0.0642796 9.9973E-05 0.315566
0.0805494 0.234003 0.0245911 9.9973E-05 9.9973E-05 0.0843712 0.0775264 9.9973E-05 0.498659
0.0841583 0.32883 0.0299383 9.9982E-05 9.9982E-05 0.0857875 0.0774482 0.00702224 0.386616
0.128367 0.183614 0.0269207 0.00842492 0.0414664 0.0110821 0.139131 0.0318621 0.429132
9.9973E-05 0.0263001 0.00585511 9.9973E-05 9.9973E-05 0.0118143 0.867894 0.007417 0.0804194
0.0515438 9.9973E-05 0.0150996 0.045037 9.9973E-05 0.0338795 0.851213 0.00292765 9.9973E-05
9.9964E-05 9.9964E-05 0.0306973 9.9964E-05 0.0433526 9.9964E-05 0.91351 0.00392114 0.00811931
9.9964E-05 0.00370957 0.000584181 9.9964E-05 0.00714236 9.9964E-05 0.954026 0.0341382 9.9964E-05
9.9964E-05 9.9964E-05 0.0368614 9.9964E-05 0.0135325 0.045544 0.840447 9.9964E-05 0.0632152
9.9973E-05 0.0148546 0.0314872 9.9973E-05 0.000292287 9.9973E-05 0.935517 0.0137938 0.00375502
0.000470964 9.9973E-05 0.0799245 9.9973E-05 0.00331037 0.0432512 0.816853 9.9973E-05 0.0558897
9.9964E-05 9.9964E-05 0.02955 0.0204066 0.0243755 0.0621321 0.863136 9.9964E-05 9.9964E-05
0.0178333 0.0316692 0.0301977 9.9991E-05 0.011039 0.0304863 0.834909 0.0223015 0.0214636
0.00812131 0.0470734 0.0328961 9.9973E-05 9.9973E-05 0.0366354 0.845816 9.9973E-05 0.0291576
9.9964E-05 0.029779 9.9964E-05 9.9964E-05 0.260219 0.127458 0.515703 0.0664407 9.9964E-05
9.9973E-05 9.9973E-05 0.0196191 0.0138811 0.315279 0.118288 0.523504 0.009129 9.9973E-05
9.9982E-05 0.0482755 0.022045 0.00233751 0.278395 0.0807834 0.492471 0.0754929 9.9982E-05
9.9973E-05 0.0738911 9.9973E-05 0.00106712 0.373765 0.172039 0.36303 0.015908 9.9973E-05
0.00530583 0.0141189 0.0241549 9.9982E-05 0.198648 9.9982E-05 0.0599585 0.241213 0.456401
0.020679 9.9982E-05 9.9982E-05 0.0229533 0.0851017 0.020027 0.035288 0.316355 0.499396
0.0328027 9.9982E-05 0.0192366 0.0258878 0.185939 0.013757 9.9982E-05 0.193769 0.528408
9.9982E-05 9.9982E-05 0.0159341 0.00981105 0.269876 0.0329184 0.00226527 0.31372 0.355275
0.000913264 0.0504549 9.9982E-05 0.0579095 0.611353 0.00814255 9.9982E-05 0.0461395 0.224887
0.0054848 9.9982E-05 9.9982E-05 0.0374441 0.0972392 0.00724666 0.0547286 0.151547 0.64611
0.0351639 9.9964E-05 9.9964E-05 9.9964E-05 0.112894 0.00188857 9.9964E-05 0.282276 0.567378
9.99802E-05 0.0918227 9.99802E-05 0.0653405 0.0122816 0.0266425 9.99802E-05 0.289286 0.514327
9.9955E-05 0.0156803 9.9955E-05 0.0647879 9.9955E-05 9.9955E-05 9.9955E-05 0.553117 0.365915
0.0199977 0.0524538 0.0251002 0.0754982 0.0875512 9.9991E-05 0.0511946 0.119852 0.568252
9.9955E-05 9.9955E-05 9.9955E-05 9.9955E-05 0.0669171 9.9955E-05 0.0265552 0.495734 0.410294
9.9946E-05 0.0958068 9.9946E-05 0.142768 9.9946E-05 9.9946E-05 9.9946E-05 0.760825 9.9946E-05
9.9982E-05 0.0395592 0.0372559 0.0562168 0.160658 9.9982E-05 0.0334724 0.0999447 0.572693
9.9955E-05 0.139695 9.9955E-05 0.0890928 9.9955E-05 9.9955E-05 9.9955E-05 0.598818 0.171894
0.00719588 0.0119626 0.0246396 0.0288288 0.0157897 0.0304353 0.00644204 0.370495 0.504211
9.9955E-05 9.9955E-05 9.9955E-05 9.9955E-05 0.20797 9.9955E-05 0.0148004 0.617694 0.159036
9.9955E-05 0.012175 9.9955E-05 0.0151827 0.611879 0.360264 9.9955E-05 9.9955E-05 9.9955E-05
9.9955E-05 9.9955E-05 9.9955E-05 0.049417 0.543021 0.349757 9.9955E-05 9.9955E-05 0.0573047
9.9955E-05 9.9955E-05 9.9955E-05 0.0131401 0.587327 0.346541 9.9955E-05 0.0524923 9.9955E-05
9.9955E-05 9.9955E-05 9.9955E-05 0.0385906 0.672727 0.267448 9.9955E-05 0.020735 9.9955E-05
9.9964E-05 0.00557268 9.9964E-05 0.0308969 0.599809 0.277132 9.9964E-05 9.9964E-05 0.0861895
9.9955E-05 9.9955E-05 9.9955E-05 0.0231861 0.564099 0.314269 9.9955E-05 9.9955E-05 0.0979464
0.0564775 9.9982E-05 0.00798261 9.9982E-05 0.0070719 0.0149073 0.846258 0.046853 0.0202501
0.0302396 9.9973E-05 9.9973E-05 9.9973E-05 0.019109 0.0469398 0.768105 0.0498543 0.0854523
0.0192831 0.0109894 0.0186111 0.0177786 0.00512857 0.0220414 0.745318 9.9991E-05 0.16075
0.0768427 9.9964E-05 9.9964E-05 9.9964E-05 9.9964E-05 0.0790196 0.770525 0.0675778 0.0056347
0.0457948 9.9973E-05 0.016294 9.9973E-05 0.0102546 0.0926722 0.70289 9.9973E-05 0.131794
9.9973E-05 0.00363825 0.0139357 0.00471436 0.448075 0.356306 0.173031 9.9973E-05 9.9973E-05
9.9964E-05 9.9964E-05 0.0106358 0.0289214 0.405429 0.340134 0.21448 9.9964E-05 9.9964E-05
9.9964E-05 9.9964E-05 0.00682258 0.0309993 0.393449 0.37941 0.188919 9.9964E-05 9.9964E-05
9.993E-05 9.993E-05 0.999201 9.993E-05 9.993E-05 9.993E-05 9.993E-05 9.993E-05 9.993E-05
9.9964E-05 9.9964E-05 0.0229328 0.0454257 0.429374 0.382821 0.119047 9.9964E-05 9.9964E-05
0.279811 0.185681 0.0254369 0.00903852 9.9973E-05 9.9973E-05 0.225037 9.9973E-05 0.274695
0.177647 0.0804605 0.0244449 9.9982E-05 0.0237658 0.0371349 0.122477 9.9982E-05 0.533869
0.195176 9.9946E-05 9.9946E-05 9.9946E-05 9.9946E-05 9.9946E-05 0.216077 9.9946E-05 0.588148
0.241006 0.129635 9.9973E-05 0.0429176 9.9973E-05 0.0216362 0.263849 9.9973E-05 0.300656
0.118737 0.036107 0.0435912 0.0211294 0.109142 0.0275296 0.11751 0.0416551 0.484599
0.258792 0.294377 0.00504167 0.0162204 9.9964E-05 9.9964E-05 0.425169 9.9964E-05 9.9964E-05
9.9973E-05 0.0357639 9.9973E-05 0.0372694 0.378797 0.0415771 9.9973E-05 0.0298638 0.476429
9.9964E-05 0.174806 9.9964E-05 0.123611 0.202978 9.9964E-05 9.9964E-05 0.0595836 0.438622
9.9973E-05 0.0771437 9.9973E-05 0.00543882 0.556285 9.9973E-05 0.00940395 0.0493888 0.30204
0.00706378 0.0761839 9.9973E-05 0.155796 0.216589 9.9973E-05 9.9973E-05 0.0264704 0.517597
9.9955E-05 0.34934 9.9955E-05 0.269207 0.377147 9.9955E-05 9.9955E-05 0.00380606 9.9955E-05
0.0299572 0.132878 0.0105255 0.0547155 0.143643 9.9991E-05 0.0403382 0.0126065 0.575236
0.0309961 0.127279 0.0226 0.132454 0.150263 0.00575154 0.00482552 0.0183963 0.507436
9.9982E-05 0.100489 0.00374235 0.00789691 0.469252 0.0293383 9.9982E-05 0.0312988 0.357782
0.0617016 0.0516391 0.00387155 0.00925125 0.165139 0.0679544 0.0481916 0.0731834 0.519068
9.9964E-05 0.310422 9.9964E-05 0.100877 0.348775 9.9964E-05 9.9964E-05 0.101326 0.138201
9.9982E-05 0.127794 9.9982E-05 0.0738579 0.177848 0.00338054 0.0185538 0.0272344 0.571132
0.0101783 9.9973E-05 9.9973E-05 0.0167591 0.341208 0.0404395 9.9973E-05 0.0823978 0.508717
0.113432 0.133718 9.9982E-05 0.0442106 0.126877 9.9982E-05 0.107395 0.0532678 0.4209
0.00557801 0.227083 9.9973E-05 0.096207 0.295408 9.9973E-05 9.9973E-05 0.0549284 0.320495
0.014829 0.20811 0.00964232 0.074548 0.204861 9.9982E-05 9.9982E-05 0.0631693 0.424641
0.0245673 0.0747598 9.9982E-05 0.0585668 0.190304 0.00778143 9.9982E-05 0.0741784 0.569642
9.9973E-05 0.0634801 0.0183354 0.0822203 0.216523 9.9973E-05 9.9973E-05 0.0960009 0.52314
0.0663127 0.088016 0.0351171 0.0489321 0.121584 9.9982E-05 9.9982E-05 0.0137927 0.626045
0.0327813 0.0329334 9.9991E-05 0.0308091 0.117782 0.0190617 0.109758 0.134018 0.522756
0.00271072 0.051744 0.0152401 0.0584936 0.144135 9.9991E-05 0.0963917 0.0948809 0.536304
0.0209516 9.9955E-05 0.0128314 9.9955E-05 9.9955E-05 9.9955E-05 0.825061 9.9955E-05 0.140656
9.9964E-05 9.9964E-05 0.0107345 0.00483946 9.9964E-05 9.9964E-05 0.86196 0.00414421 0.117922
9.9982E-05 9.9982E-05 0.0430328 0.00762701 0.00545292 0.0365194 0.83259 0.0115868 0.062991
0.0439386 9.9964E-05 0.0184943 9.9964E-05 9.9964E-05 0.0250551 0.875596 0.0365162 9.9964E-05
9.9955E-05 9.9955E-05 0.0285134 9.9955E-05 9.9955E-05 0.0624205 0.823698 9.9955E-05 0.0848681
0.0217673 0.102406 0.0205395 9.9982E-05 0.628564 9.9982E-05 0.0243471 0.0713031 0.130873
0.0134033 0.0603506 0.00131461 0.0876087 0.184212 0.0100037 0.02305 0.0709094 0.549147
0.214693 0.0758206 0.0234405 0.0482696 9.9991E-05 0.0562136 0.141423 0.0314041 0.408635
0.0451401 0.0316579 0.013366 0.00577431 0.201627 0.0154964 9.9991E-05 0.0549761 0.631862
0.0308974 0.00871947 0.00265491 9.9982E-05 0.356548 9.9982E-05 0.0460966 0.0479676 0.506916
0.0200374 0.254079 9.9973E-05 0.112643 0.311621 9.9973E-05 9.9973E-05 0.0188876 0.282432
0.00958045 0.0702001 0.0194863 9.9982E-05 0.742129 9.9982E-05 0.0834707 0.0583905 0.0165428
0.0206353 0.00375608 0.0245668 9.9991E-05 0.328704 0.0229577 0.039839 0.0753897 0.484052
0.049634 0.0138963 0.0063767 0.00186583 0.622403 0.00278474 0.0569482 0.00601342 0.240078
9.9982E-05 0.164066 0.0221872 0.011196 0.175173 9.9982E-05 0.0369729 0.104118 0.486087
9.9982E-05 0.0537612 9.9982E-05 0.0334125 0.624653 0.0107549 0.098996 0.0204272 0.157795
0.0804835 0.00819875 0.000895345 0.0202805 0.262806 0.00156907 0.0965527 0.0443042 0.48491
9.9982E-05 0.0749576 0.0175332 0.0192918 0.625222 9.9982E-05 0.0419213 0.0390152 0.181858
0.105951 0.169559 9.9973E-05 0.092817 0.312882 9.9973E-05 9.9973E-05 0.0751844 0.243307
9.9991E-05 0.157719 0.00816681 0.0377489 0.11315 0.0174617 0.0491464 0.0693086 0.547198
9.9973E-05 0.439387 9.9973E-05 0.0848003 0.0899186 0.0563825 9.9973E-05 0.0503521 0.278859
9.9982E-05 0.344166 0.00671928 0.0386262 0.0179579 0.0600545 9.9982E-05 0.00191171 0.530365
0.013563 0.219913 9.9982E-05 0.0453576 0.0550721 0.0153024 0.0879393 9.9982E-05 0.562652
9.9973E-05 0.530671 9.9973E-05 0.0571692 0.0302617 0.0303553 9.9973E-05 0.0909054 0.260337
0.0360316 0.103271 0.0421788 0.0358557 0.0828899 0.036812 0.0672216 0.0974519 0.498287
9.9982E-05 0.234051 0.000187325 0.0749692 0.0488545 0.0895327 9.9982E-05 0.0120404 0.540165
9.9964E-05 0.55141 9.9964E-05 0.174805 0.0469998 9.9964E-05 9.9964E-05 0.0907036 0.135681
9.9973E-05 0.602172 9.9973E-05 0.0521971 0.0155163 0.0452607 9.9973E-05 0.0807772 0.203777
9.9964E-05 0.413384 9.9964E-05 9.9964E-05 0.075949 0.0130803 9.9964E-05 0.0244823 0.472705
9.9973E-05 0.580654 9.9973E-05 0.0877959 0.0605415 0.0381542 9.9973E-05 0.169179 0.0633751
9.9973E-05 0.344542 9.9973E-05 0.0391868 0.110097 0.00858457 9.9973E-05 0.0391732 0.458116
0.0363258 9.9982E-05 0.0152491 0.0252437 0.710833 9.9982E-05 0.00789939 0.0595971 0.144652
0.0647257 0.139346 9.9973E-05 0.223501 0.384033 9.9973E-05 9.9973E-05 0.00267835 0.185417
0.0670748 9.9982E-05 0.0167588 0.0286269 0.41364 9.9982E-05 0.0197173 0.0743934 0.379589
0.0569162 0.00293741 9.9991E-05 0.0217484 0.231034 0.0260147 0.0402921 0.0720652 0.548892
0.0544198 9.9973E-05 0.00193236 0.0302159 0.617044 9.9973E-05 9.9973E-05 0.113691 0.182397
0.00784632 0.147503 9.9982E-05 0.0390776 0.199747 9.9982E-05 0.0617451 0.0193222 0.524559
9.9982E-05 0.0333247 0.0168846 0.0826871 0.235002 0.00738583 0.0564859 9.9982E-05 0.56803
0.0543363 0.0858615 9.9973E-05 0.0344742 0.275246 9.9973E-05 9.9973E-05 0.0771856 0.472596
0.0748073 0.0255884 0.018818 0.0573387 0.284926 0.0136099 0.0120089 0.0440068 0.468896
0.0124878 9.9973E-05 0.0136721 9.9973E-05 0.426866 9.9973E-05 0.0440188 0.00843139 0.494224
0.0256253 9.9973E-05 0.0233481 0.0235163 0.550284 9.9973E-05 9.9973E-05 0.0928181 0.284108
0.0325821 9.9973E-05 9.9973E-05 0.0474486 0.4991 9.9973E-05 0.00112258 0.0124126 0.407034
0.0212303 0.090289 9.9973E-05 0.0494362 0.186587 9.9973E-05 9.9973E-05 0.0537202 0.598438
0.0558915 0.0814148 9.9991E-05 0.0522186 0.100986 0.0572379 0.00241232 0.0653593 0.58438
0.0946552 0.138652 0.0103208 0.0608216 0.276679 9.9991E-05 0.0323343 0.080682 0.305755
0.1095 0.0343176 9.9973E-05 0.0774149 0.248823 9.9973E-05 9.9973E-05 0.10322 0.426425
0.0677895 0.027701 0.013421 0.00352418 0.47897 9.9982E-05 9.9982E-05 0.0727858 0.335608
0.0400741 0.036601 9.9982E-05 0.0318046 0.271805 9.9982E-05 0.0433734 0.0481771 0.527965
0.0703685 9.9991E-05 0.0164928 0.0244183 0.346674 0.00307709 0.0284144 0.0611247 0.44933
0.0580663 0.0505643 0.0160623 0.065384 0.182815 0.0251056 0.0520993 0.0511905 0.498713
0.0962424 0.0325226 0.00599125 9.9991E-05 0.0439695 0.0465402 0.310922 0.0132081 0.450504
0.163113 0.119239 9.9982E-05 0.0147947 0.0277596 9.9982E-05 0.152034 0.00195727 0.520902
0.104889 0.0929395 0.0454729 0.0614532 0.0879768 0.00241888 0.137651 0.0193042 0.447894
0.129947 0.0961832 0.0413876 0.0900815 0.0609954 9.9991E-05 0.062298 0.00832783 0.51068
0.171326 0.116775 0.00450043 0.0134249 0.0214589 9.9991E-05 0.179134 0.0264384 0.466843
9.9955E-05 0.138287 9.9955E-05 0.138815 0.2171 9.9955E-05 9.9955E-05 9.9955E-05 0.505298
0.0976232 0.0497197 0.00765287 9.9991E-05 0.0330799 0.0686462 0.126221 0.101175 0.515782
0.157215 0.44829 9.9982E-05 0.0394371 0.0901433 9.9982E-05 0.175433 0.00674334 0.0825381
0.0838918 0.117011 0.0130905 9.9973E-05 0.0669376 9.9973E-05 0.11357 9.9973E-05 0.605199
0.151552 0.0831316 0.0260729 0.0176206 0.0615305 0.00990299 0.126544 9.9991E-05 0.523546
0.127349 0.0353938 0.0186302 0.10555 0.0101266 9.9991E-05 0.119527 0.0320482 0.551274
0.109923 0.255703 0.036585 0.0717404 0.0651844 9.9991E-05 0.14831 0.0399687 0.272485
0.112795 0.0559867 0.0329963 9.9973E-05 0.0754221 9.9973E-05 0.183727 9.9973E-05 0.538773
0.131443 0.0621188 0.0106214 0.107392 0.0291942 0.00380807 0.14616 9.9991E-05 0.509162
0.120043 0.416008 9.9946E-05 9.9946E-05 9.9946E-05 9.9946E-05 0.46335 9.9946E-05 9.9946E-05
0.148129 0.0306303 0.0455976 9.9991E-05 0.099172 0.013489 0.110884 0.0181804 0.533818
0.14208 0.0688871 0.00860467 0.0227777 9.9973E-05 9.9973E-05 0.184573 9.9973E-05 0.572778
0.0965278 0.0808747 0.00791261 0.0320309 0.058377 9.9991E-05 0.105195 0.0328858 0.586096
0.17051 0.0582449 0.00861756 0.0296258 9.9973E-05 9.9973E-05 0.193192 9.9973E-05 0.53951
0.102687 0.117651 0.0337358 9.9991E-05 0.0322428 0.0281502 0.134094 0.0684008 0.482939
9.9973E-05 9.9973E-05 0.0176322 0.435997 9.9973E-05 0.0200406 0.0299313 0.0672964 0.428802
0.033316 9.9973E-05 9.9973E-05 0.215607 0.0415197 9.9973E-05 0.112849 0.0928723 0.503536
9.9946E-05 0.0197959 9.9946E-05 0.918098 0.0615062 9.9946E-05 9.9946E-05 9.9946E-05 9.9946E-05
9.9937E-05 9.9937E-05 9.9937E-05 0.936737 0.062563 9.9937E-05 9.9937E-05 9.9937E-05 9.9937E-05
0.00245205 0.0205571 0.00787197 0.336818 0.00284324 0.0182733 0.0813634 0.0364379 0.493383
0.314132 0.111964 9.9973E-05 0.0892609 9.9973E-05 9.9973E-05 0.157559 0.0135612 0.313222
0.250314 0.0142589 9.9973E-05 0.241983 9.9973E-05 0.0242702 0.147742 9.9973E-05 0.321132
0.298202 0.124995 9.9964E-05 0.263546 9.9964E-05 9.9964E-05 0.162477 9.9964E-05 0.15038
0.217935 0.0606045 0.0337856 0.194718 9.9973E-05 9.9973E-05 0.137918 9.9973E-05 0.354739
0.0585607 0.106942 0.0079345 0.709086 9.9982E-05 0.0324165 0.0406276 9.9982E-05 0.0442326
0.0759519 0.0432431 0.0432679 0.71229 9.9973E-05 9.9973E-05 0.0543016 9.9973E-05 0.0706453
0.043595 9.9964E-05 9.9964E-05 0.353346 9.9964E-05 0.0316304 9.9964E-05 0.00659668 0.564432
0.115629 9.9964E-05 9.9964E-05 0.448127 9.9964E-05 0.0388948 0.0441325 9.9964E-05 0.352817
0.0920637 9.9964E-05 0.0125949 0.703121 9.9964E-05 9.9964E-05 0.0435129 9.9964E-05 0.148307
0.050564 0.0120063 0.00917697 0.326159 0.00929684 0.0680643 0.0323812 9.9991E-05 0.492251
0.0585208 9.9973E-05 0.00589664 0.33362 9.9973E-05 0.0329713 0.0100619 9.9973E-05 0.558629
0.0559043 0.0213118 0.0111593 0.255808 9.9982E-05 0.0807973 0.0358086 9.9982E-05 0.539011
9.9964E-05 9.9964E-05 0.0119875 0.63003 0.0439383 9.9964E-05 0.0114249 9.9964E-05 0.302219
9.9982E-05 0.0263916 0.0187128 0.481691 0.097691 0.000558368 9.9982E-05 0.00236366 0.372391
9.9973E-05 9.9973E-05 9.9973E-05 0.348398 0.0128712 0.0701848 0.0477146 0.0426622 0.477869
0.0272092 0.011744 0.00963373 0.36576 0.0979197 0.052937 9.9982E-05 9.9982E-05 0.434597
0.0721436 0.00785824 9.9991E-05 0.217715 0.0672411 0.0143364 0.0899711 0.0450032 0.485631
9.9973E-05 0.091639 9.9973E-05 0.438359 9.9973E-05 0.00415315 0.0117513 0.0216485 0.432149
9.9955E-05 9.9955E-05 9.9955E-05 0.791262 0.0489984 0.0154674 9.9955E-05 9.9955E-05 0.143772
9.9946E-05 9.9946E-05 9.9946E-05 0.359437 9.9946E-05 0.0250256 9.9946E-05 9.9946E-05 0.614937
9.9955E-05 9.9955E-05 9.9955E-05 0.786579 0.0589447 9.9955E-05 9.9955E-05 0.0308016 0.123175
9.9973E-05 9.9973E-05 0.0143377 0.553862 9.9973E-05 0.00268454 0.0302457 0.00908193 0.389489
9.9982E-05 0.00273765 0.030094 0.308828 0.0236387 9.9982E-05 0.0698899 0.064557 0.500055
0.00585563 9.9991E-05 0.0124157 0.310284 0.0884152 0.000573301 0.04817 0.0198669 0.514319
0.128477 0.0607304 0.0137249 0.0725926 0.00197339 0.0624859 0.128682 0.0418729 0.489461
0.109402 0.0530509 0.0355628 0.0638342 0.0256518 0.103127 0.0912549 0.0935081 0.424608
0.260117 0.160094 0.0383718 0.0754642 9.9973E-05 9.9973E-05 0.159955 9.9973E-05 0.305698
0.201597 0.132282 0.0250386 0.0653886 0.0211513 0.0558691 0.135191 0.0181224 0.34536
0.172983 0.0824327 0.00942756 0.0448582 0.0367987 0.123454 0.040503 0.0207965 0.468746
0.109489 0.0729901 0.00936033 0.196193 9.9982E-05 0.00129629 0.154229 9.9982E-05 0.456242
0.0887735 0.0308015 0.0288935 0.683559 9.9973E-05 0.0184078 0.149265 9.9973E-05 9.9973E-05
0.184346 0.0226154 0.0254581 0.162624 0.00137547 0.0327931 0.0492973 9.9991E-05 0.521391
0.0778663 0.198609 9.9964E-05 0.381286 9.9964E-05 0.0716372 0.270201 9.9964E-05 9.9964E-05
0.142821 9.9955E-05 9.9955E-05 0.316276 9.9955E-05 9.9955E-05 0.0580104 9.9955E-05 0.482393
9.9937E-05 9.9937E-05 9.9937E-05 0.930768 9.9937E-05 9.9937E-05 9.9937E-05 9.9937E-05 0.0685322
9.9937E-05 9.9937E-05 9.9937E-05 0.958252 9.9937E-05 9.9937E-05 9.9937E-05 0.0410486 9.9937E-05
9.9946E-05 9.9946E-05 9.9946E-05 0.536494 9.9946E-05 0.00569106 9.9946E-05 9.9946E-05 0.457216
9.9946E-05 9.9946E-05 9.9946E-05 0.395316 9.9946E-05 9.9946E-05 0.0157085 9.9946E-05 0.588375
9.9937E-05 9.9937E-05 9.9937E-05 0.61831 9.9937E-05 9.9937E-05 9.9937E-05 9.9937E-05 0.38099
9.9937E-05 9.9937E-05 9.9937E-05 0.446839 9.9937E-05 9.9937E-05 9.9937E-05 9.9937E-05 0.552461
9.9946E-05 9.9946E-05 9.9946E-05 0.436075 9.9946E-05 9.9946E-05 9.9946E-05 0.0101825 0.553143
0.00721362 9.9991E-05 0.0558124 0.00415464 0.0350961 0.068503 0.772623 0.0368063 0.0196908
0.0466304 0.0115508 0.0418827 0.035964 0.0666302 0.0494112 0.697196 0.029096 0.0216391
0.0107462 9.9982E-05 0.029968 0.0225612 0.0158626 0.0458943 0.870894 9.9982E-05 0.00387411
9.9964E-05 0.0077749 0.0478973 9.9964E-05 9.9964E-05 0.0333371 0.87535 9.9964E-05 0.0352408
0.0261418 0.0151088 0.0280903 0.0179055 0.00514127 9.9991E-05 0.0489698 0.393181 0.465361
9.9982E-05 0.0341877 0.00291947 0.0134036 0.0396365 9.9982E-05 0.0674283 0.290702 0.551522
9.9973E-05 9.9973E-05 0.0427014 9.9973E-05 0.0177046 0.00716495 0.00640468 0.434913 0.490812
9.9982E-05 0.0323102 0.0551345 9.9982E-05 0.058893 0.0446874 0.0126339 0.252073 0.544068
9.9991E-05 0.146967 0.0278141 0.0139342 0.0498633 0.0462923 0.0432383 0.0878684 0.583922
0.00333861 9.9982E-05 0.0204746 9.9982E-05 0.131825 0.0132291 0.0117991 0.517266 0.301867
9.9955E-05 9.9955E-05 0.0103411 9.9955E-05 9.9955E-05 9.9955E-05 0.00730764 0.326911 0.65494
9.9964E-05 0.122845 0.00636052 0.0699182 9.9964E-05 9.9964E-05 9.9964E-05 0.559308 0.241168
0.164199 0.0324577 0.0166692 9.9982E-05 0.0972226 0.0563778 0.250417 9.9982E-05 0.382456
0.0382826 0.0852085 9.9982E-05 0.0921139 0.0096111 0.0167197 9.9982E-05 0.368626 0.389238
9.9964E-05 9.9964E-05 0.00487454 9.9964E-05 0.113864 9.9964E-05 0.0196502 0.509971 0.35124
9.9964E-05 0.040903 9.9964E-05 0.0736719 9.9964E-05 0.0254104 9.9964E-05 0.360991 0.498624
0.0234886 9.9973E-05 9.9973E-05 9.9973E-05 0.110833 0.0207307 0.0205969 0.443207 0.380843
0.0065321 9.9955E-05 9.9955E-05 0.023843 9.9955E-05 9.9955E-05 9.9955E-05 0.397559 0.571566
9.9973E-05 9.9973E-05 0.00120884 0.0340203 0.0212657 9.9973E-05 0.12009 0.32549 0.497625
9.9955E-05 0.123778 9.9955E-05 0.0571441 9.9955E-05 9.9955E-05 9.9955E-05 0.802565 0.0160131
0.00961253 0.0943118 0.0052623 0.0690195 9.9973E-05 9.9973E-05 9.9973E-05 0.538672 0.282822
9.9955E-05 0.0563546 9.9955E-05 0.0344455 9.9955E-05 9.9955E-05 9.9955E-05 0.552747 0.355953
9.9946E-05 0.144434 9.9946E-05 0.0599017 9.9946E-05 9.9946E-05 9.9946E-05 0.795065 9.9946E-05
9.9964E-05 9.9964E-05 9.9964E-05 9.9964E-05 0.0545889 0.0985297 0.0127947 0.425836 0.407851
9.9955E-05 0.237857 9.9955E-05 0.0484769 9.9955E-05 9.9955E-05 9.9955E-05 0.640784 0.0723821
9.9946E-05 0.190724 9.9946E-05 0.0254237 9.9946E-05 9.9946E-05 9.9946E-05 0.783253 9.9946E-05
9.9964E-05 0.0380169 9.9964E-05 0.0220064 9.9964E-05 9.9964E-05 0.0820526 0.293584 0.56394
9.99639E-05 9.99639E-05 0.0159967 9.99639E-05 0.13474 0.076054 9.99639E-05 0.585819 0.186991
9.9973E-05 0.00824042 9.9973E-05 9.9973E-05 0.0824213 0.0104042 0.0395144 0.421698 0.437422
0.0516787 0.0612788 0.00847831 0.00133956 9.9991E-05 0.0363991 0.0648123 0.202281 0.573633
0.0119298 9.9964E-05 9.9964E-05 9.9964E-05 0.128278 9.9964E-05 0.0317865 0.349824 0.477782
9.9964E-05 0.208471 9.9964E-05 0.0690078 0.324077 9.9964E-05 9.9964E-05 0.0134922 0.384552
9.9982E-05 9.9982E-05 0.0185586 0.0228772 0.0623173 0.0132767 0.014574 0.324909 0.543287
9.9964E-05 9.9964E-05 0.0140039 9.9964E-05 0.101117 0.0285118 9.9964E-05 0.353001 0.502966
9.9955E-05 0.0684665 9.9955E-05 0.0726742 9.9955E-05 9.9955E-05 9.9955E-05 0.538681 0.319678
9.9982E-05 9.9982E-05 0.0209657 0.0166521 0.0861064 0.0497857 0.0944491 0.263916 0.467925
9.9964E-05 0.0411609 0.0495725 9.9964E-05 0.25927 0.0554396 0.594157 9.9964E-05 9.9964E-05
9.9973E-05 0.0186379 0.0630586 9.9973E-05 0.127601 0.0199026 0.716751 0.0537491 9.9973E-05
9.9964E-05 0.0190145 0.159634 9.9964E-05 0.112103 0.0303735 0.678475 9.9964E-05 9.9964E-05
9.9964E-05 0.00845579 0.115082 9.9964E-05 0.116931 0.106045 0.653086 9.9964E-05 9.9964E-05
9.9973E-05 0.0575772 0.031785 9.9973E-05 0.150908 0.0844144 0.663346 9.9973E-05 0.0116696
9.9964E-05 9.9964E-05 9.9964E-05 9.9964E-05 0.162362 0.0409945 0.0402012 0.615102 0.14094
