9.9955E-05 0.0612651 9.9955E-05 9.9955E-05 0.906718 9.9955E-05 0.00289588 0.0286207 9.9955E-05
9.9955E-05 0.00949563 9.9955E-05 9.9955E-05 0.967047 9.9955E-05 0.00339671 0.0195612 9.9955E-05
0.0313374 9.9964E-05 9.9964E-05 0.0194965 0.834741 0.0503749 0.0636504 9.9964E-05 9.9964E-05
9.9955E-05 9.9955E-05 9.9955E-05 0.033157 0.813041 0.131122 0.0221799 9.9955E-05 9.9955E-05
9.9946E-05 9.9946E-05 9.9946E-05 0.019368 0.900585 0.0794469 9.9946E-05 9.9946E-05 9.9946E-05
9.9973E-05 0.0583341 9.9973E-05 0.0151332 0.661689 0.0321452 9.9973E-05 0.00511049 0.227288
9.9937E-05 9.9937E-05 9.9937E-05 9.9937E-05 0.77196 9.9937E-05 9.9937E-05 9.9937E-05 0.22734
9.9955E-05 0.0202996 9.9955E-05 0.0169099 0.700142 9.9955E-05 9.9955E-05 9.9955E-05 0.262149
9.99549E-05 9.99549E-05 9.99549E-05 0.0155456 0.818699 9.99549E-05 0.0412413 0.124014 9.99549E-05
9.9973E-05 0.0262124 9.9973E-05 0.0213884 0.719591 0.0117684 9.9973E-05 0.0130293 0.207711
9.9946E-05 9.9946E-05 9.9946E-05 9.9946E-05 0.740559 0.0231405 9.9946E-05 9.9946E-05 0.2357
0.0291529 0.0295418 9.9973E-05 9.9973E-05 0.0187405 0.206379 9.9973E-05 0.622422 0.0934633
9.9964E-05 0.0219917 9.9964E-05 9.9964E-05 0.0550028 0.546131 9.9964E-05 0.305098 0.0713762
0.0370396 0.0648746 0.00726402 9.9982E-05 9.9982E-05 0.226889 0.0456436 0.586612 0.0314774
0.00132109 0.0787836 9.9982E-05 9.9982E-05 0.00582726 0.286286 0.0790831 0.541086 0.00741227
9.9982E-05 0.100349 9.9982E-05 0.00841564 0.0499671 0.407069 0.0531816 0.353436 0.0273823
0.0292569 0.0582008 0.0277128 9.9991E-05 0.00904352 0.569758 0.0500948 0.244337 0.0114963
0.0234177 0.0460229 9.9982E-05 9.9982E-05 0.00737136 0.42878 0.0226269 0.369847 0.101734
9.9973E-05 0.0555478 9.9973E-05 9.9973E-05 0.0771068 0.253697 0.0833589 0.486271 0.0437189
9.9955E-05 0.0161289 9.9955E-05 9.9955E-05 0.00379649 9.9955E-05 9.9955E-05 0.777255 0.20232
0.0550482 0.0205114 0.000579622 9.9982E-05 9.9982E-05 0.413074 0.049559 0.363807 0.0972205
0.0257522 0.0268557 0.0802918 0.0105411 9.9991E-05 0.420651 0.108594 0.185314 0.141901
0.101715 0.00134835 0.0266189 0.0292582 0.0344369 0.558459 9.9991E-05 0.234597 0.0134669
0.0122119 0.0938487 9.9973E-05 9.9973E-05 0.0179853 0.169733 9.9973E-05 0.542319 0.163602
9.9982E-05 0.0201346 0.0607734 9.9982E-05 0.0782698 0.660167 0.0357065 0.134543 0.0102057
0.0101637 9.9973E-05 9.9973E-05 9.9973E-05 0.03407 0.552719 0.0129186 0.331114 0.0587148
9.9964E-05 0.0213476 9.9964E-05 9.9964E-05 0.0269078 0.194775 9.9964E-05 0.669805 0.0867645
0.00867245 0.0350289 9.9982E-05 9.9982E-05 0.0199253 0.288161 0.0379042 0.538914 0.0711947
0.00954153 0.00519952 9.9964E-05 9.9964E-05 9.9964E-05 0.193057 9.9964E-05 0.580439 0.211363
9.9946E-05 0.00940976 9.9946E-05 9.9946E-05 0.887186 0.102804 9.9946E-05 9.9946E-05 9.9946E-05
9.9946E-05 0.00134793 9.9946E-05 9.9946E-05 0.87684 0.121212 9.9946E-05 9.9946E-05 9.9946E-05
9.9964E-05 0.0831628 9.9964E-05 9.9964E-05 0.79993 0.0867365 9.9964E-05 0.0167453 0.0130254
9.9955E-05 0.0456108 9.9955E-05 9.9955E-05 0.72292 0.19469 0.036279 9.9955E-05 9.9955E-05
0.221097 9.9973E-05 9.9973E-05 0.0170146 0.0808266 0.480069 9.9973E-05 0.0213424 0.179351
0.20981 0.0271675 9.9973E-05 0.010583 0.0891663 0.556291 9.9973E-05 0.106682 9.9973E-05
0.372718 0.00135737 0.00126606 0.0203072 0.0187866 0.566189 0.00197008 0.0173059 9.9991E-05
0.0306918 9.9982E-05 0.0259609 0.0192029 0.0463492 0.185067 0.0113339 0.681195 9.9982E-05
0.593053 9.9964E-05 0.0495729 9.9964E-05 9.9964E-05 0.286138 0.063975 9.9964E-05 0.00686064
0.209769 0.00778049 9.9964E-05 9.9964E-05 0.0783877 0.555734 9.9964E-05 0.147929 9.9964E-05
0.182429 9.9964E-05 9.9964E-05 0.00851573 0.0440759 0.662369 9.9964E-05 9.9964E-05 0.10221
0.0288222 9.9973E-05 9.9973E-05 0.0158126 0.0947489 0.447016 9.9973E-05 0.00585933 0.407442
0.0487434 0.00137121 9.9973E-05 9.9973E-05 0.0805761 0.581701 9.9973E-05 0.100666 0.186643
0.622273 9.9964E-05 9.9964E-05 0.0249419 0.0235525 0.155667 9.9964E-05 0.173165 9.9964E-05
9.9982E-05 0.0144326 0.0135177 0.0028895 0.0288959 0.594957 0.044212 9.9982E-05 0.300896
0.154198 0.014623 0.0268442 0.0750543 0.0753928 0.576389 0.0536642 0.0237339 9.9991E-05
0.139953 0.00693711 9.9991E-05 0.0249969 0.152022 0.579356 0.0282497 0.000519404 0.0678654
0.602533 9.9955E-05 0.0631488 9.9955E-05 9.9955E-05 0.324797 0.00902125 9.9955E-05 9.9955E-05
0.216006 9.9964E-05 9.9964E-05 0.033373 0.0774795 0.632118 0.0406231 9.9964E-05 9.9964E-05
0.164947 0.0425699 0.0243902 0.0324717 0.12195 0.553147 9.9991E-05 0.00566895 0.0547553
0.714906 9.9955E-05 0.0710113 9.9955E-05 9.9955E-05 9.9955E-05 0.114917 9.9955E-05 0.0986664
0.0842186 9.9973E-05 0.0164553 0.0686315 9.9973E-05 0.15389 9.9973E-05 0.590415 0.0860904
0.105531 0.0179158 0.18121 9.9982E-05 9.9982E-05 0.162889 0.113781 0.297324 0.121148
0.0444352 0.020585 0.0872878 0.0108237 0.0569128 0.562816 0.0496991 0.155673 0.0117669
0.0146006 0.0459473 0.0925661 0.00376971 0.0480035 0.567099 0.054342 0.106573 0.0670988
9.9982E-05 9.9982E-05 0.0653014 0.000279944 0.0751483 0.671641 0.0653506 0.0772428 0.0448358
0.0943 9.9982E-05 0.0155531 0.0400807 0.113783 0.18188 9.9982E-05 0.490052 0.0641516
0.0240166 9.9982E-05 0.0369594 0.0417396 0.006565 0.543658 0.0491269 0.297735 9.9982E-05
0.107219 0.0633328 0.0116869 9.9982E-05 0.0856758 0.514712 9.9982E-05 0.15709 0.0600829
0.05911 0.00768218 0.0688289 0.017177 0.112468 0.366475 0.016472 0.276292 0.0754957
0.0809154 0.0306678 9.9982E-05 0.0210719 0.162871 0.102083 9.9982E-05 0.476764 0.125428
0.0813099 9.9991E-05 0.0437016 0.00813015 0.0602251 0.534513 0.0537937 0.171342 0.0468848
0.0718214 0.0264564 0.0901552 0.000752447 0.0875911 0.459486 9.9991E-05 0.23627 0.0273672
0.0920017 9.9982E-05 0.0148486 0.0200781 0.0724617 0.0748288 9.9982E-05 0.596714 0.128867
0.0951022 9.9982E-05 0.0428944 0.0222316 0.00148764 0.427353 0.0102747 0.400456 9.9982E-05
0.033286 0.0261989 0.0996625 0.0120167 0.0083172 0.588973 0.0676106 0.110351 0.0535845
0.00473054 9.9982E-05 0.00882651 9.9982E-05 0.0674546 0.621142 0.0401685 0.177681 0.0797966
0.0942393 0.00132133 9.9982E-05 9.9982E-05 0.110413 0.294683 0.00833611 0.409494 0.0813137
0.068047 0.0375592 0.0972961 0.0501358 0.019909 0.476735 0.0445694 0.155678 0.0500705
0.0513752 0.0319566 0.0959314 0.0361733 0.0524531 0.526139 0.0315363 0.160814 0.0136209
0.0885361 9.9991E-05 0.025009 0.00258662 0.0100281 0.216267 0.0648494 0.543697 0.0489271
0.447289 9.9964E-05 9.9964E-05 0.0298121 0.0203302 0.490766 9.9964E-05 0.011403 9.9964E-05
0.697425 9.9955E-05 9.9955E-05 9.9955E-05 0.0246498 0.202563 9.9955E-05 0.0748626 9.9955E-05
0.277401 0.0965924 9.9982E-05 0.00757831 0.0626608 0.4726 0.0188442 0.0641226 9.9982E-05
0.886776 0.019366 0.0690598 9.9964E-05 9.9964E-05 9.9964E-05 0.0146777 9.9964E-05 0.0097201
0.857458 9.9955E-05 0.078755 9.9955E-05 9.9955E-05 9.9955E-05 0.0144184 9.9955E-05 0.0488691
0.694852 9.9955E-05 0.0469131 9.9955E-05 9.9955E-05 0.245472 9.9955E-05 9.9955E-05 0.0122628
0.411937 9.9964E-05 9.9964E-05 0.0510078 0.0460156 0.447597 9.9964E-05 0.0430437 9.9964E-05
0.1223 9.9982E-05 0.0439915 0.0201412 0.1007 0.537132 0.0794779 0.0960578 9.9982E-05
0.441547 9.9955E-05 9.9955E-05 9.9955E-05 9.9955E-05 0.506244 0.0185259 9.9955E-05 0.0331826
0.557034 9.9964E-05 9.9964E-05 0.0361911 0.0380426 0.164919 9.9964E-05 0.203414 9.9964E-05
0.520364 9.9964E-05 9.9964E-05 0.0501047 0.009186 0.279601 9.9964E-05 0.140344 9.9964E-05
0.246596 0.0382294 0.0185519 0.0634895 0.0651473 0.532877 0.000257298 0.0347511 9.9991E-05
0.546515 0.0155372 9.9973E-05 0.0462097 0.0390613 0.321686 9.9973E-05 0.0306907 9.9973E-05
0.414352 9.9964E-05 9.9964E-05 0.0192012 0.0199064 0.437146 9.9964E-05 0.108995 9.9964E-05
0.451085 9.9964E-05 0.053061 9.9964E-05 9.9964E-05 0.442548 0.0452555 9.9964E-05 0.00765076
0.710208 9.9946E-05 0.149118 9.9946E-05 9.9946E-05 9.9946E-05 0.140074 9.9946E-05 9.9946E-05
0.202894 0.0329466 0.0376205 0.0322298 0.0432713 0.594584 9.9991E-05 0.0406242 0.0157296
9.9964E-05 9.9964E-05 9.9964E-05 0.0273334 0.830382 0.0851389 0.0193301 0.0374153 9.9964E-05
9.9946E-05 9.9946E-05 9.9946E-05 9.9946E-05 0.909639 0.0576114 0.0321502 9.9946E-05 9.9946E-05
9.9955E-05 0.0544148 9.9955E-05 9.9955E-05 0.830211 0.0864577 0.0284168 9.9955E-05 9.9955E-05
9.9955E-05 0.0362304 9.9955E-05 9.9955E-05 0.881517 0.0324168 0.0493361 9.9955E-05 9.9955E-05
0.00248421 0.0488435 9.9946E-05 9.9946E-05 0.948073 9.9946E-05 9.9946E-05 9.9946E-05 9.9946E-05
9.9964E-05 0.0464924 0.0172529 9.9964E-05 0.859633 0.0657698 0.010452 9.9964E-05 9.9964E-05
9.9937E-05 9.9937E-05 9.9937E-05 9.9937E-05 0.907945 0.0913556 9.9937E-05 9.9937E-05 9.9937E-05
0.215447 0.0477489 0.0174895 0.0091128 0.0729016 0.56774 0.0144363 0.0550231 9.9991E-05
0.118259 0.0359279 0.0409053 0.0137669 0.0928618 0.598626 0.0327 0.0413809 0.0255727
0.664709 9.9973E-05 0.0110848 0.0665979 0.0490769 0.0513591 9.9973E-05 0.156873 9.9973E-05
0.207268 9.9973E-05 0.0464161 0.0212879 0.0949002 0.614865 9.9973E-05 0.014963 9.9973E-05
0.445425 9.9964E-05 9.9964E-05 0.0172533 0.0528388 0.40164 9.9964E-05 0.0824431 9.9964E-05
0.340367 0.022933 9.9973E-05 0.0401702 0.0557947 0.516093 9.9973E-05 0.0243423 9.9973E-05
0.275802 0.00429792 0.02896 9.9973E-05 0.0543226 0.558835 9.9973E-05 9.9973E-05 0.0774819
0.367355 0.0322266 0.0274359 0.0327625 0.0119847 0.522535 9.9982E-05 0.00550004 9.9982E-05
0.659323 9.9955E-05 9.9955E-05 0.0386155 0.0373062 9.9955E-05 9.9955E-05 0.264256 9.9955E-05
0.179577 0.0224802 0.0581352 0.0989289 0.0900231 0.474486 0.0230286 0.0463412 0.00699985
0.0906763 9.9991E-05 0.0438096 0.0207657 0.0746521 0.660567 0.0552982 0.0405876 0.0135435
0.06091 0.0379067 0.0440199 0.0502829 0.132842 0.5437 0.0124912 0.0408833 0.0769637
0.504365 0.0019999 0.101303 9.9973E-05 9.9973E-05 0.258668 0.0426882 9.9973E-05 0.0906761
0.395288 9.9964E-05 0.0845466 0.0068452 0.0143899 0.49853 9.9964E-05 9.9964E-05 9.9964E-05
0.387412 9.9964E-05 9.9964E-05 0.0254749 0.00832903 0.466881 9.9964E-05 0.111503 9.9964E-05
0.530865 0.0193619 0.0571742 9.9964E-05 9.9964E-05 0.374716 9.9964E-05 9.9964E-05 0.0174839
0.394524 9.9964E-05 9.9964E-05 0.0213843 0.0410417 0.440656 9.9964E-05 0.101994 9.9964E-05
0.199155 0.0125872 9.9991E-05 0.0209803 0.0956428 0.542315 0.00296214 0.111887 0.0143695
9.9964E-05 9.9964E-05 0.16667 0.0294191 9.9964E-05 0.29737 0.139038 0.367103 9.9964E-05
0.00924775 9.9982E-05 9.9982E-05 0.027689 0.0594967 0.405096 0.0467318 0.358731 0.0928074
9.9982E-05 0.00935056 0.0313754 9.9982E-05 0.110051 0.600683 0.0401477 0.189086 0.0191071
0.059107 0.0501986 0.00597269 0.0389482 0.0848706 0.557154 0.0429906 0.118751 0.0420078
0.0562457 9.9982E-05 0.0183113 0.0197596 0.0236164 0.46689 9.9982E-05 0.382038 0.0329399
9.9991E-05 0.00346979 0.0219382 0.0382891 0.045505 0.599719 0.00371363 0.236197 0.0510687
9.9982E-05 9.9982E-05 0.0320893 0.0485468 0.0430221 0.452602 0.000611193 0.408673 0.0142559
0.0231847 9.9991E-05 0.0668446 0.0624734 0.0621505 0.520808 0.107209 0.128822 0.0284085
0.0319783 0.0195256 0.052826 0.0239379 0.0821287 0.559937 0.051684 0.177883 9.9991E-05
0.0289446 9.9991E-05 0.0122145 0.0567184 0.065722 0.539855 0.020874 0.205496 0.0700754
0.0166587 9.9982E-05 0.0180324 0.0450904 9.9982E-05 0.556329 0.0236706 0.312073 0.0279461
0.0150873 0.0802658 0.0849705 0.0157398 0.0485706 0.584589 9.9991E-05 0.137595 0.0330825
0.0201785 0.0909305 0.0321168 0.0142312 0.0653212 0.549766 0.00921505 0.197869 0.020371
0.0172959 0.0591547 0.0982723 0.045577 9.9982E-05 0.564568 0.0307993 0.184133 9.9982E-05
0.00669611 0.0279159 0.0750653 0.0620481 0.0397072 0.56543 0.105222 0.115969 0.00194676
9.9991E-05 0.0201124 0.143765 0.0738426 0.0105306 0.579287 0.0114527 0.142885 0.0180248
0.0404059 0.0147834 0.0580254 0.039421 0.0404454 0.337518 0.153203 0.254009 0.062189
0.00694425 9.9973E-05 0.0730165 9.9973E-05 0.082886 0.635755 0.034603 0.166495 9.9973E-05
9.9991E-05 0.00776179 0.111151 0.0385538 0.00325654 0.652395 0.0450207 0.138814 0.00294751
0.04135 9.99896E-05 0.0285954 0.0283891 0.019008 0.215142 9.99896E-05 0.610166 0.0571495
0.0731651 9.9982E-05 0.23789 0.0534371 9.9982E-05 0.185282 0.152852 0.289112 0.00806127
0.0518654 9.9982E-05 0.0744783 0.0277602 0.0882929 0.481992 9.9982E-05 0.242729 0.0326827
0.102602 9.9973E-05 0.268402 9.9973E-05 9.9973E-05 0.0401989 0.112514 0.388748 0.0872349
0.00175928 9.9973E-05 0.0134856 0.020636 9.9973E-05 0.343409 9.9973E-05 0.55999 0.0604197
0.014193 9.9955E-05 0.0445357 9.9955E-05 9.9955E-05 0.416253 9.9955E-05 0.524519 9.9955E-05
0.0763706 9.9982E-05 0.00143398 0.0435264 0.0237202 0.376495 0.00573498 0.472519 9.9982E-05
0.024379 9.9964E-05 0.02309 9.9964E-05 9.9964E-05 0.332137 9.9964E-05 0.530142 0.0898516
0.0206413 9.9973E-05 0.0241348 9.9973E-05 0.0618805 0.611627 9.9973E-05 0.236294 0.0451227
0.0285584 0.0438827 0.0167038 0.0478814 0.0661089 0.564877 0.0578364 0.156537 0.017615
0.0548226 0.0276257 0.0654389 0.0605375 0.0180323 0.569835 0.0380281 0.16558 9.9991E-05
0.0446107 9.9973E-05 0.172866 9.9973E-05 9.9973E-05 0.164747 0.0757335 0.466385 0.0753577
0.0446559 0.031765 0.0489057 0.0304203 0.14521 0.511442 0.0393571 0.0868704 0.0613738
0.0293296 9.9991E-05 0.0727273 0.0561298 0.0154092 0.492405 0.164147 0.0194461 0.150307
0.117457 9.9982E-05 0.165234 0.0485431 0.0105826 9.9982E-05 0.25292 0.0566278 0.348435
0.032518 0.0199629 0.0134794 9.9991E-05 0.0159809 0.651105 0.0684646 0.0648117 0.133578
0.0875569 0.0218971 0.106277 0.0192657 0.052937 0.266644 0.105504 0.0792195 0.260699
0.00183899 0.0313034 0.0887842 0.0441976 0.0946488 0.508718 0.0658941 9.9991E-05 0.164515
0.0629207 9.9982E-05 0.0448231 0.123951 9.9982E-05 0.172974 0.117495 0.0679444 0.409693
0.109804 9.9991E-05 0.135534 0.0691595 0.00167631 0.0139025 0.16026 0.0846715 0.424893
0.0621429 0.0201145 0.103505 0.0673492 0.00716119 0.361603 0.0445378 0.0693927 0.264194
0.0176877 0.0657757 0.0695464 0.0588641 0.0246621 0.444126 0.0453999 0.0943888 0.179549
0.0974084 0.0213174 0.0868366 0.0190321 0.127752 0.419825 0.0736148 0.0339791 0.120235
0.19791 0.0376489 0.189328 9.9982E-05 9.9982E-05 0.0670001 0.210465 0.153022 0.144426
0.0669415 0.117342 0.0391169 0.00258635 0.0792104 0.446814 9.9991E-05 0.0938427 0.154046
0.0842754 9.9973E-05 0.147509 9.9973E-05 9.9973E-05 0.225526 0.0543508 0.104139 0.383901
0.116591 9.9982E-05 0.1363 0.0228259 9.9982E-05 0.393811 0.070016 0.0491336 0.211122
0.0414845 0.078923 0.0330759 0.0608659 0.0646027 0.511972 9.9991E-05 0.0289649 0.180011
9.9973E-05 0.216111 9.9973E-05 0.0278856 0.306106 0.122663 0.177192 9.9973E-05 0.149742
9.9973E-05 0.09431 0.00126399 0.0171628 0.299589 9.9973E-05 0.497579 9.9973E-05 0.0897955
9.9955E-05 0.0846477 9.9955E-05 9.9955E-05 0.309884 9.9955E-05 0.46762 9.9955E-05 0.137348
9.9982E-05 0.197952 9.9982E-05 0.0228342 0.258733 0.12008 0.268684 0.0197213 0.111795
0.0477543 9.9973E-05 0.0502183 0.0117733 9.9973E-05 0.546047 9.9973E-05 0.0300976 0.313809
0.118734 0.004978 0.0565377 0.0224262 0.109283 0.593308 9.9982E-05 9.9982E-05 0.0945334
0.041724 0.662744 9.9955E-05 9.9955E-05 9.9955E-05 0.293993 9.9955E-05 0.00103931 9.9955E-05
0.0526211 0.413851 0.0225209 9.9982E-05 0.0506227 0.404216 0.00770218 0.0482664 9.9982E-05
0.0449551 0.361795 0.0364787 0.0363753 0.0441739 0.425529 0.0270921 0.023501 9.9991E-05
0.0581023 0.0131559 0.216377 9.9982E-05 9.9982E-05 0.160264 0.0470327 0.0510767 0.453792
0.0851919 0.0133903 0.0588499 9.9991E-05 0.103737 0.479843 0.033981 0.0957575 0.129149
0.0298963 9.9973E-05 0.138883 9.9973E-05 9.9973E-05 0.149644 0.0196163 0.094763 0.566897
0.049274 9.9982E-05 0.0681048 9.9982E-05 0.0223633 0.532799 0.0641997 0.0154851 0.247574
9.9973E-05 9.9973E-05 0.0938271 0.0161445 9.9973E-05 0.443478 0.0550477 0.103142 0.28806
0.022249 9.9964E-05 0.0474656 0.031154 9.9964E-05 0.515062 9.9964E-05 9.9964E-05 0.383669
0.0582011 9.9982E-05 0.145925 0.0358633 9.9982E-05 0.116621 0.0600587 0.00501036 0.578121
0.0377811 0.00415924 0.0344718 0.0306935 0.0556236 0.619392 0.0108236 0.00591661 0.201139
0.0575132 9.9991E-05 0.0579175 0.0360022 0.0236376 0.573681 0.0851556 0.0116181 0.154375
9.9937E-05 0.973044 9.9937E-05 9.9937E-05 9.9937E-05 0.0262568 9.9937E-05 9.9937E-05 9.9937E-05
9.9955E-05 0.895572 0.00824331 9.9955E-05 9.9955E-05 0.0747866 9.9955E-05 0.0208984 9.9955E-05
9.9964E-05 0.539059 0.0472638 9.9964E-05 0.0473845 0.300224 9.9964E-05 0.0656685 9.9964E-05
9.9946E-05 0.599554 9.9946E-05 0.0325846 9.9946E-05 0.367262 9.9946E-05 9.9946E-05 9.9946E-05
0.00771167 0.824663 9.9964E-05 0.00770993 9.9964E-05 0.130445 9.9964E-05 0.0290701 9.9964E-05
9.993E-05 0.999201 9.993E-05 9.993E-05 9.993E-05 9.993E-05 9.993E-05 9.993E-05 9.993E-05
9.9955E-05 0.959688 0.000269831 0.00456871 9.9955E-05 9.9955E-05 9.9955E-05 0.0349732 9.9955E-05
9.9946E-05 0.816729 9.9946E-05 9.9946E-05 9.9946E-05 0.171474 9.9946E-05 0.0111977 9.9946E-05
9.9937E-05 0.953737 9.9937E-05 9.9937E-05 9.9937E-05 9.9937E-05 9.9937E-05 0.0455639 9.9937E-05
9.993E-05 0.999201 9.993E-05 9.993E-05 9.993E-05 9.993E-05 9.993E-05 9.993E-05 9.993E-05
9.993E-05 0.999201 9.993E-05 9.993E-05 9.993E-05 9.993E-05 9.993E-05 9.993E-05 9.993E-05
9.9955E-05 0.779354 9.9955E-05 9.9955E-05 9.9955E-05 0.178931 9.9955E-05 0.0105736 0.0306416
0.000571977 0.76215 9.9982E-05 0.0224423 0.0377491 0.108035 0.0169865 0.0518652 9.9982E-05
9.993E-05 0.999201 9.993E-05 9.993E-05 9.993E-05 9.993E-05 9.993E-05 9.993E-05 9.993E-05
0.0387196 0.41881 0.02438 9.9973E-05 0.0913457 0.350558 9.9973E-05 0.0758871 9.9973E-05
0.00901444 0.580313 0.00838533 0.00930702 0.0523908 0.303998 9.9982E-05 0.0363917 9.9982E-05
9.9964E-05 0.781401 9.9964E-05 9.9964E-05 0.0234704 0.169388 9.9964E-05 0.0241743 0.00116657
0.00102862 0.916402 9.9955E-05 0.00402916 9.9955E-05 0.0780402 9.9955E-05 9.9955E-05 9.9955E-05
9.993E-05 0.999201 9.993E-05 9.993E-05 9.993E-05 9.993E-05 9.993E-05 9.993E-05 9.993E-05
0.00840639 0.947592 9.9964E-05 9.9964E-05 9.9964E-05 0.033579 0.0038864 0.00613595 9.9964E-05
9.993E-05 0.999201 9.993E-05 9.993E-05 9.993E-05 9.993E-05 9.993E-05 9.993E-05 9.993E-05
0.0227026 0.625494 0.00209964 9.9982E-05 0.0561132 0.250853 9.9982E-05 0.0314521 0.0110855
0.0202309 0.959357 9.9964E-05 9.9964E-05 0.00172617 9.9964E-05 0.0129653 0.00532117 9.9964E-05
9.99578E-05 9.99578E-05 0.0984148 9.99578E-05 0.211674 9.99578E-05 0.198862 9.99578E-05 0.49055
9.9973E-05 0.0974498 9.9973E-05 0.0453602 0.16216 0.309666 0.0485322 9.9973E-05 0.336532
9.9982E-05 0.0449056 0.0234117 0.0373972 0.127752 0.408367 0.0468764 9.9982E-05 0.31109
9.9982E-05 0.116159 0.050224 0.00538816 0.12481 0.10186 0.144143 9.9982E-05 0.457215
0.0516408 0.0743277 9.9982E-05 9.9982E-05 0.121205 0.447196 0.0254025 0.0807696 0.199259
9.9982E-05 0.109308 0.0493021 9.9982E-05 0.152328 0.0323835 0.157019 0.00350727 0.495951
0.0307007 0.0575674 0.021016 0.0292876 0.126646 0.410213 0.0859291 0.0536339 0.185006
9.9973E-05 0.0601111 9.9973E-05 0.00544396 0.10854 0.287233 0.164159 9.9973E-05 0.374214
9.9982E-05 0.0964536 9.9982E-05 0.0253999 0.102688 0.455596 0.0979395 0.00230025 0.219423
0.0100225 0.124242 0.00324704 0.00620477 0.113692 0.322709 0.0869898 9.9991E-05 0.332793
0.0912326 0.117266 0.0443659 0.0183711 0.141449 0.406549 0.0808349 9.9991E-05 0.0998318
9.9964E-05 9.9964E-05 9.9964E-05 0.0269026 0.890559 0.0415915 0.00605195 9.9964E-05 0.0344947
9.9955E-05 0.0691571 0.0315916 9.9955E-05 0.865398 9.9955E-05 0.0333536 9.9955E-05 9.9955E-05
9.9955E-05 9.9955E-05 9.9955E-05 0.015419 0.905399 0.0163604 0.0623221 9.9955E-05 9.9955E-05
9.9937E-05 9.9937E-05 9.9937E-05 9.9937E-05 0.931032 9.9937E-05 0.0682685 9.9937E-05 9.9937E-05
9.9964E-05 9.9964E-05 9.9964E-05 0.0148249 0.893974 0.0556217 0.0308875 0.0042923 9.9964E-05
9.9955E-05 0.0115591 0.0147206 9.9955E-05 0.973121 9.9955E-05 9.9955E-05 9.9955E-05 9.9955E-05
9.9955E-05 0.0106308 9.9955E-05 9.9955E-05 0.893505 0.0785417 9.9955E-05 0.0168227 9.9955E-05
9.9964E-05 9.9964E-05 0.0130512 0.0278612 0.905529 9.9964E-05 0.0424101 0.0107489 9.9964E-05
0.04929 0.0251027 9.9973E-05 0.00738293 0.875628 0.0194988 0.0227972 9.9973E-05 9.9973E-05
9.9955E-05 9.9955E-05 9.9955E-05 0.0217601 0.856085 0.0272188 0.0944366 9.9955E-05 9.9955E-05
0.0741177 9.9964E-05 9.9964E-05 0.175464 0.579257 9.9964E-05 9.9964E-05 0.101028 0.0697342
0.0260689 9.9964E-05 0.0157668 0.207374 0.602157 9.9964E-05 9.9964E-05 0.148234 9.9964E-05
0.0739409 9.9973E-05 9.9973E-05 0.139184 0.526692 9.9973E-05 0.00352059 0.18519 0.0711733
0.025562 9.9964E-05 9.9964E-05 0.16934 0.436552 9.9964E-05 9.9964E-05 0.241867 0.126279
0.279845 9.9973E-05 9.9973E-05 9.9973E-05 0.0755103 0.451019 0.0258911 0.159819 0.00761595
0.314678 0.0228385 0.0278461 0.0425905 0.0656161 0.459953 9.9982E-05 0.066278 9.9982E-05
0.164114 0.0127705 9.9973E-05 0.0066198 0.0311234 0.520306 9.9973E-05 0.264766 9.9973E-05
0.300022 9.9964E-05 9.9964E-05 0.01628 9.9964E-05 0.3709 0.0306744 0.281723 9.9964E-05
0.0532039 9.9973E-05 0.0429598 0.0678023 9.9973E-05 0.176976 9.9973E-05 0.59288 0.0658788
0.151524 9.9973E-05 0.045117 0.0229754 0.0522944 0.630375 9.9973E-05 0.0974142 9.9973E-05
0.317441 9.9955E-05 9.9955E-05 0.0307439 9.9955E-05 0.571684 9.9955E-05 0.0796316 9.9955E-05
0.241347 0.0137322 0.0603236 0.0366106 9.9991E-05 0.538108 0.0297513 0.0266573 0.0533698
0.535675 9.9946E-05 0.0803522 9.9946E-05 9.9946E-05 0.383373 9.9946E-05 9.9946E-05 9.9946E-05
0.133781 0.0115215 0.0579875 0.00589227 0.00487049 0.645406 0.0758705 0.0645708 9.9991E-05
0.488787 9.9964E-05 9.9964E-05 0.00647923 0.0266928 0.413779 9.9964E-05 0.0638621 9.9964E-05
0.833995 9.9946E-05 0.142581 9.9946E-05 9.9946E-05 9.9946E-05 9.9946E-05 0.0228245 9.9946E-05
0.0626592 9.9982E-05 0.052371 0.00831841 0.0524291 0.575715 0.0729164 0.175391 9.9982E-05
0.66387 9.9964E-05 0.0999478 9.9964E-05 9.9964E-05 0.160282 0.0687535 9.9964E-05 0.00674677
0.350419 9.9973E-05 0.0337912 0.0120941 0.0440925 0.536064 9.9973E-05 0.0232396 9.9973E-05
0.629002 9.9946E-05 9.9946E-05 9.9946E-05 9.9946E-05 0.153459 9.9946E-05 0.216939 9.9946E-05
0.0184229 9.9955E-05 9.9955E-05 0.936199 0.0355956 9.9955E-05 9.9955E-05 0.00928263 9.9955E-05
9.993E-05 9.993E-05 9.993E-05 0.999201 9.993E-05 9.993E-05 9.993E-05 9.993E-05 9.993E-05
9.993E-05 9.993E-05 9.993E-05 0.999201 9.993E-05 9.993E-05 9.993E-05 9.993E-05 9.993E-05
0.0302404 9.9964E-05 0.00404502 0.904605 0.000676555 9.9964E-05 9.9964E-05 0.0600333 9.9964E-05
9.9937E-05 9.9937E-05 9.9937E-05 0.93822 9.9937E-05 0.0610803 9.9937E-05 9.9937E-05 9.9937E-05
9.9946E-05 0.018368 9.9946E-05 0.941064 9.9946E-05 0.0399687 9.9946E-05 9.9946E-05 9.9946E-05
0.0298477 0.0689884 9.9973E-05 0.0213643 0.859767 0.010575 9.9973E-05 0.00915729 9.9973E-05
0.0228471 0.0263988 9.9982E-05 0.0232071 0.770043 0.0833955 0.0587804 0.0151282 9.9982E-05
0.00197889 0.0337579 0.0179137 9.9982E-05 0.761833 0.144215 0.015026 0.0250758 9.9982E-05
0.0585695 0.0941813 9.9973E-05 9.9973E-05 0.824252 0.00313491 0.00410917 0.0154532 9.9973E-05
9.9964E-05 0.0612303 9.9964E-05 9.9964E-05 0.761894 0.110037 9.9964E-05 0.0211183 0.0453205
0.00451008 9.9964E-05 9.9964E-05 0.347037 0.357959 9.9964E-05 9.9964E-05 0.243799 0.0462947
9.9964E-05 9.9964E-05 0.0439322 0.361772 0.39838 9.9964E-05 9.9964E-05 0.184903 0.0106139
9.9964E-05 9.9964E-05 0.0342762 0.357443 0.405885 0.00406438 9.9964E-05 0.197932 9.9964E-05
0.0032064 9.9955E-05 9.9955E-05 9.9955E-05 0.85495 0.113517 9.9955E-05 0.0278276 9.9955E-05
0.024348 9.9973E-05 0.0419467 0.343736 0.359639 9.9973E-05 9.9973E-05 0.219317 0.0107134
9.9973E-05 0.218279 0.0012372 9.9973E-05 0.202101 0.331577 0.213165 9.9973E-05 0.0333405
9.9973E-05 0.140204 9.9973E-05 9.9973E-05 0.104185 0.547202 0.111345 0.0660623 0.0307019
9.9946E-05 0.177161 9.9946E-05 9.9946E-05 0.236925 0.585314 9.9946E-05 9.9946E-05 9.9946E-05
9.9982E-05 0.237668 0.0410698 0.0203899 0.251979 0.310743 0.0692316 9.9982E-05 0.0687193
0.0225713 0.0849556 9.9991E-05 0.0212697 0.158613 0.547022 0.0596025 0.0704524 0.035413
9.9973E-05 0.259078 0.0406942 0.0225592 0.323529 9.9973E-05 0.315094 9.9973E-05 0.0387454
9.9964E-05 9.9964E-05 0.0071737 0.0714504 9.9964E-05 0.434789 9.9964E-05 0.394638 0.0915491
0.034934 9.9982E-05 0.159147 0.0344922 9.9982E-05 0.404841 0.056858 0.232237 0.0772906
0.067643 9.9982E-05 0.00789547 0.0294827 0.0171942 0.270574 9.9982E-05 0.554405 0.0526055
0.0279778 9.9982E-05 0.175624 0.0518815 9.9982E-05 0.497226 0.0208865 0.169434 0.0567701
0.109295 9.9973E-05 0.372614 0.0353926 9.9973E-05 9.9973E-05 0.0648288 0.308864 0.108706
0.0165359 9.9991E-05 0.0155163 0.044471 0.0207703 0.599481 0.122033 0.14273 0.0383627
0.00697933 9.9991E-05 0.141713 0.0358337 0.0146902 0.522875 0.0523138 0.166982 0.0585138
0.0365518 9.9982E-05 0.0260158 0.0157554 0.0326458 0.320324 9.9982E-05 0.480051 0.0884562
0.0148495 0.0441734 0.0812046 0.0258815 0.0675473 0.532639 0.0158686 0.217736 9.9991E-05
0.153413 9.9973E-05 0.136963 9.9973E-05 9.9973E-05 0.100906 0.0625765 0.361249 0.184593
0.0128343 9.9982E-05 0.10552 0.0180101 9.9982E-05 0.547423 0.061394 0.175298 0.0793201
0.0243634 0.0069387 0.013522 0.0564091 9.9991E-05 0.489034 0.00917449 0.351216 0.0492423
0.0438517 0.103482 0.105442 9.9991E-05 0.0606842 0.452838 0.118534 0.0985846 0.0164835
0.108863 9.9973E-05 0.163335 0.0254657 9.9973E-05 0.326526 0.100645 0.274866 9.9973E-05
0.0791313 9.9982E-05 0.120198 0.00815601 9.9982E-05 0.421342 0.0786882 0.234374 0.0579102
0.0227084 9.9982E-05 0.0991808 0.048916 9.9982E-05 0.585462 0.0133449 0.173943 0.0562454
0.0909902 9.9973E-05 0.08739 9.9973E-05 9.9973E-05 0.561991 0.0156115 0.189321 0.0543965
0.0354317 0.0452393 0.0711672 0.0520319 9.9991E-05 0.612918 0.0351512 0.130731 0.0172303
0.038041 0.0608775 0.0560427 9.9991E-05 0.0564607 0.5024 0.0201379 0.138697 0.127243
0.0448081 9.9982E-05 0.0513167 0.002054 0.0918415 0.548124 0.0670472 0.194608 9.9982E-05
9.9946E-05 0.0236131 9.9946E-05 9.9946E-05 0.849524 0.126264 9.9946E-05 9.9946E-05 9.9946E-05
9.9937E-05 9.9937E-05 9.9937E-05 9.9937E-05 0.882941 0.11636 9.9937E-05 9.9937E-05 9.9937E-05
9.9955E-05 9.9955E-05 9.9955E-05 0.0455681 0.863776 0.0566492 9.9955E-05 9.9955E-05 0.0335071
9.9964E-05 0.0537981 0.00220132 0.0176964 0.910918 0.0149861 9.9964E-05 9.9964E-05 9.9964E-05
9.9946E-05 9.9946E-05 9.9946E-05 0.022166 0.894436 0.0827985 9.9946E-05 9.9946E-05 9.9946E-05
0.0797174 0.0171319 9.9991E-05 0.0450817 0.0263832 0.113732 0.0660591 0.620245 0.0315493
0.0289337 0.0461275 0.115907 0.0318384 0.0343345 0.491587 0.0418214 0.20935 9.9991E-05
9.9982E-05 0.21054 0.053706 0.0526418 0.170418 0.358431 0.0491657 9.9982E-05 0.104898
9.9982E-05 0.0193247 0.00861521 0.0278046 0.0171873 0.660044 0.0149291 0.251895 9.9982E-05
0.0280226 9.9955E-05 9.9955E-05 9.9955E-05 9.9955E-05 0.50269 0.0243235 0.444464 9.9955E-05
0.0276614 9.9982E-05 0.136397 0.00366772 9.9982E-05 0.249607 0.108012 0.383972 0.0904832
0.00535067 9.9964E-05 0.011407 9.9964E-05 0.0411416 9.9964E-05 0.0837708 0.85793 9.9964E-05
0.0533372 0.00383931 9.9991E-05 0.0525817 0.0413487 0.460513 0.0060418 0.337343 0.0448948
0.00694345 0.0424795 0.0130421 0.116788 0.0509418 0.217564 0.00899079 0.511194 0.0320557
0.114113 0.0124875 0.0838557 0.0244602 0.00383344 0.459117 0.0592376 0.192018 0.0508777
9.9982E-05 9.9982E-05 0.0471222 0.0823091 0.0472676 0.151411 0.0182484 0.619749 0.033693
9.9982E-05 0.0463128 0.029799 0.0262825 0.0447086 0.553238 0.0493981 0.250061 9.9982E-05
0.0804989 0.0229652 9.9982E-05 0.0175561 0.0435393 0.132131 9.9982E-05 0.632442 0.070668
0.0913422 0.0797521 0.154496 9.9982E-05 9.9982E-05 0.239542 0.0944186 0.334286 0.00596364
0.0257962 0.00217496 0.101039 0.0624666 0.0362856 0.49164 0.0464655 0.000188532 0.233943
0.0540171 9.9973E-05 0.135743 0.0232706 9.9973E-05 0.20268 9.9973E-05 0.0589346 0.525055
0.000116545 9.9982E-05 0.0630236 0.010583 0.0241462 0.486915 0.0170024 9.9982E-05 0.398014
0.047925 9.9991E-05 0.0125895 0.0548374 0.0708217 0.545328 0.0241601 0.0195482 0.224691
0.0669374 9.9982E-05 0.0975841 0.00422164 9.9982E-05 0.16142 0.0605202 0.0487827 0.560334
0.0738043 0.0245114 0.0808979 0.0395144 0.0859166 0.516484 0.0214396 0.0487103 0.108722
0.0354116 9.9973E-05 0.0828651 0.0902591 9.9973E-05 0.467311 0.00402282 9.9973E-05 0.319831
0.123757 9.9982E-05 0.212806 0.0264325 9.9982E-05 0.0377923 0.0382547 0.010413 0.550345
0.0631783 9.9973E-05 0.115565 0.0386497 9.9973E-05 0.0793575 0.0269702 9.9973E-05 0.675979
0.00223297 9.9982E-05 0.0601808 0.0160444 9.9982E-05 0.392325 0.0503379 0.0850442 0.393634
0.163666 9.9955E-05 0.137524 0.052289 9.9955E-05 9.9955E-05 9.9955E-05 9.9955E-05 0.646021
0.051756 9.9973E-05 0.028293 0.0390635 9.9973E-05 0.366198 9.9973E-05 0.0483449 0.466044
0.039793 0.0157156 0.0106586 0.00636048 0.0152181 0.145544 0.0173306 0.749279 9.9991E-05
0.0248644 0.0619415 0.242873 9.9973E-05 9.9973E-05 0.17094 0.0580958 0.440985 9.9973E-05
0.0226944 0.0649228 0.00513381 0.0208699 0.016822 0.387694 9.9991E-05 0.47099 0.0107733
0.0264161 0.0574242 0.0105096 0.0452391 0.0136195 0.522189 0.0309412 0.293561 9.9991E-05
0.0833879 0.00840562 9.9973E-05 0.0232971 9.9973E-05 0.221332 0.000233716 0.663043 9.9973E-05
0.0181296 0.0183 0.0871995 0.0325028 0.0816773 0.508904 0.0691543 0.184033 9.9991E-05
9.9991E-05 0.0182007 0.0340204 0.0497988 0.0489888 0.585772 0.0246671 0.235486 0.00296656
0.0486559 9.9973E-05 0.0895556 0.0222506 9.9973E-05 0.539512 0.0915486 0.208177 9.9973E-05
0.0090856 0.0401849 0.0688216 0.0340361 0.0031726 0.507457 0.0196915 0.302864 0.0146866
0.00941522 0.0116501 9.9973E-05 0.113001 0.00801898 0.483007 9.9973E-05 0.374608 9.9973E-05
0.0596273 9.9973E-05 0.0222577 0.00514659 9.9973E-05 0.287477 0.032734 0.592458 9.9973E-05
0.0319121 0.0238949 0.0384366 0.0451022 9.9982E-05 0.403918 0.0122426 0.444293 9.9982E-05
0.0308819 9.9973E-05 0.0973043 0.032244 9.9973E-05 0.569228 0.0987336 0.171308 9.9973E-05
0.016066 0.0540582 0.0611427 0.0544433 0.0162085 0.605562 0.0675471 0.124873 9.9991E-05
0.0662364 0.0264782 0.0825749 0.0255896 0.0214195 0.366913 0.142467 0.268221 9.9991E-05
0.046431 0.0609469 0.0985575 0.00359333 9.9982E-05 0.460782 0.0255215 0.303968 9.9982E-05
0.0202958 0.0537637 0.00676808 0.0168179 0.00574499 0.332523 9.9991E-05 0.536826 0.0271613
0.0123046 0.0216595 9.9982E-05 0.000799412 0.0240843 0.551183 0.076651 0.313118 9.9982E-05
0.0243928 0.0483593 0.0584102 0.0745601 0.0400671 0.473493 9.9982E-05 0.280517 9.9982E-05
0.0146212 9.9991E-05 0.0734593 0.0467999 0.0984565 0.567692 0.00894653 0.132248 0.0576763
9.9973E-05 0.0872212 9.9973E-05 9.9973E-05 0.318675 0.457015 0.0601714 0.0338086 0.042808
9.9991E-05 0.11276 0.0402097 0.0103215 0.102384 0.542274 0.100836 0.0800795 0.0110353
0.0373973 0.0750371 0.0838221 9.9991E-05 0.129804 0.499001 0.0798117 0.0736743 0.0213526
9.9991E-05 0.0653978 0.0674954 0.0269855 0.109109 0.583657 0.116693 0.0089242 0.0216376
0.0299124 0.14812 0.0331643 0.00217626 0.141535 0.475951 0.145962 0.0230781 9.9991E-05
0.0403103 9.9982E-05 0.178388 0.027465 9.9982E-05 0.479537 0.00654228 0.198521 0.0690353
0.0816743 0.110064 0.0317566 0.0192337 0.149199 0.483357 0.084546 0.00473414 0.0354362
0.0445801 0.137269 0.0692521 9.9991E-05 0.0745595 0.0470326 0.32726 0.179467 0.12048
9.9991E-05 0.0520187 0.00100512 0.00809089 0.0841883 0.607679 0.0880185 0.0721936 0.0867059
9.9991E-05 0.137234 0.0142492 0.0222495 0.114751 0.546917 0.0501087 0.0929316 0.0214592
0.110967 0.138497 0.0341912 0.0279917 0.110491 0.514343 0.0238375 0.0269559 0.0127262
9.9982E-05 0.052714 0.116218 9.9982E-05 0.0813068 0.319703 0.22303 0.143272 0.0635561
0.0197688 0.0866675 9.9982E-05 9.9982E-05 0.159477 0.549744 0.0801461 0.0466071 0.0573896
9.9973E-05 0.129693 0.0948974 9.9973E-05 0.126813 0.530412 0.0951932 0.0226915 9.9973E-05
9.9955E-05 0.0888145 0.0541642 9.9955E-05 0.309292 9.9955E-05 0.54723 9.9955E-05 9.9955E-05
0.0574518 0.1772 9.9982E-05 0.0295541 0.133154 0.473992 0.0728952 0.0555525 9.9982E-05
9.9973E-05 0.156439 0.0507529 9.9973E-05 0.143492 0.547643 0.0929837 9.9973E-05 0.00838935
9.9991E-05 0.0745528 0.0615239 0.0210309 0.0485904 0.602396 0.0763583 0.0669127 0.0485348
9.9955E-05 0.118978 9.9955E-05 9.9955E-05 0.129226 0.582986 0.16831 9.9955E-05 9.9955E-05
0.0346462 0.108736 9.9982E-05 9.9982E-05 0.225114 0.489763 0.0158419 0.0503517 0.0753478
0.0458207 0.031802 0.465573 0.0125522 0.0392133 0.389252 9.9982E-05 9.9982E-05 0.0155865
0.0841134 0.0188485 0.244457 0.0145192 0.0717735 0.515729 9.9982E-05 9.9982E-05 0.0503591
0.0246574 9.9946E-05 0.896555 9.9946E-05 9.9946E-05 9.9946E-05 9.9946E-05 0.0781876 9.9946E-05
9.9955E-05 9.9955E-05 0.926845 0.011412 9.9955E-05 9.9955E-05 9.9955E-05 0.0401229 0.0211207
9.9973E-05 9.9973E-05 0.306377 9.9973E-05 0.100131 0.480197 0.0152217 0.0600504 0.0377225
0.00289409 0.264181 0.109364 9.9982E-05 0.146043 0.340034 0.0903736 9.9982E-05 0.0469108
9.9964E-05 0.217457 0.206908 9.9964E-05 0.157203 0.348213 0.0698188 9.9964E-05 9.9964E-05
9.9964E-05 0.285694 0.294099 9.9964E-05 0.156086 0.171513 0.0922087 9.9964E-05 9.9964E-05
9.9964E-05 0.185005 0.189353 9.9964E-05 0.121642 0.402118 0.101482 9.9964E-05 9.9964E-05
9.9973E-05 0.00798812 0.703071 9.9973E-05 0.0921444 0.0887116 0.0877577 9.9973E-05 0.020027
9.9964E-05 0.0209745 0.665036 9.9964E-05 0.0930351 0.122585 0.0979687 9.9964E-05 9.9964E-05
9.9955E-05 0.0412232 0.341794 9.9955E-05 9.9955E-05 0.570323 9.9955E-05 9.9955E-05 0.0461603
9.9955E-05 0.10077 0.462489 9.9955E-05 0.0751468 0.361095 9.9955E-05 9.9955E-05 9.9955E-05
9.9964E-05 0.00671951 0.673384 9.9964E-05 0.0701797 0.240613 0.00870383 9.9964E-05 9.9964E-05
9.9982E-05 0.0353338 0.302612 0.0107315 0.0667091 0.546696 9.9982E-05 0.0195184 0.0181986
9.9964E-05 0.0157534 0.293112 0.0608239 0.0406957 0.589215 9.9964E-05 9.9964E-05 9.9964E-05
0.00969566 0.0710004 0.274332 0.0249448 0.0837813 0.444142 9.9982E-05 9.9982E-05 0.0919046
9.9955E-05 9.9955E-05 0.669574 0.00648359 0.000751506 0.322691 9.9955E-05 9.9955E-05 9.9955E-05
9.9964E-05 9.9964E-05 0.515741 9.9964E-05 0.0253397 0.383275 9.9964E-05 0.072546 0.00269889
0.0619788 9.9982E-05 0.303403 0.0376625 0.0568682 0.49272 9.9982E-05 0.00262649 0.0445411
9.9982E-05 9.9982E-05 0.372374 0.0881696 0.00657792 0.436681 0.0535816 0.0220905 0.0203249
0.0186813 9.9982E-05 0.258466 9.9982E-05 0.0953382 0.531183 0.00679432 0.0559855 0.0333508
0.0598527 9.9982E-05 0.431929 0.0463272 0.000976175 0.430568 0.0243113 9.9982E-05 0.00583599
9.9946E-05 9.9946E-05 0.80782 0.0208635 9.9946E-05 0.170717 9.9946E-05 9.9946E-05 9.9946E-05
0.0223957 9.9964E-05 0.365794 9.9964E-05 0.0152045 0.583402 9.9964E-05 9.9964E-05 0.0128041
0.0103875 9.9955E-05 0.761064 9.9955E-05 9.9955E-05 0.16328 9.9955E-05 0.0647687 9.9955E-05
9.9955E-05 9.9955E-05 0.564437 0.0164844 0.0200669 0.398512 9.9955E-05 9.9955E-05 9.9955E-05
9.9964E-05 9.9964E-05 0.319734 0.0324852 0.0868783 0.53188 9.9964E-05 0.028623 9.9964E-05
0.0785173 0.0126929 0.320516 0.0245652 0.0768416 0.474599 9.9991E-05 0.0062082 0.00595931
9.9982E-05 0.133343 0.0961296 0.0538283 0.152813 0.458007 0.0243593 9.9982E-05 0.0813198
0.0495253 0.0833986 0.0505856 0.0383361 0.149401 0.446821 0.0556935 0.0580746 0.0681643
9.9973E-05 0.219368 0.102774 9.9973E-05 0.145758 0.312292 0.152258 9.9973E-05 0.0672498
9.9982E-05 0.202303 0.113553 0.0305491 0.176515 0.305637 0.0847209 9.9982E-05 0.0865219
9.9991E-05 0.141903 0.0116531 0.00821596 0.157872 0.450789 0.0232414 0.0476272 0.158598
0.0414782 0.096272 0.163686 9.9982E-05 0.146822 0.431833 0.0651859 9.9982E-05 0.0545235
9.9955E-05 0.0922873 0.680581 9.9955E-05 0.1544 9.9955E-05 0.0722319 9.9955E-05 9.9955E-05
0.0021464 0.146136 0.150551 9.9982E-05 0.0899136 0.528109 0.0397458 9.9982E-05 0.043199
9.9955E-05 0.0582505 0.422403 9.9955E-05 0.263472 9.9955E-05 0.255375 9.9955E-05 9.9955E-05
9.9955E-05 0.144795 0.314431 9.9955E-05 0.0664538 0.473821 9.9955E-05 9.9955E-05 9.9955E-05
9.9937E-05 9.9937E-05 0.924947 9.9937E-05 9.9937E-05 0.0743534 9.9937E-05 9.9937E-05 9.9937E-05
0.0544358 9.9946E-05 0.942966 0.00199841 9.9946E-05 9.9946E-05 9.9946E-05 9.9946E-05 9.9946E-05
9.9946E-05 9.9946E-05 0.536631 9.9946E-05 9.9946E-05 0.458451 9.9946E-05 0.00431793 9.9946E-05
9.9946E-05 9.9946E-05 0.400668 9.9946E-05 0.0241891 0.574543 9.9946E-05 9.9946E-05 9.9946E-05
9.9937E-05 9.9937E-05 0.64252 9.9937E-05 9.9937E-05 0.35678 9.9937E-05 9.9937E-05 9.9937E-05
0.000778011 9.9946E-05 0.445035 9.9946E-05 9.9946E-05 0.553587 9.9946E-05 9.9946E-05 9.9946E-05
9.9937E-05 9.9937E-05 0.482624 9.9937E-05 9.9937E-05 0.516676 9.9937E-05 9.9937E-05 9.9937E-05
0.00192021 0.0301714 9.9982E-05 0.00165745 0.85775 9.9982E-05 0.0010555 0.0763114 0.030934
9.9982E-05 0.0521811 9.9982E-05 0.0146384 0.742213 0.0669085 0.0363572 0.0424639 0.0450382
9.9964E-05 0.0162836 0.0246877 0.0134308 0.913055 9.9964E-05 0.0321432 9.9964E-05 9.9964E-05
9.9946E-05 9.9946E-05 9.9946E-05 9.9946E-05 0.89967 0.032237 0.0674931 9.9946E-05 9.9946E-05
0.322976 0.0162325 0.0190362 0.00569006 0.0135451 0.538017 0.0769002 0.00475961 0.002844
0.328395 0.0238062 0.00607559 0.0521132 0.0254887 0.50021 9.9982E-05 0.0637119 9.9982E-05
0.434419 9.9955E-05 9.9955E-05 9.9955E-05 0.0128989 0.487769 9.9955E-05 0.0644138 9.9955E-05
0.235725 0.0415692 9.9982E-05 0.0313722 0.0729644 0.531397 9.9982E-05 0.0228819 0.0638902
0.0394308 0.0400845 9.9982E-05 0.0308304 0.0864098 0.532419 9.9982E-05 0.0193465 0.251279
0.532983 9.9964E-05 9.9964E-05 0.0110068 0.0643576 0.280562 9.9964E-05 0.110691 9.9964E-05
0.339706 9.9946E-05 9.9946E-05 9.9946E-05 0.014186 0.645509 9.9946E-05 9.9946E-05 9.9946E-05
0.61678 0.0152222 0.0930834 9.9982E-05 0.0121632 0.227886 0.0108193 9.9982E-05 0.0238455
0.000963008 0.0987483 9.9991E-05 0.0333114 0.30121 0.424155 0.0255895 0.0354463 0.0804769
0.342112 9.9982E-05 0.108038 0.00435309 9.9982E-05 0.422435 0.0246432 0.0237753 0.0744437
0.520376 9.9964E-05 9.9964E-05 0.00243631 0.0160097 0.363529 9.9964E-05 0.0972489 9.9964E-05
0.324947 9.9973E-05 0.0913891 0.0132052 9.9973E-05 0.52343 9.9973E-05 0.00704654 0.0396817
0.437241 0.00790165 9.9973E-05 0.00811881 0.0151996 0.398171 9.9973E-05 0.133069 9.9973E-05
0.388559 9.9946E-05 0.0380004 9.9946E-05 9.9946E-05 0.572841 9.9946E-05 9.9946E-05 9.9946E-05
0.319619 9.9973E-05 9.9973E-05 0.0231654 0.0792698 0.544876 0.00667075 0.0260989 9.9973E-05
0.845316 0.00351477 0.12171 9.9955E-05 9.9955E-05 9.9955E-05 9.9955E-05 9.9955E-05 0.0289591
0.558465 0.0165367 0.045514 9.9964E-05 9.9964E-05 0.315129 9.9964E-05 9.9964E-05 0.0639556
0.542922 9.9955E-05 0.0881635 9.9955E-05 9.9955E-05 0.344348 0.0240664 9.9955E-05 9.9955E-05
0.861354 9.9946E-05 0.092724 9.9946E-05 9.9946E-05 9.9946E-05 0.0453227 9.9946E-05 9.9946E-05
0.367692 9.9964E-05 9.9964E-05 9.9964E-05 0.0581294 0.422292 9.9964E-05 0.148369 0.00311801
0.622634 9.9964E-05 0.089205 9.9964E-05 9.9964E-05 0.0622378 0.0611531 9.9964E-05 0.164371
0.85934 9.9946E-05 0.0798426 9.9946E-05 9.9946E-05 9.9946E-05 0.0602179 9.9946E-05 9.9946E-05
0.332895 0.0279799 0.0338525 0.0196606 0.0543325 0.530979 9.9973E-05 9.9973E-05 9.9973E-05
0.593498 0.0105089 9.9982E-05 0.0297842 0.0261126 0.164048 9.9982E-05 0.170194 0.00565456
0.380307 9.9964E-05 9.9964E-05 0.00907899 0.0290594 0.482854 9.9964E-05 0.0983005 9.9964E-05
0.199305 0.0292961 9.9991E-05 0.00715958 0.11079 0.579401 0.0243268 0.0227787 0.0268432
0.346599 9.9964E-05 9.9964E-05 0.0301313 0.0289093 0.508973 9.9964E-05 0.0849868 9.9964E-05
0.0100232 9.9973E-05 0.143828 9.9973E-05 9.9973E-05 0.35275 0.0685425 0.372307 0.052249
0.295296 0.0165824 9.9973E-05 0.0542976 0.0546096 0.556259 9.9973E-05 0.0226553 9.9973E-05
0.378106 9.9955E-05 9.9955E-05 9.9955E-05 0.0183089 0.486285 9.9955E-05 0.116801 9.9955E-05
0.604996 9.9955E-05 0.0575512 9.9955E-05 9.9955E-05 0.323724 9.9955E-05 9.9955E-05 0.0132298
0.256491 0.011017 9.9982E-05 0.0634429 0.114201 0.499091 9.9982E-05 0.0247525 0.0308053
9.9973E-05 9.9973E-05 0.00626546 0.124881 0.661422 9.9973E-05 0.00286503 0.158694 0.0455727
0.0353095 9.9964E-05 9.9964E-05 0.100734 0.743553 9.9964E-05 0.0395338 0.0804699 9.9964E-05
9.9955E-05 9.9955E-05 9.9955E-05 0.0433533 0.807533 9.9955E-05 0.0647588 0.0838551 9.9955E-05
9.9955E-05 9.9955E-05 9.9955E-05 0.071696 0.812629 9.9955E-05 9.9955E-05 0.0906186 0.0245561
0.00519996 9.9973E-05 9.9973E-05 0.0771199 0.733778 0.00714319 9.9973E-05 0.0612745 0.115185
0.64865 9.9964E-05 9.9964E-05 0.0145804 0.0439535 0.135932 9.9964E-05 0.156484 9.9964E-05
