9.9964E-05 9.9964E-05 0.0175633 9.9964E-05 0.00599705 0.0401076 0.0277473 0.908185 9.9964E-05
9.9964E-05 0.0213678 0.00391291 9.9964E-05 9.9964E-05 0.00937232 9.9964E-05 0.963898 0.00104917
0.0438187 9.9964E-05 0.0309067 9.9964E-05 9.9964E-05 0.0113488 0.0364535 0.877072 9.9964E-05
9.9955E-05 9.9955E-05 0.142246 9.9955E-05 9.9955E-05 9.9955E-05 0.0231801 0.808646 0.0254282
9.9955E-05 9.9955E-05 0.0848801 9.9955E-05 9.9955E-05 9.9955E-05 0.0075413 0.888352 0.0187271
0.0293743 0.00645573 0.0923505 0.119443 0.0500692 0.0203046 0.0422585 0.631803 0.00794099
9.9964E-05 9.9964E-05 0.0182099 0.144463 9.9964E-05 0.00443683 9.9964E-05 0.792364 0.0401264
9.9982E-05 9.9982E-05 0.0262935 0.139009 0.0207204 0.0120933 0.049838 0.709648 0.042197
9.99639E-05 9.99639E-05 9.99639E-05 0.0539728 0.0466003 9.99639E-05 0.00400925 0.812409 0.0826092
0.00109625 0.0318106 0.0652181 0.10119 0.0116453 9.9991E-05 0.0318867 0.741612 0.0154411
9.9955E-05 9.9955E-05 0.100782 0.119001 9.9955E-05 9.9955E-05 9.9955E-05 0.715854 0.0638625
9.9937E-05 9.9937E-05 9.9937E-05 9.9937E-05 0.9783 0.0209999 9.9937E-05 9.9937E-05 9.9937E-05
9.9955E-05 9.9955E-05 0.459529 9.9955E-05 0.473148 0.0272026 9.9955E-05 0.0396203 9.9955E-05
9.9946E-05 9.9946E-05 0.0264081 9.9946E-05 0.892995 0.0799976 9.9946E-05 9.9946E-05 9.9946E-05
9.9946E-05 9.9946E-05 0.074513 9.9946E-05 0.809053 0.115834 9.9946E-05 9.9946E-05 9.9946E-05
9.9955E-05 9.9955E-05 0.264648 9.9955E-05 0.573986 0.125044 9.9955E-05 0.0358219 9.9955E-05
9.9955E-05 9.9955E-05 0.467884 9.9955E-05 0.470102 0.0526411 9.9955E-05 0.00887334 9.9955E-05
0.0765603 0.0152004 0.330309 9.9982E-05 0.497867 0.0423614 0.00654631 0.030955 9.9982E-05
9.9964E-05 9.9964E-05 0.108155 0.0267856 0.717801 0.0624855 9.9964E-05 0.0843731 9.9964E-05
9.9946E-05 9.9946E-05 9.9946E-05 0.0348495 0.923516 9.9946E-05 9.9946E-05 9.9946E-05 0.0410348
0.0636601 9.9973E-05 0.316888 0.0731104 0.5145 0.0265803 0.00496128 9.9973E-05 9.9973E-05
9.9964E-05 0.0424974 0.32044 0.20919 0.402231 0.0252413 9.9964E-05 9.9964E-05 9.9964E-05
0.099223 0.00122373 0.451883 0.00646633 0.366995 0.0209028 0.0253541 0.0278525 9.9991E-05
9.9955E-05 9.9955E-05 9.9955E-05 0.00184189 0.923368 0.0498619 9.9955E-05 0.024428 9.9955E-05
0.00632051 0.0194439 0.581005 0.0228271 0.202934 0.0824599 0.0102844 0.0705453 0.00417939
9.9955E-05 9.9955E-05 0.434042 0.0275553 0.53521 9.9955E-05 9.9955E-05 0.00269292 9.9955E-05
9.9946E-05 9.9946E-05 9.9946E-05 9.9946E-05 0.947048 0.0260456 9.9946E-05 0.0263071 9.9946E-05
9.9946E-05 9.9946E-05 0.0398749 9.9946E-05 0.876027 0.0834988 9.9946E-05 9.9946E-05 9.9946E-05
0.00799043 9.9955E-05 0.00285673 0.0290072 0.959646 9.9955E-05 9.9955E-05 9.9955E-05 9.9955E-05
9.9937E-05 9.9937E-05 0.112358 9.9937E-05 9.9937E-05 9.9937E-05 9.9937E-05 0.886942 9.9937E-05
9.9937E-05 9.9937E-05 0.135646 9.9937E-05 9.9937E-05 9.9937E-05 9.9937E-05 0.863654 9.9937E-05
9.9955E-05 9.9955E-05 0.0973665 9.9955E-05 9.9955E-05 0.082481 9.9955E-05 0.788007 0.0316456
9.9955E-05 0.00706063 0.190701 9.9955E-05 9.9955E-05 0.0565839 9.9955E-05 0.745155 9.9955E-05
0.169534 9.9982E-05 0.509799 0.103135 0.0436124 9.9982E-05 0.0811412 0.0656357 0.0269421
0.282628 9.9982E-05 0.478084 0.0188142 0.0885212 0.0613326 9.9982E-05 0.0633371 0.00708368
0.400582 0.0117353 0.547619 9.9964E-05 9.9964E-05 9.9964E-05 9.9964E-05 0.00506997 0.0345939
0.0348201 0.0392254 0.0664927 9.9982E-05 0.583331 9.9982E-05 0.101184 0.00716397 0.167583
0.572369 0.0302668 0.262661 0.122836 9.9964E-05 0.0114667 9.9964E-05 9.9964E-05 9.9964E-05
0.19243 9.9973E-05 0.493595 9.9973E-05 0.211809 0.0190432 9.9973E-05 0.0769767 0.00584649
0.18847 9.9973E-05 0.693718 0.0253271 9.9973E-05 0.0361337 0.0358523 0.0201995 9.9973E-05
0.0607343 9.9973E-05 0.550899 0.20484 0.0664278 9.9973E-05 0.0606938 0.0561052 9.9973E-05
0.0775376 0.00248567 0.591359 0.142548 0.0651703 9.9991E-05 0.0174979 0.0691921 0.0341094
0.637305 9.9973E-05 0.112648 9.9973E-05 0.184462 9.9973E-05 0.0280039 0.0314107 0.00587088
0.0093897 9.9991E-05 0.65502 0.255676 0.0226917 0.0111936 0.000227598 0.0268529 0.0188482
0.186348 0.050822 0.549965 0.0392146 0.0404427 0.0446689 9.9991E-05 0.0758251 0.0126135
0.146712 0.0108414 0.585308 0.106472 0.00941614 0.0183097 0.00977798 0.113062 9.9991E-05
0.577134 0.0747004 0.313938 0.0337282 9.9955E-05 9.9955E-05 9.9955E-05 9.9955E-05 9.9955E-05
0.292033 9.9964E-05 0.607928 9.9964E-05 0.000953656 9.9964E-05 9.9964E-05 0.0725359 0.0261497
0.10699 0.0551845 0.534203 0.0840366 0.00954576 0.0314491 0.0409458 0.117168 0.020477
0.654898 0.0105407 9.9955E-05 0.332895 9.9955E-05 9.9955E-05 9.9955E-05 9.9955E-05 0.00116618
0.0433691 0.0499824 0.0811288 0.0529533 0.449802 9.9982E-05 0.107422 9.9982E-05 0.215143
0.0889636 0.118852 0.0822495 0.239226 0.400102 0.0347273 0.0356799 9.9982E-05 9.9982E-05
0.0375757 0.0610343 0.540654 0.0614665 0.0634076 0.0680304 0.00871846 0.0679701 0.0911428
9.9991E-05 0.0613271 0.602687 0.0945498 0.118424 0.043784 0.0223819 0.0349945 0.0217516
0.0447902 0.0763196 0.575795 0.0346506 0.0965426 0.0777278 9.9991E-05 0.051332 0.0427417
0.0691767 9.9982E-05 0.134261 0.0426844 0.395427 9.9982E-05 0.0641153 0.109557 0.184578
0.0357055 0.0296972 0.516335 0.000965142 0.286026 0.0029054 0.0440923 9.9991E-05 0.0841732
0.0810501 9.9982E-05 0.483412 0.0126779 0.220188 0.07667 9.9982E-05 0.0596425 0.0661597
0.0421699 0.0655428 0.357087 0.022268 0.310806 9.9991E-05 0.0539384 0.1275 0.0205883
0.0340169 9.9991E-05 0.0522262 0.0955016 0.540767 0.000965599 0.0986805 0.122933 0.0548093
0.022159 0.0662848 0.55984 0.0700081 0.11596 0.0141323 0.0364823 0.0519898 0.0631437
0.0130398 0.0626574 0.485217 0.0425181 0.26358 0.00480158 0.0491361 0.0413671 0.0376831
0.0479102 0.0368382 9.9982E-05 0.0784174 0.620116 9.9982E-05 0.0930967 0.0455897 0.0778314
0.0580609 0.0358499 0.362532 9.9973E-05 0.437342 9.9973E-05 0.0317428 9.9973E-05 0.0741732
0.0807135 0.0834849 0.492397 0.0919831 0.131934 0.082423 9.9982E-05 9.9982E-05 0.036865
9.9973E-05 0.0225754 0.604793 0.0612564 0.144995 9.9973E-05 9.9973E-05 0.060594 0.105486
0.117191 0.0107829 0.148554 0.0201207 0.509323 0.0526514 0.0395674 0.0594703 0.0423395
0.0492912 0.0526853 0.438129 0.0180369 0.316191 0.0296498 0.0463616 0.0219958 0.0276591
0.0579301 0.0451848 0.496577 0.0551692 0.129651 0.0652352 0.0558537 0.0133178 0.0810813
0.037097 0.0204317 0.102424 0.0523381 0.639543 9.9991E-05 0.0705873 0.00772313 0.0697557
0.457975 9.9955E-05 0.50728 9.9955E-05 9.9955E-05 9.9955E-05 0.00919433 0.025051 9.9955E-05
0.710117 9.9973E-05 0.172046 9.9973E-05 0.0649062 0.0136432 9.9973E-05 0.0130646 0.0259226
0.26932 9.9991E-05 0.461293 0.0256 0.0609598 0.0402013 0.0203923 0.09949 0.0226429
0.874583 0.022942 9.9955E-05 0.0935941 9.9955E-05 0.00838122 9.9955E-05 9.9955E-05 9.9955E-05
0.84427 0.0390937 9.9946E-05 0.116037 9.9946E-05 9.9946E-05 9.9946E-05 9.9946E-05 9.9946E-05
0.690441 0.0459189 0.222429 0.0299629 0.00527808 0.00567032 9.9973E-05 9.9973E-05 9.9973E-05
0.364253 9.9973E-05 0.464712 9.9973E-05 0.07009 9.9973E-05 0.0435539 0.0128904 0.0442004
0.0942753 0.0654248 0.502488 9.9991E-05 0.0972285 0.0581971 0.0390712 0.125136 0.0180794
0.473609 9.9964E-05 0.455092 0.0235645 0.0282276 0.0191077 9.9964E-05 9.9964E-05 9.9964E-05
0.615542 9.9973E-05 0.0911708 9.9973E-05 0.198357 9.9973E-05 0.0225671 0.0410261 0.0310368
0.533634 9.9964E-05 0.221781 9.9964E-05 0.158123 9.9964E-05 0.0341697 9.9964E-05 0.0518925
0.279802 0.0231545 0.502481 9.9982E-05 0.05592 0.0301906 0.0331089 0.0751432 9.9982E-05
0.543722 9.9955E-05 0.32121 9.9955E-05 0.0887513 9.9955E-05 9.9955E-05 0.0458166 9.9955E-05
0.444037 9.9964E-05 0.422458 9.9964E-05 0.0823447 9.9964E-05 0.0341587 0.0166023 9.9964E-05
0.486529 0.0363148 0.430329 0.0396178 9.9964E-05 9.9964E-05 9.9964E-05 9.9964E-05 0.00680938
0.63861 0.125951 9.9946E-05 0.23484 9.9946E-05 9.9946E-05 9.9946E-05 9.9946E-05 9.9946E-05
0.271273 9.9991E-05 0.590935 0.0312923 0.0457105 0.0213737 0.00939365 0.0238631 0.00605823
0.0189979 9.9973E-05 0.0668707 9.9973E-05 0.0397888 9.9973E-05 0.0311733 0.831859 0.0110106
9.99371E-05 9.99371E-05 0.0684423 9.99371E-05 9.99371E-05 9.99371E-05 9.99371E-05 0.930858 9.99371E-05
9.9955E-05 9.9955E-05 0.100834 9.9955E-05 0.00949819 0.0387698 9.9955E-05 0.850398 9.9955E-05
9.9955E-05 0.00319069 0.0395531 9.9955E-05 9.9955E-05 0.0505456 9.9955E-05 0.906211 9.9955E-05
9.9955E-05 0.00626786 9.9955E-05 9.9955E-05 0.0140394 0.0205701 9.9955E-05 0.958623 9.9955E-05
9.9964E-05 0.00126316 0.0847879 9.9964E-05 9.9964E-05 0.0471524 0.00555424 0.860842 9.9964E-05
9.9937E-05 9.9937E-05 0.0868091 9.9937E-05 9.9937E-05 9.9937E-05 9.9937E-05 0.912491 9.9937E-05
0.20212 0.0467087 0.535559 0.0396 9.9991E-05 0.0538285 0.0201654 0.0463745 0.0555436
0.170123 0.0530107 0.511073 9.9982E-05 0.0583506 0.0690202 9.9982E-05 0.105304 0.0329186
0.661351 0.00295137 0.00857947 9.9982E-05 0.173838 9.9982E-05 0.0664232 0.0371254 0.0495321
0.127961 0.0538973 0.565907 9.9982E-05 0.108851 0.0331664 0.0407293 0.0692874 9.9982E-05
0.433782 9.9973E-05 0.352408 9.9973E-05 0.134434 9.9973E-05 0.0226807 0.0221144 0.0342805
0.339488 9.9982E-05 0.524559 0.013547 0.00727668 9.9982E-05 0.0279139 0.0520818 0.0349342
0.256986 0.0432086 0.550888 0.0921662 0.00148005 0.0267842 9.9991E-05 0.0237668 0.00461959
0.355024 0.041444 0.469483 9.9982E-05 0.0467224 0.0454841 9.9982E-05 0.028704 0.0129381
0.660666 9.9964E-05 9.9964E-05 9.9964E-05 0.167641 9.9964E-05 0.0352811 0.0506314 0.0853809
0.198903 0.0705481 0.48122 9.9991E-05 0.055615 0.0241335 0.0136076 0.114897 0.0409758
0.12898 9.9982E-05 0.660818 0.034205 0.038936 0.0159412 9.9982E-05 0.0771813 0.0437379
0.103183 0.0596207 0.560255 0.0219479 0.1018 0.0182731 0.0310545 0.103766 9.9991E-05
0.500835 0.0703897 0.249723 0.15419 0.00333016 0.00333059 9.9982E-05 9.9982E-05 0.0180021
0.437306 0.083407 0.478688 9.9946E-05 9.9946E-05 9.9946E-05 9.9946E-05 9.9946E-05 9.9946E-05
0.335661 9.9973E-05 0.454567 9.9973E-05 0.102251 9.9973E-05 0.0253448 0.0344636 0.0474122
0.519502 0.0915712 0.388327 9.9946E-05 9.9946E-05 9.9946E-05 9.9946E-05 9.9946E-05 9.9946E-05
0.402448 9.9973E-05 0.435204 9.9973E-05 0.0783626 9.9973E-05 0.0210932 0.0522985 0.0102936
0.172866 0.048334 0.530212 0.0194327 0.00703886 9.9982E-05 9.9982E-05 0.124119 0.0977975
9.9991E-05 0.170268 0.253298 0.0865594 0.254062 0.0284277 0.0430434 0.012655 0.151586
0.00337694 9.9982E-05 0.394805 0.0712933 0.244115 9.9982E-05 0.115288 0.0497917 0.12113
9.9991E-05 0.0170757 0.512149 0.0381576 0.152308 0.0372404 0.0186179 0.123699 0.100652
0.0130142 0.0602626 0.547431 0.0397726 0.0697612 0.0753948 0.0759199 0.0702649 0.0481784
0.00189462 0.0239736 0.428512 0.0366989 0.29811 9.9991E-05 0.0177174 0.0155118 0.177482
0.00568489 0.0646849 0.575384 0.0186272 0.167312 0.00118952 0.00305342 0.0446593 0.119405
9.9973E-05 0.0343633 0.416538 9.9973E-05 0.266255 9.9973E-05 0.0615677 0.0431766 0.177799
0.0500141 0.0372634 0.51514 0.129003 0.105049 0.0154051 0.0784606 0.0314564 0.0382078
0.0287566 0.0771528 0.603383 0.0312131 0.028118 0.03494 0.0166787 0.0853419 0.094416
9.9982E-05 0.0387711 0.562274 0.0327638 0.136086 9.9982E-05 0.0588277 0.0402595 0.130817
9.9973E-05 0.0455926 0.54777 9.9973E-05 0.217947 9.9973E-05 0.0474631 0.0204038 0.120523
9.9991E-05 0.0796905 0.625213 0.0323944 0.155571 0.0161906 0.028066 0.0222262 0.0405486
9.9991E-05 0.10246 0.544816 0.0667487 0.0895966 0.0673842 0.0535255 0.0513681 0.0240018
0.0254271 0.0809327 0.576346 0.0201189 0.125642 0.0512486 0.0253634 9.9991E-05 0.0948223
0.0119862 0.0626458 0.521373 0.0918212 0.0980863 0.0745545 0.0525965 0.0214177 0.0655193
0.0290919 0.140225 0.523285 9.9991E-05 0.125363 0.0779002 0.0315747 0.0132833 0.0591768
0.0217213 0.0833286 0.268667 0.147869 0.180886 0.0651024 0.0364065 0.0655861 0.130434
0.029755 0.0670071 0.674625 0.014794 0.0526388 0.00196838 9.9991E-05 0.061671 0.0974402
0.00589758 0.109895 0.66703 0.0261256 0.0213534 0.0133684 0.010918 0.00139683 0.144015
0.0813604 0.03961 0.144158 9.9991E-05 0.454121 0.00538568 0.0465043 0.0168712 0.211889
0.0482421 0.222313 0.0675533 0.183102 0.341608 0.0203739 0.0861555 9.9991E-05 0.0305515
0.0826217 0.0319295 0.466498 0.100343 0.18469 0.0274257 0.0454029 0.00163296 0.0594554
0.0673682 0.247955 0.0149725 0.243284 0.294261 9.9982E-05 0.00361831 9.9982E-05 0.128341
9.9964E-05 0.0502047 0.254589 9.9964E-05 0.507515 9.9964E-05 0.0339399 9.9964E-05 0.153351
0.0737157 0.0752284 0.367346 9.9964E-05 0.291609 9.9964E-05 9.9964E-05 9.9964E-05 0.191701
0.10543 0.0104031 0.30896 9.9982E-05 0.351199 9.9982E-05 0.0160256 0.0212151 0.186567
0.0634402 0.0382125 0.264814 0.00227687 0.411061 9.9982E-05 0.0167939 9.9982E-05 0.203201
9.9982E-05 0.0442221 0.554921 0.0693648 0.19556 9.9982E-05 0.0439431 0.0514771 0.0403115
0.00932771 0.0782374 0.50739 0.0632952 0.133351 0.0369906 0.0781264 0.0626054 0.0306763
0.0182266 0.0463112 0.557004 0.0145367 0.198136 0.0306574 0.0344531 0.00921924 0.0914551
0.0485467 0.171704 0.121512 0.170251 0.350903 0.00467203 0.0402419 9.9991E-05 0.0920703
0.0515453 0.0181295 0.485784 0.0998451 0.142526 0.0220108 0.0170354 0.154269 0.00885512
0.0348132 0.0730855 0.499215 0.242787 0.0412377 0.0127763 0.0505566 0.0359968 0.00953101
0.102901 0.12849 9.9982E-05 0.647667 0.0231569 9.9982E-05 0.0340346 0.0596338 0.00391733
0.0421371 9.9973E-05 0.698445 0.193387 0.0401363 9.9973E-05 9.9973E-05 0.0156503 0.00994433
0.0661912 0.0720177 0.298766 0.314494 0.154283 0.0170403 0.0181999 0.0589083 9.9991E-05
0.0326877 0.0534855 0.536954 0.168692 0.0366296 0.0439608 0.015897 0.0956045 0.0160892
0.0562915 0.035364 0.256785 0.449767 0.0360688 9.9991E-05 0.0854749 0.0478551 0.032294
0.0978669 0.087752 0.089404 0.520848 0.0706064 9.9991E-05 0.0453135 0.00734479 0.0807649
0.0763327 0.0722358 0.388685 0.313298 0.0377577 0.00801643 0.0258133 0.0153751 0.0624859
0.0696355 0.0868007 0.474128 0.119906 0.0458834 0.0374765 0.068061 0.0980094 9.9991E-05
0.0100982 9.9991E-05 0.484375 0.215104 0.0384024 0.0441823 0.0142224 0.116416 0.0770996
0.0900167 0.146537 0.046942 0.371647 0.279178 0.0543914 0.00351022 0.00767763 9.9991E-05
0.0455594 0.101819 0.499727 0.0579729 0.0904565 0.0436693 0.0496801 0.0927761 0.0183397
0.0783395 0.0854189 0.307902 0.364054 0.115846 9.9973E-05 9.9973E-05 9.9973E-05 0.0481387
0.119149 0.114671 0.410205 0.272301 0.00816314 9.9973E-05 9.9973E-05 9.9973E-05 0.0752112
0.0027045 0.0193894 0.589435 0.144241 0.0596629 0.0422255 0.0230813 0.0590452 0.0602158
9.9973E-05 9.9973E-05 0.169664 0.260386 0.00160519 0.210736 9.9973E-05 0.347 0.010308
9.9946E-05 9.9946E-05 9.9946E-05 0.438187 9.9946E-05 0.133286 9.9946E-05 0.427927 9.9946E-05
9.9946E-05 9.9946E-05 9.9946E-05 0.467783 9.9946E-05 0.137755 9.9946E-05 0.393862 9.9946E-05
0.0046989 9.9973E-05 0.118183 0.318046 9.9973E-05 0.238788 0.004122 0.315862 9.9973E-05
0.0981767 0.0360605 0.593389 0.245332 0.0132904 9.9973E-05 9.9973E-05 9.9973E-05 0.0134509
0.0740915 0.0913988 0.612777 0.122418 9.9982E-05 0.0368622 9.9982E-05 0.0559266 0.00632531
9.9946E-05 9.9946E-05 0.290662 9.9946E-05 0.0397487 0.668989 9.9946E-05 9.9946E-05 9.9946E-05
0.0219421 0.0382937 0.420448 9.99803E-05 9.99803E-05 0.432617 9.99803E-05 0.0443638 0.042035
0.0488257 0.041369 0.302215 0.0142145 0.0868375 0.392333 0.0346585 0.0703637 0.00918369
0.0561803 0.178905 0.27828 0.409825 0.0764097 9.9964E-05 9.9964E-05 9.9964E-05 9.9964E-05
0.0718401 0.0666508 0.52874 0.115465 0.0363654 0.0161517 0.0154844 0.088185 0.0611174
0.0110909 0.142727 0.228964 0.489707 0.125667 9.9973E-05 9.9973E-05 9.9973E-05 0.00154362
0.00769077 0.0946833 0.570483 0.208067 0.0537943 9.9982E-05 0.0304054 0.0346767 9.9982E-05
0.0284059 0.105847 0.467188 0.290401 0.101163 9.9982E-05 0.00036947 9.9982E-05 0.00642527
0.0615608 0.00227919 0.597856 0.313976 9.9973E-05 9.9973E-05 0.0195895 9.9973E-05 0.00443817
0.0791308 0.0467348 0.219215 0.592046 0.025562 9.9973E-05 0.0370113 9.9973E-05 9.9973E-05
0.047035 0.00612886 0.671014 0.183271 0.0577385 0.0141202 9.9982E-05 0.0204927 9.9982E-05
0.0268836 0.0715431 0.602935 0.144245 0.0620979 9.9982E-05 0.0064355 0.0856597 9.9982E-05
0.0106788 9.9955E-05 0.0285412 9.9955E-05 9.9955E-05 0.95284 0.00744051 9.9955E-05 9.9955E-05
9.9946E-05 9.9946E-05 0.0829926 9.9946E-05 0.0279799 0.888428 9.9946E-05 9.9946E-05 9.9946E-05
0.00790417 0.0111847 0.284955 9.9982E-05 0.0909261 0.5148 0.026998 0.0630322 9.9982E-05
9.9955E-05 9.9955E-05 0.349712 9.9955E-05 9.9955E-05 0.613819 0.0312778 9.9955E-05 0.00469156
0.0171953 9.9964E-05 0.128635 9.9964E-05 0.0557181 0.792592 0.00545987 9.9964E-05 9.9964E-05
9.993E-05 9.993E-05 9.993E-05 9.993E-05 9.993E-05 0.999201 9.993E-05 9.993E-05 9.993E-05
9.9946E-05 9.9946E-05 9.9946E-05 9.9946E-05 9.9946E-05 0.954416 0.00554832 9.9946E-05 0.0394362
0.00229204 9.9946E-05 0.154134 9.9946E-05 9.9946E-05 0.842974 9.9946E-05 9.9946E-05 9.9946E-05
9.9955E-05 9.9955E-05 9.9955E-05 9.9955E-05 0.0184596 0.946038 0.0230005 9.9955E-05 0.0120023
9.993E-05 9.993E-05 9.993E-05 9.993E-05 9.993E-05 0.999201 9.993E-05 9.993E-05 9.993E-05
9.993E-05 9.993E-05 9.993E-05 9.993E-05 9.993E-05 0.999201 9.993E-05 9.993E-05 9.993E-05
9.9955E-05 9.9955E-05 0.234616 9.9955E-05 0.0243158 0.739035 0.00153326 9.9955E-05 9.9955E-05
9.9973E-05 9.9973E-05 0.101907 9.9973E-05 0.0448152 0.785392 0.0164354 0.0444359 0.00671441
9.993E-05 9.993E-05 9.993E-05 9.993E-05 9.993E-05 0.999201 9.993E-05 9.993E-05 9.993E-05
0.0195897 0.0177748 0.374283 0.0433049 0.074569 0.353313 0.0386353 0.07843 9.9991E-05
0.00633258 9.9973E-05 0.271583 9.9973E-05 0.041077 0.596937 0.0225375 0.0612328 9.9973E-05
0.0104401 9.9964E-05 0.146012 9.9964E-05 9.9964E-05 0.786018 9.9964E-05 0.0466141 0.010516
9.9955E-05 9.9955E-05 0.0921848 9.9955E-05 0.00582962 0.891589 0.00989646 9.9955E-05 9.9955E-05
9.993E-05 9.993E-05 9.993E-05 9.993E-05 9.993E-05 0.999201 9.993E-05 9.993E-05 9.993E-05
9.9955E-05 9.9955E-05 0.0375553 9.9955E-05 9.9955E-05 0.956276 0.00263445 0.0030342 9.9955E-05
9.993E-05 9.993E-05 9.993E-05 9.993E-05 9.993E-05 0.999201 9.993E-05 9.993E-05 9.993E-05
0.0868453 9.9973E-05 0.251016 0.00141965 9.9973E-05 0.624287 0.00950386 0.0266287 9.9973E-05
0.0260201 9.9946E-05 9.9946E-05 9.9946E-05 9.9946E-05 0.962142 9.9946E-05 9.9946E-05 0.0112387
9.9964E-05 0.0581431 9.9964E-05 0.649608 9.9964E-05 0.0603741 0.00632046 0.225155 9.9964E-05
9.9982E-05 9.9982E-05 0.353566 0.313878 0.064281 0.0765307 0.0314839 0.151377 0.0086831
9.9973E-05 9.9973E-05 0.460445 0.348223 9.9973E-05 0.0361702 0.0234414 0.121798 0.00962303
9.9964E-05 9.9964E-05 0.233872 0.514479 9.9964E-05 0.0812579 9.9964E-05 0.132292 0.0376998
0.0894508 0.0184734 0.408596 0.129371 0.0229802 0.143671 0.0660735 0.100625 0.0207591
9.9973E-05 0.00158337 0.149183 0.542834 9.9973E-05 0.0766896 0.0179413 0.211468 9.9973E-05
9.9991E-05 0.0130042 0.454285 0.204097 0.0971387 0.0664521 0.0110823 0.134933 0.018907
9.9964E-05 9.9964E-05 0.347793 0.40674 9.9964E-05 0.0828112 0.0161992 0.146057 9.9964E-05
9.9964E-05 9.9964E-05 0.502518 0.226564 9.9964E-05 0.108662 0.0128095 0.149047 9.9964E-05
0.00815945 9.9982E-05 0.389105 0.305164 0.0288245 0.108458 0.0265845 0.133505 9.9982E-05
0.0677315 0.00601191 0.374469 0.218303 9.9991E-05 0.141654 0.0299225 0.146773 0.0150344
0.0228032 0.00360153 0.033761 0.0217275 9.9982E-05 9.9982E-05 0.018102 0.887379 0.012426
9.9964E-05 0.0293925 9.9964E-05 0.00923052 9.9964E-05 0.0609708 0.0181225 0.881884 9.9964E-05
9.9973E-05 0.020236 0.0178733 9.9973E-05 0.0163502 9.9973E-05 0.0203367 0.922901 0.00200252
0.002363 9.9955E-05 9.9955E-05 0.00923234 0.0268238 9.9955E-05 9.9955E-05 0.961081 9.9955E-05
9.9946E-05 9.9946E-05 0.0678065 9.9946E-05 0.0415778 9.9946E-05 9.9946E-05 0.890016 9.9946E-05
0.00440673 0.0157017 9.9955E-05 9.9955E-05 0.0295125 9.9955E-05 9.9955E-05 0.949879 9.9955E-05
9.9946E-05 9.9946E-05 0.0720098 9.9946E-05 9.9946E-05 9.9946E-05 0.0146741 0.912716 9.9946E-05
9.9964E-05 9.9964E-05 0.00685084 9.9964E-05 0.0177076 9.9964E-05 0.027889 0.933289 0.0138641
0.00350209 9.99732E-05 0.0282021 0.052533 0.00704115 0.0186726 9.99732E-05 0.889749 9.99732E-05
9.9964E-05 9.9964E-05 9.9964E-05 0.0361354 0.0152635 0.0306781 0.0384617 0.879061 9.9964E-05
0.0508632 9.9973E-05 9.9973E-05 0.0576097 0.0598137 9.9973E-05 0.217985 0.563703 0.0497255
0.00773308 0.0433973 9.9982E-05 0.0224262 0.0583892 9.9982E-05 0.209668 0.590726 0.0674598
0.0214292 9.9973E-05 9.9973E-05 0.0837593 0.158956 9.9973E-05 0.165687 0.503308 0.06656
9.9964E-05 9.9964E-05 9.9964E-05 0.101458 0.180872 9.9964E-05 0.20782 0.414962 0.0944884
0.271674 9.9964E-05 0.450219 9.9964E-05 0.133323 9.9964E-05 9.9964E-05 0.058489 0.0858954
0.278535 0.0275752 0.439674 9.9991E-05 0.134397 0.0247294 0.0544798 0.0237551 0.0167545
0.213622 0.018597 0.533893 9.9982E-05 0.0681676 0.00805009 9.9982E-05 0.0395147 0.117956
0.277818 0.000756121 0.330287 9.9973E-05 0.256928 9.9973E-05 9.9973E-05 0.0182966 0.115615
0.0722627 0.0644301 0.107681 0.0228161 0.446122 9.9982E-05 0.0636307 9.9982E-05 0.222858
0.148652 0.0494635 0.621048 0.0102533 0.0457905 0.0460353 0.0346304 0.00582614 0.0383004
0.283277 0.0151378 0.588861 9.9982E-05 0.0207024 0.00417454 0.0204409 9.9982E-05 0.0672066
0.290067 0.0428749 0.484173 0.040696 0.0958757 9.9982E-05 0.00296702 9.9982E-05 0.0431462
0.540492 0.0604997 0.358679 0.0398296 9.9955E-05 9.9955E-05 9.9955E-05 9.9955E-05 9.9955E-05
0.120838 0.0395792 0.575277 0.0813081 9.9991E-05 0.0407209 0.0256958 0.0267622 0.0897185
0.501583 9.9973E-05 0.427451 9.9973E-05 0.0206231 9.9973E-05 0.0116622 0.00448618 0.033895
0.798158 0.120776 9.9955E-05 0.0572266 9.9955E-05 9.9955E-05 9.9955E-05 9.9955E-05 0.0233397
0.129051 0.023636 0.504994 9.9991E-05 0.150097 0.0176174 0.0353664 0.121995 0.0171428
0.62017 0.0783258 0.141024 0.159981 9.9955E-05 9.9955E-05 9.9955E-05 9.9955E-05 9.9955E-05
0.367219 0.0541595 0.521536 0.0273743 9.9991E-05 0.0009346 0.00478873 0.0100689 0.0138187
0.618582 9.9964E-05 0.0901054 9.9964E-05 0.206372 9.9964E-05 9.9964E-05 0.00683699 0.0777037
9.9946E-05 9.9946E-05 9.9946E-05 9.9946E-05 9.9946E-05 9.9946E-05 0.918376 0.0368215 0.0442024
9.993E-05 9.993E-05 9.993E-05 9.993E-05 9.993E-05 9.993E-05 0.999201 9.993E-05 9.993E-05
9.993E-05 9.993E-05 9.993E-05 9.993E-05 9.993E-05 9.993E-05 0.999201 9.993E-05 9.993E-05
0.0110748 9.9955E-05 9.9955E-05 9.9955E-05 0.0211055 9.9955E-05 0.96294 9.9955E-05 0.00437967
9.9937E-05 9.9937E-05 0.0545908 9.9937E-05 9.9937E-05 9.9937E-05 0.94471 9.9937E-05 9.9937E-05
9.9946E-05 9.9946E-05 0.0198597 9.9946E-05 9.9946E-05 0.0121786 0.967362 9.9946E-05 9.9946E-05
0.0514627 0.00230263 9.9964E-05 9.9964E-05 9.9964E-05 0.0852881 0.0192546 0.841292 9.9964E-05
9.9982E-05 0.00309733 0.0915182 0.014725 9.9982E-05 0.0441266 0.0291378 0.787517 0.0296778
9.9964E-05 0.0272842 0.161511 9.9964E-05 9.9964E-05 0.0261388 9.9964E-05 0.770499 0.0141674
0.0469754 9.9973E-05 0.0109499 9.9973E-05 0.00597817 0.0717753 9.9973E-05 0.836734 0.027287
9.99675E-05 9.99675E-05 0.142697 0.0160804 9.99675E-05 0.0486609 9.99675E-05 0.774367 0.0177947
0.0126565 9.9973E-05 9.9973E-05 0.0443522 0.0266195 9.9973E-05 0.325051 0.349472 0.241549
9.9973E-05 0.0309555 9.9973E-05 0.013297 0.0221201 9.9973E-05 0.344843 0.398034 0.190451
9.9973E-05 0.038358 9.9973E-05 9.9973E-05 0.047266 0.00436973 0.379582 0.398908 0.131216
0.00524541 9.9964E-05 0.134568 9.9964E-05 9.9964E-05 0.00604809 9.9964E-05 0.843331 0.0104077
0.0358097 0.0723765 9.9973E-05 9.9973E-05 0.0407117 9.9973E-05 0.350267 0.360315 0.140221
9.9955E-05 9.9955E-05 0.323047 0.170902 9.9955E-05 0.261831 9.9955E-05 0.24372 9.9955E-05
9.9982E-05 0.00465116 0.54009 0.0568226 9.9982E-05 0.194751 0.0285666 0.145404 0.0295153
9.9964E-05 0.00828818 0.575876 9.9964E-05 0.00615977 0.221819 9.9964E-05 0.187457 9.9964E-05
9.9955E-05 9.9955E-05 0.353079 0.143122 9.9955E-05 0.245576 9.9955E-05 0.257723 9.9955E-05
0.054394 0.00677675 0.503599 0.080491 0.0755784 0.126469 9.9982E-05 0.152492 9.9982E-05
9.9964E-05 0.00944291 9.9964E-05 0.260105 9.9964E-05 0.29489 0.0198938 0.415269 9.9964E-05
9.9973E-05 0.0703777 0.394556 0.0104443 0.304469 9.9973E-05 0.0942656 9.9973E-05 0.125588
0.0321311 0.154709 0.391987 0.0967877 0.180946 9.9982E-05 0.0950027 9.9982E-05 0.0482374
0.0954881 9.9964E-05 0.149865 9.9964E-05 0.568602 9.9964E-05 0.0884108 9.9964E-05 0.0972346
0.0472809 0.157457 0.47356 0.0612507 0.168479 9.9982E-05 0.0244282 9.9982E-05 0.0673446
0.0355043 0.327891 9.9973E-05 0.318776 0.1593 9.9973E-05 0.0523876 9.9973E-05 0.10584
0.0291935 0.023065 0.538679 0.104946 0.128248 0.0150367 0.034124 0.0699586 0.0567489
0.0605994 0.107069 0.46004 0.0823137 0.151915 0.05017 0.0849435 9.9991E-05 0.00284981
0.0369657 0.027369 0.294185 0.0416435 0.384729 9.9991E-05 0.0646889 0.00846059 0.141858
0.0565287 0.0088656 0.509817 0.022078 0.200906 0.0327699 0.0450407 0.0781918 0.0458021
0.0788805 0.136131 0.0625249 0.246425 0.416565 9.9982E-05 0.00379137 9.9982E-05 0.0554828
0.0660487 0.0759961 0.49683 0.0777636 0.1698 0.00823746 0.0216911 9.9991E-05 0.0835332
0.0418382 0.0359102 0.503658 9.9982E-05 0.242793 9.9982E-05 0.0390372 0.021254 0.11531
0.068476 0.0506924 0.38873 0.0908447 0.106928 0.144269 0.0124412 0.0906633 0.0469555
0.10301 0.124975 0.250398 0.12087 0.29707 0.007911 0.0425575 9.9991E-05 0.0531092
0.0970099 0.125103 0.380443 0.130915 0.192514 9.9982E-05 0.00389763 9.9982E-05 0.0699179
0.0337954 0.135087 0.579573 0.019886 0.092633 9.9982E-05 0.0575634 9.9982E-05 0.0812625
0.0486973 0.105825 0.518374 0.0535888 0.172503 9.9982E-05 0.0415997 9.9982E-05 0.0592116
0.00036324 0.132664 0.619363 0.0294542 0.0844249 0.0303732 0.044999 0.0108805 0.0474778
0.0877551 0.0333398 0.525702 0.0663261 0.0563641 0.0445804 0.0472675 0.103518 0.0351478
0.0652503 0.0184292 0.510153 0.0677918 0.20705 0.0159977 0.0109426 0.0498651 0.0545207
9.9946E-05 9.9946E-05 0.128423 9.9946E-05 9.9946E-05 0.0378897 9.9946E-05 0.833088 9.9946E-05
0.00790746 0.00831883 0.116259 9.9955E-05 9.9955E-05 9.9955E-05 9.9955E-05 0.867015 9.9955E-05
0.0104502 9.9973E-05 0.0618611 0.00929858 9.9973E-05 9.9973E-05 0.0321212 0.861902 0.0240675
9.9955E-05 9.9955E-05 0.00673165 9.9955E-05 9.9955E-05 0.0486633 0.0545223 0.889583 9.9955E-05
9.9946E-05 9.9946E-05 0.0928012 9.9946E-05 9.9946E-05 9.9946E-05 0.0296437 0.876955 9.9946E-05
0.0532392 0.0147905 0.0170587 0.0604854 0.621694 0.0176453 0.064188 0.018893 0.132006
0.0135436 0.100272 0.46514 0.0685098 0.215485 0.0356004 9.9991E-05 0.0372289 0.0641198
0.00514704 0.0329019 0.374621 0.116546 9.9991E-05 0.267547 0.0228732 0.150172 0.0300923
0.0621307 0.00308501 0.603935 9.9991E-05 0.180273 0.0553759 0.0170205 0.00848222 0.0695979
0.0707902 9.9982E-05 0.484697 0.023422 0.272368 0.00821574 9.9982E-05 0.00889892 0.131408
0.0286135 0.0988547 0.245438 0.239405 0.258096 9.9982E-05 0.00740529 9.9982E-05 0.121988
0.0504503 9.9973E-05 9.9973E-05 0.0164955 0.539297 9.9973E-05 0.0184831 0.0747252 0.300249
0.0699935 9.9982E-05 0.409508 9.9982E-05 0.237375 0.0248989 0.0923131 0.0443535 0.121358
0.00891882 0.0384407 0.107819 9.9982E-05 0.478559 0.0666615 0.115858 9.9982E-05 0.183543
0.121379 0.0563256 0.44781 0.134226 0.0524161 0.00348403 0.0663771 0.0482655 0.0697173
0.0192189 0.0349833 0.0540718 0.0213885 0.585023 9.9991E-05 0.110837 0.0517506 0.122627
9.9991E-05 0.0503671 0.547751 0.00253834 0.157995 0.0274979 0.0022764 0.077771 0.133703
0.0794753 9.9982E-05 0.0618936 0.060468 0.543747 9.9982E-05 0.0543556 0.0360545 0.163806
0.0455262 0.125207 0.179646 0.10367 0.376296 0.070105 0.0493999 9.9991E-05 0.0500501
0.0630483 0.0951072 0.449896 0.13281 0.0964626 0.0491172 0.0691762 0.0442831 9.9991E-05
0.0525297 0.0677855 0.281015 0.452357 0.079901 9.9973E-05 0.0661118 9.9973E-05 9.9973E-05
0.0174585 0.0153156 0.548463 0.301 0.0600836 0.00788649 0.0439746 0.00571822 9.9991E-05
0.0177405 0.0233768 0.544717 0.213063 0.0240725 0.0225675 0.0639975 0.0411056 0.0493599
0.0875482 0.0165758 0.248975 0.565114 0.0462513 9.9973E-05 0.0352353 9.9973E-05 9.9973E-05
0.0998903 0.0560133 0.535806 0.08291 0.0822146 0.0447621 0.0254628 0.0497227 0.0232186
0.0493231 0.0426195 0.550791 0.261918 9.9964E-05 9.9964E-05 0.0949482 9.9964E-05 9.9964E-05
0.128877 0.16324 0.135271 0.516965 9.9964E-05 9.9964E-05 0.0552466 9.9964E-05 9.9964E-05
0.0614422 0.00764276 0.212265 0.642084 9.9964E-05 9.9964E-05 0.0761658 9.9964E-05 9.9964E-05
0.0427652 0.0633562 0.470691 0.332152 0.0126169 9.9991E-05 0.0504234 0.00750741 0.020387
0.186469 0.0671512 0.0769175 0.564948 9.9973E-05 9.9973E-05 0.0953971 9.9973E-05 0.00881762
0.0578972 0.0192949 0.434456 0.36716 0.0534879 9.9973E-05 0.0674048 9.9973E-05 9.9973E-05
0.0384892 0.0389825 0.0330822 9.9982E-05 0.612403 9.9982E-05 0.0694456 0.0161689 0.191228
0.00809474 0.302999 0.115385 0.00557297 0.327455 0.0620626 9.9982E-05 9.9982E-05 0.178231
0.00545534 0.0506996 0.346056 9.9991E-05 0.329496 0.0658112 0.044571 0.0324027 0.125409
0.0653741 0.0376885 0.546596 0.0120863 0.144619 0.00495538 0.0464525 0.0348331 0.107395
0.0974962 0.0104287 0.171976 9.9982E-05 0.429785 0.0152805 0.0282243 9.9982E-05 0.246609
0.0554995 0.0368777 0.44476 0.0902187 0.149452 0.0790204 0.0297395 0.0554879 0.0589446
0.0494056 0.0238888 0.494071 9.9991E-05 0.229719 0.077814 0.0039669 0.0348294 0.086206
0.127528 0.0600049 0.413539 0.0686699 0.18145 0.0387942 9.9991E-05 0.0263573 0.0835576
0.0290372 0.11329 0.43565 9.9982E-05 0.26843 0.0715369 9.9982E-05 0.0110001 0.0708559
0.0635343 9.9982E-05 0.418194 9.9982E-05 0.222953 0.0376513 0.069519 0.00625959 0.181689
0.0873125 0.0456677 0.222639 9.9991E-05 0.405411 0.0106537 0.00161264 0.00725606 0.219347
0.0804623 0.035808 0.37732 9.9982E-05 0.290861 0.0202362 0.0506033 9.9982E-05 0.144509
0.0482455 0.10585 0.535711 0.0267001 0.137181 0.0400287 0.0365815 9.9991E-05 0.069602
0.0165984 0.0449631 0.580473 0.0489728 0.115282 0.0725484 0.0388406 0.0241476 0.0581745
0.115039 0.105508 0.268503 0.0694134 0.20895 0.0724625 0.0355783 0.0386794 0.0858661
0.0471865 0.119714 0.43751 0.032527 0.159387 0.0922741 9.9982E-05 9.9982E-05 0.111201
0.055033 0.0554894 0.30306 0.00616884 0.285155 0.0450333 0.033616 9.9991E-05 0.216345
0.0115863 0.075146 0.472813 0.0387317 0.241289 0.0380151 0.027118 0.032486 0.0628147
0.0180315 0.0653403 0.387686 9.9991E-05 0.338268 0.0790516 0.0642586 0.00147131 0.0457932
0.0653554 0.046328 0.519041 0.0359156 0.0614927 0.0314548 0.0406543 0.112288 0.0874702
9.9964E-05 9.9964E-05 0.422979 0.0398757 0.10014 0.104849 9.9964E-05 0.331756 9.9964E-05
9.9982E-05 0.0182987 0.549588 0.11352 0.0762953 0.116731 0.0224251 0.102942 9.9982E-05
0.0300884 0.0578435 0.410473 0.0728366 0.0867974 0.135121 9.99972E-05 0.151126 0.0556141
0.00650114 0.0512892 0.575799 0.112367 0.0156169 0.0975661 0.0168818 0.0884359 0.0355425
0.0079554 9.9973E-05 0.482332 0.125402 9.9973E-05 0.17066 9.9973E-05 0.197629 0.0157216
0.0192705 0.174161 0.458056 0.0994392 0.150902 9.9982E-05 0.0769179 9.9982E-05 0.0210539
0.070973 0.00880832 0.469549 0.0892267 0.03028 0.150611 9.9991E-05 0.150343 0.0301091
0.0369802 0.057933 0.00882841 0.342928 0.19709 0.17399 9.9982E-05 0.18205 9.9982E-05
9.9982E-05 9.9982E-05 0.594429 0.0706649 0.0931985 0.0972453 0.0403847 0.0800228 0.0238545
0.033576 0.0336501 0.531599 0.0478978 0.0781156 0.140565 0.0160527 0.118443 9.9991E-05
0.0595092 0.0705313 0.4895 0.0545865 0.0492468 0.163771 0.0309282 0.0818277 9.9991E-05
0.0253239 0.0786895 0.291206 0.251259 0.111037 0.0737554 9.9982E-05 0.16853 9.9982E-05
9.9982E-05 0.0364783 0.511162 0.0296969 0.0514342 0.149392 0.0400481 0.181589 9.9982E-05
9.9973E-05 0.0596021 0.538458 0.0829453 9.9973E-05 0.145119 9.9973E-05 0.112762 0.0608134
9.9946E-05 9.9946E-05 9.9946E-05 0.424605 9.9946E-05 0.142122 9.9946E-05 0.432673 9.9946E-05
0.00301761 0.041134 0.475317 0.0459994 0.115032 0.156396 0.00751117 0.15159 0.00400283
9.9973E-05 0.0379641 0.486962 0.136344 9.9973E-05 0.197733 0.0187574 0.12194 9.9973E-05
0.0149206 0.0972965 0.570923 0.0693019 0.0177936 0.107082 0.0154959 0.107087 9.9991E-05
9.9955E-05 9.9955E-05 0.541186 0.122538 9.9955E-05 0.158121 9.9955E-05 0.177654 9.9955E-05
0.0463394 9.9973E-05 0.51517 0.0615734 0.0755274 0.0757488 9.9973E-05 0.225341 9.9973E-05
0.0761174 0.438839 0.421239 9.9982E-05 0.0132405 0.0046829 0.00877455 0.0369071 9.9982E-05
0.124825 0.25317 0.433316 0.00537428 0.00428047 0.0898945 9.9991E-05 0.0572785 0.0317618
9.9946E-05 0.92468 9.9946E-05 0.0386405 9.9946E-05 9.9946E-05 9.9946E-05 9.9946E-05 0.0360797
9.9955E-05 0.911968 9.9955E-05 0.0201276 0.0587846 9.9955E-05 0.00862009 9.9955E-05 9.9955E-05
0.0143076 0.320978 0.497779 0.0395378 0.0172038 0.0131085 0.0212812 0.0757038 9.9991E-05
0.0149048 0.0950507 0.356081 0.087997 9.9973E-05 0.31915 9.9973E-05 0.126516 9.9973E-05
9.9964E-05 0.225448 0.320651 0.0350855 9.9964E-05 0.268246 9.9964E-05 0.15017 9.9964E-05
9.9964E-05 0.314392 0.14455 0.0688841 9.9964E-05 0.298645 9.9964E-05 0.173129 9.9964E-05
9.9964E-05 0.239798 0.311212 0.0402102 9.9964E-05 0.246621 9.9964E-05 0.16176 9.9964E-05
9.9964E-05 0.698086 0.0390459 0.143542 9.9964E-05 0.0433527 9.9964E-05 0.0755732 9.9964E-05
9.9964E-05 0.733416 0.0761694 0.0188149 9.9964E-05 0.057112 9.9964E-05 0.114088 9.9964E-05
0.00416579 0.363427 0.562412 0.00172868 0.0199283 0.0462605 9.9982E-05 0.00187738 9.9982E-05
9.9964E-05 0.494508 0.340133 9.9964E-05 9.9964E-05 0.0904683 0.0102133 0.0642777 9.9964E-05
9.9955E-05 0.722034 0.168556 9.9955E-05 9.9955E-05 0.0346604 9.9955E-05 0.0742501 9.9955E-05
9.9982E-05 0.278715 0.506054 9.9982E-05 0.0948206 0.0430982 0.00613984 0.0530663 0.017906
9.9973E-05 0.359777 0.516316 9.9973E-05 9.9973E-05 0.0538849 0.0107318 0.0446228 0.0143673
0.062761 0.304658 0.435261 9.9982E-05 0.00142217 0.0854889 0.0450264 0.065183 9.9982E-05
0.0421986 0.659099 0.290471 9.9955E-05 9.9955E-05 9.9955E-05 9.9955E-05 0.00773205 9.9955E-05
0.00607734 0.521863 0.368176 0.0202825 0.0699645 9.9982E-05 9.9982E-05 0.00334539 0.0100907
0.03061 0.333344 0.496153 0.0280843 0.00742149 0.0264476 9.9991E-05 0.0246112 0.0532283
0.00765131 0.366231 0.451861 0.0634369 9.9982E-05 9.9982E-05 0.0366658 0.0251047 0.0488488
0.0288485 0.277898 0.494493 9.9991E-05 0.0107103 0.0630427 0.0199896 0.0982866 0.00663169
0.0268746 0.437364 0.423268 0.0608339 0.0457434 9.9982E-05 0.00271292 0.00300312 9.9982E-05
9.9964E-05 0.821775 0.158242 9.9964E-05 0.000124758 9.9964E-05 0.0160916 9.9964E-05 0.00336698
9.9946E-05 0.398004 0.588829 9.9946E-05 9.9946E-05 9.9946E-05 9.9946E-05 0.0125674 9.9946E-05
0.0139032 0.796961 0.0901857 9.9982E-05 0.016995 0.0306921 0.00277844 9.9982E-05 0.048284
9.9955E-05 0.541465 0.404043 9.9955E-05 9.9955E-05 9.9955E-05 0.0160316 0.0379611 9.9955E-05
0.0276712 0.340229 0.487344 9.9973E-05 9.9973E-05 9.9973E-05 0.0215584 0.103773 0.0191251
0.0644187 0.31534 0.482743 9.9982E-05 0.0261328 0.0272451 9.9982E-05 0.0711954 0.0127258
9.9982E-05 0.0643076 0.516358 0.0821938 0.0180281 0.116085 0.0280623 0.174765 9.9982E-05
0.0411767 0.103819 0.428896 0.0488476 0.00761604 0.138768 0.0448549 0.179236 0.00678499
9.9964E-05 0.0950756 0.312558 0.169759 9.9964E-05 0.244422 9.9964E-05 0.177786 9.9964E-05
9.9982E-05 0.0835402 0.325556 0.13096 0.0381803 0.214346 0.010793 0.196425 9.9982E-05
0.0736712 0.0824644 0.484571 0.00887118 9.9991E-05 0.129833 0.00580511 0.17101 0.0436741
0.0257944 0.168672 0.423449 0.0663951 9.9982E-05 0.12303 0.0264147 0.166045 9.9982E-05
9.9955E-05 0.688284 9.9955E-05 0.0591278 9.9955E-05 0.0816578 9.9955E-05 0.17043 9.9955E-05
9.9973E-05 0.158273 0.528584 0.0520447 9.9973E-05 0.176443 9.9973E-05 0.0806059 0.00375075
9.9955E-05 0.333489 9.9955E-05 0.250217 9.9955E-05 0.0961425 9.9955E-05 0.319651 9.9955E-05
9.9955E-05 0.349526 0.427177 9.9955E-05 9.9955E-05 0.174211 9.9955E-05 0.0485867 9.9955E-05
9.9937E-05 0.940314 0.0589869 9.9937E-05 9.9937E-05 9.9937E-05 9.9937E-05 9.9937E-05 9.9937E-05
0.0679712 0.931329 9.9937E-05 9.9937E-05 9.9937E-05 9.9937E-05 9.9937E-05 9.9937E-05 9.9937E-05
9.9937E-05 0.552557 0.446743 9.9937E-05 9.9937E-05 9.9937E-05 9.9937E-05 9.9937E-05 9.9937E-05
9.9964E-05 0.417098 0.565662 9.9964E-05 9.9964E-05 0.00426459 0.00221423 0.010361 9.9964E-05
9.9937E-05 0.631297 0.368003 9.9937E-05 9.9937E-05 9.9937E-05 9.9937E-05 9.9937E-05 9.9937E-05
9.9937E-05 0.440778 0.558523 9.9937E-05 9.9937E-05 9.9937E-05 9.9937E-05 9.9937E-05 9.9937E-05
9.9937E-05 0.496928 0.502373 9.9937E-05 9.9937E-05 9.9937E-05 9.9937E-05 9.9937E-05 9.9937E-05
0.00253766 0.0165561 9.9982E-05 9.9982E-05 0.0387553 0.0271161 0.010948 0.852523 0.051364
0.00965167 0.018249 0.0302791 0.0205832 0.0243766 0.0768869 0.0277783 0.74701 0.0451855
9.9955E-05 9.9955E-05 0.0285214 9.9955E-05 9.9955E-05 0.0147444 0.032141 0.924093 9.9955E-05
9.9946E-05 9.9946E-05 0.0451435 0.0160296 9.9946E-05 9.9946E-05 9.9946E-05 0.938227 9.9946E-05
0.361208 0.0214217 0.480791 0.0257927 0.0262569 0.0538399 9.9982E-05 0.0304892 9.9982E-05
0.347067 9.9982E-05 0.501498 9.9982E-05 0.0901905 0.00194891 0.0212636 0.0370641 0.000768784
0.401347 9.9973E-05 0.459717 9.9973E-05 0.0945706 9.9973E-05 0.00970521 0.0118683 0.0224919
0.244757 9.9964E-05 0.577133 9.9964E-05 0.0860464 9.9964E-05 0.0112098 0.0804546 9.9964E-05
0.138663 9.9991E-05 0.567761 0.11698 0.0244139 0.00991594 0.0505535 0.0755465 0.0160672
0.522173 9.9964E-05 0.25041 9.9964E-05 0.158411 9.9964E-05 0.0386653 0.0299413 9.9964E-05
0.339124 9.9964E-05 0.587727 9.9964E-05 0.0526991 0.0144363 9.9964E-05 0.00561347 9.9964E-05
0.56283 0.0653214 0.272503 0.0966482 9.9964E-05 0.00229746 9.9964E-05 9.9964E-05 9.9964E-05
9.9982E-05 9.9982E-05 0.41772 0.0372182 0.0345336 0.163612 0.0080582 0.293391 0.0452668
0.382119 0.0970108 0.433605 0.0634608 0.0200192 9.9973E-05 9.9973E-05 9.9973E-05 0.00348568
0.538066 9.9973E-05 0.356436 9.9973E-05 0.0444773 9.9973E-05 0.0108808 0.0189488 0.030892
0.377126 0.0422535 0.508983 0.0361738 0.0136339 9.9982E-05 0.019064 0.00256603 9.9982E-05
0.427666 9.9973E-05 0.390464 9.9973E-05 0.0551824 0.0251919 0.033116 9.9973E-05 0.0680796
0.362685 0.0543531 0.55622 0.0143019 9.9964E-05 0.0120408 9.9964E-05 9.9964E-05 9.9964E-05
0.267049 0.0240291 0.547547 9.9982E-05 0.0444438 9.9982E-05 0.0298586 0.079042 0.00783033
0.828558 0.0637783 9.9946E-05 0.107064 9.9946E-05 9.9946E-05 9.9946E-05 9.9946E-05 9.9946E-05
0.53996 0.0759257 0.292298 0.0618946 0.00945649 0.0201655 9.9973E-05 9.9973E-05 9.9973E-05
0.608739 0.0321317 0.307975 0.0152085 9.9964E-05 0.0355462 9.9964E-05 9.9964E-05 9.9964E-05
0.780985 0.0771244 9.9946E-05 0.141291 9.9946E-05 9.9946E-05 9.9946E-05 9.9946E-05 9.9946E-05
0.418026 9.9973E-05 0.397566 9.9973E-05 0.098861 9.9973E-05 0.0418558 0.0299719 0.0134202
0.615525 0.0706419 0.060794 0.25254 9.9955E-05 9.9955E-05 9.9955E-05 9.9955E-05 9.9955E-05
0.80952 0.0261039 9.9946E-05 0.163777 9.9946E-05 9.9946E-05 9.9946E-05 9.9946E-05 9.9946E-05
0.320885 0.0386712 0.554997 0.00332559 9.9982E-05 0.00813494 9.9982E-05 0.0603909 0.0133948
0.571423 9.9973E-05 0.158875 9.9973E-05 0.160599 9.9973E-05 0.0633149 0.0328824 0.0126054
0.412841 9.9982E-05 0.444044 0.0245201 0.0578871 0.0179492 0.0352528 0.00730554 9.9982E-05
0.16947 0.0376559 0.520598 0.0301252 0.00854431 0.0599877 0.0182343 0.0996798 0.0557045
0.357431 9.9955E-05 0.487376 9.9955E-05 0.11433 9.9955E-05 9.9955E-05 0.0403633 9.9955E-05
0.0326214 0.13259 0.302666 0.135898 0.293878 9.9982E-05 0.0584321 9.9982E-05 0.0437153
0.336098 9.9973E-05 0.507156 9.9973E-05 9.9973E-05 0.0425588 0.0602809 0.0287131 0.024893
0.358037 9.9964E-05 0.465978 9.9964E-05 0.10888 9.9964E-05 9.9964E-05 0.0251377 0.0415677
0.521742 0.0565718 0.306212 0.0643093 0.0507651 9.9964E-05 9.9964E-05 9.9964E-05 9.9964E-05
0.261855 0.0186036 0.468912 0.00758875 0.0313021 0.0545204 0.0210078 0.0855508 0.0506596
0.0145333 9.9964E-05 9.9964E-05 0.054731 9.9964E-05 9.9964E-05 0.099815 0.652915 0.177606
0.0525434 9.9964E-05 9.9964E-05 0.0424889 9.9964E-05 9.9964E-05 0.0418517 0.757815 0.104901
9.9955E-05 9.9955E-05 9.9955E-05 0.0432803 9.9955E-05 9.9955E-05 0.0331206 0.843335 0.0797648
9.9955E-05 9.9955E-05 9.9955E-05 0.0464344 9.9955E-05 9.9955E-05 0.0722097 0.822898 0.057958
9.9973E-05 9.9973E-05 0.0175603 0.0652404 0.0250255 9.9973E-05 0.0821788 0.725266 0.084429
0.627248 9.9973E-05 0.0880674 9.9973E-05 0.156582 9.9973E-05 0.0214247 0.0496095 0.056768
