0.00666337 0.939598 0.0536384 9.9991E-05
0.00240077 0.977948 0.0195507 9.9991E-05
0.0732031 0.911992 9.9991E-05 0.0147051
0.14049 0.856737 0.00267325 9.9991E-05
0.0639852 0.935815 9.9982E-05 9.9982E-05
0.0714409 0.692586 0.0726123 0.163361
0.00365661 0.848003 0.0194619 0.128878
0.0245684 0.776598 0.0384049 0.160428
9.9982E-05 0.86633 9.9982E-05 0.13347
0.040322 0.803206 0.0300121 0.12646
0.112109 0.807276 9.9991E-05 0.0805145
0.374699 0.146136 9.9991E-05 0.479064
0.643821 0.125957 0.0416266 0.188595
0.38535 0.119248 0.0454281 0.449973
0.423666 0.131474 0.0697831 0.375077
0.513064 0.162815 0.100623 0.223498
0.624285 0.0763813 0.0952702 0.204064
0.606071 0.0809121 0.0196099 0.293407
0.375032 0.211821 0.0458972 0.36725
0.165151 0.148011 9.9991E-05 0.686738
0.545118 0.101544 0.0225962 0.330742
0.481535 0.0671234 0.0878957 0.363446
0.665701 0.10314 9.9991E-05 0.231059
0.360336 0.159332 0.0225658 0.457766
0.721789 0.126065 0.0600351 0.0921112
0.661927 0.0987927 9.9991E-05 0.23918
0.386765 0.126051 9.9991E-05 0.487085
0.427686 0.133129 0.0436385 0.395547
0.333261 0.0977739 9.9991E-05 0.568865
0.080079 0.887663 0.0321581 9.9991E-05
0.0962598 0.877006 0.0266342 9.9991E-05
0.0944047 0.821288 0.0842068 9.9991E-05
0.158152 0.758585 0.0831628 9.9991E-05
0.630585 0.120294 9.9991E-05 0.249021
0.641422 0.097994 0.0455408 0.215043
0.680157 9.9991E-05 0.0284439 0.291299
0.31126 0.128141 9.9991E-05 0.560499
0.468255 9.9991E-05 0.00848488 0.52316
0.673773 0.122673 0.0188323 0.184723
0.801826 0.0734296 0.022511 0.102234
0.641163 0.160311 9.9991E-05 0.198426
0.678772 0.138012 0.0227352 0.16048
0.377787 0.018441 9.9991E-05 0.603672
0.687493 0.101372 0.0367408 0.174394
0.689829 0.0639491 0.0336803 0.212542
0.74158 0.117058 0.0199156 0.121446
0.543221 9.9982E-05 9.9982E-05 0.456579
0.736231 0.132649 9.9991E-05 0.13102
0.687516 0.101606 0.0280382 0.18284
9.9982E-05 9.9982E-05 0.0298929 0.969907
0.287716 0.0676891 9.9991E-05 0.644495
0.193379 0.0330106 0.11049 0.66312
0.634427 0.103662 0.0778772 0.184034
0.655649 0.100027 0.102281 0.142043
0.713645 0.11863 0.0387508 0.128975
0.31723 0.192591 9.9991E-05 0.490079
0.610225 0.0854451 0.0105021 0.293828
0.64112 0.111772 0.045261 0.201847
0.524802 0.173904 0.00542873 0.295866
0.233205 0.244426 9.9991E-05 0.522269
0.606767 0.114129 0.0738989 0.205205
0.567634 0.130925 0.0422173 0.259223
0.192673 0.156274 9.9991E-05 0.650953
0.55936 0.0651888 9.9991E-05 0.375351
0.659891 0.0615567 0.0696694 0.208883
0.718634 0.134374 9.9991E-05 0.146892
0.394831 0.157723 0.00655781 0.440889
0.580927 0.104799 0.0542318 0.260042
0.652554 0.101546 0.0409892 0.204911
0.3286 0.121907 9.9991E-05 0.549393
0.66818 9.9982E-05 9.9982E-05 0.33162
0.466049 0.00734453 9.9991E-05 0.526506
0.660955 0.125249 0.0313215 0.182475
0.226205 9.9982E-05 9.9982E-05 0.773595
0.214018 9.9982E-05 9.9982E-05 0.785782
0.471548 9.9982E-05 9.9982E-05 0.528252
0.642371 0.0514364 9.9991E-05 0.306092
0.633418 0.151378 0.064496 0.150708
0.683358 9.9991E-05 0.0263995 0.290142
0.38643 0.0460612 9.9991E-05 0.567409
0.500302 0.00059189 9.9991E-05 0.499006
0.614918 0.125938 0.0493818 0.209762
0.543395 0.0189127 9.9991E-05 0.437593
0.640103 0.0302441 9.9991E-05 0.329553
0.626804 9.9982E-05 9.9982E-05 0.372996
0.0155946 9.9991E-05 0.0817532 0.902552
0.752261 0.00733383 0.0369906 0.203414
0.110836 0.888964 9.9982E-05 9.9982E-05
0.0475448 0.951662 0.000693516 9.9991E-05
0.087812 0.857502 0.0545861 9.9991E-05
0.0104353 0.928242 0.0612225 9.9991E-05
9.9982E-05 0.959358 0.040442 9.9982E-05
0.0624779 0.885082 0.0523398 9.9991E-05
0.0518351 0.947965 9.9982E-05 9.9982E-05
0.622306 0.0729501 0.0825904 0.222154
0.658738 0.132631 0.0656013 0.143029
0.262963 0.0194345 9.9991E-05 0.717503
0.668005 0.114551 0.0199556 0.197488
0.608356 0.0364115 9.9991E-05 0.355133
0.686184 0.0787605 9.9991E-05 0.234956
0.654568 0.0674253 0.0328048 0.245202
0.6859 0.00999897 0.0472231 0.256878
0.235233 0.0555881 9.9991E-05 0.709079
0.620517 0.145721 0.0246707 0.209092
0.708493 0.110161 0.0485835 0.132763
0.668975 0.145528 0.0439272 0.14157
0.40063 9.9991E-05 0.0231221 0.576148
0.647923 9.9991E-05 0.00978722 0.34219
0.661799 0.0084053 9.9991E-05 0.329695
0.559525 9.9982E-05 9.9982E-05 0.440275
0.631105 0.042826 9.9991E-05 0.325969
0.622732 0.109334 0.0400441 0.227889
0.365674 0.0766199 0.0811538 0.476552
0.51223 0.169895 9.9991E-05 0.317775
0.583083 0.143964 0.082819 0.190134
0.647855 0.136661 0.0572565 0.158227
0.566772 0.117129 9.9991E-05 0.315999
0.674265 0.0999907 0.0428157 0.182929
0.557051 0.142232 9.9991E-05 0.300617
0.576988 0.0874233 0.0717335 0.263855
0.700949 0.114898 0.0310888 0.153064
0.681961 0.145763 9.9991E-05 0.172176
0.664913 0.0865384 9.9991E-05 0.248449
0.706535 0.085097 0.0564564 0.151912
0.619374 0.162817 0.0744806 0.143328
0.639156 0.0374102 0.0900569 0.233377
0.595372 0.13728 0.0696892 0.197658
0.647616 0.0559965 0.0717145 0.224672
0.338667 0.126351 0.0973922 0.43759
0.675548 0.0902945 0.0446345 0.189523
0.687554 0.0318625 0.0767835 0.2038
0.35342 0.116419 9.9991E-05 0.530061
0.178466 0.0214605 0.104722 0.695351
0.622258 0.0835092 0.0206566 0.273577
0.144062 9.9991E-05 0.0709761 0.784862
0.467843 0.103574 9.9991E-05 0.428483
0.571685 0.0501886 9.9991E-05 0.378026
0.468259 0.0975918 9.9991E-05 0.43405
0.461354 0.0635474 9.9991E-05 0.474999
0.659248 0.0686481 0.0384467 0.233657
0.589025 0.173026 0.0577663 0.180183
0.709717 0.0760741 0.0325703 0.181638
0.241804 0.0575216 0.0457303 0.654945
0.541662 0.158734 0.0839309 0.215673
0.546844 0.124978 0.0485489 0.279629
9.9991E-05 0.151013 0.0548097 0.794077
0.720133 0.0925407 0.0793587 0.107968
0.283819 0.105854 0.114469 0.495858
0.541726 0.142948 0.0928339 0.222491
0.273706 0.139587 0.0341643 0.552544
0.11799 0.103681 0.0434868 0.734842
0.462604 0.0874647 0.0570702 0.392861
0.536054 0.177788 0.0874925 0.198665
0.479478 0.202151 0.0559103 0.26246
0.133229 0.0480397 0.155913 0.662818
0.577944 0.0959848 0.0954355 0.230635
0.392668 9.9991E-05 0.0251632 0.582068
0.511118 9.9991E-05 0.0300835 0.458699
0.61532 0.108076 0.10075 0.175853
0.108269 0.397983 0.303338 0.190411
9.9991E-05 0.514897 0.217239 0.267764
9.9991E-05 0.496938 0.201044 0.301918
0.0542094 0.38159 0.32839 0.235811
0.666054 0.0394564 0.0129493 0.28154
0.701495 0.0982095 0.0564088 0.143886
0.334803 9.9982E-05 0.664997 9.9982E-05
0.430553 0.0487468 0.466602 0.0540977
0.425826 0.113966 0.378511 0.0816962
0.300551 0.0184126 0.089255 0.591782
0.56759 0.12374 0.0419854 0.266685
0.306301 9.9991E-05 0.0569462 0.636653
0.621129 0.0687496 0.0378398 0.272282
0.493077 0.0474502 0.0903082 0.369165
0.607503 0.0313191 0.0647383 0.296439
0.232226 0.0114084 0.101675 0.65469
0.692318 0.0893057 0.0724765 0.1459
0.661601 0.133642 0.0228391 0.181917
0.0419672 9.9982E-05 0.957833 9.9982E-05
0.125825 9.9982E-05 0.873975 9.9982E-05
0.346637 0.093487 0.543473 0.0164036
0.34701 9.9982E-05 0.65279 9.9982E-05
0.175054 0.0181323 0.806713 9.9991E-05
9.998E-05 9.998E-05 0.9997 9.998E-05
0.0366692 9.9991E-05 0.960943 0.00228758
0.181284 9.9982E-05 0.818516 9.9982E-05
0.0268791 0.0280683 0.944953 9.9991E-05
9.998E-05 9.998E-05 0.9997 9.998E-05
9.998E-05 9.998E-05 0.9997 9.998E-05
0.2102 9.9982E-05 0.7896 9.9982E-05
0.159505 0.0533749 0.77735 0.0097706
9.998E-05 9.998E-05 0.9997 9.998E-05
0.399597 0.11347 0.406542 0.080391
0.272257 0.0498223 0.653359 0.024562
0.159938 0.0408624 0.7991 9.9991E-05
0.106319 0.00941611 0.884165 9.9991E-05
9.998E-05 9.998E-05 0.9997 9.998E-05
0.0438881 9.9982E-05 0.955912 9.9982E-05
9.998E-05 9.998E-05 0.9997 9.998E-05
0.298966 0.0734457 0.627488 9.9991E-05
0.0358427 0.000773103 0.963284 9.9991E-05
9.9991E-05 0.316134 0.144183 0.539582
0.354423 0.240391 0.140293 0.264893
0.472976 0.203544 0.122107 0.201372
0.167902 0.218747 0.206138 0.407212
0.424602 0.148384 0.181372 0.245642
0.092052 0.273851 0.202604 0.431493
0.433438 0.197559 0.160788 0.208214
0.336362 0.226163 0.154095 0.28338
0.476029 0.21131 0.164702 0.14796
0.321431 0.235209 0.187992 0.255368
0.438737 0.190133 0.182094 0.189036
0.0529741 0.92777 0.00713624 0.01212
9.9982E-05 0.920345 0.0794555 9.9982E-05
0.0217581 0.978042 9.9982E-05 9.9982E-05
9.998E-05 0.9997 9.998E-05 9.998E-05
0.0593461 0.940454 9.9982E-05 9.9982E-05
9.9982E-05 0.981318 0.018482 9.9982E-05
0.0211269 0.959517 0.0192565 9.9991E-05
0.00122823 0.964682 9.9991E-05 0.0339898
0.0132225 0.924373 0.0257947 0.0366094
0.0101211 0.924226 0.0307416 0.0349109
9.9982E-05 0.671154 9.9982E-05 0.328646
9.9982E-05 0.680025 9.9982E-05 0.319776
0.0173319 0.617638 9.9991E-05 0.36493
0.00280078 0.543779 9.9991E-05 0.453321
0.619115 0.086153 9.9991E-05 0.294632
0.610825 0.0688118 0.0386682 0.281695
0.658259 0.0550194 0.0446282 0.242093
0.513973 0.0604413 9.9991E-05 0.425486
0.336187 0.0774946 9.9991E-05 0.586218
0.766726 0.0646159 0.0206646 0.147993
0.729177 9.9991E-05 0.00678512 0.263938
0.650371 0.00694888 0.0295289 0.313151
0.567349 9.9982E-05 9.9982E-05 0.432451
0.725553 0.0786343 0.0576519 0.13816
0.634425 0.00688596 9.9991E-05 0.358589
0.164258 9.9982E-05 9.9982E-05 0.835542
0.665251 0.129086 0.015475 0.190188
0.357891 9.9982E-05 9.9982E-05 0.641909
0.704648 0.018043 9.9991E-05 0.277209
0.397603 0.0165366 9.9991E-05 0.58576
0.0623736 0.287447 9.9991E-05 0.650079
0.141988 0.243236 9.9991E-05 0.614676
0.089155 0.251775 9.9991E-05 0.65897
0.0378638 0.273499 9.9991E-05 0.688537
0.187687 0.183979 9.9991E-05 0.628234
0.190559 0.220477 9.9991E-05 0.588864
0.0281466 0.890705 0.0616992 0.0194487
0.090878 0.835399 0.0369146 0.0368083
0.117138 0.800702 0.0632482 0.0189113
0.022387 0.863888 0.0913184 0.022407
0.123108 0.805898 0.0705673 0.000426802
0.0180981 0.514689 9.9991E-05 0.467113
9.9982E-05 0.545067 9.9982E-05 0.454733
0.0658924 0.546193 9.9991E-05 0.387815
0.118931 0.880869 9.9982E-05 9.9982E-05
0.011713 0.517638 9.9991E-05 0.470549
0.257133 0.272839 0.365907 0.104121
0.541407 0.163939 0.267682 0.0269719
0.56991 0.190742 0.239248 9.9991E-05
0.347619 0.298549 0.294185 0.0596466
0.554088 0.186701 0.144507 0.114704
9.9991E-05 0.463531 0.349313 0.187056
0.542404 0.0843432 9.9991E-05 0.373153
0.493704 0.0338902 0.0401785 0.432228
0.406828 0.0827257 9.9991E-05 0.510346
0.609486 0.00043399 0.0275329 0.362547
9.9982E-05 9.9982E-05 0.014141 0.985659
0.660174 0.129068 0.042908 0.16785
0.578245 0.0390519 0.0724104 0.310293
0.434373 0.129934 9.9991E-05 0.435593
0.658927 0.109933 0.044616 0.186523
0.22597 9.9991E-05 0.0233653 0.750564
0.600554 0.0683302 0.0367213 0.294394
0.619427 0.0886329 9.9991E-05 0.29184
0.478677 0.113305 0.170426 0.237593
0.378073 0.0208174 0.061301 0.539808
0.48676 0.0216513 0.0651038 0.426485
0.661514 0.0195623 0.0417737 0.27715
0.647502 0.0192455 0.0231357 0.310116
0.678609 0.0605161 0.089979 0.170896
0.639258 0.116204 0.0496915 0.194847
0.603958 0.0840008 0.0958917 0.21615
0.0795507 0.864046 0.0563034 9.9991E-05
0.0889269 0.89077 0.0202032 9.9991E-05
0.0639121 0.931637 9.9991E-05 0.00435089
0.00840222 0.931079 0.0557843 0.00473442
0.0893582 0.910442 9.9982E-05 9.9982E-05
0.256351 0.145458 9.9991E-05 0.59809
0.60469 0.0856849 0.0603924 0.249233
0.389208 0.181042 0.309507 0.120244
0.720273 0.0609442 0.0519979 0.166785
0.576845 0.129078 0.0121157 0.281961
0.314917 0.0270685 0.0736062 0.584408
0.113739 0.194344 9.9991E-05 0.691818
0.577088 0.136307 9.9991E-05 0.286506
0.338938 0.167873 9.9991E-05 0.493089
0.53715 0.076823 0.0375232 0.348504
0.24612 0.206791 9.9991E-05 0.546989
0.668193 0.108563 0.0335 0.189744
0.268871 0.137129 9.9991E-05 0.5939
0.297395 0.0244189 0.148192 0.529994
0.59084 0.0995319 0.0565317 0.253096
0.370871 0.0195463 0.0143991 0.595183
0.582154 0.0402746 0.0342353 0.343336
0.544059 0.168729 0.0550135 0.232198
0.335577 0.055461 0.00101214 0.60795
0.59475 0.115851 0.0638442 0.225555
0.567126 0.0839746 0.00126605 0.347634
0.216608 9.9991E-05 0.00642466 0.776867
0.240067 0.0255845 0.0400244 0.694324
0.545208 0.0531824 9.9991E-05 0.40151
0.157766 0.0303695 0.00608349 0.805781
0.499556 9.9991E-05 0.0503646 0.44998
0.309892 0.12071 9.9991E-05 0.569297
0.24528 9.9991E-05 0.131788 0.622831
0.527711 0.110336 0.0312921 0.330662
0.65534 0.0881277 0.0378691 0.218663
0.386554 0.0694697 9.9991E-05 0.543876
0.583578 0.108641 0.0802259 0.227555
0.630179 0.0805708 0.0713094 0.21794
0.558269 0.0489617 0.0740625 0.318707
0.556131 0.0515026 0.0934309 0.298935
0.606837 0.107472 9.9991E-05 0.285591
0.405892 0.0693943 0.0151686 0.509545
0.543245 0.0673674 9.9991E-05 0.389287
0.619676 0.0233103 0.0701538 0.28686
0.667199 0.0512596 0.0971232 0.184418
0.397304 0.0890122 0.107181 0.406503
0.536929 0.00639705 0.116477 0.340197
0.465514 0.0853032 0.0369939 0.412189
0.657888 0.0610263 0.051013 0.230073
0.566747 0.103842 0.0716274 0.257783
0.641126 0.0903804 0.0519048 0.216589
0.474941 0.340302 0.133038 0.0517188
0.540454 0.139157 0.189998 0.130391
0.520386 0.230539 0.145563 0.103511
0.557236 0.145055 0.156394 0.141316
0.463666 0.213599 0.231956 0.0907793
0.589582 9.9991E-05 0.0296221 0.380696
0.531955 0.179308 0.120048 0.168689
0.00298961 0.216674 0.259878 0.520459
0.595496 0.0901767 0.160133 0.154194
0.553301 0.159181 0.182628 0.104889
0.570143 0.151788 0.176136 0.101933
0.310058 0.201535 0.171425 0.316982
0.627102 0.19782 0.158745 0.0163336
0.501709 0.13437 0.221347 0.142574
9.9991E-05 0.510529 0.188577 0.300794
0.519 0.19456 0.190493 0.0959468
0.56772 0.179405 0.212901 0.0399739
0.644002 0.100889 0.123251 0.131858
0.537143 0.200709 0.239663 0.0224851
0.584152 0.24358 0.115271 0.0569972
0.507605 0.0306395 0.0848482 0.376907
0.560979 0.0635561 0.0845906 0.290874
9.9982E-05 9.9982E-05 0.0691537 0.930646
0.0844302 9.9991E-05 0.0409631 0.874507
0.543203 0.0854964 0.090766 0.280535
0.343277 0.171703 0.366965 0.118055
0.357583 0.159797 0.35424 0.12838
0.163207 0.158828 0.405031 0.272933
0.347735 0.160908 0.324821 0.166535
0.0727935 0.0789943 0.195886 0.652326
0.150044 0.0658267 0.186276 0.597853
0.628593 0.0014762 0.10521 0.264721
0.427666 0.0643152 0.18522 0.322798
0.264365 0.0179368 0.16485 0.552848
0.560819 0.0510403 0.134855 0.253286
0.61667 0.0365609 0.11586 0.230909
0.523449 0.0607723 0.1573 0.258479
0.403411 9.9991E-05 0.0724521 0.524036
0.500672 0.0229556 0.03286 0.443512
0.620176 0.0384688 0.0210577 0.320298
0.501348 0.0684039 0.0754507 0.354798
0.509597 0.103288 0.126507 0.260608
0.532739 9.9991E-05 0.0448767 0.422284
0.273003 9.9991E-05 0.0666925 0.660204
0.70307 0.00585213 0.0694807 0.221597
0.256189 9.9991E-05 0.0635138 0.680197
0.528884 0.00661571 0.0689184 0.395582
0.615246 0.087127 0.0115614 0.286065
0.568567 0.0853626 0.0658638 0.280206
0.489545 0.186369 0.16078 0.163306
0.472656 0.144882 0.167436 0.215026
0.313787 0.228215 0.329968 0.128029
0.338328 0.194026 0.273653 0.193993
0.461641 0.170108 0.202839 0.165411
0.495012 0.174527 0.172576 0.157885
9.9991E-05 0.139753 0.25403 0.606117
0.581023 0.123738 0.21976 0.0754798
9.9991E-05 0.332017 0.214209 0.453675
0.540583 0.0584636 0.216472 0.184481
0.296528 9.9991E-05 0.00599843 0.697373
0.0752863 9.9991E-05 0.0518031 0.872811
0.590327 9.9991E-05 0.0339873 0.375586
0.615496 0.0243912 0.0755918 0.284521
0.530835 9.9991E-05 0.0263426 0.442723
0.655679 9.9991E-05 0.0518386 0.292383
0.631469 9.9991E-05 0.029371 0.33906
0.0364151 0.907189 0.01433 0.0420663
0.0567824 0.785066 0.083238 0.0749137
0.00709317 0.951783 0.0295557 0.0115683
0.0260533 0.967968 0.00587833 9.9991E-05
0.667395 0.0526847 0.0234068 0.256514
0.693733 0.0361017 9.9991E-05 0.270065
0.719293 0.0133869 9.9991E-05 0.26722
0.701519 0.0817438 0.00548659 0.21125
0.656682 0.0966983 0.0362913 0.210329
0.475148 0.0583727 9.9991E-05 0.46638
0.807826 0.0170763 9.9991E-05 0.174998
0.434621 9.9991E-05 0.0199298 0.54535
0.416577 0.366498 0.148741 0.0681844
0.582804 0.00125454 0.0309604 0.384981
0.562339 0.0273699 9.9991E-05 0.410191
0.683514 9.9991E-05 0.00968105 0.306705
0.613392 0.0212599 9.9991E-05 0.365248
0.730622 9.9982E-05 9.9982E-05 0.269178
0.697945 0.0809817 9.9991E-05 0.220974
0.264474 9.9982E-05 9.9982E-05 0.735326
0.500448 9.9991E-05 0.0128225 0.486629
0.527286 9.9991E-05 0.0088089 0.463805
0.105816 9.9982E-05 9.9982E-05 0.893984
0.614514 0.0688449 9.9991E-05 0.316542
0.260035 9.9982E-05 9.9982E-05 0.739765
0.0805016 9.9982E-05 9.9982E-05 0.919298
0.696458 0.0277465 0.0385587 0.237237
0.405486 0.0124101 9.9991E-05 0.582003
0.632063 0.0510423 0.00270001 0.314194
0.668352 0.114194 0.0444271 0.173027
0.678622 0.0455434 9.9991E-05 0.275734
0.399158 9.9991E-05 0.0774273 0.523315
0.694063 0.0653283 0.00779153 0.232817
0.668418 0.0107562 9.9991E-05 0.320725
0.493402 9.9991E-05 0.010374 0.496124
0.648295 0.129095 0.0171018 0.205508
9.9982E-05 0.747372 9.9982E-05 0.252428
0.00466427 0.830202 9.9991E-05 0.165034
9.9982E-05 0.901254 9.9982E-05 0.0985456
9.9982E-05 0.87501 9.9982E-05 0.12479
0.0378823 0.811766 9.9991E-05 0.150252
0.37043 0.0468658 9.9991E-05 0.582604
0.374245 0.0345688 9.9991E-05 0.591086
0.415608 9.9991E-05 0.0047945 0.579498
0.643844 0.0744382 0.0969245 0.184793
0.655244 0.1573 0.0177582 0.169698
0.454536 9.9991E-05 0.0289815 0.516383
0.670613 0.013542 0.105908 0.209937
0.517379 0.00772433 0.0775587 0.397338
0.716747 0.0242745 9.9991E-05 0.258878
0.720878 0.0592169 0.0655092 0.154396
0.437972 0.00883264 9.9991E-05 0.553096
0.544067 0.00340694 9.9991E-05 0.452426
0.535726 0.0206615 9.9991E-05 0.443513
0.682858 0.146676 0.0323851 0.138081
0.619067 0.0178436 9.9991E-05 0.36299
0.585726 0.0423251 9.9991E-05 0.371849
0.510559 0.0847327 0.383759 0.0209489
0.365362 0.11264 0.472452 0.0495463
0.448158 0.12682 0.424923 9.9991E-05
0.24429 0.185105 0.570505 9.9991E-05
0.473109 0.130565 0.317358 0.0789684
0.62769 0.0540522 0.0250877 0.29317
0.0121989 0.261381 0.669714 0.0567058
0.31277 0.179398 0.472742 0.0350902
0.37901 0.189345 0.211462 0.220183
0.610145 0.207114 0.00527943 0.177461
0.552773 0.17553 0.0264006 0.245296
0.645906 0.179493 0.0242264 0.150375
0.65628 0.188419 0.032052 0.12325
0.333348 0.175679 0.490873 9.9991E-05
0.424078 0.142224 0.384413 0.0492841
0.397517 0.0793406 0.523043 9.9991E-05
0.465277 0.170056 0.285283 0.0793832
0.232552 0.184602 0.526335 0.0565116
0.426798 0.150607 0.387938 0.034657
0.278842 0.141202 0.551145 0.02881
0.444124 0.141207 0.359714 0.0549554
0.554759 0.17101 0.00973629 0.264495
0.370393 0.164403 0.385655 0.0795493
0.135888 0.231005 0.615982 0.017125
0.441321 0.154104 0.359359 0.0452154
0.379462 0.252569 9.9991E-05 0.367869
0.682866 0.0720189 0.0775608 0.167554
0.414931 0.142999 0.384049 0.0580205
0.621156 0.210899 9.9991E-05 0.167845
0.548577 0.207884 0.01783 0.225709
0.382119 0.21062 0.251399 0.155863
0.371066 0.227417 0.305667 0.0958504
0.57296 0.139371 0.092323 0.195346
0.44749 0.167078 0.336448 0.0489839
0.429395 0.126894 0.443612 9.9991E-05
0.123445 0.191153 0.665328 0.0200737
0.661239 0.12706 0.0543649 0.157336
0.513328 0.181005 9.9991E-05 0.305567
0.1223 0.127833 0.123876 0.625991
0.637068 0.173565 0.0314564 0.157911
0.428985 0.142559 0.0557574 0.372698
0.520601 0.189806 0.195345 0.0942471
0.521293 0.162935 0.121165 0.194606
9.9991E-05 0.399162 0.187458 0.41328
9.9991E-05 0.360406 0.161096 0.478398
0.282425 0.185709 0.185287 0.346579
0.0166759 0.359582 0.241293 0.382449
9.9991E-05 0.501522 0.247123 0.251255
0.363064 0.216045 0.161835 0.259057
0.368391 0.243178 0.177709 0.210722
0.0921896 0.295876 0.252248 0.359686
0.0513552 0.289947 0.219821 0.438876
0.48687 0.202545 0.160252 0.150333
0.14243 0.259068 0.230492 0.36801
9.9991E-05 0.418649 0.158293 0.422959
0.525362 0.14498 0.1437 0.185958
0.321511 0.21989 0.253416 0.205184
0.424578 0.331276 0.182021 0.062125
0.588091 0.170273 0.241536 9.9991E-05
0.581922 0.15371 0.22153 0.042838
0.451311 0.165936 0.299849 0.0829035
0.369325 0.392934 0.200078 0.0376625
0.496463 0.23274 0.202924 0.0678734
0.522231 0.26998 0.207689 9.9991E-05
0.260718 0.256185 0.313797 0.169299
0.430437 0.229853 0.100538 0.239172
0.481307 0.238239 0.175578 0.104876
0.581093 0.145267 0.180779 0.0928613
0.5988 0.139294 0.120405 0.141501
0.43566 0.310016 0.238833 0.0154902
0.559753 0.261301 0.178846 9.9991E-05
0.0053141 0.388526 0.377903 0.228257
0.587464 0.217416 0.185848 0.00927232
0.152295 0.321612 0.354047 0.172046
9.9982E-05 0.858976 9.9982E-05 0.140824
0.228339 0.180106 9.9991E-05 0.591456
9.9982E-05 0.198658 9.9982E-05 0.801142
0.00814042 0.162289 9.9991E-05 0.829471
0.109091 0.131226 9.9991E-05 0.759582
0.0835321 0.173796 9.9991E-05 0.742572
0.146837 0.144165 9.9991E-05 0.708898
0.0217987 0.210506 9.9991E-05 0.767595
0.0442746 0.341552 9.9991E-05 0.614074
0.0204533 0.929866 9.9991E-05 0.0495805
0.0746639 0.852576 9.9991E-05 0.0726605
0.0356085 0.907456 0.00594879 0.0509863
0.0365687 0.922847 9.9991E-05 0.0404842
0.0366686 0.932612 0.00889478 0.0218247
0.0619711 0.932504 0.00542516 9.9991E-05
0.108633 0.761785 0.0948838 0.0346981
0.0716147 0.905456 0.0228296 9.9991E-05
0.123797 0.74925 0.062938 0.0640144
0.0118459 0.937782 0.0502717 9.9991E-05
9.998E-05 0.9997 9.998E-05 9.998E-05
0.0642988 0.911145 0.0244561 9.9991E-05
9.9982E-05 0.997001 0.00279856 9.9982E-05
0.0272142 0.953527 0.0191583 9.9991E-05
0.0724475 0.912769 0.014683 9.9991E-05
0.052645 0.940438 0.00681741 9.9991E-05
0.0528549 0.864964 0.0820815 9.9991E-05
0.101145 0.858995 0.0397593 9.9991E-05
0.0891587 0.837822 0.0729196 9.9991E-05
0.469656 0.224276 9.9991E-05 0.305968
0.745708 0.12737 9.9991E-05 0.126822
0.666128 0.118104 0.0543655 0.161402
0.0703653 0.106442 0.134505 0.688688
0.548661 0.152305 0.0261961 0.272838
0.0604915 0.144269 0.11306 0.68218
0.625396 0.107073 0.0899056 0.177625
0.48776 0.181472 9.9991E-05 0.330668
0.579007 0.232668 9.9991E-05 0.188224
0.647958 0.0797154 9.9991E-05 0.272226
0.550217 0.191063 9.9991E-05 0.25862
0.717967 0.109218 0.0409335 0.131882
0.583479 0.155409 0.0173232 0.243789
0.0844358 0.019777 0.128927 0.766861
9.9991E-05 0.136693 0.0721288 0.791078
0.134763 0.129213 0.0837692 0.652254
0.678786 0.192081 9.99946E-05 0.129033
0.542652 0.0961796 0.0686143 0.292554
0.659212 0.12125 0.0328865 0.186651
0.69215 0.124088 0.0943121 0.0894492
0.4719 0.23272 0.17512 0.120261
0.582583 0.215142 0.180751 0.0215238
0.19289 0.436275 0.147419 0.223416
0.630284 0.194971 0.0578215 0.116924
0.520534 0.269872 0.0766825 0.132912
9.9991E-05 0.427215 0.242199 0.330486
0.309212 0.274749 0.256761 0.159278
0.319356 0.385211 0.185978 0.109454
0.423527 0.349977 0.109466 0.11703
0.551682 0.185757 0.143155 0.119406
0.590369 0.217604 0.11438 0.0776476
0.642791 0.179167 0.155706 0.0223367
0.377577 0.145461 0.244747 0.232214
0.261906 0.517106 0.136064 0.0849236
