0.00231029 0.948047 9.9991E-05 0.0495428
9.998E-05 0.9997 9.998E-05 9.998E-05
0.0679437 0.91838 0.0131175 0.000558725
0.14312 0.85668 9.9982E-05 9.9982E-05
0.0636516 0.936148 9.9982E-05 9.9982E-05
0.0734658 0.697502 0.153383 0.0756485
9.999E-05 0.831303 0.138816 0.0297817
0.00471159 0.776612 0.172718 0.0459582
9.9982E-05 0.863666 0.136134 9.9982E-05
0.0413814 0.821887 0.115753 0.0209791
0.114965 0.788611 0.0963237 9.9991E-05
0.383051 0.128973 0.487876 9.9991E-05
0.662593 0.124288 0.19947 0.013649
0.393719 0.101154 0.447544 0.057583
0.41426 0.128119 0.381714 0.0759061
0.52012 0.120354 0.247883 0.111643
0.674414 0.0716211 0.171231 0.0827339
0.599083 0.0785855 0.297771 0.0245608
0.381615 0.198468 0.37529 0.0446269
0.180631 0.14678 0.672489 9.9991E-05
0.558502 0.0899641 0.335231 0.0163028
0.492454 0.0658953 0.358613 0.0830381
0.687746 0.0580706 0.243872 0.0103112
0.388858 0.159227 0.443827 0.00808755
0.728393 0.0899469 0.0889234 0.0927364
0.659089 0.0979031 0.242908 9.9991E-05
0.36155 0.155517 0.482833 9.9991E-05
0.431437 0.152438 0.395284 0.02084
0.365142 0.0775004 0.557258 9.9991E-05
0.0833799 0.907504 9.9991E-05 0.00901648
0.10703 0.879886 9.9991E-05 0.0129842
0.100773 0.804441 9.9991E-05 0.094686
0.155642 0.759992 9.9991E-05 0.0842665
0.631505 0.0944602 0.273935 9.9991E-05
0.638941 0.100282 0.238462 0.0223145
0.695447 9.9991E-05 0.299798 0.00465492
0.291166 0.145964 0.56277 9.9991E-05
0.461144 9.9991E-05 0.524594 0.0141627
0.672178 0.102204 0.223531 0.00208719
0.81488 0.0514097 0.13361 9.9991E-05
0.633008 0.161372 0.189354 0.0162656
0.682208 0.114002 0.169733 0.0340572
0.411852 0.00637623 0.581672 9.9991E-05
0.649017 0.0830027 0.188258 0.0797224
0.66818 0.0645345 0.195669 0.0716166
0.677803 0.110772 0.149619 0.0618063
0.548141 9.9982E-05 0.451659 9.9982E-05
0.741831 0.0901215 0.159171 0.00887562
0.657561 0.142944 0.155718 0.0437774
9.9991E-05 0.00956634 0.96233 0.0280038
0.27336 0.0730207 0.653519 9.9991E-05
0.22698 0.0383909 0.647208 0.0874219
0.654887 0.101931 0.163575 0.079607
0.655393 0.0927449 0.162032 0.0898301
0.603496 0.0827359 0.196761 0.117008
0.335689 0.192625 0.471586 9.9991E-05
0.67284 0.0687959 0.258264 9.9991E-05
0.635927 0.106766 0.174695 0.082612
0.497807 0.171786 0.317909 0.012498
0.231358 0.238608 0.529933 9.9991E-05
0.683217 0.115596 0.192844 0.00834246
0.591633 0.134158 0.250167 0.0240421
0.196833 0.174748 0.628319 9.9991E-05
0.572677 0.0469864 0.380236 9.9991E-05
0.659973 0.0161704 0.235654 0.0882032
0.704699 0.166623 0.128578 9.9991E-05
0.412934 0.143671 0.43227 0.0111252
0.607283 0.10052 0.259706 0.0324908
0.636574 0.0797114 0.220644 0.0630709
0.358416 0.115621 0.525863 9.9991E-05
0.71562 0.000547483 0.283732 9.9991E-05
0.487504 0.00753322 0.504862 9.9991E-05
0.630432 0.1484 0.194027 0.0271413
0.238148 9.9982E-05 0.761652 9.9982E-05
0.233484 9.9982E-05 0.766316 9.9982E-05
0.463426 9.9982E-05 0.536374 9.9982E-05
0.684082 0.0554166 0.260402 9.9991E-05
0.654713 0.12324 0.151983 0.0700632
0.675532 9.9991E-05 0.32018 0.00418803
0.403021 0.0344982 0.562381 9.9991E-05
0.482268 0.0104248 0.507208 9.9991E-05
0.633563 0.0493959 0.251263 0.0657778
0.593442 0.0257968 0.380661 9.9991E-05
0.675271 0.00551727 0.319111 9.9991E-05
0.635638 9.9991E-05 0.363518 0.000744217
0.0296558 9.9991E-05 0.898455 0.0717893
0.72618 0.0505359 0.188254 0.0350302
0.118868 0.877377 0.00365464 9.9991E-05
0.0549029 0.932529 9.9991E-05 0.0124686
0.0986972 0.865791 9.9991E-05 0.0354122
0.0149017 0.930243 9.9991E-05 0.0547558
9.9982E-05 0.957098 9.9982E-05 0.0427016
0.062873 0.877271 9.9991E-05 0.0597563
0.0661878 0.933612 9.9982E-05 9.9982E-05
0.684842 0.1067 0.183157 0.0253012
0.663625 0.0984802 0.141114 0.0967815
0.265327 0.0480758 0.686497 9.9991E-05
0.666059 0.092606 0.18374 0.0575946
0.616867 0.0243443 0.358688 9.9991E-05
0.724956 0.0393231 0.235621 9.9991E-05
0.698501 0.0441425 0.257257 9.9991E-05
0.69503 9.9991E-05 0.261808 0.0430615
0.239719 0.0355172 0.724664 9.9991E-05
0.611612 0.146726 0.181138 0.0605249
0.748416 0.0900235 0.156648 0.00491247
0.646985 0.151969 0.149589 0.0514573
0.445914 9.9991E-05 0.525016 0.0289703
0.70373 9.9991E-05 0.284832 0.0113374
0.677635 0.0196577 0.302607 9.9991E-05
0.595113 9.9982E-05 0.404687 9.9982E-05
0.631437 0.0584648 0.309999 9.9991E-05
0.600406 0.107501 0.240402 0.0516911
0.322666 0.0579093 0.510272 0.109153
0.514479 0.14875 0.336671 9.9991E-05
0.628885 0.13649 0.171406 0.0632187
0.659308 0.147545 0.129267 0.0638792
0.558314 0.0980895 0.336614 0.00698185
0.663177 0.107316 0.197468 0.0320395
0.583281 0.127652 0.288967 9.9991E-05
0.623497 0.0859618 0.232751 0.0577909
0.626566 0.10104 0.178307 0.0940871
0.672877 0.093779 0.233244 9.9991E-05
0.705364 0.0760213 0.218515 9.9991E-05
0.609672 0.0583995 0.197718 0.13421
0.685783 0.12582 0.144984 0.0434137
0.601353 0.00612982 0.249144 0.143373
0.641381 0.123251 0.154855 0.0805128
0.635128 0.0502085 0.236818 0.0778455
0.342615 0.108499 0.434178 0.114708
0.701406 0.0894636 0.154717 0.0544134
0.741255 0.0349986 0.158876 0.0648701
0.365783 0.118956 0.515161 9.9991E-05
0.215109 0.0252047 0.677486 0.0822005
0.637259 0.0778942 0.250767 0.0340795
0.113653 9.9991E-05 0.792062 0.0941858
0.491233 0.0578107 0.450856 9.9991E-05
0.572781 0.0380977 0.389022 9.9991E-05
0.468821 0.0947407 0.436339 9.9991E-05
0.465673 0.0760029 0.458224 9.9991E-05
0.67551 0.0901518 0.215639 0.018699
0.658133 0.112062 0.166519 0.0632862
0.704344 0.0608544 0.205235 0.0295659
0.224572 0.0146943 0.679676 0.0810573
0.610128 0.167386 0.195029 0.0274561
0.564737 0.103269 0.256318 0.0756769
9.9991E-05 0.142849 0.79404 0.0630107
0.714999 0.100108 0.128752 0.0561405
0.327399 0.10466 0.487276 0.0806639
0.534251 0.124171 0.221225 0.120353
0.302495 0.122056 0.556185 0.0192631
0.119983 0.120518 0.726942 0.0325558
0.458031 0.0560598 0.410825 0.0750836
0.528134 0.131478 0.21906 0.121328
0.433769 0.201045 0.298507 0.0666786
0.1003 0.0466335 0.682052 0.171015
0.599145 0.101212 0.211156 0.0884881
0.409969 9.9991E-05 0.578848 0.011083
0.529475 9.9991E-05 0.422759 0.047666
0.574106 0.0690107 0.240193 0.116691
0.128603 0.38983 0.197667 0.2839
9.9991E-05 0.524364 0.275917 0.199619
9.9991E-05 0.484593 0.309165 0.206142
0.045114 0.363213 0.23897 0.352703
0.657939 0.00376277 0.298257 0.0400407
0.673993 0.151446 0.147683 0.0268787
0.336589 9.9982E-05 9.9982E-05 0.663211
0.482717 0.0548316 0.0752057 0.387246
0.439655 0.0993968 0.0744738 0.386474
0.275122 0.0165174 0.600844 0.107517
0.565148 0.114356 0.234091 0.0864055
0.288211 9.9991E-05 0.643594 0.0680946
0.624913 0.0608614 0.255106 0.0591194
0.528825 0.0700953 0.335591 0.0654896
0.610751 0.00995568 0.306034 0.0732596
0.212805 0.00745892 0.678275 0.101461
0.750557 0.070453 0.124151 0.0548387
0.660819 0.107962 0.178215 0.0530039
0.0302264 0.00351821 9.9991E-05 0.966155
0.0778744 9.9991E-05 0.000537587 0.921488
0.355822 0.071572 0.0342421 0.538364
0.385173 9.9982E-05 9.9982E-05 0.614627
0.195774 9.9982E-05 9.9982E-05 0.804026
9.998E-05 9.998E-05 9.998E-05 0.9997
0.024724 9.9991E-05 0.00191274 0.973263
0.151491 9.9982E-05 9.9982E-05 0.848309
0.0216792 0.00934677 0.0306444 0.93833
9.998E-05 9.998E-05 9.998E-05 0.9997
9.998E-05 9.998E-05 9.998E-05 0.9997
0.237161 0.00660632 9.9991E-05 0.756133
0.188674 0.0476937 9.9991E-05 0.763532
9.998E-05 9.998E-05 9.998E-05 0.9997
0.371914 0.0844797 0.145367 0.39824
0.289324 0.0710329 9.9991E-05 0.639544
0.147946 0.023429 9.9991E-05 0.828525
0.11961 9.9982E-05 9.9982E-05 0.88019
9.998E-05 9.998E-05 9.998E-05 0.9997
0.0482065 0.0059656 9.9991E-05 0.945728
9.998E-05 9.998E-05 9.998E-05 0.9997
0.306721 0.062056 0.00867714 0.622546
0.0420658 9.9991E-05 0.0112316 0.946603
9.9991E-05 0.323289 0.541045 0.135566
0.402872 0.219672 0.248348 0.129108
0.461047 0.178379 0.242191 0.118383
0.143938 0.223135 0.428124 0.204803
0.489408 0.12843 0.229812 0.15235
0.0963589 0.266712 0.45936 0.177569
0.436378 0.196157 0.234738 0.132727
0.325823 0.206332 0.275405 0.19244
0.490377 0.167564 0.167657 0.174402
0.406073 0.214142 0.202421 0.177364
0.428196 0.209814 0.196197 0.165794
0.0808942 0.908609 0.0103968 9.9991E-05
9.9982E-05 0.92699 9.9982E-05 0.0728098
0.0220141 0.977786 9.9982E-05 9.9982E-05
9.9982E-05 0.995036 0.00476446 9.9982E-05
0.0595725 0.937111 0.00321669 9.9991E-05
9.9982E-05 0.990649 9.9982E-05 0.00915066
0.0518116 0.933051 9.9991E-05 0.015037
9.9982E-05 0.959079 0.0407213 9.9982E-05
0.040024 0.904689 0.0228444 0.0324424
9.9991E-05 0.935734 0.0112281 0.0529383
0.00553633 0.665716 0.32734 0.00140784
9.9982E-05 0.69452 0.30528 9.9982E-05
0.00273738 0.621842 0.37532 9.9991E-05
0.0175372 0.54413 0.438233 9.9991E-05
0.657785 0.0789121 0.263203 9.9991E-05
0.648993 0.053627 0.294242 0.00313846
0.681915 0.0537265 0.241555 0.022804
0.523666 0.0666677 0.409566 9.9991E-05
0.319424 0.075896 0.60458 9.9991E-05
0.793272 0.061949 0.144679 9.9991E-05
0.755989 9.9982E-05 0.243811 9.9982E-05
0.653879 0.00171927 0.3215 0.0229009
0.565632 9.9982E-05 0.434168 9.9982E-05
0.680236 0.0819051 0.188872 0.0489864
0.63184 0.0255106 0.342549 9.9991E-05
0.195254 9.9982E-05 0.804546 9.9982E-05
0.667195 0.0773387 0.214614 0.0408522
0.388735 9.9982E-05 0.611065 9.9982E-05
0.677463 0.000430674 0.306792 0.015314
0.398183 9.9982E-05 0.601617 9.9982E-05
0.0651527 0.279504 0.655244 9.9991E-05
0.138364 0.242243 0.619293 9.9991E-05
0.113538 0.235988 0.650374 9.9991E-05
0.0418519 0.262661 0.695387 9.9991E-05
0.173999 0.19039 0.635512 9.9991E-05
0.184782 0.20307 0.612048 9.9991E-05
0.0454224 0.882923 0.0155236 0.0561314
0.139036 0.845755 0.00438293 0.010826
0.156794 0.81395 9.9991E-05 0.0291554
0.0418568 0.864688 0.0266256 0.0668296
0.158432 0.808078 9.9991E-05 0.0333896
0.0050499 0.516821 0.47803 9.9991E-05
0.0156768 0.551164 0.433059 9.9991E-05
0.0810461 0.52883 0.390024 9.9991E-05
0.115432 0.884368 9.9982E-05 9.9982E-05
0.0165629 0.500908 0.48243 9.9991E-05
0.279652 0.272339 0.0800714 0.367938
0.594772 0.171774 0.0220854 0.211369
0.560835 0.164412 9.9991E-05 0.274653
0.338304 0.289318 0.0720054 0.300372
0.582068 0.183075 0.0740148 0.160842
9.9991E-05 0.447661 0.193381 0.358858
0.56143 0.0687964 0.369674 9.9991E-05
0.50482 0.00119885 0.4448 0.0491819
0.416433 0.0760846 0.507382 9.9991E-05
0.579427 0.002784 0.353534 0.0642544
9.9982E-05 9.9982E-05 0.99366 0.00613971
0.65661 0.107062 0.21711 0.0192182
0.589971 0.050819 0.298427 0.0607828
0.465671 0.10647 0.427759 9.9991E-05
0.635793 0.126453 0.193902 0.0438516
0.258518 0.0109145 0.730467 9.9991E-05
0.63053 0.0414285 0.283339 0.0447019
0.636323 0.0464695 0.317107 9.9991E-05
0.465076 0.108168 0.237845 0.188911
0.422249 0.0143207 0.500343 0.0630871
0.497192 0.00274533 0.423968 0.0760949
0.677447 0.019763 0.259661 0.0431299
0.666238 9.9982E-05 0.333562 9.9982E-05
0.725363 0.0231045 0.15244 0.0990922
0.653223 0.118336 0.185108 0.0433325
0.681541 0.107725 0.198955 0.0117797
0.0847688 0.85983 9.9991E-05 0.0553017
0.0993156 0.894311 9.9991E-05 0.00627369
0.0539387 0.900091 0.0412955 0.0046749
0.0309163 0.921452 9.9991E-05 0.0475313
0.0811617 0.918638 9.9982E-05 9.9982E-05
0.266335 0.124008 0.609558 9.9991E-05
0.557679 0.0754138 0.265032 0.101876
0.426887 0.212775 0.0938576 0.266481
0.727581 0.0661365 0.160476 0.0458068
0.645795 0.0754494 0.274965 0.0037905
0.351867 0.0429089 0.556084 0.0491403
0.12338 0.196552 0.679968 9.9991E-05
0.601085 0.122299 0.276516 9.9991E-05
0.383593 0.140973 0.475334 9.9991E-05
0.590848 0.0564607 0.32582 0.0268719
0.269766 0.17753 0.552604 9.9991E-05
0.625055 0.142773 0.176147 0.0560246
0.281991 0.14928 0.568629 9.9991E-05
0.317408 0.0596555 0.507968 0.114969
0.615099 0.0938844 0.25801 0.0330062
0.379871 0.0253486 0.559794 0.0349863
0.546946 0.0502383 0.32075 0.0820651
0.583568 0.139443 0.199753 0.077236
0.307221 0.0244921 0.646338 0.0219484
0.634935 0.114995 0.208006 0.0420638
0.572613 0.0639401 0.342416 0.0210315
0.223209 9.9991E-05 0.756563 0.0201282
0.254181 0.0204764 0.691999 0.0333435
0.543599 0.0739214 0.382379 9.9991E-05
0.132094 0.0037563 0.817523 0.046627
0.520405 0.000733928 0.451345 0.0275157
0.30436 0.125447 0.570093 9.9991E-05
0.252057 9.9991E-05 0.633198 0.114645
0.514945 0.126846 0.320444 0.0377654
0.67675 0.0981067 0.211136 0.0140076
0.398356 0.0413968 0.560147 9.9991E-05
0.600214 0.0868638 0.2538 0.0591227
0.697782 0.094924 0.189171 0.0181231
0.627677 0.0523575 0.280667 0.039299
0.615275 0.0660094 0.27962 0.0390956
0.611991 0.100803 0.286256 0.000950478
0.437242 0.100268 0.46239 9.9991E-05
0.560824 0.0748683 0.364208 9.99992E-05
0.633643 0.0211855 0.288052 0.0571189
0.683927 0.0744898 0.150233 0.0913501
0.367916 0.0898411 0.426696 0.115546
0.548006 0.0311451 0.304645 0.116204
0.474973 0.124001 0.366062 0.0349646
0.640745 0.0753512 0.251795 0.0321085
0.566604 0.0479757 0.306878 0.0785428
0.610375 0.135809 0.184544 0.069272
0.466485 0.371456 0.0220926 0.139966
0.568502 0.160306 0.0888281 0.182364
0.493583 0.198549 0.163019 0.144849
0.578291 0.125872 0.148828 0.147009
0.447482 0.18441 0.11381 0.254298
0.569051 9.9991E-05 0.398706 0.032143
0.544902 0.187663 0.135832 0.131604
0.00607984 0.244878 0.498599 0.250444
0.621305 0.11521 0.119485 0.144
0.565153 0.137711 0.133719 0.163418
0.603833 0.10926 0.107336 0.17957
0.331105 0.208333 0.30196 0.158603
0.567111 0.224325 0.0613098 0.147254
0.558349 0.155179 0.106778 0.179694
9.9991E-05 0.501653 0.291271 0.206976
0.576485 0.188014 0.0620079 0.173492
0.589932 0.177475 0.0308467 0.201746
0.65339 0.121333 0.115983 0.109295
0.538772 0.204469 9.9991E-05 0.256659
0.58394 0.215639 0.0841115 0.11631
0.568275 0.00753452 0.356167 0.0680229
0.60378 0.0306285 0.271781 0.0938103
0.028112 9.9991E-05 0.883556 0.0882319
0.0968229 9.9991E-05 0.858746 0.0443306
0.570994 0.091461 0.240439 0.0971053
0.367165 0.139657 0.137937 0.35524
0.363702 0.148387 0.140686 0.347225
0.187071 0.188234 0.25079 0.373905
0.396079 0.171942 0.137699 0.29428
0.0909167 0.0768176 0.63285 0.199415
0.13764 0.0680451 0.604991 0.189324
0.649543 9.9991E-05 0.261351 0.0890066
0.449516 0.0543253 0.313852 0.182307
0.303626 0.0183774 0.537254 0.140742
0.610807 0.053032 0.236654 0.0995076
0.642464 0.029186 0.191678 0.136671
0.541324 0.0759206 0.25023 0.132526
0.39679 9.9991E-05 0.516992 0.0861178
0.551155 9.9991E-05 0.437795 0.0109492
0.578529 0.0370746 0.302223 0.0821735
0.49961 0.0416265 0.375213 0.0835497
0.564148 0.0656931 0.267382 0.102776
0.53504 9.9991E-05 0.419591 0.0452688
0.288472 9.9991E-05 0.662527 0.048901
0.71597 0.0221567 0.201514 0.0603593
0.252415 9.9991E-05 0.676088 0.0713976
0.528157 0.0252843 0.388953 0.0576062
0.583492 0.0963509 0.281346 0.0388116
0.593421 0.03231 0.301088 0.0731803
0.518504 0.18824 0.129969 0.163287
0.486114 0.154838 0.178293 0.180756
0.324575 0.230417 0.149302 0.295706
0.329738 0.204223 0.186424 0.279615
0.475167 0.152029 0.163941 0.208862
0.455214 0.177113 0.186918 0.180755
9.9991E-05 0.13639 0.609941 0.253569
0.561371 0.0857984 0.111869 0.240962
9.9991E-05 0.339503 0.444443 0.215954
0.541146 0.0412454 0.195509 0.222099
0.27894 9.9982E-05 0.72086 9.9982E-05
0.126317 9.9991E-05 0.836658 0.0369252
0.567257 9.9991E-05 0.389929 0.0427143
0.68612 0.0157439 0.240114 0.058022
0.554479 9.9991E-05 0.422495 0.0229268
0.720171 9.9991E-05 0.251348 0.0283804
0.652097 9.9991E-05 0.309635 0.038168
0.0145125 0.887756 0.0649928 0.0327387
0.0628656 0.770334 0.0955872 0.0712127
9.9991E-05 0.953224 0.0229571 0.0237186
0.0190572 0.980743 9.9982E-05 9.9982E-05
0.66548 0.0169917 0.252046 0.0654828
0.674394 0.0423755 0.283131 9.9991E-05
0.738059 0.00377265 0.258069 9.9991E-05
0.727225 0.0776398 0.195035 9.9991E-05
0.672108 0.120978 0.174706 0.0322083
0.512416 0.0428343 0.44465 9.9991E-05
0.827521 9.9982E-05 0.172279 9.9982E-05
0.460762 9.9991E-05 0.520377 0.0187612
0.423525 0.349113 0.0478045 0.179557
0.577844 9.9991E-05 0.411387 0.0106696
0.566259 0.0223367 0.411305 9.9991E-05
0.697819 9.9991E-05 0.289077 0.0130044
0.628015 0.0288729 0.343012 9.9991E-05
0.777845 9.9982E-05 0.221955 9.9982E-05
0.742598 0.0783293 0.178972 9.9991E-05
0.263884 9.9982E-05 0.735916 9.9982E-05
0.477154 9.9991E-05 0.506533 0.0162134
0.512288 9.9991E-05 0.46573 0.0218827
0.123151 9.9982E-05 0.876649 9.9982E-05
0.600304 0.0538652 0.345731 9.9991E-05
0.247075 9.9982E-05 0.752725 9.9982E-05
0.099506 9.9982E-05 0.900294 9.9982E-05
0.660419 0.00250483 0.247893 0.0891833
0.41307 0.0169875 0.569843 9.9991E-05
0.695457 9.9991E-05 0.304132 0.000311768
0.662459 0.134007 0.15026 0.0532735
0.691884 0.0408071 0.267209 9.9991E-05
0.415161 9.9991E-05 0.526395 0.0583439
0.708848 0.0515474 0.239505 9.9991E-05
0.713589 0.0186887 0.267623 9.9991E-05
0.514663 9.9982E-05 0.485137 9.9982E-05
0.613434 0.127427 0.241694 0.017445
9.9982E-05 0.743458 0.256342 9.9982E-05
0.000133877 0.832647 0.167119 9.9991E-05
9.9982E-05 0.893272 0.106528 9.9982E-05
9.9982E-05 0.887023 0.112778 9.9982E-05
0.0463028 0.794123 0.159474 9.9991E-05
0.390625 0.0550914 0.554183 9.9991E-05
0.412878 0.029645 0.557377 9.9991E-05
0.435424 9.9982E-05 0.564376 9.9982E-05
0.61844 0.0730618 0.194678 0.113819
0.669293 0.133795 0.144921 0.0519912
0.476293 9.9991E-05 0.488748 0.0348585
0.680873 9.9991E-05 0.24491 0.0741168
0.584362 0.0230473 0.337946 0.0546447
0.700312 0.0307999 0.268789 9.9991E-05
0.705495 0.0415252 0.171853 0.0811268
0.464051 9.9982E-05 0.535749 9.9982E-05
0.550722 9.9982E-05 0.449078 9.9982E-05
0.558334 0.0283526 0.413213 9.9991E-05
0.662137 0.1269 0.165852 0.0451114
0.631248 0.0150185 0.353634 9.9991E-05
0.639813 0.0387466 0.321341 9.9991E-05
0.483673 0.115281 0.0330668 0.367979
0.377444 0.125907 0.0442069 0.452442
0.44994 0.120432 9.9991E-05 0.429528
0.235148 0.175091 0.0274388 0.562323
0.544821 0.174737 0.00345564 0.276986
0.630798 0.0986278 0.244585 0.025989
9.9991E-05 0.270306 0.0546985 0.674895
0.326083 0.163008 9.9991E-05 0.510809
0.420854 0.206202 0.191155 0.181789
0.612577 0.178802 0.208521 9.9991E-05
0.547593 0.192578 0.240544 0.0192855
0.615364 0.138738 0.165598 0.0802998
0.673206 0.161503 0.138518 0.026773
0.352181 0.185601 9.9991E-05 0.462118
0.412117 0.139616 0.0437759 0.404491
0.415706 0.0958012 9.9991E-05 0.488393
0.488671 0.153457 0.0834934 0.274378
0.220182 0.187439 0.0811697 0.511209
0.469567 0.153868 0.0328243 0.34374
0.314868 0.115129 0.0343248 0.535678
0.441761 0.140062 0.0820831 0.336094
0.519142 0.130074 0.297032 0.053752
0.321568 0.172045 0.108207 0.39818
0.118896 0.228606 0.042742 0.609756
0.459323 0.1396 0.0119861 0.389092
0.388984 0.240216 0.370699 9.9991E-05
0.635711 0.0335726 0.214153 0.116563
0.43829 0.176288 0.0270843 0.358337
0.596973 0.181126 0.221801 9.9991E-05
0.596886 0.214104 0.18891 9.9991E-05
0.364066 0.182581 0.173914 0.279439
0.383342 0.214994 0.104253 0.297411
0.621328 0.147642 0.132659 0.098371
0.468015 0.199506 0.0380266 0.294452
0.428071 0.12394 9.9991E-05 0.447889
0.113993 0.201102 0.0154382 0.669466
0.636481 0.173688 0.10686 0.0829707
0.531089 0.18689 0.281921 9.9991E-05
0.124934 0.119267 0.628106 0.127693
0.683865 0.201843 0.0776292 0.0366623
0.443849 0.102753 0.394001 0.0593973
0.49093 0.210444 0.117929 0.180697
0.58419 0.1768 0.125972 0.113038
9.9991E-05 0.379475 0.415095 0.20533
9.9991E-05 0.338845 0.487326 0.173729
0.31591 0.19355 0.300989 0.189551
0.00157336 0.3332 0.376727 0.2885
9.9991E-05 0.487148 0.270669 0.242083
0.387107 0.208313 0.246388 0.158192
0.375293 0.254368 0.167968 0.202371
0.0732582 0.290852 0.371707 0.264183
0.00858748 0.296464 0.446198 0.248751
0.532592 0.169424 0.124471 0.173513
0.135932 0.261807 0.370902 0.231359
9.9991E-05 0.367863 0.450149 0.181888
0.523765 0.1662 0.137529 0.172505
0.356462 0.261309 0.169336 0.212893
0.459792 0.350906 0.0161025 0.1732
0.584253 0.176415 9.9991E-05 0.239231
0.598624 0.163889 0.021268 0.216219
0.518834 0.196348 0.0227382 0.26208
0.329203 0.402755 0.0557659 0.212276
0.556167 0.236822 0.0372272 0.169784
0.506522 0.277972 0.00385656 0.211649
0.292152 0.256699 0.17969 0.27146
0.39916 0.237774 0.233834 0.129232
0.534079 0.201242 0.103111 0.161568
0.618979 0.163362 0.0637066 0.153953
0.645749 0.0907424 0.11642 0.147088
0.470672 0.298119 0.00614218 0.225067
0.577741 0.239007 0.0135284 0.169724
0.0307796 0.369154 0.251233 0.348834
0.557127 0.189575 0.0647117 0.188587
0.18872 0.301892 0.135688 0.3737
9.9991E-05 0.864123 0.133103 0.00267495
0.226924 0.193896 0.57908 9.9991E-05
0.00172037 0.211481 0.786698 9.9991E-05
0.0261012 0.171654 0.802145 9.9991E-05
0.141838 0.133424 0.724637 9.9991E-05
0.0999227 0.165405 0.734573 9.9991E-05
0.175383 0.149355 0.675161 9.9991E-05
0.0540234 0.20323 0.742647 9.9991E-05
0.0760418 0.330276 0.593582 9.9991E-05
0.0195327 0.922117 0.0582501 9.9991E-05
0.106501 0.842087 0.051312 9.9991E-05
0.0420132 0.916428 0.0414593 9.9991E-05
0.0409362 0.904935 0.0537016 0.00042719
0.0433397 0.929332 0.0235331 0.0037952
0.0522916 0.947508 9.9982E-05 9.9982E-05
0.132718 0.753043 0.0328021 0.0814368
0.0657135 0.911759 9.9991E-05 0.0224271
0.0981267 0.761991 0.0701887 0.0696932
0.0246822 0.915615 9.9991E-05 0.0596025
9.998E-05 0.9997 9.998E-05 9.998E-05
0.0702207 0.88638 9.9991E-05 0.0432991
9.998E-05 0.9997 9.998E-05 9.998E-05
0.0111934 0.965081 9.9991E-05 0.0236255
0.069658 0.906521 9.9991E-05 0.0237206
0.0396717 0.927397 9.9991E-05 0.0328315
0.0470241 0.883295 9.9991E-05 0.0695808
0.0896162 0.869766 9.9991E-05 0.0405178
0.0687573 0.841399 9.9991E-05 0.0897435
0.472861 0.168928 0.358111 9.9991E-05
0.758027 0.134815 0.107058 9.9991E-05
0.647802 0.154062 0.153341 0.0447949
0.0547312 0.0778387 0.720252 0.147179
0.592806 0.150481 0.248974 0.00773994
0.0817299 0.132193 0.679939 0.106139
0.675685 0.0765552 0.163512 0.0842481
0.497571 0.192254 0.310075 9.9991E-05
0.57966 0.19545 0.224789 9.9991E-05
0.669145 0.0851632 0.245592 9.9991E-05
0.538451 0.188566 0.272883 9.9991E-05
0.695526 0.101653 0.152412 0.0504096
0.622019 0.155229 0.222652 9.9991E-05
0.0920998 0.010015 0.795535 0.10235
9.9991E-05 0.120204 0.794213 0.0854839
0.130039 0.123159 0.641806 0.104996
0.654559 0.184392 0.132155 0.0288941
0.513462 0.0856984 0.310155 0.0906842
0.615336 0.0960048 0.219474 0.0691851
0.668847 0.132304 0.126623 0.0722256
0.535697 0.256914 0.0744087 0.132981
0.63696 0.234248 0.000878819 0.127913
0.195948 0.430076 0.225975 0.148
0.635627 0.194228 0.119645 0.0505003
0.470841 0.246335 0.170622 0.112202
9.9991E-05 0.427838 0.354539 0.217522
0.315892 0.288232 0.145189 0.250687
0.338781 0.394674 0.110069 0.156476
0.430536 0.371283 0.0960004 0.10218
0.579213 0.17262 0.118213 0.129953
0.557036 0.207196 0.0861862 0.149581
0.676399 0.19382 0.0297754 0.100006
0.420272 0.171905 0.221495 0.186328
0.263211 0.51073 0.10128 0.124779
