0.109376 9.9982E-05 0.890424 9.9982E-05
0.0529058 9.9982E-05 0.946894 9.9982E-05
0.089508 0.000586111 0.855895 0.054011
0.126365 9.9991E-05 0.787155 0.0863807
0.10202 9.9991E-05 0.869253 0.0286267
0.11855 0.142785 0.683993 0.054672
0.0496416 0.0840076 0.833738 0.0326126
0.0604885 0.11277 0.747827 0.0789142
9.9982E-05 9.9982E-05 0.903563 0.0962368
0.0707003 0.0909062 0.784444 0.053949
0.0656219 0.0955182 0.750342 0.0885182
0.0568113 0.0898071 0.129633 0.723748
0.342069 0.0217592 0.0287056 0.607466
0.150169 0.0975369 0.100311 0.651984
0.232449 0.0468004 0.100067 0.620684
0.319284 0.0585741 0.0765528 0.545589
0.381155 0.102591 0.00292256 0.513331
0.252551 0.102662 0.0255411 0.619246
0.167356 0.0912642 0.182833 0.558547
9.9991E-05 0.113242 0.149459 0.737199
0.223297 0.117491 0.0270828 0.632129
0.268396 0.350973 0.0438524 0.336779
0.32447 0.0693157 0.00946512 0.596749
0.119891 0.104348 0.10287 0.672891
0.424689 0.0809841 0.0128327 0.481494
0.322512 0.0928386 9.9991E-05 0.58455
0.0471543 0.0954899 0.129954 0.727402
0.145833 0.0686223 0.120652 0.664893
0.0406225 0.15754 0.0948205 0.707017
0.147326 9.9982E-05 0.852474 9.9982E-05
0.139533 9.9991E-05 0.825616 0.0347509
0.208122 9.9991E-05 0.776959 0.0148188
0.239952 9.9991E-05 0.710495 0.0494525
0.26563 0.214205 0.0360015 0.484163
0.312623 0.192355 0.0468315 0.44819
0.282984 0.333241 9.9991E-05 0.383675
9.9991E-05 0.0373954 0.155267 0.807237
0.122009 0.618259 9.9991E-05 0.259633
0.368635 0.127676 0.00415167 0.499537
0.396664 0.196696 9.9991E-05 0.40654
0.278664 0.257157 0.0583104 0.405869
0.358771 0.174291 0.0202727 0.446666
9.9991E-05 0.316099 0.0427929 0.641008
0.407677 0.242851 0.0132785 0.336194
0.329952 0.209331 9.9991E-05 0.460618
0.36057 0.182534 0.0450181 0.411878
0.144656 0.526044 9.9991E-05 0.3292
0.376902 0.131297 9.9991E-05 0.491701
0.355566 0.165674 0.0930948 0.385665
9.9991E-05 0.877746 0.109757 0.012397
9.9991E-05 0.155831 0.0775013 0.766568
0.0427782 0.528801 0.105402 0.323019
0.379681 0.109664 0.0369528 0.473702
0.373226 0.213753 0.0298635 0.383158
0.406273 0.151962 0.0365133 0.405251
0.0387341 0.0769662 0.18536 0.69894
0.288398 0.0827704 9.9991E-05 0.628732
0.366912 0.150223 0.00324407 0.479622
0.190893 0.160501 0.105228 0.543378
0.0132589 0.123275 0.243416 0.62005
0.338563 0.144532 0.02313 0.493776
0.275164 0.116308 0.0284347 0.580093
9.9991E-05 0.16849 0.175207 0.656203
0.183544 0.114218 9.9991E-05 0.702138
0.324379 0.233555 9.9991E-05 0.441967
0.351089 0.093951 0.0405595 0.514401
0.122129 0.132479 0.128962 0.61643
0.318611 0.100645 0.0152179 0.565526
0.344562 0.136619 9.9991E-05 0.518719
0.0390382 0.151609 0.126102 0.683251
0.265704 0.185018 9.9991E-05 0.549178
0.0941119 0.29276 0.00593023 0.607198
0.315379 0.188689 0.0357495 0.460182
9.9982E-05 0.770564 9.9982E-05 0.229236
9.9982E-05 0.768026 9.9982E-05 0.231774
0.0896368 0.589445 9.9991E-05 0.320818
0.244878 0.195411 9.9991E-05 0.559612
0.365785 0.212764 0.0233001 0.398151
0.247999 0.351464 9.9991E-05 0.400437
0.00847572 0.302802 0.0546982 0.634024
0.0725375 0.312102 9.9991E-05 0.61526
0.335089 0.170292 0.0490095 0.44561
0.169472 0.251796 9.9991E-05 0.578632
0.204744 0.20039 9.9991E-05 0.594766
0.216009 0.4062 9.9991E-05 0.377691
9.9991E-05 0.837535 0.0666967 0.0956681
0.360065 0.273798 9.9991E-05 0.366037
0.0791912 9.9991E-05 0.825777 0.0949322
0.117229 9.9982E-05 0.882571 9.9982E-05
0.184032 9.9991E-05 0.811031 0.0048365
0.113912 9.9982E-05 0.885889 9.9982E-05
0.0960583 9.9982E-05 0.903742 9.9982E-05
0.158748 9.9982E-05 0.841052 9.9982E-05
0.104126 9.9991E-05 0.891744 0.00402997
0.345262 0.184239 9.9991E-05 0.470399
0.395414 0.180201 0.0642573 0.360128
9.9991E-05 0.427433 0.05878 0.513687
0.371868 0.187814 0.0103216 0.429996
0.164591 0.220607 0.00214929 0.612653
0.301117 0.20668 9.9991E-05 0.492102
0.324237 0.297755 9.9991E-05 0.377909
0.298748 0.298076 9.9991E-05 0.403076
9.9991E-05 0.302517 0.0707196 0.626663
0.287273 0.202522 0.0950354 0.41517
0.398293 0.17849 0.000314748 0.422902
0.379201 0.206303 0.0184005 0.396096
0.12526 0.564917 0.000261587 0.309561
0.282597 0.343759 9.9991E-05 0.373543
0.234882 0.187516 9.9991E-05 0.577502
0.190939 0.466767 9.9991E-05 0.342195
0.19387 0.182159 9.9991E-05 0.623871
0.304911 0.197183 0.0552555 0.442651
0.143618 0.265671 0.0881189 0.502592
0.17358 0.0836446 0.117596 0.625179
0.340955 0.122852 0.0697673 0.466426
0.346336 0.146906 0.0596387 0.447119
0.247899 0.0530847 0.0265782 0.672438
0.345874 0.0582792 9.9991E-05 0.595746
0.205945 9.9991E-05 0.0651665 0.728788
0.303066 0.241852 0.0317133 0.423368
0.379445 0.0766598 0.0164128 0.527483
0.294212 0.108115 0.00977856 0.587895
0.272002 0.0737639 0.000804048 0.65343
0.367653 0.187541 9.9991E-05 0.444706
0.383423 0.140454 0.0289278 0.447195
0.362591 0.185221 9.9991E-05 0.452089
0.373214 0.162614 0.0505083 0.413663
0.333567 0.193543 9.9991E-05 0.47279
0.190239 0.30184 0.121206 0.386716
0.406023 0.144874 9.9991E-05 0.449004
0.387761 0.132616 9.9991E-05 0.479524
0.0382119 0.103001 0.11775 0.741038
0.034927 0.47478 0.0970824 0.393211
0.301477 0.159343 0.0268212 0.512359
9.9991E-05 0.583733 0.0481007 0.368067
0.085724 0.0489311 0.0598999 0.805445
0.155397 0.095153 9.9991E-05 0.74935
0.122998 0.0847815 0.0625552 0.729666
0.0865863 0.0935938 0.0340191 0.785801
0.33523 0.121387 0.0228677 0.520516
0.38494 0.101977 0.0396931 0.47339
0.323971 0.129065 9.9991E-05 0.546863
0.0306644 0.391715 0.0784141 0.499206
0.361957 0.213045 0.0723044 0.352693
0.311939 0.358381 0.0376263 0.292053
9.9982E-05 0.745622 0.254178 9.9982E-05
0.438547 0.209493 9.9991E-05 0.35186
0.164715 0.511788 0.110316 0.213181
0.346978 0.29121 0.0814777 0.280334
0.0942534 0.521562 0.159878 0.224308
9.9991E-05 0.690189 0.173134 0.136577
0.217349 0.41292 0.0669231 0.302808
0.30753 0.2446 0.0888564 0.359014
0.278233 0.247079 0.127996 0.346693
0.0798609 0.612594 0.135252 0.172292
0.33169 0.284181 0.0510992 0.33303
0.101469 0.585025 9.9991E-05 0.313406
0.188789 0.464095 9.9991E-05 0.347016
0.376239 0.170469 0.0511016 0.40219
0.334092 0.228972 0.42007 0.0168661
0.0719643 0.304667 0.623269 9.9991E-05
0.0317276 0.338715 0.629457 9.9991E-05
0.306051 0.266442 0.427407 9.9991E-05
0.291406 0.356574 9.9991E-05 0.35192
0.389876 0.223578 0.0333874 0.353158
0.846882 9.9982E-05 9.9982E-05 0.152918
0.677966 0.0134242 0.0321106 0.276499
0.620733 0.0841756 0.109285 0.185806
0.111199 0.679046 0.0507221 0.159033
0.279093 0.232251 0.107298 0.381358
0.0710324 0.703262 0.0364892 0.189217
0.318404 0.356865 0.0105622 0.31417
0.232954 0.419395 0.0907743 0.256876
0.318102 0.427504 9.9991E-05 0.254294
0.0584671 0.763797 0.0833561 0.0943795
0.387401 0.300482 9.9991E-05 0.312017
0.346441 0.296441 0.0579044 0.299214
0.914731 9.9982E-05 0.0850693 9.9982E-05
0.923058 9.9982E-05 0.0767417 9.9982E-05
0.706054 0.032955 0.0814913 0.1795
0.863785 9.9991E-05 0.0125057 0.123609
0.889682 9.9991E-05 0.0810588 0.029159
0.918179 9.9982E-05 0.081621 9.9982E-05
0.906593 9.9982E-05 0.0932065 9.9982E-05
0.953124 9.9991E-05 0.0237391 0.0230371
0.885317 9.9982E-05 0.114483 9.9982E-05
0.939281 9.9982E-05 0.0605195 9.9982E-05
0.927613 9.9982E-05 0.0721875 9.9982E-05
0.87606 9.9991E-05 0.0908585 0.0329819
0.826833 0.0280009 0.145066 9.9991E-05
0.93981 9.9982E-05 0.0599905 9.9982E-05
0.593388 0.0932408 0.113862 0.199509
0.787422 9.9991E-05 0.0781475 0.134331
0.876593 0.0160799 0.107227 9.9991E-05
0.917469 9.9982E-05 0.082331 9.9982E-05
0.949823 9.9982E-05 0.0499766 9.9982E-05
0.917842 9.9982E-05 0.0819578 9.9982E-05
0.922637 9.9982E-05 0.0771635 9.9982E-05
0.776194 0.0537997 0.10125 0.0687566
0.909925 9.9982E-05 0.0898752 9.9982E-05
9.9982E-05 0.588354 0.411446 9.9982E-05
0.308428 0.290987 0.233804 0.166781
0.313982 0.388538 0.148484 0.148997
0.193702 0.526832 0.279366 9.9991E-05
0.370981 0.305784 0.146462 0.176773
0.144629 0.517613 0.337658 9.9991E-05
0.341933 0.173791 0.14904 0.335236
0.316311 0.429562 0.209598 0.0445289
0.392287 0.297222 0.142735 0.167755
0.302671 0.319936 0.207691 0.169702
0.394605 0.245856 0.140265 0.219274
0.0915542 9.9991E-05 0.872719 0.0356268
0.11128 9.9982E-05 0.88852 9.9982E-05
0.0533106 9.9991E-05 0.934374 0.0122153
0.0444608 9.9982E-05 0.955339 9.9982E-05
0.0810355 9.9991E-05 0.856732 0.0621326
0.0569905 9.9982E-05 0.94281 9.9982E-05
0.107408 9.9991E-05 0.886013 0.00647899
0.04984 9.9991E-05 0.927578 0.0224815
0.0892838 9.9991E-05 0.894556 0.0160607
0.0963557 9.9982E-05 0.903444 9.9982E-05
9.9991E-05 0.0493793 0.678398 0.272122
9.9991E-05 0.00584396 0.688688 0.305368
9.9991E-05 0.0874411 0.625861 0.286598
9.9991E-05 0.0851102 0.556127 0.358663
0.265136 0.182031 9.9991E-05 0.552733
0.282858 0.223431 9.9991E-05 0.493611
0.293058 0.133146 9.9991E-05 0.573696
0.144297 0.164031 0.0193653 0.672306
0.0214092 0.134595 0.0736698 0.770326
0.373816 0.196754 9.9991E-05 0.42933
0.323389 0.132418 9.9991E-05 0.544093
0.290911 0.311653 9.9991E-05 0.397335
0.203258 0.524972 9.9991E-05 0.27167
0.394568 0.195197 9.9991E-05 0.410135
0.190989 0.263802 9.9991E-05 0.545108
9.9982E-05 0.80547 9.9982E-05 0.19433
0.315548 0.0641295 9.9991E-05 0.620223
0.0459098 0.704071 9.9991E-05 0.249919
0.289031 0.300312 9.9991E-05 0.410556
0.00588334 0.319214 0.0177326 0.65717
9.9991E-05 0.0274899 0.310306 0.662104
9.9991E-05 0.0496829 0.257945 0.692272
9.9991E-05 0.0217083 0.252047 0.726144
9.9982E-05 9.9982E-05 0.278633 0.721167
9.9991E-05 0.00593334 0.20948 0.784487
9.9991E-05 0.0257118 0.228499 0.74569
0.133091 9.9991E-05 0.85037 0.0164391
0.131544 9.9991E-05 0.797676 0.07068
0.18357 0.00904666 0.749026 0.0583581
0.13065 9.9991E-05 0.829939 0.0393112
0.193294 9.9991E-05 0.744477 0.0621298
9.9991E-05 0.0154835 0.529261 0.455156
9.9991E-05 0.00701598 0.549529 0.443355
9.9991E-05 0.00030492 0.534127 0.465468
0.125415 9.9991E-05 0.813832 0.0606526
9.9991E-05 0.0251051 0.507933 0.466861
0.488427 0.214207 0.297266 9.9991E-05
0.528841 0.0748425 0.0997087 0.296608
0.626781 0.0315171 0.1251 0.216602
0.447362 0.186754 0.286478 0.0794064
0.431558 0.0859363 0.131058 0.351448
0.284156 0.183445 0.532299 9.9991E-05
0.200539 0.120357 0.0287596 0.650344
0.206723 0.358379 9.9991E-05 0.434797
0.0464791 0.106347 0.0673755 0.779798
0.263857 0.316954 9.9991E-05 0.41909
9.9991E-05 0.723908 0.0696949 0.206297
0.350581 0.127644 0.0697112 0.452064
0.314941 0.262608 0.00648504 0.415966
0.0941249 0.0976921 0.0728043 0.735379
0.335867 0.0809471 0.0417757 0.54141
9.9991E-05 0.541921 0.0469661 0.411013
0.2875 0.228399 9.9991E-05 0.484002
0.219731 0.139995 0.0109122 0.629362
0.325479 0.247298 0.103572 0.323651
0.1515 0.33693 0.0297946 0.481776
0.235112 0.3627 9.9991E-05 0.402088
0.31968 0.206782 9.9991E-05 0.473439
0.260168 0.21735 9.9991E-05 0.522381
0.431335 0.15752 9.9991E-05 0.411045
0.339725 0.0905171 0.0877173 0.482041
0.30521 0.100274 0.0293126 0.565204
0.199386 9.9982E-05 0.800414 9.9982E-05
0.159964 9.9991E-05 0.829943 0.00999353
0.0942545 0.0245418 0.874899 0.00630436
0.122736 9.9982E-05 0.877064 9.9982E-05
0.129391 9.9991E-05 0.857608 0.0129019
9.9991E-05 0.110692 0.163236 0.725973
0.347867 0.133244 0.0113651 0.507524
0.448282 0.148415 0.198242 0.205062
0.355609 0.048243 9.9991E-05 0.596048
0.277305 0.0312893 0.00834878 0.683057
0.124252 0.430087 0.0470885 0.398572
9.9991E-05 0.0385013 0.207347 0.754051
0.230394 0.0302483 0.0382648 0.701093
0.0908807 0.00370091 0.121565 0.783854
0.281681 0.263273 0.0249285 0.430118
9.9991E-05 0.0713051 0.183931 0.744664
0.372062 9.9991E-05 0.0461225 0.581715
9.9991E-05 0.11485 0.145321 0.739729
0.167052 0.341689 0.0798161 0.411443
0.300649 0.277369 0.0173031 0.404679
0.0731447 0.602485 0.058873 0.265497
0.279215 0.413007 0.0306434 0.277135
0.352124 0.259356 0.077458 0.311062
0.0661674 0.690634 0.0697549 0.173444
0.314046 0.275468 0.061332 0.349154
0.278159 0.372425 0.00339702 0.346019
9.9991E-05 0.865186 0.078488 0.0562261
0.0126687 0.796869 0.0934686 0.0969941
0.182146 0.447112 0.0273368 0.343406
9.9991E-05 0.853444 0.067961 0.0784951
0.222323 0.491768 0.00988159 0.276027
9.9991E-05 0.0191633 0.119135 0.861602
0.121236 0.399097 9.9991E-05 0.479567
0.217778 0.0160549 0.0569554 0.709211
0.319101 0.0982433 0.0279561 0.5547
0.0628385 0.0377564 0.0383922 0.861013
0.33666 0.141855 0.053991 0.467494
0.357225 0.0162188 0.0147494 0.611806
0.309645 0.144804 9.9991E-05 0.54545
0.29709 0.122181 0.000851763 0.579878
0.234026 0.0287924 0.039781 0.6974
0.0891586 0.0784537 0.0586911 0.773697
0.20349 0.0720362 9.9991E-05 0.724374
0.337383 0.1683 9.9991E-05 0.494217
0.365618 0.17025 9.9991E-05 0.464032
0.225175 0.256575 0.0813457 0.436905
0.31675 0.20746 9.9991E-05 0.47569
0.18162 0.0376957 0.0431435 0.737541
0.315819 0.0520386 0.00741592 0.624726
0.297343 0.0493189 0.0261627 0.627176
0.365259 0.156367 0.0493438 0.42903
0.411052 0.0641318 0.277008 0.247808
0.468685 0.148958 0.11013 0.272227
0.403465 0.202267 0.135545 0.258723
0.459396 0.156506 0.076728 0.30737
0.479397 0.180111 0.176665 0.163827
0.229171 0.345335 9.9991E-05 0.425393
0.42809 0.20049 0.0865041 0.284916
0.154156 0.475908 0.331832 0.0381036
0.446043 0.160582 0.0780767 0.315297
0.486158 0.130512 0.10352 0.27981
0.477986 0.171174 0.0293532 0.321487
0.261774 0.346238 0.214505 0.177483
0.466933 0.0679233 0.142223 0.32292
0.465232 0.134262 0.103846 0.29666
0.0720848 0.30448 0.623336 9.9991E-05
0.472734 0.0626736 0.134883 0.329709
0.571579 0.114318 0.0939524 0.220151
0.435258 0.164821 0.0422437 0.357678
0.553884 0.152108 0.142395 0.151613
0.41893 0.138283 0.161418 0.281369
0.250573 0.505095 0.0188362 0.225496
0.360356 0.281927 0.0201806 0.337537
9.9991E-05 0.941681 0.0105034 0.0477156
9.9982E-05 0.934678 0.0651221 9.9982E-05
0.305153 0.420965 0.0371932 0.236688
0.515433 0.28823 0.130774 0.0655625
0.507973 0.27747 0.174601 0.0399549
0.400454 0.373174 0.226271 9.9991E-05
0.498243 0.31141 0.172539 0.017808
0.0681136 0.761458 0.170329 9.9991E-05
0.150518 0.705389 0.143278 0.000814812
0.377704 0.384162 9.9991E-05 0.238034
0.350841 0.443516 0.045213 0.16043
0.179558 0.660565 0.081941 0.0779362
0.350054 0.293559 0.0281635 0.328223
0.39159 0.333027 9.9991E-05 0.275282
0.373447 0.303201 0.0300458 0.293306
0.180739 0.603933 9.9991E-05 0.215228
0.213737 0.508289 9.9991E-05 0.277874
0.279434 0.379393 0.0129173 0.328256
0.267119 0.405789 9.9991E-05 0.326992
0.321318 0.294179 0.0490617 0.335441
0.242398 0.518208 9.9991E-05 0.239294
0.0690846 0.803729 0.0266834 0.100503
0.358711 0.371555 9.9991E-05 0.269634
0.0763775 0.753199 0.0136926 0.156731
0.248829 0.50753 0.0137444 0.229897
0.308081 0.320421 0.0105445 0.360954
0.311221 0.332773 0.0159415 0.340064
0.437652 0.170138 0.149131 0.243079
0.409136 0.220228 0.107966 0.26267
0.464277 0.280617 0.22639 0.0287162
0.418502 0.248762 0.186754 0.145981
0.408785 0.1088 0.149533 0.332882
0.36748 0.258877 0.162888 0.210756
0.0733359 0.662857 0.263707 9.9991E-05
0.529256 0.20225 0.0358398 0.232654
0.0139665 0.53281 0.453123 9.9991E-05
0.490745 0.337642 0.0178142 0.153799
0.0168906 0.930713 0.0181242 0.0342724
9.9991E-05 0.946917 0.0289218 0.0240616
0.256669 0.460638 9.9991E-05 0.282593
0.362611 0.380552 9.9991E-05 0.256737
0.207482 0.574197 9.9991E-05 0.218221
0.337839 0.414429 9.9991E-05 0.247631
0.305309 0.459057 9.9991E-05 0.235534
0.0793248 9.9991E-05 0.862352 0.0582236
0.126172 0.0454236 0.783701 0.0447041
0.0829915 9.9982E-05 0.916809 9.9982E-05
0.0709901 9.9982E-05 0.92881 9.9982E-05
0.321235 0.268181 9.9991E-05 0.410485
0.278337 0.192113 9.9991E-05 0.52945
0.243626 0.178455 9.9991E-05 0.577818
0.344041 0.154482 9.9991E-05 0.501377
0.362451 0.187315 0.0288359 0.421398
0.106355 0.362807 9.9991E-05 0.530739
0.314914 0.172307 9.9991E-05 0.512679
0.121108 0.613325 9.9991E-05 0.265467
0.382325 0.0337537 0.297956 0.285965
0.234343 0.409247 9.9991E-05 0.356309
0.127587 0.280101 9.9991E-05 0.592212
0.290798 0.342137 9.9991E-05 0.366964
0.204576 0.221616 9.9991E-05 0.573708
0.311873 0.378307 9.9991E-05 0.309719
0.291703 0.177313 9.9991E-05 0.530884
9.9982E-05 0.781032 9.9982E-05 0.218768
0.149976 0.551684 9.9991E-05 0.298241
0.219452 0.47175 9.9991E-05 0.308698
9.9982E-05 0.918963 9.9982E-05 0.0808373
0.214454 0.261832 9.9991E-05 0.523614
9.9991E-05 0.749566 0.00382993 0.246505
9.9991E-05 0.843502 0.00349243 0.152906
0.354535 0.308183 9.9991E-05 0.337182
0.056455 0.315533 0.0165103 0.611501
0.248935 0.217014 9.9991E-05 0.533951
0.347613 0.201084 0.0336036 0.417699
0.255462 0.22723 9.9991E-05 0.517208
0.173456 0.300449 0.00504152 0.521054
0.288885 0.151082 9.9991E-05 0.559933
0.241601 0.166721 9.9991E-05 0.591578
0.145852 0.482139 9.9991E-05 0.371909
0.297245 0.207513 0.0361638 0.459078
9.9991E-05 0.0395566 0.749873 0.21047
9.9991E-05 0.0341726 0.802385 0.163343
9.9982E-05 9.9982E-05 0.903309 0.0964906
9.9991E-05 0.00286106 0.893115 0.103924
0.0125534 0.0309361 0.775875 0.180636
0.0371326 0.318077 0.061675 0.583116
0.005605 0.370023 0.0278422 0.59653
0.102602 0.616549 9.9991E-05 0.280749
0.353237 0.190419 0.0600953 0.396248
0.361824 0.234287 0.044058 0.359831
0.131217 0.556125 9.9991E-05 0.312559
0.362355 0.223706 9.9991E-05 0.413838
0.249445 0.411461 9.9991E-05 0.338994
0.283619 0.244168 9.9991E-05 0.472113
0.377424 0.135976 9.9991E-05 0.486501
0.0803536 0.293567 9.9991E-05 0.625979
0.131687 0.225858 9.9991E-05 0.642355
0.110356 0.293474 9.9991E-05 0.596069
0.384527 0.172391 0.0365117 0.406571
0.158969 0.246025 9.9991E-05 0.594906
0.229735 0.2245 9.9991E-05 0.545664
0.6312 0.0170507 0.106294 0.245455
0.633985 0.0965104 0.152662 0.116843
0.690999 0.0101753 0.0871735 0.211652
0.696926 0.0741028 0.186936 0.0420351
0.576546 0.0958902 0.0677056 0.259858
0.329564 0.383094 9.9991E-05 0.287243
0.638596 9.9982E-05 0.361204 9.9982E-05
0.707839 0.0909945 0.146634 0.0545329
0.393296 0.291251 0.194955 0.120498
0.285062 0.30428 0.0986236 0.312035
0.272299 0.283838 0.107882 0.335981
0.346622 0.238458 0.0548256 0.360094
0.372907 0.159871 0.0895342 0.377688
0.692088 0.0311211 0.184132 0.0926591
0.609766 0.115251 0.147743 0.12724
0.779221 0.0113099 0.0842445 0.125225
0.522327 0.118657 0.100225 0.258792
0.615478 0.0789875 0.233553 0.0719817
0.582635 0.102014 0.102918 0.212433
0.687199 0.0722476 0.18669 0.0538641
0.544827 0.152509 0.124718 0.177946
0.277113 0.392881 0.112401 0.217605
0.579374 0.121427 0.151581 0.147618
0.669411 0.0618031 0.268686 9.9991E-05
0.596372 0.123637 0.0965812 0.18341
0.0716159 0.338029 0.215406 0.374949
0.395773 0.353824 9.9991E-05 0.250303
0.573144 0.136325 0.143699 0.146833
0.334291 0.173655 0.0899205 0.402133
0.262838 0.266173 0.126975 0.344014
0.410403 0.242311 0.2195 0.127786
0.469884 0.218766 0.209188 0.102163
0.384778 0.205626 0.0621929 0.347403
0.564405 0.106664 0.116811 0.21212
0.664791 0.0186479 0.0986546 0.217906
0.712573 0.0320304 0.255296 9.9991E-05
0.384421 0.184281 0.0469215 0.384376
0.194286 0.338183 0.139718 0.327814
0.0413733 0.75138 0.207147 9.9991E-05
0.364399 0.206011 0.0923055 0.337285
0.210626 0.366079 0.10642 0.316875
0.412303 0.189856 0.148739 0.249102
0.366045 0.232437 0.125443 0.276074
0.0868033 0.444053 0.469044 9.9991E-05
0.0234488 0.539274 0.437177 9.9991E-05
0.248925 0.448313 0.22721 0.0755524
0.165299 0.415141 0.41946 9.9991E-05
0.160198 0.2757 0.564001 9.9991E-05
0.313384 0.390801 0.203126 0.0926884
0.344138 0.24773 0.232198 0.175934
0.215425 0.410941 0.373533 9.9991E-05
0.144824 0.496705 0.358371 9.9991E-05
0.41172 0.205199 0.129466 0.253616
0.216532 0.500376 0.282992 9.9991E-05
9.9982E-05 0.497817 0.501983 9.9982E-05
0.407769 0.14327 0.0929157 0.356045
0.360982 0.307795 0.231408 0.0998145
0.440993 0.106563 0.251994 0.20045
0.579745 0.0398791 0.133657 0.246718
0.547133 0.116277 0.0825445 0.254045
0.535354 0.160235 0.138052 0.166359
0.397536 0.011141 0.358837 0.232486
0.495045 0.0916204 0.166159 0.247175
0.516422 0.0423036 0.221165 0.220109
0.413124 0.265217 0.257879 0.0637802
0.276199 0.152236 0.196261 0.375304
0.40793 0.144483 0.12016 0.327427
0.505417 0.0740253 0.112262 0.308296
0.454858 0.124808 0.0737365 0.346597
0.479499 0.0531069 0.268568 0.198826
0.510004 0.056409 0.19265 0.240937
0.322351 0.244201 0.433348 9.9991E-05
0.531909 0.0584921 0.105766 0.303833
0.421465 0.24257 0.335865 9.9991E-05
0.0207773 9.9991E-05 0.831831 0.147291
9.9982E-05 9.9982E-05 0.183345 0.816455
9.9982E-05 9.9982E-05 0.184582 0.815218
9.9982E-05 9.9982E-05 0.153666 0.846134
9.9982E-05 9.9982E-05 0.140368 0.859432
9.9982E-05 9.9982E-05 0.183982 0.815818
9.9982E-05 9.9982E-05 0.135293 0.864507
9.9982E-05 9.9982E-05 0.187874 0.811926
9.9982E-05 9.9982E-05 0.303955 0.695845
0.0522222 9.9991E-05 0.883717 0.063961
0.0661979 9.9991E-05 0.805243 0.128459
0.0793687 0.0113635 0.883172 0.026096
0.0539783 9.9991E-05 0.86261 0.0833113
0.0778171 9.9991E-05 0.887264 0.0348187
0.0765952 9.9991E-05 0.877081 0.0462237
0.196175 0.0194627 0.731157 0.0532055
0.132594 9.9982E-05 0.867206 9.9982E-05
0.173939 9.9991E-05 0.702045 0.123916
0.128438 9.9982E-05 0.871362 9.9982E-05
0.0449114 9.9982E-05 0.954889 9.9982E-05
0.120677 9.9991E-05 0.850051 0.0291712
0.0399599 9.9982E-05 0.95984 9.9982E-05
0.103269 9.9982E-05 0.896531 9.9982E-05
0.145965 9.9982E-05 0.853835 9.9982E-05
0.114138 9.9982E-05 0.885662 9.9982E-05
0.168597 9.9982E-05 0.831203 9.9982E-05
0.186619 9.9982E-05 0.813181 9.9982E-05
0.212633 9.9982E-05 0.787167 9.9982E-05
0.173634 0.332398 0.131356 0.362612
0.352537 0.194618 0.00610969 0.446735
0.392351 0.14225 0.0335545 0.431845
0.00544378 0.803292 0.191164 9.9991E-05
0.278613 0.22073 0.0880935 0.412564
0.00290169 0.790366 0.206632 9.9991E-05
0.403054 0.301135 0.00366694 0.292144
0.15146 0.287199 0.136565 0.424776
0.229374 0.272879 0.140222 0.357525
0.255704 0.205183 0.0150756 0.524037
0.215816 0.272661 0.121411 0.390112
0.360854 0.270147 9.9991E-05 0.3689
0.268011 0.271532 0.0634922 0.396965
9.9991E-05 0.412349 0.114776 0.472775
9.9982E-05 0.80296 0.19684 9.9982E-05
0.0533015 0.741006 0.197663 0.00802984
0.331134 0.183871 0.0750812 0.409913
0.295858 0.479053 0.0421157 0.182974
0.312361 0.40662 0.0446244 0.236394
0.395525 0.166857 0.0345991 0.403019
0.430731 0.114046 0.206903 0.248321
0.488691 0.0688522 0.151519 0.290938
0.233418 0.0749201 0.442424 0.249238
0.351481 0.126047 0.0952002 0.427272
0.33481 0.0993448 0.191605 0.37424
0.111446 0.371181 0.517273 9.9991E-05
0.392425 0.261481 0.305012 0.0410816
0.33305 0.0738601 0.347655 0.245435
0.348577 0.0563521 0.292988 0.302082
0.38349 0.188582 0.122161 0.305767
0.396186 0.116516 0.125734 0.361564
0.480038 0.119749 0.0791644 0.321049
0.386448 0.239805 0.144525 0.229222
0.27604 0.0902509 0.482514 0.151195
