0.0630024 9.9982E-05 9.9982E-05 0.936798
9.9982E-05 9.9982E-05 0.0442027 0.955597
0.0757389 0.0810768 9.9991E-05 0.843084
0.0918104 0.0366384 0.0236991 0.847852
0.0352416 0.0506232 0.0238597 0.890276
0.0810424 0.126918 0.151732 0.640308
9.999E-05 0.0254078 0.0684001 0.906092
0.0547483 9.9991E-05 0.144679 0.800472
9.9982E-05 9.9982E-05 0.148266 0.851534
0.111653 0.078986 0.0804866 0.728875
9.9991E-05 0.0561149 0.153176 0.790609
0.02936 0.405058 0.509576 0.056006
0.066035 0.656353 0.226346 0.0512658
0.0415424 0.394791 0.427507 0.136159
0.104198 0.434554 0.370123 0.0911243
0.144952 0.439116 0.216477 0.199455
0.103838 0.657277 0.0882373 0.150648
0.124226 0.502087 0.370701 0.00298571
0.040685 0.494333 0.25456 0.210422
0.01629 0.12124 0.696834 0.165635
0.0813733 0.472264 0.359201 0.087162
0.0701791 0.522335 0.384906 0.0225803
0.0435143 0.664796 0.215311 0.0763787
0.0792262 0.413701 0.411423 0.0956494
0.175797 0.670912 0.0607984 0.0924924
0.0631077 0.624956 0.0885535 0.223383
0.0289326 0.344291 0.52113 0.105646
0.160463 0.304327 0.46099 0.0742202
0.0182714 0.390341 0.502766 0.0886216
0.0532561 0.0855095 9.9991E-05 0.861134
9.9982E-05 0.143553 9.9982E-05 0.856247
0.0500114 0.138765 9.9991E-05 0.811123
0.103057 0.139732 9.9991E-05 0.757111
9.9991E-05 0.72869 0.23166 0.0395502
0.133171 0.476142 0.277274 0.113413
0.00609715 0.728167 0.251499 0.0142372
9.9991E-05 0.273911 0.542698 0.183291
0.0476798 0.50379 0.44843 9.9991E-05
0.0637414 0.642037 0.204178 0.0900437
0.134399 0.726394 0.110781 0.0284259
9.9991E-05 0.67715 0.162838 0.159912
9.9991E-05 0.796798 0.0685516 0.134551
9.9991E-05 0.436547 0.541243 0.0221109
0.082856 0.67161 0.163432 0.082102
0.126009 0.664759 0.136564 0.0726681
0.0859083 0.686816 0.09816 0.129116
9.9982E-05 0.582978 0.416822 9.9982E-05
0.0478405 0.790174 0.119652 0.0423338
9.9991E-05 0.744031 0.0433924 0.212477
0.00551933 0.0604617 0.861175 0.0728441
9.9991E-05 0.358372 0.603664 0.0378637
0.0382346 0.154045 0.747341 0.0603788
0.108145 0.587621 0.192077 0.112157
0.1095 0.657539 0.0929471 0.140013
0.126696 0.612675 0.131531 0.129098
9.9991E-05 0.343495 0.51484 0.141565
9.9991E-05 0.70142 0.248217 0.0502627
0.205707 0.532988 0.195757 0.0655475
0.0625206 0.432657 0.36947 0.135353
0.065972 0.169885 0.497358 0.266786
0.0421913 0.665518 0.206334 0.0859568
0.0436764 0.554616 0.304382 0.0973253
9.9991E-05 0.132033 0.751173 0.116694
0.0344672 0.603246 0.295801 0.0664854
0.139728 0.646599 0.161341 0.0523323
0.0988235 0.559678 0.228288 0.113211
0.049348 0.387802 0.465958 0.0968916
0.132743 0.567201 0.289993 0.0100619
9.9991E-05 0.691895 0.205372 0.102634
9.9991E-05 0.316259 0.607412 0.076229
9.9982E-05 0.746596 0.253204 9.9982E-05
9.9991E-05 0.433213 0.552755 0.0139323
0.0881189 0.652816 0.144682 0.114383
9.9982E-05 0.264986 0.734815 9.9982E-05
9.9982E-05 0.230231 0.769569 9.9982E-05
0.0111171 0.458813 0.52997 9.9991E-05
0.00966908 0.609934 0.372621 0.00777548
0.110093 0.580382 0.141755 0.16777
0.0936593 0.574692 0.331549 9.9991E-05
9.9991E-05 0.431384 0.470302 0.0982139
9.9991E-05 0.437485 0.475903 0.0865122
0.143753 0.60616 0.168056 0.0820306
0.0158341 0.503089 0.480977 9.9991E-05
9.9991E-05 0.640787 0.279202 0.0799113
0.00504738 0.601354 0.393499 9.9991E-05
0.066488 0.159086 0.774326 9.9991E-05
0.0925965 0.722278 0.166603 0.0185228
0.0080891 0.149753 9.9991E-05 0.842058
9.9982E-05 0.0813401 9.9982E-05 0.91846
0.0504029 0.0749108 9.9991E-05 0.874586
0.0601238 0.0171009 9.9991E-05 0.922675
0.0337797 0.0919703 9.9991E-05 0.87415
0.0928244 9.9991E-05 0.0250599 0.882016
9.9982E-05 0.0526638 9.9982E-05 0.947136
0.0474086 0.594524 0.233123 0.124944
0.128731 0.671608 0.0904257 0.109236
9.9982E-05 0.33475 0.66505 9.9982E-05
0.165355 0.578047 0.146844 0.109754
9.9991E-05 0.666104 0.271643 0.0621522
0.0274324 0.721903 0.192436 0.0582285
9.9991E-05 0.745504 0.17076 0.0836359
0.117989 0.616448 0.265463 9.9991E-05
9.9991E-05 0.195265 0.733221 0.0714131
0.0251876 0.674174 0.127779 0.172859
0.0945818 0.699873 0.102542 0.103003
0.136566 0.677804 0.0847472 0.100884
9.9991E-05 0.50812 0.48711 0.0046702
0.0503009 0.648472 0.301127 9.9991E-05
0.0260249 0.56922 0.351863 0.0528922
0.103996 0.518358 0.377546 9.9991E-05
9.9991E-05 0.607727 0.303812 0.0883604
0.0580844 0.615576 0.188149 0.138191
0.0948392 0.280396 0.572073 0.0526916
0.0732506 0.501756 0.24691 0.178084
0.156765 0.522009 0.234026 0.0871995
0.0381821 0.674332 0.130285 0.157201
9.9991E-05 0.627799 0.299729 0.0723711
9.9991E-05 0.739727 0.152022 0.108151
9.9991E-05 0.590425 0.242372 0.167102
0.0586448 0.617738 0.205361 0.118256
0.0399931 0.685275 0.244286 0.0304461
0.00493949 0.667842 0.20971 0.117508
9.9991E-05 0.652969 0.251767 0.0951636
0.0860924 0.645427 0.134533 0.133947
0.143736 0.55941 0.161965 0.134889
0.0851136 0.66433 0.250456 9.9991E-05
0.152912 0.549825 0.17415 0.123113
0.131844 0.562597 0.285386 0.0201739
9.9991E-05 0.449953 0.319743 0.230204
0.110098 0.693657 0.151145 0.0451005
0.0838415 0.740375 0.115956 0.0598278
0.0538288 0.377776 0.50284 0.0655543
0.0767466 0.21677 0.616623 0.0898604
0.055975 0.607235 0.264803 0.0719868
0.123279 0.1361 0.740521 9.9991E-05
0.00654353 0.449106 0.43545 0.108901
9.9991E-05 0.573752 0.358283 0.0678656
9.9991E-05 0.489334 0.417885 0.0926804
0.0266229 0.384279 0.522469 0.0666291
0.0758326 0.663814 0.173242 0.0871119
0.0193128 0.669109 0.197784 0.113794
0.0160415 0.705916 0.188234 0.0898091
0.145825 0.175676 0.63594 0.0425594
0.15208 0.45789 0.259781 0.130249
0.187715 0.491493 0.314689 0.00610347
0.0383307 0.0684879 0.699754 0.193428
0.088746 0.665456 0.106148 0.13965
0.111112 0.368621 0.407875 0.112392
0.122559 0.517873 0.283901 0.0756669
0.0942831 0.337928 0.439284 0.128505
9.9991E-05 0.26637 0.57241 0.16112
0.00989164 0.575777 0.298353 0.115978
0.152622 0.459112 0.264488 0.123778
0.132307 0.43616 0.29971 0.131823
0.23295 0.0911515 0.590785 0.0851137
0.143357 0.598232 0.140961 0.11745
9.9982E-05 0.564739 0.435061 9.9982E-05
0.0216758 0.61536 0.35934 0.00362439
0.0887566 0.527954 0.2158 0.167489
0.239544 0.242072 0.161495 0.356889
0.217684 9.9991E-05 0.174225 0.607991
0.220779 9.9991E-05 0.289005 0.490116
0.354108 0.111149 0.0979025 0.43684
0.0789649 0.694232 0.226703 9.9991E-05
0.177845 0.570927 0.195692 0.0555355
0.727553 0.272247 9.9982E-05 9.9982E-05
0.412774 0.354832 0.111654 0.120739
0.399269 0.309114 0.175164 0.116453
0.0547071 0.411915 0.528242 0.0051366
0.15768 0.631375 0.151498 0.0594467
0.104318 0.281346 0.614236 9.9991E-05
0.107238 0.655167 0.210079 0.0275156
0.0917028 0.526342 0.381855 9.9991E-05
0.0764334 0.620905 0.193499 0.109163
0.133333 0.198574 0.650243 0.0178494
0.198234 0.626791 0.0943342 0.08064
0.177906 0.521339 0.249456 0.051298
0.987399 0.0124012 9.9982E-05 9.9982E-05
0.94996 0.0498405 9.9982E-05 9.9982E-05
0.605225 0.292124 0.0359872 0.0666638
0.694224 0.305576 9.9982E-05 9.9982E-05
0.879474 0.0942342 0.0261921 9.9991E-05
0.9997 9.998E-05 9.998E-05 9.998E-05
0.953129 9.9991E-05 0.00852252 0.0382484
0.863793 0.136007 9.9982E-05 9.9982E-05
0.942672 0.0571284 9.9982E-05 9.9982E-05
0.9997 9.998E-05 9.998E-05 9.998E-05
0.986691 9.9982E-05 9.9982E-05 0.0131094
0.791166 0.158264 9.9991E-05 0.0504701
0.786104 0.120207 0.0257767 0.0679122
0.9997 9.998E-05 9.998E-05 9.998E-05
0.463947 0.39494 0.0969093 0.044204
0.63715 0.299629 9.9991E-05 0.0631207
0.812289 0.13968 9.9991E-05 0.0479314
0.859737 0.0844537 9.9991E-05 0.0557094
0.9997 9.998E-05 9.998E-05 9.998E-05
0.948126 9.9982E-05 9.9982E-05 0.0516736
0.9997 9.998E-05 9.998E-05 9.998E-05
0.639199 0.204488 0.128683 0.0276304
0.91764 0.0166545 0.0541399 0.0115658
0.163954 9.9991E-05 0.480105 0.35584
0.148726 0.405555 0.282226 0.163492
0.165649 0.347734 0.270351 0.216266
0.194264 0.149006 0.374157 0.282572
0.212007 0.44627 0.198998 0.142725
0.1779 0.184579 0.304941 0.332581
0.135133 0.468867 0.175776 0.220225
0.212794 0.361892 0.22931 0.196004
0.254159 0.358357 0.17079 0.216693
0.292908 0.319617 0.206187 0.181288
0.147754 0.501722 0.122054 0.228469
0.0229024 9.9991E-05 0.11101 0.865987
0.0885648 9.9982E-05 9.9982E-05 0.911235
9.9982E-05 9.9982E-05 0.0276002 0.9722
9.9982E-05 0.0329625 9.9982E-05 0.966838
0.0256825 0.0254969 0.0243467 0.924474
0.0636876 9.9982E-05 9.9982E-05 0.936112
0.108704 9.9982E-05 9.9982E-05 0.891096
0.0356488 0.00175001 0.0510198 0.911581
0.0141314 0.0567787 9.9991E-05 0.92899
0.119322 9.9982E-05 9.9982E-05 0.880478
0.021599 0.00932197 0.300604 0.668475
0.0265253 0.0159346 0.291739 0.665801
9.9982E-05 9.9982E-05 0.378337 0.621463
9.9991E-05 0.0135859 0.421232 0.565082
9.9991E-05 0.712531 0.265932 0.0214367
0.0901627 0.573023 0.265547 0.0712671
0.0676272 0.679794 0.204722 0.0478564
9.9991E-05 0.545546 0.368839 0.0855147
9.9991E-05 0.358222 0.555601 0.0860768
0.0344973 0.743809 0.191378 0.0303159
9.9982E-05 0.732078 0.267722 9.9982E-05
0.0527653 0.660336 0.286799 9.9991E-05
0.0593868 0.572532 0.367981 9.9991E-05
0.0874214 0.729671 0.143076 0.0398313
0.0349763 0.611553 0.35337 9.9991E-05
0.032572 0.098792 0.868536 9.9991E-05
9.9991E-05 0.681873 0.190289 0.127738
0.0285706 0.479861 0.488632 0.0029362
0.0116926 0.712702 0.256091 0.0195142
9.9991E-05 0.365548 0.581834 0.052518
9.9991E-05 0.0711096 0.682012 0.246779
9.9991E-05 0.13954 0.643293 0.217067
9.9991E-05 0.0696347 0.764442 0.165823
9.9991E-05 0.0332743 0.730203 0.236423
9.9991E-05 0.138629 0.68352 0.177752
0.0285154 0.0868968 0.686417 0.198171
0.054219 0.0554856 9.9991E-05 0.890195
0.0577344 0.046867 9.9991E-05 0.895299
0.130432 0.102607 9.9991E-05 0.766861
0.134986 0.0397084 9.9991E-05 0.825206
0.118427 0.0589462 9.9991E-05 0.822527
9.9982E-05 9.9982E-05 0.530387 0.469413
9.9982E-05 9.9982E-05 0.444753 0.555047
9.9991E-05 0.0252284 0.468936 0.505736
0.0350762 0.130333 9.9991E-05 0.834491
9.9982E-05 9.9982E-05 0.499511 0.500289
0.473081 0.246092 0.0835398 0.197288
0.275867 0.562938 0.0461597 0.115036
0.328322 0.486821 9.9991E-05 0.184757
0.237066 0.397405 0.085041 0.280488
0.2028 0.522115 0.0609773 0.214108
0.398583 9.9991E-05 0.14611 0.455207
9.9991E-05 0.605086 0.315495 0.0793193
0.0437521 0.503649 0.433655 0.0189437
9.9991E-05 0.371954 0.432922 0.195024
9.9991E-05 0.584267 0.38917 0.0264631
0.024217 9.9982E-05 0.975583 9.9982E-05
0.136455 0.574367 0.130295 0.158884
0.0470883 0.525331 0.309936 0.117645
9.9991E-05 0.453782 0.406984 0.139134
0.0512364 0.675202 0.188426 0.0851356
0.0260171 0.234894 0.712826 0.0262634
0.0659851 0.594268 0.284443 0.0553038
0.0582602 0.605514 0.291451 0.0447753
0.254576 0.422565 0.184839 0.138021
0.0517722 0.504716 0.443412 9.9991E-05
9.9991E-05 0.570204 0.328102 0.101594
0.122554 0.558078 0.306633 0.0127346
0.026578 0.64531 0.292866 0.0352461
0.0931933 0.642896 0.164643 0.0992679
0.0854812 0.588302 0.211777 0.11444
0.0472472 0.654896 0.180242 0.117615
0.1224 0.106425 9.9991E-05 0.771075
0.0946636 0.0540952 9.9991E-05 0.851141
0.0193758 0.0575151 0.0952424 0.827867
0.0613646 0.0327118 0.051047 0.854877
0.0442967 0.108842 9.9991E-05 0.846761
9.9991E-05 0.331348 0.562692 0.10586
0.114812 0.548676 0.21337 0.123142
0.165618 0.55898 0.0322015 0.2432
0.0858394 0.704236 0.0920472 0.117877
0.0112915 0.681091 0.239834 0.0677834
0.151688 0.308553 0.51526 0.0244994
9.9991E-05 0.137838 0.631464 0.230598
0.04349 0.603243 0.301021 0.0522454
0.0238422 0.311481 0.518099 0.146578
0.0795338 0.483154 0.364781 0.0725312
9.9991E-05 0.20716 0.538552 0.254188
0.135623 0.616572 0.162488 0.0853181
0.0212229 0.305839 0.500838 0.1721
0.0716865 0.365902 0.467853 0.0945593
0.0974624 0.571778 0.226283 0.104477
0.0193599 0.386605 0.476839 0.117197
0.0052188 0.629294 0.170425 0.195062
0.0206761 0.636548 0.175062 0.167714
0.0546362 0.406181 0.507994 0.0311893
0.111947 0.570857 0.266579 0.0506169
0.0160426 0.697936 0.177855 0.108166
9.9982E-05 0.266834 0.732966 9.9982E-05
0.028702 0.374653 0.585605 0.0110398
0.041642 0.561879 0.358277 0.0382021
9.9991E-05 0.274659 0.660524 0.0647166
9.9991E-05 0.646081 0.339703 0.0141156
9.9991E-05 0.264938 0.587888 0.147074
0.0763641 0.33643 0.587106 9.9991E-05
0.0241372 0.502176 0.34746 0.126227
0.0863779 0.711649 0.189827 0.0121468
0.0228473 0.395136 0.575869 0.00614843
0.110483 0.434529 0.334952 0.120036
0.103011 0.659176 0.11096 0.126853
0.0580228 0.569881 0.288721 0.0833746
0.138223 0.554655 0.280484 0.0266379
0.0538956 0.566997 0.306753 0.0723545
0.0709167 0.41701 0.493482 0.0185909
0.0946517 0.415323 0.431292 0.0587338
0.0728863 0.626325 0.300689 9.9991E-05
0.0883584 0.617178 0.201739 0.0927247
0.0823643 0.429159 0.399959 0.0885176
0.135076 0.548655 0.316169 9.9991E-05
9.9991E-05 0.460914 0.359488 0.179497
9.9991E-05 0.786172 0.146525 0.0672026
0.0315679 0.645517 0.171062 0.151853
0.122634 0.501355 0.221574 0.154437
0.148857 0.492546 9.9991E-05 0.358497
0.254268 0.530771 0.108377 0.106584
0.15178 0.628013 0.046498 0.173709
0.190821 0.58892 0.132092 0.0881674
0.248308 0.486212 0.0226577 0.242822
0.0838152 0.559466 0.356619 9.9991E-05
0.295347 0.448976 0.100248 0.155429
0.250679 0.00779833 0.516544 0.224978
0.233853 0.474091 0.15828 0.133775
0.189212 0.656456 0.0740161 0.0803155
0.296784 0.490647 0.0777819 0.134787
0.209499 0.253665 0.316473 0.220363
0.180454 0.569805 0.00903164 0.24071
0.283523 0.478271 0.0703757 0.16783
0.252005 9.9991E-05 0.243103 0.504793
0.225266 0.482797 0.102737 0.1892
0.192455 0.61974 0.00741398 0.180392
0.154253 0.566407 0.135043 0.144296
0.267365 0.47738 9.9991E-05 0.255154
0.21814 0.547729 0.096667 0.137464
0.183558 0.422074 0.368406 0.0259617
0.107565 0.481642 0.287007 0.123785
0.0508251 0.150882 0.798193 9.9991E-05
0.0485351 0.145368 0.805997 9.9991E-05
0.103249 0.54964 0.203113 0.143998
0.354264 0.423782 0.0686845 0.15327
0.446614 0.321183 0.0843917 0.147812
0.429014 0.096353 0.257843 0.21679
0.357046 0.374377 0.0775607 0.191017
0.235588 0.0928615 0.632794 0.0387571
0.246584 0.18733 0.468394 0.0976917
0.158467 0.566697 0.252369 0.0224667
0.165055 0.525183 0.234738 0.0750242
0.232347 0.239295 0.447709 0.0806489
0.234084 0.532896 0.191934 0.0410852
0.194925 0.603863 0.201112 9.9991E-05
0.192729 0.444388 0.241569 0.121314
9.9991E-05 0.479165 0.511476 0.00925923
0.10111 0.391346 0.507444 9.9991E-05
0.11065 0.550317 0.316267 0.0227661
0.162749 0.380244 0.402716 0.0542911
0.234326 0.415096 0.257509 0.0930686
0.0745765 0.588798 0.336525 9.9991E-05
0.050459 0.318574 0.630867 9.9991E-05
0.0890243 0.698718 0.158532 0.0537256
0.0723673 0.287977 0.639556 9.9991E-05
0.0523183 0.50958 0.428476 0.00962578
0.0922877 0.587849 0.231649 0.0882135
0.089955 0.557558 0.315466 0.0370209
0.146594 0.55871 0.0622738 0.232422
0.298542 0.387653 0.139589 0.174216
0.381396 0.308533 0.135757 0.174315
0.300446 0.260047 0.264415 0.175091
0.179374 0.494588 0.128295 0.197742
0.239707 0.455083 0.134648 0.170562
0.236531 9.9991E-05 0.577236 0.186134
0.282831 0.578568 0.0495742 0.089027
0.236536 9.9991E-05 0.365248 0.398116
0.326239 0.49856 0.117815 0.0573859
9.9982E-05 0.257639 0.742161 9.9982E-05
0.0600674 0.0424885 0.897344 9.9991E-05
0.0697495 0.527734 0.402416 9.9991E-05
0.0806979 0.710636 0.144053 0.0646129
9.9982E-05 0.560668 0.439132 9.9982E-05
0.0870124 0.584129 0.324504 0.00435501
0.0578525 0.721869 0.220178 9.9991E-05
0.0736561 0.0577975 0.0150111 0.853535
0.132638 9.9991E-05 0.0932641 0.773998
0.0479166 9.9982E-05 9.9982E-05 0.951883
9.9982E-05 0.05791 9.9982E-05 0.94189
9.9991E-05 0.680552 0.250416 0.0689321
0.0603093 0.705332 0.190384 0.043975
9.9982E-05 0.736365 0.263435 9.9982E-05
0.0212763 0.738654 0.113193 0.126877
0.0852286 0.603912 0.179946 0.130913
9.9991E-05 0.483789 0.481806 0.0343048
0.033625 0.783193 0.158387 0.0247949
0.0137511 0.544218 0.441931 9.9991E-05
0.209819 0.497974 0.0596057 0.232601
0.0888358 0.497324 0.41374 9.9991E-05
9.9982E-05 0.547044 0.452756 9.9982E-05
0.00118256 0.778431 0.220287 9.9991E-05
0.00600703 0.671587 0.313619 0.00878716
9.9982E-05 0.74089 0.25891 9.9982E-05
0.0247586 0.713977 0.169691 0.0915737
9.9982E-05 0.433985 0.565815 9.9982E-05
0.032714 0.437179 0.530007 9.9991E-05
0.0221704 0.535797 0.441932 9.9991E-05
9.9982E-05 0.163243 0.836557 9.9982E-05
9.9991E-05 0.518619 0.427048 0.0542332
0.039367 0.309852 0.650681 9.9991E-05
0.0404201 0.076463 0.883017 9.9991E-05
9.9991E-05 0.802566 0.15163 0.0457041
9.9991E-05 0.408611 0.505253 0.0860359
0.0288429 0.617586 0.353472 9.9991E-05
0.115265 0.640277 0.123094 0.121364
0.0137717 0.613897 0.336152 0.0361791
0.106321 0.362897 0.530682 9.9991E-05
0.056951 0.649083 0.245339 0.0486271
9.9991E-05 0.688955 0.224267 0.0866778
9.9982E-05 0.562337 0.437463 9.9982E-05
0.149731 0.592943 0.183244 0.0740818
9.9991E-05 0.024252 0.260517 0.715131
9.9991E-05 0.0877793 0.101497 0.810624
9.9982E-05 9.9982E-05 0.152933 0.846867
9.9982E-05 9.9982E-05 0.160386 0.839414
9.9991E-05 0.0849563 0.131954 0.78299
9.9991E-05 0.382985 0.554146 0.0627695
9.9991E-05 0.398763 0.560952 0.0401849
0.00387534 0.411005 0.58502 9.9991E-05
0.0315435 0.640372 0.10423 0.223855
0.0257317 0.638957 0.206766 0.128545
0.0394002 0.477368 0.473137 0.010095
0.0711746 0.743032 0.185694 9.9991E-05
0.0630011 0.590835 0.334314 0.0118501
9.9991E-05 0.687634 0.277585 0.0346807
0.0547726 0.716896 0.122869 0.105462
0.042412 0.433763 0.504317 0.0195078
9.9991E-05 0.561125 0.437965 0.000809709
9.9982E-05 0.534664 0.465136 9.9982E-05
9.9991E-05 0.722196 0.0985643 0.17914
9.9982E-05 0.698332 0.301469 9.9982E-05
0.00680839 0.665604 0.303467 0.0241201
0.477919 0.393842 0.0155689 0.112671
0.616093 0.278132 0.0541825 0.0515927
0.521575 0.348543 9.9991E-05 0.129782
0.595102 0.288813 0.0257086 0.0903762
0.418884 0.396707 0.0216233 0.162786
0.0724215 0.634277 0.293202 9.9991E-05
0.686365 0.0169038 0.0276965 0.269035
0.55723 0.290154 9.9991E-05 0.152517
0.199562 0.510135 0.109604 0.1807
0.00528211 0.666124 0.109307 0.219287
0.10778 0.45815 0.273218 0.160852
0.0558353 0.621418 0.139377 0.183369
0.1208 0.621738 0.153108 0.104354
0.47294 0.303253 9.9991E-05 0.223707
0.432344 0.356548 0.0795656 0.131542
0.528847 0.44579 9.9991E-05 0.0252631
0.368923 0.391905 0.0636476 0.175525
0.563616 0.344973 9.9991E-05 0.0913106
0.378732 0.420107 0.00938856 0.191773
0.579306 0.242572 0.0148402 0.163282
0.454906 0.396741 0.0820358 0.0663176
0.0952905 0.618379 0.171199 0.115131
0.411442 0.401124 9.9991E-05 0.187334
0.675728 0.161161 9.9991E-05 0.163011
0.353204 0.439662 0.0798553 0.127279
9.9991E-05 0.308333 0.472876 0.218691
0.140623 0.617137 0.16171 0.0805308
0.382922 0.352384 0.132204 0.132491
0.0335662 0.720077 0.0827501 0.163606
0.0331893 0.580544 0.168439 0.217828
0.377366 0.326803 0.166338 0.129493
0.289009 0.332423 0.0950029 0.283566
0.126165 0.612552 0.144525 0.116758
0.350315 0.44522 0.0257807 0.178685
0.559835 0.3261 0.032146 0.0819194
0.640032 0.118578 0.016289 0.2251
0.00461053 0.701903 0.0780091 0.215477
9.9991E-05 0.613546 0.210613 0.17574
0.16676 0.122848 0.560468 0.149924
0.162702 0.64671 0.116251 0.0743371
0.0784809 0.489639 0.315127 0.116753
0.187051 0.493192 0.150152 0.169605
0.0943052 0.505745 0.253978 0.145972
0.263526 9.9991E-05 0.375242 0.361133
0.206057 9.9991E-05 0.418936 0.374907
0.227263 0.304799 0.329785 0.138153
0.26873 0.0284984 0.368322 0.334449
0.347591 9.9991E-05 0.204606 0.447703
0.320069 0.322413 0.290904 0.0666147
0.152239 0.403926 0.182325 0.26151
0.317981 0.114293 0.256481 0.311246
0.292184 9.9991E-05 0.412406 0.295311
0.209924 0.405676 0.209096 0.175303
0.200381 0.170058 0.395533 0.234028
0.169133 9.9991E-05 0.330013 0.500754
0.183105 0.56688 0.00181702 0.248198
0.347527 0.260956 0.196819 0.194699
0.1725 0.511658 9.9991E-05 0.315742
0.241872 0.581926 9.9991E-05 0.176102
0.248292 0.545855 0.00326541 0.202588
0.307131 0.496806 0.0872016 0.108862
0.269655 0.348832 9.9991E-05 0.381413
0.215197 0.519689 0.0534352 0.211679
0.297187 0.480661 9.9991E-05 0.222052
0.318539 0.329208 0.142782 0.209471
0.189635 0.385384 0.249593 0.175388
0.181128 0.460665 0.132915 0.225292
0.16997 0.60835 9.9991E-05 0.221579
0.170251 0.635532 0.0898654 0.104352
0.287205 0.363952 9.9991E-05 0.348743
0.235954 0.579873 9.9991E-05 0.184073
0.248549 0.182579 0.167953 0.400919
0.240486 0.568027 0.0345835 0.156903
0.364553 0.211807 0.108201 0.315439
9.9991E-05 0.0250395 0.150988 0.823872
9.9991E-05 0.214727 0.601826 0.183346
9.9991E-05 0.0200735 0.7702 0.209627
9.9991E-05 0.0501631 0.728281 0.221456
9.9991E-05 0.115125 0.755904 0.128871
9.9991E-05 0.158666 0.638168 0.203066
9.9991E-05 0.21275 0.64043 0.14672
9.9991E-05 0.0408045 0.696587 0.262509
9.9991E-05 0.0817354 0.564613 0.353552
0.0716931 9.9991E-05 0.0520761 0.876131
0.0274493 0.0987825 0.0259546 0.847814
0.0876348 9.9991E-05 0.0279326 0.884333
9.9991E-05 0.0755646 0.0529196 0.871416
0.0629885 0.0233144 9.9991E-05 0.913597
9.9982E-05 9.9982E-05 0.0513844 0.948416
0.12695 0.0628129 9.9991E-05 0.810138
0.0589719 0.048567 9.9991E-05 0.892361
0.0648611 0.0944201 0.0715423 0.769177
0.0891273 9.9982E-05 9.9982E-05 0.910673
9.998E-05 9.998E-05 9.998E-05 0.9997
0.0608016 0.0543134 0.0298535 0.855032
0.00990397 0.00475733 9.9991E-05 0.985239
0.0614161 9.9982E-05 9.9982E-05 0.938384
9.9982E-05 0.112318 9.9982E-05 0.887482
0.036215 0.0992498 9.9991E-05 0.864435
0.147183 0.063863 9.9991E-05 0.788854
0.126898 0.102992 9.9991E-05 0.770009
0.078051 0.088909 9.9991E-05 0.83294
0.0483058 0.444443 0.294647 0.212605
9.9991E-05 0.775142 0.0854585 0.139299
0.0869052 0.600546 0.210863 0.101686
0.0907918 0.179146 0.622488 0.107574
9.9991E-05 0.651718 0.171371 0.176811
0.128502 0.112757 0.566041 0.1927
0.123257 0.61697 0.160641 0.0991313
9.9991E-05 0.527986 0.312536 0.159378
9.9991E-05 0.658313 0.193158 0.148429
0.00565296 0.693212 0.25008 0.0510542
9.9991E-05 0.586641 0.282406 0.130854
0.0183151 0.692637 0.132176 0.156872
0.0173715 0.645157 0.198581 0.13889
0.124116 0.0545357 0.78653 0.0348188
0.0542154 9.9991E-05 0.86716 0.0785251
0.0841634 0.203251 0.595385 0.117201
0.0426101 0.780874 0.0577153 0.118801
0.00257651 0.585508 0.218786 0.193129
9.9991E-05 0.673213 0.151461 0.175227
0.100843 0.660336 0.188772 0.0500493
0.166221 0.599663 0.0552185 0.178898
0.226242 0.55902 9.9991E-05 0.214638
0.191116 0.22832 0.186603 0.39396
9.9991E-05 0.702452 0.0800772 0.217371
0.201138 0.392584 0.194389 0.211889
0.257519 9.9991E-05 0.328327 0.414054
0.26482 0.312716 0.110229 0.312235
0.18906 0.333956 0.0915276 0.385457
0.0782949 0.512326 0.047885 0.361494
0.248348 0.502986 0.0435283 0.205138
0.166457 0.586768 9.9991E-05 0.246675
0.179239 0.55193 0.0833059 0.185525
0.333925 0.38556 0.15176 0.128756
0.199971 0.294127 9.9991E-05 0.505803
