9.9991E-05 0.907375 0.0925254
0.014814 0.944255 0.0409306
0.00666758 0.799642 0.19369
9.999E-05 0.806869 0.193031
9.9991E-05 0.855119 0.144781
0.179287 0.658614 0.162098
0.0376058 0.882512 0.0798819
0.107553 0.803291 0.0891558
0.0678218 0.932078 9.9991E-05
0.0702984 0.717221 0.212481
0.126098 0.808822 0.0650796
0.801364 0.0861105 0.112526
0.631877 0.0356098 0.332513
0.653179 0.182127 0.164693
0.598987 0.110824 0.290188
0.453147 0.153105 0.393748
0.502089 0.0729125 0.424998
0.637597 9.9991E-05 0.362303
0.594847 0.192024 0.213129
0.779346 0.220555 9.9991E-05
0.639768 0.0299206 0.330312
0.597873 0.0733698 0.328757
0.609811 9.9991E-05 0.390089
0.675497 0.104724 0.219779
0.494175 0.0405446 0.46528
0.5747 0.0683932 0.356907
0.709736 0.120427 0.169837
0.60791 0.169043 0.223047
0.811865 0.122147 0.0659879
9.9991E-05 0.79632 0.20358
9.9991E-05 0.779921 0.219979
0.0146099 0.773204 0.212186
0.0176427 0.729681 0.252676
0.617372 0.025808 0.35682
0.575311 0.026333 0.398356
0.636871 9.9991E-05 0.363029
0.772488 0.218182 0.00932988
0.722482 0.0495966 0.227922
0.612823 0.059446 0.327731
0.563572 9.9991E-05 0.436328
0.589308 0.0418546 0.368838
0.511911 0.0832293 0.40486
0.883475 0.114952 0.00157296
0.6085 9.99991E-05 0.3914
0.554873 9.9991E-05 0.445027
0.463347 0.104027 0.432627
0.824846 9.9991E-05 0.175054
0.599081 9.9991E-05 0.400819
0.58579 0.0655554 0.348655
0.814251 0.185649 9.9991E-05
0.899552 0.0888424 0.0116059
0.834795 0.149256 0.0159494
0.574323 0.0202041 0.405473
0.524997 0.0623204 0.412682
0.525205 9.9991E-05 0.474695
0.743597 0.240512 0.0158902
0.629226 9.9991E-05 0.370674
0.488881 9.9991E-05 0.511019
0.658471 0.15594 0.185589
0.614717 0.328812 0.0564707
0.612888 0.0667614 0.320351
0.614532 0.11394 0.271528
0.789239 0.210661 9.9991E-05
0.710239 9.9991E-05 0.289661
0.555091 9.9991E-05 0.444809
0.555496 9.9991E-05 0.444404
0.689169 0.108078 0.202753
0.699708 9.9991E-05 0.300192
0.56614 0.10365 0.330211
0.830359 0.116978 0.052663
0.752933 9.9991E-05 0.246967
0.877296 0.00823228 0.114472
0.589323 0.0428729 0.367804
0.971021 0.0288787 9.9991E-05
0.992099 0.00780106 9.9991E-05
0.870002 9.9991E-05 0.129898
0.807516 9.9991E-05 0.192384
0.487016 0.0684404 0.444543
0.730488 0.00327768 0.266235
0.810917 0.0865529 0.10253
0.787382 0.0681692 0.144448
0.538835 0.0571696 0.403995
0.799216 9.9991E-05 0.200684
0.697994 0.0660135 0.235992
0.785798 9.9991E-05 0.214102
0.907563 0.0923369 9.9991E-05
0.61942 9.9991E-05 0.38048
0.0131293 0.802992 0.183879
9.9991E-05 0.853982 0.145918
9.9991E-05 0.805735 0.194165
9.9991E-05 0.885397 0.114503
9.9991E-05 0.823639 0.176261
0.0235271 0.863438 0.113035
9.9991E-05 0.898113 0.101787
0.545783 0.0381831 0.416034
0.515067 0.0318208 0.453113
0.931856 0.0680443 9.9991E-05
0.551524 0.0115825 0.436893
0.725545 9.9991E-05 0.274355
0.617474 9.9991E-05 0.382426
0.643029 9.9991E-05 0.356871
0.651748 9.9991E-05 0.348152
0.854215 0.145685 9.9991E-05
0.586958 0.0748239 0.338218
0.603124 9.9991E-05 0.396776
0.502299 0.0784175 0.419283
0.805653 0.0256314 0.168716
0.686448 9.9991E-05 0.313452
0.660649 0.0149229 0.324429
0.715824 9.9991E-05 0.284076
0.792357 9.9991E-05 0.207543
0.588656 0.0234457 0.387899
0.739174 0.157509 0.103317
0.503416 0.172617 0.323968
0.477072 0.130789 0.392139
0.507328 0.0402371 0.452435
0.700309 0.0420032 0.257688
0.667469 9.9991E-05 0.332431
0.67059 0.0433626 0.286048
0.571677 0.0654488 0.362874
0.563193 9.9991E-05 0.436707
0.654462 9.9991E-05 0.345438
0.762216 0.00420497 0.233579
0.608693 0.012059 0.379248
0.523857 0.103667 0.372475
0.613248 9.9991E-05 0.386652
0.572523 0.0490525 0.378424
0.570742 0.0185657 0.410692
0.620644 0.140257 0.2391
0.58785 9.9991E-05 0.41205
0.53808 9.9991E-05 0.46182
0.70093 0.137372 0.161698
0.752147 0.135257 0.112596
0.604669 0.0510233 0.344307
0.860693 0.0880499 0.0512572
0.763835 0.103046 0.133119
0.756816 0.0566269 0.186557
0.792439 0.129415 0.0781458
0.834061 0.0728834 0.0930556
0.577308 0.0372616 0.385431
0.548109 0.00667979 0.445211
0.578222 0.0314187 0.390359
0.826865 0.105198 0.0679371
0.502253 0.154891 0.342856
0.650429 0.0152278 0.334343
0.720195 0.279705 9.9991E-05
0.472825 0.0318305 0.495345
0.620591 0.118338 0.261071
0.569418 0.0779572 0.352625
0.632956 0.203016 0.164029
0.764716 0.191675 0.0436093
0.668778 0.0527846 0.278438
0.552091 0.0632624 0.384647
0.509712 0.19234 0.297949
0.65706 0.224887 0.118053
0.575254 0.0577272 0.367019
0.839239 0.0300607 0.1307
0.751544 0.00048749 0.247968
0.461095 0.10621 0.432695
0.214499 0.38353 0.401971
0.0641936 0.755544 0.180262
0.183348 0.692662 0.12399
0.0978098 0.478308 0.423882
0.602671 9.9991E-05 0.397229
0.541374 0.00223625 0.45639
0.0901066 9.9991E-05 0.909793
0.303216 0.0479595 0.648824
0.2848 0.10374 0.61146
0.739826 0.0367824 0.223391
0.559597 0.0819926 0.358411
0.755896 0.112592 0.131512
0.628792 9.9991E-05 0.371108
0.680369 0.0598058 0.259825
0.574643 0.0172538 0.408104
0.85754 0.0582523 0.084208
0.574777 9.9991E-05 0.425123
0.605038 0.0072458 0.387716
9.9991E-05 0.0491305 0.95077
9.9991E-05 0.0323032 0.967597
0.156279 0.125874 0.717847
0.0265342 0.0424696 0.930996
0.0642064 0.0672991 0.868495
9.9991E-05 0.033891 0.966009
9.9991E-05 0.0983929 0.901507
9.999E-05 9.999E-05 0.9998
9.9991E-05 0.0198428 0.980057
9.9991E-05 0.0504886 0.949411
9.9991E-05 0.0605256 0.939374
0.0274887 0.0926578 0.879853
9.9991E-05 0.125144 0.874756
9.9991E-05 0.0809812 0.918919
0.312121 0.113624 0.574255
0.0267416 0.120734 0.852524
9.9991E-05 0.0702895 0.92961
9.9991E-05 0.0804891 0.919411
9.9991E-05 0.0284721 0.971428
9.9991E-05 0.0719539 0.927946
9.9991E-05 0.0591047 0.940795
0.103954 0.117066 0.77898
9.9991E-05 0.115368 0.884532
0.442312 0.509911 0.0477773
0.461597 0.230254 0.30815
0.459058 0.193333 0.347609
0.491603 0.317804 0.190593
0.497824 0.0958167 0.40636
0.420496 0.352094 0.22741
0.356364 0.219648 0.423988
0.43986 0.179474 0.380666
0.426037 0.0914824 0.48248
0.349018 0.200867 0.450115
0.39895 0.199137 0.401913
0.0446609 0.863044 0.0922948
9.9991E-05 0.91147 0.0884296
9.9991E-05 0.932226 0.0676743
9.9991E-05 0.929247 0.0706535
9.9991E-05 0.890608 0.109292
9.9991E-05 0.86396 0.13594
9.9991E-05 0.83614 0.16376
0.0267293 0.920396 0.0528752
9.9991E-05 0.878533 0.121367
9.9991E-05 0.847866 0.152034
0.287628 0.712272 9.9991E-05
0.288737 0.696415 0.014848
0.332987 0.666913 9.9991E-05
0.384616 0.615284 9.9991E-05
0.671608 0.029344 0.299048
0.629307 0.0538619 0.316831
0.670626 0.0112141 0.318159
0.752829 0.0616606 0.18551
0.867274 0.121148 0.0115784
0.539606 0.0119664 0.448427
0.6421 9.9991E-05 0.3578
0.711064 9.9991E-05 0.288836
0.74343 9.9991E-05 0.25647
0.558527 9.9991E-05 0.441373
0.796381 9.9991E-05 0.203519
0.959829 0.040071 9.9991E-05
0.697197 0.0188177 0.283985
0.82051 0.0246643 0.154825
0.714136 9.9991E-05 0.285764
0.924879 0.0750208 9.9991E-05
0.680763 0.319137 9.9991E-05
0.701117 0.298783 9.9991E-05
0.7539 0.246 9.9991E-05
0.69093 0.30897 9.9991E-05
0.758776 0.241124 9.9991E-05
0.711234 0.288666 9.9991E-05
9.9991E-05 0.862648 0.137252
9.9991E-05 0.810387 0.189513
9.9991E-05 0.757403 0.242497
0.00490796 0.770277 0.224815
0.0172719 0.80104 0.181688
0.444947 0.554953 9.9991E-05
0.363873 0.636027 9.9991E-05
0.409127 0.590773 9.9991E-05
9.9991E-05 0.78852 0.21138
0.447647 0.552253 9.9991E-05
0.191311 0.240501 0.568188
0.416388 0.0468735 0.536739
0.137604 0.149438 0.712958
0.312796 0.238157 0.449047
0.343104 0.104581 0.552315
0.0365449 0.595596 0.367859
0.807426 9.9991E-05 0.192474
0.737115 0.0516868 0.211199
0.730958 0.17278 0.0962621
0.731642 9.9991E-05 0.268258
0.918559 0.081341 9.9991E-05
0.566562 0.0858911 0.347547
0.688291 0.0529629 0.258746
0.785304 0.063252 0.151444
0.574321 0.017754 0.407925
0.90331 0.0965899 9.9991E-05
0.600551 0.0348047 0.364644
0.706707 9.9991E-05 0.293193
0.515842 0.138813 0.345346
0.803989 9.9991E-05 0.195911
0.663989 0.0627043 0.273306
0.60262 9.9991E-05 0.39728
0.695338 0.0502776 0.254384
0.497645 0.0339717 0.468383
0.533986 0.000410588 0.465603
0.548078 0.0481173 0.403805
9.9991E-05 0.745439 0.254461
9.9991E-05 0.826911 0.172989
0.107964 0.807999 0.0840365
0.01869 0.825277 0.156033
9.9991E-05 0.830629 0.169271
0.775576 0.183352 0.0410715
0.628619 0.0325706 0.338811
0.361083 0.192355 0.446562
0.557234 0.0302729 0.412493
0.642892 0.0136941 0.343414
0.682316 0.109204 0.20848
0.698408 0.301492 9.9991E-05
0.650128 0.0287981 0.321074
0.696108 0.220659 0.0832337
0.652151 0.0605883 0.287261
0.707678 0.275476 0.0168462
0.530314 0.0473137 0.422372
0.740254 0.193369 0.0663777
0.644903 0.108043 0.247055
0.530544 0.0457668 0.42369
0.707957 0.11878 0.173263
0.636057 0.00215372 0.361789
0.504996 0.139496 0.355508
0.832089 0.0595717 0.108339
0.624749 0.0188042 0.356447
0.640077 0.0457549 0.314168
0.929925 0.0699752 9.9991E-05
0.846335 0.0598504 0.0938142
0.689954 0.00918007 0.300866
0.855391 0.132628 0.011981
0.732238 0.0249987 0.242763
0.820387 0.168365 0.011248
0.873441 9.9991E-05 0.126459
0.664799 0.125911 0.20929
0.561017 9.9991E-05 0.438883
0.833436 0.0738277 0.092736
0.529835 0.0740597 0.396105
0.480986 0.0628745 0.456139
0.612749 0.00300392 0.384247
0.564668 0.0381694 0.397162
0.669918 0.0536142 0.276468
0.782775 0.0600525 0.157172
0.717966 0.022414 0.25962
0.613335 0.0152943 0.37137
0.571137 0.0351372 0.393726
0.693844 0.109924 0.196233
0.604868 9.9991E-05 0.395032
0.630147 0.122579 0.247273
0.646032 9.9991E-05 0.353868
0.600291 9.9991E-05 0.399609
0.535884 0.0430449 0.421071
0.278612 0.347255 0.374133
0.374354 0.0675434 0.558102
0.486474 0.0876202 0.425906
0.512861 0.0165241 0.470615
0.297259 0.153436 0.549305
0.731858 9.9991E-05 0.268042
0.463665 0.177477 0.358858
0.469828 0.382953 0.147219
0.430312 0.086246 0.483442
0.33367 0.121593 0.544737
0.415337 0.0637054 0.520958
0.43358 0.239449 0.32697
0.312156 0.198673 0.48917
0.370077 0.115432 0.514491
0.185343 0.632284 0.182372
0.361694 0.111115 0.527191
0.311272 0.0662581 0.62247
0.486182 0.0972288 0.416589
0.266292 0.162776 0.570933
0.424302 0.148893 0.426804
0.679692 0.0195277 0.300781
0.580526 0.00806902 0.411405
0.975215 0.024685 9.9991E-05
0.892409 0.107491 9.9991E-05
0.65181 0.0155377 0.332653
0.283414 0.167054 0.549532
0.276552 0.162926 0.560523
0.297491 0.26438 0.438129
0.259956 0.241454 0.498589
0.639411 0.192575 0.168013
0.60523 0.157676 0.237094
0.531416 9.9991E-05 0.468484
0.576784 0.0280518 0.395164
0.668706 0.124846 0.206448
0.488901 0.0332496 0.47785
0.587449 9.9991E-05 0.412451
0.52598 0.140048 0.333972
0.81129 0.0263855 0.162325
0.741475 0.00822772 0.250297
0.663021 9.9991E-05 0.336879
0.657948 0.111487 0.230565
0.521591 0.108247 0.370162
0.705848 9.9991E-05 0.294052
0.893877 0.0081288 0.0979947
0.61021 9.9991E-05 0.38969
0.876572 0.0173743 0.106054
0.705574 0.00481427 0.289611
0.552737 0.0659654 0.381298
0.764212 9.9991E-05 0.235688
0.39199 0.179681 0.42833
0.438656 0.15731 0.404034
0.321741 0.181587 0.496672
0.35817 0.19404 0.44779
0.342603 0.180662 0.476736
0.389379 0.115692 0.494929
0.508683 0.358542 0.132775
0.392802 0.0124345 0.594763
0.290812 0.546076 0.163112
0.434726 0.0427947 0.522479
0.93677 0.0288505 0.0343792
0.908182 0.0917183 9.9991E-05
0.690945 9.9991E-05 0.308955
0.629756 9.9991E-05 0.370144
0.796487 9.9991E-05 0.203413
0.683695 9.9991E-05 0.316205
0.656573 9.9991E-05 0.343327
0.0406582 0.803874 0.155468
0.035801 0.796577 0.167622
9.9991E-05 0.90952 0.0903797
9.9991E-05 0.896723 0.103177
0.690029 9.9991E-05 0.309871
0.632377 0.0017389 0.365884
0.754718 9.9991E-05 0.245182
0.650484 9.9991E-05 0.349416
0.532092 0.108276 0.359632
0.833144 0.0769758 0.0898807
0.644485 9.9991E-05 0.355415
0.774313 0.0120288 0.213658
0.287191 0.201856 0.510953
0.750085 9.9991E-05 0.249815
0.809536 9.9991E-05 0.190364
0.683147 9.9991E-05 0.316753
0.748027 9.9991E-05 0.251873
0.684368 9.9991E-05 0.315532
0.610935 0.0290467 0.360018
0.981783 9.9991E-05 0.0181171
0.813326 0.0497399 0.136934
0.762049 0.0067211 0.23123
0.988696 0.0112037 9.9991E-05
0.762325 9.9991E-05 0.237575
0.925043 0.0347423 0.0402145
0.898534 0.101366 9.9991E-05
0.628352 9.9991E-05 0.371548
0.837983 0.0951194 0.0668972
0.719767 0.0228677 0.257366
0.548928 0.0147196 0.436353
0.727996 9.9991E-05 0.271904
0.781833 9.9991E-05 0.218067
0.69285 9.9991E-05 0.30705
0.71849 9.9991E-05 0.28141
0.831015 9.9991E-05 0.168885
0.60242 0.0163141 0.381265
0.254116 0.728959 0.0169258
0.131126 0.774605 0.0942685
0.0841205 0.91578 9.9991E-05
0.102836 0.897064 9.9991E-05
0.191462 0.797255 0.0112826
0.878789 0.0694485 0.0517623
0.87087 0.0977146 0.0314153
0.886823 9.9991E-05 0.113078
0.549903 0.0335292 0.416568
0.554569 9.9991E-05 0.445331
0.759351 0.0253437 0.215305
0.661832 9.9991E-05 0.338068
0.69208 0.0161151 0.291805
0.677728 9.9991E-05 0.322172
0.614556 0.00269143 0.382752
0.859889 0.0184159 0.121695
0.78222 0.00118324 0.216597
0.829802 9.9991E-05 0.170098
0.580781 0.0932697 0.325949
0.785315 9.9991E-05 0.214585
0.719816 0.00251205 0.277672
0.250959 0.0739464 0.675095
0.177115 0.0862364 0.736649
0.152135 0.0856215 0.762244
0.133481 0.185029 0.681489
0.322514 0.105171 0.572315
0.648 9.9991E-05 0.3519
9.9991E-05 0.308321 0.691579
0.0500093 0.22309 0.726901
0.392719 0.174639 0.432642
0.527431 0.0980838 0.374485
0.563626 0.143489 0.292885
0.510747 0.0750247 0.414229
0.535567 0.0724606 0.391972
0.0854551 0.175104 0.739441
0.263662 0.141548 0.594791
0.125452 0.0891714 0.785377
0.281409 0.174663 0.543928
0.101465 0.197607 0.700929
0.228785 0.152799 0.618416
0.108866 0.177225 0.713909
0.263973 0.0304513 0.705576
0.616061 0.0145081 0.369431
0.198752 0.201124 0.600124
9.9991E-05 0.20453 0.79537
0.298596 0.10794 0.593463
0.673638 0.284849 0.0415131
0.546481 0.0267632 0.426756
0.241381 0.181739 0.57688
0.538388 0.0773627 0.384249
0.509715 0.125464 0.364821
0.389483 0.177376 0.433141
0.289957 0.203596 0.506447
0.521027 0.03015 0.448823
0.326704 0.0686891 0.604607
0.190519 0.0714668 0.738014
9.9991E-05 0.2966 0.7033
0.501473 0.0701699 0.428357
0.614776 0.161111 0.224113
0.634321 0.190838 0.174841
0.545175 0.019966 0.434859
0.596087 0.152048 0.251865
0.368445 0.111395 0.52016
0.49883 0.0661412 0.435029
0.332963 0.496361 0.170676
0.3419 0.530997 0.127103
0.441447 0.212176 0.346377
0.317084 0.440489 0.242427
0.122111 0.603514 0.274375
0.508929 0.201175 0.289896
0.319563 0.255094 0.425342
0.379555 0.338075 0.28237
0.332787 0.376826 0.290386
0.492984 0.124614 0.382403
0.475779 0.319656 0.204566
0.255398 0.666752 0.07785
0.446846 0.105744 0.44741
0.323075 0.1859 0.491026
0.252536 0.274584 0.47288
0.19761 0.111151 0.691239
0.316059 0.127846 0.556095
0.292636 0.140375 0.566989
0.19151 0.367679 0.440811
0.329138 0.114189 0.556673
0.251462 0.175452 0.573086
0.266213 0.298646 0.435141
0.581865 0.101405 0.31673
0.443567 0.140571 0.415862
0.392446 0.0814015 0.526152
0.495739 0.0213719 0.482889
0.139352 0.279952 0.580695
0.340955 0.15882 0.500224
0.218938 0.413352 0.36771
0.272228 0.174554 0.553218
0.211191 0.288584 0.500225
0.116939 0.844051 0.0390097
0.773705 0.226195 9.9991E-05
0.726515 0.273385 9.9991E-05
0.757345 0.242555 9.9991E-05
0.802655 0.197245 9.9991E-05
0.713132 0.286768 9.9991E-05
0.760994 0.238906 9.9991E-05
0.715852 0.284048 9.9991E-05
0.58055 0.41935 9.9991E-05
9.9991E-05 0.913892 0.0860084
0.0555672 0.85974 0.0846925
9.9991E-05 0.891355 0.108545
0.0948107 0.855576 0.0496132
9.9991E-05 0.855283 0.144617
0.0185651 0.92829 0.0531448
0.069548 0.722012 0.20844
9.9991E-05 0.812918 0.186982
0.114611 0.728851 0.156538
9.9991E-05 0.884485 0.115415
9.9991E-05 0.948067 0.0518329
9.9991E-05 0.848773 0.151127
9.9991E-05 0.929053 0.0708469
9.9991E-05 0.872994 0.126906
9.9991E-05 0.819745 0.180155
9.9991E-05 0.791045 0.208855
9.9991E-05 0.755607 0.244293
9.9991E-05 0.747087 0.252813
9.9991E-05 0.788183 0.211717
0.592159 0.146384 0.261456
0.5796 0.0261964 0.394204
0.571638 0.0505298 0.377833
0.744375 0.20728 0.048345
0.587602 0.0947111 0.317686
0.649426 0.271585 0.078989
0.5082 0.0209665 0.470833
0.645751 0.134683 0.219566
0.632229 0.0638332 0.303937
0.683448 0.0434259 0.273126
0.667887 0.101716 0.230397
0.558304 0.0406751 0.401021
0.596931 0.0664361 0.336633
0.861352 0.135222 0.00342633
0.766269 0.233631 9.9991E-05
0.719652 0.210946 0.0694012
0.584538 9.9991E-05 0.415362
0.582051 0.0978232 0.320126
0.569605 0.0954053 0.334989
0.560364 9.9991E-05 0.439536
0.337903 0.13344 0.528657
0.379645 0.105687 0.514667
0.291128 0.439579 0.269293
0.48275 0.105934 0.411316
0.398345 0.205041 0.396614
0.270872 0.585464 0.143664
0.309847 0.269611 0.420542
0.28027 0.382593 0.337137
0.29762 0.316723 0.385657
0.394829 0.129918 0.475253
0.358947 0.14648 0.494572
0.394278 0.133597 0.472125
0.397114 0.135929 0.466957
0.181027 0.445545 0.373428
