9.9991E-05 0.0978885 0.902011
0.0222352 0.0282138 0.949551
9.999E-05 0.2017 0.7982
0.041024 0.168017 0.790959
9.9991E-05 0.122356 0.877544
0.219404 0.108231 0.672364
0.0229111 0.0830021 0.894087
0.173948 0.0700255 0.756027
0.0961098 9.9991E-05 0.90379
0.0540517 0.197197 0.748751
0.164356 0.033806 0.801838
0.776626 0.134302 0.0890726
0.650786 0.336188 0.0130264
0.735599 0.13255 0.131852
0.627219 0.286881 0.0859001
0.531456 0.342346 0.126198
0.55893 0.44097 9.9991E-05
0.698903 0.286426 0.0146712
0.60062 0.229685 0.169694
0.745864 9.9991E-05 0.254036
0.659936 0.316823 0.023241
0.620573 0.324479 0.0549478
0.648535 0.307298 0.0441665
0.674805 0.224596 0.100599
0.543692 0.423658 0.0326505
0.535565 0.396756 0.0676796
0.750024 0.119528 0.130447
0.613158 0.260937 0.125906
0.731703 0.118521 0.149776
9.9991E-05 0.201804 0.798096
9.9991E-05 0.190078 0.809822
9.9991E-05 0.222375 0.777525
0.0255641 0.239813 0.734623
0.674757 0.325143 9.9991E-05
0.63839 0.338804 0.0228061
0.690152 0.309748 9.9991E-05
0.737878 0.0243109 0.237812
0.78299 0.206376 0.0106339
0.662339 0.24782 0.0898411
0.545522 0.454378 9.9991E-05
0.590874 0.352275 0.0568511
0.562723 0.416998 0.0202788
0.877692 0.0529004 0.0694077
0.535749 0.464151 9.9991E-05
0.568943 0.430957 9.9991E-05
0.545646 0.431762 0.0225917
0.824313 0.175587 9.9991E-05
0.580835 0.419065 9.9991E-05
0.563938 0.392792 0.04327
0.830944 9.9991E-05 0.168956
0.902666 9.9991E-05 0.0972339
0.827924 9.9991E-05 0.171976
0.573563 0.335641 0.0907956
0.521879 0.466303 0.0118188
0.565764 0.39699 0.0372462
0.780534 0.0417363 0.177729
0.64167 0.306483 0.0518472
0.513229 0.410889 0.0758826
0.648577 0.226728 0.124695
0.582401 0.0936514 0.323947
0.614272 0.335614 0.0501132
0.596954 0.266326 0.13672
0.797765 9.9991E-05 0.202135
0.71859 0.28131 9.9991E-05
0.531186 0.468714 9.9991E-05
0.513261 0.427856 0.0588823
0.658896 0.215088 0.126016
0.651508 0.321125 0.0273672
0.613418 0.386482 9.9991E-05
0.847702 0.0314008 0.120898
0.797755 0.202145 9.9991E-05
0.893131 0.08395 0.0229194
0.505024 0.42751 0.0674659
0.956804 9.9991E-05 0.0430957
0.966894 9.9991E-05 0.0330063
0.872045 0.127855 9.9991E-05
0.703977 0.295923 9.9991E-05
0.505952 0.368305 0.125743
0.687906 0.289981 0.0221128
0.826064 0.131967 0.0419685
0.852083 0.106522 0.0413948
0.580859 0.381788 0.0373524
0.817409 0.154487 0.0281047
0.734116 0.24567 0.0202139
0.719056 0.280844 9.9991E-05
0.918127 9.9991E-05 0.0817727
0.597141 0.402759 9.9991E-05
0.0231778 0.171067 0.805755
9.9991E-05 0.120587 0.879313
9.9991E-05 0.158021 0.841879
9.9991E-05 0.142907 0.856993
9.9991E-05 0.119633 0.880267
9.9991E-05 0.125002 0.874898
9.9991E-05 0.126389 0.873511
0.554593 0.368185 0.0772213
0.630721 0.330897 0.0383816
0.954965 9.9991E-05 0.0449354
0.608631 0.3803 0.0110687
0.697035 0.294059 0.00890625
0.630669 0.369231 9.9991E-05
0.643556 0.356344 9.9991E-05
0.648435 0.351465 9.9991E-05
0.88438 9.9991E-05 0.11552
0.596287 0.333852 0.0698612
0.554181 0.445719 9.9991E-05
0.613062 0.371746 0.0151913
0.813214 0.170507 0.0162797
0.70754 0.29236 9.9991E-05
0.748922 0.236691 0.0143871
0.761604 0.238296 9.9991E-05
0.81892 0.171867 0.00921302
0.549888 0.389412 0.0607006
0.756149 0.126552 0.117299
0.536471 0.305665 0.157864
0.501888 0.382265 0.115847
0.586015 0.413885 9.9991E-05
0.665769 0.265295 0.0689356
0.57813 0.396396 0.0254745
0.689701 0.276604 0.0336949
0.67079 0.319993 0.0092173
0.475419 0.476254 0.048327
0.632238 0.367662 9.9991E-05
0.701882 0.298018 9.9991E-05
0.593664 0.397974 0.0083625
0.496118 0.447379 0.056503
0.64078 0.35912 9.9991E-05
0.496848 0.468894 0.0342586
0.526643 0.443776 0.0295813
0.650315 0.207319 0.142366
0.616848 0.383052 9.9991E-05
0.521756 0.478144 9.9991E-05
0.746364 0.133819 0.119816
0.724902 0.1406 0.134498
0.596693 0.316034 0.087273
0.902673 0.0184845 0.0788423
0.80005 0.113221 0.086729
0.789207 0.206287 0.00450604
0.846267 0.0678818 0.0858515
0.762855 0.127352 0.109793
0.557186 0.413965 0.0288492
0.531019 0.389365 0.0796166
0.61998 0.36356 0.0164605
0.823661 0.0552206 0.121119
0.517444 0.378319 0.104238
0.636298 0.363602 9.9991E-05
0.713022 9.9991E-05 0.286878
0.482406 0.431328 0.0862664
0.661698 0.234006 0.104296
0.50929 0.407404 0.0833063
0.662387 0.164511 0.173102
0.724827 0.0538878 0.221285
0.69321 0.222008 0.0847823
0.575641 0.356263 0.0680964
0.511029 0.363503 0.125467
0.6605 0.094368 0.245132
0.577289 0.375687 0.0470234
0.797062 0.195897 0.0070405
0.703183 0.296717 9.9991E-05
0.557072 0.397566 0.0453621
0.211496 0.368098 0.420406
0.0837467 0.182031 0.734222
0.234992 0.0820735 0.682934
0.076932 0.447376 0.475692
0.617729 0.382171 9.9991E-05
0.572065 0.399245 0.0286905
0.0768706 0.86916 0.053969
0.282933 0.640329 0.0767384
0.258745 0.64167 0.0995854
0.758726 0.203155 0.038119
0.570774 0.423968 0.00525763
0.802395 0.122816 0.0747888
0.649874 0.350026 9.9991E-05
0.729813 0.270087 9.9991E-05
0.566191 0.433709 9.9991E-05
0.861063 0.0639328 0.075004
0.481368 0.48434 0.0342912
0.517534 0.422662 0.0598043
9.9991E-05 0.955228 0.0446717
9.9991E-05 0.983253 0.016647
0.179132 0.697803 0.123065
0.0128485 0.925731 0.0614202
9.9991E-05 0.908844 0.0910558
9.9991E-05 0.939512 0.0603879
9.9991E-05 0.922366 0.0775343
9.999E-05 0.9998 9.999E-05
9.9991E-05 0.959192 0.0407081
9.9991E-05 0.955003 0.0448968
9.9991E-05 0.953124 0.0467762
9.9991E-05 0.888744 0.111156
9.9991E-05 0.877546 0.122354
9.9991E-05 0.921233 0.0786675
0.22858 0.65132 0.1201
0.0929786 0.819857 0.0871641
9.9991E-05 0.915986 0.0839137
9.9991E-05 0.900298 0.0996017
9.9991E-05 0.983626 0.0162745
9.9991E-05 0.895902 0.103998
9.9991E-05 0.945179 0.0547214
0.106061 0.829813 0.0641265
9.9991E-05 0.871179 0.128721
0.451827 0.0115938 0.536579
0.488719 0.282961 0.228321
0.454255 0.363433 0.182311
0.465089 0.231179 0.303732
0.483882 0.385402 0.130716
0.400104 0.285527 0.31437
0.476955 0.307338 0.215707
0.416534 0.413134 0.170332
0.359111 0.461066 0.179823
0.376948 0.412676 0.210376
0.374556 0.401733 0.223711
0.0431054 0.0931864 0.863708
9.9991E-05 0.100811 0.899089
9.9991E-05 0.0310101 0.96889
9.9991E-05 0.0438428 0.956057
9.9991E-05 0.101022 0.898878
9.9991E-05 0.10804 0.89186
9.9991E-05 0.137473 0.862427
0.00365338 0.0513198 0.945027
9.9991E-05 0.0883018 0.911598
9.9991E-05 0.119792 0.880108
0.295799 9.9991E-05 0.704101
0.287394 9.9991E-05 0.712506
0.337142 9.9991E-05 0.662758
0.408323 9.9991E-05 0.591577
0.676281 0.31491 0.00880862
0.679731 0.31364 0.00662886
0.690463 0.309437 9.9991E-05
0.697064 0.226095 0.076841
0.846509 0.0158177 0.137673
0.584743 0.415157 9.9991E-05
0.684845 0.315055 9.9991E-05
0.66576 0.33414 9.9991E-05
0.732671 0.267229 9.9991E-05
0.648558 0.351342 9.9991E-05
0.72084 0.27906 9.9991E-05
0.968282 9.9991E-05 0.0316182
0.625 0.284172 0.0908276
0.848351 0.130655 0.0209936
0.665625 0.334275 9.9991E-05
0.922698 9.9991E-05 0.0772019
0.671647 9.9991E-05 0.328253
0.704436 9.9991E-05 0.295464
0.74126 9.9991E-05 0.25864
0.672803 9.9991E-05 0.327097
0.7651 9.9991E-05 0.2348
0.729912 9.9991E-05 0.269988
9.9991E-05 0.153172 0.846728
9.9991E-05 0.15616 0.84374
9.9991E-05 0.253222 0.746678
9.9991E-05 0.215872 0.784028
9.9991E-05 0.191901 0.807999
0.459182 9.9991E-05 0.540718
0.379508 9.9991E-05 0.620392
0.397594 9.9991E-05 0.602306
0.00243472 0.180828 0.816737
0.444451 9.9991E-05 0.555449
0.155769 0.578101 0.26613
0.354685 0.552284 0.0930311
0.158212 0.669824 0.171964
0.285001 0.459806 0.255193
0.434278 0.466298 0.0994238
0.0662053 0.388131 0.545664
0.802835 0.18598 0.011185
0.764123 0.176717 0.0591608
0.692225 0.102587 0.205188
0.745768 0.254132 9.9991E-05
0.913861 9.9991E-05 0.0860395
0.526633 0.366907 0.10646
0.696199 0.285552 0.0182496
0.789325 0.108675 0.102
0.489587 0.411988 0.0984249
0.88998 9.9991E-05 0.10992
0.646554 0.311227 0.0422191
0.660489 0.293953 0.0455576
0.432853 0.453101 0.114047
0.781493 0.199214 0.019293
0.637907 0.272142 0.0899502
0.637312 0.362588 9.9991E-05
0.716145 0.283755 9.9991E-05
0.565669 0.434231 9.9991E-05
0.505437 0.423701 0.070862
0.488444 0.438721 0.0728349
9.9991E-05 0.24146 0.75844
0.0326295 0.129181 0.838189
0.0826511 0.100837 0.816512
0.039506 0.126126 0.834368
9.9991E-05 0.179981 0.819919
0.774248 0.0614564 0.164295
0.574806 0.401357 0.0238362
0.389546 0.440348 0.170106
0.498874 0.501026 9.9991E-05
0.704145 0.262498 0.0333569
0.66817 0.173849 0.157981
0.698481 9.9991E-05 0.301419
0.664158 0.324219 0.0116238
0.720185 0.0824206 0.197394
0.670675 0.278151 0.0511743
0.707353 9.9991E-05 0.292547
0.529736 0.394185 0.076079
0.735892 0.069611 0.194497
0.678998 0.234643 0.0863582
0.646452 0.288819 0.0647296
0.733909 0.152763 0.113328
0.609759 0.36154 0.0287003
0.523525 0.378021 0.0984535
0.815029 0.12731 0.0576602
0.514304 0.42668 0.0590162
0.681701 0.292437 0.0258618
0.957606 9.9991E-05 0.0422942
0.874759 0.0675841 0.0576566
0.700974 0.276189 0.0228374
0.850528 0.0389873 0.110485
0.771052 0.228848 9.9991E-05
0.807318 0.0286503 0.164031
0.873141 0.126759 9.9991E-05
0.729077 0.223204 0.0477182
0.539815 0.450999 0.00918517
0.895054 0.0947265 0.0102195
0.530389 0.382241 0.0873707
0.518562 0.42495 0.0564886
0.629433 0.314418 0.0561482
0.619869 0.332269 0.0478612
0.726057 0.248592 0.0253505
0.827112 0.123484 0.0494039
0.683114 0.275513 0.0413732
0.61427 0.38563 9.9991E-05
0.507086 0.36921 0.123704
0.683384 0.211264 0.105353
0.630695 0.369205 9.9991E-05
0.620922 0.239407 0.139671
0.588306 0.350437 0.0612577
0.576996 0.334222 0.0887817
0.44986 0.443031 0.107109
0.233784 0.419471 0.346745
0.351652 0.490823 0.157525
0.420429 0.435112 0.144458
0.521717 0.465589 0.0126941
0.260502 0.555791 0.183706
0.689123 0.310777 9.9991E-05
0.448464 0.435201 0.116336
0.480159 0.147183 0.372659
0.383679 0.49532 0.121
0.418121 0.428758 0.153121
0.41101 0.534478 0.0545117
0.405315 0.33031 0.264375
0.381049 0.487979 0.130973
0.340796 0.58141 0.0777943
0.142928 0.184914 0.672158
0.308988 0.516261 0.174751
0.27707 0.57502 0.147911
0.454592 0.482701 0.0627068
0.239354 0.604609 0.156037
0.387943 0.520109 0.091948
0.598048 0.358262 0.0436904
0.575395 0.399976 0.0246295
0.967092 9.9991E-05 0.0328076
0.889796 9.9991E-05 0.110104
0.588249 0.396724 0.0150273
0.249797 0.583338 0.166865
0.240416 0.582954 0.176629
0.313703 0.401565 0.284733
0.284218 0.49251 0.223273
0.632977 0.189327 0.177695
0.594306 0.242761 0.162933
0.50538 0.49452 9.9991E-05
0.5674 0.422734 0.00986603
0.621653 0.219695 0.158652
0.54471 0.413468 0.0418228
0.559976 0.439924 9.9991E-05
0.486832 0.412788 0.10038
0.851361 0.13378 0.0148586
0.76552 0.233035 0.0014444
0.649385 0.350515 9.9991E-05
0.647658 0.297077 0.0552646
0.52589 0.372263 0.101847
0.692456 0.274169 0.0333748
0.905742 0.0875416 0.0067164
0.622055 0.377845 9.9991E-05
0.829507 0.120827 0.0496663
0.697888 0.266387 0.0357247
0.612681 0.383821 0.00349822
0.702404 0.297496 9.9991E-05
0.387909 0.505017 0.107074
0.4567 0.420276 0.123024
0.334756 0.504038 0.161206
0.376285 0.418701 0.205015
0.407397 0.405972 0.186631
0.309517 0.470861 0.219621
0.536504 0.139082 0.324414
0.387433 0.606868 0.00569895
0.303405 0.1498 0.546795
0.411172 0.570242 0.018586
0.951288 0.00828855 0.0404238
0.893919 9.9991E-05 0.105981
0.717046 0.282854 9.9991E-05
0.579561 0.420339 9.9991E-05
0.784922 0.214978 9.9991E-05
0.731097 0.268803 9.9991E-05
0.628246 0.371654 9.9991E-05
0.0442479 0.144656 0.811096
0.0455383 0.134451 0.82001
9.9991E-05 0.104814 0.895086
9.9991E-05 0.110863 0.889037
0.65189 0.34801 9.9991E-05
0.682253 0.28439 0.0333565
0.771821 0.228079 9.9991E-05
0.593774 0.406126 9.9991E-05
0.541835 0.404316 0.0538491
0.849805 0.119205 0.0309905
0.651109 0.348791 9.9991E-05
0.808422 0.191478 9.9991E-05
0.281164 0.495701 0.223135
0.71981 0.28009 9.9991E-05
0.8289 0.170279 0.000820716
0.65482 0.34508 9.9991E-05
0.816844 0.183056 9.9991E-05
0.682786 0.317114 9.9991E-05
0.597853 0.390505 0.0116425
0.9998 9.999E-05 9.999E-05
0.836906 0.152678 0.010416
0.868532 0.131368 9.9991E-05
0.991091 9.9991E-05 0.00880888
0.732068 0.267122 0.000809812
0.878471 0.0399718 0.0815574
0.929694 9.9991E-05 0.0702059
0.678396 0.321504 9.9991E-05
0.846168 0.0418462 0.111986
0.755862 0.244038 9.9991E-05
0.532429 0.467471 9.9991E-05
0.73161 0.26829 9.9991E-05
0.772847 0.227053 9.9991E-05
0.67382 0.32608 9.9991E-05
0.705406 0.294494 9.9991E-05
0.86262 0.13728 9.9991E-05
0.62571 0.327455 0.0468347
0.244884 9.9991E-05 0.755016
0.164083 0.0362821 0.799635
0.0982514 9.9991E-05 0.901649
0.114476 9.9991E-05 0.885424
0.187799 9.9991E-05 0.812101
0.832189 0.0882255 0.0795858
0.864266 0.0505089 0.0852252
0.916337 0.0835632 9.9991E-05
0.498651 0.396476 0.104873
0.556223 0.388362 0.0554148
0.766997 0.222135 0.0108682
0.590458 0.409442 9.9991E-05
0.70791 0.29199 9.9991E-05
0.686072 0.313828 9.9991E-05
0.630418 0.369482 9.9991E-05
0.905104 0.0947964 9.9991E-05
0.791724 0.208176 9.9991E-05
0.858563 0.136584 0.00485305
0.511141 0.400941 0.0879182
0.796645 0.193199 0.0101565
0.711 0.2889 9.9991E-05
0.221426 0.727968 0.0506059
0.169362 0.701176 0.129462
0.197128 0.695114 0.107758
0.0677852 0.748373 0.183841
0.276473 0.704064 0.0194627
0.69504 0.30486 9.9991E-05
9.9991E-05 0.705585 0.294315
0.135417 0.682846 0.181737
0.417718 0.43459 0.147692
0.535472 0.34009 0.124438
0.620453 0.246195 0.133352
0.474372 0.454273 0.071355
0.573738 0.367468 0.0587935
0.0477352 0.768868 0.183396
0.216385 0.648411 0.135205
0.0818259 0.816999 0.101175
0.285334 0.618849 0.0958171
0.0968208 0.750723 0.152456
0.215537 0.686549 0.0979142
0.111546 0.730544 0.15791
0.235699 0.665015 0.0992863
0.593824 0.317294 0.0888825
0.260855 0.583262 0.155883
9.9991E-05 0.770808 0.229092
0.262535 0.643871 0.0935932
0.657974 0.0782925 0.263734
0.609824 0.390076 9.9991E-05
0.236674 0.54397 0.219356
0.566349 0.420984 0.012667
0.51695 0.338134 0.144916
0.347098 0.454072 0.198829
0.263417 0.492941 0.243642
0.464385 0.500154 0.0354608
0.184235 0.640984 0.174781
0.161571 0.728174 0.110254
9.9991E-05 0.756056 0.243844
0.502132 0.451169 0.0466986
0.64699 0.231848 0.121162
0.59316 0.140759 0.266082
0.505998 0.420699 0.0733021
0.540476 0.297541 0.161984
0.381907 0.475265 0.142828
0.456253 0.365425 0.178322
0.285119 0.213906 0.500976
0.307707 0.163151 0.529142
0.484305 0.311347 0.204348
0.333837 0.224535 0.441628
0.150339 0.247271 0.602391
0.52174 0.323842 0.154419
0.330241 0.43209 0.237669
0.329041 0.284632 0.386327
0.325795 0.281023 0.393182
0.482715 0.414794 0.102491
0.406134 0.266303 0.327563
0.253854 0.11556 0.630586
0.430024 0.492295 0.0776803
0.307115 0.483173 0.209711
0.220196 0.486626 0.293178
0.252439 0.647456 0.100105
0.338857 0.499849 0.161294
0.374437 0.53048 0.0950834
0.168179 0.490611 0.34121
0.275671 0.526095 0.198235
0.240993 0.558503 0.200504
0.277037 0.450423 0.27254
0.523537 0.299798 0.176665
0.4157 0.469321 0.114978
0.389297 0.486788 0.123914
0.454924 0.518393 0.0266828
0.219939 0.548662 0.231399
0.317666 0.564952 0.117382
0.198045 0.353964 0.447991
0.282466 0.594969 0.122566
0.209315 0.471056 0.319629
0.135556 0.0298838 0.83456
0.739678 9.9991E-05 0.260222
0.757971 9.9991E-05 0.241929
0.742455 9.9991E-05 0.257445
0.797218 9.9991E-05 0.202682
0.776643 9.9991E-05 0.223257
0.799118 9.9991E-05 0.200782
0.687544 9.9991E-05 0.312357
0.605917 9.9991E-05 0.393983
9.9991E-05 0.0906608 0.909239
0.048708 0.108501 0.842791
9.9991E-05 0.141369 0.858531
0.156891 0.00777593 0.835333
9.9991E-05 0.123168 0.876732
0.000545007 0.0822262 0.917229
9.9991E-05 0.246399 0.753501
9.9991E-05 0.16383 0.83607
0.083862 0.151267 0.764871
9.9991E-05 0.135044 0.864856
9.9991E-05 0.044365 0.955535
0.0401725 0.126595 0.833233
9.9991E-05 0.0868566 0.913043
9.9991E-05 0.119846 0.880054
9.9991E-05 0.133007 0.866893
9.9991E-05 0.185262 0.814638
9.9991E-05 0.268709 0.731191
9.9991E-05 0.255418 0.744482
9.9991E-05 0.21583 0.78407
0.602151 0.245979 0.15187
0.545583 0.41322 0.0411965
0.507389 0.47789 0.0147219
0.751327 0.0817305 0.166943
0.528619 0.362452 0.108929
0.635079 0.0871952 0.277726
0.464881 0.468776 0.0663423
0.662989 0.246255 0.0907551
0.635285 0.321598 0.0431175
0.691868 0.308032 9.9991E-05
0.64843 0.208003 0.143567
0.597143 0.363339 0.0395178
0.562298 0.325718 0.111984
0.869415 0.0138923 0.116693
0.806806 9.9991E-05 0.193094
0.716116 0.0984458 0.185438
0.540183 0.419644 0.0401733
0.588891 0.29446 0.116649
0.569817 0.323727 0.106456
0.59815 0.38926 0.01259
0.321081 0.526285 0.152634
0.399539 0.460575 0.139886
0.243434 0.292658 0.463907
0.506524 0.43334 0.060136
0.401647 0.434664 0.163689
0.262427 0.160719 0.576855
0.240027 0.460793 0.29918
0.276393 0.362717 0.36089
0.342483 0.355082 0.302435
0.369357 0.446733 0.18391
0.368261 0.497001 0.134738
0.308524 0.614028 0.077448
0.372961 0.377035 0.250004
0.167839 0.378474 0.453687
