9.9991E-05 0.108288 0.891612
9.999E-05 0.033611 0.966289
0.00304205 0.189674 0.807284
0.00363443 0.164789 0.831577
9.9991E-05 0.14358 0.85632
0.204714 0.147822 0.647464
0.0483474 0.0932801 0.858372
0.118901 0.0632632 0.817836
0.0636554 9.9991E-05 0.936245
0.0692218 0.189689 0.74109
0.170473 0.0400741 0.789453
0.792361 0.105435 0.102204
0.644788 0.332291 0.0229203
0.697895 0.15776 0.144345
0.593649 0.254999 0.151352
0.507751 0.369386 0.122864
0.460181 0.475811 0.0640074
0.626049 0.327678 0.0462723
0.591877 0.251543 0.15658
0.780766 9.9991E-05 0.219134
0.646441 0.329823 0.0237367
0.686593 0.269791 0.0436161
0.585737 0.341745 0.0725176
0.649057 0.230572 0.12037
0.521789 0.450825 0.027386
0.604815 0.395085 9.9991E-05
0.698778 0.131134 0.170088
0.623795 0.209284 0.166921
0.810873 0.0439942 0.145133
9.9991E-05 0.208878 0.791022
9.9991E-05 0.205983 0.793917
0.0274394 0.210775 0.761786
0.00246979 0.269183 0.728348
0.654316 0.33106 0.014624
0.570413 0.368831 0.0607561
0.689086 0.310814 9.9991E-05
0.754117 0.0430995 0.202783
0.766858 0.220218 0.0129233
0.656232 0.320445 0.0233235
0.545667 0.454233 9.9991E-05
0.544903 0.374776 0.0803203
0.570273 0.384462 0.0452647
0.917181 0.00517333 0.0776457
0.55717 0.435146 0.00768456
0.50662 0.394627 0.0987526
0.45792 0.436501 0.10558
0.832144 0.167756 9.9991E-05
0.605297 0.394603 9.9991E-05
0.512967 0.386192 0.100841
0.825577 9.9991E-05 0.174323
0.876668 0.01762 0.105712
0.790132 0.0267356 0.183132
0.591779 0.382026 0.0261949
0.473266 0.49955 0.0271843
0.574204 0.38165 0.0441455
0.825466 0.017307 0.157227
0.62045 0.324576 0.0549738
0.541666 0.414246 0.0440878
0.678483 0.202033 0.119484
0.624756 0.0137425 0.361501
0.62903 0.331584 0.0393862
0.644577 0.262917 0.092506
0.819833 9.9991E-05 0.180067
0.71661 0.28329 9.9991E-05
0.566291 0.433609 9.9991E-05
0.538242 0.401292 0.0604668
0.726643 0.17732 0.0960367
0.642244 0.344787 0.0129689
0.559066 0.380942 0.0599916
0.820226 0.0269085 0.152865
0.682796 0.317104 9.9991E-05
0.899935 0.0787642 0.0213006
0.563819 0.36624 0.0699409
0.9666 9.9991E-05 0.0332995
0.975818 9.9991E-05 0.0240816
0.881526 0.118374 9.9991E-05
0.76325 0.23665 9.9991E-05
0.596955 0.342728 0.060317
0.744483 0.255026 0.000490399
0.849457 0.112013 0.0385306
0.814528 0.110897 0.0745752
0.601093 0.388292 0.010615
0.836625 0.163275 9.9991E-05
0.703447 0.296453 9.9991E-05
0.796807 0.184554 0.0186392
0.935588 9.9991E-05 0.064312
0.582792 0.417108 9.9991E-05
0.0210083 0.204301 0.77469
9.9991E-05 0.124479 0.875421
9.9991E-05 0.143209 0.856691
9.9991E-05 0.090643 0.909257
9.9991E-05 0.126775 0.873125
9.9991E-05 0.12594 0.87396
9.9991E-05 0.0907796 0.90912
0.581414 0.350347 0.0682387
0.503061 0.49637 0.000569624
0.91528 9.9991E-05 0.0846203
0.563806 0.403764 0.0324306
0.775803 0.224097 9.9991E-05
0.630818 0.369082 9.9991E-05
0.647968 0.351932 9.9991E-05
0.598943 0.400957 9.9991E-05
0.884311 9.9991E-05 0.115589
0.540535 0.416692 0.0427737
0.587213 0.412687 9.9991E-05
0.560682 0.425608 0.0137104
0.797084 0.19192 0.0109962
0.701014 0.298886 9.9991E-05
0.737773 0.248376 0.0138509
0.752812 0.247088 9.9991E-05
0.752964 0.223545 0.0234904
0.55209 0.36187 0.0860398
0.743878 0.0737917 0.18233
0.556893 0.330449 0.112658
0.548252 0.400944 0.050804
0.559979 0.391711 0.0483107
0.616789 0.314217 0.0689942
0.600469 0.399431 9.9991E-05
0.730494 0.248569 0.0209379
0.625968 0.301992 0.07204
0.613568 0.35869 0.0277414
0.636202 0.363698 9.9991E-05
0.748022 0.251878 9.9991E-05
0.574234 0.425666 9.9991E-05
0.571603 0.378398 0.0499993
0.603511 0.383183 0.013306
0.557163 0.384432 0.0584042
0.597372 0.402528 9.9991E-05
0.661496 0.174053 0.164451
0.550334 0.441521 0.00814472
0.565863 0.434037 9.9991E-05
0.727127 0.127408 0.145465
0.803609 0.0469857 0.149405
0.68623 0.305792 0.00797801
0.900062 0.0691065 0.0308315
0.756647 0.0945736 0.14878
0.755189 0.216244 0.0285675
0.802913 0.133047 0.0640403
0.813965 0.10581 0.0802249
0.573754 0.426146 9.9991E-05
0.461931 0.408787 0.129282
0.599804 0.273519 0.126678
0.832012 0.0845148 0.0834735
0.54942 0.349078 0.101502
0.619362 0.339068 0.04157
0.704666 9.9991E-05 0.295234
0.552846 0.447054 9.9991E-05
0.67358 0.195216 0.131204
0.575314 0.355635 0.0690506
0.662568 0.117242 0.22019
0.798405 0.00812361 0.193471
0.689685 0.229914 0.0804014
0.534445 0.387238 0.0783173
0.607366 0.274166 0.118468
0.710742 0.112441 0.176816
0.620645 0.343682 0.0356736
0.835173 0.164727 9.9991E-05
0.733134 0.266766 9.9991E-05
0.505376 0.429434 0.0651906
0.25218 0.342225 0.405595
0.0814317 0.175821 0.742747
0.186111 0.134089 0.6798
0.114809 0.403191 0.482
0.586338 0.413562 9.9991E-05
0.443611 0.530576 0.0258135
0.151378 0.848523 9.9991E-05
0.299098 0.675036 0.0258659
0.256369 0.615938 0.127693
0.756816 0.220587 0.022597
0.568728 0.395446 0.0358265
0.792577 0.130938 0.0764846
0.638501 0.361399 9.9991E-05
0.697499 0.302401 9.9991E-05
0.590976 0.408924 9.9991E-05
0.832234 0.10128 0.0664864
0.503672 0.494816 0.00151218
0.556483 0.374056 0.0694603
9.9991E-05 0.943078 0.0568221
9.9991E-05 0.935936 0.0639636
0.138475 0.748956 0.112568
0.0284716 0.874196 0.0973322
9.9991E-05 0.889328 0.110572
9.9991E-05 0.936345 0.0635547
9.9991E-05 0.900917 0.0989832
9.9991E-05 0.965048 0.0348522
9.9991E-05 0.980147 0.0197525
9.9991E-05 0.955122 0.0447784
9.9991E-05 0.933706 0.0661937
0.0113793 0.879588 0.109033
9.9991E-05 0.869531 0.130369
9.9991E-05 0.935461 0.0644388
0.307971 0.572462 0.119567
0.123948 0.82175 0.0543018
0.0388284 0.831198 0.129973
9.9991E-05 0.871865 0.128035
9.9991E-05 0.983254 0.0166464
9.9991E-05 0.879846 0.120054
9.9991E-05 0.92772 0.0721803
0.141681 0.766524 0.0917955
9.9991E-05 0.882083 0.117817
0.418845 0.0542891 0.526866
0.449924 0.359362 0.190714
0.448378 0.295681 0.255941
0.463509 0.233665 0.302826
0.447865 0.434983 0.117152
0.452466 0.219676 0.327858
0.49617 0.361029 0.142802
0.381858 0.429988 0.188154
0.399696 0.478945 0.121359
0.33601 0.449331 0.214659
0.452869 0.330772 0.216359
0.0710035 0.0821061 0.84689
9.9991E-05 0.0974775 0.902423
9.9991E-05 0.0592441 0.940656
9.9991E-05 0.0674681 0.932432
9.9991E-05 0.089046 0.910854
9.9991E-05 0.105083 0.894817
9.9991E-05 0.144267 0.855633
0.00752272 0.0503305 0.942147
9.9991E-05 0.11147 0.88843
9.9991E-05 0.132727 0.867173
0.286989 9.9991E-05 0.712911
0.285449 0.023243 0.691308
0.331936 9.9991E-05 0.667964
0.395679 9.9991E-05 0.604221
0.675892 0.324008 9.9991E-05
0.637084 0.301829 0.0610866
0.675406 0.295039 0.0295548
0.692769 0.1661 0.141131
0.878019 0.00256827 0.119413
0.567723 0.432177 9.9991E-05
0.665564 0.334336 9.9991E-05
0.682301 0.317599 9.9991E-05
0.715036 0.284864 9.9991E-05
0.612138 0.387762 9.9991E-05
0.783502 0.216398 9.9991E-05
0.942942 9.9991E-05 0.0569579
0.575684 0.393608 0.0307076
0.854001 0.145899 9.9991E-05
0.671102 0.328798 9.9991E-05
0.884549 0.0109369 0.104514
0.675464 9.9991E-05 0.324436
0.709808 9.9991E-05 0.290092
0.726318 9.9991E-05 0.273582
0.68629 9.9991E-05 0.31361
0.772483 9.9991E-05 0.227417
0.704617 9.9991E-05 0.295283
9.9991E-05 0.147172 0.852728
9.9991E-05 0.171348 0.828552
9.9991E-05 0.248268 0.751632
9.9991E-05 0.21722 0.78268
9.9991E-05 0.184955 0.814945
0.457411 9.9991E-05 0.542489
0.40776 9.9991E-05 0.59214
0.404286 9.9991E-05 0.595614
9.9991E-05 0.187584 0.812316
0.44641 9.9991E-05 0.55349
0.125496 0.584654 0.28985
0.295586 0.574466 0.129948
0.204508 0.65365 0.141842
0.288128 0.439723 0.272149
0.315642 0.493338 0.19102
0.0323742 0.370745 0.59688
0.744248 0.205266 0.0504859
0.755922 0.16969 0.0743885
0.692876 0.0974011 0.209723
0.762648 0.22412 0.0132321
0.905529 9.9991E-05 0.0943714
0.598847 0.381203 0.0199497
0.693673 0.254815 0.0515117
0.734705 0.115415 0.14988
0.525438 0.350557 0.124005
0.898862 0.00194637 0.099192
0.716599 0.283301 9.9991E-05
0.698446 0.301454 9.9991E-05
0.405298 0.435286 0.159417
0.818307 0.181593 9.9991E-05
0.66325 0.287187 0.0495624
0.667999 0.320206 0.0117956
0.732526 0.253024 0.0144504
0.57811 0.42179 9.9991E-05
0.574398 0.394685 0.0309167
0.53482 0.385354 0.0798264
9.9991E-05 0.225122 0.774778
9.9991E-05 0.165338 0.834562
0.108624 0.0934429 0.797933
0.0639741 0.11419 0.821836
9.9991E-05 0.175758 0.824142
0.734524 0.0865546 0.178921
0.629016 0.314189 0.0567948
0.387537 0.44044 0.172023
0.556663 0.40887 0.0344673
0.598659 0.345807 0.0555339
0.705893 0.188329 0.105778
0.685497 9.9991E-05 0.314403
0.667 0.3329 9.9991E-05
0.694142 0.0921993 0.213659
0.649689 0.278803 0.071508
0.726865 9.9991E-05 0.273035
0.454531 0.45734 0.0881295
0.76729 0.0531525 0.179557
0.683493 0.187755 0.128753
0.596964 0.336848 0.0661876
0.744795 0.126948 0.128257
0.586198 0.33576 0.0780412
0.559883 0.351319 0.0887982
0.788201 0.161044 0.0507546
0.502037 0.446521 0.0514424
0.646331 0.353569 9.9991E-05
0.929174 9.9991E-05 0.0707263
0.803409 0.12227 0.0743211
0.683163 0.275336 0.0415007
0.8675 0.00539196 0.127108
0.699891 0.259268 0.0408409
0.812723 9.9991E-05 0.187177
0.867469 0.132431 9.9991E-05
0.656743 0.24121 0.102047
0.565284 0.426884 0.00783121
0.883716 0.102823 0.0134606
0.528304 0.437431 0.0342649
0.610695 0.366577 0.022729
0.687912 0.290231 0.0218571
0.665154 0.321988 0.0128572
0.637416 0.276314 0.08627
0.736622 0.174655 0.0887238
0.663901 0.270727 0.0653724
0.6095 0.3904 9.9991E-05
0.545616 0.391561 0.0628233
0.640821 0.236569 0.12261
0.659904 0.339996 9.9991E-05
0.618379 0.219611 0.16201
0.629241 0.370659 9.9991E-05
0.634542 0.3511 0.0143582
0.487445 0.411457 0.101098
0.226658 0.455748 0.317594
0.438512 0.493006 0.0684822
0.458822 0.410311 0.130867
0.555885 0.441428 0.00268713
0.283499 0.529328 0.187174
0.724721 0.275179 9.9991E-05
0.360832 0.51792 0.121248
0.483432 0.15139 0.365178
0.473519 0.466489 0.0599923
0.425982 0.481921 0.0920966
0.376134 0.532413 0.0914529
0.461144 0.338897 0.199959
0.349358 0.498453 0.152189
0.378615 0.4741 0.147285
0.147415 0.174871 0.677714
0.318047 0.536576 0.145376
0.345341 0.555179 0.0994804
0.500079 0.499821 9.9991E-05
0.285329 0.551771 0.162899
0.401034 0.483873 0.115093
0.683256 0.29 0.026744
0.537916 0.391803 0.0702803
0.985755 9.9991E-05 0.0141446
0.912659 9.9991E-05 0.0872409
0.533427 0.422052 0.0445202
0.233533 0.567296 0.19917
0.293011 0.574745 0.132244
0.295204 0.38009 0.324706
0.273982 0.496471 0.229547
0.673548 0.150796 0.175656
0.598511 0.234549 0.16694
0.567737 0.432163 9.9991E-05
0.555243 0.422459 0.0222984
0.607172 0.256629 0.136199
0.543287 0.453873 0.00284042
0.552148 0.447752 9.9991E-05
0.485385 0.456266 0.0583488
0.855192 0.144708 9.9991E-05
0.762883 0.237017 9.9991E-05
0.691557 0.276876 0.0315673
0.543859 0.315695 0.140445
0.554449 0.369477 0.0760734
0.759376 0.240524 9.9991E-05
0.862633 0.124701 0.0126665
0.612713 0.387187 9.9991E-05
0.902754 0.0971463 9.9991E-05
0.722767 0.277133 9.9991E-05
0.592264 0.388006 0.0197298
0.705558 0.294342 9.9991E-05
0.401712 0.461569 0.136719
0.402504 0.389372 0.208123
0.388259 0.422072 0.189668
0.36789 0.41236 0.219749
0.375725 0.454827 0.169447
0.432673 0.440521 0.126806
0.546556 0.0934611 0.359983
0.398921 0.572566 0.0285138
0.305269 0.120656 0.574075
0.410856 0.542704 0.04644
0.95119 0.0322878 0.016522
0.912995 9.9991E-05 0.086905
0.692737 0.307163 9.9991E-05
0.575372 0.424528 9.9991E-05
0.807411 0.192489 9.9991E-05
0.681241 0.318659 9.9991E-05
0.72521 0.27469 9.9991E-05
0.0287886 0.14955 0.821661
0.0679902 0.140308 0.791702
9.9991E-05 0.101237 0.898663
9.9991E-05 0.0676302 0.93227
0.644946 0.342625 0.012429
0.597422 0.356183 0.0463955
0.739037 0.260863 9.9991E-05
0.576787 0.319416 0.103797
0.566505 0.389297 0.044198
0.863302 0.0878032 0.0488949
0.606987 0.392913 9.9991E-05
0.783738 0.216162 9.9991E-05
0.255635 0.507511 0.236854
0.681129 0.318771 9.9991E-05
0.779496 0.157361 0.0631438
0.699894 0.300006 9.9991E-05
0.792564 0.207336 9.9991E-05
0.633457 0.366443 9.9991E-05
0.623505 0.376395 9.9991E-05
0.978337 0.021563 9.9991E-05
0.830878 0.166337 0.00278515
0.853263 0.146637 9.9991E-05
0.984348 9.9991E-05 0.0155522
0.751317 0.248583 9.9991E-05
0.92967 0.0407988 0.0295316
0.931917 9.9991E-05 0.0679833
0.661148 0.338752 9.9991E-05
0.824713 0.0830868 0.0922006
0.628296 0.350733 0.0209708
0.498218 0.415232 0.0865504
0.670743 0.329157 9.9991E-05
0.748907 0.241061 0.0100311
0.662416 0.337484 9.9991E-05
0.692179 0.307721 9.9991E-05
0.846826 0.153074 9.9991E-05
0.553864 0.385519 0.0606164
0.247712 9.9991E-05 0.752188
0.129511 0.0739896 0.796499
0.121498 9.9991E-05 0.878402
0.112183 9.9991E-05 0.887717
0.166149 0.00404633 0.829805
0.83416 0.088971 0.0768686
0.893963 9.9991E-05 0.105937
0.892869 0.107031 9.9991E-05
0.538769 0.461131 9.9991E-05
0.518851 0.38609 0.0950589
0.77554 0.224361 9.9991E-05
0.553668 0.446232 9.9991E-05
0.744543 0.255357 9.9991E-05
0.605322 0.394578 9.9991E-05
0.627919 0.356223 0.0158583
0.862355 0.127793 0.00985179
0.842817 0.157083 9.9991E-05
0.826525 0.173375 9.9991E-05
0.521386 0.418416 0.0601977
0.79291 0.20699 9.9991E-05
0.722193 0.277707 9.9991E-05
0.213655 0.722662 0.0636827
0.250675 0.636359 0.112966
0.153845 0.709462 0.136693
0.146131 0.683465 0.170404
0.283161 0.62716 0.0896783
0.636811 0.357345 0.00584396
9.9991E-05 0.660351 0.339549
0.0853361 0.66513 0.249534
0.409771 0.447767 0.142462
0.568378 0.318127 0.113495
0.632186 0.22845 0.139365
0.544424 0.397227 0.0583495
0.583602 0.334671 0.0817263
0.0312053 0.722182 0.246612
0.215828 0.640698 0.143474
0.10598 0.808978 0.0850422
0.281706 0.597271 0.121023
0.11356 0.729116 0.157324
0.238932 0.61996 0.141108
0.0736098 0.777194 0.149197
0.172563 0.71202 0.115416
0.517284 0.378897 0.103819
0.224513 0.596042 0.179444
9.9991E-05 0.781425 0.218475
0.225225 0.55243 0.222345
0.650148 0.0770061 0.272846
0.528114 0.471786 9.9991E-05
0.259555 0.570884 0.169561
0.573474 0.323478 0.103048
0.548774 0.321818 0.129408
0.29978 0.518248 0.181972
0.285618 0.47849 0.235892
0.508343 0.491557 9.9991E-05
0.210523 0.653985 0.135492
0.174252 0.776044 0.0497041
9.9991E-05 0.739515 0.260385
0.532405 0.423308 0.0442867
0.675889 0.20394 0.120171
0.650201 0.109664 0.240136
0.475878 0.472651 0.0514714
0.623011 0.28572 0.0912688
0.391148 0.439218 0.169634
0.480097 0.471405 0.0484985
0.319584 0.149042 0.531375
0.370448 0.0998558 0.529696
0.518201 0.268937 0.212861
0.291279 0.252262 0.456459
0.138413 0.259451 0.602136
0.465143 0.380518 0.154339
0.2999 0.392995 0.307105
0.355569 0.331031 0.313401
0.386938 0.211039 0.402023
0.441257 0.406413 0.15233
0.482026 0.226319 0.291655
0.285786 0.0908997 0.623314
0.464582 0.493524 0.0418935
0.295115 0.541226 0.163659
0.230609 0.450985 0.318406
0.235847 0.629162 0.134991
0.391852 0.501446 0.106702
0.29003 0.56839 0.14158
0.136328 0.487614 0.376057
0.29072 0.517735 0.191544
0.257707 0.507859 0.234435
0.282059 0.467736 0.250205
0.496408 0.304214 0.199379
0.414112 0.408018 0.17787
0.368293 0.510737 0.12097
0.453722 0.413974 0.132303
0.201482 0.563861 0.234656
0.293831 0.506593 0.199576
0.189542 0.330291 0.480168
0.299909 0.587593 0.112498
0.21328 0.473694 0.313026
0.122443 0.0428001 0.834757
0.720018 9.9991E-05 0.279882
0.744494 9.9991E-05 0.255406
0.730513 9.9991E-05 0.269387
0.806971 9.9991E-05 0.192929
0.757115 9.9991E-05 0.242785
0.811829 9.9991E-05 0.188071
0.704896 9.9991E-05 0.295004
0.571252 9.9991E-05 0.428648
9.9991E-05 0.0808156 0.919084
0.081134 0.0896814 0.829185
9.9991E-05 0.126949 0.872951
0.0936695 0.0626416 0.843689
9.9991E-05 0.117025 0.882875
0.0419106 0.0344447 0.923645
0.0160069 0.179759 0.804234
9.9991E-05 0.147411 0.852489
0.120698 0.137039 0.742264
9.9991E-05 0.119646 0.880254
9.9991E-05 0.0376789 0.962221
9.9991E-05 0.131402 0.868498
9.9991E-05 0.0622642 0.937636
9.9991E-05 0.122777 0.877123
9.9991E-05 0.160938 0.838962
9.9991E-05 0.177331 0.822569
9.9991E-05 0.252831 0.747069
9.9991E-05 0.253421 0.746479
9.9991E-05 0.183733 0.816167
0.587257 0.238133 0.17461
0.630797 0.369103 9.9991E-05
0.458704 0.452529 0.0887667
0.749355 0.051919 0.198726
0.584029 0.369931 0.0460397
0.680287 0.0535106 0.266203
0.505147 0.494753 9.9991E-05
0.697951 0.206723 0.095326
0.647451 0.323226 0.0293236
0.699118 0.300782 9.9991E-05
0.598231 0.263647 0.138123
0.661547 0.338353 9.9991E-05
0.644981 0.29675 0.0582695
0.846746 0.0300342 0.123219
0.797377 9.9991E-05 0.202523
0.712321 0.0905316 0.197148
0.548925 0.428636 0.0224383
0.590801 0.305284 0.103915
0.522928 0.324357 0.152715
0.493341 0.459217 0.0474415
0.418432 0.471207 0.110361
0.375829 0.504431 0.11974
0.301485 0.217158 0.481358
0.488918 0.397383 0.113699
0.415894 0.393766 0.19034
0.232132 0.139157 0.628711
0.270093 0.465597 0.26431
0.265241 0.365869 0.36889
0.352498 0.368896 0.278606
0.43341 0.472412 0.0941775
0.370784 0.447145 0.182072
0.380361 0.560953 0.0586851
0.38821 0.394483 0.217307
0.155849 0.370536 0.473615
