0.922235 9.9991E-05 0.0776646
0.950431 0.00726045 0.0423084
0.840334 9.9991E-05 0.159566
0.812662 0.0248678 0.162471
0.860951 9.9991E-05 0.138949
0.663897 0.2268 0.109303
0.869 0.0841123 0.0468879
0.822473 0.113622 0.063905
0.942589 0.0573115 9.9991E-05
0.741381 0.0831368 0.175482
0.79701 0.172502 0.030488
0.0892939 0.766641 0.144065
0.0319044 0.591487 0.376609
0.111072 0.730568 0.15836
0.131527 0.578007 0.290466
0.168045 0.421467 0.410489
0.0422372 0.441176 0.516587
0.0519505 0.614628 0.333421
0.191149 0.548878 0.259973
0.233477 0.766423 9.9991E-05
0.0440248 0.650747 0.305228
0.0582667 0.670852 0.270882
0.0150668 0.600996 0.383937
0.0738043 0.667391 0.258804
0.12847 0.44237 0.42916
9.9991E-05 0.579534 0.420366
0.170338 0.698722 0.13094
0.141617 0.577293 0.28109
0.0845686 0.84258 0.0728518
0.793402 9.9991E-05 0.206498
0.801705 9.9991E-05 0.198195
0.768442 9.9991E-05 0.231458
0.741259 0.0153978 0.243344
9.9991E-05 0.669638 0.330262
0.0676997 0.601729 0.330571
9.9991E-05 0.652692 0.347208
0.233084 0.757889 0.00902653
9.9991E-05 0.805835 0.194065
0.0370199 0.659682 0.303298
9.9991E-05 0.574336 0.425564
0.0393952 0.552852 0.407753
0.00274028 0.564297 0.432963
0.105547 0.8745 0.0199525
9.9991E-05 0.583014 0.416886
0.00101249 0.517287 0.4817
0.0624111 0.477108 0.460481
9.9991E-05 0.846457 0.153443
0.00969247 0.578648 0.41166
0.0423242 0.585586 0.372089
0.157358 0.842542 9.9991E-05
0.106676 0.846541 0.0467821
0.156457 0.843443 9.9991E-05
0.0777186 0.558685 0.363597
0.0748517 0.451329 0.473819
0.0322687 0.485723 0.482008
0.215657 0.755466 0.0288763
9.9991E-05 0.64168 0.35822
0.0421344 0.522486 0.435379
0.138814 0.625507 0.23568
0.33226 0.602207 0.0655327
0.0779183 0.597188 0.324893
0.148896 0.607558 0.243546
0.201051 0.798849 9.9991E-05
0.0279052 0.652682 0.319413
9.9991E-05 0.578022 0.421878
0.0159284 0.575532 0.408539
0.105827 0.696863 0.197311
9.9991E-05 0.648347 0.351553
0.00747001 0.57779 0.41474
0.117841 0.839589 0.0425704
9.9991E-05 0.6979 0.302
0.00676882 0.885316 0.107915
9.9991E-05 0.63155 0.36835
0.0128533 0.987047 9.9991E-05
0.0381943 0.961706 9.9991E-05
9.9991E-05 0.867099 0.132801
9.9991E-05 0.732699 0.267201
0.118694 0.516849 0.364458
9.9991E-05 0.710441 0.289459
0.0794875 0.800493 0.120019
0.0511666 0.813913 0.13492
0.0589489 0.530737 0.410314
9.9991E-05 0.804928 0.194972
0.0165314 0.745016 0.238453
9.9991E-05 0.801522 0.198378
0.0960599 0.90384 9.9991E-05
9.9991E-05 0.525791 0.474109
0.800578 0.0305636 0.168858
0.880541 9.9991E-05 0.119359
0.858127 9.9991E-05 0.141773
0.87678 9.9991E-05 0.12312
0.851154 9.9991E-05 0.148746
0.857493 9.9991E-05 0.142407
0.919056 9.9991E-05 0.0808438
0.0569723 0.579974 0.363054
0.0356092 0.53503 0.42936
0.0262638 0.973636 9.9991E-05
0.086498 0.478143 0.435359
9.9991E-05 0.72105 0.27885
9.9991E-05 0.5873 0.4126
9.9991E-05 0.650101 0.349799
9.9991E-05 0.629444 0.370456
0.11189 0.88801 9.9991E-05
0.0723624 0.551494 0.376144
0.0307767 0.5842 0.385024
0.0524335 0.532347 0.415219
0.0123892 0.758714 0.228897
9.9991E-05 0.695199 0.304701
0.0409769 0.695454 0.263569
9.9991E-05 0.71177 0.288131
0.0383178 0.707515 0.254167
0.0742496 0.466759 0.458992
0.122145 0.774535 0.10332
0.161404 0.584469 0.254127
0.0382511 0.583987 0.377762
9.9991E-05 0.505494 0.494406
0.0365842 0.674541 0.288874
0.0153634 0.597559 0.387077
0.0990481 0.665535 0.235417
0.110154 0.601272 0.288574
9.9991E-05 0.586011 0.413889
9.9991E-05 0.646246 0.353654
0.0410935 0.689507 0.269399
9.9991E-05 0.609522 0.390378
0.0167148 0.507039 0.476246
9.9991E-05 0.622654 0.377246
0.0473052 0.516186 0.436509
0.031207 0.5831 0.385693
0.186962 0.562151 0.250887
0.0161633 0.61093 0.372907
9.9991E-05 0.572859 0.427041
0.097567 0.750135 0.152298
0.154062 0.791863 0.0540749
0.0257893 0.620872 0.353339
0.0708753 0.921064 0.00806075
0.128368 0.761009 0.110623
0.00411684 0.755354 0.240529
0.102632 0.758967 0.138401
0.0928497 0.757551 0.1496
0.0687111 0.518017 0.413272
0.0644302 0.52902 0.40655
0.0548349 0.648761 0.296404
0.0591248 0.813638 0.127237
0.132016 0.480553 0.387431
0.0164478 0.62689 0.356662
0.295621 0.704279 9.9991E-05
0.0281393 0.502673 0.469187
0.0929745 0.652279 0.254746
0.0582356 0.488135 0.45363
0.211333 0.661162 0.127505
0.206175 0.762316 0.0315098
0.0565231 0.715161 0.228316
0.101087 0.490963 0.40795
0.0626116 0.563619 0.373769
0.236126 0.652682 0.111193
0.0835769 0.530965 0.385458
9.9991E-05 0.787078 0.212822
0.0236174 0.762852 0.21353
0.0036813 0.564102 0.432217
0.4345 0.216754 0.348745
0.765857 0.0262049 0.207938
0.706459 0.177682 0.115858
0.489113 0.081086 0.429801
9.9991E-05 0.589046 0.410854
0.0789964 0.496644 0.42436
9.9991E-05 0.0859126 0.913987
0.105724 0.243406 0.65087
0.0599514 0.315133 0.624916
0.0452634 0.785534 0.169203
0.063706 0.578679 0.357615
0.105154 0.793894 0.100952
9.9991E-05 0.626685 0.373215
0.0456547 0.694531 0.259814
0.00199824 0.555879 0.442123
0.0916788 0.837319 0.0710017
9.9991E-05 0.546941 0.452959
0.0741737 0.561669 0.364157
0.0609181 9.9991E-05 0.938982
0.0268646 9.9991E-05 0.973035
0.110012 0.162421 0.727567
0.0837233 0.0363756 0.879901
0.0761485 0.0724688 0.851383
0.0636387 9.9991E-05 0.936261
0.0961681 9.9991E-05 0.903732
9.999E-05 9.999E-05 0.9998
0.058263 9.9991E-05 0.941637
0.0499034 9.9991E-05 0.949997
0.0896233 9.9991E-05 0.910277
0.0856494 0.00592414 0.908426
0.132391 9.9991E-05 0.86751
0.0792302 9.9991E-05 0.92067
0.143295 0.230005 0.6267
0.147925 0.0665727 0.785502
0.0816327 0.0360616 0.882306
0.101551 9.9991E-05 0.898349
0.0364136 9.9991E-05 0.963486
0.10283 9.9991E-05 0.89707
0.106728 9.9991E-05 0.893172
0.0951897 0.131612 0.773199
0.11668 9.9991E-05 0.88322
0.509521 0.444454 0.0460246
0.19863 0.523518 0.277852
0.258687 0.405139 0.336173
0.301546 0.453583 0.24487
0.120884 0.513613 0.365503
0.329755 0.417078 0.253167
0.210782 0.457291 0.331926
0.17339 0.482447 0.344163
0.183024 0.377326 0.43965
0.185906 0.323999 0.490095
0.137457 0.484562 0.377981
0.839375 0.0575062 0.103119
0.884676 9.9991E-05 0.115224
0.977862 9.9991E-05 0.0220375
0.976348 9.9991E-05 0.0235515
0.887125 9.9991E-05 0.112775
0.897672 9.9991E-05 0.102228
0.850727 9.9991E-05 0.149173
0.901088 0.0237362 0.075176
0.886582 9.9991E-05 0.113318
0.849383 9.9991E-05 0.150517
0.728441 0.271459 9.9991E-05
0.700624 0.299276 9.9991E-05
0.659745 0.340156 9.9991E-05
0.58521 0.41469 9.9991E-05
0.0649224 0.699722 0.235356
9.9991E-05 0.708486 0.291414
9.9991E-05 0.696077 0.303823
0.0672964 0.714415 0.218289
0.0927066 0.895032 0.0122614
0.017045 0.575185 0.40777
9.9991E-05 0.679414 0.320486
9.9991E-05 0.723106 0.276794
9.9991E-05 0.783374 0.216526
0.0291969 0.514819 0.455984
9.9991E-05 0.798639 0.201261
0.0272838 0.972616 9.9991E-05
0.0144325 0.628842 0.356726
0.0211635 0.83557 0.143266
9.9991E-05 0.699611 0.300289
0.0531546 0.931547 0.0152987
0.315163 0.684737 9.9991E-05
0.306329 0.693571 9.9991E-05
0.254934 0.744966 9.9991E-05
0.302079 0.697821 9.9991E-05
0.241879 0.758021 9.9991E-05
0.301222 0.69634 0.00243888
0.847477 9.9991E-05 0.152423
0.789323 9.9991E-05 0.210577
0.739123 9.9991E-05 0.260777
0.781518 9.9991E-05 0.218382
0.801434 0.00511088 0.193455
0.568633 0.431267 9.9991E-05
0.61635 0.38355 9.9991E-05
0.605368 0.394532 9.9991E-05
0.797927 9.9991E-05 0.201973
0.530876 0.469024 9.9991E-05
0.279688 0.203227 0.517085
0.077016 0.38138 0.541604
0.105643 0.165949 0.728407
0.273081 0.247706 0.479213
0.160555 0.350307 0.489138
0.568991 0.0553954 0.375614
0.0353324 0.767622 0.197046
0.0577205 0.703493 0.238787
0.192781 0.695579 0.11164
9.9991E-05 0.706647 0.293253
0.102574 0.897326 9.9991E-05
0.0234241 0.604585 0.371991
0.0423763 0.719061 0.238563
0.123442 0.719496 0.157062
0.118379 0.5596 0.322021
0.106512 0.87714 0.0163476
0.0114304 0.672491 0.316079
9.9991E-05 0.666906 0.332994
0.200455 0.411281 0.388265
9.9991E-05 0.800864 0.199036
0.0629522 0.670068 0.26698
0.0265947 0.615561 0.357844
9.9991E-05 0.735119 0.264781
9.9991E-05 0.559528 0.440372
0.0635672 0.582304 0.354129
0.0113461 0.582037 0.406617
0.758353 9.9991E-05 0.241547
0.815935 9.9991E-05 0.183965
0.831523 0.0977939 0.0706831
0.815411 0.051097 0.133492
0.801234 0.00769931 0.191066
0.149851 0.749968 0.10018
0.0441063 0.546491 0.409403
0.193166 0.338006 0.468827
9.9991E-05 0.583798 0.416102
0.0296964 0.658064 0.31224
0.0932333 0.746467 0.1603
0.303869 0.696031 9.9991E-05
0.0211867 0.675202 0.303611
0.208788 0.738867 0.0523452
0.0352079 0.642638 0.322154
0.253368 0.746532 9.9991E-05
0.0748165 0.539378 0.385806
0.1863 0.738354 0.0753459
0.0623631 0.7546 0.183037
0.0301951 0.649769 0.320036
0.0880086 0.780137 0.131854
9.9991E-05 0.598787 0.401113
0.0245596 0.621248 0.354192
0.0743204 0.783784 0.141895
0.112592 0.577279 0.310129
0.030352 0.647168 0.32248
0.0537999 0.9461 9.9991E-05
0.0504799 0.834953 0.114567
0.0152001 0.722354 0.262446
0.108042 0.891858 9.9991E-05
0.0321651 0.786361 0.181473
0.193038 0.806862 9.9991E-05
9.9991E-05 0.864902 0.134998
0.0761359 0.677599 0.246265
0.0198714 0.565658 0.414471
0.0735706 0.821297 0.105132
0.0293344 0.581252 0.389414
0.0202006 0.554838 0.424961
9.9991E-05 0.652896 0.347004
0.0299282 0.592823 0.377249
0.0554711 0.64448 0.300049
0.0714947 0.783164 0.145341
0.0953751 0.647453 0.257172
9.9991E-05 0.64253 0.35737
0.0231567 0.556325 0.420518
0.108502 0.653156 0.238342
9.9991E-05 0.608702 0.391198
0.117502 0.66822 0.214279
0.0359821 0.559331 0.404687
0.0894146 0.542744 0.367841
0.0783956 0.611733 0.309871
0.314281 0.303319 0.382401
0.0678403 0.351566 0.580593
0.171329 0.382572 0.446099
0.0554037 0.474389 0.470207
0.179814 0.335734 0.484452
9.9991E-05 0.713996 0.285904
0.172218 0.304957 0.522825
0.357141 0.4941 0.148759
0.122849 0.381072 0.496078
0.0904585 0.415079 0.494463
0.0634928 0.408431 0.528076
0.243853 0.440516 0.315631
0.128035 0.306931 0.565034
0.119595 0.344347 0.536058
0.657042 0.162688 0.18027
0.0907185 0.351674 0.557608
0.150824 0.293838 0.555338
0.084077 0.466683 0.449241
0.167757 0.30103 0.531212
0.110616 0.401657 0.487727
0.02767 0.621005 0.351325
0.0634435 0.563162 0.373394
0.0357505 0.96415 9.9991E-05
0.0684324 0.931468 9.9991E-05
0.0543861 0.535934 0.40968
0.106799 0.316418 0.576784
0.110581 0.279602 0.609817
0.254096 0.315279 0.430625
0.203696 0.314744 0.481561
0.181385 0.668371 0.150244
0.184368 0.589363 0.226269
0.0105898 0.595681 0.39373
0.0137748 0.580786 0.405439
0.156273 0.610555 0.233172
0.0390197 0.543375 0.417606
9.9991E-05 0.573104 0.426796
0.114395 0.520543 0.365062
0.0272408 0.809653 0.163106
0.00735956 0.79482 0.197821
0.0418503 0.589507 0.368643
0.107251 0.636603 0.256146
0.0938837 0.52114 0.384976
0.00382129 0.713629 0.28255
0.0336206 0.871474 0.0949057
9.9991E-05 0.629743 0.370157
0.0342051 0.90348 0.0623148
0.00577593 0.73766 0.256564
9.9991E-05 0.579525 0.420375
0.0284156 0.6813 0.290284
0.141904 0.341116 0.51698
0.248084 0.404268 0.347648
0.205503 0.348734 0.445763
0.199946 0.412393 0.38766
0.170337 0.347105 0.482558
0.143018 0.404436 0.452546
0.342586 0.525841 0.131574
0.0622129 0.340353 0.597435
0.525459 0.324079 0.150462
0.0205682 0.42953 0.549902
0.00916205 0.989285 0.00155331
0.100374 0.899526 9.9991E-05
9.9991E-05 0.714124 0.285776
9.9991E-05 0.625689 0.374211
9.9991E-05 0.830231 0.169669
9.9991E-05 0.649414 0.350486
9.9991E-05 0.684653 0.315247
0.837568 0.0368603 0.125572
0.802718 0.0959079 0.101374
0.931127 9.9991E-05 0.068773
0.926577 9.9991E-05 0.073323
9.9991E-05 0.663436 0.336464
0.0300786 0.661652 0.308269
9.9991E-05 0.748524 0.251376
9.9991E-05 0.577029 0.422871
0.081451 0.657992 0.260557
0.0267251 0.909432 0.0638428
9.9991E-05 0.68104 0.31886
0.0172899 0.814269 0.168442
0.23427 0.286176 0.479554
9.9991E-05 0.704984 0.294916
0.0162945 0.797115 0.186591
9.9991E-05 0.713282 0.286618
9.9991E-05 0.734245 0.265655
9.9991E-05 0.638246 0.361654
0.0277791 0.636387 0.335834
9.999E-05 0.9998 9.999E-05
9.9991E-05 0.826463 0.173437
0.019134 0.784046 0.19682
0.0120483 0.987852 9.9991E-05
0.018489 0.712735 0.268776
0.0227425 0.899147 0.07811
0.0753543 0.924546 9.9991E-05
9.9991E-05 0.5853 0.4146
0.115395 0.842625 0.0419805
9.99926E-05 0.706307 0.293593
0.0560697 0.510203 0.433728
9.9991E-05 0.707965 0.291935
9.9991E-05 0.76328 0.23662
9.9991E-05 0.702868 0.297032
0.00912171 0.711338 0.27954
9.9991E-05 0.883793 0.116107
0.0429604 0.585209 0.371831
0.737684 0.262216 9.9991E-05
0.801512 0.125817 0.0726717
0.895255 0.104645 9.9991E-05
0.891965 0.107935 9.9991E-05
0.846149 0.14433 0.00952081
0.0635373 0.841713 0.0947497
0.0793504 0.92055 9.9991E-05
9.9991E-05 0.935515 0.0643847
0.0470759 0.589899 0.363025
0.0417313 0.52164 0.436628
9.9991E-05 0.792219 0.207681
9.9991E-05 0.609858 0.390042
0.00741768 0.751476 0.241106
9.9991E-05 0.652605 0.347295
9.9991E-05 0.538745 0.461155
9.9991E-05 0.884442 0.115458
9.9991E-05 0.830488 0.169412
9.9991E-05 0.83198 0.16792
0.0849045 0.540091 0.375005
9.9991E-05 0.777114 0.222786
9.9991E-05 0.697032 0.302868
0.0876901 0.236192 0.676118
0.116647 0.174169 0.709185
0.111655 0.13173 0.756615
0.181692 0.101928 0.71638
0.153318 0.230184 0.616498
0.000190848 0.688704 0.311105
0.29648 9.9991E-05 0.703421
0.219919 0.110529 0.669552
0.0996151 0.421989 0.478396
0.109948 0.525249 0.364803
0.147092 0.553989 0.298919
0.114973 0.472229 0.412798
0.0214825 0.558148 0.42037
0.173456 0.0643215 0.762222
0.0756418 0.310021 0.614337
0.0727759 0.0874282 0.839796
0.143303 0.279147 0.577549
0.159581 0.110408 0.730011
0.194206 0.238268 0.567526
0.154626 0.112893 0.732481
0.153661 0.124611 0.721728
0.04041 0.580089 0.379501
0.216695 0.234619 0.548687
0.221897 9.9991E-05 0.778003
0.138371 0.308933 0.552695
0.279286 0.664949 0.0557652
9.9991E-05 0.567771 0.432129
0.172421 0.294275 0.533304
0.0966418 0.480475 0.422883
0.162638 0.522737 0.314625
0.23277 0.292782 0.474448
0.20558 0.281296 0.513124
0.0978329 0.467703 0.434464
0.134927 0.244576 0.620497
0.091926 0.120039 0.788035
0.255076 9.9991E-05 0.744824
9.9991E-05 0.583046 0.416854
0.108096 0.642345 0.249559
0.231501 0.641374 0.127125
0.115732 0.460663 0.423605
0.10925 0.640275 0.250475
0.115691 0.434147 0.450162
0.0970789 0.488271 0.41465
0.497637 0.301553 0.200809
0.524632 0.328419 0.146948
0.192758 0.496244 0.310999
0.449321 0.314013 0.236667
0.5654 0.162343 0.272257
0.201754 0.492714 0.305532
0.292916 0.306454 0.40063
0.323738 0.367906 0.308356
0.404308 0.335639 0.260054
0.118612 0.441428 0.43996
0.336469 0.417729 0.245803
0.647317 0.232463 0.12022
0.126106 0.360704 0.51319
0.178677 0.331888 0.489435
0.233359 0.299906 0.466735
0.112551 0.228257 0.659192
0.147066 0.330082 0.522852
0.108509 0.32724 0.564251
0.31994 0.182584 0.497476
0.170048 0.30287 0.527082
0.175509 0.215857 0.608634
0.298016 0.263897 0.438087
0.146246 0.537369 0.316385
0.131247 0.464381 0.404372
0.0477588 0.426336 0.525905
0.0885561 0.473861 0.437583
0.310825 0.135383 0.553792
0.164006 0.318042 0.517952
0.457113 0.220872 0.322014
0.158452 0.319065 0.522483
0.364448 0.162073 0.473479
0.845652 0.098691 0.0556574
0.307755 0.691712 0.000533057
0.25115 0.74875 9.9991E-05
0.291047 0.708853 9.9991E-05
0.21025 0.78965 9.9991E-05
0.263214 0.736686 9.9991E-05
0.242636 0.757264 9.9991E-05
0.303921 0.695979 9.9991E-05
0.423395 0.576505 9.9991E-05
0.906838 9.9991E-05 0.0930621
0.851764 0.0622626 0.0859737
0.883373 9.9991E-05 0.116527
0.859859 0.0786905 0.061451
0.902237 9.9991E-05 0.0976631
0.948402 0.012317 0.0392807
0.770478 0.0701596 0.159363
0.845969 9.9991E-05 0.153931
0.781221 0.100513 0.118266
0.886902 9.9991E-05 0.112998
0.964208 9.9991E-05 0.0356916
0.845094 0.035694 0.119212
0.95049 9.9991E-05 0.0494103
0.853689 9.9991E-05 0.146211
0.827848 0.00550384 0.166648
0.809682 9.9991E-05 0.190218
0.737028 9.9991E-05 0.262872
0.741651 9.9991E-05 0.258249
0.785991 9.9991E-05 0.213909
0.177872 0.578663 0.243465
0.0406836 0.569719 0.389597
0.104143 0.501954 0.393903
0.187736 0.7511 0.0611639
0.0663304 0.59994 0.33373
0.312724 0.616792 0.0704838
0.00780663 0.529588 0.462605
0.124567 0.668868 0.206566
0.025667 0.631165 0.343168
9.9991E-05 0.647763 0.352137
0.121399 0.616431 0.26217
0.0227363 0.538176 0.439088
0.0304676 0.599467 0.370066
0.170856 0.8167 0.0124443
0.188801 0.811099 9.9991E-05
0.173535 0.712828 0.113637
0.0288909 0.484603 0.486506
0.0755952 0.568129 0.356276
0.129947 0.59073 0.279323
9.9991E-05 0.550359 0.449541
0.185591 0.298719 0.51569
0.104655 0.335847 0.559498
0.506281 0.237029 0.25669
0.104643 0.517076 0.378281
0.213102 0.394187 0.392711
0.586689 0.259111 0.1542
0.31344 0.248449 0.438111
0.365292 0.281328 0.35338
0.337541 0.353176 0.309283
0.0808127 0.42757 0.491617
0.14554 0.336239 0.518221
0.100855 0.328616 0.570529
0.17452 0.452924 0.372556
0.42994 0.196482 0.373577
