0.789604 0.0418987 9.9946E-05 9.9946E-05 9.9946E-05 9.9946E-05 9.9946E-05 9.9946E-05 0.167898
0.910538 9.9946E-05 9.9946E-05 9.9946E-05 9.9946E-05 9.9946E-05 9.9946E-05 0.0836021 0.00526074
0.767673 0.0434269 0.0612366 0.074485 9.9973E-05 9.9973E-05 0.008518 9.9973E-05 0.0443606
0.766608 0.072143 0.0674525 0.0334092 0.0453691 9.9982E-05 9.9982E-05 0.000611392 0.0142064
0.771167 0.0702146 9.9955E-05 0.0110936 9.9955E-05 9.9955E-05 9.9955E-05 9.9955E-05 0.147025
0.564031 0.119624 0.0408692 0.00494135 0.0152923 0.116451 0.0697665 9.9991E-05 0.0689242
0.748915 0.043034 0.0326841 9.9964E-05 9.9964E-05 0.156055 9.9964E-05 9.9964E-05 0.018912
0.655254 0.129883 0.072865 9.9955E-05 9.9955E-05 0.141498 9.9955E-05 9.9955E-05 9.9955E-05
0.812707 0.0779736 9.99549E-05 9.99549E-05 9.99549E-05 0.018523 0.0902967 9.99549E-05 9.99549E-05
0.594433 0.118036 0.0535611 0.00681727 0.00831171 0.0877413 9.9982E-05 9.9982E-05 0.1309
0.698273 0.126977 9.9973E-05 0.037021 9.9973E-05 0.110982 0.0125881 9.9973E-05 0.0138591
9.9973E-05 9.9973E-05 0.0253432 0.138148 0.832651 0.00166168 0.00166262 9.9973E-05 0.000233991
9.9946E-05 9.9946E-05 9.9946E-05 0.448562 0.422185 9.9946E-05 9.9946E-05 9.9946E-05 0.128653
0.00143917 9.9973E-05 9.9973E-05 0.0525473 0.736008 0.0784676 9.9973E-05 0.00612305 0.125115
9.99579E-05 9.99579E-05 0.128446 0.0560395 0.729201 9.99579E-05 9.99579E-05 9.99579E-05 0.0858136
0.0303863 9.9964E-05 0.196982 0.23967 0.464719 9.9964E-05 9.9964E-05 9.9964E-05 0.0678421
9.9964E-05 9.9964E-05 9.9964E-05 0.43919 0.343395 9.9964E-05 0.0163416 0.0323085 0.168365
0.00680571 9.9982E-05 0.0879367 0.411454 0.34592 0.0675923 0.0380522 0.0420391 9.9982E-05
0.111979 9.9955E-05 0.0785426 0.183509 0.62547 9.9955E-05 9.9955E-05 9.9955E-05 9.9955E-05
0.0392013 9.9946E-05 9.9946E-05 9.9946E-05 0.902341 0.0578585 9.9946E-05 9.9946E-05 9.9946E-05
9.9973E-05 9.9973E-05 0.125157 0.314184 0.442237 9.9973E-05 0.0435719 0.0496903 0.0248594
9.999E-05 0.0026402 0.0668067 0.362687 0.298032 0.0801965 0.0560686 0.0876521 0.0458162
0.00473395 0.0813421 0.0438009 0.509109 0.227412 0.0337024 0.0751771 0.0246224 9.9991E-05
9.9955E-05 9.9955E-05 0.0918099 0.0663666 0.730047 9.9955E-05 9.9955E-05 9.9955E-05 0.111277
0.0695217 9.9982E-05 0.0783773 0.461008 0.177343 0.0278083 0.0672434 9.9982E-05 0.118499
0.0408079 0.0290547 0.0806795 0.356611 0.38345 0.0078504 9.9982E-05 9.9982E-05 0.101347
9.9973E-05 9.9973E-05 0.0771044 0.0381749 0.833809 9.9973E-05 0.0159734 0.00187411 0.0327637
9.9946E-05 9.9946E-05 0.164611 0.00594312 0.828846 9.9946E-05 9.9946E-05 9.9946E-05 9.9946E-05
9.9946E-05 9.9946E-05 9.9946E-05 0.106345 0.82342 9.9946E-05 9.9946E-05 0.0696349 9.9946E-05
0.834804 9.9946E-05 0.0752383 0.0893583 9.9946E-05 9.9946E-05 9.9946E-05 9.9946E-05 9.9946E-05
0.826465 9.9946E-05 0.0445274 0.128408 9.9946E-05 9.9946E-05 9.9946E-05 9.9946E-05 9.9946E-05
0.796086 9.99461E-05 0.0379144 0.1654 9.99461E-05 9.99461E-05 9.99461E-05 9.99461E-05 9.99461E-05
0.723584 9.9964E-05 0.055777 0.189341 9.9964E-05 0.00963663 0.021262 9.9964E-05 9.9964E-05
0.0128535 0.0545441 9.9991E-05 0.574203 0.0408641 0.0249491 0.212172 0.0738941 0.00641999
0.0748484 0.0833911 0.0663391 0.378667 9.9973E-05 9.9973E-05 0.293736 9.9973E-05 0.102718
0.0628258 9.9946E-05 9.9946E-05 0.56776 9.9946E-05 9.9946E-05 0.368815 9.9946E-05 9.9946E-05
0.091267 0.208827 9.9964E-05 0.0905625 0.508301 9.9964E-05 0.100643 9.9964E-05 9.9964E-05
9.9964E-05 9.9964E-05 0.0964285 0.246488 9.9964E-05 0.0623219 0.512589 0.0817721 9.9964E-05
0.161761 9.9982E-05 9.9982E-05 0.434523 0.0490959 0.0136094 0.169974 0.121693 0.0491436
9.9955E-05 9.9955E-05 9.9955E-05 0.765657 9.9955E-05 9.9955E-05 0.124734 0.0705417 0.0385684
0.0884896 0.0353727 0.0560794 0.537396 0.0348292 0.167994 0.0793684 9.9991E-05 0.000370878
0.15045 0.0361096 9.9982E-05 0.692834 0.0242082 0.0506524 0.0276649 0.0178819 9.9982E-05
0.0174629 0.0322754 9.9973E-05 0.0985575 0.230452 9.9973E-05 0.5843 9.9973E-05 0.0366526
9.9982E-05 0.0356308 0.000464194 0.48704 0.0500486 0.246589 0.0309303 9.9982E-05 0.149098
0.0277401 9.9973E-05 0.0113428 0.582154 9.9973E-05 0.104414 0.190781 9.9973E-05 0.0832689
0.14155 9.9991E-05 0.0827412 0.512245 0.0461974 0.0571598 0.0971364 0.0315445 0.0313262
9.9964E-05 0.00836486 9.9964E-05 0.213966 9.9964E-05 9.9964E-05 0.601829 0.0964752 0.0789657
0.0527033 0.00382476 0.099689 0.500499 9.9982E-05 0.0586862 0.269213 0.0151843 9.9982E-05
0.100072 0.0288473 0.0361341 0.530745 9.9982E-05 9.9982E-05 0.182451 0.0484528 0.0730983
0.0725842 9.9946E-05 9.9946E-05 9.9946E-05 9.9946E-05 0.224791 0.702025 9.9946E-05 9.9946E-05
9.9973E-05 0.210813 9.9973E-05 0.15825 0.333661 0.113994 0.0966406 0.086341 9.9973E-05
9.9973E-05 9.9973E-05 9.9973E-05 0.0158697 0.334195 0.337003 0.168416 0.0727833 0.0714335
0.119681 0.0097153 0.0666938 0.461518 0.237901 0.020179 0.0249255 9.9991E-05 0.0592871
0.117979 9.9973E-05 9.9973E-05 0.635683 0.0393069 0.129103 9.9973E-05 0.063448 0.0141796
0.0732002 0.00265469 9.9982E-05 0.569189 0.103083 9.9982E-05 0.079069 0.105928 0.0666767
0.110331 0.166829 9.9973E-05 0.169302 0.294653 9.9973E-05 0.133269 0.125316 9.9973E-05
0.0438678 0.104335 0.0793685 0.489388 0.216335 0.0153018 9.9991E-05 0.0329553 0.018349
0.00210629 0.0418195 0.0344299 0.524313 0.177572 0.104357 0.0127624 9.9991E-05 0.102539
0.0933915 0.0877827 0.056384 0.254911 0.250771 0.102854 0.0643834 0.0894233 9.9991E-05
0.138144 0.054222 9.9982E-05 0.0122526 0.457528 0.165588 0.0643446 9.9982E-05 0.10772
0.0374429 0.0651892 0.054218 0.504673 0.107831 0.0467597 0.0772429 0.0110514 0.0955921
0.0514457 0.0117812 9.9982E-05 0.361715 0.273782 0.037662 9.9982E-05 0.0905347 0.172879
0.0517772 0.128708 9.9973E-05 9.9973E-05 0.63166 0.0344009 0.0951671 0.0579865 9.9973E-05
9.9955E-05 9.9955E-05 9.9955E-05 0.38212 0.390888 9.9955E-05 9.9955E-05 0.141729 0.0847633
0.0140583 0.0728422 0.0313618 0.554168 0.0752514 0.0336568 0.0222015 0.135395 0.0610654
9.9982E-05 0.00752327 0.0201264 0.472534 0.276019 0.0550912 9.9982E-05 0.0373589 0.131148
0.0624739 0.0745485 0.0449806 0.267963 0.326653 0.0512777 0.129869 0.0421343 9.9991E-05
9.9982E-05 0.00590849 9.9982E-05 0.387317 0.272694 0.0332074 0.0258533 0.152798 0.122022
0.0532966 0.0525651 9.9991E-05 0.561852 0.150313 0.0921489 0.0326638 0.00100336 0.0560566
0.0362284 0.114143 9.9982E-05 0.157147 0.481845 0.0876225 0.0642006 0.0586138 9.9982E-05
9.9964E-05 0.0344524 9.9964E-05 0.568407 0.089599 0.00562584 0.301516 9.9964E-05 9.9964E-05
0.0237271 9.9955E-05 9.9955E-05 0.174011 0.173509 9.9955E-05 0.628253 9.9955E-05 9.9955E-05
0.0956888 0.0744577 0.0541921 0.526192 9.9982E-05 0.080399 0.0506938 0.118176 9.9982E-05
9.9937E-05 9.9937E-05 9.9937E-05 9.9937E-05 9.9937E-05 0.126941 0.87236 9.9937E-05 9.9937E-05
9.9955E-05 9.9955E-05 9.9955E-05 9.9955E-05 0.0454708 0.0632247 0.809607 0.0811981 9.9955E-05
9.9964E-05 0.00906394 0.014957 0.268293 9.9964E-05 9.9964E-05 0.706819 9.9964E-05 0.000466638
0.0254499 0.021439 9.9964E-05 0.441206 9.9964E-05 9.9964E-05 0.46421 9.9964E-05 0.0472946
0.0912557 9.9991E-05 0.0207781 0.520592 0.1057 0.00457365 0.177918 0.00383881 0.0752436
0.0300205 0.0694174 0.0606393 0.385454 0.0230605 0.00607132 0.402957 9.9991E-05 0.022279
0.0440006 0.0736835 0.0323574 0.141655 0.147584 9.9973E-05 0.560419 9.9973E-05 9.9973E-05
0.00631991 0.215321 9.9964E-05 0.233325 0.0974485 9.9964E-05 0.447186 9.9964E-05 9.9964E-05
0.0650713 0.180719 0.137178 0.377723 9.9982E-05 9.9982E-05 0.10398 0.0754947 0.059634
0.050007 9.9973E-05 0.030537 0.219627 0.169302 0.0135946 0.516632 9.9973E-05 9.9973E-05
0.0421238 0.0327335 9.9973E-05 0.440162 0.0927244 0.0262216 0.365735 9.9973E-05 9.9973E-05
9.9955E-05 9.9955E-05 9.9955E-05 0.39409 9.9955E-05 0.031204 0.519804 0.054402 9.9955E-05
9.9964E-05 0.0243922 9.9964E-05 9.9964E-05 9.9964E-05 0.220525 0.654027 0.0747576 0.0258985
9.9964E-05 0.0332005 0.0513022 0.620373 9.9964E-05 0.0721824 0.222542 9.9964E-05 9.9964E-05
0.774296 9.9955E-05 0.0340243 0.105526 0.0856543 9.9955E-05 9.9955E-05 9.9955E-05 9.9955E-05
0.862623 9.9946E-05 9.9946E-05 0.0993882 9.9946E-05 9.9946E-05 9.9946E-05 9.9946E-05 0.0373896
0.805497 9.9955E-05 0.0183444 0.0243235 9.9955E-05 9.9955E-05 9.9955E-05 9.9955E-05 0.151335
0.863088 9.9955E-05 9.9955E-05 9.9955E-05 9.9955E-05 0.013453 0.0218707 9.9955E-05 0.101088
0.786191 9.9964E-05 9.9964E-05 0.0520853 0.0151216 0.00445537 9.9964E-05 9.9964E-05 0.141747
0.834524 0.0329834 0.0723573 0.0449783 9.9964E-05 9.9964E-05 0.0147571 9.9964E-05 9.9964E-05
0.897518 9.9964E-05 9.9964E-05 0.0288407 0.00165012 0.00595399 9.9964E-05 9.9964E-05 0.065637
0.14187 0.00850188 0.0666055 0.499125 0.0151477 9.9973E-05 0.26845 9.9973E-05 9.9973E-05
0.0882362 9.9973E-05 9.9973E-05 0.453214 0.118647 9.9973E-05 0.121157 0.0718818 0.146563
0.0485078 9.9973E-05 9.9973E-05 0.00957905 0.0727565 9.9973E-05 0.751927 0.10224 0.0146898
0.108817 9.9964E-05 0.0273346 0.574083 9.9964E-05 9.9964E-05 0.149948 0.139418 9.9964E-05
0.0366032 0.0202933 9.9964E-05 0.392803 0.22702 9.9964E-05 0.32288 9.9964E-05 9.9964E-05
0.0439074 9.9955E-05 9.9955E-05 0.571268 9.9955E-05 9.9955E-05 0.297394 0.0869308 9.9955E-05
0.0579203 9.9973E-05 0.0245249 0.566764 0.0866958 9.9973E-05 0.174783 0.0890117 9.9973E-05
9.9973E-05 9.9973E-05 0.00552563 0.451813 0.00521689 9.9973E-05 0.414014 0.0554087 0.0677226
0.0748227 0.0763059 9.9955E-05 9.9955E-05 0.210127 9.9955E-05 0.638244 9.9955E-05 9.9955E-05
0.133756 0.0707902 9.9973E-05 0.527654 9.9973E-05 0.124491 9.9973E-05 0.111356 0.031653
0.124732 9.9964E-05 9.9964E-05 0.585049 0.0326602 9.9964E-05 0.157043 0.100116 9.9964E-05
0.130224 9.9973E-05 0.0336156 0.600742 0.0763965 0.0976593 0.0610625 9.9973E-05 9.9973E-05
9.9973E-05 9.9973E-05 0.0137025 0.262364 0.0621363 0.0902651 0.472436 0.0987961 9.9973E-05
0.00718336 9.9964E-05 0.036911 0.546514 9.9964E-05 9.9964E-05 0.369309 0.0396827 9.9964E-05
0.0106973 0.025088 0.0193467 0.431634 0.135807 0.0357928 0.326943 9.9991E-05 0.0145913
9.9955E-05 9.9955E-05 0.0411177 0.272653 9.9955E-05 9.9955E-05 0.593847 9.9955E-05 0.0918827
0.0660374 0.0424898 9.9964E-05 0.473173 0.0998575 9.9964E-05 0.318042 9.9964E-05 9.9964E-05
0.135363 9.9973E-05 0.0638009 0.475206 0.184117 9.9973E-05 0.101638 9.9973E-05 0.0395755
0.00766304 0.142776 9.9982E-05 0.143228 0.329407 0.0418651 9.9982E-05 0.22977 0.10509
0.0666353 0.177476 0.00926341 0.435588 0.146577 0.112376 0.00261828 9.9991E-05 0.0493661
0.106139 0.0982252 9.9991E-05 0.459391 0.0800621 0.00972127 0.0760388 0.0529268 0.117395
0.0904102 0.0208466 0.0757416 0.534796 0.0144516 0.0177553 0.0828516 0.0678204 0.0953268
0.0517794 0.0731749 9.9964E-05 0.483677 0.346623 9.9964E-05 9.9964E-05 0.0443462 9.9964E-05
9.9982E-05 0.134884 0.0286158 0.471014 0.13444 0.0572664 9.9982E-05 0.0758721 0.097708
0.0613636 0.142197 9.9964E-05 0.490852 0.185102 9.9964E-05 9.9964E-05 0.120086 9.9964E-05
0.149666 0.0181718 0.0257436 0.571491 0.0662639 0.0126862 0.0122163 0.143661 9.9991E-05
0.0851374 0.142323 9.9973E-05 0.553369 9.9973E-05 0.0553078 0.0991086 9.9973E-05 0.0644547
0.0330038 0.0330539 9.9982E-05 0.558495 0.254788 0.0288693 0.0362973 0.055293 9.9982E-05
9.9973E-05 0.159097 9.9973E-05 0.531406 0.132028 0.0528368 0.0358127 0.0885196 9.9973E-05
9.9973E-05 0.0879684 0.000864424 0.589728 9.9973E-05 0.0981446 9.9973E-05 0.114356 0.108639
0.124745 0.0497232 0.039498 0.458826 0.0162403 9.9991E-05 0.104151 0.089357 0.11736
0.010891 0.0987141 0.121076 0.464091 0.109518 9.9991E-05 0.075803 0.113408 0.00639823
9.9982E-05 0.123868 0.0936847 0.430423 0.0211594 0.107001 0.118409 9.9982E-05 0.105254
9.9982E-05 0.127132 0.00573408 0.542855 0.0970757 9.9982E-05 0.0636737 0.081738 0.0815917
0.0714397 0.103939 9.9982E-05 0.333147 0.214758 0.0591174 9.9982E-05 0.15147 0.0659291
9.9982E-05 0.0875267 9.9982E-05 0.581019 0.120503 0.0130143 0.0613146 0.00669112 0.129731
9.9964E-05 0.0655658 9.9964E-05 0.6663 9.9964E-05 0.121045 9.9964E-05 0.0487956 0.0978942
0.0110356 0.143731 0.0435013 0.0864313 0.319123 9.9991E-05 0.144921 0.100247 0.15091
9.9991E-05 0.108823 0.02521 0.134185 0.22691 0.203295 0.0922273 0.172693 0.0365567
0.00290322 0.0946876 0.0173799 0.555635 0.199165 0.0753291 9.9982E-05 9.9982E-05 0.054701
9.9982E-05 0.212169 0.0514293 0.014221 0.109845 0.17489 0.168991 0.268255 9.9982E-05
0.00580234 0.130821 9.9973E-05 0.235325 0.406125 9.9973E-05 0.091121 0.130506 9.9973E-05
9.9964E-05 0.123502 9.9964E-05 0.360116 0.364852 9.9964E-05 0.0438851 0.107246 9.9964E-05
0.032936 0.225456 9.9973E-05 0.279544 0.312413 0.0115624 0.137788 9.9973E-05 9.9973E-05
0.00816158 0.106576 0.0439637 0.234191 0.47525 9.9982E-05 0.0920895 0.0395686 9.9982E-05
0.0395337 0.0193141 0.049633 0.542677 0.119438 0.115368 0.00544561 9.9991E-05 0.10849
0.104328 0.00158082 9.9982E-05 0.506729 0.0718435 9.9982E-05 0.152516 0.0147775 0.148026
0.102493 9.9982E-05 0.0686071 0.513433 0.159772 0.0160405 0.0715191 0.0679352 9.9982E-05
9.9982E-05 0.0780175 0.0400232 0.140103 0.271441 0.257443 0.131834 0.0809387 9.9982E-05
0.119251 0.0377234 9.9991E-05 0.484045 0.106475 0.0254594 0.0740944 0.110096 0.0427568
9.9973E-05 9.9973E-05 0.00267728 0.411233 0.0733504 0.267682 0.158419 9.9973E-05 0.0863374
0.106331 0.0751235 9.9973E-05 9.9973E-05 0.087106 0.445117 0.169225 0.116797 9.9973E-05
0.110027 9.9973E-05 0.0410881 0.623472 0.0252748 0.120386 9.9973E-05 0.0794527 9.9973E-05
0.0790459 0.0938353 9.9991E-05 0.337755 0.0318112 0.194183 0.171822 0.0739182 0.0175297
0.0994682 9.9991E-05 0.0502889 0.464262 0.102877 0.107981 0.0231221 0.101057 0.050844
0.0172724 0.0647247 9.9991E-05 0.224818 0.130226 0.3666 0.0560175 0.0877556 0.0524861
0.0754896 0.151558 9.9982E-05 0.210894 0.0840621 0.347681 0.00976601 0.12035 9.9982E-05
9.9982E-05 0.129218 9.9982E-05 0.299635 0.0293367 0.161059 0.0861562 0.153009 0.141386
0.0956211 0.0391666 0.0795184 0.458662 0.0885658 0.131491 0.068092 0.0387839 9.9991E-05
0.113155 0.0326251 0.058898 0.34608 0.108921 0.130188 0.0653789 0.0848456 0.059908
0.0124485 9.9982E-05 0.0650261 9.9982E-05 0.228156 0.27411 0.150971 0.0838137 0.185276
0.104405 9.9982E-05 9.9982E-05 0.458825 0.0901534 0.0284098 0.0567118 0.152769 0.108526
9.9964E-05 0.102153 9.9964E-05 0.369898 0.0818442 0.289204 0.156502 9.9964E-05 9.9964E-05
9.9982E-05 0.0112791 0.0147273 0.472496 0.116378 0.139309 0.16528 0.0803311 9.9982E-05
0.0696148 0.0750367 0.0247655 0.57131 9.9991E-05 0.090391 0.0307671 0.0787371 0.0592777
0.264996 9.9973E-05 0.187188 0.10349 0.0416789 0.263646 9.9973E-05 9.9973E-05 0.138702
0.50414 9.9946E-05 0.131298 9.9946E-05 9.9946E-05 0.363962 9.9946E-05 9.9946E-05 9.9946E-05
0.413852 9.9955E-05 0.125239 9.9955E-05 9.9955E-05 0.43888 9.9955E-05 0.0215295 9.9955E-05
0.291277 0.0396284 0.176249 9.9973E-05 0.0107358 0.179727 9.9973E-05 9.9973E-05 0.302083
9.9955E-05 9.9955E-05 0.0149271 0.637556 9.9955E-05 0.226543 0.120474 9.9955E-05 9.9955E-05
0.108473 0.000579085 0.0276193 0.645803 9.9973E-05 0.113158 9.9973E-05 0.104068 9.9973E-05
9.9946E-05 0.00313483 0.6385 0.357766 9.9946E-05 9.9946E-05 9.9946E-05 9.9946E-05 9.9946E-05
9.9973E-05 0.0796186 0.365774 0.434065 0.0370167 9.9973E-05 0.0231744 0.0600513 9.9973E-05
0.0744779 0.0448009 0.277531 0.325276 0.0574683 9.9991E-05 0.0752557 0.0277191 0.117371
9.9955E-05 9.9955E-05 9.9955E-05 0.373797 9.9955E-05 0.409216 0.110165 0.106322 9.9955E-05
9.9973E-05 0.0858621 9.9973E-05 0.403016 0.0124915 0.162008 0.191367 9.9973E-05 0.144956
9.9973E-05 0.003954 9.9973E-05 0.202247 0.0859354 0.535609 0.0646913 0.107263 9.9973E-05
9.9964E-05 9.9964E-05 0.0727059 0.541325 9.9964E-05 0.220316 0.163302 9.9964E-05 0.00195114
0.0387478 0.0263243 0.0504378 0.432773 0.0780438 0.162333 9.9982E-05 0.211141 9.9982E-05
9.9973E-05 0.0154254 0.00922666 0.616536 0.0990797 0.256943 9.9973E-05 9.9973E-05 0.00248916
9.9964E-05 9.9964E-05 9.9964E-05 0.177508 0.189556 0.441616 0.0883536 0.102567 9.9964E-05
0.035683 9.9982E-05 0.134474 0.526942 0.0239788 0.106753 0.0765212 0.0954479 9.9982E-05
0.0309184 0.00262824 0.0522702 0.495371 0.0439419 0.203578 9.9991E-05 0.133549 0.0376431
9.9955E-05 9.9955E-05 0.868385 9.9955E-05 9.9955E-05 9.9955E-05 0.023813 0.00504931 0.102253
9.9964E-05 9.9964E-05 0.889442 0.0732303 9.9964E-05 0.00920297 9.9964E-05 0.0270112 0.000713986
0.0289673 9.9973E-05 0.433525 0.233638 0.0290444 9.9973E-05 0.0753594 9.9973E-05 0.199167
0.0127848 0.00539414 0.655961 0.199512 9.9973E-05 9.9973E-05 9.9973E-05 0.0354575 0.0905906
9.9964E-05 0.0669906 0.755508 0.0828287 9.9964E-05 9.9964E-05 0.0424625 9.9964E-05 0.0518106
9.9946E-05 9.9946E-05 0.980359 9.9946E-05 0.00696406 0.0120769 9.9946E-05 9.9946E-05 9.9946E-05
0.000633957 0.0508985 0.947868 9.9946E-05 9.9946E-05 9.9946E-05 9.9946E-05 9.9946E-05 9.9946E-05
9.9946E-05 9.9946E-05 0.822134 0.127514 9.9946E-05 9.9946E-05 9.9946E-05 9.9946E-05 0.0497526
9.9946E-05 0.0246501 0.933086 9.9946E-05 0.0416643 9.9946E-05 9.9946E-05 9.9946E-05 9.9946E-05
9.993E-05 9.993E-05 0.999201 9.993E-05 9.993E-05 9.993E-05 9.993E-05 9.993E-05 9.993E-05
9.993E-05 9.993E-05 0.999201 9.993E-05 9.993E-05 9.993E-05 9.993E-05 9.993E-05 9.993E-05
0.0182385 9.9964E-05 0.697313 0.119809 0.0858324 9.9964E-05 9.9964E-05 9.9964E-05 0.0784072
0.0485639 9.9964E-05 0.715014 0.151344 0.058226 9.9964E-05 9.9964E-05 9.9964E-05 0.0264517
9.9937E-05 9.9937E-05 0.968768 9.9937E-05 9.9937E-05 9.9937E-05 0.0305326 9.9937E-05 9.9937E-05
0.107272 0.106658 0.395799 0.277794 0.0827833 9.9973E-05 9.9973E-05 9.9973E-05 0.0293937
0.0078974 0.0475678 0.640923 0.224976 9.9964E-05 0.0782357 9.9964E-05 9.9964E-05 9.9964E-05
0.0138345 0.0138714 0.66257 0.126198 9.9973E-05 0.054834 9.9973E-05 9.9973E-05 0.128392
9.9955E-05 9.9955E-05 0.811146 0.0725731 0.0543004 9.9955E-05 9.9955E-05 9.9955E-05 0.0614807
9.9937E-05 9.9937E-05 0.897923 9.9937E-05 9.9937E-05 9.9937E-05 9.9937E-05 9.9937E-05 0.101377
0.0577112 9.9955E-05 0.801353 0.0971994 9.9955E-05 9.9955E-05 9.9955E-05 9.9955E-05 0.0432366
9.9946E-05 9.9946E-05 0.992947 9.9946E-05 9.9946E-05 0.00552157 9.9946E-05 9.9946E-05 0.00093211
0.0284745 0.114943 0.497775 0.141705 9.9973E-05 9.9973E-05 9.9973E-05 0.0337466 0.183056
9.9973E-05 9.9973E-05 0.870081 0.0266529 0.0142156 9.9973E-05 0.0489046 0.0143439 0.0255024
0.302474 9.9982E-05 0.00466934 9.9982E-05 0.00242285 0.585911 0.0145639 0.0348429 0.0549156
0.0977829 0.112149 9.9973E-05 0.331325 0.0369026 0.174517 9.9973E-05 9.9973E-05 0.247024
0.209069 0.0313153 0.113225 0.338127 9.9982E-05 0.181691 0.0695713 9.9982E-05 0.0568018
0.158783 0.0748345 9.9973E-05 0.11349 9.9973E-05 0.323224 9.9973E-05 0.0714843 0.257884
0.0682409 9.9982E-05 0.032182 0.457523 9.9982E-05 0.101318 0.104028 0.0459902 0.190518
0.193178 9.9982E-05 0.0489958 0.180291 9.9982E-05 0.363474 0.0722179 0.0180038 0.123639
0.16298 0.0842614 9.9982E-05 0.428437 0.00633735 0.154508 9.9982E-05 0.0825747 0.0807018
0.120277 9.9973E-05 0.104545 0.382551 9.9973E-05 0.376738 0.0116741 9.9973E-05 0.00391443
0.0599567 0.0866091 9.9973E-05 0.304903 9.9973E-05 0.138905 9.9973E-05 0.0895561 0.31977
0.131607 9.9973E-05 0.055762 0.300869 9.9973E-05 0.291588 9.9973E-05 0.0283262 0.191548
0.118964 9.9982E-05 0.0654856 0.417181 0.137862 0.104401 0.0572817 9.9982E-05 0.0986241
0.793258 0.0731517 9.9964E-05 0.0778421 9.9964E-05 0.0415395 9.9964E-05 9.9964E-05 0.0138084
0.9111 9.9955E-05 0.0504057 9.9955E-05 9.9955E-05 0.0012843 9.9955E-05 9.9955E-05 0.0367101
0.93896 0.0200736 9.9964E-05 0.0215273 9.9964E-05 0.00108643 0.0179523 9.9964E-05 9.9964E-05
0.918506 0.0251611 9.9955E-05 0.055654 9.9955E-05 0.000179434 9.9955E-05 9.9955E-05 9.9955E-05
0.823326 0.0484449 0.0237312 9.9964E-05 0.0680621 9.9964E-05 9.9964E-05 9.9964E-05 0.0360357
0.826748 9.9955E-05 0.061646 9.9955E-05 9.9955E-05 9.9955E-05 9.9955E-05 0.0827968 0.0283093
0.851651 0.00748183 0.0933059 0.047062 9.9955E-05 9.9955E-05 9.9955E-05 9.9955E-05 9.9955E-05
0.865213 0.0311592 9.9964E-05 0.0198716 9.9964E-05 0.00107276 9.9964E-05 0.0822834 9.9964E-05
0.848361 9.9982E-05 0.038963 0.0106309 0.0577208 9.9982E-05 0.0247139 0.00310978 0.016301
0.806321 9.9973E-05 0.020797 0.00884263 0.0197274 0.052654 9.9973E-05 9.9973E-05 0.0913581
0.56294 0.117619 9.9964E-05 9.9964E-05 0.22489 9.9964E-05 0.0228434 0.071307 9.9964E-05
0.541015 0.246598 9.9964E-05 9.9964E-05 0.146994 9.9964E-05 0.0503207 9.9964E-05 0.0146723
0.537712 0.088767 9.9973E-05 9.9973E-05 0.259816 0.0480922 0.0546696 0.010644 9.9973E-05
0.483499 0.105234 9.9973E-05 9.9973E-05 0.288199 0.0255168 0.0593395 0.0379118 9.9973E-05
0.0413866 0.0170363 9.9973E-05 0.49596 0.210794 9.9973E-05 0.140145 9.9973E-05 0.0943776
0.0403982 0.100723 0.005767 0.443047 9.9973E-05 9.9973E-05 0.291484 9.9973E-05 0.118281
0.00701142 0.0752629 0.0327811 0.516702 0.115413 9.9991E-05 0.216983 0.00780991 0.0279372
0.0965109 0.0725824 9.9982E-05 0.365481 0.229958 0.0838771 0.0980161 0.0533743 9.9982E-05
9.9973E-05 0.315911 0.025955 0.105523 0.398755 9.9973E-05 0.132567 0.0209885 9.9973E-05
0.0824263 0.0137407 0.0874401 0.573471 9.9982E-05 0.00231919 0.2014 0.0390031 9.9982E-05
9.9964E-05 0.0383289 0.0268947 0.604834 0.0691002 9.9964E-05 0.260442 9.9964E-05 9.9964E-05
9.9982E-05 0.105848 9.9982E-05 0.492514 0.0669718 0.0200188 0.167622 0.0731817 0.0736431
9.9955E-05 9.9955E-05 9.9955E-05 0.37693 9.9955E-05 0.0226984 0.511423 9.9955E-05 0.0884491
0.026506 0.0966212 9.9973E-05 0.551649 9.9973E-05 0.00233155 0.154962 9.9973E-05 0.167631
0.0295576 0.105415 0.00660325 0.43891 9.9982E-05 0.00239309 0.30327 0.113651 9.9982E-05
9.9955E-05 0.0803429 0.00780296 9.9955E-05 9.9955E-05 9.9955E-05 0.760559 0.150795 9.9955E-05
0.0419675 0.0891266 0.00920904 0.46132 0.0908967 0.0280879 0.160903 0.0213816 0.0971078
9.9964E-05 9.9964E-05 0.0408222 0.195674 9.9964E-05 0.124829 0.527004 0.111271 9.9964E-05
9.9964E-05 0.0642569 0.0105377 0.523491 9.9964E-05 9.9964E-05 0.394313 0.00700112 9.9964E-05
0.0381664 0.0667579 9.9964E-05 0.0811797 0.127397 9.9964E-05 0.686099 9.9964E-05 9.9964E-05
0.0262868 0.840443 9.9955E-05 9.9955E-05 9.9955E-05 0.0989098 9.9955E-05 9.9955E-05 0.0338607
9.9955E-05 0.730414 9.9955E-05 0.0365704 9.9955E-05 0.159732 9.9955E-05 9.9955E-05 0.0727836
9.9946E-05 0.904856 9.9946E-05 9.9946E-05 9.9946E-05 0.0393854 9.9946E-05 0.055159 9.9946E-05
0.0456654 0.854782 9.9955E-05 9.9955E-05 9.9955E-05 0.0809739 0.018079 9.9955E-05 9.9955E-05
9.9973E-05 0.809808 0.0425965 0.0519906 0.00513539 0.0718093 0.0183602 9.9973E-05 9.9973E-05
0.0307896 0.833837 0.0541727 0.0703636 9.9964E-05 0.010437 9.9964E-05 9.9964E-05 9.9964E-05
0.80371 9.9973E-05 9.9973E-05 0.028631 0.0117113 9.9973E-05 0.00659573 0.0211763 0.127876
0.764445 0.0319465 9.9955E-05 0.0495376 9.9955E-05 9.9955E-05 9.9955E-05 9.9955E-05 0.153571
0.678419 0.00494799 9.9955E-05 0.0573359 9.9955E-05 9.9955E-05 9.9955E-05 9.9955E-05 0.258797
0.710946 0.011253 0.0855863 9.9964E-05 0.118712 9.9964E-05 9.9964E-05 9.9964E-05 0.0731027
0.743941 9.9973E-05 0.0776648 0.0324478 0.0469524 0.0201779 9.9973E-05 9.9973E-05 0.0785163
0.371238 0.493012 9.9973E-05 9.9973E-05 0.0301721 0.0486158 0.0393981 0.0172635 9.9973E-05
0.467673 0.366997 9.9955E-05 9.9955E-05 9.9955E-05 9.9955E-05 0.0611448 0.103686 9.9955E-05
0.438313 0.405491 9.9955E-05 9.9955E-05 9.9955E-05 9.9955E-05 0.0660622 0.0896348 9.9955E-05
0.800433 9.9946E-05 0.0353387 0.163628 9.9946E-05 9.9946E-05 9.9946E-05 9.9946E-05 9.9946E-05
0.375937 0.458612 0.00373155 9.9982E-05 0.0208658 0.00595374 0.118781 0.0159185 9.9982E-05
0.112834 9.9973E-05 0.111492 0.184106 9.9973E-05 0.132618 9.9973E-05 0.0114912 0.44716
0.152135 0.0275448 0.0739415 0.570635 9.9973E-05 0.0265949 9.9973E-05 9.9973E-05 0.148848
0.135836 9.9964E-05 0.201367 0.445766 0.0403489 9.9964E-05 9.9964E-05 9.9964E-05 0.176283
0.203199 0.0671274 0.210684 0.306732 9.9982E-05 0.118335 0.0417991 9.9982E-05 0.0519236
0.126063 0.00136487 0.229646 0.466755 0.0814437 0.0176247 0.0145661 0.0624371 9.9991E-05
0.341023 9.9955E-05 0.166428 9.9955E-05 9.9955E-05 0.264727 9.9955E-05 9.9955E-05 0.227323
9.9964E-05 0.199133 9.9964E-05 0.407775 0.209601 9.9964E-05 0.0579417 0.12515 9.9964E-05
9.9982E-05 0.0715961 9.9982E-05 0.309122 0.179163 0.0635848 0.00927975 0.311801 0.0552532
0.0523323 0.1372 9.9964E-05 0.205694 0.535092 9.9964E-05 9.9964E-05 0.069282 9.9964E-05
9.9973E-05 0.0475992 9.9973E-05 0.41363 0.13853 0.003289 0.0919039 0.304748 9.9973E-05
9.9964E-05 0.0397016 9.9964E-05 9.9964E-05 0.117848 0.263719 0.143587 0.434745 9.9964E-05
0.0717218 0.0163361 9.9991E-05 0.4711 0.263252 0.0391325 0.0490598 0.0400294 0.049269
0.0299913 9.9973E-05 0.0620037 0.423032 0.212641 0.0308903 9.9973E-05 0.241142 9.9973E-05
0.0580712 0.187545 9.9982E-05 0.269113 0.385945 0.0193771 0.0313345 0.0484139 9.9982E-05
0.0792505 0.143032 0.103519 0.436999 0.0742671 0.0566789 0.106053 9.9982E-05 9.9982E-05
9.9964E-05 9.9964E-05 9.9964E-05 0.0695542 0.400492 0.249559 0.146991 0.133004 9.9964E-05
9.9973E-05 0.122906 0.0446053 0.457903 0.0559452 0.174653 9.9973E-05 0.143687 9.9973E-05
9.9982E-05 0.15035 0.0249047 0.507004 0.0700853 0.0440274 0.145597 9.9982E-05 0.057832
0.0668328 0.00652905 0.115809 0.293415 0.136802 0.0901628 0.123512 9.9991E-05 0.166837
9.9955E-05 0.0818612 9.9955E-05 0.36527 0.306743 9.9955E-05 9.9955E-05 0.245626 9.9955E-05
0.0315691 0.106959 0.00482559 0.444348 0.219058 9.9982E-05 0.0243012 0.168739 9.9982E-05
9.9991E-05 0.0373556 0.0603589 0.389072 0.216662 0.136299 0.0135607 0.0847607 0.0618313
0.00303454 0.0732093 9.9982E-05 0.570514 0.0983034 0.0530145 0.123387 0.0783372 9.9982E-05
9.9991E-05 0.0315267 0.059024 0.641865 0.0859919 0.0753854 0.027596 0.060381 0.01813
0.0780233 0.0722143 0.0904453 0.485858 0.169349 0.00192665 0.00660564 0.0954778 9.9991E-05
0.00694782 0.121971 0.0400191 0.466584 0.161617 0.148949 9.9982E-05 9.9982E-05 0.0537123
0.726256 9.9946E-05 0.120461 0.152684 9.9946E-05 9.9946E-05 9.9946E-05 9.9946E-05 9.9946E-05
0.83611 9.9964E-05 0.00987891 0.122523 9.9964E-05 9.9964E-05 9.9964E-05 0.0163454 0.0147422
0.758283 0.0738687 9.9973E-05 0.0803565 9.9973E-05 0.0487535 0.021578 9.9973E-05 0.0168605
0.783582 0.0499575 0.0122054 0.0404426 9.9982E-05 9.9982E-05 0.0276327 0.0605936 0.0253865
0.835867 9.9946E-05 0.00686473 0.156669 9.9946E-05 9.9946E-05 9.9946E-05 9.9946E-05 9.9946E-05
9.9973E-05 0.210285 9.9973E-05 0.075524 0.584864 9.9973E-05 0.0209304 0.0255457 0.0825514
0.0203429 0.0232851 0.0805483 0.368263 0.307582 0.0177792 0.000689297 0.18141 9.9991E-05
0.165741 0.00460407 0.0679288 0.315343 0.0436304 0.0836439 9.9991E-05 0.0686161 0.250393
9.9964E-05 0.110467 0.053228 0.662507 0.115915 0.0574821 9.9964E-05 9.9964E-05 9.9964E-05
0.0564979 0.122332 9.9973E-05 0.576473 0.13596 9.9973E-05 0.0196128 0.0888239 9.9973E-05
9.9973E-05 0.0885436 0.0853148 0.19447 0.286532 0.228247 9.9973E-05 0.116593 9.9973E-05
0.148431 0.218286 9.9964E-05 9.9964E-05 0.506407 0.0811622 0.0453142 9.9964E-05 9.9964E-05
0.0725317 0.159915 0.0287637 0.535995 0.0777804 0.00566236 0.0582484 0.0610039 9.9991E-05
0.0288893 0.244621 0.0704719 0.127826 0.380324 9.9973E-05 9.9973E-05 0.147567 9.9973E-05
9.9991E-05 0.0557207 0.00542877 0.372493 0.217495 0.0617952 0.00587714 0.103672 0.177419
0.108517 0.224702 9.9973E-05 9.9973E-05 0.462015 9.9973E-05 0.0266403 0.105798 0.072028
0.0691412 0.0963648 0.0680239 0.499457 0.0130874 9.9991E-05 0.0862143 0.0923081 0.075303
0.103284 0.161997 9.9973E-05 0.163963 0.505076 9.9973E-05 0.0203316 0.0450488 9.9973E-05
0.0184245 0.092742 9.9991E-05 0.252487 0.257447 0.11334 0.111444 0.0749297 0.0790864
0.0107055 0.145487 0.0400827 0.422388 0.0510721 0.139859 0.0670443 0.114651 0.00871076
9.9964E-05 0.0815518 9.9964E-05 0.350264 0.0422611 0.40843 9.9964E-05 0.117093 9.9964E-05
0.0406355 9.9973E-05 9.9973E-05 0.564538 0.0919739 0.204604 0.0598727 0.0380758 9.9973E-05
0.114244 0.0451675 0.0845962 0.428658 0.0129706 0.231864 0.00668367 0.0501189 0.0256975
9.9955E-05 0.0804113 9.9955E-05 0.350283 9.9955E-05 0.423736 9.9955E-05 0.14507 9.9955E-05
0.0676437 0.0779604 0.0928631 0.334904 0.0379974 0.0871826 0.177887 0.06821 0.0553515
0.0422425 0.00561717 9.9982E-05 0.487642 9.9982E-05 0.290029 0.0818851 0.0766814 0.0157027
9.9964E-05 0.114021 9.9964E-05 0.0581584 9.9964E-05 0.589502 0.118145 0.119774 9.9964E-05
9.9964E-05 0.00620973 9.9964E-05 0.266671 9.9964E-05 0.634778 0.0184413 0.0735004 9.9964E-05
9.9955E-05 0.145176 9.9955E-05 0.456457 9.9955E-05 0.307251 9.9955E-05 0.0906161 9.9955E-05
9.9973E-05 0.0875657 9.9973E-05 0.157421 0.0558134 0.486057 0.159551 0.0532919 9.9973E-05
9.9955E-05 9.9955E-05 9.9955E-05 0.547184 0.125651 0.305613 0.0210517 9.9955E-05 9.9955E-05
0.0072918 0.213467 9.9982E-05 0.0206301 0.538526 9.9982E-05 0.132098 0.0320486 0.0557391
9.9982E-05 0.143712 0.0430393 0.218698 0.241648 0.0374383 0.083423 0.231841 9.9982E-05
0.00695057 0.208824 0.0812281 0.332295 0.265874 9.9982E-05 0.0446254 0.0600033 9.9982E-05
9.9991E-05 0.0644673 0.00792583 0.487052 0.198989 0.0216127 0.00341665 0.00877299 0.207663
9.9973E-05 0.222135 9.9973E-05 0.17319 0.426246 0.0144506 0.152987 9.9973E-05 0.0106919
9.9991E-05 0.112305 0.124362 0.353605 0.0464434 0.0016146 0.114568 0.14127 0.105731
0.0504797 0.141721 0.0156005 0.530859 0.0336268 9.9982E-05 0.14781 9.9982E-05 0.0797029
9.9973E-05 0.0376559 9.9973E-05 0.415338 0.242004 9.9973E-05 0.100174 0.066017 0.138512
9.9982E-05 0.198194 0.0530077 0.341021 0.144443 9.9982E-05 0.038359 0.079794 0.144982
0.0168767 0.213307 0.0264024 0.457702 0.130742 9.9973E-05 0.15467 9.9973E-05 9.9973E-05
9.9964E-05 0.129869 0.104967 0.135038 0.455679 9.9964E-05 0.174047 9.9964E-05 9.9964E-05
9.9973E-05 0.292464 9.9973E-05 0.237863 0.166478 9.9973E-05 0.049227 0.0884509 0.165217
9.9973E-05 0.116462 0.0126827 0.499304 0.256996 9.9973E-05 9.9973E-05 0.0355344 0.0787205
9.9982E-05 0.0834045 0.026618 0.436381 0.166177 0.0732894 0.0550042 9.9982E-05 0.158925
0.0140231 0.152639 9.9991E-05 0.275154 0.0437391 0.0795881 0.207072 0.0559468 0.171737
9.9982E-05 0.101151 0.00261809 0.41583 0.0776186 9.9982E-05 0.126413 0.104681 0.171489
0.109611 0.174862 0.0319442 0.319222 0.216363 0.0841894 9.9982E-05 0.0636088 9.9982E-05
9.9973E-05 0.19495 9.9973E-05 0.547515 0.0891215 9.9973E-05 0.0370601 0.0686262 0.062427
0.0714844 0.0999601 0.0255607 0.438708 0.148449 9.9991E-05 0.0370225 0.0824668 0.0962482
0.0118512 0.226453 0.0782304 0.471716 0.0328993 0.0878968 0.0813073 9.9991E-05 0.00954537
0.301254 9.9982E-05 0.00400699 0.379436 0.0598352 0.0391518 0.0189821 9.9982E-05 0.197134
0.0490951 9.9982E-05 0.159874 0.471125 0.0638701 0.0660339 9.9982E-05 0.0791812 0.110621
0.113832 0.0114464 0.0321762 0.39338 0.144627 0.100842 0.0194292 0.0371159 0.147152
0.0690044 0.021458 9.9973E-05 0.581511 0.190348 9.9973E-05 9.9973E-05 0.0444954 0.0928825
0.17686 9.9982E-05 0.0785763 0.394296 0.0589793 9.9982E-05 0.0499359 0.0419435 0.199209
9.9973E-05 0.0160372 0.0318581 0.44152 0.196428 0.0579846 9.9973E-05 0.255872 9.9973E-05
0.0635805 0.0413196 0.0724873 0.471278 0.0392686 0.00676938 0.0295986 0.0152536 0.260445
0.177557 9.9964E-05 9.9964E-05 9.9964E-05 0.127584 0.377814 0.0898058 9.9964E-05 0.226839
0.0804028 9.9991E-05 0.054678 0.459875 0.119143 0.0615802 0.000752111 0.0270833 0.196386
0.044293 9.9982E-05 0.158581 0.444187 0.0501327 9.9982E-05 0.0123314 0.140138 0.150137
9.9991E-05 0.096 0.193389 0.357631 0.0594412 0.0384886 0.11155 0.0174976 0.125903
0.0838589 9.9991E-05 0.117009 0.104197 0.189353 0.1633 0.0944538 0.0150125 0.232715
0.195697 9.9982E-05 0.0310454 0.367685 0.0485068 0.0201696 9.9982E-05 0.0335841 0.303112
0.05027 9.9973E-05 9.9973E-05 0.417604 0.0392549 0.0532209 0.0317054 9.9973E-05 0.407645
0.441349 9.9955E-05 0.183016 9.9955E-05 9.9955E-05 0.367517 9.9955E-05 0.00761795 9.9955E-05
0.139085 9.9991E-05 0.157885 0.417268 0.0294334 0.0444613 0.019413 0.0625845 0.12977
0.0236435 0.116016 9.9964E-05 0.302413 9.9964E-05 9.9964E-05 9.9964E-05 0.055642 0.501886
0.0864052 0.0355614 0.137593 0.485787 0.129137 0.0437415 0.0514367 9.9991E-05 0.0302381
0.19198 9.9964E-05 0.0987361 0.502284 9.9964E-05 0.0666097 9.9964E-05 9.9964E-05 0.13999
0.096177 0.00501868 0.170575 0.482256 0.0181717 0.0242185 0.119095 0.0413114 0.043177
0.0487433 0.0422227 0.0963254 0.407121 9.9964E-05 9.9964E-05 9.9964E-05 0.405188 9.9964E-05
0.0491916 0.0897218 9.9991E-05 0.363606 0.0101371 0.0281164 0.00893217 0.267567 0.182628
9.9955E-05 9.9955E-05 9.9955E-05 9.9955E-05 0.14214 0.00868361 0.0819246 0.766752 9.9955E-05
0.0124945 0.0233514 9.99549E-05 9.99549E-05 9.99549E-05 0.0160125 9.99549E-05 0.947642 9.99549E-05
9.9973E-05 0.0401943 9.9973E-05 0.372404 0.0575895 9.9973E-05 0.0211787 0.392745 0.115588
0.0317801 9.9973E-05 0.0907505 0.266662 0.0619651 9.9973E-05 9.9973E-05 0.156003 0.39254
9.9946E-05 9.9946E-05 9.9946E-05 0.0959697 9.9946E-05 9.9946E-05 9.9946E-05 0.219128 0.684302
0.075553 9.9973E-05 0.129143 9.9973E-05 0.0344718 0.0933049 9.9973E-05 0.249235 0.417992
0.0369178 0.000532088 9.9973E-05 0.149467 0.0300155 9.9973E-05 9.9973E-05 0.183649 0.599119
0.0660005 9.9964E-05 0.00541713 9.9964E-05 9.9964E-05 0.140285 9.9964E-05 0.64639 0.141507
0.0283197 9.9955E-05 9.9955E-05 9.9955E-05 9.9955E-05 0.0709643 9.9955E-05 0.633536 0.266681
9.9964E-05 9.9964E-05 0.0460845 0.385923 9.9964E-05 9.9964E-05 0.0573538 0.291233 0.219006
9.9955E-05 9.9955E-05 0.0396092 0.313567 9.9955E-05 9.9955E-05 9.9955E-05 0.497221 0.149103
9.9946E-05 9.9946E-05 9.9946E-05 0.000679259 9.9946E-05 9.9946E-05 9.9946E-05 0.685197 0.313524
9.9964E-05 9.9964E-05 9.9964E-05 0.390917 0.0523579 0.0171698 9.9964E-05 0.267669 0.271486
0.00655452 9.9973E-05 0.056927 0.511642 9.9973E-05 0.0776777 9.9973E-05 0.221905 0.124993
0.0643313 9.9973E-05 0.125603 0.474706 9.9973E-05 0.0891191 9.9973E-05 0.209167 0.0367741
0.0214981 0.0371188 9.9973E-05 0.309218 0.0153742 9.9973E-05 0.0547848 0.561706 9.9973E-05
9.9982E-05 9.9982E-05 0.042666 0.329355 0.0620789 0.0466932 0.027138 0.489211 0.0026578
9.9973E-05 0.0848517 0.0445664 0.542461 9.9973E-05 0.0462266 9.9973E-05 0.211539 0.0700553
0.100815 0.0319238 0.0353603 0.390987 0.0176149 9.9973E-05 9.9973E-05 0.422999 9.9973E-05
0.0117523 0.0367502 0.0201883 0.322468 0.0684354 0.0960008 0.0586596 0.180724 0.205021
0.0191334 9.9973E-05 9.9973E-05 0.449274 0.00655984 0.0847452 9.9973E-05 0.421265 0.0187231
9.9955E-05 0.081055 9.9955E-05 0.159882 9.9955E-05 0.0288323 9.9955E-05 0.729731 9.9955E-05
0.0521556 9.9964E-05 0.0692044 0.553032 9.9964E-05 9.9964E-05 0.0181445 0.307064 9.9964E-05
9.9964E-05 9.9964E-05 0.0474563 0.14127 0.0306089 9.9964E-05 0.0176824 0.762582 9.9964E-05
9.9955E-05 0.0255329 0.0433334 0.396626 9.9955E-05 9.9955E-05 9.9955E-05 0.534007 9.9955E-05
0.00963393 0.00250735 0.109995 0.380269 9.9982E-05 9.9982E-05 0.0752451 0.333847 0.0883032
0.00328225 9.9973E-05 0.133103 0.366315 9.9973E-05 0.0766941 0.0560696 0.364235 9.9973E-05
0.107492 9.9982E-05 0.0753834 0.435558 9.9982E-05 0.145087 0.0316775 0.0268285 0.177774
0.069109 0.0943749 0.0899948 0.414985 0.0876272 0.0731354 0.000362197 0.11165 0.0587614
0.0447029 0.0460718 0.145756 0.273888 9.9991E-05 0.206254 0.00466745 0.0469713 0.231588
0.0668391 0.0929509 0.0928953 0.16569 0.135188 0.0265493 9.9991E-05 0.0669433 0.352844
0.111123 0.0626796 0.199484 0.285924 0.100643 0.0726648 0.00642729 0.124789 0.0362656
0.0682777 0.0889692 0.0459499 0.297296 9.9991E-05 0.00142043 0.0322202 0.206944 0.258822
0.200684 0.0527991 0.0710558 9.9973E-05 9.9973E-05 0.0484859 9.9973E-05 0.571123 0.0555522
0.0766784 0.0315587 0.123988 0.509212 9.9973E-05 9.9973E-05 9.9973E-05 0.122986 0.135276
0.343105 9.9955E-05 0.114291 9.9955E-05 9.9955E-05 0.17029 9.9955E-05 0.371813 9.9955E-05
9.9955E-05 9.9955E-05 0.0930353 0.394459 9.9955E-05 9.9955E-05 9.9955E-05 0.301508 0.210499
9.9955E-05 0.00944992 9.9955E-05 0.0899225 9.9955E-05 9.9955E-05 0.129076 0.771052 9.9955E-05
9.9946E-05 9.9946E-05 9.9946E-05 9.9946E-05 0.0137983 9.9946E-05 0.100156 0.885446 9.9946E-05
9.9973E-05 0.0274462 9.9973E-05 0.396132 0.044239 9.9973E-05 0.00353752 0.516297 0.0120481
0.100493 9.9946E-05 9.9946E-05 0.614517 9.9946E-05 9.9946E-05 9.9946E-05 0.284391 9.9946E-05
9.9955E-05 9.9955E-05 9.9955E-05 0.343183 0.0541784 0.025358 9.9955E-05 0.576781 9.9955E-05
9.9964E-05 0.0176848 0.0411738 0.477448 9.9964E-05 9.9964E-05 0.00844545 0.454848 9.9964E-05
9.9946E-05 9.9946E-05 0.030374 0.463871 9.9946E-05 9.9946E-05 9.9946E-05 0.505156 9.9946E-05
0.797955 9.9982E-05 0.0191526 0.1187 0.0104482 0.00458823 0.00792207 0.0410332 9.9982E-05
0.696496 0.0713291 0.139273 9.9955E-05 9.9955E-05 9.9955E-05 9.9955E-05 0.0924021 9.9955E-05
0.889798 0.00251125 0.0770974 9.9955E-05 0.0300935 9.9955E-05 9.9955E-05 9.9955E-05 9.9955E-05
0.911071 9.9955E-05 9.9955E-05 0.0770269 9.9955E-05 0.0110955 9.9955E-05 0.000307085 9.9955E-05
0.093643 0.00651015 0.0444833 0.482775 0.0459225 9.9991E-05 0.266117 0.0225128 0.0379363
0.13119 0.0212715 9.9973E-05 0.445799 0.0709495 9.9973E-05 0.322899 0.00759111 9.9973E-05
9.9964E-05 9.9964E-05 9.9964E-05 0.450921 0.0462332 9.9964E-05 0.460934 0.0105083 0.0310038
0.151449 0.0174334 9.9964E-05 0.614205 9.9964E-05 0.0263503 0.190163 9.9964E-05 9.9964E-05
0.0362369 0.0991932 9.9973E-05 0.510732 9.9973E-05 0.147275 0.0981373 9.9973E-05 0.108126
0.00230393 0.0606863 9.9991E-05 0.199181 0.135494 0.070287 0.449209 0.00859261 0.0741468
9.9955E-05 9.9955E-05 9.9955E-05 0.578696 0.0775245 9.9955E-05 0.293542 9.9955E-05 0.0497375
9.9964E-05 0.00189487 9.9964E-05 0.328331 9.9964E-05 0.135368 0.485592 0.0484144 9.9964E-05
0.251718 9.9964E-05 0.0773964 0.423325 9.9964E-05 9.9964E-05 9.9964E-05 0.116298 0.130862
9.9982E-05 0.0500251 0.0761315 0.364328 0.0423104 0.0747983 0.247948 0.144259 9.9982E-05
0.035433 0.119284 9.9964E-05 0.312097 0.0433756 9.9964E-05 0.48941 9.9964E-05 9.9964E-05
9.9973E-05 0.00621149 9.9973E-05 0.526834 0.0319617 9.9973E-05 0.336028 0.0733155 0.0253498
0.0175911 0.0217508 9.9973E-05 0.421769 0.0502001 9.9973E-05 0.393783 0.0946057 9.9973E-05
0.00775361 9.9973E-05 0.0212454 0.594964 9.9973E-05 0.00514648 0.301899 0.0686913 9.9973E-05
0.049123 9.9982E-05 0.0210786 0.519312 9.9982E-05 0.0284545 0.287104 0.0413658 0.0533628
9.9946E-05 9.9946E-05 9.9946E-05 0.0540893 9.9946E-05 9.9946E-05 0.915414 0.0298969 9.9946E-05
9.9982E-05 0.00134606 0.0491394 0.229349 0.0058851 0.1293 0.515134 0.0696465 9.9982E-05
0.00733133 9.9973E-05 0.0640207 0.226068 9.9973E-05 9.9973E-05 0.644757 0.0333346 0.0241887
9.9937E-05 9.9937E-05 9.9937E-05 9.9937E-05 9.9937E-05 0.178633 0.820667 9.9937E-05 9.9937E-05
0.0214002 0.0433369 9.9973E-05 0.299138 0.106901 9.9973E-05 0.349346 9.9973E-05 0.179578
9.9955E-05 0.000350249 9.9955E-05 0.116637 9.9955E-05 0.294818 0.587694 9.9955E-05 9.9955E-05
0.0123933 9.9955E-05 9.9955E-05 9.9955E-05 9.9955E-05 0.135049 0.753567 0.0984907 9.9955E-05
9.9982E-05 0.0675044 0.0459745 0.558325 0.0626826 0.00784368 0.219269 0.0382012 9.9982E-05
0.0441257 9.99639E-05 0.000434508 0.230596 0.179546 9.99639E-05 0.544898 9.99639E-05 9.99639E-05
9.9973E-05 0.0430605 0.0942318 0.337277 0.170966 0.0392822 0.314883 9.9973E-05 9.9973E-05
0.0451978 0.0215384 0.00565313 0.506628 0.0146687 9.9982E-05 0.197058 9.9982E-05 0.209056
9.9964E-05 0.0266739 9.9964E-05 0.542887 0.097077 0.0212265 0.311736 9.9964E-05 9.9964E-05
9.9973E-05 0.058073 9.9973E-05 0.329334 0.283394 0.153024 9.9973E-05 0.155102 0.0207729
0.00759676 0.00940136 0.0299491 0.476093 0.0161512 9.9991E-05 0.262522 0.093419 0.104768
0.0201097 0.0923497 9.9973E-05 0.336923 0.108821 9.9973E-05 0.331565 9.9973E-05 0.109932
9.9946E-05 9.9946E-05 9.9946E-05 0.35109 9.9946E-05 0.0974641 0.550846 9.9946E-05 9.9946E-05
0.0960798 0.0493292 0.030315 0.55035 9.9982E-05 0.0239731 0.240235 0.00951755 9.9982E-05
0.630785 0.157073 9.9982E-05 0.0353771 0.0820533 0.0288259 0.0570217 0.0086637 9.9982E-05
0.719636 0.0366525 0.0252678 0.00909658 0.143143 9.9991E-05 0.020811 0.0387307 0.00656228
0.820552 0.0955546 9.9973E-05 9.9973E-05 0.0264157 0.0506649 0.00635061 0.000162226 9.9973E-05
0.791499 0.077763 9.9973E-05 9.9973E-05 0.00533128 0.0402232 0.00145972 0.0834234 9.9973E-05
0.713388 0.214085 9.9955E-05 0.0545473 9.9955E-05 0.0174797 9.9955E-05 9.9955E-05 9.9955E-05
0.051006 0.0183437 9.9973E-05 0.113348 0.111838 9.9973E-05 0.651989 9.9973E-05 0.0531756
0.109744 0.0474969 9.9973E-05 0.144359 0.118981 9.9973E-05 0.543074 0.0360454 9.9973E-05
