9.9955E-05 9.9955E-05 0.0128337 0.0192071 9.9955E-05 0.0188094 9.9955E-05 9.9955E-05 0.0371884 0.911462
0.0154091 9.9937E-05 9.9937E-05 9.9937E-05 9.9937E-05 9.9937E-05 9.9937E-05 0.0232638 9.9937E-05 0.960628
9.9955E-05 9.9955E-05 0.0114013 0.0475217 0.0400232 9.9955E-05 9.9955E-05 0.0641257 9.9955E-05 0.836428
0.0378244 9.9946E-05 9.9946E-05 0.130874 9.9946E-05 9.9946E-05 9.9946E-05 0.0310259 9.9946E-05 0.799676
0.0012323 9.9946E-05 0.00977205 0.0812004 9.9946E-05 9.9946E-05 9.9946E-05 9.9946E-05 9.9946E-05 0.907196
0.0239524 0.273408 0.014107 0.0167836 9.9964E-05 9.9964E-05 9.9964E-05 9.9964E-05 0.0608799 0.610469
0.014289 0.219842 9.9937E-05 9.9937E-05 9.9937E-05 9.9937E-05 9.9937E-05 9.9937E-05 9.9937E-05 0.765169
0.0203481 0.272862 9.9946E-05 9.9946E-05 9.9946E-05 9.9946E-05 9.9946E-05 9.9946E-05 0.0057316 0.700459
0.0819094 0.00526001 0.0296705 9.99673E-05 9.99673E-05 0.0239413 9.99673E-05 0.0490844 9.99673E-05 0.809735
9.9937E-05 0.254118 9.9937E-05 9.9937E-05 9.9937E-05 9.9937E-05 9.9937E-05 9.9937E-05 0.0200017 0.725181
0.037038 0.22475 9.9946E-05 0.0329358 9.9946E-05 9.9946E-05 9.9946E-05 9.9946E-05 9.9946E-05 0.704676
9.9937E-05 9.9937E-05 9.9937E-05 9.9937E-05 9.9937E-05 0.956738 9.9937E-05 9.9937E-05 0.0394807 0.00308201
9.9955E-05 9.9955E-05 9.9955E-05 0.42419 9.9955E-05 0.475671 0.0153327 9.9955E-05 0.0433074 0.0409994
9.9955E-05 9.9955E-05 9.9955E-05 0.0638564 9.9955E-05 0.869308 9.9955E-05 0.00506306 0.060188 0.00108506
9.9946E-05 9.9946E-05 9.9946E-05 0.0807303 9.9946E-05 0.797655 9.9946E-05 9.9946E-05 0.101518 0.0194963
9.9946E-05 9.9946E-05 9.9946E-05 0.252183 9.9946E-05 0.547648 9.9946E-05 9.9946E-05 0.124479 0.0750908
9.9955E-05 0.0102153 9.9955E-05 0.467178 9.9955E-05 0.414836 9.9955E-05 9.9955E-05 0.0633604 0.0439098
9.9964E-05 0.0233299 9.9964E-05 0.321143 0.0618818 0.539515 9.9964E-05 9.9964E-05 0.0532447 0.000486461
9.9955E-05 9.9955E-05 9.9955E-05 0.0854106 9.9955E-05 0.743477 9.9955E-05 0.0134632 0.0809678 0.076182
0.0341825 0.00302235 9.9946E-05 9.9946E-05 9.9946E-05 0.954031 9.9946E-05 9.9946E-05 9.9946E-05 0.00816481
9.999E-05 0.0260877 0.00283477 0.267392 0.0777196 0.548749 0.00171939 0.010053 0.0489003 0.0164442
9.9982E-05 0.108289 0.00808642 0.33356 0.0293583 0.343978 0.0242037 0.101163 0.051161 9.9982E-05
0.0218794 0.047947 0.0455404 0.485859 0.0766292 0.289211 0.00242835 9.9991E-05 0.0099656 0.0204404
9.9937E-05 9.9937E-05 9.9937E-05 9.9937E-05 9.9937E-05 0.917461 9.9937E-05 9.9937E-05 0.069666 0.0121739
0.0192573 0.00904928 0.0130067 0.565707 0.00142468 0.222056 0.00906327 0.00241863 0.0806114 0.0774056
9.9964E-05 0.0096046 9.9964E-05 0.382541 9.9964E-05 0.536621 9.9964E-05 0.0147703 0.0332616 0.0228011
0.00211204 9.9955E-05 9.9955E-05 0.0482171 9.9955E-05 0.888246 9.9955E-05 9.9955E-05 0.0232357 0.0376894
9.9946E-05 9.9946E-05 9.9946E-05 0.0426565 9.9946E-05 0.869239 9.9946E-05 9.9946E-05 0.0870357 0.000469432
9.9937E-05 0.0817665 9.9937E-05 0.00778257 9.9937E-05 0.909751 9.9937E-05 9.9937E-05 9.9937E-05 9.9937E-05
9.9946E-05 9.9946E-05 9.9946E-05 0.089607 9.9946E-05 9.9946E-05 0.00357375 9.9946E-05 0.018865 0.887355
0.0106582 9.9955E-05 9.9955E-05 0.108731 9.9955E-05 9.9955E-05 0.00814854 9.9955E-05 0.00120835 0.870754
0.0236845 0.00316177 9.9964E-05 0.0693922 9.9964E-05 9.9964E-05 9.9964E-05 0.0104308 0.108398 0.784533
9.9955E-05 9.9955E-05 9.9955E-05 0.155317 0.0167101 9.9955E-05 9.9955E-05 0.0355895 0.068128 0.723755
0.0303587 0.200448 0.0406228 0.422004 0.207533 0.0535425 9.9973E-05 9.9973E-05 9.9973E-05 0.0451909
0.0357748 0.00333913 9.9991E-05 0.483526 0.250076 0.0453043 0.00103925 0.0228623 0.0548341 0.103143
0.0143265 0.0562632 9.9964E-05 0.553602 0.364804 9.9964E-05 0.0045074 9.9964E-05 9.9964E-05 0.00609679
0.179678 9.9973E-05 0.0663123 0.101991 0.0707747 0.52738 0.00764993 9.9973E-05 9.9973E-05 0.0459143
9.9964E-05 0.0762636 9.9964E-05 0.250462 0.57221 9.9964E-05 0.0413656 0.0319407 0.0273588 9.9964E-05
9.9973E-05 9.9973E-05 0.0302749 0.508903 0.180515 0.130884 9.9973E-05 0.0360637 0.0413032 0.0717556
0.00660438 0.0573258 0.0183039 0.694599 0.19831 9.9964E-05 9.9964E-05 0.0244574 9.9964E-05 9.9964E-05
0.0111363 0.367668 0.0149441 0.440603 9.9964E-05 0.0875771 9.9964E-05 9.9964E-05 9.9964E-05 0.0776719
0.0552233 0.1667 9.9973E-05 0.562321 0.0651895 0.0583892 0.00202859 9.9973E-05 9.9973E-05 0.0898485
0.000626182 9.9964E-05 0.0338578 0.137804 0.592713 0.210557 9.9964E-05 9.9964E-05 9.9964E-05 0.0240427
0.00153819 0.30805 0.014912 0.547477 9.9991E-05 0.0422909 0.0094888 0.0225934 0.0338801 0.0196698
0.03121 0.0828441 0.00551003 0.559463 0.221778 9.9973E-05 9.9973E-05 9.9973E-05 0.0184186 0.0804762
0.019718 0.125629 0.0254434 0.563744 0.0864891 0.0302009 0.0178494 0.042589 0.00223293 0.0861042
9.9946E-05 9.9946E-05 9.9946E-05 0.336195 0.587984 9.9946E-05 0.0395102 0.0357112 9.9946E-05 9.9946E-05
9.9955E-05 9.9955E-05 9.9955E-05 0.571875 0.282338 0.0407981 9.9955E-05 0.00431747 9.9955E-05 0.100171
0.00744073 0.0365816 0.0392705 0.500025 0.193598 0.0309305 0.0528498 9.9991E-05 0.0474711 0.0917329
9.9946E-05 0.135963 9.9946E-05 9.9946E-05 0.716333 9.9946E-05 0.0379272 0.109178 9.9946E-05 9.9946E-05
0.178216 0.0360151 0.0769138 0.0892124 0.0984059 0.478923 0.0420138 9.9973E-05 9.9973E-05 9.9973E-05
0.00331611 0.0901512 0.0205825 0.0310361 0.152963 0.369507 0.2103 0.0908617 0.0311814 9.9991E-05
0.0399007 0.0306429 0.00223178 0.550366 0.0115107 0.108844 0.152369 0.00428175 0.0349366 0.0649178
9.999E-05 0.0305474 0.0126288 0.533691 0.0457209 0.171463 0.0604988 0.0462387 0.0552866 0.0438253
0.0364679 0.029578 9.9991E-05 0.623325 0.00122913 0.135813 0.0548379 0.0701291 0.00654467 0.0419749
0.189123 0.0488823 0.0451131 0.140199 0.0341376 0.414756 9.9982E-05 0.0140769 9.9982E-05 0.113512
0.0875697 9.9973E-05 0.0698858 0.450905 0.0349134 0.310125 0.0181213 0.02818 9.9973E-05 9.9973E-05
0.0431209 9.9964E-05 9.9964E-05 0.533501 0.0604141 0.249063 9.9964E-05 9.9964E-05 0.0362262 0.0772747
0.0813058 0.0335381 0.0493942 0.348387 0.0368253 0.264609 0.0503091 0.0229535 0.00292585 0.109752
0.0586839 0.0931672 0.0578443 0.0115306 0.0545244 0.547122 9.9982E-05 9.9982E-05 0.0226575 0.15427
0.048562 0.010078 0.0205849 0.547041 0.0763672 0.129411 0.030634 0.082791 0.00197257 0.0525583
0.0378596 9.9991E-05 0.0196906 0.438732 0.0383982 0.291788 0.0604235 0.0189512 0.00881749 0.0852391
0.0793279 0.0585966 0.0622994 9.9982E-05 0.044226 0.661873 0.0398621 0.00508036 9.9982E-05 0.0485349
0.101189 9.9973E-05 0.0359202 0.322677 0.0583104 0.437372 0.030908 0.0133231 9.9973E-05 9.9973E-05
9.9982E-05 9.9982E-05 0.0646779 0.532534 0.1074 0.122063 0.0782685 0.0410219 0.0223167 0.0315177
0.0562639 9.9973E-05 9.9973E-05 0.571412 0.0211453 0.187603 0.0267498 0.0618629 9.9973E-05 0.0746631
0.0180243 0.0365674 0.0210163 0.175346 0.0854367 0.539531 0.0107366 9.9991E-05 0.0299315 0.0833103
0.028609 0.0165265 0.0409583 0.403441 0.0784034 0.262143 0.0548976 0.0200615 0.0520118 0.0429477
0.0681432 9.9991E-05 0.036948 0.5312 0.0491497 0.164268 0.0863005 0.0292874 0.0286642 0.00593846
0.0980917 0.0213823 0.0716932 0.113251 0.0725512 0.561444 0.0239747 0.0166615 9.9991E-05 0.0208509
0.00776118 9.9964E-05 0.0155496 0.502337 0.446891 0.0260846 9.9964E-05 9.9964E-05 9.9964E-05 0.000976858
0.0150413 9.9964E-05 9.9964E-05 0.190909 0.652867 0.117676 9.9964E-05 9.9964E-05 0.00826461 0.014842
0.0616055 9.9973E-05 9.9973E-05 0.525252 0.226205 0.0551507 9.9973E-05 0.0297042 0.000889626 0.100893
9.9955E-05 9.9955E-05 9.9955E-05 0.00020705 0.870028 9.9955E-05 0.0668463 0.0488064 0.0136123 9.9955E-05
9.9946E-05 0.0381706 9.9946E-05 9.9946E-05 0.879422 9.9946E-05 0.0674916 0.0143163 9.9946E-05 9.9946E-05
9.9946E-05 9.9946E-05 9.9946E-05 0.249238 0.694991 9.9946E-05 0.0428774 0.0122936 9.9946E-05 9.9946E-05
9.9955E-05 9.9955E-05 0.0266589 0.480649 0.388801 0.094751 9.9955E-05 9.9955E-05 9.9955E-05 0.00864035
9.9991E-05 0.0153069 0.0568775 0.539039 0.125114 0.0570134 0.024569 0.051799 0.0380866 0.0920944
0.00708542 0.0250856 9.9973E-05 0.446856 0.450436 0.0530996 0.00501295 9.9973E-05 0.0121247 9.9973E-05
0.0485247 9.9964E-05 0.0324661 0.147744 0.583037 0.167244 9.9964E-05 9.9964E-05 9.9964E-05 0.0205849
0.0475993 9.9964E-05 0.0237906 0.249432 0.510381 0.151347 9.9964E-05 9.9964E-05 9.9964E-05 0.0170495
9.9964E-05 9.9964E-05 0.0191697 0.511557 0.282827 0.0789539 9.9964E-05 9.9964E-05 0.0332955 0.0737971
9.9955E-05 9.9955E-05 0.0210691 0.307296 0.510415 0.135817 9.9955E-05 9.9955E-05 9.9955E-05 0.0249032
0.0292701 9.9955E-05 9.9955E-05 0.446377 0.417562 0.0914147 9.9955E-05 9.9955E-05 9.9955E-05 0.014877
9.9955E-05 0.014117 9.9955E-05 0.43151 0.457362 9.9955E-05 0.0189158 0.0775955 9.9955E-05 9.9955E-05
9.9937E-05 9.9937E-05 9.9937E-05 9.9937E-05 0.732581 9.9937E-05 0.102728 0.163991 9.9937E-05 9.9937E-05
0.0347703 9.9973E-05 9.9973E-05 0.616388 0.234529 9.9973E-05 0.029351 0.0555912 0.00316803 0.0259031
0.0336061 9.9964E-05 0.0370833 0.0813477 0.0141905 9.9964E-05 9.9964E-05 0.0251745 9.9964E-05 0.808198
9.99371E-05 9.99371E-05 9.99371E-05 0.0671231 9.99371E-05 9.99371E-05 9.99371E-05 0.0146762 9.99371E-05 0.917501
9.9937E-05 9.9937E-05 9.9937E-05 0.112852 9.9937E-05 9.9937E-05 9.9937E-05 9.9937E-05 0.0280666 0.858382
9.9946E-05 9.9946E-05 9.9946E-05 0.0260272 9.9946E-05 9.9946E-05 9.9946E-05 0.0159643 0.0332041 0.924205
9.9946E-05 9.9946E-05 9.9946E-05 9.9946E-05 9.9946E-05 0.00779596 0.00945241 9.9946E-05 0.044015 0.938137
9.9964E-05 9.9964E-05 0.0175106 0.0825683 9.9964E-05 9.9964E-05 0.00487634 0.0237357 0.0349819 0.835927
0.000105602 9.9946E-05 0.00511733 0.0760778 9.9946E-05 9.9946E-05 9.9946E-05 9.9946E-05 9.9946E-05 0.9181
0.0319161 9.9982E-05 0.0453369 0.52127 0.214032 0.0713225 0.0157875 9.9982E-05 0.0361567 0.0639791
9.9973E-05 9.9973E-05 0.0274388 0.547266 0.147666 0.0488908 0.0424172 9.9973E-05 0.0779326 0.108089
0.0305751 9.9973E-05 0.0713061 0.00741211 0.663203 0.176193 0.0080226 9.9973E-05 9.9973E-05 0.0429889
0.0265341 0.0480642 0.0516487 0.568294 0.146222 0.0548959 9.9991E-05 0.000162616 0.0312567 0.0728211
0.0630045 9.9964E-05 0.00962494 0.376911 0.455928 0.0729397 9.9964E-05 9.9964E-05 9.9964E-05 0.021192
0.0435927 9.9955E-05 0.0158388 0.518792 0.37052 9.9955E-05 9.9955E-05 9.9955E-05 9.9955E-05 0.0507571
0.00556823 0.0561832 9.9982E-05 0.542346 0.261728 0.0352816 0.0793128 9.9982E-05 0.00034634 0.0190344
9.9973E-05 9.9973E-05 0.0248764 0.483706 0.35697 0.0127478 0.0521945 9.9973E-05 0.0614155 0.00779031
0.0683016 9.9955E-05 0.0276672 9.9955E-05 0.651681 0.206596 9.9955E-05 9.9955E-05 9.9955E-05 0.0452545
0.0506258 0.0597068 0.0363119 0.54631 0.174585 0.0219591 0.00330614 0.0278099 9.9991E-05 0.0792857
0.0500814 0.0326853 0.0101354 0.679971 0.0892172 0.046656 9.9982E-05 0.0586443 9.9982E-05 0.0324094
0.0283952 0.044791 0.0338459 0.56387 0.118931 9.9991E-05 0.0486542 0.0451147 0.00962574 0.106672
0.0172249 0.14676 0.00627191 0.238656 0.507061 9.9991E-05 0.0568233 0.00333424 0.00706201 0.0167073
9.9946E-05 9.9946E-05 0.0220504 0.503182 0.428319 9.9946E-05 0.0458488 9.9946E-05 9.9946E-05 9.9946E-05
0.0350819 9.9964E-05 0.0241071 0.439871 0.344683 0.128656 9.9964E-05 9.9964E-05 9.9964E-05 0.0272003
9.9946E-05 0.00917677 9.9946E-05 0.378008 0.565361 9.9946E-05 0.046855 9.9946E-05 9.9946E-05 9.9946E-05
0.0646308 9.9964E-05 0.0240183 0.426691 0.359913 0.0856862 9.9964E-05 9.9964E-05 9.9964E-05 0.0386607
0.0523595 0.0228473 0.044335 0.538572 0.217564 9.9982E-05 9.9982E-05 0.0446407 0.00550373 0.0739782
0.17286 9.9973E-05 0.0567789 0.278146 0.0156408 0.184075 0.144771 0.147428 9.9973E-05 9.9973E-05
0.0679958 0.0997302 0.0962957 0.34135 0.0156435 0.292744 0.0107716 0.00149312 9.9991E-05 0.0738766
0.0625796 0.0780025 0.0471702 0.472109 9.9991E-05 0.169022 0.0225147 0.00757926 0.0592675 0.0816556
0.0551986 0.0895668 0.03257 0.545777 0.0217127 0.106184 0.0359467 9.9982E-05 9.9982E-05 0.112845
0.176846 0.0460373 0.0436727 0.424109 0.0110093 0.262551 0.00536472 9.9991E-05 0.00859436 0.0217161
0.104231 0.00171288 0.0197763 0.553104 0.051683 0.158521 0.0431677 0.00518588 0.0344526 0.0281653
0.141041 9.9964E-05 0.103004 0.396423 9.9964E-05 0.304755 0.0146171 9.9964E-05 9.9964E-05 0.0397598
0.0586441 9.9991E-05 0.0357506 0.556653 0.0326744 0.0981778 0.0822395 0.0841545 0.00277655 0.0488296
0.110828 9.9991E-05 0.0553009 0.633861 0.0118668 0.0212902 0.0170972 0.0969931 0.0220346 0.0306284
0.102744 0.0734293 0.0277827 0.558362 9.9982E-05 0.167344 0.0131747 0.022152 9.9982E-05 0.0348112
0.143413 0.0104417 0.0496862 0.530973 0.0637749 0.155905 0.0267693 9.9982E-05 9.9982E-05 0.0188363
0.0379213 0.0229953 0.0585648 0.543637 9.9991E-05 0.0987887 0.12832 0.0100326 0.0859539 0.0136871
0.0670488 0.0502199 0.0439188 0.543997 9.9991E-05 0.124084 0.0262994 0.0864512 0.0335071 0.024374
0.092107 0.0133141 0.02619 0.571238 0.0432617 0.10479 0.0891099 0.0282677 0.0316209 9.9991E-05
0.0978038 0.0655362 0.0310696 0.561195 0.00536252 0.0633976 0.0525741 0.000285808 0.0545102 0.0682652
0.0502675 9.9973E-05 0.0838521 0.573068 9.9973E-05 0.128436 0.122656 0.0160645 0.0253564 9.9973E-05
0.0974302 0.0701547 0.0620981 0.313477 0.0333892 0.131803 0.116291 0.131418 0.00500964 0.0389298
0.0898161 0.000621436 0.0269916 0.608298 0.0673456 0.0590571 0.00200717 0.0740981 0.0420889 0.0296764
0.142044 0.0278301 9.9964E-05 0.691672 9.9964E-05 9.9964E-05 0.0817503 0.0316901 9.9964E-05 0.0246139
0.202945 9.9982E-05 0.0377278 0.14804 0.0449933 0.510584 0.0221625 0.000687654 9.9982E-05 0.0326592
9.9973E-05 0.0659714 0.0976978 0.0733804 0.0335994 0.400654 0.187759 0.140638 9.9973E-05 9.9973E-05
0.0526365 0.0314641 0.081607 0.457075 0.0558611 0.193806 0.0317773 0.0261187 0.0232588 0.0463957
0.128215 0.0429741 9.9964E-05 9.9964E-05 0.0897966 0.319899 0.319512 0.0992038 9.9964E-05 9.9964E-05
0.166267 0.00895526 0.0584225 0.264338 0.0131534 0.460541 0.0266231 9.9982E-05 9.9982E-05 0.00149965
0.183318 0.015862 9.9964E-05 0.364233 0.0685412 0.361974 0.00567191 9.9964E-05 9.9964E-05 9.9964E-05
0.170707 0.00663882 0.0336303 0.305289 0.101171 0.357115 0.0130528 9.9982E-05 9.9982E-05 0.0121971
0.187572 0.0501035 0.00356171 0.248759 0.0347528 0.427945 0.0470054 9.9973E-05 9.9973E-05 9.9973E-05
0.0588443 0.0408063 9.9982E-05 0.541315 0.0485049 0.226589 0.00929802 0.0477705 9.9982E-05 0.026672
0.0466942 0.042513 0.0440025 0.526152 0.010033 0.123588 0.0723172 0.0513264 0.0328738 0.0505
0.0720626 9.9973E-05 0.0617845 0.565294 0.0855007 0.136697 0.0380477 9.9973E-05 9.9973E-05 0.040313
0.110991 0.00855768 0.0482635 0.120202 0.107776 0.352989 0.146974 0.104046 9.9982E-05 9.9982E-05
0.0437305 0.0671584 0.0276097 0.447649 0.05541 0.167192 0.0415144 0.0293374 0.0271298 0.0932688
0.00476402 0.177809 0.0787762 0.440873 0.0248094 0.0686002 0.0725549 0.112129 0.0195836 9.9991E-05
0.0119671 0.335891 0.0425932 9.9982E-05 0.137262 0.0399199 0.164402 0.250256 9.9982E-05 0.0175105
0.0260424 0.134621 9.9991E-05 0.635769 0.012705 0.0750369 0.00390985 0.0426583 0.00522597 0.0639316
9.9991E-05 0.229753 0.02572 0.244064 0.0704072 0.160018 0.104253 0.122879 0.0089951 0.0338115
0.0276161 0.18408 0.0115074 0.495827 0.00707588 9.9991E-05 0.0742679 0.111797 0.0389624 0.0487669
0.0147787 0.404987 0.0825226 0.156759 0.0403376 0.0955047 0.0343604 0.166203 9.9991E-05 0.00444689
0.0275072 0.403085 0.043163 0.00593576 0.0787927 0.126555 0.150682 0.164079 9.9982E-05 9.9982E-05
9.9973E-05 0.248057 0.0600997 0.362223 0.0520418 0.0621694 0.0811527 0.133957 9.9973E-05 9.9973E-05
0.0129459 0.122611 0.0732168 0.401362 0.0514792 0.153223 0.0188476 0.025783 0.0770308 0.0635006
0.0646068 0.115879 0.0306297 0.386538 9.9991E-05 0.150581 0.0445846 0.136642 0.0246075 0.0458316
9.9973E-05 0.164846 9.9973E-05 0.0399979 0.153399 0.259741 0.147036 0.202056 0.0326238 9.9973E-05
0.0381999 0.113609 0.0262022 0.495856 0.0528223 0.100205 0.0367973 0.0481856 0.054033 0.0340901
0.00275549 0.309263 9.9973E-05 0.243241 0.091511 0.156455 0.12854 0.0679352 9.9973E-05 9.9973E-05
0.0531091 0.215571 9.9973E-05 0.399983 0.0958482 0.0544043 0.13535 0.045434 9.9973E-05 9.9973E-05
0.0287857 0.211509 0.00330044 0.534666 9.9991E-05 0.0559079 0.0294323 0.00678864 0.0369029 0.0926064
9.9973E-05 0.133719 0.0122197 0.144244 9.9973E-05 0.0572669 9.9973E-05 0.154389 0.194298 0.303564
9.9955E-05 0.0628397 0.0133887 9.9955E-05 9.9955E-05 9.9955E-05 9.9955E-05 0.526611 0.0734186 0.323242
9.9946E-05 0.107354 9.9946E-05 9.9946E-05 9.9946E-05 9.9946E-05 9.9946E-05 0.502843 0.0875821 0.301622
9.9973E-05 0.120545 0.00821654 0.124424 9.9973E-05 0.0104301 9.9973E-05 0.284127 0.192638 0.259319
0.033763 0.274885 9.9964E-05 0.559369 0.038858 0.0118736 0.080852 9.9964E-05 9.9964E-05 9.9964E-05
0.000788403 0.108855 9.9991E-05 0.596256 0.0699961 0.0440232 0.0563294 0.0126024 0.0376407 0.073408
0.0185718 9.9937E-05 9.9937E-05 0.316797 9.9937E-05 9.9937E-05 9.9937E-05 9.9937E-05 0.663932 9.9937E-05
9.9955E-05 9.9955E-05 0.0105661 0.361211 9.9955E-05 0.158368 9.9955E-05 9.9955E-05 0.448096 0.0212596
0.0333913 0.0190646 0.0397695 0.355961 9.9982E-05 0.0333068 0.0543605 9.9982E-05 0.414768 0.0491787
0.0327206 0.439114 9.9973E-05 0.191747 0.0564849 0.0508708 0.154782 0.0739802 9.9973E-05 9.9973E-05
0.0728053 0.0704317 0.0373726 0.497404 0.0262607 0.0534454 0.0599751 0.0986403 0.045062 0.0386027
9.9955E-05 0.538356 9.9955E-05 0.123376 9.9955E-05 0.153324 0.140197 0.0442459 9.9955E-05 9.9955E-05
9.9991E-05 0.247985 0.0266007 0.504576 0.0270089 0.0634649 0.051902 0.0539552 0.00959815 0.0148093
9.9973E-05 0.308788 0.0128115 0.417027 9.9973E-05 0.0338426 0.174309 0.0295089 0.0234118 9.9973E-05
9.9946E-05 0.377863 9.9946E-05 0.529278 9.9946E-05 9.9946E-05 0.0816294 0.0106296 9.9946E-05 9.9946E-05
9.9973E-05 0.565992 0.0102816 0.0907005 0.0779879 0.0456927 0.12761 0.0814354 9.9973E-05 9.9973E-05
9.9991E-05 0.221897 0.00134109 0.635088 0.0281428 0.00611788 0.0315042 0.00386756 0.0123501 0.059592
0.0368155 0.141375 0.0349687 0.588115 0.033554 9.9982E-05 0.0295286 0.0746335 9.9982E-05 0.0608102
9.9955E-05 9.9955E-05 0.0128146 0.00654658 0.0204352 9.9955E-05 0.00650677 9.9955E-05 0.953197 9.9955E-05
9.9946E-05 9.9946E-05 9.9946E-05 0.0136334 9.9946E-05 0.0551986 0.0203971 9.9946E-05 0.910171 9.9946E-05
9.9964E-05 0.00991124 9.9964E-05 0.257816 0.0678765 0.058737 9.9964E-05 9.9964E-05 0.564075 0.0411845
9.9937E-05 9.9937E-05 0.0362927 0.356278 9.9937E-05 9.9937E-05 9.9937E-05 9.9937E-05 0.60673 9.9937E-05
0.00506222 9.9973E-05 0.00521829 0.0859777 0.00663218 0.0547355 9.9973E-05 9.9973E-05 0.837717 0.00435682
9.99201E-05 9.99201E-05 9.99201E-05 9.99201E-05 9.99201E-05 9.99201E-05 9.99201E-05 9.99201E-05 0.999101 9.99201E-05
0.0336909 9.9937E-05 9.9937E-05 0.0035038 9.9937E-05 9.9937E-05 9.9937E-05 9.9937E-05 0.962106 9.9937E-05
9.9928E-05 9.9928E-05 9.9928E-05 0.153388 9.9928E-05 9.9928E-05 9.9928E-05 9.9928E-05 0.845813 9.9928E-05
0.0126342 9.9946E-05 0.0240939 9.9946E-05 9.9946E-05 0.0285163 9.9946E-05 9.9946E-05 0.934156 9.9946E-05
9.99201E-05 9.99201E-05 9.99201E-05 9.99201E-05 9.99201E-05 9.99201E-05 9.99201E-05 9.99201E-05 0.999101 9.99201E-05
9.99201E-05 9.99201E-05 9.99201E-05 9.99201E-05 9.99201E-05 9.99201E-05 9.99201E-05 9.99201E-05 0.999101 9.99201E-05
9.9955E-05 0.015256 9.9955E-05 0.216391 9.9955E-05 0.0246527 9.9955E-05 9.9955E-05 0.734922 0.00827847
0.0138237 9.9973E-05 0.0216724 0.131737 9.9973E-05 0.0221103 9.9973E-05 0.0295113 0.76641 0.0144349
9.99201E-05 9.99201E-05 9.99201E-05 9.99201E-05 9.99201E-05 9.99201E-05 9.99201E-05 9.99201E-05 0.999101 9.99201E-05
0.0648148 0.0516147 0.0195619 0.304215 0.0535903 0.0139445 9.9991E-05 0.0391322 0.39715 0.055876
0.00488232 9.9982E-05 0.0197172 0.242227 0.0249643 0.0198606 0.0266994 9.9982E-05 0.647656 0.0137933
9.9964E-05 0.0228522 0.00899488 0.161091 0.0103898 9.9964E-05 9.9964E-05 9.9964E-05 0.776708 0.0195643
9.9946E-05 9.9946E-05 9.9946E-05 0.0773691 0.00660845 0.0233894 9.9946E-05 9.9946E-05 0.892033 9.9946E-05
9.99201E-05 9.99201E-05 9.99201E-05 9.99201E-05 9.99201E-05 9.99201E-05 9.99201E-05 9.99201E-05 0.999101 9.99201E-05
0.0107934 9.9946E-05 9.9946E-05 9.9946E-05 9.9946E-05 0.0151509 9.9946E-05 9.9946E-05 0.951312 0.0221443
9.99201E-05 9.99201E-05 9.99201E-05 9.99201E-05 9.99201E-05 9.99201E-05 9.99201E-05 9.99201E-05 0.999101 9.99201E-05
9.9964E-05 0.00373012 0.00617608 0.230133 0.0578924 9.9964E-05 9.9964E-05 9.9964E-05 0.631223 0.0704459
0.00839155 9.9937E-05 9.9937E-05 9.9937E-05 0.0176786 9.9937E-05 9.9937E-05 9.9937E-05 0.97323 9.9937E-05
9.9955E-05 0.495422 9.9955E-05 9.9955E-05 9.9955E-05 9.9955E-05 0.0570393 0.236387 0.00726152 0.20339
9.9991E-05 0.331526 0.0532563 0.284355 0.00128754 0.000737326 0.00729207 0.0360826 0.124079 0.161284
9.9973E-05 0.326897 0.0414646 0.395085 9.9973E-05 9.9973E-05 0.024799 0.0450362 0.0608011 0.105617
0.0315472 0.449623 0.00620643 0.0966468 9.9982E-05 9.9982E-05 0.0120314 0.166084 0.118539 0.119122
9.9991E-05 0.145177 0.012779 0.38708 0.0829125 0.0725577 0.00329814 0.0393549 0.144762 0.11198
9.9964E-05 0.480973 9.9964E-05 0.0473493 9.9964E-05 9.9964E-05 0.0351943 0.148376 0.110856 0.176852
9.9982E-05 0.131311 0.0515218 0.397827 9.9982E-05 0.0355339 0.0882602 0.0914768 0.0778519 0.126017
9.9973E-05 0.436835 0.00200624 0.217778 9.9973E-05 0.00198469 9.9973E-05 0.115586 0.122355 0.103155
0.0014105 0.253304 0.0141976 0.429461 9.9973E-05 9.9973E-05 9.9973E-05 0.0801965 0.104165 0.116966
9.9973E-05 0.33093 9.9973E-05 0.307045 0.0285332 0.0159516 9.9973E-05 0.0662058 0.13852 0.112514
9.9991E-05 0.145655 0.024125 0.387669 0.0550764 0.00539025 0.0569694 0.0757714 0.101823 0.14742
0.00509824 0.0381087 0.0331179 0.0361399 9.9982E-05 9.9982E-05 0.0107222 0.00572395 0.00421646 0.866673
9.9955E-05 9.9955E-05 0.00339638 9.9955E-05 9.9955E-05 9.9955E-05 0.0235298 0.0350877 0.0731429 0.864343
0.00608052 9.9964E-05 0.00930226 0.0102981 9.9964E-05 9.9964E-05 0.0140452 0.0214205 9.9964E-05 0.938454
9.9946E-05 9.9946E-05 9.9946E-05 9.9946E-05 0.000123424 0.014119 9.9946E-05 0.0565093 9.9946E-05 0.928649
9.9955E-05 9.9955E-05 0.00444368 0.0488158 9.9955E-05 0.0584514 9.9955E-05 0.0239553 9.9955E-05 0.863834
9.9946E-05 9.9946E-05 0.0103542 9.9946E-05 9.9946E-05 9.9946E-05 0.00275815 9.9946E-05 0.00955368 0.976734
9.9955E-05 9.9955E-05 0.000845885 0.0659803 9.9955E-05 9.9955E-05 9.9955E-05 0.01871 0.00856981 0.905394
0.00655084 9.9964E-05 0.00822732 9.9964E-05 9.9964E-05 0.0281462 0.0167571 0.022763 9.9964E-05 0.917156
9.9964E-05 0.00707239 9.9964E-05 9.9964E-05 0.0262119 0.0320064 9.9964E-05 0.0257305 0.0373751 0.871204
0.00175476 9.9964E-05 0.0262325 0.00994591 9.9964E-05 9.9964E-05 9.9964E-05 0.102421 0.00313995 0.856106
0.0701464 0.0483496 0.187606 9.9973E-05 0.0744824 0.0320311 9.9973E-05 0.00543828 9.9973E-05 0.581647
0.0963449 9.9964E-05 0.182695 9.9964E-05 0.025039 0.0772449 0.0255891 9.9964E-05 9.9964E-05 0.592687
0.0688254 0.0229879 0.166035 9.9973E-05 0.0625366 0.138837 9.9973E-05 0.0377826 9.9973E-05 0.502695
0.0702578 0.102099 0.17928 9.9973E-05 0.00551597 0.197668 0.00530918 9.9973E-05 9.9973E-05 0.439569
0.0526035 9.9982E-05 0.00564583 0.47575 0.248772 0.126538 9.9982E-05 0.0294633 0.000974415 0.0600529
0.0151904 9.9982E-05 0.0236768 0.473124 0.30321 0.0953359 0.0398061 9.9982E-05 0.0145743 0.0348825
0.0834973 9.9973E-05 0.0372704 0.542407 0.148582 0.115717 0.0336437 9.9973E-05 9.9973E-05 0.038583
0.095671 0.022223 0.00781391 0.321433 0.280033 0.235384 9.9982E-05 0.00685277 9.9982E-05 0.0303891
0.216276 0.00805796 0.0505792 0.11367 0.0268191 0.505524 0.0787742 9.9973E-05 9.9973E-05 9.9973E-05
0.00917853 0.0391484 0.0322794 0.64017 0.164869 0.0315403 0.0432248 9.9982E-05 9.9982E-05 0.03939
0.0674249 9.9964E-05 0.0225622 0.614088 0.252418 0.0377793 0.00532768 9.9964E-05 9.9964E-05 9.9964E-05
9.9964E-05 0.0208383 9.9964E-05 0.528071 0.253942 0.0498204 0.0872226 0.0597062 9.9964E-05 9.9964E-05
9.9955E-05 9.9955E-05 9.9955E-05 0.388982 0.503735 9.9955E-05 0.0777416 0.0268295 0.00221188 9.9955E-05
0.0723265 0.00191783 0.0432598 0.636189 0.139895 0.00249601 0.0244306 0.0377208 9.9991E-05 0.041665
0.036298 9.9964E-05 0.0145984 0.400986 0.519553 0.0218318 9.9964E-05 9.9964E-05 9.9964E-05 0.00633254
0.00284379 9.9946E-05 9.9946E-05 9.9946E-05 0.815322 9.9946E-05 0.179417 0.00181759 9.9946E-05 9.9946E-05
0.058156 9.9982E-05 0.0519335 0.537345 0.164589 0.118223 0.0222175 9.9982E-05 0.0157681 0.0315677
9.9955E-05 0.0118288 9.9955E-05 0.173275 0.639886 9.9955E-05 0.110287 0.0642236 9.9955E-05 9.9955E-05
9.9964E-05 9.9964E-05 0.0216056 0.492335 0.322174 0.0374516 0.0834688 9.9964E-05 9.9964E-05 0.0425657
0.0669894 9.9964E-05 0.00715435 0.120614 0.601768 0.184913 9.9964E-05 9.9964E-05 9.9964E-05 0.0181616
0.0149682 9.9937E-05 0.956453 9.9937E-05 9.9937E-05 9.9937E-05 9.9937E-05 9.9937E-05 9.9937E-05 0.0278796
9.99201E-05 9.99201E-05 0.999101 9.99201E-05 9.99201E-05 9.99201E-05 9.99201E-05 9.99201E-05 9.99201E-05 9.99201E-05
9.99201E-05 9.99201E-05 0.999101 9.99201E-05 9.99201E-05 9.99201E-05 9.99201E-05 9.99201E-05 9.99201E-05 9.99201E-05
0.00174852 9.9946E-05 0.937306 9.9946E-05 9.9946E-05 0.0497337 9.9946E-05 9.9946E-05 9.9946E-05 0.0106117
9.9928E-05 9.9928E-05 0.961625 0.0375755 9.9928E-05 9.9928E-05 9.9928E-05 9.9928E-05 9.9928E-05 9.9928E-05
9.9937E-05 9.9937E-05 0.952466 0.0124514 9.9937E-05 9.9937E-05 9.9937E-05 9.9937E-05 0.0343832 9.9937E-05
9.9955E-05 9.9955E-05 0.0161731 0.0566302 0.0370122 9.9955E-05 9.9955E-05 9.9955E-05 0.0415341 0.848151
0.0174281 9.9964E-05 9.9964E-05 0.101061 9.9964E-05 0.0363786 9.9964E-05 0.0483357 0.0120214 0.784375
0.00141805 9.9982E-05 0.0124284 0.117334 0.0170133 0.00914659 9.9982E-05 0.0590163 0.0368164 0.746627
0.0028443 9.9964E-05 9.9964E-05 9.9964E-05 0.0488836 0.0237783 9.9964E-05 0.00290107 0.0912017 0.829991
0.00884377 0.0159334 9.9964E-05 0.143505 9.9964E-05 9.9964E-05 9.9964E-05 0.0452579 0.0357689 0.750291
0.248106 0.0975438 0.243248 9.9964E-05 0.00766973 0.0224303 9.9964E-05 9.9964E-05 9.9964E-05 0.380603
0.190109 0.0648522 0.294266 9.9955E-05 9.9955E-05 9.9955E-05 0.0339824 9.9955E-05 9.9955E-05 0.41629
0.17274 9.9982E-05 0.332457 0.00384081 9.9982E-05 0.032329 0.0210321 0.0537939 0.0044468 0.37916
0.0307404 9.9964E-05 9.9964E-05 0.1087 0.00115424 0.00195604 0.012535 9.9964E-05 9.9964E-05 0.844515
0.205325 0.0261603 0.281282 9.9973E-05 0.0422713 0.0460809 0.0312386 9.9973E-05 9.9973E-05 0.367341
9.9955E-05 0.0109208 9.9955E-05 0.327529 9.9955E-05 9.9955E-05 9.9955E-05 0.257924 0.222249 0.180878
0.0272777 9.9982E-05 0.0302525 0.522009 0.0434886 9.9982E-05 0.00415681 0.0929141 0.179876 0.0998255
9.9955E-05 9.9955E-05 0.00213808 0.569332 9.9955E-05 9.9955E-05 9.9955E-05 0.0222534 0.184385 0.221392
9.9973E-05 0.125766 0.00573609 0.316514 9.9973E-05 9.9973E-05 0.0170648 0.0833514 0.196101 0.255167
0.0224206 0.0314968 0.00598761 0.53346 9.9991E-05 0.0385889 0.0199521 0.0458069 0.116532 0.185654
9.9964E-05 0.0226667 0.0477639 9.9964E-05 9.9964E-05 9.9964E-05 0.0125545 0.355978 0.249017 0.311619
0.120674 0.0493273 0.0983538 0.407973 0.0392086 0.247768 0.0363953 9.9973E-05 9.9973E-05 9.9973E-05
0.00964525 0.0736926 0.0786942 0.379687 0.0566768 0.211957 0.17222 0.0172278 9.9982E-05 9.9982E-05
0.128018 9.9955E-05 0.0779862 0.191982 9.9955E-05 0.574072 0.0274422 9.9955E-05 9.9955E-05 9.9955E-05
0.0201217 9.9973E-05 0.0367013 0.478893 0.100486 0.157459 0.175325 0.0307135 9.9973E-05 9.9973E-05
0.0783205 0.0652742 0.0502202 9.9973E-05 0.104411 0.225117 0.368092 0.108264 9.9973E-05 9.9973E-05
0.0734395 0.0958068 9.9982E-05 0.567217 0.0221708 0.144796 0.00717832 0.0445757 9.9982E-05 0.0446163
0.0486581 0.0309169 0.0687956 0.511118 0.0235357 0.119403 0.137061 0.0210112 0.0295172 0.00998248
0.170264 0.0385826 0.0256639 0.255493 0.0507805 0.413338 0.0190369 0.00497583 9.9991E-05 0.0217655
0.0458502 0.0271513 0.00856949 0.492519 0.110015 0.171345 0.0285955 9.9991E-05 0.0217978 0.0940565
0.00393075 0.14008 0.00331013 0.0140467 0.145824 0.47641 0.170313 0.0458863 9.9982E-05 9.9982E-05
0.0164482 0.0311009 0.0824237 0.494573 0.0548309 0.158714 0.110378 0.0513316 9.9982E-05 9.9982E-05
0.117624 0.0114581 0.0453211 0.450444 0.0870684 0.231961 0.0274281 0.0284957 9.9982E-05 9.9982E-05
0.0287761 0.0344224 0.0129437 0.408095 0.0225456 0.127575 0.0326702 0.172482 0.0992318 0.0612575
0.0494741 9.9973E-05 0.00965479 0.251191 0.116368 0.303299 0.172811 0.0969026 9.9973E-05 9.9973E-05
0.0571959 0.0766024 0.0152487 0.382996 0.0568214 0.225634 0.131736 0.053566 9.9982E-05 9.9982E-05
0.0503906 0.037488 0.0309144 0.530219 0.0500184 0.167757 0.127421 0.00559223 9.9982E-05 9.9982E-05
0.0634948 9.9973E-05 0.0437021 0.49553 0.106688 0.147503 0.123073 0.0197095 9.9973E-05 9.9973E-05
0.0392327 0.0359862 0.0619054 0.628561 0.0202272 0.0645258 0.0842513 0.0164229 0.0381382 0.010749
0.0737138 0.0867052 0.0134999 0.524879 0.119513 0.0370361 0.0215594 0.029537 0.0335923 0.0599649
0.0162333 9.9982E-05 0.0560624 0.531971 0.0620655 0.16142 0.0337434 0.0378651 9.9982E-05 0.100439
9.9937E-05 9.9937E-05 9.9937E-05 0.114267 9.9937E-05 9.9937E-05 9.9937E-05 9.9937E-05 0.0445566 0.840477
9.9946E-05 9.9946E-05 0.010032 0.113768 9.9946E-05 0.0186781 9.9946E-05 9.9946E-05 9.9946E-05 0.856923
0.0209752 0.00324712 0.0213644 0.0374334 0.0109802 9.9973E-05 9.9973E-05 0.0125894 9.9973E-05 0.89311
9.9937E-05 9.9937E-05 0.0511301 9.9937E-05 9.9937E-05 9.9937E-05 9.9937E-05 9.9937E-05 0.0693179 0.878852
9.9946E-05 9.9946E-05 0.0314257 0.0700791 9.9946E-05 9.9946E-05 9.9946E-05 9.9946E-05 0.0160142 0.881881
0.107501 0.0302326 0.0976336 0.0124942 0.0777613 0.607233 9.9991E-05 0.0246847 0.0312304 0.0111297
0.0529736 9.9991E-05 0.0281733 0.504311 0.0206882 0.134493 0.118505 0.0902164 0.00778068 0.042759
0.0401916 0.0480886 9.9973E-05 0.417329 9.9973E-05 9.9973E-05 0.0689309 0.051882 0.195921 0.177357
0.0599552 9.9982E-05 0.0349755 0.605364 0.0375169 0.183371 0.00258429 9.9982E-05 0.0454852 0.0305484
0.121239 9.9973E-05 0.00630768 0.443379 0.0533962 0.325806 9.9973E-05 0.0300201 0.0195515 9.9973E-05
0.0823583 0.055762 0.0317618 0.218867 0.039367 0.292905 0.166199 0.11258 9.9982E-05 9.9982E-05
0.301046 9.9964E-05 0.0283372 9.9964E-05 0.042053 0.528548 9.9964E-05 0.0384428 9.9964E-05 0.0611728
0.110112 9.9982E-05 0.111951 0.441681 0.0488395 0.197081 0.0077836 0.0263173 9.9982E-05 0.0560351
0.169156 9.9982E-05 0.151392 0.156263 9.9982E-05 0.434406 0.00826772 0.0287938 0.0275125 0.0240082
0.0371726 0.0348394 0.0484543 0.446296 0.0770475 0.208826 0.0676507 0.0534843 0.00745737 0.0187714
0.133969 9.9973E-05 0.116473 0.0539938 9.9973E-05 0.526258 0.0859708 0.00605845 9.9973E-05 0.0769769
0.139786 9.9973E-05 0.0118946 0.575619 9.9973E-05 0.160593 9.9973E-05 0.0207075 0.0365187 0.0545818
0.122275 0.0194054 0.0726743 0.0441452 0.0614335 0.571786 0.020724 0.0391092 0.0169611 0.0314868
0.056236 0.0552305 0.041369 0.179637 0.0796451 0.328826 0.12525 0.064945 0.0687616 9.9991E-05
0.0103662 0.193575 0.0605404 0.479462 0.0589921 0.0551872 0.0414068 0.0726066 9.9991E-05 0.0277642
0.0143751 0.553833 0.0209896 0.196644 0.0226481 0.0721468 0.119064 9.9973E-05 9.9973E-05 9.9973E-05
0.00907291 0.35142 0.0255822 0.479668 0.0458577 9.9982E-05 0.0402806 0.0348946 9.9982E-05 0.013024
9.9982E-05 0.12645 0.0366068 0.506569 9.9982E-05 0.138701 0.0700138 0.00975325 0.00278158 0.108924
9.9973E-05 0.559394 0.00774358 0.142402 0.0858911 0.0884795 0.064609 0.0511809 9.9973E-05 9.9973E-05
0.0396116 0.0787834 0.0124084 0.504957 0.0564768 0.0702148 0.0491325 0.0786216 0.0417958 0.0679985
0.0218053 0.248792 0.0708095 0.454774 0.049264 9.9982E-05 0.116676 0.0326288 9.9982E-05 0.00505053
0.00800835 0.559578 0.00173621 0.0241911 0.0975868 0.0395843 0.21619 0.0529254 9.9982E-05 9.9982E-05
9.9964E-05 0.736799 0.0416179 0.073725 0.0444868 9.9964E-05 0.0611579 0.0418134 9.9964E-05 9.9964E-05
0.0112346 0.432453 0.0394079 0.358785 0.00777025 0.0881473 0.0600449 9.9982E-05 9.9982E-05 0.00195696
0.0267513 0.651958 0.0465736 9.9964E-05 0.157541 9.9964E-05 0.115132 0.00164353 9.9964E-05 9.9964E-05
0.0143137 0.454588 0.0506014 0.338028 0.0110163 0.0831261 0.048026 9.9973E-05 9.9973E-05 9.9973E-05
0.193191 9.9982E-05 0.0622451 0.0945796 0.0150491 0.604648 0.0186019 9.9982E-05 0.00243177 0.00905364
0.134505 9.9973E-05 9.9973E-05 0.131191 0.0319506 0.35197 0.241344 0.0709902 0.0377494 9.9973E-05
0.178991 9.9973E-05 0.0683451 0.351861 9.9973E-05 0.293045 0.0248623 9.9973E-05 0.0734138 0.00918179
0.113028 9.9964E-05 9.9964E-05 0.53432 0.0882421 0.171064 9.9964E-05 9.9964E-05 0.0228064 0.0701396
0.222804 9.9955E-05 0.0463056 0.164062 0.103495 0.462833 9.9955E-05 9.9955E-05 9.9955E-05 9.9955E-05
0.0462355 0.0612731 0.0103536 0.510659 0.0445315 0.172804 0.0406309 0.10983 9.9991E-05 0.00358197
0.107138 9.9991E-05 0.0393275 0.574003 0.0308352 0.192211 0.0303586 0.00778744 0.00148338 0.0167565
0.122061 9.9991E-05 0.0432263 0.48733 0.0810941 0.112395 0.081687 0.0410109 0.0302348 0.000860865
0.0854305 9.9982E-05 0.0477601 0.464046 0.0575733 0.220141 0.0549534 0.0372491 0.0326473 9.9982E-05
0.174425 9.9973E-05 0.051524 0.46713 9.9973E-05 0.26449 0.00873482 0.016891 0.0165051 9.9973E-05
0.243174 9.9973E-05 0.039348 0.234627 0.0453449 0.411168 0.0194411 0.00659703 9.9973E-05 9.9973E-05
0.208768 9.9982E-05 0.0289693 0.392851 0.00202926 0.318302 0.0409015 0.00223051 0.00574752 9.9982E-05
0.0756821 9.9973E-05 0.0377141 0.584823 0.0579409 0.123812 0.0497319 0.0699956 9.9973E-05 9.9973E-05
0.0094067 0.0173937 0.0393096 0.593848 0.049346 0.135755 0.0352582 0.119483 9.9982E-05 9.9982E-05
0.0344234 9.9982E-05 0.0704529 0.335882 0.0782954 0.23851 0.0614834 0.154805 0.0259473 9.9982E-05
0.0868491 9.9982E-05 0.0517455 0.467982 0.0815911 0.171462 0.0742085 0.0333728 0.0325893 9.9982E-05
0.201574 9.9991E-05 0.0392676 0.3503 0.0446462 0.317384 0.00894935 0.00724878 0.023255 0.00727469
0.106214 9.9973E-05 0.0273717 0.5113 0.0171928 0.224092 0.0337974 0.0797318 9.9973E-05 9.9973E-05
0.0613189 9.9991E-05 0.0760298 0.421305 0.0258406 0.287234 0.030279 0.0158086 0.0701467 0.0119372
0.0311267 0.0139044 0.0397071 0.515493 0.0412469 0.151901 0.064717 0.0562401 0.0361347 0.0495292
9.9964E-05 0.0257418 9.9964E-05 0.408241 9.9964E-05 0.0999356 9.9964E-05 0.0598245 0.097 0.308857
0.00652535 0.00558342 0.001323 0.575688 0.00726897 0.109096 0.0250888 0.142156 0.078906 0.0483641
0.0258812 0.0455224 9.9991E-05 0.421201 0.0348384 0.0898092 0.0402991 0.0502881 0.12734 0.16472
0.0504227 0.024686 0.0168844 0.563588 0.0155934 0.011763 0.0600255 0.088845 0.0773125 0.0908796
0.00631752 9.9991E-05 0.0142291 0.476023 0.0312535 0.0325356 0.00510447 0.167122 0.134253 0.133062
0.0223283 0.0928431 0.0775986 0.446067 0.0354737 0.208524 0.116865 9.9973E-05 9.9973E-05 9.9973E-05
0.00270197 0.0563491 0.0168254 0.530893 0.0180189 0.0732693 9.9991E-05 0.0969722 0.0993931 0.105477
9.9973E-05 0.136854 9.9973E-05 9.9973E-05 0.0337872 0.21708 0.0754857 0.265708 0.141586 0.129198
0.00508127 0.039096 0.0346152 0.597046 9.9982E-05 0.0882215 9.9982E-05 0.133994 0.048426 0.0533194
9.9982E-05 9.9982E-05 0.0127966 0.500594 0.0326041 0.0545335 0.0224617 0.130315 0.134127 0.112367
9.9991E-05 0.0400926 0.0233197 0.508093 0.0447537 0.028161 0.0616855 0.068944 0.15537 0.069481
9.9982E-05 0.0525549 9.9982E-05 0.286265 0.038613 0.139308 0.0885259 0.176005 0.0683202 0.150208
0.00919737 0.0181653 0.0167562 0.526857 9.9982E-05 0.0263085 9.9982E-05 0.142638 0.119987 0.139891
0.0484888 9.9973E-05 9.9973E-05 0.544591 9.9973E-05 0.0218752 0.0712644 0.0900861 0.133787 0.0896071
9.9964E-05 0.00367334 9.9964E-05 9.9964E-05 0.0193268 9.9964E-05 0.0181527 0.564274 0.0646316 0.329542
0.0050567 0.0305056 0.0279025 0.471796 0.0436515 0.0739371 9.9991E-05 0.0485251 0.143952 0.154574
9.9982E-05 0.0440332 0.0295871 0.508414 9.9982E-05 0.0223766 0.0262133 0.100815 0.14217 0.126191
9.9982E-05 9.9982E-05 0.0175085 0.553024 0.0344002 0.124167 0.0514614 0.128867 0.0484621 0.0419099
9.9964E-05 0.0403406 9.9964E-05 0.541185 9.9964E-05 9.9964E-05 0.0201305 0.134983 0.152982 0.10998
0.0122408 0.111928 9.9982E-05 0.47021 0.0125763 0.0835447 9.9982E-05 0.0116988 0.107612 0.189989
0.0046234 9.9973E-05 0.0324669 0.405965 0.0606996 9.9973E-05 0.428875 9.9973E-05 0.0111617 0.0559084
0.0162053 0.0674416 9.9982E-05 0.510348 0.068306 0.0261186 0.217912 9.9982E-05 0.045545 0.0479236
0.0182108 9.9946E-05 9.9946E-05 9.9946E-05 0.030578 0.0503795 0.900232 9.9946E-05 9.9946E-05 9.9946E-05
9.99369E-05 9.99369E-05 9.99369E-05 9.99369E-05 9.99369E-05 0.0387903 0.945094 9.99369E-05 9.99369E-05 0.0154164
0.00125661 0.0391451 9.9991E-05 0.479012 0.00131462 0.0437281 0.328423 0.000814007 0.0106381 0.0955686
9.9964E-05 9.9964E-05 0.0146367 0.34713 9.9964E-05 9.9964E-05 0.134346 0.142946 0.279784 0.080757
9.9955E-05 9.9955E-05 9.9955E-05 0.351129 9.9955E-05 9.9955E-05 0.193534 0.115545 0.221948 0.117345
9.9964E-05 0.000518436 9.9964E-05 0.176807 9.9964E-05 9.9964E-05 0.287959 0.141137 0.268605 0.124573
9.9955E-05 9.9955E-05 9.9955E-05 0.348887 9.9955E-05 9.9955E-05 0.20332 0.122472 0.220711 0.104111
9.9964E-05 0.0199081 9.9964E-05 0.040429 9.9964E-05 9.9964E-05 0.70329 0.11367 0.0460338 0.0762692
9.9964E-05 9.9964E-05 0.0170096 0.0950839 9.9964E-05 9.9964E-05 0.661817 0.118663 0.0659521 0.0410742
9.9964E-05 9.9964E-05 9.9964E-05 0.538984 0.00738341 0.038571 0.336585 9.9964E-05 0.0529536 0.0251239
9.9946E-05 9.9946E-05 9.9946E-05 0.363779 9.9946E-05 9.9946E-05 0.473349 9.9946E-05 0.110642 0.0516302
9.9964E-05 9.9964E-05 0.000237838 0.192071 9.9964E-05 9.9964E-05 0.687486 0.0155936 0.0454059 0.0588055
0.0145015 0.0397773 0.00491472 0.515443 9.9991E-05 0.0327483 0.27376 0.000582334 0.0499678 0.0682055
0.024489 9.9964E-05 0.0312955 0.577 9.9964E-05 9.9964E-05 0.31503 9.9964E-05 0.0337739 0.0180126
9.9964E-05 0.0198005 9.9964E-05 0.464186 0.0678639 9.9964E-05 0.291047 9.9964E-05 0.0568984 0.0998049
0.0201909 9.9937E-05 9.9937E-05 0.323522 9.9937E-05 9.9937E-05 0.655587 9.9937E-05 9.9937E-05 9.9937E-05
9.9955E-05 0.0206074 9.9955E-05 0.358865 9.9955E-05 0.0751289 0.503807 9.9955E-05 9.9955E-05 0.041092
0.0129166 0.0338819 0.0174006 0.508445 9.9982E-05 0.0439548 0.315679 9.9982E-05 0.00270035 0.0648213
0.040733 0.064641 0.0825988 0.405528 0.00415156 0.0118369 0.330381 9.9991E-05 0.028464 0.0315663
0.0232224 0.0549913 0.00882637 0.467485 0.0384814 9.9982E-05 0.27466 9.9982E-05 0.0435537 0.0885805
9.9973E-05 0.0303464 0.00885649 0.403573 0.0413577 0.0769163 0.438384 0.000265504 9.9973E-05 9.9973E-05
9.9955E-05 9.9955E-05 0.025716 0.138602 9.9955E-05 0.043001 0.791263 9.9955E-05 9.9955E-05 0.000917804
9.9937E-05 9.9937E-05 9.9937E-05 0.600625 9.9937E-05 9.9937E-05 0.377534 9.9937E-05 9.9937E-05 0.021142
0.0401138 9.9955E-05 0.00582332 0.159639 9.9955E-05 0.0384497 0.755475 9.9955E-05 9.9955E-05 9.9955E-05
9.9955E-05 9.9955E-05 0.0350367 0.405792 0.030021 9.9955E-05 0.50292 9.9955E-05 9.9955E-05 0.0257301
9.9973E-05 0.00164612 0.0524524 0.469372 0.0834223 9.9973E-05 0.289109 9.9973E-05 0.0100358 0.0936623
9.9964E-05 9.9964E-05 0.0447122 0.486967 0.0234637 9.9964E-05 0.329806 9.9964E-05 0.000979671 0.113671
9.9991E-05 0.0474494 0.0119103 0.44076 0.00803859 0.102266 0.106308 0.00651302 0.148444 0.128211
0.0484771 0.0642331 0.0195189 0.409434 0.0263322 9.9991E-05 0.116337 0.0857888 0.129881 0.0998976
9.99666E-05 0.0375752 9.99666E-05 0.335041 9.99666E-05 9.99666E-05 0.109056 0.141388 0.223303 0.153236
9.9982E-05 0.0874277 0.0482383 0.244088 9.9982E-05 0.0605189 0.0854261 0.0851597 0.242084 0.146857
0.0354057 0.0907002 0.0362001 0.447696 0.0804131 9.9982E-05 9.9982E-05 0.0388907 0.126085 0.14441
9.9982E-05 0.0199944 0.0409398 0.440192 0.0433419 9.9982E-05 0.153712 0.108631 0.100473 0.0925163
9.9946E-05 9.9946E-05 9.9946E-05 9.9946E-05 9.9946E-05 9.9946E-05 0.667697 0.0896092 0.0780616 0.164032
9.9955E-05 0.0342654 9.9955E-05 0.526715 9.9955E-05 9.9955E-05 0.168283 9.9955E-05 0.181842 0.0883948
9.9946E-05 9.9946E-05 9.9946E-05 9.9946E-05 9.9946E-05 9.9946E-05 0.404187 0.26698 0.0645716 0.263662
9.9955E-05 9.9955E-05 9.9955E-05 0.503875 9.9955E-05 9.9955E-05 0.301122 0.0287033 0.114733 0.0510669
9.9928E-05 9.9928E-05 9.9928E-05 0.0904867 9.9928E-05 9.9928E-05 0.908714 9.9928E-05 9.9928E-05 9.9928E-05
9.9928E-05 9.9928E-05 9.9928E-05 9.9928E-05 0.0476921 9.9928E-05 0.951508 9.9928E-05 9.9928E-05 9.9928E-05
