0.00513184 9.9964E-05 0.00278431 0.0989552 0.0352877 9.9964E-05 0.796336 0.061105 9.9964E-05 9.9964E-05
9.9946E-05 0.0243447 9.9946E-05 0.067569 0.0254037 9.9946E-05 0.882083 9.9946E-05 9.9946E-05 9.9946E-05
9.9973E-05 0.0643026 0.0458969 0.0194868 0.0149149 9.9973E-05 0.824234 0.0154193 9.9973E-05 0.0154456
0.00744107 0.0246058 0.125619 0.0503689 0.0434944 9.9964E-05 0.748071 9.9964E-05 9.9964E-05 9.9964E-05
9.99518E-05 9.99518E-05 0.0479413 0.0612868 9.99518E-05 0.00364326 0.886529 9.99518E-05 9.99518E-05 9.99518E-05
9.9937E-05 9.9937E-05 0.0493248 0.932971 9.9937E-05 9.9937E-05 9.9937E-05 9.9937E-05 9.9937E-05 0.0170047
9.99201E-05 9.99201E-05 9.99201E-05 0.999101 9.99201E-05 9.99201E-05 9.99201E-05 9.99201E-05 9.99201E-05 9.99201E-05
9.99201E-05 9.99201E-05 9.99201E-05 0.999101 9.99201E-05 9.99201E-05 9.99201E-05 9.99201E-05 9.99201E-05 9.99201E-05
0.134248 0.0352854 9.99549E-05 0.139116 0.0109965 9.99549E-05 0.679855 9.99549E-05 9.99549E-05 9.99549E-05
9.9937E-05 9.9937E-05 0.00369104 0.944758 9.9937E-05 9.9937E-05 0.050851 9.9937E-05 9.9937E-05 9.9937E-05
9.9937E-05 9.9937E-05 0.0354923 0.886302 9.9937E-05 9.9937E-05 0.0775062 9.9937E-05 9.9937E-05 9.9937E-05
0.439647 0.0595166 0.254474 9.9973E-05 9.9973E-05 0.0586483 0.0185368 0.0168094 9.9973E-05 0.152068
0.2071 0.0273922 0.540195 0.0175775 0.017034 9.9991E-05 0.0311716 0.0335383 0.0247419 0.10115
0.447267 0.128158 0.32752 9.9946E-05 9.9946E-05 9.9946E-05 9.9946E-05 9.9946E-05 9.9946E-05 0.0964553
0.383739 0.166587 0.335762 9.9964E-05 0.00957024 9.9964E-05 9.9964E-05 0.0607266 9.9964E-05 0.0432154
0.276563 0.124975 0.506605 0.0606476 9.9955E-05 9.9955E-05 9.9955E-05 0.0307095 9.9955E-05 9.9955E-05
0.170292 0.100566 0.614901 0.00173623 0.0287207 0.007154 9.9991E-05 0.0215523 0.0324589 0.0225188
0.252304 0.0676974 0.467116 9.9973E-05 0.0262448 0.0746746 9.9973E-05 9.9973E-05 0.0243728 0.0872904
0.375846 0.185635 0.341282 0.0280792 0.0117297 0.000962568 0.0357003 9.9982E-05 9.9982E-05 0.0205655
0.660162 0.042313 0.042583 0.00935385 9.9973E-05 0.140436 0.00554538 9.9973E-05 9.9973E-05 0.099307
0.252247 0.0520373 0.431758 0.0387648 0.0115371 0.0523375 9.9982E-05 0.0159366 9.9982E-05 0.145182
0.124543 0.135344 0.447445 0.0168614 0.000963714 0.121011 9.9991E-05 0.0171127 0.0642462 0.0723721
0.201384 0.0551636 0.562935 0.0057755 0.0334503 0.0221125 9.9982E-05 0.0275861 9.9982E-05 0.0913938
0.399797 0.0835776 0.246888 0.049347 0.0125132 0.0808081 9.9982E-05 0.0240977 9.9982E-05 0.102771
0.0910514 0.0345098 0.627477 0.0258907 0.0254624 0.0129314 0.0709465 0.0233892 0.0468537 0.0414878
0.271462 0.0568637 0.562073 0.0272809 0.0104337 0.0220712 9.9973E-05 9.9973E-05 9.9973E-05 0.0495156
0.443688 0.0485181 0.259979 0.0114606 9.9973E-05 0.0316679 0.0629199 9.9973E-05 9.9973E-05 0.141467
0.397539 0.133509 0.313873 9.9973E-05 0.00790887 9.9973E-05 0.0128855 0.0348791 9.9973E-05 0.0991048
0.426475 0.0381973 0.236742 0.025078 9.9964E-05 0.138495 9.9964E-05 9.9964E-05 9.9964E-05 0.134613
9.99201E-05 9.99201E-05 9.99201E-05 9.99201E-05 0.999101 9.99201E-05 9.99201E-05 9.99201E-05 9.99201E-05 9.99201E-05
9.99201E-05 9.99201E-05 9.99201E-05 9.99201E-05 0.999101 9.99201E-05 9.99201E-05 9.99201E-05 9.99201E-05 9.99201E-05
9.9964E-05 0.0167732 0.0393402 0.0828123 0.388774 9.9964E-05 0.404776 0.0671243 9.9964E-05 9.9964E-05
9.9964E-05 0.0409905 0.0942548 0.0256089 0.304156 9.9964E-05 0.460049 0.0745416 9.9964E-05 9.9964E-05
0.0781269 9.9964E-05 0.459648 9.9964E-05 0.0142929 0.155284 0.0645229 9.9964E-05 9.9964E-05 0.227726
0.0732688 0.051085 0.528534 0.0174336 9.9973E-05 9.9973E-05 0.0929772 0.00685231 9.9973E-05 0.229549
0.0191957 9.9973E-05 0.538254 0.0187462 9.9973E-05 0.00629645 0.0022726 0.0150834 9.9973E-05 0.399852
0.614221 0.0144058 0.203496 0.0156122 9.9973E-05 9.9973E-05 0.0236545 9.9973E-05 0.0477089 0.0806017
9.9964E-05 0.0308073 0.247134 9.9964E-05 0.0110684 0.101662 9.9964E-05 9.9964E-05 0.0311198 0.577809
0.118326 0.00338386 0.513707 9.9973E-05 0.0125244 9.9973E-05 0.0527446 0.0544075 9.9973E-05 0.244606
9.9955E-05 9.9955E-05 0.648633 9.9955E-05 9.9955E-05 0.0855087 0.0374258 9.9955E-05 0.00994986 0.217982
9.9973E-05 9.9973E-05 0.472851 0.0740439 0.0357251 0.374836 0.0162331 0.00548972 9.9973E-05 0.0205208
0.0451034 9.9982E-05 0.591543 0.0313553 0.0281959 0.194129 0.0515871 9.9982E-05 0.0109448 0.0469415
0.140885 9.9955E-05 0.145572 0.000264008 9.9955E-05 9.9955E-05 0.0398342 9.9955E-05 9.9955E-05 0.672945
9.9982E-05 0.0320183 0.573062 0.0366566 0.000748064 0.305387 0.0255698 0.0257395 0.000618852 9.9982E-05
0.0402865 0.0135891 0.57862 0.0478946 9.9991E-05 0.0304926 0.0120275 0.02123 0.0591282 0.196631
0.0069825 0.0607214 0.577474 9.9982E-05 0.0127602 9.9982E-05 0.120772 0.00673129 0.050867 0.163492
9.9955E-05 0.0393896 0.327223 9.9955E-05 9.9955E-05 0.00498324 9.9955E-05 9.9955E-05 0.0531958 0.574709
0.00116701 0.00170513 0.592647 0.0178966 0.0109941 9.9982E-05 0.112427 9.9982E-05 0.0024409 0.260522
0.0218384 0.0113624 0.500731 9.9982E-05 0.0191617 0.0487942 0.123553 0.0380061 9.9982E-05 0.236353
0.0093263 0.131209 9.9955E-05 9.9955E-05 9.9955E-05 0.0938618 9.9955E-05 9.9955E-05 0.0889889 0.676115
0.591412 9.9955E-05 0.179705 9.9955E-05 9.9955E-05 0.0722738 9.9955E-05 9.9955E-05 0.0643714 0.091738
0.24558 0.135073 0.147879 9.9973E-05 9.9973E-05 0.159585 9.9973E-05 0.00559368 0.12932 0.17667
0.180784 0.115008 0.578736 9.9982E-05 0.00373606 9.9982E-05 0.0100147 0.0205956 0.0600927 0.0308323
0.0867071 0.0322395 0.578117 9.9982E-05 9.9982E-05 0.036209 0.121239 0.0132972 0.0854548 0.0465358
0.103944 0.0342983 0.578653 0.011665 0.00850879 0.0546135 0.0666561 0.0501034 0.046547 0.0450112
0.466263 0.052069 0.219187 0.0509811 0.000476347 0.000696678 0.0787131 9.9982E-05 9.9982E-05 0.131414
0.251355 0.0421029 0.579252 9.9973E-05 0.0175408 0.00220529 9.9973E-05 9.9973E-05 0.0204288 0.086816
0.187698 0.0529366 0.537323 0.00442478 0.0374334 0.0262979 0.024132 0.0482511 0.022311 0.0591916
0.233885 0.00352216 0.409405 0.0585136 0.01607 0.0655774 0.0455533 9.9991E-05 0.0668353 0.100538
0.447824 0.0133977 0.118217 9.9982E-05 0.0022457 0.101139 0.14849 0.0235618 9.9982E-05 0.144924
0.13961 0.0649743 0.584769 9.9982E-05 0.0108035 0.014093 0.0674155 9.9982E-05 0.0837313 0.0344025
0.232426 0.0210686 0.477931 0.0383011 0.0219396 9.9991E-05 0.0386602 0.0189273 0.104587 0.0460598
0.526821 0.0485883 0.0819538 0.0517105 0.0475895 0.0799093 9.9982E-05 9.9982E-05 0.0259007 0.137327
0.330659 0.029104 0.435842 9.9955E-05 9.9955E-05 9.9955E-05 9.9955E-05 9.9955E-05 0.0653951 0.1385
0.0968362 0.0340076 0.578683 9.9982E-05 9.9982E-05 0.0310323 0.0324838 0.044901 0.136504 0.0453517
0.136353 0.0564639 0.617073 0.0218782 0.0231755 0.0408615 0.0167879 9.9991E-05 0.0340586 0.0532487
0.356552 0.0457948 0.26008 9.9982E-05 0.0408789 0.0464267 0.0217647 0.044465 9.9982E-05 0.183838
0.24646 0.0111081 0.47475 0.035935 0.0327362 0.0141806 9.9991E-05 0.0384354 0.0176681 0.128627
0.184112 0.0291486 0.533691 0.0301469 0.00302539 0.0638388 0.0129224 0.0323246 0.078188 0.0326021
0.472175 0.0807442 0.23993 9.9973E-05 0.0333056 0.0547444 9.9973E-05 9.9973E-05 0.00455597 0.114245
0.00245946 9.9955E-05 0.461073 0.0227441 0.01623 9.9955E-05 9.9955E-05 9.9955E-05 9.9955E-05 0.496993
0.0605148 9.9964E-05 0.206588 0.0096176 0.0214121 9.9964E-05 9.9964E-05 0.00200105 9.9964E-05 0.699467
0.0230181 0.0546178 0.544333 0.0588137 0.0224001 9.9973E-05 0.0141904 9.9973E-05 9.9973E-05 0.282327
9.9946E-05 0.0338341 9.9946E-05 9.9946E-05 9.9946E-05 0.0395354 9.9946E-05 9.9946E-05 0.0761133 0.849918
9.9946E-05 0.0010041 9.9946E-05 9.9946E-05 9.9946E-05 0.0533201 9.9946E-05 9.9946E-05 0.106644 0.838432
9.9937E-05 9.9937E-05 0.230993 9.9937E-05 9.9937E-05 9.9937E-05 9.9937E-05 9.9937E-05 0.068469 0.699839
0.0668528 9.9946E-05 0.474007 9.9946E-05 0.0152244 9.9946E-05 9.9946E-05 9.9946E-05 9.9946E-05 0.443317
0.0942476 0.0716926 0.586749 0.0379605 0.00534042 9.9991E-05 0.0376204 0.00137521 0.0218175 0.143096
9.9973E-05 9.9973E-05 0.466904 0.00447504 0.0107653 0.00765012 9.9973E-05 0.0198379 0.0197586 0.470309
0.120891 9.9946E-05 0.162509 9.9946E-05 9.9946E-05 9.9946E-05 0.046866 9.9946E-05 9.9946E-05 0.669134
0.154388 9.9973E-05 0.247779 0.0178622 0.0230554 0.00034411 0.00719794 9.9973E-05 9.9973E-05 0.549074
0.0192179 9.9973E-05 0.521492 9.9973E-05 0.0389132 0.0239551 0.066832 0.0267379 9.9973E-05 0.302551
0.0401919 9.9964E-05 0.331826 0.0355683 0.00289735 9.9964E-05 0.0111662 9.9964E-05 9.9964E-05 0.57795
0.0608746 9.9955E-05 0.415347 9.9955E-05 0.0492999 9.9955E-05 0.00917822 9.9955E-05 9.9955E-05 0.464801
9.9955E-05 0.0280407 0.452291 9.9955E-05 0.00863058 9.9955E-05 9.9955E-05 9.9955E-05 0.0428677 0.467671
9.9946E-05 0.121796 9.9946E-05 9.9946E-05 9.9946E-05 0.0395087 9.9946E-05 9.9946E-05 0.130869 0.707227
9.9982E-05 0.00458264 0.600335 9.9982E-05 0.0188529 0.0430236 0.0155173 0.0306359 0.0130163 0.273837
0.0701582 0.00095215 0.0847789 0.0178239 0.0596545 9.9964E-05 0.766232 9.9964E-05 9.9964E-05 9.9964E-05
9.9955E-05 0.00677889 0.0688724 0.0133586 0.0719417 9.9955E-05 0.838549 9.9955E-05 9.9955E-05 9.9955E-05
9.9946E-05 9.9946E-05 0.106078 9.9946E-05 0.0345636 9.9946E-05 0.815998 0.0427608 9.9946E-05 9.9946E-05
9.9955E-05 0.0134416 0.0318189 9.9955E-05 0.0374798 9.9955E-05 0.879068 0.037692 9.9955E-05 9.9955E-05
9.9955E-05 0.00501282 9.9955E-05 9.9955E-05 0.0425467 9.9955E-05 0.907132 0.0367399 0.0080691 9.9955E-05
9.9955E-05 9.9955E-05 0.0710239 9.9955E-05 0.0163117 9.9955E-05 0.869538 0.0291771 0.0134497 9.9955E-05
9.9946E-05 9.9946E-05 0.072639 0.034225 0.0207812 9.9946E-05 0.871755 9.9946E-05 9.9946E-05 9.9946E-05
0.0611337 0.0280279 0.510805 9.9982E-05 0.0135631 9.9982E-05 0.0629967 0.0601219 0.0430244 0.220127
0.0649838 9.9991E-05 0.502405 0.0186025 0.0521126 0.0685317 0.0221604 0.0647038 0.0536464 0.152753
0.153272 9.9964E-05 0.0263643 9.9964E-05 0.013616 9.9964E-05 0.0574078 9.9964E-05 0.0340651 0.714875
0.00774195 9.9982E-05 0.63381 0.0283589 0.00837941 0.0391016 0.0771498 9.9982E-05 0.0357089 0.169549
0.0772581 9.9964E-05 0.372664 0.0186486 0.0211815 9.9964E-05 0.0349853 9.9964E-05 9.9964E-05 0.474863
0.0401893 9.9964E-05 0.538933 9.9964E-05 0.0427257 0.0110268 0.0434942 9.9964E-05 9.9964E-05 0.323231
9.9973E-05 9.9973E-05 0.526159 0.00139166 0.0250618 0.121303 0.0353762 9.9973E-05 0.0866271 0.203781
0.0097836 9.9982E-05 0.475221 0.0122599 0.00931532 9.9982E-05 0.0322734 0.04884 0.0418346 0.370273
0.241199 9.9946E-05 9.9946E-05 0.0527607 9.9946E-05 9.9946E-05 0.00357732 9.9946E-05 9.9946E-05 0.701863
0.111531 9.9973E-05 0.479854 9.9973E-05 0.0211595 0.110478 0.0688906 0.0321621 9.9973E-05 0.175624
9.99627E-05 0.0311081 0.65319 9.99627E-05 9.99627E-05 0.0362076 0.0898373 9.99627E-05 9.99627E-05 0.189157
0.0342534 0.0395065 0.529504 9.9991E-05 0.0286681 0.0476617 0.103695 0.0307733 0.035118 0.15072
0.0141408 0.0927852 0.245849 9.9982E-05 0.00687264 0.0616313 9.9982E-05 0.0044818 0.0473353 0.526704
9.9946E-05 9.9946E-05 0.470382 0.0431325 9.9946E-05 9.9946E-05 9.9946E-05 9.9946E-05 0.112462 0.373424
0.141585 9.9955E-05 0.478451 0.0018438 9.9955E-05 9.9955E-05 0.00769697 9.9955E-05 9.9955E-05 0.369923
9.9964E-05 9.9964E-05 0.364781 9.9964E-05 0.0016611 0.0339507 9.9964E-05 0.0161294 0.0815519 0.501526
0.116661 9.9973E-05 0.434551 0.0195679 9.9973E-05 0.0219765 0.0371133 9.9973E-05 0.00467049 0.365159
0.0411 9.9991E-05 0.531493 0.0239287 0.00239414 0.0210232 0.0939563 0.0346315 0.0591097 0.192263
0.346121 0.150128 0.301866 9.9964E-05 0.00213921 9.9964E-05 9.9964E-05 9.9964E-05 0.168379 0.0309665
0.365741 0.0141935 0.389517 9.9973E-05 0.0147161 0.104874 0.0854448 9.9973E-05 9.9973E-05 0.0252141
0.170175 0.0736647 0.57618 0.00202858 0.0072106 9.9982E-05 0.0999181 0.0108328 0.0597904 9.9982E-05
0.135684 0.0480945 0.563747 0.0283994 0.00857518 0.0314836 0.0800851 0.0185424 0.0372982 0.0480911
0.369448 9.9982E-05 0.513305 0.00513753 0.0130989 0.0303676 0.0355282 9.9982E-05 0.0226908 0.0102243
0.197795 0.0509459 0.615109 9.9973E-05 9.9973E-05 0.078285 0.0504352 9.9973E-05 0.00310535 0.00402507
0.416767 0.037023 0.482101 9.9955E-05 9.9955E-05 9.9955E-05 0.0419894 9.9955E-05 0.0216204 9.9955E-05
0.167985 0.114394 0.556725 0.00399978 0.0195975 0.0470209 9.9982E-05 9.9982E-05 0.0529214 0.0371574
0.187157 0.0199641 0.652137 9.9973E-05 0.013197 9.9973E-05 0.0727753 9.9973E-05 0.0161248 0.0383447
0.285189 9.9964E-05 0.541529 9.9964E-05 0.0175939 0.0760016 0.0429696 9.9964E-05 0.0363165 9.9964E-05
0.290861 9.9973E-05 0.556784 9.9973E-05 0.00838961 0.0713346 0.020027 9.9973E-05 0.0376466 0.0146572
0.174846 0.00999791 0.612962 0.011163 9.9982E-05 0.0578486 0.0104834 0.0176285 0.104871 9.9982E-05
0.0953961 0.052208 0.639778 0.000200982 9.9982E-05 0.0371115 0.0832673 9.9982E-05 0.0416425 0.0501956
0.18285 0.0761205 0.606745 9.9973E-05 9.9973E-05 0.0114213 9.9973E-05 0.0126136 0.0933977 0.0165519
0.14254 0.134127 0.557338 9.9982E-05 0.0101991 0.06169 0.0720963 0.0138374 0.00797225 9.9982E-05
0.186322 9.9973E-05 0.568179 9.9973E-05 9.9973E-05 0.014018 0.0338274 0.0605623 0.100071 0.0367211
0.293516 0.1348 0.315801 9.9982E-05 0.0129991 0.0978493 0.0100392 0.0327353 0.10206 9.9982E-05
0.145952 0.0505306 0.628393 9.9982E-05 0.00424677 9.9982E-05 0.0423851 0.0193612 0.065722 0.0432091
0.144451 0.0440865 0.631113 0.044492 9.9973E-05 0.0372337 9.9973E-05 0.0194031 0.0789209 9.9973E-05
0.533332 0.0140962 0.213087 0.0603567 9.9973E-05 9.9973E-05 9.9973E-05 0.00658804 0.0596166 0.112624
0.295272 0.155696 0.164702 9.9964E-05 9.9964E-05 0.0488793 9.9964E-05 9.9964E-05 0.234553 0.100498
0.231922 0.0317809 0.502901 0.00857172 9.9991E-05 0.056845 0.0310421 0.0329871 0.0259684 0.0778827
0.326639 0.131544 0.0734475 9.9964E-05 9.9964E-05 0.0708438 9.9964E-05 9.9964E-05 0.260762 0.136363
0.467342 0.00867191 0.345484 0.0248582 0.0131505 0.00540943 9.9982E-05 9.9982E-05 0.0514073 0.0834766
0.408061 9.9955E-05 0.45595 9.9955E-05 9.9955E-05 0.0140654 9.9955E-05 9.9955E-05 0.0422184 0.0792049
0.456754 0.0232973 0.388847 9.9964E-05 0.0195621 0.00114726 9.9964E-05 9.9964E-05 9.9964E-05 0.109992
0.486539 9.9955E-05 0.328765 9.9955E-05 9.9955E-05 0.0819358 9.9955E-05 9.9955E-05 0.0489774 0.053283
0.245856 0.0519957 0.569897 9.9973E-05 9.9973E-05 0.0154986 0.0308476 9.9973E-05 0.0418534 0.0437516
0.140291 0.029702 0.565866 0.0125994 9.9982E-05 9.9982E-05 0.0938849 0.0109745 0.0829484 0.063534
0.210563 0.0422134 0.574767 9.9982E-05 9.9982E-05 0.0454636 0.0438987 0.0056092 0.0230677 0.0542175
0.316167 0.109344 0.198832 9.9964E-05 9.9964E-05 0.0888873 9.9964E-05 9.9964E-05 0.186956 0.0994129
0.096029 0.0145652 0.500775 0.080092 9.9982E-05 0.113168 0.129227 9.9982E-05 0.0487209 0.0172232
0.0628743 0.0904073 0.458252 0.0266072 0.0131572 0.189677 0.0242401 0.0105492 0.0870498 0.037186
0.0792391 0.230775 9.9964E-05 9.9964E-05 9.9964E-05 0.465881 0.0127102 9.9964E-05 0.118664 0.0923303
9.9991E-05 0.0299118 0.653963 0.0268783 0.00513918 0.124057 0.068338 0.00245807 0.0177169 0.0714383
0.0361336 0.0737769 0.249476 0.00850188 0.0228198 0.29589 0.047339 0.0478424 0.12278 0.0954405
0.0259321 0.0889958 0.478387 0.0253622 0.046781 0.158951 0.0384274 0.0326899 0.0993866 0.00508698
0.119596 0.132089 0.187062 9.9982E-05 0.0315539 0.43283 0.00270744 9.9982E-05 0.0469765 0.0469866
0.132186 0.152217 0.0351745 9.9973E-05 0.0065509 0.454539 9.9973E-05 9.9973E-05 0.135959 0.0830735
0.109154 0.0671309 0.349274 9.9982E-05 0.00690513 0.344105 9.9982E-05 0.0214199 0.0772235 0.0245878
0.0835807 0.0887118 0.50857 0.0400218 9.9991E-05 0.0655531 0.0468987 0.037195 0.0262713 0.103097
0.0580547 0.0896026 0.405396 0.0422136 0.0112868 0.170123 0.0910956 0.00852033 0.0103071 0.113401
0.121757 0.20468 0.0462844 9.9982E-05 0.00489284 0.199309 9.9982E-05 0.0470276 0.163507 0.212343
0.0919827 0.00346358 0.499418 9.9991E-05 0.0221616 0.132403 0.0803668 0.0626626 0.0707984 0.0366433
0.0479695 0.0645664 0.259914 9.9964E-05 9.9964E-05 0.418438 9.9964E-05 9.9964E-05 0.112155 0.096558
0.110969 0.0444792 0.418166 9.9964E-05 9.9964E-05 0.264084 9.9964E-05 9.9964E-05 0.0794932 0.0824091
0.0797945 0.0487064 0.550125 0.059652 0.019227 0.108076 0.0436113 0.0398244 9.9991E-05 0.050884
0.0282877 0.214796 0.120397 0.0775701 0.0224691 0.142157 0.190554 0.203569 9.9982E-05 9.9982E-05
9.9964E-05 0.470784 9.9964E-05 0.132434 0.00146775 0.0868495 0.24112 0.0669443 9.9964E-05 9.9964E-05
9.9973E-05 0.453731 9.9973E-05 0.164609 0.00352728 0.0928771 0.199159 0.0849918 0.000804541 9.9973E-05
9.9973E-05 0.264568 0.104105 0.0740025 9.9973E-05 0.142326 0.200827 0.211453 9.9973E-05 0.0024193
0.00667048 9.9964E-05 0.550754 9.9964E-05 0.0197745 0.2521 9.9964E-05 9.9964E-05 0.0914278 0.0788727
0.00617963 0.0211978 0.606921 9.9991E-05 0.0116753 0.156779 0.0693936 0.0229662 0.0938792 0.0109079
9.9937E-05 9.9937E-05 0.327969 9.9937E-05 0.0148386 9.9937E-05 9.9937E-05 0.656493 9.9937E-05 9.9937E-05
0.101844 0.00139852 0.374175 9.9982E-05 0.0117672 9.9982E-05 0.0297253 0.40926 0.022525 0.0491053
0.081496 9.9985E-05 0.373287 9.9985E-05 0.0280841 0.0333974 0.0317351 0.386822 0.0491718 0.0158068
0.0509862 0.000997792 0.17014 9.9982E-05 0.00454927 0.496784 9.9982E-05 0.0483849 0.204302 0.0236565
0.0873402 0.0568837 0.476686 0.00488409 9.9991E-05 0.13836 0.0538314 0.0323614 0.0800987 0.0694545
0.0619025 0.0364039 0.183093 9.9955E-05 9.9955E-05 0.619357 9.9955E-05 9.9955E-05 0.098743 9.9955E-05
0.0093999 0.00824822 0.534484 0.00174646 0.00409169 0.284884 0.0453606 9.9982E-05 0.111585 9.9982E-05
0.0314548 0.0311628 0.416749 9.9973E-05 0.00706126 0.337898 0.0380478 9.9973E-05 0.137326 9.9973E-05
9.9955E-05 9.9955E-05 0.518956 9.9955E-05 0.00718381 0.40935 9.9955E-05 0.00997196 0.054038 9.9955E-05
0.00153223 0.0562925 0.12425 9.9964E-05 9.9964E-05 0.64339 9.9964E-05 9.9964E-05 0.131271 0.042865
9.9973E-05 0.0172156 0.602441 9.9973E-05 0.0265723 0.265376 0.0151244 0.0443825 9.9973E-05 0.0285885
0.110352 0.0224726 0.594018 0.041993 9.9982E-05 0.143973 0.0222343 9.9982E-05 0.0505737 0.0141837
0.0110048 9.9955E-05 9.9955E-05 9.9955E-05 9.9955E-05 0.0110002 0.00297174 0.9615 0.0130231 9.9955E-05
0.00581281 9.9955E-05 0.0458034 9.9955E-05 9.9955E-05 0.0215041 9.9955E-05 0.906133 0.0202471 9.9955E-05
0.0452646 9.9982E-05 0.289894 9.9982E-05 0.0203455 0.0214494 0.0369821 0.555775 0.0235551 0.00653456
0.0525913 9.9937E-05 0.337083 9.9937E-05 9.9937E-05 9.9937E-05 9.9937E-05 0.609626 9.9937E-05 9.9937E-05
0.0285948 9.9955E-05 0.116643 9.9955E-05 0.0120511 9.9955E-05 9.9955E-05 0.801908 9.9955E-05 0.040303
9.99201E-05 9.99201E-05 9.99201E-05 9.99201E-05 9.99201E-05 9.99201E-05 9.99201E-05 0.999101 9.99201E-05 9.99201E-05
0.0425603 9.9946E-05 0.00459553 9.9946E-05 9.9946E-05 9.9946E-05 9.9946E-05 0.945998 0.00624695 9.9946E-05
9.9928E-05 9.9928E-05 0.16226 9.9928E-05 9.9928E-05 9.9928E-05 9.9928E-05 0.836941 9.9928E-05 9.9928E-05
0.0463274 9.9955E-05 9.9955E-05 9.9955E-05 0.000312599 9.9955E-05 0.0072022 0.926894 9.9955E-05 0.0187641
9.99201E-05 9.99201E-05 9.99201E-05 9.99201E-05 9.99201E-05 9.99201E-05 9.99201E-05 0.999101 9.99201E-05 9.99201E-05
9.99201E-05 9.99201E-05 9.99201E-05 9.99201E-05 9.99201E-05 9.99201E-05 9.99201E-05 0.999101 9.99201E-05 9.99201E-05
9.9946E-05 9.9946E-05 0.221734 9.9946E-05 0.029167 0.0119249 9.9946E-05 0.736574 9.9946E-05 9.9946E-05
0.0351314 0.0118463 0.107957 0.0230432 0.00848271 9.9973E-05 9.9973E-05 0.793143 9.9973E-05 0.0200956
9.99201E-05 9.99201E-05 9.99201E-05 9.99201E-05 9.99201E-05 9.99201E-05 9.99201E-05 0.999101 9.99201E-05 9.99201E-05
0.0977538 9.9991E-05 0.32381 0.00759042 0.0131628 0.0429924 0.0627548 0.391671 0.000176437 0.0599878
0.0287943 9.9964E-05 0.258241 9.9964E-05 0.0316655 0.00756472 9.9964E-05 0.662054 9.9964E-05 0.0112806
9.9964E-05 0.0169696 0.142726 0.0232972 0.00548769 9.9964E-05 9.9964E-05 0.785836 9.9964E-05 0.0252832
0.0130384 9.9955E-05 0.0743084 0.00581377 0.0120608 9.9955E-05 9.9955E-05 0.894279 9.9955E-05 9.9955E-05
9.99201E-05 9.99201E-05 9.99201E-05 9.99201E-05 9.99201E-05 9.99201E-05 9.99201E-05 0.999101 9.99201E-05 9.99201E-05
9.9928E-05 9.9928E-05 0.0407606 9.9928E-05 9.9928E-05 9.9928E-05 9.9928E-05 0.95844 9.9928E-05 9.9928E-05
9.9928E-05 9.9928E-05 9.9928E-05 9.9928E-05 0.0156355 9.9928E-05 9.9928E-05 0.983565 9.9928E-05 9.9928E-05
0.050153 9.9973E-05 0.260281 9.9973E-05 0.0153687 0.0196144 0.0348949 0.599826 9.9973E-05 0.0195619
9.9964E-05 0.00824111 0.00132724 0.00900109 0.0167786 9.9964E-05 9.9964E-05 0.953075 9.9964E-05 0.0111773
9.9964E-05 0.211332 9.9964E-05 0.0740648 9.9964E-05 0.508566 0.152688 0.011468 0.0414815 9.9964E-05
0.0366527 9.9982E-05 0.259746 0.0862817 0.0262196 0.360093 0.0914566 0.12111 0.0182408 9.9982E-05
9.9982E-05 0.0500658 0.384656 0.0584375 0.0196154 0.302662 0.087163 0.0505868 0.0466135 9.9982E-05
9.9982E-05 0.113607 0.124532 0.0663112 0.0231735 0.466986 0.0736083 0.0997665 0.0318156 9.9982E-05
0.0815917 0.0350276 0.394985 0.049104 0.00707044 0.145587 0.07468 0.140893 0.0316294 0.0394313
9.9982E-05 0.114586 0.011156 0.110535 0.0120764 0.475429 0.0856578 0.143595 0.0467639 9.9982E-05
0.0684483 0.0563203 0.4556 0.0647334 0.0191627 0.158061 0.0751895 0.0827407 0.0196436 9.9991E-05
9.9955E-05 0.167828 0.274409 0.137867 9.9955E-05 0.331772 9.9955E-05 0.0876241 9.9955E-05 9.9955E-05
9.9973E-05 0.0864671 0.485805 0.0649292 0.021819 0.20275 0.0782562 0.0596736 9.9973E-05 9.9973E-05
9.9982E-05 0.0321377 0.262136 0.0594911 0.0124969 0.358974 0.112968 0.146784 0.0148118 9.9982E-05
0.0265667 0.125093 0.451262 0.0293635 9.9982E-05 0.154571 0.106322 0.0875226 0.0190987 9.9982E-05
9.9964E-05 0.0155558 0.0480939 9.9964E-05 0.0186957 0.0396473 0.871027 9.9964E-05 0.00658067 9.9964E-05
9.9955E-05 0.00345486 9.9955E-05 9.9955E-05 0.0293678 9.9955E-05 0.861161 0.0613003 0.0442162 9.9955E-05
9.9964E-05 0.0283406 0.00943497 9.9964E-05 0.0369756 9.9964E-05 0.917979 9.9964E-05 0.00183935 0.0050303
9.9946E-05 0.0512343 9.9946E-05 0.00725267 0.012096 9.9946E-05 0.928817 9.9946E-05 9.9946E-05 9.9946E-05
0.0116086 9.9955E-05 0.0616297 0.0209455 0.0533483 9.9955E-05 0.851968 9.9955E-05 9.9955E-05 9.9955E-05
9.9964E-05 0.0232307 0.00188577 9.9964E-05 0.0347648 0.00846396 0.927626 9.9964E-05 9.9964E-05 0.00362921
0.0194895 9.9964E-05 0.0346952 0.0224526 0.0455485 9.9964E-05 0.858342 0.0190719 9.9964E-05 9.9964E-05
0.0236768 0.0236897 0.00303926 0.0685801 0.0335446 9.9964E-05 0.84707 9.9964E-05 9.9964E-05 9.9964E-05
9.9973E-05 0.0188222 0.00769772 9.9973E-05 0.019625 0.018275 0.868109 0.0250457 9.9973E-05 0.0421253
9.9955E-05 0.111351 0.00808714 9.9955E-05 0.0195119 9.9955E-05 0.856315 0.00423508 9.9955E-05 9.9955E-05
0.259858 9.9955E-05 9.9955E-05 0.0573112 9.9955E-05 0.0810547 0.555154 9.9955E-05 9.9955E-05 0.0461221
0.317793 9.9964E-05 9.9964E-05 0.0473949 0.0154371 0.057051 0.553421 9.9964E-05 9.9964E-05 0.00850296
0.299033 0.0117771 9.9964E-05 9.9964E-05 0.0245112 0.0939548 0.516472 9.9964E-05 9.9964E-05 0.0538523
0.38811 9.9946E-05 9.9946E-05 0.0700812 9.9946E-05 0.143978 0.397232 9.9946E-05 9.9946E-05 9.9946E-05
0.166268 9.9973E-05 0.479193 0.0185044 0.0235589 0.0235834 0.0483783 9.9973E-05 9.9973E-05 0.240214
0.0957496 9.9973E-05 0.482308 0.0251017 9.9973E-05 9.9973E-05 0.0354429 0.0211417 0.0232976 0.316658
0.206429 9.9964E-05 0.518451 9.9964E-05 0.012809 9.9964E-05 0.00656952 9.9964E-05 0.0305727 0.224768
0.26129 0.0425754 0.336488 0.00262321 0.0190122 9.9964E-05 9.9964E-05 9.9964E-05 9.9964E-05 0.337612
0.585292 9.9964E-05 0.21761 0.00459112 9.9964E-05 0.0631606 9.9964E-05 9.9964E-05 0.0380172 0.0909293
0.0368398 9.9955E-05 0.650643 9.9955E-05 9.9955E-05 9.9955E-05 0.0619698 9.9955E-05 0.0256924 0.224356
0.134925 9.9955E-05 0.553818 0.0164256 9.9955E-05 9.9955E-05 9.9955E-05 0.0205881 9.9955E-05 0.273744
0.0222975 0.0517647 0.495446 0.0127118 9.9973E-05 0.0307871 9.9973E-05 9.9973E-05 0.0856942 0.300999
9.9946E-05 0.00494961 0.362848 9.9946E-05 9.9946E-05 9.9946E-05 9.9946E-05 9.9946E-05 0.0689746 0.562628
0.0580849 0.0465677 0.639895 9.9982E-05 0.0155398 9.9982E-05 0.0409521 0.0100756 0.0561993 0.132486
0.0709341 9.9946E-05 0.418355 9.9946E-05 9.9946E-05 9.9946E-05 0.0236834 9.9946E-05 9.9946E-05 0.486428
0.0133986 9.9946E-05 9.9946E-05 9.9946E-05 9.9946E-05 0.0361107 9.9946E-05 9.9946E-05 0.160446 0.789445
0.149035 9.9973E-05 0.597974 0.00633114 0.0270985 9.9973E-05 0.0403843 9.9973E-05 0.0205912 0.158286
9.9955E-05 0.0235229 0.149687 9.9955E-05 9.9955E-05 0.128001 9.9955E-05 9.9955E-05 0.0880921 0.610197
0.00648906 9.9973E-05 0.50815 0.0460564 0.00447104 9.9973E-05 0.0085227 9.9973E-05 0.0733163 0.352695
0.164483 9.9946E-05 0.146029 9.9946E-05 9.9946E-05 9.9946E-05 0.0258019 9.9946E-05 9.9946E-05 0.663086
0.751491 9.9946E-05 9.9946E-05 0.0313011 9.9946E-05 0.105562 0.111046 9.9946E-05 9.9946E-05 9.9946E-05
0.691402 9.9955E-05 0.0493178 0.0245644 9.9955E-05 0.136532 0.0976844 9.9955E-05 9.9955E-05 9.9955E-05
0.732746 9.9955E-05 0.0175007 9.9955E-05 0.0043935 0.145899 0.0989604 9.9955E-05 9.9955E-05 9.9955E-05
0.750933 9.9937E-05 9.9937E-05 9.9937E-05 9.9937E-05 0.149395 0.0989718 9.9937E-05 9.9937E-05 9.9937E-05
0.715784 9.9946E-05 0.0879672 9.9946E-05 9.9946E-05 0.137411 0.0582383 9.9946E-05 9.9946E-05 9.9946E-05
0.686916 9.9973E-05 0.0305077 9.9973E-05 0.00758394 0.161806 0.0438873 0.0628972 0.00610158 9.9973E-05
9.9955E-05 9.9955E-05 0.00721396 9.9955E-05 0.00835041 9.9955E-05 0.848462 0.0729563 9.9955E-05 0.0625172
0.027916 0.0166014 0.119352 9.9955E-05 9.9955E-05 9.9955E-05 0.828801 9.9955E-05 0.00683008 9.9955E-05
9.9973E-05 0.0350089 0.133661 9.9973E-05 0.0111499 9.9973E-05 0.754746 0.0400177 0.0146912 0.0104258
0.000658831 9.9964E-05 0.00210084 0.0285116 9.9964E-05 9.9964E-05 0.811332 0.0810651 9.9964E-05 0.0759319
0.00839689 9.9982E-05 0.101174 0.0227008 0.0100378 0.0279998 0.760386 0.0661937 9.9982E-05 0.00291052
0.519573 9.9955E-05 9.9955E-05 0.127148 0.0145019 0.0526005 0.285678 9.9955E-05 9.9955E-05 9.9955E-05
0.466407 9.9964E-05 9.9964E-05 0.0932299 0.0212365 0.0678437 0.338676 9.9964E-05 0.0122071 9.9964E-05
0.481427 0.0200822 9.9964E-05 0.137238 0.0226211 9.9964E-05 0.315411 9.9964E-05 0.0228203 9.9964E-05
9.99201E-05 9.99201E-05 9.99201E-05 9.99201E-05 0.999101 9.99201E-05 9.99201E-05 9.99201E-05 9.99201E-05 9.99201E-05
0.497648 9.9964E-05 9.9964E-05 0.155317 0.0344271 9.9964E-05 0.249382 9.9964E-05 0.0554328 0.00739375
9.9964E-05 0.189764 0.288756 0.035999 9.9964E-05 0.0464921 0.199379 0.239211 9.9964E-05 9.9964E-05
0.0393456 0.0564057 0.520321 0.0613944 9.9991E-05 0.0535183 0.0772289 0.161153 0.00782702 0.0227066
9.9964E-05 0.0139508 0.565385 0.0172527 0.00227068 9.9964E-05 0.196626 0.204115 9.9964E-05 9.9964E-05
9.9973E-05 0.0849247 0.316879 9.9973E-05 9.9973E-05 0.108902 0.225103 0.23901 0.0152787 0.00960236
0.099109 0.0871664 0.529789 0.0497352 0.0482234 0.0255631 0.0476555 0.0546436 0.0580151 9.9991E-05
9.9973E-05 0.340896 9.9973E-05 0.0215904 0.017446 0.0477554 0.305721 0.259113 0.0071781 9.9973E-05
0.405689 9.9964E-05 0.450391 9.9964E-05 9.9964E-05 0.0568355 0.00301772 9.9964E-05 0.0122505 0.071417
0.198329 0.0201454 0.42688 0.000202797 0.00407676 0.140316 9.9982E-05 9.9982E-05 0.127484 0.0823663
0.517328 9.9964E-05 0.329769 0.0253818 9.9964E-05 0.047903 9.9964E-05 9.9964E-05 0.0220217 0.0571973
0.140033 0.0549524 0.532715 0.00390361 9.9973E-05 0.0402385 9.9973E-05 9.9973E-05 0.188964 0.0388927
0.323891 0.0927382 9.9955E-05 9.9955E-05 9.9955E-05 0.149354 9.9955E-05 9.9955E-05 0.37104 0.0624777
0.140206 0.0464168 0.577442 9.9982E-05 0.0175171 0.0752655 0.0444756 0.0393539 9.9982E-05 0.0591229
0.120427 0.0324357 0.549069 0.0211416 0.00795603 0.0783924 0.0201459 9.9991E-05 0.146527 0.0238059
0.452547 0.0372028 0.365958 0.012158 0.0130145 0.0566505 9.9982E-05 9.9982E-05 0.018517 0.043753
0.169941 0.0377903 0.562328 0.0838315 0.00101067 0.0270339 0.00495139 0.00501069 0.0066865 0.101416
0.29917 0.0782731 0.102152 9.9964E-05 9.9964E-05 0.191337 9.9964E-05 9.9964E-05 0.135222 0.193445
0.14925 0.0288749 0.567177 9.9973E-05 9.9973E-05 0.0860648 0.0493339 9.9973E-05 0.0672685 0.0517305
0.30074 0.030408 0.534899 0.0159338 9.9973E-05 0.0072134 9.9973E-05 9.9973E-05 0.00916328 0.101342
0.103655 0.10584 0.441609 0.0745744 9.9991E-05 0.00974868 0.0409728 0.0952119 0.0419092 0.0863789
0.235747 0.130963 0.352728 9.9955E-05 9.9955E-05 9.9955E-05 9.9955E-05 9.9955E-05 0.166592 0.11347
0.223508 0.0412953 0.423454 9.9973E-05 9.9973E-05 0.121313 9.9973E-05 0.0103551 0.0898749 0.0899
0.195051 0.0301769 0.582992 9.9964E-05 9.9964E-05 0.0589538 9.9964E-05 9.9964E-05 0.0832884 0.0491386
0.167608 0.0468505 0.562702 9.9964E-05 9.9964E-05 0.073435 9.9964E-05 9.9964E-05 0.0979964 0.0510089
0.0811561 0.0424002 0.640597 9.9982E-05 0.0430502 0.0440315 9.9982E-05 0.0140059 0.0775509 0.0570083
0.13892 9.9982E-05 0.530601 0.00378081 9.9982E-05 0.0526734 0.117861 0.0129445 0.0468729 0.0961465
0.223965 0.02937 0.576089 9.9982E-05 0.00146313 0.0313852 0.0510271 9.9982E-05 0.0159497 0.07055
9.9946E-05 9.9946E-05 0.117422 9.9946E-05 0.0200912 9.9946E-05 0.818609 0.0432777 9.9946E-05 9.9946E-05
9.9946E-05 9.9946E-05 0.114203 9.9946E-05 0.000949997 9.9946E-05 0.882061 9.9946E-05 9.9946E-05 0.00218719
9.9973E-05 0.00755104 0.0346791 9.9973E-05 0.0335955 0.0531218 0.858896 9.9973E-05 0.00899444 0.00286253
0.022532 9.9964E-05 9.9964E-05 0.00125003 0.0231945 9.9964E-05 0.869467 0.0682321 0.0149243 9.9964E-05
9.9946E-05 9.9946E-05 0.0788703 0.025937 0.0162473 9.9946E-05 0.878346 9.9946E-05 9.9946E-05 9.9946E-05
0.559212 0.0909375 0.151867 9.9973E-05 9.9973E-05 0.0400345 0.00448602 0.014838 9.9973E-05 0.138326
0.221516 0.103366 0.508721 9.9973E-05 9.9973E-05 9.9973E-05 0.0130943 0.00449961 0.0883291 0.060174
0.0191316 0.0248745 0.362793 0.0037097 0.00232519 0.12565 0.206655 0.208173 0.0291631 0.0175243
0.221549 0.0110469 0.670253 9.9973E-05 0.0101602 0.0277255 9.9973E-05 0.043822 9.9973E-05 0.015143
0.309187 0.0379446 0.516244 0.0310224 0.01832 9.9964E-05 9.9964E-05 9.9964E-05 9.9964E-05 0.0868826
0.305026 0.132659 0.252068 9.9964E-05 9.9964E-05 0.080096 9.9964E-05 9.9964E-05 0.166673 0.0630783
0.724152 0.093431 0.0212814 0.00242972 0.013927 9.9973E-05 0.0322113 9.9973E-05 9.9973E-05 0.112268
0.345733 9.9982E-05 0.462125 0.016011 0.0138686 0.0285189 0.054931 0.0137482 9.9982E-05 0.0648642
0.537288 0.0492889 0.232725 9.9982E-05 9.9982E-05 0.0489212 0.0238418 0.0622052 0.0213686 0.0241616
0.194457 0.0669097 0.46231 9.9982E-05 0.0128813 0.0631629 9.9982E-05 0.0124678 0.091223 0.0963884
0.599824 0.0698764 0.193356 0.0155468 9.9982E-05 0.0226875 0.0343896 9.9982E-05 0.0133475 0.0507724
0.234467 0.00279377 0.537143 9.9973E-05 9.9973E-05 9.9973E-05 0.0708082 0.0565823 0.0393473 0.0585583
0.544267 0.0674174 0.167843 0.00112761 0.0397348 0.0635821 9.9973E-05 9.9973E-05 9.9973E-05 0.115728
0.305938 0.0887333 0.244969 0.00870676 9.9982E-05 0.0400584 9.9982E-05 0.0740568 0.145988 0.0913502
0.0501969 0.0613759 0.505164 0.0298537 0.0190128 0.240651 0.0382114 0.00397296 0.0389894 0.012572
0.057513 9.9955E-05 0.222381 9.9955E-05 9.9955E-05 0.57421 9.9955E-05 9.9955E-05 0.100072 0.0453235
0.00589209 0.00790982 0.496094 0.00771539 9.9982E-05 0.355838 0.0505628 9.9982E-05 0.0510707 0.0247166
0.0536011 0.047869 0.520479 0.0275164 0.0524431 0.235711 0.0492054 9.9991E-05 0.0102583 0.00281608
0.0369915 0.0373128 0.15437 9.9964E-05 9.9964E-05 0.62977 9.9964E-05 9.9964E-05 0.0744219 0.0667342
0.0819593 0.028117 0.501121 0.00194214 0.0420161 0.199839 0.0319532 0.0431859 0.0697668 9.9991E-05
0.025371 0.00439686 0.447701 9.9973E-05 0.0171994 0.337763 0.0469304 9.9973E-05 0.120338 9.9973E-05
0.0355989 0.0425027 0.05626 9.9964E-05 9.9964E-05 0.592497 9.9964E-05 9.9964E-05 0.177858 0.0948836
0.0268963 0.0294134 0.0711636 9.9964E-05 9.9964E-05 0.76569 9.9964E-05 9.9964E-05 0.0859382 0.0204985
0.032423 0.0215873 0.3827 9.9973E-05 0.0133763 0.447165 9.9973E-05 9.9973E-05 0.0528646 0.0495831
0.0532707 9.9955E-05 9.9955E-05 9.9955E-05 0.00115837 0.655012 9.9955E-05 9.9955E-05 0.109483 0.180576
0.0996296 9.9955E-05 0.38515 9.9955E-05 9.9955E-05 0.474483 9.9955E-05 9.9955E-05 0.0247987 0.015439
0.656208 0.0132408 0.175747 9.9964E-05 0.00479422 9.9964E-05 9.9964E-05 0.0177194 9.9964E-05 0.13189
0.3397 0.107653 0.221667 9.9964E-05 9.9964E-05 9.9964E-05 9.9964E-05 0.0306232 0.249391 0.0505653
0.415546 9.9973E-05 0.470678 0.00737677 0.0208281 9.9973E-05 9.9973E-05 0.0312444 0.034 0.0200271
0.199316 0.0574097 0.595164 9.9964E-05 9.9964E-05 9.9964E-05 0.0592565 0.0214607 9.9964E-05 0.0669939
0.583329 9.9946E-05 0.244804 9.9946E-05 9.9946E-05 9.9946E-05 9.9946E-05 0.0153855 9.9946E-05 0.155882
0.173061 0.106496 0.529356 0.00874656 0.0100405 9.9982E-05 0.0572916 9.9982E-05 0.0557894 0.0590199
0.209679 0.0269907 0.564582 0.0372793 0.0233034 9.9982E-05 0.0212854 9.9982E-05 0.0595501 0.0571303
0.180269 0.0741982 0.526459 9.9964E-05 0.00469942 9.9964E-05 9.9964E-05 9.9964E-05 0.093585 0.12039
0.265208 0.0503491 0.499623 0.00921611 9.9982E-05 9.9982E-05 0.00272317 0.0182347 0.0563463 0.0980995
0.376739 0.018888 0.493438 0.0155401 0.00969037 9.9982E-05 0.0259902 9.9982E-05 0.00244976 0.0570645
0.490434 0.0338835 0.318778 9.9964E-05 0.0155974 9.9964E-05 9.9964E-05 9.9964E-05 0.0252968 0.11561
0.439417 0.00211007 0.445537 9.9973E-05 9.9973E-05 0.0110969 9.9973E-05 0.0301905 0.0222414 0.0491069
0.229731 0.0771997 0.593032 9.9964E-05 0.0180659 9.9964E-05 9.9964E-05 9.9964E-05 0.0696515 0.0119205
0.0937242 0.0836895 0.647908 9.9982E-05 0.0445748 0.0186501 0.0210322 9.9982E-05 0.077783 0.0124386
0.293075 0.128451 0.311751 0.0126099 0.00200422 9.9982E-05 9.9982E-05 0.068851 0.0810554 0.102004
0.227844 0.055935 0.459953 0.00205631 9.9973E-05 9.9973E-05 9.9973E-05 0.0633963 0.113765 0.0767507
0.463 0.0367839 0.367091 9.9991E-05 0.00468716 0.0323094 0.00109563 0.0361043 0.00265165 0.0561773
0.202699 0.0613493 0.569396 0.0207349 9.9982E-05 9.9982E-05 0.0258542 0.00549956 0.0356747 0.0785921
0.288194 9.9973E-05 0.469922 0.0451233 0.00576158 9.9973E-05 9.9973E-05 0.0592187 0.0559622 0.075519
0.236936 0.0497338 0.557366 0.0176277 0.0357644 9.9991E-05 0.0134894 0.0306626 0.0271489 0.0311705
0.0578031 0.043771 0.448015 0.0273677 9.9973E-05 0.0234249 0.287655 0.111664 9.9973E-05 9.9973E-05
0.0364603 0.134017 0.598913 0.0446534 9.9982E-05 9.9982E-05 0.0714947 0.0919259 0.0156915 0.00664383
0.0739345 0.018793 0.407465 0.0370414 9.9991E-05 0.0337591 0.191311 0.115321 0.0474159 0.0748582
0.00196079 0.141707 0.589123 0.0666157 0.0269605 0.0478431 9.9991E-05 0.0794966 0.0258446 0.0203489
9.9973E-05 0.106512 0.435398 0.00341238 9.9973E-05 0.0602553 0.14073 0.192285 0.0611083 9.9973E-05
0.175245 0.027132 0.47612 9.9964E-05 9.9964E-05 0.148825 9.9964E-05 9.9964E-05 0.148732 0.0235451
9.9991E-05 0.0524709 0.517412 0.0171324 0.00488637 0.095449 0.125366 0.109402 0.0236082 0.0541734
0.136505 0.318389 0.0634926 9.9982E-05 9.9982E-05 0.187679 0.0961604 0.136909 0.0539253 0.00673981
0.0846592 0.0918806 0.609698 0.00919907 0.0149617 0.0406429 0.0595411 0.0613671 0.0279501 9.9991E-05
0.0542325 0.0587893 0.568024 0.0201782 0.0247629 0.0229038 0.0841014 0.12359 0.0433178 9.9991E-05
0.0585718 0.108508 0.557277 9.9982E-05 0.0433264 0.0507124 0.0487138 0.104106 0.028585 9.9982E-05
0.0453184 0.225017 0.299447 0.046302 0.035066 0.109119 0.0667612 0.0638066 0.0952511 0.0139114
0.0490026 0.0573108 0.549387 0.0295961 0.0136922 0.0625775 0.149746 0.0884881 9.9982E-05 9.9982E-05
0.0682392 0.105814 0.474155 0.0126412 9.9973E-05 9.9973E-05 0.111247 0.147949 0.0796553 9.9973E-05
9.9964E-05 0.521657 9.9964E-05 0.0362664 9.9964E-05 0.0506881 0.305481 0.0845015 0.00100556 9.9964E-05
0.0903647 0.0285702 0.489468 9.9982E-05 0.0141846 0.034871 0.169067 0.137144 0.0361301 9.9982E-05
9.9982E-05 0.0803465 0.560617 9.9982E-05 0.0158235 0.0225187 0.157148 0.109426 0.0300351 0.0238851
0.0662298 0.0358871 0.603858 0.023684 0.00208377 0.0753127 0.0682594 0.0454601 0.019743 0.0594816
9.9964E-05 0.125129 0.534865 9.9964E-05 0.0222417 9.9964E-05 0.143754 0.134641 0.0389704 9.9964E-05
0.0405012 0.0103823 0.518169 0.028355 0.0344503 0.0924747 0.164733 0.0750744 9.9991E-05 0.03576
0.022493 9.9982E-05 0.428979 9.9982E-05 0.0161359 0.0249932 0.0294605 0.0134284 0.427167 0.0371433
0.0523848 9.9991E-05 0.455854 0.0501012 0.0061521 0.0141141 0.0175357 0.0573187 0.225001 0.121439
0.0614202 9.9937E-05 9.9937E-05 9.9937E-05 9.9937E-05 9.9937E-05 9.9937E-05 9.9937E-05 0.898648 0.0392328
0.0421354 9.9955E-05 9.9955E-05 9.9955E-05 0.00387819 0.0341815 0.00666496 9.9955E-05 0.91264 9.9955E-05
0.0144291 9.9991E-05 0.488816 0.0232116 0.0297855 0.070794 0.0558019 0.0141788 0.278147 0.0247355
0.0213482 0.151959 0.350021 9.9973E-05 9.9973E-05 0.0464959 0.0806367 0.25733 0.0919099 9.9973E-05
9.9964E-05 0.078156 0.371708 0.0516738 9.9964E-05 9.9964E-05 0.116002 0.199737 0.182324 9.9964E-05
9.9964E-05 0.182933 0.191889 0.0330399 9.9964E-05 9.9964E-05 0.088174 0.237383 0.266181 9.9964E-05
9.9973E-05 0.164664 0.38009 0.0165178 0.0339024 9.9973E-05 0.0483061 0.195903 0.160317 9.9973E-05
9.9982E-05 0.105659 0.0494886 0.0626865 0.0205588 0.0561663 0.0112972 0.0224003 0.671543 9.9982E-05
9.9973E-05 0.10034 0.125479 0.0131472 0.0343438 9.9973E-05 0.0368052 0.0228394 0.666746 9.9973E-05
9.9964E-05 0.00547708 0.541573 0.0408293 0.00279175 9.9964E-05 9.9964E-05 0.038195 0.370734 9.9964E-05
9.9955E-05 0.00215949 0.355483 0.0670414 9.9955E-05 9.9955E-05 9.9955E-05 0.0960932 0.478723 9.9955E-05
9.9955E-05 0.00409381 0.201388 9.9955E-05 9.9955E-05 9.9955E-05 0.0572199 0.0442612 0.692538 9.9955E-05
0.0568915 0.0243404 0.53981 0.00413152 0.0182727 0.0142459 0.0301139 0.0283089 0.283785 9.9991E-05
9.9973E-05 9.9973E-05 0.579192 0.029872 0.0220398 0.0142781 0.0285962 0.0344396 0.291283 9.9973E-05
0.00193284 9.9982E-05 0.477147 0.0141268 9.9982E-05 0.0364271 0.100409 0.0768463 0.28144 0.0114708
0.0304341 9.9955E-05 0.284576 9.9955E-05 0.0146306 9.9955E-05 9.9955E-05 9.9955E-05 0.663437 0.00642209
0.0461268 9.9973E-05 0.386976 9.9973E-05 0.00169194 0.0273485 0.0377854 9.9973E-05 0.46559 0.0341817
0.00752872 9.9982E-05 0.506493 0.0257227 0.00248527 0.00361278 0.0547528 9.9982E-05 0.360522 0.0386826
0.0205781 9.9982E-05 0.432598 0.0297294 0.0151061 0.0557361 0.0342105 9.9982E-05 0.391733 0.020109
0.0337052 9.9964E-05 0.462302 9.9964E-05 9.9964E-05 9.9964E-05 0.103832 0.0510637 0.256788 0.0919094
0.0321171 0.00902574 0.390644 0.0107696 0.0130759 0.023142 9.9982E-05 9.9982E-05 0.492716 0.0283096
0.0373771 9.9937E-05 0.155068 9.9937E-05 9.9937E-05 9.9937E-05 9.9937E-05 9.9937E-05 0.806855 9.9937E-05
0.00401135 9.9955E-05 0.603302 0.00423617 0.0182536 9.9955E-05 9.9955E-05 9.9955E-05 0.369697 9.9955E-05
0.0496066 9.9946E-05 0.156199 9.9946E-05 9.9946E-05 9.9946E-05 9.9946E-05 9.9946E-05 0.737936 0.0556597
9.9946E-05 9.9946E-05 0.421819 0.0404438 0.00966064 9.9946E-05 9.9946E-05 9.9946E-05 0.527477 9.9946E-05
0.00963735 9.9982E-05 0.507498 0.0488327 0.0420596 0.066881 0.0205509 9.9982E-05 0.299611 0.00472994
0.0392266 9.9964E-05 0.481676 9.9964E-05 0.0186894 9.9964E-05 0.0736444 9.9964E-05 0.294713 0.0916505
0.00773621 0.0398401 0.442949 0.0131711 0.0320665 0.0764522 0.138905 0.132238 0.116542 9.9991E-05
0.04467 0.00984339 0.456516 0.0330889 0.0502885 0.0131022 0.10606 0.0652433 0.161455 0.0597322
0.0334894 0.150584 0.292734 0.0239758 0.027846 0.0523473 0.117163 0.225074 0.0766868 9.9991E-05
0.0344772 0.0687488 0.299702 0.0497832 0.0354728 0.0425937 0.119413 0.211624 0.138085 9.9991E-05
0.0387374 0.0734694 0.446338 0.0554373 0.0431063 0.00862598 0.0820789 0.161887 0.0902202 9.9991E-05
9.9991E-05 0.105302 0.438053 0.0766713 0.0305306 0.0532553 0.0696637 0.0689825 0.113057 0.0443848
9.9964E-05 0.0790269 9.9964E-05 0.0924529 0.0223379 9.9964E-05 0.0638666 0.0844366 0.657479 9.9964E-05
9.9982E-05 0.0103052 0.527855 0.0260682 0.00321172 0.0313107 0.0923356 0.157193 0.151521 9.9982E-05
9.9955E-05 0.246996 9.9955E-05 0.195074 9.9955E-05 9.9955E-05 0.114534 0.0648377 0.378059 9.9955E-05
9.9955E-05 9.9955E-05 0.475608 0.0246847 9.9955E-05 9.9955E-05 0.0532613 0.123581 0.322365 9.9955E-05
9.9928E-05 9.9928E-05 0.0722713 9.9928E-05 9.9928E-05 9.9928E-05 9.9928E-05 9.9928E-05 0.926929 9.9928E-05
