0.0304713 9.9973E-05 0.0729952 0.0202847 9.9973E-05 0.00442088 0.0284818 0.0266768 9.9973E-05 0.816369
0.00715891 0.019266 0.0760685 9.9955E-05 9.9955E-05 9.9955E-05 9.9955E-05 0.0243735 9.9955E-05 0.872633
9.9955E-05 0.0607513 9.9955E-05 0.0556321 0.0384462 9.9955E-05 9.9955E-05 0.0271999 9.9955E-05 0.817471
9.9964E-05 0.0398854 0.0548361 0.123421 9.9964E-05 9.9964E-05 0.0179369 0.0501609 9.9964E-05 0.71336
9.9937E-05 9.9937E-05 0.0795542 0.0743573 9.9937E-05 9.9937E-05 9.9937E-05 9.9937E-05 9.9937E-05 0.845389
0.000918169 9.9946E-05 0.929911 0.0673092 9.9946E-05 9.9946E-05 9.9946E-05 0.0012617 9.9946E-05 9.9946E-05
9.99201E-05 9.99201E-05 0.999101 9.99201E-05 9.99201E-05 9.99201E-05 9.99201E-05 9.99201E-05 9.99201E-05 9.99201E-05
9.99201E-05 9.99201E-05 0.999101 9.99201E-05 9.99201E-05 9.99201E-05 9.99201E-05 9.99201E-05 9.99201E-05 9.99201E-05
9.99549E-05 0.0385295 0.131419 9.99549E-05 9.99549E-05 9.99549E-05 0.115075 0.0148277 9.99549E-05 0.699649
9.9937E-05 9.9937E-05 0.985096 0.0115042 9.9937E-05 9.9937E-05 9.9937E-05 9.9937E-05 9.9937E-05 0.00270022
9.9937E-05 9.9937E-05 0.892109 0.0369056 9.9937E-05 9.9937E-05 9.9937E-05 9.9937E-05 9.9937E-05 0.0702858
0.027755 0.0359535 9.9973E-05 0.233512 0.0985827 0.107136 0.466874 9.9973E-05 9.9973E-05 0.0298868
0.0396754 0.00609198 0.0184842 0.53198 0.0424765 9.9991E-05 0.298659 0.0304989 0.0139291 0.0181047
0.0405926 0.0804942 9.9964E-05 0.300707 0.0301823 0.0454238 0.502201 9.9964E-05 9.9964E-05 9.9964E-05
0.0723985 0.0941269 9.9964E-05 0.351879 0.00612394 9.9964E-05 0.453912 9.9964E-05 9.9964E-05 0.0211594
0.106391 0.0555269 0.00576069 0.437179 0.0365903 0.0118541 0.298677 9.9982E-05 9.9982E-05 0.0478215
0.0546678 0.0537904 9.9982E-05 0.533389 0.0448135 0.061806 0.217463 9.9982E-05 0.00273827 0.0311318
0.0330713 0.055133 0.00601409 0.462351 0.0604689 0.0559008 0.26511 0.0283654 0.0334858 9.9991E-05
0.0634893 0.127001 0.0097607 0.306253 0.0380319 0.0375544 0.385911 0.0221373 9.9991E-05 0.00976132
0.00960761 9.9973E-05 0.00566207 0.0463386 0.0399097 0.207568 0.679496 0.0111184 9.9973E-05 9.9973E-05
9.9973E-05 0.0332308 0.0513168 0.450227 0.116663 0.0636195 0.271027 0.0136167 9.9973E-05 9.9973E-05
0.00546925 0.0744192 9.9982E-05 0.444639 0.0334842 0.160872 0.148374 0.0293838 0.103159 9.9982E-05
0.0452802 0.00247474 9.9991E-05 0.503147 0.131036 0.0694783 0.206489 0.0205106 0.00286132 0.0186225
0.0501726 0.0137228 0.0187012 0.23902 0.0657905 0.14683 0.436952 0.0173917 9.9991E-05 0.011319
0.0548729 0.0416479 0.0845376 0.606284 0.0326923 9.9991E-05 0.0957519 0.0251632 0.0464728 0.0124778
9.9973E-05 0.0380123 0.0249915 0.564847 0.0788081 0.0414278 0.233057 0.0185563 9.9973E-05 9.9973E-05
9.9973E-05 0.0263392 0.00687177 0.261487 0.0499172 0.11261 0.488433 9.9973E-05 9.9973E-05 0.0540423
0.0423987 0.0912433 9.9973E-05 0.322068 0.0491729 0.0565667 0.428429 9.9973E-05 9.9973E-05 0.0098214
9.9964E-05 0.00727427 9.9964E-05 0.245238 0.0993271 0.179706 0.459523 9.9964E-05 9.9964E-05 0.00853218
9.99201E-05 9.99201E-05 9.99201E-05 9.99201E-05 9.99201E-05 9.99201E-05 9.99201E-05 0.999101 9.99201E-05 9.99201E-05
9.99201E-05 9.99201E-05 9.99201E-05 9.99201E-05 9.99201E-05 9.99201E-05 9.99201E-05 0.999101 9.99201E-05 9.99201E-05
0.076575 0.00397798 0.059462 0.0603297 9.9973E-05 9.9973E-05 0.0141377 0.356649 9.9973E-05 0.428569
0.0777728 0.0172082 0.0529412 0.116139 9.9964E-05 9.9964E-05 9.9964E-05 0.284539 9.9964E-05 0.451001
9.9973E-05 9.9973E-05 0.00636391 0.487453 0.224269 0.147382 0.069541 0.0183987 9.9973E-05 0.0462924
0.028361 9.9991E-05 0.0246763 0.520857 0.239902 0.0204565 0.0270415 0.0227703 0.0197336 0.0961028
0.00738122 9.9964E-05 0.0357762 0.55139 0.356722 0.037859 9.9964E-05 0.0104721 9.9964E-05 9.9964E-05
9.9982E-05 0.0159326 0.000906537 0.172318 0.118423 9.9982E-05 0.615498 0.00383662 0.0196359 0.0532492
9.9964E-05 0.0274257 9.9964E-05 0.255703 0.560981 0.0445809 9.9964E-05 0.0307269 0.0801825 9.9964E-05
9.9964E-05 0.0456779 9.9964E-05 0.493635 0.251216 9.9964E-05 0.0816929 0.040576 9.9964E-05 0.0868022
9.9964E-05 9.9964E-05 9.9964E-05 0.660787 0.170502 0.0819068 0.0142154 0.0309688 9.9964E-05 0.0412201
9.9955E-05 9.9955E-05 0.102831 0.501761 9.9955E-05 0.331293 0.0464793 0.017136 9.9955E-05 9.9955E-05
9.9964E-05 9.9964E-05 9.9964E-05 0.592056 0.0930121 0.139846 0.0728818 0.0129196 9.9964E-05 0.0888838
9.9964E-05 9.9964E-05 0.0181803 0.126418 0.668626 9.9964E-05 0.167219 0.00158695 9.9964E-05 0.0175695
0.0224263 0.0263627 0.0344219 0.568166 9.9973E-05 0.332811 9.9973E-05 0.00442162 9.9973E-05 0.0110899
0.00912878 9.9973E-05 0.0128622 0.613472 0.225045 0.0533447 9.9973E-05 9.9973E-05 0.0100135 0.0758339
0.00382403 0.0610963 9.9973E-05 0.590833 0.12113 0.0761628 9.9973E-05 0.0584829 9.9973E-05 0.0881711
9.9946E-05 0.0147921 9.9946E-05 0.348171 0.601106 9.9946E-05 9.9946E-05 9.9946E-05 0.0353316 9.9946E-05
0.00658651 0.0225942 0.0150569 0.596437 0.266366 0.0223826 0.00805062 0.0324027 9.9991E-05 0.0300236
0.0147747 9.9991E-05 0.0139095 0.557739 0.086588 0.0682525 0.0377021 0.00357141 0.0874911 0.129872
9.9955E-05 0.124553 9.9955E-05 9.9955E-05 0.706559 0.138178 0.00313399 9.9955E-05 0.0270763 9.9955E-05
9.9955E-05 9.9955E-05 9.9955E-05 0.171613 0.0911286 0.113649 0.574601 9.9955E-05 0.0485084 9.9955E-05
0.0394665 0.129432 9.9973E-05 0.118084 0.144874 0.16403 0.258007 9.9973E-05 0.145807 9.9973E-05
0.0204852 0.0643892 9.9982E-05 0.549962 0.04012 0.089363 0.116236 9.9982E-05 0.0440955 0.0751495
0.044745 0.0903731 9.9982E-05 0.538824 0.0508279 0.0294555 0.127883 9.9982E-05 0.0509505 0.0667412
0.0125014 0.114152 0.000191118 0.613644 0.0667849 0.0438765 0.0731782 0.00269123 0.0286542 0.0443265
0.0238826 0.0176297 0.028854 0.194596 0.126326 0.0337073 0.489007 9.9982E-05 9.9982E-05 0.0857973
0.00328886 0.0445237 9.9982E-05 0.519503 0.0550327 0.0160083 0.296616 0.029025 0.035802 9.9982E-05
0.0505398 0.0360853 0.0197218 0.603991 0.0979473 9.9982E-05 0.147376 0.00582453 9.9982E-05 0.0383138
0.0268942 0.0256134 0.070597 0.399227 0.0847644 0.0722215 0.236967 0.0209407 0.0511034 0.011672
0.0370213 0.00575784 9.9973E-05 0.103764 0.109766 0.150971 0.444596 9.9973E-05 9.9973E-05 0.147823
0.00613166 0.0761904 0.012978 0.572435 0.0552699 0.0662433 0.135538 0.0353603 0.0384638 0.00139022
0.00454613 0.0244758 0.0259509 0.517913 0.0807402 9.9991E-05 0.239651 0.0189669 0.0419465 0.0457097
9.9973E-05 0.0209379 0.0650366 0.0785952 0.133829 0.136108 0.527685 0.0375082 9.9973E-05 9.9973E-05
9.9964E-05 0.0165084 9.9964E-05 0.430257 0.095994 9.9964E-05 0.365545 0.0107875 0.0805088 9.9964E-05
9.9973E-05 0.0766675 9.9973E-05 0.579678 0.05686 9.9973E-05 0.069511 0.0252424 0.152776 0.0389642
9.999E-05 0.0792841 0.0303002 0.595209 0.0366995 0.0312086 0.179456 0.024762 0.0210653 0.00191542
0.0432475 0.0343257 9.9991E-05 0.270922 0.147597 0.0697614 0.339125 0.0764023 0.00874665 0.00977284
0.0246298 0.0373521 0.0254859 0.499109 0.144351 0.021727 0.202929 0.0376708 9.9991E-05 0.00664552
9.999E-05 0.0309684 0.0308412 0.542294 0.0507556 0.0109907 0.179259 0.0239486 0.0956695 0.035173
9.9964E-05 0.0331949 9.9964E-05 0.243487 0.159764 0.0728074 0.45637 0.0339763 9.9964E-05 9.9964E-05
9.9964E-05 9.9964E-05 0.0295018 0.497347 0.450899 9.9964E-05 0.00540922 0.000909076 9.9964E-05 0.0155344
0.0175883 9.9964E-05 0.00386275 0.182336 0.686583 9.9964E-05 0.0812443 0.0279856 9.9964E-05 9.9964E-05
0.0270935 0.0695978 0.0961593 0.510214 0.191427 9.9982E-05 0.0420833 9.9982E-05 0.0509214 0.0123044
9.9955E-05 0.0323394 9.9955E-05 0.00395781 0.90058 0.0290576 9.9955E-05 9.9955E-05 0.0335659 9.9955E-05
9.9946E-05 0.00316193 9.9946E-05 9.9946E-05 0.88983 0.0628245 9.9946E-05 9.9946E-05 0.0435834 9.9946E-05
9.9937E-05 9.9937E-05 9.9937E-05 0.238138 0.723561 9.9937E-05 9.9937E-05 9.9937E-05 0.0376021 9.9937E-05
9.9955E-05 9.9955E-05 0.0230982 0.466922 0.430006 9.9955E-05 0.0550745 0.0243998 9.9955E-05 9.9955E-05
0.0239092 0.0838344 0.0168095 0.526845 0.136693 9.9991E-05 0.0485718 0.00666847 0.0831004 0.0734681
9.9964E-05 0.0121106 9.9964E-05 0.495654 0.438425 0.000745405 9.9964E-05 0.00493136 0.0477338 9.9964E-05
9.9955E-05 9.9955E-05 0.000908614 0.190332 0.596901 9.9955E-05 0.165578 9.9955E-05 9.9955E-05 0.0457804
9.9964E-05 9.9964E-05 0.0103333 0.24816 0.539089 9.9964E-05 0.182655 0.0153784 9.9964E-05 0.00398472
0.0472063 0.00228761 9.9982E-05 0.476457 0.285441 0.0302593 0.0822792 0.0331384 9.9982E-05 0.0427311
9.9955E-05 9.9955E-05 0.0537167 0.339023 0.556681 9.9955E-05 0.0387902 0.01129 9.9955E-05 9.9955E-05
9.9955E-05 9.9955E-05 9.9955E-05 0.440477 0.416319 9.9955E-05 0.0977664 0.0446304 9.9955E-05 0.000307205
9.9964E-05 0.0219562 9.9964E-05 0.457299 0.442848 0.0178031 9.9964E-05 0.00209132 0.0576024 9.9964E-05
9.9946E-05 0.13049 9.9946E-05 9.9946E-05 0.722939 0.0380364 9.9946E-05 9.9946E-05 0.107935 9.9946E-05
9.999E-05 0.0336994 0.00385377 0.609898 0.23139 0.0264338 0.00264316 0.00107975 0.0294979 0.0614041
9.9955E-05 9.9955E-05 0.00890226 0.083591 9.9955E-05 9.9955E-05 0.064675 0.0604015 9.9955E-05 0.78193
9.9946E-05 9.9946E-05 0.0184677 0.0634115 9.9946E-05 9.9946E-05 9.9946E-05 0.0670388 9.9946E-05 0.850482
0.0545188 9.9946E-05 9.9946E-05 0.0828933 9.9946E-05 9.9946E-05 9.9946E-05 0.0390297 9.9946E-05 0.822958
0.025199 0.000678823 9.9955E-05 0.0359873 9.9955E-05 9.9955E-05 9.9955E-05 0.0382983 9.9955E-05 0.899337
0.043336 9.9946E-05 9.9946E-05 9.9946E-05 9.9946E-05 9.9946E-05 9.9946E-05 0.0315196 0.011837 0.912708
0.0416709 9.9964E-05 9.9964E-05 0.0743336 9.9964E-05 0.00220376 9.9964E-05 0.0131311 0.0153652 0.852896
9.9946E-05 9.9946E-05 0.0471567 0.052348 9.9946E-05 9.9946E-05 9.9946E-05 0.0297641 9.9946E-05 0.870132
0.02667 0.0314884 0.0345092 0.565744 0.215281 9.9991E-05 0.04765 0.0255851 0.0198011 0.0331706
0.00869097 0.041877 0.0240485 0.544296 0.125375 0.047839 0.0652216 0.0268291 0.0252465 0.0905766
9.9946E-05 9.9946E-05 9.9946E-05 0.0537445 0.680679 9.9946E-05 0.20315 9.9946E-05 9.9946E-05 0.0618264
0.0556174 9.9973E-05 9.9973E-05 0.566271 0.138663 9.9973E-05 0.050919 0.0547027 0.0804122 0.0531152
9.9964E-05 9.9964E-05 9.9964E-05 0.418967 0.439551 9.9964E-05 0.113921 0.00630976 0.00207843 0.0187721
9.9964E-05 9.9964E-05 0.0224339 0.543249 0.358544 0.00857438 9.9964E-05 0.0263717 9.9964E-05 0.0404274
0.0168266 9.9973E-05 0.0282126 0.540735 0.241947 0.0906626 9.9973E-05 0.00559777 0.0757188 9.9973E-05
0.0426627 0.00810682 0.0150151 0.479526 0.355794 9.9982E-05 0.0134056 0.00854095 0.076749 9.9982E-05
9.9955E-05 9.9955E-05 0.0538986 0.00703229 0.673224 9.9955E-05 0.252031 9.9955E-05 9.9955E-05 0.0133142
0.00666215 0.0133106 9.9982E-05 0.57332 0.106251 0.0839524 0.127215 0.0116726 9.9982E-05 0.0774156
9.9982E-05 0.0130495 0.00535683 0.677592 0.113937 0.102356 0.0402502 0.00162432 9.9982E-05 0.0456346
0.034306 9.9982E-05 9.9982E-05 0.585582 0.116519 0.0469204 0.0734375 0.00342063 0.0331205 0.106494
0.0369658 0.0270579 9.9973E-05 0.234698 0.514629 0.0949251 0.0206312 9.9973E-05 0.0707927 9.9973E-05
0.00700103 0.00666016 0.00298193 0.500659 0.437831 9.9964E-05 9.9964E-05 9.9964E-05 0.0444672 9.9964E-05
9.9946E-05 9.9946E-05 9.9946E-05 0.467334 0.381294 9.9946E-05 0.124978 9.9946E-05 9.9946E-05 0.0257941
0.00520792 9.9955E-05 9.9955E-05 0.37933 0.557457 0.00389461 9.9955E-05 9.9955E-05 0.0536107 9.9955E-05
9.9955E-05 9.9955E-05 0.0237535 0.460352 0.381384 9.9955E-05 0.0982531 9.9955E-05 9.9955E-05 0.0357581
0.0276027 9.9973E-05 9.9973E-05 0.53464 0.143562 9.9973E-05 0.10997 0.0173198 0.0538154 0.112791
0.0204203 0.1471 9.9973E-05 0.302528 0.0276342 9.9973E-05 0.358414 0.000817604 0.142786 9.9973E-05
9.9964E-05 0.0198349 9.9964E-05 0.408733 0.0118163 0.126446 0.371466 9.9964E-05 9.9964E-05 0.0613037
0.0502322 0.0314474 9.9982E-05 0.533102 9.9982E-05 0.0358915 0.193767 0.00187741 0.0437045 0.109777
0.00129685 0.06023 9.9991E-05 0.603885 0.0330299 0.0332288 0.117299 0.0127633 0.0362172 0.10195
9.9982E-05 0.00430907 0.0232556 0.440785 0.053187 0.0876583 0.350832 0.0173537 9.9982E-05 0.0224189
0.00465317 0.008177 9.9982E-05 0.593029 0.0431998 0.00206938 0.229416 9.9982E-05 0.0463128 0.0729426
9.9982E-05 0.00140322 0.000820481 0.46393 9.9982E-05 0.0450981 0.388457 0.00791866 0.0337746 0.0583976
9.9982E-05 0.124836 9.9982E-05 0.513113 0.075324 0.00205327 0.142624 0.0225797 0.0750444 0.0442255
9.9982E-05 0.0311492 0.0160772 0.619662 9.9982E-05 0.0482463 0.147464 0.00800715 0.0542041 0.0749899
9.9982E-05 0.0279637 9.9982E-05 0.585065 0.00972494 0.0451588 0.282817 0.018832 0.00247614 0.0277626
9.9982E-05 9.9982E-05 0.0136015 0.548254 0.0468339 0.0188961 0.283886 0.00175664 0.0482823 0.03829
0.0512139 0.0244768 9.9982E-05 0.592663 0.0118793 0.0707099 0.103021 9.9982E-05 0.0642345 0.0816016
0.00392795 0.0576086 0.0476517 0.613752 9.9982E-05 0.0148525 0.138301 9.9982E-05 0.0599246 0.0637818
0.0312146 0.0494563 9.9973E-05 0.583813 0.0344965 9.9973E-05 0.166479 9.9973E-05 0.0892666 0.0449735
0.0366369 9.9991E-05 0.0322811 0.575332 0.00249672 0.0540271 0.108799 0.0211241 0.113994 0.0552092
0.0286762 0.0330644 9.9982E-05 0.593422 0.00411033 0.00399895 0.190368 0.011186 0.134974 9.9982E-05
0.00947275 0.168742 0.0146592 0.32775 0.0362686 0.0656467 0.270215 0.0320638 0.0623086 0.0128724
9.9964E-05 0.0912933 9.9964E-05 0.636427 9.9964E-05 9.9964E-05 0.155262 0.0152429 0.0741654 0.0272094
9.9964E-05 0.0503421 0.0115357 0.673242 9.9964E-05 0.0187525 0.161975 9.9964E-05 0.0837529 9.9964E-05
9.9964E-05 0.03155 0.0501193 0.235144 0.0875446 9.9964E-05 0.586772 9.9964E-05 0.00847035 9.9964E-05
0.00226279 0.162236 9.9973E-05 0.153336 0.091635 0.0517048 0.322495 9.9973E-05 0.216031 9.9973E-05
0.00568622 0.0389937 0.0172235 0.53721 0.0113771 0.0383713 0.240236 0.017357 0.0733529 0.0201917
9.9964E-05 0.141738 9.9964E-05 0.0517065 0.152582 0.0731668 0.364309 9.9964E-05 0.216098 9.9964E-05
9.9973E-05 0.0319083 0.00240819 0.363186 0.0338094 0.0176745 0.537827 0.0128869 9.9973E-05 9.9973E-05
9.9964E-05 9.9964E-05 0.00114343 0.469058 0.0485723 0.0279763 0.415812 9.9964E-05 0.0370386 9.9964E-05
9.9964E-05 0.0121392 9.9964E-05 0.362462 0.106359 9.9964E-05 0.47567 0.0224336 0.0205367 9.9964E-05
0.00212719 9.9973E-05 9.9973E-05 0.351538 0.0456818 0.0789787 0.516307 9.9973E-05 0.000738092 0.00432869
9.9973E-05 0.0276682 9.9973E-05 0.608094 0.0407269 0.111355 0.181878 0.00890029 9.9973E-05 0.0210783
0.0713504 0.0401417 9.9982E-05 0.551087 0.0403432 0.0376023 0.140838 9.9982E-05 0.022714 0.0957238
0.0442079 0.000275689 9.9982E-05 0.539694 0.066553 0.0325731 0.243923 0.0224236 0.0501504 9.9982E-05
9.9964E-05 0.109396 9.9964E-05 0.179311 0.0569811 0.101916 0.407389 9.9964E-05 0.144606 9.9964E-05
0.0155655 0.0382494 0.0364714 0.472662 0.0549596 0.100323 0.136474 0.0145838 0.042689 0.0880225
0.0045289 0.143846 0.00492706 0.447244 0.0713141 0.152429 0.0344702 0.0181631 0.0842455 0.038833
9.9955E-05 0.280969 9.9955E-05 9.9955E-05 0.121825 0.389557 0.071631 9.9955E-05 0.135518 9.9955E-05
0.0280437 0.0615097 0.0196221 0.620959 0.00700629 0.167399 0.0253548 0.0105772 0.0594281 9.9991E-05
0.048457 0.120081 9.9991E-05 0.217542 0.132251 0.320077 0.0351492 0.0134131 0.105115 0.00781389
0.038502 0.0799812 9.9991E-05 0.480615 0.00212344 0.168497 0.0584666 0.0105817 0.0724935 0.0886388
9.9973E-05 0.166668 9.9973E-05 0.19595 0.0450898 0.396329 0.113501 0.0139965 0.068166 9.9973E-05
9.9982E-05 0.135637 9.9982E-05 0.0195911 0.102796 0.439936 0.127977 0.0107251 0.152809 0.0103289
0.00733508 0.0885563 0.00399819 0.338532 0.0952749 0.252893 0.119501 0.00386498 0.0899457 9.9991E-05
0.046777 0.00404927 9.9991E-05 0.456349 0.0346677 0.173067 0.120606 0.037634 0.0481674 0.0785822
0.00647278 0.142064 0.0310621 0.40134 0.1104 0.100002 0.151664 0.0193319 0.0134927 0.0241706
0.0323989 0.200109 0.00722864 0.0848861 0.197349 0.193234 0.11309 0.00246166 0.169143 9.9991E-05
0.00610091 0.0512434 9.9991E-05 0.563942 0.0343965 0.0415451 0.112424 0.0280031 0.0758844 0.0863607
9.9964E-05 0.0700952 9.9964E-05 0.239593 0.110422 0.378524 0.0608003 9.9964E-05 0.140165 9.9964E-05
9.9964E-05 0.0945545 9.9964E-05 0.428257 0.0960383 0.220045 0.0731067 9.9964E-05 0.0875985 9.9964E-05
0.00227106 0.0337137 9.9991E-05 0.580673 0.0602573 0.188799 0.00748847 0.00813735 0.00923883 0.109321
0.20276 0.20254 0.0679232 0.134155 9.9982E-05 0.149239 0.000598519 0.038845 9.9982E-05 0.20374
0.084107 0.504123 0.0942756 9.9955E-05 9.9955E-05 0.0743113 9.9955E-05 9.9955E-05 9.9955E-05 0.242684
0.0688073 0.477611 0.160918 9.9964E-05 9.9964E-05 0.106129 9.9964E-05 0.00837098 9.9964E-05 0.177764
0.206208 0.271907 0.0761451 0.108389 9.9973E-05 0.130955 9.9973E-05 0.0177814 9.9973E-05 0.188314
9.9964E-05 9.9964E-05 0.014797 0.577797 0.0653701 0.296629 9.9964E-05 0.00119291 0.0438144 9.9964E-05
0.0138249 0.0130189 9.9991E-05 0.616592 0.0532168 0.108123 0.0354331 0.00882977 0.0422966 0.108566
0.644831 9.9946E-05 9.9946E-05 0.322677 9.9946E-05 9.9946E-05 0.0225104 0.00938243 9.9946E-05 9.9946E-05
0.430045 0.0118611 0.00704713 0.392031 0.0318348 9.9982E-05 0.0993132 0.0188929 0.00877473 9.9982E-05
0.34318 0.0444278 0.00186106 0.371348 9.9991E-05 0.026847 0.0829833 0.0159891 0.0272088 0.0860552
9.9973E-05 0.0473081 9.9973E-05 0.215703 0.0737085 0.449849 0.0226149 0.0107716 0.179745 9.9973E-05
0.0260136 0.0252196 0.0140634 0.469557 0.140053 0.11538 0.0448765 0.0151002 0.0364982 0.113238
9.9964E-05 0.0478218 9.9964E-05 0.169033 0.0356717 0.560265 0.0406329 9.9964E-05 0.146176 9.9964E-05
9.9964E-05 0.0600381 9.9964E-05 0.541435 9.9964E-05 0.244637 0.0172684 9.9964E-05 0.108173 0.0280491
0.0255435 0.0254505 0.0140078 0.418079 9.9973E-05 0.305029 0.0537777 9.9973E-05 0.157813 9.9973E-05
9.9955E-05 0.0279118 9.9955E-05 0.493712 9.9955E-05 0.366072 9.9955E-05 0.0107316 0.101073 9.9955E-05
9.9964E-05 0.0765481 9.9964E-05 0.0996725 0.0858293 0.619316 0.0126904 9.9964E-05 0.105543 9.9964E-05
0.0214044 9.9973E-05 9.9973E-05 0.626988 0.03681 0.181188 9.9973E-05 0.0414274 0.0425784 0.0493044
9.9991E-05 0.0897488 0.0232121 0.565039 0.0831697 0.115232 0.0172274 0.014961 0.0464473 0.0448637
0.958068 9.9946E-05 9.9946E-05 0.0222125 9.9946E-05 0.0113722 9.9946E-05 9.9946E-05 9.9946E-05 0.00774767
0.909101 9.9946E-05 9.9946E-05 0.0556123 9.9946E-05 0.00370175 9.9946E-05 9.9946E-05 0.0309849 9.9946E-05
0.489843 9.9982E-05 9.9982E-05 0.306785 0.000557221 0.0127859 0.0749979 0.0254431 0.0434148 0.0459732
0.618292 9.9946E-05 9.9946E-05 0.347186 9.9946E-05 9.9946E-05 0.0232357 9.9946E-05 9.9946E-05 0.0106872
0.803759 9.9955E-05 9.9955E-05 0.127152 9.9955E-05 0.0283225 0.0205816 0.0196861 9.9955E-05 9.9955E-05
0.999101 9.99201E-05 9.99201E-05 9.99201E-05 9.99201E-05 9.99201E-05 9.99201E-05 9.99201E-05 9.99201E-05 9.99201E-05
0.961008 9.9946E-05 9.9946E-05 0.00140137 9.9946E-05 9.9946E-05 0.0353938 9.9946E-05 0.00159712 9.9946E-05
0.85485 9.9937E-05 9.9937E-05 0.140226 9.9937E-05 9.9937E-05 0.00422397 9.9937E-05 9.9937E-05 9.9937E-05
0.948066 9.9946E-05 9.9946E-05 9.9946E-05 9.9946E-05 9.9946E-05 0.0483235 0.00173434 9.9946E-05 0.00127686
0.999101 9.99201E-05 9.99201E-05 9.99201E-05 9.99201E-05 9.99201E-05 9.99201E-05 9.99201E-05 9.99201E-05 9.99201E-05
0.999101 9.99201E-05 9.99201E-05 9.99201E-05 9.99201E-05 9.99201E-05 9.99201E-05 9.99201E-05 9.99201E-05 9.99201E-05
0.761336 9.9955E-05 9.9955E-05 0.179502 9.9955E-05 9.9955E-05 0.017308 0.016618 0.0247363 9.9955E-05
0.738219 0.0352164 0.00537386 0.156867 9.9964E-05 9.9964E-05 0.0364036 9.9964E-05 9.9964E-05 0.0275209
0.999101 9.99201E-05 9.99201E-05 9.99201E-05 9.99201E-05 9.99201E-05 9.99201E-05 9.99201E-05 9.99201E-05 9.99201E-05
0.394501 9.9982E-05 9.9982E-05 0.354134 0.0340134 0.00517366 0.0723329 0.00389186 0.0435055 0.0922481
0.597664 9.9982E-05 9.9982E-05 0.262794 0.0145416 0.0127351 0.00586252 0.0311155 0.028707 0.0463801
0.791888 0.00185406 0.0253044 0.168631 9.9955E-05 9.9955E-05 9.9955E-05 9.9955E-05 9.9955E-05 0.0118232
0.894302 9.9955E-05 0.0167022 0.0830506 0.00220068 0.00324484 9.9955E-05 9.9955E-05 9.9955E-05 9.9955E-05
0.999101 9.99201E-05 9.99201E-05 9.99201E-05 9.99201E-05 9.99201E-05 9.99201E-05 9.99201E-05 9.99201E-05 9.99201E-05
0.952623 0.00165773 0.00630865 0.0388109 9.9946E-05 9.9946E-05 9.9946E-05 9.9946E-05 9.9946E-05 9.9946E-05
0.980897 9.9928E-05 9.9928E-05 9.9928E-05 9.9928E-05 9.9928E-05 9.9928E-05 0.0183039 9.9928E-05 9.9928E-05
0.602533 9.9982E-05 9.9982E-05 0.235316 0.0222826 0.0248243 0.0163462 0.00183035 0.0172395 0.0794279
0.964368 0.00562457 9.9946E-05 9.9946E-05 0.0194103 9.9946E-05 9.9946E-05 0.00999742 9.9946E-05 9.9946E-05
0.00586352 0.223991 0.0873079 9.9964E-05 9.9964E-05 0.513813 9.9964E-05 9.9964E-05 0.0382801 0.130345
0.089327 0.03313 0.0485098 0.313119 9.9991E-05 0.324521 0.040077 0.0056454 0.00972016 0.135851
0.0632421 0.0497174 0.0550963 0.402959 9.9982E-05 0.331754 0.00134244 0.0333008 9.9982E-05 0.0623883
0.107452 0.164852 0.0230893 0.123497 9.9973E-05 0.496778 9.9973E-05 0.0024149 9.9973E-05 0.081617
0.0828657 0.0643272 0.114297 0.429877 0.0731442 0.140583 0.0600328 0.010108 9.9991E-05 0.0246653
0.127973 0.0928726 0.102263 0.0334519 9.9982E-05 0.481677 9.9982E-05 0.00820234 0.0435586 0.109801
0.0505936 0.0727027 0.060296 0.437983 9.9982E-05 0.117291 0.0632011 9.9982E-05 0.0523868 0.145346
0.0865606 0.099938 0.0686393 0.265852 9.9973E-05 0.38266 9.9973E-05 0.00317836 9.9973E-05 0.0928722
0.129227 0.0783229 0.0349919 0.399029 9.9973E-05 0.267446 9.9973E-05 0.0185382 9.9973E-05 0.0721454
0.102257 0.0941889 0.0735989 0.326859 9.9973E-05 0.318917 9.9973E-05 0.0401215 9.9973E-05 0.0437587
0.112686 0.0384709 0.0142432 0.415528 0.0656754 0.182277 9.9982E-05 0.0117909 9.9982E-05 0.159128
9.9946E-05 9.9946E-05 9.9946E-05 0.0452398 9.9946E-05 0.0572571 9.9946E-05 0.0157582 9.9946E-05 0.881145
0.0626127 0.0136613 9.9964E-05 9.9964E-05 9.9964E-05 0.0396479 9.9964E-05 0.0227827 0.00650565 0.85439
9.9955E-05 9.9955E-05 9.9955E-05 0.00835636 9.9955E-05 9.9955E-05 0.012065 0.0229747 0.0100225 0.946082
9.9946E-05 0.058677 0.000387612 9.9946E-05 9.9946E-05 9.9946E-05 9.9946E-05 0.00337108 9.9946E-05 0.936965
9.9973E-05 0.00285961 0.0297496 0.0567116 9.9973E-05 0.000966962 0.0154118 0.0479902 9.9973E-05 0.84601
9.9937E-05 0.0312995 9.9937E-05 9.9937E-05 9.9937E-05 9.9937E-05 9.9937E-05 0.0453548 9.9937E-05 0.922646
0.0424712 9.9964E-05 0.0501965 0.0105541 9.9964E-05 9.9964E-05 0.00458675 0.0540336 9.9964E-05 0.837758
9.9955E-05 0.0319955 0.0968209 9.9955E-05 9.9955E-05 9.9955E-05 0.0202162 0.0474427 9.9955E-05 0.803025
0.0419975 0.0280627 0.0145205 0.00182724 0.0154293 0.0342394 9.9982E-05 0.0215708 9.9982E-05 0.842153
0.00701558 0.0933968 9.9973E-05 0.0261236 9.9973E-05 0.00572873 0.0016339 0.018775 9.9973E-05 0.847026
9.9973E-05 0.035775 0.0707043 9.9973E-05 0.0685363 0.0466395 0.236573 0.00693556 9.9973E-05 0.534537
9.9973E-05 9.9973E-05 0.0745613 9.9973E-05 0.0434225 0.019172 0.293855 0.0215908 0.0113894 0.535709
9.9982E-05 0.0122203 0.0379887 9.9982E-05 0.0298977 0.078307 0.325248 0.0112187 0.00536607 0.499554
9.9955E-05 9.9955E-05 0.104919 9.9955E-05 0.0392734 0.128869 0.344312 9.9955E-05 9.9955E-05 0.382127
9.9973E-05 0.0247273 0.0437496 0.461422 0.239027 0.00446535 0.174011 0.0522974 9.9973E-05 9.9973E-05
0.000322351 9.9982E-05 0.0529531 0.500136 0.29067 9.9982E-05 0.114595 0.0150123 0.0151771 0.0109345
9.9964E-05 9.9964E-05 9.9964E-05 0.563821 0.162548 9.9964E-05 0.174988 0.00279446 0.0525587 0.0428894
9.9955E-05 9.9955E-05 0.0141725 0.366059 0.292085 9.9955E-05 0.296617 0.0305663 9.9955E-05 9.9955E-05
0.00900133 0.00895486 9.9973E-05 0.209115 0.0336711 0.083475 0.583979 9.9973E-05 0.0715036 9.9973E-05
9.9964E-05 0.0305636 9.9964E-05 0.671488 0.195449 9.9964E-05 0.0462968 9.9964E-05 0.0233832 0.0324196
9.9946E-05 9.9946E-05 9.9946E-05 0.600041 0.241036 0.0133092 0.145014 9.9946E-05 9.9946E-05 9.9946E-05
9.9973E-05 0.0286659 0.00928835 0.53472 0.268917 9.9973E-05 0.04399 0.00965102 0.104468 9.9973E-05
0.0110436 9.9946E-05 9.9946E-05 0.356726 0.576387 9.9946E-05 9.9946E-05 9.9946E-05 0.0552439 9.9946E-05
0.0131693 0.0202959 0.0124001 0.585771 0.12938 0.0160134 0.0894058 0.00469929 0.0823244 0.0465404
9.9955E-05 9.9955E-05 9.9955E-05 0.409188 0.484964 9.9955E-05 0.0832446 0.00579711 9.9955E-05 0.0163066
9.9937E-05 9.9937E-05 9.9937E-05 9.9937E-05 0.837131 0.00555844 9.9937E-05 9.9937E-05 0.156611 9.9937E-05
0.00203177 0.0231773 9.9982E-05 0.572778 0.132276 9.9982E-05 0.1619 0.00760559 0.0318668 0.068165
9.9955E-05 0.0341048 9.9955E-05 0.138048 0.627464 0.0770476 9.9955E-05 9.9955E-05 0.122835 9.9955E-05
9.9973E-05 0.00759877 9.9973E-05 0.52282 0.353611 9.9973E-05 0.0295918 0.0311709 0.0354081 0.0194996
9.9946E-05 9.9946E-05 9.9946E-05 0.179091 0.629237 9.9946E-05 0.181666 9.9946E-05 9.9946E-05 0.00940562
9.9937E-05 9.9937E-05 9.9937E-05 9.9937E-05 9.9937E-05 0.130804 0.714509 9.9937E-05 9.9937E-05 0.153987
9.9964E-05 9.9964E-05 0.00281888 0.0320264 9.9964E-05 0.16909 0.684528 9.9964E-05 0.00228511 0.108852
9.9946E-05 9.9946E-05 9.9946E-05 0.00799861 9.9946E-05 0.175403 0.713005 9.9946E-05 9.9946E-05 0.102994
9.9937E-05 9.9937E-05 9.9937E-05 9.9937E-05 9.9937E-05 0.115884 0.742593 9.9937E-05 9.9937E-05 0.140824
9.9946E-05 9.9946E-05 9.9946E-05 0.0847143 9.9946E-05 0.136777 0.694768 9.9946E-05 9.9946E-05 0.0831409
0.0273977 9.9955E-05 9.9955E-05 0.0461834 9.9955E-05 0.159049 0.693811 9.9955E-05 9.9955E-05 0.0730597
0.0609394 9.9955E-05 9.9955E-05 0.0180268 0.0568983 9.9955E-05 9.9955E-05 0.00837703 9.9955E-05 0.855259
9.9964E-05 0.0510196 0.0477512 0.0951161 0.052066 9.9964E-05 9.9964E-05 0.00769936 9.9964E-05 0.745948
0.019218 0.00568932 9.9991E-05 0.143356 0.024638 0.00114388 0.00791242 0.0276487 0.0116884 0.758606
0.0740979 9.9955E-05 0.0267579 9.9955E-05 0.0796819 9.9955E-05 9.9955E-05 0.0023571 9.9955E-05 0.816605
0.0370708 9.9964E-05 0.0522937 0.126968 9.9964E-05 0.0418081 9.9964E-05 0.0135389 9.9964E-05 0.72792
9.9964E-05 0.000581922 0.0988253 9.9964E-05 9.9964E-05 0.0883107 0.484696 0.00795811 9.9964E-05 0.319228
9.9964E-05 9.9964E-05 0.116723 9.9964E-05 9.9964E-05 0.0405139 0.458209 0.0188307 0.0135669 0.351757
9.9973E-05 0.0117017 0.168483 0.0256486 9.9973E-05 9.9973E-05 0.447925 0.0206491 0.0225694 0.302724
9.99201E-05 9.99201E-05 9.99201E-05 9.99201E-05 9.99201E-05 9.99201E-05 9.99201E-05 0.999101 9.99201E-05 9.99201E-05
9.9973E-05 9.9973E-05 0.176113 9.9973E-05 0.0153906 0.0260145 0.48978 0.0137978 0.0121532 0.266451
0.217722 0.218754 0.0531004 0.323467 9.9982E-05 0.00976853 9.9982E-05 0.00781129 0.00651024 0.162666
0.142117 0.0828696 0.0278838 0.549491 0.0278278 9.9982E-05 0.0165527 0.00989312 9.9982E-05 0.143165
0.198894 0.0101519 0.00297814 0.589077 9.9964E-05 9.9964E-05 9.9964E-05 0.0077423 9.9964E-05 0.190757
0.209325 0.113262 0.0122348 0.329192 0.00853931 0.0820896 9.9982E-05 9.9982E-05 0.0108971 0.234261
0.0974434 0.0496507 0.0131239 0.53153 9.9991E-05 0.0102641 0.109129 0.0369231 0.0491138 0.102721
0.257256 0.364264 0.0609319 9.9973E-05 9.9973E-05 0.0321298 9.9973E-05 0.00847538 0.00407291 0.27257
9.9973E-05 9.9973E-05 0.024278 0.465876 9.9973E-05 0.0618204 0.388274 0.000490427 0.0460451 0.0129158
9.9973E-05 0.0537531 0.0036096 0.41431 0.0616945 0.0907998 0.19572 9.9973E-05 0.179813 9.9973E-05
9.9973E-05 9.9973E-05 0.0248866 0.287253 0.055398 0.0540017 0.523141 0.00726896 0.0477506 9.9973E-05
9.9964E-05 0.0213769 9.9964E-05 0.515173 0.031969 0.103905 0.158383 9.9964E-05 0.168793 9.9964E-05
9.9955E-05 0.0960816 9.9955E-05 9.9955E-05 0.0794337 0.145812 0.355697 9.9955E-05 0.322476 9.9955E-05
0.0286441 0.0430121 0.00950038 0.53256 0.0520557 0.107855 0.146386 0.0154199 0.0144381 0.0501295
0.028645 0.0381498 0.0107423 0.518406 0.0726342 0.0768797 0.128784 9.9991E-05 0.101254 0.0244052
9.9982E-05 0.0584661 0.0225303 0.346995 0.0648086 0.0105842 0.443445 0.0336484 0.0193218 9.9982E-05
9.9982E-05 0.0142939 0.0625261 0.562152 0.127969 0.0210843 0.139673 9.9982E-05 0.0177138 0.0543881
9.9964E-05 0.101093 9.9964E-05 0.121389 0.168902 0.145058 0.308201 9.9964E-05 0.154957 9.9964E-05
9.9973E-05 0.0613547 9.9973E-05 0.570096 0.0672811 0.0423136 0.161181 0.00704445 0.0904293 9.9973E-05
9.9964E-05 0.00839271 0.0615901 0.52966 0.01822 9.9964E-05 0.299098 9.9964E-05 0.0826387 9.9964E-05
0.134633 0.129542 0.0412936 0.39403 0.103176 0.0278899 0.132461 9.9991E-05 0.0165109 0.0203637
9.9955E-05 0.148557 9.9955E-05 0.334999 0.127425 9.9955E-05 0.249596 9.9955E-05 0.138922 9.9955E-05
9.9964E-05 0.0757388 9.9964E-05 0.379439 0.096018 0.125753 0.200129 9.9964E-05 0.122522 9.9964E-05
0.00381697 0.0510114 9.9982E-05 0.56687 0.0434697 0.0463068 0.150431 9.9982E-05 0.13502 0.00287364
9.9973E-05 0.0113512 9.9973E-05 0.523108 0.0694903 0.0925982 0.191381 0.0178614 0.0939103 9.9973E-05
0.0197893 0.0353064 9.9991E-05 0.626711 0.0196103 0.0318959 0.149761 0.0214443 0.0935262 0.00185558
0.0837817 0.00674887 9.9991E-05 0.465639 0.0565416 0.0484855 0.168194 0.0182278 0.0374829 0.114799
9.9982E-05 0.0480901 0.0381261 0.561077 0.0938273 9.9982E-05 0.164461 0.0155482 0.030206 0.0484648
0.0529682 9.9946E-05 9.9946E-05 0.108585 9.9946E-05 9.9946E-05 9.9946E-05 0.00892964 9.9946E-05 0.828918
9.9937E-05 9.9937E-05 9.9937E-05 0.118613 9.9937E-05 9.9937E-05 9.9937E-05 0.00600614 9.9937E-05 0.874681
9.9946E-05 9.9946E-05 9.9946E-05 0.0566988 9.9946E-05 0.0316632 9.9946E-05 0.0384646 9.9946E-05 0.872574
0.0656673 9.9964E-05 0.0222743 9.9964E-05 0.000586607 9.9964E-05 9.9964E-05 0.0136702 0.0181733 0.879228
9.9946E-05 9.9946E-05 0.030193 0.0644233 9.9946E-05 9.9946E-05 9.9946E-05 0.0235914 9.9946E-05 0.881193
0.00302719 0.0839614 9.9973E-05 0.163423 0.0548753 0.0730802 0.61514 0.00619267 9.9973E-05 9.9973E-05
0.0118919 0.0755382 9.9982E-05 0.512676 0.0400102 9.9982E-05 0.196532 0.0178876 0.114351 0.0309129
0.213983 0.0396534 0.0478158 0.383273 9.9991E-05 0.112579 0.0216009 0.0107845 0.0416013 0.12861
0.0236075 0.00446861 0.00683021 0.665016 0.0267712 0.00881821 0.204412 0.0242883 0.0356874 9.9991E-05
9.9964E-05 0.0471238 0.00377184 0.508046 0.0731286 9.9964E-05 0.356713 0.0108167 9.9964E-05 9.9964E-05
9.9964E-05 0.144865 9.9964E-05 0.26748 0.0909711 0.0786795 0.304825 9.9964E-05 0.112779 9.9964E-05
9.9973E-05 0.0757584 0.0286546 0.0579829 0.0527462 9.9973E-05 0.757545 0.020139 9.9973E-05 0.00687384
9.9991E-05 0.0279194 0.04549 0.477045 0.0660351 0.0158893 0.32672 0.0322889 0.0014964 0.00701553
0.0368884 0.0329043 9.9973E-05 0.259636 9.9973E-05 0.0447667 0.600575 9.9973E-05 0.00168162 0.0232476
0.00505395 0.0562781 9.9991E-05 0.443907 0.0912422 0.114665 0.159752 0.000630792 0.0738425 0.0545276
9.9973E-05 0.0515995 0.0664726 0.192161 9.9973E-05 0.00178946 0.655683 9.9973E-05 0.0214976 0.0104966
0.0371825 9.9973E-05 0.0273212 0.572787 0.0214748 9.9973E-05 0.242279 9.9973E-05 0.0458416 0.0528139
0.0131502 0.0345314 0.00528473 0.157957 0.130625 0.0798653 0.535298 0.031261 9.9991E-05 0.0119277
0.0985196 0.046956 0.000421471 0.220477 0.111517 0.120207 0.299348 9.9982E-05 0.102353 9.9982E-05
9.9982E-05 0.0467339 0.0142273 0.505085 9.9982E-05 0.172219 0.090925 0.0241449 0.102244 0.0442199
9.9964E-05 0.0069619 9.9964E-05 0.199998 0.0657607 0.55637 0.0518035 9.9964E-05 0.118707 9.9964E-05
9.99673E-05 9.99673E-05 0.0296737 0.461202 0.0601308 0.374515 9.99673E-05 9.99673E-05 0.0599064 0.0141727
9.9982E-05 0.106575 0.0145819 0.544837 0.0063769 0.177877 0.0645446 0.0455618 0.0394454 9.9982E-05
9.9964E-05 0.0117643 9.9964E-05 0.168628 0.0768594 0.661505 0.0210217 9.9964E-05 0.059822 9.9964E-05
0.0441842 0.0158435 0.0340726 0.474293 0.0310035 0.115589 0.0901365 0.0577086 0.107933 0.0292359
9.9982E-05 0.00573851 9.9982E-05 0.443164 0.00738063 0.353474 0.0577859 0.00967043 0.0980793 0.0245079
9.9964E-05 0.0548253 9.9964E-05 0.0471922 0.0816972 0.561751 0.0410546 9.9964E-05 0.21308 9.9964E-05
9.9973E-05 0.0154848 9.9973E-05 0.103995 0.028008 0.712922 0.0131568 0.0137349 0.112398 9.9973E-05
9.9982E-05 0.0210514 0.00969395 0.370053 0.0219478 0.458203 0.0431973 0.00348258 0.072171 9.9982E-05
9.9946E-05 9.9946E-05 9.9946E-05 9.9946E-05 0.170241 0.675361 0.0258134 9.9946E-05 0.127985 9.9946E-05
9.9955E-05 9.9955E-05 9.9955E-05 0.370748 0.0602322 0.480658 0.0406382 9.9955E-05 0.0472236 9.9955E-05
9.9964E-05 0.017205 9.9964E-05 0.196692 0.08186 9.9964E-05 0.662382 0.0239616 0.0174991 9.9964E-05
0.0323615 0.099383 9.9964E-05 0.222217 0.048784 9.9964E-05 0.372035 9.9964E-05 0.224819 9.9964E-05
0.0580785 0.000920907 0.0101831 0.392239 0.0506137 9.9991E-05 0.432164 0.0283225 0.0128198 0.0145583
0.031453 0.000671701 0.00994848 0.577699 0.0729807 9.9973E-05 0.25312 9.9973E-05 9.9973E-05 0.0538277
0.0223483 0.0154231 9.9964E-05 0.264715 0.103767 9.9964E-05 0.588372 9.9964E-05 0.00497399 9.9964E-05
9.9973E-05 0.107069 0.0397403 0.581727 0.0451174 9.9973E-05 0.175887 9.9973E-05 0.0435489 0.00660985
9.9973E-05 0.0246213 9.9973E-05 0.604376 0.0660022 9.9973E-05 0.223517 0.0359915 0.00865058 0.0365415
0.0168863 0.0977752 9.9964E-05 0.538531 0.0713962 9.9964E-05 0.213578 9.9964E-05 0.0614334 9.9964E-05
0.0527587 9.9991E-05 0.00883004 0.489771 0.0672576 0.0118641 0.250436 0.00171454 0.0834355 0.0338316
0.0191503 0.0557004 0.00568806 0.515233 9.9964E-05 9.9964E-05 0.399328 0.00449952 9.9964E-05 9.9964E-05
9.9964E-05 0.0221878 9.9964E-05 0.306698 0.0814896 9.9964E-05 0.536506 0.0270557 0.025663 9.9964E-05
9.9955E-05 0.0284 9.9955E-05 0.462382 0.0289608 9.9955E-05 0.42918 9.9955E-05 0.0505772 9.9955E-05
9.9964E-05 0.105102 9.9964E-05 0.599098 0.0371673 0.011461 0.175855 9.9964E-05 0.0709178 9.9964E-05
0.0347252 0.0613602 0.0178406 0.613274 0.04952 0.012997 0.152418 0.00819915 0.0495657 9.9991E-05
0.0738451 0.140968 9.9982E-05 0.309595 0.105382 9.9982E-05 0.300336 0.00381617 0.0624328 0.0034245
0.0393412 0.0647745 0.000989424 0.510888 0.113821 9.9973E-05 0.179052 9.9973E-05 0.0908343 9.9973E-05
0.0699267 0.00202392 9.9982E-05 0.318719 0.0338068 0.0542849 0.502958 0.0138836 0.00419634 9.9982E-05
9.9964E-05 0.080694 9.9964E-05 0.594007 0.0333579 9.9964E-05 0.263273 9.9964E-05 0.0241575 0.00411142
0.0650618 9.9991E-05 0.00834801 0.404564 0.066191 0.00531463 0.313943 0.0040254 0.0618933 0.0705586
0.0137165 0.0205435 9.9982E-05 0.573005 9.9982E-05 0.0289537 0.132534 0.0366639 0.130615 0.0637689
0.0768002 0.0716184 0.085802 0.459672 9.9982E-05 0.0249607 0.0312989 0.00623889 9.9982E-05 0.243409
0.0947143 0.0956525 9.9973E-05 0.585186 0.00129732 0.0275802 0.0638786 9.9973E-05 9.9973E-05 0.131391
0.104313 0.070721 9.9982E-05 0.467927 9.9982E-05 0.0921472 0.0854373 0.0389732 0.0335222 0.10676
0.080862 0.126248 0.0690335 0.568995 0.0153232 0.0122386 0.0557272 0.00357539 0.0617434 0.00625404
0.104187 0.141704 0.0651004 0.509327 0.0237701 0.00989936 9.9991E-05 0.0167181 0.00503747 0.124156
9.9964E-05 0.0187321 9.9964E-05 0.482216 0.0305269 0.0728776 0.20251 9.9964E-05 0.192737 9.9964E-05
0.118599 0.135748 0.0626172 0.481252 0.0502819 0.0064991 0.0263141 9.9991E-05 0.047865 0.0707233
0.087294 0.36625 9.9982E-05 0.0771689 0.111329 0.132956 0.0565454 9.9982E-05 0.0385732 0.129684
0.0504463 0.154306 9.9973E-05 0.611154 9.9973E-05 0.0438286 0.0746539 0.0291927 9.9973E-05 0.0361185
0.122607 0.118058 9.9973E-05 0.526674 9.9973E-05 9.9973E-05 0.0543315 0.0193071 0.0426419 0.11608
0.11193 0.0698549 0.0133098 0.509884 0.0475089 0.0499751 0.0486234 0.0242913 0.0450297 0.0795927
0.0442042 0.236174 0.0252812 0.32594 0.0284043 0.082348 0.0879812 0.0245137 0.0685227 0.0766305
0.0630973 0.086277 9.9973E-05 0.600174 9.9973E-05 0.0407984 0.0331616 9.9973E-05 0.00788766 0.168304
0.107441 0.0885497 0.0515709 0.526482 9.9991E-05 0.00335454 0.0729178 0.0196444 0.0690498 0.0608899
0.0460104 0.585089 0.0635811 9.9964E-05 0.0176472 9.9964E-05 9.9964E-05 9.9964E-05 0.00849184 0.27878
0.120822 0.0852213 9.9991E-05 0.494103 0.00444687 0.0135123 0.0811646 0.0210064 0.0275632 0.15206
0.126684 0.0893591 0.0057232 0.568195 9.9982E-05 0.00915487 9.9982E-05 0.0024799 0.0482642 0.14994
0.111828 0.0485479 0.0618558 0.55677 0.0336294 0.0460416 0.0766306 0.0299378 0.0346037 0.000155318
0.149387 0.118119 9.9964E-05 0.567987 9.9964E-05 9.9964E-05 9.9964E-05 0.00605351 0.0167489 0.141304
0.0978799 9.9982E-05 0.0285246 0.498444 0.0541897 0.124121 0.00634415 0.0359018 9.9982E-05 0.154394
0.0270806 9.9982E-05 9.9982E-05 0.364856 0.101257 0.0091711 0.00743035 0.00778677 0.449027 0.0331919
0.0191022 0.0138615 0.0240728 0.49044 0.090315 9.9991E-05 0.0353914 0.00419854 0.235202 0.087317
9.9937E-05 9.9937E-05 9.9937E-05 9.9937E-05 0.0437651 9.9937E-05 0.0684393 9.9937E-05 0.887096 9.9937E-05
9.9946E-05 9.9946E-05 9.9946E-05 9.9946E-05 9.9946E-05 0.030537 0.0328235 9.9946E-05 0.92345 0.0125896
0.0155129 0.0182883 0.00471716 0.461036 9.9991E-05 0.0651407 0.00185326 0.0238698 0.336547 0.0729349
0.245989 0.120607 9.9964E-05 0.385005 9.9964E-05 0.0829924 9.9964E-05 9.9964E-05 0.0465972 0.118409
0.219099 0.0940545 0.0632938 0.315509 9.9964E-05 9.9964E-05 9.9964E-05 9.9964E-05 0.200028 0.107616
0.239229 0.183248 0.0210786 0.201884 9.9964E-05 9.9964E-05 9.9964E-05 9.9964E-05 0.246699 0.107462
0.197387 0.162569 0.0344059 0.363222 9.9973E-05 9.9973E-05 9.9973E-05 0.044237 0.149887 0.0479919
9.9955E-05 0.160037 0.0694283 0.0725047 9.9955E-05 9.9955E-05 9.9955E-05 0.0114425 0.686088 9.9955E-05
0.025861 0.143759 0.0167981 0.120535 9.9973E-05 9.9973E-05 9.9973E-05 0.033723 0.639518 0.0195057
0.0402279 9.9973E-05 0.0202117 0.534766 0.0142509 0.0206392 9.9973E-05 0.0122077 0.357396 9.9973E-05
0.0775191 0.0186404 0.0403632 0.373551 9.9964E-05 9.9964E-05 9.9964E-05 9.9964E-05 0.432637 0.0568896
0.0542043 0.0046874 9.9964E-05 0.160291 9.9964E-05 9.9964E-05 9.9964E-05 0.0148503 0.701646 0.0639211
0.031212 0.0255799 9.9973E-05 0.554113 9.9973E-05 9.9973E-05 0.0225707 0.0351199 0.286783 0.0443215
0.046227 0.0418184 0.0196429 0.553556 9.9973E-05 9.9973E-05 9.9973E-05 0.00377449 0.325268 0.00941311
0.0873924 9.9973E-05 0.0133984 0.469233 9.9973E-05 9.9973E-05 0.0501052 0.0107644 0.300576 0.0682311
9.9964E-05 9.9964E-05 0.0126425 0.27937 9.9964E-05 0.0367764 9.9964E-05 0.00910999 0.660873 0.000828279
9.9973E-05 9.9973E-05 0.0225157 0.358532 0.044423 0.0293558 0.0589956 0.0190485 0.466829 9.9973E-05
9.9991E-05 0.0366081 0.00468405 0.505294 0.0387614 0.0176463 0.00861251 0.00590794 0.343313 0.0390727
9.9973E-05 9.9973E-05 0.00852581 0.39503 9.9973E-05 0.0723522 0.109433 0.014127 0.358437 0.0417957
0.0370938 9.9973E-05 0.0223553 0.495603 0.0261636 0.0112529 9.9973E-05 9.9973E-05 0.282237 0.124994
9.9955E-05 0.00125303 9.9955E-05 0.42227 0.0626517 0.100227 9.9955E-05 9.9955E-05 0.413099 9.9955E-05
9.9955E-05 9.9955E-05 9.9955E-05 0.163551 9.9955E-05 9.9955E-05 0.0183431 0.00185943 0.807588 0.00815838
9.9946E-05 9.9946E-05 0.0261912 0.599111 9.9946E-05 9.9946E-05 9.9946E-05 0.0053615 0.368736 9.9946E-05
9.9946E-05 9.9946E-05 9.9946E-05 0.130075 0.00168224 9.9946E-05 0.0645033 9.9946E-05 0.803139 9.9946E-05
9.9964E-05 9.9964E-05 0.0105918 0.385393 9.9964E-05 9.9964E-05 0.00672626 0.00925165 0.566924 0.0207131
9.9964E-05 9.9964E-05 0.0150827 0.504762 0.0663882 0.0420719 9.9964E-05 9.9964E-05 0.290226 0.081069
9.9964E-05 9.9964E-05 9.9964E-05 0.45703 0.0873743 0.0185601 9.9964E-05 0.0207764 0.324005 0.0918552
0.101248 0.0100384 0.044075 0.491502 9.9991E-05 0.0900723 0.0224731 0.03238 0.0902154 0.117896
0.0817176 0.0619603 0.0441127 0.425344 0.0166243 0.0228147 0.0766092 0.063077 0.119168 0.0885722
0.220804 0.113727 0.0101681 0.324681 9.9982E-05 0.0788827 9.9982E-05 0.0521554 0.0629398 0.136442
0.15126 0.107755 0.0758561 0.36302 9.9991E-05 0.0342639 0.00647474 0.0244629 0.119755 0.117053
0.161985 0.00042236 0.11449 0.412904 0.0143494 9.9991E-05 0.0473907 0.0263696 0.109643 0.112346
0.107477 0.105333 0.0525468 0.439448 0.0347138 0.0439205 9.9991E-05 0.0409454 0.133108 0.0424072
0.0900208 0.112613 0.0718849 9.9964E-05 9.9964E-05 9.9964E-05 9.9964E-05 0.0308928 0.641512 0.0526774
0.171771 0.0205053 0.0674915 0.558627 9.9982E-05 0.0170781 9.9982E-05 0.0224989 0.108422 0.0334058
0.056539 0.269624 0.195873 9.9955E-05 9.9955E-05 9.9955E-05 9.9955E-05 9.9955E-05 0.356463 0.121002
0.152058 0.035982 0.0100155 0.457489 9.9973E-05 9.9973E-05 9.9973E-05 0.00927634 0.3027 0.0321794
9.9928E-05 9.9928E-05 9.9928E-05 0.0606082 9.9928E-05 9.9928E-05 9.9928E-05 9.9928E-05 0.938592 9.9928E-05
