0.0136268 0.0350549 0.951218 9.9991E-05
0.0161244 0.0168054 0.96697 9.9991E-05
0.045326 0.021208 0.900694 0.0327722
0.150122 9.9982E-05 0.849678 9.9982E-05
0.0805303 9.9982E-05 0.91927 9.9982E-05
0.0815646 0.054946 0.707058 0.156431
0.0112299 0.0181655 0.84638 0.124225
0.0281161 0.0334416 0.762744 0.175698
9.9982E-05 9.9982E-05 0.869053 0.130747
0.0408728 0.0418552 0.796477 0.120795
0.0973341 0.00335795 0.795693 0.103615
0.349624 9.9991E-05 0.129016 0.52126
0.65038 0.0281323 0.108748 0.212739
0.361721 0.0559916 0.114777 0.467511
0.415871 0.0801849 0.11926 0.384684
0.514282 0.0900554 0.159486 0.236176
0.664931 0.049381 0.0628483 0.22284
0.614444 0.0146414 0.0832493 0.287665
0.385489 0.0490195 0.180251 0.38524
0.146806 9.9991E-05 0.15917 0.693924
0.565871 0.00424411 0.0735049 0.35638
0.503682 0.099866 0.0316657 0.364786
0.650638 9.9991E-05 0.0812173 0.268044
0.406602 0.011333 0.147779 0.434285
0.699971 0.06916 0.139669 0.0912001
0.647173 0.0291907 0.0847441 0.238892
0.382767 9.9991E-05 0.116221 0.500912
0.424323 0.025245 0.130931 0.4195
0.335892 9.9991E-05 0.0961758 0.567832
0.120436 9.9982E-05 0.879364 9.9982E-05
0.123641 9.9982E-05 0.876159 9.9982E-05
0.10454 0.0805703 0.81479 9.9991E-05
0.163687 0.0882986 0.747915 9.9991E-05
0.596643 9.9991E-05 0.0854641 0.317793
0.625935 0.0371601 0.0812693 0.255635
0.679682 0.0177665 0.0067128 0.295839
0.295371 9.9991E-05 0.149615 0.554914
0.409039 0.028877 9.9991E-05 0.561984
0.631923 0.0265762 0.127704 0.213797
0.802074 9.9991E-05 0.064963 0.132863
0.631829 0.00214592 0.150602 0.215423
0.667901 0.0060722 0.141479 0.184548
0.369879 9.9991E-05 0.0121268 0.617894
0.641832 0.0752338 0.0673936 0.215541
0.648639 0.0270308 0.0694216 0.254909
0.706828 0.0249529 0.129224 0.138995
0.50449 9.9982E-05 9.9982E-05 0.49531
0.718336 9.9991E-05 0.0833841 0.198179
0.602739 0.0760527 0.131724 0.189484
9.9991E-05 0.0263151 0.000452393 0.973132
0.286103 9.9991E-05 0.073516 0.640281
0.209007 0.0934825 0.0339947 0.663516
0.676827 0.0640346 0.063969 0.195169
0.606724 0.0914554 0.0742491 0.227572
0.700427 0.0318875 0.078838 0.188847
0.292902 9.9991E-05 0.204827 0.502171
0.663008 9.9991E-05 0.0722012 0.264691
0.666778 0.0305591 0.0713011 0.231362
0.512393 9.9991E-05 0.155685 0.331822
0.234603 9.9991E-05 0.23907 0.526227
0.634201 0.027316 0.110041 0.228442
0.574781 0.0360567 0.109563 0.2796
0.186101 9.9991E-05 0.160287 0.653512
0.524045 9.9991E-05 0.0502363 0.425619
0.653484 0.0593404 0.0519592 0.235217
0.672358 0.0143226 0.134424 0.178895
0.409208 0.00606599 0.141136 0.44359
0.587024 0.034068 0.0987971 0.280111
0.665088 0.0135796 0.0937324 0.2276
0.32881 9.9991E-05 0.124924 0.546166
0.65612 9.9991E-05 0.00602496 0.337755
0.465715 9.9982E-05 9.9982E-05 0.534085
0.620657 0.0489013 0.0842451 0.246197
0.203203 9.9982E-05 9.9982E-05 0.796597
0.185378 9.9982E-05 9.9982E-05 0.814422
0.44747 9.9982E-05 9.9982E-05 0.55233
0.645553 9.9991E-05 0.0282364 0.32611
0.664475 0.0744462 0.101336 0.159743
0.630183 0.00248784 9.9991E-05 0.367229
0.371945 9.9991E-05 0.0376509 0.590304
0.475996 9.9982E-05 9.9982E-05 0.523804
0.618071 0.0785191 0.0912994 0.212111
0.557695 9.9982E-05 9.9982E-05 0.442105
0.620603 9.9991E-05 0.0396014 0.339696
0.613421 9.9982E-05 9.9982E-05 0.386379
0.0156797 0.0768473 9.9991E-05 0.907373
0.737223 0.014043 0.0352993 0.213434
0.1093 9.9991E-05 0.887363 0.00323707
0.0544635 0.00945896 0.935978 9.9991E-05
0.109073 0.0346084 0.856219 9.9991E-05
0.0104787 0.0625542 0.926867 9.9991E-05
9.9982E-05 0.0517285 0.948072 9.9982E-05
0.082005 0.0514815 0.866413 9.9991E-05
0.0606912 0.0112578 0.927951 9.9991E-05
0.649834 0.0421532 0.102649 0.205364
0.658644 0.0611358 0.109724 0.170496
0.24428 9.9991E-05 0.0490659 0.706554
0.700177 0.0231615 0.0734822 0.203179
0.559783 9.9991E-05 0.0246972 0.41542
0.648119 0.00994094 0.0550437 0.286897
0.715294 9.9991E-05 0.034317 0.250289
0.60509 0.0614589 0.00732078 0.326131
0.216965 9.9991E-05 0.0399974 0.742938
0.606466 0.0313181 0.11608 0.246136
0.738843 0.000507097 0.123186 0.137464
0.664842 0.0602684 0.0806144 0.194275
0.394321 0.0300784 9.9991E-05 0.5755
0.67516 9.9982E-05 9.9982E-05 0.32464
0.640664 9.9991E-05 0.012171 0.347065
0.544623 9.9982E-05 9.9982E-05 0.455177
0.602556 9.9991E-05 0.0338071 0.363537
0.68229 0.00173571 0.113229 0.202744
0.362084 0.0530093 0.0760274 0.50888
0.487092 9.9991E-05 0.128345 0.384463
0.628047 0.0637921 0.121039 0.187122
0.658274 0.0686047 0.0885659 0.184555
0.557238 9.9991E-05 0.0728282 0.369834
0.727684 9.9991E-05 0.0641914 0.208025
0.547096 9.9991E-05 0.115426 0.337378
0.596759 0.0384037 0.0967483 0.268089
0.683098 0.0503369 0.0969278 0.169638
0.671446 9.9991E-05 0.112891 0.215563
0.656593 9.9991E-05 0.0779648 0.265342
0.698057 0.0450268 0.0707283 0.186188
0.705555 0.00582155 0.113241 0.175382
0.642095 0.106202 9.9991E-05 0.251603
0.6503 0.0667571 0.0995861 0.183357
0.648761 0.0350939 0.0408361 0.275309
0.376072 0.0761232 0.127124 0.420681
0.672566 0.0363478 0.104309 0.186777
0.723828 0.0497277 0.0632918 0.163152
0.337163 9.9991E-05 0.0985084 0.564229
0.167443 0.10764 0.00738414 0.717533
0.579107 0.0439023 0.0933584 0.283632
0.130922 0.077303 9.9991E-05 0.791675
0.451929 9.9991E-05 0.0685411 0.47943
0.557313 9.9991E-05 0.0453459 0.397242
0.477404 9.9991E-05 0.084693 0.437803
0.445284 9.9991E-05 0.0638395 0.490776
0.695451 9.9991E-05 0.0890444 0.215405
0.637368 0.0657508 0.111141 0.18574
0.649422 0.0239525 0.0964289 0.230196
0.241698 0.0396226 0.0361462 0.682533
0.564294 0.0463204 0.173927 0.215458
0.524842 0.0753036 0.0839604 0.315894
9.9991E-05 0.0552758 0.1469 0.797724
0.689364 0.0652735 0.0784914 0.166871
0.337716 0.0942627 0.088862 0.47916
0.532753 0.0912073 0.136323 0.239716
0.278026 0.0355206 0.12952 0.556934
0.119823 0.0270821 0.107203 0.745891
0.441944 0.0560513 0.0715403 0.430465
0.574201 0.0467198 0.186641 0.192439
0.490508 0.0442131 0.182409 0.282869
0.12931 0.159017 0.0489703 0.662702
0.579472 0.115971 0.0821981 0.222359
0.398751 9.9982E-05 9.9982E-05 0.601049
0.529202 0.0198506 9.9991E-05 0.450848
0.652146 0.088873 0.128433 0.130549
0.138063 0.304362 0.370047 0.187527
9.9991E-05 0.233789 0.508678 0.257432
9.9991E-05 0.203849 0.501036 0.295016
0.0545286 0.330334 0.373402 0.241735
0.690499 9.9991E-05 0.0191871 0.290214
0.691663 0.0170146 0.097648 0.193674
0.355265 0.644535 9.9982E-05 9.9982E-05
0.500696 0.435905 0.0473954 0.0160031
0.423198 0.396249 0.0830157 0.0975377
0.271027 0.0914325 0.0215382 0.616003
0.522996 0.0882658 0.11166 0.277078
0.292953 0.0534513 9.9991E-05 0.653495
0.663109 9.9991E-05 0.0902347 0.246556
0.530635 0.0443592 0.0424394 0.382566
0.609579 0.0537165 0.00191079 0.334794
0.208005 0.0984522 0.00479659 0.688746
0.695704 0.0476474 0.0908486 0.1658
0.665582 0.0238192 0.111472 0.199127
0.0278716 0.971928 9.9982E-05 9.9982E-05
0.078827 0.913944 9.9991E-05 0.00712926
0.409884 0.48477 0.105246 9.9991E-05
0.382515 0.617285 9.9982E-05 9.9982E-05
0.188056 0.811744 9.9982E-05 9.9982E-05
9.998E-05 0.9997 9.998E-05 9.998E-05
9.9982E-05 0.97726 9.9982E-05 0.0225402
0.192909 0.806891 9.9982E-05 9.9982E-05
0.0220147 0.945302 0.0146953 0.0179881
9.998E-05 0.9997 9.998E-05 9.998E-05
9.998E-05 0.9997 9.998E-05 9.998E-05
0.251935 0.747865 9.9982E-05 9.9982E-05
0.151123 0.782037 0.0667401 9.9991E-05
9.998E-05 0.9997 9.998E-05 9.998E-05
0.380849 0.41958 0.0969582 0.102613
0.350408 0.580255 0.069237 9.9991E-05
0.191392 0.791327 0.017181 9.9991E-05
0.112409 0.887391 9.9982E-05 9.9982E-05
9.998E-05 0.9997 9.998E-05 9.998E-05
0.0586604 0.934093 0.00714621 9.9991E-05
9.9982E-05 0.997188 0.00261242 9.9982E-05
0.347044 0.598828 0.054028 9.9991E-05
0.0421232 0.957677 9.9982E-05 9.9982E-05
9.9991E-05 0.154274 0.306127 0.539499
0.323344 0.161118 0.234194 0.281344
0.461085 0.106112 0.180003 0.252801
0.170402 0.192138 0.208389 0.429071
0.410218 0.209092 0.120461 0.260229
0.0750741 0.223337 0.267714 0.433875
0.448 0.119631 0.205162 0.227206
0.304684 0.177583 0.220474 0.297259
0.48464 0.188771 0.16006 0.166528
0.367408 0.198832 0.190995 0.242765
0.447907 0.163214 0.180201 0.208678
0.0701437 9.9991E-05 0.911123 0.0186338
0.00463315 0.0851348 0.910132 9.9991E-05
0.033786 9.9982E-05 0.966014 9.9982E-05
9.9982E-05 9.9982E-05 0.997723 0.0020771
0.0661471 9.9982E-05 0.933653 9.9982E-05
9.9982E-05 0.0356083 0.964192 9.9982E-05
0.0547986 0.0124816 0.93262 9.9991E-05
0.0164103 9.9991E-05 0.959248 0.0242422
0.0331862 0.0363404 0.901841 0.0286323
9.9991E-05 0.0328685 0.934399 0.0326322
9.9982E-05 9.9982E-05 0.674083 0.325717
9.9982E-05 9.9982E-05 0.692227 0.307573
9.9982E-05 9.9982E-05 0.611549 0.388251
9.9982E-05 9.9982E-05 0.542864 0.456936
0.582119 9.9991E-05 0.0846034 0.333177
0.638917 0.0170917 0.0737648 0.270227
0.645553 9.9991E-05 0.02495 0.329397
0.499008 9.9991E-05 0.0701076 0.430784
0.334225 9.9991E-05 0.0568511 0.608824
0.765471 0.00786151 0.0542176 0.17245
0.730239 9.9982E-05 9.9982E-05 0.269561
0.669884 9.9982E-05 9.9982E-05 0.329916
0.596081 9.9982E-05 9.9982E-05 0.403719
0.683256 0.0353128 0.0603067 0.221125
0.614403 9.9991E-05 0.0159734 0.369523
0.156867 9.9982E-05 9.9982E-05 0.842933
0.659037 0.00521784 0.104664 0.23108
0.368077 9.9982E-05 9.9982E-05 0.631723
0.652178 0.0144454 0.0198448 0.313532
0.351957 9.9982E-05 9.9982E-05 0.647843
0.0649819 9.9991E-05 0.295449 0.639469
0.148154 9.9991E-05 0.25053 0.601216
0.105774 9.9991E-05 0.234152 0.659973
0.0324398 9.9991E-05 0.27571 0.69175
0.183104 9.9991E-05 0.181517 0.635279
0.167406 9.9991E-05 0.217535 0.614959
0.0514564 0.0678641 0.880579 9.9991E-05
0.139378 0.0233546 0.837167 9.9991E-05
0.166899 0.0486354 0.784366 9.9991E-05
0.050985 0.0833056 0.865609 9.9991E-05
0.135631 0.0804202 0.783849 9.9991E-05
9.9982E-05 9.9982E-05 0.505599 0.494201
0.0172205 9.9991E-05 0.564936 0.417744
0.0556949 9.9991E-05 0.543389 0.400817
0.135054 9.9982E-05 0.864746 9.9982E-05
0.0223422 9.9991E-05 0.503935 0.473623
0.299131 0.348278 0.26828 0.0843107
0.569205 0.247891 0.110787 0.0721163
0.548346 0.245012 0.206542 9.9991E-05
0.329752 0.309698 0.263966 0.0965841
0.53609 0.140569 0.167153 0.156188
9.9991E-05 0.353383 0.463337 0.18318
0.554059 9.9991E-05 0.0821929 0.363648
0.515945 0.0442893 0.00505491 0.434711
0.414918 9.9991E-05 0.0788118 0.50617
0.571054 0.0442744 9.9991E-05 0.384572
9.9982E-05 0.0214429 9.9982E-05 0.978357
0.655314 0.0478569 0.133839 0.16299
0.609142 0.067861 0.06415 0.258847
0.427579 9.9991E-05 0.0982204 0.474101
0.615789 0.0376588 0.0949819 0.25157
0.225791 0.0229363 9.9991E-05 0.751173
0.610537 0.0266699 0.04113 0.321663
0.602879 9.9991E-05 0.0577802 0.339241
0.467819 0.166263 0.118843 0.247075
0.41718 0.0415209 0.0154827 0.525816
0.501147 0.0572105 9.9991E-05 0.441542
0.658826 0.0258717 0.034996 0.280306
0.643917 0.0472029 9.9991E-05 0.30878
0.685112 0.0634311 0.0614433 0.190013
0.644109 0.042801 0.111735 0.201355
0.656522 0.00316877 0.124299 0.21601
0.123311 0.027178 0.849411 9.9991E-05
0.123556 9.9982E-05 0.876244 9.9982E-05
0.0730431 9.9991E-05 0.924692 0.00216464
0.0391999 0.0360487 0.924651 9.9991E-05
0.0886017 9.9982E-05 0.911198 9.9982E-05
0.245843 9.9991E-05 0.127738 0.626319
0.598113 0.0470293 0.0435018 0.311356
0.415408 0.276998 0.180066 0.127528
0.720796 0.0543612 0.0518531 0.17299
0.611513 9.9991E-05 0.0764334 0.311953
0.335908 0.0521126 0.02216 0.58982
0.113074 9.9991E-05 0.19617 0.690656
0.585561 9.9991E-05 0.1278 0.286539
0.339074 9.9991E-05 0.139635 0.521191
0.539567 0.0551778 0.092924 0.312331
0.243057 9.9991E-05 0.173381 0.583462
0.618858 0.0513801 0.126697 0.203065
0.263171 9.9991E-05 0.158974 0.577754
0.299638 0.123106 0.0367866 0.540469
0.559824 0.0536161 0.0900858 0.296474
0.34492 0.0196123 0.0142804 0.621187
0.564333 0.0367346 0.0842157 0.314717
0.607656 0.0480491 0.120405 0.22389
0.309691 0.0107897 0.034212 0.645307
0.588161 0.0635941 0.0924722 0.255772
0.585613 0.0243673 0.0525753 0.337445
0.184108 0.0426293 9.9991E-05 0.773162
0.235706 0.0266102 0.0334658 0.704218
0.505499 0.00211593 0.0904779 0.401907
0.142831 0.0110178 0.00516427 0.840986
0.4845 0.0239099 0.0243797 0.46721
0.285448 9.9991E-05 0.112761 0.601691
0.260663 0.11146 9.9991E-05 0.627776
0.545832 9.9991E-05 0.135755 0.318313
0.657917 0.0230039 0.0989182 0.220161
0.365234 9.9991E-05 0.0596862 0.57498
0.577289 0.0477647 0.109448 0.265498
0.677298 0.0136783 0.0883623 0.220662
0.581833 0.0254217 0.0435436 0.349202
0.613208 0.0555606 0.0655243 0.265707
0.598422 9.9991E-05 0.0746711 0.326807
0.386949 9.9991E-05 0.08427 0.528681
0.549999 9.9991E-05 0.0663966 0.383504
0.637359 0.0457569 9.9991E-05 0.316784
0.61726 0.080893 0.055711 0.246136
0.389693 0.111013 0.0665515 0.432743
0.54073 0.110632 9.9991E-05 0.348539
0.489046 0.0161138 0.0656224 0.429218
0.666211 0.0169944 0.0694083 0.247387
0.561507 0.0633853 0.0705253 0.304583
0.583373 0.0487737 0.123858 0.243996
0.514122 0.135274 0.350504 9.9991E-05
0.570182 0.192831 0.142629 0.0943581
0.497424 0.184174 0.162445 0.155957
0.588679 0.124226 0.148925 0.138171
0.481163 0.230447 0.189314 0.0990758
0.551956 0.0385865 9.9991E-05 0.409357
0.558025 0.144573 0.180761 0.116641
0.0485547 0.252733 0.224895 0.473817
0.582265 0.15287 0.131398 0.133468
0.546944 0.170743 0.151315 0.130998
0.566218 0.168079 0.108715 0.156989
0.295123 0.170064 0.207897 0.326915
0.590499 0.149132 0.202168 0.0582008
0.52953 0.197353 0.159194 0.113923
9.9991E-05 0.201494 0.5077 0.290706
0.514467 0.166568 0.193166 0.125799
0.570314 0.19693 0.196241 0.0365155
0.60531 0.131322 0.131171 0.132198
0.582653 0.222883 0.176229 0.0182351
0.580065 0.0953691 0.240394 0.0841723
0.526415 0.0426796 0.04297 0.387936
0.578209 0.0458858 0.102897 0.273008
0.00939555 0.0714273 9.9991E-05 0.919077
0.0465129 0.0784587 9.9991E-05 0.874928
0.512707 0.0957017 0.0760842 0.315507
0.340484 0.349371 0.133499 0.176646
0.394622 0.323005 0.158626 0.123746
0.166634 0.392739 0.166002 0.274625
0.368016 0.33178 0.137989 0.162215
0.0880839 0.191394 0.0703191 0.650203
0.164059 0.179644 0.0370387 0.619258
0.593183 0.141718 9.9991E-05 0.264999
0.419568 0.200788 0.0336216 0.346023
0.257041 0.158831 0.00198528 0.582143
0.570603 0.129313 0.0496155 0.250469
0.605675 0.0932385 0.0755951 0.225491
0.514255 0.131059 0.0569825 0.297704
0.418155 0.0567662 9.9991E-05 0.524979
0.499625 0.0248842 9.9991E-05 0.47539
0.57107 0.0497783 0.0321451 0.347007
0.539176 0.0565051 0.0144413 0.389878
0.540068 0.053566 0.109549 0.296817
0.571534 0.00938655 9.9991E-05 0.41898
0.259409 0.060287 9.9991E-05 0.680204
0.676527 0.0792868 9.9991E-05 0.244086
0.252314 0.0667868 9.9991E-05 0.680799
0.525556 0.0183232 0.0283392 0.427781
0.558653 0.0506067 0.0976472 0.293093
0.59385 0.0639115 0.0802534 0.261985
0.468606 0.180086 0.169886 0.181422
0.505063 0.107315 0.192524 0.195097
0.344186 0.284853 0.216308 0.154654
0.310906 0.281147 0.198676 0.20927
0.46392 0.21808 0.147387 0.170613
0.442925 0.17502 0.179357 0.202698
9.9991E-05 0.244542 0.139722 0.615635
0.595714 0.235637 0.0922101 0.0764389
9.9991E-05 0.215127 0.344715 0.440058
0.490797 0.256127 0.0365565 0.21652
0.271812 9.9982E-05 9.9982E-05 0.727988
0.0820845 0.0348567 9.9991E-05 0.882959
0.547965 0.0335664 9.9991E-05 0.418368
0.689248 0.0547718 9.9991E-05 0.25588
0.52681 0.0194172 9.9991E-05 0.453673
0.65195 0.0551153 9.9991E-05 0.292835
0.659028 0.0196595 9.9991E-05 0.321213
0.0327054 0.0233387 0.910172 0.0337839
0.0237613 0.099158 0.783186 0.093895
0.0121937 0.0263257 0.961381 9.9991E-05
0.0450896 9.9982E-05 0.95471 9.9982E-05
0.674592 0.00962281 0.0211964 0.294588
0.65823 0.00411699 0.0611178 0.276536
0.716162 9.9991E-05 0.00676221 0.276976
0.681938 9.9991E-05 0.0964982 0.221464
0.657297 0.0363216 0.0886817 0.2177
0.492342 9.9991E-05 0.0268819 0.480676
0.79199 9.9991E-05 0.000520231 0.20739
0.450492 0.00468138 9.9991E-05 0.544727
0.427335 0.161408 0.343859 0.067399
0.528053 0.0282742 9.9991E-05 0.443573
0.517063 9.9982E-05 9.9982E-05 0.482737
0.666543 9.9982E-05 9.9982E-05 0.333257
0.596706 0.0032552 0.0167939 0.383245
0.734966 9.99826E-05 9.99826E-05 0.264834
0.672654 9.9991E-05 0.075346 0.2519
0.214895 9.9982E-05 9.9982E-05 0.784905
0.469793 0.0049132 9.9991E-05 0.525193
0.524602 0.0236017 9.9991E-05 0.451696
0.0785012 9.9982E-05 9.9982E-05 0.921299
0.562279 9.9991E-05 0.0702868 0.367334
0.256118 9.9982E-05 9.9982E-05 0.743682
0.0513923 9.9982E-05 9.9982E-05 0.948408
0.689138 0.0136223 0.0413727 0.255867
0.390166 9.9991E-05 0.0224318 0.587302
0.640458 0.00997605 0.0234671 0.326099
0.623528 0.0947268 0.0861694 0.195576
0.689395 9.9991E-05 0.0343379 0.276167
0.433714 0.0615742 9.9991E-05 0.504612
0.704715 9.9991E-05 0.0555763 0.239609
0.657926 9.9991E-05 0.0380389 0.303936
0.498291 9.9982E-05 9.9982E-05 0.501509
0.65842 9.9991E-05 0.0924333 0.249047
9.9982E-05 9.9982E-05 0.738414 0.261386
0.018176 9.9991E-05 0.811866 0.169858
9.9982E-05 9.9982E-05 0.901565 0.0982351
9.9982E-05 9.9982E-05 0.876535 0.123265
0.0539266 9.9991E-05 0.812678 0.133296
0.345876 9.9991E-05 0.0854863 0.568538
0.363892 9.9991E-05 0.0419008 0.594107
0.39504 9.9982E-05 9.9982E-05 0.60476
0.618196 0.0703178 0.120115 0.191371
0.641672 0.0517319 0.136178 0.170417
0.41239 0.0380989 9.9991E-05 0.549411
0.711708 0.0552555 0.00271951 0.230317
0.557297 0.0175172 0.0504577 0.374728
0.655606 9.9991E-05 0.00907655 0.335217
0.677672 0.0766816 0.0261198 0.219527
0.448524 9.9982E-05 9.9982E-05 0.551276
0.513474 9.9982E-05 9.9982E-05 0.486327
0.511945 9.9991E-05 0.032538 0.455417
0.699706 9.9991E-05 0.152336 0.147858
0.571832 9.9991E-05 0.0238213 0.404246
0.601904 9.9991E-05 0.0482443 0.349752
0.459585 0.379921 0.101145 0.0593489
0.409782 0.418151 0.158954 0.0131129
0.473863 0.414156 0.107983 0.00399838
0.311096 0.488398 0.200405 9.9991E-05
0.552916 0.295262 0.133599 0.0182223
0.632085 0.0101102 0.0573749 0.30043
0.0112264 0.672181 0.26804 0.0485521
0.294998 0.500549 0.182381 0.0220714
0.418427 0.17219 0.193819 0.215565
0.602401 0.00252012 0.160367 0.234713
0.542477 0.0290233 0.170712 0.257788
0.616924 0.0443135 0.128762 0.210001
0.661022 0.0145292 0.150067 0.174382
0.386551 0.45954 0.153809 9.9991E-05
0.445537 0.396493 0.135093 0.0228768
0.40009 0.519235 0.0805747 9.9991E-05
0.490476 0.287444 0.130591 0.0914888
0.271516 0.487462 0.184982 0.0560397
0.471636 0.353672 0.120478 0.054215
0.254722 0.574584 0.139617 0.0310765
0.43821 0.336454 0.116485 0.108852
0.547057 0.0219013 0.157216 0.273825
0.356017 0.391976 0.161661 0.0903456
0.168516 0.597455 0.230862 0.00316678
0.391148 0.370109 0.132643 0.1061
0.350324 9.9991E-05 0.22144 0.428136
0.658473 0.0701258 0.0462701 0.225131
0.484238 0.306786 0.161711 0.0472657
0.596213 9.9991E-05 0.191699 0.211988
0.520408 0.0519396 0.181892 0.24576
0.35036 0.256835 0.22241 0.170394
0.360548 0.315301 0.221253 0.102898
0.631698 0.100391 0.14479 0.123121
0.479696 0.305755 0.164062 0.0504862
0.487721 0.377859 0.13432 9.9991E-05
0.162843 0.635659 0.194554 0.00694471
0.657107 0.085706 0.113823 0.143364
0.507921 9.9991E-05 0.21816 0.273819
0.113544 0.115938 0.133 0.637518
0.672673 0.0544068 0.159072 0.113848
0.45912 0.0510163 0.132215 0.357648
0.472715 0.207673 0.182721 0.136891
0.509413 0.108852 0.165369 0.216366
9.9991E-05 0.209748 0.371922 0.41823
9.9991E-05 0.175515 0.344121 0.480264
0.294546 0.145463 0.20733 0.352661
0.0135292 0.262233 0.343475 0.380763
9.9991E-05 0.251956 0.490743 0.2572
0.377894 0.146649 0.22884 0.246618
0.377161 0.194047 0.247627 0.181165
0.0913722 0.278667 0.285873 0.344087
0.030025 0.22865 0.301336 0.439988
0.521495 0.17786 0.169294 0.131351
0.125346 0.239328 0.250854 0.384473
9.9991E-05 0.156863 0.402798 0.440239
0.560024 0.125599 0.152208 0.162169
0.310903 0.238778 0.207488 0.24283
0.395773 0.217663 0.324685 0.0618794
0.611941 0.20998 0.177978 9.9991E-05
0.548258 0.230677 0.163153 0.0579125
0.509006 0.248292 0.215201 0.0275021
0.378897 0.186096 0.385054 0.0499534
0.552463 0.172506 0.241224 0.0338069
0.501367 0.203439 0.274168 0.021026
0.332769 0.26855 0.255261 0.14342
0.401441 0.112968 0.223867 0.261723
0.604139 0.0800021 0.245927 0.0699317
0.602399 0.157585 0.15423 0.0857851
0.650923 0.0981579 0.132046 0.118874
0.460792 0.229011 0.310097 9.9991E-05
0.557971 0.175665 0.266025 0.000338862
0.00418906 0.391759 0.373275 0.230777
0.549565 0.161663 0.225129 0.0636425
0.157958 0.377055 0.291616 0.173372
0.0153392 9.9991E-05 0.858395 0.126166
0.201584 9.9991E-05 0.185721 0.612595
9.9982E-05 9.9982E-05 0.212129 0.787671
0.00601223 9.9991E-05 0.185105 0.808783
0.137534 9.9991E-05 0.130164 0.732201
0.112549 9.9991E-05 0.161347 0.726005
0.154231 9.9991E-05 0.161689 0.68398
0.0576167 9.9991E-05 0.205512 0.736771
0.0651382 9.9991E-05 0.32784 0.606922
0.0115246 9.9991E-05 0.924997 0.0633788
0.0977774 9.9991E-05 0.837967 0.0641555
0.0490009 9.9991E-05 0.911058 0.0398415
0.0598458 9.9991E-05 0.906756 0.0332983
0.0223558 0.0109604 0.922373 0.0443112
0.0512421 0.00229958 0.946358 9.9991E-05
0.138497 0.0854908 0.748605 0.0274078
0.0941212 0.00357886 0.9022 9.9991E-05
0.110582 0.0729967 0.73889 0.0775312
0.0178857 0.0672261 0.914788 9.9991E-05
9.998E-05 9.998E-05 0.9997 9.998E-05
0.0621188 0.0259629 0.911818 9.9991E-05
9.9982E-05 0.00969611 0.990104 9.9982E-05
0.037203 0.0088939 0.953803 9.9991E-05
0.0888806 0.0129888 0.898031 9.9991E-05
0.0425868 0.0347362 0.922577 9.9991E-05
0.0759002 0.0523874 0.871612 9.9991E-05
0.125912 0.0210383 0.85295 9.9991E-05
0.106529 0.073699 0.819672 9.9991E-05
0.464987 9.9991E-05 0.178414 0.356499
0.748539 9.9991E-05 0.121804 0.129557
0.656004 0.0271635 0.131059 0.185773
0.0803977 0.119238 0.10011 0.700255
0.565903 9.9991E-05 0.13643 0.297567
0.0471847 0.116571 0.148878 0.687367
0.660125 0.0661084 0.0962389 0.177528
0.487027 9.9991E-05 0.188037 0.324836
0.569826 9.9991E-05 0.176086 0.253988
0.619733 9.9991E-05 0.0786523 0.301514
0.538857 9.9991E-05 0.163624 0.29742
0.662568 0.0679447 0.0971537 0.172333
0.580156 0.0117802 0.14423 0.263834
0.0724487 0.122702 9.9991E-05 0.804749
9.9991E-05 0.0705038 0.117124 0.812272
0.135362 0.108638 0.115456 0.640544
0.620799 0.0259344 0.173742 0.179525
0.496803 0.0986214 0.0593806 0.345195
0.645151 0.020952 0.115084 0.218813
0.644929 0.109311 0.0827941 0.162966
0.471549 0.171246 0.243088 0.114117
0.594204 0.131371 0.218137 0.0562888
0.204698 0.163843 0.420427 0.211032
0.64534 0.0225255 0.185262 0.146873
0.521388 0.0782621 0.249083 0.151267
9.9991E-05 0.245275 0.425045 0.32958
0.347846 0.230278 0.292817 0.129059
0.333138 0.160006 0.393094 0.113762
0.431611 0.0973674 0.33711 0.133911
0.562039 0.150473 0.175951 0.111537
0.513559 0.140177 0.217963 0.128301
0.660134 0.0958485 0.221998 0.02202
0.431067 0.219187 0.159429 0.190317
0.251637 0.157075 0.49663 0.0946587
