0.00709275 9.9991E-05 0.945939 0.0468685
9.9982E-05 9.9982E-05 0.987227 0.0125731
0.0514146 0.0332498 0.903676 0.011659
0.156325 9.9982E-05 0.843475 9.9982E-05
0.0823551 9.9982E-05 0.917445 9.9982E-05
0.0893321 0.154519 0.692826 0.0633225
0.0271061 0.129555 0.827015 0.0163239
0.0309282 0.163282 0.769859 0.0359314
9.9982E-05 0.139289 0.860511 9.9982E-05
0.0537981 0.123512 0.792002 0.0306878
0.121251 0.0796409 0.799008 9.9991E-05
0.40309 0.462679 0.131333 0.00289884
0.662825 0.182057 0.106578 0.0485398
0.416103 0.431906 0.115778 0.0362138
0.421129 0.337506 0.127331 0.114034
0.568057 0.227296 0.126612 0.0780362
0.713024 0.141456 0.0618795 0.0836402
0.611993 0.263231 0.112615 0.0121605
0.402953 0.371237 0.173063 0.0527482
0.202583 0.668503 0.128814 9.9991E-05
0.588678 0.30192 0.083123 0.0262786
0.497679 0.326796 0.0649463 0.110578
0.662066 0.228887 0.0486819 0.0603651
0.374599 0.435601 0.165571 0.0242291
0.717124 0.101069 0.0988225 0.0829845
0.697086 0.19794 0.104874 9.9991E-05
0.394552 0.465947 0.1394 9.9991E-05
0.444741 0.363305 0.16098 0.0309738
0.392902 0.526509 0.0804895 9.9991E-05
0.0757243 9.9991E-05 0.889738 0.0344381
0.0939094 9.9991E-05 0.875868 0.0301224
0.07772 9.9991E-05 0.817847 0.104333
0.141714 9.9991E-05 0.763449 0.0947376
0.63595 0.224834 0.139116 9.9991E-05
0.679277 0.17882 0.115659 0.0262445
0.744528 0.246638 0.00873438 9.9991E-05
0.311191 0.54563 0.143079 9.9991E-05
0.462515 0.51522 9.9991E-05 0.0221645
0.688138 0.185111 0.0956723 0.0310784
0.819467 0.100371 0.0616273 0.0185343
0.659048 0.194992 0.119784 0.0261765
0.678976 0.140788 0.135135 0.045101
0.418352 0.561851 0.0196968 9.9991E-05
0.721557 0.14002 0.0991873 0.0392351
0.725245 0.123488 0.0855845 0.0656828
0.649526 0.140233 0.127775 0.0824657
0.550649 0.449151 9.9982E-05 9.9982E-05
0.761907 0.0957568 0.114399 0.0279374
0.683203 0.146058 0.134036 0.0367032
9.9991E-05 0.962989 0.00119508 0.0357159
0.305835 0.625103 0.0689618 9.9991E-05
0.224317 0.643562 0.0241983 0.107923
0.633298 0.193381 0.0893501 0.0839713
0.639678 0.161964 0.0835404 0.114818
0.671928 0.130212 0.127504 0.0703557
0.336865 0.466319 0.196716 9.9991E-05
0.66489 0.252227 0.0656941 0.0171889
0.654914 0.133657 0.121485 0.0899443
0.513556 0.29581 0.163184 0.0274507
0.253926 0.495346 0.250628 9.9991E-05
0.643094 0.202585 0.11191 0.0424109
0.606374 0.255636 0.115392 0.022597
0.215785 0.623668 0.160447 9.9991E-05
0.572363 0.367603 0.0599341 9.9991E-05
0.682272 0.189469 0.0481151 0.080144
0.716282 0.139342 0.116864 0.0275124
0.43194 0.415137 0.136161 0.0167625
0.66173 0.229957 0.096697 0.0116161
0.682042 0.190216 0.0700806 0.0576619
0.377372 0.507139 0.115389 9.9991E-05
0.747251 0.250745 0.00190394 9.9991E-05
0.507455 0.483809 0.00863562 9.9991E-05
0.691433 0.184835 0.0940284 0.0297041
0.258307 0.738552 9.9991E-05 0.00304175
0.24528 0.75452 9.9982E-05 9.9982E-05
0.496717 0.503083 9.9982E-05 9.9982E-05
0.682875 0.295733 0.0212922 9.9991E-05
0.641881 0.168004 0.121598 0.0685174
0.702498 0.292794 9.9991E-05 0.0046084
0.424579 0.511755 0.0635657 9.9991E-05
0.521511 0.458953 0.0194352 9.9991E-05
0.714947 0.15926 0.0788237 0.0469688
0.61297 0.354049 0.032881 9.9991E-05
0.680968 0.298487 0.0204454 9.9991E-05
0.659755 0.328292 9.9991E-05 0.0118533
0.0656731 0.868507 9.9991E-05 0.0657203
0.73214 0.191759 0.0369436 0.0391573
0.108737 0.0128171 0.878346 9.9991E-05
0.0336377 9.9991E-05 0.927344 0.0389178
0.0799435 9.9991E-05 0.864871 0.0550857
9.9982E-05 9.9982E-05 0.925423 0.074377
9.9982E-05 9.9982E-05 0.949129 0.050671
0.0634942 9.9991E-05 0.890201 0.0462053
0.0585693 9.9991E-05 0.936993 0.00433804
0.654722 0.207699 0.0613711 0.076207
0.694367 0.105372 0.175367 0.0248946
0.299282 0.6618 0.0388184 9.9991E-05
0.69482 0.152667 0.0911672 0.0613455
0.617021 0.340014 0.0428645 9.9991E-05
0.708357 0.214224 0.0773194 9.9991E-05
0.716725 0.244359 0.0129796 0.0259368
0.648763 0.253598 0.0434021 0.0542372
0.249651 0.70144 0.0488093 9.9991E-05
0.641767 0.201545 0.114779 0.0419086
0.742599 0.147958 0.0751032 0.0343394
0.655061 0.147119 0.111087 0.0867319
0.432589 0.525513 9.9991E-05 0.0417978
0.681065 0.284591 9.9991E-05 0.0342439
0.654281 0.322259 0.0233606 9.9991E-05
0.621722 0.373336 9.9991E-05 0.00484167
0.63314 0.295754 0.0710061 9.9991E-05
0.667266 0.196533 0.114499 0.0217021
0.37063 0.515743 0.0374089 0.0762188
0.543635 0.318178 0.138087 9.9991E-05
0.629848 0.138022 0.157165 0.0749653
0.623822 0.18708 0.116214 0.0728845
0.619384 0.265188 0.115329 9.9991E-05
0.720101 0.15602 0.0720486 0.0518301
0.594792 0.286303 0.118806 9.9991E-05
0.587909 0.231749 0.122138 0.0582041
0.72476 0.107885 0.114528 0.0528266
0.696496 0.211378 0.0920253 9.9991E-05
0.711776 0.187133 0.100992 9.9991E-05
0.710505 0.11975 0.0887214 0.081024
0.661021 0.110157 0.160328 0.0684945
0.65033 0.236334 0.00859491 0.104741
0.658575 0.176638 0.0985537 0.0662338
0.625329 0.217725 0.053791 0.103156
0.392619 0.403063 0.109561 0.0947579
0.760297 0.125781 0.0700829 0.0438398
0.780162 0.11267 0.0674994 0.0396691
0.371047 0.505115 0.123738 9.9991E-05
0.218263 0.660814 0.029271 0.0916517
0.602409 0.260849 0.0915491 0.045193
0.139156 0.783824 9.9991E-05 0.07692
0.495808 0.436762 0.0673297 9.9991E-05
0.594841 0.391485 0.0135748 9.9991E-05
0.501625 0.403014 0.0952614 9.9991E-05
0.471962 0.443167 0.084771 9.9991E-05
0.684594 0.183942 0.10881 0.0226541
0.643554 0.168769 0.116047 0.0716303
0.684121 0.192065 0.0793792 0.0444352
0.228725 0.651847 0.0432453 0.0761826
0.645629 0.140476 0.136128 0.0777671
0.562433 0.249099 0.0969957 0.0914718
9.9991E-05 0.804838 0.136497 0.0585652
0.6906 0.135684 0.0785513 0.0951652
0.344647 0.439947 0.115892 0.0995145
0.568816 0.216157 0.135015 0.0800127
0.287991 0.53231 0.120735 0.0589639
0.180036 0.681733 0.115595 0.0226361
0.477736 0.383451 0.0714843 0.0673287
0.493046 0.274284 0.0885912 0.144079
0.518849 0.239718 0.202837 0.0385971
0.177814 0.631599 0.0599156 0.130671
0.611082 0.154435 0.127669 0.106814
0.448134 0.551666 9.9982E-05 9.9982E-05
0.567447 0.413379 9.9991E-05 0.019074
0.585817 0.197759 0.104734 0.11169
0.148278 0.188655 0.382436 0.280631
9.9991E-05 0.286562 0.49073 0.222609
9.9991E-05 0.306194 0.483063 0.210643
0.0715572 0.228439 0.371159 0.328845
0.713154 0.261287 0.0122401 0.0133197
0.694328 0.141899 0.0835585 0.0802145
0.33632 9.9982E-05 9.9982E-05 0.66348
0.439736 0.05737 0.0534821 0.449412
0.422021 0.0776314 0.0771422 0.423205
0.283086 0.606275 9.9991E-05 0.110539
0.573378 0.177904 0.170933 0.0777854
0.335059 0.613507 9.9991E-05 0.0513346
0.670451 0.218453 0.0594643 0.051632
0.500365 0.335723 0.0664437 0.0974685
0.644976 0.27713 0.0144525 0.0634407
0.259546 0.656607 9.9991E-05 0.0837469
0.629998 0.19329 0.0537359 0.122976
0.708093 0.142714 0.096897 0.0522965
0.0496325 9.9982E-05 9.9982E-05 0.950168
0.0950531 9.9982E-05 9.9982E-05 0.904747
0.323514 0.045915 0.0502514 0.580319
0.349201 9.9982E-05 9.9982E-05 0.650599
0.171161 0.0029419 0.0161995 0.809697
9.998E-05 9.998E-05 9.998E-05 0.9997
0.0306617 0.0146047 9.9991E-05 0.954634
0.173204 9.9982E-05 9.9982E-05 0.826596
0.0188346 0.0218452 0.0125632 0.946757
9.998E-05 9.998E-05 9.998E-05 0.9997
9.998E-05 9.998E-05 9.998E-05 0.9997
0.230957 9.9991E-05 0.00983836 0.759105
0.162609 0.00533599 0.0303386 0.801716
9.998E-05 9.998E-05 9.998E-05 0.9997
0.401548 0.078148 0.0868255 0.433479
0.306237 9.9991E-05 0.0455043 0.648159
0.156712 9.9991E-05 0.0317326 0.811456
0.100482 9.9991E-05 0.0108369 0.888581
9.998E-05 9.998E-05 9.998E-05 0.9997
0.0348166 9.9982E-05 9.9982E-05 0.964983
9.998E-05 9.998E-05 9.998E-05 0.9997
0.269575 0.0443355 0.0528179 0.633272
0.020678 0.0140647 9.9991E-05 0.965157
9.9991E-05 0.529009 0.310623 0.160268
0.422245 0.227924 0.210682 0.139149
0.48784 0.191819 0.208663 0.111679
0.158353 0.415267 0.223017 0.203364
0.520267 0.191385 0.118803 0.169545
0.078779 0.445517 0.266338 0.209366
0.527863 0.156051 0.177136 0.138951
0.285847 0.279227 0.217172 0.217753
0.469298 0.163677 0.190765 0.176261
0.395216 0.21871 0.226575 0.159499
0.451635 0.197805 0.195379 0.155181
0.0596548 9.9982E-05 0.940145 9.9982E-05
9.9991E-05 0.000719386 0.91735 0.0818306
0.0276795 9.9982E-05 0.972121 9.9982E-05
9.9982E-05 0.00782981 0.99197 9.9982E-05
0.0710618 9.9982E-05 0.928738 9.9982E-05
9.9982E-05 9.9982E-05 0.994114 0.00568635
0.0252603 9.9991E-05 0.937115 0.0375249
0.0173424 0.00377582 0.978782 9.9991E-05
0.0331448 0.0104778 0.921742 0.0346359
0.0164632 0.0333197 0.923734 0.0264827
9.9991E-05 0.3268 0.666808 0.00629148
9.9982E-05 0.313028 0.686772 9.9982E-05
0.0313057 0.370678 0.597917 9.9991E-05
9.9982E-05 0.452634 0.547166 9.9982E-05
0.642425 0.245067 0.0893377 0.0231704
0.656151 0.247198 0.071348 0.0253036
0.683294 0.228098 0.0772268 0.0113811
0.576529 0.375403 0.0479681 9.9991E-05
0.359437 0.5671 0.0733631 9.9991E-05
0.767272 0.154478 0.0525425 0.0257075
0.803768 0.196032 9.9982E-05 9.9982E-05
0.714473 0.261859 9.9991E-05 0.0235683
0.620675 0.376976 9.9991E-05 0.00224941
0.739105 0.126592 0.0755146 0.0587883
0.688206 0.308682 0.00301191 9.9991E-05
0.21876 0.78104 9.9982E-05 9.9982E-05
0.667465 0.181426 0.0930376 0.0580714
0.403052 0.596748 9.9982E-05 9.9982E-05
0.729562 0.264518 9.9991E-05 0.00582003
0.43026 0.56954 9.9982E-05 9.9982E-05
0.0618408 0.645867 0.292192 9.9991E-05
0.150207 0.595502 0.254191 9.9991E-05
0.124948 0.627219 0.247733 9.9991E-05
0.0463223 0.690878 0.2627 9.9991E-05
0.199578 0.606371 0.193951 9.9991E-05
0.199261 0.581268 0.219371 9.9991E-05
0.0498507 9.9991E-05 0.88986 0.060189
0.13349 9.9991E-05 0.84993 0.0164805
0.148453 0.0091298 0.787664 0.0547525
0.0798578 9.9991E-05 0.859979 0.060063
0.126962 9.9991E-05 0.794234 0.0787045
0.02496 0.473055 0.501885 9.9991E-05
0.0326879 0.420054 0.547158 9.9991E-05
0.094506 0.362147 0.543247 9.9991E-05
0.116233 9.9991E-05 0.87942 0.00424679
0.0242605 0.467754 0.507885 9.9991E-05
0.287611 0.07829 0.286123 0.347977
0.527815 0.038154 0.176047 0.257985
0.557207 9.9991E-05 0.188461 0.254232
0.364512 0.0725399 0.282621 0.280327
0.568996 0.0884216 0.206826 0.135756
9.9991E-05 0.217048 0.429984 0.352868
0.619372 0.328849 0.051679 9.9991E-05
0.540729 0.379304 0.00890229 0.0710643
0.434311 0.473824 0.0917643 9.9991E-05
0.595894 0.329519 9.9991E-05 0.0744864
9.9982E-05 0.978532 9.9982E-05 0.0212685
0.689512 0.13395 0.106072 0.0704665
0.607649 0.285782 0.0377481 0.0688216
0.475753 0.418126 0.106021 9.9991E-05
0.660126 0.195003 0.104898 0.039974
0.255587 0.723999 9.9991E-05 0.0203143
0.644107 0.267545 0.029307 0.0590404
0.66882 0.282913 0.0481677 9.9991E-05
0.512927 0.187241 0.117167 0.182665
0.428247 0.502842 0.0202422 0.0486684
0.504749 0.419657 9.9991E-05 0.0754938
0.69917 0.221587 9.9991E-05 0.0791432
0.708246 0.288929 9.9991E-05 0.00272587
0.682005 0.178624 0.0351263 0.104245
0.660198 0.163825 0.100769 0.0752084
0.712755 0.167835 0.11931 9.9991E-05
0.0936341 9.9991E-05 0.853103 0.0531627
0.0959827 9.9991E-05 0.88614 0.0177777
0.0496399 0.0211068 0.908402 0.0208515
0.0307793 9.9991E-05 0.916958 0.0521626
0.0827527 9.9982E-05 0.917047 9.9982E-05
0.27381 0.569677 0.148224 0.00828984
0.608557 0.232841 0.0979734 0.060628
0.418264 0.083048 0.199502 0.299185
0.728429 0.121598 0.0856799 0.0642934
0.613122 0.284639 0.0719892 0.0302492
0.385841 0.535487 0.0303281 0.0483443
0.127632 0.671583 0.200686 9.9991E-05
0.602377 0.255934 0.141589 9.9991E-05
0.3835 0.433659 0.173863 0.00897876
0.546931 0.308587 0.0982616 0.0462203
0.281761 0.530243 0.187896 9.9991E-05
0.619777 0.156321 0.137519 0.0863823
0.315366 0.52486 0.159674 9.9991E-05
0.379956 0.460152 0.0562775 0.103615
0.633853 0.215398 0.113995 0.0367542
0.425263 0.533302 0.041335 9.9991E-05
0.583123 0.292762 0.0654389 0.0586767
0.606668 0.220188 0.124014 0.0491304
0.347635 0.608963 0.0316914 0.011711
0.581249 0.221258 0.11724 0.0802532
0.583076 0.317709 0.0622853 0.0369291
0.247143 0.739872 9.9991E-05 0.0128856
0.260673 0.671588 0.0345397 0.0331993
0.553634 0.401286 0.04498 9.9991E-05
0.177891 0.789732 0.017925 0.0144517
0.559618 0.409645 0.0218492 0.00888817
0.321384 0.570004 0.108512 9.9991E-05
0.267255 0.600648 9.9991E-05 0.131997
0.574237 0.286901 0.119317 0.0195455
0.649048 0.167639 0.113692 0.0696217
0.419292 0.533735 0.0468728 9.9991E-05
0.610307 0.208767 0.111799 0.0691267
0.719902 0.185615 0.0617374 0.0327461
0.582508 0.289375 0.0490945 0.079023
0.624914 0.259 0.0385817 0.0775044
0.579997 0.294976 0.105596 0.019431
0.444829 0.477718 0.0754093 0.00204373
0.570167 0.342298 0.0706868 0.0168484
0.694384 0.229624 0.0151891 0.0608023
0.64993 0.153827 0.0824566 0.113786
0.402421 0.40661 0.0754575 0.115511
0.603277 0.278715 0.00741095 0.110597
0.500686 0.386659 0.0840334 0.0286208
0.677736 0.214161 0.0830547 0.0250487
0.564366 0.284361 0.0773095 0.0739632
0.62488 0.162175 0.0958949 0.11705
0.497468 9.9991E-05 0.368269 0.134164
0.60207 0.0757584 0.137459 0.184712
0.537986 0.126748 0.186849 0.148417
0.610982 0.0946142 0.127703 0.166701
0.490897 0.0803097 0.197576 0.231218
0.622717 0.355987 9.9991E-05 0.0211965
0.568262 0.0976586 0.165307 0.168773
0.0369758 0.477804 0.222488 0.262732
0.60116 0.142494 0.096868 0.159478
0.603729 0.064093 0.148961 0.183217
0.587185 0.0859221 0.116673 0.21022
0.335629 0.306476 0.193713 0.164181
0.607711 0.0112246 0.225802 0.155263
0.583005 0.0497817 0.140411 0.226802
9.9991E-05 0.296253 0.50843 0.195217
0.556372 0.0627318 0.201841 0.179055
0.560562 0.0231066 0.185765 0.230567
0.584547 0.129277 0.11062 0.175555
0.553421 0.0161846 0.203476 0.226918
0.571733 0.0688583 0.237055 0.122354
0.57827 0.332485 0.0140806 0.0751641
0.617535 0.232853 0.0638238 0.0857878
0.00728463 0.906964 9.9991E-05 0.0856518
0.0929835 0.864268 9.9991E-05 0.0426483
0.561037 0.286075 0.0834346 0.0694534
0.428444 0.110618 0.137885 0.323053
0.393551 0.0855599 0.179062 0.341827
0.221051 0.241793 0.158189 0.378967
0.391956 0.157729 0.140391 0.309925
0.120945 0.622586 0.0729527 0.183516
0.182209 0.582548 0.0685309 0.166712
0.674608 0.227236 9.9991E-05 0.098056
0.454485 0.300149 0.0471579 0.198209
0.274152 0.560697 9.9991E-05 0.165051
0.617065 0.199881 0.0533118 0.129742
0.647271 0.182614 0.0294551 0.14066
0.563592 0.232849 0.067792 0.135767
0.447478 0.502433 9.9991E-05 0.0499892
0.508805 0.446914 9.9991E-05 0.044181
0.606364 0.280099 0.0603439 0.053193
0.51957 0.352271 0.0375152 0.0906436
0.583697 0.19145 0.0874099 0.137443
0.550754 0.396547 0.00542192 0.0472768
0.315147 0.638434 9.9991E-05 0.046319
0.723589 0.192769 0.0312765 0.0523652
0.288022 0.66441 9.9991E-05 0.0474678
0.588648 0.360372 0.00612213 0.0448571
0.642367 0.231804 0.075115 0.0507138
0.592299 0.288099 0.0578945 0.0617073
0.515979 0.0968387 0.1757 0.211483
0.528263 0.169061 0.179466 0.123211
0.344799 0.138775 0.210596 0.305831
0.379119 0.167417 0.172852 0.280612
0.496751 0.0899092 0.195857 0.217483
0.501847 0.135575 0.18073 0.181849
9.9991E-05 0.614365 0.131854 0.253681
0.604618 0.0676797 0.0994156 0.228287
9.9991E-05 0.445815 0.327469 0.226617
0.556484 0.158801 0.0642663 0.220448
0.320111 0.675275 9.9991E-05 0.00451435
0.148321 0.832684 9.9991E-05 0.0188952
0.61062 0.35466 9.9991E-05 0.0346202
0.692938 0.222833 0.0141827 0.070046
0.578407 0.418102 9.9991E-05 0.00339129
0.699272 0.248574 9.9991E-05 0.0520533
0.682247 0.268494 9.9991E-05 0.0491594
0.0297586 0.0453546 0.899726 0.0251611
0.0453629 0.0768559 0.804673 0.0731083
0.00159185 0.0050393 0.966948 0.0264206
0.0247195 9.9982E-05 0.975081 9.9982E-05
0.683815 0.220685 0.018281 0.0772191
0.743679 0.198907 0.0573137 9.9991E-05
0.748723 0.245874 0.00530317 9.9991E-05
0.763246 0.126144 0.0945592 0.0160508
0.66696 0.13318 0.139478 0.0603828
0.551521 0.42342 0.0249592 9.9991E-05
0.842657 0.135405 0.0218389 9.9991E-05
0.449976 0.527053 9.9991E-05 0.0228707
0.460328 0.0315865 0.348747 0.159339
0.605106 0.36708 9.9991E-05 0.0277139
0.581493 0.402596 0.015811 9.9991E-05
0.731844 0.239326 0.0180693 0.0107601
0.618979 0.365931 0.0143588 0.000731303
0.761366 0.208835 9.9991E-05 0.0296988
0.744314 0.184399 0.0711867 9.9991E-05
0.289781 0.710019 9.9982E-05 9.9982E-05
0.50996 0.474453 9.9991E-05 0.0154875
0.552332 0.429577 9.9991E-05 0.0179911
0.131512 0.868288 9.9982E-05 9.9982E-05
0.614559 0.311682 0.0736589 9.9991E-05
0.277454 0.722346 9.9982E-05 9.9982E-05
0.102191 0.897609 9.9982E-05 9.9982E-05
0.708779 0.223716 0.0256926 0.0418123
0.424521 0.540562 0.0348169 9.9991E-05
0.678931 0.308228 0.0127408 9.9991E-05
0.65738 0.141536 0.123047 0.0780377
0.708037 0.236615 0.0407282 0.0146192
0.435511 0.481994 9.9991E-05 0.0823949
0.735388 0.181093 0.0794286 0.00409037
0.714329 0.247495 0.0380763 9.9991E-05
0.540759 0.459041 9.9982E-05 9.9982E-05
0.660241 0.195586 0.113398 0.0307747
9.9982E-05 0.266745 0.733055 9.9982E-05
0.00689303 0.161508 0.831499 9.9991E-05
9.9982E-05 0.101863 0.897937 9.9982E-05
9.9982E-05 0.134147 0.865653 9.9982E-05
0.0417945 0.157779 0.800326 9.9991E-05
0.408201 0.548864 0.0428345 9.9991E-05
0.413212 0.567155 0.0195332 9.9991E-05
0.445391 0.554409 9.9982E-05 9.9982E-05
0.645598 0.13791 0.128728 0.0877641
0.702728 0.137893 0.113934 0.0454455
0.46654 0.503793 9.9991E-05 0.0295671
0.720928 0.203551 0.0252635 0.0502582
0.573859 0.338694 9.9991E-05 0.0873478
0.737514 0.223953 0.0384332 9.9991E-05
0.764864 0.122951 0.055273 0.0569121
0.492871 0.506929 9.9982E-05 9.9982E-05
0.578471 0.419651 0.00177844 9.9991E-05
0.582152 0.413165 0.00458233 9.9991E-05
0.686058 0.1271 0.156309 0.0305327
0.650467 0.328954 0.0204785 9.9991E-05
0.627874 0.323109 0.0489172 9.9991E-05
0.447585 0.0507691 0.109086 0.392561
0.404893 0.00799908 0.131903 0.455205
0.463186 0.0131854 0.110729 0.4129
0.320561 0.00866557 0.166341 0.504432
0.539239 9.9991E-05 0.167004 0.293657
0.670021 0.247333 0.0825459 9.9991E-05
9.9991E-05 0.0542255 0.268421 0.677254
0.322051 0.00401202 0.166874 0.507062
0.384466 0.198384 0.192415 0.224735
0.619391 0.180467 0.171262 0.0288798
0.570854 0.223651 0.170757 0.0347377
0.690105 0.143291 0.144557 0.0220474
0.663901 0.109497 0.186763 0.039839
0.354148 9.9991E-05 0.164315 0.481437
0.41752 0.0706705 0.117764 0.394045
0.40983 9.9991E-05 0.0793389 0.510731
0.521015 0.013342 0.191733 0.27391
0.274137 0.0521629 0.167145 0.506555
0.456987 0.0149551 0.135922 0.392136
0.275388 0.0650491 0.112599 0.546965
0.431223 0.0790681 0.105667 0.384042
0.55363 0.255949 0.115601 0.07482
0.443004 0.0406114 0.187805 0.32858
0.119908 0.0435218 0.200175 0.636396
0.413018 0.0796986 0.127881 0.379402
0.416392 0.342207 0.2413 9.9991E-05
0.689746 0.161744 0.0747884 0.0737212
0.396535 0.0723474 0.163378 0.36774
0.615907 0.192481 0.175662 0.0159499
0.602116 0.177719 0.199925 0.0202402
0.40765 0.139911 0.217913 0.234526
0.38454 0.0774765 0.238777 0.299207
0.661451 0.085965 0.156857 0.0957269
0.470096 0.022654 0.163029 0.344221
0.471732 9.9991E-05 0.11398 0.414188
0.123694 0.00770237 0.202647 0.665957
0.692346 0.086675 0.154905 0.0660748
0.550791 0.254791 0.194318 9.9991E-05
0.140268 0.611461 0.126477 0.121794
0.611892 0.112187 0.179564 0.096357
0.448772 0.360902 0.110718 0.0796085
0.537258 0.109163 0.178664 0.174915
0.558821 0.135574 0.17302 0.132586
9.9991E-05 0.402309 0.397256 0.200335
9.9991E-05 0.475332 0.345295 0.179274
0.301976 0.329982 0.184309 0.183733
0.0207903 0.3547 0.367777 0.256732
9.9991E-05 0.263575 0.476509 0.259816
0.381039 0.245354 0.196885 0.176722
0.382361 0.173289 0.263212 0.181139
0.116372 0.345449 0.286499 0.251681
0.0217637 0.439392 0.277665 0.261179
0.521015 0.132703 0.189124 0.157158
0.138715 0.39184 0.240339 0.229106
9.9991E-05 0.446863 0.381529 0.171509
0.620762 0.115723 0.181668 0.0818476
0.318147 0.209242 0.226113 0.246498
0.455828 0.0314564 0.344062 0.168653
0.619092 9.9991E-05 0.173541 0.207267
0.553409 0.033826 0.166276 0.246489
0.472936 0.0570365 0.171648 0.29838
0.381562 0.0110625 0.404709 0.202667
0.578649 0.0127019 0.222273 0.186376
0.51394 9.9991E-05 0.258913 0.227048
0.3047 0.154263 0.265993 0.275045
0.427316 0.2181 0.224338 0.130246
0.576851 0.0633876 0.192701 0.167061
0.644865 0.0512046 0.134071 0.16986
0.636597 0.0931822 0.115955 0.154267
0.483881 0.00930115 0.290996 0.215822
0.578411 9.9991E-05 0.217701 0.203788
0.00755 0.235123 0.376799 0.380527
0.601922 0.0474475 0.158236 0.192394
0.218465 0.109925 0.32499 0.34662
9.9991E-05 0.140908 0.857153 0.00183884
0.237642 0.567838 0.19442 9.9991E-05
0.017421 0.772815 0.209664 9.9991E-05
0.0353883 0.788713 0.175799 9.9991E-05
0.13451 0.725202 0.140189 9.9991E-05
0.132874 0.69832 0.168706 9.9991E-05
0.17602 0.679099 0.144781 9.9991E-05
0.0628223 0.743221 0.193857 9.9991E-05
0.0658354 0.583548 0.350517 9.9991E-05
0.0335402 0.0328569 0.933503 9.9991E-05
0.0799896 0.0613848 0.858526 9.9991E-05
0.053272 0.0365669 0.910061 9.9991E-05
0.0545582 0.0354507 0.909891 9.9991E-05
0.00953968 0.0413362 0.924869 0.0242555
0.0520033 9.9991E-05 0.932332 0.015565
0.156053 0.00687088 0.753015 0.0840613
0.0618815 9.9991E-05 0.911965 0.0260539
0.148366 0.0696838 0.721338 0.0606118
0.00566448 9.9991E-05 0.93974 0.0544958
9.998E-05 9.998E-05 0.9997 9.998E-05
0.0462544 0.00675841 0.902671 0.0443164
9.9982E-05 9.9982E-05 0.988445 0.011355
0.0313268 9.9991E-05 0.965702 0.00287122
0.0594303 9.9991E-05 0.914537 0.0259323
0.0300608 9.9991E-05 0.939546 0.0302936
0.0586994 9.9991E-05 0.868401 0.0728
0.0916644 9.9991E-05 0.841216 0.0670199
0.0765465 9.9991E-05 0.816853 0.1065
0.500316 0.314964 0.18462 9.9991E-05
0.778994 0.107608 0.113299 9.9991E-05
0.652914 0.119766 0.146378 0.0809418
0.0996551 0.683169 0.0818512 0.135325
0.558768 0.265289 0.161494 0.014449
0.0585633 0.68058 0.13622 0.124637
0.669671 0.114218 0.108702 0.107409
0.499841 0.308797 0.191262 9.9991E-05
0.56051 0.229157 0.210233 9.9991E-05
0.679349 0.234234 0.0863174 9.9991E-05
0.573917 0.255121 0.170862 9.9991E-05
0.739424 0.104762 0.105951 0.0498628
0.629749 0.213603 0.147846 0.00880267
0.0834072 0.790562 9.9991E-05 0.125931
9.9991E-05 0.793618 0.102415 0.103867
0.155343 0.614717 0.129943 0.0999977
0.685303 0.103296 0.186528 0.024874
0.532789 0.272812 0.118527 0.0758726
0.666738 0.200751 0.0812731 0.0512372
0.641959 0.139495 0.0959748 0.122572
0.534823 0.0420722 0.262174 0.160931
0.607985 0.0136348 0.213181 0.165199
0.21025 0.226743 0.411988 0.151019
0.639972 0.108418 0.158052 0.093557
0.477696 0.150709 0.239314 0.132281
9.9991E-05 0.346491 0.411867 0.241542
0.331346 0.105106 0.267634 0.295914
0.353934 0.10326 0.376767 0.166039
0.447139 0.097235 0.342177 0.113449
0.613683 0.073494 0.179617 0.133206
0.573621 0.0636982 0.24034 0.122341
0.674208 0.00269308 0.202419 0.120681
0.424071 0.17605 0.180051 0.219828
0.255703 0.0821083 0.514401 0.147787
