0.913874 0.0344265 0.051599 9.9991E-05
0.981878 0.0179224 9.9982E-05 9.9982E-05
0.895649 0.0932653 9.9991E-05 0.0109857
0.858825 0.140975 9.9982E-05 9.9982E-05
0.916594 0.0832064 9.9982E-05 9.9982E-05
0.694558 0.105655 0.0285597 0.171227
0.825667 0.0400768 0.0167196 0.117536
0.793015 0.0344467 0.0100924 0.162446
0.867104 9.9982E-05 9.9982E-05 0.132696
0.813503 0.0631505 0.00756558 0.115781
0.805925 0.130612 9.9991E-05 0.0633635
0.136588 0.353126 9.9991E-05 0.510187
0.107169 0.63645 0.0218173 0.234564
0.101089 0.380901 0.0383915 0.479619
0.125392 0.393718 0.0786173 0.402273
0.133544 0.471094 0.121551 0.273811
0.0729991 0.643835 0.0611784 0.221987
0.0988253 0.602671 9.9991E-05 0.298404
0.176669 0.346316 0.058692 0.418323
0.139772 0.15743 9.9991E-05 0.702698
0.0716513 0.528602 0.0287172 0.371029
0.04475 0.472367 0.0886716 0.394211
0.0664418 0.616969 0.047096 0.269493
0.156003 0.370271 0.00840314 0.465323
0.0834504 0.705164 0.0946495 0.116736
0.0918354 0.661065 9.9991E-05 0.247
0.147687 0.356017 9.9991E-05 0.496196
0.131826 0.428501 0.0121321 0.427541
0.0935456 0.342447 9.9991E-05 0.563907
0.891775 0.0789753 0.0291497 9.9991E-05
0.879497 0.0980907 0.0223122 9.9991E-05
0.808752 0.0916812 0.0994673 9.9991E-05
0.750174 0.18826 0.0614663 9.9991E-05
0.103988 0.620327 9.9991E-05 0.275585
0.092451 0.650088 0.00385368 0.253607
0.00718133 0.671253 0.0244684 0.297097
0.140249 0.292793 9.9991E-05 0.566858
9.9991E-05 0.412191 0.0262492 0.56146
0.0967108 0.683387 0.00550428 0.214398
0.0392358 0.801593 0.0154074 0.143764
0.151619 0.617075 0.0105303 0.220776
0.0964591 0.690562 0.0330066 0.179973
0.026745 0.393902 9.9991E-05 0.579253
0.072238 0.696302 0.0424604 0.188999
0.0711857 0.705014 0.0395019 0.184298
0.136382 0.631985 0.0344254 0.197208
9.9982E-05 0.521716 9.9982E-05 0.478084
0.0630606 0.689342 0.0239885 0.223609
0.12049 0.626407 0.0596792 0.193423
0.0057339 9.9991E-05 0.0281043 0.966062
0.0541809 0.28851 9.9991E-05 0.657209
0.0393485 0.199826 0.0985354 0.66229
0.159983 0.6266 0.0406965 0.17272
0.0929464 0.647344 0.0937504 0.16596
0.0916585 0.621269 0.0772708 0.209802
0.201927 0.293609 9.9991E-05 0.504364
0.0500648 0.65644 9.9991E-05 0.293395
0.113954 0.665722 0.0438493 0.176475
0.192308 0.488843 0.00928182 0.309566
0.218781 0.234834 9.9993E-05 0.546286
0.105601 0.626067 0.0459776 0.222354
0.107864 0.592241 0.0183311 0.281564
0.17452 0.175584 9.9991E-05 0.649797
0.0341434 0.570882 9.9991E-05 0.394875
0.0590344 0.62415 0.0675518 0.249264
0.148267 0.654404 0.019711 0.177619
0.149566 0.376325 0.0200577 0.454052
0.0883646 0.593806 0.0426496 0.27518
0.102291 0.633337 0.0315819 0.23279
0.127632 0.348789 9.9991E-05 0.523479
0.0191105 0.677161 9.9991E-05 0.303629
9.9982E-05 0.47228 9.9982E-05 0.52752
0.104131 0.670369 0.0102425 0.215258
9.9991E-05 0.206347 0.00494927 0.788604
9.9982E-05 0.195933 9.9982E-05 0.803867
9.9982E-05 0.440637 9.9982E-05 0.559163
0.0180895 0.649345 9.9991E-05 0.332465
0.0939541 0.601318 0.0924757 0.212252
9.9991E-05 0.656669 0.00832654 0.334904
0.0463062 0.380158 9.9991E-05 0.573435
0.0135899 0.457338 9.9991E-05 0.528972
0.0873714 0.622209 0.0816463 0.208773
0.0147606 0.551307 9.9991E-05 0.433833
9.9982E-05 0.64227 9.9982E-05 0.35753
9.9982E-05 0.613274 9.9982E-05 0.386526
9.9991E-05 0.0190194 0.0996429 0.881238
0.0278434 0.736095 0.0545819 0.181479
0.883681 0.106782 9.9991E-05 0.00943762
0.927114 0.0527696 0.0200164 9.9991E-05
0.849614 0.117168 0.0331175 9.9991E-05
0.92232 9.9982E-05 0.0774799 9.9982E-05
0.974072 9.9982E-05 0.0257277 9.9982E-05
0.88161 0.0385384 0.0797516 9.9991E-05
0.924045 0.0757549 9.9982E-05 9.9982E-05
0.106906 0.657146 0.0230726 0.212875
0.127455 0.622404 0.0836471 0.166494
0.0444287 0.239399 9.9991E-05 0.716072
0.110022 0.683476 0.0164902 0.190012
0.0369006 0.567952 9.9991E-05 0.395047
0.0524917 0.70126 9.9991E-05 0.246149
0.0266021 0.697332 0.0135548 0.262511
9.9991E-05 0.600602 0.0631889 0.336109
0.0389539 0.232808 9.9991E-05 0.728139
0.0900025 0.597008 0.0710019 0.241988
0.0833547 0.718445 0.0389106 0.15929
0.119444 0.635987 0.0421986 0.20237
9.9991E-05 0.376865 0.0324642 0.590571
9.9991E-05 0.641262 0.0103022 0.348336
0.0100592 0.663524 9.9991E-05 0.326317
9.9982E-05 0.563395 9.9982E-05 0.436405
0.0685597 0.59209 9.9991E-05 0.33925
0.115438 0.664213 0.0327315 0.187617
0.0593568 0.338659 0.088053 0.513931
0.143011 0.510809 9.9991E-05 0.346081
0.110947 0.543878 0.113503 0.231672
0.0928256 0.65246 0.0372161 0.217499
0.0762774 0.576564 0.012197 0.334962
0.0917781 0.667214 0.0307527 0.210255
0.123689 0.549472 9.9991E-05 0.326738
0.104918 0.557651 0.0667981 0.270633
0.107083 0.693667 0.0349631 0.164287
0.118226 0.645534 9.9991E-05 0.23614
0.0699133 0.68056 9.9991E-05 0.249427
0.0646863 0.643015 0.0965002 0.195798
0.127432 0.642978 0.0574255 0.172165
0.0242346 0.666222 0.0615602 0.247983
0.0910261 0.642161 0.0641739 0.20264
0.0484273 0.658603 0.0558808 0.237089
0.133484 0.362966 0.0912071 0.412343
0.0775812 0.671695 0.0575779 0.193146
0.0344321 0.725142 0.0410613 0.199365
0.116194 0.327256 9.9991E-05 0.55645
0.0301663 0.191881 0.0836963 0.694257
0.0803621 0.586006 0.0298975 0.303735
9.9991E-05 0.121281 0.0702355 0.808383
0.0777457 0.468352 9.9991E-05 0.453802
0.0184804 0.557116 9.9991E-05 0.424304
0.0908962 0.477071 9.9991E-05 0.431933
0.0388063 0.446599 9.9991E-05 0.514495
0.0764386 0.673707 0.0222915 0.227563
0.11415 0.531267 0.139852 0.21473
0.0702224 0.652383 0.0206379 0.256757
0.027239 0.222585 0.0605463 0.689629
0.1653 0.629237 0.0474959 0.157967
0.103238 0.506745 0.0701894 0.319828
0.158348 9.9991E-05 0.0393216 0.80223
0.047773 0.715747 0.0864095 0.150071
0.135374 0.34276 0.0623412 0.459525
0.130718 0.555493 0.0809757 0.232813
0.124581 0.306332 0.012488 0.556599
0.0959771 0.106042 0.0572743 0.740707
0.0904181 0.432024 0.0775441 0.400014
0.1692 0.539968 0.0660494 0.224783
0.18408 0.539665 0.0139374 0.262318
0.0489019 0.120142 0.155711 0.675245
0.0758921 0.580746 0.103992 0.239369
9.9982E-05 0.399107 9.9982E-05 0.600693
9.9991E-05 0.489207 0.0464878 0.464205
0.114225 0.577637 0.110473 0.197664
0.392695 0.113582 0.302095 0.191627
0.518247 9.9991E-05 0.202222 0.279431
0.501871 9.9991E-05 0.196357 0.301672
0.355605 0.0641876 0.329005 0.251202
0.00786329 0.709996 9.9991E-05 0.28204
0.0960604 0.680441 0.0573218 0.166177
9.9982E-05 0.322842 0.676958 9.9982E-05
0.0316234 0.424824 0.442761 0.100791
0.0912692 0.451867 0.391931 0.0649325
0.0159956 0.292578 0.0941074 0.597319
0.107822 0.535525 0.056144 0.30051
9.9991E-05 0.300624 0.0329196 0.666357
0.0796892 0.624966 0.0627133 0.232631
0.053279 0.488852 0.0864547 0.371414
0.0200622 0.634172 0.0271091 0.318657
9.9991E-05 0.23817 0.0736861 0.688044
0.0932863 0.673644 0.068187 0.164883
0.147092 0.665868 0.0347198 0.15232
9.9982E-05 0.0483925 0.951408 9.9982E-05
9.9991E-05 0.0685057 0.916 0.0153943
0.091261 0.328293 0.549752 0.0306932
9.9982E-05 0.377287 0.622513 9.9982E-05
9.9982E-05 0.181424 0.818376 9.9982E-05
9.998E-05 9.998E-05 0.9997 9.998E-05
9.9991E-05 0.0320604 0.961675 0.00616473
9.9982E-05 0.191911 0.807889 9.9982E-05
0.00922982 0.0190025 0.953896 0.017872
9.998E-05 9.998E-05 0.9997 9.998E-05
9.998E-05 9.998E-05 0.9997 9.998E-05
0.00688087 0.244741 0.748278 9.9991E-05
0.0476649 0.16915 0.783085 9.9991E-05
9.998E-05 9.998E-05 0.9997 9.998E-05
0.117707 0.418098 0.36594 0.0982549
0.0453841 0.308853 0.645663 9.9991E-05
0.0433524 0.173437 0.783111 9.9991E-05
9.9982E-05 0.114715 0.885085 9.9982E-05
9.998E-05 9.998E-05 0.9997 9.998E-05
9.9982E-05 0.0619086 0.937891 9.9982E-05
9.998E-05 9.998E-05 0.9997 9.998E-05
0.0734393 0.300441 0.621679 0.00444125
0.0336305 0.00386775 0.962402 9.9991E-05
0.318782 9.9991E-05 0.143844 0.537274
0.227557 0.330563 0.17299 0.268891
0.1783 0.454933 0.12798 0.238788
0.240406 0.172199 0.190835 0.396561
0.156276 0.494258 0.14165 0.207816
0.246472 0.0693349 0.213816 0.470377
0.211421 0.464761 0.128679 0.195139
0.221892 0.332231 0.150856 0.295021
0.150286 0.427064 0.207056 0.215594
0.203074 0.397157 0.158113 0.241656
0.188094 0.421959 0.19637 0.193577
0.916689 0.0731786 9.9991E-05 0.0100321
0.904722 9.9991E-05 0.0853113 0.00986661
0.963855 0.0359449 9.9982E-05 9.9982E-05
0.993379 9.9982E-05 9.9982E-05 0.00642078
0.926087 0.0737128 9.9982E-05 9.9982E-05
0.990212 0.0059888 0.00369943 9.9991E-05
0.935661 0.0351041 0.0291349 9.9991E-05
0.964877 0.0156944 9.9991E-05 0.0193284
0.894082 0.0210819 0.0506051 0.0342308
0.923806 9.9991E-05 0.0417783 0.0343162
0.665525 9.9982E-05 9.9982E-05 0.334275
0.678575 9.9982E-05 9.9982E-05 0.321225
0.611622 9.9982E-05 9.9982E-05 0.388178
0.54208 0.00204492 9.9991E-05 0.455775
0.0766391 0.614518 9.9991E-05 0.308743
0.0512759 0.643496 9.9991E-05 0.305128
0.0669927 0.678621 9.9991E-05 0.254287
0.0591369 0.502751 9.9991E-05 0.438012
0.0822447 0.313392 9.9991E-05 0.604264
0.0526037 0.790015 0.000242094 0.157139
9.9991E-05 0.761001 0.00224585 0.236653
0.00512633 0.651172 0.0199709 0.323731
9.9991E-05 0.544362 0.00851713 0.447021
0.0403397 0.688561 0.0656519 0.205448
0.0164181 0.634566 9.9991E-05 0.348916
9.9982E-05 0.176572 9.9982E-05 0.823228
0.0878623 0.706007 9.9991E-05 0.206031
9.9982E-05 0.37632 9.9982E-05 0.62348
0.0326347 0.653653 0.0151949 0.298517
0.0018959 0.376859 9.9991E-05 0.621145
0.305328 0.0402828 9.9991E-05 0.65429
0.260816 0.133339 9.9991E-05 0.605745
0.25178 0.0998715 9.9991E-05 0.648249
0.26217 0.0283651 9.9991E-05 0.709365
0.186399 0.174517 9.9991E-05 0.638984
0.225283 0.189724 9.9991E-05 0.584893
0.865563 0.0510926 0.0589488 0.0243955
0.839873 0.138169 0.0107338 0.0112241
0.798008 0.119333 0.0714516 0.0112076
0.845745 0.0409071 0.0866517 0.0266966
0.799837 0.140993 0.0590697 9.9991E-05
0.511291 9.9982E-05 9.9982E-05 0.488509
0.54324 0.0198665 9.9991E-05 0.436793
0.54091 0.064426 9.9991E-05 0.394564
0.876586 0.0979943 0.016881 0.00853913
0.502415 9.9982E-05 9.9982E-05 0.497385
0.260149 0.277709 0.355571 0.106571
0.157959 0.580987 0.190321 0.0707334
0.184276 0.57806 0.237564 9.9991E-05
0.302486 0.358737 0.262512 0.0762647
0.203879 0.612192 0.111682 0.0722471
0.459921 9.9991E-05 0.334531 0.205448
0.0654755 0.552324 9.9991E-05 0.3821
0.0199418 0.488395 0.039592 0.452071
0.0883879 0.396255 9.9991E-05 0.515258
9.9991E-05 0.546654 0.061824 0.391422
9.9982E-05 9.9982E-05 0.00846384 0.991336
0.0997109 0.617741 0.0653286 0.217219
0.0603104 0.61037 0.0313896 0.29793
0.094404 0.449824 9.9991E-05 0.455672
0.117522 0.602974 0.0176316 0.261872
9.9982E-05 0.249527 9.9982E-05 0.750273
0.038292 0.62669 0.0312696 0.303749
0.089679 0.586356 9.9991E-05 0.323865
0.0973992 0.471484 0.182652 0.248465
9.9991E-05 0.401654 0.0671599 0.531086
0.0142328 0.484596 0.0458381 0.455333
9.9991E-05 0.665462 0.0203606 0.314077
9.9991E-05 0.626531 0.0441899 0.329179
0.025539 0.672745 0.109105 0.192611
0.157538 0.648469 0.0632762 0.130716
0.144984 0.633119 0.00538759 0.21651
0.852872 0.113231 0.0337973 9.9991E-05
0.880886 0.107644 0.0113703 9.9991E-05
0.92079 0.0790101 9.9982E-05 9.9982E-05
0.915678 0.0327889 0.0514328 9.9991E-05
0.909465 0.0893259 0.0011089 9.9991E-05
0.132594 0.232361 9.9991E-05 0.634946
0.0685008 0.569737 0.085766 0.275996
0.25477 0.420655 0.239155 0.0854198
0.0289362 0.710567 0.0653174 0.195179
0.0983683 0.623584 9.9991E-05 0.277948
0.0205417 0.329618 0.0564403 0.5934
0.196009 0.107621 9.9991E-05 0.69627
0.130886 0.562883 9.9991E-05 0.306131
0.155965 0.359131 9.9991E-05 0.484804
0.076202 0.542485 0.0419096 0.339403
0.169832 0.261939 9.9991E-05 0.568129
0.0738533 0.655434 0.0608857 0.209827
0.149524 0.268215 9.9991E-05 0.582161
0.0501374 0.327665 0.124071 0.498128
0.122617 0.640973 0.00178289 0.234627
0.034997 0.379888 0.0010868 0.584028
0.0518194 0.549907 0.0535355 0.344738
0.183809 0.594149 0.0287026 0.19334
0.0487382 0.325199 9.9991E-05 0.625963
0.113285 0.580464 0.0481944 0.258056
0.0750799 0.605147 9.9991E-05 0.319673
9.9991E-05 0.215232 0.000299582 0.784368
0.0562083 0.228156 0.0130844 0.702551
0.053232 0.529747 9.9991E-05 0.416921
0.00381004 0.146294 0.0095613 0.840335
9.9991E-05 0.470392 0.0449908 0.484517
0.104306 0.295142 9.9991E-05 0.600452
9.9991E-05 0.253027 0.115992 0.630881
0.112952 0.54589 9.9991E-05 0.341057
0.0928248 0.669197 0.0144369 0.223541
0.0626868 0.366944 9.9991E-05 0.570269
0.0913228 0.583322 0.0669582 0.258397
0.102776 0.675308 0.0273466 0.194569
0.0192172 0.599204 0.0870256 0.294553
0.0312654 0.525959 0.107716 0.33506
0.0758126 0.597258 0.00733425 0.319595
0.0773326 0.399802 9.9991E-05 0.522766
0.0554455 0.520893 0.0304454 0.393217
0.0350631 0.624862 0.0607447 0.27933
0.0495876 0.635624 0.100714 0.214074
0.0747059 0.384741 0.121973 0.41858
9.9991E-05 0.51147 0.129464 0.358965
0.0990319 0.485691 0.0201257 0.395151
0.083267 0.649669 0.0286967 0.238368
0.084318 0.552116 0.0580832 0.305482
0.0990358 0.629502 0.0401529 0.23131
0.35098 0.51292 0.11068 0.0254204
0.145988 0.604138 0.172652 0.0772225
0.210675 0.511179 0.134467 0.14368
0.127389 0.534575 0.190836 0.147199
0.191275 0.483645 0.231895 0.0931842
9.9991E-05 0.57107 0.0233348 0.405495
0.144775 0.538277 0.188537 0.128411
0.231823 9.9991E-05 0.266303 0.501774
0.0950969 0.608991 0.157736 0.138175
0.128325 0.547306 0.194467 0.129902
0.103157 0.563569 0.157222 0.176052
0.185717 0.324311 0.168225 0.321746
0.233707 0.563052 0.139154 0.064087
0.124979 0.556961 0.192443 0.125618
0.516628 9.9991E-05 0.191209 0.292064
0.171917 0.544806 0.179533 0.103744
0.167095 0.555005 0.224002 0.0538985
0.115309 0.597554 0.153121 0.134015
0.201146 0.577142 0.218564 0.00314719
0.239731 0.560712 0.0982226 0.101334
0.0149204 0.513878 0.0963958 0.374806
0.0811372 0.575248 0.0881385 0.255476
9.9991E-05 0.0109525 0.063383 0.925564
9.9991E-05 0.102503 0.0493563 0.84804
0.0650558 0.53858 0.0893363 0.307028
0.130401 0.355475 0.374223 0.1399
0.144615 0.386 0.351025 0.11836
0.160988 0.20847 0.367279 0.263263
0.151008 0.385915 0.306759 0.156318
0.081087 0.126736 0.154892 0.637286
0.0584763 0.179633 0.162755 0.599135
0.0154692 0.653131 0.0836793 0.24772
0.0496676 0.464117 0.179392 0.306823
0.032089 0.30584 0.127625 0.534446
0.06978 0.61521 0.0684602 0.24655
0.0378359 0.63934 0.102817 0.220007
0.0720119 0.617522 0.0783964 0.23207
9.9991E-05 0.421761 0.067267 0.510872
9.9991E-05 0.487355 0.036859 0.475686
0.0290455 0.573652 0.0550648 0.342238
0.0521548 0.528695 0.0509246 0.368225
0.0861755 0.606152 0.0699177 0.237755
9.9991E-05 0.526907 0.0598413 0.413152
9.9991E-05 0.28163 0.0597399 0.65853
0.010628 0.707297 0.0574516 0.224623
9.9991E-05 0.25394 0.0803397 0.66562
0.00151163 0.571751 0.0293112 0.397426
0.0659941 0.62127 0.0202203 0.292516
0.0550039 0.59913 0.0717106 0.274155
0.174682 0.542648 0.14646 0.13621
0.146859 0.479151 0.163404 0.210586
0.204057 0.371975 0.291004 0.132963
0.18846 0.310465 0.290726 0.210349
0.224202 0.485521 0.199456 0.0908214
0.144884 0.452906 0.195459 0.206752
0.149836 9.9991E-05 0.240139 0.609925
0.0946738 0.550031 0.242231 0.113064
0.334491 9.9991E-05 0.202831 0.462577
0.0401338 0.568298 0.212734 0.178835
9.9982E-05 0.285333 9.9982E-05 0.714467
9.9991E-05 0.090071 0.0311309 0.878698
9.9991E-05 0.601176 0.0281499 0.370575
9.9991E-05 0.687201 0.0446818 0.268018
9.9991E-05 0.544195 0.0103192 0.445386
9.9991E-05 0.666113 0.0223254 0.311462
9.9991E-05 0.678358 0.0115049 0.310037
0.894513 0.00860257 0.027358 0.0695266
0.794251 0.0631993 0.0666517 0.0758978
0.951738 9.9991E-05 0.0257105 0.0224519
0.960146 0.0328752 0.00687903 9.9991E-05
0.0317247 0.630993 0.0515982 0.285685
0.0650704 0.696049 9.9991E-05 0.23878
0.0147701 0.722954 9.9991E-05 0.262176
0.0817733 0.740654 9.9991E-05 0.177473
0.119313 0.676419 9.9991E-05 0.204167
0.0297359 0.499622 9.9991E-05 0.470542
0.00169856 0.806664 9.9991E-05 0.191537
9.9982E-05 0.492599 9.9982E-05 0.507201
0.313097 0.44312 0.165614 0.0781697
9.9991E-05 0.565091 0.0283672 0.406442
0.00665834 0.543806 9.9991E-05 0.449435
9.9982E-05 0.673607 9.9982E-05 0.326193
0.025138 0.586801 9.9991E-05 0.387961
9.9991E-05 0.707679 0.0322882 0.259933
0.103583 0.645955 9.9991E-05 0.250363
9.9982E-05 0.25834 9.9982E-05 0.74146
9.9991E-05 0.479033 0.012803 0.508064
9.9991E-05 0.530579 0.0179754 0.451345
9.9982E-05 0.0960193 9.9982E-05 0.903781
0.0518812 0.558263 9.9991E-05 0.389756
9.9982E-05 0.261492 9.9982E-05 0.738308
9.9982E-05 0.0798866 9.9982E-05 0.919913
0.0373511 0.707274 0.0245505 0.230825
0.019548 0.382993 9.9991E-05 0.597359
9.99883E-05 0.661838 9.99883E-05 0.337962
0.0848562 0.673369 0.0586099 0.183165
0.0334351 0.68712 9.9991E-05 0.279344
0.00485224 0.401788 0.0608713 0.532488
0.0508056 0.692641 9.9991E-05 0.256454
0.0128484 0.68719 9.9991E-05 0.299862
9.9982E-05 0.493587 9.9982E-05 0.506213
0.116275 0.613151 0.0277284 0.242845
0.721672 9.9982E-05 9.9982E-05 0.278128
0.817047 0.0225625 9.9991E-05 0.16029
0.895243 9.9982E-05 9.9982E-05 0.104557
0.879551 9.9982E-05 9.9982E-05 0.120249
0.7811 0.0581078 9.9991E-05 0.160692
0.0531805 0.360073 9.9991E-05 0.586647
0.0127284 0.373189 9.9991E-05 0.613983
9.9982E-05 0.417906 9.9982E-05 0.581894
0.113539 0.615483 0.08276 0.188217
0.117571 0.630687 0.0868016 0.16494
9.9991E-05 0.414976 0.0509417 0.533982
0.0109065 0.714905 0.0682173 0.205971
0.00110477 0.542515 0.0614115 0.394969
0.0432073 0.650336 0.0025569 0.3039
0.0766824 0.739874 0.0342133 0.149231
9.9982E-05 0.437075 9.9982E-05 0.562725
9.9982E-05 0.486552 9.9982E-05 0.513248
0.0217249 0.538298 9.9991E-05 0.439877
0.154292 0.679922 0.0241803 0.141606
0.0293593 0.602914 9.9991E-05 0.367627
0.0491369 0.592246 9.9991E-05 0.358517
0.0926543 0.453918 0.39126 0.0621677
0.125784 0.325954 0.469611 0.0786514
0.0997834 0.486118 0.413998 9.9991E-05
0.161083 0.304 0.513153 0.021765
0.130255 0.482127 0.320146 0.0674724
0.0434542 0.60239 0.0279639 0.326192
0.256436 9.9991E-05 0.676177 0.0672863
0.16352 0.30022 0.524348 0.0119123
0.22283 0.419324 0.152845 0.205001
0.180305 0.589583 0.00499858 0.225113
0.189224 0.532076 0.0308485 0.247852
0.140122 0.617821 0.0308841 0.211173
0.152557 0.65631 0.0577219 0.133411
0.145888 0.35492 0.499092 9.9991E-05
0.173091 0.438108 0.374355 0.014446
0.0734832 0.399408 0.527009 9.9991E-05
0.164656 0.488798 0.272057 0.0744889
0.197074 0.233371 0.495888 0.0736671
0.11134 0.438186 0.376103 0.0743721
0.160048 0.229995 0.558385 0.0515723
0.136765 0.465736 0.329095 0.0684038
0.106437 0.524847 0.0654837 0.303232
0.151087 0.44555 0.33743 0.0659326
0.231112 0.170181 0.598304 0.000402963
0.110319 0.440266 0.350813 0.098602
0.225164 0.381224 9.9991E-05 0.393512
0.0716982 0.678326 0.056354 0.193622
0.1684 0.431645 0.344648 0.0553076
0.196029 0.618338 9.9991E-05 0.185533
0.196778 0.553141 0.00359561 0.246486
0.210208 0.370133 0.236035 0.183624
0.242864 0.384594 0.269461 0.103081
0.132615 0.602577 0.110345 0.154463
0.20741 0.437319 0.275907 0.0793647
0.115099 0.474109 0.410692 9.9991E-05
0.203385 0.142159 0.622844 0.0316119
0.155074 0.671928 0.042732 0.130266
0.187219 0.508347 9.9991E-05 0.304335
0.117616 0.142284 0.109027 0.631073
0.187729 0.611785 0.0698313 0.130655
0.120292 0.440494 0.0657805 0.373434
0.194021 0.524876 0.165919 0.115184
0.169159 0.509372 0.136475 0.184994
0.398541 9.9991E-05 0.193634 0.407725
0.383326 9.9991E-05 0.155493 0.461081
0.222972 0.334131 0.130965 0.311932
0.343826 0.0176437 0.249865 0.388665
0.467421 9.9991E-05 0.289694 0.242786
0.228591 0.373952 0.143751 0.253707
0.275773 0.382399 0.152758 0.18907
0.301432 0.11747 0.237554 0.343544
0.288211 0.0563635 0.2436 0.411826
0.201291 0.510237 0.157403 0.13107
0.266015 0.176542 0.191428 0.366015
0.39417 9.9991E-05 0.155878 0.449852
0.152514 0.577149 0.108562 0.161775
0.222464 0.323649 0.231966 0.22192
0.345247 0.474775 0.163629 0.0163489
0.183143 0.586287 0.230469 9.9991E-05
0.180583 0.568496 0.215377 0.0355447
0.156364 0.503844 0.280324 0.0594681
0.388808 0.365472 0.192939 0.0527815
0.231759 0.524852 0.17711 0.0662789
0.262747 0.523004 0.214149 9.9991E-05
0.238612 0.324387 0.279768 0.157232
0.206466 0.420828 0.114395 0.258312
0.219729 0.527493 0.136847 0.115931
0.159099 0.62051 0.144747 0.0756453
0.128329 0.623127 0.121131 0.127413
0.302931 0.435711 0.229771 0.0315868
0.246259 0.534226 0.195801 0.0237146
0.379735 0.0216848 0.366415 0.232165
0.203992 0.578599 0.159434 0.0579758
0.324376 0.203084 0.32756 0.14498
0.866924 9.9982E-05 9.9982E-05 0.132876
0.201135 0.220266 9.9991E-05 0.578499
0.202131 0.00239232 9.9991E-05 0.795376
0.18316 9.9982E-05 9.9982E-05 0.81664
0.135292 0.142009 9.9991E-05 0.722599
0.170471 0.0825363 9.9991E-05 0.746893
0.152608 0.16975 9.9991E-05 0.677542
0.205994 0.0234474 9.9991E-05 0.770458
0.3258 0.0689982 9.9991E-05 0.605102
0.932282 0.0263029 9.9991E-05 0.0413147
0.848759 0.100302 9.9991E-05 0.0508386
0.899986 0.06728 9.9991E-05 0.0326343
0.895275 0.0602518 9.9991E-05 0.0443731
0.92437 0.024839 0.0254712 0.0253196
0.934676 0.0651241 9.9982E-05 9.9982E-05
0.775831 0.146588 0.0748467 0.00273499
0.913608 0.0861923 9.9982E-05 9.9982E-05
0.747102 0.141481 0.0648252 0.0465917
0.911183 0.0213029 0.0674146 9.9991E-05
0.9997 9.998E-05 9.998E-05 9.998E-05
0.913509 0.0634164 0.022975 9.9991E-05
0.9997 9.998E-05 9.998E-05 9.998E-05
0.942706 0.03748 0.0197139 9.9991E-05
0.90548 0.0744255 0.0199946 9.9991E-05
0.924325 0.0486629 0.0269119 9.9991E-05
0.865179 0.081369 0.0533517 9.9991E-05
0.855795 0.103286 0.0408187 9.9991E-05
0.835476 0.0881073 0.0763162 9.9991E-05
0.173448 0.492957 9.9991E-05 0.333496
0.109121 0.74464 9.9991E-05 0.146139
0.177615 0.683881 0.025898 0.112606
0.0846418 0.0859431 0.117643 0.711772
0.128777 0.56254 0.036556 0.272128
0.152098 0.0877598 0.093124 0.667018
0.0909311 0.648977 0.0819253 0.178167
0.178151 0.485414 9.9991E-05 0.336334
0.207109 0.555313 9.9991E-05 0.237478
0.0589402 0.648675 9.9991E-05 0.292285
0.179687 0.531832 9.9991E-05 0.28838
0.115862 0.718624 0.0223814 0.143132
0.154492 0.616131 0.00959408 0.219783
0.0113845 0.0740003 0.124427 0.790188
0.1369 9.9991E-05 0.0779713 0.785029
0.138835 0.154493 0.077887 0.628785
0.14174 0.682882 9.9991E-05 0.175279
0.0777555 0.551911 0.043283 0.327051
0.0975662 0.649008 0.0270428 0.226383
0.128764 0.651382 0.0707184 0.149135
0.248943 0.521865 0.134962 0.0942299
0.20683 0.599283 0.152784 0.0411026
0.418847 0.198105 0.147433 0.235615
0.194112 0.632441 0.0287635 0.144683
0.241421 0.483732 0.107167 0.167679
0.409176 9.9991E-05 0.240793 0.349931
0.273997 0.298028 0.253216 0.174759
0.399028 0.358686 0.146091 0.0961948
0.345662 0.455909 0.0792901 0.119139
0.125797 0.595291 0.145555 0.133357
0.186216 0.565156 0.140293 0.108336
0.171788 0.640206 0.101301 0.0867049
0.220271 0.439207 0.187162 0.15336
0.501664 0.274263 0.126807 0.0972659
