9.9991E-05 0.925135 0.0747649
9.999E-05 0.953609 0.0462913
9.999E-05 0.810523 0.189377
0.0213167 0.840797 0.137886
9.9991E-05 0.842777 0.157123
0.216825 0.736996 0.0461786
0.062587 0.883336 0.0540773
0.105615 0.824115 0.0702692
0.0983897 0.90151 9.9991E-05
0.108206 0.732319 0.159475
0.139255 0.839207 0.0215381
0.740811 0.0694117 0.189777
0.598822 0.0408716 0.360307
0.673545 0.13945 0.187005
0.595517 0.0958964 0.308587
0.552256 0.171827 0.275917
0.468284 0.0416393 0.490077
0.676905 0.0250454 0.298049
0.589134 0.16541 0.245456
0.782026 0.217874 9.9991E-05
0.638291 0.066277 0.295432
0.651024 0.0623414 0.286635
0.628731 0.0254019 0.345867
0.662573 0.111407 0.226021
0.485061 0.091893 0.423046
0.57778 0.00560052 0.416619
0.692362 0.185457 0.122181
0.614787 0.145033 0.240181
0.778011 0.113878 0.108111
9.9991E-05 0.799031 0.200869
9.9991E-05 0.803284 0.196616
9.9991E-05 0.795371 0.204529
0.0512958 0.708566 0.240138
0.680951 9.9991E-05 0.318949
0.599521 0.100878 0.299601
0.649447 9.9991E-05 0.350453
0.759445 0.218473 0.0220819
0.80685 9.9991E-05 0.19305
0.634123 0.0505277 0.31535
0.552926 9.9991E-05 0.446974
0.613421 0.0398349 0.346744
0.591158 0.00634395 0.402498
0.903307 0.0677658 0.0289275
0.553868 0.046848 0.399284
0.603779 0.0290857 0.367135
0.474086 0.0720258 0.453889
0.862878 9.9991E-05 0.137022
0.546795 9.9991E-05 0.453105
0.555855 9.9991E-05 0.444045
0.820488 0.179412 9.9991E-05
0.875283 0.0852718 0.0394448
0.853997 0.145903 9.9991E-05
0.542261 0.0470753 0.410664
0.540966 0.110963 0.348071
0.562207 9.9991E-05 0.437693
0.751333 0.228884 0.0197835
0.653683 0.0429475 0.303369
0.53583 0.0692303 0.394939
0.656955 0.156119 0.186926
0.629174 0.322311 0.0485153
0.602891 0.10796 0.28915
0.623955 0.0975618 0.278483
0.806184 0.193716 9.9991E-05
0.698507 0.0299698 0.271524
0.525818 0.0547485 0.419434
0.610811 0.0432108 0.345979
0.698398 0.139286 0.162315
0.698474 0.00866747 0.292859
0.564533 0.00465945 0.430807
0.824555 0.152584 0.0228605
0.753925 9.9991E-05 0.245975
0.911546 0.0124604 0.0759935
0.598694 0.0419309 0.359375
0.973165 0.0267349 9.9991E-05
0.98906 0.0108399 9.9991E-05
0.883169 9.9991E-05 0.116731
0.722134 0.0122443 0.265622
0.552022 0.048589 0.399389
0.740385 9.9991E-05 0.259515
0.900772 0.0478739 0.0513542
0.865494 0.0510524 0.0834537
0.575908 9.9991E-05 0.423992
0.76857 0.0185063 0.212924
0.739343 9.9991E-05 0.260557
0.755143 9.9991E-05 0.244757
0.928791 0.0711093 9.9991E-05
0.689962 9.9991E-05 0.309938
0.00438954 0.832079 0.163532
9.9991E-05 0.88162 0.11828
9.9991E-05 0.853214 0.146686
9.9991E-05 0.881964 0.117936
9.9991E-05 0.819949 0.179951
9.9991E-05 0.872299 0.127601
9.9991E-05 0.889334 0.110566
0.59601 0.0756679 0.328323
0.520572 0.0745967 0.404831
0.927404 0.0724965 9.9991E-05
0.524961 0.0600258 0.415013
0.745713 0.0129064 0.241381
0.651088 9.9991E-05 0.348812
0.665634 9.9991E-05 0.334266
0.677298 9.9991E-05 0.322602
0.873697 0.126203 9.9991E-05
0.550898 0.161907 0.287195
0.520834 9.9991E-05 0.479066
0.647537 0.0104181 0.342045
0.796453 9.9991E-05 0.203447
0.676079 9.9991E-05 0.323821
0.729068 9.9991E-05 0.270832
0.737394 9.9991E-05 0.262506
0.726807 0.0113002 0.261893
0.563975 0.0429772 0.393048
0.738399 0.139386 0.122215
0.580277 0.165379 0.254344
0.59993 0.0500808 0.349989
0.520547 0.0443307 0.435123
0.63149 0.0689436 0.299566
0.640599 9.9991E-05 0.359301
0.749262 0.05205 0.198688
0.664157 0.044292 0.291551
0.547815 0.0246984 0.427487
0.627072 0.0269875 0.34594
0.777211 0.00569707 0.217092
0.598525 0.00543039 0.396045
0.388235 0.105493 0.506273
0.591892 0.00753521 0.400573
0.582449 0.00154562 0.416005
0.568016 9.9991E-05 0.431884
0.622429 0.145632 0.231939
0.637268 9.9991E-05 0.362632
0.581298 9.9991E-05 0.418602
0.74718 0.0989365 0.153883
0.751342 0.139904 0.108753
0.616729 9.9991E-05 0.383171
0.894018 0.0776657 0.0283167
0.800384 0.11955 0.080066
0.746443 0.0243974 0.229159
0.787483 0.0994709 0.113046
0.78682 0.114517 0.0986629
0.574413 0.00553181 0.420055
0.503175 0.113877 0.382948
0.571586 0.0855302 0.342884
0.844253 0.0874916 0.0682553
0.469846 0.168553 0.3616
0.662566 9.9991E-05 0.337334
0.706334 0.293566 9.9991E-05
0.497526 0.0713366 0.431137
0.671681 0.104336 0.223983
0.573191 0.0523257 0.374484
0.649121 0.172352 0.178527
0.764551 0.196 0.0394488
0.709971 0.0246303 0.265399
0.549553 0.130668 0.31978
0.570972 0.13561 0.293418
0.682883 0.194667 0.12245
0.546602 0.0652076 0.388191
0.811896 0.0260566 0.162047
0.717963 9.9991E-05 0.281937
0.552704 0.0539889 0.393307
0.227403 0.391062 0.381535
0.0892727 0.765704 0.145023
0.191978 0.688454 0.119568
0.108871 0.475467 0.415662
0.664533 9.9991E-05 0.335367
0.616412 0.0466886 0.3369
0.0795138 9.9991E-05 0.920386
0.293292 0.116244 0.590464
0.257679 0.0519615 0.690359
0.795314 0.0502665 0.15442
0.543724 0.0513616 0.404914
0.784272 0.0906956 0.125032
0.631597 0.0279427 0.34046
0.725783 9.9991E-05 0.274117
0.641214 9.9991E-05 0.358686
0.86094 0.0905823 0.0484774
0.572582 9.9991E-05 0.427318
0.515841 0.0978595 0.386299
9.9991E-05 0.0376142 0.962286
9.9991E-05 0.0283276 0.971572
0.222651 0.055501 0.721848
0.0275883 0.0362312 0.93618
0.0222246 0.0901478 0.887628
9.9991E-05 0.0495236 0.950376
9.9991E-05 0.0872964 0.912604
9.999E-05 9.999E-05 0.9998
9.9991E-05 0.0649206 0.934979
9.9991E-05 0.0500832 0.949817
9.9991E-05 0.0386268 0.961273
0.0377634 0.0793714 0.882865
9.9991E-05 0.137319 0.862581
9.9991E-05 0.0557048 0.944195
0.354712 0.0407657 0.604523
0.140798 0.0503237 0.808878
0.00103647 0.112829 0.886135
9.9991E-05 0.0471939 0.952706
9.9991E-05 0.0663279 0.933572
9.9991E-05 0.0954977 0.904402
9.9991E-05 0.0397312 0.960169
0.128968 0.101238 0.769794
9.9991E-05 0.0968042 0.903096
0.442845 0.509589 0.0475667
0.43429 0.300352 0.265358
0.429239 0.277007 0.293754
0.471223 0.307211 0.221566
0.486478 0.10129 0.412232
0.396149 0.33424 0.269611
0.494361 0.201739 0.3039
0.468338 0.192609 0.339053
0.460548 0.120621 0.418831
0.360239 0.206936 0.432825
0.474174 0.142368 0.383458
0.0641291 0.845331 0.0905402
9.9991E-05 0.911102 0.0887983
9.9991E-05 0.953731 0.0461686
9.9991E-05 0.955369 0.0445306
9.9991E-05 0.901652 0.0982484
9.9991E-05 0.873215 0.126685
9.9991E-05 0.828573 0.171327
9.9991E-05 0.930725 0.0691754
9.9991E-05 0.887086 0.112814
9.9991E-05 0.871147 0.128753
0.264102 0.735798 9.9991E-05
0.302298 0.697602 9.9991E-05
0.337016 0.662884 9.9991E-05
0.37355 0.62635 9.9991E-05
0.709778 0.00688082 0.283342
0.667711 9.9991E-05 0.332189
0.668241 9.9991E-05 0.331659
0.753525 0.0702833 0.176191
0.868172 0.0968625 0.0349655
0.571865 9.9991E-05 0.428035
0.66277 9.9991E-05 0.33713
0.724389 9.9991E-05 0.275511
0.754806 9.9991E-05 0.245094
0.585996 9.9991E-05 0.413904
0.808824 9.9991E-05 0.191076
0.971419 0.028481 9.9991E-05
0.63732 0.0527554 0.309924
0.89109 9.9991E-05 0.10881
0.66165 9.9991E-05 0.33825
0.898715 0.101185 9.9991E-05
0.686568 0.313332 9.9991E-05
0.701105 0.298795 9.9991E-05
0.755807 0.244093 9.9991E-05
0.667579 0.332321 9.9991E-05
0.763811 0.236089 9.9991E-05
0.683677 0.282356 0.0339669
9.9991E-05 0.838117 0.161783
9.9991E-05 0.826368 0.173532
0.000191818 0.724531 0.275277
9.9991E-05 0.81461 0.18529
9.9991E-05 0.785713 0.214187
0.449508 0.550392 9.9991E-05
0.387411 0.612489 9.9991E-05
0.398745 0.601155 9.9991E-05
9.9991E-05 0.801815 0.198085
0.455503 0.544397 9.9991E-05
0.208508 0.224283 0.56721
0.41001 0.0467118 0.543279
0.184996 0.125893 0.68911
0.284104 0.253696 0.4622
0.377504 0.094564 0.527932
0.0748548 0.581713 0.343432
0.789366 0.072826 0.137808
0.77775 0.0370898 0.185161
0.752938 0.151631 0.095431
0.776101 9.9991E-05 0.223799
0.901474 0.0984263 9.9991E-05
0.538483 0.0894071 0.37211
0.63977 0.0794088 0.280821
0.744947 0.152486 0.102567
0.529392 0.108477 0.362131
0.877337 0.122563 9.9991E-05
0.685421 9.9991E-05 0.314479
0.698116 9.9991E-05 0.301784
0.416115 0.132281 0.451604
0.800221 9.9991E-05 0.199679
0.679805 0.0127117 0.307483
0.66413 9.9991E-05 0.33577
0.733245 0.0180983 0.248657
0.566689 9.9991E-05 0.433211
0.606925 0.0369451 0.35613
0.587937 0.0104065 0.401657
9.9991E-05 0.731796 0.268104
9.9991E-05 0.816922 0.182978
0.0844306 0.825692 0.0898776
0.0372319 0.831508 0.13126
0.00992099 0.791745 0.198334
0.727162 0.187785 0.0850535
0.621534 0.0218903 0.356576
0.378566 0.166754 0.454681
0.598326 9.9991E-05 0.401574
0.609572 0.0523954 0.338032
0.726631 0.116799 0.15657
0.669369 0.330531 9.9991E-05
0.671188 0.00615912 0.322652
0.712728 0.205259 0.0820126
0.679394 0.125634 0.194971
0.71557 0.28433 9.9991E-05
0.567867 0.0281837 0.40395
0.743455 0.201573 0.0549722
0.694502 0.0942952 0.211203
0.581174 0.0405902 0.378236
0.723786 0.118772 0.157442
0.609072 0.0452531 0.345675
0.510566 0.0527559 0.436678
0.801541 0.0175612 0.180898
0.542962 0.0816846 0.375354
0.653564 0.0504326 0.296003
0.933036 0.066864 9.9991E-05
0.815745 0.0842285 0.100026
0.67709 0.0356677 0.287243
0.85095 0.118471 0.0305787
0.77002 9.9991E-05 0.22988
0.789327 0.194907 0.0157662
0.908961 9.9991E-05 0.0909385
0.704239 0.0750685 0.220692
0.55196 9.9991E-05 0.44794
0.880566 0.0314747 0.0879597
0.608722 0.0634216 0.327856
0.619696 9.9991E-05 0.380204
0.621236 0.054674 0.32409
0.626841 9.9991E-05 0.373059
0.667092 0.101099 0.231809
0.779509 0.0496539 0.170837
0.732824 0.0580221 0.209154
0.673382 9.9991E-05 0.326518
0.645096 9.9991E-05 0.354804
0.678106 0.0832724 0.238621
0.623768 9.9991E-05 0.376132
0.61229 0.201023 0.186687
0.652636 9.9991E-05 0.347264
0.659016 0.0295349 0.311449
0.564843 0.117366 0.317791
0.271959 0.319235 0.408805
0.392297 0.0848668 0.522836
0.380294 0.126648 0.493058
0.546858 0.0160567 0.437085
0.282643 0.22427 0.493087
0.733754 9.9991E-05 0.266146
0.454968 0.123433 0.4216
0.435194 0.405111 0.159694
0.417386 0.086578 0.496035
0.446873 0.0489915 0.504136
0.42882 0.0765331 0.494647
0.493117 0.189978 0.316905
0.368733 0.179224 0.452043
0.343521 0.0884274 0.568051
0.126085 0.679683 0.194232
0.246066 0.180657 0.573277
0.268997 0.163585 0.567418
0.461747 0.0638004 0.474452
0.321157 0.141413 0.53743
0.493958 0.0841391 0.421903
0.657727 0.0252904 0.316983
0.559728 0.0654097 0.374862
0.962606 0.0372939 9.9991E-05
0.912355 0.0875447 9.9991E-05
0.622088 0.0329735 0.344939
0.306115 0.164327 0.529558
0.32797 0.102904 0.569126
0.341482 0.242923 0.415595
0.321634 0.179088 0.499278
0.654764 0.206423 0.138813
0.613197 0.191804 0.194999
0.583955 9.9991E-05 0.415945
0.583052 0.0203994 0.396549
0.628395 0.146184 0.225421
0.548168 0.00927448 0.442557
0.544619 9.9991E-05 0.455281
0.51737 0.0503514 0.432279
0.813054 0.0536862 0.133259
0.743173 0.0358519 0.220976
0.637619 9.9991E-05 0.362281
0.640572 0.0905765 0.268852
0.619078 0.0219811 0.358941
0.713922 0.0351916 0.250887
0.904769 0.0171816 0.0780495
0.659966 0.00234404 0.33769
0.862591 0.0319908 0.105418
0.751659 0.00105173 0.247289
0.508689 0.0328162 0.458495
0.698763 0.023523 0.277714
0.363553 0.120963 0.515484
0.466749 0.12876 0.404491
0.344595 0.210506 0.444899
0.359121 0.218796 0.422083
0.421782 0.105701 0.472517
0.380647 0.165739 0.453614
0.550118 0.365734 0.0841479
0.395623 0.0162256 0.588151
0.356505 0.542196 0.101299
0.497418 0.00524422 0.497338
0.951416 0.0468618 0.00172197
0.921315 0.0785848 9.9991E-05
0.735 9.9991E-05 0.2649
0.658066 9.9991E-05 0.341834
0.810854 9.9991E-05 0.189046
0.681641 9.9991E-05 0.318259
0.733135 9.9991E-05 0.266765
0.00777765 0.825062 0.167161
0.0421782 0.779215 0.178607
9.9991E-05 0.899267 0.100633
9.9991E-05 0.911954 0.0879463
0.673833 0.00577085 0.320396
0.657479 9.9991E-05 0.342421
0.766395 9.9991E-05 0.233505
0.586502 0.0431499 0.370348
0.592122 0.0660891 0.341788
0.867219 0.0247756 0.108005
0.643758 9.9991E-05 0.356142
0.824164 9.9991E-05 0.175736
0.26213 0.213285 0.524584
0.722258 9.9991E-05 0.277642
0.833109 0.00537083 0.16152
0.738196 9.9991E-05 0.261704
0.742329 0.00142669 0.256245
0.697562 9.9991E-05 0.302338
0.666269 0.0136261 0.320105
0.972556 9.9991E-05 0.027344
0.840525 0.0213893 0.138086
0.8257 9.9991E-05 0.1742
0.9998 9.999E-05 9.999E-05
0.700534 0.0208762 0.278589
0.924398 0.0441528 0.0314487
0.897859 0.102041 9.9991E-05
0.634888 9.9991E-05 0.365012
0.834875 0.0490087 0.116117
0.741729 9.9991E-05 0.258171
0.516389 0.0122459 0.471365
0.741755 9.9991E-05 0.258145
0.742319 0.0171562 0.240525
0.604248 9.9991E-05 0.395652
0.715841 0.0135688 0.270591
0.855073 9.9991E-05 0.144827
0.583378 0.102103 0.314519
0.258168 0.740631 0.00120061
0.166912 0.779141 0.0539467
0.0595679 0.940332 9.9991E-05
0.102547 0.897353 9.9991E-05
0.213507 0.786393 9.99924E-05
0.814027 0.116777 0.0691959
0.867766 0.132134 9.9991E-05
0.922679 9.9991E-05 0.0772206
0.539867 0.0839549 0.376178
0.593982 0.027603 0.378415
0.827381 9.9991E-05 0.172519
0.633693 9.9991E-05 0.366207
0.693007 0.0099464 0.297047
0.671491 9.9991E-05 0.328409
0.598987 9.9991E-05 0.400913
0.834742 9.9991E-05 0.165158
0.813791 9.9991E-05 0.186109
0.868597 9.9991E-05 0.131303
0.568363 0.057662 0.373975
0.784674 9.9991E-05 0.215226
0.727225 0.0128945 0.259881
0.134821 0.0848215 0.780358
0.157551 0.123145 0.719304
0.162212 0.0903128 0.747475
0.171646 0.119684 0.70867
0.288947 0.117462 0.593592
0.658195 9.9991E-05 0.341705
9.9991E-05 0.296816 0.703084
0.100176 0.174688 0.725136
0.485894 0.0971694 0.416936
0.568543 0.100637 0.33082
0.579577 0.199255 0.221167
0.575874 0.0664332 0.357693
0.524239 0.0294261 0.446335
0.129939 0.222348 0.647713
0.25454 0.175572 0.569888
0.102014 0.0408301 0.857156
0.302912 0.117381 0.579708
0.12719 0.132201 0.740609
0.283624 0.149806 0.566569
0.118436 0.0901627 0.791401
0.268742 0.127291 0.603967
0.585658 0.0251897 0.389153
0.312668 0.159478 0.527854
9.9991E-05 0.217068 0.782832
0.325073 0.0956044 0.579323
0.627572 0.280938 0.0914895
0.526884 9.9991E-05 0.473016
0.237969 0.161969 0.600062
0.576115 0.0331431 0.390742
0.559009 0.170354 0.270636
0.383444 0.200099 0.416458
0.263541 0.219721 0.516738
0.480879 0.0404956 0.478626
0.188669 0.135693 0.675638
0.0968867 0.113519 0.789594
9.9991E-05 0.288375 0.711525
0.502446 0.0378572 0.459697
0.616048 0.141028 0.242924
0.61246 0.252198 0.135342
0.531524 0.063551 0.404925
0.638424 0.105795 0.255782
0.402789 0.14313 0.454081
0.590905 0.102657 0.306438
0.321752 0.499061 0.179186
0.333474 0.561902 0.104625
0.487303 0.154879 0.357818
0.295358 0.467568 0.237074
0.135297 0.564515 0.300188
0.468998 0.18709 0.343912
0.354894 0.23954 0.405566
0.311933 0.389632 0.298434
0.33448 0.465583 0.199938
0.440681 0.106287 0.453032
0.461621 0.32998 0.2084
0.283845 0.648018 0.0681372
0.318566 0.146469 0.534965
0.341165 0.181814 0.477022
0.305188 0.252772 0.442041
0.221713 0.12854 0.649747
0.328798 0.127418 0.543784
0.346948 0.124913 0.528139
0.239529 0.314358 0.446113
0.355761 0.126063 0.518176
0.273571 0.168124 0.558305
0.23056 0.307904 0.461536
0.55569 0.174076 0.270234
0.445655 0.124849 0.429496
0.33065 0.114729 0.55462
0.454141 0.0942587 0.4516
0.194287 0.273373 0.53234
0.378075 0.117496 0.504429
0.23859 0.433624 0.327786
0.25705 0.179222 0.563728
0.178467 0.333869 0.487664
0.0977388 0.853123 0.0491385
0.758205 0.241695 9.9991E-05
0.722032 0.277869 9.9991E-05
0.724886 0.275014 9.9991E-05
0.780005 0.219895 9.9991E-05
0.770163 0.229737 9.9991E-05
0.798923 0.200977 9.9991E-05
0.707423 0.292477 9.9991E-05
0.567357 0.432543 9.9991E-05
9.9991E-05 0.878665 0.121235
0.0840972 0.820374 0.0955284
0.00209506 0.856274 0.141631
0.0807656 0.876596 0.0426385
9.9991E-05 0.874445 0.125455
0.0538949 0.923681 0.0224239
9.9991E-05 0.77401 0.22589
9.9991E-05 0.845466 0.154434
0.123315 0.778677 0.0980073
9.9991E-05 0.876669 0.123231
9.9991E-05 0.966492 0.0334079
0.0380071 0.845288 0.116705
9.9991E-05 0.921099 0.0788007
9.9991E-05 0.878641 0.121259
9.9991E-05 0.844034 0.155866
9.9991E-05 0.809117 0.190783
9.9991E-05 0.757914 0.241986
9.9991E-05 0.717792 0.282108
9.9991E-05 0.794264 0.205636
0.560607 0.185108 0.254285
0.619729 0.00976352 0.370507
0.542919 0.016473 0.440608
0.737656 0.183994 0.0783504
0.613476 0.120221 0.266302
0.701978 0.269273 0.0287487
0.519502 0.0641225 0.416375
0.713862 0.0696888 0.21645
0.650583 0.0810526 0.268364
0.724742 9.9991E-05 0.275158
0.648273 0.0930178 0.258709
0.587843 0.053909 0.358248
0.637441 0.0658033 0.296756
0.852007 0.147893 9.9991E-05
0.781694 0.218206 9.9991E-05
0.718263 0.214548 0.0671888
0.632737 9.9991E-05 0.367163
0.580569 0.0791976 0.340233
0.529598 0.133832 0.33657
0.55824 0.036439 0.405321
0.317766 0.124225 0.558009
0.393265 0.0760709 0.530664
0.306191 0.45589 0.237919
0.496482 0.0467157 0.456802
0.382038 0.242337 0.375625
0.256732 0.590588 0.15268
0.227378 0.327336 0.445286
0.242985 0.361466 0.395549
0.293328 0.34595 0.360723
0.354987 0.0468158 0.598197
0.373832 0.144989 0.481179
0.39874 0.0947871 0.506473
0.4086 0.204794 0.386606
0.168522 0.421733 0.409745
