0.0343957 0.00465254 0.902225 9.9991E-05 0.0586265
0.0143361 0.0142417 0.971222 9.9982E-05 9.9982E-05
0.0182237 0.066549 0.876078 0.0312256 0.00792407
0.0212416 0.138879 0.83968 9.9982E-05 9.9982E-05
0.0127524 0.0699325 0.917115 9.9982E-05 9.9982E-05
0.0810925 0.0656072 0.669133 0.124874 0.0592937
0.039483 0.0327753 0.830501 0.0971408 9.9991E-05
0.109565 0.0263571 0.750609 0.0902857 0.0231829
0.155556 9.9982E-05 0.832919 0.011325 9.9982E-05
0.0365707 0.0653995 0.806951 0.0909787 9.9991E-05
0.0398255 0.115556 0.796325 0.0481932 9.9991E-05
0.540803 0.256158 0.0259449 0.123296 0.0537974
0.318952 0.541801 0.0399589 0.0372974 0.0619906
0.513215 0.279819 9.9991E-05 0.101885 0.104982
0.478308 0.30025 0.0256812 0.0395502 0.156211
0.332244 0.407808 0.0838157 0.01708 0.159052
0.1787 0.619552 0.0616282 0.0639833 0.0761362
0.327878 0.503527 0.0129995 0.0983681 0.0572275
0.421962 0.296454 0.139977 0.0612712 0.0803358
0.700362 0.0825378 0.0321411 0.16667 0.0182895
0.33631 0.462611 0.0155509 0.120528 0.0649989
0.158956 0.420486 0.0281264 0.285383 0.107049
0.219084 0.645959 0.0588838 0.0384048 0.0376682
0.463859 0.277917 0.0689104 0.122228 0.0670857
0.085158 0.672412 0.122298 0.0412693 0.0788633
0.34019 0.579343 0.00867851 9.9991E-05 0.0716884
0.54479 0.28423 0.0518367 0.0850441 0.0340995
0.466034 0.310587 0.0474284 0.0665212 0.109429
0.532933 0.260884 0.0152216 0.161552 0.0294087
9.9982E-05 0.100148 0.897604 9.9982E-05 0.00204791
9.9973E-05 0.120345 0.879355 9.9973E-05 9.9973E-05
0.00718471 0.0983303 0.820122 9.9991E-05 0.0742634
9.9982E-05 0.156451 0.771017 9.9982E-05 0.0723328
0.117419 0.543299 0.104307 0.234875 9.9991E-05
0.14011 0.626425 0.0609542 0.122894 0.0496175
0.0625932 0.668084 9.9982E-05 0.269123 9.9982E-05
0.701783 0.23034 0.0364636 0.0313132 9.9991E-05
0.0210076 0.414465 9.9991E-05 0.560206 0.00422212
0.150817 0.595093 0.109737 0.0945424 0.0498103
9.9991E-05 0.778625 0.0496398 0.153762 0.0178739
0.113473 0.600342 0.133923 0.149755 0.00250609
0.102058 0.688032 0.126775 0.0776625 0.00547318
0.356074 0.332381 9.9982E-05 0.311345 9.9982E-05
9.9991E-05 0.688667 0.118363 0.166142 0.0267284
0.0367911 0.621378 0.0823225 0.195548 0.06396
0.0633304 0.641898 0.175963 0.0855334 0.0332757
9.9973E-05 0.50187 9.9973E-05 0.49783 9.9973E-05
0.0578745 0.698543 0.0980311 0.107444 0.0381078
0.0684842 0.581409 0.126578 0.15293 0.0705987
0.104793 9.9982E-05 0.0105487 0.884458 9.9982E-05
0.634242 0.221037 9.9982E-05 0.14452 9.9982E-05
0.275562 0.155372 0.0144856 0.468811 0.0857693
0.105913 0.612663 0.0872396 0.110078 0.0841055
0.0969295 0.591424 0.0980289 0.1429 0.0707172
0.0831237 0.619451 0.0922885 0.115471 0.0896651
0.529358 0.275952 0.112665 0.0819247 9.9991E-05
0.348493 0.601657 9.9991E-05 0.0348221 0.0149281
0.198642 0.616545 0.0673374 0.0741219 0.0433544
0.285102 0.43889 0.111072 0.12 0.0449356
0.526586 0.158778 0.145261 0.138257 0.0311177
0.192871 0.574012 0.0667466 0.0750642 0.0913066
0.261982 0.507888 0.0922901 0.0922763 0.0455638
0.618215 0.125458 0.079075 0.177152 9.9991E-05
0.426092 0.484493 9.9991E-05 0.0787912 0.0105237
0.105816 0.607396 0.0309046 0.185672 0.0702114
0.127948 0.650273 0.0914139 0.125595 0.00477018
0.447649 0.304728 0.0854854 0.100417 0.0617198
0.235936 0.578556 0.0254043 0.114157 0.0459474
0.188607 0.57294 0.0379607 0.100707 0.0997843
0.532383 0.283948 0.0387851 0.144783 9.9991E-05
0.116749 0.646699 0.0124273 0.224024 9.9991E-05
0.272469 0.421454 9.9982E-05 0.305878 9.9982E-05
0.138425 0.608362 0.0707245 0.148948 0.0335403
0.047139 0.205271 9.9982E-05 0.74739 9.9982E-05
0.0369375 0.180654 9.9982E-05 0.782209 9.9982E-05
0.0116992 0.427198 9.9982E-05 0.560903 9.9982E-05
0.221945 0.609019 0.00627068 0.162666 9.9991E-05
0.0658046 0.599723 0.0942714 0.165885 0.0743165
0.0303927 0.656601 9.9991E-05 0.309773 0.00313256
0.376226 0.360403 0.00347574 0.259796 9.9991E-05
0.273036 0.426574 9.9982E-05 0.30019 9.9982E-05
0.106172 0.597215 0.0997389 0.162767 0.0341068
0.218233 0.527757 9.9982E-05 0.25381 9.9982E-05
0.191436 0.610975 9.9982E-05 0.19739 9.9982E-05
0.0545898 0.600237 9.9982E-05 0.344973 9.9982E-05
0.0667957 0.0613164 9.9991E-05 0.862444 0.00934366
0.00576373 0.711778 0.0520843 0.184248 0.0461266
0.0627919 0.084759 0.852249 9.9982E-05 9.9982E-05
9.9982E-05 0.0582528 0.938428 9.9982E-05 0.0031196
9.9982E-05 0.116474 0.85156 9.9982E-05 0.0317652
9.9982E-05 0.00291337 0.931926 9.9982E-05 0.0649602
9.9973E-05 9.9973E-05 0.97358 9.9973E-05 0.0261198
9.9991E-05 0.0594235 0.875564 0.00174812 0.063164
9.9973E-05 0.0637568 0.935943 9.9973E-05 9.9973E-05
0.116766 0.670323 0.0630837 0.126497 0.0233305
0.0501929 0.599174 0.136783 0.137686 0.0761643
0.351283 0.225207 9.9982E-05 0.42331 9.9982E-05
0.0754289 0.648194 0.0891899 0.120796 0.0663917
0.250022 0.524411 0.00802935 0.217438 9.9991E-05
0.108301 0.689725 0.0543461 0.147528 9.9991E-05
9.9982E-05 0.686201 0.0711799 0.242419 9.9982E-05
0.0752464 0.60821 0.0226031 0.230801 0.0631395
0.431987 0.178981 9.9982E-05 0.388833 9.9982E-05
0.149165 0.617877 0.138355 0.0945029 9.9991E-05
0.0526021 0.725296 0.107119 0.0948302 0.0201525
0.101563 0.571184 0.116107 0.156837 0.0543093
0.0747411 0.380602 9.9982E-05 0.544457 9.9982E-05
9.9973E-05 0.669538 9.9973E-05 0.330162 9.9973E-05
0.232154 0.616335 0.00408246 0.147329 9.9991E-05
0.0454636 0.544141 9.9982E-05 0.410195 9.9982E-05
0.186168 0.569721 0.0178328 0.226178 9.9991E-05
0.13078 0.624005 0.105686 0.106454 0.0330747
0.348579 0.275221 0.0245086 0.264514 0.0871776
0.388016 0.462646 0.0872527 0.059961 0.002124
0.150789 0.558535 0.145003 0.0724522 0.0732208
0.133365 0.595199 0.0865295 0.110058 0.0748487
0.413754 0.499309 0.0314431 0.0259981 0.0294961
0.253244 0.598336 0.0949259 0.0252645 0.0282299
0.418734 0.490108 0.0619988 9.9991E-05 0.0290596
0.1763 0.545464 0.0815545 0.136821 0.059861
0.221418 0.554597 0.0399367 0.0741368 0.109912
0.255613 0.623444 0.0618995 0.0475093 0.0115346
0.302983 0.617766 0.0382896 0.0408611 9.9991E-05
0.154989 0.621886 0.0482968 0.096158 0.0786699
0.131786 0.597489 0.0842862 0.104753 0.0816853
0.221776 0.581988 9.9991E-05 0.094174 0.101962
0.149817 0.632825 0.0963125 0.0634446 0.0576014
0.181477 0.594092 9.9991E-05 0.129913 0.0944182
0.234449 0.345702 0.104802 0.248779 0.0662675
0.159005 0.650521 0.0538579 0.0635105 0.073106
0.0657488 0.660466 0.0658284 0.125527 0.0824298
0.643489 0.248869 9.9991E-05 0.0575008 0.050041
0.313387 0.149301 9.9991E-05 0.46771 0.069502
0.254035 0.552708 0.0399363 0.0918754 0.0614455
0.326447 0.0957753 9.9991E-05 0.543757 0.0339211
0.536162 0.422353 9.9982E-05 0.0412844 9.9982E-05
0.436258 0.520121 9.9982E-05 0.0434218 9.9982E-05
0.513772 0.423891 0.0210437 0.0411939 9.9991E-05
0.545633 0.405391 9.9982E-05 0.0487762 9.9982E-05
0.1838 0.614272 0.0728158 0.0906385 0.0384737
0.178476 0.576135 0.0656819 0.0770895 0.102617
0.265887 0.61966 0.0355156 0.0433998 0.035538
0.401538 0.185906 9.9991E-05 0.359878 0.0525784
0.105679 0.541225 0.16657 0.142378 0.044148
0.0497896 0.532563 0.121745 0.278891 0.0170103
0.0499952 9.9982E-05 0.174507 0.775298 9.9982E-05
0.022336 0.672853 0.0863326 0.150935 0.0675433
0.0482214 0.368733 0.104216 0.444522 0.0343069
0.0414512 0.513663 0.133208 0.207852 0.103826
0.0856861 0.27388 0.132808 0.507525 9.9991E-05
0.100703 0.10526 0.123184 0.670754 9.9991E-05
0.0825633 0.422471 0.0740055 0.365447 0.055513
0.0953415 0.535495 0.0948281 0.160185 0.11415
0.115782 0.44884 0.168724 0.183985 0.0826686
0.140838 0.111793 0.0631289 0.57574 0.108501
0.11299 0.522339 0.109882 0.156176 0.0986133
0.0957266 0.381872 9.9982E-05 0.522201 9.9982E-05
0.0845754 0.51873 0.012947 0.375865 0.00788318
0.0342687 0.616189 0.127117 0.166065 0.0563606
9.9991E-05 0.116093 0.388936 0.212768 0.282102
9.9982E-05 9.9982E-05 0.524226 0.327332 0.148242
9.9982E-05 9.9982E-05 0.513408 0.354829 0.131563
9.9991E-05 0.0596995 0.389788 0.278546 0.271867
0.0237593 0.651087 0.0323633 0.29269 9.9991E-05
0.0568461 0.646756 0.122934 0.108559 0.0649053
9.9973E-05 0.324486 9.9973E-05 9.9973E-05 0.675214
0.0693009 0.38167 0.0296635 0.0347319 0.484634
0.133744 0.358941 0.0545213 0.0222614 0.430532
0.044968 0.271171 0.0309337 0.605986 0.0469414
0.0978712 0.509028 0.133137 0.215603 0.0443609
0.106885 0.284329 0.00312161 0.605565 9.9991E-05
0.0143475 0.612182 0.0778163 0.2849 0.0107536
0.0223426 0.468577 0.0666217 0.377873 0.0645849
9.9991E-05 0.577633 0.0456257 0.342832 0.03381
0.0314573 0.2229 0.0311214 0.685239 0.0292823
9.9991E-05 0.68596 0.110349 0.162374 0.0412165
0.0440696 0.572336 0.107064 0.238361 0.0381681
0.00709471 0.023646 9.9982E-05 9.9982E-05 0.969059
0.0059199 0.0840668 9.9982E-05 9.9982E-05 0.909813
0.035127 0.334045 0.0929537 9.9991E-05 0.537774
0.00805613 0.33906 9.9982E-05 9.9982E-05 0.652684
0.0538093 0.134345 9.9982E-05 9.9982E-05 0.811646
9.997E-05 9.997E-05 9.997E-05 9.997E-05 0.9996
0.0501517 0.00156547 9.9982E-05 9.9982E-05 0.948083
9.9973E-05 0.170423 9.9973E-05 9.9973E-05 0.829277
0.0673347 9.9973E-05 9.9973E-05 9.9973E-05 0.932365
9.997E-05 9.997E-05 9.997E-05 9.997E-05 0.9996
9.997E-05 9.997E-05 9.997E-05 9.997E-05 0.9996
0.00463032 0.203963 0.00452414 9.9991E-05 0.786783
0.0809047 0.10836 0.0203271 9.9991E-05 0.790308
9.997E-05 9.997E-05 9.997E-05 9.997E-05 0.9996
0.110685 0.396452 0.0796364 9.9991E-05 0.413127
0.0218801 0.305162 0.0614386 9.9991E-05 0.611419
0.00266213 0.136982 0.0533071 9.9991E-05 0.806949
0.0161952 0.0886279 9.9982E-05 9.9982E-05 0.894977
9.997E-05 9.997E-05 9.997E-05 9.997E-05 0.9996
9.9982E-05 0.0311683 0.0177175 9.9982E-05 0.950914
9.997E-05 9.997E-05 9.997E-05 9.997E-05 0.9996
0.0278776 0.264006 0.0779055 9.9991E-05 0.630111
0.00854684 9.9982E-05 0.0153039 9.9982E-05 0.975949
9.9982E-05 9.9982E-05 0.350624 0.586893 0.0622832
0.0377663 0.331136 0.229143 0.263454 0.138501
9.9991E-05 0.477923 0.217267 0.245444 0.0592656
9.9991E-05 0.161119 0.220231 0.466727 0.151822
0.0520603 0.452313 0.185493 0.172985 0.137148
9.9991E-05 0.088909 0.296792 0.470579 0.14362
0.0726997 0.446458 0.181524 0.176242 0.123076
9.9991E-05 0.302454 0.268243 0.309725 0.119478
9.9991E-05 0.492777 0.20263 0.166723 0.13777
9.9991E-05 0.364242 0.23409 0.249326 0.152242
9.9991E-05 0.487965 0.194838 0.196185 0.120912
9.9982E-05 0.0705386 0.917289 0.0119726 9.9982E-05
9.9982E-05 9.9982E-05 0.900396 0.044524 0.0548804
0.0297239 0.023083 0.946993 9.9982E-05 9.9982E-05
9.9973E-05 9.9973E-05 0.982717 0.0169836 9.9973E-05
0.0232617 0.0646606 0.911878 9.9982E-05 9.9982E-05
9.99812E-05 0.00048131 0.999219 9.99812E-05 9.99812E-05
9.9982E-05 0.0534088 0.940864 9.9982E-05 0.00552706
0.0529114 9.9973E-05 0.946789 9.9973E-05 9.9973E-05
0.0171649 0.0326507 0.91021 0.0121569 0.0278176
0.019217 0.0190798 0.934587 0.0192017 0.00791472
0.313298 9.9982E-05 0.606324 0.0801782 9.9982E-05
0.353373 9.9982E-05 0.609996 0.0364311 9.9982E-05
0.382318 9.9982E-05 0.531981 0.0855012 9.9982E-05
0.468602 9.9982E-05 0.46314 0.0680585 9.9982E-05
0.260849 0.557611 0.0416618 0.117965 0.0219132
0.147864 0.614462 0.0478549 0.189719 9.9991E-05
0.275032 0.627621 0.0473203 0.0325126 0.0175141
0.327889 0.504031 0.0129244 0.155056 9.9991E-05
0.656455 0.234291 9.9991E-05 0.0874596 0.0216939
0.111493 0.702443 0.0330762 0.11683 0.0361581
0.141928 0.709419 9.9991E-05 0.13864 0.0099135
0.0688975 0.640947 9.9991E-05 0.283012 0.00704311
0.0513958 0.540289 9.9982E-05 0.408115 9.9982E-05
0.0796888 0.640278 0.0879244 0.161866 0.0302426
0.182587 0.578634 9.9982E-05 0.238579 9.9982E-05
0.0814109 0.143802 9.9982E-05 0.774587 9.9982E-05
0.170984 0.618537 0.0845858 0.0845862 0.0413071
9.9973E-05 0.350068 9.9973E-05 0.649632 9.9973E-05
0.0892284 0.648451 0.0564858 0.205735 9.9991E-05
0.379039 0.319516 9.9982E-05 0.301245 9.9982E-05
0.782717 9.9982E-05 0.160876 0.0562064 9.9982E-05
0.772443 0.0535983 0.122238 0.0516211 9.9991E-05
0.774203 0.0229639 0.138144 0.0645889 9.9991E-05
0.8327 9.9982E-05 0.102096 0.0650041 9.9982E-05
0.807289 0.117367 0.0414477 0.0337954 9.9991E-05
0.774071 0.0881303 0.0801813 0.0404654 0.0171521
0.0366837 0.0434975 0.872919 9.9991E-05 0.0467995
0.0368505 0.119698 0.835511 9.9991E-05 0.0078406
0.0292207 0.138562 0.792824 9.9991E-05 0.0392927
0.069085 0.0454608 0.822102 9.9991E-05 0.0632526
0.0154506 0.11728 0.796452 9.9991E-05 0.0707178
0.595151 9.9982E-05 0.393319 0.01133 9.9982E-05
0.529246 9.9991E-05 0.429216 0.0201926 0.0212452
0.537731 9.9982E-05 0.434503 9.9982E-05 0.0275655
0.0244455 0.124556 0.850798 9.9982E-05 9.9982E-05
0.555309 9.9982E-05 0.381402 0.0630897 9.9982E-05
9.9991E-05 0.240242 0.283568 0.148993 0.327098
0.0669748 0.547797 0.146085 0.0199487 0.219195
9.9982E-05 0.568506 0.208791 9.9982E-05 0.222502
9.9991E-05 0.307517 0.292623 0.123375 0.276385
0.057909 0.531657 0.196962 0.0612645 0.152208
9.9982E-05 9.9982E-05 0.475023 0.223438 0.301339
0.399915 0.521022 9.9982E-05 0.0788635 9.9982E-05
0.214962 0.453757 9.9991E-05 0.303549 0.0276326
0.519833 0.350212 0.0242174 0.105637 9.9991E-05
0.181155 0.57673 9.9991E-05 0.218225 0.0237895
0.324296 9.9973E-05 9.9973E-05 0.675405 9.9973E-05
0.127692 0.591959 0.0937207 0.0874681 0.0991592
0.123371 0.588192 0.0470638 0.18232 0.0590532
0.472961 0.420949 0.0290939 0.0768965 9.9991E-05
0.205817 0.537977 0.0689044 0.0974283 0.0898739
0.328692 0.196501 9.9982E-05 0.474608 9.9982E-05
0.188001 0.573911 0.0335488 0.174895 0.0296439
0.342746 0.553445 0.0279333 0.0757751 9.9991E-05
0.0612784 0.447774 0.125635 0.227424 0.137888
0.287236 0.358564 9.9991E-05 0.312386 0.0417146
0.208586 0.45337 9.9991E-05 0.2841 0.0538435
0.215962 0.59369 9.9991E-05 0.133103 0.0571445
0.163116 0.615527 0.00233542 0.20668 0.0123414
0.132901 0.641156 0.0418426 0.10625 0.0778503
0.17813 0.561316 0.0600929 0.0812588 0.119203
0.164887 0.635145 0.0818106 0.0871878 0.0309692
9.9982E-05 0.127302 0.854971 9.9982E-05 0.0175275
9.9973E-05 0.109764 0.889936 9.9973E-05 9.9973E-05
0.00391343 0.0741003 0.921628 0.000258147 9.9991E-05
0.0303604 0.0433622 0.900855 9.9991E-05 0.025322
9.9973E-05 0.0838406 0.915859 9.9973E-05 9.9973E-05
0.672283 0.151697 0.0123813 0.113019 0.0506184
0.18265 0.541358 0.025002 0.189497 0.0614923
0.0203205 0.411991 0.206549 0.114882 0.246257
0.24428 0.640356 0.0158945 9.9991E-05 0.0993697
0.383821 0.560105 0.0176975 9.9991E-05 0.0382775
0.294712 0.281515 9.9991E-05 0.365678 0.0579952
0.796102 0.039805 0.0664709 0.093174 0.0044482
0.39492 0.531268 0.0634415 9.9991E-05 0.0102705
0.613554 0.281793 0.0378389 0.0110402 0.0557745
0.182583 0.480561 0.048782 0.217213 0.0708613
0.688737 0.169713 0.0513402 0.0669072 0.0233021
0.257806 0.534166 0.0733319 0.00670607 0.127989
0.595499 0.214032 0.0386761 0.132947 0.0188459
0.304183 0.300208 0.000100975 0.284691 0.110818
0.0863903 0.54996 0.13078 0.20765 0.0252191
0.0918008 0.331725 0.0620319 0.514342 9.9991E-05
0.0367109 0.561216 0.0717931 0.317561 0.0127188
0.0887206 0.578449 0.133592 0.167015 0.0322227
0.0299685 0.286696 0.0419376 0.641298 9.9991E-05
0.0798591 0.544867 0.112978 0.212604 0.049692
0.0309658 0.535267 0.0761087 0.357559 9.9991E-05
0.0256156 0.210679 9.9982E-05 0.763506 9.9982E-05
0.0157099 0.220992 0.0480065 0.715192 9.9991E-05
0.0489412 0.476353 0.0976012 0.377005 9.9991E-05
0.0692798 0.112808 0.0222195 0.795593 9.9991E-05
0.109785 0.498818 0.0194269 0.37187 9.9991E-05
0.745641 0.175714 9.9991E-05 0.0407207 0.037824
0.320821 0.204663 9.9991E-05 0.35744 0.116976
0.442427 0.448991 0.0259908 9.9991E-05 0.0824915
0.252659 0.617422 0.0544898 0.0103163 0.0651127
0.65575 0.254024 9.9991E-05 0.0689337 0.0211925
0.164378 0.561395 0.0729111 0.13394 0.0673764
0.274893 0.626703 0.078314 0.00519686 0.0148937
0.275412 0.503361 9.9991E-05 0.158603 0.0625237
0.326234 0.525488 9.9991E-05 0.0866173 0.0615609
0.430017 0.522449 0.0124808 9.9991E-05 0.0349527
0.589368 0.280798 9.9991E-05 0.0832473 0.0464862
0.479514 0.430677 9.9991E-05 0.0298879 0.0598217
0.182481 0.583678 9.9991E-05 0.153371 0.0803703
0.119924 0.602065 0.0746659 0.102577 0.100768
0.280403 0.328576 0.041565 0.215074 0.134383
0.260883 0.462479 9.9991E-05 0.136499 0.140039
0.519432 0.387414 9.9991E-05 0.0270573 0.065997
0.325051 0.543793 0.00864907 0.0466314 0.0758756
0.287668 0.500462 0.0533363 0.0826203 0.0759139
0.161105 0.621145 0.106667 0.0694815 0.0416009
0.0646571 0.447683 0.344092 9.9991E-05 0.143468
0.0369645 0.516635 0.166511 0.0809752 0.198914
0.107644 0.477886 0.18063 0.0974208 0.136419
0.0541281 0.543752 0.12213 0.113152 0.166838
9.9991E-05 0.45684 0.176087 0.128815 0.238157
0.167863 0.5181 9.9991E-05 0.292514 0.0214234
0.0609164 0.468521 0.151141 0.138 0.181421
0.0939513 9.9991E-05 0.229487 0.452236 0.224226
0.0983632 0.563051 0.0777802 0.090347 0.170459
0.020901 0.547862 0.150259 0.10712 0.173857
0.0902658 0.534879 0.10227 0.0853481 0.187236
0.0330092 0.317159 0.185525 0.304781 0.159526
0.032257 0.561949 0.215724 0.0146011 0.175469
0.0803635 0.515467 0.138254 0.0662091 0.199707
9.9982E-05 9.9982E-05 0.520555 0.344954 0.134292
0.121549 0.47362 0.19842 0.019344 0.187066
0.00384995 0.57804 0.130795 0.0614694 0.225845
0.0609036 0.579257 0.141042 0.0858957 0.132902
9.9991E-05 0.506029 0.215381 0.0570646 0.221426
0.0272827 0.54945 0.232198 0.0643353 0.126734
0.044696 0.547541 0.0478481 0.359815 9.9991E-05
0.0678522 0.523693 0.097464 0.218335 0.0926561
0.0685671 0.0494259 9.9982E-05 0.881807 9.9982E-05
0.0690636 0.101522 9.9982E-05 0.829214 9.9982E-05
0.0666027 0.533002 0.0997971 0.269946 0.030652
9.9991E-05 0.339036 0.188535 0.128855 0.343475
9.9991E-05 0.357374 0.18085 0.161481 0.300194
9.9991E-05 0.177303 0.210293 0.286034 0.326269
9.9991E-05 0.368244 0.150196 0.186773 0.294687
9.9991E-05 0.155968 0.124379 0.655144 0.0644093
9.9991E-05 0.181846 0.0974604 0.62292 0.0976736
9.9991E-05 0.619678 0.0117819 0.28126 0.0871804
9.9991E-05 0.439252 0.0892447 0.363535 0.107868
9.9991E-05 0.276714 0.0469356 0.583967 0.0922838
0.0358259 0.560189 0.0803894 0.246351 0.0772446
0.0047083 0.589659 0.0571269 0.23787 0.110637
9.9991E-05 0.538413 0.0897407 0.266387 0.10536
0.0184878 0.436773 9.9991E-05 0.534205 0.0104348
0.0855495 0.472439 0.0292094 0.412702 9.9991E-05
0.0915858 0.599019 0.038264 0.262812 0.00831909
0.098991 0.502089 0.0423471 0.343128 0.0134455
0.0778545 0.517568 0.0748216 0.232476 0.0972803
0.00357216 0.539291 0.00473837 0.442053 0.0103457
0.0407679 0.279147 9.9991E-05 0.677982 0.00200333
9.9991E-05 0.675918 0.0370739 0.255741 0.0311673
0.0813357 0.246119 9.9991E-05 0.654552 0.0178928
9.9982E-05 0.52174 0.0238002 0.45426 9.9982E-05
0.0766243 0.575841 0.0668782 0.239711 0.0409456
0.0748384 0.527131 0.0675478 0.276767 0.0537163
0.0112603 0.54323 0.204305 0.126121 0.115083
0.0974828 0.433084 0.154194 0.142249 0.17299
9.9991E-05 0.334375 0.228317 0.156787 0.280421
0.00409346 0.347559 0.217191 0.198391 0.232764
0.0394398 0.467926 0.154255 0.142238 0.196142
9.9991E-05 0.451607 0.172451 0.217265 0.158577
9.9982E-05 9.9982E-05 0.187783 0.660766 0.151251
9.9991E-05 0.510796 0.117855 0.111703 0.259546
9.9982E-05 9.9982E-05 0.366983 0.507239 0.125578
0.0199198 0.533255 0.0670373 0.194775 0.185013
9.9973E-05 0.237236 9.9973E-05 0.762464 9.9973E-05
0.0444739 0.103739 9.9982E-05 0.851587 9.9982E-05
0.0130039 0.575989 9.9982E-05 0.410808 9.9982E-05
9.9991E-05 0.683547 0.00843635 0.272742 0.0351746
9.9973E-05 0.53443 9.9973E-05 0.46527 9.9973E-05
9.9973E-05 0.663911 9.9973E-05 0.335789 9.9973E-05
9.9973E-05 0.636888 9.9973E-05 0.362812 9.9973E-05
0.0992697 0.0133594 0.882226 9.9991E-05 0.00504483
0.0855732 0.0614265 0.779281 0.026992 0.0467277
0.0372023 9.9982E-05 0.958926 9.9982E-05 0.0036719
9.9973E-05 0.0392115 0.960489 9.9973E-05 9.9973E-05
0.0542492 0.57575 0.0407582 0.278352 0.0508901
0.166229 0.659487 0.0623751 0.111809 9.9991E-05
0.183187 0.661248 0.0139595 0.141506 9.9991E-05
0.0937976 0.663721 0.0807731 0.121176 0.040533
0.0883612 0.637043 0.131866 0.127892 0.0148382
0.253852 0.450135 0.00600635 0.289907 9.9991E-05
0.047283 0.784821 0.03365 0.128922 0.00532463
0.00654601 0.447583 9.9991E-05 0.539841 0.00593064
0.120707 0.361795 0.311083 9.9991E-05 0.206315
0.0445904 0.547604 9.9991E-05 0.389813 0.0178934
0.187601 0.530261 9.9982E-05 0.281939 9.9982E-05
0.0239373 0.654939 0.00359359 0.314613 0.00291745
0.264639 0.59851 0.00575324 0.130998 9.9991E-05
9.9973E-05 0.71177 9.9973E-05 0.28793 9.9973E-05
0.115093 0.625784 0.0807035 0.178319 9.9991E-05
0.00304993 0.237982 9.9982E-05 0.758768 9.9982E-05
0.0164597 0.465671 9.9982E-05 0.517669 9.9982E-05
0.0136891 0.514884 9.9982E-05 0.471227 9.9982E-05
9.9973E-05 0.0867819 9.9973E-05 0.912918 9.9973E-05
0.188807 0.544592 0.0194453 0.247056 9.9991E-05
0.0296028 0.229505 9.9982E-05 0.740692 9.9982E-05
0.0755888 0.0466149 9.9982E-05 0.877596 9.9982E-05
0.034895 0.687145 0.027791 0.218508 0.0316608
0.355891 0.32769 0.00442036 0.311899 9.9991E-05
0.197696 0.597332 9.9982E-05 0.204771 9.9982E-05
0.0473373 0.673588 0.104569 0.108775 0.0657306
0.190389 0.632004 0.0161141 0.161392 9.9991E-05
0.30519 0.370937 9.9991E-05 0.269468 0.0543049
0.143818 0.687451 0.0513399 0.117291 9.9991E-05
0.188608 0.652064 0.0339134 0.125315 9.9991E-05
0.0447421 0.501493 9.9982E-05 0.453565 9.9982E-05
0.120598 0.616771 0.123742 0.138789 9.9991E-05
0.317641 9.9982E-05 0.663864 0.0182953 9.9982E-05
0.173715 9.9982E-05 0.77582 0.0502648 9.9982E-05
0.139181 9.9973E-05 0.860519 9.9973E-05 9.9973E-05
0.156427 9.9973E-05 0.843273 9.9973E-05 9.9973E-05
0.211772 0.0271903 0.760838 9.9982E-05 9.9982E-05
0.309047 0.326357 0.00978827 0.354707 9.9991E-05
0.298757 0.337116 9.9982E-05 0.363927 9.9982E-05
0.0171217 0.393544 9.9982E-05 0.589134 9.9982E-05
9.9991E-05 0.653797 0.134108 0.181454 0.0305414
0.081315 0.590619 0.134412 0.112968 0.0806856
0.0153712 0.439794 9.9991E-05 0.523283 0.0214519
9.9991E-05 0.720891 0.0347102 0.219898 0.0244011
0.0140227 0.539669 0.0765944 0.364825 0.00488869
0.151298 0.6521 0.0328518 0.16365 9.9991E-05
0.094179 0.740181 0.020313 0.123662 0.021665
0.312143 0.406798 9.9982E-05 0.280859 9.9982E-05
0.272619 0.491784 9.9982E-05 0.235397 9.9982E-05
0.23346 0.504746 9.9982E-05 0.261594 9.9982E-05
0.0503767 0.656553 0.15011 0.14286 9.9991E-05
0.223129 0.530609 0.00826254 0.237899 9.9991E-05
0.200487 0.554622 0.0498063 0.194985 9.9991E-05
9.9991E-05 0.401753 0.106178 0.0538036 0.438165
0.0237244 0.325981 0.133658 0.0565628 0.460073
0.000132358 0.406252 0.127141 0.0047946 0.46168
9.9991E-05 0.271348 0.15803 0.0451046 0.525417
0.0571479 0.491152 0.0799046 0.0476986 0.324097
9.9991E-05 0.595344 0.100548 0.291958 0.0120496
9.9982E-05 9.9982E-05 0.257023 0.0632901 0.679487
0.0141409 0.31213 0.153192 9.9991E-05 0.520437
9.9991E-05 0.378693 0.202945 0.260334 0.157928
0.0654136 0.563083 0.195966 0.168468 0.00707072
0.0836759 0.515293 0.18024 0.192827 0.0279647
0.0395021 0.623017 0.151699 0.152372 0.0334102
0.0311609 0.624598 0.173404 0.133955 0.0368824
0.0228899 0.329823 0.155758 0.00905289 0.482476
0.0855969 0.41027 0.118078 0.00573758 0.380318
9.9982E-05 0.372668 0.102034 9.9982E-05 0.525098
0.0827461 0.442346 0.135717 0.0500811 0.28911
0.0124971 0.208173 0.168227 0.0986708 0.512432
0.0209146 0.445175 0.143867 0.0283391 0.361705
0.0405664 0.218394 0.146324 0.0411352 0.553581
0.105681 0.358312 0.0742188 0.0811667 0.380621
9.9991E-05 0.524737 0.160207 0.302595 0.0123598
0.049059 0.363454 0.152705 0.0443825 0.3904
9.9991E-05 0.124176 0.222969 0.0553385 0.597416
0.0706199 0.428604 0.135405 0.0238806 0.341491
0.165344 0.350175 0.201176 0.283204 9.9991E-05
9.9991E-05 0.621668 0.0694664 0.244768 0.0639977
0.0122323 0.431588 0.188385 0.0344994 0.333295
0.0419496 0.61382 0.187578 0.156553 9.9991E-05
0.0715538 0.559634 0.189794 0.178918 9.9991E-05
9.9991E-05 0.365146 0.234801 0.185078 0.214875
9.9991E-05 0.37726 0.251532 0.119379 0.251729
0.0367418 0.574237 0.151074 0.164014 0.0739327
0.0559152 0.430016 0.138812 0.0339134 0.341343
0.00892122 0.418361 0.131053 9.9991E-05 0.441564
9.9991E-05 0.122281 0.217027 0.0234319 0.63716
0.0612369 0.630131 0.168492 0.0777697 0.0623707
0.0714731 0.466283 0.188208 0.273936 9.9991E-05
9.9991E-05 0.15256 0.157509 0.661636 0.0281949
0.0824989 0.563107 0.159185 0.111631 0.0835781
0.145288 0.399796 0.099268 0.307771 0.0478775
9.9991E-05 0.463272 0.207145 0.128858 0.200624
0.0137857 0.548823 0.15554 0.191552 0.0902988
9.9982E-05 9.9982E-05 0.411061 0.451675 0.137064
9.9982E-05 9.9982E-05 0.380607 0.546122 0.0730717
9.9991E-05 0.307833 0.217325 0.383976 0.0907663
9.9991E-05 0.0225282 0.370963 0.418328 0.188081
9.9982E-05 9.9982E-05 0.481059 0.305447 0.213295
9.9991E-05 0.374627 0.239458 0.267252 0.118563
0.030427 0.366144 0.253163 0.196689 0.153577
9.9991E-05 0.0794876 0.327438 0.385726 0.207248
9.9991E-05 0.0554327 0.307816 0.476425 0.160227
9.9991E-05 0.510821 0.19867 0.171944 0.118465
9.9991E-05 0.152158 0.285091 0.402478 0.160174
9.9982E-05 9.9982E-05 0.402322 0.507143 0.0903354
0.102887 0.517287 0.118921 0.112837 0.148068
0.0115868 0.279408 0.226073 0.260887 0.222045
0.00881455 0.457969 0.331721 0.0389914 0.162504
9.9982E-05 0.602061 0.165681 9.9982E-05 0.232059
9.9991E-05 0.55993 0.191112 0.043106 0.205752
0.0123398 0.490999 0.174847 0.0490312 0.272783
0.097304 0.315964 0.379016 9.9991E-05 0.207616
0.0228232 0.50697 0.244113 0.0155776 0.210517
0.0411636 0.486209 0.235278 9.9991E-05 0.237249
9.9991E-05 0.299131 0.259016 0.185394 0.25636
0.136504 0.387042 0.208694 0.15279 0.11497
0.0518114 0.54054 0.172827 0.0936939 0.141127
0.0463299 0.569061 0.152068 0.0697381 0.162803
0.099762 0.554267 0.134792 0.0469797 0.164199
0.0233376 0.458475 0.284923 0.0315584 0.201706
0.00832018 0.547258 0.204315 0.0597728 0.180334
9.9991E-05 0.0264806 0.385906 0.2661 0.321414
0.0133159 0.560224 0.204382 0.045973 0.176105
9.9991E-05 0.154913 0.328566 0.170006 0.346415
0.18462 9.9973E-05 0.81508 9.9973E-05 9.9973E-05
0.813517 0.138675 0.0348221 9.9991E-05 0.0128858
0.9996 9.997E-05 9.997E-05 9.997E-05 9.997E-05
0.9996 9.997E-05 9.997E-05 9.997E-05 9.997E-05
0.946258 0.0399022 9.9982E-05 9.9982E-05 0.0136395
0.987054 9.9973E-05 9.9973E-05 9.9973E-05 0.0126464
0.956993 0.0427073 9.9973E-05 9.9973E-05 9.9973E-05
0.9996 9.997E-05 9.997E-05 9.997E-05 9.997E-05
0.86098 9.9973E-05 0.13872 9.9973E-05 9.9973E-05
0.078563 0.0125561 0.908681 9.9982E-05 9.9982E-05
0.145986 0.0567191 0.797095 9.9982E-05 9.9982E-05
0.0533831 0.0447009 0.883225 0.0185908 9.9991E-05
0.0859194 0.0359816 0.874386 0.00361264 9.9991E-05
0.0771959 0.017407 0.901459 9.9991E-05 0.00383766
0.0264472 0.0626687 0.910684 9.9982E-05 9.9982E-05
9.9991E-05 0.128275 0.770711 0.0159594 0.0849544
9.9973E-05 0.0987218 0.900978 9.9973E-05 9.9973E-05
0.0513034 0.127319 0.735267 0.0307258 0.0553846
9.9982E-05 0.0233966 0.924667 9.9982E-05 0.051736
0.000502463 9.9982E-05 0.993763 0.00553419 9.9982E-05
0.0667198 0.0229397 0.866393 9.9991E-05 0.0438472
0.00879932 9.9973E-05 0.990901 9.9973E-05 9.9973E-05
9.9973E-05 0.0480617 0.951638 9.9973E-05 9.9973E-05
9.9982E-05 0.0829061 0.916121 9.9982E-05 0.000772622
9.9973E-05 0.0607195 0.938981 9.9973E-05 9.9973E-05
9.9982E-05 0.0758805 0.876561 9.9982E-05 0.0473582
9.9982E-05 0.12106 0.87226 9.9982E-05 0.00648013
9.9982E-05 0.0923391 0.839325 9.9982E-05 0.0681363
0.109635 0.451096 0.180939 0.25823 9.9991E-05
0.0300881 0.741523 0.116977 0.111312 9.9991E-05
0.0362054 0.665732 0.164525 0.109051 0.0244867
9.9991E-05 0.0845829 0.125761 0.745258 0.0442972
0.110507 0.534218 0.14428 0.196385 0.0146103
9.9982E-05 0.101928 0.203572 0.6943 9.9982E-05
9.9991E-05 0.639279 0.0917838 0.228457 0.0403803
0.135255 0.470098 0.166824 0.227723 9.9991E-05
0.0149697 0.548551 0.202854 0.233525 9.9991E-05
0.140696 0.614261 0.0624689 0.182475 9.9991E-05
0.119715 0.506618 0.166602 0.206965 9.9991E-05
9.9991E-05 0.685178 0.121041 0.183746 0.00993472
0.0943775 0.581885 0.162214 0.161424 9.9991E-05
0.46746 0.012333 9.9991E-05 0.418425 0.101682
9.9982E-05 0.0224967 0.163979 0.813324 9.9982E-05
9.9991E-05 0.17161 0.16155 0.648567 0.0181727
0.0334609 0.674685 0.170383 0.113606 0.00786488
9.9991E-05 0.534513 0.0933132 0.337892 0.0341814
9.9991E-05 0.640341 0.130005 0.220432 0.00912131
0.0108359 0.645976 0.112934 0.148051 0.0822024
0.0234737 0.453578 0.23854 0.114536 0.169872
0.0417532 0.524745 0.222651 0.0216321 0.189218
0.229052 0.1501 0.397553 0.0706275 0.152668
0.144245 0.55682 0.163177 0.0396254 0.0961323
0.0922783 0.461239 0.246786 0.095017 0.10468
9.9982E-05 9.9982E-05 0.437056 0.383048 0.179696
9.9991E-05 0.29352 0.283594 0.19311 0.229676
0.102173 0.316441 0.380401 0.0471426 0.153842
0.174747 0.419837 0.319558 9.9991E-05 0.0857579
0.0642983 0.552041 0.170642 0.0817951 0.131224
0.0424686 0.593105 0.218488 0.0351582 0.11078
0.0923973 0.648268 0.190705 0.00686224 0.0617679
0.00776103 0.434032 0.176618 0.19959 0.181999
0.0499825 0.23674 0.505299 0.0899717 0.118007
