0.0108846 9.9991E-05 0.0352948 0.0122711 0.941449
9.9973E-05 9.9973E-05 9.9973E-05 0.0194019 0.980298
0.0589698 0.0397138 9.9982E-05 9.9982E-05 0.901116
0.138199 9.9982E-05 9.9982E-05 0.0406193 0.820982
0.0777431 9.9973E-05 9.9973E-05 9.9973E-05 0.921957
0.0778399 0.115016 0.0502128 0.10952 0.647411
0.00966862 0.105405 0.000409336 0.0623103 0.822206
0.0179015 0.0994453 0.0286659 0.107772 0.746215
9.9982E-05 0.0260274 9.9982E-05 0.138342 0.835431
0.0437659 0.0933939 0.0114955 0.0713623 0.779983
0.094261 0.0643507 9.9991E-05 0.0696741 0.771614
0.257865 0.113165 0.0445734 0.542833 0.041564
0.561942 0.0145674 0.0657241 0.286795 0.0709717
0.298775 0.121068 0.0861216 0.476692 0.0173433
0.338767 0.034811 0.141519 0.464567 0.0203363
0.457817 0.0456146 0.112995 0.311491 0.0720828
0.574123 0.0811435 0.122111 0.192351 0.0302714
0.523328 0.0712951 0.0695183 0.318914 0.0169452
0.319738 0.0828253 0.100024 0.393823 0.103589
0.0843916 0.170142 0.0119764 0.73339 9.9991E-05
0.466662 0.120022 0.0597535 0.334464 0.0190978
0.445516 0.249979 0.121354 0.183051 9.9991E-05
0.607017 0.0808417 0.0543828 0.22457 0.0331888
0.289814 0.138676 0.0712327 0.449194 0.0510833
0.678764 0.0364241 0.0850343 0.0812068 0.118571
0.608299 0.0101874 0.0280964 0.317085 0.0363318
0.273759 0.0754131 0.0272929 0.563097 0.0604389
0.321413 0.0682944 0.09883 0.487401 0.0240614
0.302404 0.159785 9.9991E-05 0.515656 0.0220551
0.0871938 9.9982E-05 0.018507 9.9982E-05 0.894099
0.116413 9.9973E-05 9.9973E-05 9.9973E-05 0.883287
0.0975695 9.9982E-05 0.0776478 9.9982E-05 0.824583
0.161944 9.9982E-05 0.0630578 9.9982E-05 0.774798
0.591504 0.168471 9.9991E-05 0.138508 0.101417
0.655893 0.145316 0.0433604 0.0766819 0.0787486
0.694942 0.24425 0.0174542 0.0407467 0.00260626
0.220858 0.0803624 9.9991E-05 0.665906 0.0327736
0.43841 0.539041 9.9982E-05 0.022349 9.9982E-05
0.619819 0.0777607 0.0136393 0.195682 0.0930985
0.760475 0.13171 9.9991E-05 0.0303455 0.0773703
0.605889 0.181207 9.9991E-05 0.0707538 0.142051
0.66946 0.0774018 0.0169093 0.116336 0.119894
0.355205 0.321843 9.9982E-05 0.322752 9.9982E-05
0.66642 0.171932 0.0331003 0.019108 0.10944
0.705556 0.126778 0.0373441 0.0744403 0.0558817
0.650358 0.0905247 0.00922783 0.0292895 0.2206
0.501853 0.462123 9.9982E-05 0.0358235 9.9982E-05
0.683005 0.122892 0.0267862 0.0857045 0.0816124
0.596914 0.15717 0.0789173 0.0394487 0.127551
9.9982E-05 0.870671 9.9982E-05 0.115405 0.0137234
0.213351 0.152169 9.9982E-05 0.634281 9.9982E-05
0.194116 0.471866 0.0700295 0.263888 9.9991E-05
0.581966 0.115213 0.0802667 0.128923 0.093632
0.554261 0.177454 0.112743 0.0643649 0.0911776
0.628094 0.159684 0.071893 0.0582491 0.0820793
0.267266 0.0864181 0.016808 0.530708 0.0987994
0.571664 0.00858733 0.0308315 0.365633 0.0232837
0.584384 0.0435073 0.124531 0.177147 0.0704304
0.441898 0.12431 0.0343167 0.270445 0.12903
0.171378 0.163761 0.0183752 0.502223 0.144263
0.582345 0.0775832 0.0795936 0.181383 0.0790951
0.529344 0.0784216 0.0544833 0.261231 0.0765203
0.11888 0.181276 9.9991E-05 0.621253 0.0784902
0.508903 0.0878872 9.9982E-05 0.40301 9.9982E-05
0.616006 0.183785 0.072914 0.0820351 0.04526
0.662416 0.0234714 0.0184401 0.189447 0.106225
0.321643 0.16866 0.0631413 0.392731 0.0538244
0.550379 0.100023 0.0647969 0.25125 0.0335515
0.552087 0.15184 0.105384 0.139478 0.0512108
0.3029 0.152838 9.9991E-05 0.506715 0.0374472
0.635019 0.219409 9.9982E-05 0.145373 9.9982E-05
0.433058 0.286038 9.9982E-05 0.280704 9.9982E-05
0.639547 0.128084 0.00519376 0.119519 0.107656
0.214579 0.714349 9.9982E-05 0.070872 9.9982E-05
0.195611 0.735814 9.9982E-05 0.0683758 9.9982E-05
0.444657 0.510339 9.9982E-05 0.0448036 9.9982E-05
0.645837 0.136379 9.9991E-05 0.202412 0.0152725
0.567324 0.0954366 0.0871149 0.097302 0.152823
0.664024 0.312024 9.9982E-05 0.0237521 9.9982E-05
0.353863 0.30827 9.9982E-05 0.337666 9.9982E-05
0.442934 0.264386 9.9982E-05 0.292481 9.9982E-05
0.582365 0.131515 0.0652793 0.124247 0.0965934
0.550408 0.199931 9.9982E-05 0.249461 9.9982E-05
0.59996 0.209478 9.9991E-05 0.172096 0.0183665
0.604479 0.342282 9.9991E-05 0.0372194 0.0159197
0.0399343 0.843662 0.0272125 0.0890911 9.9991E-05
0.689365 0.210204 0.0341362 0.0311964 0.0350979
0.0828669 9.9982E-05 9.9982E-05 0.0834831 0.83345
0.0770733 9.9973E-05 9.9973E-05 9.9973E-05 0.922627
0.0954013 9.9982E-05 0.0346361 9.9982E-05 0.869763
0.00833811 9.9982E-05 0.0422397 9.9982E-05 0.949222
0.0124253 9.9991E-05 0.0154919 0.00897665 0.963006
0.079103 9.9982E-05 0.0282626 9.9982E-05 0.892434
0.064386 9.9973E-05 9.9973E-05 9.9973E-05 0.935314
0.617223 0.0825518 0.103898 0.155665 0.040662
0.611792 0.177921 0.0794732 0.0347833 0.0960301
0.206444 0.427487 9.9982E-05 0.365869 9.9982E-05
0.69989 0.0886695 0.0224525 0.0546249 0.134363
0.563145 0.187639 9.9991E-05 0.248967 0.000149195
0.635159 0.166494 0.00170499 0.112034 0.0846075
0.655887 0.248133 0.0342764 0.00790309 0.0538003
0.652562 0.254098 0.0392724 0.0413208 0.0127474
0.178324 0.375726 9.9982E-05 0.44575 9.9982E-05
0.590981 0.132428 0.0208849 0.130743 0.124963
0.701715 0.075454 0.0601764 0.0992405 0.0634142
0.63304 0.119896 0.0409105 0.0803743 0.125779
0.418723 0.484132 0.00961664 0.0874281 9.9991E-05
0.671061 0.315692 9.9982E-05 0.0130466 9.9982E-05
0.598943 0.182895 9.9991E-05 0.204177 0.0138842
0.551431 0.397173 9.9982E-05 0.0511964 9.9982E-05
0.59801 0.135611 9.9991E-05 0.230667 0.0356114
0.640088 0.0531019 0.0479481 0.164323 0.0945392
0.311319 0.253514 0.0731371 0.339699 0.0223307
0.473524 0.0546497 9.9991E-05 0.354576 0.117151
0.585628 0.0439035 0.0721653 0.190177 0.108126
0.647523 0.0660679 0.0490747 0.124429 0.112905
0.517232 0.0447111 0.00445021 0.389984 0.0436235
0.579687 0.030097 0.091103 0.239707 0.0594069
0.5165 0.0107509 9.9991E-05 0.409682 0.0629671
0.532182 0.190967 0.0439346 0.11629 0.116626
0.637702 0.0307697 0.0699946 0.175261 0.0862723
0.635966 0.0476721 9.9991E-05 0.231797 0.0844648
0.659097 0.0108744 9.9991E-05 0.275258 0.0546708
0.646553 0.0695391 0.0798558 0.122771 0.0812804
0.579175 0.0241139 0.0984801 0.141931 0.1563
0.63208 0.100381 0.0944002 0.173039 9.9991E-05
0.610499 0.0627741 0.0692853 0.160518 0.0969233
0.575946 0.129085 0.111361 0.179594 0.00401342
0.334431 0.204826 0.0909188 0.274907 0.0949176
0.629208 0.0964066 0.0540492 0.157385 0.0629508
0.703355 0.0707006 0.0528418 0.116616 0.0564867
0.281722 0.0958541 0.0125766 0.599258 0.0105888
0.15334 0.454847 0.0782545 0.313458 9.9991E-05
0.528166 0.0876619 0.0765852 0.254275 0.0533112
0.112103 0.540491 0.0323348 0.314972 9.9991E-05
0.400956 0.0473816 0.000745912 0.550817 9.9991E-05
0.509974 0.0462903 9.9982E-05 0.443536 9.9982E-05
0.409176 0.0564673 9.9991E-05 0.510612 0.0236449
0.387742 0.102371 9.9982E-05 0.509688 9.9982E-05
0.601484 0.0754418 0.0403884 0.226029 0.056657
0.580774 0.0398202 0.0961856 0.183812 0.0994081
0.609961 0.0611412 0.0502931 0.215181 0.0634235
0.207459 0.37974 0.0544907 0.35821 9.9991E-05
0.559373 0.143059 0.0670727 0.0842836 0.146211
0.484174 0.215603 0.0778682 0.11802 0.104334
9.9982E-05 0.769241 9.9982E-05 0.0649243 0.165635
0.70381 0.129117 0.0603128 0.0219886 0.0847715
0.347226 0.468017 0.0481646 0.00886156 0.127731
0.482306 0.250375 0.0776396 0.0475527 0.142127
0.286888 0.481093 0.000899811 0.082244 0.148875
0.13401 0.646862 9.9991E-05 0.123306 0.095722
0.447585 0.37624 0.0206078 0.0845253 0.0710421
0.479649 0.183132 0.107593 0.121801 0.107825
0.469146 0.17924 0.0421111 0.0969422 0.212561
0.152452 0.613481 0.0774689 0.0920463 0.0645516
0.558824 0.119506 0.112972 0.0600337 0.148664
0.40139 0.50884 9.9982E-05 0.0895706 9.9982E-05
0.51777 0.395416 9.9991E-05 0.0662817 0.0204321
0.603886 0.120565 0.104666 0.0389387 0.131944
0.132735 0.20088 0.271058 9.9991E-05 0.395226
9.9982E-05 0.329686 0.139365 9.9982E-05 0.530749
9.9982E-05 0.364126 0.130926 9.9982E-05 0.504748
0.0580105 0.268058 0.289806 0.000487139 0.383638
0.682871 0.281463 9.9991E-05 0.00966273 0.025904
0.628018 0.117145 0.0534714 0.0671578 0.134207
0.301642 9.9982E-05 0.691237 0.00692115 9.9982E-05
0.385213 0.0329956 0.486521 0.0742775 0.0209929
0.40265 0.0165167 0.404005 0.082321 0.0945066
0.297957 0.596708 0.0265103 0.048284 0.0305402
0.546729 0.204652 0.0663614 0.0862315 0.0960254
0.322129 0.610473 9.9991E-05 0.0636489 0.00364951
0.619663 0.259851 0.02123 9.9991E-05 0.0991558
0.518183 0.338068 0.0536982 0.0172293 0.0728218
0.627301 0.31879 0.00316636 9.9991E-05 0.0506432
0.256308 0.703475 9.9991E-05 0.00787309 0.0322438
0.710409 0.159098 0.0447997 9.9991E-05 0.0855932
0.612776 0.218662 0.00426959 0.0275397 0.136753
0.0235807 9.9973E-05 0.976119 9.9973E-05 9.9973E-05
0.0364233 9.9982E-05 0.937066 0.0263105 9.9982E-05
0.309008 0.0245663 0.591889 0.0191395 0.0553966
0.340884 9.9982E-05 0.656096 0.00282012 9.9982E-05
0.141623 9.9982E-05 0.818472 0.0397047 9.9982E-05
9.997E-05 9.997E-05 0.9996 9.997E-05 9.997E-05
9.9973E-05 9.9973E-05 0.956554 0.0431457 9.9973E-05
0.148322 9.9973E-05 0.851378 9.9973E-05 9.9973E-05
9.9973E-05 9.9973E-05 0.946713 0.0529873 9.9973E-05
9.997E-05 9.997E-05 0.9996 9.997E-05 9.997E-05
9.997E-05 9.997E-05 0.9996 9.997E-05 9.997E-05
0.183276 9.9982E-05 0.787226 0.0292983 9.9982E-05
0.0733245 9.9991E-05 0.825913 0.074728 0.0259348
9.997E-05 9.997E-05 0.9996 9.997E-05 9.997E-05
0.371197 0.0144191 0.393762 0.120472 0.10015
0.248749 9.9991E-05 0.669247 0.0355057 0.046398
0.148507 9.9991E-05 0.820237 0.0133278 0.0178286
0.0570766 9.9982E-05 0.916251 0.0264725 9.9982E-05
9.997E-05 9.997E-05 0.9996 9.997E-05 9.997E-05
0.0129057 9.9991E-05 0.975065 0.0095767 0.00235223
9.997E-05 9.997E-05 0.9996 9.997E-05 9.997E-05
0.275994 9.9991E-05 0.622857 0.0444506 0.0565981
9.9991E-05 0.00541319 0.977707 0.00249217 0.0142874
9.9982E-05 0.597807 0.0614427 9.9982E-05 0.340551
0.397667 0.215842 0.10865 0.0302491 0.247592
0.521393 0.212243 0.054473 9.9991E-05 0.211791
0.174804 0.446454 0.149661 9.9991E-05 0.228981
0.482917 0.191157 0.135167 0.0579902 0.132769
0.0709673 0.496053 0.169615 9.9991E-05 0.263265
0.444388 0.240652 0.0984973 9.9991E-05 0.216363
0.307733 0.324677 0.128567 9.9991E-05 0.238923
0.447961 0.180176 0.17606 9.9991E-05 0.195703
0.367406 0.27642 0.139477 9.9991E-05 0.216598
0.431504 0.235181 0.148014 9.9991E-05 0.185202
0.0662724 0.00480227 9.9982E-05 9.9982E-05 0.928725
9.9982E-05 0.0256088 0.0575466 9.9982E-05 0.916645
0.0197521 9.9982E-05 9.9982E-05 0.0219848 0.958063
9.9973E-05 0.009119 9.9973E-05 9.9973E-05 0.990581
0.0637102 9.9982E-05 9.9982E-05 0.00802472 0.928065
9.997E-05 9.997E-05 9.997E-05 9.997E-05 0.9996
0.0370652 9.9991E-05 0.0305173 0.00734184 0.924976
9.9973E-05 9.9973E-05 9.9973E-05 0.0348037 0.964896
0.0346286 0.0112617 0.0097335 0.0152754 0.929101
0.0164298 0.0133685 0.00434956 0.0347124 0.93114
9.9982E-05 0.0660714 9.9982E-05 0.324568 0.609161
9.9982E-05 0.0450754 9.9982E-05 0.344646 0.610079
9.9982E-05 0.0776106 9.9982E-05 0.384891 0.537298
9.9982E-05 0.110771 9.9982E-05 0.433742 0.455287
0.589893 0.126049 9.9991E-05 0.20743 0.076528
0.623218 0.133221 0.0252086 0.193358 0.0249943
0.629482 0.0367778 0.0344278 0.255536 0.0437762
0.481151 0.156582 0.0107368 0.351431 9.9991E-05
0.272546 0.0995677 0.0253763 0.60241 9.9991E-05
0.682936 0.138067 0.040972 0.129855 0.00817
0.697329 0.106681 0.0193141 0.176576 9.9991E-05
0.670296 0.23395 9.9991E-05 0.089507 0.00614713
0.584645 0.410724 9.9982E-05 0.00443099 9.9982E-05
0.666179 0.158253 0.0736157 0.0445298 0.0574233
0.585439 0.208316 9.9982E-05 0.206046 9.9982E-05
0.17486 0.738947 9.9982E-05 0.0859931 9.9982E-05
0.592959 0.141368 0.0511724 0.140219 0.0742821
0.336131 0.656457 9.9982E-05 0.00721236 9.9982E-05
0.662825 0.240461 9.9991E-05 0.039902 0.0567116
0.323495 0.304619 9.9982E-05 0.371686 9.9982E-05
9.9982E-05 0.0330961 9.9982E-05 0.825529 0.141175
0.0819917 0.0546025 9.9991E-05 0.728823 0.134483
0.0543133 0.0505162 9.9991E-05 0.784028 0.111042
9.9982E-05 0.0456499 9.9982E-05 0.833082 0.121068
0.133744 0.0104951 9.9991E-05 0.799654 0.0560072
0.0735566 0.0282384 0.0453801 0.787847 0.0649776
0.0508967 9.9991E-05 0.0455964 0.0317519 0.871655
0.101924 9.9991E-05 0.0245697 0.0375222 0.835885
0.123663 9.9991E-05 0.0539717 0.0209757 0.801289
0.0233491 9.9991E-05 0.0758079 0.0674062 0.833337
0.13 9.9991E-05 0.0572308 0.0204448 0.792225
9.9982E-05 0.0354461 9.9982E-05 0.578846 0.385508
9.9982E-05 0.0162643 9.9982E-05 0.525452 0.458084
0.00997232 9.9991E-05 0.0100035 0.547969 0.431955
0.116883 9.9991E-05 0.00471743 0.0157005 0.8626
9.9991E-05 0.038718 0.00319208 0.546068 0.411922
0.258422 0.117285 0.327424 9.9991E-05 0.29677
0.50144 0.0527192 0.262178 0.0198728 0.16379
0.544999 9.9982E-05 0.252823 9.9982E-05 0.201978
0.317286 0.109377 0.270033 9.9991E-05 0.303204
0.558824 0.0679693 0.148936 0.0411991 0.183071
9.9982E-05 0.236577 0.29745 9.9982E-05 0.465773
0.527022 0.0639515 9.9982E-05 0.408826 9.9982E-05
0.489548 0.271321 0.0489946 0.187384 0.00275203
0.357295 0.0988108 9.9982E-05 0.543694 9.9982E-05
0.551099 0.229931 0.046146 0.172724 9.9991E-05
9.9973E-05 0.706605 9.9973E-05 0.293095 9.9973E-05
0.621934 0.0873732 0.0461168 0.162879 0.0816974
0.590297 0.16317 0.0473319 0.137026 0.0621751
0.415801 0.103708 9.9991E-05 0.446136 0.0342552
0.553735 0.083481 0.0542838 0.21973 0.0887701
0.194524 0.530907 9.9982E-05 0.27437 9.9982E-05
0.591542 0.171182 0.0383764 0.163939 0.0349607
0.561162 0.0826902 0.0198519 0.320163 0.0161321
0.400337 0.215921 0.209647 0.0912219 0.0828735
0.38929 0.328702 0.0353695 0.246538 9.9991E-05
0.434283 0.276365 0.0658191 0.223419 0.000114751
0.57316 0.159721 0.0556481 0.187645 0.0238263
0.631244 0.174485 0.0187375 0.167396 0.00813774
0.649138 0.124992 0.0862999 0.129668 0.00990195
0.600912 0.055681 0.0362443 0.168083 0.13908
0.599719 0.101696 0.0508183 0.149559 0.0982079
0.106678 9.9982E-05 0.0419968 9.9982E-05 0.851125
0.104896 9.9973E-05 9.9973E-05 9.9973E-05 0.894804
0.0725358 0.0187442 9.9982E-05 9.9982E-05 0.90852
0.0156621 9.9991E-05 0.0453246 0.0289496 0.909964
0.0943911 9.9973E-05 9.9973E-05 9.9973E-05 0.905309
0.14329 0.15529 0.0568901 0.615913 0.0286169
0.526046 0.148066 0.097733 0.181284 0.0468718
0.373073 0.111334 0.279608 0.0156231 0.220363
0.676632 0.00421958 0.0880694 0.230979 9.9991E-05
0.54834 0.0444758 0.045475 0.3504 0.0113092
0.324571 0.359662 0.0210001 0.294667 9.9991E-05
0.0290157 0.0944542 0.0146835 0.795363 0.0664835
0.53395 0.00905746 0.0296741 0.340731 0.0865876
0.273964 0.0475369 0.0645904 0.578436 0.0354732
0.516297 0.177792 0.0510234 0.192807 0.0620808
0.207445 0.080303 9.9991E-05 0.620741 0.091411
0.546338 9.9991E-05 0.0842043 0.304227 0.0651305
0.220616 0.118492 0.0216052 0.613059 0.0262279
0.271562 0.305135 0.152141 0.271062 9.9991E-05
0.573504 0.265291 0.0161326 0.0145594 0.130513
0.357535 0.52505 9.9991E-05 0.0595844 0.0577308
0.570737 0.311577 0.0260288 0.00533034 0.0863271
0.621342 0.198966 0.0280775 9.9991E-05 0.151514
0.303324 0.605755 9.9991E-05 0.0475638 0.0432566
0.566699 0.195992 0.0427067 0.0929606 0.101641
0.574658 0.329665 9.9982E-05 9.9982E-05 0.0954769
0.212422 0.770839 9.9991E-05 0.00306545 0.0135733
0.23887 0.68314 9.9991E-05 0.014041 0.0638487
0.488486 0.396245 9.9991E-05 0.0254081 0.089761
0.140134 0.764768 9.9991E-05 0.0718241 0.0231733
0.495391 0.40862 9.9991E-05 0.0704924 0.0253966
0.207586 0.0295622 0.031769 0.730983 9.9991E-05
0.232778 0.325744 0.107682 0.333696 9.9991E-05
0.388572 0.0225164 0.100256 0.46123 0.0274258
0.615931 9.9991E-05 0.0604264 0.264216 0.0593264
0.265419 0.0328946 0.0508017 0.650784 9.9991E-05
0.559011 0.131215 0.082742 0.143256 0.0837759
0.565288 0.0300897 0.0538837 0.319638 0.0311005
0.585915 0.0713591 0.055227 0.287399 9.9991E-05
0.502099 0.0951232 0.127343 0.275335 9.9991E-05
0.489348 0.00924526 0.0737749 0.427532 9.9991E-05
0.304138 0.0739257 0.0525447 0.569292 9.9991E-05
0.455139 0.0037054 0.0634321 0.477623 9.9991E-05
0.634206 0.0993097 0.0284414 0.204191 0.0338519
0.603336 0.114458 0.101471 0.125844 0.0548908
0.323465 0.228268 0.129188 0.281133 0.0379466
0.504215 0.148437 0.138469 0.208779 9.9991E-05
0.336726 0.0288108 0.132166 0.502197 9.9991E-05
0.573353 0.0256916 0.10913 0.278004 0.0138223
0.492375 0.0706035 0.123199 0.301998 0.0118246
0.581768 0.0866568 0.0888392 0.143568 0.0991676
0.504874 9.9982E-05 0.124806 9.9982E-05 0.37012
0.56159 0.0552653 0.174523 0.0341407 0.174481
0.406964 0.096788 0.173431 0.118255 0.204561
0.52007 0.108108 0.167302 0.0493297 0.15519
0.423332 0.124144 0.22082 0.0138307 0.217873
0.576588 0.25015 0.010446 0.162716 9.9991E-05
0.541343 0.140571 0.149146 0.0167747 0.152165
0.0301734 0.492064 0.195293 0.0237471 0.258722
0.578864 0.114167 0.150109 0.0214608 0.135399
0.55462 0.0553156 0.203801 0.0186567 0.167607
0.530907 0.0869536 0.225226 0.0706617 0.0862522
0.31792 0.303635 0.131901 0.040043 0.206502
0.566621 0.0350362 0.162623 0.0470171 0.188703
0.547659 0.0668268 0.179122 0.0221351 0.184257
9.9982E-05 0.338669 0.132442 9.9982E-05 0.52869
0.467519 0.0586715 0.233864 0.0471537 0.192792
0.561305 0.0468998 0.196883 9.9991E-05 0.194812
0.61264 0.0587672 0.124838 0.0435953 0.160159
0.509298 0.0543421 0.234026 9.9991E-05 0.202234
0.517759 0.077059 0.14826 0.0648022 0.19212
0.547877 0.362966 0.0181015 0.0182839 0.0527717
0.585943 0.23024 0.0873881 0.0372861 0.0591432
0.0325873 0.854357 0.0106569 0.102299 9.9991E-05
0.100867 0.833781 9.9982E-05 0.065152 9.9982E-05
0.578989 0.264638 0.0171049 0.023847 0.115421
0.353439 0.164448 0.314464 0.000471914 0.167178
0.324457 0.186702 0.320319 9.9991E-05 0.168421
0.153604 0.322581 0.337562 9.9991E-05 0.186153
0.364696 0.198292 0.298736 9.9991E-05 0.138176
0.137592 0.667371 0.0862904 9.9991E-05 0.108646
0.18352 0.605319 0.0973947 0.00718275 0.106583
0.609905 0.282732 0.10045 0.00681249 9.9991E-05
0.427789 0.341378 0.156475 9.9991E-05 0.0742572
0.296839 0.564859 0.0823454 0.0218437 0.0341125
0.559732 0.182996 0.114149 0.0553371 0.0877855
0.580711 0.241521 0.144645 0.00403925 0.0290833
0.55509 0.204388 0.101765 0.0501777 0.088579
0.418579 0.523782 0.0368957 0.020643 9.9991E-05
0.47512 0.406072 0.0049203 0.0714787 0.0424094
0.619651 0.28155 0.0366278 0.0228937 0.0392767
0.50999 0.311962 0.0223139 0.0867174 0.0690167
0.560271 0.233235 0.0829506 0.0207125 0.102831
0.519127 0.440807 0.0140851 9.9991E-05 0.0258818
0.279227 0.678304 9.9991E-05 0.0416151 0.000754267
0.686405 0.236413 0.0286508 0.00845901 0.0400724
0.271928 0.623987 9.9982E-05 0.103885 9.9982E-05
0.532841 0.408986 0.0181081 0.00212572 0.0379399
0.560515 0.26096 0.0233188 0.0854527 0.0697531
0.565528 0.245787 0.0590117 0.0728386 0.056834
0.521522 0.10193 0.156653 0.0208261 0.19907
0.4154 0.192138 0.199116 0.0437401 0.149607
0.267763 0.176386 0.304545 9.9991E-05 0.251206
0.341898 0.166825 0.262053 0.023761 0.205463
0.480059 0.0669642 0.177751 0.0925973 0.182629
0.491679 0.195868 0.134416 0.0257543 0.152282
9.9982E-05 0.663996 0.165566 9.9982E-05 0.170237
0.542901 0.119681 0.227077 9.9991E-05 0.110242
9.9982E-05 0.507058 0.14106 9.9982E-05 0.351682
0.545703 0.196672 0.185134 9.9991E-05 0.07239
0.251907 0.747793 9.9973E-05 9.9973E-05 9.9973E-05
0.108914 0.8368 9.9982E-05 0.0540859 9.9982E-05
0.581384 0.35184 0.0232298 0.0434457 9.9991E-05
0.6479 0.275217 0.0613045 9.9991E-05 0.0154787
0.516608 0.441277 9.9982E-05 0.041915 9.9982E-05
0.659837 0.290122 0.0498418 9.9982E-05 9.9982E-05
0.660193 0.337794 0.00181304 9.9982E-05 9.9982E-05
0.0103071 0.0171377 0.00999075 0.107011 0.855554
0.0387246 0.0332853 0.0660796 0.0750602 0.78685
0.00338601 9.9991E-05 0.0227575 0.034026 0.939731
0.0373681 9.9973E-05 9.9973E-05 9.9973E-05 0.962332
0.637539 0.243775 0.028131 0.0265111 0.0640445
0.642515 0.129329 0.0181725 0.144217 0.0657659
0.693301 0.125085 9.9982E-05 0.181414 9.9982E-05
0.691153 0.0902527 9.9991E-05 0.0984114 0.120083
0.647796 0.122231 0.0529959 0.0750112 0.101966
0.478446 0.258814 9.9991E-05 0.252182 0.0104585
0.805568 0.124772 9.9991E-05 0.039618 0.029941
0.432643 0.507961 9.9982E-05 0.0591964 9.9982E-05
0.378168 9.9991E-05 0.206632 0.109532 0.305568
0.606478 0.352825 9.9982E-05 0.0404967 9.9982E-05
0.536823 0.211085 9.9982E-05 0.251892 9.9982E-05
0.675491 0.281414 0.00192959 0.041065 9.9991E-05
0.578915 0.178514 9.9982E-05 0.242371 9.9982E-05
0.757648 0.237694 0.00445828 9.9982E-05 9.9982E-05
0.679465 0.125439 9.9991E-05 0.108028 0.086968
0.247496 0.752204 9.9973E-05 9.9973E-05 9.9973E-05
0.484428 0.459815 9.9982E-05 0.0555565 9.9982E-05
0.51823 0.457024 9.9982E-05 0.0245465 9.9982E-05
0.0998569 0.899843 9.9973E-05 9.9973E-05 9.9973E-05
0.572143 0.182336 9.9991E-05 0.213724 0.0316976
0.235823 0.715726 9.9982E-05 0.0482513 9.9982E-05
0.0743593 0.866308 9.9982E-05 0.0591323 9.9982E-05
0.691591 0.212519 0.0357494 0.048543 0.011598
0.375369 0.305954 9.9982E-05 0.318478 9.9982E-05
0.606441 0.199581 9.9982E-05 0.193778 9.9982E-05
0.672013 0.136861 0.0274017 0.0222416 0.141483
0.663744 0.139895 0.00136759 0.165325 0.0296681
0.405714 0.277605 0.0425724 0.274009 9.9991E-05
0.672683 0.136938 9.9991E-05 0.146556 0.0437227
0.645702 0.153686 9.9991E-05 0.162422 0.0380901
0.468528 0.457064 9.9982E-05 0.0742077 9.9982E-05
0.60528 0.149833 0.0743385 0.0878931 0.082655
9.9982E-05 0.0474203 9.9982E-05 0.264207 0.688173
9.9982E-05 0.0369081 9.9982E-05 0.178973 0.783919
9.9982E-05 0.00461578 9.9982E-05 0.13057 0.864614
9.9973E-05 9.9973E-05 9.9973E-05 0.164632 0.835068
0.03008 0.0129512 9.9991E-05 0.205851 0.751018
0.352801 0.271978 9.9991E-05 0.356337 0.0187837
0.337351 0.329885 9.9982E-05 0.332564 9.9982E-05
0.420756 0.578944 9.9973E-05 9.9973E-05 9.9973E-05
0.625128 0.148909 0.0740789 0.0677458 0.0841375
0.690685 0.144505 0.0312391 0.0203618 0.11321
0.464162 0.510811 0.00189194 0.0230354 9.9991E-05
0.69255 0.151912 0.0828622 0.0725764 9.9991E-05
0.535777 0.350993 0.0282919 0.02869 0.0562489
0.652537 0.185923 9.9991E-05 0.124236 0.0372039
0.704877 0.112624 0.0391806 0.0751995 0.0681193
0.406936 0.297264 9.9982E-05 0.2956 9.9982E-05
0.488739 0.22131 9.9982E-05 0.28975 9.9982E-05
0.520214 0.232896 9.9982E-05 0.24669 9.9982E-05
0.657596 0.114707 0.0178695 0.0498723 0.159955
0.558795 0.197079 9.9991E-05 0.237438 0.0065879
0.553934 0.187097 9.9991E-05 0.250223 0.00864658
0.454276 0.0660816 0.372843 9.9991E-05 0.106699
0.365071 0.0260196 0.434245 0.0350608 0.139603
0.431826 0.00795303 0.447509 0.00615087 0.106562
0.267643 0.0597944 0.510177 9.9991E-05 0.162285
0.488289 0.0637762 0.287578 9.9991E-05 0.160257
0.610856 0.284824 0.0109455 9.9991E-05 0.0932752
9.9982E-05 0.0847567 0.660881 9.9982E-05 0.254162
0.268656 0.0105869 0.547063 0.0297773 0.143916
0.377096 0.234746 0.154142 9.9991E-05 0.233917
0.583891 0.158545 9.9991E-05 0.0547121 0.202752
0.500949 0.178813 0.0295309 0.0938252 0.196882
0.650387 0.14847 0.0312545 0.00765679 0.162232
0.614474 0.0799816 0.0751093 0.0515432 0.178892
0.340355 9.9991E-05 0.471739 0.00347414 0.184332
0.391458 0.0324259 0.380882 0.0160878 0.179147
0.414834 9.9982E-05 0.498906 9.9982E-05 0.0860605
0.434367 0.0119523 0.327482 0.0923861 0.133812
0.221652 0.0551067 0.510145 0.0526571 0.160439
0.413879 0.0484731 0.352856 0.056175 0.128617
0.218907 0.0652912 0.552033 0.0217145 0.142054
0.421361 0.0338924 0.312261 0.0722624 0.160222
0.533357 0.285821 0.00395572 9.9991E-05 0.176766
0.408226 0.0217105 0.364597 0.036225 0.169242
0.149711 0.0481144 0.589252 9.9991E-05 0.212823
0.41335 0.0241921 0.386866 0.0732267 0.102365
0.348712 0.299401 9.9991E-05 0.139271 0.212516
0.6329 0.240204 0.038155 9.9991E-05 0.0886414
0.393847 0.027582 0.353202 0.0586458 0.166723
0.591826 0.121043 9.9991E-05 0.111745 0.175286
0.531181 0.216469 9.9991E-05 0.0588258 0.193424
0.349667 0.209435 0.239021 9.9991E-05 0.201777
0.361443 0.115029 0.29107 9.9991E-05 0.232358
0.592902 0.130323 0.0991107 0.0642159 0.113449
0.457905 0.0302304 0.301104 0.044525 0.166236
0.437083 9.9991E-05 0.426902 0.00408229 0.131833
0.0754228 0.0462961 0.685592 9.9991E-05 0.192589
0.587307 0.085514 0.107094 0.0936982 0.126386
0.500444 0.256216 9.9991E-05 0.0498851 0.193355
0.138062 0.662527 0.042012 9.9991E-05 0.157299
0.658847 0.113982 0.0429768 9.9991E-05 0.184094
0.423128 0.253078 0.0515857 0.137106 0.135102
0.499111 0.132508 0.176421 9.9991E-05 0.19186
0.547926 0.148234 0.0944037 0.0266321 0.182804
9.9982E-05 0.453997 0.119988 9.9982E-05 0.425815
9.9982E-05 0.54274 0.102661 9.9982E-05 0.354399
0.316303 0.347665 0.102554 9.9991E-05 0.233378
9.9982E-05 0.435037 0.209115 9.9982E-05 0.355648
9.9982E-05 0.308592 0.206646 9.9982E-05 0.484562
0.363836 0.307905 0.129989 9.9991E-05 0.198169
0.31909 0.196906 0.185306 0.0618928 0.236806
0.109577 0.382521 0.187873 9.9991E-05 0.319929
0.0329713 0.482433 0.173521 9.9991E-05 0.310975
0.482542 0.145338 0.165517 9.9991E-05 0.206504
0.120085 0.445766 0.188585 9.9991E-05 0.245464
9.9982E-05 0.51833 0.0850413 9.9982E-05 0.396429
0.519639 0.0804444 0.157979 0.101501 0.140437
0.318486 0.245279 0.193236 9.9991E-05 0.242899
0.432718 0.033964 0.161894 0.0195539 0.351869
0.59604 9.9982E-05 0.218346 9.9982E-05 0.185414
0.500278 0.076476 0.245195 9.9991E-05 0.177951
0.515175 0.0641666 0.230343 9.9991E-05 0.190215
0.302772 9.9991E-05 0.229991 0.0943096 0.372827
0.486391 0.0204571 0.203961 0.0429231 0.246268
0.463755 0.0286738 0.219038 0.0185516 0.269982
0.289286 0.191854 0.252783 9.9991E-05 0.265977
0.36439 0.145991 0.130859 0.155359 0.203401
0.494604 0.0934878 0.178218 0.0568729 0.176817
0.517575 0.110708 0.19834 0.0463152 0.127061
0.590034 0.0698228 0.135675 0.0685997 0.135869
0.458539 0.0268526 0.200987 0.0179702 0.295652
0.491333 0.0386176 0.188086 0.0504193 0.231544
0.0134119 0.261454 0.339156 9.9991E-05 0.385878
0.5563 0.0451038 0.184119 0.00981865 0.204659
0.153754 0.201374 0.3284 9.9991E-05 0.316372
9.9973E-05 9.9973E-05 9.9973E-05 0.181562 0.818138
0.124132 9.9991E-05 0.0264479 0.801115 0.0482045
9.997E-05 9.997E-05 9.997E-05 0.9996 9.997E-05
9.997E-05 9.997E-05 9.997E-05 0.9996 9.997E-05
0.0190092 9.9982E-05 0.0146099 0.966181 9.9982E-05
9.9973E-05 9.9973E-05 0.0324234 0.967277 9.9973E-05
0.0475557 9.9973E-05 9.9973E-05 0.952144 9.9973E-05
9.997E-05 9.997E-05 9.997E-05 0.9996 9.997E-05
9.9973E-05 9.9973E-05 9.9973E-05 0.866667 0.133033
0.0123948 0.0177352 9.9991E-05 0.0503707 0.919399
0.0601845 9.9982E-05 9.9982E-05 0.133219 0.806396
0.0518386 0.013229 9.9991E-05 0.0384395 0.896393
0.0348244 9.9982E-05 9.9982E-05 0.0790296 0.885946
0.0424374 9.9982E-05 9.9982E-05 0.0604367 0.896926
0.0510705 9.9982E-05 9.9982E-05 0.0398316 0.908898
0.139728 0.00789518 0.0740965 0.00841615 0.769864
0.0747754 9.9982E-05 0.0158897 9.9982E-05 0.909135
0.0886116 0.0326805 0.0816104 0.080421 0.716677
0.0185023 9.9982E-05 0.0416615 9.9982E-05 0.939636
9.9973E-05 9.9973E-05 9.9973E-05 0.00729318 0.992407
0.0634284 9.9991E-05 0.0141998 0.0333769 0.888895
9.997E-05 9.997E-05 9.997E-05 9.997E-05 0.9996
0.0236374 0.00615269 9.9982E-05 9.9982E-05 0.97001
0.0866698 9.9982E-05 0.00273008 9.9982E-05 0.9104
0.0559405 9.9982E-05 0.00882455 9.9982E-05 0.935035
0.0690103 9.9982E-05 0.0565 9.9982E-05 0.87429
0.117341 9.9982E-05 0.0253859 9.9982E-05 0.857073
0.0899431 9.9982E-05 0.0842249 9.9982E-05 0.825632
0.455908 0.273254 9.9991E-05 0.109998 0.160739
0.745243 0.123005 9.9991E-05 0.00614477 0.125508
0.634206 0.117462 0.0356839 0.0506979 0.161951
0.106971 0.724634 0.0479605 9.9991E-05 0.120334
0.508744 0.198862 0.0185654 0.133921 0.139908
0.0901957 0.713556 0.0303993 9.9991E-05 0.165749
0.629459 0.187769 0.0903455 9.9991E-05 0.0923264
0.463186 0.215874 9.9991E-05 0.147131 0.173709
0.56237 0.184199 9.9991E-05 0.0507762 0.202555
0.632909 0.222981 9.9991E-05 0.101074 0.0429367
0.483284 0.218324 9.9991E-05 0.111965 0.186327
0.6728 0.187603 0.0243674 9.9991E-05 0.11513
0.570509 0.17627 9.9991E-05 0.10152 0.151601
0.0418274 0.396467 0.0971129 0.464493 9.9991E-05
0.0179527 0.811742 9.9991E-05 0.00656217 0.163643
0.167618 0.649195 0.0122346 9.9991E-05 0.170852
0.656578 0.134112 0.0087583 0.0374404 0.163111
0.515079 0.332466 0.0325254 9.9991E-05 0.11983
0.625137 0.248531 0.00614254 9.9991E-05 0.12009
0.657222 0.152007 0.0594802 0.0302012 0.101089
0.472838 0.0560497 0.183524 0.0519419 0.235646
0.553785 0.0455584 0.166299 0.014493 0.219865
0.170654 0.100842 0.137215 0.18901 0.402279
0.630809 0.0271055 0.0518867 0.128969 0.161229
0.451859 0.0258713 0.121646 0.1661 0.234523
9.9982E-05 0.409324 0.166118 9.9982E-05 0.424358
0.290575 0.211209 0.225092 9.9991E-05 0.273025
0.298065 0.0762854 0.201117 0.0771318 0.347401
0.380266 0.0197242 0.129199 0.150683 0.320128
0.582672 0.0688287 0.148959 0.0450565 0.154485
0.52373 0.0581386 0.133124 0.0997709 0.185237
0.607707 0.0327504 0.156989 0.00457638 0.197977
0.378742 0.182927 0.20627 0.055983 0.176078
0.207458 0.0649049 0.134175 0.0816661 0.511796
