9.9991E-05 0.0398282 0.011364 0.0033168 0.945391
9.9991E-05 0.00621662 0.0108605 0.00689208 0.975931
0.0349848 0.00186948 0.00390449 0.0516849 0.907556
9.9982E-05 9.9982E-05 0.0419875 0.118888 0.838924
9.9973E-05 9.9973E-05 9.9973E-05 0.0767969 0.922903
0.126185 0.011991 0.0497512 0.104582 0.70749
0.120559 9.9991E-05 0.0154661 0.0185984 0.845277
0.115836 0.0123837 0.0811387 0.0276455 0.762996
0.00442369 9.9982E-05 0.163694 9.9982E-05 0.831682
0.100341 0.0176654 0.049714 0.0413754 0.790904
0.0529566 9.9991E-05 0.0707494 0.0924607 0.783733
0.103019 0.0282261 0.519391 0.308767 0.0405971
9.9991E-05 0.0595837 0.29297 0.606785 0.0405616
0.11445 0.110061 0.465489 0.301629 0.00837187
0.0427619 0.162711 0.503952 0.276948 0.0136279
0.0214914 0.151778 0.284351 0.441951 0.100428
0.0752471 0.0977536 0.189557 0.575916 0.0615257
0.088027 0.0855607 0.266373 0.539232 0.0208074
0.0449896 0.0963863 0.463507 0.313697 0.0814202
0.137816 9.9991E-05 0.734398 0.0935279 0.034158
0.0914039 0.0819188 0.331546 0.489753 0.00537853
0.287639 0.0930621 0.13764 0.454511 0.027148
0.0401112 0.0215066 0.28534 0.596698 0.0563451
0.123666 0.0876666 0.43711 0.28134 0.0702179
0.0573395 0.0972317 0.0556701 0.658436 0.131323
0.0134555 0.0562213 0.284417 0.5845 0.0614057
0.0894926 0.0307747 0.529327 0.29958 0.0508255
0.0343061 0.0991784 0.492089 0.3321 0.0423267
0.173506 9.9991E-05 0.523429 0.302488 0.000477881
9.9982E-05 0.00634634 9.9982E-05 0.0967023 0.896751
9.9973E-05 9.9973E-05 9.9973E-05 0.113738 0.885962
9.9982E-05 0.0715571 9.9982E-05 0.0868237 0.841419
9.9982E-05 0.0816613 9.9982E-05 0.155862 0.762277
0.164199 0.00252673 0.110908 0.6274 0.0949658
0.141265 0.0384864 0.102437 0.629264 0.0885474
0.258732 9.9991E-05 0.0138141 0.6892 0.0381533
0.0338688 9.9991E-05 0.681702 0.25974 0.0245897
0.552332 9.9982E-05 0.0162029 0.431265 9.9982E-05
0.0882421 0.0298714 0.157717 0.627676 0.0964929
0.100205 0.0634955 9.99977E-05 0.795018 0.0411817
0.14176 9.9991E-05 0.0473961 0.63549 0.175254
0.047849 0.0270293 0.110111 0.676886 0.138125
0.322628 9.9982E-05 0.316342 0.36083 9.9982E-05
0.164797 0.0676244 9.9991E-05 0.666534 0.100945
0.119359 0.0257661 0.0587274 0.710776 0.0853713
0.10075 0.0779821 0.0442071 0.660311 0.11675
0.458399 9.9973E-05 9.9973E-05 0.541301 9.9973E-05
0.0658271 0.00677412 0.0769717 0.730963 0.119464
0.0916711 0.0517174 0.0701974 0.651275 0.135139
0.873038 9.9982E-05 0.117658 9.9982E-05 0.00910399
0.154493 9.9982E-05 0.621509 0.223797 9.9982E-05
0.45056 0.0696415 0.260754 0.201628 0.0174162
0.0809083 0.162095 0.173614 0.552732 0.0306504
0.125772 0.117903 0.11016 0.570522 0.0756427
0.103639 0.101296 0.122267 0.607118 0.0656794
0.0679386 0.0106175 0.573654 0.231769 0.116021
0.0353952 0.0275858 0.314628 0.613215 0.00917609
0.0252329 0.0486345 0.1764 0.672412 0.0773204
0.0941813 0.0912668 0.301068 0.425291 0.0881937
0.152339 9.9991E-05 0.477472 0.199402 0.170688
0.110938 0.0537689 0.176054 0.593308 0.065931
0.083031 0.035018 0.226758 0.55085 0.104343
0.199982 9.9991E-05 0.580678 0.154478 0.0647614
0.0565328 0.039358 0.406758 0.494345 0.00300602
0.144657 0.0767822 0.106603 0.600045 0.0719126
0.0785162 0.0173672 0.118426 0.65057 0.135121
0.121232 0.040328 0.39518 0.360355 0.0829044
0.0949939 0.085494 0.231664 0.533226 0.0546222
0.0532702 0.0746036 0.229821 0.588368 0.0539379
0.14247 9.9991E-05 0.506888 0.312267 0.0382754
0.191141 9.9991E-05 0.109204 0.682133 0.017421
0.301438 9.9982E-05 0.279186 0.419176 9.9982E-05
0.12651 0.0611517 0.136575 0.578352 0.0974107
0.735696 9.9982E-05 0.0432365 0.220867 9.9982E-05
0.734849 9.9982E-05 0.0658096 0.199141 9.9982E-05
0.537211 9.9982E-05 0.0229006 0.439689 9.9982E-05
0.201873 9.9982E-05 0.16301 0.634917 9.9982E-05
0.124884 0.0916879 0.0915926 0.602369 0.0894667
0.278308 0.0065425 0.0391052 0.675944 9.9991E-05
0.307345 9.9982E-05 0.324332 0.368123 9.9982E-05
0.285678 9.9982E-05 0.243159 0.470963 9.9982E-05
0.108207 0.0464175 0.074855 0.656665 0.113855
0.243294 9.9982E-05 0.215032 0.541474 9.9982E-05
0.152962 9.9982E-05 0.209457 0.637382 9.9982E-05
0.352201 9.9982E-05 0.0198495 0.627749 9.9982E-05
0.825729 9.9982E-05 0.0969938 0.0770775 9.9982E-05
0.183648 0.0320115 0.0113302 0.724781 0.0482295
9.9982E-05 9.9982E-05 0.0985529 0.0618689 0.839378
9.9973E-05 9.9973E-05 9.9973E-05 0.0557527 0.943947
9.9982E-05 0.0215327 9.9982E-05 0.105281 0.872986
9.9982E-05 0.0411559 9.9982E-05 0.0115147 0.947129
9.9982E-05 0.0313174 0.00558716 9.9982E-05 0.962896
9.9982E-05 0.0244673 9.9982E-05 0.0942896 0.881043
9.9973E-05 9.9973E-05 9.9973E-05 0.0698085 0.929892
0.0790675 0.0993616 0.149948 0.59268 0.0789434
0.0881616 0.110338 0.0875485 0.617589 0.0963633
0.39872 9.9982E-05 0.358503 0.242578 9.9982E-05
0.0940365 0.0730268 0.124222 0.645191 0.0635239
0.243556 9.9982E-05 0.188914 0.56733 9.9982E-05
0.166408 0.0103432 0.111792 0.654261 0.0571957
0.241613 9.9991E-05 0.0117057 0.695148 0.051434
0.249933 0.0616022 0.0366577 0.637343 0.0144636
0.362283 9.9982E-05 0.427229 0.210288 9.9982E-05
0.14039 0.0628894 0.111859 0.560374 0.124488
0.0513123 0.0646852 0.0668048 0.727665 0.0895323
0.108551 0.0702203 0.0943425 0.599262 0.127624
0.507303 0.0113367 0.0504863 0.430774 9.9991E-05
0.304604 9.9991E-05 0.0122933 0.644325 0.0386777
0.158507 9.9991E-05 0.186093 0.640467 0.0148323
0.409244 9.9982E-05 0.0327801 0.557776 9.9982E-05
0.142427 9.9991E-05 0.206961 0.617377 0.0331356
0.119677 0.0133599 0.135318 0.596983 0.134662
0.269741 0.106549 0.339287 0.283672 0.000750514
0.0881008 9.9991E-05 0.339693 0.486005 0.0861015
0.0610329 0.048135 0.199599 0.579439 0.111794
0.0871746 0.0402543 0.10189 0.658189 0.112492
0.0190325 0.0358187 0.407185 0.53095 0.00701402
9.9991E-05 0.0886953 0.252786 0.630965 0.0274537
9.9991E-05 0.0219184 0.420258 0.496641 0.0610829
0.157285 0.0814979 0.152606 0.552003 0.056608
9.9991E-05 0.081932 0.192671 0.653683 0.0716135
0.0332281 0.00839552 0.236902 0.627302 0.094172
0.0214915 9.9991E-05 0.265973 0.634588 0.0778477
0.105977 0.101408 0.140879 0.622544 0.0291921
0.103346 0.0914855 0.12597 0.591258 0.0879408
0.105887 0.108565 0.181998 0.60345 9.9991E-05
0.0826978 0.0647687 0.149321 0.61414 0.0890732
0.0824169 0.11879 0.190308 0.60649 0.00199485
0.248714 0.104579 0.252584 0.324182 0.0699407
0.0400447 0.0923083 0.147866 0.642669 0.0771119
0.0525485 0.105881 0.13632 0.685473 0.0197766
0.081169 0.0534367 0.625628 0.236045 0.00372163
0.462158 0.0885243 0.309493 0.139725 9.9991E-05
0.118186 0.0650562 0.224421 0.547676 0.0446609
0.523645 0.019029 0.320706 0.13652 9.9991E-05
0.0386898 0.0315346 0.530949 0.398727 9.9991E-05
0.0626764 9.9982E-05 0.430036 0.507088 9.9982E-05
0.0512404 0.00578757 0.486599 0.450183 0.00618995
0.0566585 9.9982E-05 0.544293 0.398849 9.9982E-05
0.0778241 0.0244119 0.184493 0.612787 0.100484
0.0898928 0.0521007 0.135663 0.608503 0.11384
0.0373332 0.0619557 0.269344 0.627014 0.00435379
0.353005 0.0699522 0.414571 0.162372 9.9991E-05
0.0704478 0.0366127 0.11351 0.57755 0.20188
0.248235 0.0559063 0.00305216 0.543401 0.149405
0.732372 9.9982E-05 0.0857574 9.9982E-05 0.181671
0.0852821 0.0804328 0.0656013 0.663273 0.10541
0.42115 0.0254675 0.0708085 0.358695 0.123879
0.194664 0.0637098 0.0142425 0.55913 0.168253
0.481223 0.0187757 0.097338 0.281547 0.121117
0.639346 9.9991E-05 0.130281 0.115845 0.114429
0.347589 0.0588366 0.0845267 0.421303 0.0877451
0.114698 0.112433 0.0867933 0.516844 0.169231
0.141955 0.0709341 0.136053 0.469741 0.181318
0.59044 0.0851817 0.081492 0.167215 0.0756713
0.108952 0.103282 0.0812635 0.579968 0.126534
0.497761 9.9982E-05 0.104572 0.397467 9.9982E-05
0.356376 0.0128976 0.0933477 0.52591 0.011468
0.161609 0.0712623 0.0551368 0.588609 0.123382
0.209558 0.266315 9.9991E-05 0.125379 0.398648
0.320212 0.148165 9.9982E-05 9.9982E-05 0.531423
0.355231 0.132066 9.9982E-05 9.9982E-05 0.512504
0.240484 0.293248 0.0272563 0.0697272 0.369285
0.24869 9.9982E-05 9.9982E-05 0.70719 0.04392
0.149018 0.0879541 0.081564 0.593072 0.0883924
9.9973E-05 0.699158 9.9973E-05 0.300542 9.9973E-05
9.9982E-05 0.460218 0.13391 0.405672 9.9982E-05
0.0377421 0.432384 0.0981401 0.397953 0.0337811
0.557159 0.055818 0.0590868 0.299407 0.028529
0.191246 0.0494216 0.0690948 0.568516 0.121722
0.607203 9.9991E-05 0.0784356 0.308953 0.00530852
0.233575 0.021929 0.00195583 0.630725 0.111814
0.351459 0.0369764 9.9991E-05 0.5396 0.0718645
0.308955 0.0586839 9.9991E-05 0.59676 0.0355011
0.672455 0.011933 0.00789968 0.259859 0.0478531
0.174765 0.0294181 9.9991E-05 0.694706 0.101011
0.165662 0.0519596 9.9991E-05 0.6334 0.148878
9.9973E-05 0.980825 9.9973E-05 0.0188755 9.9973E-05
9.9982E-05 0.916887 0.0122936 0.0706198 9.9982E-05
0.00397786 0.550014 0.0637623 0.306046 0.0762
9.9973E-05 0.64864 9.9973E-05 0.35106 9.9973E-05
9.9982E-05 0.840054 0.0393752 0.120371 9.9982E-05
9.997E-05 0.9996 9.997E-05 9.997E-05 9.997E-05
9.9973E-05 0.979704 0.0199965 9.9973E-05 9.9973E-05
9.9973E-05 0.849846 9.9973E-05 0.149854 9.9973E-05
9.9973E-05 0.946898 0.0528019 9.9973E-05 9.9973E-05
9.997E-05 0.9996 9.997E-05 9.997E-05 9.997E-05
9.997E-05 0.9996 9.997E-05 9.997E-05 9.997E-05
9.9991E-05 0.764905 0.0290241 0.193763 0.0122078
9.9991E-05 0.797245 0.0730162 0.0991453 0.0304935
9.997E-05 0.9996 9.997E-05 9.997E-05 9.997E-05
0.0604154 0.425862 0.0607392 0.361277 0.0917065
9.9991E-05 0.628342 0.00764729 0.290214 0.0736966
9.9991E-05 0.808687 0.000534965 0.148544 0.0421344
9.9973E-05 0.906196 9.9973E-05 0.0935037 9.9973E-05
9.997E-05 0.9996 9.997E-05 9.997E-05 9.997E-05
9.9982E-05 0.970497 9.9982E-05 0.0255185 0.0037841
9.997E-05 0.9996 9.997E-05 9.997E-05 9.997E-05
9.9991E-05 0.65868 0.0663641 0.237449 0.0374062
9.9982E-05 0.967404 0.0273386 0.00505777 9.9982E-05
0.5793 0.0666573 9.9982E-05 9.9982E-05 0.353843
0.235391 0.139064 0.0511923 0.342883 0.231469
0.227012 0.0761108 9.9991E-05 0.478652 0.218125
0.420061 0.141489 9.9991E-05 0.191931 0.246419
0.14883 0.178681 0.0905462 0.439529 0.142414
0.472458 0.144429 9.9991E-05 0.090905 0.292108
0.176768 0.125011 0.0709206 0.456775 0.170527
0.276307 0.134453 9.9991E-05 0.336146 0.252994
0.194292 0.155124 9.9991E-05 0.448483 0.202002
0.23406 0.159248 9.9991E-05 0.390823 0.215769
0.154225 0.127015 0.0355437 0.428829 0.254387
0.00482669 9.9991E-05 0.0339599 0.0553834 0.90573
0.01879 0.0638975 0.00208259 0.00848934 0.906741
9.9982E-05 9.9982E-05 0.042314 0.00666581 0.95082
0.00417539 9.9973E-05 9.9973E-05 9.9973E-05 0.995525
9.9982E-05 9.9982E-05 0.0271425 0.0532955 0.919362
9.9982E-05 0.00706255 0.00236786 9.9982E-05 0.99037
9.9982E-05 9.9982E-05 0.0105356 0.0426133 0.946651
9.9982E-05 9.9982E-05 0.0458108 0.00497663 0.949013
0.0310928 0.0113663 0.00438396 0.0342978 0.918859
0.0234612 0.017629 0.0298411 9.9991E-05 0.928969
0.0654851 9.9982E-05 0.338449 9.9982E-05 0.595866
0.0205437 9.9982E-05 0.361752 9.9982E-05 0.617505
0.107593 9.9982E-05 0.351677 9.9982E-05 0.540531
0.101247 9.9982E-05 0.437636 9.9982E-05 0.460917
0.072411 9.9991E-05 0.28673 0.55217 0.0885888
0.14872 0.0364216 0.221763 0.580675 0.0124205
0.0770095 0.0446041 0.25971 0.599828 0.0188489
0.131101 9.9991E-05 0.34181 0.504152 0.0228374
0.0899105 0.0118884 0.633623 0.264478 9.9991E-05
0.101812 0.027972 0.0756654 0.725189 0.0693624
0.114878 9.9982E-05 0.139182 0.74574 9.9982E-05
0.284802 0.00367583 0.0376517 0.640636 0.0332345
0.413372 9.9973E-05 9.9973E-05 0.586328 9.9973E-05
0.183932 0.0808462 0.0383596 0.636247 0.0606159
0.209567 9.9982E-05 0.179261 0.610972 9.9982E-05
0.751517 9.9982E-05 0.106162 0.142121 9.9982E-05
0.0926757 0.0542051 0.168532 0.625294 0.0592933
0.638921 9.9982E-05 0.00106934 0.35981 9.9982E-05
0.205328 9.9991E-05 0.0616318 0.669228 0.0637116
0.333565 9.9982E-05 0.331722 0.334513 9.9982E-05
0.0294613 9.9991E-05 0.805044 0.0166515 0.148743
0.0189864 9.9991E-05 0.767908 0.0747242 0.138281
0.0691686 9.9991E-05 0.798321 0.0386196 0.0937907
0.0494652 9.9982E-05 0.82302 9.9982E-05 0.127315
0.0370199 9.9991E-05 0.740532 0.159116 0.0632318
9.9991E-05 0.0377268 0.798642 0.0876739 0.0758576
9.9991E-05 0.0477881 0.0367089 0.0430362 0.872367
9.9991E-05 0.00206476 0.0199001 0.12845 0.849486
0.00214936 0.0466104 0.00427038 0.145186 0.801784
9.9991E-05 0.0586872 0.0473546 0.0343287 0.85953
9.9991E-05 0.067178 0.0291839 0.124891 0.778647
0.0457657 9.9982E-05 0.556287 9.9982E-05 0.397748
0.00312878 0.00509076 0.537946 9.9991E-05 0.453734
9.9991E-05 0.0291221 0.535086 0.0116314 0.42406
9.9982E-05 9.9982E-05 0.00828915 0.119089 0.872422
0.054062 9.9982E-05 0.537258 9.9982E-05 0.40848
0.0883169 0.317967 9.9991E-05 0.27744 0.316176
9.9991E-05 0.234599 0.0212715 0.556608 0.187421
9.9982E-05 0.254816 9.9982E-05 0.543887 0.201097
0.0991192 0.290162 9.9991E-05 0.321614 0.289006
0.0660966 0.187828 0.0123617 0.541109 0.192604
0.213293 0.315361 9.9982E-05 9.9982E-05 0.471146
0.041383 9.9991E-05 0.402529 0.547111 0.00887616
0.294572 0.0546994 0.202275 0.448353 9.9991E-05
0.0595584 9.9991E-05 0.575064 0.350125 0.0151528
0.227289 0.0431027 0.171754 0.557755 9.9991E-05
0.660328 9.9973E-05 0.339372 9.9973E-05 9.9973E-05
0.120564 0.0980346 0.0992565 0.56989 0.112254
0.182392 0.0649917 0.13175 0.574584 0.0462829
0.0823922 9.9991E-05 0.478184 0.409143 0.0301804
0.109098 0.0751258 0.176373 0.565471 0.0739322
0.481042 9.9982E-05 0.294698 0.22406 9.9982E-05
0.183778 0.0647247 0.172248 0.557727 0.021523
0.0465768 9.9991E-05 0.384056 0.563835 0.00543285
0.152968 0.16844 0.102386 0.44019 0.136015
0.3244 0.0573925 0.255169 0.362938 9.9991E-05
0.241001 0.0657102 0.210033 0.483156 9.9991E-05
0.112803 0.0692785 0.204502 0.593118 0.0202988
0.198878 0.0282501 0.138061 0.610176 0.0246353
0.0942079 0.0481191 0.0680894 0.715768 0.0738153
0.110714 0.0905275 0.153096 0.56066 0.0850032
0.0864815 0.0359862 0.219774 0.593519 0.0642393
9.9982E-05 0.0407727 9.9982E-05 0.107325 0.851702
9.9973E-05 9.9973E-05 9.9973E-05 0.115907 0.883793
9.9982E-05 9.9982E-05 0.0210849 0.0570565 0.921659
9.9991E-05 0.050912 0.0369913 0.0138714 0.898125
9.9973E-05 9.9973E-05 9.9973E-05 0.0861185 0.913582
0.131556 0.0665881 0.64135 0.156058 0.00444832
0.175632 0.0801438 0.138472 0.583054 0.0226982
0.124641 0.264403 0.00279397 0.371912 0.23625
9.9991E-05 0.0938939 0.238013 0.657873 0.0101204
0.0193904 0.0319345 0.356519 0.578786 0.0133698
0.341386 0.0539418 0.318687 0.285885 9.9991E-05
0.0748878 0.0301265 0.815254 0.0342262 0.0455053
0.00477415 0.0149487 0.372326 0.534001 0.0739495
0.0258288 0.0483494 0.62146 0.270227 0.0341351
0.196266 0.0378152 0.189528 0.536099 0.0402916
0.0647754 0.0318385 0.683689 0.175135 0.0445623
9.9991E-05 0.116978 0.246682 0.566784 0.0694564
0.119419 0.0195288 0.607351 0.207395 0.0463064
0.29189 0.123792 0.294692 0.289526 9.9991E-05
0.174454 0.0680079 0.0961707 0.532796 0.128571
0.532263 9.9991E-05 0.0583916 0.377856 0.0313901
0.296332 0.0345735 0.00558146 0.569302 0.0942105
0.184134 0.0749948 0.0811344 0.553483 0.106254
0.595494 9.9991E-05 0.0459549 0.302919 0.0555318
0.171855 0.00977263 0.0846787 0.589092 0.144602
0.272764 9.9991E-05 0.0564049 0.573674 0.097058
0.756324 9.9991E-05 0.0197019 0.215372 0.00850227
0.685976 9.9991E-05 0.00433756 0.258419 0.0511674
0.328343 9.9991E-05 0.0741666 0.521483 0.0759078
0.740688 9.9991E-05 0.0735373 0.155203 0.0304712
0.357939 9.9991E-05 0.0983375 0.511448 0.0321759
0.0183422 0.0164601 0.757062 0.208036 9.9991E-05
0.330745 0.0982312 0.34681 0.224114 9.9991E-05
9.9991E-05 0.0811279 0.502197 0.393448 0.0231268
0.0202555 0.0972056 0.266468 0.591378 0.0246924
0.0441591 0.044876 0.646767 0.264098 9.9991E-05
0.0814894 0.096663 0.221954 0.561393 0.0385008
0.0325943 0.0441038 0.247025 0.608215 0.0680625
0.111265 0.0947455 0.228852 0.539382 0.0257549
0.0279546 0.118555 0.321015 0.525181 0.00729458
9.9982E-05 0.0657019 0.440306 0.493792 9.9982E-05
0.029113 0.0613625 0.60095 0.308474 9.9991E-05
0.00505181 0.0377564 0.456257 0.500835 9.9991E-05
0.0936759 0.0609569 0.192117 0.644972 0.00827797
0.0973133 0.0724051 0.117275 0.643767 0.0692391
0.203691 0.125371 0.286299 0.343614 0.0410254
0.137972 0.144991 0.235717 0.481219 9.9991E-05
0.0448614 0.0812853 0.483393 0.39036 9.9991E-05
0.0347903 0.074199 0.296404 0.594507 9.9991E-05
0.0477036 0.112721 0.348618 0.481935 0.00902177
0.0473843 0.104033 0.20576 0.565666 0.0771568
9.9991E-05 0.157322 0.0551258 0.431314 0.356139
0.0715102 0.194475 0.0278352 0.543212 0.162968
0.11948 0.152248 0.0615306 0.491424 0.175318
0.100576 0.200141 0.0806058 0.515498 0.10318
0.117098 0.239165 0.00217502 0.46627 0.175293
0.260957 0.0315502 0.152883 0.55451 9.9991E-05
0.0799215 0.180401 0.0589247 0.520167 0.160586
0.427771 0.221418 0.0789662 0.0242784 0.247567
0.0710516 0.159232 0.0595888 0.579523 0.130605
0.054835 0.184739 0.0989171 0.535198 0.126311
0.097471 0.205498 0.0566943 0.538431 0.101906
0.29501 0.13476 0.0329684 0.31076 0.226501
0.0325782 0.186183 0.0666281 0.527977 0.186634
0.118074 0.235586 0.00152838 0.492628 0.152183
0.348982 0.117986 9.9982E-05 9.9982E-05 0.532831
0.0533234 0.209363 0.0804549 0.484298 0.172561
0.0445582 0.259988 9.9991E-05 0.490676 0.204677
0.0865185 0.0859143 0.0285992 0.669935 0.129033
0.047584 0.260253 9.9991E-05 0.499349 0.192715
9.9991E-05 0.15396 0.0871666 0.550855 0.207919
0.371703 0.0169879 0.0214332 0.53709 0.0527864
0.208063 0.0856746 0.0656064 0.542724 0.0979319
0.852747 0.00258979 0.0889604 0.0556031 9.9991E-05
0.82776 9.9991E-05 0.0733283 0.0966869 0.00212484
0.295862 0.0565984 9.9991E-05 0.526572 0.120868
0.137155 0.32864 9.9991E-05 0.358089 0.176016
0.160611 0.331887 9.9991E-05 0.328905 0.178497
0.294674 0.356483 9.9991E-05 0.158897 0.189846
0.175664 0.319035 9.9991E-05 0.341442 0.163758
0.674719 0.0985166 9.9991E-05 0.113877 0.112788
0.632622 0.0851088 9.9991E-05 0.182301 0.099868
0.26649 0.128762 9.9991E-05 0.59353 0.0111174
0.340786 0.158707 9.9991E-05 0.437424 0.0629833
0.551491 0.0766246 0.0366034 0.302343 0.0329383
0.219697 0.145616 0.0726209 0.519342 0.042724
0.219971 0.0905851 0.01232 0.616605 0.0605187
0.277719 0.0980801 0.00595836 0.545553 0.0726901
0.504157 0.0262419 0.0266393 0.424083 0.0188783
0.393524 0.0242881 0.101455 0.467184 0.0135498
0.293857 0.0778266 0.0283843 0.563918 0.0360143
0.26894 0.0624515 0.105431 0.508226 0.0549515
0.170138 0.0452956 0.0368918 0.574431 0.173243
0.405647 9.9991E-05 0.0202686 0.543188 0.0307968
0.682805 9.9982E-05 0.0270766 0.289918 9.9982E-05
0.217817 0.0373243 9.9991E-05 0.719905 0.0248536
0.641106 0.0126415 0.0719433 0.274209 9.9991E-05
0.383696 0.00444724 9.9991E-05 0.556478 0.0552786
0.226742 0.0273773 0.0710974 0.570177 0.104606
0.224735 0.0946816 0.0288024 0.593235 0.0585457
0.113891 0.145945 0.0150114 0.526037 0.199116
0.115011 0.151454 0.072406 0.521663 0.139467
0.167622 0.288161 9.9991E-05 0.323793 0.220325
0.201214 0.247667 0.0314284 0.302423 0.217268
0.123773 0.191681 0.0205949 0.464435 0.199516
0.174639 0.154827 0.0373755 0.461656 0.171503
0.649865 0.177226 9.9982E-05 9.9982E-05 0.172709
0.10563 0.242592 9.9991E-05 0.544041 0.107637
0.506045 0.140937 9.9982E-05 9.9982E-05 0.352818
0.164206 0.211728 9.9991E-05 0.549083 0.074883
0.736345 9.9973E-05 9.9973E-05 0.263355 9.9973E-05
0.844883 9.9982E-05 0.0322978 0.122619 9.9982E-05
0.378698 0.0244023 0.0071219 0.581048 0.00872939
0.226515 0.0750622 9.9991E-05 0.679734 0.0185889
0.427993 0.00893033 0.0285911 0.534386 9.9991E-05
0.322261 0.0143337 9.9982E-05 0.663205 9.9982E-05
0.348459 0.0307803 9.9982E-05 0.620561 9.9982E-05
9.9991E-05 0.0165208 0.0757462 0.015332 0.892301
0.047388 0.0710676 0.0564642 0.0396306 0.78545
9.9991E-05 0.0208511 0.0167045 0.012905 0.949439
0.00733482 9.9982E-05 9.9982E-05 0.030382 0.962083
0.231408 0.0393869 0.0450522 0.64688 0.0372732
0.150465 9.9991E-05 0.101561 0.681981 0.065893
0.14329 9.9991E-05 0.124637 0.691667 0.0403058
0.0755428 0.00969154 0.118416 0.711763 0.084586
0.135328 0.0364522 0.0697465 0.634053 0.124421
0.239992 9.9991E-05 0.269665 0.474387 0.0158562
0.162452 9.9991E-05 0.0308992 0.780222 0.0263262
0.489989 9.9982E-05 0.0477183 0.462093 9.9982E-05
9.9991E-05 0.174022 0.108334 0.406377 0.311167
0.366368 0.008911 0.0416048 0.583017 9.9991E-05
0.243213 9.9982E-05 0.232866 0.523721 9.9982E-05
0.270999 9.9982E-05 0.0625462 0.666255 9.9982E-05
0.149267 0.00657346 0.25419 0.588721 0.0012476
0.268137 0.0206397 9.9982E-05 0.711023 9.9982E-05
0.166787 0.0049212 0.0730179 0.692027 0.063247
0.733936 9.9982E-05 0.0202262 0.245638 9.9982E-05
0.503388 9.9982E-05 0.0172431 0.479169 9.9982E-05
0.42919 0.00793873 0.0101111 0.552661 9.9991E-05
0.907018 9.9982E-05 0.00840513 0.0843771 9.9982E-05
0.183104 9.9991E-05 0.230259 0.540856 0.0456812
0.720272 9.9982E-05 0.0187536 0.260775 9.9982E-05
0.852809 9.9982E-05 0.0633236 0.0836679 9.9982E-05
0.207474 0.0396014 0.0220286 0.711535 0.0193615
0.300852 9.9991E-05 0.304372 0.394539 0.000137193
0.203284 0.0176527 0.158431 0.620533 9.9991E-05
0.132486 0.0731835 0.056935 0.618386 0.119009
0.140149 0.016174 0.171891 0.632556 0.0392302
0.251852 0.061814 0.308029 0.378206 9.9991E-05
0.124774 0.011202 0.114497 0.694869 0.0546584
0.131423 9.9991E-05 0.176868 0.671008 0.0206009
0.449741 9.9982E-05 0.0370495 0.51301 9.9982E-05
0.170072 0.00202243 0.0952458 0.608911 0.123749
0.0138698 9.9982E-05 0.312502 9.9982E-05 0.673429
0.0559703 9.9982E-05 0.174338 9.9982E-05 0.769492
9.9973E-05 9.9973E-05 0.140062 9.9973E-05 0.859638
0.0143976 9.9982E-05 0.141736 9.9982E-05 0.843666
0.0486943 9.9991E-05 0.179187 0.0100989 0.76192
0.309693 9.9991E-05 0.334644 0.33742 0.018143
0.314275 9.9982E-05 0.295259 0.390266 9.9982E-05
0.577962 9.9982E-05 0.0187312 0.403106 9.9982E-05
0.15393 0.0606646 0.0814971 0.633514 0.0703945
0.166513 0.116971 0.0431587 0.580169 0.0931884
0.513693 0.020823 0.0345919 0.430792 9.9991E-05
0.159852 0.0546974 0.0772195 0.708131 9.9991E-05
0.297225 0.0258899 0.0809732 0.553509 0.0424024
0.203004 9.9991E-05 0.112413 0.651516 0.0329666
0.111946 0.0572048 0.103053 0.685754 0.0420424
0.284017 9.9982E-05 0.288968 0.426815 9.9982E-05
0.258375 9.9982E-05 0.249285 0.49214 9.9982E-05
0.264747 9.9982E-05 0.219367 0.515686 9.9982E-05
0.11931 0.000811707 9.9991E-05 0.711355 0.168424
0.210025 9.9991E-05 0.212667 0.56651 0.0106988
0.206281 9.9991E-05 0.182991 0.56789 0.0427371
0.0307029 0.382921 0.0018779 0.454545 0.129953
0.0584684 0.485604 0.0218333 0.311934 0.12216
9.9991E-05 0.448317 0.0364752 0.415546 0.0995613
0.028289 0.540906 9.9991E-05 0.238789 0.191916
0.0170395 0.349687 0.051892 0.463366 0.118016
0.311644 0.0257604 9.9991E-05 0.599997 0.0624992
0.0792603 0.656919 9.9982E-05 9.9982E-05 0.263621
0.00358173 0.506016 9.9991E-05 0.305656 0.184646
0.247115 0.18752 9.9991E-05 0.380135 0.18513
0.153203 0.018114 0.0786147 0.56987 0.180198
0.18396 9.9991E-05 0.0462577 0.561819 0.207863
0.125928 0.0201693 0.0305203 0.640626 0.182756
0.125065 0.00756359 0.0110574 0.677958 0.178356
0.00621429 0.490336 9.9991E-05 0.334555 0.168794
9.9991E-05 0.35521 0.035945 0.461662 0.147083
9.9982E-05 0.520834 9.9982E-05 0.386198 0.0927679
0.0401357 0.311103 0.0918931 0.402565 0.154303
0.06231 0.517567 0.00743866 0.226572 0.186113
0.00282289 0.370162 0.0712739 0.425263 0.130478
0.048283 0.576228 0.00491719 0.234403 0.136169
0.0709022 0.34295 0.0473104 0.418269 0.120568
0.307307 0.0273503 0.00527513 0.504622 0.155446
9.9991E-05 0.401048 0.0708926 0.36995 0.158009
0.0404094 0.611588 9.9991E-05 0.117945 0.229958
0.0538513 0.404711 0.0387148 0.391016 0.111707
0.273109 9.9991E-05 0.142392 0.348742 0.235657
0.215832 0.0624305 9.9991E-05 0.634417 0.0872202
0.0343535 0.359979 0.0454092 0.381139 0.179119
0.141056 9.9991E-05 0.0594791 0.645446 0.153918
0.145997 9.9991E-05 0.10182 0.540618 0.211466
0.186329 0.231246 0.0116958 0.350123 0.220606
0.119651 0.296301 9.9991E-05 0.344341 0.239607
0.0951885 0.127792 0.0329732 0.564735 0.179312
0.0462771 0.302264 0.0595578 0.447462 0.144439
9.9991E-05 0.446468 0.0424435 0.399303 0.111685
0.0465406 0.634708 9.9991E-05 0.108861 0.20979
0.091127 0.0580497 0.0371677 0.683462 0.130194
0.201562 9.9991E-05 0.0771637 0.515448 0.205725
0.656678 0.0225639 9.9991E-05 0.161697 0.158961
0.105427 0.0442348 0.0364503 0.625305 0.188583
0.233836 0.0447448 0.132159 0.441862 0.147398
0.104706 0.169896 0.000443775 0.49608 0.228874
0.193503 0.0990107 0.0217536 0.517851 0.167881
0.455823 0.137158 9.9982E-05 9.9982E-05 0.406819
0.544382 0.0781212 9.9982E-05 9.9982E-05 0.377296
0.34021 0.107853 9.9991E-05 0.339476 0.212362
0.403351 0.203985 9.9991E-05 0.0200099 0.372554
0.29112 0.203289 9.9982E-05 9.9982E-05 0.50539
0.251737 0.132409 9.9991E-05 0.36809 0.247664
0.182803 0.18318 9.9991E-05 0.377162 0.256755
0.379045 0.235877 9.9991E-05 0.0852423 0.299736
0.485286 0.166312 9.9991E-05 0.0340007 0.314301
0.154916 0.176265 9.9991E-05 0.477001 0.191717
0.397157 0.160256 9.9991E-05 0.153416 0.289071
0.514203 0.071271 9.9982E-05 9.9982E-05 0.414326
0.0900259 0.146378 0.12723 0.502739 0.133628
0.264976 0.243581 9.9991E-05 0.256792 0.234551
0.0413359 0.201573 0.0090787 0.426606 0.321406
9.9982E-05 0.284001 9.9982E-05 0.544821 0.170978
0.0865308 0.252681 9.9991E-05 0.501974 0.158714
0.0545742 0.289883 9.9991E-05 0.471396 0.184047
0.0061205 0.217927 0.0683943 0.318045 0.389513
9.9991E-05 0.218073 0.0626976 0.502273 0.216856
9.9982E-05 0.208225 9.9982E-05 0.513756 0.277819
0.16548 0.241954 0.0171853 0.291583 0.283797
0.102293 0.10555 0.163263 0.392218 0.236676
0.0774617 0.148436 0.0780814 0.511122 0.184899
0.0276905 0.154158 9.9991E-05 0.606854 0.211197
0.0288274 0.176637 0.0496679 0.601764 0.143103
9.9991E-05 0.235089 0.0221928 0.435105 0.307514
0.0601509 0.208508 0.000138793 0.471999 0.259202
0.268186 0.333301 9.9991E-05 0.0179935 0.38042
0.00391278 0.204299 0.102333 0.493085 0.19637
0.17076 0.319374 9.9991E-05 0.166197 0.343568
9.9973E-05 9.9973E-05 0.178769 9.9973E-05 0.820931
0.0207571 0.0177268 0.78866 0.138353 0.0345031
9.997E-05 9.997E-05 0.9996 9.997E-05 9.997E-05
9.997E-05 9.997E-05 0.9996 9.997E-05 9.997E-05
9.9982E-05 0.0196706 0.966727 0.0134026 9.9982E-05
9.9973E-05 0.0318659 0.967834 9.9973E-05 9.9973E-05
9.9973E-05 9.9973E-05 0.931973 0.0677271 9.9973E-05
9.997E-05 9.997E-05 0.9996 9.997E-05 9.997E-05
9.9973E-05 9.9973E-05 0.865185 9.9973E-05 0.134516
9.9982E-05 9.9982E-05 0.0729015 0.0130002 0.913898
9.9982E-05 9.9982E-05 0.124925 0.0679771 0.806898
0.00834955 9.9991E-05 0.0596488 0.0378948 0.894007
0.0049507 9.9991E-05 0.0787236 0.028339 0.887887
9.9982E-05 9.9982E-05 0.105638 0.00532111 0.888841
9.9982E-05 9.9982E-05 0.0446281 0.0346353 0.920537
0.0044499 0.0776794 0.0352621 0.123462 0.759147
9.9973E-05 9.9973E-05 9.9973E-05 0.0795688 0.920131
0.0232924 0.0791577 0.0805797 0.0892144 0.727756
9.9982E-05 0.0568927 9.9982E-05 0.0203092 0.922598
0.00334917 9.9982E-05 0.0198805 9.9982E-05 0.97657
9.9991E-05 0.0378835 0.0419782 0.0354101 0.884628
9.9973E-05 9.9973E-05 0.00856429 9.9973E-05 0.991136
9.9982E-05 9.9982E-05 0.00222436 0.0329311 0.964645
9.9982E-05 0.00714436 9.9982E-05 0.0774013 0.915254
9.9982E-05 0.00727792 9.9982E-05 0.0542066 0.938315
9.9982E-05 0.0452953 9.9982E-05 0.0661158 0.888389
9.9982E-05 0.0129653 9.9982E-05 0.128312 0.858523
9.9982E-05 0.080491 9.9982E-05 0.10241 0.816899
0.26332 9.9991E-05 0.10709 0.459059 0.170431
0.108001 9.9991E-05 0.00942826 0.752274 0.130196
0.0614483 0.0561117 0.0926489 0.657899 0.131892
0.712373 0.0416534 9.9991E-05 0.11406 0.131813
0.165274 0.0521348 0.144794 0.524721 0.113076
0.707408 0.00621377 9.9991E-05 0.109703 0.176575
0.183425 0.0671799 9.9991E-05 0.635414 0.113881
0.220134 9.9991E-05 0.142761 0.469485 0.167521
0.185434 9.9991E-05 0.0351929 0.559555 0.219719
0.170173 9.9991E-05 0.0816232 0.635984 0.11212
0.193485 9.9991E-05 0.113476 0.529098 0.163841
0.130594 0.0415113 9.9991E-05 0.71199 0.115805
0.139091 9.9991E-05 0.103235 0.56996 0.187614
0.416058 0.083846 0.44494 0.0550557 9.9991E-05
0.818767 9.9982E-05 9.9982E-05 0.0154408 0.165593
0.644573 0.0134153 9.9991E-05 0.173647 0.168265
0.0911919 0.0263848 0.0199637 0.659443 0.203017
0.320497 0.0560364 9.9991E-05 0.503071 0.120296
0.202539 9.9982E-05 9.9982E-05 0.668553 0.128708
0.130143 0.0769187 9.9991E-05 0.674374 0.118463
0.066082 0.201694 0.0677355 0.425579 0.23891
0.02102 0.187157 0.0206802 0.565225 0.205917
0.0800342 0.167441 0.210389 0.158903 0.383233
9.9991E-05 0.0587439 0.155004 0.612627 0.173525
0.026995 0.112966 0.14295 0.487463 0.229625
0.388606 0.159966 9.9982E-05 9.9982E-05 0.451228
0.165192 0.222517 9.9991E-05 0.289718 0.322472
0.0728524 0.161863 0.0516828 0.311314 0.402288
0.0144365 0.117159 0.130461 0.420299 0.317645
0.0879735 0.176685 0.067468 0.528688 0.139186
0.0348567 0.11759 0.0222097 0.588626 0.236717
0.0280162 0.117937 0.0195897 0.644649 0.189808
0.177906 0.180591 0.0429143 0.440051 0.158537
0.0696548 0.124058 0.0272153 0.249541 0.529531
