9.9964E-05 9.9964E-05 9.9964E-05 0.0687586 0.799036 0.0443875 0.0874177 9.9964E-05
0.00959261 9.9964E-05 0.0431416 9.9964E-05 0.945327 9.9964E-05 0.0015389 9.9964E-05
9.9964E-05 0.126116 9.9964E-05 9.9964E-05 0.769474 0.024641 0.07937 9.9964E-05
9.9982E-05 0.0743506 0.000978444 0.0979693 0.754295 0.0250557 0.0471507 9.9982E-05
9.9964E-05 0.0686662 0.0413869 9.9964E-05 0.86934 0.0202072 9.9964E-05 9.9964E-05
9.9982E-05 0.0882268 9.9982E-05 0.0281009 0.563193 0.0508246 0.0569958 0.212459
9.9982E-05 0.00995959 9.9982E-05 0.00253421 0.738788 0.0242325 0.0783536 0.145933
9.9973E-05 9.9973E-05 0.0471845 0.0629418 0.714396 9.9973E-05 0.0534845 0.121694
0.0668408 9.99729E-05 9.99729E-05 0.0456764 0.838349 9.99729E-05 0.00156863 0.0472657
9.9982E-05 0.108599 9.9982E-05 0.0246942 0.658654 0.0369302 0.0196 0.151323
9.9973E-05 0.0222346 9.9973E-05 0.068553 0.752708 9.9973E-05 0.00636802 0.149836
0.14658 0.255337 9.9973E-05 0.446153 9.9973E-05 0.0882063 9.9973E-05 0.063423
9.9973E-05 0.567907 9.9973E-05 0.289258 9.9973E-05 0.0798982 0.0469477 0.0156885
0.0740057 0.231796 0.126281 0.432281 0.0019865 0.0822554 0.0104561 0.0409385
0.0130258 0.286574 0.0886644 0.386806 0.0139499 0.152899 0.0383884 0.019693
0.163692 0.324348 9.9991E-05 0.193293 0.03567 0.115533 0.0735159 0.0938479
0.149118 0.431971 0.0274034 0.19568 9.9982E-05 0.151406 0.0442212 9.9982E-05
0.12893 0.428466 0.00208836 0.194413 9.9991E-05 0.106935 0.0046702 0.134397
0.203213 0.315157 9.9982E-05 0.286692 0.139768 0.0508333 0.00413644 9.9982E-05
0.117645 9.9982E-05 0.000927687 0.570187 0.0058005 0.111562 9.9982E-05 0.193678
0.152207 0.372544 0.041583 0.230457 9.9991E-05 0.106883 0.0278399 0.0683869
0.0840642 0.446271 0.0827295 0.136386 9.9991E-05 0.0117861 0.0572922 0.181372
0.0890254 0.58559 9.9982E-05 0.208644 0.0637904 0.0230246 9.9982E-05 0.0297265
0.161421 0.255439 0.000899864 0.405078 9.9991E-05 0.0975943 0.0153708 0.0640981
0.0980623 0.582547 9.9973E-05 0.177772 0.0569011 9.9973E-05 0.0844182 9.9973E-05
0.0515385 0.497189 0.00254604 0.212158 0.0202225 0.0977398 0.0177156 0.100891
0.189592 0.156301 0.0198439 0.463757 9.9991E-05 0.127607 0.0346317 0.00816749
0.124008 0.174366 0.00550365 0.445772 9.9991E-05 0.200363 0.012057 0.0378297
0.106354 0.246236 0.0574022 0.445824 0.0174958 9.9982E-05 9.9982E-05 0.126488
9.994E-05 9.994E-05 9.994E-05 9.994E-05 9.994E-05 9.994E-05 0.9993 9.994E-05
9.994E-05 9.994E-05 9.994E-05 9.994E-05 9.994E-05 9.994E-05 0.9993 9.994E-05
0.0114911 0.112927 9.9973E-05 9.9973E-05 0.506055 0.00882172 0.360406 9.9973E-05
0.0599964 0.0780125 9.9973E-05 9.9973E-05 0.536325 0.069979 0.255387 9.9973E-05
0.247123 0.454796 0.040464 0.110105 9.9991E-05 0.0704903 0.0267278 0.0501933
0.253289 0.560821 9.9973E-05 0.0602984 0.0821374 9.9973E-05 9.9973E-05 0.0431546
0.434276 0.438187 9.9964E-05 9.9964E-05 0.0609133 0.0662242 9.9964E-05 9.9964E-05
0.159169 0.156594 9.9982E-05 0.524545 0.122449 9.9982E-05 0.0096522 0.0273916
0.668786 0.258639 9.9964E-05 9.9964E-05 9.9964E-05 9.9964E-05 0.0287919 0.0433834
0.323727 0.443622 9.9982E-05 0.0759359 0.0890413 0.0166501 0.0508242 9.9982E-05
0.218859 0.631577 0.0323544 9.9991E-05 0.0049762 0.0254566 0.0419045 0.0447724
0.0976377 0.607259 0.00499153 0.0340309 0.0818155 9.9991E-05 0.0401755 0.13399
0.0766633 0.604682 9.9982E-05 0.149746 0.0611126 9.9982E-05 0.0586518 0.048944
0.708917 0.0937976 9.9964E-05 0.133554 9.9964E-05 9.9964E-05 0.0633318 9.9964E-05
0.0596714 0.553032 9.9982E-05 0.0688607 0.0256932 0.0879693 9.9982E-05 0.204573
0.19567 0.62327 0.0385924 0.0338762 0.0789501 0.011355 9.9991E-05 0.0181862
0.300699 0.427226 0.0133852 9.9982E-05 0.0330725 0.17878 9.9982E-05 0.0466367
0.550667 0.354881 0.0819636 9.9964E-05 0.0120876 9.9964E-05 9.9964E-05 9.9964E-05
0.391125 0.583746 9.9973E-05 9.9973E-05 0.00888832 0.00569182 0.0102488 9.9973E-05
0.14981 0.560302 0.0697002 0.000116421 0.173524 0.0354573 0.0109898 9.9991E-05
0.695413 9.9955E-05 9.9955E-05 9.9955E-05 0.0573439 9.9955E-05 9.9955E-05 0.246744
0.195845 0.212432 0.0403608 0.442423 9.9973E-05 9.9973E-05 9.9973E-05 0.108639
0.233284 0.0578414 0.119601 0.2702 0.0209424 0.00802755 0.000103092 0.290001
0.0461606 0.574661 0.0343738 0.201521 9.9991E-05 0.0401861 0.068136 0.0348619
0.132647 0.594502 0.0256172 0.0269774 0.0829358 0.0224836 0.0179518 0.0968845
0.0934894 0.559613 0.0611419 0.0169423 0.0597004 0.0842636 0.0411475 0.0837017
0.273042 0.152149 0.0654932 0.345957 0.0932726 9.9991E-05 0.037036 0.0329499
0.0370068 0.63543 0.0590904 0.195794 9.9991E-05 0.00701794 0.0016476 0.063913
0.0600458 0.510013 9.9982E-05 0.0520273 0.0881879 0.0811945 9.9982E-05 0.208332
0.293071 0.310367 0.0343211 0.146062 0.0754231 9.9991E-05 0.0619264 0.0787296
0.151609 0.00490137 0.0355343 0.351836 0.132838 0.127912 0.0284522 0.166917
0.158453 0.460481 0.0199232 0.201452 0.00186766 0.0813087 0.0764155 9.9991E-05
0.0509447 0.40749 0.127966 0.3013 0.0591764 0.0298817 0.0019335 0.0213085
0.237577 0.0198065 0.0168288 0.495465 9.9982E-05 9.9982E-05 0.0511512 0.178971
0.101352 0.456353 0.0625785 0.291623 9.9991E-05 0.033895 0.00410593 0.0499926
0.0605988 0.586781 0.173386 0.040081 0.0474715 0.0421035 9.9991E-05 0.0494782
0.115929 0.552948 0.0466581 0.167432 0.00108082 0.0156377 0.0476079 0.052706
0.232866 0.254528 0.0289378 0.305238 0.0539023 0.0422275 9.9991E-05 0.0821998
0.0264807 0.53341 0.106823 0.238777 9.9982E-05 9.9982E-05 0.060163 0.0341464
0.146615 0.537991 0.046075 0.139701 0.0303991 9.9982E-05 0.0990182 9.9982E-05
0.127892 0.199575 0.131342 0.432637 9.9982E-05 9.9982E-05 0.0621108 0.046243
0.424085 0.556401 9.9955E-05 0.0190136 9.9955E-05 9.9955E-05 9.9955E-05 9.9955E-05
0.774209 0.127166 9.9964E-05 0.0528182 9.9964E-05 9.9964E-05 0.0454072 9.9964E-05
0.196666 0.491507 0.0353964 0.0984373 0.0156287 0.0708111 0.0713626 0.0201912
0.842442 9.9946E-05 9.9946E-05 9.9946E-05 9.9946E-05 9.9946E-05 9.9946E-05 0.156959
0.790321 9.9964E-05 0.0616628 0.00918706 9.9964E-05 9.9964E-05 9.9964E-05 0.138429
0.67936 0.283408 9.9955E-05 9.9955E-05 9.9955E-05 9.9955E-05 9.9955E-05 0.0367319
0.423901 0.494546 9.9964E-05 0.0114322 9.9964E-05 9.9964E-05 9.9964E-05 0.0697205
0.191334 0.458456 0.0145259 0.10392 0.110788 0.0795963 0.0183995 0.0229794
0.533191 0.361157 9.9982E-05 0.0423395 0.0434702 0.0163413 0.00330091 9.9982E-05
0.635545 0.130356 9.9973E-05 0.146437 0.0585835 0.0287789 9.9973E-05 9.9973E-05
0.563065 0.220343 9.9973E-05 0.12885 0.0791976 9.9973E-05 0.00824412 9.9973E-05
0.217883 0.390457 0.086405 0.0854022 0.101914 0.0702069 0.0476325 9.9991E-05
0.655224 0.234651 9.9973E-05 9.9973E-05 0.0255803 0.0743362 0.00990862 9.9973E-05
0.415721 0.449232 9.9973E-05 0.0952001 0.0206921 9.9973E-05 0.0188552 9.9973E-05
0.540788 0.317013 0.0649711 9.9991E-05 0.00504143 0.0339598 0.0314251 0.00670211
0.679617 9.9964E-05 0.0711999 9.9964E-05 9.9964E-05 0.0101832 9.9964E-05 0.2386
0.336888 0.543023 0.0022459 9.9973E-05 9.9973E-05 0.0572147 0.0603278 9.9973E-05
0.0340281 0.0598605 9.9982E-05 0.0192551 0.8339 0.0397786 0.0129773 9.9982E-05
0.00191608 0.0864203 9.9964E-05 9.9964E-05 0.820266 9.9964E-05 0.0909976 9.9964E-05
9.9964E-05 0.0945612 9.9964E-05 9.9964E-05 0.765256 0.0331985 0.106585 9.9964E-05
0.00503861 0.032317 9.9982E-05 9.9982E-05 0.848625 0.0176505 0.0816699 0.0144995
0.0089789 0.0497037 0.0397725 9.9982E-05 0.787565 0.0164398 0.0973402 9.9982E-05
0.00610709 0.0108877 0.0243842 9.9991E-05 0.847771 0.0346716 0.0454222 0.0306561
9.9964E-05 0.0276928 0.019045 9.9964E-05 0.900216 9.9964E-05 0.052646 9.9964E-05
0.249196 0.479473 0.0196063 0.0449743 0.0873922 9.9991E-05 0.0568984 0.0623595
0.156233 0.409266 0.0751951 0.174191 0.0347089 0.10804 0.00844502 0.033922
0.862059 9.9955E-05 9.9955E-05 0.0844459 0.0529955 9.9955E-05 9.9955E-05 9.9955E-05
0.0335237 0.611206 9.9982E-05 0.131437 0.0960044 0.0572726 9.9982E-05 0.0703559
0.430852 0.44792 0.0115835 0.0995744 0.00534261 0.00107476 0.00355197 9.9991E-05
0.23364 0.556771 0.115198 9.9982E-05 0.0351739 0.0182117 0.0408051 9.9982E-05
0.249515 0.569253 0.0527463 0.0130927 0.0402054 9.9982E-05 9.9982E-05 0.074987
0.459541 0.454236 0.0560054 9.9973E-05 9.9973E-05 0.0215767 0.00834062 9.9973E-05
0.748395 9.9955E-05 9.9955E-05 0.205479 0.0456259 9.9955E-05 9.9955E-05 9.9955E-05
0.218659 0.434723 0.0468858 0.0410086 0.0863485 0.0867326 0.0579621 0.0276803
0.21349 0.611662 0.011864 0.0420949 0.0293732 9.9991E-05 0.027868 0.0635486
0.0759621 0.540284 0.0544268 0.151034 0.0464036 0.0971379 0.0106354 0.0241161
0.547937 0.254318 0.0723437 9.9982E-05 9.9982E-05 0.0255263 0.00219245 0.097482
0.352678 0.489865 0.0198947 9.9982E-05 0.0608304 9.9982E-05 0.0244839 0.0520482
0.403601 0.41548 9.9964E-05 0.118741 9.9964E-05 9.9964E-05 0.0617781 9.9964E-05
0.608071 0.215845 0.0220909 9.9973E-05 9.9973E-05 0.140405 9.9973E-05 0.0132891
0.422387 0.389796 9.9964E-05 0.0809025 0.106515 9.9964E-05 9.9964E-05 9.9964E-05
0.131958 0.570633 0.0503435 0.0633969 0.10361 0.0376032 0.0423543 9.9991E-05
0.0179674 0.25635 0.184151 0.3547 9.9991E-05 0.0373801 0.0532758 0.0960753
0.0220284 0.410451 9.9991E-05 0.276824 0.0804393 0.0047511 0.0298891 0.175517
0.0473286 0.482373 0.0832851 0.219114 0.0588264 0.0919558 0.0170177 9.9991E-05
0.0133062 0.62882 0.065352 0.0836645 0.080745 0.0375329 9.9991E-05 0.0904791
0.0937213 0.469841 0.101268 0.244808 0.00763767 0.0180951 0.0645296 9.9991E-05
0.00398732 0.600767 0.00635989 0.306757 9.9982E-05 9.9982E-05 0.00802867 0.0739003
9.9973E-05 0.453709 0.0904835 0.429442 0.0130668 0.0129979 9.9973E-05 9.9973E-05
0.140696 0.455148 0.127892 0.124037 0.103188 0.0204339 0.0213564 0.00724928
0.0384743 0.56566 9.9991E-05 0.175373 0.0229538 0.0378521 0.0192193 0.140367
0.0967704 0.5426 9.9982E-05 0.190687 0.019905 9.9982E-05 0.0499453 0.099892
0.0641939 0.488465 0.0769336 0.331696 9.9973E-05 9.9973E-05 0.0384112 9.9973E-05
0.00540458 0.661783 0.0542661 0.114451 0.063303 0.0287517 9.9991E-05 0.0719412
9.9991E-05 0.576002 0.0586386 0.223998 0.0084416 0.0142742 0.0588011 0.0597442
0.136518 0.592237 0.0182412 0.204554 9.9973E-05 0.0481496 9.9973E-05 9.9973E-05
0.0942256 0.559413 0.0599697 0.0650754 0.120592 0.000993846 0.0225278 0.0772027
0.0682464 0.50319 0.0561354 0.22026 9.9991E-05 0.103797 0.0320668 0.0162047
9.9982E-05 0.386764 0.0805467 0.261604 0.0825802 0.0353914 9.9982E-05 0.152914
0.0411477 0.636247 0.0459732 0.19683 9.9991E-05 0.0438581 0.0232963 0.0125479
9.9982E-05 0.697323 0.0372438 0.101647 9.9982E-05 0.017277 0.0307447 0.115564
0.183909 0.213483 0.0979475 0.406538 9.9982E-05 0.0806257 9.9982E-05 0.0172971
0.0954998 0.154133 0.13526 0.294534 0.0264513 0.00153331 9.9991E-05 0.292489
0.104483 0.507335 0.0198344 0.201098 0.0627743 0.0399718 0.0385368 0.0259664
0.140545 0.00254522 0.228335 0.376052 9.9982E-05 0.0835158 9.9982E-05 0.168807
0.0620651 0.311912 0.0952341 0.478852 0.0516369 9.9973E-05 9.9973E-05 9.9973E-05
0.193601 0.467909 0.0441653 0.275369 0.0138009 9.9982E-05 9.9982E-05 0.00495472
0.163511 0.304828 0.0429786 0.437754 0.00330549 9.9982E-05 0.0474235 9.9982E-05
0.133122 0.270596 9.9973E-05 0.52272 9.9973E-05 0.0409844 9.9973E-05 0.0322775
0.0968988 0.647072 0.0228741 0.0495605 0.000677043 0.0308626 0.0738482 0.078207
0.0613218 0.535303 0.0183559 0.163617 0.102631 0.0741933 9.9991E-05 0.0444778
0.205455 0.367566 0.0814532 0.216638 9.9982E-05 0.0973432 9.9982E-05 0.0313451
0.137836 0.200757 0.00293808 0.398325 9.9982E-05 0.031994 9.9982E-05 0.22795
0.163336 0.595115 0.0197854 0.0407209 0.15335 9.9982E-05 0.0274932 9.9982E-05
0.0759543 0.469252 0.118869 0.015821 0.104202 0.0345805 0.0116114 0.16971
0.159363 0.00599303 0.0723199 0.116709 0.116317 9.9982E-05 9.9982E-05 0.529098
0.139523 0.528591 0.106159 9.9982E-05 0.115485 0.0277139 9.9982E-05 0.0823269
0.180793 0.302763 0.083328 0.0771484 0.0694336 0.0145706 0.0257843 0.246179
0.0931534 0.520168 0.123323 0.0727588 0.0643755 0.00423995 0.0279824 0.093999
0.131558 0.26281 0.0322964 0.0766887 0.0859596 0.00511326 0.00997175 0.395602
0.0991137 0.219058 0.0529221 0.112998 0.0186961 9.9991E-05 0.024872 0.472241
0.120932 0.421977 0.110766 0.0842335 0.0519269 9.9991E-05 0.00892386 0.201141
9.9982E-05 0.416882 0.170604 0.0960865 0.0644297 0.0773666 9.9982E-05 0.174431
0.0508676 0.413198 0.0555369 0.133871 0.0976359 0.0778014 0.0216984 0.149391
0.31954 9.9982E-05 0.0805515 0.126207 9.9982E-05 0.156142 0.0180155 0.299345
0.0349415 0.482454 0.0996741 0.110821 0.0734921 0.0491077 0.0301753 0.119334
0.161806 0.409727 9.9964E-05 0.0803004 9.9964E-05 9.9964E-05 9.9964E-05 0.347767
0.190122 0.389472 0.11262 0.110744 9.9982E-05 0.014911 9.9982E-05 0.181931
0.0283877 0.638441 0.0270436 9.9991E-05 0.103536 0.0443645 0.0785719 0.0795552
9.9982E-05 0.143395 9.9982E-05 0.07742 0.250379 0.258887 0.0544269 0.215292
9.9964E-05 9.9964E-05 9.9964E-05 9.9964E-05 0.489067 0.136102 0.0297583 0.344673
9.9973E-05 9.9973E-05 0.0009201 9.9973E-05 0.420035 0.144871 0.0154074 0.418466
9.9973E-05 0.115177 9.9973E-05 9.9973E-05 0.370162 0.276649 0.0342324 0.20348
0.0649163 0.70102 9.9955E-05 9.9955E-05 9.9955E-05 9.9955E-05 9.9955E-05 0.233564
0.0539399 0.661355 9.9991E-05 0.0589836 0.0194084 0.00470708 0.0111051 0.190401
9.9955E-05 0.311237 9.9955E-05 9.9955E-05 9.9955E-05 0.68267 0.00559268 9.9955E-05
0.0146667 0.397695 0.0301986 0.123202 9.9973E-05 0.433938 9.9973E-05 9.9973E-05
9.9982E-05 0.358551 0.0723937 0.087898 0.0363459 0.424397 0.0202144 9.9982E-05
0.0738279 0.342302 0.172875 9.9973E-05 9.9973E-05 9.9973E-05 0.0219638 0.388731
0.0385075 0.460964 0.0369708 0.0798317 0.0672928 0.0609957 0.0225547 0.232883
0.0758113 0.204797 0.140938 9.9964E-05 9.9964E-05 9.9964E-05 9.9964E-05 0.578054
0.0141133 0.564405 0.0457112 0.0798883 0.00608849 9.9982E-05 9.9982E-05 0.289593
0.0342781 0.45531 0.205106 0.0787844 9.9973E-05 9.9973E-05 9.9973E-05 0.226221
0.0252732 0.633027 0.0788891 0.0437447 0.00956421 9.9991E-05 0.00294242 0.20646
0.0717332 0.246854 0.105924 0.0329873 9.9973E-05 9.9973E-05 9.9973E-05 0.542202
0.0477841 0.623424 0.0753301 0.0547881 0.0501667 0.0400151 0.0035608 0.104931
0.00344332 0.533345 0.0479708 9.9982E-05 9.9982E-05 0.0966564 0.0169385 0.301446
0.0174908 0.0222626 9.9955E-05 9.9955E-05 9.9955E-05 0.959747 9.9955E-05 9.9955E-05
0.0171614 0.0492332 0.0635701 9.9964E-05 9.9964E-05 0.869635 9.9964E-05 9.9964E-05
0.0354217 0.318817 0.00021727 9.9982E-05 0.0945188 0.543453 0.00737219 9.9982E-05
9.9964E-05 0.324267 9.9964E-05 9.9964E-05 0.0239074 0.649724 9.9964E-05 0.00170111
0.0433619 0.128413 0.0178925 9.9991E-05 0.00269229 0.783041 0.0014734 0.0230249
9.994E-05 9.994E-05 9.994E-05 9.994E-05 9.994E-05 0.9993 9.994E-05 9.994E-05
9.9964E-05 9.9964E-05 0.00636231 0.0247151 0.0063875 0.962135 9.9964E-05 9.9964E-05
9.9955E-05 0.12563 9.9955E-05 9.9955E-05 9.9955E-05 0.864472 0.00939813 9.9955E-05
9.9946E-05 9.9946E-05 9.9946E-05 0.0281716 9.9946E-05 0.971229 9.9946E-05 9.9946E-05
9.994E-05 9.994E-05 9.994E-05 9.994E-05 9.994E-05 0.9993 9.994E-05 9.994E-05
9.9946E-05 9.9946E-05 9.9946E-05 9.9946E-05 9.9946E-05 0.993134 0.0062667 9.9946E-05
9.9982E-05 0.195587 0.0241325 9.9982E-05 0.00315535 0.698308 0.0644734 0.0141432
0.0134876 0.0868366 9.9991E-05 0.0223034 0.0184804 0.830116 0.0222703 0.00640581
0.0194006 9.9955E-05 9.9955E-05 0.0139945 9.9955E-05 0.966105 9.9955E-05 9.9955E-05
0.179178 0.243294 9.9973E-05 0.0765566 0.0472821 0.453389 9.9973E-05 9.9973E-05
0.04308 0.163383 0.0547795 0.0217627 0.00447236 0.660125 0.0522973 9.9991E-05
9.9964E-05 0.228955 9.9964E-05 9.9964E-05 9.9964E-05 0.721675 0.0346076 0.0143621
9.9964E-05 0.10521 9.9964E-05 0.0168176 9.9964E-05 0.841128 0.0364454 9.9964E-05
9.9955E-05 0.0436063 9.9955E-05 9.9955E-05 0.0344342 0.92146 9.9955E-05 9.9955E-05
9.9964E-05 0.0813386 9.9964E-05 9.9964E-05 0.0404677 0.865029 0.0127651 9.9964E-05
9.9946E-05 9.9946E-05 9.9946E-05 9.9946E-05 9.9946E-05 0.98793 0.0114701 9.9946E-05
0.0248622 0.208885 0.0252685 0.0591636 0.0106769 0.626587 0.0444571 9.9991E-05
0.0193143 0.0661523 0.00740463 0.0129211 0.0105905 0.883143 0.000373859 9.9991E-05
0.0135148 9.9973E-05 0.0595507 9.9973E-05 0.278315 0.0624381 9.9973E-05 0.585882
9.9982E-05 0.448092 9.9982E-05 0.0971412 0.124026 0.060442 0.0295027 0.240596
0.0065287 0.462286 0.0280916 0.044337 0.253596 0.0240494 9.9991E-05 0.181011
0.0284017 0.151351 0.00299963 0.00563518 0.146399 0.147891 0.0223326 0.49499
0.0697216 0.428268 0.104911 9.9982E-05 0.212754 0.0274634 9.9982E-05 0.156682
0.0370548 0.221117 0.0130335 9.9982E-05 0.217789 0.0935536 9.9982E-05 0.417252
0.05623 0.461387 0.055577 0.0896809 0.172373 0.033602 9.9991E-05 0.131051
0.0486796 0.280916 9.9973E-05 9.9973E-05 0.084708 0.164148 9.9973E-05 0.421248
0.030437 0.405921 0.0342121 0.0530285 0.0625981 0.113214 0.0850066 0.215584
9.9973E-05 0.343271 9.9973E-05 9.9973E-05 0.0750322 0.180947 0.0807152 0.319735
0.0553485 0.520224 9.9982E-05 9.9982E-05 0.11441 0.0807921 0.0246119 0.204414
9.9973E-05 0.0425843 0.059469 0.0376769 0.837842 9.9973E-05 9.9973E-05 0.022128
9.9964E-05 9.9964E-05 0.0241753 9.9964E-05 0.847455 0.0631825 0.0647878 9.9964E-05
0.0485957 9.9964E-05 9.9964E-05 0.00398299 0.910494 9.9964E-05 0.0365276 9.9964E-05
9.9964E-05 0.0189022 9.9964E-05 0.0273445 0.930721 9.9964E-05 0.0226323 9.9964E-05
9.9982E-05 0.0135702 9.9982E-05 0.0602762 0.788275 0.00368325 0.113963 0.0200325
9.9964E-05 9.9964E-05 0.0289586 9.9964E-05 0.845786 0.0792024 0.0456536 9.9964E-05
9.9964E-05 0.0444756 9.9964E-05 9.9964E-05 0.802828 0.0941244 0.058172 9.9964E-05
0.0276091 9.9991E-05 0.0371952 0.0377919 0.834443 0.0225984 0.0272829 0.0129799
0.0430657 0.0361873 9.9964E-05 9.9964E-05 0.914611 9.9964E-05 0.00573605 9.9964E-05
9.9973E-05 0.0100561 9.9973E-05 0.0100386 0.811237 0.132783 9.9973E-05 0.0355857
0.135334 9.9973E-05 0.0233637 0.212089 0.575686 9.9973E-05 0.0532274 9.9973E-05
0.0439164 0.0164407 0.0158464 0.309446 0.575894 9.9982E-05 0.038257 9.9982E-05
0.0305125 9.9982E-05 0.0755176 0.274073 0.491424 9.9982E-05 0.0451685 0.0831041
0.135508 9.9973E-05 0.0135974 0.303037 0.520453 9.9973E-05 9.9973E-05 0.0271052
0.252222 0.463016 0.0509664 0.188393 9.9973E-05 9.9973E-05 0.0451027 9.9973E-05
0.299247 0.440656 0.105553 0.0376953 0.0962051 0.0204431 9.9982E-05 9.9982E-05
0.164878 0.524859 0.0339787 0.219906 9.9982E-05 0.0209033 0.035275 9.9982E-05
0.221002 0.392385 0.0280411 0.264084 0.0156121 9.9991E-05 0.035774 0.0430009
0.130625 0.177084 0.0743992 0.599683 9.9973E-05 0.0179084 9.9973E-05 9.9973E-05
0.243421 0.581174 9.9982E-05 0.0453694 0.0362527 0.0743453 0.0192381 9.9982E-05
0.339812 0.557209 0.0122123 0.0736987 0.00666532 9.9982E-05 9.9982E-05 0.010203
0.262386 0.54293 0.00208963 0.0799535 9.9973E-05 9.9973E-05 9.9973E-05 0.11234
0.538792 0.306281 0.0612935 9.9973E-05 9.9973E-05 0.0331027 9.9973E-05 0.0602314
0.133691 0.574378 0.0142251 0.113783 0.018752 0.0498207 0.0110589 0.0842911
0.38148 0.41492 0.0432635 0.139169 0.00420226 9.9982E-05 0.0167652 9.9982E-05
0.705344 9.9973E-05 0.152544 0.052255 9.9973E-05 9.9973E-05 0.00684041 0.0827158
0.132962 0.458834 0.0872841 0.0959633 0.0807578 0.0588878 0.0224369 0.0628734
0.504246 0.210307 0.127924 9.9973E-05 0.0269681 9.9973E-05 9.9973E-05 0.130255
0.456996 0.414753 0.0808722 0.0029303 9.9982E-05 0.0146396 0.0296086 9.9982E-05
0.684012 0.0773333 9.9964E-05 0.204184 0.0340707 9.9964E-05 9.9964E-05 9.9964E-05
9.9955E-05 9.9955E-05 9.9955E-05 0.715141 0.124045 9.9955E-05 9.9955E-05 0.160315
9.9964E-05 0.0651072 9.9964E-05 0.687674 0.109647 9.9964E-05 9.9964E-05 0.137172
9.9973E-05 9.9973E-05 0.0275385 0.808179 0.0597305 9.9973E-05 0.00807003 0.0961824
0.0183662 9.9964E-05 9.9964E-05 0.782312 0.150921 9.9964E-05 9.9964E-05 0.0480004
9.9973E-05 0.0799075 0.0161383 0.801397 9.9973E-05 9.9973E-05 0.00382627 0.0984306
9.9964E-05 0.159244 9.9964E-05 0.69036 0.0959958 9.9964E-05 9.9964E-05 0.0540006
9.9955E-05 0.109687 9.9955E-05 9.9955E-05 0.81007 9.9955E-05 0.0797426 9.9955E-05
9.9973E-05 0.0514088 9.9973E-05 0.08792 0.800636 0.0565804 0.0031549 9.9973E-05
9.9964E-05 0.130134 9.9964E-05 9.9964E-05 0.740065 0.0767766 0.0526241 9.9964E-05
9.9973E-05 0.0172685 9.9973E-05 0.070405 0.741293 0.143338 0.0273953 9.9973E-05
9.9982E-05 0.109081 9.9982E-05 0.0669877 0.770427 0.0416385 0.00439719 0.00726871
9.9964E-05 9.9964E-05 9.9964E-05 0.528927 0.344502 9.9964E-05 0.0647544 0.0614168
9.9964E-05 9.9964E-05 0.119805 0.398986 0.458567 9.9964E-05 9.9964E-05 0.0222428
0.0285355 9.9973E-05 0.083178 0.429299 0.428076 9.9973E-05 0.0306121 9.9973E-05
9.994E-05 9.994E-05 9.994E-05 9.994E-05 9.994E-05 9.994E-05 0.9993 9.994E-05
0.083238 9.9955E-05 9.9955E-05 0.51584 0.400422 9.9955E-05 9.9955E-05 9.9955E-05
9.9982E-05 0.24109 0.0223962 9.9982E-05 0.190162 0.348089 0.0278829 0.170179
0.0709844 0.452057 0.0553489 0.0301114 0.138592 0.212609 0.0276095 0.0126877
9.9964E-05 0.526742 9.9964E-05 9.9964E-05 0.207574 0.241146 0.0241387 9.9964E-05
0.0880356 0.344575 0.0399405 0.0378846 0.211363 0.189919 9.9991E-05 0.0881822
9.9991E-05 0.445683 0.070494 0.0708211 0.100317 0.196018 0.0269689 0.0895977
9.9964E-05 0.00831813 9.9964E-05 9.9964E-05 0.435689 0.271214 9.9964E-05 0.284378
0.0242751 0.454087 0.170149 0.339768 9.9973E-05 9.9973E-05 0.0114213 9.9973E-05
0.17286 0.3159 0.142322 0.239084 9.9973E-05 9.9973E-05 9.9973E-05 0.129534
0.10952 0.24517 0.0753846 0.477469 0.0285281 9.9991E-05 0.0542809 0.00954679
0.0480155 0.46721 0.298244 0.154028 0.0200079 9.9982E-05 9.9982E-05 0.0122947
0.175015 9.9964E-05 0.345529 0.189953 9.9964E-05 9.9964E-05 9.9964E-05 0.289103
9.9982E-05 0.574608 0.204974 0.110419 0.0571287 9.9982E-05 0.0133635 0.0393064
0.0550841 0.445486 0.235693 0.144526 9.9991E-05 0.00937879 0.0442012 0.0655315
0.131517 0.33687 0.0222676 0.448408 0.0349229 9.9982E-05 0.0258148 9.9982E-05
0.0604987 0.425159 0.105095 0.159546 0.100969 0.0948836 9.9991E-05 0.0537494
0.205032 0.0853547 0.137149 0.274706 9.9982E-05 9.9982E-05 0.00569379 0.291864
9.9982E-05 0.487808 0.156984 0.178755 0.0207332 0.0319012 9.9982E-05 0.123618
0.115244 0.491701 0.0737619 0.247828 9.9982E-05 0.0203439 0.0509212 9.9982E-05
0.11942 0.447917 0.0082889 0.0148295 0.0947861 0.183539 0.044238 0.0869818
0.0109194 0.370628 0.268059 0.2807 9.9973E-05 9.9973E-05 9.9973E-05 0.0693939
0.0610643 0.418533 0.211419 0.226599 0.00313526 0.00816531 0.0159445 0.0551396
0.0759366 0.450412 0.105806 0.11419 9.9982E-05 0.0853556 9.9982E-05 0.1681
0.107895 0.549264 0.0156812 0.248038 0.0435345 9.9982E-05 9.9982E-05 0.0353867
0.0108866 0.67993 0.107025 0.1164 0.0310795 0.0544777 9.9982E-05 9.9982E-05
0.0677332 0.589645 9.9991E-05 0.152779 0.0958622 0.0398611 0.000445182 0.0535742
0.0499981 0.512831 0.134622 0.123859 0.0559611 0.0491846 0.0332832 0.0402604
9.9955E-05 0.144749 9.9955E-05 9.9955E-05 0.801841 0.0529101 9.9955E-05 9.9955E-05
0.0570083 0.0560413 9.9973E-05 9.9973E-05 0.854287 0.0245568 0.00780717 9.9973E-05
0.0586429 0.0652141 0.0208865 0.0423317 0.796509 9.9982E-05 9.9982E-05 0.0162164
0.0854827 0.0349804 0.00164833 9.9982E-05 0.833151 0.0417428 0.00279468 9.9982E-05
9.9964E-05 0.122106 9.9964E-05 9.9964E-05 0.771675 0.0426046 0.0632141 9.9964E-05
0.0947822 0.167097 9.9973E-05 0.630227 9.9973E-05 0.0691785 9.9973E-05 0.038415
0.0860598 0.525957 0.108992 0.119341 0.0907759 9.9982E-05 9.9982E-05 0.0686747
0.0474975 0.384156 9.9991E-05 0.0507128 0.170016 0.186764 0.00855723 0.152196
9.9973E-05 0.605543 9.9973E-05 0.208285 9.9973E-05 0.122486 0.022849 0.0405372
0.209566 0.441124 0.0569589 0.171411 0.0973879 0.0233523 9.9982E-05 9.9982E-05
9.9982E-05 0.233128 0.128697 0.379041 9.9982E-05 0.0524686 0.0256978 0.180767
0.130774 9.9982E-05 0.00571674 0.595022 0.073361 9.9982E-05 0.0522767 0.142649
0.0735136 0.51533 0.012381 0.314634 0.00947088 9.9991E-05 0.0438726 0.0306979
0.0224919 0.175255 0.184269 0.528792 0.0372937 0.0281691 0.0236299 9.9991E-05
0.0566438 0.348761 0.11295 0.186417 0.0369785 0.049441 0.0126463 0.196162
0.0851323 0.105602 0.115806 0.532135 0.150087 9.9982E-05 0.0110376 9.9982E-05
9.9973E-05 0.644539 9.9973E-05 0.230446 0.051121 0.00289306 0.0707012 9.9973E-05
0.185142 0.175975 9.9982E-05 0.519551 0.0621957 0.0284876 0.028449 9.9982E-05
0.115361 0.314063 0.112746 0.215227 0.0403671 0.0779287 0.00204476 0.122263
0.116606 0.431936 0.101628 0.142877 0.0374768 0.0204208 0.00191528 0.14714
9.9964E-05 0.284108 0.100484 0.0847759 9.9964E-05 9.9964E-05 9.9964E-05 0.530232
0.0224 0.607183 9.9982E-05 0.0158834 0.0179395 9.9982E-05 0.0497852 0.286609
0.0403646 0.456608 0.0818553 0.0891185 0.0449161 0.0280513 0.0229227 0.236163
0.0663615 0.36122 0.0546994 0.0664282 9.9973E-05 9.9973E-05 9.9973E-05 0.450991
0.108123 0.511277 0.145788 0.0842305 0.0281608 0.0533382 0.0188854 0.0501969
9.9982E-05 0.521494 0.149436 0.0450822 0.0232553 9.9982E-05 0.0267484 0.233783
0.125657 0.132855 0.0675416 0.0671363 9.9973E-05 9.9973E-05 9.9973E-05 0.606511
0.078377 0.260201 0.0440125 9.9964E-05 9.9964E-05 9.9964E-05 9.9964E-05 0.617009
9.9973E-05 0.474842 0.100325 0.0841649 9.9973E-05 9.9973E-05 0.0162785 0.32409
0.188621 0.182794 9.9964E-05 0.0971509 9.9964E-05 9.9964E-05 9.9964E-05 0.531034
0.0526752 0.50208 9.9964E-05 0.13002 9.9964E-05 9.9964E-05 9.9964E-05 0.314825
0.215198 0.0572618 0.02632 0.611737 0.0175336 0.0717502 9.9982E-05 9.9982E-05
0.0473737 0.266641 0.282407 0.349934 9.9973E-05 9.9973E-05 9.9973E-05 0.0533445
0.108748 0.29576 0.101318 0.422525 9.9982E-05 0.0355649 0.0358852 9.9982E-05
0.0615898 0.599516 9.9982E-05 0.215986 0.0100514 0.0805645 0.0320923 9.9982E-05
0.239157 0.179411 9.9982E-05 0.46772 9.9982E-05 0.0671292 0.00587255 0.0405105
0.0752162 0.389563 0.0894121 0.18139 0.0203037 0.116631 0.010978 0.116506
9.9982E-05 0.502886 0.0495255 0.284654 0.030335 0.0851457 9.9982E-05 0.047253
0.0511485 0.426271 0.0555598 0.250295 0.0286856 0.095833 0.0048411 0.0873665
0.0591485 0.422363 0.0915502 0.253517 9.9982E-05 0.142684 0.0305375 9.9982E-05
0.120037 0.41859 9.9982E-05 0.380677 0.0207284 0.0394242 0.0203426 9.9982E-05
0.158324 0.166725 0.0647779 0.499692 9.9973E-05 0.110181 9.9973E-05 9.9973E-05
0.049897 0.303295 0.115228 0.424405 0.00297053 0.103014 0.00109123 9.9991E-05
9.9964E-05 0.639187 0.125646 0.193373 9.9964E-05 9.9964E-05 9.9964E-05 0.0413946
0.189431 0.426529 9.9982E-05 0.217933 9.9982E-05 0.0474316 0.0367215 0.0817537
0.0728917 0.300132 0.135687 0.378315 9.9991E-05 0.000359309 0.0349476 0.0775676
0.0379728 0.485928 0.216826 0.210976 9.9973E-05 0.0479973 9.9973E-05 9.9973E-05
0.0445428 0.304888 9.9991E-05 0.416317 0.00396466 0.140175 0.0329337 0.0570794
0.0682259 0.565569 0.0487979 0.259079 9.9982E-05 0.0436337 9.9982E-05 0.0144943
0.0267084 0.477731 0.0425312 0.34119 9.9973E-05 0.111539 9.9973E-05 9.9973E-05
0.0758728 0.565429 9.9991E-05 0.142462 0.0208432 0.0419935 0.0843559 0.0689445
0.046634 0.373838 9.9991E-05 0.0105304 0.354274 0.135271 0.0199323 0.0594199
0.148424 0.443629 0.0453141 9.9991E-05 0.12162 0.191183 0.0250472 0.0246839
0.0387174 0.536874 9.9991E-05 0.0576846 0.120597 0.124299 0.0175487 0.104178
9.9982E-05 0.524547 0.156455 0.103503 9.9982E-05 0.142914 0.0474266 0.0249549
0.0477545 0.452371 0.00814558 0.0284305 0.19275 0.214039 0.0564093 9.9991E-05
9.9973E-05 0.500359 0.145749 0.236887 9.9973E-05 9.9973E-05 0.0116854 0.105019
0.11062 0.532772 9.9982E-05 0.0693522 0.119719 0.119159 0.0481779 9.9982E-05
0.139387 0.0417575 0.0169713 9.9982E-05 0.240817 0.147976 9.9982E-05 0.412891
0.00040045 0.489314 0.00659792 0.157321 0.0827931 0.177173 0.0285915 0.0578091
0.0497406 0.569702 0.0221477 0.0513393 0.126787 0.0862088 0.0058239 0.0882506
0.00808816 0.475753 0.0599253 0.152172 0.029675 0.202568 0.0716451 0.000173651
0.0690324 0.325739 0.0297462 0.0168207 0.238947 0.0795453 0.0329862 0.207184
0.0366213 0.495719 0.0914605 9.9991E-05 0.18342 0.119213 0.000224657 0.0732414
9.9982E-05 0.554638 0.114971 0.0418792 0.104183 0.140278 0.0438512 9.9982E-05
0.00540094 9.9982E-05 0.0340444 9.9982E-05 0.414717 0.186427 0.0356081 0.323603
0.0707311 0.399712 0.0119123 0.0980282 0.0366896 0.254004 0.112377 0.0165461
9.9982E-05 0.491367 0.0652473 9.9982E-05 0.130782 0.246668 0.0199828 0.0457532
0.114984 0.513708 0.00587339 0.0826364 0.0866773 0.121662 0.0254918 0.0489676
9.9991E-05 0.561385 0.0276249 0.0118944 0.207056 0.143173 0.0293184 0.0194486
0.0639862 0.483787 0.0627245 0.0668878 0.133665 0.10743 0.0243751 0.0571449
9.9982E-05 0.460278 0.385109 0.0418081 0.0138047 0.0342435 0.0645566 9.9982E-05
9.9973E-05 0.520065 0.294718 9.9973E-05 0.103275 0.069559 0.0120835 9.9973E-05
0.127557 9.9964E-05 0.77301 0.0840265 9.9964E-05 9.9964E-05 9.9964E-05 0.0150071
9.9955E-05 9.9955E-05 0.86407 0.0819304 9.9955E-05 9.9955E-05 9.9955E-05 0.0534994
0.00185002 0.438872 0.370997 9.9991E-05 0.11974 0.0188218 0.0188821 0.0307368
9.9982E-05 0.421701 0.0973259 0.0223846 0.110825 0.255975 9.9982E-05 0.0915883
9.9973E-05 0.335035 0.23293 9.9973E-05 0.126961 0.259162 9.9973E-05 0.0456127
9.9973E-05 0.138736 0.198186 9.9973E-05 0.21323 0.315355 9.9973E-05 0.134194
9.9982E-05 0.339745 0.192455 9.9982E-05 0.196517 0.237072 0.0145231 0.0194879
9.9964E-05 9.9964E-05 0.70164 9.9964E-05 0.0945249 0.0764038 9.9964E-05 0.127032
9.9982E-05 0.0475464 0.679778 9.9982E-05 0.0731692 0.13448 0.0283369 0.0364896
9.9964E-05 0.449864 0.408464 9.9964E-05 9.9964E-05 0.10497 0.0363021 9.9964E-05
9.9964E-05 0.363705 0.493415 9.9964E-05 0.0872498 0.0552297 9.9964E-05 9.9964E-05
9.9973E-05 0.049212 0.763467 9.9973E-05 0.0419795 0.125052 0.0199899 9.9973E-05
0.0203959 0.429399 0.296021 0.038921 0.0829001 0.0817328 0.0505297 9.9991E-05
9.9964E-05 0.476635 0.370286 9.9964E-05 0.0422566 0.110423 9.9964E-05 9.9964E-05
9.9991E-05 0.452658 0.178733 0.06299 0.0951824 0.117906 0.00182337 0.0906064
0.0663197 0.312584 0.589467 0.0252459 9.9973E-05 9.9973E-05 0.00608335 9.9973E-05
0.057535 0.261446 0.488443 0.106602 9.9991E-05 0.0465941 0.0339937 0.00528683
0.022135 0.49404 0.25742 0.0758422 0.0372403 0.0556122 0.0348901 0.0228209
0.0701191 0.314527 0.33822 0.171349 0.0343669 0.0390644 0.0172278 0.0151255
0.101337 0.394225 0.14727 0.0667915 0.0365721 0.135925 0.0390246 0.0788548
9.9955E-05 0.398536 0.506217 9.9955E-05 9.9955E-05 9.9955E-05 9.9955E-05 0.0947468
0.00105953 0.162677 0.74498 0.0698241 0.0211588 9.9973E-05 9.9973E-05 9.9973E-05
0.0537273 0.54141 0.350348 9.9982E-05 0.0212494 0.0304955 0.0025702 9.9982E-05
0.0878607 0.134825 0.748052 0.0288627 9.9964E-05 9.9964E-05 9.9964E-05 9.9964E-05
9.9964E-05 0.345776 0.600693 0.0139588 9.9964E-05 9.9964E-05 0.0391716 9.9964E-05
0.0368684 0.535639 0.296767 9.9991E-05 0.0799119 0.0440932 0.00587684 0.000743736
0.167334 0.399458 0.349308 0.0112054 9.9982E-05 0.0118715 0.0606229 9.9982E-05
0.0988714 0.430086 0.100392 9.9991E-05 0.117735 0.16504 0.00672633 0.0810485
0.107065 0.384483 0.207191 0.0498325 0.154228 0.0969998 9.9982E-05 9.9982E-05
0.0504006 0.183472 0.122421 9.9982E-05 0.108862 0.323474 9.9982E-05 0.21117
9.9991E-05 0.32384 0.115984 0.0456832 0.193277 0.161449 0.0241054 0.13556
9.9991E-05 0.47835 0.0605064 0.113268 0.103778 0.190478 0.00282212 0.0506973
9.9982E-05 0.385562 0.153849 9.9982E-05 0.132353 0.0908056 0.109311 0.12792
9.9973E-05 9.9973E-05 0.637904 9.9973E-05 0.147148 0.106437 0.0352914 0.07292
9.9973E-05 0.576793 0.152357 9.9973E-05 0.0454292 0.189515 0.0356063 9.9973E-05
9.9964E-05 9.9964E-05 0.390607 9.9964E-05 0.407337 0.0762762 9.9964E-05 0.12538
9.9964E-05 0.438346 0.324249 9.9964E-05 0.0630823 0.173922 9.9964E-05 9.9964E-05
0.1681 0.0142303 0.79774 9.9964E-05 9.9964E-05 9.9964E-05 9.9964E-05 0.0195297
0.110323 9.9964E-05 0.858818 0.0235336 9.9964E-05 9.9964E-05 0.00692534 9.9964E-05
0.0019581 0.424508 0.542791 0.0216362 9.9973E-05 9.9973E-05 0.00880688 9.9973E-05
9.9955E-05 0.612947 0.367588 9.9955E-05 9.9955E-05 9.9955E-05 0.0189659 9.9955E-05
0.0648847 0.354066 0.572339 9.9964E-05 9.9964E-05 9.9964E-05 9.9964E-05 0.00831044
0.0128011 0.436168 0.528677 9.9964E-05 9.9964E-05 0.0219543 9.9964E-05 9.9964E-05
9.9955E-05 0.494448 0.49744 9.9955E-05 0.00761165 9.9955E-05 9.9955E-05 9.9955E-05
9.9982E-05 0.0778666 0.101608 9.9982E-05 0.73849 0.0109448 0.0645009 0.00639044
9.9973E-05 9.9973E-05 0.0447842 0.13573 0.654821 0.127387 0.0369781 9.9973E-05
9.9964E-05 9.9964E-05 9.9964E-05 0.0135235 0.866761 0.081479 0.0378368 9.9964E-05
9.9955E-05 0.045556 9.9955E-05 9.9955E-05 0.802674 9.9955E-05 0.15127 9.9955E-05
0.409143 0.406192 0.0547238 9.9973E-05 9.9973E-05 0.094851 0.0347901 9.9973E-05
0.306439 0.428777 0.0716891 0.0902628 0.0946725 0.00795961 9.9982E-05 9.9982E-05
0.447528 0.482217 0.0272646 0.00547463 9.9973E-05 9.9973E-05 0.037216 9.9973E-05
0.233324 0.569512 9.9991E-05 0.0146897 0.10988 0.0077306 0.0188207 0.0459427
0.1498 0.565447 9.9973E-05 0.0865106 0.121755 9.9973E-05 9.9973E-05 0.0761871
0.535549 0.113013 0.0729071 0.139688 9.9982E-05 0.0473418 9.9982E-05 0.0913008
0.337858 0.533433 0.104335 9.9973E-05 9.9973E-05 0.0184158 0.00565848 9.9973E-05
0.513669 0.274574 0.06936 9.9973E-05 9.9973E-05 9.9973E-05 0.0447978 0.0972994
9.9982E-05 0.443802 0.0738113 0.0626786 0.223019 0.154937 9.9982E-05 0.0415526
0.314255 0.419657 0.142135 0.0689414 9.9982E-05 0.0507872 9.9982E-05 0.0040244
0.589175 0.258514 9.9964E-05 0.111013 9.9964E-05 9.9964E-05 0.0408977 9.9964E-05
0.337811 0.530935 0.0842897 9.9973E-05 9.9973E-05 9.9973E-05 0.0196834 0.0269806
0.437118 0.41293 0.0798493 0.0495076 0.0202952 9.9973E-05 9.9973E-05 9.9973E-05
0.293205 0.540466 0.0897291 9.9973E-05 9.9973E-05 0.0336216 9.9973E-05 0.0426783
0.408831 0.462506 0.0509092 9.9973E-05 0.0147043 9.9973E-05 0.0627501 9.9973E-05
0.861336 0.0583208 0.0213316 9.9964E-05 9.9964E-05 9.9964E-05 9.9964E-05 0.0586117
0.553684 0.171095 0.0677788 0.00785337 0.0157088 0.0624983 0.00119021 0.120191
0.569759 0.272205 9.9982E-05 0.0385974 9.9982E-05 0.0134545 0.0240722 0.0817124
0.85048 9.9946E-05 9.9946E-05 9.9946E-05 9.9946E-05 9.9946E-05 9.9946E-05 0.14892
0.400943 0.403488 0.0995788 0.0413158 0.0419114 0.0125634 9.9982E-05 9.9982E-05
0.562984 0.0744623 0.0783099 0.00246857 9.9982E-05 0.0118725 9.9982E-05 0.269702
0.692905 9.9955E-05 0.10393 9.9955E-05 9.9955E-05 9.9955E-05 9.9955E-05 0.202665
0.39008 0.521499 0.0435422 9.9982E-05 0.00162211 0.03014 0.012916 9.9982E-05
0.591447 0.197696 9.9973E-05 0.118463 0.0771715 9.9973E-05 0.0149228 9.9973E-05
0.444209 0.402246 9.9973E-05 0.0362098 9.9973E-05 0.0474597 9.9973E-05 0.0695762
0.200823 0.656839 9.9973E-05 9.9973E-05 0.0536063 9.9973E-05 0.0336606 0.0547704
0.334686 0.516848 0.00649724 0.109128 9.9982E-05 0.0040158 9.9982E-05 0.0286248
0.0264921 0.419995 0.0755533 0.223548 9.9982E-05 0.0421061 9.9982E-05 0.212106
0.319308 0.506172 0.039485 0.0533196 0.0472366 0.034278 9.9982E-05 9.9982E-05
0.367929 0.437154 9.9973E-05 0.125594 9.9973E-05 0.0169106 0.0521119 9.9973E-05
0.636232 0.292225 0.0292566 0.0164048 9.9973E-05 9.9973E-05 0.025581 9.9973E-05
0.189739 0.485167 0.0780817 0.0885126 0.0138658 0.00706529 0.0452877 0.0922811
9.9973E-05 9.9973E-05 0.0382141 0.305627 0.576759 9.9973E-05 0.0601764 0.0189231
0.0810302 0.0319927 0.022149 0.0590979 0.697439 9.9991E-05 0.0572075 0.050984
0.011873 9.9973E-05 9.9973E-05 0.117495 0.685672 9.9973E-05 0.132642 0.0520189
9.9973E-05 9.9973E-05 0.0571687 0.116782 0.705753 9.9973E-05 0.0914045 0.0285916
9.9973E-05 0.00312386 9.9973E-05 0.190118 0.66281 9.9973E-05 0.0581565 0.0854918
0.758067 0.113031 9.9964E-05 0.0718652 0.0566372 9.9964E-05 9.9964E-05 9.9964E-05
0.701017 0.12894 9.9982E-05 0.104215 0.0373461 9.9982E-05 0.0214777 0.00680453
0.727198 0.144993 0.0145295 9.9964E-05 9.9964E-05 9.9964E-05 9.9964E-05 0.11288
0.220233 0.491276 0.057932 0.0211279 0.038059 0.0662953 0.0356897 0.0693871
0.158888 0.379435 0.101133 0.0805246 0.0767292 0.140606 0.062584 9.9991E-05
0.589499 0.251813 9.9982E-05 9.9982E-05 0.0162065 0.0122375 0.0144693 0.115574
0.259666 0.58004 0.09547 9.9973E-05 9.9973E-05 0.0476735 0.0168501 9.9973E-05
0.562536 0.267923 0.00583045 9.9991E-05 0.0543952 0.0449281 0.00419048 0.0600964
0.260986 0.530339 0.123085 0.035266 0.0399848 9.9982E-05 9.9982E-05 0.0101391
0.377677 0.540231 9.9973E-05 0.00126919 0.0374278 0.0430958 9.9973E-05 9.9973E-05
0.677972 0.138375 9.9973E-05 0.0666383 9.9973E-05 0.0596477 9.9973E-05 0.057067
0.595567 0.307981 9.9964E-05 0.0566106 9.9964E-05 9.9964E-05 0.0394406 9.9964E-05
0.579597 0.288885 9.9955E-05 0.131018 9.9955E-05 9.9955E-05 9.9955E-05 9.9955E-05
9.9973E-05 0.588462 0.0290164 9.9973E-05 0.0948514 9.9973E-05 0.0150877 0.272282
0.570691 0.362776 9.9973E-05 0.0232737 0.0232777 9.9973E-05 0.019682 9.9973E-05
0.382925 0.430491 0.0634135 0.0599085 0.0298254 9.9982E-05 0.0332362 9.9982E-05
0.106729 0.373795 9.9982E-05 0.0503121 0.0621405 0.397427 0.00939683 9.9982E-05
9.9973E-05 0.433024 9.9973E-05 9.9973E-05 0.130819 0.381615 0.0113629 0.0428797
9.9973E-05 0.442487 0.0110362 9.9973E-05 0.118723 0.379694 9.9973E-05 0.0477602
9.9982E-05 0.341452 0.0736841 9.9982E-05 0.0896937 0.360289 0.0442301 0.0904504
9.9991E-05 0.442942 0.0515335 0.0176559 0.185247 0.234867 0.00850583 0.0591484
0.245629 0.516352 0.0245885 9.9982E-05 0.0210188 0.0380872 9.9982E-05 0.154125
9.9991E-05 0.0255117 0.0225257 0.00533242 0.183445 0.669909 0.0497019 0.0434743
0.0127715 0.288949 0.0416869 9.9982E-05 0.164669 0.44402 0.0477036 9.9982E-05
0.00151046 0.381078 0.0433738 9.9991E-05 0.147161 0.17082 0.00253912 0.253418
0.0214468 0.583256 0.0703119 0.0223118 0.0984154 9.9991E-05 0.0126665 0.191491
0.0187129 0.434311 0.0470724 0.108346 9.9982E-05 9.9982E-05 0.0704428 0.320915
0.034282 0.563911 9.9973E-05 9.9973E-05 0.0986921 0.0248644 9.9973E-05 0.277951
0.0606578 0.614286 9.9991E-05 0.066449 0.0519334 0.00593888 0.0373443 0.16329
9.9964E-05 0.365643 9.9964E-05 9.9964E-05 0.213482 0.403058 0.0174174 9.9964E-05
9.9973E-05 0.393874 0.0677671 0.126202 0.0900539 0.321803 9.9973E-05 9.9973E-05
9.9964E-05 0.445994 9.9964E-05 9.9964E-05 0.0997545 0.425989 9.9964E-05 0.0278621
9.9982E-05 0.38573 0.124247 0.0849735 0.102655 0.288319 0.0138759 9.9982E-05
0.00703559 0.298728 9.9982E-05 9.9982E-05 0.0860048 0.467255 0.0736983 0.0670784
0.120493 0.362576 9.9991E-05 0.00279896 0.118002 0.314677 0.0192166 0.0621373
9.9973E-05 0.266404 9.9973E-05 0.0431387 0.0952906 0.534745 9.9973E-05 0.0601228
0.123009 0.269597 0.0491223 0.0495468 0.0655281 0.433578 0.00951906 9.9991E-05
0.0352067 0.529556 9.9973E-05 9.9973E-05 0.041055 9.9973E-05 0.0187226 0.37516
0.102136 0.340135 9.9973E-05 9.9973E-05 0.181512 0.342333 9.9973E-05 0.0335845
9.9982E-05 0.167233 0.0268365 9.9982E-05 0.186051 0.581347 0.0111277 0.0272047
0.133199 0.25695 0.0206604 0.0449867 0.0869338 0.389722 0.0257373 0.0418108
0.0930169 0.228072 9.9982E-05 0.228635 0.128567 9.9982E-05 0.0025916 0.318918
9.9964E-05 0.511048 9.9964E-05 0.135782 9.9964E-05 0.138258 9.9964E-05 0.214512
0.083824 0.332421 0.0176637 0.0776929 0.207161 0.264179 0.000152412 0.0169059
9.9973E-05 0.643695 9.9973E-05 0.0438876 0.0840958 9.9973E-05 0.053383 0.174639
0.0710533 0.442554 9.9991E-05 0.0603274 0.13718 0.00909456 0.0401287 0.239562
0.0982142 0.37178 9.9982E-05 0.00234416 0.191695 0.196331 9.9982E-05 0.139436
9.9982E-05 0.34336 0.120243 9.9982E-05 0.232392 0.234865 0.0171458 0.0517948
0.0911553 0.553316 0.0369394 0.0309795 0.0903719 0.0327765 0.0999621 0.0644993
0.15716 0.369446 9.9973E-05 9.9973E-05 0.107739 0.307147 9.9973E-05 0.0582082
9.9973E-05 0.390698 0.0310278 9.9973E-05 0.161253 0.405881 9.9973E-05 0.0108407
9.9973E-05 0.205693 9.9973E-05 9.9973E-05 0.179107 0.537151 0.0198784 0.0578703
0.0363156 0.595472 0.0558811 0.0501871 0.0547646 0.0284315 0.0315196 0.147428
0.00239384 0.468324 9.9982E-05 0.0134083 0.0763828 9.9982E-05 0.0645436 0.374748
9.9964E-05 0.238334 9.9964E-05 9.9964E-05 0.0147931 9.9964E-05 0.0661898 0.680283
0.0182837 0.554812 9.9982E-05 0.103646 0.0902236 0.0885781 9.9982E-05 0.144256
0.0224373 0.459569 0.0355204 0.148834 0.146592 9.9982E-05 9.9982E-05 0.186847
0.0388336 0.38175 0.0572452 9.9991E-05 0.146636 0.214828 0.0294044 0.131203
0.0618604 0.359822 0.0548697 0.196281 0.10773 0.0730615 0.0427349 0.10364
9.9955E-05 9.9955E-05 9.9955E-05 9.9955E-05 0.298262 0.190178 9.9955E-05 0.511061
9.9964E-05 9.9964E-05 9.9964E-05 9.9964E-05 0.213818 0.118297 0.0464094 0.621076
9.9991E-05 0.271006 0.0912936 0.084716 0.147303 0.107048 0.00710948 0.291424
