0.900144 9.9973E-05 9.9973E-05 0.0409728 0.0118685 0.0341746 0.0125407 9.9973E-05
0.906291 0.050092 0.0318477 9.9964E-05 9.9964E-05 9.9964E-05 9.9964E-05 0.0113695
0.78389 0.0110462 9.9982E-05 0.026745 0.0225056 0.0409522 0.114661 9.9982E-05
0.787073 9.9964E-05 9.9964E-05 0.0548394 9.9964E-05 0.110293 0.0473946 9.9964E-05
0.825112 9.9964E-05 0.101276 0.0724255 9.9964E-05 9.9964E-05 9.9964E-05 0.000786562
0.57661 0.0116404 0.00504822 0.108181 9.9973E-05 9.9973E-05 9.9973E-05 0.298221
0.757583 9.9955E-05 0.0431993 9.9955E-05 9.9955E-05 9.9955E-05 9.9955E-05 0.198718
0.693422 9.9964E-05 9.9964E-05 0.0219527 9.9964E-05 0.0302048 9.9964E-05 0.25402
0.77738 0.0439809 9.99639E-05 9.99639E-05 0.0831903 0.0950491 9.99639E-05 9.99639E-05
0.649778 9.9955E-05 9.9955E-05 0.0888801 9.9955E-05 9.9955E-05 9.9955E-05 0.260842
0.697825 9.9955E-05 9.9955E-05 9.9955E-05 9.9955E-05 0.0763978 9.9955E-05 0.225277
9.9973E-05 0.189941 9.9973E-05 0.057659 0.0820963 0.417687 0.252317 9.9973E-05
9.9973E-05 0.0777564 9.9973E-05 9.9973E-05 0.0598082 0.324241 0.536477 0.00141734
9.9982E-05 0.0991435 0.062993 0.0107487 0.186555 0.354454 0.285906 9.9982E-05
9.9982E-05 0.0288944 0.0354956 0.0425962 0.215623 0.258737 0.418454 9.9982E-05
0.0993379 0.103577 0.0350629 0.0789702 0.0167782 0.206937 0.387351 0.0719853
0.0989438 0.0167399 0.0470812 0.054805 0.051761 0.0985308 0.587184 0.0449539
9.999E-05 0.145692 0.0628748 0.0687167 0.0905333 0.184668 0.340057 0.107358
0.0444659 0.152413 9.9982E-05 0.0297053 0.172822 0.247733 0.352661 9.9982E-05
0.0163652 0.0924655 0.0307642 0.0841408 0.0201847 0.589048 9.9991E-05 0.166932
9.999E-05 0.246349 0.00778839 0.0381984 0.0844619 0.208979 0.3992 0.0149238
9.9982E-05 0.0893071 0.00194682 9.9982E-05 0.200885 0.123171 0.521884 0.0626066
0.00493223 0.0882381 9.9982E-05 9.9982E-05 0.041196 0.167097 0.62475 0.073587
9.999E-05 0.225109 0.0277929 0.0439256 0.0936935 0.266416 0.319972 0.0229897
0.119871 0.111475 0.12124 0.0696504 9.9991E-05 0.0809659 0.450773 0.0459246
9.9982E-05 0.151762 9.9982E-05 0.0842508 0.0678321 0.137046 0.500798 0.058112
0.0333034 0.190116 0.00959106 0.0833936 0.0474011 0.428662 0.184341 0.0231912
9.9973E-05 0.0719514 9.9973E-05 0.108913 0.20952 0.351544 0.257772 9.9973E-05
9.9982E-05 0.141732 0.121615 9.9982E-05 0.116512 0.374454 0.205361 0.040127
0.80109 9.9955E-05 9.9955E-05 0.118905 9.9955E-05 9.9955E-05 0.0795055 9.9955E-05
0.782718 9.9964E-05 9.9964E-05 0.021157 9.9964E-05 0.0195558 0.176169 9.9964E-05
0.781176 0.0683754 9.9973E-05 0.0121454 9.9973E-05 0.00218912 0.135814 9.9973E-05
0.720302 0.0335767 9.9973E-05 0.0660552 0.030876 9.9973E-05 0.148891 9.9973E-05
0.0670807 0.301494 0.0140065 9.9982E-05 9.9982E-05 0.112868 0.42037 0.0839805
0.107878 0.339922 9.9982E-05 0.0616269 9.9982E-05 0.00833729 0.423375 0.058661
9.9964E-05 0.342078 9.9964E-05 0.0705795 9.9964E-05 9.9964E-05 0.513646 0.0732965
0.0698254 0.161964 9.9973E-05 0.016814 9.9973E-05 0.604022 0.147075 9.9973E-05
0.0236056 0.638549 9.9964E-05 9.9964E-05 0.0475351 9.9964E-05 0.28991 9.9964E-05
0.0727909 0.230584 0.00364612 9.9982E-05 0.0176265 0.149559 0.525593 9.9982E-05
9.9973E-05 0.169768 9.9973E-05 9.9973E-05 0.087822 0.0188119 0.695548 0.0277494
0.0612793 0.0316092 9.9982E-05 0.0167093 9.9982E-05 0.0333338 0.50988 0.346988
0.107795 0.123116 9.9973E-05 0.00186981 9.9973E-05 9.9973E-05 0.567839 0.19908
0.00373542 0.676743 9.9973E-05 9.9973E-05 0.0669677 0.131717 0.120537 9.9973E-05
0.0189057 9.9973E-05 9.9973E-05 9.9973E-05 0.0747662 0.0637882 0.605562 0.236678
0.0469751 0.240798 0.0251334 0.0408172 9.9982E-05 9.9982E-05 0.519821 0.126255
0.1221 0.176502 9.9982E-05 0.0205713 9.9982E-05 0.119742 0.52861 0.0322739
9.9955E-05 0.645062 9.9955E-05 9.9955E-05 0.0408281 9.9955E-05 0.31361 9.9955E-05
9.9973E-05 0.249577 9.9973E-05 0.00872685 9.9973E-05 0.0455827 0.68345 0.0123641
0.11151 0.263744 9.9973E-05 0.0541547 0.0317155 9.9973E-05 0.538576 9.9973E-05
0.0226619 0.735424 9.9973E-05 9.9973E-05 0.17853 0.030871 9.9973E-05 0.0322132
9.9982E-05 0.253855 0.0574192 9.9982E-05 0.101052 0.398687 0.0871281 0.101658
0.0172786 0.251009 0.176451 9.9991E-05 0.159083 0.196326 0.0497045 0.150049
0.130489 0.125408 9.9982E-05 0.0394767 0.0441965 0.0959442 0.564286 9.9982E-05
0.107631 0.0372251 0.0940372 0.101806 0.00919839 9.9991E-05 0.596096 0.0539067
0.0264412 0.099329 0.0471353 0.00873781 9.9991E-05 0.125422 0.578837 0.113997
0.113011 0.335276 9.9973E-05 9.9973E-05 0.0962379 0.29568 0.159495 9.9973E-05
9.9973E-05 0.0488809 9.9973E-05 9.9973E-05 0.0428258 0.245071 0.638737 0.0241856
9.9982E-05 0.0660067 9.9982E-05 0.0738436 0.118608 0.000252403 0.532033 0.209057
0.0859553 0.106614 0.100361 0.00859814 9.9991E-05 0.196388 0.313269 0.188715
0.160254 0.0935846 0.0321377 0.0104195 0.174443 0.307867 0.0903892 0.130906
0.0844626 0.173761 0.00269815 0.0170628 0.0613236 0.107975 0.552617 9.9991E-05
9.9982E-05 0.104427 0.0525921 0.0556624 0.117036 0.269297 0.400786 9.9982E-05
0.00200412 0.260693 9.9982E-05 9.9982E-05 0.137559 0.501927 0.0474275 0.0501899
9.9973E-05 0.186236 0.0754604 9.9973E-05 0.102599 0.199034 0.43637 9.9973E-05
9.9991E-05 0.0836657 0.0840652 0.0187812 0.0554812 0.0797732 0.632568 0.0455653
0.0606588 0.0842855 0.0514835 9.9982E-05 0.122972 0.0945313 0.585869 9.9982E-05
0.00748917 0.283699 0.0197924 0.0628197 0.0450481 0.282585 0.26832 0.0302468
9.9982E-05 0.136579 0.0747056 9.9982E-05 0.154048 0.193675 0.430584 0.010208
0.0481268 0.0146365 0.118877 9.9991E-05 0.0669405 0.16353 0.555208 0.0325817
9.9982E-05 0.129391 0.0916343 9.9982E-05 0.121168 0.365254 0.219617 0.0727359
9.9955E-05 0.379584 9.9955E-05 9.9955E-05 9.9955E-05 0.0829907 0.536925 9.9955E-05
0.0042738 0.732727 9.9982E-05 0.0649162 9.9982E-05 0.074261 0.0964394 0.0271825
0.0269397 0.291151 9.9982E-05 0.0632318 0.0438361 0.0795041 0.495138 9.9982E-05
9.9964E-05 0.865911 0.00818852 9.9964E-05 0.0859855 9.9964E-05 9.9964E-05 0.0395151
9.9973E-05 0.893654 0.0249039 9.9973E-05 0.034222 0.00426735 9.9973E-05 0.042653
9.9973E-05 0.717639 0.0168238 0.015688 9.9973E-05 0.0261988 0.22335 9.9973E-05
0.0504555 0.430585 9.9973E-05 0.00977318 9.9973E-05 0.0783172 0.430569 9.9973E-05
0.0787839 0.225279 0.0808159 0.0590958 0.0294832 0.0383842 0.480407 0.0077509
0.0150112 0.439843 9.9973E-05 9.9973E-05 0.0801762 0.0308518 0.433818 9.9973E-05
0.0558735 0.67198 9.9973E-05 0.0416176 9.9973E-05 0.140769 0.0894597 9.9973E-05
0.0671815 0.548935 0.0199669 0.00415867 9.9991E-05 0.166295 0.169534 0.0238281
0.0565495 0.342443 9.9964E-05 0.0897505 9.9964E-05 9.9964E-05 0.510857 9.9964E-05
0.0237495 0.582282 0.0413881 0.0399597 9.9982E-05 9.9982E-05 0.262232 0.0501887
0.0519988 0.477902 9.9973E-05 9.9973E-05 9.9973E-05 0.0404078 0.41937 0.0100209
9.9964E-05 0.581639 9.9964E-05 9.9964E-05 0.0248253 9.9964E-05 0.336771 0.0563646
9.9955E-05 0.724937 0.15668 9.9955E-05 0.117883 9.9955E-05 9.9955E-05 9.9955E-05
9.9973E-05 0.238887 9.9973E-05 0.0504021 9.9973E-05 0.0498668 0.637315 0.0232291
0.782896 9.9964E-05 9.9964E-05 0.025484 9.9964E-05 0.0717669 0.119453 9.9964E-05
0.885443 9.9946E-05 9.9946E-05 9.9946E-05 9.9946E-05 9.9946E-05 0.113958 9.9946E-05
0.863881 9.9946E-05 9.9946E-05 9.9946E-05 9.9946E-05 9.9946E-05 0.13552 9.9946E-05
0.87779 9.9955E-05 9.9955E-05 9.9955E-05 0.0792279 9.9955E-05 0.042482 9.9955E-05
0.849756 0.0510765 9.9973E-05 0.00626441 0.0219928 9.9973E-05 0.0706101 9.9973E-05
0.839366 9.9973E-05 9.9973E-05 0.0300509 0.071914 9.9973E-05 0.058208 0.000160982
0.881244 9.99551E-05 9.99551E-05 9.99551E-05 0.0307624 9.99551E-05 0.0874939 9.99551E-05
0.0743406 0.266893 0.0216063 0.113436 0.0245155 0.0385993 0.421253 0.0393563
0.130915 0.192239 0.0640371 0.0823027 9.9982E-05 0.0830034 0.447303 9.9982E-05
0.0624696 0.836819 0.0326446 9.9964E-05 9.9964E-05 0.0676671 9.9964E-05 9.9964E-05
0.112239 0.02895 0.0635467 0.0162711 0.0465374 0.041826 0.499196 0.191434
0.00669371 0.410841 9.9982E-05 0.0565294 9.9982E-05 0.120198 0.369283 0.0362552
0.0862913 0.330511 0.0242895 9.9964E-05 9.9964E-05 9.9964E-05 0.558508 9.9964E-05
0.0506199 0.265891 0.0777619 0.00391936 0.00638485 0.0562353 0.539088 9.9991E-05
0.0336161 0.440227 9.9973E-05 0.0974331 9.9973E-05 0.00355727 0.424867 9.9973E-05
0.0361787 0.728954 0.0454868 9.9973E-05 0.0143888 0.174691 9.9973E-05 9.9973E-05
0.125506 0.198857 0.0037428 0.0520318 9.9991E-05 0.0122487 0.568388 0.0391258
0.0633143 0.0845287 0.0207533 0.00154332 9.9991E-05 0.134395 0.578251 0.117114
0.072015 0.0385834 0.0583083 0.0360055 0.0580603 0.0532432 0.551295 0.132489
9.9982E-05 0.511961 0.0213302 0.0486432 0.0350361 9.9982E-05 0.220346 0.162483
0.0184647 0.357786 0.0841138 0.0182944 9.9982E-05 9.9982E-05 0.452309 0.0688321
0.0292423 0.441722 9.9973E-05 9.9973E-05 9.9973E-05 0.029285 0.433319 0.0661321
9.9955E-05 0.693732 9.9955E-05 0.10071 9.9955E-05 9.9955E-05 0.205059 9.9955E-05
0.0973997 0.493044 9.9964E-05 9.9964E-05 9.9964E-05 0.0284077 0.380749 9.9964E-05
0.0514795 0.112022 0.00113468 9.9991E-05 0.0544403 0.133235 0.550888 0.0967006
9.9973E-05 0.087532 0.202927 9.9973E-05 0.159914 0.341042 0.208286 9.9973E-05
0.0673133 9.9982E-05 9.9982E-05 0.0958359 0.114238 0.286889 0.342696 0.0928273
0.0864097 0.157432 0.0242378 0.11336 9.9982E-05 0.137163 0.481198 9.9982E-05
0.0869553 0.111932 9.9982E-05 0.0592803 9.9982E-05 0.0987081 0.56468 0.0782441
0.0402946 0.00238631 0.0882136 9.9982E-05 9.9982E-05 0.335615 0.471251 0.0620393
9.9973E-05 0.121406 0.0449975 0.0345765 9.9973E-05 0.223306 0.575414 9.9973E-05
0.00155582 9.9973E-05 0.0946801 0.0114561 9.9973E-05 0.425687 0.466321 9.9973E-05
9.9982E-05 0.0873664 0.123604 9.9982E-05 0.0877801 0.110625 0.55127 0.0391546
0.0597626 9.9982E-05 0.0653165 9.9982E-05 0.0289796 0.173322 0.485487 0.186933
0.0457664 0.127649 0.0301885 9.9991E-05 0.0242148 0.155772 0.596795 0.0195137
9.9973E-05 0.0678833 0.0724203 9.9973E-05 0.0402922 0.322736 0.496369 9.9973E-05
9.9973E-05 0.0805823 9.9973E-05 9.9973E-05 0.0812253 0.131108 0.653894 0.0528901
0.104287 9.9973E-05 0.102707 9.9973E-05 0.133305 0.0707188 0.588682 9.9973E-05
9.99667E-05 9.99667E-05 0.119585 0.0203932 9.99667E-05 0.25071 0.608912 9.99667E-05
0.0907564 0.0661433 0.0913861 0.0467686 9.9991E-05 0.135514 0.50016 0.0691716
9.9982E-05 0.00263493 0.122419 0.0258763 0.131594 0.170266 0.547009 9.9982E-05
9.9973E-05 9.9973E-05 0.0175846 9.9973E-05 0.155754 0.341963 0.415571 0.0688277
9.9982E-05 9.9982E-05 0.0374039 0.0159392 0.034365 0.181727 0.714889 0.015476
9.9964E-05 9.9964E-05 0.148803 9.9964E-05 0.0762698 0.123855 0.650672 9.9964E-05
0.0369192 0.144399 0.0840668 0.0932253 9.9991E-05 0.399404 0.214412 0.0274741
9.9973E-05 0.191288 0.182434 9.9973E-05 0.217222 0.243931 0.164825 9.9973E-05
0.0209853 0.113207 0.0571168 9.9991E-05 0.0435668 0.143584 0.560358 0.0610828
9.9982E-05 0.13486 0.316488 0.0386873 0.121427 0.309747 0.0785907 9.9982E-05
0.0437057 0.182433 0.0533532 9.9982E-05 0.0287477 0.390485 0.301076 9.9982E-05
9.9973E-05 0.169931 0.0789149 9.9973E-05 9.9973E-05 0.306764 0.404919 0.0391708
0.0405384 0.103419 0.0486883 9.9973E-05 9.9973E-05 0.456687 0.350367 9.9973E-05
0.00883185 0.235666 9.9973E-05 9.9973E-05 9.9973E-05 0.417644 0.289843 0.0477158
0.0380078 0.0996141 0.0774877 0.02752 9.9991E-05 0.0323308 0.616088 0.108852
0.114471 0.0848743 0.121483 0.0435168 0.0173001 0.0810229 0.537232 9.9991E-05
0.0385849 0.164478 0.048413 9.9991E-05 0.02723 0.145322 0.514527 0.0613447
9.9973E-05 0.18291 0.0878461 9.9973E-05 0.19714 0.351492 0.180312 9.9973E-05
0.134539 0.106087 9.9982E-05 9.9982E-05 0.0783792 0.122562 0.483006 0.0752271
9.9982E-05 0.154836 9.9982E-05 0.0589243 0.124811 0.00876409 0.444063 0.208402
0.0183953 0.113733 0.113984 9.9982E-05 0.295375 0.143544 9.9982E-05 0.314769
0.140945 0.0586397 0.0918934 9.9973E-05 9.9973E-05 9.9973E-05 0.618761 0.0894608
0.0509156 0.195132 0.0885179 9.9991E-05 0.146326 0.0468542 0.328633 0.143522
0.0134512 0.0274743 0.0137661 9.9991E-05 0.209917 0.0761715 0.497211 0.161908
9.9982E-05 0.108049 0.00491772 9.9982E-05 0.262437 0.080982 0.238155 0.305259
0.0396479 0.0875394 0.131217 9.9991E-05 0.10154 0.110901 0.140249 0.388805
0.0112828 9.9982E-05 0.12789 9.9982E-05 0.128547 0.115389 0.413601 0.20309
0.0294626 0.0750197 0.138448 0.0643945 0.0620783 0.151941 0.426991 0.0516644
0.122915 0.0969463 0.0245545 9.9991E-05 0.161254 0.0246003 0.422057 0.147573
9.9982E-05 0.244029 0.157178 0.104513 0.226279 0.0657402 9.9982E-05 0.20206
0.10762 0.0402133 0.140902 0.0507715 0.000609762 0.10915 0.471823 0.0789106
9.9982E-05 0.149036 0.0430125 9.9982E-05 0.0422799 0.101808 0.325455 0.338208
9.9982E-05 0.207283 0.0821043 9.9982E-05 0.0509124 0.0865901 0.445994 0.126917
0.0879731 0.135131 0.0944496 0.0758139 0.0368903 0.0658207 0.503822 9.9991E-05
0.246823 9.9982E-05 9.9982E-05 0.195586 0.18612 0.0545799 0.14658 0.170111
0.385662 9.9964E-05 9.9964E-05 0.108253 0.465546 9.9964E-05 9.9964E-05 0.0401385
0.261906 9.9973E-05 0.0488343 0.0844772 0.560929 9.9973E-05 9.9973E-05 0.0435538
0.260981 9.9973E-05 9.9973E-05 0.234072 0.311497 0.0462041 0.146945 9.9973E-05
9.9955E-05 9.9955E-05 0.0170054 9.9955E-05 9.9955E-05 9.9955E-05 0.578846 0.403648
0.118845 0.139865 0.142879 0.103637 9.9982E-05 9.9982E-05 0.360311 0.134262
0.00708724 0.0112558 9.9973E-05 0.642867 9.9973E-05 0.0161562 0.322334 9.9973E-05
0.0656121 0.0675384 9.9982E-05 0.418207 0.0111405 0.100579 0.336723 9.9982E-05
0.0519647 0.00942656 9.9991E-05 0.404525 0.0574078 0.053766 0.338479 0.0843312
9.9973E-05 0.0712652 0.225923 9.9973E-05 0.00876812 9.9973E-05 0.206105 0.487639
0.090569 0.265163 0.0432901 0.0717433 9.9991E-05 0.054769 0.473568 0.000797619
9.9973E-05 0.0724367 0.167757 9.9973E-05 0.14711 9.9973E-05 0.138117 0.47428
0.0114554 0.10414 0.0432883 9.9982E-05 0.073349 9.9982E-05 0.589836 0.177731
9.9982E-05 0.085463 0.144814 0.0401474 9.9982E-05 0.0732224 0.373531 0.282623
9.9991E-05 0.030482 0.0471339 0.0503452 0.136083 0.0163707 0.45766 0.261826
9.9982E-05 0.164714 0.193689 9.9982E-05 0.13978 0.0729109 0.0759386 0.352768
0.0518187 0.138964 0.0237859 0.0914922 0.00184127 9.9991E-05 0.521658 0.17034
0.0896463 9.9982E-05 0.0940146 0.0736528 0.0979369 9.9982E-05 0.484994 0.159555
9.9955E-05 9.9955E-05 0.0355861 0.942528 0.0213865 9.9955E-05 9.9955E-05 9.9955E-05
9.9973E-05 0.0275599 0.011189 0.845738 9.9973E-05 9.9973E-05 0.103264 0.011949
0.0626717 0.132696 9.9973E-05 0.623611 9.9973E-05 9.9973E-05 0.153528 0.0271941
9.9964E-05 9.9964E-05 9.9964E-05 0.676009 0.0232249 0.0822416 0.218125 9.9964E-05
0.0250191 0.0149436 9.9973E-05 0.824874 9.9973E-05 9.9973E-05 0.0938737 0.0409892
9.9946E-05 9.9946E-05 9.9946E-05 0.979137 0.0202632 9.9946E-05 9.9946E-05 9.9946E-05
9.9964E-05 9.9964E-05 0.0174467 0.938637 0.0111526 0.0323642 9.9964E-05 9.9964E-05
9.9946E-05 9.9946E-05 9.9946E-05 0.803541 9.9946E-05 9.9946E-05 0.195859 9.9946E-05
9.9946E-05 9.9946E-05 9.9946E-05 0.964086 9.9946E-05 0.0353139 9.9946E-05 9.9946E-05
9.994E-05 9.994E-05 9.994E-05 0.9993 9.994E-05 9.994E-05 9.994E-05 9.994E-05
9.994E-05 9.994E-05 9.994E-05 0.9993 9.994E-05 9.994E-05 9.994E-05 9.994E-05
0.0316674 9.9973E-05 0.0393819 0.772135 9.9973E-05 0.0106277 0.145888 9.9973E-05
0.0269202 0.0784111 9.9973E-05 0.800859 9.9973E-05 0.0188507 0.0746589 9.9973E-05
9.9946E-05 0.0262867 9.9946E-05 0.973114 9.9946E-05 9.9946E-05 9.9946E-05 9.9946E-05
0.0752902 0.101145 0.0225347 0.464069 9.9991E-05 0.1187 0.194376 0.0237857
9.9964E-05 0.0869194 9.9964E-05 0.653911 9.9964E-05 0.0792654 0.179504 9.9964E-05
0.022267 9.9973E-05 9.9973E-05 0.749454 0.0509204 0.0218174 0.155241 9.9973E-05
0.00668802 9.9964E-05 9.9964E-05 0.840206 9.9964E-05 0.0320914 0.120614 9.9964E-05
9.9964E-05 9.9964E-05 9.9964E-05 0.937986 0.00476846 9.9964E-05 0.0398852 0.0169605
0.0107688 9.9964E-05 9.9964E-05 0.866734 0.0421025 9.9964E-05 0.0799947 9.9964E-05
9.994E-05 9.994E-05 9.994E-05 0.9993 9.994E-05 9.994E-05 9.994E-05 9.994E-05
9.9973E-05 0.0260542 9.9973E-05 0.62348 9.9973E-05 0.0397323 0.221223 0.0892109
0.0121899 0.0371042 9.9973E-05 0.911165 9.9973E-05 0.0353103 9.9973E-05 0.0039305
0.253738 9.9973E-05 0.027729 0.0152752 0.214033 9.9973E-05 9.9973E-05 0.488924
0.187759 9.9991E-05 0.119617 0.0400735 0.0671828 0.0917555 0.409927 0.083585
0.185328 0.0472547 9.9991E-05 0.0877422 0.00259399 0.0500287 0.274538 0.352415
0.131631 0.029094 9.9982E-05 0.0551866 0.303737 9.9982E-05 0.0957455 0.384406
0.0712922 0.0884753 9.9991E-05 0.167302 0.0950964 0.0452668 0.319311 0.213156
0.173816 0.0969858 9.9982E-05 0.0722576 0.19849 9.9982E-05 0.154403 0.303847
0.189408 0.0323963 0.123447 0.0844285 0.0209115 0.0530984 0.363727 0.132584
0.150658 0.120798 0.00927324 0.117095 0.135133 9.9991E-05 0.228285 0.238657
0.103648 0.0304956 9.9982E-05 0.191779 0.0620765 9.9982E-05 0.339271 0.27253
0.103102 9.9982E-05 0.0298274 0.181509 0.133968 9.9982E-05 0.238929 0.312465
0.153 0.0387953 0.0553759 0.0701754 0.0407579 9.9991E-05 0.420618 0.221178
0.81161 9.9982E-05 0.0186989 9.9982E-05 0.0453054 0.0443126 0.0524862 0.0273866
0.859517 9.9964E-05 0.0151243 0.0604466 0.0645128 9.9964E-05 9.9964E-05 9.9964E-05
0.88128 9.9946E-05 9.9946E-05 9.9946E-05 0.11812 9.9946E-05 9.9946E-05 9.9946E-05
0.896446 9.9964E-05 9.9964E-05 9.9964E-05 0.0393539 0.0186506 0.0451493 9.9964E-05
0.804638 9.9964E-05 9.9964E-05 9.9964E-05 0.105052 0.027514 0.0623966 9.9964E-05
0.818683 9.9964E-05 0.0435764 0.0291185 0.108222 9.9964E-05 9.9964E-05 9.9964E-05
0.879332 9.9973E-05 9.9973E-05 0.0611111 0.00504643 9.9973E-05 0.0534418 0.000768955
0.829307 0.0195932 0.0524896 9.9964E-05 0.0982107 9.9964E-05 9.9964E-05 9.9964E-05
0.871197 9.9955E-05 9.9955E-05 9.9955E-05 0.0936674 9.9955E-05 0.0346354 9.9955E-05
0.776949 9.9973E-05 9.9973E-05 0.0519043 0.107501 0.011013 0.0523326 9.9973E-05
0.633331 0.115165 0.0236254 9.9964E-05 9.9964E-05 0.227478 9.9964E-05 9.9964E-05
0.569526 0.0332617 9.9964E-05 9.9964E-05 0.0770814 0.319731 9.9964E-05 9.9964E-05
0.456815 0.00387297 0.0355844 9.9982E-05 0.163016 0.329684 9.9982E-05 0.0108288
0.493021 0.116076 0.0341556 9.9973E-05 9.9973E-05 0.300906 9.9973E-05 0.0555416
0.127014 0.254741 0.0995762 9.9982E-05 9.9982E-05 0.0333079 0.473569 0.0115915
0.0531901 0.315822 9.9964E-05 9.9964E-05 9.9964E-05 0.098822 0.531766 9.9964E-05
0.0371356 0.209656 0.0331819 0.0349636 9.9991E-05 0.146133 0.498715 0.0401159
0.00913473 0.203937 0.0497979 9.9982E-05 0.0987059 0.24881 0.389414 9.9982E-05
9.9973E-05 0.200063 0.0793958 9.9973E-05 9.9973E-05 0.578993 0.12315 0.0180989
0.024316 0.186768 0.125228 9.9982E-05 9.9982E-05 0.010276 0.624266 0.0289455
9.9964E-05 0.310724 9.9964E-05 9.9964E-05 0.0660795 0.0425465 0.58025 9.9964E-05
9.9982E-05 0.231099 0.0166794 9.9982E-05 0.0625841 0.131623 0.46808 0.0897348
9.9973E-05 0.570505 0.0582184 0.0941664 9.9973E-05 9.9973E-05 0.255082 0.0217285
0.0990407 0.196381 0.0037288 9.9973E-05 9.9973E-05 9.9973E-05 0.580919 0.11963
9.9973E-05 0.375074 0.0484258 9.9973E-05 9.9973E-05 0.141283 0.362784 0.0721337
9.9955E-05 0.6828 0.194315 9.9955E-05 9.9955E-05 0.122384 9.9955E-05 9.9955E-05
0.0681006 0.0885355 0.125778 9.9982E-05 0.0428163 0.19813 0.47644 9.9982E-05
9.9982E-05 0.532411 0.070063 0.00412977 0.105978 9.9982E-05 0.168598 0.11862
9.9964E-05 0.383265 0.114129 0.0449156 9.9964E-05 9.9964E-05 0.457291 9.9964E-05
0.0191614 0.702864 9.9982E-05 0.0171127 0.00240597 0.193095 0.0651607 9.9982E-05
0.11862 9.9955E-05 9.9955E-05 9.9955E-05 9.9955E-05 0.589112 9.9955E-05 0.291769
0.0916611 9.9955E-05 9.9955E-05 9.9955E-05 9.9955E-05 0.568543 9.9955E-05 0.339296
0.00702682 9.9955E-05 9.9955E-05 9.9955E-05 9.9955E-05 0.729105 9.9955E-05 0.263368
0.133763 9.9955E-05 9.9955E-05 9.9955E-05 9.9955E-05 0.677809 9.9955E-05 0.187928
9.9955E-05 9.9955E-05 9.9955E-05 0.0139419 9.9955E-05 0.706535 9.9955E-05 0.279024
0.0428607 9.9973E-05 9.9973E-05 0.0320121 9.9973E-05 0.619336 0.0342645 0.271227
0.878588 9.9955E-05 9.9955E-05 9.9955E-05 0.0256765 9.9955E-05 0.0952353 9.9955E-05
0.725742 9.9973E-05 9.9973E-05 0.0193557 0.0701145 0.0898752 0.0946125 9.9973E-05
0.696403 9.9964E-05 9.9964E-05 0.0375446 0.0534285 9.9964E-05 0.212224 9.9964E-05
0.703578 9.9973E-05 9.9973E-05 0.0579363 0.0661694 0.0701218 0.101895 9.9973E-05
0.770144 9.9964E-05 9.9964E-05 0.037311 0.0542319 9.9964E-05 0.137913 9.9964E-05
0.37302 9.9955E-05 9.9955E-05 9.9955E-05 9.9955E-05 0.425895 9.9955E-05 0.200585
0.452209 0.0236671 0.084419 9.9973E-05 9.9973E-05 0.374447 9.9973E-05 0.0649588
0.442397 0.0551715 0.0663895 9.9973E-05 9.9973E-05 0.383246 9.9973E-05 0.0524965
0.799049 9.9964E-05 9.9964E-05 0.0463228 9.9964E-05 0.0601078 0.0941209 9.9964E-05
0.366841 9.9964E-05 0.0389282 9.9964E-05 9.9964E-05 0.480703 9.9964E-05 0.113127
0.117731 9.9973E-05 0.026312 0.250481 0.290337 9.9973E-05 0.314839 9.9973E-05
0.0958537 0.0298443 9.9982E-05 0.211347 0.0842139 0.0986465 0.479894 9.9982E-05
0.207982 9.9964E-05 9.9964E-05 0.17561 0.0167048 9.9964E-05 0.599303 9.9964E-05
0.251101 0.101683 9.9982E-05 0.128725 0.138921 9.9982E-05 0.357624 0.0217478
0.145162 9.9991E-05 0.113214 0.117711 0.00909379 0.0620306 0.448967 0.103722
0.278046 9.9964E-05 9.9964E-05 0.262095 0.39544 9.9964E-05 9.9964E-05 0.0640197
9.9973E-05 0.166988 0.126227 9.9973E-05 0.0358816 0.231525 0.439078 9.9973E-05
0.0173578 0.186691 0.121942 9.9991E-05 0.115677 0.173093 0.349182 0.0359577
0.0836463 0.0960912 0.0461506 9.9982E-05 0.0511071 0.46111 0.261694 9.9982E-05
9.9973E-05 0.106383 0.303901 9.9973E-05 0.0239299 0.129749 0.435737 9.9973E-05
9.9964E-05 0.250372 0.453879 9.9964E-05 0.169403 0.125946 9.9964E-05 9.9964E-05
0.116431 0.146491 0.0234828 0.0167291 0.0258051 0.166071 0.474327 0.0306622
9.9982E-05 0.0578424 0.147572 9.9982E-05 0.0968087 0.152068 0.478515 0.0669935
0.0574249 0.179645 0.0454016 9.9982E-05 9.9982E-05 0.349635 0.261464 0.106229
0.0756984 0.140296 9.9982E-05 9.9982E-05 0.128645 0.120422 0.506452 0.028287
9.9973E-05 0.337106 0.157807 9.9973E-05 0.252097 0.234519 0.0181709 9.9973E-05
0.0310581 0.02983 0.0909781 9.9991E-05 0.145645 0.182239 0.47421 0.0459392
9.9982E-05 0.0363034 0.0401823 9.9982E-05 0.0513124 0.31006 0.523163 0.0387786
0.0913136 0.181747 0.00524397 0.155725 0.104529 0.0237234 0.437619 9.9991E-05
9.9982E-05 0.0568229 0.254741 0.0276062 0.0551698 0.240657 0.364804 9.9982E-05
9.9973E-05 0.0170559 0.0770813 9.9973E-05 0.0874779 0.324704 0.493381 9.9973E-05
9.9991E-05 0.0855638 0.1472 0.0763726 0.102304 0.0277176 0.412084 0.148658
0.0324761 0.082338 0.138931 9.9991E-05 0.0273202 0.17627 0.522093 0.0204723
9.9991E-05 0.101157 0.0121171 0.121686 0.0536654 0.0817343 0.532463 0.0970773
0.117456 0.00926168 0.0476144 0.0134498 9.9991E-05 0.229139 0.551865 0.0311151
0.104963 0.115242 0.0123267 0.0612281 0.00271336 0.135444 0.504604 0.0634788
0.791449 9.9955E-05 9.9955E-05 0.0694881 9.9955E-05 9.9955E-05 0.138564 9.9955E-05
0.834124 9.9964E-05 0.0503223 0.0215406 9.9964E-05 9.9964E-05 0.0936137 9.9964E-05
0.79933 0.0523304 0.0183627 9.9991E-05 0.0275996 0.0352321 0.014229 0.0528159
0.770154 0.0723355 0.0770915 0.0496431 9.9982E-05 0.00623127 0.024345 9.9982E-05
0.845114 9.9955E-05 0.0318505 9.9955E-05 9.9955E-05 9.9955E-05 0.122536 9.9955E-05
9.9964E-05 0.0199665 9.9964E-05 9.9964E-05 0.102494 0.602116 0.275024 9.9964E-05
9.9964E-05 0.08452 9.9964E-05 9.9964E-05 0.217468 0.224649 0.472963 9.9964E-05
0.131134 0.0177601 9.9982E-05 0.215646 0.131943 9.9982E-05 0.356692 0.146625
0.0457572 0.0412318 0.0111974 0.0174046 0.0662992 0.189535 0.628475 9.9991E-05
0.014896 0.0875094 0.0830436 9.9973E-05 9.9973E-05 0.274058 0.540193 9.9973E-05
9.9973E-05 9.9973E-05 0.178795 9.9973E-05 0.100063 0.352977 0.264903 0.102962
0.107506 0.138737 9.9982E-05 9.9982E-05 0.0775399 0.591697 0.0395569 0.0447624
9.9982E-05 0.0304416 0.0730372 0.056701 9.9982E-05 0.341909 0.482651 0.0150605
0.0682966 0.0778488 0.127182 0.1103 0.00801965 0.494634 0.0694699 0.0442484
0.0382861 0.0840841 0.142208 9.9991E-05 0.0987723 0.144094 0.478839 0.0136164
0.119543 0.0336968 0.11943 0.00416708 0.0446746 0.522484 0.155905 9.9991E-05
0.0671501 0.0315358 0.00740786 9.9982E-05 0.0723119 0.223727 0.597667 9.9982E-05
0.0630405 0.0668786 0.0763794 0.0263529 0.0269077 0.517224 0.223117 9.9991E-05
0.00512219 0.0134293 0.144646 0.0487189 0.0536222 0.31297 0.318429 0.103062
0.00272173 0.0634145 0.0363071 0.00467949 0.0476223 0.177238 0.464064 0.203953
9.9982E-05 9.9982E-05 0.148518 0.0133857 0.0236285 0.0812983 0.178913 0.554056
9.9964E-05 9.9964E-05 9.9964E-05 9.9964E-05 0.0373831 0.0487277 0.548599 0.36489
0.0933205 0.15376 0.0743211 9.9991E-05 0.0881323 0.00894744 0.58098 0.000439168
9.9973E-05 9.9973E-05 0.0842604 9.9973E-05 0.0198931 0.0376419 0.268479 0.589426
0.020516 0.140548 0.0455618 0.0895425 0.0346266 0.0864858 0.433593 0.149127
0.0269323 0.0795199 0.126092 9.9982E-05 0.0500505 9.9982E-05 0.422324 0.294882
9.9982E-05 0.116335 0.188059 9.9982E-05 0.0165193 0.0851225 0.00491357 0.58885
9.9973E-05 0.0745246 0.127613 9.9973E-05 0.131837 9.9973E-05 0.11609 0.549636
0.0362135 9.9973E-05 0.0873566 9.9973E-05 9.9973E-05 0.0422474 0.436723 0.39716
9.9973E-05 0.26654 0.0613606 9.9973E-05 0.0459058 0.0590898 9.9973E-05 0.566804
9.9973E-05 0.0592151 9.9973E-05 9.9973E-05 0.132229 0.114517 0.409971 0.283768
9.9973E-05 0.207121 9.9973E-05 0.0202514 0.0844809 0.554666 0.13318 9.9973E-05
9.9973E-05 0.0794298 0.345041 9.9973E-05 0.0420555 0.27065 0.262524 9.9973E-05
0.0294203 0.114399 0.0615079 0.0447487 0.00251123 0.385008 0.356115 0.0062899
9.9982E-05 9.9982E-05 0.0430249 0.0117236 0.0697399 0.175711 0.658593 0.0410071
9.9973E-05 0.230228 9.9973E-05 0.00504654 9.9973E-05 0.490273 0.233415 0.0407372
0.102197 9.9973E-05 0.197309 9.9973E-05 0.0257365 0.242244 0.432214 9.9973E-05
0.02859 0.0619182 0.0523299 0.0273592 0.0336584 0.184495 0.584042 0.0276069
9.9973E-05 0.047126 9.9973E-05 0.0101179 0.172459 0.261844 0.508153 9.9973E-05
0.0247559 0.0529014 0.141587 0.0904216 9.9982E-05 0.257657 0.432477 9.9982E-05
9.9973E-05 0.269125 9.9973E-05 0.132089 9.9973E-05 0.288827 0.272978 0.0366816
9.9973E-05 0.213759 0.0358174 0.0835643 9.9973E-05 0.519005 0.147555 9.9973E-05
9.9982E-05 0.025813 0.0452214 0.103319 9.9982E-05 0.430686 0.310586 0.0841749
9.9991E-05 0.0127795 0.0534928 0.019591 0.0270191 0.210953 0.667825 0.00823983
0.0676842 0.123731 9.9973E-05 9.9973E-05 0.0504735 0.126302 0.631509 9.9973E-05
9.9973E-05 0.0660258 0.0862666 9.9973E-05 0.197115 0.240018 0.410275 9.9973E-05
9.9973E-05 9.9973E-05 0.053313 9.9973E-05 0.151264 0.247897 0.544545 0.00268197
0.0166783 9.9973E-05 9.9973E-05 9.9973E-05 0.12971 0.374621 0.407266 0.0714255
9.9973E-05 0.0276457 0.0993649 9.9973E-05 0.0507682 0.227481 0.594441 9.9973E-05
0.0597172 0.0387723 0.0627909 9.9982E-05 9.9982E-05 0.225204 0.553347 0.0599686
0.116237 0.0434867 0.0788174 0.102179 9.9991E-05 0.179993 0.407522 0.0716646
0.314732 0.0633982 9.9982E-05 0.0406555 0.111598 9.9982E-05 0.452478 0.0169382
0.0812785 0.0354924 0.0203844 0.106385 0.130463 0.097151 0.525511 0.00333441
0.0749933 9.9991E-05 0.024527 0.0793645 0.158579 0.030272 0.467197 0.164968
0.0913565 9.9982E-05 0.0615316 0.0365868 0.175808 0.0298368 0.60468 9.9982E-05
0.194936 0.0173036 0.113417 0.142605 0.0923888 9.9982E-05 0.43915 9.9982E-05
9.9973E-05 9.9973E-05 0.2672 9.9973E-05 0.0357682 0.125177 0.473777 0.0977782
0.20143 0.0890233 0.0329104 0.0625941 0.0440021 9.9991E-05 0.513086 0.056854
0.0930905 0.138745 0.0229091 9.9982E-05 0.448765 9.9982E-05 0.154926 0.141364
0.0791942 0.028687 9.9991E-05 0.0445027 0.0979497 0.105814 0.59572 0.0480322
0.159753 9.9982E-05 0.0880872 0.0281134 0.0781532 0.0475389 0.598155 9.9982E-05
0.106648 9.9991E-05 0.0958945 0.165778 0.0206867 0.0175799 0.542039 0.0512748
0.0435925 0.034878 0.00597261 0.0200832 0.297435 0.114706 0.400591 0.0827419
0.209805 0.067151 0.0143726 0.0118421 0.0900892 9.9991E-05 0.564179 0.0424615
0.116178 9.9982E-05 0.0738858 0.137444 0.0721196 0.0497726 0.5504 9.9982E-05
0.298142 0.04161 0.0239402 0.108373 0.527636 9.9973E-05 9.9973E-05 9.9973E-05
0.166431 0.019223 9.9973E-05 0.0828155 0.0993033 9.9973E-05 0.631927 9.9973E-05
0.186086 9.9973E-05 9.9973E-05 0.107145 0.0500794 9.9973E-05 0.55789 0.0985004
0.10301 0.177597 9.9973E-05 0.0836366 0.0638941 9.9973E-05 0.571562 9.9973E-05
0.192429 9.9982E-05 9.9982E-05 0.115342 0.0999525 0.00844323 0.521171 0.0624629
0.184565 0.0251695 0.0993079 0.0352833 9.9991E-05 0.0270041 0.548376 0.0801945
0.0231273 0.0302442 0.411177 0.0387791 9.9991E-05 0.0721259 0.381293 0.0431533
0.0486607 0.0644603 0.215848 0.0167933 0.0431208 0.093318 0.509902 0.00789751
9.9964E-05 0.0958384 0.821878 9.9964E-05 9.9964E-05 0.0639732 9.9964E-05 0.0179105
0.030788 9.9955E-05 0.905939 9.9955E-05 9.9955E-05 0.0627736 9.9955E-05 9.9955E-05
0.033061 9.9982E-05 0.317891 0.144748 0.00395939 0.105131 0.39501 9.9982E-05
0.0472041 9.9991E-05 0.0891101 0.223129 0.212398 0.0141495 0.404326 0.0095836
0.049543 9.9973E-05 0.200779 0.262021 0.144007 9.9973E-05 0.343349 9.9973E-05
0.0969913 9.9982E-05 0.15842 0.250241 0.23089 9.9982E-05 0.218321 0.0449363
0.155321 9.9973E-05 0.161589 0.215612 0.134794 9.9973E-05 0.332384 9.9973E-05
0.0795466 9.9982E-05 0.658731 0.0618892 0.0882718 9.9982E-05 0.0802928 0.0310688
0.0682658 9.9973E-05 0.61595 0.0508695 0.178171 9.9973E-05 0.0864436 9.9973E-05
0.0366191 9.9973E-05 0.332324 0.048106 0.0142171 9.9973E-05 0.568434 9.9973E-05
0.110934 9.9964E-05 0.426305 0.0518365 9.9964E-05 9.9964E-05 0.410525 9.9964E-05
0.0683164 9.9973E-05 0.713003 0.0620191 0.0356088 9.9973E-05 0.120753 9.9973E-05
0.0178071 0.0150449 0.305244 0.083243 0.0221166 0.0767367 0.4388 0.0410082
9.9973E-05 9.9973E-05 0.410154 0.0767279 9.9973E-05 0.0220309 0.471051 0.0197363
0.110258 0.0417534 0.237293 0.115279 0.0713079 9.9991E-05 0.417932 0.00607712
0.0272739 9.9973E-05 0.590195 9.9973E-05 9.9973E-05 0.0578538 0.308986 0.0153916
9.9982E-05 0.0302708 0.49659 0.018214 9.9982E-05 0.0230529 0.290961 0.140711
0.0014743 0.116217 0.130623 0.0296718 0.0717415 0.0379012 0.488618 0.123753
0.0976003 0.0744824 0.294737 0.033117 9.9991E-05 0.0990886 0.281712 0.119162
0.0643492 0.0103983 0.105276 0.0130035 0.0887266 0.116027 0.494989 0.107231
9.9955E-05 9.9955E-05 0.428129 9.9955E-05 9.9955E-05 9.9955E-05 0.401552 0.169819
9.9964E-05 9.9964E-05 0.668063 9.9964E-05 9.9964E-05 0.0869131 0.137573 0.107051
0.0363288 0.0286135 0.386349 9.9964E-05 9.9964E-05 9.9964E-05 0.548309 9.9964E-05
9.99549E-05 9.99549E-05 0.740784 9.99549E-05 9.99549E-05 0.0586665 0.200049 9.99549E-05
0.0115177 9.9964E-05 0.552609 9.9964E-05 9.9964E-05 9.9964E-05 0.351987 0.083486
0.0929533 0.131321 0.211846 9.9973E-05 9.9973E-05 0.0525494 0.51103 9.9973E-05
0.0143612 0.0865467 0.409497 9.9991E-05 0.00124959 0.0944084 0.382332 0.0115054
0.173344 9.9991E-05 0.0171385 0.0566511 0.0211344 0.00320744 0.575306 0.153118
0.143454 9.9991E-05 0.11986 0.118816 0.0333333 0.0307577 0.349354 0.204325
0.115855 0.0684717 0.0450767 0.228548 0.157146 9.9991E-05 0.287573 0.0972289
0.202897 9.9991E-05 0.0538002 0.177807 0.0207945 0.0872573 0.311646 0.145697
0.126533 9.9991E-05 0.0714269 0.151476 0.0210186 0.00346536 0.469821 0.15616
0.0747922 9.9982E-05 0.132495 0.172884 0.143526 0.0637118 0.412391 9.9982E-05
0.195528 9.9973E-05 0.567019 0.0493398 0.183052 9.9973E-05 9.9973E-05 0.0047617
0.0882783 9.9982E-05 0.136486 0.144839 9.9982E-05 0.0184138 0.528878 0.082905
0.339048 9.9964E-05 0.432019 0.0655518 0.162981 9.9964E-05 9.9964E-05 9.9964E-05
0.0651107 0.014633 0.303115 0.148158 0.00885406 9.9991E-05 0.44413 0.0158986
9.9955E-05 0.0801163 0.87597 9.9955E-05 9.9955E-05 9.9955E-05 0.0434141 9.9955E-05
0.0297237 0.0750249 0.860048 9.9964E-05 9.9964E-05 0.0348037 9.9964E-05 9.9964E-05
9.9955E-05 0.0728756 0.533196 9.9955E-05 9.9955E-05 9.9955E-05 0.393428 9.9955E-05
0.00849885 0.0361262 0.369399 9.9964E-05 9.9964E-05 9.9964E-05 0.585576 9.9964E-05
9.9964E-05 0.0193491 0.621604 9.9964E-05 9.9964E-05 9.9964E-05 0.311921 0.0467253
9.9955E-05 0.00305105 0.543384 9.9955E-05 9.9955E-05 9.9955E-05 0.453065 9.9955E-05
9.9946E-05 9.9946E-05 0.498299 9.9946E-05 9.9946E-05 9.9946E-05 0.501102 9.9946E-05
0.777429 9.9973E-05 0.108467 0.0640255 9.9973E-05 9.9973E-05 0.0408117 0.00896647
0.688027 9.9982E-05 0.0153962 0.130272 0.0204128 0.10771 9.9982E-05 0.0379821
0.885277 9.9955E-05 9.9955E-05 0.035936 9.9955E-05 0.0782871 9.9955E-05 9.9955E-05
0.913547 9.9955E-05 0.00742032 9.9955E-05 9.9955E-05 9.9955E-05 0.0785327 9.9955E-05
0.0494686 0.32013 0.0346662 0.0102132 0.0954411 9.9982E-05 0.489881 9.9982E-05
0.0744841 0.308544 9.9982E-05 9.9982E-05 0.0516996 0.0317363 0.514921 0.0184146
9.9955E-05 0.444515 9.9955E-05 9.9955E-05 9.9955E-05 0.0655367 0.489449 9.9955E-05
0.0756025 0.320092 9.9964E-05 9.9964E-05 9.9964E-05 9.9964E-05 0.538299 0.0656073
0.073931 0.171722 9.9973E-05 9.9973E-05 9.9973E-05 0.0378235 0.486419 0.229804
9.9982E-05 0.550573 9.9982E-05 0.0289569 0.0906925 0.0592919 0.160247 0.110038
9.9973E-05 0.359912 0.0342691 0.0121447 9.9973E-05 0.0467769 0.546597 9.9973E-05
0.0456433 0.547389 0.070827 9.9973E-05 9.9973E-05 9.9973E-05 0.278403 0.0574374
0.273635 9.9982E-05 0.0801482 0.122963 0.019758 9.9982E-05 0.473709 0.0295878
9.9973E-05 0.418146 0.116278 0.0388401 0.0447843 9.9973E-05 0.381652 9.9973E-05
0.0486243 0.517604 9.9964E-05 9.9964E-05 9.9964E-05 0.120698 0.312673 9.9964E-05
9.9955E-05 0.427081 0.0652914 9.9955E-05 9.9955E-05 9.9955E-05 0.507128 9.9955E-05
0.00977954 0.620402 0.0150835 9.9973E-05 9.9973E-05 0.00870546 0.345729 9.9973E-05
9.9982E-05 0.331202 9.9982E-05 0.00943281 0.0568792 0.000328454 0.526067 0.0758907
0.114224 0.4403 9.9964E-05 0.0359737 9.9964E-05 9.9964E-05 0.409102 9.9964E-05
9.9955E-05 0.846257 0.126668 9.9955E-05 9.9955E-05 9.9955E-05 0.0265747 9.9955E-05
0.0229985 0.60621 0.0457252 0.059262 9.9982E-05 9.9982E-05 0.181273 0.0843321
0.0651873 0.623664 9.9964E-05 9.9964E-05 9.9964E-05 0.00930342 0.301445 9.9964E-05
9.9955E-05 0.799761 0.161459 9.9955E-05 0.0382804 9.9955E-05 9.9955E-05 9.9955E-05
0.0361739 0.398453 0.0459671 9.9973E-05 9.9973E-05 0.111497 0.407609 9.9973E-05
9.9973E-05 0.67182 0.0366268 9.9973E-05 0.116187 9.9973E-05 0.012945 0.162121
9.9955E-05 0.803488 0.0407875 9.9955E-05 0.155224 9.9955E-05 9.9955E-05 9.9955E-05
0.0660381 0.356302 0.0120923 0.0105778 0.0319301 9.9991E-05 0.506652 0.0163081
0.0371658 0.631897 9.9982E-05 0.0610577 9.9982E-05 0.0899952 0.126452 0.0532322
9.9973E-05 0.409517 9.9973E-05 0.0578103 9.9973E-05 0.00331637 0.331177 0.19788
0.11406 0.211535 9.9982E-05 0.0563779 9.9982E-05 0.0185271 0.463922 0.135379
9.9964E-05 0.385878 9.9964E-05 9.9964E-05 9.9964E-05 0.145764 0.457183 0.0107744
9.9982E-05 0.147343 0.120926 9.9982E-05 0.1039 0.248389 0.351638 0.0276034
0.0274637 0.274282 0.0891779 9.9973E-05 9.9973E-05 0.0734262 0.53535 9.9973E-05
0.0213978 0.309248 0.0384266 0.0536134 9.9991E-05 0.0696022 0.447588 0.0600233
9.9955E-05 0.595172 9.9955E-05 9.9955E-05 9.9955E-05 9.9955E-05 0.283275 0.121052
0.0871275 0.148844 0.123685 9.9982E-05 0.0112505 0.0766932 0.552199 9.9982E-05
0.630048 0.00525512 0.0323854 0.000133828 9.9982E-05 0.244206 9.9982E-05 0.0877709
0.738533 0.104092 0.0200857 9.9982E-05 0.023976 0.0734882 0.0396244 9.9982E-05
0.764646 0.0061758 9.9973E-05 9.9973E-05 0.045385 0.165714 9.9973E-05 0.0177788
0.790216 9.9973E-05 0.0199045 9.9973E-05 0.046254 0.0983633 9.9973E-05 0.0449623
0.716398 9.9964E-05 9.9964E-05 9.9964E-05 9.9964E-05 0.140869 0.00900436 0.133329
0.0447664 0.767873 9.9973E-05 0.0785742 9.9973E-05 0.0929261 0.0155603 9.9973E-05
0.104943 0.660538 0.0027805 9.9982E-05 9.9982E-05 0.0478586 0.107071 0.0766083
9.9973E-05 0.777749 0.102815 9.9973E-05 0.00257917 9.9973E-05 0.112005 0.00455132
0.0840679 0.148142 0.138167 0.0775626 9.9982E-05 0.118401 0.433459 9.9982E-05
0.148537 0.220475 0.0294796 9.9973E-05 9.9973E-05 9.9973E-05 0.511006 0.0902021
0.0102069 0.591944 9.9982E-05 0.0247154 0.0491972 9.9982E-05 0.276943 0.0467928
0.0148319 0.305431 0.0368211 0.0153477 9.9982E-05 9.9982E-05 0.51205 0.115318
0.0137751 0.493093 9.9973E-05 0.038902 9.9973E-05 9.9973E-05 0.39904 0.05489
0.0263867 0.286205 0.0690985 9.9982E-05 9.9982E-05 0.0455131 0.505848 0.0667483
0.0831202 0.287844 0.012966 0.0158018 0.0683168 0.0381508 0.493701 9.9991E-05
9.9973E-05 0.609561 9.9973E-05 0.0248501 9.9973E-05 0.0933373 0.173065 0.0988867
9.9964E-05 0.5556 9.9964E-05 9.9964E-05 9.9964E-05 0.0693951 0.31514 0.059465
9.9964E-05 0.555065 9.9964E-05 9.9964E-05 9.9964E-05 0.126381 0.282178 0.0359752
0.117477 9.9964E-05 9.9964E-05 0.000216475 9.9964E-05 9.9964E-05 0.497655 0.384252
0.0108286 0.551993 9.9964E-05 9.9964E-05 9.9964E-05 0.0358514 0.400927 9.9964E-05
9.9982E-05 0.438603 9.9982E-05 0.0370001 0.00762223 0.0151471 0.402226 0.0992018
0.116303 0.0415792 9.9973E-05 0.332302 0.0127741 9.9973E-05 0.496742 9.9973E-05
0.0833831 0.0421387 9.9982E-05 0.418673 0.0979117 9.9982E-05 0.261669 0.0960247
0.121516 9.9982E-05 9.9982E-05 0.253416 0.0783737 0.0406159 0.504968 0.000911113
0.0639346 9.9973E-05 9.9973E-05 0.334567 0.195647 0.0256332 0.379918 9.9973E-05
0.126108 9.9982E-05 9.9982E-05 0.238434 0.135375 0.0143493 0.478818 0.0067155
0.0533046 0.31646 9.9973E-05 0.0158444 9.9973E-05 9.9973E-05 0.410842 0.203249
0.158095 9.9964E-05 9.9964E-05 0.575799 0.172776 9.9964E-05 0.09293 9.9964E-05
0.189613 9.9973E-05 0.0313423 0.351639 0.0409401 9.9973E-05 0.386166 9.9973E-05
0.139634 0.0411331 9.9973E-05 0.172634 9.9973E-05 9.9973E-05 0.302587 0.343713
0.0974423 9.9973E-05 9.9973E-05 9.9973E-05 0.0297598 0.00551887 0.471698 0.395281
0.0478051 9.9973E-05 9.9973E-05 0.0797884 9.9973E-05 0.0555573 0.270597 0.545952
0.0368792 9.9982E-05 9.9982E-05 0.0195451 0.00681544 0.0176049 0.545567 0.373388
0.0604846 0.0684867 0.0656629 0.0361072 0.00953278 9.9991E-05 0.515876 0.24375
0.183855 9.9964E-05 9.9964E-05 0.329047 0.0866001 9.9964E-05 0.400098 9.9964E-05
0.065 0.00049056 9.9991E-05 0.318589 0.0561198 0.113518 0.434525 0.0116572
0.0584665 9.9973E-05 9.9973E-05 0.412124 0.0550528 9.9973E-05 0.460897 0.0131602
0.0600371 0.0575758 0.138313 0.217528 0.0291 0.0308862 0.402818 0.0637419
0.217245 9.9973E-05 0.0475642 0.379037 0.0264176 9.9973E-05 0.329436 9.9973E-05
0.138041 0.0208694 0.0163851 0.220583 9.9982E-05 9.9982E-05 0.462477 0.141445
0.0563111 9.9973E-05 0.0286353 0.45866 0.155404 9.9973E-05 0.300689 9.9973E-05
0.0555748 9.9973E-05 9.9973E-05 0.328478 9.9973E-05 0.0205948 0.453849 0.141204
9.9964E-05 9.9964E-05 0.00808804 9.9964E-05 0.0527705 9.9964E-05 0.542472 0.39627
0.0980016 9.9982E-05 0.087557 0.287473 0.077973 9.9982E-05 0.338752 0.110043
0.11673 9.9964E-05 9.9964E-05 0.52612 0.147272 9.9964E-05 0.209477 9.9964E-05
0.143634 0.0763164 0.00140871 0.306353 9.9982E-05 0.0730599 0.399029 9.9982E-05
0.116953 0.0559133 9.9973E-05 9.9973E-05 9.9973E-05 0.0995265 0.108731 0.618576
9.9964E-05 9.9964E-05 9.9964E-05 0.207785 0.0080689 9.9964E-05 0.376208 0.407538
0.158633 9.9982E-05 0.0415322 0.210271 0.110794 0.0702069 0.408363 9.9982E-05
0.0730565 9.9964E-05 9.9964E-05 9.9964E-05 9.9964E-05 0.00257373 0.57574 0.34823
0.106675 0.0882543 9.9982E-05 0.0429484 0.023348 9.9982E-05 0.330614 0.407961
0.228367 0.0550734 9.9982E-05 0.138455 0.14382 9.9982E-05 0.351046 0.0830382
0.215359 9.9973E-05 0.115499 0.211537 0.102254 9.9973E-05 0.355052 9.9973E-05
0.0639557 0.103482 0.00778984 0.112422 9.9982E-05 9.9982E-05 0.486852 0.225298
0.168425 0.0778892 9.9982E-05 0.208404 0.0811573 9.9982E-05 0.454909 0.00901574
0.115357 9.9973E-05 0.0159481 0.38039 0.0361606 9.9973E-05 0.451844 9.9973E-05
0.136936 9.9964E-05 9.9964E-05 0.510598 0.1532 9.9964E-05 0.198866 9.9964E-05
0.0961891 0.00129174 0.0291193 9.9982E-05 9.9982E-05 0.0415404 0.626025 0.205634
0.10291 0.131672 9.9973E-05 9.9973E-05 9.9973E-05 0.0041776 0.362655 0.398286
0.0391086 9.9982E-05 0.0583804 0.0281707 0.197767 9.9982E-05 0.0149697 0.661404
0.111477 0.0880438 9.9973E-05 0.0679455 9.9973E-05 9.9973E-05 0.495659 0.236575
0.0969383 0.0215406 0.0959751 0.0184664 0.0509185 0.230027 0.351755 0.134379
0.0926 0.119195 9.9982E-05 0.0771472 0.2179 9.9982E-05 0.432313 0.0606446
0.0505162 9.9982E-05 9.9982E-05 0.0954091 0.109981 0.158865 0.443724 0.141306
0.0479331 9.9964E-05 9.9964E-05 0.0343887 0.888275 9.9964E-05 0.0290036 9.9964E-05
9.9946E-05 9.9946E-05 9.9946E-05 9.9946E-05 0.967668 9.9946E-05 9.9946E-05 0.0317323
