0.0384721 9.9964E-05 9.9964E-05 0.0523693 9.9964E-05 9.9964E-05 0.863976 0.044783
9.9964E-05 0.0226382 0.016114 9.9964E-05 0.0569651 9.9964E-05 0.903883 9.9964E-05
0.0224579 0.0181692 9.9982E-05 0.0576137 9.9982E-05 0.0826791 0.780496 0.0383842
9.9973E-05 0.0618385 9.9973E-05 0.0877924 9.9973E-05 0.0218479 0.770654 0.0575673
9.9973E-05 9.9973E-05 9.9973E-05 0.0544004 0.0347381 0.0269874 0.848878 0.0346957
0.0711587 0.0402002 0.150522 0.136804 9.9991E-05 0.0206214 0.510183 0.0704107
9.9964E-05 0.0783111 0.0655839 9.9964E-05 9.9964E-05 9.9964E-05 0.827216 0.028489
9.9982E-05 0.0345435 0.101343 0.0505716 0.0049835 9.9982E-05 0.717387 0.0909712
0.0832628 9.99729E-05 0.0258227 9.99729E-05 0.00303812 9.99729E-05 0.819125 0.0684518
9.9991E-05 0.0234534 0.0637675 0.101085 0.0229822 0.0767496 0.690604 0.0212589
9.9973E-05 0.0956038 0.0769287 9.9973E-05 9.9973E-05 0.0555904 0.695655 0.0759218
0.0318487 0.770826 9.9973E-05 0.0153067 9.9973E-05 0.16189 0.0198295 9.9973E-05
0.0431506 0.369169 0.0115422 0.0777039 9.9991E-05 0.407121 0.0192251 0.0719875
9.9973E-05 0.699244 9.9973E-05 0.0739911 0.0984819 0.0800199 0.0479634 9.9973E-05
9.9964E-05 0.729034 9.9964E-05 0.11751 9.9964E-05 0.125818 0.027239 9.9964E-05
0.0156384 0.355043 0.0949678 0.102932 9.9982E-05 0.306456 0.124763 9.9982E-05
9.9982E-05 0.336333 0.0174548 0.0911984 0.0430148 0.507483 0.00431571 9.9982E-05
0.12334 0.457004 0.0215184 0.0697944 9.9973E-05 0.328044 9.9973E-05 9.9973E-05
9.9964E-05 0.630083 9.9964E-05 0.0435653 9.9964E-05 0.197179 0.128772 9.9964E-05
9.9955E-05 0.884376 0.0657771 9.9955E-05 9.9955E-05 9.9955E-05 0.0493475 9.9955E-05
0.178031 0.312576 0.0238673 0.137765 0.00816072 0.312786 9.9991E-05 0.0267137
0.0136203 0.373139 0.144402 9.9982E-05 0.0336747 0.400269 0.0346947 9.9982E-05
9.9982E-05 0.286439 0.115289 9.9982E-05 0.00850355 0.549346 0.0168806 0.0233421
9.9973E-05 0.71118 0.0199338 0.0673589 9.9973E-05 0.196318 0.00490979 9.9973E-05
9.9991E-05 0.125769 0.0775796 0.0627109 0.033726 0.577348 0.11445 0.008316
9.9955E-05 0.48599 9.9955E-05 0.0952012 9.9955E-05 0.418309 9.9955E-05 9.9955E-05
9.9955E-05 0.89271 9.9955E-05 0.090224 9.9955E-05 9.9955E-05 0.0165667 9.9955E-05
9.9955E-05 0.82109 9.9955E-05 0.15275 9.9955E-05 0.0256604 9.9955E-05 9.9955E-05
9.9973E-05 0.752706 0.0415725 9.9973E-05 0.107077 0.090474 0.00787016 9.9973E-05
9.9955E-05 9.9955E-05 9.9955E-05 0.00653736 9.9955E-05 0.157571 0.835392 9.9955E-05
9.9946E-05 9.9946E-05 9.9946E-05 9.9946E-05 9.9946E-05 0.166611 0.83279 9.9946E-05
0.0436252 9.9955E-05 9.9955E-05 9.9955E-05 9.9955E-05 0.164801 0.791074 9.9955E-05
0.0146681 9.9991E-05 0.0104886 0.0838166 0.0155976 0.121764 0.729403 0.0241626
0.185719 0.100893 0.0322743 9.9991E-05 0.0129216 0.576251 0.00693402 0.0849071
0.235153 0.167387 9.9982E-05 0.0517047 9.9982E-05 0.433321 0.0933446 0.0188892
0.36791 0.0274762 0.000189784 9.9982E-05 9.9982E-05 0.527828 0.0533567 0.0230401
9.9973E-05 0.69985 9.9973E-05 9.9973E-05 0.0109436 0.0823989 0.102123 0.104385
0.606942 9.9973E-05 0.0675841 0.00299409 9.9973E-05 0.308698 0.0134821 9.9973E-05
0.211793 0.171458 0.000910437 0.0575232 9.9991E-05 0.391028 0.0853262 0.0818614
0.207744 9.9973E-05 9.9973E-05 0.0143083 0.00500631 0.666046 0.106596 9.9973E-05
0.0875717 0.0492047 0.113628 9.9982E-05 9.9982E-05 0.617763 0.0790736 0.052559
0.171585 0.022724 0.0151975 9.9982E-05 9.9982E-05 0.638688 0.0813358 0.0702698
0.661262 0.231665 0.00144065 9.9982E-05 9.9982E-05 0.0447713 0.0497983 0.0108625
0.0770973 9.9973E-05 0.224054 0.0335552 9.9973E-05 0.630183 9.9973E-05 0.0348102
0.371816 0.00162602 9.9973E-05 0.123725 9.9973E-05 0.460456 0.0420778 9.9973E-05
0.0965196 0.0719958 0.0207549 0.0800468 0.107204 0.498846 0.0684916 0.0561406
0.727707 9.9964E-05 9.9964E-05 9.9964E-05 0.00623232 0.259584 9.9964E-05 0.00607636
0.322202 9.9973E-05 9.9973E-05 0.0726471 0.0501406 0.533159 9.9973E-05 0.0215508
0.17663 0.0707301 0.0243757 9.9982E-05 9.9982E-05 0.537399 0.125725 0.0649399
0.684337 9.9955E-05 0.293479 9.9955E-05 9.9955E-05 9.9955E-05 0.0216843 9.9955E-05
0.269754 0.29929 0.0642066 9.9982E-05 0.0698926 0.0853053 9.9982E-05 0.211351
0.179527 0.373297 0.302916 9.9973E-05 0.105116 0.0388446 9.9973E-05 9.9973E-05
9.9982E-05 0.137168 9.9982E-05 0.0410295 0.126273 0.57024 0.0843033 0.0407865
0.00566849 0.068228 0.0920794 0.0663788 0.0822741 0.500161 0.0809218 0.104288
0.101919 0.0464699 0.210923 0.022504 9.9991E-05 0.554131 0.0147915 0.0491616
0.255135 0.301294 0.103025 9.9991E-05 0.0188256 0.0679372 0.0964408 0.157242
0.0747585 0.109725 0.102549 9.9982E-05 0.0111441 0.589641 9.9982E-05 0.111982
0.0279472 0.156963 0.110264 0.0336341 9.9991E-05 0.563593 0.0853208 0.0221786
0.115446 0.305858 0.0923469 9.9991E-05 0.00356063 0.297918 0.0981085 0.0866617
0.0464627 0.579552 0.178719 0.0549857 9.9982E-05 9.9982E-05 0.136705 0.00337472
0.223327 0.0470521 0.0131501 0.0339264 0.00444944 0.548596 0.0893247 0.0401737
0.0550008 0.313008 0.0486529 0.0200809 0.047083 0.359338 0.0665338 0.0903023
0.131841 0.588811 0.102424 9.9973E-05 9.9973E-05 9.9973E-05 0.03091 0.145714
0.0136037 0.412729 0.00886455 9.9982E-05 0.0679894 0.47074 9.9982E-05 0.0258728
0.0187161 0.0794252 0.0825036 0.0161911 0.210568 0.592396 9.9982E-05 9.9982E-05
0.0235904 0.0846465 0.0472824 0.0631679 0.0667052 0.561072 0.0644029 0.0891324
0.101678 0.465805 0.0593779 0.0576887 0.0386505 0.191689 0.0850116 9.9991E-05
0.0440351 0.298259 0.106761 9.9982E-05 0.0484484 0.45677 9.9982E-05 0.0455265
9.9982E-05 0.122683 0.034259 9.9982E-05 0.114872 0.594359 0.0608944 0.0727325
0.0348123 0.54623 0.104791 9.9991E-05 0.0725616 0.136601 0.00409879 0.100806
0.467267 0.00195892 9.9964E-05 9.9964E-05 9.9964E-05 0.515134 9.9964E-05 0.0152406
0.696794 0.176772 9.9964E-05 9.9964E-05 9.9964E-05 0.0842336 0.0418005 9.9964E-05
0.358381 0.0274958 0.0501641 0.05303 9.9982E-05 0.381696 0.129033 9.9982E-05
0.899314 9.9955E-05 0.0952787 9.9955E-05 9.9955E-05 9.9955E-05 0.00490736 9.9955E-05
0.818083 0.0629103 0.0415027 9.9964E-05 0.0771041 9.9964E-05 9.9964E-05 9.9964E-05
0.754805 9.9964E-05 9.9964E-05 0.00436684 0.0378873 0.202541 9.9964E-05 9.9964E-05
0.494438 0.00400477 0.0267276 9.9982E-05 9.9982E-05 0.391072 0.0505297 0.0330284
0.19941 0.0685393 0.0399404 0.00299 0.0715643 0.487772 0.129684 9.9991E-05
0.415841 0.034087 0.0335421 0.0756177 9.9982E-05 0.333381 9.9982E-05 0.107331
0.657525 0.125789 9.9982E-05 0.0876262 9.9982E-05 0.025534 0.0481714 0.0551537
0.486344 0.135152 9.9973E-05 9.9973E-05 9.9973E-05 0.209324 0.0229145 0.145965
0.18459 0.0300387 9.9991E-05 0.078664 0.0899898 0.447298 0.135162 0.034158
0.494354 0.220408 9.9973E-05 0.0971903 0.0216161 0.166132 9.9973E-05 9.9973E-05
0.484226 0.0711476 9.9964E-05 9.9964E-05 9.9964E-05 0.424273 0.0199538 9.9964E-05
0.575487 9.9973E-05 0.0116299 9.9973E-05 0.0529982 0.354196 0.00538917 9.9973E-05
0.646503 0.0175279 0.157683 0.0179169 0.154923 9.9982E-05 0.00524542 9.9982E-05
0.304685 9.9982E-05 0.0719085 0.0267826 9.9982E-05 0.551972 0.026428 0.0180233
9.9964E-05 0.0943098 9.9964E-05 0.0585626 9.9964E-05 0.0484718 0.798256 9.9964E-05
9.9946E-05 9.9946E-05 9.9946E-05 9.9946E-05 9.9946E-05 0.0735244 0.925876 9.9946E-05
9.9964E-05 9.9964E-05 9.9964E-05 0.0686395 9.9964E-05 0.0793846 0.829814 0.0217618
0.00387477 9.9973E-05 0.0325278 0.00132921 9.9973E-05 0.070117 0.891851 9.9973E-05
9.9973E-05 9.9973E-05 0.0149403 0.0310952 0.0153698 0.091566 0.846729 9.9973E-05
9.9964E-05 9.9964E-05 9.9964E-05 0.0162713 0.0415713 0.0443668 0.897391 9.9964E-05
9.99461E-05 9.99461E-05 9.99461E-05 9.99461E-05 9.99461E-05 0.104076 0.895325 9.99461E-05
0.2417 0.0459009 9.9982E-05 0.101275 0.00779054 0.573636 0.0294979 9.9982E-05
0.174822 0.00940176 0.0801026 9.9982E-05 9.9982E-05 0.626404 0.0942263 0.0148437
0.846551 0.0693692 9.9964E-05 9.9964E-05 9.9964E-05 9.9964E-05 0.0737322 0.00994767
0.109375 0.0249083 0.00547762 0.0657587 0.109431 0.494547 0.0948473 0.095655
0.415627 0.0561799 9.9982E-05 0.011369 9.9982E-05 0.411919 0.0276096 0.077095
0.284609 9.9973E-05 9.9973E-05 0.0192049 0.0968094 0.558799 0.0402771 9.9973E-05
0.33503 0.0244977 0.0103433 9.9982E-05 0.0216155 0.541905 0.0664084 9.9982E-05
0.451923 9.9964E-05 9.9964E-05 0.0946733 0.0990834 0.353921 9.9964E-05 9.9964E-05
0.702134 0.201729 9.9973E-05 9.9973E-05 0.00326038 9.9973E-05 0.0650284 0.0275483
0.226946 0.0702493 9.9991E-05 0.0224566 0.0727422 0.441427 0.139783 0.0262955
0.181 0.0394403 9.9973E-05 9.9973E-05 0.089169 0.605366 0.0847244 9.9973E-05
0.142101 0.120123 9.9991E-05 0.0727611 0.0081612 0.54055 0.0622054 0.0539992
0.538588 9.9973E-05 0.167354 9.9973E-05 0.00148781 0.282987 0.00928332 9.9973E-05
0.460753 9.9964E-05 0.0633647 9.9964E-05 9.9964E-05 0.4356 0.0398821 9.9964E-05
0.377734 0.0492758 9.9982E-05 0.00165662 9.9982E-05 0.45977 0.0373901 0.0739736
0.636064 9.9955E-05 9.9955E-05 0.0832616 9.9955E-05 0.280175 9.9955E-05 9.9955E-05
0.426141 9.9973E-05 0.0215083 9.9973E-05 9.9973E-05 0.387541 0.0885369 0.0759727
0.217858 0.0678702 9.9991E-05 0.0280173 0.0375612 0.532274 0.0982306 0.0180891
0.107506 0.332637 0.148959 0.00203654 0.0860434 0.205731 0.0108845 0.106202
0.0526503 0.302043 0.0372743 0.0278782 9.9991E-05 0.389281 0.0610382 0.129735
0.0287449 0.209823 9.9991E-05 0.0549658 0.0677463 0.474289 0.0946124 0.069719
0.0545118 0.224924 0.039267 0.0828408 9.9991E-05 0.525902 0.0429453 0.0295095
9.9964E-05 0.404341 9.9964E-05 9.9964E-05 9.9964E-05 0.472063 0.0569125 0.0662837
9.9982E-05 0.128458 0.0100635 0.0349178 0.0899942 0.526785 9.9982E-05 0.209582
0.0447027 0.24349 9.9982E-05 9.9982E-05 0.0741324 0.430198 0.0453422 0.161935
0.00720743 0.132052 0.0299746 9.9991E-05 0.112061 0.526499 0.115511 0.0765954
0.114506 0.0435169 0.0430024 0.0623786 0.0263947 0.573201 0.0437619 0.0932384
0.063633 0.181918 0.0990867 9.9982E-05 0.0867555 0.531346 9.9982E-05 0.0370607
0.0272325 0.258181 9.9964E-05 9.9964E-05 9.9964E-05 0.526526 9.9964E-05 0.18766
0.0786582 0.098899 0.0540127 0.0525049 0.0107916 0.592532 0.0074453 0.105157
0.0973332 0.121241 0.147 0.0818741 0.0293685 0.511876 0.0112071 9.9991E-05
0.0558036 0.229897 9.9982E-05 0.0753409 0.0415807 0.499167 9.9982E-05 0.0980104
9.9982E-05 0.0383277 0.0595776 0.0697332 0.197054 0.574311 9.9982E-05 0.0607964
0.0494484 0.13426 0.0076127 0.10865 0.0447243 0.479701 0.0195167 0.156087
9.9982E-05 0.28737 0.180707 9.9982E-05 0.0144814 0.379635 0.0467025 0.0909043
0.00997151 0.202825 9.9991E-05 0.0355848 0.0727325 0.56249 0.051518 0.0647782
9.9982E-05 0.132441 0.090432 9.9982E-05 0.0592797 0.679725 0.0129043 0.0250181
0.188061 0.336823 9.9991E-05 0.120435 0.066104 0.146927 0.0363234 0.105227
9.9991E-05 0.321667 0.197904 0.061604 0.175568 0.108625 0.00195563 0.132576
0.0615518 0.196164 0.0640404 9.9973E-05 9.9973E-05 0.583709 9.9973E-05 0.094235
0.234108 0.160153 0.120171 0.0484246 0.245804 9.9982E-05 9.9982E-05 0.19114
0.0725853 0.443178 0.0171327 9.9991E-05 0.0913854 0.182217 0.0575407 0.135861
0.100861 0.296833 0.0539472 9.9982E-05 0.0281123 0.370994 9.9982E-05 0.149052
0.091437 0.456616 9.9982E-05 9.9982E-05 0.0992134 0.221251 0.041485 0.0897974
0.116756 0.537251 0.0128624 0.0317452 9.9982E-05 0.158969 9.9982E-05 0.142216
0.122621 0.150107 9.9982E-05 0.0828653 9.9982E-05 0.550899 0.0489856 0.0443222
0.0415851 0.20863 0.00964301 0.0552371 0.0346217 0.530568 0.056616 0.0630999
0.033252 0.356819 0.0650032 9.9991E-05 0.0303795 0.455082 0.0483495 0.011015
0.0915035 0.347181 0.199114 0.06331 0.1344 0.0312756 9.9991E-05 0.133115
0.141736 0.0611074 0.0968144 0.0228279 0.0331897 0.52313 0.121095 9.9991E-05
0.128419 0.0936107 0.179171 0.0789568 0.0510534 0.45845 9.9991E-05 0.0102382
0.145874 0.0865539 0.465086 9.9982E-05 0.09078 9.9982E-05 0.0929015 0.118606
0.129576 9.9982E-05 0.0612397 0.0233663 0.0738332 0.627327 0.0844579 9.9982E-05
0.179328 9.9991E-05 0.230048 0.0475212 0.0785356 0.30524 0.0753411 0.0838864
0.0509774 0.0321345 0.16498 0.0256383 0.0552945 0.583636 0.0872393 9.9991E-05
0.166202 0.110225 0.385129 9.9982E-05 9.9982E-05 0.238733 0.00996736 0.0895433
0.00596727 0.137682 0.385993 9.9991E-05 0.168112 0.194707 0.0279037 0.0795354
0.0200917 0.0534111 0.21863 0.0118394 0.167757 0.433713 0.0028161 0.0917415
0.0161984 9.9991E-05 0.127699 0.112721 0.145318 0.447909 0.0700604 0.079994
0.119156 0.00359159 0.218023 0.0781684 0.00309003 0.373101 0.0804488 0.124422
0.27495 0.0816156 0.400034 0.139769 0.046178 9.9991E-05 0.0438029 0.01355
9.9982E-05 0.0973273 0.218059 0.033664 0.0660366 0.49684 9.9982E-05 0.0878734
0.17571 0.120668 0.219957 9.9982E-05 0.0435264 0.320392 9.9982E-05 0.119547
0.254719 0.156283 0.0845722 9.9973E-05 0.174889 0.329237 9.9973E-05 9.9973E-05
0.2177 9.9982E-05 0.106091 0.0387054 9.9982E-05 0.581135 0.0502457 0.00592281
0.0319811 9.9982E-05 0.195601 0.277972 9.9982E-05 0.139251 0.290762 0.0642332
9.9955E-05 9.9955E-05 0.4023 0.145743 9.9955E-05 9.9955E-05 0.451458 9.9955E-05
9.9955E-05 9.9955E-05 0.467714 0.152305 9.9955E-05 9.9955E-05 0.379481 9.9955E-05
9.9973E-05 9.9973E-05 0.20145 0.341652 9.9973E-05 0.0682165 0.363002 0.0253799
0.0850959 0.00988553 0.269222 0.00149174 0.013059 0.608469 9.9991E-05 0.0126768
0.12399 9.9991E-05 0.00460809 0.0832922 0.0954334 0.476374 0.0675974 0.148605
0.0192509 0.0290803 9.9964E-05 0.682818 9.9964E-05 0.268451 9.9964E-05 9.9964E-05
0.0158777 0.0507426 9.9991E-05 0.405012 0.0485385 0.357245 0.0685075 0.0539771
9.9991E-05 0.0628117 0.0739472 0.381085 0.0453682 0.328799 0.07231 0.0355789
0.0476117 0.0920567 0.369539 9.9973E-05 0.194575 0.295917 9.9973E-05 9.9973E-05
0.0772616 9.9982E-05 0.136694 9.9982E-05 0.0787039 0.549966 0.0441582 0.113016
0.0795936 0.123047 0.425664 9.9973E-05 0.225108 0.146287 9.9973E-05 9.9973E-05
0.126435 0.0322239 0.188175 9.9973E-05 0.0711841 0.581682 9.9973E-05 9.9973E-05
0.0110615 0.015912 0.222857 9.9991E-05 0.221238 0.452358 0.0147803 0.0616926
0.0342039 0.0699443 0.20035 9.9991E-05 0.0928404 0.561415 0.0171368 0.0240102
0.0717225 0.0791282 0.46235 9.9982E-05 0.1316 0.238249 9.9982E-05 0.0167501
0.142022 0.00633104 0.122996 0.0953724 0.00295659 0.583327 0.0218817 0.0251126
0.112206 9.9991E-05 0.0514009 0.0726206 0.088542 0.499586 0.126163 0.0493813
0.00729734 9.9964E-05 9.9964E-05 0.946253 0.023572 0.0224777 9.9964E-05 9.9964E-05
9.9955E-05 9.9955E-05 9.9955E-05 0.839275 9.9955E-05 0.116021 9.9955E-05 0.044204
9.9964E-05 0.110657 9.9964E-05 0.576882 9.9964E-05 0.258531 0.0535307 9.9964E-05
9.9955E-05 9.9955E-05 9.9955E-05 0.643281 0.00855899 0.34766 9.9955E-05 9.9955E-05
0.013069 9.9964E-05 9.9964E-05 0.824106 9.9964E-05 0.128334 9.9964E-05 0.0340903
9.994E-05 9.994E-05 9.994E-05 0.9993 9.994E-05 9.994E-05 9.994E-05 9.994E-05
0.0372818 9.9964E-05 9.9964E-05 0.944649 0.00483618 9.9964E-05 9.9964E-05 0.0128332
9.9955E-05 9.9955E-05 9.9955E-05 0.838112 0.0220442 0.139344 9.9955E-05 9.9955E-05
9.9964E-05 0.0335202 9.9964E-05 0.948155 9.9964E-05 0.00211265 9.9964E-05 0.0158121
9.994E-05 9.994E-05 9.994E-05 0.9993 9.994E-05 9.994E-05 9.994E-05 9.994E-05
9.994E-05 9.994E-05 9.994E-05 0.9993 9.994E-05 9.994E-05 9.994E-05 9.994E-05
9.9982E-05 0.0341212 9.9982E-05 0.726392 0.0231663 0.127 0.0886323 0.000487564
9.9973E-05 0.0745692 9.9973E-05 0.840443 9.9973E-05 0.0150949 0.0367312 0.0328622
0.0346101 9.9946E-05 9.9946E-05 0.96479 9.9946E-05 9.9946E-05 9.9946E-05 9.9946E-05
0.030816 0.177977 9.9991E-05 0.35491 0.0801079 0.293153 0.0387099 0.0242266
0.0452014 0.0911136 9.9982E-05 0.612801 9.9982E-05 0.178024 0.0483413 0.0243183
9.9973E-05 0.0279495 0.0166564 0.745054 9.9973E-05 0.184961 0.0250796 9.9973E-05
9.9973E-05 0.0288058 9.9973E-05 0.837961 9.9973E-05 0.103992 0.022972 0.00596959
9.9955E-05 9.9955E-05 9.9955E-05 0.962269 9.9955E-05 0.0250657 0.0121657 9.9955E-05
9.9964E-05 9.9964E-05 9.9964E-05 0.851748 9.9964E-05 0.0475792 0.0571781 0.043095
9.994E-05 9.994E-05 9.994E-05 0.9993 9.994E-05 9.994E-05 9.994E-05 9.994E-05
0.0218225 0.0117491 0.109952 0.516375 9.9991E-05 0.313506 0.0218507 0.00464496
9.9973E-05 0.0445238 0.0167702 0.859289 9.9973E-05 0.0572194 0.021898 9.9973E-05
0.0247227 9.9973E-05 0.533426 0.00310376 0.129628 9.9973E-05 0.30882 9.9973E-05
9.9982E-05 0.0280861 0.229894 0.00337866 9.9982E-05 0.474405 0.173327 0.0907097
0.0140605 0.00650006 0.237704 0.0462644 0.0549908 0.428105 0.186409 0.0259665
9.9982E-05 9.9982E-05 0.521976 0.1019 0.00849847 0.188924 0.127992 0.0505106
0.0112364 0.0635001 0.199882 0.115516 0.0345797 0.458837 0.11635 9.9991E-05
0.0213088 0.00321035 0.384937 0.0667797 0.0617034 0.198306 0.263655 9.9991E-05
0.0144225 0.154019 0.155005 0.112137 0.0172669 0.424315 0.122734 9.9991E-05
9.9973E-05 9.9973E-05 0.371485 0.147422 9.9973E-05 0.342215 0.112575 0.0260036
9.9982E-05 0.0283273 0.198607 0.0608091 0.0334645 0.517653 0.160939 9.9982E-05
9.9964E-05 9.9964E-05 0.357555 0.190899 9.9964E-05 0.335882 0.115263 9.9964E-05
0.0400829 0.126879 0.174497 0.0474982 0.0127378 0.425094 0.17311 9.9991E-05
9.9964E-05 9.9964E-05 9.9964E-05 9.9964E-05 0.0641432 0.0438321 0.827966 0.0636585
0.0250365 9.9964E-05 9.9964E-05 0.0963227 0.0104255 9.9964E-05 0.867815 9.9964E-05
0.0574898 9.9946E-05 9.9946E-05 9.9946E-05 9.9946E-05 9.9946E-05 0.941911 9.9946E-05
9.9955E-05 9.9955E-05 9.9955E-05 9.9955E-05 9.9955E-05 0.00620647 0.936668 0.0566258
9.9973E-05 0.0209851 9.9973E-05 0.0370437 9.9973E-05 0.016795 0.886005 0.0388711
9.9964E-05 0.00219656 9.9964E-05 0.099304 0.0243781 9.9964E-05 0.873722 9.9964E-05
9.9955E-05 9.9955E-05 9.9955E-05 0.126412 9.9955E-05 0.0291135 0.843975 9.9955E-05
0.0289508 0.00726136 0.0315385 9.9973E-05 0.0560222 9.9973E-05 0.875927 9.9973E-05
0.0352217 0.00416309 9.9964E-05 9.9964E-05 9.9964E-05 0.0216228 0.938593 9.9964E-05
9.9991E-05 0.0233558 0.0122612 0.0634883 0.0135479 0.028845 0.855621 0.0027805
9.9964E-05 0.27229 9.9964E-05 9.9964E-05 0.0890213 9.9964E-05 0.584191 0.0540985
0.0532741 0.198749 0.0560676 9.9973E-05 9.9973E-05 9.9973E-05 0.537315 0.154294
9.9973E-05 0.192147 0.136068 9.9973E-05 0.011392 9.9973E-05 0.518207 0.141886
0.0567815 0.364172 0.00158317 9.9982E-05 0.0235814 9.9982E-05 0.501646 0.052036
0.224729 0.128408 9.9973E-05 9.9973E-05 9.9973E-05 0.531621 0.0511534 0.0637891
0.25717 0.0561859 0.013789 0.0430519 0.0953057 0.488097 0.0408941 0.00550671
0.15548 0.0859289 9.9991E-05 0.00502948 0.0672568 0.595775 0.0236118 0.0668184
0.18412 0.304087 0.0493148 9.9982E-05 9.9982E-05 0.32245 0.025769 0.11406
0.135802 0.456235 9.9973E-05 0.0449518 9.9973E-05 0.0743786 9.9973E-05 0.288333
0.286601 0.0349635 0.00197422 0.0821235 9.9982E-05 0.529314 9.9982E-05 0.0648237
0.299021 0.00685778 0.0132536 9.9982E-05 0.0134112 0.587381 9.9982E-05 0.0798749
0.312593 0.0213853 0.0766532 0.00215205 0.0116726 0.468248 9.9991E-05 0.107195
0.598277 9.9982E-05 0.0221729 0.0755378 0.0565362 0.236356 9.9982E-05 0.0109201
0.130503 0.0223279 0.0181767 0.07594 0.0130302 0.633589 9.9991E-05 0.106334
0.354233 0.0266207 0.0427401 9.9982E-05 0.0695829 0.394356 9.9982E-05 0.112268
0.70332 9.9964E-05 0.0355976 9.9964E-05 0.182977 9.9964E-05 9.9964E-05 0.0777055
0.28599 0.105261 0.0685137 9.9982E-05 9.9982E-05 0.416263 0.119216 0.00455641
0.421151 9.9973E-05 0.135029 9.9973E-05 0.153505 0.263617 9.9973E-05 0.0263974
0.332549 0.0567234 9.9973E-05 9.9973E-05 0.0451987 0.547616 0.0176125 9.9973E-05
0.663483 0.101349 9.9982E-05 9.9982E-05 0.008217 0.0791805 0.0684584 0.0791126
0.0320747 9.9973E-05 0.0992168 0.00886018 9.9973E-05 9.9973E-05 0.0454493 0.814099
9.9964E-05 9.9964E-05 0.0825985 9.9964E-05 9.9964E-05 0.0599299 0.00153717 0.855535
9.9946E-05 9.9946E-05 9.9946E-05 9.9946E-05 0.0936258 9.9946E-05 9.9946E-05 0.905774
0.0448719 9.9973E-05 0.00636093 9.9973E-05 0.0377783 9.9973E-05 0.0547227 0.855966
9.9982E-05 0.0338152 0.0427218 0.0276481 0.0148416 0.0639474 9.9982E-05 0.816826
9.9964E-05 9.9964E-05 0.0201111 0.0722767 9.9964E-05 0.016837 9.9964E-05 0.890375
9.9955E-05 9.9955E-05 9.9955E-05 0.00869894 9.9955E-05 0.124086 0.866715 9.9955E-05
9.9982E-05 0.0774286 0.00213646 0.0354572 9.9982E-05 0.0732614 0.781048 0.0304684
9.9955E-05 9.9955E-05 9.9955E-05 0.0690239 9.9955E-05 0.160465 0.770012 9.9955E-05
9.9964E-05 0.133632 9.9964E-05 0.154686 9.9964E-05 0.0207839 0.690498 9.9964E-05
9.9982E-05 0.0363523 0.0618672 0.0744223 9.9982E-05 0.035581 0.766673 0.0249046
9.9964E-05 0.0726849 0.0761943 9.9964E-05 9.9964E-05 9.9964E-05 0.370054 0.480667
0.0952209 0.0191375 0.0482156 9.9982E-05 0.0597551 9.9982E-05 0.461383 0.316088
0.0478987 0.0160107 9.9982E-05 0.0155594 0.0936448 9.9982E-05 0.403402 0.423284
9.9955E-05 9.9955E-05 9.9955E-05 9.9955E-05 9.9955E-05 0.145263 0.838571 0.0156665
0.114261 9.9964E-05 9.9964E-05 9.9964E-05 0.042445 9.9964E-05 0.410251 0.432643
9.9982E-05 9.9982E-05 0.146589 0.3641 0.0157003 0.299405 0.138936 0.0350694
0.040113 0.0773767 9.9982E-05 0.19968 0.0426875 0.494749 0.145193 9.9982E-05
9.9964E-05 0.0543702 9.9964E-05 0.325976 9.9964E-05 0.456585 0.162669 9.9964E-05
0.0569069 9.9982E-05 0.122857 0.198515 9.9982E-05 0.368686 0.21636 0.0364755
0.0403403 0.179733 0.0845389 0.177934 9.9982E-05 0.434794 0.0824596 9.9982E-05
9.9964E-05 9.9964E-05 0.312122 0.269255 0.0409469 9.9964E-05 0.377276 9.9964E-05
0.0371214 0.308418 9.9973E-05 9.9973E-05 0.107746 0.389929 9.9973E-05 0.156486
0.084092 0.179878 0.118223 9.9982E-05 0.148998 0.376525 9.9982E-05 0.0920844
0.0240624 0.605035 0.0108033 9.9991E-05 0.0170418 0.164096 0.0926965 0.0861643
0.130467 0.0629036 0.0304746 9.9982E-05 0.218505 0.434228 9.9982E-05 0.123221
0.17953 0.0839447 0.340851 9.9973E-05 0.32027 9.9973E-05 9.9973E-05 0.075104
0.0853727 0.182374 0.0667833 9.9982E-05 0.0945049 0.516048 0.0547176 9.9982E-05
0.0138484 0.197545 0.109752 0.0085527 0.098382 0.477586 0.0273841 0.0669501
0.0857348 0.507326 9.9982E-05 9.9982E-05 0.0207795 0.20181 0.0737155 0.110434
0.0358362 0.102182 0.0734424 0.0288283 0.152336 0.491686 0.0995871 0.0161014
0.112624 0.448593 0.231251 9.9973E-05 0.12717 0.080062 9.9973E-05 9.9973E-05
0.00978521 0.151829 0.0902628 0.127512 0.154561 0.341837 9.9991E-05 0.124114
0.0874385 0.21256 9.9973E-05 0.000338689 9.9973E-05 0.553319 9.9973E-05 0.146044
0.180015 9.9991E-05 0.00308399 0.192203 0.0201954 0.35848 0.193084 0.0528397
0.108135 0.289905 0.0698321 9.9982E-05 0.170556 0.311265 9.9982E-05 0.0501075
9.9982E-05 0.219277 0.0485989 0.0408807 0.14256 0.370674 9.9982E-05 0.177809
0.0427148 0.336745 0.0339671 0.0654661 0.197013 0.323894 9.9982E-05 9.9982E-05
0.207351 0.104992 0.0050583 9.9991E-05 0.100794 0.443265 0.0487829 0.0896563
0.149058 0.0569291 0.0146705 0.0888559 0.0761073 0.49891 0.0507291 0.0647392
0.118295 0.0321402 0.15352 0.00219557 0.0438527 0.582577 0.0496512 0.0177688
0.00594064 0.138873 0.102759 9.9982E-05 0.0399875 0.593107 0.119133 9.9982E-05
9.9955E-05 9.9955E-05 9.9955E-05 0.0606141 9.9955E-05 0.144676 0.79421 9.9955E-05
0.0326309 9.9955E-05 9.9955E-05 9.9955E-05 9.9955E-05 0.125354 0.841515 9.9955E-05
0.0308513 0.0147416 0.0844434 0.0228468 0.0356622 0.00667377 0.744943 0.0598375
0.102852 9.9982E-05 9.9982E-05 0.0663865 0.00915883 0.00810191 0.743853 0.0694477
9.9964E-05 9.9964E-05 9.9964E-05 0.030104 0.0291214 0.0936936 0.846681 9.9964E-05
0.013143 0.610086 0.0114077 0.0458834 9.9982E-05 0.136299 9.9982E-05 0.182981
0.0453667 0.164008 0.0175158 9.9991E-05 0.160632 0.489157 0.100749 0.0224716
0.0424282 9.9982E-05 0.0953652 0.156462 0.0466445 0.504718 0.154181 9.9982E-05
0.0158117 0.194779 0.0734069 0.0732967 0.0770464 0.548915 9.9991E-05 0.0166443
0.139046 0.2327 9.9991E-05 0.0318096 0.0967984 0.336008 0.0865175 0.0770201
9.9982E-05 0.363469 0.148118 0.0776839 0.0722581 0.204247 9.9982E-05 0.134023
0.0680371 0.543003 0.0712566 9.9982E-05 0.0205435 9.9982E-05 0.139676 0.157284
0.0489845 0.245288 9.9982E-05 0.0014257 9.9982E-05 0.471804 0.0463658 0.185932
0.0321919 0.416868 9.9991E-05 0.077077 0.105644 0.0553402 0.0674922 0.245287
0.0744482 0.0153772 0.10007 0.039308 0.139589 0.480184 9.9991E-05 0.150924
9.9973E-05 0.5627 9.9973E-05 9.9973E-05 0.0651306 0.0629915 0.178235 0.130643
9.9973E-05 0.135324 9.9973E-05 0.108865 9.9973E-05 0.553977 0.0105619 0.190972
9.9991E-05 0.623049 0.036451 0.0490688 0.0629767 0.0742746 0.0269958 0.127085
9.9982E-05 0.246527 0.101945 0.0768227 0.170438 0.314198 9.9982E-05 0.0898685
0.0737856 0.112943 0.0990838 9.9991E-05 0.0231729 0.517226 0.112581 0.0611083
9.9973E-05 0.121606 0.41316 9.9973E-05 0.130163 0.283806 9.9973E-05 0.0509652
0.0734739 0.0828459 0.251761 9.9982E-05 9.9982E-05 0.562383 0.0143263 0.0150097
0.031729 0.0792763 0.12726 0.00727538 0.100256 0.561496 0.0926069 9.9991E-05
0.152315 0.00121194 0.412935 9.9982E-05 0.0182513 0.330195 9.9982E-05 0.0848915
0.093367 0.0827152 0.0353759 0.123513 0.0733643 0.37189 0.128798 0.0909757
9.9964E-05 9.9964E-05 0.257594 9.9964E-05 0.0964468 0.616497 9.9964E-05 0.0290616
0.0842832 0.0347373 0.468487 9.9982E-05 0.234524 0.0734081 9.9982E-05 0.10436
0.048366 9.9973E-05 0.540798 9.9973E-05 0.100721 0.250174 9.9973E-05 0.0596408
9.9964E-05 9.9964E-05 0.298063 9.9964E-05 0.0697237 0.502908 9.9964E-05 0.128906
0.190721 0.0745436 0.381833 9.9982E-05 0.124846 0.130346 9.9982E-05 0.0975107
0.064872 0.130928 0.283686 9.9973E-05 9.9973E-05 0.477435 9.9973E-05 0.0427788
0.0421559 0.591253 0.044326 9.9982E-05 0.0491805 0.058934 9.9982E-05 0.21395
0.0511365 0.223531 0.0562926 9.9982E-05 0.245295 0.214919 9.9982E-05 0.208626
0.01491 0.438514 9.9991E-05 0.0485956 0.0094913 0.326508 0.00732735 0.154554
0.0193477 0.248266 9.9973E-05 0.0598498 9.9973E-05 0.640836 9.9973E-05 0.0314005
0.170804 0.531619 9.9973E-05 0.0725488 9.9973E-05 0.0675637 9.9973E-05 0.157165
0.139008 0.063886 0.110015 0.0917217 0.00193926 0.459253 0.0333954 0.100782
0.0242752 0.13048 0.0149365 9.9991E-05 0.0234557 0.59155 0.109208 0.105995
0.0850814 0.346387 9.9982E-05 0.0862706 9.9982E-05 0.382152 0.0118532 0.0880563
0.00998249 0.305389 9.9973E-05 9.9973E-05 0.120853 0.474071 9.9973E-05 0.0894054
0.139379 0.184112 9.9973E-05 0.0376434 9.9973E-05 0.458194 9.9973E-05 0.180372
0.151618 0.423728 9.9973E-05 0.0942447 9.9973E-05 0.112687 9.9973E-05 0.217423
0.128815 0.287255 9.9982E-05 0.0639801 0.0579495 0.239749 9.9982E-05 0.222051
0.0160153 0.317229 9.9973E-05 9.9973E-05 0.0889566 0.540079 9.9973E-05 0.0374198
0.0515967 0.129473 0.00525945 0.0181058 0.0998339 0.62113 0.0694584 0.00514234
0.0452918 0.101566 0.0945671 9.9991E-05 0.108661 0.38607 0.0795744 0.184169
9.9973E-05 0.159447 0.0199733 9.9973E-05 0.167448 0.533735 9.9973E-05 0.119097
9.9982E-05 0.300738 0.120529 9.9982E-05 0.00462676 0.360503 0.0951883 0.118215
0.0506206 0.173904 9.9991E-05 0.00448088 0.0552894 0.571754 0.0690184 0.0748331
0.0702175 0.205031 9.9991E-05 0.0438768 0.00293196 0.477656 0.0198432 0.180343
0.0669393 0.109379 0.0116687 0.0512621 0.0544618 0.524706 0.150113 0.0314698
0.0449484 0.0505762 0.115472 0.117488 9.9982E-05 0.366419 0.304895 9.9982E-05
0.107464 9.9973E-05 0.151255 0.16635 9.9973E-05 0.463435 0.111196 9.9973E-05
9.9973E-05 0.176862 9.9973E-05 0.0945927 0.0174415 0.518042 0.192762 9.9973E-05
0.0333287 9.9991E-05 0.0314362 0.0992043 0.0997676 0.623309 0.0796316 0.0332222
0.00986179 0.0788154 0.0342929 0.212811 0.107514 0.428192 0.128414 9.9991E-05
9.9982E-05 0.237331 0.124804 0.00258038 0.140147 0.441921 9.9982E-05 0.0530165
9.9991E-05 0.0957346 0.041944 0.124492 0.0698617 0.467019 0.144276 0.0565722
0.0771965 0.114213 0.446785 0.189556 9.9982E-05 0.0016533 0.170397 9.9982E-05
0.0123761 0.157325 0.0174627 0.173849 0.0509313 0.474578 0.0810706 0.0324065
9.9982E-05 9.9982E-05 0.0630503 0.190518 0.15072 0.451173 0.0873858 0.0569532
9.9991E-05 0.0501716 0.0346876 0.131341 0.0721334 0.581855 0.0979533 0.0317582
0.0827385 0.185071 0.166341 0.110513 0.0377181 0.225464 0.163699 0.028455
9.9973E-05 0.0365106 0.142956 0.111204 9.9973E-05 0.565169 0.143861 9.9973E-05
9.9973E-05 0.0363959 0.170952 0.124536 9.9973E-05 0.562179 0.105638 9.9973E-05
0.0265396 9.9973E-05 0.336417 0.193724 0.0248518 9.9973E-05 0.418169 9.9973E-05
0.113284 9.9991E-05 0.0300212 0.161731 0.0568542 0.480346 0.11049 0.0471731
0.0221724 9.9982E-05 9.9982E-05 0.117506 0.0528639 0.529926 0.24341 0.0339216
0.0361704 0.0895963 0.0182459 0.122981 0.0961272 0.485249 0.135657 0.0159736
9.9973E-05 9.9973E-05 0.0942965 0.166654 0.0609353 0.535466 0.142349 9.9973E-05
0.0193168 0.00608474 0.115232 0.169062 0.0456279 0.440499 0.143525 0.0606529
0.0378468 9.9982E-05 9.9982E-05 0.0084728 0.461764 0.421461 0.0681327 0.00212286
0.169244 0.032301 9.9982E-05 0.0849065 0.237764 0.355809 0.119776 9.9982E-05
0.0769295 0.129646 9.9955E-05 9.9955E-05 0.792925 9.9955E-05 9.9955E-05 9.9955E-05
0.047467 9.9973E-05 0.0387458 9.9973E-05 0.856254 9.9973E-05 0.00337066 0.0538629
9.9982E-05 0.0502137 9.9982E-05 0.0989099 0.321338 0.400964 0.112666 0.0157089
9.9982E-05 0.0375714 0.0756381 0.340674 0.138015 0.321662 0.086239 9.9982E-05
9.9973E-05 9.9973E-05 0.0136864 0.358075 0.295996 0.248763 0.0831796 9.9973E-05
9.9982E-05 0.0569007 0.237668 0.269288 0.116229 0.164125 0.15559 9.9982E-05
9.9982E-05 0.0627839 0.00739253 0.2621 0.153406 0.325581 0.188537 9.9982E-05
9.9973E-05 9.9973E-05 0.256092 0.0937308 0.59276 0.0251213 0.031996 9.9973E-05
9.9973E-05 9.9973E-05 0.0843859 0.053084 0.6712 0.0962948 0.0947352 9.9973E-05
0.0179143 0.00050668 9.9982E-05 0.155262 0.35881 0.44858 9.9982E-05 0.0187266
9.9964E-05 9.9964E-05 9.9964E-05 0.114428 0.483681 0.332042 0.069448 9.9964E-05
9.9964E-05 9.9964E-05 9.9964E-05 0.105687 0.69904 0.102339 0.0925334 9.9964E-05
9.9973E-05 0.0593485 9.9973E-05 0.0228817 0.32503 0.496333 0.0961067 9.9973E-05
0.028571 0.0262972 9.9991E-05 0.130437 0.305007 0.440795 0.044649 0.0241442
0.0103783 9.9991E-05 0.0267522 0.124287 0.244745 0.396516 0.0951548 0.102067
0.00571496 0.161198 9.9973E-05 9.9973E-05 0.53243 0.267439 0.0329177 9.9973E-05
0.0590515 0.124179 9.9982E-05 0.0627294 0.49675 0.224882 9.9982E-05 0.0322081
0.0836205 9.9991E-05 0.0782287 0.0253582 0.214195 0.493794 0.0237752 0.0809287
0.0404287 0.047492 9.9991E-05 0.0644747 0.326609 0.358058 0.0245261 0.138311
0.102316 9.9991E-05 0.134533 0.096518 0.138997 0.452759 0.0499834 0.0247933
0.00242848 9.9964E-05 0.0578108 9.9964E-05 0.477687 0.461674 9.9964E-05 9.9964E-05
9.9955E-05 9.9955E-05 9.9955E-05 9.9955E-05 0.727169 0.142139 9.9955E-05 0.130192
0.0352774 9.9982E-05 0.0152587 0.0231847 0.392665 0.505827 0.0275876 9.9982E-05
0.0317845 0.078768 9.9973E-05 0.035973 0.691272 0.161902 9.9973E-05 9.9973E-05
9.9964E-05 9.9964E-05 0.00907623 9.9964E-05 0.556148 0.414509 0.0198662 9.9964E-05
9.9964E-05 9.9964E-05 9.9964E-05 9.9964E-05 0.336156 0.531864 0.0238876 0.107693
0.0190903 0.124909 9.9964E-05 9.9964E-05 0.525007 0.330594 9.9964E-05 9.9964E-05
9.9991E-05 0.000578527 0.0690703 0.137114 0.108064 0.518134 0.140721 0.0262183
9.9991E-05 0.15058 0.0516002 0.0982337 0.187652 0.372721 0.138942 0.000170498
9.9982E-05 9.9982E-05 0.136637 0.234674 0.0712762 0.379158 0.10583 0.0722241
9.9991E-05 0.0725786 0.114727 0.201631 0.0662315 0.334807 0.187176 0.0227476
0.0151543 0.011313 0.0645647 0.0936566 9.9991E-05 0.57466 0.185734 0.0548176
9.9982E-05 9.9982E-05 0.0632362 0.159746 0.152079 0.475908 0.102749 0.0460813
9.9964E-05 9.9964E-05 0.115883 0.130311 0.565031 9.9964E-05 0.188375 9.9964E-05
9.9973E-05 9.9973E-05 0.0608467 0.187549 0.0865592 0.582653 0.0820922 9.9973E-05
9.9964E-05 9.9964E-05 0.233414 0.10407 0.342405 9.9964E-05 0.319711 9.9964E-05
9.9964E-05 9.9964E-05 9.9964E-05 0.189713 0.347336 0.394846 0.0677054 9.9964E-05
0.108064 9.9964E-05 0.0510814 9.9964E-05 0.777411 0.063044 9.9964E-05 9.9964E-05
0.074871 0.0556542 9.9955E-05 9.9955E-05 0.868975 9.9955E-05 9.9955E-05 9.9955E-05
0.00462042 0.0857454 9.9964E-05 9.9964E-05 0.53149 0.377745 9.9964E-05 9.9964E-05
9.9964E-05 0.0237458 9.9964E-05 0.00950612 0.403515 0.562833 9.9964E-05 9.9964E-05
9.9955E-05 0.0611945 9.9955E-05 9.9955E-05 0.569666 0.36864 9.9955E-05 9.9955E-05
9.9955E-05 9.9955E-05 9.9955E-05 9.9955E-05 0.524291 0.463507 9.9955E-05 0.0117024
9.9955E-05 9.9955E-05 9.9955E-05 9.9955E-05 0.531653 0.451136 9.9955E-05 0.0167112
9.9973E-05 0.0374339 9.9973E-05 0.0220257 0.0844025 0.053345 0.802493 9.9973E-05
0.0197338 0.0497762 0.00527639 0.0670481 0.0389614 0.0044409 0.684364 0.1304
9.9955E-05 9.9955E-05 9.9955E-05 0.055557 9.9955E-05 9.9955E-05 0.902119 0.0418246
9.9955E-05 9.9955E-05 0.017553 9.9955E-05 9.9955E-05 0.0666026 0.915345 9.9955E-05
0.323719 0.0463893 0.000491604 0.102718 0.0960183 0.402301 0.0173276 0.0110345
0.309037 0.0625293 9.9982E-05 9.9982E-05 0.0715241 0.460844 0.0512554 0.0446101
0.492226 0.0128878 9.9964E-05 9.9964E-05 9.9964E-05 0.490041 9.9964E-05 0.00444531
0.204099 0.11087 0.02462 0.000395363 9.9991E-05 0.552232 0.102697 0.00498698
0.186317 9.9991E-05 0.0297149 0.0931803 0.0340194 0.415164 0.0750049 0.1665
0.603368 0.117984 0.00707892 0.0481743 9.9991E-05 0.156158 0.0380657 0.0290713
0.402365 0.0468459 9.9964E-05 0.0402303 9.9964E-05 0.510159 9.9964E-05 9.9964E-05
0.457817 9.9973E-05 0.160066 9.9973E-05 0.0453246 0.335461 0.00103192 9.9973E-05
0.0306342 0.040351 9.9982E-05 0.172811 9.9982E-05 0.466707 0.256537 0.0327591
0.383198 9.9982E-05 0.0213102 0.0139292 0.111622 0.402156 9.9982E-05 0.0675852
0.556481 0.145513 9.9964E-05 9.9964E-05 9.9964E-05 0.239129 9.9964E-05 0.0584771
0.358002 9.9955E-05 9.9955E-05 9.9955E-05 0.154985 0.486513 9.9955E-05 9.9955E-05
0.478868 0.0465615 9.9973E-05 0.0680177 0.136481 0.269772 9.9973E-05 9.9973E-05
0.410919 9.9973E-05 0.0285683 0.0141379 9.9973E-05 0.528001 0.0180735 9.9973E-05
0.270285 9.9982E-05 9.9982E-05 0.0897999 0.057758 0.506609 0.0425963 0.0327516
0.908379 9.9955E-05 0.00871982 9.9955E-05 0.0824013 9.9955E-05 9.9955E-05 9.9955E-05
0.488402 0.07176 0.118955 9.9973E-05 0.0611615 0.259422 9.9973E-05 9.9973E-05
0.564166 9.9973E-05 9.9973E-05 0.0395815 0.0498296 0.281636 9.9973E-05 0.0644875
0.782367 9.9946E-05 0.217034 9.9946E-05 9.9946E-05 9.9946E-05 9.9946E-05 9.9946E-05
0.486042 0.0517128 0.00555968 0.0817705 9.9991E-05 0.29029 0.0133685 0.0711562
0.614439 9.9973E-05 0.265639 9.9973E-05 0.00492295 0.0894773 9.9973E-05 0.0252215
0.730418 9.9955E-05 0.153918 9.9955E-05 0.115164 9.9955E-05 9.9955E-05 9.9955E-05
0.400969 9.9964E-05 9.9964E-05 0.067127 0.0198929 0.511612 9.9964E-05 9.9964E-05
0.567997 0.206657 9.9991E-05 0.049233 0.00320181 0.111109 0.0195122 0.0421901
0.365996 0.0502526 9.9973E-05 0.0862333 9.9973E-05 0.391201 9.9973E-05 0.106017
0.225445 0.0518703 0.0324035 0.0722284 0.11098 0.473071 0.0339024 9.9991E-05
0.330189 0.117756 0.0312255 9.9982E-05 9.9982E-05 0.490805 0.00715822 0.0226661
9.9982E-05 0.292325 0.094484 0.047488 0.181301 0.23862 9.9982E-05 0.145583
0.350222 0.0451979 9.9973E-05 0.0405833 0.114776 0.448922 9.9973E-05 9.9973E-05
0.399133 0.0918441 9.9982E-05 0.0607072 0.00482203 0.416436 9.9982E-05 0.0268579
0.576442 9.9955E-05 0.0634462 9.9955E-05 9.9955E-05 0.359612 9.9955E-05 9.9955E-05
0.0644944 9.9982E-05 0.127556 0.0146999 9.9982E-05 0.66117 0.0854921 0.0463878
0.00393948 0.0721573 0.0452893 9.9982E-05 0.066662 9.9982E-05 0.64014 0.171612
0.0566784 0.0655416 0.0764132 9.9982E-05 9.9982E-05 0.0378134 0.731416 0.031937
0.00713624 0.0408886 0.106145 9.9973E-05 9.9973E-05 9.9973E-05 0.770321 0.0752086
0.0067322 0.0017531 0.0290343 9.9982E-05 0.0017351 9.9982E-05 0.809837 0.150709
9.9973E-05 0.00892174 0.0344144 9.9973E-05 9.9973E-05 0.0456601 0.724599 0.186105
0.669755 0.210438 9.9982E-05 0.00128063 9.9982E-05 0.0697551 0.0461613 0.00240978
0.586613 0.121482 0.0428278 9.9991E-05 0.0137052 0.0885378 0.0830758 0.0636581
0.841449 9.9973E-05 0.0679757 0.0540254 0.0340542 0.00219583 9.9973E-05 9.9973E-05
0.166761 0.157571 0.0656213 0.0614066 9.9982E-05 0.447604 0.100836 9.9982E-05
0.125831 0.116193 9.9991E-05 0.0360165 0.00692056 0.553466 0.119705 0.0417678
0.657173 9.9955E-05 9.9955E-05 9.9955E-05 9.9955E-05 0.271927 0.0703993 9.9955E-05
0.303237 0.0305182 0.0254651 0.028289 0.0219778 0.583117 9.9991E-05 0.00729588
0.47523 9.9982E-05 0.0924683 0.0183863 0.0466413 0.338239 0.0288356 9.9982E-05
0.274028 0.128159 0.030402 9.9982E-05 0.0254899 0.531197 0.0105237 9.9982E-05
0.320095 9.9964E-05 9.9964E-05 9.9964E-05 9.9964E-05 0.545679 0.0540753 0.0797502
0.610626 0.157864 0.0218867 0.0167763 9.9982E-05 0.167561 9.9982E-05 0.0250858
0.55368 0.0417285 9.9964E-05 9.9964E-05 9.9964E-05 0.297386 9.9964E-05 0.106805
0.530756 0.0968304 9.9964E-05 9.9964E-05 9.9964E-05 0.299911 9.9964E-05 0.0721022
0.0595169 0.0995915 0.182627 9.9973E-05 9.9973E-05 0.615535 0.0424298 9.9973E-05
0.550957 9.9964E-05 9.9964E-05 9.9964E-05 9.9964E-05 0.362249 0.0594779 0.026916
0.373199 0.0973103 0.0173643 0.0183407 0.0416684 0.438079 9.9991E-05 0.0139382
9.9973E-05 0.0708638 0.126018 0.388535 9.9973E-05 0.382636 0.0316471 9.9973E-05
0.0787828 0.000873093 0.0521306 0.54921 9.9991E-05 0.22172 0.0489391 0.0482442
0.00334961 9.9982E-05 9.9982E-05 0.429353 0.0296453 0.463554 0.0603856 0.0135124
9.9973E-05 9.9973E-05 0.0358556 0.464534 0.0632248 0.282222 0.153864 9.9973E-05
0.0344573 0.0957585 9.9991E-05 0.329954 0.0687612 0.314498 0.0861421 0.0703283
0.319638 0.00693931 0.0904294 0.0464683 0.0471202 0.456208 0.0330971 9.9991E-05
9.9964E-05 9.9964E-05 0.0216811 0.649397 9.9964E-05 0.0240542 0.304468 9.9964E-05
9.9973E-05 0.118949 9.9973E-05 0.454343 0.00878025 0.255801 0.161826 9.9973E-05
0.0992071 9.9982E-05 0.167059 0.195259 0.0648196 0.353264 0.120192 9.9982E-05
9.9973E-05 0.173504 0.1652 9.9973E-05 0.00569467 0.567445 0.0878559 9.9973E-05
0.0583836 0.211353 0.23819 9.9973E-05 9.9973E-05 0.414097 0.077676 9.9973E-05
0.00139735 0.00105947 0.245914 0.0126152 9.9991E-05 0.601132 0.0409515 0.0968312
0.180026 9.9982E-05 0.136453 0.059123 9.9982E-05 0.48484 0.0598856 0.0794726
9.9955E-05 9.9955E-05 9.9955E-05 0.413426 9.9955E-05 0.354386 0.231688 9.9955E-05
9.9973E-05 0.0955953 0.0941003 0.364431 9.9973E-05 0.368117 0.0774559 9.9973E-05
9.9973E-05 9.9973E-05 0.0387774 0.461802 9.9973E-05 0.411649 0.0402008 0.0472705
9.9982E-05 9.9982E-05 0.00533267 0.251272 0.126505 0.450163 0.0732843 0.0932431
0.0113797 0.0419009 0.0385027 0.469734 0.00880927 0.327423 0.0715311 0.0307191
9.9982E-05 0.156801 0.0451072 0.333382 9.9982E-05 0.406315 0.0532273 0.00496842
9.9973E-05 9.9973E-05 0.00304752 0.585112 0.0041888 0.260155 0.147197 9.9973E-05
9.9982E-05 0.0897617 0.0431309 0.333465 9.9982E-05 0.404467 0.0926278 0.0363476
0.0497274 9.9982E-05 0.29874 0.00200096 9.9982E-05 0.570675 0.0433175 0.035339
9.9982E-05 9.9982E-05 0.134001 0.278292 0.0471144 0.421238 0.0991686 0.019986
0.00539811 9.9973E-05 0.0210318 0.66721 9.9973E-05 0.140036 0.166024 9.9973E-05
0.00994979 0.0481798 0.0199443 0.38907 0.11556 0.300338 0.113999 0.00295898
0.0556204 0.305689 0.263432 9.9982E-05 9.9982E-05 0.197138 0.131243 0.0466785
9.9964E-05 0.211282 0.195867 0.117261 9.9964E-05 0.47519 9.9964E-05 9.9964E-05
9.9991E-05 0.020046 0.113201 0.338219 0.0168927 0.37181 0.111828 0.0279036
9.9982E-05 0.077483 0.218754 0.0595559 9.9982E-05 0.562373 0.0624481 0.0191855
0.0315231 0.0697264 0.246467 0.0438963 0.0556469 0.437335 0.0900289 0.0253762
0.11793 9.9982E-05 0.0866984 0.277152 9.9982E-05 0.303821 0.145347 0.0688528
9.9982E-05 0.0467018 0.0809739 0.278193 0.0702185 0.331351 0.192362 9.9982E-05
9.9973E-05 0.0135237 0.134281 0.188469 9.9973E-05 0.4891 9.9973E-05 0.174327
0.0101943 9.9982E-05 0.0732115 0.286172 9.9982E-05 0.448928 0.117868 0.0634266
9.9982E-05 0.0245958 9.9982E-05 0.483981 0.0234579 0.383307 0.076198 0.00825961
9.9964E-05 9.9964E-05 9.9964E-05 0.556514 0.0339199 0.143295 0.26587 9.9964E-05
0.0654124 0.0556695 0.12188 0.136303 0.049003 0.490595 0.0267117 0.0544253
0.0622911 0.0939808 0.250735 9.9991E-05 0.00803224 0.477434 0.0541295 0.0532978
0.12159 9.9991E-05 0.594916 0.023538 0.0257579 0.168917 0.0375712 0.0276099
9.9973E-05 0.0679602 0.183255 0.0228599 9.9973E-05 0.642038 0.0835867 9.9973E-05
0.0457589 0.0964553 0.0685215 0.111815 0.0372673 0.346919 0.0820047 0.211259
0.125686 0.0179653 0.171771 0.183828 9.9982E-05 0.382927 0.117623 9.9982E-05
0.0424583 0.0498436 0.170231 0.0748738 0.0305263 0.460422 0.104255 0.0673897
9.9955E-05 9.9955E-05 0.610151 0.184007 9.9955E-05 9.9955E-05 0.205342 9.9955E-05
9.9955E-05 9.9955E-05 0.702071 0.0818417 9.9955E-05 9.9955E-05 0.215587 9.9955E-05
9.9991E-05 0.0902029 0.344774 0.117924 0.0430791 0.267811 0.101107 0.0350025
