0.0358509 0.850674 0.00235945 0.0114933 0.0647839 0.0104113 0.0202282 0.00399906 9.9982E-05 9.9982E-05
0.0349776 0.892359 9.9946E-05 0.0555147 0.0165491 9.9946E-05 9.9946E-05 9.9946E-05 9.9946E-05 9.9946E-05
0.0477006 0.75367 9.9973E-05 0.0139933 0.0396792 0.0224234 0.118497 0.00373653 9.9973E-05 9.9973E-05
0.00675542 0.728503 9.9973E-05 0.099301 0.0674261 0.0499489 0.0411334 9.9973E-05 9.9973E-05 0.00663244
0.00172066 0.874271 9.9964E-05 0.00238623 9.9964E-05 0.0057222 0.0740023 9.9964E-05 9.9964E-05 0.0414979
0.108778 0.569956 0.0101898 9.9982E-05 0.0172661 0.0838765 0.0436441 0.0754455 0.0906442 9.9982E-05
0.123405 0.740249 0.00158995 9.9982E-05 0.0592201 0.00309887 9.9982E-05 0.0101056 0.0441451 0.0179859
0.103236 0.694132 9.9955E-05 9.9955E-05 0.0287769 9.9955E-05 0.0600761 9.9955E-05 0.113279 9.9955E-05
0.0240159 0.844381 9.99639E-05 0.0338507 0.00196915 9.99639E-05 9.99639E-05 0.0536803 0.0417027 9.99639E-05
0.0948261 0.61385 9.9973E-05 9.9973E-05 0.0368891 0.112875 0.0405824 9.9973E-05 0.071397 0.0292807
0.0747308 0.70647 9.9955E-05 0.0668509 9.9955E-05 9.9955E-05 9.9955E-05 0.00556797 0.14588 9.9955E-05
0.040391 9.9964E-05 0.708055 0.0356214 9.9964E-05 0.059469 0.124404 0.0316601 9.9964E-05 9.9964E-05
0.01056 9.9955E-05 0.4278 0.0286209 0.0918239 9.9955E-05 0.440696 9.9955E-05 9.9955E-05 9.9955E-05
0.00448506 0.0243954 0.64768 0.00204901 0.0441788 0.0354883 0.0948979 9.9991E-05 0.0187168 0.128009
0.0486679 0.0774332 0.570815 9.9964E-05 9.9964E-05 0.101487 0.181873 9.9964E-05 9.9964E-05 0.0193246
0.0185564 0.118833 0.466236 9.9964E-05 9.9964E-05 0.175844 0.20549 9.9964E-05 9.9964E-05 0.0146407
0.0420046 9.9982E-05 0.288578 9.9982E-05 0.0207391 0.114861 0.462053 0.0314916 0.0246388 0.0154336
9.9964E-05 9.9964E-05 0.293912 9.9964E-05 0.036085 0.0734308 0.340552 0.129601 0.12602 9.9964E-05
9.9982E-05 0.146876 0.529377 0.0279206 0.0235758 0.0282595 0.198747 0.0448188 9.9982E-05 0.000225601
9.9955E-05 0.0140645 0.806534 0.0448175 0.0333714 9.9955E-05 9.9955E-05 9.9955E-05 0.100713 9.9955E-05
0.0924607 0.0155343 0.382845 9.9982E-05 0.0174511 0.0979822 0.221353 0.124995 9.9982E-05 0.0471782
0.0630544 9.9982E-05 0.183278 0.0660637 0.0477033 9.9982E-05 0.446162 0.0266067 0.162874 0.00405722
0.0317464 0.065497 0.327896 9.9973E-05 9.9973E-05 9.9973E-05 0.46962 0.0217358 0.0529844 0.0302209
0.0257487 9.9973E-05 0.658893 9.9973E-05 0.0192071 0.168196 0.0286361 0.0871972 0.0118222 9.9973E-05
0.0581481 9.9973E-05 9.9973E-05 0.123888 0.00755509 0.129295 0.494715 0.148923 0.0371761 9.9973E-05
9.99571E-05 9.99571E-05 0.472343 9.99571E-05 0.0564151 0.0731118 0.37735 9.99571E-05 0.0202803 9.99571E-05
9.9973E-05 0.0311835 0.754526 0.0344386 0.0396004 0.0956652 9.9973E-05 0.0283236 0.0159623 9.9973E-05
9.9937E-05 0.0228796 0.777211 9.9937E-05 9.9937E-05 0.19921 9.9937E-05 9.9937E-05 9.9937E-05 9.9937E-05
0.0534952 0.0118432 0.594894 0.00899292 9.9991E-05 0.0118102 0.141501 0.00432466 0.0771505 0.0958884
9.99201E-05 9.99201E-05 9.99201E-05 9.99201E-05 0.999101 9.99201E-05 9.99201E-05 9.99201E-05 9.99201E-05 9.99201E-05
9.99201E-05 9.99201E-05 9.99201E-05 9.99201E-05 0.999101 9.99201E-05 9.99201E-05 9.99201E-05 9.99201E-05 9.99201E-05
9.9964E-05 0.458886 9.9964E-05 0.0656762 0.353762 0.0511699 0.0470586 0.0230475 9.9964E-05 9.9964E-05
9.9955E-05 0.49346 9.9955E-05 9.9955E-05 0.300376 9.9955E-05 0.15618 0.043184 0.00630009 9.9955E-05
9.9973E-05 9.9973E-05 0.0494494 0.035505 0.00785348 9.9973E-05 0.529218 0.148477 0.17257 0.056628
9.9982E-05 0.0649751 0.117496 0.0525291 0.0230845 0.0387443 0.389731 0.310282 0.00295863 9.9982E-05
9.9946E-05 9.9946E-05 9.9946E-05 9.9946E-05 0.0177153 0.0160456 0.499246 0.466394 9.9946E-05 9.9946E-05
0.00586053 0.0941651 0.739597 0.0779837 0.0089928 9.9973E-05 0.0332066 0.0398946 9.9973E-05 9.9973E-05
9.9964E-05 9.9964E-05 9.9964E-05 0.0290924 0.00891052 9.9964E-05 0.337042 0.556465 0.0518211 0.0162692
9.9973E-05 0.089991 0.133728 0.0251001 9.9973E-05 0.0517687 0.430237 0.210801 9.9973E-05 0.0580751
0.0585186 0.0488392 9.99688E-05 9.99688E-05 9.99688E-05 0.0525986 0.666029 0.15845 0.0151641 9.99688E-05
0.0321418 0.0424185 0.0712829 0.0860387 0.0245806 9.9982E-05 0.576141 0.0885526 0.0786437 9.9982E-05
9.9982E-05 0.0860114 0.012531 0.110711 0.0339486 9.9982E-05 0.545814 0.166589 0.0214104 0.0227838
0.00542571 0.0489801 0.238315 0.014502 0.00315707 9.9973E-05 0.0508007 0.63852 9.9973E-05 9.9973E-05
9.9964E-05 0.0733155 0.111425 9.9964E-05 9.9964E-05 0.0203369 0.556377 0.0488238 0.189322 9.9964E-05
0.0317287 0.0176272 0.000378521 9.9982E-05 0.0120707 0.0916643 0.546031 0.268549 0.0317505 9.9982E-05
0.0234987 0.0577539 0.0443066 0.0277013 0.0317462 0.0842031 0.501485 0.0852358 0.124062 0.0200072
9.9955E-05 9.9955E-05 9.9955E-05 0.00335454 9.9955E-05 9.9955E-05 0.29283 0.568365 0.0340905 0.10086
9.9973E-05 0.0667266 0.0270628 0.014778 0.00359769 9.9973E-05 0.601432 0.252439 9.9973E-05 0.0336633
0.046928 0.080851 0.0798464 9.9982E-05 0.061013 0.0487978 0.472009 0.140044 9.9982E-05 0.0703105
9.9955E-05 0.0689644 9.9955E-05 0.0210098 9.9955E-05 9.9955E-05 9.9955E-05 0.633087 0.27045 0.00598873
0.0346221 9.9964E-05 0.400878 0.129183 9.9964E-05 9.9964E-05 0.118625 0.20622 0.110072 9.9964E-05
0.00844871 0.00797109 0.438299 9.9964E-05 9.9964E-05 9.9964E-05 9.9964E-05 0.200565 0.329659 0.0146575
0.0860315 0.0395977 0.127299 0.00486322 0.0125814 0.137924 0.484407 0.0161677 0.0353171 0.0558103
9.9973E-05 0.042172 0.138096 9.9973E-05 0.044872 0.0386288 0.601846 9.9973E-05 0.0438025 0.090283
0.0777397 0.0174761 0.144666 9.9973E-05 9.9973E-05 0.0221789 0.611178 9.9973E-05 0.114937 0.0115235
0.03315 0.0823959 0.228711 0.159544 0.0051409 9.9991E-05 0.154709 0.189957 0.145886 0.000406979
0.0610473 9.9991E-05 0.130297 0.0927496 0.0124856 0.03451 0.51831 0.0652414 0.0310436 0.0542149
0.0165396 0.0411199 0.151861 0.0778654 0.0282635 0.0103718 0.608933 0.00358175 0.0613638 9.9991E-05
0.00421057 0.0926225 0.211501 0.0550613 0.030595 9.9991E-05 0.325812 0.151353 0.0907787 0.0379657
0.0884159 0.144176 0.45983 9.9973E-05 0.0526355 0.056039 9.9973E-05 0.0505361 0.148067 9.9973E-05
0.03875 9.9973E-05 0.0111025 0.0590693 0.0396994 9.9973E-05 0.567311 0.225827 0.057941 9.9973E-05
0.0804224 0.0313418 0.294528 0.0382716 0.0325762 0.0325232 0.308079 0.0569678 0.0242245 0.101066
0.140574 9.9964E-05 0.609622 0.00058528 0.0481061 9.9964E-05 9.9964E-05 0.0756669 0.125046 9.9964E-05
9.9964E-05 9.9964E-05 0.448887 9.9964E-05 0.00465774 0.0407269 0.366968 0.0497821 9.9964E-05 0.088579
9.9973E-05 9.9973E-05 0.0348096 0.0998847 0.0491339 0.0935337 0.556447 9.9973E-05 0.0100833 0.155808
0.0310854 0.0452617 0.0604978 0.0860185 0.0351435 9.9991E-05 0.564011 0.0698826 0.0637709 0.0442284
0.0738864 9.9991E-05 0.399022 0.0391972 0.0461738 0.0474746 0.117323 0.178273 0.0770462 0.0215037
0.0799291 9.9964E-05 0.329144 9.9964E-05 9.9964E-05 0.0337488 0.400142 9.9964E-05 0.0697762 0.08686
0.0297715 9.9991E-05 0.0110161 0.128249 0.0537088 0.0210491 0.497398 0.0909991 0.0700355 0.0976728
0.0433933 9.9982E-05 0.507377 0.059542 0.0483649 9.9982E-05 0.114337 0.0772047 0.0553079 0.0942731
9.9955E-05 9.9955E-05 0.166107 0.0127454 9.9955E-05 9.9955E-05 0.517507 0.301676 0.00146479 9.9955E-05
9.9946E-05 9.9946E-05 0.193646 9.9946E-05 0.0251625 9.9946E-05 0.179517 0.601075 9.9946E-05 9.9946E-05
9.9973E-05 0.0750292 9.9973E-05 0.125339 0.00983954 0.0757548 0.436239 0.223862 9.9973E-05 0.0536368
0.0420675 0.00428398 9.9955E-05 0.0114398 9.9955E-05 9.9955E-05 9.9955E-05 0.815254 0.126455 9.9955E-05
0.0324279 9.9955E-05 0.0718875 9.9955E-05 9.9955E-05 9.9955E-05 9.9955E-05 0.726788 0.0886606 0.0797358
9.99371E-05 9.99371E-05 9.99371E-05 9.99371E-05 9.99371E-05 9.99371E-05 0.236878 0.753383 9.99371E-05 0.00903926
0.0654339 9.9964E-05 9.9964E-05 0.0278807 0.0314218 9.9964E-05 0.441884 0.42413 0.0088497 9.9964E-05
0.0201269 0.106207 0.0321252 9.9982E-05 0.0505352 9.9982E-05 0.539874 0.141712 0.0188226 0.0903974
9.9973E-05 9.9973E-05 0.0584871 0.00152754 0.06215 0.00935175 0.393333 0.45535 9.9973E-05 0.0195007
0.0664781 0.0164239 0.139164 0.0149511 0.0211749 9.9973E-05 0.0949402 0.646568 9.9973E-05 9.9973E-05
0.138345 0.0182727 0.0764163 0.0408301 9.9964E-05 9.9964E-05 0.223263 0.502473 9.9964E-05 9.9964E-05
0.0502542 0.0412512 9.9973E-05 0.114975 0.0149559 0.0258102 0.55068 0.201773 9.9973E-05 9.9973E-05
9.9955E-05 0.00508072 0.111912 9.9955E-05 0.0234188 9.9955E-05 0.244891 0.614198 9.9955E-05 9.9955E-05
0.0750521 0.0308041 0.074835 9.9964E-05 0.0224645 9.9964E-05 0.370852 0.425593 9.9964E-05 9.9964E-05
0.0227202 9.9946E-05 9.9946E-05 9.9946E-05 9.9946E-05 9.9946E-05 0.361141 0.53649 0.0790488 9.9946E-05
9.9955E-05 9.9955E-05 0.00804504 9.9955E-05 9.9955E-05 0.0173684 9.9955E-05 0.732179 0.19634 0.0455681
9.9973E-05 9.9973E-05 0.126835 0.0783438 0.00775231 0.0495219 0.547155 0.181104 9.9973E-05 0.00898818
0.0178629 0.765982 0.0864374 0.016982 0.0243755 0.0079352 0.0740709 0.00615369 9.9982E-05 9.9982E-05
9.9937E-05 0.790394 9.9937E-05 9.9937E-05 0.122939 9.9937E-05 0.0859673 9.9937E-05 9.9937E-05 9.9937E-05
9.9946E-05 0.737505 9.9946E-05 9.9946E-05 0.132605 0.0251094 0.104181 9.9946E-05 9.9946E-05 9.9946E-05
9.9964E-05 0.754515 9.9964E-05 9.9964E-05 0.137179 0.0163725 0.026779 0.00241872 0.0623359 9.9964E-05
9.9964E-05 0.777174 0.0102631 9.9964E-05 0.108692 9.9964E-05 0.0818086 0.00959154 9.9964E-05 0.0120709
0.0189878 0.792389 9.9973E-05 9.9973E-05 0.0759038 0.00930094 0.064332 9.9973E-05 0.00331265 0.0354737
9.9955E-05 0.871083 9.9955E-05 0.0212092 0.074433 9.9955E-05 0.0104988 9.9955E-05 9.9955E-05 0.022276
0.0434952 0.0180772 0.136714 0.00883139 0.0679017 0.0849238 0.354856 0.285002 9.9982E-05 9.9982E-05
9.9982E-05 0.000845455 0.124826 0.0323946 0.0208974 0.128039 0.465733 0.155089 9.9982E-05 0.0719751
9.9946E-05 0.0577108 0.126327 9.9946E-05 9.9946E-05 9.9946E-05 9.9946E-05 0.805022 9.9946E-05 0.010341
0.0220376 0.0715479 0.14483 9.9982E-05 9.9982E-05 0.0810181 0.521025 0.0995106 0.0562022 0.00362884
0.00363753 0.00412276 0.107477 0.041642 9.9973E-05 0.0979425 0.294788 0.450091 9.9973E-05 9.9973E-05
9.9946E-05 0.0932214 9.9946E-05 9.9946E-05 9.9946E-05 9.9946E-05 0.596241 0.286458 9.9946E-05 0.0234801
9.9982E-05 0.0277097 0.064877 0.00783019 0.0375201 9.9982E-05 0.525492 0.209422 0.0636587 0.0632906
0.0120036 9.9955E-05 9.9955E-05 9.9955E-05 0.0549717 0.0888021 0.378743 0.46498 9.9955E-05 9.9955E-05
0.0777994 0.0696215 0.045474 0.068734 9.9955E-05 9.9955E-05 9.9955E-05 0.737871 9.9955E-05 9.9955E-05
9.9973E-05 0.0917454 0.171341 9.9973E-05 0.0335345 0.0522204 0.400213 0.0493386 9.9973E-05 0.201307
9.9973E-05 0.032003 9.9973E-05 0.0816645 0.0202771 9.9973E-05 0.633676 0.126089 0.0830616 0.0229292
9.9973E-05 9.9973E-05 0.0602937 0.036489 0.0474822 0.0614784 0.553223 0.216909 9.9973E-05 0.0238245
9.9964E-05 9.9964E-05 9.9964E-05 9.9964E-05 0.0122507 0.0140804 0.260186 0.458154 0.0989891 0.15594
9.9964E-05 0.0132114 9.9964E-05 9.9964E-05 9.9964E-05 0.0245957 0.483534 0.426508 0.0199242 0.0318269
0.00392176 0.0554431 0.0408023 0.0218569 9.9973E-05 9.9973E-05 0.430997 0.348659 9.9973E-05 0.0980202
9.9937E-05 9.9937E-05 9.9937E-05 9.9937E-05 9.9937E-05 0.0879418 0.241622 0.669737 9.9937E-05 9.9937E-05
9.9946E-05 0.0251006 9.9946E-05 0.152615 9.9946E-05 9.9946E-05 0.449381 0.372303 9.9946E-05 9.9946E-05
9.9973E-05 0.130508 0.102047 0.0894547 0.0177869 9.9973E-05 0.599004 0.0553546 9.9973E-05 0.00554561
0.0618991 0.0362363 0.468526 0.0120451 0.0186015 0.0025276 0.134455 0.0400221 0.0876877 0.138
0.0950079 0.0810455 0.299669 0.0321042 0.0240197 0.0613222 0.338994 9.9982E-05 0.0676376 9.9982E-05
0.0655054 0.0664974 0.173783 0.0302669 9.9982E-05 0.0601598 0.514526 0.0253982 0.0636639 9.9982E-05
9.9982E-05 0.0657967 0.128954 0.0932946 9.9982E-05 0.0699954 0.488276 0.0672424 0.0161186 0.0701223
9.9955E-05 9.9955E-05 0.343464 0.135635 0.0156812 9.9955E-05 0.458819 9.9955E-05 0.0459014 9.9955E-05
0.0600413 0.019589 0.153286 0.084998 9.9991E-05 0.0121997 0.542458 0.00976807 0.0861288 0.0314315
0.0328463 0.0069883 0.258154 0.167224 0.0089139 0.0615155 0.320431 0.017086 9.9991E-05 0.12674
9.9982E-05 0.00933223 0.202435 0.103809 0.0371853 9.9982E-05 0.509011 0.0515098 0.0695131 0.0170054
0.0541153 0.0109972 0.0237437 0.0939941 0.0135681 0.138789 0.481617 0.150402 0.0326737 9.9991E-05
9.9964E-05 9.9964E-05 0.3931 0.0425369 0.0161732 9.9964E-05 0.502412 9.9964E-05 0.00520044 0.0401781
0.0511938 9.9973E-05 0.275068 0.107515 0.0118486 9.9973E-05 0.499406 0.0215888 9.9973E-05 0.0330801
0.00604273 0.0107351 0.087507 0.12102 9.9982E-05 0.00275126 0.637407 9.9982E-05 0.110331 0.0240054
9.9991E-05 0.0767759 0.175081 0.090725 0.00353251 0.0591965 0.49901 0.0161941 0.069369 0.0100168
9.9973E-05 9.9973E-05 0.277322 0.0309303 0.0148749 0.0776747 0.457924 0.111479 9.9973E-05 0.0294943
0.0144955 0.0221591 0.0176045 0.157537 0.0404399 0.0670318 0.489549 0.0182674 0.138099 0.0348164
0.127859 0.00527063 0.275118 9.9982E-05 0.0446125 0.135144 0.345288 0.025879 9.9982E-05 0.0406288
0.00808194 0.089324 0.306771 0.0172117 0.0222522 9.9982E-05 0.316532 9.9982E-05 0.0913354 0.148292
0.043944 9.9982E-05 0.139929 0.090981 0.000364189 0.0586478 0.539018 9.9982E-05 0.0216772 0.105239
9.9964E-05 0.045174 0.149795 0.0242824 0.0183568 9.9964E-05 0.71141 9.9964E-05 9.9964E-05 0.0505829
9.9973E-05 9.9973E-05 0.305914 0.241928 9.9973E-05 0.0209671 0.185036 0.127228 0.0173403 0.101286
0.0117506 0.049538 0.408245 9.9973E-05 9.9973E-05 9.9973E-05 0.1489 0.0344415 0.199754 0.147071
0.0865592 0.0648103 0.154588 0.0559848 9.9982E-05 0.0160428 0.51995 9.9982E-05 0.066376 0.0354894
0.05146 9.9982E-05 0.276253 0.0954767 9.9982E-05 0.0129835 0.0175206 0.115713 0.22491 0.205483
9.9973E-05 0.0555501 0.498803 0.077513 9.9973E-05 9.9973E-05 0.155885 0.132891 0.0111153 0.0679424
9.9964E-05 0.0277362 0.284059 0.110548 9.9964E-05 9.9964E-05 0.412626 0.124024 9.9964E-05 0.0406068
0.038305 0.0159421 0.428037 0.113762 0.0123699 9.9973E-05 0.286 0.105284 9.9973E-05 9.9973E-05
0.0031283 0.016646 0.630991 0.119724 9.9973E-05 9.9973E-05 0.188441 0.00975591 9.9973E-05 0.0310138
9.9964E-05 0.0856153 0.162269 0.105906 0.0219689 9.9964E-05 0.550978 9.9964E-05 0.0728632 9.9964E-05
0.0930472 0.00817514 0.0883701 0.0759375 0.023227 0.0759244 0.505896 0.0669217 0.0624005 9.9991E-05
0.0959135 0.0105029 0.238613 9.9973E-05 0.0202985 9.9973E-05 0.477148 0.08071 9.9973E-05 0.0765139
9.9973E-05 9.9973E-05 0.409768 0.104828 9.9973E-05 0.0256342 0.127206 0.0781515 0.231367 0.0227457
9.9973E-05 0.0882839 9.9973E-05 0.0947569 0.0160974 9.9973E-05 0.637462 0.0102535 0.136943 0.0159028
0.0555487 9.9982E-05 0.0483805 9.9982E-05 0.025495 0.0894369 0.406053 0.111447 0.206832 0.0566069
0.109182 0.0594089 0.196452 9.9973E-05 0.0442013 9.9973E-05 9.9973E-05 0.0946792 0.424682 0.0710941
0.0303982 0.0516853 0.000712993 9.9991E-05 0.0386223 0.0733168 0.612115 0.0974889 0.0198511 0.0757098
0.0434027 0.0701356 9.9973E-05 9.9973E-05 9.9973E-05 0.0517478 0.293139 0.20468 0.158392 0.178203
0.00330391 0.119456 0.0431068 9.9973E-05 9.9973E-05 9.9973E-05 0.491458 0.144658 0.136358 0.0613602
0.0725578 0.0524396 0.0447721 0.0462688 0.0341581 9.9982E-05 0.270248 0.127555 0.3518 9.9982E-05
0.0778825 9.9982E-05 0.124491 0.0540175 0.017772 9.9982E-05 0.165626 0.0631617 0.41265 0.0841993
0.0725024 0.0257639 0.0530955 0.0664665 0.00288187 0.00843023 0.451916 0.0227981 0.190863 0.105283
0.122935 0.00749906 0.111287 0.0473 0.00527652 0.154778 0.413521 0.0143581 0.122945 9.9991E-05
9.9982E-05 0.121051 0.060078 0.105662 9.9982E-05 0.122576 0.299136 0.132394 0.0479729 0.11093
0.000503672 0.0558494 0.10722 0.051857 0.00335703 0.12131 0.00793803 0.207709 0.355501 0.0887545
0.0390046 0.0223516 0.17285 9.9973E-05 0.0327651 9.9973E-05 0.516749 9.9973E-05 0.0513676 0.164612
9.9955E-05 9.9955E-05 0.176224 9.9955E-05 9.9955E-05 9.9955E-05 0.375836 0.170031 0.276702 0.000707584
0.0348113 9.9982E-05 0.128991 0.00821941 0.0163104 9.9982E-05 0.454446 0.16051 0.171137 0.0253746
9.9991E-05 0.0500138 0.0512476 0.0339603 0.0812188 0.102112 0.44646 0.0471565 0.0857646 0.101966
9.9973E-05 0.298896 0.027345 0.00251564 0.0457387 0.212989 0.15557 9.9973E-05 0.256646 9.9973E-05
9.9946E-05 0.515861 9.9946E-05 9.9946E-05 0.0160724 0.116005 9.9946E-05 9.9946E-05 0.351462 9.9946E-05
9.9946E-05 0.350053 9.9946E-05 9.9946E-05 0.058638 0.169838 9.9946E-05 9.9946E-05 0.420871 9.9946E-05
9.9964E-05 0.338779 0.0737133 9.9964E-05 0.00694199 0.319103 0.0679893 9.9964E-05 0.193074 9.9964E-05
9.9946E-05 9.9946E-05 9.9946E-05 0.016274 9.9946E-05 9.9946E-05 0.638793 0.0931023 0.251231 9.9946E-05
9.9964E-05 0.181606 0.183028 0.0100726 9.9964E-05 9.9964E-05 0.5309 0.0174279 0.0765655 9.9964E-05
9.9955E-05 9.9955E-05 0.00443229 9.9955E-05 0.0102045 0.701348 0.28237 0.00114589 9.9955E-05 9.9955E-05
9.9964E-05 9.9964E-05 0.112497 0.0252723 0.0547005 0.385956 0.370463 9.9964E-05 9.9964E-05 0.0507105
0.0515586 0.0792516 0.179279 9.9982E-05 0.00491329 0.382524 0.230669 0.0110586 9.9982E-05 0.0605467
9.9973E-05 9.9973E-05 0.0421651 0.000831842 0.0283879 9.9973E-05 0.361966 0.038592 0.365299 0.162458
0.0376649 0.0232795 9.9991E-05 0.0809137 0.0181557 0.0056942 0.518286 0.0873117 0.135123 0.0934711
9.9955E-05 9.9955E-05 0.0853702 9.9955E-05 9.9955E-05 9.9955E-05 0.196661 0.109057 0.475764 0.132648
0.0442346 0.0366569 9.9982E-05 0.0101073 9.9982E-05 0.00119092 0.611536 0.0880076 0.162548 0.0455187
9.9973E-05 9.9973E-05 0.0923632 0.0903459 0.0211897 0.0121743 0.405889 9.9973E-05 0.208934 0.168804
0.0370494 9.9973E-05 0.0487118 0.0139815 9.9973E-05 0.0276873 0.5476 9.9973E-05 0.288203 0.0364677
0.00221901 9.9964E-05 0.185715 9.9964E-05 9.9964E-05 9.9964E-05 0.192107 0.107129 0.488234 0.0241957
9.9982E-05 0.0364601 0.06283 0.011111 0.0142214 0.0759492 0.565365 0.135872 0.0979914 9.9982E-05
0.0316313 0.0120858 9.9982E-05 0.013026 9.9982E-05 0.0647369 0.566103 0.031894 0.251211 0.0291124
9.9928E-05 9.9928E-05 9.9928E-05 9.9928E-05 9.9928E-05 0.952048 9.9928E-05 0.047153 9.9928E-05 9.9928E-05
9.9928E-05 9.9928E-05 9.9928E-05 9.9928E-05 9.9928E-05 0.847201 0.152 9.9928E-05 9.9928E-05 9.9928E-05
9.9964E-05 0.0164826 0.0570856 9.9964E-05 0.0162219 0.588686 0.236892 0.0842322 9.9964E-05 9.9964E-05
0.0193363 0.00852904 9.9955E-05 9.9955E-05 0.014534 0.635737 0.321364 9.9955E-05 9.9955E-05 9.9955E-05
0.00660402 0.0045243 9.9973E-05 0.0196121 9.9973E-05 0.799229 0.0740389 0.0643992 0.0312927 9.9973E-05
9.99201E-05 9.99201E-05 9.99201E-05 9.99201E-05 9.99201E-05 0.999101 9.99201E-05 9.99201E-05 9.99201E-05 9.99201E-05
0.0171809 9.9937E-05 9.9937E-05 0.0495383 9.9937E-05 0.932581 9.9937E-05 9.9937E-05 9.9937E-05 9.9937E-05
9.9928E-05 9.9928E-05 9.9928E-05 9.9928E-05 9.9928E-05 0.87913 0.12007 9.9928E-05 9.9928E-05 9.9928E-05
0.0395139 9.9946E-05 0.0378581 9.9946E-05 0.000976249 0.921052 9.9946E-05 9.9946E-05 9.9946E-05 9.9946E-05
9.99201E-05 9.99201E-05 9.99201E-05 9.99201E-05 9.99201E-05 0.999101 9.99201E-05 9.99201E-05 9.99201E-05 9.99201E-05
9.9928E-05 9.9928E-05 9.9928E-05 9.9928E-05 0.0363268 0.962874 9.9928E-05 9.9928E-05 9.9928E-05 9.9928E-05
9.9955E-05 9.9955E-05 0.0303119 9.9955E-05 0.0782317 0.712914 0.173772 9.9955E-05 9.9955E-05 0.00427065
0.0633212 0.0207375 9.9964E-05 9.9964E-05 0.015722 0.799544 0.0824889 9.9964E-05 9.9964E-05 0.0177868
0.00808061 9.9946E-05 9.9946E-05 9.9946E-05 0.0103983 0.934606 9.9946E-05 0.0463151 9.9946E-05 9.9946E-05
9.9982E-05 9.9982E-05 0.0472596 0.0668848 0.0649693 0.409011 0.284671 0.017399 0.0226587 0.0869467
9.9964E-05 0.0328083 0.0318019 0.0403409 9.9964E-05 0.640774 0.233368 9.9964E-05 0.0205063 9.9964E-05
0.0245696 9.9964E-05 9.9964E-05 0.0461862 0.00189141 0.795273 0.107541 9.9964E-05 0.0241388 9.9964E-05
9.9946E-05 9.9946E-05 0.0646912 9.9946E-05 0.0303154 0.827639 0.076755 9.9946E-05 9.9946E-05 9.9946E-05
9.9946E-05 9.9946E-05 9.9946E-05 0.00985046 9.9946E-05 0.963378 0.0242432 9.9946E-05 0.00192837 9.9946E-05
0.0248524 9.9955E-05 0.0134531 0.0603671 9.9955E-05 0.893757 0.00707093 9.9955E-05 9.9955E-05 9.9955E-05
9.9937E-05 9.9937E-05 9.9937E-05 9.9937E-05 0.0117212 0.976982 9.9937E-05 0.0105972 9.9937E-05 9.9937E-05
0.0336473 0.00314977 9.9973E-05 0.0329944 0.00296732 0.600037 0.278164 9.9973E-05 9.9973E-05 0.0487412
0.0111098 9.9955E-05 0.0304513 9.9955E-05 9.9955E-05 0.92066 9.9955E-05 0.00964348 9.9955E-05 0.0276354
9.9955E-05 0.313285 0.0814436 9.9955E-05 9.9955E-05 0.0173367 9.9955E-05 9.9955E-05 0.535205 0.0522301
0.161863 0.128613 9.9991E-05 0.0513461 0.0275313 0.0857129 0.328243 0.0307645 0.158002 0.027824
0.097152 0.151602 9.9982E-05 0.0167908 0.0129842 0.0972935 0.414213 0.0347281 0.175037 9.9982E-05
0.0023464 0.197746 9.9973E-05 9.9973E-05 0.0232099 0.0263938 0.25114 0.0224116 0.476452 9.9973E-05
0.0612633 0.0851262 9.9982E-05 0.0286619 0.00365577 0.123681 0.419034 0.11542 0.162958 9.9982E-05
9.9982E-05 0.166539 0.0777171 9.9982E-05 0.0412426 0.123305 0.169272 0.0189836 0.346151 0.0565892
0.0647441 0.105924 0.0982771 9.9991E-05 0.0274298 0.138855 0.364894 0.0736216 0.115758 0.0103967
9.9955E-05 0.139235 9.9955E-05 9.9955E-05 9.9955E-05 0.176457 0.296287 0.0643412 0.323181 9.9955E-05
9.9973E-05 0.0842265 9.9973E-05 0.0596249 0.0877789 0.0961284 0.446064 0.0063136 0.219564 9.9973E-05
0.0155678 0.114941 9.9964E-05 9.9964E-05 0.0477416 0.135946 0.373497 9.9964E-05 0.311906 9.9964E-05
9.9973E-05 0.174533 0.11451 9.9973E-05 0.0397755 0.072569 0.454432 0.0175454 0.126336 9.9973E-05
0.0108255 0.803381 9.9955E-05 0.0936782 9.9955E-05 9.9955E-05 0.0731566 9.9955E-05 0.0184591 9.9955E-05
9.9955E-05 0.878347 9.9955E-05 0.0185047 0.0553946 0.0409006 9.9955E-05 9.9955E-05 9.9955E-05 0.0063536
9.9955E-05 0.896674 9.9955E-05 0.0244636 0.0491839 9.9955E-05 9.9955E-05 0.0288607 0.000318416 9.9955E-05
9.9955E-05 0.876678 9.9955E-05 0.0696896 0.0115109 9.9955E-05 0.0384685 9.9955E-05 0.00315351 9.9955E-05
9.9964E-05 0.730311 0.0544979 0.0402925 0.129402 0.0193827 9.9964E-05 9.9964E-05 0.0257145 9.9964E-05
9.9955E-05 0.845115 0.0304718 9.9955E-05 0.0660285 0.053996 9.9955E-05 9.9955E-05 9.9955E-05 0.00388923
0.0392803 0.810996 9.9955E-05 9.9955E-05 0.0728882 0.0391042 0.0372316 9.9955E-05 9.9955E-05 9.9955E-05
9.9964E-05 0.838825 9.9964E-05 0.0216507 0.0499802 9.9964E-05 0.0167557 9.9964E-05 0.0477727 0.0246158
9.9973E-05 0.874684 0.0680392 9.9973E-05 0.0266711 0.0143817 0.00114363 0.001393 9.9973E-05 0.013387
0.0164031 0.850283 0.0436793 9.9973E-05 0.00481902 0.0735762 0.00408018 9.9973E-05 0.00685937 9.9973E-05
0.122377 0.544254 0.206071 9.9964E-05 0.0630804 9.9964E-05 9.9964E-05 0.0310716 9.9964E-05 0.0327459
0.211725 0.506074 0.044821 0.0724372 0.0654567 9.9973E-05 9.9973E-05 0.0667605 9.9973E-05 0.0324257
0.0446885 0.481684 0.244018 0.0358099 0.0580558 9.9964E-05 9.9964E-05 9.9964E-05 0.135345 9.9964E-05
0.0933882 0.499007 0.252089 0.0761528 9.9964E-05 9.9964E-05 9.9964E-05 0.059046 9.9964E-05 0.0199175
9.9973E-05 0.0811768 0.211001 0.055293 0.0373437 9.9973E-05 0.415731 0.191513 9.9973E-05 0.00764247
0.0715877 0.0559428 0.00837305 9.9973E-05 9.9973E-05 0.0140655 0.466751 0.209135 9.9973E-05 0.173846
9.9982E-05 0.00181632 0.0638938 0.104522 9.9982E-05 0.0217441 0.58881 0.164865 0.0291079 0.0250415
9.9973E-05 0.0191828 0.337525 0.0659403 0.0222112 9.9973E-05 0.362153 0.134116 0.0585729 9.9973E-05
0.0077286 9.9973E-05 0.549004 0.269109 9.9973E-05 0.0100537 0.0714893 0.0651966 9.9973E-05 0.0271185
9.9982E-05 0.0391558 0.0161213 0.040355 0.0149951 0.0478272 0.500495 0.188231 9.9982E-05 0.15262
9.9964E-05 9.9964E-05 0.0683612 0.0277747 9.9964E-05 9.9964E-05 0.57285 0.2589 0.0475374 0.024177
0.0868139 9.99709E-05 0.245394 9.99709E-05 9.99709E-05 0.00268023 0.440989 0.169993 0.0537293 9.99709E-05
0.00830729 9.9964E-05 9.9964E-05 0.0116181 9.9964E-05 9.9964E-05 0.364184 0.569108 0.0455585 0.000824601
9.9964E-05 9.9964E-05 0.00498317 0.149443 9.9964E-05 0.089781 0.518386 0.210326 0.0266814 9.9964E-05
0.0691041 0.00418524 0.0305886 0.0366546 0.00583815 0.0150452 0.37692 0.360248 9.9991E-05 0.101315
9.9955E-05 9.9955E-05 0.0808017 0.0541457 9.9955E-05 9.9955E-05 9.9955E-05 0.674543 0.0954691 0.0945403
0.0744156 0.169831 0.0621792 9.9973E-05 9.9973E-05 9.9973E-05 0.503247 0.155592 0.022002 0.0124338
0.00251565 9.9964E-05 0.100384 9.9964E-05 9.9964E-05 9.9964E-05 0.237995 0.406698 0.176834 0.075174
0.0024769 9.9982E-05 9.9982E-05 0.0435141 0.0108779 0.0393568 0.460425 0.378724 0.0543077 0.010117
0.0363179 0.0693725 0.182725 0.0268723 9.9964E-05 9.9964E-05 0.0281377 0.656174 9.9964E-05 9.9964E-05
0.842497 0.0163692 9.9964E-05 0.0888454 9.9964E-05 0.00868869 0.00110677 9.9964E-05 0.0420934 9.9964E-05
0.995094 9.9928E-05 9.9928E-05 9.9928E-05 9.9928E-05 0.00410625 9.9928E-05 9.9928E-05 9.9928E-05 9.9928E-05
0.999101 9.99201E-05 9.99201E-05 9.99201E-05 9.99201E-05 9.99201E-05 9.99201E-05 9.99201E-05 9.99201E-05 9.99201E-05
0.944713 0.000938024 0.00999812 0.0252823 9.9964E-05 9.9964E-05 9.9964E-05 0.0138791 9.9964E-05 0.00478982
0.909017 9.9928E-05 0.0901835 9.9928E-05 9.9928E-05 9.9928E-05 9.9928E-05 9.9928E-05 9.9928E-05 9.9928E-05
0.893224 9.9937E-05 9.9937E-05 0.0267925 9.9937E-05 0.0792836 9.9937E-05 9.9937E-05 9.9937E-05 9.9937E-05
9.9964E-05 0.804254 9.9964E-05 0.00197989 0.108406 0.011879 0.0222003 0.0508808 9.9964E-05 9.9964E-05
9.9964E-05 0.764278 0.0222656 0.0613176 0.0163733 0.0274376 0.107928 9.9964E-05 9.9964E-05 9.9964E-05
0.00200997 0.690334 9.9964E-05 9.9964E-05 0.0677299 0.11136 0.121823 9.9964E-05 0.00634279 9.9964E-05
9.9955E-05 0.702266 0.0974343 0.0297415 0.031286 0.138773 9.9955E-05 9.9955E-05 9.9955E-05 9.9955E-05
9.9964E-05 0.745577 9.9964E-05 0.0319784 0.0394645 0.0900831 0.0846756 9.9964E-05 0.007821 9.9964E-05
0.2183 0.351902 0.0493543 0.297231 0.0167342 9.9973E-05 9.9973E-05 0.0235152 0.0426632 9.9973E-05
0.220499 0.428782 0.0267544 0.174943 9.9973E-05 9.9973E-05 9.9973E-05 0.0549813 0.024874 0.0688655
0.331963 0.35203 9.9964E-05 0.15844 0.020956 9.9964E-05 9.9964E-05 0.0169326 9.9964E-05 0.119279
0.00901828 9.99279E-05 9.99279E-05 9.99279E-05 0.990182 9.99279E-05 9.99279E-05 9.99279E-05 9.99279E-05 9.99279E-05
0.358761 0.323819 9.9973E-05 0.223161 0.0388285 0.014689 9.9973E-05 0.026852 9.9973E-05 0.0135901
0.0341255 0.180935 9.9964E-05 9.9964E-05 9.9964E-05 0.42999 0.177007 9.9964E-05 0.115069 0.0624732
9.9973E-05 0.123124 0.0888259 0.0140949 0.0341497 0.213107 0.495704 0.0306947 9.9973E-05 9.9973E-05
9.9955E-05 0.162954 0.00203106 9.9955E-05 0.0584448 0.255736 0.520335 9.9955E-05 9.9955E-05 9.9955E-05
0.100735 0.217274 9.9982E-05 9.9982E-05 0.00497617 0.168325 0.335828 0.0664479 0.068638 0.0375765
9.9991E-05 0.14475 0.0713367 0.0078227 0.0171874 0.163275 0.48276 0.031609 0.0395424 0.041617
0.0384352 0.426598 9.9946E-05 9.9946E-05 9.9946E-05 0.303976 9.9946E-05 9.9946E-05 0.230391 9.9946E-05
0.0597965 9.9973E-05 0.305915 0.0806151 0.0101609 9.9973E-05 0.405012 9.9973E-05 0.070467 0.0677341
9.9964E-05 9.9964E-05 0.124317 0.142512 9.9964E-05 9.9964E-05 0.346188 0.0742777 0.191491 0.120815
0.0956494 0.068848 0.594093 9.9964E-05 0.0494317 9.9964E-05 0.166606 9.9964E-05 9.9964E-05 0.0249718
0.0205941 9.9973E-05 0.195838 0.0195152 9.9973E-05 9.9973E-05 0.422961 0.0815407 0.0729523 0.186299
0.0104174 9.9955E-05 0.162813 9.9955E-05 9.9955E-05 9.9955E-05 9.9955E-05 0.132151 0.374783 0.319336
9.9991E-05 0.0841793 0.0560806 0.0669245 0.00189314 0.0622793 0.508096 0.0190929 0.172712 0.0286427
9.9973E-05 9.9973E-05 0.229251 0.0177577 0.000449067 9.9973E-05 0.495706 0.00678603 0.0192326 0.230518
0.0108056 0.0189481 0.41677 0.13506 0.0260869 9.9982E-05 0.20872 0.0398684 9.9982E-05 0.14354
9.9973E-05 0.154361 0.100092 0.0458433 9.9973E-05 0.000361402 0.495522 0.190186 9.9973E-05 0.013334
9.9955E-05 9.9955E-05 0.545241 9.9955E-05 9.9955E-05 9.9955E-05 0.0542349 0.0689901 0.253135 0.0778989
0.0274997 9.9973E-05 0.169097 0.0479627 9.9973E-05 9.9973E-05 0.400102 0.113681 0.103635 0.137723
0.0605141 9.9991E-05 0.252783 0.077024 0.031202 0.0661314 0.383592 0.0773071 0.014032 0.0373154
0.0126515 0.118915 0.0584745 0.0670989 9.9982E-05 0.170482 0.354437 0.140907 0.0768345 9.9982E-05
9.9973E-05 9.9973E-05 0.291769 0.0585965 9.9973E-05 0.0114131 0.290941 0.11362 0.0757465 0.157615
0.123954 0.0151655 0.117491 0.0887014 0.0380564 0.000163507 0.425045 0.0501987 0.0622355 0.0789888
0.067715 9.9973E-05 0.155218 9.9973E-05 9.9973E-05 0.0797008 0.385251 0.141433 0.0770002 0.0933823
0.122135 9.9973E-05 0.0578137 0.0593437 9.9973E-05 9.9973E-05 0.536063 0.0663975 0.0473538 0.110593
0.0328874 0.0704097 0.177624 0.0545956 0.0235416 0.0381584 0.525901 0.00704148 0.0319535 0.0378875
0.0537108 0.0840797 0.178354 0.0510692 9.9982E-05 0.0555718 0.498582 0.0623204 9.9982E-05 0.0161121
0.0597675 0.0502319 0.201298 0.0531115 0.0137594 0.0338662 0.487522 0.0584962 9.9991E-05 0.041847
9.9946E-05 0.761588 9.9946E-05 0.016632 9.9946E-05 0.0336021 0.187579 9.9946E-05 9.9946E-05 9.9946E-05
9.9955E-05 0.849899 9.9955E-05 9.9955E-05 0.00561809 0.00603143 0.112752 9.9955E-05 9.9955E-05 0.0251996
9.9973E-05 0.773822 0.0421608 0.0638557 9.9973E-05 9.9973E-05 0.0517658 0.0362023 0.0167343 0.0151588
0.0228496 0.766005 9.9982E-05 0.0441082 0.0107274 0.0148679 0.0491489 0.0472738 9.9982E-05 0.044819
0.00376276 0.786323 9.9964E-05 9.9964E-05 0.0704049 0.00187446 0.121059 9.9964E-05 0.016176 9.9964E-05
0.0472009 0.0201013 0.775404 0.062621 0.0205288 0.0547673 0.019077 9.9973E-05 9.9973E-05 9.9973E-05
9.9973E-05 0.0212273 0.237671 9.9973E-05 9.9973E-05 0.0637253 0.404459 0.0496641 0.0932524 0.129701
9.9973E-05 0.132191 9.9973E-05 0.0267456 0.0241456 0.161767 0.356352 9.9973E-05 0.182591 0.115908
0.01436 9.9982E-05 0.144691 0.113331 0.0631141 9.9982E-05 0.585097 0.00836395 0.0160946 0.0547482
0.0511334 0.0411669 0.307617 0.0545137 9.9973E-05 9.9973E-05 0.463167 0.0732317 9.9973E-05 0.00886989
0.01864 9.9982E-05 0.413351 0.00282971 0.0388874 0.0512953 0.210198 9.9982E-05 0.181232 0.0833663
0.024875 0.0911916 0.63835 0.10121 0.0217476 9.9964E-05 9.9964E-05 9.9964E-05 0.122225 9.9964E-05
0.0888014 9.9973E-05 0.212353 0.160657 9.9973E-05 0.050275 0.396554 0.0277942 9.9973E-05 0.0632663
0.0902619 0.0292425 0.345526 0.168365 0.0178342 0.0468706 0.10353 0.0137747 0.0272327 0.157363
0.016737 0.126388 0.0785872 0.0327509 9.9991E-05 0.00782053 0.420329 0.101696 0.0962398 0.119352
0.0423603 0.118834 0.640301 0.0825829 9.9964E-05 0.0200734 9.9964E-05 9.9964E-05 9.9964E-05 0.0954489
9.9982E-05 0.0419533 0.199077 0.0951746 0.0558641 0.0576 0.521595 0.0184062 0.010129 9.9982E-05
9.9973E-05 0.0818381 0.50789 0.171431 0.017253 9.9973E-05 0.118115 0.0404977 0.0626757 9.9973E-05
9.9982E-05 0.0440129 0.465282 0.0668787 0.0243663 0.0246051 0.271351 9.9982E-05 0.0591782 0.0441254
0.0372026 0.0560405 0.235394 0.0346555 9.9982E-05 0.0839685 0.424781 0.0414575 0.0863003 9.9982E-05
0.0758235 9.9973E-05 0.00139572 0.0579547 9.9973E-05 9.9973E-05 0.269127 0.0576634 0.466493 0.071243
0.0460224 9.9955E-05 0.0953054 9.9955E-05 9.9955E-05 9.9955E-05 0.564625 0.0280856 0.265461 9.9955E-05
0.0213931 0.0860964 0.15764 9.9982E-05 0.0228931 0.0712019 0.513997 9.9982E-05 0.124991 0.00158645
0.062657 9.9964E-05 0.0688212 0.0635788 9.9964E-05 9.9964E-05 0.324091 9.9964E-05 0.443411 0.0370413
0.0540965 0.0127877 0.0151746 0.0719845 9.9991E-05 0.0981603 0.473134 0.0174322 0.191621 0.0655093
0.0914927 0.00693911 9.9973E-05 9.9973E-05 0.0141955 9.9973E-05 0.54781 0.0392743 0.189774 0.110214
0.0793556 9.9964E-05 9.9964E-05 0.0365175 9.9964E-05 9.9964E-05 0.0923674 0.0813027 0.556724 0.153333
0.0949745 9.9955E-05 9.9955E-05 9.9955E-05 9.9955E-05 9.9955E-05 0.253256 0.0512942 0.506366 0.0936087
0.0498025 9.9973E-05 9.9973E-05 0.0270873 0.0106862 9.9973E-05 0.545622 0.00662566 0.303637 0.0562395
0.0631257 9.9973E-05 0.0371138 0.0537214 9.9973E-05 9.9973E-05 0.188083 0.135601 0.462307 0.0597484
0.0930941 9.9964E-05 0.152246 0.0424805 9.9964E-05 9.9964E-05 0.420458 0.0648408 0.226481 9.9964E-05
0.0554956 9.9982E-05 0.668834 0.158871 0.00875351 0.00451975 0.00324568 0.0995341 0.000546221 9.9982E-05
0.000646877 9.9973E-05 0.489554 9.9973E-05 9.9973E-05 0.0119949 0.139534 0.0216239 0.0912409 0.245105
9.9964E-05 9.9964E-05 0.465872 0.156202 9.9964E-05 0.082646 0.264056 0.0267788 9.9964E-05 0.00404613
9.9964E-05 9.9964E-05 0.238437 0.0544856 0.0187498 0.103253 0.582472 9.9964E-05 0.00220203 9.9964E-05
0.00818634 9.9973E-05 0.546588 0.114103 9.9973E-05 0.0288365 0.0525244 0.215935 9.9973E-05 0.0335265
0.0322556 0.103395 0.279645 9.9982E-05 0.00774921 0.0592668 0.403338 9.9982E-05 0.0702335 0.0439173
0.0335131 0.0155057 0.183876 0.0929543 0.0248773 0.0618563 0.534319 0.0216487 0.0312542 0.0001957
0.0306999 0.00481654 0.252501 0.0360567 9.9982E-05 0.0796376 0.418711 0.0539694 9.9982E-05 0.123409
9.9955E-05 9.9955E-05 0.320898 0.0776155 9.9955E-05 0.142703 0.33422 0.124064 9.9955E-05 9.9955E-05
0.0341251 0.0104971 0.349371 0.154059 9.9973E-05 0.0651201 0.344718 0.041809 9.9973E-05 9.9973E-05
0.0309238 9.9973E-05 0.477934 0.179989 9.9973E-05 0.0428711 0.162538 0.0906693 9.9973E-05 0.0147744
0.0763192 0.00614881 0.338137 0.144888 9.9982E-05 0.0917599 0.268742 0.0182735 9.9982E-05 0.0555317
0.0509367 0.00358879 0.271357 9.9982E-05 9.9982E-05 0.000126197 0.581289 0.0322204 0.00639821 0.0538837
9.9964E-05 0.00267708 0.194559 0.0361965 9.9964E-05 9.9964E-05 0.634789 0.000379268 0.130999 9.9964E-05
0.0527886 9.9982E-05 0.165436 0.100002 0.0835075 9.9982E-05 0.326421 0.107705 0.0400284 0.123911
0.0179928 9.9964E-05 0.233006 0.075485 9.9964E-05 0.0518519 0.481612 9.9964E-05 9.9964E-05 0.139652
0.0100266 0.0644938 0.381488 0.166241 9.9973E-05 0.0260886 0.261881 9.9973E-05 0.0894809 9.9973E-05
0.0237111 0.0100697 0.161184 0.186772 0.00558038 9.9973E-05 0.574331 0.0380521 9.9973E-05 9.9973E-05
0.00936493 0.0359772 0.225508 0.0803723 9.9982E-05 0.0142582 0.525319 0.0568763 0.0521235 9.9982E-05
0.0960371 0.00325707 0.221065 9.9973E-05 0.0726135 0.0944762 0.442576 9.9973E-05 0.0696752 9.9973E-05
9.9991E-05 0.336016 0.0106239 0.0525316 0.0154019 0.115706 0.388936 0.0205847 0.0547349 0.00536516
9.9973E-05 0.049072 9.9973E-05 0.0589047 0.045638 0.185639 0.470261 9.9973E-05 0.130427 0.0597584
0.017883 0.0577743 0.157095 0.0416365 0.0370869 0.0791606 0.510619 0.0545165 0.0441278 9.9991E-05
0.0696384 9.9982E-05 0.0159695 9.9982E-05 0.0433131 0.168085 0.484683 0.0258702 0.030307 0.161934
9.9982E-05 0.154638 0.0684324 9.9982E-05 0.0159298 0.187865 0.419998 0.10113 0.00595032 0.0458558
0.0277661 9.9982E-05 0.339261 0.0372482 9.9982E-05 0.0607598 0.275351 0.0776344 0.0606827 0.121097
0.0549017 0.116605 0.238724 9.9973E-05 0.0141955 0.0595297 0.464542 0.0512017 9.9973E-05 9.9973E-05
9.9964E-05 0.217782 0.0922447 9.9964E-05 9.9964E-05 0.144045 0.0102537 0.0986331 0.436642 9.9964E-05
9.9982E-05 0.078479 9.9982E-05 0.106129 0.0350021 0.130712 0.48572 0.0391439 0.0764759 0.0481374
0.0358894 0.169494 9.9973E-05 9.9973E-05 0.0371366 0.0656665 0.51136 0.117814 9.9973E-05 0.0623396
0.00511559 0.109552 0.125274 9.9982E-05 0.00478145 0.138646 0.494059 0.0655423 9.9982E-05 0.0568295
0.059025 0.124392 0.0852918 9.9991E-05 0.0498544 0.155082 0.283149 0.0696875 0.170246 0.00317217
9.9964E-05 0.194322 0.0979158 9.9964E-05 0.00497429 0.105227 0.521902 9.9964E-05 0.0752598 9.9964E-05
9.9973E-05 0.186541 0.0507644 9.9973E-05 0.00104345 0.109825 0.542885 9.9973E-05 0.0842417 0.0243996
9.9955E-05 0.402892 9.9955E-05 9.9955E-05 0.0510812 0.190684 9.9955E-05 0.0216211 0.333221 9.9955E-05
9.9964E-05 0.154717 0.115877 9.9964E-05 0.0354754 0.175805 0.49934 9.9964E-05 0.0183859 9.9964E-05
9.9973E-05 0.154461 9.9973E-05 9.9973E-05 0.00490527 0.140023 0.514366 0.124056 0.0333984 0.0284905
0.0240818 0.0458475 0.0769253 9.9991E-05 0.0573564 0.124903 0.49415 0.0482847 0.0697094 0.0586419
9.9964E-05 0.145757 0.020905 9.9964E-05 0.0237638 0.147999 0.565541 9.9964E-05 0.0956343 9.9964E-05
0.0142392 0.214613 0.0128796 0.0311533 0.00771121 0.0681599 0.513232 0.0338941 0.0409093 0.0632084
9.9955E-05 9.9955E-05 9.9955E-05 0.0649119 0.0557004 9.9955E-05 0.400425 0.050638 9.9955E-05 0.427825
9.9982E-05 0.0567277 0.159818 9.9982E-05 0.0158903 0.0257647 0.484958 0.0326948 0.0247318 0.199214
9.9937E-05 9.9937E-05 0.192577 9.9937E-05 9.9937E-05 9.9937E-05 9.9937E-05 0.0454631 9.9937E-05 0.76126
9.9937E-05 9.9937E-05 9.9937E-05 0.0980937 9.9937E-05 9.9937E-05 9.9937E-05 9.9937E-05 0.0175223 0.883684
0.0417009 0.00900985 0.0441392 0.0244888 0.0618208 0.0436245 0.427537 0.0782034 9.9991E-05 0.269376
9.9964E-05 0.106542 9.9964E-05 0.000613677 9.9964E-05 0.214576 0.500831 9.9964E-05 0.0824664 0.0945703
9.9964E-05 0.0648507 9.9964E-05 9.9964E-05 0.0160175 0.363483 0.25643 9.9964E-05 0.0513105 0.247508
0.00371798 0.191005 0.0374839 9.9982E-05 0.0518909 0.320612 0.145321 9.9982E-05 0.115085 0.134684
9.9973E-05 0.194148 0.0108763 9.9973E-05 0.0696512 0.258672 0.293309 9.9973E-05 0.00621374 0.166831
9.9955E-05 0.122232 9.9955E-05 9.9955E-05 9.9955E-05 0.0627081 0.0500398 9.9955E-05 0.083758 0.680763
9.9964E-05 0.0431867 9.9964E-05 9.9964E-05 0.0404795 0.0934851 0.108646 9.9964E-05 0.096276 0.617527
0.032416 9.9973E-05 0.0285121 9.9973E-05 0.0300384 0.132369 0.430178 0.0936102 9.9973E-05 0.252577
9.9946E-05 0.0674814 9.9946E-05 9.9946E-05 9.9946E-05 0.0393213 0.446527 9.9946E-05 9.9946E-05 0.44607
9.9955E-05 0.0127316 9.9955E-05 9.9955E-05 0.0690122 0.114805 0.0747597 9.9955E-05 9.9955E-05 0.728191
9.9973E-05 0.0139949 0.0131755 0.0036979 9.9973E-05 0.121517 0.463918 0.0884252 9.9973E-05 0.294972
9.9964E-05 0.0616188 0.0208598 9.9964E-05 9.9964E-05 0.0577827 0.498292 9.9964E-05 0.0675589 0.293488
0.0203195 0.0753818 0.14628 9.9973E-05 9.9973E-05 0.217116 0.269485 0.0765942 9.9973E-05 0.194524
0.0425345 0.0220094 0.107178 0.0186185 9.9964E-05 9.9964E-05 0.25685 9.9964E-05 9.9964E-05 0.55241
9.99639E-05 9.99639E-05 0.120625 9.99639E-05 0.0364744 9.99639E-05 0.269461 0.0703368 0.0422699 0.460433
0.0355133 0.0168482 0.0250098 0.0317653 0.0126155 9.9982E-05 0.565372 9.9982E-05 0.110623 0.202053
0.0544253 0.0768216 0.00757675 0.0241908 0.0276668 0.00321975 0.308124 0.046857 0.0388555 0.412262
9.9973E-05 0.0692207 0.0722177 0.0847399 9.9973E-05 0.0545875 0.462459 0.0697789 9.9973E-05 0.186697
9.9946E-05 9.9946E-05 0.0946878 9.9946E-05 9.9946E-05 9.9946E-05 0.39398 9.9946E-05 0.112062 0.39867
0.0254865 9.9946E-05 9.9946E-05 0.051144 9.9946E-05 9.9946E-05 0.143073 9.9946E-05 9.9946E-05 0.779697
0.00801758 9.9955E-05 9.9955E-05 9.9955E-05 9.9955E-05 9.9955E-05 0.526124 0.0546403 0.0363614 0.374357
0.00134389 9.9973E-05 0.0035325 0.0617677 9.9973E-05 0.00573659 0.13643 0.0609152 9.9973E-05 0.729974
0.00240626 9.9946E-05 9.9946E-05 9.9946E-05 0.0606565 9.9946E-05 0.355978 9.9946E-05 9.9946E-05 0.58036
0.0230076 9.9973E-05 0.0173089 9.9973E-05 0.0716161 9.9973E-05 0.605971 0.0945945 0.0579815 0.12922
0.0290633 9.9982E-05 0.142445 9.9982E-05 0.0240612 0.00121304 0.436707 0.0760392 0.0500829 0.240188
0.0603397 0.135723 0.0115225 0.0128486 0.025414 0.0980968 0.474682 9.9991E-05 0.00935856 0.171914
0.0356578 0.138088 0.169125 0.0333747 9.9982E-05 0.167479 0.343374 9.9982E-05 0.0777379 0.0349631
0.0216414 0.153116 0.0553532 0.0415052 9.9982E-05 0.305177 0.259598 9.9982E-05 0.0547136 0.108696
0.131467 0.133777 9.9982E-05 0.0095621 0.0669579 0.226233 0.271141 0.0304006 9.9982E-05 0.130261
0.0480522 0.185549 9.9973E-05 0.0683549 0.0152325 0.149163 0.437117 9.9973E-05 0.0962319 9.9973E-05
0.0991257 0.153937 9.9982E-05 0.00806423 9.9982E-05 0.133798 0.422486 0.0323985 0.0262862 0.123704
0.0137045 0.17052 9.9964E-05 9.9964E-05 0.0124995 0.135413 9.9964E-05 9.9964E-05 0.0826034 0.58486
0.0530738 0.112206 9.9964E-05 0.01117 9.9964E-05 0.152122 0.539806 9.9964E-05 9.9964E-05 0.131222
9.9946E-05 0.350891 9.9946E-05 9.9946E-05 9.9946E-05 0.0874142 9.9946E-05 9.9946E-05 0.219035 0.34206
0.00149245 0.100205 9.9964E-05 9.9964E-05 9.9964E-05 0.0917463 0.499671 9.9964E-05 0.000292598 0.306192
9.9946E-05 9.9946E-05 9.9946E-05 9.9946E-05 9.9946E-05 9.9946E-05 0.00153899 0.160013 0.0370678 0.800781
9.9955E-05 9.9955E-05 0.00274962 0.0286158 0.00138245 9.9955E-05 9.9955E-05 0.128778 9.9955E-05 0.837975
9.9955E-05 9.9955E-05 9.9955E-05 0.0265973 0.0263131 9.9955E-05 0.419889 0.0830619 9.9955E-05 0.443639
