0.0155165 9.99371E-05 9.99371E-05 0.180385 9.99371E-05 9.99371E-05 9.99371E-05 9.99371E-05 0.803399 9.99371E-05
9.9964E-05 0.0530715 9.9964E-05 0.0168899 0.0106744 9.9964E-05 9.9964E-05 0.00425434 0.889259 0.025451
0.0507516 9.9973E-05 0.0236344 0.109641 0.0127847 0.0736306 0.0161332 9.9973E-05 0.713125 9.9973E-05
0.0846707 9.9946E-05 9.9946E-05 0.106015 9.9946E-05 0.062351 9.9946E-05 9.9946E-05 0.746364 9.9946E-05
0.0384735 0.00712661 9.9946E-05 0.156242 9.9946E-05 9.9946E-05 9.9946E-05 9.9946E-05 0.797558 9.9946E-05
9.9955E-05 9.9955E-05 0.0261111 0.1262 0.079768 9.9955E-05 9.9955E-05 0.231228 0.536194 9.9955E-05
9.99461E-05 0.0250017 9.99461E-05 9.99461E-05 9.99461E-05 9.99461E-05 9.99461E-05 0.14177 0.783139 0.049489
0.0408834 9.9946E-05 0.0494472 9.9946E-05 9.9946E-05 9.9946E-05 9.9946E-05 0.248276 0.660794 9.9946E-05
0.0669436 0.000507002 9.99549E-05 9.99549E-05 0.0589254 9.99549E-05 0.0929333 9.99549E-05 0.780191 9.99549E-05
9.9955E-05 0.0186864 0.0557186 0.0896419 9.9955E-05 9.9955E-05 9.9955E-05 0.183057 0.652397 9.9955E-05
0.0074108 9.9946E-05 9.9946E-05 9.9946E-05 9.9946E-05 9.9946E-05 9.9946E-05 0.246008 0.711831 0.034151
9.9955E-05 9.9955E-05 0.0767764 9.9955E-05 0.027577 0.0733625 9.9955E-05 0.00187025 9.9955E-05 0.819914
0.0299953 9.9955E-05 9.9955E-05 0.0949161 9.9955E-05 0.521888 0.0221014 9.9955E-05 9.9955E-05 0.330599
0.026275 0.0614515 0.0589994 9.9964E-05 9.9964E-05 0.137614 0.0814231 9.9964E-05 9.9964E-05 0.633837
9.9946E-05 9.9946E-05 0.127497 9.9946E-05 9.9946E-05 0.154601 9.9946E-05 9.9946E-05 0.018018 0.699284
9.999E-05 0.00453942 0.135226 0.0103111 0.0238406 0.276614 0.0256166 0.0628729 0.0737329 0.387146
9.9955E-05 9.9955E-05 0.116189 9.9955E-05 9.9955E-05 0.453811 0.13771 9.9955E-05 0.0179833 0.273807
9.9973E-05 0.0125778 0.105742 9.9973E-05 0.00285554 0.327456 9.9973E-05 0.14683 0.0150343 0.389205
9.9955E-05 9.9955E-05 0.0624224 9.9955E-05 9.9955E-05 0.19964 0.046835 9.9955E-05 0.0847767 0.605826
0.0252316 9.9946E-05 9.9946E-05 9.9946E-05 9.9946E-05 9.9946E-05 9.9946E-05 0.0519282 0.0232932 0.898947
9.9964E-05 0.0383559 0.114028 9.9964E-05 0.0536602 0.316894 9.9964E-05 9.9964E-05 0.0228779 0.453785
9.9973E-05 0.10833 0.0614256 9.9973E-05 9.9973E-05 0.330292 0.0470244 0.104466 0.0582442 0.289918
9.9964E-05 9.9964E-05 9.9964E-05 0.0036559 0.0227135 0.519729 9.9964E-05 0.0326026 0.0978388 0.32306
9.9955E-05 9.9955E-05 0.0965999 0.0900787 9.9955E-05 0.0126033 9.9955E-05 0.0442051 9.9955E-05 0.756013
0.00453442 9.9982E-05 0.0529439 0.0812834 9.9982E-05 0.522556 0.00621637 0.0350888 0.0532553 0.243922
9.9955E-05 9.9955E-05 0.0299597 9.9955E-05 9.9955E-05 0.440376 0.0213838 9.9955E-05 0.0520156 0.455765
9.9946E-05 9.9946E-05 0.0933644 9.9946E-05 9.9946E-05 0.0136146 9.9946E-05 9.9946E-05 0.0242768 0.868145
9.9928E-05 9.9928E-05 0.181016 9.9928E-05 9.9928E-05 9.9928E-05 9.9928E-05 9.9928E-05 9.9928E-05 0.818185
9.9946E-05 0.0536086 0.0311166 9.9946E-05 9.9946E-05 9.9946E-05 9.9946E-05 0.0085734 9.9946E-05 0.906102
9.9937E-05 9.9937E-05 0.0647279 9.9937E-05 9.9937E-05 0.107165 9.9937E-05 9.9937E-05 0.827408 9.9937E-05
9.9937E-05 9.9937E-05 0.0247861 9.9937E-05 9.9937E-05 0.169629 9.9937E-05 9.9937E-05 0.804885 9.9937E-05
9.9964E-05 9.9964E-05 0.00711049 0.051151 0.0128021 0.179934 0.00091025 9.9964E-05 0.747692 9.9964E-05
9.9955E-05 9.9955E-05 0.0683323 0.00440206 9.9955E-05 0.181808 0.0657245 9.9955E-05 0.679233 9.9955E-05
9.9964E-05 0.0665347 9.9964E-05 0.053321 0.105277 0.487949 9.9964E-05 0.155796 9.9964E-05 0.130723
0.0737846 9.9964E-05 9.9964E-05 0.195868 0.257117 0.417204 9.9964E-05 0.024841 0.0307861 9.9964E-05
0.0215475 0.00845346 0.043209 9.9973E-05 0.356607 0.498972 9.9973E-05 0.0368377 9.9973E-05 0.0340741
0.213737 0.0055334 0.00203361 9.9982E-05 0.041496 0.0922756 9.9982E-05 0.00159169 0.0756878 0.567445
9.9973E-05 0.00889765 0.0481431 9.9973E-05 0.586949 0.307297 0.0312495 0.015523 0.00164092 9.9973E-05
0.0251197 0.0200722 0.0251937 0.0613105 0.188802 0.428494 0.0307929 0.0225256 0.0683556 0.129334
9.9964E-05 0.00227006 9.9964E-05 0.0885314 0.138211 0.600712 9.9964E-05 0.155645 9.9964E-05 0.0142304
0.029445 9.9964E-05 0.0340538 9.9964E-05 0.080236 0.505942 9.9964E-05 0.293383 0.0565405 9.9964E-05
0.0232149 0.0165848 0.0106148 9.9982E-05 0.0953566 0.594251 9.9982E-05 0.0984123 0.11789 0.0434755
0.0200709 9.9973E-05 9.9973E-05 0.070991 0.581307 0.0746345 0.0440871 9.9973E-05 0.00948757 0.199122
9.9973E-05 9.9973E-05 0.0133387 0.135778 0.0943658 0.473723 9.9973E-05 0.211169 0.0552302 0.0160953
9.9973E-05 0.0220027 0.0728264 0.0577212 0.162201 0.498081 9.9973E-05 0.144072 0.0427967 9.9973E-05
0.00422972 0.0127266 0.081074 0.13257 0.0738082 0.514883 9.9991E-05 0.0503596 0.0998601 0.0303889
9.9937E-05 9.9937E-05 9.9937E-05 9.9937E-05 0.626673 0.309099 0.0635291 9.9937E-05 9.9937E-05 9.9937E-05
9.9955E-05 9.9955E-05 0.0364389 9.9955E-05 0.236998 0.650277 0.0453118 9.9955E-05 0.030474 9.9955E-05
0.0913755 0.000173265 0.0608146 9.9982E-05 0.100733 0.499976 0.163041 9.9982E-05 0.0400403 0.0436464
9.9955E-05 0.089492 9.9955E-05 9.9955E-05 0.687698 9.9955E-05 0.164558 0.00634122 0.0514103 9.9955E-05
0.210413 0.0507349 0.00514769 0.0035677 0.183079 0.0820429 0.0458998 0.0931065 9.9991E-05 0.325908
9.9964E-05 0.157107 9.9964E-05 0.0125997 0.158781 9.9964E-05 0.112119 0.224419 9.9964E-05 0.334574
0.0739962 9.9982E-05 0.030599 0.121374 0.0630714 0.416015 0.00821741 9.9982E-05 0.026654 0.259873
0.00451848 0.104522 0.0358311 0.0523292 0.0775751 0.575662 0.00407502 0.0420782 0.0757582 0.0276499
0.0394861 0.0825286 0.0312921 0.00787172 9.9991E-05 0.552226 0.0305654 0.147825 0.0540476 0.0540573
0.202294 0.0143112 0.00185392 9.9991E-05 0.260447 0.0755591 0.0188061 0.140729 0.0668907 0.21901
0.123405 0.0266755 9.9973E-05 9.9973E-05 0.0237475 0.630455 0.0691574 9.9973E-05 0.00227538 0.123984
0.0326512 9.9982E-05 0.0961667 0.0488159 9.9982E-05 0.422089 0.0849183 0.0976639 0.0497998 0.167695
0.00652703 9.9973E-05 0.03099 9.9973E-05 0.216643 0.253894 9.9973E-05 0.128462 0.142901 0.220283
0.105213 9.9964E-05 9.9964E-05 0.101177 0.119345 9.9964E-05 9.9964E-05 0.100969 0.174775 0.398121
0.0625497 0.0296161 0.00865206 9.9982E-05 0.0456784 0.578169 0.10869 9.9982E-05 0.0225797 0.143865
0.0400907 0.10817 9.9973E-05 0.0897397 9.9973E-05 0.365199 0.085477 9.9973E-05 0.0315125 0.279512
0.174672 0.0246348 9.9964E-05 9.9964E-05 0.108482 9.9964E-05 9.9964E-05 0.0399461 0.0336809 0.618185
0.0449837 0.00705749 9.9973E-05 0.119586 0.0584311 0.371115 9.9973E-05 0.0450002 9.9973E-05 0.353526
0.0431859 0.0595183 9.9982E-05 0.00177168 0.0982992 0.637486 0.108635 0.036827 0.0140768 9.9982E-05
0.0829868 9.9982E-05 0.00605853 0.0811912 9.9982E-05 0.529448 0.0487188 0.0639784 0.157377 0.0300417
0.0129185 9.9973E-05 0.00691729 9.9973E-05 0.102503 0.274751 0.104163 9.9973E-05 0.0334133 0.465034
0.033977 9.9973E-05 0.00556972 0.0265677 0.0894657 0.370828 0.169003 9.9973E-05 9.9973E-05 0.304289
0.217959 0.102547 9.9973E-05 0.0522392 0.037857 0.541416 0.0420397 0.00564228 9.9973E-05 9.9973E-05
0.115529 0.0668798 9.9973E-05 0.00668927 0.0621023 0.135124 0.0520049 9.9973E-05 9.9973E-05 0.561371
0.0337296 9.9946E-05 9.9946E-05 9.9946E-05 0.386312 0.521351 9.9946E-05 0.0580076 9.9946E-05 9.9946E-05
9.9964E-05 9.9964E-05 0.0282031 9.9964E-05 0.592676 0.157517 9.9964E-05 0.0328851 0.00324678 0.185072
0.0951612 0.027424 0.0354012 0.0740655 0.188009 0.500584 0.0140047 9.9982E-05 0.0651508 9.9982E-05
9.9937E-05 9.9937E-05 9.9937E-05 9.9937E-05 0.865672 9.9937E-05 0.0800045 0.0536238 9.9937E-05 9.9937E-05
9.9955E-05 0.0912229 9.9955E-05 9.9955E-05 0.753167 9.9955E-05 0.00990297 0.0400643 9.9955E-05 0.105143
9.9955E-05 9.9955E-05 0.0146507 0.00630623 0.674614 0.297397 0.00653207 9.9955E-05 9.9955E-05 9.9955E-05
0.0727152 9.9946E-05 9.9946E-05 9.9946E-05 0.410401 0.495845 9.9946E-05 9.9946E-05 9.9946E-05 0.0204387
9.9982E-05 0.0498566 0.0925496 0.0861168 0.17558 0.344088 9.9982E-05 0.0701852 0.102548 0.078876
0.0067569 9.9973E-05 0.0244655 0.0609797 0.379758 0.410392 0.027512 9.9973E-05 9.9973E-05 0.0898359
0.118713 9.9964E-05 0.0172995 9.9964E-05 0.611141 0.158943 9.9964E-05 9.9964E-05 0.0174672 0.0760372
0.183453 9.9964E-05 0.0214945 9.9964E-05 0.491949 0.242809 9.9964E-05 9.9964E-05 0.0258442 0.034051
0.0201419 0.062176 0.0939512 0.0706304 0.253629 0.418497 9.9973E-05 9.9973E-05 0.0806747 9.9973E-05
9.9964E-05 9.9964E-05 0.0661101 9.9964E-05 0.58312 0.233457 9.9964E-05 0.0460502 0.00761186 0.0632513
0.00916512 9.9973E-05 9.9973E-05 0.102495 0.453006 0.310274 9.9973E-05 0.0183556 0.0680956 0.0383086
9.9955E-05 0.0769626 9.9955E-05 0.025376 0.451776 0.352065 9.9955E-05 0.0933205 9.9955E-05 9.9955E-05
9.9964E-05 0.0738905 9.9964E-05 0.0364372 0.696816 9.9964E-05 0.113705 0.0511973 9.9964E-05 0.0275545
0.0256371 9.9955E-05 9.9955E-05 9.9955E-05 0.127436 0.600679 0.127518 9.9955E-05 9.9955E-05 0.11823
9.9946E-05 9.9946E-05 0.0539085 9.9946E-05 9.9946E-05 0.0618116 9.9946E-05 9.9946E-05 0.756749 0.126931
9.99371E-05 9.99371E-05 9.99371E-05 0.0730043 9.99371E-05 0.063456 9.99371E-05 9.99371E-05 0.86284 9.99371E-05
9.9937E-05 9.9937E-05 9.9937E-05 0.166497 9.9937E-05 0.0306804 9.9937E-05 9.9937E-05 0.802123 9.9937E-05
9.9946E-05 9.9946E-05 9.9946E-05 0.0587168 9.9946E-05 0.0331248 0.104174 9.9946E-05 0.803385 9.9946E-05
9.9946E-05 9.9946E-05 9.9946E-05 0.069294 9.9946E-05 0.0861478 0.0259543 9.9946E-05 0.818004 9.9946E-05
9.9946E-05 9.9946E-05 0.0195073 9.9946E-05 9.9946E-05 0.0792977 0.0348858 9.9946E-05 0.86571 9.9946E-05
9.9955E-05 9.9955E-05 9.9955E-05 0.0313762 9.9955E-05 0.0762852 0.0121383 0.0191626 0.860538 9.9955E-05
0.076434 9.9973E-05 0.0825806 0.0956822 0.306061 0.317347 9.9973E-05 0.07175 0.0498451 9.9973E-05
9.9964E-05 9.9964E-05 0.0606247 9.9964E-05 0.0867115 0.61497 0.0249384 9.9964E-05 0.108645 0.103711
0.0277905 0.00859308 9.9964E-05 0.0118823 0.752594 9.9964E-05 9.9964E-05 9.9964E-05 0.0327918 0.165948
0.0245607 0.0551951 9.9982E-05 0.129889 0.0997083 0.503506 9.9982E-05 0.0710657 0.0778255 0.0380493
0.0661424 9.9964E-05 9.9964E-05 9.9964E-05 0.324563 0.45393 9.9964E-05 0.0763762 0.015495 0.0630945
0.00620967 0.0114472 0.0367263 9.9982E-05 0.268096 0.600046 0.0137058 0.00710351 0.0564647 9.9982E-05
9.9973E-05 0.110937 0.0319053 0.0139302 0.25833 0.497951 0.0375467 9.9973E-05 0.0490999 9.9973E-05
9.9955E-05 0.00667786 0.0549148 0.0910079 0.365432 0.481467 9.9955E-05 9.9955E-05 9.9955E-05 9.9955E-05
0.0779084 0.00567704 9.9955E-05 9.9955E-05 0.685439 9.9955E-05 9.9955E-05 9.9955E-05 0.0562961 0.17418
9.9973E-05 0.0785515 9.9973E-05 0.1587 0.22385 0.42972 9.9973E-05 0.0454087 0.0498737 0.0135964
9.9973E-05 0.0914653 9.9973E-05 0.00315178 0.00710297 0.689628 9.9973E-05 0.00527515 0.0607524 0.142324
0.200386 0.0153015 0.0833292 0.0101275 0.0443752 0.520494 9.9982E-05 9.9982E-05 0.0580485 0.0677384
9.9982E-05 0.0478984 0.00715135 9.9982E-05 0.503874 0.287725 0.0503918 0.0120953 0.0303121 0.0603522
9.9964E-05 0.059025 0.00215969 9.9964E-05 0.32586 0.54448 0.0310014 0.0370733 9.9964E-05 9.9964E-05
9.9964E-05 9.9964E-05 9.9964E-05 9.9964E-05 0.256891 0.455871 0.0186704 0.0419947 0.0445082 0.181665
9.9955E-05 9.9955E-05 0.132575 9.9955E-05 0.514452 0.289721 9.9955E-05 0.018177 9.9955E-05 0.0445752
0.0110222 9.9955E-05 9.9955E-05 0.0100651 0.415164 0.450816 9.9955E-05 9.9955E-05 0.112432 9.9955E-05
0.155401 0.148696 0.016087 0.106571 0.0329189 0.455231 9.9982E-05 9.9982E-05 0.038739 0.046156
0.0992941 0.282671 0.0308738 9.9982E-05 0.0581471 0.173381 0.105374 9.9982E-05 0.00722818 0.242831
0.212415 9.9973E-05 9.9973E-05 0.0691961 9.9973E-05 0.391628 0.0285918 0.049555 0.119068 0.129246
0.059618 0.112382 0.00474997 0.0315571 0.0441149 0.567556 9.9973E-05 9.9973E-05 0.179723 9.9973E-05
0.0496447 0.0529436 0.00304856 9.9982E-05 0.0794298 0.560239 9.9982E-05 0.100153 0.081191 0.0731508
0.0936887 0.0647132 9.9964E-05 9.9964E-05 0.0374055 0.450528 9.9964E-05 9.9964E-05 0.0413153 0.311949
0.199652 0.0297343 0.0194282 9.9982E-05 9.9982E-05 0.583499 0.056703 0.0217136 0.00184538 0.0872248
0.20695 0.075988 9.9955E-05 0.0325162 9.9955E-05 0.429063 9.9955E-05 9.9955E-05 9.9955E-05 0.254983
0.141591 9.9955E-05 9.9955E-05 9.9955E-05 0.166726 0.497831 0.120644 9.9955E-05 0.0727083 9.9955E-05
0.0623748 9.9982E-05 0.0242765 0.0593486 0.104427 0.560494 0.0826219 9.9982E-05 0.082361 0.023896
0.0459204 9.9973E-05 0.00903492 9.9973E-05 0.0562307 0.624298 0.0763571 0.0465354 9.9973E-05 0.141324
0.134411 0.0360389 9.9973E-05 9.9973E-05 0.038788 0.513419 0.0415061 0.0239071 9.9973E-05 0.21163
0.0742554 0.0328349 9.9964E-05 0.158719 9.9964E-05 0.651678 9.9964E-05 0.0765386 9.9964E-05 0.00557487
0.065343 0.113631 0.00938973 0.0345942 9.9982E-05 0.580805 0.117602 0.0749465 0.00348985 9.9982E-05
0.0985234 0.0831669 0.0347927 0.0506523 0.0461238 0.529972 9.9973E-05 9.9973E-05 9.9973E-05 0.156469
0.157971 0.0579965 0.020429 9.9982E-05 0.0334645 0.542077 0.118473 0.0033036 0.0660856 9.9982E-05
0.117424 0.0666949 0.0408481 0.0230779 9.9982E-05 0.525368 9.9982E-05 0.0956482 0.012184 0.118555
0.0656853 0.0647399 9.9973E-05 9.9973E-05 9.9973E-05 0.357707 0.112017 0.0714763 0.0623605 0.265715
0.0540006 9.9973E-05 9.9973E-05 0.118733 0.00807693 0.593653 0.0628783 0.0333086 9.9973E-05 0.12905
0.12535 0.0555039 9.9964E-05 0.0847231 9.9964E-05 0.586185 0.11267 9.9964E-05 9.9964E-05 0.0351682
0.197129 0.098263 9.9973E-05 0.0781026 0.05335 0.178799 0.0309538 9.9973E-05 9.9973E-05 0.363103
0.106892 0.203418 9.9991E-05 0.0674998 0.0236234 0.0518271 0.118669 0.0701854 0.0147312 0.343054
0.111993 9.9964E-05 9.9964E-05 9.9964E-05 0.0546026 0.564581 0.0925019 9.9964E-05 0.0687937 0.107129
0.161422 0.284064 9.9964E-05 9.9964E-05 0.130857 0.15184 0.168135 9.9964E-05 9.9964E-05 0.103282
0.131962 0.108432 9.9982E-05 0.0566559 0.0686113 0.149483 9.9982E-05 0.0397809 0.0172663 0.427609
0.089632 0.0754025 9.9973E-05 9.9973E-05 0.0770721 0.367747 9.9973E-05 0.0339511 0.0341172 0.321778
0.199024 0.0474777 9.9964E-05 0.0292968 0.0565988 0.286809 9.9964E-05 9.9964E-05 9.9964E-05 0.380393
0.1267 0.0533602 0.00924557 9.9991E-05 0.0364038 0.245302 0.0286512 0.0149204 0.00649899 0.478817
0.0249884 0.0579504 0.0405132 9.9982E-05 0.123363 0.570489 9.9982E-05 0.0325208 0.11911 0.0308651
0.106161 0.0175983 0.0020564 0.0697706 0.0752235 0.607757 0.0280765 9.9991E-05 0.0902083 0.00304856
0.0791256 9.9973E-05 0.0289543 0.0453036 0.0800871 0.563064 0.0414389 9.9973E-05 9.9973E-05 0.161726
0.177332 0.108905 0.000974837 9.9973E-05 0.140357 0.0877443 0.15136 9.9973E-05 9.9973E-05 0.333027
0.0109816 0.0997108 9.9973E-05 0.119883 0.164026 0.430069 9.9973E-05 9.9973E-05 0.168091 0.00693823
0.0489204 0.0353567 0.0515334 9.9982E-05 0.0572815 0.451433 0.129995 0.136691 9.9982E-05 0.0885895
0.0870417 0.197075 9.9973E-05 9.9973E-05 0.136972 9.9973E-05 0.200726 0.296881 0.055411 0.0255936
9.9982E-05 0.0824603 0.0787085 0.0660725 0.0774225 0.538003 0.014368 0.1194 0.0233652 9.9982E-05
9.9982E-05 0.156621 9.9982E-05 0.0271336 0.171843 0.347063 0.141848 0.0915878 0.0311113 0.032593
0.0150112 0.0184249 0.0289709 9.9982E-05 0.0317457 0.560439 0.228168 0.0473573 9.9982E-05 0.0696829
0.0703561 0.0801621 9.9973E-05 9.9973E-05 0.0660174 0.253386 0.226534 0.249195 9.9973E-05 0.054049
0.0118764 0.156646 9.9973E-05 9.9973E-05 0.0644513 0.0936375 9.9973E-05 0.383624 0.08815 0.201315
0.126836 0.199693 9.9973E-05 0.010613 9.9973E-05 0.425134 0.042403 0.168126 0.0268948 9.9973E-05
0.0483901 0.0446218 9.9982E-05 0.0889734 9.9982E-05 0.432868 0.0372737 0.185023 0.0119189 0.150732
9.9982E-05 0.0261677 0.0718274 9.9982E-05 0.0451664 0.342541 0.069248 0.0992205 0.147233 0.198396
9.9982E-05 0.0582959 0.0250046 0.127063 0.216742 9.9982E-05 0.157213 0.25324 0.00142115 0.16082
9.9982E-05 0.10268 9.9982E-05 0.104912 0.0601437 0.467758 0.00964752 0.0831826 0.0182632 0.153214
0.0462952 0.0308963 9.9973E-05 9.9973E-05 0.156012 0.292455 0.0160254 0.359238 9.9973E-05 0.0987777
9.9964E-05 0.139992 9.9964E-05 9.9964E-05 0.10167 0.440517 0.0716305 0.166681 9.9964E-05 0.0791087
9.9973E-05 0.0214038 9.9973E-05 0.0189935 0.0219971 0.555413 0.071856 0.163037 0.146999 9.9973E-05
0.0230431 9.9982E-05 0.226866 0.0247194 9.9982E-05 0.0741182 0.144007 0.218018 0.243056 0.0459725
9.9955E-05 9.9955E-05 0.0279047 0.074066 9.9955E-05 9.9955E-05 0.371655 0.101609 0.424266 9.9955E-05
9.9955E-05 0.00488147 0.072549 9.9955E-05 9.9955E-05 9.9955E-05 0.495589 0.15374 0.272742 9.9955E-05
0.0263968 9.9982E-05 0.137655 0.246289 9.9982E-05 0.0318972 0.25225 0.0251932 0.231155 0.048964
0.0120683 0.0400544 0.013124 0.0147687 0.02527 0.568158 0.0434609 0.282895 9.9982E-05 9.9982E-05
9.9991E-05 0.0416744 0.0620654 0.0450286 0.0702788 0.485369 0.0515282 0.0905285 0.117949 0.0354788
9.99281E-05 9.99281E-05 0.694746 9.99281E-05 9.99281E-05 0.304454 9.99281E-05 9.99281E-05 9.99281E-05 9.99281E-05
0.040354 0.0478374 0.428407 9.9973E-05 0.0702986 0.292848 9.9973E-05 9.9973E-05 0.0264793 0.0934758
9.9982E-05 0.0183847 0.377905 0.0418304 0.0365239 0.360482 9.9982E-05 0.035127 0.0894026 0.0401438
9.9964E-05 0.162659 0.0191754 9.9964E-05 9.9964E-05 0.243454 0.0359846 0.516089 9.9964E-05 0.0222378
0.0560561 0.0149065 0.00787958 0.112822 0.0887138 0.489809 0.127546 0.102067 9.9982E-05 9.9982E-05
9.9955E-05 0.222998 9.9955E-05 0.0523972 9.9955E-05 0.059714 0.0945571 0.569834 9.9955E-05 9.9955E-05
9.9964E-05 0.0368894 9.9964E-05 9.9964E-05 0.0398859 0.566738 0.0838631 0.207231 9.9964E-05 0.0649925
9.9973E-05 0.156777 0.0169007 9.9973E-05 0.0165526 0.460554 9.9973E-05 0.182907 0.0167854 0.149224
9.9955E-05 0.0533267 9.9955E-05 9.9955E-05 0.0506364 0.547557 0.0595626 0.288417 9.9955E-05 9.9955E-05
9.9964E-05 0.132438 9.9964E-05 9.9964E-05 0.0959669 0.108467 0.087679 0.457703 9.9964E-05 0.117347
9.9973E-05 0.0433908 0.13268 9.9973E-05 9.9973E-05 0.517998 0.00168065 0.123503 0.0630351 0.117412
0.0970316 9.9982E-05 0.0304227 0.0663223 0.0589357 0.419642 9.9982E-05 0.181234 0.105592 0.0406202
9.9946E-05 9.9946E-05 0.954032 9.9946E-05 0.0344836 9.9946E-05 0.0061644 0.00472054 9.9946E-05 9.9946E-05
9.9955E-05 0.0207939 0.828959 0.112546 9.9955E-05 0.00341249 9.9955E-05 9.9955E-05 9.9955E-05 0.0337883
9.9973E-05 0.0554924 0.440498 0.171614 9.9973E-05 0.180549 9.9973E-05 0.0568501 0.0266184 0.0680784
9.9946E-05 0.0002422 0.660112 9.9946E-05 9.9946E-05 0.31482 9.9946E-05 9.9946E-05 0.0242258 9.9946E-05
9.9955E-05 9.9955E-05 0.736764 0.0183831 9.9955E-05 0.148174 9.9955E-05 0.0693735 0.0268062 9.9955E-05
9.9928E-05 9.9928E-05 0.968707 9.9928E-05 9.9928E-05 9.9928E-05 0.0304936 9.9928E-05 9.9928E-05 9.9928E-05
0.0614826 9.9946E-05 0.901186 9.9946E-05 9.9946E-05 9.9946E-05 0.00854211 9.9946E-05 0.0281895 9.9946E-05
9.9937E-05 9.9937E-05 0.653381 0.192058 9.9937E-05 0.153862 9.9937E-05 9.9937E-05 9.9937E-05 9.9937E-05
0.0200781 9.9937E-05 0.969588 9.9937E-05 0.00963475 9.9937E-05 9.9937E-05 9.9937E-05 9.9937E-05 9.9937E-05
9.9928E-05 0.0177202 0.98148 9.9928E-05 9.9928E-05 9.9928E-05 9.9928E-05 9.9928E-05 9.9928E-05 9.9928E-05
9.99201E-05 9.99201E-05 0.999101 9.99201E-05 9.99201E-05 9.99201E-05 9.99201E-05 9.99201E-05 9.99201E-05 9.99201E-05
9.9946E-05 0.0654325 0.740524 9.9946E-05 9.9946E-05 0.141299 9.9946E-05 9.9946E-05 0.0521446 9.9946E-05
0.0313248 9.9964E-05 0.730394 0.0601735 0.0566755 0.098493 0.0225389 9.9964E-05 9.9964E-05 9.9964E-05
9.9928E-05 9.9928E-05 0.960736 9.9928E-05 0.038465 9.9928E-05 9.9928E-05 9.9928E-05 9.9928E-05 9.9928E-05
0.130216 9.9964E-05 0.304841 0.245199 0.0869901 0.147624 9.9964E-05 0.0847304 9.9964E-05 9.9964E-05
0.0269632 9.9964E-05 0.579052 0.0975007 0.0162239 0.206154 9.9964E-05 9.9964E-05 0.0737067 9.9964E-05
0.0301909 9.9964E-05 0.566003 0.202861 9.9964E-05 0.101944 0.0328453 9.9964E-05 0.0657568 9.9964E-05
0.0331976 9.9973E-05 0.875971 0.0121317 9.9973E-05 0.0240803 0.0133922 0.00182794 0.0390994 9.9973E-05
9.9946E-05 9.9946E-05 0.826476 0.128251 9.9946E-05 0.00247497 0.0421986 9.9946E-05 9.9946E-05 9.9946E-05
0.0198146 9.9964E-05 0.874229 0.0224629 0.008833 0.0309687 9.9964E-05 9.9964E-05 0.0432915 9.9964E-05
9.9928E-05 9.9928E-05 0.954455 0.0447455 9.9928E-05 9.9928E-05 9.9928E-05 9.9928E-05 9.9928E-05 9.9928E-05
0.00696608 9.9982E-05 0.538812 0.125215 9.9982E-05 0.15408 0.0453588 0.0372018 0.0574069 0.0347592
9.9964E-05 0.0359665 0.783024 0.0627861 0.043215 9.9964E-05 9.9964E-05 9.9964E-05 0.013717 0.0608913
9.9946E-05 0.0257118 9.9946E-05 9.9946E-05 9.9946E-05 9.9946E-05 0.264512 0.497763 0.211414 9.9946E-05
0.136058 9.9973E-05 9.9973E-05 0.127198 9.9973E-05 0.281003 0.121925 0.237597 0.0495453 0.0463736
9.9964E-05 9.9964E-05 0.00268045 0.161567 9.9964E-05 0.295531 9.9964E-05 0.311029 0.160837 0.0679556
9.9964E-05 0.0389754 0.0989023 9.9964E-05 9.9964E-05 0.127706 0.270805 0.359833 0.103378 9.9964E-05
0.0469766 9.9982E-05 0.0545785 0.186085 0.0375483 0.298998 0.100116 0.180485 0.095013 9.9982E-05
9.9991E-05 0.0123906 0.0811996 0.0397022 0.0303709 0.120777 0.11879 0.367457 0.191011 0.0382011
0.0234394 0.0397658 9.9973E-05 9.9973E-05 9.9973E-05 0.528279 0.133923 0.0952085 0.171781 0.00730241
9.9964E-05 0.00707466 0.192871 9.9964E-05 9.9964E-05 0.21714 0.131743 0.405607 0.0451647 9.9964E-05
9.9964E-05 9.9964E-05 0.181068 9.9964E-05 9.9964E-05 0.387961 0.117439 0.247978 0.046173 0.0189811
9.9964E-05 9.9964E-05 0.0411525 0.336493 9.9964E-05 0.0982671 0.0626461 0.374745 0.0862957 9.9964E-05
0.0427597 9.9991E-05 0.0696315 0.0751336 0.0260429 0.38803 0.0322287 0.137487 0.206055 0.022532
0.043096 0.0179473 9.9973E-05 0.0494036 9.9973E-05 0.00520796 0.0357502 0.0767634 0.771532 9.9973E-05
9.9955E-05 0.0216535 0.0411608 0.0729693 9.9955E-05 9.9955E-05 0.00305405 9.9955E-05 0.860662 9.9955E-05
0.00306153 9.9955E-05 9.9955E-05 9.9955E-05 0.0057056 0.0191646 0.060277 9.9955E-05 0.911291 9.9955E-05
0.0586477 9.9946E-05 9.9946E-05 0.0185276 9.9946E-05 0.0242511 9.9946E-05 9.9946E-05 0.897974 9.9946E-05
9.9946E-05 9.9946E-05 9.9946E-05 9.9946E-05 9.9946E-05 0.0502804 0.0762098 9.9946E-05 0.831919 0.040991
9.9955E-05 0.0163427 0.0522612 0.0455586 9.9955E-05 9.9955E-05 0.0544013 9.9955E-05 0.830936 9.9955E-05
0.014347 9.9964E-05 0.100166 9.9964E-05 0.0281685 0.0355932 0.00614806 9.9964E-05 0.815178 9.9964E-05
9.9946E-05 0.0593298 9.9946E-05 9.9946E-05 9.9946E-05 0.0267276 0.0525753 9.9946E-05 0.860768 9.9946E-05
9.9955E-05 0.00272661 9.9955E-05 0.0252088 9.9955E-05 0.0665286 0.0659428 9.9955E-05 0.839093 9.9955E-05
9.9946E-05 9.9946E-05 9.9946E-05 0.11656 9.9946E-05 9.9946E-05 0.132214 9.9946E-05 0.740832 0.00979419
0.0611419 0.0564652 9.9955E-05 9.9955E-05 0.0917098 9.9955E-05 9.9955E-05 9.9955E-05 0.57826 0.211923
0.209678 9.9964E-05 9.9964E-05 0.0307663 0.0126571 9.9964E-05 0.0101471 9.9964E-05 0.55965 0.176702
0.107669 0.0954569 9.9964E-05 9.9964E-05 0.0187949 9.9964E-05 0.0653958 9.9964E-05 0.488542 0.223742
0.071955 0.0197567 9.9964E-05 9.9964E-05 0.0573732 9.9964E-05 9.9964E-05 0.0643762 0.495331 0.290808
9.9964E-05 0.049357 9.9964E-05 9.9964E-05 0.113384 0.518673 0.0607622 9.9964E-05 0.0745392 0.182885
9.9973E-05 0.0926143 0.0536439 9.9973E-05 0.186181 0.465268 9.9973E-05 0.0685197 0.0313165 0.102157
0.0325426 9.9973E-05 0.0621574 9.9973E-05 0.181976 0.449915 0.0168655 9.9973E-05 0.04584 0.210404
0.160186 0.000117013 9.9973E-05 9.9973E-05 0.206436 0.421996 0.0380725 9.9973E-05 0.011569 0.161323
0.287577 0.0088777 9.9973E-05 0.0401357 0.101835 0.0851391 9.9973E-05 0.0136792 9.9973E-05 0.462457
0.00373383 0.10146 0.0333042 0.0793082 0.127809 0.561549 9.9982E-05 0.0721751 0.0204613 9.9982E-05
0.0889834 9.9955E-05 9.9955E-05 9.9955E-05 0.260882 0.553895 0.0220083 9.9955E-05 9.9955E-05 0.0737315
0.0146396 0.0563421 9.9982E-05 0.0504144 0.247654 0.485625 0.0162598 0.0751868 9.9982E-05 0.0536781
9.9964E-05 0.0754311 0.0711001 0.0355956 0.448036 0.348604 9.9964E-05 0.0208332 9.9964E-05 9.9964E-05
0.143052 0.0164283 0.0415006 0.0612114 0.14086 0.554257 0.0423916 9.9973E-05 9.9973E-05 9.9973E-05
0.0891436 0.00343164 9.9973E-05 0.0498474 0.41474 0.326887 9.9973E-05 0.0838732 9.9973E-05 0.0317771
0.029278 0.229452 9.9937E-05 9.9937E-05 0.74057 9.9937E-05 9.9937E-05 9.9937E-05 9.9937E-05 9.9937E-05
0.141383 0.00132094 0.0108375 9.9991E-05 0.219123 0.468595 0.0872853 0.000261046 0.00336055 0.0677332
0.0136199 0.0907205 0.0204719 9.9964E-05 0.58246 0.172524 0.119804 9.9964E-05 9.9964E-05 9.9964E-05
0.0115805 9.9946E-05 9.9946E-05 9.9946E-05 0.387762 0.566437 0.0336216 9.9946E-05 9.9946E-05 9.9946E-05
0.0426432 9.9964E-05 9.9964E-05 9.9964E-05 0.585773 0.0602123 9.9964E-05 0.0221277 0.0514753 0.237369
0.678579 9.9946E-05 9.9946E-05 9.9946E-05 9.9946E-05 9.9946E-05 0.0329615 0.200325 0.0875349 9.9946E-05
0.668705 9.9946E-05 9.9946E-05 9.9946E-05 9.9946E-05 0.0186336 9.9946E-05 0.261047 0.0510143 9.9946E-05
0.818011 0.00811334 9.9937E-05 9.9937E-05 9.9937E-05 9.9937E-05 9.9937E-05 0.173176 9.9937E-05 9.9937E-05
0.744148 0.00290373 9.9955E-05 9.9955E-05 0.0474045 9.9955E-05 9.9955E-05 0.129011 0.0760325 9.9955E-05
0.717103 9.9955E-05 0.0115883 9.9955E-05 9.9955E-05 0.0473101 9.9955E-05 0.204185 9.9955E-05 0.0193136
0.785626 9.9937E-05 0.0767201 9.9937E-05 9.9937E-05 9.9937E-05 9.9937E-05 0.136954 9.9937E-05 9.9937E-05
9.9964E-05 9.9964E-05 0.0106713 0.117726 0.00148346 0.0470452 9.9964E-05 9.9964E-05 0.802524 0.0201503
0.0498166 9.9955E-05 9.9955E-05 0.0664538 9.9955E-05 0.074165 0.0645565 9.9955E-05 0.744508 9.9955E-05
9.9964E-05 9.9964E-05 0.0652075 0.098125 9.9964E-05 0.049137 9.9964E-05 0.0339469 0.705001 0.0481832
9.9955E-05 9.9955E-05 0.105267 0.0293282 9.9955E-05 9.9955E-05 0.0372601 9.9955E-05 0.683424 0.144221
9.9964E-05 9.9964E-05 0.0879262 0.0663395 9.9964E-05 0.0500749 9.9964E-05 0.0632192 0.729434 0.00260621
0.411303 9.9955E-05 9.9955E-05 9.9955E-05 0.0409054 9.9955E-05 9.9955E-05 0.138225 0.369053 0.040014
0.31415 0.0509459 9.9955E-05 9.9955E-05 0.0548858 9.9955E-05 9.9955E-05 0.125483 0.454035 9.9955E-05
0.412879 0.0597447 9.9955E-05 9.9955E-05 0.0529338 0.0342143 9.9955E-05 9.9955E-05 0.439729 9.9955E-05
9.9946E-05 9.9946E-05 0.051242 9.9946E-05 9.9946E-05 0.151676 0.00260838 9.9946E-05 0.793874 9.9946E-05
0.449468 9.9955E-05 9.9955E-05 9.9955E-05 0.113316 9.9955E-05 0.00792613 0.0689311 0.359858 9.9955E-05
0.0210012 0.00201367 0.115074 0.293679 9.9982E-05 0.239896 0.211114 0.0110135 0.10601 9.9982E-05
0.0328277 9.9982E-05 0.141372 0.146641 0.064869 0.465061 9.9982E-05 0.0500359 0.0846309 0.0143627
9.9955E-05 9.9955E-05 0.140167 0.0777087 9.9955E-05 0.570858 9.9955E-05 9.9955E-05 0.209731 0.00103593
9.9991E-05 0.050328 0.1196 0.238708 0.0591865 0.240059 0.0445092 0.059386 0.186858 0.00126427
9.9982E-05 9.9982E-05 0.0357799 0.277882 0.0693946 0.347976 0.0609912 0.0237374 0.109742 0.074297
9.9964E-05 0.0333276 0.0339366 0.320313 9.9964E-05 9.9964E-05 0.256723 0.0362799 0.31902 9.9964E-05
0.116287 0.10396 9.9973E-05 9.9973E-05 0.0216802 0.389227 9.9973E-05 0.0705193 0.0255987 0.272427
0.144286 0.192247 9.9982E-05 0.0603784 0.0460909 0.340685 0.0801728 0.0109815 9.9982E-05 0.124958
0.125212 0.0334704 9.9964E-05 0.0988052 9.9964E-05 0.131403 9.9964E-05 9.9964E-05 0.0441054 0.566604
0.0392244 0.250904 9.9973E-05 0.0550666 0.0668402 0.415252 9.9973E-05 0.0260382 9.9973E-05 0.146374
0.0375127 0.46314 9.9955E-05 9.9955E-05 0.240205 9.9955E-05 0.16528 9.9955E-05 9.9955E-05 0.0933616
0.0643189 0.019031 0.0105132 9.9991E-05 0.0311494 0.483653 0.156735 0.0556578 0.0564526 0.122389
0.019636 0.107876 0.054919 9.9991E-05 0.070595 0.431606 0.0469201 0.0207447 0.0427315 0.204872
0.150189 0.0522848 9.9964E-05 9.9964E-05 0.060903 0.259769 9.9964E-05 9.9964E-05 0.0384631 0.437991
0.119014 9.9973E-05 9.9973E-05 9.9973E-05 0.0928749 0.553317 0.0775072 0.0221338 0.0778117 0.0570416
0.00170174 0.130263 9.9964E-05 9.9964E-05 0.144224 9.9964E-05 0.10314 0.120418 9.9964E-05 0.499853
0.155803 0.116254 9.9964E-05 9.9964E-05 0.0819063 0.532813 0.11186 9.9964E-05 9.9964E-05 0.000963966
0.128759 0.0362634 9.9964E-05 9.9964E-05 0.00852873 0.555392 0.0845792 9.9964E-05 9.9964E-05 0.186078
0.0764037 9.9982E-05 0.0352417 0.383329 0.135361 0.192309 9.9982E-05 0.0181583 0.0699011 0.0890959
0.018965 0.2789 9.9955E-05 9.9955E-05 9.9955E-05 0.359541 0.0291111 9.9955E-05 9.9955E-05 0.312983
0.143096 0.195894 9.9964E-05 0.0319953 9.9964E-05 0.427897 0.0465444 9.9964E-05 9.9964E-05 0.154175
9.9973E-05 0.069966 0.097972 0.0634463 0.089407 0.36743 9.9973E-05 0.138447 9.9973E-05 0.173031
0.0472659 0.0446923 9.9982E-05 9.9982E-05 0.136194 0.527549 0.0326235 0.0803429 0.0478048 0.0833277
0.15525 9.9982E-05 9.9982E-05 0.127764 0.0495586 0.501458 0.00303765 0.0465419 0.0469658 0.0692238
0.072888 0.0169251 0.0885717 9.9982E-05 0.0184939 0.539451 0.0197839 9.9982E-05 0.033325 0.210362
0.142317 0.0858833 9.9991E-05 0.0203663 0.0389086 0.573257 0.0202756 0.0563619 0.0601553 0.00237464
9.9937E-05 9.9937E-05 0.163794 9.9937E-05 9.9937E-05 0.10798 9.9937E-05 9.9937E-05 0.727527 9.9937E-05
9.9964E-05 0.0549649 0.0475123 0.0363951 0.00295992 0.0757045 9.9964E-05 9.9964E-05 0.782063 9.9964E-05
0.0350471 0.0642673 9.9982E-05 0.0383731 0.0128407 0.0787229 0.055372 0.00139738 0.71378 9.9982E-05
0.0222972 0.0367785 9.9955E-05 0.0989466 0.102526 9.9955E-05 9.9955E-05 9.9955E-05 0.738952 9.9955E-05
9.9955E-05 0.0378554 0.0854775 9.9955E-05 9.9955E-05 0.08549 9.9955E-05 0.0134644 0.777213 9.9955E-05
0.170619 9.9955E-05 0.01116 9.9955E-05 9.9955E-05 0.121215 0.0497495 9.9955E-05 9.9955E-05 0.646756
9.9964E-05 0.164909 0.0264451 9.9964E-05 9.9964E-05 0.507912 0.112391 9.9964E-05 0.0650259 0.122917
9.9982E-05 9.9982E-05 0.122022 0.0646502 0.0512023 0.406283 0.0892601 0.131827 0.128295 0.00626074
9.9964E-05 0.0377445 0.0477555 9.9964E-05 0.0730501 0.661866 0.0732276 9.9964E-05 9.9964E-05 0.105957
0.188836 0.0241509 9.9982E-05 0.000616203 0.0851763 0.490308 0.021171 9.9982E-05 0.0564947 0.133047
0.242043 0.158847 0.0251268 9.9964E-05 9.9964E-05 0.322399 0.145921 9.9964E-05 9.9964E-05 0.105263
0.265698 9.9955E-05 9.9955E-05 9.9955E-05 0.0958764 9.9955E-05 0.115082 9.9955E-05 0.0708053 0.452039
0.153729 9.9982E-05 0.010937 0.0427362 0.0259441 0.568503 9.9982E-05 0.0863883 0.0106488 0.100914
0.244233 0.145472 0.0355883 9.9982E-05 0.0235344 0.104798 9.9982E-05 0.0471238 0.100047 0.299005
0.149559 0.116038 9.9982E-05 0.12265 0.0972202 0.352725 9.9982E-05 0.0146699 0.0781428 0.0687948
0.191614 0.0748056 9.9982E-05 0.0096225 9.9982E-05 0.0267481 0.0156035 0.0248648 0.134221 0.522321
0.179572 0.030551 0.0088421 9.9973E-05 9.9973E-05 0.622213 9.9973E-05 0.0302716 0.121259 0.00699197
0.213557 0.0377869 0.0396145 9.9964E-05 9.9964E-05 0.0960217 9.9964E-05 9.9964E-05 0.0623334 0.550286
0.016189 0.106418 9.9982E-05 0.112932 0.00373933 0.25637 9.9982E-05 0.122738 0.0623547 0.319059
9.9973E-05 0.123583 9.9973E-05 0.160423 0.0591032 0.344754 0.0386168 0.171961 9.9973E-05 0.101259
9.9964E-05 0.135375 0.0116535 9.9964E-05 9.9964E-05 0.104859 0.007022 0.554594 9.9964E-05 0.186097
9.9964E-05 9.9964E-05 9.9964E-05 0.132553 0.0316565 0.437659 9.9964E-05 0.30304 0.013945 0.0807466
9.9982E-05 0.0387415 0.0708476 9.9982E-05 0.0424982 0.49753 0.0425321 0.163132 0.134162 0.0103565
0.076439 0.101228 9.9973E-05 9.9973E-05 0.00844487 0.272721 0.0244812 0.506789 9.9973E-05 0.0095977
0.0184168 0.0576051 0.148116 0.0447815 0.134274 0.300645 9.9991E-05 0.129981 0.0643814 0.101699
0.0176737 0.0467606 9.9964E-05 9.9964E-05 0.0423956 0.533196 9.9964E-05 0.352069 0.00750464 9.9964E-05
0.0738621 0.12477 9.9964E-05 9.9964E-05 0.122877 0.0377052 0.0219694 0.618416 9.9964E-05 9.9964E-05
9.9955E-05 0.0998946 9.9955E-05 9.9955E-05 0.0314905 0.161439 0.120144 0.586532 9.9955E-05 9.9955E-05
0.102578 0.0823605 0.00569736 9.9955E-05 9.9955E-05 0.400926 9.9955E-05 0.407938 9.9955E-05 9.9955E-05
0.0508821 0.12468 9.9964E-05 9.9964E-05 0.1538 0.0380489 0.0389833 0.593206 9.9964E-05 9.9964E-05
9.9946E-05 9.9946E-05 9.9946E-05 9.9946E-05 0.0714874 0.396471 9.9946E-05 0.394283 9.9946E-05 0.137159
0.273734 0.0187492 9.9964E-05 0.0962173 0.0960568 9.9964E-05 0.0846608 9.9964E-05 9.9964E-05 0.430182
0.14543 0.282193 9.9964E-05 9.9964E-05 0.0790658 0.222071 0.0149694 9.9964E-05 9.9964E-05 0.255871
0.221813 0.0227189 0.00669983 0.119344 0.0507697 0.272531 9.9973E-05 9.9973E-05 9.9973E-05 0.305823
0.0724633 9.9982E-05 0.00186304 0.236636 0.00914774 0.391085 0.0134548 0.137153 9.9982E-05 0.137997
0.2106 0.0306571 9.9973E-05 0.0586604 0.133079 0.187029 9.9973E-05 0.0242708 9.9973E-05 0.355403
0.184783 0.137763 0.0266738 0.219317 9.9973E-05 0.267984 0.141311 9.9973E-05 0.0218681 9.9973E-05
0.168904 9.9964E-05 0.0630144 9.9964E-05 0.0419736 0.549815 0.0810419 9.9964E-05 9.9964E-05 0.0948519
0.129572 9.9973E-05 0.0215502 0.142378 0.0904514 0.393883 0.00774368 9.9973E-05 9.9973E-05 0.214121
0.129157 0.115309 0.0540366 0.0624066 0.0715071 0.407743 0.0332294 9.9982E-05 9.9982E-05 0.126411
0.176942 9.9973E-05 0.0160734 9.9973E-05 0.200249 0.438938 9.9973E-05 0.0289054 0.03214 0.106453
0.206769 9.9964E-05 0.0622571 9.9964E-05 0.0383615 0.161087 0.025481 9.9964E-05 9.9964E-05 0.505645
0.293704 0.00113387 9.9964E-05 0.159532 0.0222882 0.227804 9.9964E-05 9.9964E-05 9.9964E-05 0.295137
0.0753026 0.0281594 0.02535 9.9973E-05 9.9973E-05 0.643864 0.0598605 0.0101525 9.9973E-05 0.157011
0.0703425 9.9964E-05 9.9964E-05 0.057798 9.9964E-05 0.594635 9.9964E-05 0.00691649 0.0922019 0.177706
0.194739 0.131447 9.9964E-05 0.0637673 9.9964E-05 0.428993 0.0835217 9.9964E-05 9.9964E-05 0.0971329
0.167443 0.145609 0.0584769 9.9964E-05 9.9964E-05 0.470797 0.115919 9.9964E-05 9.9964E-05 0.0413549
0.244518 9.9964E-05 0.0649284 9.9964E-05 9.9964E-05 0.343558 9.9964E-05 0.0216965 0.145765 0.179134
0.148453 0.0582546 0.0191356 0.0282643 0.140195 0.56067 9.9982E-05 0.020382 9.9982E-05 0.024446
0.189986 0.0121118 0.0804996 0.0122469 9.9982E-05 0.509356 9.9982E-05 0.0397257 0.0165516 0.139323
0.180385 0.0742295 0.121439 0.0163195 0.0558184 0.43587 9.9982E-05 9.9982E-05 0.0483 0.067439
9.9973E-05 9.9973E-05 9.9973E-05 0.192866 0.0981125 0.304487 0.0730015 0.0223065 0.259078 0.0498478
9.9973E-05 9.9973E-05 0.0807354 0.26207 0.130847 0.387345 0.0749223 9.9973E-05 0.0214943 0.0422861
9.9982E-05 0.000358559 9.9982E-05 0.230214 0.0532422 0.503432 0.00581323 0.0380142 0.126559 0.0421669
0.0733336 0.0332943 9.9982E-05 0.314735 0.115893 0.402936 0.0210705 9.9982E-05 0.0228404 0.0156967
9.9973E-05 0.0927577 0.0375968 0.321286 0.10952 0.305279 9.9973E-05 9.9973E-05 0.130705 0.00255584
0.0771455 0.167312 0.0210954 9.9973E-05 9.9973E-05 0.443671 0.0803514 0.025297 9.9973E-05 0.184828
9.9964E-05 0.100381 9.9964E-05 0.270615 0.0565087 0.36458 0.0468031 9.9964E-05 0.160713 9.9964E-05
9.9973E-05 0.0463038 9.9973E-05 0.149784 0.159156 9.9973E-05 0.326685 0.138694 0.0834798 0.0955974
9.9973E-05 9.9973E-05 0.0146655 0.244413 9.9973E-05 0.416843 0.0827342 0.0256219 0.0464894 0.168933
0.0539606 0.0577256 0.180691 0.00743013 0.0247134 0.479573 0.044739 9.9991E-05 0.0940199 0.0570472
9.9973E-05 0.0315032 0.128224 0.222266 0.070364 0.385207 0.0556824 9.9973E-05 9.9973E-05 0.106454
9.9982E-05 9.9982E-05 0.000977267 0.117681 0.0950103 0.288092 0.176401 0.0477654 0.118901 0.154972
9.9982E-05 0.0301336 0.0193041 0.162426 0.0336547 0.491844 0.00580779 9.9982E-05 0.170981 0.0856484
0.05238 0.0439704 0.033827 0.214705 9.9982E-05 0.439992 0.0670764 9.9982E-05 0.0766022 0.0712466
9.9964E-05 0.0192248 0.0219243 0.166257 0.010402 9.9964E-05 0.522057 9.9964E-05 0.259735 9.9964E-05
9.9991E-05 0.00859814 0.131483 0.0125282 0.0196622 0.523709 0.0824931 0.00101755 0.213791 0.00661851
0.0140084 0.0455914 9.9973E-05 0.2604 0.0999093 0.382153 0.0452821 9.9973E-05 0.152356 9.9973E-05
0.0511066 0.0224128 0.0385156 0.087283 0.0631736 0.544534 0.0657906 0.0372522 0.0898316 9.9991E-05
0.00683164 9.9955E-05 9.9955E-05 0.269095 9.9955E-05 0.517095 0.132408 9.9955E-05 0.074071 9.9955E-05
0.0669656 0.0134305 0.0868061 0.0531265 9.9991E-05 0.505393 0.0430113 0.106972 0.120753 0.00344183
0.0337399 0.353676 0.0481777 9.9973E-05 9.9973E-05 0.418845 9.9973E-05 0.0945877 0.0249575 0.0257162
0.0692158 0.261699 0.0356465 0.0899514 9.9991E-05 0.380471 0.0316154 0.0167109 0.0985049 0.0160854
9.9955E-05 0.791359 0.00690845 9.9955E-05 0.0423586 9.9955E-05 9.9955E-05 0.0287078 9.9955E-05 0.130167
0.0723198 0.880227 9.99369E-05 9.99369E-05 9.99369E-05 9.99369E-05 9.99369E-05 0.0467535 9.99369E-05 9.99369E-05
0.00953833 0.389603 0.127638 0.076 9.9982E-05 0.280827 9.9982E-05 0.0302439 0.0273458 0.0586042
9.9973E-05 0.0822941 9.9973E-05 0.430819 9.9973E-05 0.259948 0.0847641 0.00157301 0.0447141 0.0955883
9.9982E-05 0.146534 0.0936436 0.353638 0.0123864 0.228121 0.140909 0.00514121 0.0194274 9.9982E-05
9.9991E-05 0.130201 0.145192 0.296664 0.027412 0.0408818 0.174826 0.100432 0.0491293 0.0351615
9.9973E-05 0.0341608 9.9973E-05 0.419435 9.9973E-05 0.191188 0.0498052 0.0472393 0.110796 0.147075
9.9973E-05 0.594203 0.0261843 0.0146024 9.9973E-05 0.0544883 0.162882 0.121391 0.0259491 9.9973E-05
9.9955E-05 0.55357 9.9955E-05 0.126666 9.9955E-05 0.102372 0.210181 9.9955E-05 0.00671113 9.9955E-05
9.9946E-05 0.388518 0.0790258 0.140887 9.9946E-05 0.39097 9.9946E-05 9.9946E-05 9.9946E-05 9.9946E-05
9.9964E-05 0.413063 0.043599 0.086069 0.0333524 0.384157 9.9964E-05 9.9964E-05 0.03936 9.9964E-05
9.9964E-05 0.647913 0.0278334 0.0840739 9.9964E-05 0.119534 0.0728814 9.9964E-05 0.0473647 9.9964E-05
9.9964E-05 0.186388 0.0313261 0.14516 0.0552037 0.459225 0.122297 9.9964E-05 9.9964E-05 9.9964E-05
0.0297174 0.300621 0.0192004 0.028746 9.9964E-05 0.612211 0.00910467 9.9964E-05 9.9964E-05 9.9964E-05
9.9982E-05 0.151291 0.1664 9.9982E-05 0.0189221 0.351997 0.0440494 0.0493919 0.142636 0.0751122
0.0385139 0.510268 9.9964E-05 9.9964E-05 9.9964E-05 0.341736 9.9964E-05 0.0142674 0.049155 0.0456603
9.9964E-05 0.434696 0.0198486 9.9964E-05 9.9964E-05 0.301921 0.000703083 0.068813 9.9964E-05 0.173618
0.0245693 0.266081 9.9973E-05 9.9973E-05 0.0753843 0.563232 0.0253501 0.0350049 0.0100786 9.9973E-05
0.0718277 0.302112 0.0410063 0.0586251 0.0326821 0.334307 9.9991E-05 0.0869825 0.00280312 0.0695544
0.0538592 0.10701 9.9982E-05 0.109207 9.9982E-05 0.417234 0.110376 0.137896 0.0176423 0.0465764
9.9946E-05 0.435686 9.9946E-05 9.9946E-05 9.9946E-05 0.407703 9.9946E-05 0.0949649 9.9946E-05 0.0610467
0.0109375 0.684614 9.9946E-05 9.9946E-05 9.9946E-05 0.221931 9.9946E-05 0.0819182 9.9946E-05 9.9946E-05
9.9964E-05 0.335287 9.9964E-05 0.0602829 0.0380944 0.542887 9.9964E-05 0.0017504 0.0212992 9.9964E-05
0.0223736 0.707954 0.0533038 9.9964E-05 0.0373829 0.154125 9.9964E-05 0.0244607 9.9964E-05 9.9964E-05
9.9973E-05 0.450912 0.0218355 9.9973E-05 9.9973E-05 0.448477 0.00813981 0.0384517 0.0143929 0.0174905
0.0190085 0.188263 0.0626288 9.9964E-05 9.9964E-05 0.522068 9.9964E-05 0.142523 0.0651088 9.9964E-05
9.9964E-05 0.32142 0.0163913 0.0100824 9.9964E-05 0.490176 9.9964E-05 0.111778 0.0497528 9.9964E-05
0.0670702 9.9982E-05 0.0914479 0.136298 0.00612329 0.423034 0.123139 9.9982E-05 0.0994511 0.0532355
0.0974022 0.0959127 0.122082 0.0171719 9.9982E-05 0.371465 9.9982E-05 0.12655 0.105718 0.0634973
0.0643946 0.0316214 0.18814 0.239286 0.0399854 0.203667 0.0674526 0.0789148 0.0864378 9.9991E-05
0.0123964 9.9982E-05 0.185331 0.149918 9.9982E-05 0.186075 0.0612849 0.190895 0.0728333 0.141066
0.0155469 0.0634345 0.103476 0.245072 0.00562736 0.240664 9.9991E-05 0.0702677 0.136158 0.119653
0.00368274 0.121891 0.060824 0.14749 0.00611659 0.345617 0.0754843 0.113645 0.12515 9.9991E-05
9.9955E-05 0.620486 0.0834493 0.0318131 9.9955E-05 9.9955E-05 0.113006 9.9955E-05 0.150746 9.9955E-05
0.0227032 0.055152 0.156329 0.124241 9.9982E-05 0.474005 0.00658771 0.136373 0.0244092 9.9982E-05
9.9946E-05 0.396736 0.0783191 9.9946E-05 9.9946E-05 9.9946E-05 0.25191 9.9946E-05 0.272435 9.9946E-05
9.9955E-05 0.293511 0.0331573 0.287279 9.9955E-05 0.371231 9.9955E-05 0.0143215 9.9955E-05 9.9955E-05
9.9937E-05 0.767156 9.9937E-05 9.9937E-05 0.145616 0.0865282 9.9937E-05 9.9937E-05 9.9937E-05 9.9937E-05
9.9937E-05 0.921599 9.9937E-05 9.9937E-05 0.0544786 9.9937E-05 9.9937E-05 9.9937E-05 9.9937E-05 0.0232232
9.9964E-05 0.454277 0.0215055 0.0225845 0.0269027 0.405322 9.9964E-05 0.0690087 9.9964E-05 9.9964E-05
