0.0109141 9.9964E-05 9.9964E-05 0.0645686 0.0269416 9.9964E-05 9.9964E-05 0.0909802 0.0465481 0.759648
9.9946E-05 0.00296667 9.9946E-05 9.9946E-05 9.9946E-05 9.9946E-05 0.0737407 9.9946E-05 0.0192477 0.903445
0.0267259 9.9964E-05 9.9964E-05 0.0344223 0.0959899 9.9964E-05 9.9964E-05 0.0215078 0.0903423 0.730612
0.0635238 9.9964E-05 9.9964E-05 0.0452106 0.0584479 9.9964E-05 0.0364023 9.9964E-05 0.0420133 0.754002
9.9937E-05 9.9937E-05 9.9937E-05 9.9937E-05 0.0832474 9.9937E-05 0.0550069 9.9937E-05 9.9937E-05 0.861046
0.0631297 0.0479977 0.271381 0.00345125 9.9982E-05 0.0017126 0.0469748 9.9982E-05 0.00954222 0.55561
9.9946E-05 9.9946E-05 0.171201 9.9946E-05 9.9946E-05 0.0622966 9.9946E-05 9.9946E-05 0.0236786 0.742224
0.00474077 9.9964E-05 0.193952 0.0655427 9.9964E-05 0.0357623 9.9964E-05 9.9964E-05 0.0470227 0.65258
9.99549E-05 0.0913309 9.99549E-05 0.039621 9.99549E-05 9.99549E-05 9.99549E-05 0.0839572 0.00160714 0.782984
0.0872308 9.9973E-05 0.221239 9.9973E-05 0.023705 0.00324949 0.00426405 9.9973E-05 0.0124521 0.647559
9.9946E-05 9.9946E-05 0.246963 0.0298356 9.9946E-05 0.00371203 9.9946E-05 9.9946E-05 9.9946E-05 0.718889
0.0242118 9.9955E-05 0.0190936 0.0670987 0.0558106 0.833286 9.9955E-05 9.9955E-05 9.9955E-05 9.9955E-05
0.0148651 9.9964E-05 0.0649799 0.0251816 0.386239 0.490264 9.9964E-05 9.9964E-05 0.0180705 9.9964E-05
0.0385816 9.9964E-05 9.9964E-05 9.9964E-05 0.0551189 0.793189 0.0191175 0.048353 0.0452401 9.9964E-05
0.129744 9.9937E-05 9.9937E-05 9.9937E-05 0.140633 0.728924 9.9937E-05 9.9937E-05 9.9937E-05 9.9937E-05
0.116719 9.9973E-05 0.0754125 9.9973E-05 0.225777 0.422088 0.0362808 0.0211691 9.9973E-05 0.102253
0.109095 9.9946E-05 9.9946E-05 9.9946E-05 0.454785 0.389603 9.9946E-05 9.9946E-05 9.9946E-05 0.0459174
0.0744883 9.9964E-05 0.164521 9.9964E-05 0.359258 0.362162 9.9964E-05 0.0127035 0.0264661 9.9964E-05
0.0748444 9.9955E-05 9.9955E-05 9.9955E-05 0.157062 0.674886 9.9955E-05 9.9955E-05 0.0155625 0.0771456
9.9937E-05 9.9937E-05 0.111422 9.9937E-05 9.9937E-05 0.875988 9.9937E-05 9.9937E-05 9.9937E-05 0.0118912
0.0331903 0.00588748 9.9973E-05 0.0640659 0.355147 0.382158 0.124179 9.9973E-05 0.0350727 9.9973E-05
9.9982E-05 0.0354032 0.0823453 0.0295383 0.373902 0.28009 0.0660828 0.101123 0.0313159 9.9982E-05
0.0442565 0.0297569 0.0940371 9.9973E-05 0.452445 0.324098 9.9973E-05 0.0138931 9.9973E-05 0.0412133
0.0610175 0.0268691 0.0625898 9.9964E-05 0.0797661 0.752151 9.9964E-05 9.9964E-05 0.0172065 9.9964E-05
0.0470581 9.9982E-05 0.0649046 0.041722 0.533732 0.170674 9.9982E-05 0.0534938 0.00793568 0.0802797
0.0471486 0.00811967 0.0189105 9.9964E-05 0.461381 0.421526 9.9964E-05 9.9964E-05 0.0425147 9.9964E-05
0.0386439 9.9937E-05 9.9937E-05 9.9937E-05 9.9937E-05 0.948437 9.9937E-05 9.9937E-05 0.0122193 9.9937E-05
0.220453 9.9937E-05 9.9937E-05 9.9937E-05 9.9937E-05 0.76259 9.9937E-05 0.0162579 9.9937E-05 9.9937E-05
9.9964E-05 0.0137049 0.0558764 9.9964E-05 0.076919 0.831786 9.9964E-05 0.00645551 9.9964E-05 0.0148584
9.99201E-05 9.99201E-05 9.99201E-05 9.99201E-05 9.99201E-05 9.99201E-05 9.99201E-05 9.99201E-05 0.999101 9.99201E-05
9.99201E-05 9.99201E-05 9.99201E-05 9.99201E-05 9.99201E-05 9.99201E-05 9.99201E-05 9.99201E-05 0.999101 9.99201E-05
0.0260338 0.036944 0.0246278 9.9973E-05 0.0533689 0.0250557 9.9973E-05 9.9973E-05 0.35499 0.47868
0.0840815 9.9955E-05 9.9955E-05 0.0468232 0.127038 9.9955E-05 9.9955E-05 9.9955E-05 0.272402 0.469156
9.9973E-05 0.24459 0.137955 0.0344954 0.476012 0.101056 9.9973E-05 9.9973E-05 0.00416434 0.00142673
0.0253028 0.326516 9.9973E-05 0.0202109 0.433864 0.0736369 9.9973E-05 9.9973E-05 0.0109053 0.109265
0.0144895 0.333816 0.0700915 9.9964E-05 0.544042 0.0204932 9.9964E-05 9.9964E-05 9.9964E-05 0.0166687
0.0372412 0.0409555 9.9973E-05 0.274838 0.0555533 0.455784 0.0284786 9.9973E-05 9.9973E-05 0.106849
0.039498 0.543824 9.9982E-05 0.0528049 0.308582 9.9982E-05 0.00726784 0.0153148 0.0120713 0.0204374
0.00146165 0.100878 9.9982E-05 0.0495509 0.469165 0.209452 0.0621233 9.9982E-05 0.037724 0.0694455
9.9955E-05 0.185812 0.0837526 9.9955E-05 0.682273 9.9955E-05 9.9955E-05 0.04012 0.00754252 9.9955E-05
0.124451 0.101359 0.363342 0.0121503 0.393148 9.9964E-05 9.9964E-05 9.9964E-05 9.9964E-05 0.00515104
9.9973E-05 0.134336 0.168716 0.0547252 0.517343 9.9973E-05 0.0231216 9.9973E-05 0.0928804 0.00857846
9.9964E-05 0.63654 9.9964E-05 0.0604339 0.107251 0.12546 9.9964E-05 0.0380367 0.0318793 9.9964E-05
0.069839 9.9955E-05 0.316793 9.9955E-05 0.508709 0.0878767 9.9955E-05 9.9955E-05 9.9955E-05 0.0162833
0.091108 0.220097 0.0986146 0.0475719 0.441093 9.9982E-05 0.0434163 9.9982E-05 0.0376235 0.0202756
0.128133 0.187171 0.0676286 0.0554048 0.435154 0.0162704 0.00332994 0.0622852 0.0188192 0.0258042
9.9946E-05 0.565173 9.9946E-05 9.9946E-05 0.356158 9.9946E-05 0.0120696 0.0659999 9.9946E-05 9.9946E-05
9.9955E-05 0.202854 9.9955E-05 9.9955E-05 0.655247 9.9955E-05 9.9955E-05 0.0208973 0.0545468 0.0659554
9.9973E-05 0.206383 9.9973E-05 0.0402146 0.500547 0.0808696 9.9973E-05 0.0453905 0.0661215 0.0601735
9.9955E-05 0.723229 0.0791543 9.9955E-05 9.9955E-05 9.9955E-05 0.0405793 0.139432 9.9955E-05 0.0171059
9.9973E-05 0.197539 0.0289747 0.231355 0.087352 0.369964 0.0688659 0.0156495 9.9973E-05 9.9973E-05
9.9964E-05 0.155024 0.0915974 9.9964E-05 0.0340721 0.434741 0.064721 0.219444 9.9964E-05 9.9964E-05
0.043612 0.0378351 9.9982E-05 0.0385759 0.468435 0.230359 0.0798 9.9982E-05 0.0159248 0.0852588
0.0170385 9.9964E-05 0.0341878 9.9964E-05 0.618927 0.170523 0.0832578 9.9964E-05 9.9964E-05 0.0756666
0.0452387 0.0310977 9.9982E-05 0.109165 0.588852 0.0620957 0.0763709 0.0521475 9.9982E-05 0.0348334
9.9991E-05 0.213755 0.0280533 0.199662 0.100261 0.229014 0.102639 0.0454212 0.0279873 0.0531067
9.9964E-05 0.00573857 0.0771522 0.152497 0.536587 0.187702 0.0399228 9.9964E-05 9.9964E-05 9.9964E-05
0.0908948 0.0356593 0.0513854 0.0480319 0.495339 0.174938 9.9982E-05 0.0584012 0.0451498 9.9982E-05
9.9982E-05 0.0557863 0.128723 0.088382 0.242655 0.358908 0.0175815 9.9982E-05 0.0194015 0.0883621
0.0304846 0.0514512 0.135423 0.0905961 9.9991E-05 0.357741 0.0661859 0.11173 0.0201253 0.136164
9.9964E-05 0.119538 9.9964E-05 0.11996 0.526355 9.9964E-05 0.0706593 0.0930466 0.0700419 9.9964E-05
9.9982E-05 0.0498314 9.9982E-05 0.0537462 0.388361 0.342192 0.0180941 0.0666113 0.0484899 0.0324744
9.9964E-05 0.0972398 0.0388666 0.166983 9.9964E-05 0.609736 0.0469495 9.9964E-05 0.0398253 9.9964E-05
0.0648377 0.0483909 9.9973E-05 0.0615924 0.369763 0.426748 0.0137109 9.9973E-05 0.0146572 9.9973E-05
0.0398639 0.0728061 9.9964E-05 9.9964E-05 0.540386 0.105282 0.13586 0.105401 9.9964E-05 9.9964E-05
0.0175205 0.132609 9.9973E-05 0.0628056 0.490433 0.154968 9.9973E-05 0.0826848 0.058679 9.9973E-05
9.9973E-05 0.123534 9.9973E-05 0.0170208 0.218927 0.443182 0.0546113 0.101547 9.9973E-05 0.040878
9.9973E-05 0.063807 9.9973E-05 0.0568945 0.39262 0.252678 0.0830137 0.117571 0.0331158 9.9973E-05
9.9973E-05 0.0668834 0.0215505 0.145138 0.566876 0.110107 9.9973E-05 0.0649916 9.9973E-05 0.0241529
9.9982E-05 0.09834 0.0602644 0.139673 0.0644377 0.428654 0.0847914 0.0348576 0.0887819 9.9982E-05
9.9946E-05 0.41117 0.000663778 0.112906 0.474661 9.9946E-05 9.9946E-05 9.9946E-05 9.9946E-05 9.9946E-05
9.9946E-05 0.590408 9.9946E-05 9.9946E-05 0.17073 0.220352 9.9946E-05 9.9946E-05 0.0179099 9.9946E-05
0.0528753 0.245172 9.9982E-05 0.108119 0.441615 0.0432663 0.00267796 9.9982E-05 0.0829509 0.0231241
9.9946E-05 0.878508 0.0464271 9.9946E-05 9.9946E-05 0.0290088 9.9946E-05 0.0454565 9.9946E-05 9.9946E-05
9.9973E-05 0.822569 0.0144435 0.0173269 9.9973E-05 0.0478287 0.077184 0.0196895 9.9973E-05 0.000658477
9.9946E-05 0.697253 9.9946E-05 0.0199507 0.270842 9.9946E-05 9.9946E-05 0.0113547 9.9946E-05 9.9946E-05
9.9964E-05 0.488816 9.9964E-05 0.018651 0.375642 0.0760341 9.9964E-05 0.0284003 0.0120564 9.9964E-05
0.0749374 0.172395 9.9964E-05 0.163812 0.484489 9.9964E-05 0.0400743 9.9964E-05 9.9964E-05 0.0638934
0.0593061 0.42344 9.9964E-05 9.9964E-05 0.357477 0.0684233 9.9964E-05 0.075983 0.0149709 9.9964E-05
0.0689687 0.618226 9.9973E-05 0.070121 0.0822474 0.0990135 9.9973E-05 9.9973E-05 0.0243457 0.0367774
0.0158805 0.486818 9.998E-05 0.218921 0.143536 0.027016 0.0848611 9.998E-05 9.998E-05 0.0226679
0.0622 0.350805 9.9955E-05 0.00188622 0.454007 9.9955E-05 9.9955E-05 9.9955E-05 9.9955E-05 0.130602
0.0528719 0.575384 9.9955E-05 9.9955E-05 0.212653 0.152658 9.9955E-05 9.9955E-05 9.9955E-05 0.00593318
9.9964E-05 0.441098 0.0488222 9.9964E-05 0.355557 0.0948945 9.9964E-05 9.9964E-05 0.0499784 0.00925094
9.9955E-05 0.551075 0.0194607 9.9955E-05 0.409639 9.9955E-05 0.0172493 9.9955E-05 0.00207679 9.9955E-05
0.00333747 0.622737 0.0986629 0.0305274 9.9973E-05 9.9973E-05 0.152537 0.0872833 9.9973E-05 0.00461564
0.0879557 0.260478 0.01716 0.113868 0.490008 9.9964E-05 9.9964E-05 0.0301302 9.9964E-05 9.9964E-05
9.9955E-05 9.9955E-05 9.9955E-05 0.000630638 0.135944 0.0320925 9.9955E-05 9.9955E-05 0.0417737 0.789059
9.99371E-05 9.99371E-05 9.99371E-05 9.99371E-05 0.11392 9.99371E-05 9.99371E-05 9.99371E-05 0.0792835 0.806097
0.00177061 9.9955E-05 9.9955E-05 9.9955E-05 0.111317 9.9955E-05 9.9955E-05 0.0187269 0.0949015 0.772784
9.9946E-05 9.9946E-05 9.9946E-05 9.9946E-05 0.0440285 9.9946E-05 9.9946E-05 0.080936 0.0695489 0.804887
9.9955E-05 0.0203204 9.9955E-05 9.9955E-05 0.10179 9.9955E-05 9.9955E-05 0.0038269 0.0733349 0.800228
0.0117788 9.9973E-05 0.00216662 0.00760728 0.040639 9.9973E-05 9.9973E-05 0.116906 0.0628679 0.757734
0.0123448 9.9955E-05 0.0286058 9.9955E-05 0.0636896 9.9955E-05 9.9955E-05 9.9955E-05 0.0293857 0.865474
0.0685487 0.199927 0.0207407 0.133896 0.450634 0.0109241 9.9991E-05 0.0704784 0.0189367 0.0258153
0.113584 0.112122 0.0316557 0.0369413 0.503567 0.0318626 0.0492696 9.9982E-05 9.9982E-05 0.120798
9.9955E-05 0.803174 9.9955E-05 9.9955E-05 0.0394494 0.0865294 0.0287505 9.9955E-05 9.9955E-05 0.0415973
0.123502 0.153885 0.038906 9.9982E-05 0.401517 0.0794681 0.0846312 9.9982E-05 0.0890863 0.0288052
0.0393866 0.356034 0.0781261 9.9955E-05 0.320731 0.205223 9.9955E-05 9.9955E-05 9.9955E-05 9.9955E-05
9.9955E-05 0.264296 0.08464 9.9955E-05 0.573355 0.0293067 9.9955E-05 9.9955E-05 9.9955E-05 0.0479019
9.9973E-05 0.26789 0.111478 9.9973E-05 0.486403 0.0363287 0.0528579 9.9973E-05 0.0377034 0.00703837
0.0345343 0.453358 9.9964E-05 9.9964E-05 0.471932 9.9964E-05 9.9964E-05 0.00485052 0.0102023 0.0247231
9.9955E-05 0.672113 0.0349973 0.0436817 9.9955E-05 0.191864 9.9955E-05 9.9955E-05 9.9955E-05 0.0568439
9.9973E-05 0.162209 0.0851424 0.0928837 0.513998 9.9973E-05 9.9973E-05 0.0449413 0.012827 0.0876988
0.041531 0.173743 0.10571 9.9982E-05 0.477086 0.125725 0.0127563 9.9982E-05 0.0503926 0.0128563
0.0722797 0.148663 0.121954 0.0830054 0.428316 0.0601009 9.9991E-05 0.0405823 0.0402407 0.00475768
0.0342705 0.476169 0.106045 9.9982E-05 0.20903 0.0403531 0.0505718 0.0433095 0.0400512 9.9982E-05
9.9964E-05 0.398575 0.0394041 9.9964E-05 0.472135 9.9964E-05 0.0120526 9.9964E-05 0.00220653 0.0752272
9.9982E-05 0.385827 0.0569458 0.0742271 0.406367 0.0159197 9.9982E-05 0.0223627 0.0373655 0.000784894
0.0992068 0.622156 9.9955E-05 9.9955E-05 0.250531 9.9955E-05 0.0208643 9.9955E-05 0.00674161 9.9955E-05
9.9964E-05 0.410903 9.9964E-05 0.026209 0.427861 9.9964E-05 0.00944473 0.00428499 9.9964E-05 0.120897
0.0630789 0.22656 9.9982E-05 0.0064961 0.491737 0.0441173 0.0427922 9.9982E-05 0.0161699 0.108849
0.0188634 0.0338503 9.9973E-05 0.131758 0.19383 0.32178 0.148792 0.150827 9.9973E-05 9.9973E-05
0.0957243 9.9973E-05 0.210829 0.180513 0.220994 0.162564 9.9973E-05 0.038397 0.090679 9.9973E-05
0.00332219 9.9991E-05 0.1557 0.0169122 0.551287 0.0976981 0.0314303 0.00617257 0.0455889 0.0917893
0.101142 0.0588071 0.108639 0.116319 0.474218 0.0370092 9.9973E-05 9.9973E-05 9.9973E-05 0.103566
9.9982E-05 0.0394141 9.9982E-05 0.104043 0.444259 0.33514 0.015712 0.00815985 0.0434104 0.00966176
0.0392827 0.00808026 9.9964E-05 0.142649 0.470272 0.26654 0.072777 9.9964E-05 9.9964E-05 9.9964E-05
9.9964E-05 9.9964E-05 0.0226485 0.181019 0.45514 0.27921 0.0519481 9.9964E-05 9.9964E-05 0.00963424
9.9982E-05 0.118837 0.137946 0.17473 0.444504 9.9982E-05 0.0652273 0.00945534 0.00637406 0.0427268
9.9973E-05 0.00887057 0.192174 0.0526705 0.546694 0.0826391 9.9973E-05 0.0835716 0.0330808 9.9973E-05
9.9982E-05 0.116685 0.0304632 0.00504129 0.539349 0.219135 0.0389835 9.9982E-05 0.00413845 0.0460044
9.9964E-05 0.0483719 0.026958 0.232107 0.536042 0.110129 0.0459924 9.9964E-05 9.9964E-05 9.9964E-05
9.9973E-05 0.0805334 0.0514146 0.174193 0.626721 0.0390641 0.0105856 0.0171887 9.9973E-05 9.9973E-05
0.0298341 0.0368738 0.093483 0.0965013 0.608425 0.0115626 9.9982E-05 9.9982E-05 0.0292675 0.0938524
0.00637566 9.9964E-05 9.9964E-05 0.175823 0.5406 0.130078 0.114362 9.9964E-05 0.0323616 9.9964E-05
9.9973E-05 9.9973E-05 0.0313896 0.126331 0.640722 9.9973E-05 0.045815 0.114028 0.0399185 0.00149551
0.0783682 0.0176587 0.00177576 0.176996 0.512299 0.0947579 0.0702968 0.0476476 9.9982E-05 9.9982E-05
0.00177748 9.9991E-05 0.0641828 0.152759 0.383611 0.108091 0.0759916 0.144687 0.0470399 0.021761
0.0614766 0.0939097 0.0273805 0.0959728 0.608356 0.112504 9.9964E-05 9.9964E-05 9.9964E-05 9.9964E-05
9.9964E-05 9.9964E-05 9.9964E-05 0.108962 0.660482 0.0487663 0.0834049 0.0781509 0.0198336 9.9964E-05
0.027325 0.111116 9.9982E-05 0.258618 0.205799 0.261622 0.0875221 0.0437484 0.00404949 9.9982E-05
0.0112905 0.109475 9.9982E-05 0.164994 0.0968082 0.221624 0.178684 0.214822 0.00210361 9.9982E-05
9.9964E-05 0.040293 0.0169519 0.216492 0.509948 0.143964 9.9964E-05 0.0719511 9.9964E-05 9.9964E-05
0.0325573 0.145619 9.9973E-05 0.213754 0.0688101 0.143644 0.311932 0.083383 9.9973E-05 9.9973E-05
9.9964E-05 0.0719797 9.9964E-05 0.131508 0.207037 0.479686 0.0771953 9.9964E-05 9.9964E-05 0.0321938
9.9973E-05 0.138399 0.0115503 0.216774 0.373259 0.17143 0.0698296 0.0184579 9.9973E-05 9.9973E-05
9.9955E-05 0.133395 9.9955E-05 0.185632 0.281925 0.341588 9.9955E-05 9.9955E-05 0.05696 9.9955E-05
0.0119977 0.044155 0.0298126 0.249161 0.246391 0.388464 0.0263668 9.9982E-05 9.9982E-05 0.00345203
9.9982E-05 0.0243355 0.0141796 0.0662577 0.518164 0.267771 0.0767787 9.9982E-05 0.017131 0.0151831
0.0561492 0.0179505 0.0663922 0.0221521 0.581256 0.0492401 0.0582494 0.0652476 0.0151334 0.0682291
0.00204654 0.0447333 0.074124 0.0522393 0.455625 0.221509 0.0323769 0.0155772 0.0163933 0.0853754
9.9973E-05 0.164848 0.0297609 0.187826 0.150685 0.164016 0.143421 0.159143 9.9973E-05 9.9973E-05
9.9982E-05 0.0469954 0.0555161 0.0712166 0.553361 9.9982E-05 0.0151505 0.025586 0.0112339 0.220741
0.0271677 0.0454508 0.140202 9.9973E-05 0.413346 0.136539 0.0999693 0.137025 9.9973E-05 9.9973E-05
9.9982E-05 0.183925 0.266781 0.0156068 9.9982E-05 0.0186868 0.195108 0.228203 0.0108164 0.0806731
9.9973E-05 0.191802 0.00382615 9.9973E-05 0.614085 0.023855 0.030557 0.0420397 9.9973E-05 0.0935349
9.9973E-05 0.117921 0.114238 0.0125158 0.449013 9.9973E-05 0.100229 0.203382 9.9973E-05 0.0024014
0.0125542 0.0582551 9.9991E-05 0.0340323 0.517178 0.151395 0.0292357 0.192499 0.00414672 0.00060365
9.9982E-05 0.172079 0.180139 0.0341092 0.166833 0.147796 0.0200803 0.271873 0.00689029 9.9982E-05
9.9991E-05 0.0661851 0.302671 0.00707922 0.119722 0.130183 0.177093 0.122329 0.0388876 0.0357495
9.9982E-05 0.0840774 0.123548 0.0732512 0.38434 0.0783915 0.138754 0.0572684 9.9982E-05 0.0601691
0.0611413 0.0203643 0.181725 9.9991E-05 0.483409 0.0654362 0.0877419 0.0122912 0.0240437 0.0637468
0.0492288 0.191256 0.0253549 0.0796967 0.308896 0.125264 0.0441787 0.0559261 9.9991E-05 0.120099
0.119883 0.181188 0.210675 9.9973E-05 9.9973E-05 0.223019 0.0596796 0.162491 0.0427656 9.9973E-05
0.0699249 0.0916176 9.9982E-05 0.0716163 0.486731 0.0393722 0.139774 9.9982E-05 0.0758568 0.0249077
9.9964E-05 0.167272 0.218886 0.0152113 0.329379 0.164089 9.9964E-05 0.104763 9.9964E-05 9.9964E-05
9.9973E-05 0.0690621 0.183279 0.0178891 0.40973 0.247676 0.0536019 0.0184619 9.9973E-05 9.9973E-05
0.0479378 0.120604 0.103929 0.0122447 0.553826 0.0166793 0.0184598 0.0473379 9.9991E-05 0.0788823
0.20434 9.9973E-05 0.200134 9.9973E-05 0.127258 0.018046 9.9973E-05 0.183107 0.0488714 0.217945
0.103767 9.9955E-05 9.9955E-05 9.9955E-05 9.9955E-05 9.9955E-05 0.0918913 0.371483 0.011847 0.420512
0.0688648 9.9964E-05 0.035671 9.9964E-05 9.9964E-05 9.9964E-05 0.0977849 0.475233 0.000697464 0.321348
0.233116 9.9964E-05 9.9964E-05 0.023725 0.151358 9.9964E-05 9.9964E-05 0.350365 0.0104219 0.230614
9.9946E-05 0.0342449 0.372582 9.9946E-05 0.567439 9.9946E-05 9.9946E-05 9.9946E-05 0.025134 9.9946E-05
0.0571663 9.9955E-05 0.209569 9.9955E-05 0.635609 9.9955E-05 0.0944009 9.9955E-05 0.00275538 9.9955E-05
0.631231 9.9946E-05 9.9946E-05 0.00179001 0.307938 0.0584418 9.9946E-05 9.9946E-05 9.9946E-05 9.9946E-05
0.407256 0.107267 9.9973E-05 0.0541944 0.30617 0.0299915 0.0475341 9.9973E-05 0.0472881 9.9973E-05
0.368553 0.0752742 0.0691416 0.048367 0.337233 0.0197301 9.9982E-05 0.0478699 9.9982E-05 0.033631
9.9964E-05 0.134507 0.363041 9.9964E-05 0.243446 0.00765952 0.21384 9.9964E-05 0.0371063 9.9964E-05
0.00408996 0.0385169 0.131791 0.13035 0.421867 9.9982E-05 0.0730883 0.167781 0.0323161 9.9982E-05
9.9964E-05 0.0297558 0.472473 9.9964E-05 0.121092 0.0291051 0.247071 0.100104 9.9964E-05 9.9964E-05
9.9982E-05 0.0963817 0.256206 0.000585064 0.519331 0.105007 0.010421 0.000284571 9.9982E-05 0.0115835
0.0384614 0.00705531 0.184675 0.0433493 0.350831 0.0439243 0.267774 0.0637296 9.9982E-05 9.9982E-05
0.0682505 0.00392963 0.189235 9.9973E-05 0.526262 0.0350022 0.110237 0.066784 9.9973E-05 9.9973E-05
9.9964E-05 0.120491 0.354168 9.9964E-05 0.106417 0.113864 0.140565 0.164094 9.9964E-05 9.9964E-05
0.0700502 0.10939 0.0898249 9.9973E-05 0.604611 0.0774322 9.9973E-05 0.0193216 0.02907 9.9973E-05
9.9964E-05 9.9964E-05 0.199007 9.9964E-05 0.557932 9.9964E-05 0.103466 0.0996307 0.00867927 0.0308851
0.983931 9.9928E-05 9.9928E-05 9.9928E-05 9.9928E-05 9.9928E-05 9.9928E-05 9.9928E-05 9.9928E-05 0.0152701
0.916533 0.017653 0.0445681 9.9946E-05 0.020646 9.9946E-05 9.9946E-05 9.9946E-05 9.9946E-05 9.9946E-05
0.60729 0.0183844 0.0564965 9.9964E-05 0.196061 0.0541714 9.9964E-05 9.9964E-05 9.9964E-05 0.067196
0.635103 0.0042498 9.9955E-05 0.0416439 0.316063 9.9955E-05 9.9955E-05 9.9955E-05 9.9955E-05 0.00244029
0.870084 9.9946E-05 0.00948388 9.9946E-05 0.0480388 0.0717937 9.9946E-05 9.9946E-05 9.9946E-05 9.9946E-05
0.984969 9.99281E-05 9.99281E-05 9.99281E-05 9.99281E-05 9.99281E-05 9.99281E-05 9.99281E-05 0.0142319 9.99281E-05
0.959822 9.9937E-05 9.9937E-05 0.0224714 9.9937E-05 9.9937E-05 9.9937E-05 9.9937E-05 0.0170075 9.9937E-05
0.852571 9.9928E-05 9.9928E-05 9.9928E-05 0.14663 9.9928E-05 9.9928E-05 9.9928E-05 9.9928E-05 9.9928E-05
0.958235 0.000492186 9.9937E-05 9.9937E-05 9.9937E-05 0.0405737 9.9937E-05 9.9937E-05 9.9937E-05 9.9937E-05
0.999101 9.99201E-05 9.99201E-05 9.99201E-05 9.99201E-05 9.99201E-05 9.99201E-05 9.99201E-05 9.99201E-05 9.99201E-05
0.978233 9.9937E-05 9.9937E-05 9.9937E-05 9.9937E-05 9.9937E-05 9.9937E-05 0.000464868 0.0206027 9.9937E-05
0.721034 9.9955E-05 0.000340871 9.9955E-05 0.133331 0.106192 9.9955E-05 9.9955E-05 0.0386021 9.9955E-05
0.747899 9.9964E-05 9.9964E-05 0.0130591 0.154172 9.9964E-05 9.9964E-05 0.0206329 0.019072 0.0447654
0.969377 0.0298237 9.9928E-05 9.9928E-05 9.9928E-05 9.9928E-05 9.9928E-05 9.9928E-05 9.9928E-05 9.9928E-05
0.376623 0.0793392 9.9982E-05 0.00357517 0.323025 0.0068277 0.103679 9.9982E-05 0.0138081 0.0929237
0.566597 9.9955E-05 9.9955E-05 0.0450732 0.278923 9.9955E-05 0.0238675 9.9955E-05 0.0850387 9.9955E-05
0.665229 9.9982E-05 0.0059748 0.0131745 0.198898 9.9982E-05 0.00673279 0.0382914 0.0288531 0.0426461
0.83937 9.9955E-05 9.9955E-05 9.9955E-05 0.0262743 0.0763403 9.9955E-05 9.9955E-05 0.0325588 0.0249573
0.977462 9.9937E-05 9.9937E-05 9.9937E-05 0.014154 9.9937E-05 0.00768413 9.9937E-05 9.9937E-05 9.9937E-05
0.813833 9.9973E-05 9.9973E-05 0.0430247 0.0654245 9.9973E-05 0.000485527 0.0378513 0.027184 0.0118968
0.983472 9.9928E-05 9.9928E-05 9.9928E-05 9.9928E-05 9.9928E-05 9.9928E-05 9.9928E-05 0.0157284 9.9928E-05
0.633358 9.9973E-05 0.0300905 0.00492372 0.277362 9.9973E-05 0.0224604 9.9973E-05 0.0147028 0.0168025
0.874025 9.9946E-05 9.9946E-05 9.9946E-05 0.0456192 0.0269425 0.0528141 9.9946E-05 9.9946E-05 9.9946E-05
9.9955E-05 9.9955E-05 0.449167 9.9955E-05 9.9955E-05 0.00282393 0.0851048 0.22614 9.9955E-05 0.236265
9.9964E-05 9.9964E-05 0.197681 0.115062 0.433908 9.9964E-05 9.9964E-05 0.177461 0.0149853 0.0605042
0.080387 0.0778705 0.261959 9.9973E-05 0.324973 9.9973E-05 0.0401798 0.0300026 9.9973E-05 0.184329
0.0586204 0.00827536 0.269568 9.9991E-05 0.123768 0.0362576 0.0697115 0.300593 0.0398366 0.0932696
0.144126 0.0642488 0.0849706 9.9991E-05 0.334348 0.0848082 0.0857543 0.0949765 0.0409351 0.0657326
0.0717328 0.0470463 0.294425 9.9991E-05 0.135686 0.0308519 0.0371759 0.208763 0.0418305 0.132388
0.0526695 0.0234422 0.105573 0.0462533 0.389299 0.0485448 0.0875874 9.9991E-05 0.0397096 0.206822
0.181286 0.0849092 0.347671 9.9973E-05 0.142975 9.9973E-05 0.0330783 0.0666692 9.9973E-05 0.143111
0.121518 9.9982E-05 0.227627 0.0164991 0.396267 0.0569511 9.9982E-05 0.0743054 0.0597724 0.0468604
0.0993587 9.9955E-05 0.234177 9.9955E-05 0.339436 9.9955E-05 9.9955E-05 0.251324 0.0752046 9.9955E-05
0.00425864 0.0301924 0.188865 0.0179787 0.48592 0.00486053 9.9991E-05 0.0379894 0.0323395 0.197496
9.9955E-05 9.9955E-05 0.0438357 0.0507643 0.06505 9.9955E-05 0.00482565 9.9955E-05 9.9955E-05 0.835025
0.0475463 9.9946E-05 9.9946E-05 9.9946E-05 9.9946E-05 9.9946E-05 0.0542983 9.9946E-05 0.0903025 0.807253
9.9946E-05 9.9946E-05 9.9946E-05 9.9946E-05 9.9946E-05 0.0765576 9.9946E-05 0.032342 0.0392996 0.851201
9.9964E-05 0.0183609 9.9964E-05 0.0258027 0.038628 9.9964E-05 9.9964E-05 0.0253171 0.00840344 0.883088
0.00554703 9.9964E-05 9.9964E-05 0.00564932 9.9964E-05 0.0586908 9.9964E-05 0.0435382 0.169721 0.716454
0.087955 0.00948988 9.9964E-05 9.9964E-05 0.00243189 9.9964E-05 9.9964E-05 0.0606621 0.0571976 0.781864
0.113293 9.9955E-05 9.9955E-05 0.0201462 0.00229025 9.9955E-05 9.9955E-05 9.9955E-05 0.0512842 0.812486
9.9973E-05 9.9973E-05 0.0386401 0.0236681 0.0249033 9.9973E-05 0.022621 0.0451553 0.0241184 0.820594
9.9955E-05 0.0773173 9.9955E-05 9.9955E-05 0.025754 9.9955E-05 9.9955E-05 0.0151697 0.0149275 0.866332
0.0780445 9.9946E-05 9.9946E-05 9.9946E-05 9.9946E-05 9.9946E-05 9.9946E-05 0.117002 0.0213117 0.783042
9.9964E-05 0.107399 9.9964E-05 0.0729948 9.9964E-05 0.137996 0.0670769 9.9964E-05 0.0620384 0.552095
9.9964E-05 0.046639 9.9964E-05 0.234593 9.9964E-05 0.136296 9.9964E-05 0.0474523 0.0217897 0.51283
9.9964E-05 9.9964E-05 9.9964E-05 0.0722554 9.9964E-05 0.272003 0.0812932 0.0870353 0.0595982 0.427415
9.9955E-05 0.134387 9.9955E-05 0.146986 9.9955E-05 0.222802 0.014578 9.9955E-05 9.9955E-05 0.480747
9.9973E-05 0.257494 0.000627799 0.0890322 0.476381 0.11223 9.9973E-05 9.9973E-05 0.00580919 0.0581257
0.0353589 0.2114 9.9973E-05 0.0160541 0.477616 0.114665 0.080308 9.9973E-05 9.9973E-05 0.0642982
0.0885525 0.196508 0.0708053 0.104743 0.419249 0.0896889 0.00515301 9.9982E-05 9.9982E-05 0.0250999
9.9973E-05 0.172216 9.9973E-05 0.14505 0.373951 0.135364 0.105262 0.049388 0.018468 9.9973E-05
0.00130421 0.15545 0.0274822 0.266295 0.0932544 0.391414 0.0645001 9.9973E-05 9.9973E-05 9.9973E-05
0.0985458 0.14378 0.00306551 9.9982E-05 0.506308 0.0861595 0.0380215 9.9982E-05 0.0257962 0.0981234
9.9964E-05 0.278254 9.9964E-05 0.021958 0.590532 0.0362667 0.0670839 9.9964E-05 9.9964E-05 0.00550502
9.9964E-05 0.231904 0.154501 0.0598249 0.453271 9.9964E-05 0.0615415 9.9964E-05 0.0385572 9.9964E-05
0.0573318 0.545204 0.0251468 9.9955E-05 0.317715 9.9955E-05 0.0541024 9.9955E-05 9.9955E-05 9.9955E-05
0.064624 0.137753 0.0767712 0.0740096 0.576567 0.0152574 9.9982E-05 9.9982E-05 0.0339367 0.0208809
9.9973E-05 0.400436 0.0452739 0.114868 0.392103 9.9973E-05 0.0250656 9.9973E-05 0.0170053 0.0049486
9.99371E-05 0.75444 9.99371E-05 0.0469326 9.99371E-05 9.99371E-05 0.197928 9.99371E-05 9.99371E-05 9.99371E-05
9.9982E-05 9.9982E-05 0.0162494 0.11923 0.511816 0.166339 0.0801557 0.0252973 0.0215658 0.0591473
0.0310754 0.519481 0.0572525 9.9964E-05 0.20632 9.9964E-05 0.105211 0.0802597 9.9964E-05 9.9964E-05
9.9964E-05 0.366784 0.0121303 0.036433 0.528886 9.9964E-05 0.0397129 0.0156543 9.9964E-05 9.9964E-05
9.9955E-05 0.635833 9.9955E-05 0.0393836 0.080928 0.171048 9.9955E-05 9.9955E-05 9.9955E-05 0.0723085
9.9955E-05 0.0108881 0.217665 0.670682 9.9955E-05 9.9955E-05 9.9955E-05 0.0500442 9.9955E-05 0.050221
0.0277239 9.9946E-05 0.280288 0.648837 9.9946E-05 9.9946E-05 9.9946E-05 9.9946E-05 9.9946E-05 0.042552
9.9946E-05 9.9946E-05 0.243206 0.730588 9.9946E-05 9.9946E-05 0.0142837 9.9946E-05 9.9946E-05 0.0113232
9.9937E-05 9.9937E-05 0.202357 0.714957 9.9937E-05 9.9937E-05 9.9937E-05 9.9937E-05 9.9937E-05 0.0819867
0.0157079 9.9955E-05 0.241975 0.716 9.9955E-05 9.9955E-05 0.0025066 9.9955E-05 0.023311 9.9955E-05
0.0271751 9.9964E-05 0.107308 0.735815 0.067106 9.9964E-05 9.9964E-05 0.0269962 9.9964E-05 0.0351996
9.9946E-05 9.9946E-05 9.9946E-05 9.9946E-05 0.09994 9.9946E-05 9.9946E-05 0.0414721 0.0782411 0.779747
0.0641836 9.9973E-05 9.9973E-05 0.0519298 0.0189301 0.014689 9.9973E-05 0.0644505 0.0629796 0.722538
0.0800421 9.9955E-05 9.9955E-05 9.9955E-05 0.0943843 0.0596053 9.9955E-05 9.9955E-05 0.0562467 0.709222
0.0842795 9.9964E-05 9.9964E-05 0.0375988 0.0649727 0.0704909 9.9964E-05 9.9964E-05 0.0554679 0.68679
0.0941396 9.9964E-05 0.027322 9.9964E-05 0.0821465 0.0270887 9.9964E-05 0.00179608 9.9964E-05 0.767107
9.9964E-05 0.0498816 0.0634316 0.476465 9.9964E-05 9.9964E-05 9.9964E-05 0.0615799 0.0309594 0.317283
9.9964E-05 0.0997795 0.0419773 0.324772 9.9964E-05 9.9964E-05 0.0861827 9.9964E-05 0.0188698 0.428019
9.9964E-05 0.0510017 9.9964E-05 0.365185 9.9964E-05 9.9964E-05 0.136528 0.0191881 0.0305666 0.397131
9.99201E-05 9.99201E-05 9.99201E-05 9.99201E-05 9.99201E-05 9.99201E-05 9.99201E-05 9.99201E-05 0.999101 9.99201E-05
9.9973E-05 0.100143 0.0464866 0.36915 9.9973E-05 9.9973E-05 0.0646131 0.0533961 0.0703602 0.295551
0.25445 0.0126135 9.9955E-05 9.9955E-05 0.291482 9.9955E-05 9.9955E-05 0.295388 9.9955E-05 0.145567
0.223583 0.0368534 9.9991E-05 0.00637774 0.558365 0.0015083 0.0241674 0.0306704 0.0142621 0.104112
0.228382 9.9964E-05 9.9964E-05 9.9964E-05 0.5389 0.0460645 9.9964E-05 0.0154791 0.030772 0.140003
0.213368 0.0246419 0.0965674 9.9964E-05 0.351244 9.9964E-05 9.9964E-05 0.114102 9.9964E-05 0.199677
0.24413 0.00138155 0.214303 0.035521 0.293254 0.0535786 9.9982E-05 9.9982E-05 0.046187 0.111444
0.212076 9.9946E-05 9.9946E-05 9.9946E-05 0.059601 9.9946E-05 9.9946E-05 0.417451 9.9946E-05 0.310273
9.9973E-05 0.0515228 0.0115553 0.172851 0.398917 0.254998 0.0897956 9.9973E-05 0.0200604 9.9973E-05
9.9964E-05 0.0900833 9.9964E-05 0.116985 0.285787 0.162649 0.23639 0.107707 9.9964E-05 9.9964E-05
9.9964E-05 9.9964E-05 9.9964E-05 0.159564 0.213507 0.474968 0.0462604 9.9964E-05 0.0453673 0.0599348
9.9964E-05 0.110922 9.9964E-05 0.0894817 0.485109 0.0528541 0.209834 0.0514002 9.9964E-05 9.9964E-05
9.9955E-05 0.235779 0.0158932 9.9955E-05 9.9955E-05 0.147404 0.451384 0.14904 9.9955E-05 9.9955E-05
0.0624414 0.111246 9.9973E-05 9.9973E-05 0.453525 0.176093 0.0227239 0.121521 9.9973E-05 0.0521512
9.9982E-05 9.9982E-05 0.125391 0.0895499 0.430905 0.177126 0.123584 0.0340718 0.00970011 0.00947263
9.9982E-05 0.0426829 0.0414029 0.137566 0.274518 0.365524 0.0766886 9.9982E-05 0.000884625 0.0605336
9.9973E-05 9.9973E-05 0.0277362 0.0881766 0.475405 0.190973 0.113288 9.9973E-05 0.0322187 0.0719025
9.9964E-05 0.133321 0.0352019 9.9964E-05 0.023232 0.461661 0.130938 0.215247 9.9964E-05 9.9964E-05
0.0127186 0.037919 0.124952 0.0552908 0.462722 0.141998 0.113485 0.0507156 9.9982E-05 9.9982E-05
9.9973E-05 0.0481521 9.9973E-05 0.204663 0.552992 0.121291 0.0147001 0.0195469 0.0383539 9.9973E-05
0.0339097 0.114346 0.0228416 0.064465 0.519616 9.9973E-05 9.9973E-05 0.105167 9.9973E-05 0.139354
9.9964E-05 0.0666146 9.9964E-05 0.139356 0.330404 0.221606 0.240544 0.00107635 9.9964E-05 9.9964E-05
9.9973E-05 0.124557 9.9973E-05 0.180189 0.411991 0.146539 0.0680701 0.0635358 9.9973E-05 0.00481799
0.0100484 9.9982E-05 0.0656864 0.0384599 0.441475 0.232883 0.104773 0.0599479 9.9982E-05 0.0465269
9.9973E-05 0.104475 0.0452529 0.0806084 0.564227 0.0960006 0.108064 0.00107217 9.9973E-05 9.9973E-05
9.9982E-05 0.0506131 0.029644 0.0199727 0.684104 0.073686 0.0823215 0.0377902 0.0216688 9.9982E-05
0.0795667 0.0647338 9.9991E-05 0.152288 0.45942 0.110596 0.041102 0.0334907 0.0214457 0.0372573
0.0205182 0.0515842 0.0306716 0.096954 0.493347 0.143814 9.9991E-05 0.0608934 0.0119999 0.0901175
0.0904867 9.9937E-05 9.9937E-05 9.9937E-05 0.14034 9.9937E-05 9.9937E-05 9.9937E-05 9.9937E-05 0.768474
0.0461246 9.9964E-05 0.0449857 9.9964E-05 0.0599096 9.9964E-05 0.029699 9.9964E-05 0.0310316 0.78785
0.0317321 0.0454094 0.0578748 9.9964E-05 0.0271343 9.9964E-05 0.0510801 9.9964E-05 9.9964E-05 0.786369
0.0651945 0.0649292 9.9964E-05 0.0141693 9.9964E-05 9.9964E-05 0.0265132 9.9964E-05 0.0354938 0.7933
9.9946E-05 9.9946E-05 0.0493333 9.9946E-05 0.125751 9.9946E-05 9.9946E-05 9.9946E-05 0.0452551 0.779061
0.0469123 0.0478152 9.9973E-05 0.208651 0.0706244 0.542962 0.0358726 0.0468627 9.9973E-05 9.9973E-05
9.9982E-05 0.0690545 0.00551719 9.9982E-05 0.459119 0.208439 0.113087 0.11691 0.0249005 0.00277321
0.126409 0.019489 0.0296622 0.0105905 0.437899 0.0830819 0.0749628 0.0403922 0.00700452 0.170509
0.0431048 9.9973E-05 0.0572751 0.0442142 0.62759 0.115217 0.0750748 9.9973E-05 0.0372244 9.9973E-05
9.9982E-05 0.117352 9.9982E-05 0.14962 0.498497 0.0571653 0.105038 0.0350242 0.00827607 0.0288277
9.9973E-05 9.9973E-05 0.0626164 0.234942 0.274277 0.140169 0.108713 0.163863 0.0151197 9.9973E-05
9.9973E-05 0.155177 9.9973E-05 0.325412 9.9973E-05 0.291375 0.0512621 0.0593368 0.0405915 0.0765464
0.0230415 0.0233358 0.0202958 0.246648 0.483212 0.0876353 0.0941987 9.9982E-05 0.0214323 9.9982E-05
0.0528234 0.0675977 9.9982E-05 0.260347 0.131585 0.312211 0.105859 9.9982E-05 0.0171829 0.0521936
0.0166185 0.0930949 0.0912941 0.134875 0.367693 0.0994512 0.0631756 0.126997 9.9991E-05 0.00670048
0.00258344 0.0640557 9.9982E-05 0.278288 0.0429971 0.324546 0.13433 0.0386217 9.9982E-05 0.114379
0.0382901 0.00480513 9.9973E-05 0.117943 0.634735 0.0953936 0.0349599 9.9973E-05 9.9973E-05 0.0735734
9.9973E-05 0.00055133 9.9973E-05 0.240643 0.100077 0.485056 0.11635 9.9973E-05 0.0178825 0.0391401
0.0482286 9.9991E-05 0.0874061 0.103085 0.305102 0.216179 0.13155 0.0662342 0.00372236 0.0383929
9.9973E-05 0.0436591 0.201174 0.0760655 0.425811 0.0432942 0.0432846 0.166412 9.9973E-05 9.9973E-05
9.9973E-05 0.00171698 0.494078 0.0178553 0.201231 0.12598 0.100932 0.0579067 9.9973E-05 9.9973E-05
9.9955E-05 0.0494718 0.322845 9.9955E-05 0.462234 0.146205 9.9955E-05 9.9955E-05 9.9955E-05 0.0187443
0.0301472 0.0782515 0.139881 9.9982E-05 0.487017 0.0459513 9.9982E-05 0.140924 0.0280525 0.0495762
9.9973E-05 0.0108505 0.444891 0.051577 0.236866 0.0580038 0.147148 0.0503626 9.9973E-05 9.9973E-05
0.0119321 0.0704351 0.21716 0.0824141 0.523448 9.9982E-05 0.0191247 0.0296796 9.9982E-05 0.0456063
9.9973E-05 0.0735916 0.232601 0.00942726 0.495807 9.9973E-05 0.115854 0.0364526 0.0359661 9.9973E-05
9.9964E-05 0.0521737 0.638446 0.0276202 9.9964E-05 0.0130793 0.213994 0.0542865 9.9964E-05 9.9964E-05
9.9964E-05 0.0907667 0.515408 9.9964E-05 0.138351 0.0121858 0.117229 0.12566 9.9964E-05 9.9964E-05
9.9973E-05 0.0454377 0.346534 0.0463962 0.387974 0.0413527 0.116876 9.9973E-05 0.0151291 9.9973E-05
9.9982E-05 0.204949 0.523713 0.0137506 0.041298 0.0941975 0.0678985 0.0320021 9.9982E-05 0.0219908
9.9955E-05 0.0908994 0.347944 9.9955E-05 0.346529 0.156475 9.9955E-05 0.0576521 9.9955E-05 9.9955E-05
9.9964E-05 0.103127 9.9964E-05 0.38184 0.078933 0.295307 0.0902664 0.0501267 9.9964E-05 9.9964E-05
9.9964E-05 0.0204243 9.9964E-05 0.141143 0.266922 0.211337 0.341293 0.0184808 9.9964E-05 9.9964E-05
0.0247219 0.097239 9.9973E-05 0.19304 0.338987 0.24002 0.0486567 9.9973E-05 0.057035 9.9973E-05
9.9955E-05 9.9955E-05 9.9955E-05 0.103921 0.616483 0.18959 9.9955E-05 0.0653042 0.0242023 9.9955E-05
9.9964E-05 0.159876 9.9964E-05 0.233327 0.175433 0.400129 0.0164608 9.9964E-05 0.0143751 9.9964E-05
0.089194 0.0379104 9.9982E-05 0.163015 0.353534 0.0736604 0.152041 0.0853197 9.9982E-05 0.0451254
0.0951203 0.122041 9.9964E-05 0.22429 0.516437 9.9964E-05 9.9964E-05 0.02511 9.9964E-05 0.0166019
9.9955E-05 0.153569 9.9955E-05 0.147029 0.491716 0.143178 9.9955E-05 9.9955E-05 9.9955E-05 0.064008
0.0334571 9.9982E-05 0.0466133 0.153825 0.492765 0.161866 0.0428829 0.0469202 0.021471 9.9982E-05
0.078665 0.132785 0.027458 0.233214 0.383837 0.118684 9.9982E-05 9.9982E-05 0.000211025 0.0249456
0.0193597 0.0925747 9.9964E-05 0.302945 0.233035 0.339534 0.0121525 9.9964E-05 9.9964E-05 9.9964E-05
0.0695805 0.0419005 9.9973E-05 0.342462 0.293411 0.144671 0.0948121 0.0128621 9.9973E-05 9.9973E-05
0.0283767 0.021796 0.0102911 0.0727172 0.554581 0.185505 0.123321 9.9982E-05 0.00321284 9.9982E-05
9.9991E-05 0.00181498 0.00133656 0.0842065 0.612305 0.137978 0.0758408 0.0211358 0.0522243 0.0130582
9.9973E-05 0.113729 0.0191833 0.13373 0.387511 0.11739 0.110882 0.117274 9.9973E-05 9.9973E-05
9.9955E-05 9.9955E-05 9.9955E-05 0.188498 0.541009 0.0628726 0.143304 0.0638167 9.9955E-05 9.9955E-05
0.00314546 9.9973E-05 0.0183559 0.29615 0.364136 0.154442 9.9973E-05 0.113808 0.0496626 9.9973E-05
9.9964E-05 0.120078 9.9964E-05 0.100525 0.66505 0.0525275 0.0540762 9.9964E-05 0.00734221 9.9964E-05
0.0866373 9.9964E-05 9.9964E-05 0.101961 0.468295 0.213257 0.0811273 9.9964E-05 9.9964E-05 0.048323
0.115272 0.0457044 0.0531632 0.171057 0.431796 0.0613662 0.0445564 9.9991E-05 0.00717523 0.0698093
0.0357187 9.9973E-05 0.0256629 9.9973E-05 0.49711 0.0581703 9.9973E-05 0.0512761 0.0560914 0.275671
0.163586 0.0420266 0.0250818 9.9973E-05 0.438386 0.0555709 9.9973E-05 0.211388 9.9973E-05 0.0636604
0.115226 0.12481 0.0027195 0.0598871 0.395921 0.0245106 0.076878 9.9991E-05 0.0268266 0.173121
0.122303 0.0271215 0.0376123 0.013936 0.564474 0.0374846 0.0338963 0.0950922 0.0149286 0.0531519
0.144272 0.0207851 9.9982E-05 9.9982E-05 0.503417 0.0737839 0.052098 0.0403791 0.0450161 0.120048
0.0643916 0.0365483 0.169334 9.9964E-05 0.309512 0.202542 0.217273 9.9964E-05 9.9964E-05 9.9964E-05
0.0710718 0.0776242 0.0110897 0.032547 0.46668 0.0808061 0.0219686 0.0401638 9.9991E-05 0.197948
0.0722388 0.147613 0.0922589 0.010398 0.0390713 0.111964 0.00629486 0.418942 9.9991E-05 0.101119
0.131187 9.9973E-05 9.9973E-05 0.0951637 0.531924 0.0771896 9.9973E-05 0.145917 0.0177262 0.0005927
0.122451 9.9955E-05 9.9955E-05 9.9955E-05 0.545285 0.116111 9.9955E-05 0.096978 9.9955E-05 0.118674
0.185315 9.9982E-05 0.0640134 0.0246742 0.448922 0.139517 0.0452071 0.0783484 0.0138027 9.9982E-05
9.9973E-05 0.084307 9.9973E-05 0.0364184 0.328792 0.120439 9.9973E-05 0.310916 0.0604226 0.0584049
0.0883424 9.9964E-05 9.9964E-05 9.9964E-05 0.552703 0.0852804 9.9964E-05 0.119187 0.0429211 0.111166
0.104863 9.9982E-05 0.0307892 0.0772937 0.499601 9.9982E-05 0.0503915 0.11957 0.0519497 0.0653417
0.123482 0.0539494 9.9964E-05 9.9964E-05 9.9964E-05 9.9964E-05 0.0530571 0.449121 0.0157233 0.304267
0.110984 0.0193009 9.9973E-05 9.9973E-05 0.547194 0.0137039 9.9973E-05 0.192569 0.0559097 0.0600389
0.190209 9.9964E-05 0.0520684 9.9964E-05 0.520253 9.9964E-05 9.9964E-05 0.157864 0.0117077 0.0674987
0.119949 0.0119985 0.0173062 0.0452876 0.536941 0.0608541 0.0576138 0.0644999 9.9991E-05 0.0854501
0.0124824 9.9946E-05 9.9946E-05 9.9946E-05 0.631958 9.9946E-05 9.9946E-05 0.166173 9.9946E-05 0.188787
0.134247 9.9973E-05 0.116932 0.0367459 0.523937 0.0292909 9.9973E-05 0.073655 9.9973E-05 0.084892
0.0538582 0.0408615 0.130623 0.0132557 0.433838 9.9973E-05 0.279949 9.9973E-05 0.0473141 9.9973E-05
0.0524023 0.00955598 9.9982E-05 9.9982E-05 0.445595 0.123541 0.256574 0.0169227 0.0244931 0.0707161
9.9946E-05 0.120197 9.9946E-05 9.9946E-05 0.0490353 0.0720034 0.758164 9.9946E-05 9.9946E-05 9.9946E-05
9.99549E-05 9.99549E-05 0.0314436 0.0709257 0.0293589 9.99549E-05 0.850673 9.99549E-05 9.99549E-05 0.0170994
0.0561722 9.9964E-05 9.9964E-05 9.9964E-05 0.512733 0.0846212 0.24138 9.9964E-05 0.0115381 0.0931558
0.228308 9.9964E-05 9.9964E-05 9.9964E-05 0.4011 0.0395602 0.0965169 0.153869 9.9964E-05 0.080246
0.252338 9.9955E-05 9.9955E-05 9.9955E-05 0.339087 9.9955E-05 0.209813 0.095632 9.9955E-05 0.102631
0.206095 9.99763E-05 0.0263874 9.99763E-05 0.180249 9.99763E-05 0.194193 0.167077 0.0141992 0.2115
0.182433 9.9973E-05 9.9973E-05 9.9973E-05 0.378956 0.0152129 0.131288 0.155131 0.0421791 0.0945009
0.0618997 9.9955E-05 9.9955E-05 9.9955E-05 0.0848995 9.9955E-05 0.650838 0.185352 9.9955E-05 0.0165112
0.0549839 9.9964E-05 9.9964E-05 9.9964E-05 0.180837 9.9964E-05 0.60326 0.0860469 0.0406811 0.0337912
0.0596394 9.9946E-05 9.9946E-05 0.0320027 0.560974 9.9946E-05 0.346784 9.9946E-05 9.9946E-05 9.9946E-05
0.0742915 9.9955E-05 9.9955E-05 9.9955E-05 0.459855 0.0143558 0.399737 9.9955E-05 9.9955E-05 0.0512608
0.0696794 9.9964E-05 9.9964E-05 9.9964E-05 0.154238 9.9964E-05 0.661004 0.0517366 0.0363718 0.0265701
0.0873088 9.9973E-05 9.9973E-05 9.9973E-05 0.479804 0.0753936 0.285477 0.01374 0.0390931 0.0188835
0.12771 9.9964E-05 9.9964E-05 0.0282595 0.466324 9.9964E-05 0.346346 0.00985643 9.9964E-05 0.0211044
0.149787 0.147945 0.0111639 0.016689 0.37535 9.9973E-05 0.168087 9.9973E-05 9.9973E-05 0.130678
9.9973E-05 0.00181716 0.0877844 0.0785592 0.303673 0.0246507 0.473038 9.9973E-05 9.9973E-05 0.0301783
0.0505898 9.99639E-05 0.105967 9.99639E-05 0.258539 0.108267 0.454759 9.99639E-05 0.0214781 9.99639E-05
9.9973E-05 0.0583724 0.0852117 0.054736 0.506051 0.0420379 0.21604 9.9973E-05 0.0372515 9.9973E-05
0.0364276 9.9973E-05 0.166712 0.0700259 0.421802 9.9973E-05 0.283112 9.9973E-05 0.00297837 0.0186419
0.0174337 0.0158929 0.110622 0.0413262 0.511408 0.0637206 0.119456 0.0494442 0.0705959 9.9991E-05
9.9964E-05 9.9964E-05 0.0462948 9.9964E-05 0.445049 0.0207056 0.45997 9.9964E-05 0.0207393 0.00684147
9.9946E-05 9.9946E-05 0.0974238 0.0777362 0.197174 9.9946E-05 0.627067 9.9946E-05 9.9946E-05 9.9946E-05
9.9973E-05 0.00675913 0.0240724 9.9973E-05 0.556118 9.9973E-05 0.311322 0.0503356 0.0414896 0.00960373
9.99459E-05 0.0825797 0.0197485 9.99459E-05 0.233848 9.99459E-05 0.663224 9.99459E-05 9.99459E-05 9.99459E-05
0.00420221 9.9973E-05 0.093206 9.9973E-05 0.347259 0.0634271 0.466544 9.9973E-05 0.0126069 0.0124555
0.0222296 0.0199284 9.9973E-05 0.0100489 0.562124 0.0929445 0.24469 9.9973E-05 0.0477343 9.9973E-05
9.99636E-05 0.00710715 0.0494776 9.99636E-05 0.536397 9.99636E-05 0.373515 9.99636E-05 0.0330035 9.99636E-05
0.12066 0.00751357 0.0755255 0.00193906 0.564639 9.9982E-05 0.0783285 0.0337782 9.9982E-05 0.117417
0.106081 9.9982E-05 0.0307597 9.9982E-05 0.259951 0.121169 0.172922 0.119061 0.0158195 0.174036
0.216385 9.9982E-05 0.226893 9.9982E-05 0.283213 0.00530713 0.060346 0.0874819 0.0320927 0.0880813
0.241593 9.9991E-05 0.155752 0.0576955 0.189695 0.0721008 0.0714463 0.0789904 0.0330172 0.0996098
0.129245 0.0645948 0.231883 0.0142773 0.44234 0.0114758 9.9973E-05 9.9973E-05 9.9973E-05 0.105884
0.203064 0.011557 0.0477967 0.0649385 0.363977 9.9991E-05 0.195489 0.0201211 0.0136013 0.0793557
0.152599 9.9973E-05 0.074667 0.0130591 9.9973E-05 9.9973E-05 0.550596 0.0413473 0.04559 0.121842
0.111079 9.9973E-05 0.0437561 9.9973E-05 0.634587 9.9973E-05 0.0947945 0.00472207 0.0174996 0.0932625
0.0797535 9.9955E-05 9.9955E-05 9.9955E-05 9.9955E-05 9.9955E-05 0.43864 0.183786 0.0169677 0.280353
0.179023 9.9955E-05 9.9955E-05 9.9955E-05 0.460589 9.9955E-05 0.275595 0.0520897 9.9955E-05 0.0322033
9.9946E-05 0.223961 9.9946E-05 9.9946E-05 0.109155 9.9946E-05 0.654573 0.011711 9.9946E-05 9.9946E-05
9.9946E-05 0.0553744 9.9946E-05 9.9946E-05 9.9946E-05 0.0136481 0.903245 9.9946E-05 0.0271328 9.9946E-05
9.9964E-05 0.0308377 0.041637 9.9964E-05 0.433302 0.0972693 0.373858 9.9964E-05 0.0226967 9.9964E-05
