0.0265593 0.815917 9.9964E-05 9.9964E-05 9.9964E-05 0.0426009 0.0475938 9.9964E-05 0.01862 0.0483089
9.9937E-05 0.899671 9.9937E-05 9.9937E-05 9.9937E-05 9.9937E-05 9.9937E-05 0.0767732 9.9937E-05 0.0228559
9.9964E-05 0.710022 9.9964E-05 0.110629 9.9964E-05 0.0248138 0.037094 9.9964E-05 0.0316122 0.085429
9.9964E-05 0.723092 0.00696415 9.9964E-05 9.9964E-05 0.110437 9.9964E-05 0.00264602 0.0724655 0.0839953
9.9955E-05 0.863413 9.9955E-05 0.0463896 9.9955E-05 0.0462012 9.9955E-05 0.0246342 0.0188622 9.9955E-05
0.0329745 0.551489 9.9964E-05 9.9964E-05 0.285227 0.0737297 9.9964E-05 9.9964E-05 0.00576147 0.0504185
9.9946E-05 0.764628 9.9946E-05 9.9946E-05 0.160232 0.0166103 9.9946E-05 9.9946E-05 9.9946E-05 0.0579299
9.9955E-05 0.688693 9.9955E-05 9.9955E-05 0.207332 0.0131801 9.9955E-05 9.9955E-05 0.0423402 0.047954
0.0666145 0.778009 9.99549E-05 9.99549E-05 9.99549E-05 9.99549E-05 0.0626041 9.99549E-05 0.0544263 0.0378466
9.9964E-05 0.61533 9.9964E-05 0.000924673 0.191071 0.11766 9.9964E-05 0.0238885 9.9964E-05 0.0507255
9.9955E-05 0.721245 0.0173604 9.9955E-05 0.225482 0.0107521 9.9955E-05 9.9955E-05 0.0246605 9.9955E-05
0.0560359 9.9946E-05 0.746444 0.112555 9.9946E-05 0.0843653 9.9946E-05 9.9946E-05 9.9946E-05 9.9946E-05
9.9964E-05 0.00649841 0.389767 0.495146 9.9964E-05 0.00134247 0.0743563 9.9964E-05 9.9964E-05 0.0324901
9.9973E-05 0.0302682 0.696107 0.0626874 9.9973E-05 0.104549 0.0335876 0.0608916 0.0116091 9.9973E-05
9.9973E-05 0.0125492 0.611324 0.21412 9.9973E-05 0.0753371 0.0576577 0.0208383 9.9973E-05 0.00787348
0.0281876 0.0889771 0.430878 0.293391 0.0401241 0.086634 0.031508 9.9973E-05 9.9973E-05 9.9973E-05
9.999E-05 0.030775 0.299051 0.50968 0.0121192 0.0676552 0.00994941 0.00591102 0.0299818 0.0347776
0.0837638 9.9964E-05 0.356685 0.396955 0.0742848 0.068845 9.9964E-05 9.9964E-05 9.9964E-05 0.019066
9.9964E-05 0.123673 0.552676 0.185205 9.9964E-05 0.0809406 9.9964E-05 0.0464084 9.9964E-05 0.0106971
9.9955E-05 0.0505163 0.827363 9.9955E-05 0.118693 0.00239204 9.9955E-05 9.9955E-05 9.9955E-05 0.000535905
9.9982E-05 9.9982E-05 0.491556 0.3069 0.004317 0.071976 0.0131827 0.0663668 0.00643659 0.0390652
0.0240918 9.9982E-05 0.320603 0.4124 0.0687624 9.9982E-05 0.0876642 0.0243504 0.0499979 0.0119305
0.0660207 0.0261709 0.334345 0.456916 0.0608615 0.0245908 0.0168399 9.9982E-05 9.9982E-05 0.0140557
9.9955E-05 9.9955E-05 0.681329 0.0932042 0.113273 0.0905361 9.9955E-05 9.9955E-05 9.9955E-05 0.0211575
0.00726106 0.124805 0.159191 0.554763 0.117187 0.0154121 9.9982E-05 9.9982E-05 0.0146721 0.0065079
0.116739 9.9964E-05 0.3403 0.34977 9.9964E-05 0.143364 0.017016 9.9964E-05 9.9964E-05 0.0324108
9.9937E-05 9.9937E-05 0.860947 9.9937E-05 9.9937E-05 0.105063 9.9937E-05 9.9937E-05 9.9937E-05 0.0332902
9.9937E-05 9.9937E-05 0.796576 9.9937E-05 9.9937E-05 0.172203 0.030521 9.9937E-05 9.9937E-05 9.9937E-05
9.9946E-05 0.060492 0.764264 0.107846 9.9946E-05 9.9946E-05 9.9946E-05 0.0667983 9.9946E-05 9.9946E-05
9.99201E-05 9.99201E-05 9.99201E-05 9.99201E-05 9.99201E-05 9.99201E-05 9.99201E-05 9.99201E-05 9.99201E-05 0.999101
9.99201E-05 9.99201E-05 9.99201E-05 9.99201E-05 9.99201E-05 9.99201E-05 9.99201E-05 9.99201E-05 9.99201E-05 0.999101
0.0412795 0.48169 0.0260022 0.0618404 9.9973E-05 0.00455339 0.000936952 9.9973E-05 9.9973E-05 0.383398
0.0813478 0.475664 9.9964E-05 0.0479523 9.9964E-05 0.0955309 0.0376245 9.9964E-05 9.9964E-05 0.261481
0.268061 0.0159221 0.115217 0.518881 0.0659516 9.9973E-05 9.9973E-05 9.9973E-05 0.00228395 0.0133835
0.298449 0.0922057 9.9964E-05 0.498124 0.00635829 0.0615712 9.9964E-05 9.9964E-05 0.0428914 9.9964E-05
0.412405 0.0157575 9.9973E-05 0.463832 0.00899027 0.0635763 9.9973E-05 0.00544096 9.9973E-05 0.0296978
9.9973E-05 0.0461447 0.66826 0.0621178 9.9973E-05 0.0119302 9.9973E-05 0.0163528 0.161879 0.0330157
0.639677 9.9964E-05 9.9964E-05 0.210617 9.9964E-05 0.0507474 9.9964E-05 0.0304011 0.0193922 0.0487657
0.269348 0.115521 9.9955E-05 0.453139 9.9955E-05 9.9955E-05 9.9955E-05 0.0296237 0.131869 9.9955E-05
0.234338 9.9973E-05 9.9973E-05 0.589539 0.0393345 0.0380046 0.0350612 0.0288765 9.9973E-05 0.0345465
0.0391818 0.0694973 9.9973E-05 0.461314 0.328223 0.0253081 9.9973E-05 0.0416947 9.9973E-05 0.0344812
0.126482 0.0438482 9.9964E-05 0.591457 0.164705 9.9964E-05 9.9964E-05 0.00632843 9.9964E-05 0.066779
0.64725 0.0682986 0.20396 0.0550637 9.9973E-05 9.9973E-05 0.000240507 9.9973E-05 0.00695923 0.0179288
0.0332946 9.9964E-05 0.0253313 0.477194 0.358486 0.0999176 0.00537666 9.9964E-05 9.9964E-05 9.9964E-05
0.250339 0.0100558 9.9973E-05 0.508699 0.0519029 0.0633342 9.9973E-05 0.0854841 9.9973E-05 0.0298849
0.19567 0.0990342 9.9982E-05 0.490704 0.0683457 0.11655 0.0121872 0.00427996 9.9982E-05 0.0130287
0.621112 9.9946E-05 9.9946E-05 0.273396 9.9946E-05 9.9946E-05 0.00434514 0.100547 9.9946E-05 9.9946E-05
0.21033 0.0602555 9.9982E-05 0.65809 9.9982E-05 0.0177264 0.00533747 0.00960587 0.0189905 0.0194646
0.0458003 0.0944061 0.0994606 0.528726 0.0295095 0.0774934 9.9982E-05 0.0934036 9.9982E-05 0.0310006
0.727093 0.0260913 9.9964E-05 9.9964E-05 0.0788419 9.9964E-05 0.159955 0.00728596 0.000333698 9.9964E-05
0.222255 9.9982E-05 0.31544 0.0983194 0.0592556 0.00056562 0.0401136 0.0550323 0.208819 9.9982E-05
0.146388 9.9964E-05 0.390268 0.00504479 0.242181 9.9964E-05 0.187326 0.0283921 9.9964E-05 9.9964E-05
0.0403394 0.0103742 0.177397 0.512388 9.9982E-05 0.0738573 0.0899849 0.0803482 9.9982E-05 0.0151116
9.9982E-05 0.0552402 0.128652 0.580353 0.0490657 0.0269422 0.0612368 0.0930202 9.9982E-05 0.00528987
0.04777 0.11281 0.0524563 0.62153 0.0273382 9.9991E-05 0.0440107 0.0141325 0.0683034 0.0115489
0.113758 0.0593482 0.287453 0.133324 0.0814878 9.9991E-05 0.0305269 0.0326167 0.236086 0.0252992
9.9973E-05 9.9973E-05 0.162649 0.514512 0.0437727 9.9973E-05 0.0644288 0.0289969 0.169768 0.0155719
9.9955E-05 9.9955E-05 0.103311 0.664044 0.12769 9.9955E-05 0.0649709 9.9955E-05 0.039485 9.9955E-05
0.00150689 0.146598 0.322813 0.26447 0.181369 0.0218779 9.9982E-05 0.0456247 9.9982E-05 0.0155399
0.010246 0.143862 0.497625 9.9982E-05 0.132579 0.0456207 0.111256 9.9982E-05 0.041264 0.0173464
0.126368 9.9964E-05 0.120066 0.558311 0.00738222 9.9964E-05 0.0910273 9.9964E-05 9.9964E-05 0.0964445
9.9973E-05 0.0277772 0.333095 0.389102 9.9973E-05 0.0292837 0.117652 0.0514087 0.0513811 9.9973E-05
0.0458815 9.9973E-05 0.62934 9.9973E-05 0.100022 9.9973E-05 0.00845364 0.0240005 0.134351 0.0576518
9.9973E-05 9.9973E-05 0.340515 0.432827 0.0310101 9.9973E-05 0.0459288 0.0534277 0.0590944 0.0368968
0.0305868 9.9964E-05 0.0915511 0.651426 9.9964E-05 9.9964E-05 0.0534871 0.142672 0.0298774 9.9964E-05
9.9982E-05 0.117233 0.131074 0.511906 0.0257904 0.0178211 0.0671357 0.11243 9.9982E-05 0.0164101
0.01493 0.0369756 0.539704 0.2719 0.0356991 0.00647927 0.0687977 9.9991E-05 0.00931462 0.0160994
0.0490515 9.9973E-05 0.373644 0.41885 9.9973E-05 9.9973E-05 0.0914605 0.0345987 0.0157789 0.0163159
9.9982E-05 0.0214201 0.166601 0.533291 9.9982E-05 0.0254508 0.0479734 0.0109362 0.163892 0.0302353
0.0179346 9.9982E-05 0.651857 0.0967028 0.113057 9.9982E-05 0.0102418 0.0243476 0.0400243 0.0456349
0.383931 9.9946E-05 0.0926218 0.503176 9.9946E-05 9.9946E-05 9.9946E-05 9.9946E-05 9.9946E-05 0.0196721
0.645615 9.9955E-05 0.192601 0.107722 9.9955E-05 0.0202483 9.9955E-05 9.9955E-05 9.9955E-05 0.0333136
0.157553 0.061791 0.0874651 0.397025 9.9991E-05 0.138268 0.0260657 0.0291171 0.0668282 0.035787
0.850967 9.9946E-05 9.9946E-05 9.9946E-05 0.0933181 9.9946E-05 0.0384466 9.9946E-05 0.0166691 9.9946E-05
0.850449 0.0208686 0.0579794 9.9964E-05 0.0139639 9.9964E-05 9.9964E-05 0.0531519 0.00318761 9.9964E-05
0.703218 9.9937E-05 9.9937E-05 0.231913 9.9937E-05 9.9937E-05 9.9937E-05 0.0641694 9.9937E-05 9.9937E-05
0.499839 9.9955E-05 0.00426697 0.440459 9.9955E-05 9.9955E-05 0.0484157 9.9955E-05 0.00651988 9.9955E-05
0.21289 0.0754388 9.9973E-05 0.54652 9.9973E-05 0.0135576 0.0965523 9.9973E-05 0.0261224 0.0286182
0.398171 9.9964E-05 9.9964E-05 0.393917 0.00925837 0.0822064 0.0357725 9.9964E-05 0.0802743 9.9964E-05
0.635963 0.0424016 0.0782719 0.141145 9.9964E-05 0.00659358 9.9964E-05 9.9964E-05 0.0952246 9.9964E-05
0.500167 0.0660926 0.00156788 0.215724 9.9973E-05 0.00708603 9.9973E-05 0.0321886 0.176874 9.9973E-05
0.225584 0.0996389 9.9973E-05 0.487008 9.9973E-05 0.0465677 0.0107098 0.101122 0.0290694 9.9973E-05
0.574714 0.018049 0.0764985 0.258192 9.9964E-05 0.0644416 9.9964E-05 9.9964E-05 9.9964E-05 0.00770495
0.389648 0.0291154 0.143887 0.338468 0.0489766 9.9973E-05 9.9973E-05 9.9973E-05 0.000485463 0.0491201
0.495459 9.9946E-05 9.9946E-05 0.38363 0.0521123 9.9946E-05 9.9946E-05 0.0681995 9.9946E-05 9.9946E-05
0.632704 0.0322229 9.9955E-05 9.9955E-05 0.130811 9.9955E-05 0.0532556 0.150507 9.9955E-05 9.9955E-05
0.311839 9.9964E-05 0.0114229 0.555759 9.9964E-05 9.9964E-05 0.0103973 9.9964E-05 0.0356583 0.074524
9.9964E-05 0.769102 0.00957528 0.107 9.9964E-05 0.0490573 9.9964E-05 9.9964E-05 0.032125 0.0327406
9.9937E-05 0.798988 9.9937E-05 0.072588 9.9937E-05 9.9937E-05 9.9937E-05 9.9937E-05 9.9937E-05 0.127725
9.9955E-05 0.720794 9.9955E-05 0.0588703 9.9955E-05 0.0469628 0.0351748 9.9955E-05 9.9955E-05 0.137698
9.9946E-05 0.713764 9.9946E-05 0.0337503 9.9946E-05 9.9946E-05 0.136431 9.9946E-05 9.9946E-05 0.115455
0.019156 0.759259 9.9964E-05 0.0677142 9.9964E-05 0.0337593 0.0238948 9.9964E-05 9.9964E-05 0.0958173
9.9964E-05 0.805116 9.9964E-05 0.00531936 9.9964E-05 0.0647424 0.0778863 9.9964E-05 0.00469192 0.0418439
9.99551E-05 0.83809 9.99551E-05 0.036412 9.99551E-05 0.0380924 0.0046437 9.99551E-05 9.99551E-05 0.0822624
0.2728 0.107778 9.9955E-05 0.483274 9.9955E-05 9.9955E-05 9.9955E-05 9.9955E-05 0.106901 0.0287466
0.136035 0.0738355 0.152232 0.512236 9.9973E-05 0.00510794 9.9973E-05 0.106035 9.9973E-05 0.0142187
0.757741 0.032011 0.146269 0.0517618 9.9955E-05 9.9955E-05 9.9955E-05 9.9955E-05 0.0117172 9.9955E-05
0.184573 0.0219886 0.0320739 0.473775 0.11212 0.0296096 0.0547122 9.9991E-05 0.00787896 0.0831685
0.350583 9.9955E-05 0.147595 0.351658 0.137199 9.9955E-05 9.9955E-05 9.9955E-05 9.9955E-05 0.0124648
0.286152 0.0252378 9.9964E-05 0.57447 9.9964E-05 9.9964E-05 9.9964E-05 0.0867363 0.0115399 0.015464
0.213413 0.0536941 0.0363027 0.544352 0.0955504 9.9973E-05 0.0166649 0.0397231 9.9973E-05 9.9973E-05
0.39062 0.0172988 9.9964E-05 0.478362 0.0044288 0.0600081 9.9964E-05 0.0488829 9.9964E-05 9.9964E-05
0.673276 0.0575206 0.233925 9.9946E-05 9.9946E-05 9.9946E-05 9.9946E-05 9.9946E-05 0.0346789 9.9946E-05
0.160422 0.0831718 9.99738E-05 0.400705 0.141453 0.0980087 0.0181629 9.99738E-05 0.0977766 9.99738E-05
0.249926 9.9964E-05 9.9964E-05 0.556877 0.0884101 0.0253981 0.0322521 9.9964E-05 9.9964E-05 0.0467377
0.0820765 0.092844 0.015624 0.532991 0.0597538 0.0186866 0.0311433 0.0483594 0.0819986 0.036523
0.53112 9.9982E-05 0.018155 0.201371 0.155561 0.0473355 0.00716476 0.0375761 9.9982E-05 0.0015173
0.34149 0.0130808 9.9973E-05 0.482027 0.12085 9.9973E-05 9.9973E-05 0.0286979 0.000445758 0.0131092
0.303569 0.0183774 0.109404 0.476465 0.023547 9.9973E-05 9.9973E-05 9.9973E-05 0.0548692 0.0134697
0.617204 9.9955E-05 9.9955E-05 0.279443 0.000686228 0.0797353 9.9955E-05 0.022432 9.9955E-05 9.9955E-05
0.415219 0.0521374 9.9964E-05 0.413928 9.9964E-05 9.9964E-05 9.9964E-05 0.0514864 0.0241263 0.0427025
0.143834 0.111936 0.127961 0.561101 9.9964E-05 9.9964E-05 0.0210098 0.0337589 9.9964E-05 9.9964E-05
9.9964E-05 9.9964E-05 0.3061 0.200157 9.9964E-05 9.9964E-05 0.106401 0.234787 0.134322 0.0178339
0.0282978 0.0827987 0.229405 0.378964 0.0790827 0.0406334 0.00299066 9.9991E-05 0.121683 0.0360444
0.05581 0.10701 0.123231 0.538904 9.9973E-05 9.9973E-05 9.9973E-05 0.0900338 0.0409775 0.0437337
0.121139 0.156439 9.9973E-05 0.613232 0.0208493 0.0329353 9.9973E-05 0.0280151 0.0270904 9.9973E-05
9.9964E-05 9.9964E-05 0.299836 0.41502 9.9964E-05 9.9964E-05 0.00496185 0.0774181 0.14987 0.052494
0.0168831 9.9973E-05 0.203503 0.556183 0.0545639 9.9973E-05 0.0214536 0.033685 0.113428 9.9973E-05
0.00287482 0.0987665 0.10278 0.457202 9.9964E-05 9.9964E-05 9.9964E-05 0.106783 0.231194 9.9964E-05
0.0492306 0.109 0.0354747 0.559433 0.0419096 9.9982E-05 0.0389379 0.0726698 0.0931443 9.9982E-05
0.00553791 0.0205191 0.147882 0.5333 0.0477485 0.0381795 0.0757495 9.9982E-05 0.130883 9.9982E-05
0.0115823 0.0270085 0.274812 0.529794 0.0964944 9.9982E-05 0.0106448 9.9982E-05 0.0110546 0.0384094
0.150243 9.9964E-05 0.128829 0.446337 9.9964E-05 9.9964E-05 9.9964E-05 0.040924 0.194235 0.0390329
0.162667 9.9955E-05 9.9955E-05 0.680343 0.0258843 9.9955E-05 0.0568462 9.9955E-05 0.0737596 9.9955E-05
9.9982E-05 0.00896911 0.0433542 0.619804 0.225884 0.020036 9.9982E-05 0.0179888 0.00613493 0.0576287
9.9955E-05 9.9955E-05 0.231058 0.477415 9.9955E-05 0.0810245 9.9955E-05 0.114164 0.0958385 9.9955E-05
9.9982E-05 9.9982E-05 0.057247 0.513969 0.0639719 0.0651198 0.145109 0.0280491 0.0778043 0.0485293
0.0119077 9.9982E-05 0.157172 0.520525 0.0708881 0.0697896 0.0235813 9.9982E-05 0.130067 0.0158695
9.9973E-05 0.0888404 0.238645 0.39617 9.9973E-05 9.9973E-05 0.145785 0.0573479 0.0575243 0.0153873
9.9982E-05 9.9982E-05 0.119129 0.601867 0.112696 0.0336117 0.00647035 0.0281877 0.0902278 0.00760999
9.9973E-05 0.0335672 0.0964143 0.607157 9.9973E-05 9.9973E-05 0.0681942 0.083859 0.0945235 0.0159849
0.0692435 0.0149084 0.307436 0.18824 9.9982E-05 0.0866716 9.9982E-05 0.151389 0.151482 0.0304293
0.0965961 9.9973E-05 0.263353 0.0967176 9.9973E-05 0.0350776 0.142641 0.187123 0.178192 9.9973E-05
0.0587069 0.0344788 0.19512 0.449418 0.0387317 0.0560516 9.9982E-05 0.0413476 0.125945 9.9982E-05
0.160213 9.9982E-05 0.118126 0.0302238 9.9982E-05 0.0027039 0.145891 0.292926 0.235913 0.0138041
0.117057 0.0617189 0.477088 0.183814 0.0491294 9.9982E-05 9.9982E-05 0.0342497 0.0745556 0.00218706
0.0868659 0.0133428 0.386075 0.368037 0.0286989 9.9973E-05 9.9973E-05 0.0356289 0.0810506 9.9973E-05
0.0972604 9.9955E-05 0.416063 0.291598 9.9955E-05 9.9955E-05 9.9955E-05 9.9955E-05 0.186871 0.0077086
0.0808634 0.0120017 0.510594 0.206914 0.0149187 0.0149069 9.9973E-05 9.9973E-05 0.159501 9.9973E-05
0.0233915 0.0440865 0.128517 0.589591 0.0249669 0.0329188 9.9991E-05 0.022684 0.0847103 0.0490347
9.9973E-05 0.0633184 0.226974 0.52422 0.0929628 9.9973E-05 0.0341107 0.0168849 0.0412296 9.9973E-05
0.0252028 0.0822657 0.253557 0.479863 0.0469994 0.0227274 9.9982E-05 0.0446007 0.0445847 9.9982E-05
0.139579 9.9973E-05 0.274955 0.113984 0.00325868 9.9973E-05 0.186896 0.0491232 0.231904 9.9973E-05
0.18694 0.150435 0.163652 0.402176 0.0151475 0.00301498 0.0272865 0.0398373 9.9991E-05 0.011411
0.0364891 0.0594251 0.0376918 0.465075 0.199417 0.0860584 9.9991E-05 0.060003 0.0484847 0.00725638
0.118805 0.102475 0.108952 9.9973E-05 0.337402 9.9973E-05 0.153404 0.154396 0.0242658 9.9973E-05
0.113292 0.0279605 9.9982E-05 0.560329 0.0871804 0.110791 9.9982E-05 0.0297877 0.0492077 0.0212524
0.177499 0.00929962 0.0357012 0.308846 0.0125785 9.9982E-05 0.24203 0.109666 0.104179 9.9982E-05
0.0274992 0.0434313 0.110554 0.45255 9.9991E-05 0.0356673 0.131307 0.0856154 0.0800498 0.0332261
0.137933 9.9973E-05 0.0249985 0.235272 0.198035 9.9973E-05 0.248549 9.9973E-05 0.133827 0.0210852
9.9982E-05 0.0536852 0.0894219 0.128392 0.456085 9.9982E-05 0.0203885 0.179014 0.0296543 0.04316
0.0637137 0.0959609 0.0831745 0.351883 0.131004 9.9982E-05 9.9982E-05 0.176389 0.0856671 0.0120077
9.9964E-05 0.0261815 0.155015 0.431097 0.211892 0.00112173 0.174293 9.9964E-05 9.9964E-05 9.9964E-05
0.105962 0.13008 0.0923455 0.247408 0.118431 0.112339 0.0683728 0.0620129 0.0629495 9.9991E-05
0.118465 9.9973E-05 0.198829 9.9973E-05 0.244278 0.111708 0.189764 0.118089 9.9973E-05 0.0185677
0.0878179 0.0964797 9.9982E-05 0.522626 0.0898651 0.0158557 0.0288275 0.108493 9.9982E-05 0.0498347
0.178606 9.9964E-05 0.190183 0.27138 0.278527 9.9964E-05 0.0639209 9.9964E-05 0.0169827 9.9964E-05
0.11963 9.9973E-05 0.161006 0.348814 0.211762 9.9973E-05 9.9973E-05 0.106145 0.0435839 0.00875856
0.0635427 0.0287796 0.0445945 0.477511 0.0637795 0.0665992 0.075573 0.054824 0.124697 9.9991E-05
0.0623994 0.225221 9.9973E-05 0.14348 0.119312 0.198937 0.190436 9.9973E-05 9.9973E-05 0.0599134
9.9955E-05 0.421808 9.9955E-05 9.9955E-05 0.128344 0.0942332 0.332799 9.9955E-05 9.9955E-05 0.0223169
9.9964E-05 0.242257 9.9964E-05 9.9964E-05 0.143651 0.107202 0.443728 0.022082 9.9964E-05 0.0406802
9.9964E-05 0.295105 9.9964E-05 0.0304573 0.0953069 0.293369 0.234966 9.9964E-05 0.0503967 9.9964E-05
0.00382098 9.9955E-05 9.9955E-05 0.606904 0.286428 9.9955E-05 0.0285423 9.9955E-05 0.0738053 9.9955E-05
0.0125029 0.072612 0.050312 0.536671 0.120815 0.0615569 9.9991E-05 0.0856478 0.0426656 0.0171174
9.9937E-05 9.9937E-05 0.00965204 0.276966 9.9937E-05 0.712683 9.9937E-05 9.9937E-05 9.9937E-05 9.9937E-05
0.0965425 9.9982E-05 0.0642501 0.246841 9.9982E-05 0.466198 0.011505 0.00193821 0.0637076 0.0488177
0.0640962 0.0571075 9.9973E-05 0.288554 9.9973E-05 0.45265 0.00647129 9.9973E-05 0.129637 0.00118443
0.0739909 9.9973E-05 0.0222958 0.210132 0.4854 0.00989747 9.9973E-05 0.191829 9.9973E-05 0.00615458
0.0720381 9.9973E-05 9.9973E-05 0.540782 0.0324488 9.9973E-05 0.156 0.141796 0.0479178 0.00871725
0.00824277 9.9973E-05 0.119198 0.020701 0.550836 0.0482242 0.0432009 0.209297 9.9973E-05 9.9973E-05
0.064801 0.00551088 0.0564636 0.571727 0.135635 9.9973E-05 0.0950002 0.0705633 9.9973E-05 9.9973E-05
9.9964E-05 0.00399437 0.0921439 0.391568 0.228903 9.9964E-05 0.109824 0.173167 9.9964E-05 9.9964E-05
0.00573585 0.022732 0.0202306 0.489589 0.24969 0.0514107 0.0211137 0.123689 0.015709 9.9991E-05
0.0938401 9.9964E-05 0.153088 0.108262 0.456674 9.9964E-05 0.0678134 0.119923 9.9964E-05 9.9964E-05
0.0935941 0.0260675 0.0531544 0.626368 0.0491813 0.0540996 0.047001 0.0289559 0.0214783 9.9991E-05
0.128571 0.0416838 9.9964E-05 0.580191 0.175033 0.00617963 0.0679413 9.9964E-05 9.9964E-05 9.9964E-05
9.9937E-05 9.9937E-05 9.9937E-05 0.0103717 9.9937E-05 0.945135 9.9937E-05 0.0437933 9.9937E-05 9.9937E-05
9.9928E-05 9.9928E-05 9.9928E-05 0.0979249 9.9928E-05 0.901276 9.9928E-05 9.9928E-05 9.9928E-05 9.9928E-05
0.123388 0.00011358 0.0460288 0.15314 0.0338557 0.624679 9.9973E-05 9.9973E-05 9.9973E-05 0.0184946
9.9964E-05 9.9964E-05 9.9964E-05 0.358873 9.9964E-05 0.608759 0.00497174 0.0213363 0.00550007 0.000159821
0.0249721 0.012533 9.9964E-05 0.0672041 0.0224362 0.828655 9.9964E-05 9.9964E-05 0.0437999 9.9964E-05
9.9928E-05 9.9928E-05 9.9928E-05 9.9928E-05 9.9928E-05 0.998375 9.9928E-05 9.9928E-05 9.9928E-05 0.000825901
9.9937E-05 9.9937E-05 9.9937E-05 9.9937E-05 9.9937E-05 0.965526 9.9937E-05 0.0120401 0.0217339 9.9937E-05
9.9946E-05 9.9946E-05 9.9946E-05 0.169481 0.0295704 0.770823 9.9946E-05 0.0295263 9.9946E-05 9.9946E-05
9.9937E-05 9.9937E-05 0.0266828 9.9937E-05 9.9937E-05 0.961792 9.9937E-05 9.9937E-05 0.0108259 9.9937E-05
9.9937E-05 9.9937E-05 0.0111759 9.9937E-05 9.9937E-05 0.983908 9.9937E-05 0.00421658 9.9937E-05 9.9937E-05
9.9937E-05 9.9937E-05 9.9937E-05 9.9937E-05 9.9937E-05 0.976554 0.00279015 9.9937E-05 9.9937E-05 0.0199568
9.9955E-05 9.9955E-05 0.0744913 0.134679 0.00227573 0.739085 9.9955E-05 9.9955E-05 9.9955E-05 0.0489689
9.9973E-05 0.0225966 9.9973E-05 0.0583205 9.9973E-05 0.811939 0.0131892 0.0299365 0.0604961 0.00322222
0.0187035 9.9937E-05 9.9937E-05 9.9937E-05 9.9937E-05 0.969232 9.9937E-05 9.9937E-05 9.9937E-05 0.0113646
9.9982E-05 0.0189204 9.9982E-05 0.259509 0.166788 0.402064 0.0131756 0.0594334 0.043873 0.0360369
0.0747921 0.0147598 0.015921 0.144225 9.9964E-05 0.677868 0.0720344 9.9964E-05 9.9964E-05 9.9964E-05
9.9955E-05 9.9955E-05 9.9955E-05 0.18528 9.9955E-05 0.696127 0.0462808 9.9955E-05 0.0147917 0.057021
9.9964E-05 0.0153972 0.0138162 0.0712806 9.9964E-05 0.853612 9.9964E-05 9.9964E-05 0.0339338 0.0115608
9.9928E-05 9.9928E-05 9.9928E-05 9.9928E-05 0.0194559 0.979745 9.9928E-05 9.9928E-05 9.9928E-05 9.9928E-05
9.9964E-05 0.0346746 0.020359 0.0823169 9.9964E-05 0.796471 0.044211 9.9964E-05 9.9964E-05 0.0215681
9.9937E-05 9.9937E-05 9.9937E-05 9.9937E-05 9.9937E-05 0.973735 0.00438066 9.9937E-05 9.9937E-05 0.0211843
9.9964E-05 0.00609067 9.9964E-05 0.261625 0.0225203 0.651138 9.9964E-05 0.00128095 0.0569453 9.9964E-05
0.0349102 0.0155055 0.015892 0.0239113 9.9973E-05 0.877621 9.9973E-05 0.0158445 9.9973E-05 0.0160155
9.9946E-05 0.238266 9.9946E-05 9.9946E-05 0.494163 9.9946E-05 0.229873 0.0370987 9.9946E-05 9.9946E-05
0.0459161 0.0647108 0.0506591 0.325002 0.222335 0.0565184 0.126412 9.9991E-05 0.0545378 0.0538091
0.0317481 0.178494 0.0146837 0.399285 0.206134 0.0281675 0.0640993 9.9991E-05 0.0575127 0.0197761
9.9982E-05 0.073153 9.9982E-05 0.10022 0.302608 0.106459 0.299323 0.028634 0.0621419 0.0272618
0.00708184 0.024001 9.9991E-05 0.327414 0.185139 0.205717 0.0978675 0.0669635 0.0462548 0.0394608
0.0844823 0.145983 9.9982E-05 0.117186 0.29682 0.10446 0.126026 0.036767 9.9982E-05 0.0880764
9.9991E-05 0.125749 0.00240726 0.390797 0.213499 0.0382101 0.0266068 0.00702986 0.141899 0.0537023
9.9955E-05 0.0718006 9.9955E-05 0.240787 0.360261 0.205027 0.121625 9.9955E-05 9.9955E-05 9.9955E-05
0.0602321 0.000768343 0.137301 0.25948 0.190949 0.212819 0.0958737 9.9982E-05 9.9982E-05 0.0423769
9.9964E-05 0.0369905 9.9964E-05 0.239035 0.35377 0.21003 0.126613 9.9964E-05 9.9964E-05 0.0331622
0.00226645 0.190144 0.0705013 0.351398 0.243117 0.100813 9.9973E-05 0.0414605 9.9973E-05 9.9973E-05
9.9955E-05 0.846619 9.9955E-05 0.0730557 0.0312479 9.9955E-05 9.9955E-05 0.0315195 0.0170582 9.9955E-05
9.9955E-05 0.799541 9.9955E-05 9.9955E-05 9.9955E-05 0.0695262 0.0265298 0.0298694 9.9955E-05 0.0740336
0.0386789 0.866261 9.9946E-05 9.9946E-05 9.9946E-05 9.9946E-05 0.049415 9.9946E-05 9.9946E-05 0.0450456
9.9955E-05 0.901574 9.9955E-05 0.0269403 9.9955E-05 9.9955E-05 0.0250242 9.9955E-05 0.0249504 0.0210108
9.9955E-05 0.686835 9.9955E-05 0.0136875 9.9955E-05 9.9955E-05 0.107067 9.9955E-05 0.0167581 0.175152
9.9955E-05 0.784768 9.9955E-05 9.9955E-05 9.9955E-05 0.0393995 0.0691125 0.0217254 9.9955E-05 0.0844944
9.9955E-05 0.782249 9.9955E-05 0.0280152 9.9955E-05 0.106082 9.9955E-05 9.9955E-05 0.00581472 0.0773392
9.9955E-05 0.791949 9.9955E-05 0.0343372 9.9955E-05 9.9955E-05 0.0478122 0.0546943 9.9955E-05 0.0707076
0.0521548 0.882543 9.9955E-05 0.019082 9.9955E-05 9.9955E-05 0.0199069 9.9955E-05 9.9955E-05 0.0258131
9.9964E-05 0.822106 0.00593227 0.060756 9.9964E-05 0.022181 0.0728113 9.9964E-05 9.9964E-05 0.0158139
0.0430427 0.574209 0.275628 9.9964E-05 9.9964E-05 9.9964E-05 9.9964E-05 0.00297944 0.0773391 0.0264026
0.0533419 0.497604 0.203272 9.9973E-05 9.9973E-05 9.9973E-05 0.0450753 0.0206992 0.125459 0.0542481
0.0110264 0.457987 0.283726 9.9964E-05 9.9964E-05 9.9964E-05 0.136248 9.9964E-05 0.0899763 0.0206364
9.9955E-05 0.514436 0.415968 9.9955E-05 0.0101131 9.9955E-05 9.9955E-05 0.0386886 0.0202947 9.9955E-05
0.309432 0.0871509 0.212884 0.339624 9.9964E-05 9.9964E-05 9.9964E-05 9.9964E-05 0.0322358 0.0182737
0.242272 0.012259 0.115096 0.478789 9.9973E-05 0.0244086 9.9973E-05 0.0688963 0.0579794 9.9973E-05
0.142216 0.0473449 0.144769 0.525205 0.0811238 0.0181827 9.9982E-05 0.0228726 0.018086 9.9982E-05
0.194621 0.00319226 0.313654 0.341378 9.9982E-05 9.9982E-05 0.0193601 0.0175702 0.0430278 0.0669968
0.0678324 9.9982E-05 0.449546 0.078628 0.0609866 0.0255604 9.9982E-05 0.0444529 0.260063 0.0127303
0.25736 9.9973E-05 9.9973E-05 0.517009 0.0949083 0.0726429 9.9973E-05 0.0251972 0.0193086 0.0132741
0.231977 9.9964E-05 0.049734 0.545256 9.9964E-05 0.0129488 9.9964E-05 0.0620351 0.0976486 9.9964E-05
0.303529 9.9973E-05 0.0790176 0.456424 0.00162243 9.9973E-05 9.9973E-05 0.027962 0.0730945 0.0580498
0.517513 9.9964E-05 9.9964E-05 0.277148 0.0362626 0.0869522 9.9964E-05 0.0523404 0.0293842 9.9964E-05
0.133649 0.0737056 9.9955E-05 0.63381 0.040124 9.9955E-05 9.9955E-05 9.9955E-05 0.118211 9.9955E-05
0.342882 9.9964E-05 0.106188 0.383021 9.9964E-05 9.9964E-05 0.00850371 0.0879041 0.0711015 9.9964E-05
0.670948 9.9946E-05 9.9946E-05 9.9946E-05 9.9946E-05 9.9946E-05 9.9946E-05 0.242509 0.059701 0.0262426
0.155145 0.0973381 0.184411 0.44505 0.0941286 9.9973E-05 9.9973E-05 0.00449918 0.0191285 9.9973E-05
0.510773 9.9955E-05 9.9955E-05 0.230982 0.0288388 9.9955E-05 0.134753 0.0941543 9.9955E-05 9.9955E-05
0.340434 9.9964E-05 0.0601514 0.513345 9.9964E-05 9.9964E-05 9.9964E-05 0.0470408 0.0325542 0.00607462
0.661201 0.073566 0.0991803 0.086675 9.9955E-05 9.9955E-05 9.9955E-05 9.9955E-05 0.0788783 9.9955E-05
9.9946E-05 0.0613742 9.9946E-05 9.9946E-05 0.110626 9.9946E-05 0.0463991 9.9946E-05 0.781002 9.9946E-05
9.9946E-05 0.0480074 9.9946E-05 0.0359129 0.138018 9.9946E-05 9.9946E-05 9.9946E-05 0.777462 9.9946E-05
9.9946E-05 0.00573921 9.9946E-05 9.9946E-05 0.118796 9.9946E-05 9.9946E-05 0.00115146 0.873714 9.9946E-05
0.0678219 0.0929347 9.9946E-05 9.9946E-05 0.0624705 9.9946E-05 9.9946E-05 9.9946E-05 0.776173 9.9946E-05
9.99459E-05 9.99459E-05 9.99459E-05 9.99459E-05 0.152572 0.0692555 9.99459E-05 9.99459E-05 0.769218 0.00835438
9.9955E-05 0.100794 9.9955E-05 0.0759836 0.00149855 0.0151433 9.9955E-05 9.9955E-05 0.806081 9.9955E-05
9.9946E-05 0.82629 9.9946E-05 0.123965 9.9946E-05 9.9946E-05 0.0013088 9.9946E-05 9.9946E-05 0.0478364
9.9946E-05 0.829459 0.0323378 0.125737 9.9946E-05 9.9946E-05 9.9946E-05 9.9946E-05 9.9946E-05 0.0118673
9.9955E-05 0.738971 9.9955E-05 0.139518 0.012273 0.0717031 9.9955E-05 9.9955E-05 9.9955E-05 0.0370358
9.9955E-05 0.695693 0.125858 0.0195043 9.9955E-05 0.131329 9.9955E-05 9.9955E-05 9.9955E-05 0.0271158
9.9946E-05 0.753249 9.9946E-05 0.0841232 0.110736 0.0512922 9.9946E-05 9.9946E-05 9.9946E-05 9.9946E-05
0.0522703 0.364203 0.0651822 9.9964E-05 0.0298728 9.9964E-05 9.9964E-05 9.9964E-05 0.487946 0.000125806
0.095281 0.476315 9.9973E-05 9.9973E-05 0.0398588 9.9973E-05 0.00550549 0.0429654 0.337627 0.00214763
0.0921275 0.405777 0.000642649 9.9964E-05 9.9964E-05 9.9964E-05 9.9964E-05 0.079743 0.396239 0.0250707
9.99201E-05 9.99201E-05 9.99201E-05 9.99201E-05 9.99201E-05 9.99201E-05 9.99201E-05 9.99201E-05 9.99201E-05 0.999101
0.113596 0.410506 0.0139515 9.9964E-05 9.9964E-05 9.9964E-05 9.9964E-05 0.0128889 0.448269 0.000388621
9.9964E-05 0.0988919 9.9964E-05 0.2329 0.0496728 0.354601 0.233278 9.9964E-05 0.0302574 9.9964E-05
0.109821 0.0876452 0.108112 0.397159 9.9973E-05 0.241405 9.9973E-05 9.9973E-05 0.0245573 0.0310007
0.00261438 0.185361 0.0125943 0.497599 9.9964E-05 0.27252 9.9964E-05 9.9964E-05 9.9964E-05 0.0289117
9.9982E-05 0.167128 0.0286943 0.370379 0.0443929 0.191441 0.185073 9.9982E-05 0.00517386 0.00751767
0.0737572 0.11673 0.0999257 0.43657 0.099098 0.170834 9.9973E-05 9.9973E-05 9.9973E-05 0.00278549
9.9955E-05 0.330491 9.9955E-05 9.9955E-05 0.00681092 0.275683 0.326426 0.0600901 9.9955E-05 9.9955E-05
0.0402968 0.0261735 0.21852 0.410803 0.030165 9.9973E-05 9.9973E-05 0.0752014 0.19854 9.9973E-05
9.9964E-05 9.9964E-05 0.240649 0.309303 0.0996669 9.9964E-05 0.144298 0.142058 0.0636241 9.9964E-05
0.0135452 0.10181 0.553389 0.146282 0.0814408 9.9982E-05 9.9982E-05 0.00184275 0.0956276 0.00586183
0.0805198 9.9973E-05 0.155916 0.447988 0.000715499 9.9973E-05 0.0098107 0.166043 0.138706 9.9973E-05
0.161872 9.9955E-05 0.135011 9.9955E-05 9.9955E-05 9.9955E-05 0.238424 0.382133 0.0820606 9.9955E-05
0.03601 0.0225559 0.189022 0.565596 0.0365875 9.9982E-05 0.063111 9.9982E-05 0.0365195 0.0503982
9.9973E-05 0.0341029 0.171672 0.46808 0.0660065 9.9973E-05 9.9973E-05 0.139719 0.115877 0.00424282
0.0683479 0.0106265 0.419828 0.292884 9.9973E-05 9.9973E-05 0.0591847 9.9973E-05 0.129803 0.0190253
0.0343028 0.0350272 0.170525 0.574022 0.0574553 9.9973E-05 0.0698461 9.9973E-05 0.0585225 9.9973E-05
0.155477 9.9973E-05 0.45506 0.0586318 0.0925361 9.9973E-05 0.17081 0.0670481 0.000136507 9.9973E-05
9.9964E-05 9.9964E-05 0.11211 0.487602 0.0156245 9.9964E-05 0.1584 0.077429 0.148434 9.9964E-05
0.105326 9.9973E-05 0.142404 0.515566 9.9973E-05 0.0140345 0.027444 9.9973E-05 0.189671 0.0052547
0.184173 0.0545528 0.0160889 0.379457 9.9982E-05 0.187734 0.0855473 9.9982E-05 0.0756323 0.0166145
0.0869128 9.9973E-05 0.205163 0.356242 0.0151837 9.9973E-05 0.071163 0.176358 0.0886779 9.9973E-05
9.9964E-05 0.00371736 0.238546 0.433093 9.9964E-05 9.9964E-05 0.0629122 0.0758638 0.185468 9.9964E-05
0.0823716 9.9982E-05 0.208553 0.300652 0.0582641 0.139525 0.0602087 0.0931608 0.0570639 9.9982E-05
0.133293 0.0108536 0.151909 0.478831 0.0692393 9.9982E-05 0.0458279 0.0691736 0.0406737 9.9982E-05
0.063935 0.0566567 0.0158966 0.584134 0.110355 0.0422412 9.9991E-05 0.0100604 0.112176 0.00444493
0.0546299 0.0949201 0.0250454 0.602873 9.9982E-05 0.0277709 9.9982E-05 0.069468 0.0880132 0.0370796
0.0231892 0.0579637 0.162083 0.543088 0.0261762 0.0507273 9.9973E-05 9.9973E-05 0.136473 9.9973E-05
9.9937E-05 0.758568 9.9937E-05 0.157071 9.9937E-05 0.0836609 9.9937E-05 9.9937E-05 9.9937E-05 9.9937E-05
9.99558E-05 0.817733 9.99558E-05 0.119791 0.0394346 0.0116301 9.99558E-05 9.99558E-05 9.99558E-05 0.0109114
9.9973E-05 0.750953 0.00783191 0.0664147 0.0301312 9.9973E-05 0.0778626 0.0120167 0.05449 9.9973E-05
0.094466 0.759545 9.9973E-05 0.0350809 9.9973E-05 0.0203402 9.9973E-05 0.0303992 0.0248712 0.0349975
9.9937E-05 0.789189 9.9937E-05 0.152989 9.9937E-05 9.9937E-05 9.9937E-05 9.9937E-05 9.9937E-05 0.0571219
9.9955E-05 9.9955E-05 0.534196 0.12706 9.9955E-05 0.0464633 0.119139 9.9955E-05 0.172641 9.9955E-05
9.9973E-05 0.0404301 0.220496 0.464873 0.00180977 9.9973E-05 0.0765695 0.134217 0.0613043 9.9973E-05
9.9973E-05 0.187939 0.0522542 0.324348 0.149142 0.210302 0.030387 0.0453285 9.9973E-05 9.9973E-05
9.9964E-05 9.9964E-05 0.13541 0.619679 0.000160861 9.9964E-05 0.109697 9.9964E-05 0.0916723 0.0429805
0.098543 0.0207417 0.221634 0.452965 9.9964E-05 9.9964E-05 0.0890825 9.9964E-05 0.116634 9.9964E-05
9.9973E-05 9.9973E-05 0.315673 0.25068 0.0110545 0.0550359 0.0883584 0.0917762 0.187122 9.9973E-05
0.0699935 0.0900092 0.467542 9.9964E-05 9.9964E-05 9.9964E-05 0.108179 9.9964E-05 0.220938 0.0429391
0.0376084 0.0137287 0.124551 0.497753 9.9982E-05 9.9982E-05 0.0462857 0.0774491 0.192471 0.00995363
0.0473103 0.0764894 0.400781 0.063725 9.9982E-05 0.0652506 9.9982E-05 0.111208 0.21545 0.0195853
0.226083 0.0242341 9.9982E-05 0.374567 0.0461936 0.0463316 0.0271515 0.0841443 0.171096 9.9982E-05
0.0467423 0.16334 0.435113 0.0211686 9.9973E-05 9.9973E-05 9.9973E-05 0.139521 0.171772 0.0220444
0.023322 0.0264923 0.0781198 0.519241 9.9991E-05 0.0959661 0.00395219 0.0528551 0.148469 0.0514831
9.9964E-05 9.9964E-05 0.600349 0.125646 0.0159851 9.9964E-05 0.0865892 9.9964E-05 0.120911 0.0501204
0.0170223 9.9982E-05 0.253352 0.25039 0.112215 0.0526163 0.0260772 0.174645 0.113482 9.9982E-05
0.075388 0.0654761 0.109274 0.275935 0.198247 0.0996736 0.0665044 9.9982E-05 0.109302 9.9982E-05
9.9973E-05 0.0280569 0.0930997 0.161524 0.58635 9.9973E-05 0.00363346 0.10798 0.0190565 9.9973E-05
0.0152326 0.102765 0.0301857 0.506689 0.308108 0.0117356 9.9973E-05 9.9973E-05 0.0249834 9.9973E-05
0.106085 0.175721 9.9973E-05 0.45046 0.249458 0.010886 0.006655 9.9973E-05 9.9973E-05 0.000435928
0.04492 9.9973E-05 0.00699791 0.260209 0.533861 9.9973E-05 0.0443697 0.0581464 0.0511953 9.9973E-05
0.152681 0.0544257 9.9973E-05 0.397009 0.269017 0.0506459 9.9973E-05 9.9973E-05 0.0605964 0.0153252
0.089546 9.9973E-05 9.9973E-05 0.477853 0.229754 9.9973E-05 0.0616569 0.0786726 0.0548967 0.00732088
0.069591 9.9964E-05 0.0255823 9.9964E-05 0.705297 9.9964E-05 0.0250284 0.123947 0.050154 9.9964E-05
0.0325953 9.9973E-05 0.00122489 0.147426 0.608146 9.9973E-05 0.109585 0.0533156 0.0474079 9.9973E-05
9.9973E-05 9.9973E-05 9.9973E-05 0.394105 0.348995 0.0139784 0.0350791 0.107871 0.0953352 0.00433614
0.0813582 9.9973E-05 0.142871 0.0658174 0.611469 9.9973E-05 0.00395214 0.0916911 0.00254095 9.9973E-05
9.9946E-05 9.9946E-05 0.111806 0.487052 0.368062 9.9946E-05 0.0324801 9.9946E-05 9.9946E-05 9.9946E-05
0.0697992 9.9964E-05 0.510731 0.0422187 9.9964E-05 9.9964E-05 0.130373 0.0387394 0.20774 9.9964E-05
0.112213 9.9973E-05 0.155997 0.173724 9.9973E-05 0.0133785 0.0225832 0.338525 0.183279 9.9973E-05
0.0262622 0.0260046 0.332265 0.296077 9.9991E-05 0.0175489 0.0511581 0.0963447 0.130659 0.0235808
9.9964E-05 9.9964E-05 0.126431 0.584355 9.9964E-05 0.0652694 0.0318815 9.9964E-05 0.190463 0.00120083
0.188993 9.9964E-05 0.46077 0.106155 0.0210349 0.0417728 9.9964E-05 9.9964E-05 0.180875 9.9964E-05
0.00618406 0.0337168 9.9982E-05 0.494446 0.0315413 0.00997759 0.0401635 0.232131 0.151639 9.9982E-05
9.9973E-05 9.9973E-05 0.135207 0.617371 0.00737573 9.9973E-05 0.0693196 0.0280463 0.0862771 0.0561034
0.0870013 9.9964E-05 0.205329 0.47432 9.9964E-05 0.0478781 0.0708973 9.9964E-05 0.114175 9.9964E-05
0.0415908 9.9973E-05 0.193266 0.448486 9.9973E-05 0.0394826 0.0631078 9.9973E-05 0.167387 0.0463799
0.124526 0.0357143 0.211016 0.357618 0.0329256 0.0630752 9.9973E-05 9.9973E-05 0.174825 9.9973E-05
0.114851 9.9955E-05 0.40862 0.127155 9.9955E-05 0.0969769 9.9955E-05 9.9955E-05 0.251898 9.9955E-05
0.0319169 9.9982E-05 0.311834 0.310375 0.0129557 0.074415 0.012607 0.0281605 0.217536 9.9982E-05
9.9955E-05 9.9955E-05 0.179498 0.599829 9.9955E-05 0.0286718 9.9955E-05 0.0709842 0.120517 9.9955E-05
0.0527408 0.0502135 0.0969626 0.609245 0.00299362 9.9991E-05 0.0411991 0.0355629 0.0931763 0.0178058
0.0396836 0.00185726 0.199046 0.357245 9.9982E-05 9.9982E-05 0.136703 0.0902238 0.127568 0.0474735
0.0206654 9.9982E-05 0.0983897 0.520669 0.00477838 0.00039873 0.0543417 0.128494 0.172063 9.9982E-05
0.00635188 0.014743 0.297802 0.301656 0.0266295 0.0807229 0.0307248 9.9991E-05 0.204365 0.0369044
0.125153 9.9955E-05 0.187581 0.570773 9.9955E-05 9.9955E-05 9.9955E-05 0.00995676 0.106036 9.9955E-05
0.0970206 0.0130939 0.116544 0.407178 0.0238348 0.127159 9.9991E-05 0.0340277 0.153088 0.0279532
9.9973E-05 0.0786872 0.0445727 0.567065 9.9973E-05 0.0511783 9.9973E-05 0.0534893 0.176006 0.0287016
0.0444965 0.283305 0.0116298 0.379384 0.0377693 0.0621449 0.137878 9.9982E-05 9.9982E-05 0.0431921
0.110426 0.0611576 0.0590949 0.388853 0.00455244 0.242933 0.132683 9.9973E-05 9.9973E-05 9.9973E-05
9.9973E-05 0.0167024 0.0918403 0.492337 9.9973E-05 0.179252 0.133289 9.9973E-05 0.0586161 0.027664
0.0650589 0.0518146 0.14722 0.581061 0.0162693 0.0785782 0.0471942 0.00511341 9.9991E-05 0.0075908
0.0157511 0.194591 0.0978374 0.434699 9.9964E-05 0.196298 9.9964E-05 0.0604226 9.9964E-05 9.9964E-05
9.9964E-05 9.9964E-05 0.21588 0.405209 0.130001 0.0417347 9.9964E-05 0.0831776 0.123597 9.9964E-05
0.0692877 0.133131 0.0402568 0.524671 0.116016 0.0293912 0.0419736 9.9991E-05 0.0146014 0.0305714
0.0865287 0.109077 0.204571 9.9973E-05 0.121219 0.0803112 0.37528 0.0227141 9.9973E-05 9.9973E-05
0.00706566 0.0432765 0.141746 0.435568 9.9991E-05 0.188084 0.0891339 0.0429193 0.0457633 0.00634297
9.9982E-05 0.0918601 0.0302524 0.604015 9.9982E-05 0.0741614 0.108754 0.00983888 0.0409769 0.0399415
0.0294197 0.0375421 0.0458174 0.494041 9.9991E-05 0.176514 0.043986 0.0729758 0.0787836 0.0208209
0.0903902 0.0366465 0.21355 0.237825 0.0118401 0.0955802 0.202367 0.0258125 0.0228197 0.0631697
0.128534 0.112362 0.0297319 0.462771 0.000367897 0.126532 0.138605 9.9982E-05 0.000896187 9.9982E-05
9.9973E-05 0.0480538 0.0139569 0.554193 0.100791 0.121181 0.0898041 9.9973E-05 9.9973E-05 0.0717205
0.0700422 0.234727 9.9964E-05 9.9964E-05 9.9964E-05 0.114995 0.512794 0.00656948 9.9964E-05 0.0604728
0.013877 0.101136 9.9982E-05 0.57237 9.9982E-05 0.0783209 0.111079 0.0255921 0.040809 0.0566162
9.9973E-05 0.135529 0.0211943 0.580301 0.0871589 0.0946697 0.0438857 9.9973E-05 9.9973E-05 0.0369614
0.0807795 0.0514453 9.9964E-05 0.589253 9.9964E-05 0.111953 0.108382 9.9964E-05 0.0577872 9.9964E-05
9.9964E-05 0.112601 9.9964E-05 0.554373 9.9964E-05 0.156108 0.139896 0.0108605 0.0257614 9.9964E-05
0.0380775 0.109734 0.0462197 0.554706 0.0243099 0.0204725 0.135997 0.029232 9.9991E-05 0.041151
0.00475035 9.9973E-05 9.9973E-05 0.38606 0.0233281 0.0579745 9.9973E-05 0.371899 0.108797 0.0468909
0.0300284 0.0498637 0.0541282 0.386991 0.0827682 0.052242 0.0689346 0.158767 0.0601294 0.0561473
0.0812816 9.9955E-05 0.107361 9.9955E-05 0.0205476 9.9955E-05 9.9955E-05 0.77939 0.0109206 9.9955E-05
9.99549E-05 0.0247272 0.0294524 9.99549E-05 0.0533296 9.99549E-05 9.99549E-05 0.850359 0.0416323 9.99549E-05
0.16823 0.0329556 9.9982E-05 0.361658 0.010786 0.0796801 9.9982E-05 0.266414 0.0274952 0.0525814
9.9964E-05 0.0599518 9.9964E-05 0.383541 0.0791928 0.294213 0.0950298 0.087672 9.9964E-05 9.9964E-05
9.9955E-05 9.9955E-05 9.9955E-05 0.337925 9.9955E-05 0.248663 0.132368 0.238281 9.9955E-05 0.0422642
0.0301588 0.138822 9.9973E-05 0.189095 9.9973E-05 0.20032 0.249469 0.149228 9.9973E-05 0.0426087
9.9973E-05 0.055588 0.0246546 0.295931 9.9973E-05 0.248039 0.0880214 0.21218 9.9973E-05 0.0752861
9.9955E-05 0.032003 9.9955E-05 0.114872 0.0546668 9.9955E-05 0.156744 0.641215 9.9955E-05 9.9955E-05
9.9955E-05 9.9955E-05 9.9955E-05 0.139791 9.9955E-05 0.00182881 0.183416 0.610125 9.9955E-05 0.0643396
9.9982E-05 9.9982E-05 0.0291984 0.467819 0.0482491 0.0643234 0.0319149 0.328908 0.0238225 0.00556416
9.9946E-05 0.0369534 9.9946E-05 0.404136 9.9946E-05 0.0819484 9.9946E-05 0.476363 9.9946E-05 9.9946E-05
9.9964E-05 0.100279 9.9964E-05 0.188487 9.9964E-05 0.0218197 0.0122266 0.639615 9.9964E-05 0.0371722
9.9973E-05 0.0224814 0.0262391 0.489958 0.0674358 0.082838 9.9973E-05 0.298395 9.9973E-05 0.0123524
0.0142844 9.9964E-05 9.9964E-05 0.519998 0.0732094 0.0765978 9.9964E-05 0.27276 0.0427499 9.9964E-05
0.0184545 0.117252 0.0340618 0.436703 0.041548 0.0861085 0.0725924 0.180557 0.0126235 9.9991E-05
0.0972762 9.9964E-05 0.0981858 0.246405 9.9964E-05 9.9964E-05 9.9964E-05 0.445004 0.103529 0.00919954
0.0615776 9.9973E-05 0.119586 0.249899 0.0352044 0.0796164 9.9973E-05 0.440052 9.9973E-05 0.0137649
0.0887388 0.0704929 0.0220744 0.478593 0.095724 9.9973E-05 9.9973E-05 0.226676 0.0174001 9.9973E-05
0.0337416 0.0355609 0.0435971 0.301518 0.0552748 0.0368393 9.9991E-05 0.390388 0.0776189 0.0253608
0.117822 0.0362822 0.14735 0.298274 0.100461 0.130456 0.073962 0.0428016 0.0104389 0.0421529
0.0125475 9.9973E-05 0.0822466 0.438753 0.00606509 9.9973E-05 0.0425123 0.414574 9.9973E-05 0.00300142
9.9946E-05 9.9946E-05 9.9946E-05 0.162455 0.0507731 9.9946E-05 9.9946E-05 0.668834 0.117338 9.9946E-05
0.0626924 0.0665887 9.9955E-05 0.474452 0.0497032 9.9955E-05 9.9955E-05 0.346064 9.9955E-05 9.9955E-05
0.0397544 9.9964E-05 0.0196398 0.16521 0.00443626 9.9964E-05 9.9964E-05 0.726108 0.0444516 9.9964E-05
9.9946E-05 0.0438318 9.9946E-05 0.346846 0.132151 9.9946E-05 9.9946E-05 0.476572 9.9946E-05 9.9946E-05
0.124107 9.9982E-05 9.9982E-05 0.423018 0.00435398 0.0350529 0.00379659 0.228894 0.0832911 0.0972862
0.0402254 0.0424495 0.0117403 0.398739 0.0931638 0.0558125 9.9982E-05 0.355895 9.9982E-05 0.00177455
0.0586022 0.143855 0.0554744 0.417301 0.0800763 0.154066 0.0399 0.0477516 0.00287396 9.9991E-05
9.9982E-05 0.0359612 0.0804806 0.351245 0.0748276 0.185205 0.0686323 0.176969 0.0264787 9.9982E-05
9.9973E-05 0.129498 0.0947276 0.319153 0.061776 0.230951 0.0699834 0.0936113 9.9973E-05 9.9973E-05
0.0022226 0.0699162 0.0248749 0.283115 0.152152 0.240466 0.0130056 0.129372 0.0461922 0.0386832
0.047133 0.113215 0.0620241 0.36655 0.143154 0.181646 9.9982E-05 9.9982E-05 0.063648 0.0224291
0.0651278 0.0890341 9.9991E-05 0.421984 0.00484285 0.134179 0.0555823 0.133945 0.0248006 0.0704041
9.9964E-05 0.154462 9.9964E-05 9.9964E-05 9.9964E-05 0.0916026 0.109198 0.617112 0.00858433 0.0186411
9.9973E-05 0.0607042 9.9973E-05 0.498355 0.0450513 0.203173 9.9973E-05 0.0796479 0.0680842 0.0446842
9.9955E-05 0.268404 9.9955E-05 9.9955E-05 9.9955E-05 0.11011 0.202828 0.394743 9.9955E-05 0.0234155
9.9946E-05 0.0877087 9.9946E-05 0.485664 9.9946E-05 0.175633 9.9946E-05 0.250394 9.9946E-05 9.9946E-05
0.157402 9.9946E-05 9.9946E-05 0.078646 0.0101228 9.9946E-05 9.9946E-05 0.75323 9.9946E-05 9.9946E-05
0.0981011 9.9937E-05 0.0250446 9.9937E-05 9.9937E-05 9.9937E-05 9.9937E-05 0.876155 9.9937E-05 9.9937E-05
9.9937E-05 9.9937E-05 0.218208 0.370959 9.9937E-05 9.9937E-05 9.9937E-05 0.410134 9.9937E-05 9.9937E-05
