0.350227 0.00941712 9.9964E-05 9.9964E-05 9.9964E-05 0.0705305 9.9964E-05 0.00869421 0.514076 0.046656
0.47632 9.9937E-05 9.9937E-05 9.9937E-05 9.9937E-05 0.00968833 9.9937E-05 9.9937E-05 0.513292 9.9937E-05
0.276138 0.081302 9.9964E-05 9.9964E-05 9.9964E-05 0.0713775 9.9964E-05 0.0385394 0.529563 0.00268052
0.247051 0.00223862 9.9973E-05 0.0572325 9.9973E-05 0.0581313 9.9973E-05 0.0707261 0.500798 0.0635224
0.521333 0.0376705 9.9955E-05 9.9955E-05 9.9955E-05 9.9955E-05 9.9955E-05 0.0225361 0.394811 0.0231494
0.667358 9.99588E-05 0.0118295 9.99588E-05 9.99588E-05 0.0181425 0.292281 9.99588E-05 9.99588E-05 0.00988952
0.597046 9.9955E-05 0.0128028 9.9955E-05 9.9955E-05 0.0567431 0.0889876 9.9955E-05 0.24392 9.9955E-05
0.558331 9.9964E-05 0.0718564 9.9964E-05 9.9964E-05 0.0323267 0.0464885 9.9964E-05 0.2359 0.0546982
0.291827 9.99549E-05 0.0565386 0.0315969 9.99549E-05 9.99549E-05 9.99549E-05 9.99549E-05 0.583577 0.0359607
0.475263 9.9973E-05 0.0384026 9.9973E-05 9.9973E-05 0.0339938 0.163378 0.0283274 0.240561 0.0197748
0.631696 9.9946E-05 9.9946E-05 9.9946E-05 9.9946E-05 9.9946E-05 0.166725 9.9946E-05 0.168035 0.0329451
9.9946E-05 0.0136703 9.9946E-05 0.628869 9.9946E-05 9.9946E-05 0.322393 0.0344678 9.9946E-05 9.9946E-05
9.9964E-05 0.313147 9.9964E-05 0.257771 9.9964E-05 0.0669066 0.258906 0.0781804 9.9964E-05 0.024689
9.9982E-05 0.0394649 0.0357534 0.619146 9.9982E-05 0.00255393 0.211491 0.0713438 0.0127419 0.00730578
9.9946E-05 0.00201954 9.9946E-05 0.461325 9.9946E-05 9.9946E-05 0.400076 0.13598 9.9946E-05 9.9946E-05
0.0728416 0.123419 9.9973E-05 0.23508 9.9973E-05 0.009492 0.437696 0.0927026 0.028469 9.9973E-05
9.9955E-05 0.391814 9.9955E-05 0.247312 9.9955E-05 9.9955E-05 0.199217 0.109659 0.0514978 9.9955E-05
9.9964E-05 0.223175 9.9964E-05 0.326238 0.0257997 0.0245432 0.258142 0.141701 9.9964E-05 9.9964E-05
9.9955E-05 0.0314333 9.9955E-05 0.437495 9.9955E-05 9.9955E-05 0.382761 0.0445031 0.103308 9.9955E-05
0.0134798 9.9955E-05 0.00896377 0.697968 9.9955E-05 9.9955E-05 0.25082 9.9955E-05 9.9955E-05 0.0282686
0.00915553 0.208401 9.9982E-05 0.425477 0.0835676 0.0355585 0.123851 0.10263 9.9982E-05 0.0111581
9.9973E-05 0.331776 0.13582 0.177121 0.0191839 0.0435804 0.263602 9.9973E-05 0.0286164 9.9973E-05
9.9955E-05 0.355872 9.9955E-05 0.172334 0.0962043 9.9955E-05 0.334401 0.0406889 9.9955E-05 9.9955E-05
9.9946E-05 9.9946E-05 9.9946E-05 0.532259 9.9946E-05 0.00927476 0.442235 0.0156315 9.9946E-05 9.9946E-05
9.999E-05 0.533899 0.0149827 0.0513743 0.00557522 0.0370574 0.128481 0.0708019 0.118057 0.0396714
9.9973E-05 0.293894 9.9973E-05 0.287479 0.0222996 0.0354586 0.263936 0.0889234 9.9973E-05 0.00771028
9.99459E-05 9.99459E-05 9.99459E-05 0.627019 9.99459E-05 0.00126968 0.343583 0.0275288 9.99459E-05 9.99459E-05
9.9937E-05 9.9937E-05 9.9937E-05 0.626722 9.9937E-05 9.9937E-05 0.24137 0.131209 9.9937E-05 9.9937E-05
9.9964E-05 0.0186566 0.0244719 0.604766 0.0439983 9.9964E-05 0.28067 0.027037 9.9964E-05 9.9964E-05
9.99201E-05 9.99201E-05 9.99201E-05 9.99201E-05 9.99201E-05 0.999101 9.99201E-05 9.99201E-05 9.99201E-05 9.99201E-05
9.99201E-05 9.99201E-05 9.99201E-05 9.99201E-05 9.99201E-05 0.999101 9.99201E-05 9.99201E-05 9.99201E-05 9.99201E-05
0.0752131 0.0447218 9.9973E-05 9.9973E-05 0.0184431 0.408881 9.9973E-05 0.0277426 0.421614 0.0030845
0.287972 0.0289503 9.9964E-05 9.9964E-05 0.0773473 0.267814 9.9964E-05 0.0621178 0.275398 9.9964E-05
0.0590733 0.389909 9.9973E-05 0.133547 0.19729 0.000386572 0.19295 9.9973E-05 9.9973E-05 0.0265456
9.9973E-05 0.355626 9.9973E-05 0.082632 0.224564 9.9973E-05 0.118293 0.0497655 0.111011 0.0578093
9.9964E-05 0.422822 9.9964E-05 9.9964E-05 0.40956 0.0141383 9.9964E-05 0.012145 0.0728548 0.0680807
0.053944 0.0325664 9.9973E-05 0.622111 0.00930487 9.9973E-05 0.0813284 9.9973E-05 0.0677177 0.132727
0.0121649 0.20021 0.105619 9.9982E-05 0.611089 9.9982E-05 0.00462441 0.0530564 0.00531999 0.00771568
0.0213639 0.504914 0.0399206 0.216931 0.163477 9.9982E-05 0.0245314 0.0187578 9.9982E-05 0.00990441
9.9964E-05 0.471089 9.9964E-05 9.9964E-05 0.227988 0.00814008 0.219221 0.0230769 0.0500848 9.9964E-05
0.0332852 0.344962 9.9964E-05 9.9964E-05 0.173043 9.9964E-05 0.309599 9.9964E-05 0.0819287 0.056782
9.9973E-05 0.39602 9.9973E-05 0.0391584 0.0760756 0.0360127 0.344823 0.021626 9.9973E-05 0.0859835
9.9964E-05 9.9964E-05 9.9964E-05 0.212306 0.708175 0.0439724 0.0108336 9.9964E-05 0.0183176 0.00599606
9.9982E-05 0.464241 0.0888471 0.0137572 0.0235829 9.9982E-05 0.291746 0.0172565 0.0866853 0.0136844
9.9973E-05 0.325463 0.0071893 9.9973E-05 0.296304 0.0089859 0.14829 0.179807 0.0336612 9.9973E-05
0.160453 0.41418 0.000234245 0.0529497 0.232819 0.0466532 0.00695237 0.0855594 9.9982E-05 9.9982E-05
0.0106798 0.202828 0.0726992 9.9982E-05 0.623037 0.0306379 0.0161492 9.9982E-05 0.0166727 0.0270965
0.0380195 0.588342 9.9964E-05 0.0210425 0.294555 0.0178773 9.9964E-05 0.039764 9.9964E-05 9.9964E-05
9.9973E-05 0.479213 9.9973E-05 0.0224601 0.199062 0.0686282 0.125018 0.0259561 0.0793625 9.9973E-05
9.9946E-05 9.9946E-05 0.310821 0.0820007 0.560456 9.9946E-05 9.9946E-05 9.9946E-05 0.0461226 9.9946E-05
9.9973E-05 0.135029 0.0783043 0.398006 0.176186 9.9973E-05 0.0801846 0.0105396 9.9973E-05 0.12145
0.0636004 0.10241 0.336678 0.340989 0.155823 9.9955E-05 9.9955E-05 9.9955E-05 9.9955E-05 9.9955E-05
0.0219262 0.538179 9.9991E-05 0.135079 0.0343246 0.0442364 0.106018 0.0868322 0.000618656 0.032686
0.0756467 0.524424 0.0258131 0.119862 0.0631795 9.9982E-05 0.0612382 0.0935767 0.0360601 9.9982E-05
0.0419899 0.502961 9.9982E-05 0.0520252 0.117857 9.9982E-05 0.0758773 0.0854219 0.0535422 0.0701256
9.9964E-05 0.175728 0.075259 0.345632 0.212273 9.9964E-05 9.9964E-05 9.9964E-05 0.117705 0.0730028
9.9964E-05 0.530229 9.9964E-05 0.190226 0.0432418 0.0301087 9.9964E-05 0.0357135 9.9964E-05 0.170081
0.130293 0.471586 9.9964E-05 0.198004 0.0471825 9.9964E-05 0.0915587 0.0609756 9.9964E-05 9.9964E-05
0.125594 0.140995 0.0290221 0.163232 0.268979 0.00202457 0.202881 0.0532129 0.00212547 0.0119337
0.212171 0.0308757 0.187614 0.476238 0.00769168 9.9964E-05 9.9964E-05 0.0850089 9.9964E-05 9.9964E-05
0.0378843 0.582298 0.0353323 0.146003 0.0796337 0.0744723 0.0440767 9.9973E-05 9.9973E-05 9.9973E-05
9.9982E-05 0.49432 0.0320152 0.283528 0.0296466 0.0140862 9.9982E-05 0.00301754 0.120235 0.0229514
9.9964E-05 9.9964E-05 0.0794431 0.547505 0.105079 0.0797088 0.0626796 9.9964E-05 9.9964E-05 0.125184
9.9955E-05 0.41005 0.0309214 0.371228 0.090812 9.9955E-05 9.9955E-05 0.0964888 9.9955E-05 9.9955E-05
9.9982E-05 0.598712 0.0504113 0.114315 0.0599622 9.9982E-05 0.0366243 0.0453522 0.0455869 0.0488361
0.0195735 0.509912 0.0876455 0.0319472 0.0471075 0.0688135 0.112083 0.0539815 9.9991E-05 0.0688367
0.0828174 0.139641 0.0931732 0.346777 0.144891 0.00319324 0.130556 0.058751 9.9982E-05 9.9982E-05
9.9973E-05 0.500862 0.101342 0.242274 0.0278401 0.0610973 0.0348595 0.0314249 9.9973E-05 9.9973E-05
0.094437 0.55127 0.0150484 0.03299 0.0660164 0.0686344 9.9982E-05 0.0330699 9.9982E-05 0.138334
0.0365133 0.163217 0.0372948 0.480719 0.143586 0.0625788 9.9973E-05 9.9973E-05 9.9973E-05 0.0757914
9.9964E-05 0.430951 0.00375482 0.0847289 0.384332 9.9964E-05 0.0694839 9.9964E-05 9.9964E-05 0.0263499
0.00921275 9.9964E-05 9.9964E-05 0.0915613 0.722519 0.00177812 0.161975 0.0125535 9.9964E-05 9.9964E-05
0.0204313 0.491087 0.0472444 0.0948507 0.0646164 0.0886787 0.0376957 0.125683 9.9991E-05 0.0296127
9.9928E-05 9.9928E-05 0.192673 9.9928E-05 0.806528 9.9928E-05 9.9928E-05 9.9928E-05 9.9928E-05 9.9928E-05
9.9937E-05 9.9937E-05 0.205408 0.0108593 0.783034 9.9937E-05 9.9937E-05 9.9937E-05 9.9937E-05 9.9937E-05
0.00332937 0.24071 9.9946E-05 9.9946E-05 0.728285 9.9946E-05 0.0270753 9.9946E-05 9.9946E-05 9.9946E-05
9.9964E-05 0.273634 9.9964E-05 9.9964E-05 0.50784 0.0589357 0.121133 9.9964E-05 0.023018 0.0150383
0.0334 0.392044 0.0050391 9.9982E-05 0.252376 0.0358847 0.0976735 0.0504686 0.132915 9.9982E-05
9.9955E-05 0.278131 9.9955E-05 0.0816823 0.528959 0.0404028 9.9955E-05 0.0703248 9.9955E-05 9.9955E-05
0.0142927 9.9973E-05 9.9973E-05 0.0750693 0.675218 0.0239028 0.0209155 0.097345 9.9973E-05 0.0929563
0.00295446 0.105129 9.9973E-05 9.9973E-05 0.61457 0.0391075 0.0927197 9.9973E-05 0.00935405 0.135865
0.083507 0.402861 9.9973E-05 9.9973E-05 0.154943 0.0442737 0.195926 0.0545793 9.9973E-05 0.0636106
9.9964E-05 0.117651 9.9964E-05 0.106794 0.567292 0.00507966 0.105904 0.0968802 9.9964E-05 9.9964E-05
0.0574969 0.251898 0.00290896 9.9973E-05 0.533858 0.0217149 0.0992774 9.9973E-05 0.0325461 9.9973E-05
9.9946E-05 0.239349 0.0424473 9.9946E-05 0.568922 9.9946E-05 0.148682 9.9946E-05 9.9946E-05 9.9946E-05
9.9937E-05 9.9937E-05 0.332852 9.9937E-05 0.649776 9.9937E-05 9.9937E-05 0.0166727 9.9937E-05 9.9937E-05
9.999E-05 0.605712 0.0131535 0.00827531 0.171408 0.042842 0.0290576 0.0312098 0.00693289 0.0913088
0.188727 0.0991859 9.9991E-05 0.00898978 0.0194802 0.0477342 0.00283012 0.00149965 0.62957 0.00188286
0.285818 0.0557686 9.9946E-05 9.9946E-05 9.9946E-05 0.100697 9.9946E-05 9.9946E-05 0.557117 9.9946E-05
0.253532 0.0792237 9.9964E-05 9.9964E-05 9.9964E-05 0.123052 9.9964E-05 0.0341142 0.506532 0.00314594
0.382478 0.02575 9.9946E-05 9.9946E-05 9.9946E-05 0.119354 9.9946E-05 9.9946E-05 0.471818 9.9946E-05
0.176894 0.052268 9.9964E-05 9.9964E-05 0.0082171 0.101774 0.0118975 9.9964E-05 0.648549 9.9964E-05
0.345959 0.0254876 0.00204108 9.9973E-05 9.9973E-05 0.0434671 0.016713 0.0175184 0.548514 9.9973E-05
0.335759 9.9946E-05 9.9946E-05 9.9946E-05 9.9946E-05 0.0678212 9.9946E-05 0.0182849 0.577536 9.9946E-05
0.0925726 0.458855 9.9982E-05 0.0426889 0.208609 0.026286 9.9982E-05 0.0536354 0.0734738 0.0436787
0.0657582 0.370582 9.9964E-05 9.9964E-05 0.234711 9.9964E-05 0.158389 0.133082 9.9964E-05 0.0370783
0.014693 9.9964E-05 0.00232623 0.176958 0.772483 9.9964E-05 0.0187314 9.9964E-05 0.0144092 9.9964E-05
0.0871477 0.443623 9.9973E-05 0.101839 0.128526 0.0242302 0.139427 0.074908 9.9973E-05 9.9973E-05
0.0170184 0.179448 9.9973E-05 0.100792 0.383824 0.0142409 0.283689 9.9973E-05 9.9973E-05 0.0206879
9.9973E-05 0.361897 9.9973E-05 9.9973E-05 0.276781 0.0102765 0.239077 0.0422252 0.0574861 0.0119577
0.00848178 0.510399 9.9955E-05 9.9955E-05 0.31734 9.9955E-05 0.0939893 9.9955E-05 0.0692898 9.9955E-05
9.9946E-05 0.407234 9.9946E-05 9.9946E-05 0.44335 0.0346873 9.9946E-05 0.114129 9.9946E-05 9.9946E-05
0.0376806 9.9964E-05 0.0955184 0.14797 0.634941 9.9964E-05 9.9964E-05 9.9964E-05 0.00873512 0.0747554
0.127314 0.442393 9.9982E-05 9.9982E-05 0.16638 0.023047 0.13293 0.0301954 0.0457844 0.0317558
0.00605153 0.450117 9.9982E-05 0.072822 0.162191 0.0579412 0.184144 0.0473608 0.0191726 9.9982E-05
9.9973E-05 0.416267 0.00876674 0.103936 0.0910785 9.9973E-05 0.197366 0.100004 0.0822828 9.9973E-05
9.9964E-05 0.186889 0.156138 9.9964E-05 0.502178 0.061373 0.0672881 0.0257344 9.9964E-05 9.9964E-05
0.103008 0.427481 9.9955E-05 9.9955E-05 0.433491 9.9955E-05 0.0280514 9.9955E-05 9.9955E-05 0.00746842
0.0272644 0.357774 9.9973E-05 0.0222906 0.410664 0.0150319 0.116621 9.9973E-05 9.9973E-05 0.0500542
9.9946E-05 0.164843 9.9946E-05 9.9946E-05 0.641094 9.9946E-05 0.118281 0.0751828 9.9946E-05 9.9946E-05
0.0490421 0.307204 9.9973E-05 0.0921738 0.4033 0.00181962 0.0952244 9.9973E-05 9.9973E-05 0.050936
0.0952139 0.508048 9.9973E-05 9.9973E-05 0.104513 0.0282168 0.15195 9.9973E-05 0.0127371 0.0990202
9.9955E-05 0.281789 0.152147 0.454412 9.9955E-05 0.028683 9.9955E-05 9.9955E-05 0.0824687 9.9955E-05
0.0169382 0.366929 0.0101932 0.221227 0.0269399 0.039952 0.0705323 0.0506428 0.0406575 0.155988
0.105862 0.513349 0.0264112 0.0762774 0.0858879 0.00567749 0.0279198 0.0611091 0.0702012 0.0273051
0.0712211 0.486679 9.9973E-05 0.10165 0.161465 9.9973E-05 0.129894 0.00199049 9.9973E-05 0.0468009
9.9964E-05 0.477316 0.0145687 0.410253 9.9964E-05 0.0550712 9.9964E-05 9.9964E-05 0.0153832 0.0270085
0.0262049 0.526346 9.9982E-05 0.253175 0.0457616 9.9982E-05 0.0278277 0.0155511 0.029686 0.075248
9.9946E-05 0.527818 9.9946E-05 0.316025 9.9946E-05 9.9946E-05 9.9946E-05 9.9946E-05 0.0568011 0.0987554
9.9982E-05 0.578031 0.030024 0.0374154 0.133665 0.020172 0.00776548 9.9982E-05 0.0573257 0.135402
9.9964E-05 0.598554 0.0605928 0.18491 9.9964E-05 9.9964E-05 9.9964E-05 0.0713925 0.0657806 0.0183701
9.9955E-05 0.588756 9.9955E-05 0.279868 0.0653262 9.9955E-05 9.9955E-05 9.9955E-05 0.0584554 0.00709532
0.0197648 0.43481 9.9973E-05 0.297743 0.0314339 0.00893312 0.056594 9.9973E-05 9.9973E-05 0.150421
0.0651112 0.591386 0.122166 9.9964E-05 9.9964E-05 9.9964E-05 0.039472 0.0381933 9.9964E-05 0.143272
0.0897595 0.432628 0.0393071 0.0328263 0.0601457 0.0268673 0.065065 0.172153 9.9991E-05 0.0811484
9.9955E-05 0.591925 9.9955E-05 0.256771 9.9955E-05 0.0656384 9.9955E-05 0.00872231 9.9955E-05 0.0764433
0.023085 0.611341 0.108811 0.0138642 0.0529579 9.9982E-05 9.9982E-05 0.0395611 0.0207714 0.129408
0.0559664 0.568755 0.0133913 0.179582 0.104183 0.0277004 9.9982E-05 0.029089 9.9982E-05 0.0211322
0.0852228 0.450879 0.0901406 0.276014 9.9964E-05 0.0474309 9.9964E-05 9.9964E-05 9.9964E-05 0.0499122
0.0469063 0.663593 9.9964E-05 0.151286 9.9964E-05 9.9964E-05 9.9964E-05 0.0181859 0.0871643 0.0324654
0.0803994 0.685164 9.9964E-05 0.178199 9.9964E-05 9.9964E-05 0.0112269 0.00769251 9.9964E-05 0.0369191
0.00926073 0.209758 0.00633369 0.418906 0.074055 9.9991E-05 0.0884307 0.00676611 0.0249812 0.161409
0.0295785 0.180944 0.298113 0.36681 9.9973E-05 9.9973E-05 9.9973E-05 0.0627988 0.0129868 0.0484684
0.0615799 0.396379 0.0135461 0.117626 0.0289088 0.0136876 0.175962 0.0856144 9.9991E-05 0.106596
9.9955E-05 0.216787 0.359259 0.262697 0.0448968 9.9955E-05 9.9955E-05 9.9955E-05 9.9955E-05 0.11586
9.9964E-05 0.254797 9.9964E-05 0.472323 0.0496793 9.9964E-05 0.057973 9.9964E-05 0.0335514 0.131277
9.9955E-05 0.443089 9.9955E-05 0.261117 0.112279 9.9955E-05 9.9955E-05 9.9955E-05 0.0489927 0.134022
9.9973E-05 0.219025 9.9973E-05 0.420664 0.177707 0.0195771 0.0283349 9.9973E-05 0.0296426 0.104749
9.9955E-05 0.153976 9.9955E-05 0.438052 0.159705 9.9955E-05 0.178521 9.9955E-05 9.9955E-05 0.0692462
0.070261 0.445101 0.00316683 0.167608 9.9982E-05 0.0239106 0.149084 0.0925495 9.9982E-05 0.0481196
0.132605 0.558886 9.9973E-05 0.0216543 0.0355844 9.9973E-05 9.9973E-05 0.118336 0.0570575 0.0755773
0.12058 0.392769 9.9982E-05 0.161558 0.155904 0.00478132 0.0971851 0.0542429 9.9982E-05 0.0127803
9.9964E-05 0.198095 0.27778 0.350826 0.00636545 9.9964E-05 9.9964E-05 0.0587796 9.9964E-05 0.107754
0.108363 0.463704 0.0465466 9.9991E-05 0.0925547 0.00728069 0.0783892 0.0481511 0.0974874 0.0574235
0.0587216 0.4548 0.140124 0.0045201 0.122143 0.000901671 0.163278 9.9991E-05 0.0478701 0.00754147
0.171187 0.0667595 0.490624 0.18856 0.029956 9.9973E-05 9.9973E-05 9.9973E-05 0.0326137 0.0199999
9.9991E-05 0.592638 0.126442 0.00631689 0.0165053 0.0270549 0.0550089 0.00844487 0.159993 0.00749568
0.0431018 0.373058 0.332679 9.9964E-05 0.152191 9.9964E-05 9.9964E-05 0.000652418 0.0979184 9.9964E-05
0.0325588 0.42632 0.0619414 0.0530122 0.0845191 0.0289002 0.0800733 0.130335 0.0454924 0.0568479
9.9973E-05 0.297263 0.299656 0.10562 9.9973E-05 0.0406262 0.0739944 9.9973E-05 0.129066 0.0534733
0.0773158 0.168817 0.39462 0.0282579 0.0963955 0.0181386 0.11894 9.9982E-05 9.9982E-05 0.0973155
9.9964E-05 0.379789 0.191609 9.9964E-05 0.108431 9.9964E-05 0.124068 9.9964E-05 0.0805766 0.115126
0.117322 0.454412 0.172985 0.111904 9.9982E-05 0.0112704 0.0849987 9.9982E-05 0.00431228 0.042596
0.102015 0.399999 0.115472 0.0827669 0.105204 0.0213193 0.0889843 0.014213 0.0549416 0.0150851
9.9973E-05 9.9973E-05 0.403648 0.124039 0.228153 0.00284676 0.0235644 0.174391 9.9973E-05 0.0430594
9.9982E-05 0.483415 0.0986385 0.156312 0.031182 9.9982E-05 0.0780796 0.00536271 0.094364 0.0524467
9.9955E-05 0.39919 0.288949 0.22571 0.0213852 9.9955E-05 0.0642659 9.9955E-05 9.9955E-05 9.9955E-05
9.9973E-05 0.507397 0.165893 0.166844 0.113797 9.9973E-05 0.00195548 9.9973E-05 0.0104719 0.0333423
0.0945414 0.498055 0.0474689 0.0535204 0.0882202 9.9991E-05 0.070723 0.0793938 0.0108117 0.0571657
0.102082 0.0978144 0.137269 0.0515437 9.9982E-05 0.0843815 0.125252 0.246724 0.154733 9.9982E-05
0.17066 9.9955E-05 0.297569 9.9955E-05 9.9955E-05 0.0186589 9.9955E-05 0.148731 0.363881 9.9955E-05
0.0701336 9.9955E-05 0.375784 9.9955E-05 9.9955E-05 0.0379501 9.9955E-05 0.160575 0.355058 9.9955E-05
0.190976 0.0950167 0.111651 0.0356347 9.9973E-05 0.024566 9.9973E-05 0.286422 0.255434 9.9973E-05
9.9955E-05 0.573278 0.145384 9.9955E-05 0.013531 0.015181 0.252125 9.9955E-05 9.9955E-05 9.9955E-05
0.106303 0.459758 0.0802704 9.9973E-05 0.0390525 0.0231926 0.230971 9.9973E-05 9.9973E-05 0.0601526
9.9946E-05 0.301677 9.9946E-05 0.035334 9.9946E-05 9.9946E-05 0.0224126 0.639977 9.9946E-05 9.9946E-05
0.0535824 0.210681 9.9982E-05 0.0947388 0.0635792 0.0378402 0.135816 0.375911 9.9982E-05 0.0276512
9.9982E-05 0.224978 9.9982E-05 0.00834855 0.0940229 0.0257345 0.108972 0.467122 0.0221425 0.048479
0.00985433 0.296105 0.406934 0.00462483 0.078689 0.0145948 0.188898 9.9973E-05 9.9973E-05 9.9973E-05
0.0297749 0.398172 0.0694574 0.0904064 0.105673 0.00734974 0.126661 0.117328 0.00957833 0.0455989
9.9946E-05 0.180447 0.576473 9.9946E-05 9.9946E-05 9.9946E-05 0.230159 9.9946E-05 9.9946E-05 0.0123204
9.9964E-05 0.634407 0.175497 0.0898686 0.0308881 9.9964E-05 0.0114097 9.9964E-05 0.0575299 9.9964E-05
0.00401806 0.408416 0.179381 0.0798115 0.0928632 0.000921232 0.182414 9.9991E-05 0.0268424 0.0252333
9.9973E-05 0.534156 0.173221 9.9973E-05 0.0230604 9.9973E-05 0.191538 0.0333903 0.0389814 0.00535283
9.9964E-05 0.247739 0.47957 0.0582363 9.9964E-05 9.9964E-05 0.136028 9.9964E-05 0.0359312 0.0420951
9.9964E-05 0.585618 0.105657 9.9964E-05 0.0684349 9.9964E-05 0.0760247 0.0575534 0.106313 9.9964E-05
0.0969164 0.539123 0.190378 9.9973E-05 0.0972258 9.9973E-05 0.00893857 9.9973E-05 0.045312 0.0218063
9.9937E-05 9.9937E-05 0.0128236 9.9937E-05 0.0138559 9.9937E-05 9.9937E-05 0.972621 9.9937E-05 9.9937E-05
9.9946E-05 0.10634 9.9946E-05 9.9946E-05 9.9946E-05 9.9946E-05 0.00440739 0.882333 9.9946E-05 0.00631954
9.9964E-05 0.219539 9.9964E-05 0.0958861 0.0764749 0.0483417 9.9964E-05 0.505935 0.0534232 9.9964E-05
0.0173261 0.308519 9.9955E-05 9.9955E-05 9.9955E-05 0.0191992 9.9955E-05 0.6465 9.9955E-05 0.00795524
9.9937E-05 9.9937E-05 9.9937E-05 9.9937E-05 0.0024653 9.9937E-05 0.169103 0.827732 9.9937E-05 9.9937E-05
9.99201E-05 9.99201E-05 9.99201E-05 9.99201E-05 9.99201E-05 9.99201E-05 9.99201E-05 0.999101 9.99201E-05 9.99201E-05
9.9928E-05 9.9928E-05 9.9928E-05 9.9928E-05 9.9928E-05 9.9928E-05 9.9928E-05 0.958686 9.9928E-05 0.0405149
9.9937E-05 0.104554 9.9937E-05 9.9937E-05 0.0056097 9.9937E-05 9.9937E-05 0.889137 9.9937E-05 9.9937E-05
9.9946E-05 9.9946E-05 9.9946E-05 0.00935624 9.9946E-05 0.010884 0.00269701 0.976463 9.9946E-05 9.9946E-05
9.99201E-05 9.99201E-05 9.99201E-05 9.99201E-05 9.99201E-05 9.99201E-05 9.99201E-05 0.999101 9.99201E-05 9.99201E-05
9.9928E-05 9.9928E-05 9.9928E-05 9.9928E-05 9.9928E-05 0.0385499 9.9928E-05 0.960651 9.9928E-05 9.9928E-05
0.0241859 0.141373 9.9964E-05 0.0556473 9.9964E-05 0.0385592 0.0376684 0.702167 9.9964E-05 9.9964E-05
9.9955E-05 0.0510057 9.9955E-05 9.9955E-05 9.9955E-05 0.0111037 9.9955E-05 0.81977 0.0595541 0.0580669
9.9955E-05 9.9955E-05 9.9955E-05 0.0162483 0.00543338 0.00442433 9.9955E-05 0.965741 9.9955E-05 0.00765356
0.0755507 0.282167 0.0186804 0.0978998 9.9982E-05 0.0475563 0.0421539 0.417311 9.9982E-05 0.0184814
0.0568389 0.239048 9.9982E-05 9.9982E-05 0.0074682 0.0266325 0.0192573 0.614357 0.012048 0.0241499
0.0594378 0.0571621 9.9955E-05 9.9955E-05 9.9955E-05 9.9955E-05 0.0877745 0.750721 9.9955E-05 0.0444051
9.9964E-05 9.9964E-05 9.9964E-05 0.017197 9.9964E-05 0.0355903 0.0521921 0.88004 0.013092 0.00148835
0.0175362 0.0448666 9.9946E-05 9.9946E-05 9.9946E-05 9.9946E-05 9.9946E-05 0.936705 0.000292272 9.9946E-05
0.0609092 0.0168835 9.9982E-05 9.9982E-05 0.00996233 0.00756917 0.00708158 0.883148 0.0129394 0.0013069
9.9937E-05 9.9937E-05 9.9937E-05 9.9937E-05 0.00340692 0.00295509 9.9937E-05 0.992938 9.9937E-05 9.9937E-05
0.0658266 0.135329 9.9982E-05 9.9982E-05 0.00833618 0.00116701 0.134116 0.60325 0.0108926 0.0408823
9.9937E-05 9.9937E-05 9.9937E-05 9.9937E-05 0.0770469 9.9937E-05 0.0885004 0.833753 9.9937E-05 9.9937E-05
0.0556777 9.9955E-05 0.478135 9.9955E-05 9.9955E-05 9.9955E-05 0.217672 0.000222272 0.247793 9.9955E-05
9.9973E-05 0.305855 0.142963 9.9973E-05 9.9973E-05 0.019148 0.223066 0.0336833 0.167959 0.107026
0.00697462 0.339692 0.168721 9.9982E-05 9.9982E-05 0.0186647 0.272016 0.0226113 0.169664 0.00145657
9.9964E-05 0.159442 0.386089 9.9964E-05 9.9964E-05 0.0400418 0.156171 0.0339366 0.22392 9.9964E-05
0.0593415 0.233779 0.111378 0.0513006 0.0437616 0.00479134 0.289548 0.104183 0.0652558 0.0366617
0.0218944 0.161344 0.303027 0.0230812 9.9982E-05 0.0349859 0.164104 0.0910142 0.200349 9.9982E-05
0.0700418 0.351412 0.0868519 9.9982E-05 0.0662337 9.9982E-05 0.107965 0.101481 0.121209 0.0946047
9.9964E-05 0.134342 0.276006 9.9964E-05 9.9964E-05 0.00783106 0.292377 0.206045 0.0829999 9.9964E-05
0.0321721 0.242056 0.155909 0.0479957 9.9982E-05 0.0757465 0.214161 0.206851 0.024909 9.9982E-05
0.0750767 0.134205 0.190692 9.9964E-05 9.9964E-05 0.091792 0.303193 0.204642 9.9964E-05 9.9964E-05
0.0530078 0.326983 0.080424 0.0051751 0.00093181 0.0548623 0.262517 0.0542296 0.161769 9.9991E-05
0.0670614 0.0684208 0.00793362 9.9955E-05 9.9955E-05 9.9955E-05 9.9955E-05 9.9955E-05 0.793415 0.0626694
0.116196 9.9964E-05 0.0247201 9.9964E-05 9.9964E-05 0.0603818 9.9964E-05 0.047673 0.742027 0.00860281
9.9946E-05 9.9946E-05 9.9946E-05 9.9946E-05 0.0113492 0.0113526 9.9946E-05 9.9946E-05 0.938692 0.0380067
9.9937E-05 9.9937E-05 9.9937E-05 9.9937E-05 9.9937E-05 0.0134601 9.9937E-05 9.9937E-05 0.938415 0.0474252
9.9946E-05 0.038515 9.9946E-05 9.9946E-05 9.9946E-05 0.110482 9.9946E-05 9.9946E-05 0.815117 0.0352867
0.248923 9.9955E-05 9.9955E-05 0.00980136 9.9955E-05 0.0569502 9.9955E-05 0.0330213 0.650804 9.9955E-05
0.425811 9.9946E-05 9.9946E-05 9.9946E-05 9.9946E-05 0.0628508 9.9946E-05 0.0882408 0.422497 9.9946E-05
0.255535 9.9946E-05 0.0712248 9.9946E-05 9.9946E-05 0.0441033 9.9946E-05 9.9946E-05 0.628537 9.9946E-05
0.122702 0.00376092 9.9955E-05 9.9955E-05 0.0453485 9.9955E-05 9.9955E-05 0.00664224 0.821047 9.9955E-05
0.239946 9.9946E-05 9.9946E-05 0.04217 9.9946E-05 9.9946E-05 9.9946E-05 0.10027 0.617014 9.9946E-05
0.167241 9.9964E-05 9.9964E-05 0.285562 0.0168431 0.0313682 9.9964E-05 9.9964E-05 0.459947 0.0386381
0.134364 9.9964E-05 9.9964E-05 0.146068 0.0435141 0.0220305 9.9964E-05 9.9964E-05 0.445035 0.208588
0.265495 9.9964E-05 0.0941374 0.308929 9.9964E-05 0.0341809 9.9964E-05 9.9964E-05 0.259138 0.0377198
0.218466 9.9964E-05 0.0691653 0.259989 0.0469069 9.9964E-05 9.9964E-05 9.9964E-05 0.302667 0.102405
9.9982E-05 0.361193 9.9982E-05 0.0555601 0.326161 0.0856912 0.0303037 0.0434075 0.0825181 0.0149655
9.9973E-05 0.368107 0.0347852 0.00685716 0.352665 9.9973E-05 0.0836575 0.0691324 9.9973E-05 0.0844967
0.00511964 0.360053 9.9982E-05 0.138935 0.226319 9.9982E-05 0.0831401 0.104576 0.00901321 0.0726437
9.9964E-05 0.306368 9.9964E-05 0.290921 0.291418 0.00797963 9.9964E-05 9.9964E-05 0.0902502 0.0126626
9.9964E-05 0.122551 9.9964E-05 0.473831 0.134675 0.0174028 0.0337861 9.9964E-05 9.9964E-05 0.217354
0.00929206 0.423624 9.9964E-05 9.9964E-05 0.248589 9.9964E-05 0.201559 0.018201 0.0983357 9.9964E-05
0.0273867 0.498454 0.0211623 0.0988663 0.268843 9.9982E-05 0.0419174 0.0177433 9.9982E-05 0.0254265
0.0291863 0.411521 0.0470953 0.107365 0.236883 9.9982E-05 0.0520416 0.0483874 9.9982E-05 0.0673203
9.9964E-05 0.329138 0.0598013 9.9964E-05 0.580077 9.9964E-05 9.9964E-05 0.0104873 0.0112899 0.00880721
0.100669 0.52978 0.0071745 9.9973E-05 0.148075 9.9973E-05 0.0756726 0.0315583 9.9973E-05 0.10677
0.0454075 0.305072 9.9973E-05 0.0166212 0.446608 9.9973E-05 0.050418 0.037683 9.9973E-05 0.0978906
0.000228993 9.9946E-05 0.263243 0.132851 0.603077 9.9946E-05 9.9946E-05 9.9946E-05 9.9946E-05 9.9946E-05
0.094931 0.489766 9.9982E-05 0.106132 0.167471 0.00874364 0.0509751 9.9982E-05 0.0160756 0.0657058
9.9964E-05 0.151664 0.195484 0.0207735 0.55793 9.9964E-05 9.9964E-05 0.0420236 0.031725 9.9964E-05
0.0632157 0.424543 0.0170344 0.0314303 0.385165 0.0351287 0.0431834 9.9973E-05 9.9973E-05 9.9973E-05
0.00314667 9.9964E-05 9.9964E-05 0.180402 0.666006 9.9964E-05 0.0138554 9.9964E-05 0.0532863 0.0829033
9.9946E-05 9.9946E-05 0.098061 9.9946E-05 9.9946E-05 9.9946E-05 0.00688597 9.9946E-05 0.115436 0.779017
0.0410881 0.00506052 0.0900685 9.9973E-05 9.9973E-05 9.9973E-05 0.0677135 0.0149092 0.0369611 0.743899
9.9937E-05 9.9937E-05 0.0841712 9.9937E-05 9.9937E-05 9.9937E-05 0.0331204 9.9937E-05 9.9937E-05 0.882009
9.9937E-05 9.9937E-05 0.0746113 9.9937E-05 9.9937E-05 9.9937E-05 9.9937E-05 9.9937E-05 0.0693017 0.855387
9.9973E-05 0.0314841 0.027747 0.00562353 9.9973E-05 0.0233719 0.0227303 0.0599012 9.9973E-05 0.828842
9.9946E-05 9.9946E-05 9.9946E-05 9.9946E-05 9.9946E-05 0.00445197 0.0635817 0.0874565 9.9946E-05 0.84391
0.01045 9.9964E-05 9.9964E-05 9.9964E-05 0.00135624 0.0982761 0.0873109 9.9964E-05 0.792048 0.0101587
9.99371E-05 0.0698784 9.99371E-05 9.99371E-05 9.99371E-05 9.99371E-05 9.99371E-05 9.99371E-05 0.896017 0.0334047
9.9946E-05 9.9946E-05 9.9946E-05 9.9946E-05 9.9946E-05 0.0336244 0.18611 0.0588623 0.720803 9.9946E-05
9.9964E-05 9.9964E-05 9.9964E-05 0.0667787 9.9964E-05 0.0231535 0.0730191 0.0516419 0.781748 0.00325936
9.9955E-05 9.9955E-05 9.9955E-05 0.00859211 9.9955E-05 9.9955E-05 0.0744342 0.0183737 0.803947 0.0941529
0.275442 9.9964E-05 0.0327678 0.0632495 9.9964E-05 0.0538833 9.9964E-05 9.9964E-05 0.106934 0.467324
0.194887 9.9964E-05 0.0661553 0.00942943 0.0122473 9.9964E-05 9.9964E-05 9.9964E-05 0.311124 0.405757
0.278592 9.9964E-05 0.0571391 9.9964E-05 0.0387214 0.0046203 9.9964E-05 9.9964E-05 0.203876 0.416651
9.99201E-05 9.99201E-05 9.99201E-05 9.99201E-05 9.99201E-05 0.999101 9.99201E-05 9.99201E-05 9.99201E-05 9.99201E-05
0.385056 9.9964E-05 0.0709653 9.9964E-05 0.0299506 0.00653867 9.9964E-05 9.9964E-05 0.0373148 0.469775
0.080169 0.249541 0.0864364 9.9964E-05 9.9964E-05 9.9964E-05 0.0494793 0.338625 0.195349 9.9964E-05
0.114306 0.398468 0.0357652 9.9991E-05 0.030788 0.0096491 0.0935923 0.275668 0.0217863 0.0198778
0.0340064 0.452617 9.9964E-05 9.9964E-05 9.9964E-05 0.0079483 0.0651452 0.33719 0.102692 9.9964E-05
0.047489 0.305696 0.113448 9.9973E-05 0.00136623 9.9973E-05 0.010703 0.291887 0.229111 9.9973E-05
0.0636417 0.282158 9.9982E-05 0.0524773 0.0789707 9.9982E-05 0.169869 0.180339 0.109494 0.0628505
0.200006 9.9946E-05 0.24343 9.9946E-05 9.9946E-05 9.9946E-05 9.9946E-05 0.283368 0.272595 9.9946E-05
9.9982E-05 0.382755 0.0280125 0.290939 0.0884144 0.00111323 0.057845 0.0631363 9.9982E-05 0.0875841
9.9964E-05 0.484007 0.193847 0.188992 0.0286898 9.9964E-05 9.9964E-05 9.9964E-05 0.00983255 0.0942306
0.0240879 0.150481 9.9973E-05 0.585568 9.9973E-05 0.0569761 0.0893304 9.9973E-05 0.0400897 0.0531667
9.9955E-05 0.55102 0.0917237 0.253213 0.0951235 9.9955E-05 9.9955E-05 9.9955E-05 9.9955E-05 0.00842022
9.9937E-05 9.9937E-05 0.552701 0.340968 0.105632 9.9937E-05 9.9937E-05 9.9937E-05 9.9937E-05 9.9937E-05
9.9991E-05 0.408978 0.0996879 0.146007 0.0323547 0.0197063 0.164988 0.034009 0.076554 0.0176152
9.9973E-05 0.550031 0.139033 0.112627 0.0573076 0.0463945 0.0213148 9.9973E-05 9.9973E-05 0.0729918
0.057715 0.283843 0.0181655 0.408918 0.0604685 0.00898797 0.0338338 9.9982E-05 9.9982E-05 0.127868
0.134364 0.390421 0.00249184 0.164219 0.0945745 0.0027552 0.0859975 0.106716 9.9991E-05 0.0183615
9.99459E-05 0.155851 0.300625 0.490505 0.0524196 9.99459E-05 9.99459E-05 9.99459E-05 9.99459E-05 9.99459E-05
9.9991E-05 0.438762 0.171705 0.0955601 0.101294 0.0243458 0.0183145 0.0656118 0.0167777 0.0675283
9.9973E-05 0.473322 9.9973E-05 0.228962 0.0764794 9.9973E-05 0.0075612 0.0707306 0.00194206 0.140703
0.173619 0.397136 0.0268477 0.0267643 0.104607 9.9982E-05 0.0508767 0.201562 0.0183874 9.9982E-05
9.9937E-05 0.450699 0.178903 0.369698 9.9937E-05 9.9937E-05 9.9937E-05 9.9937E-05 9.9937E-05 9.9937E-05
9.9982E-05 0.456472 0.0366955 0.24506 0.0202821 0.0200656 9.9982E-05 0.0276284 0.0530853 0.140511
9.9964E-05 0.345706 0.160296 0.11323 0.13214 9.9964E-05 0.0569575 0.19127 9.9964E-05 9.9964E-05
0.0376912 0.545848 0.0428309 0.144691 0.120978 9.9973E-05 0.0572255 9.9973E-05 9.9973E-05 0.0504359
0.0516592 0.693308 0.0181391 0.110886 9.9964E-05 0.0560337 9.9964E-05 9.9964E-05 9.9964E-05 0.0695738
0.0939629 0.435516 9.9982E-05 0.183188 0.0986021 9.9982E-05 0.0562016 0.092428 0.0199136 0.0199874
0.0223468 0.383411 9.9991E-05 0.0736679 0.105665 0.00259064 0.17706 0.0689394 0.0753009 0.0909194
0.923648 9.99279E-05 9.99279E-05 9.99279E-05 9.99279E-05 9.99279E-05 9.99279E-05 0.0755529 9.99279E-05 9.99279E-05
0.994534 0.00466669 9.9928E-05 9.9928E-05 9.9928E-05 9.9928E-05 9.9928E-05 9.9928E-05 9.9928E-05 9.9928E-05
0.626073 9.9964E-05 9.9964E-05 0.0309425 9.9964E-05 9.9964E-05 0.00913845 0.021133 0.26787 0.0444438
0.94383 9.9937E-05 9.9937E-05 9.9937E-05 0.0238531 9.9937E-05 9.9937E-05 0.031617 9.9937E-05 9.9937E-05
0.922563 0.0430966 9.9946E-05 9.9946E-05 9.9946E-05 0.00498568 9.9946E-05 0.028755 9.9946E-05 9.9946E-05
9.9964E-05 0.127886 9.9964E-05 0.618067 9.9964E-05 9.9964E-05 0.0376503 0.0506544 0.0276726 0.13767
9.9973E-05 0.52254 0.0121411 0.166076 0.145389 0.0179807 0.0204888 9.9973E-05 0.115085 9.9973E-05
0.153609 0.399027 0.167155 9.9964E-05 9.9964E-05 0.0295177 9.9964E-05 0.190572 0.0597196 9.9964E-05
9.9964E-05 0.643805 0.0245924 0.170272 9.9964E-05 0.0879902 9.9964E-05 0.0494033 9.9964E-05 0.0235366
9.9973E-05 0.434478 9.9973E-05 0.229261 0.185401 9.9973E-05 0.00936742 0.0129654 0.0909748 0.0372524
9.9973E-05 0.320271 0.183668 0.307506 9.9973E-05 0.075898 9.9973E-05 0.0191036 0.0169722 0.0762815
0.16563 9.9955E-05 0.0745713 0.605525 9.9955E-05 0.0251199 9.9955E-05 9.9955E-05 9.9955E-05 0.128654
9.9982E-05 0.484494 9.9982E-05 0.174902 0.0296923 0.0703405 0.134708 0.00580527 0.0121151 0.0877426
0.0183605 0.104317 0.0242772 0.42001 9.9991E-05 0.0208476 0.0839222 0.0248014 0.053143 0.25022
0.0675027 0.506579 0.165563 0.131878 0.047333 9.9964E-05 9.9964E-05 9.9964E-05 9.9964E-05 0.0807446
0.0195675 0.138543 0.00628185 0.588189 0.0151288 0.000958546 9.9982E-05 9.9982E-05 0.130923 0.100209
0.0233224 0.375157 9.9982E-05 0.0903266 0.0496131 0.0240487 0.210175 0.115072 9.9982E-05 0.112085
9.9982E-05 0.20011 0.0675344 0.525956 0.0405063 0.0157745 0.022657 9.9982E-05 0.0808366 0.0464249
9.9973E-05 0.373958 0.130483 0.353137 9.9973E-05 9.9973E-05 0.0323595 0.0397302 0.0406397 0.0293921
0.0452972 0.425981 0.101415 0.0292997 0.051229 9.9982E-05 0.11486 0.0760669 9.9982E-05 0.155652
0.019564 0.131644 0.449057 9.9964E-05 9.9964E-05 9.9964E-05 0.267804 0.0371312 9.9964E-05 0.0943994
9.9964E-05 0.345696 0.0953452 9.9964E-05 0.0607456 9.9964E-05 0.367626 9.9964E-05 0.00721141 0.122976
0.0243843 0.428813 0.103634 0.0484922 0.0421505 9.9973E-05 0.236396 9.9973E-05 0.11583 9.9973E-05
9.9955E-05 0.242032 0.365189 9.9955E-05 0.0270846 9.9955E-05 0.300891 9.9955E-05 9.9955E-05 0.0643039
0.0500386 0.477745 0.077132 0.207794 0.0513526 0.0411271 0.000995176 0.0769237 9.9991E-05 0.0167914
0.0511831 0.464591 0.166734 9.9982E-05 0.0266938 0.0170424 0.142459 9.9982E-05 0.00985451 0.121242
9.9955E-05 0.0844724 0.649874 9.9955E-05 0.016692 9.9955E-05 0.166205 9.9955E-05 9.9955E-05 0.0822559
9.9955E-05 0.213473 0.530729 9.9955E-05 0.0164152 9.9955E-05 0.215525 9.9955E-05 9.9955E-05 0.023358
9.9946E-05 0.46547 0.309291 9.9946E-05 9.9946E-05 9.9946E-05 0.16783 9.9946E-05 9.9946E-05 0.056809
9.99549E-05 9.99549E-05 0.456183 0.0243308 0.131775 9.99549E-05 0.293336 9.99549E-05 9.99549E-05 0.0938754
9.9955E-05 0.44234 0.197792 0.143489 9.9955E-05 9.9955E-05 0.145489 9.9955E-05 9.9955E-05 0.0703904
9.9964E-05 0.073686 0.00346342 0.642357 0.0945747 9.9964E-05 9.9964E-05 9.9964E-05 0.0817259 0.103793
9.9946E-05 0.370679 0.186482 0.362476 9.9946E-05 9.9946E-05 9.9946E-05 9.9946E-05 9.9946E-05 0.0797635
0.0829375 0.361671 9.9955E-05 0.441536 0.0284633 9.9955E-05 9.9955E-05 9.9955E-05 9.9955E-05 0.0848927
9.9973E-05 0.531059 9.9973E-05 0.10908 9.9973E-05 0.0256541 0.0754212 0.126635 0.0310058 0.100846
9.9973E-05 0.149372 9.9973E-05 0.431948 0.0871019 0.0222438 0.093602 0.0250986 9.9973E-05 0.190334
0.0288298 0.518775 0.0786918 0.0568106 0.00683102 0.0235605 9.9991E-05 0.053594 0.114184 0.118624
0.0513464 0.490417 0.00520963 0.112063 0.0718139 0.0108952 9.9982E-05 0.122782 9.9982E-05 0.135273
9.9964E-05 0.442723 9.9964E-05 0.24141 0.0741834 9.9964E-05 9.9964E-05 0.102389 0.0248051 0.11409
0.016533 0.376592 0.0266458 0.291909 0.0385568 0.0433519 0.0837822 0.0854802 9.9991E-05 0.0370486
0.0410488 0.412746 9.9973E-05 0.194247 0.115958 0.042004 0.00834179 9.9973E-05 9.9973E-05 0.185354
9.9964E-05 0.108254 9.9964E-05 0.387886 0.167798 9.9964E-05 0.0212026 0.104994 9.9964E-05 0.209466
0.0261018 0.356791 0.0262964 0.23164 0.0623092 9.9973E-05 9.9973E-05 0.0959602 9.9973E-05 0.200602
9.9964E-05 0.639021 9.9964E-05 0.172864 0.0137689 0.00321875 0.0916072 9.9964E-05 9.9964E-05 0.0791207
9.9964E-05 0.557885 9.9964E-05 0.159742 9.9964E-05 9.9964E-05 0.147958 0.0300283 0.0802507 0.0237363
9.9964E-05 0.490896 0.162036 0.173991 0.0078397 9.9964E-05 9.9964E-05 9.9964E-05 0.0626426 0.102195
9.9973E-05 0.532003 0.00719956 0.136071 0.0443183 9.9973E-05 0.094179 0.0582834 9.9973E-05 0.127646
9.9991E-05 0.375267 0.0405094 0.194197 0.070758 0.0130637 0.0222587 0.00949496 0.0797019 0.19465
0.0321771 0.605012 9.9973E-05 0.180585 9.9973E-05 9.9973E-05 0.0598913 0.0128464 0.0473348 0.0618544
0.0162071 0.374944 0.000455448 0.21332 0.112132 9.9982E-05 0.00577609 0.176315 9.9982E-05 0.10065
0.0834966 0.465098 0.0985854 0.210284 9.9973E-05 0.0404234 9.9973E-05 0.0823916 9.9973E-05 0.0194209
0.129576 0.21339 9.9973E-05 0.0402992 9.9973E-05 0.0118178 0.212366 0.185764 0.206487 9.9973E-05
0.0553289 0.391722 0.0375387 0.0524707 0.136525 0.0293351 0.000592805 0.171221 0.125166 9.9991E-05
9.9964E-05 0.414623 9.9964E-05 0.0343241 9.9964E-05 0.0358849 0.326636 0.0812389 0.106893 9.9964E-05
0.0544517 0.502586 0.0321386 9.9991E-05 0.0625645 0.0413792 0.116165 0.103381 0.00649402 0.0807401
0.169481 0.488071 0.00522325 0.0440351 0.0165803 0.0565604 9.9982E-05 0.183504 0.0363448 9.9982E-05
9.9955E-05 0.532322 0.130633 0.287864 9.9955E-05 9.9955E-05 0.0261478 0.0225343 9.9955E-05 9.9955E-05
0.0498524 0.486449 9.9991E-05 0.0643884 0.0827128 0.105761 0.0227958 0.0408618 0.137408 0.00967099
9.9964E-05 0.0663842 0.299833 0.169889 0.0514907 9.9964E-05 9.9964E-05 0.103409 0.308594 9.9964E-05
0.00671952 0.281218 9.9982E-05 0.11078 0.0479799 0.0436324 0.248888 0.196445 0.0641376 9.9982E-05
9.9964E-05 0.514538 0.00475256 9.9964E-05 0.154752 9.9964E-05 9.9964E-05 0.180857 0.103406 0.0412944
0.030959 0.464011 0.0286321 0.155869 0.0201671 9.9982E-05 0.07655 0.203055 0.0205568 9.9982E-05
9.9982E-05 0.303897 0.138446 0.0671404 0.115985 0.0198465 0.00413028 0.113437 0.236917 9.9982E-05
0.118912 0.282113 9.9982E-05 0.0515071 0.00636439 0.000643315 0.36772 0.0848758 0.0876656 9.9982E-05
0.0858468 0.530399 0.0567059 0.0245683 9.9982E-05 0.0920649 0.0217957 0.159065 0.0293542 9.9982E-05
0.0747021 9.9955E-05 0.323969 9.9955E-05 9.9955E-05 0.0319439 9.9955E-05 0.198069 0.370816 9.9955E-05
0.104395 0.400998 0.0128964 0.0335105 0.105199 0.0685457 9.9982E-05 0.169992 0.104263 9.9982E-05
9.9982E-05 0.3044 0.0433976 9.9982E-05 0.0312063 0.0643744 0.248409 0.2051 0.0668079 0.0361049
0.0745947 0.437502 0.0430907 9.9982E-05 9.9982E-05 0.040555 0.196995 0.169023 0.0350496 0.00299095
9.9955E-05 0.549729 9.9955E-05 9.9955E-05 9.9955E-05 0.0311945 0.0730384 0.106616 0.238923 9.9955E-05
0.0353808 0.364658 9.9982E-05 9.9982E-05 0.0872607 0.0738279 0.141419 0.156825 0.106277 0.034152
0.115116 0.55867 0.269838 9.9964E-05 9.9964E-05 0.0236503 9.9964E-05 0.0196796 9.9964E-05 0.0126461
0.0823174 0.453364 0.17534 0.0767631 0.0756856 0.0238274 0.0180732 0.0823066 0.00727654 0.0050461
9.9955E-05 0.173795 0.553652 0.144135 0.126891 9.9955E-05 9.9955E-05 9.9955E-05 9.9955E-05 0.00102744
9.9955E-05 0.163117 0.669635 0.0521876 0.072977 9.9955E-05 9.9955E-05 9.9955E-05 9.9955E-05 0.0415834
0.0237648 0.368669 0.0932038 0.106041 0.139864 0.0414126 0.0813973 0.124489 9.9991E-05 0.0210583
0.0485162 0.337587 0.135977 0.0522593 9.9973E-05 9.9973E-05 0.0898865 0.326903 0.00857091 9.9973E-05
0.0530724 0.346449 0.152662 9.9964E-05 0.0263951 9.9964E-05 9.9964E-05 0.363121 0.0579008 9.9964E-05
0.0663801 0.178415 0.272446 9.9982E-05 9.9982E-05 0.0311232 0.0187443 0.300849 0.130238 0.00160362
0.0599245 0.389595 0.066391 0.0490455 9.9982E-05 0.047569 0.0117099 0.231998 0.143567 9.9982E-05
0.110525 0.187213 0.625792 9.9946E-05 9.9946E-05 9.9946E-05 9.9946E-05 0.0758699 9.9946E-05 9.9946E-05
9.9955E-05 0.302261 0.56656 9.9955E-05 9.9955E-05 0.0384296 9.9955E-05 0.0494336 0.0428161 9.9955E-05
0.0483931 0.626355 0.192228 9.9973E-05 0.0537616 0.0344101 9.9973E-05 0.0223452 9.9973E-05 0.0222074
0.0785363 0.482325 0.192845 9.9964E-05 0.12873 9.9964E-05 0.0231342 0.0940292 9.9964E-05 9.9964E-05
9.9955E-05 0.319635 0.471696 9.9955E-05 0.0574877 0.0826409 9.9955E-05 0.0680408 9.9955E-05 9.9955E-05
0.0108317 0.616587 0.130446 0.102233 9.9973E-05 0.0270042 9.9973E-05 0.0547748 0.0578236 9.9973E-05
0.0451846 0.49506 0.22069 9.9964E-05 0.0944777 9.9964E-05 9.9964E-05 0.132654 9.9964E-05 0.0115342
0.000108345 0.256612 0.226921 0.0926768 0.0905087 9.9982E-05 0.0629121 0.244161 9.9982E-05 0.0259004
0.0581474 0.444953 0.315865 0.103413 0.0740737 9.9964E-05 9.9964E-05 9.9964E-05 9.9964E-05 0.00314882
9.9982E-05 0.395769 0.338321 0.0581374 0.0501286 0.0045398 0.125454 0.0100242 9.9982E-05 0.0174266
9.9982E-05 0.536396 0.175481 0.022349 0.085472 0.0531505 9.9982E-05 0.0489406 0.00589685 0.0721146
0.0400791 0.48812 0.206957 0.0225176 0.0760037 0.029271 9.9982E-05 0.0250236 9.9982E-05 0.111829
0.0266794 0.408048 0.279899 0.00508757 0.0416679 9.9982E-05 0.0738523 0.087565 9.9982E-05 0.0770015
9.9946E-05 0.574056 0.354427 0.0573034 9.9946E-05 9.9946E-05 0.0136144 9.9946E-05 9.9946E-05 9.9946E-05
9.9937E-05 0.35733 0.559852 9.9937E-05 9.9937E-05 9.9937E-05 9.9937E-05 9.9937E-05 9.9937E-05 0.082119
0.0344999 0.5506 0.237364 9.9955E-05 0.118847 9.9955E-05 0.0581888 9.9955E-05 9.9955E-05 9.9955E-05
9.9946E-05 0.331103 0.524923 0.0905978 0.0527769 9.9946E-05 9.9946E-05 9.9946E-05 9.9946E-05 9.9946E-05
9.9964E-05 0.469857 0.404636 9.9964E-05 9.9964E-05 0.00765525 0.0551805 0.0217237 9.9964E-05 0.0405478
0.0163267 0.554785 0.164171 0.00711095 0.124333 0.0427274 9.9991E-05 0.0292295 0.0446184 0.0165978
9.9964E-05 0.466542 0.252158 0.0227526 0.164386 0.0273363 9.9964E-05 0.0664242 9.9964E-05 9.9964E-05
0.0636338 0.437679 0.00964755 0.109645 0.0274253 0.0372408 0.153404 0.05834 0.102884 9.9991E-05
9.9982E-05 0.172396 0.0591096 0.0369333 0.118655 9.9982E-05 0.244461 0.202833 0.114007 0.0514043
0.208904 0.209639 0.126042 0.00897514 0.02737 9.9973E-05 0.128862 0.289908 9.9973E-05 9.9973E-05
0.146883 0.313752 0.0971713 0.00184781 0.0318027 0.0609989 0.0506052 0.181804 0.043955 0.0711812
0.0366684 0.3909 9.9982E-05 0.00110997 0.0479605 9.9982E-05 0.145275 0.100061 0.199666 0.0781593
0.146861 0.391263 0.101342 9.9973E-05 9.9973E-05 0.0701436 0.0946337 0.164433 9.9973E-05 0.0310236
0.225753 0.0860556 0.558588 9.9955E-05 9.9955E-05 0.014243 9.9955E-05 0.11486 9.9955E-05 9.9955E-05
0.0664617 0.505414 0.0547309 0.0140833 0.0231301 0.0467795 0.0274222 0.164725 0.0254997 0.0717541
0.106746 9.9946E-05 0.484105 9.9946E-05 9.9946E-05 9.9946E-05 9.9946E-05 0.134289 0.274261 9.9946E-05
0.00840432 0.542493 0.049781 0.00101862 0.0732552 9.9982E-05 0.108513 0.133699 0.0826361 9.9982E-05
9.9937E-05 0.243247 0.590253 9.9937E-05 0.165801 9.9937E-05 9.9937E-05 9.9937E-05 9.9937E-05 9.9937E-05
9.9955E-05 0.0200387 0.624607 0.16053 0.191039 0.00328591 9.9955E-05 9.9955E-05 9.9955E-05 9.9955E-05
9.9946E-05 0.552442 0.284647 0.0297402 0.132571 9.9946E-05 9.9946E-05 9.9946E-05 9.9946E-05 9.9946E-05
