0.839387 9.9955E-05 0.057446 0.0586491 9.9955E-05 0.0156313 9.9955E-05 9.9955E-05 0.0283867 9.9955E-05
0.903549 9.9946E-05 9.9946E-05 9.9946E-05 9.9946E-05 9.9946E-05 0.0107689 9.9946E-05 0.0263799 0.0587022
0.730693 9.9973E-05 0.0474688 0.0273518 0.00396236 0.0455738 0.00123287 0.143417 9.9973E-05 9.9973E-05
0.769841 9.9964E-05 0.0106248 0.0562322 9.9964E-05 9.9964E-05 0.0495409 0.0379242 0.075437 9.9964E-05
0.78213 9.9964E-05 0.0603457 0.114708 9.9964E-05 9.9964E-05 9.9964E-05 0.00465292 0.00317045 0.0345932
0.537379 0.316986 0.0436394 0.0952995 9.9955E-05 9.9955E-05 9.9955E-05 9.9955E-05 0.0061959 9.9955E-05
0.765556 0.169115 0.00147986 0.0431153 9.9955E-05 9.9955E-05 0.0202341 9.9955E-05 9.9955E-05 9.9955E-05
0.671333 0.217593 0.0675249 0.0429489 9.9946E-05 9.9946E-05 9.9946E-05 9.9946E-05 9.9946E-05 9.9946E-05
0.780547 9.99549E-05 0.0378502 9.99549E-05 0.0491373 0.088809 9.99549E-05 9.99549E-05 0.0431567 9.99549E-05
0.636363 0.189028 0.0579335 0.112663 9.9955E-05 9.9955E-05 9.9955E-05 0.00351371 9.9955E-05 9.9955E-05
0.690555 0.235969 0.00507432 9.9955E-05 9.9955E-05 9.9955E-05 0.0474344 9.9955E-05 0.0204672 9.9955E-05
9.9955E-05 0.0692676 9.9955E-05 0.00186249 9.9955E-05 9.9955E-05 0.811682 0.108033 0.00865539 9.9955E-05
9.9964E-05 9.9964E-05 0.0444106 0.0751255 9.9964E-05 0.0443459 0.453182 0.353882 0.028654 9.9964E-05
0.0510899 9.9973E-05 0.0139238 0.0310436 9.9973E-05 0.0500878 0.752293 0.0889349 9.9973E-05 0.0123271
9.9937E-05 9.9937E-05 9.9937E-05 0.111126 9.9937E-05 9.9937E-05 0.76108 0.127094 9.9937E-05 9.9937E-05
0.121546 0.127828 9.9955E-05 0.091204 9.9955E-05 9.9955E-05 0.38771 0.271212 9.9955E-05 9.9955E-05
9.9973E-05 0.0206425 0.0401715 0.034236 0.0454524 0.1029 0.248096 0.508202 9.9973E-05 9.9973E-05
9.9973E-05 0.184792 0.0324706 0.13746 0.0158291 9.9973E-05 0.331616 0.297152 0.000380418 9.9973E-05
0.10199 0.0197534 9.9964E-05 0.0362429 0.0355161 9.9964E-05 0.575019 0.231079 9.9964E-05 9.9964E-05
0.0810335 0.0693003 9.9946E-05 9.9946E-05 9.9946E-05 9.9946E-05 0.846402 9.9946E-05 0.00266471 9.9946E-05
0.0306549 0.0233969 0.0586439 0.083811 0.108993 9.9982E-05 0.360406 0.28826 9.9982E-05 0.0456349
0.0220061 0.161881 9.9973E-05 9.9973E-05 0.0463186 0.104473 0.297192 0.36107 9.9973E-05 0.00676011
0.00809074 0.106579 0.0739654 0.0598346 0.0326446 9.9973E-05 0.309871 0.408715 9.9973E-05 9.9973E-05
0.0245241 0.149657 9.9964E-05 0.104142 0.0355275 9.9964E-05 0.575956 0.109794 9.9964E-05 9.9964E-05
0.111554 0.025452 0.0792002 0.0589223 9.9982E-05 0.00549263 0.0849554 0.569906 9.9982E-05 0.0643178
9.9964E-05 0.0821103 9.9964E-05 0.0553173 0.00136323 0.0614822 0.377687 0.42164 9.9964E-05 9.9964E-05
0.0493063 0.0722987 9.9946E-05 0.0815632 9.9946E-05 9.9946E-05 0.796232 9.9946E-05 9.9946E-05 9.9946E-05
0.000428284 9.9946E-05 9.9946E-05 0.179106 9.9946E-05 0.0282903 0.791575 9.9946E-05 9.9946E-05 9.9946E-05
0.0352908 0.107706 9.9964E-05 0.0351297 9.9964E-05 9.9964E-05 0.708325 0.00368326 9.9964E-05 0.109466
0.822743 9.9937E-05 9.9937E-05 0.00549006 9.9937E-05 9.9937E-05 9.9937E-05 0.171067 9.9937E-05 9.9937E-05
0.785095 9.9928E-05 9.9928E-05 9.9928E-05 9.9928E-05 9.9928E-05 9.9928E-05 0.214105 9.9928E-05 9.9928E-05
0.751445 9.9946E-05 9.9946E-05 9.9946E-05 0.00679601 9.9946E-05 9.9946E-05 0.200197 0.0409625 9.9946E-05
0.718345 9.9955E-05 9.9955E-05 0.0490881 0.0760688 0.00976311 9.9955E-05 0.146235 9.9955E-05 9.9955E-05
0.0133405 0.119351 0.0693299 9.9982E-05 0.154393 9.9982E-05 0.0943198 0.491652 0.0151001 0.0423143
0.143234 0.0200607 9.9973E-05 0.0171401 0.224735 9.9973E-05 0.0479477 0.485211 0.0613707 9.9973E-05
0.00204663 0.0494989 9.9964E-05 0.0165503 0.311619 9.9964E-05 9.9964E-05 0.592995 9.9964E-05 0.0268905
0.0928564 0.0183973 0.040585 9.9973E-05 0.0512928 9.9973E-05 0.646002 0.0114301 0.139137 9.9973E-05
0.014232 0.0196982 9.9973E-05 9.9973E-05 0.581244 9.9973E-05 0.0200922 0.320718 0.0434523 0.000262437
0.111035 9.9973E-05 0.0178084 9.9973E-05 0.258068 9.9973E-05 0.00210785 0.48315 0.0734159 0.0541152
0.0402192 0.0815005 0.0497739 9.9973E-05 0.146584 0.00935461 9.9973E-05 0.655311 9.9973E-05 0.0169572
0.0488068 0.343059 0.0325776 9.9955E-05 9.9955E-05 9.9955E-05 0.0811541 0.493903 9.9955E-05 9.9955E-05
0.0762064 0.192029 0.0741209 9.9964E-05 0.0826188 9.9964E-05 0.0803502 0.494275 9.9964E-05 9.9964E-05
9.9964E-05 9.9964E-05 0.0167161 0.00667268 0.604421 0.0441819 0.21878 0.108829 9.9964E-05 9.9964E-05
9.9955E-05 0.310191 9.9955E-05 9.9955E-05 0.00618474 0.106683 9.9955E-05 0.533249 0.0431927 9.9955E-05
0.0655575 0.112971 0.0390757 0.0407641 0.215959 9.9982E-05 0.0362969 0.484246 9.9982E-05 0.00492976
0.0810217 0.0643935 9.9982E-05 0.146043 0.244614 0.0133107 0.0340413 0.40987 9.9982E-05 0.00650512
9.9946E-05 9.9946E-05 9.9946E-05 9.9946E-05 0.60046 0.0357576 9.9946E-05 0.322582 0.0406007 9.9946E-05
9.9946E-05 9.9946E-05 0.0660798 0.0366576 0.331009 9.9946E-05 9.9946E-05 0.565654 9.9946E-05 9.9946E-05
0.0948293 9.9973E-05 9.9973E-05 0.107922 0.254674 0.0034606 0.0266046 0.427084 9.9973E-05 0.0851252
0.0146912 0.020665 9.9955E-05 9.9955E-05 0.730752 0.196359 9.9955E-05 9.9955E-05 0.0370327 9.9955E-05
9.9982E-05 0.0471007 0.115657 9.9982E-05 0.220605 0.0426503 0.392499 0.0306984 0.0943666 0.056222
9.9973E-05 0.0682526 0.0292124 9.9973E-05 0.195737 0.200845 0.399223 0.00886182 9.9973E-05 0.0975677
0.084644 0.0589424 0.0319187 0.0569809 0.0241329 9.9991E-05 0.165219 0.483084 0.0441161 0.0508616
0.0976066 0.111846 9.9964E-05 0.0290163 9.9964E-05 9.9964E-05 0.230408 0.52037 0.0103534 9.9964E-05
9.9982E-05 0.0123349 0.0882035 0.0464228 0.00836058 0.11961 0.145322 0.5218 9.9982E-05 0.0577462
0.0812576 0.0294958 0.141812 9.9991E-05 0.236164 0.0677939 0.261684 0.106923 0.0514766 0.0232945
0.0219913 0.073452 0.129227 9.9991E-05 0.0010317 0.0150307 0.157939 0.470398 0.114172 0.0166583
0.0616254 0.0740205 9.9973E-05 0.0394091 9.9973E-05 0.053457 0.253935 0.505921 0.0113318 9.9973E-05
0.100618 0.14768 9.9973E-05 0.0146692 0.0415042 9.9973E-05 0.384454 0.265958 9.9973E-05 0.0448163
0.147941 0.0439553 0.128271 0.000881917 0.0600042 0.192249 0.401187 0.0253103 9.9982E-05 9.9982E-05
9.9955E-05 9.9955E-05 0.128148 9.9955E-05 0.0433197 0.165827 0.13255 0.529656 9.9955E-05 9.9955E-05
0.0158438 9.9982E-05 0.0458723 9.9982E-05 0.0559792 0.115692 0.302752 0.403257 0.052873 0.00753116
0.0595711 0.0319771 0.152599 9.9973E-05 0.145718 0.0522415 0.487864 9.9973E-05 0.0697301 9.9973E-05
0.00286655 9.9973E-05 0.0432386 9.9973E-05 0.063824 0.0523037 0.366219 0.412173 9.9973E-05 0.0590753
9.9982E-05 0.102387 9.9982E-05 0.019312 0.121623 0.0340523 0.0276676 0.531056 0.0270208 0.136682
9.9955E-05 0.0191725 9.9955E-05 9.9955E-05 9.9955E-05 0.095851 0.258981 0.547225 0.0782708 9.9955E-05
0.000115862 0.025007 0.0137187 0.032285 0.158811 0.109429 0.311753 0.240922 0.0300902 0.0778693
9.9973E-05 9.9973E-05 0.136332 0.055912 0.107357 0.0663704 0.240256 0.351669 9.9973E-05 0.0418036
0.0756186 9.9973E-05 0.039087 0.0423351 9.9973E-05 0.107623 0.113373 0.47895 0.142713 9.9973E-05
9.9973E-05 0.0801919 0.135335 9.9973E-05 0.117922 0.0737821 0.465427 0.110553 9.9973E-05 0.0164894
9.9946E-05 0.085051 9.9946E-05 9.9946E-05 0.338624 9.9946E-05 9.9946E-05 0.527261 0.048464 9.9946E-05
0.00581616 0.0562633 9.9964E-05 0.0293606 0.670598 9.9964E-05 0.140264 0.097298 9.9964E-05 9.9964E-05
0.0629548 9.9991E-05 0.0115865 0.034633 0.169326 0.0261448 0.00538706 0.569352 0.0698259 0.0506895
9.9946E-05 0.0356145 9.9946E-05 9.9946E-05 0.830962 0.110018 9.9946E-05 9.9946E-05 9.9946E-05 0.0228057
9.9955E-05 0.000967231 9.9955E-05 9.9955E-05 0.814588 0.0302828 0.0687498 9.9955E-05 9.9955E-05 0.0849126
9.99461E-05 9.99461E-05 9.99461E-05 0.0322504 0.746908 9.99461E-05 0.00335159 0.216891 9.99461E-05 9.99461E-05
0.00442204 9.9973E-05 9.9973E-05 0.0365387 0.503986 0.00734264 0.0426756 0.36582 0.038915 9.9973E-05
0.0584852 9.9973E-05 0.0857045 0.0496961 0.0749577 0.0492496 9.9973E-05 0.610875 0.070732 9.9973E-05
9.9964E-05 9.9964E-05 0.0426272 9.9964E-05 0.42626 0.0487396 0.0381333 0.428247 0.0155928 9.9964E-05
0.0328452 9.9973E-05 0.0933721 0.00242146 0.493038 9.9973E-05 0.153706 0.155865 0.0684526 9.9973E-05
0.0481997 9.9964E-05 0.0737224 9.9964E-05 0.381562 9.9964E-05 0.082706 0.212799 0.200611 9.9964E-05
0.0949147 9.9964E-05 9.9964E-05 0.0140576 0.150215 9.9964E-05 9.9964E-05 0.579775 0.112459 0.0481788
0.0248256 0.028616 9.9973E-05 0.0406333 0.580615 9.9973E-05 0.101362 0.218971 9.9973E-05 0.00467733
9.9955E-05 0.0335083 0.0309114 0.0125885 0.49199 9.9955E-05 9.9955E-05 0.430502 9.9955E-05 9.9955E-05
9.9946E-05 9.9946E-05 9.9946E-05 9.9946E-05 0.570615 0.0139608 9.9946E-05 0.38503 9.9946E-05 0.0297951
9.9955E-05 0.00929914 0.0429733 9.9955E-05 0.631585 0.124751 9.9955E-05 9.9955E-05 9.9955E-05 0.190892
9.9964E-05 0.00488787 0.0286541 0.00559795 0.260711 9.9964E-05 0.126585 0.573165 9.9964E-05 9.9964E-05
0.801243 9.9946E-05 9.9946E-05 9.9946E-05 9.9946E-05 9.9946E-05 0.0600511 0.134259 0.00384775 9.9946E-05
0.859952 9.99371E-05 9.99371E-05 9.99371E-05 9.99371E-05 0.0391618 9.99371E-05 0.100186 9.99371E-05 9.99371E-05
0.837614 9.9937E-05 9.9937E-05 9.9937E-05 9.9937E-05 0.0445948 9.9937E-05 0.117091 9.9937E-05 9.9937E-05
0.819313 9.9937E-05 9.9937E-05 9.9937E-05 9.9937E-05 0.127912 9.9937E-05 0.0520753 9.9937E-05 9.9937E-05
0.837977 9.9946E-05 9.9946E-05 9.9946E-05 0.0574539 0.0464096 9.9946E-05 0.0575595 9.9946E-05 9.9946E-05
0.783861 9.9955E-05 0.0305163 0.00289079 9.9955E-05 0.102177 9.9955E-05 0.0800551 9.9955E-05 9.9955E-05
0.884665 0.00263327 9.99551E-05 0.00179954 9.99551E-05 0.0217209 9.99551E-05 0.0886815 9.99551E-05 9.99551E-05
0.0887942 0.0313259 0.0237383 0.0262806 0.271799 0.0243164 0.057421 0.406807 0.069418 9.9991E-05
0.0418431 0.022051 9.9973E-05 0.0911085 0.162861 0.0549634 9.9973E-05 0.446719 0.180154 9.9973E-05
0.051694 9.9937E-05 9.9937E-05 9.9937E-05 0.855884 9.9937E-05 0.0917227 9.9937E-05 9.9937E-05 9.9937E-05
0.077382 9.9982E-05 0.0625062 0.0464955 0.179941 9.9982E-05 0.0545311 0.527353 0.0480485 0.00354301
0.0401818 0.0498748 9.9964E-05 9.9964E-05 0.400876 9.9964E-05 0.117825 0.378086 0.0127569 9.9964E-05
0.0723011 9.9955E-05 0.0166619 9.9955E-05 0.26586 9.9955E-05 9.9955E-05 0.563648 9.9955E-05 0.0810293
0.0418877 0.0779176 9.9982E-05 0.0227012 0.264573 0.00216297 0.08633 0.453233 9.9982E-05 0.0509942
0.0221369 0.0106654 9.9964E-05 0.0191975 0.402839 9.9964E-05 9.9964E-05 0.485742 9.9964E-05 0.0590192
0.0540998 9.9946E-05 0.0758269 9.9946E-05 0.737205 9.9946E-05 0.132268 9.9946E-05 9.9946E-05 9.9946E-05
0.152956 0.0162906 0.0632363 0.037162 9.9991E-05 0.0802242 0.0397224 0.563872 0.0365966 0.00983983
0.00474354 0.0326014 9.9973E-05 0.0665223 0.107713 0.0543359 0.237843 0.495941 9.9973E-05 9.9973E-05
0.00986981 0.0263384 0.110425 0.0840761 0.202979 0.0209739 9.9982E-05 0.517398 9.9982E-05 0.0277404
9.9973E-05 0.0878702 9.9973E-05 0.0917414 0.574117 0.0468507 0.0268349 0.167787 9.9973E-05 0.00449928
9.9964E-05 9.9964E-05 0.00293278 0.0583469 0.407516 0.00329372 9.9964E-05 0.469374 9.9964E-05 0.0581367
0.00186886 0.0520678 0.0187358 0.056416 0.424692 9.9982E-05 0.0275184 0.392407 0.0260939 9.9982E-05
9.9937E-05 9.9937E-05 9.9937E-05 0.0758167 0.639682 9.9937E-05 9.9937E-05 0.283801 9.9937E-05 9.9937E-05
0.0568333 0.0363681 0.00231121 9.9973E-05 0.389808 0.0206779 9.9973E-05 0.426371 0.06733 9.9973E-05
0.143789 0.114881 0.000755328 0.0254699 0.111803 9.9991E-05 0.0240509 0.485758 0.0537248 0.0396686
0.0420297 9.9973E-05 9.9973E-05 9.9973E-05 0.0204331 0.152036 0.490176 0.145539 0.0252963 0.12419
0.0941457 0.0215121 0.0898446 0.0610363 0.021816 0.0911328 0.212623 0.350976 0.0568139 9.9991E-05
0.0967101 0.104723 9.9982E-05 0.0688489 0.0671054 9.9982E-05 0.149631 0.383414 0.0310232 0.0983443
0.0470041 0.0806068 9.9982E-05 0.0329949 0.0980875 0.0193197 0.193155 0.490394 0.038238 9.9982E-05
0.015184 9.9955E-05 9.9955E-05 9.9955E-05 9.9955E-05 9.9955E-05 0.428797 0.421816 0.106103 0.0275993
9.9964E-05 0.053624 9.9964E-05 9.9964E-05 9.9964E-05 0.0593002 0.198614 0.561167 0.117646 0.00924792
0.0200879 9.9964E-05 0.0638229 9.9964E-05 0.0333572 9.9964E-05 0.382064 0.397441 0.102827 9.9964E-05
0.0183614 0.0700999 0.0413061 9.9991E-05 0.093527 0.169377 0.0499114 0.476207 0.0808525 0.00025746
0.016085 0.0387099 0.171831 0.0437363 0.0941976 0.0192858 0.0754534 0.540501 9.9982E-05 9.9982E-05
0.0108102 0.0429393 0.0233489 9.9982E-05 0.0382311 9.9982E-05 0.195593 0.554344 0.0432434 0.0912906
9.9955E-05 0.0117663 0.0706182 9.9955E-05 9.9955E-05 9.9955E-05 0.348852 0.472125 0.0961385 9.9955E-05
9.9964E-05 9.9964E-05 0.0767155 0.00187365 0.00014185 9.9964E-05 9.9964E-05 0.681212 0.080544 0.159114
0.0356337 9.9973E-05 0.121075 0.025385 0.0271106 0.126929 0.0645199 0.599047 9.9973E-05 9.9973E-05
9.9964E-05 9.9964E-05 9.9964E-05 0.0187757 0.0122096 9.9964E-05 0.363413 0.508172 0.0525435 0.0444861
0.0603517 0.0819402 9.9991E-05 0.0813614 0.0439539 0.0109602 0.0332797 0.525133 0.14258 0.0203401
9.9982E-05 0.0394801 0.115558 0.0702108 0.0771285 0.0326344 0.0989606 0.456826 0.109001 9.9982E-05
0.000137905 0.00913964 0.0309618 9.9982E-05 9.9982E-05 0.15538 0.362394 0.330821 0.0466124 0.0643536
9.9955E-05 0.0322026 9.9955E-05 9.9955E-05 9.9955E-05 0.0528376 0.255523 0.591007 0.0679307 9.9955E-05
9.9964E-05 9.9964E-05 0.059854 9.9964E-05 9.9964E-05 0.065606 0.094558 0.696693 0.00168949 0.0811994
0.0132921 0.00203503 9.9991E-05 0.0899572 0.0495807 0.023641 0.270093 0.189553 0.256431 0.105317
9.9982E-05 0.034069 0.123944 9.9982E-05 0.0717802 0.14986 0.311955 0.124476 0.00449451 0.179221
0.0577957 0.0441722 0.0912833 9.9991E-05 0.00994344 0.057038 0.191016 0.533226 0.0064551 0.00897023
9.9991E-05 0.0308766 0.126615 0.0703511 0.122961 0.040123 0.227625 0.0336581 0.0645064 0.283184
0.0341479 0.0606385 9.9991E-05 0.0229295 0.0602359 0.0497161 0.458236 0.149028 0.0796684 0.0852994
9.9955E-05 9.9955E-05 9.9955E-05 9.9955E-05 0.0493351 9.9955E-05 0.353773 0.395133 0.13906 0.0621993
0.0255556 9.9973E-05 0.0731049 9.9973E-05 0.122878 9.9973E-05 0.50913 0.20281 0.06529 0.00093145
0.000395411 0.0690597 0.0362111 0.0445271 0.0865101 9.9991E-05 0.478497 0.147875 0.126956 0.00986866
0.0468907 0.116431 9.9973E-05 9.9973E-05 0.081855 9.9973E-05 0.119302 0.554595 0.0742852 0.00634162
0.0921909 9.9973E-05 0.175047 0.0182851 0.0612286 9.9973E-05 9.9973E-05 0.546815 0.10174 0.00439313
0.0277355 0.0630414 9.9973E-05 9.9973E-05 0.0577805 9.9973E-05 0.216398 0.481995 0.114765 0.0379848
9.9973E-05 9.9973E-05 0.0143032 9.9973E-05 0.119023 0.195119 0.396174 0.10578 0.0703785 0.0989219
0.18329 0.0867386 0.00185389 0.0706659 0.11846 0.0425302 9.9991E-05 0.34093 0.0202029 0.135229
9.9982E-05 0.0742164 0.0828747 0.0242019 0.0467156 0.0913897 0.101921 0.45758 9.9982E-05 0.120901
0.0465768 0.262186 0.0103229 9.9973E-05 0.153091 0.251704 9.9973E-05 9.9973E-05 0.107818 0.168
0.165989 9.9964E-05 9.9964E-05 0.00953239 0.0653277 0.0134061 9.9964E-05 0.58983 9.9964E-05 0.155516
9.9982E-05 0.168027 0.0513896 0.0396012 0.206401 0.180758 9.9982E-05 0.221834 0.0235288 0.10826
0.0594073 0.0220112 0.0734128 0.0332645 0.126111 0.102162 0.158892 0.4211 0.00353893 9.9991E-05
9.9973E-05 0.301165 0.134241 9.9973E-05 0.0887226 0.206343 0.0603768 0.198076 9.9973E-05 0.0107753
0.101321 0.412423 0.0324839 9.9991E-05 0.0704743 0.0212196 0.091019 0.0645588 0.0504301 0.15597
0.00472834 0.147179 0.0321796 9.9991E-05 0.00460165 0.061368 0.130087 0.389424 0.0697024 0.160631
0.0660606 0.0768385 0.0800367 0.0731578 0.129393 9.9982E-05 0.143278 0.385939 9.9982E-05 0.045096
0.0897918 0.225193 9.9991E-05 0.0413637 0.00997831 0.0487476 0.176244 0.361558 0.0159126 0.0311104
9.9973E-05 0.149416 0.00347705 0.0702864 0.182081 0.233867 0.213706 9.9973E-05 9.9973E-05 0.146866
0.0393108 0.133721 0.031912 0.0424317 0.0793381 0.051813 0.107478 0.43346 0.053425 0.0271107
9.9973E-05 0.264749 0.0489326 9.9973E-05 0.165308 0.0141481 0.229537 0.229169 9.9973E-05 0.0478571
9.9973E-05 0.101614 0.0365127 9.9973E-05 0.202897 0.0143704 0.174142 0.419325 9.9973E-05 0.0508392
0.0689447 0.0977293 9.9991E-05 0.0633782 0.0891282 0.047823 0.00157454 0.436123 0.0842717 0.110928
0.25374 0.179873 9.9973E-05 0.199679 0.0108557 0.195547 0.00945892 0.150547 9.9973E-05 9.9973E-05
0.408991 0.0806983 9.9946E-05 0.0765281 9.9946E-05 0.433183 9.9946E-05 9.9946E-05 9.9946E-05 9.9946E-05
0.310706 0.0683066 9.9955E-05 0.0703482 9.9955E-05 0.477026 9.9955E-05 9.9955E-05 9.9955E-05 0.0731129
0.293741 0.0985532 0.0222827 0.289705 9.9973E-05 0.208164 0.0109097 0.0763439 9.9973E-05 9.9973E-05
9.9955E-05 0.301226 9.9955E-05 9.9955E-05 0.041677 0.0110176 9.9955E-05 0.613155 9.9955E-05 0.0324246
0.0681558 0.207193 0.0650475 0.0783786 9.9973E-05 9.9973E-05 9.9973E-05 0.460659 0.0279355 0.0923299
0.008064 9.9955E-05 9.9955E-05 0.654843 9.9955E-05 9.9955E-05 0.0334863 0.289008 0.0140991 9.9955E-05
0.00463383 9.9982E-05 0.0185949 0.471602 0.0870875 0.0294503 0.095117 0.286423 0.00689225 9.9982E-05
9.9973E-05 0.0493687 9.9973E-05 0.385072 0.0617929 0.0722627 0.013259 0.299349 9.9973E-05 0.118595
9.9964E-05 0.465047 9.9964E-05 9.9964E-05 0.0346165 9.9964E-05 0.0856907 0.188186 0.00075065 0.225308
0.0534631 0.0431072 0.0586163 9.9982E-05 0.14928 0.0785512 9.9982E-05 0.513877 0.0660471 0.0368579
9.9973E-05 0.498553 9.9973E-05 0.00827017 0.0851927 0.0946222 0.0306596 0.101983 9.9973E-05 0.180419
0.00266715 0.303807 0.03975 9.9964E-05 0.0562531 9.9964E-05 9.9964E-05 0.547816 9.9964E-05 0.0493071
9.9964E-05 0.331752 9.9964E-05 0.0258264 0.144291 9.9964E-05 0.0108052 0.351281 9.9964E-05 0.135644
9.9973E-05 0.278595 0.0704566 0.077448 0.100819 9.9973E-05 9.9973E-05 0.429487 0.00483455 0.0380599
9.9973E-05 0.387591 9.9973E-05 0.0198747 0.0847902 0.124392 0.153979 0.0446168 9.9973E-05 0.184456
0.0378673 0.122917 0.0376122 0.0928777 0.0314171 9.9982E-05 0.130474 0.480715 9.9982E-05 0.0659193
9.9973E-05 0.244763 0.108584 9.9973E-05 0.013949 0.0764581 9.9973E-05 0.498444 0.0144437 0.0430584
9.9928E-05 9.9928E-05 9.9928E-05 0.949456 9.9928E-05 9.9928E-05 9.9928E-05 9.9928E-05 9.9928E-05 0.0497449
9.9955E-05 9.9955E-05 9.9955E-05 0.884881 0.049683 9.9955E-05 9.9955E-05 0.0280356 0.0117032 0.0251976
9.9946E-05 0.124515 9.9946E-05 0.581481 0.031299 9.9946E-05 9.9946E-05 0.262105 9.9946E-05 9.9946E-05
9.9937E-05 9.9937E-05 0.0278863 0.679693 9.9937E-05 9.9937E-05 9.9937E-05 0.291721 9.9937E-05 9.9937E-05
9.9955E-05 0.0470806 9.9955E-05 0.797373 0.08058 0.00964158 9.9955E-05 0.0648249 9.9955E-05 9.9955E-05
9.9928E-05 9.9928E-05 9.9928E-05 0.978218 9.9928E-05 0.0209825 9.9928E-05 9.9928E-05 9.9928E-05 9.9928E-05
9.9937E-05 9.9937E-05 0.011831 0.951726 9.9937E-05 9.9937E-05 9.9937E-05 9.9937E-05 0.0357436 9.9937E-05
9.9937E-05 9.9937E-05 9.9937E-05 0.844897 9.9937E-05 9.9937E-05 0.0222911 0.132112 9.9937E-05 9.9937E-05
9.9937E-05 9.9937E-05 0.00429442 0.96235 9.9937E-05 9.9937E-05 9.9937E-05 9.9937E-05 0.0326555 9.9937E-05
9.9928E-05 9.9928E-05 9.9928E-05 0.997014 9.9928E-05 9.9928E-05 9.9928E-05 9.9928E-05 9.9928E-05 0.00218681
9.99201E-05 9.99201E-05 9.99201E-05 0.999101 9.99201E-05 9.99201E-05 9.99201E-05 9.99201E-05 9.99201E-05 9.99201E-05
0.0401181 0.0169044 9.9964E-05 0.715246 9.9964E-05 9.9964E-05 0.0395701 0.180229 9.9964E-05 0.00753271
9.9973E-05 0.00994477 0.00973164 0.789106 9.9973E-05 0.00965005 0.0698134 0.0892382 0.0222156 9.9973E-05
9.9928E-05 9.9928E-05 9.9928E-05 0.973806 0.0253945 9.9928E-05 9.9928E-05 9.9928E-05 9.9928E-05 9.9928E-05
0.05361 9.9982E-05 0.0250318 0.366173 0.0649399 9.9982E-05 0.176705 0.234301 0.0265436 0.0524965
9.9937E-05 9.9937E-05 9.9937E-05 0.635697 9.9937E-05 9.9937E-05 9.9937E-05 0.217221 0.146383 9.9937E-05
0.0243438 9.9973E-05 0.0259639 0.652591 9.9973E-05 0.0255652 0.0199939 0.217029 0.0342125 9.9973E-05
0.0124762 9.9946E-05 9.9946E-05 0.831092 9.9946E-05 9.9946E-05 0.0590587 0.0967731 9.9946E-05 9.9946E-05
0.00226312 9.9946E-05 9.9946E-05 0.926038 9.9946E-05 0.0165871 9.9946E-05 0.0545125 9.9946E-05 9.9946E-05
0.013052 9.9946E-05 9.9946E-05 0.818058 9.9946E-05 0.0777735 9.9946E-05 0.0905171 9.9946E-05 9.9946E-05
9.99201E-05 9.99201E-05 9.99201E-05 0.999101 9.99201E-05 9.99201E-05 9.99201E-05 9.99201E-05 9.99201E-05 9.99201E-05
9.9964E-05 9.9964E-05 0.00708066 0.686408 0.085309 9.9964E-05 0.0489357 0.127854 0.0440128 9.9964E-05
9.9946E-05 9.9946E-05 9.9946E-05 0.883466 0.0205754 9.9946E-05 0.0463095 9.9946E-05 0.0490494 9.9946E-05
0.192018 0.424085 9.9946E-05 9.9946E-05 9.9946E-05 0.309841 9.9946E-05 9.9946E-05 9.9946E-05 0.0734562
0.154477 0.238774 9.9991E-05 0.0416799 0.0368033 0.0450056 0.0463141 0.375289 0.0371164 0.0244406
0.126113 0.207111 0.0768186 0.0833109 0.0395963 0.118077 9.9973E-05 0.348673 9.9973E-05 9.9973E-05
0.127555 0.302739 0.0726114 0.0363999 0.0318966 0.281436 9.9982E-05 0.14465 0.00251222 9.9982E-05
0.0480632 0.206557 0.0414929 0.134054 0.0282646 0.0344901 0.102393 0.363634 9.9991E-05 0.0409515
0.18189 0.284261 9.9982E-05 0.0267212 0.0745261 0.23015 0.0190104 0.175965 9.9982E-05 0.0072769
0.168906 0.157965 0.109067 0.0836388 9.9973E-05 9.9973E-05 0.136501 0.303626 9.9973E-05 0.0399974
0.0930009 0.424429 9.9964E-05 0.200578 0.00579968 0.0902151 9.9964E-05 0.185577 9.9964E-05 9.9964E-05
0.146856 0.275826 9.9955E-05 0.147448 9.9955E-05 9.9955E-05 9.9955E-05 0.380756 9.9955E-05 0.0486132
0.0725966 0.252558 9.9964E-05 0.110066 9.9964E-05 0.173347 9.9964E-05 0.364558 9.9964E-05 0.0264743
0.199325 0.210563 9.9964E-05 0.0141922 9.9964E-05 0.0200857 0.159625 0.395809 9.9964E-05 9.9964E-05
0.805776 0.082682 0.0376707 9.9955E-05 9.9955E-05 9.9955E-05 9.9955E-05 0.00994176 0.0634295 9.9955E-05
0.871068 9.9946E-05 9.9946E-05 0.0387371 9.9946E-05 0.0566018 9.9946E-05 9.9946E-05 9.9946E-05 0.0329938
0.897387 9.9937E-05 9.9937E-05 9.9937E-05 9.9937E-05 0.0877925 9.9937E-05 9.9937E-05 0.0141207 9.9937E-05
0.900238 9.9955E-05 0.00187266 9.9955E-05 9.9955E-05 0.0283437 9.9955E-05 0.0344386 0.0346073 9.9955E-05
0.838949 9.9955E-05 9.9955E-05 0.0167568 9.9955E-05 0.0272392 0.0718716 9.9955E-05 0.0446832 9.9955E-05
0.860233 9.9946E-05 9.9946E-05 0.0401972 9.9946E-05 0.0691357 9.9946E-05 9.9946E-05 9.9946E-05 0.029834
0.877988 9.9955E-05 0.00191918 0.0871389 0.0197807 9.9955E-05 9.9955E-05 0.0126738 9.9955E-05 9.9955E-05
0.818438 0.0192342 9.9955E-05 9.9955E-05 9.9955E-05 0.119005 9.9955E-05 0.0249482 9.9955E-05 0.0178742
0.888242 9.9955E-05 9.9955E-05 0.00616568 0.0430392 0.0156541 9.9955E-05 0.0463991 9.9955E-05 9.9955E-05
0.761216 9.9955E-05 9.9955E-05 0.0116958 9.9955E-05 0.139135 0.0256812 0.0617724 9.9955E-05 9.9955E-05
0.602695 9.9946E-05 0.0933292 9.9946E-05 0.0525933 9.9946E-05 0.250783 9.9946E-05 9.9946E-05 9.9946E-05
0.56998 9.9955E-05 0.192941 9.9955E-05 9.9955E-05 0.0239426 0.167764 9.9955E-05 0.0448734 9.9955E-05
0.513868 9.9973E-05 0.0518094 9.9973E-05 0.0141704 0.0903048 0.26194 9.9973E-05 0.0350474 0.0325609
0.49108 9.9955E-05 0.0377044 9.9955E-05 0.0464569 9.9955E-05 0.394727 9.9955E-05 0.0295318 9.9955E-05
0.0911414 0.00596708 9.9973E-05 9.9973E-05 0.261731 0.0103388 0.1038 0.435879 0.0908429 9.9973E-05
0.0537565 9.9973E-05 0.0675906 0.00658426 0.308171 9.9973E-05 0.127661 0.432889 9.9973E-05 0.00304808
9.9991E-05 0.0432586 0.0296102 0.0329513 0.177772 0.0137148 0.0835863 0.470633 0.0879151 0.0604585
0.0368351 9.9982E-05 0.0976646 9.9982E-05 0.145511 0.0119829 0.323054 0.361734 0.00753859 0.0154796
9.9964E-05 0.150805 9.9964E-05 9.9964E-05 0.00217258 9.9964E-05 0.412464 0.107336 0.252314 0.0745092
0.0736945 9.9982E-05 0.0641569 0.029014 0.18462 9.9982E-05 0.0169748 0.570746 0.00959346 0.0509997
9.9964E-05 9.9964E-05 0.0217176 9.9964E-05 0.340735 0.0424381 9.9964E-05 0.555315 0.00307221 0.036322
9.9982E-05 0.0262291 0.0138324 0.0341971 0.260544 0.0440992 0.148425 0.44919 0.0232833 9.9982E-05
9.9964E-05 0.0429848 9.9964E-05 0.0345469 0.579824 9.9964E-05 9.9964E-05 0.276702 0.00877511 0.0567678
0.0274344 0.154694 0.00620061 9.9973E-05 0.0882074 9.9973E-05 9.9973E-05 0.618405 0.0959532 0.00880544
9.9973E-05 0.0352768 0.130526 9.9973E-05 0.360017 9.9973E-05 0.0530559 0.381132 0.0227866 0.0169057
0.00327249 9.99461E-05 9.99461E-05 9.99461E-05 0.699762 9.99461E-05 9.99461E-05 9.99461E-05 0.0862067 0.21016
0.0283341 9.9982E-05 0.0875289 9.9982E-05 0.179014 0.0340456 0.110696 0.452344 0.0685188 0.0393186
9.9964E-05 0.0734388 0.0541428 9.9964E-05 0.478499 0.0717992 9.9964E-05 0.23162 9.9964E-05 0.0901009
9.9955E-05 9.9955E-05 0.00891293 9.9955E-05 0.369516 9.9955E-05 9.9955E-05 0.486504 0.044219 0.0903488
0.0303861 0.0225425 0.0600665 9.9973E-05 0.633894 9.9973E-05 0.0844902 0.0684587 0.0998616 9.9973E-05
0.0531729 9.9964E-05 0.881774 9.9964E-05 0.0254908 0.0235924 0.00454901 0.0110207 9.9964E-05 9.9964E-05
9.99201E-05 9.99201E-05 0.999101 9.99201E-05 9.99201E-05 9.99201E-05 9.99201E-05 9.99201E-05 9.99201E-05 9.99201E-05
9.99201E-05 9.99201E-05 0.999101 9.99201E-05 9.99201E-05 9.99201E-05 9.99201E-05 9.99201E-05 9.99201E-05 9.99201E-05
0.0494727 0.0142908 0.925581 9.9946E-05 9.9946E-05 9.9946E-05 9.9946E-05 9.9946E-05 9.9946E-05 0.0100558
9.9937E-05 9.9937E-05 0.948426 9.9937E-05 0.00145716 9.9937E-05 0.0494177 9.9937E-05 9.9937E-05 9.9937E-05
9.9946E-05 9.9946E-05 0.885566 0.0425925 9.9946E-05 9.9946E-05 9.9946E-05 0.0608502 0.0103921 9.9946E-05
0.853898 9.9946E-05 0.0189614 9.9946E-05 9.9946E-05 0.0187735 9.9946E-05 0.107767 9.9946E-05 9.9946E-05
0.764353 9.9955E-05 9.9955E-05 0.0693484 9.9955E-05 9.9955E-05 0.0995518 0.0083224 0.0579248 9.9955E-05
0.695088 9.9955E-05 9.9955E-05 0.0817975 9.9955E-05 0.0589591 9.9955E-05 0.15514 9.9955E-05 0.00851561
0.730032 9.9937E-05 9.9937E-05 0.124334 9.9937E-05 9.9937E-05 0.144934 9.9937E-05 9.9937E-05 9.9937E-05
0.743238 9.9964E-05 9.9964E-05 0.0620945 9.9964E-05 0.0503245 0.0522825 0.073806 0.0178548 9.9964E-05
0.376063 0.00253552 0.181187 9.9964E-05 0.0853669 9.9964E-05 0.0935567 9.9964E-05 0.260891 9.9964E-05
0.418402 0.0963632 0.162738 9.9955E-05 9.9955E-05 9.9955E-05 9.9955E-05 9.9955E-05 0.228751 0.0932455
0.393917 9.9955E-05 0.231567 9.9955E-05 0.118071 9.9955E-05 9.9955E-05 9.9955E-05 0.199612 0.0563322
0.822397 9.9928E-05 9.9928E-05 9.9928E-05 9.9928E-05 9.9928E-05 9.9928E-05 0.176803 9.9928E-05 9.9928E-05
0.348677 9.9955E-05 0.310735 9.9955E-05 0.0681833 9.9955E-05 9.9955E-05 9.9955E-05 0.214435 0.0574695
0.140765 0.0196977 9.9964E-05 0.259279 9.9964E-05 0.233139 9.9964E-05 0.338036 0.0086838 9.9964E-05
0.110365 9.9964E-05 9.9964E-05 0.23532 9.9964E-05 0.0286789 0.0892211 0.474989 0.0610264 9.9964E-05
0.167884 9.9955E-05 9.9955E-05 0.215167 9.9955E-05 0.0742357 0.000542731 0.541671 9.9955E-05 9.9955E-05
0.195836 9.9964E-05 0.0964229 0.231006 0.0820673 0.0851464 9.9964E-05 0.309121 9.9964E-05 9.9964E-05
0.123042 0.195957 0.0153133 0.07493 9.9973E-05 9.9973E-05 9.9973E-05 0.439914 0.138895 0.0116478
0.262835 0.0420884 0.0571652 0.314198 9.9955E-05 0.323213 9.9955E-05 9.9955E-05 9.9955E-05 9.9955E-05
9.9982E-05 0.0193338 0.0332281 9.9982E-05 0.0497386 0.045426 0.267103 0.360064 0.105248 0.119658
9.9973E-05 0.0561968 9.9973E-05 9.9973E-05 0.0701904 0.127877 0.128461 0.402946 0.0482029 0.165827
0.11905 9.9955E-05 0.076345 9.9955E-05 9.9955E-05 9.9955E-05 0.686495 0.0943557 0.0232544 9.9955E-05
9.9982E-05 0.0124351 0.100258 9.9982E-05 0.0701536 0.00014172 0.0793352 0.426944 0.0367821 0.273751
9.9955E-05 9.9955E-05 0.101631 9.9955E-05 0.228668 0.198106 0.074879 9.9955E-05 9.9955E-05 0.396217
0.0423083 0.0140755 0.0246342 0.00807542 9.9991E-05 0.113458 0.141095 0.492477 0.0648698 0.0989075
0.0435049 0.0431444 9.9982E-05 0.0184105 0.0769914 9.9982E-05 0.138739 0.352945 0.105615 0.22045
0.0308581 0.0728632 0.0581393 9.9982E-05 0.0635963 9.9982E-05 0.427557 0.259649 0.0633912 0.0237463
0.0525002 0.0492247 0.0135311 0.068515 0.0803177 9.9991E-05 0.180536 0.438171 0.0197837 0.0973209
9.9973E-05 0.0297595 0.0098987 9.9973E-05 0.141146 0.192575 0.434094 0.0177029 9.9973E-05 0.174525
9.9982E-05 0.0845163 0.0682258 9.9982E-05 0.0213427 0.104328 0.0984427 0.428276 0.0514119 0.143256
9.9982E-05 0.0569038 0.0969365 0.00916519 0.0163241 0.0206933 0.183736 0.49695 0.119091 9.9982E-05
0.029153 9.9991E-05 0.0896476 0.169746 0.122479 0.162311 0.000457681 0.408526 0.00252934 0.015051
9.9964E-05 0.011394 0.0236136 9.9964E-05 9.9964E-05 0.053598 0.400533 0.312047 9.9964E-05 0.198414
9.9964E-05 9.9964E-05 0.101004 0.0196338 9.9964E-05 0.0356035 0.405316 0.377392 9.9964E-05 0.0606509
9.9973E-05 0.154183 9.9973E-05 0.122167 0.0364744 9.9973E-05 0.224887 0.344945 0.0188649 0.0981791
0.069154 9.9973E-05 0.0790474 9.9973E-05 0.0836452 9.9973E-05 0.0791415 0.547104 0.0212319 0.120376
9.9973E-05 0.00430395 9.9973E-05 9.9973E-05 0.0455103 0.0277792 0.0699504 0.628619 0.143326 0.0802109
0.047799 0.00274806 9.9991E-05 0.0667957 0.137549 0.0114309 0.136146 0.465018 0.0608229 0.0715895
0.012271 0.0422772 0.119556 9.9982E-05 0.00835127 0.113653 0.0896045 0.575374 0.0387125 9.9982E-05
0.757382 0.0334332 9.9946E-05 0.0895089 9.9946E-05 9.9946E-05 9.9946E-05 0.119076 9.9946E-05 9.9946E-05
0.804663 9.9946E-05 9.9946E-05 0.0313333 9.9946E-05 9.9946E-05 9.9946E-05 0.104562 9.9946E-05 0.0588422
0.789621 0.113097 9.9982E-05 0.00371625 9.9982E-05 0.000539627 0.00149625 0.0374505 0.0326256 0.0212535
0.742374 9.9973E-05 0.108469 0.0487527 0.031274 9.9973E-05 9.9973E-05 0.0422342 0.0261706 0.00042475
0.820956 0.043498 9.9946E-05 0.0187333 9.9946E-05 9.9946E-05 9.9946E-05 0.116213 9.9946E-05 9.9946E-05
0.00565764 9.9982E-05 0.0867335 0.0481601 0.0122382 0.0634647 0.621234 0.034544 0.127768 9.9982E-05
9.9973E-05 9.9973E-05 9.9973E-05 0.00942843 0.107404 0.0843785 0.260712 0.400193 0.0251371 0.112447
0.167425 0.114015 0.021465 0.196602 0.0478468 0.0427158 9.9991E-05 0.348485 0.00115038 0.0601961
0.00347499 9.9973E-05 9.9973E-05 0.038442 9.9973E-05 0.0975627 0.0486188 0.662512 0.111845 0.0372447
0.00463326 9.9964E-05 9.9964E-05 9.9964E-05 0.160342 9.9964E-05 0.184721 0.485324 0.129386 0.0351944
9.9973E-05 9.9973E-05 0.0926526 0.0401664 9.9973E-05 0.108674 0.324057 0.151843 0.0642758 0.218032
0.10872 9.9964E-05 0.177057 9.9964E-05 0.0442933 0.0996145 0.484704 9.9964E-05 0.0852121 9.9964E-05
0.0117794 0.0419362 0.0878947 9.9982E-05 0.0666042 9.9982E-05 0.11718 0.507563 0.156148 0.0106951
0.0936795 0.0156324 0.021875 0.0373282 0.0551062 9.9982E-05 0.435285 9.9982E-05 0.190317 0.150577
9.9973E-05 9.9973E-05 0.0981913 9.9973E-05 0.177404 0.19525 0.0858648 0.32698 0.0628853 0.053125
0.0646144 0.000328195 0.10951 0.00677678 9.9991E-05 0.101704 0.444232 0.0533354 0.157668 0.0617311
0.0704599 9.9982E-05 0.0656429 0.0637597 0.0581092 9.9982E-05 0.0859282 0.530711 0.114563 0.0106267
0.121506 9.9973E-05 9.9973E-05 0.00724616 0.0496997 9.9973E-05 0.536454 0.0528677 0.164074 0.0678516
0.0212045 0.0431925 0.0376059 0.0441538 0.0299648 0.0320846 0.260334 0.249392 0.116799 0.16527
0.035324 0.330426 0.0589047 0.0793182 0.00860003 0.00925905 9.9991E-05 0.353051 0.0151863 0.109831
9.9982E-05 0.579483 0.0177858 0.00861141 0.0100775 9.9982E-05 0.152665 0.100324 0.008479 0.122374
0.00999297 0.321244 0.0400024 9.9973E-05 0.00672187 9.9973E-05 0.100842 0.515734 9.9973E-05 0.00516286
0.0497661 0.320038 0.0186108 0.0179991 9.9973E-05 9.9973E-05 9.9973E-05 0.477254 0.0196895 0.0963429
9.9973E-05 0.567604 0.00408445 9.9973E-05 9.9973E-05 0.00360286 0.0728551 0.184906 0.0231335 0.143514
0.00694983 0.210137 0.0645938 0.0791062 0.0674582 0.0613002 0.0029424 0.421468 0.0716084 0.0144359
0.00610169 0.283242 0.0793138 9.9973E-05 0.0153923 9.9973E-05 9.9973E-05 0.43563 0.0317515 0.148269
9.9955E-05 0.587302 9.9955E-05 9.9955E-05 0.105808 0.00283413 9.9955E-05 9.9955E-05 0.111804 0.191752
9.9964E-05 0.533939 0.0240315 9.9964E-05 0.06953 0.125421 9.9964E-05 0.132536 9.9964E-05 0.114142
0.00594245 0.310666 0.0353186 9.9991E-05 0.0278276 0.0169547 0.106522 0.398003 0.0532755 0.04539
9.9973E-05 0.520408 0.0903681 9.9973E-05 0.133854 0.0745045 0.0657694 9.9973E-05 0.00478292 0.110014
9.9973E-05 0.316977 0.000470437 9.9973E-05 0.0894837 0.0962683 0.116406 0.337014 0.0430811 9.9973E-05
9.9973E-05 9.9973E-05 0.131991 0.0178122 0.142026 0.0825845 0.491301 9.9973E-05 0.132939 0.00104729
9.9964E-05 9.9964E-05 0.013118 9.9964E-05 9.9964E-05 0.0353917 0.293632 0.195512 0.15726 0.304686
0.029546 9.9991E-05 0.0219761 0.0775702 0.0326377 0.000187403 0.362683 0.265569 0.17666 0.0330712
9.9964E-05 9.9964E-05 0.0317717 0.0578126 9.9964E-05 0.0883165 0.107333 0.599693 0.114673 9.9964E-05
9.9973E-05 9.9973E-05 0.058176 0.00846916 0.0704218 9.9973E-05 0.507854 0.164635 0.113651 0.076493
0.104104 9.9982E-05 0.0518962 9.9982E-05 0.0272653 0.0473136 0.051224 0.454046 0.037738 0.226213
9.9973E-05 9.9973E-05 9.9973E-05 0.127978 0.0922791 0.100691 0.113428 0.444808 0.0864984 0.0340179
0.00782616 9.9973E-05 9.9973E-05 9.9973E-05 0.0192273 0.0998542 0.340747 0.493341 0.0168999 0.0218047
9.9973E-05 9.9973E-05 0.0689273 0.0354099 0.0992376 9.9973E-05 0.233047 0.441868 0.0509332 0.0702774
0.00123235 0.0404391 0.0710457 0.0244779 0.135799 0.0184631 0.174985 0.409391 0.119791 0.00437678
9.9982E-05 9.9982E-05 0.0436385 0.058401 0.122947 0.0250619 0.389131 0.165315 0.190747 0.00455861
9.9982E-05 0.051461 0.0300173 0.102086 0.0140621 9.9982E-05 0.309633 0.209802 0.198904 0.083835
9.9973E-05 0.0488165 0.0191563 9.9973E-05 0.0073658 9.9973E-05 0.245325 0.570088 0.0579172 0.0510319
9.9964E-05 9.9964E-05 0.0511612 9.9964E-05 0.0531634 0.0895385 0.154714 0.557897 0.0931265 9.9964E-05
9.9973E-05 0.0256927 0.0569973 9.9973E-05 9.9973E-05 0.186963 0.127035 0.389235 0.118203 0.0955742
9.9955E-05 9.9955E-05 0.0868036 9.9955E-05 9.9955E-05 0.0137349 9.9955E-05 0.587001 0.184724 0.127237
0.0613079 0.0705359 9.9964E-05 9.9964E-05 9.9964E-05 0.108506 0.297905 0.312391 0.148955 9.9964E-05
0.0258167 9.9973E-05 0.0387879 9.9973E-05 0.0794015 9.9973E-05 0.0810388 0.623182 0.110918 0.0405548
0.0544245 0.0445695 0.076523 0.0181341 0.0182316 9.99911E-05 0.235109 0.409875 0.0323819 0.110651
0.12401 0.0163617 0.017652 0.0360611 0.148172 9.9991E-05 0.128402 0.486569 0.0177616 0.0249111
0.286869 0.100813 9.9964E-05 0.0986443 9.9964E-05 0.0973894 0.0605236 0.355361 9.9964E-05 9.9964E-05
0.0769613 0.0473552 9.9982E-05 0.184621 0.0287943 0.135706 0.0678012 0.446028 0.0125327 9.9982E-05
0.110413 0.113504 9.9973E-05 0.0993181 0.0395596 0.138833 0.0393045 0.458767 9.9973E-05 9.9973E-05
0.0920537 9.9973E-05 0.0620287 0.0444161 9.9973E-05 0.0781836 0.0416217 0.614846 9.9973E-05 0.0665501
0.229428 9.9973E-05 9.9973E-05 0.12265 0.0435293 0.0368845 0.0872244 0.458226 0.0217579 9.9973E-05
9.9973E-05 0.0552992 0.0118002 0.00195432 9.9973E-05 9.9973E-05 0.321327 0.405354 0.00494395 0.199021
0.206331 0.0194888 9.9982E-05 0.100217 9.9982E-05 0.0393869 0.034602 0.464789 0.0734111 0.0615749
0.0809604 0.180787 9.9973E-05 0.0780933 0.16502 0.389606 0.095542 9.9973E-05 9.9973E-05 0.00969149
0.0230915 9.9964E-05 0.0665475 0.0904053 9.9964E-05 0.171822 0.135002 0.512733 9.9964E-05 9.9964E-05
0.0906958 9.9973E-05 0.0706481 0.0965697 0.0281958 0.0759351 9.9973E-05 0.580507 9.9973E-05 0.0571486
0.120052 9.9991E-05 0.0381152 0.1908 0.0470406 0.0249492 0.0347127 0.458656 0.00923232 0.0763427
0.085078 9.9991E-05 0.000660233 0.0524514 0.0827456 0.271678 0.176521 0.313912 0.00911541 0.00773818
0.191516 0.0636218 9.9982E-05 0.0615226 0.059952 0.132647 0.0198143 0.452919 0.0178078 9.9982E-05
0.145238 9.9964E-05 9.9964E-05 0.0406125 9.9964E-05 0.132182 9.9964E-05 0.644379 0.0116408 0.0255474
0.27717 9.9955E-05 9.9955E-05 0.121518 0.0486788 0.544946 9.9955E-05 9.9955E-05 9.9955E-05 0.007188
0.210085 0.0356403 0.0919172 0.103776 9.9973E-05 0.0538039 0.0254381 0.47904 9.9973E-05 9.9973E-05
0.0762366 9.9973E-05 0.00218637 0.181798 9.9973E-05 0.142257 9.9973E-05 0.497931 0.0360674 0.0632236
0.0328677 0.0564418 0.101802 0.150477 0.0130562 0.091332 0.04713 0.506693 9.9982E-05 9.9982E-05
0.113144 9.9955E-05 9.9955E-05 0.0721443 9.9955E-05 0.155515 0.0331913 0.625505 9.9955E-05 9.9955E-05
0.100694 0.0735903 9.9982E-05 0.113187 0.0176665 0.0431972 9.9982E-05 0.46449 0.127069 0.0599064
0.0184053 9.9973E-05 9.9973E-05 0.0532316 0.00952216 9.9973E-05 0.0376421 0.436826 0.107822 0.336251
0.112776 9.9973E-05 0.00537143 9.9973E-05 0.018676 0.0286755 9.9973E-05 0.535423 0.161336 0.137442
9.9937E-05 9.9937E-05 9.9937E-05 9.9937E-05 0.107426 9.9937E-05 0.14586 9.9937E-05 9.9937E-05 0.746015
0.0111585 9.99459E-05 9.99459E-05 9.99459E-05 9.99459E-05 9.99459E-05 0.0208792 9.99459E-05 0.0423748 0.924988
9.9964E-05 9.9964E-05 0.203996 0.0618134 0.0580548 9.9964E-05 0.00201583 0.445081 9.9964E-05 0.228639
0.00520045 0.0838885 9.9973E-05 0.183113 9.9973E-05 0.187006 0.0147765 0.493293 9.9973E-05 0.0324228
0.0198581 9.9955E-05 9.9955E-05 0.319935 9.9955E-05 0.157946 9.9955E-05 0.310993 9.9955E-05 0.190768
0.120051 0.0371936 0.0575837 0.246086 0.0273944 0.221465 9.9982E-05 0.131305 9.9982E-05 0.158721
0.164414 9.9964E-05 9.9964E-05 0.211035 9.9964E-05 0.115478 0.0109667 0.34778 9.9964E-05 0.149927
9.9946E-05 9.9946E-05 9.9946E-05 0.0278009 9.9946E-05 0.205866 9.9946E-05 0.127906 9.9946E-05 0.637828
0.0339052 9.9946E-05 9.9946E-05 9.9946E-05 9.9946E-05 0.230972 9.9946E-05 0.166143 9.9946E-05 0.568379
9.9964E-05 9.9964E-05 0.091114 0.093468 0.000425161 0.0493742 9.9964E-05 0.520272 9.9964E-05 0.244947
0.0588109 9.9946E-05 9.9946E-05 0.060131 9.9946E-05 9.9946E-05 9.9946E-05 0.408823 9.9946E-05 0.471635
0.0302452 9.9964E-05 0.0289667 0.0425236 9.9964E-05 0.0760887 9.9964E-05 0.242175 9.9964E-05 0.579601
0.0101496 0.0294654 9.9973E-05 0.0113356 9.9973E-05 0.106697 0.0896243 0.574461 9.9973E-05 0.177967
0.0286802 9.9973E-05 0.0378214 0.135063 0.0326654 9.9973E-05 9.9973E-05 0.459647 0.0508431 0.254981
0.0768647 9.9973E-05 0.0198018 0.152699 9.9973E-05 0.0480419 9.9973E-05 0.535604 0.00796333 0.158725
9.9955E-05 9.9955E-05 9.9955E-05 9.9955E-05 0.012549 9.9955E-05 0.0979868 0.274595 0.0502179 0.564152
9.9973E-05 0.0228826 0.0191001 0.0424658 0.0915279 9.9973E-05 0.0727984 0.283466 9.9973E-05 0.46746
9.9973E-05 0.0684451 0.0451502 0.0644055 9.9973E-05 9.9973E-05 0.0706596 0.448571 0.0735646 0.228904
0.0492165 0.0500496 9.9964E-05 0.0447302 9.9964E-05 9.9964E-05 9.9964E-05 0.335845 0.163931 0.355828
0.0595303 0.0384848 0.0509348 0.04234 9.9973E-05 9.9973E-05 9.9973E-05 0.525138 0.154033 0.129239
9.9973E-05 0.0655495 0.000587916 9.9973E-05 0.00527477 0.0593763 0.0274392 0.428588 9.9973E-05 0.412885
9.9964E-05 0.0600657 0.035532 9.9964E-05 9.9964E-05 9.9964E-05 0.00388769 0.181665 0.0169447 0.701505
0.030108 0.0811918 9.9973E-05 0.00450565 0.0377015 0.0142972 9.9973E-05 0.514272 9.9973E-05 0.317624
9.99549E-05 9.99549E-05 0.0014894 9.99549E-05 0.034997 9.99549E-05 0.037846 0.178758 9.99549E-05 0.746409
9.9955E-05 0.0557001 0.0260022 9.9955E-05 9.9955E-05 9.9955E-05 9.9955E-05 0.402267 0.0192762 0.496254
9.9964E-05 9.9964E-05 0.0681554 0.0463758 0.0574173 9.9964E-05 0.0473182 0.565535 9.9964E-05 0.214798
0.0308074 0.0478974 0.0350219 9.9982E-05 0.0456955 9.9982E-05 0.0170245 0.461337 0.0788253 0.283191
0.156973 0.0514678 9.9973E-05 0.020304 0.0643981 0.0923836 9.9973E-05 0.555064 9.9973E-05 0.05911
0.0885732 0.107919 9.9973E-05 0.12681 9.9973E-05 0.047248 9.9973E-05 0.410507 0.127713 0.0909293
0.0997565 0.18203 9.9973E-05 0.233701 9.9973E-05 0.076245 0.0126898 0.308675 9.9973E-05 0.0866021
0.128706 0.166628 0.0468063 0.24734 9.9973E-05 9.9973E-05 0.100325 0.279576 9.9973E-05 0.0303183
0.143597 0.0160723 0.089357 0.171846 9.9982E-05 0.0733661 9.9982E-05 0.411995 0.0472413 0.046325
0.0491636 0.0261452 9.9982E-05 0.147901 0.0617393 0.0814639 9.9982E-05 0.402787 0.1061 0.1245
0.162876 9.9955E-05 0.0663908 0.0932441 9.9955E-05 0.126893 9.9955E-05 9.9955E-05 9.9955E-05 0.550096
0.0367973 0.122817 0.0490389 0.243996 9.9964E-05 9.9964E-05 9.9964E-05 0.495317 0.0516335 9.9964E-05
0.314326 9.9946E-05 9.9946E-05 0.0934218 9.9946E-05 0.155647 9.9946E-05 9.9946E-05 9.9946E-05 0.436005
0.0223305 9.9955E-05 0.0274027 0.209345 9.9955E-05 9.9955E-05 9.9955E-05 0.437964 9.9955E-05 0.302458
9.9946E-05 9.9946E-05 0.00446357 9.9946E-05 0.0677789 9.9946E-05 9.9946E-05 0.0895728 9.9946E-05 0.837585
0.0117447 9.9955E-05 9.9955E-05 9.9955E-05 0.0318243 9.9955E-05 0.029676 9.9955E-05 0.00663577 0.919619
