0.962725 0.00754979 0.0296249 9.9991E-05
0.961828 0.0379724 9.9982E-05 9.9982E-05
0.838202 9.9991E-05 0.0996184 0.0620793
0.832468 0.0841892 0.0714187 0.0119244
0.900277 9.9991E-05 0.0837592 0.0158639
0.622075 0.197901 0.0559628 0.12406
0.878084 0.0734615 0.0422547 0.00619951
0.778622 0.152876 0.0560207 0.0124816
0.853328 0.146472 9.9982E-05 9.9982E-05
0.726885 0.0715693 0.0842516 0.117294
0.805555 0.194245 9.9982E-05 9.9982E-05
0.114332 0.45688 0.00461682 0.424172
0.0845219 0.219081 0.0587787 0.637618
0.143179 0.462241 0.0398017 0.354778
0.113223 0.361248 0.0956054 0.429924
0.167956 0.251871 0.125488 0.454685
0.127099 0.0720697 0.0743506 0.726481
0.00740416 0.33741 0.10407 0.551116
0.206843 0.29833 0.0630935 0.431733
0.150326 0.698199 0.043225 0.10825
0.0817856 0.334827 0.0678645 0.515523
0.0545431 0.297547 0.0667827 0.581127
0.0565327 0.14115 0.0877426 0.714575
0.0924861 0.426252 0.120766 0.360495
0.14683 0.136397 0.124285 0.592487
0.0449945 0.184672 0.131953 0.638381
0.124357 0.524206 0.03267 0.318767
0.127626 0.424797 0.156736 0.290841
0.0672916 0.550007 9.9991E-05 0.382602
0.86066 9.9991E-05 0.10909 0.0301502
0.865617 9.9991E-05 0.0265649 0.107718
0.816405 9.9982E-05 9.9982E-05 0.183395
0.755341 9.9991E-05 0.102092 0.142467
0.0903424 0.248097 0.0296919 0.631869
0.0937213 0.188508 0.106401 0.611369
9.9982E-05 0.226404 9.9982E-05 0.773396
0.187635 0.521975 9.9991E-05 0.290291
9.9991E-05 0.459409 0.0275422 0.512949
0.0883777 0.202683 0.0639563 0.644983
0.0418112 0.151205 0.00870394 0.79828
0.133593 0.136386 9.9991E-05 0.729922
0.14353 0.0593129 0.0429342 0.754223
0.0154138 0.606729 9.9991E-05 0.377757
0.0639901 0.133226 0.0704088 0.732375
0.106271 0.1492 0.0861241 0.658405
0.158071 0.0994277 0.0505083 0.691993
9.9982E-05 0.447089 9.9982E-05 0.552711
0.039281 0.0904856 0.0766345 0.793599
0.114732 0.163922 0.118105 0.603241
0.0971479 0.889056 0.0136961 9.9991E-05
0.0435069 0.622304 9.9991E-05 0.334089
0.0328019 0.729596 0.0997837 0.137819
0.109416 0.151888 0.110911 0.627785
0.0831223 0.117528 0.152904 0.646446
0.0831484 0.127047 0.120643 0.669162
0.171464 0.521617 9.9991E-05 0.306818
0.0169504 0.265897 9.9991E-05 0.717052
0.0771461 0.186615 0.158724 0.577515
0.159905 0.354615 0.0743887 0.411092
0.274369 0.562626 0.0770022 0.0860033
0.141544 0.160823 0.0181682 0.679464
0.149802 0.305101 0.0484771 0.496621
0.119528 0.734667 9.9991E-05 0.145706
0.0384383 0.297132 9.9991E-05 0.66433
0.0391064 0.192281 0.132102 0.636511
0.128176 0.139177 0.0647425 0.667905
0.0668822 0.505549 0.0671388 0.36043
0.0117701 0.367614 0.100661 0.519955
0.118236 0.1656 0.0613894 0.654775
0.0585263 0.57625 9.9991E-05 0.365124
9.9982E-05 0.257576 9.9982E-05 0.742224
0.000242538 0.544292 9.9991E-05 0.455365
0.0995561 0.23926 0.0734652 0.587719
9.9982E-05 0.738451 9.9982E-05 0.261349
9.9982E-05 0.802663 9.9982E-05 0.197137
9.9982E-05 0.438381 9.9982E-05 0.561419
9.9991E-05 0.348417 0.00136588 0.650117
0.0413049 0.141042 0.046446 0.771207
0.00988212 0.252413 0.0296448 0.70806
0.0764202 0.518122 9.9991E-05 0.405358
0.0561592 0.520513 9.9991E-05 0.423228
0.0242916 0.104607 0.159396 0.711705
0.0141117 0.453204 0.0271297 0.505555
0.0513747 0.283469 0.0788867 0.58627
9.9982E-05 0.39713 9.9982E-05 0.60267
9.9991E-05 0.813809 0.0296183 0.156472
0.0255551 0.197004 0.0868982 0.690543
0.841076 0.015861 0.0502759 0.0927872
0.932815 9.9982E-05 9.9982E-05 0.0669855
0.864492 9.9991E-05 0.0799957 0.0554126
0.943143 9.9991E-05 0.0313731 0.0253842
0.874799 9.9991E-05 0.0434945 0.0816064
0.93594 9.9982E-05 0.0638603 9.9982E-05
0.929118 9.9991E-05 0.0511445 0.0196378
0.148133 0.126045 0.148731 0.577092
0.128419 0.150815 0.178812 0.541954
9.9982E-05 0.705665 9.9982E-05 0.294135
0.0406354 0.211814 0.140148 0.607402
0.0161904 0.343564 9.9991E-05 0.640145
0.057408 0.176004 0.0796966 0.686892
0.0242389 0.168634 0.108915 0.698212
9.9991E-05 0.271842 0.0759944 0.652063
0.0523929 0.751364 9.9991E-05 0.196143
0.134545 0.239974 0.0431362 0.582345
0.138532 0.148918 0.0878883 0.624662
0.060831 0.160912 0.110821 0.667436
9.9991E-05 0.466902 0.0839753 0.449023
9.9982E-05 0.220606 9.9982E-05 0.779194
0.0789415 0.364241 9.9991E-05 0.556717
9.9991E-05 0.379026 0.0580825 0.562791
0.11621 0.20478 9.9991E-05 0.678911
0.182411 0.0766948 0.0542266 0.686667
0.133458 0.517821 0.0117981 0.336923
0.15888 0.25137 0.138514 0.451236
0.141758 0.0775037 9.9991E-05 0.780638
0.112851 0.186596 0.0897811 0.610772
0.0864811 0.274037 9.9991E-05 0.639381
0.0820481 0.22122 0.0332974 0.663434
0.109091 0.26291 0.0503724 0.577627
0.136497 0.254374 9.9991E-05 0.609029
0.0375301 0.258834 0.154327 0.549309
0.0899454 0.189301 9.9991E-05 0.720654
0.0773883 0.274672 9.9991E-05 0.647839
0.00558358 0.194635 0.0695873 0.730195
0.12546 0.180012 0.0912701 0.603258
0.00341913 0.196366 0.104057 0.696157
0.150848 0.152329 0.0588797 0.637943
9.9991E-05 0.263261 0.125968 0.610672
0.143984 0.3041 0.0551642 0.496751
0.0334258 0.222356 0.0520661 0.692152
0.0650082 0.121559 0.058747 0.754686
0.0330254 0.530742 0.086709 0.349523
0.0820991 0.648747 0.1265 0.142654
0.0583665 0.216273 0.0419848 0.683376
9.9991E-05 0.772412 0.138979 0.0885098
0.0851153 0.508977 0.00899273 0.396915
9.9991E-05 0.401388 0.0643624 0.53415
0.0997354 0.42323 9.9991E-05 0.476935
0.0850934 0.507069 0.0138312 0.394007
0.115433 0.129995 0.0394673 0.715105
0.0707336 0.151097 0.157322 0.620848
0.0774774 0.166488 0.0863673 0.669667
9.9991E-05 0.678835 0.126894 0.194171
0.119801 0.197303 0.0616225 0.621273
0.0588576 0.264346 0.130307 0.54649
0.189701 0.726094 0.00495403 0.0792514
0.144769 0.0443208 0.0880674 0.722842
0.136085 0.355775 0.0620882 0.446052
0.135257 0.190802 0.0615912 0.61235
0.12663 0.457597 0.0615439 0.35423
0.141837 0.530683 9.9991E-05 0.32738
0.0879604 0.375265 0.000161265 0.536614
0.107503 0.197008 0.138515 0.556973
0.148561 0.191067 0.072106 0.588266
0.0662561 0.649899 0.244128 0.0397169
0.0909198 0.237275 0.1643 0.507505
0.00213795 0.497033 9.9991E-05 0.500729
0.0232721 0.346161 9.9991E-05 0.630467
0.0858369 0.10542 0.0860556 0.722688
0.333521 0.151993 0.324877 0.189609
0.618867 0.158369 0.222665 9.9991E-05
0.4895 0.286988 0.223412 9.9991E-05
0.42541 0.0935043 0.382771 0.0983148
9.9991E-05 0.171586 0.104039 0.724275
0.0823648 0.185365 0.0930094 0.639261
9.9982E-05 9.9982E-05 0.671656 0.328144
0.0279381 0.103672 0.537434 0.330956
0.0441335 0.0782067 0.516021 0.361639
0.00340661 0.511214 0.110487 0.374893
0.110346 0.261119 0.124785 0.503749
0.00995149 0.651995 0.126989 0.211064
0.0323767 0.218316 0.0290756 0.720231
0.0685922 0.359118 0.031409 0.540881
0.00863553 0.22716 0.0835447 0.68066
0.0216719 0.640857 0.0729522 0.264518
0.0541771 0.127027 0.135003 0.683793
0.0744275 0.199345 0.133818 0.592409
9.998E-05 9.998E-05 0.9997 9.998E-05
9.9982E-05 9.9982E-05 0.941992 0.0578083
0.0835493 0.0310465 0.531967 0.353438
9.9982E-05 9.9982E-05 0.732028 0.267772
0.0306909 0.0156563 0.851684 0.101968
9.998E-05 9.998E-05 0.9997 9.998E-05
0.0256673 9.9982E-05 0.974133 9.9982E-05
9.9982E-05 9.9982E-05 0.826762 0.173038
9.9982E-05 9.9982E-05 0.948295 0.0515051
9.998E-05 9.998E-05 0.9997 9.998E-05
9.998E-05 9.998E-05 0.9997 9.998E-05
0.0609438 9.9991E-05 0.756129 0.182827
0.0505568 9.9991E-05 0.766271 0.183072
9.9982E-05 0.00402776 0.995772 9.9982E-05
0.0298219 0.0766289 0.475295 0.418254
0.0163342 0.0645841 0.717901 0.20118
0.0736886 9.9991E-05 0.71315 0.213062
0.064299 9.9991E-05 0.932087 0.00351413
9.998E-05 9.998E-05 0.9997 9.998E-05
0.0705946 9.9991E-05 0.888211 0.0410942
9.998E-05 9.998E-05 0.9997 9.998E-05
0.0492669 0.0318221 0.675348 0.243564
9.9991E-05 0.0609816 0.899066 0.0398523
0.39094 0.478905 0.130054 9.9991E-05
0.241283 0.192252 0.0761383 0.490326
0.18177 0.197137 0.15746 0.463633
0.27225 0.306368 0.114564 0.306818
0.125568 0.17964 0.177185 0.517607
0.300123 0.314176 0.180502 0.205199
0.235912 0.203798 0.0683054 0.491985
0.200874 0.181964 0.184758 0.432403
0.168451 0.198073 0.14018 0.493297
0.198578 0.182012 0.291838 0.327572
0.207905 0.110918 0.0689769 0.6122
0.88458 0.0624339 9.9991E-05 0.0528858
0.922471 9.9982E-05 0.0773286 9.9982E-05
0.97958 9.9982E-05 9.9982E-05 0.0202198
0.94787 9.9982E-05 9.9982E-05 0.0519296
0.938335 0.0282485 0.0118337 0.0215825
0.907718 9.9982E-05 0.0920818 9.9982E-05
0.910427 9.9982E-05 0.0893733 9.9982E-05
0.955973 0.0262168 9.9991E-05 0.0177101
0.9476 9.9991E-05 0.0056236 0.0466768
0.889227 0.0026142 0.108059 9.9991E-05
0.692076 0.295909 0.0119153 9.9991E-05
0.670128 0.320827 9.9991E-05 0.00894477
0.592916 0.406884 9.9982E-05 9.9982E-05
0.56844 0.43136 9.9982E-05 9.9982E-05
0.105653 0.201134 9.9991E-05 0.693112
0.0227359 0.323116 0.0559704 0.598177
0.00603773 0.191649 0.0676544 0.734659
0.0734917 0.358653 9.9991E-05 0.567755
0.0769174 0.681828 9.9991E-05 0.241155
0.0514898 0.203318 0.140288 0.604904
9.9982E-05 0.213411 9.9982E-05 0.786389
9.9991E-05 0.264965 0.0043453 0.73059
9.9991E-05 0.421198 0.094275 0.484427
0.0601632 0.221106 0.0702931 0.648437
0.028446 0.343333 9.9991E-05 0.628121
9.9991E-05 0.868869 0.0203747 0.110656
0.0527211 0.255363 0.0737181 0.618198
9.9982E-05 0.527822 9.9982E-05 0.471978
0.00549569 0.303123 0.0277654 0.663616
0.0118257 0.640514 9.9991E-05 0.34756
0.276833 0.596591 9.9991E-05 0.126476
0.266116 0.600258 9.9991E-05 0.133526
0.185593 0.715821 9.9991E-05 0.0984864
0.247382 0.714337 9.9991E-05 0.0381815
0.140182 0.699459 0.0147909 0.145568
0.184597 0.574515 0.0330551 0.207833
0.900838 9.9991E-05 0.0119826 0.087079
0.853402 0.0321237 0.0358486 0.078626
0.782491 9.9991E-05 0.168224 0.0491848
0.779148 0.0193115 0.116724 0.0848172
0.864617 9.9991E-05 0.0566727 0.0786107
0.506594 0.493207 9.9982E-05 9.9982E-05
0.527849 0.471951 9.9982E-05 9.9982E-05
0.536019 0.463781 9.9982E-05 9.9982E-05
0.855868 9.9991E-05 0.0875465 0.0564851
0.489816 0.509984 9.9982E-05 9.9982E-05
0.260295 0.0717256 0.369013 0.298967
0.211556 9.9991E-05 0.190106 0.598238
0.169861 9.9991E-05 0.331039 0.499
0.290625 0.0990337 0.247532 0.362809
0.186849 0.0157203 0.202896 0.594535
0.476518 0.151716 0.371666 9.9991E-05
0.0614034 0.363999 9.9991E-05 0.574497
0.0722868 0.460817 0.0597199 0.407177
0.173467 0.446644 9.9991E-05 0.379789
9.9991E-05 0.389902 0.0390049 0.570993
9.9982E-05 0.997796 0.00200432 9.9982E-05
0.0641183 0.229868 0.129801 0.576213
0.0978312 0.235806 0.0499893 0.616374
0.0894652 0.477646 9.9991E-05 0.432789
0.113334 0.188412 0.0957475 0.602506
0.0369851 0.69273 0.0660929 0.204192
0.00136637 0.353811 0.147927 0.496895
0.0257065 0.259422 0.0337756 0.681096
0.147174 0.156367 0.241819 0.45464
9.9991E-05 0.484402 0.0182992 0.497199
0.0797815 0.307024 0.0427744 0.57042
0.0458367 0.301438 0.201444 0.451281
0.042766 0.281669 9.9991E-05 0.675465
0.00196202 0.109076 0.130651 0.758311
0.113536 0.192149 0.156287 0.538027
0.149079 0.209182 0.144659 0.49708
0.785285 9.9991E-05 0.0954074 0.119208
0.852359 9.9991E-05 0.0903651 0.0571763
0.791683 0.111484 0.0122653 0.0845682
0.860021 0.0352393 0.0325644 0.0721754
0.860002 9.9982E-05 9.9982E-05 0.139798
0.0925209 0.582161 0.0114816 0.313837
0.101833 0.277798 0.0776159 0.542753
0.195228 0.118583 0.242886 0.443302
0.0161911 0.243619 0.117463 0.622727
0.0985528 0.250995 0.0184729 0.63198
0.0136643 0.552392 0.1418 0.292143
0.242196 0.700784 9.9991E-05 0.0569205
0.0656707 0.302414 0.102333 0.529582
0.192093 0.558488 0.00140777 0.248011
0.085988 0.38343 0.137237 0.393345
0.219467 0.585219 0.00389674 0.191418
0.078036 0.201009 0.0935964 0.627358
0.134302 0.51627 0.0202682 0.32916
0.0498429 0.395981 0.161582 0.392595
0.0180095 0.354716 0.147485 0.479789
0.106702 0.507636 0.0643856 0.321276
0.0915907 0.28215 0.00854667 0.617713
0.136333 0.129562 9.9991E-05 0.734005
0.0554281 0.459326 0.0128995 0.472346
0.113623 0.234346 0.138248 0.513783
0.11671 0.241932 9.9991E-05 0.641258
9.9991E-05 0.718824 0.0104037 0.270672
9.9991E-05 0.553279 0.0270835 0.419538
0.0826564 0.301329 0.0480599 0.567954
0.0252762 0.726708 9.9991E-05 0.247916
0.0533811 0.3351 9.9991E-05 0.611419
0.0746392 0.699512 0.0516354 0.174214
9.9991E-05 0.598786 0.0594109 0.341703
0.124594 0.36754 0.0260185 0.481847
0.103177 0.103809 0.10541 0.687604
0.0424516 0.567968 9.9991E-05 0.38948
0.0438971 0.299273 0.127982 0.528848
0.136748 0.21045 0.0433073 0.609494
0.0950157 0.255587 0.097889 0.551508
0.0633063 0.283434 0.120162 0.533097
0.0675476 0.392505 0.0866548 0.453293
0.0177593 0.509931 0.123558 0.348751
0.0432562 0.475224 0.150441 0.331079
9.9991E-05 0.170041 0.0689949 0.760864
0.088974 0.162187 9.9991E-05 0.748739
0.113691 0.353751 0.0515964 0.480962
0.0246875 0.278547 0.063163 0.633602
0.143523 0.428867 0.043554 0.384056
0.0696037 0.153581 9.9991E-05 0.776715
0.0663958 0.234405 0.128394 0.570806
0.0984147 0.21419 0.16846 0.518936
0.378613 0.050287 0.161672 0.409427
0.0769819 0.122193 0.318854 0.481971
0.234749 0.0408623 0.123892 0.600497
0.0202829 0.164813 0.168698 0.646205
0.163224 0.0952058 0.289353 0.452217
9.9991E-05 0.390706 0.0769651 0.532229
0.240232 0.0397422 0.0940448 0.625981
0.267936 0.485662 0.228255 0.0181475
0.13265 0.105951 0.200538 0.560861
0.135347 0.0651095 0.194975 0.604568
0.0902933 0.0798927 0.197815 0.631999
0.219271 0.268605 0.231329 0.280796
0.194609 0.0261981 0.235309 0.543884
0.0982183 0.0183652 0.218855 0.664561
0.476154 0.287867 0.235878 9.9991E-05
0.186405 0.0586246 0.248958 0.506012
0.108768 0.031732 0.28636 0.57314
0.167335 0.101869 0.0562335 0.674562
0.183104 9.9991E-05 0.206668 0.610127
0.165977 0.0830475 0.145254 0.605721
0.0809178 0.266234 0.125138 0.52771
0.0864699 0.167016 0.0573722 0.689142
9.9991E-05 0.813101 0.0499629 0.136836
9.9991E-05 0.872937 0.0324273 0.0945354
0.00926249 0.257189 0.166416 0.567133
0.120427 0.096709 0.405839 0.377025
0.0731116 0.158909 0.458781 0.309198
0.213443 0.24577 0.394113 0.146674
0.20536 0.110248 0.348436 0.335956
0.0775294 0.608719 0.235775 0.0779762
0.146455 0.43044 0.167756 0.255349
9.9991E-05 0.157655 0.227856 0.614389
0.0869477 0.2391 0.221653 0.452299
0.0674896 0.476078 0.245664 0.210769
0.0900067 0.136021 0.127254 0.646718
9.9991E-05 0.188003 0.205054 0.606844
0.125371 0.171821 0.186011 0.516797
0.0188523 0.531438 9.9991E-05 0.44961
9.9991E-05 0.461514 0.0863257 0.45206
0.0132561 0.295004 0.0845525 0.607188
0.0453858 0.398798 0.0773175 0.478499
0.101495 0.35695 0.175146 0.36641
9.9991E-05 0.363833 0.0750984 0.560969
9.9991E-05 0.612175 0.0108159 0.376909
0.0710313 0.201088 0.0703257 0.657555
9.9991E-05 0.61884 0.0713197 0.30974
0.0443576 0.339547 0.0873585 0.528737
0.104909 0.243646 0.139294 0.512151
0.0232429 0.294773 0.0151727 0.666812
0.175695 0.0893002 0.241568 0.493437
0.173909 0.191134 0.121209 0.513748
0.161263 0.174296 0.315125 0.349317
0.217183 0.16781 0.245357 0.369649
0.175608 0.165493 0.246129 0.41277
0.168757 0.157671 0.253034 0.420538
0.197578 0.565319 0.237003 9.9991E-05
0.0482549 0.0743948 0.251981 0.625369
0.38926 0.362039 0.248601 9.9991E-05
0.0621891 0.122718 0.231502 0.583591
9.9982E-05 0.746094 9.9982E-05 0.253706
9.9991E-05 0.917052 0.0491358 0.0337124
9.9991E-05 0.364028 0.0820676 0.553804
0.0691968 0.171387 0.066057 0.693359
9.9991E-05 0.489693 0.00966334 0.500544
9.9982E-05 0.315015 9.9982E-05 0.684785
9.9982E-05 0.28287 9.9982E-05 0.71693
0.831545 9.9991E-05 0.049931 0.118424
0.78579 0.0687621 0.12277 0.0226779
0.945545 9.9982E-05 0.054255 9.9982E-05
0.914776 9.9991E-05 0.0250147 0.0601098
0.089558 0.239429 0.056132 0.614881
0.0933491 0.242673 0.0917274 0.57225
0.0350723 0.264695 9.9991E-05 0.700133
0.0869408 0.200641 0.0842139 0.628204
0.0973363 0.219156 0.00847043 0.675037
0.0321156 0.534881 9.9991E-05 0.432903
9.9991E-05 0.18629 0.0630335 0.750576
0.00641012 0.476539 0.00353255 0.513518
0.258272 0.0768212 0.224318 0.44059
9.9991E-05 0.359035 0.093833 0.547032
9.9982E-05 0.389447 9.9982E-05 0.610353
9.9982E-05 0.245684 9.9982E-05 0.754116
9.9982E-05 0.415095 9.9982E-05 0.584705
9.9991E-05 0.22469 0.0267451 0.748465
0.0502418 0.181057 0.0154269 0.753274
9.9982E-05 0.684785 9.9982E-05 0.315015
0.017952 0.501302 9.9991E-05 0.480646
9.9991E-05 0.423631 0.0542438 0.522025
9.9982E-05 0.863127 9.9982E-05 0.136673
0.0694471 0.287814 9.9991E-05 0.642638
9.9991E-05 0.705863 0.0447382 0.249299
0.0129503 0.86572 0.032193 0.0891372
9.9991E-05 0.221414 0.0452667 0.733219
0.00884504 0.567968 9.9991E-05 0.423087
9.9982E-05 0.320634 9.9982E-05 0.679166
0.073161 0.0261588 0.116602 0.784078
9.9991E-05 0.272553 0.0103594 0.716988
9.9991E-05 0.535073 0.110166 0.354661
0.0149578 0.264546 0.0109345 0.709561
0.0404478 0.289941 0.053325 0.616286
9.9982E-05 0.491769 9.9982E-05 0.508031
0.0457529 0.21604 0.0675799 0.670628
0.681646 0.250079 0.00533358 0.0629415
0.798329 0.13821 9.9991E-05 0.0633609
0.872185 0.127615 9.9982E-05 9.9982E-05
0.840689 0.159111 9.9982E-05 9.9982E-05
0.807121 0.0797917 9.9991E-05 0.112988
0.0014192 0.598322 0.0320614 0.368197
0.0449019 0.585389 9.9991E-05 0.369609
9.9991E-05 0.575123 0.0221925 0.402584
0.162713 0.102788 0.0549849 0.679514
0.164962 0.103632 0.0487581 0.682648
0.0515564 0.422431 0.0867683 0.439244
9.9991E-05 0.17213 0.0301757 0.797594
0.0259756 0.319531 0.0330164 0.621477
0.0501211 0.224469 9.9991E-05 0.72531
0.0892036 0.102576 9.9991E-05 0.808121
9.9991E-05 0.497215 0.0273051 0.47538
0.0101837 0.372944 9.9991E-05 0.616772
0.00549976 0.42471 9.9991E-05 0.56969
0.171108 0.110322 0.059298 0.659272
9.9982E-05 0.382304 9.9982E-05 0.617496
9.9991E-05 0.304988 0.0724816 0.62243
0.0596104 0.0945552 0.413381 0.432453
0.0910986 0.0701014 0.460507 0.378293
0.158729 0.00803122 0.440737 0.392502
0.146585 9.9991E-05 0.526023 0.327292
0.12521 9.9991E-05 0.336491 0.538199
9.9991E-05 0.288768 0.138103 0.573029
0.215828 0.0568075 0.701823 0.0255418
0.170377 9.9991E-05 0.530265 0.299258
0.215908 0.129744 0.21327 0.441078
0.158956 0.125038 9.9991E-05 0.715907
0.160786 0.282182 0.0481735 0.508859
0.181524 0.114415 0.0360509 0.66801
0.0962648 0.113668 0.0735719 0.716495
0.167177 9.9991E-05 0.543202 0.289521
0.1663 9.9991E-05 0.38685 0.446749
0.0232804 9.9991E-05 0.518448 0.458171
0.138845 0.0700367 0.325951 0.465168
0.14056 0.0173622 0.53982 0.302258
0.124506 0.104165 0.324541 0.446787
0.166341 9.9991E-05 0.575356 0.258203
0.17006 0.0748585 0.355843 0.399239
0.0828979 0.203329 0.0896893 0.624084
0.245337 9.9991E-05 0.374288 0.380275
0.215352 9.9991E-05 0.598545 0.186003
0.0520388 0.175431 0.405609 0.366922
0.194864 0.52554 9.9991E-05 0.279496
0.0178515 0.187942 0.133287 0.66092
0.168528 0.0654203 0.32031 0.445741
0.0920632 0.154189 0.0694357 0.684313
0.165885 0.181116 0.016074 0.636925
0.179268 0.125601 0.227559 0.467573
0.209747 0.0869357 0.369074 0.334244
0.12084 0.103641 0.190042 0.585476
0.104775 9.9991E-05 0.390699 0.504426
0.0521282 9.9991E-05 0.505935 0.441837
0.225109 9.9991E-05 0.651857 0.122934
0.0950187 0.158314 0.140345 0.606322
0.178842 0.213888 9.9991E-05 0.60717
0.162153 0.496944 0.116837 0.224066
0.164891 0.114843 0.173597 0.546669
0.123714 0.392915 0.0994335 0.383937
0.230887 0.132557 0.159964 0.476592
0.159019 0.168509 0.1182 0.554272
0.34789 0.397613 0.254396 9.9991E-05
0.365417 0.411869 0.222614 9.9991E-05
0.18972 0.338387 0.245777 0.226116
0.388451 0.315761 0.278571 0.0172167
0.46954 0.222261 0.3081 9.9991E-05
0.128415 0.26979 0.227346 0.374449
0.246485 0.127725 0.193865 0.431926
0.278644 0.284514 0.207866 0.228976
0.3637 0.270725 0.190473 0.175102
0.0905157 0.22076 0.211211 0.477513
0.240028 0.394141 0.256581 0.10925
0.497356 0.35206 0.150484 9.9991E-05
0.223573 0.141435 0.16432 0.470671
0.187226 0.190671 0.246088 0.376016
0.292888 9.9991E-05 0.250088 0.456924
0.195007 9.9991E-05 0.307509 0.497384
0.201383 9.9991E-05 0.117329 0.681187
0.147912 0.0242663 0.313008 0.514814
0.363462 0.0247435 0.254175 0.357619
0.235799 9.9991E-05 0.153881 0.61022
0.234926 0.0218329 0.25807 0.485171
0.273098 0.178762 0.294531 0.253608
0.235822 0.252129 0.128318 0.383732
0.194415 0.0995111 0.175409 0.530665
0.162131 9.9991E-05 0.18756 0.650209
0.113265 0.099318 0.165817 0.621599
0.300809 0.0388887 0.299148 0.361154
0.23907 9.9991E-05 0.239017 0.521812
0.371735 0.188553 0.308224 0.131489
0.196112 0.0325836 0.140221 0.631084
0.274991 0.128985 0.385053 0.21097
0.849798 0.126644 9.9991E-05 0.0234576
0.221702 0.60288 9.9991E-05 0.175318
0.200727 0.799073 9.9982E-05 9.9982E-05
0.204244 0.740113 9.9991E-05 0.0555435
0.143407 0.783018 9.9991E-05 0.0734747
0.222078 0.651482 9.9991E-05 0.12634
0.171316 0.665348 9.9991E-05 0.163236
0.191698 0.803502 9.9991E-05 0.00470004
0.348753 0.607788 9.9991E-05 0.0433591
0.944636 0.00816833 0.0313658 0.0158294
0.842289 0.0663037 0.042585 0.0488222
0.884957 9.9991E-05 0.0110065 0.103936
0.857032 0.100738 9.9991E-05 0.0421301
0.917412 9.9991E-05 0.052242 0.0302461
0.937157 0.0614626 9.9991E-05 0.00128064
0.778992 0.0591716 0.141186 0.0206512
0.90481 9.9991E-05 0.0663881 0.028702
0.802193 9.9991E-05 0.026603 0.171104
0.938666 9.9982E-05 0.0611342 9.9982E-05
0.968472 0.0284178 9.9991E-05 0.00301046
0.877466 0.0343472 0.0501186 0.0380686
0.968287 9.9991E-05 0.0175182 0.0140945
0.903124 9.9991E-05 0.0453476 0.0514287
0.885735 9.9991E-05 0.0777172 0.0364483
0.846895 9.9991E-05 0.0778562 0.0751488
0.780755 9.9991E-05 0.174689 0.0444559
0.798182 9.9991E-05 0.115164 0.0865535
0.809192 9.9991E-05 0.137024 0.0536837
0.198035 0.29937 0.0184548 0.48414
0.0935668 0.124515 9.9991E-05 0.781818
0.152949 0.107108 0.0976127 0.64233
0.101626 0.641025 0.125822 0.131526
0.171978 0.114448 9.9991E-05 0.713474
0.2077 0.585526 0.099232 0.107542
0.117847 0.0712026 0.0577567 0.753194
0.14988 0.254937 9.9991E-05 0.595083
0.125891 0.201383 0.0181355 0.654591
0.0196632 0.318438 0.122009 0.53989
0.147983 0.247275 9.9991E-05 0.604643
0.0891596 0.18165 0.0231461 0.706044
0.167145 0.13607 9.9991E-05 0.696685
0.0720656 0.708864 0.0601556 0.158915
0.0912293 0.860773 0.0478979 9.9991E-05
0.106806 0.602751 0.138368 0.152075
0.0998468 0.154318 0.11721 0.628625
0.148931 0.180395 0.0387571 0.631917
0.209218 0.200761 9.9991E-05 0.58992
0.0865405 0.129106 0.109883 0.674471
0.241197 9.9991E-05 0.241404 0.517299
0.166495 0.0462443 0.201967 0.585294
0.43378 0.208816 0.1997 0.157704
0.143021 0.132646 0.0955264 0.628807
0.248734 0.0955807 0.183994 0.471692
0.462136 0.30804 0.229724 9.9991E-05
0.302397 0.132758 0.237384 0.327461
0.388605 0.0980065 0.176307 0.337081
0.375674 9.9991E-05 0.0827414 0.541485
0.160626 0.0677685 0.323473 0.448133
0.254186 0.00176989 0.12183 0.622214
0.0444863 0.0828654 0.224611 0.648037
0.156298 0.153612 0.250618 0.439473
0.464584 9.9991E-05 0.235527 0.299789
