0.0573917 9.9991E-05 0.917667 0.0248412
9.9982E-05 9.9982E-05 0.920806 0.0789945
0.00565365 0.116228 0.878018 9.9991E-05
0.120866 0.015767 0.840285 0.0230821
0.0923527 9.9991E-05 0.88363 0.0239177
0.0648246 0.118525 0.682612 0.134039
0.00434195 9.9991E-05 0.888889 0.106669
0.0423294 9.9991E-05 0.806251 0.151319
9.9982E-05 9.9982E-05 0.878506 0.121294
0.0868423 0.116298 0.77351 0.0233494
9.9991E-05 0.0507837 0.78053 0.168587
0.00967313 0.440591 0.0401201 0.509615
0.129034 0.623161 0.0472687 0.200536
0.0909516 0.332561 0.124918 0.451569
0.214809 0.305023 0.0871014 0.393067
0.0771025 0.493737 0.187103 0.242058
0.0944353 0.642781 0.105059 0.157725
0.0974783 0.555326 0.0442869 0.302909
0.0733847 0.42102 0.195163 0.310432
0.019657 0.0944108 0.156013 0.729919
0.109003 0.499618 0.0168382 0.37454
0.129198 0.511774 0.0235301 0.335498
0.103126 0.563803 0.10431 0.228761
0.149316 0.333991 0.0389431 0.47775
0.117748 0.694972 0.125903 0.0613777
0.0833774 0.725867 0.0457859 0.14497
0.0456322 0.355651 0.113793 0.484924
0.266247 0.188667 0.0719356 0.47315
0.00482699 0.395832 0.0647493 0.534592
0.0807073 0.0662732 0.852919 9.9991E-05
0.00379271 0.112973 0.883134 9.9991E-05
0.0564923 0.129915 0.813493 9.9991E-05
0.076882 0.154942 0.768076 9.9991E-05
0.0669688 0.675143 0.00121269 0.256676
9.9991E-05 0.724172 0.133296 0.142433
0.00794287 0.81516 0.0229141 0.153983
9.9991E-05 0.262466 0.17806 0.559374
0.00519162 0.623986 0.0335883 0.337234
0.0640756 0.612396 0.0942232 0.229305
0.0179543 0.8964 0.045071 0.0405742
9.9991E-05 0.726153 0.147886 0.125861
0.0396694 0.720549 0.153379 0.0864022
9.9991E-05 0.369805 0.0441477 0.585947
0.109716 0.640827 0.0749764 0.17448
0.0684287 0.721865 0.0668511 0.142855
0.0525546 0.618182 0.20566 0.123603
9.9982E-05 0.623069 9.9982E-05 0.376731
0.130027 0.75805 0.0353748 0.0765486
0.0723 0.675949 0.0951648 0.156587
9.9991E-05 0.0999986 0.10511 0.794792
9.9991E-05 0.317498 0.0379175 0.644485
0.0910017 0.141235 0.0567649 0.710998
0.133081 0.662968 0.0233597 0.180592
0.159509 0.565257 0.113458 0.161776
0.128536 0.634512 0.0778287 0.159123
9.9991E-05 0.321952 0.15636 0.521588
0.0753494 0.62655 0.0334895 0.264611
0.191854 0.568421 0.104893 0.134833
0.0008815 0.472311 0.177467 0.349341
0.0899716 0.0996987 0.270922 0.539408
0.0428045 0.617043 0.0909596 0.249193
0.090975 0.427907 0.105612 0.375506
9.9991E-05 0.144201 0.128085 0.727615
0.0565869 0.558439 0.0368504 0.348123
0.156583 0.639724 0.0378886 0.165804
0.250012 0.465112 0.0588112 0.226065
0.0640533 0.421826 0.0650602 0.44906
0.0872688 0.566466 0.0468225 0.299443
0.0655013 0.521021 0.188813 0.224665
9.9991E-05 0.340158 0.0636898 0.596052
9.9982E-05 0.743179 9.9982E-05 0.256621
9.9982E-05 0.491505 9.9982E-05 0.508295
0.167664 0.631596 0.0708606 0.129879
9.9982E-05 0.315021 9.9982E-05 0.684779
9.9982E-05 0.281571 9.9982E-05 0.718229
9.9982E-05 0.571062 9.9982E-05 0.428738
0.0143761 0.585801 0.0244267 0.375396
9.99923E-05 0.615742 0.24755 0.136607
0.0161159 0.666168 9.9991E-05 0.317617
0.0117156 0.407386 0.0241448 0.556754
9.9991E-05 0.467486 0.0323523 0.500062
0.0665509 0.647142 0.14908 0.137227
9.9991E-05 0.548301 0.00140012 0.450199
9.9991E-05 0.673098 0.0866257 0.240176
9.9991E-05 0.613239 0.00708522 0.379576
0.0103372 0.214425 9.9991E-05 0.775137
0.0103861 0.718077 0.0849137 0.186624
0.0140986 0.0996391 0.886162 9.9991E-05
9.9982E-05 0.0641943 0.935606 9.9982E-05
0.0481997 0.0575359 0.894164 9.9991E-05
0.0269526 0.0351311 0.937816 9.9991E-05
0.0665271 0.0511926 0.880354 0.00192627
9.9982E-05 0.0672135 0.932586 9.9982E-05
9.9982E-05 0.0634955 0.936305 9.9982E-05
0.125183 0.645089 0.128781 0.100946
0.123953 0.538191 0.0676997 0.270156
9.9982E-05 0.293742 9.9982E-05 0.706058
0.0682559 0.6866 0.153806 0.0913384
9.9991E-05 0.656165 0.0121484 0.331586
0.0206442 0.774067 0.060864 0.144425
0.0350634 0.674345 0.0452447 0.245347
0.0876275 0.74505 9.9991E-05 0.167223
9.9991E-05 0.199405 0.0275337 0.772961
0.0692575 0.620472 0.108006 0.202265
0.0786711 0.703815 0.0400954 0.177418
0.0503116 0.715287 0.134906 0.0994951
0.0452322 0.501489 9.9991E-05 0.453178
9.9991E-05 0.695742 0.0220897 0.282069
9.9991E-05 0.624525 0.0350039 0.340372
0.0324824 0.581894 9.9991E-05 0.385524
9.9991E-05 0.652079 0.0704269 0.277394
0.0916698 0.611806 0.119694 0.176829
0.0873173 0.316289 0.0636911 0.532703
0.112744 0.424351 0.178046 0.284859
0.0919541 0.514407 0.179396 0.214243
0.131925 0.58703 0.0811871 0.199858
9.9991E-05 0.627197 0.0601331 0.31257
0.0499512 0.567365 0.12085 0.261834
0.0616987 0.528566 0.0658066 0.343929
0.0752344 0.568245 0.107479 0.249041
0.107579 0.567869 0.0854522 0.239101
0.0174012 0.744145 0.043307 0.195147
9.9991E-05 0.628708 0.0548874 0.316305
0.153599 0.59754 0.092701 0.15616
0.192289 0.577751 0.122525 0.107435
0.0677177 0.705194 9.9991E-05 0.226988
0.127048 0.629074 0.103734 0.140144
0.13095 0.606506 0.0112916 0.251252
0.0341962 0.432532 0.126309 0.406962
0.118916 0.678294 0.00133358 0.201457
0.151385 0.637718 0.0528734 0.158024
0.082661 0.364711 0.0661736 0.486454
0.139207 0.131015 0.0553796 0.674399
0.0534568 0.567459 0.111367 0.267717
0.139198 0.090645 9.9991E-05 0.770057
9.9991E-05 0.402193 0.125961 0.471746
9.9991E-05 0.577835 0.0268771 0.395188
9.9991E-05 0.493203 0.0712106 0.435486
9.9991E-05 0.449658 0.0432356 0.507007
0.0774131 0.776906 0.0505259 0.0951546
0.12167 0.599777 0.0476821 0.230871
0.0134085 0.711235 0.101733 0.173623
0.104987 0.193354 0.0372212 0.664438
0.111023 0.602925 0.140921 0.145131
0.0990415 0.62539 0.109272 0.166297
9.9991E-05 0.0956176 0.214612 0.68967
0.092513 0.715615 0.141659 0.050213
0.0625671 0.402934 0.139875 0.394624
0.0709072 0.590634 0.130938 0.207521
0.0612374 0.330913 0.155781 0.452068
9.9991E-05 0.312524 0.115194 0.572181
9.9991E-05 0.602555 0.0698993 0.327445
0.00895414 0.68084 0.168338 0.141869
0.0423783 0.502947 0.202843 0.251832
0.255654 0.0527117 0.0849717 0.606663
0.0295891 0.633773 0.19882 0.137818
0.0124937 0.48106 9.9991E-05 0.506346
0.00256782 0.636506 9.9991E-05 0.360826
0.0803255 0.589309 0.175551 0.154815
0.327239 0.14511 0.343362 0.18429
0.205787 9.9991E-05 0.620657 0.173456
0.213329 9.9991E-05 0.489448 0.297122
0.396419 0.0614276 0.408998 0.133155
0.126489 0.653453 9.9991E-05 0.219958
0.048699 0.673769 0.119382 0.15815
0.749613 0.250187 9.9982E-05 9.9982E-05
0.493659 0.304127 0.0773635 0.124851
0.473525 0.389435 0.0559721 0.0810672
0.121299 0.42035 9.9991E-05 0.458251
0.0486103 0.612923 0.146293 0.192173
0.105617 0.241419 0.0302562 0.622708
0.063939 0.682277 0.0277714 0.226013
0.0398175 0.582097 9.9991E-05 0.377985
0.115809 0.670902 0.0436717 0.169618
0.0410541 0.343799 9.9991E-05 0.615047
0.105477 0.708517 0.0540449 0.131961
0.17621 0.546901 0.0535036 0.223385
0.9997 9.998E-05 9.998E-05 9.998E-05
0.958534 0.0309069 9.9991E-05 0.0104592
0.586202 0.312856 0.0899381 0.0110044
0.796043 0.203757 9.9982E-05 9.9982E-05
0.837844 0.151716 0.0103402 9.9991E-05
0.9997 9.998E-05 9.998E-05 9.998E-05
0.960079 9.9991E-05 0.0253359 0.0144851
0.889397 0.110403 9.9982E-05 9.9982E-05
0.9997 9.998E-05 9.998E-05 9.998E-05
0.9997 9.998E-05 9.998E-05 9.998E-05
0.9997 9.998E-05 9.998E-05 9.998E-05
0.828572 0.13252 0.0388082 9.9991E-05
0.840588 0.0800526 0.0792589 9.9991E-05
0.989565 9.9982E-05 9.9982E-05 0.0102349
0.469999 0.333039 0.101267 0.0956945
0.580609 0.348691 0.0613977 0.00930241
0.797781 0.167386 0.0328462 0.00198757
0.978184 9.9982E-05 9.9982E-05 0.021616
0.9997 9.998E-05 9.998E-05 9.998E-05
0.88826 0.0535914 0.0469162 0.0112329
0.9997 9.998E-05 9.998E-05 9.998E-05
0.661005 0.246568 0.0168459 0.0755809
0.952994 9.9982E-05 9.9982E-05 0.0468063
0.154526 9.9991E-05 0.351391 0.493983
0.0662137 0.514507 0.180604 0.238676
0.0804511 0.474144 0.299826 0.145579
0.190837 0.176134 0.267071 0.365958
0.233345 0.491412 0.208126 0.0671167
0.19764 0.21383 0.279315 0.309215
0.114749 0.533293 0.235852 0.116105
0.24902 0.300514 0.215734 0.234733
0.138577 0.510451 0.187757 0.163215
0.247612 0.333215 0.223491 0.195682
0.115858 0.520648 0.218832 0.144662
9.9991E-05 0.0580685 0.871638 0.0701931
0.104884 9.9982E-05 0.894916 9.9982E-05
9.998E-05 9.998E-05 0.9997 9.998E-05
9.9991E-05 0.00507588 0.993933 0.000891357
0.0357068 9.9991E-05 0.942237 0.0219561
0.0959237 9.9982E-05 0.903876 9.9982E-05
0.0973485 9.9982E-05 0.902452 9.9982E-05
9.9991E-05 0.0372506 0.91535 0.0472989
9.9991E-05 0.039616 0.9514 0.00888371
0.109251 9.9982E-05 0.890549 9.9982E-05
9.9982E-05 9.9982E-05 0.679051 0.320749
9.9991E-05 0.00600882 0.695284 0.298607
9.9982E-05 9.9982E-05 0.610158 0.389642
9.9982E-05 9.9982E-05 0.601496 0.398304
9.9991E-05 0.719632 0.136725 0.143544
0.0576007 0.636932 0.00669651 0.298771
0.0298153 0.630721 0.0327127 0.306751
9.9991E-05 0.56271 0.0960118 0.341178
9.9991E-05 0.273764 0.0776427 0.648494
0.0579213 0.67635 0.116959 0.14877
9.9982E-05 0.755141 9.9982E-05 0.244659
0.0149582 0.698976 9.9991E-05 0.285965
0.02721 0.605205 9.9991E-05 0.367485
0.0346046 0.713495 0.0870783 0.164822
9.9991E-05 0.555623 0.0215601 0.422717
9.9982E-05 0.158692 9.9982E-05 0.841108
0.074947 0.656228 0.0488589 0.219966
9.9982E-05 0.479851 9.9982E-05 0.51995
9.9982E-05 0.814528 9.9982E-05 0.185272
9.9991E-05 0.39358 0.0259479 0.580372
9.9991E-05 0.0198808 0.306701 0.673319
9.9991E-05 0.120567 0.210233 0.6691
9.9991E-05 0.0497079 0.19759 0.752602
9.9991E-05 0.0268194 0.252335 0.720746
9.9991E-05 0.150339 0.135042 0.714519
0.0347578 0.119767 0.209973 0.635503
0.0985301 0.0113668 0.890003 9.9991E-05
0.0612214 0.079659 0.85902 9.9991E-05
0.130364 0.0765815 0.792955 9.9991E-05
0.144982 0.0446639 0.793543 0.0168115
0.145589 0.0389382 0.809248 0.00622467
9.9982E-05 9.9982E-05 0.457342 0.542458
9.9982E-05 9.9982E-05 0.541128 0.458672
0.00724188 9.9991E-05 0.512396 0.480262
0.0324677 0.0857358 0.881697 9.9991E-05
9.9982E-05 9.9982E-05 0.442923 0.556877
0.466988 0.176009 0.191847 0.165156
0.254073 0.579295 0.166532 9.9991E-05
0.304979 0.512739 0.182182 9.9991E-05
0.256729 0.342642 0.261168 0.139462
0.110756 0.636592 0.157478 0.0951744
0.337687 9.9991E-05 0.52011 0.142103
0.00796257 0.583725 0.0588263 0.349486
0.100482 0.378973 9.9991E-05 0.520445
9.9991E-05 0.357385 0.202109 0.440406
0.0406951 0.58038 0.0115064 0.367418
0.0121994 9.9982E-05 9.9982E-05 0.987601
0.133436 0.53777 0.0883322 0.240462
0.10764 0.537737 0.0293308 0.325292
9.9991E-05 0.447819 0.106408 0.445673
0.0976368 0.544294 0.116771 0.241299
0.021299 0.200553 0.008909 0.769239
0.104023 0.496519 9.9991E-05 0.399358
0.0479349 0.626994 0.0538147 0.271256
0.236277 0.359805 0.175389 0.228529
0.0642632 0.443296 9.9991E-05 0.492341
0.0650345 0.594357 0.0469965 0.293612
0.170349 0.511601 9.9991E-05 0.317951
0.00854937 0.640092 0.048574 0.302785
0.168317 0.631061 0.065459 0.135163
0.0707831 0.638337 0.146627 0.144253
0.0808637 0.651165 0.103305 0.164667
0.139041 0.061177 0.799682 9.9991E-05
0.0663227 0.0808646 0.852713 9.9991E-05
9.9991E-05 0.0780553 0.836437 0.0854078
0.0606349 0.0375571 0.821499 0.0803092
0.0497486 0.0929951 0.857156 9.9991E-05
0.115133 0.202564 0.0539109 0.628392
0.213519 0.455609 0.0691859 0.261687
0.204581 0.365615 0.207401 0.222402
0.180171 0.671185 0.0538816 0.0947623
0.0234122 0.63228 0.0831072 0.261201
0.0824615 0.371014 0.0503407 0.496184
9.9991E-05 0.0740548 0.232616 0.693229
9.9991E-05 0.628829 0.140688 0.230382
0.0634524 0.19274 0.170024 0.573784
0.150583 0.510207 0.0498232 0.289386
9.9991E-05 0.225457 0.21258 0.561862
0.0722886 0.597947 0.150571 0.179194
0.0497644 0.330171 0.147347 0.472717
0.0374446 0.471143 0.110521 0.380892
0.162426 0.472015 0.0781664 0.287393
0.0372569 0.363858 0.0856041 0.513281
0.0532553 0.632429 0.105447 0.20887
0.0948504 0.680004 0.126047 0.0990988
0.00866389 0.430684 0.0883206 0.472332
0.179268 0.498411 0.0997183 0.222602
9.9991E-05 0.696336 0.139621 0.163942
0.0397936 0.145424 9.9991E-05 0.814683
9.9991E-05 0.403815 0.0128172 0.583268
0.0535778 0.577308 0.052423 0.316691
9.9991E-05 0.323193 0.0395501 0.637157
9.9991E-05 0.617637 0.0440081 0.338254
0.0368201 0.183061 0.105966 0.674153
0.0630222 0.342471 9.9991E-05 0.594407
0.0934574 0.419924 0.0693014 0.417317
0.0969943 0.688916 0.0355243 0.178566
9.9982E-05 0.385574 9.9982E-05 0.614226
0.0589691 0.615877 0.0769752 0.248179
0.123772 0.608433 0.0518359 0.215959
0.0851332 0.59066 0.0396071 0.284599
0.121361 0.547901 0.0113033 0.319435
0.0136369 0.583741 0.0832537 0.319368
0.0975718 0.281837 0.024352 0.596239
0.0786919 0.422537 0.112009 0.386762
0.0634649 0.690434 0.00362816 0.242473
0.0728218 0.66442 0.0746425 0.188115
0.0569668 0.433868 0.102541 0.406624
0.163596 0.564803 9.9991E-05 0.271501
0.0628672 0.469389 0.115089 0.352656
0.0703118 0.650121 0.0222972 0.25727
0.0414097 0.612989 0.0978115 0.247789
0.196536 0.539501 0.0578001 0.206162
0.0830201 0.510976 0.405904 9.9991E-05
0.340186 0.380868 0.145652 0.133294
0.306993 0.513467 0.0508324 0.128707
0.128462 0.663395 0.159925 0.0482181
0.267897 0.53418 0.19679 0.00113374
0.0826501 0.563526 9.9991E-05 0.353724
0.197216 0.544262 0.165777 0.0927459
0.214219 0.0233443 0.23231 0.530126
0.226608 0.48039 0.153399 0.139602
0.164763 0.649123 0.17701 0.00910492
0.342031 0.453308 0.0403444 0.164316
0.154787 0.379226 0.207231 0.258756
0.188497 0.6075 0.203903 9.9991E-05
0.2306 0.575033 0.148139 0.046227
0.215617 9.9991E-05 0.526851 0.257432
0.256506 0.524768 0.157168 0.061557
0.277905 0.445492 0.192098 0.0845048
0.103326 0.683547 0.213026 9.9991E-05
0.256275 0.54291 0.200715 9.9991E-05
0.199437 0.559365 0.2099 0.0312985
0.125218 0.553209 0.0203381 0.301235
0.168108 0.482918 0.105567 0.243407
0.0683704 0.172207 9.9991E-05 0.759322
0.0680196 0.111357 9.9991E-05 0.820523
0.0991893 0.558305 0.0682758 0.27423
0.469821 0.382991 0.0686044 0.0785833
0.467667 0.326415 0.102415 0.103503
0.360365 0.147078 0.233412 0.259146
0.27867 0.406418 0.263802 0.0511097
0.182991 0.185466 0.0669073 0.564635
0.212945 0.205697 0.0987097 0.482647
0.163517 0.622409 9.9991E-05 0.213974
0.186484 0.513739 0.0437521 0.256026
0.183711 0.231532 0.0830484 0.501708
0.19097 0.551793 0.0614875 0.195749
0.177822 0.582165 0.068604 0.171408
0.223844 0.456076 0.10401 0.21607
9.9991E-05 0.497695 0.0357209 0.466484
0.0965541 0.418072 9.9991E-05 0.485274
0.0963777 0.618095 0.112769 0.172757
0.107373 0.413516 0.0378835 0.441227
0.154392 0.532559 0.0849782 0.228071
0.0587061 0.546484 0.00464861 0.390162
0.0491617 0.360916 9.9991E-05 0.589822
0.137819 0.627127 0.0614108 0.173643
0.0472556 0.371112 9.9991E-05 0.581532
0.0895105 0.502807 9.9991E-05 0.407582
0.106802 0.682946 0.0600655 0.150187
9.9982E-05 0.71035 9.9982E-05 0.28945
0.227905 0.544357 0.173996 0.0537424
0.197905 0.362703 0.155236 0.284155
0.266861 0.418819 0.118666 0.195654
0.301231 0.258815 0.188685 0.251269
0.207621 0.536492 0.167032 0.0888543
0.266792 0.466285 0.164515 0.102407
0.261494 9.9991E-05 0.171272 0.567135
0.282608 0.566698 0.104782 0.0459123
0.214106 9.9991E-05 0.410819 0.374975
0.220731 0.622257 0.0601908 0.0968216
0.00508196 0.274671 9.9991E-05 0.720147
0.0714784 0.0325925 9.9991E-05 0.895829
0.101598 0.500039 0.00396314 0.394401
0.0343748 0.715472 0.061934 0.188219
9.9982E-05 0.555876 9.9982E-05 0.443924
0.0708636 0.58692 0.00877661 0.33344
0.102741 0.63456 9.9991E-05 0.262599
0.040143 0.0853696 0.844612 0.0298757
0.138418 9.9991E-05 0.775232 0.0862501
0.0492259 9.9982E-05 0.950574 9.9982E-05
9.9982E-05 0.0206974 0.979103 9.9982E-05
9.9991E-05 0.675378 0.0559075 0.268614
9.9991E-05 0.758527 0.0869976 0.154375
9.9982E-05 0.745115 9.9982E-05 0.254685
9.9991E-05 0.78104 0.0845602 0.1343
0.140146 0.547359 0.0813142 0.23118
9.9991E-05 0.424431 0.0269534 0.548516
0.103036 0.739647 9.9991E-05 0.157217
9.9982E-05 0.654235 9.9982E-05 0.345565
0.198658 0.497086 0.270397 0.0338588
0.0939688 0.542658 9.9991E-05 0.363273
9.9982E-05 0.594054 9.9982E-05 0.405746
0.0125637 0.772512 0.0172202 0.197704
9.9991E-05 0.669153 0.00415655 0.32659
0.0211967 0.75129 9.9991E-05 0.227414
0.0617802 0.663331 0.0893691 0.18552
9.9982E-05 0.385526 9.9982E-05 0.614274
0.0154672 0.529714 9.9991E-05 0.454719
0.0136487 0.578394 9.9991E-05 0.407858
9.9982E-05 0.223698 9.9982E-05 0.776102
9.9991E-05 0.642795 0.0454407 0.311664
9.9991E-05 0.350823 0.00502164 0.644056
9.9991E-05 0.173716 0.011423 0.814761
0.0618923 0.69867 0.0115453 0.227892
9.9991E-05 0.483966 0.0410412 0.474893
0.0356195 0.629659 0.0316508 0.303071
0.025838 0.655654 0.113217 0.20529
9.9982E-05 0.764696 9.9982E-05 0.235104
0.0869546 0.483014 9.9991E-05 0.429932
0.063112 0.647995 0.0261569 0.262736
9.9991E-05 0.667664 0.0798955 0.252341
9.9982E-05 0.568259 9.9982E-05 0.431541
0.0112601 0.745076 0.105137 0.138527
9.9982E-05 9.9982E-05 0.711281 0.288519
0.0212273 0.0260434 0.820703 0.132026
9.9982E-05 9.9982E-05 0.855399 0.144401
9.9982E-05 9.9982E-05 0.862087 0.137713
9.9991E-05 0.0674962 0.780617 0.151787
9.9991E-05 0.435341 0.0305529 0.534006
9.9991E-05 0.377314 0.0419175 0.580668
9.9982E-05 0.444323 9.9982E-05 0.555477
0.0543427 0.798596 0.119014 0.0280473
0.0530197 0.74304 0.131233 0.0727074
0.016223 0.565899 0.0106883 0.40719
0.0705279 0.734541 0.0503577 0.144573
0.0688747 0.583542 0.0581276 0.289456
0.0171475 0.738205 0.0412198 0.203427
0.0760594 0.711072 0.0280596 0.184809
9.9982E-05 0.507618 9.9982E-05 0.492182
9.9982E-05 0.6515 9.9982E-05 0.3483
9.9982E-05 0.561047 9.9982E-05 0.438753
0.0316346 0.667267 0.208959 0.0921391
9.9982E-05 0.767654 9.9982E-05 0.232146
0.0590512 0.674357 0.0112195 0.255372
0.44507 0.419215 0.0529585 0.0827566
0.485819 0.373422 0.140659 9.9991E-05
0.431258 0.452075 0.116567 9.9991E-05
0.562437 0.315347 0.0894796 0.0327357
0.260197 0.544669 0.185453 0.00968207
0.0225258 0.654181 0.0750349 0.248258
0.675985 0.0208099 0.299407 0.00379818
0.516031 0.324259 0.159609 9.9991E-05
0.190283 0.400964 0.194908 0.213845
9.9991E-05 0.676748 0.202376 0.120776
0.0628689 0.497358 0.164025 0.275748
0.131224 0.601474 0.117279 0.150023
0.0795409 0.731915 0.127008 0.0615363
0.433934 0.327827 0.238139 9.9991E-05
0.463015 0.333999 0.202886 9.9991E-05
0.497937 0.419806 0.0821571 9.9991E-05
0.337589 0.486206 0.126323 0.0498821
0.522486 0.338402 0.139012 9.9991E-05
0.359613 0.464739 0.156351 0.0192976
0.663142 0.149717 0.090764 0.0963766
0.468853 0.384736 0.0309614 0.11545
0.0267655 0.703522 0.0923724 0.17734
0.393575 0.287161 0.238138 0.0811264
0.687058 0.144849 0.167993 9.9991E-05
0.416414 0.452302 0.0626588 0.068625
9.9991E-05 0.310847 0.24399 0.445063
0.151309 0.630838 9.9991E-05 0.217753
0.307521 0.399295 0.234764 0.058419
0.065464 0.672378 0.129248 0.13291
9.99937E-05 0.622924 0.193675 0.183301
0.247243 0.429109 0.20763 0.116018
0.340534 0.297945 0.241299 0.120221
0.137587 0.661984 0.145498 0.054931
0.376749 0.42948 0.193671 9.9991E-05
0.51862 0.366903 0.114378 9.9991E-05
0.639769 0.162711 0.19742 9.9991E-05
0.0416143 0.736475 0.148864 0.0730467
9.9991E-05 0.633037 0.186085 0.180778
0.0715738 0.23261 0.193503 0.502313
0.181762 0.532119 0.0884302 0.197688
0.0391416 0.533626 0.143022 0.28421
0.107868 0.557903 0.238908 0.0953204
0.109361 0.575919 0.149081 0.165639
0.27405 9.9991E-05 0.349308 0.376542
0.202212 9.9991E-05 0.416112 0.381576
0.189169 0.339689 0.178823 0.29232
0.294338 0.0407233 0.351355 0.313584
0.311404 9.9991E-05 0.495301 0.193195
0.153973 0.453786 0.192901 0.19934
0.198721 0.334928 0.282384 0.183967
0.149029 0.248463 0.342668 0.25984
0.185834 0.127176 0.393657 0.293333
0.129166 0.64654 0.14538 0.0789141
0.18528 0.237564 0.227918 0.349238
0.136966 9.9991E-05 0.560552 0.302382
0.199355 0.507101 0.145016 0.148528
0.340664 0.285946 0.161678 0.211712
0.147523 0.45401 0.341537 0.0569304
0.318725 0.522387 0.158788 9.9991E-05
0.16352 0.588851 0.168699 0.0789301
0.236547 0.463969 0.246474 0.0530097
0.228082 0.36622 0.405598 9.9991E-05
0.15638 0.558667 0.284854 9.9991E-05
0.275514 0.472197 0.227898 0.024392
0.266491 0.310759 0.306339 0.116411
0.196614 0.352683 0.115843 0.33486
0.157986 0.505212 0.176215 0.160586
0.245004 0.458365 0.218872 0.0777598
0.0739094 0.711063 0.106723 0.108305
0.313656 0.368852 0.290613 0.0268794
0.166212 0.577837 0.251283 0.0046682
0.285467 0.174686 0.372927 0.16692
0.287562 0.563399 0.126489 0.0225494
0.407853 0.174212 0.275217 0.142718
0.0244327 9.9991E-05 0.836528 0.138939
9.9991E-05 0.228921 0.228666 0.542313
9.9982E-05 9.9982E-05 0.154185 0.845615
9.9991E-05 0.057074 0.190838 0.751988
0.00672228 0.126691 0.106064 0.760524
0.00913897 0.0788817 0.155541 0.756438
9.9991E-05 0.158083 0.159166 0.682651
9.9982E-05 9.9982E-05 0.185621 0.814179
9.9991E-05 0.057093 0.376511 0.566296
0.0251433 9.9991E-05 0.949467 0.0252901
9.9991E-05 0.0711345 0.91589 0.0128756
0.101093 0.0168211 0.881986 9.9991E-05
9.9991E-05 0.0457997 0.839084 0.115017
0.0488555 0.0145949 0.93645 9.9991E-05
9.9991E-05 0.00850132 0.975224 0.0161748
0.133945 0.0456734 0.774424 0.0459569
0.0774922 0.0292792 0.892479 0.000749995
0.0219555 0.133894 0.74465 0.0995004
0.0671151 9.9991E-05 0.929614 0.00317061
9.998E-05 9.998E-05 0.9997 9.998E-05
0.0859698 0.00532636 0.842988 0.0657161
9.998E-05 9.998E-05 0.9997 9.998E-05
0.0440985 0.0245377 0.931264 9.9991E-05
0.0532586 0.0795373 0.863812 0.00339171
0.0341069 0.0828283 0.882965 9.9991E-05
0.200409 0.021023 0.778468 9.9991E-05
0.098108 0.0965189 0.805273 9.9991E-05
0.0766219 0.103775 0.819503 9.9991E-05
0.0341809 0.514136 0.188885 0.262798
9.9991E-05 0.796799 0.112067 0.0910344
0.0920491 0.600807 0.155915 0.151229
0.095871 0.158154 0.131877 0.614098
0.0396094 0.657904 0.128719 0.173768
0.0901204 0.118423 0.188497 0.602959
0.126485 0.65537 0.0502218 0.167924
9.9991E-05 0.535357 0.134653 0.32989
9.9991E-05 0.661431 0.12351 0.214959
0.00495302 0.669568 0.019603 0.305876
9.9991E-05 0.592801 0.177308 0.229792
0.00844067 0.724335 0.17362 0.0936044
9.9991E-05 0.71898 0.106684 0.174236
0.0697166 0.170001 9.9991E-05 0.760182
0.0204681 9.9991E-05 0.129547 0.849885
0.0800995 0.21101 0.116649 0.592241
0.120961 0.64345 0.12194 0.113649
0.0662162 0.547518 0.118712 0.267553
9.9991E-05 0.626704 0.216612 0.156584
0.086145 0.762942 0.0608764 0.0900365
0.0959639 0.637799 0.25615 0.0100871
0.223801 0.628664 0.147435 9.9991E-05
0.160152 0.178774 0.444033 0.217041
9.9991E-05 0.794941 0.195207 0.00975228
0.173017 0.466254 0.272972 0.087757
0.212444 9.9991E-05 0.459398 0.328058
0.235489 0.379249 0.30318 0.0820819
0.145926 0.361885 0.402552 0.0896377
0.101925 0.448045 0.370033 0.0799969
0.281836 0.419831 0.146538 0.151794
0.222222 0.538382 0.208953 0.0304438
0.136569 0.640515 0.222816 9.9991E-05
0.243492 0.446297 0.162526 0.147686
0.120269 0.367352 0.512279 9.9991E-05
