9.9991E-05 0.048434 0.0360767 0.915389
0.0225168 0.00234909 0.0130511 0.962083
9.999E-05 0.0620916 0.147757 0.790052
9.999E-05 0.0627544 0.129065 0.808081
9.9982E-05 9.9982E-05 0.115698 0.884102
0.162807 0.0597644 0.0955448 0.681884
0.0921136 0.00523306 9.9991E-05 0.902553
0.0228538 0.105511 0.0731925 0.798443
9.9982E-05 0.106531 9.9982E-05 0.893269
0.139208 0.0214279 0.115131 0.724233
0.0981449 0.120282 9.9991E-05 0.781474
0.272609 0.506604 0.220686 9.9991E-05
0.217689 0.393592 0.388619 9.9991E-05
0.188735 0.552318 0.199357 0.0595906
0.155689 0.465784 0.348425 0.0301022
0.28796 0.284662 0.306434 0.120944
0.294175 0.176235 0.503228 0.0263622
0.404655 0.228622 0.366623 9.9991E-05
0.139892 0.448469 0.332527 0.0791116
0.178247 0.743113 0.0225465 0.0560936
0.360037 0.347714 0.289957 0.0022923
0.440008 0.246102 0.287906 0.0259833
0.412415 0.219802 0.367683 9.9991E-05
0.350027 0.401075 0.248798 9.9991E-05
0.343112 0.0906038 0.460653 0.105631
0.344927 0.226909 0.419579 0.00858531
0.291567 0.552883 0.15545 9.9991E-05
0.139331 0.545987 0.290066 0.024617
0.297365 0.569829 0.131625 0.00118029
9.9982E-05 9.9982E-05 0.183824 0.815976
9.9982E-05 9.9982E-05 0.158833 0.840967
0.0181505 0.0429384 0.146559 0.792352
0.041884 9.9991E-05 0.209315 0.748701
0.673356 0.0732909 0.253253 9.9991E-05
0.48824 0.115986 0.354306 0.0414681
0.669541 0.0402829 0.288187 0.00198914
0.177487 0.641453 0.0939528 0.0871072
0.776842 9.9991E-05 0.190036 0.0330213
0.408228 0.270848 0.320824 9.9991E-05
0.590847 9.9982E-05 0.408953 9.9982E-05
0.564417 0.00886579 0.372014 0.054703
0.413441 0.147298 0.371858 0.0674033
0.721684 0.189676 0.0258462 0.0627936
0.44525 0.111223 0.411488 0.0320384
0.504838 0.0914859 0.403576 9.9991E-05
0.481368 0.0599273 0.37876 0.0799448
0.827972 0.0148879 0.15704 9.9991E-05
0.523864 0.082784 0.393252 9.9991E-05
0.550353 0.00521782 0.350667 0.0937619
0.819321 0.00444222 9.9991E-05 0.176137
0.464261 0.512789 0.0228498 9.9991E-05
0.610274 0.252488 9.9991E-05 0.137138
0.437095 0.147135 0.32277 0.0930002
0.454411 0.0806199 0.421398 0.0435706
0.455449 0.151754 0.392697 9.9991E-05
0.502469 0.275717 0.0452785 0.176536
0.387702 0.345537 0.26666 9.9991E-05
0.436296 0.124883 0.36707 0.0717508
0.460193 0.230463 0.157195 0.152148
0.267998 0.419018 0.0497249 0.26326
0.398191 0.222369 0.359853 0.0195862
0.395838 0.269986 0.278952 0.0552236
0.346663 0.563435 9.9991E-05 0.0898025
0.432088 0.310342 0.25747 9.9991E-05
0.544671 0.0808024 0.374426 9.9991E-05
0.491359 0.210007 0.297532 0.00110302
0.440012 0.302814 0.199834 0.0573402
0.386157 0.267126 0.342507 0.0042103
0.371864 0.253766 0.37427 9.9991E-05
0.455438 0.410945 0.0503197 0.0832979
0.712469 0.034965 0.252466 9.9991E-05
0.70462 0.194852 0.0773372 0.0231903
0.483007 0.170394 0.304636 0.0419631
0.914342 0.0223092 9.9991E-05 0.0632484
0.912271 0.0696605 9.9991E-05 0.0179684
0.845946 0.0345307 0.119423 9.9991E-05
0.591107 0.197179 0.180577 0.0311367
0.381248 0.111679 0.363997 0.143075
0.588838 0.150461 0.260601 9.9991E-05
0.608679 0.288489 0.0899548 0.0128765
0.508339 0.341815 0.10964 0.040206
0.449707 0.205917 0.342669 0.00170731
0.686469 0.170469 0.141917 0.00114513
0.629366 0.11713 0.221606 0.0318977
0.792319 0.0482849 0.112884 0.0465124
0.757819 0.128835 9.9991E-05 0.113246
0.517826 0.0851361 0.396938 9.9991E-05
9.9991E-05 0.110248 0.133076 0.756576
9.9982E-05 9.9982E-05 0.0916833 0.908117
9.9982E-05 9.9982E-05 0.120605 0.879195
9.9982E-05 9.9982E-05 0.057775 0.942025
9.9982E-05 9.9982E-05 0.116001 0.883799
9.9991E-05 0.00476852 0.0694321 0.925699
9.9982E-05 9.9982E-05 0.0791668 0.920633
0.482155 0.173553 0.343742 0.000549643
0.320921 0.25088 0.317932 0.110268
0.757979 0.179799 9.9991E-05 0.0621226
0.459864 0.127214 0.37389 0.0390314
0.597851 0.131547 0.250174 0.0204284
0.629103 9.9991E-05 0.369084 0.00171325
0.629525 0.00665201 0.312006 0.051817
0.690579 0.00567641 0.303645 9.9991E-05
0.602339 0.319026 9.9991E-05 0.0785353
0.437687 0.101233 0.355938 0.105142
0.495225 0.0760776 0.428598 9.9991E-05
0.407798 0.211861 0.316613 0.063728
0.799462 0.0084364 0.142546 0.0495556
0.672336 0.0592576 0.268307 9.9991E-05
0.584471 0.152754 0.262675 9.9991E-05
0.742263 0.0146206 0.243016 9.9991E-05
0.629646 0.152616 0.201001 0.0167371
0.385589 0.183954 0.404351 0.0261058
0.404154 0.380582 0.129471 0.0857932
0.195004 0.414191 0.293231 0.0975732
0.444644 0.195805 0.320481 0.0390704
0.537937 0.102166 0.359797 9.9991E-05
0.291118 0.478886 0.229896 9.9991E-05
0.408345 0.228981 0.362574 9.9991E-05
0.270212 0.446723 0.282965 9.9991E-05
0.408699 0.246729 0.302416 0.0421563
0.400109 0.233884 0.365906 9.9991E-05
0.469762 0.197334 0.326431 0.006473
0.353947 0.364044 0.28191 9.9991E-05
0.416172 0.209778 0.37395 9.9991E-05
0.429331 0.106525 0.417341 0.0468037
0.347298 0.335092 0.31751 9.9991E-05
0.35107 0.18586 0.396671 0.0663994
0.341681 0.290126 0.368093 9.9991E-05
0.364836 0.340836 0.22644 0.0678888
0.401965 0.237137 0.360798 9.9991E-05
0.45489 0.130158 0.414852 9.9991E-05
0.382786 0.420744 0.196369 9.9991E-05
0.512328 0.344853 0.0413716 0.101447
0.373965 0.304124 0.321812 9.9991E-05
0.5396 0.393747 0.0665529 9.9991E-05
0.343003 0.498248 0.136636 0.0221129
0.444102 0.351993 0.203804 9.9991E-05
0.387907 0.445404 0.151919 0.0147704
0.288054 0.522648 0.189198 9.9991E-05
0.458698 0.103139 0.401405 0.0367577
0.312057 0.231573 0.44148 0.0148901
0.367604 0.233632 0.373705 0.0250589
0.445267 0.366241 0.0804349 0.108057
0.542241 0.0386315 0.32639 0.0927375
0.520398 0.121823 0.323543 0.0342368
0.646659 0.109989 9.9991E-05 0.243252
0.512913 0.0232053 0.376392 0.08749
0.573594 0.0680662 0.195368 0.162972
0.497409 0.0757726 0.356458 0.0703595
0.603235 0.112 0.0890253 0.195739
0.70904 0.129047 9.9991E-05 0.161814
0.534898 0.221223 0.184868 0.0590105
0.364993 0.201437 0.348457 0.0851138
0.404948 0.157879 0.290136 0.147037
0.594083 0.132392 0.0856968 0.187828
0.471819 0.116902 0.351108 0.0601705
0.737934 0.146432 0.0973392 0.018295
0.60612 0.149615 0.244166 9.9991E-05
0.430585 0.167136 0.32228 0.0799977
0.213574 0.0546099 0.33177 0.400047
0.119553 9.9991E-05 0.110802 0.769545
0.203145 9.9991E-05 0.0797502 0.717005
0.128205 9.9991E-05 0.314799 0.556896
0.578219 9.9982E-05 0.421581 9.9982E-05
0.486544 0.111206 0.311231 0.0910188
0.000702423 0.077033 0.922165 9.9991E-05
0.251457 0.0771494 0.631578 0.0398151
0.20634 0.0107463 0.625532 0.157382
0.759365 0.0317269 0.130482 0.078426
0.560897 0.0704855 0.363864 0.0047539
0.828226 9.9991E-05 0.0291187 0.142555
0.559676 0.077722 0.322577 0.0400246
0.725654 9.9991E-05 0.219574 0.0546714
0.586482 0.0315323 0.358969 0.0230158
0.735623 0.0911677 0.0433379 0.129871
0.44581 0.126267 0.427823 9.9991E-05
0.544751 0.0392574 0.339309 0.0766823
9.9982E-05 9.9982E-05 0.905428 0.094372
9.9982E-05 9.9982E-05 0.956093 0.0437068
0.123475 9.9991E-05 0.764387 0.112038
0.0111894 0.0240464 0.923603 0.0411611
0.0462033 9.9991E-05 0.835245 0.118452
9.9982E-05 9.9982E-05 0.916866 0.0829344
9.9982E-05 9.9982E-05 0.888257 0.111544
0.00722064 9.9991E-05 0.972433 0.0202464
9.9991E-05 0.00760754 0.939355 0.0529379
9.9982E-05 9.9982E-05 0.936863 0.0629366
9.9982E-05 9.9982E-05 0.910121 0.0896791
9.9991E-05 0.0571325 0.865664 0.0771035
9.9982E-05 9.9982E-05 0.839057 0.160744
9.9982E-05 9.9982E-05 0.893065 0.106735
0.149481 0.164955 0.622546 0.0630181
0.0324048 9.9991E-05 0.833423 0.134072
0.0723051 0.0158204 0.825529 0.0863456
9.9982E-05 9.9982E-05 0.88172 0.11808
9.9982E-05 9.9982E-05 0.942789 0.0570114
9.9982E-05 9.9982E-05 0.873147 0.126653
9.9982E-05 9.9982E-05 0.918158 0.0816421
0.076521 0.0998288 0.756743 0.0669068
9.9991E-05 0.0186252 0.870433 0.110842
0.502255 9.9982E-05 9.9982E-05 0.497545
0.353178 0.115378 0.32317 0.208274
0.470691 0.0023444 0.243956 0.283009
0.46587 0.0468673 0.113047 0.374215
0.473662 0.00924953 0.360645 0.156443
0.437552 9.9991E-05 0.179424 0.382924
0.460157 0.0124266 0.322636 0.204781
0.497843 9.9991E-05 0.321541 0.180516
0.357579 0.0784397 0.421316 0.142666
0.344835 9.9991E-05 0.396854 0.258211
0.447134 0.0540154 0.30521 0.193641
0.0666421 0.0408924 0.0563278 0.836138
9.9982E-05 9.9982E-05 0.0570745 0.942726
9.9982E-05 9.9982E-05 0.0063788 0.993421
9.9991E-05 0.0419822 0.0277319 0.930186
9.9991E-05 0.0117625 0.0575072 0.93063
9.9982E-05 9.9982E-05 0.0750608 0.924739
9.9982E-05 9.9982E-05 0.131037 0.868763
0.0145929 9.9991E-05 0.0630664 0.922241
9.9982E-05 9.9982E-05 0.063122 0.936678
9.9991E-05 0.00905354 0.131412 0.859434
0.051243 0.322564 9.9991E-05 0.626093
0.0122357 0.382586 0.007373 0.597806
0.0783054 0.328708 9.9991E-05 0.592887
0.118272 0.376801 9.9991E-05 0.504827
0.45218 0.208728 0.325455 0.0136374
0.531812 0.154847 0.313241 9.9991E-05
0.439494 0.240579 0.319827 9.9991E-05
0.45049 0.333812 0.169852 0.0458464
0.248717 0.673854 0.0773293 9.9991E-05
0.544051 0.0572666 0.398582 9.9991E-05
0.527357 0.132959 0.339584 9.9991E-05
0.614578 0.120791 0.264532 9.9991E-05
0.743974 0.0282787 0.227647 9.9991E-05
0.442653 0.0976865 0.459561 9.9991E-05
0.582596 0.220926 0.196379 9.9991E-05
0.810885 0.128389 9.9991E-05 0.0606264
0.430315 0.161455 0.332695 0.0755349
0.870402 9.9991E-05 0.0758525 0.0536459
0.615177 0.0580315 0.326692 9.9991E-05
0.668781 0.278034 9.9991E-05 0.0530857
0.0720553 0.783004 9.9991E-05 0.144841
0.120204 0.709614 9.9991E-05 0.170082
0.0381735 0.890753 9.9991E-05 0.0709732
0.0743241 0.780742 9.9991E-05 0.144834
0.0827169 0.886025 9.9991E-05 0.0311579
9.9991E-05 0.827117 0.0748445 0.0979386
9.9991E-05 0.0268623 0.120405 0.852633
9.9991E-05 0.0645573 0.114485 0.820858
9.9991E-05 0.0339799 0.186701 0.779219
9.9991E-05 0.0839061 0.177557 0.738437
9.9991E-05 0.0887221 0.140321 0.770857
9.9982E-05 0.595686 9.9982E-05 0.404114
0.0406549 0.445554 9.9991E-05 0.513691
9.9982E-05 0.533063 9.9982E-05 0.466737
9.9991E-05 0.0321269 0.148065 0.819708
0.00929888 0.590001 9.9991E-05 0.400601
0.172343 0.0601107 0.518335 0.249212
0.339296 0.00307101 0.539669 0.117964
0.149878 0.0354854 0.654852 0.159785
0.222162 0.0447253 0.445589 0.287524
0.270054 0.116311 0.505492 0.108142
0.0916545 9.9991E-05 0.298905 0.60934
0.337645 0.451398 0.210857 9.9991E-05
0.555899 0.261535 0.182465 9.9991E-05
0.134011 0.628285 0.202222 0.0354821
0.570537 0.171756 0.257607 9.9991E-05
0.642363 0.314127 9.9991E-05 0.0434103
0.410132 0.165793 0.326509 0.0975663
0.504979 0.268062 0.226859 9.9991E-05
0.357988 0.484083 0.157829 9.9991E-05
0.357071 0.276323 0.357463 0.0091424
0.617278 0.308431 9.9991E-05 0.074191
0.594509 0.13451 0.239525 0.0314559
0.419638 0.260796 0.319467 9.9991E-05
0.389923 0.0748411 0.385167 0.150069
0.487337 0.322958 0.189604 9.9991E-05
0.424473 0.31064 0.264787 9.9991E-05
0.488294 0.181141 0.330465 9.9991E-05
0.48408 0.230991 0.284829 9.9991E-05
0.449366 0.174727 0.375807 9.9991E-05
0.295137 0.27089 0.40033 0.033643
0.35406 0.266185 0.37078 0.00897426
9.9982E-05 9.9982E-05 0.206057 0.793743
0.0579373 9.9991E-05 0.0976938 0.844269
0.0805168 0.0612119 0.0761499 0.782121
0.0471619 0.0526815 0.107637 0.792519
9.9982E-05 9.9982E-05 0.147244 0.852556
0.179756 0.677076 0.143068 9.9991E-05
0.421508 0.223661 0.326334 0.0284967
0.247049 0.169364 0.45544 0.128146
0.496624 0.124462 0.378813 9.9991E-05
0.395967 0.286677 0.317256 9.9991E-05
0.390148 0.33318 0.204154 0.0725175
0.173814 0.661781 9.9991E-05 0.164305
0.290823 0.398891 0.310186 9.9991E-05
0.238288 0.549793 0.153247 0.0586714
0.532967 0.186997 0.279936 9.9991E-05
0.176103 0.589494 0.059304 0.175099
0.261871 0.229115 0.434656 0.0743582
0.226662 0.601226 0.111122 0.0609889
0.32533 0.364298 0.260508 0.0498642
0.567419 0.109928 0.242449 0.0802037
0.72127 0.107263 0.0821333 0.0893336
0.567428 0.105392 0.275438 0.0517421
0.447487 0.0954142 0.372604 0.0844944
0.754212 0.0901959 0.0722267 0.0833654
0.475934 0.126675 0.328496 0.0688946
0.698754 0.0536259 0.164907 0.0827126
0.862942 0.0851078 9.9991E-05 0.05185
0.858479 9.9991E-05 0.0407802 0.10064
0.680397 0.097193 0.201242 0.0211679
0.78469 0.103106 9.9991E-05 0.112104
0.659452 0.0657078 0.165804 0.109035
0.220791 0.682997 0.0578603 0.0383513
0.528437 0.373763 0.0977 9.9991E-05
0.226232 0.467389 0.299937 0.00644138
0.333638 0.247299 0.418963 9.9991E-05
0.277022 0.599586 0.123293 9.9991E-05
0.343122 0.23261 0.307161 0.117107
0.450706 0.200863 0.348331 9.9991E-05
0.318879 0.341423 0.339598 9.9991E-05
0.235901 0.358993 0.405006 9.9991E-05
0.241973 0.416486 0.341441 9.9991E-05
0.198118 0.603184 0.198598 9.9991E-05
0.380761 0.391534 0.227605 9.9991E-05
0.399208 0.226333 0.374359 9.9991E-05
0.388361 0.188202 0.423337 9.9991E-05
0.339488 0.3593 0.274856 0.0263557
0.391729 0.254498 0.353673 9.9991E-05
0.280634 0.444151 0.251201 0.0240144
0.274399 0.32335 0.402152 9.9991E-05
0.363403 0.248087 0.355831 0.0326788
0.407862 0.171017 0.421021 9.9991E-05
0.218563 0.0677391 0.380874 0.332824
0.382009 9.9991E-05 0.453954 0.163937
0.431453 0.0143955 0.376893 0.177259
0.328655 0.146244 0.467341 0.0577609
0.307394 0.0786096 0.464942 0.149054
0.554665 0.218471 0.226764 9.9991E-05
0.254673 0.196418 0.392754 0.156156
0.501478 9.9991E-05 0.0868682 0.411553
0.294101 0.146743 0.522493 0.0366631
0.33892 0.099737 0.433814 0.127529
0.32497 0.135733 0.494617 0.0446794
0.382067 0.102091 0.289366 0.226476
0.271992 0.073522 0.522764 0.131722
0.368718 9.9991E-05 0.423696 0.207486
0.194747 9.9991E-05 0.100379 0.704774
0.319557 0.0372497 0.513703 0.12949
0.33614 9.9991E-05 0.536067 0.127693
0.424456 9.9991E-05 0.4246 0.150844
0.258454 0.0832644 0.48647 0.171811
0.37085 0.00292849 0.460786 0.165435
0.600504 0.0686283 0.304181 0.0266866
0.496185 0.0933711 0.365104 0.0453404
0.791108 0.208692 9.9982E-05 9.9982E-05
0.821733 0.0686413 9.9991E-05 0.109525
0.496606 0.0831768 0.34914 0.0710768
0.265748 0.0920272 0.515353 0.126872
0.298659 9.9991E-05 0.497748 0.203494
0.320122 9.9991E-05 0.34583 0.333948
0.322265 9.9991E-05 0.466994 0.210641
0.695382 9.9991E-05 0.0533754 0.251143
0.694015 9.9991E-05 0.145811 0.160075
0.483321 0.103536 0.413043 9.9991E-05
0.513613 0.0393933 0.362018 0.0849755
0.629428 9.99961E-05 0.16912 0.201351
0.463661 0.139253 0.332975 0.064111
0.527862 0.0540981 0.41794 9.9991E-05
0.314876 0.159501 0.407545 0.118077
0.680814 0.140142 0.113142 0.0659023
0.691188 0.0974943 0.184887 0.0264309
0.697427 0.0287442 0.273729 9.9991E-05
0.518963 0.152564 0.220218 0.108255
0.4596 0.147683 0.330207 0.0625092
0.766461 9.9991E-05 0.213574 0.0198645
0.764414 0.123714 0.0498832 0.0619883
0.697206 9.9991E-05 0.248406 0.0542883
0.753846 0.12864 0.0634336 0.0540802
0.687437 0.0343911 0.214835 0.0633372
0.529622 0.106192 0.338705 0.0254801
0.625715 0.149257 0.194578 0.0304495
0.307624 0.0911629 0.501456 0.0997571
0.330896 0.152706 0.37042 0.145978
0.255533 0.0915452 0.438008 0.214914
0.27396 0.107509 0.458253 0.160278
0.357947 0.153868 0.389186 0.0989994
0.368292 0.093342 0.370576 0.16779
0.543366 0.0232843 0.0351658 0.398184
0.321921 0.0230163 0.572336 0.0827267
0.322341 9.9991E-05 0.0750409 0.602518
0.443046 0.00475405 0.527343 0.0248568
0.976666 9.9982E-05 9.9982E-05 0.0231343
0.852177 0.0132599 9.9991E-05 0.134463
0.648104 0.0955955 0.256201 9.9991E-05
0.610834 0.0193162 0.36975 9.9991E-05
0.758281 0.0820233 0.159596 9.9991E-05
0.677845 0.0633414 0.258555 0.000258825
0.746584 0.00835687 0.244959 9.9991E-05
0.0854626 9.9991E-05 0.122276 0.792162
9.9991E-05 0.11967 0.137648 0.742582
9.9991E-05 0.0186378 0.0902634 0.890999
9.9982E-05 9.9982E-05 0.0603359 0.939464
0.579885 0.155302 0.264712 9.9991E-05
0.606322 0.0656448 0.292389 0.0356442
0.51175 0.266187 0.221963 9.9991E-05
0.470794 0.108818 0.368094 0.0522939
0.456984 0.0602847 0.305212 0.177519
0.698601 0.186466 0.101153 0.0137794
0.539768 0.0994 0.360732 9.9991E-05
0.897065 0.00906533 0.054796 0.0390735
0.318142 9.9991E-05 0.420853 0.260906
0.695352 0.0554427 0.249105 9.9991E-05
0.672622 0.176481 0.150798 9.9991E-05
0.59693 0.0970568 0.305913 9.9991E-05
0.60348 0.231881 0.164539 9.9991E-05
0.72512 9.9982E-05 0.27468 9.9982E-05
0.555341 0.0619224 0.348825 0.0339116
0.9997 9.998E-05 9.998E-05 9.998E-05
0.799723 0.0585815 0.122216 0.0194789
0.704598 0.14152 0.152449 0.00143329
0.964801 9.9982E-05 9.9982E-05 0.0349986
0.613978 0.174273 0.21165 9.9991E-05
0.954849 0.00974757 0.00918142 0.0262225
0.832075 0.0911884 9.9991E-05 0.0766364
0.657945 0.0102705 0.301243 0.0305412
0.662823 0.192362 0.077743 0.0670721
0.558403 0.150721 0.290776 9.9991E-05
0.569955 0.0483108 0.353845 0.0278901
0.575257 0.114619 0.310023 9.9991E-05
0.402026 0.384698 0.213176 9.9991E-05
0.594655 0.132463 0.272782 9.9991E-05
0.53554 0.166685 0.297675 9.9991E-05
0.80722 0.0269398 0.16574 9.9991E-05
0.531793 0.14771 0.261434 0.0590625
0.0163198 0.321557 9.9991E-05 0.662023
0.0563345 0.119729 0.0834017 0.740535
9.9982E-05 0.15317 9.9982E-05 0.846631
0.0449822 0.157223 9.9991E-05 0.797695
0.0362284 0.213824 9.9991E-05 0.749847
0.63506 0.264435 0.0504577 0.0500469
0.72719 0.190485 0.0113066 0.0710178
0.985034 9.9982E-05 0.0147664 9.9982E-05
0.376136 0.200037 0.413309 0.0105185
0.461379 0.070763 0.354217 0.11364
0.851757 9.9991E-05 0.108769 0.0393739
0.609324 0.0251111 0.365465 9.9991E-05
0.722625 9.9991E-05 0.238004 0.0392711
0.648137 0.0748304 0.276932 9.9991E-05
0.600905 0.0141825 0.384812 9.9991E-05
0.659711 0.204995 0.105889 0.0294047
0.716724 0.137969 0.145207 9.9991E-05
0.646388 0.189943 0.163569 9.9991E-05
0.53412 0.0734259 0.3131 0.0793538
0.650157 0.165867 0.183876 9.9991E-05
0.602856 0.12497 0.224136 0.0480389
0.153824 0.109572 0.705512 0.031093
0.139393 0.0177312 0.709322 0.133554
0.14561 0.0259748 0.708289 0.120126
0.153293 9.9991E-05 0.660458 0.186149
0.173667 0.0488423 0.6414 0.136091
0.669312 0.0158267 0.314761 9.9991E-05
9.9982E-05 9.9982E-05 0.652995 0.346805
0.114524 9.9991E-05 0.629133 0.256243
0.34037 0.0672613 0.369133 0.223236
0.558361 9.9991E-05 0.237903 0.203636
0.495119 0.109081 0.245015 0.150784
0.569332 9.9991E-05 0.304175 0.126393
0.481437 0.0648912 0.342427 0.111245
0.111205 9.9991E-05 0.674383 0.214312
0.244135 0.0262007 0.576695 0.15297
0.0899859 0.0234664 0.844545 0.0420026
0.255775 0.0976886 0.49894 0.147597
0.128873 9.9991E-05 0.700341 0.170687
0.29975 9.9991E-05 0.55815 0.142001
0.00659636 0.0385015 0.733808 0.221094
0.179872 0.104167 0.6176 0.0983609
0.568327 0.0353228 0.292013 0.104337
0.0570866 0.139492 0.575266 0.228155
9.9982E-05 9.9982E-05 0.744966 0.254834
0.244672 0.0300949 0.549512 0.175721
0.498444 0.235764 0.0617517 0.20404
0.494403 0.0621722 0.397217 0.0462079
0.121469 0.165482 0.557988 0.155061
0.430384 0.0875675 0.402306 0.0797423
0.555732 0.0160887 0.277486 0.150693
0.277501 0.0874614 0.450034 0.185003
0.199621 9.9991E-05 0.462691 0.337588
0.542061 9.9991E-05 0.427333 0.0305063
0.260743 0.0859759 0.582523 0.0707586
0.0951575 9.9991E-05 0.761685 0.143058
0.0200954 0.0207192 0.686412 0.272773
0.517257 0.0638544 0.373037 0.0458517
0.623403 0.0460421 0.20635 0.124204
0.722131 9.9991E-05 0.0307094 0.247059
0.421033 0.0636606 0.406297 0.109009
0.413774 0.214086 0.296506 0.0756339
0.397821 0.00749618 0.415371 0.179311
0.317393 0.245223 0.362732 0.0746518
0.341106 9.9991E-05 0.13976 0.519034
0.434567 9.9991E-05 0.00785896 0.557474
0.385924 0.140148 0.287197 0.186732
0.373567 9.9991E-05 0.148112 0.478221
0.223636 9.9991E-05 0.163093 0.613171
0.462148 0.0919964 0.27287 0.172985
0.34106 0.0465895 0.35853 0.25382
0.336035 9.9991E-05 0.249821 0.414044
0.385953 9.9991E-05 0.15147 0.462478
0.368531 0.109257 0.378705 0.143506
0.513726 9.9991E-05 0.13761 0.348564
0.307612 9.9982E-05 9.9982E-05 0.692188
0.239617 0.164679 0.492473 0.103231
0.279409 0.0975327 0.433789 0.18927
0.206248 0.0863031 0.427103 0.280347
0.295846 9.9991E-05 0.553041 0.151013
0.339863 0.0691183 0.469846 0.121173
0.258489 0.0242205 0.532267 0.185023
0.11465 0.119055 0.436487 0.329808
0.248501 0.0864735 0.5201 0.144925
0.121866 0.119369 0.542021 0.216744
0.25449 0.0294131 0.427112 0.288985
0.38651 0.177815 0.278317 0.157359
0.338568 0.0782745 0.381923 0.201235
0.412502 0.08565 0.388517 0.113331
0.424911 0.0606027 0.478751 0.0357361
0.230321 9.9991E-05 0.477251 0.292328
0.317141 9.9991E-05 0.477934 0.204825
0.284193 9.9991E-05 0.306288 0.40942
0.20887 0.0747961 0.481374 0.23496
0.219614 9.9991E-05 0.426199 0.354087
9.9991E-05 0.163468 0.0117631 0.824669
0.0502109 0.785823 0.0364863 0.12748
9.998E-05 0.9997 9.998E-05 9.998E-05
9.9982E-05 0.981335 9.9982E-05 0.0184649
9.998E-05 0.9997 9.998E-05 9.998E-05
9.9991E-05 0.937312 0.0268923 0.0356957
0.0387299 0.958993 0.00217746 9.9991E-05
9.9982E-05 0.95244 9.9982E-05 0.0473596
9.9982E-05 0.804695 9.9982E-05 0.195105
9.9991E-05 0.0337125 0.0585254 0.907662
9.9991E-05 0.15261 0.0697918 0.777499
9.9991E-05 0.00235727 0.0688139 0.928729
0.0135322 0.125017 9.9991E-05 0.861351
9.9991E-05 0.0483085 0.0781787 0.873413
9.9991E-05 0.0867907 0.00957392 0.903535
0.0037228 0.079931 0.169768 0.746578
0.00455097 9.9991E-05 0.14708 0.848269
0.0482595 0.12922 0.0870147 0.735505
9.9982E-05 9.9982E-05 0.0810859 0.918714
9.9982E-05 0.0395054 9.9982E-05 0.960295
0.0104943 0.0741048 0.0920503 0.823351
9.9982E-05 9.9982E-05 0.0362793 0.963521
9.9991E-05 0.0241546 0.113209 0.862537
9.9991E-05 0.0707347 0.102229 0.826936
9.9982E-05 9.9982E-05 0.15069 0.84911
9.9982E-05 9.9982E-05 0.224759 0.775041
9.9982E-05 9.9982E-05 0.204784 0.795016
0.000426741 9.9991E-05 0.191578 0.807895
0.509367 0.136695 0.192352 0.161586
0.510044 0.0620464 0.364269 0.0636407
0.364542 0.146623 0.446595 0.0422399
0.782818 9.9982E-05 9.9982E-05 0.216982
0.467205 0.121194 0.320641 0.0909597
0.727643 9.9991E-05 0.00077738 0.27148
0.485442 0.0523816 0.390248 0.0719286
0.611099 0.115722 0.164137 0.109043
0.592896 0.0749145 0.243638 0.0885517
0.58406 0.141262 0.274578 9.9991E-05
0.596369 0.100658 0.183717 0.119256
0.451111 0.162284 0.383783 0.00282135
0.511678 0.120398 0.30548 0.062444
0.35102 0.543652 0.0889866 0.0163412
0.710001 0.0759568 9.9991E-05 0.213942
0.765564 9.9982E-05 9.9982E-05 0.234236
0.478945 0.126126 0.366588 0.0283406
0.544594 0.053621 0.295265 0.10652
0.596082 9.9991E-05 0.25456 0.149258
0.59094 9.9991E-05 0.388204 0.0207558
0.288297 0.0519983 0.488438 0.171266
0.264911 0.0549616 0.54586 0.134267
0.276462 0.0533333 0.22176 0.448444
0.417783 0.13881 0.401677 0.0417299
0.361039 0.0128167 0.360927 0.265218
0.289828 9.9991E-05 0.113567 0.596505
0.26868 9.9991E-05 0.448305 0.282915
0.190871 0.137845 0.36835 0.302934
0.21324 0.155467 0.339813 0.29148
0.350838 0.0138953 0.557952 0.0773147
0.296922 0.0668474 0.470449 0.165781
0.313104 0.0650238 0.527359 0.0945133
0.423236 9.9991E-05 0.413073 0.163591
0.18052 0.0124896 0.35371 0.453281
