0.0666274 0.886404 9.9991E-05 0.0468682
9.999E-05 0.959584 0.0324351 0.00788047
0.173486 0.776935 9.9991E-05 0.0494792
0.144378 0.768568 9.9991E-05 0.0869544
0.117546 0.882254 9.9982E-05 9.9982E-05
0.13408 0.614869 0.0992992 0.151752
0.0222449 0.895367 0.0775395 0.00484821
0.032968 0.763187 9.9991E-05 0.203745
9.999E-05 0.875181 0.00552234 0.119196
0.147821 0.744538 0.0420168 0.0656247
9.9991E-05 0.798594 0.130441 0.0708653
0.183562 9.9991E-05 0.28497 0.531368
0.385212 9.9991E-05 0.238898 0.37579
0.229348 0.0240545 0.17103 0.575567
0.342044 0.0378294 0.198083 0.422044
0.404551 0.0877839 0.199733 0.307933
0.431824 9.9991E-05 0.397629 0.170448
0.345026 9.9991E-05 0.402929 0.251945
0.295914 0.114366 0.129236 0.460484
0.020877 0.0799726 0.163433 0.735718
0.296972 9.9991E-05 0.345246 0.357681
0.327131 0.0210869 0.364359 0.287423
0.319015 9.9991E-05 0.44953 0.231355
0.236617 9.9991E-05 0.291996 0.471287
0.479847 0.0468144 0.273451 0.199887
0.433808 9.9991E-05 0.213765 0.352327
0.179669 0.0559588 0.193385 0.570988
0.288163 0.0131051 0.177366 0.521366
0.114838 9.9991E-05 0.329577 0.555485
0.206005 0.793795 9.9982E-05 9.9982E-05
0.19448 0.801195 9.9991E-05 0.00422495
0.199446 0.751849 9.9991E-05 0.0486043
0.179361 0.74508 0.0754589 9.9991E-05
0.271141 9.9991E-05 0.456237 0.272522
0.355345 0.054073 0.381881 0.2087
0.330115 9.9991E-05 0.592821 0.0769639
0.0650326 0.0839391 0.221269 0.62976
0.166466 0.0255145 0.682284 0.125735
0.356118 9.9991E-05 0.348532 0.29525
0.473525 9.9982E-05 0.526275 9.9982E-05
0.356967 0.0773049 0.450687 0.115042
0.3986 0.0428677 0.366332 0.1922
0.0155309 0.0524338 0.690005 0.24203
0.387401 0.0302163 0.470566 0.111817
0.357135 9.9991E-05 0.522175 0.12059
0.356053 0.0570216 0.485282 0.101644
0.13532 9.9991E-05 0.825897 0.0386824
0.423289 9.9991E-05 0.49762 0.0789911
0.431695 0.0849504 0.353167 0.130188
9.9982E-05 0.182349 0.817451 9.9982E-05
0.102364 0.00639227 0.312091 0.579153
0.00210899 0.157258 0.638732 0.201901
0.38434 0.0999204 0.21846 0.29728
0.431592 0.0742732 0.319606 0.174528
0.39328 9.9991E-05 0.398959 0.207661
0.0488649 0.112037 0.439071 0.400027
0.384096 9.9991E-05 0.433406 0.182398
0.404296 0.0454325 0.438623 0.111648
0.205899 0.126019 0.431231 0.236851
0.052893 0.227599 0.271534 0.447974
0.424817 9.9991E-05 0.455237 0.119846
0.336554 0.0290876 0.301003 0.333355
9.9991E-05 0.08225 0.321788 0.595863
0.30382 9.9991E-05 0.393627 0.302453
0.363743 0.0109457 0.52114 0.104171
0.358753 0.0907871 0.352992 0.197468
0.153062 0.0950323 0.440711 0.311195
0.2982 9.9991E-05 0.431154 0.270546
0.396426 0.0546816 0.394264 0.154628
0.0506169 0.0512035 0.44226 0.45592
0.323635 9.9991E-05 0.558133 0.118132
0.0849864 9.9991E-05 0.676192 0.238722
0.348492 9.9991E-05 0.481791 0.169617
9.9991E-05 0.0508805 0.935236 0.0137837
9.9991E-05 0.0328004 0.896051 0.0710486
0.104257 9.9991E-05 0.84782 0.0478222
0.210141 9.9991E-05 0.620883 0.168876
0.333736 0.0827418 0.273004 0.310518
0.277144 9.9991E-05 0.591745 0.131012
0.0836445 0.0413171 0.547491 0.327547
0.129689 0.00819576 0.477206 0.384909
0.357514 0.0908903 0.332399 0.219197
0.191415 0.0124671 0.668568 0.12755
0.233098 9.9991E-05 0.570039 0.196763
0.180753 9.9982E-05 0.819047 9.9982E-05
9.9991E-05 0.0774735 0.881162 0.0412645
0.396599 0.00364681 0.593714 0.00604033
0.113891 0.776712 9.9991E-05 0.109297
0.117694 0.870832 9.9991E-05 0.0113744
0.126922 0.872878 9.9982E-05 9.9982E-05
0.0662351 0.933565 9.9982E-05 9.9982E-05
0.129371 0.860853 0.00967629 9.9991E-05
0.0894076 0.910392 9.9982E-05 9.9982E-05
0.0867369 0.913063 9.9982E-05 9.9982E-05
0.348478 0.0185681 0.466199 0.166755
0.391772 0.0451025 0.360755 0.202371
9.9991E-05 0.0635331 0.796914 0.139452
0.406894 0.0757332 0.387514 0.129859
0.238886 9.9991E-05 0.604356 0.156658
0.3039 0.0278555 0.545662 0.122583
0.33334 9.9991E-05 0.600801 0.0657585
0.314657 9.9982E-05 0.685143 9.9982E-05
9.9991E-05 0.0753872 0.678088 0.246425
0.32574 0.0610528 0.450868 0.162338
0.377255 9.9991E-05 0.453908 0.168737
0.378129 0.0202562 0.363803 0.237812
0.131265 0.036847 0.809989 0.0218984
0.322226 9.9991E-05 0.646933 0.0307408
0.251197 9.9991E-05 0.602724 0.145978
0.221439 9.9991E-05 0.751966 0.0264954
0.229461 9.9991E-05 0.555886 0.214553
0.366473 0.0830582 0.39556 0.154909
0.114332 0.0693852 0.430608 0.385675
0.274926 0.085356 0.251497 0.388221
0.31478 0.0709001 0.370845 0.243475
0.370241 0.0471851 0.423796 0.158777
0.274934 9.9991E-05 0.31693 0.408036
0.330869 9.9991E-05 0.308113 0.360918
0.269021 9.9991E-05 0.203284 0.527595
0.340296 0.0412426 0.368909 0.249553
0.318546 0.0952081 0.475144 0.111102
0.313623 0.0425942 0.418154 0.225629
0.213265 9.9991E-05 0.392711 0.393924
0.435821 9.9991E-05 0.36521 0.198869
0.450965 0.0399662 0.396568 0.112501
0.397287 9.9991E-05 0.279771 0.322842
0.421324 0.0374855 0.324241 0.21695
0.399425 9.9991E-05 0.341871 0.258604
0.185526 0.108272 0.448091 0.25811
0.400896 9.9991E-05 0.354932 0.244072
0.453767 9.9991E-05 0.41019 0.135943
0.205786 0.0412763 0.198033 0.554905
0.0854395 0.077863 0.570691 0.266007
0.348207 9.9991E-05 0.397691 0.254003
0.0631901 0.0119358 0.587699 0.337175
0.12457 9.9991E-05 0.344 0.53133
0.159105 9.9991E-05 0.402939 0.437856
0.140541 9.9991E-05 0.340576 0.518782
0.124478 9.9991E-05 0.316736 0.558686
0.414237 9.9991E-05 0.352384 0.23328
0.470161 0.0092676 0.356787 0.163785
0.300292 0.0327568 0.358863 0.308088
0.0663161 0.0484313 0.460261 0.424991
0.347238 0.101145 0.351099 0.200518
0.355036 0.0334563 0.462778 0.148729
9.9991E-05 0.285092 0.644298 0.0705098
0.401978 0.135979 0.461942 9.9991E-05
0.20135 0.144069 0.586998 0.0675837
0.356011 0.0334137 0.423678 0.186897
0.0943318 0.187988 0.601659 0.116021
0.020484 0.183793 0.595877 0.199846
0.215754 0.0355672 0.606675 0.142004
0.402603 0.12898 0.355631 0.112786
0.294911 0.172997 0.401004 0.131088
0.0435728 0.261242 0.643257 0.051928
0.430533 0.00597386 0.40194 0.161553
0.134374 0.0238222 0.680029 0.161774
0.254416 9.9991E-05 0.594124 0.15136
0.382484 0.0937277 0.433168 0.0906204
0.34509 0.393894 0.239568 0.0214476
0.10757 0.750534 0.141796 9.9991E-05
0.0657631 0.713599 0.220538 9.9991E-05
0.387929 0.489406 0.0767046 0.0459603
0.371368 9.9991E-05 0.619725 0.00880655
0.424923 0.0365955 0.452543 0.0859385
0.94032 9.9982E-05 9.9982E-05 0.0594804
0.663916 0.0643147 0.11284 0.158929
0.629581 0.0598791 0.156878 0.153661
0.108961 0.117715 0.773223 9.9991E-05
0.365286 0.108905 0.525709 9.9991E-05
0.0157313 0.139709 0.844459 9.9991E-05
0.325734 9.9991E-05 0.621699 0.0524674
0.214563 0.0959602 0.583562 0.105915
0.347635 0.0114123 0.590779 0.050174
0.0277437 0.106995 0.789481 0.0757801
0.407864 9.9991E-05 0.491536 0.1005
0.315083 0.0763098 0.484525 0.124082
0.921136 0.0786645 9.9982E-05 9.9982E-05
0.952528 0.0472718 9.9982E-05 9.9982E-05
0.743682 0.105021 0.13831 0.0129871
0.870539 0.045087 0.0574999 0.0268738
0.834146 0.122153 0.0436009 9.9991E-05
0.925009 0.074791 9.9982E-05 9.9982E-05
0.880942 0.118858 9.9982E-05 9.9982E-05
0.973708 0.026092 9.9982E-05 9.9982E-05
0.960733 0.0390668 9.9982E-05 9.9982E-05
0.945208 0.0545925 9.9982E-05 9.9982E-05
0.919588 0.0802123 9.9982E-05 9.9982E-05
0.863077 0.0955662 9.9991E-05 0.0412568
0.868931 0.128665 9.9991E-05 0.0023038
0.933056 0.0667444 9.9982E-05 9.9982E-05
0.646316 0.0977449 0.203762 0.0521763
0.756517 0.113217 0.130166 9.9991E-05
0.893871 0.0876813 0.0183478 9.9991E-05
0.890579 0.109221 9.9982E-05 9.9982E-05
0.928781 0.0710188 9.9982E-05 9.9982E-05
0.883848 0.115952 9.9982E-05 9.9982E-05
0.889716 0.110084 9.9982E-05 9.9982E-05
0.768172 0.125962 0.105766 9.9991E-05
0.890103 0.109697 9.9982E-05 9.9982E-05
9.9982E-05 0.52294 0.47686 9.9982E-05
0.292932 0.219232 0.377301 0.110535
0.271915 0.204828 0.40004 0.123217
0.130533 0.360401 0.494686 0.0143795
0.411121 0.104879 0.356758 0.127242
0.165723 0.34315 0.491027 9.9991E-05
0.297137 0.184672 0.429529 0.0886618
0.337534 0.223862 0.438504 9.9991E-05
0.427036 0.143732 0.429132 9.9991E-05
0.383307 0.249635 0.366959 9.9991E-05
0.373514 0.191025 0.319807 0.115654
9.9991E-05 0.850184 0.0241815 0.125535
0.0588944 0.940906 9.9982E-05 9.9982E-05
9.9982E-05 0.958597 9.9982E-05 0.041203
0.022688 0.951472 9.9991E-05 0.0257399
0.0484277 0.903972 9.9991E-05 0.0475001
0.0957092 0.904091 9.9982E-05 9.9982E-05
0.0901289 0.900989 9.9991E-05 0.00878202
0.0491351 0.899265 0.0397548 0.0118453
0.0596245 0.89105 9.9991E-05 0.0492256
0.118382 0.878336 9.9991E-05 0.00318188
9.9991E-05 0.645688 0.0790034 0.275208
0.0156922 0.572319 9.9991E-05 0.411889
9.9991E-05 0.562126 0.0586669 0.379107
9.9991E-05 0.516786 0.125966 0.357149
0.280911 9.9991E-05 0.49323 0.225758
0.300189 9.9991E-05 0.546534 0.153177
0.324065 9.9991E-05 0.444051 0.231784
0.155991 0.0245783 0.536015 0.283415
0.0981538 9.9991E-05 0.219632 0.682114
0.35734 0.0312074 0.501636 0.109817
0.334923 9.9991E-05 0.566948 0.0980285
0.261266 9.9991E-05 0.567746 0.170888
0.209498 9.9991E-05 0.752799 0.0376034
0.458845 0.000636277 0.411492 0.129027
0.183455 9.9991E-05 0.614073 0.202371
9.9991E-05 0.0358019 0.87669 0.0874079
0.341053 0.000569169 0.422572 0.235806
0.0669007 0.0889118 0.844088 9.9991E-05
0.241451 9.9991E-05 0.635752 0.122698
9.9991E-05 0.0347414 0.743111 0.222047
9.9991E-05 0.163599 0.128752 0.707549
0.00802662 0.142196 0.0722327 0.777545
9.9982E-05 0.0459336 9.9982E-05 0.953866
9.9991E-05 0.108645 0.0474663 0.843788
0.0649517 0.0539869 0.0728904 0.808171
0.120461 0.0461301 0.0160884 0.81732
0.135071 0.864729 9.9982E-05 9.9982E-05
0.118647 0.81077 9.9991E-05 0.0704826
0.216909 0.761774 9.9991E-05 0.0212169
0.155767 0.753076 9.9991E-05 0.0910572
0.164454 0.796075 9.9991E-05 0.0393708
9.9991E-05 0.38842 0.00107046 0.61041
9.9991E-05 0.472049 0.0164538 0.511398
9.9991E-05 0.458789 0.0226931 0.518418
0.185785 0.773624 9.9991E-05 0.0404908
9.9991E-05 0.37632 0.0386171 0.584962
0.506704 0.304404 0.18603 0.00286136
0.490063 0.0856625 0.295433 0.128841
0.68739 0.102325 0.149845 0.0604412
0.449128 0.299519 0.251253 9.9991E-05
0.476335 0.118268 0.310129 0.0952687
0.324607 0.608626 0.0666671 9.9991E-05
0.203062 9.9991E-05 0.47456 0.322278
0.140718 0.0597585 0.571732 0.227791
0.181025 0.0723673 0.135868 0.61074
0.226233 9.9991E-05 0.610142 0.163525
9.9991E-05 0.0817559 0.71856 0.199584
0.367994 0.0594456 0.411884 0.160677
0.267464 0.00582655 0.472109 0.254601
0.158661 9.9991E-05 0.2748 0.566439
0.353791 0.0134557 0.298997 0.333757
9.9991E-05 0.0803662 0.654028 0.265506
0.28895 0.0157167 0.540877 0.154456
0.339304 9.9991E-05 0.355484 0.305113
0.476627 0.113935 0.25196 0.157478
0.167236 9.9991E-05 0.572979 0.259685
0.244017 0.00111544 0.420948 0.333919
0.369865 0.00539199 0.506805 0.117938
0.300128 9.9991E-05 0.458193 0.241579
0.39502 9.9991E-05 0.437214 0.167666
0.432506 9.9991E-05 0.35181 0.215583
0.360518 0.00607155 0.309024 0.324386
0.182129 0.811042 0.0067292 9.9991E-05
0.128391 0.837401 0.0341084 9.9991E-05
0.0745768 0.772897 0.0424946 0.110031
0.0922622 0.811494 0.0284996 0.0677447
0.136055 0.850124 9.9991E-05 0.0137202
0.10456 0.0117857 0.186636 0.697018
0.328733 0.0859868 0.471874 0.113406
0.404268 0.172673 0.243911 0.179148
0.443069 9.9991E-05 0.314164 0.242666
0.306316 9.9991E-05 0.363336 0.330247
0.224413 9.9991E-05 0.374586 0.400901
9.9991E-05 0.165858 0.198339 0.635703
0.291524 9.9991E-05 0.327013 0.381362
0.0801465 0.0737587 0.216437 0.629658
0.216759 0.0294148 0.482801 0.271025
0.045506 0.12609 0.290703 0.537701
0.368108 0.0386911 0.262627 0.330574
0.141133 0.064592 0.180107 0.614167
0.252324 0.017929 0.371838 0.35791
0.349033 9.9991E-05 0.417666 0.233201
0.114176 0.11489 0.674865 0.0960684
0.318578 0.0757468 0.504813 0.100863
0.300266 0.103975 0.415887 0.179872
0.121055 0.0623933 0.680016 0.136536
0.289377 0.0802554 0.459215 0.171153
0.252436 0.0999733 0.58325 0.0643402
9.9991E-05 0.0904689 0.855041 0.0543901
0.0482525 0.0799379 0.860098 0.0117121
0.251697 0.0735324 0.543949 0.130821
9.9991E-05 0.140529 0.701909 0.157462
0.208026 9.9991E-05 0.533215 0.258659
0.078222 0.0212638 0.232096 0.668418
0.14225 9.9991E-05 0.492788 0.364863
0.275625 9.9991E-05 0.19065 0.533625
0.517085 9.9991E-05 0.26532 0.217495
0.0658584 9.9991E-05 0.367737 0.566305
0.348837 0.0411499 0.369705 0.240309
0.444714 9.9991E-05 0.243157 0.312029
0.34801 9.9991E-05 0.319089 0.332801
0.362714 9.9991E-05 0.289513 0.347673
0.267763 9.9991E-05 0.353298 0.378839
0.192654 9.9991E-05 0.188421 0.618825
0.303939 9.9991E-05 0.201752 0.494208
0.362812 9.9991E-05 0.37879 0.258297
0.40811 0.0239417 0.420613 0.147335
0.2834 0.0225794 0.351859 0.342162
0.394333 9.9991E-05 0.37977 0.225797
0.260148 0.00712259 0.246732 0.485997
0.396395 9.9991E-05 0.216794 0.38671
0.360983 9.9991E-05 0.27763 0.361287
0.401193 9.9991E-05 0.338183 0.260524
0.411615 0.274702 0.198851 0.114832
0.52525 0.0883373 0.37154 0.0148724
0.447204 0.164963 0.265435 0.122397
0.455249 0.0331092 0.335148 0.176493
0.469421 0.153845 0.313329 0.0634059
0.284628 9.9991E-05 0.524116 0.191156
0.421381 0.103552 0.453657 0.0214096
0.0851672 0.41852 0.496213 9.9991E-05
0.507786 0.0810937 0.249557 0.161564
0.473832 0.0203852 0.274717 0.231065
0.536064 0.0569203 0.311605 0.0954108
0.261837 0.212607 0.356807 0.16875
0.482651 0.150916 0.262606 0.103827
0.499962 0.0932828 0.275583 0.131172
0.0859632 0.681097 0.23284 9.9991E-05
0.493842 0.175339 0.230929 0.0998913
0.564371 0.0966078 0.254726 0.0842953
0.506396 0.0875371 0.389285 0.0167817
0.489407 0.171881 0.248485 0.0902266
0.436037 0.146303 0.312802 0.104858
0.273288 0.0323965 0.641154 0.0531619
0.353156 0.0372802 0.417524 0.192039
9.9991E-05 0.0456066 0.859648 0.0946452
9.9991E-05 0.088438 0.865384 0.046078
0.370169 0.0283117 0.477893 0.123626
0.577561 0.0972922 0.228272 0.0968747
0.524514 0.128658 0.346728 9.9991E-05
0.355113 0.325824 0.318963 9.9991E-05
0.4678 0.225093 0.307007 9.9991E-05
0.0744087 0.276665 0.648826 9.9991E-05
0.139373 0.247915 0.612612 9.9991E-05
0.402312 0.0258098 0.541834 0.030044
0.382 0.0873703 0.514802 0.0158276
0.121051 0.194703 0.684146 9.9991E-05
0.421715 0.0331826 0.483727 0.0613759
0.409261 9.9991E-05 0.53145 0.0591891
0.366849 0.113268 0.417099 0.102784
0.0802426 0.0643444 0.741216 0.114197
0.269538 0.0510808 0.645173 0.0342079
0.28785 0.0306393 0.534337 0.147175
0.219927 0.0920153 0.51442 0.173638
0.364035 0.105846 0.387499 0.14262
0.271067 9.9982E-05 0.728733 9.9982E-05
0.0759065 0.0359705 0.80375 0.0843732
0.310246 0.0436803 0.64265 0.00342361
0.0814539 0.0498725 0.805382 0.0632912
0.209003 0.028985 0.668079 0.0939335
0.33967 0.0805934 0.534602 0.0451353
0.328189 0.0148331 0.564999 0.0919793
0.444901 0.159501 0.31621 0.0793882
0.317456 0.147021 0.326108 0.209415
0.421822 0.21403 0.266664 0.0974837
0.434957 0.182583 0.257044 0.125415
0.476335 0.0858242 0.229141 0.208699
0.443721 0.159382 0.312537 0.0843591
0.0909147 0.376992 0.515505 0.0165884
0.54687 0.0666798 0.30981 0.0766402
0.0813774 0.566144 0.352379 9.9991E-05
0.534698 0.0641319 0.369807 0.0313623
9.9982E-05 0.0588798 0.94092 9.9982E-05
9.9982E-05 0.126021 0.873779 9.9982E-05
0.282023 9.9991E-05 0.673555 0.044322
0.41673 9.9991E-05 0.516033 0.0671376
0.187403 9.9991E-05 0.770297 0.0422002
0.278599 9.9991E-05 0.645968 0.0753332
0.296253 9.9991E-05 0.691002 0.0126458
0.12043 0.855658 0.00674859 0.0171631
0.106592 0.757307 9.9991E-05 0.136001
0.0640833 0.914762 9.9991E-05 0.0210544
0.0716917 0.928108 9.9982E-05 9.9982E-05
0.308967 0.0245444 0.550797 0.115692
0.347916 0.0220556 0.582148 0.0478804
0.219619 9.9991E-05 0.649622 0.13066
0.307901 0.021045 0.496759 0.174295
0.403605 0.0229496 0.337621 0.235825
0.126814 0.0266902 0.705428 0.141068
0.384181 9.9991E-05 0.422721 0.192998
0.101471 0.046661 0.767512 0.0843562
0.472777 0.252169 0.126793 0.148261
0.263322 9.9991E-05 0.674737 0.061841
0.157072 9.9991E-05 0.564465 0.278363
0.308968 9.9991E-05 0.606459 0.0844737
0.17448 9.9991E-05 0.69603 0.129391
0.323101 9.9991E-05 0.657017 0.0197829
0.322408 0.0424922 0.621332 0.0137683
9.998E-05 9.998E-05 0.9997 9.998E-05
0.0972643 0.0582646 0.759153 0.0853179
0.16468 0.038066 0.649967 0.147287
9.9982E-05 0.0267373 0.973063 9.9982E-05
0.239304 9.9991E-05 0.58085 0.179745
9.9982E-05 0.0831809 0.916619 9.9982E-05
9.9982E-05 0.0815731 0.918227 9.9982E-05
0.351837 0.0100214 0.589639 0.0485017
0.0900142 0.0429068 0.682434 0.184645
0.276652 9.9991E-05 0.509513 0.213735
0.51158 0.030664 0.318472 0.139284
0.28716 9.9991E-05 0.526689 0.186052
0.256617 9.9991E-05 0.408368 0.334916
0.331618 9.9991E-05 0.510709 0.157573
0.326557 9.9991E-05 0.537777 0.135566
0.102416 9.9991E-05 0.868158 0.0293259
0.335975 9.9991E-05 0.385641 0.278284
9.9991E-05 0.641221 0.0347158 0.323963
0.022971 0.747479 0.057329 0.172221
9.9982E-05 0.836117 9.9982E-05 0.163684
9.9982E-05 0.839389 9.9982E-05 0.160411
9.9991E-05 0.725187 0.0486476 0.226065
0.0749578 0.0147069 0.677597 0.232739
9.9991E-05 0.0956843 0.743449 0.160767
0.0584515 9.9982E-05 0.941348 9.9982E-05
0.428483 0.0652164 0.442623 0.0636783
0.367555 0.0829418 0.372386 0.177117
0.151342 0.0632389 0.756075 0.029344
0.42166 9.9991E-05 0.560396 0.0178444
0.255528 9.9991E-05 0.730418 0.0139544
0.302394 9.9991E-05 0.572073 0.125434
0.424415 9.9991E-05 0.456601 0.118884
0.11343 9.9991E-05 0.658743 0.227727
0.17973 9.9991E-05 0.707749 0.112421
0.165393 9.9991E-05 0.575161 0.259346
0.386823 0.0734489 0.431922 0.107807
0.17849 0.0276129 0.650465 0.143432
0.229174 9.9991E-05 0.650224 0.120501
0.693184 0.0409407 0.181353 0.0845226
0.685374 0.150708 0.163818 9.9991E-05
0.760626 0.0804445 0.121948 0.036981
0.71715 0.172207 0.110543 9.9991E-05
0.591633 0.144447 0.148728 0.115192
0.270736 0.056459 0.658783 0.0140219
0.664236 0.335564 9.9982E-05 9.9982E-05
0.62452 0.174122 0.201258 9.9991E-05
0.391564 0.167001 0.414555 0.02688
0.395387 0.0613416 0.390161 0.153111
0.270045 0.118772 0.506085 0.105098
0.417859 0.0798082 0.380939 0.121394
0.361528 0.0400714 0.432642 0.165758
0.753574 0.197596 0.0474841 0.00134679
0.621518 0.108113 0.125097 0.145273
0.809157 0.0980682 0.0926749 9.9991E-05
0.545594 0.0971629 0.193484 0.163759
0.723262 0.180234 0.0964047 9.9991E-05
0.552179 0.125779 0.247666 0.074376
0.710867 0.176249 0.112783 9.9991E-05
0.697678 0.131365 0.131099 0.0398574
0.325979 0.0698546 0.530001 0.0741651
0.59632 0.175108 0.0999316 0.128641
0.761995 0.237805 9.9982E-05 9.9982E-05
0.628166 0.101705 0.127721 0.142409
0.0804144 0.208772 0.42116 0.289653
0.413183 0.0114731 0.415149 0.160194
0.563313 0.133562 0.231017 0.0721082
0.332871 0.0695733 0.436614 0.160942
0.280166 0.12282 0.445357 0.151657
0.445344 0.258699 0.295857 9.9991E-05
0.47762 0.259802 0.262477 9.9991E-05
0.475697 0.0642844 0.344073 0.115945
0.656058 0.139456 0.140929 0.0635573
0.714199 0.111251 0.17445 9.9991E-05
0.725584 0.250573 0.0211233 0.00272022
0.403749 0.0233494 0.443179 0.129722
0.216762 0.135613 0.462031 0.185593
0.0285945 0.259667 0.711639 9.9991E-05
0.376217 0.132023 0.450873 0.0408869
0.278287 0.0536112 0.281303 0.386798
0.419752 0.211569 0.36858 9.9991E-05
0.470367 0.067274 0.31777 0.144588
0.126135 0.482477 0.391288 9.9991E-05
0.0588202 0.548416 0.392663 9.9991E-05
0.250855 0.211256 0.482283 0.0556055
0.168585 0.509288 0.322027 9.9991E-05
0.176165 0.592742 0.230993 9.9991E-05
0.285794 0.185123 0.48991 0.0391725
0.400523 0.224362 0.375015 9.9991E-05
0.23667 0.373459 0.377784 0.0120858
0.177993 0.431708 0.390199 9.9991E-05
0.45052 0.100498 0.303166 0.145816
0.145186 0.39907 0.455644 9.9991E-05
9.9982E-05 0.678286 0.321514 9.9982E-05
0.468391 0.104345 0.352229 0.0750341
0.416873 0.238947 0.298169 0.0460104
0.414851 0.234875 0.197742 0.152533
0.639913 0.103461 0.229851 0.0267753
0.50739 0.136462 0.290044 0.0661043
0.536483 0.191015 0.211423 0.0610787
0.436541 0.33368 0.0843751 0.145404
0.505727 0.160615 0.224278 0.10938
0.550501 0.175918 0.153547 0.120033
0.454505 0.280406 0.264989 9.9991E-05
0.289579 0.168876 0.338649 0.202896
0.408911 0.161169 0.354817 0.0751026
0.427895 0.170683 0.351682 0.0497398
0.425157 0.0691802 0.457708 0.0479547
0.513215 0.277686 0.112289 0.0968098
0.436007 0.154278 0.240443 0.169272
0.269205 0.4663 0.264395 9.9991E-05
0.550698 0.125131 0.256827 0.0673445
0.449102 0.34781 0.202987 9.9991E-05
0.0353998 0.800369 0.00182889 0.162402
0.0136976 0.0651823 0.0601811 0.860939
9.9982E-05 0.00318541 9.9982E-05 0.996615
9.9982E-05 0.0114261 9.9982E-05 0.988374
9.998E-05 9.998E-05 9.998E-05 0.9997
0.0636524 0.0226339 9.9991E-05 0.913614
9.998E-05 9.998E-05 9.998E-05 0.9997
9.9982E-05 0.0269897 9.9982E-05 0.97281
9.9982E-05 0.201888 9.9982E-05 0.797912
0.0853678 0.891488 9.9991E-05 0.0230445
0.0471153 0.79841 9.9991E-05 0.154375
0.0939733 0.896039 0.00988774 9.9991E-05
0.0157189 0.82159 9.9991E-05 0.162592
0.0875956 0.912204 9.9982E-05 9.9982E-05
0.0214332 0.912789 9.9991E-05 0.0656782
0.165129 0.808345 9.9991E-05 0.0264255
0.116448 0.883352 9.9982E-05 9.9982E-05
0.131123 0.760598 0.0170574 0.0912217
0.0870168 0.912783 9.9982E-05 9.9982E-05
9.9982E-05 0.958085 9.9982E-05 0.0417146
0.11562 0.836321 9.9991E-05 0.0479588
0.0323663 0.945369 9.9991E-05 0.0221648
0.0860732 0.913727 9.9982E-05 9.9982E-05
0.0826325 0.879095 9.9991E-05 0.0381726
0.139796 0.860004 9.9982E-05 9.9982E-05
0.244571 0.755229 9.9982E-05 9.9982E-05
0.222408 0.777392 9.9982E-05 9.9982E-05
0.182232 0.817568 9.9982E-05 9.9982E-05
0.202647 0.197435 0.468262 0.131657
0.354637 0.0408796 0.489281 0.115202
0.449941 0.081775 0.292279 0.176005
0.00753629 0.229362 0.763001 9.9991E-05
0.299492 0.0353377 0.379939 0.285231
0.00208466 0.314796 0.68302 9.9991E-05
0.400619 0.0805882 0.491834 0.0269595
0.172026 0.0494959 0.500685 0.277793
0.27261 0.0892177 0.541676 0.0964966
0.296837 0.0365656 0.56283 0.103767
0.258922 0.0754553 0.39538 0.270243
0.337325 0.0188109 0.436238 0.207626
0.297665 0.0289866 0.439274 0.234074
0.0244849 0.0708818 0.430483 0.47415
9.9991E-05 0.242114 0.713146 0.0446396
0.0431539 0.220872 0.705975 0.0299989
0.424752 0.0413714 0.276336 0.25754
0.287923 0.0801454 0.50875 0.123181
0.311637 0.106571 0.527486 0.0543064
0.395602 0.0395505 0.511854 0.0529932
0.476412 0.127248 0.245126 0.151214
0.548095 0.0872572 0.177689 0.186959
0.239577 0.44158 0.0960442 0.222799
0.395984 0.064573 0.33426 0.205183
0.420303 0.211139 0.16709 0.201468
0.130852 0.60838 0.260668 9.9991E-05
0.347243 0.296588 0.356069 9.9991E-05
0.357533 0.323312 0.126443 0.192712
0.358458 0.272359 0.170432 0.198751
0.51778 0.0772172 0.203324 0.201678
0.469098 0.164585 0.202353 0.163963
0.503214 0.128554 0.340847 0.0273844
0.41136 0.195179 0.37506 0.0184013
0.332591 0.464852 0.116764 0.0857934
