0.0308741 0.0792985 0.0465561 9.9964E-05 0.00581206 9.9964E-05 9.9964E-05 0.0484442 0.788615 9.9964E-05
9.9964E-05 9.9964E-05 0.0130497 9.9964E-05 0.0366797 9.9964E-05 0.00659778 0.0305092 0.885884 0.0268799
0.136541 0.0801342 0.0335719 9.9964E-05 9.9964E-05 0.0324199 9.9964E-05 0.0172423 0.699691 9.9964E-05
0.0259094 9.9964E-05 0.0459293 9.9964E-05 0.00641073 0.0903032 9.9964E-05 0.109568 0.721479 9.9964E-05
0.00161783 9.9955E-05 9.9955E-05 9.9955E-05 9.9955E-05 0.0875825 9.9955E-05 0.0368207 0.841533 0.0319457
9.9946E-05 9.9946E-05 9.9946E-05 9.9946E-05 9.9946E-05 0.104524 0.319015 0.0456844 0.530176 9.9946E-05
9.9946E-05 9.9946E-05 0.0617219 9.9946E-05 0.019261 9.9946E-05 0.16889 9.9946E-05 0.749527 9.9946E-05
9.9964E-05 9.9964E-05 0.00642826 9.9964E-05 0.00940372 0.0414405 0.202253 0.0666066 0.673469 9.9964E-05
9.99639E-05 0.0728564 0.0189559 0.0933377 0.025828 9.99639E-05 9.99639E-05 0.0323557 0.756266 9.99639E-05
9.9946E-05 9.9946E-05 9.9946E-05 9.9946E-05 9.9946E-05 0.113862 0.261602 0.00417521 0.619761 9.9946E-05
9.9937E-05 9.9937E-05 9.9937E-05 9.9937E-05 9.9937E-05 9.9937E-05 0.233471 0.0503659 0.715464 9.9937E-05
0.10302 9.9946E-05 9.9946E-05 9.9946E-05 0.786935 0.0593953 0.0500492 9.9946E-05 9.9946E-05 9.9946E-05
0.455351 0.0413717 0.0521605 9.9964E-05 0.382876 9.9964E-05 9.9964E-05 0.0508472 0.0169936 9.9964E-05
0.0886834 9.9973E-05 0.0536864 9.9973E-05 0.69064 0.0712938 9.9973E-05 0.0414242 0.00464324 0.0493291
0.16928 9.9955E-05 0.0340645 9.9955E-05 0.67842 0.110068 9.9955E-05 9.9955E-05 9.9955E-05 0.00766747
0.244244 9.9964E-05 0.0190895 9.9964E-05 0.372271 0.14509 0.135699 9.9964E-05 0.0832074 9.9964E-05
0.486953 0.00351824 9.9964E-05 9.9964E-05 0.320571 0.0697797 0.0509502 9.9964E-05 0.0678282 9.9964E-05
0.289811 9.9973E-05 0.042201 0.0370018 0.500411 0.0736803 0.0546893 9.9973E-05 0.00190573 9.9973E-05
0.220318 9.9946E-05 9.9946E-05 9.9946E-05 0.570118 0.0868464 9.9946E-05 9.9946E-05 0.122118 9.9946E-05
9.9946E-05 9.9946E-05 0.0197422 9.9946E-05 0.81543 9.9946E-05 0.121325 9.9946E-05 0.0429032 9.9946E-05
0.409674 0.0377865 0.00732918 0.0997157 0.397379 9.9973E-05 0.0375189 0.0102974 9.9973E-05 9.9973E-05
0.448257 0.0641036 0.0591803 9.9973E-05 0.256624 0.00874382 0.129042 9.9973E-05 9.9973E-05 0.0337502
0.451931 9.9955E-05 9.9955E-05 0.0833884 0.376652 0.0295441 0.0579852 9.9955E-05 9.9955E-05 9.9955E-05
0.124588 9.9964E-05 0.0113634 0.0271219 0.668667 0.100061 0.0677995 9.9964E-05 9.9964E-05 9.9964E-05
0.588513 9.9982E-05 0.00279567 0.0869197 0.124095 0.0484399 0.0443599 0.0078123 0.0968642 9.9982E-05
0.395966 9.9955E-05 0.0713437 9.9955E-05 0.415214 0.102201 9.9955E-05 9.9955E-05 9.9955E-05 0.0147752
9.9946E-05 9.9946E-05 0.0428293 9.9946E-05 0.832799 0.0788015 0.044971 9.9946E-05 9.9946E-05 9.9946E-05
0.019231 9.9946E-05 9.9946E-05 9.9946E-05 0.793753 0.184261 9.9946E-05 9.9946E-05 0.00215475 9.9946E-05
0.130886 9.9955E-05 9.9955E-05 9.9955E-05 0.784631 0.0112354 0.0489034 9.9955E-05 9.9955E-05 0.0238446
9.99201E-05 9.99201E-05 0.999101 9.99201E-05 9.99201E-05 9.99201E-05 9.99201E-05 9.99201E-05 9.99201E-05 9.99201E-05
9.99201E-05 9.99201E-05 0.999101 9.99201E-05 9.99201E-05 9.99201E-05 9.99201E-05 9.99201E-05 9.99201E-05 9.99201E-05
0.0586659 0.0127807 0.391948 0.0192345 0.00637034 0.0534821 9.9973E-05 9.9973E-05 0.457219 9.9973E-05
0.0545165 0.030688 0.2855 0.0629748 9.9964E-05 0.114616 9.9964E-05 9.9964E-05 0.451305 9.9964E-05
0.575277 9.9973E-05 0.0328965 0.197633 0.0299247 9.9973E-05 0.0586354 0.0878007 0.0175333 9.9973E-05
0.457301 9.9964E-05 0.0315708 0.285543 0.147845 0.0211569 9.9964E-05 9.9964E-05 0.0561835 9.9964E-05
0.583135 9.9946E-05 9.9946E-05 0.36149 9.9946E-05 9.9946E-05 9.9946E-05 0.0447247 0.0100502 9.9946E-05
0.0262308 9.9973E-05 0.021694 0.0782113 0.52162 9.9973E-05 9.9973E-05 0.181865 0.139672 0.0304065
0.305315 0.0246042 0.00597673 0.531231 0.0187642 9.9973E-05 9.9973E-05 9.9973E-05 0.0296663 0.0841434
0.442556 9.9973E-05 9.9973E-05 0.204494 0.201976 0.0357194 9.9973E-05 0.0349472 0.06742 0.0125877
0.689047 9.9946E-05 9.9946E-05 0.135755 9.9946E-05 9.9946E-05 0.0668589 9.9946E-05 0.107739 9.9946E-05
0.533059 9.9982E-05 0.0170162 0.0686387 0.00852657 0.00863696 0.253589 0.0229439 0.0873894 9.9982E-05
0.553912 9.9973E-05 0.0867288 0.0806756 9.9973E-05 0.00388431 0.182894 0.0512672 0.0403379 9.9973E-05
0.0597215 0.0645052 0.025504 0.682556 0.131681 9.9973E-05 0.0145207 0.0212124 9.9973E-05 9.9973E-05
0.480459 9.9955E-05 0.069564 0.123018 9.9955E-05 0.0493689 0.277091 9.9955E-05 9.9955E-05 9.9955E-05
0.541641 9.9964E-05 0.00521398 0.220631 9.9964E-05 0.0451872 0.0745315 9.9964E-05 0.112396 9.9964E-05
0.49512 0.116155 9.9973E-05 0.120089 9.9973E-05 0.059441 0.152817 9.9973E-05 0.0554887 0.000590571
0.307146 0.0276377 9.9937E-05 0.664517 9.9937E-05 9.9937E-05 9.9937E-05 9.9937E-05 9.9937E-05 9.9937E-05
0.606778 0.0331475 0.0299202 0.139074 0.146772 0.0071896 9.9982E-05 9.9982E-05 0.00201873 0.0348991
0.563363 9.9964E-05 9.9964E-05 0.130075 9.9964E-05 9.9964E-05 0.0287935 0.0853521 0.12182 0.0701965
9.9955E-05 0.168114 9.9955E-05 0.7097 9.9955E-05 9.9955E-05 0.0803653 9.9955E-05 0.0194902 0.0218305
0.0844061 0.0322556 9.9973E-05 0.127326 0.409807 9.9973E-05 0.145394 0.167758 9.9973E-05 0.0327519
9.9964E-05 0.138059 9.9964E-05 0.098536 0.355253 9.9964E-05 0.233783 0.00449859 9.9964E-05 0.16947
0.526289 9.9991E-05 0.0280492 0.0354232 0.140829 0.0180469 0.0483795 0.116493 0.0860714 0.000318482
0.512085 9.9973E-05 9.9973E-05 9.9973E-05 0.144107 0.0531163 0.129969 0.0372409 0.0975988 0.0255826
0.60545 0.120423 9.9973E-05 0.0606695 9.9973E-05 0.021741 9.9973E-05 0.0697542 0.015201 0.106461
0.10345 9.9973E-05 9.9973E-05 0.135194 0.352004 9.9973E-05 0.0386774 0.162638 0.142499 0.0652381
0.517788 0.0632978 0.000473912 0.111215 0.157199 0.00394728 0.0337837 0.105124 9.9991E-05 0.00707169
0.463136 0.00659768 9.9982E-05 9.9982E-05 0.155439 0.121857 0.127692 0.0295662 0.0355263 0.0599849
0.325352 9.9991E-05 0.0109674 0.123521 0.24065 0.00557627 0.0690476 0.00894117 0.135004 0.0808411
9.9991E-05 0.0494404 0.0292462 0.0685277 0.446859 0.0632673 0.0883441 0.044972 0.166452 0.0427916
0.621481 0.0677954 0.0680287 0.142421 0.0587504 9.9973E-05 9.9973E-05 0.0299488 9.9973E-05 0.0112754
0.371825 0.116485 9.9964E-05 9.9964E-05 0.235965 9.9964E-05 9.9964E-05 0.128313 0.0685812 0.078432
9.9964E-05 0.0250576 0.0778468 0.0429548 0.607957 9.9964E-05 0.14861 0.097174 9.9964E-05 9.9964E-05
0.435407 0.0554021 9.9955E-05 0.0245254 0.402636 9.9955E-05 9.9955E-05 9.9955E-05 9.9955E-05 0.0815295
0.702153 9.9964E-05 0.024359 0.0147963 0.0612455 9.9964E-05 0.0906636 9.9964E-05 9.9964E-05 0.106383
0.42118 0.0727736 0.0558281 0.0234122 0.27479 0.083146 0.0421379 0.0158185 9.9991E-05 0.0108135
0.305446 0.113838 0.0410694 0.123107 0.370742 9.9973E-05 9.9973E-05 0.0376506 9.9973E-05 0.00784759
0.415754 0.0346538 0.0586849 0.0378915 0.281306 0.0687 0.10271 9.9973E-05 9.9973E-05 9.9973E-05
0.584205 0.117792 0.0402058 0.0133218 0.0860938 0.00290343 0.0102984 0.102119 9.9991E-05 0.0429605
0.17557 0.00279301 0.0610271 0.0371356 0.528953 9.9982E-05 0.0623394 0.0180503 9.9982E-05 0.113932
0.48557 9.9946E-05 9.9946E-05 0.425342 0.0425982 9.9946E-05 9.9946E-05 0.0458895 9.9946E-05 9.9946E-05
0.15825 9.9946E-05 0.0185542 0.608771 0.213825 9.9946E-05 9.9946E-05 9.9946E-05 9.9946E-05 9.9946E-05
0.535427 9.9964E-05 9.9964E-05 0.15627 0.0178188 9.9964E-05 9.9964E-05 0.107217 0.0731073 0.10976
9.9946E-05 0.0914493 9.9946E-05 0.881125 0.0145213 9.9946E-05 0.0123049 9.9946E-05 9.9946E-05 9.9946E-05
9.9964E-05 0.00701012 9.9964E-05 0.804476 0.0247248 9.9964E-05 0.087253 9.9964E-05 0.0243821 0.0517543
0.357964 9.9946E-05 9.9946E-05 0.59175 0.00545999 9.9946E-05 9.9946E-05 0.0442264 9.9946E-05 9.9946E-05
0.433909 0.00584479 9.9973E-05 0.351505 0.0332194 9.9973E-05 0.0974154 0.0602722 0.0175341 9.9973E-05
0.474141 0.104663 0.0590869 0.207562 0.066097 9.9964E-05 9.9964E-05 9.9964E-05 0.0880508 9.9964E-05
0.438283 0.0191396 0.00685841 0.395842 0.0476446 9.9973E-05 9.9973E-05 0.0729511 9.9973E-05 0.0189812
0.105747 9.9964E-05 9.9964E-05 0.645896 0.0930315 0.0627893 9.9964E-05 0.0745045 0.0176315 9.9964E-05
0.179716 9.9982E-05 0.0168746 0.507999 0.0482801 0.00414229 9.9982E-05 0.179574 0.0463809 0.0168336
0.462675 0.00579839 0.0549577 0.277699 0.050928 0.0960798 9.9973E-05 0.0515631 9.9973E-05 9.9973E-05
0.193346 9.9964E-05 9.9964E-05 0.542504 0.179561 0.0487508 0.0252166 9.9964E-05 9.9964E-05 0.0102213
0.36891 9.9973E-05 0.0445868 0.424072 0.0709782 0.0191631 0.0396269 9.9973E-05 0.0323624 9.9973E-05
0.375037 0.0106493 0.0117647 0.556859 9.9964E-05 9.9964E-05 0.0356829 9.9964E-05 9.9964E-05 0.00960693
9.9946E-05 0.1709 9.9946E-05 0.723744 9.9946E-05 9.9946E-05 0.0104991 9.9946E-05 9.9946E-05 0.0942573
0.517042 9.9964E-05 0.0111649 0.259559 9.9964E-05 0.0980692 9.9964E-05 0.0720182 9.9964E-05 0.0417464
0.0974487 9.9955E-05 0.0492754 9.9955E-05 0.0616076 0.0223687 9.9955E-05 9.9955E-05 0.7688 9.9955E-05
0.0854845 9.99371E-05 0.140207 9.99371E-05 9.99371E-05 9.99371E-05 9.99371E-05 9.99371E-05 0.773608 9.99371E-05
0.0895816 0.0327509 0.164666 9.9946E-05 9.9946E-05 9.9946E-05 9.9946E-05 9.9946E-05 0.712402 9.9946E-05
0.0402079 0.111122 0.114248 0.0117516 9.9955E-05 9.9955E-05 9.9955E-05 9.9955E-05 0.722172 9.9955E-05
0.102236 0.0524788 0.111533 9.9946E-05 9.9946E-05 9.9946E-05 9.9946E-05 9.9946E-05 0.733153 9.9946E-05
0.0453858 0.0487474 0.0792606 9.9964E-05 9.9964E-05 0.0240509 9.9964E-05 0.0365332 0.765622 9.9964E-05
0.0860975 9.9955E-05 0.0882093 9.9955E-05 9.9955E-05 0.0140545 0.00564895 9.9955E-05 0.80549 9.9955E-05
0.493493 9.9964E-05 0.0165213 0.276953 9.9964E-05 0.0680421 9.9964E-05 0.0321294 0.112461 9.9964E-05
0.544186 0.0640406 0.051859 0.138153 0.174504 9.9964E-05 9.9964E-05 9.9964E-05 0.0268579 9.9964E-05
0.00442125 9.9946E-05 9.9946E-05 0.777746 0.1872 9.9946E-05 9.9946E-05 9.9946E-05 0.0300333 9.9946E-05
0.463079 0.131933 0.00936564 0.1888 9.9973E-05 9.9973E-05 0.14023 9.9973E-05 0.0205004 0.045792
0.427607 9.9964E-05 0.0619614 0.390491 0.115527 9.9964E-05 0.00319314 0.000820277 9.9964E-05 9.9964E-05
0.548882 9.9955E-05 0.0402093 0.34523 9.9955E-05 0.0580029 0.00717557 9.9955E-05 9.9955E-05 9.9955E-05
0.567786 0.00863178 9.9964E-05 0.24504 9.9964E-05 9.9964E-05 0.0635491 9.9964E-05 0.0465865 0.0680066
0.390695 9.9964E-05 0.0266515 0.477725 9.9964E-05 0.0895973 9.9964E-05 9.9964E-05 0.0130681 0.00186248
9.9964E-05 9.9964E-05 9.9964E-05 0.690598 0.194064 9.9964E-05 0.00673011 0.0513708 0.0563515 0.000485525
0.458711 0.022781 0.0250871 0.0916411 0.0673441 0.0575685 0.0665447 0.0233426 0.116923 0.0700574
0.581147 0.022003 9.9982E-05 0.17379 0.0523452 0.0254325 0.0340975 9.9982E-05 0.0460918 0.0648931
0.542932 9.9982E-05 0.0216347 0.165774 0.0583691 0.0963774 0.0069848 0.0127211 0.0950067 9.9982E-05
0.246704 0.0163808 9.9973E-05 0.594455 0.035651 0.0154262 0.0844347 9.9973E-05 9.9973E-05 0.00664876
0.501595 0.00112625 0.0252825 0.395803 9.9973E-05 0.0194676 0.00204537 9.9973E-05 9.9973E-05 0.0543806
0.422661 9.9964E-05 0.0315609 0.435246 0.0643556 9.9964E-05 0.0136704 9.9964E-05 0.0321068 9.9964E-05
0.282514 9.9946E-05 9.9946E-05 0.596642 9.9946E-05 0.0990697 0.0211752 9.9946E-05 9.9946E-05 9.9946E-05
0.404355 9.9955E-05 9.9955E-05 0.424961 0.038686 9.9955E-05 9.9955E-05 0.0249844 0.106514 9.9955E-05
0.508353 0.0512379 0.0649151 0.180505 0.0194283 9.9991E-05 0.0130885 0.0581128 0.0478318 0.0564272
0.154199 0.180998 9.9964E-05 0.12609 0.365244 9.9964E-05 9.9964E-05 0.0463577 9.9964E-05 0.126712
0.408275 0.0460841 0.000311674 0.0191828 0.202973 0.0157058 0.0703757 0.130608 0.106385 9.9991E-05
0.431227 0.0927854 9.9973E-05 9.9973E-05 0.143478 0.0857045 9.9973E-05 0.125888 0.0677631 0.0528542
0.563891 0.0264143 9.9973E-05 0.109531 0.0262624 9.9973E-05 0.125849 0.0623052 0.0854474 9.9973E-05
0.370331 0.00618309 0.027598 9.9973E-05 0.294808 9.9973E-05 0.013035 0.175644 9.9973E-05 0.1121
0.562121 0.0336201 9.9973E-05 9.9973E-05 0.277162 9.9973E-05 0.00379089 0.0528145 0.0335294 0.0366622
0.412575 9.9973E-05 9.9973E-05 0.0603151 0.226027 0.0225653 9.9973E-05 0.154901 0.0356272 0.0876902
0.512273 0.0636797 0.0231806 0.120773 0.112724 9.9982E-05 9.9982E-05 0.0683707 0.044039 0.0547605
0.576546 0.100531 9.9991E-05 0.0752969 0.0535336 0.0280209 0.0101552 0.117829 0.0123088 0.0256788
0.556347 0.0845863 0.0171061 0.0760126 0.212926 9.9973E-05 0.0258781 0.0268441 9.9973E-05 9.9973E-05
0.447289 9.9964E-05 0.00420847 0.0272677 0.310117 9.9964E-05 9.9964E-05 0.14659 9.9964E-05 0.0641273
0.507838 0.161396 9.9973E-05 0.0378311 0.0968183 0.0462181 0.112049 0.0375497 9.9973E-05 9.9973E-05
0.445473 0.0189564 9.9982E-05 0.0283974 9.9982E-05 0.103905 0.0809119 0.174141 0.0648266 0.0831894
0.555552 9.9964E-05 9.9964E-05 0.0460429 0.10188 0.0197416 9.9964E-05 0.167249 9.9964E-05 0.109134
0.502057 0.0676987 9.9964E-05 9.9964E-05 9.9964E-05 0.0353755 9.9964E-05 0.220208 0.051586 0.122674
0.442159 0.00119137 0.00855872 0.104564 0.0818284 0.0758697 0.0125704 0.15881 9.9991E-05 0.114348
0.334554 0.138418 0.0354256 9.9973E-05 0.197309 9.9973E-05 0.115221 0.132017 9.9973E-05 0.0467553
0.548724 0.13409 9.9964E-05 9.9964E-05 0.164242 0.0283562 9.9964E-05 0.0506891 9.9964E-05 0.0734983
0.610697 0.0602188 9.9973E-05 9.9973E-05 0.109368 0.00368747 9.9973E-05 0.086944 0.0408367 0.0879487
0.215196 9.9973E-05 9.9973E-05 0.0653956 0.353401 0.10608 0.00465574 0.204574 9.9973E-05 0.0503975
0.106285 0.206794 9.9973E-05 0.0542967 0.431223 9.9973E-05 0.0151097 0.0428795 9.9973E-05 0.143112
0.531119 0.0677087 9.9973E-05 0.0946761 0.0210133 9.9973E-05 0.038101 0.182788 9.9973E-05 0.0642935
0.021007 0.030341 9.9982E-05 0.144397 0.175256 0.0490905 0.138672 0.220811 9.9982E-05 0.220226
0.255675 9.9964E-05 9.9964E-05 9.9964E-05 0.482805 9.9964E-05 0.0903545 0.061664 0.0425316 0.0665699
0.400013 9.9964E-05 9.9964E-05 0.107674 0.279771 9.9964E-05 9.9964E-05 0.104068 0.0424544 0.0656196
0.17866 9.9973E-05 0.0261752 0.123931 0.43417 9.9973E-05 9.9973E-05 0.117188 0.0135664 0.106009
0.187416 0.0245199 9.9964E-05 9.9964E-05 0.541455 9.9964E-05 0.0584365 0.158615 9.9964E-05 0.029157
0.634421 0.0254961 0.00119226 0.0254386 0.125397 9.9991E-05 0.115214 0.00148599 0.067964 0.00329117
0.514588 0.0170062 9.9973E-05 0.0609036 0.183092 9.9973E-05 9.9973E-05 0.00757549 0.112253 0.104282
0.565398 0.000786349 0.00116882 0.0644531 0.128979 0.036882 9.9991E-05 0.0605535 0.0604334 0.0812465
0.141339 0.157618 0.0287357 0.0947281 0.298886 9.9982E-05 0.10259 0.0695575 9.9982E-05 0.106347
0.513226 0.0147429 0.0219162 0.134352 0.0555242 9.9991E-05 0.0327576 0.0618795 0.151852 0.0136493
0.433124 0.115831 0.0155787 0.034844 0.0663312 9.9991E-05 0.233982 0.0115804 0.00729576 0.0813326
9.9982E-05 0.176705 0.0335569 0.131749 0.112279 9.9982E-05 0.321642 0.0375163 0.0459048 0.140448
0.619248 0.0847982 0.00358628 0.0674576 0.0158188 9.9982E-05 0.0800422 9.9982E-05 0.0283187 0.10053
0.333429 0.184832 0.0294414 0.195893 9.9982E-05 9.9982E-05 0.0815922 0.0422196 0.0227907 0.109602
0.42518 0.179198 9.9982E-05 0.117937 0.0400773 0.060241 0.0623521 0.0692198 0.0455956 9.9982E-05
0.188326 0.184306 0.0110004 0.160271 0.0174426 9.9991E-05 0.284334 0.113988 0.0116582 0.028574
0.0677544 0.0835962 0.0653941 0.0515965 0.113806 9.9991E-05 0.413726 0.070115 0.0113486 0.122564
0.406347 0.1012 0.00330595 0.137086 0.0399013 9.9982E-05 0.094633 0.106991 9.9982E-05 0.110336
0.444259 0.078703 0.0408243 0.0916824 9.9991E-05 0.0139783 0.0340982 0.0607377 0.123743 0.111874
0.328887 0.0150717 0.0152025 0.0193612 0.127009 0.097455 0.225325 9.9991E-05 0.0795765 0.0920123
9.9982E-05 0.210899 0.0148177 0.169015 0.232028 0.0727144 0.175014 9.9982E-05 0.0408059 0.0845052
0.583901 9.9982E-05 0.0194201 9.9982E-05 0.11671 0.00213899 0.101102 0.0296348 0.0971437 0.0497483
0.331976 0.0348875 9.9964E-05 0.122425 0.134492 9.9964E-05 0.313048 0.0627708 9.9964E-05 9.9964E-05
0.394032 0.0205672 9.9982E-05 0.157039 0.101434 0.0149236 0.132426 0.0688823 9.9982E-05 0.110496
0.431687 0.159157 0.0540277 0.149831 9.9991E-05 0.0338775 0.0261788 0.0690653 0.0102797 0.0657955
9.9991E-05 0.152706 0.0568074 0.0376276 0.0709935 0.307065 0.182156 0.0133795 0.174321 0.00484301
9.9955E-05 0.451904 0.0215954 9.9955E-05 9.9955E-05 0.0731697 0.0984459 9.9955E-05 0.354385 9.9955E-05
9.9964E-05 0.431068 0.0147203 9.9964E-05 9.9964E-05 0.0397493 0.117459 9.9964E-05 0.302517 0.0940865
0.091597 0.305295 9.9982E-05 9.9982E-05 0.0676691 0.264974 0.00776658 0.0200609 0.239912 0.00252537
0.51314 9.9955E-05 0.00448643 0.0398614 9.9955E-05 0.0527591 0.389253 9.9955E-05 9.9955E-05 9.9955E-05
0.49049 9.9982E-05 0.00981773 0.101649 0.0964957 0.0724966 0.14325 0.0572032 0.0283972 9.9982E-05
0.290682 9.9964E-05 0.0282253 9.9964E-05 0.0358638 0.627317 9.9964E-05 0.0171237 9.9964E-05 0.000387872
0.270005 0.0120861 0.0382661 0.0860073 0.0751759 0.440579 9.9973E-05 0.0775814 9.9973E-05 9.9973E-05
0.23601 0.0200458 0.0465709 0.0912472 0.0395509 0.413205 0.104714 0.0181605 0.0303964 9.9991E-05
0.207926 9.9964E-05 0.000494041 0.0676405 9.9964E-05 0.0629148 0.543862 9.9964E-05 9.9964E-05 0.116764
0.51811 0.165288 9.9991E-05 0.132856 0.00952886 0.0398362 0.0215721 0.0208163 0.035697 0.0561949
0.0995821 0.0644676 9.9964E-05 0.0209657 0.104772 9.9964E-05 0.533901 9.9964E-05 9.9964E-05 0.175911
0.574501 0.0415145 0.0103268 0.157315 0.0205574 9.9973E-05 0.152958 9.9973E-05 9.9973E-05 0.0425268
0.339347 0.000713552 0.0179326 0.0889993 0.0787566 0.0714257 0.229534 9.9991E-05 0.0338758 0.139315
0.508613 0.0492265 9.9982E-05 0.0443068 0.0201055 0.0682747 0.251608 0.0224848 9.9982E-05 0.0351803
0.153646 0.0725178 9.9964E-05 0.103696 0.110289 9.9964E-05 0.436432 9.9964E-05 9.9964E-05 0.123019
0.624848 0.0382608 0.0411025 0.122992 0.0292792 9.9973E-05 0.0844498 9.9973E-05 0.0587679 9.9973E-05
0.536488 9.9982E-05 9.9982E-05 0.0744885 0.0773821 0.0194481 0.199587 0.00317237 0.0724234 0.0168102
9.9946E-05 0.029941 9.9946E-05 9.9946E-05 9.9946E-05 0.917917 9.9946E-05 9.9946E-05 0.00836191 0.0431807
0.0925441 9.9955E-05 9.9955E-05 9.9955E-05 9.9955E-05 0.833855 0.0291704 9.9955E-05 0.0185866 0.0253437
0.193838 0.0419977 0.0323357 9.9964E-05 0.122773 0.566594 0.0420619 9.9964E-05 9.9964E-05 9.9964E-05
0.324129 9.9946E-05 0.00907494 9.9946E-05 9.9946E-05 0.620367 9.9946E-05 0.0458295 9.9946E-05 9.9946E-05
0.148225 9.9964E-05 9.9964E-05 0.0244187 0.0320304 0.703229 0.0479944 9.9964E-05 0.0437028 9.9964E-05
9.9928E-05 0.00806985 9.9928E-05 9.9928E-05 9.9928E-05 0.991131 9.9928E-05 9.9928E-05 9.9928E-05 9.9928E-05
9.9937E-05 9.9937E-05 9.9937E-05 0.0363917 9.9937E-05 0.948305 9.9937E-05 0.0146033 9.9937E-05 9.9937E-05
0.164012 9.9937E-05 9.9937E-05 9.9937E-05 0.0333154 0.801973 9.9937E-05 9.9937E-05 9.9937E-05 9.9937E-05
9.9946E-05 9.9946E-05 9.9946E-05 9.9946E-05 0.00933956 0.96099 0.0140457 0.0150246 9.9946E-05 9.9946E-05
9.99201E-05 9.99201E-05 9.99201E-05 9.99201E-05 9.99201E-05 0.999101 9.99201E-05 9.99201E-05 9.99201E-05 9.99201E-05
9.9928E-05 9.9928E-05 0.0106184 9.9928E-05 9.9928E-05 0.988582 9.9928E-05 9.9928E-05 9.9928E-05 9.9928E-05
0.175812 9.9964E-05 0.0542102 9.9964E-05 0.0294337 0.712918 0.0169764 9.9964E-05 9.9964E-05 0.01025
0.0808264 0.0503662 0.0376552 9.9955E-05 9.9955E-05 0.746976 9.9955E-05 0.0836764 9.9955E-05 9.9955E-05
9.9928E-05 9.9928E-05 9.9928E-05 0.0302209 9.9928E-05 0.96898 9.9928E-05 9.9928E-05 9.9928E-05 9.9928E-05
0.267496 9.9964E-05 9.9964E-05 0.01674 0.192657 0.442514 9.9964E-05 0.0120644 0.0681287 9.9964E-05
0.229464 9.9973E-05 0.0484777 9.9973E-05 0.0045106 0.574646 0.0697084 9.9973E-05 0.0482874 0.0246057
0.149774 9.9964E-05 9.9964E-05 9.9964E-05 0.00244973 0.725333 0.0277932 0.0244912 0.0697591 9.9964E-05
0.0673205 9.9964E-05 0.00673848 9.9964E-05 0.074739 0.845343 9.9964E-05 0.00131427 0.00414511 9.9964E-05
9.9955E-05 9.9955E-05 0.0189994 9.9955E-05 9.9955E-05 0.943984 0.0158289 0.00999903 0.0106891 9.9955E-05
0.107191 0.0215663 9.9964E-05 9.9964E-05 0.00460653 0.817128 9.9964E-05 9.9964E-05 0.0370235 0.0120844
9.9937E-05 0.00994847 0.0105519 9.9937E-05 9.9937E-05 0.9788 9.9937E-05 9.9937E-05 9.9937E-05 9.9937E-05
0.23982 9.9973E-05 0.0371853 9.9973E-05 0.00134067 0.592383 0.0150804 0.0699294 9.9973E-05 0.043962
9.9964E-05 9.9964E-05 0.0159526 0.0646006 0.0154307 0.880081 9.9964E-05 9.9964E-05 0.0145889 0.00894633
9.9955E-05 0.237998 9.9955E-05 9.9955E-05 0.046534 9.9955E-05 0.455417 9.9955E-05 0.239532 0.0200186
0.359535 0.144212 0.0168431 9.9982E-05 0.0613939 0.0574224 0.205687 0.109556 0.045151 9.9982E-05
0.306583 9.9973E-05 0.030987 0.0955965 9.9973E-05 0.0372729 0.249323 0.0107667 0.269171 9.9973E-05
0.0595149 0.205116 0.0846395 0.041692 9.9991E-05 0.129926 0.385486 0.0505698 0.0371209 0.00583417
0.462333 0.134855 9.9991E-05 0.00749848 0.0235863 0.0581112 0.0614095 0.112678 0.0882487 0.0511804
0.173111 0.195889 0.0725632 0.00175767 0.0374548 0.0316322 0.29732 9.9991E-05 0.108272 0.0819005
0.397385 0.0550275 0.000651555 0.127379 9.9982E-05 0.0300395 0.094324 9.9982E-05 0.200036 0.0949569
0.213769 0.115319 9.9973E-05 0.0371758 9.9973E-05 0.1683 0.376325 9.9973E-05 0.0799519 0.00885963
0.410695 0.0547452 0.124223 9.9982E-05 9.9982E-05 0.104348 0.171213 0.0239289 0.0144535 0.096193
0.260535 0.101093 0.0428097 9.9964E-05 9.9964E-05 0.178877 0.346426 9.9964E-05 0.0698596 9.9964E-05
0.360172 0.0591314 0.0314276 9.9991E-05 0.125382 0.0725873 0.162259 0.0244071 0.123848 0.0406863
0.0622112 9.9955E-05 9.9955E-05 9.9955E-05 9.9955E-05 9.9955E-05 0.0484684 0.0427946 0.821822 0.0242037
9.9964E-05 0.0774039 0.0833225 9.9964E-05 9.9964E-05 0.0629781 0.00935667 9.9964E-05 0.75822 0.00831854
0.0222857 0.0650198 0.0508565 9.9946E-05 9.9946E-05 9.9946E-05 9.9946E-05 9.9946E-05 0.861238 9.9946E-05
9.9964E-05 0.0273078 0.043009 0.00842949 0.021353 9.9964E-05 9.9964E-05 0.023107 0.876394 9.9964E-05
0.0306892 0.0362652 0.108014 9.9964E-05 0.0472009 0.00586843 9.9964E-05 9.9964E-05 0.771563 9.9964E-05
9.9946E-05 0.0888083 0.0709687 9.9946E-05 9.9946E-05 0.0644536 9.9946E-05 9.9946E-05 0.77517 9.9946E-05
0.0322359 0.00924402 0.0732 9.9964E-05 0.00284038 0.0650094 9.9964E-05 9.9964E-05 0.817071 9.9964E-05
9.9946E-05 0.128043 0.0300388 9.9946E-05 9.9946E-05 9.9946E-05 0.0352363 9.9946E-05 0.806082 9.9946E-05
0.0363089 0.0905615 0.0167871 9.9964E-05 9.9964E-05 0.0117762 9.9964E-05 9.9964E-05 0.822107 0.0220595
9.9955E-05 0.226826 0.0297629 9.9955E-05 9.9955E-05 0.0249379 9.9955E-05 0.00633937 0.711634 9.9955E-05
9.9964E-05 9.9964E-05 0.0488865 0.0843044 0.172369 9.9964E-05 9.9964E-05 0.0910802 0.565118 0.0378423
9.9955E-05 0.0829489 9.9955E-05 0.0591031 0.10205 9.9955E-05 9.9955E-05 0.225314 0.530085 9.9955E-05
9.9973E-05 0.0806893 0.0268895 0.0416432 0.244836 9.9973E-05 9.9973E-05 0.0762486 0.484585 0.0448089
9.9955E-05 9.9955E-05 9.9955E-05 0.0798388 0.282089 9.9955E-05 0.0650316 0.0988994 0.473642 9.9955E-05
0.474156 0.0300628 0.0215721 0.231101 0.102411 9.9982E-05 0.0464021 9.9982E-05 0.0705366 0.0235595
0.463428 9.9982E-05 9.9982E-05 0.276237 0.113304 0.0254173 0.0147995 0.0335027 0.0140259 0.0590854
0.545434 9.9973E-05 0.0142917 0.183813 0.0735535 9.9973E-05 0.049049 0.0750997 0.0584589 9.9973E-05
0.286879 0.0550801 0.042135 0.244546 0.322822 9.9964E-05 9.9964E-05 0.0481378 9.9964E-05 9.9964E-05
0.0615254 9.9964E-05 9.9964E-05 0.0786313 0.45727 9.9964E-05 0.102565 0.283716 9.9964E-05 0.0158917
0.521323 9.9982E-05 0.0371815 0.268852 9.9982E-05 0.033363 0.0465407 0.0402239 0.0326582 0.019658
0.544315 0.0451951 9.9955E-05 0.291067 9.9955E-05 9.9955E-05 9.9955E-05 0.0768125 9.9955E-05 0.0421114
0.493987 0.00781585 9.9973E-05 0.248703 0.0773 9.9973E-05 0.00869103 0.120241 9.9973E-05 0.0429621
0.284375 9.9964E-05 9.9964E-05 0.530746 9.9964E-05 0.0608193 0.00359175 0.0177842 9.9964E-05 0.102284
0.540074 9.9973E-05 9.9973E-05 0.0878396 0.0695558 0.0654331 9.9973E-05 0.156862 0.0218982 0.0580369
0.427183 9.9973E-05 0.0249994 0.348038 0.0692602 9.9973E-05 9.9973E-05 0.0606281 0.0213071 0.0482845
9.9946E-05 9.9946E-05 0.0044484 0.732591 9.9946E-05 9.9946E-05 9.9946E-05 0.0439784 9.9946E-05 0.218382
0.498474 0.0138055 0.00994194 0.0434797 0.2267 0.0115765 0.132603 0.0267001 0.0257328 0.0109869
0.159573 0.025213 9.9982E-05 0.574718 0.000941551 0.0417536 0.00426446 9.9982E-05 0.0203407 0.172995
0.539952 9.9955E-05 0.00472941 0.370519 0.0360678 9.9955E-05 9.9955E-05 9.9955E-05 9.9955E-05 0.0482321
0.0802242 9.9955E-05 9.9955E-05 0.6651 0.169394 9.9955E-05 9.9955E-05 0.0464155 0.0383658 9.9955E-05
9.9955E-05 0.0428779 9.9955E-05 0.0284571 9.9955E-05 9.9955E-05 0.0509153 0.801022 0.0762277 9.9955E-05
0.0128473 9.9955E-05 9.9955E-05 9.9955E-05 9.9955E-05 0.0115799 0.164341 0.784569 0.0261625 9.9955E-05
9.9928E-05 9.9928E-05 9.9928E-05 9.9928E-05 9.9928E-05 9.9928E-05 0.072675 0.926526 9.9928E-05 9.9928E-05
9.9946E-05 9.9946E-05 9.9946E-05 0.0273747 9.9946E-05 9.9946E-05 0.0406444 0.850678 0.0807029 9.9946E-05
0.0227054 0.0213526 9.9964E-05 0.0303816 9.9964E-05 0.054773 0.0920681 0.778319 9.9964E-05 9.9964E-05
0.0747683 9.9946E-05 9.9946E-05 9.9946E-05 9.9946E-05 0.0846767 9.9946E-05 0.839736 9.9946E-05 0.000219673
0.123644 9.9964E-05 0.0442156 0.0076836 9.9964E-05 0.00230513 9.9964E-05 9.9964E-05 0.812777 0.00897457
0.110783 9.9955E-05 9.9955E-05 9.9955E-05 0.00985336 0.0194745 9.9955E-05 0.036597 0.822792 9.9955E-05
0.136658 0.00933078 0.0392905 9.9964E-05 9.9964E-05 0.0868852 0.0161684 9.9964E-05 0.711268 9.9964E-05
0.0918358 9.9964E-05 0.0408616 9.9964E-05 0.017268 0.103183 9.9964E-05 0.019015 0.727437 9.9964E-05
0.0746879 9.9955E-05 9.9955E-05 9.9955E-05 0.0248635 0.085818 9.9955E-05 0.00304862 0.811082 9.9955E-05
9.9955E-05 9.9955E-05 9.9955E-05 0.0585491 0.10638 9.9955E-05 0.0435677 0.411495 0.379508 9.9955E-05
9.9955E-05 9.9955E-05 9.9955E-05 0.0584626 9.9955E-05 9.9955E-05 0.127015 0.299159 0.458803 0.0560605
9.9955E-05 9.9955E-05 0.0151649 0.0702248 9.9955E-05 9.9955E-05 9.9955E-05 0.417283 0.443605 0.0532224
9.99201E-05 9.99201E-05 0.999101 9.99201E-05 9.99201E-05 9.99201E-05 9.99201E-05 9.99201E-05 9.99201E-05 9.99201E-05
9.9964E-05 9.9964E-05 9.9964E-05 0.0975683 0.00289843 9.9964E-05 0.0100361 0.478576 0.388683 0.0218375
0.386444 0.241626 9.9946E-05 9.9946E-05 9.9946E-05 0.231352 9.9946E-05 9.9946E-05 0.139978 9.9946E-05
0.539707 0.0038796 0.00689191 9.9973E-05 9.9973E-05 0.191211 0.108133 0.00388582 0.145991 9.9973E-05
0.528115 9.9955E-05 0.000145639 9.9955E-05 0.0221623 0.220201 9.9955E-05 9.9955E-05 0.228876 9.9955E-05
0.39115 0.197838 0.00775825 0.0104847 9.9982E-05 0.17287 0.0422002 0.0337468 0.143752 9.9982E-05
0.411008 9.9982E-05 0.0200189 0.0789514 9.9982E-05 0.139501 0.106984 0.106587 0.120352 0.016398
9.9946E-05 0.389244 9.9946E-05 9.9946E-05 9.9946E-05 0.240188 0.060237 9.9946E-05 0.309731 9.9946E-05
0.389306 9.9964E-05 9.9964E-05 0.00828398 0.375548 9.9964E-05 0.0594954 0.115555 9.9964E-05 0.0514121
0.371282 0.0978976 9.9973E-05 0.0345256 0.15989 9.9973E-05 0.0651173 0.0971527 9.9973E-05 0.173835
0.181914 9.9955E-05 0.0159122 9.9955E-05 0.636421 9.9955E-05 9.9955E-05 0.103673 0.0615792 9.9955E-05
0.463542 0.00979635 9.9973E-05 0.0746607 0.121564 9.9973E-05 9.9973E-05 0.0456579 0.0440722 0.240407
9.9964E-05 0.191554 9.9964E-05 0.191019 0.164827 9.9964E-05 0.0210946 0.0200264 9.9964E-05 0.411079
0.453965 0.0416725 0.0348892 0.0575096 0.36522 9.9982E-05 0.0140217 0.0210006 0.0115215 9.9982E-05
0.412447 9.9973E-05 9.9973E-05 0.0432575 0.27567 9.9973E-05 0.0187855 0.0638934 0.075833 0.109814
0.293649 9.9982E-05 0.010415 0.0153863 0.45281 9.9982E-05 0.0293326 0.124261 0.0477718 0.026174
0.422134 9.9964E-05 9.9964E-05 0.0625078 0.264519 0.0533582 9.9964E-05 9.9964E-05 0.12007 0.0770113
9.9955E-05 0.131748 9.9955E-05 0.0818671 0.531782 9.9955E-05 0.0836411 9.9955E-05 9.9955E-05 0.170462
0.395237 0.0561218 0.00988955 0.0914096 0.0956494 0.0399186 0.145788 0.102885 9.9991E-05 0.0630005
0.497725 9.9964E-05 0.0245136 0.144952 0.207651 0.00822838 9.9964E-05 0.116529 9.9964E-05 9.9964E-05
0.408896 0.0815592 0.000870844 0.0778723 0.141274 0.151287 0.0109928 0.0850621 0.0420862 9.9991E-05
0.330461 0.0570183 9.9964E-05 0.0212154 0.375878 9.9964E-05 9.9964E-05 0.0772235 9.9964E-05 0.137803
0.37884 0.0436796 0.00077543 0.0877626 0.233043 9.9982E-05 9.9982E-05 0.0636928 0.0691674 0.122839
0.429544 9.9964E-05 9.9964E-05 0.0656101 0.188127 0.0951428 0.0669019 9.9964E-05 9.9964E-05 0.154274
0.503549 0.0295064 9.9973E-05 0.109179 0.0551333 9.9973E-05 0.0894055 0.116414 9.9973E-05 0.0965126
0.463189 9.9973E-05 0.0169767 0.0384227 0.149848 0.117605 9.9973E-05 0.121307 9.9973E-05 0.0923524
0.482238 0.0321207 9.9982E-05 0.0963259 0.154213 0.0270355 9.9982E-05 0.107438 0.0590975 0.041332
0.521594 0.0767917 9.9973E-05 0.0985942 0.113623 9.9973E-05 0.0387328 0.11957 0.0307945 9.9973E-05
0.139069 9.9946E-05 9.9946E-05 9.9946E-05 9.9946E-05 0.0944249 9.9946E-05 9.9946E-05 0.749741 0.0161659
0.0954712 0.0301937 0.00168053 0.00954316 9.9973E-05 0.0120162 9.9973E-05 9.9973E-05 0.823996 0.0267992
0.0608648 0.0212627 9.9955E-05 9.9955E-05 0.0659917 9.9955E-05 0.0954321 9.9955E-05 0.755949 9.9955E-05
0.03032 9.9964E-05 0.0262361 0.083431 9.9964E-05 0.0418305 9.9964E-05 9.9964E-05 0.768934 0.0488485
0.150999 9.9955E-05 0.0556478 9.9955E-05 9.9955E-05 9.9955E-05 0.0118099 9.9955E-05 0.774879 0.00616492
0.105472 0.0824485 9.9973E-05 0.00011175 0.644037 9.9973E-05 0.0131352 0.144887 0.00960803 9.9973E-05
0.427496 0.0745582 9.9982E-05 0.120462 0.165577 0.0645247 0.000632244 9.9982E-05 0.0309891 0.115561
0.419952 0.0956815 0.00167371 0.0585592 9.9982E-05 0.113527 0.160094 9.9982E-05 0.142609 0.00770363
0.586685 0.046283 0.0624989 0.0115086 0.182536 0.0296124 9.9982E-05 0.0215705 9.9982E-05 0.0591059
0.469227 0.0144977 9.9973E-05 0.136505 0.210129 9.9973E-05 9.9973E-05 0.139016 0.00320092 0.0271235
0.221186 0.102892 9.9964E-05 9.9964E-05 0.25086 0.0614419 9.9964E-05 0.233022 9.9964E-05 0.130197
9.9964E-05 0.138362 0.0598266 0.0686793 0.493389 9.9964E-05 9.9964E-05 0.212458 0.0268853 9.9964E-05
0.502207 0.00172508 9.9973E-05 0.0516825 0.14615 9.9973E-05 0.0420652 0.205678 9.9973E-05 0.0501926
0.0904147 9.9991E-05 0.0184987 0.0124371 0.332402 0.0746889 0.00598526 0.26707 0.0550057 0.143398
0.302246 0.0554754 9.9982E-05 0.149032 0.135407 0.0866389 0.098138 0.0959433 9.9982E-05 0.0769199
0.0164609 9.9964E-05 9.9964E-05 9.9964E-05 0.536755 0.0299638 9.9964E-05 0.148387 0.148372 0.119662
0.600629 9.9973E-05 9.9973E-05 9.9973E-05 0.103514 0.00150042 0.0576265 0.104052 0.128381 0.00399704
0.121599 9.9982E-05 0.0165552 0.000216997 0.547988 9.9982E-05 0.00055514 0.153509 0.0849979 0.0743782
0.171692 0.0403837 0.0375117 0.0366392 0.354643 0.0775839 0.0954811 0.113862 9.9991E-05 0.0721028
0.478864 0.0180654 9.9982E-05 0.0566194 0.110728 9.9982E-05 0.184684 0.0660358 0.00758949 0.0772136
0.202427 0.00607152 9.9982E-05 9.9982E-05 0.100021 0.0136189 0.574225 0.00129026 0.0324091 0.0697373
0.477002 0.000978353 9.9973E-05 0.0322642 0.0398291 9.9973E-05 0.318117 9.9973E-05 0.0950483 0.0364613
0.388508 9.9982E-05 0.0150892 0.0731836 0.0897566 0.0553228 0.267779 0.0094953 0.100665 9.9982E-05
0.269278 9.9964E-05 9.9964E-05 9.9964E-05 0.0683468 9.9964E-05 0.538247 0.02972 0.00883412 0.0851743
0.422648 0.000254115 0.0521857 0.0460458 0.124829 0.096504 0.146612 0.060155 0.0280777 0.0226886
0.477816 0.0424553 9.9973E-05 0.052562 9.9973E-05 9.9973E-05 0.253653 0.0534502 0.0172175 0.102545
0.0190356 9.9955E-05 9.9955E-05 0.134578 9.9955E-05 9.9955E-05 0.61044 0.0941846 9.9955E-05 0.141262
0.1433 0.112544 9.9964E-05 0.0272775 0.0365384 9.9964E-05 0.612664 9.9964E-05 9.9964E-05 0.067276
0.429153 9.9955E-05 9.9955E-05 9.9955E-05 0.0615931 9.9955E-05 0.378713 0.0766174 9.9955E-05 0.0534243
0.0370524 9.9982E-05 9.9982E-05 0.153992 0.0888752 0.00219675 0.544636 0.0250059 0.0245504 0.123491
0.326924 9.9946E-05 9.9946E-05 0.0792405 0.160195 9.9946E-05 0.433041 9.9946E-05 9.9946E-05 9.9946E-05
0.0166189 0.0121603 0.00209997 0.0795752 0.596027 0.0230848 9.9982E-05 0.197304 9.9982E-05 0.0729294
0.204819 0.0593548 9.9955E-05 9.9955E-05 0.272996 9.9955E-05 9.9955E-05 0.161256 9.9955E-05 0.301074
0.225037 9.9973E-05 0.0519432 0.11544 0.424397 0.0605583 9.9973E-05 0.105838 9.9973E-05 0.0164869
0.569994 9.9964E-05 0.0203247 9.9964E-05 0.219855 0.0732663 9.9964E-05 0.114844 9.9964E-05 0.00131582
0.143657 9.9946E-05 9.9946E-05 0.15119 0.512562 9.9946E-05 9.9946E-05 0.191991 9.9946E-05 9.9946E-05
0.405589 0.144913 0.0432559 9.9973E-05 0.0826446 9.9973E-05 9.9973E-05 0.173695 0.0137495 0.135853
0.435975 0.0765893 0.0130583 9.9973E-05 0.278725 0.123977 0.0394718 0.031904 9.9973E-05 9.9973E-05
0.425799 0.0208738 0.00740711 9.9982E-05 0.382565 0.00822416 0.016146 0.0601905 0.0785945 9.9982E-05
0.371631 9.9973E-05 0.0430664 0.0963812 0.192374 0.0867473 9.9973E-05 0.123367 9.9973E-05 0.0861333
0.437217 9.9982E-05 0.00455382 0.123853 0.220794 9.9982E-05 0.0224813 0.152051 0.0210618 0.0177878
0.217092 9.9964E-05 0.00827135 0.13591 0.473929 0.000152905 9.9964E-05 0.164244 9.9964E-05 9.9964E-05
0.248418 0.000587347 9.9982E-05 0.0751635 0.351572 0.0719114 9.9982E-05 0.207505 0.0323756 0.0122681
0.564563 9.9955E-05 0.0232374 9.9955E-05 0.274094 9.9955E-05 9.9955E-05 0.0509284 9.9955E-05 0.0866768
0.570177 0.0524703 9.9982E-05 0.0401891 0.178523 0.01205 0.0522881 9.9982E-05 0.0124948 0.0816083
0.420231 0.174308 0.0113664 0.120539 0.143465 9.9973E-05 9.9973E-05 0.117903 9.9973E-05 0.0118882
0.503789 9.99551E-05 9.99551E-05 9.99551E-05 0.0848521 0.0857015 9.99551E-05 0.149341 9.99551E-05 0.175817
0.318484 0.0689439 0.00836235 9.9973E-05 0.352955 0.00227128 9.9973E-05 0.201874 0.0468093 9.9973E-05
0.674313 9.9946E-05 9.9946E-05 9.9946E-05 0.17614 9.9946E-05 9.9946E-05 0.120148 9.9946E-05 0.0287988
0.429584 9.9964E-05 9.9964E-05 0.0184591 0.338686 0.0794575 9.9964E-05 0.079607 9.9964E-05 0.0538068
0.509934 9.9991E-05 0.00635129 0.0866992 0.107393 0.0152196 0.0300972 0.0934153 0.0972967 0.0534938
0.322843 0.0351244 0.0450658 0.0295645 0.0741199 0.17881 0.0610763 9.9982E-05 0.253196 9.9982E-05
0.425299 0.16508 0.0306079 0.0635923 0.0648212 0.137035 9.9982E-05 9.9982E-05 0.0504832 0.0628809
0.500091 0.103175 0.0346425 0.0356741 0.0751186 0.0712858 0.00644617 0.125033 0.0484334 9.9991E-05
0.562246 0.101013 0.0690456 0.0852542 0.0370218 0.0244884 9.9991E-05 0.0378795 0.0743524 0.00859889
0.429258 0.0435113 0.000837996 0.0655283 0.0848656 0.107044 9.9982E-05 9.9982E-05 0.227802 0.0409531
0.320926 9.9973E-05 9.9973E-05 0.0190481 0.179447 0.100483 0.156457 0.0495199 9.9973E-05 0.173819
0.513203 0.0670283 0.0612532 0.0414695 0.0606752 0.0458523 0.0238019 0.0470307 0.117908 0.0217776
9.9973E-05 0.339612 9.9973E-05 0.152303 0.111791 0.0819263 0.160279 9.9973E-05 0.120426 0.0333626
0.484865 0.0960281 9.9982E-05 9.9982E-05 0.211916 0.097396 0.00192158 0.0551228 0.048394 0.00415686
0.497271 9.9991E-05 0.0665406 0.0497292 0.0667139 0.165804 0.0553874 0.0238837 0.0483366 0.0262337
0.408507 9.9973E-05 0.0103941 9.9973E-05 0.067619 0.268168 9.9973E-05 0.0690928 0.0675288 0.108391
0.242121 0.135326 0.0961128 0.121808 0.233445 0.0875922 0.0246348 9.9991E-05 0.0556713 0.00318943
0.440587 9.9973E-05 0.00458778 0.0394079 0.0231309 0.228866 0.0757652 9.9973E-05 0.187355 9.9973E-05
0.530815 0.108046 0.0540183 0.0275683 9.9982E-05 0.0891417 0.0176573 9.9982E-05 0.0673922 0.105161
9.9973E-05 0.459251 0.0335559 0.0524589 9.9973E-05 0.149772 0.0088723 9.9973E-05 0.289419 0.00637048
0.510434 0.0865885 0.0488722 9.9973E-05 0.0233853 0.198505 9.9973E-05 0.0027345 0.129181 9.9973E-05
0.528423 0.10954 0.00407283 0.0524208 9.9973E-05 0.161998 0.0764227 9.9973E-05 0.0668229 9.9973E-05
0.476293 0.0301635 9.9982E-05 0.024398 0.143476 0.150526 0.110256 9.9982E-05 0.0572879 0.00739902
0.548687 0.0966513 0.0159688 9.9973E-05 0.016752 0.123133 9.9973E-05 9.9973E-05 0.174982 0.0235255
0.507465 0.0325525 0.041119 9.9973E-05 0.0238535 0.108127 0.156764 9.9973E-05 0.129819 9.9973E-05
0.334139 9.9964E-05 9.9964E-05 0.110832 9.9964E-05 0.060233 0.0603547 0.0714922 9.9964E-05 0.362549
0.420328 9.9991E-05 0.0615314 0.112032 0.0327791 0.108018 0.0106749 0.00535242 0.0288674 0.220317
9.9946E-05 9.9946E-05 9.9946E-05 0.0503357 0.130862 9.9946E-05 0.0485295 9.9946E-05 9.9946E-05 0.769674
9.99549E-05 0.00503879 9.99549E-05 9.99549E-05 9.99549E-05 9.99549E-05 0.0309477 0.0223412 0.000549833 0.940623
0.412588 9.9964E-05 0.0326316 9.9964E-05 0.172046 0.132088 9.9964E-05 9.9964E-05 0.0126625 0.237584
0.413859 0.250131 9.9964E-05 9.9964E-05 9.9964E-05 0.215349 0.0383067 0.0346899 9.9964E-05 0.0472638
0.344483 0.176119 9.9955E-05 9.9955E-05 9.9955E-05 0.264331 9.9955E-05 9.9955E-05 0.0449965 0.169571
0.23725 0.275044 0.016235 9.9973E-05 9.9973E-05 0.194598 0.0545618 9.9973E-05 0.121567 0.100444
0.421703 0.201444 0.0198282 9.9973E-05 0.0155493 0.148992 9.9973E-05 9.9973E-05 0.106428 0.0857558
0.117853 0.237073 9.9964E-05 9.9964E-05 9.9964E-05 0.00660116 0.00836852 9.9964E-05 0.0326956 0.597009
0.127183 0.359365 0.000677088 9.9955E-05 9.9955E-05 0.0127943 9.9955E-05 9.9955E-05 9.9955E-05 0.499481
0.525579 0.0454825 9.9946E-05 9.9946E-05 9.9946E-05 0.0243413 9.9946E-05 9.9946E-05 9.9946E-05 0.403998
0.462378 9.9946E-05 9.9946E-05 9.9946E-05 9.9946E-05 0.0697337 9.9946E-05 9.9946E-05 0.0293017 0.437987
0.218834 0.147749 0.0622178 9.9946E-05 9.9946E-05 9.9946E-05 9.9946E-05 9.9946E-05 9.9946E-05 0.570599
0.518735 0.0525568 0.000963407 9.9973E-05 0.0506061 0.027103 9.9973E-05 9.9973E-05 0.0933502 0.256385
0.55173 0.139095 9.9955E-05 9.9955E-05 9.9955E-05 0.0303591 9.9955E-05 0.0292411 9.9955E-05 0.249075
0.405942 0.0765707 9.9964E-05 9.9964E-05 9.9964E-05 0.132503 9.9964E-05 0.104969 0.0596535 0.219962
0.279552 9.9955E-05 9.9955E-05 9.9955E-05 0.0877472 9.9955E-05 9.9955E-05 0.0224447 0.0392652 0.570492
0.335818 9.9964E-05 0.0344689 9.9964E-05 0.0568419 9.9964E-05 0.0982365 0.0307574 9.9964E-05 0.443478
0.482308 9.9973E-05 0.0212164 0.0275857 9.9973E-05 0.0907074 0.0404047 0.0797622 9.9973E-05 0.257716
0.387477 0.017293 9.9973E-05 9.9973E-05 9.9973E-05 0.0435289 0.0407221 0.121744 0.0294316 0.359504
0.440735 0.113433 9.9991E-05 0.0484312 0.0563028 0.0244778 0.0939808 0.0113786 0.040625 0.170536
0.444605 9.9946E-05 0.0374848 9.9946E-05 9.9946E-05 9.9946E-05 0.0940044 9.9946E-05 9.9946E-05 0.423306
0.164292 9.9946E-05 9.9946E-05 9.9946E-05 9.9946E-05 9.9946E-05 0.117918 0.0528655 9.9946E-05 0.664325
0.525555 9.9964E-05 9.9964E-05 0.0508561 9.9964E-05 0.0200881 0.00803949 9.9964E-05 0.0554478 0.339614
0.166781 9.9955E-05 9.9955E-05 0.00654134 0.0544665 0.0136872 9.9955E-05 9.9955E-05 9.9955E-05 0.758024
0.369497 9.9955E-05 0.0149181 0.0006959 9.9955E-05 9.9955E-05 9.9955E-05 0.00988869 9.9955E-05 0.604501
0.502012 9.9973E-05 0.0789102 0.0576666 0.0221692 0.0367322 9.9973E-05 9.9973E-05 0.0224851 0.279725
0.485961 9.9955E-05 9.9955E-05 0.0640899 0.104731 9.9955E-05 9.9955E-05 9.9955E-05 0.0661417 0.278577
0.362789 0.0277326 0.0578906 0.11779 9.9973E-05 0.205541 9.9973E-05 9.9973E-05 0.126186 0.101772
0.400603 0.0753886 0.0751504 0.0240823 0.00280721 0.0712456 0.11978 9.9991E-05 0.112396 0.118446
0.309123 0.112356 0.0220813 9.9991E-05 0.0925293 0.216402 0.100417 0.0477808 0.0916095 0.00760086
0.205506 0.119315 0.0567163 0.0323147 0.092306 0.205891 0.113688 0.047375 0.0689171 0.0579716
0.311733 0.0632722 9.9982E-05 0.0150902 0.15107 0.232269 0.0779416 0.0206046 0.127819 9.9982E-05
0.373027 0.0784905 0.0347295 0.0234554 9.9991E-05 0.178301 0.0790135 0.051255 0.0761565 0.105472
9.9955E-05 0.167795 9.9955E-05 9.9955E-05 9.9955E-05 0.113265 9.9955E-05 0.0162322 0.125028 0.57718
0.542129 9.9973E-05 0.0257674 9.9973E-05 9.9973E-05 0.20202 0.0694965 0.0447395 0.00917716 0.10637
9.9946E-05 0.207584 9.9946E-05 9.9946E-05 9.9946E-05 0.0886849 9.9946E-05 9.9946E-05 0.280506 0.422625
0.49709 9.9946E-05 9.9946E-05 9.9946E-05 9.9946E-05 0.123243 9.9946E-05 9.9946E-05 0.0918438 0.287224
0.0917629 9.9937E-05 9.9937E-05 0.093513 9.9937E-05 9.9937E-05 9.9937E-05 9.9937E-05 9.9937E-05 0.814025
9.9946E-05 9.9946E-05 0.0301845 0.0104513 0.0431479 9.9946E-05 9.9946E-05 9.9946E-05 9.9946E-05 0.915617
0.36612 9.9973E-05 0.0209123 0.042205 0.0293784 0.0493068 0.00810564 9.9973E-05 9.9973E-05 0.483672
