0.833882 0.0249431 9.9973E-05 9.9973E-05 0.00774807 0.00701987 0.0669574 0.0292297 0.0299198 9.9973E-05
0.897098 9.9946E-05 0.0294989 9.9946E-05 9.9946E-05 9.9946E-05 0.0145495 0.0582538 9.9946E-05 9.9946E-05
0.764788 0.00753546 9.9964E-05 9.9964E-05 0.0566392 0.10687 0.0333325 9.9964E-05 0.0304355 9.9964E-05
0.714013 9.9955E-05 9.9955E-05 9.9955E-05 0.0711337 0.0621079 0.0358984 9.9955E-05 0.116347 9.9955E-05
0.85554 0.00483663 0.029882 9.9955E-05 0.00511426 0.104127 9.9955E-05 9.9955E-05 9.9955E-05 9.9955E-05
0.502435 0.100271 9.9982E-05 0.0100333 0.0749927 0.0409084 0.0253885 0.139579 9.9982E-05 0.106193
0.750455 9.9946E-05 9.9946E-05 9.9946E-05 9.9946E-05 9.9946E-05 0.0446972 0.159637 9.9946E-05 0.0446109
0.677333 0.0800852 0.0390609 9.9982E-05 0.0322529 9.9982E-05 0.0133457 0.0449567 0.0408849 0.0718804
0.803993 0.0546943 9.99549E-05 0.102925 9.99549E-05 9.99549E-05 0.0288626 9.99549E-05 9.99549E-05 0.00902527
0.575075 0.10955 0.0155579 9.9982E-05 0.0652242 0.109528 0.0355455 0.0293915 9.9982E-05 0.0599278
0.65853 0.106516 9.9955E-05 9.9955E-05 9.9955E-05 0.0359525 9.9955E-05 0.0816716 9.9955E-05 0.11683
9.9937E-05 0.00619796 9.9937E-05 9.9937E-05 9.9937E-05 0.057439 9.9937E-05 0.935664 9.9937E-05 9.9937E-05
9.9964E-05 0.0481302 9.9964E-05 9.9964E-05 0.103332 0.337436 0.0156863 0.434412 0.0606043 9.9964E-05
0.0423383 0.0553314 0.0955125 9.9973E-05 0.0308108 0.0671154 9.9973E-05 0.655324 0.0532673 9.9973E-05
0.0268814 9.9955E-05 0.023856 9.9955E-05 0.0808623 0.130904 9.9955E-05 0.736997 9.9955E-05 9.9955E-05
0.110047 0.00448447 9.9982E-05 9.9982E-05 0.0545485 0.273972 0.00648346 0.52751 0.0190528 0.00370103
0.0414381 9.9955E-05 9.9955E-05 9.9955E-05 0.0579663 0.464459 9.9955E-05 0.354383 0.081254 9.9955E-05
0.00664106 9.9982E-05 9.9982E-05 0.04935 0.0501813 0.28482 0.0374244 0.476248 0.0861649 0.00897004
0.087993 9.9946E-05 9.9946E-05 9.9946E-05 9.9946E-05 0.214379 0.016474 0.680554 9.9946E-05 9.9946E-05
9.9955E-05 0.0655038 0.0172598 9.9955E-05 9.9955E-05 9.9955E-05 9.9955E-05 0.830079 0.0855846 0.00107353
9.9982E-05 0.0431919 0.0289608 0.0553376 0.0316235 0.379699 9.9982E-05 0.41816 0.0385457 0.00428111
9.9973E-05 0.0813488 0.0395992 9.9973E-05 0.023482 0.331554 0.0535482 0.340288 9.9973E-05 0.129881
0.0507121 9.9973E-05 0.0811946 0.00671184 0.0381344 0.542594 9.9973E-05 0.206072 0.0742812 9.9973E-05
9.9937E-05 9.9937E-05 9.9937E-05 9.9937E-05 0.0219718 0.0696931 9.9937E-05 0.907636 9.9937E-05 9.9937E-05
0.052211 0.0254555 0.0474709 9.9991E-05 0.0823181 0.542158 0.00994698 0.164195 0.0151151 0.0610302
9.9955E-05 9.9955E-05 9.9955E-05 0.00929397 9.9955E-05 0.437783 0.0394684 0.422662 0.0902929 9.9955E-05
9.9946E-05 0.00294854 9.9946E-05 9.9946E-05 0.0429484 0.0207899 9.9946E-05 0.932713 9.9946E-05 9.9946E-05
9.9928E-05 9.9928E-05 9.9928E-05 9.9928E-05 0.131672 9.9928E-05 9.9928E-05 0.867529 9.9928E-05 9.9928E-05
9.9946E-05 9.9946E-05 0.104979 9.9946E-05 9.9946E-05 0.0239149 9.9946E-05 0.806569 0.0639379 9.9946E-05
9.99201E-05 9.99201E-05 9.99201E-05 9.99201E-05 9.99201E-05 9.99201E-05 0.999101 9.99201E-05 9.99201E-05 9.99201E-05
9.99201E-05 9.99201E-05 9.99201E-05 9.99201E-05 9.99201E-05 9.99201E-05 0.999101 9.99201E-05 9.99201E-05 9.99201E-05
0.5143 9.9955E-05 9.9955E-05 0.00395498 0.030656 0.124174 0.326415 9.9955E-05 9.9955E-05 9.9955E-05
0.475572 9.9964E-05 0.0182311 0.0652648 0.0624017 0.0876223 0.290508 9.9964E-05 9.9964E-05 9.9964E-05
0.0310767 0.0907393 0.0596056 0.16295 0.0491897 0.475112 9.9973E-05 0.131027 9.9973E-05 9.9973E-05
0.0553543 0.0466977 9.9973E-05 0.211176 9.9973E-05 0.422783 0.067566 0.0691401 0.126983 9.9973E-05
0.0435481 9.9946E-05 9.9946E-05 0.393997 0.0178572 0.543998 9.9946E-05 9.9946E-05 9.9946E-05 9.9946E-05
0.0908162 0.114701 9.9973E-05 0.0799258 9.9973E-05 0.0193348 0.0345117 0.27187 0.388541 9.9973E-05
9.9964E-05 9.9964E-05 9.9964E-05 0.528473 0.097388 0.222806 0.045423 9.9964E-05 0.0566281 0.0488821
0.0662212 9.9982E-05 0.0053446 0.206824 0.00758672 0.483294 0.0156434 0.0777431 0.137144 9.9982E-05
9.9955E-05 9.9955E-05 0.0207015 0.174259 9.9955E-05 0.690703 0.00777349 9.9955E-05 9.9955E-05 0.106063
0.0652218 0.0946997 0.00218898 0.112775 9.9982E-05 0.550024 0.0516292 0.0445969 9.9982E-05 0.0786639
0.0401357 0.0720236 9.9973E-05 0.165941 9.9973E-05 0.55591 0.0524717 0.0664547 9.9973E-05 0.0467636
0.000349382 9.9973E-05 9.9973E-05 0.64515 9.9973E-05 0.0497537 0.0281168 0.0992238 0.101957 0.0751497
9.9973E-05 0.0433807 9.9973E-05 0.0239049 0.00918119 0.618187 0.0158902 0.0901892 9.9973E-05 0.198967
9.9982E-05 0.0837247 0.0126138 0.206999 0.0655599 0.517939 0.0836515 9.9982E-05 0.0101267 0.0191859
0.0679688 0.0310836 0.029859 0.0545349 0.0534318 0.482157 0.0483264 0.0825758 0.0276057 0.122457
9.9946E-05 9.9946E-05 9.9946E-05 0.634568 9.9946E-05 0.295868 0.00599747 9.9946E-05 0.0629669 9.9946E-05
9.9964E-05 0.0315072 9.9964E-05 0.215077 0.00180002 0.663982 0.0299733 9.9964E-05 0.0572598 9.9964E-05
0.0435079 0.0396703 0.00100776 0.238011 0.0906301 0.487516 0.0282993 0.0380533 9.9991E-05 0.0332042
0.0488402 9.9946E-05 9.9946E-05 0.615019 9.9946E-05 9.9946E-05 9.9946E-05 9.9946E-05 0.108955 0.226586
9.9964E-05 0.225961 0.0293309 0.133711 9.9964E-05 0.0588866 9.9964E-05 0.160202 0.391508 9.9964E-05
9.9973E-05 9.9973E-05 0.0863707 0.18062 9.9973E-05 0.00710429 0.00354641 0.294532 0.208459 0.219068
0.00486286 9.9991E-05 0.0115727 0.0673353 0.0431329 0.459719 0.029958 0.123452 0.195129 0.0647372
0.0185185 9.9991E-05 0.0893723 0.0154889 0.00144787 0.56761 0.0607853 0.0894707 0.114758 0.0424488
9.9964E-05 9.9964E-05 0.0456927 9.9964E-05 9.9964E-05 0.611656 0.0286206 0.0785103 0.23096 0.00415991
0.069632 0.228381 0.0180082 0.183202 9.9991E-05 0.135983 0.00145662 0.126237 0.151766 0.0852344
0.020902 0.0854301 0.00561159 0.0259694 0.00609727 0.511647 0.00769713 0.0668917 0.269654 9.9991E-05
0.0523345 9.9964E-05 9.9964E-05 9.9964E-05 0.0128024 0.613257 9.9964E-05 0.0966654 0.154008 0.0705326
0.148344 0.0450927 0.103232 0.128701 9.9991E-05 0.316076 0.0276599 0.132233 0.0400142 0.0585483
0.181697 0.133646 0.0437555 0.159148 0.0353013 9.9991E-05 0.0170737 0.313414 0.0402374 0.0756272
9.9982E-05 0.048484 9.9982E-05 0.111996 0.0323626 0.417355 0.0405779 0.110151 0.185894 0.0529793
0.0837903 9.9982E-05 0.0662512 0.0081349 0.025647 0.28803 9.9982E-05 0.262678 0.255115 0.0101538
9.9973E-05 0.204825 0.0302074 0.097808 9.9973E-05 9.9973E-05 0.0369027 0.449735 0.12586 0.0543607
9.9973E-05 0.0465597 0.126699 9.9973E-05 9.9973E-05 0.383305 0.0159218 0.193335 0.215063 0.0188164
0.0136392 0.0413647 0.192365 0.0654969 0.0649559 0.522411 0.00223672 0.0585202 0.0259174 0.0130929
0.0517616 9.9964E-05 9.9964E-05 9.9964E-05 0.0508491 0.468558 0.039806 9.9964E-05 0.338215 0.0504101
0.0564586 0.045139 0.0531371 0.129306 0.0450325 0.186077 0.0186521 0.339689 0.0726552 0.0538534
9.9982E-05 9.9982E-05 0.0137881 0.136968 0.0667888 0.270826 0.0443111 0.272164 0.128864 0.0660904
0.108697 0.0341557 0.118309 0.0600327 0.0408044 0.551993 0.0426912 9.9982E-05 0.0431169 9.9982E-05
9.9982E-05 0.0751432 0.103749 0.101439 9.9982E-05 0.0239264 0.0585719 0.281572 0.28965 0.0657478
9.9946E-05 9.9946E-05 9.9946E-05 0.384284 9.9946E-05 0.464498 9.9946E-05 0.0701343 0.0804839 9.9946E-05
9.9964E-05 0.0536159 9.9964E-05 0.585638 0.0169379 0.140275 0.00721616 0.195917 9.9964E-05 9.9964E-05
0.133643 9.9964E-05 0.0219805 0.153913 9.9964E-05 0.466636 0.0263665 9.9964E-05 0.197061 9.9964E-05
9.9946E-05 9.9946E-05 9.9946E-05 0.853844 9.9946E-05 9.9946E-05 0.00996208 0.0404411 9.9946E-05 0.0951527
9.9946E-05 9.9946E-05 0.0333594 0.806446 9.9946E-05 9.9946E-05 9.9946E-05 0.062791 9.9946E-05 0.0968044
9.9946E-05 9.9946E-05 9.9946E-05 0.615585 0.00634399 0.228264 9.9946E-05 9.9946E-05 0.149208 9.9946E-05
9.9946E-05 0.0222082 9.9946E-05 0.527861 9.9946E-05 0.414537 0.0347935 9.9946E-05 9.9946E-05 9.9946E-05
0.137388 0.0261987 0.0426889 0.15036 9.9973E-05 0.433428 9.9973E-05 9.9973E-05 0.179839 0.0297972
9.9964E-05 9.9964E-05 9.9964E-05 0.312298 0.0803155 0.319711 9.9964E-05 0.145275 0.0857997 0.0562001
0.0413713 0.106046 9.9955E-05 0.576778 9.9955E-05 0.182047 9.9955E-05 0.0932575 9.9955E-05 9.9955E-05
0.0651184 0.156865 9.9964E-05 0.479939 9.9964E-05 0.247448 0.00541989 0.0448099 9.9964E-05 9.9964E-05
0.0444011 0.0460181 9.9964E-05 0.301485 0.0791406 0.518863 9.9964E-05 9.9964E-05 9.9964E-05 0.00969245
9.9964E-05 9.9964E-05 0.0372137 0.463612 0.0186873 0.242766 0.0393847 0.197937 9.9964E-05 9.9964E-05
0.0328069 9.9973E-05 0.0652865 0.377536 9.9973E-05 0.36064 0.02389 0.125899 9.9973E-05 0.0136414
9.9946E-05 9.9946E-05 0.0482444 0.568159 9.9946E-05 0.370375 0.0126217 9.9946E-05 9.9946E-05 9.9946E-05
9.9955E-05 9.9955E-05 0.0689807 0.645652 9.9955E-05 9.9955E-05 9.9955E-05 0.0125105 0.0561912 0.216166
9.9955E-05 9.9955E-05 9.9955E-05 0.28729 0.0952417 0.487699 0.0246256 0.104643 9.9955E-05 9.9955E-05
0.77676 0.00305315 9.9964E-05 9.9964E-05 0.00383552 0.121488 0.0355774 0.0588855 9.9964E-05 9.9964E-05
0.746254 9.9937E-05 9.9937E-05 9.9937E-05 9.9937E-05 0.119399 0.133648 9.9937E-05 9.9937E-05 9.9937E-05
0.720636 9.9946E-05 9.9946E-05 9.9946E-05 0.0182106 0.117506 0.143048 9.9946E-05 9.9946E-05 9.9946E-05
0.749571 9.9955E-05 9.9955E-05 9.9955E-05 0.0104612 0.0343646 0.11602 9.9955E-05 9.9955E-05 0.0890836
0.737269 0.00330476 9.9955E-05 0.019172 9.9955E-05 0.146424 0.0933298 9.9955E-05 9.9955E-05 9.9955E-05
0.751526 0.0304943 9.9955E-05 9.9955E-05 9.9955E-05 0.0995886 0.0726532 9.9955E-05 9.9955E-05 0.0452377
0.854579 9.99371E-05 9.99371E-05 9.99371E-05 9.99371E-05 0.104127 0.0405941 9.99371E-05 9.99371E-05 9.99371E-05
0.121536 0.00124597 9.9973E-05 0.203389 0.0499207 0.450703 0.0111868 9.9973E-05 0.161718 9.9973E-05
9.9982E-05 0.0430577 0.108043 0.180749 0.0176032 0.491753 0.0500175 0.0908188 0.0177582 9.9982E-05
0.0460593 9.9964E-05 0.0303683 0.768581 9.9964E-05 0.0362256 9.9964E-05 0.000375847 0.11799 9.9964E-05
0.130492 0.0821551 0.0527893 0.215928 0.0406779 0.459516 0.000454813 9.9982E-05 9.9982E-05 0.0177859
9.9955E-05 9.9955E-05 9.9955E-05 0.377464 0.0451795 0.403605 9.9955E-05 0.0718461 0.101405 9.9955E-05
0.0532914 0.00723172 0.0502869 0.267092 9.9964E-05 0.613283 0.00841464 9.9964E-05 9.9964E-05 9.9964E-05
0.0338137 9.9973E-05 0.0796467 0.285212 9.9973E-05 0.529247 0.0286865 0.0207405 9.9973E-05 0.0223545
9.9955E-05 9.9955E-05 0.0108608 0.468068 0.0581555 0.460786 0.00163066 9.9955E-05 9.9955E-05 9.9955E-05
0.0722405 0.112657 9.9955E-05 0.653439 9.9955E-05 9.9955E-05 0.00109041 0.160073 9.9955E-05 9.9955E-05
0.0295453 0.0168522 0.0560844 0.15849 0.0219869 0.486914 0.0893243 0.0774155 0.0343873 0.0290006
0.0346053 9.9946E-05 9.9946E-05 0.220565 9.9946E-05 0.592979 9.9946E-05 9.9946E-05 0.151251 9.9946E-05
0.0645695 0.0685642 0.0233384 0.172355 0.131004 0.493095 0.0075063 0.0393676 9.9982E-05 9.9982E-05
9.9964E-05 9.9964E-05 0.00437256 0.516527 9.9964E-05 0.282647 0.0372369 9.9964E-05 0.0478818 0.110935
0.024307 0.030808 0.144168 0.293054 9.9964E-05 0.487472 9.9964E-05 9.9964E-05 9.9964E-05 0.0197918
0.0115522 0.0536235 0.0765857 0.352032 9.9973E-05 0.400445 0.0421362 0.0633261 9.9973E-05 9.9973E-05
9.9955E-05 0.0491726 0.0231126 0.595776 0.0872472 0.244192 9.9955E-05 9.9955E-05 9.9955E-05 9.9955E-05
0.0767072 0.0307064 9.9955E-05 0.383581 9.9955E-05 0.426583 9.9955E-05 0.0819229 9.9955E-05 9.9955E-05
0.081272 0.0754522 0.0776947 0.0859244 0.0372552 0.444881 0.0258127 0.0881439 0.0834633 9.9991E-05
0.0412577 0.0258036 0.215765 0.0229099 0.00457546 0.0561332 0.0455673 0.0397578 0.498152 0.0500773
0.0509609 0.162917 9.9982E-05 9.9982E-05 0.0882819 0.266251 0.0350413 0.139895 0.230518 0.0259351
0.133852 0.0348712 0.053559 0.0597902 9.9982E-05 0.550922 0.0118295 9.9982E-05 0.141231 0.0137448
0.13608 0.00982013 0.0673557 0.127736 0.0200428 0.517106 0.0306959 0.0460429 0.0450206 9.9991E-05
9.99725E-05 0.0055784 0.0360914 9.99725E-05 9.99725E-05 0.26029 0.0611152 0.154181 0.482344 9.99725E-05
9.9955E-05 0.0765142 9.9955E-05 9.9955E-05 0.0504698 0.495856 9.9955E-05 0.038485 0.338175 9.9955E-05
0.0547914 0.0237829 0.0611081 0.0705727 9.9973E-05 0.311983 9.9973E-05 0.0771982 0.400264 9.9973E-05
0.0509311 0.119566 0.0343305 9.9964E-05 9.9964E-05 0.489219 0.0502358 9.9964E-05 0.255318 9.9964E-05
0.0537425 0.0992256 9.9973E-05 0.000146031 0.0879615 0.534066 9.9973E-05 9.9973E-05 0.163183 0.0613752
9.9982E-05 0.0380319 0.0726201 0.0177466 9.9982E-05 0.54807 0.0217765 0.0504084 0.210782 0.040364
9.9946E-05 0.0996076 9.9946E-05 9.9946E-05 9.9946E-05 0.404186 0.0288776 9.9946E-05 0.466729 9.9946E-05
0.00889553 0.0847237 9.9973E-05 0.0213759 0.0232124 0.588073 0.0318811 9.9973E-05 0.241539 9.9973E-05
0.0375013 0.0412834 0.0858948 0.0393782 0.0193294 0.497022 0.0842241 9.9991E-05 0.174777 0.0204897
0.00140129 0.0115065 9.9973E-05 0.103649 0.0697429 0.411442 9.9973E-05 0.111462 0.290496 9.9973E-05
0.0500932 0.118795 0.0505735 9.9982E-05 0.0671097 0.47484 0.00372173 9.9982E-05 0.216021 0.0186456
9.9973E-05 0.0499423 0.0737856 9.9973E-05 0.113228 0.427062 9.9973E-05 0.0777948 0.256255 0.00163214
0.0701686 9.9982E-05 0.0268951 9.9982E-05 0.0150071 0.270081 0.0382199 0.122517 0.340941 0.115971
9.9964E-05 9.9964E-05 0.0471344 9.9964E-05 0.0401798 0.470473 0.0453185 0.110684 0.28581 9.9964E-05
0.0293472 9.9946E-05 0.0871778 9.9946E-05 9.9946E-05 0.552597 9.9946E-05 9.9946E-05 0.330279 9.9946E-05
0.00627396 0.0693785 0.105598 9.9982E-05 9.9982E-05 0.216274 0.0145426 0.171261 0.403088 0.0133844
0.0247965 9.9964E-05 0.169109 9.9964E-05 0.00837505 0.0551289 9.9964E-05 9.9964E-05 0.531807 0.210383
0.00305161 0.129396 9.9991E-05 0.0952024 0.0490686 0.413961 0.0128708 0.138549 0.115177 0.0426235
9.9973E-05 0.105939 0.234988 0.0973333 0.0393541 9.9973E-05 0.0211673 9.9973E-05 0.360683 0.140236
0.0201784 0.0851282 0.00612297 0.0853489 9.9973E-05 0.150215 9.9973E-05 0.25226 0.400447 9.9973E-05
0.0444167 0.0208559 9.9964E-05 0.0678416 9.9964E-05 0.348085 9.9964E-05 0.144899 0.373502 9.9964E-05
9.9964E-05 0.122127 9.9964E-05 0.0651976 9.9964E-05 0.251021 0.0493621 0.119022 0.392871 9.9964E-05
9.9973E-05 0.113175 0.0482338 0.0641014 0.0463073 0.13366 9.9973E-05 0.124598 0.469624 9.9973E-05
0.0674628 9.9982E-05 9.9982E-05 0.0223416 0.0489182 0.560889 0.0365215 0.045656 0.201082 0.0169281
0.102177 0.0309866 0.150087 0.00592605 9.9973E-05 0.547859 9.9973E-05 0.100011 0.0626534 9.9973E-05
0.0807338 9.9973E-05 0.0220004 0.0334322 9.9973E-05 0.487372 0.044609 0.0570269 0.274526 9.9973E-05
9.9946E-05 9.9946E-05 9.9946E-05 0.0300686 9.9946E-05 0.0418315 9.9946E-05 9.9946E-05 0.68951 0.237991
0.105469 0.111061 0.11296 0.0489123 0.000835286 0.499245 0.0452946 0.0386255 9.9991E-05 0.0374971
0.0209477 0.00869206 0.0437736 0.0978172 9.9991E-05 0.508531 0.0126972 0.0794077 0.0853067 0.142727
0.0829206 0.0743508 0.0900621 0.148058 9.9973E-05 9.9973E-05 0.0223755 9.9973E-05 0.16615 0.415783
0.0277452 9.9982E-05 0.037493 0.0853351 0.0480659 0.602452 0.00238296 9.9982E-05 0.107887 0.0884391
0.138467 0.00341224 0.0425829 0.213834 0.000838913 0.315994 9.9982E-05 9.9982E-05 0.117588 0.167083
0.142429 9.9973E-05 0.0646651 9.9973E-05 0.0406295 0.458182 9.9973E-05 0.0580804 0.130703 0.105012
0.0269957 0.0902024 0.0505645 0.148555 0.0280788 0.178545 0.0164807 0.0806978 0.026934 0.352946
9.9973E-05 0.12984 0.0650912 0.0989275 9.9973E-05 0.178727 0.0245394 0.118309 9.9973E-05 0.384266
0.0210517 0.174904 0.167135 0.108151 9.9991E-05 0.360803 0.0231443 0.0274053 0.0456878 0.0716174
0.0656692 0.0993085 0.128024 9.9991E-05 0.00340871 0.518154 0.0267804 0.000761795 0.107315 0.0504783
0.136744 9.9982E-05 0.0820657 0.0927267 0.154101 0.202147 9.9982E-05 0.117208 0.0767859 0.138022
9.9982E-05 0.0334364 0.121116 0.225316 0.13095 9.9982E-05 0.0255008 0.144929 0.0265477 0.292004
0.0796388 0.0287158 0.144967 9.9982E-05 0.0127996 0.58917 9.9982E-05 0.0309012 0.0141263 0.0994815
9.9973E-05 0.00196396 0.0201697 0.261686 9.9973E-05 0.322563 9.9973E-05 0.149977 0.0461586 0.197182
9.9964E-05 9.9964E-05 0.089686 0.140842 9.9964E-05 0.360072 9.9964E-05 0.147304 0.161239 0.100457
0.0857718 9.9964E-05 0.0622426 9.9964E-05 0.016587 0.529128 9.9964E-05 9.9964E-05 0.182161 0.123709
0.192377 9.9964E-05 9.9964E-05 9.9964E-05 0.237063 0.174028 0.0839612 9.9964E-05 0.0180286 0.294144
0.472029 9.9946E-05 9.9946E-05 9.9946E-05 0.145142 9.9946E-05 0.0184425 9.9946E-05 9.9946E-05 0.363786
0.37364 9.9946E-05 9.9946E-05 9.9946E-05 0.109566 9.9946E-05 0.0450348 9.9946E-05 9.9946E-05 0.47116
0.33102 9.9964E-05 9.9964E-05 9.9964E-05 0.31786 0.0100443 0.00574195 9.9964E-05 0.145213 0.189721
9.9964E-05 0.0358196 0.00234699 0.0820351 9.9964E-05 0.609598 0.000269265 9.9964E-05 9.9964E-05 0.269531
0.0460359 0.0401408 0.0569612 0.0775691 0.000802627 0.534033 0.0809724 0.0486949 0.106743 0.00804754
9.9955E-05 9.9955E-05 9.9955E-05 0.013226 0.725613 0.170916 9.9955E-05 0.0172297 0.0725154 9.9955E-05
0.0332455 0.0756505 0.0539905 0.131605 0.466848 0.205676 0.0123591 9.9982E-05 0.020425 9.9982E-05
0.0235992 0.0595809 0.0278928 0.0815459 0.393665 0.318126 0.0614701 9.9982E-05 9.9982E-05 0.0339202
9.9964E-05 9.9964E-05 0.144605 0.080261 9.9964E-05 0.315635 0.0272006 9.9964E-05 0.14656 0.285338
0.0171671 0.0724888 0.164444 0.073736 0.094415 0.444069 9.9991E-05 0.0620581 0.0298752 0.0416466
9.9973E-05 0.0371982 0.16011 0.126589 9.9973E-05 0.203231 9.9973E-05 0.0219722 0.0376115 0.412988
9.9964E-05 0.089644 0.0571152 0.114961 0.00243441 0.52377 9.9964E-05 9.9964E-05 9.9964E-05 0.211675
0.00324657 0.0434653 0.191284 0.00687905 9.9982E-05 0.438075 9.9982E-05 0.0679595 0.0177095 0.231181
0.0266718 0.0712442 0.0437869 0.0173606 9.9973E-05 0.602383 9.9973E-05 0.0185383 9.9973E-05 0.219716
9.9973E-05 0.0100106 0.0278821 0.16948 9.9973E-05 0.170873 9.9973E-05 0.203287 0.0187829 0.399385
9.9964E-05 9.9964E-05 9.9964E-05 0.100689 0.0535748 0.521562 9.9964E-05 0.0996567 0.0644691 0.159649
0.0917903 0.0121137 0.151835 0.0333179 0.0778677 0.452136 9.9982E-05 9.9982E-05 0.120408 0.0603321
9.9937E-05 9.9937E-05 0.0342908 9.9937E-05 0.918961 0.046049 9.9937E-05 9.9937E-05 9.9937E-05 9.9937E-05
9.9937E-05 0.0299294 9.9937E-05 9.9937E-05 0.839304 0.130067 9.9937E-05 9.9937E-05 9.9937E-05 9.9937E-05
0.0393392 0.00663888 9.9973E-05 0.0908809 0.509897 0.269189 9.9973E-05 0.0404241 9.9973E-05 0.04333
0.0283789 0.058516 9.9946E-05 9.9946E-05 0.677728 0.234777 9.9946E-05 9.9946E-05 9.9946E-05 9.9946E-05
9.9946E-05 9.9946E-05 9.9946E-05 0.0262614 0.796725 0.113412 9.9946E-05 0.0630013 9.9946E-05 9.9946E-05
9.99201E-05 9.99201E-05 9.99201E-05 9.99201E-05 0.999101 9.99201E-05 9.99201E-05 9.99201E-05 9.99201E-05 9.99201E-05
9.9928E-05 0.0516174 9.9928E-05 9.9928E-05 0.947583 9.9928E-05 9.9928E-05 9.9928E-05 9.9928E-05 9.9928E-05
9.9946E-05 9.9946E-05 0.0520926 9.9946E-05 0.827988 0.112403 9.9946E-05 9.9946E-05 0.00691716 9.9946E-05
9.9937E-05 9.9937E-05 9.9937E-05 0.0415107 0.921068 9.9937E-05 9.9937E-05 0.0367214 9.9937E-05 9.9937E-05
9.99201E-05 9.99201E-05 9.99201E-05 9.99201E-05 0.999101 9.99201E-05 9.99201E-05 9.99201E-05 9.99201E-05 9.99201E-05
9.9928E-05 9.9928E-05 9.9928E-05 9.9928E-05 0.961229 9.9928E-05 0.0379712 9.9928E-05 9.9928E-05 9.9928E-05
0.018555 9.9964E-05 0.00324817 9.9964E-05 0.699915 0.152097 0.050334 0.0754516 9.9964E-05 9.9964E-05
0.0119198 0.0901944 9.9955E-05 9.9955E-05 0.774817 0.0980345 0.024535 9.9955E-05 9.9955E-05 9.9955E-05
9.9937E-05 9.9937E-05 9.9937E-05 0.0360716 0.95022 9.9937E-05 0.0130087 9.9937E-05 9.9937E-05 9.9937E-05
0.0586475 0.0330701 9.9991E-05 0.0177004 0.396749 0.307339 0.00136213 0.103397 0.0766465 0.00498841
0.0197358 0.0129335 9.9964E-05 9.9964E-05 0.680649 0.211552 0.00864185 9.9964E-05 0.0660873 9.9964E-05
9.9964E-05 0.0303831 0.0525344 9.9964E-05 0.750182 0.131059 9.9964E-05 9.9964E-05 0.0110679 0.0243744
0.00357573 0.0518583 0.00319723 9.9973E-05 0.861214 0.0542432 0.00742074 0.0181911 9.9973E-05 9.9973E-05
9.9928E-05 9.9928E-05 9.9928E-05 9.9928E-05 0.962727 0.0364738 9.9928E-05 9.9928E-05 9.9928E-05 9.9928E-05
0.00381243 0.0093657 0.00865335 9.9964E-05 0.822899 0.119166 0.0357041 9.9964E-05 9.9964E-05 9.9964E-05
9.9928E-05 9.9928E-05 9.9928E-05 9.9928E-05 0.961793 9.9928E-05 0.0374077 9.9928E-05 9.9928E-05 9.9928E-05
0.0130053 0.0780774 9.9973E-05 0.0289592 0.615835 0.204215 0.0143331 0.0452741 9.9973E-05 9.9973E-05
0.0152415 9.9964E-05 0.0189919 0.0288707 0.872958 9.9964E-05 0.012833 0.0507053 9.9964E-05 9.9964E-05
0.262097 9.9955E-05 0.0870208 9.9955E-05 0.00523116 9.9955E-05 9.9955E-05 0.0840041 9.9955E-05 0.561147
0.160783 0.0900451 0.0507641 9.9982E-05 0.0538753 0.353088 0.0219848 0.0749766 9.9982E-05 0.194283
0.109324 0.152467 0.0449194 9.9973E-05 0.0690793 0.399425 0.0146021 9.9973E-05 9.9973E-05 0.209883
0.180517 9.9982E-05 0.0337949 0.0480482 0.0439243 0.218872 0.0399449 0.0125886 9.9982E-05 0.42211
0.020608 9.9982E-05 9.9982E-05 0.0158986 0.130624 0.462708 0.0494752 0.024367 0.070147 0.225972
0.208217 9.9982E-05 0.0221074 0.0615352 0.060734 0.205062 0.0417063 0.0740687 9.9982E-05 0.326369
0.115147 0.0273082 0.0755928 0.0630864 0.0682014 0.470542 0.00941857 0.113264 9.9991E-05 0.0573392
0.10581 9.9964E-05 9.9964E-05 0.039526 0.140498 0.298007 9.9964E-05 9.9964E-05 0.0654129 0.350346
0.0558183 9.9982E-05 0.0827427 9.9982E-05 0.11468 0.465777 0.107934 0.020654 0.0249046 0.127289
0.0869983 9.9964E-05 9.9964E-05 9.9964E-05 0.184136 0.319181 0.0635784 0.0332549 9.9964E-05 0.312452
0.182764 9.9982E-05 0.0449316 0.0231207 0.103828 0.413138 9.9982E-05 0.0585212 0.03457 0.138926
0.821053 0.0555558 0.0183552 9.9955E-05 9.9955E-05 0.0745916 9.9955E-05 9.9955E-05 9.9955E-05 0.0299451
0.839166 9.9946E-05 0.0511242 9.9946E-05 0.0267359 9.9946E-05 0.0823741 9.9946E-05 9.9946E-05 9.9946E-05
0.876465 0.0151058 9.9964E-05 0.0116921 9.9964E-05 9.9964E-05 0.0632241 0.00706899 0.0260444 9.9964E-05
0.879782 0.0494173 9.9946E-05 9.9946E-05 9.9946E-05 0.038891 0.0313099 9.9946E-05 9.9946E-05 9.9946E-05
0.728515 9.9937E-05 9.9937E-05 9.9937E-05 9.9937E-05 9.9937E-05 0.132267 9.9937E-05 0.138518 9.9937E-05
0.784713 9.9955E-05 0.0415711 9.9955E-05 0.0906459 9.9955E-05 0.0757933 9.9955E-05 0.00677675 9.9955E-05
0.802757 0.0151532 9.9955E-05 9.9955E-05 0.102892 0.0232239 0.0554741 9.9955E-05 9.9955E-05 9.9955E-05
0.841891 9.9964E-05 0.0392614 9.9964E-05 9.9964E-05 0.0146457 0.0162652 9.9964E-05 0.0256694 0.0618673
0.86884 9.9955E-05 0.0274896 9.9955E-05 0.00244127 0.0908738 0.00985568 9.9955E-05 9.9955E-05 9.9955E-05
0.816445 9.9964E-05 9.9964E-05 9.9964E-05 0.0614652 0.0318905 0.0214199 0.0199134 9.9964E-05 0.0484658
0.553814 0.0617039 0.0567988 0.134104 9.9964E-05 9.9964E-05 0.0437361 0.149443 9.9964E-05 9.9964E-05
0.545716 0.168536 9.9964E-05 0.0857418 0.00776121 9.9964E-05 0.0211266 0.170718 9.9964E-05 9.9964E-05
0.492836 0.104896 0.0445953 0.0592282 9.9973E-05 9.9973E-05 0.0422732 0.233856 9.9973E-05 0.022016
0.507011 0.0734208 0.0111673 0.0718248 9.9973E-05 9.9973E-05 9.9973E-05 0.191629 0.138769 0.00587763
0.0100806 0.0199124 9.9973E-05 0.207218 9.9973E-05 0.489651 0.0165847 0.0964833 0.15977 9.9973E-05
9.9955E-05 9.9955E-05 0.14016 0.321738 0.0731601 0.386031 9.9955E-05 0.0784121 9.9955E-05 9.9955E-05
9.9973E-05 0.122856 0.00532958 0.124265 0.0345311 0.500464 9.9973E-05 0.0714476 0.140808 9.9973E-05
9.9982E-05 0.0202173 0.0020608 0.207316 9.9982E-05 0.345977 0.0180021 0.045972 0.346024 0.0142312
0.00169322 0.206065 0.0130699 0.121682 0.0239075 0.0184697 9.9982E-05 0.189613 0.4253 9.9982E-05
0.0171323 0.0698552 0.0449118 0.185181 0.0474369 0.611988 0.0231949 9.9973E-05 9.9973E-05 9.9973E-05
9.9955E-05 9.9955E-05 0.0771729 0.294736 0.00927356 0.499182 9.9955E-05 9.9955E-05 0.119136 9.9955E-05
9.9982E-05 0.00425659 0.0629588 0.207728 9.9982E-05 0.527557 0.00449875 0.0202956 0.135186 0.0373186
9.9955E-05 9.9955E-05 0.024589 0.524014 0.052657 0.362451 9.9955E-05 9.9955E-05 0.0357887 9.9955E-05
0.0244629 0.0550497 9.9964E-05 0.165953 0.0308295 0.531034 9.9964E-05 9.9964E-05 0.192272 9.9964E-05
0.00489299 0.144997 0.0136794 0.370579 9.9964E-05 0.404591 9.9964E-05 0.0608607 9.9964E-05 9.9964E-05
9.9955E-05 0.000655081 0.114112 0.76036 9.9955E-05 9.9955E-05 9.9955E-05 9.9955E-05 0.0646815 0.0596916
0.0825602 9.9955E-05 9.9955E-05 0.240352 9.9955E-05 0.517414 9.9955E-05 9.9955E-05 0.141806 0.017368
9.9973E-05 0.0147328 0.130923 0.415489 9.9973E-05 0.244605 9.9973E-05 0.0154459 0.0153224 0.163183
9.9964E-05 9.9964E-05 9.9964E-05 0.34563 0.0473851 0.457073 9.9964E-05 0.0626487 0.06759 0.0192725
0.0301409 0.101779 0.00226495 0.63463 9.9973E-05 0.109742 9.9973E-05 0.0857335 0.0354095 9.9973E-05
0.0335693 0.812421 9.9955E-05 0.0178088 0.0136587 9.9955E-05 9.9955E-05 9.9955E-05 9.9955E-05 0.122042
0.0236192 0.851994 9.9946E-05 9.9946E-05 9.9946E-05 0.0841571 9.9946E-05 9.9946E-05 9.9946E-05 0.0396305
9.9937E-05 0.961177 0.0372677 9.9937E-05 9.9937E-05 9.9937E-05 9.9937E-05 9.9937E-05 9.9937E-05 0.000855506
0.0834661 0.829782 0.0526596 0.0334925 9.9946E-05 9.9946E-05 9.9946E-05 9.9946E-05 9.9946E-05 9.9946E-05
9.9955E-05 0.846428 0.0370266 9.9955E-05 0.0538963 9.9955E-05 0.00204692 9.9955E-05 9.9955E-05 0.0601027
9.9937E-05 0.842118 9.9937E-05 9.9937E-05 0.0838875 0.0732945 9.9937E-05 9.9937E-05 9.9937E-05 9.9937E-05
0.793962 0.00389524 9.9973E-05 0.0244427 0.0306892 0.0693585 0.067405 0.00994772 9.9973E-05 9.9973E-05
0.786891 0.010296 9.9955E-05 9.9955E-05 9.9955E-05 0.122088 9.9955E-05 0.064836 0.0153894 9.9955E-05
0.692891 9.9964E-05 0.00689109 9.9964E-05 0.106235 0.0948075 0.0700174 0.0287572 9.9964E-05 9.9964E-05
0.733038 0.000749063 9.9964E-05 9.9964E-05 0.0948426 0.0388407 0.0238801 0.108249 9.9964E-05 9.9964E-05
0.754953 0.00262239 9.9964E-05 9.9964E-05 0.0813353 0.0598555 9.9964E-05 0.0749979 9.9964E-05 0.0258364
0.33646 0.464306 9.9964E-05 0.101166 9.9964E-05 9.9964E-05 0.03433 0.044519 0.0188188 9.9964E-05
0.447647 0.410774 9.9937E-05 0.140879 9.9937E-05 9.9937E-05 9.9937E-05 9.9937E-05 9.9937E-05 9.9937E-05
0.368381 0.463614 0.0769022 0.0619102 0.0111749 9.9964E-05 0.0176175 9.9964E-05 9.9964E-05 9.9964E-05
9.99201E-05 9.99201E-05 9.99201E-05 9.99201E-05 9.99201E-05 9.99201E-05 0.999101 9.99201E-05 9.99201E-05 9.99201E-05
0.3115 0.481776 9.9964E-05 0.0937473 0.0180466 9.9964E-05 0.0214046 9.9964E-05 0.0731255 9.9964E-05
0.204934 9.9964E-05 0.00809233 9.9964E-05 0.3738 0.25276 9.9964E-05 0.0548182 9.9964E-05 0.105196
0.10866 9.9964E-05 9.9964E-05 0.0417303 0.218647 0.485553 0.0100254 9.9964E-05 0.134985 9.9964E-05
0.167255 9.9955E-05 9.9955E-05 9.9955E-05 0.243836 0.474825 0.0461103 0.0674734 9.9955E-05 9.9955E-05
0.256663 0.0409132 9.9973E-05 0.046695 0.210665 0.354072 9.9973E-05 9.9973E-05 0.0232165 0.0674757
0.0859009 9.9973E-05 0.10637 0.13714 0.124512 0.437736 0.032294 9.9973E-05 9.9973E-05 0.0757473
0.445056 9.9955E-05 0.0191578 9.9955E-05 0.278011 9.9955E-05 9.9955E-05 9.9955E-05 0.00969212 0.247583
9.9964E-05 0.130471 9.9964E-05 0.118042 9.9964E-05 0.402925 9.9964E-05 0.0112974 0.308717 0.0281484
0.0405355 0.0480932 0.0880396 0.0763363 9.9982E-05 0.301279 9.9982E-05 0.00697923 0.333558 0.104979
0.0144396 0.0265908 0.0375031 9.9973E-05 9.9973E-05 0.0956039 0.0172721 0.461295 0.346996 9.9973E-05
9.9973E-05 0.0631173 0.0954085 0.131197 0.0309409 0.407386 9.9973E-05 9.9973E-05 0.22082 0.0508307
9.9946E-05 9.9946E-05 0.30239 0.195306 9.9946E-05 9.9946E-05 9.9946E-05 9.9946E-05 0.2402 0.261504
0.00633561 0.112351 0.0292585 9.9982E-05 0.0414961 0.493523 0.0803732 0.140825 9.9982E-05 0.0956366
9.9991E-05 0.0506038 0.149032 0.0374593 0.0172504 0.443302 0.0203004 0.110221 0.134288 0.0374438
9.9973E-05 0.0521129 0.022611 0.0777214 9.9973E-05 0.195536 0.0367584 0.268426 0.346535 9.9973E-05
0.123955 0.0233991 9.9982E-05 0.151872 0.00676202 0.469396 9.9982E-05 0.0551592 0.110421 0.0588352
9.99549E-05 9.99549E-05 0.058625 0.0763806 9.99549E-05 9.99549E-05 9.99549E-05 0.249613 0.402009 0.212872
9.9973E-05 0.10607 0.168293 9.9973E-05 0.0298068 0.415112 9.9973E-05 0.0658923 0.0741308 0.140395
9.9973E-05 0.133228 9.9973E-05 0.0368715 0.00135722 0.519902 0.0085501 0.0793598 0.220432 9.9973E-05
0.120357 0.0499207 9.9982E-05 0.114313 0.194676 0.316436 0.0252281 0.0543613 0.124509 9.9982E-05
9.9973E-05 0.0256976 0.165659 0.0168287 9.9973E-05 0.258723 9.9973E-05 0.144981 0.338917 0.0488942
0.0783882 0.0712452 0.130795 0.0756749 0.0151654 0.325017 9.9982E-05 0.113065 0.190449 9.9982E-05
9.9991E-05 0.00199958 0.151374 0.060229 0.0836883 0.33907 0.0261319 0.12084 0.153511 0.0630564
0.0677417 0.0402637 0.0985949 0.0788679 9.9964E-05 0.465073 9.9964E-05 9.9964E-05 0.249059 9.9964E-05
0.0343165 0.0493865 0.0616165 0.113236 0.0429381 0.505504 0.0605184 0.0646596 0.0677245 9.9991E-05
0.0240901 0.0303733 9.9991E-05 0.0378309 0.00457302 0.480648 0.0411595 0.0899341 0.187826 0.103466
0.0590553 0.0356837 9.9973E-05 0.127884 9.9973E-05 0.469545 0.00967241 9.9973E-05 0.252112 0.0457475
0.75526 9.9937E-05 9.9937E-05 9.9937E-05 0.0693114 0.174729 9.9937E-05 9.9937E-05 9.9937E-05 9.9937E-05
0.81584 9.9955E-05 0.0436751 9.9955E-05 0.00828357 0.116291 0.0154103 9.9955E-05 9.9955E-05 9.9955E-05
0.767742 0.000557485 0.0228105 0.0412706 9.9973E-05 0.0490443 9.9973E-05 9.9973E-05 0.0681529 0.0501219
0.769132 0.00356646 0.0719423 0.0132996 0.0314864 0.0613074 0.0236003 0.00250947 0.0230561 9.9991E-05
0.775438 9.9946E-05 9.9946E-05 9.9946E-05 9.9946E-05 0.162828 0.0449856 9.9946E-05 9.9946E-05 0.0161487
0.0263699 0.0782675 9.9973E-05 9.9973E-05 0.0393092 0.0404203 9.9973E-05 0.250971 0.561365 0.00299721
0.0574947 9.9973E-05 0.0853718 9.9973E-05 0.0771482 0.415318 0.0284972 0.136321 0.199549 9.9973E-05
0.181828 9.9982E-05 0.0613071 0.101484 0.148407 0.360911 0.0108904 9.9982E-05 0.0299402 0.105033
9.9955E-05 0.0437846 0.00680081 9.9955E-05 9.9955E-05 0.5813 0.033616 9.9955E-05 0.333998 9.9955E-05
0.0777556 0.0967106 0.0742825 0.0119306 0.0452419 0.4415 0.014051 9.9982E-05 0.238328 9.9982E-05
9.9973E-05 0.0333818 0.125206 9.9973E-05 0.0469288 0.077633 0.0226702 9.9973E-05 0.520758 0.173121
0.103653 0.0998472 9.9973E-05 0.0587164 9.9973E-05 9.9973E-05 0.0351564 0.0160394 0.665271 0.0210166
9.9973E-05 0.172982 0.0618354 0.0447917 9.9973E-05 0.535254 0.0347301 0.00466434 0.145442 9.9973E-05
0.0818917 0.226026 0.0765845 0.0506893 0.0220022 0.0411295 9.9982E-05 0.115628 0.385848 9.9982E-05
0.00125675 0.0660739 0.0365288 0.108735 0.00751497 0.404979 0.0122314 9.9991E-05 0.189583 0.172997
0.11436 0.0565429 0.0679832 0.0143705 9.9973E-05 9.9973E-05 0.00035256 0.0653404 0.68075 9.9973E-05
9.9973E-05 0.0454732 9.9973E-05 9.9973E-05 0.0624755 0.502804 0.0606698 0.0447176 0.266979 0.0165806
0.0826821 0.0763242 0.0117332 0.032973 9.9973E-05 0.0759407 9.9973E-05 0.255531 0.464516 9.9973E-05
9.9973E-05 0.0537936 9.9973E-05 9.9973E-05 0.0763551 0.238184 0.0255447 0.0575499 0.438575 0.109698
9.9982E-05 0.0686804 0.119556 0.0259994 0.0928783 0.422417 0.00707765 0.127228 9.9982E-05 0.135964
9.99549E-05 0.17099 0.122733 9.99549E-05 9.99549E-05 0.275473 9.99549E-05 0.00778954 9.99549E-05 0.422515
9.9973E-05 0.014094 9.9973E-05 0.0422443 0.000193668 0.53523 9.9973E-05 0.126489 0.101354 0.180095
0.0116703 0.0420612 0.0219592 0.132573 0.000438563 0.551547 0.0527892 9.9982E-05 9.9982E-05 0.186762
9.9973E-05 0.152515 0.0902944 0.00216625 9.9973E-05 0.329121 9.9973E-05 0.0559752 0.0312503 0.338378
9.9982E-05 0.0837402 0.094541 0.00354897 0.0861445 0.404875 9.9982E-05 0.207921 0.0710032 0.0480257
9.9964E-05 0.115139 0.0862091 0.0774308 9.9964E-05 0.512739 0.0322501 9.9964E-05 9.9964E-05 0.175832
9.9964E-05 0.177076 0.114619 0.238281 9.9964E-05 0.0521693 9.9964E-05 0.00217583 9.9964E-05 0.415279
9.9964E-05 0.0954858 0.0323711 0.120396 9.9964E-05 0.232856 9.9964E-05 0.00834074 9.9964E-05 0.51015
9.9982E-05 0.0966037 0.0927951 0.0561928 9.9982E-05 0.471215 0.0269954 0.0169856 0.0412163 0.197797
9.9964E-05 0.152197 0.115372 0.193457 9.9964E-05 0.107317 9.9964E-05 0.0851255 9.9964E-05 0.346132
9.9964E-05 0.0928692 9.9964E-05 0.0313888 9.9964E-05 0.370788 9.9964E-05 0.110257 0.116307 0.27799
9.9964E-05 0.0296378 9.9964E-05 0.0558691 0.0125676 9.9964E-05 0.0275755 0.168598 0.705352 9.9964E-05
9.9964E-05 9.9964E-05 0.179718 0.0896984 9.9964E-05 0.107974 9.9964E-05 0.030356 0.586784 0.00506978
0.0365647 9.9973E-05 0.046968 9.9973E-05 0.0770054 0.172351 0.0176039 0.0388248 0.610382 9.9973E-05
9.9973E-05 9.9973E-05 9.9973E-05 0.0197273 0.0179137 0.590348 0.0200185 0.0415675 0.262991 0.0471348
9.9973E-05 0.0663248 9.9973E-05 0.0873503 0.00474599 0.0854345 0.00771568 0.24633 0.501799 9.9973E-05
0.0364429 9.9964E-05 0.0305658 9.9964E-05 0.148587 0.33624 9.9964E-05 9.9964E-05 0.424439 0.0233251
9.9964E-05 0.0569203 9.9964E-05 0.00126937 0.120584 0.423725 0.0388393 9.9964E-05 0.358262 9.9964E-05
0.0310518 0.0431911 0.00559769 0.0253819 0.00445653 0.406909 9.9982E-05 0.0954968 0.387715 9.9982E-05
0.0126208 0.0178636 0.0140629 0.0603964 0.0736038 0.3772 9.9982E-05 0.0656978 0.378354 9.9982E-05
0.0251741 0.136303 0.0685607 0.0722855 0.00246541 0.375972 0.0351644 0.0774291 0.206545 9.9991E-05
9.9964E-05 0.0443342 9.9964E-05 0.0981384 0.117471 0.0348186 9.9964E-05 0.148623 0.556216 9.9964E-05
0.0120701 0.101779 9.9973E-05 0.00392729 0.0729402 0.194923 9.9973E-05 0.0141309 0.59993 9.9973E-05
0.0224697 0.0268695 0.0406549 9.9973E-05 9.9973E-05 0.463418 0.0181912 0.0385507 0.389546 9.9973E-05
0.0838935 0.036629 9.9964E-05 9.9964E-05 0.00368419 0.462914 0.0609762 9.9964E-05 0.351504 9.9964E-05
9.9973E-05 9.9973E-05 0.0186015 9.9973E-05 0.034376 0.332973 0.0269776 0.0744177 0.417297 0.0950574
9.9955E-05 0.066548 0.0307647 9.9955E-05 0.0633236 0.380979 9.9955E-05 9.9955E-05 0.457885 9.9955E-05
0.0493466 0.190037 9.9973E-05 9.9973E-05 0.0132487 0.297165 9.9973E-05 0.100218 0.284212 0.0654726
9.9946E-05 0.0702842 9.9946E-05 9.9946E-05 9.9946E-05 0.572216 9.9946E-05 0.101426 0.255474 9.9946E-05
9.9964E-05 0.0531691 9.9964E-05 0.0504068 0.0960622 0.402474 9.9964E-05 9.9964E-05 0.384222 0.0132662
0.105615 9.9964E-05 9.9964E-05 9.9964E-05 0.062523 0.457912 0.0330352 9.9964E-05 0.320031 0.0204833
0.279909 9.9973E-05 9.9973E-05 0.0299027 0.0874945 0.402008 0.0589686 0.0416567 9.9973E-05 0.0997602
0.11313 9.9982E-05 0.0380461 0.00922041 0.181581 0.564812 0.0075432 0.00377157 9.9982E-05 0.0816957
0.143249 9.9964E-05 0.066377 9.9964E-05 0.123281 0.480506 9.9964E-05 9.9964E-05 0.14 0.0461876
0.084444 0.00612755 9.9991E-05 0.0805767 0.136097 0.512207 0.0288058 0.0655603 0.0516648 0.0344163
0.143041 9.9991E-05 0.0106675 0.0621589 0.260206 0.328931 0.0633238 0.031311 0.0970323 0.00322898
9.9955E-05 9.9955E-05 0.0699209 9.9955E-05 9.9955E-05 0.372761 9.9955E-05 0.0972525 0.346151 0.113415
0.112055 0.0163543 0.0128842 0.0442214 0.0861457 0.485602 9.9982E-05 9.9982E-05 0.191253 0.0512845
0.206443 9.9964E-05 9.9964E-05 0.117529 0.114156 9.9964E-05 9.9964E-05 0.0599024 0.0947798 0.406789
0.0917599 0.00258259 9.9991E-05 0.0334222 0.181847 0.402829 0.0153773 0.0929938 0.170194 0.00889376
0.0580309 0.0295014 0.0963417 0.079749 0.195371 0.483534 0.0461106 9.9982E-05 0.0111609 9.9982E-05
0.0328566 0.0674211 0.0981056 0.00400824 0.245732 0.304329 0.00910893 0.107212 0.096584 0.0346427
0.162281 9.9991E-05 0.0320318 0.0269117 0.0831188 0.190207 0.0248211 0.179383 0.138471 0.162675
0.0960875 9.9955E-05 9.9955E-05 9.9955E-05 0.146065 0.554755 9.9955E-05 0.0208392 9.9955E-05 0.181754
0.139987 9.9973E-05 0.0759652 9.9973E-05 0.159315 0.497983 0.0507844 9.9973E-05 0.0562121 0.0194532
0.371045 9.9964E-05 9.9964E-05 0.0411098 0.194348 9.9964E-05 0.0430574 9.9964E-05 0.0544049 0.295635
0.012379 0.0412779 9.9973E-05 0.00632119 0.235819 0.455143 0.123264 9.9973E-05 9.9973E-05 0.125497
0.0869646 0.0539077 0.0861133 9.9973E-05 0.190934 0.460251 0.0584519 0.0630772 9.9973E-05 9.9973E-05
0.0379229 9.9982E-05 9.9982E-05 0.0536794 0.0184039 0.556323 0.0427756 0.180698 0.0985319 0.011465
0.150234 9.9964E-05 0.0633416 9.9964E-05 0.233904 0.464079 9.9964E-05 9.9964E-05 0.0408449 0.0471956
0.0920336 0.013614 0.0170448 0.0401185 0.156258 0.453202 0.0716496 0.0232364 0.00681072 0.126032
0.015786 9.9964E-05 0.417381 0.0105699 9.9964E-05 0.416352 0.0470171 9.9964E-05 0.0924936 9.9964E-05
0.0536834 9.9982E-05 0.174663 0.0123114 0.0760329 0.398202 0.0612357 0.0880279 0.135645 9.9982E-05
9.9955E-05 0.0395494 0.808037 0.0536268 9.9955E-05 9.9955E-05 9.9955E-05 0.0857982 0.012489 9.9955E-05
9.99459E-05 0.0601798 0.908035 0.0164757 9.99459E-05 9.99459E-05 9.99459E-05 9.99459E-05 9.99459E-05 0.0147097
0.0507022 9.9973E-05 0.29208 0.116601 0.0532322 0.357802 0.0229449 9.9973E-05 0.106338 9.9973E-05
0.061893 0.00642035 0.109529 9.9982E-05 0.33059 0.333253 9.9982E-05 0.0590235 0.0244509 0.0746406
0.0803041 9.9964E-05 0.277545 9.9964E-05 0.341275 0.270774 0.00368322 9.9964E-05 9.9964E-05 0.0260191
0.218964 9.9982E-05 0.178078 0.0148625 0.28645 0.158464 0.00212061 0.0680307 9.9982E-05 0.0728302
0.14643 9.9973E-05 0.239812 9.9973E-05 0.26016 0.296317 0.0261892 0.0106881 9.9973E-05 0.020104
0.0713876 9.9955E-05 0.660666 9.9955E-05 0.113714 0.0129465 9.9955E-05 9.9955E-05 9.9955E-05 0.140786
0.0429801 9.9964E-05 0.60165 9.9964E-05 0.105677 0.0720868 0.0292468 9.9964E-05 9.9964E-05 0.147959
9.9955E-05 9.9955E-05 0.377594 9.9955E-05 0.0612665 0.471297 0.045938 9.9955E-05 0.0434056 9.9955E-05
0.0295663 9.9946E-05 0.537794 9.9946E-05 0.0516342 0.380406 9.9946E-05 9.9946E-05 9.9946E-05 9.9946E-05
0.0625968 9.9955E-05 0.699588 9.9955E-05 0.129941 0.0782138 0.0291607 9.9955E-05 9.9955E-05 9.9955E-05
0.0566144 9.9955E-05 0.345903 9.9955E-05 9.9955E-05 0.524693 9.9955E-05 0.0590973 0.0131921 9.9955E-05
9.9964E-05 9.9964E-05 0.352331 9.9964E-05 0.118318 0.434688 9.9964E-05 0.0163791 0.0365188 0.0413646
0.0260998 0.0878076 0.217263 0.0473469 0.217272 0.310417 0.0672878 0.0112458 9.9991E-05 0.0151603
9.9973E-05 0.0385368 0.540381 0.0732463 9.9973E-05 0.286267 0.0203595 0.0346016 9.9973E-05 0.00630758
9.9964E-05 9.9964E-05 0.565019 0.0108441 0.0228865 0.278875 0.0334029 9.9964E-05 0.088572 9.9964E-05
0.0374703 0.0758619 0.183668 0.0815618 9.9973E-05 0.532872 9.9973E-05 0.0538042 9.9973E-05 0.0344619
0.0611252 0.0871876 0.311884 9.9982E-05 0.0370491 0.303957 0.0129711 9.9982E-05 0.140056 0.0455702
0.136416 0.00692423 0.121836 9.9982E-05 0.0873197 0.335875 9.9982E-05 0.0755732 0.144317 0.0915392
9.9973E-05 0.0277439 0.437433 0.0436288 9.9973E-05 0.321083 0.0385961 0.0564853 9.9973E-05 0.0747299
9.9946E-05 0.0948163 0.742672 9.9946E-05 9.9946E-05 0.135254 9.9946E-05 9.9946E-05 0.0266577 9.9946E-05
9.9955E-05 9.9955E-05 0.378714 0.0397368 0.00404814 0.575715 0.00128671 9.9955E-05 9.9955E-05 9.9955E-05
9.9946E-05 9.9946E-05 0.750021 0.00807173 9.9946E-05 0.192287 9.9946E-05 0.0490207 9.9946E-05 9.9946E-05
9.9964E-05 0.0169046 0.563764 9.9964E-05 0.00456603 0.373093 9.9964E-05 0.0305657 9.9964E-05 0.0107067
0.0533981 0.0198541 0.318067 9.9982E-05 0.0728267 0.421958 0.0484254 0.0304158 0.0348542 9.9982E-05
9.9973E-05 0.0472715 0.343772 0.0246563 9.9973E-05 0.455212 0.0122352 0.0215537 0.0949989 9.9973E-05
0.0387423 9.9973E-05 0.126828 9.9973E-05 0.156914 0.438826 0.0608988 0.125437 9.9973E-05 0.0520542
0.127714 0.0451297 0.130256 0.0620585 0.157581 0.368005 0.046764 0.0282457 9.9991E-05 0.0341464
0.155792 0.0624509 0.0327645 0.0831499 0.209638 0.350317 0.017848 9.9991E-05 0.0149388 0.0730012
0.0340005 0.0958999 0.150336 9.9991E-05 0.240881 0.245111 0.0907732 0.0368803 0.0565136 0.0495053
0.134594 0.0513044 9.9982E-05 9.9982E-05 0.107543 0.500343 0.00352723 0.13888 0.0540466 0.00956258
0.127904 0.100296 0.183498 9.9964E-05 0.178992 0.38716 9.9964E-05 9.9964E-05 9.9964E-05 0.0217505
0.166946 0.00319248 0.582829 9.9964E-05 0.141988 9.9964E-05 0.00911047 9.9964E-05 9.9964E-05 0.0955332
0.0520797 0.142193 0.0923189 9.9964E-05 0.171743 0.524634 0.0166318 9.9964E-05 9.9964E-05 9.9964E-05
0.389639 9.9946E-05 0.426821 9.9946E-05 0.0628694 9.9946E-05 9.9946E-05 9.9946E-05 9.9946E-05 0.120071
0.0851504 9.9955E-05 0.25686 9.9955E-05 0.172357 0.437098 9.9955E-05 0.0480345 9.9955E-05 9.9955E-05
9.9946E-05 9.9946E-05 0.766554 0.138642 9.9946E-05 0.0159645 9.9946E-05 9.9946E-05 9.9946E-05 0.0782394
9.9937E-05 9.9937E-05 0.980115 0.00673802 9.9937E-05 9.9937E-05 9.9937E-05 0.0124478 9.9937E-05 9.9937E-05
