9.9946E-05 0.161161 9.9946E-05 0.116318 9.9946E-05 9.9946E-05 0.689793 9.9946E-05 9.9946E-05 0.0321285
9.9946E-05 0.34543 9.9946E-05 0.0428628 0.00886457 9.9946E-05 0.602243 9.9946E-05 9.9946E-05 9.9946E-05
9.9964E-05 0.241127 0.0384804 0.081079 9.9964E-05 9.9964E-05 0.583933 0.0189552 9.9964E-05 0.0360259
9.9973E-05 0.0888387 9.9973E-05 0.0600436 0.0144157 9.9973E-05 0.692029 0.0581018 0.0529976 0.0332735
9.9973E-05 0.318896 0.0111846 0.0196719 0.0216649 9.9973E-05 0.554486 0.0378221 9.9973E-05 0.0359741
0.0739671 0.179821 0.0275093 0.0696552 9.9973E-05 0.151414 0.429774 9.9973E-05 9.9973E-05 0.0675597
9.9955E-05 9.9955E-05 0.0284845 9.9955E-05 9.9955E-05 0.127829 0.800315 0.0267216 9.9955E-05 0.01615
9.9973E-05 0.00977075 0.0661212 9.9973E-05 0.0162944 0.153235 0.677996 0.00204198 9.9973E-05 0.0742401
0.0457357 0.218824 9.99549E-05 9.99549E-05 9.99549E-05 0.0407927 0.623947 9.99549E-05 9.99549E-05 0.0702
9.9973E-05 9.9973E-05 0.00874916 0.0597632 0.098569 0.0367105 0.653854 0.0885531 9.9973E-05 0.0535007
9.9955E-05 0.109627 0.0656145 9.9955E-05 9.9955E-05 0.148925 0.59424 9.9955E-05 9.9955E-05 0.0810943
0.0220018 9.9964E-05 0.116376 0.017296 9.9964E-05 9.9964E-05 0.00830185 0.070361 0.765263 9.9964E-05
9.9955E-05 9.9955E-05 0.453651 0.100163 9.9955E-05 9.9955E-05 0.0161444 9.9955E-05 0.370928 0.0586138
9.9973E-05 0.0643036 0.138662 9.9973E-05 0.074438 9.9973E-05 0.0123809 0.0377224 0.615417 0.0567767
9.9964E-05 0.0269514 0.142961 0.0528199 9.9964E-05 9.9964E-05 0.0167257 0.14808 0.612062 9.9964E-05
0.0722809 0.0153845 0.318427 9.9973E-05 9.9973E-05 9.9973E-05 0.139269 0.102679 0.338547 0.0131129
9.9964E-05 9.9964E-05 0.398047 0.208038 0.0668466 0.0172476 0.0419592 9.9964E-05 0.267462 9.9964E-05
0.0931998 9.9964E-05 0.321493 9.9964E-05 0.0298784 0.06444 9.9964E-05 0.121017 0.369573 9.9964E-05
0.0197181 9.9964E-05 0.206264 0.0479242 9.9964E-05 9.9964E-05 0.129986 0.068555 0.527153 9.9964E-05
9.9964E-05 0.0178378 9.9964E-05 9.9964E-05 9.9964E-05 0.0723303 0.0504176 0.00907166 0.794 0.0559433
0.170573 0.0200412 0.207344 0.128867 9.9973E-05 9.9973E-05 9.9973E-05 0.0574638 0.397764 0.0176466
0.033598 0.0149668 0.376906 9.9982E-05 0.0837133 0.149241 0.0399323 0.0611529 0.24029 9.9982E-05
0.077118 0.0416101 0.38758 0.122122 0.0583051 9.9973E-05 9.9973E-05 9.9973E-05 0.260558 0.052407
0.0900135 9.9973E-05 0.159087 0.0509761 9.9973E-05 0.0020828 0.0144424 0.0688022 0.614296 9.9973E-05
0.00896396 9.9982E-05 0.54757 0.122221 9.9982E-05 0.041353 0.0312454 0.0370313 0.162031 0.0493845
0.0098109 0.034479 0.45564 0.0581443 9.9973E-05 0.00284344 9.9973E-05 0.0530346 0.385748 9.9973E-05
0.020104 9.9955E-05 9.9955E-05 0.108357 9.9955E-05 9.9955E-05 0.0102009 0.013842 0.846996 9.9955E-05
9.9946E-05 9.9946E-05 0.00912755 9.9946E-05 9.9946E-05 9.9946E-05 0.0111016 0.195824 0.783347 9.9946E-05
0.0150183 9.9973E-05 0.0806754 9.9973E-05 0.0512202 0.00398013 0.0380924 0.0385123 0.772201 9.9973E-05
9.9937E-05 9.9937E-05 0.125415 9.9937E-05 9.9937E-05 9.9937E-05 0.823111 0.0507737 9.9937E-05 9.9937E-05
9.9937E-05 9.9937E-05 0.157637 0.0267674 9.9937E-05 9.9937E-05 0.814896 9.9937E-05 9.9937E-05 9.9937E-05
9.9946E-05 0.252373 0.108234 0.0661946 9.9946E-05 9.9946E-05 0.572598 9.9946E-05 9.9946E-05 9.9946E-05
0.103432 0.0682186 0.0767063 0.0750761 9.9964E-05 9.9964E-05 0.655004 0.0211638 9.9964E-05 9.9964E-05
0.152913 0.0389365 0.501301 9.9982E-05 0.104905 0.0150096 0.0149716 0.0295718 9.9982E-05 0.142191
0.262781 9.9982E-05 0.404231 0.00907634 0.0554221 9.9982E-05 0.107836 0.0454855 0.0560394 0.0589281
0.343236 0.0118966 0.601515 9.9946E-05 9.9946E-05 9.9946E-05 9.9946E-05 0.042753 9.9946E-05 9.9946E-05
9.9964E-05 9.9964E-05 0.0779182 9.9964E-05 0.0402454 9.9964E-05 0.157215 0.017309 0.535897 0.171015
0.521563 0.0222155 0.307073 9.9973E-05 0.0315601 0.0617109 9.9973E-05 0.0526386 9.9973E-05 0.00293889
0.250395 0.135622 0.370917 0.0574664 0.0316637 9.9982E-05 0.0164952 9.9982E-05 0.114375 0.0228646
0.187252 9.9955E-05 0.646935 9.9955E-05 0.0567153 9.9955E-05 0.061558 0.0470402 9.9955E-05 9.9955E-05
0.0766128 9.9982E-05 0.580682 9.9982E-05 0.0029948 0.101523 0.138332 0.0140914 0.0637715 0.021792
0.0290417 0.0317033 0.661089 9.9982E-05 9.9982E-05 0.0518739 0.0708687 0.0483458 0.0403487 0.0665293
0.591664 9.9964E-05 0.060462 0.0302555 9.9964E-05 9.9964E-05 0.022381 9.9964E-05 0.258821 0.0360164
0.0990997 0.016037 0.519074 0.0539219 9.9973E-05 0.199973 9.9973E-05 0.0544607 9.9973E-05 0.0571337
0.23981 9.9964E-05 0.491735 0.152586 0.00326354 9.9964E-05 0.0913027 0.0209022 9.9964E-05 9.9964E-05
0.129535 0.0489584 0.59861 0.0188519 9.9973E-05 0.060699 0.104362 0.0386839 9.9973E-05 9.9973E-05
0.596697 9.9973E-05 0.323531 9.9973E-05 0.0257444 0.0197297 0.00419936 0.0164337 9.9973E-05 0.0133646
0.308656 0.0116667 0.516097 0.118784 9.9955E-05 9.9955E-05 9.9955E-05 9.9955E-05 9.9955E-05 0.0442975
0.180398 0.100588 0.572839 9.9982E-05 0.00642608 0.00532085 0.030392 0.102965 0.000871798 9.9982E-05
0.637961 0.0483934 9.9946E-05 9.9946E-05 9.9946E-05 0.299024 0.0140215 9.9946E-05 9.9946E-05 9.9946E-05
0.228804 9.9964E-05 0.104178 9.9964E-05 0.00853813 0.0527683 9.9964E-05 9.9964E-05 0.490042 0.11527
0.181662 0.0244906 0.0302656 0.00984274 0.0862871 0.294869 9.9982E-05 9.9982E-05 0.368475 0.0039085
0.143156 0.0469025 0.501755 0.0164659 9.9973E-05 9.9973E-05 0.0726483 9.9973E-05 0.134904 0.083868
9.9973E-05 9.9973E-05 0.540296 0.0912612 0.0303249 0.0420354 0.0905189 0.043258 0.162006 9.9973E-05
0.0717533 9.9973E-05 0.473248 0.202918 0.0156549 0.0421833 9.9973E-05 9.9973E-05 0.0849698 0.108973
0.186824 0.0530602 0.144883 9.9982E-05 0.0765509 0.0264781 0.0544119 9.9982E-05 0.246993 0.210599
0.0483404 0.0232631 0.516047 0.0327628 0.0944843 0.0303197 9.9982E-05 9.9982E-05 0.109672 0.144911
0.00898466 9.9982E-05 0.510486 0.172371 0.0417329 0.0597429 0.0268203 9.9982E-05 0.177455 0.00220733
0.11133 0.0279659 0.311061 0.0498682 0.0649894 0.00967278 0.123732 9.9991E-05 0.237847 0.0634339
0.0877979 0.0864166 9.9982E-05 0.0851233 0.0307505 0.0961473 0.100474 9.9982E-05 0.452273 0.0608173
0.119327 0.0319816 0.472854 0.0533066 0.0217235 0.00779526 0.0350843 0.00133516 0.12554 0.131052
9.9964E-05 0.0277953 0.20354 0.216958 0.169828 9.9964E-05 9.9964E-05 9.9964E-05 0.279426 0.102053
0.141359 9.9955E-05 9.9955E-05 9.9955E-05 9.9955E-05 0.0791458 0.0598488 9.9955E-05 0.603277 0.11587
9.9964E-05 9.9964E-05 0.412921 0.159169 0.0585708 0.00557942 9.9964E-05 9.9964E-05 0.349992 0.0133676
9.9964E-05 9.9964E-05 0.569583 0.105756 0.097943 9.9964E-05 0.010275 9.9964E-05 0.185308 0.0307359
0.109002 9.9982E-05 0.551598 0.0406738 0.000896413 0.0158221 0.131624 0.026709 0.123475 9.9982E-05
0.186782 0.0433001 0.145913 0.0516728 0.032853 0.0397707 9.9991E-05 0.0586773 0.425551 0.01538
0.0991835 9.9964E-05 0.344797 0.113367 0.0388425 0.0838054 9.9964E-05 9.9964E-05 0.319604 9.9964E-05
0.0384275 9.9982E-05 0.492572 0.167947 0.0628712 0.100653 0.00396853 9.9982E-05 0.0508487 0.0825117
0.0863976 0.0367269 0.0825254 0.0590815 0.0707192 9.9973E-05 9.9973E-05 9.9973E-05 0.566562 0.097688
0.326837 9.9955E-05 0.488505 9.9955E-05 9.9955E-05 9.9955E-05 9.9955E-05 0.0240443 0.123353 0.0367615
0.640433 0.0112186 0.173627 9.9946E-05 9.9946E-05 9.9946E-05 9.9946E-05 9.9946E-05 0.174121 9.9946E-05
0.106216 9.9991E-05 0.521834 0.00371273 0.00932913 0.0723122 0.148706 0.0153131 0.0719038 0.0505736
0.845816 9.9937E-05 9.9937E-05 9.9937E-05 9.9937E-05 0.14603 9.9937E-05 9.9937E-05 9.9937E-05 0.00745421
0.792146 9.9946E-05 9.9946E-05 9.9946E-05 0.0279906 0.0805274 9.9946E-05 9.9946E-05 0.0987367 9.9946E-05
0.755452 0.0101768 0.209757 9.99461E-05 9.99461E-05 9.99461E-05 9.99461E-05 0.0240141 9.99461E-05 9.99461E-05
0.444222 9.9964E-05 0.447728 0.00458358 9.9964E-05 9.9964E-05 0.0394208 9.9964E-05 0.0462863 0.0173596
0.0915469 9.9982E-05 0.472382 0.15537 0.0299029 9.9982E-05 0.12945 0.00913022 0.0299246 0.0820934
0.492045 9.9964E-05 0.313776 0.102947 9.9964E-05 0.00229048 9.9964E-05 0.0549186 9.9964E-05 0.0336237
0.640523 9.9973E-05 0.131902 9.9973E-05 9.9973E-05 0.00382531 0.0462324 0.0218768 0.0761615 0.0791787
0.438322 0.0342656 0.292322 9.9964E-05 9.9964E-05 9.9964E-05 0.00709427 9.9964E-05 0.0463342 0.181262
0.302366 9.9955E-05 0.314222 0.19988 9.9955E-05 9.9955E-05 0.0861242 9.9955E-05 9.9955E-05 0.0969084
0.517654 9.9955E-05 0.249334 9.9955E-05 9.9955E-05 9.9955E-05 0.0345924 0.00733234 0.190587 9.9955E-05
0.497911 0.0781848 0.337566 0.0371108 9.9955E-05 9.9955E-05 9.9955E-05 9.9955E-05 9.9955E-05 0.048727
0.509524 9.9946E-05 0.423086 9.9946E-05 0.0257542 0.0410355 9.9946E-05 9.9946E-05 9.9946E-05 9.9946E-05
0.64981 0.0466631 9.9964E-05 9.9964E-05 0.0742272 0.19144 9.9964E-05 9.9964E-05 0.0100465 0.0274133
0.220153 9.9964E-05 0.57596 0.0915341 9.9964E-05 0.0658273 9.9964E-05 9.9964E-05 0.0315256 0.0145997
0.00341231 0.18151 0.064785 0.0596003 9.9982E-05 9.9982E-05 0.606472 0.0166104 0.0390689 0.0283412
9.9946E-05 0.273156 0.0255839 0.0670965 9.9946E-05 9.9946E-05 0.633564 9.9946E-05 9.9946E-05 9.9946E-05
9.9937E-05 0.209063 9.9937E-05 0.166871 9.9937E-05 9.9937E-05 0.623366 9.9937E-05 9.9937E-05 9.9937E-05
9.9937E-05 0.366012 9.9937E-05 0.0639575 9.9937E-05 9.9937E-05 0.569331 9.9937E-05 9.9937E-05 9.9937E-05
9.9955E-05 0.127349 0.103376 9.9955E-05 0.00653453 9.9955E-05 0.735933 0.0263077 9.9955E-05 9.9955E-05
0.026635 0.170662 0.0245358 0.0597135 0.0118604 0.00694338 0.682194 0.0172552 9.9982E-05 9.9982E-05
9.9937E-05 0.268669 9.9937E-05 0.106648 9.9937E-05 9.9937E-05 0.623983 9.9937E-05 9.9937E-05 9.9937E-05
0.201843 0.0334952 0.462138 0.0261132 0.000952169 0.0249487 0.103182 0.0105471 0.0650128 0.0717684
0.140351 0.0611434 0.478495 0.0881829 0.0160625 0.0356285 9.9991E-05 0.0397034 0.0993627 0.0409708
0.737455 9.9946E-05 9.9946E-05 9.9946E-05 0.0345282 9.9946E-05 0.0522881 9.9946E-05 0.175129 9.9946E-05
0.141133 0.0351192 0.365484 0.202459 9.9991E-05 0.00730624 0.0364335 0.0488366 0.10832 0.0548091
0.35112 9.9955E-05 0.410403 9.9955E-05 9.9955E-05 9.9955E-05 0.0312219 0.0495269 0.157229 9.9955E-05
0.249886 0.0123143 0.539295 0.0385654 0.105526 9.9973E-05 9.9973E-05 0.0464269 9.9973E-05 0.00768644
0.281841 9.9982E-05 0.518097 0.0146862 0.0747909 0.0212041 0.034837 0.00473355 0.0496102 9.9982E-05
0.355278 9.9973E-05 0.39973 0.0753617 0.0893412 0.00540279 9.9973E-05 0.0632952 9.9973E-05 0.0112917
0.713036 9.9955E-05 9.9955E-05 9.9955E-05 9.9955E-05 0.0204157 0.0365336 9.9955E-05 0.167565 0.0619503
0.213965 0.0370983 0.426661 0.205123 9.9982E-05 0.0317612 0.0622563 9.9982E-05 0.00500062 0.0179341
0.108588 9.9973E-05 0.648924 0.00278444 0.0433797 9.9973E-05 0.0424278 0.0294679 0.124128 9.9973E-05
0.228087 0.0111998 0.51027 9.9973E-05 0.0338252 9.9973E-05 0.0645704 0.103672 9.9973E-05 0.0480759
0.444145 9.9973E-05 0.293416 0.0277937 0.0711622 0.113527 0.0226376 0.0270182 9.9973E-05 9.9973E-05
0.400554 9.9955E-05 0.517869 9.9955E-05 0.0281925 0.0275847 9.9955E-05 0.0253004 9.9955E-05 9.9955E-05
0.330764 9.9964E-05 0.440798 0.0152804 9.9964E-05 9.9964E-05 0.0707541 9.9964E-05 0.104381 0.0376222
0.568431 9.9955E-05 0.288344 9.9955E-05 0.041608 9.9955E-05 9.9955E-05 0.0892269 9.9955E-05 0.0118906
0.407423 0.0480168 0.404492 9.9955E-05 9.9955E-05 9.9955E-05 0.0439175 9.9955E-05 9.9955E-05 0.0956512
0.100536 0.00239459 0.555129 0.0089814 0.0958859 9.9991E-05 0.12496 0.0332171 0.0319252 0.0468701
0.0489492 9.9973E-05 0.0790996 0.143001 0.175247 0.0703215 9.9973E-05 9.9973E-05 0.42542 0.0576616
9.9973E-05 0.0491898 0.327757 0.051813 9.9973E-05 9.9973E-05 0.0558592 0.0701408 0.286578 0.158362
9.9982E-05 0.0996379 0.457348 0.114359 0.0410078 0.00144078 0.0119905 9.9982E-05 0.220041 0.0539746
0.0197179 0.12189 0.560955 9.9982E-05 0.0640013 0.00931341 9.9982E-05 0.0933511 0.030681 0.0998904
9.9955E-05 9.9955E-05 0.390429 0.0241405 0.0348805 9.9955E-05 9.9955E-05 9.9955E-05 0.49103 0.0590203
0.0128375 9.9973E-05 0.507856 9.9973E-05 0.0780372 9.9973E-05 0.0360178 0.060622 0.283983 0.0203464
9.9964E-05 0.0231829 0.432228 9.9964E-05 0.0547925 9.9964E-05 0.0106393 9.9964E-05 0.37307 0.105687
0.136624 0.0874278 0.361661 0.0786083 0.0983369 9.9982E-05 0.0508231 9.9982E-05 0.113333 0.0729859
0.0527423 0.0993957 0.538296 0.00102592 0.0403197 0.00499697 9.9991E-05 0.0619752 0.0824032 0.118745
9.9964E-05 0.0926379 0.533042 9.9964E-05 9.9964E-05 0.0170257 0.0078745 0.0289992 0.320021 9.9964E-05
9.9955E-05 0.0706302 0.519162 9.9955E-05 9.9955E-05 0.0358629 9.9955E-05 9.9955E-05 0.283748 0.090097
9.9973E-05 0.0471777 0.681549 0.032202 0.171296 0.0126839 0.0065207 9.9973E-05 9.9973E-05 0.0482713
0.118167 0.0277468 0.443795 0.0737197 9.9973E-05 9.9973E-05 0.0859628 0.137822 9.9973E-05 0.112487
9.9964E-05 9.9964E-05 0.551717 0.0562088 0.102163 9.9964E-05 9.9964E-05 0.000782993 0.210091 0.0786372
9.9982E-05 9.9982E-05 0.468212 0.0479212 0.143702 0.0749074 0.0199831 0.0317207 0.0147549 0.198599
0.0471061 0.127045 0.451795 9.9973E-05 0.132596 9.9973E-05 9.9973E-05 0.0574591 0.138187 0.045512
9.9973E-05 0.113459 0.292988 0.0636122 0.048531 0.127476 9.9973E-05 0.00934226 0.344291 9.9973E-05
9.9973E-05 0.000202293 0.497926 0.100096 0.0453289 0.0503466 0.00744894 9.9973E-05 0.298351 9.9973E-05
9.9964E-05 9.9964E-05 0.557414 0.161446 0.0520117 9.9964E-05 0.0558459 9.9964E-05 0.130506 0.042377
0.207439 9.9982E-05 0.164592 9.9982E-05 0.0584172 0.0242154 0.00252266 0.0870154 0.29387 0.161728
0.0430553 0.0443172 0.0328089 9.9982E-05 0.146235 0.206658 9.9982E-05 0.0703427 0.352671 0.103711
9.9982E-05 0.02651 0.511401 0.0198085 0.0436284 0.0839167 9.9982E-05 0.0175453 0.173042 0.123948
0.174173 9.9973E-05 0.00406232 9.9973E-05 0.21696 0.14005 9.9973E-05 0.0675919 0.270935 0.125928
0.10125 9.9964E-05 0.200834 9.9964E-05 0.0946095 9.9964E-05 0.0364296 9.9964E-05 0.442434 0.124043
0.108811 9.9964E-05 0.394811 9.9964E-05 0.0543855 9.9964E-05 0.0132444 9.9964E-05 0.316113 0.112235
0.141085 9.9964E-05 0.246351 9.9964E-05 0.0214807 9.9964E-05 0.0288653 9.9964E-05 0.418945 0.142874
0.0842327 9.9973E-05 0.239215 9.9973E-05 0.028681 0.0150453 9.9973E-05 0.0310105 0.426309 0.175206
9.9973E-05 0.020852 0.601983 9.9973E-05 0.0631996 0.0432932 0.0366962 0.0508543 0.182822 9.9973E-05
0.039242 0.0251356 0.461971 0.0206303 0.109688 0.0417291 0.0422832 0.109544 0.0465185 0.103258
0.0247015 0.00975472 0.449777 9.9982E-05 0.0798317 0.0124489 0.053018 9.9982E-05 0.355184 0.0150845
0.100322 9.9973E-05 0.021149 9.9973E-05 0.0748561 0.189001 9.9973E-05 0.0662228 0.483592 0.0645579
0.11213 0.0486706 0.548097 0.0244845 9.9991E-05 0.00419074 0.112014 0.0211722 0.00968349 0.119457
0.139683 0.0514749 0.411261 0.0133707 0.0531133 0.121453 0.042067 9.9982E-05 0.167377 9.9982E-05
0.171913 0.113563 9.9982E-05 0.00683244 0.0992411 0.370467 0.0384251 9.9982E-05 0.144149 0.0552083
9.9955E-05 0.00853104 0.674999 9.9955E-05 0.083578 0.182515 0.0498775 9.9955E-05 9.9955E-05 9.9955E-05
0.280767 0.0728785 0.234273 0.134591 0.114078 0.118671 9.9982E-05 0.00693682 9.9982E-05 0.0376036
9.9955E-05 9.9955E-05 0.478658 0.194184 9.9955E-05 0.201662 0.0313674 9.9955E-05 0.0936287 9.9955E-05
0.141925 9.9982E-05 0.260227 9.9982E-05 0.0581767 0.35859 0.0976196 0.0470444 0.0197372 0.0164792
0.0644942 0.0786797 0.192759 9.9973E-05 0.113814 0.377598 9.9973E-05 9.9973E-05 0.0336652 0.138689
0.0816514 9.9973E-05 0.392538 0.0588167 0.111546 0.20256 9.9973E-05 9.9973E-05 0.0531762 0.0994111
0.0410127 9.9964E-05 0.500882 9.9964E-05 9.9964E-05 0.122591 0.0933897 0.0711512 0.170574 9.9964E-05
0.0714739 9.9991E-05 0.344998 0.208352 0.0194274 0.114832 0.0819447 0.000109491 0.0866167 0.0721458
0.22303 9.9973E-05 9.9973E-05 0.137126 0.0351456 0.363999 9.9973E-05 0.0763916 0.114128 0.0498809
0.0808563 9.9982E-05 0.500731 0.12526 0.0575598 0.0837051 9.9982E-05 0.0200549 0.089628 0.0420051
0.149899 9.9964E-05 0.387749 9.9964E-05 0.0703039 0.274257 9.9964E-05 9.9964E-05 0.10437 0.0130217
0.157509 9.9964E-05 0.44475 9.9964E-05 0.0862117 0.11562 9.9964E-05 0.00112752 0.194382 9.9964E-05
0.164135 0.0932485 0.48577 0.0481856 9.9982E-05 0.0305797 9.9982E-05 0.138273 0.0139194 0.0256889
9.9973E-05 0.108226 0.150183 0.096088 9.9973E-05 0.235148 0.177629 0.179172 0.0532527 9.9973E-05
9.9955E-05 0.0627214 9.9955E-05 0.121097 9.9955E-05 0.358427 0.388389 0.0688667 9.9955E-05 9.9955E-05
9.9946E-05 0.0470799 9.9946E-05 9.9946E-05 9.9946E-05 0.45792 0.348124 0.146276 9.9946E-05 9.9946E-05
9.9964E-05 0.15186 9.9964E-05 0.319997 9.9964E-05 0.122933 0.220462 0.115846 0.0685019 9.9964E-05
0.0177204 9.99461E-05 0.704459 9.99461E-05 0.0142892 0.262932 9.99461E-05 9.99461E-05 9.99461E-05 9.99461E-05
0.143627 0.0423487 0.582622 9.9964E-05 0.027812 0.154179 9.9964E-05 0.0490106 9.9964E-05 9.9964E-05
9.99371E-05 9.99371E-05 0.247282 9.99371E-05 9.99371E-05 9.99371E-05 9.99371E-05 0.688115 0.0639033 9.99371E-05
0.0786512 0.0289229 0.295637 9.9964E-05 9.9964E-05 9.9964E-05 9.9964E-05 0.464343 0.0795839 0.0524618
0.106736 0.0519199 0.245175 0.181405 0.0799466 9.9982E-05 0.0187999 0.298382 0.0174355 9.9982E-05
9.9946E-05 9.9946E-05 0.383139 9.9946E-05 0.204174 0.404523 9.9946E-05 9.9946E-05 0.00756481 9.9946E-05
0.045119 0.0609112 0.476508 0.00211965 0.150084 0.0431184 0.0268046 0.0729723 0.101436 0.0209275
0.0772599 9.9955E-05 0.239038 9.9955E-05 0.162118 0.462396 9.9955E-05 9.9955E-05 0.0586878 9.9955E-05
0.0358194 9.9973E-05 0.535977 0.128421 0.0303375 0.229611 9.9973E-05 9.9973E-05 0.0236736 0.0158607
0.0892031 9.9973E-05 0.462985 9.9973E-05 0.0690356 0.160028 0.0523395 9.9973E-05 0.151618 0.0144909
0.0695737 0.0374185 0.54204 9.9973E-05 9.9973E-05 0.218979 9.9973E-05 0.0830615 0.0281442 0.0204833
0.0966435 9.9955E-05 0.257692 9.9955E-05 0.125397 0.431838 9.9955E-05 9.9955E-05 0.087929 9.9955E-05
0.090478 0.0610143 0.577976 0.107733 9.9973E-05 0.133446 9.9973E-05 0.0276862 0.00136634 9.9973E-05
0.165417 0.0748666 0.561798 0.00812221 0.0428649 0.122234 0.00956998 9.9982E-05 9.9982E-05 0.0149272
0.00824051 0.0476183 0.018015 0.0125173 0.0139968 9.9964E-05 9.9964E-05 0.899212 9.9964E-05 9.9964E-05
0.005469 9.9955E-05 0.107518 9.9955E-05 0.0219948 0.00612294 9.9955E-05 0.858395 9.9955E-05 9.9955E-05
9.9955E-05 0.0455991 0.259769 0.0634134 9.9955E-05 9.9955E-05 9.9955E-05 0.530893 0.0998254 9.9955E-05
9.9955E-05 9.9955E-05 0.303338 0.0419091 0.0322652 9.9955E-05 9.9955E-05 0.617729 0.00425846 9.9955E-05
0.0471138 9.9955E-05 0.109529 0.0562141 9.9955E-05 0.0210752 9.9955E-05 0.765568 9.9955E-05 9.9955E-05
9.9937E-05 9.9937E-05 9.9937E-05 9.9937E-05 9.9937E-05 0.00153777 9.9937E-05 0.989549 9.9937E-05 0.00821325
9.9955E-05 0.0177362 9.9955E-05 0.0435684 9.9955E-05 9.9955E-05 0.0134174 0.892884 9.9955E-05 0.0318943
9.9946E-05 9.9946E-05 0.0842768 0.12647 0.0023202 9.9946E-05 9.9946E-05 0.786334 9.9946E-05 9.9946E-05
9.9928E-05 9.9928E-05 9.9928E-05 9.9928E-05 9.9928E-05 9.9928E-05 9.9928E-05 0.970034 9.9928E-05 0.0291664
9.9928E-05 0.00468777 9.9928E-05 9.9928E-05 9.9928E-05 9.9928E-05 9.9928E-05 0.994513 9.9928E-05 9.9928E-05
9.99201E-05 9.99201E-05 9.99201E-05 9.99201E-05 9.99201E-05 9.99201E-05 9.99201E-05 0.999101 9.99201E-05 9.99201E-05
9.9946E-05 9.9946E-05 0.134151 0.0997943 9.9946E-05 9.9946E-05 9.9946E-05 0.686125 0.07933 9.9946E-05
9.9946E-05 9.9946E-05 0.125719 9.9946E-05 9.9946E-05 9.9946E-05 0.0636818 0.75935 9.9946E-05 0.0506496
0.0557241 9.9928E-05 9.9928E-05 9.9928E-05 9.9928E-05 9.9928E-05 9.9928E-05 0.943476 9.9928E-05 9.9928E-05
0.0934781 0.042804 0.330204 0.0483702 0.0227122 0.024602 0.102828 0.248469 0.0864322 9.9991E-05
0.0826935 9.9955E-05 0.138317 0.216737 9.9955E-05 9.9955E-05 9.9955E-05 0.512727 9.9955E-05 0.0490257
9.9946E-05 9.9946E-05 0.173532 0.226911 9.9946E-05 9.9946E-05 9.9946E-05 0.544328 9.9946E-05 0.0546295
9.9964E-05 0.00794826 0.0756112 0.0980081 9.9964E-05 9.9964E-05 0.0171723 0.770347 0.030513 9.9964E-05
9.9928E-05 9.9928E-05 9.9928E-05 0.197872 9.9928E-05 9.9928E-05 9.9928E-05 0.801328 9.9928E-05 9.9928E-05
9.9955E-05 0.0681255 0.0261883 0.137651 0.0177944 9.9955E-05 9.9955E-05 0.749741 9.9955E-05 9.9955E-05
9.9946E-05 9.9946E-05 9.9946E-05 0.0557577 9.9946E-05 0.0228871 0.0243617 0.896394 9.9946E-05 9.9946E-05
9.9973E-05 0.0251746 0.189505 0.169475 9.9973E-05 9.9973E-05 0.0618925 0.493079 0.0175726 0.0430023
0.00741667 0.0107353 0.0537752 0.0760285 0.0148075 0.00690157 0.002196 0.795556 0.0324832 9.9991E-05
9.9973E-05 0.052642 9.9973E-05 0.0411314 0.0940276 0.530425 0.226979 0.0226828 0.0318122 9.9973E-05
9.9973E-05 0.0571934 0.454124 0.0104126 9.9973E-05 0.195991 0.121231 0.0433232 9.9973E-05 0.117425
9.9973E-05 9.9973E-05 0.439696 0.00432536 0.0331381 0.206433 0.25021 0.0558868 9.9973E-05 0.0100103
9.9964E-05 9.9964E-05 0.262461 0.0020131 9.9964E-05 0.450495 0.198026 0.0489859 9.9964E-05 0.0376196
9.9973E-05 9.9973E-05 0.451205 0.189015 0.0698894 0.0766053 0.0770334 0.0221319 9.9973E-05 0.113821
0.0708364 9.9982E-05 0.169404 0.0665242 0.0355631 0.354206 0.213294 0.0792486 0.0107246 9.9982E-05
0.00654108 0.07234 0.349965 0.162301 0.101806 0.112353 0.115018 0.00366613 9.9991E-05 0.0759096
9.9964E-05 0.0184111 0.300879 9.9964E-05 0.0493688 0.370571 0.0516823 0.208689 9.9964E-05 9.9964E-05
9.9964E-05 9.9964E-05 0.401606 0.0577836 9.9964E-05 0.256194 0.0511841 0.146013 0.0868196 9.9964E-05
9.9973E-05 0.0191034 0.222826 0.365053 9.9973E-05 0.332035 0.0150548 0.0133779 9.9973E-05 0.0322505
0.017426 9.9982E-05 0.449134 0.133909 9.9982E-05 0.15387 0.121235 0.0313144 0.0900278 0.00288355
9.9955E-05 0.151432 0.051447 9.9955E-05 9.9955E-05 0.0604595 0.653923 9.9955E-05 9.9955E-05 0.0822386
9.9946E-05 0.189269 9.9946E-05 9.9946E-05 0.0191494 9.9946E-05 0.726064 0.0649173 9.9946E-05 9.9946E-05
0.0294884 0.0407165 9.9955E-05 0.0328945 9.9955E-05 9.9955E-05 0.88586 9.9955E-05 9.9955E-05 0.0105413
9.9946E-05 0.0174894 0.0408202 9.9946E-05 9.9946E-05 9.9946E-05 0.92043 9.9946E-05 9.9946E-05 0.0206605
9.9955E-05 9.9955E-05 0.0115285 0.0808442 9.9955E-05 0.0278404 0.871501 9.9955E-05 9.9955E-05 0.00778652
9.9964E-05 0.255523 9.9964E-05 0.0627295 0.00580205 9.9964E-05 0.641873 0.028902 0.00477029 9.9964E-05
9.9955E-05 0.250527 0.000215996 0.0488452 9.9955E-05 9.9955E-05 0.642315 0.0575974 9.9955E-05 9.9955E-05
9.9955E-05 0.151234 9.9955E-05 0.0269798 0.034587 0.0491921 0.737507 9.9955E-05 9.9955E-05 9.9955E-05
0.0167298 0.131787 9.9946E-05 0.0963125 9.9946E-05 9.9946E-05 0.754571 9.9946E-05 9.9946E-05 9.9946E-05
9.9955E-05 0.252166 9.9955E-05 0.156624 9.9955E-05 0.00467024 0.559441 9.9955E-05 9.9955E-05 0.0265994
0.10715 0.00993859 9.9964E-05 9.9964E-05 9.9964E-05 0.0336516 0.620325 9.9964E-05 0.14013 0.0884052
0.0920566 0.00507433 9.9964E-05 0.0706859 9.9964E-05 9.9964E-05 0.530996 9.9964E-05 0.0615368 0.23925
9.9964E-05 0.0941171 9.9964E-05 9.9964E-05 0.0305424 0.0526619 0.46923 9.9964E-05 0.239714 0.113334
0.0342265 0.0139071 9.9973E-05 9.9973E-05 0.00978216 0.00677663 0.476451 9.9973E-05 0.340157 0.118399
0.295301 0.0228822 0.418228 0.039743 9.9964E-05 9.9964E-05 0.104756 9.9964E-05 0.118689 9.9964E-05
0.284003 9.9973E-05 0.381718 0.0411289 0.0978485 9.9973E-05 9.9973E-05 0.0237051 0.163945 0.00735123
0.116966 0.0741712 0.510931 0.0130023 0.0103675 9.9982E-05 9.9982E-05 0.0715887 0.0974997 0.105273
0.205779 9.9964E-05 0.313766 0.00536546 9.9964E-05 9.9964E-05 0.0187272 9.9964E-05 0.417946 0.0380166
0.0823455 9.9964E-05 0.133441 9.9964E-05 0.000620868 0.0199208 9.9964E-05 9.9964E-05 0.487102 0.27617
0.220046 9.9955E-05 0.510561 9.9955E-05 0.109754 9.9955E-05 0.0738718 0.0852679 9.9955E-05 9.9955E-05
0.214611 9.9955E-05 0.574948 9.9955E-05 9.9955E-05 0.0354711 9.9955E-05 0.0280485 0.146422 9.9955E-05
0.293988 9.9973E-05 0.37146 0.0342943 9.9973E-05 0.04545 0.00866675 9.9973E-05 0.156506 0.0893351
0.569072 9.9964E-05 0.297587 0.0239701 0.0305287 0.00211965 9.9964E-05 0.0763227 9.9964E-05 9.9964E-05
0.175283 0.0312438 0.569339 9.9982E-05 0.0006431 0.0364483 0.0038398 0.0590829 9.9982E-05 0.12392
0.34885 9.9973E-05 0.380275 0.00735261 0.0734315 9.9973E-05 0.0294286 9.9973E-05 0.114459 0.0459031
0.716446 9.9946E-05 9.9946E-05 9.9946E-05 0.169382 0.0555934 9.9946E-05 9.9946E-05 9.9946E-05 0.0579796
0.0597828 0.105712 0.492303 0.0358999 0.0719126 0.0123525 9.9982E-05 9.9982E-05 0.0834254 0.138411
0.498961 0.0424796 0.224975 9.9964E-05 0.0827511 0.145671 9.9964E-05 9.9964E-05 9.9964E-05 0.00476131
0.293748 0.000900836 0.487366 0.0740853 0.100073 0.0273986 9.9982E-05 9.9982E-05 0.0135425 0.00268568
0.641793 0.0181444 0.0789043 9.9964E-05 9.9964E-05 9.9964E-05 0.0312408 9.9964E-05 0.198359 0.0311583
0.0523418 9.9973E-05 0.0194579 0.0154143 9.9973E-05 0.116134 0.0393977 0.00747934 9.9973E-05 0.749475
9.9973E-05 0.0209394 0.0536599 0.000981899 0.0167966 0.0912975 9.9973E-05 0.0112634 9.9973E-05 0.804761
0.00075321 9.9946E-05 9.9946E-05 9.9946E-05 0.103371 0.0121712 9.9946E-05 9.9946E-05 9.9946E-05 0.883105
0.0126362 9.9946E-05 9.9946E-05 9.9946E-05 0.0769033 9.9946E-05 0.0454122 9.9946E-05 9.9946E-05 0.864449
9.9946E-05 9.9946E-05 0.0435893 9.9946E-05 9.9946E-05 0.0795359 9.9946E-05 0.0810027 9.9946E-05 0.795272
9.9964E-05 0.0371195 0.0524282 0.0333049 0.0588848 9.9964E-05 9.9964E-05 0.0289368 9.9964E-05 0.788926
0.0120007 0.101819 0.0452381 0.0987863 0.0120763 9.9964E-05 0.72968 9.9964E-05 9.9964E-05 9.9964E-05
9.9946E-05 9.9946E-05 0.0559902 0.0989268 0.039442 9.9946E-05 0.805041 9.9946E-05 9.9946E-05 9.9946E-05
9.9955E-05 0.0582258 0.0745811 0.207382 9.9955E-05 9.9955E-05 0.643334 0.0159777 9.9955E-05 9.9955E-05
9.9955E-05 0.00841065 9.9955E-05 0.0751111 9.9955E-05 9.9955E-05 0.731344 0.0875161 0.097118 9.9955E-05
0.0469622 9.9964E-05 0.0684345 0.0585158 9.9964E-05 9.9964E-05 0.744798 0.0454089 9.9964E-05 0.0354804
0.0436754 0.0509015 9.9964E-05 9.9964E-05 9.9964E-05 0.0102322 0.321095 9.9964E-05 0.0825426 0.491154
0.0925697 0.0081118 9.9964E-05 9.9964E-05 0.0643709 0.0140547 0.454645 9.9964E-05 9.9964E-05 0.365848
0.0848598 9.9946E-05 9.9946E-05 9.9946E-05 0.112239 9.9946E-05 0.415082 9.9946E-05 9.9946E-05 0.38722
9.9946E-05 9.9946E-05 0.169375 0.0217758 9.9946E-05 9.9946E-05 0.806579 0.00167122 9.9946E-05 9.9946E-05
0.0867654 0.0844795 9.9973E-05 9.9973E-05 9.9973E-05 0.0403004 0.269436 0.00854938 0.000782582 0.509387
9.9964E-05 0.164463 0.167694 0.492294 9.9964E-05 0.11808 9.9964E-05 0.0500495 9.9964E-05 0.00702001
0.030979 0.100338 0.361512 0.344558 9.9964E-05 9.9964E-05 9.9964E-05 0.0984305 9.9964E-05 0.0637833
9.9955E-05 0.106135 0.446279 0.257303 9.9955E-05 9.9955E-05 0.0492013 0.140582 9.9955E-05 9.9955E-05
0.0693285 0.0452096 0.366334 0.136063 0.0186812 0.013545 0.224005 0.122258 9.9991E-05 0.00447543
9.9991E-05 0.116896 0.290453 0.325269 0.00754543 0.00516419 0.0246458 0.0791167 0.0957478 0.0550629
9.9955E-05 0.157323 9.9955E-05 0.205051 9.9955E-05 0.271528 0.218045 0.147555 9.9955E-05 9.9955E-05
0.0141069 9.9973E-05 0.399947 9.9973E-05 0.119822 0.00484944 0.0377657 9.9973E-05 0.343143 0.0800661
0.0732115 0.0233032 0.245205 0.131204 0.0777328 0.0967763 0.0154059 9.9991E-05 0.301533 0.0355278
9.9964E-05 9.9964E-05 0.134038 0.0926502 0.032746 9.9964E-05 0.0591003 9.9964E-05 0.584996 0.0960695
0.0394894 9.9973E-05 0.398465 0.0905902 0.231954 0.012849 9.9973E-05 9.9973E-05 0.206429 0.0199242
0.134044 9.9955E-05 9.9955E-05 9.9955E-05 0.356784 0.302449 9.9955E-05 9.9955E-05 0.165145 0.041078
0.0243215 0.00597471 0.473105 0.0246921 0.0345677 0.0916539 0.0415098 0.0717037 0.206446 0.0260251
0.0713883 9.9982E-05 0.448929 0.0456449 0.121112 0.0283053 0.0135236 9.9982E-05 0.196259 0.0746379
0.00500558 0.068457 0.257781 0.0151452 0.0505272 0.00275108 0.00527899 9.9991E-05 0.453471 0.141484
0.113655 0.00195945 0.336972 0.113872 9.9991E-05 0.132731 0.0266723 0.105501 0.0809898 0.0875471
0.105517 9.9955E-05 9.9955E-05 0.0371341 0.146199 0.186098 9.9955E-05 9.9955E-05 0.524552 9.9955E-05
0.0894603 9.9973E-05 0.373052 9.9973E-05 0.190526 0.0906146 9.9973E-05 0.0997358 0.114167 0.0421438
0.113676 0.00131241 0.513955 9.9982E-05 9.9982E-05 0.00978575 0.00744587 0.0588484 0.175906 0.11887
0.118336 9.9982E-05 0.2833 0.272473 9.9982E-05 0.0499906 0.0776847 0.0650721 0.108655 0.0242887
9.9964E-05 9.9964E-05 0.358589 9.9964E-05 0.233158 0.0666921 9.9964E-05 0.000667004 0.265387 0.0751072
0.071497 9.9982E-05 0.339751 0.0878991 0.079355 0.0114409 0.0584102 9.9982E-05 0.291459 0.0599884
0.0999783 9.9991E-05 0.29053 0.0563588 0.174252 0.049123 0.00105872 0.0898665 0.218797 0.0199351
0.0513469 0.0368076 0.513409 9.9982E-05 0.04597 0.0642746 0.00428384 9.9982E-05 0.24776 0.0359485
0.0653297 0.0394337 0.545808 0.0601947 0.0439674 9.9991E-05 0.0503502 0.0472965 0.127966 0.0195539
0.00432771 9.9964E-05 0.517988 9.9964E-05 9.9964E-05 0.0704585 9.9964E-05 0.202106 0.121145 0.0835746
0.0480727 0.0335171 0.50242 0.116468 9.9982E-05 0.0251718 0.0514215 9.9982E-05 0.0685522 0.154177
9.99279E-05 0.995965 9.99279E-05 9.99279E-05 9.99279E-05 9.99279E-05 9.99279E-05 0.00323584 9.99279E-05 9.99279E-05
9.99201E-05 0.999101 9.99201E-05 9.99201E-05 9.99201E-05 9.99201E-05 9.99201E-05 9.99201E-05 9.99201E-05 9.99201E-05
0.0331476 0.571909 9.9955E-05 9.9955E-05 9.9955E-05 0.0936772 0.299771 9.9955E-05 0.000995968 9.9955E-05
9.9928E-05 0.989336 9.9928E-05 9.9928E-05 9.9928E-05 9.9928E-05 9.9928E-05 9.9928E-05 9.9928E-05 0.00986426
9.99508E-05 0.773923 0.0102575 0.0906104 9.99508E-05 9.99508E-05 0.124609 9.99508E-05 9.99508E-05 9.99508E-05
9.9964E-05 0.0528712 0.0571268 0.0534296 9.9964E-05 9.9964E-05 9.9964E-05 0.0104026 0.671372 0.154398
9.9973E-05 0.0503188 0.329803 0.141497 0.0897069 0.0629697 9.9973E-05 0.0421735 0.28323 9.9973E-05
0.0439446 0.0334721 0.404214 0.120205 0.0709516 0.0989251 0.10392 0.0917794 0.0324879 9.9991E-05
0.00869374 9.9955E-05 0.472042 0.206023 9.9955E-05 9.9955E-05 9.9955E-05 9.9955E-05 0.156715 0.156027
0.0892493 0.0778775 0.425857 0.0760881 9.9973E-05 9.9973E-05 9.9973E-05 0.00389373 0.241734 0.0850004
9.9973E-05 9.9973E-05 0.181695 0.100665 0.107764 0.164928 9.9973E-05 0.00694083 0.385892 0.0518157
9.9946E-05 0.188763 9.9946E-05 9.9946E-05 9.9946E-05 0.105849 9.9946E-05 9.9946E-05 0.55882 0.145969
0.0559777 9.9982E-05 0.467262 0.0607487 0.0412559 9.9982E-05 0.015479 0.00945844 0.113319 0.236299
9.9964E-05 9.9964E-05 0.0854254 9.9964E-05 0.178237 9.9964E-05 0.0513797 0.0697985 0.400833 0.213927
0.11836 0.0152936 0.322291 0.0828876 0.142284 0.100072 9.9991E-05 0.00416958 0.0548618 0.15968
9.9973E-05 0.0736395 0.00305927 9.9973E-05 0.115546 9.9973E-05 0.082165 0.0597921 0.582015 0.0834834
9.9982E-05 0.0739067 0.525486 0.0705309 0.0268471 9.9982E-05 0.00266356 0.0555145 0.158282 0.0865697
0.026137 0.042997 0.117795 9.9982E-05 0.0640252 0.0183218 0.050171 9.9982E-05 0.540665 0.139688
0.0291504 0.0220181 0.237394 0.134158 0.100815 0.0599577 0.0264377 9.9991E-05 0.293794 0.0961754
0.0126679 0.0105651 0.517314 9.9973E-05 0.0226609 0.203138 9.9973E-05 0.0633908 9.9973E-05 0.169964
9.9955E-05 9.9955E-05 0.378786 9.9955E-05 0.0828316 0.435978 9.9955E-05 9.9955E-05 0.0102437 0.0916609
0.0545225 0.0139542 0.57784 9.9973E-05 9.9973E-05 0.203018 0.0367967 9.9973E-05 0.0746149 0.0389533
0.0285698 0.103532 0.618844 9.9973E-05 9.9973E-05 0.160455 0.0321072 0.0145049 0.0416867 9.9973E-05
0.0208467 9.9964E-05 0.388569 9.9964E-05 0.0905664 0.399296 9.9964E-05 9.9964E-05 0.0720344 0.0282872
0.137932 0.0706514 0.4508 9.9982E-05 0.0383952 0.160504 9.9982E-05 0.0418892 0.0236166 0.0760127
9.9955E-05 0.0278507 0.579914 9.9955E-05 0.117333 0.231383 9.9955E-05 9.9955E-05 9.9955E-05 0.0430199
0.0355704 9.9964E-05 0.145629 9.9964E-05 0.162033 0.588814 9.9964E-05 9.9964E-05 0.00625526 0.0612987
0.0367376 9.9955E-05 0.374657 9.9955E-05 0.0465871 0.537524 9.9955E-05 9.9955E-05 9.9955E-05 0.0039947
9.9955E-05 9.9955E-05 0.545123 9.9955E-05 0.0629853 0.315861 0.0146226 9.9955E-05 9.9955E-05 0.0609084
0.128348 9.9964E-05 0.220709 9.9964E-05 0.117067 0.386181 9.9964E-05 9.9964E-05 0.0722956 0.0749992
0.159518 9.9964E-05 0.477998 0.00739994 9.9964E-05 0.229572 9.9964E-05 9.9964E-05 0.107534 0.0175781
0.116498 9.9955E-05 9.9955E-05 0.0630764 9.9955E-05 9.9955E-05 0.0429743 9.9955E-05 0.647459 0.129493
0.00221051 9.9964E-05 0.15556 9.9964E-05 0.329391 9.9964E-05 9.9964E-05 0.00999202 0.431171 0.0712749
0.0334163 0.0883041 0.219459 9.9973E-05 0.109253 9.9973E-05 9.9973E-05 0.0901999 0.450588 0.00848026
0.0742241 9.9964E-05 0.397565 0.23335 9.9964E-05 9.9964E-05 9.9964E-05 0.0252771 0.228581 0.0406025
0.0997707 9.9964E-05 0.182326 9.9964E-05 9.9964E-05 0.0280859 9.9964E-05 0.0367807 0.482161 0.170476
9.9964E-05 9.9964E-05 0.368189 0.178417 0.145923 0.0272211 9.9964E-05 9.9964E-05 0.145322 0.134529
0.0546947 0.0558024 0.429846 0.122686 0.0427756 0.0802567 9.9991E-05 0.00288317 0.139399 0.0715565
0.0753547 9.9982E-05 0.378129 0.0321285 0.0713383 9.9982E-05 0.0415927 0.085231 0.230687 0.0853379
0.0159758 0.0363852 0.3428 0.0258139 0.119207 0.0397511 9.9991E-05 0.106067 0.26048 0.0534199
0.0937479 0.0283807 0.32471 9.9973E-05 9.9973E-05 9.9973E-05 0.0749728 0.0750952 0.264054 0.13874
0.150379 9.9955E-05 0.134019 9.9955E-05 9.9955E-05 9.9955E-05 9.9955E-05 0.0946944 0.461477 0.158931
0.0210174 9.9973E-05 0.225909 0.122578 0.008081 9.9973E-05 9.9973E-05 0.0838133 0.333608 0.204693
9.9955E-05 9.9955E-05 0.509833 0.126707 0.0781814 9.9955E-05 9.9955E-05 9.9955E-05 0.240759 0.0440195
0.014705 0.0576136 0.577637 9.9982E-05 0.0598312 0.0714286 9.9982E-05 0.0212095 0.13777 0.0596052
0.0175815 0.0099518 0.213904 0.155047 0.149253 0.0423373 9.9982E-05 9.9982E-05 0.367712 0.0440141
9.9964E-05 9.9964E-05 0.422888 9.9964E-05 0.116385 0.0309292 9.9964E-05 0.14245 0.198184 0.0887638
0.00409655 0.0410733 0.308121 9.9973E-05 9.9973E-05 0.0311781 9.9973E-05 0.0803053 0.39907 0.135856
0.0299142 9.9955E-05 0.471548 0.196791 9.9955E-05 9.9955E-05 9.9955E-05 9.9955E-05 0.214803 0.0864449
0.0174661 0.0481071 0.48632 0.0610861 9.9973E-05 0.0278327 9.9973E-05 9.9973E-05 0.223916 0.134972
9.9991E-05 0.11389 0.401008 0.115522 0.0829771 0.00757908 0.00549023 0.0672708 0.182849 0.0233142
9.9955E-05 0.167741 0.353137 0.22384 9.9955E-05 9.9955E-05 0.174771 9.9955E-05 0.0800104 9.9955E-05
0.106473 0.0307951 0.254605 0.335042 9.9982E-05 0.0335742 0.0355948 0.0960781 0.107638 9.9982E-05
9.9973E-05 9.9973E-05 0.488322 0.102589 9.9973E-05 0.0547461 0.1216 0.0426722 0.070277 0.119494
0.00519988 9.9982E-05 0.512108 0.118023 0.0300284 0.110932 0.0950474 0.0562254 0.0722353 9.9982E-05
0.00881078 0.171717 0.294797 0.233323 0.0383011 9.9982E-05 0.00287208 0.123514 0.126465 9.9982E-05
0.00946959 9.9964E-05 0.347077 9.9964E-05 0.110126 0.0718337 9.9964E-05 0.0918036 0.36929 9.9964E-05
0.0178267 0.0828664 0.412732 0.304372 9.9982E-05 0.0538452 0.0704531 0.0357428 0.0219611 9.9982E-05
0.209786 0.0258962 9.9964E-05 0.268387 9.9964E-05 0.357938 0.1232 9.9964E-05 0.0143931 9.9964E-05
9.9982E-05 0.0613323 0.396133 0.152668 0.0307603 9.9982E-05 0.0471096 0.124864 0.161838 0.0250951
9.9964E-05 9.9964E-05 0.441517 0.221188 0.133115 9.9964E-05 0.0457334 0.0955207 9.9964E-05 0.0625268
9.9982E-05 9.9982E-05 0.347683 0.261966 0.0423697 0.0175732 0.0251029 0.111718 0.125395 0.0679929
0.0351981 9.9982E-05 0.166937 0.246518 0.0315242 0.142924 0.119324 0.0368523 0.220522 9.9982E-05
0.0246666 0.107286 0.439147 0.178992 0.0183944 0.087594 0.13269 0.0110294 9.9982E-05 9.9982E-05
9.9946E-05 0.0768841 0.4384 0.366914 0.117202 9.9946E-05 9.9946E-05 9.9946E-05 9.9946E-05 9.9946E-05
9.9955E-05 0.133084 9.9955E-05 0.143 9.9955E-05 0.335887 0.292359 0.0951702 9.9955E-05 9.9955E-05
9.9955E-05 9.9955E-05 0.46149 0.243925 0.042771 9.9955E-05 0.195851 0.0554627 9.9955E-05 9.9955E-05
0.0841762 9.9964E-05 0.391988 0.412526 0.0320817 9.9964E-05 0.0443719 9.9964E-05 9.9964E-05 0.0344562
0.065862 0.0586784 0.535751 0.110965 0.0451822 0.0455592 0.0146252 0.0791156 0.0441618 9.9991E-05
0.0362446 9.9982E-05 0.35815 0.141547 0.0414534 0.0596779 0.156394 0.18546 9.9982E-05 0.020873
0.10032 0.0995953 0.473057 0.208438 0.0196862 9.9973E-05 0.094512 0.00409125 9.9973E-05 9.9973E-05
0.00884256 9.9991E-05 0.33511 0.000860646 0.433091 0.00918812 0.0185477 0.0991422 0.00243343 0.0926837
0.138426 9.9973E-05 0.436492 0.0432201 0.238255 9.9973E-05 0.0530342 0.0407598 0.0495133 9.9973E-05
0.0529625 9.9946E-05 9.9946E-05 9.9946E-05 0.757573 0.0265474 9.9946E-05 9.9946E-05 0.162317 9.9946E-05
9.9946E-05 9.9946E-05 9.9946E-05 9.9946E-05 0.922615 0.0132806 9.9946E-05 9.9946E-05 0.0249874 0.0385171
9.9982E-05 0.0213525 0.283332 0.180196 0.31975 9.9982E-05 0.00824263 0.0427658 0.129313 0.014848
9.9973E-05 0.0587269 0.220242 0.387325 0.0644076 0.107157 9.9973E-05 0.0883855 0.0734558 9.9973E-05
0.022202 0.0213016 0.0858028 0.609397 0.237779 9.9964E-05 9.9964E-05 0.0231185 9.9964E-05 9.9964E-05
9.9973E-05 9.9973E-05 0.0807459 0.449677 0.15116 0.113572 0.138875 0.0198043 0.0458655 9.9973E-05
9.9964E-05 0.0354202 0.0882453 0.538759 0.114455 9.9964E-05 0.0651426 9.9964E-05 0.157578 9.9964E-05
9.9946E-05 0.052529 9.9946E-05 0.204713 0.672838 0.0693209 9.9946E-05 9.9946E-05 9.9946E-05 9.9946E-05
9.9955E-05 9.9955E-05 0.0220579 0.307271 0.589626 0.0463408 0.0342045 9.9955E-05 9.9955E-05 9.9955E-05
0.0137322 9.9955E-05 0.482805 0.0337011 0.361692 9.9955E-05 9.9955E-05 0.10757 9.9955E-05 9.9955E-05
9.9937E-05 9.9937E-05 0.267907 0.25346 0.477934 9.9937E-05 9.9937E-05 9.9937E-05 9.9937E-05 9.9937E-05
9.9946E-05 0.0702569 0.0438187 0.270959 0.614366 9.9946E-05 9.9946E-05 9.9946E-05 9.9946E-05 9.9946E-05
9.9955E-05 0.10889 0.448672 0.181384 0.222961 9.9955E-05 9.9955E-05 9.9955E-05 9.9955E-05 0.0375932
9.9955E-05 9.9955E-05 0.417531 0.216531 0.34287 9.9955E-05 9.9955E-05 0.00817271 9.9955E-05 0.0143947
0.054099 0.0499937 0.308039 0.0696592 0.218804 0.0376115 0.0734499 0.150429 9.9991E-05 0.0378144
9.9955E-05 0.0101137 0.250788 9.9955E-05 0.630818 9.9955E-05 9.9955E-05 9.9955E-05 0.103873 0.0039075
9.9955E-05 9.9955E-05 0.304835 9.9955E-05 0.524294 9.9955E-05 9.9955E-05 0.0445764 0.104301 0.0214935
9.9982E-05 0.0696327 0.468057 9.9982E-05 0.257301 0.0443973 0.00314802 0.0352155 0.0741881 0.0478597
0.078301 0.00728009 0.249227 0.0846006 0.343296 9.9991E-05 0.0601669 0.0608105 0.0101203 0.106097
0.0118952 0.0382914 0.347741 0.264071 0.14081 9.9982E-05 0.0437107 0.0125394 0.140742 9.9982E-05
9.9955E-05 9.9955E-05 0.370031 0.0201212 0.482837 0.0650863 9.9955E-05 9.9955E-05 0.061425 9.9955E-05
9.9946E-05 9.9946E-05 0.129542 9.9946E-05 0.783163 0.0213094 9.9946E-05 9.9946E-05 9.9946E-05 0.0653859
0.0194397 0.00553435 0.577539 0.00578402 0.333994 9.9973E-05 0.0506277 0.00678175 9.9973E-05 9.9973E-05
0.0283332 0.00526222 0.0707907 9.9964E-05 0.751805 9.9964E-05 9.9964E-05 0.0363889 0.10702 9.9964E-05
9.9937E-05 9.9937E-05 0.419323 9.9937E-05 0.535072 9.9937E-05 0.0449054 9.9937E-05 9.9937E-05 9.9937E-05
9.9946E-05 9.9946E-05 0.552657 0.092671 0.208384 9.9946E-05 0.145688 9.9946E-05 9.9946E-05 9.9946E-05
9.9973E-05 0.0340483 0.397828 9.9973E-05 0.425496 9.9973E-05 0.022051 0.0213246 0.0578946 0.0410579
0.101152 0.037198 0.43263 0.174051 0.00585799 0.0759254 0.104985 0.0680018 9.9982E-05 9.9982E-05
9.9982E-05 0.0591531 0.451366 0.00316888 0.156768 0.0642039 0.130604 0.126783 9.9982E-05 0.00775371
0.0639745 0.166924 0.219566 0.424185 9.9973E-05 0.0729043 9.9973E-05 0.00263795 9.9973E-05 0.0495093
9.9991E-05 0.0817217 0.296041 0.190171 0.0247115 0.134699 0.0140078 0.0748403 0.0497548 0.133952
9.9991E-05 0.00764164 0.297374 0.193745 0.0372812 0.118316 0.00418634 0.147991 0.127385 0.0659785
9.9982E-05 0.024682 0.307857 0.320843 0.131456 0.0426687 0.0142964 0.0338118 9.9982E-05 0.124185
9.9964E-05 0.0973292 9.9964E-05 9.9964E-05 0.576257 0.10298 0.0989009 0.0884049 9.9964E-05 0.0357281
9.9973E-05 0.0806186 0.525349 0.00640019 0.135477 0.00245868 9.9973E-05 0.234429 9.9973E-05 0.0149681
9.9964E-05 0.0243153 9.9964E-05 0.00979268 0.396366 0.188727 0.296885 0.0835145 9.9964E-05 9.9964E-05
9.9955E-05 9.9955E-05 0.406426 0.282842 0.267929 9.9955E-05 0.0180557 0.0242469 9.9955E-05 9.9955E-05
0.110626 9.9946E-05 0.0641178 9.9946E-05 0.785842 0.0388141 9.9946E-05 9.9946E-05 9.9946E-05 9.9946E-05
0.0887691 0.00305582 9.9946E-05 9.9946E-05 0.902641 9.9946E-05 9.9946E-05 9.9946E-05 0.00493418 9.9946E-05
0.0317288 9.9955E-05 0.394447 0.0468143 0.483783 9.9955E-05 9.9955E-05 9.9955E-05 0.0427278 9.9955E-05
