9.9955E-05 9.9955E-05 0.0330065 0.0446829 0.0150672 0.723886 9.9955E-05 0.182857 9.9955E-05 9.9955E-05
9.9955E-05 9.9955E-05 9.9955E-05 9.9955E-05 9.9955E-05 0.772849 0.0201746 0.19967 0.00245903 0.00434707
0.132167 9.9964E-05 0.000835964 0.0107444 0.046202 0.707469 9.9964E-05 0.102182 9.9964E-05 9.9964E-05
0.0671521 9.9973E-05 0.0460255 0.0492391 0.00575242 0.669335 9.9973E-05 0.142239 0.0199573 9.9973E-05
0.0180662 9.9964E-05 0.0436505 0.00610303 9.9964E-05 0.663287 9.9964E-05 0.244275 9.9964E-05 0.0242183
0.0388366 0.0515808 0.0521183 0.00565989 9.9964E-05 9.9964E-05 0.0189645 0.83244 9.9964E-05 9.9964E-05
9.99201E-05 9.99201E-05 9.99201E-05 9.99201E-05 9.99201E-05 9.99201E-05 9.99201E-05 0.999101 9.99201E-05 9.99201E-05
9.9946E-05 9.9946E-05 9.9946E-05 0.00919223 9.9946E-05 0.0305047 9.9946E-05 0.944977 0.0147261 9.9946E-05
9.99549E-05 9.99549E-05 9.99549E-05 0.038401 0.0639918 0.710299 0.0530467 0.133761 9.99549E-05 9.99549E-05
0.0459878 9.99279E-05 9.99279E-05 9.99279E-05 9.99279E-05 9.99279E-05 9.99279E-05 0.953213 9.99279E-05 9.99279E-05
9.99459E-05 9.99459E-05 9.99459E-05 0.0513173 9.99459E-05 0.0621372 9.99459E-05 0.865431 0.0205144 9.99459E-05
0.121242 0.013687 0.00373388 9.9964E-05 9.9964E-05 9.9964E-05 0.0561257 0.0596489 0.745163 9.9964E-05
0.558342 0.0444149 9.9955E-05 0.0417111 9.9955E-05 0.0286687 9.9955E-05 9.9955E-05 0.326364 9.9955E-05
0.135425 9.9973E-05 0.0310579 9.9973E-05 0.0113525 0.0291074 9.9973E-05 0.0737323 0.688328 0.0306968
0.153658 9.9955E-05 0.0777409 9.9955E-05 9.9955E-05 0.00236367 9.9955E-05 0.0443788 0.721359 9.9955E-05
0.314977 0.0211452 0.0765584 9.9982E-05 0.0313416 0.0207072 9.9982E-05 0.124257 0.409548 0.0012656
0.570547 9.9964E-05 0.00137245 9.9964E-05 9.9964E-05 0.0275566 9.9964E-05 0.0770931 0.301481 0.0215499
0.331231 0.132567 0.0951305 9.9964E-05 9.9964E-05 0.0105392 0.0628434 9.9964E-05 0.367289 9.9964E-05
0.220945 9.9973E-05 0.0709408 9.9973E-05 0.00433796 0.10482 0.021363 0.0195582 0.557735 9.9973E-05
9.9955E-05 0.0531959 9.9955E-05 0.0322288 9.9955E-05 0.0166854 9.9955E-05 0.0653954 0.831995 9.9955E-05
0.293103 0.0384743 0.0673413 0.0317399 9.9982E-05 0.037028 0.123151 9.9982E-05 0.406302 0.00266004
0.363944 0.063962 0.0110265 0.0186895 0.149668 9.9991E-05 0.00836198 0.0320801 0.311296 0.0408729
0.579038 0.0783715 9.9982E-05 0.0171899 9.9982E-05 0.00610579 0.0104077 0.0208135 0.264483 0.0233903
0.15725 9.9964E-05 0.0699865 9.9964E-05 9.9964E-05 9.9964E-05 0.0300888 0.0694299 0.648288 0.0245568
0.532806 0.0366591 0.0309823 9.9982E-05 0.0711433 9.9982E-05 0.00873039 0.0871922 0.20745 0.0248373
0.447048 0.0174885 0.0304794 9.9955E-05 9.9955E-05 9.9955E-05 9.9955E-05 0.0568638 0.447621 9.9955E-05
0.0118687 0.00845837 0.0981741 9.9955E-05 9.9955E-05 9.9955E-05 9.9955E-05 0.0274453 0.853554 9.9955E-05
0.0882198 9.9955E-05 0.117207 9.9955E-05 0.0301394 9.9955E-05 9.9955E-05 0.0557925 0.708141 9.9955E-05
0.101039 0.0517333 0.0115837 9.9955E-05 9.9955E-05 9.9955E-05 9.9955E-05 0.0549535 0.780191 9.9955E-05
0.122828 9.9937E-05 0.0540797 9.9937E-05 9.9937E-05 0.822393 9.9937E-05 9.9937E-05 9.9937E-05 9.9937E-05
0.144509 9.9937E-05 0.019378 9.9937E-05 9.9937E-05 0.835414 9.9937E-05 9.9937E-05 9.9937E-05 9.9937E-05
0.0887792 9.9964E-05 0.0868254 9.9964E-05 0.00963237 0.767056 0.0237823 9.9964E-05 9.9964E-05 0.0235245
0.109382 9.9964E-05 0.1151 9.9964E-05 0.0285444 0.693663 0.00695947 0.045951 9.9964E-05 9.9964E-05
0.512629 0.160922 9.9973E-05 0.0330159 9.9973E-05 0.00998022 0.15679 9.9973E-05 0.0595434 0.0668185
0.467254 9.9964E-05 0.047158 9.9964E-05 9.9964E-05 0.072474 0.302236 0.0848287 0.025649 9.9964E-05
0.49998 9.9946E-05 0.0286427 9.9946E-05 9.9946E-05 9.9946E-05 0.457192 0.0135853 9.9946E-05 9.9946E-05
9.9964E-05 0.0365294 0.0650073 0.214444 9.9964E-05 0.0941341 0.0549259 9.9964E-05 0.53456 9.9964E-05
0.236668 9.9982E-05 0.0724922 0.0801286 0.000173505 0.0116002 0.527633 0.0168169 9.9982E-05 0.0542873
0.462096 0.00168889 9.9982E-05 9.9982E-05 0.0203634 0.014193 0.185474 0.0585925 0.175712 0.0816792
0.690405 0.0356568 9.9964E-05 9.9964E-05 0.031576 0.0211803 0.160712 0.06007 9.9964E-05 9.9964E-05
0.534234 0.303679 0.0550763 0.0219839 9.9973E-05 0.0660888 0.0182566 0.00038123 9.9973E-05 9.9973E-05
0.572925 0.124805 0.00845759 0.00255065 9.9973E-05 0.105042 0.185247 0.000672162 9.9973E-05 9.9973E-05
0.0684673 9.9955E-05 9.9955E-05 0.0543425 0.0964521 9.9955E-05 0.669396 9.9955E-05 0.110842 9.9955E-05
0.559411 0.257776 0.0407702 0.0554277 0.0331099 9.9973E-05 9.9973E-05 0.0471608 0.00604503 9.9973E-05
0.494643 9.9991E-05 0.0407565 0.0155587 0.0324997 0.0615232 0.282358 0.0368276 0.0227905 0.0129424
0.504218 0.0994147 0.030728 9.9991E-05 0.0510259 0.0770168 0.129267 0.0661216 0.00234366 0.0397646
0.280218 9.9937E-05 9.9937E-05 9.9937E-05 9.9937E-05 9.9937E-05 0.675756 0.0433273 9.9937E-05 9.9937E-05
0.646918 0.0744579 9.9973E-05 0.00214091 0.0428118 0.0141321 0.190222 0.0290176 9.9973E-05 9.9973E-05
0.534743 9.9964E-05 9.9964E-05 0.036258 0.0022126 0.146198 0.124935 9.9964E-05 9.9964E-05 0.155253
9.9955E-05 0.10216 9.9955E-05 0.0108833 0.163219 0.0229438 0.700294 9.9955E-05 9.9955E-05 9.9955E-05
0.118027 0.0523353 9.9982E-05 0.180164 0.00925285 9.9982E-05 0.202653 0.0229953 0.33338 0.0809931
9.9964E-05 0.207511 9.9964E-05 9.9964E-05 0.104225 9.9964E-05 0.118482 0.0468627 0.390506 0.132013
0.598958 0.0415792 0.0111133 0.104562 0.0285573 0.00863056 0.00931982 9.9982E-05 0.197081 9.9982E-05
0.497978 0.202448 0.0605874 0.0230746 9.9982E-05 0.0877344 9.9982E-05 0.0133945 0.0816873 0.0328964
0.530801 0.03517 0.0289367 0.0152908 0.00700286 0.0671997 0.019776 0.0763339 0.164141 0.0553481
0.0912826 0.032866 9.9991E-05 0.161903 0.0127376 0.0792104 0.238178 0.0337382 0.20266 0.147324
0.457726 0.0151657 9.9973E-05 0.158966 0.0822959 9.9973E-05 0.0830009 9.9973E-05 0.177157 0.0253896
0.486964 0.0786208 0.0157563 0.0810589 0.0630973 0.0681621 9.9973E-05 9.9973E-05 0.20604 9.9973E-05
0.327476 0.101828 0.00378127 0.0272966 0.0454041 0.0805816 0.160326 0.0340651 0.19378 0.0254622
9.9973E-05 0.139676 0.0115624 9.9973E-05 0.0529528 0.145843 0.0702146 0.0688423 0.510609 9.9973E-05
0.55262 9.9964E-05 9.9964E-05 0.137615 0.169426 9.9964E-05 0.0609739 9.9964E-05 0.0252257 0.0537391
0.349221 9.9973E-05 9.9973E-05 0.0434311 0.0868635 0.00216446 9.9973E-05 0.0804665 0.378984 0.0585693
9.9955E-05 0.0917589 9.9955E-05 0.125681 9.9955E-05 9.9955E-05 0.053607 0.0608401 0.667613 9.9955E-05
0.369853 9.9964E-05 9.9964E-05 0.0350842 0.0768544 9.9964E-05 0.0203315 9.9964E-05 0.377905 0.119571
0.668909 0.0238583 9.9964E-05 9.9964E-05 0.0412475 0.0233769 9.9964E-05 9.9964E-05 0.133949 0.108259
0.560467 0.0623302 9.9991E-05 0.0375067 0.0254198 0.0319839 0.0129041 0.107755 0.142822 0.0187108
0.15864 9.9991E-05 0.0888755 0.0303583 0.0302793 0.0332501 0.168104 0.0628664 0.388969 0.038557
0.312978 9.9964E-05 0.0759171 9.9964E-05 0.0959987 9.9964E-05 0.0883238 9.9964E-05 0.359197 0.0671862
0.545991 0.00174966 0.0338484 0.149689 9.9982E-05 0.0946049 0.013015 9.9982E-05 0.103143 0.0577594
0.0979932 0.107463 9.9973E-05 0.0522214 9.9973E-05 0.0435754 0.0782072 9.9973E-05 0.494825 0.125414
0.473307 9.9955E-05 9.9955E-05 0.014813 0.0421982 9.9955E-05 0.401744 9.9955E-05 0.0674375 9.9955E-05
0.192385 9.9946E-05 9.9946E-05 9.9946E-05 9.9946E-05 0.0280353 0.630581 9.9946E-05 0.148398 9.9946E-05
0.523641 9.9973E-05 9.9973E-05 0.056052 9.9973E-05 0.08315 0.22225 0.0508916 0.0344198 0.0292956
9.9937E-05 0.160407 9.9937E-05 9.9937E-05 0.0482759 9.9937E-05 0.790617 9.9937E-05 9.9937E-05 9.9937E-05
9.9946E-05 0.105767 9.9946E-05 9.9946E-05 9.9946E-05 9.9946E-05 0.717 9.9946E-05 0.06433 0.112303
0.226516 9.9955E-05 0.0324279 9.9955E-05 0.0183566 9.9955E-05 0.703238 9.9955E-05 0.0189623 9.9955E-05
0.485157 0.0311441 9.9964E-05 0.0130965 9.9964E-05 9.9964E-05 0.391258 9.9964E-05 0.0465378 0.0324073
0.554813 0.018269 9.9973E-05 9.9973E-05 0.123367 0.107302 0.0549187 0.0534362 0.0875938 9.9973E-05
0.413972 9.9946E-05 9.9946E-05 0.0196834 0.0459453 9.9946E-05 0.5198 9.9946E-05 9.9946E-05 9.9946E-05
0.18636 9.9973E-05 0.0326208 0.0890002 9.9973E-05 0.00886377 0.55135 0.0409994 0.0905053 9.9973E-05
0.204898 9.9964E-05 9.9964E-05 0.184815 9.9964E-05 0.0225581 0.44901 0.0305835 0.107736 9.9964E-05
0.515329 9.9973E-05 0.00888011 0.0478541 0.046543 9.9973E-05 0.21449 0.0839242 9.9973E-05 0.0826792
0.244442 9.9964E-05 0.025588 9.9964E-05 9.9964E-05 0.0850136 0.518507 0.0303509 0.0956994 9.9964E-05
0.460412 0.016981 9.9964E-05 0.0413707 9.9964E-05 0.0377125 0.349515 9.9964E-05 0.0936097 9.9964E-05
0.333515 0.0969035 9.9955E-05 9.9955E-05 9.9955E-05 9.9955E-05 0.532603 0.0228377 9.9955E-05 0.0136406
9.9955E-05 0.135293 9.9955E-05 0.0415528 0.0644833 9.9955E-05 0.64323 9.9955E-05 9.9955E-05 0.114941
0.616146 0.00821416 9.9964E-05 0.0626756 0.0430378 9.9964E-05 0.241382 9.9964E-05 9.9964E-05 0.028144
0.0984947 9.9955E-05 0.0361509 9.9955E-05 9.9955E-05 0.593043 9.9955E-05 0.206564 0.0652472 9.9955E-05
0.0879547 9.99371E-05 9.99371E-05 9.99371E-05 9.99371E-05 0.878555 9.99371E-05 0.0327904 9.99371E-05 9.99371E-05
0.112916 9.9946E-05 0.0218375 9.9946E-05 0.00481656 0.85983 9.9946E-05 9.9946E-05 9.9946E-05 9.9946E-05
9.9937E-05 9.9937E-05 9.9937E-05 9.9937E-05 0.115809 0.857488 0.0260034 9.9937E-05 9.9937E-05 9.9937E-05
0.0332093 9.9955E-05 9.9955E-05 9.9955E-05 0.055524 0.793358 0.0320013 0.0854081 9.9955E-05 9.9955E-05
0.041729 9.9973E-05 0.0140908 9.9973E-05 0.0649673 0.815395 0.00976786 0.0335026 9.9973E-05 0.0202472
0.0127757 0.0427192 0.014135 9.9955E-05 9.9955E-05 0.839635 9.9955E-05 0.0902353 9.9955E-05 9.9955E-05
0.452653 0.0206487 0.0261729 9.9973E-05 0.0762725 0.0428056 0.239823 9.9973E-05 0.141324 9.9973E-05
0.476226 9.9964E-05 0.0984984 9.9964E-05 9.9964E-05 0.130793 0.120164 0.0014262 0.172493 9.9964E-05
0.0238881 9.9973E-05 9.9973E-05 0.0202882 0.0130986 0.0243066 0.757762 9.9973E-05 0.117127 0.0432303
0.508669 0.0440767 0.0299832 0.0604174 0.0278339 0.0843693 0.105063 9.9991E-05 0.0709588 0.068528
0.416898 0.020186 0.000602257 0.0419435 9.9982E-05 0.00593018 0.334325 0.0713813 0.108534 9.9982E-05
0.600507 9.9973E-05 0.014874 9.9973E-05 9.9973E-05 0.038651 0.262281 0.0282027 0.0192175 0.0359665
0.501329 0.00547846 0.0255415 9.9973E-05 9.9973E-05 0.033834 0.34041 9.9973E-05 0.0187123 0.0743947
0.481803 0.0294017 9.9955E-05 9.9955E-05 9.9955E-05 0.00143232 0.416337 0.0705262 9.9955E-05 9.9955E-05
9.9964E-05 9.9964E-05 9.9964E-05 0.0549397 9.9964E-05 0.0312558 0.707055 0.0370451 0.163918 0.00538691
0.491398 0.0458638 0.00341656 9.9991E-05 0.0836128 0.0820313 0.136134 0.0164751 0.108186 0.0327831
0.646619 0.0227378 0.00666947 9.9982E-05 0.106326 9.9982E-05 0.107189 0.00405934 0.0670862 0.0391124
0.467594 0.000226523 0.0801434 0.0488488 9.9973E-05 9.9973E-05 0.166553 0.134464 9.9973E-05 0.10187
0.238872 0.0911849 9.9964E-05 9.9964E-05 0.0475763 0.0173413 0.600708 9.9964E-05 9.9964E-05 0.00391774
0.516047 9.9955E-05 9.9955E-05 9.9955E-05 9.9955E-05 0.00752942 0.336306 0.0342145 9.9955E-05 0.105404
0.38897 9.9964E-05 0.0255834 0.00900944 9.9964E-05 9.9964E-05 0.440662 0.00203214 0.133344 9.9964E-05
0.2566 9.9955E-05 0.0970923 9.9955E-05 9.9955E-05 9.9955E-05 0.606606 0.0275607 9.9955E-05 0.0116408
0.436899 9.9964E-05 0.000535094 0.0700775 9.9964E-05 0.0584967 0.417185 0.0164072 9.9964E-05 9.9964E-05
0.557201 9.9964E-05 9.9964E-05 0.088124 0.00128197 0.11994 0.122694 9.9964E-05 0.110359 9.9964E-05
0.123435 9.9964E-05 9.9964E-05 0.132218 0.166283 9.9964E-05 0.0419202 9.9964E-05 0.398571 0.137173
0.395208 0.0252162 0.045184 0.23291 0.0331866 0.0749486 9.9982E-05 0.00766999 0.185477 9.9982E-05
0.518538 0.0259531 0.014829 0.081352 0.0189595 0.147976 9.9982E-05 9.9982E-05 0.16031 0.0318815
0.476518 9.9982E-05 0.0485561 0.0232765 9.9982E-05 0.135927 0.164679 0.00552861 0.0950269 0.0502879
0.443685 9.9964E-05 9.9964E-05 0.056745 9.9964E-05 0.0376409 9.9964E-05 0.0348414 0.382522 0.0441658
0.570392 0.0167968 9.9955E-05 0.141517 9.9955E-05 9.9955E-05 9.9955E-05 0.0164753 0.254319 9.9955E-05
0.456737 9.9955E-05 9.9955E-05 0.205494 9.9955E-05 9.9955E-05 0.00581613 9.9955E-05 0.275156 0.0562966
0.471246 9.9973E-05 9.9973E-05 0.0689928 0.0648645 0.0335829 0.0793756 9.9973E-05 0.228434 0.0532042
0.478139 9.9973E-05 9.9973E-05 0.0928929 0.125775 0.0209708 0.0993301 9.9973E-05 0.164266 0.0183261
0.587578 0.0275294 9.9973E-05 0.124766 0.0419601 0.038194 9.9973E-05 9.9973E-05 0.157661 0.0220112
0.462355 0.0129539 9.9973E-05 0.235109 0.0424238 0.0215421 0.0317653 9.9973E-05 0.193551 9.9973E-05
0.574345 0.117284 0.105528 0.141375 9.9964E-05 0.0305882 0.03048 9.9964E-05 9.9964E-05 9.9964E-05
0.555495 9.9982E-05 0.015393 0.0750151 0.130714 0.0229928 0.108004 0.012372 9.9982E-05 0.0798138
0.492936 9.9964E-05 0.0419352 0.126184 9.9964E-05 9.9964E-05 0.0797479 9.9964E-05 0.167189 0.0916077
0.587438 9.9946E-05 9.9946E-05 0.178607 0.167772 9.9946E-05 9.9946E-05 9.9946E-05 9.9946E-05 0.0655841
0.589097 9.9982E-05 0.000321449 0.0832107 0.0189512 9.9982E-05 0.0383615 0.0550956 0.117419 0.0973441
0.277709 0.0766854 9.9973E-05 0.115822 0.0892729 0.104255 9.9973E-05 9.9973E-05 0.274653 0.0613031
0.553688 9.9973E-05 0.0806929 0.0657025 0.0286296 9.9973E-05 9.9973E-05 0.0337391 0.152106 0.0851411
0.594837 9.9964E-05 0.0103336 0.155094 0.0966115 9.9964E-05 9.9964E-05 9.9964E-05 0.0993486 0.0433752
0.138731 0.0146871 0.0548707 0.148475 0.0617771 9.9991E-05 0.148537 0.0241487 0.379337 0.0293367
0.0384395 0.0739872 0.0319776 0.111305 0.17789 9.9982E-05 0.055948 9.9982E-05 0.258548 0.251704
0.442614 0.137932 0.0331339 0.112354 0.0446876 0.0443211 0.0110052 9.9982E-05 0.173752 9.9982E-05
0.0789812 0.00581899 9.9973E-05 0.209506 0.126123 9.9973E-05 0.185024 9.9973E-05 0.139997 0.25425
0.170183 0.0281494 9.9973E-05 0.0789947 9.9973E-05 0.06837 0.0456007 9.9973E-05 0.532173 0.0762293
0.353656 9.9973E-05 9.9973E-05 0.169324 0.0190257 9.9973E-05 0.16742 0.0250029 0.213043 0.0522283
0.238549 9.9955E-05 9.9955E-05 0.176107 9.9955E-05 0.022762 0.111165 9.9955E-05 0.450917 9.9955E-05
0.162774 0.0481098 0.0853701 0.180485 9.9982E-05 0.0060434 0.0223704 9.9982E-05 0.413369 0.0812784
0.574875 0.0457847 9.9973E-05 0.058552 9.9973E-05 0.113438 0.0773996 9.9973E-05 0.123535 0.0061147
0.488448 0.0592496 0.0118457 0.0297503 9.9973E-05 0.153248 9.9973E-05 9.9973E-05 0.244214 0.0129446
0.464958 0.010394 0.0607811 0.107139 9.9991E-05 0.0290894 0.0814631 0.0224795 0.174927 0.0486692
0.122636 0.0453036 9.9973E-05 0.132349 0.192112 9.9973E-05 0.0752278 9.9973E-05 0.317495 0.114577
0.569957 0.0521833 9.9973E-05 0.0257851 9.9973E-05 0.188049 0.0180072 0.0388523 9.9973E-05 0.106866
0.402245 0.259143 0.0462855 0.0129415 0.0656104 0.0229401 0.102276 0.0430764 0.045382 9.9991E-05
9.9973E-05 0.368338 9.9973E-05 0.0397566 0.111666 0.112087 0.102447 9.9973E-05 0.137931 0.127475
0.661097 0.0419452 9.9973E-05 9.9973E-05 9.9973E-05 0.0737258 0.0218807 0.0158803 0.129278 0.0558931
0.374993 0.131302 9.9982E-05 0.0200103 0.137664 0.0799639 0.12872 9.9982E-05 0.00109774 0.126048
0.513619 0.0745287 9.9991E-05 0.112621 0.173463 0.00407129 0.042354 0.0195978 0.0310779 0.0285679
0.199001 0.176522 9.9982E-05 0.040316 0.297029 9.9982E-05 0.198916 0.0136105 0.0564475 0.0179581
0.0901484 0.368882 9.9991E-05 0.0116926 0.0819519 0.0352807 0.051126 0.0266886 0.197767 0.136362
0.402652 0.220784 9.9982E-05 0.0489043 0.0195409 9.9982E-05 0.0213487 0.0351787 0.104889 0.146502
0.430331 0.140471 0.0556198 0.119898 0.0480321 0.0538528 0.0803742 0.0215203 9.9991E-05 0.0498005
0.432437 0.120458 0.0719026 0.0330805 0.0313953 0.0367713 0.0617992 0.0247844 0.132365 0.0550069
9.9973E-05 0.198373 0.112397 9.9973E-05 0.1408 9.9973E-05 0.169274 0.0164365 0.205173 0.157247
0.470466 0.0402544 0.0595115 9.9991E-05 0.0877354 0.0174608 0.130153 0.00154701 0.154681 0.0380911
0.292361 0.394098 9.9946E-05 9.9946E-05 9.9946E-05 9.9946E-05 0.154615 9.9946E-05 0.158326 9.9946E-05
0.399397 0.258689 0.0188932 0.0275315 0.0356372 9.9982E-05 0.0653627 9.9982E-05 0.121289 0.0730002
0.580124 0.0589628 0.0710711 9.9973E-05 9.9973E-05 0.078712 0.110155 0.0534088 9.9973E-05 0.047266
0.131555 0.173395 0.24509 9.9973E-05 0.133186 0.218079 9.9973E-05 0.0800865 0.0183078 9.9973E-05
9.9955E-05 0.0970296 0.0811965 9.9955E-05 0.400876 0.249919 9.9955E-05 0.17048 9.9955E-05 9.9955E-05
9.9964E-05 0.104192 0.0578119 9.9964E-05 0.48006 0.211475 9.9964E-05 0.0841564 9.9964E-05 0.0619046
0.0962121 0.0429787 0.28982 0.0113402 0.239186 0.253759 9.9973E-05 0.0664041 9.9973E-05 9.9973E-05
0.576397 0.371405 0.0330753 9.9946E-05 9.9946E-05 9.9946E-05 9.9946E-05 9.9946E-05 9.9946E-05 0.0185226
0.539134 0.122943 0.0369481 0.113989 9.9973E-05 0.0569103 0.0974714 9.9973E-05 9.9973E-05 0.0323034
0.315777 9.9937E-05 0.626548 9.9937E-05 9.9937E-05 9.9937E-05 9.9937E-05 9.9937E-05 0.0569762 9.9937E-05
0.301566 9.9982E-05 0.429555 0.0920112 0.0445682 0.0125894 0.0508409 9.9982E-05 0.0493414 0.0193274
0.237696 0.188298 0.450969 9.9964E-05 9.9964E-05 9.9964E-05 9.9964E-05 0.0412146 0.0680885 0.0133339
0.257733 0.461826 9.9964E-05 9.9964E-05 9.9964E-05 9.9964E-05 0.0553737 0.0273721 0.0153639 0.181931
0.469733 0.101057 0.0622522 0.0059225 9.9982E-05 0.0150113 0.125107 0.0693284 0.151389 9.9982E-05
0.0629406 0.507974 0.0132502 9.9973E-05 0.0434998 9.9973E-05 0.0772634 9.9973E-05 0.105283 0.189488
0.562787 0.210732 9.9955E-05 9.9955E-05 0.0856645 9.9955E-05 0.0267141 9.9955E-05 9.9955E-05 0.113602
0.396176 0.164784 0.0432112 9.9982E-05 0.0231857 9.9982E-05 0.0759448 0.041378 0.113352 0.141769
0.464265 0.265244 0.0708887 0.0125181 9.9973E-05 9.9973E-05 9.9973E-05 0.117527 0.0102878 0.0589701
0.180207 0.540924 9.9973E-05 9.9973E-05 0.0399232 9.9973E-05 0.0147688 0.00457079 0.106812 0.112493
0.488469 0.0657396 0.133075 9.9982E-05 0.0931662 9.9982E-05 0.110893 0.0146036 0.0800566 0.0137974
0.495555 0.153465 0.0275584 0.00907661 9.9982E-05 0.053279 0.0551371 0.0678611 0.137868 9.9982E-05
0.0110219 0.0370808 0.944192 9.9946E-05 9.9946E-05 9.9946E-05 9.9946E-05 9.9946E-05 9.9946E-05 0.00710604
0.053499 0.000644226 0.890925 9.9946E-05 9.9946E-05 9.9946E-05 9.9946E-05 9.9946E-05 0.054332 9.9946E-05
0.246283 0.0274708 0.602361 0.0301898 9.9991E-05 0.0103225 0.0186468 0.0350586 0.000677866 0.02889
0.284802 9.9973E-05 0.631201 0.00435061 9.9973E-05 0.00429317 0.0113812 0.0183934 9.9973E-05 0.0452792
0.112549 0.0407918 0.822104 9.9964E-05 0.00505632 9.9964E-05 0.0121412 0.00695796 9.9964E-05 9.9964E-05
9.99201E-05 9.99201E-05 0.999101 9.99201E-05 9.99201E-05 9.99201E-05 9.99201E-05 9.99201E-05 9.99201E-05 9.99201E-05
9.9946E-05 9.9946E-05 0.913955 9.9946E-05 9.9946E-05 9.9946E-05 9.9946E-05 0.033021 0.00928121 0.0431429
0.151063 9.9937E-05 0.838864 9.9937E-05 9.9937E-05 9.9937E-05 9.9937E-05 9.9937E-05 9.9937E-05 0.00937313
9.9937E-05 9.9937E-05 0.966253 0.00285861 9.9937E-05 9.9937E-05 9.9937E-05 9.9937E-05 0.0301885 9.9937E-05
9.99201E-05 9.99201E-05 0.999101 9.99201E-05 9.99201E-05 9.99201E-05 9.99201E-05 9.99201E-05 9.99201E-05 9.99201E-05
9.99201E-05 9.99201E-05 0.999101 9.99201E-05 9.99201E-05 9.99201E-05 9.99201E-05 9.99201E-05 9.99201E-05 9.99201E-05
0.135398 0.0338427 0.768601 9.9955E-05 9.9955E-05 0.0579054 9.9955E-05 9.9955E-05 0.00375393 9.9955E-05
0.0834396 9.9964E-05 0.777652 0.0535271 0.0651356 0.015882 9.9964E-05 0.00396396 9.9964E-05 9.9964E-05
9.9946E-05 9.9946E-05 0.96296 0.0062818 9.9946E-05 9.9946E-05 0.0254309 9.9946E-05 0.00472728 9.9946E-05
0.36761 0.0310573 0.357005 9.9973E-05 9.9973E-05 0.0658589 0.116592 9.9973E-05 0.0511357 0.0104408
0.177294 0.00520297 0.661411 0.0260818 9.9973E-05 0.0152125 0.0496346 9.9973E-05 0.0648634 9.9973E-05
0.160353 9.9946E-05 0.749705 9.9946E-05 0.058021 9.9946E-05 9.9946E-05 0.0313211 9.9946E-05 9.9946E-05
0.111714 9.9955E-05 0.824977 9.9955E-05 9.9955E-05 0.0464519 9.9955E-05 0.00730376 0.00905343 9.9955E-05
0.0208403 9.9928E-05 0.97836 9.9928E-05 9.9928E-05 9.9928E-05 9.9928E-05 9.9928E-05 9.9928E-05 9.9928E-05
0.0161443 9.9955E-05 0.915937 9.9955E-05 0.00415498 0.015489 9.9955E-05 0.0477746 9.9955E-05 9.9955E-05
9.9928E-05 9.9928E-05 0.982023 9.9928E-05 9.9928E-05 9.9928E-05 9.9928E-05 0.0171776 9.9928E-05 9.9928E-05
0.179791 9.9964E-05 0.659767 0.0601375 9.9964E-05 0.0377662 0.0530861 9.9964E-05 0.00905314 9.9964E-05
9.9946E-05 9.9946E-05 0.917074 9.9946E-05 9.9946E-05 9.9946E-05 9.9946E-05 0.00851783 0.0599745 0.0138344
9.9955E-05 0.494479 0.0193424 9.9955E-05 0.194768 0.225938 9.9955E-05 0.0649739 9.9955E-05 9.9955E-05
0.377554 0.104254 0.0215028 0.146092 0.0915456 0.161462 9.9973E-05 9.9973E-05 0.0972881 9.9973E-05
0.341969 0.200043 0.051158 9.9964E-05 9.9964E-05 0.140439 0.0941043 0.171887 9.9964E-05 9.9964E-05
0.162095 0.393893 0.0378512 9.9973E-05 0.222658 0.0947362 9.9973E-05 0.0678032 9.9973E-05 0.0206641
0.41848 0.199967 0.0575824 0.00735518 0.0468978 0.00533776 0.0602702 0.176261 0.00348657 0.024362
0.147691 0.312629 0.00625823 9.9982E-05 0.186335 0.134677 0.0285982 0.11599 0.0676218 9.9982E-05
0.438654 0.119696 0.0549213 9.9982E-05 0.0124048 0.0482409 0.099068 0.15578 0.0710339 9.9982E-05
0.23665 0.334893 0.163128 9.9982E-05 0.0587504 0.0204818 0.037777 0.124243 9.9982E-05 0.0238765
0.368146 0.22052 0.12543 0.00244986 0.0449482 0.0636858 0.0538084 0.111373 0.00953803 9.9991E-05
0.284889 0.341515 0.185835 9.9964E-05 0.104754 0.0352607 9.9964E-05 0.0473466 9.9964E-05 9.9964E-05
0.383913 0.250505 0.0420468 9.9964E-05 9.9964E-05 0.126995 9.9964E-05 0.0638636 0.132277 9.9964E-05
0.0619102 0.0429925 9.9964E-05 0.0551766 0.0305168 0.807602 0.00140247 9.9964E-05 9.9964E-05 9.9964E-05
9.9955E-05 0.0111296 0.0468927 9.9955E-05 9.9955E-05 0.905534 9.9955E-05 0.00639334 9.9955E-05 0.0295505
9.9937E-05 9.9937E-05 9.9937E-05 0.0421058 0.0518101 0.905385 9.9937E-05 9.9937E-05 9.9937E-05 9.9937E-05
0.0493781 0.00164034 0.000168687 0.0207151 9.9964E-05 0.894665 9.9964E-05 0.0330325 9.9964E-05 9.9964E-05
0.0361953 9.9946E-05 9.9946E-05 9.9946E-05 0.0409584 0.883121 9.9946E-05 9.9946E-05 0.0391255 9.9946E-05
9.9946E-05 9.9946E-05 0.0580783 9.9946E-05 0.0317294 0.850809 9.9946E-05 0.0587839 9.9946E-05 9.9946E-05
9.9946E-05 9.9946E-05 0.100941 0.0198113 9.9946E-05 0.722638 9.9946E-05 0.15601 9.9946E-05 9.9946E-05
0.0175643 0.0162298 9.9973E-05 0.00480287 0.0816343 0.757826 9.9973E-05 0.0990946 9.9973E-05 0.0225478
0.054114 9.9964E-05 9.9964E-05 9.9964E-05 0.0176806 0.828596 0.00226021 0.0766945 0.0202546 9.9964E-05
9.9946E-05 9.9946E-05 0.0744381 9.9946E-05 0.0905309 0.834049 9.9946E-05 0.000381868 9.9946E-05 9.9946E-05
9.9964E-05 9.9964E-05 9.9964E-05 0.0926479 9.9964E-05 0.552446 0.047906 0.0508521 0.241058 0.0146901
9.9964E-05 9.9964E-05 9.9964E-05 0.181456 0.06688 0.492412 0.0173196 0.0749736 0.166559 9.9964E-05
9.9955E-05 0.0284313 9.9955E-05 0.100282 0.0552971 0.525256 9.9955E-05 9.9955E-05 0.290233 9.9955E-05
9.9973E-05 0.0712929 9.9973E-05 0.102405 9.9973E-05 0.373187 0.0134472 0.142605 0.288126 0.00863726
0.45943 9.9982E-05 9.9982E-05 0.0141774 0.0113305 0.11789 0.20279 0.0265222 0.135448 0.0322123
0.498835 9.9973E-05 0.00945167 9.9973E-05 9.9973E-05 0.0953538 0.287097 0.00219099 0.0566078 0.0501633
0.549505 0.0676316 0.0429164 0.126175 9.9973E-05 9.9973E-05 0.0892579 9.9973E-05 0.111458 0.012757
0.303075 9.9964E-05 9.9964E-05 0.138059 0.0650515 9.9964E-05 0.190755 0.0361575 0.266502 9.9964E-05
0.0489644 0.0412505 0.0112242 0.271472 9.9973E-05 9.9973E-05 0.113362 9.9973E-05 0.503179 0.010248
0.648106 0.0255749 9.9973E-05 0.0643879 0.0368932 0.0316504 0.174541 0.0185469 9.9973E-05 9.9973E-05
0.520114 9.9973E-05 0.0277255 0.0274751 0.0186835 9.9973E-05 0.282262 9.9973E-05 0.0975966 0.0258429
0.538631 0.0263338 9.9973E-05 0.0730675 0.0323778 9.9973E-05 0.267724 9.9973E-05 0.0571907 0.00437499
0.309692 0.0800128 0.0747305 0.0123563 9.9973E-05 9.9973E-05 0.490185 9.9973E-05 0.0269401 0.0057833
0.651015 9.9973E-05 9.9973E-05 0.126857 0.0288818 0.0314579 0.110973 0.0155293 9.9973E-05 0.0349858
0.410982 9.9973E-05 9.9973E-05 0.0859507 9.9973E-05 0.00178374 0.329469 0.00411 0.146318 0.0210864
9.99371E-05 9.99371E-05 9.99371E-05 0.0465813 9.99371E-05 9.99371E-05 0.705044 9.99371E-05 9.99371E-05 0.247675
0.557586 0.010274 9.9982E-05 0.0656899 0.0347603 0.0273389 0.0526391 9.9982E-05 0.103448 0.148063
0.222987 0.0148378 9.9964E-05 9.9964E-05 0.0793001 9.9964E-05 0.486736 9.9964E-05 0.0105968 0.185142
0.550637 0.0091478 9.9955E-05 0.0473831 9.9955E-05 0.0172677 0.375064 9.9955E-05 9.9955E-05 9.9955E-05
0.0559924 9.9955E-05 9.9955E-05 0.0782674 9.9955E-05 0.0387183 0.629873 9.9955E-05 0.196649 9.9955E-05
0.00285231 0.0378749 9.9964E-05 0.808057 0.0508624 9.9964E-05 0.00726992 0.0926832 9.9964E-05 9.9964E-05
0.0615013 0.0778639 0.00999729 0.7679 9.9955E-05 9.9955E-05 9.9955E-05 0.0822376 9.9955E-05 9.9955E-05
9.9928E-05 9.9928E-05 9.9928E-05 0.890182 9.9928E-05 9.9928E-05 9.9928E-05 0.109018 9.9928E-05 9.9928E-05
9.9955E-05 0.0408701 9.9955E-05 0.852786 9.9955E-05 0.0384035 9.9955E-05 0.0459731 9.9955E-05 0.0214671
0.0530608 0.0627127 0.0242181 0.827458 9.9964E-05 9.9964E-05 9.9964E-05 0.025947 9.9964E-05 0.00620301
0.0842162 0.000588599 0.0219072 0.809045 9.9964E-05 9.9964E-05 9.9964E-05 0.0570729 9.9964E-05 0.0267706
0.0603473 9.9955E-05 0.054347 9.9955E-05 9.9955E-05 0.852866 0.0245801 0.00735974 9.9955E-05 9.9955E-05
0.0545015 9.9964E-05 0.0129011 0.0173835 9.9964E-05 0.783302 9.9964E-05 0.0420769 0.0894353 9.9964E-05
0.107062 9.9955E-05 0.0812991 9.9955E-05 0.0278136 0.738791 9.9955E-05 9.9955E-05 0.0445348 9.9955E-05
9.9964E-05 9.9964E-05 0.131382 0.00305483 0.0137916 0.742321 9.9964E-05 0.0298563 0.0791952 9.9964E-05
0.0443313 0.0197581 0.0691808 0.00477378 9.9973E-05 0.713385 9.9973E-05 0.105228 0.0430435 9.9973E-05
9.9964E-05 0.056162 9.9964E-05 0.43757 9.9964E-05 0.343572 0.0588212 0.0551912 0.048284 9.9964E-05
9.9964E-05 0.0529766 9.9964E-05 0.368399 9.9964E-05 0.325756 0.0568438 0.184484 9.9964E-05 0.0111411
9.9964E-05 9.9964E-05 9.9964E-05 0.426214 9.9964E-05 0.336574 0.041058 0.142504 0.00254686 0.0507037
0.147317 9.9946E-05 9.9946E-05 0.00224039 9.9946E-05 0.840894 9.9946E-05 9.9946E-05 0.00894842 9.9946E-05
9.9973E-05 9.9973E-05 0.00187131 0.451508 0.00409338 0.332488 0.0710802 0.0877307 9.9973E-05 0.0509284
0.316194 0.027466 0.277568 9.9964E-05 0.223529 0.137997 9.9964E-05 0.0168462 9.9964E-05 9.9964E-05
0.478719 0.0769024 0.216109 0.0544148 9.9973E-05 0.0488329 9.9973E-05 0.106655 0.0180669 9.9973E-05
0.511029 9.9955E-05 0.262669 9.9955E-05 0.0467946 0.142458 9.9955E-05 9.9955E-05 0.0365496 9.9955E-05
0.347091 0.0753479 0.215957 9.9982E-05 0.142584 0.0806534 0.000804724 0.103689 0.0336732 9.9982E-05
0.457084 0.135841 0.234247 0.0344464 0.0526941 0.0331756 9.9973E-05 0.0522121 9.9973E-05 9.9973E-05
9.9955E-05 0.0860061 0.254466 9.9955E-05 0.323991 0.253951 9.9955E-05 0.0810862 9.9955E-05 9.9955E-05
0.408039 9.9955E-05 9.9955E-05 0.204409 0.0442149 9.9955E-05 9.9955E-05 9.9955E-05 0.223009 0.119829
0.361771 0.00667519 9.9973E-05 0.167813 0.0954692 9.9973E-05 0.00921936 9.9973E-05 0.125513 0.23324
0.214831 9.9964E-05 9.9964E-05 0.145854 9.9964E-05 0.0810506 9.9964E-05 0.0122334 0.516546 0.0290855
0.49245 0.0187189 9.9973E-05 0.104877 0.00126405 9.9973E-05 0.00189121 9.9973E-05 0.139326 0.241172
9.9964E-05 0.0357584 9.9964E-05 0.0661633 0.171474 9.9964E-05 0.248806 9.9964E-05 0.122939 0.354459
0.464427 0.0350155 9.9973E-05 9.9973E-05 0.0576216 0.058282 0.0303862 9.9973E-05 0.307992 0.0459761
0.514158 0.127717 9.9964E-05 0.12647 0.0385223 9.9964E-05 9.9964E-05 9.9964E-05 0.106781 0.0859518
0.254767 9.9973E-05 9.9973E-05 0.0937074 0.0298441 0.0342084 0.0898502 9.9973E-05 0.457095 0.0402288
0.415995 0.0580919 0.0705203 0.0737538 9.9982E-05 9.9982E-05 0.100253 0.105868 0.171248 0.00407048
9.9964E-05 0.109353 9.9964E-05 0.00582918 0.171744 9.9964E-05 0.161143 9.9964E-05 0.421119 0.130412
0.412349 0.0176399 0.0124145 0.0649173 0.145645 9.9982E-05 0.169136 9.9982E-05 0.0545585 0.12314
0.486525 9.9964E-05 9.9964E-05 0.226934 0.106262 9.9964E-05 0.00480167 0.00401183 0.171066 9.9964E-05
0.359828 0.0602994 0.167709 0.023804 0.0582366 0.0152673 0.130735 0.103962 0.0800599 9.9991E-05
0.314774 0.0722173 9.9964E-05 0.0422387 0.046867 9.9964E-05 9.9964E-05 9.9964E-05 0.28911 0.234393
0.406548 9.9982E-05 0.00448232 0.0635122 0.00270362 0.0311196 0.13446 9.9982E-05 0.195723 0.161252
0.478615 0.13441 0.111528 9.9955E-05 9.9955E-05 9.9955E-05 9.9955E-05 9.9955E-05 0.195786 0.0791617
0.478252 0.0684186 9.9964E-05 0.150911 9.9964E-05 9.9964E-05 0.112783 0.0454006 0.143835 9.9964E-05
0.689464 9.9973E-05 0.0192207 0.0859012 0.0475443 9.9973E-05 0.0983377 9.9973E-05 0.0306174 0.0286149
0.424922 0.00796292 0.103288 0.0401269 9.9982E-05 0.0203421 0.108212 0.0667841 0.228162 9.9982E-05
0.473672 0.0308505 0.078137 0.0827526 0.0629773 9.9973E-05 0.0432563 9.9973E-05 0.228054 9.9973E-05
0.0688522 0.00852592 0.122261 9.9955E-05 9.9955E-05 0.784992 9.9955E-05 9.9955E-05 9.9955E-05 0.0148691
9.9946E-05 9.9946E-05 0.0555205 9.9946E-05 9.9946E-05 0.770444 9.9946E-05 0.0666055 9.9946E-05 0.10683
0.0382535 0.0846518 0.0333961 0.00972407 0.0135671 0.764022 0.0218959 0.0116975 0.0226917 9.9991E-05
9.9955E-05 9.9955E-05 0.0449926 0.0257952 9.9955E-05 0.807217 0.0884865 9.9955E-05 9.9955E-05 0.0330093
0.0941931 0.0748172 0.0251296 9.9946E-05 9.9946E-05 0.80526 9.9946E-05 9.9946E-05 9.9946E-05 9.9946E-05
0.100117 9.9973E-05 0.0159142 0.235682 0.0567108 0.00195064 0.0199461 9.9973E-05 0.569379 9.9973E-05
0.496681 9.9964E-05 0.0273245 0.0721723 0.106979 9.9964E-05 9.9964E-05 9.9964E-05 0.121909 0.174535
0.476371 0.119739 0.128767 0.0352219 0.0855085 0.0606196 9.9982E-05 0.0232397 9.9982E-05 0.0703334
0.601443 9.9973E-05 0.0636692 0.0862296 0.0477398 9.9973E-05 0.0796753 9.9973E-05 0.0786137 0.0423294
0.468395 9.9964E-05 9.9964E-05 0.152031 0.0130944 0.0330662 0.160479 9.9964E-05 0.172534 9.9964E-05
0.194703 0.0555658 0.0408684 0.165061 0.133791 9.9982E-05 0.0244546 9.9982E-05 0.20829 0.177066
9.9955E-05 9.9955E-05 9.9955E-05 0.234513 0.134311 0.114133 0.0931862 9.9955E-05 0.423357 9.9955E-05
0.534422 9.9973E-05 9.9973E-05 0.200063 0.0305083 9.9973E-05 0.0305621 0.0178355 0.119189 0.0671206
0.0595889 0.00588972 0.0884275 0.271848 9.9973E-05 0.0721662 9.9973E-05 9.9973E-05 0.378251 0.123528
0.429261 9.9982E-05 9.9982E-05 0.0963746 0.121821 0.0493783 0.197666 0.0158719 0.0457725 0.0436544
0.0164273 9.9982E-05 0.032073 0.251342 0.00248009 0.162908 0.0924577 9.9982E-05 0.389057 0.0530546
0.541713 9.9973E-05 0.0834597 0.12236 9.9973E-05 0.12935 0.051578 9.9973E-05 0.0584943 0.0127447
0.126344 9.9973E-05 0.00426475 0.14984 9.9973E-05 9.9973E-05 0.00837549 0.121207 0.555894 0.0337748
0.188343 0.147571 0.101985 0.160653 0.054668 9.9973E-05 9.9973E-05 9.9973E-05 0.264519 0.0819599
0.351817 0.211165 0.125706 0.11464 9.9991E-05 0.00137227 0.0663638 0.00974921 0.0926353 0.026452
0.211712 0.570107 9.9973E-05 0.0205042 0.0161976 0.0491349 9.9973E-05 9.9973E-05 0.0483289 0.0837153
0.4538 0.375257 9.9964E-05 0.03164 9.9964E-05 0.0306798 0.0327617 0.0754619 9.9964E-05 9.9964E-05
0.595864 0.166632 9.9973E-05 0.0593844 0.0511927 9.9973E-05 9.9973E-05 0.0977318 0.00367298 0.0252223
0.27062 0.557053 9.9964E-05 0.0254807 0.0304815 9.9964E-05 9.9964E-05 9.9964E-05 0.0452558 0.070709
0.427665 0.155301 0.116522 0.0594716 9.9973E-05 0.0230886 9.9973E-05 9.9973E-05 0.0674651 0.150187
0.510768 0.290508 9.9964E-05 0.0405732 9.9964E-05 0.0173574 0.0466859 9.9964E-05 9.9964E-05 0.0937076
0.00773354 0.718244 9.9964E-05 0.0505618 9.9964E-05 9.9964E-05 0.120055 9.9964E-05 0.0196104 0.0833952
0.17845 0.622815 9.9955E-05 9.9955E-05 0.11493 9.9955E-05 0.0409814 9.9955E-05 9.9955E-05 0.0423247
0.44531 0.303913 0.00842017 0.0997479 0.0130221 9.9964E-05 9.9964E-05 9.9964E-05 9.9964E-05 0.129187
0.0538833 0.577749 9.9973E-05 0.0273165 0.00361946 9.9973E-05 0.1796 9.9973E-05 0.0799861 0.0775455
0.378224 0.377083 9.9955E-05 9.9955E-05 0.0163662 9.9955E-05 0.0696506 9.9955E-05 0.158177 9.9955E-05
9.9955E-05 9.9955E-05 0.0587275 0.240104 9.9955E-05 0.0357382 0.132802 9.9955E-05 0.532128 9.9955E-05
0.219812 9.9964E-05 9.9964E-05 0.20867 0.0422698 9.9964E-05 0.0941828 9.9964E-05 0.207422 0.227243
0.21516 9.9973E-05 0.0951304 0.129544 9.9973E-05 0.0558199 0.113736 9.9973E-05 0.361116 0.0291934
0.602054 9.9973E-05 0.0143515 0.113302 0.0863598 0.0316194 9.9973E-05 0.0384332 0.11358 9.9973E-05
0.190956 9.9964E-05 9.9964E-05 0.175352 0.0184505 9.9964E-05 0.233946 9.9964E-05 0.371182 0.00971346
0.55026 0.0310933 0.0532501 0.110913 0.0974594 0.0335686 9.9991E-05 0.0277173 0.000673346 0.0949647
0.472072 9.9964E-05 0.0575003 0.183035 0.0864406 9.9964E-05 0.112427 9.9964E-05 0.0881258 9.9964E-05
0.383698 0.00903328 0.0253041 0.0844844 0.141199 9.9982E-05 0.0869694 9.9982E-05 0.193859 0.0752525
0.462671 9.9973E-05 0.046553 0.201924 9.9973E-05 0.0206506 0.0391323 9.9973E-05 0.197879 0.0308908
0.374903 9.9964E-05 0.0439272 0.19469 9.9964E-05 9.9964E-05 0.172674 0.0294732 0.183934 9.9964E-05
0.101255 9.9964E-05 0.0706933 0.266674 9.9964E-05 9.9964E-05 0.116761 9.9964E-05 0.419095 0.0251217
0.255292 9.9973E-05 0.130917 0.322464 0.0119583 9.9973E-05 0.0464948 9.9973E-05 0.163476 0.0690971
0.504556 0.0392209 0.0962971 0.154501 9.9973E-05 9.9973E-05 0.0672327 9.9973E-05 0.0788536 0.0590387
0.566055 9.9991E-05 0.0221624 0.0422975 0.095598 0.0124546 0.086493 0.0135486 0.155921 0.00536924
0.384816 0.0704335 9.9982E-05 0.13815 0.0692004 0.0497452 0.0494265 9.9982E-05 0.152013 0.086016
0.458908 9.9982E-05 0.052541 0.131529 0.0364167 9.9982E-05 0.00291797 0.0379578 0.0930645 0.186465
0.355346 0.0807377 9.9964E-05 0.21769 0.0509926 0.0482358 9.9964E-05 9.9964E-05 0.246598 9.9964E-05
0.586049 9.9964E-05 0.0204415 0.0303678 0.0526096 9.9964E-05 9.9964E-05 9.9964E-05 0.287485 0.0226476
0.502228 0.00809115 0.108931 0.0951304 0.0330553 9.9982E-05 9.9982E-05 0.00597496 0.205145 0.0412442
0.525586 0.107796 0.0975042 0.108488 9.9982E-05 0.0737299 0.000439444 9.9982E-05 0.0220988 0.0641578
0.443002 9.9973E-05 0.074024 9.9973E-05 0.0158559 0.283169 0.0596904 0.0468584 0.0771001 9.9973E-05
0.452335 9.9973E-05 0.165236 9.9973E-05 0.104727 0.113324 0.036901 0.0154397 9.9973E-05 0.111738
0.492108 0.012056 0.0907305 9.9991E-05 0.118891 0.0854895 0.144326 0.0360676 0.0184107 0.00182087
0.56714 9.9982E-05 0.0916733 0.0861509 0.0096012 0.0846122 0.0732564 9.9982E-05 0.0442529 0.0431136
0.403661 0.0217037 0.237869 9.9964E-05 0.0558283 0.183222 9.9964E-05 9.9964E-05 9.9964E-05 0.0973163
0.366286 0.147244 0.0195508 0.0102995 9.9964E-05 9.9964E-05 9.9964E-05 9.9964E-05 0.309048 0.147172
0.61241 9.9982E-05 0.00640166 0.0676475 0.0675279 0.136304 0.0205602 0.0346456 9.9982E-05 0.0543029
0.00126349 0.186417 0.0860002 9.9973E-05 0.408878 0.0981922 0.154525 9.9973E-05 0.0644234 9.9973E-05
0.423058 0.0623669 0.172675 9.9973E-05 0.0996219 0.0280926 9.9973E-05 0.0144199 0.199466 9.9973E-05
0.556635 9.9973E-05 0.12823 0.0803879 0.110336 0.0138413 0.0341285 9.9973E-05 9.9973E-05 0.0761412
0.415096 0.00417046 0.212686 0.00226209 9.9991E-05 0.054641 0.00751756 0.0119323 0.17676 0.114834
0.308235 0.0396893 0.0687864 0.0162556 0.228541 0.101523 0.0414783 0.052411 0.120083 0.0229987
0.540964 9.9964E-05 0.0305855 9.9964E-05 0.171629 0.17237 0.0808492 9.9964E-05 0.00320289 9.9964E-05
0.615897 0.00280239 0.071652 0.0140059 0.117492 0.106114 9.9982E-05 0.0202268 9.9982E-05 0.0516101
9.9964E-05 9.9964E-05 0.0934319 9.9964E-05 0.481786 0.317913 0.0542929 0.0349088 9.9964E-05 0.017268
0.62606 9.9964E-05 0.0409287 0.0115138 0.160971 0.114113 9.9964E-05 9.9964E-05 0.046013 9.9964E-05
0.522846 9.9982E-05 0.168804 0.0118703 0.0560121 0.0561224 9.9982E-05 0.0596692 0.0179411 0.106535
0.539288 0.0417674 0.0549414 0.0190857 0.0077485 0.175606 0.066917 9.9991E-05 0.0633614 0.0311845
0.573949 0.0649191 0.0927401 9.9955E-05 0.154768 0.113123 9.9955E-05 9.9955E-05 9.9955E-05 9.9955E-05
0.560929 0.0667301 0.0764633 0.0246936 9.9991E-05 0.17007 0.00764615 0.0538745 0.0338663 0.00562709
0.383709 9.9964E-05 0.003879 9.9964E-05 9.9964E-05 0.0815354 0.0365968 0.0255937 9.9964E-05 0.468286
0.49833 9.9982E-05 0.0340565 0.0297731 0.0278443 0.0385022 9.9982E-05 0.084896 0.0707417 0.215656
9.9946E-05 9.9946E-05 9.9946E-05 9.9946E-05 9.9946E-05 9.9946E-05 0.0267435 0.00292955 0.142126 0.827601
9.99549E-05 0.0132299 9.99549E-05 0.0180947 9.99549E-05 0.0151912 0.0126937 9.99549E-05 9.99549E-05 0.940291
0.483124 9.9964E-05 0.0644958 9.9964E-05 9.9964E-05 0.0101713 9.9964E-05 0.07288 0.019955 0.348974
0.413725 0.0754884 0.171643 9.9973E-05 0.221126 0.034878 9.9973E-05 9.9973E-05 0.0154949 0.0673445
0.340414 9.9955E-05 0.228907 9.9955E-05 0.143992 9.9955E-05 9.9955E-05 0.148593 9.9955E-05 0.137595
0.248077 0.12104 0.213515 9.9973E-05 0.161517 0.0203703 9.9973E-05 0.115611 9.9973E-05 0.11957
0.32515 9.9955E-05 0.225943 9.9955E-05 0.141042 0.131494 9.9955E-05 9.9955E-05 9.9955E-05 0.17587
0.0703037 0.0276571 0.0337904 9.9964E-05 0.217189 9.9964E-05 9.9964E-05 0.0264329 9.9964E-05 0.624228
0.191868 9.9955E-05 0.0153701 9.9955E-05 0.186952 0.0424838 9.9955E-05 9.9955E-05 9.9955E-05 0.562826
0.519543 9.9955E-05 0.0445861 0.0137453 9.9955E-05 9.9955E-05 9.9955E-05 0.0491473 9.9955E-05 0.372479
0.449015 9.9946E-05 0.0602879 9.9946E-05 9.9946E-05 9.9946E-05 9.9946E-05 0.0901532 9.9946E-05 0.399944
0.22503 9.9955E-05 0.036125 9.9955E-05 0.04006 0.0963775 9.9955E-05 9.9955E-05 9.9955E-05 0.601908
0.486507 0.0188283 0.0572893 9.9973E-05 0.00383413 9.9973E-05 9.9973E-05 0.0855754 0.0452655 0.302401
0.553993 0.0413721 0.0414892 0.000393611 0.00298261 9.9973E-05 9.9973E-05 0.0545204 9.9973E-05 0.304949
0.46996 0.0611008 0.0876599 0.0947125 0.042999 0.0106454 0.0335449 0.028778 0.0428776 0.127722
0.257534 0.0366961 9.9955E-05 0.0311432 9.9955E-05 9.9955E-05 9.9955E-05 9.9955E-05 0.0162455 0.657881
0.338316 9.9964E-05 0.00468458 9.9964E-05 9.9964E-05 9.9964E-05 0.0179037 0.0135883 0.122087 0.503021
0.568744 0.0276464 0.0200677 0.0462968 9.9964E-05 9.9964E-05 9.9964E-05 0.0718663 9.9964E-05 0.264979
0.33827 0.00204053 0.0249807 0.068583 0.0240196 0.0181032 0.0746598 9.9991E-05 0.10485 0.344394
0.432513 9.9973E-05 0.0986631 0.0178844 0.0672142 9.9973E-05 9.9973E-05 0.0617483 0.0956523 0.226025
0.433296 9.9973E-05 9.9973E-05 0.0568232 0.0338571 0.00942547 0.0271698 0.0206191 9.9973E-05 0.418509
0.252399 0.0879719 9.9955E-05 0.0573733 9.9955E-05 9.9955E-05 9.9955E-05 0.000975905 9.9955E-05 0.60078
0.509323 0.0621376 0.0406386 9.9964E-05 9.9964E-05 0.00711225 9.9964E-05 0.00827467 9.9964E-05 0.372114
0.212218 9.99369E-05 9.99369E-05 9.99369E-05 9.99369E-05 9.99369E-05 9.99369E-05 9.99369E-05 0.0135043 0.773578
0.406665 0.0155068 9.9946E-05 9.9946E-05 9.9946E-05 0.0810085 9.9946E-05 9.9946E-05 9.9946E-05 0.49622
0.505692 0.0281602 9.9991E-05 0.0409068 0.0458462 0.0125742 0.0732937 0.00923851 0.0630762 0.221112
0.480672 0.139403 9.9955E-05 0.050279 9.9955E-05 9.9955E-05 0.031716 9.9955E-05 9.9955E-05 0.29743
0.467781 0.0124825 0.195422 9.9982E-05 0.0239346 0.0641254 9.9982E-05 0.0766452 0.059834 0.0995759
0.38248 0.0389536 0.0867267 0.0788907 0.156328 0.0191356 0.10101 0.0535698 0.0119017 0.0710034
0.300152 0.103186 0.225055 0.0109668 0.0461828 0.136776 0.0383309 0.0173822 0.0262388 0.0957284
0.267532 0.0447148 0.154946 0.0946293 0.0535197 0.148503 0.0458956 0.0751508 0.037241 0.0778674
0.428276 0.0331529 0.14901 0.00699787 9.9982E-05 0.130766 0.119371 0.115868 0.0163583 9.9982E-05
0.427972 0.0217823 0.0933041 0.0303594 0.208109 0.00864596 9.9982E-05 0.0342323 9.9982E-05 0.175394
9.9955E-05 9.9955E-05 0.0999526 0.00293513 0.117989 9.9955E-05 9.9955E-05 0.19764 9.9955E-05 0.580983
0.50658 9.9964E-05 0.186992 0.0777291 9.9964E-05 0.0233386 9.9964E-05 0.0877333 9.9964E-05 0.117227
9.9955E-05 9.9955E-05 0.0513393 9.9955E-05 0.288717 0.0741248 9.9955E-05 0.238012 9.9955E-05 0.347307
0.463066 9.9964E-05 0.181596 9.9964E-05 0.0216203 9.9964E-05 9.9964E-05 0.0795151 0.00450443 0.249298
0.050468 9.9937E-05 9.9937E-05 9.9937E-05 9.9937E-05 9.9937E-05 0.14621 9.9937E-05 9.9937E-05 0.802622
9.9946E-05 9.9946E-05 9.9946E-05 9.9946E-05 9.9946E-05 9.9946E-05 0.0892647 0.00156182 0.0285281 0.880046
