9.9973E-05 0.921803 0.0257798 0.0521172 9.9973E-05 9.9973E-05
9.9973E-05 0.98144 0.0102874 9.9973E-05 9.9973E-05 0.00797226
0.0161495 0.874341 0.0148252 9.9991E-05 0.0640072 0.0305773
9.9982E-05 0.839821 0.0223813 9.9982E-05 0.131853 0.00574393
9.9964E-05 0.92416 9.9964E-05 9.9964E-05 0.0754399 9.9964E-05
0.107711 0.669916 0.0628892 0.0426856 0.0884833 0.0283147
0.120232 0.83379 0.0261264 9.9982E-05 9.9982E-05 0.0196512
0.165106 0.74135 0.0612059 9.9982E-05 0.0321378 9.9982E-05
0.0185292 0.83703 0.144141 9.99729E-05 9.99729E-05 9.99729E-05
0.109206 0.774724 0.0549067 0.00708931 0.0523468 0.00172756
0.096221 0.773574 0.0372361 9.9982E-05 0.0927689 9.9982E-05
0.0603586 0.0394586 0.481413 0.0406984 0.214814 0.163257
9.999E-05 0.0699551 0.266004 0.0453621 0.536449 0.0821303
0.0695361 9.9991E-05 0.446234 0.091905 0.247382 0.144843
0.0336503 0.0476213 0.445627 0.111523 0.291206 0.070372
0.0514658 0.0888077 0.29141 0.0994525 0.446043 0.0228212
0.0262496 0.0876525 0.186676 0.051303 0.602462 0.0456566
9.999E-05 0.0585357 0.281583 0.0210902 0.47284 0.165851
0.0829541 0.13764 0.40326 0.0669348 0.271038 0.0381724
0.121212 0.00449959 0.680024 0.0125383 0.0539123 0.127813
0.100818 0.0315814 0.279416 0.0319033 0.439888 0.116394
0.238257 9.9991E-05 0.204398 0.0643787 0.439988 0.0528779
0.0361978 0.0846412 0.177742 9.9991E-05 0.598129 0.10319
0.0237508 0.0624435 0.444676 0.0825769 0.245451 0.141102
0.088506 0.0575891 0.0930945 0.0944959 0.643205 0.0231092
0.0383641 0.0358716 0.268699 0.0574553 0.510175 0.0894342
0.0532327 0.0619971 0.48493 0.0348202 0.220099 0.144922
0.0337841 0.0315624 0.440677 0.0919161 0.273408 0.128652
0.111195 0.0213719 0.48734 9.9991E-05 0.233913 0.146079
9.9973E-05 0.895642 9.9973E-05 0.00269326 0.101365 9.9973E-05
9.9964E-05 0.886906 9.9964E-05 9.9964E-05 0.112694 9.9964E-05
9.9982E-05 0.806701 0.0276983 0.0688579 0.0965432 9.9982E-05
9.9973E-05 0.791625 9.9973E-05 0.040703 0.167372 9.9973E-05
0.100537 0.0826654 0.0825025 9.9991E-05 0.487594 0.246601
0.0260483 0.095947 0.0492979 0.0480935 0.50569 0.274924
0.0365289 0.00614506 0.023366 0.0313717 0.538638 0.36395
0.0201145 0.0229222 0.6424 9.9991E-05 0.212031 0.102433
0.208299 9.9982E-05 9.9982E-05 0.00268056 0.253396 0.535424
9.9991E-05 0.0489441 0.125197 0.0839902 0.48401 0.257758
0.0123463 0.0817158 9.9982E-05 9.9982E-05 0.674214 0.231523
0.181747 0.122465 0.0553619 9.9991E-05 0.548143 0.0921839
0.113557 0.115905 0.0793742 0.0140034 0.595253 0.0819074
9.9982E-05 0.0123997 0.150572 9.9982E-05 0.133872 0.702957
0.23517 0.0748576 0.0290936 9.9982E-05 0.660679 9.9982E-05
0.0458148 0.0657155 0.0527765 0.0254405 0.603012 0.20724
0.137066 0.158535 9.9991E-05 0.0291438 0.598831 0.0763246
0.092454 9.9973E-05 9.9973E-05 9.9973E-05 0.331942 0.575304
9.9991E-05 0.11922 0.0449711 0.00346342 0.591374 0.240872
0.0754373 0.136655 0.0296784 0.0549874 0.508948 0.194294
0.404981 0.00789319 9.9973E-05 9.9973E-05 9.9973E-05 0.586826
0.114631 9.9982E-05 0.5733 9.9982E-05 0.205125 0.106744
0.413193 9.9991E-05 0.220301 0.0381923 0.171573 0.156641
0.118424 0.0562587 0.158481 0.070911 0.595825 9.9991E-05
0.0986998 0.0703443 0.134891 0.0800145 0.569944 0.0461068
0.129071 0.0772465 0.0885089 0.0852336 0.609153 0.010787
0.0505248 0.116952 0.503914 9.9991E-05 0.196985 0.131524
0.0700251 9.9982E-05 0.320394 9.9982E-05 0.571052 0.0383288
0.0438617 0.0644623 0.146301 0.0629129 0.568991 0.113471
0.106184 0.111778 0.290377 0.0122095 0.401412 0.0780392
0.109102 0.156372 0.460372 0.00389933 0.145689 0.124565
0.0801204 0.0936799 0.135604 0.0208032 0.569844 0.0999483
0.0679922 0.06717 0.262394 0.0303712 0.502198 0.0698749
0.145555 0.0744075 0.542832 9.9991E-05 0.0976904 0.139415
0.0697218 9.9982E-05 0.379139 9.9982E-05 0.424441 0.126499
0.148573 0.0224859 0.105496 0.0337223 0.633342 0.0563808
0.0833403 0.101645 0.120702 9.9991E-05 0.603896 0.0903171
0.0818349 0.0800435 0.358794 0.0590337 0.278575 0.141718
0.075817 0.0400238 0.219336 0.0698174 0.477478 0.117527
0.0928275 0.0376418 0.175155 0.0318165 0.565353 0.0972064
0.123798 0.0302923 0.469733 9.9991E-05 0.218936 0.157141
9.9982E-05 0.0157078 0.0559147 9.9982E-05 0.475658 0.452519
9.9982E-05 0.022827 0.069133 9.9982E-05 0.175135 0.732705
0.0275059 0.151682 0.00710367 0.0346118 0.484007 0.295089
0.186329 9.9964E-05 9.9964E-05 9.9964E-05 9.9964E-05 0.813271
0.173748 9.9964E-05 9.9964E-05 9.9964E-05 9.9964E-05 0.825853
0.0816068 9.9973E-05 9.9973E-05 9.9973E-05 0.226155 0.691938
9.9982E-05 0.046986 0.0353864 9.9982E-05 0.479079 0.438349
0.0682051 0.111522 0.0604682 0.0614297 0.576722 0.121654
0.0158887 0.0120707 9.9991E-05 0.0220521 0.419108 0.530781
9.9982E-05 0.0438251 0.167626 9.9982E-05 0.145592 0.642757
9.9982E-05 0.0196838 0.136418 9.9982E-05 0.250654 0.593044
0.0424974 0.0844858 0.0580891 0.0196305 0.531071 0.264227
9.9991E-05 0.0431825 0.0520112 0.00857645 0.29018 0.60595
9.9991E-05 0.0164763 0.0789708 0.0019261 0.448143 0.454384
0.0913148 9.9973E-05 9.9973E-05 9.9973E-05 0.488764 0.419621
0.340053 9.9964E-05 9.9964E-05 9.9964E-05 9.9964E-05 0.659547
0.0171801 0.0522638 9.9991E-05 0.071993 0.550281 0.308182
9.9982E-05 0.854024 0.0721613 9.9982E-05 0.0708626 0.00275175
9.9973E-05 0.920954 9.9973E-05 0.0115842 0.0671623 9.9973E-05
9.9973E-05 0.873952 9.9973E-05 0.0290369 0.0967108 9.9973E-05
9.9973E-05 0.9412 9.9973E-05 0.038175 0.0203252 9.9973E-05
9.9982E-05 0.960399 9.9982E-05 0.0224278 0.00230968 0.0146637
9.9973E-05 0.876574 9.9973E-05 0.0487838 0.0743424 9.9973E-05
9.9964E-05 0.928551 9.9964E-05 9.9964E-05 0.0710492 9.9964E-05
0.0504411 0.0639938 0.138298 0.0850192 0.536771 0.125477
0.0107803 0.0922212 0.0844416 0.103328 0.501343 0.207886
0.0142141 0.0588595 0.189412 9.9991E-05 0.020232 0.717183
0.0356288 0.0609524 0.1174 0.0559069 0.564526 0.165586
9.9982E-05 0.0512008 0.0887619 9.9982E-05 0.375696 0.484141
9.9982E-05 0.0811915 0.0296792 9.9982E-05 0.518149 0.37078
0.129762 0.0248001 0.00576465 9.9991E-05 0.623805 0.215768
0.0345123 0.0344866 0.00970214 0.0583229 0.458169 0.404807
9.9973E-05 0.0322836 0.279655 9.9973E-05 9.9973E-05 0.687762
0.0481197 0.130451 0.103894 0.0227743 0.515462 0.179298
0.00290678 0.0815473 0.159792 0.047762 0.613557 0.0944356
0.104063 0.0843822 0.0765551 0.0303682 0.608491 0.0961408
0.218838 0.00503676 9.9991E-05 0.0107382 0.236758 0.528529
0.10787 0.00233919 9.9991E-05 0.0292576 0.457043 0.40339
9.9982E-05 0.025223 0.109075 9.9982E-05 0.472475 0.393027
0.0533665 9.9973E-05 9.9973E-05 9.9973E-05 0.361773 0.58456
9.9982E-05 0.0501739 0.140329 9.9982E-05 0.443732 0.365565
0.0264022 0.100988 0.0254077 0.0364103 0.559547 0.251245
0.255461 9.9991E-05 0.392724 0.0493587 0.29446 0.00789621
0.110971 0.0778647 0.330895 9.9982E-05 0.480069 9.9982E-05
0.0858454 0.135264 0.151993 0.0353196 0.571248 0.0203301
0.118903 0.0988251 0.160668 0.0653677 0.541993 0.0142431
0.0292498 0.0338699 0.368258 0.00016678 0.517528 0.0509277
0.0989754 0.0463979 0.196025 0.0140535 0.63355 0.0109981
0.00928591 0.0605582 0.422056 9.9991E-05 0.50445 0.00354967
0.181418 0.070955 0.150861 0.0328098 0.539171 0.0247851
0.0469176 0.0853598 0.219273 0.0504076 0.574765 0.0232778
0.0701235 0.0591333 0.283185 9.9991E-05 0.583469 0.00398943
9.9982E-05 0.0257393 0.321972 9.9982E-05 0.607034 0.0450553
0.0737103 0.0311438 0.198689 0.0803198 0.577123 0.0390141
0.0848928 0.0822307 0.141117 0.075002 0.616658 9.9991E-05
0.118328 9.9991E-05 0.17454 0.0718537 0.578056 0.057122
0.0782549 0.0854581 0.172441 0.0510015 0.608801 0.00404274
0.132 9.9991E-05 0.185228 0.0504579 0.597093 0.0351209
0.24244 0.0613657 0.268182 0.0514868 0.370261 0.00626427
0.0908035 0.0498508 0.129565 0.0423736 0.624352 0.063055
0.095645 0.015991 0.18716 0.0371267 0.663978 9.9991E-05
0.0769346 0.0211524 0.557449 0.0184404 0.239164 0.0868596
0.396194 9.9991E-05 0.324406 0.0340065 0.175573 0.0697199
0.0665771 0.055352 0.219188 0.00863201 0.544418 0.105833
0.456923 9.9991E-05 0.324298 0.00972121 0.109137 0.0998207
0.0394689 0.00145796 0.52561 0.00275412 0.357066 0.0736428
9.9973E-05 9.9973E-05 0.429893 9.9973E-05 0.437209 0.132597
9.9982E-05 0.0233524 0.44439 9.9982E-05 0.383785 0.148273
0.0640943 9.9982E-05 0.520115 9.9982E-05 0.35368 0.061911
0.0672446 0.0477206 0.209875 9.9991E-05 0.622625 0.0524345
0.0649957 0.0934218 0.184434 0.0495789 0.559084 0.0484856
0.0979773 0.045138 0.20578 0.00618753 0.599302 0.0456153
0.3156 9.9991E-05 0.398102 0.0176823 0.203505 0.0650106
0.177345 0.155827 0.104758 0.0531057 0.506256 0.00270845
0.272408 0.0989581 0.0349755 0.0253951 0.539742 0.0285205
0.695487 0.13295 0.06856 9.9982E-05 9.9982E-05 0.102803
0.186529 0.0795206 0.0213735 0.0236439 0.688833 9.9991E-05
0.38932 0.0975123 0.104369 0.0505562 0.26994 0.0883026
0.259656 0.104455 0.0482995 0.0620512 0.514592 0.0109462
0.493945 0.0828567 0.114581 9.9991E-05 0.2729 0.0356174
0.594545 0.06065 0.162839 9.9991E-05 0.107789 0.0740767
0.321371 0.036472 0.103832 0.0207375 0.417301 0.100286
0.171991 0.0856178 0.0918282 0.103421 0.463054 0.0840888
0.174005 0.179351 0.108227 0.0151512 0.457976 0.0652897
0.516465 0.0287255 0.104986 0.0805329 0.0983927 0.170898
0.129007 0.0681874 0.153282 0.0759708 0.556386 0.0171674
0.508599 9.9982E-05 0.0854698 9.9982E-05 0.335209 0.0705219
0.365165 9.9982E-05 0.103995 9.9982E-05 0.439267 0.0913724
0.186447 0.105272 0.0577082 0.0935824 0.54263 0.0143612
0.238696 0.394331 9.9982E-05 0.211555 0.155217 9.9982E-05
0.395068 0.471432 9.9973E-05 0.1332 9.9973E-05 9.9973E-05
0.424521 0.463148 9.9973E-05 0.112031 9.9973E-05 9.9973E-05
0.290472 0.374723 9.9982E-05 0.262044 0.0725607 9.9982E-05
0.26959 9.9973E-05 9.9973E-05 9.9973E-05 0.666723 0.0633872
0.17985 0.0929656 0.0418577 0.0147976 0.618625 0.0519045
9.9973E-05 9.9973E-05 9.9973E-05 0.667353 0.312787 0.0195606
9.9991E-05 0.0294994 0.0852122 0.467629 0.355451 0.0621078
0.041314 0.0821303 0.0579004 0.368203 0.424083 0.0263697
0.575563 9.9982E-05 0.0861562 9.9982E-05 0.310812 0.0272687
0.205289 0.06485 0.116936 0.0756584 0.474657 0.0626103
0.593184 9.9982E-05 0.107911 9.9982E-05 0.28414 0.0145656
0.298957 0.0761735 0.00653168 9.9991E-05 0.593226 0.0250113
0.388055 0.0259325 0.0832806 0.00800839 0.494553 0.00017043
0.376108 9.9964E-05 9.9964E-05 9.9964E-05 0.623493 9.9964E-05
0.667146 9.9982E-05 0.0315019 9.9982E-05 0.255901 0.0452513
0.146226 0.104395 9.9991E-05 0.0172218 0.671696 0.0603609
0.162581 0.142621 0.00271662 0.00539827 0.612247 0.0744368
9.9973E-05 9.9973E-05 9.9973E-05 0.960752 0.0289434 0.0100046
9.9982E-05 9.9982E-05 0.0330253 0.911178 0.0488734 0.00672294
0.011518 0.0832469 0.0164879 0.529433 0.300332 0.0589821
9.9973E-05 9.9973E-05 0.0398364 0.63685 0.323013 9.9973E-05
9.9982E-05 9.9982E-05 0.008797 0.803025 0.158324 0.0296541
9.996E-05 9.996E-05 9.996E-05 0.9995 9.996E-05 9.996E-05
9.9964E-05 9.9964E-05 0.0467755 0.952825 9.9964E-05 9.9964E-05
9.9964E-05 9.9964E-05 9.9964E-05 0.832232 0.167368 9.9964E-05
9.9964E-05 9.9964E-05 0.0605571 0.939043 9.9964E-05 9.9964E-05
9.996E-05 9.996E-05 9.996E-05 0.9995 9.996E-05 9.996E-05
9.996E-05 9.996E-05 9.996E-05 0.9995 9.996E-05 9.996E-05
9.9973E-05 9.9973E-05 0.0305261 0.769882 0.199292 9.9973E-05
9.9991E-05 0.0270046 0.0285601 0.817575 0.115679 0.011081
9.996E-05 9.996E-05 9.996E-05 0.9995 9.996E-05 9.996E-05
0.0207342 0.0868715 0.076098 0.370323 0.364436 0.0815372
9.9982E-05 0.0618534 0.0383847 0.635413 0.264149 9.9982E-05
9.9982E-05 0.0307203 9.9982E-05 0.805805 0.157531 0.00574371
9.9991E-05 0.0117336 0.000668259 0.893223 0.0769633 0.0173114
9.996E-05 9.996E-05 9.996E-05 0.9995 9.996E-05 9.996E-05
9.9988E-05 0.00256502 0.00104947 0.991746 9.9988E-05 0.00443996
9.996E-05 9.996E-05 9.996E-05 0.9995 9.996E-05 9.996E-05
9.9991E-05 0.0820333 0.0166529 0.623751 0.223406 0.0540564
9.9973E-05 0.0109067 0.0095984 0.979195 9.9973E-05 9.9973E-05
0.671883 0.280644 9.9973E-05 0.047174 9.9973E-05 9.9973E-05
0.258735 0.217902 0.0570364 0.120685 0.336813 0.00882873
0.334841 0.163481 9.9982E-05 0.0340976 0.46738 9.9982E-05
0.499519 0.197088 9.9982E-05 0.0997762 0.203417 9.9982E-05
0.160315 0.105622 0.053528 0.146952 0.421901 0.111681
0.528166 0.235915 9.9982E-05 0.13241 0.103309 9.9982E-05
0.223441 0.18732 0.0371337 0.109488 0.406779 0.0358376
0.376387 0.182349 9.9982E-05 0.084585 0.35648 9.9982E-05
0.261347 0.162666 9.9982E-05 0.123616 0.452171 9.9982E-05
0.308009 0.193665 9.9982E-05 0.11257 0.385555 9.9982E-05
0.16623 0.193944 0.023153 0.110259 0.480367 0.0260475
0.0208238 0.907128 0.008986 9.9982E-05 0.0628627 9.9982E-05
0.0308074 0.886764 9.9982E-05 0.0759823 9.9982E-05 0.00624593
0.00249339 0.94135 0.0431341 9.9991E-05 0.00639184 0.00653074
9.9964E-05 0.969345 9.9964E-05 9.9964E-05 9.9964E-05 0.0302552
9.9982E-05 0.904442 0.0390111 0.00729461 0.0490522 9.9982E-05
9.9964E-05 0.976644 9.9964E-05 9.9964E-05 0.0229562 9.9964E-05
9.9982E-05 0.925218 0.0151712 0.015598 0.0438126 9.9982E-05
0.00285702 0.938805 0.0430666 9.9982E-05 9.9982E-05 0.0150716
9.9991E-05 0.912883 0.00585076 0.0134725 0.0113753 0.0563189
0.0453293 0.899919 0.0201577 0.0197465 0.0147473 9.9991E-05
0.0620237 0.594055 0.286679 9.9982E-05 9.9982E-05 0.0570425
0.0264279 0.611963 0.361309 9.9973E-05 9.9973E-05 9.9973E-05
0.0491845 0.558219 0.35531 9.9982E-05 9.9982E-05 0.0370866
0.12611 0.460283 0.406689 9.9982E-05 9.9982E-05 0.00671796
9.9982E-05 0.0644679 0.201226 9.9982E-05 0.482139 0.251967
0.0626056 0.0307622 0.0876002 0.0268059 0.482507 0.309719
9.9991E-05 0.0490102 0.158363 0.00945415 0.541828 0.241245
0.0189554 0.0238843 0.283168 9.9991E-05 0.378356 0.295537
0.0757112 9.9991E-05 0.584143 0.0045641 0.233988 0.101494
9.9991E-05 0.0573119 0.030271 0.0158559 0.654613 0.241848
0.000245201 9.9991E-05 0.161049 0.023009 0.579374 0.236222
0.115751 9.9982E-05 0.0390693 9.9982E-05 0.551309 0.293671
0.0873127 9.9982E-05 9.9982E-05 0.0102938 0.372624 0.52957
0.121611 0.0394407 0.107893 0.038114 0.598585 0.0943558
9.9982E-05 0.00700008 0.0776149 9.9982E-05 0.412095 0.50309
0.245038 9.9964E-05 9.9964E-05 9.9964E-05 9.9964E-05 0.754562
0.119925 0.0859105 0.100476 0.0222508 0.568969 0.102469
0.237212 9.9973E-05 9.9973E-05 9.9973E-05 0.152215 0.610274
0.0572997 0.0348824 0.0439186 0.0134798 0.505916 0.344504
9.9982E-05 0.0045153 0.216183 9.9982E-05 0.122455 0.656646
0.0978333 0.151714 0.750153 9.9973E-05 9.9973E-05 9.9973E-05
0.0812908 0.106562 0.742279 9.9982E-05 0.0696686 9.9982E-05
0.0614491 0.10964 0.787316 9.9991E-05 0.00671213 0.034783
0.0788068 0.115504 0.802211 9.9982E-05 9.9982E-05 0.00327867
0.091541 0.0428934 0.74612 9.9982E-05 0.119246 9.9982E-05
0.0981195 0.0686653 0.722746 0.0250451 0.0853238 9.9991E-05
9.9991E-05 0.857437 0.0129226 0.0623879 0.0229584 0.0441936
0.000359663 0.83133 0.0261108 0.0129214 0.119113 0.0101655
9.9982E-05 0.789913 0.0020339 0.039754 0.168099 9.9982E-05
9.9973E-05 0.845064 9.9973E-05 0.077231 9.9973E-05 0.0774052
9.9982E-05 0.800617 0.0263699 0.0437108 0.129103 9.9982E-05
0.0636453 0.39523 0.540825 9.9973E-05 9.9973E-05 9.9973E-05
0.0632903 0.43993 0.49648 9.9973E-05 9.9973E-05 9.9973E-05
0.0330295 0.430525 0.510283 0.000261612 0.0258014 9.9991E-05
9.9982E-05 0.858661 0.0160951 9.9982E-05 0.121807 0.00323671
0.0628533 0.386625 0.543913 9.9982E-05 9.9982E-05 0.0064081
0.167201 0.285439 9.9982E-05 0.267713 0.279447 9.9982E-05
0.0345731 0.162769 0.0356805 0.214021 0.528893 0.0240643
9.9973E-05 0.200981 9.9973E-05 0.254201 0.544518 9.9973E-05
0.131664 0.269549 9.9982E-05 0.289036 0.309552 9.9982E-05
0.0783584 0.162266 0.0643973 0.120022 0.55934 0.0156165
0.275897 0.435174 9.9973E-05 0.288628 9.9973E-05 9.9973E-05
0.100324 9.9982E-05 0.347575 9.9982E-05 0.474 0.0779006
0.275839 9.9982E-05 0.167126 9.9982E-05 0.474139 0.0826961
0.0390429 0.0090884 0.536884 9.9991E-05 0.277928 0.136957
0.241634 9.9982E-05 0.141574 9.9982E-05 0.551157 0.0654339
0.599457 9.9973E-05 0.331635 9.9973E-05 9.9973E-05 0.0686075
0.118164 0.0954415 0.125523 0.0645967 0.565963 0.0303113
0.183864 9.9991E-05 0.16706 0.0456162 0.536131 0.0672287
0.075227 0.0327193 0.433158 9.9991E-05 0.401292 0.0575043
0.0499876 0.0825872 0.196343 0.0199791 0.56901 0.082093
0.367994 9.9982E-05 0.323039 9.9982E-05 0.158973 0.149793
0.148443 0.00756539 0.18298 9.9991E-05 0.622551 0.0383609
0.0525001 0.0598167 0.296289 9.9991E-05 0.47587 0.115424
0.199574 0.103464 0.0604136 0.113826 0.462557 0.0601663
0.2513 9.9991E-05 0.274782 0.00926804 0.367355 0.0971951
0.274017 9.9991E-05 0.208714 0.0211886 0.442329 0.053651
0.127946 9.9991E-05 0.201131 0.00622224 0.625539 0.0390619
0.19521 9.9982E-05 0.184057 9.9982E-05 0.573028 0.0475044
0.14093 9.9982E-05 0.143246 0.0628629 0.652761 9.9982E-05
0.0992575 0.1132 0.0876024 0.0338103 0.557327 0.108802
0.0387334 0.0751616 0.158418 0.0188669 0.598687 0.110133
9.9973E-05 0.836537 9.9973E-05 0.0630044 0.100159 9.9973E-05
9.9964E-05 0.870226 9.9964E-05 9.9964E-05 0.129374 9.9964E-05
0.0222937 0.884545 0.0328215 9.9982E-05 0.0601403 9.9982E-05
9.9982E-05 0.906734 0.0106322 0.0617978 9.9982E-05 0.0206362
9.9973E-05 0.917544 0.00179809 9.9973E-05 0.0803578 9.9973E-05
0.101062 0.030046 0.613312 0.0393315 0.112198 0.10405
0.178616 0.0358418 0.127914 0.0647322 0.549166 0.0437299
0.165646 0.220547 9.9991E-05 0.207654 0.392581 0.0134724
0.0324198 0.00886959 0.206637 0.0688779 0.63834 0.0448558
9.9982E-05 9.9982E-05 0.349212 0.0504044 0.522552 0.0776319
0.321402 9.9982E-05 0.312857 9.9982E-05 0.324477 0.0410634
0.0586218 0.0864439 0.735081 0.0152982 0.0173865 0.087169
0.0245351 0.088305 0.330042 9.9991E-05 0.49444 0.0625778
0.0541398 0.0221655 0.585539 0.0683368 0.24061 0.0292083
0.169627 0.0410275 0.172979 0.00780473 0.501032 0.10753
0.104288 0.0399982 0.622546 0.00401034 0.180238 0.0489189
0.0236861 0.0617121 0.276672 0.067775 0.537389 0.0327659
0.0873886 0.0376383 0.592652 0.013802 0.185492 0.0830276
0.250792 9.9991E-05 0.284199 0.0908902 0.266249 0.10777
0.189047 0.0820771 0.133993 9.9991E-05 0.563517 0.0312652
0.556173 9.9982E-05 0.118818 9.9982E-05 0.320662 0.00414627
0.368006 0.0441221 9.9982E-05 9.9982E-05 0.557944 0.0297281
0.173842 0.0995597 0.108492 0.00420098 0.557087 0.0568183
0.594053 9.9982E-05 0.0625787 9.9982E-05 0.297705 0.0454633
0.186861 0.111533 0.0584634 0.0309364 0.543395 0.0688109
0.335949 0.0294217 0.0728972 9.9991E-05 0.549972 0.0116601
0.692001 9.9982E-05 0.0607087 9.9982E-05 0.16981 0.07728
0.689642 9.9982E-05 0.0341181 9.9982E-05 0.245892 0.0301473
0.422019 0.0174442 0.0595672 9.9991E-05 0.476346 0.0245239
0.689051 9.9982E-05 0.0311466 9.9982E-05 0.0953442 0.184259
0.369872 9.9982E-05 0.131684 9.9982E-05 0.449139 0.049105
0.00131549 9.9991E-05 0.692905 0.0153562 0.152127 0.138197
0.267986 9.9991E-05 0.360065 0.0730929 0.21562 0.0831366
9.9991E-05 0.0318772 0.43451 0.0670817 0.412167 0.054264
0.0403097 0.0467321 0.260319 0.0535 0.523602 0.0755371
9.9982E-05 9.9982E-05 0.593788 0.0277869 0.210689 0.167536
0.125787 0.0697878 0.186744 0.046715 0.508414 0.0625523
0.0335242 0.0685239 0.232248 0.0400438 0.56906 0.0566006
0.0810003 0.0100386 0.242579 0.0261234 0.541009 0.0992497
0.0161294 0.0273333 0.310739 0.0762002 0.508502 0.0610965
9.9991E-05 0.0480791 0.390457 0.0078713 0.482707 0.0707863
0.0379563 9.9991E-05 0.533335 0.0218288 0.303214 0.103565
0.00827497 9.9991E-05 0.478132 0.0394775 0.451768 0.0222477
0.147481 9.9991E-05 0.151034 0.0133801 0.611822 0.0761829
0.0948511 0.0286309 0.137583 0.063538 0.598728 0.0766686
0.145464 0.0281575 0.28323 0.102952 0.327741 0.112456
0.0721159 9.9991E-05 0.250545 0.113787 0.438783 0.124668
0.0289354 9.9991E-05 0.478714 0.061003 0.373591 0.057657
0.0742983 0.0209471 0.261864 0.0737428 0.565799 0.0033488
9.9991E-05 0.0450501 0.324482 0.105133 0.400175 0.12506
0.0969038 0.0654785 0.179287 0.0626442 0.525532 0.0701535
0.0147193 0.335524 0.0352734 0.12821 0.446621 0.0396521
0.09945 0.143866 0.0308552 0.176109 0.547079 0.00264158
0.135864 0.146398 0.0562188 0.143332 0.452058 0.0661289
0.129993 0.111107 0.0666614 0.163176 0.513462 0.015601
0.0992859 0.188697 0.00625555 0.16595 0.474008 0.0658032
0.234149 9.9982E-05 0.215185 9.9982E-05 0.53821 0.012257
0.0834858 0.134476 0.0480348 0.135756 0.525832 0.0724152
0.424858 0.218465 0.0737 0.183955 0.0739114 0.0251102
0.0952574 0.128029 0.0719208 0.122878 0.581814 9.9991E-05
0.0568164 0.171526 0.0330768 0.129387 0.57104 0.038154
0.130913 0.111843 0.038507 0.122568 0.571773 0.0243968
0.306409 0.203509 0.0407308 0.0875367 0.333753 0.0280614
0.0242859 0.244958 0.0608994 0.0898802 0.579877 9.9991E-05
0.125996 0.124758 0.0797181 0.151606 0.517822 9.9991E-05
0.380667 0.501705 9.9973E-05 0.117328 9.9973E-05 9.9973E-05
0.0413412 0.171506 0.0680258 0.180509 0.491635 0.0469832
0.0968856 0.159062 9.9982E-05 0.206283 0.537569 9.9982E-05
0.0841195 0.0940369 0.0651966 0.124074 0.569961 0.0626116
0.0752615 0.199391 9.9982E-05 0.194048 0.531099 9.9982E-05
0.076959 0.229454 9.9991E-05 0.097119 0.536209 0.0601596
0.300863 0.0601999 0.00727135 9.9991E-05 0.465714 0.165852
0.200876 0.0568201 0.0399637 0.0308833 0.534299 0.137158
0.738933 9.9973E-05 0.0951027 9.9973E-05 9.9973E-05 0.165664
0.744324 9.9982E-05 0.072184 9.9982E-05 0.0673182 0.115974
0.246472 0.0988856 0.0342192 0.0493947 0.513372 0.0576565
0.204555 0.131442 0.00768539 0.311206 0.345013 9.9991E-05
0.189186 0.176068 9.9982E-05 0.260801 0.373745 9.9982E-05
0.321319 0.167057 9.9982E-05 0.279237 0.232187 9.9982E-05
0.215826 0.151345 9.9982E-05 0.236773 0.395856 9.9982E-05
0.708768 0.0599273 9.9982E-05 0.0411038 0.190001 9.9982E-05
0.608535 0.0281614 0.029547 0.0894405 0.156292 0.0880238
0.289518 9.9991E-05 0.0104411 0.0574343 0.604341 0.038165
0.3859 0.050742 9.9982E-05 0.106282 0.456876 9.9982E-05
0.547035 0.0297183 0.0304059 0.0538784 0.30751 0.0314524
0.257869 0.0600243 0.055503 0.040285 0.586219 9.9991E-05
0.274619 0.0359802 0.0246536 0.0704311 0.594216 9.9991E-05
0.232717 0.0717549 0.0128772 0.0883924 0.5403 0.0539582
0.445119 9.9982E-05 0.0443583 9.9982E-05 0.386862 0.12346
0.337034 0.0105848 0.0765054 9.9991E-05 0.452754 0.123022
0.251881 0.00983589 0.0743501 9.9991E-05 0.566559 0.097274
0.306966 9.9991E-05 0.114936 0.0557977 0.485381 0.0368187
0.184797 0.0721446 0.0899899 0.0696661 0.485511 0.0978922
0.415125 9.9982E-05 0.0218799 9.9982E-05 0.495637 0.067159
0.596226 9.9982E-05 0.0531838 9.9982E-05 0.24555 0.10484
0.292005 9.9982E-05 9.9982E-05 0.00211283 0.663844 0.0418379
0.583696 9.9982E-05 0.0619186 9.9982E-05 0.263704 0.0904817
0.414547 9.9982E-05 0.0279955 9.9982E-05 0.518228 0.0390292
0.266951 0.0462328 0.0521055 0.000129508 0.577093 0.0574881
0.244315 0.0623252 0.0862565 0.0279523 0.520655 0.0584962
0.169498 0.186746 0.0182923 0.0721618 0.553203 9.9991E-05
0.174796 0.168685 0.0430571 0.105781 0.468368 0.039312
0.192986 0.204469 9.9991E-05 0.271189 0.328841 0.00241559
0.167505 0.219352 0.0288092 0.208318 0.35808 0.0179354
0.108902 0.17108 0.0580524 0.186275 0.474128 0.00156245
0.241696 0.18837 9.9991E-05 0.138739 0.414767 0.0163283
0.641464 0.154115 0.00767132 0.13872 0.040263 0.0177673
0.159488 0.0821008 9.9982E-05 0.199365 0.558847 9.9982E-05
0.572081 0.305919 9.9973E-05 0.121699 9.9973E-05 9.9973E-05
0.232155 0.0297404 0.0154332 0.163442 0.559129 9.9991E-05
0.661825 9.9973E-05 9.9973E-05 9.9973E-05 0.202205 0.13567
0.693863 9.9982E-05 0.0130608 9.9982E-05 0.0290634 0.263813
0.340653 9.9982E-05 0.0337255 9.9982E-05 0.54739 0.0780319
0.251843 0.00588682 9.9982E-05 9.9982E-05 0.659415 0.0826552
0.414609 9.9973E-05 9.9973E-05 9.9973E-05 0.48995 0.0951412
0.275222 9.9982E-05 9.9982E-05 0.0165333 0.614629 0.0934154
0.323036 9.9982E-05 0.0102887 9.9982E-05 0.601165 0.0653102
9.9991E-05 0.865214 0.0996903 0.0288398 0.00449851 0.00165739
0.0192286 0.766182 0.0854365 0.0711351 0.0140881 0.0439296
9.9982E-05 0.946679 0.0242929 0.00650379 0.0223241 9.9982E-05
9.9964E-05 0.949704 9.9964E-05 9.9964E-05 0.0498965 9.9964E-05
0.016771 0.040106 0.036777 0.0397623 0.507889 0.358695
0.00216998 0.0578507 0.105908 9.9991E-05 0.549074 0.284898
9.9982E-05 0.0112445 0.0270869 9.9982E-05 0.505535 0.455934
9.9982E-05 0.078439 0.0722292 9.9982E-05 0.591668 0.257464
0.0975244 0.112709 0.0932567 0.00102696 0.608305 0.0871779
9.9982E-05 0.0386278 0.123847 9.9982E-05 0.283277 0.554048
9.9973E-05 0.0241322 9.9973E-05 9.9973E-05 0.646869 0.328699
0.163154 9.9973E-05 9.9973E-05 9.9973E-05 0.270694 0.565852
0.014247 0.31076 0.0739784 0.139506 0.461409 9.9991E-05
0.165751 9.9991E-05 0.00478664 0.015011 0.396114 0.418237
9.9982E-05 0.0217453 0.102436 9.9982E-05 0.326193 0.549425
0.081191 9.9991E-05 0.024447 0.0107089 0.497672 0.385881
9.9991E-05 0.0124724 0.101489 0.050054 0.379072 0.456813
0.0406605 9.9973E-05 9.9973E-05 9.9973E-05 0.60048 0.358559
9.9982E-05 0.0770913 0.0335327 9.9982E-05 0.516354 0.372822
0.175707 9.9964E-05 9.9964E-05 9.9964E-05 9.9964E-05 0.823893
0.173586 9.9982E-05 9.9982E-05 0.00899322 0.279651 0.53757
0.0549016 9.9982E-05 9.9982E-05 0.0270748 0.350179 0.567644
0.233539 9.9964E-05 9.9964E-05 9.9964E-05 9.9964E-05 0.766061
9.9982E-05 0.061089 0.136023 9.9982E-05 0.404937 0.397751
0.353954 9.9973E-05 9.9973E-05 9.9973E-05 0.0469599 0.598786
0.240805 9.9964E-05 9.9964E-05 9.9964E-05 9.9964E-05 0.758795
0.0316393 0.0430047 9.9991E-05 0.0321076 0.579425 0.313723
9.9982E-05 0.0495213 0.164162 9.9982E-05 0.152838 0.633279
9.9991E-05 0.0223438 0.096994 0.0385678 0.427101 0.414893
0.0552883 0.125389 0.0450887 0.0719491 0.538849 0.163437
9.9982E-05 0.00695341 0.112767 9.9982E-05 0.474254 0.405826
0.276976 9.9991E-05 0.241812 0.0139255 0.397957 0.069229
9.9991E-05 0.0140118 0.0787161 0.0197672 0.543971 0.343434
9.9973E-05 9.9973E-05 0.0996159 9.9973E-05 0.541091 0.358993
0.134291 9.9973E-05 9.9973E-05 9.9973E-05 0.295649 0.56976
0.0541217 0.118553 0.0368405 0.0339149 0.493742 0.262828
0.0636014 0.677779 0.25832 9.9973E-05 9.9973E-05 9.9973E-05
0.0259906 0.795676 0.117752 9.9982E-05 9.9982E-05 0.0603808
0.0163996 0.861241 0.122059 9.9973E-05 9.9973E-05 9.9973E-05
0.0331487 0.842852 0.123699 9.9973E-05 9.9973E-05 9.9973E-05
0.0577261 0.747891 0.176815 9.9982E-05 0.017368 9.9982E-05
9.9991E-05 0.0613525 0.137237 0.0335096 0.0698709 0.69793
9.9982E-05 0.0481248 0.103132 9.9982E-05 0.135968 0.712576
0.0950504 9.9982E-05 9.9982E-05 0.0205787 0.117148 0.767023
0.0638193 0.114767 0.0464563 0.0521671 0.559158 0.163633
0.0536225 0.109678 0.0336784 0.0639341 0.5668 0.172287
0.10646 0.00732043 9.9991E-05 0.0549542 0.215174 0.615991
0.0643726 0.0280706 9.9991E-05 0.04311 0.60345 0.260897
0.0862095 0.037479 9.9991E-05 0.0548414 0.369661 0.451709
9.9991E-05 0.0543049 0.0465056 0.00167202 0.531095 0.366322
9.9991E-05 0.0547031 0.0139581 0.0499938 0.569387 0.311858
9.9982E-05 9.9982E-05 0.140054 0.0121245 0.203583 0.644039
9.9973E-05 9.9973E-05 0.104989 9.9973E-05 0.271711 0.623
9.9982E-05 0.0233713 0.117458 9.9982E-05 0.274568 0.584403
0.181325 0.148128 0.0036803 0.00122149 0.665545 9.9991E-05
9.9982E-05 0.0223472 0.073687 9.9982E-05 0.345704 0.558062
9.9991E-05 0.0510515 0.058033 0.00167882 0.39939 0.489747
0.0855765 0.0782703 0.0449466 0.398199 0.392907 9.9991E-05
0.0337358 0.152274 0.0386754 0.415341 0.310283 0.0496912
0.0203005 0.0916122 0.0577412 0.432782 0.397464 9.9991E-05
0.0665953 0.14611 9.9982E-05 0.521485 0.26561 9.9982E-05
0.0311881 0.169792 0.0174975 0.251871 0.497538 0.0321129
0.253378 0.0559831 9.9991E-05 0.0080682 0.518797 0.163674
0.0774687 0.254576 0.0121003 0.645972 9.9991E-05 0.00978343
0.0300133 0.16335 0.00428 0.475406 0.326851 9.9991E-05
0.241594 0.215088 0.00155878 0.125772 0.374431 0.0415554
0.254352 0.127875 0.048774 9.9991E-05 0.547121 0.0217787
0.268901 0.154992 0.0546322 9.9982E-05 0.521275 9.9982E-05
0.182957 0.151222 0.0566216 9.9991E-05 0.5984 0.0106991
0.137557 0.148893 0.0347278 0.0120118 0.616274 0.0505362
9.9973E-05 0.166949 9.9973E-05 0.485457 0.347294 9.9973E-05
0.0671785 0.15288 0.0169069 0.385633 0.377302 9.9991E-05
0.0139923 0.0800688 9.9982E-05 0.489757 0.415982 9.9982E-05
0.0520225 0.182841 0.0322778 0.286462 0.387409 0.0589882
0.0570957 0.175339 0.0411979 0.476632 0.249636 9.9991E-05
0.0426048 0.103151 0.0552261 0.34185 0.423049 0.0341191
0.0734157 0.126354 0.0055228 0.500921 0.293687 9.9991E-05
0.124207 0.112274 0.0240664 0.297045 0.44123 0.00117797
0.335039 0.108973 0.0250369 9.9991E-05 0.503371 0.0274803
0.0849293 0.163437 0.0425695 0.328843 0.370543 0.00967942
0.0523625 0.209786 9.9991E-05 0.597621 0.137574 0.00255602
0.0627786 0.141333 0.0423082 0.346987 0.401104 0.00548951
0.306403 0.180037 0.125435 9.9991E-05 0.317122 0.0709028
0.307643 0.0537269 9.9982E-05 0.0102956 0.628135 9.9982E-05
0.0643471 0.155242 0.011067 0.339429 0.392015 0.0378999
0.209253 0.152128 0.0484029 9.9991E-05 0.578449 0.0116678
0.203115 0.152101 0.108247 9.9982E-05 0.536336 9.9982E-05
0.159911 0.199081 0.0115857 0.183427 0.38355 0.0624446
0.124593 0.233716 9.9982E-05 0.228179 0.413313 9.9982E-05
0.141168 0.128948 0.062924 0.0787049 0.555061 0.0331949
0.00405152 0.149577 0.0707093 0.323432 0.425038 0.027192
9.9982E-05 0.109948 9.9982E-05 0.416457 0.451273 0.0221217
0.063349 0.198458 9.9982E-05 0.598324 0.139669 9.9982E-05
0.121191 0.146754 0.0161986 0.00332604 0.652799 0.0597315
0.297508 0.149389 0.0351235 9.9991E-05 0.463933 0.0539465
0.709352 0.107101 9.9982E-05 0.0118971 0.17145 9.9982E-05
0.121063 0.152461 0.0752593 0.0497971 0.537666 0.0637539
0.298003 0.101088 0.13594 0.0138608 0.437149 0.0139589
0.116977 0.205754 9.9991E-05 0.147601 0.503472 0.0260963
0.169014 0.168348 0.0596612 0.0635463 0.502524 0.0369062
0.535666 0.363546 9.9973E-05 0.100488 9.9973E-05 9.9973E-05
0.604269 0.310829 9.9973E-05 0.0846018 9.9973E-05 9.9973E-05
0.388844 0.215627 9.9982E-05 0.0569046 0.338424 9.9982E-05
0.46453 0.337784 9.9982E-05 0.150949 0.0465367 9.9982E-05
0.371172 0.455547 9.9973E-05 0.172981 9.9973E-05 9.9973E-05
0.351307 0.161234 9.9982E-05 0.109059 0.3782 9.9982E-05
0.225801 0.2453 0.0247808 0.150619 0.353399 9.9991E-05
0.413207 0.288983 9.9982E-05 0.162035 0.135575 9.9982E-05
0.549673 0.255609 9.9982E-05 0.0990539 0.095464 9.9982E-05
0.164777 0.213158 9.9991E-05 0.114948 0.502443 0.00457454
0.447395 0.232507 9.9982E-05 0.118421 0.201476 9.9982E-05
0.579855 0.367295 9.9973E-05 0.0525501 9.9973E-05 9.9973E-05
0.126656 0.11157 0.0872676 0.122213 0.50178 0.0505143
0.276112 0.196894 9.9982E-05 0.202362 0.324432 9.9982E-05
0.0701709 0.31916 9.9991E-05 0.136553 0.420592 0.0534243
9.9973E-05 0.164019 9.9973E-05 0.240081 0.5956 9.9973E-05
0.131111 0.132508 9.9991E-05 0.204449 0.496714 0.035118
0.112465 0.165653 9.9982E-05 0.191553 0.530129 9.9982E-05
0.0274187 0.362354 0.0667416 0.19829 0.310938 0.0342582
0.0527817 0.213615 0.0194872 0.177358 0.512192 0.0245664
0.0144351 0.279073 0.00599081 0.1974 0.45745 0.0456507
0.152028 0.264156 9.9991E-05 0.2111 0.331654 0.0409616
0.0223503 0.22484 0.130154 0.0900535 0.289427 0.243175
0.0394571 0.169352 0.0573516 0.143197 0.498651 0.091991
0.0909339 0.151151 0.0399368 0.132982 0.584896 9.9991E-05
0.049374 0.103681 0.0566054 0.143217 0.529284 0.117838
0.0724016 0.294943 0.00928934 0.200458 0.422809 9.9991E-05
0.0662434 0.253608 9.9991E-05 0.156556 0.508327 0.0151649
0.268095 0.362876 9.9982E-05 0.299633 0.0691956 9.9982E-05
0.0839 0.170523 0.0446896 0.158136 0.535784 0.00696706
0.226286 0.28508 9.9982E-05 0.273913 0.214522 9.9982E-05
9.9973E-05 0.820293 0.173201 0.00620657 9.9973E-05 9.9973E-05
9.9982E-05 0.0597908 0.8166 9.9982E-05 0.118443 0.00496677
9.996E-05 9.996E-05 0.9995 9.996E-05 9.996E-05 9.996E-05
9.996E-05 9.996E-05 0.9995 9.996E-05 9.996E-05 9.996E-05
9.9964E-05 9.9964E-05 0.977201 9.9964E-05 0.0223988 9.9964E-05
9.9964E-05 9.9964E-05 0.989809 0.00979108 9.9964E-05 9.9964E-05
9.9964E-05 9.9964E-05 0.967704 9.9964E-05 0.0318963 9.9964E-05
9.996E-05 9.996E-05 0.9995 9.996E-05 9.996E-05 9.996E-05
9.9964E-05 0.130595 0.869005 9.9964E-05 9.9964E-05 9.9964E-05
9.9973E-05 0.887935 0.0648837 9.9973E-05 9.9973E-05 0.0468814
0.0202863 0.794146 0.131545 9.9982E-05 0.0538223 9.9982E-05
0.00664922 0.866095 0.0639603 0.017686 0.0109096 0.0346995
0.0219673 0.866452 0.0723261 9.9982E-05 0.0390546 9.9982E-05
9.9982E-05 0.877684 0.0749536 0.0115226 0.0356401 9.9982E-05
9.9991E-05 0.882323 0.0641968 0.000913005 0.0270969 0.0253707
0.0170953 0.74061 0.00576933 0.0961664 0.128488 0.0118715
9.9973E-05 0.905744 9.9973E-05 0.00243902 0.0915172 9.9973E-05
0.0189965 0.705173 0.101434 0.0517131 0.105332 0.0173527
9.9973E-05 0.916112 9.9973E-05 0.0460115 0.0375761 9.9973E-05
0.00306407 0.988039 0.00859744 9.9973E-05 9.9973E-05 9.9973E-05
9.9991E-05 0.887315 0.0372953 0.0331269 0.0353503 0.00681264
9.9973E-05 0.977837 0.00924554 0.0126171 9.9973E-05 9.9973E-05
0.00461078 0.9547 9.9973E-05 9.9973E-05 0.0403895 9.9973E-05
9.9982E-05 0.890497 9.9982E-05 0.0165135 0.0782681 0.0145215
9.9964E-05 0.923176 9.9964E-05 9.9964E-05 0.0764237 9.9964E-05
9.9973E-05 0.869733 9.9973E-05 0.0458043 0.0841624 9.9973E-05
9.9964E-05 0.864144 9.9964E-05 9.9964E-05 0.135456 9.9964E-05
9.9973E-05 0.82561 9.9973E-05 0.0578314 0.116258 9.9973E-05
0.288766 0.121395 0.120436 9.9991E-05 0.40482 0.0644824
0.161839 0.0739521 0.0547043 9.9991E-05 0.687456 0.0219485
0.094476 0.145222 0.0517799 0.0568155 0.553941 0.0977656
0.714398 0.0726368 9.9991E-05 0.0215948 0.107388 0.0838826
0.212265 0.14405 0.138089 9.9982E-05 0.505397 9.9982E-05
0.765635 0.105391 9.9973E-05 9.9973E-05 0.128674 9.9973E-05
0.220622 0.0771518 0.00423852 0.0155645 0.673646 0.00877694
0.202391 0.165647 0.0867313 9.9991E-05 0.417049 0.128082
0.253694 0.146039 0.0719222 9.9991E-05 0.507124 0.0211214
9.9991E-05 0.0793142 0.0171301 0.00396425 0.460226 0.439265
0.215711 0.135854 0.112084 9.9991E-05 0.47571 0.0605417
0.222234 0.0721215 0.0128295 0.0168989 0.6732 0.00271542
0.26387 0.108776 0.113742 9.9991E-05 0.508339 0.00517281
0.308213 9.9991E-05 0.462217 0.0977769 0.00421654 0.127477
0.828096 0.0922453 0.0359409 9.9991E-05 0.0298793 0.0137387
0.700863 0.120656 9.9973E-05 9.9973E-05 0.178181 9.9973E-05
0.188029 0.169222 9.9982E-05 9.9982E-05 0.633431 0.00911786
0.358493 0.101398 9.9991E-05 0.00534363 0.531856 0.00280876
0.317569 0.0664925 9.9973E-05 9.9973E-05 0.615639 9.9973E-05
0.151858 0.113652 0.0216605 0.0659786 0.616996 0.0298551
0.0462327 0.258973 0.0842269 0.110196 0.487282 0.0130894
0.0581751 0.186602 0.0298381 0.152224 0.573061 9.9991E-05
0.0379795 0.383525 0.204129 0.157517 0.132803 0.0840466
0.0732927 0.186809 0.0961909 0.0384719 0.59678 0.00845503
0.0921971 0.185701 0.168336 0.123616 0.43005 9.9991E-05
0.436938 0.391369 9.9973E-05 0.171393 9.9973E-05 9.9973E-05
0.210013 0.274436 9.9982E-05 0.185508 0.329842 9.9982E-05
0.0753307 0.381074 0.0848246 0.122559 0.336112 9.9991E-05
0.03894 0.305574 0.142413 0.089909 0.381671 0.0414928
0.104006 0.169809 0.0464919 0.104363 0.575229 9.9991E-05
0.0529628 0.223364 0.0514232 0.0705852 0.564934 0.0367309
0.049737 0.19286 0.0397418 0.0743396 0.643222 9.9991E-05
0.182395 0.17266 9.9991E-05 0.160009 0.404951 0.0798854
0.0682406 0.502291 0.0620399 0.102704 0.251398 0.013327
