0.0482968 0.0186084 9.9982E-05 0.0111242 9.9982E-05 0.921771
0.0174903 0.0116267 9.9973E-05 9.9973E-05 9.9973E-05 0.970583
0.0015596 9.9991E-05 0.0073506 0.0476211 0.0367821 0.906587
9.9973E-05 0.0591279 9.9973E-05 0.134379 9.9973E-05 0.806194
9.9973E-05 0.00365202 9.9973E-05 0.0914809 9.9973E-05 0.904567
0.0864718 0.0399287 0.122576 0.0638059 0.0518844 0.635334
9.9982E-05 0.0381472 0.137575 0.0102528 9.9982E-05 0.813825
0.00941291 0.103341 0.119744 0.0276599 9.9991E-05 0.739742
9.99729E-05 0.157297 0.0360736 9.99729E-05 9.99729E-05 0.80633
0.0215178 0.0277015 0.140013 0.0599756 9.9991E-05 0.750692
9.9982E-05 0.0451594 0.103601 0.0932029 9.9982E-05 0.757836
0.0397022 0.486256 0.0682146 0.258841 0.145988 0.000998659
0.0663124 0.26119 0.0280907 0.548532 0.0494197 0.0464557
0.104173 0.47532 0.0697983 0.231901 0.106521 0.0122873
0.112351 0.41695 0.0458719 0.2907 0.0987765 0.0353496
0.109316 0.315053 0.00552215 0.430637 0.0594797 0.0799921
0.0575629 0.254116 0.0215018 0.583655 0.0171457 0.0660185
0.047492 0.273118 0.0623623 0.465855 0.139326 0.0118457
0.0665908 0.386386 0.111367 0.308353 0.0218001 0.105504
9.999E-05 0.713779 0.114177 0.0581878 0.0949736 0.0187825
0.048853 0.289735 0.107831 0.419756 0.118555 0.015269
0.0527902 0.189903 0.23371 0.453286 0.0335646 0.0367467
0.0639379 0.253664 0.0303153 0.517157 0.127474 0.0074517
0.0443577 0.457038 0.0844349 0.263688 0.0784743 0.072008
0.0819429 0.144973 0.0982396 0.596491 9.9991E-05 0.0782533
0.0494925 0.226201 0.0129794 0.567522 0.0945499 0.0492556
0.0174697 0.501318 0.0383915 0.288654 0.0870347 0.0671312
0.0540232 0.441236 0.0233196 0.316351 0.124996 0.0400737
9.9991E-05 0.500205 0.112612 0.256602 0.113846 0.0166351
9.9964E-05 9.9964E-05 9.9964E-05 0.106332 9.9964E-05 0.893268
9.9964E-05 9.9964E-05 9.9964E-05 0.127785 9.9964E-05 0.871815
0.0822153 9.9973E-05 9.9973E-05 0.100749 9.9973E-05 0.816735
0.0830979 9.9991E-05 0.0020357 0.154628 0.00855095 0.751588
0.0103825 0.0584505 0.105844 0.499002 0.225179 0.101143
0.0531653 0.0597776 0.0118024 0.483563 0.31188 0.0798122
0.0316505 9.9982E-05 9.9982E-05 0.529807 0.416802 0.0215406
0.0141343 0.674166 9.9991E-05 0.19215 0.10897 0.0104804
0.0393848 9.9982E-05 0.17361 0.231239 0.555566 9.9982E-05
0.0405996 0.121783 9.9991E-05 0.511895 0.247717 0.0779061
9.9982E-05 9.9982E-05 0.0263072 0.708047 0.205573 0.0598722
9.9991E-05 0.101109 0.147902 0.553381 0.0786652 0.118843
0.00808859 0.0894199 0.0658409 0.618422 0.0848761 0.133352
9.9982E-05 0.141272 9.9982E-05 0.132753 0.693966 0.0318094
0.0169729 0.00888097 0.226756 0.674454 9.9991E-05 0.0728353
0.018566 0.0313377 0.0526341 0.607281 0.202773 0.0874079
0.0360614 9.9991E-05 0.0616625 0.59091 0.144939 0.166327
9.9973E-05 9.9973E-05 0.116403 0.305782 0.577516 9.9973E-05
0.0374116 0.0255964 9.9991E-05 0.597698 0.282873 0.0563209
0.0606281 0.0971899 0.0166414 0.526421 0.195132 0.103987
9.9973E-05 0.00445246 0.404698 9.9973E-05 0.590549 9.9973E-05
9.9982E-05 0.59654 0.0953953 0.196584 0.11128 9.9982E-05
0.0581713 0.230057 0.378483 0.183841 0.149349 9.9991E-05
0.0499461 0.0857521 0.12851 0.605758 0.0452429 0.0847908
0.0651644 0.118378 0.11863 0.622715 0.00447198 0.0706406
0.0645573 0.0678002 0.169013 0.604139 0.0287066 0.0657836
9.9991E-05 0.492301 0.0327105 0.226409 0.11269 0.135789
0.0134508 0.322871 0.0282571 0.589657 0.0388015 0.00696251
0.0541573 0.166667 0.0217897 0.593706 0.0729539 0.0907261
0.0264049 0.260039 0.131211 0.409021 0.0868962 0.0864283
0.0124488 0.493585 0.111564 0.155715 0.0781631 0.148524
0.0596972 0.180896 0.0761859 0.531132 0.103694 0.0483946
0.0332463 0.253372 0.0477148 0.488056 0.0972138 0.0803963
9.9991E-05 0.584744 0.118682 0.0895048 0.141814 0.0651555
9.9982E-05 0.375081 0.0355714 0.47178 0.117368 9.9982E-05
0.0308429 0.0694083 0.174346 0.600445 0.0732895 0.0516682
9.9991E-05 0.134576 0.0767162 0.679324 0.0134233 0.0958601
0.0420435 0.363203 0.0603443 0.288034 0.165507 0.0808686
0.039607 0.217387 0.0899399 0.509719 0.0985034 0.0448432
0.0187277 0.15897 0.0902194 0.580449 0.0938706 0.0577634
0.00219272 0.506236 0.117258 0.257081 0.101157 0.0160758
0.0156324 0.0100928 9.9991E-05 0.474127 0.490108 0.00994054
9.9982E-05 0.0722454 9.9982E-05 0.178226 0.72317 0.0261587
0.0348682 0.0308669 0.0759411 0.529333 0.249516 0.0794747
9.9964E-05 9.9964E-05 0.160175 9.9964E-05 0.839425 9.9964E-05
9.9964E-05 9.9964E-05 0.179211 9.9964E-05 0.820389 9.9964E-05
9.9973E-05 9.9973E-05 0.0840114 0.226707 0.688982 9.9973E-05
9.9982E-05 0.0809003 9.9982E-05 0.454672 0.42762 0.0366078
0.0817256 0.0201583 0.0353231 0.556706 0.19625 0.109837
0.0230353 9.9982E-05 0.0516105 0.443388 0.481766 9.9982E-05
9.9982E-05 0.178477 9.9982E-05 0.120339 0.652945 0.0480388
9.9982E-05 0.167647 9.9982E-05 0.251614 0.571057 0.009482
0.0575446 0.0348839 0.0535109 0.512358 0.26855 0.073152
0.0118444 0.0584043 9.9991E-05 0.310608 0.578367 0.0406771
9.9982E-05 0.071977 9.9982E-05 0.454763 0.444878 0.0281818
9.9982E-05 9.9982E-05 0.102526 0.423194 0.472041 0.00203933
9.9964E-05 9.9964E-05 0.38491 9.9964E-05 0.61469 9.9964E-05
0.0667458 0.0303123 0.0536299 0.578714 0.246797 0.0238016
9.9973E-05 0.0729706 9.9973E-05 0.0888831 9.9973E-05 0.837846
9.9964E-05 9.9964E-05 9.9964E-05 0.060967 9.9964E-05 0.938633
0.0342621 9.9973E-05 9.9973E-05 0.109599 9.9973E-05 0.855839
0.0396944 9.9973E-05 9.9973E-05 0.041001 9.9973E-05 0.919005
0.0325741 9.9982E-05 0.00543844 0.0065403 9.9982E-05 0.955247
0.0493354 9.9982E-05 0.0225106 0.0664812 9.9982E-05 0.861473
9.9964E-05 9.9964E-05 9.9964E-05 0.0812894 9.9964E-05 0.918311
0.0548263 0.108118 9.9991E-05 0.549496 0.199745 0.087714
0.0361585 0.0810076 0.0859438 0.60069 0.102062 0.0941382
9.9982E-05 0.211944 9.9982E-05 0.00103248 0.74472 0.0421034
0.0124984 0.117562 0.0537856 0.633917 0.101718 0.0805191
9.9982E-05 0.0907335 9.9982E-05 0.388483 0.475905 0.0446783
9.9982E-05 0.0719389 9.9982E-05 0.500627 0.367928 0.0593063
9.9982E-05 9.9982E-05 0.136427 0.576142 0.285559 0.00167288
0.0499764 0.0674046 9.9991E-05 0.490807 0.372091 0.0196212
9.9973E-05 0.255192 9.9973E-05 9.9973E-05 0.709821 0.0346871
0.0379833 0.149266 0.0970248 0.537856 0.0972089 0.0806615
0.0128997 0.0879647 0.0221537 0.6267 0.167634 0.0826482
0.054694 0.13138 0.0395569 0.568939 0.109623 0.0958068
0.00136522 0.0439453 0.209118 0.254657 0.484541 0.00637379
0.0439884 9.9982E-05 0.0461737 0.446957 0.462681 9.9982E-05
9.9982E-05 0.102486 9.9982E-05 0.46832 0.406702 0.0222916
0.0042961 9.9982E-05 0.0590282 0.386269 0.550207 9.9982E-05
9.9991E-05 0.145368 0.00695447 0.409028 0.408786 0.0297636
0.050906 0.0183678 0.0859683 0.52057 0.227034 0.097154
0.0657124 0.41385 0.213589 0.267893 0.0388561 9.9991E-05
0.00876612 0.39901 0.0846578 0.440506 9.9991E-05 0.0669601
0.0972433 0.198107 0.0483591 0.561793 9.9991E-05 0.0943978
0.0549625 0.199709 0.0127824 0.55728 0.0834438 0.0918224
9.9982E-05 0.422959 0.0522279 0.512605 9.9982E-05 0.0120084
0.0323062 0.260134 0.0230436 0.604425 0.0334569 0.0466338
9.9982E-05 0.406232 0.0385913 0.495774 9.9982E-05 0.0592033
0.0414309 0.174674 0.117029 0.492874 0.108728 0.0652643
0.0456985 0.188805 0.0686045 0.6171 0.0235744 0.0562178
9.9991E-05 0.261481 0.0465877 0.630348 0.00950065 0.051982
9.9991E-05 0.266649 0.0621356 0.629938 0.0088384 0.0323393
0.0668485 0.162775 0.102539 0.592543 0.0236375 0.0516566
0.0742396 0.10752 0.125704 0.599997 0.0343221 0.058217
0.0892135 0.203286 0.120601 0.561097 0.0257027 9.9991E-05
0.0765505 0.149701 0.0973369 0.569632 0.0376994 0.0690808
0.0556044 0.180502 0.1139 0.637535 0.00463507 0.00782269
0.0390221 0.252526 0.262607 0.354316 0.0367828 0.0547466
0.025369 0.163723 0.0752248 0.625876 0.0708181 0.0389889
0.0402257 0.137634 0.15107 0.670871 9.9982E-05 9.9982E-05
0.0311486 0.591972 0.0527563 0.206217 0.105068 0.012838
0.0427396 0.333572 0.389232 0.175054 0.0593024 9.9991E-05
0.0693973 0.211132 0.0901407 0.510981 0.07518 0.0431688
0.00117918 0.344972 0.471634 0.119882 0.0622332 9.9991E-05
9.9982E-05 0.513314 0.0448251 0.378752 0.0629093 9.9982E-05
9.9982E-05 0.429768 0.00714257 0.473816 0.0890733 9.9982E-05
9.9991E-05 0.494288 0.0483383 0.370738 0.0752432 0.011292
0.00464234 0.509362 0.0382034 0.377215 0.070478 9.9991E-05
9.9991E-05 0.224958 0.0637469 0.615739 0.0156544 0.0798017
0.00648687 0.18916 0.0525301 0.605936 0.0252091 0.120678
0.00735061 0.254877 9.9991E-05 0.606087 0.0844409 0.0471442
0.005874 0.402276 0.326147 0.20725 0.0583538 9.9991E-05
0.0468013 0.0562896 0.138119 0.459213 0.142842 0.156735
0.0548026 0.0427973 0.298466 0.494103 0.06143 0.0484013
9.9982E-05 0.0740166 0.700364 9.9982E-05 0.111121 0.114299
0.0035759 0.0224608 0.140458 0.702159 0.041574 0.0897725
0.0235383 0.0600404 0.388266 0.312825 0.135509 0.0798214
0.0504677 0.07385 0.243848 0.529209 9.9991E-05 0.102525
9.9991E-05 0.108603 0.47618 0.274294 0.0377187 0.103105
9.9991E-05 0.135195 0.604859 0.107417 0.0886345 0.0637938
0.02308 0.115977 0.340728 0.39499 0.0879561 0.0372688
0.077774 0.14405 0.207141 0.472308 0.0443129 0.0544142
0.0386291 0.104833 0.202229 0.465409 0.048958 0.139942
0.0556889 0.102754 0.494367 0.117441 0.171244 0.0585051
0.0300938 0.0631642 0.145593 0.586266 0.0602425 0.114641
9.9982E-05 0.0773575 0.486844 0.373804 0.0617949 9.9982E-05
9.9982E-05 0.100407 0.342426 0.473688 0.0832796 9.9982E-05
0.0688342 0.0806993 0.16152 0.598563 0.00950112 0.0808825
0.231924 9.9982E-05 0.222451 0.144329 9.9982E-05 0.401097
0.125142 9.9973E-05 0.40026 9.9973E-05 9.9973E-05 0.474298
0.125484 9.9973E-05 0.419693 9.9973E-05 9.9973E-05 0.454524
0.258006 9.9982E-05 0.288158 0.0919926 9.9982E-05 0.361644
0.000186383 0.0374106 0.258148 0.64078 0.0633755 9.9991E-05
0.0663053 0.112367 0.115996 0.595555 0.039596 0.0701808
0.654744 9.9973E-05 9.9973E-05 0.339833 0.0051238 9.9973E-05
0.465335 0.141551 0.00811898 0.374002 0.000836365 0.0101554
0.425525 0.0572702 9.9991E-05 0.38187 0.0692417 0.0659922
9.9991E-05 0.0491649 0.569274 0.331033 0.0478356 0.00259255
0.0553224 0.0799995 0.175094 0.478965 0.119895 0.0907246
9.9973E-05 0.0802127 0.626045 0.293443 9.9973E-05 9.9973E-05
9.9991E-05 0.00947812 0.280595 0.643094 0.0185409 0.048192
9.9991E-05 0.0756832 0.34094 0.520723 0.0168083 0.0457461
9.9982E-05 0.00768193 0.384164 0.606591 0.00136265 9.9982E-05
9.9973E-05 0.0544419 0.684937 0.260321 9.9973E-05 9.9973E-05
0.00882677 9.9991E-05 0.148536 0.658495 0.0944898 0.0895521
0.0323396 0.0510838 0.185038 0.611914 9.9991E-05 0.119525
0.971553 9.9982E-05 9.9982E-05 0.00224556 0.0240989 0.0019023
0.902426 0.00955459 9.9973E-05 0.0877192 9.9973E-05 9.9973E-05
0.562899 0.068016 9.9991E-05 0.301653 0.0123692 0.0549629
0.608128 0.0217474 9.9973E-05 0.369825 9.9973E-05 9.9973E-05
0.81275 0.0149992 9.9973E-05 0.171951 9.9973E-05 9.9973E-05
0.9995 9.996E-05 9.996E-05 9.996E-05 9.996E-05 9.996E-05
0.961756 0.0378443 9.9964E-05 9.9964E-05 9.9964E-05 9.9964E-05
0.859625 9.9973E-05 9.9973E-05 0.10987 0.0302056 9.9973E-05
0.946962 0.0400004 9.9982E-05 0.00833324 0.00450396 9.9982E-05
0.9995 9.996E-05 9.996E-05 9.996E-05 9.996E-05 9.996E-05
0.9995 9.996E-05 9.996E-05 9.996E-05 9.996E-05 9.996E-05
0.749784 9.9964E-05 9.9964E-05 0.249816 9.9964E-05 9.9964E-05
0.787999 0.0298687 9.9991E-05 0.118344 0.0272813 0.0364068
0.9995 9.996E-05 9.996E-05 9.996E-05 9.996E-05 9.996E-05
0.391458 0.084959 0.0637554 0.343184 0.00223026 0.114413
0.634885 0.0460457 9.9991E-05 0.241857 0.0292366 0.0478758
0.796985 9.9982E-05 9.9982E-05 0.137927 0.0150822 0.0498062
0.911568 9.9964E-05 9.9964E-05 0.0880325 9.9964E-05 9.9964E-05
0.9995 9.996E-05 9.996E-05 9.996E-05 9.996E-05 9.996E-05
0.951558 9.9964E-05 9.9964E-05 0.0480424 9.9964E-05 9.9964E-05
0.9995 9.996E-05 9.996E-05 9.996E-05 9.996E-05 9.996E-05
0.650791 0.0562551 9.9982E-05 0.260316 9.9982E-05 0.0324386
0.978124 9.9964E-05 9.9964E-05 9.9964E-05 0.0214757 9.9964E-05
0.063265 9.9982E-05 0.649492 0.000838375 9.9982E-05 0.286204
0.0771626 0.0493897 0.256249 0.398694 9.9991E-05 0.218405
0.0558292 9.9982E-05 0.294344 0.481542 9.9982E-05 0.168085
0.0685629 9.9982E-05 0.487718 0.229022 9.9982E-05 0.214497
0.104594 0.0317215 0.179515 0.469515 0.0688316 0.145823
0.110559 9.9982E-05 0.522367 0.120872 9.9982E-05 0.246002
0.0777956 0.0347625 0.230965 0.46197 0.0157333 0.178773
0.104508 9.9982E-05 0.367202 0.351219 9.9982E-05 0.176871
0.133701 9.9982E-05 0.239585 0.508974 9.9982E-05 0.11754
0.126866 9.9982E-05 0.341102 0.363805 9.9982E-05 0.168027
0.080887 0.0051104 0.233872 0.442138 0.0238145 0.214179
9.9982E-05 0.0168288 0.0335227 0.0554237 9.9982E-05 0.894025
0.0634133 0.00379675 0.0265958 9.9991E-05 0.00596553 0.900129
9.9973E-05 0.0279048 9.9973E-05 0.0211833 9.9973E-05 0.950612
9.9973E-05 0.0177309 9.9973E-05 9.9973E-05 0.0158749 0.966094
9.9973E-05 0.0227262 9.9973E-05 0.0663647 9.9973E-05 0.910609
9.9973E-05 9.9973E-05 0.00277548 9.9973E-05 0.0159008 0.981024
0.00996928 0.00195628 9.9982E-05 0.0538215 9.9982E-05 0.934053
9.9973E-05 0.0446065 9.9973E-05 0.0106004 9.9973E-05 0.944493
0.01608 0.0109125 9.9991E-05 0.0163285 0.0559971 0.900582
0.0353342 0.0173545 0.00599771 0.0160719 9.9991E-05 0.925142
9.9982E-05 0.287479 0.0395506 9.9982E-05 0.076011 0.59676
9.9973E-05 0.334497 0.0416689 9.9973E-05 9.9973E-05 0.623534
9.9982E-05 0.34081 0.0772361 9.9982E-05 0.0540499 0.527704
9.9973E-05 0.452617 0.0929849 9.9973E-05 9.9973E-05 0.454098
0.0193183 0.155589 9.9991E-05 0.468605 0.310155 0.0462324
0.0209428 0.0835571 9.9991E-05 0.497308 0.328713 0.0693785
0.00413163 0.185921 9.9991E-05 0.559081 0.206979 0.0437878
0.017322 0.283651 0.0311526 0.369856 0.255139 0.0428792
9.9982E-05 0.63521 0.0765843 0.221867 0.0661384 9.9982E-05
0.0363532 0.083666 0.0232744 0.634773 0.18326 0.038673
0.00100603 0.126571 9.9982E-05 0.61073 0.261493 9.9982E-05
9.9982E-05 0.0340721 0.133054 0.539042 0.293632 9.9982E-05
0.00283811 9.9982E-05 0.0662271 0.37819 0.552545 9.9982E-05
0.0434502 0.0717915 0.091947 0.579404 0.146166 0.0672416
9.9982E-05 0.0522801 9.9982E-05 0.414524 0.514293 0.0187029
9.9964E-05 9.9964E-05 0.223191 9.9964E-05 0.776409 9.9964E-05
0.0150237 0.136974 0.0439173 0.611915 0.118452 0.0737182
9.9973E-05 9.9973E-05 0.236346 0.144817 0.618537 9.9973E-05
0.0212366 9.9991E-05 0.07774 0.497348 0.374809 0.028766
9.9982E-05 0.191267 9.9982E-05 0.103731 0.690845 0.0139575
9.9973E-05 0.801094 0.0558806 9.9973E-05 9.9973E-05 0.142726
9.9982E-05 0.759195 0.0586904 0.066183 9.9982E-05 0.115732
9.9991E-05 0.803799 0.0616281 0.0323932 0.0144534 0.0876266
9.9973E-05 0.845645 0.0494027 9.9973E-05 9.9973E-05 0.104652
9.9982E-05 0.811022 0.0404934 0.116419 9.9982E-05 0.0318649
0.0364591 0.782939 0.054268 0.0597416 9.9991E-05 0.0664926
0.0765994 0.00896558 9.9991E-05 0.00223489 0.0521966 0.859904
0.0224155 0.0453617 9.9991E-05 0.107892 0.00439174 0.819839
0.0493904 0.00938981 0.0289914 0.14378 9.9991E-05 0.768349
0.0876364 0.0247379 9.9991E-05 0.00387795 0.0540543 0.829593
0.0655294 0.0343735 9.9982E-05 0.114119 9.9982E-05 0.785778
9.9973E-05 0.55293 0.0578399 9.9973E-05 9.9973E-05 0.38893
9.9973E-05 0.518467 0.0427601 9.9973E-05 9.9973E-05 0.438473
9.9982E-05 0.512123 0.0211559 0.0117049 9.9982E-05 0.454816
9.9973E-05 0.026131 9.9973E-05 0.124058 9.9973E-05 0.849511
9.9982E-05 0.512826 0.0486791 9.9982E-05 0.039955 0.39834
0.295139 9.9982E-05 0.133453 0.313625 9.9982E-05 0.257583
0.182784 0.0244263 0.0469356 0.574525 9.9991E-05 0.171229
0.229824 9.9973E-05 9.9973E-05 0.565427 9.9973E-05 0.204449
0.240989 9.9982E-05 0.107314 0.335592 9.9982E-05 0.315904
0.125337 0.0404098 0.0630234 0.545507 0.0332987 0.192424
0.303586 9.9973E-05 0.248352 9.9973E-05 9.9973E-05 0.447763
9.9982E-05 0.415933 0.0852424 0.46397 0.0346552 9.9982E-05
9.9982E-05 0.246396 0.237757 0.500281 0.0153654 9.9982E-05
9.9982E-05 0.549274 0.0164889 0.306343 0.127694 9.9982E-05
0.00229187 0.175181 0.207446 0.559054 0.0559273 9.9991E-05
9.9973E-05 0.353368 0.593194 9.9973E-05 0.0531387 9.9973E-05
0.0294578 0.159008 0.114173 0.609552 0.0313856 0.0564236
0.00530938 0.14801 0.164199 0.599725 0.0505585 0.0321972
9.9991E-05 0.486428 0.06694 0.374259 0.0653112 0.00696116
0.048264 0.239289 0.0804965 0.552265 0.0231919 0.0564938
9.9982E-05 0.324788 0.41382 0.15157 0.109622 9.9982E-05
9.9991E-05 0.141009 0.160064 0.596567 0.090495 0.0117648
9.9991E-05 0.306878 0.0666945 0.51817 0.077279 0.030878
0.138967 0.046448 0.182902 0.467534 0.0744503 0.0896991
0.011258 0.251684 0.252361 0.360968 0.123629 9.9991E-05
0.000946285 0.199994 0.275036 0.458182 0.0657417 9.9991E-05
0.0522734 0.223784 0.119331 0.553689 0.0508232 9.9991E-05
9.9982E-05 0.218741 0.129829 0.581568 0.069662 9.9982E-05
0.0738071 0.174896 0.108856 0.618827 0.0156644 0.00794949
0.0708747 0.151402 0.0757673 0.560234 0.0949061 0.0468157
0.0195723 0.178473 0.0638732 0.551665 0.0942223 0.0921939
0.0410952 9.9973E-05 9.9973E-05 0.119665 9.9973E-05 0.83894
9.9973E-05 9.9973E-05 9.9973E-05 0.115011 0.00213685 0.882552
9.9982E-05 9.9982E-05 0.0303437 0.0510712 0.0170704 0.901315
0.0660522 0.00204944 9.9991E-05 0.00297358 0.0195507 0.909274
9.9973E-05 0.0100736 9.9973E-05 0.0859585 9.9973E-05 0.903668
0.0198462 0.62006 0.0469891 0.156109 0.116707 0.0402894
0.0590273 0.229135 0.105502 0.529391 0.0514135 0.0255316
0.234928 9.9982E-05 0.158029 0.399239 9.9982E-05 0.207604
0.0486247 0.240029 9.9991E-05 0.653068 0.0160349 0.0421429
0.0423305 0.347194 9.9991E-05 0.492098 0.112074 0.00620353
0.0256871 0.328843 0.28174 0.277049 0.0865803 9.9991E-05
9.9991E-05 0.761767 0.0413927 0.00232958 0.109663 0.0847469
0.0360888 0.356457 0.0206355 0.487196 0.0669008 0.0327214
0.0521746 0.595339 0.0528434 0.258784 0.016299 0.0245598
0.025484 0.192897 0.170013 0.47512 0.0979732 0.0385134
0.00711071 0.661735 0.0880993 0.184708 9.9991E-05 0.0582475
0.0578565 0.297688 9.9991E-05 0.556945 0.0296832 0.0577273
0.024084 0.610926 0.0720807 0.158207 0.112 0.0227019
0.109866 0.300773 0.257536 0.254497 0.0772274 9.9991E-05
0.0188581 0.12034 0.202427 0.52983 0.0199581 0.108587
9.9982E-05 0.118413 0.518846 0.326883 0.0356581 9.9982E-05
9.9991E-05 0.0371399 0.316719 0.542812 0.0223384 0.0808898
9.9991E-05 0.0337133 0.206693 0.589248 0.0231238 0.147123
9.9982E-05 0.0775921 0.573192 0.311042 0.0379742 9.9982E-05
0.0549112 0.130031 0.178975 0.497519 0.0810614 0.0575033
9.9991E-05 0.0385516 0.338308 0.550635 0.0257602 0.0466451
9.9982E-05 0.0257562 0.687671 0.177411 0.108962 9.9982E-05
9.9973E-05 0.0522628 0.692904 0.254533 9.9973E-05 9.9973E-05
9.9982E-05 0.0621754 0.418293 0.505455 9.9982E-05 0.0138762
9.9982E-05 0.0851024 0.673958 0.102857 0.137882 9.9982E-05
9.9982E-05 0.133859 0.364352 0.454717 0.0468721 9.9982E-05
0.00963762 0.707943 0.00479802 0.172808 0.104713 9.9991E-05
0.0618189 0.370927 0.24841 0.222921 0.0958228 9.9991E-05
0.0979569 0.4156 9.9991E-05 0.380743 0.0844009 0.0211998
0.0814811 0.26918 9.9991E-05 0.537222 0.0787844 0.0332323
0.0252339 0.610456 9.9982E-05 0.216484 0.147626 9.9982E-05
0.0251121 0.182529 0.107028 0.520925 0.105094 0.0593122
0.0648085 0.275529 0.0217657 0.577603 0.0272208 0.0330731
0.0738364 0.199736 0.0993645 0.515449 0.108729 0.00288444
0.0972202 0.245763 0.0710977 0.488279 0.0975397 9.9991E-05
0.0204013 0.421422 9.9982E-05 0.497329 0.0606478 9.9982E-05
0.034048 0.542705 0.0228298 0.273955 0.125945 0.000517405
0.0144191 0.443697 0.0127371 0.475728 0.053319 9.9991E-05
0.027778 0.238971 0.0725116 0.579627 0.0810124 9.9991E-05
0.139551 0.158763 0.0770488 0.581045 0.0390628 0.00453006
0.117637 0.282152 0.179288 0.301842 0.0722239 0.0468568
0.0867868 0.238221 0.0874402 0.466173 0.121279 9.9991E-05
0.0541215 0.437315 0.0420807 0.387013 0.0793691 9.9991E-05
0.0357628 0.232506 0.0843338 0.570746 0.0268616 0.0497896
0.0580449 0.286204 9.9991E-05 0.491251 0.108723 0.0556774
0.0771801 0.173 0.0823193 0.549975 0.0185593 0.0989664
0.110723 0.0217894 0.0148567 0.485525 9.9991E-05 0.367006
0.159164 0.0808653 0.0878359 0.549768 9.9991E-05 0.122267
0.116279 0.0518334 0.0888722 0.502281 0.0449785 0.195756
0.12776 0.0610069 0.138162 0.569464 0.0191131 0.084494
0.192367 9.9991E-05 0.136964 0.434908 0.0541162 0.181545
9.9982E-05 0.185845 0.241598 0.509459 0.0628985 9.9982E-05
0.128473 0.0632897 0.115225 0.492322 0.0561619 0.144528
0.178944 0.0787087 0.396682 0.0552986 0.0632054 0.227161
0.0789716 0.0547141 0.121242 0.607564 9.9991E-05 0.137408
0.170873 0.0476339 0.0809434 0.489593 0.0514694 0.159487
0.186504 0.0591703 0.0916492 0.511923 0.0359186 0.114835
0.104862 0.0208312 0.286902 0.316698 0.0547553 0.215951
0.11501 0.0597335 0.0312542 0.580454 9.9991E-05 0.213448
0.159245 0.031519 0.109565 0.540835 9.9991E-05 0.158736
0.14205 9.9973E-05 0.371756 9.9973E-05 9.9973E-05 0.485894
0.199321 0.0522301 0.08013 0.483099 0.0436021 0.141617
0.20165 0.0290632 0.0505733 0.529154 0.0219522 0.167607
0.107529 0.0766808 0.0684371 0.608611 0.0476622 0.0910797
0.162648 9.9982E-05 0.0660002 0.550138 9.9982E-05 0.221014
0.0836975 0.0326256 0.0490629 0.534436 0.0652689 0.234909
0.0155393 0.0471408 0.332373 0.511885 0.0909934 0.00206871
0.0240951 0.0294345 0.212212 0.574197 0.114329 0.045732
9.9982E-05 0.0693632 0.750254 0.0224716 0.157711 9.9982E-05
9.9982E-05 0.094596 0.691718 0.0591309 0.154355 9.9982E-05
0.0373545 0.054868 0.277183 0.553278 0.0147668 0.0625493
0.331124 9.9982E-05 0.18626 0.344207 9.9982E-05 0.138208
0.297325 9.9982E-05 0.214391 0.374879 9.9982E-05 0.113205
0.277142 9.9982E-05 0.308815 0.237691 9.9982E-05 0.176151
0.257403 9.9982E-05 0.23589 0.361828 9.9982E-05 0.144679
0.0375024 9.9982E-05 0.727934 0.189649 9.9982E-05 0.0447149
0.0705229 0.0374642 0.591632 0.21554 0.0304383 0.054403
0.0587618 9.9991E-05 0.271614 0.619473 0.0471597 0.00289175
0.0874686 9.9982E-05 0.378298 0.482111 9.9982E-05 0.0519226
0.0460076 0.0293057 0.548885 0.31252 0.0497326 0.0135498
0.059408 0.0948223 0.213012 0.602172 0.00805025 0.0225362
0.0303512 0.0483832 0.274954 0.631226 9.9991E-05 0.0149862
0.0667929 0.0231124 0.27682 0.555377 0.0155273 0.0623704
9.9982E-05 0.0204427 0.467772 0.41697 0.0946152 9.9982E-05
9.9982E-05 0.080661 0.382524 0.472374 0.0642406 9.9982E-05
9.9991E-05 0.0648198 0.272549 0.56625 0.0641615 0.0321197
9.9991E-05 0.101495 0.28271 0.540499 0.068111 0.00708396
0.0697047 0.0701923 0.197623 0.522384 0.0640981 0.0759977
9.9982E-05 9.9982E-05 0.381175 0.513209 0.104463 0.00095316
9.9973E-05 9.9973E-05 0.635512 0.281467 0.0827213 9.9973E-05
9.9991E-05 0.00949605 0.258839 0.696118 0.0332604 0.00218571
9.9982E-05 0.0419795 0.579129 0.249319 0.129373 9.9982E-05
9.9991E-05 0.000902384 0.423068 0.502715 0.0702187 0.00299556
0.0208608 0.0510132 0.223997 0.53163 0.0906665 0.0818322
0.0697193 0.0765163 0.224988 0.482501 0.118281 0.0279939
0.0816492 0.016987 0.136104 0.569951 0.00586967 0.189439
0.120712 0.0324387 0.198347 0.446605 0.047575 0.154323
0.262723 9.9982E-05 0.179622 0.356613 9.9982E-05 0.200842
0.273296 0.0624928 0.146956 0.313796 0.0255336 0.177926
0.185727 0.0289678 0.0865457 0.480271 0.0442796 0.174209
0.139401 0.00345039 0.190263 0.445605 0.0682063 0.153075
0.141417 9.9991E-05 0.656087 0.044762 0.0207175 0.136916
0.216604 9.9991E-05 0.15832 0.532969 0.0119637 0.0800433
0.118066 9.9973E-05 0.574147 9.9973E-05 9.9973E-05 0.307487
0.137822 9.9982E-05 0.235999 0.56059 9.9982E-05 0.0653884
9.9973E-05 9.9973E-05 0.659177 0.232232 0.108292 9.9973E-05
9.9982E-05 0.0161462 0.674807 0.0598071 0.249039 9.9982E-05
9.9982E-05 0.0308572 0.363907 0.536664 0.0683717 9.9982E-05
0.00129151 9.9991E-05 0.260913 0.662162 0.0638542 0.0116791
9.9982E-05 0.034526 0.430045 0.482082 0.0531471 9.9982E-05
9.9973E-05 9.9973E-05 0.231452 0.629611 0.138638 9.9973E-05
9.9973E-05 9.9973E-05 0.343305 0.592293 0.0641015 9.9973E-05
0.0154142 0.0507082 0.0142179 0.00628334 0.0230921 0.890284
0.0889328 0.0768936 0.0231097 0.00878835 0.0502592 0.752016
0.0330372 0.0326287 9.9982E-05 0.00129855 9.9982E-05 0.932836
9.9973E-05 9.9973E-05 0.00494839 0.0339338 9.9973E-05 0.960818
0.0609035 9.9991E-05 0.0408949 0.524829 0.316239 0.0570335
0.00768354 0.0730376 9.9991E-05 0.533104 0.354289 0.0317859
9.9982E-05 0.0113054 9.9982E-05 0.52729 0.446962 0.0142421
9.9982E-05 0.058664 9.9982E-05 0.606627 0.218773 0.115736
0.0312531 0.0775296 0.067521 0.592373 0.13718 0.0941435
9.9982E-05 0.0911325 9.9982E-05 0.282376 0.572188 0.0541033
9.9964E-05 9.9964E-05 9.9964E-05 0.633024 0.366576 9.9964E-05
0.00322505 9.9982E-05 0.185006 0.266793 0.544776 9.9982E-05
0.177111 0.113925 0.0315429 0.40087 9.9991E-05 0.276451
0.0332666 0.036223 0.115635 0.405444 0.407668 0.00176362
9.9982E-05 0.0874922 9.9982E-05 0.336765 0.557204 0.0183383
9.9982E-05 0.0089114 0.10362 0.529883 0.357386 9.9982E-05
0.0217947 0.10891 9.9991E-05 0.357452 0.460139 0.0516032
0.0233291 9.9982E-05 0.0151958 0.534133 0.427142 9.9982E-05
9.9991E-05 0.0150648 0.00182558 0.512869 0.378517 0.0916228
9.9964E-05 9.9964E-05 0.161759 9.9964E-05 0.837841 9.9964E-05
0.021177 9.9982E-05 0.116484 0.303116 0.559023 9.9982E-05
0.0061188 9.9982E-05 0.0932353 0.34624 0.554206 9.9982E-05
9.9964E-05 9.9964E-05 0.233576 9.9964E-05 0.766024 9.9964E-05
0.00839704 0.116255 9.9991E-05 0.372449 0.432044 0.0707555
9.9973E-05 9.9973E-05 0.354195 0.0573445 0.58816 9.9973E-05
9.9964E-05 9.9964E-05 0.276874 9.9964E-05 0.722726 9.9964E-05
9.9982E-05 9.9982E-05 0.053799 0.575548 0.311731 0.0587217
9.9982E-05 0.180059 9.9982E-05 0.153433 0.624534 0.0417749
0.0196283 0.0978931 0.0140062 0.440849 0.404751 0.0228718
0.0554972 0.0586067 0.100473 0.570017 0.134393 0.0810134
0.0152669 0.0646642 9.9991E-05 0.499109 0.386737 0.0341234
0.00955485 0.317415 0.225598 0.409532 0.0378002 9.9991E-05
0.0115313 0.0489382 0.00105511 0.539728 0.355087 0.0436595
9.9982E-05 0.109275 9.9982E-05 0.508423 0.346271 0.0358304
9.9973E-05 9.9973E-05 0.125065 0.328687 0.545948 9.9973E-05
0.030993 0.0712657 0.0195379 0.510385 0.261594 0.106224
9.9973E-05 0.291016 0.0269465 9.9973E-05 9.9973E-05 0.681738
9.9982E-05 0.11909 0.046139 9.9982E-05 0.049717 0.784854
9.9973E-05 0.131129 0.0100151 9.9973E-05 9.9973E-05 0.858556
9.9973E-05 0.144688 0.0180377 9.9973E-05 9.9973E-05 0.836975
9.9991E-05 0.188449 0.0290883 0.0226217 0.00440942 0.755331
9.9982E-05 0.151975 9.9982E-05 0.1177 0.678961 0.0511648
9.9982E-05 0.150304 9.9982E-05 0.140222 0.6826 0.0266743
0.0243815 9.9982E-05 0.117108 0.146574 0.711737 9.9982E-05
0.0502295 0.0210064 0.123374 0.551308 0.148349 0.105733
0.0807016 0.0827576 0.0022657 0.471293 0.244681 0.118302
0.0479409 9.9991E-05 0.0786706 0.196473 0.669996 0.00681969
0.077155 0.00819071 0.0518469 0.563007 0.2997 9.9991E-05
0.0258039 9.9991E-05 0.0814049 0.395794 0.436207 0.0606902
9.9982E-05 0.0688583 9.9982E-05 0.548193 0.343183 0.039566
0.0610674 9.9982E-05 9.9982E-05 0.552227 0.320083 0.0664229
0.00394007 0.161553 9.9982E-05 0.157225 0.677082 9.9982E-05
9.9982E-05 0.120588 9.9982E-05 0.285436 0.589533 0.00424259
9.9982E-05 0.113955 9.9982E-05 0.307717 0.556027 0.0221016
9.9982E-05 0.0660131 0.147077 0.660734 9.9982E-05 0.125976
9.9982E-05 0.0567388 9.9982E-05 0.355273 0.561148 0.0266397
0.0137691 0.0896589 9.9991E-05 0.39324 0.465631 0.0376006
0.351873 0.0136166 0.098981 0.465211 9.9991E-05 0.0702186
0.45533 9.9991E-05 0.106598 0.300366 0.0360397 0.101565
0.431065 0.00426186 0.0321498 0.428479 9.9991E-05 0.103945
0.522534 9.9982E-05 0.075054 0.269651 9.9982E-05 0.132561
0.324681 0.0329917 0.0420695 0.460868 0.00458124 0.134808
0.0140315 9.9991E-05 0.192768 0.536732 0.188692 0.0676771
0.656658 9.9973E-05 0.106626 9.9973E-05 9.9973E-05 0.236416
0.519805 9.9991E-05 0.0630856 0.283862 0.000470482 0.132676
0.104592 9.9991E-05 0.256663 0.432472 0.00294133 0.203231
9.9991E-05 0.0640385 0.166295 0.536644 0.0565595 0.176363
9.9982E-05 0.07924 0.242579 0.519091 9.9982E-05 0.158891
0.00517299 0.0588972 0.170098 0.641647 9.9991E-05 0.124085
0.0276728 0.0140432 0.185398 0.63177 0.00115343 0.139962
0.492724 9.9991E-05 0.0242711 0.322571 0.00245304 0.157881
0.354751 0.0349906 0.0572379 0.422854 9.9991E-05 0.130066
0.515231 9.9982E-05 9.9982E-05 0.395507 0.0114443 0.0776175
0.315713 0.0510634 0.0382581 0.468493 9.9991E-05 0.126372
0.508787 9.9991E-05 0.0590185 0.229629 0.0351748 0.167291
0.329436 9.9991E-05 0.0437417 0.411586 0.072123 0.143012
0.57625 0.016088 0.0834919 0.19973 9.9991E-05 0.12434
0.343848 0.0405864 0.077278 0.395421 0.03069 0.112177
9.9973E-05 9.9973E-05 0.344704 0.544437 9.9973E-05 0.110559
0.330861 0.0175588 0.0779654 0.356546 0.0633276 0.153741
0.624827 9.9982E-05 0.076965 0.118092 9.9982E-05 0.179915
0.362351 0.101372 0.0317027 0.380146 0.0140749 0.110354
9.9991E-05 0.142515 0.26969 0.325781 0.0772346 0.18468
0.00488572 9.9982E-05 0.255194 0.685526 9.9982E-05 0.0541947
0.367775 0.0279715 0.0721956 0.375095 9.9991E-05 0.156862
9.9982E-05 0.096942 0.186262 0.564317 9.9982E-05 0.152279
9.9982E-05 0.0491246 0.223733 0.544503 9.9982E-05 0.18244
0.235967 9.9991E-05 0.180049 0.351312 0.0423882 0.190184
0.282191 9.9982E-05 0.135979 0.369436 9.9982E-05 0.212194
0.024822 0.00995636 0.114999 0.584452 0.127719 0.138051
0.281729 0.0675749 0.0247833 0.471019 0.0209984 0.133896
0.449046 0.00870647 0.0144784 0.421492 9.9991E-05 0.106178
0.643693 9.9982E-05 0.0508035 0.121997 9.9982E-05 0.183307
0.0226258 0.0464368 0.130431 0.650835 0.0414629 0.108208
9.9982E-05 0.0558794 0.306384 0.478021 9.9982E-05 0.159516
9.9973E-05 9.9973E-05 0.716126 0.179093 9.9973E-05 0.104481
0.0362937 0.0556052 0.134624 0.609085 0.0225494 0.141842
0.0238219 0.163179 0.270475 0.434248 0.0317778 0.0764976
0.127478 0.0109911 0.165079 0.460877 0.0298948 0.20568
0.0991938 0.0648039 0.15376 0.47629 0.0632695 0.142683
0.120489 9.9973E-05 0.513981 9.9973E-05 9.9973E-05 0.36523
0.0804634 9.9973E-05 0.612023 9.9973E-05 9.9973E-05 0.307213
0.0742255 9.9991E-05 0.382212 0.349605 0.00787951 0.185978
0.174368 9.9982E-05 0.464955 0.0362029 9.9982E-05 0.324275
0.170323 9.9973E-05 0.371272 9.9973E-05 9.9973E-05 0.458105
0.0896332 9.9991E-05 0.30175 0.393687 0.0120788 0.202751
0.174907 0.0419232 0.189395 0.326822 0.0261413 0.240811
0.16171 9.9982E-05 0.418038 0.165493 9.9982E-05 0.25456
0.134745 9.9982E-05 0.53135 0.0577644 9.9982E-05 0.275941
0.126904 0.0122745 0.175447 0.495077 0.0291766 0.16112
0.131871 9.9982E-05 0.454635 0.184611 9.9982E-05 0.228684
0.0526738 9.9973E-05 0.586136 9.9973E-05 9.9973E-05 0.36089
0.103592 0.0407739 0.153948 0.516179 0.0613908 0.124116
0.182445 9.9982E-05 0.276312 0.299792 9.9982E-05 0.24125
0.165954 0.0304896 0.0297741 0.409941 0.0252887 0.338553
0.24015 9.9973E-05 9.9973E-05 0.586044 9.9973E-05 0.173506
0.196265 9.9991E-05 0.124263 0.519984 0.000591682 0.158796
0.219442 9.9991E-05 0.0733665 0.505378 0.0337345 0.167979
0.217032 0.090337 0.0270854 0.318916 9.9991E-05 0.34653
0.21338 0.0737034 0.0225927 0.488798 9.9991E-05 0.201426
0.195813 0.0283699 0.0103029 0.456449 0.0121867 0.296878
0.250236 9.9991E-05 0.198901 0.263863 0.0391076 0.247794
0.101414 0.0996211 9.9991E-05 0.31822 0.244014 0.236631
0.126987 0.0226544 0.11616 0.480367 0.0541419 0.19969
0.137729 0.0518627 0.127409 0.50908 9.9991E-05 0.17382
0.13683 0.0639989 0.026275 0.518838 0.0999247 0.154133
0.207685 0.0120035 0.0691483 0.449907 9.9991E-05 0.261156
0.178345 0.0244797 0.0251859 0.484736 0.0386591 0.248595
0.294995 9.9982E-05 0.285881 0.0384334 9.9982E-05 0.380491
0.185378 0.0733063 0.0615556 0.543492 9.9991E-05 0.136168
0.282038 9.9982E-05 0.212616 0.194884 9.9982E-05 0.310262
0.0143976 0.186184 9.9973E-05 9.9973E-05 9.9973E-05 0.799119
0.0013554 0.798529 9.9982E-05 0.172551 9.9982E-05 0.0273641
9.996E-05 0.9995 9.996E-05 9.996E-05 9.996E-05 9.996E-05
9.996E-05 0.9995 9.996E-05 9.996E-05 9.996E-05 9.996E-05
0.00142358 0.975149 9.9973E-05 0.0231273 9.9973E-05 9.9973E-05
0.0344806 0.96512 9.9964E-05 9.9964E-05 9.9964E-05 9.9964E-05
9.9964E-05 0.968479 9.9964E-05 0.0311209 9.9964E-05 9.9964E-05
9.996E-05 0.9995 9.996E-05 9.996E-05 9.996E-05 9.996E-05
9.9964E-05 0.860324 9.9964E-05 9.9964E-05 9.9964E-05 0.139276
9.9973E-05 0.0630141 9.9973E-05 9.9973E-05 0.0407819 0.895904
9.9973E-05 0.133859 9.9973E-05 0.0729328 9.9973E-05 0.792909
0.00702964 0.0273701 0.0185459 0.0188457 0.0422833 0.885925
9.9982E-05 0.0695779 0.00901317 0.0306648 9.9982E-05 0.890544
9.9982E-05 0.0870751 9.9982E-05 0.0152848 0.0172503 0.88019
9.9982E-05 0.0310686 9.9982E-05 0.058228 0.00196692 0.908536
0.0821999 0.0137988 0.0486338 0.131749 9.9991E-05 0.723519
0.0121669 9.9973E-05 9.9973E-05 0.0874128 9.9973E-05 0.90012
0.014966 0.0599073 0.0483715 0.140818 9.9991E-05 0.735838
0.0594846 9.9973E-05 9.9973E-05 0.0247249 9.9973E-05 0.915491
9.996E-05 9.996E-05 9.996E-05 9.996E-05 9.996E-05 0.9995
0.0272336 0.00946597 9.9991E-05 0.0380051 0.0319947 0.893201
9.9964E-05 9.9964E-05 9.9964E-05 9.9964E-05 0.0119638 0.987636
9.9964E-05 9.9964E-05 9.9964E-05 0.0351047 9.9964E-05 0.964495
0.0100949 9.9991E-05 0.00439033 0.085345 0.00842259 0.891647
9.9964E-05 9.9964E-05 9.9964E-05 0.0706001 9.9964E-05 0.929
0.047858 9.9973E-05 9.9973E-05 0.0822529 9.9973E-05 0.869589
0.0276112 9.9973E-05 9.9973E-05 0.114624 9.9973E-05 0.857465
0.0701877 9.9973E-05 9.9973E-05 0.123621 9.9973E-05 0.805891
9.9991E-05 0.145662 0.268958 0.406354 0.0498965 0.129029
9.9991E-05 0.036277 0.184249 0.714445 0.00622727 0.0587026
0.0880002 0.0446523 0.111372 0.56504 0.0827967 0.10814
9.9982E-05 9.9982E-05 0.722217 0.124752 0.0581849 0.094646
9.9982E-05 0.0916869 0.236147 0.539815 9.9982E-05 0.132151
9.9973E-05 9.9973E-05 0.741155 0.127367 9.9973E-05 0.131178
0.0270937 9.9991E-05 0.23286 0.630774 0.033584 0.075588
9.9991E-05 0.102459 0.20918 0.406076 0.132672 0.149514
9.9982E-05 0.0468818 0.270392 0.528525 9.9982E-05 0.154002
0.0182279 0.0135582 9.9991E-05 0.4346 0.436982 0.0965313
9.9991E-05 0.106314 0.23412 0.48704 0.0563397 0.116086
9.9982E-05 0.00628756 0.204576 0.682576 9.9982E-05 0.106361
9.9982E-05 0.0873372 0.21783 0.571207 9.9982E-05 0.123426
0.0927538 0.468298 0.289753 9.9982E-05 0.148994 9.9982E-05
9.9982E-05 0.059337 0.829382 0.0385726 9.9982E-05 0.0725081
9.9973E-05 9.9973E-05 0.742601 0.151577 9.9973E-05 0.105522
9.9982E-05 0.0352167 0.153946 0.645483 9.9982E-05 0.165154
9.9982E-05 9.9982E-05 0.386057 0.525073 0.0104269 0.0782427
9.9982E-05 9.9982E-05 0.26977 0.60096 0.0468361 0.0822339
0.0540527 0.0353962 0.112829 0.646389 0.0550923 0.0962405
0.191807 0.059826 0.0662006 0.442335 0.0183007 0.221531
0.126156 0.0287835 0.0482018 0.583037 0.00761631 0.206205
0.125792 0.19573 0.054557 0.182272 0.0414752 0.400174
0.01803 0.150092 0.0603543 0.587472 0.0429339 0.141118
0.132042 0.143477 0.0693982 0.424753 9.9991E-05 0.230231
0.173903 9.9973E-05 0.439379 9.9973E-05 9.9973E-05 0.386418
0.189597 9.9982E-05 0.19711 0.312071 9.9982E-05 0.301023
0.141656 0.0891335 0.087955 0.315661 0.00688446 0.358711
0.0942357 0.151334 0.035829 0.410479 9.9991E-05 0.308022
0.1001 0.0328109 0.0778847 0.562366 0.018899 0.20794
0.114697 0.0667394 0.060285 0.536148 0.0431519 0.178979
0.096297 0.0407805 0.0799784 0.630536 9.9991E-05 0.152308
0.188784 9.9991E-05 0.169791 0.383786 0.0680904 0.189448
0.122244 0.0290302 0.074916 0.226824 0.0323166 0.514669
