9.9982E-05 0.0133514 9.9982E-05 0.924507 0.0199029 0.0420386
0.00619875 9.9982E-05 9.9982E-05 0.96964 0.0093357 0.0146254
0.0426383 0.020865 0.00753939 0.885019 0.0246743 0.0192641
9.9973E-05 0.129908 9.9973E-05 0.835201 0.0345903 9.9973E-05
9.9964E-05 0.0836929 9.9964E-05 0.915907 9.9964E-05 9.9964E-05
0.031547 0.0799677 0.107242 0.683136 0.0726572 0.0254495
9.9982E-05 0.0109616 0.135512 0.821254 0.0320727 9.9982E-05
9.9991E-05 0.0185097 0.14621 0.731906 0.0878569 0.0154178
9.99729E-05 9.99729E-05 0.0111378 0.832561 0.156001 9.99729E-05
9.9982E-05 0.0618961 0.0964609 0.770589 0.0708543 9.9982E-05
9.9982E-05 0.10305 0.0760201 0.780809 0.0399204 9.9982E-05
0.163729 0.224729 0.0451943 0.0215794 0.499536 0.0452328
0.0403485 0.564784 0.0554262 0.0670899 0.243619 0.028732
0.0821849 0.267262 0.0472939 9.9991E-05 0.5132 0.0899596
0.0416069 0.279648 0.0328567 0.0214271 0.490827 0.133635
0.0287574 0.480945 0.0318889 0.0899175 0.274749 0.0937421
0.00196603 0.584601 0.0645748 0.0280426 0.235769 0.0850459
0.139045 0.496616 0.0480895 0.0266364 0.259946 0.0296678
0.0590125 0.274697 0.0774169 0.116348 0.412489 0.0600368
0.113609 0.0584304 0.0981202 0.0197052 0.695096 0.0150388
0.100008 0.4542 0.0883542 0.0171676 0.30709 0.0331806
0.0404802 0.486611 0.242676 0.00475269 0.174448 0.0510329
0.137827 0.532264 9.9991E-05 0.0524778 0.220328 0.0570039
0.158998 0.223755 0.0848164 0.0617542 0.409714 0.0609624
0.0766903 0.667541 0.0459959 0.107073 0.0588101 0.0438889
0.0239404 0.589142 0.0722717 0.0359209 0.268125 0.0105998
0.114098 0.274129 0.052841 0.0551872 0.503644 9.9991E-05
0.115542 0.295213 0.0397872 0.0651919 0.429704 0.0545616
0.145991 0.243677 0.111046 0.0170763 0.48211 9.9991E-05
9.9973E-05 0.102716 9.9973E-05 0.895381 9.9973E-05 0.00160256
9.9964E-05 0.121183 9.9964E-05 0.878417 9.9964E-05 9.9964E-05
9.9982E-05 0.0881491 9.9982E-05 0.815718 0.00413123 0.0918013
0.0189644 0.171017 9.9982E-05 0.763787 9.9982E-05 0.0460312
0.240072 0.511237 0.0772567 0.0635423 0.107792 9.9991E-05
0.280128 0.499911 9.9991E-05 0.115417 0.0697848 0.0346596
0.37171 0.545338 0.0470367 0.0216742 0.0113854 0.00285601
0.102526 0.213263 0.0239055 0.0327187 0.627487 9.9991E-05
0.55109 0.25157 0.195863 9.9982E-05 9.9982E-05 0.00127716
0.223155 0.539783 9.9991E-05 0.0747087 0.123782 0.0384711
0.187875 0.716601 0.00850064 0.078357 0.00775329 0.000913252
0.0727036 0.551727 0.173375 0.121495 0.0805988 9.9991E-05
0.099149 0.601071 0.0919755 0.137978 0.0697261 9.9991E-05
0.712759 0.0817687 9.9982E-05 0.0256282 0.179644 9.9982E-05
9.9982E-05 0.675262 0.232196 0.0838528 9.9982E-05 0.00848916
0.237219 0.567884 0.0680522 0.107887 9.9991E-05 0.0188582
0.120733 0.594414 0.10343 0.144035 0.0372889 9.9991E-05
0.556974 0.308954 0.133772 9.9973E-05 9.9973E-05 9.9973E-05
0.240483 0.604972 0.000531968 0.0891863 0.0511905 0.0136367
0.167189 0.510985 0.0706211 0.12178 0.0796159 0.0498091
0.582625 9.9964E-05 0.416975 9.9964E-05 9.9964E-05 9.9964E-05
0.11964 0.174308 0.0887554 9.9982E-05 0.617097 9.9982E-05
0.111994 0.167345 0.393285 0.00221954 0.25421 0.0709462
0.0158461 0.593273 0.112364 0.0730027 0.149098 0.0564163
0.0221556 0.618126 0.113557 0.0648682 0.122993 0.0583009
0.0246915 0.625144 0.15405 0.0781398 0.0666677 0.0513068
0.110069 0.192528 0.0698271 0.0903982 0.519803 0.0173753
0.0688256 0.577625 0.00506055 0.0412327 0.307156 9.9991E-05
0.108685 0.556167 0.0644503 0.0741038 0.137031 0.0595629
0.0625425 0.398691 0.106275 0.117983 0.294327 0.020181
0.0895802 0.154327 0.151775 0.146477 0.444166 0.0136741
0.146975 0.543842 0.112157 0.0875628 0.0819525 0.0275108
0.0888893 0.471265 0.106074 0.0574731 0.238205 0.0380938
0.129473 0.108382 0.137892 0.0657372 0.558416 9.9991E-05
0.123 0.457401 0.0399212 0.000673532 0.371533 0.00747094
0.0421451 0.611474 0.133628 0.00963873 0.147716 0.0553988
0.0113324 0.665578 0.105945 0.096751 0.120293 9.9991E-05
0.174903 0.271284 0.0720474 0.0982306 0.358335 0.0251998
0.0687891 0.514513 0.103554 0.0471997 0.216382 0.049562
0.0901431 0.561681 0.0734609 0.0345375 0.192491 0.0476862
0.102478 0.229306 0.108119 0.0423433 0.517653 9.9991E-05
0.482301 0.475759 9.9982E-05 0.0205041 0.0212357 9.9982E-05
0.779019 0.149585 9.9991E-05 0.0419175 0.0292081 0.000170374
0.243121 0.526772 0.00143515 0.103532 0.106478 0.0186622
0.831778 9.9964E-05 0.167822 9.9964E-05 9.9964E-05 9.9964E-05
0.790718 9.9964E-05 0.208882 9.9964E-05 9.9964E-05 9.9964E-05
0.691222 0.214792 0.0936854 9.9973E-05 9.9973E-05 9.9973E-05
0.41665 0.465183 9.9982E-05 0.0342603 0.0837067 9.9982E-05
0.140515 0.559059 0.087683 0.103304 0.0344357 0.0750036
0.467375 0.450334 0.0545832 9.9991E-05 0.0173097 0.0102974
0.673495 0.0949637 9.9982E-05 0.0387525 0.192589 9.9982E-05
0.592458 0.235664 9.9982E-05 0.0155565 0.156121 9.9982E-05
0.317043 0.473783 0.0732832 0.0549537 0.0325051 0.0484317
0.580649 0.30567 9.9982E-05 0.0356811 0.0778003 9.9982E-05
0.419073 0.433695 0.00088183 0.014945 0.131305 9.9991E-05
0.463739 0.455334 0.0806278 9.9973E-05 9.9973E-05 9.9973E-05
0.635523 9.9964E-05 0.364077 9.9964E-05 9.9964E-05 9.9964E-05
0.267512 0.590448 0.0355194 0.0532447 0.0318239 0.021452
9.9973E-05 0.0859979 9.9973E-05 0.838202 0.0755003 9.9973E-05
9.9964E-05 0.0677653 9.9964E-05 0.931835 9.9964E-05 9.9964E-05
9.9973E-05 0.0893233 9.9973E-05 0.845738 9.9973E-05 0.064639
9.9973E-05 0.017337 9.9973E-05 0.92623 9.9973E-05 0.0561326
0.00819445 9.9973E-05 9.9973E-05 0.949069 9.9973E-05 0.042437
9.9982E-05 0.0799612 0.00454688 0.875732 9.9982E-05 0.0395595
9.9964E-05 0.0884841 9.9964E-05 0.911116 9.9964E-05 9.9964E-05
0.191526 0.544994 0.0276429 0.0673865 0.0994132 0.0690379
0.13917 0.579019 9.9991E-05 0.105333 0.10908 0.0672983
0.725557 9.9982E-05 0.012488 0.0441404 0.217615 9.9982E-05
0.129023 0.584597 0.062804 0.0757253 0.117044 0.0308066
0.529275 0.341203 9.9982E-05 0.0460744 0.0832474 9.9982E-05
0.365389 0.498033 9.9982E-05 0.0705962 0.0657812 9.9982E-05
0.231841 0.597327 0.115129 0.0352043 0.0203995 9.9991E-05
0.336084 0.527132 0.0272779 0.0572396 0.0379098 0.0143564
0.717701 9.9973E-05 9.9973E-05 0.0282995 0.2537 9.9973E-05
0.224005 0.510748 0.0231514 0.0887833 0.130004 0.023309
0.191604 0.629234 0.0287137 0.0933942 0.0411805 0.0158735
0.113704 0.579019 0.0743895 0.0780683 0.10599 0.0488289
0.50928 0.212401 0.223386 0.00788258 0.0370162 0.0100344
0.397455 0.496609 0.080275 0.0233437 9.9991E-05 0.00221756
0.388253 0.470179 9.9982E-05 0.0378197 0.103549 9.9982E-05
0.55093 0.347118 0.0961223 9.9982E-05 9.9982E-05 0.00562972
0.439447 0.426418 9.9982E-05 0.0513689 0.0825663 9.9982E-05
0.206527 0.518407 0.0154508 0.0796387 0.122332 0.0576444
9.9982E-05 0.311657 0.276051 9.9982E-05 0.374319 0.0377718
0.0542711 0.428362 0.0943438 0.0445735 0.37835 9.9991E-05
9.9991E-05 0.570276 0.113746 0.119763 0.137134 0.0589813
0.101872 0.551513 0.0437996 0.118731 0.14341 0.0406755
0.04022 0.534452 0.0230128 0.0132972 0.388918 9.9991E-05
0.00281069 0.605569 0.0713142 0.0549684 0.231836 0.0335014
9.9982E-05 0.479067 0.0214887 0.0711106 0.428134 9.9982E-05
0.0427678 0.522128 0.168158 0.0737336 0.140227 0.0529853
0.00137071 0.621388 0.127821 0.0676507 0.138178 0.0435915
9.9982E-05 0.63088 0.0387666 0.0574484 0.272705 9.9982E-05
0.0257348 0.576283 0.0738658 0.0364426 0.287574 9.9991E-05
0.00268313 0.649601 0.109874 0.000273934 0.171948 0.0656203
0.0457779 0.631532 0.0726933 0.129907 0.0667529 0.0533362
9.9982E-05 0.624757 0.131126 9.9982E-05 0.195905 0.0480124
0.0139037 0.585986 0.108682 0.088885 0.168931 0.0336123
0.0277711 0.625922 0.102599 0.0318702 0.178019 0.0338181
9.9991E-05 0.387069 0.258148 0.0805228 0.24744 0.0267207
0.0091514 0.671053 0.10062 0.0559043 0.136399 0.0268726
9.9982E-05 0.713922 0.112997 0.0341568 0.138724 9.9982E-05
0.0725797 0.236872 0.0491183 9.9991E-05 0.626306 0.0150237
0.0519276 0.18844 0.387341 9.9991E-05 0.327839 0.0443524
0.0748612 0.547346 0.0332887 0.0357759 0.293053 0.0156744
0.0990142 0.11747 0.44526 9.9991E-05 0.331369 0.00678687
0.0594924 0.392395 0.0382438 9.9982E-05 0.509668 9.9982E-05
0.0759816 0.489756 0.00839714 9.9982E-05 0.425666 9.9982E-05
0.122972 0.359543 0.00413155 0.0116382 0.493686 0.00802972
0.0933656 0.363902 0.0583039 9.9982E-05 0.484228 9.9982E-05
0.0286153 0.636926 0.0681254 0.0863678 0.179866 9.9991E-05
0.0834269 0.558844 0.0623548 0.111634 0.132908 0.0508319
0.0477285 0.663346 0.0240678 0.064671 0.19047 0.0097167
0.0609422 0.202152 0.330571 9.9991E-05 0.385435 0.0207999
0.0283289 0.561168 0.159428 0.150319 0.100656 9.9991E-05
0.00838427 0.529865 0.319176 0.0766588 0.0480393 0.0178766
0.091284 9.9982E-05 0.702329 0.100216 0.105971 9.9982E-05
0.00451209 0.653627 0.151671 0.0577299 0.0558337 0.0766266
0.0693063 0.349272 0.433867 0.0797422 0.0428797 0.0249329
9.9991E-05 0.516225 0.267173 0.112671 0.05178 0.052051
0.0378849 0.266466 0.477007 0.0699543 0.148588 9.9991E-05
0.0535122 0.106004 0.631716 0.0735635 0.135104 9.9991E-05
0.0647553 0.43655 0.340314 0.044029 0.100095 0.0142564
0.0864014 0.489142 0.166263 0.135885 0.0700576 0.0522516
0.0670101 0.432837 0.220182 0.158849 0.0966784 0.0244446
0.185356 0.0668319 0.495708 0.0169383 0.142357 0.0928083
0.0655553 0.541991 0.15539 0.0858375 0.0819781 0.0692487
0.0560567 0.339769 0.46842 9.9982E-05 0.135554 9.9982E-05
0.0598975 0.477666 0.392228 9.9982E-05 0.0700088 9.9982E-05
0.0287235 0.608953 0.176621 0.0932516 0.047315 0.0451359
9.9991E-05 0.150647 0.219665 0.38371 0.00680482 0.239072
9.9973E-05 9.9973E-05 0.378247 0.495888 9.9973E-05 0.125565
9.9973E-05 9.9973E-05 0.418417 0.477897 9.9973E-05 0.103386
9.9991E-05 0.0780301 0.285652 0.379003 0.00537706 0.251838
0.0885966 0.630119 0.272426 9.9982E-05 0.00865839 9.9982E-05
0.0847146 0.621182 0.191861 0.0770493 0.0250933 9.9991E-05
9.9973E-05 0.33118 9.9973E-05 9.9973E-05 0.00397782 0.664542
0.0173913 0.355591 0.0165386 0.0190162 0.120223 0.47124
0.0486898 0.373676 0.000932645 0.0586172 0.143298 0.374786
0.0280714 0.31308 0.617981 9.9982E-05 0.0406675 9.9982E-05
0.0856414 0.498502 0.187562 0.121525 0.0732705 0.0334993
0.011333 0.272536 0.60748 9.9982E-05 0.108451 9.9982E-05
0.0392086 0.608946 0.275577 0.0471247 0.0290436 9.9991E-05
9.9991E-05 0.513902 0.395189 0.0307164 0.0503635 0.00972906
0.00431573 0.613614 0.373386 0.00334268 9.9991E-05 0.00524191
0.0242573 0.252265 0.679713 9.9982E-05 0.0435645 9.9982E-05
0.0799678 0.654881 0.164312 0.0811849 9.9991E-05 0.0195541
0.0326439 0.619888 0.230474 0.101219 0.010912 0.00486324
0.00696299 0.0330217 9.9973E-05 9.9973E-05 9.9973E-05 0.959715
0.0108434 0.0690951 9.9982E-05 9.9982E-05 0.0195446 0.900317
0.0348648 0.332445 0.00441268 0.0430483 0.0644443 0.520785
9.9973E-05 0.367271 9.9973E-05 9.9973E-05 0.0113539 0.621076
9.9973E-05 0.115919 9.9973E-05 9.9973E-05 0.0401574 0.843623
9.996E-05 9.996E-05 9.996E-05 9.996E-05 9.996E-05 0.9995
0.000715665 9.9973E-05 9.9973E-05 9.9973E-05 0.041419 0.957565
0.0118203 0.167372 9.9973E-05 9.9973E-05 9.9973E-05 0.820508
9.9964E-05 9.9964E-05 9.9964E-05 9.9964E-05 0.0573265 0.942274
9.996E-05 9.996E-05 9.996E-05 9.996E-05 9.996E-05 0.9995
9.996E-05 9.996E-05 9.996E-05 9.996E-05 9.996E-05 0.9995
9.9982E-05 0.190728 9.9982E-05 0.0122435 0.0407199 0.756109
0.0305092 0.078131 9.9991E-05 0.0331404 0.0570855 0.801034
9.996E-05 9.996E-05 9.996E-05 9.996E-05 9.996E-05 0.9995
0.0658725 0.386513 0.0275147 0.0558835 0.0673043 0.396912
0.0489743 0.260228 9.9982E-05 0.0538494 9.9982E-05 0.636749
9.9982E-05 0.148647 9.9982E-05 0.0282231 0.00686672 0.816063
9.9973E-05 0.0721963 9.9973E-05 0.010876 9.9973E-05 0.916628
9.9964E-05 0.0135721 9.9964E-05 9.9964E-05 9.9964E-05 0.986028
9.9964E-05 0.0238404 9.9964E-05 9.9964E-05 9.9964E-05 0.97576
9.996E-05 9.996E-05 9.996E-05 9.996E-05 9.996E-05 0.9995
0.0726829 0.22556 9.9991E-05 0.0443521 0.0158082 0.641496
0.0105394 9.9982E-05 9.9982E-05 0.00129619 0.0203976 0.967567
9.9973E-05 9.9973E-05 0.649875 0.300935 9.9973E-05 0.0488904
9.9991E-05 0.376888 0.279063 0.215026 0.0286835 0.10024
9.9982E-05 0.497395 0.303218 0.166688 9.9982E-05 0.0324993
9.9982E-05 0.200076 0.487943 0.2306 9.9982E-05 0.0811802
0.0173131 0.451538 0.217339 0.120278 0.0773844 0.116147
9.9982E-05 0.131019 0.510203 0.253661 9.9982E-05 0.104917
9.9991E-05 0.463018 0.226057 0.182998 0.0406376 0.0871894
9.9982E-05 0.333532 0.378234 0.191567 9.9982E-05 0.0964679
9.9982E-05 0.467081 0.253722 0.175258 9.9982E-05 0.103739
9.9982E-05 0.388528 0.299853 0.218351 9.9982E-05 0.093069
0.10379 0.433544 0.15185 0.178724 0.01504 0.117052
9.9982E-05 0.0641667 0.0110784 0.91488 0.00967475 9.9982E-05
0.0254813 0.00216244 9.9991E-05 0.900248 0.00142704 0.0705808
9.9982E-05 0.0145735 0.00671143 0.955693 0.0228223 9.9982E-05
0.0162058 9.9964E-05 9.9964E-05 0.983394 9.9964E-05 9.9964E-05
9.9982E-05 0.0549568 0.00159471 0.923761 0.019488 9.9982E-05
0.0104538 9.9964E-05 9.9964E-05 0.989146 9.9964E-05 9.9964E-05
9.9973E-05 0.0759806 9.9973E-05 0.909771 9.9973E-05 0.0139481
9.99747E-05 9.99747E-05 0.00710085 0.935245 0.0573542 9.99747E-05
0.0562566 0.00931486 0.0139381 0.898982 0.00321402 0.0182942
9.9982E-05 0.0227195 0.0489366 0.914395 0.013749 9.9982E-05
0.0377986 9.9982E-05 0.0502889 0.600158 0.311554 9.9982E-05
0.000740652 9.9982E-05 0.0279094 0.617924 0.353226 9.9982E-05
0.0408379 9.9982E-05 0.0848966 0.545978 0.328088 9.9982E-05
0.00762214 9.9982E-05 0.0929845 0.458199 0.440995 9.9982E-05
0.297514 0.453699 9.9982E-05 0.0835437 0.165043 9.9982E-05
0.316957 0.474904 0.0140125 0.0673358 0.11352 0.0132702
0.224185 0.484784 9.9991E-05 0.00715534 0.215006 0.0687691
0.309276 0.352617 9.9982E-05 0.0321151 0.305792 9.9982E-05
0.0662745 0.224122 0.0825238 9.9982E-05 0.62688 9.9982E-05
0.171863 0.668877 0.0373591 0.053375 0.0479801 0.0205459
0.291264 0.612992 9.9982E-05 9.9982E-05 0.0935699 0.00197389
0.288652 0.525427 0.117714 9.9991E-05 0.043643 0.0244627
0.541299 0.373267 0.085135 9.9973E-05 9.9973E-05 9.9973E-05
0.147138 0.614227 0.10934 0.0332713 0.0470494 0.0489739
0.487295 0.430694 9.9982E-05 0.0203788 0.061432 9.9982E-05
0.751416 9.9964E-05 0.248185 9.9964E-05 9.9964E-05 9.9964E-05
0.185846 0.564955 0.00908817 0.0474933 0.131557 0.0610604
0.619775 0.158781 0.221144 9.9973E-05 9.9973E-05 9.9973E-05
0.329552 0.54437 0.0612111 0.0313704 0.0333968 9.9991E-05
0.658436 0.122095 9.9982E-05 0.0154051 0.203864 9.9982E-05
9.9973E-05 9.9973E-05 0.0553352 0.138791 0.805574 9.9973E-05
9.9982E-05 0.0580502 0.0562696 0.105236 0.780244 9.9982E-05
0.0108419 0.0110434 0.0459167 0.121433 0.810665 9.9991E-05
0.00811666 9.9982E-05 0.0610879 0.104989 0.825607 9.9982E-05
9.9982E-05 0.125651 0.0380204 0.0325003 0.803628 9.9982E-05
9.9991E-05 0.0676831 0.0354932 0.0460432 0.806489 0.0441913
0.0425659 0.0108999 9.9991E-05 0.876659 0.00743436 0.0623413
0.0241378 0.0894897 9.9991E-05 0.827978 0.0309499 0.0273442
9.9991E-05 0.163407 0.00552927 0.796151 0.00276625 0.0320462
0.0544987 0.0266748 9.9991E-05 0.855275 0.00353184 0.05992
0.0065306 0.146218 9.9982E-05 0.80209 9.9982E-05 0.0449613
9.9973E-05 9.9973E-05 0.0466209 0.398079 0.555 9.9973E-05
9.9982E-05 9.9982E-05 0.0473983 0.421879 0.525789 0.00473373
9.9982E-05 0.0167524 0.0106649 0.450887 0.521496 9.9982E-05
0.0229356 0.0978951 9.9982E-05 0.854797 0.0241722 9.9982E-05
0.033741 9.9991E-05 0.0516885 0.396945 0.511541 0.00598415
9.9982E-05 0.273372 0.150259 0.280124 9.9982E-05 0.296045
0.0438208 0.511636 0.0523807 0.199485 0.00907567 0.183601
9.9973E-05 0.556731 9.9973E-05 0.19161 9.9973E-05 0.251359
9.9982E-05 0.333209 0.128964 0.286948 9.9982E-05 0.250679
0.0440138 0.486807 0.0484577 0.173308 0.113156 0.134258
9.9973E-05 9.9973E-05 0.258727 0.437531 9.9973E-05 0.303442
0.00535155 0.486018 0.0825526 9.9982E-05 0.425878 9.9982E-05
0.0944557 0.456461 0.218409 9.9991E-05 0.212055 0.0185192
0.112889 0.292453 0.040739 9.9982E-05 0.553719 9.9982E-05
0.0346177 0.55927 0.227582 9.9991E-05 0.173093 0.00533763
0.0543556 9.9973E-05 0.596805 9.9973E-05 0.34854 9.9973E-05
0.103381 0.572104 0.0516051 0.0827391 0.164886 0.0252843
0.10202 0.543002 0.15737 0.0295587 0.150998 0.0170511
0.0621597 0.361366 0.0646379 9.9982E-05 0.511636 9.9982E-05
0.0388782 0.608233 0.0596998 0.0706778 0.193923 0.0285884
0.133722 0.152073 0.428025 9.9982E-05 0.28598 9.9982E-05
0.0655264 0.599182 0.155358 0.010428 0.169406 9.9991E-05
0.0543143 0.532377 0.0690033 0.00484338 0.339362 9.9991E-05
0.0375782 0.424536 0.177057 0.107669 0.118713 0.134447
0.0693095 0.365254 0.288819 9.9991E-05 0.270232 0.00628632
0.0615261 0.446553 0.246221 9.9991E-05 0.227764 0.0178357
0.0238402 0.646282 0.145929 9.9991E-05 0.16385 0.0199987
0.0837988 0.588137 0.137734 9.9991E-05 0.188094 0.00213621
9.9991E-05 0.693421 0.12963 0.0123475 0.113651 0.0508494
0.0567136 0.537593 0.0537832 0.0808544 0.211521 0.0595344
9.9991E-05 0.605337 0.0996454 0.0526985 0.222663 0.0195564
9.9973E-05 0.117093 9.9973E-05 0.857926 9.9973E-05 0.0246816
0.00317588 0.109981 9.9973E-05 0.886543 9.9973E-05 9.9973E-05
9.9973E-05 0.0794553 0.0306121 0.889633 9.9973E-05 9.9973E-05
0.0158995 0.0143822 9.9991E-05 0.911607 0.0120147 0.0459967
9.9964E-05 0.0877101 9.9964E-05 0.91189 9.9964E-05 9.9964E-05
0.0996166 0.150545 0.0818321 0.00701617 0.629359 0.0316311
0.0291394 0.540273 0.119351 0.034639 0.23027 0.0463274
9.9991E-05 0.403067 0.15082 0.210108 0.0316832 0.204222
0.105059 0.611256 9.9991E-05 0.0396865 0.183699 0.0602
0.0823801 0.526785 9.9991E-05 0.0168591 0.343837 0.0300388
0.050022 0.32969 0.321073 9.9982E-05 0.299015 9.9982E-05
0.053486 0.0260163 0.0804824 0.0609067 0.779009 9.9991E-05
0.051855 0.492887 0.0269628 0.0474752 0.374416 0.00640402
0.0205396 0.211052 0.0545181 0.0404938 0.599704 0.0736917
0.0553537 0.514058 0.175671 0.0567848 0.187846 0.0102871
0.00284243 0.195576 0.0974735 0.0511582 0.65285 9.9991E-05
0.00203681 0.60891 0.00185392 0.0748446 0.238014 0.07434
0.0990476 0.163961 0.074148 0.0448485 0.598036 0.0199587
0.0528094 0.282468 0.27226 0.0109691 0.300296 0.0811974
9.9982E-05 0.582521 0.212397 0.100536 0.104346 9.9982E-05
0.0351596 0.318151 0.565904 9.9982E-05 0.0805854 9.9982E-05
0.0368195 0.516883 0.351613 0.0879463 9.9991E-05 0.00663845
0.0010997 0.58153 0.223201 0.0948289 0.0828331 0.0165071
0.0348743 0.290491 0.596986 9.9982E-05 0.0774481 9.9982E-05
0.0356369 0.562577 0.195598 0.0781339 0.0961926 0.0318617
9.9982E-05 0.55698 0.326976 0.0284662 0.0873783 9.9982E-05
0.101972 0.165803 0.687087 9.9982E-05 0.0449383 9.9982E-05
0.00655875 0.223308 0.705886 9.9982E-05 0.0640475 9.9982E-05
0.0301748 0.462229 0.424151 0.0303439 0.0530014 9.9991E-05
0.176551 0.0798284 0.691198 9.9982E-05 0.0522223 9.9982E-05
0.0548768 0.484369 0.356676 9.9982E-05 0.103878 9.9982E-05
0.0946229 0.149197 0.000328629 0.00841873 0.716101 0.0313316
0.0432099 0.236487 0.289962 9.9991E-05 0.376455 0.0537857
0.0638418 0.361826 9.9991E-05 0.0315315 0.445483 0.097218
0.054746 0.59205 0.00417189 0.0647414 0.252998 0.0312922
0.160388 0.220333 9.9982E-05 9.9982E-05 0.614541 0.00453726
0.0439646 0.572743 0.122068 0.0646652 0.159464 0.0370946
0.0275932 0.635968 0.0184105 0.0713577 0.246571 9.9991E-05
0.0871724 0.531995 0.0883375 0.0354941 0.206431 0.0505701
0.0940177 0.541822 9.9991E-05 0.0154942 0.295635 0.0529315
0.049411 0.450804 9.9991E-05 0.0027857 0.460375 0.0365243
0.130595 0.266386 0.0333972 9.9991E-05 0.529474 0.0400483
0.0390171 0.460827 0.00504249 9.9991E-05 0.476114 0.0188991
0.0483976 0.569227 0.0882551 9.9991E-05 0.247746 0.0462749
0.0918706 0.52608 0.0690675 0.0042147 0.199497 0.10927
0.0790185 0.327804 0.198529 0.0147267 0.268069 0.111852
0.0927288 0.45873 0.108211 9.9991E-05 0.237667 0.102563
0.0449624 0.370821 0.0450481 9.9991E-05 0.491382 0.0476858
0.0396176 0.546017 0.0681135 0.042344 0.268404 0.0355038
0.0333585 0.441786 0.031989 0.0170485 0.378088 0.0977303
9.9991E-05 0.599514 0.116571 0.0670913 0.179383 0.0373399
0.00673265 0.463673 0.0179754 0.329085 0.052719 0.129815
0.018275 0.559096 0.0660258 0.11995 0.0694146 0.167238
0.06787 0.492799 0.11618 0.169061 0.0552847 0.098805
9.9991E-05 0.569946 0.172615 0.095659 0.0436626 0.118017
0.0247561 0.431485 0.116124 0.174217 0.0368409 0.216577
0.0179132 0.531018 0.26188 9.9982E-05 0.188989 9.9982E-05
0.0680121 0.479769 0.0948917 0.169902 0.0449859 0.142439
0.0328422 0.0560568 0.44455 0.218811 0.0701921 0.177547
9.9991E-05 0.582855 0.114345 0.100566 0.0927139 0.109419
0.0450656 0.525015 0.0511019 0.147803 0.0669838 0.16403
0.0674686 0.535123 0.118568 0.0863737 0.0486489 0.143818
0.0387525 0.359255 0.286833 0.195895 0.0606467 0.0586171
9.9991E-05 0.592269 0.0382248 0.188839 0.0813549 0.0992122
9.9991E-05 0.587692 0.114522 0.12183 0.0475132 0.128343
9.9973E-05 9.9973E-05 0.385853 0.483068 9.9973E-05 0.130779
9.9991E-05 0.52555 0.0239571 0.190142 0.0923623 0.167888
9.9991E-05 0.566875 0.0692007 0.185848 0.00574417 0.172233
0.0437989 0.553864 0.131719 0.0832279 0.0697161 0.117674
9.9982E-05 0.53483 0.0703371 0.218752 9.9982E-05 0.175881
0.106845 0.526167 0.0198856 0.237183 0.0264089 0.0835108
0.137476 0.488873 0.345401 0.0231239 0.00502528 9.9991E-05
0.115473 0.491549 0.186064 0.0294022 0.102455 0.0750567
0.13765 0.00194885 0.7559 9.9982E-05 0.104301 9.9982E-05
0.0908028 0.0882055 0.765419 9.9982E-05 0.0553724 9.9982E-05
0.0207531 0.516871 0.267478 0.106009 0.0821302 0.00675774
9.9982E-05 0.378117 0.15648 0.180427 9.9982E-05 0.284775
9.9982E-05 0.390131 0.220564 0.156013 9.9982E-05 0.233093
9.9982E-05 0.215638 0.32115 0.159182 9.9982E-05 0.30383
9.9982E-05 0.372169 0.232053 0.138213 9.9982E-05 0.257365
9.9982E-05 0.206281 0.695918 0.0750324 9.9982E-05 0.0225687
0.064844 0.200641 0.589509 0.0586745 0.0230939 0.063237
0.0283734 0.622288 0.309524 9.9982E-05 9.9982E-05 0.0396149
0.0107509 0.444115 0.407414 0.0202516 9.9991E-05 0.117369
0.0707736 0.313546 0.519361 0.00961474 0.0360985 0.0506056
9.9991E-05 0.588826 0.21855 0.0631268 0.063616 0.065781
9.9991E-05 0.591285 0.311904 0.0166363 0.00272579 0.0773493
0.121086 0.543223 0.231594 0.072887 9.9991E-05 0.0311096
0.123624 0.38112 0.485857 9.9982E-05 0.0091994 9.9982E-05
0.0781189 0.430617 0.404121 0.00732107 0.0797222 9.9991E-05
0.0681807 0.548996 0.30608 0.0291232 0.0475205 9.9991E-05
0.0905364 0.506633 0.306273 0.023527 0.0652505 0.00777981
0.0640569 0.539661 0.21417 0.0726461 0.0586597 0.0508058
0.101389 0.49203 0.388146 9.9982E-05 0.0182345 9.9982E-05
0.062174 0.288805 0.627454 9.9982E-05 0.021367 9.9982E-05
0.0527467 0.684919 0.262035 9.9973E-05 9.9973E-05 9.9973E-05
0.123557 0.240159 0.562448 9.9982E-05 0.0736367 9.9982E-05
0.0601039 0.508734 0.430862 9.9973E-05 9.9973E-05 9.9973E-05
0.0693669 0.540935 0.254026 0.0899031 0.045669 9.9991E-05
0.109002 0.508564 0.221631 0.0694657 0.0495133 0.0418244
0.0303895 0.501822 0.112259 0.218613 0.0215574 0.115359
0.0600464 0.433621 0.154165 0.148083 0.0699124 0.134172
9.9982E-05 0.350401 0.209563 0.203339 9.9982E-05 0.236497
0.0345122 0.332863 0.157623 0.226402 0.0279695 0.220631
9.9991E-05 0.454808 0.0937474 0.173068 0.106179 0.172098
0.0118287 0.465401 0.199807 0.207027 9.9991E-05 0.115837
0.0063849 0.00834055 0.684241 0.140273 9.9991E-05 0.16066
0.0513986 0.537683 0.123305 0.0905879 9.9991E-05 0.196926
9.9973E-05 9.9973E-05 0.581788 0.312587 9.9973E-05 0.105325
9.9982E-05 0.551438 0.244551 0.0465516 9.9982E-05 0.157259
0.124665 0.215222 0.659814 9.9973E-05 9.9973E-05 9.9973E-05
0.222201 0.0340479 0.71136 9.9982E-05 0.0321913 9.9982E-05
0.0299448 0.563529 0.365383 9.9982E-05 0.040943 9.9982E-05
0.0325989 0.661003 0.263006 0.00788063 0.0351915 0.000320101
0.0442565 0.479202 0.458621 9.9982E-05 0.01772 9.9982E-05
0.0667429 0.651861 0.281096 9.9973E-05 9.9973E-05 9.9973E-05
0.0392663 0.62994 0.330493 9.9973E-05 9.9973E-05 9.9973E-05
0.0306531 0.0133549 0.0176741 0.856967 0.0596459 0.0217051
9.9991E-05 0.0395476 0.0313797 0.778393 0.0906513 0.0599289
9.9991E-05 0.0154583 0.00892522 0.94628 0.0135428 0.0156935
9.9964E-05 0.0451693 9.9964E-05 0.954431 9.9964E-05 9.9964E-05
0.355209 0.508312 0.0456777 0.0441023 9.9991E-05 0.0465984
0.33481 0.51818 9.9991E-05 0.0572087 0.0683184 0.0213829
0.432976 0.515508 9.9982E-05 0.0312549 0.0200619 9.9982E-05
0.241877 0.602447 9.9982E-05 0.0917389 0.0637379 9.9982E-05
0.180666 0.599959 0.0301375 0.122512 0.0546778 0.0120474
0.578553 0.257883 9.9982E-05 0.0362357 0.127128 9.9982E-05
0.370216 0.609469 9.9982E-05 0.00419289 9.9982E-05 0.0159215
0.603645 0.239853 0.141439 9.9982E-05 9.9982E-05 0.0148624
0.00357353 0.423732 9.9991E-05 0.296036 0.127343 0.149215
0.417991 0.414986 0.145165 9.9982E-05 9.9982E-05 0.0216583
0.577646 0.320535 9.9982E-05 0.015851 0.0857673 9.9982E-05
0.386943 0.502138 0.0927032 9.9991E-05 0.0118838 0.00623178
0.437622 0.405561 9.9982E-05 9.9982E-05 0.143092 0.0135248
0.418895 0.556707 0.0240975 9.9973E-05 9.9973E-05 9.9973E-05
0.338046 0.541729 9.9991E-05 0.0872767 0.017497 0.0153508
0.809277 9.9964E-05 0.190324 9.9964E-05 9.9964E-05 9.9964E-05
0.520131 0.326464 0.153105 9.9973E-05 9.9973E-05 9.9973E-05
0.578972 0.319281 0.0946195 9.9982E-05 9.9982E-05 0.00692704
0.754665 9.9964E-05 0.244935 9.9964E-05 9.9964E-05 9.9964E-05
0.417904 0.3871 9.9982E-05 0.0744055 0.12039 9.9982E-05
0.61101 0.0378358 0.350855 9.9973E-05 9.9973E-05 9.9973E-05
0.736025 9.9964E-05 0.263575 9.9964E-05 9.9964E-05 9.9964E-05
0.343484 0.54021 0.0452043 0.0409864 9.9991E-05 0.0300159
0.616385 0.168876 9.9982E-05 0.0231367 0.191402 9.9982E-05
0.470081 0.426503 9.9982E-05 9.9982E-05 0.0910333 0.0121834
0.19631 0.567582 0.0617445 0.0906087 0.0323196 0.0514353
0.414168 0.463794 9.9991E-05 0.0490497 0.0504677 0.0224209
0.0283722 0.402046 0.252088 9.9982E-05 0.317294 9.9982E-05
0.345492 0.516299 9.9991E-05 0.0386139 0.0967357 0.0027596
0.387505 0.471659 9.9982E-05 0.0455012 0.0951355 9.9982E-05
0.599353 0.298111 0.102236 9.9973E-05 9.9973E-05 9.9973E-05
0.24246 0.536508 0.034631 0.121656 0.0636207 0.00112366
9.9973E-05 9.9973E-05 0.0469392 0.67245 0.280311 9.9973E-05
0.0363011 9.9982E-05 0.00995376 0.784875 0.16867 9.9982E-05
0.00403749 9.9982E-05 0.0115668 0.86141 0.122785 9.9982E-05
9.9973E-05 9.9973E-05 0.0170643 0.817037 0.165599 9.9973E-05
0.0338712 0.0143839 0.0232768 0.765884 0.162485 9.9991E-05
0.721421 0.0801227 9.9982E-05 0.0504964 0.14776 9.9982E-05
0.708631 0.109439 9.9982E-05 0.0427815 0.138948 9.9982E-05
0.751417 0.124111 0.097184 9.9982E-05 9.9982E-05 0.0270878
0.157255 0.575789 0.0729538 0.130289 0.00999361 0.0537186
0.218475 0.538503 0.0483429 0.144071 0.0186273 0.031981
0.649349 0.210206 0.0846491 0.0141999 9.9991E-05 0.0414953
0.316772 0.530348 0.0361444 0.0465653 9.9991E-05 0.0700708
0.441518 0.363992 0.0873388 0.0521661 9.9991E-05 0.0548845
0.415082 0.519735 9.9982E-05 0.00694551 0.0580374 9.9982E-05
0.287377 0.587409 9.9991E-05 0.0682025 0.039085 0.017826
0.687902 0.164018 9.9982E-05 0.0133934 0.134487 9.9982E-05
0.584231 0.2815 9.9973E-05 9.9973E-05 0.13397 9.9973E-05
0.560968 0.308637 9.9982E-05 0.0357636 0.0944318 9.9982E-05
9.9982E-05 0.656847 0.134382 0.132737 0.0758339 9.9982E-05
0.534499 0.404133 9.9982E-05 0.00353413 0.0576341 9.9982E-05
0.444314 0.386704 9.9991E-05 0.0498987 0.0958824 0.023101
0.0205788 0.403741 0.0540129 0.0869466 0.0830816 0.351639
0.029686 0.339669 0.0713689 0.121747 9.9991E-05 0.43743
9.9982E-05 0.460527 0.0229411 0.114983 9.9982E-05 0.401349
9.9982E-05 0.296441 0.0530552 0.173509 9.9982E-05 0.476795
9.9991E-05 0.54584 0.0510224 0.136079 0.00432556 0.262633
0.152219 0.53496 0.26046 0.0521606 9.9982E-05 9.9982E-05
9.9982E-05 0.018761 0.0788267 0.27796 9.9982E-05 0.624252
9.9991E-05 0.298595 0.0543263 0.163027 0.0106361 0.473316
0.0519211 0.369339 0.260293 0.168529 9.9991E-05 0.149818
0.0364542 0.522032 0.222354 0.142953 0.0761074 9.9991E-05
0.0099699 0.517306 0.2768 0.140249 0.0555756 9.9991E-05
0.0267964 0.587011 0.174258 0.144205 0.0676296 9.9991E-05
0.0280194 0.640382 0.148458 0.16392 0.0182855 0.000934923
9.9973E-05 0.360793 9.9973E-05 0.20596 9.9973E-05 0.432947
0.038511 0.365269 0.0450039 0.182483 0.0183163 0.350416
9.9973E-05 0.418082 9.9973E-05 0.11255 9.9973E-05 0.469068
0.0565303 0.431308 0.0610244 0.128363 0.0588335 0.263942
0.0137504 0.244625 0.0828488 0.167871 9.9991E-05 0.490805
0.0393859 0.432771 0.0365553 0.136789 0.0427524 0.311746
0.0287643 0.239026 0.058737 0.132506 9.9991E-05 0.540866
0.00554416 0.428414 0.0534851 0.10219 0.064262 0.346105
0.0370623 0.522159 0.307953 0.132626 9.9982E-05 9.9982E-05
0.00113394 0.39241 0.117827 0.14405 0.0167281 0.327852
9.9982E-05 0.134763 0.0524352 0.243387 9.9982E-05 0.569215
0.0596008 0.36243 0.0278074 0.109047 0.0644698 0.376645
0.0559128 0.323118 0.324426 0.183453 0.11299 9.9991E-05
9.9973E-05 0.673096 0.269815 0.0567891 9.9973E-05 9.9973E-05
0.0169077 0.386218 0.0597142 0.156201 0.0339892 0.34697
9.9982E-05 0.572312 0.200682 0.148438 0.0783679 9.9982E-05
9.9982E-05 0.516911 0.218286 0.181587 0.0830171 9.9982E-05
0.0485207 0.377752 0.176716 0.205558 9.9991E-05 0.191353
9.9982E-05 0.378505 0.146843 0.230538 9.9982E-05 0.243914
0.081192 0.562434 0.141033 0.11567 0.0314489 0.0682216
0.101642 0.370227 0.0411258 0.142494 0.0566958 0.287815
9.9982E-05 0.440588 9.9982E-05 0.0975336 0.0322672 0.429411
9.9982E-05 0.125291 0.0878496 0.17641 9.9982E-05 0.610249
0.01303 0.647866 0.139159 0.124699 0.0535753 0.0216708
0.0395051 0.44864 0.270795 0.139673 0.101286 9.9991E-05
9.9973E-05 0.174387 0.709332 0.115982 9.9973E-05 9.9973E-05
0.0592011 0.543606 0.118663 0.1503 0.0547556 0.0734748
0.0361714 0.453403 0.258653 0.0948318 0.144225 0.0127159
0.0256213 0.503462 0.125323 0.227381 9.9991E-05 0.118113
0.0358081 0.506133 0.214878 0.161467 0.0151704 0.0665427
9.9973E-05 9.9973E-05 0.506153 0.378728 9.9973E-05 0.11482
9.9973E-05 9.9973E-05 0.600294 0.30194 9.9973E-05 0.097466
9.9982E-05 0.321876 0.414981 0.174427 9.9982E-05 0.0885161
9.9982E-05 0.0331473 0.478536 0.318092 9.9982E-05 0.170025
9.9973E-05 9.9973E-05 0.360583 0.472373 9.9973E-05 0.166744
9.9982E-05 0.401075 0.318497 0.193382 9.9982E-05 0.0868459
0.00374551 0.385041 0.22117 0.230289 0.0102389 0.149516
9.9982E-05 0.164937 0.3804 0.297301 9.9982E-05 0.157162
9.9982E-05 0.0799708 0.501246 0.267544 9.9982E-05 0.151039
0.0539951 0.506231 0.169941 0.163479 9.9991E-05 0.106253
9.9982E-05 0.172722 0.459445 0.239342 9.9982E-05 0.128292
9.9973E-05 9.9973E-05 0.560359 0.366523 9.9973E-05 0.0728175
0.0735736 0.493339 0.156695 0.129883 0.0450214 0.101488
9.9982E-05 0.311375 0.291365 0.225294 9.9982E-05 0.171766
0.0450983 0.442917 0.015422 0.308137 0.0259414 0.162484
9.9991E-05 0.634983 0.00112998 0.186403 0.00359018 0.173794
9.9982E-05 0.556182 0.108467 0.152743 9.9982E-05 0.182407
9.9982E-05 0.473233 0.109004 0.171206 9.9982E-05 0.246358
0.00456307 0.32427 0.0207288 0.404624 0.0634228 0.182391
9.9991E-05 0.516919 0.0405551 0.189048 0.0652097 0.188168
0.0111142 0.510149 0.0149147 0.272206 0.000859469 0.190757
9.9982E-05 0.323091 0.238817 0.230434 9.9982E-05 0.207458
0.216502 0.32832 0.00593128 0.225347 0.120683 0.103217
0.11007 0.510205 0.0547296 0.191866 0.0107083 0.122421
0.0258012 0.546742 0.101499 0.154422 0.0289477 0.142588
0.110349 0.595828 0.00875538 0.155732 0.0458327 0.0835023
9.9991E-05 0.42431 0.0790207 0.293409 0.00331273 0.199847
0.0381294 0.529022 0.0161554 0.212493 0.0375655 0.166635
9.9982E-05 0.0337113 0.312838 0.362203 9.9982E-05 0.291048
9.9991E-05 0.587786 0.0661081 0.216292 0.0244634 0.105251
9.9982E-05 0.199236 0.23987 0.298919 9.9982E-05 0.261776
0.00101654 9.9991E-05 0.019153 0.813172 0.165282 0.00127635
9.9973E-05 0.196656 9.9973E-05 0.0601563 0.742888 9.9973E-05
9.996E-05 9.996E-05 9.996E-05 9.996E-05 0.9995 9.996E-05
9.996E-05 9.996E-05 9.996E-05 9.996E-05 0.9995 9.996E-05
9.9964E-05 0.0342539 9.9964E-05 9.9964E-05 0.965346 9.9964E-05
9.9973E-05 0.0121432 9.9973E-05 9.9973E-05 0.974796 0.0127604
9.9964E-05 0.0185351 9.9964E-05 9.9964E-05 0.981065 9.9964E-05
9.996E-05 9.996E-05 9.996E-05 9.996E-05 0.9995 9.996E-05
9.9964E-05 9.9964E-05 9.9964E-05 0.139346 0.860254 9.9964E-05
0.0317348 9.9973E-05 9.9973E-05 0.906406 0.0615595 9.9973E-05
9.9973E-05 0.0590452 9.9973E-05 0.792924 0.147731 9.9973E-05
0.0422399 0.0170885 0.00411909 0.887804 0.0373013 0.0114475
9.9982E-05 0.0184422 0.0390679 0.871263 0.0710267 9.9982E-05
9.9982E-05 0.0190997 9.9982E-05 0.88457 0.0916493 0.00448089
0.0108645 0.0431616 9.9982E-05 0.932888 0.0128862 9.9982E-05
0.0127263 0.151322 9.9991E-05 0.744588 0.0198198 0.0714442
9.9973E-05 0.100314 9.9973E-05 0.893333 9.9973E-05 0.00605251
9.9991E-05 0.105739 0.0453943 0.729677 0.0668048 0.0522849
9.9973E-05 0.0297685 9.9973E-05 0.92779 9.9973E-05 0.0421418
9.9973E-05 9.9973E-05 0.0145382 0.964915 0.0202469 9.9973E-05
0.0211478 0.0270868 9.9991E-05 0.909383 0.012286 0.0299961
0.0122797 9.9964E-05 9.9964E-05 0.98732 9.9964E-05 9.9964E-05
9.9973E-05 0.0369858 0.017134 0.94558 9.9973E-05 9.9973E-05
0.0074897 0.0567729 9.9982E-05 0.918206 9.9982E-05 0.0173319
9.9973E-05 0.0496184 9.9973E-05 0.925039 9.9973E-05 0.0250424
9.9973E-05 0.0694451 9.9973E-05 0.882252 9.9973E-05 0.0480033
9.9973E-05 0.101886 9.9973E-05 0.877125 9.9973E-05 0.0206896
9.9973E-05 0.119054 9.9973E-05 0.818002 9.9973E-05 0.0626439
0.0751776 0.404565 0.288277 0.140618 0.091262 9.9991E-05
9.9982E-05 0.693865 0.175971 0.0589189 0.0710454 9.9982E-05
0.049493 0.579933 0.104278 0.117116 0.108548 0.0406314
0.072015 0.119892 0.722854 0.0850393 9.9982E-05 9.9982E-05
0.0028178 0.513632 0.217718 0.105507 0.160225 9.9991E-05
9.9973E-05 0.104965 0.766715 0.128021 9.9973E-05 9.9973E-05
9.9982E-05 0.644774 0.256193 0.0976979 9.9982E-05 0.00113539
0.181703 0.381686 0.195071 0.167164 0.0742764 9.9991E-05
9.9982E-05 0.51499 0.239593 0.169473 0.0757439 9.9982E-05
0.445208 0.477304 9.9982E-05 0.0716507 0.00563708 9.9982E-05
0.0672237 0.456564 0.247115 0.141882 0.0871156 9.9991E-05
9.9982E-05 0.726755 0.162805 0.0833853 0.0268555 9.9982E-05
9.9982E-05 0.559593 0.269473 0.0863615 0.0843727 9.9982E-05
0.117089 9.9982E-05 0.327888 9.9982E-05 0.468439 0.0863839
9.9982E-05 0.0465344 0.846446 0.090502 0.0163174 9.9982E-05
9.9973E-05 0.180007 0.717948 0.101745 9.9973E-05 9.9973E-05
0.0860199 0.574457 0.162648 0.157883 0.0188931 9.9991E-05
9.9982E-05 0.520507 0.39686 0.0763797 9.9982E-05 0.00605325
0.0171634 0.614347 0.287002 0.0812878 9.9982E-05 9.9982E-05
0.0639693 0.635428 0.151977 0.11627 0.0125548 0.0198003
0.00802604 0.479465 0.0904873 0.233606 0.0519315 0.136484
9.9991E-05 0.55904 0.0392439 0.204831 0.0565023 0.140283
0.0104712 0.176091 0.0840125 0.394719 0.209834 0.124873
0.0310202 0.547943 0.0719035 0.125038 0.163841 0.0602536
9.9991E-05 0.474733 0.0679306 0.22439 0.159694 0.0731535
9.9973E-05 9.9973E-05 0.429251 0.411445 9.9973E-05 0.159004
0.00783743 0.284488 0.219071 0.2979 9.9991E-05 0.190604
0.00388274 0.333609 0.118774 0.364175 0.0419165 0.137642
0.0198932 0.399813 0.0222393 0.337121 0.151591 0.0693428
0.0515708 0.510517 0.0978066 0.161119 0.0416821 0.137304
0.0463469 0.5383 0.028547 0.187045 0.103087 0.0966743
9.9991E-05 0.632313 0.0704851 0.157746 0.0129714 0.126384
0.072467 0.40651 0.154415 0.177668 0.0238068 0.165133
0.0287554 0.249475 0.0330824 0.508406 0.0647494 0.115532
