0.0308968 9.9991E-05 0.946541 0.0224625
9.9982E-05 9.9982E-05 0.970625 0.0291749
0.0662769 9.9991E-05 0.84959 0.084033
0.0624812 0.00763865 0.837953 0.091927
0.0626551 9.9991E-05 0.904187 0.0330583
0.0143519 0.164982 0.639784 0.180883
0.0171093 0.0984054 0.880853 0.00363231
0.0655802 0.190884 0.743436 9.9991E-05
9.9982E-05 0.162073 0.837727 9.9982E-05
0.0877732 0.0739954 0.714642 0.123589
9.9991E-05 0.139506 0.780599 0.0797944
0.0767135 0.51166 0.0730466 0.338579
0.117174 0.217282 0.0805407 0.585003
0.113349 0.481197 0.0901213 0.315333
0.177935 0.364259 0.0995034 0.358302
0.163554 0.255967 0.124159 0.45632
0.18429 0.144613 0.0794349 0.591662
0.127479 0.390776 9.9991E-05 0.481644
0.0770753 0.256938 0.211559 0.454428
0.0182882 0.662864 0.173672 0.145176
0.127683 0.403982 0.014162 0.454173
0.131398 0.317181 0.0818045 0.469617
0.0712034 0.1932 0.091542 0.644054
0.166914 0.451677 0.0219475 0.359462
0.127072 0.126261 0.110568 0.636099
0.145524 0.222657 0.0116253 0.620194
0.0454411 0.48363 0.137099 0.333829
0.185388 0.421492 0.0932117 0.299908
0.0335723 0.526482 0.125839 0.314107
0.105673 9.9991E-05 0.848169 0.046059
0.0179556 9.9991E-05 0.863013 0.118932
0.0713047 9.9991E-05 0.818537 0.110058
0.132783 9.9991E-05 0.747423 0.119693
9.9991E-05 0.224118 0.0544248 0.721357
0.0404446 0.201075 0.121159 0.637321
0.0840518 0.244195 9.9991E-05 0.671653
9.9991E-05 0.534634 0.189624 0.275642
0.060766 0.36762 9.9991E-05 0.571514
0.0866993 0.26153 0.0411568 0.610614
0.0988726 0.0463509 0.0168573 0.837919
0.0556462 0.123539 0.124655 0.69616
0.0811628 0.101713 0.10175 0.715374
9.9991E-05 0.517745 0.0214423 0.460713
0.1055 0.233832 0.0438737 0.616795
0.118664 0.168874 0.0190772 0.693385
0.189721 0.14297 0.118151 0.549158
9.9982E-05 0.383863 9.9982E-05 0.615937
0.0508268 0.00370144 0.0953913 0.85008
0.080517 0.201299 0.116755 0.601429
9.9991E-05 0.837578 0.0941244 0.0681976
9.9982E-05 0.633846 9.9982E-05 0.365954
0.0839002 0.725288 0.0861051 0.104707
0.069995 0.139012 0.142063 0.648929
0.152082 0.218451 0.0320604 0.597406
0.138567 0.099757 0.106094 0.655583
9.9991E-05 0.546471 0.151148 0.302282
0.0346672 0.260716 0.0398471 0.66477
0.163026 0.210325 0.0850398 0.541609
0.0200774 0.34051 0.123537 0.515876
0.103845 0.566705 0.260974 0.0684768
0.0214748 0.118591 0.15934 0.700594
0.0480738 0.271918 0.112009 0.567999
9.9991E-05 0.747362 0.0811107 0.171427
0.0424439 0.29546 0.0651288 0.596967
0.123648 0.142333 0.0509728 0.683046
0.197526 0.202274 0.0928815 0.507318
0.0840944 0.459677 0.0788031 0.377425
0.119027 0.282796 0.0623495 0.535827
0.036146 0.187433 0.115616 0.660805
9.9991E-05 0.539931 0.0878153 0.372154
9.9982E-05 0.231764 9.9982E-05 0.768036
9.9991E-05 0.495866 0.000802985 0.503231
0.133862 0.169098 0.111631 0.585408
9.9982E-05 0.728908 9.9982E-05 0.270892
9.9982E-05 0.72792 9.9982E-05 0.27188
9.9982E-05 0.382809 9.9982E-05 0.616991
9.9991E-05 0.256195 0.00450608 0.739199
0.0480383 0.00203719 0.267746 0.682178
0.0843005 0.335031 0.034993 0.545675
9.9991E-05 0.535402 0.0234448 0.441054
9.9991E-05 0.448256 0.0345253 0.517118
0.129036 0.253362 0.0409233 0.576679
9.9991E-05 0.377899 0.0413629 0.580638
9.9991E-05 0.222702 0.0698905 0.707308
9.9982E-05 0.35306 9.9982E-05 0.64674
9.9982E-05 0.74009 9.9982E-05 0.25971
9.9991E-05 0.0959026 0.0895582 0.814439
0.0177924 9.9991E-05 0.862336 0.119771
9.9982E-05 9.9982E-05 0.939225 0.0605751
0.0775509 9.9991E-05 0.909377 0.0129724
0.00392203 9.9991E-05 0.932952 0.063026
0.0538659 9.9991E-05 0.897305 0.0487296
0.0284885 9.9991E-05 0.906331 0.0650803
9.9982E-05 9.9982E-05 0.925367 0.0744333
0.131291 0.199882 0.0901316 0.578696
9.9991E-05 0.171083 0.14454 0.684277
9.9982E-05 0.654381 9.9982E-05 0.345419
0.148419 0.155581 0.0306646 0.665335
0.00569892 0.36072 0.0116006 0.62198
0.0187291 0.169843 0.0839206 0.727507
9.9991E-05 0.163518 0.115778 0.720604
0.0905679 0.213346 9.9991E-05 0.695986
9.9991E-05 0.704188 0.0518844 0.243827
0.0828045 0.146649 0.117647 0.652899
0.00436691 0.0484052 0.15466 0.792568
0.140345 0.112364 0.0904509 0.65684
0.0287412 0.473351 0.00642875 0.491479
0.0304697 0.273386 0.0179914 0.678153
0.0156541 0.316451 0.0114502 0.656445
0.0948126 0.372585 9.9991E-05 0.532502
9.9991E-05 0.304431 0.0551469 0.640322
9.9991E-05 0.0655994 0.14155 0.792751
0.117171 0.536595 0.0489552 0.297279
0.119717 0.294249 0.142306 0.443728
9.9991E-05 0.1664 0.185301 0.648199
0.0815541 0.17894 0.0884704 0.651035
9.9991E-05 0.283422 0.0886388 0.627839
0.101941 0.227434 0.0754593 0.595166
0.0296135 0.307676 0.0743861 0.588325
0.136149 0.176848 0.159169 0.527835
0.132063 0.168442 0.132632 0.566863
9.9991E-05 0.189437 0.13278 0.677683
9.9991E-05 0.305501 0.0760077 0.618391
0.0602363 0.131675 0.0714938 0.736595
0.0968914 0.164851 0.131319 0.606938
0.144206 0.24807 0.0268217 0.580902
0.117614 0.219629 0.0675521 0.595205
0.108111 0.213948 0.0639898 0.613951
0.11942 0.410611 0.146717 0.323252
0.0605738 0.216971 0.00047636 0.721979
0.0554936 0.108026 0.0640792 0.772401
0.0988177 0.462591 0.0855853 0.353006
0.117108 0.572678 0.08467 0.225544
0.0523174 0.213374 0.101229 0.63308
0.0858177 0.696408 9.9991E-05 0.217675
9.9991E-05 0.47122 0.0973687 0.431311
9.9991E-05 0.370618 0.0635583 0.565724
9.9991E-05 0.415384 0.100629 0.483887
0.00698606 0.442034 0.122195 0.428786
0.0913051 0.137451 0.116291 0.654953
0.158783 0.112888 0.117508 0.610821
0.00712581 0.185126 0.0918777 0.71587
0.124996 0.665028 9.9991E-05 0.209875
0.0524313 0.142258 0.16952 0.63579
0.153953 0.246392 0.0373571 0.562297
0.0373826 0.728018 0.192944 0.0416559
0.0833558 0.0951169 0.149981 0.671546
0.0723708 0.38316 0.101269 0.4432
0.16079 0.283646 0.109741 0.445823
0.0786813 0.511273 0.103603 0.306443
9.9991E-05 0.514518 0.161095 0.324287
9.9991E-05 0.324175 0.0782999 0.597426
0.170159 0.209615 0.122836 0.497391
0.129706 0.248551 0.131955 0.489788
0.261113 0.670887 0.0679001 9.9991E-05
0.134645 0.131318 0.0992004 0.634837
9.9982E-05 0.470535 9.9982E-05 0.529265
0.0802226 0.4171 9.9991E-05 0.502578
0.135119 0.0731297 0.140868 0.650883
0.304618 0.185596 0.361458 0.148327
0.234138 0.231974 0.533788 9.9991E-05
0.226235 0.279751 0.493914 9.9991E-05
0.35927 0.119068 0.414403 0.107259
0.0724385 0.146103 9.9991E-05 0.781359
0.0794121 0.140457 0.0959942 0.684137
0.706028 9.9982E-05 9.9982E-05 0.293772
0.455317 0.152702 0.0564324 0.335549
0.476769 0.0860982 0.0878694 0.349264
0.0478674 0.476044 0.0340803 0.442009
0.153963 0.163452 0.0685637 0.614022
0.0811827 0.648741 9.9991E-05 0.269976
0.0731675 0.259303 0.0134989 0.654031
0.0255648 0.342102 0.0549972 0.577336
0.0744768 0.221328 0.0677506 0.636445
0.120601 0.629966 9.9991E-05 0.249333
0.111407 0.026534 0.0629965 0.799063
0.122531 0.14949 0.0569725 0.671006
0.988987 0.000617658 9.9991E-05 0.0102955
0.905502 9.9991E-05 0.00333238 0.0910661
0.646889 0.0629664 0.00859016 0.281555
0.680797 9.9982E-05 9.9982E-05 0.319003
0.789013 0.0212429 9.9991E-05 0.189644
0.9997 9.998E-05 9.998E-05 9.998E-05
0.994962 0.00483815 9.9982E-05 9.9982E-05
0.886103 9.9982E-05 9.9982E-05 0.113697
0.969683 9.9982E-05 9.9982E-05 0.0301166
0.9997 9.998E-05 9.998E-05 9.998E-05
0.9997 9.998E-05 9.998E-05 9.998E-05
0.837474 9.9991E-05 0.0429863 0.11944
0.793376 9.9991E-05 0.0911432 0.11538
0.9997 9.998E-05 9.998E-05 9.998E-05
0.467243 0.210996 0.0669686 0.254793
0.679256 9.9991E-05 0.0970503 0.223594
0.733681 9.9991E-05 0.0554839 0.210735
0.932065 9.9982E-05 9.9982E-05 0.0677355
0.9997 9.998E-05 9.998E-05 9.998E-05
0.912068 9.9991E-05 0.036023 0.0518089
0.9997 9.998E-05 9.998E-05 9.998E-05
0.611965 0.0450057 0.0584403 0.284589
0.905758 0.0244503 0.0252994 0.0444928
0.156035 0.477347 0.366518 9.9991E-05
0.106577 0.226087 0.200848 0.466488
0.102311 0.173468 0.249273 0.474948
0.213978 0.40307 0.230242 0.152709
0.209248 0.204205 0.159228 0.427319
0.17702 0.316662 0.284044 0.222275
0.125025 0.131135 0.210518 0.533322
0.270606 0.267678 0.136762 0.324954
0.16009 0.123383 0.223894 0.492633
0.325891 0.188805 0.150819 0.334486
0.212588 0.198189 0.184616 0.404607
9.9991E-05 0.0627415 0.847507 0.0896512
0.0654409 9.9982E-05 0.934359 9.9982E-05
9.9982E-05 9.9982E-05 0.971381 0.0284195
9.9982E-05 9.9982E-05 0.98995 0.00985051
0.0384504 0.0174465 0.944003 9.9991E-05
0.115114 9.9982E-05 0.884686 9.9982E-05
0.0953773 9.9991E-05 0.893328 0.0111944
9.9991E-05 0.0501269 0.941165 0.00860816
0.022537 0.00483113 0.926192 0.0464395
0.111703 0.0143098 0.873887 9.9991E-05
9.9982E-05 0.314369 0.685431 9.9982E-05
0.00856645 0.308463 0.68287 9.9991E-05
9.9982E-05 0.398746 0.601054 9.9982E-05
9.9982E-05 0.410239 0.589561 9.9982E-05
0.0156221 0.29269 0.0632378 0.62845
0.053584 0.256553 0.0295511 0.660311
0.0590937 0.214728 0.0507481 0.675431
9.9991E-05 0.294504 0.126804 0.578592
9.9991E-05 0.583304 0.0529554 0.363641
0.0609397 0.0936261 0.0484152 0.797019
9.9991E-05 0.2528 0.00385661 0.743243
0.0324974 0.294881 0.0352508 0.63737
0.0401637 0.393517 9.9991E-05 0.56622
9.9991E-05 0.20257 0.0496826 0.747648
9.9982E-05 0.371316 9.9982E-05 0.628484
0.00157181 0.822887 9.9991E-05 0.175442
0.052808 0.241817 0.120057 0.585317
9.9982E-05 0.507588 9.9982E-05 0.492212
0.00721242 0.248649 9.9991E-05 0.744039
9.9991E-05 0.615565 0.0165332 0.367801
9.9991E-05 0.718998 0.200795 0.0801066
9.9991E-05 0.629191 0.215839 0.15487
9.9991E-05 0.770123 0.192449 0.0373278
9.9991E-05 0.725096 0.23518 0.039624
0.00770656 0.730391 0.138272 0.12363
0.0106491 0.61953 0.218248 0.151572
0.096686 9.9991E-05 0.838609 0.0646048
0.0682147 0.0123179 0.852458 0.0670092
0.179936 9.9991E-05 0.777558 0.0424065
0.0817788 9.9991E-05 0.846772 0.0713488
0.0760639 0.0278921 0.813301 0.0827425
9.9982E-05 0.535808 0.463992 9.9982E-05
9.9982E-05 0.450764 0.549036 9.9982E-05
9.9991E-05 0.461279 0.534653 0.00396718
0.053991 9.9991E-05 0.838374 0.107535
9.9991E-05 0.523334 0.475908 0.000658179
0.440202 0.0649684 0.218397 0.276432
0.213073 0.0352219 0.124115 0.62759
0.372132 9.9991E-05 0.165746 0.462022
0.310963 0.0522675 0.299014 0.337756
0.167631 0.0897855 0.174259 0.568325
0.35651 0.176038 0.467352 9.9991E-05
9.9991E-05 0.335983 0.0495801 0.614337
0.0691325 0.521187 0.0427794 0.366901
9.9991E-05 0.404223 0.199433 0.396244
0.0867516 0.363807 0.00171556 0.547726
9.998E-05 0.9997 9.998E-05 9.998E-05
0.0925676 0.125903 0.161857 0.619673
0.0154758 0.341496 0.0804036 0.562625
9.9991E-05 0.448523 0.110071 0.441306
0.0957592 0.22535 0.0848115 0.594079
0.0673603 0.698053 0.0323284 0.202258
0.101435 0.377844 0.0253269 0.495394
0.125468 0.30847 9.9991E-05 0.565963
0.246875 0.222381 0.168028 0.362716
0.0540753 0.487387 9.9991E-05 0.458438
0.0346114 0.317117 0.0817777 0.566493
0.133291 0.337184 0.0072594 0.522266
0.0208963 0.260904 0.0594406 0.658759
0.0875621 0.173861 0.0983987 0.640178
0.0785369 0.171129 0.102725 0.647609
0.0523529 0.197059 0.171171 0.579417
0.0402572 9.9991E-05 0.814597 0.145046
0.042728 9.9991E-05 0.86572 0.0914523
0.0186358 0.0883062 0.809134 0.0839239
0.0547031 0.0200444 0.874169 0.0510837
0.0236396 9.9991E-05 0.886688 0.0895722
0.0580872 0.562774 0.0882036 0.290936
0.0865068 0.194939 0.0976808 0.620873
0.302933 0.0763626 0.223183 0.397522
0.0801421 0.118734 0.076488 0.724635
0.0298913 0.186558 0.187905 0.595646
0.142418 0.533066 0.00130423 0.323211
9.9991E-05 0.670306 0.219422 0.110172
9.9991E-05 0.289721 0.108005 0.602174
0.0701706 0.637504 0.132118 0.160207
0.102165 0.361422 0.0673424 0.469071
9.9991E-05 0.558477 0.182697 0.258726
0.0909789 0.101168 0.165007 0.642846
0.013054 0.488616 0.176892 0.321438
0.09706 0.399777 0.0882536 0.414909
0.132232 0.296456 0.0970828 0.47423
0.097459 0.528088 0.0398989 0.334555
0.028033 0.221619 0.100935 0.649413
9.9991E-05 0.171109 0.157454 0.671338
0.0572908 0.495879 0.0146265 0.432204
0.0395988 0.219755 0.169952 0.570694
9.9991E-05 0.210905 0.15132 0.637674
9.9982E-05 0.726849 9.9982E-05 0.272951
0.0256246 0.605665 9.9991E-05 0.36861
0.0505985 0.306998 0.0770133 0.56539
9.9991E-05 0.655372 0.0410447 0.303483
0.00403014 0.347861 0.0779578 0.570151
0.0183576 0.65726 0.100314 0.224068
0.0873446 0.606572 9.9991E-05 0.305984
0.06601 0.369557 0.0869844 0.477448
0.163016 0.17184 0.0382579 0.626886
0.0234341 0.609211 0.00842334 0.358931
0.187877 0.304083 0.0702716 0.437769
0.0818816 0.171767 0.148794 0.597558
0.123565 0.263944 0.0533748 0.559116
0.134616 0.302168 0.0776238 0.485592
0.034863 0.307391 0.0638886 0.593857
0.0309186 0.50518 0.0382495 0.425652
0.135739 0.455497 0.0401773 0.368587
0.101791 0.23738 9.9991E-05 0.660729
0.0575279 0.199019 0.106741 0.636713
0.0455547 0.391824 0.116906 0.445716
0.147033 0.298037 9.9991E-05 0.55483
9.9991E-05 0.311177 0.176504 0.512219
0.0672727 0.15635 0.0562926 0.720084
0.107231 0.298107 0.115229 0.479433
0.0557732 0.221277 0.182545 0.540405
0.110633 9.9991E-05 0.396864 0.492403
0.292805 0.105712 0.137098 0.464385
0.105059 0.152823 0.16981 0.572307
0.238006 0.170182 0.0784092 0.513404
0.305295 0.072752 0.207464 0.414489
0.0902841 0.415157 9.9991E-05 0.494459
0.196056 0.0720531 0.16534 0.566551
0.261147 0.48751 0.251243 9.9991E-05
0.231252 0.0770772 0.134766 0.556904
0.163926 0.101789 0.143513 0.590773
0.272307 0.129936 0.100441 0.497315
0.191743 0.228636 0.226054 0.353567
0.245314 0.0827056 0.204584 0.467396
0.297485 0.0481404 0.125977 0.528398
0.262071 0.253004 0.484825 9.9991E-05
0.311107 0.1186 0.157146 0.413147
0.24677 0.0578389 0.137855 0.557537
0.214171 0.115732 0.10397 0.566127
0.260248 0.066956 0.228318 0.444478
0.147963 0.0571257 0.21766 0.577252
0.0447992 0.296646 0.0498723 0.608683
0.152286 0.241627 0.106358 0.499728
0.0430964 0.839034 9.9991E-05 0.11777
0.0332419 0.844145 9.9991E-05 0.122513
0.217453 0.219743 0.0669482 0.495855
0.432569 0.102164 0.13151 0.333757
0.439401 0.126534 0.0975539 0.336511
0.41 0.286624 0.218076 0.0852998
0.339958 0.0935222 0.198987 0.367532
0.235066 0.581813 0.0621387 0.120982
0.205282 0.458408 0.0983191 0.237991
0.216844 0.152615 9.9991E-05 0.630441
0.171947 0.211825 0.114648 0.50158
0.205293 0.471286 0.0482473 0.275174
0.208165 0.134996 0.0599246 0.596914
0.224936 0.246043 0.00102813 0.527993
0.118833 0.161659 0.130497 0.589011
0.03558 0.463273 9.9991E-05 0.501047
0.105828 0.455348 9.9991E-05 0.438724
0.0878682 0.271527 9.9991E-05 0.640504
0.0622959 0.359211 0.0944537 0.48404
0.179458 0.248963 0.104091 0.467488
0.0696159 0.392825 9.9991E-05 0.53746
0.060825 0.636024 9.9991E-05 0.303051
0.0657612 0.18605 0.0260524 0.722136
0.0699439 0.620195 9.9991E-05 0.309761
0.151257 0.396397 9.9991E-05 0.452246
0.19709 0.219364 0.00628561 0.57726
0.0470411 0.294553 0.0702454 0.58816
0.179207 0.0466127 0.189332 0.584848
0.172815 0.316925 0.120928 0.389331
0.356762 0.168357 0.131315 0.343566
0.29185 0.209067 0.14183 0.357252
0.148399 0.0977194 0.261158 0.492724
0.197041 0.147208 0.227911 0.427839
0.287753 0.530885 0.181262 9.9991E-05
0.252428 0.0202318 0.0793751 0.647966
0.213761 0.397664 0.388475 9.9991E-05
0.24405 0.113773 0.0725102 0.569667
0.0171788 0.672527 9.9991E-05 0.310195
0.0297967 0.859243 0.0109819 0.0999784
0.0855487 0.394812 9.9991E-05 0.519539
0.0672729 0.189024 0.0255132 0.71819
0.0299055 0.457672 9.9991E-05 0.512322
0.0605878 0.307753 9.9991E-05 0.631559
0.114329 0.311779 9.9991E-05 0.573791
0.0392156 0.0302519 0.840246 0.090286
0.112853 0.124641 0.762406 9.9991E-05
0.0814116 9.9982E-05 0.918388 9.9982E-05
9.9982E-05 9.9982E-05 0.965579 0.034221
0.0588593 0.200039 0.0907912 0.65031
0.0187514 0.206621 0.155099 0.619529
9.9982E-05 0.280653 9.9982E-05 0.719147
9.9991E-05 0.100894 0.0933982 0.805608
0.0695449 0.17981 0.114313 0.636332
9.9991E-05 0.526168 0.0103016 0.463431
0.00406967 0.13858 0.041007 0.816344
9.9982E-05 0.397744 9.9982E-05 0.602056
0.261581 0.0347422 0.240417 0.463259
0.049881 0.360901 9.9991E-05 0.589118
9.9982E-05 0.429393 9.9982E-05 0.570407
0.0145487 0.253003 9.9991E-05 0.732349
9.9982E-05 0.352534 9.9982E-05 0.647266
0.00888982 0.187728 0.0351251 0.768257
0.0567767 0.111181 0.0775789 0.754463
9.9982E-05 0.557881 9.9982E-05 0.441919
9.9982E-05 0.477604 9.9982E-05 0.522196
9.9982E-05 0.383057 9.9982E-05 0.616743
9.9982E-05 0.780965 9.9982E-05 0.218835
9.9991E-05 0.307323 0.0608915 0.631685
9.9982E-05 0.629655 9.9982E-05 0.370146
9.9982E-05 0.807555 9.9982E-05 0.192245
0.0279306 0.195043 0.0524901 0.724537
9.9991E-05 0.505706 0.0488159 0.445378
0.043881 0.327813 0.0602484 0.568058
0.0963958 0.192991 0.0841056 0.626507
0.0323403 0.232766 0.0227162 0.712177
0.0981711 0.458514 9.9991E-05 0.443215
0.113097 0.216036 9.9991E-05 0.670767
9.9991E-05 0.246194 0.0646501 0.689056
9.9982E-05 0.409196 9.9982E-05 0.590604
0.0800784 0.177927 0.0991272 0.642867
0.000487572 0.284821 0.714591 9.9991E-05
9.9991E-05 0.117858 0.805787 0.0762557
9.9982E-05 0.116369 0.883431 9.9982E-05
9.9982E-05 0.157849 0.841951 9.9982E-05
9.9991E-05 0.103469 0.793742 0.102689
9.9991E-05 0.562807 0.0469471 0.390146
9.9991E-05 0.604433 0.0299233 0.365544
9.9982E-05 0.555651 9.9982E-05 0.444149
0.0824992 0.129593 0.130001 0.657906
0.0259245 0.182609 0.171478 0.619989
0.0304709 0.492082 9.9991E-05 0.477347
0.0610625 0.158562 9.9991E-05 0.780275
0.0273842 0.28004 0.0611965 0.63138
0.0132178 0.209704 0.0149053 0.762173
0.0583646 0.227305 0.0562043 0.658126
0.0288894 0.502886 9.9991E-05 0.468124
0.0001881 0.336252 0.0317097 0.63185
9.9982E-05 0.396994 9.9982E-05 0.602806
0.0363938 0.173145 0.111205 0.679257
9.9991E-05 0.321213 0.0362201 0.642467
0.0624119 0.267748 0.0288711 0.640969
0.462492 9.9991E-05 0.0769348 0.460473
0.42724 9.9991E-05 0.117964 0.454696
0.529451 9.9991E-05 0.128978 0.341471
0.548166 9.9991E-05 0.138581 0.313154
0.397315 0.0437523 0.109507 0.449425
0.00874589 0.260047 0.0728137 0.658394
0.70349 0.0183117 0.259811 0.0183876
0.50663 0.00205091 0.195106 0.296213
0.195105 0.175419 0.228521 0.400955
0.0815566 0.0419764 0.18199 0.694477
0.056709 0.266756 0.154992 0.521543
0.0820777 0.188142 0.135573 0.594207
0.0618794 0.158843 0.104957 0.674321
0.518751 9.9991E-05 0.174896 0.306253
0.313783 0.0261374 0.219443 0.440636
0.613808 9.9991E-05 0.0239147 0.362178
0.358547 0.0385036 0.170643 0.432306
0.567591 9.9991E-05 0.142647 0.289663
0.417063 0.114361 0.0784749 0.390101
0.623115 0.0130399 0.120605 0.243241
0.422104 0.0940753 0.0998236 0.383997
0.140843 0.236863 0.093367 0.528926
0.386326 0.0772144 0.158589 0.377871
0.700313 9.9991E-05 0.136459 0.163127
0.393021 0.0825397 0.130219 0.39422
9.9991E-05 0.452566 0.23257 0.314764
0.144135 0.200893 0.0106768 0.644295
0.416297 0.0382352 0.111895 0.433572
0.0739566 0.141871 0.155577 0.628595
9.9991E-05 0.133889 0.273716 0.592294
0.233957 0.126229 0.192186 0.447628
0.371848 0.109768 0.199676 0.318708
0.160021 0.164044 0.109107 0.566828
0.399663 0.029181 0.14655 0.424606
0.436454 9.9991E-05 0.142269 0.421176
0.627799 9.9991E-05 0.233642 0.138459
0.156189 0.160504 0.0535388 0.629768
9.9991E-05 0.259317 0.147653 0.592931
0.181319 0.508694 0.112468 0.197519
0.0509267 0.119746 0.164507 0.66482
0.0941086 0.241123 0.164011 0.500758
0.20775 0.149367 0.19601 0.446874
0.21739 0.278652 0.117855 0.386102
0.286614 0.371628 0.341657 9.9991E-05
0.230221 0.369217 0.400462 9.9991E-05
0.292377 0.360532 0.12781 0.219282
0.304003 0.376129 0.319768 9.9991E-05
0.317168 0.208858 0.473874 9.9991E-05
0.2156 0.276332 0.097259 0.410809
0.238148 0.0973222 0.260299 0.40423
0.30418 0.261001 0.273894 0.160925
0.325799 0.349985 0.324116 9.9991E-05
0.134088 0.189966 0.150949 0.524997
0.248234 0.346095 0.23739 0.168282
0.196873 0.344256 0.458771 9.9991E-05
0.198448 0.0716878 0.13898 0.590885
0.293361 0.198025 0.207891 0.300723
0.185792 0.0440771 0.367218 0.402913
0.336486 9.9991E-05 0.112708 0.550706
0.169201 0.0247155 0.233786 0.572297
0.309855 9.9991E-05 0.176996 0.513049
0.220573 9.9991E-05 0.406442 0.372884
0.171681 9.9991E-05 0.240321 0.587898
0.35796 9.9991E-05 0.24864 0.3933
0.258479 0.127956 0.288176 0.32539
0.143016 0.266538 0.238442 0.352003
0.199014 0.18329 0.132632 0.485064
0.207105 0.0857101 0.186876 0.520309
0.124244 0.0871993 0.136701 0.651856
0.280698 9.9991E-05 0.303442 0.41576
0.242674 0.0937718 0.165371 0.498184
0.305521 0.203041 0.393878 0.0975606
0.32453 9.9991E-05 0.23014 0.44523
0.394461 0.106561 0.316271 0.182706
9.9991E-05 0.118572 0.843936 0.0373913
9.9991E-05 0.529438 0.224099 0.246364
9.9991E-05 0.804321 0.188292 0.0072871
9.9991E-05 0.741979 0.172718 0.0852031
9.9991E-05 0.724248 0.117663 0.157988
9.9991E-05 0.672832 0.162215 0.164853
9.9991E-05 0.651602 0.151128 0.197169
9.9982E-05 0.789823 0.209977 9.9982E-05
9.9991E-05 0.593294 0.368231 0.0383754
0.0170436 0.0112418 0.939932 0.0317829
0.0386073 0.0722117 0.846954 0.0422266
0.0382704 9.9991E-05 0.924633 0.0369968
0.0181842 0.0966613 0.84662 0.0385347
0.0718509 9.9982E-05 0.927949 9.9982E-05
0.006019 0.041959 0.951922 9.9991E-05
0.149007 0.0244167 0.804962 0.021615
0.0827499 9.9991E-05 0.875936 0.0412143
0.0907874 0.155582 0.735229 0.0184019
0.0654572 9.9982E-05 0.934343 9.9982E-05
9.9982E-05 0.018454 0.981346 9.9982E-05
0.0311977 0.00549587 0.893195 0.0701118
9.9982E-05 9.9982E-05 0.992884 0.00691565
0.0512292 9.9991E-05 0.927652 0.0210187
0.0160971 9.9991E-05 0.905336 0.0784673
0.0457938 9.9991E-05 0.853555 0.100552
0.157481 9.9991E-05 0.779892 0.0625277
0.146993 9.9991E-05 0.791482 0.0614253
0.125771 9.9991E-05 0.795544 0.078585
0.105071 0.26006 0.140704 0.494165
9.9991E-05 0.12715 0.0914017 0.781348
0.13644 0.101901 0.154653 0.607006
0.106597 0.645279 0.0669536 0.18117
0.0782516 0.156336 0.134455 0.630957
0.101164 0.566892 0.171901 0.160043
0.107267 0.0994349 0.084137 0.709161
9.9991E-05 0.293693 0.173365 0.532842
9.9991E-05 0.202749 0.128862 0.668289
0.0400843 0.296857 0.018818 0.644241
9.9991E-05 0.188881 0.198242 0.612777
0.103706 0.129327 0.10131 0.665658
0.0182087 0.159586 0.169119 0.653087
0.121114 0.797609 9.9991E-05 0.0811768
0.053993 0.824639 0.0891485 0.0322199
0.143105 0.584712 0.0785658 0.193617
0.0823639 0.128053 0.132496 0.657087
0.0216634 0.208359 0.156561 0.613416
0.0284923 0.194149 0.174569 0.60279
0.10473 0.0544269 0.0603093 0.780534
0.219029 0.0858931 0.165106 0.529972
0.128332 9.9991E-05 0.216776 0.654792
0.194858 0.234792 0.410782 0.159568
0.109794 0.0836061 0.117436 0.689165
0.165136 0.133085 0.253215 0.448563
0.221811 0.307428 0.470661 9.9991E-05
0.303484 0.168227 0.247644 0.280645
0.159927 0.090146 0.391537 0.35839
0.142339 0.0768518 0.321751 0.459058
0.174288 0.0287241 0.217202 0.579786
0.189134 0.0162154 0.186494 0.608156
0.117712 0.00844461 0.195963 0.67788
0.234103 0.182845 0.187106 0.395946
0.200459 9.9991E-05 0.468071 0.33137
