0.110632 0.889268 9.9991E-05
0.050113 0.949787 9.9991E-05
0.107531 0.887989 0.00448011
0.134449 0.816484 0.049067
0.0948815 0.905019 9.9991E-05
0.104044 0.718563 0.177393
0.0543228 0.849088 0.0965893
0.0731477 0.798911 0.127942
9.9991E-05 0.923156 0.0767443
0.0762325 0.789475 0.134293
0.0848337 0.796745 0.118421
0.0969935 0.159775 0.743231
0.338015 0.0543776 0.607608
0.169433 0.128342 0.702225
0.234955 0.133705 0.631339
0.336269 0.119939 0.543792
0.390275 0.0137615 0.595963
0.303591 0.0290695 0.667339
0.197825 0.185863 0.616311
9.9991E-05 0.199715 0.800185
0.269188 0.065834 0.664978
0.284957 0.0476503 0.667393
0.330141 0.00577073 0.664088
0.13087 0.17303 0.696099
0.453338 0.0198775 0.526784
0.339299 0.0100593 0.650642
0.0750296 0.158215 0.766755
0.198722 0.125472 0.675806
0.0589611 0.149512 0.791527
0.145685 0.854215 9.9991E-05
0.157174 0.842726 9.9991E-05
0.200856 0.799044 9.9991E-05
0.244445 0.733184 0.022371
0.290077 0.0617156 0.648207
0.327276 0.0283964 0.644328
0.309224 9.9991E-05 0.690676
0.0148668 0.192021 0.793112
0.134183 9.9991E-05 0.865717
0.348918 0.0619125 0.58917
0.413932 9.9991E-05 0.585968
0.334993 0.0810426 0.583964
0.344465 0.0526127 0.602922
0.0174585 0.0699883 0.912553
0.40971 0.0174098 0.57288
0.375637 0.0107643 0.613598
0.393635 0.0717699 0.534595
0.160345 9.9991E-05 0.839555
0.37097 0.0282373 0.600793
0.400178 0.0534993 0.546322
9.9991E-05 0.128239 0.871661
9.9991E-05 0.13185 0.86805
0.0675822 0.127386 0.805032
0.404963 0.0639915 0.531045
0.419688 0.0103658 0.569946
0.439575 0.0232164 0.537208
0.0430579 0.240077 0.716865
0.288196 0.0200735 0.691731
0.407993 0.014841 0.577166
0.221425 0.125948 0.652626
0.0230585 0.280845 0.696097
0.383501 0.0419401 0.574559
0.310897 0.0513594 0.637744
9.9991E-05 0.22438 0.77552
0.206878 0.0395927 0.753529
0.385272 9.9991E-05 0.614628
0.36639 0.0662784 0.567332
0.14087 0.166837 0.692293
0.334607 0.0491435 0.616249
0.365921 0.0373599 0.596719
0.0516757 0.149414 0.79891
0.298988 9.9991E-05 0.700912
0.0919872 0.0303748 0.877638
0.366665 0.05715 0.576185
9.9991E-05 0.0094217 0.990478
9.999E-05 9.999E-05 0.9998
0.110016 9.9991E-05 0.889884
0.280803 9.9991E-05 0.719097
0.412759 0.0320585 0.555183
0.268498 9.9991E-05 0.731402
0.0427666 0.0759278 0.881306
0.101799 0.0463544 0.851846
0.379686 0.0414236 0.57889
0.197382 0.00919535 0.793422
0.249361 9.9991E-05 0.750539
0.242161 9.9991E-05 0.757739
9.9991E-05 0.0861203 0.91378
0.390935 9.9991E-05 0.608965
0.117996 0.865051 0.0169522
0.114474 0.885426 9.9991E-05
0.16979 0.83011 9.9991E-05
0.113662 0.886238 9.9991E-05
0.0768041 0.923096 9.9991E-05
0.146129 0.853771 9.9991E-05
0.105579 0.894321 9.9991E-05
0.367174 9.9991E-05 0.632726
0.397252 0.0550211 0.547727
9.9991E-05 0.0834158 0.916484
0.40604 0.0140847 0.579875
0.20416 0.0106585 0.785182
0.320102 0.00532467 0.674573
0.330962 9.9991E-05 0.668938
0.333191 9.9991E-05 0.666709
9.9991E-05 0.0918632 0.908037
0.358492 0.0501217 0.591386
0.44275 9.9991E-05 0.55715
0.418858 0.0641321 0.517009
0.145825 9.9991E-05 0.854075
0.287594 9.9991E-05 0.712306
0.237042 9.9991E-05 0.762858
0.209675 9.9991E-05 0.790225
0.231023 0.0478462 0.721131
0.343187 0.0370668 0.619747
0.150013 0.126752 0.723235
0.183391 0.142811 0.673798
0.41937 0.0803757 0.500255
0.400252 0.0592103 0.540538
0.249316 0.0678951 0.682789
0.384339 0.0166156 0.599046
0.242232 0.0835949 0.674173
0.363087 0.0687246 0.568188
0.395063 0.0279372 0.577
0.333592 0.0438965 0.622512
0.276982 0.0320972 0.690921
0.415843 0.0226926 0.561465
0.404647 0.0509501 0.544402
0.378792 9.9991E-05 0.621108
0.402431 0.0452297 0.552339
0.393709 0.0116539 0.594637
0.223831 0.144134 0.632035
0.437154 0.00373116 0.559115
0.424245 9.9991E-05 0.575655
0.062745 0.141636 0.795619
0.0417061 0.145345 0.812949
0.323771 0.0160844 0.660144
9.9991E-05 0.079945 0.919955
0.106056 0.109136 0.784808
0.214028 0.000785061 0.785187
0.155227 0.075617 0.769156
0.122311 0.0730704 0.804619
0.34402 0.0221891 0.633791
0.365865 0.0943855 0.539749
0.352019 0.00951993 0.638461
0.0460904 0.134295 0.819615
0.331768 0.103925 0.564307
0.316946 0.0698105 0.613244
9.9991E-05 0.282645 0.717255
0.468496 0.00481065 0.526693
0.171175 0.139327 0.689499
0.369545 0.11934 0.511115
0.107185 0.159935 0.732879
9.9991E-05 0.202145 0.797755
0.220988 0.0680238 0.710988
0.373168 0.0617187 0.565113
0.297418 0.15904 0.543542
0.0609102 0.17051 0.768579
0.387165 0.068882 0.543953
0.118361 0.00785335 0.873786
0.224147 9.9991E-05 0.775753
0.348826 0.0979205 0.553254
0.342742 0.444106 0.213152
0.118467 0.727356 0.154176
0.103491 0.72223 0.17428
0.324659 0.454793 0.220549
0.322559 9.9991E-05 0.677341
0.377011 0.0425762 0.580413
0.901531 9.9991E-05 0.0983686
0.702576 0.0283404 0.269084
0.601086 0.0851975 0.313716
0.140911 0.0938313 0.765258
0.32404 0.087953 0.588007
0.0821192 0.0606047 0.857276
0.338143 0.0360481 0.625809
0.299337 0.0542104 0.646452
0.333415 9.9991E-05 0.666485
0.0629871 0.112267 0.824745
0.412805 0.0183522 0.568843
0.334405 0.0706141 0.59498
0.925406 0.0744942 9.9991E-05
0.918293 0.0816073 9.9991E-05
0.742546 0.0787301 0.178724
0.846908 0.00463943 0.148453
0.904067 0.0715049 0.0244281
0.917122 0.0827782 9.9991E-05
0.922128 0.0777716 9.9991E-05
0.973445 0.0250868 0.00146807
0.89503 0.10487 9.9991E-05
0.943724 0.0561761 9.9991E-05
0.943303 0.0565966 9.9991E-05
0.890472 0.073759 0.0357688
0.859312 0.14048 0.000208572
0.942871 0.0570293 9.9991E-05
0.547405 0.144883 0.307712
0.804891 0.0958166 0.0992928
0.874852 0.125048 9.9991E-05
0.923827 0.076073 9.9991E-05
0.962693 0.0372073 9.9991E-05
0.91535 0.0845504 9.9991E-05
0.923006 0.0768941 9.9991E-05
0.769902 0.125482 0.104616
0.913863 0.0860374 9.9991E-05
0.0361345 0.462799 0.501066
0.322819 0.213069 0.464113
0.308776 0.196431 0.494794
0.205272 0.291539 0.503189
0.392763 0.117671 0.489566
0.150518 0.347062 0.50242
0.362783 0.157984 0.479233
0.308843 0.239874 0.451283
0.401968 0.175371 0.422662
0.363391 0.206588 0.430021
0.367517 0.168571 0.463912
0.101467 0.893609 0.00492432
0.111304 0.888596 9.9991E-05
0.0580725 0.941827 9.9991E-05
0.0272405 0.972659 9.9991E-05
0.0857201 0.91418 9.9991E-05
0.0530316 0.946868 9.9991E-05
0.110829 0.889071 9.9991E-05
0.0459237 0.940405 0.0136712
0.0979297 0.90197 9.9991E-05
0.0910789 0.908821 9.9991E-05
9.9991E-05 0.701084 0.298816
9.9991E-05 0.724661 0.275239
9.9991E-05 0.65954 0.34036
9.9991E-05 0.585715 0.414185
0.297944 0.0466931 0.655363
0.328599 0.00471784 0.666683
0.323075 9.9991E-05 0.676825
0.173911 0.0519906 0.774098
0.0708939 0.124487 0.804619
0.40651 9.9991E-05 0.59339
0.331784 9.9991E-05 0.668116
0.269397 9.9991E-05 0.730503
0.219086 9.9991E-05 0.780814
0.407613 9.9991E-05 0.592287
0.219948 9.9991E-05 0.779952
9.999E-05 9.999E-05 0.9998
0.355732 0.0236204 0.620648
0.0691416 9.9991E-05 0.930758
0.296168 9.9991E-05 0.703732
0.0303877 0.0492879 0.920324
9.9991E-05 0.349885 0.650015
9.9991E-05 0.315937 0.683963
9.9991E-05 0.311104 0.688796
9.9991E-05 0.343553 0.656347
9.9991E-05 0.244139 0.755761
9.9991E-05 0.270628 0.729272
0.133841 0.86606 9.9991E-05
0.136669 0.818309 0.0450218
0.194901 0.766437 0.0386617
0.153678 0.845314 0.00100804
0.193871 0.789465 0.0166634
9.9991E-05 0.557212 0.442688
9.9991E-05 0.581825 0.418075
9.9991E-05 0.580294 0.419606
0.134677 0.846918 0.0184045
9.9991E-05 0.567523 0.432377
0.505683 0.295073 0.199245
0.551611 0.120164 0.328224
0.626011 0.141147 0.232842
0.467004 0.27292 0.260076
0.432442 0.145891 0.421667
0.304799 0.572329 0.122872
0.213159 0.0429931 0.743848
0.237454 0.000333445 0.762213
0.0832717 0.107915 0.808813
0.274513 9.9991E-05 0.725387
9.9991E-05 0.105657 0.894243
0.384299 0.0492617 0.566439
0.30427 0.0274084 0.668321
0.106949 0.118361 0.77469
0.361678 0.0716125 0.56671
9.9991E-05 0.0648272 0.935073
0.316738 9.9991E-05 0.683162
0.289243 0.021594 0.689163
0.3765 0.117174 0.506326
0.160191 0.0289785 0.810831
0.248692 0.00866262 0.742645
0.344508 9.9991E-05 0.655392
0.280974 9.9991E-05 0.718926
0.436799 0.0177984 0.545403
0.372935 0.0814711 0.545594
0.36662 0.03957 0.59381
0.184335 0.815565 9.9991E-05
0.144093 0.855807 9.9991E-05
0.0992181 0.893329 0.0074526
0.118485 0.881415 9.9991E-05
0.11855 0.88135 9.9991E-05
0.0173891 0.204088 0.778523
0.349959 0.00524295 0.644798
0.474665 0.204162 0.321173
0.412566 9.9991E-05 0.587334
0.291837 0.0384895 0.669674
0.119012 0.0783796 0.802608
9.9991E-05 0.250019 0.749881
0.2551 0.0848141 0.660086
0.114006 0.167945 0.718049
0.27011 0.043989 0.685901
0.00882134 0.220028 0.771151
0.361356 0.0690632 0.56958
0.0157225 0.207466 0.776811
0.190053 0.0905351 0.719412
0.319317 0.0873318 0.593351
0.084108 0.0676846 0.848207
0.311936 0.0325026 0.655561
0.326773 0.0679801 0.605247
0.0609067 0.0960835 0.84301
0.356993 0.0657604 0.577247
0.254372 0.0231246 0.722503
9.9991E-05 0.0778086 0.922091
0.0114785 0.121394 0.867127
0.222983 0.0515211 0.725496
9.9991E-05 0.100468 0.899432
0.201307 0.022859 0.775834
0.00870236 0.161598 0.829699
0.133509 0.0412347 0.825256
0.24852 0.0993867 0.652093
0.358373 0.0431283 0.598498
0.0778536 0.0781985 0.843948
0.344857 0.0477747 0.607368
0.328055 0.0270867 0.644859
0.31204 0.0125592 0.675401
0.315014 0.0211287 0.663857
0.255507 0.0626825 0.681811
0.0915675 0.100654 0.807778
0.21151 0.0627393 0.72575
0.344556 9.9991E-05 0.655344
0.417603 0.0161996 0.566198
0.235479 0.112838 0.651684
0.344972 9.9991E-05 0.654928
0.198181 0.0738594 0.727959
0.346028 0.0338232 0.620149
0.308954 0.0689285 0.622118
0.394832 0.0295441 0.575624
0.455022 0.297773 0.247204
0.515368 0.124161 0.360472
0.404838 0.15872 0.436442
0.509566 0.052597 0.437837
0.462333 0.186435 0.351233
0.271088 9.9991E-05 0.728812
0.448162 0.135169 0.41667
0.178692 0.35445 0.466858
0.496781 0.045644 0.457575
0.467563 0.109719 0.422718
0.485723 0.0893769 0.4249
0.285329 0.241803 0.472868
0.48833 0.14337 0.3683
0.488451 0.123876 0.387672
0.104658 0.692428 0.202914
0.473704 0.155196 0.3711
0.498088 0.128836 0.373077
0.47869 0.0658946 0.455416
0.569683 0.145165 0.285152
0.428048 0.155198 0.416754
0.295913 9.9991E-05 0.703987
0.354026 0.052572 0.593402
9.9991E-05 0.0440576 0.955842
9.9991E-05 0.0852247 0.914675
0.333618 0.0528549 0.613528
0.525553 0.175228 0.29922
0.501569 0.193118 0.305313
0.44175 0.231179 0.327072
0.498768 0.16313 0.338102
0.091352 0.187159 0.721489
0.133481 0.178319 0.6882
0.398586 9.9991E-05 0.601314
0.359904 0.078388 0.561708
0.169293 0.0916897 0.739017
0.399518 9.9991E-05 0.600382
0.410909 9.9991E-05 0.588991
0.36552 0.0411267 0.593353
0.18074 0.00124838 0.818012
0.221313 9.9991E-05 0.778587
0.320249 9.9991E-05 0.679651
0.280245 0.0332614 0.686494
0.351846 0.0796168 0.568537
0.267496 9.9991E-05 0.732404
0.0821911 0.0561091 0.8617
0.3881 9.9991E-05 0.6118
0.08162 0.0289305 0.88945
0.253154 0.000261426 0.746584
0.352559 0.0245114 0.622929
0.321506 0.0464894 0.632005
0.454215 0.157269 0.388516
0.384239 0.179642 0.436119
0.464974 0.226211 0.308816
0.428215 0.216229 0.355556
0.481492 0.118315 0.400193
0.389655 0.130835 0.47951
0.105119 0.302421 0.592461
0.532678 0.0466533 0.420668
0.0887722 0.560901 0.350326
0.503082 0.0135099 0.483408
0.0204017 0.0366482 0.94295
9.9991E-05 0.0395622 0.960338
0.268422 9.9991E-05 0.731478
0.361942 9.9991E-05 0.637958
0.230778 9.9991E-05 0.769122
0.344319 9.9991E-05 0.655581
0.31767 9.9991E-05 0.68223
0.0729149 0.897654 0.029431
0.150895 0.785364 0.0637415
0.0741251 0.925775 9.9991E-05
0.0739956 0.925904 9.9991E-05
0.361138 9.9991E-05 0.638762
0.329128 0.00490247 0.665969
0.284613 9.9991E-05 0.715287
0.345469 0.0143918 0.64014
0.356089 0.0619548 0.581956
0.156431 0.0340422 0.809527
0.37474 9.9991E-05 0.62516
0.15396 9.9991E-05 0.84594
0.422289 0.287906 0.289805
0.258537 9.9991E-05 0.741363
0.169268 9.9991E-05 0.830632
0.287018 9.9991E-05 0.712882
0.249419 9.9991E-05 0.750481
0.328697 9.9991E-05 0.671203
0.30936 9.9991E-05 0.69054
9.9991E-05 0.0040473 0.995853
0.175946 9.9991E-05 0.823954
0.202215 9.9991E-05 0.797685
9.9991E-05 0.000586236 0.999314
0.230007 0.0163731 0.75362
9.9991E-05 0.0140242 0.985876
9.9991E-05 0.0313453 0.968555
0.350294 9.9991E-05 0.649606
0.0833364 0.0610602 0.855603
0.277114 0.000263859 0.722622
0.379832 0.0451337 0.575035
0.29435 0.0103532 0.695297
0.18408 0.0177574 0.798162
0.32035 0.00677692 0.672873
0.293312 9.9991E-05 0.706588
0.148732 9.9991E-05 0.851168
0.340062 0.0274304 0.632507
9.9991E-05 0.778177 0.221723
0.00753931 0.826806 0.165654
9.9991E-05 0.928684 0.0712163
9.9991E-05 0.923082 0.0768182
0.0217659 0.815907 0.162327
0.058888 0.07587 0.865242
0.0342976 0.0870944 0.878608
0.122822 9.9991E-05 0.877078
0.386158 0.0359058 0.577936
0.395138 0.0311616 0.573701
0.154597 0.0151124 0.830291
0.369682 9.9991E-05 0.630218
0.290492 0.00517139 0.704337
0.300607 9.9991E-05 0.699293
0.389596 9.9991E-05 0.610304
0.104294 0.00869204 0.887014
0.114694 9.9991E-05 0.885206
0.15554 9.9991E-05 0.84436
0.399429 0.0552465 0.545324
0.195892 0.00503775 0.79907
0.235984 0.0223908 0.741625
0.645396 0.0727843 0.281819
0.642531 0.157321 0.200148
0.697749 0.12784 0.174411
0.691016 0.20551 0.103475
0.607568 0.0934289 0.299003
0.362631 0.00857717 0.628792
0.64496 0.35494 9.9991E-05
0.671202 0.184978 0.14382
0.37422 0.192904 0.432876
0.31913 0.115181 0.565689
0.286526 0.140369 0.573106
0.361779 0.079102 0.559119
0.389392 0.0900403 0.520568
0.714209 0.190088 0.0957024
0.625908 0.10953 0.264562
0.761289 0.0968855 0.141825
0.606262 0.0605706 0.333167
0.651098 0.200375 0.148527
0.625478 0.117659 0.256863
0.672441 0.180637 0.146922
0.575183 0.122772 0.302045
0.259792 0.123912 0.616297
0.613443 0.157101 0.229456
0.693045 0.299474 0.00748117
0.58997 0.132772 0.277258
0.0858501 0.249936 0.664214
0.380497 0.026598 0.592905
0.58871 0.151806 0.259484
0.315983 0.113933 0.570084
0.290696 0.160998 0.548306
0.421438 0.209312 0.369251
0.500383 0.21425 0.285367
0.419154 0.062249 0.518597
0.610228 0.137507 0.252265
0.723956 0.0602554 0.215789
0.736043 0.263857 9.9991E-05
0.412005 0.063479 0.524516
0.191992 0.164306 0.643702
0.0496825 0.236585 0.713732
0.384118 0.131195 0.484687
0.249003 0.0937604 0.657237
0.436819 0.141272 0.421909
0.410464 0.113692 0.475843
0.101772 0.54742 0.350808
0.0420751 0.538066 0.419859
0.279561 0.22549 0.494949
0.217973 0.46567 0.316357
0.202021 0.622856 0.175123
0.307733 0.23813 0.454138
0.351206 0.260354 0.38844
0.234236 0.391366 0.374398
0.181079 0.395536 0.423385
0.479715 0.145704 0.37458
0.225446 0.31711 0.457444
0.0358003 0.591839 0.372361
0.409789 0.110321 0.47989
0.373825 0.260504 0.36567
0.418382 0.298435 0.283183
0.602191 0.123571 0.274238
0.540891 0.114664 0.344444
0.551234 0.137123 0.311643
0.412735 0.359276 0.22799
0.506918 0.177217 0.315865
0.520307 0.247189 0.232504
0.453558 0.271294 0.275148
0.300724 0.225276 0.474
0.446125 0.144293 0.409582
0.531023 0.112278 0.356698
0.455508 0.0508786 0.493614
0.500989 0.247327 0.251684
0.485285 0.180026 0.334689
0.352128 0.457505 0.190367
0.508081 0.0995382 0.39238
0.423396 0.345952 0.230652
0.0375168 0.864882 0.0976015
9.9991E-05 0.236357 0.763543
9.9991E-05 0.274216 0.725684
9.9991E-05 0.236536 0.763364
9.9991E-05 0.214535 0.785365
9.9991E-05 0.233498 0.766402
9.9991E-05 0.215436 0.784464
9.9991E-05 0.273727 0.726173
9.9991E-05 0.383569 0.616331
0.0511139 0.923931 0.024955
0.0850031 0.843118 0.0718794
0.0884295 0.888455 0.0231158
0.065603 0.890545 0.043852
0.0831437 0.889063 0.0277935
0.0947142 0.905186 9.9991E-05
0.20513 0.756351 0.0385194
0.139831 0.860069 9.9991E-05
0.168017 0.753572 0.0784108
0.122753 0.877147 9.9991E-05
0.0212211 0.978679 9.9991E-05
0.128753 0.871147 9.9991E-05
0.0463759 0.953524 9.9991E-05
0.0807435 0.919157 9.9991E-05
0.134054 0.865846 9.9991E-05
0.115398 0.884502 9.9991E-05
0.172201 0.827699 9.9991E-05
0.19826 0.80164 9.9991E-05
0.227326 0.772574 9.9991E-05
0.195122 0.169275 0.635603
0.379617 0.0352553 0.585127
0.411435 0.0898462 0.498719
0.0334965 0.222052 0.744451
0.259768 0.126733 0.613499
0.0192399 0.263976 0.716784
0.427923 0.0376629 0.534414
0.208672 0.193602 0.597726
0.261161 0.155006 0.583833
0.288527 0.018325 0.693148
0.209962 0.138132 0.651905
0.43744 0.0119676 0.550593
0.310193 0.0919821 0.597825
9.9991E-05 0.139476 0.860424
9.9991E-05 0.251067 0.748833
0.0447999 0.221346 0.733854
0.363508 0.0941465 0.542345
0.304199 0.0883433 0.607458
0.375176 0.0517656 0.573058
0.438683 0.0339362 0.527381
0.448246 0.182544 0.36921
0.510103 0.152651 0.337246
0.262161 0.450484 0.287355
0.396289 0.133301 0.47041
0.354493 0.226303 0.419203
0.150367 0.565499 0.284134
0.431311 0.274932 0.293757
0.368818 0.364525 0.266657
0.339369 0.303497 0.357134
0.442856 0.128308 0.428836
0.439572 0.14994 0.410487
0.498431 0.0715178 0.430052
0.414841 0.168527 0.416632
0.283784 0.498551 0.217665
