0.113189 9.9991E-05 0.886711
0.0482943 9.9991E-05 0.951606
0.0937983 0.0143064 0.891895
0.14964 0.043811 0.806549
0.114928 9.9991E-05 0.884972
0.120865 0.160191 0.718944
0.0677139 0.0750384 0.857248
0.0739438 0.146022 0.780034
9.9991E-05 0.0693095 0.930591
0.059457 0.126116 0.814427
0.0903239 0.131755 0.777921
0.0720713 0.777917 0.150012
0.323191 0.614774 0.0620351
0.159719 0.716189 0.124092
0.216222 0.63152 0.152258
0.351751 0.550322 0.0979268
0.414697 0.576784 0.00851942
0.274579 0.67323 0.052191
0.200481 0.610422 0.189097
9.9991E-05 0.792761 0.207139
0.26475 0.692169 0.0430813
0.301205 0.660541 0.0382544
0.316322 0.653731 0.0299466
0.136698 0.682849 0.180453
0.476199 0.500603 0.0231979
0.305143 0.659442 0.0354148
0.0785297 0.746495 0.174976
0.16035 0.6857 0.15395
0.055079 0.798619 0.146302
0.145132 9.9991E-05 0.854768
0.156907 9.9991E-05 0.842993
0.208699 9.9991E-05 0.791201
0.260693 9.9991E-05 0.739207
0.2382 0.672194 0.0896065
0.342708 0.617071 0.0402205
0.320108 0.679792 9.9991E-05
0.0175661 0.793604 0.18883
0.167842 0.832058 9.9991E-05
0.327751 0.615542 0.0567074
0.407584 0.592316 9.9991E-05
0.345778 0.560362 0.0938595
0.384075 0.561998 0.0539275
0.0192061 0.892111 0.0886826
0.408594 0.57177 0.0196359
0.399381 0.600519 9.9991E-05
0.408233 0.534686 0.0570803
0.17469 0.82521 9.9991E-05
0.358798 0.63497 0.00623147
0.400007 0.528574 0.0714194
9.9991E-05 0.869497 0.130403
9.9991E-05 0.858837 0.141063
0.0785441 0.80348 0.117976
0.435627 0.53279 0.0315826
0.411454 0.557868 0.0306783
0.418247 0.544023 0.0377301
0.0384001 0.693731 0.267869
0.306913 0.677281 0.0158058
0.384432 0.569393 0.0461744
0.23531 0.637155 0.127535
0.0241075 0.697282 0.278611
0.342045 0.599133 0.0588225
0.302721 0.646892 0.0503878
9.9991E-05 0.769423 0.230477
0.217752 0.769825 0.0124227
0.391077 0.601122 0.00780138
0.379507 0.562042 0.0584503
0.171111 0.675163 0.153727
0.313913 0.640964 0.0451224
0.378864 0.593364 0.027772
0.0551185 0.782993 0.161888
0.279823 0.720077 9.9991E-05
0.0866831 0.881651 0.0316664
0.352045 0.57486 0.073095
9.999E-05 0.9998 9.999E-05
9.999E-05 0.9998 9.999E-05
0.112836 0.887064 9.9991E-05
0.266407 0.716533 0.0170595
0.40822 0.539015 0.0527645
0.276348 0.723552 9.9991E-05
0.0568953 0.862252 0.0808526
0.104941 0.86127 0.033789
0.384524 0.58466 0.0308151
0.18526 0.804396 0.0103445
0.244338 0.755562 9.9991E-05
0.262884 0.737016 9.9991E-05
9.9991E-05 0.905543 0.094357
0.387558 0.612342 9.9991E-05
0.116375 0.0249848 0.85864
0.118268 9.9991E-05 0.881632
0.183864 9.9991E-05 0.816036
0.102605 9.9991E-05 0.897295
0.0724942 9.9991E-05 0.927406
0.162022 9.9991E-05 0.837878
0.105891 9.9991E-05 0.894009
0.369178 0.586179 0.0446436
0.410914 0.540257 0.0488283
9.9991E-05 0.899806 0.100094
0.398913 0.600987 9.9991E-05
0.203731 0.796169 9.9991E-05
0.325738 0.668713 0.00554922
0.343404 0.656496 9.9991E-05
0.29937 0.70053 9.9991E-05
9.9991E-05 0.903094 0.0968056
0.352009 0.602901 0.0450892
0.399948 0.587997 0.0120543
0.395598 0.550123 0.054279
0.127481 0.872419 9.9991E-05
0.289943 0.709957 9.9991E-05
0.25126 0.74864 9.9991E-05
0.204658 0.795242 9.9991E-05
0.234052 0.749659 0.0162894
0.353193 0.595465 0.0513415
0.16927 0.735455 0.0952751
0.232173 0.678719 0.0891075
0.365358 0.484174 0.150468
0.390662 0.530108 0.07923
0.247299 0.698298 0.0544028
0.351493 0.611659 0.0368483
0.21623 0.682591 0.101179
0.368035 0.579849 0.052116
0.357122 0.59268 0.0501974
0.332421 0.60946 0.0581192
0.273383 0.688042 0.0385752
0.419541 0.580359 9.9991E-05
0.428455 0.50637 0.0651747
0.384685 0.615215 9.9991E-05
0.404773 0.523003 0.0722244
0.393265 0.606635 9.9991E-05
0.228755 0.642373 0.128872
0.417751 0.574968 0.00728083
0.417739 0.577419 0.00484168
0.0459651 0.803681 0.150354
0.0661189 0.832674 0.101207
0.319338 0.641676 0.0389856
9.9991E-05 0.929271 0.0706293
0.109911 0.801105 0.0889836
0.221249 0.769052 0.00969887
0.15305 0.7394 0.10755
0.135119 0.80362 0.0612605
0.348043 0.62022 0.0317372
0.385085 0.570074 0.0448415
0.380567 0.602004 0.0174287
0.0394821 0.847935 0.112583
0.368888 0.509546 0.121566
0.322164 0.598841 0.0789957
9.9991E-05 0.723936 0.275964
0.450024 0.515981 0.0339949
0.198014 0.665601 0.136385
0.369744 0.522423 0.107834
0.0870312 0.709392 0.203577
9.9991E-05 0.794492 0.205408
0.208328 0.728883 0.0627896
0.311069 0.553535 0.135396
0.304488 0.543731 0.151782
0.0623751 0.760843 0.176782
0.395232 0.546302 0.0584662
0.113082 0.86902 0.0178986
0.234352 0.765548 9.9991E-05
0.374352 0.56533 0.060318
0.346281 0.212761 0.440958
0.123653 0.163928 0.712418
0.111611 0.156271 0.732118
0.301552 0.235887 0.462561
0.325572 0.674328 9.9991E-05
0.384703 0.558904 0.0563931
0.888717 0.106602 0.0046811
0.695681 0.280751 0.0235675
0.643234 0.271814 0.0849519
0.134622 0.807006 0.0583717
0.339527 0.55399 0.106484
0.0813029 0.857708 0.0609886
0.351063 0.648837 9.9991E-05
0.289491 0.653585 0.0569239
0.31572 0.68418 9.9991E-05
0.0717102 0.838957 0.0893327
0.432918 0.55713 0.00995215
0.414932 0.500751 0.084317
0.936478 9.9991E-05 0.063422
0.939339 9.9991E-05 0.0605614
0.730445 0.17222 0.0973349
0.86193 0.13797 9.9991E-05
0.909974 9.9991E-05 0.0899262
0.92761 9.9991E-05 0.0722895
0.921002 9.9991E-05 0.0788976
0.972728 9.9991E-05 0.0271719
0.900453 9.9991E-05 0.0994469
0.933258 9.9991E-05 0.0666419
0.934337 9.9991E-05 0.0655628
0.896112 0.0252327 0.078655
0.867746 0.00799011 0.124264
0.93196 9.9991E-05 0.0679401
0.572361 0.320113 0.107526
0.79633 0.0976448 0.106025
0.883883 9.9991E-05 0.116017
0.920785 9.9991E-05 0.0791148
0.968121 9.9991E-05 0.0317793
0.934118 9.9991E-05 0.0657823
0.927131 9.9991E-05 0.0727691
0.755945 0.13779 0.106265
0.889697 9.9991E-05 0.110203
0.0209258 0.500144 0.47893
0.3206 0.455947 0.223453
0.356113 0.470842 0.173046
0.222682 0.476919 0.300399
0.385924 0.508937 0.10514
0.147017 0.482262 0.370721
0.347039 0.485899 0.167062
0.306709 0.443059 0.250233
0.400814 0.485472 0.113714
0.345962 0.43985 0.214188
0.409368 0.421616 0.169016
0.105966 0.00456743 0.889466
0.0940751 9.9991E-05 0.905825
0.0444494 9.9991E-05 0.955451
0.0321825 9.9991E-05 0.967717
0.0874861 9.9991E-05 0.912414
0.0634112 9.9991E-05 0.936489
0.109689 9.9991E-05 0.890211
0.0595646 9.9991E-05 0.940335
0.0995066 9.9991E-05 0.900393
0.0981072 9.9991E-05 0.901793
9.9991E-05 0.29003 0.70987
9.9991E-05 0.257197 0.742703
9.9991E-05 0.341413 0.658487
9.9991E-05 0.409463 0.590437
0.263997 0.695222 0.0407805
0.289843 0.691229 0.0189277
0.320173 0.674149 0.00567824
0.188435 0.766564 0.0450015
0.0408377 0.853407 0.105755
0.389706 0.610194 9.9991E-05
0.331138 0.668762 9.9991E-05
0.29279 0.70711 9.9991E-05
0.215155 0.784745 9.9991E-05
0.371821 0.627457 0.000722202
0.213235 0.786665 9.9991E-05
9.999E-05 0.9998 9.999E-05
0.359684 0.620226 0.0200896
0.0630135 0.936887 9.99957E-05
0.291766 0.708134 9.9991E-05
0.0402246 0.907872 0.0519031
9.9991E-05 0.639985 0.359915
9.9991E-05 0.673875 0.326025
9.9991E-05 0.694681 0.305219
9.9991E-05 0.683658 0.316242
9.9991E-05 0.762715 0.237185
9.9991E-05 0.707107 0.292793
0.129267 9.9991E-05 0.870633
0.158718 0.0325817 0.8087
0.190884 0.0411031 0.768013
0.148191 9.9991E-05 0.851709
0.204081 0.0195931 0.776326
9.9991E-05 0.442244 0.557656
9.9991E-05 0.395578 0.604322
9.9991E-05 0.403575 0.596325
0.149999 0.00249731 0.847503
9.9991E-05 0.435126 0.564774
0.508782 0.208343 0.282875
0.576806 0.303199 0.119996
0.616968 0.228452 0.15458
0.472339 0.241869 0.285792
0.450033 0.416038 0.133928
0.304171 0.122098 0.573731
0.195823 0.736583 0.0675939
0.230509 0.769391 9.9991E-05
0.0935187 0.797319 0.109163
0.30651 0.69339 9.9991E-05
9.9991E-05 0.911279 0.088621
0.391946 0.564528 0.0435267
0.331973 0.660713 0.0073136
0.117692 0.776407 0.105902
0.351563 0.606193 0.0422438
9.9991E-05 0.907812 0.0920877
0.340655 0.64128 0.0180658
0.253267 0.691707 0.0550258
0.420404 0.482868 0.0967278
0.180474 0.786041 0.0334848
0.233322 0.748675 0.0180031
0.360182 0.639718 9.9991E-05
0.294417 0.705483 9.9991E-05
0.433348 0.566552 9.9991E-05
0.345506 0.575007 0.0794865
0.368999 0.598376 0.0326255
0.201945 9.9991E-05 0.797955
0.145119 9.9991E-05 0.854781
0.0958266 0.000771221 0.903402
0.128282 9.9991E-05 0.871618
0.110166 9.9991E-05 0.889734
0.000613506 0.784006 0.215381
0.336659 0.642318 0.0210231
0.493852 0.29581 0.210338
0.414595 0.585305 9.9991E-05
0.305549 0.694351 9.9991E-05
0.1276 0.787434 0.0849659
9.9991E-05 0.725071 0.274829
0.244753 0.667516 0.0877306
0.102968 0.71205 0.184982
0.305473 0.66417 0.0303565
0.011557 0.742715 0.245728
0.37132 0.581984 0.0466961
0.00344527 0.802749 0.193806
0.17402 0.743911 0.0820688
0.324742 0.628802 0.0464568
0.078403 0.831623 0.0899743
0.330927 0.638921 0.0301525
0.305277 0.608547 0.0861762
0.0747854 0.838689 0.086526
0.338796 0.578268 0.0829367
0.251979 0.723248 0.0247731
9.9991E-05 0.917287 0.0826132
0.0202191 0.881893 0.0978878
0.216583 0.733018 0.0503982
9.9991E-05 0.904328 0.0955721
0.215676 0.782708 0.00161558
0.00977599 0.822948 0.167276
0.143661 0.822991 0.0333475
0.255532 0.643413 0.101055
0.366323 0.592865 0.0408125
0.08662 0.832013 0.0813673
0.343843 0.578025 0.0781317
0.326426 0.610853 0.0627213
0.367694 0.632206 9.9991E-05
0.337946 0.6307 0.031354
0.259737 0.697618 0.0426455
0.103786 0.788094 0.10812
0.21321 0.75344 0.0333504
0.369809 0.630091 9.9991E-05
0.429357 0.570543 9.9991E-05
0.241455 0.668727 0.0898184
0.362763 0.637137 9.9991E-05
0.203988 0.717281 0.0787302
0.369733 0.619117 0.0111492
0.322124 0.63308 0.0447962
0.378671 0.554341 0.0669873
0.427492 0.266215 0.306293
0.509304 0.3819 0.108796
0.41517 0.411746 0.173083
0.465887 0.444859 0.0892539
0.497099 0.353272 0.149629
0.236231 0.763669 9.9991E-05
0.407206 0.472819 0.119975
0.175349 0.468929 0.355721
0.466868 0.454934 0.0781984
0.496702 0.390896 0.112402
0.461451 0.450928 0.0876214
0.292445 0.476982 0.230573
0.503282 0.332105 0.164614
0.491002 0.383536 0.125462
0.115415 0.203719 0.680866
0.475632 0.380595 0.143773
0.558733 0.339254 0.102013
0.441818 0.476687 0.0814946
0.593206 0.2686 0.138194
0.436684 0.366819 0.196496
0.267502 0.706936 0.0255624
0.368498 0.60045 0.0310523
9.9991E-05 0.951272 0.0486278
9.9991E-05 0.904309 0.0955908
0.341014 0.586517 0.0724685
0.543918 0.286411 0.16967
0.521926 0.295238 0.182836
0.444046 0.308939 0.247015
0.519143 0.321011 0.159846
0.100476 0.717215 0.182309
0.119629 0.704882 0.175489
0.401 0.5989 9.9991E-05
0.352968 0.584694 0.0623371
0.162939 0.729111 0.107949
0.393469 0.581827 0.0247036
0.414502 0.585398 9.9991E-05
0.360202 0.601424 0.038374
0.196673 0.788896 0.0144305
0.206171 0.785052 0.00877712
0.307391 0.692509 9.9991E-05
0.267975 0.72354 0.00848437
0.362446 0.599389 0.0381653
0.252114 0.747786 9.9991E-05
0.0724943 0.896406 0.0310996
0.371754 0.628146 9.9991E-05
0.0683615 0.907595 0.0240434
0.254646 0.744832 0.000522446
0.316884 0.6491 0.0340153
0.315145 0.650015 0.0348401
0.433199 0.405393 0.161407
0.389669 0.471675 0.138656
0.483381 0.293199 0.22342
0.452335 0.33359 0.214075
0.472833 0.389793 0.137374
0.420483 0.423354 0.156163
0.0978257 0.606426 0.295749
0.549865 0.402685 0.0474492
0.0784517 0.388145 0.533403
0.489299 0.483668 0.0270332
0.0267823 0.947657 0.0255608
9.9991E-05 0.956551 0.0433487
0.258622 0.741278 9.9991E-05
0.378554 0.621346 9.9991E-05
0.226962 0.772938 9.9991E-05
0.342001 0.657899 9.9991E-05
0.298398 0.701502 9.9991E-05
0.0623717 0.039067 0.898561
0.146787 0.0534586 0.799754
0.0568729 9.9991E-05 0.943027
0.0600013 9.9991E-05 0.939899
0.345687 0.654213 9.9991E-05
0.300482 0.689716 0.00980225
0.3072 0.6927 9.9991E-05
0.36763 0.622247 0.010123
0.376813 0.599349 0.0238381
0.128032 0.837434 0.0345344
0.374226 0.625674 9.9991E-05
0.139186 0.860714 9.9991E-05
0.437877 0.262857 0.299266
0.237497 0.762403 9.9991E-05
0.149421 0.850479 9.9991E-05
0.299632 0.700268 9.9991E-05
0.255687 0.737459 0.00685391
0.338562 0.661338 9.9991E-05
0.316072 0.68154 0.00238817
9.999E-05 0.9998 9.999E-05
0.18083 0.81907 9.9991E-05
0.22605 0.77385 9.9991E-05
9.999E-05 0.9998 9.999E-05
0.243855 0.750647 0.00549889
0.0019224 0.978179 0.0198988
9.9991E-05 0.972165 0.0277346
0.346706 0.653194 9.9991E-05
0.0420257 0.882195 0.0757793
0.261342 0.738558 9.9991E-05
0.419999 0.516099 0.0639026
0.3059 0.692872 0.00122719
0.188972 0.782178 0.02885
0.354344 0.645556 9.9991E-05
0.280052 0.719848 9.9991E-05
0.152486 0.847414 9.9991E-05
0.336101 0.620085 0.0438142
9.9991E-05 0.233658 0.766242
0.00623193 0.154154 0.839614
9.9991E-05 0.064743 0.935157
0.00218682 0.0717087 0.926104
0.0277941 0.156375 0.815831
0.0370289 0.869223 0.0937477
0.0238846 0.895925 0.0801905
0.0978024 0.902098 9.9991E-05
0.389615 0.551353 0.0590321
0.38512 0.561749 0.0531311
0.185124 0.783867 0.0310092
0.407055 0.592845 9.9991E-05
0.248126 0.751774 9.9991E-05
0.314683 0.685217 9.9991E-05
0.403533 0.596367 9.9991E-05
0.0978425 0.882282 0.0198754
0.134777 0.860584 0.00463911
0.150582 0.838855 0.0105634
0.377467 0.547552 0.0749807
0.203556 0.790433 0.00601117
0.233186 0.721314 0.0454997
0.656347 0.261387 0.0822653
0.669173 0.197614 0.133213
0.683813 0.218518 0.0976693
0.723643 0.103579 0.172778
0.591587 0.265787 0.142626
0.33659 0.647392 0.0160172
0.645789 9.9991E-05 0.354111
0.709057 0.128198 0.162745
0.395451 0.404808 0.199741
0.302782 0.565766 0.131452
0.289973 0.563222 0.146804
0.337809 0.563068 0.0991234
0.369133 0.540287 0.09058
0.724582 0.102948 0.172471
0.604457 0.265447 0.130097
0.772294 0.125057 0.102648
0.564666 0.270525 0.164809
0.624657 0.150023 0.225319
0.639134 0.282717 0.0781484
0.699657 0.110534 0.18981
0.557847 0.272964 0.169189
0.286765 0.613272 0.099963
0.612589 0.242411 0.145
0.700154 0.00140844 0.298437
0.59617 0.287557 0.116273
0.124661 0.635416 0.239923
0.425703 0.574197 9.9991E-05
0.588483 0.239524 0.171993
0.329847 0.540037 0.130116
0.267154 0.561672 0.171174
0.453789 0.329425 0.216787
0.473372 0.304243 0.222385
0.410162 0.507105 0.0827329
0.585075 0.259515 0.155409
0.710592 0.165503 0.123905
0.753899 9.9991E-05 0.246001
0.405316 0.528999 0.0656842
0.227325 0.618474 0.154201
0.073139 0.690392 0.236469
0.365314 0.498916 0.135769
0.234659 0.639628 0.125713
0.454922 0.360972 0.184106
0.38093 0.478405 0.140665
0.101643 0.344434 0.553923
0.0575292 0.413072 0.529399
0.263224 0.497034 0.239741
0.200353 0.333842 0.465806
0.211946 0.160484 0.62757
0.336578 0.438994 0.224428
0.394228 0.347449 0.258323
0.245638 0.350885 0.403477
0.1516 0.455314 0.393085
0.425324 0.43114 0.143536
0.216443 0.445473 0.338085
0.0487606 0.361862 0.589377
0.446708 0.477276 0.0760162
0.377781 0.362631 0.259588
0.46239 0.239616 0.297995
0.626859 0.291271 0.0818695
0.539879 0.356747 0.103374
0.542526 0.302489 0.154985
0.412873 0.21051 0.376617
0.509879 0.296871 0.19325
0.53562 0.262056 0.202324
0.404852 0.301847 0.293302
0.320384 0.46071 0.218907
0.439739 0.430867 0.129394
0.495303 0.404921 0.0997765
0.479167 0.466716 0.054117
0.501786 0.223986 0.274229
0.502973 0.324017 0.17301
0.365836 0.161342 0.472822
0.518692 0.350447 0.130861
0.418637 0.224082 0.35728
0.0337768 0.102671 0.863552
9.9991E-05 0.761671 0.238229
9.9991E-05 0.709596 0.290304
9.9991E-05 0.750721 0.249179
9.9991E-05 0.797437 0.202463
9.9991E-05 0.744939 0.254961
9.9991E-05 0.76131 0.23859
9.9991E-05 0.745575 0.254325
9.9991E-05 0.609365 0.390535
0.0618918 0.0134007 0.924708
0.0692388 0.0944023 0.836359
0.0833703 0.0174416 0.899188
0.080144 0.0410525 0.878803
0.0980294 0.0058182 0.896152
0.0956711 9.9991E-05 0.904229
0.194469 0.0559211 0.74961
0.138451 9.9991E-05 0.861449
0.171451 0.0923163 0.736233
0.116224 9.9991E-05 0.883676
0.0265179 9.9991E-05 0.973382
0.128945 9.9991E-05 0.870955
0.027724 9.9991E-05 0.972176
0.069118 9.9991E-05 0.930782
0.1265 9.9991E-05 0.8734
0.116894 9.9991E-05 0.883006
0.164308 9.9991E-05 0.835592
0.183421 9.9991E-05 0.816479
0.222594 9.9991E-05 0.777306
0.193547 0.641821 0.164631
0.374901 0.586643 0.0384565
0.412124 0.558376 0.0295003
0.0462651 0.735677 0.218058
0.293234 0.596605 0.110161
0.0230085 0.716651 0.260341
0.413519 0.549213 0.0372676
0.194938 0.646631 0.158431
0.263591 0.581911 0.154498
0.288025 0.703659 0.00831643
0.239121 0.629845 0.131034
0.395211 0.571653 0.0331357
0.304834 0.579954 0.115213
9.9991E-05 0.87091 0.12899
9.9991E-05 0.742693 0.257207
0.0185812 0.755741 0.225677
0.382647 0.527308 0.0900454
0.321524 0.619335 0.0591405
0.362667 0.581372 0.0559608
0.460083 0.525192 0.0147244
0.447944 0.328901 0.223155
0.520613 0.339883 0.139505
0.256515 0.289579 0.453906
0.435332 0.498903 0.0657645
0.372505 0.427708 0.199788
0.142796 0.26896 0.588244
0.37859 0.270991 0.350418
0.36454 0.267288 0.368172
0.345237 0.331994 0.32277
0.432465 0.430525 0.13701
0.424721 0.435553 0.139726
0.442995 0.428627 0.128378
0.432223 0.404834 0.162943
0.283187 0.211014 0.505799
