0.103806 0.896094 9.9991E-05
0.0548305 0.94507 9.9991E-05
0.102538 0.890263 0.00719893
0.137703 0.817189 0.0451086
0.0999394 0.899961 9.9991E-05
0.113358 0.683771 0.202871
0.04446 0.867272 0.0882678
0.0583445 0.788425 0.153231
9.9991E-05 0.926693 0.0732069
0.072899 0.825593 0.101508
0.0927343 0.785003 0.122263
0.0825222 0.137458 0.780019
0.354814 0.02833 0.616856
0.165567 0.0975909 0.736842
0.207932 0.130079 0.661989
0.314781 0.122766 0.562453
0.373804 0.0319882 0.594208
0.287298 0.0304733 0.682228
0.160248 0.200012 0.63974
9.9991E-05 0.211212 0.788688
0.247287 0.0450667 0.707646
0.257751 0.0451889 0.69706
0.344937 9.9991E-05 0.654963
0.156176 0.168912 0.674912
0.457766 0.0335672 0.508667
0.310724 0.0322799 0.656996
0.0623149 0.166571 0.771115
0.166908 0.135208 0.697884
0.0340808 0.124562 0.841357
0.156388 0.843512 9.9991E-05
0.166347 0.833553 9.9991E-05
0.211532 0.788368 9.9991E-05
0.250887 0.742573 0.00653985
0.274979 0.0524144 0.672607
0.306474 0.0414012 0.652125
0.320039 9.9991E-05 0.679861
0.0183746 0.1903 0.791325
0.155999 9.9991E-05 0.843901
0.333888 0.0679963 0.598116
0.413182 9.9991E-05 0.586718
0.320309 0.0769843 0.602707
0.34036 0.0658362 0.593804
0.0272739 0.0649352 0.907791
0.399639 0.0155746 0.584786
0.421108 0.00883803 0.570054
0.392076 0.0370215 0.570903
0.148825 9.9991E-05 0.851075
0.38498 9.9991E-05 0.61492
0.382119 0.0375019 0.58038
9.9991E-05 0.125346 0.874554
9.9991E-05 0.136892 0.863008
0.0797344 0.124953 0.795313
0.400877 0.0213522 0.577771
0.417595 0.00659495 0.57581
0.466966 0.00683173 0.526202
0.0442033 0.236096 0.719701
0.297654 0.0178403 0.684505
0.389911 0.0397317 0.570357
0.230432 0.141627 0.627941
0.00904337 0.302445 0.688511
0.325903 0.0421475 0.631949
0.299993 0.0737802 0.626227
9.9991E-05 0.221166 0.778734
0.217874 0.0213061 0.76082
0.405706 0.000235805 0.594058
0.361906 0.0592865 0.578807
0.142716 0.140117 0.717167
0.304082 0.0690706 0.626847
0.373412 0.0355621 0.591026
0.0387898 0.162047 0.799163
0.26038 9.9991E-05 0.73952
0.107365 0.0205747 0.87206
0.341411 0.0613227 0.597266
9.9991E-05 0.00316939 0.996731
9.9991E-05 0.00545545 0.994445
0.106408 9.9991E-05 0.893492
0.251739 9.9991E-05 0.748161
0.408259 0.0639742 0.527766
0.259753 9.9991E-05 0.740147
0.037938 0.10775 0.854312
0.104382 0.0310075 0.864611
0.374068 0.0328223 0.59311
0.163608 0.0267477 0.809644
0.258876 9.9991E-05 0.741024
0.223514 9.9991E-05 0.776386
9.9991E-05 0.0959012 0.903999
0.374406 9.9991E-05 0.625494
0.110083 0.855901 0.0340164
0.11103 0.88887 9.9991E-05
0.171656 0.828244 9.9991E-05
0.101925 0.897975 9.9991E-05
0.0796745 0.920226 9.9991E-05
0.158344 0.841556 9.9991E-05
0.10681 0.893091 9.9991E-05
0.382571 0.0303167 0.587112
0.40481 0.0728503 0.522339
9.9991E-05 0.103054 0.896846
0.38492 0.0412489 0.573831
0.199569 9.9991E-05 0.800331
0.328454 9.9991E-05 0.671446
0.351431 9.9991E-05 0.648469
0.350454 9.9991E-05 0.649446
9.9991E-05 0.0969655 0.902935
0.306155 0.0734215 0.620424
0.412599 9.9991E-05 0.587301
0.389342 0.0308228 0.579835
0.128065 0.0337686 0.838166
0.292592 9.9991E-05 0.707308
0.22565 9.9991E-05 0.77425
0.212964 9.9991E-05 0.786936
0.226205 0.00539364 0.768402
0.366072 0.0499311 0.583997
0.139975 0.0970839 0.762941
0.176514 0.165532 0.657954
0.385864 0.090833 0.523303
0.380171 0.0740463 0.545783
0.230388 0.0586056 0.711006
0.37544 0.0148443 0.609716
0.206815 0.0992332 0.693951
0.338753 0.0542494 0.606997
0.379621 0.0469366 0.573443
0.34412 0.0226371 0.633243
0.281413 0.0259735 0.692614
0.441949 0.01275 0.545301
0.425325 0.0492952 0.52538
0.381326 9.9991E-05 0.618574
0.423379 0.032638 0.543983
0.367252 9.9991E-05 0.632648
0.20799 0.155635 0.636375
0.421933 9.9991E-05 0.577967
0.40672 9.9991E-05 0.59318
0.0607682 0.150137 0.789095
0.0566019 0.103645 0.839753
0.297173 0.0399448 0.662883
9.9991E-05 0.0910026 0.908897
0.112046 0.0857345 0.802219
0.16267 0.0372338 0.800097
0.136467 0.0744722 0.789061
0.121218 0.0765782 0.802204
0.343163 9.9991E-05 0.656737
0.374816 0.0390973 0.586087
0.335733 9.9991E-05 0.664167
0.0455062 0.104807 0.849687
0.318001 0.119918 0.562081
0.288377 0.0684339 0.643189
9.9991E-05 0.284529 0.715371
0.45615 0.00210329 0.541747
0.175969 0.138195 0.685835
0.359834 0.103493 0.536673
0.0735346 0.182258 0.744208
9.9991E-05 0.202352 0.797548
0.222419 0.0659172 0.711664
0.340812 0.106722 0.552466
0.326147 0.167434 0.506419
0.0776528 0.174664 0.747684
0.344721 0.0609595 0.594319
0.0985861 0.0180077 0.883406
0.183933 0.0119615 0.804105
0.415101 0.0375356 0.547363
0.340911 0.433046 0.226043
0.103227 0.717667 0.179106
0.109999 0.722122 0.167879
0.331404 0.455973 0.212623
0.305973 9.9991E-05 0.693927
0.378218 0.0422639 0.579518
0.874119 0.00840894 0.117472
0.649711 0.0473978 0.302891
0.606357 0.100726 0.292917
0.133911 0.0744843 0.791604
0.325267 0.061102 0.613631
0.0665028 0.0557529 0.877744
0.3446 0.0326434 0.622756
0.27972 0.0618778 0.658402
0.353711 9.9991E-05 0.646189
0.0510688 0.095001 0.85393
0.44889 9.9991E-05 0.55101
0.348515 0.0911881 0.560296
0.936637 0.0632632 9.9991E-05
0.93375 0.06615 9.9991E-05
0.702162 0.0985014 0.199337
0.877504 0.0117867 0.110709
0.918507 0.0813931 9.9991E-05
0.932841 0.0670586 9.9991E-05
0.911739 0.0881611 9.9991E-05
0.982722 0.0145171 0.00276102
0.924642 0.0752583 9.9991E-05
0.929809 0.0700908 9.9991E-05
0.928336 0.0715644 9.9991E-05
0.891975 0.0567965 0.0512282
0.858233 0.129857 0.01191
0.945399 0.0545006 9.9991E-05
0.55266 0.107594 0.339745
0.797227 0.106384 0.096389
0.89334 0.10656 9.9991E-05
0.921597 0.0783032 9.9991E-05
0.957936 0.041964 9.9991E-05
0.917313 0.082587 9.9991E-05
0.915598 0.0843023 9.9991E-05
0.761972 0.11305 0.124979
0.916877 0.0830233 9.9991E-05
0.00420575 0.479696 0.516098
0.325646 0.235477 0.438877
0.327801 0.171178 0.501021
0.199418 0.309142 0.49144
0.348222 0.176504 0.475274
0.169422 0.368485 0.462093
0.352881 0.143746 0.503373
0.289132 0.254012 0.456855
0.411813 0.144859 0.443328
0.344793 0.199194 0.456013
0.359203 0.22941 0.411387
0.106712 0.888272 0.00501569
0.109947 0.889953 9.9991E-05
0.0649302 0.93497 9.9991E-05
0.0336445 0.966256 9.9991E-05
0.10931 0.89059 9.9991E-05
0.0678166 0.932083 9.9991E-05
0.10512 0.89478 9.9991E-05
0.049692 0.950208 9.9991E-05
0.0926691 0.903177 0.00415421
0.0742534 0.925647 9.9991E-05
9.9991E-05 0.715761 0.284139
9.9991E-05 0.730341 0.269559
9.9991E-05 0.656458 0.343442
9.9991E-05 0.608886 0.391014
0.261462 0.0425562 0.695981
0.309618 0.00504698 0.685335
0.345353 0.00680645 0.647841
0.172593 0.0378734 0.789534
0.0316447 0.114666 0.853689
0.39194 9.9991E-05 0.60796
0.326973 9.9991E-05 0.672927
0.299616 9.9991E-05 0.700284
0.204481 9.9991E-05 0.795419
0.40349 9.9991E-05 0.59641
0.21539 9.9991E-05 0.78451
9.999E-05 9.999E-05 0.9998
0.343031 0.0494374 0.607531
0.083953 9.9991E-05 0.915947
0.285301 9.9991E-05 0.714599
0.0195888 0.0547793 0.925632
9.9991E-05 0.359712 0.640188
9.9991E-05 0.302574 0.697326
9.9991E-05 0.307532 0.692368
9.9991E-05 0.330459 0.669441
9.9991E-05 0.243548 0.756352
9.9991E-05 0.279934 0.719966
0.143264 0.856636 9.9991E-05
0.142431 0.822304 0.035265
0.193248 0.771228 0.0355238
0.160474 0.839426 9.9991E-05
0.206234 0.771083 0.0226829
9.9991E-05 0.552969 0.446931
9.9991E-05 0.604374 0.395526
9.9991E-05 0.585234 0.414666
0.149114 0.835475 0.0154111
9.9991E-05 0.560829 0.439071
0.491738 0.307335 0.200927
0.569119 0.104228 0.326653
0.622226 0.137419 0.240354
0.480814 0.285724 0.233461
0.447251 0.160245 0.392504
0.3077 0.586437 0.105862
0.203394 0.0378149 0.758791
0.229116 0.00624352 0.764641
0.104872 0.10597 0.789158
0.269201 9.9991E-05 0.730699
9.9991E-05 0.096988 0.902912
0.382305 0.0867005 0.530994
0.336595 0.00452786 0.658877
0.128618 0.111616 0.759765
0.350187 0.0664502 0.583363
9.9991E-05 0.0679794 0.931921
0.316106 0.0107579 0.673136
0.257044 0.0142969 0.728659
0.385696 0.102917 0.511387
0.169584 0.0373553 0.79306
0.244228 0.0168939 0.738878
0.318322 9.9991E-05 0.681578
0.287016 9.9991E-05 0.712884
0.415706 9.9991E-05 0.584194
0.378942 0.0328873 0.588171
0.345497 0.0738977 0.580606
0.192292 0.807608 9.9991E-05
0.150762 0.849138 9.9991E-05
0.0828765 0.911171 0.00595242
0.132517 0.867383 9.9991E-05
0.11952 0.88038 9.9991E-05
0.0127206 0.209324 0.777955
0.356764 9.9991E-05 0.643136
0.480054 0.168182 0.351764
0.387828 9.9991E-05 0.612072
0.296012 0.0192461 0.684741
0.124246 0.0958423 0.779912
9.9991E-05 0.260551 0.739349
0.225084 0.0887122 0.686204
0.103577 0.169487 0.726936
0.293335 0.0514943 0.655171
9.9991E-05 0.242526 0.757374
0.382822 0.0433289 0.573849
0.013634 0.189178 0.797188
0.173561 0.0999463 0.726492
0.329451 0.087944 0.582605
0.0517121 0.0760719 0.872216
0.310467 0.0399197 0.649613
0.332678 0.084387 0.582935
0.0575357 0.103635 0.838829
0.3737 0.0434791 0.582821
0.271589 0.00526786 0.723143
9.9991E-05 0.0759613 0.923939
0.00518147 0.116782 0.878036
0.236248 0.0275329 0.736219
9.9991E-05 0.10208 0.89782
0.202439 0.00635342 0.791208
0.00913277 0.145285 0.845582
0.143495 0.0371369 0.819369
0.237598 0.106126 0.656275
0.349323 0.0219844 0.628693
0.0825486 0.0856358 0.831816
0.339743 0.0516366 0.608621
0.365545 0.0126002 0.621854
0.320883 9.9991E-05 0.679017
0.323437 9.9991E-05 0.676463
0.264324 0.0396751 0.696001
0.132513 0.0765922 0.790895
0.231744 0.0435454 0.724711
0.355967 9.9991E-05 0.643933
0.423432 0.0136063 0.562962
0.251212 0.116556 0.632232
0.331515 9.9991E-05 0.668385
0.208042 0.0971732 0.694785
0.359934 0.0174878 0.622579
0.328983 0.0385629 0.632454
0.378917 0.0872153 0.533868
0.430866 0.290667 0.278467
0.465185 0.101695 0.43312
0.423472 0.120092 0.456436
0.458801 0.0759201 0.465279
0.487817 0.1673 0.344883
0.245625 9.9991E-05 0.754275
0.415817 0.0986957 0.485487
0.178722 0.369099 0.45218
0.48408 0.0527786 0.463142
0.487067 0.0942293 0.418704
0.475224 0.0822718 0.442504
0.292491 0.219161 0.488348
0.485924 0.119321 0.394754
0.493692 0.088441 0.417867
0.104422 0.703034 0.192544
0.477103 0.136234 0.386662
0.54967 0.129618 0.320712
0.484737 0.0460448 0.469218
0.566691 0.119603 0.313707
0.426955 0.160758 0.412287
0.255049 0.0225332 0.722418
0.365203 0.0198496 0.614947
9.9991E-05 0.0588528 0.941047
9.9991E-05 0.088211 0.911689
0.318769 0.0690901 0.612141
0.559706 0.153567 0.286727
0.497486 0.194917 0.307597
0.414338 0.261843 0.323819
0.490777 0.17478 0.334443
0.104699 0.204204 0.691098
0.137929 0.17816 0.683911
0.390902 9.9991E-05 0.608998
0.352918 0.0760799 0.571002
0.176781 0.102397 0.720822
0.378309 0.0241561 0.597535
0.413217 9.9991E-05 0.586683
0.380509 0.0313813 0.58811
0.166927 0.0281618 0.804911
0.199176 0.0165424 0.784282
0.320045 9.9991E-05 0.679855
0.27546 0.041274 0.683266
0.333231 0.0464349 0.620334
0.244796 0.00141024 0.753793
0.0774003 0.0190838 0.903516
0.357959 9.9991E-05 0.641941
0.0631308 0.0404121 0.896457
0.245694 0.00799065 0.746316
0.328136 0.0316217 0.640242
0.365325 0.0165587 0.618117
0.426636 0.134913 0.438451
0.402973 0.142474 0.454553
0.46705 0.226147 0.306803
0.424642 0.226258 0.349099
0.464678 0.146705 0.388617
0.390664 0.144719 0.464617
0.109068 0.316776 0.574155
0.525871 0.0570312 0.417098
0.0739352 0.552599 0.373466
0.474482 0.0245171 0.501001
0.0130227 0.0403432 0.946634
9.9991E-05 0.0519991 0.947901
0.259259 9.9991E-05 0.740641
0.356923 9.9991E-05 0.642977
0.205971 9.9991E-05 0.793929
0.337407 9.9991E-05 0.662493
0.281341 9.9991E-05 0.718559
0.0741261 0.899206 0.026668
0.125967 0.809554 0.0644785
0.0684614 0.931439 9.9991E-05
0.0721802 0.92772 9.9991E-05
0.352365 9.9991E-05 0.647535
0.306191 9.9991E-05 0.693709
0.269123 9.9991E-05 0.730777
0.352635 0.0129677 0.634397
0.35452 0.0506378 0.594843
0.135922 0.0423861 0.821692
0.344117 9.9991E-05 0.655783
0.137585 9.9991E-05 0.862315
0.431817 0.272301 0.295881
0.252654 9.9991E-05 0.747246
0.170704 9.9991E-05 0.829196
0.285017 9.9991E-05 0.714883
0.239467 9.9991E-05 0.760433
0.3349 9.9991E-05 0.665
0.318501 0.0158284 0.66567
9.9991E-05 0.00847441 0.991426
0.180015 9.9991E-05 0.819885
0.20115 9.9991E-05 0.79875
9.999E-05 9.999E-05 0.9998
0.20257 0.0400225 0.757408
9.9991E-05 0.0212237 0.978676
9.9991E-05 0.0171718 0.982728
0.355652 9.9991E-05 0.644248
0.0738634 0.0572776 0.868859
0.255571 9.9991E-05 0.744329
0.372106 0.0595918 0.568302
0.307057 9.9991E-05 0.692843
0.181408 0.0203288 0.798264
0.326898 9.9991E-05 0.673002
0.275356 9.9991E-05 0.724544
0.156623 9.9991E-05 0.843277
0.350379 0.0548767 0.594745
9.9991E-05 0.773312 0.226588
0.0239481 0.846873 0.129179
9.9991E-05 0.930222 0.0696779
9.9991E-05 0.914291 0.0856087
0.00121022 0.829063 0.169727
0.0286798 0.100138 0.871182
0.0164778 0.0674365 0.916086
0.10343 9.9991E-05 0.89647
0.378477 0.0301445 0.591379
0.431857 0.0625126 0.50563
0.17984 0.00705322 0.813107
0.40493 9.9991E-05 0.59497
0.27041 0.000583704 0.729007
0.309627 9.9991E-05 0.690273
0.388963 9.9991E-05 0.610937
0.106589 0.00342281 0.889988
0.141111 9.9991E-05 0.858789
0.14793 0.0209698 0.831101
0.383399 0.0485285 0.568072
0.202448 0.00905778 0.788494
0.234998 9.9991E-05 0.764902
0.657642 0.0852002 0.257158
0.666451 0.136245 0.197304
0.693825 0.0763165 0.229859
0.710893 0.21028 0.0788278
0.595641 0.103232 0.301127
0.313891 0.0387403 0.647369
0.658886 0.341014 9.9991E-05
0.686165 0.204895 0.108941
0.375957 0.195436 0.428606
0.29865 0.121418 0.579932
0.290517 0.112824 0.596659
0.355718 0.0722986 0.571983
0.376886 0.0920988 0.531015
0.693201 0.16892 0.137879
0.635982 0.136011 0.228007
0.778593 0.0940754 0.127331
0.54068 0.14423 0.31509
0.633579 0.192594 0.173827
0.621398 0.121802 0.256801
0.700011 0.191437 0.108552
0.554645 0.122223 0.323133
0.27743 0.109852 0.612718
0.605098 0.139733 0.255169
0.713126 0.286774 9.9991E-05
0.576731 0.151143 0.272126
0.130753 0.245383 0.623863
0.408026 0.00412488 0.587849
0.614695 0.142064 0.24324
0.314216 0.138705 0.547079
0.286392 0.160841 0.552767
0.427661 0.221511 0.350828
0.479382 0.229271 0.291346
0.439046 0.049891 0.511063
0.571875 0.155617 0.272508
0.696717 0.10333 0.199953
0.722678 0.257382 0.0199396
0.4435 0.00534057 0.551159
0.214599 0.151463 0.633939
0.0652368 0.219015 0.715748
0.411714 0.117163 0.471122
0.253911 0.138552 0.607537
0.41731 0.160881 0.421808
0.380466 0.145692 0.473842
0.100043 0.548363 0.351593
0.0392729 0.53783 0.422897
0.271628 0.254436 0.473936
0.190394 0.472415 0.337191
0.199268 0.631193 0.169539
0.31558 0.208197 0.476223
0.375139 0.22859 0.396271
0.246324 0.382786 0.37089
0.156282 0.388625 0.455093
0.435665 0.141208 0.423128
0.227994 0.341284 0.430721
0.0394595 0.600199 0.360341
0.433034 0.117225 0.449741
0.342074 0.248396 0.40953
0.451444 0.277075 0.271482
0.622632 0.114359 0.263009
0.516808 0.130089 0.353103
0.539585 0.126316 0.334099
0.418178 0.378512 0.20331
0.519433 0.160204 0.320364
0.493311 0.258675 0.248014
0.42716 0.300566 0.272274
0.319802 0.219043 0.461155
0.460632 0.135461 0.403907
0.485849 0.105868 0.408283
0.46166 0.0677699 0.47057
0.493862 0.258103 0.248035
0.489942 0.194124 0.315934
0.349708 0.470067 0.180225
0.518446 0.12847 0.353084
0.421013 0.383718 0.195269
0.0366427 0.868253 0.0951047
9.9991E-05 0.279757 0.720143
9.9991E-05 0.299291 0.700609
9.9991E-05 0.229579 0.770321
9.9991E-05 0.210215 0.789685
9.9991E-05 0.2338 0.7661
9.9991E-05 0.207744 0.792156
9.9991E-05 0.272155 0.727745
9.9991E-05 0.383734 0.616166
0.0632764 0.914583 0.0221404
0.0714625 0.837925 0.0906123
0.0989564 0.889582 0.0114614
0.0595985 0.891579 0.048823
0.0951842 0.898592 0.00622422
0.099119 0.900781 9.9991E-05
0.204785 0.789648 0.00556719
0.133142 0.866758 9.9991E-05
0.181511 0.74629 0.0721995
0.114579 0.885321 9.9991E-05
0.0165434 0.983357 9.9991E-05
0.129866 0.870034 9.9991E-05
0.0354788 0.964421 9.9991E-05
0.0736127 0.926287 9.9991E-05
0.13067 0.86923 9.9991E-05
0.121991 0.877909 9.9991E-05
0.171388 0.828512 9.9991E-05
0.194339 0.805561 9.9991E-05
0.205822 0.794078 9.9991E-05
0.188758 0.150571 0.660671
0.380333 0.0181925 0.601474
0.365085 0.0903504 0.544565
0.0254157 0.222873 0.751711
0.261162 0.145607 0.593231
0.011893 0.260803 0.727304
0.445603 0.0251095 0.529288
0.176303 0.171917 0.65178
0.242577 0.164382 0.593041
0.259607 0.0099775 0.730416
0.221636 0.141895 0.636469
0.39982 0.048929 0.55125
0.326436 0.0817269 0.591837
9.9991E-05 0.141072 0.858828
9.9991E-05 0.240301 0.759599
0.0520197 0.219936 0.728044
0.387164 0.0804332 0.532403
0.281007 0.0893811 0.629612
0.338544 0.0407919 0.620664
0.423232 0.030654 0.546114
0.418467 0.218503 0.36303
0.493476 0.154781 0.351744
0.237651 0.451309 0.31104
0.401186 0.0643145 0.5345
0.370794 0.210897 0.418308
0.15902 0.56293 0.27805
0.392173 0.310527 0.2973
0.359984 0.379166 0.26085
0.32449 0.299897 0.375613
0.45931 0.117231 0.423458
0.43063 0.163264 0.406106
0.489796 0.102916 0.407289
0.39119 0.164786 0.444024
0.309993 0.48753 0.202477
