0.00102436 0.0688819 0.00636054 0.923633 9.9991E-05
9.9973E-05 9.9973E-05 9.9973E-05 0.952891 0.046809
0.101634 0.0608031 0.0383395 0.799123 9.9991E-05
0.0423889 0.107653 0.0780025 0.771856 9.9991E-05
0.0748746 9.9991E-05 0.0180063 0.892057 0.0149623
0.0611893 0.0772897 0.028704 0.665002 0.167815
0.0149552 0.00131115 9.9991E-05 0.873537 0.110097
9.9991E-05 0.0704335 0.0387511 0.786405 0.104311
9.9982E-05 0.0720196 9.9982E-05 0.82301 0.104771
0.105536 0.0581104 0.0572139 0.716456 0.0626838
0.0557412 0.100265 9.9991E-05 0.766954 0.0769395
0.322064 0.44967 0.0890222 9.9991E-05 0.139144
0.458018 0.397534 0.134061 0.0102875 9.9991E-05
0.271741 0.467538 0.131436 0.0151346 0.11415
0.251272 0.37599 0.229479 0.0417732 0.101485
0.318811 0.195135 0.19524 0.13212 0.158694
0.444464 0.227171 0.218877 9.9991E-05 0.109388
0.408487 0.224066 0.169028 9.9991E-05 0.198319
0.388617 0.366895 0.0403539 0.114578 0.0895571
0.0851565 0.591557 0.0426987 0.0408521 0.239736
0.398334 0.30183 0.144408 9.9991E-05 0.155327
0.5523 0.146564 0.0474416 0.00374203 0.249953
0.630435 0.176588 0.0695021 0.0327127 0.0907615
0.306296 0.387466 0.141153 9.9991E-05 0.164986
0.632036 0.105314 0.113668 0.0975516 0.0514301
0.592124 0.268552 0.107971 0.0312525 9.9991E-05
0.332133 0.437642 0.0486011 0.0429553 0.138669
0.28778 0.46882 0.194562 0.0287767 0.0200604
0.301621 0.460464 0.0269138 0.0272933 0.183708
0.11344 9.9982E-05 0.0215238 0.864837 9.9982E-05
0.123768 9.9982E-05 0.0238586 0.852174 9.9982E-05
0.107244 0.0127508 0.0803108 0.799595 9.9991E-05
0.230672 9.9973E-05 9.9973E-05 0.769028 9.9973E-05
0.688358 0.112108 0.0068144 0.0055965 0.187123
0.675026 0.141175 9.9991E-05 0.117674 0.066026
0.725331 9.9973E-05 9.9973E-05 9.9973E-05 0.27437
0.180201 0.632281 0.00898872 0.0588252 0.119704
0.445876 0.0256388 9.9991E-05 0.0310656 0.49732
0.629402 0.203995 9.9991E-05 0.0562597 0.110244
0.742515 9.9991E-05 0.0797484 0.0760519 0.101585
0.640007 0.0800166 9.9991E-05 0.145829 0.134047
0.731581 0.0833717 0.0163938 0.135664 0.0329903
0.332715 0.125016 9.9982E-05 9.9982E-05 0.54207
0.613481 0.0183393 0.108501 0.0530066 0.206672
0.650461 9.9991E-05 0.148396 0.0762228 0.12482
0.589229 9.9991E-05 0.149461 0.194633 0.0665771
0.481029 0.0433149 9.9982E-05 9.9982E-05 0.475456
0.757089 0.0304202 0.0876463 9.9991E-05 0.124744
0.684227 0.00617066 0.0474493 0.0751008 0.187053
0.0625951 0.045669 9.9991E-05 0.0922349 0.799401
0.247382 0.468139 0.00398003 9.9991E-05 0.280399
0.128779 0.226835 0.0745577 0.00954274 0.560285
0.590576 0.105053 0.0827477 0.0765275 0.145095
0.671306 0.0216077 0.0513117 0.164968 0.0908072
0.537724 0.0926475 0.151019 0.0966237 0.121986
0.245945 0.423249 9.9991E-05 0.0732715 0.257435
0.583032 0.294528 0.0400753 9.9991E-05 0.0822651
0.577756 0.0842244 0.163798 0.0648798 0.109342
0.473054 0.207268 9.9991E-05 0.097493 0.222085
0.105815 0.372143 0.0732654 0.162792 0.285985
0.632525 0.131846 0.0281818 0.11289 0.0945572
0.434416 0.296816 0.0638686 0.0742702 0.130629
0.100472 0.58663 9.9991E-05 0.0496527 0.263145
0.570679 0.289934 9.9991E-05 0.0312105 0.108076
0.7068 0.184115 0.0660731 9.9991E-05 0.0429117
0.598803 0.191468 0.0810762 0.082596 0.046056
0.380547 0.28889 0.0858583 0.0446963 0.200008
0.464268 0.174387 0.101963 9.9991E-05 0.259282
0.457115 0.28191 0.129965 0.0256944 0.105315
0.313172 0.415072 9.9991E-05 0.00369136 0.267965
0.64584 0.102087 9.9982E-05 9.9982E-05 0.251873
0.407313 0.197296 9.9991E-05 0.0243454 0.370946
0.603619 0.145281 0.0485754 0.0729554 0.129569
0.202129 9.9973E-05 9.9973E-05 9.9973E-05 0.797571
0.246623 0.0539871 9.9982E-05 9.9982E-05 0.699189
0.500662 0.0685085 9.9982E-05 9.9982E-05 0.430629
0.641796 0.132423 9.9982E-05 9.9982E-05 0.225581
0.667379 0.0376679 9.9991E-05 0.169042 0.125812
0.58718 0.0933537 9.9991E-05 0.0499623 0.269404
0.400966 0.285522 9.9991E-05 0.00275754 0.310655
0.369919 0.35161 9.9991E-05 0.000688285 0.277683
0.679202 0.0693686 0.0373856 0.078613 0.135431
0.478547 0.130544 9.9991E-05 0.00122464 0.389584
0.547425 0.0804863 9.9991E-05 0.0637857 0.308203
0.595659 0.0327113 9.9982E-05 9.9982E-05 0.371429
0.140378 0.0640081 0.0129601 9.9991E-05 0.782554
0.69272 0.104654 0.0858729 0.0426938 0.0740598
0.107881 0.0526502 0.0215816 0.817788 9.9991E-05
0.094601 9.9973E-05 9.9973E-05 0.905099 9.9973E-05
0.0585498 9.9982E-05 0.0645141 0.876736 9.9982E-05
0.0631301 9.9973E-05 9.9973E-05 0.93657 9.9973E-05
0.0888414 9.9982E-05 0.0394053 0.871553 9.9982E-05
0.0742817 9.9982E-05 0.0516885 0.87383 9.9982E-05
0.0548842 9.9973E-05 9.9973E-05 0.944816 9.9973E-05
0.60585 0.122714 0.0952144 0.117704 0.0585179
0.520187 0.027784 0.168625 0.0530965 0.230307
0.298554 0.128159 9.9982E-05 9.9982E-05 0.573086
0.672253 0.151836 0.0172517 0.111926 0.0467334
0.585551 0.210823 9.9991E-05 0.00425194 0.199273
0.689978 0.025741 0.0645713 0.0686886 0.151021
0.657724 0.00806914 0.0441732 0.0211039 0.26893
0.63733 0.0737911 0.0597232 0.000798891 0.228357
0.133137 0.256485 9.9991E-05 0.0311206 0.579157
0.525281 0.0459515 0.106454 0.168873 0.15344
0.739225 0.0410953 0.0311584 0.0934209 0.0951006
0.485611 0.101469 0.175 0.116791 0.121128
0.491309 9.9973E-05 9.9973E-05 9.9973E-05 0.508391
0.69726 9.9973E-05 9.9973E-05 9.9973E-05 0.302441
0.64583 0.0867348 9.9991E-05 0.0139449 0.253391
0.549669 9.9982E-05 0.0213357 9.9982E-05 0.428795
0.646782 0.124828 9.9991E-05 0.00439244 0.223897
0.687984 0.0977602 0.0497056 0.0820342 0.0825158
0.149674 0.343091 0.126767 0.0530626 0.327405
0.422078 0.356635 0.13091 0.0795649 0.0108116
0.578583 0.158242 0.121727 0.105938 0.0355109
0.581562 0.219482 0.0651206 0.131894 0.00194074
0.576761 0.36402 9.9982E-05 0.0590186 9.9982E-05
0.64895 0.241012 0.0632845 0.018652 0.0281013
0.474241 0.44173 0.0778951 0.00603363 9.9991E-05
0.596014 0.16989 0.0537491 0.11553 0.0648156
0.52885 0.112697 0.176511 0.122084 0.0598587
0.669507 0.10429 0.0454504 0.0635093 0.117243
0.569427 0.40742 9.9982E-05 9.9982E-05 0.0229526
0.639257 0.11348 0.111104 0.0200505 0.116109
0.609008 0.162368 0.103677 0.0637804 0.0611666
0.58399 0.289661 0.0773781 9.9991E-05 0.0488714
0.547156 0.137917 0.126591 0.0285447 0.159791
0.581506 0.190161 0.0878747 9.9991E-05 0.140358
0.36347 0.201507 0.0745592 0.148557 0.211907
0.635621 0.235709 0.0822088 0.0198486 0.0266126
0.729184 0.167403 0.0529321 0.0503811 9.9991E-05
0.237138 0.433982 0.0941147 9.9991E-05 0.234665
0.0945532 0.306954 0.101937 0.0268388 0.469717
0.592263 0.240183 0.0818004 0.00908086 0.0766726
0.0788654 0.333641 0.0895366 9.9991E-05 0.497857
0.383226 0.439905 9.9991E-05 0.0663071 0.110463
0.530094 0.388114 9.9991E-05 0.0255731 0.0561188
0.390806 0.465077 9.9991E-05 0.013189 0.130828
0.336954 0.502472 0.0681757 9.9991E-05 0.0922987
0.73082 0.107784 0.0807693 0.0404009 0.040226
0.618036 0.188744 0.069055 0.0986572 0.0255078
0.587096 0.209538 0.0742533 0.0529357 0.076177
0.12155 0.345314 0.137652 9.9991E-05 0.395384
0.487527 0.0808352 0.0502419 0.20078 0.180616
0.534681 0.0184761 0.0974557 0.10072 0.248668
0.0722021 0.134073 9.9991E-05 0.205481 0.588144
0.646584 9.9991E-05 0.0894408 0.104872 0.159003
0.361878 0.101537 0.0471901 0.127964 0.361431
0.397144 0.101375 0.157568 0.0841249 0.259788
0.279951 0.0979795 0.0950681 0.128843 0.398158
0.25104 0.163566 9.9991E-05 0.144712 0.440582
0.497422 0.0956216 0.0325204 0.0873924 0.287044
0.584971 0.124487 0.0549133 0.106541 0.129089
0.4523 0.142341 0.10067 0.0907946 0.213894
0.066894 0.110019 0.189515 0.0431638 0.590408
0.539014 0.100204 0.123056 0.0400039 0.197723
0.466576 0.1347 9.9991E-05 0.0126429 0.38598
0.518176 0.110257 0.0291227 9.9991E-05 0.342345
0.55897 0.132542 0.10388 0.047959 0.156649
0.116129 9.9991E-05 0.350666 0.322744 0.210361
9.9982E-05 9.9982E-05 0.179656 0.579514 0.24063
9.9982E-05 9.9982E-05 0.198826 0.45894 0.342034
0.0695196 0.0138623 0.364236 0.391528 0.160855
0.685983 0.00527691 0.0606963 9.9991E-05 0.247943
0.617217 0.0532267 0.0587679 0.111816 0.158973
0.289607 9.9973E-05 0.710093 9.9973E-05 9.9973E-05
0.312543 0.119685 0.461573 0.0203423 0.0858565
0.318507 0.0705429 0.482038 0.128812 9.9991E-05
0.401099 9.9991E-05 0.0142131 0.0468567 0.537731
0.42782 0.131707 0.157551 0.0763218 0.206601
0.201517 9.9982E-05 0.113494 9.9982E-05 0.684789
0.6277 0.0309904 0.0604361 0.0590413 0.221832
0.53623 0.0327787 0.09022 0.054453 0.286319
0.614133 0.0247072 0.0355772 0.0887242 0.236858
0.24832 0.0657524 0.0374525 0.0211265 0.627348
0.691981 0.0429326 0.137043 9.9991E-05 0.127943
0.556443 9.9991E-05 0.11411 0.127376 0.201971
9.9973E-05 9.9973E-05 0.99881 9.9973E-05 0.000890107
0.0879575 9.9973E-05 0.911743 9.9973E-05 9.9973E-05
0.326357 0.027083 0.568093 0.0539056 0.0245616
0.194856 0.0593902 0.704267 0.0413864 9.9991E-05
0.172759 0.00702635 0.816897 9.9991E-05 0.00321822
9.997E-05 9.997E-05 0.9996 9.997E-05 9.997E-05
9.9973E-05 0.0156113 0.984089 9.9973E-05 9.9973E-05
0.12598 9.9973E-05 0.87372 9.9973E-05 9.9973E-05
9.9973E-05 0.0387709 0.960929 9.9973E-05 9.9973E-05
9.997E-05 9.997E-05 0.9996 9.997E-05 9.997E-05
9.997E-05 9.997E-05 0.9996 9.997E-05 9.997E-05
0.123581 0.0258834 0.778747 0.0716892 9.9991E-05
0.142132 0.0158632 0.767334 0.0745712 9.9991E-05
9.9973E-05 0.00446248 0.995238 9.9973E-05 9.9973E-05
0.359961 0.18661 0.424232 0.0290961 9.9991E-05
0.144865 0.11906 0.730751 0.00522473 9.9991E-05
0.150255 0.0327207 0.790341 0.0265835 9.9991E-05
0.119531 0.0174513 0.855629 0.00728912 9.9991E-05
9.997E-05 9.997E-05 0.9996 9.997E-05 9.997E-05
0.0461453 0.0369709 0.888722 0.0280614 9.9991E-05
9.997E-05 9.997E-05 0.9996 9.997E-05 9.997E-05
0.203289 0.108945 0.641041 0.0466262 9.9991E-05
0.0180437 0.0540904 0.927666 9.9982E-05 9.9982E-05
9.9982E-05 9.9982E-05 0.113727 0.387379 0.498695
0.37172 0.152155 0.143911 0.16409 0.168123
0.358923 0.0243617 0.115476 0.288635 0.212604
0.157673 0.017779 0.157806 0.262825 0.403917
0.439673 0.0216402 0.262339 0.140237 0.136111
0.151958 9.9991E-05 0.178691 0.278356 0.390895
0.386087 0.167221 0.130642 0.157623 0.158427
0.303305 9.9991E-05 0.221254 0.155273 0.320068
0.416549 0.0142347 0.160972 0.202468 0.205776
0.327674 9.9991E-05 0.23845 0.21903 0.214746
0.405088 0.0502783 0.152352 0.169477 0.222804
0.0555681 0.0963955 9.9982E-05 0.847836 9.9982E-05
9.9982E-05 9.9982E-05 0.0576648 0.928471 0.0136642
0.0388246 9.9973E-05 9.9973E-05 0.960876 9.9973E-05
0.00676402 0.0259097 9.9982E-05 0.967126 9.9982E-05
0.0408293 0.0594177 9.9982E-05 0.899553 9.9982E-05
9.9982E-05 9.9982E-05 0.0966869 0.885177 0.0179366
0.101701 9.9982E-05 0.0233088 0.87479 9.9982E-05
0.00417035 9.9991E-05 0.0253656 0.883643 0.0867214
0.0337945 9.9991E-05 0.0189754 0.938526 0.00860374
9.9982E-05 0.0546338 0.083153 0.862013 9.9982E-05
9.9991E-05 0.296247 0.020207 0.584023 0.0994231
9.9982E-05 0.355301 9.9982E-05 0.597963 0.0465359
9.9982E-05 0.287363 9.9982E-05 0.51944 0.192997
9.9982E-05 0.345902 9.9982E-05 0.503653 0.150245
0.637429 0.191663 9.9991E-05 0.0238352 0.146973
0.59717 0.178618 0.0271572 0.024221 0.172834
0.67982 0.201036 0.0202307 0.0375601 0.0613527
0.475969 0.282294 9.9991E-05 0.0597865 0.181851
0.252543 0.667274 0.00882787 9.9991E-05 0.071255
0.740406 0.0204461 0.050417 0.0790745 0.109657
0.693793 0.11868 0.00132352 0.0299343 0.15627
0.587604 0.0861068 0.03675 0.0276208 0.261918
0.542783 0.054464 0.0154679 9.9991E-05 0.387185
0.695249 0.151283 0.0377298 0.0422415 0.0734972
0.531476 0.216483 9.9991E-05 0.00932774 0.242613
0.0898819 0.158943 9.9982E-05 9.9982E-05 0.750975
0.522696 0.151136 0.0547331 0.032647 0.238788
0.37264 0.0546534 9.9982E-05 9.9982E-05 0.572506
0.684358 0.0680024 9.9982E-05 9.9982E-05 0.24744
0.274901 0.27313 9.9982E-05 9.9982E-05 0.451769
9.9991E-05 0.76852 0.00171834 0.139585 0.0900765
0.0533793 0.702783 9.9991E-05 0.106225 0.137513
9.9982E-05 0.851194 9.9982E-05 0.0269385 0.121668
9.9982E-05 0.856824 9.9982E-05 0.079807 0.0631693
0.0220718 0.789567 0.062012 9.9991E-05 0.12625
0.0488472 0.788265 0.0938947 0.0688933 9.9991E-05
0.0588944 0.0061533 0.042021 0.890293 0.00263824
0.0444397 0.0620711 0.0744827 0.818907 9.9991E-05
0.0934073 0.0270463 0.143329 0.736117 9.9991E-05
9.9982E-05 0.105738 0.142938 0.751123 9.9982E-05
0.0630013 0.0533892 0.0499882 0.833521 9.9991E-05
9.9982E-05 0.533418 9.9982E-05 0.385586 0.080796
9.9982E-05 0.325304 9.9982E-05 0.500241 0.174255
9.9982E-05 0.459976 9.9982E-05 0.447369 0.0924546
0.172729 9.9973E-05 9.9973E-05 0.826972 9.9973E-05
9.9982E-05 0.530883 9.9982E-05 0.383824 0.0850932
0.196517 9.9991E-05 0.452112 0.20132 0.149951
0.645131 0.0202653 0.195884 0.138619 9.9991E-05
0.56485 9.9982E-05 0.261088 0.173861 9.9982E-05
0.360465 9.9991E-05 0.247345 0.244079 0.148012
0.567244 0.0591352 0.18545 0.1606 0.0275705
9.9982E-05 9.9982E-05 0.331283 0.460039 0.208478
0.494536 0.379459 9.9982E-05 9.9982E-05 0.125805
0.347058 0.224993 0.0569032 0.0295698 0.341477
0.321275 0.569926 0.0129709 0.0542909 0.0415371
0.502302 0.185398 0.0326229 9.9991E-05 0.279577
9.9973E-05 0.191682 9.9973E-05 9.9973E-05 0.808018
0.611962 0.148856 0.0485364 0.0877474 0.102898
0.515217 0.235382 0.0414758 0.0400747 0.167851
0.377891 0.422396 9.9991E-05 0.0829029 0.11671
0.450537 0.24269 0.0907342 0.0606068 0.155433
0.178698 0.291662 9.9982E-05 9.9982E-05 0.52944
0.537109 0.148953 0.0680373 0.0170599 0.228841
0.601858 0.31841 0.0506672 9.9991E-05 0.028965
0.45235 0.073555 0.216852 0.134967 0.122276
0.398502 0.300137 0.0501714 9.9991E-05 0.251089
0.528563 0.202371 0.0807344 9.9991E-05 0.188231
0.527266 0.116126 0.146424 9.9991E-05 0.210084
0.520804 0.250344 0.0445886 9.9991E-05 0.184164
0.628855 0.178369 0.048026 0.0182089 0.126542
0.620634 0.228649 0.0503358 0.096036 0.00434495
0.554688 0.151332 0.120257 0.0754644 0.0982584
0.122366 9.9982E-05 0.0700238 0.807411 9.9982E-05
0.0997608 9.9991E-05 0.0295266 0.867101 0.00351148
0.0926031 0.0142417 9.9991E-05 0.81514 0.0779155
0.0948827 0.067227 9.9991E-05 0.822652 0.0151387
0.147809 9.9982E-05 0.0123325 0.839659 9.9982E-05
0.227672 0.660371 0.0738605 9.9991E-05 0.0379963
0.566429 0.114295 0.106005 0.0248327 0.188438
0.35181 0.0222314 0.251483 0.250861 0.123614
0.747332 0.149593 0.0354323 0.0675429 9.9991E-05
0.632663 0.249397 0.0034514 0.0797294 0.0347589
0.237131 0.29208 0.15788 0.022049 0.290861
0.0572322 0.619312 9.9991E-05 0.150634 0.172722
0.577235 0.31757 9.9991E-05 0.0566022 0.0484927
0.148869 0.587065 0.0747978 0.063052 0.126216
0.491147 0.196509 0.0536373 0.0322796 0.226427
0.0464736 0.570576 0.109234 0.134821 0.138896
0.591032 0.243671 0.0970988 0.0680982 9.9991E-05
0.289438 0.541793 9.9991E-05 0.0805306 0.0881377
0.369828 0.289821 0.113656 9.9991E-05 0.226595
0.540681 0.040335 0.0110471 0.205596 0.202341
0.251212 0.102062 0.0913451 0.061395 0.493987
0.658946 0.14955 9.9991E-05 0.0863153 0.105088
0.532682 0.0893971 0.089552 0.109207 0.179161
0.446909 0.0653976 9.9991E-05 0.0157616 0.471832
0.487866 0.138649 0.0717828 0.0635663 0.238136
0.534176 9.9991E-05 0.00851417 0.0740915 0.383118
0.167602 0.117515 9.9982E-05 9.9982E-05 0.714683
0.335409 9.9982E-05 9.9982E-05 0.0418556 0.622535
0.580403 0.0439599 0.0127074 0.0559711 0.306958
0.276199 0.0808663 9.9991E-05 0.00779696 0.635038
0.58882 0.0481364 9.9982E-05 9.9982E-05 0.362844
0.140529 0.625385 0.0413705 9.9991E-05 0.192615
0.277148 0.287129 0.0501204 9.9991E-05 0.385502
0.313103 0.473178 0.164366 9.9991E-05 0.0492538
0.65378 0.205821 0.116226 9.9991E-05 0.0240735
0.281108 0.551564 0.00293511 9.9991E-05 0.164293
0.471266 0.172245 0.173152 9.9991E-05 0.183237
0.528114 0.182916 0.160225 0.0217722 0.106973
0.540168 0.267832 0.114058 9.9991E-05 0.0778422
0.460499 0.342946 0.15083 9.9991E-05 0.0456254
0.421104 0.336943 0.123499 0.00591174 0.112543
0.28976 0.506532 0.0884005 9.9991E-05 0.115208
0.335486 0.447808 0.12897 9.9991E-05 0.0876358
0.643209 0.226401 0.0930291 9.9991E-05 0.0372611
0.581105 0.13701 0.118386 0.0839197 0.0795789
0.475672 0.220366 0.04677 0.0661771 0.191015
0.537633 0.240565 0.142195 9.9991E-05 0.0795065
0.390092 0.378362 0.104098 0.0480504 0.0793969
0.665579 0.205039 0.0681319 9.9991E-05 0.0611502
0.556255 0.30666 0.123977 9.9991E-05 0.0130086
0.565782 0.211296 0.123289 0.0863467 0.0132849
0.405088 9.9991E-05 0.1586 0.363562 0.07265
0.497391 9.9991E-05 0.205163 0.128022 0.169324
0.37534 0.10116 0.32524 0.104107 0.0941525
0.581551 0.160174 0.156615 0.0843887 0.017271
0.403827 9.9991E-05 0.258804 0.206783 0.130486
0.508196 0.174742 0.0938674 9.9991E-05 0.223094
0.592127 0.0262173 0.141689 0.220095 0.019871
0.0232469 9.9991E-05 0.181679 0.283787 0.511187
0.496491 0.201398 0.221983 0.0764407 0.00368788
0.545303 0.00156335 0.198988 0.163269 0.0908769
0.513806 0.114183 0.269684 0.000791803 0.101536
0.332694 0.00765575 0.129674 0.240783 0.289194
0.447872 0.0032094 0.205402 0.185146 0.15837
0.586892 9.9991E-05 0.176723 0.194869 0.0414157
9.9982E-05 9.9982E-05 0.195142 0.504827 0.299832
0.471488 9.9991E-05 0.249441 0.253321 0.0256499
0.521928 0.00702737 0.281769 0.178056 0.0112196
0.641228 0.0137841 0.152241 0.112662 0.0800845
0.586934 9.9982E-05 0.235678 0.177188 9.9982E-05
0.533812 0.0512984 0.173821 0.199345 0.0417237
0.592673 0.0484895 0.0138199 0.0479159 0.297102
0.564019 0.0162335 0.0870878 0.0955105 0.237149
0.128978 0.184357 9.9982E-05 9.9982E-05 0.686466
0.0899716 0.116056 9.9982E-05 9.9982E-05 0.793772
0.450389 9.9991E-05 0.053197 0.157903 0.338411
0.390405 9.9991E-05 0.308633 0.217583 0.0832789
0.276497 9.9991E-05 0.407163 0.0871096 0.22913
0.0924219 0.0697131 0.352747 0.216311 0.268807
0.381583 9.9991E-05 0.2985 0.206505 0.113312
0.106612 9.9991E-05 0.149009 0.0667419 0.677537
0.156163 9.9991E-05 0.174741 0.108815 0.560181
0.596137 9.9982E-05 0.126718 9.9982E-05 0.276945
0.531373 0.0387508 0.173137 0.0206612 0.236078
0.216313 9.9991E-05 0.162132 0.0587506 0.562704
0.496662 0.146495 0.195613 0.00886804 0.152362
0.50397 0.0609933 0.197529 0.0179036 0.219605
0.467673 0.0953003 0.134235 0.144291 0.158501
0.359685 0.15178 9.9991E-05 0.00215099 0.486285
0.425661 0.131997 0.0573433 0.0286241 0.356375
0.587061 0.0245297 0.0542116 0.114128 0.220069
0.444989 0.188755 0.0855767 0.0340771 0.246603
0.431874 0.154251 0.104318 0.0856114 0.223945
0.515656 0.0339813 0.0776735 9.9991E-05 0.372589
0.321828 0.0760343 9.9991E-05 0.00375411 0.598284
0.64824 9.9991E-05 0.038017 0.0311128 0.282531
0.342574 0.0781538 0.0236578 9.9991E-05 0.555514
0.482321 0.0787529 0.0715831 9.9991E-05 0.367243
0.645792 0.0148379 0.0882808 0.077359 0.17373
0.587373 0.0799209 0.0186671 0.0289075 0.285131
0.564154 0.0185899 0.215518 0.167356 0.0343819
0.392454 0.0623333 0.236001 0.0834223 0.22579
0.327237 0.0484654 0.349856 0.12001 0.154433
0.357053 0.0803783 0.284161 0.160646 0.117762
0.495204 0.113292 0.109471 0.217538 0.0644952
0.439116 9.9991E-05 0.189249 0.182515 0.18902
9.9991E-05 0.00559879 0.225439 0.179968 0.588893
0.542076 0.0758727 0.252224 0.104908 0.0249188
9.9982E-05 9.9982E-05 0.144979 0.398164 0.456657
0.505164 9.9991E-05 0.246872 0.0498161 0.198048
0.241937 9.9973E-05 9.9973E-05 9.9973E-05 0.757763
0.0930677 0.0904783 9.9982E-05 9.9982E-05 0.816254
0.54044 0.0268746 0.033123 9.9991E-05 0.399463
0.650618 9.9991E-05 0.0206996 0.120674 0.207909
0.486455 0.0493181 9.9982E-05 9.9982E-05 0.464027
0.574415 0.00678108 0.0684467 9.9991E-05 0.350258
0.592957 0.0318547 0.0899864 9.9991E-05 0.285102
0.0623103 9.9991E-05 0.0588813 0.820553 0.0581552
9.9991E-05 0.113458 0.153758 0.696503 0.0361808
9.9982E-05 0.0413411 0.0693328 0.889126 9.9982E-05
0.0523582 9.9973E-05 9.9973E-05 0.947342 9.9973E-05
0.706763 0.0286354 9.9991E-05 0.100557 0.163944
0.664964 0.0536571 0.00916333 0.0582596 0.213956
0.724063 0.0601357 9.9982E-05 9.9982E-05 0.215602
0.686278 0.0263836 0.00491171 0.125547 0.156879
0.630148 0.0899517 9.9991E-05 0.156648 0.123152
0.381758 0.164865 9.9991E-05 0.0463649 0.406911
0.78098 9.9991E-05 0.0102481 0.0149043 0.193768
0.524536 9.9973E-05 9.9973E-05 9.9973E-05 0.475164
0.477529 0.0568399 0.184075 0.233906 0.0476491
0.532532 0.0816322 0.0157667 9.9991E-05 0.369969
0.490805 0.21822 9.9982E-05 9.9982E-05 0.290775
0.643805 0.0324957 9.9982E-05 9.9982E-05 0.3235
0.56022 0.126207 9.9991E-05 0.00654772 0.306925
0.665995 9.9982E-05 9.9982E-05 0.0121106 0.321695
0.672907 9.9991E-05 0.040122 0.0537649 0.233106
0.313237 9.9973E-05 9.9973E-05 9.9973E-05 0.686463
0.41024 0.043349 0.00465733 0.0186537 0.5231
0.41142 0.12655 0.0126644 9.9991E-05 0.449265
0.0981466 9.9973E-05 9.9973E-05 9.9973E-05 0.901553
0.606453 0.150406 9.9991E-05 0.0612046 0.181836
0.26223 0.0579635 9.9982E-05 9.9982E-05 0.679606
0.0511462 0.0924701 9.9982E-05 9.9982E-05 0.856184
0.698286 0.0495776 0.0572838 9.9991E-05 0.194753
0.393739 0.178037 9.9991E-05 0.0186827 0.409441
0.534821 0.15337 0.0623601 0.007647 0.241802
0.657228 0.0548092 0.0516648 0.134737 0.101561
0.716141 0.106189 9.9982E-05 9.9982E-05 0.177469
0.382469 0.312035 0.0707002 9.9991E-05 0.234695
0.67033 0.104161 9.9991E-05 0.0372584 0.188151
0.52848 0.179475 0.0649205 0.0195642 0.207561
0.517734 0.0106371 9.9982E-05 9.9982E-05 0.471429
0.565238 0.0561994 0.0399859 0.118259 0.220318
0.0325166 0.284316 9.9991E-05 0.632161 0.0509059
0.0561281 0.127318 0.00436638 0.752368 0.0598194
9.9982E-05 0.135386 9.9982E-05 0.825048 0.0393652
9.9982E-05 0.131333 9.9982E-05 0.823822 0.0446448
0.0496154 0.22971 9.9982E-05 0.720474 9.9982E-05
0.349189 0.195843 9.9991E-05 0.00553222 0.449335
0.331807 0.132938 9.9991E-05 0.0533868 0.481769
0.344955 9.9973E-05 9.9973E-05 9.9973E-05 0.654745
0.628951 0.0369223 0.041103 0.0749479 0.218075
0.517835 0.189169 0.106885 0.145588 0.0405238
0.500573 9.9982E-05 9.9982E-05 0.00799888 0.491228
0.709562 9.9982E-05 0.0296492 9.9982E-05 0.260588
0.430368 0.0374114 0.110059 0.0441116 0.37805
0.667714 0.0850036 0.0642859 0.013096 0.169901
0.603801 0.0402408 0.114826 0.0500399 0.191093
0.434169 0.174776 9.9982E-05 9.9982E-05 0.390855
0.516402 0.143154 9.9982E-05 9.9982E-05 0.340243
0.501366 0.265953 9.9982E-05 9.9982E-05 0.232481
0.65568 0.00695937 0.0101536 0.161513 0.165694
0.627018 0.129271 9.9991E-05 0.00869934 0.234912
0.561736 0.0992186 0.034283 0.022677 0.282085
0.364544 9.9991E-05 0.512979 0.08997 0.0324063
0.390177 9.9982E-05 0.390072 0.219551 9.9982E-05
0.354972 0.0636275 0.498368 0.0829318 9.9991E-05
0.275904 9.9991E-05 0.546956 0.109907 0.0671329
0.489886 0.00464252 0.312605 0.133747 0.0591191
0.592195 0.0464823 0.0215309 0.0482951 0.291497
0.0229042 9.9991E-05 0.650267 0.30655 0.0201791
0.25958 0.0321671 0.500387 0.146059 0.0618075
0.433952 9.9991E-05 0.244926 0.157476 0.163545
0.601221 0.114909 9.9991E-05 0.145093 0.138678
0.451111 0.0411381 0.0315975 0.165023 0.31113
0.588012 0.0507674 0.115133 0.085789 0.160299
0.626616 0.0365557 0.0803969 0.0862711 0.17016
0.37765 9.9982E-05 0.481245 0.140905 9.9982E-05
0.417719 0.0845842 0.363292 0.134305 9.9991E-05
0.385122 9.9991E-05 0.535231 0.0532784 0.0262691
0.539243 0.0950157 0.266084 0.0995575 9.9991E-05
0.276318 0.0112254 0.522212 0.120748 0.0694969
0.375584 0.0160865 0.317834 0.174688 0.115807
0.250725 9.9991E-05 0.578866 0.111302 0.0590067
0.309585 0.0456557 0.486664 0.0783219 0.0797739
0.595573 9.9991E-05 0.0844797 0.0872697 0.232578
0.421451 9.9991E-05 0.362486 0.152335 0.0636284
0.126718 9.9982E-05 0.668552 0.204529 9.9982E-05
0.379842 0.0795911 0.425584 0.111971 0.00301187
0.277973 0.21879 9.9991E-05 0.204564 0.298574
0.568429 0.0855443 0.13314 0.0361754 0.176711
0.324582 0.127196 0.372129 0.175993 9.9991E-05
0.6384 0.0422475 0.0961582 0.140334 0.0828601
0.548495 0.0261978 9.9991E-05 0.22733 0.197877
0.374089 9.9991E-05 0.241042 0.180441 0.204329
0.243224 9.9991E-05 0.275939 0.286239 0.194498
0.502757 0.116561 0.199556 0.0415417 0.139584
0.402083 9.9982E-05 0.46666 0.131057 9.9982E-05
0.380099 9.9982E-05 0.509542 0.11016 9.9982E-05
0.100074 9.9991E-05 0.686079 0.189513 0.0242331
0.533106 0.108825 0.112941 0.104993 0.140135
0.542792 0.0843657 9.9991E-05 0.171715 0.201027
0.144472 9.9991E-05 0.0732045 0.145285 0.636939
0.612309 0.0369341 0.0987919 0.18223 0.0697343
0.461497 0.243405 9.9991E-05 0.155378 0.139621
0.559888 0.00586794 0.131508 0.188806 0.11393
0.331388 0.237232 0.165907 0.141443 0.12403
9.9982E-05 9.9982E-05 0.24044 0.316176 0.443184
9.9982E-05 9.9982E-05 0.165696 0.355549 0.478554
0.341999 0.0481395 0.148251 0.16939 0.292221
9.9982E-05 9.9982E-05 0.241946 0.357671 0.400183
9.9982E-05 9.9982E-05 0.271159 0.454368 0.274272
0.402692 0.0478371 0.178091 0.16063 0.21075
0.337708 9.9991E-05 0.203395 0.299138 0.159659
0.203634 9.9991E-05 0.217058 0.298647 0.280561
0.0504851 9.9991E-05 0.18678 0.340394 0.422241
0.465028 9.9991E-05 0.181806 0.121396 0.23167
0.22882 9.9991E-05 0.14702 0.282137 0.341923
9.9982E-05 9.9982E-05 0.0872675 0.513093 0.39944
0.37426 0.121159 0.266191 0.170599 0.0677911
0.297934 0.060806 0.296697 0.152536 0.192027
0.443551 9.9991E-05 0.197112 0.338748 0.0204891
0.524468 9.9982E-05 0.256633 0.218699 9.9982E-05
0.505499 9.9991E-05 0.218691 0.197805 0.0779052
0.458559 9.9991E-05 0.316748 0.163319 0.0612741
0.386515 0.00111422 0.256342 0.355929 9.9991E-05
0.594866 0.0264195 0.171838 0.206776 9.9991E-05
0.461603 0.033258 0.2973 0.207739 9.9991E-05
0.320585 9.9991E-05 0.295029 0.232198 0.152088
0.385578 0.110649 0.121329 0.171964 0.21048
0.592239 0.0823753 0.16696 0.154254 0.00417198
0.64664 0.0335621 0.117282 0.193358 0.00915685
0.666575 9.9991E-05 0.154988 0.13612 0.0422166
0.360822 0.0647034 0.269204 0.285862 0.0194085
0.459379 0.033254 0.251535 0.242667 0.0131641
0.11035 9.9991E-05 0.267958 0.376966 0.244625
0.475226 9.9982E-05 0.332616 0.191958 9.9982E-05
0.155195 9.9991E-05 0.414571 0.258248 0.171886
0.0196806 0.0949952 9.9991E-05 0.818673 0.0665515
0.100864 0.856038 9.9982E-05 0.0428984 9.9982E-05
9.9982E-05 0.979888 9.9982E-05 0.00906152 0.0108501
9.9973E-05 0.969679 9.9973E-05 0.0300207 9.9973E-05
9.997E-05 0.9996 9.997E-05 9.997E-05 9.997E-05
0.00952456 0.981722 0.00855331 9.9982E-05 9.9982E-05
0.0603492 0.939351 9.9973E-05 9.9973E-05 9.9973E-05
9.9973E-05 0.967719 9.9973E-05 0.0319809 9.9973E-05
9.9973E-05 0.776724 9.9973E-05 0.222976 9.9973E-05
0.011544 0.0493727 0.0347957 0.904188 9.9991E-05
0.0554516 0.133745 9.9982E-05 0.810603 9.9982E-05
0.0589812 9.9991E-05 0.0346669 0.88699 0.019262
0.0550943 0.12253 9.9982E-05 0.822175 9.9982E-05
0.00960659 0.0680782 0.0360672 0.886148 9.9991E-05
9.9973E-05 0.0689998 9.9973E-05 0.9307 9.9973E-05
9.9982E-05 0.121394 0.206193 0.672213 9.9982E-05
0.0781257 9.9991E-05 0.037813 0.873852 0.0101095
0.0129584 0.148105 0.141323 0.697513 9.9991E-05
0.0287715 9.9991E-05 0.0686547 0.88638 0.0160935
9.9982E-05 0.050848 9.9982E-05 0.932708 0.0162442
9.9982E-05 0.101766 0.0744921 0.823542 9.9982E-05
0.0173791 0.019918 0.0281462 0.934457 9.9991E-05
0.0243109 9.9991E-05 0.0249491 0.935154 0.0154865
0.0846093 9.9982E-05 0.0481744 0.867016 9.9982E-05
0.0950425 9.9982E-05 0.0514658 0.853292 9.9982E-05
0.0711244 9.9982E-05 0.156313 0.772362 9.9982E-05
0.134152 9.9982E-05 0.0971258 0.768522 9.9982E-05
0.122322 9.9982E-05 0.0529533 0.824525 9.9982E-05
0.439031 0.0982209 0.0616664 0.163106 0.237976
0.769159 0.0273343 9.9991E-05 0.101352 0.102055
0.601786 0.000784197 0.0837459 0.125432 0.188252
0.153599 9.9991E-05 0.0319613 0.139008 0.675332
0.672948 0.0847225 0.0165119 0.17445 0.0513676
0.115243 9.9991E-05 0.0605485 0.188362 0.635746
0.62698 9.9991E-05 0.0887951 0.181327 0.102798
0.495806 0.120686 9.9991E-05 0.118079 0.265328
0.602351 0.0233622 9.9991E-05 0.148165 0.226021
0.618782 0.0872166 0.00287307 0.0380913 0.253037
0.561817 0.103403 9.9991E-05 0.14539 0.18929
0.585616 9.9991E-05 0.0859139 0.127687 0.200683
0.708557 0.0896753 0.0055036 0.124982 0.0712822
0.0675614 0.5375 0.0644985 9.9991E-05 0.33034
9.9982E-05 0.0656033 9.9982E-05 0.138954 0.795243
0.138722 0.0454859 0.06 0.119456 0.636337
0.670172 0.0582823 0.0601115 0.149996 0.061438
0.655118 0.0388701 9.9991E-05 0.156317 0.149595
0.569077 0.0293309 0.0149927 0.187976 0.198623
0.631787 9.9991E-05 0.0760961 0.135345 0.156672
0.583108 9.9991E-05 0.165915 0.201567 0.0493096
0.599111 0.0226796 0.169516 0.208593 9.9991E-05
0.14755 0.145727 0.158368 0.424943 0.123412
0.649 0.0231811 0.0782047 0.176864 0.0727496
0.414361 0.0638879 0.180453 0.233617 0.107681
9.9982E-05 9.9982E-05 0.183339 0.440982 0.375479
0.380022 9.9991E-05 0.188686 0.307163 0.124029
0.331329 9.9991E-05 0.164923 0.400242 0.103407
0.435725 0.112413 0.102667 0.33741 0.0117853
0.473699 0.117617 0.190348 0.170114 0.0482219
0.560482 0.0546615 0.107642 0.205137 0.0720773
0.638517 0.0311375 0.116007 0.201506 0.0128329
0.429889 9.9991E-05 0.206644 0.162996 0.200371
0.266522 0.0815972 0.209078 0.442703 9.9991E-05
