9.9973E-05 0.0283793 0.0455728 0.913025 0.0127233 9.9973E-05 9.9973E-05
0.00788411 0.00740938 9.9973E-05 0.983318 9.9973E-05 0.00108894 9.9973E-05
0.0398151 9.9982E-05 0.00656191 0.88491 0.0572046 9.9982E-05 0.0113081
9.9964E-05 0.0273156 9.9964E-05 0.836537 0.135748 9.9964E-05 9.9964E-05
9.9955E-05 9.9955E-05 9.9955E-05 0.911244 0.0882564 9.9955E-05 9.9955E-05
0.00221526 0.0493838 0.0249813 0.665187 0.128802 0.000645387 0.128786
9.9973E-05 0.0272603 9.9973E-05 0.802959 0.0205881 9.9973E-05 0.148893
9.9973E-05 0.0648387 9.9973E-05 0.735051 0.0441695 9.9973E-05 0.15564
9.99639E-05 0.129264 9.99639E-05 0.814308 9.99639E-05 9.99639E-05 0.0560274
9.9973E-05 0.0285625 9.9973E-05 0.779188 0.0573384 9.9973E-05 0.134611
9.9973E-05 0.0254959 9.9973E-05 0.746375 0.0953609 9.9973E-05 0.132469
0.126069 0.514354 0.0518987 0.0150527 0.21285 9.9991E-05 0.0796756
0.118941 0.24339 0.0640093 0.0443074 0.518341 0.0109117 9.9991E-05
0.0801182 0.499627 0.0958813 0.00412742 0.26 9.9991E-05 0.0601453
0.0862824 0.417184 0.119966 0.0455942 0.300652 9.9991E-05 0.0302204
0.0285143 0.303229 0.114557 0.0684596 0.426404 9.9991E-05 0.058737
0.0267096 0.200608 0.103793 0.0245655 0.536191 0.035513 0.0726197
0.139811 0.289759 0.0587244 0.0321124 0.437916 9.9991E-05 0.0415774
0.0529194 0.377696 0.0651792 0.0992257 0.29711 9.9991E-05 0.10777
0.100848 0.670952 0.00438609 0.0136951 0.0677057 9.9991E-05 0.142313
0.138085 0.311223 0.021834 0.0432579 0.433753 0.0103964 0.0414502
0.0740183 0.178369 0.0528331 9.9991E-05 0.455322 0.0347833 0.204574
0.123005 0.189913 0.020538 0.0370992 0.589589 9.9991E-05 0.0397566
0.118893 0.431845 0.062923 0.0529009 0.232356 9.9991E-05 0.100983
9.9991E-05 0.112953 0.0554475 0.0927443 0.64503 0.0703539 0.0233708
0.050155 0.242979 0.00429663 0.0218286 0.573033 9.9991E-05 0.107608
0.123783 0.494912 0.0202693 0.0579605 0.225483 0.0186664 0.0589258
0.111195 0.413563 0.0628482 0.0620875 0.289513 9.9991E-05 0.0606934
0.113713 0.471893 9.9973E-05 9.9973E-05 0.294997 9.9973E-05 0.119096
9.9964E-05 9.9964E-05 0.00494193 0.893648 0.10101 9.9964E-05 9.9964E-05
9.9955E-05 9.9955E-05 9.9955E-05 0.888998 0.110502 9.9955E-05 9.9955E-05
9.9973E-05 0.011119 0.0654805 0.813716 0.109385 9.9973E-05 9.9973E-05
9.9964E-05 9.9964E-05 0.0605975 0.747906 0.191096 9.9964E-05 9.9964E-05
0.261597 0.0960835 9.9982E-05 0.0635633 0.488834 9.9982E-05 0.0897224
0.247801 0.0961046 0.0191203 0.0746164 0.51616 0.046098 9.9991E-05
0.422238 9.9982E-05 0.0356717 0.0146102 0.506794 0.0204862 9.9982E-05
0.112862 0.607825 9.9982E-05 0.0488942 0.194309 0.0359098 9.9982E-05
0.57701 9.9982E-05 0.00258631 9.9982E-05 0.250657 0.0431174 0.126429
0.215498 0.0906121 0.0505854 0.101325 0.532229 0.00965018 9.9991E-05
0.204868 0.000483216 9.9982E-05 0.0585446 0.692843 9.9982E-05 0.0430613
0.0320978 0.104316 9.9982E-05 0.0766413 0.575258 9.9982E-05 0.211486
0.0760141 0.137764 0.0458742 0.0565839 0.597379 0.00200512 0.0843803
0.634738 0.180678 9.9973E-05 0.0317719 0.152513 9.9973E-05 9.9973E-05
9.9982E-05 0.0638241 0.00612769 0.05324 0.639041 9.9982E-05 0.237567
0.222279 9.9982E-05 9.9982E-05 0.123502 0.57063 0.0730935 0.0102952
0.117544 0.0359146 0.0312728 0.130569 0.592853 9.9991E-05 0.0917468
0.566488 9.9973E-05 9.9973E-05 9.9973E-05 0.33895 0.0453938 0.0488686
0.303901 0.0165922 9.9973E-05 0.085337 0.59387 9.9973E-05 9.9973E-05
0.215995 0.011893 0.0715165 0.124325 0.51581 0.0603605 9.9991E-05
0.646491 0.00377965 9.9973E-05 9.9973E-05 9.9973E-05 0.0374778 0.311952
0.114351 0.596626 9.9982E-05 9.9982E-05 0.17986 0.0217706 0.087192
0.13352 0.275263 0.0498206 9.9991E-05 0.146325 0.11135 0.283621
0.0610276 0.155304 0.061322 0.0189192 0.586021 0.0611027 0.0563036
0.0355431 0.0781257 0.0513872 0.0799476 0.590578 0.0652551 0.0991636
0.0180278 0.135666 0.0356632 0.0847216 0.601221 0.0408278 0.0838723
0.108971 0.480031 9.9982E-05 0.100317 0.237858 9.9982E-05 0.0726231
0.0870934 0.304548 0.016266 0.032868 0.52917 0.0299548 9.9991E-05
0.127494 0.132323 0.0663086 0.0707086 0.555969 0.0291424 0.0180538
0.113256 0.239627 0.0418365 0.104076 0.363374 0.0508173 0.0870134
0.0943496 0.463211 0.00848215 0.144832 0.149458 9.9991E-05 0.139567
0.0694335 0.128322 0.0255208 0.0805355 0.577818 0.0829914 0.0353785
0.0304197 0.230616 0.0241759 0.0674866 0.493691 0.0835017 0.0701094
0.138621 0.525085 9.9982E-05 0.0616712 0.103904 9.9982E-05 0.17052
0.110574 0.364428 9.9973E-05 9.9973E-05 0.446908 0.0777891 9.9973E-05
0.062994 0.108454 0.0526491 0.0130132 0.559934 0.124935 0.0780214
0.00355421 0.150732 9.9991E-05 0.0897013 0.663149 0.0709261 0.0218372
0.142325 0.352662 0.0564303 0.0604732 0.284142 0.00641868 0.0975491
0.0854607 0.230378 0.0575325 0.0358971 0.492163 0.0728059 0.0257621
0.0670858 0.215959 0.0210849 0.0465911 0.507147 0.142032 9.9991E-05
0.113325 0.482178 9.9982E-05 0.0110792 0.253284 9.9982E-05 0.139934
0.451974 0.0176698 9.9973E-05 0.0364323 0.493624 9.9973E-05 9.9973E-05
0.735104 0.0611366 9.9973E-05 0.0231477 0.180312 9.9973E-05 9.9973E-05
0.274138 0.0298329 9.9991E-05 0.141417 0.500874 0.0267442 0.0268944
0.830752 9.9964E-05 9.9964E-05 9.9964E-05 9.9964E-05 0.0555401 0.113308
0.856798 9.9964E-05 9.9964E-05 9.9964E-05 9.9964E-05 0.0385291 0.104273
0.736554 9.9973E-05 0.00504448 9.9973E-05 0.220258 0.037844 9.9973E-05
0.400672 0.0804004 9.9973E-05 0.0247204 0.493907 9.9973E-05 9.9973E-05
0.144671 0.0842557 0.0509086 0.113201 0.549464 0.0288281 0.0286707
0.475583 9.9982E-05 0.028299 9.9982E-05 0.456507 0.00844285 0.0309684
0.632947 0.176949 9.9973E-05 0.0439635 0.14584 9.9973E-05 9.9973E-05
0.531182 0.200199 9.9964E-05 9.9964E-05 0.268219 9.9964E-05 9.9964E-05
0.286566 0.0670389 0.0698181 0.0455261 0.530851 9.9982E-05 9.9982E-05
0.553295 0.0583513 0.00331689 0.0398159 0.345021 9.9982E-05 9.9982E-05
0.472543 0.0583767 9.9973E-05 0.0346662 0.434114 9.9973E-05 9.9973E-05
0.492066 9.9982E-05 9.9982E-05 0.00188979 0.412811 0.0334371 0.0595968
0.659204 9.9964E-05 9.9964E-05 9.9964E-05 9.9964E-05 0.105178 0.235218
0.253339 0.0486597 0.0114161 0.0470375 0.626029 0.0134185 9.9991E-05
0.0063247 0.0685486 0.00598994 0.850038 0.0688992 9.9982E-05 9.9982E-05
9.9955E-05 9.9955E-05 9.9955E-05 0.92796 0.0715406 9.9955E-05 9.9955E-05
9.9964E-05 9.9964E-05 0.0331671 0.854897 0.111536 9.9964E-05 9.9964E-05
9.9964E-05 9.9964E-05 0.0601262 0.92868 0.0107937 9.9964E-05 9.9964E-05
9.9964E-05 9.9964E-05 0.00877103 0.968531 9.9964E-05 0.0222985 9.9964E-05
9.9973E-05 9.9973E-05 0.0309651 0.878616 0.0704543 0.0196644 9.9973E-05
9.9955E-05 9.9955E-05 9.9955E-05 0.92104 0.0784602 9.9955E-05 9.9955E-05
0.195819 0.0895109 0.0290164 0.0639277 0.565469 0.0561573 9.9991E-05
0.120025 0.0396529 0.0612717 0.12107 0.571311 0.0829423 0.00372684
0.702912 0.215724 9.9982E-05 0.0536168 0.0217742 0.00577283 9.9982E-05
0.149541 0.10867 0.0574396 0.0362207 0.578998 0.0489362 0.0201942
0.447254 0.120879 9.9982E-05 0.0276854 0.392767 0.0112144 9.9982E-05
0.372388 0.0139605 0.0385639 0.0760026 0.498885 9.9982E-05 9.9982E-05
0.298583 9.9991E-05 0.0265394 0.0478181 0.5433 0.0283138 0.0553463
0.365025 0.0246107 0.0705347 0.0158019 0.480161 0.0437669 9.9991E-05
0.702508 0.266422 9.9964E-05 0.0306699 9.9964E-05 9.9964E-05 9.9964E-05
0.14768 0.16209 0.0613893 0.0968041 0.465028 0.0604016 0.00660643
0.149479 0.0533729 0.0164759 0.0943241 0.63768 0.0340359 0.0146324
0.204542 0.0810347 0.015631 0.0724131 0.566371 0.0259732 0.0340349
0.500672 0.0374265 0.0506902 9.9991E-05 0.210015 0.0382435 0.162852
0.402594 9.9973E-05 0.0172957 9.9973E-05 0.480282 0.0995281 9.9973E-05
0.387129 0.125953 9.9964E-05 9.9964E-05 0.486518 9.9964E-05 9.9964E-05
0.530474 9.9982E-05 0.0163957 9.9982E-05 0.356269 0.0681268 0.0285347
0.373151 0.132795 9.9982E-05 0.0137154 0.451017 0.0291215 9.9982E-05
0.0894901 0.0900651 0.0238392 0.111682 0.561923 0.0648705 0.0581305
0.0216618 0.344719 0.053849 9.9991E-05 0.288182 0.168822 0.122666
0.0376217 0.354056 9.9982E-05 0.0634192 0.442615 9.9982E-05 0.102088
9.9991E-05 0.196256 0.0497953 0.114329 0.513187 0.07897 0.0473617
0.0653135 0.0939408 0.0278899 0.0943745 0.595441 0.0491416 0.0738984
0.0356963 0.3856 0.00181442 0.0339281 0.489071 9.9991E-05 0.0537906
9.9991E-05 0.260704 0.0609907 0.0596014 0.552885 0.0648143 0.000903856
9.9973E-05 0.422041 9.9973E-05 0.0645127 0.480829 0.0323167 9.9973E-05
0.0110167 0.200765 0.0328065 0.0468285 0.521187 0.0649467 0.122449
0.0179324 0.189573 0.0246375 0.0525163 0.613159 0.0959026 0.00627926
9.9973E-05 0.259402 9.9973E-05 0.0482969 0.598149 9.9973E-05 0.0938523
0.028405 0.336608 9.9991E-05 0.0386808 0.556579 0.0366487 0.00297857
0.0470077 0.105701 0.0481674 0.0463261 0.599064 0.128036 0.0256988
0.0346757 0.12381 0.0351514 0.0809096 0.636582 0.00958146 0.0792901
0.0383999 0.15522 0.0547456 9.9991E-05 0.599754 0.071992 0.0797885
0.0185056 0.185973 0.0700282 0.0681978 0.558643 0.0526765 0.0459756
0.00169453 0.198057 0.0695848 9.9991E-05 0.53544 0.121325 0.0737989
9.9991E-05 0.269112 0.0801464 0.0430521 0.338458 0.0591183 0.210013
0.0359837 0.160711 0.0423213 0.0736439 0.59333 0.080523 0.0134874
0.00177227 0.136686 0.0425922 0.0231823 0.644132 0.0863533 0.0652822
0.118629 0.590733 0.032362 0.0089969 0.238233 0.0109456 9.9991E-05
0.0663673 0.344788 0.00770156 9.9991E-05 0.166543 0.196465 0.218035
0.0756172 0.197195 0.0255697 0.0361294 0.549123 0.0781562 0.0382091
0.0967052 0.321422 0.00587082 9.9991E-05 0.0790945 0.254281 0.242527
0.0617311 0.530663 9.9991E-05 0.00285416 0.363797 0.0361209 0.00473474
0.0877464 0.428912 9.9973E-05 9.9973E-05 0.420517 0.0625248 9.9973E-05
0.0862365 0.497945 9.9982E-05 0.0197666 0.392834 0.00301746 9.9982E-05
0.065869 0.536179 9.9982E-05 9.9982E-05 0.354251 0.0215124 0.0219884
0.0638009 0.167306 9.9991E-05 0.0596473 0.601416 0.0462324 0.0614975
0.0548909 0.181032 0.0533623 0.0777813 0.569954 0.062879 9.9991E-05
0.0484036 0.212375 9.9991E-05 0.0431813 0.601706 0.0439852 0.0502498
0.0572904 0.390476 0.0171343 9.9991E-05 0.175048 0.14508 0.214872
0.0296243 0.199363 0.013601 0.0951733 0.53367 0.053547 0.075021
0.0921454 0.0304797 0.0169666 0.0973434 0.493502 0.0699838 0.199579
0.122409 0.106471 9.9982E-05 0.0422775 9.9982E-05 0.114481 0.614161
0.100109 9.9991E-05 0.0565341 0.0414352 0.652776 0.0326927 0.116353
0.111314 0.070639 0.028711 0.0793108 0.311108 0.0768295 0.322087
0.0264581 0.0279616 0.0236291 0.141266 0.525244 0.0941059 0.161336
0.0618293 0.11121 9.9991E-05 0.0437262 0.287973 0.0188056 0.476355
0.0566127 0.160823 9.9991E-05 0.0320061 0.0826932 0.114258 0.553507
0.0612533 0.121645 0.00819038 0.0346155 0.404154 0.071671 0.29847
0.0585176 0.0643529 0.0770137 0.085943 0.507117 0.0757229 0.131333
0.0412182 0.115525 0.0776104 0.127043 0.428032 0.0270628 0.183507
0.171495 0.115185 0.0771213 0.0165553 0.0976062 0.138176 0.383861
0.0161442 0.113506 0.0890307 0.0718891 0.565837 0.0705351 0.0730578
0.0859338 0.0814676 9.9982E-05 9.9982E-05 0.319072 0.128167 0.38516
0.0916325 0.0892802 9.9982E-05 9.9982E-05 0.450755 0.121157 0.246975
0.108724 0.0772485 0.065596 0.0827095 0.537685 0.00629624 0.12174
9.9982E-05 0.0175667 0.249627 0.330438 0.142095 9.9982E-05 0.260074
9.9964E-05 9.9964E-05 0.129335 0.410173 9.9964E-05 9.9964E-05 0.460093
9.9964E-05 9.9964E-05 0.121921 0.429143 9.9964E-05 9.9964E-05 0.448536
9.9982E-05 0.00820593 0.240999 0.319686 0.107685 9.9982E-05 0.323225
0.0662436 9.9973E-05 9.9973E-05 9.9973E-05 0.611986 0.0626246 0.258846
9.9991E-05 0.0763369 0.0145946 0.0680943 0.641849 0.0870166 0.112008
9.9964E-05 0.0127982 0.651351 9.9964E-05 0.335451 9.9964E-05 9.9964E-05
0.0623954 0.110102 0.457042 0.0360936 0.334167 9.9982E-05 9.9982E-05
0.0473731 0.0713644 0.424124 0.0658524 0.350127 0.0410594 9.9991E-05
0.0148045 0.0622803 9.9982E-05 9.9982E-05 0.298004 0.18757 0.437141
0.0795212 0.0575968 0.0296076 0.0890535 0.510781 0.0635156 0.169924
0.0451568 0.0873486 9.9982E-05 9.9982E-05 0.257415 0.115248 0.494632
0.0390396 0.0455765 9.9991E-05 0.0358903 0.554912 0.0876782 0.236804
9.9982E-05 0.0414438 9.9982E-05 0.0104328 0.503471 0.133049 0.311404
0.0129952 9.9973E-05 9.9973E-05 9.9973E-05 0.595458 0.0623754 0.328872
0.0292491 0.0250042 9.9982E-05 9.9982E-05 0.222977 0.126579 0.59599
0.0297539 0.0109761 9.9991E-05 0.0541075 0.667323 0.0398176 0.197922
9.9982E-05 0.05762 9.9982E-05 0.0831009 0.635423 0.0315745 0.192082
9.9964E-05 0.0131456 0.975045 9.9964E-05 0.0114094 9.9964E-05 9.9964E-05
9.9973E-05 0.000704782 0.903973 9.9973E-05 0.0831094 0.0119131 9.9973E-05
0.0162072 0.0549309 0.547281 0.0633459 0.309448 0.0086876 9.9991E-05
9.9964E-05 0.0405889 0.611721 9.9964E-05 0.347291 9.9964E-05 9.9964E-05
9.9964E-05 0.0483717 0.813421 9.9964E-05 0.137807 9.9964E-05 9.9964E-05
9.995E-05 9.995E-05 0.9994 9.995E-05 9.995E-05 9.995E-05 9.995E-05
9.9964E-05 0.0406933 0.957316 9.9964E-05 0.00159103 9.9964E-05 9.9964E-05
0.00910117 9.9964E-05 0.860401 9.9964E-05 0.130098 9.9964E-05 9.9964E-05
9.9964E-05 0.0489 0.936893 0.0138076 9.9964E-05 9.9964E-05 9.9964E-05
9.995E-05 9.995E-05 0.9994 9.995E-05 9.995E-05 9.995E-05 9.995E-05
9.995E-05 9.995E-05 0.9994 9.995E-05 9.995E-05 9.995E-05 9.995E-05
9.9973E-05 0.00744763 0.735459 0.0196562 0.237137 9.9973E-05 9.9973E-05
9.9973E-05 0.0571628 0.820468 0.0146964 0.107373 9.9973E-05 9.9973E-05
9.995E-05 9.995E-05 0.9994 9.995E-05 9.995E-05 9.995E-05 9.995E-05
0.0237859 0.103132 0.392665 0.0810612 0.348376 0.0140586 0.0369214
0.0139785 0.0280654 0.623438 0.052998 0.26966 0.01176 9.9991E-05
0.0264037 9.9973E-05 0.781101 0.0235095 0.168686 9.9973E-05 9.9973E-05
0.00465104 9.9973E-05 0.889944 0.0120114 0.0930938 9.9973E-05 9.9973E-05
9.995E-05 9.995E-05 0.9994 9.995E-05 9.995E-05 9.995E-05 9.995E-05
9.9964E-05 9.9964E-05 0.954375 0.00383151 0.0413933 9.9964E-05 9.9964E-05
9.995E-05 9.995E-05 0.9994 9.995E-05 9.995E-05 9.995E-05 9.995E-05
0.0525073 0.02703 0.624862 0.053697 0.241704 9.9982E-05 9.9982E-05
0.0161143 9.9955E-05 0.983386 9.9955E-05 9.9955E-05 9.9955E-05 9.9955E-05
9.9973E-05 9.9973E-05 0.0621537 0.21806 9.9973E-05 0.0544534 0.665033
9.9982E-05 0.0230115 0.119159 0.15217 0.375335 9.9982E-05 0.330124
9.9982E-05 9.9982E-05 0.0415087 0.135833 0.487789 0.0567841 0.277885
9.9991E-05 0.0134759 0.099536 0.113377 0.211116 0.00196091 0.560434
0.146794 9.9982E-05 0.13806 0.121677 0.427683 9.9982E-05 0.165587
0.0261385 9.9982E-05 0.088065 0.196385 0.133406 9.9982E-05 0.555806
9.9991E-05 0.0444692 0.0640724 0.155377 0.474453 0.0643762 0.197152
9.9973E-05 9.9973E-05 0.110191 0.145807 0.325756 9.9973E-05 0.417946
9.9973E-05 9.9973E-05 0.0710985 0.131334 0.524636 9.9973E-05 0.272632
0.0143752 9.9982E-05 0.102155 0.160358 0.382714 9.9982E-05 0.340199
0.0605197 0.028258 0.136856 0.175819 0.411356 9.9991E-05 0.187092
0.0142609 0.0135517 9.9991E-05 0.90451 0.04763 0.00927091 0.0106766
0.0118754 9.9982E-05 0.064456 0.893999 9.9982E-05 0.01418 0.01529
9.9964E-05 0.0218003 9.9964E-05 0.950759 0.0270413 9.9964E-05 9.9964E-05
0.007381 9.9964E-05 9.9964E-05 0.965795 9.9964E-05 9.9964E-05 0.0264242
9.9964E-05 0.0301345 9.9964E-05 0.92272 0.0467453 9.9964E-05 9.9964E-05
9.9991E-05 0.000972792 0.00599715 0.982429 0.0022157 0.000732412 0.00755249
9.9973E-05 0.00944444 0.0078477 0.934135 0.0482729 9.9973E-05 9.9973E-05
0.00277771 0.0584157 9.9973E-05 0.932639 9.9973E-05 9.9973E-05 0.00586804
0.0405625 9.9991E-05 0.00146566 0.910649 0.0225386 0.00441474 0.0202699
9.9973E-05 0.0109907 9.9973E-05 0.911544 0.0361776 9.9973E-05 0.0409873
0.0359492 0.300538 9.9973E-05 0.580277 9.9973E-05 9.9973E-05 0.0829356
0.00414183 0.338448 9.9973E-05 0.618557 9.9973E-05 9.9973E-05 0.0385527
0.038655 0.342741 9.9973E-05 0.526575 9.9973E-05 9.9973E-05 0.0917288
0.038766 0.407293 9.9982E-05 0.444589 9.9982E-05 0.00673521 0.102417
0.248837 0.1608 9.9982E-05 0.0961361 0.465518 9.9982E-05 0.0285092
0.267799 0.123469 0.0425009 0.0493041 0.484615 0.0322115 9.9991E-05
0.176686 0.227657 9.9982E-05 0.00182443 0.576855 0.0167773 9.9982E-05
0.266918 0.311131 9.9982E-05 0.0182144 0.398507 0.00502999 9.9982E-05
0.0848566 0.620471 9.9982E-05 9.9982E-05 0.207302 0.0489111 0.0382596
0.153003 0.0580875 0.00182854 0.0369882 0.683495 0.063558 0.00304024
0.268626 0.129792 9.9964E-05 9.9964E-05 0.601182 9.9964E-05 9.9964E-05
0.244066 0.0555801 9.9982E-05 9.9982E-05 0.537705 0.0388781 0.123571
0.514468 9.9982E-05 0.015136 9.9982E-05 0.365012 0.0776912 0.0274922
0.108024 0.0377829 0.0687052 0.0591493 0.5795 0.0934442 0.0533945
0.482902 0.0818803 9.9973E-05 0.0243107 0.410607 9.9973E-05 9.9973E-05
0.792428 9.9964E-05 9.9964E-05 9.9964E-05 9.9964E-05 0.105386 0.101786
0.129722 0.167599 0.0152867 0.0474235 0.548883 0.0731914 0.0178954
0.623314 9.9973E-05 9.9973E-05 9.9973E-05 0.154772 0.0925912 0.129023
0.322277 0.0561065 0.0347178 9.9991E-05 0.512267 0.0400439 0.0344878
0.627799 0.21506 9.9973E-05 0.0111201 0.145722 9.9973E-05 9.9973E-05
9.9973E-05 0.797574 9.9973E-05 0.130896 0.01245 9.9973E-05 0.0587792
9.9982E-05 0.734918 9.9982E-05 0.109542 0.0589948 0.0485112 0.0478336
0.0131192 0.782788 9.9991E-05 0.0963678 0.0405015 0.0222098 0.0449139
0.00429963 0.811543 9.9973E-05 0.12104 9.9973E-05 9.9973E-05 0.0628167
9.9982E-05 0.777423 9.9982E-05 0.0614265 0.107556 0.0108491 0.0425459
9.9991E-05 0.740569 0.0102597 0.0543252 0.104332 0.00976368 0.0806506
0.0369439 0.00327084 0.056053 0.873399 0.0301333 9.9982E-05 9.9982E-05
0.042122 0.0230057 0.0262031 0.814987 0.0934824 9.9982E-05 9.9982E-05
0.0251626 0.00490501 0.0292544 0.791865 0.117969 0.0307434 9.9991E-05
0.0571308 0.0159144 0.0662325 0.849157 0.0113655 9.9982E-05 9.9982E-05
9.9982E-05 0.018156 0.0498695 0.777556 0.137734 9.9982E-05 0.0164848
9.9964E-05 0.511017 9.9964E-05 0.395154 9.9964E-05 9.9964E-05 0.0934286
9.9973E-05 0.499806 9.9973E-05 0.437682 9.9973E-05 0.0215544 0.0406577
9.9973E-05 0.483083 9.9973E-05 0.438337 0.0261557 0.0521243 9.9973E-05
0.000589335 0.0242368 0.00549567 0.852025 0.117454 9.9982E-05 9.9982E-05
0.0176926 0.523509 9.9973E-05 0.397743 9.9973E-05 0.0607562 9.9973E-05
9.9982E-05 9.9982E-05 0.315566 0.2324 0.263839 0.00766808 0.180327
9.9982E-05 0.0446795 0.187815 0.171047 0.539235 9.9982E-05 0.0570236
9.9964E-05 9.9964E-05 0.248354 0.182945 0.568301 9.9964E-05 9.9964E-05
0.00688372 9.9991E-05 0.254671 0.26295 0.314554 0.0370762 0.123764
9.9991E-05 0.0444315 0.116692 0.172199 0.531562 0.059041 0.0759749
9.9964E-05 9.9964E-05 0.302963 0.389705 9.9964E-05 9.9964E-05 0.306931
0.0149961 0.442912 9.9982E-05 9.9982E-05 0.479538 0.0461721 0.0161816
0.0768155 0.191403 0.00620837 9.9991E-05 0.440638 0.15819 0.126646
0.102227 0.548098 0.00243048 9.9991E-05 0.285339 0.0218094 0.0399966
0.0483967 0.169132 9.9982E-05 9.9982E-05 0.517441 0.135444 0.129386
0.057989 0.33182 9.9973E-05 9.9973E-05 9.9973E-05 0.293187 0.316704
0.0588845 0.147202 0.0355069 0.0761596 0.610616 0.0248932 0.0467382
0.0542443 0.152489 0.0341297 9.9991E-05 0.535762 0.121632 0.101644
0.0642079 0.459141 9.9982E-05 0.0327322 0.379436 9.9982E-05 0.0642834
0.101729 0.169956 0.0327196 0.0955611 0.525695 0.00753196 0.0668073
0.153667 0.289058 9.9982E-05 9.9982E-05 0.143812 0.120673 0.29259
0.0394923 0.20986 0.000848024 0.0106231 0.560992 0.0708463 0.107338
0.056645 0.348094 9.9991E-05 0.00248563 0.50021 0.0596415 0.0328229
0.0812433 0.0928712 0.149815 0.0679939 0.41576 0.0660828 0.126233
0.103415 0.263683 0.0161895 9.9991E-05 0.344917 0.0971268 0.174568
0.0754628 0.235199 0.00570294 9.9991E-05 0.421576 0.096568 0.165392
0.00348892 0.190796 9.9982E-05 9.9982E-05 0.619579 0.084168 0.101768
0.0435158 0.18344 9.9982E-05 9.9982E-05 0.581768 0.0978701 0.0932061
0.0170802 0.130621 0.0337581 0.0302592 0.65593 0.08599 0.046362
0.110583 0.184543 0.0676133 0.0439938 0.492015 0.0586331 0.0426194
0.0753844 0.159978 0.00880186 0.099084 0.592705 0.041691 0.0223556
9.9964E-05 9.9964E-05 0.0253754 0.85633 0.117895 9.9964E-05 9.9964E-05
9.9964E-05 9.9964E-05 9.9964E-05 0.882527 0.0989966 0.0180761 9.9964E-05
0.0360515 0.0287701 9.9982E-05 0.875347 0.0355678 9.9982E-05 0.0240637
0.0113828 0.00103156 0.04767 0.900604 0.0208296 0.0183822 9.9991E-05
9.9955E-05 9.9955E-05 9.9955E-05 0.89579 0.10371 9.9955E-05 9.9955E-05
0.121781 0.609867 0.0482506 0.0118696 0.0957002 0.00346861 0.109062
0.00665166 0.19184 0.0472109 0.0152934 0.542532 0.093306 0.103165
9.9991E-05 0.0133139 0.208903 0.182669 0.438682 0.0518555 0.104476
0.023636 0.238761 0.0892755 0.009892 0.622269 0.0160667 9.9991E-05
0.109083 0.343146 0.0298635 0.00219644 0.496605 9.9991E-05 0.0190068
0.0198942 0.340974 9.9982E-05 9.9982E-05 0.292422 0.1289 0.21761
0.0917824 0.751432 0.0125691 0.058863 0.000700766 0.0159384 0.0687143
0.0652789 0.359344 9.9982E-05 0.0388086 0.471216 9.9982E-05 0.0651532
0.0180963 0.605854 0.0472843 0.0195521 0.243821 0.0487142 0.0166783
0.115138 0.164356 0.0288775 0.00515159 0.480075 0.0549212 0.151481
0.0136919 0.62459 9.9991E-05 0.065821 0.176037 0.0334898 0.0862704
0.0178031 0.266323 0.11006 0.046826 0.503077 0.0558114 9.9991E-05
0.132152 0.589832 0.0188973 0.0472529 0.14132 9.9991E-05 0.0704453
0.153146 0.296359 0.113444 9.9991E-05 0.221772 0.0905263 0.124653
0.0677005 0.13543 9.9991E-05 0.0515125 0.539241 0.0554003 0.150616
0.0456373 0.0832217 9.9982E-05 9.9982E-05 0.300807 0.121652 0.448481
9.9982E-05 0.0441654 9.9982E-05 0.0126282 0.57597 0.0100183 0.357018
0.0444343 0.0770569 9.9982E-05 0.0626112 0.564758 9.9982E-05 0.25094
0.0734203 0.0419493 9.9982E-05 9.9982E-05 0.276768 0.0616203 0.546042
0.0793297 0.06921 0.0837451 0.0523244 0.491742 0.045387 0.178262
0.0160623 0.0856368 9.9991E-05 0.0220244 0.535588 0.0883304 0.252258
0.116174 0.0274662 9.9982E-05 9.9982E-05 0.14657 0.130339 0.579251
0.0519497 0.0343427 9.9982E-05 9.9982E-05 0.215536 0.0516613 0.64631
0.0452478 0.0744004 9.9982E-05 9.9982E-05 0.492946 0.0199093 0.367297
0.17641 0.0671963 9.9982E-05 9.9982E-05 0.0917844 0.0879322 0.576477
0.0863895 0.0784322 9.9982E-05 9.9982E-05 0.429977 0.0289901 0.376011
0.0994566 0.71928 0.0234174 9.9982E-05 0.157038 0.000608777 9.9982E-05
0.0622845 0.38267 0.0903707 9.9991E-05 0.174637 0.212695 0.0772432
0.0499926 0.48129 0.0707396 9.9973E-05 0.397677 9.9973E-05 9.9973E-05
0.0498248 0.240866 0.0325758 0.0775935 0.545003 0.054036 9.9991E-05
0.111946 0.597661 0.0351038 9.9982E-05 0.23487 0.0202195 9.9982E-05
0.0587343 0.221643 0.0788567 0.0592009 0.499796 0.0441493 0.0376197
0.0322173 0.246218 0.0335323 0.0441141 0.574928 0.0507878 0.018202
0.0492189 0.258295 0.0602194 9.9991E-05 0.503867 0.083641 0.0446587
0.0389161 0.267251 0.0459033 0.0268669 0.524895 0.0960675 9.9991E-05
0.0478536 0.440004 0.0468143 9.9973E-05 0.465028 9.9973E-05 9.9973E-05
0.0918923 0.538232 0.0316137 9.9982E-05 0.314652 0.0234093 9.9982E-05
0.0747804 0.451377 0.0109687 9.9982E-05 0.428629 0.0340445 9.9982E-05
0.0227684 0.223028 0.0274179 9.9991E-05 0.586546 0.0504149 0.0897249
0.0244307 0.13998 0.120618 0.00735333 0.56786 0.0665043 0.0732543
0.0856555 0.278185 0.108576 0.00371919 0.298022 0.0646637 0.161179
0.0840228 0.227278 0.115287 9.9991E-05 0.440406 0.106898 0.0260082
0.0824679 0.46687 0.0524836 9.9982E-05 0.362387 0.0355916 9.9982E-05
0.0656948 0.272512 0.0511441 0.00161447 0.53374 0.0596887 0.0156063
0.146826 0.328165 0.0875816 0.014059 0.409772 0.00625393 0.00734295
0.0100375 0.19099 0.0371742 0.109341 0.541891 0.0465078 0.0640585
0.0152095 0.0412414 0.115046 0.346168 0.443565 9.9991E-05 0.0386688
9.9991E-05 0.0388452 0.171769 0.104084 0.542524 0.0286297 0.114048
0.0594694 0.0778649 0.127554 0.145034 0.457572 0.0752175 0.0572874
0.0184185 0.0680231 0.143183 0.098475 0.54227 0.0573039 0.0723264
0.0577022 9.9991E-05 0.222628 0.143542 0.393823 0.0620189 0.120185
0.031197 0.169976 9.9982E-05 9.9982E-05 0.488742 0.164649 0.145236
0.10535 9.9991E-05 0.145388 0.153919 0.487001 0.00922187 0.0990209
0.0547602 0.108194 0.202109 0.169262 0.0291605 0.0448424 0.391672
9.9982E-05 0.0673264 0.140892 0.0507284 0.583122 9.9982E-05 0.157731
0.0591727 0.0540276 0.134901 0.135359 0.52408 0.04956 0.0428999
0.0279572 0.0611281 0.148778 0.0924894 0.563457 0.0456633 0.0605272
0.0327334 0.0589042 0.112821 0.180195 0.296389 0.0919798 0.226978
0.0289137 0.0490196 0.10172 0.201091 0.562397 0.0180605 0.0387987
9.9991E-05 0.0510763 0.176236 0.151596 0.498572 0.0756178 0.046802
9.9964E-05 9.9964E-05 0.127029 0.435215 9.9964E-05 9.9964E-05 0.437356
9.9991E-05 0.105005 0.181254 0.150938 0.499706 0.00926014 0.0537364
9.9982E-05 9.9982E-05 0.205206 0.157558 0.510926 0.0245843 0.101525
0.029734 0.0383923 0.0716457 0.103751 0.624688 0.0493465 0.0824425
9.9982E-05 9.9982E-05 0.187209 0.182109 0.538004 0.0185754 0.0739026
0.0472615 0.0225002 0.0561913 0.230369 0.568326 9.9991E-05 0.0752524
0.0541691 0.0114674 0.00428791 0.06411 0.415199 0.450666 9.9991E-05
0.0634509 0.0693467 0.0474021 0.0480873 0.512228 0.208394 0.0510908
0.0285049 0.0519005 9.9973E-05 9.9973E-05 9.9973E-05 0.893691 0.0256039
9.9964E-05 0.0429326 9.9964E-05 0.00465803 9.9964E-05 0.952009 9.9964E-05
9.9991E-05 0.0162673 0.0122853 0.135713 0.494481 0.313745 0.0274086
9.9982E-05 9.9982E-05 0.294426 0.152533 0.338298 0.117572 0.0969706
9.9982E-05 9.9982E-05 0.302797 0.160411 0.275652 0.25428 0.00666008
9.9982E-05 9.9982E-05 0.301435 0.15176 0.19609 0.289626 0.0608889
9.9982E-05 9.9982E-05 0.262069 0.15561 0.307902 0.25541 0.01881
9.9982E-05 9.9982E-05 0.0426314 0.0955986 0.0475023 0.709432 0.104636
9.9982E-05 9.9982E-05 0.0715603 0.0916912 0.0881235 0.683143 0.0652816
9.9973E-05 9.9973E-05 0.0534014 0.0188849 0.542364 0.38505 9.9973E-05
9.9973E-05 9.9973E-05 0.0809337 0.0672361 0.388198 0.463333 9.9973E-05
9.9973E-05 9.9973E-05 0.0545703 0.0612291 0.154017 0.729884 9.9973E-05
9.9991E-05 0.0456648 0.0439736 0.0688403 0.477758 0.360747 0.00291595
9.9982E-05 9.9982E-05 0.0511536 0.051107 0.547509 0.34098 0.00905005
0.0313378 0.0158383 0.0503395 0.106152 0.493777 0.302455 9.9991E-05
0.0175217 0.0104261 9.9982E-05 0.00584738 0.302465 0.663539 9.9982E-05
0.0546932 0.0719573 9.9982E-05 0.0262763 0.340453 0.50642 9.9982E-05
0.0572793 0.0409439 0.0491036 0.00170923 0.500251 0.311645 0.0390679
9.9991E-05 0.082068 0.0248745 0.0413429 0.427604 0.398843 0.0251674
0.0640025 0.0529819 0.0692052 0.0758393 0.492546 0.245325 9.9991E-05
0.0477583 9.9982E-05 9.9982E-05 0.00504955 0.420321 0.46534 0.0613312
9.9964E-05 0.0199867 9.9964E-05 9.9964E-05 0.169675 0.809938 9.9964E-05
9.9964E-05 9.9964E-05 9.9964E-05 0.0144399 0.58438 0.400781 9.9964E-05
9.9964E-05 0.0587477 9.9964E-05 9.9964E-05 0.145595 0.795257 9.9964E-05
9.9964E-05 9.9964E-05 9.9964E-05 0.0624784 0.396439 0.540683 9.9964E-05
0.0230576 0.0608247 0.0144991 0.0863642 0.493706 0.321448 9.9991E-05
0.0557147 0.0793488 0.0573591 0.0217209 0.44717 0.330952 0.00773451
0.0254887 9.9991E-05 0.124607 0.165325 0.495744 0.118125 0.0706103
0.0666508 0.061318 0.115672 0.157201 0.443547 0.08405 0.0715609
0.0299437 9.9991E-05 0.273434 0.176963 0.292979 0.0588175 0.167763
0.0209969 0.0560163 0.245594 0.185586 0.295293 0.124474 0.0720401
9.9991E-05 0.0888587 0.160172 0.140635 0.496365 0.0366043 0.0772646
0.0392207 0.0226818 0.164632 0.136983 0.399095 0.166843 0.0705436
9.9973E-05 9.9973E-05 0.0878456 0.179148 9.9973E-05 0.651825 0.0808814
0.0278487 9.9982E-05 0.191336 0.0918886 0.521211 0.167516 9.9982E-05
9.9973E-05 9.9973E-05 0.08835 0.303145 9.9973E-05 0.346266 0.261939
9.9973E-05 9.9973E-05 0.141181 0.0489352 0.499741 0.309843 9.9973E-05
9.9955E-05 9.9955E-05 9.9955E-05 9.9955E-05 0.0669069 0.932593 9.9955E-05
0.073107 9.9955E-05 9.9955E-05 9.9955E-05 9.9955E-05 0.926393 9.9955E-05
9.9955E-05 9.9955E-05 9.9955E-05 9.9955E-05 0.414629 0.584871 9.9955E-05
9.9973E-05 9.9973E-05 0.0127787 0.0154968 0.553854 0.417571 9.9973E-05
9.9955E-05 9.9955E-05 9.9955E-05 9.9955E-05 0.383621 0.61588 9.9955E-05
0.0031266 9.9973E-05 0.0339219 9.9973E-05 0.5293 0.433352 9.9973E-05
9.9955E-05 9.9955E-05 9.9955E-05 9.9955E-05 0.516901 0.4826 9.9955E-05
0.00440543 0.0849962 0.0177527 0.866522 9.9982E-05 0.0261235 9.9982E-05
9.9991E-05 0.0885764 0.0487084 0.748982 0.0637305 0.0228864 0.027016
9.9982E-05 0.0227046 0.02748 0.922304 9.9982E-05 0.0204235 0.00688805
9.9964E-05 9.9964E-05 9.9964E-05 0.930117 0.0366558 9.9964E-05 0.0328275
0.322848 9.9991E-05 0.0561552 0.0677183 0.519249 0.00637373 0.0275561
0.319336 0.0827016 9.9973E-05 0.0534162 0.544246 9.9973E-05 9.9973E-05
0.447271 0.0300095 9.9973E-05 0.0202747 0.502145 9.9973E-05 9.9973E-05
0.236098 0.06542 9.9982E-05 0.0821379 0.589658 9.9982E-05 0.0264858
0.0868497 0.112922 0.0148783 0.0819644 0.578782 9.9991E-05 0.124504
0.544337 0.11108 9.9973E-05 0.0561026 0.288181 9.9973E-05 9.9973E-05
0.316865 9.9973E-05 9.9973E-05 0.011692 0.666727 0.00441688 9.9973E-05
0.589008 9.9982E-05 0.0152574 9.9982E-05 0.256308 0.0529357 0.0862913
9.9982E-05 0.0793821 0.147367 0.333933 0.399624 9.9982E-05 0.0394952
0.374307 0.0363 0.033733 9.9991E-05 0.40285 0.11028 0.0424304
0.509729 0.0932437 9.9973E-05 0.016488 0.38024 9.9973E-05 9.9973E-05
0.327293 0.00710572 0.0152367 0.00672118 0.535165 0.0569994 0.0514786
0.426294 0.110942 0.00100752 0.0190001 0.442557 9.9982E-05 9.9982E-05
0.374379 9.9982E-05 0.0038479 9.9982E-05 0.567881 0.0377425 0.0159488
0.307607 0.0563509 0.00241914 0.05813 0.51206 0.0633324 9.9991E-05
0.85763 9.9964E-05 9.9964E-05 9.9964E-05 9.9964E-05 0.0470692 0.0949014
0.530404 9.9982E-05 0.0383677 9.9982E-05 0.267351 0.0686969 0.0949809
0.540424 9.9982E-05 0.0369826 9.9982E-05 0.326926 0.0492793 0.0461879
0.815698 9.9964E-05 9.9964E-05 9.9964E-05 9.9964E-05 0.0832704 0.100632
0.426788 0.10536 9.9973E-05 0.0523597 0.415193 9.9973E-05 9.9973E-05
0.642208 9.9973E-05 9.9973E-05 9.9973E-05 0.0874525 0.0488745 0.221165
0.771259 9.9964E-05 9.9964E-05 9.9964E-05 9.9964E-05 0.0432149 0.185127
0.271464 9.9973E-05 9.9973E-05 0.0657174 0.582343 0.0801754 9.9973E-05
0.621315 0.166415 0.000902387 0.0466674 0.164501 9.9982E-05 9.9982E-05
0.44361 0.0480651 9.9973E-05 0.0373872 0.470638 9.9973E-05 9.9973E-05
0.196402 9.9991E-05 0.0170232 0.0989 0.553256 0.0416821 0.0926371
0.388271 0.0594411 9.9973E-05 0.0519375 0.50005 9.9973E-05 9.9973E-05
0.0148373 0.316899 0.0153972 9.9991E-05 0.36078 0.140584 0.151403
0.325242 0.0622784 0.0219688 0.0332873 0.553278 0.00384628 9.9991E-05
0.352563 0.11877 9.9973E-05 0.0159196 0.512447 9.9973E-05 9.9973E-05
0.574806 9.9973E-05 9.9973E-05 9.9973E-05 0.303814 0.0678339 0.053247
0.261389 0.0547861 0.0175193 0.106871 0.511191 0.0481434 9.9991E-05
9.9964E-05 0.271122 9.9964E-05 0.657762 9.9964E-05 9.9964E-05 0.0707165
0.0414588 0.136026 9.9973E-05 0.766731 9.9973E-05 9.9973E-05 0.0554844
9.9964E-05 0.112255 9.9964E-05 0.845717 9.9964E-05 9.9964E-05 0.0416285
9.9964E-05 0.116732 9.9964E-05 0.827717 9.9964E-05 9.9964E-05 0.0551514
0.0212365 0.151337 9.9982E-05 0.732358 0.0282744 9.9982E-05 0.0665945
0.658427 0.128457 9.9973E-05 0.0616706 0.151146 9.9973E-05 9.9973E-05
0.692412 0.123586 9.9973E-05 0.0396797 0.144022 9.9973E-05 9.9973E-05
0.768963 9.9982E-05 0.0287594 9.9982E-05 0.147507 0.0199308 0.0346393
0.169443 0.018187 0.0173623 0.142266 0.518452 0.108588 0.0257005
0.243599 0.00884711 0.0501563 0.116703 0.498634 0.0516656 0.0303944
0.653254 9.9982E-05 0.0385081 0.0152545 0.208773 9.9982E-05 0.0840104
0.298801 9.9982E-05 0.0762753 0.0273392 0.580493 0.0168916 9.9982E-05
0.442684 9.9991E-05 0.0571221 0.0273406 0.387938 0.028466 0.0563489
0.35238 0.078882 0.0202166 0.029538 0.507276 0.0116074 9.9991E-05
0.273418 0.00680131 0.0599673 0.0658588 0.562184 0.0316703 9.9991E-05
0.663448 0.129015 9.9973E-05 0.00114328 0.206094 9.9973E-05 9.9973E-05
0.606624 0.102646 9.9964E-05 9.9964E-05 0.29033 9.9964E-05 9.9964E-05
0.531432 0.119369 9.9973E-05 0.0250746 0.323824 9.9973E-05 9.9973E-05
9.9973E-05 0.0360142 9.9973E-05 0.0802631 0.63515 9.9973E-05 0.248273
0.528083 0.0720549 9.9973E-05 0.0138029 0.385759 9.9973E-05 9.9973E-05
0.437712 0.106738 0.0219402 0.0338969 0.399512 9.9982E-05 9.9982E-05
9.9991E-05 0.0142326 0.337854 0.0586471 0.495364 0.029098 0.0647045
0.0302433 0.00962031 0.45446 0.124909 0.324924 0.000171936 0.055671
9.9982E-05 9.9982E-05 0.419834 0.104823 0.429837 0.0130898 0.0322161
9.9982E-05 9.9982E-05 0.479643 0.153376 0.323193 0.0292298 0.0143576
9.9991E-05 0.0152053 0.291899 0.132018 0.454584 0.0242196 0.0819744
0.203336 9.9982E-05 9.9982E-05 0.0623417 0.4854 0.0363214 0.212401
9.9973E-05 0.0178799 0.655046 0.238313 9.9973E-05 9.9973E-05 0.0884609
0.00867238 0.0212151 0.48873 0.153215 0.316547 0.00855389 0.00306638
0.0320936 9.9982E-05 0.113211 0.16199 0.404219 9.9982E-05 0.288287
9.9973E-05 0.121326 9.9973E-05 0.0985489 0.565125 9.9973E-05 0.2147
9.9982E-05 0.0681515 9.9982E-05 0.103127 0.500933 0.0322307 0.295358
0.005835 0.058511 9.9982E-05 0.126741 0.588126 9.9982E-05 0.220587
0.00516049 0.0454669 0.00224673 0.105146 0.640936 9.9991E-05 0.200944
9.9964E-05 9.9964E-05 0.429445 0.183031 0.387124 9.9964E-05 9.9964E-05
0.00740067 0.0391056 0.351755 0.159981 0.383722 0.0525089 0.00552616
0.0133295 9.9973E-05 0.497703 0.0930445 0.395623 9.9973E-05 9.9973E-05
0.0160787 0.054813 0.25844 0.118501 0.465339 0.0147466 0.0720815
0.0257275 0.0180843 0.536634 0.122466 0.222828 0.0109664 0.0632935
0.0436687 0.0297194 0.324897 0.126038 0.434199 0.0306998 0.0107779
9.9991E-05 0.0449523 0.562348 0.142844 0.191456 0.00983937 0.0484613
0.0113422 0.0708574 0.296036 0.116692 0.426181 0.0180243 0.0608665
0.0490739 9.9973E-05 9.9973E-05 0.0544335 0.532107 9.9973E-05 0.364085
0.0134315 0.0756826 0.376283 0.121369 0.348063 0.0394765 0.025694
9.9973E-05 9.9973E-05 0.566008 0.220963 0.172624 9.9973E-05 0.040105
0.0382587 0.0782349 0.379151 0.12857 0.353758 0.00794136 0.0140872
0.0542553 0.152185 9.9982E-05 0.141722 0.303898 9.9982E-05 0.347739
9.9973E-05 9.9973E-05 0.00174613 0.0177351 0.655445 9.9973E-05 0.324774
9.9982E-05 0.0304949 0.322357 0.15695 0.400268 9.9982E-05 0.0897303
9.9973E-05 0.104473 9.9973E-05 0.140676 0.545213 9.9973E-05 0.209338
9.9973E-05 0.124129 9.9973E-05 0.109265 0.514301 9.9973E-05 0.252006
0.0236288 0.00946543 0.180179 0.177216 0.392157 0.0557657 0.161588
9.9991E-05 0.00207003 0.263014 0.209015 0.323362 0.0667465 0.135693
0.114686 0.00376512 0.0904576 0.122126 0.543178 0.00478945 0.120997
0.0573521 0.0183127 0.331786 0.104274 0.428549 0.0596261 9.9991E-05
9.9982E-05 0.0101499 0.407511 0.128615 0.434613 0.0189106 9.9982E-05
9.9973E-05 9.9973E-05 0.61128 0.163349 0.137599 9.9973E-05 0.087472
0.0318522 0.0841818 0.0331422 0.128613 0.598812 0.0331525 0.0902468
0.0359352 0.0610436 9.9982E-05 0.111202 0.464124 9.9982E-05 0.327496
0.0127704 9.9973E-05 9.9973E-05 0.0126463 0.19303 9.9973E-05 0.781254
0.0204236 0.0604736 0.0321391 0.133502 0.611634 9.9991E-05 0.141727
0.000718168 0.202803 0.00221915 0.0810408 0.452296 0.0550993 0.205824
0.0162251 0.0298707 0.144044 0.183421 0.483522 0.0285424 0.114376
0.00861606 0.0826264 0.0551111 0.133752 0.528602 0.0335254 0.157767
9.9964E-05 9.9964E-05 0.124951 0.283094 9.9964E-05 9.9964E-05 0.591556
9.9964E-05 9.9964E-05 0.0562728 0.217721 9.9964E-05 9.9964E-05 0.725606
0.00360525 9.9991E-05 0.0625684 0.151755 0.348195 0.0286974 0.405079
9.9973E-05 9.9973E-05 0.171248 0.264583 0.0504861 9.9973E-05 0.513384
9.9964E-05 9.9964E-05 0.184018 0.387755 9.9964E-05 9.9964E-05 0.427827
9.9982E-05 9.9982E-05 0.0493325 0.176974 0.395759 0.0257294 0.352005
0.0134702 9.9991E-05 0.121067 0.218064 0.40105 0.0311849 0.215064
9.9973E-05 9.9973E-05 0.146558 0.213682 0.160442 9.9973E-05 0.479018
9.9973E-05 9.9973E-05 0.114832 0.185406 0.0903976 9.9973E-05 0.609064
9.9982E-05 0.014342 0.115589 0.143545 0.504564 9.9982E-05 0.22176
9.9973E-05 9.9973E-05 0.0921955 0.20098 0.199719 9.9973E-05 0.506806
9.9964E-05 9.9964E-05 0.0523253 0.266297 9.9964E-05 9.9964E-05 0.680978
0.0524561 0.0159721 0.120601 0.140104 0.517121 0.0781619 0.075584
9.9982E-05 9.9982E-05 0.147146 0.177675 0.335738 0.0196047 0.319637
0.0174061 0.0335566 0.187722 0.296849 0.401478 9.9991E-05 0.0628885
9.9973E-05 9.9973E-05 0.216942 0.210059 0.56595 9.9973E-05 0.00674778
9.9982E-05 9.9982E-05 0.177712 0.185598 0.524475 0.0233185 0.088696
9.9982E-05 0.0180453 0.234153 0.159331 0.481158 9.9982E-05 0.107112
0.0244539 0.0651856 0.197871 0.333273 0.307751 9.9991E-05 0.0713658
9.9991E-05 0.0158946 0.172428 0.20203 0.530131 0.0180734 0.0613421
0.0481227 9.9991E-05 0.180457 0.278994 0.464265 0.00695491 0.0211063
9.9982E-05 9.9982E-05 0.230023 0.254536 0.30134 0.0350158 0.178885
0.239216 0.0812437 0.10711 0.200246 0.318365 0.000339714 0.0534795
0.0728418 0.037316 0.119311 0.172212 0.470485 9.9991E-05 0.127735
9.9991E-05 0.0682049 0.144551 0.187355 0.524244 0.0694359 0.00610867
0.093436 0.0576126 0.110414 0.141844 0.541279 0.0248571 0.0305572
9.9982E-05 0.00417845 0.205307 0.268913 0.432535 9.9982E-05 0.0888661
0.00702821 9.9991E-05 0.148618 0.237437 0.520594 0.0538497 0.0323725
9.9973E-05 9.9973E-05 0.303035 0.317668 0.042936 9.9973E-05 0.336062
9.9991E-05 0.0587778 0.138984 0.179478 0.490017 0.0443747 0.0882679
0.0197321 9.9991E-05 0.300732 0.261467 0.173574 0.0357854 0.20861
9.9973E-05 0.182086 0.00674425 0.805755 9.9973E-05 0.00511571 9.9973E-05
9.9982E-05 0.755317 0.0174838 0.071238 0.128755 0.0270072 9.9982E-05
9.995E-05 0.9994 9.995E-05 9.995E-05 9.995E-05 9.995E-05 9.995E-05
9.995E-05 0.9994 9.995E-05 9.995E-05 9.995E-05 9.995E-05 9.995E-05
9.9955E-05 0.951096 9.9955E-05 9.9955E-05 0.0484046 9.9955E-05 9.9955E-05
9.995E-05 0.9994 9.995E-05 9.995E-05 9.995E-05 9.995E-05 9.995E-05
9.9964E-05 0.954761 0.00735531 9.9964E-05 0.0374834 9.9964E-05 9.9964E-05
9.995E-05 0.9994 9.995E-05 9.995E-05 9.995E-05 9.995E-05 9.995E-05
9.9955E-05 0.852863 9.9955E-05 0.146638 9.9955E-05 9.9955E-05 9.9955E-05
0.0409059 0.0301406 9.9982E-05 0.885548 0.0236974 9.9982E-05 0.0195081
9.9973E-05 0.13075 9.9973E-05 0.794435 0.0560589 0.0184558 9.9973E-05
0.0350684 0.0118701 9.9991E-05 0.904653 0.0253444 0.010243 0.0127209
9.9982E-05 0.0644529 9.9982E-05 0.855025 0.0313445 0.0261378 0.0228402
0.00586506 0.0680212 0.00433741 0.897653 0.0239234 9.9982E-05 9.9982E-05
0.0122725 0.0211202 9.9973E-05 0.913602 0.0527049 9.9973E-05 9.9973E-05
9.9991E-05 0.0101817 0.103611 0.731843 0.0899127 0.0207323 0.0436196
9.9964E-05 9.9964E-05 9.9964E-05 0.910651 0.0801629 0.00878641 9.9964E-05
9.9991E-05 0.0510908 0.0647537 0.719693 0.121176 0.0168458 0.0263411
9.9973E-05 9.9973E-05 0.047689 0.906868 0.0423909 0.00275184 9.9973E-05
9.9955E-05 9.9955E-05 9.9955E-05 0.96956 9.9955E-05 0.0299399 9.9955E-05
0.0281847 9.9973E-05 0.0225941 0.90489 0.0440317 9.9973E-05 9.9973E-05
0.019318 0.00432223 9.9973E-05 0.96906 9.9973E-05 0.00700035 9.9973E-05
9.9982E-05 9.9982E-05 0.00642951 0.939489 0.0453351 0.0044358 0.00411023
9.9964E-05 9.9964E-05 9.9964E-05 0.892638 0.090754 9.9964E-05 0.0162077
9.9964E-05 9.9964E-05 0.00435909 0.928802 0.0664395 9.9964E-05 9.9964E-05
9.9964E-05 9.9964E-05 0.0572619 0.865192 0.0771465 9.9964E-05 9.9964E-05
9.9964E-05 9.9964E-05 0.0284922 0.846217 0.124891 9.9964E-05 9.9964E-05
9.9964E-05 9.9964E-05 0.0844174 0.813464 0.101718 9.9964E-05 9.9964E-05
0.022192 0.118421 9.9982E-05 0.092429 0.437384 9.9982E-05 0.329374
9.9973E-05 0.0479767 9.9973E-05 0.0568658 0.662853 9.9973E-05 0.232004
0.0760424 0.038518 0.0277566 0.147925 0.616343 9.9991E-05 0.0933152
0.0870411 9.9973E-05 9.9973E-05 0.00296279 0.142612 9.9973E-05 0.767085
9.9973E-05 0.122569 9.9973E-05 0.0526233 0.501122 9.9973E-05 0.323386
9.9964E-05 9.9964E-05 9.9964E-05 0.00394256 0.133283 9.9964E-05 0.862374
9.9982E-05 9.9982E-05 0.00604229 0.0685593 0.664472 0.0221197 0.238607
0.117999 0.0904581 9.9982E-05 0.132974 0.409562 9.9982E-05 0.248807
9.9973E-05 0.031135 9.9973E-05 0.107995 0.5125 9.9973E-05 0.34807
0.427738 0.00980444 9.9973E-05 0.0792242 0.482933 9.9973E-05 9.9973E-05
0.0262149 0.0757088 9.9982E-05 0.0752402 0.491864 9.9982E-05 0.330772
0.0151937 0.00553381 9.9982E-05 0.0671793 0.698572 9.9982E-05 0.213322
0.016349 0.0884193 9.9982E-05 0.0903462 0.550409 9.9982E-05 0.254276
0.127999 0.451949 0.08394 9.9982E-05 9.9982E-05 0.19383 0.142082
0.0134245 0.063485 9.9982E-05 9.9982E-05 0.0401799 0.0221209 0.86059
0.0041897 0.0131805 9.9982E-05 0.010312 0.195353 9.9982E-05 0.776765
0.00931881 0.0661874 9.9982E-05 0.093135 0.617021 9.9982E-05 0.214138
0.012212 0.0422561 9.9982E-05 0.0378474 0.509339 9.9982E-05 0.398146
0.0306694 9.9982E-05 9.9982E-05 0.0438211 0.599085 0.0240844 0.30214
